
##########################
# Experiment information #
##########################

EXPERIMENT_NAME: antsRegistration-r8-p9
VFC_BACKENDS: libinterflop_vprec.so --range-binary32=8 --precision-binary32=9 --range-binary64=8 --precision-binary64=9

SIF_IMG: /home/mdugre/projects/rrg-glatard/mdugre/containers/ants-vprec-no_metrics.simg

SUBJECT_ID: s035
INPUT_IMG: /home/mdugre/scratch/mri-registration-rp/datasets/ds004513/derivatives/mri-registration-rp/antsBrainExtraction/sub-s035/BrainExtractionBrain.nii.gz
OUTPUT_DIR: /home/mdugre/scratch/mri-registration-rp/datasets/ds004513/derivatives/mri-registration-rp/0001/antsRegistration-r8-p9/sub-s035

FIXED_IMG: /templateflow/tpl-MNI152NLin2009cAsym/tpl-MNI152NLin2009cAsym_res-01_desc-brain_T1w.nii.gz
DATA_DIR: /home/mdugre/scratch/mri-registration-rp/datasets/ds004513
TEMPLATEFLOW_DIR: /home/mdugre/projects/rrg-glatard/mdugre/templateflow
ITK_GLOBAL_DEFAULT_NUMBER_OF_THREADS: 16
##########################

Info [verificarlo]: loaded backend libinterflop_ieee.so
Info [interflop-ieee]: load backend with:
Info [interflop-ieee]: debug = false
Info [interflop-ieee]: debug-binary = false
Info [interflop-ieee]: no-backend-name = false
Info [interflop-ieee]: print-new-line = false
Info [interflop-ieee]: print-subnormal-normalized = false
Info [interflop-ieee]: count-op = false
All_Command_lines_OK
Using double precision for computations.
=============================================================================
The composite transform comprises the following transforms (in order): 
  1. Center of mass alignment using fixed image: /templateflow/tpl-MNI152NLin2009cAsym/tpl-MNI152NLin2009cAsym_res-01_desc-brain_T1w.nii.gz and moving image: /home/mdugre/scratch/mri-registration-rp/datasets/ds004513/derivatives/mri-registration-rp/antsBrainExtraction/sub-s035/BrainExtractionBrain.nii.gz (type = Euler3DTransform)
=============================================================================
  number of levels = 1
  fixed image: /templateflow/tpl-MNI152NLin2009cAsym/tpl-MNI152NLin2009cAsym_res-01_desc-brain_T1w.nii.gz
  moving image: /home/mdugre/scratch/mri-registration-rp/datasets/ds004513/derivatives/mri-registration-rp/antsBrainExtraction/sub-s035/BrainExtractionBrain.nii.gz
Dimension = 3
Number of stages = 1
Use histogram matching = false
Winsorize image intensities = true
  Lower quantile = 0.005
  Upper quantile = 0.995


Stage 1 State
   Image metric = MattesMI
     Fixed image = Image (0x3e28bd0)
  RTTI typeinfo:   itk::Image<double, 3u>
  Reference Count: 2
  Modified Time: 2330
  Debug: Off
  Object Name: 
  Observers: 
    none
  Source: (none)
  Source output name: (none)
  Release Data: Off
  Data Released: False
  Global Release Data: Off
  PipelineMTime: 0
  UpdateMTime: 1941
  RealTimeStamp: 0 seconds 
  LargestPossibleRegion: 
    Dimension: 3
    Index: [0, 0, 0]
    Size: [193, 229, 193]
  BufferedRegion: 
    Dimension: 3
    Index: [0, 0, 0]
    Size: [193, 229, 193]
  RequestedRegion: 
    Dimension: 3
    Index: [0, 0, 0]
    Size: [193, 229, 193]
  Spacing: [1, 1, 1]
  Origin: [96, 132, -78]
  Direction: 
-1 0 0
0 -1 0
0 0 1

  IndexToPointMatrix: 
-1 0 0
0 -1 0
0 0 1

  PointToIndexMatrix: 
-1 0 0
0 -1 0
0 0 1

  Inverse Direction: 
-1 0 0
0 -1 0
0 0 1

  PixelContainer: 
    ImportImageContainer (0x3e319e0)
      RTTI typeinfo:   itk::ImportImageContainer<unsigned long, double>
      Reference Count: 1
      Modified Time: 1938
      Debug: Off
      Object Name: 
      Observers: 
        none
      Pointer: 0x14869fd9a010
      Container manages memory: true
      Size: 8530021
      Capacity: 8530021

     Moving image = Image (0x3e32d40)
  RTTI typeinfo:   itk::Image<double, 3u>
  Reference Count: 2
  Modified Time: 2331
  Debug: Off
  Object Name: 
  Observers: 
    none
  Source: (none)
  Source output name: (none)
  Release Data: Off
  Data Released: False
  Global Release Data: Off
  PipelineMTime: 0
  UpdateMTime: 2328
  RealTimeStamp: 0 seconds 
  LargestPossibleRegion: 
    Dimension: 3
    Index: [0, 0, 0]
    Size: [160, 240, 256]
  BufferedRegion: 
    Dimension: 3
    Index: [0, 0, 0]
    Size: [160, 240, 256]
  RequestedRegion: 
    Dimension: 3
    Index: [0, 0, 0]
    Size: [160, 240, 256]
  Spacing: [1, 1, 1]
  Origin: [98.6438, 87.6358, -117.989]
  Direction: 
-0.993515 -0.100993 -0.0522355
0.100854 -0.994887 0.00530255
-0.0525039 1.93537e-08 0.998621

  IndexToPointMatrix: 
-0.993515 -0.100993 -0.0522355
0.100854 -0.994887 0.00530255
-0.0525039 1.93537e-08 0.998621

  PointToIndexMatrix: 
-0.993515 0.100854 -0.0525039
-0.100993 -0.994887 1.93006e-08
-0.0522355 0.00530255 0.998621

  Inverse Direction: 
-0.993515 0.100854 -0.0525039
-0.100993 -0.994887 1.93006e-08
-0.0522355 0.00530255 0.998621

  PixelContainer: 
    ImportImageContainer (0x3e58850)
      RTTI typeinfo:   itk::ImportImageContainer<unsigned long, double>
      Reference Count: 1
      Modified Time: 2325
      Debug: Off
      Object Name: 
      Observers: 
        none
      Pointer: 0x14869b299010
      Container manages memory: true
      Size: 9830400
      Capacity: 9830400

     Weighting = 1
     Sampling strategy = regular
     Number of bins = 32
     Radius = 4
     Sampling percentage  = 0.25
   Transform = Rigid
     Gradient step = 0.1
     Update field sigma (voxel space) = 0
     Total field sigma (voxel space) = 0
     Update field time sigma = 0
     Total field time sigma  = 0
     Number of time indices = 0
     Number of time point samples = 0
Registration using 1 total stages.

Stage 0
  iterations = 0
  convergence threshold = 1e-06
  convergence window size = 10
  number of levels = 1
  using the Mattes MI metric (number of bins = 32, weight = 1, use gradient filter = 0)
  preprocessing:  winsorizing the image intensities
  Shrink factors (level 1 out of 1): [1, 1, 1]
  smoothing sigmas per level: [0]
  regular sampling (percentage = 0.25)

*** Running Euler3DTransform registration ***

  Elapsed time (stage 0): 1.14915


Total elapsed time: 1.15217
Info [verificarlo]: loaded backend libinterflop_ieee.so
Info [interflop-ieee]: load backend with:
Info [interflop-ieee]: debug = false
Info [interflop-ieee]: debug-binary = false
Info [interflop-ieee]: no-backend-name = false
Info [interflop-ieee]: print-new-line = false
Info [interflop-ieee]: print-subnormal-normalized = false
Info [interflop-ieee]: count-op = false
All_Command_lines_OK
Using double precision for computations.
=============================================================================
The composite transform comprises the following transforms (in order): 
  1. /home/mdugre/scratch/mri-registration-rp/datasets/ds004513/derivatives/mri-registration-rp/0001/antsRegistration-r8-p9/sub-s035/align_Composite.h5[0] (type = Euler3DTransform)
  2. /home/mdugre/scratch/mri-registration-rp/datasets/ds004513/derivatives/mri-registration-rp/0001/antsRegistration-r8-p9/sub-s035/align_Composite.h5[1] (type = Euler3DTransform)
=============================================================================
  number of levels = 4
  fixed image: /templateflow/tpl-MNI152NLin2009cAsym/tpl-MNI152NLin2009cAsym_res-01_desc-brain_T1w.nii.gz
  moving image: /home/mdugre/scratch/mri-registration-rp/datasets/ds004513/derivatives/mri-registration-rp/antsBrainExtraction/sub-s035/BrainExtractionBrain.nii.gz
Dimension = 3
Number of stages = 1
Use histogram matching = false
Winsorize image intensities = true
  Lower quantile = 0.005
  Upper quantile = 0.995


Stage 1 State
   Image metric = MattesMI
     Fixed image = Image (0x3b32530)
  RTTI typeinfo:   itk::Image<double, 3u>
  Reference Count: 2
  Modified Time: 1578
  Debug: Off
  Object Name: 
  Observers: 
    none
  Source: (none)
  Source output name: (none)
  Release Data: Off
  Data Released: False
  Global Release Data: Off
  PipelineMTime: 0
  UpdateMTime: 1189
  RealTimeStamp: 0 seconds 
  LargestPossibleRegion: 
    Dimension: 3
    Index: [0, 0, 0]
    Size: [193, 229, 193]
  BufferedRegion: 
    Dimension: 3
    Index: [0, 0, 0]
    Size: [193, 229, 193]
  RequestedRegion: 
    Dimension: 3
    Index: [0, 0, 0]
    Size: [193, 229, 193]
  Spacing: [1, 1, 1]
  Origin: [96, 132, -78]
  Direction: 
-1 0 0
0 -1 0
0 0 1

  IndexToPointMatrix: 
-1 0 0
0 -1 0
0 0 1

  PointToIndexMatrix: 
-1 0 0
0 -1 0
0 0 1

  Inverse Direction: 
-1 0 0
0 -1 0
0 0 1

  PixelContainer: 
    ImportImageContainer (0x3bf0d60)
      RTTI typeinfo:   itk::ImportImageContainer<unsigned long, double>
      Reference Count: 1
      Modified Time: 1186
      Debug: Off
      Object Name: 
      Observers: 
        none
      Pointer: 0x14f0976b1010
      Container manages memory: true
      Size: 8530021
      Capacity: 8530021

     Moving image = Image (0x3be2f60)
  RTTI typeinfo:   itk::Image<double, 3u>
  Reference Count: 2
  Modified Time: 1579
  Debug: Off
  Object Name: 
  Observers: 
    none
  Source: (none)
  Source output name: (none)
  Release Data: Off
  Data Released: False
  Global Release Data: Off
  PipelineMTime: 0
  UpdateMTime: 1576
  RealTimeStamp: 0 seconds 
  LargestPossibleRegion: 
    Dimension: 3
    Index: [0, 0, 0]
    Size: [160, 240, 256]
  BufferedRegion: 
    Dimension: 3
    Index: [0, 0, 0]
    Size: [160, 240, 256]
  RequestedRegion: 
    Dimension: 3
    Index: [0, 0, 0]
    Size: [160, 240, 256]
  Spacing: [1, 1, 1]
  Origin: [98.6438, 87.6358, -117.989]
  Direction: 
-0.993515 -0.100993 -0.0522355
0.100854 -0.994887 0.00530255
-0.0525039 1.93537e-08 0.998621

  IndexToPointMatrix: 
-0.993515 -0.100993 -0.0522355
0.100854 -0.994887 0.00530255
-0.0525039 1.93537e-08 0.998621

  PointToIndexMatrix: 
-0.993515 0.100854 -0.0525039
-0.100993 -0.994887 1.93006e-08
-0.0522355 0.00530255 0.998621

  Inverse Direction: 
-0.993515 0.100854 -0.0525039
-0.100993 -0.994887 1.93006e-08
-0.0522355 0.00530255 0.998621

  PixelContainer: 
    ImportImageContainer (0x3bd46d0)
      RTTI typeinfo:   itk::ImportImageContainer<unsigned long, double>
      Reference Count: 1
      Modified Time: 1573
      Debug: Off
      Object Name: 
      Observers: 
        none
      Pointer: 0x14f092bb0010
      Container manages memory: true
      Size: 9830400
      Capacity: 9830400

     Weighting = 1
     Sampling strategy = regular
     Number of bins = 32
     Radius = 4
     Sampling percentage  = 0.25
   Transform = Rigid
     Gradient step = 0.1
     Update field sigma (voxel space) = 0
     Total field sigma (voxel space) = 0
     Update field time sigma = 0
     Total field time sigma  = 0
     Number of time indices = 0
     Number of time point samples = 0
Registration using 1 total stages.

Stage 0
  iterations = 1000x500x250x100
  convergence threshold = 1e-06
  convergence window size = 10
  number of levels = 4
  using the Mattes MI metric (number of bins = 32, weight = 1, use gradient filter = 0)
  preprocessing:  winsorizing the image intensities
  Shrink factors (level 1 out of 4): [8, 8, 8]
  Shrink factors (level 2 out of 4): [4, 4, 4]
  Shrink factors (level 3 out of 4): [2, 2, 2]
  Shrink factors (level 4 out of 4): [1, 1, 1]
  smoothing sigmas per level: [3, 2, 1, 0]
  regular sampling (percentage = 0.25)

*** Running Euler3DTransform registration ***

DIAGNOSTIC,Iteration,metricValue,convergenceValue,ITERATION_TIME_INDEX,SINCE_LAST
 2DIAGNOSTIC,     1, -5.238630234552e-01, 1.797693134862e+308, 7.0288e-01, 7.0288e-01, 
 2DIAGNOSTIC,     2, -5.257885820767e-01, 1.797693134862e+308, 7.0796e-01, 5.0721e-03, 
 2DIAGNOSTIC,     3, -5.278597554839e-01, 1.797693134862e+308, 7.1334e-01, 5.3821e-03, 
 2DIAGNOSTIC,     4, -5.302176117225e-01, 1.797693134862e+308, 7.1815e-01, 4.8101e-03, 
 2DIAGNOSTIC,     5, -5.343462816845e-01, 1.797693134862e+308, 7.2340e-01, 5.2490e-03, 
 2DIAGNOSTIC,     6, -5.399239396740e-01, 1.797693134862e+308, 7.2880e-01, 5.3971e-03, 
 2DIAGNOSTIC,     7, -5.490554822001e-01, 1.797693134862e+308, 7.3446e-01, 5.6620e-03, 
 2DIAGNOSTIC,     8, -5.545204224448e-01, 1.797693134862e+308, 7.4185e-01, 7.3900e-03, 
 2DIAGNOSTIC,     9, -5.601437715553e-01, 1.797693134862e+308, 7.4768e-01, 5.8360e-03, 
 2DIAGNOSTIC,    10, -5.617741193774e-01, 5.067640484485e-03, 7.5384e-01, 6.1610e-03, 
 2DIAGNOSTIC,    11, -5.649562249041e-01, 4.796539612083e-03, 7.6110e-01, 7.2539e-03, 
 2DIAGNOSTIC,    12, -5.658710903081e-01, 4.260783098155e-03, 7.6707e-01, 5.9731e-03, 
 2DIAGNOSTIC,    13, -5.662828333056e-01, 3.524744036645e-03, 7.7233e-01, 5.2609e-03, 
 2DIAGNOSTIC,    14, -5.685908474577e-01, 2.751340472953e-03, 7.7903e-01, 6.6969e-03, 
 2DIAGNOSTIC,    15, -5.732745043306e-01, 2.134644679428e-03, 7.8725e-01, 8.2200e-03, 
 2DIAGNOSTIC,    16, -5.738084427845e-01, 1.591333148336e-03, 7.9421e-01, 6.9599e-03, 
 2DIAGNOSTIC,    17, -5.739093703465e-01, 1.247363567740e-03, 7.9960e-01, 5.3880e-03, 
 2DIAGNOSTIC,    18, -5.745773598458e-01, 1.002163966316e-03, 8.0520e-01, 5.6031e-03, 
 2DIAGNOSTIC,    19, -5.752045522723e-01, 8.579763081923e-04, 8.1049e-01, 5.2881e-03, 
 2DIAGNOSTIC,    20, -5.755578777727e-01, 6.955845773874e-04, 8.1578e-01, 5.2938e-03, 
 2DIAGNOSTIC,    21, -5.761681227725e-01, 5.767135182705e-04, 8.2108e-01, 5.2960e-03, 
 2DIAGNOSTIC,    22, -5.775610178281e-01, 4.707067062540e-04, 8.2646e-01, 5.3790e-03, 
 2DIAGNOSTIC,    23, -5.801876522133e-01, 3.965856196812e-04, 8.3213e-01, 5.6751e-03, 
 2DIAGNOSTIC,    24, -5.873578871759e-01, 4.881452203880e-04, 8.3987e-01, 7.7381e-03, 
 2DIAGNOSTIC,    25, -5.924052233474e-01, 7.199711434978e-04, 8.4733e-01, 7.4592e-03, 
 2DIAGNOSTIC,    26, -5.933789722519e-01, 8.944842700016e-04, 8.5394e-01, 6.6149e-03, 
 2DIAGNOSTIC,    27, -5.948140362547e-01, 1.002036484417e-03, 8.6015e-01, 6.2029e-03, 
 2DIAGNOSTIC,    28, -5.954370004532e-01, 1.029952320854e-03, 8.6593e-01, 5.7800e-03, 
 2DIAGNOSTIC,    29, -5.955619965612e-01, 9.699000562870e-04, 8.7129e-01, 5.3668e-03, 
 2DIAGNOSTIC,    30, -5.960977142429e-01, 8.366692959895e-04, 8.7686e-01, 5.5690e-03, 
 2DIAGNOSTIC,    31, -5.971105016151e-01, 6.606986235508e-04, 8.8300e-01, 6.1409e-03, 
 2DIAGNOSTIC,    32, -5.989728413265e-01, 4.853112632017e-04, 8.9135e-01, 8.3449e-03, 
 2DIAGNOSTIC,    33, -5.996340171179e-01, 3.222359247194e-04, 8.9796e-01, 6.6140e-03, 
 2DIAGNOSTIC,    34, -5.997688324836e-01, 2.443793014371e-04, 9.0339e-01, 5.4250e-03, 
 2DIAGNOSTIC,    35, -5.999328162800e-01, 2.224308788724e-04, 9.1004e-01, 6.6562e-03, 
 2DIAGNOSTIC,    36, -6.001598298571e-01, 1.965988107950e-04, 9.1564e-01, 5.5950e-03, 
 2DIAGNOSTIC,    37, -6.004938013004e-01, 1.767006119026e-04, 9.2201e-01, 6.3741e-03, 
 2DIAGNOSTIC,    38, -6.008280010173e-01, 1.536048162360e-04, 9.2761e-01, 5.5950e-03, 
 2DIAGNOSTIC,    39, -6.038559363619e-01, 1.574331424324e-04, 9.3400e-01, 6.3949e-03, 
 2DIAGNOSTIC,    40, -6.077047303849e-01, 1.993081252068e-04, 9.4027e-01, 6.2721e-03, 
 2DIAGNOSTIC,    41, -6.174632712028e-01, 3.481387248982e-04, 9.4791e-01, 7.6339e-03, 
 2DIAGNOSTIC,    42, -6.161977820757e-01, 4.608906609148e-04, 9.5923e-01, 1.1323e-02, 
 2DIAGNOSTIC,    43, -6.161564476781e-01, 5.335369891557e-04, 9.6491e-01, 5.6739e-03, 
 2DIAGNOSTIC,    44, -6.170772178162e-01, 5.644819221096e-04, 9.7068e-01, 5.7709e-03, 
 2DIAGNOSTIC,    45, -6.185357240222e-01, 5.560473954419e-04, 9.7687e-01, 6.1889e-03, 
 2DIAGNOSTIC,    46, -6.206472581957e-01, 5.180557162041e-04, 9.8317e-01, 6.3031e-03, 
 2DIAGNOSTIC,    47, -6.234100414463e-01, 4.649603754424e-04, 9.9078e-01, 7.6079e-03, 
 2DIAGNOSTIC,    48, -6.282459763970e-01, 4.232183875034e-04, 9.9692e-01, 6.1481e-03, 
 2DIAGNOSTIC,    49, -6.332856949931e-01, 4.219354648035e-04, 1.0038e+00, 6.8469e-03, 
 2DIAGNOSTIC,    50, -6.437673348073e-01, 5.158702379173e-04, 1.0096e+00, 5.8398e-03, 
 2DIAGNOSTIC,    51, -6.567709929494e-01, 7.709773476812e-04, 1.0156e+00, 6.0380e-03, 
 2DIAGNOSTIC,    52, -6.630139271993e-01, 9.856116720276e-04, 1.0223e+00, 6.6011e-03, 
 2DIAGNOSTIC,    53, -6.637658021109e-01, 1.103854940682e-03, 1.0280e+00, 5.7590e-03, 
 2DIAGNOSTIC,    54, -6.646848082317e-01, 1.129224623004e-03, 1.0335e+00, 5.4772e-03, 
 2DIAGNOSTIC,    55, -6.699954880731e-01, 1.103370331658e-03, 1.0442e+00, 1.0677e-02, 
 2DIAGNOSTIC,    56, -6.720090012955e-01, 1.005089934091e-03, 1.0526e+00, 8.4710e-03, 
 2DIAGNOSTIC,    57, -6.720481734562e-01, 8.375239343205e-04, 1.0584e+00, 5.7650e-03, 
 2DIAGNOSTIC,    58, -6.725919577827e-01, 6.425665334895e-04, 1.0641e+00, 5.6529e-03, 
 2DIAGNOSTIC,    59, -6.729036390086e-01, 4.360794925924e-04, 1.0695e+00, 5.3999e-03, 
 2DIAGNOSTIC,    60, -6.731488734951e-01, 2.773042843543e-04, 1.0758e+00, 6.3021e-03, 
 2DIAGNOSTIC,    61, -6.734259076758e-01, 1.993309738063e-04, 1.0818e+00, 6.0499e-03, 
 2DIAGNOSTIC,    62, -6.739132122162e-01, 1.568960128183e-04, 1.0880e+00, 6.1519e-03, 
 2DIAGNOSTIC,    63, -6.762843271916e-01, 1.247263289133e-04, 1.0966e+00, 8.6780e-03, 
 2DIAGNOSTIC,    64, -6.766381650872e-01, 8.969362820437e-05, 1.1029e+00, 6.2709e-03, 
 2DIAGNOSTIC,    65, -6.771215261169e-01, 8.898289137318e-05, 1.1093e+00, 6.4301e-03, 
 2DIAGNOSTIC,    66, -6.778537254067e-01, 9.953424263354e-05, 1.1162e+00, 6.8412e-03, 
 2DIAGNOSTIC,    67, -6.792268063460e-01, 1.098307098193e-04, 1.1241e+00, 7.8900e-03, 
 2DIAGNOSTIC,    68, -6.807681093103e-01, 1.231390870503e-04, 1.1294e+00, 5.3070e-03, 
 2DIAGNOSTIC,    69, -6.815199850464e-01, 1.312166521991e-04, 1.1348e+00, 5.4090e-03, 
 2DIAGNOSTIC,    70, -6.818105029901e-01, 1.303113880941e-04, 1.1421e+00, 7.2920e-03, 
 2DIAGNOSTIC,    71, -6.820510477720e-01, 1.205027812226e-04, 1.1475e+00, 5.4269e-03, 
 2DIAGNOSTIC,    72, -6.822317171760e-01, 1.032406156075e-04, 1.1530e+00, 5.4770e-03, 
 2DIAGNOSTIC,    73, -6.825798818356e-01, 9.372229087780e-05, 1.1601e+00, 7.1669e-03, 
 2DIAGNOSTIC,    74, -6.826263882691e-01, 7.797280310528e-05, 1.1653e+00, 5.1570e-03, 
 2DIAGNOSTIC,    75, -6.826914500911e-01, 5.871087791454e-05, 1.1707e+00, 5.4221e-03, 
 2DIAGNOSTIC,    76, -6.828123217090e-01, 3.951630212396e-05, 1.1762e+00, 5.4288e-03, 
 2DIAGNOSTIC,    77, -6.832344914024e-01, 2.762759770644e-05, 1.1813e+00, 5.1541e-03, 
 2DIAGNOSTIC,    78, -6.838171882398e-01, 2.580746357363e-05, 1.1891e+00, 7.7600e-03, 
 2DIAGNOSTIC,    79, -6.837376466776e-01, 2.541996167445e-05, 1.1942e+00, 5.1160e-03, 
 2DIAGNOSTIC,    80, -6.837941071674e-01, 2.471285494412e-05, 1.1988e+00, 4.6639e-03, 
 2DIAGNOSTIC,    81, -6.839726571252e-01, 2.407040636368e-05, 1.2035e+00, 4.6539e-03, 
 2DIAGNOSTIC,    82, -6.841107844694e-01, 2.281068211043e-05, 1.2083e+00, 4.8041e-03, 
 2DIAGNOSTIC,    83, -6.851046733897e-01, 2.675795446059e-05, 1.2152e+00, 6.9020e-03, 
 2DIAGNOSTIC,    84, -6.858177704274e-01, 3.208816975670e-05, 1.2216e+00, 6.3560e-03, 
 2DIAGNOSTIC,    85, -6.861556367410e-01, 3.640378919431e-05, 1.2294e+00, 7.8361e-03, 
 2DIAGNOSTIC,    86, -6.861559273019e-01, 3.780180801511e-05, 1.2341e+00, 4.7131e-03, 
 2DIAGNOSTIC,    87, -6.861669456658e-01, 3.777776226647e-05, 1.2390e+00, 4.9081e-03, 
 2DIAGNOSTIC,    88, -6.861800005413e-01, 3.717513964643e-05, 1.2437e+00, 4.6940e-03, 
 2DIAGNOSTIC,    89, -6.861876795973e-01, 3.259366175500e-05, 1.2494e+00, 5.6691e-03, 
 2DIAGNOSTIC,    90, -6.861914868220e-01, 2.533851755518e-05, 1.2540e+00, 4.6248e-03, 
 2DIAGNOSTIC,    91, -6.861984685183e-01, 1.686252015230e-05, 1.2587e+00, 4.6511e-03, 
 2DIAGNOSTIC,    92, -6.862113590813e-01, 7.665863501472e-06, 1.2632e+00, 4.5402e-03, 
 2DIAGNOSTIC,    93, -6.862267318148e-01, 2.805541475357e-06, 1.2684e+00, 5.1942e-03, 
 2DIAGNOSTIC,    94, -6.862421244758e-01, 1.276252367130e-06, 1.2745e+00, 6.1460e-03, 
 2DIAGNOSTIC,    95, -6.863402299687e-01, 1.766196633089e-06, 1.2816e+00, 7.0779e-03, 
 2DIAGNOSTIC,    96, -6.863401751788e-01, 2.098485977053e-06, 1.2868e+00, 5.1551e-03, 
 2DIAGNOSTIC,    97, -6.863403110994e-01, 2.311290573234e-06, 1.2918e+00, 5.0752e-03, 
 2DIAGNOSTIC,    98, -6.863407644824e-01, 2.397709730959e-06, 1.2966e+00, 4.7390e-03, 
 2DIAGNOSTIC,    99, -6.863418619645e-01, 2.321929671737e-06, 1.3016e+00, 5.0299e-03, 
 2DIAGNOSTIC,   100, -6.863433667897e-01, 2.073888472592e-06, 1.3176e+00, 1.5970e-02, 
 2DIAGNOSTIC,   101, -6.863433666435e-01, 1.693475929253e-06, 1.3336e+00, 1.6036e-02, 
 2DIAGNOSTIC,   102, -6.863433666435e-01, 1.253035268364e-06, 1.3411e+00, 7.4539e-03, 
DIAGNOSTIC,Iteration,metricValue,convergenceValue,ITERATION_TIME_INDEX,SINCE_LAST
 2DIAGNOSTIC,     1, -5.583131411417e-01, 1.797693134862e+308, 2.0657e+00, 7.2464e-01, 
 2DIAGNOSTIC,     2, -5.587686575929e-01, 1.797693134862e+308, 2.1037e+00, 3.7985e-02, 
 2DIAGNOSTIC,     3, -5.591012195670e-01, 1.797693134862e+308, 2.1365e+00, 3.2792e-02, 
 2DIAGNOSTIC,     4, -5.599292632995e-01, 1.797693134862e+308, 2.1676e+00, 3.1075e-02, 
 2DIAGNOSTIC,     5, -5.608878994211e-01, 1.797693134862e+308, 2.2007e+00, 3.3161e-02, 
 2DIAGNOSTIC,     6, -5.613232274626e-01, 1.797693134862e+308, 2.2311e+00, 3.0401e-02, 
 2DIAGNOSTIC,     7, -5.624622628772e-01, 1.797693134862e+308, 2.2650e+00, 3.3858e-02, 
 2DIAGNOSTIC,     8, -5.631239632236e-01, 1.797693134862e+308, 2.3024e+00, 3.7367e-02, 
 2DIAGNOSTIC,     9, -5.632657905242e-01, 1.797693134862e+308, 2.3401e+00, 3.7769e-02, 
 2DIAGNOSTIC,    10, -5.639232817677e-01, 6.929398090616e-04, 2.3762e+00, 3.6041e-02, 
 2DIAGNOSTIC,    11, -5.654837910203e-01, 6.702065274335e-04, 2.4169e+00, 4.0759e-02, 
 2DIAGNOSTIC,    12, -5.660098884947e-01, 6.310629754457e-04, 2.4507e+00, 3.3788e-02, 
 2DIAGNOSTIC,    13, -5.661393623635e-01, 5.589762592796e-04, 2.5537e+00, 1.0303e-01, 
 2DIAGNOSTIC,    14, -5.661393614064e-01, 4.772322021015e-04, 2.5843e+00, 3.0584e-02, 
 2DIAGNOSTIC,    15, -5.661394017454e-01, 3.955484499057e-04, 2.6153e+00, 3.0957e-02, 
 2DIAGNOSTIC,    16, -5.661394699498e-01, 3.001978394772e-04, 2.6452e+00, 2.9909e-02, 
 2DIAGNOSTIC,    17, -5.661395852018e-01, 2.218539328269e-04, 2.6730e+00, 2.7809e-02, 
 2DIAGNOSTIC,    18, -5.661307478353e-01, 1.509484725272e-04, 2.7010e+00, 2.8042e-02, 
 2DIAGNOSTIC,    19, -5.661310803510e-01, 7.771718408832e-05, 2.7325e+00, 3.1408e-02, 
 2DIAGNOSTIC,    20, -5.661316407477e-01, 2.045256480157e-05, 2.7662e+00, 3.3766e-02, 
 2DIAGNOSTIC,    21, -5.661325914041e-01, 4.069151331318e-06, 2.8011e+00, 3.4839e-02, 
DIAGNOSTIC,Iteration,metricValue,convergenceValue,ITERATION_TIME_INDEX,SINCE_LAST
 2DIAGNOSTIC,     1, -5.040679833860e-01, 1.797693134862e+308, 3.9739e+00, 1.1728e+00, 
 2DIAGNOSTIC,     2, -5.041506554138e-01, 1.797693134862e+308, 4.2395e+00, 2.6566e-01, 
 2DIAGNOSTIC,     3, -5.042003759691e-01, 1.797693134862e+308, 4.5099e+00, 2.7036e-01, 
 2DIAGNOSTIC,     4, -5.042714786413e-01, 1.797693134862e+308, 4.7614e+00, 2.5149e-01, 
 2DIAGNOSTIC,     5, -5.043964311970e-01, 1.797693134862e+308, 5.0977e+00, 3.3627e-01, 
 2DIAGNOSTIC,     6, -5.044273866832e-01, 1.797693134862e+308, 5.6091e+00, 5.1142e-01, 
 2DIAGNOSTIC,     7, -5.044304231201e-01, 1.797693134862e+308, 5.9236e+00, 3.1454e-01, 
 2DIAGNOSTIC,     8, -5.044325532275e-01, 1.797693134862e+308, 6.2217e+00, 2.9806e-01, 
 2DIAGNOSTIC,     9, -5.044316974706e-01, 1.797693134862e+308, 6.5102e+00, 2.8851e-01, 
 2DIAGNOSTIC,    10, -5.044283522741e-01, 5.098236582450e-05, 6.8255e+00, 3.1532e-01, 
 2DIAGNOSTIC,    11, -5.044300778573e-01, 3.406323787668e-05, 7.1237e+00, 2.9817e-01, 
 2DIAGNOSTIC,    12, -5.044296926419e-01, 2.108974027398e-05, 7.3891e+00, 2.6539e-01, 
 2DIAGNOSTIC,    13, -5.044293895006e-01, 1.058572261367e-05, 7.6519e+00, 2.6285e-01, 
 2DIAGNOSTIC,    14, -5.044266714582e-01, 3.470698491964e-06, 7.9480e+00, 2.9603e-01, 
 2DIAGNOSTIC,    15, -5.044282105332e-01, 1.920892827328e-06, 8.2333e+00, 2.8531e-01, 
 2DIAGNOSTIC,    16, -5.044282224441e-01, 1.667762344004e-06, 8.4957e+00, 2.6244e-01, 
 2DIAGNOSTIC,    17, -5.044297979218e-01, 1.621797294224e-06, 8.7599e+00, 2.6423e-01, 
 2DIAGNOSTIC,    18, -5.044283065268e-01, 1.624288048896e-06, 9.0211e+00, 2.6120e-01, 
 2DIAGNOSTIC,    19, -5.044298621733e-01, 1.666865676500e-06, 9.2879e+00, 2.6673e-01, 
 2DIAGNOSTIC,    20, -5.044296068082e-01, 1.601295878832e-06, 9.6249e+00, 3.3702e-01, 
 2DIAGNOSTIC,    21, -5.044289676306e-01, 1.568868157907e-06, 9.8874e+00, 2.6249e-01, 
 2DIAGNOSTIC,    22, -5.044266490989e-01, 1.465630051267e-06, 1.0176e+01, 2.8864e-01, 
 2DIAGNOSTIC,    23, -5.044280460494e-01, 1.400363360458e-06, 1.0459e+01, 2.8293e-01, 
 2DIAGNOSTIC,    24, -5.044288159018e-01, 1.290453258689e-06, 1.0757e+01, 2.9807e-01, 
 2DIAGNOSTIC,    25, -5.044297281813e-01, 1.246803516458e-06, 1.1100e+01, 3.4309e-01, 
 2DIAGNOSTIC,    26, -5.044291394851e-01, 1.196182931679e-06, 1.1394e+01, 2.9379e-01, 
 2DIAGNOSTIC,    27, -5.044276063726e-01, 1.155572370647e-06, 1.1648e+01, 2.5411e-01, 
 2DIAGNOSTIC,    28, -5.044291050330e-01, 1.119657379506e-06, 1.1913e+01, 2.6505e-01, 
 2DIAGNOSTIC,    29, -5.044319518642e-01, 1.170773768898e-06, 1.2213e+01, 2.9956e-01, 
 2DIAGNOSTIC,    30, -5.044375261086e-01, 1.309686136923e-06, 1.2520e+01, 3.0780e-01, 
 2DIAGNOSTIC,    31, -5.044369012135e-01, 1.393199829863e-06, 1.2773e+01, 2.5276e-01, 
 2DIAGNOSTIC,    32, -5.044364751510e-01, 1.390819119630e-06, 1.3059e+01, 2.8556e-01, 
 2DIAGNOSTIC,    33, -5.044355086595e-01, 1.359069264101e-06, 1.3323e+01, 2.6452e-01, 
 2DIAGNOSTIC,    34, -5.044356510944e-01, 1.304801116622e-06, 1.3616e+01, 2.9260e-01, 
 2DIAGNOSTIC,    35, -5.044373533433e-01, 1.259002765541e-06, 1.3969e+01, 3.5334e-01, 
 2DIAGNOSTIC,    36, -5.044349605789e-01, 1.136371857006e-06, 1.4276e+01, 3.0644e-01, 
DIAGNOSTIC,Iteration,metricValue,convergenceValue,ITERATION_TIME_INDEX,SINCE_LAST
 2DIAGNOSTIC,     1, -4.670804595209e-01, 1.797693134862e+308, 1.6921e+01, 2.6454e+00, 
 2DIAGNOSTIC,     2, -4.672079173230e-01, 1.797693134862e+308, 1.8695e+01, 1.7742e+00, 
 2DIAGNOSTIC,     3, -4.672149463401e-01, 1.797693134862e+308, 2.0274e+01, 1.5788e+00, 
 2DIAGNOSTIC,     4, -4.672195746582e-01, 1.797693134862e+308, 2.1776e+01, 1.5016e+00, 
 2DIAGNOSTIC,     5, -4.672235729438e-01, 1.797693134862e+308, 2.3296e+01, 1.5206e+00, 
 2DIAGNOSTIC,     6, -4.672209956616e-01, 1.797693134862e+308, 2.6421e+01, 3.1251e+00, 
 2DIAGNOSTIC,     7, -4.672214655947e-01, 1.797693134862e+308, 2.8099e+01, 1.6775e+00, 
 2DIAGNOSTIC,     8, -4.672214805900e-01, 1.797693134862e+308, 2.9888e+01, 1.7894e+00, 
 2DIAGNOSTIC,     9, -4.672213696121e-01, 1.797693134862e+308, 3.2179e+01, 2.2906e+00, 
 2DIAGNOSTIC,    10, -4.672213115909e-01, 1.277115987346e-05, 3.3915e+01, 1.7365e+00, 
 2DIAGNOSTIC,    11, -4.672210464355e-01, 3.945457830376e-06, 3.5480e+01, 1.5649e+00, 
 2DIAGNOSTIC,    12, -4.672209822753e-01, 2.950517964950e-06, 3.7190e+01, 1.7095e+00, 
 2DIAGNOSTIC,    13, -4.672208105498e-01, 2.396368965762e-06, 3.8671e+01, 1.4816e+00, 
 2DIAGNOSTIC,    14, -4.672208681426e-01, 2.123670931622e-06, 4.0460e+01, 1.7888e+00, 
 2DIAGNOSTIC,    15, -4.672208988038e-01, 2.067424781413e-06, 4.1949e+01, 1.4889e+00, 
 2DIAGNOSTIC,    16, -4.672207227039e-01, 1.917913489580e-06, 4.3414e+01, 1.4652e+00, 
 2DIAGNOSTIC,    17, -4.672204639034e-01, 1.800242052971e-06, 4.4775e+01, 1.3612e+00, 
 2DIAGNOSTIC,    18, -4.672204475085e-01, 1.702385840366e-06, 4.6174e+01, 1.3990e+00, 
 2DIAGNOSTIC,    19, -4.672202813083e-01, 1.611693821804e-06, 4.7699e+01, 1.5244e+00, 
 2DIAGNOSTIC,    20, -4.672205084751e-01, 1.541157721281e-06, 4.9328e+01, 1.6295e+00, 
 2DIAGNOSTIC,    21, -4.672202639216e-01, 1.467051140888e-06, 5.0908e+01, 1.5802e+00, 
 2DIAGNOSTIC,    22, -4.672200569887e-01, 1.397146563997e-06, 5.2293e+01, 1.3842e+00, 
 2DIAGNOSTIC,    23, -4.672200173014e-01, 1.332409471116e-06, 5.4362e+01, 2.0690e+00, 
 2DIAGNOSTIC,    24, -4.672201661906e-01, 1.282780742809e-06, 5.5973e+01, 1.6110e+00, 
 2DIAGNOSTIC,    25, -4.672197985254e-01, 1.232715168983e-06, 5.7483e+01, 1.5101e+00, 
 2DIAGNOSTIC,    26, -4.672194620921e-01, 1.178716515927e-06, 5.9040e+01, 1.5571e+00, 
 2DIAGNOSTIC,    27, -4.672195179384e-01, 1.128684134821e-06, 6.0682e+01, 1.6427e+00, 
 2DIAGNOSTIC,    28, -4.672191843201e-01, 1.079130910478e-06, 6.2027e+01, 1.3450e+00, 
 2DIAGNOSTIC,    29, -4.672192202434e-01, 1.035450205321e-06, 6.3556e+01, 1.5284e+00, 
 2DIAGNOSTIC,    30, -4.672190480966e-01, 1.001742826308e-06, 6.5294e+01, 1.7385e+00, 
  Elapsed time (stage 0): 6.6148e+01


Total elapsed time: 6.6150e+01
Info [verificarlo]: loaded backend libinterflop_ieee.so
Info [interflop-ieee]: load backend with:
Info [interflop-ieee]: debug = false
Info [interflop-ieee]: debug-binary = false
Info [interflop-ieee]: no-backend-name = false
Info [interflop-ieee]: print-new-line = false
Info [interflop-ieee]: print-subnormal-normalized = false
Info [interflop-ieee]: count-op = false
All_Command_lines_OK
Using double precision for computations.
=============================================================================
The composite transform comprises the following transforms (in order): 
  1. /home/mdugre/scratch/mri-registration-rp/datasets/ds004513/derivatives/mri-registration-rp/0001/antsRegistration-r8-p9/sub-s035/rigid_Composite.h5[0] (type = Euler3DTransform)
  2. /home/mdugre/scratch/mri-registration-rp/datasets/ds004513/derivatives/mri-registration-rp/0001/antsRegistration-r8-p9/sub-s035/rigid_Composite.h5[1] (type = Euler3DTransform)
  3. /home/mdugre/scratch/mri-registration-rp/datasets/ds004513/derivatives/mri-registration-rp/0001/antsRegistration-r8-p9/sub-s035/rigid_Composite.h5[2] (type = Euler3DTransform)
=============================================================================
  number of levels = 4
  fixed image: /templateflow/tpl-MNI152NLin2009cAsym/tpl-MNI152NLin2009cAsym_res-01_desc-brain_T1w.nii.gz
  moving image: /home/mdugre/scratch/mri-registration-rp/datasets/ds004513/derivatives/mri-registration-rp/antsBrainExtraction/sub-s035/BrainExtractionBrain.nii.gz
Dimension = 3
Number of stages = 1
Use histogram matching = false
Winsorize image intensities = true
  Lower quantile = 0.005
  Upper quantile = 0.995


Stage 1 State
   Image metric = MattesMI
     Fixed image = Image (0x47b7530)
  RTTI typeinfo:   itk::Image<double, 3u>
  Reference Count: 2
  Modified Time: 1592
  Debug: Off
  Object Name: 
  Observers: 
    none
  Source: (none)
  Source output name: (none)
  Release Data: Off
  Data Released: False
  Global Release Data: Off
  PipelineMTime: 0
  UpdateMTime: 1203
  RealTimeStamp: 0 seconds 
  LargestPossibleRegion: 
    Dimension: 3
    Index: [0, 0, 0]
    Size: [193, 229, 193]
  BufferedRegion: 
    Dimension: 3
    Index: [0, 0, 0]
    Size: [193, 229, 193]
  RequestedRegion: 
    Dimension: 3
    Index: [0, 0, 0]
    Size: [193, 229, 193]
  Spacing: [1, 1, 1]
  Origin: [96, 132, -78]
  Direction: 
-1 0 0
0 -1 0
0 0 1

  IndexToPointMatrix: 
-1 0 0
0 -1 0
0 0 1

  PointToIndexMatrix: 
-1 0 0
0 -1 0
0 0 1

  Inverse Direction: 
-1 0 0
0 -1 0
0 0 1

  PixelContainer: 
    ImportImageContainer (0x48702a0)
      RTTI typeinfo:   itk::ImportImageContainer<unsigned long, double>
      Reference Count: 1
      Modified Time: 1200
      Debug: Off
      Object Name: 
      Observers: 
        none
      Pointer: 0x151146c24010
      Container manages memory: true
      Size: 8530021
      Capacity: 8530021

     Moving image = Image (0x4872e60)
  RTTI typeinfo:   itk::Image<double, 3u>
  Reference Count: 2
  Modified Time: 1593
  Debug: Off
  Object Name: 
  Observers: 
    none
  Source: (none)
  Source output name: (none)
  Release Data: Off
  Data Released: False
  Global Release Data: Off
  PipelineMTime: 0
  UpdateMTime: 1590
  RealTimeStamp: 0 seconds 
  LargestPossibleRegion: 
    Dimension: 3
    Index: [0, 0, 0]
    Size: [160, 240, 256]
  BufferedRegion: 
    Dimension: 3
    Index: [0, 0, 0]
    Size: [160, 240, 256]
  RequestedRegion: 
    Dimension: 3
    Index: [0, 0, 0]
    Size: [160, 240, 256]
  Spacing: [1, 1, 1]
  Origin: [98.6438, 87.6358, -117.989]
  Direction: 
-0.993515 -0.100993 -0.0522355
0.100854 -0.994887 0.00530255
-0.0525039 1.93537e-08 0.998621

  IndexToPointMatrix: 
-0.993515 -0.100993 -0.0522355
0.100854 -0.994887 0.00530255
-0.0525039 1.93537e-08 0.998621

  PointToIndexMatrix: 
-0.993515 0.100854 -0.0525039
-0.100993 -0.994887 1.93006e-08
-0.0522355 0.00530255 0.998621

  Inverse Direction: 
-0.993515 0.100854 -0.0525039
-0.100993 -0.994887 1.93006e-08
-0.0522355 0.00530255 0.998621

  PixelContainer: 
    ImportImageContainer (0x48a6390)
      RTTI typeinfo:   itk::ImportImageContainer<unsigned long, double>
      Reference Count: 1
      Modified Time: 1587
      Debug: Off
      Object Name: 
      Observers: 
        none
      Pointer: 0x151142123010
      Container manages memory: true
      Size: 9830400
      Capacity: 9830400

     Weighting = 1
     Sampling strategy = regular
     Number of bins = 32
     Radius = 4
     Sampling percentage  = 0.25
   Transform = Affine
     Gradient step = 0.1
     Update field sigma (voxel space) = 0
     Total field sigma (voxel space) = 0
     Update field time sigma = 0
     Total field time sigma  = 0
     Number of time indices = 0
     Number of time point samples = 0
Registration using 1 total stages.

Stage 0
  iterations = 1000x500x250x100
  convergence threshold = 1e-06
  convergence window size = 10
  number of levels = 4
  using the Mattes MI metric (number of bins = 32, weight = 1, use gradient filter = 0)
  preprocessing:  winsorizing the image intensities
  Shrink factors (level 1 out of 4): [8, 8, 8]
  Shrink factors (level 2 out of 4): [4, 4, 4]
  Shrink factors (level 3 out of 4): [2, 2, 2]
  Shrink factors (level 4 out of 4): [1, 1, 1]
  smoothing sigmas per level: [3, 2, 1, 0]
  regular sampling (percentage = 0.25)

*** Running AffineTransform registration ***

DIAGNOSTIC,Iteration,metricValue,convergenceValue,ITERATION_TIME_INDEX,SINCE_LAST
 2DIAGNOSTIC,     1, -6.787273697139e-01, 1.797693134862e+308, 7.3184e-01, 7.3184e-01, 
 2DIAGNOSTIC,     2, -6.809201805526e-01, 1.797693134862e+308, 7.3826e-01, 6.4149e-03, 
 2DIAGNOSTIC,     3, -6.849749448708e-01, 1.797693134862e+308, 7.4420e-01, 5.9471e-03, 
 2DIAGNOSTIC,     4, -6.927403935525e-01, 1.797693134862e+308, 7.4939e-01, 5.1908e-03, 
 2DIAGNOSTIC,     5, -7.018153402966e-01, 1.797693134862e+308, 7.5453e-01, 5.1329e-03, 
 2DIAGNOSTIC,     6, -7.137991330021e-01, 1.797693134862e+308, 7.5967e-01, 5.1398e-03, 
 2DIAGNOSTIC,     7, -7.293152924548e-01, 1.797693134862e+308, 7.6604e-01, 6.3770e-03, 
 2DIAGNOSTIC,     8, -7.333418820553e-01, 1.797693134862e+308, 7.7176e-01, 5.7168e-03, 
 2DIAGNOSTIC,     9, -7.367778811531e-01, 1.797693134862e+308, 7.7779e-01, 6.0260e-03, 
 2DIAGNOSTIC,    10, -7.389692601668e-01, 6.497997748403e-03, 7.8786e-01, 1.0072e-02, 
 2DIAGNOSTIC,    11, -7.390403373613e-01, 5.573980143515e-03, 7.9417e-01, 6.3119e-03, 
 2DIAGNOSTIC,    12, -7.388711023476e-01, 4.374753896470e-03, 8.0002e-01, 5.8539e-03, 
 2DIAGNOSTIC,    13, -7.388837031994e-01, 3.095920667108e-03, 8.0527e-01, 5.2462e-03, 
 2DIAGNOSTIC,    14, -7.388653517701e-01, 1.945556381202e-03, 8.1083e-01, 5.5649e-03, 
 2DIAGNOSTIC,    15, -7.388747843686e-01, 1.011345058119e-03, 8.1715e-01, 6.3200e-03, 
 2DIAGNOSTIC,    16, -7.388620835210e-01, 3.911364988434e-04, 8.2250e-01, 5.3439e-03, 
 2DIAGNOSTIC,    17, -7.388257831851e-01, 1.678164443165e-04, 8.2777e-01, 5.2729e-03, 
 2DIAGNOSTIC,    18, -7.394482703533e-01, 5.466986296579e-05, 8.3316e-01, 5.3871e-03, 
 2DIAGNOSTIC,    19, -7.401887392021e-01, 3.346274582648e-05, 8.3856e-01, 5.3990e-03, 
 2DIAGNOSTIC,    20, -7.412303585414e-01, 7.455475381944e-05, 8.4563e-01, 7.0770e-03, 
 2DIAGNOSTIC,    21, -7.417215874400e-01, 1.152452825261e-04, 8.5249e-01, 6.8529e-03, 
 2DIAGNOSTIC,    22, -7.422167709111e-01, 1.474978472802e-04, 8.5940e-01, 6.9101e-03, 
 2DIAGNOSTIC,    23, -7.425907244676e-01, 1.697392902452e-04, 8.7006e-01, 1.0667e-02, 
 2DIAGNOSTIC,    24, -7.426825746802e-01, 1.752510410997e-04, 8.7682e-01, 6.7599e-03, 
 2DIAGNOSTIC,    25, -7.426330842965e-01, 1.633381192828e-04, 8.8356e-01, 6.7339e-03, 
 2DIAGNOSTIC,    26, -7.425768784347e-01, 1.363250765273e-04, 8.9003e-01, 6.4681e-03, 
 2DIAGNOSTIC,    27, -7.424392649143e-01, 9.611069422307e-05, 8.9749e-01, 7.4608e-03, 
 2DIAGNOSTIC,    28, -7.424819110532e-01, 5.903582666209e-05, 9.0361e-01, 6.1209e-03, 
 2DIAGNOSTIC,    29, -7.424433340583e-01, 2.822260634552e-05, 9.1041e-01, 6.8059e-03, 
 2DIAGNOSTIC,    30, -7.423052781670e-01, 8.632578370263e-06, 9.1685e-01, 6.4380e-03, 
DIAGNOSTIC,Iteration,metricValue,convergenceValue,ITERATION_TIME_INDEX,SINCE_LAST
 2DIAGNOSTIC,     1, -6.093990066766e-01, 1.797693134862e+308, 1.6560e+00, 7.3915e-01, 
 2DIAGNOSTIC,     2, -6.099074576567e-01, 1.797693134862e+308, 1.6959e+00, 3.9914e-02, 
 2DIAGNOSTIC,     3, -6.105737829563e-01, 1.797693134862e+308, 1.7325e+00, 3.6591e-02, 
 2DIAGNOSTIC,     4, -6.113496739274e-01, 1.797693134862e+308, 1.7727e+00, 4.0151e-02, 
 2DIAGNOSTIC,     5, -6.117376246766e-01, 1.797693134862e+308, 1.8133e+00, 4.0610e-02, 
 2DIAGNOSTIC,     6, -6.118247128422e-01, 1.797693134862e+308, 1.8544e+00, 4.1122e-02, 
 2DIAGNOSTIC,     7, -6.118860643717e-01, 1.797693134862e+308, 1.9083e+00, 5.3925e-02, 
 2DIAGNOSTIC,     8, -6.118466459303e-01, 1.797693134862e+308, 1.9680e+00, 5.9653e-02, 
 2DIAGNOSTIC,     9, -6.118537026315e-01, 1.797693134862e+308, 2.0089e+00, 4.0942e-02, 
 2DIAGNOSTIC,    10, -6.118411904941e-01, 2.496687633195e-04, 2.0499e+00, 4.0961e-02, 
 2DIAGNOSTIC,    11, -6.118120938467e-01, 1.477348618822e-04, 2.0890e+00, 3.9137e-02, 
 2DIAGNOSTIC,    12, -6.117998716093e-01, 6.889405058419e-05, 2.1324e+00, 4.3400e-02, 
 2DIAGNOSTIC,    13, -6.117867610810e-01, 1.899961593631e-05, 2.1918e+00, 5.9343e-02, 
DIAGNOSTIC,Iteration,metricValue,convergenceValue,ITERATION_TIME_INDEX,SINCE_LAST
 2DIAGNOSTIC,     1, -5.350218644019e-01, 1.797693134862e+308, 3.2983e+00, 1.1066e+00, 
 2DIAGNOSTIC,     2, -5.353159719759e-01, 1.797693134862e+308, 3.5850e+00, 2.8670e-01, 
 2DIAGNOSTIC,     3, -5.356299117220e-01, 1.797693134862e+308, 3.9178e+00, 3.3279e-01, 
 2DIAGNOSTIC,     4, -5.357345610047e-01, 1.797693134862e+308, 4.4540e+00, 5.3620e-01, 
 2DIAGNOSTIC,     5, -5.357368382897e-01, 1.797693134862e+308, 4.7951e+00, 3.4112e-01, 
 2DIAGNOSTIC,     6, -5.357356976108e-01, 1.797693134862e+308, 5.1236e+00, 3.2843e-01, 
 2DIAGNOSTIC,     7, -5.357325515324e-01, 1.797693134862e+308, 5.4520e+00, 3.2847e-01, 
 2DIAGNOSTIC,     8, -5.357315754655e-01, 1.797693134862e+308, 5.9505e+00, 4.9847e-01, 
 2DIAGNOSTIC,     9, -5.357309567250e-01, 1.797693134862e+308, 6.2809e+00, 3.3037e-01, 
 2DIAGNOSTIC,    10, -5.357314882678e-01, 6.380016652832e-05, 6.6281e+00, 3.4721e-01, 
 2DIAGNOSTIC,    11, -5.357298474088e-01, 2.687134317829e-05, 6.9914e+00, 3.6327e-01, 
 2DIAGNOSTIC,    12, -5.357290768657e-01, 6.583002291310e-06, 7.2869e+00, 2.9555e-01, 
 2DIAGNOSTIC,    13, -5.357284590603e-01, 1.729451507657e-06, 7.6426e+00, 3.5572e-01, 
 2DIAGNOSTIC,    14, -5.357288328834e-01, 1.609743181086e-06, 7.9666e+00, 3.2395e-01, 
 2DIAGNOSTIC,    15, -5.357271790539e-01, 1.586710011756e-06, 8.2815e+00, 3.1492e-01, 
 2DIAGNOSTIC,    16, -5.357267444234e-01, 1.567908223810e-06, 8.6227e+00, 3.4121e-01, 
 2DIAGNOSTIC,    17, -5.357251203737e-01, 1.442690892653e-06, 8.9566e+00, 3.3387e-01, 
 2DIAGNOSTIC,    18, -5.357253525576e-01, 1.349760137777e-06, 9.2576e+00, 3.0100e-01, 
 2DIAGNOSTIC,    19, -5.357237612187e-01, 1.241406383509e-06, 9.5472e+00, 2.8962e-01, 
 2DIAGNOSTIC,    20, -5.357244241200e-01, 1.217869786498e-06, 9.9132e+00, 3.6604e-01, 
 2DIAGNOSTIC,    21, -5.357242234196e-01, 1.184929692921e-06, 1.0248e+01, 3.3430e-01, 
 2DIAGNOSTIC,    22, -5.357235796789e-01, 1.151956780347e-06, 1.0604e+01, 3.5606e-01, 
 2DIAGNOSTIC,    23, -5.357234984846e-01, 1.133178206623e-06, 1.0945e+01, 3.4151e-01, 
 2DIAGNOSTIC,    24, -5.357237271552e-01, 1.153390568748e-06, 1.1267e+01, 3.2151e-01, 
 2DIAGNOSTIC,    25, -5.357222014414e-01, 1.120126667031e-06, 1.1600e+01, 3.3330e-01, 
 2DIAGNOSTIC,    26, -5.357224845344e-01, 1.102125496491e-06, 1.1927e+01, 3.2708e-01, 
 2DIAGNOSTIC,    27, -5.357224283820e-01, 1.063370836808e-06, 1.2245e+01, 3.1792e-01, 
 2DIAGNOSTIC,    28, -5.357212682727e-01, 1.021270415472e-06, 1.2537e+01, 2.9181e-01, 
