
##########################
# Experiment information #
##########################

EXPERIMENT_NAME: antsRegistration-r8-p11
VFC_BACKENDS: libinterflop_vprec.so --range-binary32=8 --precision-binary32=11 --range-binary64=8 --precision-binary64=11

SIF_IMG: /home/mdugre/projects/rrg-glatard/mdugre/containers/ants-vprec-no_metrics.simg

SUBJECT_ID: s033
INPUT_IMG: /home/mdugre/scratch/mri-registration-rp/datasets/ds004513/derivatives/mri-registration-rp/antsBrainExtraction/sub-s033/BrainExtractionBrain.nii.gz
OUTPUT_DIR: /home/mdugre/scratch/mri-registration-rp/datasets/ds004513/derivatives/mri-registration-rp/0001/antsRegistration-r8-p11/sub-s033

FIXED_IMG: /templateflow/tpl-MNI152NLin2009cAsym/tpl-MNI152NLin2009cAsym_res-01_desc-brain_T1w.nii.gz
DATA_DIR: /home/mdugre/scratch/mri-registration-rp/datasets/ds004513
TEMPLATEFLOW_DIR: /home/mdugre/projects/rrg-glatard/mdugre/templateflow
ITK_GLOBAL_DEFAULT_NUMBER_OF_THREADS: 16
##########################

Info [verificarlo]: loaded backend libinterflop_ieee.so
Info [interflop-ieee]: load backend with:
Info [interflop-ieee]: debug = false
Info [interflop-ieee]: debug-binary = false
Info [interflop-ieee]: no-backend-name = false
Info [interflop-ieee]: print-new-line = false
Info [interflop-ieee]: print-subnormal-normalized = false
Info [interflop-ieee]: count-op = false
All_Command_lines_OK
Using double precision for computations.
=============================================================================
The composite transform comprises the following transforms (in order): 
  1. Center of mass alignment using fixed image: /templateflow/tpl-MNI152NLin2009cAsym/tpl-MNI152NLin2009cAsym_res-01_desc-brain_T1w.nii.gz and moving image: /home/mdugre/scratch/mri-registration-rp/datasets/ds004513/derivatives/mri-registration-rp/antsBrainExtraction/sub-s033/BrainExtractionBrain.nii.gz (type = Euler3DTransform)
=============================================================================
  number of levels = 1
  fixed image: /templateflow/tpl-MNI152NLin2009cAsym/tpl-MNI152NLin2009cAsym_res-01_desc-brain_T1w.nii.gz
  moving image: /home/mdugre/scratch/mri-registration-rp/datasets/ds004513/derivatives/mri-registration-rp/antsBrainExtraction/sub-s033/BrainExtractionBrain.nii.gz
Dimension = 3
Number of stages = 1
Use histogram matching = false
Winsorize image intensities = true
  Lower quantile = 0.005
  Upper quantile = 0.995


Stage 1 State
   Image metric = MattesMI
     Fixed image = Image (0x49e4e70)
  RTTI typeinfo:   itk::Image<double, 3u>
  Reference Count: 2
  Modified Time: 2330
  Debug: Off
  Object Name: 
  Observers: 
    none
  Source: (none)
  Source output name: (none)
  Release Data: Off
  Data Released: False
  Global Release Data: Off
  PipelineMTime: 0
  UpdateMTime: 1941
  RealTimeStamp: 0 seconds 
  LargestPossibleRegion: 
    Dimension: 3
    Index: [0, 0, 0]
    Size: [193, 229, 193]
  BufferedRegion: 
    Dimension: 3
    Index: [0, 0, 0]
    Size: [193, 229, 193]
  RequestedRegion: 
    Dimension: 3
    Index: [0, 0, 0]
    Size: [193, 229, 193]
  Spacing: [1, 1, 1]
  Origin: [96, 132, -78]
  Direction: 
-1 0 0
0 -1 0
0 0 1

  IndexToPointMatrix: 
-1 0 0
0 -1 0
0 0 1

  PointToIndexMatrix: 
-1 0 0
0 -1 0
0 0 1

  Inverse Direction: 
-1 0 0
0 -1 0
0 0 1

  PixelContainer: 
    ImportImageContainer (0x49edc60)
      RTTI typeinfo:   itk::ImportImageContainer<unsigned long, double>
      Reference Count: 1
      Modified Time: 1938
      Debug: Off
      Object Name: 
      Observers: 
        none
      Pointer: 0x1536c79bc010
      Container manages memory: true
      Size: 8530021
      Capacity: 8530021

     Moving image = Image (0x49e7540)
  RTTI typeinfo:   itk::Image<double, 3u>
  Reference Count: 2
  Modified Time: 2331
  Debug: Off
  Object Name: 
  Observers: 
    none
  Source: (none)
  Source output name: (none)
  Release Data: Off
  Data Released: False
  Global Release Data: Off
  PipelineMTime: 0
  UpdateMTime: 2328
  RealTimeStamp: 0 seconds 
  LargestPossibleRegion: 
    Dimension: 3
    Index: [0, 0, 0]
    Size: [160, 240, 256]
  BufferedRegion: 
    Dimension: 3
    Index: [0, 0, 0]
    Size: [160, 240, 256]
  RequestedRegion: 
    Dimension: 3
    Index: [0, 0, 0]
    Size: [160, 240, 256]
  Spacing: [1, 1, 1]
  Origin: [91.5134, 94.282, -109.927]
  Direction: 
-0.99591 -0.0698718 -0.0572835
0.0697565 -0.997556 0.00401236
-0.0574239 5.01125e-08 0.99835

  IndexToPointMatrix: 
-0.99591 -0.0698718 -0.0572835
0.0697565 -0.997556 0.00401236
-0.0574239 5.01125e-08 0.99835

  PointToIndexMatrix: 
-0.99591 0.0697565 -0.0574239
-0.0698718 -0.997556 5.01483e-08
-0.0572835 0.00401236 0.99835

  Inverse Direction: 
-0.99591 0.0697565 -0.0574239
-0.0698718 -0.997556 5.01483e-08
-0.0572835 0.00401236 0.99835

  PixelContainer: 
    ImportImageContainer (0x4af9610)
      RTTI typeinfo:   itk::ImportImageContainer<unsigned long, double>
      Reference Count: 1
      Modified Time: 2325
      Debug: Off
      Object Name: 
      Observers: 
        none
      Pointer: 0x1536c2ebb010
      Container manages memory: true
      Size: 9830400
      Capacity: 9830400

     Weighting = 1
     Sampling strategy = regular
     Number of bins = 32
     Radius = 4
     Sampling percentage  = 0.25
   Transform = Rigid
     Gradient step = 0.1
     Update field sigma (voxel space) = 0
     Total field sigma (voxel space) = 0
     Update field time sigma = 0
     Total field time sigma  = 0
     Number of time indices = 0
     Number of time point samples = 0
Registration using 1 total stages.

Stage 0
  iterations = 0
  convergence threshold = 1e-06
  convergence window size = 10
  number of levels = 1
  using the Mattes MI metric (number of bins = 32, weight = 1, use gradient filter = 0)
  preprocessing:  winsorizing the image intensities
  Shrink factors (level 1 out of 1): [1, 1, 1]
  smoothing sigmas per level: [0]
  regular sampling (percentage = 0.25)

*** Running Euler3DTransform registration ***

  Elapsed time (stage 0): 1.12825


Total elapsed time: 1.134
Info [verificarlo]: loaded backend libinterflop_ieee.so
Info [interflop-ieee]: load backend with:
Info [interflop-ieee]: debug = false
Info [interflop-ieee]: debug-binary = false
Info [interflop-ieee]: no-backend-name = false
Info [interflop-ieee]: print-new-line = false
Info [interflop-ieee]: print-subnormal-normalized = false
Info [interflop-ieee]: count-op = false
All_Command_lines_OK
Using double precision for computations.
=============================================================================
The composite transform comprises the following transforms (in order): 
  1. /home/mdugre/scratch/mri-registration-rp/datasets/ds004513/derivatives/mri-registration-rp/0001/antsRegistration-r8-p11/sub-s033/align_Composite.h5[0] (type = Euler3DTransform)
  2. /home/mdugre/scratch/mri-registration-rp/datasets/ds004513/derivatives/mri-registration-rp/0001/antsRegistration-r8-p11/sub-s033/align_Composite.h5[1] (type = Euler3DTransform)
=============================================================================
  number of levels = 4
  fixed image: /templateflow/tpl-MNI152NLin2009cAsym/tpl-MNI152NLin2009cAsym_res-01_desc-brain_T1w.nii.gz
  moving image: /home/mdugre/scratch/mri-registration-rp/datasets/ds004513/derivatives/mri-registration-rp/antsBrainExtraction/sub-s033/BrainExtractionBrain.nii.gz
Dimension = 3
Number of stages = 1
Use histogram matching = false
Winsorize image intensities = true
  Lower quantile = 0.005
  Upper quantile = 0.995


Stage 1 State
   Image metric = MattesMI
     Fixed image = Image (0x3712530)
  RTTI typeinfo:   itk::Image<double, 3u>
  Reference Count: 2
  Modified Time: 1578
  Debug: Off
  Object Name: 
  Observers: 
    none
  Source: (none)
  Source output name: (none)
  Release Data: Off
  Data Released: False
  Global Release Data: Off
  PipelineMTime: 0
  UpdateMTime: 1189
  RealTimeStamp: 0 seconds 
  LargestPossibleRegion: 
    Dimension: 3
    Index: [0, 0, 0]
    Size: [193, 229, 193]
  BufferedRegion: 
    Dimension: 3
    Index: [0, 0, 0]
    Size: [193, 229, 193]
  RequestedRegion: 
    Dimension: 3
    Index: [0, 0, 0]
    Size: [193, 229, 193]
  Spacing: [1, 1, 1]
  Origin: [96, 132, -78]
  Direction: 
-1 0 0
0 -1 0
0 0 1

  IndexToPointMatrix: 
-1 0 0
0 -1 0
0 0 1

  PointToIndexMatrix: 
-1 0 0
0 -1 0
0 0 1

  Inverse Direction: 
-1 0 0
0 -1 0
0 0 1

  PixelContainer: 
    ImportImageContainer (0x37d0d60)
      RTTI typeinfo:   itk::ImportImageContainer<unsigned long, double>
      Reference Count: 1
      Modified Time: 1186
      Debug: Off
      Object Name: 
      Observers: 
        none
      Pointer: 0x146e4b278010
      Container manages memory: true
      Size: 8530021
      Capacity: 8530021

     Moving image = Image (0x37c2f60)
  RTTI typeinfo:   itk::Image<double, 3u>
  Reference Count: 2
  Modified Time: 1579
  Debug: Off
  Object Name: 
  Observers: 
    none
  Source: (none)
  Source output name: (none)
  Release Data: Off
  Data Released: False
  Global Release Data: Off
  PipelineMTime: 0
  UpdateMTime: 1576
  RealTimeStamp: 0 seconds 
  LargestPossibleRegion: 
    Dimension: 3
    Index: [0, 0, 0]
    Size: [160, 240, 256]
  BufferedRegion: 
    Dimension: 3
    Index: [0, 0, 0]
    Size: [160, 240, 256]
  RequestedRegion: 
    Dimension: 3
    Index: [0, 0, 0]
    Size: [160, 240, 256]
  Spacing: [1, 1, 1]
  Origin: [91.5134, 94.282, -109.927]
  Direction: 
-0.99591 -0.0698718 -0.0572835
0.0697565 -0.997556 0.00401236
-0.0574239 5.01125e-08 0.99835

  IndexToPointMatrix: 
-0.99591 -0.0698718 -0.0572835
0.0697565 -0.997556 0.00401236
-0.0574239 5.01125e-08 0.99835

  PointToIndexMatrix: 
-0.99591 0.0697565 -0.0574239
-0.0698718 -0.997556 5.01483e-08
-0.0572835 0.00401236 0.99835

  Inverse Direction: 
-0.99591 0.0697565 -0.0574239
-0.0698718 -0.997556 5.01483e-08
-0.0572835 0.00401236 0.99835

  PixelContainer: 
    ImportImageContainer (0x37b46d0)
      RTTI typeinfo:   itk::ImportImageContainer<unsigned long, double>
      Reference Count: 1
      Modified Time: 1573
      Debug: Off
      Object Name: 
      Observers: 
        none
      Pointer: 0x146e46777010
      Container manages memory: true
      Size: 9830400
      Capacity: 9830400

     Weighting = 1
     Sampling strategy = regular
     Number of bins = 32
     Radius = 4
     Sampling percentage  = 0.25
   Transform = Rigid
     Gradient step = 0.1
     Update field sigma (voxel space) = 0
     Total field sigma (voxel space) = 0
     Update field time sigma = 0
     Total field time sigma  = 0
     Number of time indices = 0
     Number of time point samples = 0
Registration using 1 total stages.

Stage 0
  iterations = 1000x500x250x100
  convergence threshold = 1e-06
  convergence window size = 10
  number of levels = 4
  using the Mattes MI metric (number of bins = 32, weight = 1, use gradient filter = 0)
  preprocessing:  winsorizing the image intensities
  Shrink factors (level 1 out of 4): [8, 8, 8]
  Shrink factors (level 2 out of 4): [4, 4, 4]
  Shrink factors (level 3 out of 4): [2, 2, 2]
  Shrink factors (level 4 out of 4): [1, 1, 1]
  smoothing sigmas per level: [3, 2, 1, 0]
  regular sampling (percentage = 0.25)

*** Running Euler3DTransform registration ***

DIAGNOSTIC,Iteration,metricValue,convergenceValue,ITERATION_TIME_INDEX,SINCE_LAST
 2DIAGNOSTIC,     1, -4.945365495269e-01, 1.797693134862e+308, 7.7262e-01, 7.7262e-01, 
 2DIAGNOSTIC,     2, -4.961551199262e-01, 1.797693134862e+308, 7.7853e-01, 5.9090e-03, 
 2DIAGNOSTIC,     3, -4.991207097076e-01, 1.797693134862e+308, 7.8436e-01, 5.8300e-03, 
 2DIAGNOSTIC,     4, -5.030359852117e-01, 1.797693134862e+308, 7.9014e-01, 5.7800e-03, 
 2DIAGNOSTIC,     5, -5.059125054655e-01, 1.797693134862e+308, 7.9492e-01, 4.7791e-03, 
 2DIAGNOSTIC,     6, -5.092815596254e-01, 1.797693134862e+308, 8.0036e-01, 5.4390e-03, 
 2DIAGNOSTIC,     7, -5.205915484568e-01, 1.797693134862e+308, 8.0623e-01, 5.8761e-03, 
 2DIAGNOSTIC,     8, -5.236677933913e-01, 1.797693134862e+308, 8.1153e-01, 5.2960e-03, 
 2DIAGNOSTIC,     9, -5.261653611514e-01, 1.797693134862e+308, 8.1731e-01, 5.7850e-03, 
 2DIAGNOSTIC,    10, -5.313843279548e-01, 4.956236851461e-03, 8.2307e-01, 5.7571e-03, 
 2DIAGNOSTIC,    11, -5.461121550606e-01, 5.255951709881e-03, 8.3086e-01, 7.7889e-03, 
 2DIAGNOSTIC,    12, -5.563506773265e-01, 5.544499219528e-03, 8.3615e-01, 5.2900e-03, 
 2DIAGNOSTIC,    13, -6.011783753045e-01, 7.240286203813e-03, 8.4442e-01, 8.2650e-03, 
 2DIAGNOSTIC,    14, -6.166052824964e-01, 8.701253898833e-03, 8.4961e-01, 5.1961e-03, 
 2DIAGNOSTIC,    15, -6.211428291781e-01, 9.416357351208e-03, 8.5579e-01, 6.1829e-03, 
 2DIAGNOSTIC,    16, -6.235432154963e-01, 9.368281946333e-03, 8.6218e-01, 6.3820e-03, 
 2DIAGNOSTIC,    17, -6.347577472716e-01, 9.145335070035e-03, 8.7003e-01, 7.8521e-03, 
 2DIAGNOSTIC,    18, -6.413138480823e-01, 8.359392997683e-03, 8.7695e-01, 6.9189e-03, 
 2DIAGNOSTIC,    19, -6.420802745054e-01, 6.980623576198e-03, 8.8364e-01, 6.6969e-03, 
 2DIAGNOSTIC,    20, -6.425493402739e-01, 5.272872757075e-03, 8.8959e-01, 5.9421e-03, 
 2DIAGNOSTIC,    21, -6.431795015209e-01, 3.641466821717e-03, 8.9608e-01, 6.4900e-03, 
 2DIAGNOSTIC,    22, -6.434078418566e-01, 2.049114104782e-03, 9.0209e-01, 6.0160e-03, 
 2DIAGNOSTIC,    23, -6.435083902478e-01, 1.381096978283e-03, 9.0922e-01, 7.1242e-03, 
 2DIAGNOSTIC,    24, -6.436807796550e-01, 9.688117319700e-04, 9.1625e-01, 7.0350e-03, 
 2DIAGNOSTIC,    25, -6.439989577798e-01, 6.014657544748e-04, 9.2422e-01, 7.9648e-03, 
 2DIAGNOSTIC,    26, -6.448361696932e-01, 2.655202337735e-04, 9.3014e-01, 5.9249e-03, 
 2DIAGNOSTIC,    27, -6.460796015098e-01, 1.536869197665e-04, 9.3667e-01, 6.5310e-03, 
 2DIAGNOSTIC,    28, -6.463976180214e-01, 1.550355074085e-04, 9.4219e-01, 5.5161e-03, 
 2DIAGNOSTIC,    29, -6.463935448767e-01, 1.547432279937e-04, 9.4724e-01, 5.0499e-03, 
 2DIAGNOSTIC,    30, -6.464392293115e-01, 1.482977176496e-04, 9.5294e-01, 5.6989e-03, 
 2DIAGNOSTIC,    31, -6.463723506450e-01, 1.368668684117e-04, 9.5801e-01, 5.0690e-03, 
 2DIAGNOSTIC,    32, -6.464254423164e-01, 1.173261943261e-04, 9.6442e-01, 6.4101e-03, 
 2DIAGNOSTIC,    33, -6.464354982532e-01, 8.969285411557e-05, 9.8079e-01, 1.6377e-02, 
 2DIAGNOSTIC,    34, -6.464354982203e-01, 5.811446186647e-05, 9.9700e-01, 1.6208e-02, 
 2DIAGNOSTIC,    35, -6.464354982203e-01, 2.735350867168e-05, 1.0040e+00, 7.0200e-03, 
 2DIAGNOSTIC,    36, -6.464354982203e-01, 6.562027833501e-06, 1.0102e+00, 6.1591e-03, 
 2DIAGNOSTIC,    37, -6.464354982203e-01, 2.244526595439e-06, 1.0159e+00, 5.6770e-03, 
 2DIAGNOSTIC,    38, -6.464354982203e-01, 1.990761983341e-06, 1.0215e+00, 5.6601e-03, 
 2DIAGNOSTIC,    39, -6.464354982203e-01, 1.582332090178e-06, 1.0273e+00, 5.7371e-03, 
 2DIAGNOSTIC,    40, -6.464354982203e-01, 1.698163866484e-06, 1.0330e+00, 5.7518e-03, 
DIAGNOSTIC,Iteration,metricValue,convergenceValue,ITERATION_TIME_INDEX,SINCE_LAST
 2DIAGNOSTIC,     1, -5.367244479429e-01, 1.797693134862e+308, 1.7878e+00, 7.5481e-01, 
 2DIAGNOSTIC,     2, -5.380313867552e-01, 1.797693134862e+308, 1.8173e+00, 2.9493e-02, 
 2DIAGNOSTIC,     3, -5.401731944998e-01, 1.797693134862e+308, 1.8475e+00, 3.0161e-02, 
 2DIAGNOSTIC,     4, -5.431881372497e-01, 1.797693134862e+308, 1.8815e+00, 3.4083e-02, 
 2DIAGNOSTIC,     5, -5.453557615304e-01, 1.797693134862e+308, 1.9131e+00, 3.1554e-02, 
 2DIAGNOSTIC,     6, -5.461088574823e-01, 1.797693134862e+308, 1.9437e+00, 3.0551e-02, 
 2DIAGNOSTIC,     7, -5.462086690406e-01, 1.797693134862e+308, 1.9762e+00, 3.2544e-02, 
 2DIAGNOSTIC,     8, -5.464869277441e-01, 1.797693134862e+308, 2.0133e+00, 3.7063e-02, 
 2DIAGNOSTIC,     9, -5.465850826452e-01, 1.797693134862e+308, 2.0560e+00, 4.2698e-02, 
 2DIAGNOSTIC,    10, -5.466464861702e-01, 1.224740947778e-03, 2.0861e+00, 3.0159e-02, 
 2DIAGNOSTIC,    11, -5.470487724174e-01, 8.391097695950e-04, 2.1173e+00, 3.1166e-02, 
 2DIAGNOSTIC,    12, -5.471506822395e-01, 5.042746271381e-04, 2.1483e+00, 3.1006e-02, 
 2DIAGNOSTIC,    13, -5.471747716537e-01, 2.608961043990e-04, 2.1869e+00, 3.8655e-02, 
 2DIAGNOSTIC,    14, -5.471893670053e-01, 1.401590950524e-04, 2.2153e+00, 2.8314e-02, 
 2DIAGNOSTIC,    15, -5.471839947580e-01, 9.761628104106e-05, 2.2452e+00, 2.9964e-02, 
 2DIAGNOSTIC,    16, -5.471599221653e-01, 7.527588029040e-05, 2.2792e+00, 3.4021e-02, 
 2DIAGNOSTIC,    17, -5.471662413473e-01, 5.183159034180e-05, 2.3090e+00, 2.9784e-02, 
 2DIAGNOSTIC,    18, -5.471747020767e-01, 3.478178562289e-05, 2.3404e+00, 3.1362e-02, 
 2DIAGNOSTIC,    19, -5.471813443363e-01, 1.945615692937e-05, 2.3718e+00, 3.1402e-02, 
 2DIAGNOSTIC,    20, -5.471662905870e-01, 4.969753694711e-06, 2.3995e+00, 2.7693e-02, 
 2DIAGNOSTIC,    21, -5.471844150001e-01, 1.951242850892e-06, 2.4306e+00, 3.1137e-02, 
 2DIAGNOSTIC,    22, -5.471946847083e-01, 1.794818566388e-06, 2.4582e+00, 2.7597e-02, 
 2DIAGNOSTIC,    23, -5.472309769484e-01, 2.955884080634e-06, 2.4858e+00, 2.7599e-02, 
 2DIAGNOSTIC,    24, -5.472460340005e-01, 4.500344387662e-06, 2.5167e+00, 3.0870e-02, 
 2DIAGNOSTIC,    25, -5.473225336995e-01, 7.130565640015e-06, 2.5439e+00, 2.7251e-02, 
 2DIAGNOSTIC,    26, -5.474469313920e-01, 1.098291531576e-05, 2.5715e+00, 2.7554e-02, 
 2DIAGNOSTIC,    27, -5.481013376938e-01, 2.630867243425e-05, 2.6032e+00, 3.1661e-02, 
 2DIAGNOSTIC,    28, -5.480678957011e-01, 3.739000098435e-05, 2.6411e+00, 3.7933e-02, 
 2DIAGNOSTIC,    29, -5.482084715267e-01, 4.712046940591e-05, 2.6754e+00, 3.4297e-02, 
 2DIAGNOSTIC,    30, -5.482082515861e-01, 5.166420914482e-05, 2.7073e+00, 3.1869e-02, 
 2DIAGNOSTIC,    31, -5.482014612647e-01, 5.125926371241e-05, 2.7410e+00, 3.3750e-02, 
 2DIAGNOSTIC,    32, -5.481815954389e-01, 4.582634030880e-05, 2.7689e+00, 2.7888e-02, 
 2DIAGNOSTIC,    33, -5.481718254462e-01, 3.689944547787e-05, 2.7967e+00, 2.7807e-02, 
 2DIAGNOSTIC,    34, -5.481825623192e-01, 2.560031247198e-05, 2.8250e+00, 2.8284e-02, 
 2DIAGNOSTIC,    35, -5.481838554805e-01, 1.379950556406e-05, 2.8524e+00, 2.7450e-02, 
 2DIAGNOSTIC,    36, -5.481854578557e-01, 3.009154121415e-06, 2.8805e+00, 2.8024e-02, 
 2DIAGNOSTIC,    37, -5.482631349781e-01, 2.936459646802e-06, 2.9113e+00, 3.0888e-02, 
 2DIAGNOSTIC,    38, -5.482856021010e-01, 2.436039937243e-06, 2.9427e+00, 3.1335e-02, 
 2DIAGNOSTIC,    39, -5.482706781413e-01, 3.481423882248e-06, 2.9774e+00, 3.4676e-02, 
 2DIAGNOSTIC,    40, -5.481987505292e-01, 3.304652190620e-06, 3.0108e+00, 3.3409e-02, 
 2DIAGNOSTIC,    41, -5.482802874244e-01, 3.877323419315e-06, 3.0437e+00, 3.2957e-02, 
 2DIAGNOSTIC,    42, -5.481855141276e-01, 2.653260593021e-06, 3.0801e+00, 3.6357e-02, 
 2DIAGNOSTIC,    43, -5.482756700345e-01, 2.296890172376e-06, 3.1202e+00, 4.0106e-02, 
 2DIAGNOSTIC,    44, -5.483025127856e-01, 2.243734708401e-06, 3.1533e+00, 3.3146e-02, 
 2DIAGNOSTIC,    45, -5.482811770968e-01, 1.827677438424e-06, 3.1864e+00, 3.3071e-02, 
 2DIAGNOSTIC,    46, -5.482645579672e-01, 1.146884736999e-06, 3.2196e+00, 3.3183e-02, 
 2DIAGNOSTIC,    47, -5.482548594870e-01, 1.199074408220e-06, 3.3103e+00, 9.0680e-02, 
 2DIAGNOSTIC,    48, -5.482548594859e-01, 1.435485751627e-06, 3.4003e+00, 9.0009e-02, 
 2DIAGNOSTIC,    49, -5.482548594859e-01, 1.434326064139e-06, 3.4315e+00, 3.1247e-02, 
DIAGNOSTIC,Iteration,metricValue,convergenceValue,ITERATION_TIME_INDEX,SINCE_LAST
 2DIAGNOSTIC,     1, -4.661874078825e-01, 1.797693134862e+308, 4.5611e+00, 1.1295e+00, 
 2DIAGNOSTIC,     2, -4.663634495557e-01, 1.797693134862e+308, 4.7909e+00, 2.2987e-01, 
 2DIAGNOSTIC,     3, -4.665065331324e-01, 1.797693134862e+308, 5.0236e+00, 2.3265e-01, 
 2DIAGNOSTIC,     4, -4.666273004800e-01, 1.797693134862e+308, 5.2572e+00, 2.3360e-01, 
 2DIAGNOSTIC,     5, -4.667166951631e-01, 1.797693134862e+308, 5.5126e+00, 2.5537e-01, 
 2DIAGNOSTIC,     6, -4.668676942816e-01, 1.797693134862e+308, 5.7493e+00, 2.3674e-01, 
 2DIAGNOSTIC,     7, -4.669697723554e-01, 1.797693134862e+308, 6.0111e+00, 2.6185e-01, 
 2DIAGNOSTIC,     8, -4.670258244043e-01, 1.797693134862e+308, 6.3460e+00, 3.3482e-01, 
 2DIAGNOSTIC,     9, -4.670791394603e-01, 1.797693134862e+308, 6.5674e+00, 2.2141e-01, 
 2DIAGNOSTIC,    10, -4.671177577363e-01, 1.313591229332e-04, 6.7928e+00, 2.2541e-01, 
 2DIAGNOSTIC,    11, -4.671984853607e-01, 1.051495683770e-04, 7.0271e+00, 2.3432e-01, 
 2DIAGNOSTIC,    12, -4.674359996046e-01, 9.488441662674e-05, 7.3968e+00, 3.6975e-01, 
 2DIAGNOSTIC,    13, -4.675172253999e-01, 8.806459038845e-05, 7.6673e+00, 2.7043e-01, 
 2DIAGNOSTIC,    14, -4.675733059971e-01, 8.219866321017e-05, 7.9773e+00, 3.1003e-01, 
 2DIAGNOSTIC,    15, -4.675740562234e-01, 7.347354707454e-05, 8.3333e+00, 3.5601e-01, 
 2DIAGNOSTIC,    16, -4.675766579430e-01, 6.507141864655e-05, 8.5893e+00, 2.5595e-01, 
 2DIAGNOSTIC,    17, -4.675745325995e-01, 5.528300494075e-05, 8.9608e+00, 3.7154e-01, 
 2DIAGNOSTIC,    18, -4.675736851840e-01, 4.344420952317e-05, 9.2255e+00, 2.6471e-01, 
 2DIAGNOSTIC,    19, -4.675737811341e-01, 3.078247509652e-05, 9.4583e+00, 2.3274e-01, 
 2DIAGNOSTIC,    20, -4.675729808580e-01, 1.788243755011e-05, 9.7255e+00, 2.6729e-01, 
 2DIAGNOSTIC,    21, -4.675721770351e-01, 6.866741325863e-06, 9.9934e+00, 2.6782e-01, 
 2DIAGNOSTIC,    22, -4.675713601125e-01, 2.854980810887e-06, 1.0233e+01, 2.3965e-01, 
 2DIAGNOSTIC,    23, -4.675677632354e-01, 1.073316284420e-06, 1.0486e+01, 2.5291e-01, 
DIAGNOSTIC,Iteration,metricValue,convergenceValue,ITERATION_TIME_INDEX,SINCE_LAST
 2DIAGNOSTIC,     1, -4.258656129239e-01, 1.797693134862e+308, 1.2947e+01, 2.4613e+00, 
 2DIAGNOSTIC,     2, -4.259687438551e-01, 1.797693134862e+308, 1.4362e+01, 1.4147e+00, 
 2DIAGNOSTIC,     3, -4.260094158362e-01, 1.797693134862e+308, 1.6245e+01, 1.8830e+00, 
 2DIAGNOSTIC,     4, -4.260083547045e-01, 1.797693134862e+308, 1.7821e+01, 1.5764e+00, 
 2DIAGNOSTIC,     5, -4.260071412505e-01, 1.797693134862e+308, 1.9933e+01, 2.1114e+00, 
 2DIAGNOSTIC,     6, -4.260067295963e-01, 1.797693134862e+308, 2.1851e+01, 1.9186e+00, 
 2DIAGNOSTIC,     7, -4.260068626548e-01, 1.797693134862e+308, 2.3619e+01, 1.7674e+00, 
 2DIAGNOSTIC,     8, -4.260067681685e-01, 1.797693134862e+308, 2.5163e+01, 1.5445e+00, 
 2DIAGNOSTIC,     9, -4.260066766234e-01, 1.797693134862e+308, 2.6638e+01, 1.4747e+00, 
 2DIAGNOSTIC,    10, -4.260063878623e-01, 1.460891467307e-05, 2.8078e+01, 1.4404e+00, 
 2DIAGNOSTIC,    11, -4.260064029631e-01, 4.934902286757e-06, 2.9487e+01, 1.4083e+00, 
 2DIAGNOSTIC,    12, -4.260063254625e-01, 2.352653062060e-06, 3.1025e+01, 1.5378e+00, 
 2DIAGNOSTIC,    13, -4.260061497426e-01, 2.273341676212e-06, 3.2585e+01, 1.5610e+00, 
 2DIAGNOSTIC,    14, -4.260061750027e-01, 2.173643123271e-06, 3.4175e+01, 1.5894e+00, 
 2DIAGNOSTIC,    15, -4.260057931901e-01, 2.025857477259e-06, 3.5594e+01, 1.4194e+00, 
 2DIAGNOSTIC,    16, -4.260055080029e-01, 1.876314439181e-06, 3.6916e+01, 1.3214e+00, 
 2DIAGNOSTIC,    17, -4.260055404174e-01, 1.761265391038e-06, 3.8314e+01, 1.3988e+00, 
 2DIAGNOSTIC,    18, -4.260053884808e-01, 1.659725810330e-06, 4.0100e+01, 1.7857e+00, 
 2DIAGNOSTIC,    19, -4.260055235745e-01, 1.580682759288e-06, 4.1864e+01, 1.7641e+00, 
 2DIAGNOSTIC,    20, -4.260053360146e-01, 1.502282875647e-06, 4.3506e+01, 1.6415e+00, 
 2DIAGNOSTIC,    21, -4.260053467842e-01, 1.440746437376e-06, 4.4826e+01, 1.3201e+00, 
 2DIAGNOSTIC,    22, -4.260049515301e-01, 1.377376655197e-06, 4.6233e+01, 1.4069e+00, 
 2DIAGNOSTIC,    23, -4.260051770943e-01, 1.327386309383e-06, 4.7622e+01, 1.3894e+00, 
 2DIAGNOSTIC,    24, -4.260053159621e-01, 1.291232148287e-06, 4.9107e+01, 1.4850e+00, 
 2DIAGNOSTIC,    25, -4.260052384954e-01, 1.248952429783e-06, 5.1315e+01, 2.2078e+00, 
 2DIAGNOSTIC,    26, -4.260051396612e-01, 1.202509329279e-06, 5.3027e+01, 1.7122e+00, 
 2DIAGNOSTIC,    27, -4.260050394771e-01, 1.160124648070e-06, 5.4544e+01, 1.5174e+00, 
 2DIAGNOSTIC,    28, -4.260050407971e-01, 1.118680021547e-06, 5.5868e+01, 1.3235e+00, 
 2DIAGNOSTIC,    29, -4.260049410507e-01, 1.082396614567e-06, 5.7281e+01, 1.4130e+00, 
 2DIAGNOSTIC,    30, -4.260049447732e-01, 1.045838007516e-06, 5.8719e+01, 1.4376e+00, 
 2DIAGNOSTIC,    31, -4.260048489785e-01, 1.011555165992e-06, 6.0123e+01, 1.4045e+00, 
  Elapsed time (stage 0): 6.0981e+01


Total elapsed time: 6.0986e+01
Info [verificarlo]: loaded backend libinterflop_ieee.so
Info [interflop-ieee]: load backend with:
Info [interflop-ieee]: debug = false
Info [interflop-ieee]: debug-binary = false
Info [interflop-ieee]: no-backend-name = false
Info [interflop-ieee]: print-new-line = false
Info [interflop-ieee]: print-subnormal-normalized = false
Info [interflop-ieee]: count-op = false
All_Command_lines_OK
Using double precision for computations.
=============================================================================
The composite transform comprises the following transforms (in order): 
  1. /home/mdugre/scratch/mri-registration-rp/datasets/ds004513/derivatives/mri-registration-rp/0001/antsRegistration-r8-p11/sub-s033/rigid_Composite.h5[0] (type = Euler3DTransform)
  2. /home/mdugre/scratch/mri-registration-rp/datasets/ds004513/derivatives/mri-registration-rp/0001/antsRegistration-r8-p11/sub-s033/rigid_Composite.h5[1] (type = Euler3DTransform)
  3. /home/mdugre/scratch/mri-registration-rp/datasets/ds004513/derivatives/mri-registration-rp/0001/antsRegistration-r8-p11/sub-s033/rigid_Composite.h5[2] (type = Euler3DTransform)
=============================================================================
  number of levels = 4
  fixed image: /templateflow/tpl-MNI152NLin2009cAsym/tpl-MNI152NLin2009cAsym_res-01_desc-brain_T1w.nii.gz
  moving image: /home/mdugre/scratch/mri-registration-rp/datasets/ds004513/derivatives/mri-registration-rp/antsBrainExtraction/sub-s033/BrainExtractionBrain.nii.gz
Dimension = 3
Number of stages = 1
Use histogram matching = false
Winsorize image intensities = true
  Lower quantile = 0.005
  Upper quantile = 0.995


Stage 1 State
   Image metric = MattesMI
     Fixed image = Image (0x50e57e0)
  RTTI typeinfo:   itk::Image<double, 3u>
  Reference Count: 2
  Modified Time: 1592
  Debug: Off
  Object Name: 
  Observers: 
    none
  Source: (none)
  Source output name: (none)
  Release Data: Off
  Data Released: False
  Global Release Data: Off
  PipelineMTime: 0
  UpdateMTime: 1203
  RealTimeStamp: 0 seconds 
  LargestPossibleRegion: 
    Dimension: 3
    Index: [0, 0, 0]
    Size: [193, 229, 193]
  BufferedRegion: 
    Dimension: 3
    Index: [0, 0, 0]
    Size: [193, 229, 193]
  RequestedRegion: 
    Dimension: 3
    Index: [0, 0, 0]
    Size: [193, 229, 193]
  Spacing: [1, 1, 1]
  Origin: [96, 132, -78]
  Direction: 
-1 0 0
0 -1 0
0 0 1

  IndexToPointMatrix: 
-1 0 0
0 -1 0
0 0 1

  PointToIndexMatrix: 
-1 0 0
0 -1 0
0 0 1

  Inverse Direction: 
-1 0 0
0 -1 0
0 0 1

  PixelContainer: 
    ImportImageContainer (0x51a5a20)
      RTTI typeinfo:   itk::ImportImageContainer<unsigned long, double>
      Reference Count: 1
      Modified Time: 1200
      Debug: Off
      Object Name: 
      Observers: 
        none
      Pointer: 0x154bf397a010
      Container manages memory: true
      Size: 8530021
      Capacity: 8530021

     Moving image = Image (0x51a0d70)
  RTTI typeinfo:   itk::Image<double, 3u>
  Reference Count: 2
  Modified Time: 1593
  Debug: Off
  Object Name: 
  Observers: 
    none
  Source: (none)
  Source output name: (none)
  Release Data: Off
  Data Released: False
  Global Release Data: Off
  PipelineMTime: 0
  UpdateMTime: 1590
  RealTimeStamp: 0 seconds 
  LargestPossibleRegion: 
    Dimension: 3
    Index: [0, 0, 0]
    Size: [160, 240, 256]
  BufferedRegion: 
    Dimension: 3
    Index: [0, 0, 0]
    Size: [160, 240, 256]
  RequestedRegion: 
    Dimension: 3
    Index: [0, 0, 0]
    Size: [160, 240, 256]
  Spacing: [1, 1, 1]
  Origin: [91.5134, 94.282, -109.927]
  Direction: 
-0.99591 -0.0698718 -0.0572835
0.0697565 -0.997556 0.00401236
-0.0574239 5.01125e-08 0.99835

  IndexToPointMatrix: 
-0.99591 -0.0698718 -0.0572835
0.0697565 -0.997556 0.00401236
-0.0574239 5.01125e-08 0.99835

  PointToIndexMatrix: 
-0.99591 0.0697565 -0.0574239
-0.0698718 -0.997556 5.01483e-08
-0.0572835 0.00401236 0.99835

  Inverse Direction: 
-0.99591 0.0697565 -0.0574239
-0.0698718 -0.997556 5.01483e-08
-0.0572835 0.00401236 0.99835

  PixelContainer: 
    ImportImageContainer (0x5158c90)
      RTTI typeinfo:   itk::ImportImageContainer<unsigned long, double>
      Reference Count: 1
      Modified Time: 1587
      Debug: Off
      Object Name: 
      Observers: 
        none
      Pointer: 0x154beee79010
      Container manages memory: true
      Size: 9830400
      Capacity: 9830400

     Weighting = 1
     Sampling strategy = regular
     Number of bins = 32
     Radius = 4
     Sampling percentage  = 0.25
   Transform = Affine
     Gradient step = 0.1
     Update field sigma (voxel space) = 0
     Total field sigma (voxel space) = 0
     Update field time sigma = 0
     Total field time sigma  = 0
     Number of time indices = 0
     Number of time point samples = 0
Registration using 1 total stages.

Stage 0
  iterations = 1000x500x250x100
  convergence threshold = 1e-06
  convergence window size = 10
  number of levels = 4
  using the Mattes MI metric (number of bins = 32, weight = 1, use gradient filter = 0)
  preprocessing:  winsorizing the image intensities
  Shrink factors (level 1 out of 4): [8, 8, 8]
  Shrink factors (level 2 out of 4): [4, 4, 4]
  Shrink factors (level 3 out of 4): [2, 2, 2]
  Shrink factors (level 4 out of 4): [1, 1, 1]
  smoothing sigmas per level: [3, 2, 1, 0]
  regular sampling (percentage = 0.25)

*** Running AffineTransform registration ***

DIAGNOSTIC,Iteration,metricValue,convergenceValue,ITERATION_TIME_INDEX,SINCE_LAST
 2DIAGNOSTIC,     1, -6.382800553706e-01, 1.797693134862e+308, 7.0496e-01, 7.0496e-01, 
 2DIAGNOSTIC,     2, -6.407454785841e-01, 1.797693134862e+308, 7.0998e-01, 5.0161e-03, 
 2DIAGNOSTIC,     3, -6.451555807933e-01, 1.797693134862e+308, 7.1488e-01, 4.9009e-03, 
 2DIAGNOSTIC,     4, -6.521816563997e-01, 1.797693134862e+308, 7.1978e-01, 4.9021e-03, 
 2DIAGNOSTIC,     5, -6.630834011666e-01, 1.797693134862e+308, 7.2475e-01, 4.9691e-03, 
 2DIAGNOSTIC,     6, -6.815428624552e-01, 1.797693134862e+308, 7.2966e-01, 4.9140e-03, 
 2DIAGNOSTIC,     7, -7.249687209391e-01, 1.797693134862e+308, 7.3553e-01, 5.8639e-03, 
 2DIAGNOSTIC,     8, -8.401961103926e-01, 1.797693134862e+308, 7.4071e-01, 5.1849e-03, 
 2DIAGNOSTIC,     9, -8.671980388938e-01, 1.797693134862e+308, 7.4881e-01, 8.0979e-03, 
 2DIAGNOSTIC,    10, -8.691091172828e-01, 2.371752197793e-02, 7.5405e-01, 5.2419e-03, 
 2DIAGNOSTIC,    11, -8.787649304335e-01, 2.366563959885e-02, 7.5931e-01, 5.2540e-03, 
 2DIAGNOSTIC,    12, -8.887232446826e-01, 2.187591561024e-02, 7.6464e-01, 5.3380e-03, 
 2DIAGNOSTIC,    13, -8.929055749720e-01, 1.863966931319e-02, 7.7060e-01, 5.9581e-03, 
 2DIAGNOSTIC,    14, -8.987244575595e-01, 1.459557371645e-02, 7.7692e-01, 6.3221e-03, 
 2DIAGNOSTIC,    15, -9.051731265227e-01, 1.031528410772e-02, 7.8478e-01, 7.8540e-03, 
 2DIAGNOSTIC,    16, -9.052602136162e-01, 6.140167899724e-03, 7.9152e-01, 6.7430e-03, 
 2DIAGNOSTIC,    17, -9.053700936414e-01, 2.818564122638e-03, 7.9733e-01, 5.8060e-03, 
 2DIAGNOSTIC,    18, -9.053610672433e-01, 1.917749089597e-03, 8.0275e-01, 5.4190e-03, 
 2DIAGNOSTIC,    19, -9.052693280685e-01, 1.448454493880e-03, 8.0802e-01, 5.2741e-03, 
 2DIAGNOSTIC,    20, -9.055443851416e-01, 9.325015174029e-04, 8.1326e-01, 5.2419e-03, 
 2DIAGNOSTIC,    21, -9.057013703636e-01, 5.449021039032e-04, 8.1918e-01, 5.9190e-03, 
 2DIAGNOSTIC,    22, -9.058844024798e-01, 3.064879721007e-04, 8.2461e-01, 5.4340e-03, 
 2DIAGNOSTIC,    23, -9.059356060342e-01, 1.247542418260e-04, 8.3057e-01, 5.9521e-03, 
 2DIAGNOSTIC,    24, -9.060929665600e-01, 3.118511352852e-05, 8.3582e-01, 5.2550e-03, 
 2DIAGNOSTIC,    25, -9.061372840805e-01, 3.187436251467e-05, 8.4140e-01, 5.5768e-03, 
 2DIAGNOSTIC,    26, -9.063551966567e-01, 3.355172237871e-05, 8.4699e-01, 5.5909e-03, 
 2DIAGNOSTIC,    27, -9.065715635166e-01, 3.613721937087e-05, 8.5348e-01, 6.4859e-03, 
 2DIAGNOSTIC,    28, -9.068171921338e-01, 3.815308702482e-05, 8.6217e-01, 8.6989e-03, 
 2DIAGNOSTIC,    29, -9.065812307710e-01, 3.263990815413e-05, 8.6826e-01, 6.0840e-03, 
 2DIAGNOSTIC,    30, -9.063158930688e-01, 2.477339775529e-05, 8.7382e-01, 5.5580e-03, 
 2DIAGNOSTIC,    31, -9.063553448189e-01, 1.737418903264e-05, 8.7960e-01, 5.7840e-03, 
 2DIAGNOSTIC,    32, -9.063968272886e-01, 1.115695545283e-05, 8.8527e-01, 5.6732e-03, 
 2DIAGNOSTIC,    33, -9.064268295516e-01, 5.114744044063e-06, 8.9091e-01, 5.6410e-03, 
DIAGNOSTIC,Iteration,metricValue,convergenceValue,ITERATION_TIME_INDEX,SINCE_LAST
 2DIAGNOSTIC,     1, -7.444977322048e-01, 1.797693134862e+308, 1.6923e+00, 8.0135e-01, 
 2DIAGNOSTIC,     2, -7.452614020306e-01, 1.797693134862e+308, 1.7275e+00, 3.5273e-02, 
 2DIAGNOSTIC,     3, -7.460265792757e-01, 1.797693134862e+308, 1.7632e+00, 3.5637e-02, 
 2DIAGNOSTIC,     4, -7.467248875781e-01, 1.797693134862e+308, 1.7985e+00, 3.5340e-02, 
 2DIAGNOSTIC,     5, -7.474315595155e-01, 1.797693134862e+308, 1.8339e+00, 3.5338e-02, 
 2DIAGNOSTIC,     6, -7.483545672070e-01, 1.797693134862e+308, 1.9059e+00, 7.1995e-02, 
 2DIAGNOSTIC,     7, -7.483546384293e-01, 1.797693134862e+308, 1.9404e+00, 3.4577e-02, 
 2DIAGNOSTIC,     8, -7.483556982956e-01, 1.797693134862e+308, 1.9755e+00, 3.5021e-02, 
 2DIAGNOSTIC,     9, -7.483801643945e-01, 1.797693134862e+308, 2.0103e+00, 3.4829e-02, 
 2DIAGNOSTIC,    10, -7.484150545238e-01, 3.527697973644e-04, 2.0512e+00, 4.0897e-02, 
 2DIAGNOSTIC,    11, -7.484404300578e-01, 2.400475246761e-04, 2.0872e+00, 3.6007e-02, 
 2DIAGNOSTIC,    12, -7.484483988709e-01, 1.491594074088e-04, 2.1273e+00, 4.0128e-02, 
 2DIAGNOSTIC,    13, -7.484649397643e-01, 8.202899614165e-05, 2.1647e+00, 3.7430e-02, 
 2DIAGNOSTIC,    14, -7.484948377772e-01, 3.678655672962e-05, 2.2094e+00, 4.4635e-02, 
 2DIAGNOSTIC,    15, -7.485155382012e-01, 1.216412001095e-05, 2.2528e+00, 4.3387e-02, 
 2DIAGNOSTIC,    16, -7.485475267861e-01, 1.238773466131e-05, 2.2914e+00, 3.8636e-02, 
 2DIAGNOSTIC,    17, -7.485592075651e-01, 1.189874905775e-05, 2.3279e+00, 3.6546e-02, 
 2DIAGNOSTIC,    18, -7.485845828482e-01, 1.109829757972e-05, 2.3618e+00, 3.3817e-02, 
 2DIAGNOSTIC,    19, -7.486308179308e-01, 1.090642807235e-05, 2.3953e+00, 3.3530e-02, 
 2DIAGNOSTIC,    20, -7.486506259274e-01, 1.088176524693e-05, 2.4326e+00, 3.7275e-02, 
 2DIAGNOSTIC,    21, -7.486693151620e-01, 1.079510456092e-05, 2.4687e+00, 3.6111e-02, 
 2DIAGNOSTIC,    22, -7.486598975304e-01, 9.829641048488e-06, 2.5085e+00, 3.9846e-02, 
 2DIAGNOSTIC,    23, -7.486538291140e-01, 8.338397705837e-06, 2.5458e+00, 3.7272e-02, 
 2DIAGNOSTIC,    24, -7.486234098505e-01, 6.301928506425e-06, 2.5852e+00, 3.9398e-02, 
 2DIAGNOSTIC,    25, -7.486164195283e-01, 4.165175027451e-06, 2.6212e+00, 3.6025e-02, 
 2DIAGNOSTIC,    26, -7.486177767312e-01, 2.409774909291e-06, 2.6609e+00, 3.9641e-02, 
DIAGNOSTIC,Iteration,metricValue,convergenceValue,ITERATION_TIME_INDEX,SINCE_LAST
 2DIAGNOSTIC,     1, -6.324270432279e-01, 1.797693134862e+308, 3.8143e+00, 1.1534e+00, 
 2DIAGNOSTIC,     2, -6.330308515894e-01, 1.797693134862e+308, 4.0999e+00, 2.8564e-01, 
 2DIAGNOSTIC,     3, -6.336892414627e-01, 1.797693134862e+308, 4.3889e+00, 2.8898e-01, 
 2DIAGNOSTIC,     4, -6.345052550080e-01, 1.797693134862e+308, 4.6895e+00, 3.0063e-01, 
 2DIAGNOSTIC,     5, -6.367330606172e-01, 1.797693134862e+308, 5.2095e+00, 5.1996e-01, 
 2DIAGNOSTIC,     6, -6.367237433313e-01, 1.797693134862e+308, 5.6682e+00, 4.5866e-01, 
 2DIAGNOSTIC,     7, -6.367255725117e-01, 1.797693134862e+308, 6.0978e+00, 4.2961e-01, 
 2DIAGNOSTIC,     8, -6.367233497547e-01, 1.797693134862e+308, 6.4251e+00, 3.2731e-01, 
 2DIAGNOSTIC,     9, -6.367180798444e-01, 1.797693134862e+308, 6.7497e+00, 3.2462e-01, 
 2DIAGNOSTIC,    10, -6.367185420194e-01, 4.807984698835e-04, 7.0315e+00, 2.8184e-01, 
 2DIAGNOSTIC,    11, -6.367179033799e-01, 3.233844627417e-04, 7.3167e+00, 2.8513e-01, 
 2DIAGNOSTIC,    12, -6.367192030544e-01, 1.870823041557e-04, 7.6078e+00, 2.9115e-01, 
 2DIAGNOSTIC,    13, -6.367186173533e-01, 7.786993734565e-05, 7.9191e+00, 3.1129e-01, 
 2DIAGNOSTIC,    14, -6.367169579176e-01, 1.396814490282e-06, 8.2021e+00, 2.8295e-01, 
 2DIAGNOSTIC,    15, -6.367148769865e-01, 1.548589669081e-06, 8.4725e+00, 2.7046e-01, 
 2DIAGNOSTIC,    16, -6.367133034883e-01, 1.426207001456e-06, 8.8341e+00, 3.6162e-01, 
 2DIAGNOSTIC,    17, -6.367143962966e-01, 1.446579144221e-06, 9.1487e+00, 3.1458e-01, 
 2DIAGNOSTIC,    18, -6.367128512894e-01, 1.412400052941e-06, 9.4805e+00, 3.3175e-01, 
 2DIAGNOSTIC,    19, -6.367112904401e-01, 1.255884879738e-06, 9.7706e+00, 2.9013e-01, 
 2DIAGNOSTIC,    20, -6.367119984423e-01, 1.182800361217e-06, 1.0137e+01, 3.6653e-01, 
 2DIAGNOSTIC,    21, -6.367114162127e-01, 1.126595925514e-06, 1.0467e+01, 3.3006e-01, 
 2DIAGNOSTIC,    22, -6.367097645529e-01, 1.103842606834e-06, 1.0796e+01, 3.2930e-01, 
 2DIAGNOSTIC,    23, -6.367106324598e-01, 1.122164381667e-06, 1.1122e+01, 3.2508e-01, 
 2DIAGNOSTIC,    24, -6.367102409622e-01, 1.125979069372e-06, 1.1463e+01, 3.4114e-01, 
 2DIAGNOSTIC,    25, -6.367060221509e-01, 1.036179384580e-06, 1.1746e+01, 2.8367e-01, 
DIAGNOSTIC,Iteration,metricValue,convergenceValue,ITERATION_TIME_INDEX,SINCE_LAST
 2DIAGNOSTIC,     1, -5.627632726435e-01, 1.797693134862e+308, 1.4578e+01, 2.8312e+00, 
 2DIAGNOSTIC,     2, -5.629601930460e-01, 1.797693134862e+308, 1.6190e+01, 1.6126e+00, 
 2DIAGNOSTIC,     3, -5.631750171078e-01, 1.797693134862e+308, 1.8055e+01, 1.8648e+00, 
 2DIAGNOSTIC,     4, -5.635096377829e-01, 1.797693134862e+308, 1.9889e+01, 1.8345e+00, 
 2DIAGNOSTIC,     5, -5.640369353908e-01, 1.797693134862e+308, 2.3890e+01, 4.0003e+00, 
 2DIAGNOSTIC,     6, -5.640375089218e-01, 1.797693134862e+308, 2.6113e+01, 2.2235e+00, 
 2DIAGNOSTIC,     7, -5.640372648612e-01, 1.797693134862e+308, 2.8280e+01, 2.1670e+00, 
 2DIAGNOSTIC,     8, -5.640373166606e-01, 1.797693134862e+308, 3.0383e+01, 2.1029e+00, 
 2DIAGNOSTIC,     9, -5.640373575055e-01, 1.797693134862e+308, 3.2377e+01, 1.9941e+00, 
 2DIAGNOSTIC,    10, -5.640371844243e-01, 1.578142051876e-04, 3.4662e+01, 2.2852e+00, 
 2DIAGNOSTIC,    11, -5.640369385532e-01, 1.037595472538e-04, 3.6478e+01, 1.8157e+00, 
 2DIAGNOSTIC,    12, -5.640368226440e-01, 5.821620225906e-05, 3.8250e+01, 1.7716e+00, 
 2DIAGNOSTIC,    13, -5.640367282472e-01, 2.286832428296e-05, 3.9931e+01, 1.6814e+00, 
 2DIAGNOSTIC,    14, -5.640368172595e-01, 2.225836971986e-06, 4.1780e+01, 1.8489e+00, 
 2DIAGNOSTIC,    15, -5.640367356962e-01, 2.058830449458e-06, 4.3658e+01, 1.8776e+00, 
 2DIAGNOSTIC,    16, -5.640366665878e-01, 1.934841472664e-06, 4.5456e+01, 1.7984e+00, 
 2DIAGNOSTIC,    17, -5.640366512443e-01, 1.822789138427e-06, 4.7156e+01, 1.6999e+00, 
 2DIAGNOSTIC,    18, -5.640366608582e-01, 1.729243943503e-06, 4.8786e+01, 1.6298e+00, 
 2DIAGNOSTIC,    19, -5.640364841523e-01, 1.645462620645e-06, 5.1005e+01, 2.2197e+00, 
 2DIAGNOSTIC,    20, -5.640365493409e-01, 1.570328561289e-06, 5.2848e+01, 1.8428e+00, 
 2DIAGNOSTIC,    21, -5.640361501954e-01, 1.488830797751e-06, 5.4561e+01, 1.7132e+00, 
 2DIAGNOSTIC,    22, -5.640362213099e-01, 1.416463813651e-06, 5.6635e+01, 2.0732e+00, 
 2DIAGNOSTIC,    23, -5.640361201423e-01, 1.348684576533e-06, 5.8357e+01, 1.7226e+00, 
 2DIAGNOSTIC,    24, -5.640359035500e-01, 1.287158898015e-06, 6.0275e+01, 1.9173e+00, 
 2DIAGNOSTIC,    25, -5.640360142283e-01, 1.234954468597e-06, 6.1956e+01, 1.6817e+00, 
 2DIAGNOSTIC,    26, -5.640359073698e-01, 1.186840421330e-06, 6.3920e+01, 1.9640e+00, 
 2DIAGNOSTIC,    27, -5.640360093506e-01, 1.147390486102e-06, 6.6302e+01, 2.3817e+00, 
 2DIAGNOSTIC,    28, -5.640358874209e-01, 1.111651024413e-06, 6.8202e+01, 1.8996e+00, 
 2DIAGNOSTIC,    29, -5.640357702831e-01, 1.075620039252e-06, 7.0196e+01, 1.9941e+00, 
 2DIAGNOSTIC,    30, -5.640356659331e-01, 1.043596551800e-06, 7.2167e+01, 1.9712e+00, 
 2DIAGNOSTIC,    31, -5.640353993762e-01, 1.004322033323e-06, 7.3834e+01, 1.6668e+00, 
  Elapsed time (stage 0): 7.4923e+01


Total elapsed time: 7.4927e+01
Info [verificarlo]: loaded backend libinterflop_vprec.so
