
##########################
# Experiment information #
##########################

EXPERIMENT_NAME: antsRegistration-r8-p14
VFC_BACKENDS: libinterflop_vprec.so --range-binary32=8 --precision-binary32=14 --range-binary64=8 --precision-binary64=14

SIF_IMG: /home/mdugre/projects/rrg-glatard/mdugre/containers/ants-vprec-no_metrics.simg

SUBJECT_ID: s037
INPUT_IMG: /home/mdugre/scratch/mri-registration-rp/datasets/ds004513/derivatives/mri-registration-rp/antsBrainExtraction/sub-s037/BrainExtractionBrain.nii.gz
OUTPUT_DIR: /home/mdugre/scratch/mri-registration-rp/datasets/ds004513/derivatives/mri-registration-rp/0001/antsRegistration-r8-p14/sub-s037

FIXED_IMG: /templateflow/tpl-MNI152NLin2009cAsym/tpl-MNI152NLin2009cAsym_res-01_desc-brain_T1w.nii.gz
DATA_DIR: /home/mdugre/scratch/mri-registration-rp/datasets/ds004513
TEMPLATEFLOW_DIR: /home/mdugre/projects/rrg-glatard/mdugre/templateflow
ITK_GLOBAL_DEFAULT_NUMBER_OF_THREADS: 16
##########################

Info [verificarlo]: loaded backend libinterflop_ieee.so
Info [interflop-ieee]: load backend with:
Info [interflop-ieee]: debug = false
Info [interflop-ieee]: debug-binary = false
Info [interflop-ieee]: no-backend-name = false
Info [interflop-ieee]: print-new-line = false
Info [interflop-ieee]: print-subnormal-normalized = false
Info [interflop-ieee]: count-op = false
All_Command_lines_OK
Using double precision for computations.
=============================================================================
The composite transform comprises the following transforms (in order): 
  1. Center of mass alignment using fixed image: /templateflow/tpl-MNI152NLin2009cAsym/tpl-MNI152NLin2009cAsym_res-01_desc-brain_T1w.nii.gz and moving image: /home/mdugre/scratch/mri-registration-rp/datasets/ds004513/derivatives/mri-registration-rp/antsBrainExtraction/sub-s037/BrainExtractionBrain.nii.gz (type = Euler3DTransform)
=============================================================================
  number of levels = 1
  fixed image: /templateflow/tpl-MNI152NLin2009cAsym/tpl-MNI152NLin2009cAsym_res-01_desc-brain_T1w.nii.gz
  moving image: /home/mdugre/scratch/mri-registration-rp/datasets/ds004513/derivatives/mri-registration-rp/antsBrainExtraction/sub-s037/BrainExtractionBrain.nii.gz
Dimension = 3
Number of stages = 1
Use histogram matching = false
Winsorize image intensities = true
  Lower quantile = 0.005
  Upper quantile = 0.995


Stage 1 State
   Image metric = MattesMI
     Fixed image = Image (0x4d4ee70)
  RTTI typeinfo:   itk::Image<double, 3u>
  Reference Count: 2
  Modified Time: 2330
  Debug: Off
  Object Name: 
  Observers: 
    none
  Source: (none)
  Source output name: (none)
  Release Data: Off
  Data Released: False
  Global Release Data: Off
  PipelineMTime: 0
  UpdateMTime: 1941
  RealTimeStamp: 0 seconds 
  LargestPossibleRegion: 
    Dimension: 3
    Index: [0, 0, 0]
    Size: [193, 229, 193]
  BufferedRegion: 
    Dimension: 3
    Index: [0, 0, 0]
    Size: [193, 229, 193]
  RequestedRegion: 
    Dimension: 3
    Index: [0, 0, 0]
    Size: [193, 229, 193]
  Spacing: [1, 1, 1]
  Origin: [96, 132, -78]
  Direction: 
-1 0 0
0 -1 0
0 0 1

  IndexToPointMatrix: 
-1 0 0
0 -1 0
0 0 1

  PointToIndexMatrix: 
-1 0 0
0 -1 0
0 0 1

  Inverse Direction: 
-1 0 0
0 -1 0
0 0 1

  PixelContainer: 
    ImportImageContainer (0x4d57c60)
      RTTI typeinfo:   itk::ImportImageContainer<unsigned long, double>
      Reference Count: 1
      Modified Time: 1938
      Debug: Off
      Object Name: 
      Observers: 
        none
      Pointer: 0x1493dc610010
      Container manages memory: true
      Size: 8530021
      Capacity: 8530021

     Moving image = Image (0x4debec0)
  RTTI typeinfo:   itk::Image<double, 3u>
  Reference Count: 2
  Modified Time: 2331
  Debug: Off
  Object Name: 
  Observers: 
    none
  Source: (none)
  Source output name: (none)
  Release Data: Off
  Data Released: False
  Global Release Data: Off
  PipelineMTime: 0
  UpdateMTime: 2328
  RealTimeStamp: 0 seconds 
  LargestPossibleRegion: 
    Dimension: 3
    Index: [0, 0, 0]
    Size: [160, 240, 256]
  BufferedRegion: 
    Dimension: 3
    Index: [0, 0, 0]
    Size: [160, 240, 256]
  RequestedRegion: 
    Dimension: 3
    Index: [0, 0, 0]
    Size: [160, 240, 256]
  Spacing: [1, 1, 1]
  Origin: [87.9508, 102.562, -147.639]
  Direction: 
-0.998659 -0.0436121 -0.0279129
0.043595 -0.999049 0.00121847
-0.0279395 -2.65543e-08 0.99961

  IndexToPointMatrix: 
-0.998659 -0.0436121 -0.0279129
0.043595 -0.999049 0.00121847
-0.0279395 -2.65543e-08 0.99961

  PointToIndexMatrix: 
-0.998659 0.043595 -0.0279395
-0.0436121 -0.999049 -2.65517e-08
-0.0279129 0.00121847 0.99961

  Inverse Direction: 
-0.998659 0.043595 -0.0279395
-0.0436121 -0.999049 -2.65517e-08
-0.0279129 0.00121847 0.99961

  PixelContainer: 
    ImportImageContainer (0x4e83610)
      RTTI typeinfo:   itk::ImportImageContainer<unsigned long, double>
      Reference Count: 1
      Modified Time: 2325
      Debug: Off
      Object Name: 
      Observers: 
        none
      Pointer: 0x1493d7b0f010
      Container manages memory: true
      Size: 9830400
      Capacity: 9830400

     Weighting = 1
     Sampling strategy = regular
     Number of bins = 32
     Radius = 4
     Sampling percentage  = 0.25
   Transform = Rigid
     Gradient step = 0.1
     Update field sigma (voxel space) = 0
     Total field sigma (voxel space) = 0
     Update field time sigma = 0
     Total field time sigma  = 0
     Number of time indices = 0
     Number of time point samples = 0
Registration using 1 total stages.

Stage 0
  iterations = 0
  convergence threshold = 1e-06
  convergence window size = 10
  number of levels = 1
  using the Mattes MI metric (number of bins = 32, weight = 1, use gradient filter = 0)
  preprocessing:  winsorizing the image intensities
  Shrink factors (level 1 out of 1): [1, 1, 1]
  smoothing sigmas per level: [0]
  regular sampling (percentage = 0.25)

*** Running Euler3DTransform registration ***

  Elapsed time (stage 0): 1.15226


Total elapsed time: 1.15456
Info [verificarlo]: loaded backend libinterflop_ieee.so
Info [interflop-ieee]: load backend with:
Info [interflop-ieee]: debug = false
Info [interflop-ieee]: debug-binary = false
Info [interflop-ieee]: no-backend-name = false
Info [interflop-ieee]: print-new-line = false
Info [interflop-ieee]: print-subnormal-normalized = false
Info [interflop-ieee]: count-op = false
All_Command_lines_OK
Using double precision for computations.
=============================================================================
The composite transform comprises the following transforms (in order): 
  1. /home/mdugre/scratch/mri-registration-rp/datasets/ds004513/derivatives/mri-registration-rp/0001/antsRegistration-r8-p14/sub-s037/align_Composite.h5[0] (type = Euler3DTransform)
  2. /home/mdugre/scratch/mri-registration-rp/datasets/ds004513/derivatives/mri-registration-rp/0001/antsRegistration-r8-p14/sub-s037/align_Composite.h5[1] (type = Euler3DTransform)
=============================================================================
  number of levels = 4
  fixed image: /templateflow/tpl-MNI152NLin2009cAsym/tpl-MNI152NLin2009cAsym_res-01_desc-brain_T1w.nii.gz
  moving image: /home/mdugre/scratch/mri-registration-rp/datasets/ds004513/derivatives/mri-registration-rp/antsBrainExtraction/sub-s037/BrainExtractionBrain.nii.gz
Dimension = 3
Number of stages = 1
Use histogram matching = false
Winsorize image intensities = true
  Lower quantile = 0.005
  Upper quantile = 0.995


Stage 1 State
   Image metric = MattesMI
     Fixed image = Image (0x333e530)
  RTTI typeinfo:   itk::Image<double, 3u>
  Reference Count: 2
  Modified Time: 1578
  Debug: Off
  Object Name: 
  Observers: 
    none
  Source: (none)
  Source output name: (none)
  Release Data: Off
  Data Released: False
  Global Release Data: Off
  PipelineMTime: 0
  UpdateMTime: 1189
  RealTimeStamp: 0 seconds 
  LargestPossibleRegion: 
    Dimension: 3
    Index: [0, 0, 0]
    Size: [193, 229, 193]
  BufferedRegion: 
    Dimension: 3
    Index: [0, 0, 0]
    Size: [193, 229, 193]
  RequestedRegion: 
    Dimension: 3
    Index: [0, 0, 0]
    Size: [193, 229, 193]
  Spacing: [1, 1, 1]
  Origin: [96, 132, -78]
  Direction: 
-1 0 0
0 -1 0
0 0 1

  IndexToPointMatrix: 
-1 0 0
0 -1 0
0 0 1

  PointToIndexMatrix: 
-1 0 0
0 -1 0
0 0 1

  Inverse Direction: 
-1 0 0
0 -1 0
0 0 1

  PixelContainer: 
    ImportImageContainer (0x33fcd60)
      RTTI typeinfo:   itk::ImportImageContainer<unsigned long, double>
      Reference Count: 1
      Modified Time: 1186
      Debug: Off
      Object Name: 
      Observers: 
        none
      Pointer: 0x149a6b0ad010
      Container manages memory: true
      Size: 8530021
      Capacity: 8530021

     Moving image = Image (0x33eef60)
  RTTI typeinfo:   itk::Image<double, 3u>
  Reference Count: 2
  Modified Time: 1579
  Debug: Off
  Object Name: 
  Observers: 
    none
  Source: (none)
  Source output name: (none)
  Release Data: Off
  Data Released: False
  Global Release Data: Off
  PipelineMTime: 0
  UpdateMTime: 1576
  RealTimeStamp: 0 seconds 
  LargestPossibleRegion: 
    Dimension: 3
    Index: [0, 0, 0]
    Size: [160, 240, 256]
  BufferedRegion: 
    Dimension: 3
    Index: [0, 0, 0]
    Size: [160, 240, 256]
  RequestedRegion: 
    Dimension: 3
    Index: [0, 0, 0]
    Size: [160, 240, 256]
  Spacing: [1, 1, 1]
  Origin: [87.9508, 102.562, -147.639]
  Direction: 
-0.998659 -0.0436121 -0.0279129
0.043595 -0.999049 0.00121847
-0.0279395 -2.65543e-08 0.99961

  IndexToPointMatrix: 
-0.998659 -0.0436121 -0.0279129
0.043595 -0.999049 0.00121847
-0.0279395 -2.65543e-08 0.99961

  PointToIndexMatrix: 
-0.998659 0.043595 -0.0279395
-0.0436121 -0.999049 -2.65517e-08
-0.0279129 0.00121847 0.99961

  Inverse Direction: 
-0.998659 0.043595 -0.0279395
-0.0436121 -0.999049 -2.65517e-08
-0.0279129 0.00121847 0.99961

  PixelContainer: 
    ImportImageContainer (0x33e06d0)
      RTTI typeinfo:   itk::ImportImageContainer<unsigned long, double>
      Reference Count: 1
      Modified Time: 1573
      Debug: Off
      Object Name: 
      Observers: 
        none
      Pointer: 0x149a665ac010
      Container manages memory: true
      Size: 9830400
      Capacity: 9830400

     Weighting = 1
     Sampling strategy = regular
     Number of bins = 32
     Radius = 4
     Sampling percentage  = 0.25
   Transform = Rigid
     Gradient step = 0.1
     Update field sigma (voxel space) = 0
     Total field sigma (voxel space) = 0
     Update field time sigma = 0
     Total field time sigma  = 0
     Number of time indices = 0
     Number of time point samples = 0
Registration using 1 total stages.

Stage 0
  iterations = 1000x500x250x100
  convergence threshold = 1e-06
  convergence window size = 10
  number of levels = 4
  using the Mattes MI metric (number of bins = 32, weight = 1, use gradient filter = 0)
  preprocessing:  winsorizing the image intensities
  Shrink factors (level 1 out of 4): [8, 8, 8]
  Shrink factors (level 2 out of 4): [4, 4, 4]
  Shrink factors (level 3 out of 4): [2, 2, 2]
  Shrink factors (level 4 out of 4): [1, 1, 1]
  smoothing sigmas per level: [3, 2, 1, 0]
  regular sampling (percentage = 0.25)

*** Running Euler3DTransform registration ***

DIAGNOSTIC,Iteration,metricValue,convergenceValue,ITERATION_TIME_INDEX,SINCE_LAST
 2DIAGNOSTIC,     1, -4.299060189477e-01, 1.797693134862e+308, 7.5406e-01, 7.5406e-01, 
 2DIAGNOSTIC,     2, -4.311703807429e-01, 1.797693134862e+308, 7.5951e-01, 5.4440e-03, 
 2DIAGNOSTIC,     3, -4.334997061176e-01, 1.797693134862e+308, 7.6420e-01, 4.6971e-03, 
 2DIAGNOSTIC,     4, -4.389575130370e-01, 1.797693134862e+308, 7.6886e-01, 4.6561e-03, 
 2DIAGNOSTIC,     5, -4.438813134482e-01, 1.797693134862e+308, 7.7349e-01, 4.6329e-03, 
 2DIAGNOSTIC,     6, -4.461495460377e-01, 1.797693134862e+308, 7.7808e-01, 4.5900e-03, 
 2DIAGNOSTIC,     7, -4.511407144429e-01, 1.797693134862e+308, 7.8354e-01, 5.4510e-03, 
 2DIAGNOSTIC,     8, -4.667812032718e-01, 1.797693134862e+308, 7.8888e-01, 5.3470e-03, 
 2DIAGNOSTIC,     9, -4.753090114372e-01, 1.797693134862e+308, 7.9411e-01, 5.2321e-03, 
 2DIAGNOSTIC,    10, -4.802481719655e-01, 7.481707542057e-03, 7.9957e-01, 5.4600e-03, 
 2DIAGNOSTIC,    11, -4.821261368877e-01, 7.356704266140e-03, 8.0439e-01, 4.8199e-03, 
 2DIAGNOSTIC,    12, -4.837491005315e-01, 6.749992380102e-03, 8.1001e-01, 5.6140e-03, 
 2DIAGNOSTIC,    13, -5.028244927603e-01, 6.622215038705e-03, 8.1783e-01, 7.8192e-03, 
 2DIAGNOSTIC,    14, -5.042109134428e-01, 6.183615245762e-03, 8.2251e-01, 4.6802e-03, 
 2DIAGNOSTIC,    15, -5.066116081838e-01, 5.558135432323e-03, 8.2717e-01, 4.6611e-03, 
 2DIAGNOSTIC,    16, -5.083451635781e-01, 4.676295421026e-03, 8.3183e-01, 4.6630e-03, 
 2DIAGNOSTIC,    17, -5.184993492962e-01, 3.998770501400e-03, 8.3904e-01, 7.2122e-03, 
 2DIAGNOSTIC,    18, -5.256348855816e-01, 3.769024583937e-03, 8.4374e-01, 4.6980e-03, 
 2DIAGNOSTIC,    19, -5.260487274729e-01, 3.491513196350e-03, 8.4938e-01, 5.6431e-03, 
 2DIAGNOSTIC,    20, -5.292109522704e-01, 3.174906781943e-03, 8.5476e-01, 5.3730e-03, 
 2DIAGNOSTIC,    21, -5.301818314768e-01, 2.681600140509e-03, 8.5947e-01, 4.7081e-03, 
 2DIAGNOSTIC,    22, -5.312241498673e-01, 2.041189249310e-03, 8.6476e-01, 5.2900e-03, 
 2DIAGNOSTIC,    23, -5.321371514226e-01, 1.776979967229e-03, 8.7053e-01, 5.7740e-03, 
 2DIAGNOSTIC,    24, -5.330747290665e-01, 1.429098789103e-03, 8.7545e-01, 4.9231e-03, 
 2DIAGNOSTIC,    25, -5.340979487299e-01, 1.060388124019e-03, 8.8066e-01, 5.2040e-03, 
 2DIAGNOSTIC,    26, -5.353301983076e-01, 6.839355179272e-04, 8.8706e-01, 6.4080e-03, 
 2DIAGNOSTIC,    27, -5.359878055495e-01, 5.005589579198e-04, 8.9168e-01, 4.6172e-03, 
 2DIAGNOSTIC,    28, -5.363339089126e-01, 4.385720998287e-04, 8.9629e-01, 4.6051e-03, 
 2DIAGNOSTIC,    29, -5.373051090914e-01, 3.660307714296e-04, 9.0103e-01, 4.7460e-03, 
 2DIAGNOSTIC,    30, -5.398201279979e-01, 3.716002563657e-04, 9.0662e-01, 5.5869e-03, 
 2DIAGNOSTIC,    31, -5.446418692857e-01, 4.465226996319e-04, 9.1826e-01, 1.1644e-02, 
 2DIAGNOSTIC,    32, -5.446641503655e-01, 4.912531263035e-04, 9.2282e-01, 4.5519e-03, 
 2DIAGNOSTIC,    33, -5.447643177468e-01, 5.056318498100e-04, 9.2729e-01, 4.4699e-03, 
 2DIAGNOSTIC,    34, -5.449308078940e-01, 4.903949232754e-04, 9.3181e-01, 4.5259e-03, 
 2DIAGNOSTIC,    35, -5.452043488396e-01, 4.491409098654e-04, 9.3630e-01, 4.4858e-03, 
 2DIAGNOSTIC,    36, -5.456973990296e-01, 3.933013416927e-04, 9.4076e-01, 4.4649e-03, 
 2DIAGNOSTIC,    37, -5.462998802309e-01, 3.227866383162e-04, 9.4532e-01, 4.5559e-03, 
 2DIAGNOSTIC,    38, -5.470544146454e-01, 2.429375239104e-04, 9.4984e-01, 4.5230e-03, 
 2DIAGNOSTIC,    39, -5.483331192050e-01, 1.763419246738e-04, 9.5491e-01, 5.0640e-03, 
 2DIAGNOSTIC,    40, -5.485726453522e-01, 1.327741200580e-04, 9.5939e-01, 4.4820e-03, 
 2DIAGNOSTIC,    41, -5.488484331275e-01, 1.482829949097e-04, 9.6456e-01, 5.1699e-03, 
 2DIAGNOSTIC,    42, -5.491453560763e-01, 1.532254309181e-04, 9.6933e-01, 4.7691e-03, 
 2DIAGNOSTIC,    43, -5.502446812975e-01, 1.586588397875e-04, 9.7495e-01, 5.6250e-03, 
 2DIAGNOSTIC,    44, -5.634845531050e-01, 3.167370118545e-04, 9.8162e-01, 6.6650e-03, 
 2DIAGNOSTIC,    45, -5.666715390994e-01, 4.748830434812e-04, 9.8708e-01, 5.4598e-03, 
 2DIAGNOSTIC,    46, -5.686972768161e-01, 6.114213398831e-04, 9.9225e-01, 5.1689e-03, 
 2DIAGNOSTIC,    47, -5.691050597938e-01, 6.971853836913e-04, 9.9684e-01, 4.5979e-03, 
 2DIAGNOSTIC,    48, -5.696222268904e-01, 7.265850794973e-04, 1.0014e+00, 4.5788e-03, 
 2DIAGNOSTIC,    49, -5.705256160659e-01, 7.072039493639e-04, 1.0065e+00, 5.0559e-03, 
 2DIAGNOSTIC,    50, -5.708738369707e-01, 6.262872574999e-04, 1.0123e+00, 5.8451e-03, 
 2DIAGNOSTIC,    51, -5.709343522208e-01, 4.945100068804e-04, 1.0171e+00, 4.8220e-03, 
 2DIAGNOSTIC,    52, -5.718289115709e-01, 3.353342994460e-04, 1.0222e+00, 5.0890e-03, 
 2DIAGNOSTIC,    53, -5.725943557554e-01, 1.662731952140e-04, 1.0268e+00, 4.5440e-03, 
 2DIAGNOSTIC,    54, -5.749300871336e-01, 1.436678429246e-04, 1.0316e+00, 4.7820e-03, 
 2DIAGNOSTIC,    55, -5.798974967249e-01, 1.875012550647e-04, 1.0383e+00, 6.6981e-03, 
 2DIAGNOSTIC,    56, -5.809722977453e-01, 2.406421227077e-04, 1.0430e+00, 4.7181e-03, 
 2DIAGNOSTIC,    57, -5.828168967575e-01, 2.904689617601e-04, 1.0487e+00, 5.6820e-03, 
 2DIAGNOSTIC,    58, -5.852638449543e-01, 3.380160292907e-04, 1.0549e+00, 6.2091e-03, 
 2DIAGNOSTIC,    59, -5.854123599299e-01, 3.601870824837e-04, 1.0594e+00, 4.5471e-03, 
 2DIAGNOSTIC,    60, -5.860761694790e-01, 3.558743083776e-04, 1.0648e+00, 5.3408e-03, 
 2DIAGNOSTIC,    61, -5.863251323537e-01, 3.203116100756e-04, 1.0692e+00, 4.4861e-03, 
 2DIAGNOSTIC,    62, -5.864125159475e-01, 2.641532626713e-04, 1.0738e+00, 4.5431e-03, 
 2DIAGNOSTIC,    63, -5.865007036146e-01, 1.916230739590e-04, 1.0789e+00, 5.0879e-03, 
 2DIAGNOSTIC,    64, -5.866194121121e-01, 1.227157526930e-04, 1.0839e+00, 5.0609e-03, 
 2DIAGNOSTIC,    65, -5.866673836664e-01, 8.556295499454e-05, 1.0889e+00, 4.9849e-03, 
 2DIAGNOSTIC,    66, -5.865814025866e-01, 4.920750652749e-05, 1.0940e+00, 5.0650e-03, 
 2DIAGNOSTIC,    67, -5.865112714266e-01, 2.296069075319e-05, 1.0985e+00, 4.4780e-03, 
 2DIAGNOSTIC,    68, -5.865290216072e-01, 1.464593311157e-05, 1.1030e+00, 4.4930e-03, 
 2DIAGNOSTIC,    69, -5.865534454870e-01, 6.406397205453e-06, 1.1074e+00, 4.4680e-03, 
 2DIAGNOSTIC,    70, -5.865924254814e-01, 3.102523615565e-06, 1.1119e+00, 4.4751e-03, 
 2DIAGNOSTIC,    71, -5.866672957999e-01, 2.065500247388e-06, 1.1167e+00, 4.8370e-03, 
 2DIAGNOSTIC,    72, -5.868605046258e-01, 2.959508828206e-06, 1.1215e+00, 4.7982e-03, 
 2DIAGNOSTIC,    73, -5.870389107467e-01, 5.449232637133e-06, 1.1282e+00, 6.6490e-03, 
 2DIAGNOSTIC,    74, -5.870622644034e-01, 8.354456538916e-06, 1.1326e+00, 4.4000e-03, 
 2DIAGNOSTIC,    75, -5.870640170903e-01, 1.080184175595e-05, 1.1377e+00, 5.1060e-03, 
 2DIAGNOSTIC,    76, -5.871887829577e-01, 1.247480346693e-05, 1.1519e+00, 1.4179e-02, 
 2DIAGNOSTIC,    77, -5.871887478882e-01, 1.241678127170e-05, 1.1563e+00, 4.4441e-03, 
 2DIAGNOSTIC,    78, -5.871887893052e-01, 1.131638991417e-05, 1.1608e+00, 4.4611e-03, 
 2DIAGNOSTIC,    79, -5.871888593311e-01, 9.384667094336e-06, 1.1653e+00, 4.5469e-03, 
 2DIAGNOSTIC,    80, -5.871889776771e-01, 6.912946832889e-06, 1.1698e+00, 4.4720e-03, 
 2DIAGNOSTIC,    81, -5.871891776080e-01, 4.331688395290e-06, 1.1742e+00, 4.4591e-03, 
 2DIAGNOSTIC,    82, -5.871895151444e-01, 2.637486049329e-06, 1.1787e+00, 4.4611e-03, 
 2DIAGNOSTIC,    83, -5.871900856911e-01, 1.904301720302e-06, 1.1831e+00, 4.4241e-03, 
 2DIAGNOSTIC,    84, -5.871910478964e-01, 1.205326242589e-06, 1.1876e+00, 4.4761e-03, 
DIAGNOSTIC,Iteration,metricValue,convergenceValue,ITERATION_TIME_INDEX,SINCE_LAST
 2DIAGNOSTIC,     1, -4.720890045246e-01, 1.797693134862e+308, 1.9051e+00, 7.1745e-01, 
 2DIAGNOSTIC,     2, -4.728220183894e-01, 1.797693134862e+308, 1.9366e+00, 3.1503e-02, 
 2DIAGNOSTIC,     3, -4.737668939798e-01, 1.797693134862e+308, 1.9704e+00, 3.3807e-02, 
 2DIAGNOSTIC,     4, -4.754225143953e-01, 1.797693134862e+308, 2.0066e+00, 3.6216e-02, 
 2DIAGNOSTIC,     5, -4.792101622188e-01, 1.797693134862e+308, 2.0414e+00, 3.4843e-02, 
 2DIAGNOSTIC,     6, -4.809406704577e-01, 1.797693134862e+308, 2.0742e+00, 3.2815e-02, 
 2DIAGNOSTIC,     7, -4.823399754602e-01, 1.797693134862e+308, 2.1216e+00, 4.7325e-02, 
 2DIAGNOSTIC,     8, -4.823967876010e-01, 1.797693134862e+308, 2.1606e+00, 3.9079e-02, 
 2DIAGNOSTIC,     9, -4.824031060261e-01, 1.797693134862e+308, 2.1962e+00, 3.5596e-02, 
 2DIAGNOSTIC,    10, -4.823999161338e-01, 1.681868856938e-03, 2.2291e+00, 3.2806e-02, 
 2DIAGNOSTIC,    11, -4.824505061778e-01, 1.286840963858e-03, 2.2616e+00, 3.2544e-02, 
 2DIAGNOSTIC,    12, -4.825112598081e-01, 8.834374828063e-04, 2.2915e+00, 2.9876e-02, 
 2DIAGNOSTIC,    13, -4.826416487756e-01, 5.129252702024e-04, 2.3211e+00, 2.9581e-02, 
 2DIAGNOSTIC,    14, -4.826988948109e-01, 2.189913247739e-04, 2.3513e+00, 3.0226e-02, 
 2DIAGNOSTIC,    15, -4.829617592442e-01, 1.034399027163e-04, 2.3850e+00, 3.3735e-02, 
 2DIAGNOSTIC,    16, -4.833411779250e-01, 6.954270358771e-05, 2.4158e+00, 3.0827e-02, 
 2DIAGNOSTIC,    17, -4.839915347530e-01, 1.044406870318e-04, 2.4671e+00, 5.1213e-02, 
 2DIAGNOSTIC,    18, -4.843192381242e-01, 1.382058257826e-04, 2.4978e+00, 3.0773e-02, 
 2DIAGNOSTIC,    19, -4.864514662606e-01, 2.223686937572e-04, 2.5309e+00, 3.3069e-02, 
 2DIAGNOSTIC,    20, -4.883519501889e-01, 3.319931997225e-04, 2.5603e+00, 2.9380e-02, 
 2DIAGNOSTIC,    21, -4.888815999622e-01, 4.156486294086e-04, 2.5905e+00, 3.0198e-02, 
 2DIAGNOSTIC,    22, -4.897278361787e-01, 4.780332159664e-04, 2.6326e+00, 4.2161e-02, 
 2DIAGNOSTIC,    23, -4.908124394828e-01, 5.215562959162e-04, 2.6621e+00, 2.9478e-02, 
 2DIAGNOSTIC,    24, -4.911500004982e-01, 5.211395735895e-04, 2.6964e+00, 3.4292e-02, 
 2DIAGNOSTIC,    25, -4.914078617661e-01, 4.836957667166e-04, 2.7260e+00, 2.9643e-02, 
 2DIAGNOSTIC,    26, -4.919582160579e-01, 4.251908380644e-04, 2.7613e+00, 3.5223e-02, 
 2DIAGNOSTIC,    27, -4.920023034388e-01, 3.467309262414e-04, 2.7924e+00, 3.1167e-02, 
 2DIAGNOSTIC,    28, -4.920519947199e-01, 2.484138433988e-04, 2.8265e+00, 3.4027e-02, 
 2DIAGNOSTIC,    29, -4.921471074326e-01, 1.779748081836e-04, 2.8578e+00, 3.1352e-02, 
 2DIAGNOSTIC,    30, -4.928913308191e-01, 1.473645872172e-04, 2.9047e+00, 4.6866e-02, 
 2DIAGNOSTIC,    31, -4.931560536283e-01, 1.192717544193e-04, 2.9392e+00, 3.4522e-02, 
 2DIAGNOSTIC,    32, -4.931516120948e-01, 9.676027171973e-05, 2.9746e+00, 3.5380e-02, 
 2DIAGNOSTIC,    33, -4.931827402928e-01, 8.664917017451e-05, 3.0071e+00, 3.2551e-02, 
 2DIAGNOSTIC,    34, -4.932351878695e-01, 7.570474312790e-05, 3.0463e+00, 3.9125e-02, 
 2DIAGNOSTIC,    35, -4.933065419943e-01, 6.330420764422e-05, 3.0851e+00, 3.8864e-02, 
 2DIAGNOSTIC,    36, -4.932794172494e-01, 5.405485162758e-05, 3.1219e+00, 3.6748e-02, 
 2DIAGNOSTIC,    37, -4.933612839205e-01, 4.245568957533e-05, 3.1588e+00, 3.6894e-02, 
 2DIAGNOSTIC,    38, -4.934588390420e-01, 2.990932324697e-05, 3.1991e+00, 4.0314e-02, 
 2DIAGNOSTIC,    39, -4.934485306255e-01, 1.619138690846e-05, 3.2405e+00, 4.1458e-02, 
 2DIAGNOSTIC,    40, -4.934595082149e-01, 1.264597667740e-05, 3.2750e+00, 3.4449e-02, 
 2DIAGNOSTIC,    41, -4.934466112439e-01, 1.176561313157e-05, 3.3058e+00, 3.0839e-02, 
 2DIAGNOSTIC,    42, -4.934410855555e-01, 9.735516248197e-06, 3.3371e+00, 3.1290e-02, 
 2DIAGNOSTIC,    43, -4.934505614450e-01, 7.457078840676e-06, 3.3718e+00, 3.4645e-02, 
 2DIAGNOSTIC,    44, -4.934509317172e-01, 5.318393862360e-06, 3.4047e+00, 3.2967e-02, 
 2DIAGNOSTIC,    45, -4.934357118681e-01, 3.607068665180e-06, 3.4337e+00, 2.8929e-02, 
 2DIAGNOSTIC,    46, -4.934284966908e-01, 1.252359035683e-06, 3.4643e+00, 3.0657e-02, 
DIAGNOSTIC,Iteration,metricValue,convergenceValue,ITERATION_TIME_INDEX,SINCE_LAST
 2DIAGNOSTIC,     1, -4.342015696293e-01, 1.797693134862e+308, 4.6337e+00, 1.1694e+00, 
 2DIAGNOSTIC,     2, -4.343755381236e-01, 1.797693134862e+308, 4.9010e+00, 2.6735e-01, 
 2DIAGNOSTIC,     3, -4.344897935183e-01, 1.797693134862e+308, 5.1912e+00, 2.9013e-01, 
 2DIAGNOSTIC,     4, -4.345869358538e-01, 1.797693134862e+308, 5.4970e+00, 3.0590e-01, 
 2DIAGNOSTIC,     5, -4.346765273728e-01, 1.797693134862e+308, 5.8713e+00, 3.7429e-01, 
 2DIAGNOSTIC,     6, -4.346805582741e-01, 1.797693134862e+308, 6.1726e+00, 3.0128e-01, 
 2DIAGNOSTIC,     7, -4.347159071151e-01, 1.797693134862e+308, 6.4461e+00, 2.7347e-01, 
 2DIAGNOSTIC,     8, -4.347893283674e-01, 1.797693134862e+308, 6.8956e+00, 4.4947e-01, 
 2DIAGNOSTIC,     9, -4.348024631527e-01, 1.797693134862e+308, 7.1686e+00, 2.7302e-01, 
 2DIAGNOSTIC,    10, -4.348062935913e-01, 8.485000572495e-05, 7.5447e+00, 3.7615e-01, 
 2DIAGNOSTIC,    11, -4.348054660843e-01, 5.736030650785e-05, 7.8073e+00, 2.6261e-01, 
 2DIAGNOSTIC,    12, -4.348035731268e-01, 3.887888512331e-05, 8.0842e+00, 2.7684e-01, 
 2DIAGNOSTIC,    13, -4.348033570277e-01, 2.555819715035e-05, 8.3641e+00, 2.7990e-01, 
 2DIAGNOSTIC,    14, -4.348021438728e-01, 1.640618911473e-05, 8.5874e+00, 2.2335e-01, 
 2DIAGNOSTIC,    15, -4.348019481545e-01, 1.114223046655e-05, 8.8437e+00, 2.5624e-01, 
 2DIAGNOSTIC,    16, -4.348024641865e-01, 5.898294734005e-06, 9.1018e+00, 2.5812e-01, 
 2DIAGNOSTIC,    17, -4.348032264791e-01, 2.227833875754e-06, 9.3777e+00, 2.7589e-01, 
 2DIAGNOSTIC,    18, -4.348014180557e-01, 1.520967100536e-06, 9.6538e+00, 2.7615e-01, 
 2DIAGNOSTIC,    19, -4.348011195478e-01, 1.351045494452e-06, 9.9290e+00, 2.7521e-01, 
 2DIAGNOSTIC,    20, -4.348015532578e-01, 1.367659272264e-06, 1.0205e+01, 2.7596e-01, 
 2DIAGNOSTIC,    21, -4.348019867359e-01, 1.390453230415e-06, 1.0479e+01, 2.7448e-01, 
 2DIAGNOSTIC,    22, -4.348014758904e-01, 1.350435393691e-06, 1.0764e+01, 2.8484e-01, 
 2DIAGNOSTIC,    23, -4.348000784452e-01, 1.279736732647e-06, 1.1006e+01, 2.4127e-01, 
 2DIAGNOSTIC,    24, -4.347995901647e-01, 1.180343426284e-06, 1.1251e+01, 2.4585e-01, 
 2DIAGNOSTIC,    25, -4.348008799102e-01, 1.129740104799e-06, 1.1547e+01, 2.9507e-01, 
 2DIAGNOSTIC,    26, -4.348012013773e-01, 1.114481157402e-06, 1.1812e+01, 2.6531e-01, 
 2DIAGNOSTIC,    27, -4.347998627902e-01, 1.098281403232e-06, 1.2099e+01, 2.8717e-01, 
 2DIAGNOSTIC,    28, -4.347984961019e-01, 1.019256961859e-06, 1.2386e+01, 2.8720e-01, 
DIAGNOSTIC,Iteration,metricValue,convergenceValue,ITERATION_TIME_INDEX,SINCE_LAST
 2DIAGNOSTIC,     1, -4.012916054762e-01, 1.797693134862e+308, 1.4987e+01, 2.6013e+00, 
 2DIAGNOSTIC,     2, -4.014231262219e-01, 1.797693134862e+308, 1.6501e+01, 1.5140e+00, 
 2DIAGNOSTIC,     3, -4.015418802128e-01, 1.797693134862e+308, 1.8224e+01, 1.7220e+00, 
 2DIAGNOSTIC,     4, -4.015718312473e-01, 1.797693134862e+308, 1.9766e+01, 1.5425e+00, 
 2DIAGNOSTIC,     5, -4.015795221551e-01, 1.797693134862e+308, 2.1239e+01, 1.4726e+00, 
 2DIAGNOSTIC,     6, -4.015876206374e-01, 1.797693134862e+308, 2.2601e+01, 1.3623e+00, 
 2DIAGNOSTIC,     7, -4.016021823997e-01, 1.797693134862e+308, 2.3928e+01, 1.3273e+00, 
 2DIAGNOSTIC,     8, -4.016282394562e-01, 1.797693134862e+308, 2.5567e+01, 1.6385e+00, 
 2DIAGNOSTIC,     9, -4.016348688018e-01, 1.797693134862e+308, 2.7083e+01, 1.5160e+00, 
 2DIAGNOSTIC,    10, -4.017451380187e-01, 5.376101642690e-05, 2.8781e+01, 1.6978e+00, 
 2DIAGNOSTIC,    11, -4.017601192942e-01, 4.046330127820e-05, 3.0461e+01, 1.6805e+00, 
 2DIAGNOSTIC,    12, -4.017647031910e-01, 3.390618374488e-05, 3.2143e+01, 1.6822e+00, 
 2DIAGNOSTIC,    13, -4.017728594908e-01, 3.248265135007e-05, 3.3561e+01, 1.4176e+00, 
 2DIAGNOSTIC,    14, -4.017816875516e-01, 3.047225845429e-05, 3.5703e+01, 2.1418e+00, 
 2DIAGNOSTIC,    15, -4.017853164930e-01, 2.661172059706e-05, 3.7018e+01, 1.3154e+00, 
 2DIAGNOSTIC,    16, -4.017914260764e-01, 2.159243677123e-05, 3.8356e+01, 1.3383e+00, 
 2DIAGNOSTIC,    17, -4.017975568212e-01, 1.626122626466e-05, 3.9833e+01, 1.4770e+00, 
 2DIAGNOSTIC,    18, -4.017978156656e-01, 1.127312589197e-05, 4.1816e+01, 1.9823e+00, 
 2DIAGNOSTIC,    19, -4.017979998563e-01, 6.073911075925e-06, 4.3940e+01, 2.1245e+00, 
 2DIAGNOSTIC,    20, -4.017978861060e-01, 4.873884675356e-06, 4.5397e+01, 1.4570e+00, 
 2DIAGNOSTIC,    21, -4.017977828269e-01, 3.982999217583e-06, 4.6695e+01, 1.2984e+00, 
 2DIAGNOSTIC,    22, -4.017978995448e-01, 3.087747362782e-06, 4.8358e+01, 1.6630e+00, 
 2DIAGNOSTIC,    23, -4.017975650012e-01, 2.352967850602e-06, 4.9962e+01, 1.6041e+00, 
 2DIAGNOSTIC,    24, -4.017974356682e-01, 1.847211649759e-06, 5.1657e+01, 1.6946e+00, 
 2DIAGNOSTIC,    25, -4.017973008278e-01, 1.429189842056e-06, 5.3224e+01, 1.5667e+00, 
 2DIAGNOSTIC,    26, -4.017972689171e-01, 1.189344131548e-06, 5.4933e+01, 1.7093e+00, 
 2DIAGNOSTIC,    27, -4.017973232351e-01, 1.132316345680e-06, 5.6699e+01, 1.7657e+00, 
 2DIAGNOSTIC,    28, -4.017970840603e-01, 1.084036915025e-06, 5.8362e+01, 1.6637e+00, 
 2DIAGNOSTIC,    29, -4.017969408764e-01, 1.045388187404e-06, 5.9692e+01, 1.3298e+00, 
 2DIAGNOSTIC,    30, -4.017969927237e-01, 1.012840654006e-06, 6.1373e+01, 1.6812e+00, 
  Elapsed time (stage 0): 6.2291e+01


Total elapsed time: 6.2294e+01
Info [verificarlo]: loaded backend libinterflop_ieee.so
Info [interflop-ieee]: load backend with:
Info [interflop-ieee]: debug = false
Info [interflop-ieee]: debug-binary = false
Info [interflop-ieee]: no-backend-name = false
Info [interflop-ieee]: print-new-line = false
Info [interflop-ieee]: print-subnormal-normalized = false
Info [interflop-ieee]: count-op = false
All_Command_lines_OK
Using double precision for computations.
=============================================================================
The composite transform comprises the following transforms (in order): 
  1. /home/mdugre/scratch/mri-registration-rp/datasets/ds004513/derivatives/mri-registration-rp/0001/antsRegistration-r8-p14/sub-s037/rigid_Composite.h5[0] (type = Euler3DTransform)
  2. /home/mdugre/scratch/mri-registration-rp/datasets/ds004513/derivatives/mri-registration-rp/0001/antsRegistration-r8-p14/sub-s037/rigid_Composite.h5[1] (type = Euler3DTransform)
  3. /home/mdugre/scratch/mri-registration-rp/datasets/ds004513/derivatives/mri-registration-rp/0001/antsRegistration-r8-p14/sub-s037/rigid_Composite.h5[2] (type = Euler3DTransform)
=============================================================================
  number of levels = 4
  fixed image: /templateflow/tpl-MNI152NLin2009cAsym/tpl-MNI152NLin2009cAsym_res-01_desc-brain_T1w.nii.gz
  moving image: /home/mdugre/scratch/mri-registration-rp/datasets/ds004513/derivatives/mri-registration-rp/antsBrainExtraction/sub-s037/BrainExtractionBrain.nii.gz
Dimension = 3
Number of stages = 1
Use histogram matching = false
Winsorize image intensities = true
  Lower quantile = 0.005
  Upper quantile = 0.995


Stage 1 State
   Image metric = MattesMI
     Fixed image = Image (0x4eb07e0)
  RTTI typeinfo:   itk::Image<double, 3u>
  Reference Count: 2
  Modified Time: 1592
  Debug: Off
  Object Name: 
  Observers: 
    none
  Source: (none)
  Source output name: (none)
  Release Data: Off
  Data Released: False
  Global Release Data: Off
  PipelineMTime: 0
  UpdateMTime: 1203
  RealTimeStamp: 0 seconds 
  LargestPossibleRegion: 
    Dimension: 3
    Index: [0, 0, 0]
    Size: [193, 229, 193]
  BufferedRegion: 
    Dimension: 3
    Index: [0, 0, 0]
    Size: [193, 229, 193]
  RequestedRegion: 
    Dimension: 3
    Index: [0, 0, 0]
    Size: [193, 229, 193]
  Spacing: [1, 1, 1]
  Origin: [96, 132, -78]
  Direction: 
-1 0 0
0 -1 0
0 0 1

  IndexToPointMatrix: 
-1 0 0
0 -1 0
0 0 1

  PointToIndexMatrix: 
-1 0 0
0 -1 0
0 0 1

  Inverse Direction: 
-1 0 0
0 -1 0
0 0 1

  PixelContainer: 
    ImportImageContainer (0x4f70a20)
      RTTI typeinfo:   itk::ImportImageContainer<unsigned long, double>
      Reference Count: 1
      Modified Time: 1200
      Debug: Off
      Object Name: 
      Observers: 
        none
      Pointer: 0x14eadc25d010
      Container manages memory: true
      Size: 8530021
      Capacity: 8530021

     Moving image = Image (0x4f6bd70)
  RTTI typeinfo:   itk::Image<double, 3u>
  Reference Count: 2
  Modified Time: 1593
  Debug: Off
  Object Name: 
  Observers: 
    none
  Source: (none)
  Source output name: (none)
  Release Data: Off
  Data Released: False
  Global Release Data: Off
  PipelineMTime: 0
  UpdateMTime: 1590
  RealTimeStamp: 0 seconds 
  LargestPossibleRegion: 
    Dimension: 3
    Index: [0, 0, 0]
    Size: [160, 240, 256]
  BufferedRegion: 
    Dimension: 3
    Index: [0, 0, 0]
    Size: [160, 240, 256]
  RequestedRegion: 
    Dimension: 3
    Index: [0, 0, 0]
    Size: [160, 240, 256]
  Spacing: [1, 1, 1]
  Origin: [87.9508, 102.562, -147.639]
  Direction: 
-0.998659 -0.0436121 -0.0279129
0.043595 -0.999049 0.00121847
-0.0279395 -2.65543e-08 0.99961

  IndexToPointMatrix: 
-0.998659 -0.0436121 -0.0279129
0.043595 -0.999049 0.00121847
-0.0279395 -2.65543e-08 0.99961

  PointToIndexMatrix: 
-0.998659 0.043595 -0.0279395
-0.0436121 -0.999049 -2.65517e-08
-0.0279129 0.00121847 0.99961

  Inverse Direction: 
-0.998659 0.043595 -0.0279395
-0.0436121 -0.999049 -2.65517e-08
-0.0279129 0.00121847 0.99961

  PixelContainer: 
    ImportImageContainer (0x4f23c90)
      RTTI typeinfo:   itk::ImportImageContainer<unsigned long, double>
      Reference Count: 1
      Modified Time: 1587
      Debug: Off
      Object Name: 
      Observers: 
        none
      Pointer: 0x14ead775c010
      Container manages memory: true
      Size: 9830400
      Capacity: 9830400

     Weighting = 1
     Sampling strategy = regular
     Number of bins = 32
     Radius = 4
     Sampling percentage  = 0.25
   Transform = Affine
     Gradient step = 0.1
     Update field sigma (voxel space) = 0
     Total field sigma (voxel space) = 0
     Update field time sigma = 0
     Total field time sigma  = 0
     Number of time indices = 0
     Number of time point samples = 0
Registration using 1 total stages.

Stage 0
  iterations = 1000x500x250x100
  convergence threshold = 1e-06
  convergence window size = 10
  number of levels = 4
  using the Mattes MI metric (number of bins = 32, weight = 1, use gradient filter = 0)
  preprocessing:  winsorizing the image intensities
  Shrink factors (level 1 out of 4): [8, 8, 8]
  Shrink factors (level 2 out of 4): [4, 4, 4]
  Shrink factors (level 3 out of 4): [2, 2, 2]
  Shrink factors (level 4 out of 4): [1, 1, 1]
  smoothing sigmas per level: [3, 2, 1, 0]
  regular sampling (percentage = 0.25)

*** Running AffineTransform registration ***

DIAGNOSTIC,Iteration,metricValue,convergenceValue,ITERATION_TIME_INDEX,SINCE_LAST
 2DIAGNOSTIC,     1, -5.866970728468e-01, 1.797693134862e+308, 8.2339e-01, 8.2339e-01, 
 2DIAGNOSTIC,     2, -5.881196561687e-01, 1.797693134862e+308, 8.2838e-01, 4.9880e-03, 
 2DIAGNOSTIC,     3, -5.903699369138e-01, 1.797693134862e+308, 8.3317e-01, 4.7841e-03, 
 2DIAGNOSTIC,     4, -5.951506194419e-01, 1.797693134862e+308, 8.3801e-01, 4.8480e-03, 
 2DIAGNOSTIC,     5, -6.059611655439e-01, 1.797693134862e+308, 8.4291e-01, 4.8981e-03, 
 2DIAGNOSTIC,     6, -6.166710389595e-01, 1.797693134862e+308, 8.4821e-01, 5.2981e-03, 
 2DIAGNOSTIC,     7, -6.315446893185e-01, 1.797693134862e+308, 8.5372e-01, 5.5060e-03, 
 2DIAGNOSTIC,     8, -6.781866019858e-01, 1.797693134862e+308, 8.5924e-01, 5.5208e-03, 
 2DIAGNOSTIC,     9, -7.031994660128e-01, 1.797693134862e+308, 8.6806e-01, 8.8260e-03, 
 2DIAGNOSTIC,    10, -7.027882323542e-01, 1.340646527413e-02, 8.7473e-01, 6.6700e-03, 
 2DIAGNOSTIC,    11, -7.029444698232e-01, 1.319830737219e-02, 8.8077e-01, 6.0399e-03, 
 2DIAGNOSTIC,    12, -7.038587150528e-01, 1.194370900608e-02, 8.8642e-01, 5.6441e-03, 
 2DIAGNOSTIC,    13, -7.053761096183e-01, 9.927408936065e-03, 8.9202e-01, 5.6021e-03, 
 2DIAGNOSTIC,    14, -7.102485494843e-01, 7.606757345164e-03, 8.9812e-01, 6.1049e-03, 
 2DIAGNOSTIC,    15, -7.138999567342e-01, 5.360099912652e-03, 9.0394e-01, 5.8119e-03, 
 2DIAGNOSTIC,    16, -7.170462525150e-01, 3.315206724421e-03, 9.1108e-01, 7.1459e-03, 
 2DIAGNOSTIC,    17, -7.190907560430e-01, 1.627475494296e-03, 9.1784e-01, 6.7530e-03, 
 2DIAGNOSTIC,    18, -7.206246709975e-01, 1.117250491411e-03, 9.2480e-01, 6.9661e-03, 
 2DIAGNOSTIC,    19, -7.214106207486e-01, 1.137753105049e-03, 9.3084e-01, 6.0360e-03, 
 2DIAGNOSTIC,    20, -7.213772399328e-01, 1.040844956061e-03, 9.3689e-01, 6.0499e-03, 
 2DIAGNOSTIC,    21, -7.215992037198e-01, 8.655811602611e-04, 9.4272e-01, 5.8370e-03, 
 2DIAGNOSTIC,    22, -7.223054719313e-01, 6.583832662793e-04, 9.4935e-01, 6.6299e-03, 
 2DIAGNOSTIC,    23, -7.227378678109e-01, 4.428022432734e-04, 9.5558e-01, 6.2249e-03, 
 2DIAGNOSTIC,    24, -7.228118424140e-01, 2.902568547750e-04, 9.6324e-01, 7.6559e-03, 
 2DIAGNOSTIC,    25, -7.226936045564e-01, 1.820128278106e-04, 9.6957e-01, 6.3300e-03, 
 2DIAGNOSTIC,    26, -7.229296072107e-01, 1.193601340528e-04, 9.7599e-01, 6.4251e-03, 
 2DIAGNOSTIC,    27, -7.228653825343e-01, 8.007698461265e-05, 9.8226e-01, 6.2690e-03, 
 2DIAGNOSTIC,    28, -7.228920558537e-01, 5.901425094333e-05, 9.9062e-01, 8.3621e-03, 
 2DIAGNOSTIC,    29, -7.229043865738e-01, 4.562183308966e-05, 9.9794e-01, 7.3192e-03, 
 2DIAGNOSTIC,    30, -7.228335974928e-01, 2.765939999673e-05, 1.0095e+00, 1.1518e-02, 
 2DIAGNOSTIC,    31, -7.227372368655e-01, 9.878913940713e-06, 1.0171e+00, 7.6652e-03, 
 2DIAGNOSTIC,    32, -7.227399999031e-01, 1.399116977135e-06, 1.0226e+00, 5.4982e-03, 
DIAGNOSTIC,Iteration,metricValue,convergenceValue,ITERATION_TIME_INDEX,SINCE_LAST
 2DIAGNOSTIC,     1, -5.932407048873e-01, 1.797693134862e+308, 1.6912e+00, 6.6861e-01, 
 2DIAGNOSTIC,     2, -5.937479058748e-01, 1.797693134862e+308, 1.7286e+00, 3.7379e-02, 
 2DIAGNOSTIC,     3, -5.942325963660e-01, 1.797693134862e+308, 1.7670e+00, 3.8411e-02, 
 2DIAGNOSTIC,     4, -5.948172990574e-01, 1.797693134862e+308, 1.8042e+00, 3.7127e-02, 
 2DIAGNOSTIC,     5, -5.954769383999e-01, 1.797693134862e+308, 1.8381e+00, 3.3942e-02, 
 2DIAGNOSTIC,     6, -5.960287265216e-01, 1.797693134862e+308, 1.8768e+00, 3.8666e-02, 
 2DIAGNOSTIC,     7, -5.975575214584e-01, 1.797693134862e+308, 1.9146e+00, 3.7882e-02, 
 2DIAGNOSTIC,     8, -5.979684106201e-01, 1.797693134862e+308, 1.9826e+00, 6.7975e-02, 
 2DIAGNOSTIC,     9, -5.979713950601e-01, 1.797693134862e+308, 2.0241e+00, 4.1471e-02, 
 2DIAGNOSTIC,    10, -5.979763553663e-01, 5.954808177232e-04, 2.0655e+00, 4.1383e-02, 
 2DIAGNOSTIC,    11, -5.979712741506e-01, 4.850702382202e-04, 2.1055e+00, 3.9996e-02, 
 2DIAGNOSTIC,    12, -5.979678784070e-01, 3.689025352753e-04, 2.1438e+00, 3.8351e-02, 
 2DIAGNOSTIC,    13, -5.979635721432e-01, 2.547493843797e-04, 2.1915e+00, 4.7691e-02, 
 2DIAGNOSTIC,    14, -5.979506386409e-01, 1.538686589970e-04, 2.2258e+00, 3.4284e-02, 
 2DIAGNOSTIC,    15, -5.979477232793e-01, 7.379123363609e-05, 2.2695e+00, 4.3687e-02, 
 2DIAGNOSTIC,    16, -5.979445256027e-01, 1.234741881091e-05, 2.3034e+00, 3.3955e-02, 
DIAGNOSTIC,Iteration,metricValue,convergenceValue,ITERATION_TIME_INDEX,SINCE_LAST
 2DIAGNOSTIC,     1, -5.209967065442e-01, 1.797693134862e+308, 3.4066e+00, 1.1031e+00, 
 2DIAGNOSTIC,     2, -5.213062428825e-01, 1.797693134862e+308, 3.6911e+00, 2.8455e-01, 
 2DIAGNOSTIC,     3, -5.216878696353e-01, 1.797693134862e+308, 3.9757e+00, 2.8456e-01, 
 2DIAGNOSTIC,     4, -5.222267830986e-01, 1.797693134862e+308, 4.2423e+00, 2.6660e-01, 
 2DIAGNOSTIC,     5, -5.230645297940e-01, 1.797693134862e+308, 4.5221e+00, 2.7980e-01, 
 2DIAGNOSTIC,     6, -5.240552972405e-01, 1.797693134862e+308, 4.7982e+00, 2.7612e-01, 
 2DIAGNOSTIC,     7, -5.248482814996e-01, 1.797693134862e+308, 5.1774e+00, 3.7918e-01, 
 2DIAGNOSTIC,     8, -5.251011032366e-01, 1.797693134862e+308, 5.4734e+00, 2.9604e-01, 
 2DIAGNOSTIC,     9, -5.253539846114e-01, 1.797693134862e+308, 5.8236e+00, 3.5017e-01, 
 2DIAGNOSTIC,    10, -5.257774185558e-01, 6.602132768561e-04, 6.1360e+00, 3.1239e-01, 
 2DIAGNOSTIC,    11, -5.267188212376e-01, 6.078378948680e-04, 6.4539e+00, 3.1794e-01, 
 2DIAGNOSTIC,    12, -5.270454930747e-01, 5.375508711569e-04, 6.7566e+00, 3.0269e-01, 
 2DIAGNOSTIC,    13, -5.272347875492e-01, 4.541364131981e-04, 7.1802e+00, 4.2354e-01, 
 2DIAGNOSTIC,    14, -5.272860044372e-01, 3.648379880744e-04, 7.4846e+00, 3.0448e-01, 
 2DIAGNOSTIC,    15, -5.273356047293e-01, 2.857306637935e-04, 7.7972e+00, 3.1255e-01, 
 2DIAGNOSTIC,    16, -5.274987919664e-01, 2.285290877622e-04, 8.1125e+00, 3.1525e-01, 
 2DIAGNOSTIC,    17, -5.276179394133e-01, 1.859562129926e-04, 8.3957e+00, 2.8321e-01, 
 2DIAGNOSTIC,    18, -5.277638303983e-01, 1.433601910372e-04, 8.8984e+00, 5.0277e-01, 
 2DIAGNOSTIC,    19, -5.277721082650e-01, 9.966564136635e-05, 9.2212e+00, 3.2281e-01, 
 2DIAGNOSTIC,    20, -5.277742390896e-01, 6.227586555582e-05, 9.5285e+00, 3.0725e-01, 
 2DIAGNOSTIC,    21, -5.277706605329e-01, 4.677609056764e-05, 9.8479e+00, 3.1940e-01, 
 2DIAGNOSTIC,    22, -5.277717943576e-01, 3.635315950273e-05, 1.0125e+01, 2.7689e-01, 
 2DIAGNOSTIC,    23, -5.277712528961e-01, 2.798378969456e-05, 1.0420e+01, 2.9477e-01, 
 2DIAGNOSTIC,    24, -5.277740534549e-01, 1.907807817200e-05, 1.0699e+01, 2.7954e-01, 
