
##########################
# Experiment information #
##########################

EXPERIMENT_NAME: antsRegistration-r7-p8
VFC_BACKENDS: libinterflop_vprec.so --range-binary32=7 --precision-binary32=8 --range-binary64=7 --precision-binary64=8

SIF_IMG: /home/mdugre/projects/rrg-glatard/mdugre/containers/ants-vprec-no_metrics.simg

SUBJECT_ID: s035
INPUT_IMG: /home/mdugre/scratch/mri-registration-rp/datasets/ds004513/derivatives/mri-registration-rp/antsBrainExtraction/sub-s035/BrainExtractionBrain.nii.gz
OUTPUT_DIR: /home/mdugre/scratch/mri-registration-rp/datasets/ds004513/derivatives/mri-registration-rp/0001/antsRegistration-r7-p8/sub-s035

FIXED_IMG: /templateflow/tpl-MNI152NLin2009cAsym/tpl-MNI152NLin2009cAsym_res-01_desc-brain_T1w.nii.gz
DATA_DIR: /home/mdugre/scratch/mri-registration-rp/datasets/ds004513
TEMPLATEFLOW_DIR: /home/mdugre/projects/rrg-glatard/mdugre/templateflow
ITK_GLOBAL_DEFAULT_NUMBER_OF_THREADS: 16
##########################

Info [verificarlo]: loaded backend libinterflop_ieee.so
Info [interflop-ieee]: load backend with:
Info [interflop-ieee]: debug = false
Info [interflop-ieee]: debug-binary = false
Info [interflop-ieee]: no-backend-name = false
Info [interflop-ieee]: print-new-line = false
Info [interflop-ieee]: print-subnormal-normalized = false
Info [interflop-ieee]: count-op = false
All_Command_lines_OK
Using double precision for computations.
=============================================================================
The composite transform comprises the following transforms (in order): 
  1. Center of mass alignment using fixed image: /templateflow/tpl-MNI152NLin2009cAsym/tpl-MNI152NLin2009cAsym_res-01_desc-brain_T1w.nii.gz and moving image: /home/mdugre/scratch/mri-registration-rp/datasets/ds004513/derivatives/mri-registration-rp/antsBrainExtraction/sub-s035/BrainExtractionBrain.nii.gz (type = Euler3DTransform)
=============================================================================
  number of levels = 1
  fixed image: /templateflow/tpl-MNI152NLin2009cAsym/tpl-MNI152NLin2009cAsym_res-01_desc-brain_T1w.nii.gz
  moving image: /home/mdugre/scratch/mri-registration-rp/datasets/ds004513/derivatives/mri-registration-rp/antsBrainExtraction/sub-s035/BrainExtractionBrain.nii.gz
Dimension = 3
Number of stages = 1
Use histogram matching = false
Winsorize image intensities = true
  Lower quantile = 0.005
  Upper quantile = 0.995


Stage 1 State
   Image metric = MattesMI
     Fixed image = Image (0x3c18bd0)
  RTTI typeinfo:   itk::Image<double, 3u>
  Reference Count: 2
  Modified Time: 2330
  Debug: Off
  Object Name: 
  Observers: 
    none
  Source: (none)
  Source output name: (none)
  Release Data: Off
  Data Released: False
  Global Release Data: Off
  PipelineMTime: 0
  UpdateMTime: 1941
  RealTimeStamp: 0 seconds 
  LargestPossibleRegion: 
    Dimension: 3
    Index: [0, 0, 0]
    Size: [193, 229, 193]
  BufferedRegion: 
    Dimension: 3
    Index: [0, 0, 0]
    Size: [193, 229, 193]
  RequestedRegion: 
    Dimension: 3
    Index: [0, 0, 0]
    Size: [193, 229, 193]
  Spacing: [1, 1, 1]
  Origin: [96, 132, -78]
  Direction: 
-1 0 0
0 -1 0
0 0 1

  IndexToPointMatrix: 
-1 0 0
0 -1 0
0 0 1

  PointToIndexMatrix: 
-1 0 0
0 -1 0
0 0 1

  Inverse Direction: 
-1 0 0
0 -1 0
0 0 1

  PixelContainer: 
    ImportImageContainer (0x3c219e0)
      RTTI typeinfo:   itk::ImportImageContainer<unsigned long, double>
      Reference Count: 1
      Modified Time: 1938
      Debug: Off
      Object Name: 
      Observers: 
        none
      Pointer: 0x146617457010
      Container manages memory: true
      Size: 8530021
      Capacity: 8530021

     Moving image = Image (0x3c22d40)
  RTTI typeinfo:   itk::Image<double, 3u>
  Reference Count: 2
  Modified Time: 2331
  Debug: Off
  Object Name: 
  Observers: 
    none
  Source: (none)
  Source output name: (none)
  Release Data: Off
  Data Released: False
  Global Release Data: Off
  PipelineMTime: 0
  UpdateMTime: 2328
  RealTimeStamp: 0 seconds 
  LargestPossibleRegion: 
    Dimension: 3
    Index: [0, 0, 0]
    Size: [160, 240, 256]
  BufferedRegion: 
    Dimension: 3
    Index: [0, 0, 0]
    Size: [160, 240, 256]
  RequestedRegion: 
    Dimension: 3
    Index: [0, 0, 0]
    Size: [160, 240, 256]
  Spacing: [1, 1, 1]
  Origin: [98.6438, 87.6358, -117.989]
  Direction: 
-0.993515 -0.100993 -0.0522355
0.100854 -0.994887 0.00530255
-0.0525039 1.93537e-08 0.998621

  IndexToPointMatrix: 
-0.993515 -0.100993 -0.0522355
0.100854 -0.994887 0.00530255
-0.0525039 1.93537e-08 0.998621

  PointToIndexMatrix: 
-0.993515 0.100854 -0.0525039
-0.100993 -0.994887 1.93006e-08
-0.0522355 0.00530255 0.998621

  Inverse Direction: 
-0.993515 0.100854 -0.0525039
-0.100993 -0.994887 1.93006e-08
-0.0522355 0.00530255 0.998621

  PixelContainer: 
    ImportImageContainer (0x3c48850)
      RTTI typeinfo:   itk::ImportImageContainer<unsigned long, double>
      Reference Count: 1
      Modified Time: 2325
      Debug: Off
      Object Name: 
      Observers: 
        none
      Pointer: 0x146612956010
      Container manages memory: true
      Size: 9830400
      Capacity: 9830400

     Weighting = 1
     Sampling strategy = regular
     Number of bins = 32
     Radius = 4
     Sampling percentage  = 0.25
   Transform = Rigid
     Gradient step = 0.1
     Update field sigma (voxel space) = 0
     Total field sigma (voxel space) = 0
     Update field time sigma = 0
     Total field time sigma  = 0
     Number of time indices = 0
     Number of time point samples = 0
Registration using 1 total stages.

Stage 0
  iterations = 0
  convergence threshold = 1e-06
  convergence window size = 10
  number of levels = 1
  using the Mattes MI metric (number of bins = 32, weight = 1, use gradient filter = 0)
  preprocessing:  winsorizing the image intensities
  Shrink factors (level 1 out of 1): [1, 1, 1]
  smoothing sigmas per level: [0]
  regular sampling (percentage = 0.25)

*** Running Euler3DTransform registration ***

  Elapsed time (stage 0): 1.0856


Total elapsed time: 1.0878
Info [verificarlo]: loaded backend libinterflop_ieee.so
Info [interflop-ieee]: load backend with:
Info [interflop-ieee]: debug = false
Info [interflop-ieee]: debug-binary = false
Info [interflop-ieee]: no-backend-name = false
Info [interflop-ieee]: print-new-line = false
Info [interflop-ieee]: print-subnormal-normalized = false
Info [interflop-ieee]: count-op = false
All_Command_lines_OK
Using double precision for computations.
=============================================================================
The composite transform comprises the following transforms (in order): 
  1. /home/mdugre/scratch/mri-registration-rp/datasets/ds004513/derivatives/mri-registration-rp/0001/antsRegistration-r7-p8/sub-s035/align_Composite.h5[0] (type = Euler3DTransform)
  2. /home/mdugre/scratch/mri-registration-rp/datasets/ds004513/derivatives/mri-registration-rp/0001/antsRegistration-r7-p8/sub-s035/align_Composite.h5[1] (type = Euler3DTransform)
=============================================================================
  number of levels = 4
  fixed image: /templateflow/tpl-MNI152NLin2009cAsym/tpl-MNI152NLin2009cAsym_res-01_desc-brain_T1w.nii.gz
  moving image: /home/mdugre/scratch/mri-registration-rp/datasets/ds004513/derivatives/mri-registration-rp/antsBrainExtraction/sub-s035/BrainExtractionBrain.nii.gz
Dimension = 3
Number of stages = 1
Use histogram matching = false
Winsorize image intensities = true
  Lower quantile = 0.005
  Upper quantile = 0.995


Stage 1 State
   Image metric = MattesMI
     Fixed image = Image (0x4d8a530)
  RTTI typeinfo:   itk::Image<double, 3u>
  Reference Count: 2
  Modified Time: 1578
  Debug: Off
  Object Name: 
  Observers: 
    none
  Source: (none)
  Source output name: (none)
  Release Data: Off
  Data Released: False
  Global Release Data: Off
  PipelineMTime: 0
  UpdateMTime: 1189
  RealTimeStamp: 0 seconds 
  LargestPossibleRegion: 
    Dimension: 3
    Index: [0, 0, 0]
    Size: [193, 229, 193]
  BufferedRegion: 
    Dimension: 3
    Index: [0, 0, 0]
    Size: [193, 229, 193]
  RequestedRegion: 
    Dimension: 3
    Index: [0, 0, 0]
    Size: [193, 229, 193]
  Spacing: [1, 1, 1]
  Origin: [96, 132, -78]
  Direction: 
-1 0 0
0 -1 0
0 0 1

  IndexToPointMatrix: 
-1 0 0
0 -1 0
0 0 1

  PointToIndexMatrix: 
-1 0 0
0 -1 0
0 0 1

  Inverse Direction: 
-1 0 0
0 -1 0
0 0 1

  PixelContainer: 
    ImportImageContainer (0x4e48d60)
      RTTI typeinfo:   itk::ImportImageContainer<unsigned long, double>
      Reference Count: 1
      Modified Time: 1186
      Debug: Off
      Object Name: 
      Observers: 
        none
      Pointer: 0x14b937f31010
      Container manages memory: true
      Size: 8530021
      Capacity: 8530021

     Moving image = Image (0x4e3af60)
  RTTI typeinfo:   itk::Image<double, 3u>
  Reference Count: 2
  Modified Time: 1579
  Debug: Off
  Object Name: 
  Observers: 
    none
  Source: (none)
  Source output name: (none)
  Release Data: Off
  Data Released: False
  Global Release Data: Off
  PipelineMTime: 0
  UpdateMTime: 1576
  RealTimeStamp: 0 seconds 
  LargestPossibleRegion: 
    Dimension: 3
    Index: [0, 0, 0]
    Size: [160, 240, 256]
  BufferedRegion: 
    Dimension: 3
    Index: [0, 0, 0]
    Size: [160, 240, 256]
  RequestedRegion: 
    Dimension: 3
    Index: [0, 0, 0]
    Size: [160, 240, 256]
  Spacing: [1, 1, 1]
  Origin: [98.6438, 87.6358, -117.989]
  Direction: 
-0.993515 -0.100993 -0.0522355
0.100854 -0.994887 0.00530255
-0.0525039 1.93537e-08 0.998621

  IndexToPointMatrix: 
-0.993515 -0.100993 -0.0522355
0.100854 -0.994887 0.00530255
-0.0525039 1.93537e-08 0.998621

  PointToIndexMatrix: 
-0.993515 0.100854 -0.0525039
-0.100993 -0.994887 1.93006e-08
-0.0522355 0.00530255 0.998621

  Inverse Direction: 
-0.993515 0.100854 -0.0525039
-0.100993 -0.994887 1.93006e-08
-0.0522355 0.00530255 0.998621

  PixelContainer: 
    ImportImageContainer (0x4e2c6d0)
      RTTI typeinfo:   itk::ImportImageContainer<unsigned long, double>
      Reference Count: 1
      Modified Time: 1573
      Debug: Off
      Object Name: 
      Observers: 
        none
      Pointer: 0x14b933430010
      Container manages memory: true
      Size: 9830400
      Capacity: 9830400

     Weighting = 1
     Sampling strategy = regular
     Number of bins = 32
     Radius = 4
     Sampling percentage  = 0.25
   Transform = Rigid
     Gradient step = 0.1
     Update field sigma (voxel space) = 0
     Total field sigma (voxel space) = 0
     Update field time sigma = 0
     Total field time sigma  = 0
     Number of time indices = 0
     Number of time point samples = 0
Registration using 1 total stages.

Stage 0
  iterations = 1000x500x250x100
  convergence threshold = 1e-06
  convergence window size = 10
  number of levels = 4
  using the Mattes MI metric (number of bins = 32, weight = 1, use gradient filter = 0)
  preprocessing:  winsorizing the image intensities
  Shrink factors (level 1 out of 4): [8, 8, 8]
  Shrink factors (level 2 out of 4): [4, 4, 4]
  Shrink factors (level 3 out of 4): [2, 2, 2]
  Shrink factors (level 4 out of 4): [1, 1, 1]
  smoothing sigmas per level: [3, 2, 1, 0]
  regular sampling (percentage = 0.25)

*** Running Euler3DTransform registration ***

DIAGNOSTIC,Iteration,metricValue,convergenceValue,ITERATION_TIME_INDEX,SINCE_LAST
 2DIAGNOSTIC,     1, -5.238630234552e-01, 1.797693134862e+308, 7.1816e-01, 7.1816e-01, 
 2DIAGNOSTIC,     2, -5.257885820767e-01, 1.797693134862e+308, 7.2404e-01, 5.8770e-03, 
 2DIAGNOSTIC,     3, -5.278597554839e-01, 1.797693134862e+308, 7.2961e-01, 5.5690e-03, 
 2DIAGNOSTIC,     4, -5.302176117225e-01, 1.797693134862e+308, 7.3476e-01, 5.1510e-03, 
 2DIAGNOSTIC,     5, -5.343462816845e-01, 1.797693134862e+308, 7.4003e-01, 5.2662e-03, 
 2DIAGNOSTIC,     6, -5.399239396740e-01, 1.797693134862e+308, 7.4475e-01, 4.7250e-03, 
 2DIAGNOSTIC,     7, -5.490554822001e-01, 1.797693134862e+308, 7.5096e-01, 6.2020e-03, 
 2DIAGNOSTIC,     8, -5.545204224448e-01, 1.797693134862e+308, 7.5910e-01, 8.1499e-03, 
 2DIAGNOSTIC,     9, -5.601437715553e-01, 1.797693134862e+308, 7.6415e-01, 5.0449e-03, 
 2DIAGNOSTIC,    10, -5.617741193774e-01, 5.067640484485e-03, 7.7005e-01, 5.8990e-03, 
 2DIAGNOSTIC,    11, -5.649562249041e-01, 4.796539612083e-03, 7.7591e-01, 5.8570e-03, 
 2DIAGNOSTIC,    12, -5.658710903081e-01, 4.260783098155e-03, 7.8166e-01, 5.7511e-03, 
 2DIAGNOSTIC,    13, -5.662828333056e-01, 3.524744036645e-03, 7.8652e-01, 4.8659e-03, 
 2DIAGNOSTIC,    14, -5.685908474577e-01, 2.751340472953e-03, 7.9260e-01, 6.0761e-03, 
 2DIAGNOSTIC,    15, -5.732745043306e-01, 2.134644679428e-03, 8.0081e-01, 8.2121e-03, 
 2DIAGNOSTIC,    16, -5.738084427845e-01, 1.591333148336e-03, 8.0746e-01, 6.6500e-03, 
 2DIAGNOSTIC,    17, -5.739093703465e-01, 1.247363567739e-03, 8.1220e-01, 4.7429e-03, 
 2DIAGNOSTIC,    18, -5.745773598458e-01, 1.002163966315e-03, 8.1706e-01, 4.8552e-03, 
 2DIAGNOSTIC,    19, -5.752045522723e-01, 8.579763081923e-04, 8.2200e-01, 4.9438e-03, 
 2DIAGNOSTIC,    20, -5.755578777727e-01, 6.955845773878e-04, 8.2678e-01, 4.7750e-03, 
 2DIAGNOSTIC,    21, -5.761681227725e-01, 5.767135182713e-04, 8.3159e-01, 4.8151e-03, 
 2DIAGNOSTIC,    22, -5.775610178281e-01, 4.707067062552e-04, 8.3665e-01, 5.0540e-03, 
 2DIAGNOSTIC,    23, -5.801876522134e-01, 3.965856196841e-04, 8.4219e-01, 5.5420e-03, 
 2DIAGNOSTIC,    24, -5.873578871765e-01, 4.881452204037e-04, 8.4926e-01, 7.0720e-03, 
 2DIAGNOSTIC,    25, -5.924052233483e-01, 7.199711435293e-04, 8.5624e-01, 6.9790e-03, 
 2DIAGNOSTIC,    26, -5.933789722527e-01, 8.944842700439e-04, 8.6341e-01, 7.1690e-03, 
 2DIAGNOSTIC,    27, -5.948140362549e-01, 1.002036484453e-03, 8.6909e-01, 5.6782e-03, 
 2DIAGNOSTIC,    28, -5.954370004540e-01, 1.029952320891e-03, 8.7505e-01, 5.9659e-03, 
 2DIAGNOSTIC,    29, -5.955619965621e-01, 9.699000563225e-04, 8.8050e-01, 5.4440e-03, 
 2DIAGNOSTIC,    30, -5.960977142437e-01, 8.366692960196e-04, 8.8531e-01, 4.8170e-03, 
 2DIAGNOSTIC,    31, -5.971105016160e-01, 6.606986235746e-04, 8.9100e-01, 5.6901e-03, 
 2DIAGNOSTIC,    32, -5.989728413262e-01, 4.853112631996e-04, 8.9827e-01, 7.2620e-03, 
 2DIAGNOSTIC,    33, -5.996340171208e-01, 3.222359247418e-04, 9.0329e-01, 5.0192e-03, 
 2DIAGNOSTIC,    34, -5.997688324863e-01, 2.443793014832e-04, 9.0824e-01, 4.9551e-03, 
 2DIAGNOSTIC,    35, -5.999328162827e-01, 2.224308789416e-04, 9.1411e-01, 5.8720e-03, 
 2DIAGNOSTIC,    36, -6.001598298594e-01, 1.965988108739e-04, 9.1908e-01, 4.9691e-03, 
 2DIAGNOSTIC,    37, -6.004938013026e-01, 1.767006119731e-04, 9.2496e-01, 5.8770e-03, 
 2DIAGNOSTIC,    38, -6.008280010179e-01, 1.536048162780e-04, 9.3032e-01, 5.3611e-03, 
 2DIAGNOSTIC,    39, -6.038559363528e-01, 1.574331423219e-04, 9.3672e-01, 6.3999e-03, 
 2DIAGNOSTIC,    40, -6.077047304043e-01, 1.993081253166e-04, 9.4248e-01, 5.7640e-03, 
 2DIAGNOSTIC,    41, -6.174632704278e-01, 3.481387156565e-04, 9.4985e-01, 7.3650e-03, 
 2DIAGNOSTIC,    42, -6.161977801443e-01, 4.608906304082e-04, 9.6113e-01, 1.1282e-02, 
 2DIAGNOSTIC,    43, -6.161564453058e-01, 5.335369366450e-04, 9.6668e-01, 5.5468e-03, 
 2DIAGNOSTIC,    44, -6.170772156786e-01, 5.644818561358e-04, 9.7223e-01, 5.5521e-03, 
 2DIAGNOSTIC,    45, -6.185357223345e-01, 5.560473275326e-04, 9.7802e-01, 5.7900e-03, 
 2DIAGNOSTIC,    46, -6.206472571874e-01, 5.180556601583e-04, 9.8321e-01, 5.1920e-03, 
 2DIAGNOSTIC,    47, -6.234100410038e-01, 4.649603421116e-04, 9.8839e-01, 5.1789e-03, 
 2DIAGNOSTIC,    48, -6.282459763953e-01, 4.232183835175e-04, 9.9390e-01, 5.5101e-03, 
 2DIAGNOSTIC,    49, -6.332856959828e-01, 4.219354987403e-04, 9.9903e-01, 5.1248e-03, 
 2DIAGNOSTIC,    50, -6.437673364928e-01, 5.158703117022e-04, 1.0044e+00, 5.3260e-03, 
 2DIAGNOSTIC,    51, -6.567709925643e-01, 7.709774255032e-04, 1.0097e+00, 5.3279e-03, 
 2DIAGNOSTIC,    52, -6.630139269347e-01, 9.856117374918e-04, 1.0161e+00, 6.3889e-03, 
 2DIAGNOSTIC,    53, -6.637658021211e-01, 1.103854986340e-03, 1.0229e+00, 6.8800e-03, 
 2DIAGNOSTIC,    54, -6.646848084434e-01, 1.129224648685e-03, 1.0292e+00, 6.2459e-03, 
 2DIAGNOSTIC,    55, -6.699954924645e-01, 1.103370375866e-03, 1.0404e+00, 1.1254e-02, 
 2DIAGNOSTIC,    56, -6.720090046880e-01, 1.005089988512e-03, 1.0487e+00, 8.2061e-03, 
 2DIAGNOSTIC,    57, -6.720481755974e-01, 8.375239884644e-04, 1.0543e+00, 5.6400e-03, 
 2DIAGNOSTIC,    58, -6.725919590697e-01, 6.425665790769e-04, 1.0595e+00, 5.2071e-03, 
 2DIAGNOSTIC,    59, -6.729036397438e-01, 4.360795285708e-04, 1.0646e+00, 5.0790e-03, 
 2DIAGNOSTIC,    60, -6.731488739467e-01, 2.773043107560e-04, 1.0698e+00, 5.2021e-03, 
 2DIAGNOSTIC,    61, -6.734259083749e-01, 1.993309742556e-04, 1.0749e+00, 5.0731e-03, 
 2DIAGNOSTIC,    62, -6.739132134977e-01, 1.568959941050e-04, 1.0804e+00, 5.5261e-03, 
 2DIAGNOSTIC,    63, -6.762843337207e-01, 1.247263350824e-04, 1.0877e+00, 7.2730e-03, 
 2DIAGNOSTIC,    64, -6.766381725715e-01, 8.969366426327e-05, 1.0930e+00, 5.3642e-03, 
 2DIAGNOSTIC,    65, -6.771215324635e-01, 8.898297517505e-05, 1.0981e+00, 5.1200e-03, 
 2DIAGNOSTIC,    66, -6.778537308481e-01, 9.953435195713e-05, 1.1040e+00, 5.8589e-03, 
 2DIAGNOSTIC,    67, -6.792267920683e-01, 1.098306868610e-04, 1.1109e+00, 6.8870e-03, 
 2DIAGNOSTIC,    68, -6.807681281924e-01, 1.231391634592e-04, 1.1163e+00, 5.3658e-03, 
 2DIAGNOSTIC,    69, -6.815200073200e-01, 1.312168283843e-04, 1.1212e+00, 4.9689e-03, 
 2DIAGNOSTIC,    70, -6.818105270743e-01, 1.303116546272e-04, 1.1283e+00, 7.1139e-03, 
 2DIAGNOSTIC,    71, -6.820510673642e-01, 1.205030863050e-04, 1.1336e+00, 5.2180e-03, 
 2DIAGNOSTIC,    72, -6.822317342946e-01, 1.032409181495e-04, 1.1383e+00, 4.7510e-03, 
 2DIAGNOSTIC,    73, -6.825798859160e-01, 9.372250911489e-05, 1.1457e+00, 7.3578e-03, 
 2DIAGNOSTIC,    74, -6.826263817298e-01, 7.797285674404e-05, 1.1511e+00, 5.4641e-03, 
 2DIAGNOSTIC,    75, -6.826914441440e-01, 5.871076580150e-05, 1.1566e+00, 5.4450e-03, 
 2DIAGNOSTIC,    76, -6.828123129632e-01, 3.951602189958e-05, 1.1615e+00, 4.9460e-03, 
 2DIAGNOSTIC,    77, -6.832344883228e-01, 2.762709194719e-05, 1.1665e+00, 5.0290e-03, 
 2DIAGNOSTIC,    78, -6.838172026793e-01, 2.580708601871e-05, 1.1742e+00, 7.6399e-03, 
 2DIAGNOSTIC,    79, -6.837376619695e-01, 2.541976750720e-05, 1.1794e+00, 5.1701e-03, 
 2DIAGNOSTIC,    80, -6.837941212985e-01, 2.471286273708e-05, 1.1844e+00, 5.0862e-03, 
 2DIAGNOSTIC,    81, -6.839726695761e-01, 2.407057546056e-05, 1.1896e+00, 5.1792e-03, 
 2DIAGNOSTIC,    82, -6.841107984416e-01, 2.281098738663e-05, 1.1952e+00, 5.5592e-03, 
 2DIAGNOSTIC,    83, -6.851047335490e-01, 2.675854462464e-05, 1.2027e+00, 7.5259e-03, 
 2DIAGNOSTIC,    84, -6.858177882652e-01, 3.208868514869e-05, 1.2093e+00, 6.6330e-03, 
 2DIAGNOSTIC,    85, -6.861556922899e-01, 3.640439953793e-05, 1.2171e+00, 7.7870e-03, 
 2DIAGNOSTIC,    86, -6.861559801536e-01, 3.780241887636e-05, 1.2216e+00, 4.5049e-03, 
 2DIAGNOSTIC,    87, -6.861669992642e-01, 3.777834364871e-05, 1.2263e+00, 4.6961e-03, 
 2DIAGNOSTIC,    88, -6.861800570760e-01, 3.717574108664e-05, 1.2311e+00, 4.7510e-03, 
 2DIAGNOSTIC,    89, -6.861877284250e-01, 3.259419131881e-05, 1.2361e+00, 4.9789e-03, 
 2DIAGNOSTIC,    90, -6.861915283619e-01, 2.533888638896e-05, 1.2406e+00, 4.5619e-03, 
 2DIAGNOSTIC,    91, -6.861985052350e-01, 1.686266354001e-05, 1.2453e+00, 4.6408e-03, 
 2DIAGNOSTIC,    92, -6.862113904099e-01, 7.665747482427e-06, 1.2500e+00, 4.7419e-03, 
 2DIAGNOSTIC,    93, -6.862267477642e-01, 2.805340776743e-06, 1.2545e+00, 4.5109e-03, 
 2DIAGNOSTIC,    94, -6.862421296396e-01, 1.275729946187e-06, 1.2597e+00, 5.1780e-03, 
 2DIAGNOSTIC,    95, -6.863402117210e-01, 1.765479912843e-06, 1.2662e+00, 6.5188e-03, 
 2DIAGNOSTIC,    96, -6.863401431966e-01, 2.097572944887e-06, 1.2714e+00, 5.1429e-03, 
 2DIAGNOSTIC,    97, -6.863402824736e-01, 2.310292090435e-06, 1.2762e+00, 4.8540e-03, 
 2DIAGNOSTIC,    98, -6.863407423356e-01, 2.396766280112e-06, 1.2807e+00, 4.4789e-03, 
 2DIAGNOSTIC,    99, -6.863418760357e-01, 2.321260905991e-06, 1.2857e+00, 4.9741e-03, 
 2DIAGNOSTIC,   100, -6.863434166991e-01, 2.073678731996e-06, 1.3011e+00, 1.5489e-02, 
 2DIAGNOSTIC,   101, -6.863434165408e-01, 1.693712464296e-06, 1.3177e+00, 1.6585e-02, 
 2DIAGNOSTIC,   102, -6.863434165408e-01, 1.253666072322e-06, 1.3259e+00, 8.2111e-03, 
DIAGNOSTIC,Iteration,metricValue,convergenceValue,ITERATION_TIME_INDEX,SINCE_LAST
 2DIAGNOSTIC,     1, -5.583126824862e-01, 1.797693134862e+308, 2.0937e+00, 7.6777e-01, 
 2DIAGNOSTIC,     2, -5.587682272124e-01, 1.797693134862e+308, 2.1239e+00, 3.0224e-02, 
 2DIAGNOSTIC,     3, -5.591008909281e-01, 1.797693134862e+308, 2.1545e+00, 3.0567e-02, 
 2DIAGNOSTIC,     4, -5.599290788847e-01, 1.797693134862e+308, 2.1855e+00, 3.0999e-02, 
 2DIAGNOSTIC,     5, -5.608877492013e-01, 1.797693134862e+308, 2.2196e+00, 3.4080e-02, 
 2DIAGNOSTIC,     6, -5.613230261159e-01, 1.797693134862e+308, 2.2502e+00, 3.0656e-02, 
 2DIAGNOSTIC,     7, -5.624632386498e-01, 1.797693134862e+308, 2.2872e+00, 3.7004e-02, 
 2DIAGNOSTIC,     8, -5.631233845632e-01, 1.797693134862e+308, 2.3265e+00, 3.9231e-02, 
 2DIAGNOSTIC,     9, -5.632646957857e-01, 1.797693134862e+308, 2.3619e+00, 3.5446e-02, 
 2DIAGNOSTIC,    10, -5.639250495008e-01, 6.930413643859e-04, 2.3990e+00, 3.7060e-02, 
 2DIAGNOSTIC,    11, -5.654730944675e-01, 6.697899915232e-04, 2.4349e+00, 3.5893e-02, 
 2DIAGNOSTIC,    12, -5.659949940896e-01, 6.300927882750e-04, 2.4699e+00, 3.4974e-02, 
 2DIAGNOSTIC,    13, -5.661010915191e-01, 5.567237554478e-04, 2.5038e+00, 3.3958e-02, 
 2DIAGNOSTIC,    14, -5.661227956219e-01, 4.748888176890e-04, 2.5420e+00, 3.8199e-02, 
 2DIAGNOSTIC,    15, -5.661571096301e-01, 3.944608692347e-04, 2.5898e+00, 4.7823e-02, 
 2DIAGNOSTIC,    16, -5.661594358302e-01, 3.003481352061e-04, 2.6226e+00, 3.2815e-02, 
 2DIAGNOSTIC,    17, -5.661518631533e-01, 2.229188022674e-04, 2.6522e+00, 2.9562e-02, 
 2DIAGNOSTIC,    18, -5.661451544952e-01, 1.527712413287e-04, 2.6864e+00, 3.4165e-02, 
 2DIAGNOSTIC,    19, -5.661465853546e-01, 8.004259529630e-05, 2.7169e+00, 3.0572e-02, 
 2DIAGNOSTIC,    20, -5.661216216264e-01, 2.242092370525e-05, 2.7494e+00, 3.2422e-02, 
 2DIAGNOSTIC,    21, -5.661230189103e-01, 5.262714980310e-06, 2.7823e+00, 3.2943e-02, 
 2DIAGNOSTIC,    22, -5.661155109066e-01, 1.052841904846e-06, 2.8108e+00, 2.8520e-02, 
DIAGNOSTIC,Iteration,metricValue,convergenceValue,ITERATION_TIME_INDEX,SINCE_LAST
 2DIAGNOSTIC,     1, -5.039546251825e-01, 1.797693134862e+308, 3.9559e+00, 1.1451e+00, 
 2DIAGNOSTIC,     2, -5.041322462914e-01, 1.797693134862e+308, 4.2206e+00, 2.6472e-01, 
 2DIAGNOSTIC,     3, -5.042656688308e-01, 1.797693134862e+308, 4.4758e+00, 2.5519e-01, 
 2DIAGNOSTIC,     4, -5.043253389349e-01, 1.797693134862e+308, 4.7696e+00, 2.9381e-01, 
 2DIAGNOSTIC,     5, -5.043502536125e-01, 1.797693134862e+308, 5.0595e+00, 2.8993e-01, 
 2DIAGNOSTIC,     6, -5.044447470010e-01, 1.797693134862e+308, 5.3453e+00, 2.8578e-01, 
 2DIAGNOSTIC,     7, -5.045401358817e-01, 1.797693134862e+308, 5.6914e+00, 3.4612e-01, 
 2DIAGNOSTIC,     8, -5.045461696452e-01, 1.797693134862e+308, 6.0363e+00, 3.4483e-01, 
 2DIAGNOSTIC,     9, -5.045519860680e-01, 1.797693134862e+308, 6.2998e+00, 2.6353e-01, 
 2DIAGNOSTIC,    10, -5.045555052301e-01, 7.533129469529e-05, 6.6302e+00, 3.3036e-01, 
 2DIAGNOSTIC,    11, -5.045663612967e-01, 5.174426744027e-05, 6.8963e+00, 2.6613e-01, 
 2DIAGNOSTIC,    12, -5.045607818269e-01, 3.555968534583e-05, 7.1512e+00, 2.5494e-01, 
 2DIAGNOSTIC,    13, -5.045648586692e-01, 2.485386844439e-05, 7.4635e+00, 3.1228e-01, 
 2DIAGNOSTIC,    14, -5.045685811448e-01, 1.626810202129e-05, 7.7831e+00, 3.1960e-01, 
 2DIAGNOSTIC,    15, -5.045672316533e-01, 8.369843525452e-06, 8.0842e+00, 3.0112e-01, 
 2DIAGNOSTIC,    16, -5.045788227411e-01, 4.530368208563e-06, 8.3495e+00, 2.6528e-01, 
 2DIAGNOSTIC,    17, -5.045899119469e-01, 4.427782397246e-06, 8.6255e+00, 2.7599e-01, 
 2DIAGNOSTIC,    18, -5.045939373829e-01, 4.408777834856e-06, 8.9514e+00, 3.2591e-01, 
 2DIAGNOSTIC,    19, -5.045926692926e-01, 4.284076838251e-06, 9.2480e+00, 2.9663e-01, 
 2DIAGNOSTIC,    20, -5.045896216851e-01, 3.940359667810e-06, 9.4794e+00, 2.3140e-01, 
 2DIAGNOSTIC,    21, -5.045880271164e-01, 3.663679839727e-06, 9.7644e+00, 2.8497e-01, 
 2DIAGNOSTIC,    22, -5.045891889826e-01, 3.089418756166e-06, 1.0030e+01, 2.6515e-01, 
 2DIAGNOSTIC,    23, -5.045893819332e-01, 2.512496388392e-06, 1.0266e+01, 2.3627e-01, 
 2DIAGNOSTIC,    24, -5.045939269802e-01, 2.080313799092e-06, 1.0493e+01, 2.2692e-01, 
 2DIAGNOSTIC,    25, -5.046050557106e-01, 1.828158456278e-06, 1.0763e+01, 2.6988e-01, 
 2DIAGNOSTIC,    26, -5.046083904417e-01, 1.855363178753e-06, 1.1016e+01, 2.5332e-01, 
 2DIAGNOSTIC,    27, -5.046128030946e-01, 2.142780229579e-06, 1.1284e+01, 2.6843e-01, 
 2DIAGNOSTIC,    28, -5.046152442990e-01, 2.449692099823e-06, 1.1658e+01, 3.7354e-01, 
 2DIAGNOSTIC,    29, -5.046124292145e-01, 2.532186940872e-06, 1.2054e+01, 3.9594e-01, 
 2DIAGNOSTIC,    30, -5.046117261789e-01, 2.403574943001e-06, 1.2334e+01, 2.8047e-01, 
 2DIAGNOSTIC,    31, -5.046082743958e-01, 2.063603450883e-06, 1.2605e+01, 2.7030e-01, 
 2DIAGNOSTIC,    32, -5.046068843525e-01, 1.645727838111e-06, 1.2898e+01, 2.9375e-01, 
 2DIAGNOSTIC,    33, -5.046091034060e-01, 1.232522022589e-06, 1.3197e+01, 2.9876e-01, 
DIAGNOSTIC,Iteration,metricValue,convergenceValue,ITERATION_TIME_INDEX,SINCE_LAST
 2DIAGNOSTIC,     1, -4.673109825078e-01, 1.797693134862e+308, 1.6054e+01, 2.8569e+00, 
 2DIAGNOSTIC,     2, -4.673813254502e-01, 1.797693134862e+308, 1.8142e+01, 2.0882e+00, 
 2DIAGNOSTIC,     3, -4.673822237299e-01, 1.797693134862e+308, 2.0265e+01, 2.1228e+00, 
 2DIAGNOSTIC,     4, -4.673822690763e-01, 1.797693134862e+308, 2.1973e+01, 1.7078e+00, 
 2DIAGNOSTIC,     5, -4.673822538318e-01, 1.797693134862e+308, 2.3730e+01, 1.7568e+00, 
 2DIAGNOSTIC,     6, -4.673823512928e-01, 1.797693134862e+308, 2.8278e+01, 4.5481e+00, 
 2DIAGNOSTIC,     7, -4.673823512926e-01, 1.797693134862e+308, 3.2048e+01, 3.7700e+00, 
 2DIAGNOSTIC,     8, -4.673823512926e-01, 1.797693134862e+308, 3.3584e+01, 1.5364e+00, 
 2DIAGNOSTIC,     9, -4.673823512926e-01, 1.797693134862e+308, 3.5146e+01, 1.5614e+00, 
 2DIAGNOSTIC,    10, -4.673823512926e-01, 7.584224752069e-06, 3.6713e+01, 1.5677e+00, 
 2DIAGNOSTIC,    11, -4.673823512926e-01, 2.960428523838e-06, 3.8341e+01, 1.6276e+00, 
 2DIAGNOSTIC,    12, -4.673823512926e-01, 2.664433320712e-06, 3.9930e+01, 1.5894e+00, 
 2DIAGNOSTIC,    13, -4.673823512926e-01, 2.454774449170e-06, 4.1726e+01, 1.7954e+00, 
 2DIAGNOSTIC,    14, -4.673823512926e-01, 2.276395850681e-06, 4.3672e+01, 1.9461e+00, 
 2DIAGNOSTIC,    15, -4.673823512926e-01, 2.120683512338e-06, 4.5664e+01, 1.9926e+00, 
 2DIAGNOSTIC,    16, -4.673823512926e-01, 1.988139511175e-06, 4.7228e+01, 1.5639e+00, 
 2DIAGNOSTIC,    17, -4.673823512926e-01, 1.871189058082e-06, 4.8905e+01, 1.6768e+00, 
 2DIAGNOSTIC,    18, -4.673823512926e-01, 1.767233212095e-06, 5.0503e+01, 1.5983e+00, 
 2DIAGNOSTIC,    19, -4.673823512926e-01, 1.674220176273e-06, 5.2175e+01, 1.6719e+00, 
 2DIAGNOSTIC,    20, -4.673823512926e-01, 1.590508516391e-06, 5.3771e+01, 1.5960e+00, 
 2DIAGNOSTIC,    21, -4.673823512926e-01, 1.514769454598e-06, 5.5513e+01, 1.7414e+00, 
 2DIAGNOSTIC,    22, -4.673823512926e-01, 1.445915810722e-06, 5.7161e+01, 1.6482e+00, 
 2DIAGNOSTIC,    23, -4.673823512926e-01, 1.383049480740e-06, 5.8767e+01, 1.6061e+00, 
 2DIAGNOSTIC,    24, -4.673823512926e-01, 1.325422045541e-06, 6.0386e+01, 1.6186e+00, 
 2DIAGNOSTIC,    25, -4.673823512926e-01, 1.272404833844e-06, 6.1898e+01, 1.5128e+00, 
 2DIAGNOSTIC,    26, -4.673823512926e-01, 1.223465893603e-06, 6.3608e+01, 1.7096e+00, 
 2DIAGNOSTIC,    27, -4.673823512926e-01, 1.178152080915e-06, 6.5381e+01, 1.7730e+00, 
 2DIAGNOSTIC,    28, -4.673823512926e-01, 1.136074987106e-06, 6.7004e+01, 1.6236e+00, 
 2DIAGNOSTIC,    29, -4.673823512926e-01, 1.096899777418e-06, 6.8451e+01, 1.4464e+00, 
 2DIAGNOSTIC,    30, -4.673823512926e-01, 1.060336261918e-06, 7.0090e+01, 1.6392e+00, 
 2DIAGNOSTIC,    31, -4.673823512926e-01, 1.026131694754e-06, 7.1840e+01, 1.7504e+00, 
  Elapsed time (stage 0): 7.2794e+01


Total elapsed time: 7.2797e+01
Info [verificarlo]: loaded backend libinterflop_ieee.so
Info [interflop-ieee]: load backend with:
Info [interflop-ieee]: debug = false
Info [interflop-ieee]: debug-binary = false
Info [interflop-ieee]: no-backend-name = false
Info [interflop-ieee]: print-new-line = false
Info [interflop-ieee]: print-subnormal-normalized = false
Info [interflop-ieee]: count-op = false
All_Command_lines_OK
Using double precision for computations.
=============================================================================
The composite transform comprises the following transforms (in order): 
  1. /home/mdugre/scratch/mri-registration-rp/datasets/ds004513/derivatives/mri-registration-rp/0001/antsRegistration-r7-p8/sub-s035/rigid_Composite.h5[0] (type = Euler3DTransform)
  2. /home/mdugre/scratch/mri-registration-rp/datasets/ds004513/derivatives/mri-registration-rp/0001/antsRegistration-r7-p8/sub-s035/rigid_Composite.h5[1] (type = Euler3DTransform)
  3. /home/mdugre/scratch/mri-registration-rp/datasets/ds004513/derivatives/mri-registration-rp/0001/antsRegistration-r7-p8/sub-s035/rigid_Composite.h5[2] (type = Euler3DTransform)
=============================================================================
  number of levels = 4
  fixed image: /templateflow/tpl-MNI152NLin2009cAsym/tpl-MNI152NLin2009cAsym_res-01_desc-brain_T1w.nii.gz
  moving image: /home/mdugre/scratch/mri-registration-rp/datasets/ds004513/derivatives/mri-registration-rp/antsBrainExtraction/sub-s035/BrainExtractionBrain.nii.gz
Dimension = 3
Number of stages = 1
Use histogram matching = false
Winsorize image intensities = true
  Lower quantile = 0.005
  Upper quantile = 0.995


Stage 1 State
   Image metric = MattesMI
     Fixed image = Image (0x35b7530)
  RTTI typeinfo:   itk::Image<double, 3u>
  Reference Count: 2
  Modified Time: 1592
  Debug: Off
  Object Name: 
  Observers: 
    none
  Source: (none)
  Source output name: (none)
  Release Data: Off
  Data Released: False
  Global Release Data: Off
  PipelineMTime: 0
  UpdateMTime: 1203
  RealTimeStamp: 0 seconds 
  LargestPossibleRegion: 
    Dimension: 3
    Index: [0, 0, 0]
    Size: [193, 229, 193]
  BufferedRegion: 
    Dimension: 3
    Index: [0, 0, 0]
    Size: [193, 229, 193]
  RequestedRegion: 
    Dimension: 3
    Index: [0, 0, 0]
    Size: [193, 229, 193]
  Spacing: [1, 1, 1]
  Origin: [96, 132, -78]
  Direction: 
-1 0 0
0 -1 0
0 0 1

  IndexToPointMatrix: 
-1 0 0
0 -1 0
0 0 1

  PointToIndexMatrix: 
-1 0 0
0 -1 0
0 0 1

  Inverse Direction: 
-1 0 0
0 -1 0
0 0 1

  PixelContainer: 
    ImportImageContainer (0x36702a0)
      RTTI typeinfo:   itk::ImportImageContainer<unsigned long, double>
      Reference Count: 1
      Modified Time: 1200
      Debug: Off
      Object Name: 
      Observers: 
        none
      Pointer: 0x15169d883010
      Container manages memory: true
      Size: 8530021
      Capacity: 8530021

     Moving image = Image (0x3672e60)
  RTTI typeinfo:   itk::Image<double, 3u>
  Reference Count: 2
  Modified Time: 1593
  Debug: Off
  Object Name: 
  Observers: 
    none
  Source: (none)
  Source output name: (none)
  Release Data: Off
  Data Released: False
  Global Release Data: Off
  PipelineMTime: 0
  UpdateMTime: 1590
  RealTimeStamp: 0 seconds 
  LargestPossibleRegion: 
    Dimension: 3
    Index: [0, 0, 0]
    Size: [160, 240, 256]
  BufferedRegion: 
    Dimension: 3
    Index: [0, 0, 0]
    Size: [160, 240, 256]
  RequestedRegion: 
    Dimension: 3
    Index: [0, 0, 0]
    Size: [160, 240, 256]
  Spacing: [1, 1, 1]
  Origin: [98.6438, 87.6358, -117.989]
  Direction: 
-0.993515 -0.100993 -0.0522355
0.100854 -0.994887 0.00530255
-0.0525039 1.93537e-08 0.998621

  IndexToPointMatrix: 
-0.993515 -0.100993 -0.0522355
0.100854 -0.994887 0.00530255
-0.0525039 1.93537e-08 0.998621

  PointToIndexMatrix: 
-0.993515 0.100854 -0.0525039
-0.100993 -0.994887 1.93006e-08
-0.0522355 0.00530255 0.998621

  Inverse Direction: 
-0.993515 0.100854 -0.0525039
-0.100993 -0.994887 1.93006e-08
-0.0522355 0.00530255 0.998621

  PixelContainer: 
    ImportImageContainer (0x36a6390)
      RTTI typeinfo:   itk::ImportImageContainer<unsigned long, double>
      Reference Count: 1
      Modified Time: 1587
      Debug: Off
      Object Name: 
      Observers: 
        none
      Pointer: 0x151698d82010
      Container manages memory: true
      Size: 9830400
      Capacity: 9830400

     Weighting = 1
     Sampling strategy = regular
     Number of bins = 32
     Radius = 4
     Sampling percentage  = 0.25
   Transform = Affine
     Gradient step = 0.1
     Update field sigma (voxel space) = 0
     Total field sigma (voxel space) = 0
     Update field time sigma = 0
     Total field time sigma  = 0
     Number of time indices = 0
     Number of time point samples = 0
Registration using 1 total stages.

Stage 0
  iterations = 1000x500x250x100
  convergence threshold = 1e-06
  convergence window size = 10
  number of levels = 4
  using the Mattes MI metric (number of bins = 32, weight = 1, use gradient filter = 0)
  preprocessing:  winsorizing the image intensities
  Shrink factors (level 1 out of 4): [8, 8, 8]
  Shrink factors (level 2 out of 4): [4, 4, 4]
  Shrink factors (level 3 out of 4): [2, 2, 2]
  Shrink factors (level 4 out of 4): [1, 1, 1]
  smoothing sigmas per level: [3, 2, 1, 0]
  regular sampling (percentage = 0.25)

*** Running AffineTransform registration ***

DIAGNOSTIC,Iteration,metricValue,convergenceValue,ITERATION_TIME_INDEX,SINCE_LAST
 2DIAGNOSTIC,     1, -6.762579858257e-01, 1.797693134862e+308, 8.9580e-01, 8.9580e-01, 
 2DIAGNOSTIC,     2, -6.786069502361e-01, 1.797693134862e+308, 9.0122e-01, 5.4190e-03, 
 2DIAGNOSTIC,     3, -6.829852181407e-01, 1.797693134862e+308, 9.0746e-01, 6.2480e-03, 
 2DIAGNOSTIC,     4, -6.906045983584e-01, 1.797693134862e+308, 9.1344e-01, 5.9760e-03, 
 2DIAGNOSTIC,     5, -7.003369378425e-01, 1.797693134862e+308, 9.1958e-01, 6.1440e-03, 
 2DIAGNOSTIC,     6, -7.123362211899e-01, 1.797693134862e+308, 9.2576e-01, 6.1798e-03, 
 2DIAGNOSTIC,     7, -7.358596456532e-01, 1.797693134862e+308, 9.3407e-01, 8.3029e-03, 
 2DIAGNOSTIC,     8, -7.388339951622e-01, 1.797693134862e+308, 9.4119e-01, 7.1189e-03, 
 2DIAGNOSTIC,     9, -7.390608789649e-01, 1.797693134862e+308, 9.4832e-01, 7.1330e-03, 
 2DIAGNOSTIC,    10, -7.391983170188e-01, 7.137398809632e-03, 9.5454e-01, 6.2180e-03, 
 2DIAGNOSTIC,    11, -7.391249767019e-01, 6.007984357022e-03, 9.5978e-01, 5.2400e-03, 
 2DIAGNOSTIC,    12, -7.396744164622e-01, 4.621768228699e-03, 9.6538e-01, 5.6040e-03, 
 2DIAGNOSTIC,    13, -7.406358963380e-01, 3.200658211835e-03, 9.7137e-01, 5.9850e-03, 
 2DIAGNOSTIC,    14, -7.413058476259e-01, 1.939313157310e-03, 9.7731e-01, 5.9462e-03, 
 2DIAGNOSTIC,    15, -7.413920392396e-01, 9.328426499509e-04, 9.8332e-01, 6.0081e-03, 
 2DIAGNOSTIC,    16, -7.419243889079e-01, 2.640683648129e-04, 9.8900e-01, 5.6751e-03, 
 2DIAGNOSTIC,    17, -7.430037613089e-01, 2.191849419044e-04, 9.9823e-01, 9.2330e-03, 
 2DIAGNOSTIC,    18, -7.432978551072e-01, 2.296123019757e-04, 1.0048e+00, 6.5541e-03, 
 2DIAGNOSTIC,    19, -7.430880078507e-01, 2.182344323319e-04, 1.0103e+00, 5.5330e-03, 
 2DIAGNOSTIC,    20, -7.431959601411e-01, 1.936249805599e-04, 1.0165e+00, 6.1569e-03, 
 2DIAGNOSTIC,    21, -7.432871258191e-01, 1.537411769015e-04, 1.0224e+00, 5.9159e-03, 
 2DIAGNOSTIC,    22, -7.433997653160e-01, 1.143463654198e-04, 1.0283e+00, 5.9092e-03, 
 2DIAGNOSTIC,    23, -7.434171932918e-01, 8.421224587581e-05, 1.0343e+00, 5.9710e-03, 
 2DIAGNOSTIC,    24, -7.432930784407e-01, 5.818055743469e-05, 1.0404e+00, 6.1221e-03, 
 2DIAGNOSTIC,    25, -7.432768822716e-01, 3.013688423865e-05, 1.0466e+00, 6.1769e-03, 
 2DIAGNOSTIC,    26, -7.432474996551e-01, 8.606958367963e-06, 1.0532e+00, 6.6221e-03, 
DIAGNOSTIC,Iteration,metricValue,convergenceValue,ITERATION_TIME_INDEX,SINCE_LAST
 2DIAGNOSTIC,     1, -6.097234213869e-01, 1.797693134862e+308, 1.8210e+00, 7.6780e-01, 
 2DIAGNOSTIC,     2, -6.102483660384e-01, 1.797693134862e+308, 1.8588e+00, 3.7770e-02, 
 2DIAGNOSTIC,     3, -6.110395568594e-01, 1.797693134862e+308, 1.8953e+00, 3.6567e-02, 
 2DIAGNOSTIC,     4, -6.118139367457e-01, 1.797693134862e+308, 1.9323e+00, 3.7013e-02, 
 2DIAGNOSTIC,     5, -6.125889100953e-01, 1.797693134862e+308, 1.9766e+00, 4.4219e-02, 
 2DIAGNOSTIC,     6, -6.126380911508e-01, 1.797693134862e+308, 2.0290e+00, 5.2488e-02, 
 2DIAGNOSTIC,     7, -6.126229952019e-01, 1.797693134862e+308, 2.0714e+00, 4.2375e-02, 
 2DIAGNOSTIC,     8, -6.125955916592e-01, 1.797693134862e+308, 2.1113e+00, 3.9917e-02, 
 2DIAGNOSTIC,     9, -6.125990622762e-01, 1.797693134862e+308, 2.1476e+00, 3.6217e-02, 
 2DIAGNOSTIC,    10, -6.125728843791e-01, 2.996058913469e-04, 2.1873e+00, 3.9724e-02, 
 2DIAGNOSTIC,    11, -6.126036683861e-01, 1.822065418254e-04, 2.2339e+00, 4.6644e-02, 
 2DIAGNOSTIC,    12, -6.125716414490e-01, 8.732981329618e-05, 2.2854e+00, 5.1502e-02, 
 2DIAGNOSTIC,    13, -6.125673308691e-01, 2.714465808894e-05, 2.3245e+00, 3.9060e-02, 
DIAGNOSTIC,Iteration,metricValue,convergenceValue,ITERATION_TIME_INDEX,SINCE_LAST
 2DIAGNOSTIC,     1, -5.360359286696e-01, 1.797693134862e+308, 3.4886e+00, 1.1641e+00, 
 2DIAGNOSTIC,     2, -5.362443353247e-01, 1.797693134862e+308, 3.7848e+00, 2.9620e-01, 
 2DIAGNOSTIC,     3, -5.364327717107e-01, 1.797693134862e+308, 4.1054e+00, 3.2053e-01, 
 2DIAGNOSTIC,     4, -5.364917700223e-01, 1.797693134862e+308, 4.5758e+00, 4.7047e-01, 
 2DIAGNOSTIC,     5, -5.364812301204e-01, 1.797693134862e+308, 4.9336e+00, 3.5778e-01, 
 2DIAGNOSTIC,     6, -5.364785945797e-01, 1.797693134862e+308, 5.2990e+00, 3.6536e-01, 
 2DIAGNOSTIC,     7, -5.364790995729e-01, 1.797693134862e+308, 5.7889e+00, 4.8994e-01, 
 2DIAGNOSTIC,     8, -5.364794546645e-01, 1.797693134862e+308, 6.1003e+00, 3.1139e-01, 
 2DIAGNOSTIC,     9, -5.364778900301e-01, 1.797693134862e+308, 6.4142e+00, 3.1386e-01, 
 2DIAGNOSTIC,    10, -5.364774992448e-01, 3.878768257636e-05, 6.7425e+00, 3.2834e-01, 
 2DIAGNOSTIC,    11, -5.364762296806e-01, 1.543820237551e-05, 7.0654e+00, 3.2290e-01, 
 2DIAGNOSTIC,    12, -5.364757622926e-01, 3.822293749428e-06, 7.3691e+00, 3.0374e-01, 
 2DIAGNOSTIC,    13, -5.364752944443e-01, 1.472362461064e-06, 7.7271e+00, 3.5794e-01, 
 2DIAGNOSTIC,    14, -5.364739330178e-01, 1.739001388931e-06, 8.0583e+00, 3.3119e-01, 
 2DIAGNOSTIC,    15, -5.364743930557e-01, 1.667348340395e-06, 8.3352e+00, 2.7694e-01, 
 2DIAGNOSTIC,    16, -5.364721886316e-01, 1.484375604363e-06, 8.6535e+00, 3.1833e-01, 
 2DIAGNOSTIC,    17, -5.364713066374e-01, 1.358362643686e-06, 8.9712e+00, 3.1766e-01, 
 2DIAGNOSTIC,    18, -5.364702913772e-01, 1.275497007028e-06, 9.2553e+00, 2.8406e-01, 
 2DIAGNOSTIC,    19, -5.364709358786e-01, 1.221098226013e-06, 9.5617e+00, 3.0640e-01, 
 2DIAGNOSTIC,    20, -5.364680184037e-01, 1.126190528340e-06, 9.8486e+00, 2.8695e-01, 
 2DIAGNOSTIC,    21, -5.364698063769e-01, 1.099157245207e-06, 1.0153e+01, 3.0427e-01, 
 2DIAGNOSTIC,    22, -5.364728328314e-01, 1.173951362211e-06, 1.0471e+01, 3.1827e-01, 
 2DIAGNOSTIC,    23, -5.364734600950e-01, 1.269385273991e-06, 1.0824e+01, 3.5321e-01, 
 2DIAGNOSTIC,    24, -5.364750769498e-01, 1.373106806056e-06, 1.1245e+01, 4.2103e-01, 
 2DIAGNOSTIC,    25, -5.364735299427e-01, 1.442862152076e-06, 1.1572e+01, 3.2644e-01, 
 2DIAGNOSTIC,    26, -5.364734596935e-01, 1.446237390137e-06, 1.1922e+01, 3.5030e-01, 
 2DIAGNOSTIC,    27, -5.364735642946e-01, 1.411931076140e-06, 1.2247e+01, 3.2473e-01, 
 2DIAGNOSTIC,    28, -5.364733774333e-01, 1.333739674356e-06, 1.2543e+01, 2.9630e-01, 
 2DIAGNOSTIC,    29, -5.364727525166e-01, 1.245124990210e-06, 1.2869e+01, 3.2534e-01, 
 2DIAGNOSTIC,    30, -5.364721233926e-01, 1.086358039401e-06, 1.3191e+01, 3.2225e-01, 
DIAGNOSTIC,Iteration,metricValue,convergenceValue,ITERATION_TIME_INDEX,SINCE_LAST
 2DIAGNOSTIC,     1, -4.918319139805e-01, 1.797693134862e+308, 1.6059e+01, 2.8682e+00, 
 2DIAGNOSTIC,     2, -4.920346221059e-01, 1.797693134862e+308, 1.7799e+01, 1.7399e+00, 
