
##########################
# Experiment information #
##########################

EXPERIMENT_NAME: antsRegistration-r7-p15
VFC_BACKENDS: libinterflop_vprec.so --range-binary32=7 --precision-binary32=15 --range-binary64=7 --precision-binary64=15

SIF_IMG: /home/mdugre/projects/rrg-glatard/mdugre/containers/ants-vprec-no_metrics.simg

SUBJECT_ID: s035
INPUT_IMG: /home/mdugre/scratch/mri-registration-rp/datasets/ds004513/derivatives/mri-registration-rp/antsBrainExtraction/sub-s035/BrainExtractionBrain.nii.gz
OUTPUT_DIR: /home/mdugre/scratch/mri-registration-rp/datasets/ds004513/derivatives/mri-registration-rp/0001/antsRegistration-r7-p15/sub-s035

FIXED_IMG: /templateflow/tpl-MNI152NLin2009cAsym/tpl-MNI152NLin2009cAsym_res-01_desc-brain_T1w.nii.gz
DATA_DIR: /home/mdugre/scratch/mri-registration-rp/datasets/ds004513
TEMPLATEFLOW_DIR: /home/mdugre/projects/rrg-glatard/mdugre/templateflow
ITK_GLOBAL_DEFAULT_NUMBER_OF_THREADS: 16
##########################

Info [verificarlo]: loaded backend libinterflop_ieee.so
Info [interflop-ieee]: load backend with:
Info [interflop-ieee]: debug = false
Info [interflop-ieee]: debug-binary = false
Info [interflop-ieee]: no-backend-name = false
Info [interflop-ieee]: print-new-line = false
Info [interflop-ieee]: print-subnormal-normalized = false
Info [interflop-ieee]: count-op = false
All_Command_lines_OK
Using double precision for computations.
=============================================================================
The composite transform comprises the following transforms (in order): 
  1. Center of mass alignment using fixed image: /templateflow/tpl-MNI152NLin2009cAsym/tpl-MNI152NLin2009cAsym_res-01_desc-brain_T1w.nii.gz and moving image: /home/mdugre/scratch/mri-registration-rp/datasets/ds004513/derivatives/mri-registration-rp/antsBrainExtraction/sub-s035/BrainExtractionBrain.nii.gz (type = Euler3DTransform)
=============================================================================
  number of levels = 1
  fixed image: /templateflow/tpl-MNI152NLin2009cAsym/tpl-MNI152NLin2009cAsym_res-01_desc-brain_T1w.nii.gz
  moving image: /home/mdugre/scratch/mri-registration-rp/datasets/ds004513/derivatives/mri-registration-rp/antsBrainExtraction/sub-s035/BrainExtractionBrain.nii.gz
Dimension = 3
Number of stages = 1
Use histogram matching = false
Winsorize image intensities = true
  Lower quantile = 0.005
  Upper quantile = 0.995


Stage 1 State
   Image metric = MattesMI
     Fixed image = Image (0x3c01e70)
  RTTI typeinfo:   itk::Image<double, 3u>
  Reference Count: 2
  Modified Time: 2330
  Debug: Off
  Object Name: 
  Observers: 
    none
  Source: (none)
  Source output name: (none)
  Release Data: Off
  Data Released: False
  Global Release Data: Off
  PipelineMTime: 0
  UpdateMTime: 1941
  RealTimeStamp: 0 seconds 
  LargestPossibleRegion: 
    Dimension: 3
    Index: [0, 0, 0]
    Size: [193, 229, 193]
  BufferedRegion: 
    Dimension: 3
    Index: [0, 0, 0]
    Size: [193, 229, 193]
  RequestedRegion: 
    Dimension: 3
    Index: [0, 0, 0]
    Size: [193, 229, 193]
  Spacing: [1, 1, 1]
  Origin: [96, 132, -78]
  Direction: 
-1 0 0
0 -1 0
0 0 1

  IndexToPointMatrix: 
-1 0 0
0 -1 0
0 0 1

  PointToIndexMatrix: 
-1 0 0
0 -1 0
0 0 1

  Inverse Direction: 
-1 0 0
0 -1 0
0 0 1

  PixelContainer: 
    ImportImageContainer (0x3c0ac60)
      RTTI typeinfo:   itk::ImportImageContainer<unsigned long, double>
      Reference Count: 1
      Modified Time: 1938
      Debug: Off
      Object Name: 
      Observers: 
        none
      Pointer: 0x1491f46e1010
      Container manages memory: true
      Size: 8530021
      Capacity: 8530021

     Moving image = Image (0x3c9eec0)
  RTTI typeinfo:   itk::Image<double, 3u>
  Reference Count: 2
  Modified Time: 2331
  Debug: Off
  Object Name: 
  Observers: 
    none
  Source: (none)
  Source output name: (none)
  Release Data: Off
  Data Released: False
  Global Release Data: Off
  PipelineMTime: 0
  UpdateMTime: 2328
  RealTimeStamp: 0 seconds 
  LargestPossibleRegion: 
    Dimension: 3
    Index: [0, 0, 0]
    Size: [160, 240, 256]
  BufferedRegion: 
    Dimension: 3
    Index: [0, 0, 0]
    Size: [160, 240, 256]
  RequestedRegion: 
    Dimension: 3
    Index: [0, 0, 0]
    Size: [160, 240, 256]
  Spacing: [1, 1, 1]
  Origin: [98.6438, 87.6358, -117.989]
  Direction: 
-0.993515 -0.100993 -0.0522355
0.100854 -0.994887 0.00530255
-0.0525039 1.93537e-08 0.998621

  IndexToPointMatrix: 
-0.993515 -0.100993 -0.0522355
0.100854 -0.994887 0.00530255
-0.0525039 1.93537e-08 0.998621

  PointToIndexMatrix: 
-0.993515 0.100854 -0.0525039
-0.100993 -0.994887 1.93006e-08
-0.0522355 0.00530255 0.998621

  Inverse Direction: 
-0.993515 0.100854 -0.0525039
-0.100993 -0.994887 1.93006e-08
-0.0522355 0.00530255 0.998621

  PixelContainer: 
    ImportImageContainer (0x3d36610)
      RTTI typeinfo:   itk::ImportImageContainer<unsigned long, double>
      Reference Count: 1
      Modified Time: 2325
      Debug: Off
      Object Name: 
      Observers: 
        none
      Pointer: 0x1491efbe0010
      Container manages memory: true
      Size: 9830400
      Capacity: 9830400

     Weighting = 1
     Sampling strategy = regular
     Number of bins = 32
     Radius = 4
     Sampling percentage  = 0.25
   Transform = Rigid
     Gradient step = 0.1
     Update field sigma (voxel space) = 0
     Total field sigma (voxel space) = 0
     Update field time sigma = 0
     Total field time sigma  = 0
     Number of time indices = 0
     Number of time point samples = 0
Registration using 1 total stages.

Stage 0
  iterations = 0
  convergence threshold = 1e-06
  convergence window size = 10
  number of levels = 1
  using the Mattes MI metric (number of bins = 32, weight = 1, use gradient filter = 0)
  preprocessing:  winsorizing the image intensities
  Shrink factors (level 1 out of 1): [1, 1, 1]
  smoothing sigmas per level: [0]
  regular sampling (percentage = 0.25)

*** Running Euler3DTransform registration ***

  Elapsed time (stage 0): 1.12389


Total elapsed time: 1.12707
Info [verificarlo]: loaded backend libinterflop_ieee.so
Info [interflop-ieee]: load backend with:
Info [interflop-ieee]: debug = false
Info [interflop-ieee]: debug-binary = false
Info [interflop-ieee]: no-backend-name = false
Info [interflop-ieee]: print-new-line = false
Info [interflop-ieee]: print-subnormal-normalized = false
Info [interflop-ieee]: count-op = false
All_Command_lines_OK
Using double precision for computations.
=============================================================================
The composite transform comprises the following transforms (in order): 
  1. /home/mdugre/scratch/mri-registration-rp/datasets/ds004513/derivatives/mri-registration-rp/0001/antsRegistration-r7-p15/sub-s035/align_Composite.h5[0] (type = Euler3DTransform)
  2. /home/mdugre/scratch/mri-registration-rp/datasets/ds004513/derivatives/mri-registration-rp/0001/antsRegistration-r7-p15/sub-s035/align_Composite.h5[1] (type = Euler3DTransform)
=============================================================================
  number of levels = 4
  fixed image: /templateflow/tpl-MNI152NLin2009cAsym/tpl-MNI152NLin2009cAsym_res-01_desc-brain_T1w.nii.gz
  moving image: /home/mdugre/scratch/mri-registration-rp/datasets/ds004513/derivatives/mri-registration-rp/antsBrainExtraction/sub-s035/BrainExtractionBrain.nii.gz
Dimension = 3
Number of stages = 1
Use histogram matching = false
Winsorize image intensities = true
  Lower quantile = 0.005
  Upper quantile = 0.995


Stage 1 State
   Image metric = MattesMI
     Fixed image = Image (0x3971530)
  RTTI typeinfo:   itk::Image<double, 3u>
  Reference Count: 2
  Modified Time: 1578
  Debug: Off
  Object Name: 
  Observers: 
    none
  Source: (none)
  Source output name: (none)
  Release Data: Off
  Data Released: False
  Global Release Data: Off
  PipelineMTime: 0
  UpdateMTime: 1189
  RealTimeStamp: 0 seconds 
  LargestPossibleRegion: 
    Dimension: 3
    Index: [0, 0, 0]
    Size: [193, 229, 193]
  BufferedRegion: 
    Dimension: 3
    Index: [0, 0, 0]
    Size: [193, 229, 193]
  RequestedRegion: 
    Dimension: 3
    Index: [0, 0, 0]
    Size: [193, 229, 193]
  Spacing: [1, 1, 1]
  Origin: [96, 132, -78]
  Direction: 
-1 0 0
0 -1 0
0 0 1

  IndexToPointMatrix: 
-1 0 0
0 -1 0
0 0 1

  PointToIndexMatrix: 
-1 0 0
0 -1 0
0 0 1

  Inverse Direction: 
-1 0 0
0 -1 0
0 0 1

  PixelContainer: 
    ImportImageContainer (0x3a2fd60)
      RTTI typeinfo:   itk::ImportImageContainer<unsigned long, double>
      Reference Count: 1
      Modified Time: 1186
      Debug: Off
      Object Name: 
      Observers: 
        none
      Pointer: 0x1512f2314010
      Container manages memory: true
      Size: 8530021
      Capacity: 8530021

     Moving image = Image (0x3a21f60)
  RTTI typeinfo:   itk::Image<double, 3u>
  Reference Count: 2
  Modified Time: 1579
  Debug: Off
  Object Name: 
  Observers: 
    none
  Source: (none)
  Source output name: (none)
  Release Data: Off
  Data Released: False
  Global Release Data: Off
  PipelineMTime: 0
  UpdateMTime: 1576
  RealTimeStamp: 0 seconds 
  LargestPossibleRegion: 
    Dimension: 3
    Index: [0, 0, 0]
    Size: [160, 240, 256]
  BufferedRegion: 
    Dimension: 3
    Index: [0, 0, 0]
    Size: [160, 240, 256]
  RequestedRegion: 
    Dimension: 3
    Index: [0, 0, 0]
    Size: [160, 240, 256]
  Spacing: [1, 1, 1]
  Origin: [98.6438, 87.6358, -117.989]
  Direction: 
-0.993515 -0.100993 -0.0522355
0.100854 -0.994887 0.00530255
-0.0525039 1.93537e-08 0.998621

  IndexToPointMatrix: 
-0.993515 -0.100993 -0.0522355
0.100854 -0.994887 0.00530255
-0.0525039 1.93537e-08 0.998621

  PointToIndexMatrix: 
-0.993515 0.100854 -0.0525039
-0.100993 -0.994887 1.93006e-08
-0.0522355 0.00530255 0.998621

  Inverse Direction: 
-0.993515 0.100854 -0.0525039
-0.100993 -0.994887 1.93006e-08
-0.0522355 0.00530255 0.998621

  PixelContainer: 
    ImportImageContainer (0x3a136d0)
      RTTI typeinfo:   itk::ImportImageContainer<unsigned long, double>
      Reference Count: 1
      Modified Time: 1573
      Debug: Off
      Object Name: 
      Observers: 
        none
      Pointer: 0x1512ed813010
      Container manages memory: true
      Size: 9830400
      Capacity: 9830400

     Weighting = 1
     Sampling strategy = regular
     Number of bins = 32
     Radius = 4
     Sampling percentage  = 0.25
   Transform = Rigid
     Gradient step = 0.1
     Update field sigma (voxel space) = 0
     Total field sigma (voxel space) = 0
     Update field time sigma = 0
     Total field time sigma  = 0
     Number of time indices = 0
     Number of time point samples = 0
Registration using 1 total stages.

Stage 0
  iterations = 1000x500x250x100
  convergence threshold = 1e-06
  convergence window size = 10
  number of levels = 4
  using the Mattes MI metric (number of bins = 32, weight = 1, use gradient filter = 0)
  preprocessing:  winsorizing the image intensities
  Shrink factors (level 1 out of 4): [8, 8, 8]
  Shrink factors (level 2 out of 4): [4, 4, 4]
  Shrink factors (level 3 out of 4): [2, 2, 2]
  Shrink factors (level 4 out of 4): [1, 1, 1]
  smoothing sigmas per level: [3, 2, 1, 0]
  regular sampling (percentage = 0.25)

*** Running Euler3DTransform registration ***

DIAGNOSTIC,Iteration,metricValue,convergenceValue,ITERATION_TIME_INDEX,SINCE_LAST
 2DIAGNOSTIC,     1, -5.238630234552e-01, 1.797693134862e+308, 1.1223e+00, 1.1223e+00, 
 2DIAGNOSTIC,     2, -5.257885820767e-01, 1.797693134862e+308, 1.1274e+00, 5.1081e-03, 
 2DIAGNOSTIC,     3, -5.278597554839e-01, 1.797693134862e+308, 1.1321e+00, 4.7300e-03, 
 2DIAGNOSTIC,     4, -5.302176117225e-01, 1.797693134862e+308, 1.1370e+00, 4.8950e-03, 
 2DIAGNOSTIC,     5, -5.343462816845e-01, 1.797693134862e+308, 1.1426e+00, 5.6100e-03, 
 2DIAGNOSTIC,     6, -5.399239396740e-01, 1.797693134862e+308, 1.1568e+00, 1.4170e-02, 
 2DIAGNOSTIC,     7, -5.490554822001e-01, 1.797693134862e+308, 1.1625e+00, 5.6641e-03, 
 2DIAGNOSTIC,     8, -5.545204224448e-01, 1.797693134862e+308, 1.1687e+00, 6.2740e-03, 
 2DIAGNOSTIC,     9, -5.601437715553e-01, 1.797693134862e+308, 1.1734e+00, 4.6630e-03, 
 2DIAGNOSTIC,    10, -5.617741193774e-01, 5.067640484485e-03, 1.1782e+00, 4.8289e-03, 
 2DIAGNOSTIC,    11, -5.649562249041e-01, 4.796539612083e-03, 1.1841e+00, 5.8880e-03, 
 2DIAGNOSTIC,    12, -5.658710903081e-01, 4.260783098155e-03, 1.1893e+00, 5.1858e-03, 
 2DIAGNOSTIC,    13, -5.662828333056e-01, 3.524744036646e-03, 1.1939e+00, 4.6160e-03, 
 2DIAGNOSTIC,    14, -5.685908474577e-01, 2.751340472953e-03, 1.1999e+00, 6.0172e-03, 
 2DIAGNOSTIC,    15, -5.732745043306e-01, 2.134644679428e-03, 1.2074e+00, 7.4680e-03, 
 2DIAGNOSTIC,    16, -5.738084427845e-01, 1.591333148336e-03, 1.2134e+00, 5.9700e-03, 
 2DIAGNOSTIC,    17, -5.739093703464e-01, 1.247363567739e-03, 1.2181e+00, 4.6880e-03, 
 2DIAGNOSTIC,    18, -5.745773598458e-01, 1.002163966315e-03, 1.2227e+00, 4.6511e-03, 
 2DIAGNOSTIC,    19, -5.752045522723e-01, 8.579763081928e-04, 1.2274e+00, 4.6420e-03, 
 2DIAGNOSTIC,    20, -5.755578777727e-01, 6.955845773890e-04, 1.2320e+00, 4.6151e-03, 
 2DIAGNOSTIC,    21, -5.761681227726e-01, 5.767135182731e-04, 1.2370e+00, 5.0731e-03, 
 2DIAGNOSTIC,    22, -5.775610178281e-01, 4.707067062576e-04, 1.2418e+00, 4.7371e-03, 
 2DIAGNOSTIC,    23, -5.801876522136e-01, 3.965856196906e-04, 1.2471e+00, 5.2710e-03, 
 2DIAGNOSTIC,    24, -5.873578871782e-01, 4.881452204434e-04, 1.2540e+00, 6.9621e-03, 
 2DIAGNOSTIC,    25, -5.924052233511e-01, 7.199711436178e-04, 1.2605e+00, 6.4890e-03, 
 2DIAGNOSTIC,    26, -5.933789722559e-01, 8.944842701754e-04, 1.2662e+00, 5.7211e-03, 
 2DIAGNOSTIC,    27, -5.948140362561e-01, 1.002036484576e-03, 1.2714e+00, 5.1458e-03, 
 2DIAGNOSTIC,    28, -5.954370004563e-01, 1.029952321015e-03, 1.2760e+00, 4.6110e-03, 
 2DIAGNOSTIC,    29, -5.955619965646e-01, 9.699000564386e-04, 1.2808e+00, 4.7979e-03, 
 2DIAGNOSTIC,    30, -5.960977142460e-01, 8.366692961141e-04, 1.2856e+00, 4.8599e-03, 
 2DIAGNOSTIC,    31, -5.971105016190e-01, 6.606986236517e-04, 1.2910e+00, 5.3561e-03, 
 2DIAGNOSTIC,    32, -5.989728413262e-01, 4.853112632057e-04, 1.2980e+00, 6.9950e-03, 
 2DIAGNOSTIC,    33, -5.996340171360e-01, 3.222359249146e-04, 1.3026e+00, 4.6141e-03, 
 2DIAGNOSTIC,    34, -5.997688325003e-01, 2.443793017930e-04, 1.3076e+00, 4.9582e-03, 
 2DIAGNOSTIC,    35, -5.999328162957e-01, 2.224308793550e-04, 1.3136e+00, 6.0480e-03, 
 2DIAGNOSTIC,    36, -6.001598298710e-01, 1.965988113354e-04, 1.3183e+00, 4.6949e-03, 
 2DIAGNOSTIC,    37, -6.004938013128e-01, 1.767006123905e-04, 1.3237e+00, 5.3711e-03, 
 2DIAGNOSTIC,    38, -6.008280010305e-01, 1.536048166554e-04, 1.3287e+00, 5.0390e-03, 
 2DIAGNOSTIC,    39, -6.038559363445e-01, 1.574331423615e-04, 1.3346e+00, 5.9040e-03, 
 2DIAGNOSTIC,    40, -6.077047302481e-01, 1.993081232159e-04, 1.3398e+00, 5.1961e-03, 
 2DIAGNOSTIC,    41, -6.174632730422e-01, 3.481387450630e-04, 1.3470e+00, 7.1409e-03, 
 2DIAGNOSTIC,    42, -6.161977885789e-01, 4.608907539931e-04, 1.3564e+00, 9.4671e-03, 
 2DIAGNOSTIC,    43, -6.161564557612e-01, 5.335371595665e-04, 1.3611e+00, 4.6351e-03, 
 2DIAGNOSTIC,    44, -6.170772251431e-01, 5.644821418601e-04, 1.3658e+00, 4.7021e-03, 
 2DIAGNOSTIC,    45, -6.185357298723e-01, 5.560476263337e-04, 1.3706e+00, 4.8530e-03, 
 2DIAGNOSTIC,    46, -6.206472618980e-01, 5.180559128910e-04, 1.3752e+00, 4.6060e-03, 
 2DIAGNOSTIC,    47, -6.234100436193e-01, 4.649605040907e-04, 1.3798e+00, 4.5750e-03, 
 2DIAGNOSTIC,    48, -6.282459775422e-01, 4.232184281906e-04, 1.3845e+00, 4.6840e-03, 
 2DIAGNOSTIC,    49, -6.332856923351e-01, 4.219353802888e-04, 1.3891e+00, 4.6508e-03, 
 2DIAGNOSTIC,    50, -6.437673304917e-01, 5.158700256846e-04, 1.3938e+00, 4.6868e-03, 
 2DIAGNOSTIC,    51, -6.567709918957e-01, 7.709770823120e-04, 1.3987e+00, 4.8659e-03, 
 2DIAGNOSTIC,    52, -6.630139279389e-01, 9.856114392101e-04, 1.4040e+00, 5.2760e-03, 
 2DIAGNOSTIC,    53, -6.637658018133e-01, 1.103854765998e-03, 1.4088e+00, 4.8621e-03, 
 2DIAGNOSTIC,    54, -6.646848064100e-01, 1.129224502010e-03, 1.4136e+00, 4.7548e-03, 
 2DIAGNOSTIC,    55, -6.699954738684e-01, 1.103370154215e-03, 1.4223e+00, 8.7090e-03, 
 2DIAGNOSTIC,    56, -6.720089942230e-01, 1.005089763813e-03, 1.4292e+00, 6.9029e-03, 
 2DIAGNOSTIC,    57, -6.720481626958e-01, 8.375237397048e-04, 1.4338e+00, 4.6339e-03, 
 2DIAGNOSTIC,    58, -6.725919480669e-01, 6.425663353831e-04, 1.4384e+00, 4.6041e-03, 
 2DIAGNOSTIC,    59, -6.729036343834e-01, 4.360793222495e-04, 1.4429e+00, 4.5111e-03, 
 2DIAGNOSTIC,    60, -6.731488717423e-01, 2.773041659256e-04, 1.4474e+00, 4.4439e-03, 
 2DIAGNOSTIC,    61, -6.734259061201e-01, 1.993309424758e-04, 1.4518e+00, 4.4270e-03, 
 2DIAGNOSTIC,    62, -6.739132103920e-01, 1.568960797419e-04, 1.4563e+00, 4.5071e-03, 
 2DIAGNOSTIC,    63, -6.762843298113e-01, 1.247265100019e-04, 1.4630e+00, 6.7050e-03, 
 2DIAGNOSTIC,    64, -6.766381720596e-01, 8.969392399046e-05, 1.4676e+00, 4.5969e-03, 
 2DIAGNOSTIC,    65, -6.771215309326e-01, 8.898316165964e-05, 1.4723e+00, 4.6730e-03, 
 2DIAGNOSTIC,    66, -6.778537273601e-01, 9.953449531279e-05, 1.4776e+00, 5.3141e-03, 
 2DIAGNOSTIC,    67, -6.792267854665e-01, 1.098307372347e-04, 1.4840e+00, 6.3839e-03, 
 2DIAGNOSTIC,    68, -6.807681306291e-01, 1.231391937366e-04, 1.4886e+00, 4.5991e-03, 
 2DIAGNOSTIC,    69, -6.815200068087e-01, 1.312168512705e-04, 1.4932e+00, 4.6360e-03, 
 2DIAGNOSTIC,    70, -6.818105244832e-01, 1.303116762071e-04, 1.4997e+00, 6.4881e-03, 
 2DIAGNOSTIC,    71, -6.820510665990e-01, 1.205031180674e-04, 1.5042e+00, 4.4839e-03, 
 2DIAGNOSTIC,    72, -6.822317331635e-01, 1.032409485435e-04, 1.5087e+00, 4.4580e-03, 
 2DIAGNOSTIC,    73, -6.825798861088e-01, 9.372253684147e-05, 1.5148e+00, 6.1471e-03, 
 2DIAGNOSTIC,    74, -6.826263853602e-01, 7.797292174583e-05, 1.5193e+00, 4.4560e-03, 
 2DIAGNOSTIC,    75, -6.826914473809e-01, 5.871085273557e-05, 1.5238e+00, 4.5290e-03, 
 2DIAGNOSTIC,    76, -6.828123166928e-01, 3.951611409271e-05, 1.5284e+00, 4.5700e-03, 
 2DIAGNOSTIC,    77, -6.832344907285e-01, 2.762715203554e-05, 1.5329e+00, 4.5109e-03, 
 2DIAGNOSTIC,    78, -6.838172025124e-01, 2.580714782589e-05, 1.5398e+00, 6.9790e-03, 
 2DIAGNOSTIC,    79, -6.837376616708e-01, 2.541980757544e-05, 1.5443e+00, 4.5002e-03, 
 2DIAGNOSTIC,    80, -6.837941208607e-01, 2.471286454509e-05, 1.5488e+00, 4.4849e-03, 
 2DIAGNOSTIC,    81, -6.839726690827e-01, 2.407055012761e-05, 1.5535e+00, 4.6229e-03, 
 2DIAGNOSTIC,    82, -6.841107980838e-01, 2.281093694253e-05, 1.5580e+00, 4.5350e-03, 
 2DIAGNOSTIC,    83, -6.851047562536e-01, 2.675860863430e-05, 1.5644e+00, 6.4020e-03, 
 2DIAGNOSTIC,    84, -6.858177867807e-01, 3.208873809970e-05, 1.5702e+00, 5.8601e-03, 
 2DIAGNOSTIC,    85, -6.861557180295e-01, 3.640458539478e-05, 1.5776e+00, 7.3152e-03, 
 2DIAGNOSTIC,    86, -6.861560046332e-01, 3.780270858121e-05, 1.5822e+00, 4.6041e-03, 
 2DIAGNOSTIC,    87, -6.861670244091e-01, 3.777870289397e-05, 1.5867e+00, 4.5681e-03, 
 2DIAGNOSTIC,    88, -6.861800838595e-01, 3.717612918979e-05, 1.5912e+00, 4.4780e-03, 
 2DIAGNOSTIC,    89, -6.861877517000e-01, 3.259455235030e-05, 1.5966e+00, 5.3821e-03, 
 2DIAGNOSTIC,    90, -6.861915481403e-01, 2.533916854914e-05, 1.6014e+00, 4.8318e-03, 
 2DIAGNOSTIC,    91, -6.861985226968e-01, 1.686282905614e-05, 1.6062e+00, 4.8010e-03, 
 2DIAGNOSTIC,    92, -6.862114053207e-01, 7.665768520628e-06, 1.6107e+00, 4.4680e-03, 
 2DIAGNOSTIC,    93, -6.862267553316e-01, 2.805299842550e-06, 1.6153e+00, 4.5550e-03, 
 2DIAGNOSTIC,    94, -6.862421320512e-01, 1.275488633190e-06, 1.6204e+00, 5.1539e-03, 
 2DIAGNOSTIC,    95, -6.863402024831e-01, 1.765140939299e-06, 1.6265e+00, 6.0918e-03, 
 2DIAGNOSTIC,    96, -6.863401272624e-01, 2.097134676741e-06, 1.6309e+00, 4.4219e-03, 
 2DIAGNOSTIC,    97, -6.863402680373e-01, 2.309808724657e-06, 1.6354e+00, 4.4801e-03, 
 2DIAGNOSTIC,    98, -6.863407311727e-01, 2.396307487322e-06, 1.6398e+00, 4.4341e-03, 
 2DIAGNOSTIC,    99, -6.863418835834e-01, 2.320939595922e-06, 1.6443e+00, 4.4310e-03, 
 2DIAGNOSTIC,   100, -6.863434419642e-01, 2.073585483924e-06, 1.6583e+00, 1.4058e-02, 
 2DIAGNOSTIC,   101, -6.863434417997e-01, 1.693840298585e-06, 1.6721e+00, 1.3764e-02, 
 2DIAGNOSTIC,   102, -6.863434417997e-01, 1.253988748172e-06, 1.6780e+00, 5.9450e-03, 
DIAGNOSTIC,Iteration,metricValue,convergenceValue,ITERATION_TIME_INDEX,SINCE_LAST
 2DIAGNOSTIC,     1, -5.583124576326e-01, 1.797693134862e+308, 2.3813e+00, 7.0329e-01, 
 2DIAGNOSTIC,     2, -5.587680139900e-01, 1.797693134862e+308, 2.4121e+00, 3.0770e-02, 
 2DIAGNOSTIC,     3, -5.591007318187e-01, 1.797693134862e+308, 2.4445e+00, 3.2423e-02, 
 2DIAGNOSTIC,     4, -5.599290017717e-01, 1.797693134862e+308, 2.4747e+00, 3.0167e-02, 
 2DIAGNOSTIC,     5, -5.608876858440e-01, 1.797693134862e+308, 2.5088e+00, 3.4075e-02, 
 2DIAGNOSTIC,     6, -5.613229358709e-01, 1.797693134862e+308, 2.5392e+00, 3.0407e-02, 
 2DIAGNOSTIC,     7, -5.624638141090e-01, 1.797693134862e+308, 2.5726e+00, 3.3433e-02, 
 2DIAGNOSTIC,     8, -5.631320167012e-01, 1.797693134862e+308, 2.6103e+00, 3.7736e-02, 
 2DIAGNOSTIC,     9, -5.632551528466e-01, 1.797693134862e+308, 2.6439e+00, 3.3535e-02, 
 2DIAGNOSTIC,    10, -5.639169032060e-01, 6.925564358913e-04, 2.6740e+00, 3.0183e-02, 
 2DIAGNOSTIC,    11, -5.654722339097e-01, 6.693261365209e-04, 2.7076e+00, 3.3512e-02, 
 2DIAGNOSTIC,    12, -5.659943174323e-01, 6.296740359412e-04, 2.7406e+00, 3.3004e-02, 
 2DIAGNOSTIC,    13, -5.660942848718e-01, 5.561464217092e-04, 2.7748e+00, 3.4238e-02, 
 2DIAGNOSTIC,    14, -5.661248586110e-01, 4.745714484575e-04, 2.8118e+00, 3.6958e-02, 
 2DIAGNOSTIC,    15, -5.661571908208e-01, 3.943258929217e-04, 2.8553e+00, 4.3510e-02, 
 2DIAGNOSTIC,    16, -5.661451451561e-01, 2.999222487383e-04, 2.8941e+00, 3.8789e-02, 
 2DIAGNOSTIC,    17, -5.661222591432e-01, 2.218438817018e-04, 2.9310e+00, 3.6957e-02, 
 2DIAGNOSTIC,    18, -5.661092879618e-01, 1.512960357825e-04, 2.9608e+00, 2.9762e-02, 
 2DIAGNOSTIC,    19, -5.661049103665e-01, 7.770088518971e-05, 2.9945e+00, 3.3717e-02, 
 2DIAGNOSTIC,    20, -5.661066117607e-01, 2.021420648117e-05, 3.0269e+00, 3.2421e-02, 
 2DIAGNOSTIC,    21, -5.660908410060e-01, 3.133328175892e-06, 3.0631e+00, 3.6221e-02, 
DIAGNOSTIC,Iteration,metricValue,convergenceValue,ITERATION_TIME_INDEX,SINCE_LAST
 2DIAGNOSTIC,     1, -5.039476832525e-01, 1.797693134862e+308, 4.2112e+00, 1.1481e+00, 
 2DIAGNOSTIC,     2, -5.041272703077e-01, 1.797693134862e+308, 4.4304e+00, 2.1915e-01, 
 2DIAGNOSTIC,     3, -5.042647881645e-01, 1.797693134862e+308, 4.6617e+00, 2.3138e-01, 
 2DIAGNOSTIC,     4, -5.043225861495e-01, 1.797693134862e+308, 4.9310e+00, 2.6926e-01, 
 2DIAGNOSTIC,     5, -5.043534785939e-01, 1.797693134862e+308, 5.1904e+00, 2.5936e-01, 
 2DIAGNOSTIC,     6, -5.044427692107e-01, 1.797693134862e+308, 5.4921e+00, 3.0178e-01, 
 2DIAGNOSTIC,     7, -5.045398038166e-01, 1.797693134862e+308, 5.7732e+00, 2.8109e-01, 
 2DIAGNOSTIC,     8, -5.045642083751e-01, 1.797693134862e+308, 6.1994e+00, 4.2614e-01, 
 2DIAGNOSTIC,     9, -5.045649119190e-01, 1.797693134862e+308, 6.4678e+00, 2.6848e-01, 
 2DIAGNOSTIC,    10, -5.045654633817e-01, 7.792834846043e-05, 6.7614e+00, 2.9353e-01, 
 2DIAGNOSTIC,    11, -5.045649258067e-01, 5.334257945590e-05, 7.0113e+00, 2.4997e-01, 
 2DIAGNOSTIC,    12, -5.045679095181e-01, 3.668080522411e-05, 7.3050e+00, 2.9368e-01, 
 2DIAGNOSTIC,    13, -5.045660448185e-01, 2.536026704732e-05, 7.5588e+00, 2.5376e-01, 
 2DIAGNOSTIC,    14, -5.045642074235e-01, 1.589884001831e-05, 7.8037e+00, 2.4496e-01, 
 2DIAGNOSTIC,    15, -5.045663951474e-01, 7.663133578265e-06, 8.1211e+00, 3.1741e-01, 
 2DIAGNOSTIC,    16, -5.045678939398e-01, 3.054513120299e-06, 8.3689e+00, 2.4779e-01, 
 2DIAGNOSTIC,    17, -5.045686638129e-01, 2.105946864665e-06, 8.6797e+00, 3.1079e-01, 
 2DIAGNOSTIC,    18, -5.045691084256e-01, 2.020072339376e-06, 8.9343e+00, 2.5456e-01, 
 2DIAGNOSTIC,    19, -5.045668570279e-01, 1.876236689513e-06, 9.1617e+00, 2.2736e-01, 
 2DIAGNOSTIC,    20, -5.045712325100e-01, 1.868734248615e-06, 9.4212e+00, 2.5951e-01, 
 2DIAGNOSTIC,    21, -5.045757076474e-01, 1.933116634822e-06, 9.6873e+00, 2.6613e-01, 
 2DIAGNOSTIC,    22, -5.045754788198e-01, 2.021487359546e-06, 9.9865e+00, 2.9924e-01, 
 2DIAGNOSTIC,    23, -5.045730132917e-01, 1.947998571804e-06, 1.0247e+01, 2.6032e-01, 
 2DIAGNOSTIC,    24, -5.045723261874e-01, 1.771455075510e-06, 1.0578e+01, 3.3134e-01, 
 2DIAGNOSTIC,    25, -5.045705403032e-01, 1.573473554804e-06, 1.0853e+01, 2.7501e-01, 
 2DIAGNOSTIC,    26, -5.045687927307e-01, 1.353963228437e-06, 1.1117e+01, 2.6364e-01, 
 2DIAGNOSTIC,    27, -5.045679373335e-01, 1.137597135215e-06, 1.1371e+01, 2.5414e-01, 
DIAGNOSTIC,Iteration,metricValue,convergenceValue,ITERATION_TIME_INDEX,SINCE_LAST
 2DIAGNOSTIC,     1, -4.672732245181e-01, 1.797693134862e+308, 1.3899e+01, 2.5277e+00, 
 2DIAGNOSTIC,     2, -4.673661146805e-01, 1.797693134862e+308, 1.5315e+01, 1.4159e+00, 
 2DIAGNOSTIC,     3, -4.673901138450e-01, 1.797693134862e+308, 1.7883e+01, 2.5681e+00, 
 2DIAGNOSTIC,     4, -4.673899327696e-01, 1.797693134862e+308, 2.0603e+01, 2.7204e+00, 
 2DIAGNOSTIC,     5, -4.673899146979e-01, 1.797693134862e+308, 2.3400e+01, 2.7968e+00, 
 2DIAGNOSTIC,     6, -4.673900175776e-01, 1.797693134862e+308, 2.7962e+01, 4.5622e+00, 
 2DIAGNOSTIC,     7, -4.673900175776e-01, 1.797693134862e+308, 3.0430e+01, 2.4675e+00, 
 2DIAGNOSTIC,     8, -4.673900175776e-01, 1.797693134862e+308, 3.2424e+01, 1.9942e+00, 
 2DIAGNOSTIC,     9, -4.673900175776e-01, 1.797693134862e+308, 3.3977e+01, 1.5528e+00, 
 2DIAGNOSTIC,    10, -4.673900175776e-01, 1.155224974905e-05, 3.5359e+01, 1.3823e+00, 
 2DIAGNOSTIC,    11, -4.673900175776e-01, 4.214576828990e-06, 3.7093e+01, 1.7343e+00, 
 2DIAGNOSTIC,    12, -4.673900175776e-01, 2.653430514338e-06, 3.8656e+01, 1.5629e+00, 
 2DIAGNOSTIC,    13, -4.673900175776e-01, 2.455144475805e-06, 4.0585e+01, 1.9285e+00, 
 2DIAGNOSTIC,    14, -4.673900175776e-01, 2.276654843023e-06, 4.2129e+01, 1.5442e+00, 
 2DIAGNOSTIC,    15, -4.673900175776e-01, 2.120704113942e-06, 4.3961e+01, 1.8322e+00, 
 2DIAGNOSTIC,    16, -4.673900175776e-01, 1.988157612071e-06, 4.5523e+01, 1.5617e+00, 
 2DIAGNOSTIC,    17, -4.673900175776e-01, 1.871205092090e-06, 4.7088e+01, 1.5653e+00, 
 2DIAGNOSTIC,    18, -4.673900175776e-01, 1.767247513967e-06, 4.8727e+01, 1.6386e+00, 
 2DIAGNOSTIC,    19, -4.673900175776e-01, 1.674233012283e-06, 5.0372e+01, 1.6454e+00, 
 2DIAGNOSTIC,    20, -4.673900175776e-01, 1.590520100875e-06, 5.1934e+01, 1.5620e+00, 
 2DIAGNOSTIC,    21, -4.673900175776e-01, 1.514779962082e-06, 5.3598e+01, 1.6637e+00, 
 2DIAGNOSTIC,    22, -4.673900175776e-01, 1.445925384723e-06, 5.5301e+01, 1.7033e+00, 
 2DIAGNOSTIC,    23, -4.673900175776e-01, 1.383058240309e-06, 5.7052e+01, 1.7508e+00, 
 2DIAGNOSTIC,    24, -4.673900175776e-01, 1.325430090356e-06, 5.8636e+01, 1.5842e+00, 
 2DIAGNOSTIC,    25, -4.673900175776e-01, 1.272412247948e-06, 6.0258e+01, 1.6216e+00, 
 2DIAGNOSTIC,    26, -4.673900175776e-01, 1.223472748356e-06, 6.1909e+01, 1.6510e+00, 
 2DIAGNOSTIC,    27, -4.673900175776e-01, 1.178158437330e-06, 6.3690e+01, 1.7814e+00, 
 2DIAGNOSTIC,    28, -4.673900175776e-01, 1.136080897600e-06, 6.5209e+01, 1.5193e+00, 
 2DIAGNOSTIC,    29, -4.673900175776e-01, 1.096905287323e-06, 6.6723e+01, 1.5135e+00, 
 2DIAGNOSTIC,    30, -4.673900175776e-01, 1.060341410612e-06, 6.8232e+01, 1.5092e+00, 
 2DIAGNOSTIC,    31, -4.673900175776e-01, 1.026136516619e-06, 6.9762e+01, 1.5293e+00, 
  Elapsed time (stage 0): 7.0595e+01


Total elapsed time: 7.0598e+01
Info [verificarlo]: loaded backend libinterflop_ieee.so
Info [interflop-ieee]: load backend with:
Info [interflop-ieee]: debug = false
Info [interflop-ieee]: debug-binary = false
Info [interflop-ieee]: no-backend-name = false
Info [interflop-ieee]: print-new-line = false
Info [interflop-ieee]: print-subnormal-normalized = false
Info [interflop-ieee]: count-op = false
All_Command_lines_OK
Using double precision for computations.
=============================================================================
The composite transform comprises the following transforms (in order): 
  1. /home/mdugre/scratch/mri-registration-rp/datasets/ds004513/derivatives/mri-registration-rp/0001/antsRegistration-r7-p15/sub-s035/rigid_Composite.h5[0] (type = Euler3DTransform)
  2. /home/mdugre/scratch/mri-registration-rp/datasets/ds004513/derivatives/mri-registration-rp/0001/antsRegistration-r7-p15/sub-s035/rigid_Composite.h5[1] (type = Euler3DTransform)
  3. /home/mdugre/scratch/mri-registration-rp/datasets/ds004513/derivatives/mri-registration-rp/0001/antsRegistration-r7-p15/sub-s035/rigid_Composite.h5[2] (type = Euler3DTransform)
=============================================================================
  number of levels = 4
  fixed image: /templateflow/tpl-MNI152NLin2009cAsym/tpl-MNI152NLin2009cAsym_res-01_desc-brain_T1w.nii.gz
  moving image: /home/mdugre/scratch/mri-registration-rp/datasets/ds004513/derivatives/mri-registration-rp/antsBrainExtraction/sub-s035/BrainExtractionBrain.nii.gz
Dimension = 3
Number of stages = 1
Use histogram matching = false
Winsorize image intensities = true
  Lower quantile = 0.005
  Upper quantile = 0.995


Stage 1 State
   Image metric = MattesMI
     Fixed image = Image (0x4d087e0)
  RTTI typeinfo:   itk::Image<double, 3u>
  Reference Count: 2
  Modified Time: 1592
  Debug: Off
  Object Name: 
  Observers: 
    none
  Source: (none)
  Source output name: (none)
  Release Data: Off
  Data Released: False
  Global Release Data: Off
  PipelineMTime: 0
  UpdateMTime: 1203
  RealTimeStamp: 0 seconds 
  LargestPossibleRegion: 
    Dimension: 3
    Index: [0, 0, 0]
    Size: [193, 229, 193]
  BufferedRegion: 
    Dimension: 3
    Index: [0, 0, 0]
    Size: [193, 229, 193]
  RequestedRegion: 
    Dimension: 3
    Index: [0, 0, 0]
    Size: [193, 229, 193]
  Spacing: [1, 1, 1]
  Origin: [96, 132, -78]
  Direction: 
-1 0 0
0 -1 0
0 0 1

  IndexToPointMatrix: 
-1 0 0
0 -1 0
0 0 1

  PointToIndexMatrix: 
-1 0 0
0 -1 0
0 0 1

  Inverse Direction: 
-1 0 0
0 -1 0
0 0 1

  PixelContainer: 
    ImportImageContainer (0x4dc8a20)
      RTTI typeinfo:   itk::ImportImageContainer<unsigned long, double>
      Reference Count: 1
      Modified Time: 1200
      Debug: Off
      Object Name: 
      Observers: 
        none
      Pointer: 0x1544fe4cd010
      Container manages memory: true
      Size: 8530021
      Capacity: 8530021

     Moving image = Image (0x4dc3d70)
  RTTI typeinfo:   itk::Image<double, 3u>
  Reference Count: 2
  Modified Time: 1593
  Debug: Off
  Object Name: 
  Observers: 
    none
  Source: (none)
  Source output name: (none)
  Release Data: Off
  Data Released: False
  Global Release Data: Off
  PipelineMTime: 0
  UpdateMTime: 1590
  RealTimeStamp: 0 seconds 
  LargestPossibleRegion: 
    Dimension: 3
    Index: [0, 0, 0]
    Size: [160, 240, 256]
  BufferedRegion: 
    Dimension: 3
    Index: [0, 0, 0]
    Size: [160, 240, 256]
  RequestedRegion: 
    Dimension: 3
    Index: [0, 0, 0]
    Size: [160, 240, 256]
  Spacing: [1, 1, 1]
  Origin: [98.6438, 87.6358, -117.989]
  Direction: 
-0.993515 -0.100993 -0.0522355
0.100854 -0.994887 0.00530255
-0.0525039 1.93537e-08 0.998621

  IndexToPointMatrix: 
-0.993515 -0.100993 -0.0522355
0.100854 -0.994887 0.00530255
-0.0525039 1.93537e-08 0.998621

  PointToIndexMatrix: 
-0.993515 0.100854 -0.0525039
-0.100993 -0.994887 1.93006e-08
-0.0522355 0.00530255 0.998621

  Inverse Direction: 
-0.993515 0.100854 -0.0525039
-0.100993 -0.994887 1.93006e-08
-0.0522355 0.00530255 0.998621

  PixelContainer: 
    ImportImageContainer (0x4d7bc90)
      RTTI typeinfo:   itk::ImportImageContainer<unsigned long, double>
      Reference Count: 1
      Modified Time: 1587
      Debug: Off
      Object Name: 
      Observers: 
        none
      Pointer: 0x1544f99cc010
      Container manages memory: true
      Size: 9830400
      Capacity: 9830400

     Weighting = 1
     Sampling strategy = regular
     Number of bins = 32
     Radius = 4
     Sampling percentage  = 0.25
   Transform = Affine
     Gradient step = 0.1
     Update field sigma (voxel space) = 0
     Total field sigma (voxel space) = 0
     Update field time sigma = 0
     Total field time sigma  = 0
     Number of time indices = 0
     Number of time point samples = 0
Registration using 1 total stages.

Stage 0
  iterations = 1000x500x250x100
  convergence threshold = 1e-06
  convergence window size = 10
  number of levels = 4
  using the Mattes MI metric (number of bins = 32, weight = 1, use gradient filter = 0)
  preprocessing:  winsorizing the image intensities
  Shrink factors (level 1 out of 4): [8, 8, 8]
  Shrink factors (level 2 out of 4): [4, 4, 4]
  Shrink factors (level 3 out of 4): [2, 2, 2]
  Shrink factors (level 4 out of 4): [1, 1, 1]
  smoothing sigmas per level: [3, 2, 1, 0]
  regular sampling (percentage = 0.25)

*** Running AffineTransform registration ***

DIAGNOSTIC,Iteration,metricValue,convergenceValue,ITERATION_TIME_INDEX,SINCE_LAST
 2DIAGNOSTIC,     1, -6.768703523888e-01, 1.797693134862e+308, 1.1409e+00, 1.1409e+00, 
 2DIAGNOSTIC,     2, -6.789485816078e-01, 1.797693134862e+308, 1.1464e+00, 5.4610e-03, 
 2DIAGNOSTIC,     3, -6.828252126013e-01, 1.797693134862e+308, 1.1521e+00, 5.6920e-03, 
 2DIAGNOSTIC,     4, -6.899406666398e-01, 1.797693134862e+308, 1.1581e+00, 6.0589e-03, 
 2DIAGNOSTIC,     5, -7.004832737046e-01, 1.797693134862e+308, 1.1632e+00, 5.0721e-03, 
 2DIAGNOSTIC,     6, -7.121469755958e-01, 1.797693134862e+308, 1.1692e+00, 5.9290e-03, 
 2DIAGNOSTIC,     7, -7.367589936912e-01, 1.797693134862e+308, 1.1787e+00, 9.5651e-03, 
 2DIAGNOSTIC,     8, -7.370365257720e-01, 1.797693134862e+308, 1.1842e+00, 5.5201e-03, 
 2DIAGNOSTIC,     9, -7.371669760841e-01, 1.797693134862e+308, 1.1896e+00, 5.3551e-03, 
 2DIAGNOSTIC,    10, -7.373847120589e-01, 6.947328381104e-03, 1.1953e+00, 5.6829e-03, 
 2DIAGNOSTIC,    11, -7.376035525717e-01, 5.834748788003e-03, 1.2009e+00, 5.5790e-03, 
 2DIAGNOSTIC,    12, -7.375447539666e-01, 4.449086784193e-03, 1.2070e+00, 6.1951e-03, 
 2DIAGNOSTIC,    13, -7.375517252787e-01, 3.002085425567e-03, 1.2120e+00, 4.9980e-03, 
 2DIAGNOSTIC,    14, -7.375250695765e-01, 1.703259525931e-03, 1.2179e+00, 5.9001e-03, 
 2DIAGNOSTIC,    15, -7.377371911421e-01, 7.097988441998e-04, 1.2233e+00, 5.3210e-03, 
 2DIAGNOSTIC,    16, -7.378530989191e-01, 5.203718315926e-05, 1.2284e+00, 5.1711e-03, 
 2DIAGNOSTIC,    17, -7.380117413333e-01, 4.335443688973e-05, 1.2359e+00, 7.4482e-03, 
 2DIAGNOSTIC,    18, -7.380818651606e-01, 3.950547882611e-05, 1.2416e+00, 5.7530e-03, 
 2DIAGNOSTIC,    19, -7.380435338828e-01, 3.442300855919e-05, 1.2468e+00, 5.1658e-03, 
 2DIAGNOSTIC,    20, -7.379416127671e-01, 2.897496354478e-05, 1.2531e+00, 6.2819e-03, 
 2DIAGNOSTIC,    21, -7.379994059604e-01, 2.671018157899e-05, 1.2589e+00, 5.8510e-03, 
 2DIAGNOSTIC,    22, -7.378281332899e-01, 1.813613973099e-05, 1.2647e+00, 5.7549e-03, 
 2DIAGNOSTIC,    23, -7.377483628804e-01, 7.650421663868e-06, 1.2698e+00, 5.1181e-03, 
DIAGNOSTIC,Iteration,metricValue,convergenceValue,ITERATION_TIME_INDEX,SINCE_LAST
 2DIAGNOSTIC,     1, -6.043487120610e-01, 1.797693134862e+308, 1.9713e+00, 7.0144e-01, 
 2DIAGNOSTIC,     2, -6.056126899700e-01, 1.797693134862e+308, 2.0072e+00, 3.5901e-02, 
 2DIAGNOSTIC,     3, -6.071804531258e-01, 1.797693134862e+308, 2.0421e+00, 3.4954e-02, 
 2DIAGNOSTIC,     4, -6.086046437326e-01, 1.797693134862e+308, 2.0752e+00, 3.3120e-02, 
 2DIAGNOSTIC,     5, -6.095588428679e-01, 1.797693134862e+308, 2.1094e+00, 3.4216e-02, 
 2DIAGNOSTIC,     6, -6.099178023201e-01, 1.797693134862e+308, 2.1533e+00, 4.3894e-02, 
 2DIAGNOSTIC,     7, -6.102930946355e-01, 1.797693134862e+308, 2.1922e+00, 3.8815e-02, 
 2DIAGNOSTIC,     8, -6.104212802925e-01, 1.797693134862e+308, 2.2318e+00, 3.9653e-02, 
 2DIAGNOSTIC,     9, -6.106748111005e-01, 1.797693134862e+308, 2.2692e+00, 3.7365e-02, 
 2DIAGNOSTIC,    10, -6.106603337368e-01, 6.501501275727e-04, 2.3338e+00, 6.4679e-02, 
 2DIAGNOSTIC,    11, -6.106647305558e-01, 4.276544171330e-04, 2.3712e+00, 3.7395e-02, 
 2DIAGNOSTIC,    12, -6.106574316949e-01, 2.524886933741e-04, 2.4101e+00, 3.8820e-02, 
 2DIAGNOSTIC,    13, -6.106501185805e-01, 1.367822760074e-04, 2.4475e+00, 3.7388e-02, 
 2DIAGNOSTIC,    14, -6.106347253893e-01, 7.167016898943e-05, 2.4926e+00, 4.5165e-02, 
 2DIAGNOSTIC,    15, -6.106210089856e-01, 3.803675375313e-05, 2.5326e+00, 3.9987e-02, 
 2DIAGNOSTIC,    16, -6.106267735116e-01, 1.580792012858e-05, 2.5769e+00, 4.4263e-02, 
 2DIAGNOSTIC,    17, -6.106206973074e-01, 5.018691917068e-06, 2.6139e+00, 3.6995e-02, 
DIAGNOSTIC,Iteration,metricValue,convergenceValue,ITERATION_TIME_INDEX,SINCE_LAST
 2DIAGNOSTIC,     1, -5.341833955997e-01, 1.797693134862e+308, 3.6977e+00, 1.0838e+00, 
 2DIAGNOSTIC,     2, -5.346630264970e-01, 1.797693134862e+308, 3.9770e+00, 2.7931e-01, 
 2DIAGNOSTIC,     3, -5.349700863660e-01, 1.797693134862e+308, 4.2676e+00, 2.9067e-01, 
 2DIAGNOSTIC,     4, -5.350978803617e-01, 1.797693134862e+308, 4.5660e+00, 2.9834e-01, 
 2DIAGNOSTIC,     5, -5.352447709901e-01, 1.797693134862e+308, 4.8354e+00, 2.6943e-01, 
 2DIAGNOSTIC,     6, -5.355774806983e-01, 1.797693134862e+308, 5.1887e+00, 3.5329e-01, 
 2DIAGNOSTIC,     7, -5.356683783178e-01, 1.797693134862e+308, 5.6124e+00, 4.2372e-01, 
 2DIAGNOSTIC,     8, -5.356724891614e-01, 1.797693134862e+308, 5.9224e+00, 3.0996e-01, 
 2DIAGNOSTIC,     9, -5.357669249245e-01, 1.797693134862e+308, 6.2974e+00, 3.7501e-01, 
 2DIAGNOSTIC,    10, -5.359206735961e-01, 1.898720268172e-04, 6.6097e+00, 3.1229e-01, 
 2DIAGNOSTIC,    11, -5.360581848409e-01, 1.433379845280e-04, 7.0178e+00, 4.0809e-01, 
 2DIAGNOSTIC,    12, -5.360802237100e-01, 1.138059356433e-04, 7.3283e+00, 3.1051e-01, 
 2DIAGNOSTIC,    13, -5.361027961024e-01, 9.250283277412e-05, 7.6030e+00, 2.7469e-01, 
 2DIAGNOSTIC,    14, -5.361478674980e-01, 7.265664460429e-05, 7.8950e+00, 2.9200e-01, 
 2DIAGNOSTIC,    15, -5.362161682968e-01, 5.620492901254e-05, 8.3970e+00, 5.0200e-01, 
 2DIAGNOSTIC,    16, -5.362491443213e-01, 4.881361958887e-05, 8.7402e+00, 3.4321e-01, 
 2DIAGNOSTIC,    17, -5.362461844180e-01, 4.082617661732e-05, 9.1169e+00, 3.7674e-01, 
 2DIAGNOSTIC,    18, -5.362482208501e-01, 3.037934601176e-05, 9.5858e+00, 4.6885e-01, 
 2DIAGNOSTIC,    19, -5.362469079984e-01, 2.089731274691e-05, 9.9064e+00, 3.2066e-01, 
 2DIAGNOSTIC,    20, -5.362474042496e-01, 1.454399714907e-05, 1.0190e+01, 2.8342e-01, 
 2DIAGNOSTIC,    21, -5.362462313096e-01, 1.102318167771e-05, 1.0527e+01, 3.3741e-01, 
 2DIAGNOSTIC,    22, -5.362449483209e-01, 7.458384163279e-06, 1.0882e+01, 3.5486e-01, 
 2DIAGNOSTIC,    23, -5.362459493214e-01, 4.186964315304e-06, 1.1220e+01, 3.3738e-01, 
 2DIAGNOSTIC,    24, -5.362448021117e-01, 1.859741665527e-06, 1.1525e+01, 3.0502e-01, 
 2DIAGNOSTIC,    25, -5.362456213609e-01, 1.115650353711e-06, 1.1837e+01, 3.1243e-01, 
 2DIAGNOSTIC,    26, -5.362452077500e-01, 1.109770685098e-06, 1.2115e+01, 2.7796e-01, 
DIAGNOSTIC,Iteration,metricValue,convergenceValue,ITERATION_TIME_INDEX,SINCE_LAST
 2DIAGNOSTIC,     1, -4.911327368179e-01, 1.797693134862e+308, 1.5063e+01, 2.9484e+00, 
 2DIAGNOSTIC,     2, -4.915262318407e-01, 1.797693134862e+308, 1.6857e+01, 1.7937e+00, 
 2DIAGNOSTIC,     3, -4.918497760962e-01, 1.797693134862e+308, 1.8631e+01, 1.7745e+00, 
 2DIAGNOSTIC,     4, -4.920866287602e-01, 1.797693134862e+308, 2.0429e+01, 1.7977e+00, 
 2DIAGNOSTIC,     5, -4.922709227070e-01, 1.797693134862e+308, 2.2232e+01, 1.8033e+00, 
 2DIAGNOSTIC,     6, -4.926191395520e-01, 1.797693134862e+308, 2.4029e+01, 1.7963e+00, 
 2DIAGNOSTIC,     7, -4.927537669531e-01, 1.797693134862e+308, 2.6308e+01, 2.2795e+00, 
 2DIAGNOSTIC,     8, -4.927797169155e-01, 1.797693134862e+308, 2.9297e+01, 2.9888e+00, 
 2DIAGNOSTIC,     9, -4.927824258262e-01, 1.797693134862e+308, 3.1223e+01, 1.9259e+00, 
 2DIAGNOSTIC,    10, -4.927842460202e-01, 2.208945604272e-04, 3.3144e+01, 1.9209e+00, 
 2DIAGNOSTIC,    11, -4.927863910667e-01, 1.511448529668e-04, 3.5041e+01, 1.8975e+00, 
 2DIAGNOSTIC,    12, -4.927899255332e-01, 9.849672056868e-05, 3.7021e+01, 1.9802e+00, 
