
##########################
# Experiment information #
##########################

EXPERIMENT_NAME: antsRegistration-r7-p6
VFC_BACKENDS: libinterflop_vprec.so --range-binary32=7 --precision-binary32=6 --range-binary64=7 --precision-binary64=6

SIF_IMG: /home/mdugre/projects/rrg-glatard/mdugre/containers/ants-vprec-no_metrics.simg

SUBJECT_ID: s014
INPUT_IMG: /home/mdugre/scratch/mri-registration-rp/datasets/ds004513/derivatives/mri-registration-rp/antsBrainExtraction/sub-s014/BrainExtractionBrain.nii.gz
OUTPUT_DIR: /home/mdugre/scratch/mri-registration-rp/datasets/ds004513/derivatives/mri-registration-rp/0001/antsRegistration-r7-p6/sub-s014

FIXED_IMG: /templateflow/tpl-MNI152NLin2009cAsym/tpl-MNI152NLin2009cAsym_res-01_desc-brain_T1w.nii.gz
DATA_DIR: /home/mdugre/scratch/mri-registration-rp/datasets/ds004513
TEMPLATEFLOW_DIR: /home/mdugre/projects/rrg-glatard/mdugre/templateflow
ITK_GLOBAL_DEFAULT_NUMBER_OF_THREADS: 16
##########################

Info [verificarlo]: loaded backend libinterflop_ieee.so
Info [interflop-ieee]: load backend with:
Info [interflop-ieee]: debug = false
Info [interflop-ieee]: debug-binary = false
Info [interflop-ieee]: no-backend-name = false
Info [interflop-ieee]: print-new-line = false
Info [interflop-ieee]: print-subnormal-normalized = false
Info [interflop-ieee]: count-op = false
All_Command_lines_OK
Using double precision for computations.
=============================================================================
The composite transform comprises the following transforms (in order): 
  1. Center of mass alignment using fixed image: /templateflow/tpl-MNI152NLin2009cAsym/tpl-MNI152NLin2009cAsym_res-01_desc-brain_T1w.nii.gz and moving image: /home/mdugre/scratch/mri-registration-rp/datasets/ds004513/derivatives/mri-registration-rp/antsBrainExtraction/sub-s014/BrainExtractionBrain.nii.gz (type = Euler3DTransform)
=============================================================================
  number of levels = 1
  fixed image: /templateflow/tpl-MNI152NLin2009cAsym/tpl-MNI152NLin2009cAsym_res-01_desc-brain_T1w.nii.gz
  moving image: /home/mdugre/scratch/mri-registration-rp/datasets/ds004513/derivatives/mri-registration-rp/antsBrainExtraction/sub-s014/BrainExtractionBrain.nii.gz
Dimension = 3
Number of stages = 1
Use histogram matching = false
Winsorize image intensities = true
  Lower quantile = 0.005
  Upper quantile = 0.995


Stage 1 State
   Image metric = MattesMI
     Fixed image = Image (0x3a7abd0)
  RTTI typeinfo:   itk::Image<double, 3u>
  Reference Count: 2
  Modified Time: 2334
  Debug: Off
  Object Name: 
  Observers: 
    none
  Source: (none)
  Source output name: (none)
  Release Data: Off
  Data Released: False
  Global Release Data: Off
  PipelineMTime: 0
  UpdateMTime: 1943
  RealTimeStamp: 0 seconds 
  LargestPossibleRegion: 
    Dimension: 3
    Index: [0, 0, 0]
    Size: [193, 229, 193]
  BufferedRegion: 
    Dimension: 3
    Index: [0, 0, 0]
    Size: [193, 229, 193]
  RequestedRegion: 
    Dimension: 3
    Index: [0, 0, 0]
    Size: [193, 229, 193]
  Spacing: [1, 1, 1]
  Origin: [96, 132, -78]
  Direction: 
-1 0 0
0 -1 0
0 0 1

  IndexToPointMatrix: 
-1 0 0
0 -1 0
0 0 1

  PointToIndexMatrix: 
-1 0 0
0 -1 0
0 0 1

  Inverse Direction: 
-1 0 0
0 -1 0
0 0 1

  PixelContainer: 
    ImportImageContainer (0x3ad2930)
      RTTI typeinfo:   itk::ImportImageContainer<unsigned long, double>
      Reference Count: 1
      Modified Time: 1940
      Debug: Off
      Object Name: 
      Observers: 
        none
      Pointer: 0x1532e3c35010
      Container manages memory: true
      Size: 8530021
      Capacity: 8530021

     Moving image = Image (0x3b6a610)
  RTTI typeinfo:   itk::Image<double, 3u>
  Reference Count: 2
  Modified Time: 2335
  Debug: Off
  Object Name: 
  Observers: 
    none
  Source: (none)
  Source output name: (none)
  Release Data: Off
  Data Released: False
  Global Release Data: Off
  PipelineMTime: 0
  UpdateMTime: 2332
  RealTimeStamp: 0 seconds 
  LargestPossibleRegion: 
    Dimension: 3
    Index: [0, 0, 0]
    Size: [160, 240, 256]
  BufferedRegion: 
    Dimension: 3
    Index: [0, 0, 0]
    Size: [160, 240, 256]
  RequestedRegion: 
    Dimension: 3
    Index: [0, 0, 0]
    Size: [160, 240, 256]
  Spacing: [0.999999, 1, 1]
  Origin: [84.1637, 106.709, -120.531]
  Direction: 
-0.999619 -0.0226874 -0.0157033
0.0226846 -0.999743 0.00035635
-0.0157073 -7.8229e-09 0.999877

  IndexToPointMatrix: 
-0.999619 -0.0226874 -0.0157033
0.0226845 -0.999743 0.00035635
-0.0157073 -7.8229e-09 0.999877

  PointToIndexMatrix: 
-0.99962 0.0226846 -0.0157073
-0.0226874 -0.999743 -7.83127e-09
-0.0157033 0.00035635 0.999877

  Inverse Direction: 
-0.999619 0.0226846 -0.0157073
-0.0226874 -0.999743 -7.83127e-09
-0.0157033 0.00035635 0.999877

  PixelContainer: 
    ImportImageContainer (0x3aaa850)
      RTTI typeinfo:   itk::ImportImageContainer<unsigned long, double>
      Reference Count: 1
      Modified Time: 2329
      Debug: Off
      Object Name: 
      Observers: 
        none
      Pointer: 0x1532df134010
      Container manages memory: true
      Size: 9830400
      Capacity: 9830400

     Weighting = 1
     Sampling strategy = regular
     Number of bins = 32
     Radius = 4
     Sampling percentage  = 0.25
   Transform = Rigid
     Gradient step = 0.1
     Update field sigma (voxel space) = 0
     Total field sigma (voxel space) = 0
     Update field time sigma = 0
     Total field time sigma  = 0
     Number of time indices = 0
     Number of time point samples = 0
Registration using 1 total stages.

Stage 0
  iterations = 0
  convergence threshold = 1e-06
  convergence window size = 10
  number of levels = 1
  using the Mattes MI metric (number of bins = 32, weight = 1, use gradient filter = 0)
  preprocessing:  winsorizing the image intensities
  Shrink factors (level 1 out of 1): [1, 1, 1]
  smoothing sigmas per level: [0]
  regular sampling (percentage = 0.25)

*** Running Euler3DTransform registration ***

  Elapsed time (stage 0): 1.15636


Total elapsed time: 1.15865
Info [verificarlo]: loaded backend libinterflop_ieee.so
Info [interflop-ieee]: load backend with:
Info [interflop-ieee]: debug = false
Info [interflop-ieee]: debug-binary = false
Info [interflop-ieee]: no-backend-name = false
Info [interflop-ieee]: print-new-line = false
Info [interflop-ieee]: print-subnormal-normalized = false
Info [interflop-ieee]: count-op = false
All_Command_lines_OK
Using double precision for computations.
=============================================================================
The composite transform comprises the following transforms (in order): 
  1. /home/mdugre/scratch/mri-registration-rp/datasets/ds004513/derivatives/mri-registration-rp/0001/antsRegistration-r7-p6/sub-s014/align_Composite.h5[0] (type = Euler3DTransform)
  2. /home/mdugre/scratch/mri-registration-rp/datasets/ds004513/derivatives/mri-registration-rp/0001/antsRegistration-r7-p6/sub-s014/align_Composite.h5[1] (type = Euler3DTransform)
=============================================================================
  number of levels = 4
  fixed image: /templateflow/tpl-MNI152NLin2009cAsym/tpl-MNI152NLin2009cAsym_res-01_desc-brain_T1w.nii.gz
  moving image: /home/mdugre/scratch/mri-registration-rp/datasets/ds004513/derivatives/mri-registration-rp/antsBrainExtraction/sub-s014/BrainExtractionBrain.nii.gz
Dimension = 3
Number of stages = 1
Use histogram matching = false
Winsorize image intensities = true
  Lower quantile = 0.005
  Upper quantile = 0.995


Stage 1 State
   Image metric = MattesMI
     Fixed image = Image (0x4fe9530)
  RTTI typeinfo:   itk::Image<double, 3u>
  Reference Count: 2
  Modified Time: 1580
  Debug: Off
  Object Name: 
  Observers: 
    none
  Source: (none)
  Source output name: (none)
  Release Data: Off
  Data Released: False
  Global Release Data: Off
  PipelineMTime: 0
  UpdateMTime: 1189
  RealTimeStamp: 0 seconds 
  LargestPossibleRegion: 
    Dimension: 3
    Index: [0, 0, 0]
    Size: [193, 229, 193]
  BufferedRegion: 
    Dimension: 3
    Index: [0, 0, 0]
    Size: [193, 229, 193]
  RequestedRegion: 
    Dimension: 3
    Index: [0, 0, 0]
    Size: [193, 229, 193]
  Spacing: [1, 1, 1]
  Origin: [96, 132, -78]
  Direction: 
-1 0 0
0 -1 0
0 0 1

  IndexToPointMatrix: 
-1 0 0
0 -1 0
0 0 1

  PointToIndexMatrix: 
-1 0 0
0 -1 0
0 0 1

  Inverse Direction: 
-1 0 0
0 -1 0
0 0 1

  PixelContainer: 
    ImportImageContainer (0x50a7d60)
      RTTI typeinfo:   itk::ImportImageContainer<unsigned long, double>
      Reference Count: 1
      Modified Time: 1186
      Debug: Off
      Object Name: 
      Observers: 
        none
      Pointer: 0x14878b54a010
      Container manages memory: true
      Size: 8530021
      Capacity: 8530021

     Moving image = Image (0x5099f60)
  RTTI typeinfo:   itk::Image<double, 3u>
  Reference Count: 2
  Modified Time: 1581
  Debug: Off
  Object Name: 
  Observers: 
    none
  Source: (none)
  Source output name: (none)
  Release Data: Off
  Data Released: False
  Global Release Data: Off
  PipelineMTime: 0
  UpdateMTime: 1578
  RealTimeStamp: 0 seconds 
  LargestPossibleRegion: 
    Dimension: 3
    Index: [0, 0, 0]
    Size: [160, 240, 256]
  BufferedRegion: 
    Dimension: 3
    Index: [0, 0, 0]
    Size: [160, 240, 256]
  RequestedRegion: 
    Dimension: 3
    Index: [0, 0, 0]
    Size: [160, 240, 256]
  Spacing: [0.999999, 1, 1]
  Origin: [84.1637, 106.709, -120.531]
  Direction: 
-0.999619 -0.0226874 -0.0157033
0.0226846 -0.999743 0.00035635
-0.0157073 -7.8229e-09 0.999877

  IndexToPointMatrix: 
-0.999619 -0.0226874 -0.0157033
0.0226845 -0.999743 0.00035635
-0.0157073 -7.8229e-09 0.999877

  PointToIndexMatrix: 
-0.99962 0.0226846 -0.0157073
-0.0226874 -0.999743 -7.83127e-09
-0.0157033 0.00035635 0.999877

  Inverse Direction: 
-0.999619 0.0226846 -0.0157073
-0.0226874 -0.999743 -7.83127e-09
-0.0157033 0.00035635 0.999877

  PixelContainer: 
    ImportImageContainer (0x508b6d0)
      RTTI typeinfo:   itk::ImportImageContainer<unsigned long, double>
      Reference Count: 1
      Modified Time: 1575
      Debug: Off
      Object Name: 
      Observers: 
        none
      Pointer: 0x148786a49010
      Container manages memory: true
      Size: 9830400
      Capacity: 9830400

     Weighting = 1
     Sampling strategy = regular
     Number of bins = 32
     Radius = 4
     Sampling percentage  = 0.25
   Transform = Rigid
     Gradient step = 0.1
     Update field sigma (voxel space) = 0
     Total field sigma (voxel space) = 0
     Update field time sigma = 0
     Total field time sigma  = 0
     Number of time indices = 0
     Number of time point samples = 0
Registration using 1 total stages.

Stage 0
  iterations = 1000x500x250x100
  convergence threshold = 1e-06
  convergence window size = 10
  number of levels = 4
  using the Mattes MI metric (number of bins = 32, weight = 1, use gradient filter = 0)
  preprocessing:  winsorizing the image intensities
  Shrink factors (level 1 out of 4): [8, 8, 8]
  Shrink factors (level 2 out of 4): [4, 4, 4]
  Shrink factors (level 3 out of 4): [2, 2, 2]
  Shrink factors (level 4 out of 4): [1, 1, 1]
  smoothing sigmas per level: [3, 2, 1, 0]
  regular sampling (percentage = 0.25)

*** Running Euler3DTransform registration ***

DIAGNOSTIC,Iteration,metricValue,convergenceValue,ITERATION_TIME_INDEX,SINCE_LAST
 2DIAGNOSTIC,     1, -4.770821406565e-01, 1.797693134862e+308, 1.0035e+00, 1.0035e+00, 
 2DIAGNOSTIC,     2, -4.784216133942e-01, 1.797693134862e+308, 1.0080e+00, 4.4940e-03, 
 2DIAGNOSTIC,     3, -4.807043200681e-01, 1.797693134862e+308, 1.0126e+00, 4.6329e-03, 
 2DIAGNOSTIC,     4, -4.840264478065e-01, 1.797693134862e+308, 1.0178e+00, 5.1639e-03, 
 2DIAGNOSTIC,     5, -4.883050305770e-01, 1.797693134862e+308, 1.0225e+00, 4.6611e-03, 
 2DIAGNOSTIC,     6, -4.953560426371e-01, 1.797693134862e+308, 1.0276e+00, 5.1701e-03, 
 2DIAGNOSTIC,     7, -5.007350570384e-01, 1.797693134862e+308, 1.0327e+00, 5.0390e-03, 
 2DIAGNOSTIC,     8, -5.013278569503e-01, 1.797693134862e+308, 1.0371e+00, 4.4250e-03, 
 2DIAGNOSTIC,     9, -5.085255256006e-01, 1.797693134862e+308, 1.0432e+00, 6.1221e-03, 
 2DIAGNOSTIC,    10, -5.161992633656e-01, 5.125196520979e-03, 1.0496e+00, 6.4230e-03, 
 2DIAGNOSTIC,    11, -5.167072941437e-01, 4.879252931146e-03, 1.0541e+00, 4.4560e-03, 
 2DIAGNOSTIC,    12, -5.203629876260e-01, 4.481282734468e-03, 1.0587e+00, 4.6341e-03, 
 2DIAGNOSTIC,    13, -5.229718709777e-01, 3.958672533580e-03, 1.0635e+00, 4.7481e-03, 
 2DIAGNOSTIC,    14, -5.250338110830e-01, 3.368007801724e-03, 1.0687e+00, 5.2330e-03, 
 2DIAGNOSTIC,    15, -5.272078697648e-01, 2.786121483395e-03, 1.0756e+00, 6.8579e-03, 
 2DIAGNOSTIC,    16, -5.275715603978e-01, 2.284098302170e-03, 1.0804e+00, 4.7898e-03, 
 2DIAGNOSTIC,    17, -5.282507656511e-01, 1.839921123748e-03, 1.0849e+00, 4.5090e-03, 
 2DIAGNOSTIC,    18, -5.289722876066e-01, 1.313912041903e-03, 1.0900e+00, 5.1231e-03, 
 2DIAGNOSTIC,    19, -5.292207410111e-01, 9.370568707381e-04, 1.0957e+00, 5.6779e-03, 
 2DIAGNOSTIC,    20, -5.294476960672e-01, 7.341365573349e-04, 1.1007e+00, 5.0209e-03, 
 2DIAGNOSTIC,    21, -5.294955840903e-01, 4.966190831857e-04, 1.1051e+00, 4.4420e-03, 
 2DIAGNOSTIC,    22, -5.295366245031e-01, 3.281311959297e-04, 1.1100e+00, 4.8690e-03, 
 2DIAGNOSTIC,    23, -5.295376311909e-01, 2.063244245618e-04, 1.1149e+00, 4.9160e-03, 
 2DIAGNOSTIC,    24, -5.295911249027e-01, 1.234508389502e-04, 1.1199e+00, 5.0149e-03, 
 2DIAGNOSTIC,    25, -5.296271130649e-01, 8.499150549858e-05, 1.1249e+00, 5.0199e-03, 
 2DIAGNOSTIC,    26, -5.296539599384e-01, 4.983583932683e-05, 1.1294e+00, 4.4739e-03, 
 2DIAGNOSTIC,    27, -5.297704229809e-01, 2.877322815933e-05, 1.1338e+00, 4.4281e-03, 
 2DIAGNOSTIC,    28, -5.299884954866e-01, 2.504887532088e-05, 1.1402e+00, 6.3090e-03, 
 2DIAGNOSTIC,    29, -5.300854192462e-01, 2.569611952586e-05, 1.1452e+00, 5.0118e-03, 
 2DIAGNOSTIC,    30, -5.300410324622e-01, 2.732899344655e-05, 1.1497e+00, 4.5121e-03, 
 2DIAGNOSTIC,    31, -5.300376932142e-01, 2.724560548709e-05, 1.1543e+00, 4.6251e-03, 
 2DIAGNOSTIC,    32, -5.301686264233e-01, 2.763232919321e-05, 1.1589e+00, 4.6430e-03, 
 2DIAGNOSTIC,    33, -5.303926738420e-01, 2.905769097071e-05, 1.1647e+00, 5.7969e-03, 
 2DIAGNOSTIC,    34, -5.304519664600e-01, 2.945835348758e-05, 1.1704e+00, 5.6651e-03, 
 2DIAGNOSTIC,    35, -5.305073139183e-01, 2.868169329300e-05, 1.1753e+00, 4.9131e-03, 
 2DIAGNOSTIC,    36, -5.305686017148e-01, 2.670517374071e-05, 1.1800e+00, 4.6809e-03, 
 2DIAGNOSTIC,    37, -5.306602858942e-01, 2.533264913138e-05, 1.1941e+00, 1.4119e-02, 
 2DIAGNOSTIC,    38, -5.306881156231e-01, 2.512162425198e-05, 1.1996e+00, 5.4750e-03, 
 2DIAGNOSTIC,    39, -5.307317416635e-01, 2.461885298803e-05, 1.2043e+00, 4.6618e-03, 
 2DIAGNOSTIC,    40, -5.308225091354e-01, 2.257034276393e-05, 1.2105e+00, 6.2521e-03, 
 2DIAGNOSTIC,    41, -5.308460424125e-01, 1.877385526084e-05, 1.2149e+00, 4.3890e-03, 
 2DIAGNOSTIC,    42, -5.308561837321e-01, 1.520831957274e-05, 1.2194e+00, 4.4882e-03, 
 2DIAGNOSTIC,    43, -5.308777649273e-01, 1.355835177202e-05, 1.2237e+00, 4.3509e-03, 
 2DIAGNOSTIC,    44, -5.309114036110e-01, 1.190613944346e-05, 1.2281e+00, 4.3349e-03, 
 2DIAGNOSTIC,    45, -5.310262965518e-01, 1.129423566574e-05, 1.2351e+00, 7.0672e-03, 
 2DIAGNOSTIC,    46, -5.310374074445e-01, 1.049838941966e-05, 1.2396e+00, 4.4951e-03, 
 2DIAGNOSTIC,    47, -5.310434720121e-01, 9.962263449848e-06, 1.2441e+00, 4.4191e-03, 
 2DIAGNOSTIC,    48, -5.310518853633e-01, 8.989886106443e-06, 1.2485e+00, 4.4730e-03, 
 2DIAGNOSTIC,    49, -5.310584329536e-01, 7.783359501180e-06, 1.2540e+00, 5.4300e-03, 
 2DIAGNOSTIC,    50, -5.310645817646e-01, 6.973833583567e-06, 1.2599e+00, 5.9469e-03, 
 2DIAGNOSTIC,    51, -5.310656430618e-01, 5.851695600117e-06, 1.2643e+00, 4.3979e-03, 
 2DIAGNOSTIC,    52, -5.310738190002e-01, 4.481863509646e-06, 1.2693e+00, 4.9660e-03, 
 2DIAGNOSTIC,    53, -5.310768127969e-01, 3.049471521310e-06, 1.2738e+00, 4.4930e-03, 
 2DIAGNOSTIC,    54, -5.310775506016e-01, 1.750844720046e-06, 1.2782e+00, 4.3869e-03, 
 2DIAGNOSTIC,    55, -5.310817434211e-01, 1.565716413045e-06, 1.2825e+00, 4.3380e-03, 
 2DIAGNOSTIC,    56, -5.310870994121e-01, 1.452195857416e-06, 1.2876e+00, 5.1498e-03, 
 2DIAGNOSTIC,    57, -5.310885232962e-01, 1.327089154787e-06, 1.2927e+00, 5.0159e-03, 
 2DIAGNOSTIC,    58, -5.310914487850e-01, 1.238639651097e-06, 1.2977e+00, 5.0049e-03, 
 2DIAGNOSTIC,    59, -5.311015678587e-01, 1.240623596643e-06, 1.3032e+00, 5.5270e-03, 
 2DIAGNOSTIC,    60, -5.311021904297e-01, 1.235244578991e-06, 1.3077e+00, 4.4770e-03, 
 2DIAGNOSTIC,    61, -5.311059901820e-01, 1.204917779128e-06, 1.3216e+00, 1.3979e-02, 
 2DIAGNOSTIC,    62, -5.311059901659e-01, 1.182103197356e-06, 1.3356e+00, 1.3953e-02, 
 2DIAGNOSTIC,    63, -5.311059901659e-01, 1.122797857661e-06, 1.3411e+00, 5.4979e-03, 
 2DIAGNOSTIC,    64, -5.311059901659e-01, 1.011506956278e-06, 1.3461e+00, 4.9601e-03, 
DIAGNOSTIC,Iteration,metricValue,convergenceValue,ITERATION_TIME_INDEX,SINCE_LAST
 2DIAGNOSTIC,     1, -4.295258231625e-01, 1.797693134862e+308, 2.0589e+00, 7.1283e-01, 
 2DIAGNOSTIC,     2, -4.302859640432e-01, 1.797693134862e+308, 2.0891e+00, 3.0209e-02, 
 2DIAGNOSTIC,     3, -4.309651196675e-01, 1.797693134862e+308, 2.1215e+00, 3.2395e-02, 
 2DIAGNOSTIC,     4, -4.317164347764e-01, 1.797693134862e+308, 2.1529e+00, 3.1368e-02, 
 2DIAGNOSTIC,     5, -4.325561938345e-01, 1.797693134862e+308, 2.1848e+00, 3.1915e-02, 
 2DIAGNOSTIC,     6, -4.341819580778e-01, 1.797693134862e+308, 2.2166e+00, 3.1801e-02, 
 2DIAGNOSTIC,     7, -4.354327949460e-01, 1.797693134862e+308, 2.2508e+00, 3.4194e-02, 
 2DIAGNOSTIC,     8, -4.367134834400e-01, 1.797693134862e+308, 2.2857e+00, 3.4928e-02, 
 2DIAGNOSTIC,     9, -4.377076816053e-01, 1.797693134862e+308, 2.3287e+00, 4.2992e-02, 
 2DIAGNOSTIC,    10, -4.379510214291e-01, 1.375954781895e-03, 2.3591e+00, 3.0377e-02, 
 2DIAGNOSTIC,    11, -4.381306699704e-01, 1.211218579664e-03, 2.3898e+00, 3.0707e-02, 
 2DIAGNOSTIC,    12, -4.403708091235e-01, 1.128184042341e-03, 2.4260e+00, 3.6262e-02, 
 2DIAGNOSTIC,    13, -4.435986505868e-01, 1.148562288612e-03, 2.4654e+00, 3.9375e-02, 
 2DIAGNOSTIC,    14, -4.436199448142e-01, 1.094787362751e-03, 2.4961e+00, 3.0671e-02, 
 2DIAGNOSTIC,    15, -4.445052016531e-01, 1.025845789753e-03, 2.5311e+00, 3.5068e-02, 
 2DIAGNOSTIC,    16, -4.479362667189e-01, 1.077370589155e-03, 2.5729e+00, 4.1755e-02, 
 2DIAGNOSTIC,    17, -4.481475950948e-01, 1.073587588579e-03, 2.6024e+00, 2.9491e-02, 
 2DIAGNOSTIC,    18, -4.482020490374e-01, 1.018146301962e-03, 2.6359e+00, 3.3463e-02, 
 2DIAGNOSTIC,    19, -4.481966708645e-01, 9.107728226359e-04, 2.6900e+00, 5.4117e-02, 
 2DIAGNOSTIC,    20, -4.481953335906e-01, 7.394369051952e-04, 2.7187e+00, 2.8729e-02, 
 2DIAGNOSTIC,    21, -4.481954334275e-01, 5.189437704081e-04, 2.7594e+00, 4.0658e-02, 
 2DIAGNOSTIC,    22, -4.482018533959e-01, 3.337448823770e-04, 2.7979e+00, 3.8566e-02, 
 2DIAGNOSTIC,    23, -4.481921491835e-01, 2.259319910827e-04, 2.8332e+00, 3.5308e-02, 
 2DIAGNOSTIC,    24, -4.482074312938e-01, 1.077320639205e-04, 2.8679e+00, 3.4679e-02, 
 2DIAGNOSTIC,    25, -4.482144439059e-01, 9.691656554095e-06, 2.9045e+00, 3.6595e-02, 
 2DIAGNOSTIC,    26, -4.482116710058e-01, 3.273679907705e-06, 2.9455e+00, 4.1000e-02, 
 2DIAGNOSTIC,    27, -4.482088353578e-01, 2.084626862561e-06, 2.9813e+00, 3.5812e-02, 
 2DIAGNOSTIC,    28, -4.482139219968e-01, 2.274304539092e-06, 3.0133e+00, 3.1970e-02, 
 2DIAGNOSTIC,    29, -4.482420866363e-01, 2.842586368325e-06, 3.0481e+00, 3.4855e-02, 
 2DIAGNOSTIC,    30, -4.482455732677e-01, 3.232686741426e-06, 3.0833e+00, 3.5148e-02, 
 2DIAGNOSTIC,    31, -4.482405886434e-01, 3.298138407569e-06, 3.1172e+00, 3.3857e-02, 
 2DIAGNOSTIC,    32, -4.482290914854e-01, 3.068921628220e-06, 3.1488e+00, 3.1661e-02, 
 2DIAGNOSTIC,    33, -4.482261087386e-01, 2.406544070202e-06, 3.1852e+00, 3.6413e-02, 
 2DIAGNOSTIC,    34, -4.482147421212e-01, 1.704267773087e-06, 3.2220e+00, 3.6820e-02, 
 2DIAGNOSTIC,    35, -4.482170221582e-01, 1.142411255105e-06, 3.2541e+00, 3.2049e-02, 
DIAGNOSTIC,Iteration,metricValue,convergenceValue,ITERATION_TIME_INDEX,SINCE_LAST
 2DIAGNOSTIC,     1, -3.932184618735e-01, 1.797693134862e+308, 4.3612e+00, 1.1071e+00, 
 2DIAGNOSTIC,     2, -3.933350080640e-01, 1.797693134862e+308, 4.6155e+00, 2.5429e-01, 
 2DIAGNOSTIC,     3, -3.934316047454e-01, 1.797693134862e+308, 4.8459e+00, 2.3036e-01, 
 2DIAGNOSTIC,     4, -3.934445201501e-01, 1.797693134862e+308, 5.1514e+00, 3.0550e-01, 
 2DIAGNOSTIC,     5, -3.934561041217e-01, 1.797693134862e+308, 5.4521e+00, 3.0073e-01, 
 2DIAGNOSTIC,     6, -3.934557400279e-01, 1.797693134862e+308, 5.7998e+00, 3.4768e-01, 
 2DIAGNOSTIC,     7, -3.934568947728e-01, 1.797693134862e+308, 6.2905e+00, 4.9077e-01, 
 2DIAGNOSTIC,     8, -3.934560026542e-01, 1.797693134862e+308, 6.5905e+00, 2.9993e-01, 
 2DIAGNOSTIC,     9, -3.934553707255e-01, 1.797693134862e+308, 6.9782e+00, 3.8775e-01, 
 2DIAGNOSTIC,    10, -3.934548435637e-01, 2.950388506820e-05, 7.3039e+00, 3.2573e-01, 
 2DIAGNOSTIC,    11, -3.934535150673e-01, 1.251787930225e-05, 7.6783e+00, 3.7432e-01, 
 2DIAGNOSTIC,    12, -3.934529103592e-01, 4.334108553314e-06, 8.0014e+00, 3.2312e-01, 
 2DIAGNOSTIC,    13, -3.934523312155e-01, 2.580302593175e-06, 8.2289e+00, 2.2753e-01, 
 2DIAGNOSTIC,    14, -3.934518640710e-01, 1.691075578167e-06, 8.5357e+00, 3.0675e-01, 
 2DIAGNOSTIC,    15, -3.934519734242e-01, 1.537715186226e-06, 8.7674e+00, 2.3171e-01, 
 2DIAGNOSTIC,    16, -3.934513609355e-01, 1.410839940319e-06, 9.0030e+00, 2.3559e-01, 
 2DIAGNOSTIC,    17, -3.934508380067e-01, 1.380509479808e-06, 9.2593e+00, 2.5632e-01, 
 2DIAGNOSTIC,    18, -3.934502559552e-01, 1.340256797717e-06, 9.5041e+00, 2.4477e-01, 
 2DIAGNOSTIC,    19, -3.934497851549e-01, 1.301860347233e-06, 9.7994e+00, 2.9533e-01, 
 2DIAGNOSTIC,    20, -3.934499621424e-01, 1.290039273981e-06, 1.0049e+01, 2.4995e-01, 
 2DIAGNOSTIC,    21, -3.934502604721e-01, 1.271710196669e-06, 1.0335e+01, 2.8544e-01, 
 2DIAGNOSTIC,    22, -3.934498715390e-01, 1.245514125219e-06, 1.0626e+01, 2.9116e-01, 
 2DIAGNOSTIC,    23, -3.934501307024e-01, 1.231426841629e-06, 1.0895e+01, 2.6927e-01, 
 2DIAGNOSTIC,    24, -3.934495535493e-01, 1.200792308156e-06, 1.1139e+01, 2.4371e-01, 
 2DIAGNOSTIC,    25, -3.934490927408e-01, 1.174527723906e-06, 1.1401e+01, 2.6201e-01, 
 2DIAGNOSTIC,    26, -3.934495816089e-01, 1.156238073910e-06, 1.1684e+01, 2.8337e-01, 
 2DIAGNOSTIC,    27, -3.934510332687e-01, 1.170201604818e-06, 1.2013e+01, 3.2864e-01, 
 2DIAGNOSTIC,    28, -3.934498670056e-01, 1.138213977944e-06, 1.2299e+01, 2.8616e-01, 
 2DIAGNOSTIC,    29, -3.934494067721e-01, 1.086573230745e-06, 1.2594e+01, 2.9466e-01, 
 2DIAGNOSTIC,    30, -3.934490070816e-01, 1.034518252042e-06, 1.2894e+01, 3.0067e-01, 
 2DIAGNOSTIC,    31, -3.934493552034e-01, 1.002859673742e-06, 1.3183e+01, 2.8817e-01, 
 2DIAGNOSTIC,    32, -3.934514388803e-01, 1.012149994303e-06, 1.3482e+01, 2.9979e-01, 
 2DIAGNOSTIC,    33, -3.934519791493e-01, 1.036072034270e-06, 1.3753e+01, 2.7058e-01, 
 2DIAGNOSTIC,    34, -3.934514161869e-01, 1.029043025822e-06, 1.3990e+01, 2.3737e-01, 
 2DIAGNOSTIC,    35, -3.934525148258e-01, 1.027695528399e-06, 1.4254e+01, 2.6336e-01, 
 2DIAGNOSTIC,    36, -3.934539683849e-01, 1.051995678514e-06, 1.4548e+01, 2.9448e-01, 
 2DIAGNOSTIC,    37, -3.934536117292e-01, 1.079271510294e-06, 1.4827e+01, 2.7923e-01, 
 2DIAGNOSTIC,    38, -3.934525130683e-01, 1.042002405444e-06, 1.5126e+01, 2.9833e-01, 
DIAGNOSTIC,Iteration,metricValue,convergenceValue,ITERATION_TIME_INDEX,SINCE_LAST
 2DIAGNOSTIC,     1, -3.660000231949e-01, 1.797693134862e+308, 1.7802e+01, 2.6761e+00, 
 2DIAGNOSTIC,     2, -3.661006044855e-01, 1.797693134862e+308, 1.9544e+01, 1.7417e+00, 
 2DIAGNOSTIC,     3, -3.661940053471e-01, 1.797693134862e+308, 2.1214e+01, 1.6710e+00, 
 2DIAGNOSTIC,     4, -3.662025643916e-01, 1.797693134862e+308, 2.4171e+01, 2.9562e+00, 
 2DIAGNOSTIC,     5, -3.662022977339e-01, 1.797693134862e+308, 2.6315e+01, 2.1442e+00, 
 2DIAGNOSTIC,     6, -3.662022733204e-01, 1.797693134862e+308, 2.8060e+01, 1.7447e+00, 
 2DIAGNOSTIC,     7, -3.662021510362e-01, 1.797693134862e+308, 2.9870e+01, 1.8107e+00, 
 2DIAGNOSTIC,     8, -3.662021104717e-01, 1.797693134862e+308, 3.1476e+01, 1.6057e+00, 
 2DIAGNOSTIC,     9, -3.662019867558e-01, 1.797693134862e+308, 3.3168e+01, 1.6922e+00, 
 2DIAGNOSTIC,    10, -3.662019340615e-01, 2.615307115791e-05, 3.4663e+01, 1.4943e+00, 
 2DIAGNOSTIC,    11, -3.662019021340e-01, 1.049209023006e-05, 3.6392e+01, 1.7289e+00, 
 2DIAGNOSTIC,    12, -3.662017877788e-01, 3.091361409926e-06, 3.8179e+01, 1.7875e+00, 
 2DIAGNOSTIC,    13, -3.662019075636e-01, 2.358435199690e-06, 3.9958e+01, 1.7789e+00, 
 2DIAGNOSTIC,    14, -3.662018587061e-01, 2.210206168557e-06, 4.1706e+01, 1.7480e+00, 
 2DIAGNOSTIC,    15, -3.662018920085e-01, 2.075386395531e-06, 4.3462e+01, 1.7558e+00, 
 2DIAGNOSTIC,    16, -3.662018421325e-01, 1.958104240862e-06, 4.4877e+01, 1.4156e+00, 
 2DIAGNOSTIC,    17, -3.662017315607e-01, 1.846828484267e-06, 4.6298e+01, 1.4210e+00, 
 2DIAGNOSTIC,    18, -3.662016584491e-01, 1.745449636915e-06, 4.7963e+01, 1.6645e+00, 
 2DIAGNOSTIC,    19, -3.662015876277e-01, 1.648798696269e-06, 4.9577e+01, 1.6138e+00, 
 2DIAGNOSTIC,    20, -3.662013732884e-01, 1.553843726042e-06, 5.1267e+01, 1.6898e+00, 
 2DIAGNOSTIC,    21, -3.662013254889e-01, 1.468744449937e-06, 5.3225e+01, 1.9585e+00, 
 2DIAGNOSTIC,    22, -3.662011170315e-01, 1.384171205605e-06, 5.4905e+01, 1.6803e+00, 
 2DIAGNOSTIC,    23, -3.662008967227e-01, 1.309503488298e-06, 5.6513e+01, 1.6072e+00, 
 2DIAGNOSTIC,    24, -3.662008589241e-01, 1.245216135516e-06, 5.8332e+01, 1.8198e+00, 
 2DIAGNOSTIC,    25, -3.662009022486e-01, 1.195923404793e-06, 6.0149e+01, 1.8163e+00, 
 2DIAGNOSTIC,    26, -3.662008588590e-01, 1.154782559284e-06, 6.1808e+01, 1.6598e+00, 
 2DIAGNOSTIC,    27, -3.662010886912e-01, 1.126687689056e-06, 6.3585e+01, 1.7770e+00, 
 2DIAGNOSTIC,    28, -3.662011544963e-01, 1.105168509950e-06, 6.5255e+01, 1.6695e+00, 
 2DIAGNOSTIC,    29, -3.662007271203e-01, 1.074819842774e-06, 6.7184e+01, 1.9290e+00, 
 2DIAGNOSTIC,    30, -3.662006710255e-01, 1.041888286313e-06, 6.8821e+01, 1.6372e+00, 
 2DIAGNOSTIC,    31, -3.662006079412e-01, 1.010052187972e-06, 7.0539e+01, 1.7176e+00, 
  Elapsed time (stage 0): 7.1489e+01


Total elapsed time: 7.1492e+01
Info [verificarlo]: loaded backend libinterflop_ieee.so
Info [interflop-ieee]: load backend with:
Info [interflop-ieee]: debug = false
Info [interflop-ieee]: debug-binary = false
Info [interflop-ieee]: no-backend-name = false
Info [interflop-ieee]: print-new-line = false
Info [interflop-ieee]: print-subnormal-normalized = false
Info [interflop-ieee]: count-op = false
All_Command_lines_OK
Using double precision for computations.
=============================================================================
The composite transform comprises the following transforms (in order): 
  1. /home/mdugre/scratch/mri-registration-rp/datasets/ds004513/derivatives/mri-registration-rp/0001/antsRegistration-r7-p6/sub-s014/rigid_Composite.h5[0] (type = Euler3DTransform)
  2. /home/mdugre/scratch/mri-registration-rp/datasets/ds004513/derivatives/mri-registration-rp/0001/antsRegistration-r7-p6/sub-s014/rigid_Composite.h5[1] (type = Euler3DTransform)
  3. /home/mdugre/scratch/mri-registration-rp/datasets/ds004513/derivatives/mri-registration-rp/0001/antsRegistration-r7-p6/sub-s014/rigid_Composite.h5[2] (type = Euler3DTransform)
=============================================================================
  number of levels = 4
  fixed image: /templateflow/tpl-MNI152NLin2009cAsym/tpl-MNI152NLin2009cAsym_res-01_desc-brain_T1w.nii.gz
  moving image: /home/mdugre/scratch/mri-registration-rp/datasets/ds004513/derivatives/mri-registration-rp/antsBrainExtraction/sub-s014/BrainExtractionBrain.nii.gz
Dimension = 3
Number of stages = 1
Use histogram matching = false
Winsorize image intensities = true
  Lower quantile = 0.005
  Upper quantile = 0.995


Stage 1 State
   Image metric = MattesMI
     Fixed image = Image (0x33dd530)
  RTTI typeinfo:   itk::Image<double, 3u>
  Reference Count: 2
  Modified Time: 1594
  Debug: Off
  Object Name: 
  Observers: 
    none
  Source: (none)
  Source output name: (none)
  Release Data: Off
  Data Released: False
  Global Release Data: Off
  PipelineMTime: 0
  UpdateMTime: 1203
  RealTimeStamp: 0 seconds 
  LargestPossibleRegion: 
    Dimension: 3
    Index: [0, 0, 0]
    Size: [193, 229, 193]
  BufferedRegion: 
    Dimension: 3
    Index: [0, 0, 0]
    Size: [193, 229, 193]
  RequestedRegion: 
    Dimension: 3
    Index: [0, 0, 0]
    Size: [193, 229, 193]
  Spacing: [1, 1, 1]
  Origin: [96, 132, -78]
  Direction: 
-1 0 0
0 -1 0
0 0 1

  IndexToPointMatrix: 
-1 0 0
0 -1 0
0 0 1

  PointToIndexMatrix: 
-1 0 0
0 -1 0
0 0 1

  Inverse Direction: 
-1 0 0
0 -1 0
0 0 1

  PixelContainer: 
    ImportImageContainer (0x34962a0)
      RTTI typeinfo:   itk::ImportImageContainer<unsigned long, double>
      Reference Count: 1
      Modified Time: 1200
      Debug: Off
      Object Name: 
      Observers: 
        none
      Pointer: 0x151759ec1010
      Container manages memory: true
      Size: 8530021
      Capacity: 8530021

     Moving image = Image (0x3498e60)
  RTTI typeinfo:   itk::Image<double, 3u>
  Reference Count: 2
  Modified Time: 1595
  Debug: Off
  Object Name: 
  Observers: 
    none
  Source: (none)
  Source output name: (none)
  Release Data: Off
  Data Released: False
  Global Release Data: Off
  PipelineMTime: 0
  UpdateMTime: 1592
  RealTimeStamp: 0 seconds 
  LargestPossibleRegion: 
    Dimension: 3
    Index: [0, 0, 0]
    Size: [160, 240, 256]
  BufferedRegion: 
    Dimension: 3
    Index: [0, 0, 0]
    Size: [160, 240, 256]
  RequestedRegion: 
    Dimension: 3
    Index: [0, 0, 0]
    Size: [160, 240, 256]
  Spacing: [0.999999, 1, 1]
  Origin: [84.1637, 106.709, -120.531]
  Direction: 
-0.999619 -0.0226874 -0.0157033
0.0226846 -0.999743 0.00035635
-0.0157073 -7.8229e-09 0.999877

  IndexToPointMatrix: 
-0.999619 -0.0226874 -0.0157033
0.0226845 -0.999743 0.00035635
-0.0157073 -7.8229e-09 0.999877

  PointToIndexMatrix: 
-0.99962 0.0226846 -0.0157073
-0.0226874 -0.999743 -7.83127e-09
-0.0157033 0.00035635 0.999877

  Inverse Direction: 
-0.999619 0.0226846 -0.0157073
-0.0226874 -0.999743 -7.83127e-09
-0.0157033 0.00035635 0.999877

  PixelContainer: 
    ImportImageContainer (0x34cc390)
      RTTI typeinfo:   itk::ImportImageContainer<unsigned long, double>
      Reference Count: 1
      Modified Time: 1589
      Debug: Off
      Object Name: 
      Observers: 
        none
      Pointer: 0x1517553c0010
      Container manages memory: true
      Size: 9830400
      Capacity: 9830400

     Weighting = 1
     Sampling strategy = regular
     Number of bins = 32
     Radius = 4
     Sampling percentage  = 0.25
   Transform = Affine
     Gradient step = 0.1
     Update field sigma (voxel space) = 0
     Total field sigma (voxel space) = 0
     Update field time sigma = 0
     Total field time sigma  = 0
     Number of time indices = 0
     Number of time point samples = 0
Registration using 1 total stages.

Stage 0
  iterations = 1000x500x250x100
  convergence threshold = 1e-06
  convergence window size = 10
  number of levels = 4
  using the Mattes MI metric (number of bins = 32, weight = 1, use gradient filter = 0)
  preprocessing:  winsorizing the image intensities
  Shrink factors (level 1 out of 4): [8, 8, 8]
  Shrink factors (level 2 out of 4): [4, 4, 4]
  Shrink factors (level 3 out of 4): [2, 2, 2]
  Shrink factors (level 4 out of 4): [1, 1, 1]
  smoothing sigmas per level: [3, 2, 1, 0]
  regular sampling (percentage = 0.25)

*** Running AffineTransform registration ***

DIAGNOSTIC,Iteration,metricValue,convergenceValue,ITERATION_TIME_INDEX,SINCE_LAST
 2DIAGNOSTIC,     1, -5.239750082536e-01, 1.797693134862e+308, 7.8764e-01, 7.8764e-01, 
 2DIAGNOSTIC,     2, -5.258640013320e-01, 1.797693134862e+308, 7.9347e-01, 5.8250e-03, 
 2DIAGNOSTIC,     3, -5.291088180371e-01, 1.797693134862e+308, 7.9929e-01, 5.8260e-03, 
 2DIAGNOSTIC,     4, -5.347710741247e-01, 1.797693134862e+308, 8.0462e-01, 5.3270e-03, 
 2DIAGNOSTIC,     5, -5.449383437107e-01, 1.797693134862e+308, 8.0978e-01, 5.1608e-03, 
 2DIAGNOSTIC,     6, -6.215306249622e-01, 1.797693134862e+308, 8.1546e-01, 5.6760e-03, 
 2DIAGNOSTIC,     7, -6.633611019200e-01, 1.797693134862e+308, 8.2097e-01, 5.5110e-03, 
 2DIAGNOSTIC,     8, -7.298997489583e-01, 1.797693134862e+308, 8.2843e-01, 7.4642e-03, 
 2DIAGNOSTIC,     9, -7.422520901530e-01, 1.797693134862e+308, 8.3370e-01, 5.2688e-03, 
 2DIAGNOSTIC,    10, -7.541338139962e-01, 2.915590272133e-02, 8.3947e-01, 5.7631e-03, 
 2DIAGNOSTIC,    11, -7.649021845695e-01, 2.764847124474e-02, 8.4581e-01, 6.3438e-03, 
 2DIAGNOSTIC,    12, -7.741613651912e-01, 2.434790836031e-02, 8.5336e-01, 7.5550e-03, 
 2DIAGNOSTIC,    13, -7.770751591595e-01, 1.968341872442e-02, 8.5952e-01, 6.1510e-03, 
 2DIAGNOSTIC,    14, -7.814243022560e-01, 1.436952256786e-02, 8.6532e-01, 5.8081e-03, 
 2DIAGNOSTIC,    15, -7.874240640199e-01, 9.014364403951e-03, 8.7219e-01, 6.8641e-03, 
 2DIAGNOSTIC,    16, -7.920939004363e-01, 5.733376906476e-03, 8.7782e-01, 5.6331e-03, 
 2DIAGNOSTIC,    17, -7.957348908583e-01, 3.442741610637e-03, 8.8342e-01, 5.5971e-03, 
 2DIAGNOSTIC,    18, -8.010581807186e-01, 2.769034489147e-03, 8.9048e-01, 7.0620e-03, 
 2DIAGNOSTIC,    19, -8.020625128581e-01, 2.204707165211e-03, 8.9659e-01, 6.1102e-03, 
 2DIAGNOSTIC,    20, -8.025886956491e-01, 1.748777188905e-03, 9.0207e-01, 5.4832e-03, 
 2DIAGNOSTIC,    21, -8.047948994942e-01, 1.424920174283e-03, 9.0819e-01, 6.1162e-03, 
 2DIAGNOSTIC,    22, -8.088016705255e-01, 1.241452249096e-03, 9.1562e-01, 7.4270e-03, 
 2DIAGNOSTIC,    23, -8.108223927323e-01, 1.042892060767e-03, 9.2114e-01, 5.5251e-03, 
 2DIAGNOSTIC,    24, -8.126155656980e-01, 8.656622443330e-04, 9.2668e-01, 5.5430e-03, 
 2DIAGNOSTIC,    25, -8.155473260749e-01, 7.639718182036e-04, 9.3291e-01, 6.2208e-03, 
 2DIAGNOSTIC,    26, -8.215022379271e-01, 7.574519258753e-04, 9.3843e-01, 5.5251e-03, 
 2DIAGNOSTIC,    27, -8.250908291608e-01, 7.798963901336e-04, 9.4471e-01, 6.2790e-03, 
 2DIAGNOSTIC,    28, -8.288933879140e-01, 8.529997348342e-04, 9.5210e-01, 7.3910e-03, 
 2DIAGNOSTIC,    29, -8.297200623746e-01, 8.654235170004e-04, 9.5763e-01, 5.5289e-03, 
 2DIAGNOSTIC,    30, -8.333753606449e-01, 8.491034388479e-04, 9.6328e-01, 5.6531e-03, 
 2DIAGNOSTIC,    31, -8.366890254561e-01, 8.191968982972e-04, 9.6929e-01, 6.0060e-03, 
 2DIAGNOSTIC,    32, -8.378470223318e-01, 7.740496543061e-04, 9.7472e-01, 5.4359e-03, 
 2DIAGNOSTIC,    33, -8.386450527387e-01, 6.920219236239e-04, 9.8079e-01, 6.0642e-03, 
 2DIAGNOSTIC,    34, -8.393194418260e-01, 5.779369934868e-04, 9.8812e-01, 7.3311e-03, 
 2DIAGNOSTIC,    35, -8.396549733572e-01, 4.501510737116e-04, 9.9353e-01, 5.4080e-03, 
 2DIAGNOSTIC,    36, -8.402326291027e-01, 3.546205165799e-04, 9.9887e-01, 5.3470e-03, 
 2DIAGNOSTIC,    37, -8.406979634286e-01, 2.714550517579e-04, 1.0043e+00, 5.4281e-03, 
 2DIAGNOSTIC,    38, -8.411697444460e-01, 2.099041132596e-04, 1.0102e+00, 5.9412e-03, 
 2DIAGNOSTIC,    39, -8.413408971585e-01, 1.409081831901e-04, 1.0158e+00, 5.5861e-03, 
 2DIAGNOSTIC,    40, -8.419753354150e-01, 1.015258209752e-04, 1.0224e+00, 6.5482e-03, 
 2DIAGNOSTIC,    41, -8.420484282310e-01, 8.494090933552e-05, 1.0278e+00, 5.4328e-03, 
 2DIAGNOSTIC,    42, -8.422137600654e-01, 7.273311712213e-05, 1.0339e+00, 6.1181e-03, 
 2DIAGNOSTIC,    43, -8.428764541123e-01, 6.672401676495e-05, 1.0430e+00, 9.0330e-03, 
 2DIAGNOSTIC,    44, -8.430845415357e-01, 6.195025881185e-05, 1.0490e+00, 6.0148e-03, 
 2DIAGNOSTIC,    45, -8.428025469247e-01, 5.192393774796e-05, 1.0545e+00, 5.5351e-03, 
 2DIAGNOSTIC,    46, -8.426832574466e-01, 4.123320373231e-05, 1.0605e+00, 5.9402e-03, 
 2DIAGNOSTIC,    47, -8.427495504111e-01, 3.127720084196e-05, 1.0659e+00, 5.4171e-03, 
 2DIAGNOSTIC,    48, -8.427095154824e-01, 2.200672306949e-05, 1.0718e+00, 5.9431e-03, 
 2DIAGNOSTIC,    49, -8.426583605171e-01, 1.185541987846e-05, 1.0772e+00, 5.3558e-03, 
 2DIAGNOSTIC,    50, -8.427529052843e-01, 6.503373113313e-06, 1.0831e+00, 5.9490e-03, 
 2DIAGNOSTIC,    51, -8.428323746614e-01, 1.946020503300e-06, 1.0885e+00, 5.3580e-03, 
DIAGNOSTIC,Iteration,metricValue,convergenceValue,ITERATION_TIME_INDEX,SINCE_LAST
 2DIAGNOSTIC,     1, -6.909002757015e-01, 1.797693134862e+308, 1.8663e+00, 7.7781e-01, 
 2DIAGNOSTIC,     2, -6.916034995755e-01, 1.797693134862e+308, 1.9065e+00, 4.0230e-02, 
 2DIAGNOSTIC,     3, -6.919872368614e-01, 1.797693134862e+308, 1.9453e+00, 3.8756e-02, 
 2DIAGNOSTIC,     4, -6.922699030286e-01, 1.797693134862e+308, 1.9848e+00, 3.9543e-02, 
 2DIAGNOSTIC,     5, -6.928970252618e-01, 1.797693134862e+308, 2.0283e+00, 4.3514e-02, 
 2DIAGNOSTIC,     6, -6.932664691956e-01, 1.797693134862e+308, 2.0841e+00, 5.5736e-02, 
 2DIAGNOSTIC,     7, -6.932948817262e-01, 1.797693134862e+308, 2.1276e+00, 4.3522e-02, 
 2DIAGNOSTIC,     8, -6.932907523949e-01, 1.797693134862e+308, 2.1713e+00, 4.3696e-02, 
 2DIAGNOSTIC,     9, -6.933126010517e-01, 1.797693134862e+308, 2.2102e+00, 3.8874e-02, 
 2DIAGNOSTIC,    10, -6.933341140000e-01, 2.240146643585e-04, 2.2537e+00, 4.3524e-02, 
 2DIAGNOSTIC,    11, -6.933563189987e-01, 1.465025482887e-04, 2.2967e+00, 4.3031e-02, 
 2DIAGNOSTIC,    12, -6.933573315083e-01, 9.314843222813e-05, 2.3403e+00, 4.3634e-02, 
 2DIAGNOSTIC,    13, -6.933439700015e-01, 5.171492031657e-05, 2.3836e+00, 4.3233e-02, 
 2DIAGNOSTIC,    14, -6.933519091692e-01, 1.987205857200e-05, 2.4220e+00, 3.8379e-02, 
 2DIAGNOSTIC,    15, -6.933525546445e-01, 7.531822834972e-06, 2.4622e+00, 4.0265e-02, 
 2DIAGNOSTIC,    16, -6.933606133619e-01, 5.888423484618e-06, 2.5057e+00, 4.3474e-02, 
 2DIAGNOSTIC,    17, -6.933915862454e-01, 5.526535902904e-06, 2.5505e+00, 4.4855e-02, 
 2DIAGNOSTIC,    18, -6.934232425709e-01, 5.481026020042e-06, 2.6001e+00, 4.9513e-02, 
 2DIAGNOSTIC,    19, -6.934250448867e-01, 5.589109698181e-06, 2.6454e+00, 4.5382e-02, 
 2DIAGNOSTIC,    20, -6.934117936721e-01, 5.490505299084e-06, 2.6861e+00, 4.0617e-02, 
 2DIAGNOSTIC,    21, -6.934292660373e-01, 5.824649740346e-06, 2.7254e+00, 3.9334e-02, 
 2DIAGNOSTIC,    22, -6.934667903899e-01, 6.429248486067e-06, 2.7703e+00, 4.4940e-02, 
 2DIAGNOSTIC,    23, -6.934867820954e-01, 6.600745964723e-06, 2.8132e+00, 4.2899e-02, 
 2DIAGNOSTIC,    24, -6.934976028288e-01, 6.600546712796e-06, 2.8523e+00, 3.9112e-02, 
 2DIAGNOSTIC,    25, -6.935016076936e-01, 6.203555745654e-06, 2.8903e+00, 3.7977e-02, 
 2DIAGNOSTIC,    26, -6.935436830146e-01, 6.155812013270e-06, 2.9286e+00, 3.8247e-02, 
 2DIAGNOSTIC,    27, -6.935940641381e-01, 6.839189871169e-06, 2.9677e+00, 3.9136e-02, 
 2DIAGNOSTIC,    28, -6.936331565706e-01, 7.956599202982e-06, 3.0221e+00, 5.4356e-02, 
 2DIAGNOSTIC,    29, -6.936221814360e-01, 8.238769895662e-06, 3.0650e+00, 4.2979e-02, 
 2DIAGNOSTIC,    30, -6.936111763096e-01, 7.517490974544e-06, 3.1039e+00, 3.8878e-02, 
 2DIAGNOSTIC,    31, -6.936013397307e-01, 6.322649590801e-06, 3.1595e+00, 5.5624e-02, 
 2DIAGNOSTIC,    32, -6.936015071792e-01, 5.163603156909e-06, 3.2025e+00, 4.2948e-02, 
 2DIAGNOSTIC,    33, -6.935771723664e-01, 3.616955772570e-06, 3.2409e+00, 3.8459e-02, 
 2DIAGNOSTIC,    34, -6.935651744126e-01, 1.917409606870e-06, 3.2808e+00, 3.9866e-02, 
DIAGNOSTIC,Iteration,metricValue,convergenceValue,ITERATION_TIME_INDEX,SINCE_LAST
 2DIAGNOSTIC,     1, -5.885280812147e-01, 1.797693134862e+308, 4.4822e+00, 1.2014e+00, 
 2DIAGNOSTIC,     2, -5.891489011866e-01, 1.797693134862e+308, 4.7897e+00, 3.0746e-01, 
 2DIAGNOSTIC,     3, -5.898749776287e-01, 1.797693134862e+308, 5.0843e+00, 2.9462e-01, 
 2DIAGNOSTIC,     4, -5.906982419865e-01, 1.797693134862e+308, 5.4504e+00, 3.6616e-01, 
 2DIAGNOSTIC,     5, -5.917777026778e-01, 1.797693134862e+308, 5.8210e+00, 3.7055e-01, 
 2DIAGNOSTIC,     6, -5.937922098414e-01, 1.797693134862e+308, 6.2937e+00, 4.7273e-01, 
 2DIAGNOSTIC,     7, -5.938038958361e-01, 1.797693134862e+308, 6.7258e+00, 4.3205e-01, 
