
##########################
# Experiment information #
##########################

EXPERIMENT_NAME: antsRegistration-r7-p11
VFC_BACKENDS: libinterflop_vprec.so --range-binary32=7 --precision-binary32=11 --range-binary64=7 --precision-binary64=11

SIF_IMG: /home/mdugre/projects/rrg-glatard/mdugre/containers/ants-vprec-no_metrics.simg

SUBJECT_ID: s035
INPUT_IMG: /home/mdugre/scratch/mri-registration-rp/datasets/ds004513/derivatives/mri-registration-rp/antsBrainExtraction/sub-s035/BrainExtractionBrain.nii.gz
OUTPUT_DIR: /home/mdugre/scratch/mri-registration-rp/datasets/ds004513/derivatives/mri-registration-rp/0001/antsRegistration-r7-p11/sub-s035

FIXED_IMG: /templateflow/tpl-MNI152NLin2009cAsym/tpl-MNI152NLin2009cAsym_res-01_desc-brain_T1w.nii.gz
DATA_DIR: /home/mdugre/scratch/mri-registration-rp/datasets/ds004513
TEMPLATEFLOW_DIR: /home/mdugre/projects/rrg-glatard/mdugre/templateflow
ITK_GLOBAL_DEFAULT_NUMBER_OF_THREADS: 16
##########################

Info [verificarlo]: loaded backend libinterflop_ieee.so
Info [interflop-ieee]: load backend with:
Info [interflop-ieee]: debug = false
Info [interflop-ieee]: debug-binary = false
Info [interflop-ieee]: no-backend-name = false
Info [interflop-ieee]: print-new-line = false
Info [interflop-ieee]: print-subnormal-normalized = false
Info [interflop-ieee]: count-op = false
All_Command_lines_OK
Using double precision for computations.
=============================================================================
The composite transform comprises the following transforms (in order): 
  1. Center of mass alignment using fixed image: /templateflow/tpl-MNI152NLin2009cAsym/tpl-MNI152NLin2009cAsym_res-01_desc-brain_T1w.nii.gz and moving image: /home/mdugre/scratch/mri-registration-rp/datasets/ds004513/derivatives/mri-registration-rp/antsBrainExtraction/sub-s035/BrainExtractionBrain.nii.gz (type = Euler3DTransform)
=============================================================================
  number of levels = 1
  fixed image: /templateflow/tpl-MNI152NLin2009cAsym/tpl-MNI152NLin2009cAsym_res-01_desc-brain_T1w.nii.gz
  moving image: /home/mdugre/scratch/mri-registration-rp/datasets/ds004513/derivatives/mri-registration-rp/antsBrainExtraction/sub-s035/BrainExtractionBrain.nii.gz
Dimension = 3
Number of stages = 1
Use histogram matching = false
Winsorize image intensities = true
  Lower quantile = 0.005
  Upper quantile = 0.995


Stage 1 State
   Image metric = MattesMI
     Fixed image = Image (0x47bde70)
  RTTI typeinfo:   itk::Image<double, 3u>
  Reference Count: 2
  Modified Time: 2330
  Debug: Off
  Object Name: 
  Observers: 
    none
  Source: (none)
  Source output name: (none)
  Release Data: Off
  Data Released: False
  Global Release Data: Off
  PipelineMTime: 0
  UpdateMTime: 1941
  RealTimeStamp: 0 seconds 
  LargestPossibleRegion: 
    Dimension: 3
    Index: [0, 0, 0]
    Size: [193, 229, 193]
  BufferedRegion: 
    Dimension: 3
    Index: [0, 0, 0]
    Size: [193, 229, 193]
  RequestedRegion: 
    Dimension: 3
    Index: [0, 0, 0]
    Size: [193, 229, 193]
  Spacing: [1, 1, 1]
  Origin: [96, 132, -78]
  Direction: 
-1 0 0
0 -1 0
0 0 1

  IndexToPointMatrix: 
-1 0 0
0 -1 0
0 0 1

  PointToIndexMatrix: 
-1 0 0
0 -1 0
0 0 1

  Inverse Direction: 
-1 0 0
0 -1 0
0 0 1

  PixelContainer: 
    ImportImageContainer (0x47c6c60)
      RTTI typeinfo:   itk::ImportImageContainer<unsigned long, double>
      Reference Count: 1
      Modified Time: 1938
      Debug: Off
      Object Name: 
      Observers: 
        none
      Pointer: 0x14693b0a1010
      Container manages memory: true
      Size: 8530021
      Capacity: 8530021

     Moving image = Image (0x485aec0)
  RTTI typeinfo:   itk::Image<double, 3u>
  Reference Count: 2
  Modified Time: 2331
  Debug: Off
  Object Name: 
  Observers: 
    none
  Source: (none)
  Source output name: (none)
  Release Data: Off
  Data Released: False
  Global Release Data: Off
  PipelineMTime: 0
  UpdateMTime: 2328
  RealTimeStamp: 0 seconds 
  LargestPossibleRegion: 
    Dimension: 3
    Index: [0, 0, 0]
    Size: [160, 240, 256]
  BufferedRegion: 
    Dimension: 3
    Index: [0, 0, 0]
    Size: [160, 240, 256]
  RequestedRegion: 
    Dimension: 3
    Index: [0, 0, 0]
    Size: [160, 240, 256]
  Spacing: [1, 1, 1]
  Origin: [98.6438, 87.6358, -117.989]
  Direction: 
-0.993515 -0.100993 -0.0522355
0.100854 -0.994887 0.00530255
-0.0525039 1.93537e-08 0.998621

  IndexToPointMatrix: 
-0.993515 -0.100993 -0.0522355
0.100854 -0.994887 0.00530255
-0.0525039 1.93537e-08 0.998621

  PointToIndexMatrix: 
-0.993515 0.100854 -0.0525039
-0.100993 -0.994887 1.93006e-08
-0.0522355 0.00530255 0.998621

  Inverse Direction: 
-0.993515 0.100854 -0.0525039
-0.100993 -0.994887 1.93006e-08
-0.0522355 0.00530255 0.998621

  PixelContainer: 
    ImportImageContainer (0x48f2610)
      RTTI typeinfo:   itk::ImportImageContainer<unsigned long, double>
      Reference Count: 1
      Modified Time: 2325
      Debug: Off
      Object Name: 
      Observers: 
        none
      Pointer: 0x1469365a0010
      Container manages memory: true
      Size: 9830400
      Capacity: 9830400

     Weighting = 1
     Sampling strategy = regular
     Number of bins = 32
     Radius = 4
     Sampling percentage  = 0.25
   Transform = Rigid
     Gradient step = 0.1
     Update field sigma (voxel space) = 0
     Total field sigma (voxel space) = 0
     Update field time sigma = 0
     Total field time sigma  = 0
     Number of time indices = 0
     Number of time point samples = 0
Registration using 1 total stages.

Stage 0
  iterations = 0
  convergence threshold = 1e-06
  convergence window size = 10
  number of levels = 1
  using the Mattes MI metric (number of bins = 32, weight = 1, use gradient filter = 0)
  preprocessing:  winsorizing the image intensities
  Shrink factors (level 1 out of 1): [1, 1, 1]
  smoothing sigmas per level: [0]
  regular sampling (percentage = 0.25)

*** Running Euler3DTransform registration ***

  Elapsed time (stage 0): 1.1824


Total elapsed time: 1.18458
Info [verificarlo]: loaded backend libinterflop_ieee.so
Info [interflop-ieee]: load backend with:
Info [interflop-ieee]: debug = false
Info [interflop-ieee]: debug-binary = false
Info [interflop-ieee]: no-backend-name = false
Info [interflop-ieee]: print-new-line = false
Info [interflop-ieee]: print-subnormal-normalized = false
Info [interflop-ieee]: count-op = false
All_Command_lines_OK
Using double precision for computations.
=============================================================================
The composite transform comprises the following transforms (in order): 
  1. /home/mdugre/scratch/mri-registration-rp/datasets/ds004513/derivatives/mri-registration-rp/0001/antsRegistration-r7-p11/sub-s035/align_Composite.h5[0] (type = Euler3DTransform)
  2. /home/mdugre/scratch/mri-registration-rp/datasets/ds004513/derivatives/mri-registration-rp/0001/antsRegistration-r7-p11/sub-s035/align_Composite.h5[1] (type = Euler3DTransform)
=============================================================================
  number of levels = 4
  fixed image: /templateflow/tpl-MNI152NLin2009cAsym/tpl-MNI152NLin2009cAsym_res-01_desc-brain_T1w.nii.gz
  moving image: /home/mdugre/scratch/mri-registration-rp/datasets/ds004513/derivatives/mri-registration-rp/antsBrainExtraction/sub-s035/BrainExtractionBrain.nii.gz
Dimension = 3
Number of stages = 1
Use histogram matching = false
Winsorize image intensities = true
  Lower quantile = 0.005
  Upper quantile = 0.995


Stage 1 State
   Image metric = MattesMI
     Fixed image = Image (0x3cea530)
  RTTI typeinfo:   itk::Image<double, 3u>
  Reference Count: 2
  Modified Time: 1578
  Debug: Off
  Object Name: 
  Observers: 
    none
  Source: (none)
  Source output name: (none)
  Release Data: Off
  Data Released: False
  Global Release Data: Off
  PipelineMTime: 0
  UpdateMTime: 1189
  RealTimeStamp: 0 seconds 
  LargestPossibleRegion: 
    Dimension: 3
    Index: [0, 0, 0]
    Size: [193, 229, 193]
  BufferedRegion: 
    Dimension: 3
    Index: [0, 0, 0]
    Size: [193, 229, 193]
  RequestedRegion: 
    Dimension: 3
    Index: [0, 0, 0]
    Size: [193, 229, 193]
  Spacing: [1, 1, 1]
  Origin: [96, 132, -78]
  Direction: 
-1 0 0
0 -1 0
0 0 1

  IndexToPointMatrix: 
-1 0 0
0 -1 0
0 0 1

  PointToIndexMatrix: 
-1 0 0
0 -1 0
0 0 1

  Inverse Direction: 
-1 0 0
0 -1 0
0 0 1

  PixelContainer: 
    ImportImageContainer (0x3da8d60)
      RTTI typeinfo:   itk::ImportImageContainer<unsigned long, double>
      Reference Count: 1
      Modified Time: 1186
      Debug: Off
      Object Name: 
      Observers: 
        none
      Pointer: 0x14662d91b010
      Container manages memory: true
      Size: 8530021
      Capacity: 8530021

     Moving image = Image (0x3d9af60)
  RTTI typeinfo:   itk::Image<double, 3u>
  Reference Count: 2
  Modified Time: 1579
  Debug: Off
  Object Name: 
  Observers: 
    none
  Source: (none)
  Source output name: (none)
  Release Data: Off
  Data Released: False
  Global Release Data: Off
  PipelineMTime: 0
  UpdateMTime: 1576
  RealTimeStamp: 0 seconds 
  LargestPossibleRegion: 
    Dimension: 3
    Index: [0, 0, 0]
    Size: [160, 240, 256]
  BufferedRegion: 
    Dimension: 3
    Index: [0, 0, 0]
    Size: [160, 240, 256]
  RequestedRegion: 
    Dimension: 3
    Index: [0, 0, 0]
    Size: [160, 240, 256]
  Spacing: [1, 1, 1]
  Origin: [98.6438, 87.6358, -117.989]
  Direction: 
-0.993515 -0.100993 -0.0522355
0.100854 -0.994887 0.00530255
-0.0525039 1.93537e-08 0.998621

  IndexToPointMatrix: 
-0.993515 -0.100993 -0.0522355
0.100854 -0.994887 0.00530255
-0.0525039 1.93537e-08 0.998621

  PointToIndexMatrix: 
-0.993515 0.100854 -0.0525039
-0.100993 -0.994887 1.93006e-08
-0.0522355 0.00530255 0.998621

  Inverse Direction: 
-0.993515 0.100854 -0.0525039
-0.100993 -0.994887 1.93006e-08
-0.0522355 0.00530255 0.998621

  PixelContainer: 
    ImportImageContainer (0x3d8c6d0)
      RTTI typeinfo:   itk::ImportImageContainer<unsigned long, double>
      Reference Count: 1
      Modified Time: 1573
      Debug: Off
      Object Name: 
      Observers: 
        none
      Pointer: 0x146628e1a010
      Container manages memory: true
      Size: 9830400
      Capacity: 9830400

     Weighting = 1
     Sampling strategy = regular
     Number of bins = 32
     Radius = 4
     Sampling percentage  = 0.25
   Transform = Rigid
     Gradient step = 0.1
     Update field sigma (voxel space) = 0
     Total field sigma (voxel space) = 0
     Update field time sigma = 0
     Total field time sigma  = 0
     Number of time indices = 0
     Number of time point samples = 0
Registration using 1 total stages.

Stage 0
  iterations = 1000x500x250x100
  convergence threshold = 1e-06
  convergence window size = 10
  number of levels = 4
  using the Mattes MI metric (number of bins = 32, weight = 1, use gradient filter = 0)
  preprocessing:  winsorizing the image intensities
  Shrink factors (level 1 out of 4): [8, 8, 8]
  Shrink factors (level 2 out of 4): [4, 4, 4]
  Shrink factors (level 3 out of 4): [2, 2, 2]
  Shrink factors (level 4 out of 4): [1, 1, 1]
  smoothing sigmas per level: [3, 2, 1, 0]
  regular sampling (percentage = 0.25)

*** Running Euler3DTransform registration ***

DIAGNOSTIC,Iteration,metricValue,convergenceValue,ITERATION_TIME_INDEX,SINCE_LAST
 2DIAGNOSTIC,     1, -5.238630234552e-01, 1.797693134862e+308, 8.7199e-01, 8.7199e-01, 
 2DIAGNOSTIC,     2, -5.257885820767e-01, 1.797693134862e+308, 8.7703e-01, 5.0371e-03, 
 2DIAGNOSTIC,     3, -5.278597554839e-01, 1.797693134862e+308, 8.8212e-01, 5.0941e-03, 
 2DIAGNOSTIC,     4, -5.302176117225e-01, 1.797693134862e+308, 8.8688e-01, 4.7579e-03, 
 2DIAGNOSTIC,     5, -5.343462816845e-01, 1.797693134862e+308, 8.9164e-01, 4.7619e-03, 
 2DIAGNOSTIC,     6, -5.399239396740e-01, 1.797693134862e+308, 8.9641e-01, 4.7698e-03, 
 2DIAGNOSTIC,     7, -5.490554822001e-01, 1.797693134862e+308, 9.0123e-01, 4.8158e-03, 
 2DIAGNOSTIC,     8, -5.545204224448e-01, 1.797693134862e+308, 9.0740e-01, 6.1741e-03, 
 2DIAGNOSTIC,     9, -5.601437715553e-01, 1.797693134862e+308, 9.1243e-01, 5.0251e-03, 
 2DIAGNOSTIC,    10, -5.617741193774e-01, 5.067640484485e-03, 9.1739e-01, 4.9641e-03, 
 2DIAGNOSTIC,    11, -5.649562249041e-01, 4.796539612083e-03, 9.2347e-01, 6.0811e-03, 
 2DIAGNOSTIC,    12, -5.658710903081e-01, 4.260783098155e-03, 9.2883e-01, 5.3542e-03, 
 2DIAGNOSTIC,    13, -5.662828333056e-01, 3.524744036646e-03, 9.3355e-01, 4.7231e-03, 
 2DIAGNOSTIC,    14, -5.685908474577e-01, 2.751340472953e-03, 9.3913e-01, 5.5811e-03, 
 2DIAGNOSTIC,    15, -5.732745043306e-01, 2.134644679428e-03, 9.4641e-01, 7.2799e-03, 
 2DIAGNOSTIC,    16, -5.738084427845e-01, 1.591333148336e-03, 9.5291e-01, 6.5038e-03, 
 2DIAGNOSTIC,    17, -5.739093703465e-01, 1.247363567740e-03, 9.5780e-01, 4.8890e-03, 
 2DIAGNOSTIC,    18, -5.745773598458e-01, 1.002163966315e-03, 9.6272e-01, 4.9131e-03, 
 2DIAGNOSTIC,    19, -5.752045522723e-01, 8.579763081923e-04, 9.6789e-01, 5.1682e-03, 
 2DIAGNOSTIC,    20, -5.755578777727e-01, 6.955845773875e-04, 9.7315e-01, 5.2600e-03, 
 2DIAGNOSTIC,    21, -5.761681227725e-01, 5.767135182708e-04, 9.7785e-01, 4.7040e-03, 
 2DIAGNOSTIC,    22, -5.775610178281e-01, 4.707067062545e-04, 9.8272e-01, 4.8659e-03, 
 2DIAGNOSTIC,    23, -5.801876522133e-01, 3.965856196826e-04, 9.8780e-01, 5.0869e-03, 
 2DIAGNOSTIC,    24, -5.873578871763e-01, 4.881452203970e-04, 9.9468e-01, 6.8781e-03, 
 2DIAGNOSTIC,    25, -5.924052233483e-01, 7.199711435240e-04, 1.0014e+00, 6.6931e-03, 
 2DIAGNOSTIC,    26, -5.933789722532e-01, 8.944842700496e-04, 1.0075e+00, 6.1359e-03, 
 2DIAGNOSTIC,    27, -5.948140362554e-01, 1.002036484468e-03, 1.0130e+00, 5.5048e-03, 
 2DIAGNOSTIC,    28, -5.954370004539e-01, 1.029952320904e-03, 1.0176e+00, 4.5710e-03, 
 2DIAGNOSTIC,    29, -5.955619965620e-01, 9.699000563313e-04, 1.0223e+00, 4.6730e-03, 
 2DIAGNOSTIC,    30, -5.960977142435e-01, 8.366692960221e-04, 1.0269e+00, 4.6599e-03, 
 2DIAGNOSTIC,    31, -5.971105016165e-01, 6.606986235820e-04, 1.0322e+00, 5.3260e-03, 
 2DIAGNOSTIC,    32, -5.989728413273e-01, 4.853112632185e-04, 1.0395e+00, 7.2432e-03, 
 2DIAGNOSTIC,    33, -5.996340171301e-01, 3.222359248939e-04, 1.0443e+00, 4.7932e-03, 
 2DIAGNOSTIC,    34, -5.997688324949e-01, 2.443793017309e-04, 1.0490e+00, 4.7109e-03, 
 2DIAGNOSTIC,    35, -5.999328162897e-01, 2.224308792382e-04, 1.0549e+00, 5.8758e-03, 
 2DIAGNOSTIC,    36, -6.001598298662e-01, 1.965988111945e-04, 1.0594e+00, 4.5369e-03, 
 2DIAGNOSTIC,    37, -6.004938013079e-01, 1.767006122643e-04, 1.0646e+00, 5.1620e-03, 
 2DIAGNOSTIC,    38, -6.008280010331e-01, 1.536048166330e-04, 1.0692e+00, 4.6291e-03, 
 2DIAGNOSTIC,    39, -6.038559363794e-01, 1.574331428450e-04, 1.0748e+00, 5.5921e-03, 
 2DIAGNOSTIC,    40, -6.077047301012e-01, 1.993081218772e-04, 1.0800e+00, 5.1630e-03, 
 2DIAGNOSTIC,    41, -6.174632774123e-01, 3.481387964440e-04, 1.0863e+00, 6.3519e-03, 
 2DIAGNOSTIC,    42, -6.161978002668e-01, 4.608909346003e-04, 1.0960e+00, 9.6650e-03, 
 2DIAGNOSTIC,    43, -6.161564701564e-01, 5.335374746732e-04, 1.1006e+00, 4.6251e-03, 
 2DIAGNOSTIC,    44, -6.170772381322e-01, 5.644825400996e-04, 1.1053e+00, 4.6842e-03, 
 2DIAGNOSTIC,    45, -6.185357401549e-01, 5.560480382033e-04, 1.1098e+00, 4.5259e-03, 
 2DIAGNOSTIC,    46, -6.206472681272e-01, 5.180562553510e-04, 1.1144e+00, 4.6260e-03, 
 2DIAGNOSTIC,    47, -6.234100465803e-01, 4.649607125975e-04, 1.1190e+00, 4.5831e-03, 
 2DIAGNOSTIC,    48, -6.282459780252e-01, 4.232184636190e-04, 1.1236e+00, 4.6201e-03, 
 2DIAGNOSTIC,    49, -6.332856866259e-01, 4.219351872652e-04, 1.1284e+00, 4.7860e-03, 
 2DIAGNOSTIC,    50, -6.437673208559e-01, 5.158695942030e-04, 1.1332e+00, 4.7491e-03, 
 2DIAGNOSTIC,    51, -6.567709932510e-01, 7.709766099985e-04, 1.1379e+00, 4.7719e-03, 
 2DIAGNOSTIC,    52, -6.630139294774e-01, 9.856110379220e-04, 1.1434e+00, 5.4400e-03, 
 2DIAGNOSTIC,    53, -6.637658016423e-01, 1.103854481016e-03, 1.1482e+00, 4.8039e-03, 
 2DIAGNOSTIC,    54, -6.646848046691e-01, 1.129224332290e-03, 1.1531e+00, 4.9548e-03, 
 2DIAGNOSTIC,    55, -6.699954475373e-01, 1.103369874855e-03, 1.1618e+00, 8.6429e-03, 
 2DIAGNOSTIC,    56, -6.720089755005e-01, 1.005089439900e-03, 1.1686e+00, 6.8071e-03, 
 2DIAGNOSTIC,    57, -6.720481482689e-01, 8.375234070070e-04, 1.1732e+00, 4.5788e-03, 
 2DIAGNOSTIC,    58, -6.725919380479e-01, 6.425660410695e-04, 1.1778e+00, 4.6260e-03, 
 2DIAGNOSTIC,    59, -6.729036290426e-01, 4.360790841607e-04, 1.1827e+00, 4.9570e-03, 
 2DIAGNOSTIC,    60, -6.731488689125e-01, 2.773039939223e-04, 1.1874e+00, 4.6091e-03, 
 2DIAGNOSTIC,    61, -6.734259022201e-01, 1.993309273756e-04, 1.1919e+00, 4.5691e-03, 
 2DIAGNOSTIC,    62, -6.739132036689e-01, 1.568961945673e-04, 1.1965e+00, 4.6041e-03, 
 2DIAGNOSTIC,    63, -6.762843005019e-01, 1.247265563147e-04, 1.2030e+00, 6.5181e-03, 
 2DIAGNOSTIC,    64, -6.766381401053e-01, 8.969387868233e-05, 1.2076e+00, 4.5202e-03, 
 2DIAGNOSTIC,    65, -6.771215033826e-01, 8.898288352722e-05, 1.2122e+00, 4.5919e-03, 
 2DIAGNOSTIC,    66, -6.778537028372e-01, 9.953409109078e-05, 1.2174e+00, 5.2459e-03, 
 2DIAGNOSTIC,    67, -6.792268432587e-01, 1.098308553351e-04, 1.2238e+00, 6.3770e-03, 
 2DIAGNOSTIC,    68, -6.807680515815e-01, 1.231388822615e-04, 1.2285e+00, 4.6661e-03, 
 2DIAGNOSTIC,    69, -6.815199121557e-01, 1.312161137270e-04, 1.2330e+00, 4.5171e-03, 
 2DIAGNOSTIC,    70, -6.818104212927e-01, 1.303105551073e-04, 1.2390e+00, 6.0580e-03, 
 2DIAGNOSTIC,    71, -6.820509832084e-01, 1.205018377737e-04, 1.2436e+00, 4.5390e-03, 
 2DIAGNOSTIC,    72, -6.822316601094e-01, 1.032396784736e-04, 1.2480e+00, 4.4661e-03, 
 2DIAGNOSTIC,    73, -6.825798688917e-01, 9.372162314610e-05, 1.2542e+00, 6.1579e-03, 
 2DIAGNOSTIC,    74, -6.826264145874e-01, 7.797272133534e-05, 1.2588e+00, 4.5929e-03, 
 2DIAGNOSTIC,    75, -6.826914739297e-01, 5.871136413025e-05, 1.2636e+00, 4.7922e-03, 
 2DIAGNOSTIC,    76, -6.828123553144e-01, 3.951734040898e-05, 1.2682e+00, 4.5831e-03, 
 2DIAGNOSTIC,    77, -6.832345047848e-01, 2.762932129091e-05, 1.2727e+00, 4.5500e-03, 
 2DIAGNOSTIC,    78, -6.838171411694e-01, 2.580877394995e-05, 1.2795e+00, 6.7751e-03, 
 2DIAGNOSTIC,    79, -6.837375966598e-01, 2.542064690428e-05, 1.2840e+00, 4.5381e-03, 
 2DIAGNOSTIC,    80, -6.837940607178e-01, 2.471283156973e-05, 1.2886e+00, 4.5919e-03, 
 2DIAGNOSTIC,    81, -6.839726160459e-01, 2.406982191803e-05, 1.2931e+00, 4.5021e-03, 
 2DIAGNOSTIC,    82, -6.841107386500e-01, 2.280962091874e-05, 1.2977e+00, 4.6329e-03, 
 2DIAGNOSTIC,    83, -6.851045104516e-01, 2.675613171671e-05, 1.3045e+00, 6.7410e-03, 
 2DIAGNOSTIC,    84, -6.858177108986e-01, 3.208657605172e-05, 1.3103e+00, 5.8131e-03, 
 2DIAGNOSTIC,    85, -6.861554931090e-01, 3.640207567037e-05, 1.3177e+00, 7.3690e-03, 
 2DIAGNOSTIC,    86, -6.861557906384e-01, 3.780023959395e-05, 1.3224e+00, 4.6968e-03, 
 2DIAGNOSTIC,    87, -6.861668075149e-01, 3.777638753439e-05, 1.3269e+00, 4.5419e-03, 
 2DIAGNOSTIC,    88, -6.861798551968e-01, 3.717374019460e-05, 1.3315e+00, 4.6020e-03, 
 2DIAGNOSTIC,    89, -6.861875542606e-01, 3.259245630161e-05, 1.3366e+00, 5.1131e-03, 
 2DIAGNOSTIC,    90, -6.861913801388e-01, 2.533772073116e-05, 1.3411e+00, 4.4851e-03, 
 2DIAGNOSTIC,    91, -6.861983742118e-01, 1.686228851339e-05, 1.3456e+00, 4.4632e-03, 
 2DIAGNOSTIC,    92, -6.862112786125e-01, 7.666267763122e-06, 1.3501e+00, 4.4801e-03, 
 2DIAGNOSTIC,    93, -6.862266906430e-01, 2.806131112237e-06, 1.3545e+00, 4.4880e-03, 
 2DIAGNOSTIC,    94, -6.862421109585e-01, 1.277602426790e-06, 1.3596e+00, 5.0609e-03, 
 2DIAGNOSTIC,    95, -6.863402786423e-01, 1.768050979498e-06, 1.3652e+00, 5.6109e-03, 
 2DIAGNOSTIC,    96, -6.863402610738e-01, 2.100857368100e-06, 1.3697e+00, 4.5011e-03, 
 2DIAGNOSTIC,    97, -6.863405001710e-01, 2.314412401172e-06, 1.3742e+00, 4.4630e-03, 
 2DIAGNOSTIC,    98, -6.863412482184e-01, 2.402572221621e-06, 1.3792e+00, 5.0449e-03, 
 2DIAGNOSTIC,    99, -6.863464464514e-01, 2.346705450148e-06, 1.3859e+00, 6.6869e-03, 
 2DIAGNOSTIC,   100, -6.863467523718e-01, 2.109938972525e-06, 1.3920e+00, 6.0580e-03, 
 2DIAGNOSTIC,   101, -6.863467572795e-01, 1.737538327442e-06, 1.4061e+00, 1.4153e-02, 
 2DIAGNOSTIC,   102, -6.863467572794e-01, 1.300953825376e-06, 1.4160e+00, 9.8331e-03, 
DIAGNOSTIC,Iteration,metricValue,convergenceValue,ITERATION_TIME_INDEX,SINCE_LAST
 2DIAGNOSTIC,     1, -5.582125198886e-01, 1.797693134862e+308, 2.1084e+00, 6.9246e-01, 
 2DIAGNOSTIC,     2, -5.585603837364e-01, 1.797693134862e+308, 2.1388e+00, 3.0364e-02, 
 2DIAGNOSTIC,     3, -5.591036206782e-01, 1.797693134862e+308, 2.1681e+00, 2.9371e-02, 
 2DIAGNOSTIC,     4, -5.597987521668e-01, 1.797693134862e+308, 2.1979e+00, 2.9736e-02, 
 2DIAGNOSTIC,     5, -5.608419080397e-01, 1.797693134862e+308, 2.2322e+00, 3.4337e-02, 
 2DIAGNOSTIC,     6, -5.612123192785e-01, 1.797693134862e+308, 2.2620e+00, 2.9750e-02, 
 2DIAGNOSTIC,     7, -5.624382314899e-01, 1.797693134862e+308, 2.2999e+00, 3.7933e-02, 
 2DIAGNOSTIC,     8, -5.635251928147e-01, 1.797693134862e+308, 2.3297e+00, 2.9765e-02, 
 2DIAGNOSTIC,     9, -5.652298909720e-01, 1.797693134862e+308, 2.3656e+00, 3.5940e-02, 
 2DIAGNOSTIC,    10, -5.659914789361e-01, 9.144489091359e-04, 2.4281e+00, 6.2537e-02, 
 2DIAGNOSTIC,    11, -5.660073990391e-01, 8.642697206292e-04, 2.4600e+00, 3.1880e-02, 
 2DIAGNOSTIC,    12, -5.660291371601e-01, 7.617396068831e-04, 2.4957e+00, 3.5646e-02, 
 2DIAGNOSTIC,    13, -5.660404441128e-01, 6.274034445063e-04, 2.5281e+00, 3.2429e-02, 
 2DIAGNOSTIC,    14, -5.660472763108e-01, 4.794748695510e-04, 2.5728e+00, 4.4736e-02, 
 2DIAGNOSTIC,    15, -5.660434929875e-01, 3.429045288052e-04, 2.6180e+00, 4.5199e-02, 
 2DIAGNOSTIC,    16, -5.660466328808e-01, 2.041264794239e-04, 2.6527e+00, 3.4632e-02, 
 2DIAGNOSTIC,    17, -5.660397899598e-01, 9.936619403530e-05, 2.6848e+00, 3.2109e-02, 
 2DIAGNOSTIC,    18, -5.660342113904e-01, 2.648592341797e-05, 2.7181e+00, 3.3367e-02, 
 2DIAGNOSTIC,    19, -5.660367052468e-01, 3.761737224564e-06, 2.7474e+00, 2.9264e-02, 
 2DIAGNOSTIC,    20, -5.660225123080e-01, 1.959206426282e-06, 2.7770e+00, 2.9559e-02, 
DIAGNOSTIC,Iteration,metricValue,convergenceValue,ITERATION_TIME_INDEX,SINCE_LAST
 2DIAGNOSTIC,     1, -5.036702645805e-01, 1.797693134862e+308, 3.8583e+00, 1.0813e+00, 
 2DIAGNOSTIC,     2, -5.038127661853e-01, 1.797693134862e+308, 4.1236e+00, 2.6530e-01, 
 2DIAGNOSTIC,     3, -5.039531531357e-01, 1.797693134862e+308, 4.3783e+00, 2.5469e-01, 
 2DIAGNOSTIC,     4, -5.040788843237e-01, 1.797693134862e+308, 4.6480e+00, 2.6970e-01, 
 2DIAGNOSTIC,     5, -5.041948451570e-01, 1.797693134862e+308, 4.9515e+00, 3.0350e-01, 
 2DIAGNOSTIC,     6, -5.042501789951e-01, 1.797693134862e+308, 5.4035e+00, 4.5197e-01, 
 2DIAGNOSTIC,     7, -5.043353654738e-01, 1.797693134862e+308, 5.7710e+00, 3.6755e-01, 
 2DIAGNOSTIC,     8, -5.043387595868e-01, 1.797693134862e+308, 6.0383e+00, 2.6734e-01, 
 2DIAGNOSTIC,     9, -5.043420254108e-01, 1.797693134862e+308, 6.3540e+00, 3.1567e-01, 
 2DIAGNOSTIC,    10, -5.043458751179e-01, 8.986453497546e-05, 6.6505e+00, 2.9648e-01, 
 2DIAGNOSTIC,    11, -5.043544511899e-01, 6.186899825715e-05, 6.9236e+00, 2.7313e-01, 
 2DIAGNOSTIC,    12, -5.043614765913e-01, 4.016369730148e-05, 7.1835e+00, 2.5990e-01, 
 2DIAGNOSTIC,    13, -5.043776124777e-01, 2.512396119224e-05, 7.4378e+00, 2.5428e-01, 
 2DIAGNOSTIC,    14, -5.044141316088e-01, 1.664256243024e-05, 7.8384e+00, 4.0061e-01, 
 2DIAGNOSTIC,    15, -5.044121037618e-01, 1.221129191899e-05, 8.1808e+00, 3.4243e-01, 
 2DIAGNOSTIC,    16, -5.044110804121e-01, 9.259683213012e-06, 8.4668e+00, 2.8601e-01, 
 2DIAGNOSTIC,    17, -5.044140812176e-01, 8.923012094951e-06, 8.7942e+00, 3.2738e-01, 
 2DIAGNOSTIC,    18, -5.044120966185e-01, 8.001652516333e-06, 9.1166e+00, 3.2239e-01, 
 2DIAGNOSTIC,    19, -5.044105942751e-01, 6.637569878676e-06, 9.4217e+00, 3.0513e-01, 
 2DIAGNOSTIC,    20, -5.044089162282e-01, 5.011963478255e-06, 9.6889e+00, 2.6716e-01, 
 2DIAGNOSTIC,    21, -5.044089733096e-01, 3.470330096809e-06, 9.9606e+00, 2.7170e-01, 
 2DIAGNOSTIC,    22, -5.044077398454e-01, 2.031097797867e-06, 1.0265e+01, 3.0397e-01, 
 2DIAGNOSTIC,    23, -5.044086622792e-01, 1.054546927295e-06, 1.0594e+01, 3.2940e-01, 
 2DIAGNOSTIC,    24, -5.044125622456e-01, 1.141565426431e-06, 1.0968e+01, 3.7378e-01, 
 2DIAGNOSTIC,    25, -5.044100485056e-01, 1.135326100334e-06, 1.1261e+01, 2.9277e-01, 
 2DIAGNOSTIC,    26, -5.044120216415e-01, 1.163275199549e-06, 1.1642e+01, 3.8130e-01, 
 2DIAGNOSTIC,    27, -5.044184407097e-01, 1.391575694724e-06, 1.1992e+01, 3.5013e-01, 
 2DIAGNOSTIC,    28, -5.044168470798e-01, 1.507362410745e-06, 1.2342e+01, 3.5000e-01, 
 2DIAGNOSTIC,    29, -5.044165656346e-01, 1.547864435153e-06, 1.2678e+01, 3.3646e-01, 
 2DIAGNOSTIC,    30, -5.044159806637e-01, 1.502645118862e-06, 1.2970e+01, 2.9135e-01, 
 2DIAGNOSTIC,    31, -5.044117230811e-01, 1.343036181177e-06, 1.3223e+01, 2.5336e-01, 
 2DIAGNOSTIC,    32, -5.044152246192e-01, 1.202981936878e-06, 1.3497e+01, 2.7373e-01, 
 2DIAGNOSTIC,    33, -5.044201989176e-01, 1.147752612764e-06, 1.3789e+01, 2.9165e-01, 
 2DIAGNOSTIC,    34, -5.044233382182e-01, 1.195741267997e-06, 1.4053e+01, 2.6439e-01, 
 2DIAGNOSTIC,    35, -5.044259931160e-01, 1.219343282424e-06, 1.4342e+01, 2.8958e-01, 
 2DIAGNOSTIC,    36, -5.044276196386e-01, 1.266840181178e-06, 1.4565e+01, 2.2300e-01, 
 2DIAGNOSTIC,    37, -5.044246789214e-01, 1.328408080235e-06, 1.4822e+01, 2.5617e-01, 
 2DIAGNOSTIC,    38, -5.044219264563e-01, 1.277212269647e-06, 1.5113e+01, 2.9159e-01, 
 2DIAGNOSTIC,    39, -5.044215119025e-01, 1.176808888750e-06, 1.5371e+01, 2.5739e-01, 
 2DIAGNOSTIC,    40, -5.044324022103e-01, 1.193770906138e-06, 1.5621e+01, 2.4993e-01, 
 2DIAGNOSTIC,    41, -5.044415396820e-01, 1.233773748312e-06, 1.5933e+01, 3.1272e-01, 
 2DIAGNOSTIC,    42, -5.044486240280e-01, 1.368248264893e-06, 1.6233e+01, 2.9968e-01, 
 2DIAGNOSTIC,    43, -5.044525851888e-01, 1.556690010066e-06, 1.6482e+01, 2.4854e-01, 
 2DIAGNOSTIC,    44, -5.044527359666e-01, 1.700531167961e-06, 1.6707e+01, 2.2579e-01, 
 2DIAGNOSTIC,    45, -5.044729733819e-01, 2.028839839272e-06, 1.6993e+01, 2.8521e-01, 
 2DIAGNOSTIC,    46, -5.044964594397e-01, 2.515561211041e-06, 1.7289e+01, 2.9671e-01, 
 2DIAGNOSTIC,    47, -5.045100744656e-01, 2.930822580748e-06, 1.7573e+01, 2.8405e-01, 
 2DIAGNOSTIC,    48, -5.045299703977e-01, 3.319105853668e-06, 1.7853e+01, 2.7949e-01, 
 2DIAGNOSTIC,    49, -5.045237948759e-01, 3.358911765530e-06, 1.8165e+01, 3.1227e-01, 
 2DIAGNOSTIC,    50, -5.045434362082e-01, 3.482549322965e-06, 1.8456e+01, 2.9060e-01, 
 2DIAGNOSTIC,    51, -5.045942877948e-01, 3.980260611203e-06, 1.8757e+01, 3.0123e-01, 
 2DIAGNOSTIC,    52, -5.046165622010e-01, 4.438786880209e-06, 1.9056e+01, 2.9867e-01, 
 2DIAGNOSTIC,    53, -5.046103839863e-01, 4.495080618071e-06, 1.9490e+01, 4.3491e-01, 
 2DIAGNOSTIC,    54, -5.046113748413e-01, 4.199344217762e-06, 1.9791e+01, 3.0047e-01, 
 2DIAGNOSTIC,    55, -5.046175254640e-01, 3.833669130471e-06, 2.0246e+01, 4.5498e-01, 
 2DIAGNOSTIC,    56, -5.046189913476e-01, 3.404009375804e-06, 2.0548e+01, 3.0260e-01, 
 2DIAGNOSTIC,    57, -5.046183943220e-01, 2.837504189637e-06, 2.0821e+01, 2.7228e-01, 
 2DIAGNOSTIC,    58, -5.046170965895e-01, 2.265678433630e-06, 2.1165e+01, 3.4442e-01, 
 2DIAGNOSTIC,    59, -5.046183354614e-01, 1.505298543741e-06, 2.1421e+01, 2.5554e-01, 
DIAGNOSTIC,Iteration,metricValue,convergenceValue,ITERATION_TIME_INDEX,SINCE_LAST
 2DIAGNOSTIC,     1, -4.673175808621e-01, 1.797693134862e+308, 2.4013e+01, 2.5928e+00, 
 2DIAGNOSTIC,     2, -4.674194902755e-01, 1.797693134862e+308, 2.5833e+01, 1.8198e+00, 
 2DIAGNOSTIC,     3, -4.674275447454e-01, 1.797693134862e+308, 2.7617e+01, 1.7840e+00, 
 2DIAGNOSTIC,     4, -4.674263272938e-01, 1.797693134862e+308, 2.9326e+01, 1.7085e+00, 
 2DIAGNOSTIC,     5, -4.674279101289e-01, 1.797693134862e+308, 3.1105e+01, 1.7789e+00, 
 2DIAGNOSTIC,     6, -4.674271748649e-01, 1.797693134862e+308, 3.2763e+01, 1.6583e+00, 
 2DIAGNOSTIC,     7, -4.674270946424e-01, 1.797693134862e+308, 3.4823e+01, 2.0605e+00, 
 2DIAGNOSTIC,     8, -4.674267266727e-01, 1.797693134862e+308, 3.6645e+01, 1.8220e+00, 
 2DIAGNOSTIC,     9, -4.674267935576e-01, 1.797693134862e+308, 3.8572e+01, 1.9267e+00, 
 2DIAGNOSTIC,    10, -4.674266811639e-01, 1.018223322007e-05, 4.0787e+01, 2.2153e+00, 
 2DIAGNOSTIC,    11, -4.674268353164e-01, 3.243028739205e-06, 4.5639e+01, 4.8515e+00, 
 2DIAGNOSTIC,    12, -4.674268353147e-01, 2.581586564632e-06, 5.0640e+01, 5.0015e+00, 
 2DIAGNOSTIC,    13, -4.674268353147e-01, 2.407150370559e-06, 5.2447e+01, 1.8067e+00, 
 2DIAGNOSTIC,    14, -4.674268353147e-01, 2.206099397009e-06, 5.4253e+01, 1.8058e+00, 
 2DIAGNOSTIC,    15, -4.674268353147e-01, 2.102665600426e-06, 5.5932e+01, 1.6789e+00, 
 2DIAGNOSTIC,    16, -4.674268353147e-01, 1.985750285677e-06, 5.7702e+01, 1.7702e+00, 
 2DIAGNOSTIC,    17, -4.674268353147e-01, 1.880261589648e-06, 5.9252e+01, 1.5505e+00, 
 2DIAGNOSTIC,    18, -4.674268353147e-01, 1.773201140844e-06, 6.1778e+01, 2.5251e+00, 
 2DIAGNOSTIC,    19, -4.674268353147e-01, 1.679161254077e-06, 6.4075e+01, 2.2972e+00, 
 2DIAGNOSTIC,    20, -4.674268353147e-01, 1.590515664417e-06, 6.5975e+01, 1.9001e+00, 
 2DIAGNOSTIC,    21, -4.674268353147e-01, 1.514775985353e-06, 6.7741e+01, 1.7662e+00, 
 2DIAGNOSTIC,    22, -4.674268353147e-01, 1.445921761288e-06, 6.9352e+01, 1.6106e+00, 
 2DIAGNOSTIC,    23, -4.674268353147e-01, 1.383054925135e-06, 7.1054e+01, 1.7025e+00, 
 2DIAGNOSTIC,    24, -4.674268353147e-01, 1.325427045687e-06, 7.2799e+01, 1.7450e+00, 
 2DIAGNOSTIC,    25, -4.674268353147e-01, 1.272409441970e-06, 7.4391e+01, 1.5917e+00, 
 2DIAGNOSTIC,    26, -4.674268353147e-01, 1.223470154049e-06, 7.6206e+01, 1.8154e+00, 
 2DIAGNOSTIC,    27, -4.674268353147e-01, 1.178156031630e-06, 7.8168e+01, 1.9622e+00, 
 2DIAGNOSTIC,    28, -4.674268353147e-01, 1.136078660667e-06, 8.0009e+01, 1.8411e+00, 
 2DIAGNOSTIC,    29, -4.674268353147e-01, 1.096903202019e-06, 8.1803e+01, 1.7937e+00, 
 2DIAGNOSTIC,    30, -4.674268353147e-01, 1.060339462011e-06, 8.3486e+01, 1.6832e+00, 
 2DIAGNOSTIC,    31, -4.674268353147e-01, 1.026134691710e-06, 8.5027e+01, 1.5404e+00, 
  Elapsed time (stage 0): 8.5885e+01


Total elapsed time: 8.5887e+01
Info [verificarlo]: loaded backend libinterflop_ieee.so
Info [interflop-ieee]: load backend with:
Info [interflop-ieee]: debug = false
Info [interflop-ieee]: debug-binary = false
Info [interflop-ieee]: no-backend-name = false
Info [interflop-ieee]: print-new-line = false
Info [interflop-ieee]: print-subnormal-normalized = false
Info [interflop-ieee]: count-op = false
All_Command_lines_OK
Using double precision for computations.
=============================================================================
The composite transform comprises the following transforms (in order): 
  1. /home/mdugre/scratch/mri-registration-rp/datasets/ds004513/derivatives/mri-registration-rp/0001/antsRegistration-r7-p11/sub-s035/rigid_Composite.h5[0] (type = Euler3DTransform)
  2. /home/mdugre/scratch/mri-registration-rp/datasets/ds004513/derivatives/mri-registration-rp/0001/antsRegistration-r7-p11/sub-s035/rigid_Composite.h5[1] (type = Euler3DTransform)
  3. /home/mdugre/scratch/mri-registration-rp/datasets/ds004513/derivatives/mri-registration-rp/0001/antsRegistration-r7-p11/sub-s035/rigid_Composite.h5[2] (type = Euler3DTransform)
=============================================================================
  number of levels = 4
  fixed image: /templateflow/tpl-MNI152NLin2009cAsym/tpl-MNI152NLin2009cAsym_res-01_desc-brain_T1w.nii.gz
  moving image: /home/mdugre/scratch/mri-registration-rp/datasets/ds004513/derivatives/mri-registration-rp/antsBrainExtraction/sub-s035/BrainExtractionBrain.nii.gz
Dimension = 3
Number of stages = 1
Use histogram matching = false
Winsorize image intensities = true
  Lower quantile = 0.005
  Upper quantile = 0.995


Stage 1 State
   Image metric = MattesMI
     Fixed image = Image (0x3b247e0)
  RTTI typeinfo:   itk::Image<double, 3u>
  Reference Count: 2
  Modified Time: 1592
  Debug: Off
  Object Name: 
  Observers: 
    none
  Source: (none)
  Source output name: (none)
  Release Data: Off
  Data Released: False
  Global Release Data: Off
  PipelineMTime: 0
  UpdateMTime: 1203
  RealTimeStamp: 0 seconds 
  LargestPossibleRegion: 
    Dimension: 3
    Index: [0, 0, 0]
    Size: [193, 229, 193]
  BufferedRegion: 
    Dimension: 3
    Index: [0, 0, 0]
    Size: [193, 229, 193]
  RequestedRegion: 
    Dimension: 3
    Index: [0, 0, 0]
    Size: [193, 229, 193]
  Spacing: [1, 1, 1]
  Origin: [96, 132, -78]
  Direction: 
-1 0 0
0 -1 0
0 0 1

  IndexToPointMatrix: 
-1 0 0
0 -1 0
0 0 1

  PointToIndexMatrix: 
-1 0 0
0 -1 0
0 0 1

  Inverse Direction: 
-1 0 0
0 -1 0
0 0 1

  PixelContainer: 
    ImportImageContainer (0x3be4a20)
      RTTI typeinfo:   itk::ImportImageContainer<unsigned long, double>
      Reference Count: 1
      Modified Time: 1200
      Debug: Off
      Object Name: 
      Observers: 
        none
      Pointer: 0x146d105ba010
      Container manages memory: true
      Size: 8530021
      Capacity: 8530021

     Moving image = Image (0x3bdfd70)
  RTTI typeinfo:   itk::Image<double, 3u>
  Reference Count: 2
  Modified Time: 1593
  Debug: Off
  Object Name: 
  Observers: 
    none
  Source: (none)
  Source output name: (none)
  Release Data: Off
  Data Released: False
  Global Release Data: Off
  PipelineMTime: 0
  UpdateMTime: 1590
  RealTimeStamp: 0 seconds 
  LargestPossibleRegion: 
    Dimension: 3
    Index: [0, 0, 0]
    Size: [160, 240, 256]
  BufferedRegion: 
    Dimension: 3
    Index: [0, 0, 0]
    Size: [160, 240, 256]
  RequestedRegion: 
    Dimension: 3
    Index: [0, 0, 0]
    Size: [160, 240, 256]
  Spacing: [1, 1, 1]
  Origin: [98.6438, 87.6358, -117.989]
  Direction: 
-0.993515 -0.100993 -0.0522355
0.100854 -0.994887 0.00530255
-0.0525039 1.93537e-08 0.998621

  IndexToPointMatrix: 
-0.993515 -0.100993 -0.0522355
0.100854 -0.994887 0.00530255
-0.0525039 1.93537e-08 0.998621

  PointToIndexMatrix: 
-0.993515 0.100854 -0.0525039
-0.100993 -0.994887 1.93006e-08
-0.0522355 0.00530255 0.998621

  Inverse Direction: 
-0.993515 0.100854 -0.0525039
-0.100993 -0.994887 1.93006e-08
-0.0522355 0.00530255 0.998621

  PixelContainer: 
    ImportImageContainer (0x3b97c90)
      RTTI typeinfo:   itk::ImportImageContainer<unsigned long, double>
      Reference Count: 1
      Modified Time: 1587
      Debug: Off
      Object Name: 
      Observers: 
        none
      Pointer: 0x146d0bab9010
      Container manages memory: true
      Size: 9830400
      Capacity: 9830400

     Weighting = 1
     Sampling strategy = regular
     Number of bins = 32
     Radius = 4
     Sampling percentage  = 0.25
   Transform = Affine
     Gradient step = 0.1
     Update field sigma (voxel space) = 0
     Total field sigma (voxel space) = 0
     Update field time sigma = 0
     Total field time sigma  = 0
     Number of time indices = 0
     Number of time point samples = 0
Registration using 1 total stages.

Stage 0
  iterations = 1000x500x250x100
  convergence threshold = 1e-06
  convergence window size = 10
  number of levels = 4
  using the Mattes MI metric (number of bins = 32, weight = 1, use gradient filter = 0)
  preprocessing:  winsorizing the image intensities
  Shrink factors (level 1 out of 4): [8, 8, 8]
  Shrink factors (level 2 out of 4): [4, 4, 4]
  Shrink factors (level 3 out of 4): [2, 2, 2]
  Shrink factors (level 4 out of 4): [1, 1, 1]
  smoothing sigmas per level: [3, 2, 1, 0]
  regular sampling (percentage = 0.25)

*** Running AffineTransform registration ***

DIAGNOSTIC,Iteration,metricValue,convergenceValue,ITERATION_TIME_INDEX,SINCE_LAST
 2DIAGNOSTIC,     1, -6.762519829650e-01, 1.797693134862e+308, 1.1309e+00, 1.1309e+00, 
 2DIAGNOSTIC,     2, -6.783191440609e-01, 1.797693134862e+308, 1.1373e+00, 6.4001e-03, 
 2DIAGNOSTIC,     3, -6.827609508734e-01, 1.797693134862e+308, 1.1509e+00, 1.3536e-02, 
 2DIAGNOSTIC,     4, -6.894407464022e-01, 1.797693134862e+308, 1.1588e+00, 7.8778e-03, 
 2DIAGNOSTIC,     5, -6.996770412379e-01, 1.797693134862e+308, 1.1648e+00, 6.0122e-03, 
 2DIAGNOSTIC,     6, -7.111493590738e-01, 1.797693134862e+308, 1.1717e+00, 6.9721e-03, 
 2DIAGNOSTIC,     7, -7.364486565482e-01, 1.797693134862e+308, 1.1812e+00, 9.5091e-03, 
 2DIAGNOSTIC,     8, -7.360718114521e-01, 1.797693134862e+308, 1.1875e+00, 6.2640e-03, 
 2DIAGNOSTIC,     9, -7.368557485178e-01, 1.797693134862e+308, 1.1943e+00, 6.7699e-03, 
 2DIAGNOSTIC,    10, -7.372677639901e-01, 6.960718077346e-03, 1.2009e+00, 6.6600e-03, 
 2DIAGNOSTIC,    11, -7.372424539530e-01, 5.853319055786e-03, 1.2068e+00, 5.8160e-03, 
 2DIAGNOSTIC,    12, -7.371545533290e-01, 4.468564097482e-03, 1.2149e+00, 8.1179e-03, 
 2DIAGNOSTIC,    13, -7.371627236235e-01, 3.038402002402e-03, 1.2218e+00, 6.8829e-03, 
 2DIAGNOSTIC,    14, -7.371645418947e-01, 1.739402196007e-03, 1.2285e+00, 6.7279e-03, 
 2DIAGNOSTIC,    15, -7.370752202799e-01, 7.266237673507e-04, 1.2357e+00, 7.2489e-03, 
 2DIAGNOSTIC,    16, -7.370169937552e-01, 4.150992135245e-05, 1.2424e+00, 6.6402e-03, 
 2DIAGNOSTIC,    17, -7.368393428175e-01, 1.904942050977e-05, 1.2489e+00, 6.5601e-03, 
DIAGNOSTIC,Iteration,metricValue,convergenceValue,ITERATION_TIME_INDEX,SINCE_LAST
 2DIAGNOSTIC,     1, -6.037295911253e-01, 1.797693134862e+308, 1.9834e+00, 7.3451e-01, 
 2DIAGNOSTIC,     2, -6.049779158026e-01, 1.797693134862e+308, 2.0222e+00, 3.8790e-02, 
 2DIAGNOSTIC,     3, -6.067880048750e-01, 1.797693134862e+308, 2.0602e+00, 3.7984e-02, 
 2DIAGNOSTIC,     4, -6.085057974617e-01, 1.797693134862e+308, 2.0979e+00, 3.7647e-02, 
 2DIAGNOSTIC,     5, -6.094783170227e-01, 1.797693134862e+308, 2.1362e+00, 3.8320e-02, 
 2DIAGNOSTIC,     6, -6.098017386061e-01, 1.797693134862e+308, 2.1744e+00, 3.8232e-02, 
 2DIAGNOSTIC,     7, -6.101802323773e-01, 1.797693134862e+308, 2.2368e+00, 6.2367e-02, 
 2DIAGNOSTIC,     8, -6.102484430716e-01, 1.797693134862e+308, 2.2748e+00, 3.7994e-02, 
 2DIAGNOSTIC,     9, -6.103379460847e-01, 1.797693134862e+308, 2.3118e+00, 3.7018e-02, 
 2DIAGNOSTIC,    10, -6.104584082257e-01, 6.887117520780e-04, 2.3534e+00, 4.1624e-02, 
 2DIAGNOSTIC,    11, -6.105843532995e-01, 4.495318330442e-04, 2.3909e+00, 3.7456e-02, 
 2DIAGNOSTIC,    12, -6.106120556662e-01, 2.590061870356e-04, 2.4293e+00, 3.8452e-02, 
 2DIAGNOSTIC,    13, -6.105980164914e-01, 1.380471260060e-04, 2.4717e+00, 4.2414e-02, 
 2DIAGNOSTIC,    14, -6.105822626833e-01, 7.825399711747e-05, 2.5108e+00, 3.9017e-02, 
 2DIAGNOSTIC,    15, -6.105890075027e-01, 4.979810196518e-05, 2.5637e+00, 5.2937e-02, 
 2DIAGNOSTIC,    16, -6.105845383028e-01, 2.948928855351e-05, 2.6030e+00, 3.9278e-02, 
 2DIAGNOSTIC,    17, -6.105712074799e-01, 1.906679722502e-05, 2.6380e+00, 3.5026e-02, 
 2DIAGNOSTIC,    18, -6.105620505523e-01, 9.787319398845e-06, 2.6771e+00, 3.9134e-02, 
 2DIAGNOSTIC,    19, -6.105597978340e-01, 2.856495286897e-06, 2.7207e+00, 4.3550e-02, 
DIAGNOSTIC,Iteration,metricValue,convergenceValue,ITERATION_TIME_INDEX,SINCE_LAST
 2DIAGNOSTIC,     1, -5.344251516886e-01, 1.797693134862e+308, 3.8534e+00, 1.1328e+00, 
 2DIAGNOSTIC,     2, -5.348576969575e-01, 1.797693134862e+308, 4.1222e+00, 2.6874e-01, 
 2DIAGNOSTIC,     3, -5.351584326175e-01, 1.797693134862e+308, 4.4259e+00, 3.0374e-01, 
 2DIAGNOSTIC,     4, -5.353135602625e-01, 1.797693134862e+308, 4.7197e+00, 2.9379e-01, 
 2DIAGNOSTIC,     5, -5.354472356359e-01, 1.797693134862e+308, 5.0264e+00, 3.0670e-01, 
 2DIAGNOSTIC,     6, -5.356476951678e-01, 1.797693134862e+308, 5.4498e+00, 4.2342e-01, 
 2DIAGNOSTIC,     7, -5.359080254254e-01, 1.797693134862e+308, 6.4034e+00, 9.5358e-01, 
 2DIAGNOSTIC,     8, -5.359077608964e-01, 1.797693134862e+308, 6.7533e+00, 3.4987e-01, 
 2DIAGNOSTIC,     9, -5.359079386140e-01, 1.797693134862e+308, 7.0871e+00, 3.3380e-01, 
 2DIAGNOSTIC,    10, -5.359070565318e-01, 1.749525004444e-04, 7.3926e+00, 3.0552e-01, 
 2DIAGNOSTIC,    11, -5.359062521642e-01, 1.176255323695e-04, 7.6968e+00, 3.0422e-01, 
 2DIAGNOSTIC,    12, -5.359065753899e-01, 7.828829909418e-05, 8.0276e+00, 3.3076e-01, 
