
##########################
# Experiment information #
##########################

EXPERIMENT_NAME: antsRegistration-r7-p17
VFC_BACKENDS: libinterflop_vprec.so --range-binary32=7 --precision-binary32=17 --range-binary64=7 --precision-binary64=17

SIF_IMG: /home/mdugre/projects/rrg-glatard/mdugre/containers/ants-vprec-no_metrics.simg

SUBJECT_ID: s033
INPUT_IMG: /home/mdugre/scratch/mri-registration-rp/datasets/ds004513/derivatives/mri-registration-rp/antsBrainExtraction/sub-s033/BrainExtractionBrain.nii.gz
OUTPUT_DIR: /home/mdugre/scratch/mri-registration-rp/datasets/ds004513/derivatives/mri-registration-rp/0001/antsRegistration-r7-p17/sub-s033

FIXED_IMG: /templateflow/tpl-MNI152NLin2009cAsym/tpl-MNI152NLin2009cAsym_res-01_desc-brain_T1w.nii.gz
DATA_DIR: /home/mdugre/scratch/mri-registration-rp/datasets/ds004513
TEMPLATEFLOW_DIR: /home/mdugre/projects/rrg-glatard/mdugre/templateflow
ITK_GLOBAL_DEFAULT_NUMBER_OF_THREADS: 16
##########################

Info [verificarlo]: loaded backend libinterflop_ieee.so
Info [interflop-ieee]: load backend with:
Info [interflop-ieee]: debug = false
Info [interflop-ieee]: debug-binary = false
Info [interflop-ieee]: no-backend-name = false
Info [interflop-ieee]: print-new-line = false
Info [interflop-ieee]: print-subnormal-normalized = false
Info [interflop-ieee]: count-op = false
All_Command_lines_OK
Using double precision for computations.
=============================================================================
The composite transform comprises the following transforms (in order): 
  1. Center of mass alignment using fixed image: /templateflow/tpl-MNI152NLin2009cAsym/tpl-MNI152NLin2009cAsym_res-01_desc-brain_T1w.nii.gz and moving image: /home/mdugre/scratch/mri-registration-rp/datasets/ds004513/derivatives/mri-registration-rp/antsBrainExtraction/sub-s033/BrainExtractionBrain.nii.gz (type = Euler3DTransform)
=============================================================================
  number of levels = 1
  fixed image: /templateflow/tpl-MNI152NLin2009cAsym/tpl-MNI152NLin2009cAsym_res-01_desc-brain_T1w.nii.gz
  moving image: /home/mdugre/scratch/mri-registration-rp/datasets/ds004513/derivatives/mri-registration-rp/antsBrainExtraction/sub-s033/BrainExtractionBrain.nii.gz
Dimension = 3
Number of stages = 1
Use histogram matching = false
Winsorize image intensities = true
  Lower quantile = 0.005
  Upper quantile = 0.995


Stage 1 State
   Image metric = MattesMI
     Fixed image = Image (0x349fe70)
  RTTI typeinfo:   itk::Image<double, 3u>
  Reference Count: 2
  Modified Time: 2330
  Debug: Off
  Object Name: 
  Observers: 
    none
  Source: (none)
  Source output name: (none)
  Release Data: Off
  Data Released: False
  Global Release Data: Off
  PipelineMTime: 0
  UpdateMTime: 1941
  RealTimeStamp: 0 seconds 
  LargestPossibleRegion: 
    Dimension: 3
    Index: [0, 0, 0]
    Size: [193, 229, 193]
  BufferedRegion: 
    Dimension: 3
    Index: [0, 0, 0]
    Size: [193, 229, 193]
  RequestedRegion: 
    Dimension: 3
    Index: [0, 0, 0]
    Size: [193, 229, 193]
  Spacing: [1, 1, 1]
  Origin: [96, 132, -78]
  Direction: 
-1 0 0
0 -1 0
0 0 1

  IndexToPointMatrix: 
-1 0 0
0 -1 0
0 0 1

  PointToIndexMatrix: 
-1 0 0
0 -1 0
0 0 1

  Inverse Direction: 
-1 0 0
0 -1 0
0 0 1

  PixelContainer: 
    ImportImageContainer (0x34a8c60)
      RTTI typeinfo:   itk::ImportImageContainer<unsigned long, double>
      Reference Count: 1
      Modified Time: 1938
      Debug: Off
      Object Name: 
      Observers: 
        none
      Pointer: 0x14bf40cdf010
      Container manages memory: true
      Size: 8530021
      Capacity: 8530021

     Moving image = Image (0x34a2540)
  RTTI typeinfo:   itk::Image<double, 3u>
  Reference Count: 2
  Modified Time: 2331
  Debug: Off
  Object Name: 
  Observers: 
    none
  Source: (none)
  Source output name: (none)
  Release Data: Off
  Data Released: False
  Global Release Data: Off
  PipelineMTime: 0
  UpdateMTime: 2328
  RealTimeStamp: 0 seconds 
  LargestPossibleRegion: 
    Dimension: 3
    Index: [0, 0, 0]
    Size: [160, 240, 256]
  BufferedRegion: 
    Dimension: 3
    Index: [0, 0, 0]
    Size: [160, 240, 256]
  RequestedRegion: 
    Dimension: 3
    Index: [0, 0, 0]
    Size: [160, 240, 256]
  Spacing: [1, 1, 1]
  Origin: [91.5134, 94.282, -109.927]
  Direction: 
-0.99591 -0.0698718 -0.0572835
0.0697565 -0.997556 0.00401236
-0.0574239 5.01125e-08 0.99835

  IndexToPointMatrix: 
-0.99591 -0.0698718 -0.0572835
0.0697565 -0.997556 0.00401236
-0.0574239 5.01125e-08 0.99835

  PointToIndexMatrix: 
-0.99591 0.0697565 -0.0574239
-0.0698718 -0.997556 5.01483e-08
-0.0572835 0.00401236 0.99835

  Inverse Direction: 
-0.99591 0.0697565 -0.0574239
-0.0698718 -0.997556 5.01483e-08
-0.0572835 0.00401236 0.99835

  PixelContainer: 
    ImportImageContainer (0x35b4610)
      RTTI typeinfo:   itk::ImportImageContainer<unsigned long, double>
      Reference Count: 1
      Modified Time: 2325
      Debug: Off
      Object Name: 
      Observers: 
        none
      Pointer: 0x14bf3c1de010
      Container manages memory: true
      Size: 9830400
      Capacity: 9830400

     Weighting = 1
     Sampling strategy = regular
     Number of bins = 32
     Radius = 4
     Sampling percentage  = 0.25
   Transform = Rigid
     Gradient step = 0.1
     Update field sigma (voxel space) = 0
     Total field sigma (voxel space) = 0
     Update field time sigma = 0
     Total field time sigma  = 0
     Number of time indices = 0
     Number of time point samples = 0
Registration using 1 total stages.

Stage 0
  iterations = 0
  convergence threshold = 1e-06
  convergence window size = 10
  number of levels = 1
  using the Mattes MI metric (number of bins = 32, weight = 1, use gradient filter = 0)
  preprocessing:  winsorizing the image intensities
  Shrink factors (level 1 out of 1): [1, 1, 1]
  smoothing sigmas per level: [0]
  regular sampling (percentage = 0.25)

*** Running Euler3DTransform registration ***

  Elapsed time (stage 0): 1.19785


Total elapsed time: 1.20018
Info [verificarlo]: loaded backend libinterflop_ieee.so
Info [interflop-ieee]: load backend with:
Info [interflop-ieee]: debug = false
Info [interflop-ieee]: debug-binary = false
Info [interflop-ieee]: no-backend-name = false
Info [interflop-ieee]: print-new-line = false
Info [interflop-ieee]: print-subnormal-normalized = false
Info [interflop-ieee]: count-op = false
All_Command_lines_OK
Using double precision for computations.
=============================================================================
The composite transform comprises the following transforms (in order): 
  1. /home/mdugre/scratch/mri-registration-rp/datasets/ds004513/derivatives/mri-registration-rp/0001/antsRegistration-r7-p17/sub-s033/align_Composite.h5[0] (type = Euler3DTransform)
  2. /home/mdugre/scratch/mri-registration-rp/datasets/ds004513/derivatives/mri-registration-rp/0001/antsRegistration-r7-p17/sub-s033/align_Composite.h5[1] (type = Euler3DTransform)
=============================================================================
  number of levels = 4
  fixed image: /templateflow/tpl-MNI152NLin2009cAsym/tpl-MNI152NLin2009cAsym_res-01_desc-brain_T1w.nii.gz
  moving image: /home/mdugre/scratch/mri-registration-rp/datasets/ds004513/derivatives/mri-registration-rp/antsBrainExtraction/sub-s033/BrainExtractionBrain.nii.gz
Dimension = 3
Number of stages = 1
Use histogram matching = false
Winsorize image intensities = true
  Lower quantile = 0.005
  Upper quantile = 0.995


Stage 1 State
   Image metric = MattesMI
     Fixed image = Image (0x4616530)
  RTTI typeinfo:   itk::Image<double, 3u>
  Reference Count: 2
  Modified Time: 1578
  Debug: Off
  Object Name: 
  Observers: 
    none
  Source: (none)
  Source output name: (none)
  Release Data: Off
  Data Released: False
  Global Release Data: Off
  PipelineMTime: 0
  UpdateMTime: 1189
  RealTimeStamp: 0 seconds 
  LargestPossibleRegion: 
    Dimension: 3
    Index: [0, 0, 0]
    Size: [193, 229, 193]
  BufferedRegion: 
    Dimension: 3
    Index: [0, 0, 0]
    Size: [193, 229, 193]
  RequestedRegion: 
    Dimension: 3
    Index: [0, 0, 0]
    Size: [193, 229, 193]
  Spacing: [1, 1, 1]
  Origin: [96, 132, -78]
  Direction: 
-1 0 0
0 -1 0
0 0 1

  IndexToPointMatrix: 
-1 0 0
0 -1 0
0 0 1

  PointToIndexMatrix: 
-1 0 0
0 -1 0
0 0 1

  Inverse Direction: 
-1 0 0
0 -1 0
0 0 1

  PixelContainer: 
    ImportImageContainer (0x46d4d60)
      RTTI typeinfo:   itk::ImportImageContainer<unsigned long, double>
      Reference Count: 1
      Modified Time: 1186
      Debug: Off
      Object Name: 
      Observers: 
        none
      Pointer: 0x14fdf1add010
      Container manages memory: true
      Size: 8530021
      Capacity: 8530021

     Moving image = Image (0x46c6f60)
  RTTI typeinfo:   itk::Image<double, 3u>
  Reference Count: 2
  Modified Time: 1579
  Debug: Off
  Object Name: 
  Observers: 
    none
  Source: (none)
  Source output name: (none)
  Release Data: Off
  Data Released: False
  Global Release Data: Off
  PipelineMTime: 0
  UpdateMTime: 1576
  RealTimeStamp: 0 seconds 
  LargestPossibleRegion: 
    Dimension: 3
    Index: [0, 0, 0]
    Size: [160, 240, 256]
  BufferedRegion: 
    Dimension: 3
    Index: [0, 0, 0]
    Size: [160, 240, 256]
  RequestedRegion: 
    Dimension: 3
    Index: [0, 0, 0]
    Size: [160, 240, 256]
  Spacing: [1, 1, 1]
  Origin: [91.5134, 94.282, -109.927]
  Direction: 
-0.99591 -0.0698718 -0.0572835
0.0697565 -0.997556 0.00401236
-0.0574239 5.01125e-08 0.99835

  IndexToPointMatrix: 
-0.99591 -0.0698718 -0.0572835
0.0697565 -0.997556 0.00401236
-0.0574239 5.01125e-08 0.99835

  PointToIndexMatrix: 
-0.99591 0.0697565 -0.0574239
-0.0698718 -0.997556 5.01483e-08
-0.0572835 0.00401236 0.99835

  Inverse Direction: 
-0.99591 0.0697565 -0.0574239
-0.0698718 -0.997556 5.01483e-08
-0.0572835 0.00401236 0.99835

  PixelContainer: 
    ImportImageContainer (0x46b86d0)
      RTTI typeinfo:   itk::ImportImageContainer<unsigned long, double>
      Reference Count: 1
      Modified Time: 1573
      Debug: Off
      Object Name: 
      Observers: 
        none
      Pointer: 0x14fdecfdc010
      Container manages memory: true
      Size: 9830400
      Capacity: 9830400

     Weighting = 1
     Sampling strategy = regular
     Number of bins = 32
     Radius = 4
     Sampling percentage  = 0.25
   Transform = Rigid
     Gradient step = 0.1
     Update field sigma (voxel space) = 0
     Total field sigma (voxel space) = 0
     Update field time sigma = 0
     Total field time sigma  = 0
     Number of time indices = 0
     Number of time point samples = 0
Registration using 1 total stages.

Stage 0
  iterations = 1000x500x250x100
  convergence threshold = 1e-06
  convergence window size = 10
  number of levels = 4
  using the Mattes MI metric (number of bins = 32, weight = 1, use gradient filter = 0)
  preprocessing:  winsorizing the image intensities
  Shrink factors (level 1 out of 4): [8, 8, 8]
  Shrink factors (level 2 out of 4): [4, 4, 4]
  Shrink factors (level 3 out of 4): [2, 2, 2]
  Shrink factors (level 4 out of 4): [1, 1, 1]
  smoothing sigmas per level: [3, 2, 1, 0]
  regular sampling (percentage = 0.25)

*** Running Euler3DTransform registration ***

DIAGNOSTIC,Iteration,metricValue,convergenceValue,ITERATION_TIME_INDEX,SINCE_LAST
 2DIAGNOSTIC,     1, -4.945365495269e-01, 1.797693134862e+308, 8.7599e-01, 8.7599e-01, 
 2DIAGNOSTIC,     2, -4.961551199262e-01, 1.797693134862e+308, 8.8100e-01, 5.0070e-03, 
 2DIAGNOSTIC,     3, -4.991207097076e-01, 1.797693134862e+308, 8.8549e-01, 4.4959e-03, 
 2DIAGNOSTIC,     4, -5.030359852117e-01, 1.797693134862e+308, 8.9046e-01, 4.9670e-03, 
 2DIAGNOSTIC,     5, -5.059125054655e-01, 1.797693134862e+308, 8.9528e-01, 4.8151e-03, 
 2DIAGNOSTIC,     6, -5.092815596254e-01, 1.797693134862e+308, 9.0017e-01, 4.8940e-03, 
 2DIAGNOSTIC,     7, -5.205915484568e-01, 1.797693134862e+308, 9.0649e-01, 6.3162e-03, 
 2DIAGNOSTIC,     8, -5.236677933913e-01, 1.797693134862e+308, 9.1143e-01, 4.9469e-03, 
 2DIAGNOSTIC,     9, -5.261653611514e-01, 1.797693134862e+308, 9.1594e-01, 4.5080e-03, 
 2DIAGNOSTIC,    10, -5.313843279548e-01, 4.956236851461e-03, 9.2112e-01, 5.1770e-03, 
 2DIAGNOSTIC,    11, -5.461121550605e-01, 5.255951709878e-03, 9.2712e-01, 5.9979e-03, 
 2DIAGNOSTIC,    12, -5.563506773260e-01, 5.544499219504e-03, 9.3208e-01, 4.9632e-03, 
 2DIAGNOSTIC,    13, -6.011783753080e-01, 7.240286203937e-03, 9.3842e-01, 6.3400e-03, 
 2DIAGNOSTIC,    14, -6.166052825015e-01, 8.701253899120e-03, 9.4327e-01, 4.8518e-03, 
 2DIAGNOSTIC,    15, -6.211428291671e-01, 9.416357351055e-03, 9.4804e-01, 4.7679e-03, 
 2DIAGNOSTIC,    16, -6.235432152247e-01, 9.368281937582e-03, 9.5376e-01, 5.7199e-03, 
 2DIAGNOSTIC,    17, -6.347577463791e-01, 9.145335036548e-03, 9.6068e-01, 6.9242e-03, 
 2DIAGNOSTIC,    18, -6.413138477496e-01, 8.359392961593e-03, 9.6601e-01, 5.3301e-03, 
 2DIAGNOSTIC,    19, -6.420802719529e-01, 6.980623482268e-03, 9.7181e-01, 5.7960e-03, 
 2DIAGNOSTIC,    20, -6.425493376170e-01, 5.272872618968e-03, 9.7666e-01, 4.8490e-03, 
 2DIAGNOSTIC,    21, -6.431795006384e-01, 3.641466698312e-03, 9.8216e-01, 5.4998e-03, 
 2DIAGNOSTIC,    22, -6.434078411589e-01, 2.049114008387e-03, 9.8675e-01, 4.5888e-03, 
 2DIAGNOSTIC,    23, -6.435083892117e-01, 1.381096908873e-03, 9.9199e-01, 5.2459e-03, 
 2DIAGNOSTIC,    24, -6.436807764095e-01, 9.688116497161e-04, 9.9782e-01, 5.8310e-03, 
 2DIAGNOSTIC,    25, -6.439989429396e-01, 6.014654417994e-04, 1.0044e+00, 6.6121e-03, 
 2DIAGNOSTIC,    26, -6.448361566527e-01, 2.655197729014e-04, 1.0093e+00, 4.8170e-03, 
 2DIAGNOSTIC,    27, -6.460796032393e-01, 1.536866165914e-04, 1.0147e+00, 5.4700e-03, 
 2DIAGNOSTIC,    28, -6.463976193311e-01, 1.550353723216e-04, 1.0198e+00, 5.0571e-03, 
 2DIAGNOSTIC,    29, -6.463935456424e-01, 1.547432203678e-04, 1.0243e+00, 4.5030e-03, 
 2DIAGNOSTIC,    30, -6.464392297294e-01, 1.482978279694e-04, 1.0296e+00, 5.2872e-03, 
 2DIAGNOSTIC,    31, -6.463723508263e-01, 1.368671004005e-04, 1.0343e+00, 4.7181e-03, 
 2DIAGNOSTIC,    32, -6.464254417342e-01, 1.173265021339e-04, 1.0401e+00, 5.7938e-03, 
 2DIAGNOSTIC,    33, -6.464354984130e-01, 8.969320831610e-05, 1.0543e+00, 1.4209e-02, 
 2DIAGNOSTIC,    34, -6.464354983801e-01, 5.811480302355e-05, 1.0686e+00, 1.4339e-02, 
 2DIAGNOSTIC,    35, -6.464354983801e-01, 2.735364940744e-05, 1.0748e+00, 6.1350e-03, 
 2DIAGNOSTIC,    36, -6.464354983801e-01, 6.561985054623e-06, 1.0807e+00, 5.9280e-03, 
 2DIAGNOSTIC,    37, -6.464354983801e-01, 2.244504233681e-06, 1.0867e+00, 6.0120e-03, 
 2DIAGNOSTIC,    38, -6.464354983801e-01, 1.990755769076e-06, 1.0921e+00, 5.3670e-03, 
 2DIAGNOSTIC,    39, -6.464354983801e-01, 1.582335049505e-06, 1.0973e+00, 5.2109e-03, 
 2DIAGNOSTIC,    40, -6.464354983801e-01, 1.698171246699e-06, 1.1027e+00, 5.4200e-03, 
DIAGNOSTIC,Iteration,metricValue,convergenceValue,ITERATION_TIME_INDEX,SINCE_LAST
 2DIAGNOSTIC,     1, -5.367244457084e-01, 1.797693134862e+308, 1.8921e+00, 7.8938e-01, 
 2DIAGNOSTIC,     2, -5.380313841637e-01, 1.797693134862e+308, 1.9219e+00, 2.9768e-02, 
 2DIAGNOSTIC,     3, -5.401731917618e-01, 1.797693134862e+308, 1.9537e+00, 3.1796e-02, 
 2DIAGNOSTIC,     4, -5.431881350061e-01, 1.797693134862e+308, 1.9849e+00, 3.1296e-02, 
 2DIAGNOSTIC,     5, -5.453557600206e-01, 1.797693134862e+308, 2.0139e+00, 2.8904e-02, 
 2DIAGNOSTIC,     6, -5.461088567160e-01, 1.797693134862e+308, 2.0438e+00, 2.9968e-02, 
 2DIAGNOSTIC,     7, -5.462086682840e-01, 1.797693134862e+308, 2.0723e+00, 2.8482e-02, 
 2DIAGNOSTIC,     8, -5.464644815218e-01, 1.797693134862e+308, 2.1201e+00, 4.7832e-02, 
 2DIAGNOSTIC,     9, -5.466119847029e-01, 1.797693134862e+308, 2.1564e+00, 3.6247e-02, 
 2DIAGNOSTIC,    10, -5.465653135842e-01, 1.220918877255e-03, 2.1900e+00, 3.3608e-02, 
 2DIAGNOSTIC,    11, -5.465682689845e-01, 8.133911471599e-04, 2.2267e+00, 3.6745e-02, 
 2DIAGNOSTIC,    12, -5.465541414026e-01, 4.580257875037e-04, 2.2596e+00, 3.2881e-02, 
 2DIAGNOSTIC,    13, -5.465494220519e-01, 2.001582681134e-04, 2.2940e+00, 3.4393e-02, 
 2DIAGNOSTIC,    14, -5.465144132821e-01, 7.040399146019e-05, 2.3236e+00, 2.9556e-02, 
 2DIAGNOSTIC,    15, -5.465021551207e-01, 2.625951814132e-05, 2.3559e+00, 3.2327e-02, 
 2DIAGNOSTIC,    16, -5.465203012810e-01, 1.067861240688e-05, 2.3885e+00, 3.2566e-02, 
DIAGNOSTIC,Iteration,metricValue,convergenceValue,ITERATION_TIME_INDEX,SINCE_LAST
 2DIAGNOSTIC,     1, -4.642612165415e-01, 1.797693134862e+308, 3.4835e+00, 1.0951e+00, 
 2DIAGNOSTIC,     2, -4.645523968290e-01, 1.797693134862e+308, 3.7178e+00, 2.3423e-01, 
 2DIAGNOSTIC,     3, -4.648354190254e-01, 1.797693134862e+308, 3.9636e+00, 2.4580e-01, 
 2DIAGNOSTIC,     4, -4.650444822760e-01, 1.797693134862e+308, 4.2051e+00, 2.4157e-01, 
 2DIAGNOSTIC,     5, -4.653294032746e-01, 1.797693134862e+308, 4.4468e+00, 2.4162e-01, 
 2DIAGNOSTIC,     6, -4.657501523312e-01, 1.797693134862e+308, 4.6895e+00, 2.4269e-01, 
 2DIAGNOSTIC,     7, -4.663153000369e-01, 1.797693134862e+308, 5.1061e+00, 4.1668e-01, 
 2DIAGNOSTIC,     8, -4.663376526071e-01, 1.797693134862e+308, 5.3799e+00, 2.7376e-01, 
 2DIAGNOSTIC,     9, -4.663397942511e-01, 1.797693134862e+308, 5.7354e+00, 3.5550e-01, 
 2DIAGNOSTIC,    10, -4.663424502357e-01, 3.304415202087e-04, 6.0763e+00, 3.4088e-01, 
 2DIAGNOSTIC,    11, -4.663407770305e-01, 2.569717644282e-04, 6.3830e+00, 3.0675e-01, 
 2DIAGNOSTIC,    12, -4.663402996450e-01, 1.871608664165e-04, 6.6378e+00, 2.5474e-01, 
 2DIAGNOSTIC,    13, -4.663397696288e-01, 1.247949177586e-04, 6.8951e+00, 2.5737e-01, 
 2DIAGNOSTIC,    14, -4.663383679006e-01, 6.955017775333e-05, 7.1440e+00, 2.4887e-01, 
 2DIAGNOSTIC,    15, -4.663373093169e-01, 2.688614512289e-05, 7.4091e+00, 2.6510e-01, 
 2DIAGNOSTIC,    16, -4.663380621744e-01, 2.757971975312e-06, 7.6783e+00, 2.6923e-01, 
 2DIAGNOSTIC,    17, -4.663366395649e-01, 1.609413538092e-06, 7.9387e+00, 2.6037e-01, 
 2DIAGNOSTIC,    18, -4.663363755610e-01, 1.361303355950e-06, 8.2000e+00, 2.6131e-01, 
 2DIAGNOSTIC,    19, -4.663349273201e-01, 1.197067048722e-06, 8.4896e+00, 2.8961e-01, 
 2DIAGNOSTIC,    20, -4.663342715220e-01, 1.156857421407e-06, 8.7178e+00, 2.2820e-01, 
 2DIAGNOSTIC,    21, -4.663338231584e-01, 1.098747152893e-06, 8.9513e+00, 2.3350e-01, 
 2DIAGNOSTIC,    22, -4.663346788689e-01, 1.094941816791e-06, 9.1892e+00, 2.3790e-01, 
 2DIAGNOSTIC,    23, -4.663351769740e-01, 1.123947273300e-06, 9.4530e+00, 2.6371e-01, 
 2DIAGNOSTIC,    24, -4.663374268031e-01, 1.197304853845e-06, 9.7125e+00, 2.5954e-01, 
 2DIAGNOSTIC,    25, -4.663373150728e-01, 1.246671166751e-06, 9.9768e+00, 2.6430e-01, 
 2DIAGNOSTIC,    26, -4.663384926041e-01, 1.341409366709e-06, 1.0229e+01, 2.5198e-01, 
 2DIAGNOSTIC,    27, -4.663413943598e-01, 1.450742724125e-06, 1.0495e+01, 2.6669e-01, 
 2DIAGNOSTIC,    28, -4.663452546256e-01, 1.603543369734e-06, 1.0765e+01, 2.7002e-01, 
 2DIAGNOSTIC,    29, -4.663455692625e-01, 1.676445847289e-06, 1.0989e+01, 2.2398e-01, 
 2DIAGNOSTIC,    30, -4.663486417195e-01, 1.741008084859e-06, 1.1253e+01, 2.6391e-01, 
 2DIAGNOSTIC,    31, -4.663501673047e-01, 1.757564150287e-06, 1.1540e+01, 2.8660e-01, 
 2DIAGNOSTIC,    32, -4.663498094987e-01, 1.712209603995e-06, 1.1794e+01, 2.5404e-01, 
 2DIAGNOSTIC,    33, -4.663495642587e-01, 1.605381364879e-06, 1.2024e+01, 2.2974e-01, 
 2DIAGNOSTIC,    34, -4.663507456594e-01, 1.506623116550e-06, 1.2288e+01, 2.6451e-01, 
 2DIAGNOSTIC,    35, -4.663521265893e-01, 1.380763660661e-06, 1.2552e+01, 2.6421e-01, 
 2DIAGNOSTIC,    36, -4.663521742245e-01, 1.236181583670e-06, 1.2788e+01, 2.3560e-01, 
 2DIAGNOSTIC,    37, -4.663538885009e-01, 1.141629066014e-06, 1.3059e+01, 2.7141e-01, 
 2DIAGNOSTIC,    38, -4.663549482253e-01, 1.104641072204e-06, 1.3311e+01, 2.5121e-01, 
 2DIAGNOSTIC,    39, -4.663582264172e-01, 1.098561411627e-06, 1.3569e+01, 2.5861e-01, 
 2DIAGNOSTIC,    40, -4.663613281455e-01, 1.157924442146e-06, 1.3826e+01, 2.5638e-01, 
 2DIAGNOSTIC,    41, -4.663616863619e-01, 1.207565599647e-06, 1.4065e+01, 2.3920e-01, 
 2DIAGNOSTIC,    42, -4.663696949904e-01, 1.326038535587e-06, 1.4292e+01, 2.2711e-01, 
 2DIAGNOSTIC,    43, -4.663799871350e-01, 1.523928099843e-06, 1.4573e+01, 2.8103e-01, 
 2DIAGNOSTIC,    44, -4.663851223861e-01, 1.721618818337e-06, 1.4921e+01, 3.4788e-01, 
 2DIAGNOSTIC,    45, -4.663846460331e-01, 1.828354847386e-06, 1.5185e+01, 2.6382e-01, 
 2DIAGNOSTIC,    46, -4.663834652206e-01, 1.810966199615e-06, 1.5446e+01, 2.6091e-01, 
 2DIAGNOSTIC,    47, -4.663818564919e-01, 1.688502237824e-06, 1.5670e+01, 2.2410e-01, 
 2DIAGNOSTIC,    48, -4.663820299451e-01, 1.486766157854e-06, 1.5902e+01, 2.3239e-01, 
 2DIAGNOSTIC,    49, -4.663854177915e-01, 1.295766185974e-06, 1.6155e+01, 2.5277e-01, 
 2DIAGNOSTIC,    50, -4.663872374277e-01, 1.112002125377e-06, 1.6385e+01, 2.3037e-01, 
DIAGNOSTIC,Iteration,metricValue,convergenceValue,ITERATION_TIME_INDEX,SINCE_LAST
 2DIAGNOSTIC,     1, -4.249046536702e-01, 1.797693134862e+308, 1.8900e+01, 2.5144e+00, 
 2DIAGNOSTIC,     2, -4.249634129966e-01, 1.797693134862e+308, 2.0300e+01, 1.4006e+00, 
 2DIAGNOSTIC,     3, -4.249876092870e-01, 1.797693134862e+308, 2.1742e+01, 1.4419e+00, 
 2DIAGNOSTIC,     4, -4.250090859261e-01, 1.797693134862e+308, 2.3120e+01, 1.3780e+00, 
 2DIAGNOSTIC,     5, -4.251339497862e-01, 1.797693134862e+308, 2.4539e+01, 1.4186e+00, 
 2DIAGNOSTIC,     6, -4.252902618270e-01, 1.797693134862e+308, 2.7354e+01, 2.8148e+00, 
 2DIAGNOSTIC,     7, -4.253025475508e-01, 1.797693134862e+308, 2.8844e+01, 1.4900e+00, 
 2DIAGNOSTIC,     8, -4.253439899194e-01, 1.797693134862e+308, 3.0239e+01, 1.3951e+00, 
 2DIAGNOSTIC,     9, -4.253843334297e-01, 1.797693134862e+308, 3.1792e+01, 1.5537e+00, 
 2DIAGNOSTIC,    10, -4.254100130542e-01, 8.915310294813e-05, 3.3223e+01, 1.4309e+00, 
 2DIAGNOSTIC,    11, -4.254659501258e-01, 7.794348043115e-05, 3.4648e+01, 1.4245e+00, 
 2DIAGNOSTIC,    12, -4.256076361720e-01, 7.303737446590e-05, 3.7373e+01, 2.7254e+00, 
 2DIAGNOSTIC,    13, -4.256072239922e-01, 6.373324861925e-05, 3.9016e+01, 1.6426e+00, 
 2DIAGNOSTIC,    14, -4.256075609746e-01, 5.124406483480e-05, 4.0629e+01, 1.6131e+00, 
 2DIAGNOSTIC,    15, -4.256074680250e-01, 4.141308110045e-05, 4.2388e+01, 1.7597e+00, 
 2DIAGNOSTIC,    16, -4.256069718943e-01, 3.568422231384e-05, 4.4385e+01, 1.9961e+00, 
 2DIAGNOSTIC,    17, -4.256069366452e-01, 2.789687830785e-05, 4.5944e+01, 1.5596e+00, 
 2DIAGNOSTIC,    18, -4.256069058566e-01, 2.009102614656e-05, 4.7500e+01, 1.5553e+00, 
 2DIAGNOSTIC,    19, -4.256067469931e-01, 1.290123881672e-05, 4.9060e+01, 1.5608e+00, 
 2DIAGNOSTIC,    20, -4.256067460259e-01, 6.248938021938e-06, 5.0665e+01, 1.6042e+00, 
 2DIAGNOSTIC,    21, -4.256071417462e-01, 1.459784632889e-06, 5.2209e+01, 1.5442e+00, 
 2DIAGNOSTIC,    22, -4.256072340884e-01, 1.417042509021e-06, 5.3798e+01, 1.5891e+00, 
 2DIAGNOSTIC,    23, -4.256071689474e-01, 1.366468571129e-06, 5.5528e+01, 1.7302e+00, 
 2DIAGNOSTIC,    24, -4.256069582843e-01, 1.325472205743e-06, 5.7518e+01, 1.9898e+00, 
 2DIAGNOSTIC,    25, -4.256068829669e-01, 1.283821894953e-06, 5.9161e+01, 1.6428e+00, 
 2DIAGNOSTIC,    26, -4.256068007080e-01, 1.229223918674e-06, 6.0732e+01, 1.5717e+00, 
 2DIAGNOSTIC,    27, -4.256067132211e-01, 1.174994355875e-06, 6.2184e+01, 1.4518e+00, 
 2DIAGNOSTIC,    28, -4.256066355793e-01, 1.122699464277e-06, 6.3642e+01, 1.4573e+00, 
 2DIAGNOSTIC,    29, -4.256066773324e-01, 1.072852863500e-06, 6.5186e+01, 1.5448e+00, 
 2DIAGNOSTIC,    30, -4.256067049924e-01, 1.028957714068e-06, 6.6561e+01, 1.3751e+00, 
 2DIAGNOSTIC,    31, -4.256067516519e-01, 1.000294533801e-06, 6.8116e+01, 1.5545e+00, 
  Elapsed time (stage 0): 6.9042e+01


Total elapsed time: 6.9045e+01
Info [verificarlo]: loaded backend libinterflop_ieee.so
Info [interflop-ieee]: load backend with:
Info [interflop-ieee]: debug = false
Info [interflop-ieee]: debug-binary = false
Info [interflop-ieee]: no-backend-name = false
Info [interflop-ieee]: print-new-line = false
Info [interflop-ieee]: print-subnormal-normalized = false
Info [interflop-ieee]: count-op = false
All_Command_lines_OK
Using double precision for computations.
=============================================================================
The composite transform comprises the following transforms (in order): 
  1. /home/mdugre/scratch/mri-registration-rp/datasets/ds004513/derivatives/mri-registration-rp/0001/antsRegistration-r7-p17/sub-s033/rigid_Composite.h5[0] (type = Euler3DTransform)
  2. /home/mdugre/scratch/mri-registration-rp/datasets/ds004513/derivatives/mri-registration-rp/0001/antsRegistration-r7-p17/sub-s033/rigid_Composite.h5[1] (type = Euler3DTransform)
  3. /home/mdugre/scratch/mri-registration-rp/datasets/ds004513/derivatives/mri-registration-rp/0001/antsRegistration-r7-p17/sub-s033/rigid_Composite.h5[2] (type = Euler3DTransform)
=============================================================================
  number of levels = 4
  fixed image: /templateflow/tpl-MNI152NLin2009cAsym/tpl-MNI152NLin2009cAsym_res-01_desc-brain_T1w.nii.gz
  moving image: /home/mdugre/scratch/mri-registration-rp/datasets/ds004513/derivatives/mri-registration-rp/antsBrainExtraction/sub-s033/BrainExtractionBrain.nii.gz
Dimension = 3
Number of stages = 1
Use histogram matching = false
Winsorize image intensities = true
  Lower quantile = 0.005
  Upper quantile = 0.995


Stage 1 State
   Image metric = MattesMI
     Fixed image = Image (0x41a27e0)
  RTTI typeinfo:   itk::Image<double, 3u>
  Reference Count: 2
  Modified Time: 1592
  Debug: Off
  Object Name: 
  Observers: 
    none
  Source: (none)
  Source output name: (none)
  Release Data: Off
  Data Released: False
  Global Release Data: Off
  PipelineMTime: 0
  UpdateMTime: 1203
  RealTimeStamp: 0 seconds 
  LargestPossibleRegion: 
    Dimension: 3
    Index: [0, 0, 0]
    Size: [193, 229, 193]
  BufferedRegion: 
    Dimension: 3
    Index: [0, 0, 0]
    Size: [193, 229, 193]
  RequestedRegion: 
    Dimension: 3
    Index: [0, 0, 0]
    Size: [193, 229, 193]
  Spacing: [1, 1, 1]
  Origin: [96, 132, -78]
  Direction: 
-1 0 0
0 -1 0
0 0 1

  IndexToPointMatrix: 
-1 0 0
0 -1 0
0 0 1

  PointToIndexMatrix: 
-1 0 0
0 -1 0
0 0 1

  Inverse Direction: 
-1 0 0
0 -1 0
0 0 1

  PixelContainer: 
    ImportImageContainer (0x4262a20)
      RTTI typeinfo:   itk::ImportImageContainer<unsigned long, double>
      Reference Count: 1
      Modified Time: 1200
      Debug: Off
      Object Name: 
      Observers: 
        none
      Pointer: 0x14dc28691010
      Container manages memory: true
      Size: 8530021
      Capacity: 8530021

     Moving image = Image (0x425dd70)
  RTTI typeinfo:   itk::Image<double, 3u>
  Reference Count: 2
  Modified Time: 1593
  Debug: Off
  Object Name: 
  Observers: 
    none
  Source: (none)
  Source output name: (none)
  Release Data: Off
  Data Released: False
  Global Release Data: Off
  PipelineMTime: 0
  UpdateMTime: 1590
  RealTimeStamp: 0 seconds 
  LargestPossibleRegion: 
    Dimension: 3
    Index: [0, 0, 0]
    Size: [160, 240, 256]
  BufferedRegion: 
    Dimension: 3
    Index: [0, 0, 0]
    Size: [160, 240, 256]
  RequestedRegion: 
    Dimension: 3
    Index: [0, 0, 0]
    Size: [160, 240, 256]
  Spacing: [1, 1, 1]
  Origin: [91.5134, 94.282, -109.927]
  Direction: 
-0.99591 -0.0698718 -0.0572835
0.0697565 -0.997556 0.00401236
-0.0574239 5.01125e-08 0.99835

  IndexToPointMatrix: 
-0.99591 -0.0698718 -0.0572835
0.0697565 -0.997556 0.00401236
-0.0574239 5.01125e-08 0.99835

  PointToIndexMatrix: 
-0.99591 0.0697565 -0.0574239
-0.0698718 -0.997556 5.01483e-08
-0.0572835 0.00401236 0.99835

  Inverse Direction: 
-0.99591 0.0697565 -0.0574239
-0.0698718 -0.997556 5.01483e-08
-0.0572835 0.00401236 0.99835

  PixelContainer: 
    ImportImageContainer (0x4215c90)
      RTTI typeinfo:   itk::ImportImageContainer<unsigned long, double>
      Reference Count: 1
      Modified Time: 1587
      Debug: Off
      Object Name: 
      Observers: 
        none
      Pointer: 0x14dc23b90010
      Container manages memory: true
      Size: 9830400
      Capacity: 9830400

     Weighting = 1
     Sampling strategy = regular
     Number of bins = 32
     Radius = 4
     Sampling percentage  = 0.25
   Transform = Affine
     Gradient step = 0.1
     Update field sigma (voxel space) = 0
     Total field sigma (voxel space) = 0
     Update field time sigma = 0
     Total field time sigma  = 0
     Number of time indices = 0
     Number of time point samples = 0
Registration using 1 total stages.

Stage 0
  iterations = 1000x500x250x100
  convergence threshold = 1e-06
  convergence window size = 10
  number of levels = 4
  using the Mattes MI metric (number of bins = 32, weight = 1, use gradient filter = 0)
  preprocessing:  winsorizing the image intensities
  Shrink factors (level 1 out of 4): [8, 8, 8]
  Shrink factors (level 2 out of 4): [4, 4, 4]
  Shrink factors (level 3 out of 4): [2, 2, 2]
  Shrink factors (level 4 out of 4): [1, 1, 1]
  smoothing sigmas per level: [3, 2, 1, 0]
  regular sampling (percentage = 0.25)

*** Running AffineTransform registration ***

DIAGNOSTIC,Iteration,metricValue,convergenceValue,ITERATION_TIME_INDEX,SINCE_LAST
 2DIAGNOSTIC,     1, -6.376202775457e-01, 1.797693134862e+308, 7.6206e-01, 7.6206e-01, 
 2DIAGNOSTIC,     2, -6.402439340325e-01, 1.797693134862e+308, 7.6695e-01, 4.8890e-03, 
 2DIAGNOSTIC,     3, -6.449319915396e-01, 1.797693134862e+308, 7.7206e-01, 5.1029e-03, 
 2DIAGNOSTIC,     4, -6.518408644698e-01, 1.797693134862e+308, 7.7689e-01, 4.8330e-03, 
 2DIAGNOSTIC,     5, -6.626407993519e-01, 1.797693134862e+308, 7.8206e-01, 5.1689e-03, 
 2DIAGNOSTIC,     6, -6.829584761493e-01, 1.797693134862e+308, 7.8674e-01, 4.6799e-03, 
 2DIAGNOSTIC,     7, -7.241188744908e-01, 1.797693134862e+308, 7.9143e-01, 4.6930e-03, 
 2DIAGNOSTIC,     8, -7.616479292790e-01, 1.797693134862e+308, 7.9926e-01, 7.8242e-03, 
 2DIAGNOSTIC,     9, -7.798228279095e-01, 1.797693134862e+308, 8.0443e-01, 5.1751e-03, 
 2DIAGNOSTIC,    10, -8.283989293146e-01, 1.749776796183e-02, 8.1041e-01, 5.9829e-03, 
 2DIAGNOSTIC,    11, -8.888637138594e-01, 1.984563820641e-02, 8.1755e-01, 7.1402e-03, 
 2DIAGNOSTIC,    12, -8.900082723133e-01, 2.004047131784e-02, 8.2273e-01, 5.1801e-03, 
 2DIAGNOSTIC,    13, -9.001919666892e-01, 1.886258529939e-02, 8.2794e-01, 5.2080e-03, 
 2DIAGNOSTIC,    14, -9.033404793960e-01, 1.648015636185e-02, 8.3374e-01, 5.7969e-03, 
 2DIAGNOSTIC,    15, -9.070794029184e-01, 1.332854318333e-02, 8.4279e-01, 9.0499e-03, 
 2DIAGNOSTIC,    16, -9.072284541791e-01, 9.862680523340e-03, 8.4853e-01, 5.7440e-03, 
 2DIAGNOSTIC,    17, -9.071886472055e-01, 6.842245660945e-03, 8.5372e-01, 5.1870e-03, 
 2DIAGNOSTIC,    18, -9.071823571472e-01, 4.348849751398e-03, 8.5880e-01, 5.0840e-03, 
 2DIAGNOSTIC,    19, -9.073680678560e-01, 2.085463303308e-03, 8.6468e-01, 5.8739e-03, 
 2DIAGNOSTIC,    20, -9.074538176862e-01, 7.191197260819e-04, 8.6993e-01, 5.2562e-03, 
 2DIAGNOSTIC,    21, -9.072731918038e-01, 4.457471344973e-04, 8.7501e-01, 5.0759e-03, 
 2DIAGNOSTIC,    22, -9.074343852861e-01, 1.767879153795e-04, 8.8012e-01, 5.1129e-03, 
 2DIAGNOSTIC,    23, -9.076539289232e-01, 7.438990937539e-05, 8.8587e-01, 5.7492e-03, 
 2DIAGNOSTIC,    24, -9.075425366009e-01, 1.684019422193e-05, 8.9268e-01, 6.8071e-03, 
 2DIAGNOSTIC,    25, -9.074359564740e-01, 1.312773327974e-05, 8.9829e-01, 5.6100e-03, 
 2DIAGNOSTIC,    26, -9.071617785080e-01, 7.127531359355e-06, 9.0344e-01, 5.1491e-03, 
 2DIAGNOSTIC,    27, -9.072056597771e-01, 1.194603093384e-06, 9.0916e-01, 5.7180e-03, 
DIAGNOSTIC,Iteration,metricValue,convergenceValue,ITERATION_TIME_INDEX,SINCE_LAST
 2DIAGNOSTIC,     1, -7.459191080731e-01, 1.797693134862e+308, 1.6567e+00, 7.4754e-01, 
 2DIAGNOSTIC,     2, -7.464881917930e-01, 1.797693134862e+308, 1.6946e+00, 3.7921e-02, 
 2DIAGNOSTIC,     3, -7.471179095036e-01, 1.797693134862e+308, 1.7309e+00, 3.6322e-02, 
 2DIAGNOSTIC,     4, -7.476675253348e-01, 1.797693134862e+308, 1.7686e+00, 3.7647e-02, 
 2DIAGNOSTIC,     5, -7.480526446546e-01, 1.797693134862e+308, 1.8153e+00, 4.6706e-02, 
 2DIAGNOSTIC,     6, -7.485102501671e-01, 1.797693134862e+308, 1.8803e+00, 6.4996e-02, 
 2DIAGNOSTIC,     7, -7.485054464615e-01, 1.797693134862e+308, 1.9179e+00, 3.7583e-02, 
 2DIAGNOSTIC,     8, -7.485081842690e-01, 1.797693134862e+308, 1.9573e+00, 3.9447e-02, 
 2DIAGNOSTIC,     9, -7.484980065190e-01, 1.797693134862e+308, 1.9948e+00, 3.7456e-02, 
 2DIAGNOSTIC,    10, -7.485047518046e-01, 2.230298835265e-04, 2.0328e+00, 3.8016e-02, 
 2DIAGNOSTIC,    11, -7.485111382194e-01, 1.421064078290e-04, 2.0753e+00, 4.2496e-02, 
 2DIAGNOSTIC,    12, -7.484897730923e-01, 7.932114207797e-05, 2.1097e+00, 3.4382e-02, 
 2DIAGNOSTIC,    13, -7.484870556422e-01, 3.752415599582e-05, 2.1471e+00, 3.7387e-02, 
 2DIAGNOSTIC,    14, -7.485336308135e-01, 1.454693247849e-05, 2.1840e+00, 3.6910e-02, 
 2DIAGNOSTIC,    15, -7.485605098002e-01, 3.572199651969e-06, 2.2210e+00, 3.7080e-02, 
 2DIAGNOSTIC,    16, -7.485590280458e-01, 4.661132753686e-06, 2.2564e+00, 3.5386e-02, 
 2DIAGNOSTIC,    17, -7.486245273983e-01, 6.763104844508e-06, 2.2932e+00, 3.6802e-02, 
 2DIAGNOSTIC,    18, -7.486749872392e-01, 9.280633102064e-06, 2.3374e+00, 4.4122e-02, 
 2DIAGNOSTIC,    19, -7.486866018759e-01, 1.082519187237e-05, 2.3788e+00, 4.1424e-02, 
 2DIAGNOSTIC,    20, -7.486680865182e-01, 1.114591516172e-05, 2.4424e+00, 6.3575e-02, 
 2DIAGNOSTIC,    21, -7.486593382273e-01, 1.054870656971e-05, 2.4805e+00, 3.8193e-02, 
 2DIAGNOSTIC,    22, -7.486324813388e-01, 8.329974680601e-06, 2.5148e+00, 3.4282e-02, 
 2DIAGNOSTIC,    23, -7.486357215238e-01, 5.638919400516e-06, 2.5522e+00, 3.7412e-02, 
 2DIAGNOSTIC,    24, -7.486446779112e-01, 3.642801638469e-06, 2.5896e+00, 3.7318e-02, 
 2DIAGNOSTIC,    25, -7.486358905073e-01, 1.883565362841e-06, 2.6288e+00, 3.9268e-02, 
DIAGNOSTIC,Iteration,metricValue,convergenceValue,ITERATION_TIME_INDEX,SINCE_LAST
 2DIAGNOSTIC,     1, -6.324982454943e-01, 1.797693134862e+308, 3.7344e+00, 1.1056e+00, 
 2DIAGNOSTIC,     2, -6.331065740320e-01, 1.797693134862e+308, 4.0165e+00, 2.8207e-01, 
 2DIAGNOSTIC,     3, -6.337741566345e-01, 1.797693134862e+308, 4.3136e+00, 2.9703e-01, 
 2DIAGNOSTIC,     4, -6.346810038031e-01, 1.797693134862e+308, 4.6150e+00, 3.0146e-01, 
 2DIAGNOSTIC,     5, -6.371904950867e-01, 1.797693134862e+308, 5.0027e+00, 3.8765e-01, 
 2DIAGNOSTIC,     6, -6.378665181012e-01, 1.797693134862e+308, 5.3822e+00, 3.7950e-01, 
 2DIAGNOSTIC,     7, -6.378621346003e-01, 1.797693134862e+308, 5.9040e+00, 5.2186e-01, 
 2DIAGNOSTIC,     8, -6.378655753787e-01, 1.797693134862e+308, 6.2706e+00, 3.6661e-01, 
 2DIAGNOSTIC,     9, -6.378640703765e-01, 1.797693134862e+308, 6.6187e+00, 3.4807e-01, 
 2DIAGNOSTIC,    10, -6.378653957775e-01, 6.284204859930e-04, 6.9593e+00, 3.4061e-01, 
 2DIAGNOSTIC,    11, -6.378642045145e-01, 4.447884926796e-04, 7.3003e+00, 3.4095e-01, 
 2DIAGNOSTIC,    12, -6.378608752237e-01, 2.758648236387e-04, 7.6164e+00, 3.1618e-01, 
 2DIAGNOSTIC,    13, -6.378613506302e-01, 1.317966275893e-04, 7.9255e+00, 3.0902e-01, 
 2DIAGNOSTIC,    14, -6.378638876235e-01, 2.356611560027e-05, 8.2178e+00, 2.9233e-01, 
 2DIAGNOSTIC,    15, -6.378609661153e-01, 1.866476815965e-06, 8.5298e+00, 3.1201e-01, 
 2DIAGNOSTIC,    16, -6.378622744473e-01, 1.811625608431e-06, 8.8962e+00, 3.6640e-01, 
 2DIAGNOSTIC,    17, -6.378624109707e-01, 1.666535204212e-06, 9.2397e+00, 3.4354e-01, 
 2DIAGNOSTIC,    18, -6.378616959579e-01, 1.624334882940e-06, 9.5269e+00, 2.8712e-01, 
 2DIAGNOSTIC,    19, -6.378586215878e-01, 1.490259314563e-06, 9.8905e+00, 3.6367e-01, 
 2DIAGNOSTIC,    20, -6.378578493769e-01, 1.401911092457e-06, 1.0165e+01, 2.7471e-01, 
 2DIAGNOSTIC,    21, -6.378557772344e-01, 1.272650204026e-06, 1.0483e+01, 3.1771e-01, 
 2DIAGNOSTIC,    22, -6.378556633987e-01, 1.107408271979e-06, 1.0852e+01, 3.6925e-01, 
 2DIAGNOSTIC,    23, -6.378568172777e-01, 1.018098952171e-06, 1.1219e+01, 3.6683e-01, 
 2DIAGNOSTIC,    24, -6.378561379671e-01, 1.006830305357e-06, 1.1529e+01, 3.1000e-01, 
DIAGNOSTIC,Iteration,metricValue,convergenceValue,ITERATION_TIME_INDEX,SINCE_LAST
 2DIAGNOSTIC,     1, -5.637403044230e-01, 1.797693134862e+308, 1.4455e+01, 2.9263e+00, 
 2DIAGNOSTIC,     2, -5.638362774110e-01, 1.797693134862e+308, 1.6483e+01, 2.0277e+00, 
 2DIAGNOSTIC,     3, -5.638493458363e-01, 1.797693134862e+308, 1.8456e+01, 1.9727e+00, 
 2DIAGNOSTIC,     4, -5.638447175545e-01, 1.797693134862e+308, 2.0868e+01, 2.4122e+00, 
 2DIAGNOSTIC,     5, -5.638451201714e-01, 1.797693134862e+308, 2.3176e+01, 2.3082e+00, 
 2DIAGNOSTIC,     6, -5.638453526856e-01, 1.797693134862e+308, 2.6446e+01, 3.2695e+00, 
 2DIAGNOSTIC,     7, -5.638453113185e-01, 1.797693134862e+308, 2.8508e+01, 2.0618e+00, 
 2DIAGNOSTIC,     8, -5.638452421938e-01, 1.797693134862e+308, 3.0523e+01, 2.0156e+00, 
 2DIAGNOSTIC,     9, -5.638448710644e-01, 1.797693134862e+308, 3.2143e+01, 1.6201e+00, 
 2DIAGNOSTIC,    10, -5.638449864370e-01, 8.706750688176e-06, 3.4037e+01, 1.8938e+00, 
 2DIAGNOSTIC,    11, -5.638450609207e-01, 3.127099615738e-06, 3.5941e+01, 1.9037e+00, 
 2DIAGNOSTIC,    12, -5.638449692505e-01, 2.465761614889e-06, 3.7642e+01, 1.7009e+00, 
 2DIAGNOSTIC,    13, -5.638446224463e-01, 2.421952151929e-06, 3.9467e+01, 1.8251e+00, 
 2DIAGNOSTIC,    14, -5.638443394769e-01, 2.210085720142e-06, 4.1414e+01, 1.9474e+00, 
 2DIAGNOSTIC,    15, -5.638443493069e-01, 2.045770842118e-06, 4.3388e+01, 1.9737e+00, 
 2DIAGNOSTIC,    16, -5.638443037732e-01, 1.914239974282e-06, 4.5240e+01, 1.8526e+00, 
 2DIAGNOSTIC,    17, -5.638442775773e-01, 1.802947326698e-06, 4.6917e+01, 1.6772e+00, 
 2DIAGNOSTIC,    18, -5.638440414123e-01, 1.702360699074e-06, 4.9008e+01, 2.0907e+00, 
 2DIAGNOSTIC,    19, -5.638441368702e-01, 1.611268045966e-06, 5.0835e+01, 1.8273e+00, 
 2DIAGNOSTIC,    20, -5.638439856208e-01, 1.533882105810e-06, 5.2742e+01, 1.9067e+00, 
 2DIAGNOSTIC,    21, -5.638440355880e-01, 1.472039598840e-06, 5.4689e+01, 1.9471e+00, 
 2DIAGNOSTIC,    22, -5.638440446524e-01, 1.418065250905e-06, 5.6911e+01, 2.2217e+00, 
 2DIAGNOSTIC,    23, -5.638439726033e-01, 1.362410014527e-06, 5.8967e+01, 2.0560e+00, 
 2DIAGNOSTIC,    24, -5.638438741732e-01, 1.305350328468e-06, 6.0838e+01, 1.8706e+00, 
 2DIAGNOSTIC,    25, -5.638437848998e-01, 1.253163514382e-06, 6.2628e+01, 1.7902e+00, 
 2DIAGNOSTIC,    26, -5.638437351245e-01, 1.204940440112e-06, 6.4506e+01, 1.8787e+00, 
 2DIAGNOSTIC,    27, -5.638436057178e-01, 1.159206757639e-06, 6.6746e+01, 2.2396e+00, 
 2DIAGNOSTIC,    28, -5.638436924791e-01, 1.115827193504e-06, 6.8957e+01, 2.2109e+00, 
 2DIAGNOSTIC,    29, -5.638437175032e-01, 1.079489248594e-06, 7.1114e+01, 2.1567e+00, 
 2DIAGNOSTIC,    30, -5.638437424955e-01, 1.045061463707e-06, 7.3073e+01, 1.9592e+00, 
 2DIAGNOSTIC,    31, -5.638437394837e-01, 1.015063096604e-06, 7.5257e+01, 2.1841e+00, 
  Elapsed time (stage 0): 7.6551e+01


Total elapsed time: 7.6553e+01
Info [verificarlo]: loaded backend libinterflop_vprec.so
Info [interflop-vprec]: load backend with: 
Info [interflop-vprec]: precision-binary32 = 17
Info [interflop-vprec]: range-binary32 = 7
Info [interflop-vprec]: precision-binary64 = 17
Info [interflop-vprec]: range-binary64 = 7
Info [interflop-vprec]: mode = ob
Info [interflop-vprec]: error-mode = rel
Info [interflop-vprec]: max-abs-error-exponent = -1022
Info [interflop-vprec]: daz = false
Info [interflop-vprec]: ftz = false
Info [interflop-vprec]: 	instrument = none
Info [interflop-vprec]: 	prec-input-file = (null)
Info [interflop-vprec]: 	prec-output-file = (null)
Info [interflop-vprec]: 	prec-log-file = (null)
All_Command_lines_OK
Using double precision for computations.
=============================================================================
The composite transform comprises the following transforms (in order): 
  1. /home/mdugre/scratch/mri-registration-rp/datasets/ds004513/derivatives/mri-registration-rp/0001/antsRegistration-r7-p17/sub-s033/affine_Composite.h5[0] (type = Euler3DTransform)
  2. /home/mdugre/scratch/mri-registration-rp/datasets/ds004513/derivatives/mri-registration-rp/0001/antsRegistration-r7-p17/sub-s033/affine_Composite.h5[1] (type = Euler3DTransform)
