
##########################
# Experiment information #
##########################

EXPERIMENT_NAME: antsRegistration-r7-p14
VFC_BACKENDS: libinterflop_vprec.so --range-binary32=7 --precision-binary32=14 --range-binary64=7 --precision-binary64=14

SIF_IMG: /home/mdugre/projects/rrg-glatard/mdugre/containers/ants-vprec-no_metrics.simg

SUBJECT_ID: s025
INPUT_IMG: /home/mdugre/scratch/mri-registration-rp/datasets/ds004513/derivatives/mri-registration-rp/antsBrainExtraction/sub-s025/BrainExtractionBrain.nii.gz
OUTPUT_DIR: /home/mdugre/scratch/mri-registration-rp/datasets/ds004513/derivatives/mri-registration-rp/0001/antsRegistration-r7-p14/sub-s025

FIXED_IMG: /templateflow/tpl-MNI152NLin2009cAsym/tpl-MNI152NLin2009cAsym_res-01_desc-brain_T1w.nii.gz
DATA_DIR: /home/mdugre/scratch/mri-registration-rp/datasets/ds004513
TEMPLATEFLOW_DIR: /home/mdugre/projects/rrg-glatard/mdugre/templateflow
ITK_GLOBAL_DEFAULT_NUMBER_OF_THREADS: 16
##########################

Info [verificarlo]: loaded backend libinterflop_ieee.so
Info [interflop-ieee]: load backend with:
Info [interflop-ieee]: debug = false
Info [interflop-ieee]: debug-binary = false
Info [interflop-ieee]: no-backend-name = false
Info [interflop-ieee]: print-new-line = false
Info [interflop-ieee]: print-subnormal-normalized = false
Info [interflop-ieee]: count-op = false
All_Command_lines_OK
Using double precision for computations.
=============================================================================
The composite transform comprises the following transforms (in order): 
  1. Center of mass alignment using fixed image: /templateflow/tpl-MNI152NLin2009cAsym/tpl-MNI152NLin2009cAsym_res-01_desc-brain_T1w.nii.gz and moving image: /home/mdugre/scratch/mri-registration-rp/datasets/ds004513/derivatives/mri-registration-rp/antsBrainExtraction/sub-s025/BrainExtractionBrain.nii.gz (type = Euler3DTransform)
=============================================================================
  number of levels = 1
  fixed image: /templateflow/tpl-MNI152NLin2009cAsym/tpl-MNI152NLin2009cAsym_res-01_desc-brain_T1w.nii.gz
  moving image: /home/mdugre/scratch/mri-registration-rp/datasets/ds004513/derivatives/mri-registration-rp/antsBrainExtraction/sub-s025/BrainExtractionBrain.nii.gz
Dimension = 3
Number of stages = 1
Use histogram matching = false
Winsorize image intensities = true
  Lower quantile = 0.005
  Upper quantile = 0.995


Stage 1 State
   Image metric = MattesMI
     Fixed image = Image (0x361fe70)
  RTTI typeinfo:   itk::Image<double, 3u>
  Reference Count: 2
  Modified Time: 2334
  Debug: Off
  Object Name: 
  Observers: 
    none
  Source: (none)
  Source output name: (none)
  Release Data: Off
  Data Released: False
  Global Release Data: Off
  PipelineMTime: 0
  UpdateMTime: 1943
  RealTimeStamp: 0 seconds 
  LargestPossibleRegion: 
    Dimension: 3
    Index: [0, 0, 0]
    Size: [193, 229, 193]
  BufferedRegion: 
    Dimension: 3
    Index: [0, 0, 0]
    Size: [193, 229, 193]
  RequestedRegion: 
    Dimension: 3
    Index: [0, 0, 0]
    Size: [193, 229, 193]
  Spacing: [1, 1, 1]
  Origin: [96, 132, -78]
  Direction: 
-1 0 0
0 -1 0
0 0 1

  IndexToPointMatrix: 
-1 0 0
0 -1 0
0 0 1

  PointToIndexMatrix: 
-1 0 0
0 -1 0
0 0 1

  Inverse Direction: 
-1 0 0
0 -1 0
0 0 1

  PixelContainer: 
    ImportImageContainer (0x3628c60)
      RTTI typeinfo:   itk::ImportImageContainer<unsigned long, double>
      Reference Count: 1
      Modified Time: 1940
      Debug: Off
      Object Name: 
      Observers: 
        none
      Pointer: 0x154d92a4f010
      Container manages memory: true
      Size: 8530021
      Capacity: 8530021

     Moving image = Image (0x362b610)
  RTTI typeinfo:   itk::Image<double, 3u>
  Reference Count: 2
  Modified Time: 2335
  Debug: Off
  Object Name: 
  Observers: 
    none
  Source: (none)
  Source output name: (none)
  Release Data: Off
  Data Released: False
  Global Release Data: Off
  PipelineMTime: 0
  UpdateMTime: 2332
  RealTimeStamp: 0 seconds 
  LargestPossibleRegion: 
    Dimension: 3
    Index: [0, 0, 0]
    Size: [176, 240, 256]
  BufferedRegion: 
    Dimension: 3
    Index: [0, 0, 0]
    Size: [176, 240, 256]
  RequestedRegion: 
    Dimension: 3
    Index: [0, 0, 0]
    Size: [176, 240, 256]
  Spacing: [0.999999, 1, 1]
  Origin: [90.3778, 84.5091, -154.071]
  Direction: 
-0.999391 7.48184e-06 -0.0348969
-7.47664e-06 -1 -2.7953e-07
-0.0348969 -1.84481e-08 0.999391

  IndexToPointMatrix: 
-0.99939 7.48184e-06 -0.0348969
-7.47663e-06 -1 -2.7953e-07
-0.0348968 -1.84481e-08 0.999391

  PointToIndexMatrix: 
-0.999392 -7.47665e-06 -0.0348969
7.48184e-06 -1 -1.84481e-08
-0.0348969 -2.7953e-07 0.999391

  Inverse Direction: 
-0.999391 -7.47664e-06 -0.0348969
7.48184e-06 -1 -1.84481e-08
-0.0348969 -2.7953e-07 0.999391

  PixelContainer: 
    ImportImageContainer (0x36c4ef0)
      RTTI typeinfo:   itk::ImportImageContainer<unsigned long, double>
      Reference Count: 1
      Modified Time: 2329
      Debug: Off
      Object Name: 
      Observers: 
        none
      Pointer: 0x154d8d7ce010
      Container manages memory: true
      Size: 10813440
      Capacity: 10813440

     Weighting = 1
     Sampling strategy = regular
     Number of bins = 32
     Radius = 4
     Sampling percentage  = 0.25
   Transform = Rigid
     Gradient step = 0.1
     Update field sigma (voxel space) = 0
     Total field sigma (voxel space) = 0
     Update field time sigma = 0
     Total field time sigma  = 0
     Number of time indices = 0
     Number of time point samples = 0
Registration using 1 total stages.

Stage 0
  iterations = 0
  convergence threshold = 1e-06
  convergence window size = 10
  number of levels = 1
  using the Mattes MI metric (number of bins = 32, weight = 1, use gradient filter = 0)
  preprocessing:  winsorizing the image intensities
  Shrink factors (level 1 out of 1): [1, 1, 1]
  smoothing sigmas per level: [0]
  regular sampling (percentage = 0.25)

*** Running Euler3DTransform registration ***

  Elapsed time (stage 0): 1.08254


Total elapsed time: 1.08906
Info [verificarlo]: loaded backend libinterflop_ieee.so
Info [interflop-ieee]: load backend with:
Info [interflop-ieee]: debug = false
Info [interflop-ieee]: debug-binary = false
Info [interflop-ieee]: no-backend-name = false
Info [interflop-ieee]: print-new-line = false
Info [interflop-ieee]: print-subnormal-normalized = false
Info [interflop-ieee]: count-op = false
All_Command_lines_OK
Using double precision for computations.
=============================================================================
The composite transform comprises the following transforms (in order): 
  1. /home/mdugre/scratch/mri-registration-rp/datasets/ds004513/derivatives/mri-registration-rp/0001/antsRegistration-r7-p14/sub-s025/align_Composite.h5[0] (type = Euler3DTransform)
  2. /home/mdugre/scratch/mri-registration-rp/datasets/ds004513/derivatives/mri-registration-rp/0001/antsRegistration-r7-p14/sub-s025/align_Composite.h5[1] (type = Euler3DTransform)
=============================================================================
  number of levels = 4
  fixed image: /templateflow/tpl-MNI152NLin2009cAsym/tpl-MNI152NLin2009cAsym_res-01_desc-brain_T1w.nii.gz
  moving image: /home/mdugre/scratch/mri-registration-rp/datasets/ds004513/derivatives/mri-registration-rp/antsBrainExtraction/sub-s025/BrainExtractionBrain.nii.gz
Dimension = 3
Number of stages = 1
Use histogram matching = false
Winsorize image intensities = true
  Lower quantile = 0.005
  Upper quantile = 0.995


Stage 1 State
   Image metric = MattesMI
     Fixed image = Image (0x4f7d530)
  RTTI typeinfo:   itk::Image<double, 3u>
  Reference Count: 2
  Modified Time: 1580
  Debug: Off
  Object Name: 
  Observers: 
    none
  Source: (none)
  Source output name: (none)
  Release Data: Off
  Data Released: False
  Global Release Data: Off
  PipelineMTime: 0
  UpdateMTime: 1189
  RealTimeStamp: 0 seconds 
  LargestPossibleRegion: 
    Dimension: 3
    Index: [0, 0, 0]
    Size: [193, 229, 193]
  BufferedRegion: 
    Dimension: 3
    Index: [0, 0, 0]
    Size: [193, 229, 193]
  RequestedRegion: 
    Dimension: 3
    Index: [0, 0, 0]
    Size: [193, 229, 193]
  Spacing: [1, 1, 1]
  Origin: [96, 132, -78]
  Direction: 
-1 0 0
0 -1 0
0 0 1

  IndexToPointMatrix: 
-1 0 0
0 -1 0
0 0 1

  PointToIndexMatrix: 
-1 0 0
0 -1 0
0 0 1

  Inverse Direction: 
-1 0 0
0 -1 0
0 0 1

  PixelContainer: 
    ImportImageContainer (0x503bd60)
      RTTI typeinfo:   itk::ImportImageContainer<unsigned long, double>
      Reference Count: 1
      Modified Time: 1186
      Debug: Off
      Object Name: 
      Observers: 
        none
      Pointer: 0x145cbcceb010
      Container manages memory: true
      Size: 8530021
      Capacity: 8530021

     Moving image = Image (0x502df60)
  RTTI typeinfo:   itk::Image<double, 3u>
  Reference Count: 2
  Modified Time: 1581
  Debug: Off
  Object Name: 
  Observers: 
    none
  Source: (none)
  Source output name: (none)
  Release Data: Off
  Data Released: False
  Global Release Data: Off
  PipelineMTime: 0
  UpdateMTime: 1578
  RealTimeStamp: 0 seconds 
  LargestPossibleRegion: 
    Dimension: 3
    Index: [0, 0, 0]
    Size: [176, 240, 256]
  BufferedRegion: 
    Dimension: 3
    Index: [0, 0, 0]
    Size: [176, 240, 256]
  RequestedRegion: 
    Dimension: 3
    Index: [0, 0, 0]
    Size: [176, 240, 256]
  Spacing: [0.999999, 1, 1]
  Origin: [90.3778, 84.5091, -154.071]
  Direction: 
-0.999391 7.48184e-06 -0.0348969
-7.47664e-06 -1 -2.7953e-07
-0.0348969 -1.84481e-08 0.999391

  IndexToPointMatrix: 
-0.99939 7.48184e-06 -0.0348969
-7.47663e-06 -1 -2.7953e-07
-0.0348968 -1.84481e-08 0.999391

  PointToIndexMatrix: 
-0.999392 -7.47665e-06 -0.0348969
7.48184e-06 -1 -1.84481e-08
-0.0348969 -2.7953e-07 0.999391

  Inverse Direction: 
-0.999391 -7.47664e-06 -0.0348969
7.48184e-06 -1 -1.84481e-08
-0.0348969 -2.7953e-07 0.999391

  PixelContainer: 
    ImportImageContainer (0x501f6d0)
      RTTI typeinfo:   itk::ImportImageContainer<unsigned long, double>
      Reference Count: 1
      Modified Time: 1575
      Debug: Off
      Object Name: 
      Observers: 
        none
      Pointer: 0x145cb7a6a010
      Container manages memory: true
      Size: 10813440
      Capacity: 10813440

     Weighting = 1
     Sampling strategy = regular
     Number of bins = 32
     Radius = 4
     Sampling percentage  = 0.25
   Transform = Rigid
     Gradient step = 0.1
     Update field sigma (voxel space) = 0
     Total field sigma (voxel space) = 0
     Update field time sigma = 0
     Total field time sigma  = 0
     Number of time indices = 0
     Number of time point samples = 0
Registration using 1 total stages.

Stage 0
  iterations = 1000x500x250x100
  convergence threshold = 1e-06
  convergence window size = 10
  number of levels = 4
  using the Mattes MI metric (number of bins = 32, weight = 1, use gradient filter = 0)
  preprocessing:  winsorizing the image intensities
  Shrink factors (level 1 out of 4): [8, 8, 8]
  Shrink factors (level 2 out of 4): [4, 4, 4]
  Shrink factors (level 3 out of 4): [2, 2, 2]
  Shrink factors (level 4 out of 4): [1, 1, 1]
  smoothing sigmas per level: [3, 2, 1, 0]
  regular sampling (percentage = 0.25)

*** Running Euler3DTransform registration ***

DIAGNOSTIC,Iteration,metricValue,convergenceValue,ITERATION_TIME_INDEX,SINCE_LAST
 2DIAGNOSTIC,     1, -5.323241903179e-01, 1.797693134862e+308, 7.7813e-01, 7.7813e-01, 
 2DIAGNOSTIC,     2, -5.346190553927e-01, 1.797693134862e+308, 7.8251e-01, 4.3778e-03, 
 2DIAGNOSTIC,     3, -5.378036555361e-01, 1.797693134862e+308, 7.8688e-01, 4.3650e-03, 
 2DIAGNOSTIC,     4, -5.422949451405e-01, 1.797693134862e+308, 7.9206e-01, 5.1792e-03, 
 2DIAGNOSTIC,     5, -5.486805952477e-01, 1.797693134862e+308, 7.9661e-01, 4.5490e-03, 
 2DIAGNOSTIC,     6, -5.542790085272e-01, 1.797693134862e+308, 8.0157e-01, 4.9629e-03, 
 2DIAGNOSTIC,     7, -5.627123115611e-01, 1.797693134862e+308, 8.0606e-01, 4.4920e-03, 
 2DIAGNOSTIC,     8, -5.766609943856e-01, 1.797693134862e+308, 8.1041e-01, 4.3528e-03, 
 2DIAGNOSTIC,     9, -5.881111419397e-01, 1.797693134862e+308, 8.1473e-01, 4.3151e-03, 
 2DIAGNOSTIC,    10, -6.012927005665e-01, 7.820055967720e-03, 8.2080e-01, 6.0680e-03, 
 2DIAGNOSTIC,    11, -6.192402913589e-01, 8.564422673931e-03, 8.2860e-01, 7.8058e-03, 
 2DIAGNOSTIC,    12, -6.197111897441e-01, 8.513711436494e-03, 8.3283e-01, 4.2260e-03, 
 2DIAGNOSTIC,    13, -6.223136777510e-01, 7.932305190642e-03, 8.3719e-01, 4.3621e-03, 
 2DIAGNOSTIC,    14, -6.239859078533e-01, 6.938967258809e-03, 8.4138e-01, 4.1931e-03, 
 2DIAGNOSTIC,    15, -6.258731029037e-01, 5.722268374544e-03, 8.4575e-01, 4.3690e-03, 
 2DIAGNOSTIC,    16, -6.290042957047e-01, 4.404898010739e-03, 8.5047e-01, 4.7162e-03, 
 2DIAGNOSTIC,    17, -6.327399548190e-01, 3.192249458083e-03, 8.5609e-01, 5.6241e-03, 
 2DIAGNOSTIC,    18, -6.361770329222e-01, 2.298162514722e-03, 8.6172e-01, 5.6291e-03, 
 2DIAGNOSTIC,    19, -6.381920795084e-01, 1.629119691747e-03, 8.6679e-01, 5.0702e-03, 
 2DIAGNOSTIC,    20, -6.414786468651e-01, 1.264281191402e-03, 8.7126e-01, 4.4670e-03, 
 2DIAGNOSTIC,    21, -6.422621311585e-01, 1.244231354743e-03, 8.7572e-01, 4.4639e-03, 
 2DIAGNOSTIC,    22, -6.443386369756e-01, 1.164065699617e-03, 8.8023e-01, 4.5040e-03, 
 2DIAGNOSTIC,    23, -6.458367311070e-01, 1.066297095955e-03, 8.8505e-01, 4.8189e-03, 
 2DIAGNOSTIC,    24, -6.528535016357e-01, 1.047817944127e-03, 8.9036e-01, 5.3120e-03, 
 2DIAGNOSTIC,    25, -6.591704566154e-01, 1.083081267000e-03, 8.9658e-01, 6.2232e-03, 
 2DIAGNOSTIC,    26, -6.605963663748e-01, 1.093549184101e-03, 9.0160e-01, 5.0149e-03, 
 2DIAGNOSTIC,    27, -6.608439805501e-01, 1.070984919053e-03, 9.0605e-01, 4.4498e-03, 
 2DIAGNOSTIC,    28, -6.615671817641e-01, 1.019502609674e-03, 9.1051e-01, 4.4611e-03, 
 2DIAGNOSTIC,    29, -6.628794632462e-01, 9.260607608200e-04, 9.1508e-01, 4.5779e-03, 
 2DIAGNOSTIC,    30, -6.728294764934e-01, 9.537366852422e-04, 9.2125e-01, 6.1619e-03, 
 2DIAGNOSTIC,    31, -6.735478247825e-01, 9.084138750970e-04, 9.2582e-01, 4.5760e-03, 
 2DIAGNOSTIC,    32, -6.743491670530e-01, 8.254111546140e-04, 9.3027e-01, 4.4460e-03, 
 2DIAGNOSTIC,    33, -6.778518292772e-01, 7.396585550475e-04, 9.3485e-01, 4.5850e-03, 
 2DIAGNOSTIC,    34, -6.872952975519e-01, 8.064167605272e-04, 9.4401e-01, 9.1579e-03, 
 2DIAGNOSTIC,    35, -6.877323787213e-01, 8.751623863477e-04, 9.4859e-01, 4.5781e-03, 
 2DIAGNOSTIC,    36, -6.893216193268e-01, 8.964286766627e-04, 9.5297e-01, 4.3771e-03, 
 2DIAGNOSTIC,    37, -6.927383441818e-01, 8.791422992020e-04, 9.5729e-01, 4.3190e-03, 
 2DIAGNOSTIC,    38, -7.010241437639e-01, 8.853464584667e-04, 9.6161e-01, 4.3240e-03, 
 2DIAGNOSTIC,    39, -7.063983703845e-01, 8.771436763022e-04, 9.6599e-01, 4.3819e-03, 
 2DIAGNOSTIC,    40, -7.084290233005e-01, 9.204356750444e-04, 9.7036e-01, 4.3678e-03, 
 2DIAGNOSTIC,    41, -7.161013015223e-01, 9.681575958639e-04, 9.7530e-01, 4.9419e-03, 
 2DIAGNOSTIC,    42, -7.193465560555e-01, 9.621698188317e-04, 9.8131e-01, 6.0081e-03, 
 2DIAGNOSTIC,    43, -7.222380640990e-01, 9.270200225403e-04, 9.8572e-01, 4.4100e-03, 
 2DIAGNOSTIC,    44, -7.286072796706e-01, 9.646322583313e-04, 9.9036e-01, 4.6382e-03, 
 2DIAGNOSTIC,    45, -7.390562414768e-01, 1.014508374815e-03, 9.9481e-01, 4.4491e-03, 
 2DIAGNOSTIC,    46, -7.436873160809e-01, 1.022343635416e-03, 9.9934e-01, 4.5369e-03, 
 2DIAGNOSTIC,    47, -7.509461910351e-01, 1.030454663703e-03, 1.0074e+00, 8.0228e-03, 
 2DIAGNOSTIC,    48, -7.533233344962e-01, 1.036285974185e-03, 1.0124e+00, 5.0390e-03, 
 2DIAGNOSTIC,    49, -7.534933488599e-01, 9.924619827211e-04, 1.0167e+00, 4.3378e-03, 
 2DIAGNOSTIC,    50, -7.537349529649e-01, 8.738052697045e-04, 1.0210e+00, 4.2939e-03, 
 2DIAGNOSTIC,    51, -7.543974311796e-01, 7.472369061188e-04, 1.0253e+00, 4.2241e-03, 
 2DIAGNOSTIC,    52, -7.563282073253e-01, 5.978129858648e-04, 1.0300e+00, 4.7779e-03, 
 2DIAGNOSTIC,    53, -7.580278856303e-01, 4.342409902213e-04, 1.0344e+00, 4.4100e-03, 
 2DIAGNOSTIC,    54, -7.586967359765e-01, 2.908525577021e-04, 1.0393e+00, 4.8480e-03, 
 2DIAGNOSTIC,    55, -7.594644834195e-01, 2.131252273561e-04, 1.0442e+00, 4.9450e-03, 
 2DIAGNOSTIC,    56, -7.608418140045e-01, 1.626463389095e-04, 1.0492e+00, 4.9791e-03, 
 2DIAGNOSTIC,    57, -7.620608026760e-01, 1.611119478902e-04, 1.0552e+00, 5.9979e-03, 
 2DIAGNOSTIC,    58, -7.621374928618e-01, 1.619727013884e-04, 1.0601e+00, 4.9200e-03, 
 2DIAGNOSTIC,    59, -7.619118854178e-01, 1.472607494093e-04, 1.0650e+00, 4.8718e-03, 
 2DIAGNOSTIC,    60, -7.617467369788e-01, 1.198435711823e-04, 1.0694e+00, 4.4110e-03, 
 2DIAGNOSTIC,    61, -7.619342575823e-01, 8.752231214974e-05, 1.0749e+00, 5.4710e-03, 
 2DIAGNOSTIC,    62, -7.619316362311e-01, 6.068792988958e-05, 1.0805e+00, 5.5590e-03, 
 2DIAGNOSTIC,    63, -7.619508833786e-01, 4.055735619874e-05, 1.0857e+00, 5.2261e-03, 
 2DIAGNOSTIC,    64, -7.618585095591e-01, 2.120916294523e-05, 1.0903e+00, 4.6608e-03, 
 2DIAGNOSTIC,    65, -7.618702746569e-01, 5.451582292669e-06, 1.0950e+00, 4.7090e-03, 
DIAGNOSTIC,Iteration,metricValue,convergenceValue,ITERATION_TIME_INDEX,SINCE_LAST
 2DIAGNOSTIC,     1, -6.063161247936e-01, 1.797693134862e+308, 1.8555e+00, 7.6041e-01, 
 2DIAGNOSTIC,     2, -6.072006943673e-01, 1.797693134862e+308, 1.8863e+00, 3.0831e-02, 
 2DIAGNOSTIC,     3, -6.084151515026e-01, 1.797693134862e+308, 1.9190e+00, 3.2697e-02, 
 2DIAGNOSTIC,     4, -6.097238561632e-01, 1.797693134862e+308, 1.9541e+00, 3.5142e-02, 
 2DIAGNOSTIC,     5, -6.107742117530e-01, 1.797693134862e+308, 1.9831e+00, 2.8954e-02, 
 2DIAGNOSTIC,     6, -6.117280119194e-01, 1.797693134862e+308, 2.0127e+00, 2.9644e-02, 
 2DIAGNOSTIC,     7, -6.130587573940e-01, 1.797693134862e+308, 2.0443e+00, 3.1547e-02, 
 2DIAGNOSTIC,     8, -6.196650436842e-01, 1.797693134862e+308, 2.0870e+00, 4.2704e-02, 
 2DIAGNOSTIC,     9, -6.203731457184e-01, 1.797693134862e+308, 2.1190e+00, 3.1997e-02, 
 2DIAGNOSTIC,    10, -6.203609704198e-01, 1.634254396989e-03, 2.1474e+00, 2.8467e-02, 
 2DIAGNOSTIC,    11, -6.204218706698e-01, 1.498251979762e-03, 2.1760e+00, 2.8605e-02, 
 2DIAGNOSTIC,    12, -6.204931380620e-01, 1.286391267766e-03, 2.2081e+00, 3.2062e-02, 
 2DIAGNOSTIC,    13, -6.205818587594e-01, 1.033354203302e-03, 2.2398e+00, 3.1683e-02, 
 2DIAGNOSTIC,    14, -6.207741218761e-01, 7.716232717559e-04, 2.2735e+00, 3.3667e-02, 
 2DIAGNOSTIC,    15, -6.209205995534e-01, 5.145325555235e-04, 2.3074e+00, 3.3978e-02, 
 2DIAGNOSTIC,    16, -6.212943448744e-01, 2.826567079271e-04, 2.3575e+00, 5.0053e-02, 
 2DIAGNOSTIC,    17, -6.216277665701e-01, 9.250355114916e-05, 2.3912e+00, 3.3723e-02, 
 2DIAGNOSTIC,    18, -6.216389972360e-01, 8.416962075244e-05, 2.4269e+00, 3.5733e-02, 
 2DIAGNOSTIC,    19, -6.216659881093e-01, 8.711083915822e-05, 2.4680e+00, 4.1098e-02, 
 2DIAGNOSTIC,    20, -6.216692146306e-01, 8.163222788779e-05, 2.4977e+00, 2.9674e-02, 
 2DIAGNOSTIC,    21, -6.216648741046e-01, 7.034559439926e-05, 2.5288e+00, 3.1068e-02, 
 2DIAGNOSTIC,    22, -6.216733652444e-01, 5.524751975311e-05, 2.5644e+00, 3.5570e-02, 
 2DIAGNOSTIC,    23, -6.216547478528e-01, 3.785376516996e-05, 2.5971e+00, 3.2788e-02, 
 2DIAGNOSTIC,    24, -6.216569399518e-01, 2.234074643378e-05, 2.6285e+00, 3.1373e-02, 
 2DIAGNOSTIC,    25, -6.216470758817e-01, 8.492650532009e-06, 2.6563e+00, 2.7802e-02, 
 2DIAGNOSTIC,    26, -6.216380435459e-01, 1.330270449289e-06, 2.6837e+00, 2.7354e-02, 
DIAGNOSTIC,Iteration,metricValue,convergenceValue,ITERATION_TIME_INDEX,SINCE_LAST
 2DIAGNOSTIC,     1, -5.348356975956e-01, 1.797693134862e+308, 3.7886e+00, 1.1049e+00, 
 2DIAGNOSTIC,     2, -5.351537463051e-01, 1.797693134862e+308, 4.0383e+00, 2.4976e-01, 
 2DIAGNOSTIC,     3, -5.353326532428e-01, 1.797693134862e+308, 4.3451e+00, 3.0676e-01, 
 2DIAGNOSTIC,     4, -5.354741045399e-01, 1.797693134862e+308, 4.6023e+00, 2.5721e-01, 
 2DIAGNOSTIC,     5, -5.355826575467e-01, 1.797693134862e+308, 4.8616e+00, 2.5933e-01, 
 2DIAGNOSTIC,     6, -5.357382278265e-01, 1.797693134862e+308, 5.3641e+00, 5.0249e-01, 
 2DIAGNOSTIC,     7, -5.357331351517e-01, 1.797693134862e+308, 5.6429e+00, 2.7880e-01, 
 2DIAGNOSTIC,     8, -5.357329715874e-01, 1.797693134862e+308, 5.9384e+00, 2.9551e-01, 
 2DIAGNOSTIC,     9, -5.357324705792e-01, 1.797693134862e+308, 6.1786e+00, 2.4015e-01, 
 2DIAGNOSTIC,    10, -5.357323496153e-01, 1.003019694107e-04, 6.4760e+00, 2.9738e-01, 
 2DIAGNOSTIC,    11, -5.357318598505e-01, 5.972780007939e-05, 6.7696e+00, 2.9366e-01, 
 2DIAGNOSTIC,    12, -5.357314408515e-01, 3.477454363528e-05, 7.0081e+00, 2.3847e-01, 
 2DIAGNOSTIC,    13, -5.357325270217e-01, 1.810134758524e-05, 7.2730e+00, 2.6492e-01, 
 2DIAGNOSTIC,    14, -5.357333236115e-01, 7.729533516174e-06, 7.5385e+00, 2.6546e-01, 
 2DIAGNOSTIC,    15, -5.357317326191e-01, 1.866395320210e-06, 7.7764e+00, 2.3795e-01, 
 2DIAGNOSTIC,    16, -5.357315985328e-01, 1.922110864652e-06, 8.0478e+00, 2.7142e-01, 
 2DIAGNOSTIC,    17, -5.357318576146e-01, 1.826491689852e-06, 8.3052e+00, 2.5741e-01, 
 2DIAGNOSTIC,    18, -5.357316460314e-01, 1.733143747795e-06, 8.5681e+00, 2.6283e-01, 
 2DIAGNOSTIC,    19, -5.357364797769e-01, 1.773431432026e-06, 8.8230e+00, 2.5489e-01, 
 2DIAGNOSTIC,    20, -5.357370571639e-01, 1.810344446046e-06, 9.1815e+00, 3.5852e-01, 
 2DIAGNOSTIC,    21, -5.357376112288e-01, 1.827030239786e-06, 9.4773e+00, 2.9581e-01, 
 2DIAGNOSTIC,    22, -5.357359241244e-01, 1.762743954734e-06, 9.7334e+00, 2.5612e-01, 
 2DIAGNOSTIC,    23, -5.357356469849e-01, 1.693199983069e-06, 1.0026e+01, 2.9263e-01, 
 2DIAGNOSTIC,    24, -5.357378424042e-01, 1.665708678621e-06, 1.0325e+01, 2.9921e-01, 
 2DIAGNOSTIC,    25, -5.357385554504e-01, 1.587302350725e-06, 1.0630e+01, 3.0429e-01, 
 2DIAGNOSTIC,    26, -5.357361496817e-01, 1.434833629965e-06, 1.0872e+01, 2.4284e-01, 
 2DIAGNOSTIC,    27, -5.357342886007e-01, 1.246502816882e-06, 1.1150e+01, 2.7722e-01, 
 2DIAGNOSTIC,    28, -5.357409389540e-01, 1.185610353387e-06, 1.1457e+01, 3.0730e-01, 
 2DIAGNOSTIC,    29, -5.357474147258e-01, 1.325171092720e-06, 1.1727e+01, 2.7045e-01, 
 2DIAGNOSTIC,    30, -5.357551601047e-01, 1.577734142354e-06, 1.1999e+01, 2.7197e-01, 
 2DIAGNOSTIC,    31, -5.357633315681e-01, 1.915925030169e-06, 1.2246e+01, 2.4713e-01, 
 2DIAGNOSTIC,    32, -5.357794932609e-01, 2.389098450649e-06, 1.2519e+01, 2.7250e-01, 
 2DIAGNOSTIC,    33, -5.357980878483e-01, 2.988369535592e-06, 1.2793e+01, 2.7417e-01, 
 2DIAGNOSTIC,    34, -5.358154076948e-01, 3.657746222109e-06, 1.3031e+01, 2.3766e-01, 
 2DIAGNOSTIC,    35, -5.358423230491e-01, 4.448430545891e-06, 1.3276e+01, 2.4493e-01, 
 2DIAGNOSTIC,    36, -5.358839993171e-01, 5.433675707645e-06, 1.3728e+01, 4.5219e-01, 
 2DIAGNOSTIC,    37, -5.358848673328e-01, 5.904846848499e-06, 1.4593e+01, 8.6522e-01, 
 2DIAGNOSTIC,    38, -5.358848673259e-01, 5.970809402112e-06, 1.5387e+01, 7.9433e-01, 
 2DIAGNOSTIC,    39, -5.358848673259e-01, 5.637217451140e-06, 1.5685e+01, 2.9748e-01, 
 2DIAGNOSTIC,    40, -5.358848673259e-01, 4.957957573694e-06, 1.5947e+01, 2.6236e-01, 
 2DIAGNOSTIC,    41, -5.358848673259e-01, 4.010476152963e-06, 1.6217e+01, 2.7018e-01, 
 2DIAGNOSTIC,    42, -5.358848673259e-01, 3.002722022999e-06, 1.6477e+01, 2.5915e-01, 
 2DIAGNOSTIC,    43, -5.358848673259e-01, 2.062996001473e-06, 1.6747e+01, 2.7064e-01, 
 2DIAGNOSTIC,    44, -5.358848673259e-01, 1.245282665863e-06, 1.7006e+01, 2.5840e-01, 
DIAGNOSTIC,Iteration,metricValue,convergenceValue,ITERATION_TIME_INDEX,SINCE_LAST
 2DIAGNOSTIC,     1, -4.895892643606e-01, 1.797693134862e+308, 1.9664e+01, 2.6579e+00, 
 2DIAGNOSTIC,     2, -4.895878833593e-01, 1.797693134862e+308, 2.1371e+01, 1.7077e+00, 
 2DIAGNOSTIC,     3, -4.895872420699e-01, 1.797693134862e+308, 2.3292e+01, 1.9209e+00, 
 2DIAGNOSTIC,     4, -4.895882011775e-01, 1.797693134862e+308, 2.4964e+01, 1.6718e+00, 
 2DIAGNOSTIC,     5, -4.895877774050e-01, 1.797693134862e+308, 2.6638e+01, 1.6746e+00, 
 2DIAGNOSTIC,     6, -4.895883796604e-01, 1.797693134862e+308, 2.8240e+01, 1.6013e+00, 
 2DIAGNOSTIC,     7, -4.895886754134e-01, 1.797693134862e+308, 2.9548e+01, 1.3081e+00, 
 2DIAGNOSTIC,     8, -4.895880094018e-01, 1.797693134862e+308, 3.1008e+01, 1.4600e+00, 
 2DIAGNOSTIC,     9, -4.895888960575e-01, 1.797693134862e+308, 3.2750e+01, 1.7422e+00, 
 2DIAGNOSTIC,    10, -4.895895063356e-01, 3.296299160821e-06, 3.4356e+01, 1.6060e+00, 
 2DIAGNOSTIC,    11, -4.895895525142e-01, 3.118324835238e-06, 3.5700e+01, 1.3439e+00, 
 2DIAGNOSTIC,    12, -4.895909923209e-01, 2.954420451382e-06, 3.7277e+01, 1.5768e+00, 
 2DIAGNOSTIC,    13, -4.895928966452e-01, 2.842632029723e-06, 3.8618e+01, 1.3411e+00, 
 2DIAGNOSTIC,    14, -4.895953550400e-01, 2.851459033504e-06, 3.9949e+01, 1.3308e+00, 
 2DIAGNOSTIC,    15, -4.896021308295e-01, 3.049624141035e-06, 4.1403e+01, 1.4540e+00, 
 2DIAGNOSTIC,    16, -4.896171854251e-01, 3.700646112867e-06, 4.2890e+01, 1.4875e+00, 
 2DIAGNOSTIC,    17, -4.896485795838e-01, 5.189210234881e-06, 4.4448e+01, 1.5575e+00, 
 2DIAGNOSTIC,    18, -4.897025952330e-01, 7.904632710901e-06, 4.5959e+01, 1.5113e+00, 
 2DIAGNOSTIC,    19, -4.897554207173e-01, 1.137612230002e-05, 4.8055e+01, 2.0959e+00, 
 2DIAGNOSTIC,    20, -4.897821925794e-01, 1.437954640152e-05, 4.9651e+01, 1.5964e+00, 
 2DIAGNOSTIC,    21, -4.897852155933e-01, 1.600069715284e-05, 5.1208e+01, 1.5572e+00, 
 2DIAGNOSTIC,    22, -4.897849155568e-01, 1.616238616808e-05, 5.2738e+01, 1.5300e+00, 
 2DIAGNOSTIC,    23, -4.897870465492e-01, 1.502262939004e-05, 5.4115e+01, 1.3769e+00, 
 2DIAGNOSTIC,    24, -4.897967002474e-01, 1.297508251163e-05, 5.5469e+01, 1.3542e+00, 
 2DIAGNOSTIC,    25, -4.898178788610e-01, 1.064442406679e-05, 5.6951e+01, 1.4819e+00, 
 2DIAGNOSTIC,    26, -4.898500567805e-01, 8.666216656253e-06, 5.8359e+01, 1.4079e+00, 
 2DIAGNOSTIC,    27, -4.898747589782e-01, 7.318006295026e-06, 5.9745e+01, 1.3854e+00, 
 2DIAGNOSTIC,    28, -4.899256304074e-01, 7.636544881354e-06, 6.2433e+01, 2.6883e+00, 
 2DIAGNOSTIC,    29, -4.899310614558e-01, 8.452736726818e-06, 6.4194e+01, 1.7615e+00, 
 2DIAGNOSTIC,    30, -4.899324920405e-01, 9.070227848060e-06, 6.5999e+01, 1.8044e+00, 
 2DIAGNOSTIC,    31, -4.899353949696e-01, 9.006822991729e-06, 6.8018e+01, 2.0196e+00, 
 2DIAGNOSTIC,    32, -4.899355912492e-01, 8.183771883018e-06, 7.0287e+01, 2.2689e+00, 
 2DIAGNOSTIC,    33, -4.899354358949e-01, 6.756167840273e-06, 7.2734e+01, 2.4468e+00, 
 2DIAGNOSTIC,    34, -4.899353423346e-01, 5.025038549062e-06, 7.4462e+01, 1.7282e+00, 
 2DIAGNOSTIC,    35, -4.899352350016e-01, 3.356262552542e-06, 7.5946e+01, 1.4837e+00, 
 2DIAGNOSTIC,    36, -4.899351293897e-01, 2.063547255248e-06, 7.7329e+01, 1.3830e+00, 
 2DIAGNOSTIC,    37, -4.899350310537e-01, 1.092674516777e-06, 7.8771e+01, 1.4426e+00, 
  Elapsed time (stage 0): 7.9674e+01


Total elapsed time: 7.9677e+01
Info [verificarlo]: loaded backend libinterflop_ieee.so
Info [interflop-ieee]: load backend with:
Info [interflop-ieee]: debug = false
Info [interflop-ieee]: debug-binary = false
Info [interflop-ieee]: no-backend-name = false
Info [interflop-ieee]: print-new-line = false
Info [interflop-ieee]: print-subnormal-normalized = false
Info [interflop-ieee]: count-op = false
All_Command_lines_OK
Using double precision for computations.
=============================================================================
The composite transform comprises the following transforms (in order): 
  1. /home/mdugre/scratch/mri-registration-rp/datasets/ds004513/derivatives/mri-registration-rp/0001/antsRegistration-r7-p14/sub-s025/rigid_Composite.h5[0] (type = Euler3DTransform)
  2. /home/mdugre/scratch/mri-registration-rp/datasets/ds004513/derivatives/mri-registration-rp/0001/antsRegistration-r7-p14/sub-s025/rigid_Composite.h5[1] (type = Euler3DTransform)
  3. /home/mdugre/scratch/mri-registration-rp/datasets/ds004513/derivatives/mri-registration-rp/0001/antsRegistration-r7-p14/sub-s025/rigid_Composite.h5[2] (type = Euler3DTransform)
=============================================================================
  number of levels = 4
  fixed image: /templateflow/tpl-MNI152NLin2009cAsym/tpl-MNI152NLin2009cAsym_res-01_desc-brain_T1w.nii.gz
  moving image: /home/mdugre/scratch/mri-registration-rp/datasets/ds004513/derivatives/mri-registration-rp/antsBrainExtraction/sub-s025/BrainExtractionBrain.nii.gz
Dimension = 3
Number of stages = 1
Use histogram matching = false
Winsorize image intensities = true
  Lower quantile = 0.005
  Upper quantile = 0.995


Stage 1 State
   Image metric = MattesMI
     Fixed image = Image (0x4ea47e0)
  RTTI typeinfo:   itk::Image<double, 3u>
  Reference Count: 2
  Modified Time: 1594
  Debug: Off
  Object Name: 
  Observers: 
    none
  Source: (none)
  Source output name: (none)
  Release Data: Off
  Data Released: False
  Global Release Data: Off
  PipelineMTime: 0
  UpdateMTime: 1203
  RealTimeStamp: 0 seconds 
  LargestPossibleRegion: 
    Dimension: 3
    Index: [0, 0, 0]
    Size: [193, 229, 193]
  BufferedRegion: 
    Dimension: 3
    Index: [0, 0, 0]
    Size: [193, 229, 193]
  RequestedRegion: 
    Dimension: 3
    Index: [0, 0, 0]
    Size: [193, 229, 193]
  Spacing: [1, 1, 1]
  Origin: [96, 132, -78]
  Direction: 
-1 0 0
0 -1 0
0 0 1

  IndexToPointMatrix: 
-1 0 0
0 -1 0
0 0 1

  PointToIndexMatrix: 
-1 0 0
0 -1 0
0 0 1

  Inverse Direction: 
-1 0 0
0 -1 0
0 0 1

  PixelContainer: 
    ImportImageContainer (0x4f64a20)
      RTTI typeinfo:   itk::ImportImageContainer<unsigned long, double>
      Reference Count: 1
      Modified Time: 1200
      Debug: Off
      Object Name: 
      Observers: 
        none
      Pointer: 0x1529ec4de010
      Container manages memory: true
      Size: 8530021
      Capacity: 8530021

     Moving image = Image (0x4f5fd70)
  RTTI typeinfo:   itk::Image<double, 3u>
  Reference Count: 2
  Modified Time: 1595
  Debug: Off
  Object Name: 
  Observers: 
    none
  Source: (none)
  Source output name: (none)
  Release Data: Off
  Data Released: False
  Global Release Data: Off
  PipelineMTime: 0
  UpdateMTime: 1592
  RealTimeStamp: 0 seconds 
  LargestPossibleRegion: 
    Dimension: 3
    Index: [0, 0, 0]
    Size: [176, 240, 256]
  BufferedRegion: 
    Dimension: 3
    Index: [0, 0, 0]
    Size: [176, 240, 256]
  RequestedRegion: 
    Dimension: 3
    Index: [0, 0, 0]
    Size: [176, 240, 256]
  Spacing: [0.999999, 1, 1]
  Origin: [90.3778, 84.5091, -154.071]
  Direction: 
-0.999391 7.48184e-06 -0.0348969
-7.47664e-06 -1 -2.7953e-07
-0.0348969 -1.84481e-08 0.999391

  IndexToPointMatrix: 
-0.99939 7.48184e-06 -0.0348969
-7.47663e-06 -1 -2.7953e-07
-0.0348968 -1.84481e-08 0.999391

  PointToIndexMatrix: 
-0.999392 -7.47665e-06 -0.0348969
7.48184e-06 -1 -1.84481e-08
-0.0348969 -2.7953e-07 0.999391

  Inverse Direction: 
-0.999391 -7.47664e-06 -0.0348969
7.48184e-06 -1 -1.84481e-08
-0.0348969 -2.7953e-07 0.999391

  PixelContainer: 
    ImportImageContainer (0x4f17c90)
      RTTI typeinfo:   itk::ImportImageContainer<unsigned long, double>
      Reference Count: 1
      Modified Time: 1589
      Debug: Off
      Object Name: 
      Observers: 
        none
      Pointer: 0x1529e725d010
      Container manages memory: true
      Size: 10813440
      Capacity: 10813440

     Weighting = 1
     Sampling strategy = regular
     Number of bins = 32
     Radius = 4
     Sampling percentage  = 0.25
   Transform = Affine
     Gradient step = 0.1
     Update field sigma (voxel space) = 0
     Total field sigma (voxel space) = 0
     Update field time sigma = 0
     Total field time sigma  = 0
     Number of time indices = 0
     Number of time point samples = 0
Registration using 1 total stages.

Stage 0
  iterations = 1000x500x250x100
  convergence threshold = 1e-06
  convergence window size = 10
  number of levels = 4
  using the Mattes MI metric (number of bins = 32, weight = 1, use gradient filter = 0)
  preprocessing:  winsorizing the image intensities
  Shrink factors (level 1 out of 4): [8, 8, 8]
  Shrink factors (level 2 out of 4): [4, 4, 4]
  Shrink factors (level 3 out of 4): [2, 2, 2]
  Shrink factors (level 4 out of 4): [1, 1, 1]
  smoothing sigmas per level: [3, 2, 1, 0]
  regular sampling (percentage = 0.25)

*** Running AffineTransform registration ***

DIAGNOSTIC,Iteration,metricValue,convergenceValue,ITERATION_TIME_INDEX,SINCE_LAST
 2DIAGNOSTIC,     1, -7.467870318499e-01, 1.797693134862e+308, 8.1271e-01, 8.1271e-01, 
 2DIAGNOSTIC,     2, -7.488178472374e-01, 1.797693134862e+308, 8.1789e-01, 5.1839e-03, 
 2DIAGNOSTIC,     3, -7.520265688545e-01, 1.797693134862e+308, 8.2261e-01, 4.7200e-03, 
 2DIAGNOSTIC,     4, -7.572462498332e-01, 1.797693134862e+308, 8.2730e-01, 4.6840e-03, 
 2DIAGNOSTIC,     5, -7.652295512926e-01, 1.797693134862e+308, 8.3180e-01, 4.5059e-03, 
 2DIAGNOSTIC,     6, -7.792146059419e-01, 1.797693134862e+308, 8.3638e-01, 4.5791e-03, 
 2DIAGNOSTIC,     7, -8.126511891919e-01, 1.797693134862e+308, 8.4162e-01, 5.2321e-03, 
 2DIAGNOSTIC,     8, -8.809049966546e-01, 1.797693134862e+308, 8.4890e-01, 7.2880e-03, 
 2DIAGNOSTIC,     9, -9.026559665967e-01, 1.797693134862e+308, 8.5678e-01, 7.8809e-03, 
 2DIAGNOSTIC,    10, -9.029424774243e-01, 1.445356226499e-02, 8.6163e-01, 4.8449e-03, 
 2DIAGNOSTIC,    11, -9.049492905350e-01, 1.427445625737e-02, 8.6641e-01, 4.7841e-03, 
 2DIAGNOSTIC,    12, -9.083258884357e-01, 1.299825573097e-02, 8.7123e-01, 4.8201e-03, 
 2DIAGNOSTIC,    13, -9.127179843060e-01, 1.093646230804e-02, 8.7625e-01, 5.0149e-03, 
 2DIAGNOSTIC,    14, -9.179164372168e-01, 8.455655453313e-03, 8.8113e-01, 4.8769e-03, 
 2DIAGNOSTIC,    15, -9.230829305449e-01, 5.885398238544e-03, 8.8586e-01, 4.7328e-03, 
 2DIAGNOSTIC,    16, -9.288560081618e-01, 3.545978828212e-03, 8.9144e-01, 5.5811e-03, 
 2DIAGNOSTIC,    17, -9.340872918957e-01, 1.905927766347e-03, 8.9855e-01, 7.1101e-03, 
 2DIAGNOSTIC,    18, -9.343966346272e-01, 1.541297416766e-03, 9.0364e-01, 5.0881e-03, 
 2DIAGNOSTIC,    19, -9.359609345046e-01, 1.483260001768e-03, 9.0896e-01, 5.3270e-03, 
 2DIAGNOSTIC,    20, -9.375149677358e-01, 1.324107639931e-03, 9.1433e-01, 5.3668e-03, 
 2DIAGNOSTIC,    21, -9.375864321140e-01, 1.089231419712e-03, 9.1965e-01, 5.3220e-03, 
 2DIAGNOSTIC,    22, -9.374679959271e-01, 8.237830203274e-04, 9.2491e-01, 5.2600e-03, 
 2DIAGNOSTIC,    23, -9.376115074674e-01, 5.706416629620e-04, 9.3038e-01, 5.4669e-03, 
 2DIAGNOSTIC,    24, -9.376716028162e-01, 3.574993675216e-04, 9.3517e-01, 4.7891e-03, 
 2DIAGNOSTIC,    25, -9.378617634710e-01, 1.967794211012e-04, 9.4050e-01, 5.3310e-03, 
 2DIAGNOSTIC,    26, -9.382778078228e-01, 1.060436272250e-04, 9.4799e-01, 7.4861e-03, 
 2DIAGNOSTIC,    27, -9.381889658190e-01, 7.421491850503e-05, 9.5356e-01, 5.5740e-03, 
 2DIAGNOSTIC,    28, -9.382339902534e-01, 4.180204075849e-05, 9.5831e-01, 4.7488e-03, 
 2DIAGNOSTIC,    29, -9.382925968351e-01, 2.537469185034e-05, 9.6307e-01, 4.7619e-03, 
 2DIAGNOSTIC,    30, -9.383635873416e-01, 2.504507207543e-05, 9.6795e-01, 4.8752e-03, 
 2DIAGNOSTIC,    31, -9.382855879394e-01, 2.239057808060e-05, 9.7259e-01, 4.6399e-03, 
 2DIAGNOSTIC,    32, -9.383775154108e-01, 1.766569621259e-05, 9.7734e-01, 4.7550e-03, 
 2DIAGNOSTIC,    33, -9.384771520829e-01, 1.405308337062e-05, 9.8258e-01, 5.2400e-03, 
 2DIAGNOSTIC,    34, -9.384065144887e-01, 9.269625596386e-06, 9.8799e-01, 5.4049e-03, 
 2DIAGNOSTIC,    35, -9.384239754768e-01, 5.789143028012e-06, 9.9387e-01, 5.8789e-03, 
 2DIAGNOSTIC,    36, -9.382728500054e-01, 4.427115623668e-06, 9.9872e-01, 4.8521e-03, 
 2DIAGNOSTIC,    37, -9.381522570339e-01, 1.037906743207e-06, 1.0059e+00, 7.1352e-03, 
DIAGNOSTIC,Iteration,metricValue,convergenceValue,ITERATION_TIME_INDEX,SINCE_LAST
 2DIAGNOSTIC,     1, -7.503748053969e-01, 1.797693134862e+308, 1.8079e+00, 8.0209e-01, 
 2DIAGNOSTIC,     2, -7.508102361122e-01, 1.797693134862e+308, 1.8457e+00, 3.7755e-02, 
 2DIAGNOSTIC,     3, -7.513358567805e-01, 1.797693134862e+308, 1.8793e+00, 3.3652e-02, 
 2DIAGNOSTIC,     4, -7.518755205897e-01, 1.797693134862e+308, 1.9133e+00, 3.3976e-02, 
 2DIAGNOSTIC,     5, -7.534318034238e-01, 1.797693134862e+308, 1.9470e+00, 3.3653e-02, 
 2DIAGNOSTIC,     6, -7.541907343232e-01, 1.797693134862e+308, 1.9962e+00, 4.9186e-02, 
 2DIAGNOSTIC,     7, -7.542188653489e-01, 1.797693134862e+308, 2.0387e+00, 4.2515e-02, 
 2DIAGNOSTIC,     8, -7.542140084730e-01, 1.797693134862e+308, 2.0754e+00, 3.6770e-02, 
 2DIAGNOSTIC,     9, -7.542175067724e-01, 1.797693134862e+308, 2.1084e+00, 3.2911e-02, 
 2DIAGNOSTIC,    10, -7.542219532154e-01, 3.830866055664e-04, 2.1459e+00, 3.7549e-02, 
 2DIAGNOSTIC,    11, -7.542227942937e-01, 2.756099237217e-04, 2.1829e+00, 3.7007e-02, 
 2DIAGNOSTIC,    12, -7.542045618628e-01, 1.751712776464e-04, 2.2162e+00, 3.3291e-02, 
 2DIAGNOSTIC,    13, -7.541929237281e-01, 9.002079528433e-05, 2.2493e+00, 3.3075e-02, 
 2DIAGNOSTIC,    14, -7.542504957628e-01, 2.424997426295e-05, 2.2891e+00, 3.9788e-02, 
 2DIAGNOSTIC,    15, -7.542889677174e-01, 4.767799361274e-06, 2.3240e+00, 3.4914e-02, 
 2DIAGNOSTIC,    16, -7.543146730619e-01, 5.948738054110e-06, 2.3574e+00, 3.3460e-02, 
 2DIAGNOSTIC,    17, -7.543900245827e-01, 8.950395764061e-06, 2.3920e+00, 3.4597e-02, 
 2DIAGNOSTIC,    18, -7.544078859185e-01, 1.121166340764e-05, 2.4250e+00, 3.2964e-02, 
 2DIAGNOSTIC,    19, -7.544516529735e-01, 1.328452495161e-05, 2.4632e+00, 3.8243e-02, 
 2DIAGNOSTIC,    20, -7.544874060062e-01, 1.480648271030e-05, 2.4999e+00, 3.6641e-02, 
 2DIAGNOSTIC,    21, -7.544752701272e-01, 1.475417446461e-05, 2.5357e+00, 3.5808e-02, 
 2DIAGNOSTIC,    22, -7.544513554529e-01, 1.277763727373e-05, 2.5709e+00, 3.5210e-02, 
 2DIAGNOSTIC,    23, -7.544419314773e-01, 9.561297384164e-06, 2.6166e+00, 4.5674e-02, 
 2DIAGNOSTIC,    24, -7.544448789738e-01, 6.786260831858e-06, 2.6533e+00, 3.6713e-02, 
 2DIAGNOSTIC,    25, -7.544317222873e-01, 4.089818786551e-06, 2.6890e+00, 3.5721e-02, 
 2DIAGNOSTIC,    26, -7.544187306818e-01, 1.508677789336e-06, 2.7253e+00, 3.6285e-02, 
DIAGNOSTIC,Iteration,metricValue,convergenceValue,ITERATION_TIME_INDEX,SINCE_LAST
 2DIAGNOSTIC,     1, -6.416384304513e-01, 1.797693134862e+308, 3.8558e+00, 1.1305e+00, 
 2DIAGNOSTIC,     2, -6.421151104867e-01, 1.797693134862e+308, 4.1177e+00, 2.6195e-01, 
 2DIAGNOSTIC,     3, -6.425996805195e-01, 1.797693134862e+308, 4.3959e+00, 2.7818e-01, 
 2DIAGNOSTIC,     4, -6.430866450617e-01, 1.797693134862e+308, 4.6972e+00, 3.0129e-01, 
 2DIAGNOSTIC,     5, -6.438789012970e-01, 1.797693134862e+308, 5.0365e+00, 3.3934e-01, 
 2DIAGNOSTIC,     6, -6.449736628711e-01, 1.797693134862e+308, 5.4153e+00, 3.7880e-01, 
 2DIAGNOSTIC,     7, -6.450604780537e-01, 1.797693134862e+308, 5.9578e+00, 5.4248e-01, 
 2DIAGNOSTIC,     8, -6.450557394348e-01, 1.797693134862e+308, 6.2482e+00, 2.9041e-01, 
 2DIAGNOSTIC,     9, -6.450537812139e-01, 1.797693134862e+308, 6.5899e+00, 3.4166e-01, 
 2DIAGNOSTIC,    10, -6.450550149376e-01, 3.921023781304e-04, 6.8900e+00, 3.0016e-01, 
 2DIAGNOSTIC,    11, -6.450513860885e-01, 2.848009813782e-04, 7.1854e+00, 2.9541e-01, 
 2DIAGNOSTIC,    12, -6.450534291087e-01, 1.877208963593e-04, 7.4851e+00, 2.9964e-01, 
 2DIAGNOSTIC,    13, -6.450521781699e-01, 1.057395660771e-04, 7.7746e+00, 2.8955e-01, 
 2DIAGNOSTIC,    14, -6.450529222694e-01, 4.122022052294e-05, 8.1447e+00, 3.7014e-01, 
 2DIAGNOSTIC,    15, -6.450538138021e-01, 4.190386703781e-06, 8.4491e+00, 3.0441e-01, 
 2DIAGNOSTIC,    16, -6.450529607402e-01, 1.692997476974e-06, 8.7187e+00, 2.6958e-01, 
 2DIAGNOSTIC,    17, -6.450525038550e-01, 1.762026894940e-06, 9.0138e+00, 2.9511e-01, 
 2DIAGNOSTIC,    18, -6.450533586377e-01, 1.739457799022e-06, 9.3052e+00, 2.9133e-01, 
 2DIAGNOSTIC,    19, -6.450515197276e-01, 1.631529392053e-06, 9.5978e+00, 2.9259e-01, 
 2DIAGNOSTIC,    20, -6.450518075549e-01, 1.575360948164e-06, 9.9131e+00, 3.1529e-01, 
 2DIAGNOSTIC,    21, -6.450524125257e-01, 1.461223732131e-06, 1.0293e+01, 3.7963e-01, 
 2DIAGNOSTIC,    22, -6.450529121163e-01, 1.414025945938e-06, 1.0569e+01, 2.7618e-01, 
 2DIAGNOSTIC,    23, -6.450494690144e-01, 1.283416856103e-06, 1.0832e+01, 2.6276e-01, 
 2DIAGNOSTIC,    24, -6.450494604261e-01, 1.188452373131e-06, 1.1160e+01, 3.2848e-01, 
 2DIAGNOSTIC,    25, -6.450490728675e-01, 1.122929534907e-06, 1.1475e+01, 3.1478e-01, 
