
##########################
# Experiment information #
##########################

EXPERIMENT_NAME: antsRegistration-r7-p10
VFC_BACKENDS: libinterflop_vprec.so --range-binary32=7 --precision-binary32=10 --range-binary64=7 --precision-binary64=10

SIF_IMG: /home/mdugre/projects/rrg-glatard/mdugre/containers/ants-vprec-no_metrics.simg

SUBJECT_ID: s037
INPUT_IMG: /home/mdugre/scratch/mri-registration-rp/datasets/ds004513/derivatives/mri-registration-rp/antsBrainExtraction/sub-s037/BrainExtractionBrain.nii.gz
OUTPUT_DIR: /home/mdugre/scratch/mri-registration-rp/datasets/ds004513/derivatives/mri-registration-rp/0001/antsRegistration-r7-p10/sub-s037

FIXED_IMG: /templateflow/tpl-MNI152NLin2009cAsym/tpl-MNI152NLin2009cAsym_res-01_desc-brain_T1w.nii.gz
DATA_DIR: /home/mdugre/scratch/mri-registration-rp/datasets/ds004513
TEMPLATEFLOW_DIR: /home/mdugre/projects/rrg-glatard/mdugre/templateflow
ITK_GLOBAL_DEFAULT_NUMBER_OF_THREADS: 16
##########################

Info [verificarlo]: loaded backend libinterflop_ieee.so
Info [interflop-ieee]: load backend with:
Info [interflop-ieee]: debug = false
Info [interflop-ieee]: debug-binary = false
Info [interflop-ieee]: no-backend-name = false
Info [interflop-ieee]: print-new-line = false
Info [interflop-ieee]: print-subnormal-normalized = false
Info [interflop-ieee]: count-op = false
All_Command_lines_OK
Using double precision for computations.
=============================================================================
The composite transform comprises the following transforms (in order): 
  1. Center of mass alignment using fixed image: /templateflow/tpl-MNI152NLin2009cAsym/tpl-MNI152NLin2009cAsym_res-01_desc-brain_T1w.nii.gz and moving image: /home/mdugre/scratch/mri-registration-rp/datasets/ds004513/derivatives/mri-registration-rp/antsBrainExtraction/sub-s037/BrainExtractionBrain.nii.gz (type = Euler3DTransform)
=============================================================================
  number of levels = 1
  fixed image: /templateflow/tpl-MNI152NLin2009cAsym/tpl-MNI152NLin2009cAsym_res-01_desc-brain_T1w.nii.gz
  moving image: /home/mdugre/scratch/mri-registration-rp/datasets/ds004513/derivatives/mri-registration-rp/antsBrainExtraction/sub-s037/BrainExtractionBrain.nii.gz
Dimension = 3
Number of stages = 1
Use histogram matching = false
Winsorize image intensities = true
  Lower quantile = 0.005
  Upper quantile = 0.995


Stage 1 State
   Image metric = MattesMI
     Fixed image = Image (0x4261e70)
  RTTI typeinfo:   itk::Image<double, 3u>
  Reference Count: 2
  Modified Time: 2330
  Debug: Off
  Object Name: 
  Observers: 
    none
  Source: (none)
  Source output name: (none)
  Release Data: Off
  Data Released: False
  Global Release Data: Off
  PipelineMTime: 0
  UpdateMTime: 1941
  RealTimeStamp: 0 seconds 
  LargestPossibleRegion: 
    Dimension: 3
    Index: [0, 0, 0]
    Size: [193, 229, 193]
  BufferedRegion: 
    Dimension: 3
    Index: [0, 0, 0]
    Size: [193, 229, 193]
  RequestedRegion: 
    Dimension: 3
    Index: [0, 0, 0]
    Size: [193, 229, 193]
  Spacing: [1, 1, 1]
  Origin: [96, 132, -78]
  Direction: 
-1 0 0
0 -1 0
0 0 1

  IndexToPointMatrix: 
-1 0 0
0 -1 0
0 0 1

  PointToIndexMatrix: 
-1 0 0
0 -1 0
0 0 1

  Inverse Direction: 
-1 0 0
0 -1 0
0 0 1

  PixelContainer: 
    ImportImageContainer (0x426ac60)
      RTTI typeinfo:   itk::ImportImageContainer<unsigned long, double>
      Reference Count: 1
      Modified Time: 1938
      Debug: Off
      Object Name: 
      Observers: 
        none
      Pointer: 0x15188a807010
      Container manages memory: true
      Size: 8530021
      Capacity: 8530021

     Moving image = Image (0x42feec0)
  RTTI typeinfo:   itk::Image<double, 3u>
  Reference Count: 2
  Modified Time: 2331
  Debug: Off
  Object Name: 
  Observers: 
    none
  Source: (none)
  Source output name: (none)
  Release Data: Off
  Data Released: False
  Global Release Data: Off
  PipelineMTime: 0
  UpdateMTime: 2328
  RealTimeStamp: 0 seconds 
  LargestPossibleRegion: 
    Dimension: 3
    Index: [0, 0, 0]
    Size: [160, 240, 256]
  BufferedRegion: 
    Dimension: 3
    Index: [0, 0, 0]
    Size: [160, 240, 256]
  RequestedRegion: 
    Dimension: 3
    Index: [0, 0, 0]
    Size: [160, 240, 256]
  Spacing: [1, 1, 1]
  Origin: [87.9508, 102.562, -147.639]
  Direction: 
-0.998659 -0.0436121 -0.0279129
0.043595 -0.999049 0.00121847
-0.0279395 -2.65543e-08 0.99961

  IndexToPointMatrix: 
-0.998659 -0.0436121 -0.0279129
0.043595 -0.999049 0.00121847
-0.0279395 -2.65543e-08 0.99961

  PointToIndexMatrix: 
-0.998659 0.043595 -0.0279395
-0.0436121 -0.999049 -2.65517e-08
-0.0279129 0.00121847 0.99961

  Inverse Direction: 
-0.998659 0.043595 -0.0279395
-0.0436121 -0.999049 -2.65517e-08
-0.0279129 0.00121847 0.99961

  PixelContainer: 
    ImportImageContainer (0x4396610)
      RTTI typeinfo:   itk::ImportImageContainer<unsigned long, double>
      Reference Count: 1
      Modified Time: 2325
      Debug: Off
      Object Name: 
      Observers: 
        none
      Pointer: 0x151885d06010
      Container manages memory: true
      Size: 9830400
      Capacity: 9830400

     Weighting = 1
     Sampling strategy = regular
     Number of bins = 32
     Radius = 4
     Sampling percentage  = 0.25
   Transform = Rigid
     Gradient step = 0.1
     Update field sigma (voxel space) = 0
     Total field sigma (voxel space) = 0
     Update field time sigma = 0
     Total field time sigma  = 0
     Number of time indices = 0
     Number of time point samples = 0
Registration using 1 total stages.

Stage 0
  iterations = 0
  convergence threshold = 1e-06
  convergence window size = 10
  number of levels = 1
  using the Mattes MI metric (number of bins = 32, weight = 1, use gradient filter = 0)
  preprocessing:  winsorizing the image intensities
  Shrink factors (level 1 out of 1): [1, 1, 1]
  smoothing sigmas per level: [0]
  regular sampling (percentage = 0.25)

*** Running Euler3DTransform registration ***

  Elapsed time (stage 0): 1.09917


Total elapsed time: 1.10125
Info [verificarlo]: loaded backend libinterflop_ieee.so
Info [interflop-ieee]: load backend with:
Info [interflop-ieee]: debug = false
Info [interflop-ieee]: debug-binary = false
Info [interflop-ieee]: no-backend-name = false
Info [interflop-ieee]: print-new-line = false
Info [interflop-ieee]: print-subnormal-normalized = false
Info [interflop-ieee]: count-op = false
All_Command_lines_OK
Using double precision for computations.
=============================================================================
The composite transform comprises the following transforms (in order): 
  1. /home/mdugre/scratch/mri-registration-rp/datasets/ds004513/derivatives/mri-registration-rp/0001/antsRegistration-r7-p10/sub-s037/align_Composite.h5[0] (type = Euler3DTransform)
  2. /home/mdugre/scratch/mri-registration-rp/datasets/ds004513/derivatives/mri-registration-rp/0001/antsRegistration-r7-p10/sub-s037/align_Composite.h5[1] (type = Euler3DTransform)
=============================================================================
  number of levels = 4
  fixed image: /templateflow/tpl-MNI152NLin2009cAsym/tpl-MNI152NLin2009cAsym_res-01_desc-brain_T1w.nii.gz
  moving image: /home/mdugre/scratch/mri-registration-rp/datasets/ds004513/derivatives/mri-registration-rp/antsBrainExtraction/sub-s037/BrainExtractionBrain.nii.gz
Dimension = 3
Number of stages = 1
Use histogram matching = false
Winsorize image intensities = true
  Lower quantile = 0.005
  Upper quantile = 0.995


Stage 1 State
   Image metric = MattesMI
     Fixed image = Image (0x4939530)
  RTTI typeinfo:   itk::Image<double, 3u>
  Reference Count: 2
  Modified Time: 1578
  Debug: Off
  Object Name: 
  Observers: 
    none
  Source: (none)
  Source output name: (none)
  Release Data: Off
  Data Released: False
  Global Release Data: Off
  PipelineMTime: 0
  UpdateMTime: 1189
  RealTimeStamp: 0 seconds 
  LargestPossibleRegion: 
    Dimension: 3
    Index: [0, 0, 0]
    Size: [193, 229, 193]
  BufferedRegion: 
    Dimension: 3
    Index: [0, 0, 0]
    Size: [193, 229, 193]
  RequestedRegion: 
    Dimension: 3
    Index: [0, 0, 0]
    Size: [193, 229, 193]
  Spacing: [1, 1, 1]
  Origin: [96, 132, -78]
  Direction: 
-1 0 0
0 -1 0
0 0 1

  IndexToPointMatrix: 
-1 0 0
0 -1 0
0 0 1

  PointToIndexMatrix: 
-1 0 0
0 -1 0
0 0 1

  Inverse Direction: 
-1 0 0
0 -1 0
0 0 1

  PixelContainer: 
    ImportImageContainer (0x49f7d60)
      RTTI typeinfo:   itk::ImportImageContainer<unsigned long, double>
      Reference Count: 1
      Modified Time: 1186
      Debug: Off
      Object Name: 
      Observers: 
        none
      Pointer: 0x14df2b432010
      Container manages memory: true
      Size: 8530021
      Capacity: 8530021

     Moving image = Image (0x49e9f60)
  RTTI typeinfo:   itk::Image<double, 3u>
  Reference Count: 2
  Modified Time: 1579
  Debug: Off
  Object Name: 
  Observers: 
    none
  Source: (none)
  Source output name: (none)
  Release Data: Off
  Data Released: False
  Global Release Data: Off
  PipelineMTime: 0
  UpdateMTime: 1576
  RealTimeStamp: 0 seconds 
  LargestPossibleRegion: 
    Dimension: 3
    Index: [0, 0, 0]
    Size: [160, 240, 256]
  BufferedRegion: 
    Dimension: 3
    Index: [0, 0, 0]
    Size: [160, 240, 256]
  RequestedRegion: 
    Dimension: 3
    Index: [0, 0, 0]
    Size: [160, 240, 256]
  Spacing: [1, 1, 1]
  Origin: [87.9508, 102.562, -147.639]
  Direction: 
-0.998659 -0.0436121 -0.0279129
0.043595 -0.999049 0.00121847
-0.0279395 -2.65543e-08 0.99961

  IndexToPointMatrix: 
-0.998659 -0.0436121 -0.0279129
0.043595 -0.999049 0.00121847
-0.0279395 -2.65543e-08 0.99961

  PointToIndexMatrix: 
-0.998659 0.043595 -0.0279395
-0.0436121 -0.999049 -2.65517e-08
-0.0279129 0.00121847 0.99961

  Inverse Direction: 
-0.998659 0.043595 -0.0279395
-0.0436121 -0.999049 -2.65517e-08
-0.0279129 0.00121847 0.99961

  PixelContainer: 
    ImportImageContainer (0x49db6d0)
      RTTI typeinfo:   itk::ImportImageContainer<unsigned long, double>
      Reference Count: 1
      Modified Time: 1573
      Debug: Off
      Object Name: 
      Observers: 
        none
      Pointer: 0x14df26931010
      Container manages memory: true
      Size: 9830400
      Capacity: 9830400

     Weighting = 1
     Sampling strategy = regular
     Number of bins = 32
     Radius = 4
     Sampling percentage  = 0.25
   Transform = Rigid
     Gradient step = 0.1
     Update field sigma (voxel space) = 0
     Total field sigma (voxel space) = 0
     Update field time sigma = 0
     Total field time sigma  = 0
     Number of time indices = 0
     Number of time point samples = 0
Registration using 1 total stages.

Stage 0
  iterations = 1000x500x250x100
  convergence threshold = 1e-06
  convergence window size = 10
  number of levels = 4
  using the Mattes MI metric (number of bins = 32, weight = 1, use gradient filter = 0)
  preprocessing:  winsorizing the image intensities
  Shrink factors (level 1 out of 4): [8, 8, 8]
  Shrink factors (level 2 out of 4): [4, 4, 4]
  Shrink factors (level 3 out of 4): [2, 2, 2]
  Shrink factors (level 4 out of 4): [1, 1, 1]
  smoothing sigmas per level: [3, 2, 1, 0]
  regular sampling (percentage = 0.25)

*** Running Euler3DTransform registration ***

DIAGNOSTIC,Iteration,metricValue,convergenceValue,ITERATION_TIME_INDEX,SINCE_LAST
 2DIAGNOSTIC,     1, -4.299060189477e-01, 1.797693134862e+308, 6.6186e-01, 6.6186e-01, 
 2DIAGNOSTIC,     2, -4.311703807429e-01, 1.797693134862e+308, 6.6578e-01, 3.9189e-03, 
 2DIAGNOSTIC,     3, -4.334997061176e-01, 1.797693134862e+308, 6.6954e-01, 3.7541e-03, 
 2DIAGNOSTIC,     4, -4.389575130370e-01, 1.797693134862e+308, 6.7355e-01, 4.0140e-03, 
 2DIAGNOSTIC,     5, -4.438813134482e-01, 1.797693134862e+308, 6.7755e-01, 3.9961e-03, 
 2DIAGNOSTIC,     6, -4.461495460377e-01, 1.797693134862e+308, 6.8152e-01, 3.9699e-03, 
 2DIAGNOSTIC,     7, -4.511407144429e-01, 1.797693134862e+308, 6.8612e-01, 4.6022e-03, 
 2DIAGNOSTIC,     8, -4.667812032718e-01, 1.797693134862e+308, 6.9081e-01, 4.6868e-03, 
 2DIAGNOSTIC,     9, -4.753090114372e-01, 1.797693134862e+308, 6.9540e-01, 4.5891e-03, 
 2DIAGNOSTIC,    10, -4.802481719655e-01, 7.481707542057e-03, 7.0023e-01, 4.8380e-03, 
 2DIAGNOSTIC,    11, -4.821261368877e-01, 7.356704266140e-03, 7.0453e-01, 4.2961e-03, 
 2DIAGNOSTIC,    12, -4.837491005316e-01, 6.749992380107e-03, 7.0947e-01, 4.9410e-03, 
 2DIAGNOSTIC,    13, -5.028244927618e-01, 6.622215038778e-03, 7.1644e-01, 6.9692e-03, 
 2DIAGNOSTIC,    14, -5.042109134417e-01, 6.183615245771e-03, 7.2089e-01, 4.4549e-03, 
 2DIAGNOSTIC,    15, -5.066116081874e-01, 5.558135432470e-03, 7.2515e-01, 4.2548e-03, 
 2DIAGNOSTIC,    16, -5.083451635931e-01, 4.676295421699e-03, 7.2949e-01, 4.3418e-03, 
 2DIAGNOSTIC,    17, -5.184993492606e-01, 3.998770500684e-03, 7.3604e-01, 6.5498e-03, 
 2DIAGNOSTIC,    18, -5.256348855983e-01, 3.769024583846e-03, 7.4039e-01, 4.3459e-03, 
 2DIAGNOSTIC,    19, -5.260487278895e-01, 3.491513209157e-03, 7.4523e-01, 4.8459e-03, 
 2DIAGNOSTIC,    20, -5.292109538293e-01, 3.174906838198e-03, 7.5003e-01, 4.7979e-03, 
 2DIAGNOSTIC,    21, -5.301818256122e-01, 2.681600023161e-03, 7.5446e-01, 4.4320e-03, 
 2DIAGNOSTIC,    22, -5.312241370306e-01, 2.041188807442e-03, 7.5911e-01, 4.6439e-03, 
 2DIAGNOSTIC,    23, -5.321371335807e-01, 1.776979149527e-03, 7.6422e-01, 5.1150e-03, 
 2DIAGNOSTIC,    24, -5.330747192904e-01, 1.429097898388e-03, 7.6835e-01, 4.1308e-03, 
 2DIAGNOSTIC,    25, -5.340979415191e-01, 1.060387300113e-03, 7.7300e-01, 4.6439e-03, 
 2DIAGNOSTIC,    26, -5.353301748558e-01, 6.839344746471e-04, 7.7860e-01, 5.6031e-03, 
 2DIAGNOSTIC,    27, -5.359877791371e-01, 5.005577645792e-04, 7.8273e-01, 4.1270e-03, 
 2DIAGNOSTIC,    28, -5.363338834537e-01, 4.385708994535e-04, 7.8688e-01, 4.1511e-03, 
 2DIAGNOSTIC,    29, -5.373050716684e-01, 3.660294359756e-04, 7.9103e-01, 4.1480e-03, 
 2DIAGNOSTIC,    30, -5.398201307717e-01, 3.715997151803e-04, 7.9622e-01, 5.1901e-03, 
 2DIAGNOSTIC,    31, -5.446421456337e-01, 4.465278160756e-04, 8.0684e-01, 1.0626e-02, 
 2DIAGNOSTIC,    32, -5.446645717792e-01, 4.912653488027e-04, 8.1155e-01, 4.7081e-03, 
 2DIAGNOSTIC,    33, -5.447647070010e-01, 5.056489052748e-04, 8.1620e-01, 4.6492e-03, 
 2DIAGNOSTIC,    34, -5.449311127405e-01, 4.904137357362e-04, 8.2092e-01, 4.7259e-03, 
 2DIAGNOSTIC,    35, -5.452045434938e-01, 4.491579080001e-04, 8.2533e-01, 4.4069e-03, 
 2DIAGNOSTIC,    36, -5.456974614289e-01, 3.933126444280e-04, 8.2945e-01, 4.1201e-03, 
 2DIAGNOSTIC,    37, -5.462998606472e-01, 3.227901887344e-04, 8.3354e-01, 4.0870e-03, 
 2DIAGNOSTIC,    38, -5.470544329967e-01, 2.429340614918e-04, 8.3796e-01, 4.4260e-03, 
 2DIAGNOSTIC,    39, -5.483333289992e-01, 1.763347646878e-04, 8.4252e-01, 4.5600e-03, 
 2DIAGNOSTIC,    40, -5.485726067557e-01, 1.327610970341e-04, 8.4661e-01, 4.0832e-03, 
 2DIAGNOSTIC,    41, -5.488485539573e-01, 1.482716228430e-04, 8.5123e-01, 4.6182e-03, 
 2DIAGNOSTIC,    42, -5.491458173880e-01, 1.532230679257e-04, 8.5566e-01, 4.4341e-03, 
 2DIAGNOSTIC,    43, -5.502478708255e-01, 1.586998277515e-04, 8.6060e-01, 4.9369e-03, 
 2DIAGNOSTIC,    44, -5.634818599272e-01, 3.167393441617e-04, 8.6654e-01, 5.9412e-03, 
 2DIAGNOSTIC,    45, -5.665544515832e-01, 4.734487777270e-04, 8.7134e-01, 4.8020e-03, 
 2DIAGNOSTIC,    46, -5.687245946942e-01, 6.105203369604e-04, 8.7617e-01, 4.8280e-03, 
 2DIAGNOSTIC,    47, -5.690449389472e-01, 6.957919690954e-04, 8.8065e-01, 4.4801e-03, 
 2DIAGNOSTIC,    48, -5.694959378868e-01, 7.241285246908e-04, 8.8464e-01, 3.9909e-03, 
 2DIAGNOSTIC,    49, -5.697405627195e-01, 6.966713985783e-04, 8.8864e-01, 3.9959e-03, 
 2DIAGNOSTIC,    50, -5.707145797637e-01, 6.160538053906e-04, 8.9504e-01, 6.4061e-03, 
 2DIAGNOSTIC,    51, -5.708170122545e-01, 4.856841804485e-04, 8.9904e-01, 4.0030e-03, 
 2DIAGNOSTIC,    52, -5.709356438718e-01, 3.205403553464e-04, 9.0357e-01, 4.5252e-03, 
 2DIAGNOSTIC,    53, -5.710320390634e-01, 1.407293237398e-04, 9.0752e-01, 3.9480e-03, 
 2DIAGNOSTIC,    54, -5.710514839841e-01, 8.719039101167e-05, 9.1147e-01, 3.9501e-03, 
 2DIAGNOSTIC,    55, -5.711893874503e-01, 5.842368334712e-05, 9.1542e-01, 3.9530e-03, 
 2DIAGNOSTIC,    56, -5.721237299985e-01, 5.512098257756e-05, 9.1987e-01, 4.4520e-03, 
 2DIAGNOSTIC,    57, -5.724007741984e-01, 5.216612195626e-05, 9.2534e-01, 5.4691e-03, 
 2DIAGNOSTIC,    58, -5.730070400461e-01, 5.428659456084e-05, 9.2931e-01, 3.9639e-03, 
 2DIAGNOSTIC,    59, -5.743080716352e-01, 6.504214244822e-05, 9.3328e-01, 3.9752e-03, 
 2DIAGNOSTIC,    60, -5.750077748079e-01, 8.392415000065e-05, 9.3780e-01, 4.5240e-03, 
 2DIAGNOSTIC,    61, -5.780464505013e-01, 1.216212519973e-04, 9.4383e-01, 6.0260e-03, 
 2DIAGNOSTIC,    62, -5.802690619016e-01, 1.659896981905e-04, 9.4837e-01, 4.5378e-03, 
 2DIAGNOSTIC,    63, -5.804777129629e-01, 1.953767547298e-04, 9.5280e-01, 4.4320e-03, 
 2DIAGNOSTIC,    64, -5.807437112249e-01, 2.078717048644e-04, 9.5725e-01, 4.4501e-03, 
 2DIAGNOSTIC,    65, -5.809811664540e-01, 2.029992571332e-04, 9.6120e-01, 3.9539e-03, 
 2DIAGNOSTIC,    66, -5.815976038515e-01, 1.909830891435e-04, 9.6704e-01, 5.8401e-03, 
 2DIAGNOSTIC,    67, -5.817392181942e-01, 1.639528537249e-04, 9.7146e-01, 4.4110e-03, 
 2DIAGNOSTIC,    68, -5.816396500681e-01, 1.261320946670e-04, 9.7566e-01, 4.2031e-03, 
 2DIAGNOSTIC,    69, -5.818163030198e-01, 8.923891023166e-05, 9.8015e-01, 4.4899e-03, 
 2DIAGNOSTIC,    70, -5.819205323119e-01, 5.051243741110e-05, 9.8416e-01, 4.0140e-03, 
 2DIAGNOSTIC,    71, -5.819308744699e-01, 3.034653784640e-05, 9.8818e-01, 4.0209e-03, 
 2DIAGNOSTIC,    72, -5.824792573549e-01, 2.825810814377e-05, 9.9270e-01, 4.5190e-03, 
 2DIAGNOSTIC,    73, -5.829159371293e-01, 2.816327223355e-05, 9.9675e-01, 4.0510e-03, 
 2DIAGNOSTIC,    74, -5.833745097794e-01, 3.052455618246e-05, 1.0018e+00, 5.0702e-03, 
 2DIAGNOSTIC,    75, -5.836060724422e-01, 3.308083570071e-05, 1.0069e+00, 5.1210e-03, 
 2DIAGNOSTIC,    76, -5.836700945802e-01, 3.713746547234e-05, 1.0114e+00, 4.4360e-03, 
 2DIAGNOSTIC,    77, -5.836097674683e-01, 3.812589512677e-05, 1.0153e+00, 3.9399e-03, 
 2DIAGNOSTIC,    78, -5.837074535468e-01, 3.538209529516e-05, 1.0193e+00, 3.9530e-03, 
 2DIAGNOSTIC,    79, -5.838664099756e-01, 3.152637973160e-05, 1.0233e+00, 4.0059e-03, 
 2DIAGNOSTIC,    80, -5.838983808846e-01, 2.568744215248e-05, 1.0282e+00, 4.9200e-03, 
 2DIAGNOSTIC,    81, -5.841255176548e-01, 1.908705367617e-05, 1.0326e+00, 4.4050e-03, 
 2DIAGNOSTIC,    82, -5.843934315487e-01, 1.602529764548e-05, 1.0366e+00, 3.9611e-03, 
 2DIAGNOSTIC,    83, -5.847446914147e-01, 1.639833289571e-05, 1.0405e+00, 3.9520e-03, 
 2DIAGNOSTIC,    84, -5.850511356995e-01, 1.989201154419e-05, 1.0464e+00, 5.8770e-03, 
 2DIAGNOSTIC,    85, -5.850651801301e-01, 2.290385487445e-05, 1.0503e+00, 3.9392e-03, 
 2DIAGNOSTIC,    86, -5.853003588282e-01, 2.553826093337e-05, 1.0552e+00, 4.9090e-03, 
 2DIAGNOSTIC,    87, -5.854024835561e-01, 2.587735917145e-05, 1.0611e+00, 5.8939e-03, 
 2DIAGNOSTIC,    88, -5.854249327961e-01, 2.440639151977e-05, 1.0656e+00, 4.4241e-03, 
 2DIAGNOSTIC,    89, -5.856486596393e-01, 2.290914870784e-05, 1.0695e+00, 3.9489e-03, 
 2DIAGNOSTIC,    90, -5.858885111254e-01, 2.081461425772e-05, 1.0735e+00, 3.9620e-03, 
 2DIAGNOSTIC,    91, -5.859596379003e-01, 1.845750911364e-05, 1.0774e+00, 3.9570e-03, 
 2DIAGNOSTIC,    92, -5.859559008891e-01, 1.587209241996e-05, 1.0814e+00, 3.9511e-03, 
 2DIAGNOSTIC,    93, -5.860315449038e-01, 1.421820904369e-05, 1.0863e+00, 4.8890e-03, 
 2DIAGNOSTIC,    94, -5.860939770112e-01, 1.328558041692e-05, 1.0907e+00, 4.4372e-03, 
 2DIAGNOSTIC,    95, -5.861400715971e-01, 1.139036890062e-05, 1.0946e+00, 3.9430e-03, 
 2DIAGNOSTIC,    96, -5.863528311200e-01, 1.088122008285e-05, 1.0991e+00, 4.4169e-03, 
 2DIAGNOSTIC,    97, -5.864157062712e-01, 1.024919795259e-05, 1.1032e+00, 4.1699e-03, 
 2DIAGNOSTIC,    98, -5.863816632444e-01, 8.599671521479e-06, 1.1073e+00, 4.0209e-03, 
 2DIAGNOSTIC,    99, -5.866595449751e-01, 8.789877233175e-06, 1.1118e+00, 4.5500e-03, 
 2DIAGNOSTIC,   100, -5.866857901837e-01, 9.479650150091e-06, 1.1164e+00, 4.5691e-03, 
 2DIAGNOSTIC,   101, -5.868499684424e-01, 1.047159640937e-05, 1.1217e+00, 5.3489e-03, 
 2DIAGNOSTIC,   102, -5.869825167261e-01, 1.110092623658e-05, 1.1259e+00, 4.1549e-03, 
 2DIAGNOSTIC,   103, -5.869386955790e-01, 1.083454827858e-05, 1.1298e+00, 3.9392e-03, 
 2DIAGNOSTIC,   104, -5.870581118118e-01, 1.047167929012e-05, 1.1351e+00, 5.2800e-03, 
 2DIAGNOSTIC,   105, -5.871201594029e-01, 9.615391172646e-06, 1.1391e+00, 3.9570e-03, 
 2DIAGNOSTIC,   106, -5.871780027105e-01, 9.178181641908e-06, 1.1435e+00, 4.3941e-03, 
 2DIAGNOSTIC,   107, -5.873027986735e-01, 8.807444373439e-06, 1.1488e+00, 5.3921e-03, 
 2DIAGNOSTIC,   108, -5.873496378207e-01, 7.648826680730e-06, 1.1533e+00, 4.4210e-03, 
 2DIAGNOSTIC,   109, -5.874052358517e-01, 7.383211436585e-06, 1.1572e+00, 3.9489e-03, 
 2DIAGNOSTIC,   110, -5.874334539106e-01, 6.670228252199e-06, 1.1611e+00, 3.9349e-03, 
 2DIAGNOSTIC,   111, -5.874435926816e-01, 6.143339274898e-06, 1.1656e+00, 4.4041e-03, 
 2DIAGNOSTIC,   112, -5.874483348989e-01, 5.698424664030e-06, 1.1695e+00, 3.9251e-03, 
 2DIAGNOSTIC,   113, -5.873761675048e-01, 4.200815983783e-06, 1.1734e+00, 3.9251e-03, 
 2DIAGNOSTIC,   114, -5.874153978509e-01, 3.073962037413e-06, 1.1797e+00, 6.3159e-03, 
 2DIAGNOSTIC,   115, -5.873374748006e-01, 1.618905143065e-06, 1.1836e+00, 3.9291e-03, 
DIAGNOSTIC,Iteration,metricValue,convergenceValue,ITERATION_TIME_INDEX,SINCE_LAST
 2DIAGNOSTIC,     1, -4.731401058047e-01, 1.797693134862e+308, 1.8481e+00, 6.6441e-01, 
 2DIAGNOSTIC,     2, -4.738280746459e-01, 1.797693134862e+308, 1.8730e+00, 2.4986e-02, 
 2DIAGNOSTIC,     3, -4.749110043039e-01, 1.797693134862e+308, 1.8986e+00, 2.5608e-02, 
 2DIAGNOSTIC,     4, -4.769262014555e-01, 1.797693134862e+308, 1.9260e+00, 2.7371e-02, 
 2DIAGNOSTIC,     5, -4.804363251338e-01, 1.797693134862e+308, 1.9522e+00, 2.6184e-02, 
 2DIAGNOSTIC,     6, -4.822172779752e-01, 1.797693134862e+308, 1.9805e+00, 2.8286e-02, 
 2DIAGNOSTIC,     7, -4.830066348886e-01, 1.797693134862e+308, 2.0059e+00, 2.5400e-02, 
 2DIAGNOSTIC,     8, -4.831207951797e-01, 1.797693134862e+308, 2.0339e+00, 2.8057e-02, 
 2DIAGNOSTIC,     9, -4.833792952411e-01, 1.797693134862e+308, 2.0696e+00, 3.5634e-02, 
 2DIAGNOSTIC,    10, -4.838168392928e-01, 1.658008022235e-03, 2.1016e+00, 3.2044e-02, 
 2DIAGNOSTIC,    11, -4.840382696178e-01, 1.289937515406e-03, 2.1332e+00, 3.1542e-02, 
 2DIAGNOSTIC,    12, -4.840548346814e-01, 9.047618841494e-04, 2.1610e+00, 2.7829e-02, 
 2DIAGNOSTIC,    13, -4.850289944829e-01, 5.921475611038e-04, 2.1895e+00, 2.8552e-02, 
 2DIAGNOSTIC,    14, -4.852841479459e-01, 3.627843128917e-04, 2.2289e+00, 3.9316e-02, 
 2DIAGNOSTIC,    15, -4.854669950425e-01, 2.750245926455e-04, 2.2603e+00, 3.1457e-02, 
 2DIAGNOSTIC,    16, -4.856420406870e-01, 2.451434688655e-04, 2.2886e+00, 2.8232e-02, 
 2DIAGNOSTIC,    17, -4.862295664582e-01, 2.443195897499e-04, 2.3171e+00, 2.8522e-02, 
 2DIAGNOSTIC,    18, -4.873013119924e-01, 2.591075530905e-04, 2.3523e+00, 3.5209e-02, 
 2DIAGNOSTIC,    19, -4.881669334591e-01, 2.821133405117e-04, 2.3842e+00, 3.1931e-02, 
 2DIAGNOSTIC,    20, -4.898891648770e-01, 3.403504445752e-04, 2.4160e+00, 3.1801e-02, 
 2DIAGNOSTIC,    21, -4.916897359367e-01, 4.176649271743e-04, 2.4489e+00, 3.2891e-02, 
 2DIAGNOSTIC,    22, -4.921204493813e-01, 4.595207001601e-04, 2.4769e+00, 2.8020e-02, 
 2DIAGNOSTIC,    23, -4.923131737447e-01, 4.849325378172e-04, 2.5050e+00, 2.8042e-02, 
 2DIAGNOSTIC,    24, -4.927652195867e-01, 4.804234226780e-04, 2.5509e+00, 4.5902e-02, 
 2DIAGNOSTIC,    25, -4.929141243769e-01, 4.385588652004e-04, 2.5792e+00, 2.8327e-02, 
 2DIAGNOSTIC,    26, -4.929703333039e-01, 3.635381683362e-04, 2.6108e+00, 3.1581e-02, 
 2DIAGNOSTIC,    27, -4.931011805011e-01, 2.756482928249e-04, 2.6423e+00, 3.1552e-02, 
 2DIAGNOSTIC,    28, -4.934071474587e-01, 1.974326833185e-04, 2.6985e+00, 5.6198e-02, 
 2DIAGNOSTIC,    29, -4.934158847694e-01, 1.230813985052e-04, 2.7263e+00, 2.7758e-02, 
 2DIAGNOSTIC,    30, -4.934204003799e-01, 7.506338472653e-05, 2.7548e+00, 2.8492e-02, 
 2DIAGNOSTIC,    31, -4.934195756714e-01, 5.711910650058e-05, 2.7840e+00, 2.9185e-02, 
 2DIAGNOSTIC,    32, -4.934300178011e-01, 4.303465430633e-05, 2.8133e+00, 2.9350e-02, 
 2DIAGNOSTIC,    33, -4.934279260942e-01, 2.891743328491e-05, 2.8463e+00, 3.3030e-02, 
 2DIAGNOSTIC,    34, -4.934565483531e-01, 2.119594513821e-05, 2.8790e+00, 3.2612e-02, 
 2DIAGNOSTIC,    35, -4.934558341406e-01, 1.453780225217e-05, 2.9114e+00, 3.2407e-02, 
 2DIAGNOSTIC,    36, -4.934788446877e-01, 8.248906572569e-06, 2.9447e+00, 3.3288e-02, 
 2DIAGNOSTIC,    37, -4.934626575660e-01, 3.269841719403e-06, 2.9738e+00, 2.9129e-02, 
 2DIAGNOSTIC,    38, -4.934712562140e-01, 3.158054851234e-06, 3.0065e+00, 3.2728e-02, 
 2DIAGNOSTIC,    39, -4.934778798630e-01, 3.053772071090e-06, 3.0390e+00, 3.2497e-02, 
 2DIAGNOSTIC,    40, -4.934686019850e-01, 2.666872675128e-06, 3.0682e+00, 2.9151e-02, 
 2DIAGNOSTIC,    41, -4.934763042787e-01, 2.223324676406e-06, 3.1118e+00, 4.3685e-02, 
 2DIAGNOSTIC,    42, -4.934698801500e-01, 1.723941305192e-06, 3.1483e+00, 3.6470e-02, 
 2DIAGNOSTIC,    43, -4.934629781708e-01, 1.028834087854e-06, 3.1817e+00, 3.3352e-02, 
DIAGNOSTIC,Iteration,metricValue,convergenceValue,ITERATION_TIME_INDEX,SINCE_LAST
 2DIAGNOSTIC,     1, -4.342137866107e-01, 1.797693134862e+308, 4.1578e+00, 9.7609e-01, 
 2DIAGNOSTIC,     2, -4.343802125942e-01, 1.797693134862e+308, 4.3464e+00, 1.8866e-01, 
 2DIAGNOSTIC,     3, -4.344623945642e-01, 1.797693134862e+308, 4.5224e+00, 1.7600e-01, 
 2DIAGNOSTIC,     4, -4.345895141230e-01, 1.797693134862e+308, 4.7276e+00, 2.0518e-01, 
 2DIAGNOSTIC,     5, -4.347021981308e-01, 1.797693134862e+308, 5.0492e+00, 3.2163e-01, 
 2DIAGNOSTIC,     6, -4.347197931117e-01, 1.797693134862e+308, 5.2296e+00, 1.8035e-01, 
 2DIAGNOSTIC,     7, -4.347312077237e-01, 1.797693134862e+308, 5.4061e+00, 1.7657e-01, 
 2DIAGNOSTIC,     8, -4.347576249563e-01, 1.797693134862e+308, 5.6090e+00, 2.0285e-01, 
 2DIAGNOSTIC,     9, -4.347727399836e-01, 1.797693134862e+308, 5.7863e+00, 1.7728e-01, 
 2DIAGNOSTIC,    10, -4.347855225228e-01, 8.106527644675e-05, 5.9811e+00, 1.9484e-01, 
 2DIAGNOSTIC,    11, -4.348396784672e-01, 5.628443784336e-05, 6.1680e+00, 1.8685e-01, 
 2DIAGNOSTIC,    12, -4.348984228627e-01, 4.309058321117e-05, 6.4289e+00, 2.6092e-01, 
 2DIAGNOSTIC,    13, -4.349069910742e-01, 3.267159384267e-05, 6.6375e+00, 2.0858e-01, 
 2DIAGNOSTIC,    14, -4.349141697791e-01, 2.718031931752e-05, 6.9164e+00, 2.7892e-01, 
 2DIAGNOSTIC,    15, -4.349126495036e-01, 2.501232992046e-05, 7.1193e+00, 2.0291e-01, 
 2DIAGNOSTIC,    16, -4.349125731559e-01, 2.170464152698e-05, 7.3180e+00, 1.9872e-01, 
 2DIAGNOSTIC,    17, -4.349127633894e-01, 1.736013586821e-05, 7.5218e+00, 2.0378e-01, 
 2DIAGNOSTIC,    18, -4.349120340537e-01, 1.300728362218e-05, 7.6942e+00, 1.7236e-01, 
 2DIAGNOSTIC,    19, -4.349122182640e-01, 8.636201562176e-06, 7.8713e+00, 1.7714e-01, 
 2DIAGNOSTIC,    20, -4.349137776146e-01, 4.500851191719e-06, 8.0742e+00, 2.0292e-01, 
 2DIAGNOSTIC,    21, -4.349183354271e-01, 2.269034130163e-06, 8.2825e+00, 2.0829e-01, 
 2DIAGNOSTIC,    22, -4.349180731645e-01, 1.898821519151e-06, 8.4849e+00, 2.0237e-01, 
 2DIAGNOSTIC,    23, -4.349219550186e-01, 1.868720188362e-06, 8.6608e+00, 1.7590e-01, 
 2DIAGNOSTIC,    24, -4.349250620282e-01, 2.075778875503e-06, 8.8780e+00, 2.1717e-01, 
 2DIAGNOSTIC,    25, -4.349241457265e-01, 2.129577795981e-06, 9.1565e+00, 2.7859e-01, 
 2DIAGNOSTIC,    26, -4.349229233830e-01, 2.066857789175e-06, 9.3603e+00, 2.0372e-01, 
 2DIAGNOSTIC,    27, -4.349224819365e-01, 1.925615679771e-06, 9.5441e+00, 1.8388e-01, 
 2DIAGNOSTIC,    28, -4.349214800540e-01, 1.683455805687e-06, 9.7480e+00, 2.0389e-01, 
 2DIAGNOSTIC,    29, -4.349222417071e-01, 1.426431489523e-06, 9.9774e+00, 2.2932e-01, 
 2DIAGNOSTIC,    30, -4.349219316416e-01, 1.180384974937e-06, 1.0228e+01, 2.5091e-01, 
 2DIAGNOSTIC,    31, -4.349231862824e-01, 1.064224132513e-06, 1.0522e+01, 2.9411e-01, 
DIAGNOSTIC,Iteration,metricValue,convergenceValue,ITERATION_TIME_INDEX,SINCE_LAST
 2DIAGNOSTIC,     1, -4.014065727809e-01, 1.797693134862e+308, 1.2952e+01, 2.4294e+00, 
 2DIAGNOSTIC,     2, -4.015399117814e-01, 1.797693134862e+308, 1.4422e+01, 1.4704e+00, 
 2DIAGNOSTIC,     3, -4.016296138885e-01, 1.797693134862e+308, 1.5767e+01, 1.3446e+00, 
 2DIAGNOSTIC,     4, -4.016648663443e-01, 1.797693134862e+308, 1.7347e+01, 1.5800e+00, 
 2DIAGNOSTIC,     5, -4.016706745952e-01, 1.797693134862e+308, 1.8732e+01, 1.3856e+00, 
 2DIAGNOSTIC,     6, -4.016945610424e-01, 1.797693134862e+308, 2.0424e+01, 1.6921e+00, 
 2DIAGNOSTIC,     7, -4.017436730816e-01, 1.797693134862e+308, 2.2060e+01, 1.6355e+00, 
 2DIAGNOSTIC,     8, -4.017616826979e-01, 1.797693134862e+308, 2.3420e+01, 1.3601e+00, 
 2DIAGNOSTIC,     9, -4.017923500452e-01, 1.797693134862e+308, 2.5066e+01, 1.6455e+00, 
 2DIAGNOSTIC,    10, -4.017998456909e-01, 5.605523727960e-05, 2.6486e+01, 1.4205e+00, 
 2DIAGNOSTIC,    11, -4.018124771900e-01, 3.900212460317e-05, 2.8017e+01, 1.5304e+00, 
 2DIAGNOSTIC,    12, -4.018197304158e-01, 2.967809797716e-05, 2.9311e+01, 1.2947e+00, 
 2DIAGNOSTIC,    13, -4.018314002494e-01, 2.480649852848e-05, 3.0914e+01, 1.6029e+00, 
 2DIAGNOSTIC,    14, -4.018423901135e-01, 2.095066177436e-05, 3.3100e+01, 2.1853e+00, 
 2DIAGNOSTIC,    15, -4.018427787417e-01, 1.618942861401e-05, 3.4634e+01, 1.5348e+00, 
 2DIAGNOSTIC,    16, -4.018445376852e-01, 1.183874297969e-05, 3.5987e+01, 1.3525e+00, 
 2DIAGNOSTIC,    17, -4.018457787003e-01, 9.184314514611e-06, 3.7593e+01, 1.6058e+00, 
 2DIAGNOSTIC,    18, -4.018460756747e-01, 6.835182155981e-06, 3.9153e+01, 1.5603e+00, 
 2DIAGNOSTIC,    19, -4.018459977170e-01, 5.397535295736e-06, 4.0593e+01, 1.4403e+00, 
 2DIAGNOSTIC,    20, -4.018471532196e-01, 4.059743219167e-06, 4.2184e+01, 1.5903e+00, 
 2DIAGNOSTIC,    21, -4.018485179071e-01, 3.092459365604e-06, 4.3841e+01, 1.6571e+00, 
 2DIAGNOSTIC,    22, -4.018494234431e-01, 2.320129452428e-06, 4.5847e+01, 2.0060e+00, 
 2DIAGNOSTIC,    23, -4.018493290773e-01, 1.880561985801e-06, 4.7442e+01, 1.5958e+00, 
 2DIAGNOSTIC,    24, -4.018492780253e-01, 1.755269018792e-06, 4.9062e+01, 1.6197e+00, 
 2DIAGNOSTIC,    25, -4.018490141242e-01, 1.602062504089e-06, 5.0758e+01, 1.6958e+00, 
 2DIAGNOSTIC,    26, -4.018492654854e-01, 1.482758343510e-06, 5.2235e+01, 1.4771e+00, 
 2DIAGNOSTIC,    27, -4.018490253688e-01, 1.373540674712e-06, 5.3798e+01, 1.5629e+00, 
 2DIAGNOSTIC,    28, -4.018490973636e-01, 1.264107609561e-06, 5.5322e+01, 1.5242e+00, 
 2DIAGNOSTIC,    29, -4.018488862152e-01, 1.143083499668e-06, 5.6891e+01, 1.5688e+00, 
 2DIAGNOSTIC,    30, -4.018489234632e-01, 1.053358112554e-06, 5.9203e+01, 2.3117e+00, 
  Elapsed time (stage 0): 5.9995e+01


Total elapsed time: 5.9997e+01
Info [verificarlo]: loaded backend libinterflop_ieee.so
Info [interflop-ieee]: load backend with:
Info [interflop-ieee]: debug = false
Info [interflop-ieee]: debug-binary = false
Info [interflop-ieee]: no-backend-name = false
Info [interflop-ieee]: print-new-line = false
Info [interflop-ieee]: print-subnormal-normalized = false
Info [interflop-ieee]: count-op = false
All_Command_lines_OK
Using double precision for computations.
=============================================================================
The composite transform comprises the following transforms (in order): 
  1. /home/mdugre/scratch/mri-registration-rp/datasets/ds004513/derivatives/mri-registration-rp/0001/antsRegistration-r7-p10/sub-s037/rigid_Composite.h5[0] (type = Euler3DTransform)
  2. /home/mdugre/scratch/mri-registration-rp/datasets/ds004513/derivatives/mri-registration-rp/0001/antsRegistration-r7-p10/sub-s037/rigid_Composite.h5[1] (type = Euler3DTransform)
  3. /home/mdugre/scratch/mri-registration-rp/datasets/ds004513/derivatives/mri-registration-rp/0001/antsRegistration-r7-p10/sub-s037/rigid_Composite.h5[2] (type = Euler3DTransform)
=============================================================================
  number of levels = 4
  fixed image: /templateflow/tpl-MNI152NLin2009cAsym/tpl-MNI152NLin2009cAsym_res-01_desc-brain_T1w.nii.gz
  moving image: /home/mdugre/scratch/mri-registration-rp/datasets/ds004513/derivatives/mri-registration-rp/antsBrainExtraction/sub-s037/BrainExtractionBrain.nii.gz
Dimension = 3
Number of stages = 1
Use histogram matching = false
Winsorize image intensities = true
  Lower quantile = 0.005
  Upper quantile = 0.995


Stage 1 State
   Image metric = MattesMI
     Fixed image = Image (0x34a57e0)
  RTTI typeinfo:   itk::Image<double, 3u>
  Reference Count: 2
  Modified Time: 1592
  Debug: Off
  Object Name: 
  Observers: 
    none
  Source: (none)
  Source output name: (none)
  Release Data: Off
  Data Released: False
  Global Release Data: Off
  PipelineMTime: 0
  UpdateMTime: 1203
  RealTimeStamp: 0 seconds 
  LargestPossibleRegion: 
    Dimension: 3
    Index: [0, 0, 0]
    Size: [193, 229, 193]
  BufferedRegion: 
    Dimension: 3
    Index: [0, 0, 0]
    Size: [193, 229, 193]
  RequestedRegion: 
    Dimension: 3
    Index: [0, 0, 0]
    Size: [193, 229, 193]
  Spacing: [1, 1, 1]
  Origin: [96, 132, -78]
  Direction: 
-1 0 0
0 -1 0
0 0 1

  IndexToPointMatrix: 
-1 0 0
0 -1 0
0 0 1

  PointToIndexMatrix: 
-1 0 0
0 -1 0
0 0 1

  Inverse Direction: 
-1 0 0
0 -1 0
0 0 1

  PixelContainer: 
    ImportImageContainer (0x3565a20)
      RTTI typeinfo:   itk::ImportImageContainer<unsigned long, double>
      Reference Count: 1
      Modified Time: 1200
      Debug: Off
      Object Name: 
      Observers: 
        none
      Pointer: 0x15141269d010
      Container manages memory: true
      Size: 8530021
      Capacity: 8530021

     Moving image = Image (0x3560d70)
  RTTI typeinfo:   itk::Image<double, 3u>
  Reference Count: 2
  Modified Time: 1593
  Debug: Off
  Object Name: 
  Observers: 
    none
  Source: (none)
  Source output name: (none)
  Release Data: Off
  Data Released: False
  Global Release Data: Off
  PipelineMTime: 0
  UpdateMTime: 1590
  RealTimeStamp: 0 seconds 
  LargestPossibleRegion: 
    Dimension: 3
    Index: [0, 0, 0]
    Size: [160, 240, 256]
  BufferedRegion: 
    Dimension: 3
    Index: [0, 0, 0]
    Size: [160, 240, 256]
  RequestedRegion: 
    Dimension: 3
    Index: [0, 0, 0]
    Size: [160, 240, 256]
  Spacing: [1, 1, 1]
  Origin: [87.9508, 102.562, -147.639]
  Direction: 
-0.998659 -0.0436121 -0.0279129
0.043595 -0.999049 0.00121847
-0.0279395 -2.65543e-08 0.99961

  IndexToPointMatrix: 
-0.998659 -0.0436121 -0.0279129
0.043595 -0.999049 0.00121847
-0.0279395 -2.65543e-08 0.99961

  PointToIndexMatrix: 
-0.998659 0.043595 -0.0279395
-0.0436121 -0.999049 -2.65517e-08
-0.0279129 0.00121847 0.99961

  Inverse Direction: 
-0.998659 0.043595 -0.0279395
-0.0436121 -0.999049 -2.65517e-08
-0.0279129 0.00121847 0.99961

  PixelContainer: 
    ImportImageContainer (0x3518c90)
      RTTI typeinfo:   itk::ImportImageContainer<unsigned long, double>
      Reference Count: 1
      Modified Time: 1587
      Debug: Off
      Object Name: 
      Observers: 
        none
      Pointer: 0x15140db9c010
      Container manages memory: true
      Size: 9830400
      Capacity: 9830400

     Weighting = 1
     Sampling strategy = regular
     Number of bins = 32
     Radius = 4
     Sampling percentage  = 0.25
   Transform = Affine
     Gradient step = 0.1
     Update field sigma (voxel space) = 0
     Total field sigma (voxel space) = 0
     Update field time sigma = 0
     Total field time sigma  = 0
     Number of time indices = 0
     Number of time point samples = 0
Registration using 1 total stages.

Stage 0
  iterations = 1000x500x250x100
  convergence threshold = 1e-06
  convergence window size = 10
  number of levels = 4
  using the Mattes MI metric (number of bins = 32, weight = 1, use gradient filter = 0)
  preprocessing:  winsorizing the image intensities
  Shrink factors (level 1 out of 4): [8, 8, 8]
  Shrink factors (level 2 out of 4): [4, 4, 4]
  Shrink factors (level 3 out of 4): [2, 2, 2]
  Shrink factors (level 4 out of 4): [1, 1, 1]
  smoothing sigmas per level: [3, 2, 1, 0]
  regular sampling (percentage = 0.25)

*** Running AffineTransform registration ***

DIAGNOSTIC,Iteration,metricValue,convergenceValue,ITERATION_TIME_INDEX,SINCE_LAST
 2DIAGNOSTIC,     1, -5.857418848505e-01, 1.797693134862e+308, 6.6273e-01, 6.6273e-01, 
 2DIAGNOSTIC,     2, -5.870254062081e-01, 1.797693134862e+308, 6.6689e-01, 4.1599e-03, 
 2DIAGNOSTIC,     3, -5.893662604210e-01, 1.797693134862e+308, 6.7135e-01, 4.4611e-03, 
 2DIAGNOSTIC,     4, -5.938345630341e-01, 1.797693134862e+308, 6.7638e-01, 5.0318e-03, 
 2DIAGNOSTIC,     5, -6.027307024193e-01, 1.797693134862e+308, 6.8082e-01, 4.4410e-03, 
 2DIAGNOSTIC,     6, -6.144705980331e-01, 1.797693134862e+308, 6.8533e-01, 4.5061e-03, 
 2DIAGNOSTIC,     7, -6.383152795308e-01, 1.797693134862e+308, 6.9001e-01, 4.6771e-03, 
 2DIAGNOSTIC,     8, -6.710674722409e-01, 1.797693134862e+308, 6.9590e-01, 5.8918e-03, 
 2DIAGNOSTIC,     9, -6.948997006592e-01, 1.797693134862e+308, 7.0472e-01, 8.8220e-03, 
 2DIAGNOSTIC,    10, -6.951785926029e-01, 1.285955781005e-02, 7.0965e-01, 4.9279e-03, 
 2DIAGNOSTIC,    11, -6.974175400963e-01, 1.262853414326e-02, 7.1452e-01, 4.8740e-03, 
 2DIAGNOSTIC,    12, -7.004719464491e-01, 1.146905279999e-02, 7.1941e-01, 4.8831e-03, 
 2DIAGNOSTIC,    13, -7.029093260452e-01, 9.614381732085e-03, 7.2433e-01, 4.9200e-03, 
 2DIAGNOSTIC,    14, -7.056544977250e-01, 7.395512420745e-03, 7.2982e-01, 5.4979e-03, 
 2DIAGNOSTIC,    15, -7.113717009290e-01, 5.258188834879e-03, 7.3586e-01, 6.0370e-03, 
 2DIAGNOSTIC,    16, -7.150766667165e-01, 3.346821573514e-03, 7.4133e-01, 5.4669e-03, 
 2DIAGNOSTIC,    17, -7.154135808459e-01, 1.967251173980e-03, 7.4625e-01, 4.9260e-03, 
 2DIAGNOSTIC,    18, -7.172635326924e-01, 1.382249385961e-03, 7.5179e-01, 5.5380e-03, 
 2DIAGNOSTIC,    19, -7.204887909500e-01, 1.343566524339e-03, 7.5892e-01, 7.1251e-03, 
 2DIAGNOSTIC,    20, -7.205305419391e-01, 1.188009961182e-03, 7.6389e-01, 4.9741e-03, 
 2DIAGNOSTIC,    21, -7.209116015845e-01, 9.904057785462e-04, 7.6928e-01, 5.3899e-03, 
 2DIAGNOSTIC,    22, -7.208539441770e-01, 7.788620842892e-04, 7.7416e-01, 4.8790e-03, 
 2DIAGNOSTIC,    23, -7.210549849572e-01, 5.629124662472e-04, 7.7953e-01, 5.3692e-03, 
 2DIAGNOSTIC,    24, -7.212521578008e-01, 3.619772333714e-04, 7.8493e-01, 5.4009e-03, 
 2DIAGNOSTIC,    25, -7.212975105779e-01, 2.392496216921e-04, 7.9029e-01, 5.3558e-03, 
 2DIAGNOSTIC,    26, -7.212641476088e-01, 1.641501993586e-04, 7.9557e-01, 5.2879e-03, 
 2DIAGNOSTIC,    27, -7.212761790283e-01, 8.485144959490e-05, 8.0052e-01, 4.9441e-03, 
 2DIAGNOSTIC,    28, -7.214974195616e-01, 3.306646586468e-05, 8.0544e-01, 4.9191e-03, 
 2DIAGNOSTIC,    29, -7.215188925033e-01, 2.835556174693e-05, 8.1308e-01, 7.6451e-03, 
 2DIAGNOSTIC,    30, -7.215314544006e-01, 2.205377107264e-05, 8.1783e-01, 4.7500e-03, 
 2DIAGNOSTIC,    31, -7.214350079445e-01, 1.814389052694e-05, 8.2311e-01, 5.2819e-03, 
 2DIAGNOSTIC,    32, -7.214393247563e-01, 1.218338587419e-05, 8.2807e-01, 4.9531e-03, 
 2DIAGNOSTIC,    33, -7.213439166568e-01, 6.732641711173e-06, 8.3284e-01, 4.7770e-03, 
 2DIAGNOSTIC,    34, -7.214524426544e-01, 4.756141707321e-06, 8.3762e-01, 4.7750e-03, 
 2DIAGNOSTIC,    35, -7.214616022522e-01, 3.186173053719e-06, 8.4227e-01, 4.6499e-03, 
 2DIAGNOSTIC,    36, -7.215764706679e-01, 2.466529515230e-06, 8.4671e-01, 4.4370e-03, 
 2DIAGNOSTIC,    37, -7.217949676496e-01, 4.121882633865e-06, 8.5199e-01, 5.2819e-03, 
 2DIAGNOSTIC,    38, -7.220227882430e-01, 1.016037915480e-05, 8.6037e-01, 8.3790e-03, 
 2DIAGNOSTIC,    39, -7.219243228541e-01, 1.413259608199e-05, 8.6570e-01, 5.3310e-03, 
 2DIAGNOSTIC,    40, -7.218587855136e-01, 1.618742105698e-05, 8.7053e-01, 4.8349e-03, 
 2DIAGNOSTIC,    41, -7.217891039378e-01, 1.503974595620e-05, 8.7582e-01, 5.2850e-03, 
 2DIAGNOSTIC,    42, -7.217974682935e-01, 1.270239376751e-05, 8.8056e-01, 4.7469e-03, 
 2DIAGNOSTIC,    43, -7.217031594353e-01, 7.469369531287e-06, 8.8530e-01, 4.7319e-03, 
