
##########################
# Experiment information #
##########################

EXPERIMENT_NAME: antsRegistration-r7-p21
VFC_BACKENDS: libinterflop_vprec.so --range-binary32=7 --precision-binary32=21 --range-binary64=7 --precision-binary64=21

SIF_IMG: /home/mdugre/projects/rrg-glatard/mdugre/containers/ants-vprec-no_metrics.simg

SUBJECT_ID: s025
INPUT_IMG: /home/mdugre/scratch/mri-registration-rp/datasets/ds004513/derivatives/mri-registration-rp/antsBrainExtraction/sub-s025/BrainExtractionBrain.nii.gz
OUTPUT_DIR: /home/mdugre/scratch/mri-registration-rp/datasets/ds004513/derivatives/mri-registration-rp/0001/antsRegistration-r7-p21/sub-s025

FIXED_IMG: /templateflow/tpl-MNI152NLin2009cAsym/tpl-MNI152NLin2009cAsym_res-01_desc-brain_T1w.nii.gz
DATA_DIR: /home/mdugre/scratch/mri-registration-rp/datasets/ds004513
TEMPLATEFLOW_DIR: /home/mdugre/projects/rrg-glatard/mdugre/templateflow
ITK_GLOBAL_DEFAULT_NUMBER_OF_THREADS: 16
##########################

Info [verificarlo]: loaded backend libinterflop_ieee.so
Info [interflop-ieee]: load backend with:
Info [interflop-ieee]: debug = false
Info [interflop-ieee]: debug-binary = false
Info [interflop-ieee]: no-backend-name = false
Info [interflop-ieee]: print-new-line = false
Info [interflop-ieee]: print-subnormal-normalized = false
Info [interflop-ieee]: count-op = false
All_Command_lines_OK
Using double precision for computations.
=============================================================================
The composite transform comprises the following transforms (in order): 
  1. Center of mass alignment using fixed image: /templateflow/tpl-MNI152NLin2009cAsym/tpl-MNI152NLin2009cAsym_res-01_desc-brain_T1w.nii.gz and moving image: /home/mdugre/scratch/mri-registration-rp/datasets/ds004513/derivatives/mri-registration-rp/antsBrainExtraction/sub-s025/BrainExtractionBrain.nii.gz (type = Euler3DTransform)
=============================================================================
  number of levels = 1
  fixed image: /templateflow/tpl-MNI152NLin2009cAsym/tpl-MNI152NLin2009cAsym_res-01_desc-brain_T1w.nii.gz
  moving image: /home/mdugre/scratch/mri-registration-rp/datasets/ds004513/derivatives/mri-registration-rp/antsBrainExtraction/sub-s025/BrainExtractionBrain.nii.gz
Dimension = 3
Number of stages = 1
Use histogram matching = false
Winsorize image intensities = true
  Lower quantile = 0.005
  Upper quantile = 0.995


Stage 1 State
   Image metric = MattesMI
     Fixed image = Image (0x416ee70)
  RTTI typeinfo:   itk::Image<double, 3u>
  Reference Count: 2
  Modified Time: 2334
  Debug: Off
  Object Name: 
  Observers: 
    none
  Source: (none)
  Source output name: (none)
  Release Data: Off
  Data Released: False
  Global Release Data: Off
  PipelineMTime: 0
  UpdateMTime: 1943
  RealTimeStamp: 0 seconds 
  LargestPossibleRegion: 
    Dimension: 3
    Index: [0, 0, 0]
    Size: [193, 229, 193]
  BufferedRegion: 
    Dimension: 3
    Index: [0, 0, 0]
    Size: [193, 229, 193]
  RequestedRegion: 
    Dimension: 3
    Index: [0, 0, 0]
    Size: [193, 229, 193]
  Spacing: [1, 1, 1]
  Origin: [96, 132, -78]
  Direction: 
-1 0 0
0 -1 0
0 0 1

  IndexToPointMatrix: 
-1 0 0
0 -1 0
0 0 1

  PointToIndexMatrix: 
-1 0 0
0 -1 0
0 0 1

  Inverse Direction: 
-1 0 0
0 -1 0
0 0 1

  PixelContainer: 
    ImportImageContainer (0x4177c60)
      RTTI typeinfo:   itk::ImportImageContainer<unsigned long, double>
      Reference Count: 1
      Modified Time: 1940
      Debug: Off
      Object Name: 
      Observers: 
        none
      Pointer: 0x147d98760010
      Container manages memory: true
      Size: 8530021
      Capacity: 8530021

     Moving image = Image (0x417a610)
  RTTI typeinfo:   itk::Image<double, 3u>
  Reference Count: 2
  Modified Time: 2335
  Debug: Off
  Object Name: 
  Observers: 
    none
  Source: (none)
  Source output name: (none)
  Release Data: Off
  Data Released: False
  Global Release Data: Off
  PipelineMTime: 0
  UpdateMTime: 2332
  RealTimeStamp: 0 seconds 
  LargestPossibleRegion: 
    Dimension: 3
    Index: [0, 0, 0]
    Size: [176, 240, 256]
  BufferedRegion: 
    Dimension: 3
    Index: [0, 0, 0]
    Size: [176, 240, 256]
  RequestedRegion: 
    Dimension: 3
    Index: [0, 0, 0]
    Size: [176, 240, 256]
  Spacing: [0.999999, 1, 1]
  Origin: [90.3778, 84.5091, -154.071]
  Direction: 
-0.999391 7.48184e-06 -0.0348969
-7.47664e-06 -1 -2.7953e-07
-0.0348969 -1.84481e-08 0.999391

  IndexToPointMatrix: 
-0.99939 7.48184e-06 -0.0348969
-7.47663e-06 -1 -2.7953e-07
-0.0348968 -1.84481e-08 0.999391

  PointToIndexMatrix: 
-0.999392 -7.47665e-06 -0.0348969
7.48184e-06 -1 -1.84481e-08
-0.0348969 -2.7953e-07 0.999391

  Inverse Direction: 
-0.999391 -7.47664e-06 -0.0348969
7.48184e-06 -1 -1.84481e-08
-0.0348969 -2.7953e-07 0.999391

  PixelContainer: 
    ImportImageContainer (0x4213ef0)
      RTTI typeinfo:   itk::ImportImageContainer<unsigned long, double>
      Reference Count: 1
      Modified Time: 2329
      Debug: Off
      Object Name: 
      Observers: 
        none
      Pointer: 0x147d934df010
      Container manages memory: true
      Size: 10813440
      Capacity: 10813440

     Weighting = 1
     Sampling strategy = regular
     Number of bins = 32
     Radius = 4
     Sampling percentage  = 0.25
   Transform = Rigid
     Gradient step = 0.1
     Update field sigma (voxel space) = 0
     Total field sigma (voxel space) = 0
     Update field time sigma = 0
     Total field time sigma  = 0
     Number of time indices = 0
     Number of time point samples = 0
Registration using 1 total stages.

Stage 0
  iterations = 0
  convergence threshold = 1e-06
  convergence window size = 10
  number of levels = 1
  using the Mattes MI metric (number of bins = 32, weight = 1, use gradient filter = 0)
  preprocessing:  winsorizing the image intensities
  Shrink factors (level 1 out of 1): [1, 1, 1]
  smoothing sigmas per level: [0]
  regular sampling (percentage = 0.25)

*** Running Euler3DTransform registration ***

  Elapsed time (stage 0): 1.07961


Total elapsed time: 1.08171
Info [verificarlo]: loaded backend libinterflop_ieee.so
Info [interflop-ieee]: load backend with:
Info [interflop-ieee]: debug = false
Info [interflop-ieee]: debug-binary = false
Info [interflop-ieee]: no-backend-name = false
Info [interflop-ieee]: print-new-line = false
Info [interflop-ieee]: print-subnormal-normalized = false
Info [interflop-ieee]: count-op = false
All_Command_lines_OK
Using double precision for computations.
=============================================================================
The composite transform comprises the following transforms (in order): 
  1. /home/mdugre/scratch/mri-registration-rp/datasets/ds004513/derivatives/mri-registration-rp/0001/antsRegistration-r7-p21/sub-s025/align_Composite.h5[0] (type = Euler3DTransform)
  2. /home/mdugre/scratch/mri-registration-rp/datasets/ds004513/derivatives/mri-registration-rp/0001/antsRegistration-r7-p21/sub-s025/align_Composite.h5[1] (type = Euler3DTransform)
=============================================================================
  number of levels = 4
  fixed image: /templateflow/tpl-MNI152NLin2009cAsym/tpl-MNI152NLin2009cAsym_res-01_desc-brain_T1w.nii.gz
  moving image: /home/mdugre/scratch/mri-registration-rp/datasets/ds004513/derivatives/mri-registration-rp/antsBrainExtraction/sub-s025/BrainExtractionBrain.nii.gz
Dimension = 3
Number of stages = 1
Use histogram matching = false
Winsorize image intensities = true
  Lower quantile = 0.005
  Upper quantile = 0.995


Stage 1 State
   Image metric = MattesMI
     Fixed image = Image (0x4317530)
  RTTI typeinfo:   itk::Image<double, 3u>
  Reference Count: 2
  Modified Time: 1580
  Debug: Off
  Object Name: 
  Observers: 
    none
  Source: (none)
  Source output name: (none)
  Release Data: Off
  Data Released: False
  Global Release Data: Off
  PipelineMTime: 0
  UpdateMTime: 1189
  RealTimeStamp: 0 seconds 
  LargestPossibleRegion: 
    Dimension: 3
    Index: [0, 0, 0]
    Size: [193, 229, 193]
  BufferedRegion: 
    Dimension: 3
    Index: [0, 0, 0]
    Size: [193, 229, 193]
  RequestedRegion: 
    Dimension: 3
    Index: [0, 0, 0]
    Size: [193, 229, 193]
  Spacing: [1, 1, 1]
  Origin: [96, 132, -78]
  Direction: 
-1 0 0
0 -1 0
0 0 1

  IndexToPointMatrix: 
-1 0 0
0 -1 0
0 0 1

  PointToIndexMatrix: 
-1 0 0
0 -1 0
0 0 1

  Inverse Direction: 
-1 0 0
0 -1 0
0 0 1

  PixelContainer: 
    ImportImageContainer (0x43d5d60)
      RTTI typeinfo:   itk::ImportImageContainer<unsigned long, double>
      Reference Count: 1
      Modified Time: 1186
      Debug: Off
      Object Name: 
      Observers: 
        none
      Pointer: 0x15060112c010
      Container manages memory: true
      Size: 8530021
      Capacity: 8530021

     Moving image = Image (0x43c7f60)
  RTTI typeinfo:   itk::Image<double, 3u>
  Reference Count: 2
  Modified Time: 1581
  Debug: Off
  Object Name: 
  Observers: 
    none
  Source: (none)
  Source output name: (none)
  Release Data: Off
  Data Released: False
  Global Release Data: Off
  PipelineMTime: 0
  UpdateMTime: 1578
  RealTimeStamp: 0 seconds 
  LargestPossibleRegion: 
    Dimension: 3
    Index: [0, 0, 0]
    Size: [176, 240, 256]
  BufferedRegion: 
    Dimension: 3
    Index: [0, 0, 0]
    Size: [176, 240, 256]
  RequestedRegion: 
    Dimension: 3
    Index: [0, 0, 0]
    Size: [176, 240, 256]
  Spacing: [0.999999, 1, 1]
  Origin: [90.3778, 84.5091, -154.071]
  Direction: 
-0.999391 7.48184e-06 -0.0348969
-7.47664e-06 -1 -2.7953e-07
-0.0348969 -1.84481e-08 0.999391

  IndexToPointMatrix: 
-0.99939 7.48184e-06 -0.0348969
-7.47663e-06 -1 -2.7953e-07
-0.0348968 -1.84481e-08 0.999391

  PointToIndexMatrix: 
-0.999392 -7.47665e-06 -0.0348969
7.48184e-06 -1 -1.84481e-08
-0.0348969 -2.7953e-07 0.999391

  Inverse Direction: 
-0.999391 -7.47664e-06 -0.0348969
7.48184e-06 -1 -1.84481e-08
-0.0348969 -2.7953e-07 0.999391

  PixelContainer: 
    ImportImageContainer (0x43b96d0)
      RTTI typeinfo:   itk::ImportImageContainer<unsigned long, double>
      Reference Count: 1
      Modified Time: 1575
      Debug: Off
      Object Name: 
      Observers: 
        none
      Pointer: 0x1505fbeab010
      Container manages memory: true
      Size: 10813440
      Capacity: 10813440

     Weighting = 1
     Sampling strategy = regular
     Number of bins = 32
     Radius = 4
     Sampling percentage  = 0.25
   Transform = Rigid
     Gradient step = 0.1
     Update field sigma (voxel space) = 0
     Total field sigma (voxel space) = 0
     Update field time sigma = 0
     Total field time sigma  = 0
     Number of time indices = 0
     Number of time point samples = 0
Registration using 1 total stages.

Stage 0
  iterations = 1000x500x250x100
  convergence threshold = 1e-06
  convergence window size = 10
  number of levels = 4
  using the Mattes MI metric (number of bins = 32, weight = 1, use gradient filter = 0)
  preprocessing:  winsorizing the image intensities
  Shrink factors (level 1 out of 4): [8, 8, 8]
  Shrink factors (level 2 out of 4): [4, 4, 4]
  Shrink factors (level 3 out of 4): [2, 2, 2]
  Shrink factors (level 4 out of 4): [1, 1, 1]
  smoothing sigmas per level: [3, 2, 1, 0]
  regular sampling (percentage = 0.25)

*** Running Euler3DTransform registration ***

DIAGNOSTIC,Iteration,metricValue,convergenceValue,ITERATION_TIME_INDEX,SINCE_LAST
 2DIAGNOSTIC,     1, -5.323241903179e-01, 1.797693134862e+308, 6.6591e-01, 6.6591e-01, 
 2DIAGNOSTIC,     2, -5.346190553927e-01, 1.797693134862e+308, 6.6961e-01, 3.6969e-03, 
 2DIAGNOSTIC,     3, -5.378036555361e-01, 1.797693134862e+308, 6.7345e-01, 3.8431e-03, 
 2DIAGNOSTIC,     4, -5.422949451405e-01, 1.797693134862e+308, 6.7726e-01, 3.8111e-03, 
 2DIAGNOSTIC,     5, -5.486805952477e-01, 1.797693134862e+308, 6.8107e-01, 3.8071e-03, 
 2DIAGNOSTIC,     6, -5.542790085272e-01, 1.797693134862e+308, 6.8492e-01, 3.8459e-03, 
 2DIAGNOSTIC,     7, -5.627123115611e-01, 1.797693134862e+308, 6.8880e-01, 3.8841e-03, 
 2DIAGNOSTIC,     8, -5.766609943856e-01, 1.797693134862e+308, 6.9273e-01, 3.9251e-03, 
 2DIAGNOSTIC,     9, -5.881111419397e-01, 1.797693134862e+308, 6.9667e-01, 3.9430e-03, 
 2DIAGNOSTIC,    10, -6.012927005665e-01, 7.820055967721e-03, 7.0197e-01, 5.3000e-03, 
 2DIAGNOSTIC,    11, -6.192402913586e-01, 8.564422673917e-03, 7.0905e-01, 7.0808e-03, 
 2DIAGNOSTIC,    12, -6.197111897435e-01, 8.513711436458e-03, 7.1308e-01, 4.0271e-03, 
 2DIAGNOSTIC,    13, -6.223136777511e-01, 7.932305190617e-03, 7.1710e-01, 4.0259e-03, 
 2DIAGNOSTIC,    14, -6.239859078538e-01, 6.938967258810e-03, 7.2110e-01, 3.9990e-03, 
 2DIAGNOSTIC,    15, -6.258731029041e-01, 5.722268374564e-03, 7.2513e-01, 4.0228e-03, 
 2DIAGNOSTIC,    16, -6.290042957057e-01, 4.404898010793e-03, 7.2920e-01, 4.0789e-03, 
 2DIAGNOSTIC,    17, -6.327399548240e-01, 3.192249458273e-03, 7.3432e-01, 5.1110e-03, 
 2DIAGNOSTIC,    18, -6.361770329224e-01, 2.298162514884e-03, 7.3943e-01, 5.1131e-03, 
 2DIAGNOSTIC,    19, -6.381920794730e-01, 1.629119690979e-03, 7.4397e-01, 4.5390e-03, 
 2DIAGNOSTIC,    20, -6.414786468856e-01, 1.264281191228e-03, 7.4809e-01, 4.1239e-03, 
 2DIAGNOSTIC,    21, -6.422621311802e-01, 1.244231355093e-03, 7.5223e-01, 4.1351e-03, 
 2DIAGNOSTIC,    22, -6.443386369945e-01, 1.164065700340e-03, 7.5634e-01, 4.1091e-03, 
 2DIAGNOSTIC,    23, -6.458367311198e-01, 1.066297096862e-03, 7.6079e-01, 4.4580e-03, 
 2DIAGNOSTIC,    24, -6.528535019742e-01, 1.047817951518e-03, 7.6608e-01, 5.2860e-03, 
 2DIAGNOSTIC,    25, -6.591704571275e-01, 1.083081282672e-03, 7.7211e-01, 6.0329e-03, 
 2DIAGNOSTIC,    26, -6.605963675974e-01, 1.093549218609e-03, 7.7750e-01, 5.3868e-03, 
 2DIAGNOSTIC,    27, -6.608439799353e-01, 1.070984935836e-03, 7.8210e-01, 4.6000e-03, 
 2DIAGNOSTIC,    28, -6.615671806951e-01, 1.019502601983e-03, 7.8638e-01, 4.2851e-03, 
 2DIAGNOSTIC,    29, -6.628794783732e-01, 9.260609888985e-04, 7.9190e-01, 5.5161e-03, 
 2DIAGNOSTIC,    30, -6.728293799855e-01, 9.537353877099e-04, 7.9813e-01, 6.2270e-03, 
 2DIAGNOSTIC,    31, -6.735477431554e-01, 9.084115529150e-04, 8.0270e-01, 4.5760e-03, 
 2DIAGNOSTIC,    32, -6.743490667096e-01, 8.254078076820e-04, 8.0798e-01, 5.2738e-03, 
 2DIAGNOSTIC,    33, -6.778517901486e-01, 7.396554005837e-04, 8.1222e-01, 4.2450e-03, 
 2DIAGNOSTIC,    34, -6.872953606393e-01, 8.064154419488e-04, 8.2115e-01, 8.9240e-03, 
 2DIAGNOSTIC,    35, -6.877334107503e-01, 8.751754803082e-04, 8.2565e-01, 4.5040e-03, 
 2DIAGNOSTIC,    36, -6.893227626017e-01, 8.964551477680e-04, 8.3041e-01, 4.7560e-03, 
 2DIAGNOSTIC,    37, -6.927407523556e-01, 8.791943513489e-04, 8.3475e-01, 4.3409e-03, 
 2DIAGNOSTIC,    38, -7.010333470225e-01, 8.854978561704e-04, 8.3956e-01, 4.8139e-03, 
 2DIAGNOSTIC,    39, -7.063944550854e-01, 8.772214371310e-04, 8.4408e-01, 4.5140e-03, 
 2DIAGNOSTIC,    40, -7.084221782014e-01, 9.204076174144e-04, 8.4925e-01, 5.1730e-03, 
 2DIAGNOSTIC,    41, -7.161247640086e-01, 9.683622573428e-04, 8.5400e-01, 4.7519e-03, 
 2DIAGNOSTIC,    42, -7.193928755214e-01, 9.628046294960e-04, 8.5986e-01, 5.8639e-03, 
 2DIAGNOSTIC,    43, -7.223081327955e-01, 9.282430826959e-04, 8.6421e-01, 4.3471e-03, 
 2DIAGNOSTIC,    44, -7.286404371836e-01, 9.659291141796e-04, 8.6873e-01, 4.5211e-03, 
 2DIAGNOSTIC,    45, -7.397895672808e-01, 1.022625412477e-03, 8.7356e-01, 4.8301e-03, 
 2DIAGNOSTIC,    46, -7.441940415443e-01, 1.033802805577e-03, 8.7838e-01, 4.8141e-03, 
 2DIAGNOSTIC,    47, -7.513931373811e-01, 1.043571247426e-03, 8.8691e-01, 8.5361e-03, 
 2DIAGNOSTIC,    48, -7.534109232350e-01, 1.046621181639e-03, 8.9207e-01, 5.1579e-03, 
 2DIAGNOSTIC,    49, -7.535987508948e-01, 9.992387106345e-04, 8.9622e-01, 4.1471e-03, 
 2DIAGNOSTIC,    50, -7.546973804732e-01, 8.837898810695e-04, 9.0090e-01, 4.6861e-03, 
 2DIAGNOSTIC,    51, -7.570833653922e-01, 7.739304838612e-04, 9.0494e-01, 4.0369e-03, 
 2DIAGNOSTIC,    52, -7.582532137998e-01, 6.316112186971e-04, 9.1049e-01, 5.5530e-03, 
 2DIAGNOSTIC,    53, -7.588747119688e-01, 4.636134593918e-04, 9.1502e-01, 4.5269e-03, 
 2DIAGNOSTIC,    54, -7.587096443100e-01, 3.064401248413e-04, 9.1951e-01, 4.4911e-03, 
 2DIAGNOSTIC,    55, -7.593627148332e-01, 2.183689377522e-04, 9.2386e-01, 4.3521e-03, 
 2DIAGNOSTIC,    56, -7.597479241795e-01, 1.477362283298e-04, 9.2980e-01, 5.9350e-03, 
 2DIAGNOSTIC,    57, -7.598060431664e-01, 1.195115911094e-04, 9.3377e-01, 3.9690e-03, 
 2DIAGNOSTIC,    58, -7.596193969559e-01, 9.474981457036e-05, 9.3820e-01, 4.4281e-03, 
 2DIAGNOSTIC,    59, -7.596568327158e-01, 6.371962503074e-05, 9.4216e-01, 3.9630e-03, 
 2DIAGNOSTIC,    60, -7.595957546200e-01, 3.470730197954e-05, 9.4629e-01, 4.1261e-03, 
 2DIAGNOSTIC,    61, -7.596866284325e-01, 2.036846852074e-05, 9.5029e-01, 4.0028e-03, 
 2DIAGNOSTIC,    62, -7.598303514809e-01, 1.348475926467e-05, 9.5425e-01, 3.9580e-03, 
 2DIAGNOSTIC,    63, -7.601963305223e-01, 1.231515640453e-05, 9.5819e-01, 3.9470e-03, 
 2DIAGNOSTIC,    64, -7.606610224583e-01, 1.189034103047e-05, 9.6362e-01, 5.4290e-03, 
 2DIAGNOSTIC,    65, -7.610380829802e-01, 1.690382808976e-05, 9.6858e-01, 4.9570e-03, 
 2DIAGNOSTIC,    66, -7.610349684456e-01, 2.256731618392e-05, 9.7252e-01, 3.9411e-03, 
 2DIAGNOSTIC,    67, -7.615319495660e-01, 2.946056094739e-05, 9.7747e-01, 4.9479e-03, 
 2DIAGNOSTIC,    68, -7.613868216919e-01, 3.120811180087e-05, 9.8152e-01, 4.0560e-03, 
 2DIAGNOSTIC,    69, -7.613028766724e-01, 2.969384219317e-05, 9.8597e-01, 4.4470e-03, 
 2DIAGNOSTIC,    70, -7.613146662116e-01, 2.516052762823e-05, 9.8999e-01, 4.0200e-03, 
 2DIAGNOSTIC,    71, -7.614464847547e-01, 1.970073135620e-05, 9.9402e-01, 4.0331e-03, 
 2DIAGNOSTIC,    72, -7.615821109659e-01, 1.409920999436e-05, 9.9796e-01, 3.9320e-03, 
 2DIAGNOSTIC,    73, -7.618565589436e-01, 1.092581228685e-05, 1.0020e+00, 4.0781e-03, 
 2DIAGNOSTIC,    74, -7.623729775314e-01, 1.228548322269e-05, 1.0085e+00, 6.4242e-03, 
 2DIAGNOSTIC,    75, -7.624079005408e-01, 1.469825215305e-05, 1.0129e+00, 4.4301e-03, 
 2DIAGNOSTIC,    76, -7.624183942102e-01, 1.565260563455e-05, 1.0169e+00, 4.0240e-03, 
 2DIAGNOSTIC,    77, -7.623136231715e-01, 1.725162066955e-05, 1.0208e+00, 3.9301e-03, 
 2DIAGNOSTIC,    78, -7.623354341350e-01, 1.654369386929e-05, 1.0248e+00, 4.0040e-03, 
 2DIAGNOSTIC,    79, -7.622467297562e-01, 1.336507451625e-05, 1.0288e+00, 3.9401e-03, 
 2DIAGNOSTIC,    80, -7.619894754284e-01, 7.775258205040e-06, 1.0352e+00, 6.3729e-03, 
 2DIAGNOSTIC,    81, -7.620192025571e-01, 2.517799486113e-06, 1.0391e+00, 3.9320e-03, 
DIAGNOSTIC,Iteration,metricValue,convergenceValue,ITERATION_TIME_INDEX,SINCE_LAST
 2DIAGNOSTIC,     1, -6.055835637693e-01, 1.797693134862e+308, 1.7538e+00, 7.1473e-01, 
 2DIAGNOSTIC,     2, -6.065023875755e-01, 1.797693134862e+308, 1.7808e+00, 2.6951e-02, 
 2DIAGNOSTIC,     3, -6.077257036135e-01, 1.797693134862e+308, 1.8079e+00, 2.7166e-02, 
 2DIAGNOSTIC,     4, -6.089080874925e-01, 1.797693134862e+308, 1.8354e+00, 2.7472e-02, 
 2DIAGNOSTIC,     5, -6.100446098518e-01, 1.797693134862e+308, 1.8630e+00, 2.7557e-02, 
 2DIAGNOSTIC,     6, -6.110770636030e-01, 1.797693134862e+308, 1.8901e+00, 2.7128e-02, 
 2DIAGNOSTIC,     7, -6.125671429053e-01, 1.797693134862e+308, 1.9175e+00, 2.7389e-02, 
 2DIAGNOSTIC,     8, -6.169241724752e-01, 1.797693134862e+308, 1.9480e+00, 3.0555e-02, 
 2DIAGNOSTIC,     9, -6.182030559976e-01, 1.797693134862e+308, 1.9785e+00, 3.0431e-02, 
 2DIAGNOSTIC,    10, -6.190298936567e-01, 1.490339068154e-03, 2.0130e+00, 3.4506e-02, 
 2DIAGNOSTIC,    11, -6.195193564950e-01, 1.390016994083e-03, 2.0409e+00, 2.7881e-02, 
 2DIAGNOSTIC,    12, -6.205713615363e-01, 1.257116454429e-03, 2.0722e+00, 3.1378e-02, 
 2DIAGNOSTIC,    13, -6.208781375040e-01, 1.082716576150e-03, 2.1150e+00, 4.2752e-02, 
 2DIAGNOSTIC,    14, -6.208948301218e-01, 8.742734311024e-04, 2.1469e+00, 3.1966e-02, 
 2DIAGNOSTIC,    15, -6.208893614392e-01, 6.510507672704e-04, 2.1764e+00, 2.9454e-02, 
 2DIAGNOSTIC,    16, -6.208812705179e-01, 4.267135676008e-04, 2.2095e+00, 3.3119e-02, 
 2DIAGNOSTIC,    17, -6.208767037365e-01, 2.271266447411e-04, 2.2358e+00, 2.6291e-02, 
 2DIAGNOSTIC,    18, -6.208530967295e-01, 1.395253135446e-04, 2.2670e+00, 3.1217e-02, 
 2DIAGNOSTIC,    19, -6.208389857334e-01, 7.913786735413e-05, 2.2941e+00, 2.7101e-02, 
 2DIAGNOSTIC,    20, -6.208507482941e-01, 3.706726436260e-05, 2.3230e+00, 2.8868e-02, 
 2DIAGNOSTIC,    21, -6.208543820840e-01, 5.965173354688e-06, 2.3519e+00, 2.8893e-02, 
DIAGNOSTIC,Iteration,metricValue,convergenceValue,ITERATION_TIME_INDEX,SINCE_LAST
 2DIAGNOSTIC,     1, -5.338956299066e-01, 1.797693134862e+308, 3.3972e+00, 1.0453e+00, 
 2DIAGNOSTIC,     2, -5.339869451163e-01, 1.797693134862e+308, 3.5948e+00, 1.9754e-01, 
 2DIAGNOSTIC,     3, -5.340492644971e-01, 1.797693134862e+308, 3.8011e+00, 2.0630e-01, 
 2DIAGNOSTIC,     4, -5.341221922936e-01, 1.797693134862e+308, 4.0086e+00, 2.0753e-01, 
 2DIAGNOSTIC,     5, -5.343466798197e-01, 1.797693134862e+308, 4.2128e+00, 2.0425e-01, 
 2DIAGNOSTIC,     6, -5.350372209227e-01, 1.797693134862e+308, 4.4226e+00, 2.0977e-01, 
 2DIAGNOSTIC,     7, -5.356574725027e-01, 1.797693134862e+308, 4.7948e+00, 3.7217e-01, 
 2DIAGNOSTIC,     8, -5.356553712704e-01, 1.797693134862e+308, 5.0251e+00, 2.3034e-01, 
 2DIAGNOSTIC,     9, -5.356772275686e-01, 1.797693134862e+308, 5.2221e+00, 1.9697e-01, 
 2DIAGNOSTIC,    10, -5.356812696602e-01, 2.806243276207e-04, 5.4737e+00, 2.5156e-01, 
 2DIAGNOSTIC,    11, -5.356959502768e-01, 2.415133958865e-04, 5.6702e+00, 1.9650e-01, 
 2DIAGNOSTIC,    12, -5.357166284216e-01, 1.920384139521e-04, 5.8662e+00, 1.9605e-01, 
 2DIAGNOSTIC,    13, -5.357500529306e-01, 1.373726605211e-04, 6.0530e+00, 1.8683e-01, 
 2DIAGNOSTIC,    14, -5.357887364593e-01, 8.293011131305e-05, 6.2745e+00, 2.2146e-01, 
 2DIAGNOSTIC,    15, -5.358276479207e-01, 3.726105112352e-05, 6.4702e+00, 1.9574e-01, 
 2DIAGNOSTIC,    16, -5.358882937795e-01, 1.842445852142e-05, 6.7346e+00, 2.6441e-01, 
 2DIAGNOSTIC,    17, -5.358803590482e-01, 1.939636566704e-05, 7.0849e+00, 3.5022e-01, 
 2DIAGNOSTIC,    18, -5.358805357661e-01, 1.859844408146e-05, 7.3077e+00, 2.2281e-01, 
 2DIAGNOSTIC,    19, -5.358807645680e-01, 1.695246007086e-05, 7.5402e+00, 2.3249e-01, 
 2DIAGNOSTIC,    20, -5.358809493274e-01, 1.414299861451e-05, 7.7533e+00, 2.1319e-01, 
 2DIAGNOSTIC,    21, -5.358789540155e-01, 1.073528750418e-05, 7.9422e+00, 1.8882e-01, 
 2DIAGNOSTIC,    22, -5.358781450264e-01, 7.259056749129e-06, 8.1696e+00, 2.2743e-01, 
 2DIAGNOSTIC,    23, -5.358784704188e-01, 4.329306402061e-06, 8.3803e+00, 2.1074e-01, 
 2DIAGNOSTIC,    24, -5.358765621702e-01, 2.168628829728e-06, 8.5695e+00, 1.8912e-01, 
DIAGNOSTIC,Iteration,metricValue,convergenceValue,ITERATION_TIME_INDEX,SINCE_LAST
 2DIAGNOSTIC,     1, -4.895040690991e-01, 1.797693134862e+308, 1.1178e+01, 2.6087e+00, 
 2DIAGNOSTIC,     2, -4.895079353027e-01, 1.797693134862e+308, 1.3022e+01, 1.8441e+00, 
 2DIAGNOSTIC,     3, -4.895081680363e-01, 1.797693134862e+308, 1.4494e+01, 1.4718e+00, 
 2DIAGNOSTIC,     4, -4.895080827051e-01, 1.797693134862e+308, 1.5843e+01, 1.3491e+00, 
 2DIAGNOSTIC,     5, -4.895092408845e-01, 1.797693134862e+308, 1.7541e+01, 1.6979e+00, 
 2DIAGNOSTIC,     6, -4.895093489261e-01, 1.797693134862e+308, 1.9085e+01, 1.5443e+00, 
 2DIAGNOSTIC,     7, -4.895094226192e-01, 1.797693134862e+308, 2.0721e+01, 1.6354e+00, 
 2DIAGNOSTIC,     8, -4.895090787420e-01, 1.797693134862e+308, 2.2586e+01, 1.8655e+00, 
 2DIAGNOSTIC,     9, -4.895090167298e-01, 1.797693134862e+308, 2.4312e+01, 1.7252e+00, 
 2DIAGNOSTIC,    10, -4.895088524427e-01, 3.588043746297e-06, 2.5851e+01, 1.5393e+00, 
 2DIAGNOSTIC,    11, -4.895087018750e-01, 2.995105043813e-06, 2.7174e+01, 1.3234e+00, 
 2DIAGNOSTIC,    12, -4.895087229830e-01, 2.680398264870e-06, 2.8503e+01, 1.3290e+00, 
 2DIAGNOSTIC,    13, -4.895086538336e-01, 2.419585508159e-06, 3.0030e+01, 1.5268e+00, 
 2DIAGNOSTIC,    14, -4.895084227326e-01, 2.184231619212e-06, 3.1576e+01, 1.5464e+00, 
 2DIAGNOSTIC,    15, -4.895083418490e-01, 2.030055035782e-06, 3.3214e+01, 1.6377e+00, 
 2DIAGNOSTIC,    16, -4.895083778708e-01, 1.908476840437e-06, 3.4896e+01, 1.6816e+00, 
 2DIAGNOSTIC,    17, -4.895082286407e-01, 1.805993235710e-06, 3.6344e+01, 1.4487e+00, 
 2DIAGNOSTIC,    18, -4.895080693661e-01, 1.704775164389e-06, 3.7717e+01, 1.3721e+00, 
 2DIAGNOSTIC,    19, -4.895079607361e-01, 1.615121192039e-06, 3.9466e+01, 1.7493e+00, 
 2DIAGNOSTIC,    20, -4.895080283889e-01, 1.537242369842e-06, 4.0977e+01, 1.5115e+00, 
 2DIAGNOSTIC,    21, -4.895077769267e-01, 1.460328279732e-06, 4.2454e+01, 1.4765e+00, 
 2DIAGNOSTIC,    22, -4.895077997340e-01, 1.396834490755e-06, 4.3948e+01, 1.4937e+00, 
 2DIAGNOSTIC,    23, -4.895078056260e-01, 1.342040887309e-06, 4.5305e+01, 1.3571e+00, 
 2DIAGNOSTIC,    24, -4.895077803881e-01, 1.289419073271e-06, 4.6648e+01, 1.3433e+00, 
 2DIAGNOSTIC,    25, -4.895082436317e-01, 1.253172256112e-06, 4.7986e+01, 1.3382e+00, 
 2DIAGNOSTIC,    26, -4.895088239760e-01, 1.235084897036e-06, 4.9536e+01, 1.5496e+00, 
 2DIAGNOSTIC,    27, -4.895089601225e-01, 1.216820395875e-06, 5.1315e+01, 1.7790e+00, 
 2DIAGNOSTIC,    28, -4.895088740459e-01, 1.191340554499e-06, 5.2876e+01, 1.5609e+00, 
 2DIAGNOSTIC,    29, -4.895088655480e-01, 1.160205560007e-06, 5.4223e+01, 1.3478e+00, 
 2DIAGNOSTIC,    30, -4.895088148431e-01, 1.125470644431e-06, 5.5731e+01, 1.5076e+00, 
 2DIAGNOSTIC,    31, -4.895092294711e-01, 1.089621053656e-06, 5.7066e+01, 1.3347e+00, 
 2DIAGNOSTIC,    32, -4.895095424404e-01, 1.055911982975e-06, 5.8553e+01, 1.4872e+00, 
 2DIAGNOSTIC,    33, -4.895104514276e-01, 1.034685522878e-06, 6.0117e+01, 1.5639e+00, 
 2DIAGNOSTIC,    34, -4.895104365516e-01, 1.006983852057e-06, 6.1595e+01, 1.4779e+00, 
  Elapsed time (stage 0): 6.2423e+01


Total elapsed time: 6.2426e+01
Info [verificarlo]: loaded backend libinterflop_ieee.so
Info [interflop-ieee]: load backend with:
Info [interflop-ieee]: debug = false
Info [interflop-ieee]: debug-binary = false
Info [interflop-ieee]: no-backend-name = false
Info [interflop-ieee]: print-new-line = false
Info [interflop-ieee]: print-subnormal-normalized = false
Info [interflop-ieee]: count-op = false
All_Command_lines_OK
Using double precision for computations.
=============================================================================
The composite transform comprises the following transforms (in order): 
  1. /home/mdugre/scratch/mri-registration-rp/datasets/ds004513/derivatives/mri-registration-rp/0001/antsRegistration-r7-p21/sub-s025/rigid_Composite.h5[0] (type = Euler3DTransform)
  2. /home/mdugre/scratch/mri-registration-rp/datasets/ds004513/derivatives/mri-registration-rp/0001/antsRegistration-r7-p21/sub-s025/rigid_Composite.h5[1] (type = Euler3DTransform)
  3. /home/mdugre/scratch/mri-registration-rp/datasets/ds004513/derivatives/mri-registration-rp/0001/antsRegistration-r7-p21/sub-s025/rigid_Composite.h5[2] (type = Euler3DTransform)
=============================================================================
  number of levels = 4
  fixed image: /templateflow/tpl-MNI152NLin2009cAsym/tpl-MNI152NLin2009cAsym_res-01_desc-brain_T1w.nii.gz
  moving image: /home/mdugre/scratch/mri-registration-rp/datasets/ds004513/derivatives/mri-registration-rp/antsBrainExtraction/sub-s025/BrainExtractionBrain.nii.gz
Dimension = 3
Number of stages = 1
Use histogram matching = false
Winsorize image intensities = true
  Lower quantile = 0.005
  Upper quantile = 0.995


Stage 1 State
   Image metric = MattesMI
     Fixed image = Image (0x39bc7e0)
  RTTI typeinfo:   itk::Image<double, 3u>
  Reference Count: 2
  Modified Time: 1594
  Debug: Off
  Object Name: 
  Observers: 
    none
  Source: (none)
  Source output name: (none)
  Release Data: Off
  Data Released: False
  Global Release Data: Off
  PipelineMTime: 0
  UpdateMTime: 1203
  RealTimeStamp: 0 seconds 
  LargestPossibleRegion: 
    Dimension: 3
    Index: [0, 0, 0]
    Size: [193, 229, 193]
  BufferedRegion: 
    Dimension: 3
    Index: [0, 0, 0]
    Size: [193, 229, 193]
  RequestedRegion: 
    Dimension: 3
    Index: [0, 0, 0]
    Size: [193, 229, 193]
  Spacing: [1, 1, 1]
  Origin: [96, 132, -78]
  Direction: 
-1 0 0
0 -1 0
0 0 1

  IndexToPointMatrix: 
-1 0 0
0 -1 0
0 0 1

  PointToIndexMatrix: 
-1 0 0
0 -1 0
0 0 1

  Inverse Direction: 
-1 0 0
0 -1 0
0 0 1

  PixelContainer: 
    ImportImageContainer (0x3a7ca20)
      RTTI typeinfo:   itk::ImportImageContainer<unsigned long, double>
      Reference Count: 1
      Modified Time: 1200
      Debug: Off
      Object Name: 
      Observers: 
        none
      Pointer: 0x146b32a5b010
      Container manages memory: true
      Size: 8530021
      Capacity: 8530021

     Moving image = Image (0x3a77d70)
  RTTI typeinfo:   itk::Image<double, 3u>
  Reference Count: 2
  Modified Time: 1595
  Debug: Off
  Object Name: 
  Observers: 
    none
  Source: (none)
  Source output name: (none)
  Release Data: Off
  Data Released: False
  Global Release Data: Off
  PipelineMTime: 0
  UpdateMTime: 1592
  RealTimeStamp: 0 seconds 
  LargestPossibleRegion: 
    Dimension: 3
    Index: [0, 0, 0]
    Size: [176, 240, 256]
  BufferedRegion: 
    Dimension: 3
    Index: [0, 0, 0]
    Size: [176, 240, 256]
  RequestedRegion: 
    Dimension: 3
    Index: [0, 0, 0]
    Size: [176, 240, 256]
  Spacing: [0.999999, 1, 1]
  Origin: [90.3778, 84.5091, -154.071]
  Direction: 
-0.999391 7.48184e-06 -0.0348969
-7.47664e-06 -1 -2.7953e-07
-0.0348969 -1.84481e-08 0.999391

  IndexToPointMatrix: 
-0.99939 7.48184e-06 -0.0348969
-7.47663e-06 -1 -2.7953e-07
-0.0348968 -1.84481e-08 0.999391

  PointToIndexMatrix: 
-0.999392 -7.47665e-06 -0.0348969
7.48184e-06 -1 -1.84481e-08
-0.0348969 -2.7953e-07 0.999391

  Inverse Direction: 
-0.999391 -7.47664e-06 -0.0348969
7.48184e-06 -1 -1.84481e-08
-0.0348969 -2.7953e-07 0.999391

  PixelContainer: 
    ImportImageContainer (0x3a2fc90)
      RTTI typeinfo:   itk::ImportImageContainer<unsigned long, double>
      Reference Count: 1
      Modified Time: 1589
      Debug: Off
      Object Name: 
      Observers: 
        none
      Pointer: 0x146b2d7da010
      Container manages memory: true
      Size: 10813440
      Capacity: 10813440

     Weighting = 1
     Sampling strategy = regular
     Number of bins = 32
     Radius = 4
     Sampling percentage  = 0.25
   Transform = Affine
     Gradient step = 0.1
     Update field sigma (voxel space) = 0
     Total field sigma (voxel space) = 0
     Update field time sigma = 0
     Total field time sigma  = 0
     Number of time indices = 0
     Number of time point samples = 0
Registration using 1 total stages.

Stage 0
  iterations = 1000x500x250x100
  convergence threshold = 1e-06
  convergence window size = 10
  number of levels = 4
  using the Mattes MI metric (number of bins = 32, weight = 1, use gradient filter = 0)
  preprocessing:  winsorizing the image intensities
  Shrink factors (level 1 out of 4): [8, 8, 8]
  Shrink factors (level 2 out of 4): [4, 4, 4]
  Shrink factors (level 3 out of 4): [2, 2, 2]
  Shrink factors (level 4 out of 4): [1, 1, 1]
  smoothing sigmas per level: [3, 2, 1, 0]
  regular sampling (percentage = 0.25)

*** Running AffineTransform registration ***

DIAGNOSTIC,Iteration,metricValue,convergenceValue,ITERATION_TIME_INDEX,SINCE_LAST
 2DIAGNOSTIC,     1, -7.478975654002e-01, 1.797693134862e+308, 7.9301e-01, 7.9301e-01, 
 2DIAGNOSTIC,     2, -7.498462432516e-01, 1.797693134862e+308, 7.9741e-01, 4.4041e-03, 
 2DIAGNOSTIC,     3, -7.536898031292e-01, 1.797693134862e+308, 8.0136e-01, 3.9489e-03, 
 2DIAGNOSTIC,     4, -7.595321051494e-01, 1.797693134862e+308, 8.0529e-01, 3.9299e-03, 
 2DIAGNOSTIC,     5, -7.696194793962e-01, 1.797693134862e+308, 8.0971e-01, 4.4219e-03, 
 2DIAGNOSTIC,     6, -7.854493839742e-01, 1.797693134862e+308, 8.1436e-01, 4.6508e-03, 
 2DIAGNOSTIC,     7, -8.108176297096e-01, 1.797693134862e+308, 8.1948e-01, 5.1210e-03, 
 2DIAGNOSTIC,     8, -8.784599631364e-01, 1.797693134862e+308, 8.2503e-01, 5.5480e-03, 
 2DIAGNOSTIC,     9, -9.139848442034e-01, 1.797693134862e+308, 8.2954e-01, 4.5111e-03, 
 2DIAGNOSTIC,    10, -9.242769480678e-01, 1.524102893451e-02, 8.3440e-01, 4.8618e-03, 
 2DIAGNOSTIC,    11, -9.310731482900e-01, 1.555082977909e-02, 8.4068e-01, 6.2740e-03, 
 2DIAGNOSTIC,    12, -9.340694702930e-01, 1.455779319395e-02, 8.4587e-01, 5.1908e-03, 
 2DIAGNOSTIC,    13, -9.351354585208e-01, 1.253440404212e-02, 8.5065e-01, 4.7822e-03, 
 2DIAGNOSTIC,    14, -9.373234040424e-01, 9.882090611397e-03, 8.5648e-01, 5.8260e-03, 
 2DIAGNOSTIC,    15, -9.376667621757e-01, 6.969573790616e-03, 8.6223e-01, 5.7580e-03, 
 2DIAGNOSTIC,    16, -9.380994304722e-01, 4.168879753194e-03, 8.6756e-01, 5.3282e-03, 
 2DIAGNOSTIC,    17, -9.378099360501e-01, 1.805155625966e-03, 8.7229e-01, 4.7309e-03, 
 2DIAGNOSTIC,    18, -9.378695236022e-01, 7.803667100646e-04, 8.7687e-01, 4.5791e-03, 
 2DIAGNOSTIC,    19, -9.382752652428e-01, 4.147117681877e-04, 8.8149e-01, 4.6141e-03, 
 2DIAGNOSTIC,    20, -9.384115052433e-01, 2.170865789653e-04, 8.8714e-01, 5.6560e-03, 
 2DIAGNOSTIC,    21, -9.386138957434e-01, 1.270797901677e-04, 8.9223e-01, 5.0890e-03, 
 2DIAGNOSTIC,    22, -9.384542390347e-01, 7.593093483912e-05, 8.9890e-01, 6.6650e-03, 
 2DIAGNOSTIC,    23, -9.383399992227e-01, 3.530583806566e-05, 9.0398e-01, 5.0800e-03, 
 2DIAGNOSTIC,    24, -9.381972712824e-01, 2.234893934416e-05, 9.0925e-01, 5.2681e-03, 
 2DIAGNOSTIC,    25, -9.382364557550e-01, 1.318706222000e-05, 9.1391e-01, 4.6608e-03, 
 2DIAGNOSTIC,    26, -9.381294908692e-01, 7.761677872281e-06, 9.1857e-01, 4.6601e-03, 
DIAGNOSTIC,Iteration,metricValue,convergenceValue,ITERATION_TIME_INDEX,SINCE_LAST
 2DIAGNOSTIC,     1, -7.504990482400e-01, 1.797693134862e+308, 1.6705e+00, 7.5189e-01, 
 2DIAGNOSTIC,     2, -7.508714576550e-01, 1.797693134862e+308, 1.7003e+00, 2.9837e-02, 
 2DIAGNOSTIC,     3, -7.513266410838e-01, 1.797693134862e+308, 1.7321e+00, 3.1810e-02, 
 2DIAGNOSTIC,     4, -7.518681247261e-01, 1.797693134862e+308, 1.7612e+00, 2.9093e-02, 
 2DIAGNOSTIC,     5, -7.532552951003e-01, 1.797693134862e+308, 1.7974e+00, 3.6233e-02, 
 2DIAGNOSTIC,     6, -7.541812488654e-01, 1.797693134862e+308, 1.8969e+00, 9.9495e-02, 
 2DIAGNOSTIC,     7, -7.541811899661e-01, 1.797693134862e+308, 1.9296e+00, 3.2672e-02, 
 2DIAGNOSTIC,     8, -7.541812047465e-01, 1.797693134862e+308, 1.9634e+00, 3.3798e-02, 
 2DIAGNOSTIC,     9, -7.541812297433e-01, 1.797693134862e+308, 1.9959e+00, 3.2471e-02, 
 2DIAGNOSTIC,    10, -7.541812720058e-01, 3.735374135741e-04, 2.0280e+00, 3.2163e-02, 
 2DIAGNOSTIC,    11, -7.541813434514e-01, 2.725957597734e-04, 2.0602e+00, 3.2125e-02, 
 2DIAGNOSTIC,    12, -7.541814642094e-01, 1.764356004436e-04, 2.0922e+00, 3.2011e-02, 
 2DIAGNOSTIC,    13, -7.541816683010e-01, 9.309156220719e-05, 2.1248e+00, 3.2647e-02, 
 2DIAGNOSTIC,    14, -7.541820133856e-01, 2.726794092421e-05, 2.1578e+00, 3.2958e-02, 
 2DIAGNOSTIC,    15, -7.541825960751e-01, 2.186330880879e-06, 2.1908e+00, 3.3059e-02, 
 2DIAGNOSTIC,    16, -7.541981431472e-01, 2.436453661978e-06, 2.2234e+00, 3.2579e-02, 
 2DIAGNOSTIC,    17, -7.541997933240e-01, 2.641716304409e-06, 2.2558e+00, 3.2380e-02, 
 2DIAGNOSTIC,    18, -7.542025609173e-01, 2.814498443457e-06, 2.2888e+00, 3.3016e-02, 
 2DIAGNOSTIC,    19, -7.542071625718e-01, 2.967748767180e-06, 2.3225e+00, 3.3709e-02, 
 2DIAGNOSTIC,    20, -7.542438690563e-01, 3.675990149977e-06, 2.3574e+00, 3.4897e-02, 
 2DIAGNOSTIC,    21, -7.542560928073e-01, 4.321565909661e-06, 2.3923e+00, 3.4896e-02, 
 2DIAGNOSTIC,    22, -7.542752129153e-01, 4.977634995788e-06, 2.4269e+00, 3.4562e-02, 
 2DIAGNOSTIC,    23, -7.543177951990e-01, 5.954023561572e-06, 2.4606e+00, 3.3726e-02, 
 2DIAGNOSTIC,    24, -7.543456135740e-01, 6.850283587261e-06, 2.4931e+00, 3.2509e-02, 
 2DIAGNOSTIC,    25, -7.543542256925e-01, 7.279189088424e-06, 2.5251e+00, 3.1996e-02, 
 2DIAGNOSTIC,    26, -7.543871373720e-01, 7.819206667654e-06, 2.5608e+00, 3.5688e-02, 
 2DIAGNOSTIC,    27, -7.544136639901e-01, 8.086790944502e-06, 2.5969e+00, 3.6154e-02, 
 2DIAGNOSTIC,    28, -7.544189978182e-01, 7.784646392887e-06, 2.6302e+00, 3.3303e-02, 
 2DIAGNOSTIC,    29, -7.544484529448e-01, 7.311146160080e-06, 2.6656e+00, 3.5384e-02, 
 2DIAGNOSTIC,    30, -7.544785514664e-01, 7.119493505688e-06, 2.7013e+00, 3.5685e-02, 
 2DIAGNOSTIC,    31, -7.544981343012e-01, 6.745209127856e-06, 2.7364e+00, 3.5108e-02, 
 2DIAGNOSTIC,    32, -7.544588199403e-01, 5.602194830180e-06, 2.7725e+00, 3.6108e-02, 
 2DIAGNOSTIC,    33, -7.544208993660e-01, 4.160701867262e-06, 2.8036e+00, 3.1060e-02, 
 2DIAGNOSTIC,    34, -7.544009349014e-01, 2.597524279543e-06, 2.8365e+00, 3.2911e-02, 
 2DIAGNOSTIC,    35, -7.543997161044e-01, 1.026602033771e-06, 2.8695e+00, 3.3002e-02, 
DIAGNOSTIC,Iteration,metricValue,convergenceValue,ITERATION_TIME_INDEX,SINCE_LAST
 2DIAGNOSTIC,     1, -6.417184926386e-01, 1.797693134862e+308, 3.9570e+00, 1.0875e+00, 
 2DIAGNOSTIC,     2, -6.421398316027e-01, 1.797693134862e+308, 4.1896e+00, 2.3256e-01, 
 2DIAGNOSTIC,     3, -6.425915643346e-01, 1.797693134862e+308, 4.4362e+00, 2.4659e-01, 
 2DIAGNOSTIC,     4, -6.430996282887e-01, 1.797693134862e+308, 4.6704e+00, 2.3424e-01, 
 2DIAGNOSTIC,     5, -6.438668853054e-01, 1.797693134862e+308, 4.8903e+00, 2.1990e-01, 
 2DIAGNOSTIC,     6, -6.449284394878e-01, 1.797693134862e+308, 5.2462e+00, 3.5590e-01, 
 2DIAGNOSTIC,     7, -6.449225839002e-01, 1.797693134862e+308, 5.6027e+00, 3.5644e-01, 
 2DIAGNOSTIC,     8, -6.449213984670e-01, 1.797693134862e+308, 5.9147e+00, 3.1206e-01, 
 2DIAGNOSTIC,     9, -6.449210587742e-01, 1.797693134862e+308, 6.2047e+00, 2.9002e-01, 
 2DIAGNOSTIC,    10, -6.449200635287e-01, 3.693043886642e-04, 6.4681e+00, 2.6336e-01, 
 2DIAGNOSTIC,    11, -6.449190162792e-01, 2.670649179809e-04, 6.7210e+00, 2.5287e-01, 
 2DIAGNOSTIC,    12, -6.449181290468e-01, 1.737363124568e-04, 6.9976e+00, 2.7666e-01, 
 2DIAGNOSTIC,    13, -6.449130611579e-01, 9.491008935104e-05, 7.2428e+00, 2.4518e-01, 
 2DIAGNOSTIC,    14, -6.449127114174e-01, 3.467404552507e-05, 7.4948e+00, 2.5194e-01, 
 2DIAGNOSTIC,    15, -6.449119758492e-01, 1.167671593430e-06, 7.7751e+00, 2.8036e-01, 
 2DIAGNOSTIC,    16, -6.449113736622e-01, 1.198426023891e-06, 8.0559e+00, 2.8074e-01, 
 2DIAGNOSTIC,    17, -6.449068422708e-01, 1.030329012608e-06, 8.3393e+00, 2.8340e-01, 
DIAGNOSTIC,Iteration,metricValue,convergenceValue,ITERATION_TIME_INDEX,SINCE_LAST
 2DIAGNOSTIC,     1, -5.762790085254e-01, 1.797693134862e+308, 1.1033e+01, 2.6941e+00, 
 2DIAGNOSTIC,     2, -5.767276044157e-01, 1.797693134862e+308, 1.2649e+01, 1.6159e+00, 
 2DIAGNOSTIC,     3, -5.772326973465e-01, 1.797693134862e+308, 1.4244e+01, 1.5943e+00, 
 2DIAGNOSTIC,     4, -5.777823392976e-01, 1.797693134862e+308, 1.5870e+01, 1.6260e+00, 
 2DIAGNOSTIC,     5, -5.788858512099e-01, 1.797693134862e+308, 1.7912e+01, 2.0428e+00, 
 2DIAGNOSTIC,     6, -5.799020790256e-01, 1.797693134862e+308, 1.9881e+01, 1.9681e+00, 
 2DIAGNOSTIC,     7, -5.799926282345e-01, 1.797693134862e+308, 2.2750e+01, 2.8696e+00, 
 2DIAGNOSTIC,     8, -5.799921937929e-01, 1.797693134862e+308, 2.4574e+01, 1.8236e+00, 
 2DIAGNOSTIC,     9, -5.799915458128e-01, 1.797693134862e+308, 2.6754e+01, 2.1800e+00, 
 2DIAGNOSTIC,    10, -5.799919384342e-01, 4.796629127878e-04, 2.8748e+01, 1.9939e+00, 
 2DIAGNOSTIC,    11, -5.799916992095e-01, 3.491721011632e-04, 3.0984e+01, 2.2363e+00, 
 2DIAGNOSTIC,    12, -5.799915705208e-01, 2.279720551266e-04, 3.2791e+01, 1.8071e+00, 
 2DIAGNOSTIC,    13, -5.799915313612e-01, 1.247013867782e-04, 3.4665e+01, 1.8739e+00, 
 2DIAGNOSTIC,    14, -5.799915134454e-01, 4.374622126223e-05, 3.6440e+01, 1.7748e+00, 
 2DIAGNOSTIC,    15, -5.799912190921e-01, 4.992335258830e-06, 3.8319e+01, 1.8795e+00, 
 2DIAGNOSTIC,    16, -5.799908686422e-01, 1.903684145738e-06, 3.9891e+01, 1.5716e+00, 
 2DIAGNOSTIC,    17, -5.799908905680e-01, 1.801708720849e-06, 4.1573e+01, 1.6825e+00, 
 2DIAGNOSTIC,    18, -5.799910315535e-01, 1.710025453891e-06, 4.3303e+01, 1.7295e+00, 
 2DIAGNOSTIC,    19, -5.799910687894e-01, 1.617115863078e-06, 4.5267e+01, 1.9642e+00, 
 2DIAGNOSTIC,    20, -5.799910033388e-01, 1.547318070588e-06, 4.6996e+01, 1.7287e+00, 
 2DIAGNOSTIC,    21, -5.799908032585e-01, 1.478441281906e-06, 4.8762e+01, 1.7666e+00, 
