
##########################
# Experiment information #
##########################

EXPERIMENT_NAME: antsRegistration-r7-p12
VFC_BACKENDS: libinterflop_vprec.so --range-binary32=7 --precision-binary32=12 --range-binary64=7 --precision-binary64=12

SIF_IMG: /home/mdugre/projects/rrg-glatard/mdugre/containers/ants-vprec-no_metrics.simg

SUBJECT_ID: s017
INPUT_IMG: /home/mdugre/scratch/mri-registration-rp/datasets/ds004513/derivatives/mri-registration-rp/antsBrainExtraction/sub-s017/BrainExtractionBrain.nii.gz
OUTPUT_DIR: /home/mdugre/scratch/mri-registration-rp/datasets/ds004513/derivatives/mri-registration-rp/0001/antsRegistration-r7-p12/sub-s017

FIXED_IMG: /templateflow/tpl-MNI152NLin2009cAsym/tpl-MNI152NLin2009cAsym_res-01_desc-brain_T1w.nii.gz
DATA_DIR: /home/mdugre/scratch/mri-registration-rp/datasets/ds004513
TEMPLATEFLOW_DIR: /home/mdugre/projects/rrg-glatard/mdugre/templateflow
ITK_GLOBAL_DEFAULT_NUMBER_OF_THREADS: 16
##########################

Info [verificarlo]: loaded backend libinterflop_ieee.so
Info [interflop-ieee]: load backend with:
Info [interflop-ieee]: debug = false
Info [interflop-ieee]: debug-binary = false
Info [interflop-ieee]: no-backend-name = false
Info [interflop-ieee]: print-new-line = false
Info [interflop-ieee]: print-subnormal-normalized = false
Info [interflop-ieee]: count-op = false
All_Command_lines_OK
Using double precision for computations.
=============================================================================
The composite transform comprises the following transforms (in order): 
  1. Center of mass alignment using fixed image: /templateflow/tpl-MNI152NLin2009cAsym/tpl-MNI152NLin2009cAsym_res-01_desc-brain_T1w.nii.gz and moving image: /home/mdugre/scratch/mri-registration-rp/datasets/ds004513/derivatives/mri-registration-rp/antsBrainExtraction/sub-s017/BrainExtractionBrain.nii.gz (type = Euler3DTransform)
=============================================================================
  number of levels = 1
  fixed image: /templateflow/tpl-MNI152NLin2009cAsym/tpl-MNI152NLin2009cAsym_res-01_desc-brain_T1w.nii.gz
  moving image: /home/mdugre/scratch/mri-registration-rp/datasets/ds004513/derivatives/mri-registration-rp/antsBrainExtraction/sub-s017/BrainExtractionBrain.nii.gz
Dimension = 3
Number of stages = 1
Use histogram matching = false
Winsorize image intensities = true
  Lower quantile = 0.005
  Upper quantile = 0.995


Stage 1 State
   Image metric = MattesMI
     Fixed image = Image (0x478ee70)
  RTTI typeinfo:   itk::Image<double, 3u>
  Reference Count: 2
  Modified Time: 2334
  Debug: Off
  Object Name: 
  Observers: 
    none
  Source: (none)
  Source output name: (none)
  Release Data: Off
  Data Released: False
  Global Release Data: Off
  PipelineMTime: 0
  UpdateMTime: 1943
  RealTimeStamp: 0 seconds 
  LargestPossibleRegion: 
    Dimension: 3
    Index: [0, 0, 0]
    Size: [193, 229, 193]
  BufferedRegion: 
    Dimension: 3
    Index: [0, 0, 0]
    Size: [193, 229, 193]
  RequestedRegion: 
    Dimension: 3
    Index: [0, 0, 0]
    Size: [193, 229, 193]
  Spacing: [1, 1, 1]
  Origin: [96, 132, -78]
  Direction: 
-1 0 0
0 -1 0
0 0 1

  IndexToPointMatrix: 
-1 0 0
0 -1 0
0 0 1

  PointToIndexMatrix: 
-1 0 0
0 -1 0
0 0 1

  Inverse Direction: 
-1 0 0
0 -1 0
0 0 1

  PixelContainer: 
    ImportImageContainer (0x4797c60)
      RTTI typeinfo:   itk::ImportImageContainer<unsigned long, double>
      Reference Count: 1
      Modified Time: 1940
      Debug: Off
      Object Name: 
      Observers: 
        none
      Pointer: 0x14d7cfd01010
      Container manages memory: true
      Size: 8530021
      Capacity: 8530021

     Moving image = Image (0x479a610)
  RTTI typeinfo:   itk::Image<double, 3u>
  Reference Count: 2
  Modified Time: 2335
  Debug: Off
  Object Name: 
  Observers: 
    none
  Source: (none)
  Source output name: (none)
  Release Data: Off
  Data Released: False
  Global Release Data: Off
  PipelineMTime: 0
  UpdateMTime: 2332
  RealTimeStamp: 0 seconds 
  LargestPossibleRegion: 
    Dimension: 3
    Index: [0, 0, 0]
    Size: [160, 240, 256]
  BufferedRegion: 
    Dimension: 3
    Index: [0, 0, 0]
    Size: [160, 240, 256]
  RequestedRegion: 
    Dimension: 3
    Index: [0, 0, 0]
    Size: [160, 240, 256]
  Spacing: [1, 1, 1]
  Origin: [91.3357, 102.231, -120.042]
  Direction: 
-0.997442 -5.36781e-05 -0.0714818
5.35416e-05 -1 3.82465e-06
-0.0714818 -1.23894e-08 0.997442

  IndexToPointMatrix: 
-0.997444 -5.36781e-05 -0.0714818
5.35418e-05 -1 3.82465e-06
-0.0714819 -1.23894e-08 0.997442

  PointToIndexMatrix: 
-0.99744 5.35415e-05 -0.0714816
-5.36781e-05 -1 -1.23894e-08
-0.0714818 3.82465e-06 0.997442

  Inverse Direction: 
-0.997442 5.35416e-05 -0.0714818
-5.36781e-05 -1 -1.23894e-08
-0.0714818 3.82465e-06 0.997442

  PixelContainer: 
    ImportImageContainer (0x4833ef0)
      RTTI typeinfo:   itk::ImportImageContainer<unsigned long, double>
      Reference Count: 1
      Modified Time: 2329
      Debug: Off
      Object Name: 
      Observers: 
        none
      Pointer: 0x14d7cb200010
      Container manages memory: true
      Size: 9830400
      Capacity: 9830400

     Weighting = 1
     Sampling strategy = regular
     Number of bins = 32
     Radius = 4
     Sampling percentage  = 0.25
   Transform = Rigid
     Gradient step = 0.1
     Update field sigma (voxel space) = 0
     Total field sigma (voxel space) = 0
     Update field time sigma = 0
     Total field time sigma  = 0
     Number of time indices = 0
     Number of time point samples = 0
Registration using 1 total stages.

Stage 0
  iterations = 0
  convergence threshold = 1e-06
  convergence window size = 10
  number of levels = 1
  using the Mattes MI metric (number of bins = 32, weight = 1, use gradient filter = 0)
  preprocessing:  winsorizing the image intensities
  Shrink factors (level 1 out of 1): [1, 1, 1]
  smoothing sigmas per level: [0]
  regular sampling (percentage = 0.25)

*** Running Euler3DTransform registration ***

  Elapsed time (stage 0): 1.10477


Total elapsed time: 1.10724
Info [verificarlo]: loaded backend libinterflop_ieee.so
Info [interflop-ieee]: load backend with:
Info [interflop-ieee]: debug = false
Info [interflop-ieee]: debug-binary = false
Info [interflop-ieee]: no-backend-name = false
Info [interflop-ieee]: print-new-line = false
Info [interflop-ieee]: print-subnormal-normalized = false
Info [interflop-ieee]: count-op = false
All_Command_lines_OK
Using double precision for computations.
=============================================================================
The composite transform comprises the following transforms (in order): 
  1. /home/mdugre/scratch/mri-registration-rp/datasets/ds004513/derivatives/mri-registration-rp/0001/antsRegistration-r7-p12/sub-s017/align_Composite.h5[0] (type = Euler3DTransform)
  2. /home/mdugre/scratch/mri-registration-rp/datasets/ds004513/derivatives/mri-registration-rp/0001/antsRegistration-r7-p12/sub-s017/align_Composite.h5[1] (type = Euler3DTransform)
=============================================================================
  number of levels = 4
  fixed image: /templateflow/tpl-MNI152NLin2009cAsym/tpl-MNI152NLin2009cAsym_res-01_desc-brain_T1w.nii.gz
  moving image: /home/mdugre/scratch/mri-registration-rp/datasets/ds004513/derivatives/mri-registration-rp/antsBrainExtraction/sub-s017/BrainExtractionBrain.nii.gz
Dimension = 3
Number of stages = 1
Use histogram matching = false
Winsorize image intensities = true
  Lower quantile = 0.005
  Upper quantile = 0.995


Stage 1 State
   Image metric = MattesMI
     Fixed image = Image (0x4262530)
  RTTI typeinfo:   itk::Image<double, 3u>
  Reference Count: 2
  Modified Time: 1580
  Debug: Off
  Object Name: 
  Observers: 
    none
  Source: (none)
  Source output name: (none)
  Release Data: Off
  Data Released: False
  Global Release Data: Off
  PipelineMTime: 0
  UpdateMTime: 1189
  RealTimeStamp: 0 seconds 
  LargestPossibleRegion: 
    Dimension: 3
    Index: [0, 0, 0]
    Size: [193, 229, 193]
  BufferedRegion: 
    Dimension: 3
    Index: [0, 0, 0]
    Size: [193, 229, 193]
  RequestedRegion: 
    Dimension: 3
    Index: [0, 0, 0]
    Size: [193, 229, 193]
  Spacing: [1, 1, 1]
  Origin: [96, 132, -78]
  Direction: 
-1 0 0
0 -1 0
0 0 1

  IndexToPointMatrix: 
-1 0 0
0 -1 0
0 0 1

  PointToIndexMatrix: 
-1 0 0
0 -1 0
0 0 1

  Inverse Direction: 
-1 0 0
0 -1 0
0 0 1

  PixelContainer: 
    ImportImageContainer (0x4320d60)
      RTTI typeinfo:   itk::ImportImageContainer<unsigned long, double>
      Reference Count: 1
      Modified Time: 1186
      Debug: Off
      Object Name: 
      Observers: 
        none
      Pointer: 0x1537aa97b010
      Container manages memory: true
      Size: 8530021
      Capacity: 8530021

     Moving image = Image (0x4312f60)
  RTTI typeinfo:   itk::Image<double, 3u>
  Reference Count: 2
  Modified Time: 1581
  Debug: Off
  Object Name: 
  Observers: 
    none
  Source: (none)
  Source output name: (none)
  Release Data: Off
  Data Released: False
  Global Release Data: Off
  PipelineMTime: 0
  UpdateMTime: 1578
  RealTimeStamp: 0 seconds 
  LargestPossibleRegion: 
    Dimension: 3
    Index: [0, 0, 0]
    Size: [160, 240, 256]
  BufferedRegion: 
    Dimension: 3
    Index: [0, 0, 0]
    Size: [160, 240, 256]
  RequestedRegion: 
    Dimension: 3
    Index: [0, 0, 0]
    Size: [160, 240, 256]
  Spacing: [1, 1, 1]
  Origin: [91.3357, 102.231, -120.042]
  Direction: 
-0.997442 -5.36781e-05 -0.0714818
5.35416e-05 -1 3.82465e-06
-0.0714818 -1.23894e-08 0.997442

  IndexToPointMatrix: 
-0.997444 -5.36781e-05 -0.0714818
5.35418e-05 -1 3.82465e-06
-0.0714819 -1.23894e-08 0.997442

  PointToIndexMatrix: 
-0.99744 5.35415e-05 -0.0714816
-5.36781e-05 -1 -1.23894e-08
-0.0714818 3.82465e-06 0.997442

  Inverse Direction: 
-0.997442 5.35416e-05 -0.0714818
-5.36781e-05 -1 -1.23894e-08
-0.0714818 3.82465e-06 0.997442

  PixelContainer: 
    ImportImageContainer (0x43046d0)
      RTTI typeinfo:   itk::ImportImageContainer<unsigned long, double>
      Reference Count: 1
      Modified Time: 1575
      Debug: Off
      Object Name: 
      Observers: 
        none
      Pointer: 0x1537a5e7a010
      Container manages memory: true
      Size: 9830400
      Capacity: 9830400

     Weighting = 1
     Sampling strategy = regular
     Number of bins = 32
     Radius = 4
     Sampling percentage  = 0.25
   Transform = Rigid
     Gradient step = 0.1
     Update field sigma (voxel space) = 0
     Total field sigma (voxel space) = 0
     Update field time sigma = 0
     Total field time sigma  = 0
     Number of time indices = 0
     Number of time point samples = 0
Registration using 1 total stages.

Stage 0
  iterations = 1000x500x250x100
  convergence threshold = 1e-06
  convergence window size = 10
  number of levels = 4
  using the Mattes MI metric (number of bins = 32, weight = 1, use gradient filter = 0)
  preprocessing:  winsorizing the image intensities
  Shrink factors (level 1 out of 4): [8, 8, 8]
  Shrink factors (level 2 out of 4): [4, 4, 4]
  Shrink factors (level 3 out of 4): [2, 2, 2]
  Shrink factors (level 4 out of 4): [1, 1, 1]
  smoothing sigmas per level: [3, 2, 1, 0]
  regular sampling (percentage = 0.25)

*** Running Euler3DTransform registration ***

DIAGNOSTIC,Iteration,metricValue,convergenceValue,ITERATION_TIME_INDEX,SINCE_LAST
 2DIAGNOSTIC,     1, -5.567767283252e-01, 1.797693134862e+308, 6.8699e-01, 6.8699e-01, 
 2DIAGNOSTIC,     2, -5.584239703569e-01, 1.797693134862e+308, 6.9098e-01, 3.9940e-03, 
 2DIAGNOSTIC,     3, -5.612715515272e-01, 1.797693134862e+308, 6.9485e-01, 3.8712e-03, 
 2DIAGNOSTIC,     4, -5.637780194106e-01, 1.797693134862e+308, 6.9861e-01, 3.7591e-03, 
 2DIAGNOSTIC,     5, -5.658229214212e-01, 1.797693134862e+308, 7.0260e-01, 3.9899e-03, 
 2DIAGNOSTIC,     6, -5.696445468689e-01, 1.797693134862e+308, 7.0715e-01, 4.5509e-03, 
 2DIAGNOSTIC,     7, -5.734118275242e-01, 1.797693134862e+308, 7.1146e-01, 4.3039e-03, 
 2DIAGNOSTIC,     8, -5.754533484979e-01, 1.797693134862e+308, 7.1839e-01, 6.9361e-03, 
 2DIAGNOSTIC,     9, -5.763021950250e-01, 1.797693134862e+308, 7.2298e-01, 4.5819e-03, 
 2DIAGNOSTIC,    10, -5.771142770255e-01, 2.558085388189e-03, 7.2983e-01, 6.8569e-03, 
 2DIAGNOSTIC,    11, -5.785125587612e-01, 2.176117873031e-03, 7.3493e-01, 5.0972e-03, 
 2DIAGNOSTIC,    12, -5.799413348090e-01, 1.786767970983e-03, 7.4051e-01, 5.5771e-03, 
 2DIAGNOSTIC,    13, -5.809477908980e-01, 1.443124036835e-03, 7.4550e-01, 4.9901e-03, 
 2DIAGNOSTIC,    14, -5.814655964876e-01, 1.127354078216e-03, 7.4991e-01, 4.4141e-03, 
 2DIAGNOSTIC,    15, -5.819093877219e-01, 8.331089413526e-04, 7.5524e-01, 5.3270e-03, 
 2DIAGNOSTIC,    16, -5.822326442998e-01, 6.258215683233e-04, 7.6050e-01, 5.2619e-03, 
 2DIAGNOSTIC,    17, -5.825793599843e-01, 5.040365830240e-04, 7.6537e-01, 4.8659e-03, 
 2DIAGNOSTIC,    18, -5.863713925916e-01, 5.095725576658e-04, 7.7042e-01, 5.0490e-03, 
 2DIAGNOSTIC,    19, -5.901617810168e-01, 5.855607354931e-04, 7.7885e-01, 8.4360e-03, 
 2DIAGNOSTIC,    20, -5.906016223817e-01, 6.286272500340e-04, 7.8505e-01, 6.2008e-03, 
 2DIAGNOSTIC,    21, -5.907365705867e-01, 6.467002963876e-04, 7.9054e-01, 5.4891e-03, 
 2DIAGNOSTIC,    22, -5.906256574995e-01, 6.330265936423e-04, 7.9588e-01, 5.3370e-03, 
 2DIAGNOSTIC,    23, -5.906307681711e-01, 5.816453055222e-04, 8.0068e-01, 4.7979e-03, 
 2DIAGNOSTIC,    24, -5.905636622011e-01, 4.878472529265e-04, 8.0549e-01, 4.8120e-03, 
 2DIAGNOSTIC,    25, -5.906024985371e-01, 3.662279783998e-04, 8.1088e-01, 5.3890e-03, 
 2DIAGNOSTIC,    26, -5.906025304325e-01, 2.276984665104e-04, 8.1563e-01, 4.7569e-03, 
 2DIAGNOSTIC,    27, -5.906211320575e-01, 8.394584288971e-05, 8.2044e-01, 4.8020e-03, 
 2DIAGNOSTIC,    28, -5.908796758314e-01, 1.198925031327e-05, 8.2534e-01, 4.8990e-03, 
 2DIAGNOSTIC,    29, -5.911411552396e-01, 1.217108543353e-05, 8.3063e-01, 5.2969e-03, 
 2DIAGNOSTIC,    30, -5.915241330963e-01, 2.456301684602e-05, 8.3765e-01, 7.0171e-03, 
 2DIAGNOSTIC,    31, -5.916229825991e-01, 3.758205306019e-05, 8.4237e-01, 4.7231e-03, 
 2DIAGNOSTIC,    32, -5.916651208816e-01, 4.532975448691e-05, 8.4714e-01, 4.7648e-03, 
 2DIAGNOSTIC,    33, -5.916874987632e-01, 4.885284294041e-05, 8.5205e-01, 4.9150e-03, 
 2DIAGNOSTIC,    34, -5.917053822200e-01, 4.682712858174e-05, 8.5722e-01, 5.1661e-03, 
 2DIAGNOSTIC,    35, -5.917390904868e-01, 4.153275816858e-05, 8.6989e-01, 1.2671e-02, 
 2DIAGNOSTIC,    36, -5.917390912695e-01, 3.272086429054e-05, 8.7454e-01, 4.6492e-03, 
 2DIAGNOSTIC,    37, -5.917391070342e-01, 2.163060314630e-05, 8.7921e-01, 4.6749e-03, 
 2DIAGNOSTIC,    38, -5.917391330930e-01, 1.245673595281e-05, 8.8393e-01, 4.7150e-03, 
 2DIAGNOSTIC,    39, -5.917391754735e-01, 5.801896390923e-06, 8.8862e-01, 4.6959e-03, 
 2DIAGNOSTIC,    40, -5.917392424312e-01, 3.643428655296e-06, 8.9342e-01, 4.7932e-03, 
 2DIAGNOSTIC,    41, -5.917393428829e-01, 2.487109301161e-06, 8.9823e-01, 4.8079e-03, 
 2DIAGNOSTIC,    42, -5.917394845335e-01, 1.715730318961e-06, 9.0293e-01, 4.7050e-03, 
 2DIAGNOSTIC,    43, -5.917396625587e-01, 1.144189315610e-06, 9.0738e-01, 4.4508e-03, 
DIAGNOSTIC,Iteration,metricValue,convergenceValue,ITERATION_TIME_INDEX,SINCE_LAST
 2DIAGNOSTIC,     1, -4.784004501430e-01, 1.797693134862e+308, 1.6592e+00, 7.5180e-01, 
 2DIAGNOSTIC,     2, -4.783999131499e-01, 1.797693134862e+308, 1.6873e+00, 2.8095e-02, 
 2DIAGNOSTIC,     3, -4.784190365436e-01, 1.797693134862e+308, 1.7185e+00, 3.1222e-02, 
 2DIAGNOSTIC,     4, -4.785028756522e-01, 1.797693134862e+308, 1.7451e+00, 2.6646e-02, 
 2DIAGNOSTIC,     5, -4.786647485441e-01, 1.797693134862e+308, 1.7721e+00, 2.6968e-02, 
 2DIAGNOSTIC,     6, -4.788099932971e-01, 1.797693134862e+308, 1.7987e+00, 2.6622e-02, 
 2DIAGNOSTIC,     7, -4.794645847231e-01, 1.797693134862e+308, 1.8261e+00, 2.7359e-02, 
 2DIAGNOSTIC,     8, -4.813619171767e-01, 1.797693134862e+308, 1.8629e+00, 3.6778e-02, 
 2DIAGNOSTIC,     9, -4.817935635333e-01, 1.797693134862e+308, 1.8928e+00, 2.9946e-02, 
 2DIAGNOSTIC,    10, -4.822647496866e-01, 5.583367502407e-04, 1.9206e+00, 2.7758e-02, 
 2DIAGNOSTIC,    11, -4.831344909909e-01, 6.366384572447e-04, 1.9581e+00, 3.7560e-02, 
 2DIAGNOSTIC,    12, -4.835768992629e-01, 6.653898035070e-04, 2.0106e+00, 5.2462e-02, 
 2DIAGNOSTIC,    13, -4.835677565336e-01, 6.290342969553e-04, 2.0508e+00, 4.0236e-02, 
 2DIAGNOSTIC,    14, -4.835733047853e-01, 5.452729208714e-04, 2.0960e+00, 4.5205e-02, 
 2DIAGNOSTIC,    15, -4.835701547265e-01, 4.305772097101e-04, 2.1313e+00, 3.5271e-02, 
 2DIAGNOSTIC,    16, -4.835566913019e-01, 2.956272805290e-04, 2.1633e+00, 3.1970e-02, 
 2DIAGNOSTIC,    17, -4.835523104099e-01, 1.703980276337e-04, 2.1895e+00, 2.6247e-02, 
 2DIAGNOSTIC,    18, -4.835483887841e-01, 1.058854947043e-04, 2.2195e+00, 2.9937e-02, 
 2DIAGNOSTIC,    19, -4.835469915476e-01, 5.203914180885e-05, 2.2477e+00, 2.8251e-02, 
 2DIAGNOSTIC,    20, -4.835401827380e-01, 1.204163293865e-05, 2.2796e+00, 3.1865e-02, 
DIAGNOSTIC,Iteration,metricValue,convergenceValue,ITERATION_TIME_INDEX,SINCE_LAST
 2DIAGNOSTIC,     1, -4.161561167865e-01, 1.797693134862e+308, 3.4465e+00, 1.1669e+00, 
 2DIAGNOSTIC,     2, -4.161756893440e-01, 1.797693134862e+308, 3.7818e+00, 3.3530e-01, 
 2DIAGNOSTIC,     3, -4.161696114510e-01, 1.797693134862e+308, 4.0609e+00, 2.7913e-01, 
 2DIAGNOSTIC,     4, -4.161681503555e-01, 1.797693134862e+308, 4.5001e+00, 4.3920e-01, 
 2DIAGNOSTIC,     5, -4.161678896604e-01, 1.797693134862e+308, 4.7960e+00, 2.9585e-01, 
 2DIAGNOSTIC,     6, -4.161669123587e-01, 1.797693134862e+308, 5.0849e+00, 2.8893e-01, 
 2DIAGNOSTIC,     7, -4.161667485645e-01, 1.797693134862e+308, 5.4156e+00, 3.3071e-01, 
 2DIAGNOSTIC,     8, -4.161656816018e-01, 1.797693134862e+308, 5.6465e+00, 2.3090e-01, 
 2DIAGNOSTIC,     9, -4.161650043541e-01, 1.797693134862e+308, 5.9103e+00, 2.6375e-01, 
 2DIAGNOSTIC,    10, -4.161655463816e-01, 2.943366688976e-06, 6.2143e+00, 3.0408e-01, 
 2DIAGNOSTIC,    11, -4.161636420997e-01, 1.720591508714e-06, 6.4975e+00, 2.8320e-01, 
 2DIAGNOSTIC,    12, -4.161624970810e-01, 1.867462472535e-06, 6.7658e+00, 2.6824e-01, 
 2DIAGNOSTIC,    13, -4.161615819747e-01, 1.698398056513e-06, 7.0311e+00, 2.6527e-01, 
 2DIAGNOSTIC,    14, -4.161624603298e-01, 1.592444845766e-06, 7.2941e+00, 2.6308e-01, 
 2DIAGNOSTIC,    15, -4.161620529817e-01, 1.530180441398e-06, 7.5531e+00, 2.5893e-01, 
 2DIAGNOSTIC,    16, -4.161603835109e-01, 1.417836924533e-06, 7.7801e+00, 2.2700e-01, 
 2DIAGNOSTIC,    17, -4.161625251484e-01, 1.455414128458e-06, 8.0411e+00, 2.6100e-01, 
 2DIAGNOSTIC,    18, -4.161617349628e-01, 1.453854872352e-06, 8.2677e+00, 2.2665e-01, 
 2DIAGNOSTIC,    19, -4.161656140597e-01, 1.594928512663e-06, 8.5222e+00, 2.5444e-01, 
 2DIAGNOSTIC,    20, -4.161678254534e-01, 1.821576338053e-06, 8.8626e+00, 3.4047e-01, 
 2DIAGNOSTIC,    21, -4.161672172264e-01, 1.924327034525e-06, 9.1845e+00, 3.2188e-01, 
 2DIAGNOSTIC,    22, -4.161665846127e-01, 1.927748316553e-06, 9.4497e+00, 2.6516e-01, 
 2DIAGNOSTIC,    23, -4.161660793970e-01, 1.843028039010e-06, 9.7215e+00, 2.7179e-01, 
 2DIAGNOSTIC,    24, -4.161655365537e-01, 1.730448872424e-06, 9.9449e+00, 2.2346e-01, 
 2DIAGNOSTIC,    25, -4.161651834950e-01, 1.568353736985e-06, 1.0165e+01, 2.2024e-01, 
 2DIAGNOSTIC,    26, -4.161660037668e-01, 1.368374529555e-06, 1.0431e+01, 2.6553e-01, 
 2DIAGNOSTIC,    27, -4.161651045498e-01, 1.203105046650e-06, 1.0681e+01, 2.5064e-01, 
 2DIAGNOSTIC,    28, -4.161679884901e-01, 1.097088634557e-06, 1.0920e+01, 2.3850e-01, 
 2DIAGNOSTIC,    29, -4.161710849650e-01, 1.162831206644e-06, 1.1213e+01, 2.9321e-01, 
 2DIAGNOSTIC,    30, -4.161703640307e-01, 1.250475680073e-06, 1.1496e+01, 2.8310e-01, 
 2DIAGNOSTIC,    31, -4.161708142913e-01, 1.313167798202e-06, 1.1787e+01, 2.9053e-01, 
 2DIAGNOSTIC,    32, -4.161710089267e-01, 1.336085259436e-06, 1.2035e+01, 2.4881e-01, 
 2DIAGNOSTIC,    33, -4.161749613452e-01, 1.395595228083e-06, 1.2327e+01, 2.9196e-01, 
 2DIAGNOSTIC,    34, -4.161777487509e-01, 1.452526302667e-06, 1.2569e+01, 2.4177e-01, 
 2DIAGNOSTIC,    35, -4.161792220184e-01, 1.478601732573e-06, 1.2858e+01, 2.8910e-01, 
 2DIAGNOSTIC,    36, -4.161806859656e-01, 1.495439450168e-06, 1.3140e+01, 2.8126e-01, 
 2DIAGNOSTIC,    37, -4.161791778432e-01, 1.407680707454e-06, 1.3386e+01, 2.4617e-01, 
 2DIAGNOSTIC,    38, -4.161838486874e-01, 1.406626919612e-06, 1.3728e+01, 3.4186e-01, 
 2DIAGNOSTIC,    39, -4.161849953109e-01, 1.422742226639e-06, 1.4065e+01, 3.3698e-01, 
 2DIAGNOSTIC,    40, -4.161860914899e-01, 1.386764682712e-06, 1.4451e+01, 3.8604e-01, 
 2DIAGNOSTIC,    41, -4.161854987585e-01, 1.295749619119e-06, 1.4746e+01, 2.9506e-01, 
 2DIAGNOSTIC,    42, -4.161840259997e-01, 1.138573373992e-06, 1.4998e+01, 2.5273e-01, 
 2DIAGNOSTIC,    43, -4.161834049869e-01, 1.004201854234e-06, 1.5259e+01, 2.6098e-01, 
DIAGNOSTIC,Iteration,metricValue,convergenceValue,ITERATION_TIME_INDEX,SINCE_LAST
 2DIAGNOSTIC,     1, -3.834265912396e-01, 1.797693134862e+308, 1.7713e+01, 2.4539e+00, 
 2DIAGNOSTIC,     2, -3.834925053393e-01, 1.797693134862e+308, 1.9351e+01, 1.6379e+00, 
 2DIAGNOSTIC,     3, -3.834978116527e-01, 1.797693134862e+308, 2.1016e+01, 1.6647e+00, 
 2DIAGNOSTIC,     4, -3.835004127765e-01, 1.797693134862e+308, 2.2634e+01, 1.6184e+00, 
 2DIAGNOSTIC,     5, -3.835019582528e-01, 1.797693134862e+308, 2.4319e+01, 1.6851e+00, 
 2DIAGNOSTIC,     6, -3.835049957438e-01, 1.797693134862e+308, 2.5975e+01, 1.6559e+00, 
 2DIAGNOSTIC,     7, -3.835058343733e-01, 1.797693134862e+308, 2.7649e+01, 1.6738e+00, 
 2DIAGNOSTIC,     8, -3.835066498264e-01, 1.797693134862e+308, 2.9478e+01, 1.8287e+00, 
 2DIAGNOSTIC,     9, -3.835062955331e-01, 1.797693134862e+308, 3.1166e+01, 1.6878e+00, 
 2DIAGNOSTIC,    10, -3.835063109005e-01, 1.066660664759e-05, 3.2891e+01, 1.7252e+00, 
 2DIAGNOSTIC,    11, -3.835061571799e-01, 4.747040128955e-06, 3.5018e+01, 2.1271e+00, 
 2DIAGNOSTIC,    12, -3.835060832658e-01, 3.706200185583e-06, 3.6484e+01, 1.4664e+00, 
 2DIAGNOSTIC,    13, -3.835060190729e-01, 3.027825851459e-06, 3.8084e+01, 1.5997e+00, 
 2DIAGNOSTIC,    14, -3.835058638487e-01, 2.523466950427e-06, 3.9605e+01, 1.5211e+00, 
 2DIAGNOSTIC,    15, -3.835058006972e-01, 2.133709188126e-06, 4.1207e+01, 1.6023e+00, 
 2DIAGNOSTIC,    16, -3.835056463979e-01, 1.924177700119e-06, 4.3025e+01, 1.8176e+00, 
 2DIAGNOSTIC,    17, -3.835054775137e-01, 1.773328549622e-06, 4.4531e+01, 1.5059e+00, 
 2DIAGNOSTIC,    18, -3.835053086130e-01, 1.675385372858e-06, 4.5965e+01, 1.4342e+00, 
 2DIAGNOSTIC,    19, -3.835051448152e-01, 1.576051814237e-06, 4.7396e+01, 1.4313e+00, 
 2DIAGNOSTIC,    20, -3.835051658774e-01, 1.497295070381e-06, 4.8821e+01, 1.4248e+00, 
 2DIAGNOSTIC,    21, -3.835053779583e-01, 1.436675311162e-06, 5.0405e+01, 1.5834e+00, 
 2DIAGNOSTIC,    22, -3.835055901423e-01, 1.393331719786e-06, 5.1948e+01, 1.5433e+00, 
 2DIAGNOSTIC,    23, -3.835055251014e-01, 1.354581541504e-06, 5.3662e+01, 1.7142e+00, 
 2DIAGNOSTIC,    24, -3.835054518293e-01, 1.314933129867e-06, 5.5289e+01, 1.6268e+00, 
 2DIAGNOSTIC,    25, -3.835053813433e-01, 1.275595340224e-06, 5.6906e+01, 1.6171e+00, 
 2DIAGNOSTIC,    26, -3.835053141627e-01, 1.232550093669e-06, 5.8337e+01, 1.4312e+00, 
 2DIAGNOSTIC,    27, -3.835053494685e-01, 1.188143191326e-06, 5.9756e+01, 1.4192e+00, 
 2DIAGNOSTIC,    28, -3.835054089363e-01, 1.143229096272e-06, 6.1338e+01, 1.5819e+00, 
 2DIAGNOSTIC,    29, -3.835055814688e-01, 1.101082725073e-06, 6.2797e+01, 1.4582e+00, 
 2DIAGNOSTIC,    30, -3.835053714651e-01, 1.056523022978e-06, 6.4916e+01, 2.1196e+00, 
 2DIAGNOSTIC,    31, -3.835053052299e-01, 1.018740036898e-06, 6.6606e+01, 1.6898e+00, 
  Elapsed time (stage 0): 6.7478e+01


Total elapsed time: 6.7481e+01
Info [verificarlo]: loaded backend libinterflop_ieee.so
Info [interflop-ieee]: load backend with:
Info [interflop-ieee]: debug = false
Info [interflop-ieee]: debug-binary = false
Info [interflop-ieee]: no-backend-name = false
Info [interflop-ieee]: print-new-line = false
Info [interflop-ieee]: print-subnormal-normalized = false
Info [interflop-ieee]: count-op = false
All_Command_lines_OK
Using double precision for computations.
=============================================================================
The composite transform comprises the following transforms (in order): 
  1. /home/mdugre/scratch/mri-registration-rp/datasets/ds004513/derivatives/mri-registration-rp/0001/antsRegistration-r7-p12/sub-s017/rigid_Composite.h5[0] (type = Euler3DTransform)
  2. /home/mdugre/scratch/mri-registration-rp/datasets/ds004513/derivatives/mri-registration-rp/0001/antsRegistration-r7-p12/sub-s017/rigid_Composite.h5[1] (type = Euler3DTransform)
  3. /home/mdugre/scratch/mri-registration-rp/datasets/ds004513/derivatives/mri-registration-rp/0001/antsRegistration-r7-p12/sub-s017/rigid_Composite.h5[2] (type = Euler3DTransform)
=============================================================================
  number of levels = 4
  fixed image: /templateflow/tpl-MNI152NLin2009cAsym/tpl-MNI152NLin2009cAsym_res-01_desc-brain_T1w.nii.gz
  moving image: /home/mdugre/scratch/mri-registration-rp/datasets/ds004513/derivatives/mri-registration-rp/antsBrainExtraction/sub-s017/BrainExtractionBrain.nii.gz
Dimension = 3
Number of stages = 1
Use histogram matching = false
Winsorize image intensities = true
  Lower quantile = 0.005
  Upper quantile = 0.995


Stage 1 State
   Image metric = MattesMI
     Fixed image = Image (0x4a747e0)
  RTTI typeinfo:   itk::Image<double, 3u>
  Reference Count: 2
  Modified Time: 1594
  Debug: Off
  Object Name: 
  Observers: 
    none
  Source: (none)
  Source output name: (none)
  Release Data: Off
  Data Released: False
  Global Release Data: Off
  PipelineMTime: 0
  UpdateMTime: 1203
  RealTimeStamp: 0 seconds 
  LargestPossibleRegion: 
    Dimension: 3
    Index: [0, 0, 0]
    Size: [193, 229, 193]
  BufferedRegion: 
    Dimension: 3
    Index: [0, 0, 0]
    Size: [193, 229, 193]
  RequestedRegion: 
    Dimension: 3
    Index: [0, 0, 0]
    Size: [193, 229, 193]
  Spacing: [1, 1, 1]
  Origin: [96, 132, -78]
  Direction: 
-1 0 0
0 -1 0
0 0 1

  IndexToPointMatrix: 
-1 0 0
0 -1 0
0 0 1

  PointToIndexMatrix: 
-1 0 0
0 -1 0
0 0 1

  Inverse Direction: 
-1 0 0
0 -1 0
0 0 1

  PixelContainer: 
    ImportImageContainer (0x4b34a20)
      RTTI typeinfo:   itk::ImportImageContainer<unsigned long, double>
      Reference Count: 1
      Modified Time: 1200
      Debug: Off
      Object Name: 
      Observers: 
        none
      Pointer: 0x153366cfb010
      Container manages memory: true
      Size: 8530021
      Capacity: 8530021

     Moving image = Image (0x4b2fd70)
  RTTI typeinfo:   itk::Image<double, 3u>
  Reference Count: 2
  Modified Time: 1595
  Debug: Off
  Object Name: 
  Observers: 
    none
  Source: (none)
  Source output name: (none)
  Release Data: Off
  Data Released: False
  Global Release Data: Off
  PipelineMTime: 0
  UpdateMTime: 1592
  RealTimeStamp: 0 seconds 
  LargestPossibleRegion: 
    Dimension: 3
    Index: [0, 0, 0]
    Size: [160, 240, 256]
  BufferedRegion: 
    Dimension: 3
    Index: [0, 0, 0]
    Size: [160, 240, 256]
  RequestedRegion: 
    Dimension: 3
    Index: [0, 0, 0]
    Size: [160, 240, 256]
  Spacing: [1, 1, 1]
  Origin: [91.3357, 102.231, -120.042]
  Direction: 
-0.997442 -5.36781e-05 -0.0714818
5.35416e-05 -1 3.82465e-06
-0.0714818 -1.23894e-08 0.997442

  IndexToPointMatrix: 
-0.997444 -5.36781e-05 -0.0714818
5.35418e-05 -1 3.82465e-06
-0.0714819 -1.23894e-08 0.997442

  PointToIndexMatrix: 
-0.99744 5.35415e-05 -0.0714816
-5.36781e-05 -1 -1.23894e-08
-0.0714818 3.82465e-06 0.997442

  Inverse Direction: 
-0.997442 5.35416e-05 -0.0714818
-5.36781e-05 -1 -1.23894e-08
-0.0714818 3.82465e-06 0.997442

  PixelContainer: 
    ImportImageContainer (0x4ae7c90)
      RTTI typeinfo:   itk::ImportImageContainer<unsigned long, double>
      Reference Count: 1
      Modified Time: 1589
      Debug: Off
      Object Name: 
      Observers: 
        none
      Pointer: 0x1533621fa010
      Container manages memory: true
      Size: 9830400
      Capacity: 9830400

     Weighting = 1
     Sampling strategy = regular
     Number of bins = 32
     Radius = 4
     Sampling percentage  = 0.25
   Transform = Affine
     Gradient step = 0.1
     Update field sigma (voxel space) = 0
     Total field sigma (voxel space) = 0
     Update field time sigma = 0
     Total field time sigma  = 0
     Number of time indices = 0
     Number of time point samples = 0
Registration using 1 total stages.

Stage 0
  iterations = 1000x500x250x100
  convergence threshold = 1e-06
  convergence window size = 10
  number of levels = 4
  using the Mattes MI metric (number of bins = 32, weight = 1, use gradient filter = 0)
  preprocessing:  winsorizing the image intensities
  Shrink factors (level 1 out of 4): [8, 8, 8]
  Shrink factors (level 2 out of 4): [4, 4, 4]
  Shrink factors (level 3 out of 4): [2, 2, 2]
  Shrink factors (level 4 out of 4): [1, 1, 1]
  smoothing sigmas per level: [3, 2, 1, 0]
  regular sampling (percentage = 0.25)

*** Running AffineTransform registration ***

DIAGNOSTIC,Iteration,metricValue,convergenceValue,ITERATION_TIME_INDEX,SINCE_LAST
 2DIAGNOSTIC,     1, -5.806290998335e-01, 1.797693134862e+308, 6.9939e-01, 6.9939e-01, 
 2DIAGNOSTIC,     2, -5.832407507839e-01, 1.797693134862e+308, 7.0531e-01, 5.9249e-03, 
 2DIAGNOSTIC,     3, -5.883921006452e-01, 1.797693134862e+308, 7.1287e-01, 7.5562e-03, 
 2DIAGNOSTIC,     4, -5.973582021616e-01, 1.797693134862e+308, 7.1874e-01, 5.8770e-03, 
 2DIAGNOSTIC,     5, -6.166279650006e-01, 1.797693134862e+308, 7.2446e-01, 5.7189e-03, 
 2DIAGNOSTIC,     6, -6.406440241875e-01, 1.797693134862e+308, 7.3077e-01, 6.3028e-03, 
 2DIAGNOSTIC,     7, -7.009864246798e-01, 1.797693134862e+308, 7.3658e-01, 5.8141e-03, 
 2DIAGNOSTIC,     8, -7.630482500313e-01, 1.797693134862e+308, 7.4311e-01, 6.5320e-03, 
 2DIAGNOSTIC,     9, -8.423469025587e-01, 1.797693134862e+308, 7.5299e-01, 9.8801e-03, 
 2DIAGNOSTIC,    10, -8.569694545549e-01, 2.845116124470e-02, 7.5910e-01, 6.1040e-03, 
 2DIAGNOSTIC,    11, -8.701917119535e-01, 2.871708891755e-02, 7.6624e-01, 7.1461e-03, 
 2DIAGNOSTIC,    12, -8.814645616091e-01, 2.683607374077e-02, 7.7718e-01, 1.0941e-02, 
 2DIAGNOSTIC,    13, -8.822368120018e-01, 2.307206287686e-02, 7.8355e-01, 6.3629e-03, 
 2DIAGNOSTIC,    14, -8.834458721527e-01, 1.815384146958e-02, 7.8986e-01, 6.3159e-03, 
 2DIAGNOSTIC,    15, -8.851322803597e-01, 1.292532933426e-02, 7.9659e-01, 6.7270e-03, 
 2DIAGNOSTIC,    16, -8.870480810499e-01, 7.902435140124e-03, 8.0294e-01, 6.3550e-03, 
 2DIAGNOSTIC,    17, -8.886777820347e-01, 4.189413224628e-03, 8.1070e-01, 7.7569e-03, 
 2DIAGNOSTIC,    18, -8.889448811626e-01, 1.810422442836e-03, 8.1876e-01, 8.0609e-03, 
 2DIAGNOSTIC,    19, -8.890594324698e-01, 1.083853151416e-03, 8.2747e-01, 8.7090e-03, 
 2DIAGNOSTIC,    20, -8.887882562931e-01, 5.969783294097e-04, 8.3612e-01, 8.6479e-03, 
 2DIAGNOSTIC,    21, -8.886098616837e-01, 3.264824845898e-04, 8.4550e-01, 9.3789e-03, 
 2DIAGNOSTIC,    22, -8.885249833619e-01, 2.361096475050e-04, 8.5285e-01, 7.3538e-03, 
 2DIAGNOSTIC,    23, -8.882875303941e-01, 1.410432898386e-04, 8.6018e-01, 7.3240e-03, 
 2DIAGNOSTIC,    24, -8.882052346281e-01, 5.851496575102e-05, 8.6651e-01, 6.3319e-03, 
DIAGNOSTIC,Iteration,metricValue,convergenceValue,ITERATION_TIME_INDEX,SINCE_LAST
 2DIAGNOSTIC,     1, -7.469015880397e-01, 1.797693134862e+308, 1.6226e+00, 7.5612e-01, 
 2DIAGNOSTIC,     2, -7.476337611022e-01, 1.797693134862e+308, 1.6659e+00, 4.3266e-02, 
 2DIAGNOSTIC,     3, -7.481984149763e-01, 1.797693134862e+308, 1.7102e+00, 4.4284e-02, 
 2DIAGNOSTIC,     4, -7.485348957387e-01, 1.797693134862e+308, 1.7535e+00, 4.3373e-02, 
 2DIAGNOSTIC,     5, -7.488723349641e-01, 1.797693134862e+308, 1.7936e+00, 4.0008e-02, 
 2DIAGNOSTIC,     6, -7.493028719117e-01, 1.797693134862e+308, 1.8390e+00, 4.5396e-02, 
 2DIAGNOSTIC,     7, -7.498240981886e-01, 1.797693134862e+308, 1.8869e+00, 4.7976e-02, 
 2DIAGNOSTIC,     8, -7.499189038476e-01, 1.797693134862e+308, 1.9275e+00, 4.0620e-02, 
 2DIAGNOSTIC,     9, -7.503981903856e-01, 1.797693134862e+308, 1.9797e+00, 5.2124e-02, 
 2DIAGNOSTIC,    10, -7.505578656942e-01, 3.049238784094e-04, 2.0222e+00, 4.2482e-02, 
 2DIAGNOSTIC,    11, -7.505341234060e-01, 2.389539863231e-04, 2.0603e+00, 3.8149e-02, 
 2DIAGNOSTIC,    12, -7.505061914450e-01, 1.848758109847e-04, 2.1010e+00, 4.0694e-02, 
 2DIAGNOSTIC,    13, -7.505141121457e-01, 1.393602363122e-04, 2.1402e+00, 3.9236e-02, 
 2DIAGNOSTIC,    14, -7.505102733271e-01, 9.677096636683e-05, 2.1889e+00, 4.8631e-02, 
 2DIAGNOSTIC,    15, -7.505029863185e-01, 5.935599079415e-05, 2.2408e+00, 5.1942e-02, 
 2DIAGNOSTIC,    16, -7.504912485810e-01, 3.116311135470e-05, 2.2835e+00, 4.2741e-02, 
 2DIAGNOSTIC,    17, -7.504804689148e-01, 1.513171534130e-05, 2.3230e+00, 3.9464e-02, 
 2DIAGNOSTIC,    18, -7.504860792966e-01, 1.517276194733e-06, 2.3668e+00, 4.3818e-02, 
DIAGNOSTIC,Iteration,metricValue,convergenceValue,ITERATION_TIME_INDEX,SINCE_LAST
 2DIAGNOSTIC,     1, -6.294116116242e-01, 1.797693134862e+308, 3.5752e+00, 1.2083e+00, 
 2DIAGNOSTIC,     2, -6.299274338103e-01, 1.797693134862e+308, 3.8930e+00, 3.1784e-01, 
 2DIAGNOSTIC,     3, -6.304606937862e-01, 1.797693134862e+308, 4.1810e+00, 2.8796e-01, 
 2DIAGNOSTIC,     4, -6.311440983467e-01, 1.797693134862e+308, 4.5039e+00, 3.2291e-01, 
 2DIAGNOSTIC,     5, -6.319613521808e-01, 1.797693134862e+308, 4.7865e+00, 2.8262e-01, 
 2DIAGNOSTIC,     6, -6.326508620248e-01, 1.797693134862e+308, 5.3415e+00, 5.5500e-01, 
 2DIAGNOSTIC,     7, -6.326442432397e-01, 1.797693134862e+308, 5.8034e+00, 4.6189e-01, 
 2DIAGNOSTIC,     8, -6.326421030912e-01, 1.797693134862e+308, 6.1476e+00, 3.4423e-01, 
 2DIAGNOSTIC,     9, -6.326413591033e-01, 1.797693134862e+308, 6.5032e+00, 3.5562e-01, 
 2DIAGNOSTIC,    10, -6.326405357233e-01, 3.607193972216e-04, 6.9053e+00, 4.0209e-01, 
 2DIAGNOSTIC,    11, -6.326380581666e-01, 2.475998191200e-04, 7.2834e+00, 3.7807e-01, 
 2DIAGNOSTIC,    12, -6.326382569276e-01, 1.509095268704e-04, 7.6029e+00, 3.1949e-01, 
 2DIAGNOSTIC,    13, -6.326371997511e-01, 7.419551528266e-05, 7.9544e+00, 3.5156e-01, 
 2DIAGNOSTIC,    14, -6.326376014066e-01, 2.341665055673e-05, 8.3159e+00, 3.6150e-01, 
 2DIAGNOSTIC,    15, -6.326364676919e-01, 1.358505481094e-06, 8.6342e+00, 3.1825e-01, 
 2DIAGNOSTIC,    16, -6.326355130911e-01, 1.489403091248e-06, 8.9454e+00, 3.1118e-01, 
 2DIAGNOSTIC,    17, -6.326348604141e-01, 1.460469384054e-06, 9.3299e+00, 3.8457e-01, 
 2DIAGNOSTIC,    18, -6.326337610021e-01, 1.391313792745e-06, 9.6712e+00, 3.4122e-01, 
 2DIAGNOSTIC,    19, -6.326327162263e-01, 1.322246900026e-06, 9.9485e+00, 2.7735e-01, 
 2DIAGNOSTIC,    20, -6.326305165007e-01, 1.226844905437e-06, 1.0274e+01, 3.2596e-01, 
 2DIAGNOSTIC,    21, -6.326298186088e-01, 1.107474627664e-06, 1.0573e+01, 2.9840e-01, 
 2DIAGNOSTIC,    22, -6.326281933261e-01, 1.008190630591e-06, 1.0884e+01, 3.1071e-01, 
DIAGNOSTIC,Iteration,metricValue,convergenceValue,ITERATION_TIME_INDEX,SINCE_LAST
 2DIAGNOSTIC,     1, -5.634463075437e-01, 1.797693134862e+308, 1.3832e+01, 2.9481e+00, 
 2DIAGNOSTIC,     2, -5.639251010802e-01, 1.797693134862e+308, 1.5719e+01, 1.8868e+00, 
 2DIAGNOSTIC,     3, -5.643935837124e-01, 1.797693134862e+308, 1.7506e+01, 1.7874e+00, 
 2DIAGNOSTIC,     4, -5.653421953101e-01, 1.797693134862e+308, 1.9487e+01, 1.9814e+00, 
 2DIAGNOSTIC,     5, -5.666806115886e-01, 1.797693134862e+308, 2.2351e+01, 2.8632e+00, 
 2DIAGNOSTIC,     6, -5.666792476879e-01, 1.797693134862e+308, 2.5127e+01, 2.7769e+00, 
 2DIAGNOSTIC,     7, -5.666802577905e-01, 1.797693134862e+308, 2.7067e+01, 1.9396e+00, 
 2DIAGNOSTIC,     8, -5.666791771897e-01, 1.797693134862e+308, 2.9048e+01, 1.9814e+00, 
 2DIAGNOSTIC,     9, -5.666786024805e-01, 1.797693134862e+308, 3.0979e+01, 1.9306e+00, 
 2DIAGNOSTIC,    10, -5.666778338996e-01, 3.983706524309e-04, 3.2729e+01, 1.7500e+00, 
 2DIAGNOSTIC,    11, -5.666782107200e-01, 2.625672519036e-04, 3.4758e+01, 2.0289e+00, 
 2DIAGNOSTIC,    12, -5.666781830075e-01, 1.470163600299e-04, 3.6975e+01, 2.2171e+00, 
 2DIAGNOSTIC,    13, -5.666781391857e-01, 5.390039534210e-05, 3.9706e+01, 2.7312e+00, 
 2DIAGNOSTIC,    14, -5.666783728712e-01, 2.086864556106e-06, 4.2017e+01, 2.3109e+00, 
 2DIAGNOSTIC,    15, -5.666778573637e-01, 1.992537056267e-06, 4.4117e+01, 2.0997e+00, 
 2DIAGNOSTIC,    16, -5.666767303545e-01, 1.842630821855e-06, 4.6310e+01, 2.1930e+00, 
 2DIAGNOSTIC,    17, -5.666767786452e-01, 1.756419206335e-06, 4.8971e+01, 2.6611e+00, 
 2DIAGNOSTIC,    18, -5.666769278047e-01, 1.664310809724e-06, 5.0715e+01, 1.7440e+00, 
 2DIAGNOSTIC,    19, -5.666766577937e-01, 1.569338284470e-06, 5.2792e+01, 2.0776e+00, 
 2DIAGNOSTIC,    20, -5.666766651667e-01, 1.474912803653e-06, 5.4777e+01, 1.9844e+00, 
 2DIAGNOSTIC,    21, -5.666765531648e-01, 1.407278686659e-06, 5.6779e+01, 2.0021e+00, 
 2DIAGNOSTIC,    22, -5.666763751220e-01, 1.351193696403e-06, 5.8790e+01, 2.0113e+00, 
 2DIAGNOSTIC,    23, -5.666764294134e-01, 1.308547378912e-06, 6.0923e+01, 2.1327e+00, 
 2DIAGNOSTIC,    24, -5.666763344238e-01, 1.279444835675e-06, 6.3357e+01, 2.4340e+00, 
 2DIAGNOSTIC,    25, -5.666762960609e-01, 1.246702364628e-06, 6.6002e+01, 2.6455e+00, 
 2DIAGNOSTIC,    26, -5.666758574318e-01, 1.188745323080e-06, 6.8126e+01, 2.1240e+00, 
 2DIAGNOSTIC,    27, -5.666759969290e-01, 1.142036717416e-06, 6.9996e+01, 1.8698e+00, 
 2DIAGNOSTIC,    28, -5.666755661871e-01, 1.097027549475e-06, 7.1891e+01, 1.8951e+00, 
 2DIAGNOSTIC,    29, -5.666753900055e-01, 1.051222882686e-06, 7.3875e+01, 1.9837e+00, 
 2DIAGNOSTIC,    30, -5.666751705307e-01, 1.009417087049e-06, 7.5803e+01, 1.9276e+00, 
  Elapsed time (stage 0): 7.6988e+01


Total elapsed time: 7.6990e+01
Info [verificarlo]: loaded backend libinterflop_vprec.so
Info [interflop-vprec]: load backend with: 
Info [interflop-vprec]: precision-binary32 = 12
Info [interflop-vprec]: range-binary32 = 7
Info [interflop-vprec]: precision-binary64 = 12
Info [interflop-vprec]: range-binary64 = 7
Info [interflop-vprec]: mode = ob
Info [interflop-vprec]: error-mode = rel
Info [interflop-vprec]: max-abs-error-exponent = -1022
Info [interflop-vprec]: daz = false
Info [interflop-vprec]: ftz = false
Info [interflop-vprec]: 	instrument = none
Info [interflop-vprec]: 	prec-input-file = (null)
Info [interflop-vprec]: 	prec-output-file = (null)
Info [interflop-vprec]: 	prec-log-file = (null)
All_Command_lines_OK
Using double precision for computations.
=============================================================================
The composite transform comprises the following transforms (in order): 
  1. /home/mdugre/scratch/mri-registration-rp/datasets/ds004513/derivatives/mri-registration-rp/0001/antsRegistration-r7-p12/sub-s017/affine_Composite.h5[0] (type = Euler3DTransform)
  2. /home/mdugre/scratch/mri-registration-rp/datasets/ds004513/derivatives/mri-registration-rp/0001/antsRegistration-r7-p12/sub-s017/affine_Composite.h5[1] (type = Euler3DTransform)
  3. /home/mdugre/scratch/mri-registration-rp/datasets/ds004513/derivatives/mri-registration-rp/0001/antsRegistration-r7-p12/sub-s017/affine_Composite.h5[2] (type = Euler3DTransform)
  4. /home/mdugre/scratch/mri-registration-rp/datasets/ds004513/derivatives/mri-registration-rp/0001/antsRegistration-r7-p12/sub-s017/affine_Composite.h5[3] (type = AffineTransform)
=============================================================================
  number of levels = 4
  fixed image: /templateflow/tpl-MNI152NLin2009cAsym/tpl-MNI152NLin2009cAsym_res-01_desc-brain_T1w.nii.gz
  moving image: /home/mdugre/scratch/mri-registration-rp/datasets/ds004513/derivatives/mri-registration-rp/antsBrainExtraction/sub-s017/BrainExtractionBrain.nii.gz
Dimension = 3
Number of stages = 1
Use histogram matching = false
Winsorize image intensities = true
  Lower quantile = 0.005
  Upper quantile = 0.995


Stage 1 State
   Image metric = CC
     Fixed image = Image (0x51896f0)
  RTTI typeinfo:   itk::Image<double, 3u>
  Reference Count: 2
  Modified Time: 1606
  Debug: Off
  Object Name: 
  Observers: 
    none
  Source: (none)
  Source output name: (none)
