
##########################
# Experiment information #
##########################

EXPERIMENT_NAME: antsRegistration-r8-p11
VFC_BACKENDS: libinterflop_vprec.so --range-binary32=8 --precision-binary32=11 --range-binary64=8 --precision-binary64=11

SIF_IMG: /home/mdugre/projects/rrg-glatard/mdugre/containers/ants-vprec-no_metrics.simg

SUBJECT_ID: s032
INPUT_IMG: /home/mdugre/scratch/mri-registration-rp/datasets/ds004513/derivatives/mri-registration-rp/antsBrainExtraction/sub-s032/BrainExtractionBrain.nii.gz
OUTPUT_DIR: /home/mdugre/scratch/mri-registration-rp/datasets/ds004513/derivatives/mri-registration-rp/0001/antsRegistration-r8-p11/sub-s032

FIXED_IMG: /templateflow/tpl-MNI152NLin2009cAsym/tpl-MNI152NLin2009cAsym_res-01_desc-brain_T1w.nii.gz
DATA_DIR: /home/mdugre/scratch/mri-registration-rp/datasets/ds004513
TEMPLATEFLOW_DIR: /home/mdugre/projects/rrg-glatard/mdugre/templateflow
ITK_GLOBAL_DEFAULT_NUMBER_OF_THREADS: 16
##########################

Info [verificarlo]: loaded backend libinterflop_ieee.so
Info [interflop-ieee]: load backend with:
Info [interflop-ieee]: debug = false
Info [interflop-ieee]: debug-binary = false
Info [interflop-ieee]: no-backend-name = false
Info [interflop-ieee]: print-new-line = false
Info [interflop-ieee]: print-subnormal-normalized = false
Info [interflop-ieee]: count-op = false
All_Command_lines_OK
Using double precision for computations.
=============================================================================
The composite transform comprises the following transforms (in order): 
  1. Center of mass alignment using fixed image: /templateflow/tpl-MNI152NLin2009cAsym/tpl-MNI152NLin2009cAsym_res-01_desc-brain_T1w.nii.gz and moving image: /home/mdugre/scratch/mri-registration-rp/datasets/ds004513/derivatives/mri-registration-rp/antsBrainExtraction/sub-s032/BrainExtractionBrain.nii.gz (type = Euler3DTransform)
=============================================================================
  number of levels = 1
  fixed image: /templateflow/tpl-MNI152NLin2009cAsym/tpl-MNI152NLin2009cAsym_res-01_desc-brain_T1w.nii.gz
  moving image: /home/mdugre/scratch/mri-registration-rp/datasets/ds004513/derivatives/mri-registration-rp/antsBrainExtraction/sub-s032/BrainExtractionBrain.nii.gz
Dimension = 3
Number of stages = 1
Use histogram matching = false
Winsorize image intensities = true
  Lower quantile = 0.005
  Upper quantile = 0.995


Stage 1 State
   Image metric = MattesMI
     Fixed image = Image (0x3330e70)
  RTTI typeinfo:   itk::Image<double, 3u>
  Reference Count: 2
  Modified Time: 2330
  Debug: Off
  Object Name: 
  Observers: 
    none
  Source: (none)
  Source output name: (none)
  Release Data: Off
  Data Released: False
  Global Release Data: Off
  PipelineMTime: 0
  UpdateMTime: 1941
  RealTimeStamp: 0 seconds 
  LargestPossibleRegion: 
    Dimension: 3
    Index: [0, 0, 0]
    Size: [193, 229, 193]
  BufferedRegion: 
    Dimension: 3
    Index: [0, 0, 0]
    Size: [193, 229, 193]
  RequestedRegion: 
    Dimension: 3
    Index: [0, 0, 0]
    Size: [193, 229, 193]
  Spacing: [1, 1, 1]
  Origin: [96, 132, -78]
  Direction: 
-1 0 0
0 -1 0
0 0 1

  IndexToPointMatrix: 
-1 0 0
0 -1 0
0 0 1

  PointToIndexMatrix: 
-1 0 0
0 -1 0
0 0 1

  Inverse Direction: 
-1 0 0
0 -1 0
0 0 1

  PixelContainer: 
    ImportImageContainer (0x3339c60)
      RTTI typeinfo:   itk::ImportImageContainer<unsigned long, double>
      Reference Count: 1
      Modified Time: 1938
      Debug: Off
      Object Name: 
      Observers: 
        none
      Pointer: 0x14d5fe5df010
      Container manages memory: true
      Size: 8530021
      Capacity: 8530021

     Moving image = Image (0x33cdec0)
  RTTI typeinfo:   itk::Image<double, 3u>
  Reference Count: 2
  Modified Time: 2331
  Debug: Off
  Object Name: 
  Observers: 
    none
  Source: (none)
  Source output name: (none)
  Release Data: Off
  Data Released: False
  Global Release Data: Off
  PipelineMTime: 0
  UpdateMTime: 2328
  RealTimeStamp: 0 seconds 
  LargestPossibleRegion: 
    Dimension: 3
    Index: [0, 0, 0]
    Size: [160, 240, 256]
  BufferedRegion: 
    Dimension: 3
    Index: [0, 0, 0]
    Size: [160, 240, 256]
  RequestedRegion: 
    Dimension: 3
    Index: [0, 0, 0]
    Size: [160, 240, 256]
  Spacing: [1, 1, 1]
  Origin: [73.279, 104.707, -131.187]
  Direction: 
-0.997527 0.0645574 -0.0278053
-0.0645323 -0.997914 -0.00179875
-0.0278634 4.01097e-08 0.999612

  IndexToPointMatrix: 
-0.997527 0.0645574 -0.0278053
-0.0645323 -0.997914 -0.00179875
-0.0278634 4.01097e-08 0.999612

  PointToIndexMatrix: 
-0.997527 -0.0645323 -0.0278634
0.0645574 -0.997914 4.01049e-08
-0.0278053 -0.00179875 0.999612

  Inverse Direction: 
-0.997527 -0.0645323 -0.0278634
0.0645574 -0.997914 4.01049e-08
-0.0278053 -0.00179875 0.999612

  PixelContainer: 
    ImportImageContainer (0x3465610)
      RTTI typeinfo:   itk::ImportImageContainer<unsigned long, double>
      Reference Count: 1
      Modified Time: 2325
      Debug: Off
      Object Name: 
      Observers: 
        none
      Pointer: 0x14d5f9ade010
      Container manages memory: true
      Size: 9830400
      Capacity: 9830400

     Weighting = 1
     Sampling strategy = regular
     Number of bins = 32
     Radius = 4
     Sampling percentage  = 0.25
   Transform = Rigid
     Gradient step = 0.1
     Update field sigma (voxel space) = 0
     Total field sigma (voxel space) = 0
     Update field time sigma = 0
     Total field time sigma  = 0
     Number of time indices = 0
     Number of time point samples = 0
Registration using 1 total stages.

Stage 0
  iterations = 0
  convergence threshold = 1e-06
  convergence window size = 10
  number of levels = 1
  using the Mattes MI metric (number of bins = 32, weight = 1, use gradient filter = 0)
  preprocessing:  winsorizing the image intensities
  Shrink factors (level 1 out of 1): [1, 1, 1]
  smoothing sigmas per level: [0]
  regular sampling (percentage = 0.25)

*** Running Euler3DTransform registration ***

  Elapsed time (stage 0): 1.182


Total elapsed time: 1.18424
Info [verificarlo]: loaded backend libinterflop_ieee.so
Info [interflop-ieee]: load backend with:
Info [interflop-ieee]: debug = false
Info [interflop-ieee]: debug-binary = false
Info [interflop-ieee]: no-backend-name = false
Info [interflop-ieee]: print-new-line = false
Info [interflop-ieee]: print-subnormal-normalized = false
Info [interflop-ieee]: count-op = false
All_Command_lines_OK
Using double precision for computations.
=============================================================================
The composite transform comprises the following transforms (in order): 
  1. /home/mdugre/scratch/mri-registration-rp/datasets/ds004513/derivatives/mri-registration-rp/0001/antsRegistration-r8-p11/sub-s032/align_Composite.h5[0] (type = Euler3DTransform)
  2. /home/mdugre/scratch/mri-registration-rp/datasets/ds004513/derivatives/mri-registration-rp/0001/antsRegistration-r8-p11/sub-s032/align_Composite.h5[1] (type = Euler3DTransform)
=============================================================================
  number of levels = 4
  fixed image: /templateflow/tpl-MNI152NLin2009cAsym/tpl-MNI152NLin2009cAsym_res-01_desc-brain_T1w.nii.gz
  moving image: /home/mdugre/scratch/mri-registration-rp/datasets/ds004513/derivatives/mri-registration-rp/antsBrainExtraction/sub-s032/BrainExtractionBrain.nii.gz
Dimension = 3
Number of stages = 1
Use histogram matching = false
Winsorize image intensities = true
  Lower quantile = 0.005
  Upper quantile = 0.995


Stage 1 State
   Image metric = MattesMI
     Fixed image = Image (0x401b530)
  RTTI typeinfo:   itk::Image<double, 3u>
  Reference Count: 2
  Modified Time: 1578
  Debug: Off
  Object Name: 
  Observers: 
    none
  Source: (none)
  Source output name: (none)
  Release Data: Off
  Data Released: False
  Global Release Data: Off
  PipelineMTime: 0
  UpdateMTime: 1189
  RealTimeStamp: 0 seconds 
  LargestPossibleRegion: 
    Dimension: 3
    Index: [0, 0, 0]
    Size: [193, 229, 193]
  BufferedRegion: 
    Dimension: 3
    Index: [0, 0, 0]
    Size: [193, 229, 193]
  RequestedRegion: 
    Dimension: 3
    Index: [0, 0, 0]
    Size: [193, 229, 193]
  Spacing: [1, 1, 1]
  Origin: [96, 132, -78]
  Direction: 
-1 0 0
0 -1 0
0 0 1

  IndexToPointMatrix: 
-1 0 0
0 -1 0
0 0 1

  PointToIndexMatrix: 
-1 0 0
0 -1 0
0 0 1

  Inverse Direction: 
-1 0 0
0 -1 0
0 0 1

  PixelContainer: 
    ImportImageContainer (0x40d9d60)
      RTTI typeinfo:   itk::ImportImageContainer<unsigned long, double>
      Reference Count: 1
      Modified Time: 1186
      Debug: Off
      Object Name: 
      Observers: 
        none
      Pointer: 0x14a2052d5010
      Container manages memory: true
      Size: 8530021
      Capacity: 8530021

     Moving image = Image (0x40cbf60)
  RTTI typeinfo:   itk::Image<double, 3u>
  Reference Count: 2
  Modified Time: 1579
  Debug: Off
  Object Name: 
  Observers: 
    none
  Source: (none)
  Source output name: (none)
  Release Data: Off
  Data Released: False
  Global Release Data: Off
  PipelineMTime: 0
  UpdateMTime: 1576
  RealTimeStamp: 0 seconds 
  LargestPossibleRegion: 
    Dimension: 3
    Index: [0, 0, 0]
    Size: [160, 240, 256]
  BufferedRegion: 
    Dimension: 3
    Index: [0, 0, 0]
    Size: [160, 240, 256]
  RequestedRegion: 
    Dimension: 3
    Index: [0, 0, 0]
    Size: [160, 240, 256]
  Spacing: [1, 1, 1]
  Origin: [73.279, 104.707, -131.187]
  Direction: 
-0.997527 0.0645574 -0.0278053
-0.0645323 -0.997914 -0.00179875
-0.0278634 4.01097e-08 0.999612

  IndexToPointMatrix: 
-0.997527 0.0645574 -0.0278053
-0.0645323 -0.997914 -0.00179875
-0.0278634 4.01097e-08 0.999612

  PointToIndexMatrix: 
-0.997527 -0.0645323 -0.0278634
0.0645574 -0.997914 4.01049e-08
-0.0278053 -0.00179875 0.999612

  Inverse Direction: 
-0.997527 -0.0645323 -0.0278634
0.0645574 -0.997914 4.01049e-08
-0.0278053 -0.00179875 0.999612

  PixelContainer: 
    ImportImageContainer (0x40bd6d0)
      RTTI typeinfo:   itk::ImportImageContainer<unsigned long, double>
      Reference Count: 1
      Modified Time: 1573
      Debug: Off
      Object Name: 
      Observers: 
        none
      Pointer: 0x14a2007d4010
      Container manages memory: true
      Size: 9830400
      Capacity: 9830400

     Weighting = 1
     Sampling strategy = regular
     Number of bins = 32
     Radius = 4
     Sampling percentage  = 0.25
   Transform = Rigid
     Gradient step = 0.1
     Update field sigma (voxel space) = 0
     Total field sigma (voxel space) = 0
     Update field time sigma = 0
     Total field time sigma  = 0
     Number of time indices = 0
     Number of time point samples = 0
Registration using 1 total stages.

Stage 0
  iterations = 1000x500x250x100
  convergence threshold = 1e-06
  convergence window size = 10
  number of levels = 4
  using the Mattes MI metric (number of bins = 32, weight = 1, use gradient filter = 0)
  preprocessing:  winsorizing the image intensities
  Shrink factors (level 1 out of 4): [8, 8, 8]
  Shrink factors (level 2 out of 4): [4, 4, 4]
  Shrink factors (level 3 out of 4): [2, 2, 2]
  Shrink factors (level 4 out of 4): [1, 1, 1]
  smoothing sigmas per level: [3, 2, 1, 0]
  regular sampling (percentage = 0.25)

*** Running Euler3DTransform registration ***

DIAGNOSTIC,Iteration,metricValue,convergenceValue,ITERATION_TIME_INDEX,SINCE_LAST
 2DIAGNOSTIC,     1, -5.480496989617e-01, 1.797693134862e+308, 7.2781e-01, 7.2781e-01, 
 2DIAGNOSTIC,     2, -5.506811078454e-01, 1.797693134862e+308, 7.3178e-01, 3.9701e-03, 
 2DIAGNOSTIC,     3, -5.546514955662e-01, 1.797693134862e+308, 7.3593e-01, 4.1502e-03, 
 2DIAGNOSTIC,     4, -5.606863537750e-01, 1.797693134862e+308, 7.4003e-01, 4.0941e-03, 
 2DIAGNOSTIC,     5, -5.693661845193e-01, 1.797693134862e+308, 7.4383e-01, 3.7971e-03, 
 2DIAGNOSTIC,     6, -5.854078830086e-01, 1.797693134862e+308, 7.4787e-01, 4.0441e-03, 
 2DIAGNOSTIC,     7, -6.232769732918e-01, 1.797693134862e+308, 7.5169e-01, 3.8230e-03, 
 2DIAGNOSTIC,     8, -6.297683730473e-01, 1.797693134862e+308, 7.5594e-01, 4.2520e-03, 
 2DIAGNOSTIC,     9, -6.366738733405e-01, 1.797693134862e+308, 7.6292e-01, 6.9799e-03, 
 2DIAGNOSTIC,    10, -6.375630690827e-01, 1.201760866083e-02, 7.6748e-01, 4.5581e-03, 
 2DIAGNOSTIC,    11, -6.405337628679e-01, 1.087684809450e-02, 7.7124e-01, 3.7529e-03, 
 2DIAGNOSTIC,    12, -6.435528997438e-01, 9.167753354490e-03, 7.7566e-01, 4.4279e-03, 
 2DIAGNOSTIC,    13, -6.444720921444e-01, 7.089498731847e-03, 7.7968e-01, 4.0178e-03, 
 2DIAGNOSTIC,    14, -6.463616611293e-01, 4.967892496988e-03, 7.8429e-01, 4.6110e-03, 
 2DIAGNOSTIC,    15, -6.484646963404e-01, 3.033020789043e-03, 7.9110e-01, 6.8080e-03, 
 2DIAGNOSTIC,    16, -6.486009987994e-01, 1.520386367320e-03, 7.9516e-01, 4.0569e-03, 
 2DIAGNOSTIC,    17, -6.493699344760e-01, 1.108203205204e-03, 7.9898e-01, 3.8240e-03, 
 2DIAGNOSTIC,    18, -6.514578195065e-01, 8.586162135985e-04, 8.0284e-01, 3.8579e-03, 
 2DIAGNOSTIC,    19, -6.526592717406e-01, 7.533650369804e-04, 8.0672e-01, 3.8779e-03, 
 2DIAGNOSTIC,    20, -6.536191777189e-01, 6.303067369292e-04, 8.1051e-01, 3.7889e-03, 
 2DIAGNOSTIC,    21, -6.549162298979e-01, 5.534292205379e-04, 8.1461e-01, 4.1070e-03, 
 2DIAGNOSTIC,    22, -6.562385790832e-01, 5.226986103232e-04, 8.1928e-01, 4.6680e-03, 
 2DIAGNOSTIC,    23, -6.565000058113e-01, 4.680180012235e-04, 8.2385e-01, 4.5650e-03, 
 2DIAGNOSTIC,    24, -6.565387353854e-01, 4.101063704205e-04, 8.2872e-01, 4.8721e-03, 
 2DIAGNOSTIC,    25, -6.567702146893e-01, 3.618032093031e-04, 8.3332e-01, 4.5979e-03, 
 2DIAGNOSTIC,    26, -6.583507212369e-01, 3.132611037341e-04, 8.3715e-01, 3.8390e-03, 
 2DIAGNOSTIC,    27, -6.586527568469e-01, 2.554116018356e-04, 8.4145e-01, 4.2939e-03, 
 2DIAGNOSTIC,    28, -6.593310437738e-01, 2.225767143844e-04, 8.4629e-01, 4.8380e-03, 
 2DIAGNOSTIC,    29, -6.595734041655e-01, 1.939316665340e-04, 8.5062e-01, 4.3309e-03, 
 2DIAGNOSTIC,    30, -6.595955819569e-01, 1.634946778529e-04, 8.5498e-01, 4.3578e-03, 
 2DIAGNOSTIC,    31, -6.596949967568e-01, 1.392755860923e-04, 8.5877e-01, 3.7949e-03, 
 2DIAGNOSTIC,    32, -6.597157295313e-01, 1.221677497604e-04, 8.6306e-01, 4.2908e-03, 
 2DIAGNOSTIC,    33, -6.597001423846e-01, 9.820426862975e-05, 8.6922e-01, 6.1541e-03, 
 2DIAGNOSTIC,    34, -6.595254449704e-01, 6.486903007140e-05, 8.7302e-01, 3.8040e-03, 
 2DIAGNOSTIC,    35, -6.595295822811e-01, 3.010817890368e-05, 8.7680e-01, 3.7780e-03, 
 2DIAGNOSTIC,    36, -6.595351297937e-01, 1.424396566334e-05, 8.8060e-01, 3.8018e-03, 
 2DIAGNOSTIC,    37, -6.595409535782e-01, 1.474135173277e-06, 8.8468e-01, 4.0839e-03, 
DIAGNOSTIC,Iteration,metricValue,convergenceValue,ITERATION_TIME_INDEX,SINCE_LAST
 2DIAGNOSTIC,     1, -5.183739626514e-01, 1.797693134862e+308, 1.5912e+00, 7.0648e-01, 
 2DIAGNOSTIC,     2, -5.189226238271e-01, 1.797693134862e+308, 1.6213e+00, 3.0095e-02, 
 2DIAGNOSTIC,     3, -5.196899327335e-01, 1.797693134862e+308, 1.6475e+00, 2.6251e-02, 
 2DIAGNOSTIC,     4, -5.204463662984e-01, 1.797693134862e+308, 1.6764e+00, 2.8930e-02, 
 2DIAGNOSTIC,     5, -5.209979485279e-01, 1.797693134862e+308, 1.7024e+00, 2.5954e-02, 
 2DIAGNOSTIC,     6, -5.216357744163e-01, 1.797693134862e+308, 1.7311e+00, 2.8677e-02, 
 2DIAGNOSTIC,     7, -5.233753714771e-01, 1.797693134862e+308, 1.7567e+00, 2.5597e-02, 
 2DIAGNOSTIC,     8, -5.241119131276e-01, 1.797693134862e+308, 1.7889e+00, 3.2230e-02, 
 2DIAGNOSTIC,     9, -5.247293428645e-01, 1.797693134862e+308, 1.8219e+00, 3.3029e-02, 
 2DIAGNOSTIC,    10, -5.250028240890e-01, 8.899807884627e-04, 1.8482e+00, 2.6233e-02, 
 2DIAGNOSTIC,    11, -5.255570912487e-01, 7.959217816456e-04, 1.8794e+00, 3.1217e-02, 
 2DIAGNOSTIC,    12, -5.289098581304e-01, 8.211614638284e-04, 1.9113e+00, 3.1907e-02, 
 2DIAGNOSTIC,    13, -5.295596035051e-01, 8.231568868570e-04, 1.9414e+00, 3.0161e-02, 
 2DIAGNOSTIC,    14, -5.295253586207e-01, 7.798186418857e-04, 1.9681e+00, 2.6613e-02, 
 2DIAGNOSTIC,    15, -5.301734589113e-01, 7.172059444005e-04, 1.9974e+00, 2.9387e-02, 
 2DIAGNOSTIC,    16, -5.312974410956e-01, 6.544534833697e-04, 2.0256e+00, 2.8154e-02, 
 2DIAGNOSTIC,    17, -5.330531547745e-01, 6.473159822195e-04, 2.0740e+00, 4.8394e-02, 
 2DIAGNOSTIC,    18, -5.331722689794e-01, 6.054621583869e-04, 2.1003e+00, 2.6315e-02, 
 2DIAGNOSTIC,    19, -5.334118678441e-01, 5.389680207904e-04, 2.1276e+00, 2.7336e-02, 
 2DIAGNOSTIC,    20, -5.338315463021e-01, 4.491911921947e-04, 2.1560e+00, 2.8385e-02, 
 2DIAGNOSTIC,    21, -5.362234050176e-01, 3.988468835194e-04, 2.1948e+00, 3.8777e-02, 
 2DIAGNOSTIC,    22, -5.366152404597e-01, 4.053333093128e-04, 2.2238e+00, 2.9030e-02, 
 2DIAGNOSTIC,    23, -5.369787642963e-01, 3.981925825033e-04, 2.2533e+00, 2.9459e-02, 
 2DIAGNOSTIC,    24, -5.377845487816e-01, 3.729089990071e-04, 2.2824e+00, 2.9116e-02, 
 2DIAGNOSTIC,    25, -5.385429835000e-01, 3.442312345243e-04, 2.3223e+00, 3.9849e-02, 
 2DIAGNOSTIC,    26, -5.387619499898e-01, 3.113692521354e-04, 2.3502e+00, 2.7962e-02, 
 2DIAGNOSTIC,    27, -5.392384637866e-01, 2.962882858367e-04, 2.3810e+00, 3.0727e-02, 
 2DIAGNOSTIC,    28, -5.402435915717e-01, 2.765521340504e-04, 2.4206e+00, 3.9665e-02, 
 2DIAGNOSTIC,    29, -5.406067506309e-01, 2.430919267422e-04, 2.4488e+00, 2.8178e-02, 
 2DIAGNOSTIC,    30, -5.407164454242e-01, 1.973321736937e-04, 2.4750e+00, 2.6217e-02, 
 2DIAGNOSTIC,    31, -5.409403287341e-01, 1.814677919812e-04, 2.5013e+00, 2.6249e-02, 
 2DIAGNOSTIC,    32, -5.416645122627e-01, 1.681821517747e-04, 2.5292e+00, 2.7929e-02, 
 2DIAGNOSTIC,    33, -5.428470266193e-01, 1.641588013668e-04, 2.5694e+00, 4.0181e-02, 
 2DIAGNOSTIC,    34, -5.432587689031e-01, 1.633529125473e-04, 2.6006e+00, 3.1269e-02, 
 2DIAGNOSTIC,    35, -5.438333026143e-01, 1.679069809900e-04, 2.6317e+00, 3.1026e-02, 
 2DIAGNOSTIC,    36, -5.480567890473e-01, 2.222295198423e-04, 2.6654e+00, 3.3734e-02, 
 2DIAGNOSTIC,    37, -5.510872082923e-01, 3.008566794446e-04, 2.6975e+00, 3.2073e-02, 
 2DIAGNOSTIC,    38, -5.562405164438e-01, 4.320965878468e-04, 2.7381e+00, 4.0596e-02, 
 2DIAGNOSTIC,    39, -5.595826676203e-01, 5.651210522545e-04, 2.7738e+00, 3.5718e-02, 
 2DIAGNOSTIC,    40, -5.616970712692e-01, 6.670470261599e-04, 2.8036e+00, 2.9819e-02, 
 2DIAGNOSTIC,    41, -5.656942673696e-01, 7.544749933247e-04, 2.8375e+00, 3.3867e-02, 
 2DIAGNOSTIC,    42, -5.664117675079e-01, 7.820334238168e-04, 2.8713e+00, 3.3796e-02, 
 2DIAGNOSTIC,    43, -5.667599386420e-01, 7.527061504920e-04, 2.9043e+00, 3.3040e-02, 
 2DIAGNOSTIC,    44, -5.669051831455e-01, 6.604483627842e-04, 2.9397e+00, 3.5439e-02, 
 2DIAGNOSTIC,    45, -5.669331582102e-01, 5.159438841889e-04, 2.9688e+00, 2.9004e-02, 
 2DIAGNOSTIC,    46, -5.670553948912e-01, 3.781256928289e-04, 3.0020e+00, 3.3224e-02, 
 2DIAGNOSTIC,    47, -5.671890295732e-01, 2.446811118968e-04, 3.0400e+00, 3.8034e-02, 
 2DIAGNOSTIC,    48, -5.672578613105e-01, 1.507811549112e-04, 3.0731e+00, 3.3046e-02, 
 2DIAGNOSTIC,    49, -5.673207696336e-01, 8.301843035003e-05, 3.1061e+00, 3.3091e-02, 
 2DIAGNOSTIC,    50, -5.673728722885e-01, 3.190157635693e-05, 3.1398e+00, 3.3666e-02, 
 2DIAGNOSTIC,    51, -5.673989093969e-01, 2.109718515707e-05, 3.1756e+00, 3.5781e-02, 
 2DIAGNOSTIC,    52, -5.674127396316e-01, 1.603827304448e-05, 3.2079e+00, 3.2286e-02, 
 2DIAGNOSTIC,    53, -5.674042005598e-01, 1.302801328478e-05, 3.2393e+00, 3.1407e-02, 
 2DIAGNOSTIC,    54, -5.674111531128e-01, 1.044002794673e-05, 3.2715e+00, 3.2201e-02, 
 2DIAGNOSTIC,    55, -5.674025989293e-01, 7.172437522886e-06, 3.3074e+00, 3.5905e-02, 
 2DIAGNOSTIC,    56, -5.673976447280e-01, 4.466687709762e-06, 3.3420e+00, 3.4575e-02, 
 2DIAGNOSTIC,    57, -5.673845364952e-01, 2.586637522638e-06, 3.3774e+00, 3.5392e-02, 
 2DIAGNOSTIC,    58, -5.673780796976e-01, 1.137727773604e-06, 3.4118e+00, 3.4448e-02, 
DIAGNOSTIC,Iteration,metricValue,convergenceValue,ITERATION_TIME_INDEX,SINCE_LAST
 2DIAGNOSTIC,     1, -5.006369776548e-01, 1.797693134862e+308, 4.4428e+00, 1.0310e+00, 
 2DIAGNOSTIC,     2, -5.009747899576e-01, 1.797693134862e+308, 4.6368e+00, 1.9400e-01, 
 2DIAGNOSTIC,     3, -5.013209130442e-01, 1.797693134862e+308, 4.8285e+00, 1.9173e-01, 
 2DIAGNOSTIC,     4, -5.015605354737e-01, 1.797693134862e+308, 5.0284e+00, 1.9990e-01, 
 2DIAGNOSTIC,     5, -5.016999627377e-01, 1.797693134862e+308, 5.2227e+00, 1.9430e-01, 
 2DIAGNOSTIC,     6, -5.018948780126e-01, 1.797693134862e+308, 5.4317e+00, 2.0891e-01, 
 2DIAGNOSTIC,     7, -5.021033504415e-01, 1.797693134862e+308, 5.7116e+00, 2.7993e-01, 
 2DIAGNOSTIC,     8, -5.022433649412e-01, 1.797693134862e+308, 6.0421e+00, 3.3055e-01, 
 2DIAGNOSTIC,     9, -5.022289329934e-01, 1.797693134862e+308, 6.2513e+00, 2.0918e-01, 
 2DIAGNOSTIC,    10, -5.022543920073e-01, 2.097473153223e-04, 6.4703e+00, 2.1899e-01, 
 2DIAGNOSTIC,    11, -5.022596864495e-01, 1.500550279508e-04, 6.8295e+00, 3.5918e-01, 
 2DIAGNOSTIC,    12, -5.022596390610e-01, 1.026153756704e-04, 7.1468e+00, 3.1728e-01, 
 2DIAGNOSTIC,    13, -5.022597230148e-01, 6.833688085871e-05, 7.3789e+00, 2.3212e-01, 
 2DIAGNOSTIC,    14, -5.022589519283e-01, 4.269595741319e-05, 7.6055e+00, 2.2663e-01, 
 2DIAGNOSTIC,    15, -5.022572420346e-01, 2.194151755912e-05, 7.8455e+00, 2.3997e-01, 
 2DIAGNOSTIC,    16, -5.022550688799e-01, 8.621991589436e-06, 8.1008e+00, 2.5532e-01, 
 2DIAGNOSTIC,    17, -5.022559920573e-01, 3.109137525867e-06, 8.3857e+00, 2.8496e-01, 
 2DIAGNOSTIC,    18, -5.022554620677e-01, 2.505595235125e-06, 8.6384e+00, 2.5270e-01, 
 2DIAGNOSTIC,    19, -5.022548512468e-01, 1.429444612872e-06, 8.8742e+00, 2.3581e-01, 
 2DIAGNOSTIC,    20, -5.022541663770e-01, 1.182736970785e-06, 9.0962e+00, 2.2198e-01, 
 2DIAGNOSTIC,    21, -5.022535776022e-01, 1.125362367058e-06, 9.3306e+00, 2.3437e-01, 
 2DIAGNOSTIC,    22, -5.022546199828e-01, 1.134049199013e-06, 9.5456e+00, 2.1503e-01, 
 2DIAGNOSTIC,    23, -5.022549891782e-01, 1.180552564685e-06, 9.7971e+00, 2.5149e-01, 
 2DIAGNOSTIC,    24, -5.022552547447e-01, 1.231363011452e-06, 1.0084e+01, 2.8697e-01, 
 2DIAGNOSTIC,    25, -5.022538430342e-01, 1.218454282387e-06, 1.0334e+01, 2.4993e-01, 
 2DIAGNOSTIC,    26, -5.022542316272e-01, 1.173142906111e-06, 1.0591e+01, 2.5664e-01, 
 2DIAGNOSTIC,    27, -5.022537517569e-01, 1.144353264183e-06, 1.0890e+01, 2.9965e-01, 
 2DIAGNOSTIC,    28, -5.022530842079e-01, 1.096317706700e-06, 1.1154e+01, 2.6332e-01, 
 2DIAGNOSTIC,    29, -5.022516236742e-01, 1.015910375581e-06, 1.1353e+01, 1.9907e-01, 
DIAGNOSTIC,Iteration,metricValue,convergenceValue,ITERATION_TIME_INDEX,SINCE_LAST
 2DIAGNOSTIC,     1, -4.666115065364e-01, 1.797693134862e+308, 1.3733e+01, 2.3801e+00, 
 2DIAGNOSTIC,     2, -4.666812503155e-01, 1.797693134862e+308, 1.5068e+01, 1.3348e+00, 
 2DIAGNOSTIC,     3, -4.667676946012e-01, 1.797693134862e+308, 1.6674e+01, 1.6061e+00, 
 2DIAGNOSTIC,     4, -4.669456721107e-01, 1.797693134862e+308, 1.8781e+01, 2.1068e+00, 
 2DIAGNOSTIC,     5, -4.669590172051e-01, 1.797693134862e+308, 2.1253e+01, 2.4724e+00, 
 2DIAGNOSTIC,     6, -4.669596565312e-01, 1.797693134862e+308, 2.3372e+01, 2.1193e+00, 
 2DIAGNOSTIC,     7, -4.669596168686e-01, 1.797693134862e+308, 2.4929e+01, 1.5564e+00, 
 2DIAGNOSTIC,     8, -4.669596844482e-01, 1.797693134862e+308, 2.6628e+01, 1.6992e+00, 
 2DIAGNOSTIC,     9, -4.669596188725e-01, 1.797693134862e+308, 2.8097e+01, 1.4687e+00, 
 2DIAGNOSTIC,    10, -4.669595441814e-01, 4.778109826455e-05, 2.9492e+01, 1.3952e+00, 
 2DIAGNOSTIC,    11, -4.669593893829e-01, 2.811733779000e-05, 3.0921e+01, 1.4292e+00, 
 2DIAGNOSTIC,    12, -4.669594222108e-01, 1.300337174195e-05, 3.2721e+01, 1.7999e+00, 
 2DIAGNOSTIC,    13, -4.669593438795e-01, 3.093116638236e-06, 3.4227e+01, 1.5058e+00, 
 2DIAGNOSTIC,    14, -4.669592610877e-01, 2.258688121620e-06, 3.5567e+01, 1.3408e+00, 
 2DIAGNOSTIC,    15, -4.669590931457e-01, 2.070970205895e-06, 3.6946e+01, 1.3790e+00, 
 2DIAGNOSTIC,    16, -4.669591154107e-01, 1.936704187272e-06, 3.8436e+01, 1.4892e+00, 
 2DIAGNOSTIC,    17, -4.669591462191e-01, 1.822399124225e-06, 3.9778e+01, 1.3421e+00, 
 2DIAGNOSTIC,    18, -4.669588169384e-01, 1.716355745314e-06, 4.1295e+01, 1.5177e+00, 
 2DIAGNOSTIC,    19, -4.669585838032e-01, 1.617061410789e-06, 4.2738e+01, 1.4428e+00, 
 2DIAGNOSTIC,    20, -4.669586157224e-01, 1.532019040552e-06, 4.4395e+01, 1.6573e+00, 
 2DIAGNOSTIC,    21, -4.669584466683e-01, 1.450797282802e-06, 4.5992e+01, 1.5963e+00, 
 2DIAGNOSTIC,    22, -4.669583706922e-01, 1.381765589274e-06, 4.7592e+01, 1.5999e+00, 
 2DIAGNOSTIC,    23, -4.669582892627e-01, 1.320724380811e-06, 4.8975e+01, 1.3828e+00, 
 2DIAGNOSTIC,    24, -4.669583046628e-01, 1.269148114318e-06, 5.0465e+01, 1.4905e+00, 
 2DIAGNOSTIC,    25, -4.669583288676e-01, 1.223312790233e-06, 5.1965e+01, 1.5001e+00, 
 2DIAGNOSTIC,    26, -4.669581631190e-01, 1.182094468991e-06, 5.3431e+01, 1.4656e+00, 
 2DIAGNOSTIC,    27, -4.669581835272e-01, 1.149318498254e-06, 5.4752e+01, 1.3217e+00, 
 2DIAGNOSTIC,    28, -4.669581242236e-01, 1.113243810913e-06, 5.6103e+01, 1.3508e+00, 
 2DIAGNOSTIC,    29, -4.669586214995e-01, 1.087258084675e-06, 5.7568e+01, 1.4649e+00, 
 2DIAGNOSTIC,    30, -4.669584702069e-01, 1.061260122538e-06, 5.9015e+01, 1.4472e+00, 
 2DIAGNOSTIC,    31, -4.669583956281e-01, 1.032337394860e-06, 6.0366e+01, 1.3512e+00, 
 2DIAGNOSTIC,    32, -4.669584098603e-01, 1.003690033828e-06, 6.1669e+01, 1.3024e+00, 
  Elapsed time (stage 0): 6.2466e+01


Total elapsed time: 6.2468e+01
Info [verificarlo]: loaded backend libinterflop_ieee.so
Info [interflop-ieee]: load backend with:
Info [interflop-ieee]: debug = false
Info [interflop-ieee]: debug-binary = false
Info [interflop-ieee]: no-backend-name = false
Info [interflop-ieee]: print-new-line = false
Info [interflop-ieee]: print-subnormal-normalized = false
Info [interflop-ieee]: count-op = false
All_Command_lines_OK
Using double precision for computations.
=============================================================================
The composite transform comprises the following transforms (in order): 
  1. /home/mdugre/scratch/mri-registration-rp/datasets/ds004513/derivatives/mri-registration-rp/0001/antsRegistration-r8-p11/sub-s032/rigid_Composite.h5[0] (type = Euler3DTransform)
  2. /home/mdugre/scratch/mri-registration-rp/datasets/ds004513/derivatives/mri-registration-rp/0001/antsRegistration-r8-p11/sub-s032/rigid_Composite.h5[1] (type = Euler3DTransform)
  3. /home/mdugre/scratch/mri-registration-rp/datasets/ds004513/derivatives/mri-registration-rp/0001/antsRegistration-r8-p11/sub-s032/rigid_Composite.h5[2] (type = Euler3DTransform)
=============================================================================
  number of levels = 4
  fixed image: /templateflow/tpl-MNI152NLin2009cAsym/tpl-MNI152NLin2009cAsym_res-01_desc-brain_T1w.nii.gz
  moving image: /home/mdugre/scratch/mri-registration-rp/datasets/ds004513/derivatives/mri-registration-rp/antsBrainExtraction/sub-s032/BrainExtractionBrain.nii.gz
Dimension = 3
Number of stages = 1
Use histogram matching = false
Winsorize image intensities = true
  Lower quantile = 0.005
  Upper quantile = 0.995


Stage 1 State
   Image metric = MattesMI
     Fixed image = Image (0x4f947e0)
  RTTI typeinfo:   itk::Image<double, 3u>
  Reference Count: 2
  Modified Time: 1592
  Debug: Off
  Object Name: 
  Observers: 
    none
  Source: (none)
  Source output name: (none)
  Release Data: Off
  Data Released: False
  Global Release Data: Off
  PipelineMTime: 0
  UpdateMTime: 1203
  RealTimeStamp: 0 seconds 
  LargestPossibleRegion: 
    Dimension: 3
    Index: [0, 0, 0]
    Size: [193, 229, 193]
  BufferedRegion: 
    Dimension: 3
    Index: [0, 0, 0]
    Size: [193, 229, 193]
  RequestedRegion: 
    Dimension: 3
    Index: [0, 0, 0]
    Size: [193, 229, 193]
  Spacing: [1, 1, 1]
  Origin: [96, 132, -78]
  Direction: 
-1 0 0
0 -1 0
0 0 1

  IndexToPointMatrix: 
-1 0 0
0 -1 0
0 0 1

  PointToIndexMatrix: 
-1 0 0
0 -1 0
0 0 1

  Inverse Direction: 
-1 0 0
0 -1 0
0 0 1

  PixelContainer: 
    ImportImageContainer (0x5054a20)
      RTTI typeinfo:   itk::ImportImageContainer<unsigned long, double>
      Reference Count: 1
      Modified Time: 1200
      Debug: Off
      Object Name: 
      Observers: 
        none
      Pointer: 0x1461e46db010
      Container manages memory: true
      Size: 8530021
      Capacity: 8530021

     Moving image = Image (0x504fd70)
  RTTI typeinfo:   itk::Image<double, 3u>
  Reference Count: 2
  Modified Time: 1593
  Debug: Off
  Object Name: 
  Observers: 
    none
  Source: (none)
  Source output name: (none)
  Release Data: Off
  Data Released: False
  Global Release Data: Off
  PipelineMTime: 0
  UpdateMTime: 1590
  RealTimeStamp: 0 seconds 
  LargestPossibleRegion: 
    Dimension: 3
    Index: [0, 0, 0]
    Size: [160, 240, 256]
  BufferedRegion: 
    Dimension: 3
    Index: [0, 0, 0]
    Size: [160, 240, 256]
  RequestedRegion: 
    Dimension: 3
    Index: [0, 0, 0]
    Size: [160, 240, 256]
  Spacing: [1, 1, 1]
  Origin: [73.279, 104.707, -131.187]
  Direction: 
-0.997527 0.0645574 -0.0278053
-0.0645323 -0.997914 -0.00179875
-0.0278634 4.01097e-08 0.999612

  IndexToPointMatrix: 
-0.997527 0.0645574 -0.0278053
-0.0645323 -0.997914 -0.00179875
-0.0278634 4.01097e-08 0.999612

  PointToIndexMatrix: 
-0.997527 -0.0645323 -0.0278634
0.0645574 -0.997914 4.01049e-08
-0.0278053 -0.00179875 0.999612

  Inverse Direction: 
-0.997527 -0.0645323 -0.0278634
0.0645574 -0.997914 4.01049e-08
-0.0278053 -0.00179875 0.999612

  PixelContainer: 
    ImportImageContainer (0x5007c90)
      RTTI typeinfo:   itk::ImportImageContainer<unsigned long, double>
      Reference Count: 1
      Modified Time: 1587
      Debug: Off
      Object Name: 
      Observers: 
        none
      Pointer: 0x1461dfbda010
      Container manages memory: true
      Size: 9830400
      Capacity: 9830400

     Weighting = 1
     Sampling strategy = regular
     Number of bins = 32
     Radius = 4
     Sampling percentage  = 0.25
   Transform = Affine
     Gradient step = 0.1
     Update field sigma (voxel space) = 0
     Total field sigma (voxel space) = 0
     Update field time sigma = 0
     Total field time sigma  = 0
     Number of time indices = 0
     Number of time point samples = 0
Registration using 1 total stages.

Stage 0
  iterations = 1000x500x250x100
  convergence threshold = 1e-06
  convergence window size = 10
  number of levels = 4
  using the Mattes MI metric (number of bins = 32, weight = 1, use gradient filter = 0)
  preprocessing:  winsorizing the image intensities
  Shrink factors (level 1 out of 4): [8, 8, 8]
  Shrink factors (level 2 out of 4): [4, 4, 4]
  Shrink factors (level 3 out of 4): [2, 2, 2]
  Shrink factors (level 4 out of 4): [1, 1, 1]
  smoothing sigmas per level: [3, 2, 1, 0]
  regular sampling (percentage = 0.25)

*** Running AffineTransform registration ***

DIAGNOSTIC,Iteration,metricValue,convergenceValue,ITERATION_TIME_INDEX,SINCE_LAST
 2DIAGNOSTIC,     1, -6.833773740077e-01, 1.797693134862e+308, 6.9525e-01, 6.9525e-01, 
 2DIAGNOSTIC,     2, -6.854226564223e-01, 1.797693134862e+308, 7.0078e-01, 5.5339e-03, 
 2DIAGNOSTIC,     3, -6.886210969510e-01, 1.797693134862e+308, 7.0552e-01, 4.7369e-03, 
 2DIAGNOSTIC,     4, -6.948470249918e-01, 1.797693134862e+308, 7.1002e-01, 4.4980e-03, 
 2DIAGNOSTIC,     5, -7.102889375924e-01, 1.797693134862e+308, 7.1433e-01, 4.3101e-03, 
 2DIAGNOSTIC,     6, -7.246802646278e-01, 1.797693134862e+308, 7.2353e-01, 9.2070e-03, 
 2DIAGNOSTIC,     7, -7.245784525458e-01, 1.797693134862e+308, 7.2859e-01, 5.0578e-03, 
 2DIAGNOSTIC,     8, -7.249082270705e-01, 1.797693134862e+308, 7.3324e-01, 4.6430e-03, 
 2DIAGNOSTIC,     9, -7.252498973744e-01, 1.797693134862e+308, 7.3863e-01, 5.3928e-03, 
 2DIAGNOSTIC,    10, -7.260055152839e-01, 4.781093922043e-03, 7.4350e-01, 4.8721e-03, 
 2DIAGNOSTIC,    11, -7.272259479856e-01, 3.734729175580e-03, 7.4838e-01, 4.8790e-03, 
 2DIAGNOSTIC,    12, -7.287298087625e-01, 2.655550835213e-03, 7.5321e-01, 4.8320e-03, 
 2DIAGNOSTIC,    13, -7.308290772360e-01, 1.675635324871e-03, 7.5803e-01, 4.8158e-03, 
 2DIAGNOSTIC,    14, -7.330275579971e-01, 9.176545440361e-04, 7.6266e-01, 4.6279e-03, 
 2DIAGNOSTIC,    15, -7.355899329291e-01, 6.443106707251e-04, 7.6884e-01, 6.1870e-03, 
 2DIAGNOSTIC,    16, -7.368272889820e-01, 7.333641185040e-04, 7.7489e-01, 6.0520e-03, 
 2DIAGNOSTIC,    17, -7.369462957647e-01, 7.448577847923e-04, 7.8017e-01, 5.2760e-03, 
 2DIAGNOSTIC,    18, -7.371082989223e-01, 6.977952211003e-04, 7.8460e-01, 4.4260e-03, 
 2DIAGNOSTIC,    19, -7.372659015799e-01, 6.013273396079e-04, 7.8966e-01, 5.0590e-03, 
 2DIAGNOSTIC,    20, -7.374379489570e-01, 4.765543169132e-04, 7.9422e-01, 4.5681e-03, 
 2DIAGNOSTIC,    21, -7.375290573212e-01, 3.440448948396e-04, 7.9892e-01, 4.6921e-03, 
 2DIAGNOSTIC,    22, -7.376396437613e-01, 2.207776734021e-04, 8.0389e-01, 4.9770e-03, 
 2DIAGNOSTIC,    23, -7.377085353917e-01, 1.247089301097e-04, 8.0921e-01, 5.3160e-03, 
 2DIAGNOSTIC,    24, -7.377915536834e-01, 6.158035329347e-05, 8.1526e-01, 6.0482e-03, 
 2DIAGNOSTIC,    25, -7.378926321947e-01, 3.917457951149e-05, 8.2047e-01, 5.2111e-03, 
 2DIAGNOSTIC,    26, -7.379397273624e-01, 3.428889242987e-05, 8.2518e-01, 4.7150e-03, 
 2DIAGNOSTIC,    27, -7.378884210905e-01, 2.762570684914e-05, 8.2960e-01, 4.4210e-03, 
 2DIAGNOSTIC,    28, -7.381539398538e-01, 2.494243528154e-05, 8.3456e-01, 4.9531e-03, 
 2DIAGNOSTIC,    29, -7.386286019850e-01, 2.857430977986e-05, 8.3934e-01, 4.7879e-03, 
 2DIAGNOSTIC,    30, -7.390159065804e-01, 3.647699623249e-05, 8.4425e-01, 4.9090e-03, 
 2DIAGNOSTIC,    31, -7.394096556638e-01, 4.658511957893e-05, 8.5079e-01, 6.5360e-03, 
 2DIAGNOSTIC,    32, -7.397248740856e-01, 5.695203989407e-05, 8.5594e-01, 5.1548e-03, 
 2DIAGNOSTIC,    33, -7.397935448268e-01, 6.295166706913e-05, 8.6047e-01, 4.5240e-03, 
 2DIAGNOSTIC,    34, -7.397920377778e-01, 6.358569308081e-05, 8.6531e-01, 4.8420e-03, 
 2DIAGNOSTIC,    35, -7.399597775506e-01, 6.121270048060e-05, 8.7009e-01, 4.7781e-03, 
 2DIAGNOSTIC,    36, -7.403477201071e-01, 5.794589409128e-05, 8.7492e-01, 4.8358e-03, 
 2DIAGNOSTIC,    37, -7.413614764860e-01, 5.944029496633e-05, 8.8133e-01, 6.4101e-03, 
 2DIAGNOSTIC,    38, -7.415703708542e-01, 5.986981525676e-05, 8.8623e-01, 4.8971e-03, 
 2DIAGNOSTIC,    39, -7.417151630581e-01, 6.094178601003e-05, 8.9183e-01, 5.5990e-03, 
 2DIAGNOSTIC,    40, -7.418855718567e-01, 6.169508044719e-05, 8.9628e-01, 4.4460e-03, 
 2DIAGNOSTIC,    41, -7.419085175145e-01, 6.037629683110e-05, 9.0074e-01, 4.4630e-03, 
 2DIAGNOSTIC,    42, -7.422574967319e-01, 5.944448544892e-05, 9.0592e-01, 5.1761e-03, 
 2DIAGNOSTIC,    43, -7.426921603438e-01, 5.744372612519e-05, 9.1090e-01, 4.9810e-03, 
 2DIAGNOSTIC,    44, -7.424911087427e-01, 4.837082920752e-05, 9.1616e-01, 5.2650e-03, 
 2DIAGNOSTIC,    45, -7.425408677444e-01, 3.718240505661e-05, 9.2355e-01, 7.3929e-03, 
 2DIAGNOSTIC,    46, -7.424638757350e-01, 2.542755036606e-05, 9.2805e-01, 4.4911e-03, 
 2DIAGNOSTIC,    47, -7.424012860044e-01, 1.959055797058e-05, 9.3254e-01, 4.4990e-03, 
 2DIAGNOSTIC,    48, -7.424403126827e-01, 1.413023449964e-05, 9.3703e-01, 4.4880e-03, 
 2DIAGNOSTIC,    49, -7.424704476461e-01, 8.987784753247e-06, 9.4150e-01, 4.4661e-03, 
 2DIAGNOSTIC,    50, -7.424966692752e-01, 4.853932823002e-06, 9.4590e-01, 4.4022e-03, 
DIAGNOSTIC,Iteration,metricValue,convergenceValue,ITERATION_TIME_INDEX,SINCE_LAST
 2DIAGNOSTIC,     1, -5.964691584315e-01, 1.797693134862e+308, 1.6469e+00, 7.0100e-01, 
 2DIAGNOSTIC,     2, -5.970595874399e-01, 1.797693134862e+308, 1.6784e+00, 3.1505e-02, 
 2DIAGNOSTIC,     3, -5.981325991157e-01, 1.797693134862e+308, 1.7095e+00, 3.1061e-02, 
 2DIAGNOSTIC,     4, -5.994706299824e-01, 1.797693134862e+308, 1.7411e+00, 3.1630e-02, 
 2DIAGNOSTIC,     5, -6.013352411756e-01, 1.797693134862e+308, 1.7745e+00, 3.3354e-02, 
 2DIAGNOSTIC,     6, -6.057518301400e-01, 1.797693134862e+308, 1.8059e+00, 3.1471e-02, 
 2DIAGNOSTIC,     7, -6.075266765948e-01, 1.797693134862e+308, 1.8487e+00, 4.2753e-02, 
 2DIAGNOSTIC,     8, -6.078098833446e-01, 1.797693134862e+308, 1.8803e+00, 3.1574e-02, 
 2DIAGNOSTIC,     9, -6.083186019037e-01, 1.797693134862e+308, 1.9226e+00, 4.2318e-02, 
 2DIAGNOSTIC,    10, -6.084691150775e-01, 1.564183226691e-03, 1.9962e+00, 7.3674e-02, 
 2DIAGNOSTIC,    11, -6.084737672454e-01, 1.286027168401e-03, 2.0301e+00, 3.3840e-02, 
 2DIAGNOSTIC,    12, -6.084584326528e-01, 9.613056082933e-04, 2.0685e+00, 3.8368e-02, 
 2DIAGNOSTIC,    13, -6.084678015213e-01, 6.411924672118e-04, 2.1077e+00, 3.9232e-02, 
 2DIAGNOSTIC,    14, -6.084364605971e-01, 3.536036518736e-04, 2.1434e+00, 3.5689e-02, 
 2DIAGNOSTIC,    15, -6.084223044147e-01, 1.272271122298e-04, 2.1794e+00, 3.6002e-02, 
 2DIAGNOSTIC,    16, -6.084159144432e-01, 4.614751914860e-05, 2.2112e+00, 3.1870e-02, 
 2DIAGNOSTIC,    17, -6.084020898018e-01, 1.924046257391e-05, 2.2449e+00, 3.3607e-02, 
DIAGNOSTIC,Iteration,metricValue,convergenceValue,ITERATION_TIME_INDEX,SINCE_LAST
 2DIAGNOSTIC,     1, -5.420908027206e-01, 1.797693134862e+308, 3.3045e+00, 1.0596e+00, 
 2DIAGNOSTIC,     2, -5.423244797970e-01, 1.797693134862e+308, 3.5519e+00, 2.4737e-01, 
 2DIAGNOSTIC,     3, -5.426564684358e-01, 1.797693134862e+308, 3.7932e+00, 2.4138e-01, 
 2DIAGNOSTIC,     4, -5.430824119667e-01, 1.797693134862e+308, 4.0288e+00, 2.3554e-01, 
 2DIAGNOSTIC,     5, -5.436002433016e-01, 1.797693134862e+308, 4.3288e+00, 3.0002e-01, 
 2DIAGNOSTIC,     6, -5.444743558881e-01, 1.797693134862e+308, 4.8572e+00, 5.2844e-01, 
 2DIAGNOSTIC,     7, -5.444682924282e-01, 1.797693134862e+308, 5.1785e+00, 3.2123e-01, 
 2DIAGNOSTIC,     8, -5.444699367200e-01, 1.797693134862e+308, 5.4811e+00, 3.0260e-01, 
 2DIAGNOSTIC,     9, -5.444668019939e-01, 1.797693134862e+308, 5.7497e+00, 2.6862e-01, 
 2DIAGNOSTIC,    10, -5.444664232852e-01, 3.331792932319e-04, 6.2149e+00, 4.6516e-01, 
 2DIAGNOSTIC,    11, -5.444651963272e-01, 2.452046040786e-04, 6.4903e+00, 2.7542e-01, 
 2DIAGNOSTIC,    12, -5.444641110055e-01, 1.603558132282e-04, 6.7756e+00, 2.8537e-01, 
 2DIAGNOSTIC,    13, -5.444617112924e-01, 8.792293308610e-05, 7.0747e+00, 2.9901e-01, 
 2DIAGNOSTIC,    14, -5.444594232135e-01, 3.373900556922e-05, 7.3741e+00, 2.9941e-01, 
 2DIAGNOSTIC,    15, -5.444592508185e-01, 1.074729725839e-06, 7.6496e+00, 2.7556e-01, 
 2DIAGNOSTIC,    16, -5.444586427729e-01, 1.123205359013e-06, 7.9335e+00, 2.8384e-01, 
 2DIAGNOSTIC,    17, -5.444580235990e-01, 1.037892073862e-06, 8.2103e+00, 2.7685e-01, 
 2DIAGNOSTIC,    18, -5.444572360617e-01, 1.067727934477e-06, 8.5211e+00, 3.1073e-01, 
 2DIAGNOSTIC,    19, -5.444567181732e-01, 1.059819118875e-06, 8.8030e+00, 2.8196e-01, 
 2DIAGNOSTIC,    20, -5.444560310695e-01, 1.081870408981e-06, 9.0526e+00, 2.4955e-01, 
 2DIAGNOSTIC,    21, -5.444555543028e-01, 1.106404039358e-06, 9.3319e+00, 2.7928e-01, 
 2DIAGNOSTIC,    22, -5.444560699298e-01, 1.154620695269e-06, 9.6070e+00, 2.7513e-01, 
 2DIAGNOSTIC,    23, -5.444558099281e-01, 1.166481334573e-06, 9.8675e+00, 2.6050e-01, 
 2DIAGNOSTIC,    24, -5.444570456730e-01, 1.175002070322e-06, 1.0162e+01, 2.9405e-01, 
 2DIAGNOSTIC,    25, -5.444569567778e-01, 1.191217772790e-06, 1.0412e+01, 2.5028e-01, 
 2DIAGNOSTIC,    26, -5.444554937079e-01, 1.172724509717e-06, 1.0697e+01, 2.8476e-01, 
 2DIAGNOSTIC,    27, -5.444565971720e-01, 1.170979692218e-06, 1.0998e+01, 3.0184e-01, 
 2DIAGNOSTIC,    28, -5.444549200800e-01, 1.123118717701e-06, 1.1312e+01, 3.1337e-01, 
 2DIAGNOSTIC,    29, -5.444545155918e-01, 1.063955737186e-06, 1.1593e+01, 2.8146e-01, 
DIAGNOSTIC,Iteration,metricValue,convergenceValue,ITERATION_TIME_INDEX,SINCE_LAST
 2DIAGNOSTIC,     1, -4.998660191074e-01, 1.797693134862e+308, 1.4421e+01, 2.8282e+00, 
 2DIAGNOSTIC,     2, -4.999987238292e-01, 1.797693134862e+308, 1.6228e+01, 1.8061e+00, 
 2DIAGNOSTIC,     3, -5.001274795549e-01, 1.797693134862e+308, 1.7949e+01, 1.7219e+00, 
 2DIAGNOSTIC,     4, -5.002116011962e-01, 1.797693134862e+308, 1.9593e+01, 1.6435e+00, 
 2DIAGNOSTIC,     5, -5.003427511361e-01, 1.797693134862e+308, 2.3196e+01, 3.6027e+00, 
 2DIAGNOSTIC,     6, -5.003435299173e-01, 1.797693134862e+308, 2.6009e+01, 2.8136e+00, 
 2DIAGNOSTIC,     7, -5.003433508838e-01, 1.797693134862e+308, 2.7747e+01, 1.7377e+00, 
