
##########################
# Experiment information #
##########################

EXPERIMENT_NAME: antsRegistration-r7-p15
VFC_BACKENDS: libinterflop_vprec.so --range-binary32=7 --precision-binary32=15 --range-binary64=7 --precision-binary64=15

SIF_IMG: /home/mdugre/projects/rrg-glatard/mdugre/containers/ants-vprec-no_metrics.simg

SUBJECT_ID: s020
INPUT_IMG: /home/mdugre/scratch/mri-registration-rp/datasets/ds004513/derivatives/mri-registration-rp/antsBrainExtraction/sub-s020/BrainExtractionBrain.nii.gz
OUTPUT_DIR: /home/mdugre/scratch/mri-registration-rp/datasets/ds004513/derivatives/mri-registration-rp/0001/antsRegistration-r7-p15/sub-s020

FIXED_IMG: /templateflow/tpl-MNI152NLin2009cAsym/tpl-MNI152NLin2009cAsym_res-01_desc-brain_T1w.nii.gz
DATA_DIR: /home/mdugre/scratch/mri-registration-rp/datasets/ds004513
TEMPLATEFLOW_DIR: /home/mdugre/projects/rrg-glatard/mdugre/templateflow
ITK_GLOBAL_DEFAULT_NUMBER_OF_THREADS: 16
##########################

Info [verificarlo]: loaded backend libinterflop_ieee.so
Info [interflop-ieee]: load backend with:
Info [interflop-ieee]: debug = false
Info [interflop-ieee]: debug-binary = false
Info [interflop-ieee]: no-backend-name = false
Info [interflop-ieee]: print-new-line = false
Info [interflop-ieee]: print-subnormal-normalized = false
Info [interflop-ieee]: count-op = false
All_Command_lines_OK
Using double precision for computations.
=============================================================================
The composite transform comprises the following transforms (in order): 
  1. Center of mass alignment using fixed image: /templateflow/tpl-MNI152NLin2009cAsym/tpl-MNI152NLin2009cAsym_res-01_desc-brain_T1w.nii.gz and moving image: /home/mdugre/scratch/mri-registration-rp/datasets/ds004513/derivatives/mri-registration-rp/antsBrainExtraction/sub-s020/BrainExtractionBrain.nii.gz (type = Euler3DTransform)
=============================================================================
  number of levels = 1
  fixed image: /templateflow/tpl-MNI152NLin2009cAsym/tpl-MNI152NLin2009cAsym_res-01_desc-brain_T1w.nii.gz
  moving image: /home/mdugre/scratch/mri-registration-rp/datasets/ds004513/derivatives/mri-registration-rp/antsBrainExtraction/sub-s020/BrainExtractionBrain.nii.gz
Dimension = 3
Number of stages = 1
Use histogram matching = false
Winsorize image intensities = true
  Lower quantile = 0.005
  Upper quantile = 0.995


Stage 1 State
   Image metric = MattesMI
     Fixed image = Image (0x33d6e70)
  RTTI typeinfo:   itk::Image<double, 3u>
  Reference Count: 2
  Modified Time: 2334
  Debug: Off
  Object Name: 
  Observers: 
    none
  Source: (none)
  Source output name: (none)
  Release Data: Off
  Data Released: False
  Global Release Data: Off
  PipelineMTime: 0
  UpdateMTime: 1943
  RealTimeStamp: 0 seconds 
  LargestPossibleRegion: 
    Dimension: 3
    Index: [0, 0, 0]
    Size: [193, 229, 193]
  BufferedRegion: 
    Dimension: 3
    Index: [0, 0, 0]
    Size: [193, 229, 193]
  RequestedRegion: 
    Dimension: 3
    Index: [0, 0, 0]
    Size: [193, 229, 193]
  Spacing: [1, 1, 1]
  Origin: [96, 132, -78]
  Direction: 
-1 0 0
0 -1 0
0 0 1

  IndexToPointMatrix: 
-1 0 0
0 -1 0
0 0 1

  PointToIndexMatrix: 
-1 0 0
0 -1 0
0 0 1

  Inverse Direction: 
-1 0 0
0 -1 0
0 0 1

  PixelContainer: 
    ImportImageContainer (0x33dfc60)
      RTTI typeinfo:   itk::ImportImageContainer<unsigned long, double>
      Reference Count: 1
      Modified Time: 1940
      Debug: Off
      Object Name: 
      Observers: 
        none
      Pointer: 0x1477d5119010
      Container manages memory: true
      Size: 8530021
      Capacity: 8530021

     Moving image = Image (0x33e2610)
  RTTI typeinfo:   itk::Image<double, 3u>
  Reference Count: 2
  Modified Time: 2335
  Debug: Off
  Object Name: 
  Observers: 
    none
  Source: (none)
  Source output name: (none)
  Release Data: Off
  Data Released: False
  Global Release Data: Off
  PipelineMTime: 0
  UpdateMTime: 2332
  RealTimeStamp: 0 seconds 
  LargestPossibleRegion: 
    Dimension: 3
    Index: [0, 0, 0]
    Size: [160, 240, 256]
  BufferedRegion: 
    Dimension: 3
    Index: [0, 0, 0]
    Size: [160, 240, 256]
  RequestedRegion: 
    Dimension: 3
    Index: [0, 0, 0]
    Size: [160, 240, 256]
  Spacing: [0.999995, 1, 1]
  Origin: [87.0906, 98.7205, -152.377]
  Direction: 
-0.996975 0.0261379 -0.0731913
-0.0260677 -0.999658 -0.00191374
-0.0732163 -2.46403e-08 0.997316

  IndexToPointMatrix: 
-0.996971 0.0261379 -0.0731913
-0.0260676 -0.999658 -0.00191374
-0.0732159 -2.46403e-08 0.997316

  PointToIndexMatrix: 
-0.99698 -0.0260679 -0.0732166
0.0261379 -0.999658 -2.46993e-08
-0.0731913 -0.00191374 0.997316

  Inverse Direction: 
-0.996975 -0.0260677 -0.0732163
0.0261379 -0.999658 -2.46993e-08
-0.0731913 -0.00191374 0.997316

  PixelContainer: 
    ImportImageContainer (0x347bef0)
      RTTI typeinfo:   itk::ImportImageContainer<unsigned long, double>
      Reference Count: 1
      Modified Time: 2329
      Debug: Off
      Object Name: 
      Observers: 
        none
      Pointer: 0x1477d0618010
      Container manages memory: true
      Size: 9830400
      Capacity: 9830400

     Weighting = 1
     Sampling strategy = regular
     Number of bins = 32
     Radius = 4
     Sampling percentage  = 0.25
   Transform = Rigid
     Gradient step = 0.1
     Update field sigma (voxel space) = 0
     Total field sigma (voxel space) = 0
     Update field time sigma = 0
     Total field time sigma  = 0
     Number of time indices = 0
     Number of time point samples = 0
Registration using 1 total stages.

Stage 0
  iterations = 0
  convergence threshold = 1e-06
  convergence window size = 10
  number of levels = 1
  using the Mattes MI metric (number of bins = 32, weight = 1, use gradient filter = 0)
  preprocessing:  winsorizing the image intensities
  Shrink factors (level 1 out of 1): [1, 1, 1]
  smoothing sigmas per level: [0]
  regular sampling (percentage = 0.25)

*** Running Euler3DTransform registration ***

  Elapsed time (stage 0): 1.07659


Total elapsed time: 1.0787
Info [verificarlo]: loaded backend libinterflop_ieee.so
Info [interflop-ieee]: load backend with:
Info [interflop-ieee]: debug = false
Info [interflop-ieee]: debug-binary = false
Info [interflop-ieee]: no-backend-name = false
Info [interflop-ieee]: print-new-line = false
Info [interflop-ieee]: print-subnormal-normalized = false
Info [interflop-ieee]: count-op = false
All_Command_lines_OK
Using double precision for computations.
=============================================================================
The composite transform comprises the following transforms (in order): 
  1. /home/mdugre/scratch/mri-registration-rp/datasets/ds004513/derivatives/mri-registration-rp/0001/antsRegistration-r7-p15/sub-s020/align_Composite.h5[0] (type = Euler3DTransform)
  2. /home/mdugre/scratch/mri-registration-rp/datasets/ds004513/derivatives/mri-registration-rp/0001/antsRegistration-r7-p15/sub-s020/align_Composite.h5[1] (type = Euler3DTransform)
=============================================================================
  number of levels = 4
  fixed image: /templateflow/tpl-MNI152NLin2009cAsym/tpl-MNI152NLin2009cAsym_res-01_desc-brain_T1w.nii.gz
  moving image: /home/mdugre/scratch/mri-registration-rp/datasets/ds004513/derivatives/mri-registration-rp/antsBrainExtraction/sub-s020/BrainExtractionBrain.nii.gz
Dimension = 3
Number of stages = 1
Use histogram matching = false
Winsorize image intensities = true
  Lower quantile = 0.005
  Upper quantile = 0.995


Stage 1 State
   Image metric = MattesMI
     Fixed image = Image (0x4575530)
  RTTI typeinfo:   itk::Image<double, 3u>
  Reference Count: 2
  Modified Time: 1580
  Debug: Off
  Object Name: 
  Observers: 
    none
  Source: (none)
  Source output name: (none)
  Release Data: Off
  Data Released: False
  Global Release Data: Off
  PipelineMTime: 0
  UpdateMTime: 1189
  RealTimeStamp: 0 seconds 
  LargestPossibleRegion: 
    Dimension: 3
    Index: [0, 0, 0]
    Size: [193, 229, 193]
  BufferedRegion: 
    Dimension: 3
    Index: [0, 0, 0]
    Size: [193, 229, 193]
  RequestedRegion: 
    Dimension: 3
    Index: [0, 0, 0]
    Size: [193, 229, 193]
  Spacing: [1, 1, 1]
  Origin: [96, 132, -78]
  Direction: 
-1 0 0
0 -1 0
0 0 1

  IndexToPointMatrix: 
-1 0 0
0 -1 0
0 0 1

  PointToIndexMatrix: 
-1 0 0
0 -1 0
0 0 1

  Inverse Direction: 
-1 0 0
0 -1 0
0 0 1

  PixelContainer: 
    ImportImageContainer (0x4633d60)
      RTTI typeinfo:   itk::ImportImageContainer<unsigned long, double>
      Reference Count: 1
      Modified Time: 1186
      Debug: Off
      Object Name: 
      Observers: 
        none
      Pointer: 0x14f655712010
      Container manages memory: true
      Size: 8530021
      Capacity: 8530021

     Moving image = Image (0x4625f60)
  RTTI typeinfo:   itk::Image<double, 3u>
  Reference Count: 2
  Modified Time: 1581
  Debug: Off
  Object Name: 
  Observers: 
    none
  Source: (none)
  Source output name: (none)
  Release Data: Off
  Data Released: False
  Global Release Data: Off
  PipelineMTime: 0
  UpdateMTime: 1578
  RealTimeStamp: 0 seconds 
  LargestPossibleRegion: 
    Dimension: 3
    Index: [0, 0, 0]
    Size: [160, 240, 256]
  BufferedRegion: 
    Dimension: 3
    Index: [0, 0, 0]
    Size: [160, 240, 256]
  RequestedRegion: 
    Dimension: 3
    Index: [0, 0, 0]
    Size: [160, 240, 256]
  Spacing: [0.999995, 1, 1]
  Origin: [87.0906, 98.7205, -152.377]
  Direction: 
-0.996975 0.0261379 -0.0731913
-0.0260677 -0.999658 -0.00191374
-0.0732163 -2.46403e-08 0.997316

  IndexToPointMatrix: 
-0.996971 0.0261379 -0.0731913
-0.0260676 -0.999658 -0.00191374
-0.0732159 -2.46403e-08 0.997316

  PointToIndexMatrix: 
-0.99698 -0.0260679 -0.0732166
0.0261379 -0.999658 -2.46993e-08
-0.0731913 -0.00191374 0.997316

  Inverse Direction: 
-0.996975 -0.0260677 -0.0732163
0.0261379 -0.999658 -2.46993e-08
-0.0731913 -0.00191374 0.997316

  PixelContainer: 
    ImportImageContainer (0x46176d0)
      RTTI typeinfo:   itk::ImportImageContainer<unsigned long, double>
      Reference Count: 1
      Modified Time: 1575
      Debug: Off
      Object Name: 
      Observers: 
        none
      Pointer: 0x14f650c11010
      Container manages memory: true
      Size: 9830400
      Capacity: 9830400

     Weighting = 1
     Sampling strategy = regular
     Number of bins = 32
     Radius = 4
     Sampling percentage  = 0.25
   Transform = Rigid
     Gradient step = 0.1
     Update field sigma (voxel space) = 0
     Total field sigma (voxel space) = 0
     Update field time sigma = 0
     Total field time sigma  = 0
     Number of time indices = 0
     Number of time point samples = 0
Registration using 1 total stages.

Stage 0
  iterations = 1000x500x250x100
  convergence threshold = 1e-06
  convergence window size = 10
  number of levels = 4
  using the Mattes MI metric (number of bins = 32, weight = 1, use gradient filter = 0)
  preprocessing:  winsorizing the image intensities
  Shrink factors (level 1 out of 4): [8, 8, 8]
  Shrink factors (level 2 out of 4): [4, 4, 4]
  Shrink factors (level 3 out of 4): [2, 2, 2]
  Shrink factors (level 4 out of 4): [1, 1, 1]
  smoothing sigmas per level: [3, 2, 1, 0]
  regular sampling (percentage = 0.25)

*** Running Euler3DTransform registration ***

DIAGNOSTIC,Iteration,metricValue,convergenceValue,ITERATION_TIME_INDEX,SINCE_LAST
 2DIAGNOSTIC,     1, -3.791273390751e-01, 1.797693134862e+308, 7.3833e-01, 7.3833e-01, 
 2DIAGNOSTIC,     2, -3.803606001643e-01, 1.797693134862e+308, 7.4305e-01, 4.7262e-03, 
 2DIAGNOSTIC,     3, -3.828962034719e-01, 1.797693134862e+308, 7.4819e-01, 5.1351e-03, 
 2DIAGNOSTIC,     4, -3.876122532015e-01, 1.797693134862e+308, 7.5253e-01, 4.3421e-03, 
 2DIAGNOSTIC,     5, -3.904935334081e-01, 1.797693134862e+308, 7.5729e-01, 4.7579e-03, 
 2DIAGNOSTIC,     6, -3.911039700181e-01, 1.797693134862e+308, 7.6148e-01, 4.1890e-03, 
 2DIAGNOSTIC,     7, -3.914905453856e-01, 1.797693134862e+308, 7.6557e-01, 4.0932e-03, 
 2DIAGNOSTIC,     8, -3.925629083064e-01, 1.797693134862e+308, 7.6979e-01, 4.2219e-03, 
 2DIAGNOSTIC,     9, -3.981570789235e-01, 1.797693134862e+308, 7.7416e-01, 4.3650e-03, 
 2DIAGNOSTIC,    10, -4.079218556696e-01, 3.866687266232e-03, 7.8012e-01, 5.9571e-03, 
 2DIAGNOSTIC,    11, -4.246779602407e-01, 4.904320352959e-03, 7.8524e-01, 5.1222e-03, 
 2DIAGNOSTIC,    12, -4.297045200929e-01, 5.673254149499e-03, 7.8973e-01, 4.4909e-03, 
 2DIAGNOSTIC,    13, -4.335692915527e-01, 6.156954111741e-03, 7.9490e-01, 5.1730e-03, 
 2DIAGNOSTIC,    14, -4.439932007360e-01, 6.764094567450e-03, 7.9936e-01, 4.4620e-03, 
 2DIAGNOSTIC,    15, -4.466217675373e-01, 6.904768054929e-03, 8.0443e-01, 5.0709e-03, 
 2DIAGNOSTIC,    16, -4.513528166457e-01, 6.619270364401e-03, 8.0882e-01, 4.3859e-03, 
 2DIAGNOSTIC,    17, -4.528510989279e-01, 5.844785595332e-03, 8.1376e-01, 4.9379e-03, 
 2DIAGNOSTIC,    18, -4.555717391966e-01, 4.777374766695e-03, 8.2033e-01, 6.5670e-03, 
 2DIAGNOSTIC,    19, -4.559551087726e-01, 3.601534478952e-03, 8.2461e-01, 4.2810e-03, 
 2DIAGNOSTIC,    20, -4.573567279354e-01, 2.586719198378e-03, 8.3155e-01, 6.9458e-03, 
 2DIAGNOSTIC,    21, -4.575251822107e-01, 1.982986127287e-03, 8.3587e-01, 4.3180e-03, 
 2DIAGNOSTIC,    22, -4.577285435571e-01, 1.415657950370e-03, 8.4072e-01, 4.8511e-03, 
 2DIAGNOSTIC,    23, -4.579445874285e-01, 8.825960952508e-04, 8.4501e-01, 4.2861e-03, 
 2DIAGNOSTIC,    24, -4.580221231027e-01, 6.077418315862e-04, 8.4929e-01, 4.2870e-03, 
 2DIAGNOSTIC,    25, -4.581754726040e-01, 3.715324113844e-04, 8.5368e-01, 4.3819e-03, 
 2DIAGNOSTIC,    26, -4.586244144653e-01, 2.523917710310e-04, 8.5792e-01, 4.2460e-03, 
 2DIAGNOSTIC,    27, -4.589279025065e-01, 1.618109246795e-04, 8.6427e-01, 6.3510e-03, 
 2DIAGNOSTIC,    28, -4.591701144240e-01, 1.331754784967e-04, 8.6865e-01, 4.3750e-03, 
 2DIAGNOSTIC,    29, -4.592793099367e-01, 1.046689921039e-04, 8.7289e-01, 4.2419e-03, 
 2DIAGNOSTIC,    30, -4.596799948567e-01, 1.080384257234e-04, 8.7929e-01, 6.4018e-03, 
 2DIAGNOSTIC,    31, -4.599199785312e-01, 1.093698475533e-04, 8.8409e-01, 4.7951e-03, 
 2DIAGNOSTIC,    32, -4.598935669049e-01, 1.037820749106e-04, 8.8831e-01, 4.2279e-03, 
 2DIAGNOSTIC,    33, -4.599265620783e-01, 9.399886340473e-05, 8.9257e-01, 4.2510e-03, 
 2DIAGNOSTIC,    34, -4.600277614822e-01, 7.953354873944e-05, 8.9683e-01, 4.2660e-03, 
 2DIAGNOSTIC,    35, -4.600842279847e-01, 6.210047716144e-05, 9.0110e-01, 4.2679e-03, 
 2DIAGNOSTIC,    36, -4.601738640003e-01, 4.946573521547e-05, 9.0541e-01, 4.3149e-03, 
 2DIAGNOSTIC,    37, -4.608190230268e-01, 4.962314257861e-05, 9.1020e-01, 4.7829e-03, 
 2DIAGNOSTIC,    38, -4.609122629608e-01, 5.067507683799e-05, 9.1498e-01, 4.7870e-03, 
 2DIAGNOSTIC,    39, -4.609607363023e-01, 4.947935952890e-05, 9.1930e-01, 4.3159e-03, 
 2DIAGNOSTIC,    40, -4.618994895516e-01, 6.544351062021e-05, 9.2580e-01, 6.5010e-03, 
 2DIAGNOSTIC,    41, -4.622081079877e-01, 8.267741582475e-05, 9.3015e-01, 4.3521e-03, 
 2DIAGNOSTIC,    42, -4.622465778176e-01, 9.131778965662e-05, 9.3455e-01, 4.3988e-03, 
 2DIAGNOSTIC,    43, -4.624146607112e-01, 9.411082456956e-05, 9.3882e-01, 4.2641e-03, 
 2DIAGNOSTIC,    44, -4.624639941138e-01, 9.015220665134e-05, 9.4314e-01, 4.3190e-03, 
 2DIAGNOSTIC,    45, -4.631184749302e-01, 8.787929628205e-05, 9.4867e-01, 5.5351e-03, 
 2DIAGNOSTIC,    46, -4.638275746702e-01, 8.797839506623e-05, 9.5364e-01, 4.9710e-03, 
 2DIAGNOSTIC,    47, -4.649999208200e-01, 1.045655794091e-04, 9.5970e-01, 6.0539e-03, 
 2DIAGNOSTIC,    48, -4.651706313570e-01, 1.139860981075e-04, 9.6460e-01, 4.9040e-03, 
 2DIAGNOSTIC,    49, -4.652852973432e-01, 1.142186632168e-04, 9.7045e-01, 5.8460e-03, 
 2DIAGNOSTIC,    50, -4.653053745208e-01, 1.158336359842e-04, 9.7553e-01, 5.0821e-03, 
 2DIAGNOSTIC,    51, -4.652923460370e-01, 1.098888535814e-04, 9.8046e-01, 4.9288e-03, 
 2DIAGNOSTIC,    52, -4.652866665726e-01, 9.394298374084e-05, 9.8525e-01, 4.7920e-03, 
 2DIAGNOSTIC,    53, -4.653153206359e-01, 7.218025885493e-05, 9.9084e-01, 5.5909e-03, 
 2DIAGNOSTIC,    54, -4.653912272491e-01, 4.593776061906e-05, 9.9547e-01, 4.6332e-03, 
 2DIAGNOSTIC,    55, -4.654387559356e-01, 2.441402678906e-05, 9.9985e-01, 4.3800e-03, 
 2DIAGNOSTIC,    56, -4.655902540898e-01, 1.086558996633e-05, 1.0048e+00, 4.9269e-03, 
 2DIAGNOSTIC,    57, -4.657590622091e-01, 1.174741394206e-05, 1.0099e+00, 5.1489e-03, 
 2DIAGNOSTIC,    58, -4.659610017204e-01, 1.554501920138e-05, 1.0147e+00, 4.8151e-03, 
 2DIAGNOSTIC,    59, -4.662914703048e-01, 2.252731629443e-05, 1.0195e+00, 4.7090e-03, 
 2DIAGNOSTIC,    60, -4.673245696158e-01, 3.825278301903e-05, 1.0251e+00, 5.6341e-03, 
 2DIAGNOSTIC,    61, -4.675266951117e-01, 5.153454105588e-05, 1.0299e+00, 4.7920e-03, 
 2DIAGNOSTIC,    62, -4.678509532872e-01, 6.281415045752e-05, 1.0345e+00, 4.6020e-03, 
 2DIAGNOSTIC,    63, -4.704459456876e-01, 9.417927301914e-05, 1.0392e+00, 4.7610e-03, 
 2DIAGNOSTIC,    64, -4.741214168839e-01, 1.518835786121e-04, 1.0457e+00, 6.4709e-03, 
 2DIAGNOSTIC,    65, -4.763049893922e-01, 2.140063121099e-04, 1.0503e+00, 4.5650e-03, 
 2DIAGNOSTIC,    66, -4.783712600116e-01, 2.749890508784e-04, 1.0560e+00, 5.7340e-03, 
 2DIAGNOSTIC,    67, -4.816979175891e-01, 3.407713667711e-04, 1.0604e+00, 4.4210e-03, 
 2DIAGNOSTIC,    68, -4.830343064260e-01, 3.851699211372e-04, 1.0650e+00, 4.5481e-03, 
 2DIAGNOSTIC,    69, -4.876713235701e-01, 4.358413539182e-04, 1.0703e+00, 5.2769e-03, 
 2DIAGNOSTIC,    70, -4.931608556839e-01, 5.008533888418e-04, 1.0750e+00, 4.7390e-03, 
 2DIAGNOSTIC,    71, -5.090451696005e-01, 6.572554104453e-04, 1.0802e+00, 5.1751e-03, 
 2DIAGNOSTIC,    72, -5.123818294837e-01, 7.740658159337e-04, 1.0851e+00, 4.9429e-03, 
 2DIAGNOSTIC,    73, -5.136165410801e-01, 8.463174914279e-04, 1.0905e+00, 5.3899e-03, 
 2DIAGNOSTIC,    74, -5.140616302701e-01, 8.711548690996e-04, 1.0950e+00, 4.4971e-03, 
 2DIAGNOSTIC,    75, -5.176739380008e-01, 8.585405032416e-04, 1.1001e+00, 5.0771e-03, 
 2DIAGNOSTIC,    76, -5.183959305464e-01, 7.833090689421e-04, 1.1050e+00, 4.8890e-03, 
 2DIAGNOSTIC,    77, -5.188251229146e-01, 6.652782983461e-04, 1.1092e+00, 4.2582e-03, 
 2DIAGNOSTIC,    78, -5.203872544658e-01, 5.113059071318e-04, 1.1152e+00, 6.0081e-03, 
 2DIAGNOSTIC,    79, -5.216315754870e-01, 3.588583879241e-04, 1.1210e+00, 5.7790e-03, 
 2DIAGNOSTIC,    80, -5.217790962343e-01, 2.160925684439e-04, 1.1253e+00, 4.2529e-03, 
 2DIAGNOSTIC,    81, -5.224542882431e-01, 1.821768019970e-04, 1.1295e+00, 4.2820e-03, 
 2DIAGNOSTIC,    82, -5.226478483154e-01, 1.583063661941e-04, 1.1343e+00, 4.7338e-03, 
 2DIAGNOSTIC,    83, -5.227469498436e-01, 1.298492707701e-04, 1.1395e+00, 5.2550e-03, 
 2DIAGNOSTIC,    84, -5.230359807350e-01, 9.426870257563e-05, 1.1437e+00, 4.1721e-03, 
 2DIAGNOSTIC,    85, -5.231147170643e-01, 7.717429828167e-05, 1.1479e+00, 4.1449e-03, 
 2DIAGNOSTIC,    86, -5.232075929841e-01, 5.904060334765e-05, 1.1526e+00, 4.7200e-03, 
 2DIAGNOSTIC,    87, -5.231701028661e-01, 3.825364563814e-05, 1.1568e+00, 4.2129e-03, 
 2DIAGNOSTIC,    88, -5.233298044352e-01, 2.612884979321e-05, 1.1615e+00, 4.7562e-03, 
 2DIAGNOSTIC,    89, -5.233611239353e-01, 2.054966031914e-05, 1.1676e+00, 6.1071e-03, 
 2DIAGNOSTIC,    90, -5.233628037473e-01, 1.405226873445e-05, 1.1808e+00, 1.3140e-02, 
 2DIAGNOSTIC,    91, -5.233628037431e-01, 1.091691578300e-05, 1.1934e+00, 1.2652e-02, 
 2DIAGNOSTIC,    92, -5.233628037431e-01, 8.132318182646e-06, 1.1980e+00, 4.5869e-03, 
 2DIAGNOSTIC,    93, -5.233628037431e-01, 5.257029458855e-06, 1.2025e+00, 4.4861e-03, 
 2DIAGNOSTIC,    94, -5.233628037431e-01, 3.822490989678e-06, 1.2085e+00, 5.9788e-03, 
 2DIAGNOSTIC,    95, -5.233628037431e-01, 2.585753963256e-06, 1.2130e+00, 4.4720e-03, 
 2DIAGNOSTIC,    96, -5.233628037431e-01, 1.770369067915e-06, 1.2174e+00, 4.4820e-03, 
DIAGNOSTIC,Iteration,metricValue,convergenceValue,ITERATION_TIME_INDEX,SINCE_LAST
 2DIAGNOSTIC,     1, -4.158550601305e-01, 1.797693134862e+308, 1.9188e+00, 7.0133e-01, 
 2DIAGNOSTIC,     2, -4.163215813795e-01, 1.797693134862e+308, 1.9461e+00, 2.7368e-02, 
 2DIAGNOSTIC,     3, -4.171480015549e-01, 1.797693134862e+308, 1.9738e+00, 2.7664e-02, 
 2DIAGNOSTIC,     4, -4.180351067697e-01, 1.797693134862e+308, 2.0016e+00, 2.7833e-02, 
 2DIAGNOSTIC,     5, -4.185900275913e-01, 1.797693134862e+308, 2.0330e+00, 3.1336e-02, 
 2DIAGNOSTIC,     6, -4.189041308314e-01, 1.797693134862e+308, 2.0644e+00, 3.1382e-02, 
 2DIAGNOSTIC,     7, -4.191117173922e-01, 1.797693134862e+308, 2.0925e+00, 2.8144e-02, 
 2DIAGNOSTIC,     8, -4.198681804884e-01, 1.797693134862e+308, 2.1298e+00, 3.7295e-02, 
 2DIAGNOSTIC,     9, -4.204608053858e-01, 1.797693134862e+308, 2.1762e+00, 4.6436e-02, 
 2DIAGNOSTIC,    10, -4.205857367277e-01, 7.374048437108e-04, 2.2047e+00, 2.8469e-02, 
 2DIAGNOSTIC,    11, -4.207488396841e-01, 6.054609682873e-04, 2.2325e+00, 2.7816e-02, 
 2DIAGNOSTIC,    12, -4.209531623839e-01, 4.792312244681e-04, 2.2603e+00, 2.7825e-02, 
 2DIAGNOSTIC,    13, -4.211258777133e-01, 3.799814197152e-04, 2.2883e+00, 2.7924e-02, 
 2DIAGNOSTIC,    14, -4.211999439305e-01, 3.061809909379e-04, 2.3240e+00, 3.5694e-02, 
 2DIAGNOSTIC,    15, -4.212237098839e-01, 2.408637578695e-04, 2.3517e+00, 2.7716e-02, 
 2DIAGNOSTIC,    16, -4.212489742413e-01, 1.767327773221e-04, 2.3835e+00, 3.1776e-02, 
 2DIAGNOSTIC,    17, -4.213603053598e-01, 1.161446753942e-04, 2.4188e+00, 3.5393e-02, 
 2DIAGNOSTIC,    18, -4.213637526154e-01, 7.962702078766e-05, 2.4539e+00, 3.5098e-02, 
 2DIAGNOSTIC,    19, -4.213604397012e-01, 6.080490304403e-05, 2.4852e+00, 3.1209e-02, 
 2DIAGNOSTIC,    20, -4.213497653793e-01, 4.230634716583e-05, 2.5142e+00, 2.9037e-02, 
 2DIAGNOSTIC,    21, -4.213458713105e-01, 2.681254677875e-05, 2.5433e+00, 2.9090e-02, 
 2DIAGNOSTIC,    22, -4.213803324390e-01, 1.753940653537e-05, 2.5710e+00, 2.7724e-02, 
 2DIAGNOSTIC,    23, -4.214485161826e-01, 1.456574638072e-05, 2.6030e+00, 3.2007e-02, 
 2DIAGNOSTIC,    24, -4.215049910696e-01, 1.428301893192e-05, 2.6318e+00, 2.8739e-02, 
 2DIAGNOSTIC,    25, -4.217717180020e-01, 2.068348614807e-05, 2.6742e+00, 4.2457e-02, 
 2DIAGNOSTIC,    26, -4.219129911500e-01, 2.886046831120e-05, 2.7056e+00, 3.1441e-02, 
 2DIAGNOSTIC,    27, -4.219731337504e-01, 3.809514220596e-05, 2.7346e+00, 2.8944e-02, 
 2DIAGNOSTIC,    28, -4.220317786581e-01, 4.475168251424e-05, 2.7632e+00, 2.8579e-02, 
 2DIAGNOSTIC,    29, -4.224459457058e-01, 5.640321789747e-05, 2.7988e+00, 3.5612e-02, 
 2DIAGNOSTIC,    30, -4.231984868484e-01, 7.844459333094e-05, 2.8452e+00, 4.6404e-02, 
 2DIAGNOSTIC,    31, -4.232504087824e-01, 9.237667308341e-05, 2.8726e+00, 2.7412e-02, 
 2DIAGNOSTIC,    32, -4.233589244091e-01, 1.001264022628e-04, 2.9004e+00, 2.7845e-02, 
 2DIAGNOSTIC,    33, -4.234585550133e-01, 1.016604234117e-04, 2.9320e+00, 3.1509e-02, 
 2DIAGNOSTIC,    34, -4.235469874829e-01, 9.611162513454e-05, 2.9600e+00, 2.8047e-02, 
 2DIAGNOSTIC,    35, -4.236003355187e-01, 8.769863345811e-05, 2.9878e+00, 2.7800e-02, 
 2DIAGNOSTIC,    36, -4.236387813986e-01, 7.492636323201e-05, 3.0155e+00, 2.7708e-02, 
 2DIAGNOSTIC,    37, -4.237241043248e-01, 5.871523086253e-05, 3.0470e+00, 3.1473e-02, 
 2DIAGNOSTIC,    38, -4.237588921440e-01, 3.941537956346e-05, 3.0817e+00, 3.4705e-02, 
 2DIAGNOSTIC,    39, -4.237509900897e-01, 2.410777124016e-05, 3.1092e+00, 2.7551e-02, 
 2DIAGNOSTIC,    40, -4.239493550051e-01, 2.342191947475e-05, 3.1485e+00, 3.9251e-02, 
 2DIAGNOSTIC,    41, -4.239778865452e-01, 2.182225519079e-05, 3.1940e+00, 4.5548e-02, 
 2DIAGNOSTIC,    42, -4.239826937165e-01, 2.009084335626e-05, 3.2254e+00, 3.1324e-02, 
 2DIAGNOSTIC,    43, -4.240241974697e-01, 1.882746435539e-05, 3.2589e+00, 3.3557e-02, 
 2DIAGNOSTIC,    44, -4.240461814410e-01, 1.756874149205e-05, 3.2916e+00, 3.2681e-02, 
 2DIAGNOSTIC,    45, -4.240551729582e-01, 1.564497725651e-05, 3.3207e+00, 2.9109e-02, 
 2DIAGNOSTIC,    46, -4.240679336073e-01, 1.308698790288e-05, 3.3538e+00, 3.3063e-02, 
 2DIAGNOSTIC,    47, -4.240787488073e-01, 1.085811101905e-05, 3.3868e+00, 3.3015e-02, 
 2DIAGNOSTIC,    48, -4.240726145438e-01, 8.182157506333e-06, 3.4198e+00, 3.3035e-02, 
 2DIAGNOSTIC,    49, -4.240763579877e-01, 4.765679056617e-06, 3.4522e+00, 3.2366e-02, 
 2DIAGNOSTIC,    50, -4.240653074554e-01, 3.611359636058e-06, 3.4819e+00, 2.9674e-02, 
 2DIAGNOSTIC,    51, -4.240625801814e-01, 2.567581056583e-06, 3.5145e+00, 3.2627e-02, 
 2DIAGNOSTIC,    52, -4.240577746648e-01, 1.365326041818e-06, 3.5475e+00, 3.3052e-02, 
DIAGNOSTIC,Iteration,metricValue,convergenceValue,ITERATION_TIME_INDEX,SINCE_LAST
 2DIAGNOSTIC,     1, -3.618685419581e-01, 1.797693134862e+308, 4.6788e+00, 1.1312e+00, 
 2DIAGNOSTIC,     2, -3.619027514853e-01, 1.797693134862e+308, 5.0585e+00, 3.7977e-01, 
 2DIAGNOSTIC,     3, -3.619053077499e-01, 1.797693134862e+308, 5.3550e+00, 2.9650e-01, 
 2DIAGNOSTIC,     4, -3.619044913572e-01, 1.797693134862e+308, 5.6352e+00, 2.8014e-01, 
 2DIAGNOSTIC,     5, -3.619038056713e-01, 1.797693134862e+308, 5.9288e+00, 2.9358e-01, 
 2DIAGNOSTIC,     6, -3.618995295811e-01, 1.797693134862e+308, 6.1934e+00, 2.6463e-01, 
 2DIAGNOSTIC,     7, -3.618980590289e-01, 1.797693134862e+308, 6.4969e+00, 3.0352e-01, 
 2DIAGNOSTIC,     8, -3.618990415766e-01, 1.797693134862e+308, 6.8995e+00, 4.0255e-01, 
 2DIAGNOSTIC,     9, -3.618991219423e-01, 1.797693134862e+308, 7.1640e+00, 2.6451e-01, 
 2DIAGNOSTIC,    10, -3.618990154132e-01, 4.688345368750e-06, 7.4561e+00, 2.9212e-01, 
 2DIAGNOSTIC,    11, -3.618986632321e-01, 1.762229951560e-06, 7.7250e+00, 2.6891e-01, 
 2DIAGNOSTIC,    12, -3.618982115429e-01, 1.631267847899e-06, 7.9610e+00, 2.3600e-01, 
 2DIAGNOSTIC,    13, -3.618978925363e-01, 1.744100941101e-06, 8.2014e+00, 2.4038e-01, 
 2DIAGNOSTIC,    14, -3.618984400453e-01, 1.886055308986e-06, 8.4670e+00, 2.6566e-01, 
 2DIAGNOSTIC,    15, -3.618981416428e-01, 1.997880920909e-06, 8.7323e+00, 2.6526e-01, 
 2DIAGNOSTIC,    16, -3.618978445341e-01, 1.886118579500e-06, 8.9892e+00, 2.5691e-01, 
 2DIAGNOSTIC,    17, -3.618955630054e-01, 1.623338917324e-06, 9.2244e+00, 2.3519e-01, 
 2DIAGNOSTIC,    18, -3.618960890751e-01, 1.480760620877e-06, 9.5093e+00, 2.8486e-01, 
 2DIAGNOSTIC,    19, -3.618959276190e-01, 1.373786651000e-06, 9.7804e+00, 2.7115e-01, 
 2DIAGNOSTIC,    20, -3.618955940993e-01, 1.287256147606e-06, 1.0039e+01, 2.5873e-01, 
 2DIAGNOSTIC,    21, -3.618954874854e-01, 1.221887669864e-06, 1.0366e+01, 3.2714e-01, 
 2DIAGNOSTIC,    22, -3.618957048777e-01, 1.183044625867e-06, 1.0633e+01, 2.6695e-01, 
 2DIAGNOSTIC,    23, -3.618946298503e-01, 1.123319537374e-06, 1.0906e+01, 2.7234e-01, 
 2DIAGNOSTIC,    24, -3.618941781696e-01, 1.096098618064e-06, 1.1143e+01, 2.3752e-01, 
 2DIAGNOSTIC,    25, -3.618938678874e-01, 1.073459116013e-06, 1.1372e+01, 2.2892e-01, 
 2DIAGNOSTIC,    26, -3.618950925847e-01, 1.101017666830e-06, 1.1636e+01, 2.6450e-01, 
 2DIAGNOSTIC,    27, -3.618956010154e-01, 1.084520845157e-06, 1.1891e+01, 2.5416e-01, 
 2DIAGNOSTIC,    28, -3.618952818391e-01, 1.084201553585e-06, 1.2160e+01, 2.6958e-01, 
 2DIAGNOSTIC,    29, -3.618947837164e-01, 1.072562324088e-06, 1.2424e+01, 2.6417e-01, 
 2DIAGNOSTIC,    30, -3.618942464031e-01, 1.041442786551e-06, 1.2647e+01, 2.2283e-01, 
DIAGNOSTIC,Iteration,metricValue,convergenceValue,ITERATION_TIME_INDEX,SINCE_LAST
 2DIAGNOSTIC,     1, -3.326911983964e-01, 1.797693134862e+308, 1.5095e+01, 2.4478e+00, 
 2DIAGNOSTIC,     2, -3.327029786140e-01, 1.797693134862e+308, 1.6746e+01, 1.6510e+00, 
 2DIAGNOSTIC,     3, -3.327199497290e-01, 1.797693134862e+308, 1.8575e+01, 1.8287e+00, 
 2DIAGNOSTIC,     4, -3.327438397027e-01, 1.797693134862e+308, 2.0930e+01, 2.3553e+00, 
 2DIAGNOSTIC,     5, -3.327436986925e-01, 1.797693134862e+308, 2.2692e+01, 1.7622e+00, 
 2DIAGNOSTIC,     6, -3.327436117641e-01, 1.797693134862e+308, 2.4404e+01, 1.7121e+00, 
 2DIAGNOSTIC,     7, -3.327435564917e-01, 1.797693134862e+308, 2.6507e+01, 2.1024e+00, 
 2DIAGNOSTIC,     8, -3.327435604772e-01, 1.797693134862e+308, 2.7954e+01, 1.4473e+00, 
 2DIAGNOSTIC,     9, -3.327434745962e-01, 1.797693134862e+308, 2.9596e+01, 1.6423e+00, 
 2DIAGNOSTIC,    10, -3.327434117659e-01, 1.206639599541e-05, 3.1150e+01, 1.5533e+00, 
 2DIAGNOSTIC,    11, -3.327432961569e-01, 7.588415836313e-06, 3.2578e+01, 1.4287e+00, 
 2DIAGNOSTIC,    12, -3.327433079582e-01, 4.260908772036e-06, 3.3861e+01, 1.2825e+00, 
 2DIAGNOSTIC,    13, -3.327433753028e-01, 2.374108653114e-06, 3.5291e+01, 1.4299e+00, 
 2DIAGNOSTIC,    14, -3.327436373674e-01, 2.237039902736e-06, 3.7212e+01, 1.9209e+00, 
 2DIAGNOSTIC,    15, -3.327437863135e-01, 2.121749876474e-06, 3.9123e+01, 1.9118e+00, 
 2DIAGNOSTIC,    16, -3.327439146581e-01, 2.023113300290e-06, 4.0764e+01, 1.6404e+00, 
 2DIAGNOSTIC,    17, -3.327438129857e-01, 1.924988639192e-06, 4.2352e+01, 1.5883e+00, 
 2DIAGNOSTIC,    18, -3.327437184378e-01, 1.828716818066e-06, 4.3994e+01, 1.6418e+00, 
 2DIAGNOSTIC,    19, -3.327436320673e-01, 1.729092169778e-06, 4.5570e+01, 1.5759e+00, 
 2DIAGNOSTIC,    20, -3.327435452484e-01, 1.627952507292e-06, 4.7022e+01, 1.4526e+00, 
 2DIAGNOSTIC,    21, -3.327435916316e-01, 1.530236730093e-06, 4.8305e+01, 1.2829e+00, 
 2DIAGNOSTIC,    22, -3.327435300533e-01, 1.438085948671e-06, 4.9736e+01, 1.4311e+00, 
 2DIAGNOSTIC,    23, -3.327434825040e-01, 1.355401796556e-06, 5.1223e+01, 1.4863e+00, 
 2DIAGNOSTIC,    24, -3.327434928426e-01, 1.291864668310e-06, 5.2699e+01, 1.4763e+00, 
 2DIAGNOSTIC,    25, -3.327434743804e-01, 1.240791700115e-06, 5.4307e+01, 1.6079e+00, 
 2DIAGNOSTIC,    26, -3.327434948401e-01, 1.201510877867e-06, 5.5726e+01, 1.4188e+00, 
 2DIAGNOSTIC,    27, -3.327434494162e-01, 1.162576067137e-06, 5.7144e+01, 1.4186e+00, 
 2DIAGNOSTIC,    28, -3.327434207613e-01, 1.124268965626e-06, 5.8593e+01, 1.4488e+00, 
 2DIAGNOSTIC,    29, -3.327434199042e-01, 1.087230554399e-06, 6.0289e+01, 1.6959e+00, 
 2DIAGNOSTIC,    30, -3.327435576722e-01, 1.054921009103e-06, 6.1958e+01, 1.6694e+00, 
 2DIAGNOSTIC,    31, -3.327433471142e-01, 1.020598850494e-06, 6.3581e+01, 1.6229e+00, 
  Elapsed time (stage 0): 6.4480e+01


Total elapsed time: 6.4482e+01
Info [verificarlo]: loaded backend libinterflop_ieee.so
Info [interflop-ieee]: load backend with:
Info [interflop-ieee]: debug = false
Info [interflop-ieee]: debug-binary = false
Info [interflop-ieee]: no-backend-name = false
Info [interflop-ieee]: print-new-line = false
Info [interflop-ieee]: print-subnormal-normalized = false
Info [interflop-ieee]: count-op = false
All_Command_lines_OK
Using double precision for computations.
=============================================================================
The composite transform comprises the following transforms (in order): 
  1. /home/mdugre/scratch/mri-registration-rp/datasets/ds004513/derivatives/mri-registration-rp/0001/antsRegistration-r7-p15/sub-s020/rigid_Composite.h5[0] (type = Euler3DTransform)
  2. /home/mdugre/scratch/mri-registration-rp/datasets/ds004513/derivatives/mri-registration-rp/0001/antsRegistration-r7-p15/sub-s020/rigid_Composite.h5[1] (type = Euler3DTransform)
  3. /home/mdugre/scratch/mri-registration-rp/datasets/ds004513/derivatives/mri-registration-rp/0001/antsRegistration-r7-p15/sub-s020/rigid_Composite.h5[2] (type = Euler3DTransform)
=============================================================================
  number of levels = 4
  fixed image: /templateflow/tpl-MNI152NLin2009cAsym/tpl-MNI152NLin2009cAsym_res-01_desc-brain_T1w.nii.gz
  moving image: /home/mdugre/scratch/mri-registration-rp/datasets/ds004513/derivatives/mri-registration-rp/antsBrainExtraction/sub-s020/BrainExtractionBrain.nii.gz
Dimension = 3
Number of stages = 1
Use histogram matching = false
Winsorize image intensities = true
  Lower quantile = 0.005
  Upper quantile = 0.995


Stage 1 State
   Image metric = MattesMI
     Fixed image = Image (0x51f67e0)
  RTTI typeinfo:   itk::Image<double, 3u>
  Reference Count: 2
  Modified Time: 1594
  Debug: Off
  Object Name: 
  Observers: 
    none
  Source: (none)
  Source output name: (none)
  Release Data: Off
  Data Released: False
  Global Release Data: Off
  PipelineMTime: 0
  UpdateMTime: 1203
  RealTimeStamp: 0 seconds 
  LargestPossibleRegion: 
    Dimension: 3
    Index: [0, 0, 0]
    Size: [193, 229, 193]
  BufferedRegion: 
    Dimension: 3
    Index: [0, 0, 0]
    Size: [193, 229, 193]
  RequestedRegion: 
    Dimension: 3
    Index: [0, 0, 0]
    Size: [193, 229, 193]
  Spacing: [1, 1, 1]
  Origin: [96, 132, -78]
  Direction: 
-1 0 0
0 -1 0
0 0 1

  IndexToPointMatrix: 
-1 0 0
0 -1 0
0 0 1

  PointToIndexMatrix: 
-1 0 0
0 -1 0
0 0 1

  Inverse Direction: 
-1 0 0
0 -1 0
0 0 1

  PixelContainer: 
    ImportImageContainer (0x52b6a20)
      RTTI typeinfo:   itk::ImportImageContainer<unsigned long, double>
      Reference Count: 1
      Modified Time: 1200
      Debug: Off
      Object Name: 
      Observers: 
        none
      Pointer: 0x149259783010
      Container manages memory: true
      Size: 8530021
      Capacity: 8530021

     Moving image = Image (0x52b1d70)
  RTTI typeinfo:   itk::Image<double, 3u>
  Reference Count: 2
  Modified Time: 1595
  Debug: Off
  Object Name: 
  Observers: 
    none
  Source: (none)
  Source output name: (none)
  Release Data: Off
  Data Released: False
  Global Release Data: Off
  PipelineMTime: 0
  UpdateMTime: 1592
  RealTimeStamp: 0 seconds 
  LargestPossibleRegion: 
    Dimension: 3
    Index: [0, 0, 0]
    Size: [160, 240, 256]
  BufferedRegion: 
    Dimension: 3
    Index: [0, 0, 0]
    Size: [160, 240, 256]
  RequestedRegion: 
    Dimension: 3
    Index: [0, 0, 0]
    Size: [160, 240, 256]
  Spacing: [0.999995, 1, 1]
  Origin: [87.0906, 98.7205, -152.377]
  Direction: 
-0.996975 0.0261379 -0.0731913
-0.0260677 -0.999658 -0.00191374
-0.0732163 -2.46403e-08 0.997316

  IndexToPointMatrix: 
-0.996971 0.0261379 -0.0731913
-0.0260676 -0.999658 -0.00191374
-0.0732159 -2.46403e-08 0.997316

  PointToIndexMatrix: 
-0.99698 -0.0260679 -0.0732166
0.0261379 -0.999658 -2.46993e-08
-0.0731913 -0.00191374 0.997316

  Inverse Direction: 
-0.996975 -0.0260677 -0.0732163
0.0261379 -0.999658 -2.46993e-08
-0.0731913 -0.00191374 0.997316

  PixelContainer: 
    ImportImageContainer (0x5269c90)
      RTTI typeinfo:   itk::ImportImageContainer<unsigned long, double>
      Reference Count: 1
      Modified Time: 1589
      Debug: Off
      Object Name: 
      Observers: 
        none
      Pointer: 0x149254c82010
      Container manages memory: true
      Size: 9830400
      Capacity: 9830400

     Weighting = 1
     Sampling strategy = regular
     Number of bins = 32
     Radius = 4
     Sampling percentage  = 0.25
   Transform = Affine
     Gradient step = 0.1
     Update field sigma (voxel space) = 0
     Total field sigma (voxel space) = 0
     Update field time sigma = 0
     Total field time sigma  = 0
     Number of time indices = 0
     Number of time point samples = 0
Registration using 1 total stages.

Stage 0
  iterations = 1000x500x250x100
  convergence threshold = 1e-06
  convergence window size = 10
  number of levels = 4
  using the Mattes MI metric (number of bins = 32, weight = 1, use gradient filter = 0)
  preprocessing:  winsorizing the image intensities
  Shrink factors (level 1 out of 4): [8, 8, 8]
  Shrink factors (level 2 out of 4): [4, 4, 4]
  Shrink factors (level 3 out of 4): [2, 2, 2]
  Shrink factors (level 4 out of 4): [1, 1, 1]
  smoothing sigmas per level: [3, 2, 1, 0]
  regular sampling (percentage = 0.25)

*** Running AffineTransform registration ***

DIAGNOSTIC,Iteration,metricValue,convergenceValue,ITERATION_TIME_INDEX,SINCE_LAST
 2DIAGNOSTIC,     1, -5.162002969684e-01, 1.797693134862e+308, 8.3922e-01, 8.3922e-01, 
 2DIAGNOSTIC,     2, -5.178148312620e-01, 1.797693134862e+308, 8.4492e-01, 5.7001e-03, 
 2DIAGNOSTIC,     3, -5.206181266617e-01, 1.797693134862e+308, 8.5191e-01, 6.9902e-03, 
 2DIAGNOSTIC,     4, -5.253913425068e-01, 1.797693134862e+308, 8.5770e-01, 5.7909e-03, 
 2DIAGNOSTIC,     5, -5.383609576981e-01, 1.797693134862e+308, 8.6350e-01, 5.8022e-03, 
 2DIAGNOSTIC,     6, -5.756215043951e-01, 1.797693134862e+308, 8.6943e-01, 5.9240e-03, 
 2DIAGNOSTIC,     7, -6.270445221266e-01, 1.797693134862e+308, 8.7531e-01, 5.8808e-03, 
 2DIAGNOSTIC,     8, -6.755946134956e-01, 1.797693134862e+308, 8.8453e-01, 9.2201e-03, 
 2DIAGNOSTIC,     9, -6.878432071397e-01, 1.797693134862e+308, 8.9098e-01, 6.4549e-03, 
 2DIAGNOSTIC,    10, -7.080104479363e-01, 2.425321233455e-02, 8.9912e-01, 8.1320e-03, 
 2DIAGNOSTIC,    11, -7.559085638611e-01, 2.515705123246e-02, 9.0669e-01, 7.5769e-03, 
 2DIAGNOSTIC,    12, -7.752659425265e-01, 2.433443109141e-02, 9.1591e-01, 9.2149e-03, 
 2DIAGNOSTIC,    13, -7.837533502861e-01, 2.187844018674e-02, 9.2243e-01, 6.5269e-03, 
 2DIAGNOSTIC,    14, -7.960369589937e-01, 1.844995894443e-02, 9.2895e-01, 6.5191e-03, 
 2DIAGNOSTIC,    15, -8.153848539734e-01, 1.482409287500e-02, 9.3567e-01, 6.7120e-03, 
 2DIAGNOSTIC,    16, -8.381252619132e-01, 1.194253921339e-02, 9.4416e-01, 8.4929e-03, 
 2DIAGNOSTIC,    17, -8.545139662780e-01, 1.001939686997e-02, 9.5257e-01, 8.4121e-03, 
 2DIAGNOSTIC,    18, -8.541846159095e-01, 8.570635437999e-03, 9.6042e-01, 7.8480e-03, 
 2DIAGNOSTIC,    19, -8.540279813068e-01, 6.797641991295e-03, 9.6682e-01, 6.4061e-03, 
 2DIAGNOSTIC,    20, -8.542356133376e-01, 5.002755302517e-03, 9.7381e-01, 6.9828e-03, 
 2DIAGNOSTIC,    21, -8.543005886088e-01, 3.850330531321e-03, 9.8090e-01, 7.0879e-03, 
 2DIAGNOSTIC,    22, -8.542920021316e-01, 2.812470359246e-03, 9.8786e-01, 6.9630e-03, 
 2DIAGNOSTIC,    23, -8.541413846348e-01, 1.766247379176e-03, 9.9479e-01, 6.9330e-03, 
 2DIAGNOSTIC,    24, -8.542217805557e-01, 8.588479000219e-04, 1.0010e+00, 6.1769e-03, 
 2DIAGNOSTIC,    25, -8.541943175939e-01, 2.480812027900e-04, 1.0071e+00, 6.1750e-03, 
DIAGNOSTIC,Iteration,metricValue,convergenceValue,ITERATION_TIME_INDEX,SINCE_LAST
 2DIAGNOSTIC,     1, -7.149878901924e-01, 1.797693134862e+308, 1.7993e+00, 7.9219e-01, 
 2DIAGNOSTIC,     2, -7.155120400260e-01, 1.797693134862e+308, 1.8526e+00, 5.3241e-02, 
 2DIAGNOSTIC,     3, -7.158901558948e-01, 1.797693134862e+308, 1.8907e+00, 3.8152e-02, 
 2DIAGNOSTIC,     4, -7.162967802348e-01, 1.797693134862e+308, 1.9362e+00, 4.5520e-02, 
 2DIAGNOSTIC,     5, -7.163522223027e-01, 1.797693134862e+308, 1.9833e+00, 4.7004e-02, 
 2DIAGNOSTIC,     6, -7.163915353630e-01, 1.797693134862e+308, 2.0456e+00, 6.2326e-02, 
 2DIAGNOSTIC,     7, -7.163674819969e-01, 1.797693134862e+308, 2.0884e+00, 4.2824e-02, 
 2DIAGNOSTIC,     8, -7.163696343509e-01, 1.797693134862e+308, 2.1331e+00, 4.4668e-02, 
 2DIAGNOSTIC,     9, -7.163579165763e-01, 1.797693134862e+308, 2.1709e+00, 3.7817e-02, 
 2DIAGNOSTIC,    10, -7.163471452039e-01, 1.013882465464e-04, 2.2169e+00, 4.6062e-02, 
 2DIAGNOSTIC,    11, -7.163368034532e-01, 4.875179258369e-05, 2.2600e+00, 4.3036e-02, 
 2DIAGNOSTIC,    12, -7.163276133948e-01, 1.765074447177e-05, 2.3008e+00, 4.0798e-02, 
DIAGNOSTIC,Iteration,metricValue,convergenceValue,ITERATION_TIME_INDEX,SINCE_LAST
 2DIAGNOSTIC,     1, -5.947898213962e-01, 1.797693134862e+308, 3.5317e+00, 1.2309e+00, 
 2DIAGNOSTIC,     2, -5.952799614643e-01, 1.797693134862e+308, 3.9215e+00, 3.8985e-01, 
 2DIAGNOSTIC,     3, -5.957468366788e-01, 1.797693134862e+308, 4.2708e+00, 3.4925e-01, 
 2DIAGNOSTIC,     4, -5.963137783092e-01, 1.797693134862e+308, 4.6145e+00, 3.4375e-01, 
 2DIAGNOSTIC,     5, -5.973269982511e-01, 1.797693134862e+308, 5.1056e+00, 4.9108e-01, 
 2DIAGNOSTIC,     6, -5.973906374107e-01, 1.797693134862e+308, 5.4725e+00, 3.6685e-01, 
 2DIAGNOSTIC,     7, -5.974001927528e-01, 1.797693134862e+308, 5.8470e+00, 3.7452e-01, 
 2DIAGNOSTIC,     8, -5.973882933681e-01, 1.797693134862e+308, 6.2063e+00, 3.5930e-01, 
 2DIAGNOSTIC,     9, -5.973856890910e-01, 1.797693134862e+308, 6.5616e+00, 3.5533e-01, 
 2DIAGNOSTIC,    10, -5.973862956831e-01, 2.940520645570e-04, 6.9841e+00, 4.2247e-01, 
 2DIAGNOSTIC,    11, -5.973857674466e-01, 1.899877353934e-04, 7.4746e+00, 4.9053e-01, 
 2DIAGNOSTIC,    12, -5.973855787060e-01, 1.063375323952e-04, 7.9016e+00, 4.2697e-01, 
 2DIAGNOSTIC,    13, -5.973850114945e-01, 4.318635130671e-05, 8.2973e+00, 3.9567e-01, 
