
##########################
# Experiment information #
##########################

EXPERIMENT_NAME: antsRegistration-r7-p8
VFC_BACKENDS: libinterflop_vprec.so --range-binary32=7 --precision-binary32=8 --range-binary64=7 --precision-binary64=8

SIF_IMG: /home/mdugre/projects/rrg-glatard/mdugre/containers/ants-vprec-no_metrics.simg

SUBJECT_ID: s033
INPUT_IMG: /home/mdugre/scratch/mri-registration-rp/datasets/ds004513/derivatives/mri-registration-rp/antsBrainExtraction/sub-s033/BrainExtractionBrain.nii.gz
OUTPUT_DIR: /home/mdugre/scratch/mri-registration-rp/datasets/ds004513/derivatives/mri-registration-rp/0001/antsRegistration-r7-p8/sub-s033

FIXED_IMG: /templateflow/tpl-MNI152NLin2009cAsym/tpl-MNI152NLin2009cAsym_res-01_desc-brain_T1w.nii.gz
DATA_DIR: /home/mdugre/scratch/mri-registration-rp/datasets/ds004513
TEMPLATEFLOW_DIR: /home/mdugre/projects/rrg-glatard/mdugre/templateflow
ITK_GLOBAL_DEFAULT_NUMBER_OF_THREADS: 16
##########################

Info [verificarlo]: loaded backend libinterflop_ieee.so
Info [interflop-ieee]: load backend with:
Info [interflop-ieee]: debug = false
Info [interflop-ieee]: debug-binary = false
Info [interflop-ieee]: no-backend-name = false
Info [interflop-ieee]: print-new-line = false
Info [interflop-ieee]: print-subnormal-normalized = false
Info [interflop-ieee]: count-op = false
All_Command_lines_OK
Using double precision for computations.
=============================================================================
The composite transform comprises the following transforms (in order): 
  1. Center of mass alignment using fixed image: /templateflow/tpl-MNI152NLin2009cAsym/tpl-MNI152NLin2009cAsym_res-01_desc-brain_T1w.nii.gz and moving image: /home/mdugre/scratch/mri-registration-rp/datasets/ds004513/derivatives/mri-registration-rp/antsBrainExtraction/sub-s033/BrainExtractionBrain.nii.gz (type = Euler3DTransform)
=============================================================================
  number of levels = 1
  fixed image: /templateflow/tpl-MNI152NLin2009cAsym/tpl-MNI152NLin2009cAsym_res-01_desc-brain_T1w.nii.gz
  moving image: /home/mdugre/scratch/mri-registration-rp/datasets/ds004513/derivatives/mri-registration-rp/antsBrainExtraction/sub-s033/BrainExtractionBrain.nii.gz
Dimension = 3
Number of stages = 1
Use histogram matching = false
Winsorize image intensities = true
  Lower quantile = 0.005
  Upper quantile = 0.995


Stage 1 State
   Image metric = MattesMI
     Fixed image = Image (0x41d3bd0)
  RTTI typeinfo:   itk::Image<double, 3u>
  Reference Count: 2
  Modified Time: 2330
  Debug: Off
  Object Name: 
  Observers: 
    none
  Source: (none)
  Source output name: (none)
  Release Data: Off
  Data Released: False
  Global Release Data: Off
  PipelineMTime: 0
  UpdateMTime: 1941
  RealTimeStamp: 0 seconds 
  LargestPossibleRegion: 
    Dimension: 3
    Index: [0, 0, 0]
    Size: [193, 229, 193]
  BufferedRegion: 
    Dimension: 3
    Index: [0, 0, 0]
    Size: [193, 229, 193]
  RequestedRegion: 
    Dimension: 3
    Index: [0, 0, 0]
    Size: [193, 229, 193]
  Spacing: [1, 1, 1]
  Origin: [96, 132, -78]
  Direction: 
-1 0 0
0 -1 0
0 0 1

  IndexToPointMatrix: 
-1 0 0
0 -1 0
0 0 1

  PointToIndexMatrix: 
-1 0 0
0 -1 0
0 0 1

  Inverse Direction: 
-1 0 0
0 -1 0
0 0 1

  PixelContainer: 
    ImportImageContainer (0x41dc9e0)
      RTTI typeinfo:   itk::ImportImageContainer<unsigned long, double>
      Reference Count: 1
      Modified Time: 1938
      Debug: Off
      Object Name: 
      Observers: 
        none
      Pointer: 0x1490cd625010
      Container manages memory: true
      Size: 8530021
      Capacity: 8530021

     Moving image = Image (0x41dd910)
  RTTI typeinfo:   itk::Image<double, 3u>
  Reference Count: 2
  Modified Time: 2331
  Debug: Off
  Object Name: 
  Observers: 
    none
  Source: (none)
  Source output name: (none)
  Release Data: Off
  Data Released: False
  Global Release Data: Off
  PipelineMTime: 0
  UpdateMTime: 2328
  RealTimeStamp: 0 seconds 
  LargestPossibleRegion: 
    Dimension: 3
    Index: [0, 0, 0]
    Size: [160, 240, 256]
  BufferedRegion: 
    Dimension: 3
    Index: [0, 0, 0]
    Size: [160, 240, 256]
  RequestedRegion: 
    Dimension: 3
    Index: [0, 0, 0]
    Size: [160, 240, 256]
  Spacing: [1, 1, 1]
  Origin: [91.5134, 94.282, -109.927]
  Direction: 
-0.99591 -0.0698718 -0.0572835
0.0697565 -0.997556 0.00401236
-0.0574239 5.01125e-08 0.99835

  IndexToPointMatrix: 
-0.99591 -0.0698718 -0.0572835
0.0697565 -0.997556 0.00401236
-0.0574239 5.01125e-08 0.99835

  PointToIndexMatrix: 
-0.99591 0.0697565 -0.0574239
-0.0698718 -0.997556 5.01483e-08
-0.0572835 0.00401236 0.99835

  Inverse Direction: 
-0.99591 0.0697565 -0.0574239
-0.0698718 -0.997556 5.01483e-08
-0.0572835 0.00401236 0.99835

  PixelContainer: 
    ImportImageContainer (0x42c3a50)
      RTTI typeinfo:   itk::ImportImageContainer<unsigned long, double>
      Reference Count: 1
      Modified Time: 2325
      Debug: Off
      Object Name: 
      Observers: 
        none
      Pointer: 0x1490c8b24010
      Container manages memory: true
      Size: 9830400
      Capacity: 9830400

     Weighting = 1
     Sampling strategy = regular
     Number of bins = 32
     Radius = 4
     Sampling percentage  = 0.25
   Transform = Rigid
     Gradient step = 0.1
     Update field sigma (voxel space) = 0
     Total field sigma (voxel space) = 0
     Update field time sigma = 0
     Total field time sigma  = 0
     Number of time indices = 0
     Number of time point samples = 0
Registration using 1 total stages.

Stage 0
  iterations = 0
  convergence threshold = 1e-06
  convergence window size = 10
  number of levels = 1
  using the Mattes MI metric (number of bins = 32, weight = 1, use gradient filter = 0)
  preprocessing:  winsorizing the image intensities
  Shrink factors (level 1 out of 1): [1, 1, 1]
  smoothing sigmas per level: [0]
  regular sampling (percentage = 0.25)

*** Running Euler3DTransform registration ***

  Elapsed time (stage 0): 1.1113


Total elapsed time: 1.11339
Info [verificarlo]: loaded backend libinterflop_ieee.so
Info [interflop-ieee]: load backend with:
Info [interflop-ieee]: debug = false
Info [interflop-ieee]: debug-binary = false
Info [interflop-ieee]: no-backend-name = false
Info [interflop-ieee]: print-new-line = false
Info [interflop-ieee]: print-subnormal-normalized = false
Info [interflop-ieee]: count-op = false
All_Command_lines_OK
Using double precision for computations.
=============================================================================
The composite transform comprises the following transforms (in order): 
  1. /home/mdugre/scratch/mri-registration-rp/datasets/ds004513/derivatives/mri-registration-rp/0001/antsRegistration-r7-p8/sub-s033/align_Composite.h5[0] (type = Euler3DTransform)
  2. /home/mdugre/scratch/mri-registration-rp/datasets/ds004513/derivatives/mri-registration-rp/0001/antsRegistration-r7-p8/sub-s033/align_Composite.h5[1] (type = Euler3DTransform)
=============================================================================
  number of levels = 4
  fixed image: /templateflow/tpl-MNI152NLin2009cAsym/tpl-MNI152NLin2009cAsym_res-01_desc-brain_T1w.nii.gz
  moving image: /home/mdugre/scratch/mri-registration-rp/datasets/ds004513/derivatives/mri-registration-rp/antsBrainExtraction/sub-s033/BrainExtractionBrain.nii.gz
Dimension = 3
Number of stages = 1
Use histogram matching = false
Winsorize image intensities = true
  Lower quantile = 0.005
  Upper quantile = 0.995


Stage 1 State
   Image metric = MattesMI
     Fixed image = Image (0x46c5530)
  RTTI typeinfo:   itk::Image<double, 3u>
  Reference Count: 2
  Modified Time: 1578
  Debug: Off
  Object Name: 
  Observers: 
    none
  Source: (none)
  Source output name: (none)
  Release Data: Off
  Data Released: False
  Global Release Data: Off
  PipelineMTime: 0
  UpdateMTime: 1189
  RealTimeStamp: 0 seconds 
  LargestPossibleRegion: 
    Dimension: 3
    Index: [0, 0, 0]
    Size: [193, 229, 193]
  BufferedRegion: 
    Dimension: 3
    Index: [0, 0, 0]
    Size: [193, 229, 193]
  RequestedRegion: 
    Dimension: 3
    Index: [0, 0, 0]
    Size: [193, 229, 193]
  Spacing: [1, 1, 1]
  Origin: [96, 132, -78]
  Direction: 
-1 0 0
0 -1 0
0 0 1

  IndexToPointMatrix: 
-1 0 0
0 -1 0
0 0 1

  PointToIndexMatrix: 
-1 0 0
0 -1 0
0 0 1

  Inverse Direction: 
-1 0 0
0 -1 0
0 0 1

  PixelContainer: 
    ImportImageContainer (0x4783d60)
      RTTI typeinfo:   itk::ImportImageContainer<unsigned long, double>
      Reference Count: 1
      Modified Time: 1186
      Debug: Off
      Object Name: 
      Observers: 
        none
      Pointer: 0x155306f41010
      Container manages memory: true
      Size: 8530021
      Capacity: 8530021

     Moving image = Image (0x4775f60)
  RTTI typeinfo:   itk::Image<double, 3u>
  Reference Count: 2
  Modified Time: 1579
  Debug: Off
  Object Name: 
  Observers: 
    none
  Source: (none)
  Source output name: (none)
  Release Data: Off
  Data Released: False
  Global Release Data: Off
  PipelineMTime: 0
  UpdateMTime: 1576
  RealTimeStamp: 0 seconds 
  LargestPossibleRegion: 
    Dimension: 3
    Index: [0, 0, 0]
    Size: [160, 240, 256]
  BufferedRegion: 
    Dimension: 3
    Index: [0, 0, 0]
    Size: [160, 240, 256]
  RequestedRegion: 
    Dimension: 3
    Index: [0, 0, 0]
    Size: [160, 240, 256]
  Spacing: [1, 1, 1]
  Origin: [91.5134, 94.282, -109.927]
  Direction: 
-0.99591 -0.0698718 -0.0572835
0.0697565 -0.997556 0.00401236
-0.0574239 5.01125e-08 0.99835

  IndexToPointMatrix: 
-0.99591 -0.0698718 -0.0572835
0.0697565 -0.997556 0.00401236
-0.0574239 5.01125e-08 0.99835

  PointToIndexMatrix: 
-0.99591 0.0697565 -0.0574239
-0.0698718 -0.997556 5.01483e-08
-0.0572835 0.00401236 0.99835

  Inverse Direction: 
-0.99591 0.0697565 -0.0574239
-0.0698718 -0.997556 5.01483e-08
-0.0572835 0.00401236 0.99835

  PixelContainer: 
    ImportImageContainer (0x47676d0)
      RTTI typeinfo:   itk::ImportImageContainer<unsigned long, double>
      Reference Count: 1
      Modified Time: 1573
      Debug: Off
      Object Name: 
      Observers: 
        none
      Pointer: 0x155302440010
      Container manages memory: true
      Size: 9830400
      Capacity: 9830400

     Weighting = 1
     Sampling strategy = regular
     Number of bins = 32
     Radius = 4
     Sampling percentage  = 0.25
   Transform = Rigid
     Gradient step = 0.1
     Update field sigma (voxel space) = 0
     Total field sigma (voxel space) = 0
     Update field time sigma = 0
     Total field time sigma  = 0
     Number of time indices = 0
     Number of time point samples = 0
Registration using 1 total stages.

Stage 0
  iterations = 1000x500x250x100
  convergence threshold = 1e-06
  convergence window size = 10
  number of levels = 4
  using the Mattes MI metric (number of bins = 32, weight = 1, use gradient filter = 0)
  preprocessing:  winsorizing the image intensities
  Shrink factors (level 1 out of 4): [8, 8, 8]
  Shrink factors (level 2 out of 4): [4, 4, 4]
  Shrink factors (level 3 out of 4): [2, 2, 2]
  Shrink factors (level 4 out of 4): [1, 1, 1]
  smoothing sigmas per level: [3, 2, 1, 0]
  regular sampling (percentage = 0.25)

*** Running Euler3DTransform registration ***

DIAGNOSTIC,Iteration,metricValue,convergenceValue,ITERATION_TIME_INDEX,SINCE_LAST
 2DIAGNOSTIC,     1, -4.945365495269e-01, 1.797693134862e+308, 7.5710e-01, 7.5710e-01, 
 2DIAGNOSTIC,     2, -4.961551199262e-01, 1.797693134862e+308, 7.6175e-01, 4.6451e-03, 
 2DIAGNOSTIC,     3, -4.991207097076e-01, 1.797693134862e+308, 7.6629e-01, 4.5481e-03, 
 2DIAGNOSTIC,     4, -5.030359852117e-01, 1.797693134862e+308, 7.7076e-01, 4.4711e-03, 
 2DIAGNOSTIC,     5, -5.059125054655e-01, 1.797693134862e+308, 7.7484e-01, 4.0760e-03, 
 2DIAGNOSTIC,     6, -5.092815596254e-01, 1.797693134862e+308, 7.7907e-01, 4.2331e-03, 
 2DIAGNOSTIC,     7, -5.205915484568e-01, 1.797693134862e+308, 7.8439e-01, 5.3191e-03, 
 2DIAGNOSTIC,     8, -5.236677933913e-01, 1.797693134862e+308, 7.8881e-01, 4.4222e-03, 
 2DIAGNOSTIC,     9, -5.261653611514e-01, 1.797693134862e+308, 7.9354e-01, 4.7221e-03, 
 2DIAGNOSTIC,    10, -5.313843279548e-01, 4.956236851461e-03, 7.9836e-01, 4.8258e-03, 
 2DIAGNOSTIC,    11, -5.461121550605e-01, 5.255951709880e-03, 8.0477e-01, 6.4111e-03, 
 2DIAGNOSTIC,    12, -5.563506773263e-01, 5.544499219519e-03, 8.0949e-01, 4.7209e-03, 
 2DIAGNOSTIC,    13, -6.011783753053e-01, 7.240286203841e-03, 8.1573e-01, 6.2370e-03, 
 2DIAGNOSTIC,    14, -6.166052824977e-01, 8.701253898904e-03, 8.2006e-01, 4.3321e-03, 
 2DIAGNOSTIC,    15, -6.211428291752e-01, 9.416357351163e-03, 8.2490e-01, 4.8380e-03, 
 2DIAGNOSTIC,    16, -6.235432154238e-01, 9.368281943996e-03, 8.3063e-01, 5.7311e-03, 
 2DIAGNOSTIC,    17, -6.347577470294e-01, 9.145335060980e-03, 8.3674e-01, 6.1080e-03, 
 2DIAGNOSTIC,    18, -6.413138479890e-01, 8.359392987831e-03, 8.4184e-01, 5.0988e-03, 
 2DIAGNOSTIC,    19, -6.420802737938e-01, 6.980623550162e-03, 8.4720e-01, 5.3620e-03, 
 2DIAGNOSTIC,    20, -6.425493395280e-01, 5.272872718526e-03, 8.5133e-01, 4.1311e-03, 
 2DIAGNOSTIC,    21, -6.431795012794e-01, 3.641466787323e-03, 8.5691e-01, 5.5740e-03, 
 2DIAGNOSTIC,    22, -6.434078416646e-01, 2.049114077913e-03, 8.6169e-01, 4.7848e-03, 
 2DIAGNOSTIC,    23, -6.435083899569e-01, 1.381096958836e-03, 8.6665e-01, 4.9601e-03, 
 2DIAGNOSTIC,    24, -6.436807787579e-01, 9.688117090693e-04, 8.7241e-01, 5.7631e-03, 
 2DIAGNOSTIC,    25, -6.439989537421e-01, 6.014656692466e-04, 8.7887e-01, 6.4549e-03, 
 2DIAGNOSTIC,    26, -6.448361661585e-01, 2.655201088274e-04, 8.8344e-01, 4.5681e-03, 
 2DIAGNOSTIC,    27, -6.460796019651e-01, 1.536868377009e-04, 8.8841e-01, 4.9760e-03, 
 2DIAGNOSTIC,    28, -6.463976183619e-01, 1.550354709777e-04, 8.9250e-01, 4.0829e-03, 
 2DIAGNOSTIC,    29, -6.463935450725e-01, 1.547432259431e-04, 8.9702e-01, 4.5230e-03, 
 2DIAGNOSTIC,    30, -6.464392294195e-01, 1.482977473995e-04, 9.0167e-01, 4.6461e-03, 
 2DIAGNOSTIC,    31, -6.463723506915e-01, 1.368669313945e-04, 9.0585e-01, 4.1890e-03, 
 2DIAGNOSTIC,    32, -6.464254421576e-01, 1.173262781076e-04, 9.1114e-01, 5.2891e-03, 
 2DIAGNOSTIC,    33, -6.464354982964e-01, 8.969295058790e-05, 9.2463e-01, 1.3488e-02, 
 2DIAGNOSTIC,    34, -6.464354982635e-01, 5.811455476398e-05, 9.3908e-01, 1.4448e-02, 
 2DIAGNOSTIC,    35, -6.464354982635e-01, 2.735354718762e-05, 9.4451e-01, 5.4328e-03, 
 2DIAGNOSTIC,    36, -6.464354982635e-01, 6.562016723194e-06, 9.5163e-01, 7.1220e-03, 
 2DIAGNOSTIC,    37, -6.464354982635e-01, 2.244520912589e-06, 9.5646e-01, 4.8211e-03, 
 2DIAGNOSTIC,    38, -6.464354982635e-01, 1.990760527870e-06, 9.6194e-01, 5.4810e-03, 
 2DIAGNOSTIC,    39, -6.464354982635e-01, 1.582332989372e-06, 9.6685e-01, 4.9150e-03, 
 2DIAGNOSTIC,    40, -6.464354982635e-01, 1.698165905777e-06, 9.7171e-01, 4.8561e-03, 
DIAGNOSTIC,Iteration,metricValue,convergenceValue,ITERATION_TIME_INDEX,SINCE_LAST
 2DIAGNOSTIC,     1, -5.367244473497e-01, 1.797693134862e+308, 1.7148e+00, 7.4306e-01, 
 2DIAGNOSTIC,     2, -5.380313860679e-01, 1.797693134862e+308, 1.7403e+00, 2.5571e-02, 
 2DIAGNOSTIC,     3, -5.401731937765e-01, 1.797693134862e+308, 1.7658e+00, 2.5452e-02, 
 2DIAGNOSTIC,     4, -5.431881366592e-01, 1.797693134862e+308, 1.7959e+00, 3.0125e-02, 
 2DIAGNOSTIC,     5, -5.453557611348e-01, 1.797693134862e+308, 1.8255e+00, 2.9587e-02, 
 2DIAGNOSTIC,     6, -5.461088572815e-01, 1.797693134862e+308, 1.8519e+00, 2.6359e-02, 
 2DIAGNOSTIC,     7, -5.462086688430e-01, 1.797693134862e+308, 1.8814e+00, 2.9586e-02, 
 2DIAGNOSTIC,     8, -5.464869275367e-01, 1.797693134862e+308, 1.9155e+00, 3.4043e-02, 
 2DIAGNOSTIC,     9, -5.465850823934e-01, 1.797693134862e+308, 1.9526e+00, 3.7062e-02, 
 2DIAGNOSTIC,    10, -5.466464856924e-01, 1.224741004890e-03, 1.9799e+00, 2.7357e-02, 
 2DIAGNOSTIC,    11, -5.470487720656e-01, 8.391098118682e-04, 2.0120e+00, 3.2043e-02, 
 2DIAGNOSTIC,    12, -5.471506823300e-01, 5.042746683649e-04, 2.0448e+00, 3.2898e-02, 
 2DIAGNOSTIC,    13, -5.471747718117e-01, 2.608961418661e-04, 2.0882e+00, 4.3389e-02, 
 2DIAGNOSTIC,    14, -5.471893671704e-01, 1.401591313525e-04, 2.1244e+00, 3.6147e-02, 
 2DIAGNOSTIC,    15, -5.471839949351e-01, 9.761632046022e-05, 2.1625e+00, 3.8107e-02, 
 2DIAGNOSTIC,    16, -5.471599223499e-01, 7.527592533671e-05, 2.2001e+00, 3.7573e-02, 
 2DIAGNOSTIC,    17, -5.471662415364e-01, 5.183163606679e-05, 2.2317e+00, 3.1646e-02, 
 2DIAGNOSTIC,    18, -5.471747022754e-01, 3.478182767105e-05, 2.2660e+00, 3.4288e-02, 
 2DIAGNOSTIC,    19, -5.471813445399e-01, 1.945619111737e-05, 2.3008e+00, 3.4760e-02, 
 2DIAGNOSTIC,    20, -5.471662907954e-01, 4.969771936904e-06, 2.3321e+00, 3.1381e-02, 
 2DIAGNOSTIC,    21, -5.471844152115e-01, 1.951247880536e-06, 2.3672e+00, 3.5024e-02, 
 2DIAGNOSTIC,    22, -5.471946849080e-01, 1.794821279599e-06, 2.3954e+00, 2.8279e-02, 
 2DIAGNOSTIC,    23, -5.472309771397e-01, 2.955885771157e-06, 2.4240e+00, 2.8525e-02, 
 2DIAGNOSTIC,    24, -5.472460341716e-01, 4.500344694722e-06, 2.4594e+00, 3.5439e-02, 
 2DIAGNOSTIC,    25, -5.473225338682e-01, 7.130564847892e-06, 2.4901e+00, 3.0740e-02, 
 2DIAGNOSTIC,    26, -5.474469315892e-01, 1.098291430194e-05, 2.5239e+00, 3.3731e-02, 
 2DIAGNOSTIC,    27, -5.481013377686e-01, 2.630866901609e-05, 2.5582e+00, 3.4334e-02, 
 2DIAGNOSTIC,    28, -5.480678952332e-01, 3.738998582244e-05, 2.6006e+00, 4.2387e-02, 
 2DIAGNOSTIC,    29, -5.482084715553e-01, 4.712045400474e-05, 2.6437e+00, 4.3094e-02, 
 2DIAGNOSTIC,    30, -5.482082516538e-01, 5.166419533627e-05, 2.6792e+00, 3.5509e-02, 
 2DIAGNOSTIC,    31, -5.482014613408e-01, 5.125925282311e-05, 2.7147e+00, 3.5489e-02, 
 2DIAGNOSTIC,    32, -5.481815955023e-01, 4.582633299274e-05, 2.7470e+00, 3.2325e-02, 
 2DIAGNOSTIC,    33, -5.481718255123e-01, 3.689944227669e-05, 2.7777e+00, 3.0684e-02, 
 2DIAGNOSTIC,    34, -5.481825623967e-01, 2.560031318898e-05, 2.8072e+00, 2.9518e-02, 
 2DIAGNOSTIC,    35, -5.481838555439e-01, 1.379950944756e-05, 2.8364e+00, 2.9215e-02, 
 2DIAGNOSTIC,    36, -5.481854578861e-01, 3.009160639451e-06, 2.8675e+00, 3.1063e-02, 
 2DIAGNOSTIC,    37, -5.482631349769e-01, 2.936466201864e-06, 2.9014e+00, 3.3919e-02, 
 2DIAGNOSTIC,    38, -5.482856021138e-01, 2.436038484346e-06, 2.9349e+00, 3.3453e-02, 
 2DIAGNOSTIC,    39, -5.482706789897e-01, 3.481432693832e-06, 2.9718e+00, 3.6976e-02, 
 2DIAGNOSTIC,    40, -5.481987558889e-01, 3.304728741188e-06, 3.0048e+00, 3.2949e-02, 
 2DIAGNOSTIC,    41, -5.482803149900e-01, 3.877737267507e-06, 3.0392e+00, 3.4440e-02, 
 2DIAGNOSTIC,    42, -5.481856093866e-01, 2.654786784399e-06, 3.0774e+00, 3.8207e-02, 
 2DIAGNOSTIC,    43, -5.482756724059e-01, 2.298188881995e-06, 3.1210e+00, 4.3586e-02, 
 2DIAGNOSTIC,    44, -5.483025152708e-01, 2.244738558022e-06, 3.1554e+00, 3.4394e-02, 
 2DIAGNOSTIC,    45, -5.482811774642e-01, 1.828276858174e-06, 3.1898e+00, 3.4425e-02, 
 2DIAGNOSTIC,    46, -5.482645579099e-01, 1.147011290201e-06, 3.2215e+00, 3.1640e-02, 
 2DIAGNOSTIC,    47, -5.482548594473e-01, 1.198727111278e-06, 3.3151e+00, 9.3592e-02, 
 2DIAGNOSTIC,    48, -5.482548594461e-01, 1.434735822751e-06, 3.4071e+00, 9.2030e-02, 
 2DIAGNOSTIC,    49, -5.482548594461e-01, 1.433287566917e-06, 3.4383e+00, 3.1206e-02, 
DIAGNOSTIC,Iteration,metricValue,convergenceValue,ITERATION_TIME_INDEX,SINCE_LAST
 2DIAGNOSTIC,     1, -4.661874046380e-01, 1.797693134862e+308, 4.5550e+00, 1.1167e+00, 
 2DIAGNOSTIC,     2, -4.663634474482e-01, 1.797693134862e+308, 4.7872e+00, 2.3225e-01, 
 2DIAGNOSTIC,     3, -4.665065316182e-01, 1.797693134862e+308, 5.0101e+00, 2.2283e-01, 
 2DIAGNOSTIC,     4, -4.666272988821e-01, 1.797693134862e+308, 5.2416e+00, 2.3156e-01, 
 2DIAGNOSTIC,     5, -4.667166935106e-01, 1.797693134862e+308, 5.4862e+00, 2.4455e-01, 
 2DIAGNOSTIC,     6, -4.668676912626e-01, 1.797693134862e+308, 5.7208e+00, 2.3465e-01, 
 2DIAGNOSTIC,     7, -4.669697709090e-01, 1.797693134862e+308, 5.9721e+00, 2.5128e-01, 
 2DIAGNOSTIC,     8, -4.670258277628e-01, 1.797693134862e+308, 6.2872e+00, 3.1507e-01, 
 2DIAGNOSTIC,     9, -4.670791377881e-01, 1.797693134862e+308, 6.5069e+00, 2.1970e-01, 
 2DIAGNOSTIC,    10, -4.671177565770e-01, 1.313594723791e-04, 6.7244e+00, 2.1754e-01, 
 2DIAGNOSTIC,    11, -4.671984838636e-01, 1.051497605808e-04, 6.9408e+00, 2.1637e-01, 
 2DIAGNOSTIC,    12, -4.674360333312e-01, 9.488629833446e-05, 7.2699e+00, 3.2913e-01, 
 2DIAGNOSTIC,    13, -4.675172271605e-01, 8.806621189332e-05, 7.4821e+00, 2.1223e-01, 
 2DIAGNOSTIC,    14, -4.675733042267e-01, 8.219981856154e-05, 7.8165e+00, 3.3433e-01, 
 2DIAGNOSTIC,    15, -4.675740552654e-01, 7.347424153743e-05, 8.1897e+00, 3.7323e-01, 
 2DIAGNOSTIC,    16, -4.675766570148e-01, 6.507156550244e-05, 8.4546e+00, 2.6490e-01, 
 2DIAGNOSTIC,    17, -4.675763227017e-01, 5.534678099255e-05, 8.8205e+00, 3.6586e-01, 
 2DIAGNOSTIC,    18, -4.675763906237e-01, 4.358803725113e-05, 9.0713e+00, 2.5081e-01, 
 2DIAGNOSTIC,    19, -4.675754743270e-01, 3.095190266406e-05, 9.2848e+00, 2.1354e-01, 
 2DIAGNOSTIC,    20, -4.675745876351e-01, 1.805865109487e-05, 9.5353e+00, 2.5045e-01, 
 2DIAGNOSTIC,    21, -4.675746341267e-01, 7.057216518121e-06, 9.7295e+00, 1.9420e-01, 
 2DIAGNOSTIC,    22, -4.675737516620e-01, 3.037731066101e-06, 9.9541e+00, 2.2459e-01, 
 2DIAGNOSTIC,    23, -4.675729199726e-01, 1.304004750478e-06, 1.0214e+01, 2.6035e-01, 
 2DIAGNOSTIC,    24, -4.675730310015e-01, 1.147498724201e-06, 1.0483e+01, 2.6858e-01, 
 2DIAGNOSTIC,    25, -4.675721678850e-01, 1.015486324946e-06, 1.0700e+01, 2.1656e-01, 
DIAGNOSTIC,Iteration,metricValue,convergenceValue,ITERATION_TIME_INDEX,SINCE_LAST
 2DIAGNOSTIC,     1, -4.258656111921e-01, 1.797693134862e+308, 1.3282e+01, 2.5821e+00, 
 2DIAGNOSTIC,     2, -4.259686983267e-01, 1.797693134862e+308, 1.4812e+01, 1.5308e+00, 
 2DIAGNOSTIC,     3, -4.260097594672e-01, 1.797693134862e+308, 1.6871e+01, 2.0581e+00, 
 2DIAGNOSTIC,     4, -4.260079805094e-01, 1.797693134862e+308, 1.8528e+01, 1.6571e+00, 
 2DIAGNOSTIC,     5, -4.260068813178e-01, 1.797693134862e+308, 2.1615e+01, 3.0875e+00, 
 2DIAGNOSTIC,     6, -4.260068930275e-01, 1.797693134862e+308, 2.3292e+01, 1.6769e+00, 
 2DIAGNOSTIC,     7, -4.260066967543e-01, 1.797693134862e+308, 2.4972e+01, 1.6802e+00, 
 2DIAGNOSTIC,     8, -4.260067082336e-01, 1.797693134862e+308, 2.6543e+01, 1.5710e+00, 
 2DIAGNOSTIC,     9, -4.260066146768e-01, 1.797693134862e+308, 2.7859e+01, 1.3161e+00, 
 2DIAGNOSTIC,    10, -4.260065266000e-01, 1.460957464505e-05, 2.9216e+01, 1.3562e+00, 
 2DIAGNOSTIC,    11, -4.260064473637e-01, 4.945161043254e-06, 3.0748e+01, 1.5319e+00, 
 2DIAGNOSTIC,    12, -4.260064638246e-01, 2.372262660713e-06, 3.2275e+01, 1.5278e+00, 
 2DIAGNOSTIC,    13, -4.260063757198e-01, 2.324986944885e-06, 3.3721e+01, 1.4456e+00, 
 2DIAGNOSTIC,    14, -4.260061950226e-01, 2.203673205248e-06, 3.5388e+01, 1.6673e+00, 
 2DIAGNOSTIC,    15, -4.260061101161e-01, 2.052303019640e-06, 3.6787e+01, 1.3986e+00, 
 2DIAGNOSTIC,    16, -4.260059354590e-01, 1.919528535815e-06, 3.8319e+01, 1.5317e+00, 
 2DIAGNOSTIC,    17, -4.260059598688e-01, 1.801889783007e-06, 3.9886e+01, 1.5676e+00, 
 2DIAGNOSTIC,    18, -4.260061913154e-01, 1.712665245693e-06, 4.1540e+01, 1.6539e+00, 
 2DIAGNOSTIC,    19, -4.260060076308e-01, 1.628029451882e-06, 4.3074e+01, 1.5335e+00, 
 2DIAGNOSTIC,    20, -4.260057175944e-01, 1.543947219240e-06, 4.4608e+01, 1.5347e+00, 
 2DIAGNOSTIC,    21, -4.260055288903e-01, 1.463971564121e-06, 4.6232e+01, 1.6242e+00, 
 2DIAGNOSTIC,    22, -4.260053382686e-01, 1.390646213247e-06, 4.7538e+01, 1.3051e+00, 
 2DIAGNOSTIC,    23, -4.260053604304e-01, 1.326853974970e-06, 4.8907e+01, 1.3695e+00, 
 2DIAGNOSTIC,    24, -4.260055983926e-01, 1.275183896907e-06, 5.0569e+01, 1.6622e+00, 
 2DIAGNOSTIC,    25, -4.260055162905e-01, 1.228062130730e-06, 5.2287e+01, 1.7176e+00, 
 2DIAGNOSTIC,    26, -4.260054359302e-01, 1.182440980366e-06, 5.3857e+01, 1.5705e+00, 
 2DIAGNOSTIC,    27, -4.260053579367e-01, 1.142627881034e-06, 5.5346e+01, 1.4890e+00, 
 2DIAGNOSTIC,    28, -4.260051902340e-01, 1.110483059792e-06, 5.6937e+01, 1.5907e+00, 
 2DIAGNOSTIC,    29, -4.260050412696e-01, 1.075359230190e-06, 5.8683e+01, 1.7458e+00, 
 2DIAGNOSTIC,    30, -4.260049707466e-01, 1.036712623664e-06, 6.0404e+01, 1.7213e+00, 
  Elapsed time (stage 0): 6.1287e+01


Total elapsed time: 6.1290e+01
Info [verificarlo]: loaded backend libinterflop_ieee.so
Info [interflop-ieee]: load backend with:
Info [interflop-ieee]: debug = false
Info [interflop-ieee]: debug-binary = false
Info [interflop-ieee]: no-backend-name = false
Info [interflop-ieee]: print-new-line = false
Info [interflop-ieee]: print-subnormal-normalized = false
Info [interflop-ieee]: count-op = false
All_Command_lines_OK
Using double precision for computations.
=============================================================================
The composite transform comprises the following transforms (in order): 
  1. /home/mdugre/scratch/mri-registration-rp/datasets/ds004513/derivatives/mri-registration-rp/0001/antsRegistration-r7-p8/sub-s033/rigid_Composite.h5[0] (type = Euler3DTransform)
  2. /home/mdugre/scratch/mri-registration-rp/datasets/ds004513/derivatives/mri-registration-rp/0001/antsRegistration-r7-p8/sub-s033/rigid_Composite.h5[1] (type = Euler3DTransform)
  3. /home/mdugre/scratch/mri-registration-rp/datasets/ds004513/derivatives/mri-registration-rp/0001/antsRegistration-r7-p8/sub-s033/rigid_Composite.h5[2] (type = Euler3DTransform)
=============================================================================
  number of levels = 4
  fixed image: /templateflow/tpl-MNI152NLin2009cAsym/tpl-MNI152NLin2009cAsym_res-01_desc-brain_T1w.nii.gz
  moving image: /home/mdugre/scratch/mri-registration-rp/datasets/ds004513/derivatives/mri-registration-rp/antsBrainExtraction/sub-s033/BrainExtractionBrain.nii.gz
Dimension = 3
Number of stages = 1
Use histogram matching = false
Winsorize image intensities = true
  Lower quantile = 0.005
  Upper quantile = 0.995


Stage 1 State
   Image metric = MattesMI
     Fixed image = Image (0x4b24530)
  RTTI typeinfo:   itk::Image<double, 3u>
  Reference Count: 2
  Modified Time: 1592
  Debug: Off
  Object Name: 
  Observers: 
    none
  Source: (none)
  Source output name: (none)
  Release Data: Off
  Data Released: False
  Global Release Data: Off
  PipelineMTime: 0
  UpdateMTime: 1203
  RealTimeStamp: 0 seconds 
  LargestPossibleRegion: 
    Dimension: 3
    Index: [0, 0, 0]
    Size: [193, 229, 193]
  BufferedRegion: 
    Dimension: 3
    Index: [0, 0, 0]
    Size: [193, 229, 193]
  RequestedRegion: 
    Dimension: 3
    Index: [0, 0, 0]
    Size: [193, 229, 193]
  Spacing: [1, 1, 1]
  Origin: [96, 132, -78]
  Direction: 
-1 0 0
0 -1 0
0 0 1

  IndexToPointMatrix: 
-1 0 0
0 -1 0
0 0 1

  PointToIndexMatrix: 
-1 0 0
0 -1 0
0 0 1

  Inverse Direction: 
-1 0 0
0 -1 0
0 0 1

  PixelContainer: 
    ImportImageContainer (0x4bdd2a0)
      RTTI typeinfo:   itk::ImportImageContainer<unsigned long, double>
      Reference Count: 1
      Modified Time: 1200
      Debug: Off
      Object Name: 
      Observers: 
        none
      Pointer: 0x14b97ac93010
      Container manages memory: true
      Size: 8530021
      Capacity: 8530021

     Moving image = Image (0x4bdfe60)
  RTTI typeinfo:   itk::Image<double, 3u>
  Reference Count: 2
  Modified Time: 1593
  Debug: Off
  Object Name: 
  Observers: 
    none
  Source: (none)
  Source output name: (none)
  Release Data: Off
  Data Released: False
  Global Release Data: Off
  PipelineMTime: 0
  UpdateMTime: 1590
  RealTimeStamp: 0 seconds 
  LargestPossibleRegion: 
    Dimension: 3
    Index: [0, 0, 0]
    Size: [160, 240, 256]
  BufferedRegion: 
    Dimension: 3
    Index: [0, 0, 0]
    Size: [160, 240, 256]
  RequestedRegion: 
    Dimension: 3
    Index: [0, 0, 0]
    Size: [160, 240, 256]
  Spacing: [1, 1, 1]
  Origin: [91.5134, 94.282, -109.927]
  Direction: 
-0.99591 -0.0698718 -0.0572835
0.0697565 -0.997556 0.00401236
-0.0574239 5.01125e-08 0.99835

  IndexToPointMatrix: 
-0.99591 -0.0698718 -0.0572835
0.0697565 -0.997556 0.00401236
-0.0574239 5.01125e-08 0.99835

  PointToIndexMatrix: 
-0.99591 0.0697565 -0.0574239
-0.0698718 -0.997556 5.01483e-08
-0.0572835 0.00401236 0.99835

  Inverse Direction: 
-0.99591 0.0697565 -0.0574239
-0.0698718 -0.997556 5.01483e-08
-0.0572835 0.00401236 0.99835

  PixelContainer: 
    ImportImageContainer (0x4c13390)
      RTTI typeinfo:   itk::ImportImageContainer<unsigned long, double>
      Reference Count: 1
      Modified Time: 1587
      Debug: Off
      Object Name: 
      Observers: 
        none
      Pointer: 0x14b976192010
      Container manages memory: true
      Size: 9830400
      Capacity: 9830400

     Weighting = 1
     Sampling strategy = regular
     Number of bins = 32
     Radius = 4
     Sampling percentage  = 0.25
   Transform = Affine
     Gradient step = 0.1
     Update field sigma (voxel space) = 0
     Total field sigma (voxel space) = 0
     Update field time sigma = 0
     Total field time sigma  = 0
     Number of time indices = 0
     Number of time point samples = 0
Registration using 1 total stages.

Stage 0
  iterations = 1000x500x250x100
  convergence threshold = 1e-06
  convergence window size = 10
  number of levels = 4
  using the Mattes MI metric (number of bins = 32, weight = 1, use gradient filter = 0)
  preprocessing:  winsorizing the image intensities
  Shrink factors (level 1 out of 4): [8, 8, 8]
  Shrink factors (level 2 out of 4): [4, 4, 4]
  Shrink factors (level 3 out of 4): [2, 2, 2]
  Shrink factors (level 4 out of 4): [1, 1, 1]
  smoothing sigmas per level: [3, 2, 1, 0]
  regular sampling (percentage = 0.25)

*** Running AffineTransform registration ***

DIAGNOSTIC,Iteration,metricValue,convergenceValue,ITERATION_TIME_INDEX,SINCE_LAST
 2DIAGNOSTIC,     1, -6.382783611286e-01, 1.797693134862e+308, 7.3866e-01, 7.3866e-01, 
 2DIAGNOSTIC,     2, -6.407436498053e-01, 1.797693134862e+308, 7.4326e-01, 4.5931e-03, 
 2DIAGNOSTIC,     3, -6.451539535027e-01, 1.797693134862e+308, 7.4836e-01, 5.1038e-03, 
 2DIAGNOSTIC,     4, -6.521803675542e-01, 1.797693134862e+308, 7.5313e-01, 4.7710e-03, 
 2DIAGNOSTIC,     5, -6.630835688604e-01, 1.797693134862e+308, 7.5778e-01, 4.6518e-03, 
 2DIAGNOSTIC,     6, -6.815459886730e-01, 1.797693134862e+308, 7.6238e-01, 4.5981e-03, 
 2DIAGNOSTIC,     7, -7.249571277528e-01, 1.797693134862e+308, 7.6777e-01, 5.3840e-03, 
 2DIAGNOSTIC,     8, -8.401178536756e-01, 1.797693134862e+308, 7.7261e-01, 4.8440e-03, 
 2DIAGNOSTIC,     9, -8.674706216455e-01, 1.797693134862e+308, 7.8067e-01, 8.0609e-03, 
 2DIAGNOSTIC,    10, -8.691698246224e-01, 2.372633310490e-02, 7.8559e-01, 4.9229e-03, 
 2DIAGNOSTIC,    11, -8.766910193620e-01, 2.360558106693e-02, 7.9044e-01, 4.8461e-03, 
 2DIAGNOSTIC,    12, -8.862183514258e-01, 2.175501133004e-02, 7.9555e-01, 5.1060e-03, 
 2DIAGNOSTIC,    13, -8.905552437418e-01, 1.848238282428e-02, 8.0060e-01, 5.0540e-03, 
 2DIAGNOSTIC,    14, -8.981900799647e-01, 1.446534343304e-02, 8.0595e-01, 5.3480e-03, 
 2DIAGNOSTIC,    15, -9.040150065270e-01, 1.020434340652e-02, 8.1171e-01, 5.7659e-03, 
 2DIAGNOSTIC,    16, -9.041718509140e-01, 6.059332182138e-03, 8.1689e-01, 5.1799e-03, 
 2DIAGNOSTIC,    17, -9.054224238793e-01, 2.795870225891e-03, 8.2209e-01, 5.1930e-03, 
 2DIAGNOSTIC,    18, -9.057891999614e-01, 1.953875229206e-03, 8.2669e-01, 4.6020e-03, 
 2DIAGNOSTIC,    19, -9.062241688581e-01, 1.548806890560e-03, 8.3189e-01, 5.2052e-03, 
 2DIAGNOSTIC,    20, -9.065587990576e-01, 1.079286094963e-03, 8.3708e-01, 5.1868e-03, 
 2DIAGNOSTIC,    21, -9.065694211489e-01, 6.827236143362e-04, 8.4176e-01, 4.6778e-03, 
 2DIAGNOSTIC,    22, -9.065528586262e-01, 4.136007662805e-04, 8.4795e-01, 6.1939e-03, 
 2DIAGNOSTIC,    23, -9.065463608603e-01, 1.946262766577e-04, 8.5426e-01, 6.3128e-03, 
 2DIAGNOSTIC,    24, -9.063070211459e-01, 8.141120199775e-05, 8.5943e-01, 5.1680e-03, 
 2DIAGNOSTIC,    25, -9.061733543041e-01, 4.882280327034e-05, 8.6411e-01, 4.6730e-03, 
 2DIAGNOSTIC,    26, -9.061791396561e-01, 1.632626098298e-05, 8.6872e-01, 4.6160e-03, 
DIAGNOSTIC,Iteration,metricValue,convergenceValue,ITERATION_TIME_INDEX,SINCE_LAST
 2DIAGNOSTIC,     1, -7.449544944270e-01, 1.797693134862e+308, 1.6218e+00, 7.5310e-01, 
 2DIAGNOSTIC,     2, -7.455135146051e-01, 1.797693134862e+308, 1.6596e+00, 3.7744e-02, 
 2DIAGNOSTIC,     3, -7.461906025906e-01, 1.797693134862e+308, 1.6958e+00, 3.6276e-02, 
 2DIAGNOSTIC,     4, -7.469358581304e-01, 1.797693134862e+308, 1.7332e+00, 3.7370e-02, 
 2DIAGNOSTIC,     5, -7.477247544493e-01, 1.797693134862e+308, 1.7878e+00, 5.4575e-02, 
 2DIAGNOSTIC,     6, -7.484051439319e-01, 1.797693134862e+308, 1.8514e+00, 6.3581e-02, 
 2DIAGNOSTIC,     7, -7.483842627487e-01, 1.797693134862e+308, 1.8967e+00, 4.5310e-02, 
 2DIAGNOSTIC,     8, -7.483985623281e-01, 1.797693134862e+308, 1.9413e+00, 4.4569e-02, 
 2DIAGNOSTIC,     9, -7.483953656069e-01, 1.797693134862e+308, 1.9828e+00, 4.1529e-02, 
 2DIAGNOSTIC,    10, -7.483877983136e-01, 3.184427777855e-04, 2.0194e+00, 3.6657e-02, 
 2DIAGNOSTIC,    11, -7.483700073281e-01, 2.141700618265e-04, 2.0570e+00, 3.7580e-02, 
 2DIAGNOSTIC,    12, -7.483869813650e-01, 1.266214907673e-04, 2.0919e+00, 3.4865e-02, 
 2DIAGNOSTIC,    13, -7.484270042944e-01, 6.228489935091e-05, 2.1270e+00, 3.5124e-02, 
 2DIAGNOSTIC,    14, -7.484498585870e-01, 2.213782151103e-05, 2.1635e+00, 3.6472e-02, 
 2DIAGNOSTIC,    15, -7.484989024185e-01, 6.283057706516e-06, 2.2063e+00, 4.2815e-02, 
 2DIAGNOSTIC,    16, -7.485242324902e-01, 8.807517858991e-06, 2.2473e+00, 4.0958e-02, 
 2DIAGNOSTIC,    17, -7.485809946293e-01, 1.119346157253e-05, 2.2921e+00, 4.4859e-02, 
 2DIAGNOSTIC,    18, -7.485791389674e-01, 1.268130538695e-05, 2.3288e+00, 3.6723e-02, 
 2DIAGNOSTIC,    19, -7.485695731646e-01, 1.276013579825e-05, 2.3696e+00, 4.0739e-02, 
 2DIAGNOSTIC,    20, -7.485780811425e-01, 1.184815002896e-05, 2.4059e+00, 3.6334e-02, 
 2DIAGNOSTIC,    21, -7.486360283090e-01, 1.077891587792e-05, 2.4466e+00, 4.0670e-02, 
 2DIAGNOSTIC,    22, -7.486889878867e-01, 1.010107615437e-05, 2.4873e+00, 4.0710e-02, 
 2DIAGNOSTIC,    23, -7.486584751202e-01, 8.821883062352e-06, 2.5286e+00, 4.1323e-02, 
 2DIAGNOSTIC,    24, -7.486655171351e-01, 7.463721055326e-06, 2.5740e+00, 4.5419e-02, 
 2DIAGNOSTIC,    25, -7.486547697474e-01, 6.218448744467e-06, 2.6143e+00, 4.0319e-02, 
 2DIAGNOSTIC,    26, -7.486200613390e-01, 4.421354812517e-06, 2.6620e+00, 4.7649e-02, 
 2DIAGNOSTIC,    27, -7.486231494772e-01, 3.299301177227e-06, 2.6992e+00, 3.7167e-02, 
 2DIAGNOSTIC,    28, -7.486097582408e-01, 1.863213400025e-06, 2.7362e+00, 3.7054e-02, 
DIAGNOSTIC,Iteration,metricValue,convergenceValue,ITERATION_TIME_INDEX,SINCE_LAST
 2DIAGNOSTIC,     1, -6.324712549163e-01, 1.797693134862e+308, 3.9026e+00, 1.1664e+00, 
 2DIAGNOSTIC,     2, -6.330728963097e-01, 1.797693134862e+308, 4.1762e+00, 2.7362e-01, 
 2DIAGNOSTIC,     3, -6.337290218447e-01, 1.797693134862e+308, 4.4455e+00, 2.6928e-01, 
 2DIAGNOSTIC,     4, -6.345646037443e-01, 1.797693134862e+308, 4.7190e+00, 2.7348e-01, 
 2DIAGNOSTIC,     5, -6.368495610907e-01, 1.797693134862e+308, 5.3539e+00, 6.3497e-01, 
 2DIAGNOSTIC,     6, -6.368499849056e-01, 1.797693134862e+308, 5.7069e+00, 3.5295e-01, 
 2DIAGNOSTIC,     7, -6.368493937091e-01, 1.797693134862e+308, 6.0350e+00, 3.2809e-01, 
 2DIAGNOSTIC,     8, -6.368475382162e-01, 1.797693134862e+308, 6.3384e+00, 3.0339e-01, 
 2DIAGNOSTIC,     9, -6.368468364344e-01, 1.797693134862e+308, 6.5997e+00, 2.6129e-01, 
 2DIAGNOSTIC,    10, -6.368462733676e-01, 4.919199941341e-04, 6.8798e+00, 2.8017e-01, 
 2DIAGNOSTIC,    11, -6.368440653010e-01, 3.319893189843e-04, 7.1269e+00, 2.4708e-01, 
 2DIAGNOSTIC,    12, -6.368436956147e-01, 1.927239962008e-04, 7.4157e+00, 2.8878e-01, 
 2DIAGNOSTIC,    13, -6.368429492426e-01, 8.041940875378e-05, 7.7680e+00, 3.5229e-01, 
 2DIAGNOSTIC,    14, -6.368404203705e-01, 1.605093957760e-06, 8.0739e+00, 3.0589e-01, 
 2DIAGNOSTIC,    15, -6.368391997227e-01, 1.418231028949e-06, 8.3572e+00, 2.8330e-01, 
 2DIAGNOSTIC,    16, -6.368366002230e-01, 1.259129042280e-06, 8.6193e+00, 2.6218e-01, 
 2DIAGNOSTIC,    17, -6.368355763757e-01, 1.145542347029e-06, 8.8622e+00, 2.4289e-01, 
 2DIAGNOSTIC,    18, -6.368362407384e-01, 1.081744145669e-06, 9.1189e+00, 2.5667e-01, 
 2DIAGNOSTIC,    19, -6.368373564396e-01, 1.097165584489e-06, 9.3914e+00, 2.7253e-01, 
 2DIAGNOSTIC,    20, -6.368370466173e-01, 1.146363550843e-06, 9.6638e+00, 2.7240e-01, 
 2DIAGNOSTIC,    21, -6.368369332509e-01, 1.183989512044e-06, 9.9275e+00, 2.6364e-01, 
 2DIAGNOSTIC,    22, -6.368349358304e-01, 1.201422165628e-06, 1.0231e+01, 3.0338e-01, 
 2DIAGNOSTIC,    23, -6.368349178289e-01, 1.226554912782e-06, 1.0559e+01, 3.2798e-01, 
 2DIAGNOSTIC,    24, -6.368351507849e-01, 1.220557528228e-06, 1.0876e+01, 3.1743e-01, 
 2DIAGNOSTIC,    25, -6.368347884801e-01, 1.197340426362e-06, 1.1179e+01, 3.0282e-01, 
 2DIAGNOSTIC,    26, -6.368342973358e-01, 1.131335465795e-06, 1.1477e+01, 2.9768e-01, 
 2DIAGNOSTIC,    27, -6.368344312058e-01, 1.064883726538e-06, 1.1779e+01, 3.0180e-01, 
 2DIAGNOSTIC,    28, -6.368357808634e-01, 1.045336991086e-06, 1.2081e+01, 3.0212e-01, 
 2DIAGNOSTIC,    29, -6.368334818391e-01, 1.016449416948e-06, 1.2387e+01, 3.0666e-01, 
DIAGNOSTIC,Iteration,metricValue,convergenceValue,ITERATION_TIME_INDEX,SINCE_LAST
 2DIAGNOSTIC,     1, -5.628681726964e-01, 1.797693134862e+308, 1.5413e+01, 3.0255e+00, 
 2DIAGNOSTIC,     2, -5.630470491629e-01, 1.797693134862e+308, 1.7365e+01, 1.9523e+00, 
 2DIAGNOSTIC,     3, -5.632070234703e-01, 1.797693134862e+308, 1.9115e+01, 1.7502e+00, 
 2DIAGNOSTIC,     4, -5.634968524279e-01, 1.797693134862e+308, 2.1129e+01, 2.0140e+00, 
 2DIAGNOSTIC,     5, -5.639064257428e-01, 1.797693134862e+308, 2.3800e+01, 2.6703e+00, 
 2DIAGNOSTIC,     6, -5.639066021707e-01, 1.797693134862e+308, 2.5771e+01, 1.9712e+00, 
 2DIAGNOSTIC,     7, -5.639105327544e-01, 1.797693134862e+308, 2.8490e+01, 2.7190e+00, 
 2DIAGNOSTIC,     8, -5.639124526033e-01, 1.797693134862e+308, 3.0556e+01, 2.0666e+00, 
 2DIAGNOSTIC,     9, -5.639119594527e-01, 1.797693134862e+308, 3.2909e+01, 2.3529e+00, 
 2DIAGNOSTIC,    10, -5.639114303543e-01, 1.286080302213e-04, 3.4992e+01, 2.0831e+00, 
 2DIAGNOSTIC,    11, -5.639112820241e-01, 8.423851037165e-05, 3.7189e+01, 2.1962e+00, 
 2DIAGNOSTIC,    12, -5.639110323179e-01, 4.771067981847e-05, 3.9172e+01, 1.9831e+00, 
 2DIAGNOSTIC,    13, -5.639108180820e-01, 1.880029191108e-05, 4.1167e+01, 1.9948e+00, 
 2DIAGNOSTIC,    14, -5.639101581428e-01, 2.529867176831e-06, 4.3140e+01, 1.9736e+00, 
 2DIAGNOSTIC,    15, -5.639100931561e-01, 2.173811479739e-06, 4.5424e+01, 2.2838e+00, 
 2DIAGNOSTIC,    16, -5.639100367294e-01, 1.858047778108e-06, 4.7631e+01, 2.2074e+00, 
 2DIAGNOSTIC,    17, -5.639099960458e-01, 1.704646376811e-06, 4.9838e+01, 2.2063e+00, 
 2DIAGNOSTIC,    18, -5.639098307207e-01, 1.633204847765e-06, 5.2379e+01, 2.5416e+00, 
 2DIAGNOSTIC,    19, -5.639099706062e-01, 1.573037384357e-06, 5.4450e+01, 2.0708e+00, 
 2DIAGNOSTIC,    20, -5.639097671210e-01, 1.509738322754e-06, 5.6441e+01, 1.9909e+00, 
 2DIAGNOSTIC,    21, -5.639095807214e-01, 1.451995992531e-06, 5.8528e+01, 2.0867e+00, 
 2DIAGNOSTIC,    22, -5.639096500230e-01, 1.401353488695e-06, 6.0477e+01, 1.9494e+00, 
 2DIAGNOSTIC,    23, -5.639096202023e-01, 1.354232763900e-06, 6.2643e+01, 2.1658e+00, 
 2DIAGNOSTIC,    24, -5.639094019135e-01, 1.295285600285e-06, 6.4588e+01, 1.9451e+00, 
 2DIAGNOSTIC,    25, -5.639096762799e-01, 1.248316208367e-06, 6.6462e+01, 1.8736e+00, 
 2DIAGNOSTIC,    26, -5.639097107311e-01, 1.206711302756e-06, 6.8323e+01, 1.8616e+00, 
 2DIAGNOSTIC,    27, -5.639095339415e-01, 1.165758125872e-06, 7.0134e+01, 1.8102e+00, 
 2DIAGNOSTIC,    28, -5.639094376224e-01, 1.124237693759e-06, 7.2315e+01, 2.1815e+00, 
 2DIAGNOSTIC,    29, -5.639094247420e-01, 1.089077350483e-06, 7.4399e+01, 2.0835e+00, 
 2DIAGNOSTIC,    30, -5.639094588335e-01, 1.054141107938e-06, 7.6534e+01, 2.1352e+00, 
 2DIAGNOSTIC,    31, -5.639091776917e-01, 1.014305181034e-06, 7.8571e+01, 2.0376e+00, 
  Elapsed time (stage 0): 7.9847e+01


Total elapsed time: 7.9849e+01
Info [verificarlo]: loaded backend libinterflop_vprec.so
