
##########################
# Experiment information #
##########################

EXPERIMENT_NAME: antsRegistration-r8-p17
VFC_BACKENDS: libinterflop_vprec.so --range-binary32=8 --precision-binary32=17 --range-binary64=8 --precision-binary64=17

SIF_IMG: /home/mdugre/projects/rrg-glatard/mdugre/containers/ants-vprec-no_metrics.simg

SUBJECT_ID: s035
INPUT_IMG: /home/mdugre/scratch/mri-registration-rp/datasets/ds004513/derivatives/mri-registration-rp/antsBrainExtraction/sub-s035/BrainExtractionBrain.nii.gz
OUTPUT_DIR: /home/mdugre/scratch/mri-registration-rp/datasets/ds004513/derivatives/mri-registration-rp/0001/antsRegistration-r8-p17/sub-s035

FIXED_IMG: /templateflow/tpl-MNI152NLin2009cAsym/tpl-MNI152NLin2009cAsym_res-01_desc-brain_T1w.nii.gz
DATA_DIR: /home/mdugre/scratch/mri-registration-rp/datasets/ds004513
TEMPLATEFLOW_DIR: /home/mdugre/projects/rrg-glatard/mdugre/templateflow
ITK_GLOBAL_DEFAULT_NUMBER_OF_THREADS: 16
##########################

Info [verificarlo]: loaded backend libinterflop_ieee.so
Info [interflop-ieee]: load backend with:
Info [interflop-ieee]: debug = false
Info [interflop-ieee]: debug-binary = false
Info [interflop-ieee]: no-backend-name = false
Info [interflop-ieee]: print-new-line = false
Info [interflop-ieee]: print-subnormal-normalized = false
Info [interflop-ieee]: count-op = false
All_Command_lines_OK
Using double precision for computations.
=============================================================================
The composite transform comprises the following transforms (in order): 
  1. Center of mass alignment using fixed image: /templateflow/tpl-MNI152NLin2009cAsym/tpl-MNI152NLin2009cAsym_res-01_desc-brain_T1w.nii.gz and moving image: /home/mdugre/scratch/mri-registration-rp/datasets/ds004513/derivatives/mri-registration-rp/antsBrainExtraction/sub-s035/BrainExtractionBrain.nii.gz (type = Euler3DTransform)
=============================================================================
  number of levels = 1
  fixed image: /templateflow/tpl-MNI152NLin2009cAsym/tpl-MNI152NLin2009cAsym_res-01_desc-brain_T1w.nii.gz
  moving image: /home/mdugre/scratch/mri-registration-rp/datasets/ds004513/derivatives/mri-registration-rp/antsBrainExtraction/sub-s035/BrainExtractionBrain.nii.gz
Dimension = 3
Number of stages = 1
Use histogram matching = false
Winsorize image intensities = true
  Lower quantile = 0.005
  Upper quantile = 0.995


Stage 1 State
   Image metric = MattesMI
     Fixed image = Image (0x475ce70)
  RTTI typeinfo:   itk::Image<double, 3u>
  Reference Count: 2
  Modified Time: 2330
  Debug: Off
  Object Name: 
  Observers: 
    none
  Source: (none)
  Source output name: (none)
  Release Data: Off
  Data Released: False
  Global Release Data: Off
  PipelineMTime: 0
  UpdateMTime: 1941
  RealTimeStamp: 0 seconds 
  LargestPossibleRegion: 
    Dimension: 3
    Index: [0, 0, 0]
    Size: [193, 229, 193]
  BufferedRegion: 
    Dimension: 3
    Index: [0, 0, 0]
    Size: [193, 229, 193]
  RequestedRegion: 
    Dimension: 3
    Index: [0, 0, 0]
    Size: [193, 229, 193]
  Spacing: [1, 1, 1]
  Origin: [96, 132, -78]
  Direction: 
-1 0 0
0 -1 0
0 0 1

  IndexToPointMatrix: 
-1 0 0
0 -1 0
0 0 1

  PointToIndexMatrix: 
-1 0 0
0 -1 0
0 0 1

  Inverse Direction: 
-1 0 0
0 -1 0
0 0 1

  PixelContainer: 
    ImportImageContainer (0x4765c60)
      RTTI typeinfo:   itk::ImportImageContainer<unsigned long, double>
      Reference Count: 1
      Modified Time: 1938
      Debug: Off
      Object Name: 
      Observers: 
        none
      Pointer: 0x148f87080010
      Container manages memory: true
      Size: 8530021
      Capacity: 8530021

     Moving image = Image (0x47f9ec0)
  RTTI typeinfo:   itk::Image<double, 3u>
  Reference Count: 2
  Modified Time: 2331
  Debug: Off
  Object Name: 
  Observers: 
    none
  Source: (none)
  Source output name: (none)
  Release Data: Off
  Data Released: False
  Global Release Data: Off
  PipelineMTime: 0
  UpdateMTime: 2328
  RealTimeStamp: 0 seconds 
  LargestPossibleRegion: 
    Dimension: 3
    Index: [0, 0, 0]
    Size: [160, 240, 256]
  BufferedRegion: 
    Dimension: 3
    Index: [0, 0, 0]
    Size: [160, 240, 256]
  RequestedRegion: 
    Dimension: 3
    Index: [0, 0, 0]
    Size: [160, 240, 256]
  Spacing: [1, 1, 1]
  Origin: [98.6438, 87.6358, -117.989]
  Direction: 
-0.993515 -0.100993 -0.0522355
0.100854 -0.994887 0.00530255
-0.0525039 1.93537e-08 0.998621

  IndexToPointMatrix: 
-0.993515 -0.100993 -0.0522355
0.100854 -0.994887 0.00530255
-0.0525039 1.93537e-08 0.998621

  PointToIndexMatrix: 
-0.993515 0.100854 -0.0525039
-0.100993 -0.994887 1.93006e-08
-0.0522355 0.00530255 0.998621

  Inverse Direction: 
-0.993515 0.100854 -0.0525039
-0.100993 -0.994887 1.93006e-08
-0.0522355 0.00530255 0.998621

  PixelContainer: 
    ImportImageContainer (0x4891610)
      RTTI typeinfo:   itk::ImportImageContainer<unsigned long, double>
      Reference Count: 1
      Modified Time: 2325
      Debug: Off
      Object Name: 
      Observers: 
        none
      Pointer: 0x148f8257f010
      Container manages memory: true
      Size: 9830400
      Capacity: 9830400

     Weighting = 1
     Sampling strategy = regular
     Number of bins = 32
     Radius = 4
     Sampling percentage  = 0.25
   Transform = Rigid
     Gradient step = 0.1
     Update field sigma (voxel space) = 0
     Total field sigma (voxel space) = 0
     Update field time sigma = 0
     Total field time sigma  = 0
     Number of time indices = 0
     Number of time point samples = 0
Registration using 1 total stages.

Stage 0
  iterations = 0
  convergence threshold = 1e-06
  convergence window size = 10
  number of levels = 1
  using the Mattes MI metric (number of bins = 32, weight = 1, use gradient filter = 0)
  preprocessing:  winsorizing the image intensities
  Shrink factors (level 1 out of 1): [1, 1, 1]
  smoothing sigmas per level: [0]
  regular sampling (percentage = 0.25)

*** Running Euler3DTransform registration ***

  Elapsed time (stage 0): 1.16


Total elapsed time: 1.16304
Info [verificarlo]: loaded backend libinterflop_ieee.so
Info [interflop-ieee]: load backend with:
Info [interflop-ieee]: debug = false
Info [interflop-ieee]: debug-binary = false
Info [interflop-ieee]: no-backend-name = false
Info [interflop-ieee]: print-new-line = false
Info [interflop-ieee]: print-subnormal-normalized = false
Info [interflop-ieee]: count-op = false
All_Command_lines_OK
Using double precision for computations.
=============================================================================
The composite transform comprises the following transforms (in order): 
  1. /home/mdugre/scratch/mri-registration-rp/datasets/ds004513/derivatives/mri-registration-rp/0001/antsRegistration-r8-p17/sub-s035/align_Composite.h5[0] (type = Euler3DTransform)
  2. /home/mdugre/scratch/mri-registration-rp/datasets/ds004513/derivatives/mri-registration-rp/0001/antsRegistration-r8-p17/sub-s035/align_Composite.h5[1] (type = Euler3DTransform)
=============================================================================
  number of levels = 4
  fixed image: /templateflow/tpl-MNI152NLin2009cAsym/tpl-MNI152NLin2009cAsym_res-01_desc-brain_T1w.nii.gz
  moving image: /home/mdugre/scratch/mri-registration-rp/datasets/ds004513/derivatives/mri-registration-rp/antsBrainExtraction/sub-s035/BrainExtractionBrain.nii.gz
Dimension = 3
Number of stages = 1
Use histogram matching = false
Winsorize image intensities = true
  Lower quantile = 0.005
  Upper quantile = 0.995


Stage 1 State
   Image metric = MattesMI
     Fixed image = Image (0x4ce0530)
  RTTI typeinfo:   itk::Image<double, 3u>
  Reference Count: 2
  Modified Time: 1578
  Debug: Off
  Object Name: 
  Observers: 
    none
  Source: (none)
  Source output name: (none)
  Release Data: Off
  Data Released: False
  Global Release Data: Off
  PipelineMTime: 0
  UpdateMTime: 1189
  RealTimeStamp: 0 seconds 
  LargestPossibleRegion: 
    Dimension: 3
    Index: [0, 0, 0]
    Size: [193, 229, 193]
  BufferedRegion: 
    Dimension: 3
    Index: [0, 0, 0]
    Size: [193, 229, 193]
  RequestedRegion: 
    Dimension: 3
    Index: [0, 0, 0]
    Size: [193, 229, 193]
  Spacing: [1, 1, 1]
  Origin: [96, 132, -78]
  Direction: 
-1 0 0
0 -1 0
0 0 1

  IndexToPointMatrix: 
-1 0 0
0 -1 0
0 0 1

  PointToIndexMatrix: 
-1 0 0
0 -1 0
0 0 1

  Inverse Direction: 
-1 0 0
0 -1 0
0 0 1

  PixelContainer: 
    ImportImageContainer (0x4d9ed60)
      RTTI typeinfo:   itk::ImportImageContainer<unsigned long, double>
      Reference Count: 1
      Modified Time: 1186
      Debug: Off
      Object Name: 
      Observers: 
        none
      Pointer: 0x14d537390010
      Container manages memory: true
      Size: 8530021
      Capacity: 8530021

     Moving image = Image (0x4d90f60)
  RTTI typeinfo:   itk::Image<double, 3u>
  Reference Count: 2
  Modified Time: 1579
  Debug: Off
  Object Name: 
  Observers: 
    none
  Source: (none)
  Source output name: (none)
  Release Data: Off
  Data Released: False
  Global Release Data: Off
  PipelineMTime: 0
  UpdateMTime: 1576
  RealTimeStamp: 0 seconds 
  LargestPossibleRegion: 
    Dimension: 3
    Index: [0, 0, 0]
    Size: [160, 240, 256]
  BufferedRegion: 
    Dimension: 3
    Index: [0, 0, 0]
    Size: [160, 240, 256]
  RequestedRegion: 
    Dimension: 3
    Index: [0, 0, 0]
    Size: [160, 240, 256]
  Spacing: [1, 1, 1]
  Origin: [98.6438, 87.6358, -117.989]
  Direction: 
-0.993515 -0.100993 -0.0522355
0.100854 -0.994887 0.00530255
-0.0525039 1.93537e-08 0.998621

  IndexToPointMatrix: 
-0.993515 -0.100993 -0.0522355
0.100854 -0.994887 0.00530255
-0.0525039 1.93537e-08 0.998621

  PointToIndexMatrix: 
-0.993515 0.100854 -0.0525039
-0.100993 -0.994887 1.93006e-08
-0.0522355 0.00530255 0.998621

  Inverse Direction: 
-0.993515 0.100854 -0.0525039
-0.100993 -0.994887 1.93006e-08
-0.0522355 0.00530255 0.998621

  PixelContainer: 
    ImportImageContainer (0x4d826d0)
      RTTI typeinfo:   itk::ImportImageContainer<unsigned long, double>
      Reference Count: 1
      Modified Time: 1573
      Debug: Off
      Object Name: 
      Observers: 
        none
      Pointer: 0x14d53288f010
      Container manages memory: true
      Size: 9830400
      Capacity: 9830400

     Weighting = 1
     Sampling strategy = regular
     Number of bins = 32
     Radius = 4
     Sampling percentage  = 0.25
   Transform = Rigid
     Gradient step = 0.1
     Update field sigma (voxel space) = 0
     Total field sigma (voxel space) = 0
     Update field time sigma = 0
     Total field time sigma  = 0
     Number of time indices = 0
     Number of time point samples = 0
Registration using 1 total stages.

Stage 0
  iterations = 1000x500x250x100
  convergence threshold = 1e-06
  convergence window size = 10
  number of levels = 4
  using the Mattes MI metric (number of bins = 32, weight = 1, use gradient filter = 0)
  preprocessing:  winsorizing the image intensities
  Shrink factors (level 1 out of 4): [8, 8, 8]
  Shrink factors (level 2 out of 4): [4, 4, 4]
  Shrink factors (level 3 out of 4): [2, 2, 2]
  Shrink factors (level 4 out of 4): [1, 1, 1]
  smoothing sigmas per level: [3, 2, 1, 0]
  regular sampling (percentage = 0.25)

*** Running Euler3DTransform registration ***

DIAGNOSTIC,Iteration,metricValue,convergenceValue,ITERATION_TIME_INDEX,SINCE_LAST
 2DIAGNOSTIC,     1, -5.238630234552e-01, 1.797693134862e+308, 7.8465e-01, 7.8465e-01, 
 2DIAGNOSTIC,     2, -5.257885820767e-01, 1.797693134862e+308, 7.8976e-01, 5.1131e-03, 
 2DIAGNOSTIC,     3, -5.278597554839e-01, 1.797693134862e+308, 7.9539e-01, 5.6279e-03, 
 2DIAGNOSTIC,     4, -5.302176117225e-01, 1.797693134862e+308, 8.0078e-01, 5.3899e-03, 
 2DIAGNOSTIC,     5, -5.343462816845e-01, 1.797693134862e+308, 8.0566e-01, 4.8790e-03, 
 2DIAGNOSTIC,     6, -5.399239396740e-01, 1.797693134862e+308, 8.1036e-01, 4.7061e-03, 
 2DIAGNOSTIC,     7, -5.490554822001e-01, 1.797693134862e+308, 8.1547e-01, 5.1110e-03, 
 2DIAGNOSTIC,     8, -5.545204224448e-01, 1.797693134862e+308, 8.2143e-01, 5.9619e-03, 
 2DIAGNOSTIC,     9, -5.601437715553e-01, 1.797693134862e+308, 8.2611e-01, 4.6749e-03, 
 2DIAGNOSTIC,    10, -5.617741193774e-01, 5.067640484485e-03, 8.3124e-01, 5.1281e-03, 
 2DIAGNOSTIC,    11, -5.649562249041e-01, 4.796539612083e-03, 8.3717e-01, 5.9352e-03, 
 2DIAGNOSTIC,    12, -5.658710903081e-01, 4.260783098155e-03, 8.4239e-01, 5.2121e-03, 
 2DIAGNOSTIC,    13, -5.662828333056e-01, 3.524744036645e-03, 8.4709e-01, 4.7050e-03, 
 2DIAGNOSTIC,    14, -5.685908474577e-01, 2.751340472953e-03, 8.5255e-01, 5.4591e-03, 
 2DIAGNOSTIC,    15, -5.732745043306e-01, 2.134644679428e-03, 8.5991e-01, 7.3609e-03, 
 2DIAGNOSTIC,    16, -5.738084427846e-01, 1.591333148337e-03, 8.6608e-01, 6.1650e-03, 
 2DIAGNOSTIC,    17, -5.739093703465e-01, 1.247363567740e-03, 8.7135e-01, 5.2781e-03, 
 2DIAGNOSTIC,    18, -5.745773598458e-01, 1.002163966316e-03, 8.7618e-01, 4.8280e-03, 
 2DIAGNOSTIC,    19, -5.752045522723e-01, 8.579763081925e-04, 8.8093e-01, 4.7510e-03, 
 2DIAGNOSTIC,    20, -5.755578777727e-01, 6.955845773873e-04, 8.8573e-01, 4.7932e-03, 
 2DIAGNOSTIC,    21, -5.761681227725e-01, 5.767135182702e-04, 8.9046e-01, 4.7340e-03, 
 2DIAGNOSTIC,    22, -5.775610178281e-01, 4.707067062536e-04, 8.9523e-01, 4.7750e-03, 
 2DIAGNOSTIC,    23, -5.801876522132e-01, 3.965856196802e-04, 9.0022e-01, 4.9870e-03, 
 2DIAGNOSTIC,    24, -5.873578871757e-01, 4.881452203843e-04, 9.0704e-01, 6.8169e-03, 
 2DIAGNOSTIC,    25, -5.924052233473e-01, 7.199711434934e-04, 9.1364e-01, 6.5989e-03, 
 2DIAGNOSTIC,    26, -5.933789722520e-01, 8.944842700004e-04, 9.1974e-01, 6.1069e-03, 
 2DIAGNOSTIC,    27, -5.948140362548e-01, 1.002036484419e-03, 9.2498e-01, 5.2340e-03, 
 2DIAGNOSTIC,    28, -5.954370004531e-01, 1.029952320855e-03, 9.2954e-01, 4.5662e-03, 
 2DIAGNOSTIC,    29, -5.955619965611e-01, 9.699000562873e-04, 9.3411e-01, 4.5700e-03, 
 2DIAGNOSTIC,    30, -5.960977142427e-01, 8.366692959880e-04, 9.3869e-01, 4.5772e-03, 
 2DIAGNOSTIC,    31, -5.971105016152e-01, 6.606986235515e-04, 9.4383e-01, 5.1420e-03, 
 2DIAGNOSTIC,    32, -5.989728413269e-01, 4.853112632083e-04, 9.5070e-01, 6.8619e-03, 
 2DIAGNOSTIC,    33, -5.996340171209e-01, 3.222359247700e-04, 9.5526e-01, 4.5660e-03, 
 2DIAGNOSTIC,    34, -5.997688324864e-01, 2.443793015188e-04, 9.5975e-01, 4.4870e-03, 
 2DIAGNOSTIC,    35, -5.999328162822e-01, 2.224308789692e-04, 9.6535e-01, 5.6050e-03, 
 2DIAGNOSTIC,    36, -6.001598298593e-01, 1.965988108994e-04, 9.6993e-01, 4.5760e-03, 
 2DIAGNOSTIC,    37, -6.004938013021e-01, 1.767006119975e-04, 9.7525e-01, 5.3251e-03, 
 2DIAGNOSTIC,    38, -6.008280010225e-01, 1.536048163550e-04, 9.8010e-01, 4.8490e-03, 
 2DIAGNOSTIC,    39, -6.038559363717e-01, 1.574331426205e-04, 9.8542e-01, 5.3151e-03, 
 2DIAGNOSTIC,    40, -6.077047302793e-01, 1.993081240161e-04, 9.9041e-01, 4.9882e-03, 
 2DIAGNOSTIC,    41, -6.174632736618e-01, 3.481387533619e-04, 9.9648e-01, 6.0771e-03, 
 2DIAGNOSTIC,    42, -6.161977891380e-01, 4.608907677714e-04, 1.0057e+00, 9.1932e-03, 
 2DIAGNOSTIC,    43, -6.161564563987e-01, 5.335371780470e-04, 1.0101e+00, 4.4301e-03, 
 2DIAGNOSTIC,    44, -6.170772256952e-01, 5.644821621781e-04, 1.0146e+00, 4.5140e-03, 
 2DIAGNOSTIC,    45, -6.185357302748e-01, 5.560476448369e-04, 1.0190e+00, 4.3921e-03, 
 2DIAGNOSTIC,    46, -6.206472620321e-01, 5.180559250129e-04, 1.0234e+00, 4.3919e-03, 
 2DIAGNOSTIC,    47, -6.234100433966e-01, 4.649605053031e-04, 1.0279e+00, 4.5018e-03, 
 2DIAGNOSTIC,    48, -6.282459769576e-01, 4.232184153415e-04, 1.0323e+00, 4.4060e-03, 
 2DIAGNOSTIC,    49, -6.332856917024e-01, 4.219353551887e-04, 1.0368e+00, 4.5161e-03, 
 2DIAGNOSTIC,    50, -6.437673293057e-01, 5.158699857393e-04, 1.0414e+00, 4.5719e-03, 
 2DIAGNOSTIC,    51, -6.567709932141e-01, 7.709770615052e-04, 1.0460e+00, 4.6349e-03, 
 2DIAGNOSTIC,    52, -6.630139280932e-01, 9.856114266312e-04, 1.0513e+00, 5.2459e-03, 
 2DIAGNOSTIC,    53, -6.637658019455e-01, 1.103854763544e-03, 1.0558e+00, 4.5269e-03, 
 2DIAGNOSTIC,    54, -6.646848069182e-01, 1.129224512309e-03, 1.0605e+00, 4.7109e-03, 
 2DIAGNOSTIC,    55, -6.699954722994e-01, 1.103370156109e-03, 1.0688e+00, 8.2548e-03, 
 2DIAGNOSTIC,    56, -6.720089910077e-01, 1.005089741415e-03, 1.0755e+00, 6.7070e-03, 
 2DIAGNOSTIC,    57, -6.720481639001e-01, 8.375237303666e-04, 1.0802e+00, 4.7231e-03, 
 2DIAGNOSTIC,    58, -6.725919504587e-01, 6.425663451091e-04, 1.0849e+00, 4.7259e-03, 
 2DIAGNOSTIC,    59, -6.729036352747e-01, 4.360793371107e-04, 1.0895e+00, 4.5531e-03, 
 2DIAGNOSTIC,    60, -6.731488717308e-01, 2.773041734534e-04, 1.0939e+00, 4.3838e-03, 
 2DIAGNOSTIC,    61, -6.734259055079e-01, 1.993309576558e-04, 1.0983e+00, 4.4270e-03, 
 2DIAGNOSTIC,    62, -6.739132087418e-01, 1.568960831403e-04, 1.1028e+00, 4.4711e-03, 
 2DIAGNOSTIC,    63, -6.762843152864e-01, 1.247264045420e-04, 1.1089e+00, 6.1610e-03, 
 2DIAGNOSTIC,    64, -6.766381533715e-01, 8.969369929203e-05, 1.1134e+00, 4.4520e-03, 
 2DIAGNOSTIC,    65, -6.771215156484e-01, 8.898285368621e-05, 1.1179e+00, 4.5049e-03, 
 2DIAGNOSTIC,    66, -6.778537153728e-01, 9.953414486691e-05, 1.1231e+00, 5.2171e-03, 
 2DIAGNOSTIC,    67, -6.792268250050e-01, 1.098307694647e-04, 1.1294e+00, 6.3281e-03, 
 2DIAGNOSTIC,    68, -6.807680815692e-01, 1.231389847049e-04, 1.1339e+00, 4.4641e-03, 
 2DIAGNOSTIC,    69, -6.815199506746e-01, 1.312163934104e-04, 1.1384e+00, 4.4630e-03, 
 2DIAGNOSTIC,    70, -6.818104648340e-01, 1.303109902757e-04, 1.1445e+00, 6.1820e-03, 
 2DIAGNOSTIC,    71, -6.820510173839e-01, 1.205023293047e-04, 1.1491e+00, 4.5261e-03, 
 2DIAGNOSTIC,    72, -6.822316903999e-01, 1.032401669198e-04, 1.1536e+00, 4.4940e-03, 
 2DIAGNOSTIC,    73, -6.825798756801e-01, 9.372197005983e-05, 1.1597e+00, 6.1641e-03, 
 2DIAGNOSTIC,    74, -6.826264000515e-01, 7.797275256743e-05, 1.1642e+00, 4.5018e-03, 
 2DIAGNOSTIC,    75, -6.826914607750e-01, 5.871109196202e-05, 1.1687e+00, 4.4611e-03, 
 2DIAGNOSTIC,    76, -6.828123369193e-01, 3.951677625767e-05, 1.1732e+00, 4.5428e-03, 
 2DIAGNOSTIC,    77, -6.832344972869e-01, 2.762840170411e-05, 1.1777e+00, 4.4811e-03, 
 2DIAGNOSTIC,    78, -6.838171660277e-01, 2.580807195459e-05, 1.1846e+00, 6.8791e-03, 
 2DIAGNOSTIC,    79, -6.837376230961e-01, 2.542027849835e-05, 1.1891e+00, 4.5052e-03, 
 2DIAGNOSTIC,    80, -6.837940852976e-01, 2.471284374653e-05, 1.1938e+00, 4.6670e-03, 
 2DIAGNOSTIC,    81, -6.839726378033e-01, 2.407013484723e-05, 1.1983e+00, 4.5321e-03, 
 2DIAGNOSTIC,    82, -6.841107628824e-01, 2.281018976385e-05, 1.2028e+00, 4.4651e-03, 
 2DIAGNOSTIC,    83, -6.851045922228e-01, 2.675708115859e-05, 1.2091e+00, 6.3090e-03, 
 2DIAGNOSTIC,    84, -6.858177426795e-01, 3.208740736174e-05, 1.2146e+00, 5.5289e-03, 
 2DIAGNOSTIC,    85, -6.861555641345e-01, 3.640294572160e-05, 1.2216e+00, 7.0319e-03, 
 2DIAGNOSTIC,    86, -6.861558582247e-01, 3.780101401394e-05, 1.2262e+00, 4.5350e-03, 
 2DIAGNOSTIC,    87, -6.861668757589e-01, 3.777704687421e-05, 1.2306e+00, 4.4088e-03, 
 2DIAGNOSTIC,    88, -6.861799269295e-01, 3.717440706321e-05, 1.2350e+00, 4.4510e-03, 
 2DIAGNOSTIC,    89, -6.861876160861e-01, 3.259302561027e-05, 1.2400e+00, 4.9489e-03, 
 2DIAGNOSTIC,    90, -6.861914327717e-01, 2.533808883737e-05, 1.2510e+00, 1.1078e-02, 
 2DIAGNOSTIC,    91, -6.861984207379e-01, 1.686237980685e-05, 1.2560e+00, 4.9181e-03, 
 2DIAGNOSTIC,    92, -6.862113183160e-01, 7.666050141360e-06, 1.2603e+00, 4.3311e-03, 
 2DIAGNOSTIC,    93, -6.862267110165e-01, 2.805827318276e-06, 1.2646e+00, 4.2720e-03, 
 2DIAGNOSTIC,    94, -6.862421176991e-01, 1.276935167506e-06, 1.2693e+00, 4.7169e-03, 
 2DIAGNOSTIC,    95, -6.863402538275e-01, 1.767131633542e-06, 1.2750e+00, 5.7480e-03, 
 2DIAGNOSTIC,    96, -6.863402172885e-01, 2.099677418993e-06, 1.2792e+00, 4.2121e-03, 
 2DIAGNOSTIC,    97, -6.863403485697e-01, 2.312593193913e-06, 1.2834e+00, 4.1392e-03, 
 2DIAGNOSTIC,    98, -6.863407934837e-01, 2.398940822684e-06, 1.2875e+00, 4.1430e-03, 
 2DIAGNOSTIC,    99, -6.863418450882e-01, 2.322809107122e-06, 1.2917e+00, 4.1800e-03, 
 2DIAGNOSTIC,   100, -6.863433014815e-01, 2.074166982993e-06, 1.3049e+00, 1.3153e-02, 
 2DIAGNOSTIC,   101, -6.863433013505e-01, 1.693169874702e-06, 1.3180e+00, 1.3168e-02, 
 2DIAGNOSTIC,   102, -6.863433013505e-01, 1.252212279434e-06, 1.3232e+00, 5.1219e-03, 
DIAGNOSTIC,Iteration,metricValue,convergenceValue,ITERATION_TIME_INDEX,SINCE_LAST
 2DIAGNOSTIC,     1, -5.583137682271e-01, 1.797693134862e+308, 2.0621e+00, 7.3898e-01, 
 2DIAGNOSTIC,     2, -5.587692383053e-01, 1.797693134862e+308, 2.0934e+00, 3.1280e-02, 
 2DIAGNOSTIC,     3, -5.591105088091e-01, 1.797693134862e+308, 2.1233e+00, 2.9854e-02, 
 2DIAGNOSTIC,     4, -5.599295881379e-01, 1.797693134862e+308, 2.1508e+00, 2.7527e-02, 
 2DIAGNOSTIC,     5, -5.608881412847e-01, 1.797693134862e+308, 2.1842e+00, 3.3419e-02, 
 2DIAGNOSTIC,     6, -5.613235366166e-01, 1.797693134862e+308, 2.2126e+00, 2.8371e-02, 
 2DIAGNOSTIC,     7, -5.624612995969e-01, 1.797693134862e+308, 2.2498e+00, 3.7220e-02, 
 2DIAGNOSTIC,     8, -5.631246362433e-01, 1.797693134862e+308, 2.2885e+00, 3.8686e-02, 
 2DIAGNOSTIC,     9, -5.632670300586e-01, 1.797693134862e+308, 2.3198e+00, 3.1310e-02, 
 2DIAGNOSTIC,    10, -5.639212891835e-01, 6.924986135737e-04, 2.3509e+00, 3.1060e-02, 
 2DIAGNOSTIC,    11, -5.654853456703e-01, 6.698257300439e-04, 2.3832e+00, 3.2369e-02, 
 2DIAGNOSTIC,    12, -5.659980058517e-01, 6.301794086896e-04, 2.4189e+00, 3.5657e-02, 
 2DIAGNOSTIC,    13, -5.660928555648e-01, 5.567658816498e-04, 2.4625e+00, 4.3641e-02, 
 2DIAGNOSTIC,    14, -5.660912685423e-01, 4.737363265205e-04, 2.5047e+00, 4.2158e-02, 
 2DIAGNOSTIC,    15, -5.661305801546e-01, 3.925574580823e-04, 2.5379e+00, 3.3210e-02, 
 2DIAGNOSTIC,    16, -5.661383967076e-01, 2.981172075343e-04, 2.5827e+00, 4.4832e-02, 
 2DIAGNOSTIC,    17, -5.661441889020e-01, 2.209127190833e-04, 2.6169e+00, 3.4194e-02, 
 2DIAGNOSTIC,    18, -5.661386973945e-01, 1.512803423362e-04, 2.6461e+00, 2.9194e-02, 
 2DIAGNOSTIC,    19, -5.661354596721e-01, 7.907788806230e-05, 2.6877e+00, 4.1609e-02, 
 2DIAGNOSTIC,    20, -5.661391647499e-01, 2.257810889286e-05, 2.7200e+00, 3.2307e-02, 
 2DIAGNOSTIC,    21, -5.661362916349e-01, 6.671645396500e-06, 2.7609e+00, 4.0916e-02, 
 2DIAGNOSTIC,    22, -5.661421747884e-01, 3.568974203033e-06, 2.8040e+00, 4.3082e-02, 
 2DIAGNOSTIC,    23, -5.661309368218e-01, 2.384183888531e-06, 2.8387e+00, 3.4689e-02, 
DIAGNOSTIC,Iteration,metricValue,convergenceValue,ITERATION_TIME_INDEX,SINCE_LAST
 2DIAGNOSTIC,     1, -5.040479791812e-01, 1.797693134862e+308, 3.8678e+00, 1.0291e+00, 
 2DIAGNOSTIC,     2, -5.041816598190e-01, 1.797693134862e+308, 4.1021e+00, 2.3427e-01, 
 2DIAGNOSTIC,     3, -5.042414786316e-01, 1.797693134862e+308, 4.3627e+00, 2.6056e-01, 
 2DIAGNOSTIC,     4, -5.042970795390e-01, 1.797693134862e+308, 4.5855e+00, 2.2279e-01, 
 2DIAGNOSTIC,     5, -5.043494845430e-01, 1.797693134862e+308, 4.8229e+00, 2.3749e-01, 
 2DIAGNOSTIC,     6, -5.044116001667e-01, 1.797693134862e+308, 5.0919e+00, 2.6900e-01, 
 2DIAGNOSTIC,     7, -5.044536852568e-01, 1.797693134862e+308, 5.5978e+00, 5.0583e-01, 
 2DIAGNOSTIC,     8, -5.044576260043e-01, 1.797693134862e+308, 5.9004e+00, 3.0263e-01, 
 2DIAGNOSTIC,     9, -5.044552775732e-01, 1.797693134862e+308, 6.1571e+00, 2.5675e-01, 
 2DIAGNOSTIC,    10, -5.044543581932e-01, 5.280301825356e-05, 6.4844e+00, 3.2726e-01, 
 2DIAGNOSTIC,    11, -5.044548676674e-01, 3.504832586787e-05, 6.8149e+00, 3.3052e-01, 
 2DIAGNOSTIC,    12, -5.044542033899e-01, 2.355959750780e-05, 7.1122e+00, 2.9730e-01, 
 2DIAGNOSTIC,    13, -5.044534418965e-01, 1.450408753320e-05, 7.3604e+00, 2.4822e-01, 
 2DIAGNOSTIC,    14, -5.044527955933e-01, 7.858579403275e-06, 7.6182e+00, 2.5777e-01, 
 2DIAGNOSTIC,    15, -5.044514087959e-01, 3.461202484234e-06, 7.8837e+00, 2.6544e-01, 
 2DIAGNOSTIC,    16, -5.044521977166e-01, 1.664448024852e-06, 8.1437e+00, 2.6002e-01, 
 2DIAGNOSTIC,    17, -5.044535026959e-01, 1.540701917303e-06, 8.4347e+00, 2.9101e-01, 
 2DIAGNOSTIC,    18, -5.044532972101e-01, 1.579189316980e-06, 8.7066e+00, 2.7187e-01, 
 2DIAGNOSTIC,    19, -5.044539011509e-01, 1.581561503941e-06, 8.9519e+00, 2.4538e-01, 
 2DIAGNOSTIC,    20, -5.044533376457e-01, 1.550246647948e-06, 9.1840e+00, 2.3207e-01, 
 2DIAGNOSTIC,    21, -5.044520668175e-01, 1.505425298962e-06, 9.4142e+00, 2.3023e-01, 
 2DIAGNOSTIC,    22, -5.044527369343e-01, 1.465884561201e-06, 9.7076e+00, 2.9337e-01, 
 2DIAGNOSTIC,    23, -5.044521965702e-01, 1.395234071819e-06, 9.9963e+00, 2.8868e-01, 
 2DIAGNOSTIC,    24, -5.044515064111e-01, 1.299517479438e-06, 1.0261e+01, 2.6423e-01, 
 2DIAGNOSTIC,    25, -5.044509793578e-01, 1.171352591700e-06, 1.0521e+01, 2.6016e-01, 
 2DIAGNOSTIC,    26, -5.044516619293e-01, 1.094210195451e-06, 1.0785e+01, 2.6384e-01, 
 2DIAGNOSTIC,    27, -5.044505422134e-01, 1.038049079694e-06, 1.1052e+01, 2.6737e-01, 
DIAGNOSTIC,Iteration,metricValue,convergenceValue,ITERATION_TIME_INDEX,SINCE_LAST
 2DIAGNOSTIC,     1, -4.671409495066e-01, 1.797693134862e+308, 1.3487e+01, 2.4350e+00, 
 2DIAGNOSTIC,     2, -4.672182108470e-01, 1.797693134862e+308, 1.4963e+01, 1.4766e+00, 
 2DIAGNOSTIC,     3, -4.672416922000e-01, 1.797693134862e+308, 1.7820e+01, 2.8567e+00, 
 2DIAGNOSTIC,     4, -4.672417983887e-01, 1.797693134862e+308, 1.9178e+01, 1.3580e+00, 
 2DIAGNOSTIC,     5, -4.672419133983e-01, 1.797693134862e+308, 2.0661e+01, 1.4828e+00, 
 2DIAGNOSTIC,     6, -4.672419154168e-01, 1.797693134862e+308, 2.2028e+01, 1.3671e+00, 
 2DIAGNOSTIC,     7, -4.672419939181e-01, 1.797693134862e+308, 2.4048e+01, 2.0200e+00, 
 2DIAGNOSTIC,     8, -4.672419230050e-01, 1.797693134862e+308, 2.5514e+01, 1.4656e+00, 
 2DIAGNOSTIC,     9, -4.672415633728e-01, 1.797693134862e+308, 2.7045e+01, 1.5313e+00, 
 2DIAGNOSTIC,    10, -4.672415115690e-01, 1.055441009447e-05, 2.8662e+01, 1.6172e+00, 
 2DIAGNOSTIC,    11, -4.672411563828e-01, 4.143857957134e-06, 3.0341e+01, 1.6790e+00, 
 2DIAGNOSTIC,    12, -4.672410748305e-01, 2.567936600584e-06, 3.1808e+01, 1.4668e+00, 
 2DIAGNOSTIC,    13, -4.672410965675e-01, 2.341595351896e-06, 3.3759e+01, 1.9513e+00, 
 2DIAGNOSTIC,    14, -4.672409993346e-01, 2.157424749377e-06, 3.5306e+01, 1.5465e+00, 
 2DIAGNOSTIC,    15, -4.672407966969e-01, 2.004936983102e-06, 3.6833e+01, 1.5271e+00, 
 2DIAGNOSTIC,    16, -4.672408013004e-01, 1.882472510414e-06, 3.8262e+01, 1.4293e+00, 
 2DIAGNOSTIC,    17, -4.672406026069e-01, 1.779677118702e-06, 3.9578e+01, 1.3154e+00, 
 2DIAGNOSTIC,    18, -4.672405123924e-01, 1.691537814229e-06, 4.0904e+01, 1.3266e+00, 
 2DIAGNOSTIC,    19, -4.672407409816e-01, 1.615446549690e-06, 4.2373e+01, 1.4690e+00, 
 2DIAGNOSTIC,    20, -4.672407675668e-01, 1.551734522105e-06, 4.3709e+01, 1.3360e+00, 
 2DIAGNOSTIC,    21, -4.672406012648e-01, 1.482684051653e-06, 4.5601e+01, 1.8920e+00, 
 2DIAGNOSTIC,    22, -4.672405075909e-01, 1.418266455076e-06, 4.7149e+01, 1.5478e+00, 
 2DIAGNOSTIC,    23, -4.672403128869e-01, 1.357541332382e-06, 4.8784e+01, 1.6348e+00, 
 2DIAGNOSTIC,    24, -4.672402176112e-01, 1.299407957824e-06, 5.0166e+01, 1.3824e+00, 
 2DIAGNOSTIC,    25, -4.672399177472e-01, 1.236000514035e-06, 5.1527e+01, 1.3606e+00, 
 2DIAGNOSTIC,    26, -4.672401393542e-01, 1.186553023537e-06, 5.3076e+01, 1.5489e+00, 
 2DIAGNOSTIC,    27, -4.672401559418e-01, 1.140080098286e-06, 5.4449e+01, 1.3729e+00, 
 2DIAGNOSTIC,    28, -4.672399777379e-01, 1.094520826701e-06, 5.5934e+01, 1.4857e+00, 
 2DIAGNOSTIC,    29, -4.672403191971e-01, 1.068154287936e-06, 5.7457e+01, 1.5228e+00, 
 2DIAGNOSTIC,    30, -4.672400518465e-01, 1.041248526977e-06, 5.9230e+01, 1.7734e+00, 
 2DIAGNOSTIC,    31, -4.672400675157e-01, 1.015027391527e-06, 6.0741e+01, 1.5101e+00, 
  Elapsed time (stage 0): 6.1549e+01


Total elapsed time: 6.1552e+01
Info [verificarlo]: loaded backend libinterflop_ieee.so
Info [interflop-ieee]: load backend with:
Info [interflop-ieee]: debug = false
Info [interflop-ieee]: debug-binary = false
Info [interflop-ieee]: no-backend-name = false
Info [interflop-ieee]: print-new-line = false
Info [interflop-ieee]: print-subnormal-normalized = false
Info [interflop-ieee]: count-op = false
All_Command_lines_OK
Using double precision for computations.
=============================================================================
The composite transform comprises the following transforms (in order): 
  1. /home/mdugre/scratch/mri-registration-rp/datasets/ds004513/derivatives/mri-registration-rp/0001/antsRegistration-r8-p17/sub-s035/rigid_Composite.h5[0] (type = Euler3DTransform)
  2. /home/mdugre/scratch/mri-registration-rp/datasets/ds004513/derivatives/mri-registration-rp/0001/antsRegistration-r8-p17/sub-s035/rigid_Composite.h5[1] (type = Euler3DTransform)
  3. /home/mdugre/scratch/mri-registration-rp/datasets/ds004513/derivatives/mri-registration-rp/0001/antsRegistration-r8-p17/sub-s035/rigid_Composite.h5[2] (type = Euler3DTransform)
=============================================================================
  number of levels = 4
  fixed image: /templateflow/tpl-MNI152NLin2009cAsym/tpl-MNI152NLin2009cAsym_res-01_desc-brain_T1w.nii.gz
  moving image: /home/mdugre/scratch/mri-registration-rp/datasets/ds004513/derivatives/mri-registration-rp/antsBrainExtraction/sub-s035/BrainExtractionBrain.nii.gz
Dimension = 3
Number of stages = 1
Use histogram matching = false
Winsorize image intensities = true
  Lower quantile = 0.005
  Upper quantile = 0.995


Stage 1 State
   Image metric = MattesMI
     Fixed image = Image (0x3bef7e0)
  RTTI typeinfo:   itk::Image<double, 3u>
  Reference Count: 2
  Modified Time: 1592
  Debug: Off
  Object Name: 
  Observers: 
    none
  Source: (none)
  Source output name: (none)
  Release Data: Off
  Data Released: False
  Global Release Data: Off
  PipelineMTime: 0
  UpdateMTime: 1203
  RealTimeStamp: 0 seconds 
  LargestPossibleRegion: 
    Dimension: 3
    Index: [0, 0, 0]
    Size: [193, 229, 193]
  BufferedRegion: 
    Dimension: 3
    Index: [0, 0, 0]
    Size: [193, 229, 193]
  RequestedRegion: 
    Dimension: 3
    Index: [0, 0, 0]
    Size: [193, 229, 193]
  Spacing: [1, 1, 1]
  Origin: [96, 132, -78]
  Direction: 
-1 0 0
0 -1 0
0 0 1

  IndexToPointMatrix: 
-1 0 0
0 -1 0
0 0 1

  PointToIndexMatrix: 
-1 0 0
0 -1 0
0 0 1

  Inverse Direction: 
-1 0 0
0 -1 0
0 0 1

  PixelContainer: 
    ImportImageContainer (0x3cafa20)
      RTTI typeinfo:   itk::ImportImageContainer<unsigned long, double>
      Reference Count: 1
      Modified Time: 1200
      Debug: Off
      Object Name: 
      Observers: 
        none
      Pointer: 0x14a1d6e99010
      Container manages memory: true
      Size: 8530021
      Capacity: 8530021

     Moving image = Image (0x3caad70)
  RTTI typeinfo:   itk::Image<double, 3u>
  Reference Count: 2
  Modified Time: 1593
  Debug: Off
  Object Name: 
  Observers: 
    none
  Source: (none)
  Source output name: (none)
  Release Data: Off
  Data Released: False
  Global Release Data: Off
  PipelineMTime: 0
  UpdateMTime: 1590
  RealTimeStamp: 0 seconds 
  LargestPossibleRegion: 
    Dimension: 3
    Index: [0, 0, 0]
    Size: [160, 240, 256]
  BufferedRegion: 
    Dimension: 3
    Index: [0, 0, 0]
    Size: [160, 240, 256]
  RequestedRegion: 
    Dimension: 3
    Index: [0, 0, 0]
    Size: [160, 240, 256]
  Spacing: [1, 1, 1]
  Origin: [98.6438, 87.6358, -117.989]
  Direction: 
-0.993515 -0.100993 -0.0522355
0.100854 -0.994887 0.00530255
-0.0525039 1.93537e-08 0.998621

  IndexToPointMatrix: 
-0.993515 -0.100993 -0.0522355
0.100854 -0.994887 0.00530255
-0.0525039 1.93537e-08 0.998621

  PointToIndexMatrix: 
-0.993515 0.100854 -0.0525039
-0.100993 -0.994887 1.93006e-08
-0.0522355 0.00530255 0.998621

  Inverse Direction: 
-0.993515 0.100854 -0.0525039
-0.100993 -0.994887 1.93006e-08
-0.0522355 0.00530255 0.998621

  PixelContainer: 
    ImportImageContainer (0x3c62c90)
      RTTI typeinfo:   itk::ImportImageContainer<unsigned long, double>
      Reference Count: 1
      Modified Time: 1587
      Debug: Off
      Object Name: 
      Observers: 
        none
      Pointer: 0x14a1d2398010
      Container manages memory: true
      Size: 9830400
      Capacity: 9830400

     Weighting = 1
     Sampling strategy = regular
     Number of bins = 32
     Radius = 4
     Sampling percentage  = 0.25
   Transform = Affine
     Gradient step = 0.1
     Update field sigma (voxel space) = 0
     Total field sigma (voxel space) = 0
     Update field time sigma = 0
     Total field time sigma  = 0
     Number of time indices = 0
     Number of time point samples = 0
Registration using 1 total stages.

Stage 0
  iterations = 1000x500x250x100
  convergence threshold = 1e-06
  convergence window size = 10
  number of levels = 4
  using the Mattes MI metric (number of bins = 32, weight = 1, use gradient filter = 0)
  preprocessing:  winsorizing the image intensities
  Shrink factors (level 1 out of 4): [8, 8, 8]
  Shrink factors (level 2 out of 4): [4, 4, 4]
  Shrink factors (level 3 out of 4): [2, 2, 2]
  Shrink factors (level 4 out of 4): [1, 1, 1]
  smoothing sigmas per level: [3, 2, 1, 0]
  regular sampling (percentage = 0.25)

*** Running AffineTransform registration ***

DIAGNOSTIC,Iteration,metricValue,convergenceValue,ITERATION_TIME_INDEX,SINCE_LAST
 2DIAGNOSTIC,     1, -6.785622874033e-01, 1.797693134862e+308, 6.7443e-01, 6.7443e-01, 
 2DIAGNOSTIC,     2, -6.809042024607e-01, 1.797693134862e+308, 6.7991e-01, 5.4798e-03, 
 2DIAGNOSTIC,     3, -6.849904687264e-01, 1.797693134862e+308, 6.8489e-01, 4.9870e-03, 
 2DIAGNOSTIC,     4, -6.929341513741e-01, 1.797693134862e+308, 6.8965e-01, 4.7581e-03, 
 2DIAGNOSTIC,     5, -7.019883696139e-01, 1.797693134862e+308, 6.9395e-01, 4.3020e-03, 
 2DIAGNOSTIC,     6, -7.142598973137e-01, 1.797693134862e+308, 6.9913e-01, 5.1801e-03, 
 2DIAGNOSTIC,     7, -7.326834243008e-01, 1.797693134862e+308, 7.0586e-01, 6.7279e-03, 
 2DIAGNOSTIC,     8, -7.362576174787e-01, 1.797693134862e+308, 7.1040e-01, 4.5369e-03, 
 2DIAGNOSTIC,     9, -7.394847007654e-01, 1.797693134862e+308, 7.1542e-01, 5.0240e-03, 
 2DIAGNOSTIC,    10, -7.429696852744e-01, 6.889918304157e-03, 7.2240e-01, 6.9799e-03, 
 2DIAGNOSTIC,    11, -7.453323639146e-01, 6.041850356297e-03, 7.2846e-01, 6.0570e-03, 
 2DIAGNOSTIC,    12, -7.465576902978e-01, 4.911452568641e-03, 7.3509e-01, 6.6350e-03, 
 2DIAGNOSTIC,    13, -7.468806482066e-01, 3.653603692448e-03, 7.3993e-01, 4.8389e-03, 
 2DIAGNOSTIC,    14, -7.474924365649e-01, 2.496357310275e-03, 7.4637e-01, 6.4418e-03, 
 2DIAGNOSTIC,    15, -7.475952170414e-01, 1.507897575016e-03, 7.5198e-01, 5.6081e-03, 
 2DIAGNOSTIC,    16, -7.475824109931e-01, 7.981304638195e-04, 7.5809e-01, 6.1100e-03, 
 2DIAGNOSTIC,    17, -7.473063168263e-01, 5.188348873993e-04, 7.6358e-01, 5.4872e-03, 
 2DIAGNOSTIC,    18, -7.473384597304e-01, 3.018069563472e-04, 7.6909e-01, 5.5110e-03, 
 2DIAGNOSTIC,    19, -7.472749788915e-01, 1.441056972249e-04, 7.7472e-01, 5.6300e-03, 
 2DIAGNOSTIC,    20, -7.472189154147e-01, 5.516884671901e-05, 7.7964e-01, 4.9160e-03, 
 2DIAGNOSTIC,    21, -7.471962493177e-01, 1.297444224123e-05, 7.8528e-01, 5.6460e-03, 
DIAGNOSTIC,Iteration,metricValue,convergenceValue,ITERATION_TIME_INDEX,SINCE_LAST
 2DIAGNOSTIC,     1, -6.101795540717e-01, 1.797693134862e+308, 1.5108e+00, 7.2551e-01, 
 2DIAGNOSTIC,     2, -6.105450610780e-01, 1.797693134862e+308, 1.5462e+00, 3.5406e-02, 
 2DIAGNOSTIC,     3, -6.110778229258e-01, 1.797693134862e+308, 1.5808e+00, 3.4640e-02, 
 2DIAGNOSTIC,     4, -6.114684049753e-01, 1.797693134862e+308, 1.6157e+00, 3.4825e-02, 
 2DIAGNOSTIC,     5, -6.120651191893e-01, 1.797693134862e+308, 1.6515e+00, 3.5881e-02, 
 2DIAGNOSTIC,     6, -6.121018453585e-01, 1.797693134862e+308, 1.6992e+00, 4.7668e-02, 
 2DIAGNOSTIC,     7, -6.121485949879e-01, 1.797693134862e+308, 1.7419e+00, 4.2719e-02, 
 2DIAGNOSTIC,     8, -6.121482380280e-01, 1.797693134862e+308, 1.7934e+00, 5.1441e-02, 
 2DIAGNOSTIC,     9, -6.121564282879e-01, 1.797693134862e+308, 1.8319e+00, 3.8551e-02, 
 2DIAGNOSTIC,    10, -6.121448014939e-01, 2.098826217261e-04, 1.8761e+00, 4.4197e-02, 
 2DIAGNOSTIC,    11, -6.121263599311e-01, 1.314375612679e-04, 1.9136e+00, 3.7503e-02, 
 2DIAGNOSTIC,    12, -6.121343775704e-01, 6.896545866895e-05, 1.9519e+00, 3.8238e-02, 
 2DIAGNOSTIC,    13, -6.121262187241e-01, 2.872064023965e-05, 1.9907e+00, 3.8798e-02, 
 2DIAGNOSTIC,    14, -6.121264801706e-01, 4.282363770827e-06, 2.0317e+00, 4.1058e-02, 
 2DIAGNOSTIC,    15, -6.121157463200e-01, 1.062084706738e-06, 2.0691e+00, 3.7383e-02, 
DIAGNOSTIC,Iteration,metricValue,convergenceValue,ITERATION_TIME_INDEX,SINCE_LAST
 2DIAGNOSTIC,     1, -5.352336685766e-01, 1.797693134862e+308, 3.1675e+00, 1.0984e+00, 
 2DIAGNOSTIC,     2, -5.355277917032e-01, 1.797693134862e+308, 3.4443e+00, 2.7682e-01, 
 2DIAGNOSTIC,     3, -5.357566042785e-01, 1.797693134862e+308, 3.7039e+00, 2.5966e-01, 
 2DIAGNOSTIC,     4, -5.359129680672e-01, 1.797693134862e+308, 4.1787e+00, 4.7471e-01, 
 2DIAGNOSTIC,     5, -5.359198974435e-01, 1.797693134862e+308, 4.4916e+00, 3.1291e-01, 
 2DIAGNOSTIC,     6, -5.359169860907e-01, 1.797693134862e+308, 4.8683e+00, 3.7672e-01, 
 2DIAGNOSTIC,     7, -5.359154146747e-01, 1.797693134862e+308, 5.2159e+00, 3.4761e-01, 
 2DIAGNOSTIC,     8, -5.359153465925e-01, 1.797693134862e+308, 5.5160e+00, 3.0008e-01, 
 2DIAGNOSTIC,     9, -5.359152363838e-01, 1.797693134862e+308, 5.8359e+00, 3.1994e-01, 
 2DIAGNOSTIC,    10, -5.359124922787e-01, 6.309083835711e-05, 6.1387e+00, 3.0274e-01, 
 2DIAGNOSTIC,    11, -5.359141492459e-01, 2.805136103680e-05, 6.4494e+00, 3.1076e-01, 
 2DIAGNOSTIC,    12, -5.359139426738e-01, 9.385195945982e-06, 6.7394e+00, 2.8997e-01, 
 2DIAGNOSTIC,    13, -5.359142562211e-01, 2.149993101594e-06, 7.0546e+00, 3.1525e-01, 
 2DIAGNOSTIC,    14, -5.359092102600e-01, 1.699744969538e-06, 7.3599e+00, 3.0526e-01, 
 2DIAGNOSTIC,    15, -5.359083441930e-01, 1.585021244838e-06, 7.6918e+00, 3.3187e-01, 
 2DIAGNOSTIC,    16, -5.359105723191e-01, 1.510958899595e-06, 7.9865e+00, 2.9468e-01, 
 2DIAGNOSTIC,    17, -5.359102154019e-01, 1.423021123548e-06, 8.3066e+00, 3.2012e-01, 
 2DIAGNOSTIC,    18, -5.359096686089e-01, 1.369177800276e-06, 8.6362e+00, 3.2960e-01, 
 2DIAGNOSTIC,    19, -5.359081276840e-01, 1.318242051872e-06, 8.9455e+00, 3.0928e-01, 
 2DIAGNOSTIC,    20, -5.359064262184e-01, 1.187920211435e-06, 9.2473e+00, 3.0182e-01, 
 2DIAGNOSTIC,    21, -5.359073717215e-01, 1.171126555392e-06, 9.5162e+00, 2.6897e-01, 
 2DIAGNOSTIC,    22, -5.359059853776e-01, 1.145774300611e-06, 9.8373e+00, 3.2110e-01, 
 2DIAGNOSTIC,    23, -5.359075850874e-01, 1.199687916377e-06, 1.0112e+01, 2.7417e-01, 
 2DIAGNOSTIC,    24, -5.359082881476e-01, 1.171067915681e-06, 1.0464e+01, 3.5281e-01, 
 2DIAGNOSTIC,    25, -5.359097525065e-01, 1.170456007706e-06, 1.0779e+01, 3.1491e-01, 
 2DIAGNOSTIC,    26, -5.359080560693e-01, 1.189660661920e-06, 1.1057e+01, 2.7744e-01, 
 2DIAGNOSTIC,    27, -5.359085880985e-01, 1.215268251427e-06, 1.1364e+01, 3.0752e-01, 
 2DIAGNOSTIC,    28, -5.359093997027e-01, 1.240624303678e-06, 1.1711e+01, 3.4638e-01, 
 2DIAGNOSTIC,    29, -5.359082283919e-01, 1.204209712169e-06, 1.2020e+01, 3.0978e-01, 
 2DIAGNOSTIC,    30, -5.359067662788e-01, 1.104389824660e-06, 1.2333e+01, 3.1249e-01, 
 2DIAGNOSTIC,    31, -5.359076543175e-01, 1.040483330550e-06, 1.2652e+01, 3.1912e-01, 
DIAGNOSTIC,Iteration,metricValue,convergenceValue,ITERATION_TIME_INDEX,SINCE_LAST
 2DIAGNOSTIC,     1, -4.920221700874e-01, 1.797693134862e+308, 1.5465e+01, 2.8131e+00, 
 2DIAGNOSTIC,     2, -4.921409696655e-01, 1.797693134862e+308, 1.7158e+01, 1.6926e+00, 
 2DIAGNOSTIC,     3, -4.922332793443e-01, 1.797693134862e+308, 1.8795e+01, 1.6378e+00, 
 2DIAGNOSTIC,     4, -4.922731709646e-01, 1.797693134862e+308, 2.1327e+01, 2.5313e+00, 
 2DIAGNOSTIC,     5, -4.922704667725e-01, 1.797693134862e+308, 2.3216e+01, 1.8889e+00, 
 2DIAGNOSTIC,     6, -4.922688532551e-01, 1.797693134862e+308, 2.5080e+01, 1.8645e+00, 
 2DIAGNOSTIC,     7, -4.922683094499e-01, 1.797693134862e+308, 2.7090e+01, 2.0098e+00, 
 2DIAGNOSTIC,     8, -4.922682776051e-01, 1.797693134862e+308, 2.9218e+01, 2.1280e+00, 
 2DIAGNOSTIC,     9, -4.922680669508e-01, 1.797693134862e+308, 3.1144e+01, 1.9264e+00, 
