
##########################
# Experiment information #
##########################

EXPERIMENT_NAME: antsRegistration-r8-p19
VFC_BACKENDS: libinterflop_vprec.so --range-binary32=8 --precision-binary32=19 --range-binary64=8 --precision-binary64=19

SIF_IMG: /home/mdugre/projects/rrg-glatard/mdugre/containers/ants-vprec-no_metrics.simg

SUBJECT_ID: s014
INPUT_IMG: /home/mdugre/scratch/mri-registration-rp/datasets/ds004513/derivatives/mri-registration-rp/antsBrainExtraction/sub-s014/BrainExtractionBrain.nii.gz
OUTPUT_DIR: /home/mdugre/scratch/mri-registration-rp/datasets/ds004513/derivatives/mri-registration-rp/0001/antsRegistration-r8-p19/sub-s014

FIXED_IMG: /templateflow/tpl-MNI152NLin2009cAsym/tpl-MNI152NLin2009cAsym_res-01_desc-brain_T1w.nii.gz
DATA_DIR: /home/mdugre/scratch/mri-registration-rp/datasets/ds004513
TEMPLATEFLOW_DIR: /home/mdugre/projects/rrg-glatard/mdugre/templateflow
ITK_GLOBAL_DEFAULT_NUMBER_OF_THREADS: 16
##########################

Info [verificarlo]: loaded backend libinterflop_ieee.so
Info [interflop-ieee]: load backend with:
Info [interflop-ieee]: debug = false
Info [interflop-ieee]: debug-binary = false
Info [interflop-ieee]: no-backend-name = false
Info [interflop-ieee]: print-new-line = false
Info [interflop-ieee]: print-subnormal-normalized = false
Info [interflop-ieee]: count-op = false
All_Command_lines_OK
Using double precision for computations.
=============================================================================
The composite transform comprises the following transforms (in order): 
  1. Center of mass alignment using fixed image: /templateflow/tpl-MNI152NLin2009cAsym/tpl-MNI152NLin2009cAsym_res-01_desc-brain_T1w.nii.gz and moving image: /home/mdugre/scratch/mri-registration-rp/datasets/ds004513/derivatives/mri-registration-rp/antsBrainExtraction/sub-s014/BrainExtractionBrain.nii.gz (type = Euler3DTransform)
=============================================================================
  number of levels = 1
  fixed image: /templateflow/tpl-MNI152NLin2009cAsym/tpl-MNI152NLin2009cAsym_res-01_desc-brain_T1w.nii.gz
  moving image: /home/mdugre/scratch/mri-registration-rp/datasets/ds004513/derivatives/mri-registration-rp/antsBrainExtraction/sub-s014/BrainExtractionBrain.nii.gz
Dimension = 3
Number of stages = 1
Use histogram matching = false
Winsorize image intensities = true
  Lower quantile = 0.005
  Upper quantile = 0.995


Stage 1 State
   Image metric = MattesMI
     Fixed image = Image (0x3fefe70)
  RTTI typeinfo:   itk::Image<double, 3u>
  Reference Count: 2
  Modified Time: 2334
  Debug: Off
  Object Name: 
  Observers: 
    none
  Source: (none)
  Source output name: (none)
  Release Data: Off
  Data Released: False
  Global Release Data: Off
  PipelineMTime: 0
  UpdateMTime: 1943
  RealTimeStamp: 0 seconds 
  LargestPossibleRegion: 
    Dimension: 3
    Index: [0, 0, 0]
    Size: [193, 229, 193]
  BufferedRegion: 
    Dimension: 3
    Index: [0, 0, 0]
    Size: [193, 229, 193]
  RequestedRegion: 
    Dimension: 3
    Index: [0, 0, 0]
    Size: [193, 229, 193]
  Spacing: [1, 1, 1]
  Origin: [96, 132, -78]
  Direction: 
-1 0 0
0 -1 0
0 0 1

  IndexToPointMatrix: 
-1 0 0
0 -1 0
0 0 1

  PointToIndexMatrix: 
-1 0 0
0 -1 0
0 0 1

  Inverse Direction: 
-1 0 0
0 -1 0
0 0 1

  PixelContainer: 
    ImportImageContainer (0x3ffc140)
      RTTI typeinfo:   itk::ImportImageContainer<unsigned long, double>
      Reference Count: 1
      Modified Time: 1940
      Debug: Off
      Object Name: 
      Observers: 
        none
      Pointer: 0x1458d2e5e010
      Container manages memory: true
      Size: 8530021
      Capacity: 8530021

     Moving image = Image (0x3ff9310)
  RTTI typeinfo:   itk::Image<double, 3u>
  Reference Count: 2
  Modified Time: 2335
  Debug: Off
  Object Name: 
  Observers: 
    none
  Source: (none)
  Source output name: (none)
  Release Data: Off
  Data Released: False
  Global Release Data: Off
  PipelineMTime: 0
  UpdateMTime: 2332
  RealTimeStamp: 0 seconds 
  LargestPossibleRegion: 
    Dimension: 3
    Index: [0, 0, 0]
    Size: [160, 240, 256]
  BufferedRegion: 
    Dimension: 3
    Index: [0, 0, 0]
    Size: [160, 240, 256]
  RequestedRegion: 
    Dimension: 3
    Index: [0, 0, 0]
    Size: [160, 240, 256]
  Spacing: [0.999999, 1, 1]
  Origin: [84.1637, 106.709, -120.531]
  Direction: 
-0.999619 -0.0226874 -0.0157033
0.0226846 -0.999743 0.00035635
-0.0157073 -7.8229e-09 0.999877

  IndexToPointMatrix: 
-0.999619 -0.0226874 -0.0157033
0.0226845 -0.999743 0.00035635
-0.0157073 -7.8229e-09 0.999877

  PointToIndexMatrix: 
-0.99962 0.0226846 -0.0157073
-0.0226874 -0.999743 -7.83127e-09
-0.0157033 0.00035635 0.999877

  Inverse Direction: 
-0.999619 0.0226846 -0.0157073
-0.0226874 -0.999743 -7.83127e-09
-0.0157033 0.00035635 0.999877

  PixelContainer: 
    ImportImageContainer (0x4124610)
      RTTI typeinfo:   itk::ImportImageContainer<unsigned long, double>
      Reference Count: 1
      Modified Time: 2329
      Debug: Off
      Object Name: 
      Observers: 
        none
      Pointer: 0x1458ce35d010
      Container manages memory: true
      Size: 9830400
      Capacity: 9830400

     Weighting = 1
     Sampling strategy = regular
     Number of bins = 32
     Radius = 4
     Sampling percentage  = 0.25
   Transform = Rigid
     Gradient step = 0.1
     Update field sigma (voxel space) = 0
     Total field sigma (voxel space) = 0
     Update field time sigma = 0
     Total field time sigma  = 0
     Number of time indices = 0
     Number of time point samples = 0
Registration using 1 total stages.

Stage 0
  iterations = 0
  convergence threshold = 1e-06
  convergence window size = 10
  number of levels = 1
  using the Mattes MI metric (number of bins = 32, weight = 1, use gradient filter = 0)
  preprocessing:  winsorizing the image intensities
  Shrink factors (level 1 out of 1): [1, 1, 1]
  smoothing sigmas per level: [0]
  regular sampling (percentage = 0.25)

*** Running Euler3DTransform registration ***

  Elapsed time (stage 0): 1.18825


Total elapsed time: 1.19737
Info [verificarlo]: loaded backend libinterflop_ieee.so
Info [interflop-ieee]: load backend with:
Info [interflop-ieee]: debug = false
Info [interflop-ieee]: debug-binary = false
Info [interflop-ieee]: no-backend-name = false
Info [interflop-ieee]: print-new-line = false
Info [interflop-ieee]: print-subnormal-normalized = false
Info [interflop-ieee]: count-op = false
All_Command_lines_OK
Using double precision for computations.
=============================================================================
The composite transform comprises the following transforms (in order): 
  1. /home/mdugre/scratch/mri-registration-rp/datasets/ds004513/derivatives/mri-registration-rp/0001/antsRegistration-r8-p19/sub-s014/align_Composite.h5[0] (type = Euler3DTransform)
  2. /home/mdugre/scratch/mri-registration-rp/datasets/ds004513/derivatives/mri-registration-rp/0001/antsRegistration-r8-p19/sub-s014/align_Composite.h5[1] (type = Euler3DTransform)
=============================================================================
  number of levels = 4
  fixed image: /templateflow/tpl-MNI152NLin2009cAsym/tpl-MNI152NLin2009cAsym_res-01_desc-brain_T1w.nii.gz
  moving image: /home/mdugre/scratch/mri-registration-rp/datasets/ds004513/derivatives/mri-registration-rp/antsBrainExtraction/sub-s014/BrainExtractionBrain.nii.gz
Dimension = 3
Number of stages = 1
Use histogram matching = false
Winsorize image intensities = true
  Lower quantile = 0.005
  Upper quantile = 0.995


Stage 1 State
   Image metric = MattesMI
     Fixed image = Image (0x4d45530)
  RTTI typeinfo:   itk::Image<double, 3u>
  Reference Count: 2
  Modified Time: 1580
  Debug: Off
  Object Name: 
  Observers: 
    none
  Source: (none)
  Source output name: (none)
  Release Data: Off
  Data Released: False
  Global Release Data: Off
  PipelineMTime: 0
  UpdateMTime: 1189
  RealTimeStamp: 0 seconds 
  LargestPossibleRegion: 
    Dimension: 3
    Index: [0, 0, 0]
    Size: [193, 229, 193]
  BufferedRegion: 
    Dimension: 3
    Index: [0, 0, 0]
    Size: [193, 229, 193]
  RequestedRegion: 
    Dimension: 3
    Index: [0, 0, 0]
    Size: [193, 229, 193]
  Spacing: [1, 1, 1]
  Origin: [96, 132, -78]
  Direction: 
-1 0 0
0 -1 0
0 0 1

  IndexToPointMatrix: 
-1 0 0
0 -1 0
0 0 1

  PointToIndexMatrix: 
-1 0 0
0 -1 0
0 0 1

  Inverse Direction: 
-1 0 0
0 -1 0
0 0 1

  PixelContainer: 
    ImportImageContainer (0x4e03d60)
      RTTI typeinfo:   itk::ImportImageContainer<unsigned long, double>
      Reference Count: 1
      Modified Time: 1186
      Debug: Off
      Object Name: 
      Observers: 
        none
      Pointer: 0x153fa2fca010
      Container manages memory: true
      Size: 8530021
      Capacity: 8530021

     Moving image = Image (0x4df5f60)
  RTTI typeinfo:   itk::Image<double, 3u>
  Reference Count: 2
  Modified Time: 1581
  Debug: Off
  Object Name: 
  Observers: 
    none
  Source: (none)
  Source output name: (none)
  Release Data: Off
  Data Released: False
  Global Release Data: Off
  PipelineMTime: 0
  UpdateMTime: 1578
  RealTimeStamp: 0 seconds 
  LargestPossibleRegion: 
    Dimension: 3
    Index: [0, 0, 0]
    Size: [160, 240, 256]
  BufferedRegion: 
    Dimension: 3
    Index: [0, 0, 0]
    Size: [160, 240, 256]
  RequestedRegion: 
    Dimension: 3
    Index: [0, 0, 0]
    Size: [160, 240, 256]
  Spacing: [0.999999, 1, 1]
  Origin: [84.1637, 106.709, -120.531]
  Direction: 
-0.999619 -0.0226874 -0.0157033
0.0226846 -0.999743 0.00035635
-0.0157073 -7.8229e-09 0.999877

  IndexToPointMatrix: 
-0.999619 -0.0226874 -0.0157033
0.0226845 -0.999743 0.00035635
-0.0157073 -7.8229e-09 0.999877

  PointToIndexMatrix: 
-0.99962 0.0226846 -0.0157073
-0.0226874 -0.999743 -7.83127e-09
-0.0157033 0.00035635 0.999877

  Inverse Direction: 
-0.999619 0.0226846 -0.0157073
-0.0226874 -0.999743 -7.83127e-09
-0.0157033 0.00035635 0.999877

  PixelContainer: 
    ImportImageContainer (0x4de76d0)
      RTTI typeinfo:   itk::ImportImageContainer<unsigned long, double>
      Reference Count: 1
      Modified Time: 1575
      Debug: Off
      Object Name: 
      Observers: 
        none
      Pointer: 0x153f9e4c9010
      Container manages memory: true
      Size: 9830400
      Capacity: 9830400

     Weighting = 1
     Sampling strategy = regular
     Number of bins = 32
     Radius = 4
     Sampling percentage  = 0.25
   Transform = Rigid
     Gradient step = 0.1
     Update field sigma (voxel space) = 0
     Total field sigma (voxel space) = 0
     Update field time sigma = 0
     Total field time sigma  = 0
     Number of time indices = 0
     Number of time point samples = 0
Registration using 1 total stages.

Stage 0
  iterations = 1000x500x250x100
  convergence threshold = 1e-06
  convergence window size = 10
  number of levels = 4
  using the Mattes MI metric (number of bins = 32, weight = 1, use gradient filter = 0)
  preprocessing:  winsorizing the image intensities
  Shrink factors (level 1 out of 4): [8, 8, 8]
  Shrink factors (level 2 out of 4): [4, 4, 4]
  Shrink factors (level 3 out of 4): [2, 2, 2]
  Shrink factors (level 4 out of 4): [1, 1, 1]
  smoothing sigmas per level: [3, 2, 1, 0]
  regular sampling (percentage = 0.25)

*** Running Euler3DTransform registration ***

DIAGNOSTIC,Iteration,metricValue,convergenceValue,ITERATION_TIME_INDEX,SINCE_LAST
 2DIAGNOSTIC,     1, -4.770821406565e-01, 1.797693134862e+308, 8.6875e-01, 8.6875e-01, 
 2DIAGNOSTIC,     2, -4.784216133942e-01, 1.797693134862e+308, 8.7355e-01, 4.8051e-03, 
 2DIAGNOSTIC,     3, -4.807043200681e-01, 1.797693134862e+308, 8.7882e-01, 5.2691e-03, 
 2DIAGNOSTIC,     4, -4.840264478065e-01, 1.797693134862e+308, 8.8355e-01, 4.7319e-03, 
 2DIAGNOSTIC,     5, -4.883050305770e-01, 1.797693134862e+308, 8.8861e-01, 5.0569e-03, 
 2DIAGNOSTIC,     6, -4.953560426371e-01, 1.797693134862e+308, 8.9435e-01, 5.7390e-03, 
 2DIAGNOSTIC,     7, -5.007350570384e-01, 1.797693134862e+308, 8.9907e-01, 4.7200e-03, 
 2DIAGNOSTIC,     8, -5.013278569503e-01, 1.797693134862e+308, 9.0402e-01, 4.9520e-03, 
 2DIAGNOSTIC,     9, -5.085255256006e-01, 1.797693134862e+308, 9.1029e-01, 6.2649e-03, 
 2DIAGNOSTIC,    10, -5.161992633656e-01, 5.125196520979e-03, 9.1790e-01, 7.6139e-03, 
 2DIAGNOSTIC,    11, -5.167072941437e-01, 4.879252931146e-03, 9.2360e-01, 5.7039e-03, 
 2DIAGNOSTIC,    12, -5.203629876260e-01, 4.481282734468e-03, 9.2935e-01, 5.7480e-03, 
 2DIAGNOSTIC,    13, -5.229718709777e-01, 3.958672533579e-03, 9.3473e-01, 5.3742e-03, 
 2DIAGNOSTIC,    14, -5.250338110830e-01, 3.368007801724e-03, 9.4071e-01, 5.9800e-03, 
 2DIAGNOSTIC,    15, -5.272078697648e-01, 2.786121483395e-03, 9.4836e-01, 7.6530e-03, 
 2DIAGNOSTIC,    16, -5.275715603978e-01, 2.284098302170e-03, 9.5363e-01, 5.2700e-03, 
 2DIAGNOSTIC,    17, -5.282507656512e-01, 1.839921123748e-03, 9.5956e-01, 5.9299e-03, 
 2DIAGNOSTIC,    18, -5.289722876066e-01, 1.313912041903e-03, 9.6505e-01, 5.4910e-03, 
 2DIAGNOSTIC,    19, -5.292207410111e-01, 9.370568707383e-04, 9.7109e-01, 6.0432e-03, 
 2DIAGNOSTIC,    20, -5.294476960672e-01, 7.341365573351e-04, 9.7738e-01, 6.2871e-03, 
 2DIAGNOSTIC,    21, -5.294955840903e-01, 4.966190831858e-04, 9.8228e-01, 4.9040e-03, 
 2DIAGNOSTIC,    22, -5.295366245031e-01, 3.281311959297e-04, 9.8765e-01, 5.3611e-03, 
 2DIAGNOSTIC,    23, -5.295376311909e-01, 2.063244245617e-04, 9.9328e-01, 5.6379e-03, 
 2DIAGNOSTIC,    24, -5.295911249027e-01, 1.234508389502e-04, 9.9960e-01, 6.3131e-03, 
 2DIAGNOSTIC,    25, -5.296271130649e-01, 8.499150549855e-05, 1.0050e+00, 5.3961e-03, 
 2DIAGNOSTIC,    26, -5.296539599384e-01, 4.983583932688e-05, 1.0102e+00, 5.2509e-03, 
 2DIAGNOSTIC,    27, -5.297704229809e-01, 2.877322815949e-05, 1.0152e+00, 4.9889e-03, 
 2DIAGNOSTIC,    28, -5.299884954866e-01, 2.504887532139e-05, 1.0228e+00, 7.5970e-03, 
 2DIAGNOSTIC,    29, -5.300854192462e-01, 2.569611952626e-05, 1.0285e+00, 5.6589e-03, 
 2DIAGNOSTIC,    30, -5.300410324622e-01, 2.732899344684e-05, 1.0334e+00, 4.8630e-03, 
 2DIAGNOSTIC,    31, -5.300376932142e-01, 2.724560548728e-05, 1.0382e+00, 4.8370e-03, 
 2DIAGNOSTIC,    32, -5.301686264233e-01, 2.763232919312e-05, 1.0430e+00, 4.7741e-03, 
 2DIAGNOSTIC,    33, -5.303926738420e-01, 2.905769097007e-05, 1.0495e+00, 6.5792e-03, 
 2DIAGNOSTIC,    34, -5.304519664600e-01, 2.945835348661e-05, 1.0560e+00, 6.4821e-03, 
 2DIAGNOSTIC,    35, -5.305073139183e-01, 2.868169329173e-05, 1.0613e+00, 5.2681e-03, 
 2DIAGNOSTIC,    36, -5.305686017147e-01, 2.670517373931e-05, 1.0663e+00, 4.9849e-03, 
 2DIAGNOSTIC,    37, -5.306602858942e-01, 2.533264913005e-05, 1.0733e+00, 7.0529e-03, 
 2DIAGNOSTIC,    38, -5.306881156230e-01, 2.512162425112e-05, 1.0788e+00, 5.4901e-03, 
 2DIAGNOSTIC,    39, -5.307317416635e-01, 2.461885298740e-05, 1.0837e+00, 4.8950e-03, 
 2DIAGNOSTIC,    40, -5.308225091354e-01, 2.257034276361e-05, 1.0903e+00, 6.5398e-03, 
 2DIAGNOSTIC,    41, -5.308460424125e-01, 1.877385526095e-05, 1.0951e+00, 4.8561e-03, 
 2DIAGNOSTIC,    42, -5.308561837321e-01, 1.520831957312e-05, 1.1007e+00, 5.5540e-03, 
 2DIAGNOSTIC,    43, -5.308777649273e-01, 1.355835177234e-05, 1.1062e+00, 5.5301e-03, 
 2DIAGNOSTIC,    44, -5.309114036110e-01, 1.190613944378e-05, 1.1114e+00, 5.1661e-03, 
 2DIAGNOSTIC,    45, -5.310262965518e-01, 1.129423566610e-05, 1.1200e+00, 8.6181e-03, 
 2DIAGNOSTIC,    46, -5.310374074445e-01, 1.049838942001e-05, 1.1249e+00, 4.9419e-03, 
 2DIAGNOSTIC,    47, -5.310434720121e-01, 9.962263450181e-06, 1.1303e+00, 5.3310e-03, 
 2DIAGNOSTIC,    48, -5.310518853633e-01, 8.989886106755e-06, 1.1360e+00, 5.7251e-03, 
 2DIAGNOSTIC,    49, -5.310584329536e-01, 7.783359501485e-06, 1.1422e+00, 6.2330e-03, 
 2DIAGNOSTIC,    50, -5.310645817646e-01, 6.973833583883e-06, 1.1493e+00, 7.0970e-03, 
 2DIAGNOSTIC,    51, -5.310656430618e-01, 5.851695600453e-06, 1.1544e+00, 5.1289e-03, 
 2DIAGNOSTIC,    52, -5.310738190002e-01, 4.481863509952e-06, 1.1600e+00, 5.5599e-03, 
 2DIAGNOSTIC,    53, -5.310768127969e-01, 3.049471521521e-06, 1.1648e+00, 4.8249e-03, 
 2DIAGNOSTIC,    54, -5.310775506016e-01, 1.750844720202e-06, 1.1700e+00, 5.2230e-03, 
 2DIAGNOSTIC,    55, -5.310817434211e-01, 1.565716413167e-06, 1.1753e+00, 5.2810e-03, 
 2DIAGNOSTIC,    56, -5.310870994121e-01, 1.452195857492e-06, 1.1815e+00, 6.1440e-03, 
 2DIAGNOSTIC,    57, -5.310885232962e-01, 1.327089154835e-06, 1.1873e+00, 5.8429e-03, 
 2DIAGNOSTIC,    58, -5.310914487850e-01, 1.238639651135e-06, 1.1934e+00, 6.0899e-03, 
 2DIAGNOSTIC,    59, -5.311015678587e-01, 1.240623596677e-06, 1.1998e+00, 6.4120e-03, 
 2DIAGNOSTIC,    60, -5.311021904297e-01, 1.235244579022e-06, 1.2061e+00, 6.2821e-03, 
 2DIAGNOSTIC,    61, -5.311059901820e-01, 1.204917779149e-06, 1.2220e+00, 1.5917e-02, 
 2DIAGNOSTIC,    62, -5.311059901659e-01, 1.182103197363e-06, 1.2381e+00, 1.6059e-02, 
 2DIAGNOSTIC,    63, -5.311059901659e-01, 1.122797857644e-06, 1.2454e+00, 7.2792e-03, 
 2DIAGNOSTIC,    64, -5.311059901659e-01, 1.011506956246e-06, 1.2511e+00, 5.7490e-03, 
DIAGNOSTIC,Iteration,metricValue,convergenceValue,ITERATION_TIME_INDEX,SINCE_LAST
 2DIAGNOSTIC,     1, -4.295258231625e-01, 1.797693134862e+308, 2.1922e+00, 9.4112e-01, 
 2DIAGNOSTIC,     2, -4.302859640432e-01, 1.797693134862e+308, 2.2404e+00, 4.8159e-02, 
 2DIAGNOSTIC,     3, -4.309651196675e-01, 1.797693134862e+308, 2.2780e+00, 3.7651e-02, 
 2DIAGNOSTIC,     4, -4.317164347764e-01, 1.797693134862e+308, 2.3171e+00, 3.9056e-02, 
 2DIAGNOSTIC,     5, -4.325561938345e-01, 1.797693134862e+308, 2.3512e+00, 3.4069e-02, 
 2DIAGNOSTIC,     6, -4.341819580779e-01, 1.797693134862e+308, 2.3879e+00, 3.6710e-02, 
 2DIAGNOSTIC,     7, -4.354327949460e-01, 1.797693134862e+308, 2.4216e+00, 3.3783e-02, 
 2DIAGNOSTIC,     8, -4.367134834400e-01, 1.797693134862e+308, 2.4597e+00, 3.8095e-02, 
 2DIAGNOSTIC,     9, -4.377076816053e-01, 1.797693134862e+308, 2.5075e+00, 4.7764e-02, 
 2DIAGNOSTIC,    10, -4.379510214291e-01, 1.375954781892e-03, 2.5445e+00, 3.6976e-02, 
 2DIAGNOSTIC,    11, -4.381306699704e-01, 1.211218579656e-03, 2.5796e+00, 3.5084e-02, 
 2DIAGNOSTIC,    12, -4.403708091237e-01, 1.128184042346e-03, 2.6188e+00, 3.9255e-02, 
 2DIAGNOSTIC,    13, -4.435986505842e-01, 1.148562288486e-03, 2.6660e+00, 4.7184e-02, 
 2DIAGNOSTIC,    14, -4.436199448041e-01, 1.094787362180e-03, 2.7008e+00, 3.4808e-02, 
 2DIAGNOSTIC,    15, -4.445052015977e-01, 1.025845786897e-03, 2.7413e+00, 4.0458e-02, 
 2DIAGNOSTIC,    16, -4.479362667088e-01, 1.077370586452e-03, 2.7916e+00, 5.0304e-02, 
 2DIAGNOSTIC,    17, -4.481475950934e-01, 1.073587586518e-03, 2.8290e+00, 3.7463e-02, 
 2DIAGNOSTIC,    18, -4.482020490293e-01, 1.018146300404e-03, 2.8698e+00, 4.0753e-02, 
 2DIAGNOSTIC,    19, -4.481966708565e-01, 9.107728217228e-04, 2.9360e+00, 6.6176e-02, 
 2DIAGNOSTIC,    20, -4.481953335787e-01, 7.394369048380e-04, 2.9688e+00, 3.2838e-02, 
 2DIAGNOSTIC,    21, -4.481954334224e-01, 5.189437707688e-04, 3.0123e+00, 4.3497e-02, 
 2DIAGNOSTIC,    22, -4.482018533912e-01, 3.337448833401e-04, 3.0525e+00, 4.0241e-02, 
 2DIAGNOSTIC,    23, -4.481921491796e-01, 2.259319924635e-04, 3.0877e+00, 3.5145e-02, 
 2DIAGNOSTIC,    24, -4.482074312936e-01, 1.077320655069e-04, 3.1254e+00, 3.7723e-02, 
 2DIAGNOSTIC,    25, -4.482144439090e-01, 9.691657064610e-06, 3.1655e+00, 4.0117e-02, 
 2DIAGNOSTIC,    26, -4.482116710130e-01, 3.273680590665e-06, 3.2084e+00, 4.2826e-02, 
 2DIAGNOSTIC,    27, -4.482088353671e-01, 2.084627901883e-06, 3.2466e+00, 3.8218e-02, 
 2DIAGNOSTIC,    28, -4.482139220069e-01, 2.274305675648e-06, 3.2786e+00, 3.1986e-02, 
 2DIAGNOSTIC,    29, -4.482420866490e-01, 2.842587553772e-06, 3.3177e+00, 3.9099e-02, 
 2DIAGNOSTIC,    30, -4.482455732820e-01, 3.232687803598e-06, 3.3552e+00, 3.7551e-02, 
 2DIAGNOSTIC,    31, -4.482405886580e-01, 3.298139401517e-06, 3.3886e+00, 3.3365e-02, 
 2DIAGNOSTIC,    32, -4.482290915005e-01, 3.068922483265e-06, 3.4248e+00, 3.6256e-02, 
 2DIAGNOSTIC,    33, -4.482261087523e-01, 2.406544702391e-06, 3.4649e+00, 4.0096e-02, 
 2DIAGNOSTIC,    34, -4.482147421346e-01, 1.704268197095e-06, 3.5086e+00, 4.3696e-02, 
 2DIAGNOSTIC,    35, -4.482170221715e-01, 1.142411500711e-06, 3.5418e+00, 3.3136e-02, 
DIAGNOSTIC,Iteration,metricValue,convergenceValue,ITERATION_TIME_INDEX,SINCE_LAST
 2DIAGNOSTIC,     1, -3.932184618942e-01, 1.797693134862e+308, 4.8090e+00, 1.2672e+00, 
 2DIAGNOSTIC,     2, -3.933350080825e-01, 1.797693134862e+308, 5.1533e+00, 3.4434e-01, 
 2DIAGNOSTIC,     3, -3.934316047593e-01, 1.797693134862e+308, 5.4309e+00, 2.7760e-01, 
 2DIAGNOSTIC,     4, -3.934445201699e-01, 1.797693134862e+308, 5.8127e+00, 3.8179e-01, 
 2DIAGNOSTIC,     5, -3.934561041426e-01, 1.797693134862e+308, 6.1470e+00, 3.3422e-01, 
 2DIAGNOSTIC,     6, -3.934557400497e-01, 1.797693134862e+308, 6.5257e+00, 3.7873e-01, 
 2DIAGNOSTIC,     7, -3.934568947948e-01, 1.797693134862e+308, 7.0285e+00, 5.0278e-01, 
 2DIAGNOSTIC,     8, -3.934560026761e-01, 1.797693134862e+308, 7.3648e+00, 3.3634e-01, 
 2DIAGNOSTIC,     9, -3.934553707476e-01, 1.797693134862e+308, 7.8021e+00, 4.3731e-01, 
 2DIAGNOSTIC,    10, -3.934548435858e-01, 2.950388588217e-05, 8.1435e+00, 3.4137e-01, 
 2DIAGNOSTIC,    11, -3.934535150892e-01, 1.251788014102e-05, 8.4865e+00, 3.4304e-01, 
 2DIAGNOSTIC,    12, -3.934529103811e-01, 4.334109211954e-06, 8.8053e+00, 3.1878e-01, 
 2DIAGNOSTIC,    13, -3.934523312374e-01, 2.580302772351e-06, 9.0809e+00, 2.7557e-01, 
 2DIAGNOSTIC,    14, -3.934518640929e-01, 1.691075635454e-06, 9.4652e+00, 3.8434e-01, 
 2DIAGNOSTIC,    15, -3.934519734460e-01, 1.537715180230e-06, 9.8117e+00, 3.4647e-01, 
 2DIAGNOSTIC,    16, -3.934513609571e-01, 1.410839905958e-06, 1.0112e+01, 2.9994e-01, 
 2DIAGNOSTIC,    17, -3.934508380283e-01, 1.380509432096e-06, 1.0414e+01, 3.0208e-01, 
 2DIAGNOSTIC,    18, -3.934502559766e-01, 1.340256733817e-06, 1.0685e+01, 2.7114e-01, 
 2DIAGNOSTIC,    19, -3.934497851764e-01, 1.301860287579e-06, 1.1002e+01, 3.1727e-01, 
 2DIAGNOSTIC,    20, -3.934499621638e-01, 1.290039219635e-06, 1.1280e+01, 2.7834e-01, 
 2DIAGNOSTIC,    21, -3.934502604936e-01, 1.271710148167e-06, 1.1606e+01, 3.2515e-01, 
 2DIAGNOSTIC,    22, -3.934498715604e-01, 1.245514085320e-06, 1.1926e+01, 3.2030e-01, 
 2DIAGNOSTIC,    23, -3.934501307237e-01, 1.231426809058e-06, 1.2243e+01, 3.1688e-01, 
 2DIAGNOSTIC,    24, -3.934495535706e-01, 1.200792282330e-06, 1.2502e+01, 2.5909e-01, 
 2DIAGNOSTIC,    25, -3.934490927622e-01, 1.174527709508e-06, 1.2769e+01, 2.6731e-01, 
 2DIAGNOSTIC,    26, -3.934495816305e-01, 1.156238070212e-06, 1.3070e+01, 3.0116e-01, 
 2DIAGNOSTIC,    27, -3.934510332904e-01, 1.170201612083e-06, 1.3408e+01, 3.3804e-01, 
 2DIAGNOSTIC,    28, -3.934498670272e-01, 1.138213989574e-06, 1.3709e+01, 3.0059e-01, 
 2DIAGNOSTIC,    29, -3.934494067939e-01, 1.086573251964e-06, 1.4007e+01, 2.9798e-01, 
 2DIAGNOSTIC,    30, -3.934490071040e-01, 1.034518294384e-06, 1.4308e+01, 3.0073e-01, 
 2DIAGNOSTIC,    31, -3.934493552257e-01, 1.002859729801e-06, 1.4574e+01, 2.6665e-01, 
 2DIAGNOSTIC,    32, -3.934514389024e-01, 1.012150052312e-06, 1.4868e+01, 2.9403e-01, 
 2DIAGNOSTIC,    33, -3.934519791718e-01, 1.036072095340e-06, 1.5144e+01, 2.7584e-01, 
 2DIAGNOSTIC,    34, -3.934514162094e-01, 1.029043083363e-06, 1.5398e+01, 2.5409e-01, 
 2DIAGNOSTIC,    35, -3.934525148486e-01, 1.027695586148e-06, 1.5692e+01, 2.9392e-01, 
 2DIAGNOSTIC,    36, -3.934539684077e-01, 1.051995733286e-06, 1.6003e+01, 3.1089e-01, 
 2DIAGNOSTIC,    37, -3.934536117520e-01, 1.079271559241e-06, 1.6291e+01, 2.8766e-01, 
 2DIAGNOSTIC,    38, -3.934525130911e-01, 1.042002443188e-06, 1.6563e+01, 2.7221e-01, 
DIAGNOSTIC,Iteration,metricValue,convergenceValue,ITERATION_TIME_INDEX,SINCE_LAST
 2DIAGNOSTIC,     1, -3.660000232087e-01, 1.797693134862e+308, 1.9405e+01, 2.8422e+00, 
 2DIAGNOSTIC,     2, -3.661006044981e-01, 1.797693134862e+308, 2.1171e+01, 1.7659e+00, 
 2DIAGNOSTIC,     3, -3.661940053547e-01, 1.797693134862e+308, 2.2880e+01, 1.7090e+00, 
 2DIAGNOSTIC,     4, -3.662025643968e-01, 1.797693134862e+308, 2.5672e+01, 2.7918e+00, 
 2DIAGNOSTIC,     5, -3.662022977392e-01, 1.797693134862e+308, 2.7725e+01, 2.0531e+00, 
 2DIAGNOSTIC,     6, -3.662022733257e-01, 1.797693134862e+308, 2.9497e+01, 1.7716e+00, 
 2DIAGNOSTIC,     7, -3.662021510415e-01, 1.797693134862e+308, 3.1288e+01, 1.7914e+00, 
 2DIAGNOSTIC,     8, -3.662021104769e-01, 1.797693134862e+308, 3.3106e+01, 1.8183e+00, 
 2DIAGNOSTIC,     9, -3.662019867609e-01, 1.797693134862e+308, 3.4936e+01, 1.8295e+00, 
 2DIAGNOSTIC,    10, -3.662019340665e-01, 2.615306983601e-05, 3.6534e+01, 1.5983e+00, 
 2DIAGNOSTIC,    11, -3.662019021389e-01, 1.049208952018e-05, 3.8406e+01, 1.8714e+00, 
 2DIAGNOSTIC,    12, -3.662017877838e-01, 3.091361201857e-06, 4.0271e+01, 1.8658e+00, 
 2DIAGNOSTIC,    13, -3.662019075687e-01, 2.358435150993e-06, 4.2206e+01, 1.9351e+00, 
 2DIAGNOSTIC,    14, -3.662018587113e-01, 2.210206132128e-06, 4.4126e+01, 1.9200e+00, 
 2DIAGNOSTIC,    15, -3.662018920135e-01, 2.075386371619e-06, 4.6007e+01, 1.8806e+00, 
 2DIAGNOSTIC,    16, -3.662018421374e-01, 1.958104227026e-06, 4.7676e+01, 1.6689e+00, 
 2DIAGNOSTIC,    17, -3.662017315656e-01, 1.846828477342e-06, 4.9369e+01, 1.6927e+00, 
 2DIAGNOSTIC,    18, -3.662016584541e-01, 1.745449628540e-06, 5.1222e+01, 1.8535e+00, 
 2DIAGNOSTIC,    19, -3.662015876328e-01, 1.648798694659e-06, 5.3122e+01, 1.9001e+00, 
 2DIAGNOSTIC,    20, -3.662013732939e-01, 1.553843741411e-06, 5.4909e+01, 1.7871e+00, 
 2DIAGNOSTIC,    21, -3.662013254942e-01, 1.468744469657e-06, 5.7137e+01, 2.2279e+00, 
 2DIAGNOSTIC,    22, -3.662011170368e-01, 1.384171227851e-06, 5.8962e+01, 1.8251e+00, 
 2DIAGNOSTIC,    23, -3.662008967285e-01, 1.309503532353e-06, 6.0512e+01, 1.5497e+00, 
 2DIAGNOSTIC,    24, -3.662008589297e-01, 1.245216191298e-06, 6.2157e+01, 1.6454e+00, 
 2DIAGNOSTIC,    25, -3.662009022542e-01, 1.195923463919e-06, 6.3948e+01, 1.7908e+00, 
 2DIAGNOSTIC,    26, -3.662008588647e-01, 1.154782614754e-06, 6.5519e+01, 1.5710e+00, 
 2DIAGNOSTIC,    27, -3.662010886969e-01, 1.126687734575e-06, 6.7211e+01, 1.6919e+00, 
 2DIAGNOSTIC,    28, -3.662011545022e-01, 1.105168546130e-06, 6.8980e+01, 1.7688e+00, 
 2DIAGNOSTIC,    29, -3.662007271261e-01, 1.074819871785e-06, 7.0759e+01, 1.7796e+00, 
 2DIAGNOSTIC,    30, -3.662006710311e-01, 1.041888311633e-06, 7.2457e+01, 1.6972e+00, 
 2DIAGNOSTIC,    31, -3.662006079469e-01, 1.010052202377e-06, 7.4123e+01, 1.6667e+00, 
  Elapsed time (stage 0): 7.5027e+01


Total elapsed time: 7.5039e+01
Info [verificarlo]: loaded backend libinterflop_ieee.so
Info [interflop-ieee]: load backend with:
Info [interflop-ieee]: debug = false
Info [interflop-ieee]: debug-binary = false
Info [interflop-ieee]: no-backend-name = false
Info [interflop-ieee]: print-new-line = false
Info [interflop-ieee]: print-subnormal-normalized = false
Info [interflop-ieee]: count-op = false
All_Command_lines_OK
Using double precision for computations.
=============================================================================
The composite transform comprises the following transforms (in order): 
  1. /home/mdugre/scratch/mri-registration-rp/datasets/ds004513/derivatives/mri-registration-rp/0001/antsRegistration-r8-p19/sub-s014/rigid_Composite.h5[0] (type = Euler3DTransform)
  2. /home/mdugre/scratch/mri-registration-rp/datasets/ds004513/derivatives/mri-registration-rp/0001/antsRegistration-r8-p19/sub-s014/rigid_Composite.h5[1] (type = Euler3DTransform)
  3. /home/mdugre/scratch/mri-registration-rp/datasets/ds004513/derivatives/mri-registration-rp/0001/antsRegistration-r8-p19/sub-s014/rigid_Composite.h5[2] (type = Euler3DTransform)
=============================================================================
  number of levels = 4
  fixed image: /templateflow/tpl-MNI152NLin2009cAsym/tpl-MNI152NLin2009cAsym_res-01_desc-brain_T1w.nii.gz
  moving image: /home/mdugre/scratch/mri-registration-rp/datasets/ds004513/derivatives/mri-registration-rp/antsBrainExtraction/sub-s014/BrainExtractionBrain.nii.gz
Dimension = 3
Number of stages = 1
Use histogram matching = false
Winsorize image intensities = true
  Lower quantile = 0.005
  Upper quantile = 0.995


Stage 1 State
   Image metric = MattesMI
     Fixed image = Image (0x4ec77e0)
  RTTI typeinfo:   itk::Image<double, 3u>
  Reference Count: 2
  Modified Time: 1594
  Debug: Off
  Object Name: 
  Observers: 
    none
  Source: (none)
  Source output name: (none)
  Release Data: Off
  Data Released: False
  Global Release Data: Off
  PipelineMTime: 0
  UpdateMTime: 1203
  RealTimeStamp: 0 seconds 
  LargestPossibleRegion: 
    Dimension: 3
    Index: [0, 0, 0]
    Size: [193, 229, 193]
  BufferedRegion: 
    Dimension: 3
    Index: [0, 0, 0]
    Size: [193, 229, 193]
  RequestedRegion: 
    Dimension: 3
    Index: [0, 0, 0]
    Size: [193, 229, 193]
  Spacing: [1, 1, 1]
  Origin: [96, 132, -78]
  Direction: 
-1 0 0
0 -1 0
0 0 1

  IndexToPointMatrix: 
-1 0 0
0 -1 0
0 0 1

  PointToIndexMatrix: 
-1 0 0
0 -1 0
0 0 1

  Inverse Direction: 
-1 0 0
0 -1 0
0 0 1

  PixelContainer: 
    ImportImageContainer (0x4f87a20)
      RTTI typeinfo:   itk::ImportImageContainer<unsigned long, double>
      Reference Count: 1
      Modified Time: 1200
      Debug: Off
      Object Name: 
      Observers: 
        none
      Pointer: 0x1529c99d3010
      Container manages memory: true
      Size: 8530021
      Capacity: 8530021

     Moving image = Image (0x4f82d70)
  RTTI typeinfo:   itk::Image<double, 3u>
  Reference Count: 2
  Modified Time: 1595
  Debug: Off
  Object Name: 
  Observers: 
    none
  Source: (none)
  Source output name: (none)
  Release Data: Off
  Data Released: False
  Global Release Data: Off
  PipelineMTime: 0
  UpdateMTime: 1592
  RealTimeStamp: 0 seconds 
  LargestPossibleRegion: 
    Dimension: 3
    Index: [0, 0, 0]
    Size: [160, 240, 256]
  BufferedRegion: 
    Dimension: 3
    Index: [0, 0, 0]
    Size: [160, 240, 256]
  RequestedRegion: 
    Dimension: 3
    Index: [0, 0, 0]
    Size: [160, 240, 256]
  Spacing: [0.999999, 1, 1]
  Origin: [84.1637, 106.709, -120.531]
  Direction: 
-0.999619 -0.0226874 -0.0157033
0.0226846 -0.999743 0.00035635
-0.0157073 -7.8229e-09 0.999877

  IndexToPointMatrix: 
-0.999619 -0.0226874 -0.0157033
0.0226845 -0.999743 0.00035635
-0.0157073 -7.8229e-09 0.999877

  PointToIndexMatrix: 
-0.99962 0.0226846 -0.0157073
-0.0226874 -0.999743 -7.83127e-09
-0.0157033 0.00035635 0.999877

  Inverse Direction: 
-0.999619 0.0226846 -0.0157073
-0.0226874 -0.999743 -7.83127e-09
-0.0157033 0.00035635 0.999877

  PixelContainer: 
    ImportImageContainer (0x4f3ac90)
      RTTI typeinfo:   itk::ImportImageContainer<unsigned long, double>
      Reference Count: 1
      Modified Time: 1589
      Debug: Off
      Object Name: 
      Observers: 
        none
      Pointer: 0x1529c4ed2010
      Container manages memory: true
      Size: 9830400
      Capacity: 9830400

     Weighting = 1
     Sampling strategy = regular
     Number of bins = 32
     Radius = 4
     Sampling percentage  = 0.25
   Transform = Affine
     Gradient step = 0.1
     Update field sigma (voxel space) = 0
     Total field sigma (voxel space) = 0
     Update field time sigma = 0
     Total field time sigma  = 0
     Number of time indices = 0
     Number of time point samples = 0
Registration using 1 total stages.

Stage 0
  iterations = 1000x500x250x100
  convergence threshold = 1e-06
  convergence window size = 10
  number of levels = 4
  using the Mattes MI metric (number of bins = 32, weight = 1, use gradient filter = 0)
  preprocessing:  winsorizing the image intensities
  Shrink factors (level 1 out of 4): [8, 8, 8]
  Shrink factors (level 2 out of 4): [4, 4, 4]
  Shrink factors (level 3 out of 4): [2, 2, 2]
  Shrink factors (level 4 out of 4): [1, 1, 1]
  smoothing sigmas per level: [3, 2, 1, 0]
  regular sampling (percentage = 0.25)

*** Running AffineTransform registration ***

DIAGNOSTIC,Iteration,metricValue,convergenceValue,ITERATION_TIME_INDEX,SINCE_LAST
 2DIAGNOSTIC,     1, -5.239750083343e-01, 1.797693134862e+308, 8.0228e-01, 8.0228e-01, 
 2DIAGNOSTIC,     2, -5.258640014199e-01, 1.797693134862e+308, 8.0787e-01, 5.5909e-03, 
 2DIAGNOSTIC,     3, -5.291088181166e-01, 1.797693134862e+308, 8.1384e-01, 5.9650e-03, 
 2DIAGNOSTIC,     4, -5.347710742212e-01, 1.797693134862e+308, 8.1909e-01, 5.2478e-03, 
 2DIAGNOSTIC,     5, -5.449383437940e-01, 1.797693134862e+308, 8.2453e-01, 5.4410e-03, 
 2DIAGNOSTIC,     6, -6.215306379291e-01, 1.797693134862e+308, 8.3000e-01, 5.4700e-03, 
 2DIAGNOSTIC,     7, -6.633611146663e-01, 1.797693134862e+308, 8.3561e-01, 5.6169e-03, 
 2DIAGNOSTIC,     8, -7.298997584152e-01, 1.797693134862e+308, 8.4328e-01, 7.6659e-03, 
 2DIAGNOSTIC,     9, -7.422521022944e-01, 1.797693134862e+308, 8.4892e-01, 5.6419e-03, 
 2DIAGNOSTIC,    10, -7.541338247936e-01, 2.915590409684e-02, 8.5482e-01, 5.8999e-03, 
 2DIAGNOSTIC,    11, -7.649021954180e-01, 2.764847231733e-02, 8.6146e-01, 6.6419e-03, 
 2DIAGNOSTIC,    12, -7.741613845296e-01, 2.434790937958e-02, 8.6938e-01, 7.9179e-03, 
 2DIAGNOSTIC,    13, -7.770752375603e-01, 1.968342145717e-02, 8.7622e-01, 6.8412e-03, 
 2DIAGNOSTIC,    14, -7.814244046385e-01, 1.436952719525e-02, 8.8215e-01, 5.9311e-03, 
 2DIAGNOSTIC,    15, -7.874240646807e-01, 9.014367491136e-03, 8.8931e-01, 7.1590e-03, 
 2DIAGNOSTIC,    16, -7.920938416042e-01, 5.733377242207e-03, 8.9515e-01, 5.8389e-03, 
 2DIAGNOSTIC,    17, -7.957349065964e-01, 3.442741290773e-03, 9.0105e-01, 5.8980e-03, 
 2DIAGNOSTIC,    18, -8.010581527074e-01, 2.769032400164e-03, 9.0821e-01, 7.1559e-03, 
 2DIAGNOSTIC,    19, -8.020624374869e-01, 2.204702778249e-03, 9.1476e-01, 6.5579e-03, 
 2DIAGNOSTIC,    20, -8.025885491249e-01, 1.748769805389e-03, 9.2056e-01, 5.7950e-03, 
 2DIAGNOSTIC,    21, -8.047946536011e-01, 1.424908956600e-03, 9.2688e-01, 6.3188e-03, 
 2DIAGNOSTIC,    22, -8.088012423043e-01, 1.241435443208e-03, 9.3459e-01, 7.7140e-03, 
 2DIAGNOSTIC,    23, -8.108216070231e-01, 1.042866660206e-03, 9.4028e-01, 5.6839e-03, 
 2DIAGNOSTIC,    24, -8.126148513875e-01, 8.656331665170e-04, 9.4589e-01, 5.6169e-03, 
 2DIAGNOSTIC,    25, -8.155476113430e-01, 7.639560887160e-04, 9.5225e-01, 6.3541e-03, 
 2DIAGNOSTIC,    26, -8.215004826802e-01, 7.574179107095e-04, 9.5799e-01, 5.7390e-03, 
 2DIAGNOSTIC,    27, -8.250884993376e-01, 7.798427475880e-04, 9.6448e-01, 6.4919e-03, 
 2DIAGNOSTIC,    28, -8.288878165025e-01, 8.528880796544e-04, 9.7224e-01, 7.7670e-03, 
 2DIAGNOSTIC,    29, -8.297142169276e-01, 8.652652457136e-04, 9.7827e-01, 6.0229e-03, 
 2DIAGNOSTIC,    30, -8.333726714168e-01, 8.489556050622e-04, 9.8456e-01, 6.2909e-03, 
 2DIAGNOSTIC,    31, -8.366874943532e-01, 8.190843835274e-04, 9.9088e-01, 6.3188e-03, 
 2DIAGNOSTIC,    32, -8.378454243560e-01, 7.739783874152e-04, 9.9656e-01, 5.6810e-03, 
 2DIAGNOSTIC,    33, -8.386438445294e-01, 6.919974053169e-04, 1.0028e+00, 6.2742e-03, 
 2DIAGNOSTIC,    34, -8.393204212124e-01, 5.779829759720e-04, 1.0104e+00, 7.5459e-03, 
 2DIAGNOSTIC,    35, -8.396562747959e-01, 4.502717197095e-04, 1.0159e+00, 5.5461e-03, 
 2DIAGNOSTIC,    36, -8.402329523682e-01, 3.547680519545e-04, 1.0215e+00, 5.5802e-03, 
 2DIAGNOSTIC,    37, -8.406979245365e-01, 2.716065007612e-04, 1.0271e+00, 5.5990e-03, 
 2DIAGNOSTIC,    38, -8.411694247731e-01, 2.100108559413e-04, 1.0332e+00, 6.0842e-03, 
 2DIAGNOSTIC,    39, -8.413405233655e-01, 1.409582404383e-04, 1.0387e+00, 5.5420e-03, 
 2DIAGNOSTIC,    40, -8.419742201583e-01, 1.015395578643e-04, 1.0455e+00, 6.7279e-03, 
 2DIAGNOSTIC,    41, -8.420475947262e-01, 8.493265926156e-05, 1.0509e+00, 5.4820e-03, 
 2DIAGNOSTIC,    42, -8.422139121854e-01, 7.271301495515e-05, 1.0570e+00, 6.0260e-03, 
 2DIAGNOSTIC,    43, -8.428783277125e-01, 6.671177696181e-05, 1.0630e+00, 6.0689e-03, 
 2DIAGNOSTIC,    44, -8.433448424450e-01, 6.412367250830e-05, 1.0702e+00, 7.1931e-03, 
 2DIAGNOSTIC,    45, -8.434574762646e-01, 5.913026319062e-05, 1.0762e+00, 5.9960e-03, 
 2DIAGNOSTIC,    46, -8.432659468955e-01, 5.189898865450e-05, 1.0825e+00, 6.2871e-03, 
 2DIAGNOSTIC,    47, -8.430428278166e-01, 4.205569248759e-05, 1.0879e+00, 5.3940e-03, 
 2DIAGNOSTIC,    48, -8.428317280093e-01, 3.065729210430e-05, 1.0940e+00, 6.1231e-03, 
 2DIAGNOSTIC,    49, -8.427258574598e-01, 1.719573320861e-05, 1.0995e+00, 5.4579e-03, 
 2DIAGNOSTIC,    50, -8.427634524408e-01, 7.654010688404e-06, 1.1063e+00, 6.7761e-03, 
DIAGNOSTIC,Iteration,metricValue,convergenceValue,ITERATION_TIME_INDEX,SINCE_LAST
 2DIAGNOSTIC,     1, -6.903282228569e-01, 1.797693134862e+308, 1.9343e+00, 8.2800e-01, 
 2DIAGNOSTIC,     2, -6.911345393438e-01, 1.797693134862e+308, 1.9782e+00, 4.3991e-02, 
 2DIAGNOSTIC,     3, -6.916146961146e-01, 1.797693134862e+308, 2.0226e+00, 4.4383e-02, 
 2DIAGNOSTIC,     4, -6.918751187234e-01, 1.797693134862e+308, 2.0631e+00, 4.0461e-02, 
 2DIAGNOSTIC,     5, -6.922969977992e-01, 1.797693134862e+308, 2.1062e+00, 4.3157e-02, 
 2DIAGNOSTIC,     6, -6.926859807668e-01, 1.797693134862e+308, 2.1493e+00, 4.3083e-02, 
 2DIAGNOSTIC,     7, -6.933716072749e-01, 1.797693134862e+308, 2.2041e+00, 5.4781e-02, 
 2DIAGNOSTIC,     8, -6.936818120024e-01, 1.797693134862e+308, 2.2655e+00, 6.1380e-02, 
 2DIAGNOSTIC,     9, -6.936634839564e-01, 1.797693134862e+308, 2.3112e+00, 4.5691e-02, 
 2DIAGNOSTIC,    10, -6.936473613115e-01, 3.209824379962e-04, 2.3541e+00, 4.2911e-02, 
 2DIAGNOSTIC,    11, -6.936330195368e-01, 2.375483240411e-04, 2.4009e+00, 4.6849e-02, 
 2DIAGNOSTIC,    12, -6.936376160613e-01, 1.741152911335e-04, 2.4434e+00, 4.2412e-02, 
 2DIAGNOSTIC,    13, -6.936313142734e-01, 1.197928181290e-04, 2.4914e+00, 4.8051e-02, 
 2DIAGNOSTIC,    14, -6.936228715723e-01, 7.005455275182e-05, 2.5338e+00, 4.2373e-02, 
 2DIAGNOSTIC,    15, -6.935906684373e-01, 3.150192549066e-05, 2.5813e+00, 4.7504e-02, 
 2DIAGNOSTIC,    16, -6.935927459202e-01, 4.714790663843e-06, 2.6280e+00, 4.6701e-02, 
DIAGNOSTIC,Iteration,metricValue,convergenceValue,ITERATION_TIME_INDEX,SINCE_LAST
 2DIAGNOSTIC,     1, -5.886440246854e-01, 1.797693134862e+308, 3.9382e+00, 1.3102e+00, 
 2DIAGNOSTIC,     2, -5.892884790313e-01, 1.797693134862e+308, 4.2742e+00, 3.3595e-01, 
 2DIAGNOSTIC,     3, -5.900009555156e-01, 1.797693134862e+308, 4.6105e+00, 3.3634e-01, 
 2DIAGNOSTIC,     4, -5.908134579803e-01, 1.797693134862e+308, 4.9687e+00, 3.5822e-01, 
 2DIAGNOSTIC,     5, -5.918131203957e-01, 1.797693134862e+308, 5.3198e+00, 3.5109e-01, 
 2DIAGNOSTIC,     6, -5.938550233459e-01, 1.797693134862e+308, 5.7607e+00, 4.4089e-01, 
 2DIAGNOSTIC,     7, -5.938918288641e-01, 1.797693134862e+308, 6.3657e+00, 6.0494e-01, 
 2DIAGNOSTIC,     8, -5.938894919633e-01, 1.797693134862e+308, 6.7709e+00, 4.0522e-01, 
 2DIAGNOSTIC,     9, -5.938875414902e-01, 1.797693134862e+308, 7.1394e+00, 3.6852e-01, 
 2DIAGNOSTIC,    10, -5.938821261634e-01, 6.638131388809e-04, 7.4871e+00, 3.4772e-01, 
 2DIAGNOSTIC,    11, -5.938813621083e-01, 4.879585211895e-04, 7.8706e+00, 3.8352e-01, 
 2DIAGNOSTIC,    12, -5.938835749797e-01, 3.237587028323e-04, 8.3725e+00, 5.0189e-01, 
 2DIAGNOSTIC,    13, -5.938843894232e-01, 1.830226917225e-04, 8.7508e+00, 3.7827e-01, 
 2DIAGNOSTIC,    14, -5.938839677449e-01, 7.374579676772e-05, 9.1299e+00, 3.7907e-01, 
 2DIAGNOSTIC,    15, -5.938839330585e-01, 2.652127517100e-06, 9.5272e+00, 3.9736e-01, 
 2DIAGNOSTIC,    16, -5.938825731367e-01, 1.536560039497e-06, 9.8474e+00, 3.2016e-01, 
 2DIAGNOSTIC,    17, -5.938819688504e-01, 1.613981970829e-06, 1.0168e+01, 3.2101e-01, 
 2DIAGNOSTIC,    18, -5.938826383413e-01, 1.661339011812e-06, 1.0559e+01, 3.9091e-01, 
 2DIAGNOSTIC,    19, -5.938815956450e-01, 1.641763495139e-06, 1.0914e+01, 3.5477e-01, 
 2DIAGNOSTIC,    20, -5.938820487282e-01, 1.510826344600e-06, 1.1299e+01, 3.8535e-01, 
 2DIAGNOSTIC,    21, -5.938820536715e-01, 1.381573339836e-06, 1.1668e+01, 3.6901e-01, 
 2DIAGNOSTIC,    22, -5.938810610361e-01, 1.302711245009e-06, 1.2102e+01, 4.3370e-01, 
 2DIAGNOSTIC,    23, -5.938817268712e-01, 1.275572157573e-06, 1.2459e+01, 3.5667e-01, 
 2DIAGNOSTIC,    24, -5.938796972556e-01, 1.211153225038e-06, 1.2810e+01, 3.5099e-01, 
 2DIAGNOSTIC,    25, -5.938800132048e-01, 1.169879920722e-06, 1.3126e+01, 3.1571e-01, 
 2DIAGNOSTIC,    26, -5.938793174745e-01, 1.103469892773e-06, 1.3435e+01, 3.0911e-01, 
