
##########################
# Experiment information #
##########################

EXPERIMENT_NAME: antsRegistration-r7-p18
VFC_BACKENDS: libinterflop_vprec.so --range-binary32=7 --precision-binary32=18 --range-binary64=7 --precision-binary64=18

SIF_IMG: /home/mdugre/projects/rrg-glatard/mdugre/containers/ants-vprec-no_metrics.simg

SUBJECT_ID: s032
INPUT_IMG: /home/mdugre/scratch/mri-registration-rp/datasets/ds004513/derivatives/mri-registration-rp/antsBrainExtraction/sub-s032/BrainExtractionBrain.nii.gz
OUTPUT_DIR: /home/mdugre/scratch/mri-registration-rp/datasets/ds004513/derivatives/mri-registration-rp/0001/antsRegistration-r7-p18/sub-s032

FIXED_IMG: /templateflow/tpl-MNI152NLin2009cAsym/tpl-MNI152NLin2009cAsym_res-01_desc-brain_T1w.nii.gz
DATA_DIR: /home/mdugre/scratch/mri-registration-rp/datasets/ds004513
TEMPLATEFLOW_DIR: /home/mdugre/projects/rrg-glatard/mdugre/templateflow
ITK_GLOBAL_DEFAULT_NUMBER_OF_THREADS: 16
##########################

Info [verificarlo]: loaded backend libinterflop_ieee.so
Info [interflop-ieee]: load backend with:
Info [interflop-ieee]: debug = false
Info [interflop-ieee]: debug-binary = false
Info [interflop-ieee]: no-backend-name = false
Info [interflop-ieee]: print-new-line = false
Info [interflop-ieee]: print-subnormal-normalized = false
Info [interflop-ieee]: count-op = false
All_Command_lines_OK
Using double precision for computations.
=============================================================================
The composite transform comprises the following transforms (in order): 
  1. Center of mass alignment using fixed image: /templateflow/tpl-MNI152NLin2009cAsym/tpl-MNI152NLin2009cAsym_res-01_desc-brain_T1w.nii.gz and moving image: /home/mdugre/scratch/mri-registration-rp/datasets/ds004513/derivatives/mri-registration-rp/antsBrainExtraction/sub-s032/BrainExtractionBrain.nii.gz (type = Euler3DTransform)
=============================================================================
  number of levels = 1
  fixed image: /templateflow/tpl-MNI152NLin2009cAsym/tpl-MNI152NLin2009cAsym_res-01_desc-brain_T1w.nii.gz
  moving image: /home/mdugre/scratch/mri-registration-rp/datasets/ds004513/derivatives/mri-registration-rp/antsBrainExtraction/sub-s032/BrainExtractionBrain.nii.gz
Dimension = 3
Number of stages = 1
Use histogram matching = false
Winsorize image intensities = true
  Lower quantile = 0.005
  Upper quantile = 0.995


Stage 1 State
   Image metric = MattesMI
     Fixed image = Image (0x32d2e70)
  RTTI typeinfo:   itk::Image<double, 3u>
  Reference Count: 2
  Modified Time: 2330
  Debug: Off
  Object Name: 
  Observers: 
    none
  Source: (none)
  Source output name: (none)
  Release Data: Off
  Data Released: False
  Global Release Data: Off
  PipelineMTime: 0
  UpdateMTime: 1941
  RealTimeStamp: 0 seconds 
  LargestPossibleRegion: 
    Dimension: 3
    Index: [0, 0, 0]
    Size: [193, 229, 193]
  BufferedRegion: 
    Dimension: 3
    Index: [0, 0, 0]
    Size: [193, 229, 193]
  RequestedRegion: 
    Dimension: 3
    Index: [0, 0, 0]
    Size: [193, 229, 193]
  Spacing: [1, 1, 1]
  Origin: [96, 132, -78]
  Direction: 
-1 0 0
0 -1 0
0 0 1

  IndexToPointMatrix: 
-1 0 0
0 -1 0
0 0 1

  PointToIndexMatrix: 
-1 0 0
0 -1 0
0 0 1

  Inverse Direction: 
-1 0 0
0 -1 0
0 0 1

  PixelContainer: 
    ImportImageContainer (0x32dbc60)
      RTTI typeinfo:   itk::ImportImageContainer<unsigned long, double>
      Reference Count: 1
      Modified Time: 1938
      Debug: Off
      Object Name: 
      Observers: 
        none
      Pointer: 0x1524dedaa010
      Container manages memory: true
      Size: 8530021
      Capacity: 8530021

     Moving image = Image (0x336fec0)
  RTTI typeinfo:   itk::Image<double, 3u>
  Reference Count: 2
  Modified Time: 2331
  Debug: Off
  Object Name: 
  Observers: 
    none
  Source: (none)
  Source output name: (none)
  Release Data: Off
  Data Released: False
  Global Release Data: Off
  PipelineMTime: 0
  UpdateMTime: 2328
  RealTimeStamp: 0 seconds 
  LargestPossibleRegion: 
    Dimension: 3
    Index: [0, 0, 0]
    Size: [160, 240, 256]
  BufferedRegion: 
    Dimension: 3
    Index: [0, 0, 0]
    Size: [160, 240, 256]
  RequestedRegion: 
    Dimension: 3
    Index: [0, 0, 0]
    Size: [160, 240, 256]
  Spacing: [1, 1, 1]
  Origin: [73.279, 104.707, -131.187]
  Direction: 
-0.997527 0.0645574 -0.0278053
-0.0645323 -0.997914 -0.00179875
-0.0278634 4.01097e-08 0.999612

  IndexToPointMatrix: 
-0.997527 0.0645574 -0.0278053
-0.0645323 -0.997914 -0.00179875
-0.0278634 4.01097e-08 0.999612

  PointToIndexMatrix: 
-0.997527 -0.0645323 -0.0278634
0.0645574 -0.997914 4.01049e-08
-0.0278053 -0.00179875 0.999612

  Inverse Direction: 
-0.997527 -0.0645323 -0.0278634
0.0645574 -0.997914 4.01049e-08
-0.0278053 -0.00179875 0.999612

  PixelContainer: 
    ImportImageContainer (0x3407610)
      RTTI typeinfo:   itk::ImportImageContainer<unsigned long, double>
      Reference Count: 1
      Modified Time: 2325
      Debug: Off
      Object Name: 
      Observers: 
        none
      Pointer: 0x1524da2a9010
      Container manages memory: true
      Size: 9830400
      Capacity: 9830400

     Weighting = 1
     Sampling strategy = regular
     Number of bins = 32
     Radius = 4
     Sampling percentage  = 0.25
   Transform = Rigid
     Gradient step = 0.1
     Update field sigma (voxel space) = 0
     Total field sigma (voxel space) = 0
     Update field time sigma = 0
     Total field time sigma  = 0
     Number of time indices = 0
     Number of time point samples = 0
Registration using 1 total stages.

Stage 0
  iterations = 0
  convergence threshold = 1e-06
  convergence window size = 10
  number of levels = 1
  using the Mattes MI metric (number of bins = 32, weight = 1, use gradient filter = 0)
  preprocessing:  winsorizing the image intensities
  Shrink factors (level 1 out of 1): [1, 1, 1]
  smoothing sigmas per level: [0]
  regular sampling (percentage = 0.25)

*** Running Euler3DTransform registration ***

  Elapsed time (stage 0): 1.12558


Total elapsed time: 1.12768
Info [verificarlo]: loaded backend libinterflop_ieee.so
Info [interflop-ieee]: load backend with:
Info [interflop-ieee]: debug = false
Info [interflop-ieee]: debug-binary = false
Info [interflop-ieee]: no-backend-name = false
Info [interflop-ieee]: print-new-line = false
Info [interflop-ieee]: print-subnormal-normalized = false
Info [interflop-ieee]: count-op = false
All_Command_lines_OK
Using double precision for computations.
=============================================================================
The composite transform comprises the following transforms (in order): 
  1. /home/mdugre/scratch/mri-registration-rp/datasets/ds004513/derivatives/mri-registration-rp/0001/antsRegistration-r7-p18/sub-s032/align_Composite.h5[0] (type = Euler3DTransform)
  2. /home/mdugre/scratch/mri-registration-rp/datasets/ds004513/derivatives/mri-registration-rp/0001/antsRegistration-r7-p18/sub-s032/align_Composite.h5[1] (type = Euler3DTransform)
=============================================================================
  number of levels = 4
  fixed image: /templateflow/tpl-MNI152NLin2009cAsym/tpl-MNI152NLin2009cAsym_res-01_desc-brain_T1w.nii.gz
  moving image: /home/mdugre/scratch/mri-registration-rp/datasets/ds004513/derivatives/mri-registration-rp/antsBrainExtraction/sub-s032/BrainExtractionBrain.nii.gz
Dimension = 3
Number of stages = 1
Use histogram matching = false
Winsorize image intensities = true
  Lower quantile = 0.005
  Upper quantile = 0.995


Stage 1 State
   Image metric = MattesMI
     Fixed image = Image (0x4680530)
  RTTI typeinfo:   itk::Image<double, 3u>
  Reference Count: 2
  Modified Time: 1578
  Debug: Off
  Object Name: 
  Observers: 
    none
  Source: (none)
  Source output name: (none)
  Release Data: Off
  Data Released: False
  Global Release Data: Off
  PipelineMTime: 0
  UpdateMTime: 1189
  RealTimeStamp: 0 seconds 
  LargestPossibleRegion: 
    Dimension: 3
    Index: [0, 0, 0]
    Size: [193, 229, 193]
  BufferedRegion: 
    Dimension: 3
    Index: [0, 0, 0]
    Size: [193, 229, 193]
  RequestedRegion: 
    Dimension: 3
    Index: [0, 0, 0]
    Size: [193, 229, 193]
  Spacing: [1, 1, 1]
  Origin: [96, 132, -78]
  Direction: 
-1 0 0
0 -1 0
0 0 1

  IndexToPointMatrix: 
-1 0 0
0 -1 0
0 0 1

  PointToIndexMatrix: 
-1 0 0
0 -1 0
0 0 1

  Inverse Direction: 
-1 0 0
0 -1 0
0 0 1

  PixelContainer: 
    ImportImageContainer (0x473ed60)
      RTTI typeinfo:   itk::ImportImageContainer<unsigned long, double>
      Reference Count: 1
      Modified Time: 1186
      Debug: Off
      Object Name: 
      Observers: 
        none
      Pointer: 0x14650a29c010
      Container manages memory: true
      Size: 8530021
      Capacity: 8530021

     Moving image = Image (0x4730f60)
  RTTI typeinfo:   itk::Image<double, 3u>
  Reference Count: 2
  Modified Time: 1579
  Debug: Off
  Object Name: 
  Observers: 
    none
  Source: (none)
  Source output name: (none)
  Release Data: Off
  Data Released: False
  Global Release Data: Off
  PipelineMTime: 0
  UpdateMTime: 1576
  RealTimeStamp: 0 seconds 
  LargestPossibleRegion: 
    Dimension: 3
    Index: [0, 0, 0]
    Size: [160, 240, 256]
  BufferedRegion: 
    Dimension: 3
    Index: [0, 0, 0]
    Size: [160, 240, 256]
  RequestedRegion: 
    Dimension: 3
    Index: [0, 0, 0]
    Size: [160, 240, 256]
  Spacing: [1, 1, 1]
  Origin: [73.279, 104.707, -131.187]
  Direction: 
-0.997527 0.0645574 -0.0278053
-0.0645323 -0.997914 -0.00179875
-0.0278634 4.01097e-08 0.999612

  IndexToPointMatrix: 
-0.997527 0.0645574 -0.0278053
-0.0645323 -0.997914 -0.00179875
-0.0278634 4.01097e-08 0.999612

  PointToIndexMatrix: 
-0.997527 -0.0645323 -0.0278634
0.0645574 -0.997914 4.01049e-08
-0.0278053 -0.00179875 0.999612

  Inverse Direction: 
-0.997527 -0.0645323 -0.0278634
0.0645574 -0.997914 4.01049e-08
-0.0278053 -0.00179875 0.999612

  PixelContainer: 
    ImportImageContainer (0x47226d0)
      RTTI typeinfo:   itk::ImportImageContainer<unsigned long, double>
      Reference Count: 1
      Modified Time: 1573
      Debug: Off
      Object Name: 
      Observers: 
        none
      Pointer: 0x14650579b010
      Container manages memory: true
      Size: 9830400
      Capacity: 9830400

     Weighting = 1
     Sampling strategy = regular
     Number of bins = 32
     Radius = 4
     Sampling percentage  = 0.25
   Transform = Rigid
     Gradient step = 0.1
     Update field sigma (voxel space) = 0
     Total field sigma (voxel space) = 0
     Update field time sigma = 0
     Total field time sigma  = 0
     Number of time indices = 0
     Number of time point samples = 0
Registration using 1 total stages.

Stage 0
  iterations = 1000x500x250x100
  convergence threshold = 1e-06
  convergence window size = 10
  number of levels = 4
  using the Mattes MI metric (number of bins = 32, weight = 1, use gradient filter = 0)
  preprocessing:  winsorizing the image intensities
  Shrink factors (level 1 out of 4): [8, 8, 8]
  Shrink factors (level 2 out of 4): [4, 4, 4]
  Shrink factors (level 3 out of 4): [2, 2, 2]
  Shrink factors (level 4 out of 4): [1, 1, 1]
  smoothing sigmas per level: [3, 2, 1, 0]
  regular sampling (percentage = 0.25)

*** Running Euler3DTransform registration ***

DIAGNOSTIC,Iteration,metricValue,convergenceValue,ITERATION_TIME_INDEX,SINCE_LAST
 2DIAGNOSTIC,     1, -5.480496989617e-01, 1.797693134862e+308, 8.6593e-01, 8.6593e-01, 
 2DIAGNOSTIC,     2, -5.506811078454e-01, 1.797693134862e+308, 8.7059e-01, 4.6570e-03, 
 2DIAGNOSTIC,     3, -5.546514955662e-01, 1.797693134862e+308, 8.7513e-01, 4.5412e-03, 
 2DIAGNOSTIC,     4, -5.606863537750e-01, 1.797693134862e+308, 8.7975e-01, 4.6182e-03, 
 2DIAGNOSTIC,     5, -5.693661845193e-01, 1.797693134862e+308, 8.8430e-01, 4.5531e-03, 
 2DIAGNOSTIC,     6, -5.854078830086e-01, 1.797693134862e+308, 8.8867e-01, 4.3681e-03, 
 2DIAGNOSTIC,     7, -6.232769732918e-01, 1.797693134862e+308, 8.9327e-01, 4.6020e-03, 
 2DIAGNOSTIC,     8, -6.297683730473e-01, 1.797693134862e+308, 8.9826e-01, 4.9841e-03, 
 2DIAGNOSTIC,     9, -6.366738733405e-01, 1.797693134862e+308, 9.0642e-01, 8.1620e-03, 
 2DIAGNOSTIC,    10, -6.375630690827e-01, 1.201760866083e-02, 9.1091e-01, 4.4870e-03, 
 2DIAGNOSTIC,    11, -6.405337628679e-01, 1.087684809450e-02, 9.1558e-01, 4.6730e-03, 
 2DIAGNOSTIC,    12, -6.435528997438e-01, 9.167753354490e-03, 9.2050e-01, 4.9231e-03, 
 2DIAGNOSTIC,    13, -6.444720921444e-01, 7.089498731847e-03, 9.2512e-01, 4.6210e-03, 
 2DIAGNOSTIC,    14, -6.463616611293e-01, 4.967892496988e-03, 9.3059e-01, 5.4660e-03, 
 2DIAGNOSTIC,    15, -6.484646963404e-01, 3.033020789043e-03, 9.3847e-01, 7.8809e-03, 
 2DIAGNOSTIC,    16, -6.486009987994e-01, 1.520386367320e-03, 9.4315e-01, 4.6849e-03, 
 2DIAGNOSTIC,    17, -6.493699344760e-01, 1.108203205204e-03, 9.4779e-01, 4.6351e-03, 
 2DIAGNOSTIC,    18, -6.514578195065e-01, 8.586162135985e-04, 9.5225e-01, 4.4649e-03, 
 2DIAGNOSTIC,    19, -6.526592717406e-01, 7.533650369804e-04, 9.5713e-01, 4.8790e-03, 
 2DIAGNOSTIC,    20, -6.536191777189e-01, 6.303067369293e-04, 9.6164e-01, 4.5061e-03, 
 2DIAGNOSTIC,    21, -6.549162298979e-01, 5.534292205380e-04, 9.6589e-01, 4.2460e-03, 
 2DIAGNOSTIC,    22, -6.562385790832e-01, 5.226986103234e-04, 9.7110e-01, 5.2140e-03, 
 2DIAGNOSTIC,    23, -6.565000058113e-01, 4.680180012237e-04, 9.7589e-01, 4.7929e-03, 
 2DIAGNOSTIC,    24, -6.565387353854e-01, 4.101063704209e-04, 9.8067e-01, 4.7791e-03, 
 2DIAGNOSTIC,    25, -6.567702146894e-01, 3.618032093045e-04, 9.8547e-01, 4.7970e-03, 
 2DIAGNOSTIC,    26, -6.583507212369e-01, 3.132611037350e-04, 9.8968e-01, 4.2131e-03, 
 2DIAGNOSTIC,    27, -6.586527568469e-01, 2.554116018361e-04, 9.9396e-01, 4.2779e-03, 
 2DIAGNOSTIC,    28, -6.593310437738e-01, 2.225767143840e-04, 9.9920e-01, 5.2361e-03, 
 2DIAGNOSTIC,    29, -6.595734041655e-01, 1.939316665334e-04, 1.0039e+00, 4.6802e-03, 
 2DIAGNOSTIC,    30, -6.595955819569e-01, 1.634946778526e-04, 1.0085e+00, 4.6010e-03, 
 2DIAGNOSTIC,    31, -6.596949967568e-01, 1.392755860911e-04, 1.0125e+00, 4.0700e-03, 
 2DIAGNOSTIC,    32, -6.597157295313e-01, 1.221677497586e-04, 1.0174e+00, 4.8640e-03, 
 2DIAGNOSTIC,    33, -6.597001423845e-01, 9.820426862650e-05, 1.0240e+00, 6.5911e-03, 
 2DIAGNOSTIC,    34, -6.595254449700e-01, 6.486903006440e-05, 1.0282e+00, 4.1490e-03, 
 2DIAGNOSTIC,    35, -6.595295822809e-01, 3.010817889624e-05, 1.0323e+00, 4.1020e-03, 
 2DIAGNOSTIC,    36, -6.595351297935e-01, 1.424396565553e-05, 1.0364e+00, 4.1549e-03, 
 2DIAGNOSTIC,    37, -6.595409535780e-01, 1.474135166595e-06, 1.0405e+00, 4.1330e-03, 
DIAGNOSTIC,Iteration,metricValue,convergenceValue,ITERATION_TIME_INDEX,SINCE_LAST
 2DIAGNOSTIC,     1, -5.183739626533e-01, 1.797693134862e+308, 1.7968e+00, 7.5625e-01, 
 2DIAGNOSTIC,     2, -5.189226238290e-01, 1.797693134862e+308, 1.8256e+00, 2.8818e-02, 
 2DIAGNOSTIC,     3, -5.196899327357e-01, 1.797693134862e+308, 1.8524e+00, 2.6756e-02, 
 2DIAGNOSTIC,     4, -5.204463663000e-01, 1.797693134862e+308, 1.8797e+00, 2.7316e-02, 
 2DIAGNOSTIC,     5, -5.209979485299e-01, 1.797693134862e+308, 1.9064e+00, 2.6763e-02, 
 2DIAGNOSTIC,     6, -5.216357744182e-01, 1.797693134862e+308, 1.9329e+00, 2.6444e-02, 
 2DIAGNOSTIC,     7, -5.233753714524e-01, 1.797693134862e+308, 1.9595e+00, 2.6587e-02, 
 2DIAGNOSTIC,     8, -5.241119131114e-01, 1.797693134862e+308, 1.9930e+00, 3.3501e-02, 
 2DIAGNOSTIC,     9, -5.247293428558e-01, 1.797693134862e+308, 2.0268e+00, 3.3779e-02, 
 2DIAGNOSTIC,    10, -5.250028241392e-01, 8.899807892181e-04, 2.0575e+00, 3.0703e-02, 
 2DIAGNOSTIC,    11, -5.254483054046e-01, 7.905532315257e-04, 2.0875e+00, 3.0009e-02, 
 2DIAGNOSTIC,    12, -5.277635687102e-01, 7.650652087647e-04, 2.1187e+00, 3.1213e-02, 
 2DIAGNOSTIC,    13, -5.283161384782e-01, 7.264279384862e-04, 2.1449e+00, 2.6217e-02, 
 2DIAGNOSTIC,    14, -5.288222936147e-01, 6.775649909545e-04, 2.1707e+00, 2.5835e-02, 
 2DIAGNOSTIC,    15, -5.289976642151e-01, 6.012605037743e-04, 2.1975e+00, 2.6758e-02, 
 2DIAGNOSTIC,    16, -5.298475138181e-01, 5.287513270448e-04, 2.2331e+00, 3.5594e-02, 
 2DIAGNOSTIC,    17, -5.313522153968e-01, 5.176189429611e-04, 2.2629e+00, 2.9862e-02, 
 2DIAGNOSTIC,    18, -5.317212145285e-01, 4.916469516753e-04, 2.2937e+00, 3.0729e-02, 
 2DIAGNOSTIC,    19, -5.322490405996e-01, 4.569583918309e-04, 2.3275e+00, 3.3808e-02, 
 2DIAGNOSTIC,    20, -5.323376844680e-01, 3.940997863770e-04, 2.3551e+00, 2.7573e-02, 
 2DIAGNOSTIC,    21, -5.325910157510e-01, 3.171269598038e-04, 2.3857e+00, 3.0679e-02, 
 2DIAGNOSTIC,    22, -5.334985461126e-01, 2.960182053153e-04, 2.4169e+00, 3.1151e-02, 
 2DIAGNOSTIC,    23, -5.343136262990e-01, 2.804990432227e-04, 2.4483e+00, 3.1379e-02, 
 2DIAGNOSTIC,    24, -5.358580871228e-01, 2.864281797362e-04, 2.4870e+00, 3.8732e-02, 
 2DIAGNOSTIC,    25, -5.371572901236e-01, 2.963532546219e-04, 2.5142e+00, 2.7228e-02, 
 2DIAGNOSTIC,    26, -5.415443557705e-01, 3.851896995165e-04, 2.5416e+00, 2.7391e-02, 
 2DIAGNOSTIC,    27, -5.439891513882e-01, 5.075959121510e-04, 2.5730e+00, 3.1374e-02, 
 2DIAGNOSTIC,    28, -5.456426321307e-01, 6.114713862946e-04, 2.6218e+00, 4.8809e-02, 
 2DIAGNOSTIC,    29, -5.459603988805e-01, 6.666664689976e-04, 2.6493e+00, 2.7521e-02, 
 2DIAGNOSTIC,    30, -5.467610683926e-01, 6.714768665524e-04, 2.6761e+00, 2.6796e-02, 
 2DIAGNOSTIC,    31, -5.474154637226e-01, 6.269922477006e-04, 2.7035e+00, 2.7386e-02, 
 2DIAGNOSTIC,    32, -5.480510941653e-01, 5.510254058276e-04, 2.7317e+00, 2.8233e-02, 
 2DIAGNOSTIC,    33, -5.484198402454e-01, 4.469589056303e-04, 2.7599e+00, 2.8170e-02, 
 2DIAGNOSTIC,    34, -5.488967087787e-01, 3.393846134832e-04, 2.7875e+00, 2.7595e-02, 
 2DIAGNOSTIC,    35, -5.531177206440e-01, 2.887531903211e-04, 2.8255e+00, 3.7965e-02, 
 2DIAGNOSTIC,    36, -5.534218626833e-01, 2.805741497650e-04, 2.8533e+00, 2.7807e-02, 
 2DIAGNOSTIC,    37, -5.537652890247e-01, 2.864228659703e-04, 2.8812e+00, 2.7885e-02, 
 2DIAGNOSTIC,    38, -5.548136584305e-01, 3.034489241944e-04, 2.9159e+00, 3.4779e-02, 
 2DIAGNOSTIC,    39, -5.549085486827e-01, 2.956831770263e-04, 2.9436e+00, 2.7658e-02, 
 2DIAGNOSTIC,    40, -5.552740510402e-01, 2.748436891809e-04, 2.9742e+00, 3.0634e-02, 
 2DIAGNOSTIC,    41, -5.558365984692e-01, 2.443907561076e-04, 3.0152e+00, 4.0971e-02, 
 2DIAGNOSTIC,    42, -5.562244096077e-01, 2.056431157730e-04, 3.0460e+00, 3.0759e-02, 
 2DIAGNOSTIC,    43, -5.562801935520e-01, 1.547305902233e-04, 3.0806e+00, 3.4611e-02, 
 2DIAGNOSTIC,    44, -5.562631192500e-01, 9.575214995309e-05, 3.1141e+00, 3.3515e-02, 
 2DIAGNOSTIC,    45, -5.562755140590e-01, 8.023461251506e-05, 3.1409e+00, 2.6825e-02, 
 2DIAGNOSTIC,    46, -5.562615055118e-01, 6.105400196850e-05, 3.1681e+00, 2.7164e-02, 
 2DIAGNOSTIC,    47, -5.563175593028e-01, 4.107283933017e-05, 3.1963e+00, 2.8237e-02, 
 2DIAGNOSTIC,    48, -5.564770715200e-01, 3.142769820429e-05, 3.2244e+00, 2.8047e-02, 
 2DIAGNOSTIC,    49, -5.566948372922e-01, 2.259008734813e-05, 3.2514e+00, 2.7093e-02, 
 2DIAGNOSTIC,    50, -5.570577987836e-01, 1.953896083356e-05, 3.2792e+00, 2.7755e-02, 
 2DIAGNOSTIC,    51, -5.576097476745e-01, 2.613388309273e-05, 3.3062e+00, 2.6970e-02, 
 2DIAGNOSTIC,    52, -5.603527523488e-01, 6.156155794138e-05, 3.3439e+00, 3.7682e-02, 
 2DIAGNOSTIC,    53, -5.604841106782e-01, 9.092985556596e-05, 3.3737e+00, 2.9854e-02, 
 2DIAGNOSTIC,    54, -5.607090492759e-01, 1.128488112507e-04, 3.4016e+00, 2.7885e-02, 
 2DIAGNOSTIC,    55, -5.611512932145e-01, 1.278348487614e-04, 3.4384e+00, 3.6759e-02, 
 2DIAGNOSTIC,    56, -5.614734925253e-01, 1.327017951201e-04, 3.4662e+00, 2.7881e-02, 
 2DIAGNOSTIC,    57, -5.621258997781e-01, 1.307992721181e-04, 3.4973e+00, 3.1043e-02, 
 2DIAGNOSTIC,    58, -5.636937826789e-01, 1.319184037393e-04, 3.5359e+00, 3.8576e-02, 
 2DIAGNOSTIC,    59, -5.649638648564e-01, 1.335957553514e-04, 3.5624e+00, 2.6533e-02, 
 2DIAGNOSTIC,    60, -5.656524067386e-01, 1.316152477394e-04, 3.5893e+00, 2.6885e-02, 
 2DIAGNOSTIC,    61, -5.658850148509e-01, 1.232911607160e-04, 3.6235e+00, 3.4262e-02, 
 2DIAGNOSTIC,    62, -5.663548739622e-01, 1.305874413223e-04, 3.6609e+00, 3.7393e-02, 
 2DIAGNOSTIC,    63, -5.664739753995e-01, 1.269659358208e-04, 3.6885e+00, 2.7547e-02, 
 2DIAGNOSTIC,    64, -5.668017052026e-01, 1.156181421972e-04, 3.7201e+00, 3.1650e-02, 
 2DIAGNOSTIC,    65, -5.670088349423e-01, 9.881446583966e-05, 3.7478e+00, 2.7628e-02, 
 2DIAGNOSTIC,    66, -5.671426993881e-01, 7.677401389732e-05, 3.7794e+00, 3.1606e-02, 
 2DIAGNOSTIC,    67, -5.672067614443e-01, 5.345498509566e-05, 3.8149e+00, 3.5582e-02, 
 2DIAGNOSTIC,    68, -5.673733436087e-01, 3.881703549452e-05, 3.8491e+00, 3.4151e-02, 
 2DIAGNOSTIC,    69, -5.673766682050e-01, 3.038862500274e-05, 3.8798e+00, 3.0746e-02, 
 2DIAGNOSTIC,    70, -5.673642788872e-01, 2.433788559273e-05, 3.9149e+00, 3.5027e-02, 
 2DIAGNOSTIC,    71, -5.673597265956e-01, 1.778173343484e-05, 3.9421e+00, 2.7207e-02, 
 2DIAGNOSTIC,    72, -5.673403033166e-01, 1.300532554526e-05, 3.9724e+00, 3.0352e-02, 
 2DIAGNOSTIC,    73, -5.673445451020e-01, 7.978134529097e-06, 4.0026e+00, 3.0189e-02, 
 2DIAGNOSTIC,    74, -5.673717349112e-01, 4.822812931481e-06, 4.0332e+00, 3.0569e-02, 
 2DIAGNOSTIC,    75, -5.673571735666e-01, 2.655196470231e-06, 4.0636e+00, 3.0468e-02, 
 2DIAGNOSTIC,    76, -5.673500235662e-01, 1.205130064718e-06, 4.0958e+00, 3.2194e-02, 
DIAGNOSTIC,Iteration,metricValue,convergenceValue,ITERATION_TIME_INDEX,SINCE_LAST
 2DIAGNOSTIC,     1, -5.013650670041e-01, 1.797693134862e+308, 5.1922e+00, 1.0964e+00, 
 2DIAGNOSTIC,     2, -5.015736781150e-01, 1.797693134862e+308, 5.4039e+00, 2.1163e-01, 
 2DIAGNOSTIC,     3, -5.018915460688e-01, 1.797693134862e+308, 5.6171e+00, 2.1326e-01, 
 2DIAGNOSTIC,     4, -5.020995295286e-01, 1.797693134862e+308, 5.8225e+00, 2.0533e-01, 
 2DIAGNOSTIC,     5, -5.021495641403e-01, 1.797693134862e+308, 6.0173e+00, 1.9486e-01, 
 2DIAGNOSTIC,     6, -5.021979220716e-01, 1.797693134862e+308, 6.2406e+00, 2.2328e-01, 
 2DIAGNOSTIC,     7, -5.022396928513e-01, 1.797693134862e+308, 6.4479e+00, 2.0726e-01, 
 2DIAGNOSTIC,     8, -5.023519596206e-01, 1.797693134862e+308, 6.8407e+00, 3.9280e-01, 
 2DIAGNOSTIC,     9, -5.023538508429e-01, 1.797693134862e+308, 7.1312e+00, 2.9054e-01, 
 2DIAGNOSTIC,    10, -5.023572841957e-01, 1.203889643735e-04, 7.4673e+00, 3.3605e-01, 
 2DIAGNOSTIC,    11, -5.023576611497e-01, 7.857923704696e-05, 7.7172e+00, 2.4994e-01, 
 2DIAGNOSTIC,    12, -5.023562593026e-01, 4.639715695506e-05, 7.9394e+00, 2.2217e-01, 
 2DIAGNOSTIC,    13, -5.023566614549e-01, 2.879180435376e-05, 8.2160e+00, 2.7665e-01, 
 2DIAGNOSTIC,    14, -5.023568767928e-01, 1.970030951558e-05, 8.4273e+00, 2.1124e-01, 
 2DIAGNOSTIC,    15, -5.023555914034e-01, 1.210229132771e-05, 8.6776e+00, 2.5037e-01, 
 2DIAGNOSTIC,    16, -5.023559356649e-01, 6.269604140310e-06, 8.9225e+00, 2.4486e-01, 
 2DIAGNOSTIC,    17, -5.023545116304e-01, 1.967863356170e-06, 9.1455e+00, 2.2302e-01, 
 2DIAGNOSTIC,    18, -5.023540602821e-01, 1.651458859595e-06, 9.3634e+00, 2.1789e-01, 
 2DIAGNOSTIC,    19, -5.023555071622e-01, 1.475130229481e-06, 9.5832e+00, 2.1977e-01, 
 2DIAGNOSTIC,    20, -5.023553172723e-01, 1.424738311509e-06, 9.7806e+00, 1.9746e-01, 
 2DIAGNOSTIC,    21, -5.023538977014e-01, 1.368381989553e-06, 1.0001e+01, 2.2000e-01, 
 2DIAGNOSTIC,    22, -5.023518460589e-01, 1.243475825932e-06, 1.0249e+01, 2.4871e-01, 
 2DIAGNOSTIC,    23, -5.023515052864e-01, 1.150656363705e-06, 1.0505e+01, 2.5564e-01, 
 2DIAGNOSTIC,    24, -5.023508989410e-01, 1.077173492660e-06, 1.0736e+01, 2.3093e-01, 
DIAGNOSTIC,Iteration,metricValue,convergenceValue,ITERATION_TIME_INDEX,SINCE_LAST
 2DIAGNOSTIC,     1, -4.668190667228e-01, 1.797693134862e+308, 1.3167e+01, 2.4313e+00, 
 2DIAGNOSTIC,     2, -4.668463429378e-01, 1.797693134862e+308, 1.4593e+01, 1.4257e+00, 
 2DIAGNOSTIC,     3, -4.668663437741e-01, 1.797693134862e+308, 1.5911e+01, 1.3183e+00, 
 2DIAGNOSTIC,     4, -4.669081644497e-01, 1.797693134862e+308, 1.7551e+01, 1.6397e+00, 
 2DIAGNOSTIC,     5, -4.669424714384e-01, 1.797693134862e+308, 1.9239e+01, 1.6882e+00, 
 2DIAGNOSTIC,     6, -4.670096838555e-01, 1.797693134862e+308, 2.0903e+01, 1.6635e+00, 
 2DIAGNOSTIC,     7, -4.670442957638e-01, 1.797693134862e+308, 2.3178e+01, 2.2757e+00, 
 2DIAGNOSTIC,     8, -4.670434279938e-01, 1.797693134862e+308, 2.4847e+01, 1.6683e+00, 
 2DIAGNOSTIC,     9, -4.670429911757e-01, 1.797693134862e+308, 2.6741e+01, 1.8947e+00, 
 2DIAGNOSTIC,    10, -4.670426550604e-01, 3.935730587548e-05, 2.8865e+01, 2.1241e+00, 
 2DIAGNOSTIC,    11, -4.670426588904e-01, 3.043843549876e-05, 3.0444e+01, 1.5787e+00, 
 2DIAGNOSTIC,    12, -4.670425450716e-01, 2.189608950415e-05, 3.2010e+01, 1.5661e+00, 
 2DIAGNOSTIC,    13, -4.670425039354e-01, 1.387407483953e-05, 3.3397e+01, 1.3870e+00, 
 2DIAGNOSTIC,    14, -4.670424040721e-01, 7.791557214365e-06, 3.4912e+01, 1.5147e+00, 
 2DIAGNOSTIC,    15, -4.670421898009e-01, 3.338016126814e-06, 3.6584e+01, 1.6724e+00, 
 2DIAGNOSTIC,    16, -4.670421304509e-01, 1.845763115862e-06, 3.8103e+01, 1.5189e+00, 
 2DIAGNOSTIC,    17, -4.670420598742e-01, 1.779281286446e-06, 3.9667e+01, 1.5640e+00, 
 2DIAGNOSTIC,    18, -4.670418959225e-01, 1.694076814128e-06, 4.1329e+01, 1.6618e+00, 
 2DIAGNOSTIC,    19, -4.670419137426e-01, 1.611642950483e-06, 4.2701e+01, 1.3722e+00, 
 2DIAGNOSTIC,    20, -4.670417618012e-01, 1.528382819124e-06, 4.4190e+01, 1.4889e+00, 
 2DIAGNOSTIC,    21, -4.670417917690e-01, 1.459979891871e-06, 4.5602e+01, 1.4116e+00, 
 2DIAGNOSTIC,    22, -4.670417512002e-01, 1.398544542668e-06, 4.7185e+01, 1.5838e+00, 
 2DIAGNOSTIC,    23, -4.670416137476e-01, 1.342203817652e-06, 4.8940e+01, 1.7547e+00, 
 2DIAGNOSTIC,    24, -4.670416339463e-01, 1.292607269207e-06, 5.0457e+01, 1.5170e+00, 
 2DIAGNOSTIC,    25, -4.670414668796e-01, 1.240729105942e-06, 5.1902e+01, 1.4448e+00, 
 2DIAGNOSTIC,    26, -4.670414011744e-01, 1.192979993091e-06, 5.3325e+01, 1.4233e+00, 
 2DIAGNOSTIC,    27, -4.670414435978e-01, 1.151096249721e-06, 5.4812e+01, 1.4872e+00, 
 2DIAGNOSTIC,    28, -4.670414242402e-01, 1.110687939856e-06, 5.6406e+01, 1.5933e+00, 
 2DIAGNOSTIC,    29, -4.670415808460e-01, 1.079232619265e-06, 5.7772e+01, 1.3662e+00, 
 2DIAGNOSTIC,    30, -4.670414173085e-01, 1.045057544842e-06, 5.9282e+01, 1.5098e+00, 
 2DIAGNOSTIC,    31, -4.670415671610e-01, 1.018219544846e-06, 6.0860e+01, 1.5780e+00, 
  Elapsed time (stage 0): 6.1687e+01


Total elapsed time: 6.1689e+01
Info [verificarlo]: loaded backend libinterflop_ieee.so
Info [interflop-ieee]: load backend with:
Info [interflop-ieee]: debug = false
Info [interflop-ieee]: debug-binary = false
Info [interflop-ieee]: no-backend-name = false
Info [interflop-ieee]: print-new-line = false
Info [interflop-ieee]: print-subnormal-normalized = false
Info [interflop-ieee]: count-op = false
All_Command_lines_OK
Using double precision for computations.
=============================================================================
The composite transform comprises the following transforms (in order): 
  1. /home/mdugre/scratch/mri-registration-rp/datasets/ds004513/derivatives/mri-registration-rp/0001/antsRegistration-r7-p18/sub-s032/rigid_Composite.h5[0] (type = Euler3DTransform)
  2. /home/mdugre/scratch/mri-registration-rp/datasets/ds004513/derivatives/mri-registration-rp/0001/antsRegistration-r7-p18/sub-s032/rigid_Composite.h5[1] (type = Euler3DTransform)
  3. /home/mdugre/scratch/mri-registration-rp/datasets/ds004513/derivatives/mri-registration-rp/0001/antsRegistration-r7-p18/sub-s032/rigid_Composite.h5[2] (type = Euler3DTransform)
=============================================================================
  number of levels = 4
  fixed image: /templateflow/tpl-MNI152NLin2009cAsym/tpl-MNI152NLin2009cAsym_res-01_desc-brain_T1w.nii.gz
  moving image: /home/mdugre/scratch/mri-registration-rp/datasets/ds004513/derivatives/mri-registration-rp/antsBrainExtraction/sub-s032/BrainExtractionBrain.nii.gz
Dimension = 3
Number of stages = 1
Use histogram matching = false
Winsorize image intensities = true
  Lower quantile = 0.005
  Upper quantile = 0.995


Stage 1 State
   Image metric = MattesMI
     Fixed image = Image (0x43d47e0)
  RTTI typeinfo:   itk::Image<double, 3u>
  Reference Count: 2
  Modified Time: 1592
  Debug: Off
  Object Name: 
  Observers: 
    none
  Source: (none)
  Source output name: (none)
  Release Data: Off
  Data Released: False
  Global Release Data: Off
  PipelineMTime: 0
  UpdateMTime: 1203
  RealTimeStamp: 0 seconds 
  LargestPossibleRegion: 
    Dimension: 3
    Index: [0, 0, 0]
    Size: [193, 229, 193]
  BufferedRegion: 
    Dimension: 3
    Index: [0, 0, 0]
    Size: [193, 229, 193]
  RequestedRegion: 
    Dimension: 3
    Index: [0, 0, 0]
    Size: [193, 229, 193]
  Spacing: [1, 1, 1]
  Origin: [96, 132, -78]
  Direction: 
-1 0 0
0 -1 0
0 0 1

  IndexToPointMatrix: 
-1 0 0
0 -1 0
0 0 1

  PointToIndexMatrix: 
-1 0 0
0 -1 0
0 0 1

  Inverse Direction: 
-1 0 0
0 -1 0
0 0 1

  PixelContainer: 
    ImportImageContainer (0x4494a20)
      RTTI typeinfo:   itk::ImportImageContainer<unsigned long, double>
      Reference Count: 1
      Modified Time: 1200
      Debug: Off
      Object Name: 
      Observers: 
        none
      Pointer: 0x14feedf30010
      Container manages memory: true
      Size: 8530021
      Capacity: 8530021

     Moving image = Image (0x448fd70)
  RTTI typeinfo:   itk::Image<double, 3u>
  Reference Count: 2
  Modified Time: 1593
  Debug: Off
  Object Name: 
  Observers: 
    none
  Source: (none)
  Source output name: (none)
  Release Data: Off
  Data Released: False
  Global Release Data: Off
  PipelineMTime: 0
  UpdateMTime: 1590
  RealTimeStamp: 0 seconds 
  LargestPossibleRegion: 
    Dimension: 3
    Index: [0, 0, 0]
    Size: [160, 240, 256]
  BufferedRegion: 
    Dimension: 3
    Index: [0, 0, 0]
    Size: [160, 240, 256]
  RequestedRegion: 
    Dimension: 3
    Index: [0, 0, 0]
    Size: [160, 240, 256]
  Spacing: [1, 1, 1]
  Origin: [73.279, 104.707, -131.187]
  Direction: 
-0.997527 0.0645574 -0.0278053
-0.0645323 -0.997914 -0.00179875
-0.0278634 4.01097e-08 0.999612

  IndexToPointMatrix: 
-0.997527 0.0645574 -0.0278053
-0.0645323 -0.997914 -0.00179875
-0.0278634 4.01097e-08 0.999612

  PointToIndexMatrix: 
-0.997527 -0.0645323 -0.0278634
0.0645574 -0.997914 4.01049e-08
-0.0278053 -0.00179875 0.999612

  Inverse Direction: 
-0.997527 -0.0645323 -0.0278634
0.0645574 -0.997914 4.01049e-08
-0.0278053 -0.00179875 0.999612

  PixelContainer: 
    ImportImageContainer (0x4447c90)
      RTTI typeinfo:   itk::ImportImageContainer<unsigned long, double>
      Reference Count: 1
      Modified Time: 1587
      Debug: Off
      Object Name: 
      Observers: 
        none
      Pointer: 0x14fee942f010
      Container manages memory: true
      Size: 9830400
      Capacity: 9830400

     Weighting = 1
     Sampling strategy = regular
     Number of bins = 32
     Radius = 4
     Sampling percentage  = 0.25
   Transform = Affine
     Gradient step = 0.1
     Update field sigma (voxel space) = 0
     Total field sigma (voxel space) = 0
     Update field time sigma = 0
     Total field time sigma  = 0
     Number of time indices = 0
     Number of time point samples = 0
Registration using 1 total stages.

Stage 0
  iterations = 1000x500x250x100
  convergence threshold = 1e-06
  convergence window size = 10
  number of levels = 4
  using the Mattes MI metric (number of bins = 32, weight = 1, use gradient filter = 0)
  preprocessing:  winsorizing the image intensities
  Shrink factors (level 1 out of 4): [8, 8, 8]
  Shrink factors (level 2 out of 4): [4, 4, 4]
  Shrink factors (level 3 out of 4): [2, 2, 2]
  Shrink factors (level 4 out of 4): [1, 1, 1]
  smoothing sigmas per level: [3, 2, 1, 0]
  regular sampling (percentage = 0.25)

*** Running AffineTransform registration ***

DIAGNOSTIC,Iteration,metricValue,convergenceValue,ITERATION_TIME_INDEX,SINCE_LAST
 2DIAGNOSTIC,     1, -6.849110714354e-01, 1.797693134862e+308, 7.8777e-01, 7.8777e-01, 
 2DIAGNOSTIC,     2, -6.867764624082e-01, 1.797693134862e+308, 7.9217e-01, 4.4019e-03, 
 2DIAGNOSTIC,     3, -6.899128541081e-01, 1.797693134862e+308, 7.9648e-01, 4.3108e-03, 
 2DIAGNOSTIC,     4, -6.955289355233e-01, 1.797693134862e+308, 8.0061e-01, 4.1282e-03, 
 2DIAGNOSTIC,     5, -7.043449112938e-01, 1.797693134862e+308, 8.0491e-01, 4.2980e-03, 
 2DIAGNOSTIC,     6, -7.141035911513e-01, 1.797693134862e+308, 8.1009e-01, 5.1839e-03, 
 2DIAGNOSTIC,     7, -7.229239020024e-01, 1.797693134862e+308, 8.2012e-01, 1.0025e-02, 
 2DIAGNOSTIC,     8, -7.228405547224e-01, 1.797693134862e+308, 8.2437e-01, 4.2491e-03, 
 2DIAGNOSTIC,     9, -7.229117630519e-01, 1.797693134862e+308, 8.2864e-01, 4.2701e-03, 
 2DIAGNOSTIC,    10, -7.230287351935e-01, 4.314473863563e-03, 8.3318e-01, 4.5400e-03, 
 2DIAGNOSTIC,    11, -7.232177491796e-01, 3.457346489618e-03, 8.3759e-01, 4.4169e-03, 
 2DIAGNOSTIC,    12, -7.235057717640e-01, 2.506236011855e-03, 8.4204e-01, 4.4479e-03, 
 2DIAGNOSTIC,    13, -7.240068817372e-01, 1.592338502128e-03, 8.4647e-01, 4.4289e-03, 
 2DIAGNOSTIC,    14, -7.245093035793e-01, 8.415722863023e-04, 8.5091e-01, 4.4448e-03, 
 2DIAGNOSTIC,    15, -7.249592188712e-01, 3.576477859468e-04, 8.5561e-01, 4.6949e-03, 
 2DIAGNOSTIC,    16, -7.259796152656e-01, 1.646828971678e-04, 8.6006e-01, 4.4551e-03, 
 2DIAGNOSTIC,    17, -7.273956792898e-01, 2.190488768968e-04, 8.6458e-01, 4.5180e-03, 
 2DIAGNOSTIC,    18, -7.292066755049e-01, 2.846851956317e-04, 8.6969e-01, 5.1081e-03, 
 2DIAGNOSTIC,    19, -7.338804137511e-01, 4.155584939278e-04, 8.7626e-01, 6.5730e-03, 
 2DIAGNOSTIC,    20, -7.350907652410e-01, 5.189912227395e-04, 8.8114e-01, 4.8740e-03, 
 2DIAGNOSTIC,    21, -7.361253065474e-01, 5.878465953587e-04, 8.8636e-01, 5.2209e-03, 
 2DIAGNOSTIC,    22, -7.372752177151e-01, 6.218738604484e-04, 8.9188e-01, 5.5230e-03, 
 2DIAGNOSTIC,    23, -7.375090318097e-01, 6.067022413566e-04, 8.9661e-01, 4.7300e-03, 
 2DIAGNOSTIC,    24, -7.377736380141e-01, 5.480284364391e-04, 9.0165e-01, 5.0409e-03, 
 2DIAGNOSTIC,    25, -7.380031314263e-01, 4.534135200091e-04, 9.0675e-01, 5.0969e-03, 
 2DIAGNOSTIC,    26, -7.382587310879e-01, 3.435576952699e-04, 9.1115e-01, 4.3991e-03, 
 2DIAGNOSTIC,    27, -7.383301771010e-01, 2.314772336710e-04, 9.1604e-01, 4.8900e-03, 
 2DIAGNOSTIC,    28, -7.383229807786e-01, 1.296959075838e-04, 9.2275e-01, 6.7129e-03, 
 2DIAGNOSTIC,    29, -7.383509178780e-01, 8.658341346170e-05, 9.2729e-01, 4.5412e-03, 
 2DIAGNOSTIC,    30, -7.381720662584e-01, 5.159696401284e-05, 9.3172e-01, 4.4291e-03, 
 2DIAGNOSTIC,    31, -7.382048545507e-01, 2.731229646818e-05, 9.3617e-01, 4.4460e-03, 
 2DIAGNOSTIC,    32, -7.381422643323e-01, 1.535422672017e-05, 9.4112e-01, 4.9520e-03, 
 2DIAGNOSTIC,    33, -7.380939942105e-01, 4.958361349679e-06, 9.4551e-01, 4.3859e-03, 
DIAGNOSTIC,Iteration,metricValue,convergenceValue,ITERATION_TIME_INDEX,SINCE_LAST
 2DIAGNOSTIC,     1, -5.940838192496e-01, 1.797693134862e+308, 1.6878e+00, 7.4230e-01, 
 2DIAGNOSTIC,     2, -5.945668674797e-01, 1.797693134862e+308, 1.7222e+00, 3.4385e-02, 
 2DIAGNOSTIC,     3, -5.950928543807e-01, 1.797693134862e+308, 1.7558e+00, 3.3613e-02, 
 2DIAGNOSTIC,     4, -5.956326875182e-01, 1.797693134862e+308, 1.7878e+00, 3.2029e-02, 
 2DIAGNOSTIC,     5, -5.960533420501e-01, 1.797693134862e+308, 1.8254e+00, 3.7613e-02, 
 2DIAGNOSTIC,     6, -5.960730563427e-01, 1.797693134862e+308, 1.8654e+00, 3.9955e-02, 
 2DIAGNOSTIC,     7, -5.960961473183e-01, 1.797693134862e+308, 1.9012e+00, 3.5838e-02, 
 2DIAGNOSTIC,     8, -5.962305331231e-01, 1.797693134862e+308, 1.9360e+00, 3.4799e-02, 
 2DIAGNOSTIC,     9, -5.968537028867e-01, 1.797693134862e+308, 1.9705e+00, 3.4495e-02, 
 2DIAGNOSTIC,    10, -5.978957389934e-01, 3.288612894063e-04, 2.0033e+00, 3.2726e-02, 
 2DIAGNOSTIC,    11, -6.008066679000e-01, 4.202378311667e-04, 2.0485e+00, 4.5258e-02, 
 2DIAGNOSTIC,    12, -6.025877958913e-01, 5.461073028877e-04, 2.1096e+00, 6.1130e-02, 
 2DIAGNOSTIC,    13, -6.025944886294e-01, 6.224051609581e-04, 2.1486e+00, 3.8992e-02, 
 2DIAGNOSTIC,    14, -6.026310565522e-01, 6.524539724477e-04, 2.1845e+00, 3.5840e-02, 
 2DIAGNOSTIC,    15, -6.026523221822e-01, 6.331136089967e-04, 2.2216e+00, 3.7124e-02, 
 2DIAGNOSTIC,    16, -6.027242590094e-01, 5.596471914286e-04, 2.2569e+00, 3.5303e-02, 
 2DIAGNOSTIC,    17, -6.027982476583e-01, 4.456751793293e-04, 2.2945e+00, 3.7632e-02, 
 2DIAGNOSTIC,    18, -6.028409935348e-01, 3.090443513174e-04, 2.3376e+00, 4.3099e-02, 
 2DIAGNOSTIC,    19, -6.028428089880e-01, 1.748905690869e-04, 2.3806e+00, 4.2941e-02, 
 2DIAGNOSTIC,    20, -6.028211269587e-01, 6.089616822387e-05, 2.4126e+00, 3.2034e-02, 
 2DIAGNOSTIC,    21, -6.028615638190e-01, 1.779762918681e-05, 2.4477e+00, 3.5073e-02, 
 2DIAGNOSTIC,    22, -6.028597676914e-01, 1.540776239562e-05, 2.4819e+00, 3.4223e-02, 
 2DIAGNOSTIC,    23, -6.028884342523e-01, 1.264107895840e-05, 2.5226e+00, 4.0690e-02, 
 2DIAGNOSTIC,    24, -6.029363949723e-01, 1.074367258412e-05, 2.5604e+00, 3.7836e-02, 
 2DIAGNOSTIC,    25, -6.029533057613e-01, 8.813574097745e-06, 2.5955e+00, 3.5020e-02, 
 2DIAGNOSTIC,    26, -6.030408087764e-01, 9.199213844555e-06, 2.6324e+00, 3.6988e-02, 
 2DIAGNOSTIC,    27, -6.031086322524e-01, 1.123478649143e-05, 2.6731e+00, 4.0638e-02, 
 2DIAGNOSTIC,    28, -6.030891499130e-01, 1.255423612078e-05, 2.7137e+00, 4.0609e-02, 
 2DIAGNOSTIC,    29, -6.030898564698e-01, 1.279309958079e-05, 2.7522e+00, 3.8561e-02, 
 2DIAGNOSTIC,    30, -6.031276530570e-01, 1.215447775896e-05, 2.7886e+00, 3.6347e-02, 
 2DIAGNOSTIC,    31, -6.031789670244e-01, 1.187766521236e-05, 2.8231e+00, 3.4461e-02, 
 2DIAGNOSTIC,    32, -6.032946300022e-01, 1.223910444310e-05, 2.8573e+00, 3.4230e-02, 
 2DIAGNOSTIC,    33, -6.035335212351e-01, 1.532307549847e-05, 2.8925e+00, 3.5178e-02, 
 2DIAGNOSTIC,    34, -6.038565051485e-01, 2.198082630873e-05, 2.9306e+00, 3.8131e-02, 
 2DIAGNOSTIC,    35, -6.044155496751e-01, 3.394031480929e-05, 2.9680e+00, 3.7425e-02, 
 2DIAGNOSTIC,    36, -6.056028322812e-01, 5.867742481119e-05, 3.0124e+00, 4.4427e-02, 
 2DIAGNOSTIC,    37, -6.059184772879e-01, 8.116293398001e-05, 3.0945e+00, 8.2002e-02, 
 2DIAGNOSTIC,    38, -6.058992594286e-01, 9.445269719310e-05, 3.1353e+00, 4.0805e-02, 
 2DIAGNOSTIC,    39, -6.059015256427e-01, 9.837396771507e-05, 3.1777e+00, 4.2466e-02, 
 2DIAGNOSTIC,    40, -6.059058190681e-01, 9.321690474307e-05, 3.2249e+00, 4.7156e-02, 
 2DIAGNOSTIC,    41, -6.059044927858e-01, 7.985384385985e-05, 3.2591e+00, 3.4202e-02, 
 2DIAGNOSTIC,    42, -6.059077564912e-01, 6.088129923383e-05, 3.3047e+00, 4.5636e-02, 
 2DIAGNOSTIC,    43, -6.059122939495e-01, 3.990268671989e-05, 3.3473e+00, 4.2570e-02, 
 2DIAGNOSTIC,    44, -6.058951858035e-01, 1.945952673242e-05, 3.3861e+00, 3.8851e-02, 
 2DIAGNOSTIC,    45, -6.058780448804e-01, 3.509522295140e-06, 3.4208e+00, 3.4702e-02, 
DIAGNOSTIC,Iteration,metricValue,convergenceValue,ITERATION_TIME_INDEX,SINCE_LAST
 2DIAGNOSTIC,     1, -5.407004455858e-01, 1.797693134862e+308, 4.5553e+00, 1.1345e+00, 
 2DIAGNOSTIC,     2, -5.409542123958e-01, 1.797693134862e+308, 4.7902e+00, 2.3489e-01, 
 2DIAGNOSTIC,     3, -5.413353512399e-01, 1.797693134862e+308, 5.0370e+00, 2.4677e-01, 
 2DIAGNOSTIC,     4, -5.419009149544e-01, 1.797693134862e+308, 5.2876e+00, 2.5059e-01, 
 2DIAGNOSTIC,     5, -5.426351649603e-01, 1.797693134862e+308, 5.5298e+00, 2.4219e-01, 
 2DIAGNOSTIC,     6, -5.448363605293e-01, 1.797693134862e+308, 5.9412e+00, 4.1139e-01, 
 2DIAGNOSTIC,     7, -5.448742773029e-01, 1.797693134862e+308, 6.3715e+00, 4.3032e-01, 
 2DIAGNOSTIC,     8, -5.448759862483e-01, 1.797693134862e+308, 6.6520e+00, 2.8050e-01, 
 2DIAGNOSTIC,     9, -5.448730579551e-01, 1.797693134862e+308, 6.9063e+00, 2.5438e-01, 
 2DIAGNOSTIC,    10, -5.448700017056e-01, 6.222080621986e-04, 7.2839e+00, 3.7757e-01, 
 2DIAGNOSTIC,    11, -5.448692379013e-01, 4.851758794182e-04, 7.5434e+00, 2.5943e-01, 
 2DIAGNOSTIC,    12, -5.448670737948e-01, 3.387247795160e-04, 7.7972e+00, 2.5380e-01, 
 2DIAGNOSTIC,    13, -5.448658296651e-01, 2.009410820158e-04, 8.0698e+00, 2.7269e-01, 
 2DIAGNOSTIC,    14, -5.448635287669e-01, 8.612121303515e-05, 8.3314e+00, 2.6154e-01, 
