
##########################
# Experiment information #
##########################

EXPERIMENT_NAME: antsRegistration-r8-p19
VFC_BACKENDS: libinterflop_vprec.so --range-binary32=8 --precision-binary32=19 --range-binary64=8 --precision-binary64=19

SIF_IMG: /home/mdugre/projects/rrg-glatard/mdugre/containers/ants-vprec-no_metrics.simg

SUBJECT_ID: s033
INPUT_IMG: /home/mdugre/scratch/mri-registration-rp/datasets/ds004513/derivatives/mri-registration-rp/antsBrainExtraction/sub-s033/BrainExtractionBrain.nii.gz
OUTPUT_DIR: /home/mdugre/scratch/mri-registration-rp/datasets/ds004513/derivatives/mri-registration-rp/0001/antsRegistration-r8-p19/sub-s033

FIXED_IMG: /templateflow/tpl-MNI152NLin2009cAsym/tpl-MNI152NLin2009cAsym_res-01_desc-brain_T1w.nii.gz
DATA_DIR: /home/mdugre/scratch/mri-registration-rp/datasets/ds004513
TEMPLATEFLOW_DIR: /home/mdugre/projects/rrg-glatard/mdugre/templateflow
ITK_GLOBAL_DEFAULT_NUMBER_OF_THREADS: 16
##########################

Info [verificarlo]: loaded backend libinterflop_ieee.so
Info [interflop-ieee]: load backend with:
Info [interflop-ieee]: debug = false
Info [interflop-ieee]: debug-binary = false
Info [interflop-ieee]: no-backend-name = false
Info [interflop-ieee]: print-new-line = false
Info [interflop-ieee]: print-subnormal-normalized = false
Info [interflop-ieee]: count-op = false
All_Command_lines_OK
Using double precision for computations.
=============================================================================
The composite transform comprises the following transforms (in order): 
  1. Center of mass alignment using fixed image: /templateflow/tpl-MNI152NLin2009cAsym/tpl-MNI152NLin2009cAsym_res-01_desc-brain_T1w.nii.gz and moving image: /home/mdugre/scratch/mri-registration-rp/datasets/ds004513/derivatives/mri-registration-rp/antsBrainExtraction/sub-s033/BrainExtractionBrain.nii.gz (type = Euler3DTransform)
=============================================================================
  number of levels = 1
  fixed image: /templateflow/tpl-MNI152NLin2009cAsym/tpl-MNI152NLin2009cAsym_res-01_desc-brain_T1w.nii.gz
  moving image: /home/mdugre/scratch/mri-registration-rp/datasets/ds004513/derivatives/mri-registration-rp/antsBrainExtraction/sub-s033/BrainExtractionBrain.nii.gz
Dimension = 3
Number of stages = 1
Use histogram matching = false
Winsorize image intensities = true
  Lower quantile = 0.005
  Upper quantile = 0.995


Stage 1 State
   Image metric = MattesMI
     Fixed image = Image (0x4424e70)
  RTTI typeinfo:   itk::Image<double, 3u>
  Reference Count: 2
  Modified Time: 2330
  Debug: Off
  Object Name: 
  Observers: 
    none
  Source: (none)
  Source output name: (none)
  Release Data: Off
  Data Released: False
  Global Release Data: Off
  PipelineMTime: 0
  UpdateMTime: 1941
  RealTimeStamp: 0 seconds 
  LargestPossibleRegion: 
    Dimension: 3
    Index: [0, 0, 0]
    Size: [193, 229, 193]
  BufferedRegion: 
    Dimension: 3
    Index: [0, 0, 0]
    Size: [193, 229, 193]
  RequestedRegion: 
    Dimension: 3
    Index: [0, 0, 0]
    Size: [193, 229, 193]
  Spacing: [1, 1, 1]
  Origin: [96, 132, -78]
  Direction: 
-1 0 0
0 -1 0
0 0 1

  IndexToPointMatrix: 
-1 0 0
0 -1 0
0 0 1

  PointToIndexMatrix: 
-1 0 0
0 -1 0
0 0 1

  Inverse Direction: 
-1 0 0
0 -1 0
0 0 1

  PixelContainer: 
    ImportImageContainer (0x442dc60)
      RTTI typeinfo:   itk::ImportImageContainer<unsigned long, double>
      Reference Count: 1
      Modified Time: 1938
      Debug: Off
      Object Name: 
      Observers: 
        none
      Pointer: 0x1533d8a72010
      Container manages memory: true
      Size: 8530021
      Capacity: 8530021

     Moving image = Image (0x4427540)
  RTTI typeinfo:   itk::Image<double, 3u>
  Reference Count: 2
  Modified Time: 2331
  Debug: Off
  Object Name: 
  Observers: 
    none
  Source: (none)
  Source output name: (none)
  Release Data: Off
  Data Released: False
  Global Release Data: Off
  PipelineMTime: 0
  UpdateMTime: 2328
  RealTimeStamp: 0 seconds 
  LargestPossibleRegion: 
    Dimension: 3
    Index: [0, 0, 0]
    Size: [160, 240, 256]
  BufferedRegion: 
    Dimension: 3
    Index: [0, 0, 0]
    Size: [160, 240, 256]
  RequestedRegion: 
    Dimension: 3
    Index: [0, 0, 0]
    Size: [160, 240, 256]
  Spacing: [1, 1, 1]
  Origin: [91.5134, 94.282, -109.927]
  Direction: 
-0.99591 -0.0698718 -0.0572835
0.0697565 -0.997556 0.00401236
-0.0574239 5.01125e-08 0.99835

  IndexToPointMatrix: 
-0.99591 -0.0698718 -0.0572835
0.0697565 -0.997556 0.00401236
-0.0574239 5.01125e-08 0.99835

  PointToIndexMatrix: 
-0.99591 0.0697565 -0.0574239
-0.0698718 -0.997556 5.01483e-08
-0.0572835 0.00401236 0.99835

  Inverse Direction: 
-0.99591 0.0697565 -0.0574239
-0.0698718 -0.997556 5.01483e-08
-0.0572835 0.00401236 0.99835

  PixelContainer: 
    ImportImageContainer (0x4539610)
      RTTI typeinfo:   itk::ImportImageContainer<unsigned long, double>
      Reference Count: 1
      Modified Time: 2325
      Debug: Off
      Object Name: 
      Observers: 
        none
      Pointer: 0x1533d3f71010
      Container manages memory: true
      Size: 9830400
      Capacity: 9830400

     Weighting = 1
     Sampling strategy = regular
     Number of bins = 32
     Radius = 4
     Sampling percentage  = 0.25
   Transform = Rigid
     Gradient step = 0.1
     Update field sigma (voxel space) = 0
     Total field sigma (voxel space) = 0
     Update field time sigma = 0
     Total field time sigma  = 0
     Number of time indices = 0
     Number of time point samples = 0
Registration using 1 total stages.

Stage 0
  iterations = 0
  convergence threshold = 1e-06
  convergence window size = 10
  number of levels = 1
  using the Mattes MI metric (number of bins = 32, weight = 1, use gradient filter = 0)
  preprocessing:  winsorizing the image intensities
  Shrink factors (level 1 out of 1): [1, 1, 1]
  smoothing sigmas per level: [0]
  regular sampling (percentage = 0.25)

*** Running Euler3DTransform registration ***

  Elapsed time (stage 0): 1.10099


Total elapsed time: 1.10327
Info [verificarlo]: loaded backend libinterflop_ieee.so
Info [interflop-ieee]: load backend with:
Info [interflop-ieee]: debug = false
Info [interflop-ieee]: debug-binary = false
Info [interflop-ieee]: no-backend-name = false
Info [interflop-ieee]: print-new-line = false
Info [interflop-ieee]: print-subnormal-normalized = false
Info [interflop-ieee]: count-op = false
All_Command_lines_OK
Using double precision for computations.
=============================================================================
The composite transform comprises the following transforms (in order): 
  1. /home/mdugre/scratch/mri-registration-rp/datasets/ds004513/derivatives/mri-registration-rp/0001/antsRegistration-r8-p19/sub-s033/align_Composite.h5[0] (type = Euler3DTransform)
  2. /home/mdugre/scratch/mri-registration-rp/datasets/ds004513/derivatives/mri-registration-rp/0001/antsRegistration-r8-p19/sub-s033/align_Composite.h5[1] (type = Euler3DTransform)
=============================================================================
  number of levels = 4
  fixed image: /templateflow/tpl-MNI152NLin2009cAsym/tpl-MNI152NLin2009cAsym_res-01_desc-brain_T1w.nii.gz
  moving image: /home/mdugre/scratch/mri-registration-rp/datasets/ds004513/derivatives/mri-registration-rp/antsBrainExtraction/sub-s033/BrainExtractionBrain.nii.gz
Dimension = 3
Number of stages = 1
Use histogram matching = false
Winsorize image intensities = true
  Lower quantile = 0.005
  Upper quantile = 0.995


Stage 1 State
   Image metric = MattesMI
     Fixed image = Image (0x3960530)
  RTTI typeinfo:   itk::Image<double, 3u>
  Reference Count: 2
  Modified Time: 1578
  Debug: Off
  Object Name: 
  Observers: 
    none
  Source: (none)
  Source output name: (none)
  Release Data: Off
  Data Released: False
  Global Release Data: Off
  PipelineMTime: 0
  UpdateMTime: 1189
  RealTimeStamp: 0 seconds 
  LargestPossibleRegion: 
    Dimension: 3
    Index: [0, 0, 0]
    Size: [193, 229, 193]
  BufferedRegion: 
    Dimension: 3
    Index: [0, 0, 0]
    Size: [193, 229, 193]
  RequestedRegion: 
    Dimension: 3
    Index: [0, 0, 0]
    Size: [193, 229, 193]
  Spacing: [1, 1, 1]
  Origin: [96, 132, -78]
  Direction: 
-1 0 0
0 -1 0
0 0 1

  IndexToPointMatrix: 
-1 0 0
0 -1 0
0 0 1

  PointToIndexMatrix: 
-1 0 0
0 -1 0
0 0 1

  Inverse Direction: 
-1 0 0
0 -1 0
0 0 1

  PixelContainer: 
    ImportImageContainer (0x3a1ed60)
      RTTI typeinfo:   itk::ImportImageContainer<unsigned long, double>
      Reference Count: 1
      Modified Time: 1186
      Debug: Off
      Object Name: 
      Observers: 
        none
      Pointer: 0x1487ea5d3010
      Container manages memory: true
      Size: 8530021
      Capacity: 8530021

     Moving image = Image (0x3a10f60)
  RTTI typeinfo:   itk::Image<double, 3u>
  Reference Count: 2
  Modified Time: 1579
  Debug: Off
  Object Name: 
  Observers: 
    none
  Source: (none)
  Source output name: (none)
  Release Data: Off
  Data Released: False
  Global Release Data: Off
  PipelineMTime: 0
  UpdateMTime: 1576
  RealTimeStamp: 0 seconds 
  LargestPossibleRegion: 
    Dimension: 3
    Index: [0, 0, 0]
    Size: [160, 240, 256]
  BufferedRegion: 
    Dimension: 3
    Index: [0, 0, 0]
    Size: [160, 240, 256]
  RequestedRegion: 
    Dimension: 3
    Index: [0, 0, 0]
    Size: [160, 240, 256]
  Spacing: [1, 1, 1]
  Origin: [91.5134, 94.282, -109.927]
  Direction: 
-0.99591 -0.0698718 -0.0572835
0.0697565 -0.997556 0.00401236
-0.0574239 5.01125e-08 0.99835

  IndexToPointMatrix: 
-0.99591 -0.0698718 -0.0572835
0.0697565 -0.997556 0.00401236
-0.0574239 5.01125e-08 0.99835

  PointToIndexMatrix: 
-0.99591 0.0697565 -0.0574239
-0.0698718 -0.997556 5.01483e-08
-0.0572835 0.00401236 0.99835

  Inverse Direction: 
-0.99591 0.0697565 -0.0574239
-0.0698718 -0.997556 5.01483e-08
-0.0572835 0.00401236 0.99835

  PixelContainer: 
    ImportImageContainer (0x3a026d0)
      RTTI typeinfo:   itk::ImportImageContainer<unsigned long, double>
      Reference Count: 1
      Modified Time: 1573
      Debug: Off
      Object Name: 
      Observers: 
        none
      Pointer: 0x1487e5ad2010
      Container manages memory: true
      Size: 9830400
      Capacity: 9830400

     Weighting = 1
     Sampling strategy = regular
     Number of bins = 32
     Radius = 4
     Sampling percentage  = 0.25
   Transform = Rigid
     Gradient step = 0.1
     Update field sigma (voxel space) = 0
     Total field sigma (voxel space) = 0
     Update field time sigma = 0
     Total field time sigma  = 0
     Number of time indices = 0
     Number of time point samples = 0
Registration using 1 total stages.

Stage 0
  iterations = 1000x500x250x100
  convergence threshold = 1e-06
  convergence window size = 10
  number of levels = 4
  using the Mattes MI metric (number of bins = 32, weight = 1, use gradient filter = 0)
  preprocessing:  winsorizing the image intensities
  Shrink factors (level 1 out of 4): [8, 8, 8]
  Shrink factors (level 2 out of 4): [4, 4, 4]
  Shrink factors (level 3 out of 4): [2, 2, 2]
  Shrink factors (level 4 out of 4): [1, 1, 1]
  smoothing sigmas per level: [3, 2, 1, 0]
  regular sampling (percentage = 0.25)

*** Running Euler3DTransform registration ***

DIAGNOSTIC,Iteration,metricValue,convergenceValue,ITERATION_TIME_INDEX,SINCE_LAST
 2DIAGNOSTIC,     1, -4.945365495269e-01, 1.797693134862e+308, 8.0185e-01, 8.0185e-01, 
 2DIAGNOSTIC,     2, -4.961551199262e-01, 1.797693134862e+308, 8.0588e-01, 4.0321e-03, 
 2DIAGNOSTIC,     3, -4.991207097076e-01, 1.797693134862e+308, 8.1002e-01, 4.1440e-03, 
 2DIAGNOSTIC,     4, -5.030359852117e-01, 1.797693134862e+308, 8.1410e-01, 4.0791e-03, 
 2DIAGNOSTIC,     5, -5.059125054655e-01, 1.797693134862e+308, 8.1836e-01, 4.2520e-03, 
 2DIAGNOSTIC,     6, -5.092815596254e-01, 1.797693134862e+308, 8.2293e-01, 4.5769e-03, 
 2DIAGNOSTIC,     7, -5.205915484568e-01, 1.797693134862e+308, 8.2738e-01, 4.4520e-03, 
 2DIAGNOSTIC,     8, -5.236677933913e-01, 1.797693134862e+308, 8.3194e-01, 4.5590e-03, 
 2DIAGNOSTIC,     9, -5.261653611514e-01, 1.797693134862e+308, 8.3615e-01, 4.2112e-03, 
 2DIAGNOSTIC,    10, -5.313843279548e-01, 4.956236851461e-03, 8.4053e-01, 4.3781e-03, 
 2DIAGNOSTIC,    11, -5.461121550605e-01, 5.255951709877e-03, 8.4636e-01, 5.8260e-03, 
 2DIAGNOSTIC,    12, -5.563506773258e-01, 5.544499219495e-03, 8.5086e-01, 4.4999e-03, 
 2DIAGNOSTIC,    13, -6.011783753090e-01, 7.240286203973e-03, 8.5652e-01, 5.6610e-03, 
 2DIAGNOSTIC,    14, -6.166052825031e-01, 8.701253899208e-03, 8.6096e-01, 4.4370e-03, 
 2DIAGNOSTIC,    15, -6.211428291636e-01, 9.416357351005e-03, 8.6531e-01, 4.3581e-03, 
 2DIAGNOSTIC,    16, -6.235432151393e-01, 9.368281934829e-03, 8.7023e-01, 4.9140e-03, 
 2DIAGNOSTIC,    17, -6.347577460957e-01, 9.145335025937e-03, 8.7615e-01, 5.9230e-03, 
 2DIAGNOSTIC,    18, -6.413138476421e-01, 8.359392950098e-03, 8.8088e-01, 4.7259e-03, 
 2DIAGNOSTIC,    19, -6.420802711307e-01, 6.980623452103e-03, 8.8605e-01, 5.1680e-03, 
 2DIAGNOSTIC,    20, -6.425493367579e-01, 5.272872574450e-03, 8.9020e-01, 4.1540e-03, 
 2DIAGNOSTIC,    21, -6.431795003569e-01, 3.641466658563e-03, 8.9487e-01, 4.6749e-03, 
 2DIAGNOSTIC,    22, -6.434078409356e-01, 2.049113977336e-03, 8.9905e-01, 4.1790e-03, 
 2DIAGNOSTIC,    23, -6.435083888766e-01, 1.381096886453e-03, 9.0378e-01, 4.7238e-03, 
 2DIAGNOSTIC,    24, -6.436807753687e-01, 9.688116232363e-04, 9.0903e-01, 5.2550e-03, 
 2DIAGNOSTIC,    25, -6.439989382202e-01, 6.014653422669e-04, 9.1480e-01, 5.7681e-03, 
 2DIAGNOSTIC,    26, -6.448361525138e-01, 2.655196266123e-04, 9.1896e-01, 4.1630e-03, 
 2DIAGNOSTIC,    27, -6.460796037799e-01, 1.536865204364e-04, 9.2363e-01, 4.6649e-03, 
 2DIAGNOSTIC,    28, -6.463976197378e-01, 1.550353295596e-04, 9.2775e-01, 4.1208e-03, 
 2DIAGNOSTIC,    29, -6.463935458782e-01, 1.547432179558e-04, 9.3188e-01, 4.1270e-03, 
 2DIAGNOSTIC,    30, -6.464392298587e-01, 1.482978628876e-04, 9.3649e-01, 4.6129e-03, 
 2DIAGNOSTIC,    31, -6.463723508822e-01, 1.368671740908e-04, 9.4073e-01, 4.2410e-03, 
 2DIAGNOSTIC,    32, -6.464254415488e-01, 1.173266000417e-04, 9.4584e-01, 5.1088e-03, 
 2DIAGNOSTIC,    33, -6.464354984637e-01, 8.969332101975e-05, 9.5898e-01, 1.3140e-02, 
 2DIAGNOSTIC,    34, -6.464354984307e-01, 5.811491156377e-05, 9.7207e-01, 1.3087e-02, 
 2DIAGNOSTIC,    35, -6.464354984307e-01, 2.735369430253e-05, 9.7670e-01, 4.6310e-03, 
 2DIAGNOSTIC,    36, -6.464354984307e-01, 6.561971776634e-06, 9.8179e-01, 5.0900e-03, 
 2DIAGNOSTIC,    37, -6.464354984307e-01, 2.244497369377e-06, 9.8639e-01, 4.5989e-03, 
 2DIAGNOSTIC,    38, -6.464354984307e-01, 1.990753937104e-06, 9.9100e-01, 4.6170e-03, 
 2DIAGNOSTIC,    39, -6.464354984307e-01, 1.582336047527e-06, 9.9559e-01, 4.5850e-03, 
 2DIAGNOSTIC,    40, -6.464354984307e-01, 1.698173611894e-06, 1.0012e+00, 5.6241e-03, 
DIAGNOSTIC,Iteration,metricValue,convergenceValue,ITERATION_TIME_INDEX,SINCE_LAST
 2DIAGNOSTIC,     1, -5.367244450069e-01, 1.797693134862e+308, 1.7085e+00, 7.0729e-01, 
 2DIAGNOSTIC,     2, -5.380313833506e-01, 1.797693134862e+308, 1.7382e+00, 2.9719e-02, 
 2DIAGNOSTIC,     3, -5.401731909045e-01, 1.797693134862e+308, 1.7758e+00, 3.7568e-02, 
 2DIAGNOSTIC,     4, -5.431881343050e-01, 1.797693134862e+308, 1.8043e+00, 2.8505e-02, 
 2DIAGNOSTIC,     5, -5.453557595499e-01, 1.797693134862e+308, 1.8337e+00, 2.9401e-02, 
 2DIAGNOSTIC,     6, -5.461088564770e-01, 1.797693134862e+308, 1.8628e+00, 2.9148e-02, 
 2DIAGNOSTIC,     7, -5.462086680485e-01, 1.797693134862e+308, 1.8939e+00, 3.1030e-02, 
 2DIAGNOSTIC,     8, -5.464869266996e-01, 1.797693134862e+308, 1.9303e+00, 3.6431e-02, 
 2DIAGNOSTIC,     9, -5.465850813556e-01, 1.797693134862e+308, 1.9696e+00, 3.9335e-02, 
 2DIAGNOSTIC,    10, -5.466464837202e-01, 1.224741224408e-03, 1.9972e+00, 2.7509e-02, 
 2DIAGNOSTIC,    11, -5.470487706195e-01, 8.391099728067e-04, 2.0281e+00, 3.0930e-02, 
 2DIAGNOSTIC,    12, -5.471506826849e-01, 5.042748278756e-04, 2.0609e+00, 3.2803e-02, 
 2DIAGNOSTIC,    13, -5.471747724413e-01, 2.608962889002e-04, 2.1008e+00, 3.9868e-02, 
 2DIAGNOSTIC,    14, -5.471893678289e-01, 1.401592757355e-04, 2.1333e+00, 3.2557e-02, 
 2DIAGNOSTIC,    15, -5.471839956423e-01, 9.761647884118e-05, 2.1669e+00, 3.3541e-02, 
 2DIAGNOSTIC,    16, -5.471599230880e-01, 7.527610753073e-05, 2.2007e+00, 3.3893e-02, 
 2DIAGNOSTIC,    17, -5.471662422923e-01, 5.183182183743e-05, 2.2300e+00, 2.9222e-02, 
 2DIAGNOSTIC,    18, -5.471747030706e-01, 3.478199916120e-05, 2.2643e+00, 3.4331e-02, 
 2DIAGNOSTIC,    19, -5.471813453552e-01, 1.945633065976e-05, 2.2964e+00, 3.2133e-02, 
 2DIAGNOSTIC,    20, -5.471662916296e-01, 4.969846187766e-06, 2.3283e+00, 3.1871e-02, 
 2DIAGNOSTIC,    21, -5.471844160578e-01, 1.951268334306e-06, 2.3626e+00, 3.4321e-02, 
 2DIAGNOSTIC,    22, -5.471946857076e-01, 1.794832311539e-06, 2.3910e+00, 2.8329e-02, 
 2DIAGNOSTIC,    23, -5.472309779056e-01, 2.955892660209e-06, 2.4190e+00, 2.8081e-02, 
 2DIAGNOSTIC,    24, -5.472460348566e-01, 4.500345997020e-06, 2.4513e+00, 3.2248e-02, 
 2DIAGNOSTIC,    25, -5.473225345430e-01, 7.130561707799e-06, 2.4830e+00, 3.1672e-02, 
 2DIAGNOSTIC,    26, -5.474469323784e-01, 1.098291024547e-05, 2.5119e+00, 2.8908e-02, 
 2DIAGNOSTIC,    27, -5.481013380733e-01, 2.630865541624e-05, 2.5445e+00, 3.2655e-02, 
 2DIAGNOSTIC,    28, -5.480678933530e-01, 3.738992506019e-05, 2.5847e+00, 4.0185e-02, 
 2DIAGNOSTIC,    29, -5.482084716726e-01, 4.712039234763e-05, 2.6221e+00, 3.7423e-02, 
 2DIAGNOSTIC,    30, -5.482082519273e-01, 5.166414010052e-05, 2.6557e+00, 3.3602e-02, 
 2DIAGNOSTIC,    31, -5.482014616487e-01, 5.125920932539e-05, 2.6886e+00, 3.2846e-02, 
 2DIAGNOSTIC,    32, -5.481815957593e-01, 4.582630383070e-05, 2.7159e+00, 2.7317e-02, 
 2DIAGNOSTIC,    33, -5.481718257799e-01, 3.689942960662e-05, 2.7435e+00, 2.7602e-02, 
 2DIAGNOSTIC,    34, -5.481825627106e-01, 2.560031621180e-05, 2.7706e+00, 2.7082e-02, 
 2DIAGNOSTIC,    35, -5.481838558002e-01, 1.379952512243e-05, 2.7982e+00, 2.7624e-02, 
 2DIAGNOSTIC,    36, -5.481854580089e-01, 3.009186806943e-06, 2.8255e+00, 2.7274e-02, 
 2DIAGNOSTIC,    37, -5.482631349719e-01, 2.936492519642e-06, 2.8580e+00, 3.2502e-02, 
 2DIAGNOSTIC,    38, -5.482856021653e-01, 2.436032577154e-06, 2.8910e+00, 3.3037e-02, 
 2DIAGNOSTIC,    39, -5.482706824254e-01, 3.481468385497e-06, 2.9274e+00, 3.6349e-02, 
 2DIAGNOSTIC,    40, -5.481987777533e-01, 3.305040819478e-06, 2.9588e+00, 3.1447e-02, 
 2DIAGNOSTIC,    41, -5.482804267766e-01, 3.879416948675e-06, 2.9918e+00, 3.2956e-02, 
 2DIAGNOSTIC,    42, -5.481859955615e-01, 2.660975462618e-06, 3.0278e+00, 3.6072e-02, 
 2DIAGNOSTIC,    43, -5.482756821118e-01, 2.303455992891e-06, 3.0667e+00, 3.8853e-02, 
 2DIAGNOSTIC,    44, -5.483025254763e-01, 2.248811100673e-06, 3.0992e+00, 3.2530e-02, 
 2DIAGNOSTIC,    45, -5.482811789955e-01, 1.830709264409e-06, 3.1320e+00, 3.2822e-02, 
 2DIAGNOSTIC,    46, -5.482645576856e-01, 1.147525599408e-06, 3.1651e+00, 3.3039e-02, 
 2DIAGNOSTIC,    47, -5.482548592876e-01, 1.197319233131e-06, 3.2599e+00, 9.4805e-02, 
 2DIAGNOSTIC,    48, -5.482548592864e-01, 1.431694483977e-06, 3.3446e+00, 8.4752e-02, 
 2DIAGNOSTIC,    49, -5.482548592864e-01, 1.429075227460e-06, 3.3779e+00, 3.3266e-02, 
DIAGNOSTIC,Iteration,metricValue,convergenceValue,ITERATION_TIME_INDEX,SINCE_LAST
 2DIAGNOSTIC,     1, -4.661873913855e-01, 1.797693134862e+308, 4.4127e+00, 1.0348e+00, 
 2DIAGNOSTIC,     2, -4.663634388449e-01, 1.797693134862e+308, 4.6682e+00, 2.5546e-01, 
 2DIAGNOSTIC,     3, -4.665065254716e-01, 1.797693134862e+308, 4.9066e+00, 2.3847e-01, 
 2DIAGNOSTIC,     4, -4.666272923876e-01, 1.797693134862e+308, 5.1300e+00, 2.2340e-01, 
 2DIAGNOSTIC,     5, -4.667166867995e-01, 1.797693134862e+308, 5.3326e+00, 2.0258e-01, 
 2DIAGNOSTIC,     6, -4.668667216198e-01, 1.797693134862e+308, 5.5493e+00, 2.1666e-01, 
 2DIAGNOSTIC,     7, -4.669697640462e-01, 1.797693134862e+308, 5.7734e+00, 2.2411e-01, 
 2DIAGNOSTIC,     8, -4.670258363188e-01, 1.797693134862e+308, 6.1039e+00, 3.3054e-01, 
 2DIAGNOSTIC,     9, -4.670791306988e-01, 1.797693134862e+308, 6.2990e+00, 1.9511e-01, 
 2DIAGNOSTIC,    10, -4.671177514370e-01, 1.313509997770e-04, 6.5052e+00, 2.0615e-01, 
 2DIAGNOSTIC,    11, -4.671984773286e-01, 1.051591251430e-04, 6.7165e+00, 2.1130e-01, 
 2DIAGNOSTIC,    12, -4.674361446880e-01, 9.491524696532e-05, 7.0181e+00, 3.0166e-01, 
 2DIAGNOSTIC,    13, -4.675162730476e-01, 8.805828689870e-05, 7.2240e+00, 2.0582e-01, 
 2DIAGNOSTIC,    14, -4.675732977221e-01, 8.220375652444e-05, 7.5232e+00, 2.9928e-01, 
 2DIAGNOSTIC,    15, -4.675740515841e-01, 7.348826715192e-05, 7.7881e+00, 2.6482e-01, 
 2DIAGNOSTIC,    16, -4.675763018105e-01, 6.504184167933e-05, 8.1337e+00, 3.4562e-01, 
 2DIAGNOSTIC,    17, -4.675763981537e-01, 5.533203704264e-05, 8.3367e+00, 2.0304e-01, 
 2DIAGNOSTIC,    18, -4.675746391373e-01, 4.352667369351e-05, 8.5330e+00, 1.9624e-01, 
 2DIAGNOSTIC,    19, -4.675729798583e-01, 3.083155501703e-05, 8.7594e+00, 2.2641e-01, 
 2DIAGNOSTIC,    20, -4.675713160423e-01, 1.787245838279e-05, 8.9660e+00, 2.0661e-01, 
 2DIAGNOSTIC,    21, -4.675679150286e-01, 6.728507496889e-06, 9.1654e+00, 1.9937e-01, 
 2DIAGNOSTIC,    22, -4.675676518284e-01, 2.633868425514e-06, 9.4009e+00, 2.3551e-01, 
DIAGNOSTIC,Iteration,metricValue,convergenceValue,ITERATION_TIME_INDEX,SINCE_LAST
 2DIAGNOSTIC,     1, -4.258650625900e-01, 1.797693134862e+308, 1.1901e+01, 2.5005e+00, 
 2DIAGNOSTIC,     2, -4.259686118706e-01, 1.797693134862e+308, 1.3239e+01, 1.3375e+00, 
 2DIAGNOSTIC,     3, -4.260095453018e-01, 1.797693134862e+308, 1.4995e+01, 1.7566e+00, 
 2DIAGNOSTIC,     4, -4.260079766190e-01, 1.797693134862e+308, 1.7300e+01, 2.3047e+00, 
 2DIAGNOSTIC,     5, -4.260081685575e-01, 1.797693134862e+308, 1.8727e+01, 1.4272e+00, 
 2DIAGNOSTIC,     6, -4.260081831579e-01, 1.797693134862e+308, 2.0364e+01, 1.6364e+00, 
 2DIAGNOSTIC,     7, -4.260082272287e-01, 1.797693134862e+308, 2.2032e+01, 1.6687e+00, 
 2DIAGNOSTIC,     8, -4.260081669504e-01, 1.797693134862e+308, 2.3685e+01, 1.6526e+00, 
 2DIAGNOSTIC,     9, -4.260078885370e-01, 1.797693134862e+308, 2.5191e+01, 1.5063e+00, 
 2DIAGNOSTIC,    10, -4.260080182590e-01, 1.495114579050e-05, 2.6942e+01, 1.7503e+00, 
 2DIAGNOSTIC,    11, -4.260079305046e-01, 5.192425805572e-06, 2.8286e+01, 1.3449e+00, 
 2DIAGNOSTIC,    12, -4.260077491452e-01, 2.534752703273e-06, 3.0031e+01, 1.7444e+00, 
 2DIAGNOSTIC,    13, -4.260076603451e-01, 2.395490675391e-06, 3.1592e+01, 1.5607e+00, 
 2DIAGNOSTIC,    14, -4.260076691980e-01, 2.206408695665e-06, 3.2932e+01, 1.3408e+00, 
 2DIAGNOSTIC,    15, -4.260077861611e-01, 2.062019110571e-06, 3.4267e+01, 1.3343e+00, 
 2DIAGNOSTIC,    16, -4.260078103015e-01, 1.942279175493e-06, 3.5947e+01, 1.6806e+00, 
 2DIAGNOSTIC,    17, -4.260079211793e-01, 1.847131429950e-06, 3.7595e+01, 1.6473e+00, 
 2DIAGNOSTIC,    18, -4.260077245157e-01, 1.755602297211e-06, 3.9110e+01, 1.5159e+00, 
 2DIAGNOSTIC,    19, -4.260075257413e-01, 1.658010165335e-06, 4.0603e+01, 1.4930e+00, 
 2DIAGNOSTIC,    20, -4.260074322478e-01, 1.572958175523e-06, 4.2265e+01, 1.6616e+00, 
 2DIAGNOSTIC,    21, -4.260074417951e-01, 1.495161414795e-06, 4.3786e+01, 1.5209e+00, 
 2DIAGNOSTIC,    22, -4.260073507500e-01, 1.417969683816e-06, 4.5598e+01, 1.8115e+00, 
 2DIAGNOSTIC,    23, -4.260072547210e-01, 1.344930868841e-06, 4.6979e+01, 1.3810e+00, 
 2DIAGNOSTIC,    24, -4.260070612107e-01, 1.276559227083e-06, 4.8387e+01, 1.4083e+00, 
 2DIAGNOSTIC,    25, -4.260070780732e-01, 1.221888149647e-06, 4.9722e+01, 1.3348e+00, 
 2DIAGNOSTIC,    26, -4.260078193511e-01, 1.195490398974e-06, 5.1373e+01, 1.6518e+00, 
 2DIAGNOSTIC,    27, -4.260078378157e-01, 1.176371972091e-06, 5.2955e+01, 1.5818e+00, 
 2DIAGNOSTIC,    28, -4.260077505873e-01, 1.152407399625e-06, 5.4491e+01, 1.5356e+00, 
 2DIAGNOSTIC,    29, -4.260075559250e-01, 1.119955679196e-06, 5.6031e+01, 1.5404e+00, 
 2DIAGNOSTIC,    30, -4.260075617146e-01, 1.085527441588e-06, 5.7577e+01, 1.5457e+00, 
 2DIAGNOSTIC,    31, -4.260074665018e-01, 1.048699998230e-06, 5.8949e+01, 1.3716e+00, 
 2DIAGNOSTIC,    32, -4.260071719818e-01, 1.003947145722e-06, 6.0354e+01, 1.4052e+00, 
  Elapsed time (stage 0): 6.1175e+01


Total elapsed time: 6.1178e+01
Info [verificarlo]: loaded backend libinterflop_ieee.so
Info [interflop-ieee]: load backend with:
Info [interflop-ieee]: debug = false
Info [interflop-ieee]: debug-binary = false
Info [interflop-ieee]: no-backend-name = false
Info [interflop-ieee]: print-new-line = false
Info [interflop-ieee]: print-subnormal-normalized = false
Info [interflop-ieee]: count-op = false
All_Command_lines_OK
Using double precision for computations.
=============================================================================
The composite transform comprises the following transforms (in order): 
  1. /home/mdugre/scratch/mri-registration-rp/datasets/ds004513/derivatives/mri-registration-rp/0001/antsRegistration-r8-p19/sub-s033/rigid_Composite.h5[0] (type = Euler3DTransform)
  2. /home/mdugre/scratch/mri-registration-rp/datasets/ds004513/derivatives/mri-registration-rp/0001/antsRegistration-r8-p19/sub-s033/rigid_Composite.h5[1] (type = Euler3DTransform)
  3. /home/mdugre/scratch/mri-registration-rp/datasets/ds004513/derivatives/mri-registration-rp/0001/antsRegistration-r8-p19/sub-s033/rigid_Composite.h5[2] (type = Euler3DTransform)
=============================================================================
  number of levels = 4
  fixed image: /templateflow/tpl-MNI152NLin2009cAsym/tpl-MNI152NLin2009cAsym_res-01_desc-brain_T1w.nii.gz
  moving image: /home/mdugre/scratch/mri-registration-rp/datasets/ds004513/derivatives/mri-registration-rp/antsBrainExtraction/sub-s033/BrainExtractionBrain.nii.gz
Dimension = 3
Number of stages = 1
Use histogram matching = false
Winsorize image intensities = true
  Lower quantile = 0.005
  Upper quantile = 0.995


Stage 1 State
   Image metric = MattesMI
     Fixed image = Image (0x45f67e0)
  RTTI typeinfo:   itk::Image<double, 3u>
  Reference Count: 2
  Modified Time: 1592
  Debug: Off
  Object Name: 
  Observers: 
    none
  Source: (none)
  Source output name: (none)
  Release Data: Off
  Data Released: False
  Global Release Data: Off
  PipelineMTime: 0
  UpdateMTime: 1203
  RealTimeStamp: 0 seconds 
  LargestPossibleRegion: 
    Dimension: 3
    Index: [0, 0, 0]
    Size: [193, 229, 193]
  BufferedRegion: 
    Dimension: 3
    Index: [0, 0, 0]
    Size: [193, 229, 193]
  RequestedRegion: 
    Dimension: 3
    Index: [0, 0, 0]
    Size: [193, 229, 193]
  Spacing: [1, 1, 1]
  Origin: [96, 132, -78]
  Direction: 
-1 0 0
0 -1 0
0 0 1

  IndexToPointMatrix: 
-1 0 0
0 -1 0
0 0 1

  PointToIndexMatrix: 
-1 0 0
0 -1 0
0 0 1

  Inverse Direction: 
-1 0 0
0 -1 0
0 0 1

  PixelContainer: 
    ImportImageContainer (0x46b6a20)
      RTTI typeinfo:   itk::ImportImageContainer<unsigned long, double>
      Reference Count: 1
      Modified Time: 1200
      Debug: Off
      Object Name: 
      Observers: 
        none
      Pointer: 0x154f3ab23010
      Container manages memory: true
      Size: 8530021
      Capacity: 8530021

     Moving image = Image (0x46b1d70)
  RTTI typeinfo:   itk::Image<double, 3u>
  Reference Count: 2
  Modified Time: 1593
  Debug: Off
  Object Name: 
  Observers: 
    none
  Source: (none)
  Source output name: (none)
  Release Data: Off
  Data Released: False
  Global Release Data: Off
  PipelineMTime: 0
  UpdateMTime: 1590
  RealTimeStamp: 0 seconds 
  LargestPossibleRegion: 
    Dimension: 3
    Index: [0, 0, 0]
    Size: [160, 240, 256]
  BufferedRegion: 
    Dimension: 3
    Index: [0, 0, 0]
    Size: [160, 240, 256]
  RequestedRegion: 
    Dimension: 3
    Index: [0, 0, 0]
    Size: [160, 240, 256]
  Spacing: [1, 1, 1]
  Origin: [91.5134, 94.282, -109.927]
  Direction: 
-0.99591 -0.0698718 -0.0572835
0.0697565 -0.997556 0.00401236
-0.0574239 5.01125e-08 0.99835

  IndexToPointMatrix: 
-0.99591 -0.0698718 -0.0572835
0.0697565 -0.997556 0.00401236
-0.0574239 5.01125e-08 0.99835

  PointToIndexMatrix: 
-0.99591 0.0697565 -0.0574239
-0.0698718 -0.997556 5.01483e-08
-0.0572835 0.00401236 0.99835

  Inverse Direction: 
-0.99591 0.0697565 -0.0574239
-0.0698718 -0.997556 5.01483e-08
-0.0572835 0.00401236 0.99835

  PixelContainer: 
    ImportImageContainer (0x4669c90)
      RTTI typeinfo:   itk::ImportImageContainer<unsigned long, double>
      Reference Count: 1
      Modified Time: 1587
      Debug: Off
      Object Name: 
      Observers: 
        none
      Pointer: 0x154f36022010
      Container manages memory: true
      Size: 9830400
      Capacity: 9830400

     Weighting = 1
     Sampling strategy = regular
     Number of bins = 32
     Radius = 4
     Sampling percentage  = 0.25
   Transform = Affine
     Gradient step = 0.1
     Update field sigma (voxel space) = 0
     Total field sigma (voxel space) = 0
     Update field time sigma = 0
     Total field time sigma  = 0
     Number of time indices = 0
     Number of time point samples = 0
Registration using 1 total stages.

Stage 0
  iterations = 1000x500x250x100
  convergence threshold = 1e-06
  convergence window size = 10
  number of levels = 4
  using the Mattes MI metric (number of bins = 32, weight = 1, use gradient filter = 0)
  preprocessing:  winsorizing the image intensities
  Shrink factors (level 1 out of 4): [8, 8, 8]
  Shrink factors (level 2 out of 4): [4, 4, 4]
  Shrink factors (level 3 out of 4): [2, 2, 2]
  Shrink factors (level 4 out of 4): [1, 1, 1]
  smoothing sigmas per level: [3, 2, 1, 0]
  regular sampling (percentage = 0.25)

*** Running AffineTransform registration ***

DIAGNOSTIC,Iteration,metricValue,convergenceValue,ITERATION_TIME_INDEX,SINCE_LAST
 2DIAGNOSTIC,     1, -6.382810070189e-01, 1.797693134862e+308, 7.6823e-01, 7.6823e-01, 
 2DIAGNOSTIC,     2, -6.407464806042e-01, 1.797693134862e+308, 7.7292e-01, 4.6911e-03, 
 2DIAGNOSTIC,     3, -6.451564796558e-01, 1.797693134862e+308, 7.7811e-01, 5.1911e-03, 
 2DIAGNOSTIC,     4, -6.521823529413e-01, 1.797693134862e+308, 7.8337e-01, 5.2619e-03, 
 2DIAGNOSTIC,     5, -6.630833066188e-01, 1.797693134862e+308, 7.8833e-01, 4.9551e-03, 
 2DIAGNOSTIC,     6, -6.815409749312e-01, 1.797693134862e+308, 7.9288e-01, 4.5512e-03, 
 2DIAGNOSTIC,     7, -7.249754097078e-01, 1.797693134862e+308, 7.9853e-01, 5.6489e-03, 
 2DIAGNOSTIC,     8, -8.402340781197e-01, 1.797693134862e+308, 8.0458e-01, 6.0489e-03, 
 2DIAGNOSTIC,     9, -8.669967345580e-01, 1.797693134862e+308, 8.1257e-01, 7.9961e-03, 
 2DIAGNOSTIC,    10, -8.690260082064e-01, 2.370916473983e-02, 8.1830e-01, 5.7271e-03, 
 2DIAGNOSTIC,    11, -8.788642856487e-01, 2.366261652005e-02, 8.2348e-01, 5.1818e-03, 
 2DIAGNOSTIC,    12, -8.887425012721e-01, 2.187488952127e-02, 8.2839e-01, 4.9100e-03, 
 2DIAGNOSTIC,    13, -8.929110004091e-01, 1.864020884231e-02, 8.3390e-01, 5.5089e-03, 
 2DIAGNOSTIC,    14, -8.986842721321e-01, 1.459639719640e-02, 8.3970e-01, 5.7979e-03, 
 2DIAGNOSTIC,    15, -9.051774753190e-01, 1.031725328241e-02, 8.4732e-01, 7.6220e-03, 
 2DIAGNOSTIC,    16, -9.052613928118e-01, 6.142640961576e-03, 8.5326e-01, 5.9340e-03, 
 2DIAGNOSTIC,    17, -9.054082659982e-01, 2.822189840867e-03, 8.5862e-01, 5.3661e-03, 
 2DIAGNOSTIC,    18, -9.052650964219e-01, 1.920299164259e-03, 8.6385e-01, 5.2249e-03, 
 2DIAGNOSTIC,    19, -9.053414824899e-01, 1.448528557697e-03, 8.6896e-01, 5.1160e-03, 
 2DIAGNOSTIC,    20, -9.056302403318e-01, 9.324611076634e-04, 8.7448e-01, 5.5161e-03, 
 2DIAGNOSTIC,    21, -9.057896613317e-01, 5.478474522568e-04, 8.8005e-01, 5.5680e-03, 
 2DIAGNOSTIC,    22, -9.059071437405e-01, 3.096047066808e-04, 8.8503e-01, 4.9820e-03, 
 2DIAGNOSTIC,    23, -9.059065290398e-01, 1.268319206898e-04, 8.8988e-01, 4.8501e-03, 
 2DIAGNOSTIC,    24, -9.060837995263e-01, 3.172200307727e-05, 8.9466e-01, 4.7801e-03, 
 2DIAGNOSTIC,    25, -9.061393477116e-01, 3.165315736370e-05, 8.9965e-01, 4.9860e-03, 
 2DIAGNOSTIC,    26, -9.063731978580e-01, 3.281490738054e-05, 9.0445e-01, 4.8010e-03, 
 2DIAGNOSTIC,    27, -9.065861397422e-01, 3.551153563526e-05, 9.1092e-01, 6.4759e-03, 
 2DIAGNOSTIC,    28, -9.066218967302e-01, 3.348457707395e-05, 9.1738e-01, 6.4609e-03, 
 2DIAGNOSTIC,    29, -9.061334055286e-01, 2.373859824556e-05, 9.2328e-01, 5.8959e-03, 
 2DIAGNOSTIC,    30, -9.060007197007e-01, 1.445677222504e-05, 9.2894e-01, 5.6570e-03, 
 2DIAGNOSTIC,    31, -9.057804402486e-01, 3.823962668535e-06, 9.3402e-01, 5.0879e-03, 
DIAGNOSTIC,Iteration,metricValue,convergenceValue,ITERATION_TIME_INDEX,SINCE_LAST
 2DIAGNOSTIC,     1, -7.439614385613e-01, 1.797693134862e+308, 1.7494e+00, 8.1537e-01, 
 2DIAGNOSTIC,     2, -7.448104855621e-01, 1.797693134862e+308, 1.7898e+00, 4.0436e-02, 
 2DIAGNOSTIC,     3, -7.457628086834e-01, 1.797693134862e+308, 1.8258e+00, 3.5929e-02, 
 2DIAGNOSTIC,     4, -7.465209940772e-01, 1.797693134862e+308, 1.8617e+00, 3.5935e-02, 
 2DIAGNOSTIC,     5, -7.471940120538e-01, 1.797693134862e+308, 1.9012e+00, 3.9514e-02, 
 2DIAGNOSTIC,     6, -7.483572411162e-01, 1.797693134862e+308, 1.9646e+00, 6.3373e-02, 
 2DIAGNOSTIC,     7, -7.483852582339e-01, 1.797693134862e+308, 2.0038e+00, 3.9246e-02, 
 2DIAGNOSTIC,     8, -7.483837262949e-01, 1.797693134862e+308, 2.0454e+00, 4.1534e-02, 
 2DIAGNOSTIC,     9, -7.483788449174e-01, 1.797693134862e+308, 2.0862e+00, 4.0830e-02, 
 2DIAGNOSTIC,    10, -7.483771664899e-01, 4.002243904814e-04, 2.1274e+00, 4.1223e-02, 
 2DIAGNOSTIC,    11, -7.483766307403e-01, 2.696742862255e-04, 2.1648e+00, 3.7364e-02, 
 2DIAGNOSTIC,    12, -7.483830743834e-01, 1.637295973122e-04, 2.2023e+00, 3.7484e-02, 
 2DIAGNOSTIC,    13, -7.484137137623e-01, 8.846860739706e-05, 2.2397e+00, 3.7426e-02, 
 2DIAGNOSTIC,    14, -7.484405875540e-01, 3.733457568501e-05, 2.2741e+00, 3.4434e-02, 
 2DIAGNOSTIC,    15, -7.484756768641e-01, 6.932083085318e-06, 2.3104e+00, 3.6313e-02, 
 2DIAGNOSTIC,    16, -7.485174545143e-01, 8.501129161773e-06, 2.3527e+00, 4.2317e-02, 
 2DIAGNOSTIC,    17, -7.485406120206e-01, 1.041699939520e-05, 2.3942e+00, 4.1464e-02, 
 2DIAGNOSTIC,    18, -7.485799859637e-01, 1.212713494341e-05, 2.4355e+00, 4.1316e-02, 
 2DIAGNOSTIC,    19, -7.485715437659e-01, 1.241634116959e-05, 2.4766e+00, 4.1106e-02, 
 2DIAGNOSTIC,    20, -7.485800266108e-01, 1.182380369196e-05, 2.5135e+00, 3.6899e-02, 
 2DIAGNOSTIC,    21, -7.486233274251e-01, 1.110852032905e-05, 2.5549e+00, 4.1412e-02, 
 2DIAGNOSTIC,    22, -7.486553524916e-01, 1.019354456205e-05, 2.5957e+00, 4.0752e-02, 
 2DIAGNOSTIC,    23, -7.486729152078e-01, 9.325767308957e-06, 2.6367e+00, 4.0981e-02, 
 2DIAGNOSTIC,    24, -7.486528139154e-01, 7.900011779589e-06, 2.6774e+00, 4.0766e-02, 
 2DIAGNOSTIC,    25, -7.486461360408e-01, 6.414568110166e-06, 2.7142e+00, 3.6802e-02, 
 2DIAGNOSTIC,    26, -7.486387109351e-01, 5.047803213837e-06, 2.7514e+00, 3.7134e-02, 
 2DIAGNOSTIC,    27, -7.486480529314e-01, 3.850663702128e-06, 2.7922e+00, 4.0863e-02, 
 2DIAGNOSTIC,    28, -7.486431633396e-01, 2.958406452563e-06, 2.8328e+00, 4.0519e-02, 
 2DIAGNOSTIC,    29, -7.486363070967e-01, 1.771419013433e-06, 2.8652e+00, 3.2451e-02, 
DIAGNOSTIC,Iteration,metricValue,convergenceValue,ITERATION_TIME_INDEX,SINCE_LAST
 2DIAGNOSTIC,     1, -6.324039406648e-01, 1.797693134862e+308, 3.9777e+00, 1.1125e+00, 
 2DIAGNOSTIC,     2, -6.330081225639e-01, 1.797693134862e+308, 4.2305e+00, 2.5279e-01, 
 2DIAGNOSTIC,     3, -6.336541200057e-01, 1.797693134862e+308, 4.4899e+00, 2.5936e-01, 
 2DIAGNOSTIC,     4, -6.344776708089e-01, 1.797693134862e+308, 4.7464e+00, 2.5656e-01, 
 2DIAGNOSTIC,     5, -6.367807896522e-01, 1.797693134862e+308, 5.3820e+00, 6.3558e-01, 
 2DIAGNOSTIC,     6, -6.367806560806e-01, 1.797693134862e+308, 5.7384e+00, 3.5640e-01, 
 2DIAGNOSTIC,     7, -6.367806844446e-01, 1.797693134862e+308, 6.1095e+00, 3.7109e-01, 
 2DIAGNOSTIC,     8, -6.367796223835e-01, 1.797693134862e+308, 6.4179e+00, 3.0839e-01, 
 2DIAGNOSTIC,     9, -6.367772951763e-01, 1.797693134862e+308, 6.7508e+00, 3.3286e-01, 
 2DIAGNOSTIC,    10, -6.367747895505e-01, 4.921975393939e-04, 7.0315e+00, 2.8074e-01, 
 2DIAGNOSTIC,    11, -6.367753372598e-01, 3.325035386690e-04, 7.3503e+00, 3.1880e-01, 
 2DIAGNOSTIC,    12, -6.367761146244e-01, 1.935405786837e-04, 7.6491e+00, 2.9882e-01, 
 2DIAGNOSTIC,    13, -6.367739661687e-01, 8.104182963758e-05, 7.9136e+00, 2.6450e-01, 
 2DIAGNOSTIC,    14, -6.367751133619e-01, 1.728223597813e-06, 8.2294e+00, 3.1581e-01, 
 2DIAGNOSTIC,    15, -6.367746981474e-01, 1.669049661562e-06, 8.5188e+00, 2.8932e-01, 
 2DIAGNOSTIC,    16, -6.367735445222e-01, 1.621237004673e-06, 8.8793e+00, 3.6050e-01, 
 2DIAGNOSTIC,    17, -6.367742978140e-01, 1.633649575089e-06, 9.1829e+00, 3.0365e-01, 
 2DIAGNOSTIC,    18, -6.367725326440e-01, 1.597454341626e-06, 9.5002e+00, 3.1733e-01, 
 2DIAGNOSTIC,    19, -6.367689680361e-01, 1.445315434861e-06, 9.8202e+00, 3.1993e-01, 
 2DIAGNOSTIC,    20, -6.367696453791e-01, 1.290312857644e-06, 1.0144e+01, 3.2348e-01, 
 2DIAGNOSTIC,    21, -6.367676223560e-01, 1.144643014914e-06, 1.0459e+01, 3.1503e-01, 
 2DIAGNOSTIC,    22, -6.367667972795e-01, 1.047478948100e-06, 1.0737e+01, 2.7805e-01, 
DIAGNOSTIC,Iteration,metricValue,convergenceValue,ITERATION_TIME_INDEX,SINCE_LAST
 2DIAGNOSTIC,     1, -5.628173156258e-01, 1.797693134862e+308, 1.3591e+01, 2.8543e+00, 
 2DIAGNOSTIC,     2, -5.630011093156e-01, 1.797693134862e+308, 1.5324e+01, 1.7334e+00, 
 2DIAGNOSTIC,     3, -5.631856616212e-01, 1.797693134862e+308, 1.7149e+01, 1.8249e+00, 
 2DIAGNOSTIC,     4, -5.634951600042e-01, 1.797693134862e+308, 1.9002e+01, 1.8529e+00, 
 2DIAGNOSTIC,     5, -5.639309811628e-01, 1.797693134862e+308, 2.2435e+01, 3.4327e+00, 
 2DIAGNOSTIC,     6, -5.639361415710e-01, 1.797693134862e+308, 2.4326e+01, 1.8915e+00, 
 2DIAGNOSTIC,     7, -5.639399673857e-01, 1.797693134862e+308, 2.6376e+01, 2.0495e+00, 
 2DIAGNOSTIC,     8, -5.639410568831e-01, 1.797693134862e+308, 2.8164e+01, 1.7876e+00, 
 2DIAGNOSTIC,     9, -5.639429716976e-01, 1.797693134862e+308, 2.9915e+01, 1.7513e+00, 
 2DIAGNOSTIC,    10, -5.639448408327e-01, 1.387893511617e-04, 3.1747e+01, 1.8317e+00, 
 2DIAGNOSTIC,    11, -5.639454852164e-01, 9.124302013591e-05, 3.4046e+01, 2.2993e+00, 
 2DIAGNOSTIC,    12, -5.639444495433e-01, 5.161354937364e-05, 3.6589e+01, 2.5429e+00, 
 2DIAGNOSTIC,    13, -5.639442843972e-01, 2.067829422278e-05, 3.9082e+01, 2.4933e+00, 
 2DIAGNOSTIC,    14, -5.639444519808e-01, 3.213278134323e-06, 4.1026e+01, 1.9440e+00, 
 2DIAGNOSTIC,    15, -5.639441747376e-01, 2.626107517528e-06, 4.2693e+01, 1.6674e+00, 
 2DIAGNOSTIC,    16, -5.639433950466e-01, 2.201851292752e-06, 4.5146e+01, 2.4523e+00, 
 2DIAGNOSTIC,    17, -5.639432137759e-01, 1.917766611889e-06, 4.7262e+01, 2.1159e+00, 
 2DIAGNOSTIC,    18, -5.639431117323e-01, 1.687980908500e-06, 4.9186e+01, 1.9244e+00, 
 2DIAGNOSTIC,    19, -5.639428574930e-01, 1.531833574188e-06, 5.0894e+01, 1.7081e+00, 
 2DIAGNOSTIC,    20, -5.639429243126e-01, 1.452785632773e-06, 5.2819e+01, 1.9246e+00, 
 2DIAGNOSTIC,    21, -5.639428266191e-01, 1.408192075773e-06, 5.4595e+01, 1.7763e+00, 
 2DIAGNOSTIC,    22, -5.639426159535e-01, 1.349269272873e-06, 5.6710e+01, 2.1148e+00, 
 2DIAGNOSTIC,    23, -5.639426612157e-01, 1.301667551676e-06, 5.8473e+01, 1.7628e+00, 
 2DIAGNOSTIC,    24, -5.639424443788e-01, 1.264546201432e-06, 6.0420e+01, 1.9476e+00, 
 2DIAGNOSTIC,    25, -5.639425360013e-01, 1.232842116207e-06, 6.2359e+01, 1.9394e+00, 
 2DIAGNOSTIC,    26, -5.639424980063e-01, 1.191424153918e-06, 6.4285e+01, 1.9258e+00, 
 2DIAGNOSTIC,    27, -5.639422744338e-01, 1.148622575664e-06, 6.6153e+01, 1.8677e+00, 
 2DIAGNOSTIC,    28, -5.639417704151e-01, 1.101043136928e-06, 6.7880e+01, 1.7271e+00, 
 2DIAGNOSTIC,    29, -5.639419113860e-01, 1.058240885705e-06, 6.9922e+01, 2.0422e+00, 
 2DIAGNOSTIC,    30, -5.639415947115e-01, 1.017546280735e-06, 7.1895e+01, 1.9722e+00, 
  Elapsed time (stage 0): 7.2988e+01


Total elapsed time: 7.2990e+01
Info [verificarlo]: loaded backend libinterflop_vprec.so
Info [interflop-vprec]: load backend with: 
Info [interflop-vprec]: precision-binary32 = 19
Info [interflop-vprec]: range-binary32 = 8
Info [interflop-vprec]: precision-binary64 = 19
Info [interflop-vprec]: range-binary64 = 8
Info [interflop-vprec]: mode = ob
