
##########################
# Experiment information #
##########################

EXPERIMENT_NAME: antsRegistration-r8-p7
VFC_BACKENDS: libinterflop_vprec.so --range-binary32=8 --precision-binary32=7 --range-binary64=8 --precision-binary64=7

SIF_IMG: /home/mdugre/projects/rrg-glatard/mdugre/containers/ants-vprec-no_metrics.simg

SUBJECT_ID: s037
INPUT_IMG: /home/mdugre/scratch/mri-registration-rp/datasets/ds004513/derivatives/mri-registration-rp/antsBrainExtraction/sub-s037/BrainExtractionBrain.nii.gz
OUTPUT_DIR: /home/mdugre/scratch/mri-registration-rp/datasets/ds004513/derivatives/mri-registration-rp/0001/antsRegistration-r8-p7/sub-s037

FIXED_IMG: /templateflow/tpl-MNI152NLin2009cAsym/tpl-MNI152NLin2009cAsym_res-01_desc-brain_T1w.nii.gz
DATA_DIR: /home/mdugre/scratch/mri-registration-rp/datasets/ds004513
TEMPLATEFLOW_DIR: /home/mdugre/projects/rrg-glatard/mdugre/templateflow
ITK_GLOBAL_DEFAULT_NUMBER_OF_THREADS: 16
##########################

Info [verificarlo]: loaded backend libinterflop_ieee.so
Info [interflop-ieee]: load backend with:
Info [interflop-ieee]: debug = false
Info [interflop-ieee]: debug-binary = false
Info [interflop-ieee]: no-backend-name = false
Info [interflop-ieee]: print-new-line = false
Info [interflop-ieee]: print-subnormal-normalized = false
Info [interflop-ieee]: count-op = false
All_Command_lines_OK
Using double precision for computations.
=============================================================================
The composite transform comprises the following transforms (in order): 
  1. Center of mass alignment using fixed image: /templateflow/tpl-MNI152NLin2009cAsym/tpl-MNI152NLin2009cAsym_res-01_desc-brain_T1w.nii.gz and moving image: /home/mdugre/scratch/mri-registration-rp/datasets/ds004513/derivatives/mri-registration-rp/antsBrainExtraction/sub-s037/BrainExtractionBrain.nii.gz (type = Euler3DTransform)
=============================================================================
  number of levels = 1
  fixed image: /templateflow/tpl-MNI152NLin2009cAsym/tpl-MNI152NLin2009cAsym_res-01_desc-brain_T1w.nii.gz
  moving image: /home/mdugre/scratch/mri-registration-rp/datasets/ds004513/derivatives/mri-registration-rp/antsBrainExtraction/sub-s037/BrainExtractionBrain.nii.gz
Dimension = 3
Number of stages = 1
Use histogram matching = false
Winsorize image intensities = true
  Lower quantile = 0.005
  Upper quantile = 0.995


Stage 1 State
   Image metric = MattesMI
     Fixed image = Image (0x4bedbd0)
  RTTI typeinfo:   itk::Image<double, 3u>
  Reference Count: 2
  Modified Time: 2330
  Debug: Off
  Object Name: 
  Observers: 
    none
  Source: (none)
  Source output name: (none)
  Release Data: Off
  Data Released: False
  Global Release Data: Off
  PipelineMTime: 0
  UpdateMTime: 1941
  RealTimeStamp: 0 seconds 
  LargestPossibleRegion: 
    Dimension: 3
    Index: [0, 0, 0]
    Size: [193, 229, 193]
  BufferedRegion: 
    Dimension: 3
    Index: [0, 0, 0]
    Size: [193, 229, 193]
  RequestedRegion: 
    Dimension: 3
    Index: [0, 0, 0]
    Size: [193, 229, 193]
  Spacing: [1, 1, 1]
  Origin: [96, 132, -78]
  Direction: 
-1 0 0
0 -1 0
0 0 1

  IndexToPointMatrix: 
-1 0 0
0 -1 0
0 0 1

  PointToIndexMatrix: 
-1 0 0
0 -1 0
0 0 1

  Inverse Direction: 
-1 0 0
0 -1 0
0 0 1

  PixelContainer: 
    ImportImageContainer (0x4bf69e0)
      RTTI typeinfo:   itk::ImportImageContainer<unsigned long, double>
      Reference Count: 1
      Modified Time: 1938
      Debug: Off
      Object Name: 
      Observers: 
        none
      Pointer: 0x14d65dae1010
      Container manages memory: true
      Size: 8530021
      Capacity: 8530021

     Moving image = Image (0x4bf7d40)
  RTTI typeinfo:   itk::Image<double, 3u>
  Reference Count: 2
  Modified Time: 2331
  Debug: Off
  Object Name: 
  Observers: 
    none
  Source: (none)
  Source output name: (none)
  Release Data: Off
  Data Released: False
  Global Release Data: Off
  PipelineMTime: 0
  UpdateMTime: 2328
  RealTimeStamp: 0 seconds 
  LargestPossibleRegion: 
    Dimension: 3
    Index: [0, 0, 0]
    Size: [160, 240, 256]
  BufferedRegion: 
    Dimension: 3
    Index: [0, 0, 0]
    Size: [160, 240, 256]
  RequestedRegion: 
    Dimension: 3
    Index: [0, 0, 0]
    Size: [160, 240, 256]
  Spacing: [1, 1, 1]
  Origin: [87.9508, 102.562, -147.639]
  Direction: 
-0.998659 -0.0436121 -0.0279129
0.043595 -0.999049 0.00121847
-0.0279395 -2.65543e-08 0.99961

  IndexToPointMatrix: 
-0.998659 -0.0436121 -0.0279129
0.043595 -0.999049 0.00121847
-0.0279395 -2.65543e-08 0.99961

  PointToIndexMatrix: 
-0.998659 0.043595 -0.0279395
-0.0436121 -0.999049 -2.65517e-08
-0.0279129 0.00121847 0.99961

  Inverse Direction: 
-0.998659 0.043595 -0.0279395
-0.0436121 -0.999049 -2.65517e-08
-0.0279129 0.00121847 0.99961

  PixelContainer: 
    ImportImageContainer (0x4c1d850)
      RTTI typeinfo:   itk::ImportImageContainer<unsigned long, double>
      Reference Count: 1
      Modified Time: 2325
      Debug: Off
      Object Name: 
      Observers: 
        none
      Pointer: 0x14d658fe0010
      Container manages memory: true
      Size: 9830400
      Capacity: 9830400

     Weighting = 1
     Sampling strategy = regular
     Number of bins = 32
     Radius = 4
     Sampling percentage  = 0.25
   Transform = Rigid
     Gradient step = 0.1
     Update field sigma (voxel space) = 0
     Total field sigma (voxel space) = 0
     Update field time sigma = 0
     Total field time sigma  = 0
     Number of time indices = 0
     Number of time point samples = 0
Registration using 1 total stages.

Stage 0
  iterations = 0
  convergence threshold = 1e-06
  convergence window size = 10
  number of levels = 1
  using the Mattes MI metric (number of bins = 32, weight = 1, use gradient filter = 0)
  preprocessing:  winsorizing the image intensities
  Shrink factors (level 1 out of 1): [1, 1, 1]
  smoothing sigmas per level: [0]
  regular sampling (percentage = 0.25)

*** Running Euler3DTransform registration ***

  Elapsed time (stage 0): 1.15487


Total elapsed time: 1.15853
Info [verificarlo]: loaded backend libinterflop_ieee.so
Info [interflop-ieee]: load backend with:
Info [interflop-ieee]: debug = false
Info [interflop-ieee]: debug-binary = false
Info [interflop-ieee]: no-backend-name = false
Info [interflop-ieee]: print-new-line = false
Info [interflop-ieee]: print-subnormal-normalized = false
Info [interflop-ieee]: count-op = false
All_Command_lines_OK
Using double precision for computations.
=============================================================================
The composite transform comprises the following transforms (in order): 
  1. /home/mdugre/scratch/mri-registration-rp/datasets/ds004513/derivatives/mri-registration-rp/0001/antsRegistration-r8-p7/sub-s037/align_Composite.h5[0] (type = Euler3DTransform)
  2. /home/mdugre/scratch/mri-registration-rp/datasets/ds004513/derivatives/mri-registration-rp/0001/antsRegistration-r8-p7/sub-s037/align_Composite.h5[1] (type = Euler3DTransform)
=============================================================================
  number of levels = 4
  fixed image: /templateflow/tpl-MNI152NLin2009cAsym/tpl-MNI152NLin2009cAsym_res-01_desc-brain_T1w.nii.gz
  moving image: /home/mdugre/scratch/mri-registration-rp/datasets/ds004513/derivatives/mri-registration-rp/antsBrainExtraction/sub-s037/BrainExtractionBrain.nii.gz
Dimension = 3
Number of stages = 1
Use histogram matching = false
Winsorize image intensities = true
  Lower quantile = 0.005
  Upper quantile = 0.995


Stage 1 State
   Image metric = MattesMI
     Fixed image = Image (0x365f530)
  RTTI typeinfo:   itk::Image<double, 3u>
  Reference Count: 2
  Modified Time: 1578
  Debug: Off
  Object Name: 
  Observers: 
    none
  Source: (none)
  Source output name: (none)
  Release Data: Off
  Data Released: False
  Global Release Data: Off
  PipelineMTime: 0
  UpdateMTime: 1189
  RealTimeStamp: 0 seconds 
  LargestPossibleRegion: 
    Dimension: 3
    Index: [0, 0, 0]
    Size: [193, 229, 193]
  BufferedRegion: 
    Dimension: 3
    Index: [0, 0, 0]
    Size: [193, 229, 193]
  RequestedRegion: 
    Dimension: 3
    Index: [0, 0, 0]
    Size: [193, 229, 193]
  Spacing: [1, 1, 1]
  Origin: [96, 132, -78]
  Direction: 
-1 0 0
0 -1 0
0 0 1

  IndexToPointMatrix: 
-1 0 0
0 -1 0
0 0 1

  PointToIndexMatrix: 
-1 0 0
0 -1 0
0 0 1

  Inverse Direction: 
-1 0 0
0 -1 0
0 0 1

  PixelContainer: 
    ImportImageContainer (0x371dd60)
      RTTI typeinfo:   itk::ImportImageContainer<unsigned long, double>
      Reference Count: 1
      Modified Time: 1186
      Debug: Off
      Object Name: 
      Observers: 
        none
      Pointer: 0x14ca2fa01010
      Container manages memory: true
      Size: 8530021
      Capacity: 8530021

     Moving image = Image (0x370ff60)
  RTTI typeinfo:   itk::Image<double, 3u>
  Reference Count: 2
  Modified Time: 1579
  Debug: Off
  Object Name: 
  Observers: 
    none
  Source: (none)
  Source output name: (none)
  Release Data: Off
  Data Released: False
  Global Release Data: Off
  PipelineMTime: 0
  UpdateMTime: 1576
  RealTimeStamp: 0 seconds 
  LargestPossibleRegion: 
    Dimension: 3
    Index: [0, 0, 0]
    Size: [160, 240, 256]
  BufferedRegion: 
    Dimension: 3
    Index: [0, 0, 0]
    Size: [160, 240, 256]
  RequestedRegion: 
    Dimension: 3
    Index: [0, 0, 0]
    Size: [160, 240, 256]
  Spacing: [1, 1, 1]
  Origin: [87.9508, 102.562, -147.639]
  Direction: 
-0.998659 -0.0436121 -0.0279129
0.043595 -0.999049 0.00121847
-0.0279395 -2.65543e-08 0.99961

  IndexToPointMatrix: 
-0.998659 -0.0436121 -0.0279129
0.043595 -0.999049 0.00121847
-0.0279395 -2.65543e-08 0.99961

  PointToIndexMatrix: 
-0.998659 0.043595 -0.0279395
-0.0436121 -0.999049 -2.65517e-08
-0.0279129 0.00121847 0.99961

  Inverse Direction: 
-0.998659 0.043595 -0.0279395
-0.0436121 -0.999049 -2.65517e-08
-0.0279129 0.00121847 0.99961

  PixelContainer: 
    ImportImageContainer (0x37016d0)
      RTTI typeinfo:   itk::ImportImageContainer<unsigned long, double>
      Reference Count: 1
      Modified Time: 1573
      Debug: Off
      Object Name: 
      Observers: 
        none
      Pointer: 0x14ca2af00010
      Container manages memory: true
      Size: 9830400
      Capacity: 9830400

     Weighting = 1
     Sampling strategy = regular
     Number of bins = 32
     Radius = 4
     Sampling percentage  = 0.25
   Transform = Rigid
     Gradient step = 0.1
     Update field sigma (voxel space) = 0
     Total field sigma (voxel space) = 0
     Update field time sigma = 0
     Total field time sigma  = 0
     Number of time indices = 0
     Number of time point samples = 0
Registration using 1 total stages.

Stage 0
  iterations = 1000x500x250x100
  convergence threshold = 1e-06
  convergence window size = 10
  number of levels = 4
  using the Mattes MI metric (number of bins = 32, weight = 1, use gradient filter = 0)
  preprocessing:  winsorizing the image intensities
  Shrink factors (level 1 out of 4): [8, 8, 8]
  Shrink factors (level 2 out of 4): [4, 4, 4]
  Shrink factors (level 3 out of 4): [2, 2, 2]
  Shrink factors (level 4 out of 4): [1, 1, 1]
  smoothing sigmas per level: [3, 2, 1, 0]
  regular sampling (percentage = 0.25)

*** Running Euler3DTransform registration ***

DIAGNOSTIC,Iteration,metricValue,convergenceValue,ITERATION_TIME_INDEX,SINCE_LAST
 2DIAGNOSTIC,     1, -4.299060189477e-01, 1.797693134862e+308, 7.8552e-01, 7.8552e-01, 
 2DIAGNOSTIC,     2, -4.311703807429e-01, 1.797693134862e+308, 7.9059e-01, 5.0750e-03, 
 2DIAGNOSTIC,     3, -4.334997061176e-01, 1.797693134862e+308, 7.9512e-01, 4.5259e-03, 
 2DIAGNOSTIC,     4, -4.389575130370e-01, 1.797693134862e+308, 7.9934e-01, 4.2250e-03, 
 2DIAGNOSTIC,     5, -4.438813134482e-01, 1.797693134862e+308, 8.0442e-01, 5.0800e-03, 
 2DIAGNOSTIC,     6, -4.461495460377e-01, 1.797693134862e+308, 8.0919e-01, 4.7610e-03, 
 2DIAGNOSTIC,     7, -4.511407144429e-01, 1.797693134862e+308, 8.1890e-01, 9.7120e-03, 
 2DIAGNOSTIC,     8, -4.667812032718e-01, 1.797693134862e+308, 8.2505e-01, 6.1531e-03, 
 2DIAGNOSTIC,     9, -4.753090114372e-01, 1.797693134862e+308, 8.3067e-01, 5.6210e-03, 
 2DIAGNOSTIC,    10, -4.802481719655e-01, 7.481707542057e-03, 8.3674e-01, 6.0658e-03, 
 2DIAGNOSTIC,    11, -4.821261368877e-01, 7.356704266140e-03, 8.4197e-01, 5.2278e-03, 
 2DIAGNOSTIC,    12, -4.837491005316e-01, 6.749992380107e-03, 8.4760e-01, 5.6341e-03, 
 2DIAGNOSTIC,    13, -5.028244927619e-01, 6.622215038783e-03, 8.5650e-01, 8.8980e-03, 
 2DIAGNOSTIC,    14, -5.042109134417e-01, 6.183615245774e-03, 8.6169e-01, 5.1892e-03, 
 2DIAGNOSTIC,    15, -5.066116081877e-01, 5.558135432481e-03, 8.6697e-01, 5.2872e-03, 
 2DIAGNOSTIC,    16, -5.083451635943e-01, 4.676295421752e-03, 8.7244e-01, 5.4631e-03, 
 2DIAGNOSTIC,    17, -5.184993492596e-01, 3.998770500692e-03, 8.8049e-01, 8.0559e-03, 
 2DIAGNOSTIC,    18, -5.256348855994e-01, 3.769024583886e-03, 8.8517e-01, 4.6790e-03, 
 2DIAGNOSTIC,    19, -5.260487279138e-01, 3.491513209935e-03, 8.9091e-01, 5.7380e-03, 
 2DIAGNOSTIC,    20, -5.292109539180e-01, 3.174906841432e-03, 8.9695e-01, 6.0370e-03, 
 2DIAGNOSTIC,    21, -5.301818252758e-01, 2.681600016424e-03, 9.0149e-01, 4.5409e-03, 
 2DIAGNOSTIC,    22, -5.312241362945e-01, 2.041188782082e-03, 9.0787e-01, 6.3839e-03, 
 2DIAGNOSTIC,    23, -5.321371325570e-01, 1.776979102591e-03, 9.1448e-01, 6.6090e-03, 
 2DIAGNOSTIC,    24, -5.330747187298e-01, 1.429097847266e-03, 9.2002e-01, 5.5389e-03, 
 2DIAGNOSTIC,    25, -5.340979411055e-01, 1.060387252822e-03, 9.2584e-01, 5.8179e-03, 
 2DIAGNOSTIC,    26, -5.353301735096e-01, 6.839344147572e-04, 9.3258e-01, 6.7430e-03, 
 2DIAGNOSTIC,    27, -5.359877776208e-01, 5.005576960838e-04, 9.3734e-01, 4.7641e-03, 
 2DIAGNOSTIC,    28, -5.363338819921e-01, 4.385708305428e-04, 9.4184e-01, 4.4959e-03, 
 2DIAGNOSTIC,    29, -5.373050695198e-01, 3.660293592997e-04, 9.4639e-01, 4.5540e-03, 
 2DIAGNOSTIC,    30, -5.398201309302e-01, 3.715996840610e-04, 9.5178e-01, 5.3871e-03, 
 2DIAGNOSTIC,    31, -5.446421614390e-01, 4.465281086624e-04, 9.6228e-01, 1.0500e-02, 
 2DIAGNOSTIC,    32, -5.446645959538e-01, 4.912660492004e-04, 9.6718e-01, 4.8969e-03, 
 2DIAGNOSTIC,    33, -5.447647293265e-01, 5.056498830327e-04, 9.7197e-01, 4.7879e-03, 
 2DIAGNOSTIC,    34, -5.449311302243e-01, 4.904148144660e-04, 9.7680e-01, 4.8318e-03, 
 2DIAGNOSTIC,    35, -5.452045546596e-01, 4.491588829269e-04, 9.8144e-01, 4.6389e-03, 
 2DIAGNOSTIC,    36, -5.456974650120e-01, 3.933132929686e-04, 9.8698e-01, 5.5449e-03, 
 2DIAGNOSTIC,    37, -5.462998595392e-01, 3.227903930272e-04, 9.9139e-01, 4.4041e-03, 
 2DIAGNOSTIC,    38, -5.470544340733e-01, 2.429338639800e-04, 9.9585e-01, 4.4630e-03, 
 2DIAGNOSTIC,    39, -5.483333411357e-01, 1.763343565242e-04, 1.0012e+00, 5.3191e-03, 
 2DIAGNOSTIC,    40, -5.485726045768e-01, 1.327603527626e-04, 1.0056e+00, 4.4761e-03, 
 2DIAGNOSTIC,    41, -5.488485610136e-01, 1.482709738256e-04, 1.0107e+00, 5.0390e-03, 
 2DIAGNOSTIC,    42, -5.491458443912e-01, 1.532229420042e-04, 1.0153e+00, 4.5969e-03, 
 2DIAGNOSTIC,    43, -5.502480563894e-01, 1.587022200074e-04, 1.0212e+00, 5.9221e-03, 
 2DIAGNOSTIC,    44, -5.634816721587e-01, 3.167390935534e-04, 1.0281e+00, 6.9180e-03, 
 2DIAGNOSTIC,    45, -5.665472869596e-01, 4.733606842397e-04, 1.0334e+00, 5.2390e-03, 
 2DIAGNOSTIC,    46, -5.687218268447e-01, 6.104119223568e-04, 1.0385e+00, 5.1191e-03, 
 2DIAGNOSTIC,    47, -5.691224651925e-01, 6.966085173021e-04, 1.0436e+00, 5.0790e-03, 
 2DIAGNOSTIC,    48, -5.694947975428e-01, 7.248258810020e-04, 1.0480e+00, 4.4689e-03, 
 2DIAGNOSTIC,    49, -5.697422173423e-01, 6.972565297024e-04, 1.0525e+00, 4.4680e-03, 
 2DIAGNOSTIC,    50, -5.707114638118e-01, 6.164276633074e-04, 1.0596e+00, 7.1311e-03, 
 2DIAGNOSTIC,    51, -5.708119341685e-01, 4.857834763502e-04, 1.0640e+00, 4.4060e-03, 
 2DIAGNOSTIC,    52, -5.709334694997e-01, 3.203855367909e-04, 1.0692e+00, 5.1770e-03, 
 2DIAGNOSTIC,    53, -5.709670018946e-01, 1.397117606781e-04, 1.0736e+00, 4.3871e-03, 
 2DIAGNOSTIC,    54, -5.710747510373e-01, 8.636114643843e-05, 1.0780e+00, 4.4162e-03, 
 2DIAGNOSTIC,    55, -5.712494490928e-01, 5.811288013599e-05, 1.0824e+00, 4.3590e-03, 
 2DIAGNOSTIC,    56, -5.718034896895e-01, 5.167023295493e-05, 1.0872e+00, 4.8051e-03, 
 2DIAGNOSTIC,    57, -5.745798217956e-01, 7.058886586428e-05, 1.0936e+00, 6.3782e-03, 
 2DIAGNOSTIC,    58, -5.753968217618e-01, 9.252208416268e-05, 1.0994e+00, 5.8551e-03, 
 2DIAGNOSTIC,    59, -5.757911189193e-01, 1.105959028781e-04, 1.1040e+00, 4.5731e-03, 
 2DIAGNOSTIC,    60, -5.778284380455e-01, 1.446924302304e-04, 1.1090e+00, 5.0428e-03, 
 2DIAGNOSTIC,    61, -5.791109763241e-01, 1.753329462038e-04, 1.1158e+00, 6.8190e-03, 
 2DIAGNOSTIC,    62, -5.796467304905e-01, 1.933042778705e-04, 1.1203e+00, 4.4360e-03, 
 2DIAGNOSTIC,    63, -5.807743829923e-01, 2.021080844786e-04, 1.1253e+00, 5.0199e-03, 
 2DIAGNOSTIC,    64, -5.809547490154e-01, 1.938407953331e-04, 1.1305e+00, 5.1880e-03, 
 2DIAGNOSTIC,    65, -5.812123442635e-01, 1.708655349065e-04, 1.1355e+00, 5.0461e-03, 
 2DIAGNOSTIC,    66, -5.814077328356e-01, 1.376500460120e-04, 1.1409e+00, 5.3430e-03, 
 2DIAGNOSTIC,    67, -5.815901456878e-01, 1.157744698623e-04, 1.1454e+00, 4.4990e-03, 
 2DIAGNOSTIC,    68, -5.818191018535e-01, 9.177981713468e-05, 1.1504e+00, 5.0371e-03, 
 2DIAGNOSTIC,    69, -5.818567341224e-01, 6.273754425922e-05, 1.1563e+00, 5.8610e-03, 
 2DIAGNOSTIC,    70, -5.819106288416e-01, 4.432829571693e-05, 1.1617e+00, 5.4140e-03, 
 2DIAGNOSTIC,    71, -5.819394283855e-01, 3.202210883827e-05, 1.1667e+00, 4.9801e-03, 
 2DIAGNOSTIC,    72, -5.827441423629e-01, 2.666400741570e-05, 1.1731e+00, 6.4120e-03, 
 2DIAGNOSTIC,    73, -5.829662908755e-01, 2.851831265534e-05, 1.1778e+00, 4.6890e-03, 
 2DIAGNOSTIC,    74, -5.829573851717e-01, 2.883720186718e-05, 1.1828e+00, 5.0430e-03, 
 2DIAGNOSTIC,    75, -5.830409949525e-01, 2.891458226011e-05, 1.1881e+00, 5.3251e-03, 
 2DIAGNOSTIC,    76, -5.830222974342e-01, 2.743822267167e-05, 1.1930e+00, 4.8671e-03, 
 2DIAGNOSTIC,    77, -5.830317624520e-01, 2.458495423106e-05, 1.2020e+00, 9.0349e-03, 
 2DIAGNOSTIC,    78, -5.832451087051e-01, 2.241991474857e-05, 1.2069e+00, 4.9071e-03, 
 2DIAGNOSTIC,    79, -5.834024518250e-01, 1.951843305511e-05, 1.2124e+00, 5.4801e-03, 
 2DIAGNOSTIC,    80, -5.835090986481e-01, 1.596656824340e-05, 1.2176e+00, 5.1379e-03, 
 2DIAGNOSTIC,    81, -5.837377430809e-01, 1.255510650828e-05, 1.2278e+00, 1.0221e-02, 
 2DIAGNOSTIC,    82, -5.837434056901e-01, 1.317570584194e-05, 1.2424e+00, 1.4651e-02, 
 2DIAGNOSTIC,    83, -5.837554212065e-01, 1.402946470656e-05, 1.2485e+00, 6.0508e-03, 
 2DIAGNOSTIC,    84, -5.837921071915e-01, 1.370116181567e-05, 1.2535e+00, 5.0249e-03, 
 2DIAGNOSTIC,    85, -5.838457547942e-01, 1.293990448319e-05, 1.2587e+00, 5.1489e-03, 
 2DIAGNOSTIC,    86, -5.839702699670e-01, 1.162585342267e-05, 1.2637e+00, 5.0180e-03, 
 2DIAGNOSTIC,    87, -5.841098912404e-01, 1.011695590573e-05, 1.2701e+00, 6.3949e-03, 
 2DIAGNOSTIC,    88, -5.840575989482e-01, 8.648728661310e-06, 1.2749e+00, 4.7820e-03, 
 2DIAGNOSTIC,    89, -5.840886502187e-01, 7.542202118087e-06, 1.2794e+00, 4.5888e-03, 
 2DIAGNOSTIC,    90, -5.842362733634e-01, 7.197172308180e-06, 1.2845e+00, 5.0299e-03, 
 2DIAGNOSTIC,    91, -5.842944830365e-01, 7.798083145619e-06, 1.2894e+00, 4.9191e-03, 
 2DIAGNOSTIC,    92, -5.845297662957e-01, 9.020139412256e-06, 1.2938e+00, 4.3809e-03, 
 2DIAGNOSTIC,    93, -5.846289691722e-01, 9.987859818997e-06, 1.2981e+00, 4.3449e-03, 
 2DIAGNOSTIC,    94, -5.850025850985e-01, 1.227703140158e-05, 1.3026e+00, 4.4360e-03, 
 2DIAGNOSTIC,    95, -5.857304291177e-01, 1.755982776388e-05, 1.3096e+00, 7.0281e-03, 
 2DIAGNOSTIC,    96, -5.858016372006e-01, 2.200150880893e-05, 1.3142e+00, 4.6251e-03, 
 2DIAGNOSTIC,    97, -5.858950443060e-01, 2.556016246962e-05, 1.3185e+00, 4.3302e-03, 
 2DIAGNOSTIC,    98, -5.861021007290e-01, 2.745982727756e-05, 1.3236e+00, 5.1010e-03, 
 2DIAGNOSTIC,    99, -5.864048230009e-01, 2.836905683722e-05, 1.3291e+00, 5.4379e-03, 
 2DIAGNOSTIC,   100, -5.865108167147e-01, 2.777367336430e-05, 1.3340e+00, 4.9031e-03, 
 2DIAGNOSTIC,   101, -5.865452091833e-01, 2.500953485430e-05, 1.3386e+00, 4.5969e-03, 
 2DIAGNOSTIC,   102, -5.866257170840e-01, 2.159160657111e-05, 1.3430e+00, 4.4150e-03, 
 2DIAGNOSTIC,   103, -5.866845960194e-01, 1.694693408415e-05, 1.3491e+00, 6.0840e-03, 
 2DIAGNOSTIC,   104, -5.867886333524e-01, 1.302871597286e-05, 1.3535e+00, 4.4210e-03, 
 2DIAGNOSTIC,   105, -5.867346098475e-01, 1.125317821678e-05, 1.3586e+00, 5.1270e-03, 
 2DIAGNOSTIC,   106, -5.869431873170e-01, 9.846567894326e-06, 1.3631e+00, 4.4889e-03, 
 2DIAGNOSTIC,   107, -5.871027898481e-01, 8.725446355148e-06, 1.3692e+00, 6.0809e-03, 
 2DIAGNOSTIC,   108, -5.872836240970e-01, 8.601514953542e-06, 1.3738e+00, 4.5898e-03, 
 2DIAGNOSTIC,   109, -5.873121110361e-01, 9.222716043410e-06, 1.3790e+00, 5.2121e-03, 
 2DIAGNOSTIC,   110, -5.873265728680e-01, 9.551822469171e-06, 1.3848e+00, 5.8110e-03, 
 2DIAGNOSTIC,   111, -5.873414691160e-01, 9.202233624977e-06, 1.3893e+00, 4.5309e-03, 
 2DIAGNOSTIC,   112, -5.873515917709e-01, 8.387612956521e-06, 1.3939e+00, 4.5769e-03, 
 2DIAGNOSTIC,   113, -5.873676508754e-01, 7.126738363172e-06, 1.3991e+00, 5.1811e-03, 
 2DIAGNOSTIC,   114, -5.873772926603e-01, 5.761966014081e-06, 1.4058e+00, 6.6862e-03, 
 2DIAGNOSTIC,   115, -5.873787281355e-01, 3.652150943926e-06, 1.4103e+00, 4.5049e-03, 
 2DIAGNOSTIC,   116, -5.873903345398e-01, 2.217187569738e-06, 1.4154e+00, 5.0700e-03, 
 2DIAGNOSTIC,   117, -5.873934707374e-01, 1.310134553067e-06, 1.4200e+00, 4.6072e-03, 
 2DIAGNOSTIC,   118, -5.873961287367e-01, 1.111621695889e-06, 1.4247e+00, 4.7112e-03, 
DIAGNOSTIC,Iteration,metricValue,convergenceValue,ITERATION_TIME_INDEX,SINCE_LAST
 2DIAGNOSTIC,     1, -4.730727732919e-01, 1.797693134862e+308, 2.1357e+00, 7.1107e-01, 
 2DIAGNOSTIC,     2, -4.737877551982e-01, 1.797693134862e+308, 2.1653e+00, 2.9575e-02, 
 2DIAGNOSTIC,     3, -4.748260784231e-01, 1.797693134862e+308, 2.1951e+00, 2.9786e-02, 
 2DIAGNOSTIC,     4, -4.768999692194e-01, 1.797693134862e+308, 2.2246e+00, 2.9506e-02, 
 2DIAGNOSTIC,     5, -4.804178122687e-01, 1.797693134862e+308, 2.2552e+00, 3.0625e-02, 
 2DIAGNOSTIC,     6, -4.822342440104e-01, 1.797693134862e+308, 2.2904e+00, 3.5202e-02, 
 2DIAGNOSTIC,     7, -4.829737541106e-01, 1.797693134862e+308, 2.3199e+00, 2.9478e-02, 
 2DIAGNOSTIC,     8, -4.830755649114e-01, 1.797693134862e+308, 2.3536e+00, 3.3670e-02, 
 2DIAGNOSTIC,     9, -4.833077676416e-01, 1.797693134862e+308, 2.3877e+00, 3.4091e-02, 
 2DIAGNOSTIC,    10, -4.842963756210e-01, 1.690583793095e-03, 2.4254e+00, 3.7717e-02, 
 2DIAGNOSTIC,    11, -4.844217146282e-01, 1.336346834933e-03, 2.4850e+00, 5.9560e-02, 
 2DIAGNOSTIC,    12, -4.844296031577e-01, 9.600508091511e-04, 2.5212e+00, 3.6201e-02, 
 2DIAGNOSTIC,    13, -4.844594165793e-01, 6.054205412005e-04, 2.5505e+00, 2.9317e-02, 
 2DIAGNOSTIC,    14, -4.844798783377e-01, 3.323915036311e-04, 2.5831e+00, 3.2600e-02, 
 2DIAGNOSTIC,    15, -4.845196759487e-01, 2.036468857861e-04, 2.6163e+00, 3.3255e-02, 
 2DIAGNOSTIC,    16, -4.845362711236e-01, 1.394437189845e-04, 2.6463e+00, 2.9934e-02, 
 2DIAGNOSTIC,    17, -4.845515064298e-01, 9.693805103883e-05, 2.6791e+00, 3.2836e-02, 
 2DIAGNOSTIC,    18, -4.845530435848e-01, 5.402530994968e-05, 2.7131e+00, 3.4050e-02, 
 2DIAGNOSTIC,    19, -4.845539670525e-01, 1.721630393110e-05, 2.7477e+00, 3.4600e-02, 
 2DIAGNOSTIC,    20, -4.845560091488e-01, 1.176600193026e-05, 2.7826e+00, 3.4841e-02, 
 2DIAGNOSTIC,    21, -4.845460155332e-01, 9.127261469254e-06, 2.8203e+00, 3.7697e-02, 
 2DIAGNOSTIC,    22, -4.845342637943e-01, 5.917290354658e-06, 2.8519e+00, 3.1569e-02, 
 2DIAGNOSTIC,    23, -4.845242336059e-01, 3.085306578769e-06, 2.8829e+00, 3.1033e-02, 
DIAGNOSTIC,Iteration,metricValue,convergenceValue,ITERATION_TIME_INDEX,SINCE_LAST
 2DIAGNOSTIC,     1, -4.301706445048e-01, 1.797693134862e+308, 3.9519e+00, 1.0690e+00, 
 2DIAGNOSTIC,     2, -4.302937970722e-01, 1.797693134862e+308, 4.1992e+00, 2.4732e-01, 
 2DIAGNOSTIC,     3, -4.304046390698e-01, 1.797693134862e+308, 4.4762e+00, 2.7700e-01, 
 2DIAGNOSTIC,     4, -4.304464385049e-01, 1.797693134862e+308, 4.7351e+00, 2.5892e-01, 
 2DIAGNOSTIC,     5, -4.305252702040e-01, 1.797693134862e+308, 4.9899e+00, 2.5478e-01, 
 2DIAGNOSTIC,     6, -4.307100216019e-01, 1.797693134862e+308, 5.2384e+00, 2.4853e-01, 
 2DIAGNOSTIC,     7, -4.315033841842e-01, 1.797693134862e+308, 5.5967e+00, 3.5831e-01, 
 2DIAGNOSTIC,     8, -4.320864945599e-01, 1.797693134862e+308, 5.8465e+00, 2.4977e-01, 
 2DIAGNOSTIC,     9, -4.322599463725e-01, 1.797693134862e+308, 6.1089e+00, 2.6239e-01, 
 2DIAGNOSTIC,    10, -4.323237771522e-01, 3.707845623531e-04, 6.3976e+00, 2.8868e-01, 
 2DIAGNOSTIC,    11, -4.324363530955e-01, 3.595578506774e-04, 6.7511e+00, 3.5356e-01, 
 2DIAGNOSTIC,    12, -4.325070613563e-01, 3.279272509864e-04, 7.0012e+00, 2.5008e-01, 
 2DIAGNOSTIC,    13, -4.325666818391e-01, 2.799247912283e-04, 7.2527e+00, 2.5151e-01, 
 2DIAGNOSTIC,    14, -4.328237270968e-01, 2.280508426232e-04, 7.5242e+00, 2.7142e-01, 
 2DIAGNOSTIC,    15, -4.336035123009e-01, 2.004440290702e-04, 7.8704e+00, 3.4626e-01, 
 2DIAGNOSTIC,    16, -4.341489087056e-01, 1.867655275145e-04, 8.1779e+00, 3.0748e-01, 
 2DIAGNOSTIC,    17, -4.343088150663e-01, 1.939164599143e-04, 8.4864e+00, 3.0852e-01, 
 2DIAGNOSTIC,    18, -4.344406628908e-01, 2.090254910198e-04, 8.8480e+00, 3.6159e-01, 
 2DIAGNOSTIC,    19, -4.345129187524e-01, 2.118458199105e-04, 9.1062e+00, 2.5819e-01, 
 2DIAGNOSTIC,    20, -4.346552046917e-01, 2.011222959081e-04, 9.4285e+00, 3.2234e-01, 
 2DIAGNOSTIC,    21, -4.346575417073e-01, 1.760980926608e-04, 9.7957e+00, 3.6719e-01, 
 2DIAGNOSTIC,    22, -4.346572171679e-01, 1.395149295451e-04, 1.0070e+01, 2.7450e-01, 
 2DIAGNOSTIC,    23, -4.346568912442e-01, 9.519756984385e-05, 1.0326e+01, 2.5599e-01, 
 2DIAGNOSTIC,    24, -4.346560984997e-01, 5.238964608048e-05, 1.0610e+01, 2.8377e-01, 
 2DIAGNOSTIC,    25, -4.346567508785e-01, 2.835344651468e-05, 1.0942e+01, 3.3163e-01, 
 2DIAGNOSTIC,    26, -4.346553706426e-01, 1.730432594991e-05, 1.1173e+01, 2.3111e-01, 
 2DIAGNOSTIC,    27, -4.346548895503e-01, 9.425587985279e-06, 1.1435e+01, 2.6184e-01, 
 2DIAGNOSTIC,    28, -4.346535149731e-01, 4.385907653309e-06, 1.1661e+01, 2.2689e-01, 
DIAGNOSTIC,Iteration,metricValue,convergenceValue,ITERATION_TIME_INDEX,SINCE_LAST
 2DIAGNOSTIC,     1, -4.013043930801e-01, 1.797693134862e+308, 1.4270e+01, 2.6088e+00, 
 2DIAGNOSTIC,     2, -4.013924192751e-01, 1.797693134862e+308, 1.5716e+01, 1.4457e+00, 
 2DIAGNOSTIC,     3, -4.014669232191e-01, 1.797693134862e+308, 1.7052e+01, 1.3359e+00, 
 2DIAGNOSTIC,     4, -4.014735277951e-01, 1.797693134862e+308, 1.9145e+01, 2.0931e+00, 
 2DIAGNOSTIC,     5, -4.014717183795e-01, 1.797693134862e+308, 2.0838e+01, 1.6928e+00, 
 2DIAGNOSTIC,     6, -4.014721195404e-01, 1.797693134862e+308, 2.2776e+01, 1.9386e+00, 
 2DIAGNOSTIC,     7, -4.014724373802e-01, 1.797693134862e+308, 2.4779e+01, 2.0026e+00, 
 2DIAGNOSTIC,     8, -4.014725451674e-01, 1.797693134862e+308, 2.6622e+01, 1.8425e+00, 
 2DIAGNOSTIC,     9, -4.014726303750e-01, 1.797693134862e+308, 2.8091e+01, 1.4699e+00, 
 2DIAGNOSTIC,    10, -4.014724853714e-01, 2.029007503357e-05, 2.9664e+01, 1.5721e+00, 
 2DIAGNOSTIC,    11, -4.014722119317e-01, 8.327788903278e-06, 3.1331e+01, 1.6674e+00, 
 2DIAGNOSTIC,    12, -4.014720855371e-01, 2.934609128202e-06, 3.2896e+01, 1.5654e+00, 
 2DIAGNOSTIC,    13, -4.014720337887e-01, 2.388661210675e-06, 3.4400e+01, 1.5039e+00, 
 2DIAGNOSTIC,    14, -4.014719721237e-01, 2.259711513200e-06, 3.5725e+01, 1.3249e+00, 
 2DIAGNOSTIC,    15, -4.014719273438e-01, 2.061413971591e-06, 3.7225e+01, 1.4997e+00, 
 2DIAGNOSTIC,    16, -4.014718818928e-01, 1.909036186978e-06, 3.8695e+01, 1.4699e+00, 
 2DIAGNOSTIC,    17, -4.014718545851e-01, 1.793917500527e-06, 4.0235e+01, 1.5406e+00, 
 2DIAGNOSTIC,    18, -4.014717797517e-01, 1.699731866561e-06, 4.2289e+01, 2.0542e+00, 
 2DIAGNOSTIC,    19, -4.014717968293e-01, 1.625578723838e-06, 4.3781e+01, 1.4917e+00, 
 2DIAGNOSTIC,    20, -4.014717268369e-01, 1.555924543650e-06, 4.5310e+01, 1.5291e+00, 
 2DIAGNOSTIC,    21, -4.014716528710e-01, 1.484553482964e-06, 4.6669e+01, 1.3588e+00, 
 2DIAGNOSTIC,    22, -4.014715880386e-01, 1.416421354442e-06, 4.8194e+01, 1.5249e+00, 
 2DIAGNOSTIC,    23, -4.014715410852e-01, 1.353987824949e-06, 4.9610e+01, 1.4164e+00, 
 2DIAGNOSTIC,    24, -4.014715206352e-01, 1.297058982629e-06, 5.1299e+01, 1.6882e+00, 
 2DIAGNOSTIC,    25, -4.014715642791e-01, 1.247321141311e-06, 5.3041e+01, 1.7427e+00, 
 2DIAGNOSTIC,    26, -4.014715217012e-01, 1.201364463820e-06, 5.4818e+01, 1.7770e+00, 
 2DIAGNOSTIC,    27, -4.014714981009e-01, 1.159670337092e-06, 5.6267e+01, 1.4486e+00, 
 2DIAGNOSTIC,    28, -4.014715190512e-01, 1.121323087154e-06, 5.7919e+01, 1.6520e+00, 
 2DIAGNOSTIC,    29, -4.014716982235e-01, 1.091777621844e-06, 6.0267e+01, 2.3480e+00, 
 2DIAGNOSTIC,    30, -4.014718220070e-01, 1.065834774612e-06, 6.1808e+01, 1.5409e+00, 
 2DIAGNOSTIC,    31, -4.014717099713e-01, 1.036812023625e-06, 6.3306e+01, 1.4981e+00, 
 2DIAGNOSTIC,    32, -4.014716401673e-01, 1.005833268300e-06, 6.4878e+01, 1.5725e+00, 
  Elapsed time (stage 0): 6.5660e+01


Total elapsed time: 6.5663e+01
Info [verificarlo]: loaded backend libinterflop_ieee.so
Info [interflop-ieee]: load backend with:
Info [interflop-ieee]: debug = false
Info [interflop-ieee]: debug-binary = false
Info [interflop-ieee]: no-backend-name = false
Info [interflop-ieee]: print-new-line = false
Info [interflop-ieee]: print-subnormal-normalized = false
Info [interflop-ieee]: count-op = false
All_Command_lines_OK
Using double precision for computations.
=============================================================================
The composite transform comprises the following transforms (in order): 
  1. /home/mdugre/scratch/mri-registration-rp/datasets/ds004513/derivatives/mri-registration-rp/0001/antsRegistration-r8-p7/sub-s037/rigid_Composite.h5[0] (type = Euler3DTransform)
  2. /home/mdugre/scratch/mri-registration-rp/datasets/ds004513/derivatives/mri-registration-rp/0001/antsRegistration-r8-p7/sub-s037/rigid_Composite.h5[1] (type = Euler3DTransform)
  3. /home/mdugre/scratch/mri-registration-rp/datasets/ds004513/derivatives/mri-registration-rp/0001/antsRegistration-r8-p7/sub-s037/rigid_Composite.h5[2] (type = Euler3DTransform)
=============================================================================
  number of levels = 4
  fixed image: /templateflow/tpl-MNI152NLin2009cAsym/tpl-MNI152NLin2009cAsym_res-01_desc-brain_T1w.nii.gz
  moving image: /home/mdugre/scratch/mri-registration-rp/datasets/ds004513/derivatives/mri-registration-rp/antsBrainExtraction/sub-s037/BrainExtractionBrain.nii.gz
Dimension = 3
Number of stages = 1
Use histogram matching = false
Winsorize image intensities = true
  Lower quantile = 0.005
  Upper quantile = 0.995


Stage 1 State
   Image metric = MattesMI
     Fixed image = Image (0x455a530)
  RTTI typeinfo:   itk::Image<double, 3u>
  Reference Count: 2
  Modified Time: 1592
  Debug: Off
  Object Name: 
  Observers: 
    none
  Source: (none)
  Source output name: (none)
  Release Data: Off
  Data Released: False
  Global Release Data: Off
  PipelineMTime: 0
  UpdateMTime: 1203
  RealTimeStamp: 0 seconds 
  LargestPossibleRegion: 
    Dimension: 3
    Index: [0, 0, 0]
    Size: [193, 229, 193]
  BufferedRegion: 
    Dimension: 3
    Index: [0, 0, 0]
    Size: [193, 229, 193]
  RequestedRegion: 
    Dimension: 3
    Index: [0, 0, 0]
    Size: [193, 229, 193]
  Spacing: [1, 1, 1]
  Origin: [96, 132, -78]
  Direction: 
-1 0 0
0 -1 0
0 0 1

  IndexToPointMatrix: 
-1 0 0
0 -1 0
0 0 1

  PointToIndexMatrix: 
-1 0 0
0 -1 0
0 0 1

  Inverse Direction: 
-1 0 0
0 -1 0
0 0 1

  PixelContainer: 
    ImportImageContainer (0x46132a0)
      RTTI typeinfo:   itk::ImportImageContainer<unsigned long, double>
      Reference Count: 1
      Modified Time: 1200
      Debug: Off
      Object Name: 
      Observers: 
        none
      Pointer: 0x1551fdb2e010
      Container manages memory: true
      Size: 8530021
      Capacity: 8530021

     Moving image = Image (0x4615e60)
  RTTI typeinfo:   itk::Image<double, 3u>
  Reference Count: 2
  Modified Time: 1593
  Debug: Off
  Object Name: 
  Observers: 
    none
  Source: (none)
  Source output name: (none)
  Release Data: Off
  Data Released: False
  Global Release Data: Off
  PipelineMTime: 0
  UpdateMTime: 1590
  RealTimeStamp: 0 seconds 
  LargestPossibleRegion: 
    Dimension: 3
    Index: [0, 0, 0]
    Size: [160, 240, 256]
  BufferedRegion: 
    Dimension: 3
    Index: [0, 0, 0]
    Size: [160, 240, 256]
  RequestedRegion: 
    Dimension: 3
    Index: [0, 0, 0]
    Size: [160, 240, 256]
  Spacing: [1, 1, 1]
  Origin: [87.9508, 102.562, -147.639]
  Direction: 
-0.998659 -0.0436121 -0.0279129
0.043595 -0.999049 0.00121847
-0.0279395 -2.65543e-08 0.99961

  IndexToPointMatrix: 
-0.998659 -0.0436121 -0.0279129
0.043595 -0.999049 0.00121847
-0.0279395 -2.65543e-08 0.99961

  PointToIndexMatrix: 
-0.998659 0.043595 -0.0279395
-0.0436121 -0.999049 -2.65517e-08
-0.0279129 0.00121847 0.99961

  Inverse Direction: 
-0.998659 0.043595 -0.0279395
-0.0436121 -0.999049 -2.65517e-08
-0.0279129 0.00121847 0.99961

  PixelContainer: 
    ImportImageContainer (0x4649390)
      RTTI typeinfo:   itk::ImportImageContainer<unsigned long, double>
      Reference Count: 1
      Modified Time: 1587
      Debug: Off
      Object Name: 
      Observers: 
        none
      Pointer: 0x1551f902d010
      Container manages memory: true
      Size: 9830400
      Capacity: 9830400

     Weighting = 1
     Sampling strategy = regular
     Number of bins = 32
     Radius = 4
     Sampling percentage  = 0.25
   Transform = Affine
     Gradient step = 0.1
     Update field sigma (voxel space) = 0
     Total field sigma (voxel space) = 0
     Update field time sigma = 0
     Total field time sigma  = 0
     Number of time indices = 0
     Number of time point samples = 0
Registration using 1 total stages.

Stage 0
  iterations = 1000x500x250x100
  convergence threshold = 1e-06
  convergence window size = 10
  number of levels = 4
  using the Mattes MI metric (number of bins = 32, weight = 1, use gradient filter = 0)
  preprocessing:  winsorizing the image intensities
  Shrink factors (level 1 out of 4): [8, 8, 8]
  Shrink factors (level 2 out of 4): [4, 4, 4]
  Shrink factors (level 3 out of 4): [2, 2, 2]
  Shrink factors (level 4 out of 4): [1, 1, 1]
  smoothing sigmas per level: [3, 2, 1, 0]
  regular sampling (percentage = 0.25)

*** Running AffineTransform registration ***

DIAGNOSTIC,Iteration,metricValue,convergenceValue,ITERATION_TIME_INDEX,SINCE_LAST
 2DIAGNOSTIC,     1, -5.841055974281e-01, 1.797693134862e+308, 7.2292e-01, 7.2292e-01, 
 2DIAGNOSTIC,     2, -5.856703044903e-01, 1.797693134862e+308, 7.2794e-01, 5.0130e-03, 
 2DIAGNOSTIC,     3, -5.886125597943e-01, 1.797693134862e+308, 7.3269e-01, 4.7569e-03, 
 2DIAGNOSTIC,     4, -5.928238451097e-01, 1.797693134862e+308, 7.3770e-01, 5.0101e-03, 
 2DIAGNOSTIC,     5, -5.991273857875e-01, 1.797693134862e+308, 7.4250e-01, 4.7989e-03, 
 2DIAGNOSTIC,     6, -6.067420398783e-01, 1.797693134862e+308, 7.4732e-01, 4.8239e-03, 
 2DIAGNOSTIC,     7, -6.164494390990e-01, 1.797693134862e+308, 7.5224e-01, 4.9131e-03, 
 2DIAGNOSTIC,     8, -6.392840603669e-01, 1.797693134862e+308, 7.5797e-01, 5.7321e-03, 
 2DIAGNOSTIC,     9, -6.781587127924e-01, 1.797693134862e+308, 7.6570e-01, 7.7300e-03, 
 2DIAGNOSTIC,    10, -6.802717363192e-01, 1.035735518466e-02, 7.7160e-01, 5.8980e-03, 
 2DIAGNOSTIC,    11, -6.893495238324e-01, 1.094039749549e-02, 7.7803e-01, 6.4280e-03, 
 2DIAGNOSTIC,    12, -6.985390054912e-01, 1.084360196050e-02, 7.8405e-01, 6.0279e-03, 
 2DIAGNOSTIC,    13, -7.016343682761e-01, 9.975640534449e-03, 7.9004e-01, 5.9810e-03, 
 2DIAGNOSTIC,    14, -7.081261600450e-01, 8.661396250343e-03, 7.9670e-01, 6.6609e-03, 
 2DIAGNOSTIC,    15, -7.105726058245e-01, 7.011366775457e-03, 8.0193e-01, 5.2350e-03, 
 2DIAGNOSTIC,    16, -7.138486313528e-01, 5.258080691008e-03, 8.0797e-01, 6.0360e-03, 
 2DIAGNOSTIC,    17, -7.146062799224e-01, 3.508678090086e-03, 8.1358e-01, 5.6162e-03, 
 2DIAGNOSTIC,    18, -7.170739692833e-01, 2.232362786922e-03, 8.2116e-01, 7.5750e-03, 
 2DIAGNOSTIC,    19, -7.187910504604e-01, 1.817242414972e-03, 8.2718e-01, 6.0210e-03, 
 2DIAGNOSTIC,    20, -7.189728288879e-01, 1.324379242739e-03, 8.3262e-01, 5.4381e-03, 
 2DIAGNOSTIC,    21, -7.193031344891e-01, 9.480172407051e-04, 8.3876e-01, 6.1421e-03, 
 2DIAGNOSTIC,    22, -7.195327025486e-01, 7.028275021858e-04, 8.4485e-01, 6.0871e-03, 
 2DIAGNOSTIC,    23, -7.197065861595e-01, 4.725356901460e-04, 8.5081e-01, 5.9669e-03, 
 2DIAGNOSTIC,    24, -7.199549567005e-01, 3.364826988291e-04, 8.5666e-01, 5.8498e-03, 
 2DIAGNOSTIC,    25, -7.197925811862e-01, 2.182214393878e-04, 8.6199e-01, 5.3279e-03, 
 2DIAGNOSTIC,    26, -7.197492422486e-01, 1.421961873924e-04, 8.6787e-01, 5.8770e-03, 
 2DIAGNOSTIC,    27, -7.199709719585e-01, 7.335092209598e-05, 8.7489e-01, 7.0229e-03, 
 2DIAGNOSTIC,    28, -7.200002538465e-01, 3.940662797532e-05, 8.8023e-01, 5.3439e-03, 
 2DIAGNOSTIC,    29, -7.197579741265e-01, 2.556279434676e-05, 8.8550e-01, 5.2629e-03, 
 2DIAGNOSTIC,    30, -7.196849155930e-01, 1.202519191388e-05, 8.9135e-01, 5.8489e-03, 
 2DIAGNOSTIC,    31, -7.197961925891e-01, 4.298736238230e-06, 8.9669e-01, 5.3420e-03, 
DIAGNOSTIC,Iteration,metricValue,convergenceValue,ITERATION_TIME_INDEX,SINCE_LAST
 2DIAGNOSTIC,     1, -5.903822169469e-01, 1.797693134862e+308, 1.6559e+00, 7.5919e-01, 
 2DIAGNOSTIC,     2, -5.915195261389e-01, 1.797693134862e+308, 1.6941e+00, 3.8259e-02, 
 2DIAGNOSTIC,     3, -5.927219643317e-01, 1.797693134862e+308, 1.7318e+00, 3.7617e-02, 
 2DIAGNOSTIC,     4, -5.939539997906e-01, 1.797693134862e+308, 1.7709e+00, 3.9148e-02, 
 2DIAGNOSTIC,     5, -5.946463137170e-01, 1.797693134862e+308, 1.8116e+00, 4.0669e-02, 
 2DIAGNOSTIC,     6, -5.953059293617e-01, 1.797693134862e+308, 1.8492e+00, 3.7619e-02, 
 2DIAGNOSTIC,     7, -5.958965829544e-01, 1.797693134862e+308, 1.8869e+00, 3.7752e-02, 
 2DIAGNOSTIC,     8, -5.968375780270e-01, 1.797693134862e+308, 1.9249e+00, 3.7919e-02, 
 2DIAGNOSTIC,     9, -5.979796409069e-01, 1.797693134862e+308, 1.9875e+00, 6.2691e-02, 
 2DIAGNOSTIC,    10, -5.979625135869e-01, 8.217757666870e-04, 2.0453e+00, 5.7737e-02, 
 2DIAGNOSTIC,    11, -5.979793537855e-01, 6.535893983956e-04, 2.0900e+00, 4.4698e-02, 
 2DIAGNOSTIC,    12, -5.979675911760e-01, 4.997724611852e-04, 2.1361e+00, 4.6141e-02, 
 2DIAGNOSTIC,    13, -5.979740661773e-01, 3.678257963450e-04, 2.1825e+00, 4.6372e-02, 
 2DIAGNOSTIC,    14, -5.979583541444e-01, 2.622272710192e-04, 2.2263e+00, 4.3782e-02, 
 2DIAGNOSTIC,    15, -5.979414536125e-01, 1.685076879571e-04, 2.2633e+00, 3.7003e-02, 
 2DIAGNOSTIC,    16, -5.979443591270e-01, 9.143169422805e-05, 2.3015e+00, 3.8249e-02, 
 2DIAGNOSTIC,    17, -5.979396964309e-01, 3.126554474198e-05, 2.3416e+00, 4.0082e-02, 
DIAGNOSTIC,Iteration,metricValue,convergenceValue,ITERATION_TIME_INDEX,SINCE_LAST
 2DIAGNOSTIC,     1, -5.227373587543e-01, 1.797693134862e+308, 3.6351e+00, 1.2935e+00, 
 2DIAGNOSTIC,     2, -5.230920369947e-01, 1.797693134862e+308, 3.9665e+00, 3.3140e-01, 
 2DIAGNOSTIC,     3, -5.235809064533e-01, 1.797693134862e+308, 4.2996e+00, 3.3309e-01, 
 2DIAGNOSTIC,     4, -5.241544782451e-01, 1.797693134862e+308, 4.6446e+00, 3.4499e-01, 
 2DIAGNOSTIC,     5, -5.248135236721e-01, 1.797693134862e+308, 4.9763e+00, 3.3167e-01, 
 2DIAGNOSTIC,     6, -5.255060389041e-01, 1.797693134862e+308, 5.3157e+00, 3.3944e-01, 
 2DIAGNOSTIC,     7, -5.260909776268e-01, 1.797693134862e+308, 5.7371e+00, 4.2144e-01, 
 2DIAGNOSTIC,     8, -5.265688117685e-01, 1.797693134862e+308, 6.0828e+00, 3.4565e-01, 
 2DIAGNOSTIC,     9, -5.267182935307e-01, 1.797693134862e+308, 6.3864e+00, 3.0364e-01, 
 2DIAGNOSTIC,    10, -5.270065712862e-01, 5.744670907594e-04, 6.7386e+00, 3.5214e-01, 
 2DIAGNOSTIC,    11, -5.272461423126e-01, 4.880762968944e-04, 7.2984e+00, 5.5988e-01, 
