
##########################
# Experiment information #
##########################

EXPERIMENT_NAME: antsRegistration-r7-p21
VFC_BACKENDS: libinterflop_vprec.so --range-binary32=7 --precision-binary32=21 --range-binary64=7 --precision-binary64=21

SIF_IMG: /home/mdugre/projects/rrg-glatard/mdugre/containers/ants-vprec-no_metrics.simg

SUBJECT_ID: s017
INPUT_IMG: /home/mdugre/scratch/mri-registration-rp/datasets/ds004513/derivatives/mri-registration-rp/antsBrainExtraction/sub-s017/BrainExtractionBrain.nii.gz
OUTPUT_DIR: /home/mdugre/scratch/mri-registration-rp/datasets/ds004513/derivatives/mri-registration-rp/0001/antsRegistration-r7-p21/sub-s017

FIXED_IMG: /templateflow/tpl-MNI152NLin2009cAsym/tpl-MNI152NLin2009cAsym_res-01_desc-brain_T1w.nii.gz
DATA_DIR: /home/mdugre/scratch/mri-registration-rp/datasets/ds004513
TEMPLATEFLOW_DIR: /home/mdugre/projects/rrg-glatard/mdugre/templateflow
ITK_GLOBAL_DEFAULT_NUMBER_OF_THREADS: 16
##########################

Info [verificarlo]: loaded backend libinterflop_ieee.so
Info [interflop-ieee]: load backend with:
Info [interflop-ieee]: debug = false
Info [interflop-ieee]: debug-binary = false
Info [interflop-ieee]: no-backend-name = false
Info [interflop-ieee]: print-new-line = false
Info [interflop-ieee]: print-subnormal-normalized = false
Info [interflop-ieee]: count-op = false
All_Command_lines_OK
Using double precision for computations.
=============================================================================
The composite transform comprises the following transforms (in order): 
  1. Center of mass alignment using fixed image: /templateflow/tpl-MNI152NLin2009cAsym/tpl-MNI152NLin2009cAsym_res-01_desc-brain_T1w.nii.gz and moving image: /home/mdugre/scratch/mri-registration-rp/datasets/ds004513/derivatives/mri-registration-rp/antsBrainExtraction/sub-s017/BrainExtractionBrain.nii.gz (type = Euler3DTransform)
=============================================================================
  number of levels = 1
  fixed image: /templateflow/tpl-MNI152NLin2009cAsym/tpl-MNI152NLin2009cAsym_res-01_desc-brain_T1w.nii.gz
  moving image: /home/mdugre/scratch/mri-registration-rp/datasets/ds004513/derivatives/mri-registration-rp/antsBrainExtraction/sub-s017/BrainExtractionBrain.nii.gz
Dimension = 3
Number of stages = 1
Use histogram matching = false
Winsorize image intensities = true
  Lower quantile = 0.005
  Upper quantile = 0.995


Stage 1 State
   Image metric = MattesMI
     Fixed image = Image (0x4319e70)
  RTTI typeinfo:   itk::Image<double, 3u>
  Reference Count: 2
  Modified Time: 2334
  Debug: Off
  Object Name: 
  Observers: 
    none
  Source: (none)
  Source output name: (none)
  Release Data: Off
  Data Released: False
  Global Release Data: Off
  PipelineMTime: 0
  UpdateMTime: 1943
  RealTimeStamp: 0 seconds 
  LargestPossibleRegion: 
    Dimension: 3
    Index: [0, 0, 0]
    Size: [193, 229, 193]
  BufferedRegion: 
    Dimension: 3
    Index: [0, 0, 0]
    Size: [193, 229, 193]
  RequestedRegion: 
    Dimension: 3
    Index: [0, 0, 0]
    Size: [193, 229, 193]
  Spacing: [1, 1, 1]
  Origin: [96, 132, -78]
  Direction: 
-1 0 0
0 -1 0
0 0 1

  IndexToPointMatrix: 
-1 0 0
0 -1 0
0 0 1

  PointToIndexMatrix: 
-1 0 0
0 -1 0
0 0 1

  Inverse Direction: 
-1 0 0
0 -1 0
0 0 1

  PixelContainer: 
    ImportImageContainer (0x4322c60)
      RTTI typeinfo:   itk::ImportImageContainer<unsigned long, double>
      Reference Count: 1
      Modified Time: 1940
      Debug: Off
      Object Name: 
      Observers: 
        none
      Pointer: 0x153f8149d010
      Container manages memory: true
      Size: 8530021
      Capacity: 8530021

     Moving image = Image (0x4325610)
  RTTI typeinfo:   itk::Image<double, 3u>
  Reference Count: 2
  Modified Time: 2335
  Debug: Off
  Object Name: 
  Observers: 
    none
  Source: (none)
  Source output name: (none)
  Release Data: Off
  Data Released: False
  Global Release Data: Off
  PipelineMTime: 0
  UpdateMTime: 2332
  RealTimeStamp: 0 seconds 
  LargestPossibleRegion: 
    Dimension: 3
    Index: [0, 0, 0]
    Size: [160, 240, 256]
  BufferedRegion: 
    Dimension: 3
    Index: [0, 0, 0]
    Size: [160, 240, 256]
  RequestedRegion: 
    Dimension: 3
    Index: [0, 0, 0]
    Size: [160, 240, 256]
  Spacing: [1, 1, 1]
  Origin: [91.3357, 102.231, -120.042]
  Direction: 
-0.997442 -5.36781e-05 -0.0714818
5.35416e-05 -1 3.82465e-06
-0.0714818 -1.23894e-08 0.997442

  IndexToPointMatrix: 
-0.997444 -5.36781e-05 -0.0714818
5.35418e-05 -1 3.82465e-06
-0.0714819 -1.23894e-08 0.997442

  PointToIndexMatrix: 
-0.99744 5.35415e-05 -0.0714816
-5.36781e-05 -1 -1.23894e-08
-0.0714818 3.82465e-06 0.997442

  Inverse Direction: 
-0.997442 5.35416e-05 -0.0714818
-5.36781e-05 -1 -1.23894e-08
-0.0714818 3.82465e-06 0.997442

  PixelContainer: 
    ImportImageContainer (0x43beef0)
      RTTI typeinfo:   itk::ImportImageContainer<unsigned long, double>
      Reference Count: 1
      Modified Time: 2329
      Debug: Off
      Object Name: 
      Observers: 
        none
      Pointer: 0x153f7c99c010
      Container manages memory: true
      Size: 9830400
      Capacity: 9830400

     Weighting = 1
     Sampling strategy = regular
     Number of bins = 32
     Radius = 4
     Sampling percentage  = 0.25
   Transform = Rigid
     Gradient step = 0.1
     Update field sigma (voxel space) = 0
     Total field sigma (voxel space) = 0
     Update field time sigma = 0
     Total field time sigma  = 0
     Number of time indices = 0
     Number of time point samples = 0
Registration using 1 total stages.

Stage 0
  iterations = 0
  convergence threshold = 1e-06
  convergence window size = 10
  number of levels = 1
  using the Mattes MI metric (number of bins = 32, weight = 1, use gradient filter = 0)
  preprocessing:  winsorizing the image intensities
  Shrink factors (level 1 out of 1): [1, 1, 1]
  smoothing sigmas per level: [0]
  regular sampling (percentage = 0.25)

*** Running Euler3DTransform registration ***

  Elapsed time (stage 0): 1.1167


Total elapsed time: 1.11887
Info [verificarlo]: loaded backend libinterflop_ieee.so
Info [interflop-ieee]: load backend with:
Info [interflop-ieee]: debug = false
Info [interflop-ieee]: debug-binary = false
Info [interflop-ieee]: no-backend-name = false
Info [interflop-ieee]: print-new-line = false
Info [interflop-ieee]: print-subnormal-normalized = false
Info [interflop-ieee]: count-op = false
All_Command_lines_OK
Using double precision for computations.
=============================================================================
The composite transform comprises the following transforms (in order): 
  1. /home/mdugre/scratch/mri-registration-rp/datasets/ds004513/derivatives/mri-registration-rp/0001/antsRegistration-r7-p21/sub-s017/align_Composite.h5[0] (type = Euler3DTransform)
  2. /home/mdugre/scratch/mri-registration-rp/datasets/ds004513/derivatives/mri-registration-rp/0001/antsRegistration-r7-p21/sub-s017/align_Composite.h5[1] (type = Euler3DTransform)
=============================================================================
  number of levels = 4
  fixed image: /templateflow/tpl-MNI152NLin2009cAsym/tpl-MNI152NLin2009cAsym_res-01_desc-brain_T1w.nii.gz
  moving image: /home/mdugre/scratch/mri-registration-rp/datasets/ds004513/derivatives/mri-registration-rp/antsBrainExtraction/sub-s017/BrainExtractionBrain.nii.gz
Dimension = 3
Number of stages = 1
Use histogram matching = false
Winsorize image intensities = true
  Lower quantile = 0.005
  Upper quantile = 0.995


Stage 1 State
   Image metric = MattesMI
     Fixed image = Image (0x3f70530)
  RTTI typeinfo:   itk::Image<double, 3u>
  Reference Count: 2
  Modified Time: 1580
  Debug: Off
  Object Name: 
  Observers: 
    none
  Source: (none)
  Source output name: (none)
  Release Data: Off
  Data Released: False
  Global Release Data: Off
  PipelineMTime: 0
  UpdateMTime: 1189
  RealTimeStamp: 0 seconds 
  LargestPossibleRegion: 
    Dimension: 3
    Index: [0, 0, 0]
    Size: [193, 229, 193]
  BufferedRegion: 
    Dimension: 3
    Index: [0, 0, 0]
    Size: [193, 229, 193]
  RequestedRegion: 
    Dimension: 3
    Index: [0, 0, 0]
    Size: [193, 229, 193]
  Spacing: [1, 1, 1]
  Origin: [96, 132, -78]
  Direction: 
-1 0 0
0 -1 0
0 0 1

  IndexToPointMatrix: 
-1 0 0
0 -1 0
0 0 1

  PointToIndexMatrix: 
-1 0 0
0 -1 0
0 0 1

  Inverse Direction: 
-1 0 0
0 -1 0
0 0 1

  PixelContainer: 
    ImportImageContainer (0x402ed60)
      RTTI typeinfo:   itk::ImportImageContainer<unsigned long, double>
      Reference Count: 1
      Modified Time: 1186
      Debug: Off
      Object Name: 
      Observers: 
        none
      Pointer: 0x146d38ac6010
      Container manages memory: true
      Size: 8530021
      Capacity: 8530021

     Moving image = Image (0x4020f60)
  RTTI typeinfo:   itk::Image<double, 3u>
  Reference Count: 2
  Modified Time: 1581
  Debug: Off
  Object Name: 
  Observers: 
    none
  Source: (none)
  Source output name: (none)
  Release Data: Off
  Data Released: False
  Global Release Data: Off
  PipelineMTime: 0
  UpdateMTime: 1578
  RealTimeStamp: 0 seconds 
  LargestPossibleRegion: 
    Dimension: 3
    Index: [0, 0, 0]
    Size: [160, 240, 256]
  BufferedRegion: 
    Dimension: 3
    Index: [0, 0, 0]
    Size: [160, 240, 256]
  RequestedRegion: 
    Dimension: 3
    Index: [0, 0, 0]
    Size: [160, 240, 256]
  Spacing: [1, 1, 1]
  Origin: [91.3357, 102.231, -120.042]
  Direction: 
-0.997442 -5.36781e-05 -0.0714818
5.35416e-05 -1 3.82465e-06
-0.0714818 -1.23894e-08 0.997442

  IndexToPointMatrix: 
-0.997444 -5.36781e-05 -0.0714818
5.35418e-05 -1 3.82465e-06
-0.0714819 -1.23894e-08 0.997442

  PointToIndexMatrix: 
-0.99744 5.35415e-05 -0.0714816
-5.36781e-05 -1 -1.23894e-08
-0.0714818 3.82465e-06 0.997442

  Inverse Direction: 
-0.997442 5.35416e-05 -0.0714818
-5.36781e-05 -1 -1.23894e-08
-0.0714818 3.82465e-06 0.997442

  PixelContainer: 
    ImportImageContainer (0x40126d0)
      RTTI typeinfo:   itk::ImportImageContainer<unsigned long, double>
      Reference Count: 1
      Modified Time: 1575
      Debug: Off
      Object Name: 
      Observers: 
        none
      Pointer: 0x146d33fc5010
      Container manages memory: true
      Size: 9830400
      Capacity: 9830400

     Weighting = 1
     Sampling strategy = regular
     Number of bins = 32
     Radius = 4
     Sampling percentage  = 0.25
   Transform = Rigid
     Gradient step = 0.1
     Update field sigma (voxel space) = 0
     Total field sigma (voxel space) = 0
     Update field time sigma = 0
     Total field time sigma  = 0
     Number of time indices = 0
     Number of time point samples = 0
Registration using 1 total stages.

Stage 0
  iterations = 1000x500x250x100
  convergence threshold = 1e-06
  convergence window size = 10
  number of levels = 4
  using the Mattes MI metric (number of bins = 32, weight = 1, use gradient filter = 0)
  preprocessing:  winsorizing the image intensities
  Shrink factors (level 1 out of 4): [8, 8, 8]
  Shrink factors (level 2 out of 4): [4, 4, 4]
  Shrink factors (level 3 out of 4): [2, 2, 2]
  Shrink factors (level 4 out of 4): [1, 1, 1]
  smoothing sigmas per level: [3, 2, 1, 0]
  regular sampling (percentage = 0.25)

*** Running Euler3DTransform registration ***

DIAGNOSTIC,Iteration,metricValue,convergenceValue,ITERATION_TIME_INDEX,SINCE_LAST
 2DIAGNOSTIC,     1, -5.567767283252e-01, 1.797693134862e+308, 7.8751e-01, 7.8751e-01, 
 2DIAGNOSTIC,     2, -5.584239703569e-01, 1.797693134862e+308, 7.9192e-01, 4.4110e-03, 
 2DIAGNOSTIC,     3, -5.612715515272e-01, 1.797693134862e+308, 7.9614e-01, 4.2200e-03, 
 2DIAGNOSTIC,     4, -5.637780194106e-01, 1.797693134862e+308, 8.0053e-01, 4.3888e-03, 
 2DIAGNOSTIC,     5, -5.658229214212e-01, 1.797693134862e+308, 8.0496e-01, 4.4360e-03, 
 2DIAGNOSTIC,     6, -5.696445468689e-01, 1.797693134862e+308, 8.0920e-01, 4.2341e-03, 
 2DIAGNOSTIC,     7, -5.734118275242e-01, 1.797693134862e+308, 8.1386e-01, 4.6611e-03, 
 2DIAGNOSTIC,     8, -5.754533484979e-01, 1.797693134862e+308, 8.1980e-01, 5.9400e-03, 
 2DIAGNOSTIC,     9, -5.763021950250e-01, 1.797693134862e+308, 8.2385e-01, 4.0560e-03, 
 2DIAGNOSTIC,    10, -5.771142770255e-01, 2.558085388190e-03, 8.2965e-01, 5.7950e-03, 
 2DIAGNOSTIC,    11, -5.785125587612e-01, 2.176117873031e-03, 8.3428e-01, 4.6279e-03, 
 2DIAGNOSTIC,    12, -5.799413348090e-01, 1.786767970983e-03, 8.3934e-01, 5.0650e-03, 
 2DIAGNOSTIC,    13, -5.809477908980e-01, 1.443124036835e-03, 8.4454e-01, 5.1980e-03, 
 2DIAGNOSTIC,    14, -5.814655964876e-01, 1.127354078216e-03, 8.4889e-01, 4.3478e-03, 
 2DIAGNOSTIC,    15, -5.819093877219e-01, 8.331089413526e-04, 8.5369e-01, 4.8020e-03, 
 2DIAGNOSTIC,    16, -5.822326442998e-01, 6.258215683233e-04, 8.5857e-01, 4.8802e-03, 
 2DIAGNOSTIC,    17, -5.825793599843e-01, 5.040365830242e-04, 8.6289e-01, 4.3252e-03, 
 2DIAGNOSTIC,    18, -5.863713925916e-01, 5.095725576647e-04, 8.6868e-01, 5.7821e-03, 
 2DIAGNOSTIC,    19, -5.901617810167e-01, 5.855607354894e-04, 8.7847e-01, 9.7921e-03, 
 2DIAGNOSTIC,    20, -5.906016223816e-01, 6.286272500282e-04, 8.8518e-01, 6.7089e-03, 
 2DIAGNOSTIC,    21, -5.907365705866e-01, 6.467002963800e-04, 8.8994e-01, 4.7581e-03, 
 2DIAGNOSTIC,    22, -5.906256574994e-01, 6.330265936335e-04, 8.9473e-01, 4.7991e-03, 
 2DIAGNOSTIC,    23, -5.906307681710e-01, 5.816453055131e-04, 8.9946e-01, 4.7219e-03, 
 2DIAGNOSTIC,    24, -5.905636622009e-01, 4.878472529176e-04, 9.0375e-01, 4.2980e-03, 
 2DIAGNOSTIC,    25, -5.906024985369e-01, 3.662279783919e-04, 9.0874e-01, 4.9820e-03, 
 2DIAGNOSTIC,    26, -5.906025304324e-01, 2.276984665042e-04, 9.1325e-01, 4.5118e-03, 
 2DIAGNOSTIC,    27, -5.906211320573e-01, 8.394584288601e-05, 9.1772e-01, 4.4770e-03, 
 2DIAGNOSTIC,    28, -5.908796758313e-01, 1.198925031179e-05, 9.2206e-01, 4.3309e-03, 
 2DIAGNOSTIC,    29, -5.911411552395e-01, 1.217108543269e-05, 9.2682e-01, 4.7631e-03, 
 2DIAGNOSTIC,    30, -5.915241330961e-01, 2.456301684398e-05, 9.3305e-01, 6.2280e-03, 
 2DIAGNOSTIC,    31, -5.916229825993e-01, 3.758205306428e-05, 9.3742e-01, 4.3752e-03, 
 2DIAGNOSTIC,    32, -5.916651208817e-01, 4.532975449519e-05, 9.4157e-01, 4.1502e-03, 
 2DIAGNOSTIC,    33, -5.916874987632e-01, 4.885284295086e-05, 9.4563e-01, 4.0619e-03, 
 2DIAGNOSTIC,    34, -5.917053822200e-01, 4.682712859210e-05, 9.5027e-01, 4.6370e-03, 
 2DIAGNOSTIC,    35, -5.917390904867e-01, 4.153275817719e-05, 9.6185e-01, 1.1579e-02, 
 2DIAGNOSTIC,    36, -5.917390912695e-01, 3.272086429665e-05, 9.6616e-01, 4.3061e-03, 
 2DIAGNOSTIC,    37, -5.917391070342e-01, 2.163060314957e-05, 9.7031e-01, 4.1530e-03, 
 2DIAGNOSTIC,    38, -5.917391330930e-01, 1.245673595341e-05, 9.7443e-01, 4.1192e-03, 
 2DIAGNOSTIC,    39, -5.917391754734e-01, 5.801896388637e-06, 9.7852e-01, 4.0960e-03, 
 2DIAGNOSTIC,    40, -5.917392424311e-01, 3.643428648999e-06, 9.8277e-01, 4.2498e-03, 
 2DIAGNOSTIC,    41, -5.917393428828e-01, 2.487109296942e-06, 9.8697e-01, 4.1940e-03, 
 2DIAGNOSTIC,    42, -5.917394845334e-01, 1.715730316473e-06, 9.9130e-01, 4.3290e-03, 
 2DIAGNOSTIC,    43, -5.917396625586e-01, 1.144189314232e-06, 9.9545e-01, 4.1549e-03, 
DIAGNOSTIC,Iteration,metricValue,convergenceValue,ITERATION_TIME_INDEX,SINCE_LAST
 2DIAGNOSTIC,     1, -4.784004501415e-01, 1.797693134862e+308, 1.7169e+00, 7.2147e-01, 
 2DIAGNOSTIC,     2, -4.783999131484e-01, 1.797693134862e+308, 1.7454e+00, 2.8448e-02, 
 2DIAGNOSTIC,     3, -4.784190365422e-01, 1.797693134862e+308, 1.7776e+00, 3.2249e-02, 
 2DIAGNOSTIC,     4, -4.785028756508e-01, 1.797693134862e+308, 1.8064e+00, 2.8782e-02, 
 2DIAGNOSTIC,     5, -4.786647485428e-01, 1.797693134862e+308, 1.8355e+00, 2.9118e-02, 
 2DIAGNOSTIC,     6, -4.788099932956e-01, 1.797693134862e+308, 1.8625e+00, 2.6942e-02, 
 2DIAGNOSTIC,     7, -4.794645847211e-01, 1.797693134862e+308, 1.8915e+00, 2.8991e-02, 
 2DIAGNOSTIC,     8, -4.813619171741e-01, 1.797693134862e+308, 1.9293e+00, 3.7849e-02, 
 2DIAGNOSTIC,     9, -4.817935635325e-01, 1.797693134862e+308, 1.9601e+00, 3.0847e-02, 
 2DIAGNOSTIC,    10, -4.822647496916e-01, 5.583367505932e-04, 1.9877e+00, 2.7566e-02, 
 2DIAGNOSTIC,    11, -4.831344909908e-01, 6.366384576048e-04, 2.0202e+00, 3.2490e-02, 
 2DIAGNOSTIC,    12, -4.835768992548e-01, 6.653898034649e-04, 2.0669e+00, 4.6655e-02, 
 2DIAGNOSTIC,    13, -4.835677565316e-01, 6.290342968647e-04, 2.1011e+00, 3.4224e-02, 
 2DIAGNOSTIC,    14, -4.835733047833e-01, 5.452729207337e-04, 2.1397e+00, 3.8585e-02, 
 2DIAGNOSTIC,    15, -4.835701547242e-01, 4.305772095308e-04, 2.1740e+00, 3.4295e-02, 
 2DIAGNOSTIC,    16, -4.835566912998e-01, 2.956272803394e-04, 2.2074e+00, 3.3474e-02, 
 2DIAGNOSTIC,    17, -4.835523104081e-01, 1.703980274536e-04, 2.2382e+00, 3.0794e-02, 
 2DIAGNOSTIC,    18, -4.835483887828e-01, 1.058854945387e-04, 2.2650e+00, 2.6781e-02, 
 2DIAGNOSTIC,    19, -4.835469915470e-01, 5.203914173912e-05, 2.2919e+00, 2.6929e-02, 
 2DIAGNOSTIC,    20, -4.835401827381e-01, 1.204163315854e-05, 2.3223e+00, 3.0323e-02, 
DIAGNOSTIC,Iteration,metricValue,convergenceValue,ITERATION_TIME_INDEX,SINCE_LAST
 2DIAGNOSTIC,     1, -4.161561167876e-01, 1.797693134862e+308, 3.4494e+00, 1.1271e+00, 
 2DIAGNOSTIC,     2, -4.161756893437e-01, 1.797693134862e+308, 3.7496e+00, 3.0019e-01, 
 2DIAGNOSTIC,     3, -4.161696114506e-01, 1.797693134862e+308, 4.0252e+00, 2.7567e-01, 
 2DIAGNOSTIC,     4, -4.161681503550e-01, 1.797693134862e+308, 4.4201e+00, 3.9484e-01, 
 2DIAGNOSTIC,     5, -4.161678896599e-01, 1.797693134862e+308, 4.6487e+00, 2.2868e-01, 
 2DIAGNOSTIC,     6, -4.161669123582e-01, 1.797693134862e+308, 4.9151e+00, 2.6639e-01, 
 2DIAGNOSTIC,     7, -4.161667485640e-01, 1.797693134862e+308, 5.1768e+00, 2.6169e-01, 
 2DIAGNOSTIC,     8, -4.161656816012e-01, 1.797693134862e+308, 5.4067e+00, 2.2990e-01, 
 2DIAGNOSTIC,     9, -4.161650043535e-01, 1.797693134862e+308, 5.6692e+00, 2.6248e-01, 
 2DIAGNOSTIC,    10, -4.161655463811e-01, 2.943366546354e-06, 5.9779e+00, 3.0870e-01, 
 2DIAGNOSTIC,    11, -4.161636420992e-01, 1.720591482859e-06, 6.2313e+00, 2.5337e-01, 
 2DIAGNOSTIC,    12, -4.161624970807e-01, 1.867462474631e-06, 6.4835e+00, 2.5227e-01, 
 2DIAGNOSTIC,    13, -4.161615819741e-01, 1.698398064687e-06, 6.7060e+00, 2.2240e-01, 
 2DIAGNOSTIC,    14, -4.161624603291e-01, 1.592444847459e-06, 6.9677e+00, 2.6175e-01, 
 2DIAGNOSTIC,    15, -4.161620529810e-01, 1.530180431406e-06, 7.2230e+00, 2.5530e-01, 
 2DIAGNOSTIC,    16, -4.161603835103e-01, 1.417836911197e-06, 7.4555e+00, 2.3247e-01, 
 2DIAGNOSTIC,    17, -4.161625251478e-01, 1.455414108106e-06, 7.7280e+00, 2.7251e-01, 
 2DIAGNOSTIC,    18, -4.161617349622e-01, 1.453854851466e-06, 7.9629e+00, 2.3494e-01, 
 2DIAGNOSTIC,    19, -4.161656140591e-01, 1.594928492901e-06, 8.2205e+00, 2.5753e-01, 
 2DIAGNOSTIC,    20, -4.161678254526e-01, 1.821576314238e-06, 8.5741e+00, 3.5361e-01, 
 2DIAGNOSTIC,    21, -4.161672172256e-01, 1.924327014347e-06, 8.8276e+00, 2.5352e-01, 
 2DIAGNOSTIC,    22, -4.161665846119e-01, 1.927748304299e-06, 9.0502e+00, 2.2260e-01, 
 2DIAGNOSTIC,    23, -4.161660793962e-01, 1.843028030538e-06, 9.3185e+00, 2.6832e-01, 
 2DIAGNOSTIC,    24, -4.161655365529e-01, 1.730448862210e-06, 9.5482e+00, 2.2967e-01, 
 2DIAGNOSTIC,    25, -4.161651834943e-01, 1.568353729234e-06, 9.7715e+00, 2.2330e-01, 
 2DIAGNOSTIC,    26, -4.161660037663e-01, 1.368374529687e-06, 1.0025e+01, 2.5402e-01, 
 2DIAGNOSTIC,    27, -4.161651045494e-01, 1.203105055254e-06, 1.0268e+01, 2.4293e-01, 
 2DIAGNOSTIC,    28, -4.161679884894e-01, 1.097088647713e-06, 1.0530e+01, 2.6132e-01, 
 2DIAGNOSTIC,    29, -4.161710849645e-01, 1.162831228890e-06, 1.0794e+01, 2.6410e-01, 
 2DIAGNOSTIC,    30, -4.161703640303e-01, 1.250475704040e-06, 1.1068e+01, 2.7430e-01, 
 2DIAGNOSTIC,    31, -4.161708142908e-01, 1.313167819400e-06, 1.1333e+01, 2.6532e-01, 
 2DIAGNOSTIC,    32, -4.161710089261e-01, 1.336085274084e-06, 1.1568e+01, 2.3406e-01, 
 2DIAGNOSTIC,    33, -4.161749613445e-01, 1.395595233857e-06, 1.1838e+01, 2.7037e-01, 
 2DIAGNOSTIC,    34, -4.161777487500e-01, 1.452526293608e-06, 1.2071e+01, 2.3321e-01, 
 2DIAGNOSTIC,    35, -4.161792220169e-01, 1.478601702531e-06, 1.2335e+01, 2.6361e-01, 
 2DIAGNOSTIC,    36, -4.161806859639e-01, 1.495439401818e-06, 1.2607e+01, 2.7237e-01, 
 2DIAGNOSTIC,    37, -4.161791778416e-01, 1.407680650677e-06, 1.2840e+01, 2.3325e-01, 
 2DIAGNOSTIC,    38, -4.161838486857e-01, 1.406626854428e-06, 1.3144e+01, 3.0396e-01, 
 2DIAGNOSTIC,    39, -4.161849953089e-01, 1.422742157940e-06, 1.3439e+01, 2.9461e-01, 
 2DIAGNOSTIC,    40, -4.161860914880e-01, 1.386764619641e-06, 1.3798e+01, 3.5944e-01, 
 2DIAGNOSTIC,    41, -4.161854987566e-01, 1.295749565238e-06, 1.4062e+01, 2.6349e-01, 
 2DIAGNOSTIC,    42, -4.161840259978e-01, 1.138573333316e-06, 1.4308e+01, 2.4652e-01, 
 2DIAGNOSTIC,    43, -4.161834049850e-01, 1.004201828629e-06, 1.4542e+01, 2.3378e-01, 
DIAGNOSTIC,Iteration,metricValue,convergenceValue,ITERATION_TIME_INDEX,SINCE_LAST
 2DIAGNOSTIC,     1, -3.834265912296e-01, 1.797693134862e+308, 1.7063e+01, 2.5213e+00, 
 2DIAGNOSTIC,     2, -3.834925053332e-01, 1.797693134862e+308, 1.8631e+01, 1.5677e+00, 
 2DIAGNOSTIC,     3, -3.834978116442e-01, 1.797693134862e+308, 2.0199e+01, 1.5681e+00, 
 2DIAGNOSTIC,     4, -3.835004127700e-01, 1.797693134862e+308, 2.1744e+01, 1.5451e+00, 
 2DIAGNOSTIC,     5, -3.835019582498e-01, 1.797693134862e+308, 2.3312e+01, 1.5672e+00, 
 2DIAGNOSTIC,     6, -3.835049957398e-01, 1.797693134862e+308, 2.5031e+01, 1.7196e+00, 
 2DIAGNOSTIC,     7, -3.835058343708e-01, 1.797693134862e+308, 2.6776e+01, 1.7448e+00, 
 2DIAGNOSTIC,     8, -3.835066498243e-01, 1.797693134862e+308, 2.8681e+01, 1.9049e+00, 
 2DIAGNOSTIC,     9, -3.835062955311e-01, 1.797693134862e+308, 3.0438e+01, 1.7570e+00, 
 2DIAGNOSTIC,    10, -3.835063108986e-01, 1.066660798026e-05, 3.2108e+01, 1.6702e+00, 
 2DIAGNOSTIC,    11, -3.835061571780e-01, 4.747041059336e-06, 3.4372e+01, 2.2636e+00, 
 2DIAGNOSTIC,    12, -3.835060832638e-01, 3.706200948778e-06, 3.5729e+01, 1.3573e+00, 
 2DIAGNOSTIC,    13, -3.835060190710e-01, 3.027826267057e-06, 3.7260e+01, 1.5314e+00, 
 2DIAGNOSTIC,    14, -3.835058638467e-01, 2.523467134044e-06, 3.8905e+01, 1.6443e+00, 
 2DIAGNOSTIC,    15, -3.835058006953e-01, 2.133709327015e-06, 4.0481e+01, 1.5761e+00, 
 2DIAGNOSTIC,    16, -3.835056463960e-01, 1.924177741502e-06, 4.2378e+01, 1.8969e+00, 
 2DIAGNOSTIC,    17, -3.835054775118e-01, 1.773328565297e-06, 4.3918e+01, 1.5409e+00, 
 2DIAGNOSTIC,    18, -3.835053086111e-01, 1.675385380887e-06, 4.5350e+01, 1.4318e+00, 
 2DIAGNOSTIC,    19, -3.835051448133e-01, 1.576051820183e-06, 4.6722e+01, 1.3723e+00, 
 2DIAGNOSTIC,    20, -3.835051658755e-01, 1.497295076903e-06, 4.8167e+01, 1.4442e+00, 
 2DIAGNOSTIC,    21, -3.835053779564e-01, 1.436675315103e-06, 4.9842e+01, 1.6752e+00, 
 2DIAGNOSTIC,    22, -3.835055901404e-01, 1.393331721701e-06, 5.1374e+01, 1.5321e+00, 
 2DIAGNOSTIC,    23, -3.835055250995e-01, 1.354581542684e-06, 5.2899e+01, 1.5245e+00, 
 2DIAGNOSTIC,    24, -3.835054518274e-01, 1.314933130908e-06, 5.4413e+01, 1.5140e+00, 
 2DIAGNOSTIC,    25, -3.835053813415e-01, 1.275595341563e-06, 5.5967e+01, 1.5541e+00, 
 2DIAGNOSTIC,    26, -3.835053141609e-01, 1.232550096125e-06, 5.7344e+01, 1.3777e+00, 
 2DIAGNOSTIC,    27, -3.835053494667e-01, 1.188143195122e-06, 5.8711e+01, 1.3669e+00, 
 2DIAGNOSTIC,    28, -3.835054089345e-01, 1.143229101774e-06, 6.0239e+01, 1.5279e+00, 
 2DIAGNOSTIC,    29, -3.835055814671e-01, 1.101082732574e-06, 6.1694e+01, 1.4549e+00, 
 2DIAGNOSTIC,    30, -3.835053714634e-01, 1.056523031069e-06, 6.3768e+01, 2.0739e+00, 
 2DIAGNOSTIC,    31, -3.835053052281e-01, 1.018740043712e-06, 6.5305e+01, 1.5367e+00, 
  Elapsed time (stage 0): 6.6115e+01


Total elapsed time: 6.6118e+01
Info [verificarlo]: loaded backend libinterflop_ieee.so
Info [interflop-ieee]: load backend with:
Info [interflop-ieee]: debug = false
Info [interflop-ieee]: debug-binary = false
Info [interflop-ieee]: no-backend-name = false
Info [interflop-ieee]: print-new-line = false
Info [interflop-ieee]: print-subnormal-normalized = false
Info [interflop-ieee]: count-op = false
All_Command_lines_OK
Using double precision for computations.
=============================================================================
The composite transform comprises the following transforms (in order): 
  1. /home/mdugre/scratch/mri-registration-rp/datasets/ds004513/derivatives/mri-registration-rp/0001/antsRegistration-r7-p21/sub-s017/rigid_Composite.h5[0] (type = Euler3DTransform)
  2. /home/mdugre/scratch/mri-registration-rp/datasets/ds004513/derivatives/mri-registration-rp/0001/antsRegistration-r7-p21/sub-s017/rigid_Composite.h5[1] (type = Euler3DTransform)
  3. /home/mdugre/scratch/mri-registration-rp/datasets/ds004513/derivatives/mri-registration-rp/0001/antsRegistration-r7-p21/sub-s017/rigid_Composite.h5[2] (type = Euler3DTransform)
=============================================================================
  number of levels = 4
  fixed image: /templateflow/tpl-MNI152NLin2009cAsym/tpl-MNI152NLin2009cAsym_res-01_desc-brain_T1w.nii.gz
  moving image: /home/mdugre/scratch/mri-registration-rp/datasets/ds004513/derivatives/mri-registration-rp/antsBrainExtraction/sub-s017/BrainExtractionBrain.nii.gz
Dimension = 3
Number of stages = 1
Use histogram matching = false
Winsorize image intensities = true
  Lower quantile = 0.005
  Upper quantile = 0.995


Stage 1 State
   Image metric = MattesMI
     Fixed image = Image (0x42ed7e0)
  RTTI typeinfo:   itk::Image<double, 3u>
  Reference Count: 2
  Modified Time: 1594
  Debug: Off
  Object Name: 
  Observers: 
    none
  Source: (none)
  Source output name: (none)
  Release Data: Off
  Data Released: False
  Global Release Data: Off
  PipelineMTime: 0
  UpdateMTime: 1203
  RealTimeStamp: 0 seconds 
  LargestPossibleRegion: 
    Dimension: 3
    Index: [0, 0, 0]
    Size: [193, 229, 193]
  BufferedRegion: 
    Dimension: 3
    Index: [0, 0, 0]
    Size: [193, 229, 193]
  RequestedRegion: 
    Dimension: 3
    Index: [0, 0, 0]
    Size: [193, 229, 193]
  Spacing: [1, 1, 1]
  Origin: [96, 132, -78]
  Direction: 
-1 0 0
0 -1 0
0 0 1

  IndexToPointMatrix: 
-1 0 0
0 -1 0
0 0 1

  PointToIndexMatrix: 
-1 0 0
0 -1 0
0 0 1

  Inverse Direction: 
-1 0 0
0 -1 0
0 0 1

  PixelContainer: 
    ImportImageContainer (0x43ada20)
      RTTI typeinfo:   itk::ImportImageContainer<unsigned long, double>
      Reference Count: 1
      Modified Time: 1200
      Debug: Off
      Object Name: 
      Observers: 
        none
      Pointer: 0x14f8ceae6010
      Container manages memory: true
      Size: 8530021
      Capacity: 8530021

     Moving image = Image (0x43a8d70)
  RTTI typeinfo:   itk::Image<double, 3u>
  Reference Count: 2
  Modified Time: 1595
  Debug: Off
  Object Name: 
  Observers: 
    none
  Source: (none)
  Source output name: (none)
  Release Data: Off
  Data Released: False
  Global Release Data: Off
  PipelineMTime: 0
  UpdateMTime: 1592
  RealTimeStamp: 0 seconds 
  LargestPossibleRegion: 
    Dimension: 3
    Index: [0, 0, 0]
    Size: [160, 240, 256]
  BufferedRegion: 
    Dimension: 3
    Index: [0, 0, 0]
    Size: [160, 240, 256]
  RequestedRegion: 
    Dimension: 3
    Index: [0, 0, 0]
    Size: [160, 240, 256]
  Spacing: [1, 1, 1]
  Origin: [91.3357, 102.231, -120.042]
  Direction: 
-0.997442 -5.36781e-05 -0.0714818
5.35416e-05 -1 3.82465e-06
-0.0714818 -1.23894e-08 0.997442

  IndexToPointMatrix: 
-0.997444 -5.36781e-05 -0.0714818
5.35418e-05 -1 3.82465e-06
-0.0714819 -1.23894e-08 0.997442

  PointToIndexMatrix: 
-0.99744 5.35415e-05 -0.0714816
-5.36781e-05 -1 -1.23894e-08
-0.0714818 3.82465e-06 0.997442

  Inverse Direction: 
-0.997442 5.35416e-05 -0.0714818
-5.36781e-05 -1 -1.23894e-08
-0.0714818 3.82465e-06 0.997442

  PixelContainer: 
    ImportImageContainer (0x4360c90)
      RTTI typeinfo:   itk::ImportImageContainer<unsigned long, double>
      Reference Count: 1
      Modified Time: 1589
      Debug: Off
      Object Name: 
      Observers: 
        none
      Pointer: 0x14f8c9fe5010
      Container manages memory: true
      Size: 9830400
      Capacity: 9830400

     Weighting = 1
     Sampling strategy = regular
     Number of bins = 32
     Radius = 4
     Sampling percentage  = 0.25
   Transform = Affine
     Gradient step = 0.1
     Update field sigma (voxel space) = 0
     Total field sigma (voxel space) = 0
     Update field time sigma = 0
     Total field time sigma  = 0
     Number of time indices = 0
     Number of time point samples = 0
Registration using 1 total stages.

Stage 0
  iterations = 1000x500x250x100
  convergence threshold = 1e-06
  convergence window size = 10
  number of levels = 4
  using the Mattes MI metric (number of bins = 32, weight = 1, use gradient filter = 0)
  preprocessing:  winsorizing the image intensities
  Shrink factors (level 1 out of 4): [8, 8, 8]
  Shrink factors (level 2 out of 4): [4, 4, 4]
  Shrink factors (level 3 out of 4): [2, 2, 2]
  Shrink factors (level 4 out of 4): [1, 1, 1]
  smoothing sigmas per level: [3, 2, 1, 0]
  regular sampling (percentage = 0.25)

*** Running AffineTransform registration ***

DIAGNOSTIC,Iteration,metricValue,convergenceValue,ITERATION_TIME_INDEX,SINCE_LAST
 2DIAGNOSTIC,     1, -5.806290998503e-01, 1.797693134862e+308, 8.3523e-01, 8.3523e-01, 
 2DIAGNOSTIC,     2, -5.832407507996e-01, 1.797693134862e+308, 8.3973e-01, 4.4949e-03, 
 2DIAGNOSTIC,     3, -5.883921005918e-01, 1.797693134862e+308, 8.4400e-01, 4.2770e-03, 
 2DIAGNOSTIC,     4, -5.973582020235e-01, 1.797693134862e+308, 8.4840e-01, 4.3988e-03, 
 2DIAGNOSTIC,     5, -6.166279653035e-01, 1.797693134862e+308, 8.5321e-01, 4.8020e-03, 
 2DIAGNOSTIC,     6, -6.406440247410e-01, 1.797693134862e+308, 8.5801e-01, 4.8079e-03, 
 2DIAGNOSTIC,     7, -7.009864265505e-01, 1.797693134862e+308, 8.6297e-01, 4.9529e-03, 
 2DIAGNOSTIC,     8, -7.630482528044e-01, 1.797693134862e+308, 8.6767e-01, 4.7059e-03, 
 2DIAGNOSTIC,     9, -8.423469017781e-01, 1.797693134862e+308, 8.7491e-01, 7.2401e-03, 
 2DIAGNOSTIC,    10, -8.569694557628e-01, 2.845116136569e-02, 8.7981e-01, 4.8969e-03, 
 2DIAGNOSTIC,    11, -8.701917126946e-01, 2.871708899525e-02, 8.8547e-01, 5.6570e-03, 
 2DIAGNOSTIC,    12, -8.814645611614e-01, 2.683607373956e-02, 8.9401e-01, 8.5399e-03, 
 2DIAGNOSTIC,    13, -8.822368113649e-01, 2.307206280555e-02, 8.9912e-01, 5.1110e-03, 
 2DIAGNOSTIC,    14, -8.834458717722e-01, 1.815384135097e-02, 9.0405e-01, 4.9341e-03, 
 2DIAGNOSTIC,    15, -8.851322801130e-01, 1.292532919940e-02, 9.0900e-01, 4.9529e-03, 
 2DIAGNOSTIC,    16, -8.870480809070e-01, 7.902435009154e-03, 9.1423e-01, 5.2290e-03, 
 2DIAGNOSTIC,    17, -8.886777819466e-01, 4.189413137974e-03, 9.2049e-01, 6.2602e-03, 
 2DIAGNOSTIC,    18, -8.889448809746e-01, 1.810422421228e-03, 9.2666e-01, 6.1660e-03, 
 2DIAGNOSTIC,    19, -8.890594322483e-01, 1.083853117611e-03, 9.3241e-01, 5.7490e-03, 
 2DIAGNOSTIC,    20, -8.887882560889e-01, 5.969783241845e-04, 9.3841e-01, 6.0000e-03, 
 2DIAGNOSTIC,    21, -8.886098614903e-01, 3.264824979539e-04, 9.4500e-01, 6.5942e-03, 
 2DIAGNOSTIC,    22, -8.885249831719e-01, 2.361096570500e-04, 9.5045e-01, 5.4491e-03, 
 2DIAGNOSTIC,    23, -8.882875302038e-01, 1.410432920605e-04, 9.5592e-01, 5.4648e-03, 
 2DIAGNOSTIC,    24, -8.882052344405e-01, 5.851496494864e-05, 9.6088e-01, 4.9629e-03, 
DIAGNOSTIC,Iteration,metricValue,convergenceValue,ITERATION_TIME_INDEX,SINCE_LAST
 2DIAGNOSTIC,     1, -7.469015878959e-01, 1.797693134862e+308, 1.7136e+00, 7.5274e-01, 
 2DIAGNOSTIC,     2, -7.476337609847e-01, 1.797693134862e+308, 1.7550e+00, 4.1376e-02, 
 2DIAGNOSTIC,     3, -7.481984148836e-01, 1.797693134862e+308, 1.7912e+00, 3.6176e-02, 
 2DIAGNOSTIC,     4, -7.485348956559e-01, 1.797693134862e+308, 1.8279e+00, 3.6760e-02, 
 2DIAGNOSTIC,     5, -7.488723348944e-01, 1.797693134862e+308, 1.8651e+00, 3.7209e-02, 
 2DIAGNOSTIC,     6, -7.493028717557e-01, 1.797693134862e+308, 1.9092e+00, 4.4084e-02, 
 2DIAGNOSTIC,     7, -7.498240981258e-01, 1.797693134862e+308, 1.9538e+00, 4.4551e-02, 
 2DIAGNOSTIC,     8, -7.499189037372e-01, 1.797693134862e+308, 1.9889e+00, 3.5094e-02, 
 2DIAGNOSTIC,     9, -7.503981904312e-01, 1.797693134862e+308, 2.0344e+00, 4.5506e-02, 
 2DIAGNOSTIC,    10, -7.505578656489e-01, 3.049238869241e-04, 2.0742e+00, 3.9780e-02, 
 2DIAGNOSTIC,    11, -7.505341233956e-01, 2.389539944555e-04, 2.1169e+00, 4.2756e-02, 
 2DIAGNOSTIC,    12, -7.505061913662e-01, 1.848758167071e-04, 2.1613e+00, 4.4380e-02, 
 2DIAGNOSTIC,    13, -7.505141120647e-01, 1.393602401184e-04, 2.2059e+00, 4.4602e-02, 
 2DIAGNOSTIC,    14, -7.505102732525e-01, 9.677096856904e-05, 2.2504e+00, 4.4537e-02, 
 2DIAGNOSTIC,    15, -7.505029862476e-01, 5.935599188947e-05, 2.2954e+00, 4.4964e-02, 
 2DIAGNOSTIC,    16, -7.504912485130e-01, 3.116310938824e-05, 2.3381e+00, 4.2690e-02, 
 2DIAGNOSTIC,    17, -7.504804688490e-01, 1.513171304581e-05, 2.3815e+00, 4.3422e-02, 
 2DIAGNOSTIC,    18, -7.504860792360e-01, 1.517272827121e-06, 2.4202e+00, 3.8731e-02, 
DIAGNOSTIC,Iteration,metricValue,convergenceValue,ITERATION_TIME_INDEX,SINCE_LAST
 2DIAGNOSTIC,     1, -6.294116115190e-01, 1.797693134862e+308, 3.5490e+00, 1.1287e+00, 
 2DIAGNOSTIC,     2, -6.299274337387e-01, 1.797693134862e+308, 3.8458e+00, 2.9681e-01, 
 2DIAGNOSTIC,     3, -6.304606937341e-01, 1.797693134862e+308, 4.1530e+00, 3.0723e-01, 
 2DIAGNOSTIC,     4, -6.311440983059e-01, 1.797693134862e+308, 4.4590e+00, 3.0599e-01, 
 2DIAGNOSTIC,     5, -6.319613521849e-01, 1.797693134862e+308, 4.7688e+00, 3.0974e-01, 
 2DIAGNOSTIC,     6, -6.326508619114e-01, 1.797693134862e+308, 5.3039e+00, 5.3512e-01, 
 2DIAGNOSTIC,     7, -6.326442431252e-01, 1.797693134862e+308, 5.7171e+00, 4.1325e-01, 
 2DIAGNOSTIC,     8, -6.326421029749e-01, 1.797693134862e+308, 6.0533e+00, 3.3621e-01, 
 2DIAGNOSTIC,     9, -6.326413589849e-01, 1.797693134862e+308, 6.4068e+00, 3.5350e-01, 
 2DIAGNOSTIC,    10, -6.326405356046e-01, 3.607193903714e-04, 6.7618e+00, 3.5495e-01, 
 2DIAGNOSTIC,    11, -6.326380580473e-01, 2.475998102898e-04, 7.0864e+00, 3.2462e-01, 
 2DIAGNOSTIC,    12, -6.326382568081e-01, 1.509095184619e-04, 7.3734e+00, 2.8698e-01, 
 2DIAGNOSTIC,    13, -6.326371996345e-01, 7.419550871419e-05, 7.6823e+00, 3.0891e-01, 
 2DIAGNOSTIC,    14, -6.326376012887e-01, 2.341664639119e-05, 8.0098e+00, 3.2756e-01, 
 2DIAGNOSTIC,    15, -6.326364675737e-01, 1.358505224633e-06, 8.2929e+00, 2.8309e-01, 
 2DIAGNOSTIC,    16, -6.326355129709e-01, 1.489402920871e-06, 8.5607e+00, 2.6782e-01, 
 2DIAGNOSTIC,    17, -6.326348602939e-01, 1.460469281185e-06, 8.8971e+00, 3.3637e-01, 
 2DIAGNOSTIC,    18, -6.326337608813e-01, 1.391313694435e-06, 9.2064e+00, 3.0933e-01, 
 2DIAGNOSTIC,    19, -6.326327161055e-01, 1.322246766876e-06, 9.4874e+00, 2.8100e-01, 
 2DIAGNOSTIC,    20, -6.326305163784e-01, 1.226844712272e-06, 9.7763e+00, 2.8885e-01, 
 2DIAGNOSTIC,    21, -6.326298184862e-01, 1.107474382839e-06, 1.0074e+01, 2.9808e-01, 
 2DIAGNOSTIC,    22, -6.326281932021e-01, 1.008190325974e-06, 1.0356e+01, 2.8173e-01, 
DIAGNOSTIC,Iteration,metricValue,convergenceValue,ITERATION_TIME_INDEX,SINCE_LAST
 2DIAGNOSTIC,     1, -5.634463070169e-01, 1.797693134862e+308, 1.3472e+01, 3.1156e+00, 
 2DIAGNOSTIC,     2, -5.639251006217e-01, 1.797693134862e+308, 1.5242e+01, 1.7706e+00, 
 2DIAGNOSTIC,     3, -5.643935834182e-01, 1.797693134862e+308, 1.7064e+01, 1.8213e+00, 
 2DIAGNOSTIC,     4, -5.653421950887e-01, 1.797693134862e+308, 1.9067e+01, 2.0037e+00, 
 2DIAGNOSTIC,     5, -5.666806612788e-01, 1.797693134862e+308, 2.1994e+01, 2.9266e+00, 
 2DIAGNOSTIC,     6, -5.666788682683e-01, 1.797693134862e+308, 2.4567e+01, 2.5735e+00, 
 2DIAGNOSTIC,     7, -5.666779998330e-01, 1.797693134862e+308, 2.6759e+01, 2.1911e+00, 
 2DIAGNOSTIC,     8, -5.666783600393e-01, 1.797693134862e+308, 2.9315e+01, 2.5560e+00, 
 2DIAGNOSTIC,     9, -5.666783949710e-01, 1.797693134862e+308, 3.1454e+01, 2.1395e+00, 
 2DIAGNOSTIC,    10, -5.666784371310e-01, 3.983067858484e-04, 3.4145e+01, 2.6904e+00, 
 2DIAGNOSTIC,    11, -5.666785001350e-01, 2.625653731226e-04, 3.6139e+01, 1.9943e+00, 
 2DIAGNOSTIC,    12, -5.666783972945e-01, 1.470655811944e-04, 3.7929e+01, 1.7904e+00, 
 2DIAGNOSTIC,    13, -5.666783033080e-01, 5.398593435116e-05, 3.9885e+01, 1.9558e+00, 
 2DIAGNOSTIC,    14, -5.666782329220e-01, 2.182698869174e-06, 4.1821e+01, 1.9363e+00, 
 2DIAGNOSTIC,    15, -5.666780040127e-01, 2.099997511523e-06, 4.3803e+01, 1.9820e+00, 
 2DIAGNOSTIC,    16, -5.666780489059e-01, 1.975944955893e-06, 4.5779e+01, 1.9757e+00, 
 2DIAGNOSTIC,    17, -5.666779392856e-01, 1.838561853616e-06, 4.7549e+01, 1.7702e+00, 
 2DIAGNOSTIC,    18, -5.666778570154e-01, 1.727470049159e-06, 4.9313e+01, 1.7633e+00, 
 2DIAGNOSTIC,    19, -5.666778209840e-01, 1.631944813361e-06, 5.1048e+01, 1.7351e+00, 
 2DIAGNOSTIC,    20, -5.666778631403e-01, 1.552102560129e-06, 5.3012e+01, 1.9642e+00, 
 2DIAGNOSTIC,    21, -5.666779869692e-01, 1.487995160761e-06, 5.4771e+01, 1.7590e+00, 
 2DIAGNOSTIC,    22, -5.666782992560e-01, 1.437030963475e-06, 5.6710e+01, 1.9386e+00, 
 2DIAGNOSTIC,    23, -5.666784013001e-01, 1.391506680694e-06, 5.9074e+01, 2.3649e+00, 
 2DIAGNOSTIC,    24, -5.666780891734e-01, 1.341268789722e-06, 6.1171e+01, 2.0968e+00, 
 2DIAGNOSTIC,    25, -5.666779102445e-01, 1.285670341883e-06, 6.3117e+01, 1.9454e+00, 
 2DIAGNOSTIC,    26, -5.666778663974e-01, 1.233226915281e-06, 6.5122e+01, 2.0050e+00, 
 2DIAGNOSTIC,    27, -5.666775442059e-01, 1.175623368078e-06, 6.7128e+01, 2.0059e+00, 
 2DIAGNOSTIC,    28, -5.666776935703e-01, 1.123783251039e-06, 6.9073e+01, 1.9456e+00, 
 2DIAGNOSTIC,    29, -5.666774916096e-01, 1.072663109461e-06, 7.0812e+01, 1.7388e+00, 
 2DIAGNOSTIC,    30, -5.666775054711e-01, 1.028384710423e-06, 7.2962e+01, 2.1502e+00, 
  Elapsed time (stage 0): 7.4074e+01


Total elapsed time: 7.4076e+01
Info [verificarlo]: loaded backend libinterflop_vprec.so
Info [interflop-vprec]: load backend with: 
Info [interflop-vprec]: precision-binary32 = 21
Info [interflop-vprec]: range-binary32 = 7
Info [interflop-vprec]: precision-binary64 = 21
Info [interflop-vprec]: range-binary64 = 7
Info [interflop-vprec]: mode = ob
Info [interflop-vprec]: error-mode = rel
Info [interflop-vprec]: max-abs-error-exponent = -1022
Info [interflop-vprec]: daz = false
Info [interflop-vprec]: ftz = false
Info [interflop-vprec]: 	instrument = none
Info [interflop-vprec]: 	prec-input-file = (null)
Info [interflop-vprec]: 	prec-output-file = (null)
Info [interflop-vprec]: 	prec-log-file = (null)
All_Command_lines_OK
Using double precision for computations.
=============================================================================
The composite transform comprises the following transforms (in order): 
  1. /home/mdugre/scratch/mri-registration-rp/datasets/ds004513/derivatives/mri-registration-rp/0001/antsRegistration-r7-p21/sub-s017/affine_Composite.h5[0] (type = Euler3DTransform)
  2. /home/mdugre/scratch/mri-registration-rp/datasets/ds004513/derivatives/mri-registration-rp/0001/antsRegistration-r7-p21/sub-s017/affine_Composite.h5[1] (type = Euler3DTransform)
  3. /home/mdugre/scratch/mri-registration-rp/datasets/ds004513/derivatives/mri-registration-rp/0001/antsRegistration-r7-p21/sub-s017/affine_Composite.h5[2] (type = Euler3DTransform)
  4. /home/mdugre/scratch/mri-registration-rp/datasets/ds004513/derivatives/mri-registration-rp/0001/antsRegistration-r7-p21/sub-s017/affine_Composite.h5[3] (type = AffineTransform)
=============================================================================
  number of levels = 4
  fixed image: /templateflow/tpl-MNI152NLin2009cAsym/tpl-MNI152NLin2009cAsym_res-01_desc-brain_T1w.nii.gz
  moving image: /home/mdugre/scratch/mri-registration-rp/datasets/ds004513/derivatives/mri-registration-rp/antsBrainExtraction/sub-s017/BrainExtractionBrain.nii.gz
Dimension = 3
Number of stages = 1
Use histogram matching = false
Winsorize image intensities = true
  Lower quantile = 0.005
  Upper quantile = 0.995


Stage 1 State
   Image metric = CC
     Fixed image = Image (0x39096f0)
  RTTI typeinfo:   itk::Image<double, 3u>
  Reference Count: 2
  Modified Time: 1608
  Debug: Off
  Object Name: 
  Observers: 
    none
  Source: (none)
  Source output name: (none)
