
##########################
# Experiment information #
##########################

EXPERIMENT_NAME: antsRegistration-r7-p14
VFC_BACKENDS: libinterflop_vprec.so --range-binary32=7 --precision-binary32=14 --range-binary64=7 --precision-binary64=14

SIF_IMG: /home/mdugre/projects/rrg-glatard/mdugre/containers/ants-vprec-no_metrics.simg

SUBJECT_ID: s014
INPUT_IMG: /home/mdugre/scratch/mri-registration-rp/datasets/ds004513/derivatives/mri-registration-rp/antsBrainExtraction/sub-s014/BrainExtractionBrain.nii.gz
OUTPUT_DIR: /home/mdugre/scratch/mri-registration-rp/datasets/ds004513/derivatives/mri-registration-rp/0001/antsRegistration-r7-p14/sub-s014

FIXED_IMG: /templateflow/tpl-MNI152NLin2009cAsym/tpl-MNI152NLin2009cAsym_res-01_desc-brain_T1w.nii.gz
DATA_DIR: /home/mdugre/scratch/mri-registration-rp/datasets/ds004513
TEMPLATEFLOW_DIR: /home/mdugre/projects/rrg-glatard/mdugre/templateflow
ITK_GLOBAL_DEFAULT_NUMBER_OF_THREADS: 16
##########################

Info [verificarlo]: loaded backend libinterflop_ieee.so
Info [interflop-ieee]: load backend with:
Info [interflop-ieee]: debug = false
Info [interflop-ieee]: debug-binary = false
Info [interflop-ieee]: no-backend-name = false
Info [interflop-ieee]: print-new-line = false
Info [interflop-ieee]: print-subnormal-normalized = false
Info [interflop-ieee]: count-op = false
All_Command_lines_OK
Using double precision for computations.
=============================================================================
The composite transform comprises the following transforms (in order): 
  1. Center of mass alignment using fixed image: /templateflow/tpl-MNI152NLin2009cAsym/tpl-MNI152NLin2009cAsym_res-01_desc-brain_T1w.nii.gz and moving image: /home/mdugre/scratch/mri-registration-rp/datasets/ds004513/derivatives/mri-registration-rp/antsBrainExtraction/sub-s014/BrainExtractionBrain.nii.gz (type = Euler3DTransform)
=============================================================================
  number of levels = 1
  fixed image: /templateflow/tpl-MNI152NLin2009cAsym/tpl-MNI152NLin2009cAsym_res-01_desc-brain_T1w.nii.gz
  moving image: /home/mdugre/scratch/mri-registration-rp/datasets/ds004513/derivatives/mri-registration-rp/antsBrainExtraction/sub-s014/BrainExtractionBrain.nii.gz
Dimension = 3
Number of stages = 1
Use histogram matching = false
Winsorize image intensities = true
  Lower quantile = 0.005
  Upper quantile = 0.995


Stage 1 State
   Image metric = MattesMI
     Fixed image = Image (0x449ce70)
  RTTI typeinfo:   itk::Image<double, 3u>
  Reference Count: 2
  Modified Time: 2334
  Debug: Off
  Object Name: 
  Observers: 
    none
  Source: (none)
  Source output name: (none)
  Release Data: Off
  Data Released: False
  Global Release Data: Off
  PipelineMTime: 0
  UpdateMTime: 1943
  RealTimeStamp: 0 seconds 
  LargestPossibleRegion: 
    Dimension: 3
    Index: [0, 0, 0]
    Size: [193, 229, 193]
  BufferedRegion: 
    Dimension: 3
    Index: [0, 0, 0]
    Size: [193, 229, 193]
  RequestedRegion: 
    Dimension: 3
    Index: [0, 0, 0]
    Size: [193, 229, 193]
  Spacing: [1, 1, 1]
  Origin: [96, 132, -78]
  Direction: 
-1 0 0
0 -1 0
0 0 1

  IndexToPointMatrix: 
-1 0 0
0 -1 0
0 0 1

  PointToIndexMatrix: 
-1 0 0
0 -1 0
0 0 1

  Inverse Direction: 
-1 0 0
0 -1 0
0 0 1

  PixelContainer: 
    ImportImageContainer (0x44a9140)
      RTTI typeinfo:   itk::ImportImageContainer<unsigned long, double>
      Reference Count: 1
      Modified Time: 1940
      Debug: Off
      Object Name: 
      Observers: 
        none
      Pointer: 0x1469a42cf010
      Container manages memory: true
      Size: 8530021
      Capacity: 8530021

     Moving image = Image (0x44a6310)
  RTTI typeinfo:   itk::Image<double, 3u>
  Reference Count: 2
  Modified Time: 2335
  Debug: Off
  Object Name: 
  Observers: 
    none
  Source: (none)
  Source output name: (none)
  Release Data: Off
  Data Released: False
  Global Release Data: Off
  PipelineMTime: 0
  UpdateMTime: 2332
  RealTimeStamp: 0 seconds 
  LargestPossibleRegion: 
    Dimension: 3
    Index: [0, 0, 0]
    Size: [160, 240, 256]
  BufferedRegion: 
    Dimension: 3
    Index: [0, 0, 0]
    Size: [160, 240, 256]
  RequestedRegion: 
    Dimension: 3
    Index: [0, 0, 0]
    Size: [160, 240, 256]
  Spacing: [0.999999, 1, 1]
  Origin: [84.1637, 106.709, -120.531]
  Direction: 
-0.999619 -0.0226874 -0.0157033
0.0226846 -0.999743 0.00035635
-0.0157073 -7.8229e-09 0.999877

  IndexToPointMatrix: 
-0.999619 -0.0226874 -0.0157033
0.0226845 -0.999743 0.00035635
-0.0157073 -7.8229e-09 0.999877

  PointToIndexMatrix: 
-0.99962 0.0226846 -0.0157073
-0.0226874 -0.999743 -7.83127e-09
-0.0157033 0.00035635 0.999877

  Inverse Direction: 
-0.999619 0.0226846 -0.0157073
-0.0226874 -0.999743 -7.83127e-09
-0.0157033 0.00035635 0.999877

  PixelContainer: 
    ImportImageContainer (0x45d1610)
      RTTI typeinfo:   itk::ImportImageContainer<unsigned long, double>
      Reference Count: 1
      Modified Time: 2329
      Debug: Off
      Object Name: 
      Observers: 
        none
      Pointer: 0x14699f7ce010
      Container manages memory: true
      Size: 9830400
      Capacity: 9830400

     Weighting = 1
     Sampling strategy = regular
     Number of bins = 32
     Radius = 4
     Sampling percentage  = 0.25
   Transform = Rigid
     Gradient step = 0.1
     Update field sigma (voxel space) = 0
     Total field sigma (voxel space) = 0
     Update field time sigma = 0
     Total field time sigma  = 0
     Number of time indices = 0
     Number of time point samples = 0
Registration using 1 total stages.

Stage 0
  iterations = 0
  convergence threshold = 1e-06
  convergence window size = 10
  number of levels = 1
  using the Mattes MI metric (number of bins = 32, weight = 1, use gradient filter = 0)
  preprocessing:  winsorizing the image intensities
  Shrink factors (level 1 out of 1): [1, 1, 1]
  smoothing sigmas per level: [0]
  regular sampling (percentage = 0.25)

*** Running Euler3DTransform registration ***

  Elapsed time (stage 0): 1.10957


Total elapsed time: 1.11177
Info [verificarlo]: loaded backend libinterflop_ieee.so
Info [interflop-ieee]: load backend with:
Info [interflop-ieee]: debug = false
Info [interflop-ieee]: debug-binary = false
Info [interflop-ieee]: no-backend-name = false
Info [interflop-ieee]: print-new-line = false
Info [interflop-ieee]: print-subnormal-normalized = false
Info [interflop-ieee]: count-op = false
All_Command_lines_OK
Using double precision for computations.
=============================================================================
The composite transform comprises the following transforms (in order): 
  1. /home/mdugre/scratch/mri-registration-rp/datasets/ds004513/derivatives/mri-registration-rp/0001/antsRegistration-r7-p14/sub-s014/align_Composite.h5[0] (type = Euler3DTransform)
  2. /home/mdugre/scratch/mri-registration-rp/datasets/ds004513/derivatives/mri-registration-rp/0001/antsRegistration-r7-p14/sub-s014/align_Composite.h5[1] (type = Euler3DTransform)
=============================================================================
  number of levels = 4
  fixed image: /templateflow/tpl-MNI152NLin2009cAsym/tpl-MNI152NLin2009cAsym_res-01_desc-brain_T1w.nii.gz
  moving image: /home/mdugre/scratch/mri-registration-rp/datasets/ds004513/derivatives/mri-registration-rp/antsBrainExtraction/sub-s014/BrainExtractionBrain.nii.gz
Dimension = 3
Number of stages = 1
Use histogram matching = false
Winsorize image intensities = true
  Lower quantile = 0.005
  Upper quantile = 0.995


Stage 1 State
   Image metric = MattesMI
     Fixed image = Image (0x5082530)
  RTTI typeinfo:   itk::Image<double, 3u>
  Reference Count: 2
  Modified Time: 1580
  Debug: Off
  Object Name: 
  Observers: 
    none
  Source: (none)
  Source output name: (none)
  Release Data: Off
  Data Released: False
  Global Release Data: Off
  PipelineMTime: 0
  UpdateMTime: 1189
  RealTimeStamp: 0 seconds 
  LargestPossibleRegion: 
    Dimension: 3
    Index: [0, 0, 0]
    Size: [193, 229, 193]
  BufferedRegion: 
    Dimension: 3
    Index: [0, 0, 0]
    Size: [193, 229, 193]
  RequestedRegion: 
    Dimension: 3
    Index: [0, 0, 0]
    Size: [193, 229, 193]
  Spacing: [1, 1, 1]
  Origin: [96, 132, -78]
  Direction: 
-1 0 0
0 -1 0
0 0 1

  IndexToPointMatrix: 
-1 0 0
0 -1 0
0 0 1

  PointToIndexMatrix: 
-1 0 0
0 -1 0
0 0 1

  Inverse Direction: 
-1 0 0
0 -1 0
0 0 1

  PixelContainer: 
    ImportImageContainer (0x5140d60)
      RTTI typeinfo:   itk::ImportImageContainer<unsigned long, double>
      Reference Count: 1
      Modified Time: 1186
      Debug: Off
      Object Name: 
      Observers: 
        none
      Pointer: 0x1538d3499010
      Container manages memory: true
      Size: 8530021
      Capacity: 8530021

     Moving image = Image (0x5132f60)
  RTTI typeinfo:   itk::Image<double, 3u>
  Reference Count: 2
  Modified Time: 1581
  Debug: Off
  Object Name: 
  Observers: 
    none
  Source: (none)
  Source output name: (none)
  Release Data: Off
  Data Released: False
  Global Release Data: Off
  PipelineMTime: 0
  UpdateMTime: 1578
  RealTimeStamp: 0 seconds 
  LargestPossibleRegion: 
    Dimension: 3
    Index: [0, 0, 0]
    Size: [160, 240, 256]
  BufferedRegion: 
    Dimension: 3
    Index: [0, 0, 0]
    Size: [160, 240, 256]
  RequestedRegion: 
    Dimension: 3
    Index: [0, 0, 0]
    Size: [160, 240, 256]
  Spacing: [0.999999, 1, 1]
  Origin: [84.1637, 106.709, -120.531]
  Direction: 
-0.999619 -0.0226874 -0.0157033
0.0226846 -0.999743 0.00035635
-0.0157073 -7.8229e-09 0.999877

  IndexToPointMatrix: 
-0.999619 -0.0226874 -0.0157033
0.0226845 -0.999743 0.00035635
-0.0157073 -7.8229e-09 0.999877

  PointToIndexMatrix: 
-0.99962 0.0226846 -0.0157073
-0.0226874 -0.999743 -7.83127e-09
-0.0157033 0.00035635 0.999877

  Inverse Direction: 
-0.999619 0.0226846 -0.0157073
-0.0226874 -0.999743 -7.83127e-09
-0.0157033 0.00035635 0.999877

  PixelContainer: 
    ImportImageContainer (0x51246d0)
      RTTI typeinfo:   itk::ImportImageContainer<unsigned long, double>
      Reference Count: 1
      Modified Time: 1575
      Debug: Off
      Object Name: 
      Observers: 
        none
      Pointer: 0x1538ce998010
      Container manages memory: true
      Size: 9830400
      Capacity: 9830400

     Weighting = 1
     Sampling strategy = regular
     Number of bins = 32
     Radius = 4
     Sampling percentage  = 0.25
   Transform = Rigid
     Gradient step = 0.1
     Update field sigma (voxel space) = 0
     Total field sigma (voxel space) = 0
     Update field time sigma = 0
     Total field time sigma  = 0
     Number of time indices = 0
     Number of time point samples = 0
Registration using 1 total stages.

Stage 0
  iterations = 1000x500x250x100
  convergence threshold = 1e-06
  convergence window size = 10
  number of levels = 4
  using the Mattes MI metric (number of bins = 32, weight = 1, use gradient filter = 0)
  preprocessing:  winsorizing the image intensities
  Shrink factors (level 1 out of 4): [8, 8, 8]
  Shrink factors (level 2 out of 4): [4, 4, 4]
  Shrink factors (level 3 out of 4): [2, 2, 2]
  Shrink factors (level 4 out of 4): [1, 1, 1]
  smoothing sigmas per level: [3, 2, 1, 0]
  regular sampling (percentage = 0.25)

*** Running Euler3DTransform registration ***

DIAGNOSTIC,Iteration,metricValue,convergenceValue,ITERATION_TIME_INDEX,SINCE_LAST
 2DIAGNOSTIC,     1, -4.770821406565e-01, 1.797693134862e+308, 7.3723e-01, 7.3723e-01, 
 2DIAGNOSTIC,     2, -4.784216133942e-01, 1.797693134862e+308, 7.4179e-01, 4.5629e-03, 
 2DIAGNOSTIC,     3, -4.807043200681e-01, 1.797693134862e+308, 7.4642e-01, 4.6251e-03, 
 2DIAGNOSTIC,     4, -4.840264478065e-01, 1.797693134862e+308, 7.5129e-01, 4.8690e-03, 
 2DIAGNOSTIC,     5, -4.883050305770e-01, 1.797693134862e+308, 7.5559e-01, 4.3020e-03, 
 2DIAGNOSTIC,     6, -4.953560426371e-01, 1.797693134862e+308, 7.6097e-01, 5.3840e-03, 
 2DIAGNOSTIC,     7, -5.007350570384e-01, 1.797693134862e+308, 7.6513e-01, 4.1540e-03, 
 2DIAGNOSTIC,     8, -5.013278569503e-01, 1.797693134862e+308, 7.6994e-01, 4.8149e-03, 
 2DIAGNOSTIC,     9, -5.085255256006e-01, 1.797693134862e+308, 7.7540e-01, 5.4550e-03, 
 2DIAGNOSTIC,    10, -5.161992633656e-01, 5.125196520979e-03, 7.8147e-01, 6.0759e-03, 
 2DIAGNOSTIC,    11, -5.167072941437e-01, 4.879252931146e-03, 7.8585e-01, 4.3750e-03, 
 2DIAGNOSTIC,    12, -5.203629876260e-01, 4.481282734468e-03, 7.9040e-01, 4.5562e-03, 
 2DIAGNOSTIC,    13, -5.229718709777e-01, 3.958672533579e-03, 7.9475e-01, 4.3490e-03, 
 2DIAGNOSTIC,    14, -5.250338110829e-01, 3.368007801721e-03, 7.9975e-01, 4.9980e-03, 
 2DIAGNOSTIC,    15, -5.272078697646e-01, 2.786121483387e-03, 8.0644e-01, 6.6931e-03, 
 2DIAGNOSTIC,    16, -5.275715603976e-01, 2.284098302157e-03, 8.1067e-01, 4.2231e-03, 
 2DIAGNOSTIC,    17, -5.282507656510e-01, 1.839921123733e-03, 8.1481e-01, 4.1430e-03, 
 2DIAGNOSTIC,    18, -5.289722876065e-01, 1.313912041892e-03, 8.1949e-01, 4.6780e-03, 
 2DIAGNOSTIC,    19, -5.292207410111e-01, 9.370568707319e-04, 8.2456e-01, 5.0750e-03, 
 2DIAGNOSTIC,    20, -5.294476960672e-01, 7.341365573338e-04, 8.2923e-01, 4.6639e-03, 
 2DIAGNOSTIC,    21, -5.294955840903e-01, 4.966190831893e-04, 8.3337e-01, 4.1449e-03, 
 2DIAGNOSTIC,    22, -5.295366245031e-01, 3.281311959367e-04, 8.3803e-01, 4.6568e-03, 
 2DIAGNOSTIC,    23, -5.295376311909e-01, 2.063244245707e-04, 8.4269e-01, 4.6649e-03, 
 2DIAGNOSTIC,    24, -5.295911249027e-01, 1.234508389594e-04, 8.4731e-01, 4.6179e-03, 
 2DIAGNOSTIC,    25, -5.296271130646e-01, 8.499150549723e-05, 8.5196e-01, 4.6442e-03, 
 2DIAGNOSTIC,    26, -5.296539599385e-01, 4.983583932598e-05, 8.5616e-01, 4.2081e-03, 
 2DIAGNOSTIC,    27, -5.297704229812e-01, 2.877322816254e-05, 8.6036e-01, 4.1919e-03, 
 2DIAGNOSTIC,    28, -5.299884954875e-01, 2.504887534242e-05, 8.6604e-01, 5.6849e-03, 
 2DIAGNOSTIC,    29, -5.300854192463e-01, 2.569611954706e-05, 8.7066e-01, 4.6210e-03, 
 2DIAGNOSTIC,    30, -5.300410324623e-01, 2.732899346655e-05, 8.7479e-01, 4.1280e-03, 
 2DIAGNOSTIC,    31, -5.300376932144e-01, 2.724560550581e-05, 8.7928e-01, 4.4880e-03, 
 2DIAGNOSTIC,    32, -5.301686264232e-01, 2.763232920341e-05, 8.8338e-01, 4.0989e-03, 
 2DIAGNOSTIC,    33, -5.303926738416e-01, 2.905769096658e-05, 8.8851e-01, 5.1382e-03, 
 2DIAGNOSTIC,    34, -5.304519664597e-01, 2.945835347110e-05, 8.9363e-01, 5.1110e-03, 
 2DIAGNOSTIC,    35, -5.305073139180e-01, 2.868169326193e-05, 8.9773e-01, 4.1060e-03, 
 2DIAGNOSTIC,    36, -5.305686017145e-01, 2.670517370664e-05, 9.0184e-01, 4.1099e-03, 
 2DIAGNOSTIC,    37, -5.306602858939e-01, 2.533264909859e-05, 9.0748e-01, 5.6372e-03, 
 2DIAGNOSTIC,    38, -5.306881156228e-01, 2.512162423416e-05, 9.1165e-01, 4.1730e-03, 
 2DIAGNOSTIC,    39, -5.307317416632e-01, 2.461885297465e-05, 9.1579e-01, 4.1420e-03, 
 2DIAGNOSTIC,    40, -5.308225091352e-01, 2.257034275705e-05, 9.2139e-01, 5.5959e-03, 
 2DIAGNOSTIC,    41, -5.308460424124e-01, 1.877385526430e-05, 9.2547e-01, 4.0770e-03, 
 2DIAGNOSTIC,    42, -5.308561837321e-01, 1.520831958196e-05, 9.2957e-01, 4.1010e-03, 
 2DIAGNOSTIC,    43, -5.308777649273e-01, 1.355835178253e-05, 9.3369e-01, 4.1211e-03, 
 2DIAGNOSTIC,    44, -5.309114036110e-01, 1.190613945428e-05, 9.3795e-01, 4.2610e-03, 
 2DIAGNOSTIC,    45, -5.310262965518e-01, 1.129423567607e-05, 9.4451e-01, 6.5608e-03, 
 2DIAGNOSTIC,    46, -5.310374074445e-01, 1.049838942952e-05, 9.4861e-01, 4.0951e-03, 
 2DIAGNOSTIC,    47, -5.310434720121e-01, 9.962263457258e-06, 9.5269e-01, 4.0810e-03, 
 2DIAGNOSTIC,    48, -5.310518853633e-01, 8.989886111772e-06, 9.5677e-01, 4.0851e-03, 
 2DIAGNOSTIC,    49, -5.310584329536e-01, 7.783359503934e-06, 9.6183e-01, 5.0550e-03, 
 2DIAGNOSTIC,    50, -5.310645817646e-01, 6.973833584438e-06, 9.6739e-01, 5.5609e-03, 
 2DIAGNOSTIC,    51, -5.310656430617e-01, 5.851695600585e-06, 9.7147e-01, 4.0781e-03, 
 2DIAGNOSTIC,    52, -5.310738190001e-01, 4.481863509587e-06, 9.7608e-01, 4.6160e-03, 
 2DIAGNOSTIC,    53, -5.310768127969e-01, 3.049471521355e-06, 9.8047e-01, 4.3881e-03, 
 2DIAGNOSTIC,    54, -5.310775506016e-01, 1.750844720191e-06, 9.8456e-01, 4.0891e-03, 
 2DIAGNOSTIC,    55, -5.310817434211e-01, 1.565716412976e-06, 9.8872e-01, 4.1599e-03, 
 2DIAGNOSTIC,    56, -5.310870994121e-01, 1.452195857479e-06, 9.9329e-01, 4.5731e-03, 
 2DIAGNOSTIC,    57, -5.310885232961e-01, 1.327089154898e-06, 9.9788e-01, 4.5860e-03, 
 2DIAGNOSTIC,    58, -5.310914487850e-01, 1.238639650913e-06, 1.0025e+00, 4.5979e-03, 
 2DIAGNOSTIC,    59, -5.311015678587e-01, 1.240623596441e-06, 1.0076e+00, 5.0929e-03, 
 2DIAGNOSTIC,    60, -5.311021904297e-01, 1.235244578811e-06, 1.0116e+00, 4.0760e-03, 
 2DIAGNOSTIC,    61, -5.311059901820e-01, 1.204917779055e-06, 1.0248e+00, 1.3125e-02, 
 2DIAGNOSTIC,    62, -5.311059901659e-01, 1.182103197404e-06, 1.0377e+00, 1.2894e-02, 
 2DIAGNOSTIC,    63, -5.311059901659e-01, 1.122797857946e-06, 1.0423e+00, 4.6301e-03, 
 2DIAGNOSTIC,    64, -5.311059901659e-01, 1.011506956732e-06, 1.0465e+00, 4.1909e-03, 
DIAGNOSTIC,Iteration,metricValue,convergenceValue,ITERATION_TIME_INDEX,SINCE_LAST
 2DIAGNOSTIC,     1, -4.295258231625e-01, 1.797693134862e+308, 1.7725e+00, 7.2601e-01, 
 2DIAGNOSTIC,     2, -4.302859640431e-01, 1.797693134862e+308, 1.8020e+00, 2.9493e-02, 
 2DIAGNOSTIC,     3, -4.309651196675e-01, 1.797693134862e+308, 1.8313e+00, 2.9335e-02, 
 2DIAGNOSTIC,     4, -4.317164347764e-01, 1.797693134862e+308, 1.8629e+00, 3.1594e-02, 
 2DIAGNOSTIC,     5, -4.325561938345e-01, 1.797693134862e+308, 1.8951e+00, 3.2156e-02, 
 2DIAGNOSTIC,     6, -4.341819580778e-01, 1.797693134862e+308, 1.9268e+00, 3.1750e-02, 
 2DIAGNOSTIC,     7, -4.354327949459e-01, 1.797693134862e+308, 1.9584e+00, 3.1535e-02, 
 2DIAGNOSTIC,     8, -4.367134834399e-01, 1.797693134862e+308, 1.9923e+00, 3.3914e-02, 
 2DIAGNOSTIC,     9, -4.377076816051e-01, 1.797693134862e+308, 2.0334e+00, 4.1159e-02, 
 2DIAGNOSTIC,    10, -4.379510214293e-01, 1.375954781894e-03, 2.0627e+00, 2.9224e-02, 
 2DIAGNOSTIC,    11, -4.381306699706e-01, 1.211218579680e-03, 2.0930e+00, 3.0377e-02, 
 2DIAGNOSTIC,    12, -4.403708091225e-01, 1.128184042305e-03, 2.1279e+00, 3.4843e-02, 
 2DIAGNOSTIC,    13, -4.435986505968e-01, 1.148562289086e-03, 2.1660e+00, 3.8158e-02, 
 2DIAGNOSTIC,    14, -4.436199448531e-01, 1.094787364944e-03, 2.1953e+00, 2.9273e-02, 
 2DIAGNOSTIC,    15, -4.445052018637e-01, 1.025845800626e-03, 2.2305e+00, 3.5209e-02, 
 2DIAGNOSTIC,    16, -4.479362667570e-01, 1.077370599429e-03, 2.2747e+00, 4.4203e-02, 
 2DIAGNOSTIC,    17, -4.481475950985e-01, 1.073587596359e-03, 2.3070e+00, 3.2294e-02, 
 2DIAGNOSTIC,    18, -4.482020490668e-01, 1.018146307781e-03, 2.3415e+00, 3.4509e-02, 
 2DIAGNOSTIC,    19, -4.481966708957e-01, 9.107728260487e-04, 2.3997e+00, 5.8151e-02, 
 2DIAGNOSTIC,    20, -4.481953336370e-01, 7.394369065502e-04, 2.4293e+00, 2.9590e-02, 
 2DIAGNOSTIC,    21, -4.481954334478e-01, 5.189437690743e-04, 2.4666e+00, 3.7337e-02, 
 2DIAGNOSTIC,    22, -4.482018534144e-01, 3.337448787800e-04, 2.5039e+00, 3.7287e-02, 
 2DIAGNOSTIC,    23, -4.481921491987e-01, 2.259319859186e-04, 2.5373e+00, 3.3461e-02, 
 2DIAGNOSTIC,    24, -4.482074312951e-01, 1.077320579902e-04, 2.5750e+00, 3.7689e-02, 
 2DIAGNOSTIC,    25, -4.482144438941e-01, 9.691654695249e-06, 2.6113e+00, 3.6268e-02, 
 2DIAGNOSTIC,    26, -4.482116709784e-01, 3.273677358140e-06, 2.6480e+00, 3.6694e-02, 
 2DIAGNOSTIC,    27, -4.482088353221e-01, 2.084622894312e-06, 2.6855e+00, 3.7484e-02, 
 2DIAGNOSTIC,    28, -4.482139219580e-01, 2.274300139361e-06, 2.7173e+00, 3.1775e-02, 
 2DIAGNOSTIC,    29, -4.482420865875e-01, 2.842581781883e-06, 2.7656e+00, 4.8324e-02, 
 2DIAGNOSTIC,    30, -4.482455732128e-01, 3.232682633851e-06, 2.8012e+00, 3.5634e-02, 
 2DIAGNOSTIC,    31, -4.482405885870e-01, 3.298134567974e-06, 2.8390e+00, 3.7746e-02, 
 2DIAGNOSTIC,    32, -4.482290914273e-01, 3.068918327638e-06, 2.8745e+00, 3.5524e-02, 
 2DIAGNOSTIC,    33, -4.482261086859e-01, 2.406541631771e-06, 2.9111e+00, 3.6640e-02, 
 2DIAGNOSTIC,    34, -4.482147420698e-01, 1.704266138838e-06, 2.9496e+00, 3.8445e-02, 
 2DIAGNOSTIC,    35, -4.482170221072e-01, 1.142410309261e-06, 2.9818e+00, 3.2250e-02, 
DIAGNOSTIC,Iteration,metricValue,convergenceValue,ITERATION_TIME_INDEX,SINCE_LAST
 2DIAGNOSTIC,     1, -3.932184617939e-01, 1.797693134862e+308, 4.0631e+00, 1.0813e+00, 
 2DIAGNOSTIC,     2, -3.933350079931e-01, 1.797693134862e+308, 4.3081e+00, 2.4498e-01, 
 2DIAGNOSTIC,     3, -3.934316046923e-01, 1.797693134862e+308, 4.5352e+00, 2.2710e-01, 
 2DIAGNOSTIC,     4, -3.934445200737e-01, 1.797693134862e+308, 4.8713e+00, 3.3610e-01, 
 2DIAGNOSTIC,     5, -3.934561040413e-01, 1.797693134862e+308, 5.1412e+00, 2.6988e-01, 
 2DIAGNOSTIC,     6, -3.934557399444e-01, 1.797693134862e+308, 5.4491e+00, 3.0798e-01, 
 2DIAGNOSTIC,     7, -3.934568946883e-01, 1.797693134862e+308, 5.8502e+00, 4.0107e-01, 
 2DIAGNOSTIC,     8, -3.934560025700e-01, 1.797693134862e+308, 6.1013e+00, 2.5110e-01, 
 2DIAGNOSTIC,     9, -3.934553706404e-01, 1.797693134862e+308, 6.4145e+00, 3.1323e-01, 
 2DIAGNOSTIC,    10, -3.934548434787e-01, 2.950388190039e-05, 6.6726e+00, 2.5803e-01, 
 2DIAGNOSTIC,    11, -3.934535149828e-01, 1.251787605405e-05, 6.9359e+00, 2.6334e-01, 
 2DIAGNOSTIC,    12, -3.934529102748e-01, 4.334106013720e-06, 7.1933e+00, 2.5739e-01, 
 2DIAGNOSTIC,    13, -3.934523311312e-01, 2.580301906155e-06, 7.4202e+00, 2.2690e-01, 
 2DIAGNOSTIC,    14, -3.934518639870e-01, 1.691075358773e-06, 7.7315e+00, 3.1131e-01, 
 2DIAGNOSTIC,    15, -3.934519733403e-01, 1.537715209124e-06, 7.9633e+00, 2.3178e-01, 
 2DIAGNOSTIC,    16, -3.934513608525e-01, 1.410840072338e-06, 8.1888e+00, 2.2554e-01, 
 2DIAGNOSTIC,    17, -3.934508379240e-01, 1.380509663196e-06, 8.4644e+00, 2.7559e-01, 
 2DIAGNOSTIC,    18, -3.934502558730e-01, 1.340257043375e-06, 8.7216e+00, 2.5719e-01, 
 2DIAGNOSTIC,    19, -3.934497850722e-01, 1.301860576647e-06, 8.9884e+00, 2.6682e-01, 
 2DIAGNOSTIC,    20, -3.934499620601e-01, 1.290039483279e-06, 9.2421e+00, 2.5371e-01, 
 2DIAGNOSTIC,    21, -3.934502603898e-01, 1.271710383423e-06, 9.5362e+00, 2.9411e-01, 
 2DIAGNOSTIC,    22, -3.934498714567e-01, 1.245514279172e-06, 9.8429e+00, 3.0664e-01, 
 2DIAGNOSTIC,    23, -3.934501306205e-01, 1.231426967438e-06, 1.0133e+01, 2.9028e-01, 
 2DIAGNOSTIC,    24, -3.934495534675e-01, 1.200792408160e-06, 1.0375e+01, 2.4227e-01, 
 2DIAGNOSTIC,    25, -3.934490926584e-01, 1.174527780062e-06, 1.0605e+01, 2.2958e-01, 
 2DIAGNOSTIC,    26, -3.934495815259e-01, 1.156238088641e-06, 1.0881e+01, 2.7576e-01, 
 2DIAGNOSTIC,    27, -3.934510331853e-01, 1.170201577083e-06, 1.1177e+01, 2.9610e-01, 
 2DIAGNOSTIC,    28, -3.934498669225e-01, 1.138213933598e-06, 1.1433e+01, 2.5637e-01, 
 2DIAGNOSTIC,    29, -3.934494066885e-01, 1.086573149393e-06, 1.1693e+01, 2.6012e-01, 
 2DIAGNOSTIC,    30, -3.934490069953e-01, 1.034518089423e-06, 1.1953e+01, 2.6006e-01, 
 2DIAGNOSTIC,    31, -3.934493551173e-01, 1.002859458324e-06, 1.2173e+01, 2.1996e-01, 
 2DIAGNOSTIC,    32, -3.934514387952e-01, 1.012149771239e-06, 1.2434e+01, 2.6063e-01, 
 2DIAGNOSTIC,    33, -3.934519790627e-01, 1.036071799319e-06, 1.2694e+01, 2.6016e-01, 
 2DIAGNOSTIC,    34, -3.934514161003e-01, 1.029042804416e-06, 1.2980e+01, 2.8554e-01, 
 2DIAGNOSTIC,    35, -3.934525147380e-01, 1.027695306351e-06, 1.3276e+01, 2.9595e-01, 
 2DIAGNOSTIC,    36, -3.934539682972e-01, 1.051995467745e-06, 1.3586e+01, 3.1013e-01, 
 2DIAGNOSTIC,    37, -3.934536116416e-01, 1.079271321765e-06, 1.3835e+01, 2.4908e-01, 
 2DIAGNOSTIC,    38, -3.934525129806e-01, 1.042002259904e-06, 1.4107e+01, 2.7229e-01, 
DIAGNOSTIC,Iteration,metricValue,convergenceValue,ITERATION_TIME_INDEX,SINCE_LAST
 2DIAGNOSTIC,     1, -3.660000231420e-01, 1.797693134862e+308, 1.6705e+01, 2.5976e+00, 
 2DIAGNOSTIC,     2, -3.661006044372e-01, 1.797693134862e+308, 1.8261e+01, 1.5559e+00, 
 2DIAGNOSTIC,     3, -3.661940053180e-01, 1.797693134862e+308, 1.9758e+01, 1.4970e+00, 
 2DIAGNOSTIC,     4, -3.662025643715e-01, 1.797693134862e+308, 2.2415e+01, 2.6574e+00, 
 2DIAGNOSTIC,     5, -3.662022977133e-01, 1.797693134862e+308, 2.4407e+01, 1.9918e+00, 
 2DIAGNOSTIC,     6, -3.662022732997e-01, 1.797693134862e+308, 2.6040e+01, 1.6334e+00, 
 2DIAGNOSTIC,     7, -3.662021510158e-01, 1.797693134862e+308, 2.7569e+01, 1.5290e+00, 
 2DIAGNOSTIC,     8, -3.662021104520e-01, 1.797693134862e+308, 2.9076e+01, 1.5061e+00, 
 2DIAGNOSTIC,     9, -3.662019867363e-01, 1.797693134862e+308, 3.0571e+01, 1.4951e+00, 
 2DIAGNOSTIC,    10, -3.662019340422e-01, 2.615307621474e-05, 3.1956e+01, 1.3852e+00, 
 2DIAGNOSTIC,    11, -3.662019021148e-01, 1.049209295267e-05, 3.3529e+01, 1.5728e+00, 
 2DIAGNOSTIC,    12, -3.662017877596e-01, 3.091362205609e-06, 3.5013e+01, 1.4840e+00, 
 2DIAGNOSTIC,    13, -3.662019075438e-01, 2.358435386401e-06, 3.6646e+01, 1.6334e+00, 
 2DIAGNOSTIC,    14, -3.662018586861e-01, 2.210206308612e-06, 3.8331e+01, 1.6853e+00, 
 2DIAGNOSTIC,    15, -3.662018919890e-01, 2.075386487568e-06, 3.9956e+01, 1.6246e+00, 
 2DIAGNOSTIC,    16, -3.662018421135e-01, 1.958104294222e-06, 4.1299e+01, 1.3434e+00, 
 2DIAGNOSTIC,    17, -3.662017315417e-01, 1.846828510940e-06, 4.2631e+01, 1.3321e+00, 
 2DIAGNOSTIC,    18, -3.662016584302e-01, 1.745449669167e-06, 4.4106e+01, 1.4750e+00, 
 2DIAGNOSTIC,    19, -3.662015876078e-01, 1.648798702535e-06, 4.5610e+01, 1.5038e+00, 
 2DIAGNOSTIC,    20, -3.662013732673e-01, 1.553843667020e-06, 4.7163e+01, 1.5525e+00, 
 2DIAGNOSTIC,    21, -3.662013254686e-01, 1.468744374157e-06, 4.9140e+01, 1.9772e+00, 
 2DIAGNOSTIC,    22, -3.662011170113e-01, 1.384171119972e-06, 5.0669e+01, 1.5291e+00, 
 2DIAGNOSTIC,    23, -3.662008967006e-01, 1.309503318982e-06, 5.2069e+01, 1.3999e+00, 
 2DIAGNOSTIC,    24, -3.662008589025e-01, 1.245215920910e-06, 5.3589e+01, 1.5204e+00, 
 2DIAGNOSTIC,    25, -3.662009022268e-01, 1.195923177322e-06, 5.5190e+01, 1.6011e+00, 
 2DIAGNOSTIC,    26, -3.662008588370e-01, 1.154782346038e-06, 5.6641e+01, 1.4503e+00, 
 2DIAGNOSTIC,    27, -3.662010886694e-01, 1.126687514098e-06, 5.8191e+01, 1.5504e+00, 
 2DIAGNOSTIC,    28, -3.662011544738e-01, 1.105168370839e-06, 5.9833e+01, 1.6420e+00, 
 2DIAGNOSTIC,    29, -3.662007270980e-01, 1.074819731585e-06, 6.1539e+01, 1.7060e+00, 
 2DIAGNOSTIC,    30, -3.662006710036e-01, 1.041888189370e-06, 6.3335e+01, 1.7958e+00, 
 2DIAGNOSTIC,    31, -3.662006079194e-01, 1.010052132766e-06, 6.5131e+01, 1.7959e+00, 
  Elapsed time (stage 0): 6.5975e+01


Total elapsed time: 6.5977e+01
Info [verificarlo]: loaded backend libinterflop_ieee.so
Info [interflop-ieee]: load backend with:
Info [interflop-ieee]: debug = false
Info [interflop-ieee]: debug-binary = false
Info [interflop-ieee]: no-backend-name = false
Info [interflop-ieee]: print-new-line = false
Info [interflop-ieee]: print-subnormal-normalized = false
Info [interflop-ieee]: count-op = false
All_Command_lines_OK
Using double precision for computations.
=============================================================================
The composite transform comprises the following transforms (in order): 
  1. /home/mdugre/scratch/mri-registration-rp/datasets/ds004513/derivatives/mri-registration-rp/0001/antsRegistration-r7-p14/sub-s014/rigid_Composite.h5[0] (type = Euler3DTransform)
  2. /home/mdugre/scratch/mri-registration-rp/datasets/ds004513/derivatives/mri-registration-rp/0001/antsRegistration-r7-p14/sub-s014/rigid_Composite.h5[1] (type = Euler3DTransform)
  3. /home/mdugre/scratch/mri-registration-rp/datasets/ds004513/derivatives/mri-registration-rp/0001/antsRegistration-r7-p14/sub-s014/rigid_Composite.h5[2] (type = Euler3DTransform)
=============================================================================
  number of levels = 4
  fixed image: /templateflow/tpl-MNI152NLin2009cAsym/tpl-MNI152NLin2009cAsym_res-01_desc-brain_T1w.nii.gz
  moving image: /home/mdugre/scratch/mri-registration-rp/datasets/ds004513/derivatives/mri-registration-rp/antsBrainExtraction/sub-s014/BrainExtractionBrain.nii.gz
Dimension = 3
Number of stages = 1
Use histogram matching = false
Winsorize image intensities = true
  Lower quantile = 0.005
  Upper quantile = 0.995


Stage 1 State
   Image metric = MattesMI
     Fixed image = Image (0x38597e0)
  RTTI typeinfo:   itk::Image<double, 3u>
  Reference Count: 2
  Modified Time: 1594
  Debug: Off
  Object Name: 
  Observers: 
    none
  Source: (none)
  Source output name: (none)
  Release Data: Off
  Data Released: False
  Global Release Data: Off
  PipelineMTime: 0
  UpdateMTime: 1203
  RealTimeStamp: 0 seconds 
  LargestPossibleRegion: 
    Dimension: 3
    Index: [0, 0, 0]
    Size: [193, 229, 193]
  BufferedRegion: 
    Dimension: 3
    Index: [0, 0, 0]
    Size: [193, 229, 193]
  RequestedRegion: 
    Dimension: 3
    Index: [0, 0, 0]
    Size: [193, 229, 193]
  Spacing: [1, 1, 1]
  Origin: [96, 132, -78]
  Direction: 
-1 0 0
0 -1 0
0 0 1

  IndexToPointMatrix: 
-1 0 0
0 -1 0
0 0 1

  PointToIndexMatrix: 
-1 0 0
0 -1 0
0 0 1

  Inverse Direction: 
-1 0 0
0 -1 0
0 0 1

  PixelContainer: 
    ImportImageContainer (0x3919a20)
      RTTI typeinfo:   itk::ImportImageContainer<unsigned long, double>
      Reference Count: 1
      Modified Time: 1200
      Debug: Off
      Object Name: 
      Observers: 
        none
      Pointer: 0x152a4c3f7010
      Container manages memory: true
      Size: 8530021
      Capacity: 8530021

     Moving image = Image (0x3914d70)
  RTTI typeinfo:   itk::Image<double, 3u>
  Reference Count: 2
  Modified Time: 1595
  Debug: Off
  Object Name: 
  Observers: 
    none
  Source: (none)
  Source output name: (none)
  Release Data: Off
  Data Released: False
  Global Release Data: Off
  PipelineMTime: 0
  UpdateMTime: 1592
  RealTimeStamp: 0 seconds 
  LargestPossibleRegion: 
    Dimension: 3
    Index: [0, 0, 0]
    Size: [160, 240, 256]
  BufferedRegion: 
    Dimension: 3
    Index: [0, 0, 0]
    Size: [160, 240, 256]
  RequestedRegion: 
    Dimension: 3
    Index: [0, 0, 0]
    Size: [160, 240, 256]
  Spacing: [0.999999, 1, 1]
  Origin: [84.1637, 106.709, -120.531]
  Direction: 
-0.999619 -0.0226874 -0.0157033
0.0226846 -0.999743 0.00035635
-0.0157073 -7.8229e-09 0.999877

  IndexToPointMatrix: 
-0.999619 -0.0226874 -0.0157033
0.0226845 -0.999743 0.00035635
-0.0157073 -7.8229e-09 0.999877

  PointToIndexMatrix: 
-0.99962 0.0226846 -0.0157073
-0.0226874 -0.999743 -7.83127e-09
-0.0157033 0.00035635 0.999877

  Inverse Direction: 
-0.999619 0.0226846 -0.0157073
-0.0226874 -0.999743 -7.83127e-09
-0.0157033 0.00035635 0.999877

  PixelContainer: 
    ImportImageContainer (0x38ccc90)
      RTTI typeinfo:   itk::ImportImageContainer<unsigned long, double>
      Reference Count: 1
      Modified Time: 1589
      Debug: Off
      Object Name: 
      Observers: 
        none
      Pointer: 0x152a478f6010
      Container manages memory: true
      Size: 9830400
      Capacity: 9830400

     Weighting = 1
     Sampling strategy = regular
     Number of bins = 32
     Radius = 4
     Sampling percentage  = 0.25
   Transform = Affine
     Gradient step = 0.1
     Update field sigma (voxel space) = 0
     Total field sigma (voxel space) = 0
     Update field time sigma = 0
     Total field time sigma  = 0
     Number of time indices = 0
     Number of time point samples = 0
Registration using 1 total stages.

Stage 0
  iterations = 1000x500x250x100
  convergence threshold = 1e-06
  convergence window size = 10
  number of levels = 4
  using the Mattes MI metric (number of bins = 32, weight = 1, use gradient filter = 0)
  preprocessing:  winsorizing the image intensities
  Shrink factors (level 1 out of 4): [8, 8, 8]
  Shrink factors (level 2 out of 4): [4, 4, 4]
  Shrink factors (level 3 out of 4): [2, 2, 2]
  Shrink factors (level 4 out of 4): [1, 1, 1]
  smoothing sigmas per level: [3, 2, 1, 0]
  regular sampling (percentage = 0.25)

*** Running AffineTransform registration ***

DIAGNOSTIC,Iteration,metricValue,convergenceValue,ITERATION_TIME_INDEX,SINCE_LAST
 2DIAGNOSTIC,     1, -5.239750079440e-01, 1.797693134862e+308, 7.2850e-01, 7.2850e-01, 
 2DIAGNOSTIC,     2, -5.258640009950e-01, 1.797693134862e+308, 7.3345e-01, 4.9491e-03, 
 2DIAGNOSTIC,     3, -5.291088177326e-01, 1.797693134862e+308, 7.3818e-01, 4.7300e-03, 
 2DIAGNOSTIC,     4, -5.347710737547e-01, 1.797693134862e+308, 7.4317e-01, 4.9880e-03, 
 2DIAGNOSTIC,     5, -5.449383433935e-01, 1.797693134862e+308, 7.4840e-01, 5.2309e-03, 
 2DIAGNOSTIC,     6, -6.215305753266e-01, 1.797693134862e+308, 7.5300e-01, 4.6010e-03, 
 2DIAGNOSTIC,     7, -6.633610531210e-01, 1.797693134862e+308, 7.5888e-01, 5.8851e-03, 
 2DIAGNOSTIC,     8, -7.298997128460e-01, 1.797693134862e+308, 7.6552e-01, 6.6340e-03, 
 2DIAGNOSTIC,     9, -7.422520437885e-01, 1.797693134862e+308, 7.7024e-01, 4.7219e-03, 
 2DIAGNOSTIC,    10, -7.541337727382e-01, 2.915589746539e-02, 7.7554e-01, 5.3020e-03, 
 2DIAGNOSTIC,    11, -7.649021431424e-01, 2.764846714911e-02, 7.8137e-01, 5.8250e-03, 
 2DIAGNOSTIC,    12, -7.741612913035e-01, 2.434790446976e-02, 7.8995e-01, 8.5800e-03, 
 2DIAGNOSTIC,    13, -7.770748594681e-01, 1.968340828337e-02, 7.9547e-01, 5.5249e-03, 
 2DIAGNOSTIC,    14, -7.814239114523e-01, 1.436950489971e-02, 8.0049e-01, 5.0209e-03, 
 2DIAGNOSTIC,    15, -7.874240647419e-01, 9.014352708234e-03, 8.0836e-01, 7.8709e-03, 
 2DIAGNOSTIC,    16, -7.920941245889e-01, 5.733375686870e-03, 8.1383e-01, 5.4631e-03, 
 2DIAGNOSTIC,    17, -7.957348312990e-01, 3.442742890463e-03, 8.1915e-01, 5.3260e-03, 
 2DIAGNOSTIC,    18, -8.010582880386e-01, 2.769042513606e-03, 8.2568e-01, 6.5260e-03, 
 2DIAGNOSTIC,    19, -8.020628000695e-01, 2.204723928989e-03, 8.3150e-01, 5.8200e-03, 
 2DIAGNOSTIC,    20, -8.025892539776e-01, 1.748805350084e-03, 8.3770e-01, 6.2048e-03, 
 2DIAGNOSTIC,    21, -8.047958394401e-01, 1.424962982087e-03, 8.4337e-01, 5.6670e-03, 
 2DIAGNOSTIC,    22, -8.088033196994e-01, 1.241516637031e-03, 8.5079e-01, 7.4222e-03, 
 2DIAGNOSTIC,    23, -8.108253859574e-01, 1.042989092792e-03, 8.5642e-01, 5.6310e-03, 
 2DIAGNOSTIC,    24, -8.126182837130e-01, 8.657731325489e-04, 8.6154e-01, 5.1179e-03, 
 2DIAGNOSTIC,    25, -8.155462474791e-01, 7.640319492974e-04, 8.6738e-01, 5.8389e-03, 
 2DIAGNOSTIC,    26, -8.215089230028e-01, 7.575815768374e-04, 8.7297e-01, 5.5940e-03, 
 2DIAGNOSTIC,    27, -8.250996790812e-01, 7.801003399523e-04, 8.7915e-01, 6.1719e-03, 
 2DIAGNOSTIC,    28, -8.289147631583e-01, 8.534267354390e-04, 8.8564e-01, 6.4890e-03, 
 2DIAGNOSTIC,    29, -8.295917245321e-01, 8.640343315645e-04, 8.9092e-01, 5.2891e-03, 
 2DIAGNOSTIC,    30, -8.372782501973e-01, 8.975790669454e-04, 8.9679e-01, 5.8682e-03, 
 2DIAGNOSTIC,    31, -8.403022128056e-01, 9.043422082692e-04, 9.0508e-01, 8.2891e-03, 
 2DIAGNOSTIC,    32, -8.406845029283e-01, 8.767049004577e-04, 9.1059e-01, 5.5099e-03, 
 2DIAGNOSTIC,    33, -8.411423181957e-01, 7.983890140037e-04, 9.1560e-01, 5.0039e-03, 
 2DIAGNOSTIC,    34, -8.415710933568e-01, 6.747995253571e-04, 9.2119e-01, 5.5981e-03, 
 2DIAGNOSTIC,    35, -8.417514332803e-01, 5.264140058299e-04, 9.2625e-01, 5.0600e-03, 
 2DIAGNOSTIC,    36, -8.418494814275e-01, 3.992435717317e-04, 9.3173e-01, 5.4798e-03, 
 2DIAGNOSTIC,    37, -8.420946185334e-01, 2.807540098615e-04, 9.3678e-01, 5.0418e-03, 
 2DIAGNOSTIC,    38, -8.424308386057e-01, 1.843641094181e-04, 9.4268e-01, 5.8999e-03, 
 2DIAGNOSTIC,    39, -8.425078721187e-01, 8.133672821204e-05, 9.4825e-01, 5.5730e-03, 
 2DIAGNOSTIC,    40, -8.424371598657e-01, 4.623161843463e-05, 9.5327e-01, 5.0201e-03, 
 2DIAGNOSTIC,    41, -8.424661475040e-01, 3.628984514909e-05, 9.5990e-01, 6.6340e-03, 
 2DIAGNOSTIC,    42, -8.424174227552e-01, 2.632227298588e-05, 9.6525e-01, 5.3439e-03, 
 2DIAGNOSTIC,    43, -8.423657005226e-01, 1.778121560812e-05, 9.7125e-01, 6.0060e-03, 
 2DIAGNOSTIC,    44, -8.424428713706e-01, 1.226161481252e-05, 9.8009e-01, 8.8398e-03, 
 2DIAGNOSTIC,    45, -8.424459141485e-01, 7.430842497234e-06, 9.8513e-01, 5.0340e-03, 
 2DIAGNOSTIC,    46, -8.424551546500e-01, 3.031430703598e-06, 9.9015e-01, 5.0251e-03, 
DIAGNOSTIC,Iteration,metricValue,convergenceValue,ITERATION_TIME_INDEX,SINCE_LAST
 2DIAGNOSTIC,     1, -6.880949317435e-01, 1.797693134862e+308, 1.7573e+00, 7.6712e-01, 
 2DIAGNOSTIC,     2, -6.887392315585e-01, 1.797693134862e+308, 1.7953e+00, 3.8027e-02, 
 2DIAGNOSTIC,     3, -6.892683643931e-01, 1.797693134862e+308, 1.8339e+00, 3.8641e-02, 
 2DIAGNOSTIC,     4, -6.897437161537e-01, 1.797693134862e+308, 1.8721e+00, 3.8159e-02, 
 2DIAGNOSTIC,     5, -6.906021111272e-01, 1.797693134862e+308, 1.9163e+00, 4.4186e-02, 
 2DIAGNOSTIC,     6, -6.927720008566e-01, 1.797693134862e+308, 1.9601e+00, 4.3847e-02, 
 2DIAGNOSTIC,     7, -6.932115090398e-01, 1.797693134862e+308, 2.0035e+00, 4.3353e-02, 
 2DIAGNOSTIC,     8, -6.932752648870e-01, 1.797693134862e+308, 2.0499e+00, 4.6372e-02, 
 2DIAGNOSTIC,     9, -6.934073779171e-01, 1.797693134862e+308, 2.0886e+00, 3.8711e-02, 
 2DIAGNOSTIC,    10, -6.935313482510e-01, 5.913377783607e-04, 2.1277e+00, 3.9126e-02, 
 2DIAGNOSTIC,    11, -6.936310299840e-01, 4.702885085620e-04, 2.1705e+00, 4.2839e-02, 
 2DIAGNOSTIC,    12, -6.936804509963e-01, 3.509691182125e-04, 2.2251e+00, 5.4581e-02, 
 2DIAGNOSTIC,    13, -6.936780489973e-01, 2.362290441868e-04, 2.2780e+00, 5.2861e-02, 
 2DIAGNOSTIC,    14, -6.936686970096e-01, 1.306004730530e-04, 2.3185e+00, 4.0540e-02, 
 2DIAGNOSTIC,    15, -6.936488534432e-01, 4.875035646781e-05, 2.3575e+00, 3.8989e-02, 
 2DIAGNOSTIC,    16, -6.936440206164e-01, 2.814329289356e-05, 2.4009e+00, 4.3439e-02, 
 2DIAGNOSTIC,    17, -6.936424027501e-01, 1.814169363873e-05, 2.4465e+00, 4.5568e-02, 
 2DIAGNOSTIC,    18, -6.936502785899e-01, 9.359169401459e-06, 2.4960e+00, 4.9478e-02, 
 2DIAGNOSTIC,    19, -6.936423592588e-01, 3.447526389123e-06, 2.5367e+00, 4.0729e-02, 
DIAGNOSTIC,Iteration,metricValue,convergenceValue,ITERATION_TIME_INDEX,SINCE_LAST
 2DIAGNOSTIC,     1, -5.885594352358e-01, 1.797693134862e+308, 3.6657e+00, 1.1290e+00, 
 2DIAGNOSTIC,     2, -5.891958652186e-01, 1.797693134862e+308, 3.9786e+00, 3.1285e-01, 
 2DIAGNOSTIC,     3, -5.899126589962e-01, 1.797693134862e+308, 4.2618e+00, 2.8325e-01, 
 2DIAGNOSTIC,     4, -5.907866212854e-01, 1.797693134862e+308, 4.5540e+00, 2.9219e-01, 
 2DIAGNOSTIC,     5, -5.919068942756e-01, 1.797693134862e+308, 4.9086e+00, 3.5458e-01, 
 2DIAGNOSTIC,     6, -5.938118861166e-01, 1.797693134862e+308, 5.3797e+00, 4.7112e-01, 
 2DIAGNOSTIC,     7, -5.938290199709e-01, 1.797693134862e+308, 5.7683e+00, 3.8857e-01, 
 2DIAGNOSTIC,     8, -5.938240655603e-01, 1.797693134862e+308, 6.2209e+00, 4.5256e-01, 
 2DIAGNOSTIC,     9, -5.938252300672e-01, 1.797693134862e+308, 6.5492e+00, 3.2836e-01, 
 2DIAGNOSTIC,    10, -5.938205190527e-01, 6.651210909859e-04, 6.8713e+00, 3.2213e-01, 
 2DIAGNOSTIC,    11, -5.938175780728e-01, 4.858044470119e-04, 7.3589e+00, 4.8755e-01, 
 2DIAGNOSTIC,    12, -5.938174482729e-01, 3.186438035645e-04, 7.6861e+00, 3.2720e-01, 
 2DIAGNOSTIC,    13, -5.938138377222e-01, 1.757753342555e-04, 8.0257e+00, 3.3962e-01, 
 2DIAGNOSTIC,    14, -5.938139134008e-01, 6.726884308753e-05, 8.3772e+00, 3.5148e-01, 
 2DIAGNOSTIC,    15, -5.938138331335e-01, 1.404108258704e-06, 8.7247e+00, 3.4747e-01, 
DIAGNOSTIC,Iteration,metricValue,convergenceValue,ITERATION_TIME_INDEX,SINCE_LAST
 2DIAGNOSTIC,     1, -5.278685521466e-01, 1.797693134862e+308, 1.1653e+01, 2.9281e+00, 
 2DIAGNOSTIC,     2, -5.279347484119e-01, 1.797693134862e+308, 1.4085e+01, 2.4318e+00, 
 2DIAGNOSTIC,     3, -5.279409025832e-01, 1.797693134862e+308, 1.6483e+01, 2.3985e+00, 
 2DIAGNOSTIC,     4, -5.279392678271e-01, 1.797693134862e+308, 1.8633e+01, 2.1504e+00, 
 2DIAGNOSTIC,     5, -5.279377319033e-01, 1.797693134862e+308, 2.0664e+01, 2.0310e+00, 
 2DIAGNOSTIC,     6, -5.279367142111e-01, 1.797693134862e+308, 2.2997e+01, 2.3324e+00, 
 2DIAGNOSTIC,     7, -5.279361591523e-01, 1.797693134862e+308, 2.5718e+01, 2.7213e+00, 
 2DIAGNOSTIC,     8, -5.279361665363e-01, 1.797693134862e+308, 2.8191e+01, 2.4726e+00, 
 2DIAGNOSTIC,     9, -5.279360386010e-01, 1.797693134862e+308, 3.0223e+01, 2.0325e+00, 
 2DIAGNOSTIC,    10, -5.279361665869e-01, 6.615496138243e-06, 3.2294e+01, 2.0705e+00, 
 2DIAGNOSTIC,    11, -5.279360049496e-01, 2.599638777898e-06, 3.4220e+01, 1.9258e+00, 
