
##########################
# Experiment information #
##########################

EXPERIMENT_NAME: antsRegistration-r8-p7
VFC_BACKENDS: libinterflop_vprec.so --range-binary32=8 --precision-binary32=7 --range-binary64=8 --precision-binary64=7

SIF_IMG: /home/mdugre/projects/rrg-glatard/mdugre/containers/ants-vprec-no_metrics.simg

SUBJECT_ID: s025
INPUT_IMG: /home/mdugre/scratch/mri-registration-rp/datasets/ds004513/derivatives/mri-registration-rp/antsBrainExtraction/sub-s025/BrainExtractionBrain.nii.gz
OUTPUT_DIR: /home/mdugre/scratch/mri-registration-rp/datasets/ds004513/derivatives/mri-registration-rp/0001/antsRegistration-r8-p7/sub-s025

FIXED_IMG: /templateflow/tpl-MNI152NLin2009cAsym/tpl-MNI152NLin2009cAsym_res-01_desc-brain_T1w.nii.gz
DATA_DIR: /home/mdugre/scratch/mri-registration-rp/datasets/ds004513
TEMPLATEFLOW_DIR: /home/mdugre/projects/rrg-glatard/mdugre/templateflow
ITK_GLOBAL_DEFAULT_NUMBER_OF_THREADS: 16
##########################

Info [verificarlo]: loaded backend libinterflop_ieee.so
Info [interflop-ieee]: load backend with:
Info [interflop-ieee]: debug = false
Info [interflop-ieee]: debug-binary = false
Info [interflop-ieee]: no-backend-name = false
Info [interflop-ieee]: print-new-line = false
Info [interflop-ieee]: print-subnormal-normalized = false
Info [interflop-ieee]: count-op = false
All_Command_lines_OK
Using double precision for computations.
=============================================================================
The composite transform comprises the following transforms (in order): 
  1. Center of mass alignment using fixed image: /templateflow/tpl-MNI152NLin2009cAsym/tpl-MNI152NLin2009cAsym_res-01_desc-brain_T1w.nii.gz and moving image: /home/mdugre/scratch/mri-registration-rp/datasets/ds004513/derivatives/mri-registration-rp/antsBrainExtraction/sub-s025/BrainExtractionBrain.nii.gz (type = Euler3DTransform)
=============================================================================
  number of levels = 1
  fixed image: /templateflow/tpl-MNI152NLin2009cAsym/tpl-MNI152NLin2009cAsym_res-01_desc-brain_T1w.nii.gz
  moving image: /home/mdugre/scratch/mri-registration-rp/datasets/ds004513/derivatives/mri-registration-rp/antsBrainExtraction/sub-s025/BrainExtractionBrain.nii.gz
Dimension = 3
Number of stages = 1
Use histogram matching = false
Winsorize image intensities = true
  Lower quantile = 0.005
  Upper quantile = 0.995


Stage 1 State
   Image metric = MattesMI
     Fixed image = Image (0x4123bd0)
  RTTI typeinfo:   itk::Image<double, 3u>
  Reference Count: 2
  Modified Time: 2334
  Debug: Off
  Object Name: 
  Observers: 
    none
  Source: (none)
  Source output name: (none)
  Release Data: Off
  Data Released: False
  Global Release Data: Off
  PipelineMTime: 0
  UpdateMTime: 1943
  RealTimeStamp: 0 seconds 
  LargestPossibleRegion: 
    Dimension: 3
    Index: [0, 0, 0]
    Size: [193, 229, 193]
  BufferedRegion: 
    Dimension: 3
    Index: [0, 0, 0]
    Size: [193, 229, 193]
  RequestedRegion: 
    Dimension: 3
    Index: [0, 0, 0]
    Size: [193, 229, 193]
  Spacing: [1, 1, 1]
  Origin: [96, 132, -78]
  Direction: 
-1 0 0
0 -1 0
0 0 1

  IndexToPointMatrix: 
-1 0 0
0 -1 0
0 0 1

  PointToIndexMatrix: 
-1 0 0
0 -1 0
0 0 1

  Inverse Direction: 
-1 0 0
0 -1 0
0 0 1

  PixelContainer: 
    ImportImageContainer (0x412c9e0)
      RTTI typeinfo:   itk::ImportImageContainer<unsigned long, double>
      Reference Count: 1
      Modified Time: 1940
      Debug: Off
      Object Name: 
      Observers: 
        none
      Pointer: 0x14a996963010
      Container manages memory: true
      Size: 8530021
      Capacity: 8530021

     Moving image = Image (0x412dbd0)
  RTTI typeinfo:   itk::Image<double, 3u>
  Reference Count: 2
  Modified Time: 2335
  Debug: Off
  Object Name: 
  Observers: 
    none
  Source: (none)
  Source output name: (none)
  Release Data: Off
  Data Released: False
  Global Release Data: Off
  PipelineMTime: 0
  UpdateMTime: 2332
  RealTimeStamp: 0 seconds 
  LargestPossibleRegion: 
    Dimension: 3
    Index: [0, 0, 0]
    Size: [176, 240, 256]
  BufferedRegion: 
    Dimension: 3
    Index: [0, 0, 0]
    Size: [176, 240, 256]
  RequestedRegion: 
    Dimension: 3
    Index: [0, 0, 0]
    Size: [176, 240, 256]
  Spacing: [0.999999, 1, 1]
  Origin: [90.3778, 84.5091, -154.071]
  Direction: 
-0.999391 7.48184e-06 -0.0348969
-7.47664e-06 -1 -2.7953e-07
-0.0348969 -1.84481e-08 0.999391

  IndexToPointMatrix: 
-0.99939 7.48184e-06 -0.0348969
-7.47663e-06 -1 -2.7953e-07
-0.0348968 -1.84481e-08 0.999391

  PointToIndexMatrix: 
-0.999392 -7.47665e-06 -0.0348969
7.48184e-06 -1 -1.84481e-08
-0.0348969 -2.7953e-07 0.999391

  Inverse Direction: 
-0.999391 -7.47664e-06 -0.0348969
7.48184e-06 -1 -1.84481e-08
-0.0348969 -2.7953e-07 0.999391

  PixelContainer: 
    ImportImageContainer (0x42b3b50)
      RTTI typeinfo:   itk::ImportImageContainer<unsigned long, double>
      Reference Count: 1
      Modified Time: 2329
      Debug: Off
      Object Name: 
      Observers: 
        none
      Pointer: 0x14a9916e2010
      Container manages memory: true
      Size: 10813440
      Capacity: 10813440

     Weighting = 1
     Sampling strategy = regular
     Number of bins = 32
     Radius = 4
     Sampling percentage  = 0.25
   Transform = Rigid
     Gradient step = 0.1
     Update field sigma (voxel space) = 0
     Total field sigma (voxel space) = 0
     Update field time sigma = 0
     Total field time sigma  = 0
     Number of time indices = 0
     Number of time point samples = 0
Registration using 1 total stages.

Stage 0
  iterations = 0
  convergence threshold = 1e-06
  convergence window size = 10
  number of levels = 1
  using the Mattes MI metric (number of bins = 32, weight = 1, use gradient filter = 0)
  preprocessing:  winsorizing the image intensities
  Shrink factors (level 1 out of 1): [1, 1, 1]
  smoothing sigmas per level: [0]
  regular sampling (percentage = 0.25)

*** Running Euler3DTransform registration ***

  Elapsed time (stage 0): 1.13008


Total elapsed time: 1.1327
Info [verificarlo]: loaded backend libinterflop_ieee.so
Info [interflop-ieee]: load backend with:
Info [interflop-ieee]: debug = false
Info [interflop-ieee]: debug-binary = false
Info [interflop-ieee]: no-backend-name = false
Info [interflop-ieee]: print-new-line = false
Info [interflop-ieee]: print-subnormal-normalized = false
Info [interflop-ieee]: count-op = false
All_Command_lines_OK
Using double precision for computations.
=============================================================================
The composite transform comprises the following transforms (in order): 
  1. /home/mdugre/scratch/mri-registration-rp/datasets/ds004513/derivatives/mri-registration-rp/0001/antsRegistration-r8-p7/sub-s025/align_Composite.h5[0] (type = Euler3DTransform)
  2. /home/mdugre/scratch/mri-registration-rp/datasets/ds004513/derivatives/mri-registration-rp/0001/antsRegistration-r8-p7/sub-s025/align_Composite.h5[1] (type = Euler3DTransform)
=============================================================================
  number of levels = 4
  fixed image: /templateflow/tpl-MNI152NLin2009cAsym/tpl-MNI152NLin2009cAsym_res-01_desc-brain_T1w.nii.gz
  moving image: /home/mdugre/scratch/mri-registration-rp/datasets/ds004513/derivatives/mri-registration-rp/antsBrainExtraction/sub-s025/BrainExtractionBrain.nii.gz
Dimension = 3
Number of stages = 1
Use histogram matching = false
Winsorize image intensities = true
  Lower quantile = 0.005
  Upper quantile = 0.995


Stage 1 State
   Image metric = MattesMI
     Fixed image = Image (0x4f55530)
  RTTI typeinfo:   itk::Image<double, 3u>
  Reference Count: 2
  Modified Time: 1580
  Debug: Off
  Object Name: 
  Observers: 
    none
  Source: (none)
  Source output name: (none)
  Release Data: Off
  Data Released: False
  Global Release Data: Off
  PipelineMTime: 0
  UpdateMTime: 1189
  RealTimeStamp: 0 seconds 
  LargestPossibleRegion: 
    Dimension: 3
    Index: [0, 0, 0]
    Size: [193, 229, 193]
  BufferedRegion: 
    Dimension: 3
    Index: [0, 0, 0]
    Size: [193, 229, 193]
  RequestedRegion: 
    Dimension: 3
    Index: [0, 0, 0]
    Size: [193, 229, 193]
  Spacing: [1, 1, 1]
  Origin: [96, 132, -78]
  Direction: 
-1 0 0
0 -1 0
0 0 1

  IndexToPointMatrix: 
-1 0 0
0 -1 0
0 0 1

  PointToIndexMatrix: 
-1 0 0
0 -1 0
0 0 1

  Inverse Direction: 
-1 0 0
0 -1 0
0 0 1

  PixelContainer: 
    ImportImageContainer (0x5013d60)
      RTTI typeinfo:   itk::ImportImageContainer<unsigned long, double>
      Reference Count: 1
      Modified Time: 1186
      Debug: Off
      Object Name: 
      Observers: 
        none
      Pointer: 0x14db4ba96010
      Container manages memory: true
      Size: 8530021
      Capacity: 8530021

     Moving image = Image (0x5005f60)
  RTTI typeinfo:   itk::Image<double, 3u>
  Reference Count: 2
  Modified Time: 1581
  Debug: Off
  Object Name: 
  Observers: 
    none
  Source: (none)
  Source output name: (none)
  Release Data: Off
  Data Released: False
  Global Release Data: Off
  PipelineMTime: 0
  UpdateMTime: 1578
  RealTimeStamp: 0 seconds 
  LargestPossibleRegion: 
    Dimension: 3
    Index: [0, 0, 0]
    Size: [176, 240, 256]
  BufferedRegion: 
    Dimension: 3
    Index: [0, 0, 0]
    Size: [176, 240, 256]
  RequestedRegion: 
    Dimension: 3
    Index: [0, 0, 0]
    Size: [176, 240, 256]
  Spacing: [0.999999, 1, 1]
  Origin: [90.3778, 84.5091, -154.071]
  Direction: 
-0.999391 7.48184e-06 -0.0348969
-7.47664e-06 -1 -2.7953e-07
-0.0348969 -1.84481e-08 0.999391

  IndexToPointMatrix: 
-0.99939 7.48184e-06 -0.0348969
-7.47663e-06 -1 -2.7953e-07
-0.0348968 -1.84481e-08 0.999391

  PointToIndexMatrix: 
-0.999392 -7.47665e-06 -0.0348969
7.48184e-06 -1 -1.84481e-08
-0.0348969 -2.7953e-07 0.999391

  Inverse Direction: 
-0.999391 -7.47664e-06 -0.0348969
7.48184e-06 -1 -1.84481e-08
-0.0348969 -2.7953e-07 0.999391

  PixelContainer: 
    ImportImageContainer (0x4ff76d0)
      RTTI typeinfo:   itk::ImportImageContainer<unsigned long, double>
      Reference Count: 1
      Modified Time: 1575
      Debug: Off
      Object Name: 
      Observers: 
        none
      Pointer: 0x14db46815010
      Container manages memory: true
      Size: 10813440
      Capacity: 10813440

     Weighting = 1
     Sampling strategy = regular
     Number of bins = 32
     Radius = 4
     Sampling percentage  = 0.25
   Transform = Rigid
     Gradient step = 0.1
     Update field sigma (voxel space) = 0
     Total field sigma (voxel space) = 0
     Update field time sigma = 0
     Total field time sigma  = 0
     Number of time indices = 0
     Number of time point samples = 0
Registration using 1 total stages.

Stage 0
  iterations = 1000x500x250x100
  convergence threshold = 1e-06
  convergence window size = 10
  number of levels = 4
  using the Mattes MI metric (number of bins = 32, weight = 1, use gradient filter = 0)
  preprocessing:  winsorizing the image intensities
  Shrink factors (level 1 out of 4): [8, 8, 8]
  Shrink factors (level 2 out of 4): [4, 4, 4]
  Shrink factors (level 3 out of 4): [2, 2, 2]
  Shrink factors (level 4 out of 4): [1, 1, 1]
  smoothing sigmas per level: [3, 2, 1, 0]
  regular sampling (percentage = 0.25)

*** Running Euler3DTransform registration ***

DIAGNOSTIC,Iteration,metricValue,convergenceValue,ITERATION_TIME_INDEX,SINCE_LAST
 2DIAGNOSTIC,     1, -5.323241903179e-01, 1.797693134862e+308, 7.2048e-01, 7.2048e-01, 
 2DIAGNOSTIC,     2, -5.346190553927e-01, 1.797693134862e+308, 7.2438e-01, 3.9020e-03, 
 2DIAGNOSTIC,     3, -5.378036555361e-01, 1.797693134862e+308, 7.2795e-01, 3.5720e-03, 
 2DIAGNOSTIC,     4, -5.422949451405e-01, 1.797693134862e+308, 7.3148e-01, 3.5300e-03, 
 2DIAGNOSTIC,     5, -5.486805952477e-01, 1.797693134862e+308, 7.3510e-01, 3.6151e-03, 
 2DIAGNOSTIC,     6, -5.542790085272e-01, 1.797693134862e+308, 7.3878e-01, 3.6778e-03, 
 2DIAGNOSTIC,     7, -5.627123115611e-01, 1.797693134862e+308, 7.4240e-01, 3.6199e-03, 
 2DIAGNOSTIC,     8, -5.766609943856e-01, 1.797693134862e+308, 7.4654e-01, 4.1490e-03, 
 2DIAGNOSTIC,     9, -5.881111419397e-01, 1.797693134862e+308, 7.5030e-01, 3.7599e-03, 
 2DIAGNOSTIC,    10, -6.012927005665e-01, 7.820055967720e-03, 7.5537e-01, 5.0671e-03, 
 2DIAGNOSTIC,    11, -6.192402913588e-01, 8.564422673928e-03, 7.6220e-01, 6.8240e-03, 
 2DIAGNOSTIC,    12, -6.197111897440e-01, 8.513711436487e-03, 7.6601e-01, 3.8168e-03, 
 2DIAGNOSTIC,    13, -6.223136777511e-01, 7.932305190637e-03, 7.6991e-01, 3.8939e-03, 
 2DIAGNOSTIC,    14, -6.239859078534e-01, 6.938967258809e-03, 7.7374e-01, 3.8319e-03, 
 2DIAGNOSTIC,    15, -6.258731029038e-01, 5.722268374548e-03, 7.7759e-01, 3.8519e-03, 
 2DIAGNOSTIC,    16, -6.290042957049e-01, 4.404898010749e-03, 7.8165e-01, 4.0629e-03, 
 2DIAGNOSTIC,    17, -6.327399548199e-01, 3.192249458118e-03, 7.8652e-01, 4.8640e-03, 
 2DIAGNOSTIC,    18, -6.361770329222e-01, 2.298162514752e-03, 7.9140e-01, 4.8819e-03, 
 2DIAGNOSTIC,    19, -6.381920795021e-01, 1.629119691610e-03, 7.9571e-01, 4.3139e-03, 
 2DIAGNOSTIC,    20, -6.414786468688e-01, 1.264281191370e-03, 7.9954e-01, 3.8290e-03, 
 2DIAGNOSTIC,    21, -6.422621311624e-01, 1.244231354805e-03, 8.0340e-01, 3.8600e-03, 
 2DIAGNOSTIC,    22, -6.443386369790e-01, 1.164065699746e-03, 8.0754e-01, 4.1339e-03, 
 2DIAGNOSTIC,    23, -6.458367311093e-01, 1.066297096116e-03, 8.1151e-01, 3.9701e-03, 
 2DIAGNOSTIC,    24, -6.528535016965e-01, 1.047817945454e-03, 8.1599e-01, 4.4889e-03, 
 2DIAGNOSTIC,    25, -6.591704567074e-01, 1.083081269814e-03, 8.2145e-01, 5.4572e-03, 
 2DIAGNOSTIC,    26, -6.605963665943e-01, 1.093549190298e-03, 8.2584e-01, 4.3900e-03, 
 2DIAGNOSTIC,    27, -6.608439804397e-01, 1.070984922067e-03, 8.2971e-01, 3.8722e-03, 
 2DIAGNOSTIC,    28, -6.615671815722e-01, 1.019502608293e-03, 8.3382e-01, 4.1051e-03, 
 2DIAGNOSTIC,    29, -6.628794659627e-01, 9.260608017795e-04, 8.3775e-01, 3.9291e-03, 
 2DIAGNOSTIC,    30, -6.728294591586e-01, 9.537364521719e-04, 8.4333e-01, 5.5780e-03, 
 2DIAGNOSTIC,    31, -6.735478101196e-01, 9.084134579654e-04, 8.4740e-01, 4.0760e-03, 
 2DIAGNOSTIC,    32, -6.743491490281e-01, 8.254105534041e-04, 8.5131e-01, 3.9122e-03, 
 2DIAGNOSTIC,    33, -6.778518222495e-01, 7.396579884248e-04, 8.5548e-01, 4.1621e-03, 
 2DIAGNOSTIC,    34, -6.872953089415e-01, 8.064165244498e-04, 8.6349e-01, 8.0109e-03, 
 2DIAGNOSTIC,    35, -6.877325637423e-01, 8.751647343720e-04, 8.6738e-01, 3.8948e-03, 
 2DIAGNOSTIC,    36, -6.893218241713e-01, 8.964334216324e-04, 8.7127e-01, 3.8838e-03, 
 2DIAGNOSTIC,    37, -6.927387756131e-01, 8.791516269706e-04, 8.7514e-01, 3.8688e-03, 
 2DIAGNOSTIC,    38, -7.010258006864e-01, 8.853736802610e-04, 8.7900e-01, 3.8619e-03, 
 2DIAGNOSTIC,    39, -7.063976678344e-01, 8.771576778960e-04, 8.8289e-01, 3.8970e-03, 
 2DIAGNOSTIC,    40, -7.084278137950e-01, 9.204308897956e-04, 8.8677e-01, 3.8769e-03, 
 2DIAGNOSTIC,    41, -7.161052760546e-01, 9.681919646709e-04, 8.9118e-01, 4.4091e-03, 
 2DIAGNOSTIC,    42, -7.193544052632e-01, 9.622768122117e-04, 8.9656e-01, 5.3821e-03, 
 2DIAGNOSTIC,    43, -7.222500367089e-01, 9.272275240872e-04, 9.0043e-01, 3.8662e-03, 
 2DIAGNOSTIC,    44, -7.286129520078e-01, 9.648525781460e-04, 9.0432e-01, 3.8888e-03, 
 2DIAGNOSTIC,    45, -7.391441598100e-01, 1.015528814034e-03, 9.0825e-01, 3.9289e-03, 
 2DIAGNOSTIC,    46, -7.438714886297e-01, 1.024920501477e-03, 9.1219e-01, 3.9458e-03, 
 2DIAGNOSTIC,    47, -7.510242187095e-01, 1.033260025903e-03, 9.1906e-01, 6.8650e-03, 
 2DIAGNOSTIC,    48, -7.533533465227e-01, 1.038666225956e-03, 9.2339e-01, 4.3380e-03, 
 2DIAGNOSTIC,    49, -7.535109362372e-01, 9.940922008556e-04, 9.2722e-01, 3.8252e-03, 
 2DIAGNOSTIC,    50, -7.537528409196e-01, 8.745299501804e-04, 9.3151e-01, 4.2939e-03, 
 2DIAGNOSTIC,    51, -7.543898395770e-01, 7.468324709398e-04, 9.3533e-01, 3.8118e-03, 
 2DIAGNOSTIC,    52, -7.558775889248e-01, 5.927551900568e-04, 9.3929e-01, 3.9618e-03, 
 2DIAGNOSTIC,    53, -7.576502959739e-01, 4.259703525744e-04, 9.4365e-01, 4.3600e-03, 
 2DIAGNOSTIC,    54, -7.585443655667e-01, 2.819514121622e-04, 9.4841e-01, 4.7660e-03, 
 2DIAGNOSTIC,    55, -7.589413949559e-01, 2.020926879605e-04, 9.5221e-01, 3.7980e-03, 
 2DIAGNOSTIC,    56, -7.598168707169e-01, 1.476783121683e-04, 9.5663e-01, 4.4160e-03, 
 2DIAGNOSTIC,    57, -7.598662517894e-01, 1.344353735300e-04, 9.6050e-01, 3.8688e-03, 
 2DIAGNOSTIC,    58, -7.601908314574e-01, 1.282238801412e-04, 9.6523e-01, 4.7309e-03, 
 2DIAGNOSTIC,    59, -7.598263824244e-01, 1.085768832995e-04, 9.6947e-01, 4.2400e-03, 
 2DIAGNOSTIC,    60, -7.600068980755e-01, 8.250245151714e-05, 9.7326e-01, 3.7880e-03, 
 2DIAGNOSTIC,    61, -7.610190823722e-01, 6.075542730204e-05, 9.7855e-01, 5.2922e-03, 
 2DIAGNOSTIC,    62, -7.618331107251e-01, 4.917765219915e-05, 9.8283e-01, 4.2870e-03, 
 2DIAGNOSTIC,    63, -7.621338809182e-01, 4.705811996043e-05, 9.8756e-01, 4.7269e-03, 
 2DIAGNOSTIC,    64, -7.621061025788e-01, 4.637004860635e-05, 9.9181e-01, 4.2479e-03, 
 2DIAGNOSTIC,    65, -7.619831216706e-01, 4.302304957896e-05, 9.9609e-01, 4.2758e-03, 
 2DIAGNOSTIC,    66, -7.619055233024e-01, 4.065757159042e-05, 9.9987e-01, 3.7820e-03, 
 2DIAGNOSTIC,    67, -7.618318863453e-01, 3.418000092738e-05, 1.0037e+00, 3.8028e-03, 
 2DIAGNOSTIC,    68, -7.618710839869e-01, 2.703075608238e-05, 1.0074e+00, 3.7630e-03, 
 2DIAGNOSTIC,    69, -7.620117982296e-01, 1.631433105019e-05, 1.0113e+00, 3.8261e-03, 
 2DIAGNOSTIC,    70, -7.620257719217e-01, 5.473070663450e-06, 1.0155e+00, 4.2570e-03, 
DIAGNOSTIC,Iteration,metricValue,convergenceValue,ITERATION_TIME_INDEX,SINCE_LAST
 2DIAGNOSTIC,     1, -6.043661366350e-01, 1.797693134862e+308, 1.7661e+00, 7.5059e-01, 
 2DIAGNOSTIC,     2, -6.053089593607e-01, 1.797693134862e+308, 1.7939e+00, 2.7806e-02, 
 2DIAGNOSTIC,     3, -6.065256316703e-01, 1.797693134862e+308, 1.8208e+00, 2.6888e-02, 
 2DIAGNOSTIC,     4, -6.077194685418e-01, 1.797693134862e+308, 1.8479e+00, 2.7069e-02, 
 2DIAGNOSTIC,     5, -6.091202878647e-01, 1.797693134862e+308, 1.8753e+00, 2.7418e-02, 
 2DIAGNOSTIC,     6, -6.103880278156e-01, 1.797693134862e+308, 1.9031e+00, 2.7854e-02, 
 2DIAGNOSTIC,     7, -6.119512984827e-01, 1.797693134862e+308, 1.9307e+00, 2.7570e-02, 
 2DIAGNOSTIC,     8, -6.164421656616e-01, 1.797693134862e+308, 1.9617e+00, 3.0979e-02, 
 2DIAGNOSTIC,     9, -6.175526896191e-01, 1.797693134862e+308, 2.0001e+00, 3.8363e-02, 
 2DIAGNOSTIC,    10, -6.181251362632e-01, 1.566888985012e-03, 2.0279e+00, 2.7870e-02, 
 2DIAGNOSTIC,    11, -6.184872956420e-01, 1.435026754292e-03, 2.0560e+00, 2.8025e-02, 
 2DIAGNOSTIC,    12, -6.188657940284e-01, 1.246952201132e-03, 2.0946e+00, 3.8682e-02, 
 2DIAGNOSTIC,    13, -6.190854803210e-01, 1.024249255717e-03, 2.1220e+00, 2.7383e-02, 
 2DIAGNOSTIC,    14, -6.192095077636e-01, 7.834713657082e-04, 2.1494e+00, 2.7373e-02, 
 2DIAGNOSTIC,    15, -6.196948807890e-01, 5.634657519827e-04, 2.1807e+00, 3.1355e-02, 
 2DIAGNOSTIC,    16, -6.203343623221e-01, 3.751958410777e-04, 2.2232e+00, 4.2498e-02, 
 2DIAGNOSTIC,    17, -6.204078816219e-01, 2.160953410620e-04, 2.2589e+00, 3.5668e-02, 
 2DIAGNOSTIC,    18, -6.204125750413e-01, 1.702555875376e-04, 2.2893e+00, 3.0434e-02, 
 2DIAGNOSTIC,    19, -6.204109595136e-01, 1.406660140301e-04, 2.3209e+00, 3.1536e-02, 
 2DIAGNOSTIC,    20, -6.204079126009e-01, 1.140261709376e-04, 2.3521e+00, 3.1220e-02, 
 2DIAGNOSTIC,    21, -6.204186867364e-01, 8.725909277321e-05, 2.3836e+00, 3.1522e-02, 
 2DIAGNOSTIC,    22, -6.204135778219e-01, 6.275718821507e-05, 2.4126e+00, 2.9007e-02, 
 2DIAGNOSTIC,    23, -6.204226831857e-01, 3.951095858767e-05, 2.4405e+00, 2.7891e-02, 
 2DIAGNOSTIC,    24, -6.204473522815e-01, 1.740275974933e-05, 2.4680e+00, 2.7508e-02, 
 2DIAGNOSTIC,    25, -6.205009192882e-01, 5.175700080094e-06, 2.4956e+00, 2.7538e-02, 
 2DIAGNOSTIC,    26, -6.205718374011e-01, 6.067562596600e-06, 2.5231e+00, 2.7580e-02, 
 2DIAGNOSTIC,    27, -6.206471826769e-01, 8.958758896449e-06, 2.5503e+00, 2.7133e-02, 
 2DIAGNOSTIC,    28, -6.207542996480e-01, 1.274143036760e-05, 2.5782e+00, 2.7871e-02, 
 2DIAGNOSTIC,    29, -6.208771718321e-01, 1.706854108825e-05, 2.6051e+00, 2.6947e-02, 
 2DIAGNOSTIC,    30, -6.210581897830e-01, 2.229025916235e-05, 2.6583e+00, 5.3242e-02, 
 2DIAGNOSTIC,    31, -6.210411495764e-01, 2.502717186563e-05, 2.6898e+00, 3.1484e-02, 
 2DIAGNOSTIC,    32, -6.210106707158e-01, 2.485910287310e-05, 2.7189e+00, 2.9112e-02, 
 2DIAGNOSTIC,    33, -6.210140284206e-01, 2.264260484875e-05, 2.7484e+00, 2.9460e-02, 
 2DIAGNOSTIC,    34, -6.209856583400e-01, 1.840457706008e-05, 2.7799e+00, 3.1511e-02, 
 2DIAGNOSTIC,    35, -6.209602311064e-01, 1.308840059950e-05, 2.8113e+00, 3.1440e-02, 
 2DIAGNOSTIC,    36, -6.209606323564e-01, 7.839632036190e-06, 2.8432e+00, 3.1820e-02, 
 2DIAGNOSTIC,    37, -6.209230588738e-01, 2.698505030298e-06, 2.8748e+00, 3.1625e-02, 
DIAGNOSTIC,Iteration,metricValue,convergenceValue,ITERATION_TIME_INDEX,SINCE_LAST
 2DIAGNOSTIC,     1, -5.343179842679e-01, 1.797693134862e+308, 3.9054e+00, 1.0306e+00, 
 2DIAGNOSTIC,     2, -5.344751877163e-01, 1.797693134862e+308, 4.1195e+00, 2.1414e-01, 
 2DIAGNOSTIC,     3, -5.345565955665e-01, 1.797693134862e+308, 4.3480e+00, 2.2850e-01, 
 2DIAGNOSTIC,     4, -5.345851128842e-01, 1.797693134862e+308, 4.5535e+00, 2.0548e-01, 
 2DIAGNOSTIC,     5, -5.346463527014e-01, 1.797693134862e+308, 4.7555e+00, 2.0202e-01, 
 2DIAGNOSTIC,     6, -5.347979066530e-01, 1.797693134862e+308, 4.9532e+00, 1.9773e-01, 
 2DIAGNOSTIC,     7, -5.350474742538e-01, 1.797693134862e+308, 5.1564e+00, 2.0314e-01, 
 2DIAGNOSTIC,     8, -5.354467393298e-01, 1.797693134862e+308, 5.3549e+00, 1.9848e-01, 
 2DIAGNOSTIC,     9, -5.358482798913e-01, 1.797693134862e+308, 5.7209e+00, 3.6607e-01, 
 2DIAGNOSTIC,    10, -5.359459702274e-01, 1.993982647565e-04, 6.2559e+00, 5.3498e-01, 
 2DIAGNOSTIC,    11, -5.359450489362e-01, 1.953444368744e-04, 6.5212e+00, 2.6531e-01, 
 2DIAGNOSTIC,    12, -5.359431109143e-01, 1.816068050355e-04, 6.7596e+00, 2.3834e-01, 
 2DIAGNOSTIC,    13, -5.359424183056e-01, 1.569163377054e-04, 6.9574e+00, 1.9785e-01, 
 2DIAGNOSTIC,    14, -5.359408966153e-01, 1.225817311434e-04, 7.1904e+00, 2.3301e-01, 
 2DIAGNOSTIC,    15, -5.359416511453e-01, 8.411429967517e-05, 7.4388e+00, 2.4843e-01, 
 2DIAGNOSTIC,    16, -5.359367102797e-01, 4.793392980640e-05, 7.6527e+00, 2.1390e-01, 
 2DIAGNOSTIC,    17, -5.359342706798e-01, 1.935097683601e-05, 7.8728e+00, 2.2003e-01, 
 2DIAGNOSTIC,    18, -5.359339009252e-01, 3.792450776155e-06, 8.0969e+00, 2.2411e-01, 
DIAGNOSTIC,Iteration,metricValue,convergenceValue,ITERATION_TIME_INDEX,SINCE_LAST
 2DIAGNOSTIC,     1, -4.894893116242e-01, 1.797693134862e+308, 1.0940e+01, 2.8435e+00, 
 2DIAGNOSTIC,     2, -4.894918283091e-01, 1.797693134862e+308, 1.2508e+01, 1.5674e+00, 
 2DIAGNOSTIC,     3, -4.894909507813e-01, 1.797693134862e+308, 1.4059e+01, 1.5512e+00, 
 2DIAGNOSTIC,     4, -4.894896197490e-01, 1.797693134862e+308, 1.5958e+01, 1.8990e+00, 
 2DIAGNOSTIC,     5, -4.894897427089e-01, 1.797693134862e+308, 1.7683e+01, 1.7248e+00, 
 2DIAGNOSTIC,     6, -4.894897213687e-01, 1.797693134862e+308, 1.9542e+01, 1.8595e+00, 
 2DIAGNOSTIC,     7, -4.894893550320e-01, 1.797693134862e+308, 2.1633e+01, 2.0904e+00, 
 2DIAGNOSTIC,     8, -4.894893243126e-01, 1.797693134862e+308, 2.3254e+01, 1.6213e+00, 
 2DIAGNOSTIC,     9, -4.894892708713e-01, 1.797693134862e+308, 2.4798e+01, 1.5443e+00, 
 2DIAGNOSTIC,    10, -4.894892294457e-01, 2.972809246854e-06, 2.6415e+01, 1.6170e+00, 
 2DIAGNOSTIC,    11, -4.894889696364e-01, 2.635114764907e-06, 2.8020e+01, 1.6048e+00, 
 2DIAGNOSTIC,    12, -4.894887270571e-01, 2.487892910089e-06, 2.9478e+01, 1.4582e+00, 
 2DIAGNOSTIC,    13, -4.894884412423e-01, 2.328062569598e-06, 3.1252e+01, 1.7738e+00, 
 2DIAGNOSTIC,    14, -4.894885124426e-01, 2.149296603152e-06, 3.2788e+01, 1.5359e+00, 
 2DIAGNOSTIC,    15, -4.894884671705e-01, 2.008128511477e-06, 3.4394e+01, 1.6058e+00, 
 2DIAGNOSTIC,    16, -4.894881030868e-01, 1.881382539051e-06, 3.6011e+01, 1.6177e+00, 
 2DIAGNOSTIC,    17, -4.894881309733e-01, 1.768385703795e-06, 3.7604e+01, 1.5929e+00, 
 2DIAGNOSTIC,    18, -4.894879545808e-01, 1.670640554625e-06, 3.9344e+01, 1.7395e+00, 
 2DIAGNOSTIC,    19, -4.894879070523e-01, 1.588852115167e-06, 4.0940e+01, 1.5964e+00, 
 2DIAGNOSTIC,    20, -4.894878512997e-01, 1.520393780083e-06, 4.2474e+01, 1.5343e+00, 
 2DIAGNOSTIC,    21, -4.894876791437e-01, 1.453291847510e-06, 4.4029e+01, 1.5541e+00, 
 2DIAGNOSTIC,    22, -4.894876345104e-01, 1.390801237684e-06, 4.5579e+01, 1.5505e+00, 
 2DIAGNOSTIC,    23, -4.894875897507e-01, 1.330373412448e-06, 4.6942e+01, 1.3625e+00, 
 2DIAGNOSTIC,    24, -4.894875941386e-01, 1.281673351332e-06, 4.8554e+01, 1.6121e+00, 
 2DIAGNOSTIC,    25, -4.894874393825e-01, 1.236523017034e-06, 4.9990e+01, 1.4367e+00, 
 2DIAGNOSTIC,    26, -4.894875710212e-01, 1.193102782196e-06, 5.1420e+01, 1.4292e+00, 
 2DIAGNOSTIC,    27, -4.894877927666e-01, 1.161117055663e-06, 5.3115e+01, 1.6958e+00, 
 2DIAGNOSTIC,    28, -4.894879970589e-01, 1.133424230353e-06, 5.4633e+01, 1.5171e+00, 
 2DIAGNOSTIC,    29, -4.894879581156e-01, 1.106128438962e-06, 5.6155e+01, 1.5223e+00, 
 2DIAGNOSTIC,    30, -4.894879100160e-01, 1.078019822132e-06, 5.7730e+01, 1.5756e+00, 
 2DIAGNOSTIC,    31, -4.894877746782e-01, 1.044339079714e-06, 5.9113e+01, 1.3821e+00, 
 2DIAGNOSTIC,    32, -4.894877055191e-01, 1.008908628530e-06, 6.0723e+01, 1.6103e+00, 
  Elapsed time (stage 0): 6.1548e+01


Total elapsed time: 6.1550e+01
Info [verificarlo]: loaded backend libinterflop_ieee.so
Info [interflop-ieee]: load backend with:
Info [interflop-ieee]: debug = false
Info [interflop-ieee]: debug-binary = false
Info [interflop-ieee]: no-backend-name = false
Info [interflop-ieee]: print-new-line = false
Info [interflop-ieee]: print-subnormal-normalized = false
Info [interflop-ieee]: count-op = false
All_Command_lines_OK
Using double precision for computations.
=============================================================================
The composite transform comprises the following transforms (in order): 
  1. /home/mdugre/scratch/mri-registration-rp/datasets/ds004513/derivatives/mri-registration-rp/0001/antsRegistration-r8-p7/sub-s025/rigid_Composite.h5[0] (type = Euler3DTransform)
  2. /home/mdugre/scratch/mri-registration-rp/datasets/ds004513/derivatives/mri-registration-rp/0001/antsRegistration-r8-p7/sub-s025/rigid_Composite.h5[1] (type = Euler3DTransform)
  3. /home/mdugre/scratch/mri-registration-rp/datasets/ds004513/derivatives/mri-registration-rp/0001/antsRegistration-r8-p7/sub-s025/rigid_Composite.h5[2] (type = Euler3DTransform)
=============================================================================
  number of levels = 4
  fixed image: /templateflow/tpl-MNI152NLin2009cAsym/tpl-MNI152NLin2009cAsym_res-01_desc-brain_T1w.nii.gz
  moving image: /home/mdugre/scratch/mri-registration-rp/datasets/ds004513/derivatives/mri-registration-rp/antsBrainExtraction/sub-s025/BrainExtractionBrain.nii.gz
Dimension = 3
Number of stages = 1
Use histogram matching = false
Winsorize image intensities = true
  Lower quantile = 0.005
  Upper quantile = 0.995


Stage 1 State
   Image metric = MattesMI
     Fixed image = Image (0x4c5e530)
  RTTI typeinfo:   itk::Image<double, 3u>
  Reference Count: 2
  Modified Time: 1594
  Debug: Off
  Object Name: 
  Observers: 
    none
  Source: (none)
  Source output name: (none)
  Release Data: Off
  Data Released: False
  Global Release Data: Off
  PipelineMTime: 0
  UpdateMTime: 1203
  RealTimeStamp: 0 seconds 
  LargestPossibleRegion: 
    Dimension: 3
    Index: [0, 0, 0]
    Size: [193, 229, 193]
  BufferedRegion: 
    Dimension: 3
    Index: [0, 0, 0]
    Size: [193, 229, 193]
  RequestedRegion: 
    Dimension: 3
    Index: [0, 0, 0]
    Size: [193, 229, 193]
  Spacing: [1, 1, 1]
  Origin: [96, 132, -78]
  Direction: 
-1 0 0
0 -1 0
0 0 1

  IndexToPointMatrix: 
-1 0 0
0 -1 0
0 0 1

  PointToIndexMatrix: 
-1 0 0
0 -1 0
0 0 1

  Inverse Direction: 
-1 0 0
0 -1 0
0 0 1

  PixelContainer: 
    ImportImageContainer (0x4d172a0)
      RTTI typeinfo:   itk::ImportImageContainer<unsigned long, double>
      Reference Count: 1
      Modified Time: 1200
      Debug: Off
      Object Name: 
      Observers: 
        none
      Pointer: 0x14b8f3b1c010
      Container manages memory: true
      Size: 8530021
      Capacity: 8530021

     Moving image = Image (0x4d19e60)
  RTTI typeinfo:   itk::Image<double, 3u>
  Reference Count: 2
  Modified Time: 1595
  Debug: Off
  Object Name: 
  Observers: 
    none
  Source: (none)
  Source output name: (none)
  Release Data: Off
  Data Released: False
  Global Release Data: Off
  PipelineMTime: 0
  UpdateMTime: 1592
  RealTimeStamp: 0 seconds 
  LargestPossibleRegion: 
    Dimension: 3
    Index: [0, 0, 0]
    Size: [176, 240, 256]
  BufferedRegion: 
    Dimension: 3
    Index: [0, 0, 0]
    Size: [176, 240, 256]
  RequestedRegion: 
    Dimension: 3
    Index: [0, 0, 0]
    Size: [176, 240, 256]
  Spacing: [0.999999, 1, 1]
  Origin: [90.3778, 84.5091, -154.071]
  Direction: 
-0.999391 7.48184e-06 -0.0348969
-7.47664e-06 -1 -2.7953e-07
-0.0348969 -1.84481e-08 0.999391

  IndexToPointMatrix: 
-0.99939 7.48184e-06 -0.0348969
-7.47663e-06 -1 -2.7953e-07
-0.0348968 -1.84481e-08 0.999391

  PointToIndexMatrix: 
-0.999392 -7.47665e-06 -0.0348969
7.48184e-06 -1 -1.84481e-08
-0.0348969 -2.7953e-07 0.999391

  Inverse Direction: 
-0.999391 -7.47664e-06 -0.0348969
7.48184e-06 -1 -1.84481e-08
-0.0348969 -2.7953e-07 0.999391

  PixelContainer: 
    ImportImageContainer (0x4d4d390)
      RTTI typeinfo:   itk::ImportImageContainer<unsigned long, double>
      Reference Count: 1
      Modified Time: 1589
      Debug: Off
      Object Name: 
      Observers: 
        none
      Pointer: 0x14b8ee89b010
      Container manages memory: true
      Size: 10813440
      Capacity: 10813440

     Weighting = 1
     Sampling strategy = regular
     Number of bins = 32
     Radius = 4
     Sampling percentage  = 0.25
   Transform = Affine
     Gradient step = 0.1
     Update field sigma (voxel space) = 0
     Total field sigma (voxel space) = 0
     Update field time sigma = 0
     Total field time sigma  = 0
     Number of time indices = 0
     Number of time point samples = 0
Registration using 1 total stages.

Stage 0
  iterations = 1000x500x250x100
  convergence threshold = 1e-06
  convergence window size = 10
  number of levels = 4
  using the Mattes MI metric (number of bins = 32, weight = 1, use gradient filter = 0)
  preprocessing:  winsorizing the image intensities
  Shrink factors (level 1 out of 4): [8, 8, 8]
  Shrink factors (level 2 out of 4): [4, 4, 4]
  Shrink factors (level 3 out of 4): [2, 2, 2]
  Shrink factors (level 4 out of 4): [1, 1, 1]
  smoothing sigmas per level: [3, 2, 1, 0]
  regular sampling (percentage = 0.25)

*** Running AffineTransform registration ***

DIAGNOSTIC,Iteration,metricValue,convergenceValue,ITERATION_TIME_INDEX,SINCE_LAST
 2DIAGNOSTIC,     1, -7.484591138647e-01, 1.797693134862e+308, 7.4520e-01, 7.4520e-01, 
 2DIAGNOSTIC,     2, -7.505875569165e-01, 1.797693134862e+308, 7.4950e-01, 4.3061e-03, 
 2DIAGNOSTIC,     3, -7.545561674682e-01, 1.797693134862e+308, 7.5368e-01, 4.1800e-03, 
 2DIAGNOSTIC,     4, -7.607151893571e-01, 1.797693134862e+308, 7.5782e-01, 4.1380e-03, 
 2DIAGNOSTIC,     5, -7.720848439910e-01, 1.797693134862e+308, 7.6223e-01, 4.4119e-03, 
 2DIAGNOSTIC,     6, -7.959161572662e-01, 1.797693134862e+308, 7.6701e-01, 4.7722e-03, 
 2DIAGNOSTIC,     7, -8.446166829207e-01, 1.797693134862e+308, 7.7152e-01, 4.5171e-03, 
 2DIAGNOSTIC,     8, -8.841721328848e-01, 1.797693134862e+308, 7.7798e-01, 6.4530e-03, 
 2DIAGNOSTIC,     9, -8.902155105649e-01, 1.797693134862e+308, 7.8212e-01, 4.1401e-03, 
 2DIAGNOSTIC,    10, -9.062090543587e-01, 1.451047000332e-02, 7.8646e-01, 4.3480e-03, 
 2DIAGNOSTIC,    11, -9.232305960805e-01, 1.436718464442e-02, 7.9100e-01, 4.5371e-03, 
 2DIAGNOSTIC,    12, -9.292974930902e-01, 1.317005397607e-02, 7.9687e-01, 5.8730e-03, 
 2DIAGNOSTIC,    13, -9.346717807377e-01, 1.123147104061e-02, 8.0260e-01, 5.7211e-03, 
 2DIAGNOSTIC,    14, -9.358490275335e-01, 8.778468801444e-03, 8.0771e-01, 5.1169e-03, 
 2DIAGNOSTIC,    15, -9.364234830802e-01, 6.162408682715e-03, 8.1279e-01, 5.0809e-03, 
 2DIAGNOSTIC,    16, -9.368849821672e-01, 3.823280213900e-03, 8.1846e-01, 5.6620e-03, 
 2DIAGNOSTIC,    17, -9.369989121978e-01, 2.362340650734e-03, 8.2350e-01, 5.0449e-03, 
 2DIAGNOSTIC,    18, -9.371151242233e-01, 1.587423886484e-03, 8.2809e-01, 4.5860e-03, 
 2DIAGNOSTIC,    19, -9.374321584885e-01, 8.603127798906e-04, 8.3264e-01, 4.5512e-03, 
 2DIAGNOSTIC,    20, -9.375653442012e-01, 3.887746958041e-04, 8.3724e-01, 4.6070e-03, 
 2DIAGNOSTIC,    21, -9.377328805413e-01, 1.935035683574e-04, 8.4232e-01, 5.0800e-03, 
 2DIAGNOSTIC,    22, -9.380498991831e-01, 9.123937038166e-05, 8.4826e-01, 5.9330e-03, 
 2DIAGNOSTIC,    23, -9.380603508466e-01, 6.519726199489e-05, 8.5378e-01, 5.5201e-03, 
 2DIAGNOSTIC,    24, -9.378312960455e-01, 4.808922255173e-05, 8.6086e-01, 7.0860e-03, 
 2DIAGNOSTIC,    25, -9.378327739836e-01, 3.542179741670e-05, 8.6592e-01, 5.0581e-03, 
 2DIAGNOSTIC,    26, -9.378372335224e-01, 2.627667277118e-05, 8.7062e-01, 4.7021e-03, 
 2DIAGNOSTIC,    27, -9.376846914769e-01, 1.495544322768e-05, 8.7524e-01, 4.6141e-03, 
 2DIAGNOSTIC,    28, -9.376950859174e-01, 4.626529348628e-06, 8.7991e-01, 4.6740e-03, 
DIAGNOSTIC,Iteration,metricValue,convergenceValue,ITERATION_TIME_INDEX,SINCE_LAST
 2DIAGNOSTIC,     1, -7.504808651789e-01, 1.797693134862e+308, 1.6580e+00, 7.7809e-01, 
 2DIAGNOSTIC,     2, -7.510365056597e-01, 1.797693134862e+308, 1.6899e+00, 3.1932e-02, 
 2DIAGNOSTIC,     3, -7.514986263631e-01, 1.797693134862e+308, 1.7208e+00, 3.0868e-02, 
 2DIAGNOSTIC,     4, -7.521628173185e-01, 1.797693134862e+308, 1.7537e+00, 3.2896e-02, 
 2DIAGNOSTIC,     5, -7.535163490006e-01, 1.797693134862e+308, 1.7866e+00, 3.2933e-02, 
 2DIAGNOSTIC,     6, -7.542497276559e-01, 1.797693134862e+308, 1.8289e+00, 4.2289e-02, 
 2DIAGNOSTIC,     7, -7.544898430427e-01, 1.797693134862e+308, 1.8798e+00, 5.0925e-02, 
 2DIAGNOSTIC,     8, -7.545490897393e-01, 1.797693134862e+308, 1.9149e+00, 3.5070e-02, 
 2DIAGNOSTIC,     9, -7.546159448783e-01, 1.797693134862e+308, 1.9539e+00, 3.8946e-02, 
 2DIAGNOSTIC,    10, -7.546895533882e-01, 4.064044394797e-04, 1.9853e+00, 3.1452e-02, 
 2DIAGNOSTIC,    11, -7.547601318608e-01, 3.032055758296e-04, 2.0205e+00, 3.5197e-02, 
 2DIAGNOSTIC,    12, -7.548038051337e-01, 2.094611443454e-04, 2.0562e+00, 3.5675e-02, 
 2DIAGNOSTIC,    13, -7.548574856184e-01, 1.266869527136e-04, 2.0919e+00, 3.5741e-02, 
 2DIAGNOSTIC,    14, -7.549155172112e-01, 6.318719339338e-05, 2.1361e+00, 4.4155e-02, 
 2DIAGNOSTIC,    15, -7.549186441966e-01, 3.622909999093e-05, 2.1834e+00, 4.7338e-02, 
 2DIAGNOSTIC,    16, -7.548997827932e-01, 2.623345401701e-05, 2.2245e+00, 4.1114e-02, 
 2DIAGNOSTIC,    17, -7.548916254554e-01, 2.034194824607e-05, 2.2580e+00, 3.3467e-02, 
 2DIAGNOSTIC,    18, -7.548553974530e-01, 1.385886184394e-05, 2.2907e+00, 3.2686e-02, 
 2DIAGNOSTIC,    19, -7.548673541675e-01, 8.480418487548e-06, 2.3295e+00, 3.8841e-02, 
 2DIAGNOSTIC,    20, -7.548535361172e-01, 4.102424738271e-06, 2.3682e+00, 3.8710e-02, 
 2DIAGNOSTIC,    21, -7.548511496668e-01, 1.143214277265e-06, 2.4020e+00, 3.3720e-02, 
DIAGNOSTIC,Iteration,metricValue,convergenceValue,ITERATION_TIME_INDEX,SINCE_LAST
 2DIAGNOSTIC,     1, -6.415911707015e-01, 1.797693134862e+308, 3.5330e+00, 1.1311e+00, 
 2DIAGNOSTIC,     2, -6.420341274471e-01, 1.797693134862e+308, 3.8018e+00, 2.6876e-01, 
 2DIAGNOSTIC,     3, -6.425246209832e-01, 1.797693134862e+308, 4.0625e+00, 2.6074e-01, 
 2DIAGNOSTIC,     4, -6.430629022754e-01, 1.797693134862e+308, 4.3208e+00, 2.5832e-01, 
 2DIAGNOSTIC,     5, -6.437921001595e-01, 1.797693134862e+308, 4.6099e+00, 2.8906e-01, 
 2DIAGNOSTIC,     6, -6.448398474987e-01, 1.797693134862e+308, 4.9485e+00, 3.3861e-01, 
 2DIAGNOSTIC,     7, -6.448696411050e-01, 1.797693134862e+308, 5.3769e+00, 4.2839e-01, 
 2DIAGNOSTIC,     8, -6.448717627215e-01, 1.797693134862e+308, 5.7143e+00, 3.3741e-01, 
 2DIAGNOSTIC,     9, -6.448717499960e-01, 1.797693134862e+308, 5.9821e+00, 2.6780e-01, 
 2DIAGNOSTIC,    10, -6.448698447434e-01, 3.750252001312e-04, 6.2771e+00, 2.9502e-01, 
 2DIAGNOSTIC,    11, -6.448712119368e-01, 2.703556002131e-04, 6.5407e+00, 2.6353e-01, 
 2DIAGNOSTIC,    12, -6.448715657307e-01, 1.754766544061e-04, 6.8532e+00, 3.1255e-01, 
 2DIAGNOSTIC,    13, -6.448708441158e-01, 9.658732070826e-05, 7.1174e+00, 2.6419e-01, 
 2DIAGNOSTIC,    14, -6.448688293746e-01, 3.709159746192e-05, 7.3736e+00, 2.5624e-01, 
 2DIAGNOSTIC,    15, -6.448694458267e-01, 2.958115452686e-06, 7.6324e+00, 2.5872e-01, 
 2DIAGNOSTIC,    16, -6.448699876192e-01, 1.901971393298e-06, 7.8953e+00, 2.6291e-01, 
 2DIAGNOSTIC,    17, -6.448676106497e-01, 1.686189752818e-06, 8.1586e+00, 2.6328e-01, 
 2DIAGNOSTIC,    18, -6.448669860995e-01, 1.550882548280e-06, 8.4289e+00, 2.7032e-01, 
 2DIAGNOSTIC,    19, -6.448649310786e-01, 1.404570173003e-06, 8.6577e+00, 2.2878e-01, 
 2DIAGNOSTIC,    20, -6.448648461840e-01, 1.253344460411e-06, 8.8800e+00, 2.2231e-01, 
 2DIAGNOSTIC,    21, -6.448656736790e-01, 1.192346388783e-06, 9.1350e+00, 2.5505e-01, 
 2DIAGNOSTIC,    22, -6.448654796713e-01, 1.170094987644e-06, 9.4268e+00, 2.9178e-01, 
 2DIAGNOSTIC,    23, -6.448651196269e-01, 1.157163004653e-06, 9.6892e+00, 2.6242e-01, 
 2DIAGNOSTIC,    24, -6.448646314286e-01, 1.120747549647e-06, 9.9236e+00, 2.3434e-01, 
 2DIAGNOSTIC,    25, -6.448662057116e-01, 1.144463940839e-06, 1.0176e+01, 2.5268e-01, 
 2DIAGNOSTIC,    26, -6.448623550160e-01, 1.121624860413e-06, 1.0437e+01, 2.6102e-01, 
 2DIAGNOSTIC,    27, -6.448631152529e-01, 1.085608081791e-06, 1.0687e+01, 2.4960e-01, 
 2DIAGNOSTIC,    28, -6.448632959135e-01, 1.054566167294e-06, 1.0937e+01, 2.5047e-01, 
DIAGNOSTIC,Iteration,metricValue,convergenceValue,ITERATION_TIME_INDEX,SINCE_LAST
 2DIAGNOSTIC,     1, -5.761955621369e-01, 1.797693134862e+308, 1.3679e+01, 2.7415e+00, 
 2DIAGNOSTIC,     2, -5.766621575728e-01, 1.797693134862e+308, 1.5452e+01, 1.7732e+00, 
 2DIAGNOSTIC,     3, -5.771805428686e-01, 1.797693134862e+308, 1.7131e+01, 1.6785e+00, 
 2DIAGNOSTIC,     4, -5.777911866635e-01, 1.797693134862e+308, 1.8807e+01, 1.6761e+00, 
 2DIAGNOSTIC,     5, -5.789286496478e-01, 1.797693134862e+308, 2.0765e+01, 1.9582e+00, 
 2DIAGNOSTIC,     6, -5.800574644490e-01, 1.797693134862e+308, 2.4199e+01, 3.4346e+00, 
 2DIAGNOSTIC,     7, -5.800587534448e-01, 1.797693134862e+308, 2.6091e+01, 1.8917e+00, 
 2DIAGNOSTIC,     8, -5.800580167864e-01, 1.797693134862e+308, 2.8866e+01, 2.7747e+00, 
 2DIAGNOSTIC,     9, -5.800578527570e-01, 1.797693134862e+308, 3.0848e+01, 1.9818e+00, 
 2DIAGNOSTIC,    10, -5.800578591790e-01, 4.989246903385e-04, 3.2735e+01, 1.8877e+00, 
 2DIAGNOSTIC,    11, -5.800578239606e-01, 3.612531476074e-04, 3.4424e+01, 1.6886e+00, 
 2DIAGNOSTIC,    12, -5.800577177345e-01, 2.338074045737e-04, 3.6332e+01, 1.9079e+00, 
 2DIAGNOSTIC,    13, -5.800577998585e-01, 1.252645230467e-04, 3.8274e+01, 1.9417e+00, 
 2DIAGNOSTIC,    14, -5.800574971509e-01, 4.183070754368e-05, 4.0127e+01, 1.8535e+00, 
 2DIAGNOSTIC,    15, -5.800574965968e-01, 2.081878756069e-06, 4.1949e+01, 1.8223e+00, 
 2DIAGNOSTIC,    16, -5.800571939156e-01, 1.920213923215e-06, 4.3601e+01, 1.6514e+00, 
 2DIAGNOSTIC,    17, -5.800571461093e-01, 1.820644681683e-06, 4.5435e+01, 1.8347e+00, 
 2DIAGNOSTIC,    18, -5.800573575224e-01, 1.722798081118e-06, 4.7784e+01, 2.3485e+00, 
 2DIAGNOSTIC,    19, -5.800572694244e-01, 1.632847501355e-06, 4.9597e+01, 1.8132e+00, 
 2DIAGNOSTIC,    20, -5.800571647082e-01, 1.553713338043e-06, 5.1254e+01, 1.6570e+00, 
 2DIAGNOSTIC,    21, -5.800569409370e-01, 1.479902341638e-06, 5.3163e+01, 1.9086e+00, 
 2DIAGNOSTIC,    22, -5.800568682240e-01, 1.412204654723e-06, 5.5056e+01, 1.8933e+00, 
 2DIAGNOSTIC,    23, -5.800567748099e-01, 1.353420547447e-06, 5.6951e+01, 1.8948e+00, 
 2DIAGNOSTIC,    24, -5.800565099106e-01, 1.290742958189e-06, 5.8613e+01, 1.6623e+00, 
 2DIAGNOSTIC,    25, -5.800564218053e-01, 1.235109129548e-06, 6.0479e+01, 1.8660e+00, 
