
##########################
# Experiment information #
##########################

EXPERIMENT_NAME: antsRegistration-r8-p13
VFC_BACKENDS: libinterflop_vprec.so --range-binary32=8 --precision-binary32=13 --range-binary64=8 --precision-binary64=13

SIF_IMG: /home/mdugre/projects/rrg-glatard/mdugre/containers/ants-vprec-no_metrics.simg

SUBJECT_ID: s017
INPUT_IMG: /home/mdugre/scratch/mri-registration-rp/datasets/ds004513/derivatives/mri-registration-rp/antsBrainExtraction/sub-s017/BrainExtractionBrain.nii.gz
OUTPUT_DIR: /home/mdugre/scratch/mri-registration-rp/datasets/ds004513/derivatives/mri-registration-rp/0001/antsRegistration-r8-p13/sub-s017

FIXED_IMG: /templateflow/tpl-MNI152NLin2009cAsym/tpl-MNI152NLin2009cAsym_res-01_desc-brain_T1w.nii.gz
DATA_DIR: /home/mdugre/scratch/mri-registration-rp/datasets/ds004513
TEMPLATEFLOW_DIR: /home/mdugre/projects/rrg-glatard/mdugre/templateflow
ITK_GLOBAL_DEFAULT_NUMBER_OF_THREADS: 16
##########################

Info [verificarlo]: loaded backend libinterflop_ieee.so
Info [interflop-ieee]: load backend with:
Info [interflop-ieee]: debug = false
Info [interflop-ieee]: debug-binary = false
Info [interflop-ieee]: no-backend-name = false
Info [interflop-ieee]: print-new-line = false
Info [interflop-ieee]: print-subnormal-normalized = false
Info [interflop-ieee]: count-op = false
All_Command_lines_OK
Using double precision for computations.
=============================================================================
The composite transform comprises the following transforms (in order): 
  1. Center of mass alignment using fixed image: /templateflow/tpl-MNI152NLin2009cAsym/tpl-MNI152NLin2009cAsym_res-01_desc-brain_T1w.nii.gz and moving image: /home/mdugre/scratch/mri-registration-rp/datasets/ds004513/derivatives/mri-registration-rp/antsBrainExtraction/sub-s017/BrainExtractionBrain.nii.gz (type = Euler3DTransform)
=============================================================================
  number of levels = 1
  fixed image: /templateflow/tpl-MNI152NLin2009cAsym/tpl-MNI152NLin2009cAsym_res-01_desc-brain_T1w.nii.gz
  moving image: /home/mdugre/scratch/mri-registration-rp/datasets/ds004513/derivatives/mri-registration-rp/antsBrainExtraction/sub-s017/BrainExtractionBrain.nii.gz
Dimension = 3
Number of stages = 1
Use histogram matching = false
Winsorize image intensities = true
  Lower quantile = 0.005
  Upper quantile = 0.995


Stage 1 State
   Image metric = MattesMI
     Fixed image = Image (0x477de70)
  RTTI typeinfo:   itk::Image<double, 3u>
  Reference Count: 2
  Modified Time: 2334
  Debug: Off
  Object Name: 
  Observers: 
    none
  Source: (none)
  Source output name: (none)
  Release Data: Off
  Data Released: False
  Global Release Data: Off
  PipelineMTime: 0
  UpdateMTime: 1943
  RealTimeStamp: 0 seconds 
  LargestPossibleRegion: 
    Dimension: 3
    Index: [0, 0, 0]
    Size: [193, 229, 193]
  BufferedRegion: 
    Dimension: 3
    Index: [0, 0, 0]
    Size: [193, 229, 193]
  RequestedRegion: 
    Dimension: 3
    Index: [0, 0, 0]
    Size: [193, 229, 193]
  Spacing: [1, 1, 1]
  Origin: [96, 132, -78]
  Direction: 
-1 0 0
0 -1 0
0 0 1

  IndexToPointMatrix: 
-1 0 0
0 -1 0
0 0 1

  PointToIndexMatrix: 
-1 0 0
0 -1 0
0 0 1

  Inverse Direction: 
-1 0 0
0 -1 0
0 0 1

  PixelContainer: 
    ImportImageContainer (0x4786c60)
      RTTI typeinfo:   itk::ImportImageContainer<unsigned long, double>
      Reference Count: 1
      Modified Time: 1940
      Debug: Off
      Object Name: 
      Observers: 
        none
      Pointer: 0x15269dba1010
      Container manages memory: true
      Size: 8530021
      Capacity: 8530021

     Moving image = Image (0x4789610)
  RTTI typeinfo:   itk::Image<double, 3u>
  Reference Count: 2
  Modified Time: 2335
  Debug: Off
  Object Name: 
  Observers: 
    none
  Source: (none)
  Source output name: (none)
  Release Data: Off
  Data Released: False
  Global Release Data: Off
  PipelineMTime: 0
  UpdateMTime: 2332
  RealTimeStamp: 0 seconds 
  LargestPossibleRegion: 
    Dimension: 3
    Index: [0, 0, 0]
    Size: [160, 240, 256]
  BufferedRegion: 
    Dimension: 3
    Index: [0, 0, 0]
    Size: [160, 240, 256]
  RequestedRegion: 
    Dimension: 3
    Index: [0, 0, 0]
    Size: [160, 240, 256]
  Spacing: [1, 1, 1]
  Origin: [91.3357, 102.231, -120.042]
  Direction: 
-0.997442 -5.36781e-05 -0.0714818
5.35416e-05 -1 3.82465e-06
-0.0714818 -1.23894e-08 0.997442

  IndexToPointMatrix: 
-0.997444 -5.36781e-05 -0.0714818
5.35418e-05 -1 3.82465e-06
-0.0714819 -1.23894e-08 0.997442

  PointToIndexMatrix: 
-0.99744 5.35415e-05 -0.0714816
-5.36781e-05 -1 -1.23894e-08
-0.0714818 3.82465e-06 0.997442

  Inverse Direction: 
-0.997442 5.35416e-05 -0.0714818
-5.36781e-05 -1 -1.23894e-08
-0.0714818 3.82465e-06 0.997442

  PixelContainer: 
    ImportImageContainer (0x4822ef0)
      RTTI typeinfo:   itk::ImportImageContainer<unsigned long, double>
      Reference Count: 1
      Modified Time: 2329
      Debug: Off
      Object Name: 
      Observers: 
        none
      Pointer: 0x1526990a0010
      Container manages memory: true
      Size: 9830400
      Capacity: 9830400

     Weighting = 1
     Sampling strategy = regular
     Number of bins = 32
     Radius = 4
     Sampling percentage  = 0.25
   Transform = Rigid
     Gradient step = 0.1
     Update field sigma (voxel space) = 0
     Total field sigma (voxel space) = 0
     Update field time sigma = 0
     Total field time sigma  = 0
     Number of time indices = 0
     Number of time point samples = 0
Registration using 1 total stages.

Stage 0
  iterations = 0
  convergence threshold = 1e-06
  convergence window size = 10
  number of levels = 1
  using the Mattes MI metric (number of bins = 32, weight = 1, use gradient filter = 0)
  preprocessing:  winsorizing the image intensities
  Shrink factors (level 1 out of 1): [1, 1, 1]
  smoothing sigmas per level: [0]
  regular sampling (percentage = 0.25)

*** Running Euler3DTransform registration ***

  Elapsed time (stage 0): 1.10188


Total elapsed time: 1.1041
Info [verificarlo]: loaded backend libinterflop_ieee.so
Info [interflop-ieee]: load backend with:
Info [interflop-ieee]: debug = false
Info [interflop-ieee]: debug-binary = false
Info [interflop-ieee]: no-backend-name = false
Info [interflop-ieee]: print-new-line = false
Info [interflop-ieee]: print-subnormal-normalized = false
Info [interflop-ieee]: count-op = false
All_Command_lines_OK
Using double precision for computations.
=============================================================================
The composite transform comprises the following transforms (in order): 
  1. /home/mdugre/scratch/mri-registration-rp/datasets/ds004513/derivatives/mri-registration-rp/0001/antsRegistration-r8-p13/sub-s017/align_Composite.h5[0] (type = Euler3DTransform)
  2. /home/mdugre/scratch/mri-registration-rp/datasets/ds004513/derivatives/mri-registration-rp/0001/antsRegistration-r8-p13/sub-s017/align_Composite.h5[1] (type = Euler3DTransform)
=============================================================================
  number of levels = 4
  fixed image: /templateflow/tpl-MNI152NLin2009cAsym/tpl-MNI152NLin2009cAsym_res-01_desc-brain_T1w.nii.gz
  moving image: /home/mdugre/scratch/mri-registration-rp/datasets/ds004513/derivatives/mri-registration-rp/antsBrainExtraction/sub-s017/BrainExtractionBrain.nii.gz
Dimension = 3
Number of stages = 1
Use histogram matching = false
Winsorize image intensities = true
  Lower quantile = 0.005
  Upper quantile = 0.995


Stage 1 State
   Image metric = MattesMI
     Fixed image = Image (0x4e18530)
  RTTI typeinfo:   itk::Image<double, 3u>
  Reference Count: 2
  Modified Time: 1580
  Debug: Off
  Object Name: 
  Observers: 
    none
  Source: (none)
  Source output name: (none)
  Release Data: Off
  Data Released: False
  Global Release Data: Off
  PipelineMTime: 0
  UpdateMTime: 1189
  RealTimeStamp: 0 seconds 
  LargestPossibleRegion: 
    Dimension: 3
    Index: [0, 0, 0]
    Size: [193, 229, 193]
  BufferedRegion: 
    Dimension: 3
    Index: [0, 0, 0]
    Size: [193, 229, 193]
  RequestedRegion: 
    Dimension: 3
    Index: [0, 0, 0]
    Size: [193, 229, 193]
  Spacing: [1, 1, 1]
  Origin: [96, 132, -78]
  Direction: 
-1 0 0
0 -1 0
0 0 1

  IndexToPointMatrix: 
-1 0 0
0 -1 0
0 0 1

  PointToIndexMatrix: 
-1 0 0
0 -1 0
0 0 1

  Inverse Direction: 
-1 0 0
0 -1 0
0 0 1

  PixelContainer: 
    ImportImageContainer (0x4ed6d60)
      RTTI typeinfo:   itk::ImportImageContainer<unsigned long, double>
      Reference Count: 1
      Modified Time: 1186
      Debug: Off
      Object Name: 
      Observers: 
        none
      Pointer: 0x1519837c6010
      Container manages memory: true
      Size: 8530021
      Capacity: 8530021

     Moving image = Image (0x4ec8f60)
  RTTI typeinfo:   itk::Image<double, 3u>
  Reference Count: 2
  Modified Time: 1581
  Debug: Off
  Object Name: 
  Observers: 
    none
  Source: (none)
  Source output name: (none)
  Release Data: Off
  Data Released: False
  Global Release Data: Off
  PipelineMTime: 0
  UpdateMTime: 1578
  RealTimeStamp: 0 seconds 
  LargestPossibleRegion: 
    Dimension: 3
    Index: [0, 0, 0]
    Size: [160, 240, 256]
  BufferedRegion: 
    Dimension: 3
    Index: [0, 0, 0]
    Size: [160, 240, 256]
  RequestedRegion: 
    Dimension: 3
    Index: [0, 0, 0]
    Size: [160, 240, 256]
  Spacing: [1, 1, 1]
  Origin: [91.3357, 102.231, -120.042]
  Direction: 
-0.997442 -5.36781e-05 -0.0714818
5.35416e-05 -1 3.82465e-06
-0.0714818 -1.23894e-08 0.997442

  IndexToPointMatrix: 
-0.997444 -5.36781e-05 -0.0714818
5.35418e-05 -1 3.82465e-06
-0.0714819 -1.23894e-08 0.997442

  PointToIndexMatrix: 
-0.99744 5.35415e-05 -0.0714816
-5.36781e-05 -1 -1.23894e-08
-0.0714818 3.82465e-06 0.997442

  Inverse Direction: 
-0.997442 5.35416e-05 -0.0714818
-5.36781e-05 -1 -1.23894e-08
-0.0714818 3.82465e-06 0.997442

  PixelContainer: 
    ImportImageContainer (0x4eba6d0)
      RTTI typeinfo:   itk::ImportImageContainer<unsigned long, double>
      Reference Count: 1
      Modified Time: 1575
      Debug: Off
      Object Name: 
      Observers: 
        none
      Pointer: 0x15197ecc5010
      Container manages memory: true
      Size: 9830400
      Capacity: 9830400

     Weighting = 1
     Sampling strategy = regular
     Number of bins = 32
     Radius = 4
     Sampling percentage  = 0.25
   Transform = Rigid
     Gradient step = 0.1
     Update field sigma (voxel space) = 0
     Total field sigma (voxel space) = 0
     Update field time sigma = 0
     Total field time sigma  = 0
     Number of time indices = 0
     Number of time point samples = 0
Registration using 1 total stages.

Stage 0
  iterations = 1000x500x250x100
  convergence threshold = 1e-06
  convergence window size = 10
  number of levels = 4
  using the Mattes MI metric (number of bins = 32, weight = 1, use gradient filter = 0)
  preprocessing:  winsorizing the image intensities
  Shrink factors (level 1 out of 4): [8, 8, 8]
  Shrink factors (level 2 out of 4): [4, 4, 4]
  Shrink factors (level 3 out of 4): [2, 2, 2]
  Shrink factors (level 4 out of 4): [1, 1, 1]
  smoothing sigmas per level: [3, 2, 1, 0]
  regular sampling (percentage = 0.25)

*** Running Euler3DTransform registration ***

DIAGNOSTIC,Iteration,metricValue,convergenceValue,ITERATION_TIME_INDEX,SINCE_LAST
 2DIAGNOSTIC,     1, -5.567767283252e-01, 1.797693134862e+308, 7.7064e-01, 7.7064e-01, 
 2DIAGNOSTIC,     2, -5.584239703569e-01, 1.797693134862e+308, 7.7698e-01, 6.3472e-03, 
 2DIAGNOSTIC,     3, -5.612715515272e-01, 1.797693134862e+308, 7.8193e-01, 4.9431e-03, 
 2DIAGNOSTIC,     4, -5.637780194106e-01, 1.797693134862e+308, 7.8634e-01, 4.4091e-03, 
 2DIAGNOSTIC,     5, -5.658229214212e-01, 1.797693134862e+308, 7.9068e-01, 4.3461e-03, 
 2DIAGNOSTIC,     6, -5.696445468689e-01, 1.797693134862e+308, 7.9545e-01, 4.7641e-03, 
 2DIAGNOSTIC,     7, -5.734118275242e-01, 1.797693134862e+308, 8.0159e-01, 6.1469e-03, 
 2DIAGNOSTIC,     8, -5.754533484979e-01, 1.797693134862e+308, 8.0813e-01, 6.5370e-03, 
 2DIAGNOSTIC,     9, -5.763021950250e-01, 1.797693134862e+308, 8.1254e-01, 4.4100e-03, 
 2DIAGNOSTIC,    10, -5.771142770255e-01, 2.558085388189e-03, 8.1849e-01, 5.9459e-03, 
 2DIAGNOSTIC,    11, -5.785125587612e-01, 2.176117873031e-03, 8.2306e-01, 4.5729e-03, 
 2DIAGNOSTIC,    12, -5.799413348090e-01, 1.786767970983e-03, 8.2852e-01, 5.4610e-03, 
 2DIAGNOSTIC,    13, -5.809477908980e-01, 1.443124036835e-03, 8.3409e-01, 5.5740e-03, 
 2DIAGNOSTIC,    14, -5.814655964876e-01, 1.127354078216e-03, 8.3865e-01, 4.5581e-03, 
 2DIAGNOSTIC,    15, -5.819093877219e-01, 8.331089413525e-04, 8.4380e-01, 5.1491e-03, 
 2DIAGNOSTIC,    16, -5.822326442998e-01, 6.258215683233e-04, 8.4891e-01, 5.1050e-03, 
 2DIAGNOSTIC,    17, -5.825793599843e-01, 5.040365830239e-04, 8.5357e-01, 4.6670e-03, 
 2DIAGNOSTIC,    18, -5.863713925916e-01, 5.095725576656e-04, 8.5851e-01, 4.9372e-03, 
 2DIAGNOSTIC,    19, -5.901617810168e-01, 5.855607354933e-04, 8.6698e-01, 8.4720e-03, 
 2DIAGNOSTIC,    20, -5.906016223817e-01, 6.286272500348e-04, 8.7269e-01, 5.7111e-03, 
 2DIAGNOSTIC,    21, -5.907365705867e-01, 6.467002963886e-04, 8.7780e-01, 5.1029e-03, 
 2DIAGNOSTIC,    22, -5.906256574995e-01, 6.330265936436e-04, 8.8294e-01, 5.1479e-03, 
 2DIAGNOSTIC,    23, -5.906307681712e-01, 5.816453055235e-04, 8.8754e-01, 4.5938e-03, 
 2DIAGNOSTIC,    24, -5.905636622011e-01, 4.878472529277e-04, 8.9214e-01, 4.6020e-03, 
 2DIAGNOSTIC,    25, -5.906024985371e-01, 3.662279784007e-04, 8.9723e-01, 5.0881e-03, 
 2DIAGNOSTIC,    26, -5.906025304325e-01, 2.276984665110e-04, 9.0201e-01, 4.7770e-03, 
 2DIAGNOSTIC,    27, -5.906211320575e-01, 8.394584288993e-05, 9.0666e-01, 4.6520e-03, 
 2DIAGNOSTIC,    28, -5.908796758314e-01, 1.198925031302e-05, 9.1117e-01, 4.5161e-03, 
 2DIAGNOSTIC,    29, -5.911411552396e-01, 1.217108543326e-05, 9.1627e-01, 5.0919e-03, 
 2DIAGNOSTIC,    30, -5.915241330964e-01, 2.456301684593e-05, 9.2311e-01, 6.8419e-03, 
 2DIAGNOSTIC,    31, -5.916229825991e-01, 3.758205305962e-05, 9.2764e-01, 4.5328e-03, 
 2DIAGNOSTIC,    32, -5.916651208816e-01, 4.532975448605e-05, 9.3216e-01, 4.5149e-03, 
 2DIAGNOSTIC,    33, -5.916874987632e-01, 4.885284293944e-05, 9.3705e-01, 4.8940e-03, 
 2DIAGNOSTIC,    34, -5.917053822200e-01, 4.682712858080e-05, 9.4223e-01, 5.1789e-03, 
 2DIAGNOSTIC,    35, -5.917390904868e-01, 4.153275816782e-05, 9.5487e-01, 1.2638e-02, 
 2DIAGNOSTIC,    36, -5.917390912695e-01, 3.272086429001e-05, 9.5967e-01, 4.8020e-03, 
 2DIAGNOSTIC,    37, -5.917391070342e-01, 2.163060314604e-05, 9.6440e-01, 4.7350e-03, 
 2DIAGNOSTIC,    38, -5.917391330930e-01, 1.245673595280e-05, 9.6891e-01, 4.5049e-03, 
 2DIAGNOSTIC,    39, -5.917391754735e-01, 5.801896391173e-06, 9.7367e-01, 4.7650e-03, 
 2DIAGNOSTIC,    40, -5.917392424312e-01, 3.643428655904e-06, 9.7846e-01, 4.7920e-03, 
 2DIAGNOSTIC,    41, -5.917393428829e-01, 2.487109301560e-06, 9.8299e-01, 4.5230e-03, 
 2DIAGNOSTIC,    42, -5.917394845335e-01, 1.715730319207e-06, 9.8748e-01, 4.4959e-03, 
 2DIAGNOSTIC,    43, -5.917396625587e-01, 1.144189315763e-06, 9.9201e-01, 4.5309e-03, 
DIAGNOSTIC,Iteration,metricValue,convergenceValue,ITERATION_TIME_INDEX,SINCE_LAST
 2DIAGNOSTIC,     1, -4.784004501431e-01, 1.797693134862e+308, 1.8224e+00, 8.3037e-01, 
 2DIAGNOSTIC,     2, -4.783999131501e-01, 1.797693134862e+308, 1.8552e+00, 3.2848e-02, 
 2DIAGNOSTIC,     3, -4.784190365438e-01, 1.797693134862e+308, 1.8910e+00, 3.5741e-02, 
 2DIAGNOSTIC,     4, -4.785028756523e-01, 1.797693134862e+308, 1.9224e+00, 3.1373e-02, 
 2DIAGNOSTIC,     5, -4.786647485443e-01, 1.797693134862e+308, 1.9568e+00, 3.4474e-02, 
 2DIAGNOSTIC,     6, -4.788099932972e-01, 1.797693134862e+308, 1.9932e+00, 3.6384e-02, 
 2DIAGNOSTIC,     7, -4.794645847233e-01, 1.797693134862e+308, 2.0308e+00, 3.7592e-02, 
 2DIAGNOSTIC,     8, -4.813619171770e-01, 1.797693134862e+308, 2.0771e+00, 4.6341e-02, 
 2DIAGNOSTIC,     9, -4.817935635334e-01, 1.797693134862e+308, 2.1126e+00, 3.5449e-02, 
 2DIAGNOSTIC,    10, -4.822647496860e-01, 5.583367502056e-04, 2.1434e+00, 3.0850e-02, 
 2DIAGNOSTIC,    11, -4.831344909909e-01, 6.366384572089e-04, 2.1798e+00, 3.6360e-02, 
 2DIAGNOSTIC,    12, -4.835768992637e-01, 6.653898035128e-04, 2.2316e+00, 5.1843e-02, 
 2DIAGNOSTIC,    13, -4.835677565338e-01, 6.290342969662e-04, 2.2686e+00, 3.7003e-02, 
 2DIAGNOSTIC,    14, -4.835733047855e-01, 5.452729208870e-04, 2.3101e+00, 4.1409e-02, 
 2DIAGNOSTIC,    15, -4.835701547267e-01, 4.305772097298e-04, 2.3432e+00, 3.3103e-02, 
 2DIAGNOSTIC,    16, -4.835566913021e-01, 2.956272805494e-04, 2.3759e+00, 3.2709e-02, 
 2DIAGNOSTIC,    17, -4.835523104101e-01, 1.703980276526e-04, 2.4061e+00, 3.0263e-02, 
 2DIAGNOSTIC,    18, -4.835483887842e-01, 1.058854947214e-04, 2.4350e+00, 2.8859e-02, 
 2DIAGNOSTIC,    19, -4.835469915477e-01, 5.203914181588e-05, 2.4670e+00, 3.2055e-02, 
 2DIAGNOSTIC,    20, -4.835401827380e-01, 1.204163291591e-05, 2.5021e+00, 3.5054e-02, 
DIAGNOSTIC,Iteration,metricValue,convergenceValue,ITERATION_TIME_INDEX,SINCE_LAST
 2DIAGNOSTIC,     1, -4.161561167864e-01, 1.797693134862e+308, 3.7345e+00, 1.2324e+00, 
 2DIAGNOSTIC,     2, -4.161756893440e-01, 1.797693134862e+308, 4.0471e+00, 3.1258e-01, 
 2DIAGNOSTIC,     3, -4.161696114511e-01, 1.797693134862e+308, 4.2992e+00, 2.5208e-01, 
 2DIAGNOSTIC,     4, -4.161681503555e-01, 1.797693134862e+308, 4.6709e+00, 3.7178e-01, 
 2DIAGNOSTIC,     5, -4.161678896605e-01, 1.797693134862e+308, 4.9294e+00, 2.5842e-01, 
 2DIAGNOSTIC,     6, -4.161669123587e-01, 1.797693134862e+308, 5.2076e+00, 2.7822e-01, 
 2DIAGNOSTIC,     7, -4.161667485646e-01, 1.797693134862e+308, 5.4777e+00, 2.7009e-01, 
 2DIAGNOSTIC,     8, -4.161656816018e-01, 1.797693134862e+308, 5.6995e+00, 2.2179e-01, 
 2DIAGNOSTIC,     9, -4.161650043541e-01, 1.797693134862e+308, 5.9457e+00, 2.4620e-01, 
 2DIAGNOSTIC,    10, -4.161655463817e-01, 2.943366703256e-06, 6.3053e+00, 3.5964e-01, 
 2DIAGNOSTIC,    11, -4.161636420997e-01, 1.720591511087e-06, 6.5819e+00, 2.7664e-01, 
 2DIAGNOSTIC,    12, -4.161624970811e-01, 1.867462472147e-06, 6.8404e+00, 2.5851e-01, 
 2DIAGNOSTIC,    13, -4.161615819747e-01, 1.698398055569e-06, 7.1077e+00, 2.6728e-01, 
 2DIAGNOSTIC,    14, -4.161624603299e-01, 1.592444845488e-06, 7.3635e+00, 2.5582e-01, 
 2DIAGNOSTIC,    15, -4.161620529818e-01, 1.530180442411e-06, 7.6166e+00, 2.5306e-01, 
 2DIAGNOSTIC,    16, -4.161603835110e-01, 1.417836925949e-06, 7.8485e+00, 2.3193e-01, 
 2DIAGNOSTIC,    17, -4.161625251485e-01, 1.455414130588e-06, 8.1704e+00, 3.2192e-01, 
 2DIAGNOSTIC,    18, -4.161617349629e-01, 1.453854874524e-06, 8.4369e+00, 2.6647e-01, 
 2DIAGNOSTIC,    19, -4.161656140597e-01, 1.594928514675e-06, 8.7643e+00, 3.2743e-01, 
 2DIAGNOSTIC,    20, -4.161678254535e-01, 1.821576340495e-06, 9.2209e+00, 4.5652e-01, 
 2DIAGNOSTIC,    21, -4.161672172264e-01, 1.924327036537e-06, 9.5248e+00, 3.0393e-01, 
 2DIAGNOSTIC,    22, -4.161665846128e-01, 1.927748317795e-06, 9.7632e+00, 2.3838e-01, 
 2DIAGNOSTIC,    23, -4.161660793970e-01, 1.843028039863e-06, 1.0063e+01, 3.0010e-01, 
 2DIAGNOSTIC,    24, -4.161655365538e-01, 1.730448873485e-06, 1.0289e+01, 2.2551e-01, 
 2DIAGNOSTIC,    25, -4.161651834951e-01, 1.568353737817e-06, 1.0533e+01, 2.4380e-01, 
 2DIAGNOSTIC,    26, -4.161660037669e-01, 1.368374529589e-06, 1.0805e+01, 2.7259e-01, 
 2DIAGNOSTIC,    27, -4.161651045499e-01, 1.203105045817e-06, 1.1036e+01, 2.3124e-01, 
 2DIAGNOSTIC,    28, -4.161679884901e-01, 1.097088633273e-06, 1.1332e+01, 2.9591e-01, 
 2DIAGNOSTIC,    29, -4.161710849650e-01, 1.162831204389e-06, 1.1633e+01, 3.0022e-01, 
 2DIAGNOSTIC,    30, -4.161703640307e-01, 1.250475677637e-06, 1.1916e+01, 2.8302e-01, 
 2DIAGNOSTIC,    31, -4.161708142914e-01, 1.313167796023e-06, 1.2161e+01, 2.4566e-01, 
 2DIAGNOSTIC,    32, -4.161710089268e-01, 1.336085257923e-06, 1.2379e+01, 2.1746e-01, 
 2DIAGNOSTIC,    33, -4.161749613452e-01, 1.395595227466e-06, 1.2658e+01, 2.7883e-01, 
 2DIAGNOSTIC,    34, -4.161777487510e-01, 1.452526303580e-06, 1.2892e+01, 2.3465e-01, 
 2DIAGNOSTIC,    35, -4.161792220186e-01, 1.478601735650e-06, 1.3195e+01, 3.0237e-01, 
 2DIAGNOSTIC,    36, -4.161806859657e-01, 1.495439455126e-06, 1.3458e+01, 2.6336e-01, 
 2DIAGNOSTIC,    37, -4.161791778434e-01, 1.407680713276e-06, 1.3691e+01, 2.3273e-01, 
 2DIAGNOSTIC,    38, -4.161838486876e-01, 1.406626926291e-06, 1.4010e+01, 3.1899e-01, 
 2DIAGNOSTIC,    39, -4.161849953111e-01, 1.422742233647e-06, 1.4336e+01, 3.2647e-01, 
 2DIAGNOSTIC,    40, -4.161860914901e-01, 1.386764689124e-06, 1.4740e+01, 4.0393e-01, 
 2DIAGNOSTIC,    41, -4.161854987587e-01, 1.295749624573e-06, 1.5025e+01, 2.8536e-01, 
 2DIAGNOSTIC,    42, -4.161840259999e-01, 1.138573378096e-06, 1.5329e+01, 3.0378e-01, 
 2DIAGNOSTIC,    43, -4.161834049870e-01, 1.004201856794e-06, 1.5585e+01, 2.5574e-01, 
DIAGNOSTIC,Iteration,metricValue,convergenceValue,ITERATION_TIME_INDEX,SINCE_LAST
 2DIAGNOSTIC,     1, -3.834265912407e-01, 1.797693134862e+308, 1.8410e+01, 2.8249e+00, 
 2DIAGNOSTIC,     2, -3.834925053399e-01, 1.797693134862e+308, 2.0045e+01, 1.6355e+00, 
 2DIAGNOSTIC,     3, -3.834978116536e-01, 1.797693134862e+308, 2.1779e+01, 1.7337e+00, 
 2DIAGNOSTIC,     4, -3.835004127772e-01, 1.797693134862e+308, 2.3407e+01, 1.6280e+00, 
 2DIAGNOSTIC,     5, -3.835019582531e-01, 1.797693134862e+308, 2.4949e+01, 1.5415e+00, 
 2DIAGNOSTIC,     6, -3.835049957443e-01, 1.797693134862e+308, 2.6875e+01, 1.9267e+00, 
 2DIAGNOSTIC,     7, -3.835058343736e-01, 1.797693134862e+308, 2.8661e+01, 1.7857e+00, 
 2DIAGNOSTIC,     8, -3.835066498266e-01, 1.797693134862e+308, 3.0660e+01, 1.9992e+00, 
 2DIAGNOSTIC,     9, -3.835062955333e-01, 1.797693134862e+308, 3.2482e+01, 1.8220e+00, 
 2DIAGNOSTIC,    10, -3.835063109007e-01, 1.066660651232e-05, 3.4163e+01, 1.6807e+00, 
 2DIAGNOSTIC,    11, -3.835061571801e-01, 4.747040034586e-06, 3.6418e+01, 2.2556e+00, 
 2DIAGNOSTIC,    12, -3.835060832660e-01, 3.706200108172e-06, 3.7765e+01, 1.3462e+00, 
 2DIAGNOSTIC,    13, -3.835060190731e-01, 3.027825809354e-06, 3.9399e+01, 1.6340e+00, 
 2DIAGNOSTIC,    14, -3.835058638489e-01, 2.523466931775e-06, 4.1048e+01, 1.6493e+00, 
 2DIAGNOSTIC,    15, -3.835058006974e-01, 2.133709173943e-06, 4.2661e+01, 1.6134e+00, 
 2DIAGNOSTIC,    16, -3.835056463981e-01, 1.924177695886e-06, 4.4681e+01, 2.0192e+00, 
 2DIAGNOSTIC,    17, -3.835054775138e-01, 1.773328547991e-06, 4.6260e+01, 1.5799e+00, 
 2DIAGNOSTIC,    18, -3.835053086132e-01, 1.675385372060e-06, 4.7656e+01, 1.3952e+00, 
 2DIAGNOSTIC,    19, -3.835051448154e-01, 1.576051813605e-06, 4.9119e+01, 1.4632e+00, 
 2DIAGNOSTIC,    20, -3.835051658776e-01, 1.497295069743e-06, 5.0622e+01, 1.5030e+00, 
 2DIAGNOSTIC,    21, -3.835053779585e-01, 1.436675310752e-06, 5.2158e+01, 1.5359e+00, 
 2DIAGNOSTIC,    22, -3.835055901424e-01, 1.393331719592e-06, 5.3742e+01, 1.5848e+00, 
 2DIAGNOSTIC,    23, -3.835055251016e-01, 1.354581541387e-06, 5.5373e+01, 1.6307e+00, 
 2DIAGNOSTIC,    24, -3.835054518295e-01, 1.314933129735e-06, 5.7030e+01, 1.6566e+00, 
 2DIAGNOSTIC,    25, -3.835053813435e-01, 1.275595340071e-06, 5.8766e+01, 1.7359e+00, 
 2DIAGNOSTIC,    26, -3.835053141629e-01, 1.232550093405e-06, 6.0225e+01, 1.4589e+00, 
 2DIAGNOSTIC,    27, -3.835053494687e-01, 1.188143190958e-06, 6.1670e+01, 1.4450e+00, 
 2DIAGNOSTIC,    28, -3.835054089365e-01, 1.143229095710e-06, 6.3345e+01, 1.6759e+00, 
 2DIAGNOSTIC,    29, -3.835055814690e-01, 1.101082724303e-06, 6.4783e+01, 1.4378e+00, 
 2DIAGNOSTIC,    30, -3.835053714653e-01, 1.056523022153e-06, 6.6881e+01, 2.0979e+00, 
 2DIAGNOSTIC,    31, -3.835053052300e-01, 1.018740036218e-06, 6.8570e+01, 1.6887e+00, 
  Elapsed time (stage 0): 6.9458e+01


Total elapsed time: 6.9461e+01
Info [verificarlo]: loaded backend libinterflop_ieee.so
Info [interflop-ieee]: load backend with:
Info [interflop-ieee]: debug = false
Info [interflop-ieee]: debug-binary = false
Info [interflop-ieee]: no-backend-name = false
Info [interflop-ieee]: print-new-line = false
Info [interflop-ieee]: print-subnormal-normalized = false
Info [interflop-ieee]: count-op = false
All_Command_lines_OK
Using double precision for computations.
=============================================================================
The composite transform comprises the following transforms (in order): 
  1. /home/mdugre/scratch/mri-registration-rp/datasets/ds004513/derivatives/mri-registration-rp/0001/antsRegistration-r8-p13/sub-s017/rigid_Composite.h5[0] (type = Euler3DTransform)
  2. /home/mdugre/scratch/mri-registration-rp/datasets/ds004513/derivatives/mri-registration-rp/0001/antsRegistration-r8-p13/sub-s017/rigid_Composite.h5[1] (type = Euler3DTransform)
  3. /home/mdugre/scratch/mri-registration-rp/datasets/ds004513/derivatives/mri-registration-rp/0001/antsRegistration-r8-p13/sub-s017/rigid_Composite.h5[2] (type = Euler3DTransform)
=============================================================================
  number of levels = 4
  fixed image: /templateflow/tpl-MNI152NLin2009cAsym/tpl-MNI152NLin2009cAsym_res-01_desc-brain_T1w.nii.gz
  moving image: /home/mdugre/scratch/mri-registration-rp/datasets/ds004513/derivatives/mri-registration-rp/antsBrainExtraction/sub-s017/BrainExtractionBrain.nii.gz
Dimension = 3
Number of stages = 1
Use histogram matching = false
Winsorize image intensities = true
  Lower quantile = 0.005
  Upper quantile = 0.995


Stage 1 State
   Image metric = MattesMI
     Fixed image = Image (0x515f7e0)
  RTTI typeinfo:   itk::Image<double, 3u>
  Reference Count: 2
  Modified Time: 1594
  Debug: Off
  Object Name: 
  Observers: 
    none
  Source: (none)
  Source output name: (none)
  Release Data: Off
  Data Released: False
  Global Release Data: Off
  PipelineMTime: 0
  UpdateMTime: 1203
  RealTimeStamp: 0 seconds 
  LargestPossibleRegion: 
    Dimension: 3
    Index: [0, 0, 0]
    Size: [193, 229, 193]
  BufferedRegion: 
    Dimension: 3
    Index: [0, 0, 0]
    Size: [193, 229, 193]
  RequestedRegion: 
    Dimension: 3
    Index: [0, 0, 0]
    Size: [193, 229, 193]
  Spacing: [1, 1, 1]
  Origin: [96, 132, -78]
  Direction: 
-1 0 0
0 -1 0
0 0 1

  IndexToPointMatrix: 
-1 0 0
0 -1 0
0 0 1

  PointToIndexMatrix: 
-1 0 0
0 -1 0
0 0 1

  Inverse Direction: 
-1 0 0
0 -1 0
0 0 1

  PixelContainer: 
    ImportImageContainer (0x521fa20)
      RTTI typeinfo:   itk::ImportImageContainer<unsigned long, double>
      Reference Count: 1
      Modified Time: 1200
      Debug: Off
      Object Name: 
      Observers: 
        none
      Pointer: 0x14a25c357010
      Container manages memory: true
      Size: 8530021
      Capacity: 8530021

     Moving image = Image (0x521ad70)
  RTTI typeinfo:   itk::Image<double, 3u>
  Reference Count: 2
  Modified Time: 1595
  Debug: Off
  Object Name: 
  Observers: 
    none
  Source: (none)
  Source output name: (none)
  Release Data: Off
  Data Released: False
  Global Release Data: Off
  PipelineMTime: 0
  UpdateMTime: 1592
  RealTimeStamp: 0 seconds 
  LargestPossibleRegion: 
    Dimension: 3
    Index: [0, 0, 0]
    Size: [160, 240, 256]
  BufferedRegion: 
    Dimension: 3
    Index: [0, 0, 0]
    Size: [160, 240, 256]
  RequestedRegion: 
    Dimension: 3
    Index: [0, 0, 0]
    Size: [160, 240, 256]
  Spacing: [1, 1, 1]
  Origin: [91.3357, 102.231, -120.042]
  Direction: 
-0.997442 -5.36781e-05 -0.0714818
5.35416e-05 -1 3.82465e-06
-0.0714818 -1.23894e-08 0.997442

  IndexToPointMatrix: 
-0.997444 -5.36781e-05 -0.0714818
5.35418e-05 -1 3.82465e-06
-0.0714819 -1.23894e-08 0.997442

  PointToIndexMatrix: 
-0.99744 5.35415e-05 -0.0714816
-5.36781e-05 -1 -1.23894e-08
-0.0714818 3.82465e-06 0.997442

  Inverse Direction: 
-0.997442 5.35416e-05 -0.0714818
-5.36781e-05 -1 -1.23894e-08
-0.0714818 3.82465e-06 0.997442

  PixelContainer: 
    ImportImageContainer (0x51d2c90)
      RTTI typeinfo:   itk::ImportImageContainer<unsigned long, double>
      Reference Count: 1
      Modified Time: 1589
      Debug: Off
      Object Name: 
      Observers: 
        none
      Pointer: 0x14a257856010
      Container manages memory: true
      Size: 9830400
      Capacity: 9830400

     Weighting = 1
     Sampling strategy = regular
     Number of bins = 32
     Radius = 4
     Sampling percentage  = 0.25
   Transform = Affine
     Gradient step = 0.1
     Update field sigma (voxel space) = 0
     Total field sigma (voxel space) = 0
     Update field time sigma = 0
     Total field time sigma  = 0
     Number of time indices = 0
     Number of time point samples = 0
Registration using 1 total stages.

Stage 0
  iterations = 1000x500x250x100
  convergence threshold = 1e-06
  convergence window size = 10
  number of levels = 4
  using the Mattes MI metric (number of bins = 32, weight = 1, use gradient filter = 0)
  preprocessing:  winsorizing the image intensities
  Shrink factors (level 1 out of 4): [8, 8, 8]
  Shrink factors (level 2 out of 4): [4, 4, 4]
  Shrink factors (level 3 out of 4): [2, 2, 2]
  Shrink factors (level 4 out of 4): [1, 1, 1]
  smoothing sigmas per level: [3, 2, 1, 0]
  regular sampling (percentage = 0.25)

*** Running AffineTransform registration ***

DIAGNOSTIC,Iteration,metricValue,convergenceValue,ITERATION_TIME_INDEX,SINCE_LAST
 2DIAGNOSTIC,     1, -5.806290998318e-01, 1.797693134862e+308, 7.6660e-01, 7.6660e-01, 
 2DIAGNOSTIC,     2, -5.832407507823e-01, 1.797693134862e+308, 7.7113e-01, 4.5328e-03, 
 2DIAGNOSTIC,     3, -5.883921006507e-01, 1.797693134862e+308, 7.7586e-01, 4.7290e-03, 
 2DIAGNOSTIC,     4, -5.973582021756e-01, 1.797693134862e+308, 7.8050e-01, 4.6382e-03, 
 2DIAGNOSTIC,     5, -6.166279649698e-01, 1.797693134862e+308, 7.8500e-01, 4.5030e-03, 
 2DIAGNOSTIC,     6, -6.406440241308e-01, 1.797693134862e+308, 7.8963e-01, 4.6310e-03, 
 2DIAGNOSTIC,     7, -7.009864244888e-01, 1.797693134862e+308, 7.9447e-01, 4.8401e-03, 
 2DIAGNOSTIC,     8, -7.630482497483e-01, 1.797693134862e+308, 7.9933e-01, 4.8561e-03, 
 2DIAGNOSTIC,     9, -8.423469026388e-01, 1.797693134862e+308, 8.0673e-01, 7.3981e-03, 
 2DIAGNOSTIC,    10, -8.569694544317e-01, 2.845116123237e-02, 8.1190e-01, 5.1780e-03, 
 2DIAGNOSTIC,    11, -8.701917118779e-01, 2.871708890963e-02, 8.1773e-01, 5.8250e-03, 
 2DIAGNOSTIC,    12, -8.814645616550e-01, 2.683607374091e-02, 8.2634e-01, 8.6131e-03, 
 2DIAGNOSTIC,    13, -8.822368120670e-01, 2.307206288416e-02, 8.3143e-01, 5.0890e-03, 
 2DIAGNOSTIC,    14, -8.834458721917e-01, 1.815384148170e-02, 8.3648e-01, 5.0449e-03, 
 2DIAGNOSTIC,    15, -8.851322803850e-01, 1.292532934803e-02, 8.4152e-01, 5.0471e-03, 
 2DIAGNOSTIC,    16, -8.870480810646e-01, 7.902435153492e-03, 8.4657e-01, 5.0509e-03, 
 2DIAGNOSTIC,    17, -8.886777820438e-01, 4.189413233467e-03, 8.5264e-01, 6.0658e-03, 
 2DIAGNOSTIC,    18, -8.889448811818e-01, 1.810422445032e-03, 8.5898e-01, 6.3419e-03, 
 2DIAGNOSTIC,    19, -8.890594324925e-01, 1.083853154863e-03, 8.6461e-01, 5.6241e-03, 
 2DIAGNOSTIC,    20, -8.887882563140e-01, 5.969783299379e-04, 8.7012e-01, 5.5099e-03, 
 2DIAGNOSTIC,    21, -8.886098617035e-01, 3.264824832188e-04, 8.7720e-01, 7.0829e-03, 
 2DIAGNOSTIC,    22, -8.885249833813e-01, 2.361096465261e-04, 8.8270e-01, 5.5010e-03, 
 2DIAGNOSTIC,    23, -8.882875304135e-01, 1.410432896091e-04, 8.8825e-01, 5.5509e-03, 
 2DIAGNOSTIC,    24, -8.882052346473e-01, 5.851496583153e-05, 8.9330e-01, 5.0461e-03, 
DIAGNOSTIC,Iteration,metricValue,convergenceValue,ITERATION_TIME_INDEX,SINCE_LAST
 2DIAGNOSTIC,     1, -7.469015880544e-01, 1.797693134862e+308, 1.6422e+00, 7.4887e-01, 
 2DIAGNOSTIC,     2, -7.476337611142e-01, 1.797693134862e+308, 1.6774e+00, 3.5241e-02, 
 2DIAGNOSTIC,     3, -7.481984149858e-01, 1.797693134862e+308, 1.7184e+00, 4.1014e-02, 
 2DIAGNOSTIC,     4, -7.485348957472e-01, 1.797693134862e+308, 1.7663e+00, 4.7827e-02, 
 2DIAGNOSTIC,     5, -7.488723349712e-01, 1.797693134862e+308, 1.8092e+00, 4.2913e-02, 
 2DIAGNOSTIC,     6, -7.493028719276e-01, 1.797693134862e+308, 1.8523e+00, 4.3124e-02, 
 2DIAGNOSTIC,     7, -7.498240981950e-01, 1.797693134862e+308, 1.8991e+00, 4.6811e-02, 
 2DIAGNOSTIC,     8, -7.499189038589e-01, 1.797693134862e+308, 1.9374e+00, 3.8345e-02, 
 2DIAGNOSTIC,     9, -7.503981903809e-01, 1.797693134862e+308, 1.9880e+00, 5.0557e-02, 
 2DIAGNOSTIC,    10, -7.505578656988e-01, 3.049238775371e-04, 2.0366e+00, 4.8642e-02, 
 2DIAGNOSTIC,    11, -7.505341234070e-01, 2.389539854900e-04, 2.0889e+00, 5.2300e-02, 
 2DIAGNOSTIC,    12, -7.505061914531e-01, 1.848758103984e-04, 2.1380e+00, 4.9100e-02, 
 2DIAGNOSTIC,    13, -7.505141121540e-01, 1.393602359222e-04, 2.1874e+00, 4.9329e-02, 
 2DIAGNOSTIC,    14, -7.505102733347e-01, 9.677096614108e-05, 2.2419e+00, 5.4502e-02, 
 2DIAGNOSTIC,    15, -7.505029863258e-01, 5.935599068176e-05, 2.2946e+00, 5.2727e-02, 
 2DIAGNOSTIC,    16, -7.504912485879e-01, 3.116311155561e-05, 2.3435e+00, 4.8923e-02, 
 2DIAGNOSTIC,    17, -7.504804689215e-01, 1.513171557588e-05, 2.3832e+00, 3.9647e-02, 
 2DIAGNOSTIC,    18, -7.504860793028e-01, 1.517276538993e-06, 2.4283e+00, 4.5145e-02, 
DIAGNOSTIC,Iteration,metricValue,convergenceValue,ITERATION_TIME_INDEX,SINCE_LAST
 2DIAGNOSTIC,     1, -6.294116116350e-01, 1.797693134862e+308, 3.6577e+00, 1.2293e+00, 
 2DIAGNOSTIC,     2, -6.299274338177e-01, 1.797693134862e+308, 3.9691e+00, 3.1149e-01, 
 2DIAGNOSTIC,     3, -6.304606937915e-01, 1.797693134862e+308, 4.2680e+00, 2.9886e-01, 
 2DIAGNOSTIC,     4, -6.311440983509e-01, 1.797693134862e+308, 4.5438e+00, 2.7580e-01, 
 2DIAGNOSTIC,     5, -6.319613521804e-01, 1.797693134862e+308, 4.8898e+00, 3.4595e-01, 
 2DIAGNOSTIC,     6, -6.326508620364e-01, 1.797693134862e+308, 5.4781e+00, 5.8831e-01, 
 2DIAGNOSTIC,     7, -6.326442432513e-01, 1.797693134862e+308, 5.9121e+00, 4.3408e-01, 
 2DIAGNOSTIC,     8, -6.326421031031e-01, 1.797693134862e+308, 6.2276e+00, 3.1541e-01, 
 2DIAGNOSTIC,     9, -6.326413591154e-01, 1.797693134862e+308, 6.5847e+00, 3.5716e-01, 
 2DIAGNOSTIC,    10, -6.326405357354e-01, 3.607193979208e-04, 6.9741e+00, 3.8938e-01, 
 2DIAGNOSTIC,    11, -6.326380581788e-01, 2.475998200218e-04, 7.3432e+00, 3.6910e-01, 
 2DIAGNOSTIC,    12, -6.326382569398e-01, 1.509095277294e-04, 7.6960e+00, 3.5284e-01, 
 2DIAGNOSTIC,    13, -6.326371997630e-01, 7.419551595382e-05, 8.0759e+00, 3.7983e-01, 
 2DIAGNOSTIC,    14, -6.326376014187e-01, 2.341665098236e-05, 8.4284e+00, 3.5250e-01, 
 2DIAGNOSTIC,    15, -6.326364677040e-01, 1.358505507351e-06, 8.7258e+00, 2.9739e-01, 
 2DIAGNOSTIC,    16, -6.326355131034e-01, 1.489403108706e-06, 9.0107e+00, 2.8489e-01, 
 2DIAGNOSTIC,    17, -6.326348604264e-01, 1.460469394650e-06, 9.3453e+00, 3.3460e-01, 
 2DIAGNOSTIC,    18, -6.326337610144e-01, 1.391313802834e-06, 9.6803e+00, 3.3503e-01, 
 2DIAGNOSTIC,    19, -6.326327162386e-01, 1.322246913661e-06, 9.9644e+00, 2.8407e-01, 
 2DIAGNOSTIC,    20, -6.326305165132e-01, 1.226844925192e-06, 1.0281e+01, 3.1680e-01, 
 2DIAGNOSTIC,    21, -6.326298186213e-01, 1.107474652692e-06, 1.0598e+01, 3.1730e-01, 
 2DIAGNOSTIC,    22, -6.326281933388e-01, 1.008190661719e-06, 1.0873e+01, 2.7487e-01, 
DIAGNOSTIC,Iteration,metricValue,convergenceValue,ITERATION_TIME_INDEX,SINCE_LAST
 2DIAGNOSTIC,     1, -5.634463075975e-01, 1.797693134862e+308, 1.3930e+01, 3.0565e+00, 
 2DIAGNOSTIC,     2, -5.639251011270e-01, 1.797693134862e+308, 1.6084e+01, 2.1542e+00, 
 2DIAGNOSTIC,     3, -5.643935837425e-01, 1.797693134862e+308, 1.8056e+01, 1.9720e+00, 
 2DIAGNOSTIC,     4, -5.653421953327e-01, 1.797693134862e+308, 2.0307e+01, 2.2511e+00, 
 2DIAGNOSTIC,     5, -5.666806065110e-01, 1.797693134862e+308, 2.3373e+01, 3.0662e+00, 
 2DIAGNOSTIC,     6, -5.666792430099e-01, 1.797693134862e+308, 2.6199e+01, 2.8261e+00, 
 2DIAGNOSTIC,     7, -5.666802859519e-01, 1.797693134862e+308, 2.8263e+01, 2.0638e+00, 
 2DIAGNOSTIC,     8, -5.666795106795e-01, 1.797693134862e+308, 3.1241e+01, 2.9780e+00, 
 2DIAGNOSTIC,     9, -5.666795766825e-01, 1.797693134862e+308, 3.3400e+01, 2.1588e+00, 
 2DIAGNOSTIC,    10, -5.666796416472e-01, 3.985164256155e-04, 3.5451e+01, 2.0507e+00, 
 2DIAGNOSTIC,    11, -5.666794187039e-01, 2.627330447463e-04, 3.7331e+01, 1.8802e+00, 
 2DIAGNOSTIC,    12, -5.666792579207e-01, 1.471799168721e-04, 4.0233e+01, 2.9022e+00, 
 2DIAGNOSTIC,    13, -5.666791432956e-01, 5.404465699756e-05, 4.2242e+01, 2.0093e+00, 
 2DIAGNOSTIC,    14, -5.666788142972e-01, 2.180436513247e-06, 4.4428e+01, 2.1861e+00, 
 2DIAGNOSTIC,    15, -5.666786345102e-01, 2.044812745600e-06, 4.6349e+01, 1.9206e+00, 
 2DIAGNOSTIC,    16, -5.666784406940e-01, 1.883377060738e-06, 4.8421e+01, 2.0719e+00, 
 2DIAGNOSTIC,    17, -5.666782192481e-01, 1.775819749951e-06, 5.0441e+01, 2.0199e+00, 
 2DIAGNOSTIC,    18, -5.666781617212e-01, 1.665981639087e-06, 5.2357e+01, 1.9162e+00, 
 2DIAGNOSTIC,    19, -5.666781675230e-01, 1.579023671039e-06, 5.4394e+01, 2.0369e+00, 
 2DIAGNOSTIC,    20, -5.666780902246e-01, 1.509520772547e-06, 5.6380e+01, 1.9861e+00, 
 2DIAGNOSTIC,    21, -5.666781620781e-01, 1.450794974087e-06, 5.8623e+01, 2.2429e+00, 
 2DIAGNOSTIC,    22, -5.666778348985e-01, 1.392324060941e-06, 6.0835e+01, 2.2123e+00, 
 2DIAGNOSTIC,    23, -5.666778896994e-01, 1.343076982845e-06, 6.2826e+01, 1.9905e+00, 
 2DIAGNOSTIC,    24, -5.666777808112e-01, 1.292522428142e-06, 6.4673e+01, 1.8469e+00, 
 2DIAGNOSTIC,    25, -5.666776997870e-01, 1.243983629502e-06, 6.6589e+01, 1.9167e+00, 
 2DIAGNOSTIC,    26, -5.666778150879e-01, 1.200572362935e-06, 6.8396e+01, 1.8067e+00, 
 2DIAGNOSTIC,    27, -5.666780100575e-01, 1.162106945396e-06, 7.0130e+01, 1.7341e+00, 
 2DIAGNOSTIC,    28, -5.666783398795e-01, 1.132768599990e-06, 7.2103e+01, 1.9725e+00, 
 2DIAGNOSTIC,    29, -5.666785833013e-01, 1.110048255044e-06, 7.4337e+01, 2.2338e+00, 
 2DIAGNOSTIC,    30, -5.666785279686e-01, 1.085381833160e-06, 7.7484e+01, 3.1477e+00, 
 2DIAGNOSTIC,    31, -5.666785784197e-01, 1.062228344423e-06, 7.9576e+01, 2.0915e+00, 
 2DIAGNOSTIC,    32, -5.666783519674e-01, 1.028358801725e-06, 8.1747e+01, 2.1708e+00, 
  Elapsed time (stage 0): 8.3067e+01


Total elapsed time: 8.3069e+01
Info [verificarlo]: loaded backend libinterflop_vprec.so
Info [interflop-vprec]: load backend with: 
Info [interflop-vprec]: precision-binary32 = 13
Info [interflop-vprec]: range-binary32 = 8
Info [interflop-vprec]: precision-binary64 = 13
Info [interflop-vprec]: range-binary64 = 8
Info [interflop-vprec]: mode = ob
Info [interflop-vprec]: error-mode = rel
Info [interflop-vprec]: max-abs-error-exponent = -1022
Info [interflop-vprec]: daz = false
Info [interflop-vprec]: ftz = false
Info [interflop-vprec]: 	instrument = none
Info [interflop-vprec]: 	prec-input-file = (null)
Info [interflop-vprec]: 	prec-output-file = (null)
Info [interflop-vprec]: 	prec-log-file = (null)
All_Command_lines_OK
Using double precision for computations.
=============================================================================
The composite transform comprises the following transforms (in order): 
  1. /home/mdugre/scratch/mri-registration-rp/datasets/ds004513/derivatives/mri-registration-rp/0001/antsRegistration-r8-p13/sub-s017/affine_Composite.h5[0] (type = Euler3DTransform)
  2. /home/mdugre/scratch/mri-registration-rp/datasets/ds004513/derivatives/mri-registration-rp/0001/antsRegistration-r8-p13/sub-s017/affine_Composite.h5[1] (type = Euler3DTransform)
  3. /home/mdugre/scratch/mri-registration-rp/datasets/ds004513/derivatives/mri-registration-rp/0001/antsRegistration-r8-p13/sub-s017/affine_Composite.h5[2] (type = Euler3DTransform)
  4. /home/mdugre/scratch/mri-registration-rp/datasets/ds004513/derivatives/mri-registration-rp/0001/antsRegistration-r8-p13/sub-s017/affine_Composite.h5[3] (type = AffineTransform)
=============================================================================
  number of levels = 4
  fixed image: /templateflow/tpl-MNI152NLin2009cAsym/tpl-MNI152NLin2009cAsym_res-01_desc-brain_T1w.nii.gz
  moving image: /home/mdugre/scratch/mri-registration-rp/datasets/ds004513/derivatives/mri-registration-rp/antsBrainExtraction/sub-s017/BrainExtractionBrain.nii.gz
Dimension = 3
Number of stages = 1
Use histogram matching = false
Winsorize image intensities = true
  Lower quantile = 0.005
  Upper quantile = 0.995


Stage 1 State
   Image metric = CC
     Fixed image = Image (0x453c6f0)
