
##########################
# Experiment information #
##########################

EXPERIMENT_NAME: antsRegistration-r8-p12
VFC_BACKENDS: libinterflop_vprec.so --range-binary32=8 --precision-binary32=12 --range-binary64=8 --precision-binary64=12

SIF_IMG: /home/mdugre/projects/rrg-glatard/mdugre/containers/ants-vprec-no_metrics.simg

SUBJECT_ID: s032
INPUT_IMG: /home/mdugre/scratch/mri-registration-rp/datasets/ds004513/derivatives/mri-registration-rp/antsBrainExtraction/sub-s032/BrainExtractionBrain.nii.gz
OUTPUT_DIR: /home/mdugre/scratch/mri-registration-rp/datasets/ds004513/derivatives/mri-registration-rp/0001/antsRegistration-r8-p12/sub-s032

FIXED_IMG: /templateflow/tpl-MNI152NLin2009cAsym/tpl-MNI152NLin2009cAsym_res-01_desc-brain_T1w.nii.gz
DATA_DIR: /home/mdugre/scratch/mri-registration-rp/datasets/ds004513
TEMPLATEFLOW_DIR: /home/mdugre/projects/rrg-glatard/mdugre/templateflow
ITK_GLOBAL_DEFAULT_NUMBER_OF_THREADS: 16
##########################

Info [verificarlo]: loaded backend libinterflop_ieee.so
Info [interflop-ieee]: load backend with:
Info [interflop-ieee]: debug = false
Info [interflop-ieee]: debug-binary = false
Info [interflop-ieee]: no-backend-name = false
Info [interflop-ieee]: print-new-line = false
Info [interflop-ieee]: print-subnormal-normalized = false
Info [interflop-ieee]: count-op = false
All_Command_lines_OK
Using double precision for computations.
=============================================================================
The composite transform comprises the following transforms (in order): 
  1. Center of mass alignment using fixed image: /templateflow/tpl-MNI152NLin2009cAsym/tpl-MNI152NLin2009cAsym_res-01_desc-brain_T1w.nii.gz and moving image: /home/mdugre/scratch/mri-registration-rp/datasets/ds004513/derivatives/mri-registration-rp/antsBrainExtraction/sub-s032/BrainExtractionBrain.nii.gz (type = Euler3DTransform)
=============================================================================
  number of levels = 1
  fixed image: /templateflow/tpl-MNI152NLin2009cAsym/tpl-MNI152NLin2009cAsym_res-01_desc-brain_T1w.nii.gz
  moving image: /home/mdugre/scratch/mri-registration-rp/datasets/ds004513/derivatives/mri-registration-rp/antsBrainExtraction/sub-s032/BrainExtractionBrain.nii.gz
Dimension = 3
Number of stages = 1
Use histogram matching = false
Winsorize image intensities = true
  Lower quantile = 0.005
  Upper quantile = 0.995


Stage 1 State
   Image metric = MattesMI
     Fixed image = Image (0x40ace70)
  RTTI typeinfo:   itk::Image<double, 3u>
  Reference Count: 2
  Modified Time: 2330
  Debug: Off
  Object Name: 
  Observers: 
    none
  Source: (none)
  Source output name: (none)
  Release Data: Off
  Data Released: False
  Global Release Data: Off
  PipelineMTime: 0
  UpdateMTime: 1941
  RealTimeStamp: 0 seconds 
  LargestPossibleRegion: 
    Dimension: 3
    Index: [0, 0, 0]
    Size: [193, 229, 193]
  BufferedRegion: 
    Dimension: 3
    Index: [0, 0, 0]
    Size: [193, 229, 193]
  RequestedRegion: 
    Dimension: 3
    Index: [0, 0, 0]
    Size: [193, 229, 193]
  Spacing: [1, 1, 1]
  Origin: [96, 132, -78]
  Direction: 
-1 0 0
0 -1 0
0 0 1

  IndexToPointMatrix: 
-1 0 0
0 -1 0
0 0 1

  PointToIndexMatrix: 
-1 0 0
0 -1 0
0 0 1

  Inverse Direction: 
-1 0 0
0 -1 0
0 0 1

  PixelContainer: 
    ImportImageContainer (0x40b5c60)
      RTTI typeinfo:   itk::ImportImageContainer<unsigned long, double>
      Reference Count: 1
      Modified Time: 1938
      Debug: Off
      Object Name: 
      Observers: 
        none
      Pointer: 0x149b1de18010
      Container manages memory: true
      Size: 8530021
      Capacity: 8530021

     Moving image = Image (0x4149ec0)
  RTTI typeinfo:   itk::Image<double, 3u>
  Reference Count: 2
  Modified Time: 2331
  Debug: Off
  Object Name: 
  Observers: 
    none
  Source: (none)
  Source output name: (none)
  Release Data: Off
  Data Released: False
  Global Release Data: Off
  PipelineMTime: 0
  UpdateMTime: 2328
  RealTimeStamp: 0 seconds 
  LargestPossibleRegion: 
    Dimension: 3
    Index: [0, 0, 0]
    Size: [160, 240, 256]
  BufferedRegion: 
    Dimension: 3
    Index: [0, 0, 0]
    Size: [160, 240, 256]
  RequestedRegion: 
    Dimension: 3
    Index: [0, 0, 0]
    Size: [160, 240, 256]
  Spacing: [1, 1, 1]
  Origin: [73.279, 104.707, -131.187]
  Direction: 
-0.997527 0.0645574 -0.0278053
-0.0645323 -0.997914 -0.00179875
-0.0278634 4.01097e-08 0.999612

  IndexToPointMatrix: 
-0.997527 0.0645574 -0.0278053
-0.0645323 -0.997914 -0.00179875
-0.0278634 4.01097e-08 0.999612

  PointToIndexMatrix: 
-0.997527 -0.0645323 -0.0278634
0.0645574 -0.997914 4.01049e-08
-0.0278053 -0.00179875 0.999612

  Inverse Direction: 
-0.997527 -0.0645323 -0.0278634
0.0645574 -0.997914 4.01049e-08
-0.0278053 -0.00179875 0.999612

  PixelContainer: 
    ImportImageContainer (0x41e1610)
      RTTI typeinfo:   itk::ImportImageContainer<unsigned long, double>
      Reference Count: 1
      Modified Time: 2325
      Debug: Off
      Object Name: 
      Observers: 
        none
      Pointer: 0x149b19317010
      Container manages memory: true
      Size: 9830400
      Capacity: 9830400

     Weighting = 1
     Sampling strategy = regular
     Number of bins = 32
     Radius = 4
     Sampling percentage  = 0.25
   Transform = Rigid
     Gradient step = 0.1
     Update field sigma (voxel space) = 0
     Total field sigma (voxel space) = 0
     Update field time sigma = 0
     Total field time sigma  = 0
     Number of time indices = 0
     Number of time point samples = 0
Registration using 1 total stages.

Stage 0
  iterations = 0
  convergence threshold = 1e-06
  convergence window size = 10
  number of levels = 1
  using the Mattes MI metric (number of bins = 32, weight = 1, use gradient filter = 0)
  preprocessing:  winsorizing the image intensities
  Shrink factors (level 1 out of 1): [1, 1, 1]
  smoothing sigmas per level: [0]
  regular sampling (percentage = 0.25)

*** Running Euler3DTransform registration ***

  Elapsed time (stage 0): 1.12058


Total elapsed time: 1.12269
Info [verificarlo]: loaded backend libinterflop_ieee.so
Info [interflop-ieee]: load backend with:
Info [interflop-ieee]: debug = false
Info [interflop-ieee]: debug-binary = false
Info [interflop-ieee]: no-backend-name = false
Info [interflop-ieee]: print-new-line = false
Info [interflop-ieee]: print-subnormal-normalized = false
Info [interflop-ieee]: count-op = false
All_Command_lines_OK
Using double precision for computations.
=============================================================================
The composite transform comprises the following transforms (in order): 
  1. /home/mdugre/scratch/mri-registration-rp/datasets/ds004513/derivatives/mri-registration-rp/0001/antsRegistration-r8-p12/sub-s032/align_Composite.h5[0] (type = Euler3DTransform)
  2. /home/mdugre/scratch/mri-registration-rp/datasets/ds004513/derivatives/mri-registration-rp/0001/antsRegistration-r8-p12/sub-s032/align_Composite.h5[1] (type = Euler3DTransform)
=============================================================================
  number of levels = 4
  fixed image: /templateflow/tpl-MNI152NLin2009cAsym/tpl-MNI152NLin2009cAsym_res-01_desc-brain_T1w.nii.gz
  moving image: /home/mdugre/scratch/mri-registration-rp/datasets/ds004513/derivatives/mri-registration-rp/antsBrainExtraction/sub-s032/BrainExtractionBrain.nii.gz
Dimension = 3
Number of stages = 1
Use histogram matching = false
Winsorize image intensities = true
  Lower quantile = 0.005
  Upper quantile = 0.995


Stage 1 State
   Image metric = MattesMI
     Fixed image = Image (0x51a8530)
  RTTI typeinfo:   itk::Image<double, 3u>
  Reference Count: 2
  Modified Time: 1578
  Debug: Off
  Object Name: 
  Observers: 
    none
  Source: (none)
  Source output name: (none)
  Release Data: Off
  Data Released: False
  Global Release Data: Off
  PipelineMTime: 0
  UpdateMTime: 1189
  RealTimeStamp: 0 seconds 
  LargestPossibleRegion: 
    Dimension: 3
    Index: [0, 0, 0]
    Size: [193, 229, 193]
  BufferedRegion: 
    Dimension: 3
    Index: [0, 0, 0]
    Size: [193, 229, 193]
  RequestedRegion: 
    Dimension: 3
    Index: [0, 0, 0]
    Size: [193, 229, 193]
  Spacing: [1, 1, 1]
  Origin: [96, 132, -78]
  Direction: 
-1 0 0
0 -1 0
0 0 1

  IndexToPointMatrix: 
-1 0 0
0 -1 0
0 0 1

  PointToIndexMatrix: 
-1 0 0
0 -1 0
0 0 1

  Inverse Direction: 
-1 0 0
0 -1 0
0 0 1

  PixelContainer: 
    ImportImageContainer (0x5266d60)
      RTTI typeinfo:   itk::ImportImageContainer<unsigned long, double>
      Reference Count: 1
      Modified Time: 1186
      Debug: Off
      Object Name: 
      Observers: 
        none
      Pointer: 0x14c652233010
      Container manages memory: true
      Size: 8530021
      Capacity: 8530021

     Moving image = Image (0x5258f60)
  RTTI typeinfo:   itk::Image<double, 3u>
  Reference Count: 2
  Modified Time: 1579
  Debug: Off
  Object Name: 
  Observers: 
    none
  Source: (none)
  Source output name: (none)
  Release Data: Off
  Data Released: False
  Global Release Data: Off
  PipelineMTime: 0
  UpdateMTime: 1576
  RealTimeStamp: 0 seconds 
  LargestPossibleRegion: 
    Dimension: 3
    Index: [0, 0, 0]
    Size: [160, 240, 256]
  BufferedRegion: 
    Dimension: 3
    Index: [0, 0, 0]
    Size: [160, 240, 256]
  RequestedRegion: 
    Dimension: 3
    Index: [0, 0, 0]
    Size: [160, 240, 256]
  Spacing: [1, 1, 1]
  Origin: [73.279, 104.707, -131.187]
  Direction: 
-0.997527 0.0645574 -0.0278053
-0.0645323 -0.997914 -0.00179875
-0.0278634 4.01097e-08 0.999612

  IndexToPointMatrix: 
-0.997527 0.0645574 -0.0278053
-0.0645323 -0.997914 -0.00179875
-0.0278634 4.01097e-08 0.999612

  PointToIndexMatrix: 
-0.997527 -0.0645323 -0.0278634
0.0645574 -0.997914 4.01049e-08
-0.0278053 -0.00179875 0.999612

  Inverse Direction: 
-0.997527 -0.0645323 -0.0278634
0.0645574 -0.997914 4.01049e-08
-0.0278053 -0.00179875 0.999612

  PixelContainer: 
    ImportImageContainer (0x524a6d0)
      RTTI typeinfo:   itk::ImportImageContainer<unsigned long, double>
      Reference Count: 1
      Modified Time: 1573
      Debug: Off
      Object Name: 
      Observers: 
        none
      Pointer: 0x14c64d732010
      Container manages memory: true
      Size: 9830400
      Capacity: 9830400

     Weighting = 1
     Sampling strategy = regular
     Number of bins = 32
     Radius = 4
     Sampling percentage  = 0.25
   Transform = Rigid
     Gradient step = 0.1
     Update field sigma (voxel space) = 0
     Total field sigma (voxel space) = 0
     Update field time sigma = 0
     Total field time sigma  = 0
     Number of time indices = 0
     Number of time point samples = 0
Registration using 1 total stages.

Stage 0
  iterations = 1000x500x250x100
  convergence threshold = 1e-06
  convergence window size = 10
  number of levels = 4
  using the Mattes MI metric (number of bins = 32, weight = 1, use gradient filter = 0)
  preprocessing:  winsorizing the image intensities
  Shrink factors (level 1 out of 4): [8, 8, 8]
  Shrink factors (level 2 out of 4): [4, 4, 4]
  Shrink factors (level 3 out of 4): [2, 2, 2]
  Shrink factors (level 4 out of 4): [1, 1, 1]
  smoothing sigmas per level: [3, 2, 1, 0]
  regular sampling (percentage = 0.25)

*** Running Euler3DTransform registration ***

DIAGNOSTIC,Iteration,metricValue,convergenceValue,ITERATION_TIME_INDEX,SINCE_LAST
 2DIAGNOSTIC,     1, -5.480496989617e-01, 1.797693134862e+308, 7.6487e-01, 7.6487e-01, 
 2DIAGNOSTIC,     2, -5.506811078454e-01, 1.797693134862e+308, 7.6890e-01, 4.0300e-03, 
 2DIAGNOSTIC,     3, -5.546514955662e-01, 1.797693134862e+308, 7.7305e-01, 4.1440e-03, 
 2DIAGNOSTIC,     4, -5.606863537750e-01, 1.797693134862e+308, 7.7702e-01, 3.9721e-03, 
 2DIAGNOSTIC,     5, -5.693661845193e-01, 1.797693134862e+308, 7.8106e-01, 4.0429e-03, 
 2DIAGNOSTIC,     6, -5.854078830086e-01, 1.797693134862e+308, 7.8501e-01, 3.9480e-03, 
 2DIAGNOSTIC,     7, -6.232769732918e-01, 1.797693134862e+308, 7.8893e-01, 3.9170e-03, 
 2DIAGNOSTIC,     8, -6.297683730473e-01, 1.797693134862e+308, 7.9329e-01, 4.3581e-03, 
 2DIAGNOSTIC,     9, -6.366738733405e-01, 1.797693134862e+308, 8.0008e-01, 6.7968e-03, 
 2DIAGNOSTIC,    10, -6.375630690827e-01, 1.201760866083e-02, 8.0408e-01, 3.9961e-03, 
 2DIAGNOSTIC,    11, -6.405337628679e-01, 1.087684809450e-02, 8.0801e-01, 3.9351e-03, 
 2DIAGNOSTIC,    12, -6.435528997438e-01, 9.167753354490e-03, 8.1261e-01, 4.5950e-03, 
 2DIAGNOSTIC,    13, -6.444720921444e-01, 7.089498731847e-03, 8.1655e-01, 3.9380e-03, 
 2DIAGNOSTIC,    14, -6.463616611293e-01, 4.967892496988e-03, 8.2097e-01, 4.4248e-03, 
 2DIAGNOSTIC,    15, -6.484646963404e-01, 3.033020789043e-03, 8.2794e-01, 6.9671e-03, 
 2DIAGNOSTIC,    16, -6.486009987994e-01, 1.520386367320e-03, 8.3190e-01, 3.9589e-03, 
 2DIAGNOSTIC,    17, -6.493699344760e-01, 1.108203205204e-03, 8.3583e-01, 3.9299e-03, 
 2DIAGNOSTIC,    18, -6.514578195065e-01, 8.586162135985e-04, 8.3975e-01, 3.9239e-03, 
 2DIAGNOSTIC,    19, -6.526592717406e-01, 7.533650369804e-04, 8.4398e-01, 4.2322e-03, 
 2DIAGNOSTIC,    20, -6.536191777189e-01, 6.303067369293e-04, 8.4780e-01, 3.8180e-03, 
 2DIAGNOSTIC,    21, -6.549162298979e-01, 5.534292205380e-04, 8.5174e-01, 3.9430e-03, 
 2DIAGNOSTIC,    22, -6.562385790832e-01, 5.226986103233e-04, 8.5688e-01, 5.1351e-03, 
 2DIAGNOSTIC,    23, -6.565000058113e-01, 4.680180012236e-04, 8.6148e-01, 4.5960e-03, 
 2DIAGNOSTIC,    24, -6.565387353854e-01, 4.101063704206e-04, 8.6620e-01, 4.7259e-03, 
 2DIAGNOSTIC,    25, -6.567702146893e-01, 3.618032093040e-04, 8.7066e-01, 4.4580e-03, 
 2DIAGNOSTIC,    26, -6.583507212369e-01, 3.132611037349e-04, 8.7464e-01, 3.9840e-03, 
 2DIAGNOSTIC,    27, -6.586527568469e-01, 2.554116018363e-04, 8.7880e-01, 4.1609e-03, 
 2DIAGNOSTIC,    28, -6.593310437738e-01, 2.225767143844e-04, 8.8415e-01, 5.3501e-03, 
 2DIAGNOSTIC,    29, -6.595734041655e-01, 1.939316665338e-04, 8.8891e-01, 4.7591e-03, 
 2DIAGNOSTIC,    30, -6.595955819569e-01, 1.634946778527e-04, 8.9375e-01, 4.8332e-03, 
 2DIAGNOSTIC,    31, -6.596949967568e-01, 1.392755860914e-04, 8.9804e-01, 4.2949e-03, 
 2DIAGNOSTIC,    32, -6.597157295313e-01, 1.221677497590e-04, 9.0279e-01, 4.7519e-03, 
 2DIAGNOSTIC,    33, -6.597001423845e-01, 9.820426862709e-05, 9.0950e-01, 6.7072e-03, 
 2DIAGNOSTIC,    34, -6.595254449701e-01, 6.486903006590e-05, 9.1375e-01, 4.2520e-03, 
 2DIAGNOSTIC,    35, -6.595295822810e-01, 3.010817889785e-05, 9.1802e-01, 4.2670e-03, 
 2DIAGNOSTIC,    36, -6.595351297935e-01, 1.424396565742e-05, 9.2223e-01, 4.2131e-03, 
 2DIAGNOSTIC,    37, -6.595409535781e-01, 1.474135168295e-06, 9.2644e-01, 4.2081e-03, 
DIAGNOSTIC,Iteration,metricValue,convergenceValue,ITERATION_TIME_INDEX,SINCE_LAST
 2DIAGNOSTIC,     1, -5.183739626528e-01, 1.797693134862e+308, 1.6624e+00, 7.3594e-01, 
 2DIAGNOSTIC,     2, -5.189226238284e-01, 1.797693134862e+308, 1.6910e+00, 2.8610e-02, 
 2DIAGNOSTIC,     3, -5.196899327350e-01, 1.797693134862e+308, 1.7215e+00, 3.0460e-02, 
 2DIAGNOSTIC,     4, -5.204463662996e-01, 1.797693134862e+308, 1.7547e+00, 3.3268e-02, 
 2DIAGNOSTIC,     5, -5.209979485293e-01, 1.797693134862e+308, 1.7825e+00, 2.7736e-02, 
 2DIAGNOSTIC,     6, -5.216357744176e-01, 1.797693134862e+308, 1.8100e+00, 2.7495e-02, 
 2DIAGNOSTIC,     7, -5.233753714590e-01, 1.797693134862e+308, 1.8417e+00, 3.1795e-02, 
 2DIAGNOSTIC,     8, -5.241119131157e-01, 1.797693134862e+308, 1.8838e+00, 4.2098e-02, 
 2DIAGNOSTIC,     9, -5.247293428581e-01, 1.797693134862e+308, 1.9267e+00, 4.2851e-02, 
 2DIAGNOSTIC,    10, -5.250028241259e-01, 8.899807890247e-04, 1.9627e+00, 3.5974e-02, 
 2DIAGNOSTIC,    11, -5.255570915530e-01, 7.959217973958e-04, 1.9958e+00, 3.3123e-02, 
 2DIAGNOSTIC,    12, -5.289098581030e-01, 8.211614754940e-04, 2.0267e+00, 3.0894e-02, 
 2DIAGNOSTIC,    13, -5.295596025216e-01, 8.231568547511e-04, 2.0543e+00, 2.7597e-02, 
 2DIAGNOSTIC,    14, -5.295253574809e-01, 7.798185702350e-04, 2.0818e+00, 2.7526e-02, 
 2DIAGNOSTIC,    15, -5.301734553094e-01, 7.172057557774e-04, 2.1092e+00, 2.7387e-02, 
 2DIAGNOSTIC,    16, -5.312974498053e-01, 6.544536275299e-04, 2.1375e+00, 2.8320e-02, 
 2DIAGNOSTIC,    17, -5.330531824846e-01, 6.473169972656e-04, 2.1877e+00, 5.0143e-02, 
 2DIAGNOSTIC,    18, -5.331722856092e-01, 6.054635080729e-04, 2.2155e+00, 2.7877e-02, 
 2DIAGNOSTIC,    19, -5.334119908199e-01, 5.389725851721e-04, 2.2440e+00, 2.8510e-02, 
 2DIAGNOSTIC,    20, -5.338316304642e-01, 4.491970993248e-04, 2.2726e+00, 2.8510e-02, 
 2DIAGNOSTIC,    21, -5.362336432486e-01, 3.991140140569e-04, 2.3119e+00, 3.9355e-02, 
 2DIAGNOSTIC,    22, -5.366245165152e-01, 4.057818811998e-04, 2.3410e+00, 2.9072e-02, 
 2DIAGNOSTIC,    23, -5.369883749675e-01, 3.987758485179e-04, 2.3697e+00, 2.8717e-02, 
 2DIAGNOSTIC,    24, -5.378036466721e-01, 3.737765243328e-04, 2.3982e+00, 2.8470e-02, 
 2DIAGNOSTIC,    25, -5.385039199986e-01, 3.440218348807e-04, 2.4392e+00, 4.1061e-02, 
 2DIAGNOSTIC,    26, -5.387605010654e-01, 3.109970128304e-04, 2.4692e+00, 2.9918e-02, 
 2DIAGNOSTIC,    27, -5.394629319210e-01, 3.002564869339e-04, 2.5075e+00, 3.8311e-02, 
 2DIAGNOSTIC,    28, -5.401474145772e-01, 2.779009914801e-04, 2.5421e+00, 3.4595e-02, 
 2DIAGNOSTIC,    29, -5.404755491320e-01, 2.414670010753e-04, 2.5775e+00, 3.5468e-02, 
 2DIAGNOSTIC,    30, -5.411162306311e-01, 2.025888023364e-04, 2.6282e+00, 5.0680e-02, 
 2DIAGNOSTIC,    31, -5.412372495563e-01, 1.906775070536e-04, 2.6591e+00, 3.0878e-02, 
 2DIAGNOSTIC,    32, -5.417709736168e-01, 1.771077571123e-04, 2.6897e+00, 3.0656e-02, 
 2DIAGNOSTIC,    33, -5.423832764781e-01, 1.630193226541e-04, 2.7178e+00, 2.8012e-02, 
 2DIAGNOSTIC,    34, -5.429076822551e-01, 1.550611802971e-04, 2.7460e+00, 2.8206e-02, 
 2DIAGNOSTIC,    35, -5.434217018366e-01, 1.514725929329e-04, 2.7745e+00, 2.8580e-02, 
 2DIAGNOSTIC,    36, -5.441265747586e-01, 1.478608744566e-04, 2.8046e+00, 3.0053e-02, 
 2DIAGNOSTIC,    37, -5.450496548862e-01, 1.535767108411e-04, 2.8348e+00, 3.0178e-02, 
 2DIAGNOSTIC,    38, -5.508514880489e-01, 2.350501328203e-04, 2.8745e+00, 3.9721e-02, 
 2DIAGNOSTIC,    39, -5.521239010862e-01, 3.094973790136e-04, 2.9117e+00, 3.7255e-02, 
 2DIAGNOSTIC,    40, -5.522848414875e-01, 3.619863790009e-04, 2.9463e+00, 3.4514e-02, 
 2DIAGNOSTIC,    41, -5.524667530711e-01, 3.824663275738e-04, 2.9767e+00, 3.0434e-02, 
 2DIAGNOSTIC,    42, -5.526693888529e-01, 3.745115154829e-04, 3.0066e+00, 2.9946e-02, 
 2DIAGNOSTIC,    43, -5.532425023155e-01, 3.445933689256e-04, 3.0372e+00, 3.0572e-02, 
 2DIAGNOSTIC,    44, -5.551141957262e-01, 3.115363226339e-04, 3.0720e+00, 3.4740e-02, 
 2DIAGNOSTIC,    45, -5.599753802399e-01, 3.139275707119e-04, 3.1102e+00, 3.8223e-02, 
 2DIAGNOSTIC,    46, -5.632118334939e-01, 3.310283278145e-04, 3.1559e+00, 4.5710e-02, 
 2DIAGNOSTIC,    47, -5.634439320553e-01, 3.269886192951e-04, 3.1899e+00, 3.4010e-02, 
 2DIAGNOSTIC,    48, -5.637196754244e-01, 3.594578087012e-04, 3.2210e+00, 3.1148e-02, 
 2DIAGNOSTIC,    49, -5.638517220038e-01, 3.712796866409e-04, 3.2526e+00, 3.1557e-02, 
 2DIAGNOSTIC,    50, -5.640262552268e-01, 3.496864915404e-04, 3.2832e+00, 3.0597e-02, 
 2DIAGNOSTIC,    51, -5.643784409482e-01, 3.006258702678e-04, 3.3127e+00, 2.9487e-02, 
 2DIAGNOSTIC,    52, -5.649129088558e-01, 2.328701662834e-04, 3.3508e+00, 3.8083e-02, 
 2DIAGNOSTIC,    53, -5.651969432201e-01, 1.544498751261e-04, 3.3779e+00, 2.7137e-02, 
 2DIAGNOSTIC,    54, -5.655549422128e-01, 8.505627519715e-05, 3.4098e+00, 3.1892e-02, 
 2DIAGNOSTIC,    55, -5.658784511675e-01, 5.882294469143e-05, 3.4428e+00, 3.3017e-02, 
 2DIAGNOSTIC,    56, -5.659280703820e-01, 5.865521501670e-05, 3.4737e+00, 3.0844e-02, 
 2DIAGNOSTIC,    57, -5.660148014461e-01, 5.578851558363e-05, 3.5047e+00, 3.1036e-02, 
 2DIAGNOSTIC,    58, -5.661721706287e-01, 5.162515784385e-05, 3.5316e+00, 2.6876e-02, 
 2DIAGNOSTIC,    59, -5.664631270867e-01, 4.642715152061e-05, 3.5627e+00, 3.1123e-02, 
 2DIAGNOSTIC,    60, -5.666343845893e-01, 3.991806493353e-05, 3.6292e+00, 6.6540e-02, 
 2DIAGNOSTIC,    61, -5.666400487029e-01, 3.284907649345e-05, 3.6614e+00, 3.2167e-02, 
 2DIAGNOSTIC,    62, -5.666250932178e-01, 2.733456960582e-05, 3.6903e+00, 2.8893e-02, 
 2DIAGNOSTIC,    63, -5.666406135828e-01, 2.185227712715e-05, 3.7233e+00, 3.2988e-02, 
 2DIAGNOSTIC,    64, -5.666310963755e-01, 1.722152550031e-05, 3.7557e+00, 3.2463e-02, 
 2DIAGNOSTIC,    65, -5.666266943753e-01, 1.367647279641e-05, 3.7877e+00, 3.1942e-02, 
 2DIAGNOSTIC,    66, -5.666404917251e-01, 9.505098895805e-06, 3.8219e+00, 3.4181e-02, 
 2DIAGNOSTIC,    67, -5.666661798223e-01, 5.479702736857e-06, 3.8567e+00, 3.4811e-02, 
 2DIAGNOSTIC,    68, -5.666504517928e-01, 2.126824666070e-06, 3.8905e+00, 3.3802e-02, 
DIAGNOSTIC,Iteration,metricValue,convergenceValue,ITERATION_TIME_INDEX,SINCE_LAST
 2DIAGNOSTIC,     1, -5.016118154716e-01, 1.797693134862e+308, 4.9624e+00, 1.0720e+00, 
 2DIAGNOSTIC,     2, -5.017914590161e-01, 1.797693134862e+308, 5.1861e+00, 2.2361e-01, 
 2DIAGNOSTIC,     3, -5.019545672577e-01, 1.797693134862e+308, 5.4421e+00, 2.5606e-01, 
 2DIAGNOSTIC,     4, -5.020012142784e-01, 1.797693134862e+308, 5.6747e+00, 2.3255e-01, 
 2DIAGNOSTIC,     5, -5.020662851551e-01, 1.797693134862e+308, 5.9218e+00, 2.4718e-01, 
 2DIAGNOSTIC,     6, -5.021294186635e-01, 1.797693134862e+308, 6.1421e+00, 2.2024e-01, 
 2DIAGNOSTIC,     7, -5.021991174034e-01, 1.797693134862e+308, 6.3859e+00, 2.4382e-01, 
 2DIAGNOSTIC,     8, -5.022938572734e-01, 1.797693134862e+308, 6.6409e+00, 2.5499e-01, 
 2DIAGNOSTIC,     9, -5.023772680806e-01, 1.797693134862e+308, 7.1129e+00, 4.7199e-01, 
 2DIAGNOSTIC,    10, -5.023776062550e-01, 9.480380832164e-05, 7.3374e+00, 2.2454e-01, 
 2DIAGNOSTIC,    11, -5.023771828843e-01, 7.169588135081e-05, 7.5446e+00, 2.0722e-01, 
 2DIAGNOSTIC,    12, -5.023753831014e-01, 5.449815363266e-05, 7.9213e+00, 3.7666e-01, 
 2DIAGNOSTIC,    13, -5.023732399739e-01, 4.220277803201e-05, 8.2339e+00, 3.1256e-01, 
 2DIAGNOSTIC,    14, -5.023719060937e-01, 2.981701916542e-05, 8.4953e+00, 2.6147e-01, 
 2DIAGNOSTIC,    15, -5.023713499710e-01, 1.901203172443e-05, 8.7570e+00, 2.6165e-01, 
 2DIAGNOSTIC,    16, -5.023708879755e-01, 1.024310782670e-05, 8.9573e+00, 2.0033e-01, 
 2DIAGNOSTIC,    17, -5.023688780104e-01, 3.943687717875e-06, 9.2266e+00, 2.6934e-01, 
 2DIAGNOSTIC,    18, -5.023677946959e-01, 1.025139829088e-06, 9.5517e+00, 3.2508e-01, 
DIAGNOSTIC,Iteration,metricValue,convergenceValue,ITERATION_TIME_INDEX,SINCE_LAST
 2DIAGNOSTIC,     1, -4.668685274204e-01, 1.797693134862e+308, 1.2143e+01, 2.5913e+00, 
 2DIAGNOSTIC,     2, -4.669998702335e-01, 1.797693134862e+308, 1.3794e+01, 1.6506e+00, 
 2DIAGNOSTIC,     3, -4.670369326093e-01, 1.797693134862e+308, 1.6634e+01, 2.8406e+00, 
 2DIAGNOSTIC,     4, -4.670369587092e-01, 1.797693134862e+308, 1.8325e+01, 1.6910e+00, 
 2DIAGNOSTIC,     5, -4.670370017348e-01, 1.797693134862e+308, 2.0018e+01, 1.6926e+00, 
 2DIAGNOSTIC,     6, -4.670368489410e-01, 1.797693134862e+308, 2.1605e+01, 1.5874e+00, 
 2DIAGNOSTIC,     7, -4.670368338894e-01, 1.797693134862e+308, 2.3637e+01, 2.0314e+00, 
 2DIAGNOSTIC,     8, -4.670370713787e-01, 1.797693134862e+308, 2.5318e+01, 1.6817e+00, 
 2DIAGNOSTIC,     9, -4.670372876317e-01, 1.797693134862e+308, 2.6923e+01, 1.6043e+00, 
 2DIAGNOSTIC,    10, -4.670369133946e-01, 1.541844188956e-05, 2.8400e+01, 1.4772e+00, 
 2DIAGNOSTIC,    11, -4.670362294332e-01, 4.916978198488e-06, 3.0121e+01, 1.7215e+00, 
 2DIAGNOSTIC,    12, -4.670365694249e-01, 2.609426685882e-06, 3.1531e+01, 1.4096e+00, 
 2DIAGNOSTIC,    13, -4.670362745469e-01, 2.380338289351e-06, 3.3066e+01, 1.5345e+00, 
 2DIAGNOSTIC,    14, -4.670364407448e-01, 2.198170425516e-06, 3.4718e+01, 1.6520e+00, 
 2DIAGNOSTIC,    15, -4.670370548858e-01, 2.074254839265e-06, 3.6777e+01, 2.0591e+00, 
 2DIAGNOSTIC,    16, -4.670367730264e-01, 1.953487291539e-06, 3.8487e+01, 1.7104e+00, 
 2DIAGNOSTIC,    17, -4.670367340967e-01, 1.848396973106e-06, 4.0101e+01, 1.6143e+00, 
 2DIAGNOSTIC,    18, -4.670365136553e-01, 1.757294376931e-06, 4.1908e+01, 1.8060e+00, 
 2DIAGNOSTIC,    19, -4.670363529992e-01, 1.678654880898e-06, 4.3695e+01, 1.7878e+00, 
 2DIAGNOSTIC,    20, -4.670361796876e-01, 1.591122437986e-06, 4.5079e+01, 1.3841e+00, 
 2DIAGNOSTIC,    21, -4.670361897114e-01, 1.492092962477e-06, 4.6515e+01, 1.4360e+00, 
 2DIAGNOSTIC,    22, -4.670360248596e-01, 1.409529072932e-06, 4.7993e+01, 1.4771e+00, 
 2DIAGNOSTIC,    23, -4.670364168377e-01, 1.340239068920e-06, 4.9865e+01, 1.8721e+00, 
 2DIAGNOSTIC,    24, -4.670364238879e-01, 1.284357722925e-06, 5.1516e+01, 1.6515e+00, 
 2DIAGNOSTIC,    25, -4.670362522361e-01, 1.247803032817e-06, 5.3359e+01, 1.8424e+00, 
 2DIAGNOSTIC,    26, -4.670362567867e-01, 1.210079633447e-06, 5.4912e+01, 1.5531e+00, 
 2DIAGNOSTIC,    27, -4.670360796189e-01, 1.171558955508e-06, 5.6335e+01, 1.4229e+00, 
 2DIAGNOSTIC,    28, -4.670359964371e-01, 1.129791913211e-06, 5.7751e+01, 1.4161e+00, 
 2DIAGNOSTIC,    29, -4.670360094339e-01, 1.088438461042e-06, 5.9128e+01, 1.3768e+00, 
 2DIAGNOSTIC,    30, -4.670360312003e-01, 1.047623728143e-06, 6.0736e+01, 1.6085e+00, 
 2DIAGNOSTIC,    31, -4.670360470118e-01, 1.011329960582e-06, 6.2327e+01, 1.5906e+00, 
  Elapsed time (stage 0): 6.3182e+01


Total elapsed time: 6.3184e+01
Info [verificarlo]: loaded backend libinterflop_ieee.so
Info [interflop-ieee]: load backend with:
Info [interflop-ieee]: debug = false
Info [interflop-ieee]: debug-binary = false
Info [interflop-ieee]: no-backend-name = false
Info [interflop-ieee]: print-new-line = false
Info [interflop-ieee]: print-subnormal-normalized = false
Info [interflop-ieee]: count-op = false
All_Command_lines_OK
Using double precision for computations.
=============================================================================
The composite transform comprises the following transforms (in order): 
  1. /home/mdugre/scratch/mri-registration-rp/datasets/ds004513/derivatives/mri-registration-rp/0001/antsRegistration-r8-p12/sub-s032/rigid_Composite.h5[0] (type = Euler3DTransform)
  2. /home/mdugre/scratch/mri-registration-rp/datasets/ds004513/derivatives/mri-registration-rp/0001/antsRegistration-r8-p12/sub-s032/rigid_Composite.h5[1] (type = Euler3DTransform)
  3. /home/mdugre/scratch/mri-registration-rp/datasets/ds004513/derivatives/mri-registration-rp/0001/antsRegistration-r8-p12/sub-s032/rigid_Composite.h5[2] (type = Euler3DTransform)
=============================================================================
  number of levels = 4
  fixed image: /templateflow/tpl-MNI152NLin2009cAsym/tpl-MNI152NLin2009cAsym_res-01_desc-brain_T1w.nii.gz
  moving image: /home/mdugre/scratch/mri-registration-rp/datasets/ds004513/derivatives/mri-registration-rp/antsBrainExtraction/sub-s032/BrainExtractionBrain.nii.gz
Dimension = 3
Number of stages = 1
Use histogram matching = false
Winsorize image intensities = true
  Lower quantile = 0.005
  Upper quantile = 0.995


Stage 1 State
   Image metric = MattesMI
     Fixed image = Image (0x398f7e0)
  RTTI typeinfo:   itk::Image<double, 3u>
  Reference Count: 2
  Modified Time: 1592
  Debug: Off
  Object Name: 
  Observers: 
    none
  Source: (none)
  Source output name: (none)
  Release Data: Off
  Data Released: False
  Global Release Data: Off
  PipelineMTime: 0
  UpdateMTime: 1203
  RealTimeStamp: 0 seconds 
  LargestPossibleRegion: 
    Dimension: 3
    Index: [0, 0, 0]
    Size: [193, 229, 193]
  BufferedRegion: 
    Dimension: 3
    Index: [0, 0, 0]
    Size: [193, 229, 193]
  RequestedRegion: 
    Dimension: 3
    Index: [0, 0, 0]
    Size: [193, 229, 193]
  Spacing: [1, 1, 1]
  Origin: [96, 132, -78]
  Direction: 
-1 0 0
0 -1 0
0 0 1

  IndexToPointMatrix: 
-1 0 0
0 -1 0
0 0 1

  PointToIndexMatrix: 
-1 0 0
0 -1 0
0 0 1

  Inverse Direction: 
-1 0 0
0 -1 0
0 0 1

  PixelContainer: 
    ImportImageContainer (0x3a4fa20)
      RTTI typeinfo:   itk::ImportImageContainer<unsigned long, double>
      Reference Count: 1
      Modified Time: 1200
      Debug: Off
      Object Name: 
      Observers: 
        none
      Pointer: 0x152e39181010
      Container manages memory: true
      Size: 8530021
      Capacity: 8530021

     Moving image = Image (0x3a4ad70)
  RTTI typeinfo:   itk::Image<double, 3u>
  Reference Count: 2
  Modified Time: 1593
  Debug: Off
  Object Name: 
  Observers: 
    none
  Source: (none)
  Source output name: (none)
  Release Data: Off
  Data Released: False
  Global Release Data: Off
  PipelineMTime: 0
  UpdateMTime: 1590
  RealTimeStamp: 0 seconds 
  LargestPossibleRegion: 
    Dimension: 3
    Index: [0, 0, 0]
    Size: [160, 240, 256]
  BufferedRegion: 
    Dimension: 3
    Index: [0, 0, 0]
    Size: [160, 240, 256]
  RequestedRegion: 
    Dimension: 3
    Index: [0, 0, 0]
    Size: [160, 240, 256]
  Spacing: [1, 1, 1]
  Origin: [73.279, 104.707, -131.187]
  Direction: 
-0.997527 0.0645574 -0.0278053
-0.0645323 -0.997914 -0.00179875
-0.0278634 4.01097e-08 0.999612

  IndexToPointMatrix: 
-0.997527 0.0645574 -0.0278053
-0.0645323 -0.997914 -0.00179875
-0.0278634 4.01097e-08 0.999612

  PointToIndexMatrix: 
-0.997527 -0.0645323 -0.0278634
0.0645574 -0.997914 4.01049e-08
-0.0278053 -0.00179875 0.999612

  Inverse Direction: 
-0.997527 -0.0645323 -0.0278634
0.0645574 -0.997914 4.01049e-08
-0.0278053 -0.00179875 0.999612

  PixelContainer: 
    ImportImageContainer (0x3a02c90)
      RTTI typeinfo:   itk::ImportImageContainer<unsigned long, double>
      Reference Count: 1
      Modified Time: 1587
      Debug: Off
      Object Name: 
      Observers: 
        none
      Pointer: 0x152e34680010
      Container manages memory: true
      Size: 9830400
      Capacity: 9830400

     Weighting = 1
     Sampling strategy = regular
     Number of bins = 32
     Radius = 4
     Sampling percentage  = 0.25
   Transform = Affine
     Gradient step = 0.1
     Update field sigma (voxel space) = 0
     Total field sigma (voxel space) = 0
     Update field time sigma = 0
     Total field time sigma  = 0
     Number of time indices = 0
     Number of time point samples = 0
Registration using 1 total stages.

Stage 0
  iterations = 1000x500x250x100
  convergence threshold = 1e-06
  convergence window size = 10
  number of levels = 4
  using the Mattes MI metric (number of bins = 32, weight = 1, use gradient filter = 0)
  preprocessing:  winsorizing the image intensities
  Shrink factors (level 1 out of 4): [8, 8, 8]
  Shrink factors (level 2 out of 4): [4, 4, 4]
  Shrink factors (level 3 out of 4): [2, 2, 2]
  Shrink factors (level 4 out of 4): [1, 1, 1]
  smoothing sigmas per level: [3, 2, 1, 0]
  regular sampling (percentage = 0.25)

*** Running AffineTransform registration ***

DIAGNOSTIC,Iteration,metricValue,convergenceValue,ITERATION_TIME_INDEX,SINCE_LAST
 2DIAGNOSTIC,     1, -6.838106237141e-01, 1.797693134862e+308, 7.0276e-01, 7.0276e-01, 
 2DIAGNOSTIC,     2, -6.855340181245e-01, 1.797693134862e+308, 7.0854e-01, 5.7790e-03, 
 2DIAGNOSTIC,     3, -6.882105010593e-01, 1.797693134862e+308, 7.1326e-01, 4.7140e-03, 
 2DIAGNOSTIC,     4, -6.922898795258e-01, 1.797693134862e+308, 7.1790e-01, 4.6458e-03, 
 2DIAGNOSTIC,     5, -6.998513278611e-01, 1.797693134862e+308, 7.2256e-01, 4.6539e-03, 
 2DIAGNOSTIC,     6, -7.145836479287e-01, 1.797693134862e+308, 7.2779e-01, 5.2381e-03, 
 2DIAGNOSTIC,     7, -7.227120837490e-01, 1.797693134862e+308, 7.3298e-01, 5.1911e-03, 
 2DIAGNOSTIC,     8, -7.270863338766e-01, 1.797693134862e+308, 7.3768e-01, 4.6961e-03, 
 2DIAGNOSTIC,     9, -7.283122329716e-01, 1.797693134862e+308, 7.4346e-01, 5.7821e-03, 
 2DIAGNOSTIC,    10, -7.293450897380e-01, 5.100754220352e-03, 7.4841e-01, 4.9422e-03, 
 2DIAGNOSTIC,    11, -7.303449290421e-01, 4.377689975260e-03, 7.5349e-01, 5.0831e-03, 
 2DIAGNOSTIC,    12, -7.314966068160e-01, 3.478775724882e-03, 7.5879e-01, 5.3031e-03, 
 2DIAGNOSTIC,    13, -7.316221013940e-01, 2.497667775455e-03, 7.6395e-01, 5.1599e-03, 
 2DIAGNOSTIC,    14, -7.316186372554e-01, 1.552085991716e-03, 7.7027e-01, 6.3171e-03, 
 2DIAGNOSTIC,    15, -7.319683191064e-01, 7.969181859783e-04, 7.7488e-01, 4.6082e-03, 
 2DIAGNOSTIC,    16, -7.325505806558e-01, 4.403972419929e-04, 7.7952e-01, 4.6458e-03, 
 2DIAGNOSTIC,    17, -7.329017841861e-01, 2.810119258932e-04, 7.8414e-01, 4.6201e-03, 
 2DIAGNOSTIC,    18, -7.334039422967e-01, 2.209248082674e-04, 7.8879e-01, 4.6511e-03, 
 2DIAGNOSTIC,    19, -7.338236238078e-01, 1.812120604446e-04, 7.9470e-01, 5.9061e-03, 
 2DIAGNOSTIC,    20, -7.345696387920e-01, 1.635810479808e-04, 8.0023e-01, 5.5301e-03, 
 2DIAGNOSTIC,    21, -7.350438219875e-01, 1.592922432999e-04, 8.0684e-01, 6.6102e-03, 
 2DIAGNOSTIC,    22, -7.351551205880e-01, 1.632063139303e-04, 8.1219e-01, 5.3499e-03, 
 2DIAGNOSTIC,    23, -7.351733803710e-01, 1.544084262226e-04, 8.1755e-01, 5.3608e-03, 
 2DIAGNOSTIC,    24, -7.357457416526e-01, 1.413384983098e-04, 8.2276e-01, 5.2130e-03, 
 2DIAGNOSTIC,    25, -7.359002682128e-01, 1.235816174199e-04, 8.2825e-01, 5.4870e-03, 
 2DIAGNOSTIC,    26, -7.360992990497e-01, 1.074401031540e-04, 8.3335e-01, 5.0969e-03, 
 2DIAGNOSTIC,    27, -7.370381651008e-01, 1.013385398142e-04, 8.3906e-01, 5.7161e-03, 
 2DIAGNOSTIC,    28, -7.386126125723e-01, 1.150468588506e-04, 8.4474e-01, 5.6801e-03, 
 2DIAGNOSTIC,    29, -7.389342704508e-01, 1.263243364833e-04, 8.5096e-01, 6.2189e-03, 
 2DIAGNOSTIC,    30, -7.390442872952e-01, 1.362824691157e-04, 8.5658e-01, 5.6200e-03, 
 2DIAGNOSTIC,    31, -7.391683526654e-01, 1.406705708630e-04, 8.6186e-01, 5.2750e-03, 
 2DIAGNOSTIC,    32, -7.392116959203e-01, 1.333176084316e-04, 8.6752e-01, 5.6651e-03, 
 2DIAGNOSTIC,    33, -7.392488460375e-01, 1.140512539300e-04, 8.7258e-01, 5.0600e-03, 
 2DIAGNOSTIC,    34, -7.391949628373e-01, 9.120382773570e-05, 8.7825e-01, 5.6632e-03, 
 2DIAGNOSTIC,    35, -7.390363420306e-01, 6.140613976824e-05, 8.8384e-01, 5.5981e-03, 
 2DIAGNOSTIC,    36, -7.391641255408e-01, 3.107624362938e-05, 8.8890e-01, 5.0578e-03, 
 2DIAGNOSTIC,    37, -7.390921888510e-01, 8.188251992208e-06, 8.9404e-01, 5.1339e-03, 
 2DIAGNOSTIC,    38, -7.391632854435e-01, 2.668687034284e-06, 9.0136e-01, 7.3280e-03, 
 2DIAGNOSTIC,    39, -7.392743027116e-01, 1.586529630716e-06, 9.0646e-01, 5.1000e-03, 
 2DIAGNOSTIC,    40, -7.392848856368e-01, 1.628180567759e-06, 9.1273e-01, 6.2649e-03, 
 2DIAGNOSTIC,    41, -7.391962160413e-01, 1.918649938364e-06, 9.1815e-01, 5.4240e-03, 
 2DIAGNOSTIC,    42, -7.392265820967e-01, 2.776784295996e-06, 9.2442e-01, 6.2649e-03, 
 2DIAGNOSTIC,    43, -7.392277602595e-01, 3.737185042530e-06, 9.2938e-01, 4.9660e-03, 
 2DIAGNOSTIC,    44, -7.392302280282e-01, 3.927167949665e-06, 9.3441e-01, 5.0309e-03, 
 2DIAGNOSTIC,    45, -7.392351517485e-01, 2.445750580601e-06, 9.3949e-01, 5.0800e-03, 
 2DIAGNOSTIC,    46, -7.392408507717e-01, 2.044065541950e-06, 9.4682e-01, 7.3218e-03, 
 2DIAGNOSTIC,    47, -7.393422796699e-01, 1.768760097283e-06, 9.6202e-01, 1.5205e-02, 
 2DIAGNOSTIC,    48, -7.393422796677e-01, 1.917533616516e-06, 9.7659e-01, 1.4570e-02, 
 2DIAGNOSTIC,    49, -7.393422796677e-01, 2.824821002459e-06, 9.8210e-01, 5.5120e-03, 
 2DIAGNOSTIC,    50, -7.393422796677e-01, 3.604665005513e-06, 9.8824e-01, 6.1331e-03, 
 2DIAGNOSTIC,    51, -7.393422796677e-01, 3.383801947303e-06, 9.9391e-01, 5.6782e-03, 
 2DIAGNOSTIC,    52, -7.393422796677e-01, 3.122057182958e-06, 9.9938e-01, 5.4700e-03, 
 2DIAGNOSTIC,    53, -7.393422796677e-01, 2.636518344132e-06, 1.0046e+00, 5.2562e-03, 
 2DIAGNOSTIC,    54, -7.393422796677e-01, 2.003455662116e-06, 1.0106e+00, 5.9350e-03, 
 2DIAGNOSTIC,    55, -7.393422796677e-01, 1.300703308095e-06, 1.0164e+00, 5.8088e-03, 
DIAGNOSTIC,Iteration,metricValue,convergenceValue,ITERATION_TIME_INDEX,SINCE_LAST
 2DIAGNOSTIC,     1, -5.961003116162e-01, 1.797693134862e+308, 1.7965e+00, 7.8015e-01, 
 2DIAGNOSTIC,     2, -5.967074091856e-01, 1.797693134862e+308, 1.8345e+00, 3.7925e-02, 
 2DIAGNOSTIC,     3, -5.975694380025e-01, 1.797693134862e+308, 1.8696e+00, 3.5089e-02, 
 2DIAGNOSTIC,     4, -5.979779550415e-01, 1.797693134862e+308, 1.9071e+00, 3.7525e-02, 
 2DIAGNOSTIC,     5, -5.979849772136e-01, 1.797693134862e+308, 1.9404e+00, 3.3334e-02, 
 2DIAGNOSTIC,     6, -5.980571072507e-01, 1.797693134862e+308, 1.9734e+00, 3.2972e-02, 
 2DIAGNOSTIC,     7, -5.980386807122e-01, 1.797693134862e+308, 2.0066e+00, 3.3222e-02, 
 2DIAGNOSTIC,     8, -5.982817560497e-01, 1.797693134862e+308, 2.0402e+00, 3.3567e-02, 
 2DIAGNOSTIC,     9, -5.986273639917e-01, 1.797693134862e+308, 2.0848e+00, 4.4614e-02, 
 2DIAGNOSTIC,    10, -5.986932005865e-01, 2.318859009722e-04, 2.1165e+00, 3.1675e-02, 
 2DIAGNOSTIC,    11, -5.988852648058e-01, 1.649867917162e-04, 2.1485e+00, 3.2069e-02, 
 2DIAGNOSTIC,    12, -5.996843852228e-01, 1.496229836841e-04, 2.1826e+00, 3.4052e-02, 
 2DIAGNOSTIC,    13, -6.006544293566e-01, 1.890074166754e-04, 2.2236e+00, 4.1060e-02, 
 2DIAGNOSTIC,    14, -6.014768049448e-01, 2.468030308809e-04, 2.2613e+00, 3.7687e-02, 
 2DIAGNOSTIC,    15, -6.019352196123e-01, 2.892469552472e-04, 2.2989e+00, 3.7575e-02, 
 2DIAGNOSTIC,    16, -6.027166305985e-01, 3.257768560957e-04, 2.3314e+00, 3.2494e-02, 
 2DIAGNOSTIC,    17, -6.037569307055e-01, 3.560198320297e-04, 2.3656e+00, 3.4192e-02, 
 2DIAGNOSTIC,    18, -6.075311777538e-01, 4.547333013705e-04, 2.4176e+00, 5.2037e-02, 
 2DIAGNOSTIC,    19, -6.075960776512e-01, 5.090073832948e-04, 2.4617e+00, 4.4074e-02, 
 2DIAGNOSTIC,    20, -6.075889528334e-01, 5.136461259104e-04, 2.4986e+00, 3.6895e-02, 
 2DIAGNOSTIC,    21, -6.075566550485e-01, 4.747980537647e-04, 2.5391e+00, 4.0496e-02, 
 2DIAGNOSTIC,    22, -6.075323862365e-01, 4.110768447329e-04, 2.5796e+00, 4.0516e-02, 
 2DIAGNOSTIC,    23, -6.075261365594e-01, 3.329505325861e-04, 2.6268e+00, 4.7194e-02, 
 2DIAGNOSTIC,    24, -6.075170185358e-01, 2.462861308717e-04, 2.6649e+00, 3.8050e-02, 
 2DIAGNOSTIC,    25, -6.075104122859e-01, 1.531332720780e-04, 2.6986e+00, 3.3722e-02, 
 2DIAGNOSTIC,    26, -6.074931373273e-01, 6.712153554864e-05, 2.7368e+00, 3.8205e-02, 
DIAGNOSTIC,Iteration,metricValue,convergenceValue,ITERATION_TIME_INDEX,SINCE_LAST
 2DIAGNOSTIC,     1, -5.427786252160e-01, 1.797693134862e+308, 3.8124e+00, 1.0756e+00, 
 2DIAGNOSTIC,     2, -5.430274892151e-01, 1.797693134862e+308, 4.0701e+00, 2.5778e-01, 
 2DIAGNOSTIC,     3, -5.432031133730e-01, 1.797693134862e+308, 4.3548e+00, 2.8467e-01, 
 2DIAGNOSTIC,     4, -5.432702719210e-01, 1.797693134862e+308, 4.6570e+00, 3.0216e-01, 
 2DIAGNOSTIC,     5, -5.433140452885e-01, 1.797693134862e+308, 4.9016e+00, 2.4462e-01, 
 2DIAGNOSTIC,     6, -5.434072563568e-01, 1.797693134862e+308, 5.2256e+00, 3.2398e-01, 
 2DIAGNOSTIC,     7, -5.435625570545e-01, 1.797693134862e+308, 5.6459e+00, 4.2030e-01, 
 2DIAGNOSTIC,     8, -5.436228152497e-01, 1.797693134862e+308, 5.9072e+00, 2.6137e-01, 
 2DIAGNOSTIC,     9, -5.437659572280e-01, 1.797693134862e+308, 6.1635e+00, 2.5623e-01, 
 2DIAGNOSTIC,    10, -5.439806820039e-01, 1.231474632459e-04, 6.4253e+00, 2.6181e-01, 
 2DIAGNOSTIC,    11, -5.441562479578e-01, 1.134684318833e-04, 6.6872e+00, 2.6189e-01, 
 2DIAGNOSTIC,    12, -5.447225313178e-01, 1.307023048372e-04, 6.9459e+00, 2.5872e-01, 
 2DIAGNOSTIC,    13, -5.450420519847e-01, 1.531174059583e-04, 7.5051e+00, 5.5920e-01, 
 2DIAGNOSTIC,    14, -5.450429019506e-01, 1.611607067314e-04, 7.8450e+00, 3.3990e-01, 
 2DIAGNOSTIC,    15, -5.450403874572e-01, 1.553568977726e-04, 8.2759e+00, 4.3090e-01, 
 2DIAGNOSTIC,    16, -5.450398607000e-01, 1.391915986583e-04, 8.5553e+00, 2.7943e-01, 
 2DIAGNOSTIC,    17, -5.450393319205e-01, 1.168156799511e-04, 8.8283e+00, 2.7301e-01, 
 2DIAGNOSTIC,    18, -5.450386355198e-01, 8.786169983857e-05, 9.0913e+00, 2.6302e-01, 
 2DIAGNOSTIC,    19, -5.450380668158e-01, 5.801299729906e-05, 9.3619e+00, 2.7052e-01, 
 2DIAGNOSTIC,    20, -5.450367931334e-01, 3.167767649175e-05, 9.6678e+00, 3.0591e-01, 
 2DIAGNOSTIC,    21, -5.450371206474e-01, 9.119517255365e-06, 9.9347e+00, 2.6691e-01, 
 2DIAGNOSTIC,    22, -5.450363611333e-01, 1.110553106705e-06, 1.0168e+01, 2.3381e-01, 
 2DIAGNOSTIC,    23, -5.450357685944e-01, 1.070461504375e-06, 1.0434e+01, 2.6541e-01, 
 2DIAGNOSTIC,    24, -5.450364566494e-01, 1.098557072005e-06, 1.0708e+01, 2.7443e-01, 
 2DIAGNOSTIC,    25, -5.450354311365e-01, 1.071532818336e-06, 1.0982e+01, 2.7326e-01, 
