
##########################
# Experiment information #
##########################

EXPERIMENT_NAME: antsRegistration-r7-p23
VFC_BACKENDS: libinterflop_vprec.so --range-binary32=7 --precision-binary32=23 --range-binary64=7 --precision-binary64=23

SIF_IMG: /home/mdugre/projects/rrg-glatard/mdugre/containers/ants-vprec-no_metrics.simg

SUBJECT_ID: s035
INPUT_IMG: /home/mdugre/scratch/mri-registration-rp/datasets/ds004513/derivatives/mri-registration-rp/antsBrainExtraction/sub-s035/BrainExtractionBrain.nii.gz
OUTPUT_DIR: /home/mdugre/scratch/mri-registration-rp/datasets/ds004513/derivatives/mri-registration-rp/0001/antsRegistration-r7-p23/sub-s035

FIXED_IMG: /templateflow/tpl-MNI152NLin2009cAsym/tpl-MNI152NLin2009cAsym_res-01_desc-brain_T1w.nii.gz
DATA_DIR: /home/mdugre/scratch/mri-registration-rp/datasets/ds004513
TEMPLATEFLOW_DIR: /home/mdugre/projects/rrg-glatard/mdugre/templateflow
ITK_GLOBAL_DEFAULT_NUMBER_OF_THREADS: 16
##########################

Info [verificarlo]: loaded backend libinterflop_ieee.so
Info [interflop-ieee]: load backend with:
Info [interflop-ieee]: debug = false
Info [interflop-ieee]: debug-binary = false
Info [interflop-ieee]: no-backend-name = false
Info [interflop-ieee]: print-new-line = false
Info [interflop-ieee]: print-subnormal-normalized = false
Info [interflop-ieee]: count-op = false
All_Command_lines_OK
Using double precision for computations.
=============================================================================
The composite transform comprises the following transforms (in order): 
  1. Center of mass alignment using fixed image: /templateflow/tpl-MNI152NLin2009cAsym/tpl-MNI152NLin2009cAsym_res-01_desc-brain_T1w.nii.gz and moving image: /home/mdugre/scratch/mri-registration-rp/datasets/ds004513/derivatives/mri-registration-rp/antsBrainExtraction/sub-s035/BrainExtractionBrain.nii.gz (type = Euler3DTransform)
=============================================================================
  number of levels = 1
  fixed image: /templateflow/tpl-MNI152NLin2009cAsym/tpl-MNI152NLin2009cAsym_res-01_desc-brain_T1w.nii.gz
  moving image: /home/mdugre/scratch/mri-registration-rp/datasets/ds004513/derivatives/mri-registration-rp/antsBrainExtraction/sub-s035/BrainExtractionBrain.nii.gz
Dimension = 3
Number of stages = 1
Use histogram matching = false
Winsorize image intensities = true
  Lower quantile = 0.005
  Upper quantile = 0.995


Stage 1 State
   Image metric = MattesMI
     Fixed image = Image (0x439ae70)
  RTTI typeinfo:   itk::Image<double, 3u>
  Reference Count: 2
  Modified Time: 2330
  Debug: Off
  Object Name: 
  Observers: 
    none
  Source: (none)
  Source output name: (none)
  Release Data: Off
  Data Released: False
  Global Release Data: Off
  PipelineMTime: 0
  UpdateMTime: 1941
  RealTimeStamp: 0 seconds 
  LargestPossibleRegion: 
    Dimension: 3
    Index: [0, 0, 0]
    Size: [193, 229, 193]
  BufferedRegion: 
    Dimension: 3
    Index: [0, 0, 0]
    Size: [193, 229, 193]
  RequestedRegion: 
    Dimension: 3
    Index: [0, 0, 0]
    Size: [193, 229, 193]
  Spacing: [1, 1, 1]
  Origin: [96, 132, -78]
  Direction: 
-1 0 0
0 -1 0
0 0 1

  IndexToPointMatrix: 
-1 0 0
0 -1 0
0 0 1

  PointToIndexMatrix: 
-1 0 0
0 -1 0
0 0 1

  Inverse Direction: 
-1 0 0
0 -1 0
0 0 1

  PixelContainer: 
    ImportImageContainer (0x43a3c60)
      RTTI typeinfo:   itk::ImportImageContainer<unsigned long, double>
      Reference Count: 1
      Modified Time: 1938
      Debug: Off
      Object Name: 
      Observers: 
        none
      Pointer: 0x146b5e4a8010
      Container manages memory: true
      Size: 8530021
      Capacity: 8530021

     Moving image = Image (0x4437ec0)
  RTTI typeinfo:   itk::Image<double, 3u>
  Reference Count: 2
  Modified Time: 2331
  Debug: Off
  Object Name: 
  Observers: 
    none
  Source: (none)
  Source output name: (none)
  Release Data: Off
  Data Released: False
  Global Release Data: Off
  PipelineMTime: 0
  UpdateMTime: 2328
  RealTimeStamp: 0 seconds 
  LargestPossibleRegion: 
    Dimension: 3
    Index: [0, 0, 0]
    Size: [160, 240, 256]
  BufferedRegion: 
    Dimension: 3
    Index: [0, 0, 0]
    Size: [160, 240, 256]
  RequestedRegion: 
    Dimension: 3
    Index: [0, 0, 0]
    Size: [160, 240, 256]
  Spacing: [1, 1, 1]
  Origin: [98.6438, 87.6358, -117.989]
  Direction: 
-0.993515 -0.100993 -0.0522355
0.100854 -0.994887 0.00530255
-0.0525039 1.93537e-08 0.998621

  IndexToPointMatrix: 
-0.993515 -0.100993 -0.0522355
0.100854 -0.994887 0.00530255
-0.0525039 1.93537e-08 0.998621

  PointToIndexMatrix: 
-0.993515 0.100854 -0.0525039
-0.100993 -0.994887 1.93006e-08
-0.0522355 0.00530255 0.998621

  Inverse Direction: 
-0.993515 0.100854 -0.0525039
-0.100993 -0.994887 1.93006e-08
-0.0522355 0.00530255 0.998621

  PixelContainer: 
    ImportImageContainer (0x44cf610)
      RTTI typeinfo:   itk::ImportImageContainer<unsigned long, double>
      Reference Count: 1
      Modified Time: 2325
      Debug: Off
      Object Name: 
      Observers: 
        none
      Pointer: 0x146b599a7010
      Container manages memory: true
      Size: 9830400
      Capacity: 9830400

     Weighting = 1
     Sampling strategy = regular
     Number of bins = 32
     Radius = 4
     Sampling percentage  = 0.25
   Transform = Rigid
     Gradient step = 0.1
     Update field sigma (voxel space) = 0
     Total field sigma (voxel space) = 0
     Update field time sigma = 0
     Total field time sigma  = 0
     Number of time indices = 0
     Number of time point samples = 0
Registration using 1 total stages.

Stage 0
  iterations = 0
  convergence threshold = 1e-06
  convergence window size = 10
  number of levels = 1
  using the Mattes MI metric (number of bins = 32, weight = 1, use gradient filter = 0)
  preprocessing:  winsorizing the image intensities
  Shrink factors (level 1 out of 1): [1, 1, 1]
  smoothing sigmas per level: [0]
  regular sampling (percentage = 0.25)

*** Running Euler3DTransform registration ***

  Elapsed time (stage 0): 1.16479


Total elapsed time: 1.17164
Info [verificarlo]: loaded backend libinterflop_ieee.so
Info [interflop-ieee]: load backend with:
Info [interflop-ieee]: debug = false
Info [interflop-ieee]: debug-binary = false
Info [interflop-ieee]: no-backend-name = false
Info [interflop-ieee]: print-new-line = false
Info [interflop-ieee]: print-subnormal-normalized = false
Info [interflop-ieee]: count-op = false
All_Command_lines_OK
Using double precision for computations.
=============================================================================
The composite transform comprises the following transforms (in order): 
  1. /home/mdugre/scratch/mri-registration-rp/datasets/ds004513/derivatives/mri-registration-rp/0001/antsRegistration-r7-p23/sub-s035/align_Composite.h5[0] (type = Euler3DTransform)
  2. /home/mdugre/scratch/mri-registration-rp/datasets/ds004513/derivatives/mri-registration-rp/0001/antsRegistration-r7-p23/sub-s035/align_Composite.h5[1] (type = Euler3DTransform)
=============================================================================
  number of levels = 4
  fixed image: /templateflow/tpl-MNI152NLin2009cAsym/tpl-MNI152NLin2009cAsym_res-01_desc-brain_T1w.nii.gz
  moving image: /home/mdugre/scratch/mri-registration-rp/datasets/ds004513/derivatives/mri-registration-rp/antsBrainExtraction/sub-s035/BrainExtractionBrain.nii.gz
Dimension = 3
Number of stages = 1
Use histogram matching = false
Winsorize image intensities = true
  Lower quantile = 0.005
  Upper quantile = 0.995


Stage 1 State
   Image metric = MattesMI
     Fixed image = Image (0x359f530)
  RTTI typeinfo:   itk::Image<double, 3u>
  Reference Count: 2
  Modified Time: 1578
  Debug: Off
  Object Name: 
  Observers: 
    none
  Source: (none)
  Source output name: (none)
  Release Data: Off
  Data Released: False
  Global Release Data: Off
  PipelineMTime: 0
  UpdateMTime: 1189
  RealTimeStamp: 0 seconds 
  LargestPossibleRegion: 
    Dimension: 3
    Index: [0, 0, 0]
    Size: [193, 229, 193]
  BufferedRegion: 
    Dimension: 3
    Index: [0, 0, 0]
    Size: [193, 229, 193]
  RequestedRegion: 
    Dimension: 3
    Index: [0, 0, 0]
    Size: [193, 229, 193]
  Spacing: [1, 1, 1]
  Origin: [96, 132, -78]
  Direction: 
-1 0 0
0 -1 0
0 0 1

  IndexToPointMatrix: 
-1 0 0
0 -1 0
0 0 1

  PointToIndexMatrix: 
-1 0 0
0 -1 0
0 0 1

  Inverse Direction: 
-1 0 0
0 -1 0
0 0 1

  PixelContainer: 
    ImportImageContainer (0x365dd60)
      RTTI typeinfo:   itk::ImportImageContainer<unsigned long, double>
      Reference Count: 1
      Modified Time: 1186
      Debug: Off
      Object Name: 
      Observers: 
        none
      Pointer: 0x15373d3f5010
      Container manages memory: true
      Size: 8530021
      Capacity: 8530021

     Moving image = Image (0x364ff60)
  RTTI typeinfo:   itk::Image<double, 3u>
  Reference Count: 2
  Modified Time: 1579
  Debug: Off
  Object Name: 
  Observers: 
    none
  Source: (none)
  Source output name: (none)
  Release Data: Off
  Data Released: False
  Global Release Data: Off
  PipelineMTime: 0
  UpdateMTime: 1576
  RealTimeStamp: 0 seconds 
  LargestPossibleRegion: 
    Dimension: 3
    Index: [0, 0, 0]
    Size: [160, 240, 256]
  BufferedRegion: 
    Dimension: 3
    Index: [0, 0, 0]
    Size: [160, 240, 256]
  RequestedRegion: 
    Dimension: 3
    Index: [0, 0, 0]
    Size: [160, 240, 256]
  Spacing: [1, 1, 1]
  Origin: [98.6438, 87.6358, -117.989]
  Direction: 
-0.993515 -0.100993 -0.0522355
0.100854 -0.994887 0.00530255
-0.0525039 1.93537e-08 0.998621

  IndexToPointMatrix: 
-0.993515 -0.100993 -0.0522355
0.100854 -0.994887 0.00530255
-0.0525039 1.93537e-08 0.998621

  PointToIndexMatrix: 
-0.993515 0.100854 -0.0525039
-0.100993 -0.994887 1.93006e-08
-0.0522355 0.00530255 0.998621

  Inverse Direction: 
-0.993515 0.100854 -0.0525039
-0.100993 -0.994887 1.93006e-08
-0.0522355 0.00530255 0.998621

  PixelContainer: 
    ImportImageContainer (0x36416d0)
      RTTI typeinfo:   itk::ImportImageContainer<unsigned long, double>
      Reference Count: 1
      Modified Time: 1573
      Debug: Off
      Object Name: 
      Observers: 
        none
      Pointer: 0x1537388f4010
      Container manages memory: true
      Size: 9830400
      Capacity: 9830400

     Weighting = 1
     Sampling strategy = regular
     Number of bins = 32
     Radius = 4
     Sampling percentage  = 0.25
   Transform = Rigid
     Gradient step = 0.1
     Update field sigma (voxel space) = 0
     Total field sigma (voxel space) = 0
     Update field time sigma = 0
     Total field time sigma  = 0
     Number of time indices = 0
     Number of time point samples = 0
Registration using 1 total stages.

Stage 0
  iterations = 1000x500x250x100
  convergence threshold = 1e-06
  convergence window size = 10
  number of levels = 4
  using the Mattes MI metric (number of bins = 32, weight = 1, use gradient filter = 0)
  preprocessing:  winsorizing the image intensities
  Shrink factors (level 1 out of 4): [8, 8, 8]
  Shrink factors (level 2 out of 4): [4, 4, 4]
  Shrink factors (level 3 out of 4): [2, 2, 2]
  Shrink factors (level 4 out of 4): [1, 1, 1]
  smoothing sigmas per level: [3, 2, 1, 0]
  regular sampling (percentage = 0.25)

*** Running Euler3DTransform registration ***

DIAGNOSTIC,Iteration,metricValue,convergenceValue,ITERATION_TIME_INDEX,SINCE_LAST
 2DIAGNOSTIC,     1, -5.238630234552e-01, 1.797693134862e+308, 7.7546e-01, 7.7546e-01, 
 2DIAGNOSTIC,     2, -5.257885820767e-01, 1.797693134862e+308, 7.8034e-01, 4.8809e-03, 
 2DIAGNOSTIC,     3, -5.278597554839e-01, 1.797693134862e+308, 7.8496e-01, 4.6241e-03, 
 2DIAGNOSTIC,     4, -5.302176117225e-01, 1.797693134862e+308, 7.8968e-01, 4.7162e-03, 
 2DIAGNOSTIC,     5, -5.343462816845e-01, 1.797693134862e+308, 7.9427e-01, 4.5919e-03, 
 2DIAGNOSTIC,     6, -5.399239396740e-01, 1.797693134862e+308, 7.9897e-01, 4.6961e-03, 
 2DIAGNOSTIC,     7, -5.490554822001e-01, 1.797693134862e+308, 8.0375e-01, 4.7860e-03, 
 2DIAGNOSTIC,     8, -5.545204224448e-01, 1.797693134862e+308, 8.0986e-01, 6.1100e-03, 
 2DIAGNOSTIC,     9, -5.601437715553e-01, 1.797693134862e+308, 8.1463e-01, 4.7719e-03, 
 2DIAGNOSTIC,    10, -5.617741193774e-01, 5.067640484485e-03, 8.1963e-01, 4.9930e-03, 
 2DIAGNOSTIC,    11, -5.649562249041e-01, 4.796539612083e-03, 8.2559e-01, 5.9590e-03, 
 2DIAGNOSTIC,    12, -5.658710903081e-01, 4.260783098155e-03, 8.3090e-01, 5.3179e-03, 
 2DIAGNOSTIC,    13, -5.662828333056e-01, 3.524744036645e-03, 8.3562e-01, 4.7159e-03, 
 2DIAGNOSTIC,    14, -5.685908474577e-01, 2.751340472953e-03, 8.4114e-01, 5.5201e-03, 
 2DIAGNOSTIC,    15, -5.732745043306e-01, 2.134644679428e-03, 8.4825e-01, 7.1089e-03, 
 2DIAGNOSTIC,    16, -5.738084427846e-01, 1.591333148336e-03, 8.5430e-01, 6.0482e-03, 
 2DIAGNOSTIC,    17, -5.739093703465e-01, 1.247363567740e-03, 8.5908e-01, 4.7860e-03, 
 2DIAGNOSTIC,    18, -5.745773598458e-01, 1.002163966316e-03, 8.6395e-01, 4.8680e-03, 
 2DIAGNOSTIC,    19, -5.752045522722e-01, 8.579763081916e-04, 8.6873e-01, 4.7789e-03, 
 2DIAGNOSTIC,    20, -5.755578777726e-01, 6.955845773853e-04, 8.7346e-01, 4.7278e-03, 
 2DIAGNOSTIC,    21, -5.761681227725e-01, 5.767135182675e-04, 8.7833e-01, 4.8730e-03, 
 2DIAGNOSTIC,    22, -5.775610178280e-01, 4.707067062500e-04, 8.8317e-01, 4.8380e-03, 
 2DIAGNOSTIC,    23, -5.801876522129e-01, 3.965856196707e-04, 8.8828e-01, 5.1081e-03, 
 2DIAGNOSTIC,    24, -5.873578871733e-01, 4.881452203259e-04, 8.9508e-01, 6.7999e-03, 
 2DIAGNOSTIC,    25, -5.924052233431e-01, 7.199711433618e-04, 9.0244e-01, 7.3631e-03, 
 2DIAGNOSTIC,    26, -5.933789722472e-01, 8.944842698030e-04, 9.0834e-01, 5.9049e-03, 
 2DIAGNOSTIC,    27, -5.948140362530e-01, 1.002036484234e-03, 9.1361e-01, 5.2691e-03, 
 2DIAGNOSTIC,    28, -5.954370004497e-01, 1.029952320668e-03, 9.1829e-01, 4.6751e-03, 
 2DIAGNOSTIC,    29, -5.955619965575e-01, 9.699000561130e-04, 9.2295e-01, 4.6599e-03, 
 2DIAGNOSTIC,    30, -5.960977142393e-01, 8.366692958472e-04, 9.2764e-01, 4.6899e-03, 
 2DIAGNOSTIC,    31, -5.971105016106e-01, 6.606986234347e-04, 9.3297e-01, 5.3341e-03, 
 2DIAGNOSTIC,    32, -5.989728413268e-01, 4.853112631942e-04, 9.4015e-01, 7.1800e-03, 
 2DIAGNOSTIC,    33, -5.996340170960e-01, 3.222359244741e-04, 9.4486e-01, 4.7119e-03, 
 2DIAGNOSTIC,    34, -5.997688324633e-01, 2.443793009943e-04, 9.4986e-01, 4.9970e-03, 
 2DIAGNOSTIC,    35, -5.999328162609e-01, 2.224308782778e-04, 9.5568e-01, 5.8160e-03, 
 2DIAGNOSTIC,    36, -6.001598298402e-01, 1.965988101311e-04, 9.6042e-01, 4.7460e-03, 
 2DIAGNOSTIC,    37, -6.004938012855e-01, 1.767006113031e-04, 9.6568e-01, 5.2559e-03, 
 2DIAGNOSTIC,    38, -6.008280010001e-01, 1.536048157049e-04, 9.7045e-01, 4.7700e-03, 
 2DIAGNOSTIC,    39, -6.038559363777e-01, 1.574331424351e-04, 9.7596e-01, 5.5060e-03, 
 2DIAGNOSTIC,    40, -6.077047305862e-01, 1.993081279903e-04, 9.8099e-01, 5.0361e-03, 
 2DIAGNOSTIC,    41, -6.174632680616e-01, 3.481386898314e-04, 9.8731e-01, 6.3229e-03, 
 2DIAGNOSTIC,    42, -6.161977716544e-01, 4.608905093342e-04, 9.9682e-01, 9.5010e-03, 
 2DIAGNOSTIC,    43, -6.161564347488e-01, 5.335367144650e-04, 1.0015e+00, 4.6659e-03, 
 2DIAGNOSTIC,    44, -6.170772061074e-01, 5.644815693596e-04, 1.0060e+00, 4.5540e-03, 
 2DIAGNOSTIC,    45, -6.185357146895e-01, 5.560470260002e-04, 1.0106e+00, 4.5631e-03, 
 2DIAGNOSTIC,    46, -6.206472523399e-01, 5.180554030184e-04, 1.0152e+00, 4.5700e-03, 
 2DIAGNOSTIC,    47, -6.234100381358e-01, 4.649601734107e-04, 1.0197e+00, 4.5800e-03, 
 2DIAGNOSTIC,    48, -6.282459748482e-01, 4.232183291549e-04, 1.0243e+00, 4.5571e-03, 
 2DIAGNOSTIC,    49, -6.332856994220e-01, 4.219356077158e-04, 1.0289e+00, 4.6282e-03, 
 2DIAGNOSTIC,    50, -6.437673420648e-01, 5.158705871195e-04, 1.0336e+00, 4.6532e-03, 
 2DIAGNOSTIC,    51, -6.567709940473e-01, 7.709777720966e-04, 1.0383e+00, 4.7450e-03, 
 2DIAGNOSTIC,    52, -6.630139259759e-01, 9.856120420025e-04, 1.0436e+00, 5.2969e-03, 
 2DIAGNOSTIC,    53, -6.637658025216e-01, 1.103855215347e-03, 1.0483e+00, 4.6420e-03, 
 2DIAGNOSTIC,    54, -6.646848108723e-01, 1.129224808220e-03, 1.0530e+00, 4.7181e-03, 
 2DIAGNOSTIC,    55, -6.699955109826e-01, 1.103370608829e-03, 1.0615e+00, 8.5001e-03, 
 2DIAGNOSTIC,    56, -6.720090137234e-01, 1.005090210230e-03, 1.0683e+00, 6.8541e-03, 
 2DIAGNOSTIC,    57, -6.720481898088e-01, 8.375242431194e-04, 1.0729e+00, 4.5590e-03, 
 2DIAGNOSTIC,    58, -6.725919720003e-01, 6.425668397670e-04, 1.0778e+00, 4.8709e-03, 
 2DIAGNOSTIC,    59, -6.729036458801e-01, 4.360797532191e-04, 1.0823e+00, 4.4990e-03, 
 2DIAGNOSTIC,    60, -6.731488762453e-01, 2.773044667219e-04, 1.0868e+00, 4.4839e-03, 
 2DIAGNOSTIC,    61, -6.734259103691e-01, 1.993310165175e-04, 1.0913e+00, 4.5402e-03, 
 2DIAGNOSTIC,    62, -6.739132157650e-01, 1.568959065439e-04, 1.0960e+00, 4.7250e-03, 
 2DIAGNOSTIC,    63, -6.762843291745e-01, 1.247260894135e-04, 1.1023e+00, 6.2921e-03, 
 2DIAGNOSTIC,    64, -6.766381619961e-01, 8.969325899467e-05, 1.1070e+00, 4.6430e-03, 
 2DIAGNOSTIC,    65, -6.771215249779e-01, 8.898259700684e-05, 1.1116e+00, 4.6499e-03, 
 2DIAGNOSTIC,    66, -6.778537273696e-01, 9.953399365608e-05, 1.1168e+00, 5.2278e-03, 
 2DIAGNOSTIC,    67, -6.792268224829e-01, 1.098306533528e-04, 1.1233e+00, 6.4580e-03, 
 2DIAGNOSTIC,    68, -6.807680964756e-01, 1.231390075307e-04, 1.1280e+00, 4.6761e-03, 
 2DIAGNOSTIC,    69, -6.815199744805e-01, 1.312165322419e-04, 1.1325e+00, 4.5800e-03, 
 2DIAGNOSTIC,    70, -6.818104943263e-01, 1.303112242856e-04, 1.1388e+00, 6.2370e-03, 
 2DIAGNOSTIC,    71, -6.820510389033e-01, 1.205025841571e-04, 1.1435e+00, 4.6871e-03, 
 2DIAGNOSTIC,    72, -6.822317100547e-01, 1.032404216771e-04, 1.1481e+00, 4.5900e-03, 
 2DIAGNOSTIC,    73, -6.825798795115e-01, 9.372214313721e-05, 1.1543e+00, 6.2690e-03, 
 2DIAGNOSTIC,    74, -6.826263866499e-01, 7.797268804996e-05, 1.1590e+00, 4.6430e-03, 
 2DIAGNOSTIC,    75, -6.826914487063e-01, 5.871081689043e-05, 1.1635e+00, 4.5271e-03, 
 2DIAGNOSTIC,    76, -6.828123210707e-01, 3.951631886199e-05, 1.1681e+00, 4.5710e-03, 
 2DIAGNOSTIC,    77, -6.832344896971e-01, 2.762777179776e-05, 1.1727e+00, 4.5900e-03, 
 2DIAGNOSTIC,    78, -6.838171811698e-01, 2.580757064741e-05, 1.1795e+00, 6.8359e-03, 
 2DIAGNOSTIC,    79, -6.837376393558e-01, 2.542000555692e-05, 1.1842e+00, 4.6930e-03, 
 2DIAGNOSTIC,    80, -6.837941006206e-01, 2.471284862434e-05, 1.1889e+00, 4.7259e-03, 
 2DIAGNOSTIC,    81, -6.839726515027e-01, 2.407035530769e-05, 1.1936e+00, 4.6651e-03, 
 2DIAGNOSTIC,    82, -6.841107778945e-01, 2.281059626646e-05, 1.1983e+00, 4.7200e-03, 
 2DIAGNOSTIC,    83, -6.851046121993e-01, 2.675756943436e-05, 1.2050e+00, 6.6931e-03, 
 2DIAGNOSTIC,    84, -6.858177639213e-01, 3.208784019532e-05, 1.2109e+00, 5.8620e-03, 
 2DIAGNOSTIC,    85, -6.861555737376e-01, 3.640323089506e-05, 1.2186e+00, 7.7391e-03, 
 2DIAGNOSTIC,    86, -6.861558674051e-01, 3.780110820533e-05, 1.2234e+00, 4.8020e-03, 
 2DIAGNOSTIC,    87, -6.861668844745e-01, 3.777698240054e-05, 1.2281e+00, 4.6940e-03, 
 2DIAGNOSTIC,    88, -6.861799356389e-01, 3.717430969335e-05, 1.2331e+00, 4.9632e-03, 
 2DIAGNOSTIC,    89, -6.861876233429e-01, 3.259290396001e-05, 1.2383e+00, 5.2421e-03, 
 2DIAGNOSTIC,    90, -6.861914389868e-01, 2.533794714857e-05, 1.2430e+00, 4.7021e-03, 
 2DIAGNOSTIC,    91, -6.861984262668e-01, 1.686222128493e-05, 1.2479e+00, 4.8501e-03, 
 2DIAGNOSTIC,    92, -6.862113230141e-01, 7.665891280793e-06, 1.2526e+00, 4.7920e-03, 
 2DIAGNOSTIC,    93, -6.862267134617e-01, 2.805695775201e-06, 1.2573e+00, 4.6940e-03, 
 2DIAGNOSTIC,    94, -6.862421185696e-01, 1.276843406360e-06, 1.2626e+00, 5.2710e-03, 
 2DIAGNOSTIC,    95, -6.863402518500e-01, 1.767018956820e-06, 1.2690e+00, 6.4008e-03, 
 2DIAGNOSTIC,    96, -6.863402137365e-01, 2.099545977444e-06, 1.2736e+00, 4.6389e-03, 
 2DIAGNOSTIC,    97, -6.863403454060e-01, 2.312455653070e-06, 1.2783e+00, 4.6611e-03, 
 2DIAGNOSTIC,    98, -6.863407910302e-01, 2.398813802000e-06, 1.2830e+00, 4.7090e-03, 
 2DIAGNOSTIC,    99, -6.863418463751e-01, 2.322715110512e-06, 1.2878e+00, 4.7879e-03, 
 2DIAGNOSTIC,   100, -6.863433069381e-01, 2.074128173870e-06, 1.3026e+00, 1.4797e-02, 
 2DIAGNOSTIC,   101, -6.863433068058e-01, 1.693185519961e-06, 1.3176e+00, 1.5030e-02, 
 2DIAGNOSTIC,   102, -6.863433068058e-01, 1.252276525568e-06, 1.3362e+00, 1.8542e-02, 
DIAGNOSTIC,Iteration,metricValue,convergenceValue,ITERATION_TIME_INDEX,SINCE_LAST
 2DIAGNOSTIC,     1, -5.583137153844e-01, 1.797693134862e+308, 2.0652e+00, 7.2907e-01, 
 2DIAGNOSTIC,     2, -5.587691897063e-01, 1.797693134862e+308, 2.0954e+00, 3.0128e-02, 
 2DIAGNOSTIC,     3, -5.591104700292e-01, 1.797693134862e+308, 2.1252e+00, 2.9785e-02, 
 2DIAGNOSTIC,     4, -5.599295605798e-01, 1.797693134862e+308, 2.1542e+00, 2.8993e-02, 
 2DIAGNOSTIC,     5, -5.608881195748e-01, 1.797693134862e+308, 2.1866e+00, 3.2448e-02, 
 2DIAGNOSTIC,     6, -5.613235098102e-01, 1.797693134862e+308, 2.2166e+00, 3.0013e-02, 
 2DIAGNOSTIC,     7, -5.624613678915e-01, 1.797693134862e+308, 2.2537e+00, 3.7137e-02, 
 2DIAGNOSTIC,     8, -5.631245798977e-01, 1.797693134862e+308, 2.2929e+00, 3.9111e-02, 
 2DIAGNOSTIC,     9, -5.632669307101e-01, 1.797693134862e+308, 2.3280e+00, 3.5111e-02, 
 2DIAGNOSTIC,    10, -5.639215214070e-01, 6.925124133787e-04, 2.3602e+00, 3.2255e-02, 
 2DIAGNOSTIC,    11, -5.654851520077e-01, 6.698276367869e-04, 2.3976e+00, 3.7349e-02, 
 2DIAGNOSTIC,    12, -5.659978391781e-01, 6.301731641900e-04, 2.4322e+00, 3.4647e-02, 
 2DIAGNOSTIC,    13, -5.660890081745e-01, 5.566108903682e-04, 2.4659e+00, 3.3651e-02, 
 2DIAGNOSTIC,    14, -5.661592671663e-01, 4.760605626906e-04, 2.5096e+00, 4.3715e-02, 
 2DIAGNOSTIC,    15, -5.661528666579e-01, 3.952096624040e-04, 2.5431e+00, 3.3503e-02, 
 2DIAGNOSTIC,    16, -5.661555241592e-01, 3.007171481846e-04, 2.5753e+00, 3.2235e-02, 
 2DIAGNOSTIC,    17, -5.661540016209e-01, 2.230364597071e-04, 2.6084e+00, 3.3087e-02, 
 2DIAGNOSTIC,    18, -5.661309747532e-01, 1.522673601592e-04, 2.6415e+00, 3.3135e-02, 
 2DIAGNOSTIC,    19, -5.661243616927e-01, 7.884716553493e-05, 2.6740e+00, 3.2447e-02, 
 2DIAGNOSTIC,    20, -5.660987465842e-01, 2.054825104351e-05, 2.7032e+00, 2.9197e-02, 
 2DIAGNOSTIC,    21, -5.660917649035e-01, 3.140695530868e-06, 2.7343e+00, 3.1097e-02, 
DIAGNOSTIC,Iteration,metricValue,convergenceValue,ITERATION_TIME_INDEX,SINCE_LAST
 2DIAGNOSTIC,     1, -5.040118295862e-01, 1.797693134862e+308, 3.8136e+00, 1.0793e+00, 
 2DIAGNOSTIC,     2, -5.041729124783e-01, 1.797693134862e+308, 4.0566e+00, 2.4307e-01, 
 2DIAGNOSTIC,     3, -5.042645385708e-01, 1.797693134862e+308, 4.3028e+00, 2.4620e-01, 
 2DIAGNOSTIC,     4, -5.043250042674e-01, 1.797693134862e+308, 4.5242e+00, 2.2142e-01, 
 2DIAGNOSTIC,     5, -5.043580668153e-01, 1.797693134862e+308, 4.7771e+00, 2.5283e-01, 
 2DIAGNOSTIC,     6, -5.045490822265e-01, 1.797693134862e+308, 5.1790e+00, 4.0189e-01, 
 2DIAGNOSTIC,     7, -5.045596092738e-01, 1.797693134862e+308, 5.4358e+00, 2.5682e-01, 
 2DIAGNOSTIC,     8, -5.045537468271e-01, 1.797693134862e+308, 5.8401e+00, 4.0428e-01, 
 2DIAGNOSTIC,     9, -5.045568972230e-01, 1.797693134862e+308, 6.1132e+00, 2.7316e-01, 
 2DIAGNOSTIC,    10, -5.045566812869e-01, 7.217550167807e-05, 6.3692e+00, 2.5598e-01, 
 2DIAGNOSTIC,    11, -5.045563276150e-01, 4.871288753672e-05, 6.6221e+00, 2.5294e-01, 
 2DIAGNOSTIC,    12, -5.045542489814e-01, 3.241718308374e-05, 6.9055e+00, 2.8337e-01, 
 2DIAGNOSTIC,    13, -5.045558000468e-01, 2.006143279225e-05, 7.2029e+00, 2.9743e-01, 
 2DIAGNOSTIC,    14, -5.045556792363e-01, 1.035712763633e-05, 7.4727e+00, 2.6974e-01, 
 2DIAGNOSTIC,    15, -5.045526163231e-01, 2.130476749365e-06, 7.7618e+00, 2.8909e-01, 
 2DIAGNOSTIC,    16, -5.045529611029e-01, 1.662951078105e-06, 8.0223e+00, 2.6055e-01, 
 2DIAGNOSTIC,    17, -5.045513115653e-01, 1.580735361183e-06, 8.2496e+00, 2.2731e-01, 
 2DIAGNOSTIC,    18, -5.045507645158e-01, 1.330299694360e-06, 8.4782e+00, 2.2854e-01, 
 2DIAGNOSTIC,    19, -5.045513927341e-01, 1.258111599581e-06, 8.7331e+00, 2.5495e-01, 
 2DIAGNOSTIC,    20, -5.045527367976e-01, 1.263885388167e-06, 9.0358e+00, 3.0265e-01, 
 2DIAGNOSTIC,    21, -5.045529041854e-01, 1.295861562729e-06, 9.2942e+00, 2.5839e-01, 
 2DIAGNOSTIC,    22, -5.045521645479e-01, 1.272050969899e-06, 9.5515e+00, 2.5730e-01, 
 2DIAGNOSTIC,    23, -5.045514996578e-01, 1.289045864133e-06, 9.7920e+00, 2.4051e-01, 
 2DIAGNOSTIC,    24, -5.045510006018e-01, 1.300413229890e-06, 1.0049e+01, 2.5696e-01, 
 2DIAGNOSTIC,    25, -5.045484927332e-01, 1.186121632871e-06, 1.0290e+01, 2.4112e-01, 
 2DIAGNOSTIC,    26, -5.045471162099e-01, 1.068580518987e-06, 1.0586e+01, 2.9574e-01, 
DIAGNOSTIC,Iteration,metricValue,convergenceValue,ITERATION_TIME_INDEX,SINCE_LAST
 2DIAGNOSTIC,     1, -4.672768926493e-01, 1.797693134862e+308, 1.3079e+01, 2.4930e+00, 
 2DIAGNOSTIC,     2, -4.673603326424e-01, 1.797693134862e+308, 1.4762e+01, 1.6832e+00, 
 2DIAGNOSTIC,     3, -4.673600906841e-01, 1.797693134862e+308, 1.7996e+01, 3.2342e+00, 
 2DIAGNOSTIC,     4, -4.673601217893e-01, 1.797693134862e+308, 2.2906e+01, 4.9102e+00, 
 2DIAGNOSTIC,     5, -4.673601217869e-01, 1.797693134862e+308, 2.7565e+01, 4.6586e+00, 
 2DIAGNOSTIC,     6, -4.673601217869e-01, 1.797693134862e+308, 2.9471e+01, 1.9062e+00, 
 2DIAGNOSTIC,     7, -4.673601217869e-01, 1.797693134862e+308, 3.1206e+01, 1.7351e+00, 
 2DIAGNOSTIC,     8, -4.673601217869e-01, 1.797693134862e+308, 3.3087e+01, 1.8810e+00, 
 2DIAGNOSTIC,     9, -4.673601217869e-01, 1.797693134862e+308, 3.4750e+01, 1.6631e+00, 
 2DIAGNOSTIC,    10, -4.673601217869e-01, 8.232587661347e-06, 3.7127e+01, 2.3765e+00, 
 2DIAGNOSTIC,    11, -4.673601217869e-01, 2.881702761498e-06, 3.8793e+01, 1.6659e+00, 
 2DIAGNOSTIC,    12, -4.673601217869e-01, 2.652442265147e-06, 4.0495e+01, 1.7024e+00, 
 2DIAGNOSTIC,    13, -4.673601217869e-01, 2.446950483265e-06, 4.2236e+01, 1.7410e+00, 
 2DIAGNOSTIC,    14, -4.673601217869e-01, 2.272166191544e-06, 4.3835e+01, 1.5991e+00, 
 2DIAGNOSTIC,    15, -4.673601217869e-01, 2.120686650953e-06, 4.5685e+01, 1.8498e+00, 
 2DIAGNOSTIC,    16, -4.673601217869e-01, 1.988142263223e-06, 4.7594e+01, 1.9088e+00, 
 2DIAGNOSTIC,    17, -4.673601217869e-01, 1.871191495889e-06, 4.9332e+01, 1.7378e+00, 
 2DIAGNOSTIC,    18, -4.673601217869e-01, 1.767235386536e-06, 5.1112e+01, 1.7809e+00, 
 2DIAGNOSTIC,    19, -4.673601217869e-01, 1.674222127844e-06, 5.2826e+01, 1.7139e+00, 
 2DIAGNOSTIC,    20, -4.673601217869e-01, 1.590510277677e-06, 5.4558e+01, 1.7320e+00, 
 2DIAGNOSTIC,    21, -4.673601217869e-01, 1.514771052133e-06, 5.6293e+01, 1.7350e+00, 
 2DIAGNOSTIC,    22, -4.673601217869e-01, 1.445917266328e-06, 5.8195e+01, 1.9013e+00, 
 2DIAGNOSTIC,    23, -4.673601217869e-01, 1.383050812515e-06, 5.9955e+01, 1.7599e+00, 
 2DIAGNOSTIC,    24, -4.673601217869e-01, 1.325423268660e-06, 6.1517e+01, 1.5621e+00, 
 2DIAGNOSTIC,    25, -4.673601217869e-01, 1.272405961067e-06, 6.3259e+01, 1.7425e+00, 
 2DIAGNOSTIC,    26, -4.673601217869e-01, 1.223466935783e-06, 6.5109e+01, 1.8495e+00, 
 2DIAGNOSTIC,    27, -4.673601217869e-01, 1.178153047357e-06, 6.6968e+01, 1.8596e+00, 
 2DIAGNOSTIC,    28, -4.673601217869e-01, 1.136075885783e-06, 6.8702e+01, 1.7336e+00, 
 2DIAGNOSTIC,    29, -4.673601217869e-01, 1.096900615193e-06, 7.0448e+01, 1.7466e+00, 
 2DIAGNOSTIC,    30, -4.673601217869e-01, 1.060337044778e-06, 7.2169e+01, 1.7204e+00, 
 2DIAGNOSTIC,    31, -4.673601217869e-01, 1.026132427917e-06, 7.3706e+01, 1.5372e+00, 
  Elapsed time (stage 0): 7.4572e+01


Total elapsed time: 7.4582e+01
Info [verificarlo]: loaded backend libinterflop_ieee.so
Info [interflop-ieee]: load backend with:
Info [interflop-ieee]: debug = false
Info [interflop-ieee]: debug-binary = false
Info [interflop-ieee]: no-backend-name = false
Info [interflop-ieee]: print-new-line = false
Info [interflop-ieee]: print-subnormal-normalized = false
Info [interflop-ieee]: count-op = false
All_Command_lines_OK
Using double precision for computations.
=============================================================================
The composite transform comprises the following transforms (in order): 
  1. /home/mdugre/scratch/mri-registration-rp/datasets/ds004513/derivatives/mri-registration-rp/0001/antsRegistration-r7-p23/sub-s035/rigid_Composite.h5[0] (type = Euler3DTransform)
  2. /home/mdugre/scratch/mri-registration-rp/datasets/ds004513/derivatives/mri-registration-rp/0001/antsRegistration-r7-p23/sub-s035/rigid_Composite.h5[1] (type = Euler3DTransform)
  3. /home/mdugre/scratch/mri-registration-rp/datasets/ds004513/derivatives/mri-registration-rp/0001/antsRegistration-r7-p23/sub-s035/rigid_Composite.h5[2] (type = Euler3DTransform)
=============================================================================
  number of levels = 4
  fixed image: /templateflow/tpl-MNI152NLin2009cAsym/tpl-MNI152NLin2009cAsym_res-01_desc-brain_T1w.nii.gz
  moving image: /home/mdugre/scratch/mri-registration-rp/datasets/ds004513/derivatives/mri-registration-rp/antsBrainExtraction/sub-s035/BrainExtractionBrain.nii.gz
Dimension = 3
Number of stages = 1
Use histogram matching = false
Winsorize image intensities = true
  Lower quantile = 0.005
  Upper quantile = 0.995


Stage 1 State
   Image metric = MattesMI
     Fixed image = Image (0x3fd47e0)
  RTTI typeinfo:   itk::Image<double, 3u>
  Reference Count: 2
  Modified Time: 1592
  Debug: Off
  Object Name: 
  Observers: 
    none
  Source: (none)
  Source output name: (none)
  Release Data: Off
  Data Released: False
  Global Release Data: Off
  PipelineMTime: 0
  UpdateMTime: 1203
  RealTimeStamp: 0 seconds 
  LargestPossibleRegion: 
    Dimension: 3
    Index: [0, 0, 0]
    Size: [193, 229, 193]
  BufferedRegion: 
    Dimension: 3
    Index: [0, 0, 0]
    Size: [193, 229, 193]
  RequestedRegion: 
    Dimension: 3
    Index: [0, 0, 0]
    Size: [193, 229, 193]
  Spacing: [1, 1, 1]
  Origin: [96, 132, -78]
  Direction: 
-1 0 0
0 -1 0
0 0 1

  IndexToPointMatrix: 
-1 0 0
0 -1 0
0 0 1

  PointToIndexMatrix: 
-1 0 0
0 -1 0
0 0 1

  Inverse Direction: 
-1 0 0
0 -1 0
0 0 1

  PixelContainer: 
    ImportImageContainer (0x4094a20)
      RTTI typeinfo:   itk::ImportImageContainer<unsigned long, double>
      Reference Count: 1
      Modified Time: 1200
      Debug: Off
      Object Name: 
      Observers: 
        none
      Pointer: 0x153ea1ed0010
      Container manages memory: true
      Size: 8530021
      Capacity: 8530021

     Moving image = Image (0x408fd70)
  RTTI typeinfo:   itk::Image<double, 3u>
  Reference Count: 2
  Modified Time: 1593
  Debug: Off
  Object Name: 
  Observers: 
    none
  Source: (none)
  Source output name: (none)
  Release Data: Off
  Data Released: False
  Global Release Data: Off
  PipelineMTime: 0
  UpdateMTime: 1590
  RealTimeStamp: 0 seconds 
  LargestPossibleRegion: 
    Dimension: 3
    Index: [0, 0, 0]
    Size: [160, 240, 256]
  BufferedRegion: 
    Dimension: 3
    Index: [0, 0, 0]
    Size: [160, 240, 256]
  RequestedRegion: 
    Dimension: 3
    Index: [0, 0, 0]
    Size: [160, 240, 256]
  Spacing: [1, 1, 1]
  Origin: [98.6438, 87.6358, -117.989]
  Direction: 
-0.993515 -0.100993 -0.0522355
0.100854 -0.994887 0.00530255
-0.0525039 1.93537e-08 0.998621

  IndexToPointMatrix: 
-0.993515 -0.100993 -0.0522355
0.100854 -0.994887 0.00530255
-0.0525039 1.93537e-08 0.998621

  PointToIndexMatrix: 
-0.993515 0.100854 -0.0525039
-0.100993 -0.994887 1.93006e-08
-0.0522355 0.00530255 0.998621

  Inverse Direction: 
-0.993515 0.100854 -0.0525039
-0.100993 -0.994887 1.93006e-08
-0.0522355 0.00530255 0.998621

  PixelContainer: 
    ImportImageContainer (0x4047c90)
      RTTI typeinfo:   itk::ImportImageContainer<unsigned long, double>
      Reference Count: 1
      Modified Time: 1587
      Debug: Off
      Object Name: 
      Observers: 
        none
      Pointer: 0x153e9d3cf010
      Container manages memory: true
      Size: 9830400
      Capacity: 9830400

     Weighting = 1
     Sampling strategy = regular
     Number of bins = 32
     Radius = 4
     Sampling percentage  = 0.25
   Transform = Affine
     Gradient step = 0.1
     Update field sigma (voxel space) = 0
     Total field sigma (voxel space) = 0
     Update field time sigma = 0
     Total field time sigma  = 0
     Number of time indices = 0
     Number of time point samples = 0
Registration using 1 total stages.

Stage 0
  iterations = 1000x500x250x100
  convergence threshold = 1e-06
  convergence window size = 10
  number of levels = 4
  using the Mattes MI metric (number of bins = 32, weight = 1, use gradient filter = 0)
  preprocessing:  winsorizing the image intensities
  Shrink factors (level 1 out of 4): [8, 8, 8]
  Shrink factors (level 2 out of 4): [4, 4, 4]
  Shrink factors (level 3 out of 4): [2, 2, 2]
  Shrink factors (level 4 out of 4): [1, 1, 1]
  smoothing sigmas per level: [3, 2, 1, 0]
  regular sampling (percentage = 0.25)

*** Running AffineTransform registration ***

DIAGNOSTIC,Iteration,metricValue,convergenceValue,ITERATION_TIME_INDEX,SINCE_LAST
 2DIAGNOSTIC,     1, -6.770979827711e-01, 1.797693134862e+308, 7.5550e-01, 7.5550e-01, 
 2DIAGNOSTIC,     2, -6.791098184472e-01, 1.797693134862e+308, 7.6067e-01, 5.1630e-03, 
 2DIAGNOSTIC,     3, -6.830884141325e-01, 1.797693134862e+308, 7.6583e-01, 5.1649e-03, 
 2DIAGNOSTIC,     4, -6.901073420773e-01, 1.797693134862e+308, 7.7062e-01, 4.7910e-03, 
 2DIAGNOSTIC,     5, -7.004435809974e-01, 1.797693134862e+308, 7.7551e-01, 4.8831e-03, 
 2DIAGNOSTIC,     6, -7.123445649710e-01, 1.797693134862e+308, 7.8061e-01, 5.1000e-03, 
 2DIAGNOSTIC,     7, -7.364015794298e-01, 1.797693134862e+308, 7.8894e-01, 8.3342e-03, 
 2DIAGNOSTIC,     8, -7.363380774579e-01, 1.797693134862e+308, 7.9423e-01, 5.2931e-03, 
 2DIAGNOSTIC,     9, -7.367925259582e-01, 1.797693134862e+308, 8.0016e-01, 5.9271e-03, 
 2DIAGNOSTIC,    10, -7.371829121484e-01, 6.876681755032e-03, 8.0629e-01, 6.1331e-03, 
 2DIAGNOSTIC,    11, -7.372026392163e-01, 5.772072214853e-03, 8.1186e-01, 5.5640e-03, 
 2DIAGNOSTIC,    12, -7.371191804159e-01, 4.396030397116e-03, 8.1686e-01, 5.0018e-03, 
 2DIAGNOSTIC,    13, -7.370999826987e-01, 2.964520475880e-03, 8.2252e-01, 5.6560e-03, 
 2DIAGNOSTIC,    14, -7.371148123467e-01, 1.680487601727e-03, 8.2858e-01, 6.0689e-03, 
 2DIAGNOSTIC,    15, -7.371267580601e-01, 6.905337356186e-04, 8.3407e-01, 5.4832e-03, 
 2DIAGNOSTIC,    16, -7.372170300625e-01, 4.346956900235e-05, 8.4024e-01, 6.1688e-03, 
 2DIAGNOSTIC,    17, -7.371704741827e-01, 2.789235957340e-05, 8.4517e-01, 4.9341e-03, 
 2DIAGNOSTIC,    18, -7.371554181224e-01, 9.862327892553e-06, 8.5039e-01, 5.2190e-03, 
 2DIAGNOSTIC,    19, -7.372915360123e-01, 5.022102039405e-06, 8.5536e-01, 4.9751e-03, 
 2DIAGNOSTIC,    20, -7.373768076979e-01, 9.572554586210e-06, 8.6193e-01, 6.5660e-03, 
 2DIAGNOSTIC,    21, -7.373156358828e-01, 1.216594913617e-05, 8.6741e-01, 5.4810e-03, 
 2DIAGNOSTIC,    22, -7.371310844583e-01, 8.863133813895e-06, 8.7229e-01, 4.8752e-03, 
 2DIAGNOSTIC,    23, -7.371758856367e-01, 5.717721509611e-06, 8.7757e-01, 5.2791e-03, 
DIAGNOSTIC,Iteration,metricValue,convergenceValue,ITERATION_TIME_INDEX,SINCE_LAST
 2DIAGNOSTIC,     1, -6.031641779765e-01, 1.797693134862e+308, 1.7134e+00, 8.3582e-01, 
 2DIAGNOSTIC,     2, -6.044058804363e-01, 1.797693134862e+308, 1.7505e+00, 3.7070e-02, 
 2DIAGNOSTIC,     3, -6.062450431890e-01, 1.797693134862e+308, 1.7893e+00, 3.8870e-02, 
 2DIAGNOSTIC,     4, -6.080084841832e-01, 1.797693134862e+308, 1.8303e+00, 4.0990e-02, 
 2DIAGNOSTIC,     5, -6.088823856697e-01, 1.797693134862e+308, 1.8657e+00, 3.5376e-02, 
 2DIAGNOSTIC,     6, -6.094070156911e-01, 1.797693134862e+308, 1.9109e+00, 4.5182e-02, 
 2DIAGNOSTIC,     7, -6.096952963580e-01, 1.797693134862e+308, 1.9505e+00, 3.9639e-02, 
 2DIAGNOSTIC,     8, -6.100308701018e-01, 1.797693134862e+308, 2.0093e+00, 5.8789e-02, 
 2DIAGNOSTIC,     9, -6.102896755076e-01, 1.797693134862e+308, 2.0688e+00, 5.9476e-02, 
 2DIAGNOSTIC,    10, -6.102884236194e-01, 7.415476463835e-04, 2.1175e+00, 4.8682e-02, 
 2DIAGNOSTIC,    11, -6.102793580934e-01, 4.952720866861e-04, 2.1625e+00, 4.5008e-02, 
 2DIAGNOSTIC,    12, -6.102645197267e-01, 2.929800130375e-04, 2.2027e+00, 4.0269e-02, 
 2DIAGNOSTIC,    13, -6.102584325075e-01, 1.601455781837e-04, 2.2630e+00, 6.0232e-02, 
 2DIAGNOSTIC,    14, -6.102548706278e-01, 9.005204255955e-05, 2.3060e+00, 4.3008e-02, 
 2DIAGNOSTIC,    15, -6.102393034289e-01, 4.780447013852e-05, 2.3487e+00, 4.2705e-02, 
 2DIAGNOSTIC,    16, -6.102459144215e-01, 2.217491148555e-05, 2.3902e+00, 4.1543e-02, 
 2DIAGNOSTIC,    17, -6.102320798080e-01, 5.061315480434e-06, 2.4306e+00, 4.0368e-02, 
DIAGNOSTIC,Iteration,metricValue,convergenceValue,ITERATION_TIME_INDEX,SINCE_LAST
 2DIAGNOSTIC,     1, -5.339045451833e-01, 1.797693134862e+308, 3.6631e+00, 1.2325e+00, 
 2DIAGNOSTIC,     2, -5.343474436619e-01, 1.797693134862e+308, 3.9776e+00, 3.1444e-01, 
 2DIAGNOSTIC,     3, -5.346925540078e-01, 1.797693134862e+308, 4.2892e+00, 3.1169e-01, 
 2DIAGNOSTIC,     4, -5.348408619413e-01, 1.797693134862e+308, 4.5961e+00, 3.0689e-01, 
 2DIAGNOSTIC,     5, -5.350390184932e-01, 1.797693134862e+308, 4.8940e+00, 2.9786e-01, 
 2DIAGNOSTIC,     6, -5.354314575180e-01, 1.797693134862e+308, 5.2216e+00, 3.2756e-01, 
 2DIAGNOSTIC,     7, -5.355284396355e-01, 1.797693134862e+308, 5.5503e+00, 3.2876e-01, 
 2DIAGNOSTIC,     8, -5.356620973574e-01, 1.797693134862e+308, 5.9729e+00, 4.2255e-01, 
 2DIAGNOSTIC,     9, -5.357106828956e-01, 1.797693134862e+308, 6.2951e+00, 3.2219e-01, 
 2DIAGNOSTIC,    10, -5.359046001317e-01, 2.293117162370e-04, 6.6151e+00, 3.2004e-01, 
 2DIAGNOSTIC,    11, -5.361450393536e-01, 1.850873391300e-04, 6.9237e+00, 3.0863e-01, 
 2DIAGNOSTIC,    12, -5.368616844130e-01, 1.826543200430e-04, 7.5707e+00, 6.4701e-01, 
 2DIAGNOSTIC,    13, -5.368593968266e-01, 1.778265964441e-04, 7.9377e+00, 3.6698e-01, 
 2DIAGNOSTIC,    14, -5.368551314991e-01, 1.636486726360e-04, 8.3228e+00, 3.8511e-01, 
 2DIAGNOSTIC,    15, -5.368534152516e-01, 1.435669332158e-04, 8.6762e+00, 3.5333e-01, 
 2DIAGNOSTIC,    16, -5.368512024070e-01, 1.257091469596e-04, 9.0716e+00, 3.9541e-01, 
 2DIAGNOSTIC,    17, -5.368502980691e-01, 1.011577668407e-04, 9.4578e+00, 3.8619e-01, 
 2DIAGNOSTIC,    18, -5.368487322793e-01, 7.412565792413e-05, 9.8062e+00, 3.4850e-01, 
 2DIAGNOSTIC,    19, -5.368471658041e-01, 4.480659568033e-05, 1.0110e+01, 3.0407e-01, 
 2DIAGNOSTIC,    20, -5.368458988160e-01, 1.957207695800e-05, 1.0460e+01, 3.4922e-01, 
DIAGNOSTIC,Iteration,metricValue,convergenceValue,ITERATION_TIME_INDEX,SINCE_LAST
 2DIAGNOSTIC,     1, -4.918539452468e-01, 1.797693134862e+308, 1.3672e+01, 3.2125e+00, 
 2DIAGNOSTIC,     2, -4.921015478741e-01, 1.797693134862e+308, 1.5616e+01, 1.9439e+00, 
 2DIAGNOSTIC,     3, -4.922962316613e-01, 1.797693134862e+308, 1.7735e+01, 2.1190e+00, 
 2DIAGNOSTIC,     4, -4.924092583967e-01, 1.797693134862e+308, 1.9748e+01, 2.0128e+00, 
 2DIAGNOSTIC,     5, -4.925382918517e-01, 1.797693134862e+308, 2.1658e+01, 1.9100e+00, 
 2DIAGNOSTIC,     6, -4.929184921544e-01, 1.797693134862e+308, 2.4441e+01, 2.7831e+00, 
 2DIAGNOSTIC,     7, -4.930131661153e-01, 1.797693134862e+308, 2.8442e+01, 4.0013e+00, 
 2DIAGNOSTIC,     8, -4.930129076743e-01, 1.797693134862e+308, 3.1401e+01, 2.9585e+00, 
 2DIAGNOSTIC,     9, -4.930128182790e-01, 1.797693134862e+308, 3.3501e+01, 2.1004e+00, 
 2DIAGNOSTIC,    10, -4.930126698635e-01, 1.648834415681e-04, 3.5618e+01, 2.1168e+00, 
 2DIAGNOSTIC,    11, -4.930125924772e-01, 1.181620983737e-04, 3.7966e+01, 2.3485e+00, 
 2DIAGNOSTIC,    12, -4.930125150855e-01, 8.054988678552e-05, 4.0063e+01, 2.0965e+00, 
 2DIAGNOSTIC,    13, -4.930124600631e-01, 5.051543854734e-05, 4.2333e+01, 2.2705e+00, 
 2DIAGNOSTIC,    14, -4.930124952380e-01, 2.516677729145e-05, 4.4508e+01, 2.1748e+00, 
 2DIAGNOSTIC,    15, -4.930124115653e-01, 5.692668540030e-06, 4.6427e+01, 1.9187e+00, 
 2DIAGNOSTIC,    16, -4.930123457705e-01, 1.931755767778e-06, 4.8383e+01, 1.9565e+00, 
 2DIAGNOSTIC,    17, -4.930122005875e-01, 1.826061439676e-06, 5.0766e+01, 2.3831e+00, 
 2DIAGNOSTIC,    18, -4.930122341409e-01, 1.729242450725e-06, 5.2986e+01, 2.2199e+00, 
 2DIAGNOSTIC,    19, -4.930121493077e-01, 1.640868499769e-06, 5.4967e+01, 1.9810e+00, 
