
##########################
# Experiment information #
##########################

EXPERIMENT_NAME: antsRegistration-r7-p7
VFC_BACKENDS: libinterflop_vprec.so --range-binary32=7 --precision-binary32=7 --range-binary64=7 --precision-binary64=7

SIF_IMG: /home/mdugre/projects/rrg-glatard/mdugre/containers/ants-vprec-no_metrics.simg

SUBJECT_ID: s017
INPUT_IMG: /home/mdugre/scratch/mri-registration-rp/datasets/ds004513/derivatives/mri-registration-rp/antsBrainExtraction/sub-s017/BrainExtractionBrain.nii.gz
OUTPUT_DIR: /home/mdugre/scratch/mri-registration-rp/datasets/ds004513/derivatives/mri-registration-rp/0001/antsRegistration-r7-p7/sub-s017

FIXED_IMG: /templateflow/tpl-MNI152NLin2009cAsym/tpl-MNI152NLin2009cAsym_res-01_desc-brain_T1w.nii.gz
DATA_DIR: /home/mdugre/scratch/mri-registration-rp/datasets/ds004513
TEMPLATEFLOW_DIR: /home/mdugre/projects/rrg-glatard/mdugre/templateflow
ITK_GLOBAL_DEFAULT_NUMBER_OF_THREADS: 16
##########################

Info [verificarlo]: loaded backend libinterflop_ieee.so
Info [interflop-ieee]: load backend with:
Info [interflop-ieee]: debug = false
Info [interflop-ieee]: debug-binary = false
Info [interflop-ieee]: no-backend-name = false
Info [interflop-ieee]: print-new-line = false
Info [interflop-ieee]: print-subnormal-normalized = false
Info [interflop-ieee]: count-op = false
All_Command_lines_OK
Using double precision for computations.
=============================================================================
The composite transform comprises the following transforms (in order): 
  1. Center of mass alignment using fixed image: /templateflow/tpl-MNI152NLin2009cAsym/tpl-MNI152NLin2009cAsym_res-01_desc-brain_T1w.nii.gz and moving image: /home/mdugre/scratch/mri-registration-rp/datasets/ds004513/derivatives/mri-registration-rp/antsBrainExtraction/sub-s017/BrainExtractionBrain.nii.gz (type = Euler3DTransform)
=============================================================================
  number of levels = 1
  fixed image: /templateflow/tpl-MNI152NLin2009cAsym/tpl-MNI152NLin2009cAsym_res-01_desc-brain_T1w.nii.gz
  moving image: /home/mdugre/scratch/mri-registration-rp/datasets/ds004513/derivatives/mri-registration-rp/antsBrainExtraction/sub-s017/BrainExtractionBrain.nii.gz
Dimension = 3
Number of stages = 1
Use histogram matching = false
Winsorize image intensities = true
  Lower quantile = 0.005
  Upper quantile = 0.995


Stage 1 State
   Image metric = MattesMI
     Fixed image = Image (0x5179bd0)
  RTTI typeinfo:   itk::Image<double, 3u>
  Reference Count: 2
  Modified Time: 2334
  Debug: Off
  Object Name: 
  Observers: 
    none
  Source: (none)
  Source output name: (none)
  Release Data: Off
  Data Released: False
  Global Release Data: Off
  PipelineMTime: 0
  UpdateMTime: 1943
  RealTimeStamp: 0 seconds 
  LargestPossibleRegion: 
    Dimension: 3
    Index: [0, 0, 0]
    Size: [193, 229, 193]
  BufferedRegion: 
    Dimension: 3
    Index: [0, 0, 0]
    Size: [193, 229, 193]
  RequestedRegion: 
    Dimension: 3
    Index: [0, 0, 0]
    Size: [193, 229, 193]
  Spacing: [1, 1, 1]
  Origin: [96, 132, -78]
  Direction: 
-1 0 0
0 -1 0
0 0 1

  IndexToPointMatrix: 
-1 0 0
0 -1 0
0 0 1

  PointToIndexMatrix: 
-1 0 0
0 -1 0
0 0 1

  Inverse Direction: 
-1 0 0
0 -1 0
0 0 1

  PixelContainer: 
    ImportImageContainer (0x51829e0)
      RTTI typeinfo:   itk::ImportImageContainer<unsigned long, double>
      Reference Count: 1
      Modified Time: 1940
      Debug: Off
      Object Name: 
      Observers: 
        none
      Pointer: 0x14835e3cc010
      Container manages memory: true
      Size: 8530021
      Capacity: 8530021

     Moving image = Image (0x5183bd0)
  RTTI typeinfo:   itk::Image<double, 3u>
  Reference Count: 2
  Modified Time: 2335
  Debug: Off
  Object Name: 
  Observers: 
    none
  Source: (none)
  Source output name: (none)
  Release Data: Off
  Data Released: False
  Global Release Data: Off
  PipelineMTime: 0
  UpdateMTime: 2332
  RealTimeStamp: 0 seconds 
  LargestPossibleRegion: 
    Dimension: 3
    Index: [0, 0, 0]
    Size: [160, 240, 256]
  BufferedRegion: 
    Dimension: 3
    Index: [0, 0, 0]
    Size: [160, 240, 256]
  RequestedRegion: 
    Dimension: 3
    Index: [0, 0, 0]
    Size: [160, 240, 256]
  Spacing: [1, 1, 1]
  Origin: [91.3357, 102.231, -120.042]
  Direction: 
-0.997442 -5.36781e-05 -0.0714818
5.35416e-05 -1 3.82465e-06
-0.0714818 -1.23894e-08 0.997442

  IndexToPointMatrix: 
-0.997444 -5.36781e-05 -0.0714818
5.35418e-05 -1 3.82465e-06
-0.0714819 -1.23894e-08 0.997442

  PointToIndexMatrix: 
-0.99744 5.35415e-05 -0.0714816
-5.36781e-05 -1 -1.23894e-08
-0.0714818 3.82465e-06 0.997442

  Inverse Direction: 
-0.997442 5.35416e-05 -0.0714818
-5.36781e-05 -1 -1.23894e-08
-0.0714818 3.82465e-06 0.997442

  PixelContainer: 
    ImportImageContainer (0x5309b50)
      RTTI typeinfo:   itk::ImportImageContainer<unsigned long, double>
      Reference Count: 1
      Modified Time: 2329
      Debug: Off
      Object Name: 
      Observers: 
        none
      Pointer: 0x1483598cb010
      Container manages memory: true
      Size: 9830400
      Capacity: 9830400

     Weighting = 1
     Sampling strategy = regular
     Number of bins = 32
     Radius = 4
     Sampling percentage  = 0.25
   Transform = Rigid
     Gradient step = 0.1
     Update field sigma (voxel space) = 0
     Total field sigma (voxel space) = 0
     Update field time sigma = 0
     Total field time sigma  = 0
     Number of time indices = 0
     Number of time point samples = 0
Registration using 1 total stages.

Stage 0
  iterations = 0
  convergence threshold = 1e-06
  convergence window size = 10
  number of levels = 1
  using the Mattes MI metric (number of bins = 32, weight = 1, use gradient filter = 0)
  preprocessing:  winsorizing the image intensities
  Shrink factors (level 1 out of 1): [1, 1, 1]
  smoothing sigmas per level: [0]
  regular sampling (percentage = 0.25)

*** Running Euler3DTransform registration ***

  Elapsed time (stage 0): 1.09679


Total elapsed time: 1.09889
Info [verificarlo]: loaded backend libinterflop_ieee.so
Info [interflop-ieee]: load backend with:
Info [interflop-ieee]: debug = false
Info [interflop-ieee]: debug-binary = false
Info [interflop-ieee]: no-backend-name = false
Info [interflop-ieee]: print-new-line = false
Info [interflop-ieee]: print-subnormal-normalized = false
Info [interflop-ieee]: count-op = false
All_Command_lines_OK
Using double precision for computations.
=============================================================================
The composite transform comprises the following transforms (in order): 
  1. /home/mdugre/scratch/mri-registration-rp/datasets/ds004513/derivatives/mri-registration-rp/0001/antsRegistration-r7-p7/sub-s017/align_Composite.h5[0] (type = Euler3DTransform)
  2. /home/mdugre/scratch/mri-registration-rp/datasets/ds004513/derivatives/mri-registration-rp/0001/antsRegistration-r7-p7/sub-s017/align_Composite.h5[1] (type = Euler3DTransform)
=============================================================================
  number of levels = 4
  fixed image: /templateflow/tpl-MNI152NLin2009cAsym/tpl-MNI152NLin2009cAsym_res-01_desc-brain_T1w.nii.gz
  moving image: /home/mdugre/scratch/mri-registration-rp/datasets/ds004513/derivatives/mri-registration-rp/antsBrainExtraction/sub-s017/BrainExtractionBrain.nii.gz
Dimension = 3
Number of stages = 1
Use histogram matching = false
Winsorize image intensities = true
  Lower quantile = 0.005
  Upper quantile = 0.995


Stage 1 State
   Image metric = MattesMI
     Fixed image = Image (0x3eee530)
  RTTI typeinfo:   itk::Image<double, 3u>
  Reference Count: 2
  Modified Time: 1580
  Debug: Off
  Object Name: 
  Observers: 
    none
  Source: (none)
  Source output name: (none)
  Release Data: Off
  Data Released: False
  Global Release Data: Off
  PipelineMTime: 0
  UpdateMTime: 1189
  RealTimeStamp: 0 seconds 
  LargestPossibleRegion: 
    Dimension: 3
    Index: [0, 0, 0]
    Size: [193, 229, 193]
  BufferedRegion: 
    Dimension: 3
    Index: [0, 0, 0]
    Size: [193, 229, 193]
  RequestedRegion: 
    Dimension: 3
    Index: [0, 0, 0]
    Size: [193, 229, 193]
  Spacing: [1, 1, 1]
  Origin: [96, 132, -78]
  Direction: 
-1 0 0
0 -1 0
0 0 1

  IndexToPointMatrix: 
-1 0 0
0 -1 0
0 0 1

  PointToIndexMatrix: 
-1 0 0
0 -1 0
0 0 1

  Inverse Direction: 
-1 0 0
0 -1 0
0 0 1

  PixelContainer: 
    ImportImageContainer (0x3facd60)
      RTTI typeinfo:   itk::ImportImageContainer<unsigned long, double>
      Reference Count: 1
      Modified Time: 1186
      Debug: Off
      Object Name: 
      Observers: 
        none
      Pointer: 0x1481b9aff010
      Container manages memory: true
      Size: 8530021
      Capacity: 8530021

     Moving image = Image (0x3f9ef60)
  RTTI typeinfo:   itk::Image<double, 3u>
  Reference Count: 2
  Modified Time: 1581
  Debug: Off
  Object Name: 
  Observers: 
    none
  Source: (none)
  Source output name: (none)
  Release Data: Off
  Data Released: False
  Global Release Data: Off
  PipelineMTime: 0
  UpdateMTime: 1578
  RealTimeStamp: 0 seconds 
  LargestPossibleRegion: 
    Dimension: 3
    Index: [0, 0, 0]
    Size: [160, 240, 256]
  BufferedRegion: 
    Dimension: 3
    Index: [0, 0, 0]
    Size: [160, 240, 256]
  RequestedRegion: 
    Dimension: 3
    Index: [0, 0, 0]
    Size: [160, 240, 256]
  Spacing: [1, 1, 1]
  Origin: [91.3357, 102.231, -120.042]
  Direction: 
-0.997442 -5.36781e-05 -0.0714818
5.35416e-05 -1 3.82465e-06
-0.0714818 -1.23894e-08 0.997442

  IndexToPointMatrix: 
-0.997444 -5.36781e-05 -0.0714818
5.35418e-05 -1 3.82465e-06
-0.0714819 -1.23894e-08 0.997442

  PointToIndexMatrix: 
-0.99744 5.35415e-05 -0.0714816
-5.36781e-05 -1 -1.23894e-08
-0.0714818 3.82465e-06 0.997442

  Inverse Direction: 
-0.997442 5.35416e-05 -0.0714818
-5.36781e-05 -1 -1.23894e-08
-0.0714818 3.82465e-06 0.997442

  PixelContainer: 
    ImportImageContainer (0x3f906d0)
      RTTI typeinfo:   itk::ImportImageContainer<unsigned long, double>
      Reference Count: 1
      Modified Time: 1575
      Debug: Off
      Object Name: 
      Observers: 
        none
      Pointer: 0x1481b4ffe010
      Container manages memory: true
      Size: 9830400
      Capacity: 9830400

     Weighting = 1
     Sampling strategy = regular
     Number of bins = 32
     Radius = 4
     Sampling percentage  = 0.25
   Transform = Rigid
     Gradient step = 0.1
     Update field sigma (voxel space) = 0
     Total field sigma (voxel space) = 0
     Update field time sigma = 0
     Total field time sigma  = 0
     Number of time indices = 0
     Number of time point samples = 0
Registration using 1 total stages.

Stage 0
  iterations = 1000x500x250x100
  convergence threshold = 1e-06
  convergence window size = 10
  number of levels = 4
  using the Mattes MI metric (number of bins = 32, weight = 1, use gradient filter = 0)
  preprocessing:  winsorizing the image intensities
  Shrink factors (level 1 out of 4): [8, 8, 8]
  Shrink factors (level 2 out of 4): [4, 4, 4]
  Shrink factors (level 3 out of 4): [2, 2, 2]
  Shrink factors (level 4 out of 4): [1, 1, 1]
  smoothing sigmas per level: [3, 2, 1, 0]
  regular sampling (percentage = 0.25)

*** Running Euler3DTransform registration ***

DIAGNOSTIC,Iteration,metricValue,convergenceValue,ITERATION_TIME_INDEX,SINCE_LAST
 2DIAGNOSTIC,     1, -5.567767283252e-01, 1.797693134862e+308, 7.7528e-01, 7.7528e-01, 
 2DIAGNOSTIC,     2, -5.584239703569e-01, 1.797693134862e+308, 7.7989e-01, 4.6082e-03, 
 2DIAGNOSTIC,     3, -5.612715515272e-01, 1.797693134862e+308, 7.8572e-01, 5.8341e-03, 
 2DIAGNOSTIC,     4, -5.637780194106e-01, 1.797693134862e+308, 7.8999e-01, 4.2679e-03, 
 2DIAGNOSTIC,     5, -5.658229214212e-01, 1.797693134862e+308, 7.9441e-01, 4.4210e-03, 
 2DIAGNOSTIC,     6, -5.696445468689e-01, 1.797693134862e+308, 7.9885e-01, 4.4410e-03, 
 2DIAGNOSTIC,     7, -5.734118275242e-01, 1.797693134862e+308, 8.0322e-01, 4.3719e-03, 
 2DIAGNOSTIC,     8, -5.754533484979e-01, 1.797693134862e+308, 8.0891e-01, 5.6829e-03, 
 2DIAGNOSTIC,     9, -5.763021950250e-01, 1.797693134862e+308, 8.1297e-01, 4.0600e-03, 
 2DIAGNOSTIC,    10, -5.771142770255e-01, 2.558085388189e-03, 8.1839e-01, 5.4278e-03, 
 2DIAGNOSTIC,    11, -5.785125587612e-01, 2.176117873031e-03, 8.2265e-01, 4.2520e-03, 
 2DIAGNOSTIC,    12, -5.799413348090e-01, 1.786767970983e-03, 8.2751e-01, 4.8611e-03, 
 2DIAGNOSTIC,    13, -5.809477908980e-01, 1.443124036835e-03, 8.3234e-01, 4.8330e-03, 
 2DIAGNOSTIC,    14, -5.814655964876e-01, 1.127354078216e-03, 8.3667e-01, 4.3299e-03, 
 2DIAGNOSTIC,    15, -5.819093877219e-01, 8.331089413526e-04, 8.4148e-01, 4.8041e-03, 
 2DIAGNOSTIC,    16, -5.822326442998e-01, 6.258215683233e-04, 8.4631e-01, 4.8320e-03, 
 2DIAGNOSTIC,    17, -5.825793599843e-01, 5.040365830239e-04, 8.5080e-01, 4.4930e-03, 
 2DIAGNOSTIC,    18, -5.863713925916e-01, 5.095725576644e-04, 8.5551e-01, 4.7078e-03, 
 2DIAGNOSTIC,    19, -5.901617810167e-01, 5.855607354901e-04, 8.6319e-01, 7.6780e-03, 
 2DIAGNOSTIC,    20, -5.906016223816e-01, 6.286272500296e-04, 8.6844e-01, 5.2531e-03, 
 2DIAGNOSTIC,    21, -5.907365705866e-01, 6.467002963819e-04, 8.7326e-01, 4.8170e-03, 
 2DIAGNOSTIC,    22, -5.906256574994e-01, 6.330265936358e-04, 8.7801e-01, 4.7510e-03, 
 2DIAGNOSTIC,    23, -5.906307681710e-01, 5.816453055155e-04, 8.8221e-01, 4.2071e-03, 
 2DIAGNOSTIC,    24, -5.905636622010e-01, 4.878472529198e-04, 8.8649e-01, 4.2789e-03, 
 2DIAGNOSTIC,    25, -5.906024985369e-01, 3.662279783937e-04, 8.9124e-01, 4.7488e-03, 
 2DIAGNOSTIC,    26, -5.906025304324e-01, 2.276984665055e-04, 8.9547e-01, 4.2288e-03, 
 2DIAGNOSTIC,    27, -5.906211320574e-01, 8.394584288655e-05, 8.9978e-01, 4.3080e-03, 
 2DIAGNOSTIC,    28, -5.908796758313e-01, 1.198925031153e-05, 9.0397e-01, 4.1940e-03, 
 2DIAGNOSTIC,    29, -5.911411552395e-01, 1.217108543241e-05, 9.0907e-01, 5.1010e-03, 
 2DIAGNOSTIC,    30, -5.915241330961e-01, 2.456301684400e-05, 9.1537e-01, 6.2962e-03, 
 2DIAGNOSTIC,    31, -5.916229825993e-01, 3.758205306321e-05, 9.1962e-01, 4.2510e-03, 
 2DIAGNOSTIC,    32, -5.916651208817e-01, 4.532975449341e-05, 9.2411e-01, 4.4901e-03, 
 2DIAGNOSTIC,    33, -5.916874987632e-01, 4.885284294876e-05, 9.2829e-01, 4.1828e-03, 
 2DIAGNOSTIC,    34, -5.917053822200e-01, 4.682712859006e-05, 9.3293e-01, 4.6389e-03, 
 2DIAGNOSTIC,    35, -5.917390904868e-01, 4.153275817553e-05, 9.4447e-01, 1.1538e-02, 
 2DIAGNOSTIC,    36, -5.917390912695e-01, 3.272086429550e-05, 9.4863e-01, 4.1621e-03, 
 2DIAGNOSTIC,    37, -5.917391070342e-01, 2.163060314898e-05, 9.5278e-01, 4.1490e-03, 
 2DIAGNOSTIC,    38, -5.917391330930e-01, 1.245673595336e-05, 9.5724e-01, 4.4570e-03, 
 2DIAGNOSTIC,    39, -5.917391754735e-01, 5.801896389126e-06, 9.6150e-01, 4.2591e-03, 
 2DIAGNOSTIC,    40, -5.917392424311e-01, 3.643428650255e-06, 9.6574e-01, 4.2391e-03, 
 2DIAGNOSTIC,    41, -5.917393428829e-01, 2.487109297799e-06, 9.6989e-01, 4.1502e-03, 
 2DIAGNOSTIC,    42, -5.917394845334e-01, 1.715730316990e-06, 9.7404e-01, 4.1571e-03, 
 2DIAGNOSTIC,    43, -5.917396625587e-01, 1.144189314538e-06, 9.7828e-01, 4.2331e-03, 
DIAGNOSTIC,Iteration,metricValue,convergenceValue,ITERATION_TIME_INDEX,SINCE_LAST
 2DIAGNOSTIC,     1, -4.784004501418e-01, 1.797693134862e+308, 1.7615e+00, 7.8325e-01, 
 2DIAGNOSTIC,     2, -4.783999131487e-01, 1.797693134862e+308, 1.7909e+00, 2.9323e-02, 
 2DIAGNOSTIC,     3, -4.784190365425e-01, 1.797693134862e+308, 1.8245e+00, 3.3686e-02, 
 2DIAGNOSTIC,     4, -4.785028756511e-01, 1.797693134862e+308, 1.8539e+00, 2.9325e-02, 
 2DIAGNOSTIC,     5, -4.786647485430e-01, 1.797693134862e+308, 1.8822e+00, 2.8321e-02, 
 2DIAGNOSTIC,     6, -4.788099932959e-01, 1.797693134862e+308, 1.9125e+00, 3.0358e-02, 
 2DIAGNOSTIC,     7, -4.794645847215e-01, 1.797693134862e+308, 1.9406e+00, 2.8058e-02, 
 2DIAGNOSTIC,     8, -4.813619171746e-01, 1.797693134862e+308, 1.9773e+00, 3.6728e-02, 
 2DIAGNOSTIC,     9, -4.817935635327e-01, 1.797693134862e+308, 2.0076e+00, 3.0301e-02, 
 2DIAGNOSTIC,    10, -4.822647496906e-01, 5.583367505240e-04, 2.0352e+00, 2.7590e-02, 
 2DIAGNOSTIC,    11, -4.831344909908e-01, 6.366384575342e-04, 2.0654e+00, 3.0141e-02, 
 2DIAGNOSTIC,    12, -4.835768992564e-01, 6.653898034726e-04, 2.1099e+00, 4.4544e-02, 
 2DIAGNOSTIC,    13, -4.835677565320e-01, 6.290342968818e-04, 2.1443e+00, 3.4358e-02, 
 2DIAGNOSTIC,    14, -4.835733047837e-01, 5.452729207600e-04, 2.1818e+00, 3.7492e-02, 
 2DIAGNOSTIC,    15, -4.835701547247e-01, 4.305772095652e-04, 2.2121e+00, 3.0346e-02, 
 2DIAGNOSTIC,    16, -4.835566913002e-01, 2.956272803759e-04, 2.2423e+00, 3.0231e-02, 
 2DIAGNOSTIC,    17, -4.835523104084e-01, 1.703980274883e-04, 2.2728e+00, 3.0475e-02, 
 2DIAGNOSTIC,    18, -4.835483887830e-01, 1.058854945708e-04, 2.2999e+00, 2.7066e-02, 
 2DIAGNOSTIC,    19, -4.835469915471e-01, 5.203914175263e-05, 2.3291e+00, 2.9248e-02, 
 2DIAGNOSTIC,    20, -4.835401827381e-01, 1.204163311563e-05, 2.3611e+00, 3.2024e-02, 
DIAGNOSTIC,Iteration,metricValue,convergenceValue,ITERATION_TIME_INDEX,SINCE_LAST
 2DIAGNOSTIC,     1, -4.161561167874e-01, 1.797693134862e+308, 3.4069e+00, 1.0458e+00, 
 2DIAGNOSTIC,     2, -4.161756893438e-01, 1.797693134862e+308, 3.7040e+00, 2.9706e-01, 
 2DIAGNOSTIC,     3, -4.161696114507e-01, 1.797693134862e+308, 4.0074e+00, 3.0341e-01, 
 2DIAGNOSTIC,     4, -4.161681503551e-01, 1.797693134862e+308, 4.4161e+00, 4.0877e-01, 
 2DIAGNOSTIC,     5, -4.161678896600e-01, 1.797693134862e+308, 4.7180e+00, 3.0181e-01, 
 2DIAGNOSTIC,     6, -4.161669123583e-01, 1.797693134862e+308, 5.0264e+00, 3.0847e-01, 
 2DIAGNOSTIC,     7, -4.161667485641e-01, 1.797693134862e+308, 5.3792e+00, 3.5274e-01, 
 2DIAGNOSTIC,     8, -4.161656816013e-01, 1.797693134862e+308, 5.6317e+00, 2.5256e-01, 
 2DIAGNOSTIC,     9, -4.161650043536e-01, 1.797693134862e+308, 5.9289e+00, 2.9720e-01, 
 2DIAGNOSTIC,    10, -4.161655463812e-01, 2.943366574235e-06, 6.2793e+00, 3.5038e-01, 
 2DIAGNOSTIC,    11, -4.161636420993e-01, 1.720591487883e-06, 6.5900e+00, 3.1070e-01, 
 2DIAGNOSTIC,    12, -4.161624970808e-01, 1.867462474284e-06, 6.8832e+00, 2.9317e-01, 
 2DIAGNOSTIC,    13, -4.161615819742e-01, 1.698398063146e-06, 7.1428e+00, 2.5961e-01, 
 2DIAGNOSTIC,    14, -4.161624603292e-01, 1.592444847195e-06, 7.4139e+00, 2.7108e-01, 
 2DIAGNOSTIC,    15, -4.161620529811e-01, 1.530180433321e-06, 7.6765e+00, 2.6260e-01, 
 2DIAGNOSTIC,    16, -4.161603835104e-01, 1.417836913736e-06, 7.9014e+00, 2.2490e-01, 
 2DIAGNOSTIC,    17, -4.161625251479e-01, 1.455414112034e-06, 8.1788e+00, 2.7741e-01, 
 2DIAGNOSTIC,    18, -4.161617349623e-01, 1.453854855504e-06, 8.4053e+00, 2.2652e-01, 
 2DIAGNOSTIC,    19, -4.161656140592e-01, 1.594928496766e-06, 8.6645e+00, 2.5920e-01, 
 2DIAGNOSTIC,    20, -4.161678254528e-01, 1.821576318860e-06, 9.0222e+00, 3.5775e-01, 
 2DIAGNOSTIC,    21, -4.161672172257e-01, 1.924327018267e-06, 9.2811e+00, 2.5886e-01, 
 2DIAGNOSTIC,    22, -4.161665846121e-01, 1.927748306693e-06, 9.4994e+00, 2.1834e-01, 
 2DIAGNOSTIC,    23, -4.161660793963e-01, 1.843028032217e-06, 9.7636e+00, 2.6420e-01, 
 2DIAGNOSTIC,    24, -4.161655365531e-01, 1.730448864201e-06, 9.9816e+00, 2.1797e-01, 
 2DIAGNOSTIC,    25, -4.161651834945e-01, 1.568353730726e-06, 1.0218e+01, 2.3686e-01, 
 2DIAGNOSTIC,    26, -4.161660037664e-01, 1.368374529631e-06, 1.0490e+01, 2.7171e-01, 
 2DIAGNOSTIC,    27, -4.161651045495e-01, 1.203105053561e-06, 1.0719e+01, 2.2892e-01, 
 2DIAGNOSTIC,    28, -4.161679884896e-01, 1.097088645131e-06, 1.0978e+01, 2.5867e-01, 
 2DIAGNOSTIC,    29, -4.161710849646e-01, 1.162831224540e-06, 1.1233e+01, 2.5538e-01, 
 2DIAGNOSTIC,    30, -4.161703640304e-01, 1.250475699342e-06, 1.1484e+01, 2.5085e-01, 
 2DIAGNOSTIC,    31, -4.161708142909e-01, 1.313167815271e-06, 1.1746e+01, 2.6230e-01, 
 2DIAGNOSTIC,    32, -4.161710089262e-01, 1.336085271232e-06, 1.1977e+01, 2.3045e-01, 
 2DIAGNOSTIC,    33, -4.161749613446e-01, 1.395595232746e-06, 1.2256e+01, 2.7918e-01, 
 2DIAGNOSTIC,    34, -4.161777487502e-01, 1.452526295367e-06, 1.2493e+01, 2.3753e-01, 
 2DIAGNOSTIC,    35, -4.161792220172e-01, 1.478601708401e-06, 1.2755e+01, 2.6135e-01, 
 2DIAGNOSTIC,    36, -4.161806859642e-01, 1.495439411262e-06, 1.3021e+01, 2.6622e-01, 
 2DIAGNOSTIC,    37, -4.161791778419e-01, 1.407680661765e-06, 1.3249e+01, 2.2779e-01, 
 2DIAGNOSTIC,    38, -4.161838486861e-01, 1.406626867158e-06, 1.3528e+01, 2.7883e-01, 
 2DIAGNOSTIC,    39, -4.161849953093e-01, 1.422742171346e-06, 1.3820e+01, 2.9278e-01, 
 2DIAGNOSTIC,    40, -4.161860914884e-01, 1.386764631926e-06, 1.4169e+01, 3.4876e-01, 
 2DIAGNOSTIC,    41, -4.161854987570e-01, 1.295749575751e-06, 1.4439e+01, 2.6947e-01, 
 2DIAGNOSTIC,    42, -4.161840259982e-01, 1.138573341254e-06, 1.4713e+01, 2.7429e-01, 
 2DIAGNOSTIC,    43, -4.161834049854e-01, 1.004201833642e-06, 1.4966e+01, 2.5345e-01, 
DIAGNOSTIC,Iteration,metricValue,convergenceValue,ITERATION_TIME_INDEX,SINCE_LAST
 2DIAGNOSTIC,     1, -3.834265912315e-01, 1.797693134862e+308, 1.7553e+01, 2.5869e+00, 
 2DIAGNOSTIC,     2, -3.834925053344e-01, 1.797693134862e+308, 1.9062e+01, 1.5087e+00, 
 2DIAGNOSTIC,     3, -3.834978116459e-01, 1.797693134862e+308, 2.0574e+01, 1.5117e+00, 
 2DIAGNOSTIC,     4, -3.835004127713e-01, 1.797693134862e+308, 2.2070e+01, 1.4962e+00, 
 2DIAGNOSTIC,     5, -3.835019582504e-01, 1.797693134862e+308, 2.3650e+01, 1.5798e+00, 
 2DIAGNOSTIC,     6, -3.835049957406e-01, 1.797693134862e+308, 2.5300e+01, 1.6503e+00, 
 2DIAGNOSTIC,     7, -3.835058343713e-01, 1.797693134862e+308, 2.6956e+01, 1.6560e+00, 
 2DIAGNOSTIC,     8, -3.835066498247e-01, 1.797693134862e+308, 2.8804e+01, 1.8477e+00, 
 2DIAGNOSTIC,     9, -3.835062955315e-01, 1.797693134862e+308, 3.0477e+01, 1.6737e+00, 
 2DIAGNOSTIC,    10, -3.835063108989e-01, 1.066660771988e-05, 3.2121e+01, 1.6437e+00, 
 2DIAGNOSTIC,    11, -3.835061571784e-01, 4.747040877620e-06, 3.4314e+01, 2.1924e+00, 
 2DIAGNOSTIC,    12, -3.835060832642e-01, 3.706200799661e-06, 3.5638e+01, 1.3247e+00, 
 2DIAGNOSTIC,    13, -3.835060190714e-01, 3.027826185817e-06, 3.7124e+01, 1.4857e+00, 
 2DIAGNOSTIC,    14, -3.835058638471e-01, 2.523467098156e-06, 3.8664e+01, 1.5400e+00, 
 2DIAGNOSTIC,    15, -3.835058006957e-01, 2.133709299870e-06, 4.0271e+01, 1.6076e+00, 
 2DIAGNOSTIC,    16, -3.835056463964e-01, 1.924177733481e-06, 4.2373e+01, 2.1018e+00, 
 2DIAGNOSTIC,    17, -3.835054775121e-01, 1.773328562271e-06, 4.3946e+01, 1.5730e+00, 
 2DIAGNOSTIC,    18, -3.835053086115e-01, 1.675385379311e-06, 4.5269e+01, 1.3226e+00, 
 2DIAGNOSTIC,    19, -3.835051448137e-01, 1.576051818990e-06, 4.6607e+01, 1.3382e+00, 
 2DIAGNOSTIC,    20, -3.835051658759e-01, 1.497295075599e-06, 4.7929e+01, 1.3222e+00, 
 2DIAGNOSTIC,    21, -3.835053779568e-01, 1.436675314291e-06, 4.9493e+01, 1.5635e+00, 
 2DIAGNOSTIC,    22, -3.835055901407e-01, 1.393331721222e-06, 5.1012e+01, 1.5191e+00, 
 2DIAGNOSTIC,    23, -3.835055250999e-01, 1.354581542393e-06, 5.2497e+01, 1.4854e+00, 
 2DIAGNOSTIC,    24, -3.835054518278e-01, 1.314933130665e-06, 5.3997e+01, 1.4993e+00, 
 2DIAGNOSTIC,    25, -3.835053813418e-01, 1.275595341257e-06, 5.5570e+01, 1.5736e+00, 
 2DIAGNOSTIC,    26, -3.835053141612e-01, 1.232550095653e-06, 5.6930e+01, 1.3602e+00, 
 2DIAGNOSTIC,    27, -3.835053494671e-01, 1.188143194386e-06, 5.8270e+01, 1.3400e+00, 
 2DIAGNOSTIC,    28, -3.835054089349e-01, 1.143229100692e-06, 5.9795e+01, 1.5244e+00, 
 2DIAGNOSTIC,    29, -3.835055814674e-01, 1.101082731117e-06, 6.1187e+01, 1.3926e+00, 
 2DIAGNOSTIC,    30, -3.835053714637e-01, 1.056523029494e-06, 6.3195e+01, 2.0081e+00, 
 2DIAGNOSTIC,    31, -3.835053052284e-01, 1.018740042408e-06, 6.4684e+01, 1.4884e+00, 
  Elapsed time (stage 0): 6.5488e+01


Total elapsed time: 6.5491e+01
Info [verificarlo]: loaded backend libinterflop_ieee.so
Info [interflop-ieee]: load backend with:
Info [interflop-ieee]: debug = false
Info [interflop-ieee]: debug-binary = false
Info [interflop-ieee]: no-backend-name = false
Info [interflop-ieee]: print-new-line = false
Info [interflop-ieee]: print-subnormal-normalized = false
Info [interflop-ieee]: count-op = false
All_Command_lines_OK
Using double precision for computations.
=============================================================================
The composite transform comprises the following transforms (in order): 
  1. /home/mdugre/scratch/mri-registration-rp/datasets/ds004513/derivatives/mri-registration-rp/0001/antsRegistration-r7-p7/sub-s017/rigid_Composite.h5[0] (type = Euler3DTransform)
  2. /home/mdugre/scratch/mri-registration-rp/datasets/ds004513/derivatives/mri-registration-rp/0001/antsRegistration-r7-p7/sub-s017/rigid_Composite.h5[1] (type = Euler3DTransform)
  3. /home/mdugre/scratch/mri-registration-rp/datasets/ds004513/derivatives/mri-registration-rp/0001/antsRegistration-r7-p7/sub-s017/rigid_Composite.h5[2] (type = Euler3DTransform)
=============================================================================
  number of levels = 4
  fixed image: /templateflow/tpl-MNI152NLin2009cAsym/tpl-MNI152NLin2009cAsym_res-01_desc-brain_T1w.nii.gz
  moving image: /home/mdugre/scratch/mri-registration-rp/datasets/ds004513/derivatives/mri-registration-rp/antsBrainExtraction/sub-s017/BrainExtractionBrain.nii.gz
Dimension = 3
Number of stages = 1
Use histogram matching = false
Winsorize image intensities = true
  Lower quantile = 0.005
  Upper quantile = 0.995


Stage 1 State
   Image metric = MattesMI
     Fixed image = Image (0x44cd530)
  RTTI typeinfo:   itk::Image<double, 3u>
  Reference Count: 2
  Modified Time: 1594
  Debug: Off
  Object Name: 
  Observers: 
    none
  Source: (none)
  Source output name: (none)
  Release Data: Off
  Data Released: False
  Global Release Data: Off
  PipelineMTime: 0
  UpdateMTime: 1203
  RealTimeStamp: 0 seconds 
  LargestPossibleRegion: 
    Dimension: 3
    Index: [0, 0, 0]
    Size: [193, 229, 193]
  BufferedRegion: 
    Dimension: 3
    Index: [0, 0, 0]
    Size: [193, 229, 193]
  RequestedRegion: 
    Dimension: 3
    Index: [0, 0, 0]
    Size: [193, 229, 193]
  Spacing: [1, 1, 1]
  Origin: [96, 132, -78]
  Direction: 
-1 0 0
0 -1 0
0 0 1

  IndexToPointMatrix: 
-1 0 0
0 -1 0
0 0 1

  PointToIndexMatrix: 
-1 0 0
0 -1 0
0 0 1

  Inverse Direction: 
-1 0 0
0 -1 0
0 0 1

  PixelContainer: 
    ImportImageContainer (0x45862a0)
      RTTI typeinfo:   itk::ImportImageContainer<unsigned long, double>
      Reference Count: 1
      Modified Time: 1200
      Debug: Off
      Object Name: 
      Observers: 
        none
      Pointer: 0x14f40562a010
      Container manages memory: true
      Size: 8530021
      Capacity: 8530021

     Moving image = Image (0x4588e60)
  RTTI typeinfo:   itk::Image<double, 3u>
  Reference Count: 2
  Modified Time: 1595
  Debug: Off
  Object Name: 
  Observers: 
    none
  Source: (none)
  Source output name: (none)
  Release Data: Off
  Data Released: False
  Global Release Data: Off
  PipelineMTime: 0
  UpdateMTime: 1592
  RealTimeStamp: 0 seconds 
  LargestPossibleRegion: 
    Dimension: 3
    Index: [0, 0, 0]
    Size: [160, 240, 256]
  BufferedRegion: 
    Dimension: 3
    Index: [0, 0, 0]
    Size: [160, 240, 256]
  RequestedRegion: 
    Dimension: 3
    Index: [0, 0, 0]
    Size: [160, 240, 256]
  Spacing: [1, 1, 1]
  Origin: [91.3357, 102.231, -120.042]
  Direction: 
-0.997442 -5.36781e-05 -0.0714818
5.35416e-05 -1 3.82465e-06
-0.0714818 -1.23894e-08 0.997442

  IndexToPointMatrix: 
-0.997444 -5.36781e-05 -0.0714818
5.35418e-05 -1 3.82465e-06
-0.0714819 -1.23894e-08 0.997442

  PointToIndexMatrix: 
-0.99744 5.35415e-05 -0.0714816
-5.36781e-05 -1 -1.23894e-08
-0.0714818 3.82465e-06 0.997442

  Inverse Direction: 
-0.997442 5.35416e-05 -0.0714818
-5.36781e-05 -1 -1.23894e-08
-0.0714818 3.82465e-06 0.997442

  PixelContainer: 
    ImportImageContainer (0x45bc390)
      RTTI typeinfo:   itk::ImportImageContainer<unsigned long, double>
      Reference Count: 1
      Modified Time: 1589
      Debug: Off
      Object Name: 
      Observers: 
        none
      Pointer: 0x14f400b29010
      Container manages memory: true
      Size: 9830400
      Capacity: 9830400

     Weighting = 1
     Sampling strategy = regular
     Number of bins = 32
     Radius = 4
     Sampling percentage  = 0.25
   Transform = Affine
     Gradient step = 0.1
     Update field sigma (voxel space) = 0
     Total field sigma (voxel space) = 0
     Update field time sigma = 0
     Total field time sigma  = 0
     Number of time indices = 0
     Number of time point samples = 0
Registration using 1 total stages.

Stage 0
  iterations = 1000x500x250x100
  convergence threshold = 1e-06
  convergence window size = 10
  number of levels = 4
  using the Mattes MI metric (number of bins = 32, weight = 1, use gradient filter = 0)
  preprocessing:  winsorizing the image intensities
  Shrink factors (level 1 out of 4): [8, 8, 8]
  Shrink factors (level 2 out of 4): [4, 4, 4]
  Shrink factors (level 3 out of 4): [2, 2, 2]
  Shrink factors (level 4 out of 4): [1, 1, 1]
  smoothing sigmas per level: [3, 2, 1, 0]
  regular sampling (percentage = 0.25)

*** Running AffineTransform registration ***

DIAGNOSTIC,Iteration,metricValue,convergenceValue,ITERATION_TIME_INDEX,SINCE_LAST
 2DIAGNOSTIC,     1, -5.806290998470e-01, 1.797693134862e+308, 6.9544e-01, 6.9544e-01, 
 2DIAGNOSTIC,     2, -5.832407507965e-01, 1.797693134862e+308, 7.0045e-01, 5.0111e-03, 
 2DIAGNOSTIC,     3, -5.883921006022e-01, 1.797693134862e+308, 7.0554e-01, 5.0859e-03, 
 2DIAGNOSTIC,     4, -5.973582020505e-01, 1.797693134862e+308, 7.1135e-01, 5.8131e-03, 
 2DIAGNOSTIC,     5, -6.166279652443e-01, 1.797693134862e+308, 7.1607e-01, 4.7140e-03, 
 2DIAGNOSTIC,     6, -6.406440246326e-01, 1.797693134862e+308, 7.2116e-01, 5.0979e-03, 
 2DIAGNOSTIC,     7, -7.009864261841e-01, 1.797693134862e+308, 7.2611e-01, 4.9491e-03, 
 2DIAGNOSTIC,     8, -7.630482522612e-01, 1.797693134862e+308, 7.3073e-01, 4.6182e-03, 
 2DIAGNOSTIC,     9, -8.423469019308e-01, 1.797693134862e+308, 7.3777e-01, 7.0441e-03, 
 2DIAGNOSTIC,    10, -8.569694555260e-01, 2.845116134198e-02, 7.4288e-01, 5.1031e-03, 
 2DIAGNOSTIC,    11, -8.701917125493e-01, 2.871708898002e-02, 7.4828e-01, 5.4021e-03, 
 2DIAGNOSTIC,    12, -8.814645612490e-01, 2.683607373978e-02, 7.5805e-01, 9.7711e-03, 
 2DIAGNOSTIC,    13, -8.822368114896e-01, 2.307206281950e-02, 7.6365e-01, 5.5952e-03, 
 2DIAGNOSTIC,    14, -8.834458718467e-01, 1.815384137420e-02, 7.6864e-01, 4.9989e-03, 
 2DIAGNOSTIC,    15, -8.851322801612e-01, 1.292532922581e-02, 7.7380e-01, 5.1529e-03, 
 2DIAGNOSTIC,    16, -8.870480809349e-01, 7.902435034810e-03, 7.7909e-01, 5.2931e-03, 
 2DIAGNOSTIC,    17, -8.886777819638e-01, 4.189413154953e-03, 7.8591e-01, 6.8240e-03, 
 2DIAGNOSTIC,    18, -8.889448810114e-01, 1.810422425467e-03, 7.9252e-01, 6.6042e-03, 
 2DIAGNOSTIC,    19, -8.890594322916e-01, 1.083853124237e-03, 7.9853e-01, 6.0060e-03, 
 2DIAGNOSTIC,    20, -8.887882561289e-01, 5.969783252101e-04, 8.0457e-01, 6.0451e-03, 
 2DIAGNOSTIC,    21, -8.886098615281e-01, 3.264824953375e-04, 8.1176e-01, 7.1909e-03, 
 2DIAGNOSTIC,    22, -8.885249832091e-01, 2.361096551813e-04, 8.1777e-01, 6.0110e-03, 
 2DIAGNOSTIC,    23, -8.882875302410e-01, 1.410432916261e-04, 8.2376e-01, 5.9869e-03, 
 2DIAGNOSTIC,    24, -8.882052344772e-01, 5.851496510634e-05, 8.2912e-01, 5.3620e-03, 
DIAGNOSTIC,Iteration,metricValue,convergenceValue,ITERATION_TIME_INDEX,SINCE_LAST
 2DIAGNOSTIC,     1, -7.469015879241e-01, 1.797693134862e+308, 1.5292e+00, 7.0006e-01, 
 2DIAGNOSTIC,     2, -7.476337610077e-01, 1.797693134862e+308, 1.5752e+00, 4.6053e-02, 
 2DIAGNOSTIC,     3, -7.481984149017e-01, 1.797693134862e+308, 1.6111e+00, 3.5915e-02, 
 2DIAGNOSTIC,     4, -7.485348956721e-01, 1.797693134862e+308, 1.6467e+00, 3.5556e-02, 
 2DIAGNOSTIC,     5, -7.488723349080e-01, 1.797693134862e+308, 1.6832e+00, 3.6483e-02, 
 2DIAGNOSTIC,     6, -7.493028717862e-01, 1.797693134862e+308, 1.7234e+00, 4.0248e-02, 
 2DIAGNOSTIC,     7, -7.498240981381e-01, 1.797693134862e+308, 1.7680e+00, 4.4516e-02, 
 2DIAGNOSTIC,     8, -7.499189037588e-01, 1.797693134862e+308, 1.8049e+00, 3.6922e-02, 
 2DIAGNOSTIC,     9, -7.503981904223e-01, 1.797693134862e+308, 1.8484e+00, 4.3567e-02, 
 2DIAGNOSTIC,    10, -7.505578656578e-01, 3.049238852586e-04, 1.8891e+00, 4.0707e-02, 
 2DIAGNOSTIC,    11, -7.505341233977e-01, 2.389539928648e-04, 1.9291e+00, 3.9929e-02, 
 2DIAGNOSTIC,    12, -7.505061913816e-01, 1.848758155878e-04, 1.9691e+00, 4.0018e-02, 
 2DIAGNOSTIC,    13, -7.505141120806e-01, 1.393602393739e-04, 2.0093e+00, 4.0231e-02, 
 2DIAGNOSTIC,    14, -7.505102732671e-01, 9.677096813823e-05, 2.0478e+00, 3.8500e-02, 
 2DIAGNOSTIC,    15, -7.505029862615e-01, 5.935599167518e-05, 2.0928e+00, 4.5013e-02, 
 2DIAGNOSTIC,    16, -7.504912485263e-01, 3.116310977300e-05, 2.1358e+00, 4.2950e-02, 
 2DIAGNOSTIC,    17, -7.504804688619e-01, 1.513171349501e-05, 2.1733e+00, 3.7534e-02, 
 2DIAGNOSTIC,    18, -7.504860792479e-01, 1.517273486101e-06, 2.2110e+00, 3.7658e-02, 
DIAGNOSTIC,Iteration,metricValue,convergenceValue,ITERATION_TIME_INDEX,SINCE_LAST
 2DIAGNOSTIC,     1, -6.294116115396e-01, 1.797693134862e+308, 3.2853e+00, 1.0743e+00, 
 2DIAGNOSTIC,     2, -6.299274337527e-01, 1.797693134862e+308, 3.5685e+00, 2.8320e-01, 
 2DIAGNOSTIC,     3, -6.304606937443e-01, 1.797693134862e+308, 3.8510e+00, 2.8249e-01, 
 2DIAGNOSTIC,     4, -6.311440983139e-01, 1.797693134862e+308, 4.1385e+00, 2.8750e-01, 
 2DIAGNOSTIC,     5, -6.319613521841e-01, 1.797693134862e+308, 4.4181e+00, 2.7959e-01, 
 2DIAGNOSTIC,     6, -6.326508619336e-01, 1.797693134862e+308, 4.9437e+00, 5.2563e-01, 
 2DIAGNOSTIC,     7, -6.326442431476e-01, 1.797693134862e+308, 5.3793e+00, 4.3556e-01, 
 2DIAGNOSTIC,     8, -6.326421029976e-01, 1.797693134862e+308, 5.7335e+00, 3.5418e-01, 
 2DIAGNOSTIC,     9, -6.326413590081e-01, 1.797693134862e+308, 6.0505e+00, 3.1707e-01, 
 2DIAGNOSTIC,    10, -6.326405356278e-01, 3.607193917120e-04, 6.4239e+00, 3.7340e-01, 
 2DIAGNOSTIC,    11, -6.326380580707e-01, 2.475998120179e-04, 6.7264e+00, 3.0249e-01, 
 2DIAGNOSTIC,    12, -6.326382568315e-01, 1.509095201075e-04, 7.0157e+00, 2.8925e-01, 
 2DIAGNOSTIC,    13, -6.326371996573e-01, 7.419550999969e-05, 7.3366e+00, 3.2088e-01, 
 2DIAGNOSTIC,    14, -6.326376013118e-01, 2.341664720648e-05, 7.6570e+00, 3.2044e-01, 
 2DIAGNOSTIC,    15, -6.326364675969e-01, 1.358505274857e-06, 7.9423e+00, 2.8528e-01, 
 2DIAGNOSTIC,    16, -6.326355129945e-01, 1.489402954247e-06, 8.2388e+00, 2.9654e-01, 
 2DIAGNOSTIC,    17, -6.326348603175e-01, 1.460469301356e-06, 8.6128e+00, 3.7395e-01, 
 2DIAGNOSTIC,    18, -6.326337609049e-01, 1.391313713683e-06, 8.9827e+00, 3.6994e-01, 
 2DIAGNOSTIC,    19, -6.326327161291e-01, 1.322246792945e-06, 9.2921e+00, 3.0939e-01, 
 2DIAGNOSTIC,    20, -6.326305164023e-01, 1.226844750103e-06, 9.6609e+00, 3.6880e-01, 
 2DIAGNOSTIC,    21, -6.326298185102e-01, 1.107474430773e-06, 9.9895e+00, 3.2862e-01, 
 2DIAGNOSTIC,    22, -6.326281932263e-01, 1.008190385607e-06, 1.0296e+01, 3.0678e-01, 
DIAGNOSTIC,Iteration,metricValue,convergenceValue,ITERATION_TIME_INDEX,SINCE_LAST
 2DIAGNOSTIC,     1, -5.634463071200e-01, 1.797693134862e+308, 1.3302e+01, 3.0059e+00, 
 2DIAGNOSTIC,     2, -5.639251007115e-01, 1.797693134862e+308, 1.5045e+01, 1.7424e+00, 
 2DIAGNOSTIC,     3, -5.643935834758e-01, 1.797693134862e+308, 1.6793e+01, 1.7482e+00, 
 2DIAGNOSTIC,     4, -5.653421951320e-01, 1.797693134862e+308, 1.8968e+01, 2.1750e+00, 
 2DIAGNOSTIC,     5, -5.666806515548e-01, 1.797693134862e+308, 2.2095e+01, 3.1267e+00, 
 2DIAGNOSTIC,     6, -5.666788594563e-01, 1.797693134862e+308, 2.4786e+01, 2.6914e+00, 
 2DIAGNOSTIC,     7, -5.666779911546e-01, 1.797693134862e+308, 2.6857e+01, 2.0715e+00, 
 2DIAGNOSTIC,     8, -5.666783513872e-01, 1.797693134862e+308, 2.9319e+01, 2.4611e+00, 
 2DIAGNOSTIC,     9, -5.666783863274e-01, 1.797693134862e+308, 3.1636e+01, 2.3179e+00, 
 2DIAGNOSTIC,    10, -5.666783906009e-01, 3.983035620111e-04, 3.3670e+01, 2.0333e+00, 
 2DIAGNOSTIC,    11, -5.666783591232e-01, 2.625568266245e-04, 3.5581e+01, 1.9113e+00, 
 2DIAGNOSTIC,    12, -5.666782330806e-01, 1.470524789297e-04, 3.7710e+01, 2.1286e+00, 
 2DIAGNOSTIC,    13, -5.666781526800e-01, 5.397063557472e-05, 3.9621e+01, 1.9116e+00, 
 2DIAGNOSTIC,    14, -5.666780479077e-01, 2.165610225729e-06, 4.1532e+01, 1.9112e+00, 
 2DIAGNOSTIC,    15, -5.666779378873e-01, 2.086631900905e-06, 4.3219e+01, 1.6863e+00, 
 2DIAGNOSTIC,    16, -5.666778549402e-01, 1.963023689419e-06, 4.5098e+01, 1.8796e+00, 
 2DIAGNOSTIC,    17, -5.666778177652e-01, 1.829501275870e-06, 4.6844e+01, 1.7452e+00, 
 2DIAGNOSTIC,    18, -5.666778579885e-01, 1.725991844163e-06, 4.8977e+01, 2.1339e+00, 
 2DIAGNOSTIC,    19, -5.666779790570e-01, 1.641403937665e-06, 5.0759e+01, 1.7813e+00, 
 2DIAGNOSTIC,    20, -5.666782866860e-01, 1.576222579659e-06, 5.2566e+01, 1.8073e+00, 
 2DIAGNOSTIC,    21, -5.666783831747e-01, 1.520172329447e-06, 5.5277e+01, 2.7111e+00, 
 2DIAGNOSTIC,    22, -5.666783039345e-01, 1.464214235539e-06, 5.7273e+01, 1.9960e+00, 
 2DIAGNOSTIC,    23, -5.666781053407e-01, 1.405598598639e-06, 5.9328e+01, 2.0550e+00, 
 2DIAGNOSTIC,    24, -5.666779067423e-01, 1.343602128702e-06, 6.1361e+01, 2.0326e+00, 
 2DIAGNOSTIC,    25, -5.666777271795e-01, 1.279106910876e-06, 6.3355e+01, 1.9947e+00, 
 2DIAGNOSTIC,    26, -5.666776827595e-01, 1.216578232620e-06, 6.5216e+01, 1.8610e+00, 
 2DIAGNOSTIC,    27, -5.666776830597e-01, 1.158776178414e-06, 6.7117e+01, 1.9007e+00, 
 2DIAGNOSTIC,    28, -5.666774946727e-01, 1.104395616340e-06, 6.8826e+01, 1.7085e+00, 
 2DIAGNOSTIC,    29, -5.666775314755e-01, 1.059564014666e-06, 7.1053e+01, 2.2275e+00, 
 2DIAGNOSTIC,    30, -5.666775837572e-01, 1.027227406296e-06, 7.2969e+01, 1.9159e+00, 
  Elapsed time (stage 0): 7.4053e+01


Total elapsed time: 7.4055e+01
Info [verificarlo]: loaded backend libinterflop_vprec.so
Info [interflop-vprec]: load backend with: 
Info [interflop-vprec]: precision-binary32 = 7
Info [interflop-vprec]: range-binary32 = 7
Info [interflop-vprec]: precision-binary64 = 7
Info [interflop-vprec]: range-binary64 = 7
Info [interflop-vprec]: mode = ob
Info [interflop-vprec]: error-mode = rel
Info [interflop-vprec]: max-abs-error-exponent = -1022
Info [interflop-vprec]: daz = false
Info [interflop-vprec]: ftz = false
Info [interflop-vprec]: 	instrument = none
Info [interflop-vprec]: 	prec-input-file = (null)
Info [interflop-vprec]: 	prec-output-file = (null)
Info [interflop-vprec]: 	prec-log-file = (null)
All_Command_lines_OK
Using double precision for computations.
=============================================================================
The composite transform comprises the following transforms (in order): 
  1. /home/mdugre/scratch/mri-registration-rp/datasets/ds004513/derivatives/mri-registration-rp/0001/antsRegistration-r7-p7/sub-s017/affine_Composite.h5[0] (type = Euler3DTransform)
  2. /home/mdugre/scratch/mri-registration-rp/datasets/ds004513/derivatives/mri-registration-rp/0001/antsRegistration-r7-p7/sub-s017/affine_Composite.h5[1] (type = Euler3DTransform)
  3. /home/mdugre/scratch/mri-registration-rp/datasets/ds004513/derivatives/mri-registration-rp/0001/antsRegistration-r7-p7/sub-s017/affine_Composite.h5[2] (type = Euler3DTransform)
  4. /home/mdugre/scratch/mri-registration-rp/datasets/ds004513/derivatives/mri-registration-rp/0001/antsRegistration-r7-p7/sub-s017/affine_Composite.h5[3] (type = AffineTransform)
=============================================================================
  number of levels = 4
  fixed image: /templateflow/tpl-MNI152NLin2009cAsym/tpl-MNI152NLin2009cAsym_res-01_desc-brain_T1w.nii.gz
  moving image: /home/mdugre/scratch/mri-registration-rp/datasets/ds004513/derivatives/mri-registration-rp/antsBrainExtraction/sub-s017/BrainExtractionBrain.nii.gz
Dimension = 3
Number of stages = 1
Use histogram matching = false
Winsorize image intensities = true
  Lower quantile = 0.005
  Upper quantile = 0.995


Stage 1 State
   Image metric = CC
     Fixed image = Image (0x40486f0)
  RTTI typeinfo:   itk::Image<double, 3u>
  Reference Count: 2
  Modified Time: 1606
  Debug: Off
  Object Name: 
  Observers: 
    none
  Source: (none)
  Source output name: (none)
  Release Data: Off
