
##########################
# Experiment information #
##########################

EXPERIMENT_NAME: antsRegistration-r8-p23
VFC_BACKENDS: libinterflop_vprec.so --range-binary32=8 --precision-binary32=23 --range-binary64=8 --precision-binary64=23

SIF_IMG: /home/mdugre/projects/rrg-glatard/mdugre/containers/ants-vprec-no_metrics.simg

SUBJECT_ID: s014
INPUT_IMG: /home/mdugre/scratch/mri-registration-rp/datasets/ds004513/derivatives/mri-registration-rp/antsBrainExtraction/sub-s014/BrainExtractionBrain.nii.gz
OUTPUT_DIR: /home/mdugre/scratch/mri-registration-rp/datasets/ds004513/derivatives/mri-registration-rp/0001/antsRegistration-r8-p23/sub-s014

FIXED_IMG: /templateflow/tpl-MNI152NLin2009cAsym/tpl-MNI152NLin2009cAsym_res-01_desc-brain_T1w.nii.gz
DATA_DIR: /home/mdugre/scratch/mri-registration-rp/datasets/ds004513
TEMPLATEFLOW_DIR: /home/mdugre/projects/rrg-glatard/mdugre/templateflow
ITK_GLOBAL_DEFAULT_NUMBER_OF_THREADS: 16
##########################

Info [verificarlo]: loaded backend libinterflop_ieee.so
Info [interflop-ieee]: load backend with:
Info [interflop-ieee]: debug = false
Info [interflop-ieee]: debug-binary = false
Info [interflop-ieee]: no-backend-name = false
Info [interflop-ieee]: print-new-line = false
Info [interflop-ieee]: print-subnormal-normalized = false
Info [interflop-ieee]: count-op = false
All_Command_lines_OK
Using double precision for computations.
=============================================================================
The composite transform comprises the following transforms (in order): 
  1. Center of mass alignment using fixed image: /templateflow/tpl-MNI152NLin2009cAsym/tpl-MNI152NLin2009cAsym_res-01_desc-brain_T1w.nii.gz and moving image: /home/mdugre/scratch/mri-registration-rp/datasets/ds004513/derivatives/mri-registration-rp/antsBrainExtraction/sub-s014/BrainExtractionBrain.nii.gz (type = Euler3DTransform)
=============================================================================
  number of levels = 1
  fixed image: /templateflow/tpl-MNI152NLin2009cAsym/tpl-MNI152NLin2009cAsym_res-01_desc-brain_T1w.nii.gz
  moving image: /home/mdugre/scratch/mri-registration-rp/datasets/ds004513/derivatives/mri-registration-rp/antsBrainExtraction/sub-s014/BrainExtractionBrain.nii.gz
Dimension = 3
Number of stages = 1
Use histogram matching = false
Winsorize image intensities = true
  Lower quantile = 0.005
  Upper quantile = 0.995


Stage 1 State
   Image metric = MattesMI
     Fixed image = Image (0x341ee70)
  RTTI typeinfo:   itk::Image<double, 3u>
  Reference Count: 2
  Modified Time: 2334
  Debug: Off
  Object Name: 
  Observers: 
    none
  Source: (none)
  Source output name: (none)
  Release Data: Off
  Data Released: False
  Global Release Data: Off
  PipelineMTime: 0
  UpdateMTime: 1943
  RealTimeStamp: 0 seconds 
  LargestPossibleRegion: 
    Dimension: 3
    Index: [0, 0, 0]
    Size: [193, 229, 193]
  BufferedRegion: 
    Dimension: 3
    Index: [0, 0, 0]
    Size: [193, 229, 193]
  RequestedRegion: 
    Dimension: 3
    Index: [0, 0, 0]
    Size: [193, 229, 193]
  Spacing: [1, 1, 1]
  Origin: [96, 132, -78]
  Direction: 
-1 0 0
0 -1 0
0 0 1

  IndexToPointMatrix: 
-1 0 0
0 -1 0
0 0 1

  PointToIndexMatrix: 
-1 0 0
0 -1 0
0 0 1

  Inverse Direction: 
-1 0 0
0 -1 0
0 0 1

  PixelContainer: 
    ImportImageContainer (0x342b140)
      RTTI typeinfo:   itk::ImportImageContainer<unsigned long, double>
      Reference Count: 1
      Modified Time: 1940
      Debug: Off
      Object Name: 
      Observers: 
        none
      Pointer: 0x15519a9cb010
      Container manages memory: true
      Size: 8530021
      Capacity: 8530021

     Moving image = Image (0x3428310)
  RTTI typeinfo:   itk::Image<double, 3u>
  Reference Count: 2
  Modified Time: 2335
  Debug: Off
  Object Name: 
  Observers: 
    none
  Source: (none)
  Source output name: (none)
  Release Data: Off
  Data Released: False
  Global Release Data: Off
  PipelineMTime: 0
  UpdateMTime: 2332
  RealTimeStamp: 0 seconds 
  LargestPossibleRegion: 
    Dimension: 3
    Index: [0, 0, 0]
    Size: [160, 240, 256]
  BufferedRegion: 
    Dimension: 3
    Index: [0, 0, 0]
    Size: [160, 240, 256]
  RequestedRegion: 
    Dimension: 3
    Index: [0, 0, 0]
    Size: [160, 240, 256]
  Spacing: [0.999999, 1, 1]
  Origin: [84.1637, 106.709, -120.531]
  Direction: 
-0.999619 -0.0226874 -0.0157033
0.0226846 -0.999743 0.00035635
-0.0157073 -7.8229e-09 0.999877

  IndexToPointMatrix: 
-0.999619 -0.0226874 -0.0157033
0.0226845 -0.999743 0.00035635
-0.0157073 -7.8229e-09 0.999877

  PointToIndexMatrix: 
-0.99962 0.0226846 -0.0157073
-0.0226874 -0.999743 -7.83127e-09
-0.0157033 0.00035635 0.999877

  Inverse Direction: 
-0.999619 0.0226846 -0.0157073
-0.0226874 -0.999743 -7.83127e-09
-0.0157033 0.00035635 0.999877

  PixelContainer: 
    ImportImageContainer (0x3553610)
      RTTI typeinfo:   itk::ImportImageContainer<unsigned long, double>
      Reference Count: 1
      Modified Time: 2329
      Debug: Off
      Object Name: 
      Observers: 
        none
      Pointer: 0x155195eca010
      Container manages memory: true
      Size: 9830400
      Capacity: 9830400

     Weighting = 1
     Sampling strategy = regular
     Number of bins = 32
     Radius = 4
     Sampling percentage  = 0.25
   Transform = Rigid
     Gradient step = 0.1
     Update field sigma (voxel space) = 0
     Total field sigma (voxel space) = 0
     Update field time sigma = 0
     Total field time sigma  = 0
     Number of time indices = 0
     Number of time point samples = 0
Registration using 1 total stages.

Stage 0
  iterations = 0
  convergence threshold = 1e-06
  convergence window size = 10
  number of levels = 1
  using the Mattes MI metric (number of bins = 32, weight = 1, use gradient filter = 0)
  preprocessing:  winsorizing the image intensities
  Shrink factors (level 1 out of 1): [1, 1, 1]
  smoothing sigmas per level: [0]
  regular sampling (percentage = 0.25)

*** Running Euler3DTransform registration ***

  Elapsed time (stage 0): 1.11507


Total elapsed time: 1.12094
Info [verificarlo]: loaded backend libinterflop_ieee.so
Info [interflop-ieee]: load backend with:
Info [interflop-ieee]: debug = false
Info [interflop-ieee]: debug-binary = false
Info [interflop-ieee]: no-backend-name = false
Info [interflop-ieee]: print-new-line = false
Info [interflop-ieee]: print-subnormal-normalized = false
Info [interflop-ieee]: count-op = false
All_Command_lines_OK
Using double precision for computations.
=============================================================================
The composite transform comprises the following transforms (in order): 
  1. /home/mdugre/scratch/mri-registration-rp/datasets/ds004513/derivatives/mri-registration-rp/0001/antsRegistration-r8-p23/sub-s014/align_Composite.h5[0] (type = Euler3DTransform)
  2. /home/mdugre/scratch/mri-registration-rp/datasets/ds004513/derivatives/mri-registration-rp/0001/antsRegistration-r8-p23/sub-s014/align_Composite.h5[1] (type = Euler3DTransform)
=============================================================================
  number of levels = 4
  fixed image: /templateflow/tpl-MNI152NLin2009cAsym/tpl-MNI152NLin2009cAsym_res-01_desc-brain_T1w.nii.gz
  moving image: /home/mdugre/scratch/mri-registration-rp/datasets/ds004513/derivatives/mri-registration-rp/antsBrainExtraction/sub-s014/BrainExtractionBrain.nii.gz
Dimension = 3
Number of stages = 1
Use histogram matching = false
Winsorize image intensities = true
  Lower quantile = 0.005
  Upper quantile = 0.995


Stage 1 State
   Image metric = MattesMI
     Fixed image = Image (0x5100530)
  RTTI typeinfo:   itk::Image<double, 3u>
  Reference Count: 2
  Modified Time: 1580
  Debug: Off
  Object Name: 
  Observers: 
    none
  Source: (none)
  Source output name: (none)
  Release Data: Off
  Data Released: False
  Global Release Data: Off
  PipelineMTime: 0
  UpdateMTime: 1189
  RealTimeStamp: 0 seconds 
  LargestPossibleRegion: 
    Dimension: 3
    Index: [0, 0, 0]
    Size: [193, 229, 193]
  BufferedRegion: 
    Dimension: 3
    Index: [0, 0, 0]
    Size: [193, 229, 193]
  RequestedRegion: 
    Dimension: 3
    Index: [0, 0, 0]
    Size: [193, 229, 193]
  Spacing: [1, 1, 1]
  Origin: [96, 132, -78]
  Direction: 
-1 0 0
0 -1 0
0 0 1

  IndexToPointMatrix: 
-1 0 0
0 -1 0
0 0 1

  PointToIndexMatrix: 
-1 0 0
0 -1 0
0 0 1

  Inverse Direction: 
-1 0 0
0 -1 0
0 0 1

  PixelContainer: 
    ImportImageContainer (0x51bed60)
      RTTI typeinfo:   itk::ImportImageContainer<unsigned long, double>
      Reference Count: 1
      Modified Time: 1186
      Debug: Off
      Object Name: 
      Observers: 
        none
      Pointer: 0x14611fd74010
      Container manages memory: true
      Size: 8530021
      Capacity: 8530021

     Moving image = Image (0x51b0f60)
  RTTI typeinfo:   itk::Image<double, 3u>
  Reference Count: 2
  Modified Time: 1581
  Debug: Off
  Object Name: 
  Observers: 
    none
  Source: (none)
  Source output name: (none)
  Release Data: Off
  Data Released: False
  Global Release Data: Off
  PipelineMTime: 0
  UpdateMTime: 1578
  RealTimeStamp: 0 seconds 
  LargestPossibleRegion: 
    Dimension: 3
    Index: [0, 0, 0]
    Size: [160, 240, 256]
  BufferedRegion: 
    Dimension: 3
    Index: [0, 0, 0]
    Size: [160, 240, 256]
  RequestedRegion: 
    Dimension: 3
    Index: [0, 0, 0]
    Size: [160, 240, 256]
  Spacing: [0.999999, 1, 1]
  Origin: [84.1637, 106.709, -120.531]
  Direction: 
-0.999619 -0.0226874 -0.0157033
0.0226846 -0.999743 0.00035635
-0.0157073 -7.8229e-09 0.999877

  IndexToPointMatrix: 
-0.999619 -0.0226874 -0.0157033
0.0226845 -0.999743 0.00035635
-0.0157073 -7.8229e-09 0.999877

  PointToIndexMatrix: 
-0.99962 0.0226846 -0.0157073
-0.0226874 -0.999743 -7.83127e-09
-0.0157033 0.00035635 0.999877

  Inverse Direction: 
-0.999619 0.0226846 -0.0157073
-0.0226874 -0.999743 -7.83127e-09
-0.0157033 0.00035635 0.999877

  PixelContainer: 
    ImportImageContainer (0x51a26d0)
      RTTI typeinfo:   itk::ImportImageContainer<unsigned long, double>
      Reference Count: 1
      Modified Time: 1575
      Debug: Off
      Object Name: 
      Observers: 
        none
      Pointer: 0x14611b273010
      Container manages memory: true
      Size: 9830400
      Capacity: 9830400

     Weighting = 1
     Sampling strategy = regular
     Number of bins = 32
     Radius = 4
     Sampling percentage  = 0.25
   Transform = Rigid
     Gradient step = 0.1
     Update field sigma (voxel space) = 0
     Total field sigma (voxel space) = 0
     Update field time sigma = 0
     Total field time sigma  = 0
     Number of time indices = 0
     Number of time point samples = 0
Registration using 1 total stages.

Stage 0
  iterations = 1000x500x250x100
  convergence threshold = 1e-06
  convergence window size = 10
  number of levels = 4
  using the Mattes MI metric (number of bins = 32, weight = 1, use gradient filter = 0)
  preprocessing:  winsorizing the image intensities
  Shrink factors (level 1 out of 4): [8, 8, 8]
  Shrink factors (level 2 out of 4): [4, 4, 4]
  Shrink factors (level 3 out of 4): [2, 2, 2]
  Shrink factors (level 4 out of 4): [1, 1, 1]
  smoothing sigmas per level: [3, 2, 1, 0]
  regular sampling (percentage = 0.25)

*** Running Euler3DTransform registration ***

DIAGNOSTIC,Iteration,metricValue,convergenceValue,ITERATION_TIME_INDEX,SINCE_LAST
 2DIAGNOSTIC,     1, -4.770821406565e-01, 1.797693134862e+308, 7.5012e-01, 7.5012e-01, 
 2DIAGNOSTIC,     2, -4.784216133942e-01, 1.797693134862e+308, 7.5509e-01, 4.9739e-03, 
 2DIAGNOSTIC,     3, -4.807043200681e-01, 1.797693134862e+308, 7.6066e-01, 5.5721e-03, 
 2DIAGNOSTIC,     4, -4.840264478065e-01, 1.797693134862e+308, 7.6588e-01, 5.2180e-03, 
 2DIAGNOSTIC,     5, -4.883050305770e-01, 1.797693134862e+308, 7.7106e-01, 5.1801e-03, 
 2DIAGNOSTIC,     6, -4.953560426371e-01, 1.797693134862e+308, 7.7739e-01, 6.3272e-03, 
 2DIAGNOSTIC,     7, -5.007350570384e-01, 1.797693134862e+308, 7.8292e-01, 5.5292e-03, 
 2DIAGNOSTIC,     8, -5.013278569503e-01, 1.797693134862e+308, 7.8820e-01, 5.2810e-03, 
 2DIAGNOSTIC,     9, -5.085255256006e-01, 1.797693134862e+308, 7.9538e-01, 7.1869e-03, 
 2DIAGNOSTIC,    10, -5.161992633656e-01, 5.125196520979e-03, 8.0339e-01, 8.0020e-03, 
 2DIAGNOSTIC,    11, -5.167072941437e-01, 4.879252931146e-03, 8.0830e-01, 4.9171e-03, 
 2DIAGNOSTIC,    12, -5.203629876260e-01, 4.481282734468e-03, 8.1322e-01, 4.9119e-03, 
 2DIAGNOSTIC,    13, -5.229718709777e-01, 3.958672533579e-03, 8.1831e-01, 5.0950e-03, 
 2DIAGNOSTIC,    14, -5.250338110830e-01, 3.368007801724e-03, 8.2413e-01, 5.8200e-03, 
 2DIAGNOSTIC,    15, -5.272078697648e-01, 2.786121483395e-03, 8.3259e-01, 8.4550e-03, 
 2DIAGNOSTIC,    16, -5.275715603978e-01, 2.284098302170e-03, 8.3745e-01, 4.8671e-03, 
 2DIAGNOSTIC,    17, -5.282507656512e-01, 1.839921123748e-03, 8.4261e-01, 5.1539e-03, 
 2DIAGNOSTIC,    18, -5.289722876066e-01, 1.313912041903e-03, 8.4777e-01, 5.1670e-03, 
 2DIAGNOSTIC,    19, -5.292207410111e-01, 9.370568707382e-04, 8.5336e-01, 5.5912e-03, 
 2DIAGNOSTIC,    20, -5.294476960672e-01, 7.341365573350e-04, 8.5839e-01, 5.0261e-03, 
 2DIAGNOSTIC,    21, -5.294955840903e-01, 4.966190831857e-04, 8.6283e-01, 4.4441e-03, 
 2DIAGNOSTIC,    22, -5.295366245031e-01, 3.281311959296e-04, 8.6782e-01, 4.9899e-03, 
 2DIAGNOSTIC,    23, -5.295376311909e-01, 2.063244245617e-04, 8.7276e-01, 4.9379e-03, 
 2DIAGNOSTIC,    24, -5.295911249027e-01, 1.234508389501e-04, 8.7767e-01, 4.9059e-03, 
 2DIAGNOSTIC,    25, -5.296271130649e-01, 8.499150549864e-05, 8.8261e-01, 4.9372e-03, 
 2DIAGNOSTIC,    26, -5.296539599384e-01, 4.983583932691e-05, 8.8701e-01, 4.4091e-03, 
 2DIAGNOSTIC,    27, -5.297704229809e-01, 2.877322815936e-05, 8.9140e-01, 4.3859e-03, 
 2DIAGNOSTIC,    28, -5.299884954866e-01, 2.504887532082e-05, 8.9725e-01, 5.8451e-03, 
 2DIAGNOSTIC,    29, -5.300854192462e-01, 2.569611952574e-05, 9.0223e-01, 4.9870e-03, 
 2DIAGNOSTIC,    30, -5.300410324622e-01, 2.732899344636e-05, 9.0660e-01, 4.3631e-03, 
 2DIAGNOSTIC,    31, -5.300376932141e-01, 2.724560548684e-05, 9.1096e-01, 4.3669e-03, 
 2DIAGNOSTIC,    32, -5.301686264233e-01, 2.763232919293e-05, 9.1535e-01, 4.3828e-03, 
 2DIAGNOSTIC,    33, -5.303926738420e-01, 2.905769097034e-05, 9.2074e-01, 5.3968e-03, 
 2DIAGNOSTIC,    34, -5.304519664600e-01, 2.945835348721e-05, 9.2618e-01, 5.4369e-03, 
 2DIAGNOSTIC,    35, -5.305073139183e-01, 2.868169329268e-05, 9.3051e-01, 4.3271e-03, 
 2DIAGNOSTIC,    36, -5.305686017147e-01, 2.670517374039e-05, 9.3473e-01, 4.2191e-03, 
 2DIAGNOSTIC,    37, -5.306602858942e-01, 2.533264913111e-05, 9.4070e-01, 5.9741e-03, 
 2DIAGNOSTIC,    38, -5.306881156230e-01, 2.512162425176e-05, 9.4507e-01, 4.3750e-03, 
 2DIAGNOSTIC,    39, -5.307317416635e-01, 2.461885298789e-05, 9.4938e-01, 4.3101e-03, 
 2DIAGNOSTIC,    40, -5.308225091354e-01, 2.257034276386e-05, 9.5521e-01, 5.8279e-03, 
 2DIAGNOSTIC,    41, -5.308460424125e-01, 1.877385526088e-05, 9.5957e-01, 4.3609e-03, 
 2DIAGNOSTIC,    42, -5.308561837321e-01, 1.520831957283e-05, 9.6388e-01, 4.3070e-03, 
 2DIAGNOSTIC,    43, -5.308777649273e-01, 1.355835177203e-05, 9.6813e-01, 4.2500e-03, 
 2DIAGNOSTIC,    44, -5.309114036110e-01, 1.190613944346e-05, 9.7237e-01, 4.2391e-03, 
 2DIAGNOSTIC,    45, -5.310262965518e-01, 1.129423566577e-05, 9.7991e-01, 7.5428e-03, 
 2DIAGNOSTIC,    46, -5.310374074445e-01, 1.049838941972e-05, 9.8436e-01, 4.4451e-03, 
 2DIAGNOSTIC,    47, -5.310434720121e-01, 9.962263449945e-06, 9.8933e-01, 4.9751e-03, 
 2DIAGNOSTIC,    48, -5.310518853633e-01, 8.989886106568e-06, 9.9392e-01, 4.5879e-03, 
 2DIAGNOSTIC,    49, -5.310584329536e-01, 7.783359501346e-06, 9.9931e-01, 5.3880e-03, 
 2DIAGNOSTIC,    50, -5.310645817646e-01, 6.973833583761e-06, 1.0055e+00, 6.1522e-03, 
 2DIAGNOSTIC,    51, -5.310656430618e-01, 5.851695600335e-06, 1.0099e+00, 4.4382e-03, 
 2DIAGNOSTIC,    52, -5.310738190002e-01, 4.481863509861e-06, 1.0148e+00, 4.8761e-03, 
 2DIAGNOSTIC,    53, -5.310768127969e-01, 3.049471521448e-06, 1.0192e+00, 4.4692e-03, 
 2DIAGNOSTIC,    54, -5.310775506016e-01, 1.750844720143e-06, 1.0237e+00, 4.4072e-03, 
 2DIAGNOSTIC,    55, -5.310817434211e-01, 1.565716413118e-06, 1.0281e+00, 4.4692e-03, 
 2DIAGNOSTIC,    56, -5.310870994121e-01, 1.452195857468e-06, 1.0331e+00, 4.9469e-03, 
 2DIAGNOSTIC,    57, -5.310885232962e-01, 1.327089154825e-06, 1.0380e+00, 4.8978e-03, 
 2DIAGNOSTIC,    58, -5.310914487850e-01, 1.238639651135e-06, 1.0429e+00, 4.9400e-03, 
 2DIAGNOSTIC,    59, -5.311015678587e-01, 1.240623596670e-06, 1.0483e+00, 5.4140e-03, 
 2DIAGNOSTIC,    60, -5.311021904297e-01, 1.235244579009e-06, 1.0527e+00, 4.3550e-03, 
 2DIAGNOSTIC,    61, -5.311059901820e-01, 1.204917779156e-06, 1.0666e+00, 1.3918e-02, 
 2DIAGNOSTIC,    62, -5.311059901659e-01, 1.182103197373e-06, 1.0806e+00, 1.3974e-02, 
 2DIAGNOSTIC,    63, -5.311059901659e-01, 1.122797857661e-06, 1.0866e+00, 6.0341e-03, 
 2DIAGNOSTIC,    64, -5.311059901659e-01, 1.011506956274e-06, 1.0921e+00, 5.5060e-03, 
DIAGNOSTIC,Iteration,metricValue,convergenceValue,ITERATION_TIME_INDEX,SINCE_LAST
 2DIAGNOSTIC,     1, -4.295258231625e-01, 1.797693134862e+308, 1.8463e+00, 7.5417e-01, 
 2DIAGNOSTIC,     2, -4.302859640432e-01, 1.797693134862e+308, 1.8820e+00, 3.5722e-02, 
 2DIAGNOSTIC,     3, -4.309651196675e-01, 1.797693134862e+308, 1.9157e+00, 3.3691e-02, 
 2DIAGNOSTIC,     4, -4.317164347764e-01, 1.797693134862e+308, 1.9498e+00, 3.4105e-02, 
 2DIAGNOSTIC,     5, -4.325561938345e-01, 1.797693134862e+308, 1.9827e+00, 3.2937e-02, 
 2DIAGNOSTIC,     6, -4.341819580779e-01, 1.797693134862e+308, 2.0178e+00, 3.5099e-02, 
 2DIAGNOSTIC,     7, -4.354327949460e-01, 1.797693134862e+308, 2.0528e+00, 3.5013e-02, 
 2DIAGNOSTIC,     8, -4.367134834400e-01, 1.797693134862e+308, 2.0909e+00, 3.8053e-02, 
 2DIAGNOSTIC,     9, -4.377076816053e-01, 1.797693134862e+308, 2.1387e+00, 4.7811e-02, 
 2DIAGNOSTIC,    10, -4.379510214291e-01, 1.375954781894e-03, 2.1725e+00, 3.3826e-02, 
 2DIAGNOSTIC,    11, -4.381306699704e-01, 1.211218579659e-03, 2.2063e+00, 3.3740e-02, 
 2DIAGNOSTIC,    12, -4.403708091237e-01, 1.128184042348e-03, 2.2476e+00, 4.1304e-02, 
 2DIAGNOSTIC,    13, -4.435986505846e-01, 1.148562288506e-03, 2.2960e+00, 4.8466e-02, 
 2DIAGNOSTIC,    14, -4.436199448056e-01, 1.094787362264e-03, 2.3294e+00, 3.3372e-02, 
 2DIAGNOSTIC,    15, -4.445052016061e-01, 1.025845787328e-03, 2.3689e+00, 3.9530e-02, 
 2DIAGNOSTIC,    16, -4.479362667104e-01, 1.077370586862e-03, 2.4158e+00, 4.6823e-02, 
 2DIAGNOSTIC,    17, -4.481475950938e-01, 1.073587586838e-03, 2.4523e+00, 3.6560e-02, 
 2DIAGNOSTIC,    18, -4.482020490307e-01, 1.018146300654e-03, 2.4891e+00, 3.6815e-02, 
 2DIAGNOSTIC,    19, -4.481966708576e-01, 9.107728218692e-04, 2.5494e+00, 6.0257e-02, 
 2DIAGNOSTIC,    20, -4.481953335804e-01, 7.394369048928e-04, 2.5823e+00, 3.2883e-02, 
 2DIAGNOSTIC,    21, -4.481954334231e-01, 5.189437707094e-04, 2.6241e+00, 4.1799e-02, 
 2DIAGNOSTIC,    22, -4.482018533919e-01, 3.337448831858e-04, 2.6585e+00, 3.4420e-02, 
 2DIAGNOSTIC,    23, -4.481921491801e-01, 2.259319922434e-04, 2.6901e+00, 3.1551e-02, 
 2DIAGNOSTIC,    24, -4.482074312936e-01, 1.077320652536e-04, 2.7256e+00, 3.5558e-02, 
 2DIAGNOSTIC,    25, -4.482144439085e-01, 9.691656976875e-06, 2.7627e+00, 3.7065e-02, 
 2DIAGNOSTIC,    26, -4.482116710119e-01, 3.273680480934e-06, 2.7973e+00, 3.4646e-02, 
 2DIAGNOSTIC,    27, -4.482088353657e-01, 2.084627746625e-06, 2.8344e+00, 3.7087e-02, 
 2DIAGNOSTIC,    28, -4.482139220054e-01, 2.274305513666e-06, 2.8690e+00, 3.4582e-02, 
 2DIAGNOSTIC,    29, -4.482420866472e-01, 2.842587384567e-06, 2.9069e+00, 3.7940e-02, 
 2DIAGNOSTIC,    30, -4.482455732799e-01, 3.232687651761e-06, 2.9442e+00, 3.7264e-02, 
 2DIAGNOSTIC,    31, -4.482405886559e-01, 3.298139258832e-06, 2.9776e+00, 3.3420e-02, 
 2DIAGNOSTIC,    32, -4.482290914983e-01, 3.068922360197e-06, 3.0125e+00, 3.4891e-02, 
 2DIAGNOSTIC,    33, -4.482261087503e-01, 2.406544611137e-06, 3.0563e+00, 4.3780e-02, 
 2DIAGNOSTIC,    34, -4.482147421327e-01, 1.704268135713e-06, 3.0987e+00, 4.2432e-02, 
 2DIAGNOSTIC,    35, -4.482170221696e-01, 1.142411465042e-06, 3.1331e+00, 3.4421e-02, 
DIAGNOSTIC,Iteration,metricValue,convergenceValue,ITERATION_TIME_INDEX,SINCE_LAST
 2DIAGNOSTIC,     1, -3.932184618912e-01, 1.797693134862e+308, 4.2496e+00, 1.1165e+00, 
 2DIAGNOSTIC,     2, -3.933350080797e-01, 1.797693134862e+308, 4.4798e+00, 2.3015e-01, 
 2DIAGNOSTIC,     3, -3.934316047572e-01, 1.797693134862e+308, 4.7424e+00, 2.6261e-01, 
 2DIAGNOSTIC,     4, -3.934445201671e-01, 1.797693134862e+308, 5.0649e+00, 3.2249e-01, 
 2DIAGNOSTIC,     5, -3.934561041396e-01, 1.797693134862e+308, 5.3357e+00, 2.7079e-01, 
 2DIAGNOSTIC,     6, -3.934557400465e-01, 1.797693134862e+308, 5.7035e+00, 3.6787e-01, 
 2DIAGNOSTIC,     7, -3.934568947916e-01, 1.797693134862e+308, 6.2124e+00, 5.0887e-01, 
 2DIAGNOSTIC,     8, -3.934560026729e-01, 1.797693134862e+308, 6.5445e+00, 3.3213e-01, 
 2DIAGNOSTIC,     9, -3.934553707444e-01, 1.797693134862e+308, 6.8817e+00, 3.3714e-01, 
 2DIAGNOSTIC,    10, -3.934548435826e-01, 2.950388576822e-05, 7.1837e+00, 3.0199e-01, 
 2DIAGNOSTIC,    11, -3.934535150860e-01, 1.251788002225e-05, 7.4879e+00, 3.0427e-01, 
 2DIAGNOSTIC,    12, -3.934529103779e-01, 4.334109117418e-06, 7.7933e+00, 3.0539e-01, 
 2DIAGNOSTIC,    13, -3.934523312342e-01, 2.580302746219e-06, 8.0692e+00, 2.7586e-01, 
 2DIAGNOSTIC,    14, -3.934518640897e-01, 1.691075627128e-06, 8.4100e+00, 3.4086e-01, 
 2DIAGNOSTIC,    15, -3.934519734428e-01, 1.537715181132e-06, 8.7147e+00, 3.0468e-01, 
 2DIAGNOSTIC,    16, -3.934513609540e-01, 1.410839910981e-06, 8.9705e+00, 2.5582e-01, 
 2DIAGNOSTIC,    17, -3.934508380251e-01, 1.380509439049e-06, 9.2730e+00, 3.0250e-01, 
 2DIAGNOSTIC,    18, -3.934502559735e-01, 1.340256743115e-06, 9.5318e+00, 2.5874e-01, 
 2DIAGNOSTIC,    19, -3.934497851733e-01, 1.301860296267e-06, 9.8351e+00, 3.0328e-01, 
 2DIAGNOSTIC,    20, -3.934499621607e-01, 1.290039227525e-06, 1.0100e+01, 2.6472e-01, 
 2DIAGNOSTIC,    21, -3.934502604904e-01, 1.271710155216e-06, 1.0410e+01, 3.1041e-01, 
 2DIAGNOSTIC,    22, -3.934498715573e-01, 1.245514091072e-06, 1.0727e+01, 3.1701e-01, 
 2DIAGNOSTIC,    23, -3.934501307206e-01, 1.231426813714e-06, 1.1040e+01, 3.1324e-01, 
 2DIAGNOSTIC,    24, -3.934495535675e-01, 1.200792285994e-06, 1.1316e+01, 2.7525e-01, 
 2DIAGNOSTIC,    25, -3.934490927591e-01, 1.174527711485e-06, 1.1600e+01, 2.8445e-01, 
 2DIAGNOSTIC,    26, -3.934495816274e-01, 1.156238070683e-06, 1.1908e+01, 3.0816e-01, 
 2DIAGNOSTIC,    27, -3.934510332872e-01, 1.170201611007e-06, 1.2264e+01, 3.5546e-01, 
 2DIAGNOSTIC,    28, -3.934498670241e-01, 1.138213987867e-06, 1.2565e+01, 3.0092e-01, 
 2DIAGNOSTIC,    29, -3.934494067907e-01, 1.086573248883e-06, 1.2862e+01, 2.9711e-01, 
 2DIAGNOSTIC,    30, -3.934490071008e-01, 1.034518288236e-06, 1.3159e+01, 2.9726e-01, 
 2DIAGNOSTIC,    31, -3.934493552225e-01, 1.002859721676e-06, 1.3417e+01, 2.5844e-01, 
 2DIAGNOSTIC,    32, -3.934514388992e-01, 1.012150043916e-06, 1.3711e+01, 2.9357e-01, 
 2DIAGNOSTIC,    33, -3.934519791685e-01, 1.036072086485e-06, 1.3976e+01, 2.6493e-01, 
 2DIAGNOSTIC,    34, -3.934514162062e-01, 1.029043075029e-06, 1.4279e+01, 3.0263e-01, 
 2DIAGNOSTIC,    35, -3.934525148453e-01, 1.027695577773e-06, 1.4571e+01, 2.9278e-01, 
 2DIAGNOSTIC,    36, -3.934539684044e-01, 1.051995725365e-06, 1.4904e+01, 3.3236e-01, 
 2DIAGNOSTIC,    37, -3.934536117487e-01, 1.079271552192e-06, 1.5210e+01, 3.0602e-01, 
 2DIAGNOSTIC,    38, -3.934525130878e-01, 1.042002437789e-06, 1.5506e+01, 2.9637e-01, 
DIAGNOSTIC,Iteration,metricValue,convergenceValue,ITERATION_TIME_INDEX,SINCE_LAST
 2DIAGNOSTIC,     1, -3.660000232066e-01, 1.797693134862e+308, 1.8319e+01, 2.8131e+00, 
 2DIAGNOSTIC,     2, -3.661006044962e-01, 1.797693134862e+308, 2.0129e+01, 1.8102e+00, 
 2DIAGNOSTIC,     3, -3.661940053536e-01, 1.797693134862e+308, 2.2082e+01, 1.9521e+00, 
 2DIAGNOSTIC,     4, -3.662025643961e-01, 1.797693134862e+308, 2.5305e+01, 3.2234e+00, 
 2DIAGNOSTIC,     5, -3.662022977384e-01, 1.797693134862e+308, 2.7760e+01, 2.4555e+00, 
 2DIAGNOSTIC,     6, -3.662022733249e-01, 1.797693134862e+308, 2.9673e+01, 1.9125e+00, 
 2DIAGNOSTIC,     7, -3.662021510407e-01, 1.797693134862e+308, 3.1660e+01, 1.9870e+00, 
 2DIAGNOSTIC,     8, -3.662021104761e-01, 1.797693134862e+308, 3.3583e+01, 1.9229e+00, 
 2DIAGNOSTIC,     9, -3.662019867602e-01, 1.797693134862e+308, 3.5451e+01, 1.8686e+00, 
 2DIAGNOSTIC,    10, -3.662019340658e-01, 2.615307003333e-05, 3.7211e+01, 1.7596e+00, 
 2DIAGNOSTIC,    11, -3.662019021382e-01, 1.049208962574e-05, 3.9158e+01, 1.9466e+00, 
 2DIAGNOSTIC,    12, -3.662017877831e-01, 3.091361233554e-06, 4.1237e+01, 2.0798e+00, 
 2DIAGNOSTIC,    13, -3.662019075680e-01, 2.358435158209e-06, 4.3227e+01, 1.9893e+00, 
 2DIAGNOSTIC,    14, -3.662018587105e-01, 2.210206137526e-06, 4.5228e+01, 2.0016e+00, 
 2DIAGNOSTIC,    15, -3.662018920128e-01, 2.075386375200e-06, 4.7243e+01, 2.0146e+00, 
 2DIAGNOSTIC,    16, -3.662018421367e-01, 1.958104229038e-06, 4.9047e+01, 1.8044e+00, 
 2DIAGNOSTIC,    17, -3.662017315649e-01, 1.846828478307e-06, 5.0765e+01, 1.7172e+00, 
 2DIAGNOSTIC,    18, -3.662016584533e-01, 1.745449629727e-06, 5.2756e+01, 1.9914e+00, 
 2DIAGNOSTIC,    19, -3.662015876321e-01, 1.648798694839e-06, 5.4727e+01, 1.9705e+00, 
 2DIAGNOSTIC,    20, -3.662013732931e-01, 1.553843739073e-06, 5.6694e+01, 1.9674e+00, 
 2DIAGNOSTIC,    21, -3.662013254934e-01, 1.468744466708e-06, 5.9123e+01, 2.4289e+00, 
 2DIAGNOSTIC,    22, -3.662011170360e-01, 1.384171224542e-06, 6.1292e+01, 2.1689e+00, 
 2DIAGNOSTIC,    23, -3.662008967277e-01, 1.309503525851e-06, 6.3132e+01, 1.8401e+00, 
 2DIAGNOSTIC,    24, -3.662008589289e-01, 1.245216183117e-06, 6.5205e+01, 2.0732e+00, 
 2DIAGNOSTIC,    25, -3.662009022534e-01, 1.195923455252e-06, 6.7242e+01, 2.0369e+00, 
 2DIAGNOSTIC,    26, -3.662008588639e-01, 1.154782606608e-06, 6.9046e+01, 1.8038e+00, 
 2DIAGNOSTIC,    27, -3.662010886960e-01, 1.126687727872e-06, 7.1043e+01, 1.9974e+00, 
 2DIAGNOSTIC,    28, -3.662011545013e-01, 1.105168540835e-06, 7.3049e+01, 2.0053e+00, 
 2DIAGNOSTIC,    29, -3.662007271253e-01, 1.074819867546e-06, 7.5266e+01, 2.2170e+00, 
 2DIAGNOSTIC,    30, -3.662006710303e-01, 1.041888307907e-06, 7.7237e+01, 1.9715e+00, 
 2DIAGNOSTIC,    31, -3.662006079461e-01, 1.010052200281e-06, 7.9180e+01, 1.9432e+00, 
  Elapsed time (stage 0): 8.0182e+01


Total elapsed time: 8.0184e+01
Info [verificarlo]: loaded backend libinterflop_ieee.so
Info [interflop-ieee]: load backend with:
Info [interflop-ieee]: debug = false
Info [interflop-ieee]: debug-binary = false
Info [interflop-ieee]: no-backend-name = false
Info [interflop-ieee]: print-new-line = false
Info [interflop-ieee]: print-subnormal-normalized = false
Info [interflop-ieee]: count-op = false
All_Command_lines_OK
Using double precision for computations.
=============================================================================
The composite transform comprises the following transforms (in order): 
  1. /home/mdugre/scratch/mri-registration-rp/datasets/ds004513/derivatives/mri-registration-rp/0001/antsRegistration-r8-p23/sub-s014/rigid_Composite.h5[0] (type = Euler3DTransform)
  2. /home/mdugre/scratch/mri-registration-rp/datasets/ds004513/derivatives/mri-registration-rp/0001/antsRegistration-r8-p23/sub-s014/rigid_Composite.h5[1] (type = Euler3DTransform)
  3. /home/mdugre/scratch/mri-registration-rp/datasets/ds004513/derivatives/mri-registration-rp/0001/antsRegistration-r8-p23/sub-s014/rigid_Composite.h5[2] (type = Euler3DTransform)
=============================================================================
  number of levels = 4
  fixed image: /templateflow/tpl-MNI152NLin2009cAsym/tpl-MNI152NLin2009cAsym_res-01_desc-brain_T1w.nii.gz
  moving image: /home/mdugre/scratch/mri-registration-rp/datasets/ds004513/derivatives/mri-registration-rp/antsBrainExtraction/sub-s014/BrainExtractionBrain.nii.gz
Dimension = 3
Number of stages = 1
Use histogram matching = false
Winsorize image intensities = true
  Lower quantile = 0.005
  Upper quantile = 0.995


Stage 1 State
   Image metric = MattesMI
     Fixed image = Image (0x47fa7e0)
  RTTI typeinfo:   itk::Image<double, 3u>
  Reference Count: 2
  Modified Time: 1594
  Debug: Off
  Object Name: 
  Observers: 
    none
  Source: (none)
  Source output name: (none)
  Release Data: Off
  Data Released: False
  Global Release Data: Off
  PipelineMTime: 0
  UpdateMTime: 1203
  RealTimeStamp: 0 seconds 
  LargestPossibleRegion: 
    Dimension: 3
    Index: [0, 0, 0]
    Size: [193, 229, 193]
  BufferedRegion: 
    Dimension: 3
    Index: [0, 0, 0]
    Size: [193, 229, 193]
  RequestedRegion: 
    Dimension: 3
    Index: [0, 0, 0]
    Size: [193, 229, 193]
  Spacing: [1, 1, 1]
  Origin: [96, 132, -78]
  Direction: 
-1 0 0
0 -1 0
0 0 1

  IndexToPointMatrix: 
-1 0 0
0 -1 0
0 0 1

  PointToIndexMatrix: 
-1 0 0
0 -1 0
0 0 1

  Inverse Direction: 
-1 0 0
0 -1 0
0 0 1

  PixelContainer: 
    ImportImageContainer (0x48baa20)
      RTTI typeinfo:   itk::ImportImageContainer<unsigned long, double>
      Reference Count: 1
      Modified Time: 1200
      Debug: Off
      Object Name: 
      Observers: 
        none
      Pointer: 0x14843dd14010
      Container manages memory: true
      Size: 8530021
      Capacity: 8530021

     Moving image = Image (0x48b5d70)
  RTTI typeinfo:   itk::Image<double, 3u>
  Reference Count: 2
  Modified Time: 1595
  Debug: Off
  Object Name: 
  Observers: 
    none
  Source: (none)
  Source output name: (none)
  Release Data: Off
  Data Released: False
  Global Release Data: Off
  PipelineMTime: 0
  UpdateMTime: 1592
  RealTimeStamp: 0 seconds 
  LargestPossibleRegion: 
    Dimension: 3
    Index: [0, 0, 0]
    Size: [160, 240, 256]
  BufferedRegion: 
    Dimension: 3
    Index: [0, 0, 0]
    Size: [160, 240, 256]
  RequestedRegion: 
    Dimension: 3
    Index: [0, 0, 0]
    Size: [160, 240, 256]
  Spacing: [0.999999, 1, 1]
  Origin: [84.1637, 106.709, -120.531]
  Direction: 
-0.999619 -0.0226874 -0.0157033
0.0226846 -0.999743 0.00035635
-0.0157073 -7.8229e-09 0.999877

  IndexToPointMatrix: 
-0.999619 -0.0226874 -0.0157033
0.0226845 -0.999743 0.00035635
-0.0157073 -7.8229e-09 0.999877

  PointToIndexMatrix: 
-0.99962 0.0226846 -0.0157073
-0.0226874 -0.999743 -7.83127e-09
-0.0157033 0.00035635 0.999877

  Inverse Direction: 
-0.999619 0.0226846 -0.0157073
-0.0226874 -0.999743 -7.83127e-09
-0.0157033 0.00035635 0.999877

  PixelContainer: 
    ImportImageContainer (0x486dc90)
      RTTI typeinfo:   itk::ImportImageContainer<unsigned long, double>
      Reference Count: 1
      Modified Time: 1589
      Debug: Off
      Object Name: 
      Observers: 
        none
      Pointer: 0x148439213010
      Container manages memory: true
      Size: 9830400
      Capacity: 9830400

     Weighting = 1
     Sampling strategy = regular
     Number of bins = 32
     Radius = 4
     Sampling percentage  = 0.25
   Transform = Affine
     Gradient step = 0.1
     Update field sigma (voxel space) = 0
     Total field sigma (voxel space) = 0
     Update field time sigma = 0
     Total field time sigma  = 0
     Number of time indices = 0
     Number of time point samples = 0
Registration using 1 total stages.

Stage 0
  iterations = 1000x500x250x100
  convergence threshold = 1e-06
  convergence window size = 10
  number of levels = 4
  using the Mattes MI metric (number of bins = 32, weight = 1, use gradient filter = 0)
  preprocessing:  winsorizing the image intensities
  Shrink factors (level 1 out of 4): [8, 8, 8]
  Shrink factors (level 2 out of 4): [4, 4, 4]
  Shrink factors (level 3 out of 4): [2, 2, 2]
  Shrink factors (level 4 out of 4): [1, 1, 1]
  smoothing sigmas per level: [3, 2, 1, 0]
  regular sampling (percentage = 0.25)

*** Running AffineTransform registration ***

DIAGNOSTIC,Iteration,metricValue,convergenceValue,ITERATION_TIME_INDEX,SINCE_LAST
 2DIAGNOSTIC,     1, -5.239750083224e-01, 1.797693134862e+308, 8.0851e-01, 8.0851e-01, 
 2DIAGNOSTIC,     2, -5.258640014069e-01, 1.797693134862e+308, 8.1442e-01, 5.9121e-03, 
 2DIAGNOSTIC,     3, -5.291088181048e-01, 1.797693134862e+308, 8.1946e-01, 5.0440e-03, 
 2DIAGNOSTIC,     4, -5.347710742070e-01, 1.797693134862e+308, 8.2451e-01, 5.0480e-03, 
 2DIAGNOSTIC,     5, -5.449383437816e-01, 1.797693134862e+308, 8.2967e-01, 5.1551e-03, 
 2DIAGNOSTIC,     6, -6.215306359763e-01, 1.797693134862e+308, 8.3500e-01, 5.3351e-03, 
 2DIAGNOSTIC,     7, -6.633611127494e-01, 1.797693134862e+308, 8.4045e-01, 5.4491e-03, 
 2DIAGNOSTIC,     8, -7.298997569706e-01, 1.797693134862e+308, 8.4776e-01, 7.3149e-03, 
 2DIAGNOSTIC,     9, -7.422521004431e-01, 1.797693134862e+308, 8.5320e-01, 5.4309e-03, 
 2DIAGNOSTIC,    10, -7.541338231537e-01, 2.915590388775e-02, 8.5891e-01, 5.7161e-03, 
 2DIAGNOSTIC,    11, -7.649021937638e-01, 2.764847215370e-02, 8.6525e-01, 6.3369e-03, 
 2DIAGNOSTIC,    12, -7.741613815888e-01, 2.434790922378e-02, 8.7289e-01, 7.6389e-03, 
 2DIAGNOSTIC,    13, -7.770752256582e-01, 1.968342104130e-02, 8.7895e-01, 6.0651e-03, 
 2DIAGNOSTIC,    14, -7.814243890488e-01, 1.436952649052e-02, 8.8465e-01, 5.6992e-03, 
 2DIAGNOSTIC,    15, -7.874240642495e-01, 9.014367011585e-03, 8.9164e-01, 6.9852e-03, 
 2DIAGNOSTIC,    16, -7.920938505906e-01, 5.733377184310e-03, 8.9732e-01, 5.6829e-03, 
 2DIAGNOSTIC,    17, -7.957349041459e-01, 3.442741333421e-03, 9.0296e-01, 5.6360e-03, 
 2DIAGNOSTIC,    18, -8.010581568869e-01, 2.769032712056e-03, 9.0989e-01, 6.9351e-03, 
 2DIAGNOSTIC,    19, -8.020624489248e-01, 2.204703441703e-03, 9.1628e-01, 6.3870e-03, 
 2DIAGNOSTIC,    20, -8.025885715126e-01, 1.748770929513e-03, 9.2174e-01, 5.4579e-03, 
 2DIAGNOSTIC,    21, -8.047946911441e-01, 1.424910668673e-03, 9.2802e-01, 6.2859e-03, 
 2DIAGNOSTIC,    22, -8.088013073955e-01, 1.241438005668e-03, 9.3546e-01, 7.4339e-03, 
 2DIAGNOSTIC,    23, -8.108217272027e-01, 1.042870542575e-03, 9.4111e-01, 5.6539e-03, 
 2DIAGNOSTIC,    24, -8.126149606623e-01, 8.656376163290e-04, 9.4673e-01, 5.6190e-03, 
 2DIAGNOSTIC,    25, -8.155475674922e-01, 7.639584910094e-04, 9.5304e-01, 6.3069e-03, 
 2DIAGNOSTIC,    26, -8.215007513358e-01, 7.574231159096e-04, 9.5868e-01, 5.6491e-03, 
 2DIAGNOSTIC,    27, -8.250888561055e-01, 7.798509629216e-04, 9.6506e-01, 6.3779e-03, 
 2DIAGNOSTIC,    28, -8.288886664129e-01, 8.529051368736e-04, 9.7263e-01, 7.5719e-03, 
 2DIAGNOSTIC,    29, -8.297151091475e-01, 8.652894125232e-04, 9.7827e-01, 5.6310e-03, 
 2DIAGNOSTIC,    30, -8.333730810621e-01, 8.489781630694e-04, 9.8395e-01, 5.6849e-03, 
 2DIAGNOSTIC,    31, -8.366877280960e-01, 8.191015472038e-04, 9.9012e-01, 6.1669e-03, 
 2DIAGNOSTIC,    32, -8.378456684438e-01, 7.739892506196e-04, 9.9575e-01, 5.6331e-03, 
 2DIAGNOSTIC,    33, -8.386440282408e-01, 6.920011263413e-04, 1.0021e+00, 6.3331e-03, 
 2DIAGNOSTIC,    34, -8.393202721470e-01, 5.779759451227e-04, 1.0096e+00, 7.5488e-03, 
 2DIAGNOSTIC,    35, -8.396560764361e-01, 4.502532938586e-04, 1.0153e+00, 5.6629e-03, 
 2DIAGNOSTIC,    36, -8.402329029241e-01, 3.547455306740e-04, 1.0209e+00, 5.5900e-03, 
 2DIAGNOSTIC,    37, -8.406979301208e-01, 2.715833929363e-04, 1.0266e+00, 5.6791e-03, 
 2DIAGNOSTIC,    38, -8.411694725882e-01, 2.099945590273e-04, 1.0329e+00, 6.3789e-03, 
 2DIAGNOSTIC,    39, -8.413405795662e-01, 1.409505900673e-04, 1.0385e+00, 5.5249e-03, 
 2DIAGNOSTIC,    40, -8.419743881520e-01, 1.015374259115e-04, 1.0452e+00, 6.7730e-03, 
 2DIAGNOSTIC,    41, -8.420477202857e-01, 8.493387603058e-05, 1.0509e+00, 5.6181e-03, 
 2DIAGNOSTIC,    42, -8.422138911613e-01, 7.271607317655e-05, 1.0571e+00, 6.2509e-03, 
 2DIAGNOSTIC,    43, -8.428778224135e-01, 6.671176009861e-05, 1.0634e+00, 6.2521e-03, 
 2DIAGNOSTIC,    44, -8.433441138324e-01, 6.411621015927e-05, 1.0707e+00, 7.3762e-03, 
 2DIAGNOSTIC,    45, -8.434566514692e-01, 5.911518826837e-05, 1.0769e+00, 6.1531e-03, 
 2DIAGNOSTIC,    46, -8.432655146990e-01, 5.188234801855e-05, 1.0831e+00, 6.2072e-03, 
 2DIAGNOSTIC,    47, -8.430382081287e-01, 4.200692497335e-05, 1.0886e+00, 5.5330e-03, 
 2DIAGNOSTIC,    48, -8.428230369169e-01, 3.055288663657e-05, 1.0949e+00, 6.2459e-03, 
 2DIAGNOSTIC,    49, -8.428536261927e-01, 1.806327864771e-05, 1.1005e+00, 5.6720e-03, 
 2DIAGNOSTIC,    50, -8.427688275919e-01, 8.449748032664e-06, 1.1061e+00, 5.5640e-03, 
DIAGNOSTIC,Iteration,metricValue,convergenceValue,ITERATION_TIME_INDEX,SINCE_LAST
 2DIAGNOSTIC,     1, -6.903324652997e-01, 1.797693134862e+308, 1.8445e+00, 7.3836e-01, 
 2DIAGNOSTIC,     2, -6.911384148934e-01, 1.797693134862e+308, 1.8871e+00, 4.2602e-02, 
 2DIAGNOSTIC,     3, -6.916182757858e-01, 1.797693134862e+308, 1.9276e+00, 4.0552e-02, 
 2DIAGNOSTIC,     4, -6.918782586701e-01, 1.797693134862e+308, 1.9716e+00, 4.3958e-02, 
 2DIAGNOSTIC,     5, -6.922989495265e-01, 1.797693134862e+308, 2.0127e+00, 4.1155e-02, 
 2DIAGNOSTIC,     6, -6.926886747153e-01, 1.797693134862e+308, 2.0556e+00, 4.2901e-02, 
 2DIAGNOSTIC,     7, -6.933707215868e-01, 1.797693134862e+308, 2.1018e+00, 4.6192e-02, 
 2DIAGNOSTIC,     8, -6.936944440334e-01, 1.797693134862e+308, 2.1768e+00, 7.4982e-02, 
 2DIAGNOSTIC,     9, -6.936782916959e-01, 1.797693134862e+308, 2.2174e+00, 4.0538e-02, 
 2DIAGNOSTIC,    10, -6.936524755388e-01, 3.215967194055e-04, 2.2625e+00, 4.5171e-02, 
 2DIAGNOSTIC,    11, -6.936248060999e-01, 2.376156249690e-04, 2.3046e+00, 4.2086e-02, 
 2DIAGNOSTIC,    12, -6.936234716763e-01, 1.735152116262e-04, 2.3504e+00, 4.5820e-02, 
 2DIAGNOSTIC,    13, -6.936309092619e-01, 1.190947575230e-04, 2.3945e+00, 4.4058e-02, 
 2DIAGNOSTIC,    14, -6.936228192520e-01, 6.931139965446e-05, 2.4356e+00, 4.1065e-02, 
 2DIAGNOSTIC,    15, -6.936163373252e-01, 3.146979472002e-05, 2.4762e+00, 4.0655e-02, 
 2DIAGNOSTIC,    16, -6.936236710600e-01, 5.463493463184e-06, 2.5211e+00, 4.4937e-02, 
DIAGNOSTIC,Iteration,metricValue,convergenceValue,ITERATION_TIME_INDEX,SINCE_LAST
 2DIAGNOSTIC,     1, -5.887063568101e-01, 1.797693134862e+308, 3.7629e+00, 1.2418e+00, 
 2DIAGNOSTIC,     2, -5.893520031123e-01, 1.797693134862e+308, 4.0873e+00, 3.2437e-01, 
 2DIAGNOSTIC,     3, -5.900522593221e-01, 1.797693134862e+308, 4.4090e+00, 3.2167e-01, 
 2DIAGNOSTIC,     4, -5.908720004714e-01, 1.797693134862e+308, 4.7086e+00, 2.9963e-01, 
 2DIAGNOSTIC,     5, -5.918283470694e-01, 1.797693134862e+308, 5.0346e+00, 3.2604e-01, 
 2DIAGNOSTIC,     6, -5.925829736975e-01, 1.797693134862e+308, 5.4100e+00, 3.7532e-01, 
 2DIAGNOSTIC,     7, -5.925967223618e-01, 1.797693134862e+308, 5.7026e+00, 2.9262e-01, 
 2DIAGNOSTIC,     8, -5.927024719733e-01, 1.797693134862e+308, 6.0525e+00, 3.4991e-01, 
 2DIAGNOSTIC,     9, -5.929013598262e-01, 1.797693134862e+308, 6.7289e+00, 6.7639e-01, 
 2DIAGNOSTIC,    10, -5.928987863928e-01, 4.877404340652e-04, 7.0996e+00, 3.7072e-01, 
 2DIAGNOSTIC,    11, -5.929021898295e-01, 3.467100034158e-04, 7.4516e+00, 3.5202e-01, 
 2DIAGNOSTIC,    12, -5.929004301920e-01, 2.243864076988e-04, 7.8397e+00, 3.8807e-01, 
 2DIAGNOSTIC,    13, -5.929049729523e-01, 1.268561370807e-04, 8.2279e+00, 3.8824e-01, 
 2DIAGNOSTIC,    14, -5.929037862803e-01, 5.930882859199e-05, 8.5391e+00, 3.1119e-01, 
 2DIAGNOSTIC,    15, -5.929040366827e-01, 2.554309761339e-05, 8.8626e+00, 3.2343e-01, 
 2DIAGNOSTIC,    16, -5.929064686240e-01, 1.669733950151e-05, 9.2533e+00, 3.9073e-01, 
 2DIAGNOSTIC,    17, -5.929074085910e-01, 7.933255720093e-06, 9.6581e+00, 4.0480e-01, 
 2DIAGNOSTIC,    18, -5.929070069590e-01, 2.240854556232e-06, 1.0002e+01, 3.4341e-01, 
 2DIAGNOSTIC,    19, -5.929067504411e-01, 2.126342723965e-06, 1.0295e+01, 2.9393e-01, 
 2DIAGNOSTIC,    20, -5.929071291777e-01, 1.927959334090e-06, 1.0646e+01, 3.5080e-01, 
 2DIAGNOSTIC,    21, -5.929056925484e-01, 1.762643583765e-06, 1.1017e+01, 3.7105e-01, 
 2DIAGNOSTIC,    22, -5.929050085821e-01, 1.533420922510e-06, 1.1387e+01, 3.7008e-01, 
 2DIAGNOSTIC,    23, -5.929039987521e-01, 1.391690778230e-06, 1.1747e+01, 3.5970e-01, 
 2DIAGNOSTIC,    24, -5.929029130566e-01, 1.216461641432e-06, 1.2035e+01, 2.8753e-01, 
 2DIAGNOSTIC,    25, -5.929006299758e-01, 1.025512661887e-06, 1.2326e+01, 2.9190e-01, 
DIAGNOSTIC,Iteration,metricValue,convergenceValue,ITERATION_TIME_INDEX,SINCE_LAST
