
##########################
# Experiment information #
##########################

EXPERIMENT_NAME: antsRegistration-r8-p7
VFC_BACKENDS: libinterflop_vprec.so --range-binary32=8 --precision-binary32=7 --range-binary64=8 --precision-binary64=7

SIF_IMG: /home/mdugre/projects/rrg-glatard/mdugre/containers/ants-vprec-no_metrics.simg

SUBJECT_ID: s003
INPUT_IMG: /home/mdugre/scratch/mri-registration-rp/datasets/ds004513/derivatives/mri-registration-rp/antsBrainExtraction/sub-s003/BrainExtractionBrain.nii.gz
OUTPUT_DIR: /home/mdugre/scratch/mri-registration-rp/datasets/ds004513/derivatives/mri-registration-rp/0001/antsRegistration-r8-p7/sub-s003

FIXED_IMG: /templateflow/tpl-MNI152NLin2009cAsym/tpl-MNI152NLin2009cAsym_res-01_desc-brain_T1w.nii.gz
DATA_DIR: /home/mdugre/scratch/mri-registration-rp/datasets/ds004513
TEMPLATEFLOW_DIR: /home/mdugre/projects/rrg-glatard/mdugre/templateflow
ITK_GLOBAL_DEFAULT_NUMBER_OF_THREADS: 16
##########################

Info [verificarlo]: loaded backend libinterflop_ieee.so
Info [interflop-ieee]: load backend with:
Info [interflop-ieee]: debug = false
Info [interflop-ieee]: debug-binary = false
Info [interflop-ieee]: no-backend-name = false
Info [interflop-ieee]: print-new-line = false
Info [interflop-ieee]: print-subnormal-normalized = false
Info [interflop-ieee]: count-op = false
All_Command_lines_OK
Using double precision for computations.
=============================================================================
The composite transform comprises the following transforms (in order): 
  1. Center of mass alignment using fixed image: /templateflow/tpl-MNI152NLin2009cAsym/tpl-MNI152NLin2009cAsym_res-01_desc-brain_T1w.nii.gz and moving image: /home/mdugre/scratch/mri-registration-rp/datasets/ds004513/derivatives/mri-registration-rp/antsBrainExtraction/sub-s003/BrainExtractionBrain.nii.gz (type = Euler3DTransform)
=============================================================================
  number of levels = 1
  fixed image: /templateflow/tpl-MNI152NLin2009cAsym/tpl-MNI152NLin2009cAsym_res-01_desc-brain_T1w.nii.gz
  moving image: /home/mdugre/scratch/mri-registration-rp/datasets/ds004513/derivatives/mri-registration-rp/antsBrainExtraction/sub-s003/BrainExtractionBrain.nii.gz
Dimension = 3
Number of stages = 1
Use histogram matching = false
Winsorize image intensities = true
  Lower quantile = 0.005
  Upper quantile = 0.995


Stage 1 State
   Image metric = MattesMI
     Fixed image = Image (0x4af2bd0)
  RTTI typeinfo:   itk::Image<double, 3u>
  Reference Count: 2
  Modified Time: 2334
  Debug: Off
  Object Name: 
  Observers: 
    none
  Source: (none)
  Source output name: (none)
  Release Data: Off
  Data Released: False
  Global Release Data: Off
  PipelineMTime: 0
  UpdateMTime: 1943
  RealTimeStamp: 0 seconds 
  LargestPossibleRegion: 
    Dimension: 3
    Index: [0, 0, 0]
    Size: [193, 229, 193]
  BufferedRegion: 
    Dimension: 3
    Index: [0, 0, 0]
    Size: [193, 229, 193]
  RequestedRegion: 
    Dimension: 3
    Index: [0, 0, 0]
    Size: [193, 229, 193]
  Spacing: [1, 1, 1]
  Origin: [96, 132, -78]
  Direction: 
-1 0 0
0 -1 0
0 0 1

  IndexToPointMatrix: 
-1 0 0
0 -1 0
0 0 1

  PointToIndexMatrix: 
-1 0 0
0 -1 0
0 0 1

  Inverse Direction: 
-1 0 0
0 -1 0
0 0 1

  PixelContainer: 
    ImportImageContainer (0x4b4a930)
      RTTI typeinfo:   itk::ImportImageContainer<unsigned long, double>
      Reference Count: 1
      Modified Time: 1940
      Debug: Off
      Object Name: 
      Observers: 
        none
      Pointer: 0x14d2b82a0010
      Container manages memory: true
      Size: 8530021
      Capacity: 8530021

     Moving image = Image (0x4be2610)
  RTTI typeinfo:   itk::Image<double, 3u>
  Reference Count: 2
  Modified Time: 2335
  Debug: Off
  Object Name: 
  Observers: 
    none
  Source: (none)
  Source output name: (none)
  Release Data: Off
  Data Released: False
  Global Release Data: Off
  PipelineMTime: 0
  UpdateMTime: 2332
  RealTimeStamp: 0 seconds 
  LargestPossibleRegion: 
    Dimension: 3
    Index: [0, 0, 0]
    Size: [176, 240, 256]
  BufferedRegion: 
    Dimension: 3
    Index: [0, 0, 0]
    Size: [176, 240, 256]
  RequestedRegion: 
    Dimension: 3
    Index: [0, 0, 0]
    Size: [176, 240, 256]
  Spacing: [0.999999, 1, 1]
  Origin: [93.3499, 86.9368, -128.957]
  Direction: 
-0.999513 -0.0279216 -0.0139567
0.0279189 -0.99961 0.000389866
-0.0139622 2.01492e-08 0.999903

  IndexToPointMatrix: 
-0.999512 -0.0279216 -0.0139567
0.0279189 -0.99961 0.000389866
-0.0139621 2.01492e-08 0.999903

  PointToIndexMatrix: 
-0.999514 0.0279189 -0.0139622
-0.0279216 -0.99961 2.01716e-08
-0.0139567 0.000389866 0.999903

  Inverse Direction: 
-0.999513 0.0279189 -0.0139622
-0.0279216 -0.99961 2.01716e-08
-0.0139567 0.000389866 0.999903

  PixelContainer: 
    ImportImageContainer (0x4b22850)
      RTTI typeinfo:   itk::ImportImageContainer<unsigned long, double>
      Reference Count: 1
      Modified Time: 2329
      Debug: Off
      Object Name: 
      Observers: 
        none
      Pointer: 0x14d2b301f010
      Container manages memory: true
      Size: 10813440
      Capacity: 10813440

     Weighting = 1
     Sampling strategy = regular
     Number of bins = 32
     Radius = 4
     Sampling percentage  = 0.25
   Transform = Rigid
     Gradient step = 0.1
     Update field sigma (voxel space) = 0
     Total field sigma (voxel space) = 0
     Update field time sigma = 0
     Total field time sigma  = 0
     Number of time indices = 0
     Number of time point samples = 0
Registration using 1 total stages.

Stage 0
  iterations = 0
  convergence threshold = 1e-06
  convergence window size = 10
  number of levels = 1
  using the Mattes MI metric (number of bins = 32, weight = 1, use gradient filter = 0)
  preprocessing:  winsorizing the image intensities
  Shrink factors (level 1 out of 1): [1, 1, 1]
  smoothing sigmas per level: [0]
  regular sampling (percentage = 0.25)

*** Running Euler3DTransform registration ***

  Elapsed time (stage 0): 1.0918


Total elapsed time: 1.09401
Info [verificarlo]: loaded backend libinterflop_ieee.so
Info [interflop-ieee]: load backend with:
Info [interflop-ieee]: debug = false
Info [interflop-ieee]: debug-binary = false
Info [interflop-ieee]: no-backend-name = false
Info [interflop-ieee]: print-new-line = false
Info [interflop-ieee]: print-subnormal-normalized = false
Info [interflop-ieee]: count-op = false
All_Command_lines_OK
Using double precision for computations.
=============================================================================
The composite transform comprises the following transforms (in order): 
  1. /home/mdugre/scratch/mri-registration-rp/datasets/ds004513/derivatives/mri-registration-rp/0001/antsRegistration-r8-p7/sub-s003/align_Composite.h5[0] (type = Euler3DTransform)
  2. /home/mdugre/scratch/mri-registration-rp/datasets/ds004513/derivatives/mri-registration-rp/0001/antsRegistration-r8-p7/sub-s003/align_Composite.h5[1] (type = Euler3DTransform)
=============================================================================
  number of levels = 4
  fixed image: /templateflow/tpl-MNI152NLin2009cAsym/tpl-MNI152NLin2009cAsym_res-01_desc-brain_T1w.nii.gz
  moving image: /home/mdugre/scratch/mri-registration-rp/datasets/ds004513/derivatives/mri-registration-rp/antsBrainExtraction/sub-s003/BrainExtractionBrain.nii.gz
Dimension = 3
Number of stages = 1
Use histogram matching = false
Winsorize image intensities = true
  Lower quantile = 0.005
  Upper quantile = 0.995


Stage 1 State
   Image metric = MattesMI
     Fixed image = Image (0x4a4f530)
  RTTI typeinfo:   itk::Image<double, 3u>
  Reference Count: 2
  Modified Time: 1580
  Debug: Off
  Object Name: 
  Observers: 
    none
  Source: (none)
  Source output name: (none)
  Release Data: Off
  Data Released: False
  Global Release Data: Off
  PipelineMTime: 0
  UpdateMTime: 1189
  RealTimeStamp: 0 seconds 
  LargestPossibleRegion: 
    Dimension: 3
    Index: [0, 0, 0]
    Size: [193, 229, 193]
  BufferedRegion: 
    Dimension: 3
    Index: [0, 0, 0]
    Size: [193, 229, 193]
  RequestedRegion: 
    Dimension: 3
    Index: [0, 0, 0]
    Size: [193, 229, 193]
  Spacing: [1, 1, 1]
  Origin: [96, 132, -78]
  Direction: 
-1 0 0
0 -1 0
0 0 1

  IndexToPointMatrix: 
-1 0 0
0 -1 0
0 0 1

  PointToIndexMatrix: 
-1 0 0
0 -1 0
0 0 1

  Inverse Direction: 
-1 0 0
0 -1 0
0 0 1

  PixelContainer: 
    ImportImageContainer (0x4b0dd60)
      RTTI typeinfo:   itk::ImportImageContainer<unsigned long, double>
      Reference Count: 1
      Modified Time: 1186
      Debug: Off
      Object Name: 
      Observers: 
        none
      Pointer: 0x1482642b2010
      Container manages memory: true
      Size: 8530021
      Capacity: 8530021

     Moving image = Image (0x4afff60)
  RTTI typeinfo:   itk::Image<double, 3u>
  Reference Count: 2
  Modified Time: 1581
  Debug: Off
  Object Name: 
  Observers: 
    none
  Source: (none)
  Source output name: (none)
  Release Data: Off
  Data Released: False
  Global Release Data: Off
  PipelineMTime: 0
  UpdateMTime: 1578
  RealTimeStamp: 0 seconds 
  LargestPossibleRegion: 
    Dimension: 3
    Index: [0, 0, 0]
    Size: [176, 240, 256]
  BufferedRegion: 
    Dimension: 3
    Index: [0, 0, 0]
    Size: [176, 240, 256]
  RequestedRegion: 
    Dimension: 3
    Index: [0, 0, 0]
    Size: [176, 240, 256]
  Spacing: [0.999999, 1, 1]
  Origin: [93.3499, 86.9368, -128.957]
  Direction: 
-0.999513 -0.0279216 -0.0139567
0.0279189 -0.99961 0.000389866
-0.0139622 2.01492e-08 0.999903

  IndexToPointMatrix: 
-0.999512 -0.0279216 -0.0139567
0.0279189 -0.99961 0.000389866
-0.0139621 2.01492e-08 0.999903

  PointToIndexMatrix: 
-0.999514 0.0279189 -0.0139622
-0.0279216 -0.99961 2.01716e-08
-0.0139567 0.000389866 0.999903

  Inverse Direction: 
-0.999513 0.0279189 -0.0139622
-0.0279216 -0.99961 2.01716e-08
-0.0139567 0.000389866 0.999903

  PixelContainer: 
    ImportImageContainer (0x4af16d0)
      RTTI typeinfo:   itk::ImportImageContainer<unsigned long, double>
      Reference Count: 1
      Modified Time: 1575
      Debug: Off
      Object Name: 
      Observers: 
        none
      Pointer: 0x14825f031010
      Container manages memory: true
      Size: 10813440
      Capacity: 10813440

     Weighting = 1
     Sampling strategy = regular
     Number of bins = 32
     Radius = 4
     Sampling percentage  = 0.25
   Transform = Rigid
     Gradient step = 0.1
     Update field sigma (voxel space) = 0
     Total field sigma (voxel space) = 0
     Update field time sigma = 0
     Total field time sigma  = 0
     Number of time indices = 0
     Number of time point samples = 0
Registration using 1 total stages.

Stage 0
  iterations = 1000x500x250x100
  convergence threshold = 1e-06
  convergence window size = 10
  number of levels = 4
  using the Mattes MI metric (number of bins = 32, weight = 1, use gradient filter = 0)
  preprocessing:  winsorizing the image intensities
  Shrink factors (level 1 out of 4): [8, 8, 8]
  Shrink factors (level 2 out of 4): [4, 4, 4]
  Shrink factors (level 3 out of 4): [2, 2, 2]
  Shrink factors (level 4 out of 4): [1, 1, 1]
  smoothing sigmas per level: [3, 2, 1, 0]
  regular sampling (percentage = 0.25)

*** Running Euler3DTransform registration ***

DIAGNOSTIC,Iteration,metricValue,convergenceValue,ITERATION_TIME_INDEX,SINCE_LAST
 2DIAGNOSTIC,     1, -4.871187133941e-01, 1.797693134862e+308, 7.0606e-01, 7.0606e-01, 
 2DIAGNOSTIC,     2, -4.887966556740e-01, 1.797693134862e+308, 7.1006e-01, 3.9940e-03, 
 2DIAGNOSTIC,     3, -4.919242839642e-01, 1.797693134862e+308, 7.1399e-01, 3.9291e-03, 
 2DIAGNOSTIC,     4, -5.019092629522e-01, 1.797693134862e+308, 7.1797e-01, 3.9790e-03, 
 2DIAGNOSTIC,     5, -5.198319788477e-01, 1.797693134862e+308, 7.2209e-01, 4.1239e-03, 
 2DIAGNOSTIC,     6, -5.251449584180e-01, 1.797693134862e+308, 7.2600e-01, 3.9041e-03, 
 2DIAGNOSTIC,     7, -5.365118080768e-01, 1.797693134862e+308, 7.2989e-01, 3.8941e-03, 
 2DIAGNOSTIC,     8, -5.564319077261e-01, 1.797693134862e+308, 7.3555e-01, 5.6620e-03, 
 2DIAGNOSTIC,     9, -5.572786469687e-01, 1.797693134862e+308, 7.3917e-01, 3.6230e-03, 
 2DIAGNOSTIC,    10, -5.597886110608e-01, 1.060089541986e-02, 7.4353e-01, 4.3530e-03, 
 2DIAGNOSTIC,    11, -5.645450860914e-01, 9.471656029002e-03, 7.4745e-01, 3.9210e-03, 
 2DIAGNOSTIC,    12, -5.675342641672e-01, 7.901754414630e-03, 7.5196e-01, 4.5080e-03, 
 2DIAGNOSTIC,    13, -5.685174641935e-01, 6.033280802480e-03, 7.5647e-01, 4.5099e-03, 
 2DIAGNOSTIC,    14, -5.693412095343e-01, 4.302087948772e-03, 7.6157e-01, 5.1010e-03, 
 2DIAGNOSTIC,    15, -5.718972801999e-01, 3.155204981959e-03, 7.6614e-01, 4.5719e-03, 
 2DIAGNOSTIC,    16, -5.734788767073e-01, 2.091398053256e-03, 7.7010e-01, 3.9630e-03, 
 2DIAGNOSTIC,    17, -5.737823402463e-01, 1.310029424176e-03, 7.7415e-01, 4.0460e-03, 
 2DIAGNOSTIC,    18, -5.749452616696e-01, 1.114936190122e-03, 7.7816e-01, 4.0112e-03, 
 2DIAGNOSTIC,    19, -5.774392255373e-01, 9.301256922597e-04, 7.8420e-01, 6.0449e-03, 
 2DIAGNOSTIC,    20, -5.782944999921e-01, 7.612328991235e-04, 7.8869e-01, 4.4839e-03, 
 2DIAGNOSTIC,    21, -5.788863756082e-01, 6.687985512384e-04, 7.9283e-01, 4.1449e-03, 
 2DIAGNOSTIC,    22, -5.857337702238e-01, 7.546209611385e-04, 7.9674e-01, 3.9089e-03, 
 2DIAGNOSTIC,    23, -6.028589200437e-01, 1.162232406820e-03, 8.0141e-01, 4.6649e-03, 
 2DIAGNOSTIC,    24, -6.086613847954e-01, 1.554691265872e-03, 8.0694e-01, 5.5320e-03, 
 2DIAGNOSTIC,    25, -6.127624318704e-01, 1.904928900100e-03, 8.1141e-01, 4.4708e-03, 
 2DIAGNOSTIC,    26, -6.171330103865e-01, 2.167612458893e-03, 8.1586e-01, 4.4460e-03, 
 2DIAGNOSTIC,    27, -6.180829712747e-01, 2.226134265261e-03, 8.1980e-01, 3.9439e-03, 
 2DIAGNOSTIC,    28, -6.204355231168e-01, 2.128618134841e-03, 8.2425e-01, 4.4501e-03, 
 2DIAGNOSTIC,    29, -6.216541954250e-01, 1.901236664098e-03, 8.2818e-01, 3.9351e-03, 
 2DIAGNOSTIC,    30, -6.252686895517e-01, 1.589741166384e-03, 8.3295e-01, 4.7660e-03, 
 2DIAGNOSTIC,    31, -6.305777466580e-01, 1.244381397436e-03, 8.3693e-01, 3.9799e-03, 
 2DIAGNOSTIC,    32, -6.437127892081e-01, 1.107473562958e-03, 8.4197e-01, 5.0359e-03, 
 2DIAGNOSTIC,    33, -6.470252598862e-01, 1.176377354896e-03, 8.4599e-01, 4.0281e-03, 
 2DIAGNOSTIC,    34, -6.489207863227e-01, 1.241878056505e-03, 8.5244e-01, 6.4430e-03, 
 2DIAGNOSTIC,    35, -6.509315364924e-01, 1.271871432923e-03, 8.5637e-01, 3.9301e-03, 
 2DIAGNOSTIC,    36, -6.520052554488e-01, 1.251973132349e-03, 8.6023e-01, 3.8669e-03, 
 2DIAGNOSTIC,    37, -6.528675536742e-01, 1.135511505683e-03, 8.6417e-01, 3.9380e-03, 
 2DIAGNOSTIC,    38, -6.532428550949e-01, 9.531129030206e-04, 8.6805e-01, 3.8810e-03, 
 2DIAGNOSTIC,    39, -6.541836314781e-01, 7.192021250346e-04, 8.7335e-01, 5.3010e-03, 
 2DIAGNOSTIC,    40, -6.542241683290e-01, 4.742354747267e-04, 8.7746e-01, 4.1032e-03, 
 2DIAGNOSTIC,    41, -6.546723384165e-01, 2.614047955144e-04, 8.8132e-01, 3.8579e-03, 
 2DIAGNOSTIC,    42, -6.552169956550e-01, 1.908955338395e-04, 8.8662e-01, 5.3041e-03, 
 2DIAGNOSTIC,    43, -6.554096301355e-01, 1.445879903757e-04, 8.9049e-01, 3.8681e-03, 
 2DIAGNOSTIC,    44, -6.554506673053e-01, 1.075117052486e-04, 8.9461e-01, 4.1230e-03, 
 2DIAGNOSTIC,    45, -6.555128994546e-01, 8.394179237199e-05, 8.9848e-01, 3.8731e-03, 
 2DIAGNOSTIC,    46, -6.555921739824e-01, 6.535992576017e-05, 9.0280e-01, 4.3139e-03, 
 2DIAGNOSTIC,    47, -6.557565416346e-01, 5.173943381278e-05, 9.0732e-01, 4.5190e-03, 
 2DIAGNOSTIC,    48, -6.557085736382e-01, 3.682896376771e-05, 9.1215e-01, 4.8370e-03, 
 2DIAGNOSTIC,    49, -6.557464321905e-01, 2.873908866521e-05, 9.1651e-01, 4.3600e-03, 
 2DIAGNOSTIC,    50, -6.556030803292e-01, 1.731431238961e-05, 9.2036e-01, 3.8500e-03, 
 2DIAGNOSTIC,    51, -6.556241026385e-01, 9.022528078551e-06, 9.2442e-01, 4.0591e-03, 
 2DIAGNOSTIC,    52, -6.556517110346e-01, 5.381446712947e-06, 9.2873e-01, 4.3089e-03, 
 2DIAGNOSTIC,    53, -6.557673418866e-01, 4.153991460500e-06, 9.3277e-01, 4.0371e-03, 
 2DIAGNOSTIC,    54, -6.559560377156e-01, 4.630463929744e-06, 9.3757e-01, 4.7989e-03, 
 2DIAGNOSTIC,    55, -6.559065666301e-01, 4.793379800506e-06, 9.4190e-01, 4.3299e-03, 
 2DIAGNOSTIC,    56, -6.556823788978e-01, 3.347575455840e-06, 9.4584e-01, 3.9442e-03, 
 2DIAGNOSTIC,    57, -6.556073614502e-01, 2.487283978440e-06, 9.4970e-01, 3.8590e-03, 
 2DIAGNOSTIC,    58, -6.558179902756e-01, 2.733468992364e-06, 9.5355e-01, 3.8521e-03, 
 2DIAGNOSTIC,    59, -6.558663241172e-01, 3.373066533415e-06, 9.6000e-01, 6.4421e-03, 
 2DIAGNOSTIC,    60, -6.558781033301e-01, 2.720256274850e-06, 9.6390e-01, 3.9051e-03, 
 2DIAGNOSTIC,    61, -6.558921594724e-01, 2.239527519165e-06, 9.6781e-01, 3.9120e-03, 
 2DIAGNOSTIC,    62, -6.559127972093e-01, 1.975207983406e-06, 9.7166e-01, 3.8462e-03, 
 2DIAGNOSTIC,    63, -6.560370296004e-01, 3.250436650483e-06, 9.7601e-01, 4.3509e-03, 
 2DIAGNOSTIC,    64, -6.561479998658e-01, 6.339319108820e-06, 9.8052e-01, 4.5090e-03, 
 2DIAGNOSTIC,    65, -6.564778295628e-01, 1.081508130479e-05, 9.8680e-01, 6.2771e-03, 
 2DIAGNOSTIC,    66, -6.564200674683e-01, 1.217391644642e-05, 9.9070e-01, 3.9001e-03, 
 2DIAGNOSTIC,    67, -6.564054521607e-01, 1.175825949209e-05, 9.9455e-01, 3.8540e-03, 
 2DIAGNOSTIC,    68, -6.563482773820e-01, 1.132367724037e-05, 9.9839e-01, 3.8412e-03, 
 2DIAGNOSTIC,    69, -6.564774513432e-01, 1.102643094872e-05, 1.0023e+00, 3.9160e-03, 
 2DIAGNOSTIC,    70, -6.569301898807e-01, 1.272321330178e-05, 1.0062e+00, 3.8650e-03, 
 2DIAGNOSTIC,    71, -6.579163344640e-01, 1.960735227765e-05, 1.0100e+00, 3.8781e-03, 
 2DIAGNOSTIC,    72, -6.596868827435e-01, 3.577117130139e-05, 1.0174e+00, 7.3099e-03, 
 2DIAGNOSTIC,    73, -6.596968371660e-01, 4.870959836097e-05, 1.0217e+00, 4.3151e-03, 
 2DIAGNOSTIC,    74, -6.597611561121e-01, 5.785406338190e-05, 1.0257e+00, 4.0700e-03, 
 2DIAGNOSTIC,    75, -6.597545102244e-01, 6.327681379812e-05, 1.0296e+00, 3.8359e-03, 
 2DIAGNOSTIC,    76, -6.597142504862e-01, 6.176494843472e-05, 1.0334e+00, 3.8159e-03, 
 2DIAGNOSTIC,    77, -6.597476003777e-01, 5.436660282409e-05, 1.0374e+00, 4.0431e-03, 
 2DIAGNOSTIC,    78, -6.599431542156e-01, 4.283165584977e-05, 1.0416e+00, 4.1189e-03, 
 2DIAGNOSTIC,    79, -6.601455641987e-01, 2.955337395649e-05, 1.0459e+00, 4.3578e-03, 
 2DIAGNOSTIC,    80, -6.601536306263e-01, 1.639098852783e-05, 1.0502e+00, 4.3180e-03, 
 2DIAGNOSTIC,    81, -6.602194768407e-01, 7.711302147400e-06, 1.0557e+00, 5.4450e-03, 
 2DIAGNOSTIC,    82, -6.601708443882e-01, 8.129664388628e-06, 1.0595e+00, 3.8381e-03, 
 2DIAGNOSTIC,    83, -6.601750693546e-01, 7.845357755073e-06, 1.0638e+00, 4.2772e-03, 
 2DIAGNOSTIC,    84, -6.601799642079e-01, 7.205479702828e-06, 1.0679e+00, 4.0879e-03, 
 2DIAGNOSTIC,    85, -6.601845720813e-01, 5.927803613491e-06, 1.0717e+00, 3.8381e-03, 
 2DIAGNOSTIC,    86, -6.601905195565e-01, 3.985385072319e-06, 1.0786e+00, 6.8891e-03, 
 2DIAGNOSTIC,    87, -6.601905592137e-01, 1.903999055010e-06, 1.0831e+00, 4.5400e-03, 
DIAGNOSTIC,Iteration,metricValue,convergenceValue,ITERATION_TIME_INDEX,SINCE_LAST
 2DIAGNOSTIC,     1, -5.278486486151e-01, 1.797693134862e+308, 1.8558e+00, 7.7264e-01, 
 2DIAGNOSTIC,     2, -5.284487013749e-01, 1.797693134862e+308, 1.8834e+00, 2.7572e-02, 
 2DIAGNOSTIC,     3, -5.290933295256e-01, 1.797693134862e+308, 1.9110e+00, 2.7589e-02, 
 2DIAGNOSTIC,     4, -5.295746002223e-01, 1.797693134862e+308, 1.9391e+00, 2.8178e-02, 
 2DIAGNOSTIC,     5, -5.298490145752e-01, 1.797693134862e+308, 1.9673e+00, 2.8124e-02, 
 2DIAGNOSTIC,     6, -5.301459804583e-01, 1.797693134862e+308, 1.9989e+00, 3.1597e-02, 
 2DIAGNOSTIC,     7, -5.302601953874e-01, 1.797693134862e+308, 2.0268e+00, 2.7979e-02, 
 2DIAGNOSTIC,     8, -5.305125468344e-01, 1.797693134862e+308, 2.0585e+00, 3.1681e-02, 
 2DIAGNOSTIC,     9, -5.307796722414e-01, 1.797693134862e+308, 2.0895e+00, 3.1024e-02, 
 2DIAGNOSTIC,    10, -5.322703973146e-01, 4.228152589274e-04, 2.1252e+00, 3.5633e-02, 
 2DIAGNOSTIC,    11, -5.342570130405e-01, 4.783579028068e-04, 2.1736e+00, 4.8474e-02, 
 2DIAGNOSTIC,    12, -5.344667717092e-01, 5.160199529375e-04, 2.2048e+00, 3.1183e-02, 
 2DIAGNOSTIC,    13, -5.354271067784e-01, 5.688038744650e-04, 2.2382e+00, 3.3411e-02, 
 2DIAGNOSTIC,    14, -5.356019153461e-01, 5.874021637923e-04, 2.2699e+00, 3.1685e-02, 
 2DIAGNOSTIC,    15, -5.356654541171e-01, 5.612033003606e-04, 2.3012e+00, 3.1296e-02, 
 2DIAGNOSTIC,    16, -5.358115727268e-01, 5.011864367718e-04, 2.3443e+00, 4.3111e-02, 
 2DIAGNOSTIC,    17, -5.359619159409e-01, 4.108095075808e-04, 2.3749e+00, 3.0547e-02, 
 2DIAGNOSTIC,    18, -5.360981028937e-01, 3.050002983648e-04, 2.4212e+00, 4.6329e-02, 
 2DIAGNOSTIC,    19, -5.362339835456e-01, 1.930180022061e-04, 2.4552e+00, 3.3995e-02, 
 2DIAGNOSTIC,    20, -5.362703643436e-01, 1.141796310308e-04, 2.4846e+00, 2.9395e-02, 
 2DIAGNOSTIC,    21, -5.362925050961e-01, 8.363074935799e-05, 2.5127e+00, 2.8061e-02, 
 2DIAGNOSTIC,    22, -5.363066821970e-01, 5.300942515302e-05, 2.5406e+00, 2.7927e-02, 
 2DIAGNOSTIC,    23, -5.363586781446e-01, 4.359407666257e-05, 2.5689e+00, 2.8363e-02, 
 2DIAGNOSTIC,    24, -5.363757474023e-01, 3.523970734320e-05, 2.6074e+00, 3.8478e-02, 
 2DIAGNOSTIC,    25, -5.363894592277e-01, 2.599918283756e-05, 2.6353e+00, 2.7857e-02, 
 2DIAGNOSTIC,    26, -5.364268244097e-01, 1.890040890345e-05, 2.6653e+00, 3.0043e-02, 
 2DIAGNOSTIC,    27, -5.365766350660e-01, 1.653054443465e-05, 2.7019e+00, 3.6541e-02, 
 2DIAGNOSTIC,    28, -5.365784087582e-01, 1.536062490264e-05, 2.7312e+00, 2.9356e-02, 
 2DIAGNOSTIC,    29, -5.365840818940e-01, 1.555121347042e-05, 2.7684e+00, 3.7228e-02, 
 2DIAGNOSTIC,    30, -5.365917647641e-01, 1.518472286011e-05, 2.8000e+00, 3.1590e-02, 
 2DIAGNOSTIC,    31, -5.365866561805e-01, 1.378314353079e-05, 2.8280e+00, 2.7968e-02, 
 2DIAGNOSTIC,    32, -5.366193880046e-01, 1.198472099144e-05, 2.8560e+00, 2.8021e-02, 
 2DIAGNOSTIC,    33, -5.367301364260e-01, 1.185810849468e-05, 2.8855e+00, 2.9506e-02, 
 2DIAGNOSTIC,    34, -5.369248360364e-01, 1.401058689795e-05, 2.9263e+00, 4.0792e-02, 
 2DIAGNOSTIC,    35, -5.370625894957e-01, 1.705251290664e-05, 2.9610e+00, 3.4675e-02, 
 2DIAGNOSTIC,    36, -5.370147632916e-01, 1.817590433561e-05, 2.9986e+00, 3.7596e-02, 
 2DIAGNOSTIC,    37, -5.370235500073e-01, 1.994981114414e-05, 3.0288e+00, 3.0218e-02, 
 2DIAGNOSTIC,    38, -5.371214474698e-01, 2.118626981343e-05, 3.0627e+00, 3.3894e-02, 
 2DIAGNOSTIC,    39, -5.371233647657e-01, 2.042225668835e-05, 3.0930e+00, 3.0264e-02, 
 2DIAGNOSTIC,    40, -5.371112376511e-01, 1.777810312410e-05, 3.1250e+00, 3.2012e-02, 
 2DIAGNOSTIC,    41, -5.371205572497e-01, 1.377301961174e-05, 3.1742e+00, 4.9216e-02, 
 2DIAGNOSTIC,    42, -5.371137191745e-01, 9.055360447516e-06, 3.2012e+00, 2.7000e-02, 
 2DIAGNOSTIC,    43, -5.371180992009e-01, 5.110640127030e-06, 3.2292e+00, 2.8027e-02, 
 2DIAGNOSTIC,    44, -5.371460786330e-01, 3.559436656659e-06, 3.2572e+00, 2.8001e-02, 
 2DIAGNOSTIC,    45, -5.371656477173e-01, 3.691839046752e-06, 3.2843e+00, 2.7110e-02, 
 2DIAGNOSTIC,    46, -5.371833364558e-01, 3.193441384660e-06, 3.3132e+00, 2.8835e-02, 
 2DIAGNOSTIC,    47, -5.371991785559e-01, 2.724546212633e-06, 3.3557e+00, 4.2508e-02, 
 2DIAGNOSTIC,    48, -5.371991817066e-01, 3.161305452005e-06, 3.4053e+00, 4.9622e-02, 
 2DIAGNOSTIC,    49, -5.371991831426e-01, 3.364696215057e-06, 3.4989e+00, 9.3636e-02, 
 2DIAGNOSTIC,    50, -5.371991831425e-01, 3.165528811629e-06, 3.5497e+00, 5.0785e-02, 
 2DIAGNOSTIC,    51, -5.371991831425e-01, 2.831773544130e-06, 3.5857e+00, 3.5973e-02, 
 2DIAGNOSTIC,    52, -5.371991831425e-01, 2.231500156911e-06, 3.6223e+00, 3.6580e-02, 
 2DIAGNOSTIC,    53, -5.371991831425e-01, 1.539225385424e-06, 3.6541e+00, 3.1829e-02, 
 2DIAGNOSTIC,    54, -5.371991831425e-01, 1.056929298689e-06, 3.6858e+00, 3.1653e-02, 
DIAGNOSTIC,Iteration,metricValue,convergenceValue,ITERATION_TIME_INDEX,SINCE_LAST
 2DIAGNOSTIC,     1, -4.770923438565e-01, 1.797693134862e+308, 4.7450e+00, 1.0592e+00, 
 2DIAGNOSTIC,     2, -4.772646691547e-01, 1.797693134862e+308, 4.9485e+00, 2.0351e-01, 
 2DIAGNOSTIC,     3, -4.774541144245e-01, 1.797693134862e+308, 5.1761e+00, 2.2765e-01, 
 2DIAGNOSTIC,     4, -4.775538386198e-01, 1.797693134862e+308, 5.4340e+00, 2.5787e-01, 
 2DIAGNOSTIC,     5, -4.775714361447e-01, 1.797693134862e+308, 5.6277e+00, 1.9364e-01, 
 2DIAGNOSTIC,     6, -4.775804272563e-01, 1.797693134862e+308, 5.8344e+00, 2.0677e-01, 
 2DIAGNOSTIC,     7, -4.776038490186e-01, 1.797693134862e+308, 6.0542e+00, 2.1976e-01, 
 2DIAGNOSTIC,     8, -4.776862221207e-01, 1.797693134862e+308, 6.2765e+00, 2.2230e-01, 
 2DIAGNOSTIC,     9, -4.778064487458e-01, 1.797693134862e+308, 6.4984e+00, 2.2190e-01, 
 2DIAGNOSTIC,    10, -4.779371992200e-01, 9.280504910492e-05, 6.8289e+00, 3.3055e-01, 
 2DIAGNOSTIC,    11, -4.779640630878e-01, 7.626275107493e-05, 7.0469e+00, 2.1797e-01, 
 2DIAGNOSTIC,    12, -4.779545525963e-01, 6.387999477574e-05, 7.2949e+00, 2.4800e-01, 
 2DIAGNOSTIC,    13, -4.779530399235e-01, 5.639931846022e-05, 7.5061e+00, 2.1116e-01, 
 2DIAGNOSTIC,    14, -4.779571745891e-01, 4.939651432863e-05, 7.7376e+00, 2.3150e-01, 
 2DIAGNOSTIC,    15, -4.779717409067e-01, 4.023501389891e-05, 7.9399e+00, 2.0236e-01, 
 2DIAGNOSTIC,    16, -4.779765119141e-01, 2.927264994591e-05, 8.1427e+00, 2.0279e-01, 
 2DIAGNOSTIC,    17, -4.779998144316e-01, 1.877273804619e-05, 8.3351e+00, 1.9237e-01, 
 2DIAGNOSTIC,    18, -4.780447838906e-01, 1.202931943992e-05, 8.5514e+00, 2.1627e-01, 
 2DIAGNOSTIC,    19, -4.781487205931e-01, 1.191862573535e-05, 8.7507e+00, 1.9934e-01, 
 2DIAGNOSTIC,    20, -4.784090680416e-01, 2.240215737747e-05, 8.9687e+00, 2.1797e-01, 
 2DIAGNOSTIC,    21, -4.788934067753e-01, 4.427214033381e-05, 9.3867e+00, 4.1803e-01, 
 2DIAGNOSTIC,    22, -4.789313888321e-01, 6.067696047514e-05, 9.6489e+00, 2.6217e-01, 
 2DIAGNOSTIC,    23, -4.789319585046e-01, 7.029081946021e-05, 1.0026e+01, 3.7681e-01, 
 2DIAGNOSTIC,    24, -4.789327994035e-01, 7.290168902165e-05, 1.0331e+01, 3.0533e-01, 
 2DIAGNOSTIC,    25, -4.789322876900e-01, 6.879518817148e-05, 1.0549e+01, 2.1773e-01, 
 2DIAGNOSTIC,    26, -4.789303893309e-01, 5.854504798927e-05, 1.0825e+01, 2.7583e-01, 
 2DIAGNOSTIC,    27, -4.789305735552e-01, 4.421374798232e-05, 1.1053e+01, 2.2855e-01, 
 2DIAGNOSTIC,    28, -4.789283308127e-01, 2.792318903730e-05, 1.1319e+01, 2.6573e-01, 
 2DIAGNOSTIC,    29, -4.789268437067e-01, 1.230809802662e-05, 1.1542e+01, 2.2341e-01, 
 2DIAGNOSTIC,    30, -4.789254159652e-01, 1.540251754473e-06, 1.1806e+01, 2.6328e-01, 
DIAGNOSTIC,Iteration,metricValue,convergenceValue,ITERATION_TIME_INDEX,SINCE_LAST
 2DIAGNOSTIC,     1, -4.452814960872e-01, 1.797693134862e+308, 1.4338e+01, 2.5326e+00, 
 2DIAGNOSTIC,     2, -4.453295663041e-01, 1.797693134862e+308, 1.5721e+01, 1.3830e+00, 
 2DIAGNOSTIC,     3, -4.453569252256e-01, 1.797693134862e+308, 1.7499e+01, 1.7778e+00, 
 2DIAGNOSTIC,     4, -4.453639009900e-01, 1.797693134862e+308, 1.9291e+01, 1.7915e+00, 
 2DIAGNOSTIC,     5, -4.453642551816e-01, 1.797693134862e+308, 2.0846e+01, 1.5553e+00, 
 2DIAGNOSTIC,     6, -4.453644431068e-01, 1.797693134862e+308, 2.2390e+01, 1.5443e+00, 
 2DIAGNOSTIC,     7, -4.453653391451e-01, 1.797693134862e+308, 2.4040e+01, 1.6494e+00, 
 2DIAGNOSTIC,     8, -4.453647746543e-01, 1.797693134862e+308, 2.5623e+01, 1.5834e+00, 
 2DIAGNOSTIC,     9, -4.453660735388e-01, 1.797693134862e+308, 2.7327e+01, 1.7039e+00, 
 2DIAGNOSTIC,    10, -4.453662754702e-01, 1.102313957504e-05, 2.9275e+01, 1.9478e+00, 
 2DIAGNOSTIC,    11, -4.453662284983e-01, 5.603871937723e-06, 3.0959e+01, 1.6838e+00, 
 2DIAGNOSTIC,    12, -4.453659953066e-01, 3.352323499059e-06, 3.3357e+01, 2.3983e+00, 
 2DIAGNOSTIC,    13, -4.453659637022e-01, 2.716393085342e-06, 3.4774e+01, 1.4176e+00, 
 2DIAGNOSTIC,    14, -4.453657939026e-01, 2.456327368991e-06, 3.6469e+01, 1.6946e+00, 
 2DIAGNOSTIC,    15, -4.453655674670e-01, 2.219084788466e-06, 3.7939e+01, 1.4696e+00, 
 2DIAGNOSTIC,    16, -4.453655166109e-01, 2.007684550082e-06, 3.9537e+01, 1.5984e+00, 
 2DIAGNOSTIC,    17, -4.453655695679e-01, 1.856308216974e-06, 4.1105e+01, 1.5674e+00, 
 2DIAGNOSTIC,    18, -4.453655348602e-01, 1.700489148507e-06, 4.2417e+01, 1.3124e+00, 
 2DIAGNOSTIC,    19, -4.453655362654e-01, 1.610746388783e-06, 4.3897e+01, 1.4798e+00, 
 2DIAGNOSTIC,    20, -4.453655274000e-01, 1.542135861579e-06, 4.5566e+01, 1.6690e+00, 
 2DIAGNOSTIC,    21, -4.453655197425e-01, 1.483051349560e-06, 4.6993e+01, 1.4275e+00, 
 2DIAGNOSTIC,    22, -4.453653101775e-01, 1.419304893016e-06, 4.8567e+01, 1.5735e+00, 
 2DIAGNOSTIC,    23, -4.453652389676e-01, 1.360946301675e-06, 4.9899e+01, 1.3326e+00, 
 2DIAGNOSTIC,    24, -4.453652392462e-01, 1.305182883819e-06, 5.1466e+01, 1.5671e+00, 
 2DIAGNOSTIC,    25, -4.453650120158e-01, 1.244135806863e-06, 5.3228e+01, 1.7620e+00, 
 2DIAGNOSTIC,    26, -4.453650086789e-01, 1.189221395560e-06, 5.4884e+01, 1.6560e+00, 
 2DIAGNOSTIC,    27, -4.453649665805e-01, 1.141906281393e-06, 5.6360e+01, 1.4759e+00, 
 2DIAGNOSTIC,    28, -4.453648684593e-01, 1.098344052736e-06, 5.8073e+01, 1.7132e+00, 
 2DIAGNOSTIC,    29, -4.453649917732e-01, 1.064096686654e-06, 5.9482e+01, 1.4090e+00, 
 2DIAGNOSTIC,    30, -4.453647878410e-01, 1.030601383928e-06, 6.1123e+01, 1.6403e+00, 
 2DIAGNOSTIC,    31, -4.453648734815e-01, 1.003933249789e-06, 6.2926e+01, 1.8028e+00, 
  Elapsed time (stage 0): 6.3742e+01


Total elapsed time: 6.3744e+01
Info [verificarlo]: loaded backend libinterflop_ieee.so
Info [interflop-ieee]: load backend with:
Info [interflop-ieee]: debug = false
Info [interflop-ieee]: debug-binary = false
Info [interflop-ieee]: no-backend-name = false
Info [interflop-ieee]: print-new-line = false
Info [interflop-ieee]: print-subnormal-normalized = false
Info [interflop-ieee]: count-op = false
All_Command_lines_OK
Using double precision for computations.
=============================================================================
The composite transform comprises the following transforms (in order): 
  1. /home/mdugre/scratch/mri-registration-rp/datasets/ds004513/derivatives/mri-registration-rp/0001/antsRegistration-r8-p7/sub-s003/rigid_Composite.h5[0] (type = Euler3DTransform)
  2. /home/mdugre/scratch/mri-registration-rp/datasets/ds004513/derivatives/mri-registration-rp/0001/antsRegistration-r8-p7/sub-s003/rigid_Composite.h5[1] (type = Euler3DTransform)
  3. /home/mdugre/scratch/mri-registration-rp/datasets/ds004513/derivatives/mri-registration-rp/0001/antsRegistration-r8-p7/sub-s003/rigid_Composite.h5[2] (type = Euler3DTransform)
=============================================================================
  number of levels = 4
  fixed image: /templateflow/tpl-MNI152NLin2009cAsym/tpl-MNI152NLin2009cAsym_res-01_desc-brain_T1w.nii.gz
  moving image: /home/mdugre/scratch/mri-registration-rp/datasets/ds004513/derivatives/mri-registration-rp/antsBrainExtraction/sub-s003/BrainExtractionBrain.nii.gz
Dimension = 3
Number of stages = 1
Use histogram matching = false
Winsorize image intensities = true
  Lower quantile = 0.005
  Upper quantile = 0.995


Stage 1 State
   Image metric = MattesMI
     Fixed image = Image (0x3361530)
  RTTI typeinfo:   itk::Image<double, 3u>
  Reference Count: 2
  Modified Time: 1594
  Debug: Off
  Object Name: 
  Observers: 
    none
  Source: (none)
  Source output name: (none)
  Release Data: Off
  Data Released: False
  Global Release Data: Off
  PipelineMTime: 0
  UpdateMTime: 1203
  RealTimeStamp: 0 seconds 
  LargestPossibleRegion: 
    Dimension: 3
    Index: [0, 0, 0]
    Size: [193, 229, 193]
  BufferedRegion: 
    Dimension: 3
    Index: [0, 0, 0]
    Size: [193, 229, 193]
  RequestedRegion: 
    Dimension: 3
    Index: [0, 0, 0]
    Size: [193, 229, 193]
  Spacing: [1, 1, 1]
  Origin: [96, 132, -78]
  Direction: 
-1 0 0
0 -1 0
0 0 1

  IndexToPointMatrix: 
-1 0 0
0 -1 0
0 0 1

  PointToIndexMatrix: 
-1 0 0
0 -1 0
0 0 1

  Inverse Direction: 
-1 0 0
0 -1 0
0 0 1

  PixelContainer: 
    ImportImageContainer (0x341a2a0)
      RTTI typeinfo:   itk::ImportImageContainer<unsigned long, double>
      Reference Count: 1
      Modified Time: 1200
      Debug: Off
      Object Name: 
      Observers: 
        none
      Pointer: 0x145ab0ebb010
      Container manages memory: true
      Size: 8530021
      Capacity: 8530021

     Moving image = Image (0x341ce60)
  RTTI typeinfo:   itk::Image<double, 3u>
  Reference Count: 2
  Modified Time: 1595
  Debug: Off
  Object Name: 
  Observers: 
    none
  Source: (none)
  Source output name: (none)
  Release Data: Off
  Data Released: False
  Global Release Data: Off
  PipelineMTime: 0
  UpdateMTime: 1592
  RealTimeStamp: 0 seconds 
  LargestPossibleRegion: 
    Dimension: 3
    Index: [0, 0, 0]
    Size: [176, 240, 256]
  BufferedRegion: 
    Dimension: 3
    Index: [0, 0, 0]
    Size: [176, 240, 256]
  RequestedRegion: 
    Dimension: 3
    Index: [0, 0, 0]
    Size: [176, 240, 256]
  Spacing: [0.999999, 1, 1]
  Origin: [93.3499, 86.9368, -128.957]
  Direction: 
-0.999513 -0.0279216 -0.0139567
0.0279189 -0.99961 0.000389866
-0.0139622 2.01492e-08 0.999903

  IndexToPointMatrix: 
-0.999512 -0.0279216 -0.0139567
0.0279189 -0.99961 0.000389866
-0.0139621 2.01492e-08 0.999903

  PointToIndexMatrix: 
-0.999514 0.0279189 -0.0139622
-0.0279216 -0.99961 2.01716e-08
-0.0139567 0.000389866 0.999903

  Inverse Direction: 
-0.999513 0.0279189 -0.0139622
-0.0279216 -0.99961 2.01716e-08
-0.0139567 0.000389866 0.999903

  PixelContainer: 
    ImportImageContainer (0x3450390)
      RTTI typeinfo:   itk::ImportImageContainer<unsigned long, double>
      Reference Count: 1
      Modified Time: 1589
      Debug: Off
      Object Name: 
      Observers: 
        none
      Pointer: 0x145aabc3a010
      Container manages memory: true
      Size: 10813440
      Capacity: 10813440

     Weighting = 1
     Sampling strategy = regular
     Number of bins = 32
     Radius = 4
     Sampling percentage  = 0.25
   Transform = Affine
     Gradient step = 0.1
     Update field sigma (voxel space) = 0
     Total field sigma (voxel space) = 0
     Update field time sigma = 0
     Total field time sigma  = 0
     Number of time indices = 0
     Number of time point samples = 0
Registration using 1 total stages.

Stage 0
  iterations = 1000x500x250x100
  convergence threshold = 1e-06
  convergence window size = 10
  number of levels = 4
  using the Mattes MI metric (number of bins = 32, weight = 1, use gradient filter = 0)
  preprocessing:  winsorizing the image intensities
  Shrink factors (level 1 out of 4): [8, 8, 8]
  Shrink factors (level 2 out of 4): [4, 4, 4]
  Shrink factors (level 3 out of 4): [2, 2, 2]
  Shrink factors (level 4 out of 4): [1, 1, 1]
  smoothing sigmas per level: [3, 2, 1, 0]
  regular sampling (percentage = 0.25)

*** Running AffineTransform registration ***

DIAGNOSTIC,Iteration,metricValue,convergenceValue,ITERATION_TIME_INDEX,SINCE_LAST
 2DIAGNOSTIC,     1, -6.598645439443e-01, 1.797693134862e+308, 6.6600e-01, 6.6600e-01, 
 2DIAGNOSTIC,     2, -6.625500283151e-01, 1.797693134862e+308, 6.7019e-01, 4.1881e-03, 
 2DIAGNOSTIC,     3, -6.666868477326e-01, 1.797693134862e+308, 6.7435e-01, 4.1621e-03, 
 2DIAGNOSTIC,     4, -6.727272221627e-01, 1.797693134862e+308, 6.7902e-01, 4.6699e-03, 
 2DIAGNOSTIC,     5, -6.806412271898e-01, 1.797693134862e+308, 6.8372e-01, 4.7030e-03, 
 2DIAGNOSTIC,     6, -6.923799557192e-01, 1.797693134862e+308, 6.8931e-01, 5.5881e-03, 
 2DIAGNOSTIC,     7, -7.135508001614e-01, 1.797693134862e+308, 6.9575e-01, 6.4371e-03, 
 2DIAGNOSTIC,     8, -7.208328936355e-01, 1.797693134862e+308, 7.0097e-01, 5.2199e-03, 
 2DIAGNOSTIC,     9, -7.206984126448e-01, 1.797693134862e+308, 7.0547e-01, 4.5011e-03, 
 2DIAGNOSTIC,    10, -7.210980390449e-01, 7.037347193097e-03, 7.1195e-01, 6.4859e-03, 
 2DIAGNOSTIC,    11, -7.213842578178e-01, 6.046929881772e-03, 7.1713e-01, 5.1711e-03, 
 2DIAGNOSTIC,    12, -7.211891007609e-01, 4.760327751920e-03, 7.2289e-01, 5.7600e-03, 
 2DIAGNOSTIC,    13, -7.213612109031e-01, 3.382450056796e-03, 7.2826e-01, 5.3711e-03, 
 2DIAGNOSTIC,    14, -7.211858518035e-01, 2.078116366793e-03, 7.3440e-01, 6.1469e-03, 
 2DIAGNOSTIC,    15, -7.211706430639e-01, 9.779118353335e-04, 7.4032e-01, 5.9199e-03, 
 2DIAGNOSTIC,    16, -7.211535889700e-01, 2.127170276542e-04, 7.4502e-01, 4.6921e-03, 
 2DIAGNOSTIC,    17, -7.211911128436e-01, 1.956710503327e-05, 7.5042e-01, 5.4080e-03, 
 2DIAGNOSTIC,    18, -7.213804738857e-01, 1.444398350483e-05, 7.5536e-01, 4.9410e-03, 
 2DIAGNOSTIC,    19, -7.214920107450e-01, 7.917985900621e-06, 7.6094e-01, 5.5790e-03, 
 2DIAGNOSTIC,    20, -7.215083793979e-01, 9.711215977072e-06, 7.6642e-01, 5.4779e-03, 
 2DIAGNOSTIC,    21, -7.216339152843e-01, 1.863204325966e-05, 7.7185e-01, 5.4309e-03, 
 2DIAGNOSTIC,    22, -7.216915804053e-01, 2.243629245840e-05, 7.7725e-01, 5.3980e-03, 
 2DIAGNOSTIC,    23, -7.215924515833e-01, 2.523395762657e-05, 7.8268e-01, 5.4271e-03, 
 2DIAGNOSTIC,    24, -7.215672925925e-01, 2.227539151736e-05, 7.8864e-01, 5.9650e-03, 
 2DIAGNOSTIC,    25, -7.214862590392e-01, 1.610490580781e-05, 7.9405e-01, 5.4090e-03, 
 2DIAGNOSTIC,    26, -7.214492592819e-01, 8.208254431541e-06, 7.9901e-01, 4.9560e-03, 
DIAGNOSTIC,Iteration,metricValue,convergenceValue,ITERATION_TIME_INDEX,SINCE_LAST
 2DIAGNOSTIC,     1, -5.944430260825e-01, 1.797693134862e+308, 1.5937e+00, 7.9465e-01, 
 2DIAGNOSTIC,     2, -5.947286688321e-01, 1.797693134862e+308, 1.6273e+00, 3.3631e-02, 
 2DIAGNOSTIC,     3, -5.950588943905e-01, 1.797693134862e+308, 1.6606e+00, 3.3261e-02, 
 2DIAGNOSTIC,     4, -5.955603931784e-01, 1.797693134862e+308, 1.6935e+00, 3.2949e-02, 
 2DIAGNOSTIC,     5, -5.963030528738e-01, 1.797693134862e+308, 1.7290e+00, 3.5522e-02, 
 2DIAGNOSTIC,     6, -5.978925008371e-01, 1.797693134862e+308, 1.7623e+00, 3.3261e-02, 
 2DIAGNOSTIC,     7, -5.999718132223e-01, 1.797693134862e+308, 1.7974e+00, 3.5157e-02, 
 2DIAGNOSTIC,     8, -6.004819812125e-01, 1.797693134862e+308, 1.8480e+00, 5.0553e-02, 
 2DIAGNOSTIC,     9, -6.005210663237e-01, 1.797693134862e+308, 1.8820e+00, 3.3987e-02, 
 2DIAGNOSTIC,    10, -6.007386369510e-01, 8.348126932770e-04, 1.9139e+00, 3.1943e-02, 
 2DIAGNOSTIC,    11, -6.009592187869e-01, 7.362452774134e-04, 1.9533e+00, 3.9397e-02, 
 2DIAGNOSTIC,    12, -6.009813297999e-01, 5.991636143244e-04, 1.9867e+00, 3.3349e-02, 
 2DIAGNOSTIC,    13, -6.010239994260e-01, 4.433941703449e-04, 2.0241e+00, 3.7434e-02, 
 2DIAGNOSTIC,    14, -6.010460874984e-01, 2.887424314846e-04, 2.0707e+00, 4.6576e-02, 
 2DIAGNOSTIC,    15, -6.010447518427e-01, 1.515813627841e-04, 2.1082e+00, 3.7534e-02, 
 2DIAGNOSTIC,    16, -6.010553397963e-01, 6.371061317245e-05, 2.1458e+00, 3.7624e-02, 
 2DIAGNOSTIC,    17, -6.011128481120e-01, 3.983954018920e-05, 2.1862e+00, 4.0368e-02, 
 2DIAGNOSTIC,    18, -6.011676941523e-01, 3.008449527756e-05, 2.2271e+00, 4.0869e-02, 
 2DIAGNOSTIC,    19, -6.012638158090e-01, 2.200034569010e-05, 2.2639e+00, 3.6774e-02, 
 2DIAGNOSTIC,    20, -6.013916687637e-01, 2.087226507988e-05, 2.3016e+00, 3.7731e-02, 
 2DIAGNOSTIC,    21, -6.015723770693e-01, 2.707652195160e-05, 2.3394e+00, 3.7859e-02, 
 2DIAGNOSTIC,    22, -6.019548667352e-01, 3.895398237468e-05, 2.4022e+00, 6.2805e-02, 
 2DIAGNOSTIC,    23, -6.024078165568e-01, 5.631876248281e-05, 2.4379e+00, 3.5698e-02, 
 2DIAGNOSTIC,    24, -6.027171299984e-01, 7.349277992878e-05, 2.4774e+00, 3.9427e-02, 
 2DIAGNOSTIC,    25, -6.029677366103e-01, 8.725119157766e-05, 2.5206e+00, 4.3188e-02, 
 2DIAGNOSTIC,    26, -6.032322166589e-01, 9.686257100731e-05, 2.5573e+00, 3.6703e-02, 
 2DIAGNOSTIC,    27, -6.031981066315e-01, 9.704584975252e-05, 2.5986e+00, 4.1338e-02, 
 2DIAGNOSTIC,    28, -6.032288968842e-01, 8.961909991890e-05, 2.6339e+00, 3.5271e-02, 
 2DIAGNOSTIC,    29, -6.032814220423e-01, 7.677697168740e-05, 2.6671e+00, 3.3235e-02, 
 2DIAGNOSTIC,    30, -6.034022329988e-01, 6.154348644649e-05, 2.6996e+00, 3.2472e-02, 
 2DIAGNOSTIC,    31, -6.035806739601e-01, 4.693240060592e-05, 2.7364e+00, 3.6835e-02, 
 2DIAGNOSTIC,    32, -6.038739115318e-01, 3.875473274843e-05, 2.7729e+00, 3.6450e-02, 
 2DIAGNOSTIC,    33, -6.040398221996e-01, 3.627408320763e-05, 2.8234e+00, 5.0549e-02, 
