
##########################
# Experiment information #
##########################

EXPERIMENT_NAME: antsRegistration-r8-p14
VFC_BACKENDS: libinterflop_vprec.so --range-binary32=8 --precision-binary32=14 --range-binary64=8 --precision-binary64=14

SIF_IMG: /home/mdugre/projects/rrg-glatard/mdugre/containers/ants-vprec-no_metrics.simg

SUBJECT_ID: s025
INPUT_IMG: /home/mdugre/scratch/mri-registration-rp/datasets/ds004513/derivatives/mri-registration-rp/antsBrainExtraction/sub-s025/BrainExtractionBrain.nii.gz
OUTPUT_DIR: /home/mdugre/scratch/mri-registration-rp/datasets/ds004513/derivatives/mri-registration-rp/0001/antsRegistration-r8-p14/sub-s025

FIXED_IMG: /templateflow/tpl-MNI152NLin2009cAsym/tpl-MNI152NLin2009cAsym_res-01_desc-brain_T1w.nii.gz
DATA_DIR: /home/mdugre/scratch/mri-registration-rp/datasets/ds004513
TEMPLATEFLOW_DIR: /home/mdugre/projects/rrg-glatard/mdugre/templateflow
ITK_GLOBAL_DEFAULT_NUMBER_OF_THREADS: 16
##########################

Info [verificarlo]: loaded backend libinterflop_ieee.so
Info [interflop-ieee]: load backend with:
Info [interflop-ieee]: debug = false
Info [interflop-ieee]: debug-binary = false
Info [interflop-ieee]: no-backend-name = false
Info [interflop-ieee]: print-new-line = false
Info [interflop-ieee]: print-subnormal-normalized = false
Info [interflop-ieee]: count-op = false
All_Command_lines_OK
Using double precision for computations.
=============================================================================
The composite transform comprises the following transforms (in order): 
  1. Center of mass alignment using fixed image: /templateflow/tpl-MNI152NLin2009cAsym/tpl-MNI152NLin2009cAsym_res-01_desc-brain_T1w.nii.gz and moving image: /home/mdugre/scratch/mri-registration-rp/datasets/ds004513/derivatives/mri-registration-rp/antsBrainExtraction/sub-s025/BrainExtractionBrain.nii.gz (type = Euler3DTransform)
=============================================================================
  number of levels = 1
  fixed image: /templateflow/tpl-MNI152NLin2009cAsym/tpl-MNI152NLin2009cAsym_res-01_desc-brain_T1w.nii.gz
  moving image: /home/mdugre/scratch/mri-registration-rp/datasets/ds004513/derivatives/mri-registration-rp/antsBrainExtraction/sub-s025/BrainExtractionBrain.nii.gz
Dimension = 3
Number of stages = 1
Use histogram matching = false
Winsorize image intensities = true
  Lower quantile = 0.005
  Upper quantile = 0.995


Stage 1 State
   Image metric = MattesMI
     Fixed image = Image (0x3759e70)
  RTTI typeinfo:   itk::Image<double, 3u>
  Reference Count: 2
  Modified Time: 2334
  Debug: Off
  Object Name: 
  Observers: 
    none
  Source: (none)
  Source output name: (none)
  Release Data: Off
  Data Released: False
  Global Release Data: Off
  PipelineMTime: 0
  UpdateMTime: 1943
  RealTimeStamp: 0 seconds 
  LargestPossibleRegion: 
    Dimension: 3
    Index: [0, 0, 0]
    Size: [193, 229, 193]
  BufferedRegion: 
    Dimension: 3
    Index: [0, 0, 0]
    Size: [193, 229, 193]
  RequestedRegion: 
    Dimension: 3
    Index: [0, 0, 0]
    Size: [193, 229, 193]
  Spacing: [1, 1, 1]
  Origin: [96, 132, -78]
  Direction: 
-1 0 0
0 -1 0
0 0 1

  IndexToPointMatrix: 
-1 0 0
0 -1 0
0 0 1

  PointToIndexMatrix: 
-1 0 0
0 -1 0
0 0 1

  Inverse Direction: 
-1 0 0
0 -1 0
0 0 1

  PixelContainer: 
    ImportImageContainer (0x3762c60)
      RTTI typeinfo:   itk::ImportImageContainer<unsigned long, double>
      Reference Count: 1
      Modified Time: 1940
      Debug: Off
      Object Name: 
      Observers: 
        none
      Pointer: 0x145e4d094010
      Container manages memory: true
      Size: 8530021
      Capacity: 8530021

     Moving image = Image (0x3765610)
  RTTI typeinfo:   itk::Image<double, 3u>
  Reference Count: 2
  Modified Time: 2335
  Debug: Off
  Object Name: 
  Observers: 
    none
  Source: (none)
  Source output name: (none)
  Release Data: Off
  Data Released: False
  Global Release Data: Off
  PipelineMTime: 0
  UpdateMTime: 2332
  RealTimeStamp: 0 seconds 
  LargestPossibleRegion: 
    Dimension: 3
    Index: [0, 0, 0]
    Size: [176, 240, 256]
  BufferedRegion: 
    Dimension: 3
    Index: [0, 0, 0]
    Size: [176, 240, 256]
  RequestedRegion: 
    Dimension: 3
    Index: [0, 0, 0]
    Size: [176, 240, 256]
  Spacing: [0.999999, 1, 1]
  Origin: [90.3778, 84.5091, -154.071]
  Direction: 
-0.999391 7.48184e-06 -0.0348969
-7.47664e-06 -1 -2.7953e-07
-0.0348969 -1.84481e-08 0.999391

  IndexToPointMatrix: 
-0.99939 7.48184e-06 -0.0348969
-7.47663e-06 -1 -2.7953e-07
-0.0348968 -1.84481e-08 0.999391

  PointToIndexMatrix: 
-0.999392 -7.47665e-06 -0.0348969
7.48184e-06 -1 -1.84481e-08
-0.0348969 -2.7953e-07 0.999391

  Inverse Direction: 
-0.999391 -7.47664e-06 -0.0348969
7.48184e-06 -1 -1.84481e-08
-0.0348969 -2.7953e-07 0.999391

  PixelContainer: 
    ImportImageContainer (0x37feef0)
      RTTI typeinfo:   itk::ImportImageContainer<unsigned long, double>
      Reference Count: 1
      Modified Time: 2329
      Debug: Off
      Object Name: 
      Observers: 
        none
      Pointer: 0x145e47e13010
      Container manages memory: true
      Size: 10813440
      Capacity: 10813440

     Weighting = 1
     Sampling strategy = regular
     Number of bins = 32
     Radius = 4
     Sampling percentage  = 0.25
   Transform = Rigid
     Gradient step = 0.1
     Update field sigma (voxel space) = 0
     Total field sigma (voxel space) = 0
     Update field time sigma = 0
     Total field time sigma  = 0
     Number of time indices = 0
     Number of time point samples = 0
Registration using 1 total stages.

Stage 0
  iterations = 0
  convergence threshold = 1e-06
  convergence window size = 10
  number of levels = 1
  using the Mattes MI metric (number of bins = 32, weight = 1, use gradient filter = 0)
  preprocessing:  winsorizing the image intensities
  Shrink factors (level 1 out of 1): [1, 1, 1]
  smoothing sigmas per level: [0]
  regular sampling (percentage = 0.25)

*** Running Euler3DTransform registration ***

  Elapsed time (stage 0): 1.11976


Total elapsed time: 1.12188
Info [verificarlo]: loaded backend libinterflop_ieee.so
Info [interflop-ieee]: load backend with:
Info [interflop-ieee]: debug = false
Info [interflop-ieee]: debug-binary = false
Info [interflop-ieee]: no-backend-name = false
Info [interflop-ieee]: print-new-line = false
Info [interflop-ieee]: print-subnormal-normalized = false
Info [interflop-ieee]: count-op = false
All_Command_lines_OK
Using double precision for computations.
=============================================================================
The composite transform comprises the following transforms (in order): 
  1. /home/mdugre/scratch/mri-registration-rp/datasets/ds004513/derivatives/mri-registration-rp/0001/antsRegistration-r8-p14/sub-s025/align_Composite.h5[0] (type = Euler3DTransform)
  2. /home/mdugre/scratch/mri-registration-rp/datasets/ds004513/derivatives/mri-registration-rp/0001/antsRegistration-r8-p14/sub-s025/align_Composite.h5[1] (type = Euler3DTransform)
=============================================================================
  number of levels = 4
  fixed image: /templateflow/tpl-MNI152NLin2009cAsym/tpl-MNI152NLin2009cAsym_res-01_desc-brain_T1w.nii.gz
  moving image: /home/mdugre/scratch/mri-registration-rp/datasets/ds004513/derivatives/mri-registration-rp/antsBrainExtraction/sub-s025/BrainExtractionBrain.nii.gz
Dimension = 3
Number of stages = 1
Use histogram matching = false
Winsorize image intensities = true
  Lower quantile = 0.005
  Upper quantile = 0.995


Stage 1 State
   Image metric = MattesMI
     Fixed image = Image (0x4a30530)
  RTTI typeinfo:   itk::Image<double, 3u>
  Reference Count: 2
  Modified Time: 1580
  Debug: Off
  Object Name: 
  Observers: 
    none
  Source: (none)
  Source output name: (none)
  Release Data: Off
  Data Released: False
  Global Release Data: Off
  PipelineMTime: 0
  UpdateMTime: 1189
  RealTimeStamp: 0 seconds 
  LargestPossibleRegion: 
    Dimension: 3
    Index: [0, 0, 0]
    Size: [193, 229, 193]
  BufferedRegion: 
    Dimension: 3
    Index: [0, 0, 0]
    Size: [193, 229, 193]
  RequestedRegion: 
    Dimension: 3
    Index: [0, 0, 0]
    Size: [193, 229, 193]
  Spacing: [1, 1, 1]
  Origin: [96, 132, -78]
  Direction: 
-1 0 0
0 -1 0
0 0 1

  IndexToPointMatrix: 
-1 0 0
0 -1 0
0 0 1

  PointToIndexMatrix: 
-1 0 0
0 -1 0
0 0 1

  Inverse Direction: 
-1 0 0
0 -1 0
0 0 1

  PixelContainer: 
    ImportImageContainer (0x4aeed60)
      RTTI typeinfo:   itk::ImportImageContainer<unsigned long, double>
      Reference Count: 1
      Modified Time: 1186
      Debug: Off
      Object Name: 
      Observers: 
        none
      Pointer: 0x15072af00010
      Container manages memory: true
      Size: 8530021
      Capacity: 8530021

     Moving image = Image (0x4ae0f60)
  RTTI typeinfo:   itk::Image<double, 3u>
  Reference Count: 2
  Modified Time: 1581
  Debug: Off
  Object Name: 
  Observers: 
    none
  Source: (none)
  Source output name: (none)
  Release Data: Off
  Data Released: False
  Global Release Data: Off
  PipelineMTime: 0
  UpdateMTime: 1578
  RealTimeStamp: 0 seconds 
  LargestPossibleRegion: 
    Dimension: 3
    Index: [0, 0, 0]
    Size: [176, 240, 256]
  BufferedRegion: 
    Dimension: 3
    Index: [0, 0, 0]
    Size: [176, 240, 256]
  RequestedRegion: 
    Dimension: 3
    Index: [0, 0, 0]
    Size: [176, 240, 256]
  Spacing: [0.999999, 1, 1]
  Origin: [90.3778, 84.5091, -154.071]
  Direction: 
-0.999391 7.48184e-06 -0.0348969
-7.47664e-06 -1 -2.7953e-07
-0.0348969 -1.84481e-08 0.999391

  IndexToPointMatrix: 
-0.99939 7.48184e-06 -0.0348969
-7.47663e-06 -1 -2.7953e-07
-0.0348968 -1.84481e-08 0.999391

  PointToIndexMatrix: 
-0.999392 -7.47665e-06 -0.0348969
7.48184e-06 -1 -1.84481e-08
-0.0348969 -2.7953e-07 0.999391

  Inverse Direction: 
-0.999391 -7.47664e-06 -0.0348969
7.48184e-06 -1 -1.84481e-08
-0.0348969 -2.7953e-07 0.999391

  PixelContainer: 
    ImportImageContainer (0x4ad26d0)
      RTTI typeinfo:   itk::ImportImageContainer<unsigned long, double>
      Reference Count: 1
      Modified Time: 1575
      Debug: Off
      Object Name: 
      Observers: 
        none
      Pointer: 0x150725c7f010
      Container manages memory: true
      Size: 10813440
      Capacity: 10813440

     Weighting = 1
     Sampling strategy = regular
     Number of bins = 32
     Radius = 4
     Sampling percentage  = 0.25
   Transform = Rigid
     Gradient step = 0.1
     Update field sigma (voxel space) = 0
     Total field sigma (voxel space) = 0
     Update field time sigma = 0
     Total field time sigma  = 0
     Number of time indices = 0
     Number of time point samples = 0
Registration using 1 total stages.

Stage 0
  iterations = 1000x500x250x100
  convergence threshold = 1e-06
  convergence window size = 10
  number of levels = 4
  using the Mattes MI metric (number of bins = 32, weight = 1, use gradient filter = 0)
  preprocessing:  winsorizing the image intensities
  Shrink factors (level 1 out of 4): [8, 8, 8]
  Shrink factors (level 2 out of 4): [4, 4, 4]
  Shrink factors (level 3 out of 4): [2, 2, 2]
  Shrink factors (level 4 out of 4): [1, 1, 1]
  smoothing sigmas per level: [3, 2, 1, 0]
  regular sampling (percentage = 0.25)

*** Running Euler3DTransform registration ***

DIAGNOSTIC,Iteration,metricValue,convergenceValue,ITERATION_TIME_INDEX,SINCE_LAST
 2DIAGNOSTIC,     1, -5.323241903179e-01, 1.797693134862e+308, 7.1408e-01, 7.1408e-01, 
 2DIAGNOSTIC,     2, -5.346190553927e-01, 1.797693134862e+308, 7.1814e-01, 4.0541e-03, 
 2DIAGNOSTIC,     3, -5.378036555361e-01, 1.797693134862e+308, 7.2197e-01, 3.8280e-03, 
 2DIAGNOSTIC,     4, -5.422949451405e-01, 1.797693134862e+308, 7.2569e-01, 3.7200e-03, 
 2DIAGNOSTIC,     5, -5.486805952477e-01, 1.797693134862e+308, 7.2950e-01, 3.8099e-03, 
 2DIAGNOSTIC,     6, -5.542790085272e-01, 1.797693134862e+308, 7.3322e-01, 3.7210e-03, 
 2DIAGNOSTIC,     7, -5.627123115611e-01, 1.797693134862e+308, 7.3705e-01, 3.8350e-03, 
 2DIAGNOSTIC,     8, -5.766609943856e-01, 1.797693134862e+308, 7.4106e-01, 4.0090e-03, 
 2DIAGNOSTIC,     9, -5.881111419397e-01, 1.797693134862e+308, 7.4516e-01, 4.0979e-03, 
 2DIAGNOSTIC,    10, -6.012927005665e-01, 7.820055967720e-03, 7.5025e-01, 5.0950e-03, 
 2DIAGNOSTIC,    11, -6.192402913588e-01, 8.564422673927e-03, 7.5722e-01, 6.9621e-03, 
 2DIAGNOSTIC,    12, -6.197111897439e-01, 8.513711436483e-03, 7.6110e-01, 3.8800e-03, 
 2DIAGNOSTIC,    13, -6.223136777511e-01, 7.932305190635e-03, 7.6503e-01, 3.9361e-03, 
 2DIAGNOSTIC,    14, -6.239859078534e-01, 6.938967258810e-03, 7.6888e-01, 3.8500e-03, 
 2DIAGNOSTIC,    15, -6.258731029039e-01, 5.722268374551e-03, 7.7284e-01, 3.9542e-03, 
 2DIAGNOSTIC,    16, -6.290042957050e-01, 4.404898010755e-03, 7.7678e-01, 3.9449e-03, 
 2DIAGNOSTIC,    17, -6.327399548204e-01, 3.192249458138e-03, 7.8202e-01, 5.2369e-03, 
 2DIAGNOSTIC,    18, -6.361770329222e-01, 2.298162514769e-03, 7.8707e-01, 5.0530e-03, 
 2DIAGNOSTIC,    19, -6.381920794983e-01, 1.629119691529e-03, 7.9156e-01, 4.4849e-03, 
 2DIAGNOSTIC,    20, -6.414786468709e-01, 1.264281191352e-03, 7.9560e-01, 4.0419e-03, 
 2DIAGNOSTIC,    21, -6.422621311647e-01, 1.244231354842e-03, 7.9962e-01, 4.0240e-03, 
 2DIAGNOSTIC,    22, -6.443386369810e-01, 1.164065699822e-03, 8.0357e-01, 3.9489e-03, 
 2DIAGNOSTIC,    23, -6.458367311106e-01, 1.066297096212e-03, 8.0763e-01, 4.0572e-03, 
 2DIAGNOSTIC,    24, -6.528535017322e-01, 1.047817946234e-03, 8.1226e-01, 4.6329e-03, 
 2DIAGNOSTIC,    25, -6.591704567614e-01, 1.083081271469e-03, 8.1795e-01, 5.6918e-03, 
 2DIAGNOSTIC,    26, -6.605963667234e-01, 1.093549193941e-03, 8.2248e-01, 4.5271e-03, 
 2DIAGNOSTIC,    27, -6.608439803748e-01, 1.070984923839e-03, 8.2650e-01, 4.0159e-03, 
 2DIAGNOSTIC,    28, -6.615671814593e-01, 1.019502607481e-03, 8.3044e-01, 3.9430e-03, 
 2DIAGNOSTIC,    29, -6.628794675598e-01, 9.260608258590e-04, 8.3449e-01, 4.0510e-03, 
 2DIAGNOSTIC,    30, -6.728294489682e-01, 9.537363151616e-04, 8.4002e-01, 5.5339e-03, 
 2DIAGNOSTIC,    31, -6.735478015002e-01, 9.084132127571e-04, 8.4399e-01, 3.9690e-03, 
 2DIAGNOSTIC,    32, -6.743491384324e-01, 8.254101999876e-04, 8.4798e-01, 3.9899e-03, 
 2DIAGNOSTIC,    33, -6.778518181182e-01, 7.396576553376e-04, 8.5215e-01, 4.1709e-03, 
 2DIAGNOSTIC,    34, -6.872953156241e-01, 8.064163855014e-04, 8.6053e-01, 8.3709e-03, 
 2DIAGNOSTIC,    35, -6.877326724926e-01, 8.751661143260e-04, 8.6462e-01, 4.0939e-03, 
 2DIAGNOSTIC,    36, -6.893219446062e-01, 8.964362109052e-04, 8.6857e-01, 3.9511e-03, 
 2DIAGNOSTIC,    37, -6.927390294485e-01, 8.791571129495e-04, 8.7249e-01, 3.9151e-03, 
 2DIAGNOSTIC,    38, -7.010267749342e-01, 8.853896875613e-04, 8.7662e-01, 4.1318e-03, 
 2DIAGNOSTIC,    39, -7.063972552854e-01, 8.771659179744e-04, 8.8052e-01, 3.8989e-03, 
 2DIAGNOSTIC,    40, -7.084270896416e-01, 9.204279371469e-04, 8.8443e-01, 3.9108e-03, 
 2DIAGNOSTIC,    41, -7.161077429333e-01, 9.682134671811e-04, 8.8886e-01, 4.4348e-03, 
 2DIAGNOSTIC,    42, -7.193592349473e-01, 9.623430991544e-04, 8.9434e-01, 5.4760e-03, 
 2DIAGNOSTIC,    43, -7.222573295551e-01, 9.273549478530e-04, 8.9816e-01, 3.8190e-03, 
 2DIAGNOSTIC,    44, -7.286164504679e-01, 9.649880731361e-04, 9.0218e-01, 4.0209e-03, 
 2DIAGNOSTIC,    45, -7.391971256280e-01, 1.016145574023e-03, 9.0622e-01, 4.0390e-03, 
 2DIAGNOSTIC,    46, -7.439126636139e-01, 1.025808672448e-03, 9.1022e-01, 3.9990e-03, 
 2DIAGNOSTIC,    47, -7.510725485248e-01, 1.034395896852e-03, 9.1719e-01, 6.9761e-03, 
 2DIAGNOSTIC,    48, -7.533709514949e-01, 1.039661227870e-03, 9.2106e-01, 3.8688e-03, 
 2DIAGNOSTIC,    49, -7.538710605893e-01, 9.978872073238e-04, 9.2505e-01, 3.9880e-03, 
 2DIAGNOSTIC,    50, -7.556807789528e-01, 8.941161666268e-04, 9.2947e-01, 4.4219e-03, 
 2DIAGNOSTIC,    51, -7.575802426324e-01, 7.899986583874e-04, 9.3332e-01, 3.8490e-03, 
 2DIAGNOSTIC,    52, -7.579557833209e-01, 6.450603642441e-04, 9.3911e-01, 5.7878e-03, 
 2DIAGNOSTIC,    53, -7.587436674966e-01, 4.746405614501e-04, 9.4343e-01, 4.3240e-03, 
 2DIAGNOSTIC,    54, -7.594032869906e-01, 3.207595937598e-04, 9.4730e-01, 3.8700e-03, 
 2DIAGNOSTIC,    55, -7.593656201992e-01, 2.242817917918e-04, 9.5158e-01, 4.2830e-03, 
 2DIAGNOSTIC,    56, -7.599598480962e-01, 1.493687356040e-04, 9.5686e-01, 5.2798e-03, 
 2DIAGNOSTIC,    57, -7.597100539274e-01, 1.144415834719e-04, 9.6120e-01, 4.3321e-03, 
 2DIAGNOSTIC,    58, -7.597672353644e-01, 8.748609100731e-05, 9.6506e-01, 3.8631e-03, 
 2DIAGNOSTIC,    59, -7.612795694967e-01, 6.746509741093e-05, 9.6942e-01, 4.3659e-03, 
 2DIAGNOSTIC,    60, -7.625090426149e-01, 6.259245749303e-05, 9.7338e-01, 3.9549e-03, 
 2DIAGNOSTIC,    61, -7.626766709436e-01, 6.614630537162e-05, 9.8020e-01, 6.8221e-03, 
 2DIAGNOSTIC,    62, -7.626905730389e-01, 6.606462169351e-05, 9.8453e-01, 4.3261e-03, 
 2DIAGNOSTIC,    63, -7.625798162407e-01, 6.425490137616e-05, 9.8882e-01, 4.2889e-03, 
 2DIAGNOSTIC,    64, -7.624647268806e-01, 5.982658994584e-05, 9.9264e-01, 3.8180e-03, 
 2DIAGNOSTIC,    65, -7.623519460184e-01, 4.860196251678e-05, 9.9654e-01, 3.9010e-03, 
 2DIAGNOSTIC,    66, -7.623618974683e-01, 3.712255953186e-05, 1.0004e+00, 3.8421e-03, 
 2DIAGNOSTIC,    67, -7.623714323219e-01, 2.121562434519e-05, 1.0040e+00, 3.6600e-03, 
 2DIAGNOSTIC,    68, -7.622649405604e-01, 3.382841781346e-06, 1.0079e+00, 3.8888e-03, 
DIAGNOSTIC,Iteration,metricValue,convergenceValue,ITERATION_TIME_INDEX,SINCE_LAST
 2DIAGNOSTIC,     1, -6.059123979260e-01, 1.797693134862e+308, 1.7281e+00, 7.2017e-01, 
 2DIAGNOSTIC,     2, -6.067443508138e-01, 1.797693134862e+308, 1.7562e+00, 2.8062e-02, 
 2DIAGNOSTIC,     3, -6.077942638354e-01, 1.797693134862e+308, 1.7835e+00, 2.7351e-02, 
 2DIAGNOSTIC,     4, -6.088518124881e-01, 1.797693134862e+308, 1.8113e+00, 2.7797e-02, 
 2DIAGNOSTIC,     5, -6.100953137382e-01, 1.797693134862e+308, 1.8388e+00, 2.7548e-02, 
 2DIAGNOSTIC,     6, -6.112003746785e-01, 1.797693134862e+308, 1.8676e+00, 2.8743e-02, 
 2DIAGNOSTIC,     7, -6.133612037070e-01, 1.797693134862e+308, 1.8941e+00, 2.6510e-02, 
 2DIAGNOSTIC,     8, -6.152530844692e-01, 1.797693134862e+308, 1.9315e+00, 3.7360e-02, 
 2DIAGNOSTIC,     9, -6.158904811110e-01, 1.797693134862e+308, 1.9593e+00, 2.7829e-02, 
 2DIAGNOSTIC,    10, -6.174523842421e-01, 1.261124777265e-03, 1.9921e+00, 3.2855e-02, 
 2DIAGNOSTIC,    11, -6.195115103867e-01, 1.223450350340e-03, 2.0361e+00, 4.3988e-02, 
 2DIAGNOSTIC,    12, -6.199342943378e-01, 1.128362173466e-03, 2.0665e+00, 3.0340e-02, 
 2DIAGNOSTIC,    13, -6.199104914199e-01, 9.830453850334e-04, 2.0968e+00, 3.0342e-02, 
 2DIAGNOSTIC,    14, -6.199464767685e-01, 8.068157235017e-04, 2.1271e+00, 3.0260e-02, 
 2DIAGNOSTIC,    15, -6.200029675750e-01, 6.208366355508e-04, 2.1545e+00, 2.7462e-02, 
 2DIAGNOSTIC,    16, -6.200481963205e-01, 4.327648088074e-04, 2.1807e+00, 2.6208e-02, 
 2DIAGNOSTIC,    17, -6.201206510608e-01, 2.871211392035e-04, 2.2182e+00, 3.7500e-02, 
 2DIAGNOSTIC,    18, -6.203277015340e-01, 1.861544689231e-04, 2.2607e+00, 4.2432e-02, 
 2DIAGNOSTIC,    19, -6.203343551653e-01, 9.403763149259e-05, 2.2911e+00, 3.0378e-02, 
 2DIAGNOSTIC,    20, -6.204682390593e-01, 4.056307083533e-05, 2.3212e+00, 3.0159e-02, 
 2DIAGNOSTIC,    21, -6.205693656656e-01, 3.576578017813e-05, 2.3504e+00, 2.9226e-02, 
 2DIAGNOSTIC,    22, -6.206381005567e-01, 3.849062011820e-05, 2.3783e+00, 2.7817e-02, 
 2DIAGNOSTIC,    23, -6.208736869867e-01, 4.171887191191e-05, 2.4093e+00, 3.1075e-02, 
 2DIAGNOSTIC,    24, -6.209752416827e-01, 4.343217438740e-05, 2.4435e+00, 3.4157e-02, 
 2DIAGNOSTIC,    25, -6.209566611711e-01, 4.177923222345e-05, 2.4738e+00, 3.0288e-02, 
 2DIAGNOSTIC,    26, -6.209144346725e-01, 3.656439663863e-05, 2.5044e+00, 3.0644e-02, 
 2DIAGNOSTIC,    27, -6.209471473433e-01, 3.014606900447e-05, 2.5410e+00, 3.6621e-02, 
 2DIAGNOSTIC,    28, -6.209537802003e-01, 2.491848672044e-05, 2.5715e+00, 3.0423e-02, 
 2DIAGNOSTIC,    29, -6.209431400405e-01, 1.767374066611e-05, 2.6021e+00, 3.0683e-02, 
 2DIAGNOSTIC,    30, -6.209421050244e-01, 1.142941514930e-05, 2.6322e+00, 3.0061e-02, 
 2DIAGNOSTIC,    31, -6.209360162990e-01, 6.067851993433e-06, 2.6589e+00, 2.6675e-02, 
 2DIAGNOSTIC,    32, -6.209382511151e-01, 1.496543701011e-06, 2.6863e+00, 2.7463e-02, 
DIAGNOSTIC,Iteration,metricValue,convergenceValue,ITERATION_TIME_INDEX,SINCE_LAST
 2DIAGNOSTIC,     1, -5.343693429114e-01, 1.797693134862e+308, 3.8077e+00, 1.1213e+00, 
 2DIAGNOSTIC,     2, -5.345066535274e-01, 1.797693134862e+308, 4.0694e+00, 2.6176e-01, 
 2DIAGNOSTIC,     3, -5.346094710812e-01, 1.797693134862e+308, 4.3074e+00, 2.3796e-01, 
 2DIAGNOSTIC,     4, -5.346678149855e-01, 1.797693134862e+308, 4.5472e+00, 2.3979e-01, 
 2DIAGNOSTIC,     5, -5.348108802625e-01, 1.797693134862e+308, 4.7684e+00, 2.2123e-01, 
 2DIAGNOSTIC,     6, -5.351774633615e-01, 1.797693134862e+308, 5.0383e+00, 2.6991e-01, 
 2DIAGNOSTIC,     7, -5.357575779506e-01, 1.797693134862e+308, 5.3550e+00, 3.1673e-01, 
 2DIAGNOSTIC,     8, -5.357910511612e-01, 1.797693134862e+308, 5.5778e+00, 2.2271e-01, 
 2DIAGNOSTIC,     9, -5.358259714107e-01, 1.797693134862e+308, 5.7997e+00, 2.2197e-01, 
 2DIAGNOSTIC,    10, -5.358466985308e-01, 2.171512198213e-04, 6.0304e+00, 2.3071e-01, 
 2DIAGNOSTIC,    11, -5.358758840910e-01, 1.871457366110e-04, 6.2703e+00, 2.3982e-01, 
 2DIAGNOSTIC,    12, -5.359075653105e-01, 1.526085266117e-04, 6.6265e+00, 3.5618e-01, 
 2DIAGNOSTIC,    13, -5.358922678030e-01, 1.135469142670e-04, 7.4381e+00, 8.1170e-01, 
 2DIAGNOSTIC,    14, -5.358922677804e-01, 7.258343332751e-05, 8.2436e+00, 8.0543e-01, 
 2DIAGNOSTIC,    15, -5.358922677804e-01, 3.561723453592e-05, 8.6034e+00, 3.5982e-01, 
 2DIAGNOSTIC,    16, -5.358922677804e-01, 1.181552380004e-05, 8.9301e+00, 3.2671e-01, 
 2DIAGNOSTIC,    17, -5.358922677804e-01, 8.000149930069e-06, 9.1956e+00, 2.6553e-01, 
 2DIAGNOSTIC,    18, -5.358922677804e-01, 5.026000411482e-06, 9.4792e+00, 2.8360e-01, 
 2DIAGNOSTIC,    19, -5.358922677804e-01, 3.048036937091e-06, 9.7358e+00, 2.5653e-01, 
 2DIAGNOSTIC,    20, -5.358922677804e-01, 1.671790639840e-06, 1.0028e+01, 2.9254e-01, 
 2DIAGNOSTIC,    21, -5.358922677804e-01, 1.129180803708e-06, 1.0322e+01, 2.9345e-01, 
 2DIAGNOSTIC,    22, -5.358922677804e-01, 1.446832913955e-06, 1.0609e+01, 2.8732e-01, 
 2DIAGNOSTIC,    23, -5.358922677804e-01, 1.383889045380e-06, 1.0917e+01, 3.0821e-01, 
 2DIAGNOSTIC,    24, -5.358922677804e-01, 1.326193084121e-06, 1.1139e+01, 2.2219e-01, 
 2DIAGNOSTIC,    25, -5.358922677804e-01, 1.273115406084e-06, 1.1392e+01, 2.5264e-01, 
 2DIAGNOSTIC,    26, -5.358922677804e-01, 1.224122843139e-06, 1.1679e+01, 2.8646e-01, 
 2DIAGNOSTIC,    27, -5.358922677804e-01, 1.178761256319e-06, 1.2053e+01, 3.7490e-01, 
 2DIAGNOSTIC,    28, -5.358922677804e-01, 1.136641416308e-06, 1.2344e+01, 2.9066e-01, 
 2DIAGNOSTIC,    29, -5.358922677804e-01, 1.097427806768e-06, 1.2630e+01, 2.8597e-01, 
 2DIAGNOSTIC,    30, -5.358922677804e-01, 1.060829667936e-06, 1.2909e+01, 2.7884e-01, 
 2DIAGNOSTIC,    31, -5.358922677804e-01, 1.026593774468e-06, 1.3187e+01, 2.7809e-01, 
DIAGNOSTIC,Iteration,metricValue,convergenceValue,ITERATION_TIME_INDEX,SINCE_LAST
 2DIAGNOSTIC,     1, -4.896158802053e-01, 1.797693134862e+308, 1.6170e+01, 2.9826e+00, 
 2DIAGNOSTIC,     2, -4.896142279615e-01, 1.797693134862e+308, 1.7726e+01, 1.5566e+00, 
 2DIAGNOSTIC,     3, -4.896137460359e-01, 1.797693134862e+308, 2.0965e+01, 3.2388e+00, 
 2DIAGNOSTIC,     4, -4.896136868964e-01, 1.797693134862e+308, 2.2713e+01, 1.7483e+00, 
 2DIAGNOSTIC,     5, -4.896135932838e-01, 1.797693134862e+308, 2.4259e+01, 1.5461e+00, 
 2DIAGNOSTIC,     6, -4.896134970413e-01, 1.797693134862e+308, 2.5611e+01, 1.3514e+00, 
 2DIAGNOSTIC,     7, -4.896134146873e-01, 1.797693134862e+308, 2.7193e+01, 1.5824e+00, 
 2DIAGNOSTIC,     8, -4.896134553000e-01, 1.797693134862e+308, 2.8713e+01, 1.5196e+00, 
 2DIAGNOSTIC,     9, -4.896133687986e-01, 1.797693134862e+308, 3.0145e+01, 1.4322e+00, 
 2DIAGNOSTIC,    10, -4.896131864905e-01, 2.960912183048e-06, 3.2035e+01, 1.8905e+00, 
 2DIAGNOSTIC,    11, -4.896131989368e-01, 2.795808532782e-06, 3.3605e+01, 1.5691e+00, 
 2DIAGNOSTIC,    12, -4.896128579710e-01, 2.570858580409e-06, 3.4974e+01, 1.3698e+00, 
 2DIAGNOSTIC,    13, -4.896127552057e-01, 2.361891293143e-06, 3.6475e+01, 1.5004e+00, 
 2DIAGNOSTIC,    14, -4.896127651766e-01, 2.188510337273e-06, 3.7850e+01, 1.3747e+00, 
 2DIAGNOSTIC,    15, -4.896126656993e-01, 2.038358838302e-06, 3.9228e+01, 1.3783e+00, 
 2DIAGNOSTIC,    16, -4.896126940914e-01, 1.912224534495e-06, 4.0558e+01, 1.3304e+00, 
 2DIAGNOSTIC,    17, -4.896126255967e-01, 1.802733539585e-06, 4.2207e+01, 1.6486e+00, 
 2DIAGNOSTIC,    18, -4.896125514195e-01, 1.710781645577e-06, 4.3588e+01, 1.3811e+00, 
 2DIAGNOSTIC,    19, -4.896125069655e-01, 1.629803883997e-06, 4.5313e+01, 1.7251e+00, 
 2DIAGNOSTIC,    20, -4.896124298980e-01, 1.553366455596e-06, 4.6923e+01, 1.6103e+00, 
 2DIAGNOSTIC,    21, -4.896123423877e-01, 1.485850149772e-06, 4.8280e+01, 1.3564e+00, 
 2DIAGNOSTIC,    22, -4.896122745943e-01, 1.416480953496e-06, 4.9632e+01, 1.3519e+00, 
 2DIAGNOSTIC,    23, -4.896123562863e-01, 1.355371836813e-06, 5.1262e+01, 1.6307e+00, 
 2DIAGNOSTIC,    24, -4.896124166933e-01, 1.303622102787e-06, 5.2832e+01, 1.5701e+00, 
 2DIAGNOSTIC,    25, -4.896123540155e-01, 1.254225994736e-06, 5.4177e+01, 1.3448e+00, 
 2DIAGNOSTIC,    26, -4.896123285584e-01, 1.210542803116e-06, 5.5820e+01, 1.6432e+00, 
 2DIAGNOSTIC,    27, -4.896122791525e-01, 1.168829892192e-06, 5.7336e+01, 1.5154e+00, 
 2DIAGNOSTIC,    28, -4.896120898012e-01, 1.125463157524e-06, 5.8771e+01, 1.4347e+00, 
 2DIAGNOSTIC,    29, -4.896121632051e-01, 1.086735420992e-06, 6.0429e+01, 1.6581e+00, 
 2DIAGNOSTIC,    30, -4.896121963569e-01, 1.050676250273e-06, 6.1972e+01, 1.5430e+00, 
 2DIAGNOSTIC,    31, -4.896121013299e-01, 1.014469512180e-06, 6.3378e+01, 1.4064e+00, 
  Elapsed time (stage 0): 6.4197e+01


Total elapsed time: 6.4199e+01
Info [verificarlo]: loaded backend libinterflop_ieee.so
Info [interflop-ieee]: load backend with:
Info [interflop-ieee]: debug = false
Info [interflop-ieee]: debug-binary = false
Info [interflop-ieee]: no-backend-name = false
Info [interflop-ieee]: print-new-line = false
Info [interflop-ieee]: print-subnormal-normalized = false
Info [interflop-ieee]: count-op = false
All_Command_lines_OK
Using double precision for computations.
=============================================================================
The composite transform comprises the following transforms (in order): 
  1. /home/mdugre/scratch/mri-registration-rp/datasets/ds004513/derivatives/mri-registration-rp/0001/antsRegistration-r8-p14/sub-s025/rigid_Composite.h5[0] (type = Euler3DTransform)
  2. /home/mdugre/scratch/mri-registration-rp/datasets/ds004513/derivatives/mri-registration-rp/0001/antsRegistration-r8-p14/sub-s025/rigid_Composite.h5[1] (type = Euler3DTransform)
  3. /home/mdugre/scratch/mri-registration-rp/datasets/ds004513/derivatives/mri-registration-rp/0001/antsRegistration-r8-p14/sub-s025/rigid_Composite.h5[2] (type = Euler3DTransform)
=============================================================================
  number of levels = 4
  fixed image: /templateflow/tpl-MNI152NLin2009cAsym/tpl-MNI152NLin2009cAsym_res-01_desc-brain_T1w.nii.gz
  moving image: /home/mdugre/scratch/mri-registration-rp/datasets/ds004513/derivatives/mri-registration-rp/antsBrainExtraction/sub-s025/BrainExtractionBrain.nii.gz
Dimension = 3
Number of stages = 1
Use histogram matching = false
Winsorize image intensities = true
  Lower quantile = 0.005
  Upper quantile = 0.995


Stage 1 State
   Image metric = MattesMI
     Fixed image = Image (0x37f27e0)
  RTTI typeinfo:   itk::Image<double, 3u>
  Reference Count: 2
  Modified Time: 1594
  Debug: Off
  Object Name: 
  Observers: 
    none
  Source: (none)
  Source output name: (none)
  Release Data: Off
  Data Released: False
  Global Release Data: Off
  PipelineMTime: 0
  UpdateMTime: 1203
  RealTimeStamp: 0 seconds 
  LargestPossibleRegion: 
    Dimension: 3
    Index: [0, 0, 0]
    Size: [193, 229, 193]
  BufferedRegion: 
    Dimension: 3
    Index: [0, 0, 0]
    Size: [193, 229, 193]
  RequestedRegion: 
    Dimension: 3
    Index: [0, 0, 0]
    Size: [193, 229, 193]
  Spacing: [1, 1, 1]
  Origin: [96, 132, -78]
  Direction: 
-1 0 0
0 -1 0
0 0 1

  IndexToPointMatrix: 
-1 0 0
0 -1 0
0 0 1

  PointToIndexMatrix: 
-1 0 0
0 -1 0
0 0 1

  Inverse Direction: 
-1 0 0
0 -1 0
0 0 1

  PixelContainer: 
    ImportImageContainer (0x38b2a20)
      RTTI typeinfo:   itk::ImportImageContainer<unsigned long, double>
      Reference Count: 1
      Modified Time: 1200
      Debug: Off
      Object Name: 
      Observers: 
        none
      Pointer: 0x14fa9d6f4010
      Container manages memory: true
      Size: 8530021
      Capacity: 8530021

     Moving image = Image (0x38add70)
  RTTI typeinfo:   itk::Image<double, 3u>
  Reference Count: 2
  Modified Time: 1595
  Debug: Off
  Object Name: 
  Observers: 
    none
  Source: (none)
  Source output name: (none)
  Release Data: Off
  Data Released: False
  Global Release Data: Off
  PipelineMTime: 0
  UpdateMTime: 1592
  RealTimeStamp: 0 seconds 
  LargestPossibleRegion: 
    Dimension: 3
    Index: [0, 0, 0]
    Size: [176, 240, 256]
  BufferedRegion: 
    Dimension: 3
    Index: [0, 0, 0]
    Size: [176, 240, 256]
  RequestedRegion: 
    Dimension: 3
    Index: [0, 0, 0]
    Size: [176, 240, 256]
  Spacing: [0.999999, 1, 1]
  Origin: [90.3778, 84.5091, -154.071]
  Direction: 
-0.999391 7.48184e-06 -0.0348969
-7.47664e-06 -1 -2.7953e-07
-0.0348969 -1.84481e-08 0.999391

  IndexToPointMatrix: 
-0.99939 7.48184e-06 -0.0348969
-7.47663e-06 -1 -2.7953e-07
-0.0348968 -1.84481e-08 0.999391

  PointToIndexMatrix: 
-0.999392 -7.47665e-06 -0.0348969
7.48184e-06 -1 -1.84481e-08
-0.0348969 -2.7953e-07 0.999391

  Inverse Direction: 
-0.999391 -7.47664e-06 -0.0348969
7.48184e-06 -1 -1.84481e-08
-0.0348969 -2.7953e-07 0.999391

  PixelContainer: 
    ImportImageContainer (0x3865c90)
      RTTI typeinfo:   itk::ImportImageContainer<unsigned long, double>
      Reference Count: 1
      Modified Time: 1589
      Debug: Off
      Object Name: 
      Observers: 
        none
      Pointer: 0x14fa98473010
      Container manages memory: true
      Size: 10813440
      Capacity: 10813440

     Weighting = 1
     Sampling strategy = regular
     Number of bins = 32
     Radius = 4
     Sampling percentage  = 0.25
   Transform = Affine
     Gradient step = 0.1
     Update field sigma (voxel space) = 0
     Total field sigma (voxel space) = 0
     Update field time sigma = 0
     Total field time sigma  = 0
     Number of time indices = 0
     Number of time point samples = 0
Registration using 1 total stages.

Stage 0
  iterations = 1000x500x250x100
  convergence threshold = 1e-06
  convergence window size = 10
  number of levels = 4
  using the Mattes MI metric (number of bins = 32, weight = 1, use gradient filter = 0)
  preprocessing:  winsorizing the image intensities
  Shrink factors (level 1 out of 4): [8, 8, 8]
  Shrink factors (level 2 out of 4): [4, 4, 4]
  Shrink factors (level 3 out of 4): [2, 2, 2]
  Shrink factors (level 4 out of 4): [1, 1, 1]
  smoothing sigmas per level: [3, 2, 1, 0]
  regular sampling (percentage = 0.25)

*** Running AffineTransform registration ***

DIAGNOSTIC,Iteration,metricValue,convergenceValue,ITERATION_TIME_INDEX,SINCE_LAST
 2DIAGNOSTIC,     1, -7.478833886539e-01, 1.797693134862e+308, 7.7853e-01, 7.7853e-01, 
 2DIAGNOSTIC,     2, -7.498141420155e-01, 1.797693134862e+308, 7.8304e-01, 4.5111e-03, 
 2DIAGNOSTIC,     3, -7.524886626972e-01, 1.797693134862e+308, 7.8747e-01, 4.4260e-03, 
 2DIAGNOSTIC,     4, -7.573841943596e-01, 1.797693134862e+308, 7.9156e-01, 4.0929e-03, 
 2DIAGNOSTIC,     5, -7.662125398686e-01, 1.797693134862e+308, 7.9582e-01, 4.2610e-03, 
 2DIAGNOSTIC,     6, -7.799417540327e-01, 1.797693134862e+308, 8.0017e-01, 4.3459e-03, 
 2DIAGNOSTIC,     7, -8.011393792175e-01, 1.797693134862e+308, 8.0468e-01, 4.5061e-03, 
 2DIAGNOSTIC,     8, -8.725504237182e-01, 1.797693134862e+308, 8.1040e-01, 5.7271e-03, 
 2DIAGNOSTIC,     9, -9.142997856695e-01, 1.797693134862e+308, 8.1495e-01, 4.5469e-03, 
 2DIAGNOSTIC,    10, -9.245544618029e-01, 1.506098984919e-02, 8.2035e-01, 5.3980e-03, 
 2DIAGNOSTIC,    11, -9.309815206131e-01, 1.563305700594e-02, 8.2727e-01, 6.9239e-03, 
 2DIAGNOSTIC,    12, -9.312659470850e-01, 1.477730747197e-02, 8.3191e-01, 4.6339e-03, 
 2DIAGNOSTIC,    13, -9.341420296649e-01, 1.286239069860e-02, 8.3653e-01, 4.6251e-03, 
 2DIAGNOSTIC,    14, -9.366661557436e-01, 1.025151742335e-02, 8.4131e-01, 4.7741e-03, 
 2DIAGNOSTIC,    15, -9.376534785849e-01, 7.328642562316e-03, 8.4707e-01, 5.7640e-03, 
 2DIAGNOSTIC,    16, -9.385046063652e-01, 4.459231130249e-03, 8.5223e-01, 5.1560e-03, 
 2DIAGNOSTIC,    17, -9.387573209859e-01, 1.940519921150e-03, 8.5759e-01, 5.3651e-03, 
 2DIAGNOSTIC,    18, -9.386487145208e-01, 8.322207193897e-04, 8.6272e-01, 5.1320e-03, 
 2DIAGNOSTIC,    19, -9.386244825955e-01, 4.882779252682e-04, 8.6787e-01, 5.1448e-03, 
 2DIAGNOSTIC,    20, -9.384324224499e-01, 2.978318570365e-04, 8.7276e-01, 4.8921e-03, 
 2DIAGNOSTIC,    21, -9.386087768847e-01, 2.023378211390e-04, 8.7793e-01, 5.1689e-03, 
 2DIAGNOSTIC,    22, -9.387159892141e-01, 1.024676704841e-04, 8.8304e-01, 5.1081e-03, 
 2DIAGNOSTIC,    23, -9.386733520699e-01, 4.152255450249e-05, 8.8764e-01, 4.6051e-03, 
 2DIAGNOSTIC,    24, -9.385310459720e-01, 1.409500826050e-05, 8.9281e-01, 5.1730e-03, 
 2DIAGNOSTIC,    25, -9.387188635334e-01, 2.708255311769e-06, 8.9741e-01, 4.5960e-03, 
 2DIAGNOSTIC,    26, -9.388115751898e-01, 3.513692628687e-06, 9.0306e-01, 5.6469e-03, 
 2DIAGNOSTIC,    27, -9.385704860174e-01, 4.122290256418e-06, 9.0839e-01, 5.3291e-03, 
 2DIAGNOSTIC,    28, -9.384620761157e-01, 2.091248963776e-06, 9.1312e-01, 4.7319e-03, 
DIAGNOSTIC,Iteration,metricValue,convergenceValue,ITERATION_TIME_INDEX,SINCE_LAST
 2DIAGNOSTIC,     1, -7.507098175264e-01, 1.797693134862e+308, 1.6765e+00, 7.6333e-01, 
 2DIAGNOSTIC,     2, -7.511678422294e-01, 1.797693134862e+308, 1.7161e+00, 3.9656e-02, 
 2DIAGNOSTIC,     3, -7.516113997501e-01, 1.797693134862e+308, 1.7586e+00, 4.2507e-02, 
 2DIAGNOSTIC,     4, -7.521395120602e-01, 1.797693134862e+308, 1.7938e+00, 3.5224e-02, 
 2DIAGNOSTIC,     5, -7.533992041513e-01, 1.797693134862e+308, 1.8296e+00, 3.5724e-02, 
 2DIAGNOSTIC,     6, -7.541995826921e-01, 1.797693134862e+308, 1.8913e+00, 6.1763e-02, 
 2DIAGNOSTIC,     7, -7.542565814654e-01, 1.797693134862e+308, 1.9324e+00, 4.1081e-02, 
 2DIAGNOSTIC,     8, -7.542421479200e-01, 1.797693134862e+308, 1.9699e+00, 3.7524e-02, 
 2DIAGNOSTIC,     9, -7.542379643350e-01, 1.797693134862e+308, 2.0201e+00, 5.0131e-02, 
 2DIAGNOSTIC,    10, -7.542345451112e-01, 3.494511758731e-04, 2.0556e+00, 3.5528e-02, 
 2DIAGNOSTIC,    11, -7.542273956620e-01, 2.508446299350e-04, 2.0933e+00, 3.7749e-02, 
 2DIAGNOSTIC,    12, -7.542243452886e-01, 1.610974631096e-04, 2.1344e+00, 4.1051e-02, 
 2DIAGNOSTIC,    13, -7.542222304805e-01, 8.406151354791e-05, 2.1707e+00, 3.6334e-02, 
 2DIAGNOSTIC,    14, -7.542263796119e-01, 2.428674626774e-05, 2.2080e+00, 3.7247e-02, 
 2DIAGNOSTIC,    15, -7.542226134971e-01, 1.497331455561e-06, 2.2422e+00, 3.4257e-02, 
DIAGNOSTIC,Iteration,metricValue,convergenceValue,ITERATION_TIME_INDEX,SINCE_LAST
 2DIAGNOSTIC,     1, -6.408191982318e-01, 1.797693134862e+308, 3.4055e+00, 1.1632e+00, 
 2DIAGNOSTIC,     2, -6.412872520399e-01, 1.797693134862e+308, 3.6820e+00, 2.7649e-01, 
 2DIAGNOSTIC,     3, -6.418491075890e-01, 1.797693134862e+308, 3.9584e+00, 2.7648e-01, 
 2DIAGNOSTIC,     4, -6.425361559296e-01, 1.797693134862e+308, 4.2362e+00, 2.7775e-01, 
 2DIAGNOSTIC,     5, -6.436460715272e-01, 1.797693134862e+308, 4.5193e+00, 2.8308e-01, 
 2DIAGNOSTIC,     6, -6.450377430291e-01, 1.797693134862e+308, 4.9879e+00, 4.6862e-01, 
 2DIAGNOSTIC,     7, -6.450286154273e-01, 1.797693134862e+308, 5.2941e+00, 3.0621e-01, 
 2DIAGNOSTIC,     8, -6.450277978904e-01, 1.797693134862e+308, 5.6968e+00, 4.0266e-01, 
 2DIAGNOSTIC,     9, -6.450274533182e-01, 1.797693134862e+308, 5.9868e+00, 2.9007e-01, 
 2DIAGNOSTIC,    10, -6.450281966203e-01, 4.934870652504e-04, 6.3430e+00, 3.5615e-01, 
 2DIAGNOSTIC,    11, -6.450274898394e-01, 3.605588826904e-04, 6.6235e+00, 2.8046e-01, 
 2DIAGNOSTIC,    12, -6.450254858131e-01, 2.351025514749e-04, 6.9072e+00, 2.8379e-01, 
 2DIAGNOSTIC,    13, -6.450236345521e-01, 1.275714811868e-04, 7.1844e+00, 2.7712e-01, 
 2DIAGNOSTIC,    14, -6.450229368885e-01, 4.522320736397e-05, 7.4917e+00, 3.0734e-01, 
 2DIAGNOSTIC,    15, -6.450205497680e-01, 1.355719833868e-06, 7.7468e+00, 2.5511e-01, 
 2DIAGNOSTIC,    16, -6.450199120107e-01, 1.421041070052e-06, 7.9985e+00, 2.5165e-01, 
 2DIAGNOSTIC,    17, -6.450183825615e-01, 1.255914343391e-06, 8.2942e+00, 2.9570e-01, 
 2DIAGNOSTIC,    18, -6.450164883590e-01, 1.100887411017e-06, 8.5731e+00, 2.7897e-01, 
DIAGNOSTIC,Iteration,metricValue,convergenceValue,ITERATION_TIME_INDEX,SINCE_LAST
 2DIAGNOSTIC,     1, -5.763423101747e-01, 1.797693134862e+308, 1.1471e+01, 2.8982e+00, 
 2DIAGNOSTIC,     2, -5.767962466528e-01, 1.797693134862e+308, 1.3215e+01, 1.7436e+00, 
 2DIAGNOSTIC,     3, -5.772980264480e-01, 1.797693134862e+308, 1.5006e+01, 1.7907e+00, 
 2DIAGNOSTIC,     4, -5.778369770879e-01, 1.797693134862e+308, 1.6622e+01, 1.6162e+00, 
 2DIAGNOSTIC,     5, -5.788000208184e-01, 1.797693134862e+308, 1.8399e+01, 1.7775e+00, 
 2DIAGNOSTIC,     6, -5.800501712047e-01, 1.797693134862e+308, 2.1159e+01, 2.7594e+00, 
 2DIAGNOSTIC,     7, -5.800538954882e-01, 1.797693134862e+308, 2.3000e+01, 1.8411e+00, 
 2DIAGNOSTIC,     8, -5.800493733508e-01, 1.797693134862e+308, 2.5517e+01, 2.5173e+00, 
 2DIAGNOSTIC,     9, -5.800487941111e-01, 1.797693134862e+308, 2.7599e+01, 2.0819e+00, 
 2DIAGNOSTIC,    10, -5.800483309514e-01, 4.805598229399e-04, 2.9352e+01, 1.7526e+00, 
 2DIAGNOSTIC,    11, -5.800484812694e-01, 3.506815724427e-04, 3.1129e+01, 1.7771e+00, 
 2DIAGNOSTIC,    12, -5.800479866038e-01, 2.299869008999e-04, 3.2781e+01, 1.6527e+00, 
 2DIAGNOSTIC,    13, -5.800475481964e-01, 1.269264999390e-04, 3.4607e+01, 1.8252e+00, 
 2DIAGNOSTIC,    14, -5.800480029067e-01, 4.578100593564e-05, 3.6668e+01, 2.0610e+00, 
 2DIAGNOSTIC,    15, -5.800471203894e-01, 1.802230009368e-06, 3.9511e+01, 2.8433e+00, 
 2DIAGNOSTIC,    16, -5.800470852117e-01, 1.690988524497e-06, 4.1441e+01, 1.9306e+00, 
 2DIAGNOSTIC,    17, -5.800470090124e-01, 1.729281749949e-06, 4.3209e+01, 1.7672e+00, 
 2DIAGNOSTIC,    18, -5.800469844534e-01, 1.652959544671e-06, 4.5329e+01, 2.1205e+00, 
 2DIAGNOSTIC,    19, -5.800468839353e-01, 1.578015432005e-06, 4.7369e+01, 2.0394e+00, 
 2DIAGNOSTIC,    20, -5.800466324089e-01, 1.502101003525e-06, 4.9381e+01, 2.0129e+00, 
 2DIAGNOSTIC,    21, -5.800465185615e-01, 1.443288117776e-06, 5.0992e+01, 1.6103e+00, 
 2DIAGNOSTIC,    22, -5.800464303834e-01, 1.383742405839e-06, 5.2618e+01, 1.6265e+00, 
 2DIAGNOSTIC,    23, -5.800465365772e-01, 1.327693425736e-06, 5.4222e+01, 1.6036e+00, 
 2DIAGNOSTIC,    24, -5.800465650665e-01, 1.291926885569e-06, 5.6024e+01, 1.8024e+00, 
 2DIAGNOSTIC,    25, -5.800465461395e-01, 1.244676459310e-06, 5.7647e+01, 1.6232e+00, 
 2DIAGNOSTIC,    26, -5.800466183843e-01, 1.204592874372e-06, 5.9404e+01, 1.7567e+00, 
 2DIAGNOSTIC,    27, -5.800465820779e-01, 1.167225517490e-06, 6.1145e+01, 1.7406e+00, 
 2DIAGNOSTIC,    28, -5.800467290002e-01, 1.135760938076e-06, 6.2969e+01, 1.8242e+00, 
 2DIAGNOSTIC,    29, -5.800470263878e-01, 1.109914817901e-06, 6.4876e+01, 1.9073e+00, 
 2DIAGNOSTIC,    30, -5.800470210679e-01, 1.080388423481e-06, 6.7311e+01, 2.4350e+00, 
 2DIAGNOSTIC,    31, -5.800467967553e-01, 1.045745547261e-06, 6.9130e+01, 1.8186e+00, 
 2DIAGNOSTIC,    32, -5.800467142719e-01, 1.008988718618e-06, 7.0946e+01, 1.8162e+00, 
  Elapsed time (stage 0): 7.1991e+01


Total elapsed time: 7.1994e+01
Info [verificarlo]: loaded backend libinterflop_vprec.so
Info [interflop-vprec]: load backend with: 
Info [interflop-vprec]: precision-binary32 = 14
Info [interflop-vprec]: range-binary32 = 8
Info [interflop-vprec]: precision-binary64 = 14
Info [interflop-vprec]: range-binary64 = 8
