
##########################
# Experiment information #
##########################

EXPERIMENT_NAME: antsRegistration-r8-p8
VFC_BACKENDS: libinterflop_vprec.so --range-binary32=8 --precision-binary32=8 --range-binary64=8 --precision-binary64=8

SIF_IMG: /home/mdugre/projects/rrg-glatard/mdugre/containers/ants-vprec-no_metrics.simg

SUBJECT_ID: s014
INPUT_IMG: /home/mdugre/scratch/mri-registration-rp/datasets/ds004513/derivatives/mri-registration-rp/antsBrainExtraction/sub-s014/BrainExtractionBrain.nii.gz
OUTPUT_DIR: /home/mdugre/scratch/mri-registration-rp/datasets/ds004513/derivatives/mri-registration-rp/0001/antsRegistration-r8-p8/sub-s014

FIXED_IMG: /templateflow/tpl-MNI152NLin2009cAsym/tpl-MNI152NLin2009cAsym_res-01_desc-brain_T1w.nii.gz
DATA_DIR: /home/mdugre/scratch/mri-registration-rp/datasets/ds004513
TEMPLATEFLOW_DIR: /home/mdugre/projects/rrg-glatard/mdugre/templateflow
ITK_GLOBAL_DEFAULT_NUMBER_OF_THREADS: 16
##########################

Info [verificarlo]: loaded backend libinterflop_ieee.so
Info [interflop-ieee]: load backend with:
Info [interflop-ieee]: debug = false
Info [interflop-ieee]: debug-binary = false
Info [interflop-ieee]: no-backend-name = false
Info [interflop-ieee]: print-new-line = false
Info [interflop-ieee]: print-subnormal-normalized = false
Info [interflop-ieee]: count-op = false
All_Command_lines_OK
Using double precision for computations.
=============================================================================
The composite transform comprises the following transforms (in order): 
  1. Center of mass alignment using fixed image: /templateflow/tpl-MNI152NLin2009cAsym/tpl-MNI152NLin2009cAsym_res-01_desc-brain_T1w.nii.gz and moving image: /home/mdugre/scratch/mri-registration-rp/datasets/ds004513/derivatives/mri-registration-rp/antsBrainExtraction/sub-s014/BrainExtractionBrain.nii.gz (type = Euler3DTransform)
=============================================================================
  number of levels = 1
  fixed image: /templateflow/tpl-MNI152NLin2009cAsym/tpl-MNI152NLin2009cAsym_res-01_desc-brain_T1w.nii.gz
  moving image: /home/mdugre/scratch/mri-registration-rp/datasets/ds004513/derivatives/mri-registration-rp/antsBrainExtraction/sub-s014/BrainExtractionBrain.nii.gz
Dimension = 3
Number of stages = 1
Use histogram matching = false
Winsorize image intensities = true
  Lower quantile = 0.005
  Upper quantile = 0.995


Stage 1 State
   Image metric = MattesMI
     Fixed image = Image (0x423dbd0)
  RTTI typeinfo:   itk::Image<double, 3u>
  Reference Count: 2
  Modified Time: 2334
  Debug: Off
  Object Name: 
  Observers: 
    none
  Source: (none)
  Source output name: (none)
  Release Data: Off
  Data Released: False
  Global Release Data: Off
  PipelineMTime: 0
  UpdateMTime: 1943
  RealTimeStamp: 0 seconds 
  LargestPossibleRegion: 
    Dimension: 3
    Index: [0, 0, 0]
    Size: [193, 229, 193]
  BufferedRegion: 
    Dimension: 3
    Index: [0, 0, 0]
    Size: [193, 229, 193]
  RequestedRegion: 
    Dimension: 3
    Index: [0, 0, 0]
    Size: [193, 229, 193]
  Spacing: [1, 1, 1]
  Origin: [96, 132, -78]
  Direction: 
-1 0 0
0 -1 0
0 0 1

  IndexToPointMatrix: 
-1 0 0
0 -1 0
0 0 1

  PointToIndexMatrix: 
-1 0 0
0 -1 0
0 0 1

  Inverse Direction: 
-1 0 0
0 -1 0
0 0 1

  PixelContainer: 
    ImportImageContainer (0x4295930)
      RTTI typeinfo:   itk::ImportImageContainer<unsigned long, double>
      Reference Count: 1
      Modified Time: 1940
      Debug: Off
      Object Name: 
      Observers: 
        none
      Pointer: 0x1550389a0010
      Container manages memory: true
      Size: 8530021
      Capacity: 8530021

     Moving image = Image (0x432d610)
  RTTI typeinfo:   itk::Image<double, 3u>
  Reference Count: 2
  Modified Time: 2335
  Debug: Off
  Object Name: 
  Observers: 
    none
  Source: (none)
  Source output name: (none)
  Release Data: Off
  Data Released: False
  Global Release Data: Off
  PipelineMTime: 0
  UpdateMTime: 2332
  RealTimeStamp: 0 seconds 
  LargestPossibleRegion: 
    Dimension: 3
    Index: [0, 0, 0]
    Size: [160, 240, 256]
  BufferedRegion: 
    Dimension: 3
    Index: [0, 0, 0]
    Size: [160, 240, 256]
  RequestedRegion: 
    Dimension: 3
    Index: [0, 0, 0]
    Size: [160, 240, 256]
  Spacing: [0.999999, 1, 1]
  Origin: [84.1637, 106.709, -120.531]
  Direction: 
-0.999619 -0.0226874 -0.0157033
0.0226846 -0.999743 0.00035635
-0.0157073 -7.8229e-09 0.999877

  IndexToPointMatrix: 
-0.999619 -0.0226874 -0.0157033
0.0226845 -0.999743 0.00035635
-0.0157073 -7.8229e-09 0.999877

  PointToIndexMatrix: 
-0.99962 0.0226846 -0.0157073
-0.0226874 -0.999743 -7.83127e-09
-0.0157033 0.00035635 0.999877

  Inverse Direction: 
-0.999619 0.0226846 -0.0157073
-0.0226874 -0.999743 -7.83127e-09
-0.0157033 0.00035635 0.999877

  PixelContainer: 
    ImportImageContainer (0x426d850)
      RTTI typeinfo:   itk::ImportImageContainer<unsigned long, double>
      Reference Count: 1
      Modified Time: 2329
      Debug: Off
      Object Name: 
      Observers: 
        none
      Pointer: 0x155033e9f010
      Container manages memory: true
      Size: 9830400
      Capacity: 9830400

     Weighting = 1
     Sampling strategy = regular
     Number of bins = 32
     Radius = 4
     Sampling percentage  = 0.25
   Transform = Rigid
     Gradient step = 0.1
     Update field sigma (voxel space) = 0
     Total field sigma (voxel space) = 0
     Update field time sigma = 0
     Total field time sigma  = 0
     Number of time indices = 0
     Number of time point samples = 0
Registration using 1 total stages.

Stage 0
  iterations = 0
  convergence threshold = 1e-06
  convergence window size = 10
  number of levels = 1
  using the Mattes MI metric (number of bins = 32, weight = 1, use gradient filter = 0)
  preprocessing:  winsorizing the image intensities
  Shrink factors (level 1 out of 1): [1, 1, 1]
  smoothing sigmas per level: [0]
  regular sampling (percentage = 0.25)

*** Running Euler3DTransform registration ***

  Elapsed time (stage 0): 1.09359


Total elapsed time: 1.09559
Info [verificarlo]: loaded backend libinterflop_ieee.so
Info [interflop-ieee]: load backend with:
Info [interflop-ieee]: debug = false
Info [interflop-ieee]: debug-binary = false
Info [interflop-ieee]: no-backend-name = false
Info [interflop-ieee]: print-new-line = false
Info [interflop-ieee]: print-subnormal-normalized = false
Info [interflop-ieee]: count-op = false
All_Command_lines_OK
Using double precision for computations.
=============================================================================
The composite transform comprises the following transforms (in order): 
  1. /home/mdugre/scratch/mri-registration-rp/datasets/ds004513/derivatives/mri-registration-rp/0001/antsRegistration-r8-p8/sub-s014/align_Composite.h5[0] (type = Euler3DTransform)
  2. /home/mdugre/scratch/mri-registration-rp/datasets/ds004513/derivatives/mri-registration-rp/0001/antsRegistration-r8-p8/sub-s014/align_Composite.h5[1] (type = Euler3DTransform)
=============================================================================
  number of levels = 4
  fixed image: /templateflow/tpl-MNI152NLin2009cAsym/tpl-MNI152NLin2009cAsym_res-01_desc-brain_T1w.nii.gz
  moving image: /home/mdugre/scratch/mri-registration-rp/datasets/ds004513/derivatives/mri-registration-rp/antsBrainExtraction/sub-s014/BrainExtractionBrain.nii.gz
Dimension = 3
Number of stages = 1
Use histogram matching = false
Winsorize image intensities = true
  Lower quantile = 0.005
  Upper quantile = 0.995


Stage 1 State
   Image metric = MattesMI
     Fixed image = Image (0x38d1530)
  RTTI typeinfo:   itk::Image<double, 3u>
  Reference Count: 2
  Modified Time: 1580
  Debug: Off
  Object Name: 
  Observers: 
    none
  Source: (none)
  Source output name: (none)
  Release Data: Off
  Data Released: False
  Global Release Data: Off
  PipelineMTime: 0
  UpdateMTime: 1189
  RealTimeStamp: 0 seconds 
  LargestPossibleRegion: 
    Dimension: 3
    Index: [0, 0, 0]
    Size: [193, 229, 193]
  BufferedRegion: 
    Dimension: 3
    Index: [0, 0, 0]
    Size: [193, 229, 193]
  RequestedRegion: 
    Dimension: 3
    Index: [0, 0, 0]
    Size: [193, 229, 193]
  Spacing: [1, 1, 1]
  Origin: [96, 132, -78]
  Direction: 
-1 0 0
0 -1 0
0 0 1

  IndexToPointMatrix: 
-1 0 0
0 -1 0
0 0 1

  PointToIndexMatrix: 
-1 0 0
0 -1 0
0 0 1

  Inverse Direction: 
-1 0 0
0 -1 0
0 0 1

  PixelContainer: 
    ImportImageContainer (0x398fd60)
      RTTI typeinfo:   itk::ImportImageContainer<unsigned long, double>
      Reference Count: 1
      Modified Time: 1186
      Debug: Off
      Object Name: 
      Observers: 
        none
      Pointer: 0x14a080689010
      Container manages memory: true
      Size: 8530021
      Capacity: 8530021

     Moving image = Image (0x3981f60)
  RTTI typeinfo:   itk::Image<double, 3u>
  Reference Count: 2
  Modified Time: 1581
  Debug: Off
  Object Name: 
  Observers: 
    none
  Source: (none)
  Source output name: (none)
  Release Data: Off
  Data Released: False
  Global Release Data: Off
  PipelineMTime: 0
  UpdateMTime: 1578
  RealTimeStamp: 0 seconds 
  LargestPossibleRegion: 
    Dimension: 3
    Index: [0, 0, 0]
    Size: [160, 240, 256]
  BufferedRegion: 
    Dimension: 3
    Index: [0, 0, 0]
    Size: [160, 240, 256]
  RequestedRegion: 
    Dimension: 3
    Index: [0, 0, 0]
    Size: [160, 240, 256]
  Spacing: [0.999999, 1, 1]
  Origin: [84.1637, 106.709, -120.531]
  Direction: 
-0.999619 -0.0226874 -0.0157033
0.0226846 -0.999743 0.00035635
-0.0157073 -7.8229e-09 0.999877

  IndexToPointMatrix: 
-0.999619 -0.0226874 -0.0157033
0.0226845 -0.999743 0.00035635
-0.0157073 -7.8229e-09 0.999877

  PointToIndexMatrix: 
-0.99962 0.0226846 -0.0157073
-0.0226874 -0.999743 -7.83127e-09
-0.0157033 0.00035635 0.999877

  Inverse Direction: 
-0.999619 0.0226846 -0.0157073
-0.0226874 -0.999743 -7.83127e-09
-0.0157033 0.00035635 0.999877

  PixelContainer: 
    ImportImageContainer (0x39736d0)
      RTTI typeinfo:   itk::ImportImageContainer<unsigned long, double>
      Reference Count: 1
      Modified Time: 1575
      Debug: Off
      Object Name: 
      Observers: 
        none
      Pointer: 0x14a07bb88010
      Container manages memory: true
      Size: 9830400
      Capacity: 9830400

     Weighting = 1
     Sampling strategy = regular
     Number of bins = 32
     Radius = 4
     Sampling percentage  = 0.25
   Transform = Rigid
     Gradient step = 0.1
     Update field sigma (voxel space) = 0
     Total field sigma (voxel space) = 0
     Update field time sigma = 0
     Total field time sigma  = 0
     Number of time indices = 0
     Number of time point samples = 0
Registration using 1 total stages.

Stage 0
  iterations = 1000x500x250x100
  convergence threshold = 1e-06
  convergence window size = 10
  number of levels = 4
  using the Mattes MI metric (number of bins = 32, weight = 1, use gradient filter = 0)
  preprocessing:  winsorizing the image intensities
  Shrink factors (level 1 out of 4): [8, 8, 8]
  Shrink factors (level 2 out of 4): [4, 4, 4]
  Shrink factors (level 3 out of 4): [2, 2, 2]
  Shrink factors (level 4 out of 4): [1, 1, 1]
  smoothing sigmas per level: [3, 2, 1, 0]
  regular sampling (percentage = 0.25)

*** Running Euler3DTransform registration ***

DIAGNOSTIC,Iteration,metricValue,convergenceValue,ITERATION_TIME_INDEX,SINCE_LAST
 2DIAGNOSTIC,     1, -4.770821406565e-01, 1.797693134862e+308, 7.8613e-01, 7.8613e-01, 
 2DIAGNOSTIC,     2, -4.784216133942e-01, 1.797693134862e+308, 7.9018e-01, 4.0450e-03, 
 2DIAGNOSTIC,     3, -4.807043200681e-01, 1.797693134862e+308, 7.9386e-01, 3.6769e-03, 
 2DIAGNOSTIC,     4, -4.840264478065e-01, 1.797693134862e+308, 7.9772e-01, 3.8610e-03, 
 2DIAGNOSTIC,     5, -4.883050305770e-01, 1.797693134862e+308, 8.0160e-01, 3.8860e-03, 
 2DIAGNOSTIC,     6, -4.953560426371e-01, 1.797693134862e+308, 8.0596e-01, 4.3569e-03, 
 2DIAGNOSTIC,     7, -5.007350570384e-01, 1.797693134862e+308, 8.0987e-01, 3.9120e-03, 
 2DIAGNOSTIC,     8, -5.013278569503e-01, 1.797693134862e+308, 8.1437e-01, 4.4971e-03, 
 2DIAGNOSTIC,     9, -5.085255256006e-01, 1.797693134862e+308, 8.1921e-01, 4.8430e-03, 
 2DIAGNOSTIC,    10, -5.161992633656e-01, 5.125196520979e-03, 8.2519e-01, 5.9750e-03, 
 2DIAGNOSTIC,    11, -5.167072941437e-01, 4.879252931146e-03, 8.2978e-01, 4.5950e-03, 
 2DIAGNOSTIC,    12, -5.203629876260e-01, 4.481282734468e-03, 8.3453e-01, 4.7450e-03, 
 2DIAGNOSTIC,    13, -5.229718709777e-01, 3.958672533579e-03, 8.3870e-01, 4.1740e-03, 
 2DIAGNOSTIC,    14, -5.250338110829e-01, 3.368007801722e-03, 8.4380e-01, 5.0969e-03, 
 2DIAGNOSTIC,    15, -5.272078697647e-01, 2.786121483390e-03, 8.5013e-01, 6.3319e-03, 
 2DIAGNOSTIC,    16, -5.275715603977e-01, 2.284098302162e-03, 8.5435e-01, 4.2219e-03, 
 2DIAGNOSTIC,    17, -5.282507656510e-01, 1.839921123738e-03, 8.5845e-01, 4.0939e-03, 
 2DIAGNOSTIC,    18, -5.289722876065e-01, 1.313912041896e-03, 8.6328e-01, 4.8320e-03, 
 2DIAGNOSTIC,    19, -5.292207410111e-01, 9.370568707340e-04, 8.6776e-01, 4.4830e-03, 
 2DIAGNOSTIC,    20, -5.294476960672e-01, 7.341365573341e-04, 8.7247e-01, 4.7069e-03, 
 2DIAGNOSTIC,    21, -5.294955840903e-01, 4.966190831879e-04, 8.7667e-01, 4.2050e-03, 
 2DIAGNOSTIC,    22, -5.295366245031e-01, 3.281311959341e-04, 8.8154e-01, 4.8668e-03, 
 2DIAGNOSTIC,    23, -5.295376311909e-01, 2.063244245674e-04, 8.8617e-01, 4.6260e-03, 
 2DIAGNOSTIC,    24, -5.295911249027e-01, 1.234508389559e-04, 8.9103e-01, 4.8599e-03, 
 2DIAGNOSTIC,    25, -5.296271130647e-01, 8.499150549823e-05, 8.9590e-01, 4.8761e-03, 
 2DIAGNOSTIC,    26, -5.296539599385e-01, 4.983583932657e-05, 9.0008e-01, 4.1761e-03, 
 2DIAGNOSTIC,    27, -5.297704229811e-01, 2.877322816115e-05, 9.0420e-01, 4.1192e-03, 
 2DIAGNOSTIC,    28, -5.299884954871e-01, 2.504887533322e-05, 9.0971e-01, 5.5151e-03, 
 2DIAGNOSTIC,    29, -5.300854192463e-01, 2.569611953793e-05, 9.1425e-01, 4.5369e-03, 
 2DIAGNOSTIC,    30, -5.300410324622e-01, 2.732899345787e-05, 9.1829e-01, 4.0369e-03, 
 2DIAGNOSTIC,    31, -5.300376932143e-01, 2.724560549762e-05, 9.2232e-01, 4.0369e-03, 
 2DIAGNOSTIC,    32, -5.301686264233e-01, 2.763232919880e-05, 9.2636e-01, 4.0329e-03, 
 2DIAGNOSTIC,    33, -5.303926738418e-01, 2.905769096787e-05, 9.3139e-01, 5.0368e-03, 
 2DIAGNOSTIC,    34, -5.304519664598e-01, 2.945835347756e-05, 9.3643e-01, 5.0371e-03, 
 2DIAGNOSTIC,    35, -5.305073139181e-01, 2.868169327457e-05, 9.4047e-01, 4.0450e-03, 
 2DIAGNOSTIC,    36, -5.305686017146e-01, 2.670517372057e-05, 9.4452e-01, 4.0488e-03, 
 2DIAGNOSTIC,    37, -5.306602858940e-01, 2.533264911208e-05, 9.5002e-01, 5.5008e-03, 
 2DIAGNOSTIC,    38, -5.306881156229e-01, 2.512162424138e-05, 9.5410e-01, 4.0729e-03, 
 2DIAGNOSTIC,    39, -5.307317416633e-01, 2.461885298011e-05, 9.5817e-01, 4.0739e-03, 
 2DIAGNOSTIC,    40, -5.308225091353e-01, 2.257034275988e-05, 9.6365e-01, 5.4798e-03, 
 2DIAGNOSTIC,    41, -5.308460424124e-01, 1.877385526288e-05, 9.6819e-01, 4.5390e-03, 
 2DIAGNOSTIC,    42, -5.308561837321e-01, 1.520831957820e-05, 9.7215e-01, 3.9620e-03, 
 2DIAGNOSTIC,    43, -5.308777649273e-01, 1.355835177812e-05, 9.7618e-01, 4.0290e-03, 
 2DIAGNOSTIC,    44, -5.309114036110e-01, 1.190613944974e-05, 9.8013e-01, 3.9530e-03, 
 2DIAGNOSTIC,    45, -5.310262965518e-01, 1.129423567179e-05, 9.8647e-01, 6.3319e-03, 
 2DIAGNOSTIC,    46, -5.310374074445e-01, 1.049838942545e-05, 9.9041e-01, 3.9458e-03, 
 2DIAGNOSTIC,    47, -5.310434720121e-01, 9.962263454268e-06, 9.9435e-01, 3.9430e-03, 
 2DIAGNOSTIC,    48, -5.310518853633e-01, 8.989886109690e-06, 9.9829e-01, 3.9370e-03, 
 2DIAGNOSTIC,    49, -5.310584329536e-01, 7.783359503005e-06, 1.0033e+00, 4.9629e-03, 
 2DIAGNOSTIC,    50, -5.310645817646e-01, 6.973833584337e-06, 1.0086e+00, 5.3489e-03, 
 2DIAGNOSTIC,    51, -5.310656430617e-01, 5.851695600693e-06, 1.0124e+00, 3.8459e-03, 
 2DIAGNOSTIC,    52, -5.310738190001e-01, 4.481863509896e-06, 1.0169e+00, 4.4589e-03, 
 2DIAGNOSTIC,    53, -5.310768127969e-01, 3.049471521546e-06, 1.0209e+00, 3.9978e-03, 
 2DIAGNOSTIC,    54, -5.310775506016e-01, 1.750844720278e-06, 1.0249e+00, 3.9749e-03, 
 2DIAGNOSTIC,    55, -5.310817434211e-01, 1.565716413139e-06, 1.0288e+00, 3.9630e-03, 
 2DIAGNOSTIC,    56, -5.310870994121e-01, 1.452195857541e-06, 1.0333e+00, 4.4329e-03, 
 2DIAGNOSTIC,    57, -5.310885232961e-01, 1.327089154918e-06, 1.0378e+00, 4.4992e-03, 
 2DIAGNOSTIC,    58, -5.310914487850e-01, 1.238639651045e-06, 1.0422e+00, 4.4580e-03, 
 2DIAGNOSTIC,    59, -5.311015678587e-01, 1.240623596563e-06, 1.0472e+00, 4.9260e-03, 
 2DIAGNOSTIC,    60, -5.311021904297e-01, 1.235244578908e-06, 1.0520e+00, 4.8189e-03, 
 2DIAGNOSTIC,    61, -5.311059901820e-01, 1.204917779090e-06, 1.0646e+00, 1.2576e-02, 
 2DIAGNOSTIC,    62, -5.311059901659e-01, 1.182103197370e-06, 1.0769e+00, 1.2376e-02, 
 2DIAGNOSTIC,    63, -5.311059901659e-01, 1.122797857793e-06, 1.0825e+00, 5.5690e-03, 
 2DIAGNOSTIC,    64, -5.311059901659e-01, 1.011506956496e-06, 1.0870e+00, 4.5149e-03, 
DIAGNOSTIC,Iteration,metricValue,convergenceValue,ITERATION_TIME_INDEX,SINCE_LAST
 2DIAGNOSTIC,     1, -4.295258231625e-01, 1.797693134862e+308, 1.7950e+00, 7.0802e-01, 
 2DIAGNOSTIC,     2, -4.302859640432e-01, 1.797693134862e+308, 1.8236e+00, 2.8577e-02, 
 2DIAGNOSTIC,     3, -4.309651196675e-01, 1.797693134862e+308, 1.8525e+00, 2.8876e-02, 
 2DIAGNOSTIC,     4, -4.317164347764e-01, 1.797693134862e+308, 1.8817e+00, 2.9168e-02, 
 2DIAGNOSTIC,     5, -4.325561938345e-01, 1.797693134862e+308, 1.9110e+00, 2.9313e-02, 
 2DIAGNOSTIC,     6, -4.341819580778e-01, 1.797693134862e+308, 1.9404e+00, 2.9381e-02, 
 2DIAGNOSTIC,     7, -4.354327949460e-01, 1.797693134862e+308, 1.9702e+00, 2.9861e-02, 
 2DIAGNOSTIC,     8, -4.367134834400e-01, 1.797693134862e+308, 2.0044e+00, 3.4234e-02, 
 2DIAGNOSTIC,     9, -4.377076816052e-01, 1.797693134862e+308, 2.0459e+00, 4.1435e-02, 
 2DIAGNOSTIC,    10, -4.379510214292e-01, 1.375954781896e-03, 2.0761e+00, 3.0217e-02, 
 2DIAGNOSTIC,    11, -4.381306699705e-01, 1.211218579671e-03, 2.1065e+00, 3.0395e-02, 
 2DIAGNOSTIC,    12, -4.403708091231e-01, 1.128184042326e-03, 2.1410e+00, 3.4499e-02, 
 2DIAGNOSTIC,    13, -4.435986505912e-01, 1.148562288822e-03, 2.1788e+00, 3.7807e-02, 
 2DIAGNOSTIC,    14, -4.436199448313e-01, 1.094787363714e-03, 2.2086e+00, 2.9826e-02, 
 2DIAGNOSTIC,    15, -4.445052017456e-01, 1.025845794528e-03, 2.2428e+00, 3.4141e-02, 
 2DIAGNOSTIC,    16, -4.479362667356e-01, 1.077370593666e-03, 2.2868e+00, 4.4058e-02, 
 2DIAGNOSTIC,    17, -4.481475950965e-01, 1.073587591998e-03, 2.3169e+00, 3.0032e-02, 
 2DIAGNOSTIC,    18, -4.482020490504e-01, 1.018146304521e-03, 2.3516e+00, 3.4725e-02, 
 2DIAGNOSTIC,    19, -4.481966708782e-01, 9.107728241387e-04, 2.4054e+00, 5.3809e-02, 
 2DIAGNOSTIC,    20, -4.481953336110e-01, 7.394369057922e-04, 2.4338e+00, 2.8380e-02, 
 2DIAGNOSTIC,    21, -4.481954334364e-01, 5.189437698224e-04, 2.4696e+00, 3.5859e-02, 
 2DIAGNOSTIC,    22, -4.482018534040e-01, 3.337448807960e-04, 2.5012e+00, 3.1585e-02, 
 2DIAGNOSTIC,    23, -4.481921491902e-01, 2.259319888132e-04, 2.5294e+00, 2.8185e-02, 
 2DIAGNOSTIC,    24, -4.482074312944e-01, 1.077320613139e-04, 2.5578e+00, 2.8416e-02, 
 2DIAGNOSTIC,    25, -4.482144439007e-01, 9.691655735646e-06, 2.5886e+00, 3.0824e-02, 
 2DIAGNOSTIC,    26, -4.482116709938e-01, 3.273678785935e-06, 2.6199e+00, 3.1265e-02, 
 2DIAGNOSTIC,    27, -4.482088353421e-01, 2.084625120635e-06, 2.6517e+00, 3.1796e-02, 
 2DIAGNOSTIC,    28, -4.482139219798e-01, 2.274302609830e-06, 2.6801e+00, 2.8433e-02, 
 2DIAGNOSTIC,    29, -4.482420866149e-01, 2.842584357426e-06, 2.7122e+00, 3.2046e-02, 
 2DIAGNOSTIC,    30, -4.482455732436e-01, 3.232684940534e-06, 2.7461e+00, 3.3948e-02, 
 2DIAGNOSTIC,    31, -4.482405886186e-01, 3.298136723999e-06, 2.7757e+00, 2.9596e-02, 
 2DIAGNOSTIC,    32, -4.482290914600e-01, 3.068920180947e-06, 2.8054e+00, 2.9680e-02, 
 2DIAGNOSTIC,    33, -4.482261087155e-01, 2.406543000939e-06, 2.8390e+00, 3.3626e-02, 
 2DIAGNOSTIC,    34, -4.482147420987e-01, 1.704267056424e-06, 2.8725e+00, 3.3434e-02, 
 2DIAGNOSTIC,    35, -4.482170221359e-01, 1.142410840253e-06, 2.9023e+00, 2.9824e-02, 
DIAGNOSTIC,Iteration,metricValue,convergenceValue,ITERATION_TIME_INDEX,SINCE_LAST
 2DIAGNOSTIC,     1, -3.932184618386e-01, 1.797693134862e+308, 3.8646e+00, 9.6229e-01, 
 2DIAGNOSTIC,     2, -3.933350080329e-01, 1.797693134862e+308, 4.0567e+00, 1.9217e-01, 
 2DIAGNOSTIC,     3, -3.934316047221e-01, 1.797693134862e+308, 4.2342e+00, 1.7742e-01, 
 2DIAGNOSTIC,     4, -3.934445201166e-01, 1.797693134862e+308, 4.4929e+00, 2.5870e-01, 
 2DIAGNOSTIC,     5, -3.934561040865e-01, 1.797693134862e+308, 4.7245e+00, 2.3159e-01, 
 2DIAGNOSTIC,     6, -3.934557399913e-01, 1.797693134862e+308, 4.9949e+00, 2.7042e-01, 
 2DIAGNOSTIC,     7, -3.934568947358e-01, 1.797693134862e+308, 5.3791e+00, 3.8421e-01, 
 2DIAGNOSTIC,     8, -3.934560026173e-01, 1.797693134862e+308, 5.6192e+00, 2.4014e-01, 
 2DIAGNOSTIC,     9, -3.934553706882e-01, 1.797693134862e+308, 5.8982e+00, 2.7894e-01, 
 2DIAGNOSTIC,    10, -3.934548435265e-01, 2.950388367950e-05, 6.1202e+00, 2.2202e-01, 
 2DIAGNOSTIC,    11, -3.934535150302e-01, 1.251787788004e-05, 6.3340e+00, 2.1381e-01, 
 2DIAGNOSTIC,    12, -3.934529103222e-01, 4.334107441634e-06, 6.5440e+00, 2.1000e-01, 
 2DIAGNOSTIC,    13, -3.934523311786e-01, 2.580302292637e-06, 6.7429e+00, 1.9893e-01, 
 2DIAGNOSTIC,    14, -3.934518640342e-01, 1.691075482230e-06, 6.9867e+00, 2.4378e-01, 
 2DIAGNOSTIC,    15, -3.934519733874e-01, 1.537715196440e-06, 7.1953e+00, 2.0858e-01, 
 2DIAGNOSTIC,    16, -3.934513608991e-01, 1.410839998370e-06, 7.4117e+00, 2.1640e-01, 
 2DIAGNOSTIC,    17, -3.934508379705e-01, 1.380509560306e-06, 7.6500e+00, 2.3834e-01, 
 2DIAGNOSTIC,    18, -3.934502559192e-01, 1.340256905451e-06, 7.8593e+00, 2.0926e-01, 
 2DIAGNOSTIC,    19, -3.934497851187e-01, 1.301860447819e-06, 8.0724e+00, 2.1316e-01, 
 2DIAGNOSTIC,    20, -3.934499621063e-01, 1.290039365734e-06, 8.2588e+00, 1.8633e-01, 
 2DIAGNOSTIC,    21, -3.934502604360e-01, 1.271710278521e-06, 8.4854e+00, 2.2666e-01, 
 2DIAGNOSTIC,    22, -3.934498715029e-01, 1.245514192699e-06, 8.7037e+00, 2.1824e-01, 
 2DIAGNOSTIC,    23, -3.934501306665e-01, 1.231426896758e-06, 8.9170e+00, 2.1331e-01, 
 2DIAGNOSTIC,    24, -3.934495535134e-01, 1.200792351982e-06, 9.1538e+00, 2.3680e-01, 
 2DIAGNOSTIC,    25, -3.934490927047e-01, 1.174527748525e-06, 9.3807e+00, 2.2695e-01, 
 2DIAGNOSTIC,    26, -3.934495815725e-01, 1.156238080398e-06, 9.6198e+00, 2.3904e-01, 
 2DIAGNOSTIC,    27, -3.934510332322e-01, 1.170201592689e-06, 9.8996e+00, 2.7978e-01, 
 2DIAGNOSTIC,    28, -3.934498669692e-01, 1.138213958536e-06, 1.0134e+01, 2.3450e-01, 
 2DIAGNOSTIC,    29, -3.934494067355e-01, 1.086573195114e-06, 1.0341e+01, 2.0687e-01, 
 2DIAGNOSTIC,    30, -3.934490070438e-01, 1.034518180815e-06, 1.0580e+01, 2.3957e-01, 
 2DIAGNOSTIC,    31, -3.934493551657e-01, 1.002859579373e-06, 1.0780e+01, 1.9973e-01, 
 2DIAGNOSTIC,    32, -3.934514388430e-01, 1.012149896618e-06, 1.0999e+01, 2.1905e-01, 
 2DIAGNOSTIC,    33, -3.934519791113e-01, 1.036071931415e-06, 1.1200e+01, 2.0076e-01, 
 2DIAGNOSTIC,    34, -3.934514161489e-01, 1.029042928941e-06, 1.1413e+01, 2.1257e-01, 
 2DIAGNOSTIC,    35, -3.934525147873e-01, 1.027695431265e-06, 1.1629e+01, 2.1605e-01, 
 2DIAGNOSTIC,    36, -3.934539683465e-01, 1.051995586338e-06, 1.1870e+01, 2.4129e-01, 
 2DIAGNOSTIC,    37, -3.934536116908e-01, 1.079271427850e-06, 1.2087e+01, 2.1663e-01, 
 2DIAGNOSTIC,    38, -3.934525130298e-01, 1.042002341790e-06, 1.2298e+01, 2.1172e-01, 
DIAGNOSTIC,Iteration,metricValue,convergenceValue,ITERATION_TIME_INDEX,SINCE_LAST
 2DIAGNOSTIC,     1, -3.660000231717e-01, 1.797693134862e+308, 1.4708e+01, 2.4098e+00, 
 2DIAGNOSTIC,     2, -3.661006044643e-01, 1.797693134862e+308, 1.6342e+01, 1.6338e+00, 
 2DIAGNOSTIC,     3, -3.661940053343e-01, 1.797693134862e+308, 1.7849e+01, 1.5073e+00, 
 2DIAGNOSTIC,     4, -3.662025643828e-01, 1.797693134862e+308, 2.0398e+01, 2.5487e+00, 
 2DIAGNOSTIC,     5, -3.662022977249e-01, 1.797693134862e+308, 2.2343e+01, 1.9454e+00, 
 2DIAGNOSTIC,     6, -3.662022733113e-01, 1.797693134862e+308, 2.3843e+01, 1.4995e+00, 
 2DIAGNOSTIC,     7, -3.662021510272e-01, 1.797693134862e+308, 2.5358e+01, 1.5154e+00, 
 2DIAGNOSTIC,     8, -3.662021104631e-01, 1.797693134862e+308, 2.6945e+01, 1.5873e+00, 
 2DIAGNOSTIC,     9, -3.662019867473e-01, 1.797693134862e+308, 2.8400e+01, 1.4545e+00, 
 2DIAGNOSTIC,    10, -3.662019340531e-01, 2.615307338022e-05, 2.9745e+01, 1.3451e+00, 
 2DIAGNOSTIC,    11, -3.662019021256e-01, 1.049209142788e-05, 3.1234e+01, 1.4893e+00, 
 2DIAGNOSTIC,    12, -3.662017877704e-01, 3.091361761409e-06, 3.2887e+01, 1.6530e+00, 
 2DIAGNOSTIC,    13, -3.662019075549e-01, 2.358435281444e-06, 3.4393e+01, 1.5062e+00, 
 2DIAGNOSTIC,    14, -3.662018586973e-01, 2.210206229966e-06, 3.5916e+01, 1.5226e+00, 
 2DIAGNOSTIC,    15, -3.662018919999e-01, 2.075386435846e-06, 3.7363e+01, 1.4473e+00, 
 2DIAGNOSTIC,    16, -3.662018421241e-01, 1.958104264205e-06, 3.8755e+01, 1.3913e+00, 
 2DIAGNOSTIC,    17, -3.662017315523e-01, 1.846828495827e-06, 4.0123e+01, 1.3678e+00, 
 2DIAGNOSTIC,    18, -3.662016584408e-01, 1.745449650981e-06, 4.1705e+01, 1.5824e+00, 
 2DIAGNOSTIC,    19, -3.662015876190e-01, 1.648798698947e-06, 4.3285e+01, 1.5801e+00, 
 2DIAGNOSTIC,    20, -3.662013732792e-01, 1.553843700007e-06, 4.4778e+01, 1.4930e+00, 
 2DIAGNOSTIC,    21, -3.662013254800e-01, 1.468744416581e-06, 4.6602e+01, 1.8237e+00, 
 2DIAGNOSTIC,    22, -3.662011170226e-01, 1.384171167997e-06, 4.8162e+01, 1.5605e+00, 
 2DIAGNOSTIC,    23, -3.662008967130e-01, 1.309503413996e-06, 4.9582e+01, 1.4198e+00, 
 2DIAGNOSTIC,    24, -3.662008589147e-01, 1.245216041446e-06, 5.1043e+01, 1.4611e+00, 
 2DIAGNOSTIC,    25, -3.662009022390e-01, 1.195923305011e-06, 5.2536e+01, 1.4927e+00, 
 2DIAGNOSTIC,    26, -3.662008588494e-01, 1.154782465776e-06, 5.3903e+01, 1.3670e+00, 
 2DIAGNOSTIC,    27, -3.662010886816e-01, 1.126687612311e-06, 5.5516e+01, 1.6130e+00, 
 2DIAGNOSTIC,    28, -3.662011544865e-01, 1.105168448909e-06, 5.7026e+01, 1.5100e+00, 
 2DIAGNOSTIC,    29, -3.662007271105e-01, 1.074819793931e-06, 5.8737e+01, 1.7110e+00, 
 2DIAGNOSTIC,    30, -3.662006710159e-01, 1.041888243673e-06, 6.0330e+01, 1.5930e+00, 
 2DIAGNOSTIC,    31, -3.662006079317e-01, 1.010052163644e-06, 6.1838e+01, 1.5083e+00, 
  Elapsed time (stage 0): 6.2697e+01


Total elapsed time: 6.2700e+01
Info [verificarlo]: loaded backend libinterflop_ieee.so
Info [interflop-ieee]: load backend with:
Info [interflop-ieee]: debug = false
Info [interflop-ieee]: debug-binary = false
Info [interflop-ieee]: no-backend-name = false
Info [interflop-ieee]: print-new-line = false
Info [interflop-ieee]: print-subnormal-normalized = false
Info [interflop-ieee]: count-op = false
All_Command_lines_OK
Using double precision for computations.
=============================================================================
The composite transform comprises the following transforms (in order): 
  1. /home/mdugre/scratch/mri-registration-rp/datasets/ds004513/derivatives/mri-registration-rp/0001/antsRegistration-r8-p8/sub-s014/rigid_Composite.h5[0] (type = Euler3DTransform)
  2. /home/mdugre/scratch/mri-registration-rp/datasets/ds004513/derivatives/mri-registration-rp/0001/antsRegistration-r8-p8/sub-s014/rigid_Composite.h5[1] (type = Euler3DTransform)
  3. /home/mdugre/scratch/mri-registration-rp/datasets/ds004513/derivatives/mri-registration-rp/0001/antsRegistration-r8-p8/sub-s014/rigid_Composite.h5[2] (type = Euler3DTransform)
=============================================================================
  number of levels = 4
  fixed image: /templateflow/tpl-MNI152NLin2009cAsym/tpl-MNI152NLin2009cAsym_res-01_desc-brain_T1w.nii.gz
  moving image: /home/mdugre/scratch/mri-registration-rp/datasets/ds004513/derivatives/mri-registration-rp/antsBrainExtraction/sub-s014/BrainExtractionBrain.nii.gz
Dimension = 3
Number of stages = 1
Use histogram matching = false
Winsorize image intensities = true
  Lower quantile = 0.005
  Upper quantile = 0.995


Stage 1 State
   Image metric = MattesMI
     Fixed image = Image (0x4ac7530)
  RTTI typeinfo:   itk::Image<double, 3u>
  Reference Count: 2
  Modified Time: 1594
  Debug: Off
  Object Name: 
  Observers: 
    none
  Source: (none)
  Source output name: (none)
  Release Data: Off
  Data Released: False
  Global Release Data: Off
  PipelineMTime: 0
  UpdateMTime: 1203
  RealTimeStamp: 0 seconds 
  LargestPossibleRegion: 
    Dimension: 3
    Index: [0, 0, 0]
    Size: [193, 229, 193]
  BufferedRegion: 
    Dimension: 3
    Index: [0, 0, 0]
    Size: [193, 229, 193]
  RequestedRegion: 
    Dimension: 3
    Index: [0, 0, 0]
    Size: [193, 229, 193]
  Spacing: [1, 1, 1]
  Origin: [96, 132, -78]
  Direction: 
-1 0 0
0 -1 0
0 0 1

  IndexToPointMatrix: 
-1 0 0
0 -1 0
0 0 1

  PointToIndexMatrix: 
-1 0 0
0 -1 0
0 0 1

  Inverse Direction: 
-1 0 0
0 -1 0
0 0 1

  PixelContainer: 
    ImportImageContainer (0x4b802a0)
      RTTI typeinfo:   itk::ImportImageContainer<unsigned long, double>
      Reference Count: 1
      Modified Time: 1200
      Debug: Off
      Object Name: 
      Observers: 
        none
      Pointer: 0x147fd8638010
      Container manages memory: true
      Size: 8530021
      Capacity: 8530021

     Moving image = Image (0x4b82e60)
  RTTI typeinfo:   itk::Image<double, 3u>
  Reference Count: 2
  Modified Time: 1595
  Debug: Off
  Object Name: 
  Observers: 
    none
  Source: (none)
  Source output name: (none)
  Release Data: Off
  Data Released: False
  Global Release Data: Off
  PipelineMTime: 0
  UpdateMTime: 1592
  RealTimeStamp: 0 seconds 
  LargestPossibleRegion: 
    Dimension: 3
    Index: [0, 0, 0]
    Size: [160, 240, 256]
  BufferedRegion: 
    Dimension: 3
    Index: [0, 0, 0]
    Size: [160, 240, 256]
  RequestedRegion: 
    Dimension: 3
    Index: [0, 0, 0]
    Size: [160, 240, 256]
  Spacing: [0.999999, 1, 1]
  Origin: [84.1637, 106.709, -120.531]
  Direction: 
-0.999619 -0.0226874 -0.0157033
0.0226846 -0.999743 0.00035635
-0.0157073 -7.8229e-09 0.999877

  IndexToPointMatrix: 
-0.999619 -0.0226874 -0.0157033
0.0226845 -0.999743 0.00035635
-0.0157073 -7.8229e-09 0.999877

  PointToIndexMatrix: 
-0.99962 0.0226846 -0.0157073
-0.0226874 -0.999743 -7.83127e-09
-0.0157033 0.00035635 0.999877

  Inverse Direction: 
-0.999619 0.0226846 -0.0157073
-0.0226874 -0.999743 -7.83127e-09
-0.0157033 0.00035635 0.999877

  PixelContainer: 
    ImportImageContainer (0x4bb6390)
      RTTI typeinfo:   itk::ImportImageContainer<unsigned long, double>
      Reference Count: 1
      Modified Time: 1589
      Debug: Off
      Object Name: 
      Observers: 
        none
      Pointer: 0x147fd3b37010
      Container manages memory: true
      Size: 9830400
      Capacity: 9830400

     Weighting = 1
     Sampling strategy = regular
     Number of bins = 32
     Radius = 4
     Sampling percentage  = 0.25
   Transform = Affine
     Gradient step = 0.1
     Update field sigma (voxel space) = 0
     Total field sigma (voxel space) = 0
     Update field time sigma = 0
     Total field time sigma  = 0
     Number of time indices = 0
     Number of time point samples = 0
Registration using 1 total stages.

Stage 0
  iterations = 1000x500x250x100
  convergence threshold = 1e-06
  convergence window size = 10
  number of levels = 4
  using the Mattes MI metric (number of bins = 32, weight = 1, use gradient filter = 0)
  preprocessing:  winsorizing the image intensities
  Shrink factors (level 1 out of 4): [8, 8, 8]
  Shrink factors (level 2 out of 4): [4, 4, 4]
  Shrink factors (level 3 out of 4): [2, 2, 2]
  Shrink factors (level 4 out of 4): [1, 1, 1]
  smoothing sigmas per level: [3, 2, 1, 0]
  regular sampling (percentage = 0.25)

*** Running AffineTransform registration ***

DIAGNOSTIC,Iteration,metricValue,convergenceValue,ITERATION_TIME_INDEX,SINCE_LAST
 2DIAGNOSTIC,     1, -5.239750081176e-01, 1.797693134862e+308, 8.2441e-01, 8.2441e-01, 
 2DIAGNOSTIC,     2, -5.258640011840e-01, 1.797693134862e+308, 8.2963e-01, 5.2128e-03, 
 2DIAGNOSTIC,     3, -5.291088179034e-01, 1.797693134862e+308, 8.3468e-01, 5.0571e-03, 
 2DIAGNOSTIC,     4, -5.347710739624e-01, 1.797693134862e+308, 8.3920e-01, 4.5192e-03, 
 2DIAGNOSTIC,     5, -5.449383435721e-01, 1.797693134862e+308, 8.4387e-01, 4.6701e-03, 
 2DIAGNOSTIC,     6, -6.215306030747e-01, 1.797693134862e+308, 8.4866e-01, 4.7882e-03, 
 2DIAGNOSTIC,     7, -6.633610804074e-01, 1.797693134862e+308, 8.5404e-01, 5.3761e-03, 
 2DIAGNOSTIC,     8, -7.298997330012e-01, 1.797693134862e+308, 8.6072e-01, 6.6838e-03, 
 2DIAGNOSTIC,     9, -7.422520696760e-01, 1.797693134862e+308, 8.6568e-01, 4.9582e-03, 
 2DIAGNOSTIC,    10, -7.541337957860e-01, 2.915590040089e-02, 8.7095e-01, 5.2731e-03, 
 2DIAGNOSTIC,    11, -7.649021662732e-01, 2.764846943574e-02, 8.7670e-01, 5.7428e-03, 
 2DIAGNOSTIC,    12, -7.741613325705e-01, 2.434790664150e-02, 8.8455e-01, 7.8511e-03, 
 2DIAGNOSTIC,    13, -7.770750268770e-01, 1.968341411436e-02, 8.9041e-01, 5.8610e-03, 
 2DIAGNOSTIC,    14, -7.814241296068e-01, 1.436951476364e-02, 8.9568e-01, 5.2710e-03, 
 2DIAGNOSTIC,    15, -7.874240634222e-01, 9.014359211932e-03, 9.0221e-01, 6.5281e-03, 
 2DIAGNOSTIC,    16, -7.920939995852e-01, 5.733376350241e-03, 9.0742e-01, 5.2118e-03, 
 2DIAGNOSTIC,    17, -7.957348644035e-01, 3.442742159649e-03, 9.1341e-01, 5.9910e-03, 
 2DIAGNOSTIC,    18, -8.010582280088e-01, 2.769038019726e-03, 9.1985e-01, 6.4430e-03, 
 2DIAGNOSTIC,    19, -8.020626398180e-01, 2.204714564470e-03, 9.2648e-01, 6.6252e-03, 
 2DIAGNOSTIC,    20, -8.025889425335e-01, 1.748789634202e-03, 9.3248e-01, 6.0010e-03, 
 2DIAGNOSTIC,    21, -8.047953146919e-01, 1.424939093701e-03, 9.3894e-01, 6.4609e-03, 
 2DIAGNOSTIC,    22, -8.088023979760e-01, 1.241480685502e-03, 9.4659e-01, 7.6540e-03, 
 2DIAGNOSTIC,    23, -8.108237160204e-01, 1.042934942197e-03, 9.5236e-01, 5.7700e-03, 
 2DIAGNOSTIC,    24, -8.126167678492e-01, 8.657112717756e-04, 9.5815e-01, 5.7871e-03, 
 2DIAGNOSTIC,    25, -8.155468499128e-01, 7.639984094926e-04, 9.6465e-01, 6.5041e-03, 
 2DIAGNOSTIC,    26, -8.215051934477e-01, 7.575092602154e-04, 9.7040e-01, 5.7471e-03, 
 2DIAGNOSTIC,    27, -8.250947473727e-01, 7.799866569486e-04, 9.7687e-01, 6.4719e-03, 
 2DIAGNOSTIC,    28, -8.289028197439e-01, 8.531883498252e-04, 9.8410e-01, 7.2279e-03, 
 2DIAGNOSTIC,    29, -8.295813568413e-01, 8.637242891364e-04, 9.9002e-01, 5.9221e-03, 
 2DIAGNOSTIC,    30, -8.372800976208e-01, 8.973835648260e-04, 9.9630e-01, 6.2790e-03, 
 2DIAGNOSTIC,    31, -8.403333621959e-01, 9.046238839455e-04, 1.0043e+00, 8.0402e-03, 
 2DIAGNOSTIC,    32, -8.402151714666e-01, 8.714654893675e-04, 1.0102e+00, 5.8379e-03, 
 2DIAGNOSTIC,    33, -8.408447504660e-01, 7.906255402565e-04, 1.0170e+00, 6.8479e-03, 
 2DIAGNOSTIC,    34, -8.413221347513e-01, 6.658328274574e-04, 1.0220e+00, 5.0189e-03, 
 2DIAGNOSTIC,    35, -8.414344970963e-01, 5.163786136855e-04, 1.0277e+00, 5.6269e-03, 
 2DIAGNOSTIC,    36, -8.416709873084e-01, 3.906210497312e-04, 1.0333e+00, 5.6190e-03, 
 2DIAGNOSTIC,    37, -8.415833853860e-01, 2.709501297914e-04, 1.0383e+00, 4.9751e-03, 
 2DIAGNOSTIC,    38, -8.417527512540e-01, 1.727666420166e-04, 1.0431e+00, 4.8561e-03, 
 2DIAGNOSTIC,    39, -8.419028777585e-01, 6.979687635792e-05, 1.0481e+00, 4.9510e-03, 
 2DIAGNOSTIC,    40, -8.420472105197e-01, 3.783397014013e-05, 1.0530e+00, 4.9109e-03, 
 2DIAGNOSTIC,    41, -8.423316188674e-01, 3.431324372054e-05, 1.0587e+00, 5.6682e-03, 
 2DIAGNOSTIC,    42, -8.424960586162e-01, 2.806709301773e-05, 1.0636e+00, 4.9889e-03, 
 2DIAGNOSTIC,    43, -8.423005738985e-01, 2.316961662672e-05, 1.0697e+00, 6.0320e-03, 
 2DIAGNOSTIC,    44, -8.422968000610e-01, 2.039327899265e-05, 1.0842e+00, 1.4572e-02, 
 2DIAGNOSTIC,    45, -8.422967862583e-01, 1.672438886504e-05, 1.0897e+00, 5.4500e-03, 
 2DIAGNOSTIC,    46, -8.422967895485e-01, 1.356944421742e-05, 1.0946e+00, 4.9469e-03, 
 2DIAGNOSTIC,    47, -8.422967951142e-01, 8.623775281050e-06, 1.0997e+00, 5.0299e-03, 
 2DIAGNOSTIC,    48, -8.422968045241e-01, 4.469959727759e-06, 1.1049e+00, 5.2309e-03, 
 2DIAGNOSTIC,    49, -8.422968204311e-01, 1.276661348620e-06, 1.1098e+00, 4.8819e-03, 
DIAGNOSTIC,Iteration,metricValue,convergenceValue,ITERATION_TIME_INDEX,SINCE_LAST
 2DIAGNOSTIC,     1, -6.880685066640e-01, 1.797693134862e+308, 1.7745e+00, 6.6466e-01, 
 2DIAGNOSTIC,     2, -6.886938788330e-01, 1.797693134862e+308, 1.8108e+00, 3.6374e-02, 
 2DIAGNOSTIC,     3, -6.892110834963e-01, 1.797693134862e+308, 1.8439e+00, 3.3105e-02, 
 2DIAGNOSTIC,     4, -6.897130647423e-01, 1.797693134862e+308, 1.8760e+00, 3.2040e-02, 
 2DIAGNOSTIC,     5, -6.905624130541e-01, 1.797693134862e+308, 1.9130e+00, 3.6996e-02, 
 2DIAGNOSTIC,     6, -6.916097909920e-01, 1.797693134862e+308, 1.9540e+00, 4.1030e-02, 
 2DIAGNOSTIC,     7, -6.932337197383e-01, 1.797693134862e+308, 2.0174e+00, 6.3410e-02, 
 2DIAGNOSTIC,     8, -6.932384011381e-01, 1.797693134862e+308, 2.0546e+00, 3.7172e-02, 
 2DIAGNOSTIC,     9, -6.932733323394e-01, 1.797693134862e+308, 2.0918e+00, 3.7192e-02, 
 2DIAGNOSTIC,    10, -6.933208767920e-01, 5.747020784578e-04, 2.1323e+00, 4.0578e-02, 
 2DIAGNOSTIC,    11, -6.933553718173e-01, 4.614558833727e-04, 2.1700e+00, 3.7674e-02, 
 2DIAGNOSTIC,    12, -6.933715198136e-01, 3.471080060678e-04, 2.2059e+00, 3.5870e-02, 
 2DIAGNOSTIC,    13, -6.934062744057e-01, 2.369812997274e-04, 2.2409e+00, 3.4992e-02, 
 2DIAGNOSTIC,    14, -6.934310713693e-01, 1.371888866839e-04, 2.2776e+00, 3.6687e-02, 
 2DIAGNOSTIC,    15, -6.936019985069e-01, 6.604357580760e-05, 2.3274e+00, 4.9836e-02, 
 2DIAGNOSTIC,    16, -6.936233439969e-01, 2.408200292861e-05, 2.3766e+00, 4.9240e-02, 
 2DIAGNOSTIC,    17, -6.936071774243e-01, 2.393045661318e-05, 2.4132e+00, 3.6554e-02, 
 2DIAGNOSTIC,    18, -6.936085508708e-01, 2.196280260167e-05, 2.4498e+00, 3.6629e-02, 
 2DIAGNOSTIC,    19, -6.936106482338e-01, 1.909379528107e-05, 2.4865e+00, 3.6664e-02, 
 2DIAGNOSTIC,    20, -6.936139102221e-01, 1.586314734504e-05, 2.5274e+00, 4.0917e-02, 
 2DIAGNOSTIC,    21, -6.936173639779e-01, 1.234105446810e-05, 2.5684e+00, 4.0944e-02, 
 2DIAGNOSTIC,    22, -6.936095364340e-01, 8.326461197590e-06, 2.6049e+00, 3.6573e-02, 
 2DIAGNOSTIC,    23, -6.936034280493e-01, 4.565754885999e-06, 2.6497e+00, 4.4752e-02, 
 2DIAGNOSTIC,    24, -6.936180841808e-01, 1.412944534394e-06, 2.6916e+00, 4.1946e-02, 
 2DIAGNOSTIC,    25, -6.936076725570e-01, 1.115256579608e-06, 2.7285e+00, 3.6923e-02, 
 2DIAGNOSTIC,    26, -6.936105089269e-01, 1.250495767290e-06, 2.7707e+00, 4.2178e-02, 
 2DIAGNOSTIC,    27, -6.936134407165e-01, 1.175433634343e-06, 2.8082e+00, 3.7473e-02, 
 2DIAGNOSTIC,    28, -6.936296034413e-01, 1.361547935716e-06, 2.8495e+00, 4.1288e-02, 
 2DIAGNOSTIC,    29, -6.936314583240e-01, 1.559032818413e-06, 2.8899e+00, 4.0401e-02, 
 2DIAGNOSTIC,    30, -6.936203019123e-01, 1.591905969281e-06, 2.9309e+00, 4.0981e-02, 
 2DIAGNOSTIC,    31, -6.935970691386e-01, 1.323630151859e-06, 2.9702e+00, 3.9377e-02, 
DIAGNOSTIC,Iteration,metricValue,convergenceValue,ITERATION_TIME_INDEX,SINCE_LAST
 2DIAGNOSTIC,     1, -5.884350221413e-01, 1.797693134862e+308, 4.1088e+00, 1.1385e+00, 
 2DIAGNOSTIC,     2, -5.890941489951e-01, 1.797693134862e+308, 4.3848e+00, 2.7603e-01, 
 2DIAGNOSTIC,     3, -5.898341155746e-01, 1.797693134862e+308, 4.6482e+00, 2.6333e-01, 
 2DIAGNOSTIC,     4, -5.906621358717e-01, 1.797693134862e+308, 4.9164e+00, 2.6824e-01, 
 2DIAGNOSTIC,     5, -5.917959317689e-01, 1.797693134862e+308, 5.2252e+00, 3.0880e-01, 
 2DIAGNOSTIC,     6, -5.938106856728e-01, 1.797693134862e+308, 5.5916e+00, 3.6644e-01, 
 2DIAGNOSTIC,     7, -5.938287186924e-01, 1.797693134862e+308, 5.9915e+00, 3.9985e-01, 
 2DIAGNOSTIC,     8, -5.938284636873e-01, 1.797693134862e+308, 6.3131e+00, 3.2159e-01, 
 2DIAGNOSTIC,     9, -5.938253185476e-01, 1.797693134862e+308, 6.6502e+00, 3.3711e-01, 
 2DIAGNOSTIC,    10, -5.938251998960e-01, 6.821005768722e-04, 7.0630e+00, 4.1287e-01, 
 2DIAGNOSTIC,    11, -5.938239780223e-01, 4.999078863428e-04, 7.3485e+00, 2.8544e-01, 
 2DIAGNOSTIC,    12, -5.938245399699e-01, 3.299673499575e-04, 7.6136e+00, 2.6511e-01, 
