
##########################
# Experiment information #
##########################

EXPERIMENT_NAME: antsRegistration-r7-p23
VFC_BACKENDS: libinterflop_vprec.so --range-binary32=7 --precision-binary32=23 --range-binary64=7 --precision-binary64=23

SIF_IMG: /home/mdugre/projects/rrg-glatard/mdugre/containers/ants-vprec-no_metrics.simg

SUBJECT_ID: s037
INPUT_IMG: /home/mdugre/scratch/mri-registration-rp/datasets/ds004513/derivatives/mri-registration-rp/antsBrainExtraction/sub-s037/BrainExtractionBrain.nii.gz
OUTPUT_DIR: /home/mdugre/scratch/mri-registration-rp/datasets/ds004513/derivatives/mri-registration-rp/0001/antsRegistration-r7-p23/sub-s037

FIXED_IMG: /templateflow/tpl-MNI152NLin2009cAsym/tpl-MNI152NLin2009cAsym_res-01_desc-brain_T1w.nii.gz
DATA_DIR: /home/mdugre/scratch/mri-registration-rp/datasets/ds004513
TEMPLATEFLOW_DIR: /home/mdugre/projects/rrg-glatard/mdugre/templateflow
ITK_GLOBAL_DEFAULT_NUMBER_OF_THREADS: 16
##########################

Info [verificarlo]: loaded backend libinterflop_ieee.so
Info [interflop-ieee]: load backend with:
Info [interflop-ieee]: debug = false
Info [interflop-ieee]: debug-binary = false
Info [interflop-ieee]: no-backend-name = false
Info [interflop-ieee]: print-new-line = false
Info [interflop-ieee]: print-subnormal-normalized = false
Info [interflop-ieee]: count-op = false
All_Command_lines_OK
Using double precision for computations.
=============================================================================
The composite transform comprises the following transforms (in order): 
  1. Center of mass alignment using fixed image: /templateflow/tpl-MNI152NLin2009cAsym/tpl-MNI152NLin2009cAsym_res-01_desc-brain_T1w.nii.gz and moving image: /home/mdugre/scratch/mri-registration-rp/datasets/ds004513/derivatives/mri-registration-rp/antsBrainExtraction/sub-s037/BrainExtractionBrain.nii.gz (type = Euler3DTransform)
=============================================================================
  number of levels = 1
  fixed image: /templateflow/tpl-MNI152NLin2009cAsym/tpl-MNI152NLin2009cAsym_res-01_desc-brain_T1w.nii.gz
  moving image: /home/mdugre/scratch/mri-registration-rp/datasets/ds004513/derivatives/mri-registration-rp/antsBrainExtraction/sub-s037/BrainExtractionBrain.nii.gz
Dimension = 3
Number of stages = 1
Use histogram matching = false
Winsorize image intensities = true
  Lower quantile = 0.005
  Upper quantile = 0.995


Stage 1 State
   Image metric = MattesMI
     Fixed image = Image (0x3df9e70)
  RTTI typeinfo:   itk::Image<double, 3u>
  Reference Count: 2
  Modified Time: 2330
  Debug: Off
  Object Name: 
  Observers: 
    none
  Source: (none)
  Source output name: (none)
  Release Data: Off
  Data Released: False
  Global Release Data: Off
  PipelineMTime: 0
  UpdateMTime: 1941
  RealTimeStamp: 0 seconds 
  LargestPossibleRegion: 
    Dimension: 3
    Index: [0, 0, 0]
    Size: [193, 229, 193]
  BufferedRegion: 
    Dimension: 3
    Index: [0, 0, 0]
    Size: [193, 229, 193]
  RequestedRegion: 
    Dimension: 3
    Index: [0, 0, 0]
    Size: [193, 229, 193]
  Spacing: [1, 1, 1]
  Origin: [96, 132, -78]
  Direction: 
-1 0 0
0 -1 0
0 0 1

  IndexToPointMatrix: 
-1 0 0
0 -1 0
0 0 1

  PointToIndexMatrix: 
-1 0 0
0 -1 0
0 0 1

  Inverse Direction: 
-1 0 0
0 -1 0
0 0 1

  PixelContainer: 
    ImportImageContainer (0x3e02c60)
      RTTI typeinfo:   itk::ImportImageContainer<unsigned long, double>
      Reference Count: 1
      Modified Time: 1938
      Debug: Off
      Object Name: 
      Observers: 
        none
      Pointer: 0x15251587a010
      Container manages memory: true
      Size: 8530021
      Capacity: 8530021

     Moving image = Image (0x3e96ec0)
  RTTI typeinfo:   itk::Image<double, 3u>
  Reference Count: 2
  Modified Time: 2331
  Debug: Off
  Object Name: 
  Observers: 
    none
  Source: (none)
  Source output name: (none)
  Release Data: Off
  Data Released: False
  Global Release Data: Off
  PipelineMTime: 0
  UpdateMTime: 2328
  RealTimeStamp: 0 seconds 
  LargestPossibleRegion: 
    Dimension: 3
    Index: [0, 0, 0]
    Size: [160, 240, 256]
  BufferedRegion: 
    Dimension: 3
    Index: [0, 0, 0]
    Size: [160, 240, 256]
  RequestedRegion: 
    Dimension: 3
    Index: [0, 0, 0]
    Size: [160, 240, 256]
  Spacing: [1, 1, 1]
  Origin: [87.9508, 102.562, -147.639]
  Direction: 
-0.998659 -0.0436121 -0.0279129
0.043595 -0.999049 0.00121847
-0.0279395 -2.65543e-08 0.99961

  IndexToPointMatrix: 
-0.998659 -0.0436121 -0.0279129
0.043595 -0.999049 0.00121847
-0.0279395 -2.65543e-08 0.99961

  PointToIndexMatrix: 
-0.998659 0.043595 -0.0279395
-0.0436121 -0.999049 -2.65517e-08
-0.0279129 0.00121847 0.99961

  Inverse Direction: 
-0.998659 0.043595 -0.0279395
-0.0436121 -0.999049 -2.65517e-08
-0.0279129 0.00121847 0.99961

  PixelContainer: 
    ImportImageContainer (0x3f2e610)
      RTTI typeinfo:   itk::ImportImageContainer<unsigned long, double>
      Reference Count: 1
      Modified Time: 2325
      Debug: Off
      Object Name: 
      Observers: 
        none
      Pointer: 0x152510d79010
      Container manages memory: true
      Size: 9830400
      Capacity: 9830400

     Weighting = 1
     Sampling strategy = regular
     Number of bins = 32
     Radius = 4
     Sampling percentage  = 0.25
   Transform = Rigid
     Gradient step = 0.1
     Update field sigma (voxel space) = 0
     Total field sigma (voxel space) = 0
     Update field time sigma = 0
     Total field time sigma  = 0
     Number of time indices = 0
     Number of time point samples = 0
Registration using 1 total stages.

Stage 0
  iterations = 0
  convergence threshold = 1e-06
  convergence window size = 10
  number of levels = 1
  using the Mattes MI metric (number of bins = 32, weight = 1, use gradient filter = 0)
  preprocessing:  winsorizing the image intensities
  Shrink factors (level 1 out of 1): [1, 1, 1]
  smoothing sigmas per level: [0]
  regular sampling (percentage = 0.25)

*** Running Euler3DTransform registration ***

  Elapsed time (stage 0): 1.09351


Total elapsed time: 1.09552
Info [verificarlo]: loaded backend libinterflop_ieee.so
Info [interflop-ieee]: load backend with:
Info [interflop-ieee]: debug = false
Info [interflop-ieee]: debug-binary = false
Info [interflop-ieee]: no-backend-name = false
Info [interflop-ieee]: print-new-line = false
Info [interflop-ieee]: print-subnormal-normalized = false
Info [interflop-ieee]: count-op = false
All_Command_lines_OK
Using double precision for computations.
=============================================================================
The composite transform comprises the following transforms (in order): 
  1. /home/mdugre/scratch/mri-registration-rp/datasets/ds004513/derivatives/mri-registration-rp/0001/antsRegistration-r7-p23/sub-s037/align_Composite.h5[0] (type = Euler3DTransform)
  2. /home/mdugre/scratch/mri-registration-rp/datasets/ds004513/derivatives/mri-registration-rp/0001/antsRegistration-r7-p23/sub-s037/align_Composite.h5[1] (type = Euler3DTransform)
=============================================================================
  number of levels = 4
  fixed image: /templateflow/tpl-MNI152NLin2009cAsym/tpl-MNI152NLin2009cAsym_res-01_desc-brain_T1w.nii.gz
  moving image: /home/mdugre/scratch/mri-registration-rp/datasets/ds004513/derivatives/mri-registration-rp/antsBrainExtraction/sub-s037/BrainExtractionBrain.nii.gz
Dimension = 3
Number of stages = 1
Use histogram matching = false
Winsorize image intensities = true
  Lower quantile = 0.005
  Upper quantile = 0.995


Stage 1 State
   Image metric = MattesMI
     Fixed image = Image (0x40c5530)
  RTTI typeinfo:   itk::Image<double, 3u>
  Reference Count: 2
  Modified Time: 1578
  Debug: Off
  Object Name: 
  Observers: 
    none
  Source: (none)
  Source output name: (none)
  Release Data: Off
  Data Released: False
  Global Release Data: Off
  PipelineMTime: 0
  UpdateMTime: 1189
  RealTimeStamp: 0 seconds 
  LargestPossibleRegion: 
    Dimension: 3
    Index: [0, 0, 0]
    Size: [193, 229, 193]
  BufferedRegion: 
    Dimension: 3
    Index: [0, 0, 0]
    Size: [193, 229, 193]
  RequestedRegion: 
    Dimension: 3
    Index: [0, 0, 0]
    Size: [193, 229, 193]
  Spacing: [1, 1, 1]
  Origin: [96, 132, -78]
  Direction: 
-1 0 0
0 -1 0
0 0 1

  IndexToPointMatrix: 
-1 0 0
0 -1 0
0 0 1

  PointToIndexMatrix: 
-1 0 0
0 -1 0
0 0 1

  Inverse Direction: 
-1 0 0
0 -1 0
0 0 1

  PixelContainer: 
    ImportImageContainer (0x4183d60)
      RTTI typeinfo:   itk::ImportImageContainer<unsigned long, double>
      Reference Count: 1
      Modified Time: 1186
      Debug: Off
      Object Name: 
      Observers: 
        none
      Pointer: 0x15097fec3010
      Container manages memory: true
      Size: 8530021
      Capacity: 8530021

     Moving image = Image (0x4175f60)
  RTTI typeinfo:   itk::Image<double, 3u>
  Reference Count: 2
  Modified Time: 1579
  Debug: Off
  Object Name: 
  Observers: 
    none
  Source: (none)
  Source output name: (none)
  Release Data: Off
  Data Released: False
  Global Release Data: Off
  PipelineMTime: 0
  UpdateMTime: 1576
  RealTimeStamp: 0 seconds 
  LargestPossibleRegion: 
    Dimension: 3
    Index: [0, 0, 0]
    Size: [160, 240, 256]
  BufferedRegion: 
    Dimension: 3
    Index: [0, 0, 0]
    Size: [160, 240, 256]
  RequestedRegion: 
    Dimension: 3
    Index: [0, 0, 0]
    Size: [160, 240, 256]
  Spacing: [1, 1, 1]
  Origin: [87.9508, 102.562, -147.639]
  Direction: 
-0.998659 -0.0436121 -0.0279129
0.043595 -0.999049 0.00121847
-0.0279395 -2.65543e-08 0.99961

  IndexToPointMatrix: 
-0.998659 -0.0436121 -0.0279129
0.043595 -0.999049 0.00121847
-0.0279395 -2.65543e-08 0.99961

  PointToIndexMatrix: 
-0.998659 0.043595 -0.0279395
-0.0436121 -0.999049 -2.65517e-08
-0.0279129 0.00121847 0.99961

  Inverse Direction: 
-0.998659 0.043595 -0.0279395
-0.0436121 -0.999049 -2.65517e-08
-0.0279129 0.00121847 0.99961

  PixelContainer: 
    ImportImageContainer (0x41676d0)
      RTTI typeinfo:   itk::ImportImageContainer<unsigned long, double>
      Reference Count: 1
      Modified Time: 1573
      Debug: Off
      Object Name: 
      Observers: 
        none
      Pointer: 0x15097b3c2010
      Container manages memory: true
      Size: 9830400
      Capacity: 9830400

     Weighting = 1
     Sampling strategy = regular
     Number of bins = 32
     Radius = 4
     Sampling percentage  = 0.25
   Transform = Rigid
     Gradient step = 0.1
     Update field sigma (voxel space) = 0
     Total field sigma (voxel space) = 0
     Update field time sigma = 0
     Total field time sigma  = 0
     Number of time indices = 0
     Number of time point samples = 0
Registration using 1 total stages.

Stage 0
  iterations = 1000x500x250x100
  convergence threshold = 1e-06
  convergence window size = 10
  number of levels = 4
  using the Mattes MI metric (number of bins = 32, weight = 1, use gradient filter = 0)
  preprocessing:  winsorizing the image intensities
  Shrink factors (level 1 out of 4): [8, 8, 8]
  Shrink factors (level 2 out of 4): [4, 4, 4]
  Shrink factors (level 3 out of 4): [2, 2, 2]
  Shrink factors (level 4 out of 4): [1, 1, 1]
  smoothing sigmas per level: [3, 2, 1, 0]
  regular sampling (percentage = 0.25)

*** Running Euler3DTransform registration ***

DIAGNOSTIC,Iteration,metricValue,convergenceValue,ITERATION_TIME_INDEX,SINCE_LAST
 2DIAGNOSTIC,     1, -4.299060189477e-01, 1.797693134862e+308, 6.9578e-01, 6.9578e-01, 
 2DIAGNOSTIC,     2, -4.311703807429e-01, 1.797693134862e+308, 6.9969e-01, 3.9139e-03, 
 2DIAGNOSTIC,     3, -4.334997061176e-01, 1.797693134862e+308, 7.0354e-01, 3.8509e-03, 
 2DIAGNOSTIC,     4, -4.389575130370e-01, 1.797693134862e+308, 7.0768e-01, 4.1380e-03, 
 2DIAGNOSTIC,     5, -4.438813134482e-01, 1.797693134862e+308, 7.1164e-01, 3.9561e-03, 
 2DIAGNOSTIC,     6, -4.461495460377e-01, 1.797693134862e+308, 7.1573e-01, 4.0901e-03, 
 2DIAGNOSTIC,     7, -4.511407144429e-01, 1.797693134862e+308, 7.2046e-01, 4.7312e-03, 
 2DIAGNOSTIC,     8, -4.667812032718e-01, 1.797693134862e+308, 7.2517e-01, 4.7131e-03, 
 2DIAGNOSTIC,     9, -4.753090114372e-01, 1.797693134862e+308, 7.3001e-01, 4.8409e-03, 
 2DIAGNOSTIC,    10, -4.802481719655e-01, 7.481707542057e-03, 7.3508e-01, 5.0628e-03, 
 2DIAGNOSTIC,    11, -4.821261368877e-01, 7.356704266140e-03, 7.3970e-01, 4.6232e-03, 
 2DIAGNOSTIC,    12, -4.837491005316e-01, 6.749992380104e-03, 7.4458e-01, 4.8800e-03, 
 2DIAGNOSTIC,    13, -5.028244927610e-01, 6.622215038739e-03, 7.5174e-01, 7.1621e-03, 
 2DIAGNOSTIC,    14, -5.042109134422e-01, 6.183615245763e-03, 7.5610e-01, 4.3600e-03, 
 2DIAGNOSTIC,    15, -5.066116081855e-01, 5.558135432391e-03, 7.6045e-01, 4.3490e-03, 
 2DIAGNOSTIC,    16, -5.083451635849e-01, 4.676295421333e-03, 7.6475e-01, 4.2989e-03, 
 2DIAGNOSTIC,    17, -5.184993492775e-01, 3.998770500989e-03, 7.7164e-01, 6.8889e-03, 
 2DIAGNOSTIC,    18, -5.256348855895e-01, 3.769024583836e-03, 7.7649e-01, 4.8509e-03, 
 2DIAGNOSTIC,    19, -5.260487276748e-01, 3.491513202516e-03, 7.8138e-01, 4.8919e-03, 
 2DIAGNOSTIC,    20, -5.292109530286e-01, 3.174906809262e-03, 7.8645e-01, 5.0728e-03, 
 2DIAGNOSTIC,    21, -5.301818286280e-01, 2.681600083514e-03, 7.9088e-01, 4.4279e-03, 
 2DIAGNOSTIC,    22, -5.312241436315e-01, 2.041189034686e-03, 7.9601e-01, 5.1301e-03, 
 2DIAGNOSTIC,    23, -5.321371427559e-01, 1.776979570057e-03, 8.0165e-01, 5.6379e-03, 
 2DIAGNOSTIC,    24, -5.330747243174e-01, 1.429098356463e-03, 8.0631e-01, 4.6659e-03, 
 2DIAGNOSTIC,    25, -5.340979452271e-01, 1.060387723835e-03, 8.1123e-01, 4.9200e-03, 
 2DIAGNOSTIC,    26, -5.353301869165e-01, 6.839350111898e-04, 8.1710e-01, 5.8699e-03, 
 2DIAGNOSTIC,    27, -5.359877927205e-01, 5.005583782797e-04, 8.2167e-01, 4.5638e-03, 
 2DIAGNOSTIC,    28, -5.363338965467e-01, 4.385715167818e-04, 8.2622e-01, 4.5469e-03, 
 2DIAGNOSTIC,    29, -5.373050909147e-01, 3.660301227838e-04, 8.3057e-01, 4.3590e-03, 
 2DIAGNOSTIC,    30, -5.398201293466e-01, 3.715999935680e-04, 8.3562e-01, 5.0421e-03, 
 2DIAGNOSTIC,    31, -5.446420039885e-01, 4.465251935647e-04, 8.4565e-01, 1.0029e-02, 
 2DIAGNOSTIC,    32, -5.446643551383e-01, 4.912590718920e-04, 8.5002e-01, 4.3700e-03, 
 2DIAGNOSTIC,    33, -5.447645069095e-01, 5.056401425956e-04, 8.5423e-01, 4.2181e-03, 
 2DIAGNOSTIC,    34, -5.449309560385e-01, 4.904040681155e-04, 8.5832e-01, 4.0891e-03, 
 2DIAGNOSTIC,    35, -5.452044434273e-01, 4.491491708276e-04, 8.6253e-01, 4.2040e-03, 
 2DIAGNOSTIC,    36, -5.456974293374e-01, 3.933068326551e-04, 8.6751e-01, 4.9880e-03, 
 2DIAGNOSTIC,    37, -5.462998706648e-01, 3.227883595857e-04, 8.7163e-01, 4.1151e-03, 
 2DIAGNOSTIC,    38, -5.470544234834e-01, 2.429358350366e-04, 8.7628e-01, 4.6489e-03, 
 2DIAGNOSTIC,    39, -5.483332208012e-01, 1.763384335439e-04, 8.8108e-01, 4.8020e-03, 
 2DIAGNOSTIC,    40, -5.485726263526e-01, 1.327677770488e-04, 8.8604e-01, 4.9620e-03, 
 2DIAGNOSTIC,    41, -5.488484910984e-01, 1.482774518026e-04, 8.9075e-01, 4.7052e-03, 
 2DIAGNOSTIC,    42, -5.491455766845e-01, 1.532242223774e-04, 8.9514e-01, 4.3931e-03, 
 2DIAGNOSTIC,    43, -5.502462119984e-01, 1.586784612616e-04, 9.0059e-01, 5.4529e-03, 
 2DIAGNOSTIC,    44, -5.634830394307e-01, 3.167353257024e-04, 9.0661e-01, 6.0120e-03, 
 2DIAGNOSTIC,    45, -5.666171259145e-01, 4.742141265306e-04, 9.1137e-01, 4.7629e-03, 
 2DIAGNOSTIC,    46, -5.686715722103e-01, 6.105419126637e-04, 9.1609e-01, 4.7188e-03, 
 2DIAGNOSTIC,    47, -5.690861649540e-01, 6.962508067186e-04, 9.2076e-01, 4.6749e-03, 
 2DIAGNOSTIC,    48, -5.696226981004e-01, 7.258999613605e-04, 9.2497e-01, 4.2071e-03, 
 2DIAGNOSTIC,    49, -5.705350592241e-01, 7.069265039003e-04, 9.2970e-01, 4.7269e-03, 
 2DIAGNOSTIC,    50, -5.708769057272e-01, 6.263652896051e-04, 9.3431e-01, 4.6132e-03, 
 2DIAGNOSTIC,    51, -5.710011883629e-01, 4.956048233379e-04, 9.3844e-01, 4.1289e-03, 
 2DIAGNOSTIC,    52, -5.730177896406e-01, 3.489958900607e-04, 9.4350e-01, 5.0638e-03, 
 2DIAGNOSTIC,    53, -5.746736825262e-01, 1.994906722831e-04, 9.4874e-01, 5.2400e-03, 
 2DIAGNOSTIC,    54, -5.761179412254e-01, 1.833906308578e-04, 9.5329e-01, 4.5440e-03, 
 2DIAGNOSTIC,    55, -5.782824574036e-01, 2.021011812227e-04, 9.5857e-01, 5.2829e-03, 
 2DIAGNOSTIC,    56, -5.821976715023e-01, 2.581128563538e-04, 9.6474e-01, 6.1748e-03, 
 2DIAGNOSTIC,    57, -5.824568673809e-01, 2.926617599515e-04, 9.6890e-01, 4.1530e-03, 
 2DIAGNOSTIC,    58, -5.836712542756e-01, 3.142334697899e-04, 9.7387e-01, 4.9741e-03, 
 2DIAGNOSTIC,    59, -5.841497370593e-01, 3.177143764639e-04, 9.7795e-01, 4.0741e-03, 
 2DIAGNOSTIC,    60, -5.841825335260e-01, 2.939316625045e-04, 9.8228e-01, 4.3299e-03, 
 2DIAGNOSTIC,    61, -5.841533328491e-01, 2.430960378239e-04, 9.8671e-01, 4.4360e-03, 
 2DIAGNOSTIC,    62, -5.844003477964e-01, 1.901866570589e-04, 9.9219e-01, 5.4801e-03, 
 2DIAGNOSTIC,    63, -5.845579672729e-01, 1.364083116083e-04, 9.9757e-01, 5.3771e-03, 
 2DIAGNOSTIC,    64, -5.845850327254e-01, 8.344558707749e-05, 1.0018e+00, 4.2081e-03, 
 2DIAGNOSTIC,    65, -5.846683656029e-01, 4.198135967040e-05, 1.0058e+00, 4.0481e-03, 
 2DIAGNOSTIC,    66, -5.847471383631e-01, 3.016764822193e-05, 1.0105e+00, 4.7231e-03, 
 2DIAGNOSTIC,    67, -5.849599149384e-01, 1.935407163835e-05, 1.0148e+00, 4.2231e-03, 
 2DIAGNOSTIC,    68, -5.855735361741e-01, 2.114833376351e-05, 1.0199e+00, 5.1281e-03, 
 2DIAGNOSTIC,    69, -5.857227723783e-01, 2.561702938483e-05, 1.0247e+00, 4.7729e-03, 
 2DIAGNOSTIC,    70, -5.858686131107e-01, 2.896076827919e-05, 1.0297e+00, 4.9839e-03, 
 2DIAGNOSTIC,    71, -5.863365766106e-01, 3.272387653053e-05, 1.0350e+00, 5.3830e-03, 
 2DIAGNOSTIC,    72, -5.864020712045e-01, 3.542169346601e-05, 1.0392e+00, 4.1969e-03, 
 2DIAGNOSTIC,    73, -5.870825324613e-01, 4.068524058477e-05, 1.0443e+00, 5.0349e-03, 
 2DIAGNOSTIC,    74, -5.871253027366e-01, 4.231258271899e-05, 1.0484e+00, 4.1082e-03, 
 2DIAGNOSTIC,    75, -5.872859207009e-01, 4.166182551976e-05, 1.0524e+00, 4.0491e-03, 
 2DIAGNOSTIC,    76, -5.873850028051e-01, 3.829859160305e-05, 1.0577e+00, 5.2462e-03, 
 2DIAGNOSTIC,    77, -5.874031669963e-01, 3.282209384785e-05, 1.0628e+00, 5.0900e-03, 
 2DIAGNOSTIC,    78, -5.873435916695e-01, 2.806936903141e-05, 1.0674e+00, 4.6580e-03, 
 2DIAGNOSTIC,    79, -5.873783945010e-01, 2.201368850247e-05, 1.0723e+00, 4.8699e-03, 
 2DIAGNOSTIC,    80, -5.873323548760e-01, 1.465046249060e-05, 1.0773e+00, 4.9899e-03, 
 2DIAGNOSTIC,    81, -5.873346246074e-01, 9.175362229524e-06, 1.0812e+00, 3.9480e-03, 
 2DIAGNOSTIC,    82, -5.874215059346e-01, 3.860716175088e-06, 1.0868e+00, 5.5602e-03, 
 2DIAGNOSTIC,    83, -5.874220927182e-01, 2.624950554019e-06, 1.0914e+00, 4.5991e-03, 
 2DIAGNOSTIC,    84, -5.874221863672e-01, 1.458876434471e-06, 1.0985e+00, 7.1580e-03, 
 2DIAGNOSTIC,    85, -5.874221872146e-01, 1.193792416847e-06, 1.1113e+00, 1.2794e-02, 
 2DIAGNOSTIC,    86, -5.874221872145e-01, 1.452199712874e-06, 1.1190e+00, 7.6261e-03, 
 2DIAGNOSTIC,    87, -5.874221872145e-01, 1.710092993830e-06, 1.1242e+00, 5.2559e-03, 
 2DIAGNOSTIC,    88, -5.874221872145e-01, 1.472353469237e-06, 1.1290e+00, 4.7700e-03, 
 2DIAGNOSTIC,    89, -5.874221872145e-01, 1.354203711562e-06, 1.1335e+00, 4.4889e-03, 
DIAGNOSTIC,Iteration,metricValue,convergenceValue,ITERATION_TIME_INDEX,SINCE_LAST
 2DIAGNOSTIC,     1, -4.734965109679e-01, 1.797693134862e+308, 1.8569e+00, 7.2346e-01, 
 2DIAGNOSTIC,     2, -4.742030540399e-01, 1.797693134862e+308, 1.8853e+00, 2.8406e-02, 
 2DIAGNOSTIC,     3, -4.753150512262e-01, 1.797693134862e+308, 1.9140e+00, 2.8646e-02, 
 2DIAGNOSTIC,     4, -4.774845900890e-01, 1.797693134862e+308, 1.9404e+00, 2.6392e-02, 
 2DIAGNOSTIC,     5, -4.804656069140e-01, 1.797693134862e+308, 1.9669e+00, 2.6564e-02, 
 2DIAGNOSTIC,     6, -4.823434981540e-01, 1.797693134862e+308, 1.9991e+00, 3.2189e-02, 
 2DIAGNOSTIC,     7, -4.831992190389e-01, 1.797693134862e+308, 2.0282e+00, 2.9022e-02, 
 2DIAGNOSTIC,     8, -4.833449881029e-01, 1.797693134862e+308, 2.0599e+00, 3.1741e-02, 
 2DIAGNOSTIC,     9, -4.836484058954e-01, 1.797693134862e+308, 2.0862e+00, 2.6346e-02, 
 2DIAGNOSTIC,    10, -4.842920186447e-01, 1.641880690416e-03, 2.1238e+00, 3.7576e-02, 
 2DIAGNOSTIC,    11, -4.852461197241e-01, 1.331609719226e-03, 2.1496e+00, 2.5821e-02, 
 2DIAGNOSTIC,    12, -4.865541289538e-01, 1.053833712008e-03, 2.1759e+00, 2.6306e-02, 
 2DIAGNOSTIC,    13, -4.874220107372e-01, 8.134580507000e-04, 2.2058e+00, 2.9881e-02, 
 2DIAGNOSTIC,    14, -4.878852937789e-01, 6.430066079241e-04, 2.2499e+00, 4.4106e-02, 
 2DIAGNOSTIC,    15, -4.879219683527e-01, 5.541813205550e-04, 2.2807e+00, 3.0814e-02, 
 2DIAGNOSTIC,    16, -4.882825521087e-01, 5.075426775061e-04, 2.3146e+00, 3.3891e-02, 
 2DIAGNOSTIC,    17, -4.883449170513e-01, 4.509891908020e-04, 2.3484e+00, 3.3759e-02, 
 2DIAGNOSTIC,    18, -4.883509677996e-01, 3.641695262087e-04, 2.3783e+00, 2.9932e-02, 
 2DIAGNOSTIC,    19, -4.885211273097e-01, 2.679630482540e-04, 2.4082e+00, 2.9829e-02, 
 2DIAGNOSTIC,    20, -4.886904402444e-01, 1.804743997772e-04, 2.4383e+00, 3.0114e-02, 
 2DIAGNOSTIC,    21, -4.889087864390e-01, 1.167260400169e-04, 2.4683e+00, 2.9993e-02, 
 2DIAGNOSTIC,    22, -4.892075614069e-01, 9.034122471377e-05, 2.5134e+00, 4.5143e-02, 
 2DIAGNOSTIC,    23, -4.892422264062e-01, 8.069922528288e-05, 2.5432e+00, 2.9827e-02, 
 2DIAGNOSTIC,    24, -4.892845588671e-01, 7.696140989049e-05, 2.5730e+00, 2.9786e-02, 
 2DIAGNOSTIC,    25, -4.894346877433e-01, 7.057774154892e-05, 2.6027e+00, 2.9657e-02, 
 2DIAGNOSTIC,    26, -4.896943490160e-01, 7.198040589862e-05, 2.6366e+00, 3.3957e-02, 
 2DIAGNOSTIC,    27, -4.902813708837e-01, 8.056474926742e-05, 2.6739e+00, 3.7224e-02, 
 2DIAGNOSTIC,    28, -4.905050002281e-01, 8.558856926773e-05, 2.7087e+00, 3.4816e-02, 
 2DIAGNOSTIC,    29, -4.906397125596e-01, 8.856660722321e-05, 2.7375e+00, 2.8826e-02, 
 2DIAGNOSTIC,    30, -4.910898247385e-01, 9.520608547792e-05, 2.7660e+00, 2.8468e-02, 
 2DIAGNOSTIC,    31, -4.922038587873e-01, 1.172134159709e-04, 2.8133e+00, 4.7329e-02, 
 2DIAGNOSTIC,    32, -4.925336763578e-01, 1.376830179219e-04, 2.8445e+00, 3.1150e-02, 
 2DIAGNOSTIC,    33, -4.925773661739e-01, 1.454956578928e-04, 2.8840e+00, 3.9527e-02, 
 2DIAGNOSTIC,    34, -4.925899431057e-01, 1.404913372418e-04, 2.9156e+00, 3.1630e-02, 
 2DIAGNOSTIC,    35, -4.925864725564e-01, 1.249103148119e-04, 2.9439e+00, 2.8267e-02, 
 2DIAGNOSTIC,    36, -4.925929802450e-01, 1.022031424506e-04, 2.9760e+00, 3.2125e-02, 
 2DIAGNOSTIC,    37, -4.925891665613e-01, 8.017998634621e-05, 3.0064e+00, 3.0429e-02, 
 2DIAGNOSTIC,    38, -4.925841882669e-01, 5.540792832511e-05, 3.0335e+00, 2.7027e-02, 
 2DIAGNOSTIC,    39, -4.925809815025e-01, 2.877364039937e-05, 3.0660e+00, 3.2579e-02, 
 2DIAGNOSTIC,    40, -4.926018118283e-01, 7.286611510112e-06, 3.0945e+00, 2.8468e-02, 
 2DIAGNOSTIC,    41, -4.926103247649e-01, 2.063454489228e-06, 3.1299e+00, 3.5415e-02, 
 2DIAGNOSTIC,    42, -4.926136023249e-01, 1.575103093975e-06, 3.1619e+00, 3.1951e-02, 
 2DIAGNOSTIC,    43, -4.926090928833e-01, 1.565361182402e-06, 3.1939e+00, 3.2012e-02, 
 2DIAGNOSTIC,    44, -4.925982372722e-01, 1.506174372209e-06, 3.2218e+00, 2.7963e-02, 
 2DIAGNOSTIC,    45, -4.925905558227e-01, 1.226236128499e-06, 3.2507e+00, 2.8828e-02, 
 2DIAGNOSTIC,    46, -4.926186380644e-01, 1.344515664740e-06, 3.2825e+00, 3.1854e-02, 
 2DIAGNOSTIC,    47, -4.926106151467e-01, 1.240566775303e-06, 3.3134e+00, 3.0882e-02, 
 2DIAGNOSTIC,    48, -4.926132500583e-01, 1.071644453583e-06, 3.3418e+00, 2.8427e-02, 
 2DIAGNOSTIC,    49, -4.926530174288e-01, 1.306086168548e-06, 3.3742e+00, 3.2317e-02, 
 2DIAGNOSTIC,    50, -4.926630751075e-01, 1.811187242143e-06, 3.4060e+00, 3.1857e-02, 
 2DIAGNOSTIC,    51, -4.926615935156e-01, 2.258606606673e-06, 3.4377e+00, 3.1663e-02, 
 2DIAGNOSTIC,    52, -4.926624047244e-01, 2.585971694277e-06, 3.4646e+00, 2.6899e-02, 
 2DIAGNOSTIC,    53, -4.926616935490e-01, 2.661618803530e-06, 3.4932e+00, 2.8677e-02, 
 2DIAGNOSTIC,    54, -4.927490122161e-01, 3.357220244127e-06, 3.5253e+00, 3.2083e-02, 
 2DIAGNOSTIC,    55, -4.927804934502e-01, 3.974776693731e-06, 3.5560e+00, 3.0656e-02, 
 2DIAGNOSTIC,    56, -4.927773934707e-01, 4.514349296665e-06, 3.5870e+00, 3.1017e-02, 
 2DIAGNOSTIC,    57, -4.927696330735e-01, 4.520174240130e-06, 3.6132e+00, 2.6228e-02, 
 2DIAGNOSTIC,    58, -4.927471830460e-01, 3.940197294144e-06, 3.6390e+00, 2.5798e-02, 
 2DIAGNOSTIC,    59, -4.927449953405e-01, 3.410785311648e-06, 3.6693e+00, 3.0229e-02, 
 2DIAGNOSTIC,    60, -4.927646783320e-01, 2.900268225962e-06, 3.6954e+00, 2.6146e-02, 
 2DIAGNOSTIC,    61, -4.928028375078e-01, 2.532045866012e-06, 3.7217e+00, 2.6270e-02, 
 2DIAGNOSTIC,    62, -4.928350380318e-01, 2.300578205657e-06, 3.7548e+00, 3.3168e-02, 
 2DIAGNOSTIC,    63, -4.928916977257e-01, 2.403028324344e-06, 3.7905e+00, 3.5637e-02, 
 2DIAGNOSTIC,    64, -4.928849389639e-01, 3.036015908352e-06, 3.8227e+00, 3.2211e-02, 
 2DIAGNOSTIC,    65, -4.928810261474e-01, 3.656509545129e-06, 3.8587e+00, 3.6057e-02, 
 2DIAGNOSTIC,    66, -4.928858203569e-01, 3.968507301371e-06, 3.8911e+00, 3.2314e-02, 
 2DIAGNOSTIC,    67, -4.928757716055e-01, 3.779017472397e-06, 3.9197e+00, 2.8657e-02, 
 2DIAGNOSTIC,    68, -4.928690968246e-01, 3.029719468993e-06, 3.9522e+00, 3.2437e-02, 
 2DIAGNOSTIC,    69, -4.929040864857e-01, 2.335616128784e-06, 3.9842e+00, 3.2044e-02, 
 2DIAGNOSTIC,    70, -4.929121604208e-01, 1.703250305093e-06, 4.0159e+00, 3.1655e-02, 
 2DIAGNOSTIC,    71, -4.929315281914e-01, 1.436410610648e-06, 4.0558e+00, 3.9989e-02, 
 2DIAGNOSTIC,    72, -4.929363001542e-01, 1.368005919622e-06, 4.0886e+00, 3.2796e-02, 
 2DIAGNOSTIC,    73, -4.929315689639e-01, 1.628876670117e-06, 4.1205e+00, 3.1838e-02, 
 2DIAGNOSTIC,    74, -4.929256426822e-01, 1.667719579670e-06, 4.1496e+00, 2.9088e-02, 
 2DIAGNOSTIC,    75, -4.929209050592e-01, 1.515407929973e-06, 4.1783e+00, 2.8690e-02, 
 2DIAGNOSTIC,    76, -4.929414789057e-01, 1.458633014156e-06, 4.2065e+00, 2.8219e-02, 
 2DIAGNOSTIC,    77, -4.929654812234e-01, 1.407276527188e-06, 4.2347e+00, 2.8208e-02, 
 2DIAGNOSTIC,    78, -4.929843269955e-01, 1.344382982861e-06, 4.2630e+00, 2.8366e-02, 
 2DIAGNOSTIC,    79, -4.930132583364e-01, 1.664298867625e-06, 4.2951e+00, 3.2069e-02, 
 2DIAGNOSTIC,    80, -4.930318054749e-01, 2.041988481326e-06, 4.3308e+00, 3.5640e-02, 
 2DIAGNOSTIC,    81, -4.930267578932e-01, 2.349999727544e-06, 4.3625e+00, 3.1703e-02, 
 2DIAGNOSTIC,    82, -4.930207635128e-01, 2.454861639691e-06, 4.3909e+00, 2.8458e-02, 
 2DIAGNOSTIC,    83, -4.930073987922e-01, 2.233682145379e-06, 4.4225e+00, 3.1564e-02, 
 2DIAGNOSTIC,    84, -4.930246051258e-01, 1.919599816278e-06, 4.4547e+00, 3.2186e-02, 
 2DIAGNOSTIC,    85, -4.930189173804e-01, 1.385299177722e-06, 4.4872e+00, 3.2573e-02, 
 2DIAGNOSTIC,    86, -4.930545907982e-01, 1.146391088060e-06, 4.5157e+00, 2.8423e-02, 
 2DIAGNOSTIC,    87, -4.930741397183e-01, 1.124745575469e-06, 4.5479e+00, 3.2216e-02, 
 2DIAGNOSTIC,    88, -4.930603484698e-01, 1.058885305074e-06, 4.5933e+00, 4.5401e-02, 
DIAGNOSTIC,Iteration,metricValue,convergenceValue,ITERATION_TIME_INDEX,SINCE_LAST
 2DIAGNOSTIC,     1, -4.337396942050e-01, 1.797693134862e+308, 5.5825e+00, 9.8918e-01, 
 2DIAGNOSTIC,     2, -4.340235056510e-01, 1.797693134862e+308, 5.7896e+00, 2.0710e-01, 
 2DIAGNOSTIC,     3, -4.342870798422e-01, 1.797693134862e+308, 6.0069e+00, 2.1729e-01, 
 2DIAGNOSTIC,     4, -4.344434304216e-01, 1.797693134862e+308, 6.2165e+00, 2.0967e-01, 
 2DIAGNOSTIC,     5, -4.345603781215e-01, 1.797693134862e+308, 6.4192e+00, 2.0263e-01, 
 2DIAGNOSTIC,     6, -4.346903883404e-01, 1.797693134862e+308, 6.6938e+00, 2.7463e-01, 
 2DIAGNOSTIC,     7, -4.347431006707e-01, 1.797693134862e+308, 6.9146e+00, 2.2080e-01, 
 2DIAGNOSTIC,     8, -4.348788591095e-01, 1.797693134862e+308, 7.1559e+00, 2.4129e-01, 
 2DIAGNOSTIC,     9, -4.349896861596e-01, 1.797693134862e+308, 7.4143e+00, 2.5839e-01, 
 2DIAGNOSTIC,    10, -4.349909640334e-01, 1.779586106274e-04, 7.6137e+00, 1.9939e-01, 
 2DIAGNOSTIC,    11, -4.349924106304e-01, 1.292174474638e-04, 7.8292e+00, 2.1553e-01, 
 2DIAGNOSTIC,    12, -4.349913735672e-01, 9.247988120492e-05, 8.0441e+00, 2.1490e-01, 
 2DIAGNOSTIC,    13, -4.349857647007e-01, 6.607384033698e-05, 8.3776e+00, 3.3349e-01, 
 2DIAGNOSTIC,    14, -4.349866555163e-01, 4.486148548112e-05, 8.6069e+00, 2.2933e-01, 
 2DIAGNOSTIC,    15, -4.349865122113e-01, 2.762048925060e-05, 8.8292e+00, 2.2235e-01, 
 2DIAGNOSTIC,    16, -4.349845548925e-01, 1.550526960228e-05, 9.1286e+00, 2.9936e-01, 
 2DIAGNOSTIC,    17, -4.349843295913e-01, 5.496886571248e-06, 9.3726e+00, 2.4403e-01, 
 2DIAGNOSTIC,    18, -4.349840484853e-01, 1.075567855335e-06, 9.6148e+00, 2.4217e-01, 
DIAGNOSTIC,Iteration,metricValue,convergenceValue,ITERATION_TIME_INDEX,SINCE_LAST
 2DIAGNOSTIC,     1, -4.014474179332e-01, 1.797693134862e+308, 1.2068e+01, 2.4531e+00, 
 2DIAGNOSTIC,     2, -4.015895923154e-01, 1.797693134862e+308, 1.3514e+01, 1.4465e+00, 
 2DIAGNOSTIC,     3, -4.016493001017e-01, 1.797693134862e+308, 1.4967e+01, 1.4523e+00, 
 2DIAGNOSTIC,     4, -4.016978284198e-01, 1.797693134862e+308, 1.6511e+01, 1.5438e+00, 
 2DIAGNOSTIC,     5, -4.016985712754e-01, 1.797693134862e+308, 1.7965e+01, 1.4542e+00, 
 2DIAGNOSTIC,     6, -4.017148892415e-01, 1.797693134862e+308, 1.9856e+01, 1.8914e+00, 
 2DIAGNOSTIC,     7, -4.017189132009e-01, 1.797693134862e+308, 2.1182e+01, 1.3261e+00, 
 2DIAGNOSTIC,     8, -4.017303546302e-01, 1.797693134862e+308, 2.2519e+01, 1.3363e+00, 
 2DIAGNOSTIC,     9, -4.017541702293e-01, 1.797693134862e+308, 2.4047e+01, 1.5288e+00, 
 2DIAGNOSTIC,    10, -4.020018975278e-01, 5.749671734659e-05, 2.5603e+01, 1.5556e+00, 
 2DIAGNOSTIC,    11, -4.021676163439e-01, 6.341555944733e-05, 2.7163e+01, 1.5598e+00, 
 2DIAGNOSTIC,    12, -4.022290252435e-01, 7.476412757766e-05, 2.9146e+01, 1.9834e+00, 
 2DIAGNOSTIC,    13, -4.022508922507e-01, 8.244828251625e-05, 3.1028e+01, 1.8818e+00, 
 2DIAGNOSTIC,    14, -4.022511797701e-01, 8.431883127527e-05, 3.2746e+01, 1.7184e+00, 
 2DIAGNOSTIC,    15, -4.022508281317e-01, 7.828610780218e-05, 3.4790e+01, 2.0440e+00, 
 2DIAGNOSTIC,    16, -4.022507791585e-01, 6.660286064476e-05, 3.6729e+01, 1.9381e+00, 
 2DIAGNOSTIC,    17, -4.022507513275e-01, 5.060742638457e-05, 3.9005e+01, 2.2769e+00, 
 2DIAGNOSTIC,    18, -4.022506698880e-01, 3.250781801808e-05, 4.0558e+01, 1.5529e+00, 
 2DIAGNOSTIC,    19, -4.022505895063e-01, 1.419380671021e-05, 4.2077e+01, 1.5183e+00, 
 2DIAGNOSTIC,    20, -4.022504266830e-01, 5.172167344782e-06, 4.3493e+01, 1.4161e+00, 
 2DIAGNOSTIC,    21, -4.022503585306e-01, 2.203716026605e-06, 4.4944e+01, 1.4515e+00, 
 2DIAGNOSTIC,    22, -4.022503903686e-01, 1.395302850989e-06, 4.6370e+01, 1.4255e+00, 
 2DIAGNOSTIC,    23, -4.022503570283e-01, 1.332689152450e-06, 4.7933e+01, 1.5633e+00, 
 2DIAGNOSTIC,    24, -4.022501429410e-01, 1.282597963066e-06, 4.9514e+01, 1.5812e+00, 
 2DIAGNOSTIC,    25, -4.022501730710e-01, 1.231779893911e-06, 5.0862e+01, 1.3472e+00, 
 2DIAGNOSTIC,    26, -4.022501370005e-01, 1.186343160091e-06, 5.2290e+01, 1.4288e+00, 
 2DIAGNOSTIC,    27, -4.022502232378e-01, 1.149267903580e-06, 5.3840e+01, 1.5498e+00, 
 2DIAGNOSTIC,    28, -4.022505427490e-01, 1.123584599791e-06, 5.5600e+01, 1.7599e+00, 
 2DIAGNOSTIC,    29, -4.022504266935e-01, 1.096100689595e-06, 5.7126e+01, 1.5264e+00, 
 2DIAGNOSTIC,    30, -4.022504640864e-01, 1.067873690697e-06, 5.8816e+01, 1.6901e+00, 
 2DIAGNOSTIC,    31, -4.022503974613e-01, 1.037684839507e-06, 6.0209e+01, 1.3928e+00, 
 2DIAGNOSTIC,    32, -4.022502577416e-01, 1.005878684249e-06, 6.1537e+01, 1.3276e+00, 
  Elapsed time (stage 0): 6.2294e+01


Total elapsed time: 6.2297e+01
Info [verificarlo]: loaded backend libinterflop_ieee.so
Info [interflop-ieee]: load backend with:
Info [interflop-ieee]: debug = false
Info [interflop-ieee]: debug-binary = false
Info [interflop-ieee]: no-backend-name = false
Info [interflop-ieee]: print-new-line = false
Info [interflop-ieee]: print-subnormal-normalized = false
Info [interflop-ieee]: count-op = false
All_Command_lines_OK
Using double precision for computations.
=============================================================================
The composite transform comprises the following transforms (in order): 
  1. /home/mdugre/scratch/mri-registration-rp/datasets/ds004513/derivatives/mri-registration-rp/0001/antsRegistration-r7-p23/sub-s037/rigid_Composite.h5[0] (type = Euler3DTransform)
  2. /home/mdugre/scratch/mri-registration-rp/datasets/ds004513/derivatives/mri-registration-rp/0001/antsRegistration-r7-p23/sub-s037/rigid_Composite.h5[1] (type = Euler3DTransform)
  3. /home/mdugre/scratch/mri-registration-rp/datasets/ds004513/derivatives/mri-registration-rp/0001/antsRegistration-r7-p23/sub-s037/rigid_Composite.h5[2] (type = Euler3DTransform)
=============================================================================
  number of levels = 4
  fixed image: /templateflow/tpl-MNI152NLin2009cAsym/tpl-MNI152NLin2009cAsym_res-01_desc-brain_T1w.nii.gz
  moving image: /home/mdugre/scratch/mri-registration-rp/datasets/ds004513/derivatives/mri-registration-rp/antsBrainExtraction/sub-s037/BrainExtractionBrain.nii.gz
Dimension = 3
Number of stages = 1
Use histogram matching = false
Winsorize image intensities = true
  Lower quantile = 0.005
  Upper quantile = 0.995


Stage 1 State
   Image metric = MattesMI
     Fixed image = Image (0x51147e0)
  RTTI typeinfo:   itk::Image<double, 3u>
  Reference Count: 2
  Modified Time: 1592
  Debug: Off
  Object Name: 
  Observers: 
    none
  Source: (none)
  Source output name: (none)
  Release Data: Off
  Data Released: False
  Global Release Data: Off
  PipelineMTime: 0
  UpdateMTime: 1203
  RealTimeStamp: 0 seconds 
  LargestPossibleRegion: 
    Dimension: 3
    Index: [0, 0, 0]
    Size: [193, 229, 193]
  BufferedRegion: 
    Dimension: 3
    Index: [0, 0, 0]
    Size: [193, 229, 193]
  RequestedRegion: 
    Dimension: 3
    Index: [0, 0, 0]
    Size: [193, 229, 193]
  Spacing: [1, 1, 1]
  Origin: [96, 132, -78]
  Direction: 
-1 0 0
0 -1 0
0 0 1

  IndexToPointMatrix: 
-1 0 0
0 -1 0
0 0 1

  PointToIndexMatrix: 
-1 0 0
0 -1 0
0 0 1

  Inverse Direction: 
-1 0 0
0 -1 0
0 0 1

  PixelContainer: 
    ImportImageContainer (0x51d4a20)
      RTTI typeinfo:   itk::ImportImageContainer<unsigned long, double>
      Reference Count: 1
      Modified Time: 1200
      Debug: Off
      Object Name: 
      Observers: 
        none
      Pointer: 0x1513c3112010
      Container manages memory: true
      Size: 8530021
      Capacity: 8530021

     Moving image = Image (0x51cfd70)
  RTTI typeinfo:   itk::Image<double, 3u>
  Reference Count: 2
  Modified Time: 1593
  Debug: Off
  Object Name: 
  Observers: 
    none
  Source: (none)
  Source output name: (none)
  Release Data: Off
  Data Released: False
  Global Release Data: Off
  PipelineMTime: 0
  UpdateMTime: 1590
  RealTimeStamp: 0 seconds 
  LargestPossibleRegion: 
    Dimension: 3
    Index: [0, 0, 0]
    Size: [160, 240, 256]
  BufferedRegion: 
    Dimension: 3
    Index: [0, 0, 0]
    Size: [160, 240, 256]
  RequestedRegion: 
    Dimension: 3
    Index: [0, 0, 0]
    Size: [160, 240, 256]
  Spacing: [1, 1, 1]
  Origin: [87.9508, 102.562, -147.639]
  Direction: 
-0.998659 -0.0436121 -0.0279129
0.043595 -0.999049 0.00121847
-0.0279395 -2.65543e-08 0.99961

  IndexToPointMatrix: 
-0.998659 -0.0436121 -0.0279129
0.043595 -0.999049 0.00121847
-0.0279395 -2.65543e-08 0.99961

  PointToIndexMatrix: 
-0.998659 0.043595 -0.0279395
-0.0436121 -0.999049 -2.65517e-08
-0.0279129 0.00121847 0.99961

  Inverse Direction: 
-0.998659 0.043595 -0.0279395
-0.0436121 -0.999049 -2.65517e-08
-0.0279129 0.00121847 0.99961

  PixelContainer: 
    ImportImageContainer (0x5187c90)
      RTTI typeinfo:   itk::ImportImageContainer<unsigned long, double>
      Reference Count: 1
      Modified Time: 1587
      Debug: Off
      Object Name: 
      Observers: 
        none
      Pointer: 0x1513be611010
      Container manages memory: true
      Size: 9830400
      Capacity: 9830400

     Weighting = 1
     Sampling strategy = regular
     Number of bins = 32
     Radius = 4
     Sampling percentage  = 0.25
   Transform = Affine
     Gradient step = 0.1
     Update field sigma (voxel space) = 0
     Total field sigma (voxel space) = 0
     Update field time sigma = 0
     Total field time sigma  = 0
     Number of time indices = 0
     Number of time point samples = 0
Registration using 1 total stages.

Stage 0
  iterations = 1000x500x250x100
  convergence threshold = 1e-06
  convergence window size = 10
  number of levels = 4
  using the Mattes MI metric (number of bins = 32, weight = 1, use gradient filter = 0)
  preprocessing:  winsorizing the image intensities
  Shrink factors (level 1 out of 4): [8, 8, 8]
  Shrink factors (level 2 out of 4): [4, 4, 4]
  Shrink factors (level 3 out of 4): [2, 2, 2]
  Shrink factors (level 4 out of 4): [1, 1, 1]
  smoothing sigmas per level: [3, 2, 1, 0]
  regular sampling (percentage = 0.25)

*** Running AffineTransform registration ***

DIAGNOSTIC,Iteration,metricValue,convergenceValue,ITERATION_TIME_INDEX,SINCE_LAST
 2DIAGNOSTIC,     1, -5.826282446431e-01, 1.797693134862e+308, 6.6144e-01, 6.6144e-01, 
 2DIAGNOSTIC,     2, -5.843507208665e-01, 1.797693134862e+308, 6.6575e-01, 4.3099e-03, 
 2DIAGNOSTIC,     3, -5.874032987773e-01, 1.797693134862e+308, 6.7012e-01, 4.3690e-03, 
 2DIAGNOSTIC,     4, -5.925527866240e-01, 1.797693134862e+308, 6.7552e-01, 5.4030e-03, 
 2DIAGNOSTIC,     5, -6.034152630582e-01, 1.797693134862e+308, 6.7989e-01, 4.3740e-03, 
 2DIAGNOSTIC,     6, -6.180204624724e-01, 1.797693134862e+308, 6.8405e-01, 4.1618e-03, 
 2DIAGNOSTIC,     7, -6.354825905898e-01, 1.797693134862e+308, 6.8839e-01, 4.3390e-03, 
 2DIAGNOSTIC,     8, -6.687538892825e-01, 1.797693134862e+308, 6.9261e-01, 4.2131e-03, 
 2DIAGNOSTIC,     9, -6.941239253640e-01, 1.797693134862e+308, 7.0255e-01, 9.9440e-03, 
 2DIAGNOSTIC,    10, -6.937757032379e-01, 1.301488863880e-02, 7.0762e-01, 5.0669e-03, 
 2DIAGNOSTIC,    11, -6.955621273341e-01, 1.262161484691e-02, 7.1346e-01, 5.8410e-03, 
 2DIAGNOSTIC,    12, -6.975179962286e-01, 1.131280285075e-02, 7.1912e-01, 5.6641e-03, 
 2DIAGNOSTIC,    13, -6.987272306286e-01, 9.334022987634e-03, 7.2401e-01, 4.8900e-03, 
 2DIAGNOSTIC,    14, -7.000242444236e-01, 7.007830859773e-03, 7.2919e-01, 5.1780e-03, 
 2DIAGNOSTIC,    15, -7.047748999742e-01, 4.839397386721e-03, 7.3503e-01, 5.8432e-03, 
 2DIAGNOSTIC,    16, -7.136716038541e-01, 3.162432275448e-03, 7.4464e-01, 9.6040e-03, 
 2DIAGNOSTIC,    17, -7.141456357502e-01, 1.843563120330e-03, 7.5057e-01, 5.9299e-03, 
 2DIAGNOSTIC,    18, -7.144521686764e-01, 1.302180102072e-03, 7.5598e-01, 5.4080e-03, 
 2DIAGNOSTIC,    19, -7.145876665670e-01, 1.280439330645e-03, 7.6084e-01, 4.8640e-03, 
 2DIAGNOSTIC,    20, -7.148533327700e-01, 1.138346128396e-03, 7.6568e-01, 4.8420e-03, 
 2DIAGNOSTIC,    21, -7.151157056842e-01, 9.427764950306e-04, 7.7064e-01, 4.9560e-03, 
 2DIAGNOSTIC,    22, -7.154246028265e-01, 7.224207815284e-04, 7.7628e-01, 5.6400e-03, 
 2DIAGNOSTIC,    23, -7.155817033002e-01, 4.831482536848e-04, 7.8285e-01, 6.5701e-03, 
 2DIAGNOSTIC,    24, -7.154386543578e-01, 2.398630014418e-04, 7.8876e-01, 5.9152e-03, 
 2DIAGNOSTIC,    25, -7.153221763589e-01, 6.871405910578e-05, 7.9440e-01, 5.6350e-03, 
 2DIAGNOSTIC,    26, -7.152614713962e-01, 4.749199935734e-05, 7.9977e-01, 5.3711e-03, 
 2DIAGNOSTIC,    27, -7.152498886226e-01, 3.057075913829e-05, 8.0523e-01, 5.4650e-03, 
 2DIAGNOSTIC,    28, -7.153060396344e-01, 1.753987580760e-05, 8.1103e-01, 5.7919e-03, 
 2DIAGNOSTIC,    29, -7.152008924321e-01, 4.349142149140e-06, 8.1648e-01, 5.4550e-03, 
DIAGNOSTIC,Iteration,metricValue,convergenceValue,ITERATION_TIME_INDEX,SINCE_LAST
 2DIAGNOSTIC,     1, -5.887241046875e-01, 1.797693134862e+308, 1.5578e+00, 7.4133e-01, 
 2DIAGNOSTIC,     2, -5.897714487553e-01, 1.797693134862e+308, 1.5912e+00, 3.3401e-02, 
 2DIAGNOSTIC,     3, -5.913647462959e-01, 1.797693134862e+308, 1.6259e+00, 3.4643e-02, 
 2DIAGNOSTIC,     4, -5.935981410398e-01, 1.797693134862e+308, 1.6579e+00, 3.2048e-02, 
 2DIAGNOSTIC,     5, -5.954899136549e-01, 1.797693134862e+308, 1.6888e+00, 3.0849e-02, 
