
##########################
# Experiment information #
##########################

EXPERIMENT_NAME: antsRegistration-r8-p19
VFC_BACKENDS: libinterflop_vprec.so --range-binary32=8 --precision-binary32=19 --range-binary64=8 --precision-binary64=19

SIF_IMG: /home/mdugre/projects/rrg-glatard/mdugre/containers/ants-vprec-no_metrics.simg

SUBJECT_ID: s003
INPUT_IMG: /home/mdugre/scratch/mri-registration-rp/datasets/ds004513/derivatives/mri-registration-rp/antsBrainExtraction/sub-s003/BrainExtractionBrain.nii.gz
OUTPUT_DIR: /home/mdugre/scratch/mri-registration-rp/datasets/ds004513/derivatives/mri-registration-rp/0001/antsRegistration-r8-p19/sub-s003

FIXED_IMG: /templateflow/tpl-MNI152NLin2009cAsym/tpl-MNI152NLin2009cAsym_res-01_desc-brain_T1w.nii.gz
DATA_DIR: /home/mdugre/scratch/mri-registration-rp/datasets/ds004513
TEMPLATEFLOW_DIR: /home/mdugre/projects/rrg-glatard/mdugre/templateflow
ITK_GLOBAL_DEFAULT_NUMBER_OF_THREADS: 16
##########################

Info [verificarlo]: loaded backend libinterflop_ieee.so
Info [interflop-ieee]: load backend with:
Info [interflop-ieee]: debug = false
Info [interflop-ieee]: debug-binary = false
Info [interflop-ieee]: no-backend-name = false
Info [interflop-ieee]: print-new-line = false
Info [interflop-ieee]: print-subnormal-normalized = false
Info [interflop-ieee]: count-op = false
All_Command_lines_OK
Using double precision for computations.
=============================================================================
The composite transform comprises the following transforms (in order): 
  1. Center of mass alignment using fixed image: /templateflow/tpl-MNI152NLin2009cAsym/tpl-MNI152NLin2009cAsym_res-01_desc-brain_T1w.nii.gz and moving image: /home/mdugre/scratch/mri-registration-rp/datasets/ds004513/derivatives/mri-registration-rp/antsBrainExtraction/sub-s003/BrainExtractionBrain.nii.gz (type = Euler3DTransform)
=============================================================================
  number of levels = 1
  fixed image: /templateflow/tpl-MNI152NLin2009cAsym/tpl-MNI152NLin2009cAsym_res-01_desc-brain_T1w.nii.gz
  moving image: /home/mdugre/scratch/mri-registration-rp/datasets/ds004513/derivatives/mri-registration-rp/antsBrainExtraction/sub-s003/BrainExtractionBrain.nii.gz
Dimension = 3
Number of stages = 1
Use histogram matching = false
Winsorize image intensities = true
  Lower quantile = 0.005
  Upper quantile = 0.995


Stage 1 State
   Image metric = MattesMI
     Fixed image = Image (0x4cade70)
  RTTI typeinfo:   itk::Image<double, 3u>
  Reference Count: 2
  Modified Time: 2334
  Debug: Off
  Object Name: 
  Observers: 
    none
  Source: (none)
  Source output name: (none)
  Release Data: Off
  Data Released: False
  Global Release Data: Off
  PipelineMTime: 0
  UpdateMTime: 1943
  RealTimeStamp: 0 seconds 
  LargestPossibleRegion: 
    Dimension: 3
    Index: [0, 0, 0]
    Size: [193, 229, 193]
  BufferedRegion: 
    Dimension: 3
    Index: [0, 0, 0]
    Size: [193, 229, 193]
  RequestedRegion: 
    Dimension: 3
    Index: [0, 0, 0]
    Size: [193, 229, 193]
  Spacing: [1, 1, 1]
  Origin: [96, 132, -78]
  Direction: 
-1 0 0
0 -1 0
0 0 1

  IndexToPointMatrix: 
-1 0 0
0 -1 0
0 0 1

  PointToIndexMatrix: 
-1 0 0
0 -1 0
0 0 1

  Inverse Direction: 
-1 0 0
0 -1 0
0 0 1

  PixelContainer: 
    ImportImageContainer (0x4cba140)
      RTTI typeinfo:   itk::ImportImageContainer<unsigned long, double>
      Reference Count: 1
      Modified Time: 1940
      Debug: Off
      Object Name: 
      Observers: 
        none
      Pointer: 0x147c87072010
      Container manages memory: true
      Size: 8530021
      Capacity: 8530021

     Moving image = Image (0x4cb7310)
  RTTI typeinfo:   itk::Image<double, 3u>
  Reference Count: 2
  Modified Time: 2335
  Debug: Off
  Object Name: 
  Observers: 
    none
  Source: (none)
  Source output name: (none)
  Release Data: Off
  Data Released: False
  Global Release Data: Off
  PipelineMTime: 0
  UpdateMTime: 2332
  RealTimeStamp: 0 seconds 
  LargestPossibleRegion: 
    Dimension: 3
    Index: [0, 0, 0]
    Size: [176, 240, 256]
  BufferedRegion: 
    Dimension: 3
    Index: [0, 0, 0]
    Size: [176, 240, 256]
  RequestedRegion: 
    Dimension: 3
    Index: [0, 0, 0]
    Size: [176, 240, 256]
  Spacing: [0.999999, 1, 1]
  Origin: [93.3499, 86.9368, -128.957]
  Direction: 
-0.999513 -0.0279216 -0.0139567
0.0279189 -0.99961 0.000389866
-0.0139622 2.01492e-08 0.999903

  IndexToPointMatrix: 
-0.999512 -0.0279216 -0.0139567
0.0279189 -0.99961 0.000389866
-0.0139621 2.01492e-08 0.999903

  PointToIndexMatrix: 
-0.999514 0.0279189 -0.0139622
-0.0279216 -0.99961 2.01716e-08
-0.0139567 0.000389866 0.999903

  Inverse Direction: 
-0.999513 0.0279189 -0.0139622
-0.0279216 -0.99961 2.01716e-08
-0.0139567 0.000389866 0.999903

  PixelContainer: 
    ImportImageContainer (0x4de2610)
      RTTI typeinfo:   itk::ImportImageContainer<unsigned long, double>
      Reference Count: 1
      Modified Time: 2329
      Debug: Off
      Object Name: 
      Observers: 
        none
      Pointer: 0x147c81df1010
      Container manages memory: true
      Size: 10813440
      Capacity: 10813440

     Weighting = 1
     Sampling strategy = regular
     Number of bins = 32
     Radius = 4
     Sampling percentage  = 0.25
   Transform = Rigid
     Gradient step = 0.1
     Update field sigma (voxel space) = 0
     Total field sigma (voxel space) = 0
     Update field time sigma = 0
     Total field time sigma  = 0
     Number of time indices = 0
     Number of time point samples = 0
Registration using 1 total stages.

Stage 0
  iterations = 0
  convergence threshold = 1e-06
  convergence window size = 10
  number of levels = 1
  using the Mattes MI metric (number of bins = 32, weight = 1, use gradient filter = 0)
  preprocessing:  winsorizing the image intensities
  Shrink factors (level 1 out of 1): [1, 1, 1]
  smoothing sigmas per level: [0]
  regular sampling (percentage = 0.25)

*** Running Euler3DTransform registration ***

  Elapsed time (stage 0): 1.1145


Total elapsed time: 1.11679
Info [verificarlo]: loaded backend libinterflop_ieee.so
Info [interflop-ieee]: load backend with:
Info [interflop-ieee]: debug = false
Info [interflop-ieee]: debug-binary = false
Info [interflop-ieee]: no-backend-name = false
Info [interflop-ieee]: print-new-line = false
Info [interflop-ieee]: print-subnormal-normalized = false
Info [interflop-ieee]: count-op = false
All_Command_lines_OK
Using double precision for computations.
=============================================================================
The composite transform comprises the following transforms (in order): 
  1. /home/mdugre/scratch/mri-registration-rp/datasets/ds004513/derivatives/mri-registration-rp/0001/antsRegistration-r8-p19/sub-s003/align_Composite.h5[0] (type = Euler3DTransform)
  2. /home/mdugre/scratch/mri-registration-rp/datasets/ds004513/derivatives/mri-registration-rp/0001/antsRegistration-r8-p19/sub-s003/align_Composite.h5[1] (type = Euler3DTransform)
=============================================================================
  number of levels = 4
  fixed image: /templateflow/tpl-MNI152NLin2009cAsym/tpl-MNI152NLin2009cAsym_res-01_desc-brain_T1w.nii.gz
  moving image: /home/mdugre/scratch/mri-registration-rp/datasets/ds004513/derivatives/mri-registration-rp/antsBrainExtraction/sub-s003/BrainExtractionBrain.nii.gz
Dimension = 3
Number of stages = 1
Use histogram matching = false
Winsorize image intensities = true
  Lower quantile = 0.005
  Upper quantile = 0.995


Stage 1 State
   Image metric = MattesMI
     Fixed image = Image (0x523e530)
  RTTI typeinfo:   itk::Image<double, 3u>
  Reference Count: 2
  Modified Time: 1580
  Debug: Off
  Object Name: 
  Observers: 
    none
  Source: (none)
  Source output name: (none)
  Release Data: Off
  Data Released: False
  Global Release Data: Off
  PipelineMTime: 0
  UpdateMTime: 1189
  RealTimeStamp: 0 seconds 
  LargestPossibleRegion: 
    Dimension: 3
    Index: [0, 0, 0]
    Size: [193, 229, 193]
  BufferedRegion: 
    Dimension: 3
    Index: [0, 0, 0]
    Size: [193, 229, 193]
  RequestedRegion: 
    Dimension: 3
    Index: [0, 0, 0]
    Size: [193, 229, 193]
  Spacing: [1, 1, 1]
  Origin: [96, 132, -78]
  Direction: 
-1 0 0
0 -1 0
0 0 1

  IndexToPointMatrix: 
-1 0 0
0 -1 0
0 0 1

  PointToIndexMatrix: 
-1 0 0
0 -1 0
0 0 1

  Inverse Direction: 
-1 0 0
0 -1 0
0 0 1

  PixelContainer: 
    ImportImageContainer (0x52fcd60)
      RTTI typeinfo:   itk::ImportImageContainer<unsigned long, double>
      Reference Count: 1
      Modified Time: 1186
      Debug: Off
      Object Name: 
      Observers: 
        none
      Pointer: 0x14be4cef3010
      Container manages memory: true
      Size: 8530021
      Capacity: 8530021

     Moving image = Image (0x52eef60)
  RTTI typeinfo:   itk::Image<double, 3u>
  Reference Count: 2
  Modified Time: 1581
  Debug: Off
  Object Name: 
  Observers: 
    none
  Source: (none)
  Source output name: (none)
  Release Data: Off
  Data Released: False
  Global Release Data: Off
  PipelineMTime: 0
  UpdateMTime: 1578
  RealTimeStamp: 0 seconds 
  LargestPossibleRegion: 
    Dimension: 3
    Index: [0, 0, 0]
    Size: [176, 240, 256]
  BufferedRegion: 
    Dimension: 3
    Index: [0, 0, 0]
    Size: [176, 240, 256]
  RequestedRegion: 
    Dimension: 3
    Index: [0, 0, 0]
    Size: [176, 240, 256]
  Spacing: [0.999999, 1, 1]
  Origin: [93.3499, 86.9368, -128.957]
  Direction: 
-0.999513 -0.0279216 -0.0139567
0.0279189 -0.99961 0.000389866
-0.0139622 2.01492e-08 0.999903

  IndexToPointMatrix: 
-0.999512 -0.0279216 -0.0139567
0.0279189 -0.99961 0.000389866
-0.0139621 2.01492e-08 0.999903

  PointToIndexMatrix: 
-0.999514 0.0279189 -0.0139622
-0.0279216 -0.99961 2.01716e-08
-0.0139567 0.000389866 0.999903

  Inverse Direction: 
-0.999513 0.0279189 -0.0139622
-0.0279216 -0.99961 2.01716e-08
-0.0139567 0.000389866 0.999903

  PixelContainer: 
    ImportImageContainer (0x52e06d0)
      RTTI typeinfo:   itk::ImportImageContainer<unsigned long, double>
      Reference Count: 1
      Modified Time: 1575
      Debug: Off
      Object Name: 
      Observers: 
        none
      Pointer: 0x14be47c72010
      Container manages memory: true
      Size: 10813440
      Capacity: 10813440

     Weighting = 1
     Sampling strategy = regular
     Number of bins = 32
     Radius = 4
     Sampling percentage  = 0.25
   Transform = Rigid
     Gradient step = 0.1
     Update field sigma (voxel space) = 0
     Total field sigma (voxel space) = 0
     Update field time sigma = 0
     Total field time sigma  = 0
     Number of time indices = 0
     Number of time point samples = 0
Registration using 1 total stages.

Stage 0
  iterations = 1000x500x250x100
  convergence threshold = 1e-06
  convergence window size = 10
  number of levels = 4
  using the Mattes MI metric (number of bins = 32, weight = 1, use gradient filter = 0)
  preprocessing:  winsorizing the image intensities
  Shrink factors (level 1 out of 4): [8, 8, 8]
  Shrink factors (level 2 out of 4): [4, 4, 4]
  Shrink factors (level 3 out of 4): [2, 2, 2]
  Shrink factors (level 4 out of 4): [1, 1, 1]
  smoothing sigmas per level: [3, 2, 1, 0]
  regular sampling (percentage = 0.25)

*** Running Euler3DTransform registration ***

DIAGNOSTIC,Iteration,metricValue,convergenceValue,ITERATION_TIME_INDEX,SINCE_LAST
 2DIAGNOSTIC,     1, -4.871187133941e-01, 1.797693134862e+308, 8.1391e-01, 8.1391e-01, 
 2DIAGNOSTIC,     2, -4.887966556740e-01, 1.797693134862e+308, 8.1861e-01, 4.6961e-03, 
 2DIAGNOSTIC,     3, -4.919242839642e-01, 1.797693134862e+308, 8.2377e-01, 5.1620e-03, 
 2DIAGNOSTIC,     4, -5.019092629522e-01, 1.797693134862e+308, 8.2834e-01, 4.5700e-03, 
 2DIAGNOSTIC,     5, -5.198319788477e-01, 1.797693134862e+308, 8.3300e-01, 4.6570e-03, 
 2DIAGNOSTIC,     6, -5.251449584180e-01, 1.797693134862e+308, 8.3739e-01, 4.3890e-03, 
 2DIAGNOSTIC,     7, -5.365118080768e-01, 1.797693134862e+308, 8.4225e-01, 4.8609e-03, 
 2DIAGNOSTIC,     8, -5.564319077261e-01, 1.797693134862e+308, 8.4892e-01, 6.6710e-03, 
 2DIAGNOSTIC,     9, -5.572786469687e-01, 1.797693134862e+308, 8.5331e-01, 4.3950e-03, 
 2DIAGNOSTIC,    10, -5.597886110608e-01, 1.060089541986e-02, 8.5856e-01, 5.2519e-03, 
 2DIAGNOSTIC,    11, -5.645450860914e-01, 9.471656029002e-03, 8.6321e-01, 4.6470e-03, 
 2DIAGNOSTIC,    12, -5.675342641672e-01, 7.901754414630e-03, 8.6917e-01, 5.9540e-03, 
 2DIAGNOSTIC,    13, -5.685174641935e-01, 6.033280802480e-03, 8.7454e-01, 5.3730e-03, 
 2DIAGNOSTIC,    14, -5.693412095342e-01, 4.302087948770e-03, 8.8070e-01, 6.1591e-03, 
 2DIAGNOSTIC,    15, -5.718972801998e-01, 3.155204981955e-03, 8.8609e-01, 5.3911e-03, 
 2DIAGNOSTIC,    16, -5.734788767073e-01, 2.091398053253e-03, 8.9079e-01, 4.7040e-03, 
 2DIAGNOSTIC,    17, -5.737823402463e-01, 1.310029424175e-03, 8.9548e-01, 4.6890e-03, 
 2DIAGNOSTIC,    18, -5.749452616696e-01, 1.114936190121e-03, 9.0019e-01, 4.7128e-03, 
 2DIAGNOSTIC,    19, -5.774392255371e-01, 9.301256922528e-04, 9.0744e-01, 7.2479e-03, 
 2DIAGNOSTIC,    20, -5.782944999905e-01, 7.612328990760e-04, 9.1286e-01, 5.4209e-03, 
 2DIAGNOSTIC,    21, -5.788863756113e-01, 6.687985512764e-04, 9.1777e-01, 4.9100e-03, 
 2DIAGNOSTIC,    22, -5.857337702645e-01, 7.546209621266e-04, 9.2275e-01, 4.9760e-03, 
 2DIAGNOSTIC,    23, -6.028589200861e-01, 1.162232408588e-03, 9.2828e-01, 5.5261e-03, 
 2DIAGNOSTIC,    24, -6.086613841095e-01, 1.554691252737e-03, 9.3533e-01, 7.0550e-03, 
 2DIAGNOSTIC,    25, -6.127624311534e-01, 1.904928874449e-03, 9.4074e-01, 5.4128e-03, 
 2DIAGNOSTIC,    26, -6.171330103123e-01, 2.167612436536e-03, 9.4645e-01, 5.7061e-03, 
 2DIAGNOSTIC,    27, -6.180829715425e-01, 2.226134253802e-03, 9.5144e-01, 4.9951e-03, 
 2DIAGNOSTIC,    28, -6.204355230285e-01, 2.128618128148e-03, 9.5722e-01, 5.7759e-03, 
 2DIAGNOSTIC,    29, -6.216541947688e-01, 1.901236653328e-03, 9.6474e-01, 7.5200e-03, 
 2DIAGNOSTIC,    30, -6.252686888603e-01, 1.589741152547e-03, 9.7202e-01, 7.2811e-03, 
 2DIAGNOSTIC,    31, -6.305777231893e-01, 1.244381016731e-03, 9.7789e-01, 5.8699e-03, 
 2DIAGNOSTIC,    32, -6.437126914092e-01, 1.107471738060e-03, 9.8585e-01, 7.9579e-03, 
 2DIAGNOSTIC,    33, -6.470256642358e-01, 1.176381883692e-03, 9.9083e-01, 4.9810e-03, 
 2DIAGNOSTIC,    34, -6.489211562206e-01, 1.241887352003e-03, 9.9900e-01, 8.1670e-03, 
 2DIAGNOSTIC,    35, -6.509315257963e-01, 1.271879070382e-03, 1.0038e+00, 4.8339e-03, 
 2DIAGNOSTIC,    36, -6.520048916235e-01, 1.251973981072e-03, 1.0087e+00, 4.8220e-03, 
 2DIAGNOSTIC,    37, -6.528674909575e-01, 1.135509908770e-03, 1.0135e+00, 4.8389e-03, 
 2DIAGNOSTIC,    38, -6.532432194733e-01, 9.531142439455e-04, 1.0183e+00, 4.8161e-03, 
 2DIAGNOSTIC,    39, -6.541851190240e-01, 7.192198340321e-04, 1.0249e+00, 6.6350e-03, 
 2DIAGNOSTIC,    40, -6.542266336103e-01, 4.742786993247e-04, 1.0297e+00, 4.7379e-03, 
 2DIAGNOSTIC,    41, -6.546744344292e-01, 2.614635432968e-04, 1.0345e+00, 4.8490e-03, 
 2DIAGNOSTIC,    42, -6.552194901923e-01, 1.909672394318e-04, 1.0409e+00, 6.3970e-03, 
 2DIAGNOSTIC,    43, -6.554113488316e-01, 1.446618592982e-04, 1.0456e+00, 4.6661e-03, 
 2DIAGNOSTIC,    44, -6.553649491084e-01, 1.066301866369e-04, 1.0502e+00, 4.5612e-03, 
 2DIAGNOSTIC,    45, -6.555142887500e-01, 8.318152890207e-05, 1.0548e+00, 4.6000e-03, 
 2DIAGNOSTIC,    46, -6.555931732019e-01, 6.474340866380e-05, 1.0604e+00, 5.6632e-03, 
 2DIAGNOSTIC,    47, -6.557585293209e-01, 5.132838458718e-05, 1.0656e+00, 5.2118e-03, 
 2DIAGNOSTIC,    48, -6.556230839433e-01, 3.581023473265e-05, 1.0719e+00, 6.2490e-03, 
 2DIAGNOSTIC,    49, -6.557491438682e-01, 2.813496276294e-05, 1.0774e+00, 5.5089e-03, 
 2DIAGNOSTIC,    50, -6.556010093020e-01, 1.708419505086e-05, 1.0819e+00, 4.5481e-03, 
 2DIAGNOSTIC,    51, -6.556133573690e-01, 9.070408760071e-06, 1.0865e+00, 4.5910e-03, 
 2DIAGNOSTIC,    52, -6.556338352510e-01, 5.651308329430e-06, 1.0912e+00, 4.6420e-03, 
 2DIAGNOSTIC,    53, -6.557633369570e-01, 4.768832256138e-06, 1.0964e+00, 5.2428e-03, 
 2DIAGNOSTIC,    54, -6.559344093020e-01, 4.567485677488e-06, 1.1019e+00, 5.5339e-03, 
 2DIAGNOSTIC,    55, -6.560793973967e-01, 6.475096207416e-06, 1.1094e+00, 7.4151e-03, 
 2DIAGNOSTIC,    56, -6.558802474596e-01, 6.709545268321e-06, 1.1151e+00, 5.6939e-03, 
 2DIAGNOSTIC,    57, -6.558854249827e-01, 7.849261028075e-06, 1.1199e+00, 4.8718e-03, 
 2DIAGNOSTIC,    58, -6.558054315880e-01, 6.450918524296e-06, 1.1246e+00, 4.6911e-03, 
 2DIAGNOSTIC,    59, -6.559075749130e-01, 6.342640173383e-06, 1.1299e+00, 5.2531e-03, 
 2DIAGNOSTIC,    60, -6.556626465122e-01, 2.603473175582e-06, 1.1345e+00, 4.6790e-03, 
DIAGNOSTIC,Iteration,metricValue,convergenceValue,ITERATION_TIME_INDEX,SINCE_LAST
 2DIAGNOSTIC,     1, -5.251425843288e-01, 1.797693134862e+308, 1.9945e+00, 8.5998e-01, 
 2DIAGNOSTIC,     2, -5.257723230944e-01, 1.797693134862e+308, 2.0274e+00, 3.2829e-02, 
 2DIAGNOSTIC,     3, -5.265204656230e-01, 1.797693134862e+308, 2.0615e+00, 3.4150e-02, 
 2DIAGNOSTIC,     4, -5.272914644252e-01, 1.797693134862e+308, 2.0958e+00, 3.4318e-02, 
 2DIAGNOSTIC,     5, -5.278312253104e-01, 1.797693134862e+308, 2.1313e+00, 3.5504e-02, 
 2DIAGNOSTIC,     6, -5.281549510575e-01, 1.797693134862e+308, 2.1650e+00, 3.3639e-02, 
 2DIAGNOSTIC,     7, -5.294452231911e-01, 1.797693134862e+308, 2.2013e+00, 3.6333e-02, 
 2DIAGNOSTIC,     8, -5.311780772141e-01, 1.797693134862e+308, 2.2529e+00, 5.1563e-02, 
 2DIAGNOSTIC,     9, -5.314037977208e-01, 1.797693134862e+308, 2.2904e+00, 3.7518e-02, 
 2DIAGNOSTIC,    10, -5.315003253249e-01, 8.425789430520e-04, 2.3269e+00, 3.6504e-02, 
 2DIAGNOSTIC,    11, -5.318993112586e-01, 7.427392306863e-04, 2.3640e+00, 3.7079e-02, 
 2DIAGNOSTIC,    12, -5.340142588166e-01, 7.142033286094e-04, 2.4109e+00, 4.6974e-02, 
 2DIAGNOSTIC,    13, -5.353773804132e-01, 7.088128551813e-04, 2.4518e+00, 4.0889e-02, 
 2DIAGNOSTIC,    14, -5.359014786763e-01, 6.893291578631e-04, 2.4982e+00, 4.6386e-02, 
 2DIAGNOSTIC,    15, -5.361923225958e-01, 6.418093496568e-04, 2.5323e+00, 3.4095e-02, 
 2DIAGNOSTIC,    16, -5.363876053176e-01, 5.587794800083e-04, 2.5652e+00, 3.2883e-02, 
 2DIAGNOSTIC,    17, -5.364774731646e-01, 4.752620907396e-04, 2.5971e+00, 3.1957e-02, 
 2DIAGNOSTIC,    18, -5.365804350597e-01, 4.111297502704e-04, 2.6318e+00, 3.4679e-02, 
 2DIAGNOSTIC,    19, -5.367573409205e-01, 3.278564570032e-04, 2.6693e+00, 3.7511e-02, 
 2DIAGNOSTIC,    20, -5.370295572247e-01, 2.332358666494e-04, 2.7142e+00, 4.4888e-02, 
 2DIAGNOSTIC,    21, -5.370804371673e-01, 1.364480641439e-04, 2.7526e+00, 3.8380e-02, 
 2DIAGNOSTIC,    22, -5.370872488771e-01, 8.678733864678e-05, 2.7918e+00, 3.9145e-02, 
 2DIAGNOSTIC,    23, -5.370767966054e-01, 6.473322415947e-05, 2.8323e+00, 4.0596e-02, 
 2DIAGNOSTIC,    24, -5.370723379788e-01, 4.997265465459e-05, 2.8644e+00, 3.2004e-02, 
 2DIAGNOSTIC,    25, -5.370613930272e-01, 3.763133373626e-05, 2.8989e+00, 3.4590e-02, 
 2DIAGNOSTIC,    26, -5.370642016463e-01, 2.688397080348e-05, 2.9346e+00, 3.5688e-02, 
 2DIAGNOSTIC,    27, -5.370611357462e-01, 1.629643677951e-05, 2.9671e+00, 3.2447e-02, 
 2DIAGNOSTIC,    28, -5.370683405620e-01, 7.125292330525e-06, 2.9986e+00, 3.1517e-02, 
 2DIAGNOSTIC,    29, -5.370879807207e-01, 1.504941051299e-06, 3.0313e+00, 3.2733e-02, 
 2DIAGNOSTIC,    30, -5.371077429626e-01, 1.373028623165e-06, 3.0704e+00, 3.9059e-02, 
 2DIAGNOSTIC,    31, -5.371078733713e-01, 2.086474573768e-06, 3.1061e+00, 3.5719e-02, 
 2DIAGNOSTIC,    32, -5.371743682124e-01, 3.885117895001e-06, 3.1447e+00, 3.8609e-02, 
 2DIAGNOSTIC,    33, -5.371886736231e-01, 5.334891525439e-06, 3.2080e+00, 6.3286e-02, 
 2DIAGNOSTIC,    34, -5.371910131772e-01, 6.255417009840e-06, 3.2511e+00, 4.3120e-02, 
 2DIAGNOSTIC,    35, -5.371837086332e-01, 6.352631264878e-06, 3.3267e+00, 7.5620e-02, 
 2DIAGNOSTIC,    36, -5.371837086638e-01, 5.978214503408e-06, 3.3779e+00, 5.1128e-02, 
 2DIAGNOSTIC,    37, -5.371837086646e-01, 5.083186144030e-06, 3.4415e+00, 6.3611e-02, 
 2DIAGNOSTIC,    38, -5.371837086646e-01, 3.921387912238e-06, 3.4794e+00, 3.7878e-02, 
 2DIAGNOSTIC,    39, -5.371837086646e-01, 2.799911328646e-06, 3.5165e+00, 3.7140e-02, 
 2DIAGNOSTIC,    40, -5.371837086646e-01, 1.823845369543e-06, 3.5586e+00, 4.2095e-02, 
DIAGNOSTIC,Iteration,metricValue,convergenceValue,ITERATION_TIME_INDEX,SINCE_LAST
 2DIAGNOSTIC,     1, -4.770261531967e-01, 1.797693134862e+308, 4.7749e+00, 1.2163e+00, 
 2DIAGNOSTIC,     2, -4.772226380109e-01, 1.797693134862e+308, 5.0270e+00, 2.5207e-01, 
 2DIAGNOSTIC,     3, -4.774126647823e-01, 1.797693134862e+308, 5.2844e+00, 2.5747e-01, 
 2DIAGNOSTIC,     4, -4.775087456631e-01, 1.797693134862e+308, 5.5716e+00, 2.8717e-01, 
 2DIAGNOSTIC,     5, -4.775291880594e-01, 1.797693134862e+308, 5.8383e+00, 2.6674e-01, 
 2DIAGNOSTIC,     6, -4.775571699829e-01, 1.797693134862e+308, 6.0870e+00, 2.4863e-01, 
 2DIAGNOSTIC,     7, -4.777041802276e-01, 1.797693134862e+308, 6.3519e+00, 2.6498e-01, 
 2DIAGNOSTIC,     8, -4.779615210007e-01, 1.797693134862e+308, 6.9160e+00, 5.6403e-01, 
 2DIAGNOSTIC,     9, -4.779656322533e-01, 1.797693134862e+308, 7.2640e+00, 3.4804e-01, 
 2DIAGNOSTIC,    10, -4.779648622452e-01, 1.263088421827e-04, 7.6105e+00, 3.4644e-01, 
 2DIAGNOSTIC,    11, -4.779637381322e-01, 9.866374681738e-05, 7.9184e+00, 3.0797e-01, 
 2DIAGNOSTIC,    12, -4.779626219337e-01, 7.636195679565e-05, 8.2372e+00, 3.1880e-01, 
 2DIAGNOSTIC,    13, -4.779609277888e-01, 5.913974097901e-05, 8.5484e+00, 3.1112e-01, 
 2DIAGNOSTIC,    14, -4.779621545391e-01, 4.341366274836e-05, 8.8367e+00, 2.8833e-01, 
 2DIAGNOSTIC,    15, -4.779618830825e-01, 2.703192031910e-05, 9.0973e+00, 2.6064e-01, 
 2DIAGNOSTIC,    16, -4.779611828977e-01, 1.139096476116e-05, 9.3826e+00, 2.8526e-01, 
 2DIAGNOSTIC,    17, -4.779623770930e-01, 1.657108750636e-06, 9.6767e+00, 2.9407e-01, 
 2DIAGNOSTIC,    18, -4.779639117270e-01, 1.575379972155e-06, 9.9654e+00, 2.8879e-01, 
 2DIAGNOSTIC,    19, -4.779637754385e-01, 1.642559720225e-06, 1.0238e+01, 2.7207e-01, 
 2DIAGNOSTIC,    20, -4.779652129164e-01, 1.726933666416e-06, 1.0541e+01, 3.0387e-01, 
 2DIAGNOSTIC,    21, -4.779638953202e-01, 1.722083675784e-06, 1.0882e+01, 3.4111e-01, 
 2DIAGNOSTIC,    22, -4.779632460743e-01, 1.653028289500e-06, 1.1166e+01, 2.8364e-01, 
 2DIAGNOSTIC,    23, -4.779618673704e-01, 1.489794382678e-06, 1.1472e+01, 3.0562e-01, 
 2DIAGNOSTIC,    24, -4.779605264648e-01, 1.327874942836e-06, 1.1733e+01, 2.6082e-01, 
 2DIAGNOSTIC,    25, -4.779609286118e-01, 1.183066775705e-06, 1.1994e+01, 2.6107e-01, 
 2DIAGNOSTIC,    26, -4.779608224520e-01, 1.038276278897e-06, 1.2275e+01, 2.8101e-01, 
DIAGNOSTIC,Iteration,metricValue,convergenceValue,ITERATION_TIME_INDEX,SINCE_LAST
 2DIAGNOSTIC,     1, -4.449506717084e-01, 1.797693134862e+308, 1.5233e+01, 2.9582e+00, 
 2DIAGNOSTIC,     2, -4.449973329421e-01, 1.797693134862e+308, 1.6920e+01, 1.6873e+00, 
 2DIAGNOSTIC,     3, -4.450438949258e-01, 1.797693134862e+308, 1.8602e+01, 1.6821e+00, 
 2DIAGNOSTIC,     4, -4.450671405022e-01, 1.797693134862e+308, 2.0772e+01, 2.1699e+00, 
 2DIAGNOSTIC,     5, -4.450795327854e-01, 1.797693134862e+308, 2.2335e+01, 1.5627e+00, 
 2DIAGNOSTIC,     6, -4.450842435548e-01, 1.797693134862e+308, 2.3993e+01, 1.6580e+00, 
 2DIAGNOSTIC,     7, -4.451104246601e-01, 1.797693134862e+308, 2.5654e+01, 1.6610e+00, 
 2DIAGNOSTIC,     8, -4.451682011716e-01, 1.797693134862e+308, 2.7778e+01, 2.1239e+00, 
 2DIAGNOSTIC,     9, -4.451779596729e-01, 1.797693134862e+308, 3.0554e+01, 2.7764e+00, 
 2DIAGNOSTIC,    10, -4.451779243541e-01, 3.468170147024e-05, 3.2763e+01, 2.2093e+00, 
 2DIAGNOSTIC,    11, -4.451779262671e-01, 2.734271383417e-05, 3.4597e+01, 1.8332e+00, 
 2DIAGNOSTIC,    12, -4.451779142794e-01, 2.144409284717e-05, 3.6468e+01, 1.8717e+00, 
 2DIAGNOSTIC,    13, -4.451777138144e-01, 1.695729911375e-05, 3.8249e+01, 1.7809e+00, 
 2DIAGNOSTIC,    14, -4.451776273484e-01, 1.283861506897e-05, 4.0071e+01, 1.8219e+00, 
 2DIAGNOSTIC,    15, -4.451773324025e-01, 8.865756374515e-06, 4.1905e+01, 1.8336e+00, 
 2DIAGNOSTIC,    16, -4.451772375076e-01, 4.959626141873e-06, 4.3741e+01, 1.8366e+00, 
 2DIAGNOSTIC,    17, -4.451772193695e-01, 2.164320027476e-06, 4.5379e+01, 1.6374e+00, 
 2DIAGNOSTIC,    18, -4.451773756574e-01, 1.697562069997e-06, 4.7221e+01, 1.8426e+00, 
 2DIAGNOSTIC,    19, -4.451773236588e-01, 1.612530246900e-06, 4.8798e+01, 1.5768e+00, 
 2DIAGNOSTIC,    20, -4.451772948764e-01, 1.539872101781e-06, 5.0436e+01, 1.6378e+00, 
 2DIAGNOSTIC,    21, -4.451773624798e-01, 1.481041090559e-06, 5.2118e+01, 1.6820e+00, 
 2DIAGNOSTIC,    22, -4.451773166044e-01, 1.428949945356e-06, 5.3941e+01, 1.8234e+00, 
 2DIAGNOSTIC,    23, -4.451771771745e-01, 1.373459945060e-06, 5.5833e+01, 1.8916e+00, 
 2DIAGNOSTIC,    24, -4.451771323548e-01, 1.320329543406e-06, 5.7467e+01, 1.6337e+00, 
 2DIAGNOSTIC,    25, -4.451771157185e-01, 1.264091138597e-06, 5.9376e+01, 1.9095e+00, 
 2DIAGNOSTIC,    26, -4.451771606768e-01, 1.211703506483e-06, 6.1239e+01, 1.8627e+00, 
 2DIAGNOSTIC,    27, -4.451771017971e-01, 1.162332227633e-06, 6.3170e+01, 1.9311e+00, 
 2DIAGNOSTIC,    28, -4.451768662606e-01, 1.116338036650e-06, 6.4836e+01, 1.6663e+00, 
 2DIAGNOSTIC,    29, -4.451767370118e-01, 1.071595087845e-06, 6.6604e+01, 1.7675e+00, 
 2DIAGNOSTIC,    30, -4.451767706766e-01, 1.032240834309e-06, 6.8433e+01, 1.8288e+00, 
  Elapsed time (stage 0): 6.9346e+01


Total elapsed time: 6.9349e+01
Info [verificarlo]: loaded backend libinterflop_ieee.so
Info [interflop-ieee]: load backend with:
Info [interflop-ieee]: debug = false
Info [interflop-ieee]: debug-binary = false
Info [interflop-ieee]: no-backend-name = false
Info [interflop-ieee]: print-new-line = false
Info [interflop-ieee]: print-subnormal-normalized = false
Info [interflop-ieee]: count-op = false
All_Command_lines_OK
Using double precision for computations.
=============================================================================
The composite transform comprises the following transforms (in order): 
  1. /home/mdugre/scratch/mri-registration-rp/datasets/ds004513/derivatives/mri-registration-rp/0001/antsRegistration-r8-p19/sub-s003/rigid_Composite.h5[0] (type = Euler3DTransform)
  2. /home/mdugre/scratch/mri-registration-rp/datasets/ds004513/derivatives/mri-registration-rp/0001/antsRegistration-r8-p19/sub-s003/rigid_Composite.h5[1] (type = Euler3DTransform)
  3. /home/mdugre/scratch/mri-registration-rp/datasets/ds004513/derivatives/mri-registration-rp/0001/antsRegistration-r8-p19/sub-s003/rigid_Composite.h5[2] (type = Euler3DTransform)
=============================================================================
  number of levels = 4
  fixed image: /templateflow/tpl-MNI152NLin2009cAsym/tpl-MNI152NLin2009cAsym_res-01_desc-brain_T1w.nii.gz
  moving image: /home/mdugre/scratch/mri-registration-rp/datasets/ds004513/derivatives/mri-registration-rp/antsBrainExtraction/sub-s003/BrainExtractionBrain.nii.gz
Dimension = 3
Number of stages = 1
Use histogram matching = false
Winsorize image intensities = true
  Lower quantile = 0.005
  Upper quantile = 0.995


Stage 1 State
   Image metric = MattesMI
     Fixed image = Image (0x3c307e0)
  RTTI typeinfo:   itk::Image<double, 3u>
  Reference Count: 2
  Modified Time: 1594
  Debug: Off
  Object Name: 
  Observers: 
    none
  Source: (none)
  Source output name: (none)
  Release Data: Off
  Data Released: False
  Global Release Data: Off
  PipelineMTime: 0
  UpdateMTime: 1203
  RealTimeStamp: 0 seconds 
  LargestPossibleRegion: 
    Dimension: 3
    Index: [0, 0, 0]
    Size: [193, 229, 193]
  BufferedRegion: 
    Dimension: 3
    Index: [0, 0, 0]
    Size: [193, 229, 193]
  RequestedRegion: 
    Dimension: 3
    Index: [0, 0, 0]
    Size: [193, 229, 193]
  Spacing: [1, 1, 1]
  Origin: [96, 132, -78]
  Direction: 
-1 0 0
0 -1 0
0 0 1

  IndexToPointMatrix: 
-1 0 0
0 -1 0
0 0 1

  PointToIndexMatrix: 
-1 0 0
0 -1 0
0 0 1

  Inverse Direction: 
-1 0 0
0 -1 0
0 0 1

  PixelContainer: 
    ImportImageContainer (0x3cf0a20)
      RTTI typeinfo:   itk::ImportImageContainer<unsigned long, double>
      Reference Count: 1
      Modified Time: 1200
      Debug: Off
      Object Name: 
      Observers: 
        none
      Pointer: 0x14640e68c010
      Container manages memory: true
      Size: 8530021
      Capacity: 8530021

     Moving image = Image (0x3cebd70)
  RTTI typeinfo:   itk::Image<double, 3u>
  Reference Count: 2
  Modified Time: 1595
  Debug: Off
  Object Name: 
  Observers: 
    none
  Source: (none)
  Source output name: (none)
  Release Data: Off
  Data Released: False
  Global Release Data: Off
  PipelineMTime: 0
  UpdateMTime: 1592
  RealTimeStamp: 0 seconds 
  LargestPossibleRegion: 
    Dimension: 3
    Index: [0, 0, 0]
    Size: [176, 240, 256]
  BufferedRegion: 
    Dimension: 3
    Index: [0, 0, 0]
    Size: [176, 240, 256]
  RequestedRegion: 
    Dimension: 3
    Index: [0, 0, 0]
    Size: [176, 240, 256]
  Spacing: [0.999999, 1, 1]
  Origin: [93.3499, 86.9368, -128.957]
  Direction: 
-0.999513 -0.0279216 -0.0139567
0.0279189 -0.99961 0.000389866
-0.0139622 2.01492e-08 0.999903

  IndexToPointMatrix: 
-0.999512 -0.0279216 -0.0139567
0.0279189 -0.99961 0.000389866
-0.0139621 2.01492e-08 0.999903

  PointToIndexMatrix: 
-0.999514 0.0279189 -0.0139622
-0.0279216 -0.99961 2.01716e-08
-0.0139567 0.000389866 0.999903

  Inverse Direction: 
-0.999513 0.0279189 -0.0139622
-0.0279216 -0.99961 2.01716e-08
-0.0139567 0.000389866 0.999903

  PixelContainer: 
    ImportImageContainer (0x3ca3c90)
      RTTI typeinfo:   itk::ImportImageContainer<unsigned long, double>
      Reference Count: 1
      Modified Time: 1589
      Debug: Off
      Object Name: 
      Observers: 
        none
      Pointer: 0x14640940b010
      Container manages memory: true
      Size: 10813440
      Capacity: 10813440

     Weighting = 1
     Sampling strategy = regular
     Number of bins = 32
     Radius = 4
     Sampling percentage  = 0.25
   Transform = Affine
     Gradient step = 0.1
     Update field sigma (voxel space) = 0
     Total field sigma (voxel space) = 0
     Update field time sigma = 0
     Total field time sigma  = 0
     Number of time indices = 0
     Number of time point samples = 0
Registration using 1 total stages.

Stage 0
  iterations = 1000x500x250x100
  convergence threshold = 1e-06
  convergence window size = 10
  number of levels = 4
  using the Mattes MI metric (number of bins = 32, weight = 1, use gradient filter = 0)
  preprocessing:  winsorizing the image intensities
  Shrink factors (level 1 out of 4): [8, 8, 8]
  Shrink factors (level 2 out of 4): [4, 4, 4]
  Shrink factors (level 3 out of 4): [2, 2, 2]
  Shrink factors (level 4 out of 4): [1, 1, 1]
  smoothing sigmas per level: [3, 2, 1, 0]
  regular sampling (percentage = 0.25)

*** Running AffineTransform registration ***

DIAGNOSTIC,Iteration,metricValue,convergenceValue,ITERATION_TIME_INDEX,SINCE_LAST
 2DIAGNOSTIC,     1, -6.621141486424e-01, 1.797693134862e+308, 8.3620e-01, 8.3620e-01, 
 2DIAGNOSTIC,     2, -6.646868744763e-01, 1.797693134862e+308, 8.4178e-01, 5.5790e-03, 
 2DIAGNOSTIC,     3, -6.692079054119e-01, 1.797693134862e+308, 8.4715e-01, 5.3661e-03, 
 2DIAGNOSTIC,     4, -6.766391301466e-01, 1.797693134862e+308, 8.5233e-01, 5.1820e-03, 
 2DIAGNOSTIC,     5, -6.851813058501e-01, 1.797693134862e+308, 8.5707e-01, 4.7381e-03, 
 2DIAGNOSTIC,     6, -6.960284851583e-01, 1.797693134862e+308, 8.6248e-01, 5.4162e-03, 
 2DIAGNOSTIC,     7, -7.163966526217e-01, 1.797693134862e+308, 8.6825e-01, 5.7709e-03, 
 2DIAGNOSTIC,     8, -7.232393854315e-01, 1.797693134862e+308, 8.7514e-01, 6.8898e-03, 
 2DIAGNOSTIC,     9, -7.229105588253e-01, 1.797693134862e+308, 8.8214e-01, 6.9969e-03, 
 2DIAGNOSTIC,    10, -7.230181807263e-01, 6.968061580517e-03, 8.8856e-01, 6.4189e-03, 
 2DIAGNOSTIC,    11, -7.229131215683e-01, 5.895175237492e-03, 8.9499e-01, 6.4280e-03, 
 2DIAGNOSTIC,    12, -7.228671113460e-01, 4.555720936454e-03, 9.0301e-01, 8.0261e-03, 
 2DIAGNOSTIC,    13, -7.228907383599e-01, 3.156867417228e-03, 9.0884e-01, 5.8281e-03, 
 2DIAGNOSTIC,    14, -7.228057935208e-01, 1.895897224736e-03, 9.1429e-01, 5.4440e-03, 
 2DIAGNOSTIC,    15, -7.226312490454e-01, 8.617610036113e-04, 9.1990e-01, 5.6121e-03, 
 2DIAGNOSTIC,    16, -7.225746659276e-01, 1.408198458437e-04, 9.2538e-01, 5.4820e-03, 
DIAGNOSTIC,Iteration,metricValue,convergenceValue,ITERATION_TIME_INDEX,SINCE_LAST
 2DIAGNOSTIC,     1, -5.942564282530e-01, 1.797693134862e+308, 1.8232e+00, 8.9782e-01, 
 2DIAGNOSTIC,     2, -5.945912051494e-01, 1.797693134862e+308, 1.8586e+00, 3.5375e-02, 
 2DIAGNOSTIC,     3, -5.952141320913e-01, 1.797693134862e+308, 1.8980e+00, 3.9384e-02, 
 2DIAGNOSTIC,     4, -5.953061749513e-01, 1.797693134862e+308, 1.9413e+00, 4.3329e-02, 
 2DIAGNOSTIC,     5, -5.952636591596e-01, 1.797693134862e+308, 1.9806e+00, 3.9311e-02, 
 2DIAGNOSTIC,     6, -5.951778632915e-01, 1.797693134862e+308, 2.0328e+00, 5.2219e-02, 
 2DIAGNOSTIC,     7, -5.951428632283e-01, 1.797693134862e+308, 2.0874e+00, 5.4595e-02, 
 2DIAGNOSTIC,     8, -5.951652409833e-01, 1.797693134862e+308, 2.1278e+00, 4.0433e-02, 
 2DIAGNOSTIC,     9, -5.951508742977e-01, 1.797693134862e+308, 2.1758e+00, 4.7944e-02, 
 2DIAGNOSTIC,    10, -5.951431064394e-01, 6.292484284239e-05, 2.2192e+00, 4.3444e-02, 
 2DIAGNOSTIC,    11, -5.951508442431e-01, 1.751694452801e-05, 2.2651e+00, 4.5847e-02, 
DIAGNOSTIC,Iteration,metricValue,convergenceValue,ITERATION_TIME_INDEX,SINCE_LAST
 2DIAGNOSTIC,     1, -5.223703960822e-01, 1.797693134862e+308, 3.5247e+00, 1.2596e+00, 
 2DIAGNOSTIC,     2, -5.226541956337e-01, 1.797693134862e+308, 3.8230e+00, 2.9827e-01, 
 2DIAGNOSTIC,     3, -5.228732052868e-01, 1.797693134862e+308, 4.1485e+00, 3.2550e-01, 
 2DIAGNOSTIC,     4, -5.229358711060e-01, 1.797693134862e+308, 4.5281e+00, 3.7963e-01, 
 2DIAGNOSTIC,     5, -5.229484745107e-01, 1.797693134862e+308, 4.8535e+00, 3.2537e-01, 
 2DIAGNOSTIC,     6, -5.229606160610e-01, 1.797693134862e+308, 5.2274e+00, 3.7392e-01, 
 2DIAGNOSTIC,     7, -5.229573104131e-01, 1.797693134862e+308, 5.6924e+00, 4.6502e-01, 
 2DIAGNOSTIC,     8, -5.229563124594e-01, 1.797693134862e+308, 6.1591e+00, 4.6668e-01, 
 2DIAGNOSTIC,     9, -5.229565695083e-01, 1.797693134862e+308, 6.4802e+00, 3.2113e-01, 
 2DIAGNOSTIC,    10, -5.229568263365e-01, 5.324100012802e-05, 6.8303e+00, 3.5009e-01, 
 2DIAGNOSTIC,    11, -5.229545106485e-01, 2.221381904609e-05, 7.1599e+00, 3.2960e-01, 
 2DIAGNOSTIC,    12, -5.229549945053e-01, 7.266173870202e-06, 7.5145e+00, 3.5463e-01, 
 2DIAGNOSTIC,    13, -5.229546266277e-01, 3.282646053288e-06, 7.8261e+00, 3.1157e-01, 
 2DIAGNOSTIC,    14, -5.229542586392e-01, 2.199744162004e-06, 8.3239e+00, 4.9778e-01, 
 2DIAGNOSTIC,    15, -5.229538237176e-01, 1.694798667434e-06, 8.7034e+00, 3.7953e-01, 
 2DIAGNOSTIC,    16, -5.229525502517e-01, 1.665509905338e-06, 9.0629e+00, 3.5951e-01, 
 2DIAGNOSTIC,    17, -5.229520000241e-01, 1.548122429973e-06, 9.3952e+00, 3.3223e-01, 
 2DIAGNOSTIC,    18, -5.229513140591e-01, 1.421497284340e-06, 9.6847e+00, 2.8957e-01, 
 2DIAGNOSTIC,    19, -5.229507994732e-01, 1.332146976125e-06, 9.9582e+00, 2.7345e-01, 
 2DIAGNOSTIC,    20, -5.229515077006e-01, 1.311857540737e-06, 1.0279e+01, 3.2128e-01, 
 2DIAGNOSTIC,    21, -5.229519650898e-01, 1.270422527601e-06, 1.0578e+01, 2.9851e-01, 
 2DIAGNOSTIC,    22, -5.229514889394e-01, 1.255838475510e-06, 1.0850e+01, 2.7160e-01, 
 2DIAGNOSTIC,    23, -5.229513285960e-01, 1.248561856196e-06, 1.1130e+01, 2.8003e-01, 
 2DIAGNOSTIC,    24, -5.229513156309e-01, 1.245949148888e-06, 1.1447e+01, 3.1749e-01, 
 2DIAGNOSTIC,    25, -5.229522365974e-01, 1.261531325750e-06, 1.1768e+01, 3.2104e-01, 
 2DIAGNOSTIC,    26, -5.229512910274e-01, 1.229752570539e-06, 1.2072e+01, 3.0352e-01, 
 2DIAGNOSTIC,    27, -5.229509817629e-01, 1.183847892661e-06, 1.2424e+01, 3.5209e-01, 
 2DIAGNOSTIC,    28, -5.229516030642e-01, 1.140363219847e-06, 1.2811e+01, 3.8743e-01, 
 2DIAGNOSTIC,    29, -5.229509175629e-01, 1.075823753360e-06, 1.3148e+01, 3.3721e-01, 
 2DIAGNOSTIC,    30, -5.229503379108e-01, 1.019710010389e-06, 1.3472e+01, 3.2363e-01, 
DIAGNOSTIC,Iteration,metricValue,convergenceValue,ITERATION_TIME_INDEX,SINCE_LAST
 2DIAGNOSTIC,     1, -4.764045794929e-01, 1.797693134862e+308, 1.6637e+01, 3.1655e+00, 
 2DIAGNOSTIC,     2, -4.766672400768e-01, 1.797693134862e+308, 1.8752e+01, 2.1141e+00, 
 2DIAGNOSTIC,     3, -4.769493792370e-01, 1.797693134862e+308, 2.0787e+01, 2.0355e+00, 
 2DIAGNOSTIC,     4, -4.772685548858e-01, 1.797693134862e+308, 2.2702e+01, 1.9145e+00, 
 2DIAGNOSTIC,     5, -4.775872457277e-01, 1.797693134862e+308, 2.4710e+01, 2.0089e+00, 
 2DIAGNOSTIC,     6, -4.778502737906e-01, 1.797693134862e+308, 2.6899e+01, 2.1890e+00, 
 2DIAGNOSTIC,     7, -4.780573011094e-01, 1.797693134862e+308, 2.8862e+01, 1.9624e+00, 
 2DIAGNOSTIC,     8, -4.785664462676e-01, 1.797693134862e+308, 3.0893e+01, 2.0314e+00, 
 2DIAGNOSTIC,     9, -4.794827376524e-01, 1.797693134862e+308, 3.2766e+01, 1.8723e+00, 
 2DIAGNOSTIC,    10, -4.818216388544e-01, 5.634129519580e-04, 3.5213e+01, 2.4472e+00, 
 2DIAGNOSTIC,    11, -4.837895275388e-01, 7.276319468518e-04, 3.7219e+01, 2.0062e+00, 
 2DIAGNOSTIC,    12, -4.850914761239e-01, 8.755236574090e-04, 3.9509e+01, 2.2900e+00, 
 2DIAGNOSTIC,    13, -4.858172417061e-01, 9.679887455539e-04, 4.1522e+01, 2.0130e+00, 
 2DIAGNOSTIC,    14, -4.863908112378e-01, 9.970604093651e-04, 4.3610e+01, 2.0880e+00, 
 2DIAGNOSTIC,    15, -4.871860263783e-01, 9.739626971029e-04, 4.5571e+01, 1.9609e+00, 
 2DIAGNOSTIC,    16, -4.873679137230e-01, 8.798375335538e-04, 4.7763e+01, 2.1924e+00, 
 2DIAGNOSTIC,    17, -4.875767579088e-01, 7.311597171981e-04, 4.9764e+01, 2.0011e+00, 
 2DIAGNOSTIC,    18, -4.879437278715e-01, 5.613534058703e-04, 5.1975e+01, 2.2109e+00, 
 2DIAGNOSTIC,    19, -4.885488280129e-01, 4.036790268202e-04, 5.4396e+01, 2.4209e+00, 
 2DIAGNOSTIC,    20, -4.887043557085e-01, 2.965017937769e-04, 5.6356e+01, 1.9595e+00, 
 2DIAGNOSTIC,    21, -4.889391816397e-01, 2.334665429276e-04, 5.8284e+01, 1.9288e+00, 
 2DIAGNOSTIC,    22, -4.894598482296e-01, 2.032829049279e-04, 6.0686e+01, 2.4017e+00, 
 2DIAGNOSTIC,    23, -4.901257261015e-01, 1.918715304036e-04, 6.2711e+01, 2.0254e+00, 
 2DIAGNOSTIC,    24, -4.903180931792e-01, 1.813917070822e-04, 6.4831e+01, 2.1193e+00, 
 2DIAGNOSTIC,    25, -4.905816549645e-01, 1.799319318565e-04, 6.7768e+01, 2.9375e+00, 
 2DIAGNOSTIC,    26, -4.906080086221e-01, 1.666614933266e-04, 6.9758e+01, 1.9903e+00, 
 2DIAGNOSTIC,    27, -4.906135349586e-01, 1.433119017191e-04, 7.1742e+01, 1.9832e+00, 
 2DIAGNOSTIC,    28, -4.906198319531e-01, 1.156272659667e-04, 7.3664e+01, 1.9221e+00, 
 2DIAGNOSTIC,    29, -4.906416182031e-01, 9.174747376298e-05, 7.5646e+01, 1.9821e+00, 
 2DIAGNOSTIC,    30, -4.907158534793e-01, 6.548975782303e-05, 7.8001e+01, 2.3555e+00, 
 2DIAGNOSTIC,    31, -4.907921040715e-01, 4.059509018195e-05, 8.0978e+01, 2.9762e+00, 
 2DIAGNOSTIC,    32, -4.907933971863e-01, 2.282742246844e-05, 8.3179e+01, 2.2015e+00, 
 2DIAGNOSTIC,    33, -4.907982078214e-01, 1.597412138103e-05, 8.5360e+01, 2.1811e+00, 
 2DIAGNOSTIC,    34, -4.907991320432e-01, 1.131564511750e-05, 8.7557e+01, 2.1965e+00, 
 2DIAGNOSTIC,    35, -4.907984919715e-01, 1.029907790816e-05, 8.9801e+01, 2.2442e+00, 
 2DIAGNOSTIC,    36, -4.907983774913e-01, 8.854583657514e-06, 9.2076e+01, 2.2757e+00, 
 2DIAGNOSTIC,    37, -4.907984928839e-01, 6.835915513977e-06, 9.4433e+01, 2.3565e+00, 
 2DIAGNOSTIC,    38, -4.907982500894e-01, 4.471030280936e-06, 9.7095e+01, 2.6623e+00, 
 2DIAGNOSTIC,    39, -4.907983830727e-01, 2.193245542067e-06, 9.9295e+01, 2.1994e+00, 
  Elapsed time (stage 0): 1.0049e+02


Total elapsed time: 1.0049e+02
Info [verificarlo]: loaded backend libinterflop_vprec.so
Info [interflop-vprec]: load backend with: 
Info [interflop-vprec]: precision-binary32 = 19
Info [interflop-vprec]: range-binary32 = 8
Info [interflop-vprec]: precision-binary64 = 19
Info [interflop-vprec]: range-binary64 = 8
Info [interflop-vprec]: mode = ob
Info [interflop-vprec]: error-mode = rel
Info [interflop-vprec]: max-abs-error-exponent = -1022
Info [interflop-vprec]: daz = false
Info [interflop-vprec]: ftz = false
Info [interflop-vprec]: 	instrument = none
