
##########################
# Experiment information #
##########################

EXPERIMENT_NAME: antsRegistration-r7-p7
VFC_BACKENDS: libinterflop_vprec.so --range-binary32=7 --precision-binary32=7 --range-binary64=7 --precision-binary64=7

SIF_IMG: /home/mdugre/projects/rrg-glatard/mdugre/containers/ants-vprec-no_metrics.simg

SUBJECT_ID: s025
INPUT_IMG: /home/mdugre/scratch/mri-registration-rp/datasets/ds004513/derivatives/mri-registration-rp/antsBrainExtraction/sub-s025/BrainExtractionBrain.nii.gz
OUTPUT_DIR: /home/mdugre/scratch/mri-registration-rp/datasets/ds004513/derivatives/mri-registration-rp/0001/antsRegistration-r7-p7/sub-s025

FIXED_IMG: /templateflow/tpl-MNI152NLin2009cAsym/tpl-MNI152NLin2009cAsym_res-01_desc-brain_T1w.nii.gz
DATA_DIR: /home/mdugre/scratch/mri-registration-rp/datasets/ds004513
TEMPLATEFLOW_DIR: /home/mdugre/projects/rrg-glatard/mdugre/templateflow
ITK_GLOBAL_DEFAULT_NUMBER_OF_THREADS: 16
##########################

Info [verificarlo]: loaded backend libinterflop_ieee.so
Info [interflop-ieee]: load backend with:
Info [interflop-ieee]: debug = false
Info [interflop-ieee]: debug-binary = false
Info [interflop-ieee]: no-backend-name = false
Info [interflop-ieee]: print-new-line = false
Info [interflop-ieee]: print-subnormal-normalized = false
Info [interflop-ieee]: count-op = false
All_Command_lines_OK
Using double precision for computations.
=============================================================================
The composite transform comprises the following transforms (in order): 
  1. Center of mass alignment using fixed image: /templateflow/tpl-MNI152NLin2009cAsym/tpl-MNI152NLin2009cAsym_res-01_desc-brain_T1w.nii.gz and moving image: /home/mdugre/scratch/mri-registration-rp/datasets/ds004513/derivatives/mri-registration-rp/antsBrainExtraction/sub-s025/BrainExtractionBrain.nii.gz (type = Euler3DTransform)
=============================================================================
  number of levels = 1
  fixed image: /templateflow/tpl-MNI152NLin2009cAsym/tpl-MNI152NLin2009cAsym_res-01_desc-brain_T1w.nii.gz
  moving image: /home/mdugre/scratch/mri-registration-rp/datasets/ds004513/derivatives/mri-registration-rp/antsBrainExtraction/sub-s025/BrainExtractionBrain.nii.gz
Dimension = 3
Number of stages = 1
Use histogram matching = false
Winsorize image intensities = true
  Lower quantile = 0.005
  Upper quantile = 0.995


Stage 1 State
   Image metric = MattesMI
     Fixed image = Image (0x4b6abd0)
  RTTI typeinfo:   itk::Image<double, 3u>
  Reference Count: 2
  Modified Time: 2334
  Debug: Off
  Object Name: 
  Observers: 
    none
  Source: (none)
  Source output name: (none)
  Release Data: Off
  Data Released: False
  Global Release Data: Off
  PipelineMTime: 0
  UpdateMTime: 1943
  RealTimeStamp: 0 seconds 
  LargestPossibleRegion: 
    Dimension: 3
    Index: [0, 0, 0]
    Size: [193, 229, 193]
  BufferedRegion: 
    Dimension: 3
    Index: [0, 0, 0]
    Size: [193, 229, 193]
  RequestedRegion: 
    Dimension: 3
    Index: [0, 0, 0]
    Size: [193, 229, 193]
  Spacing: [1, 1, 1]
  Origin: [96, 132, -78]
  Direction: 
-1 0 0
0 -1 0
0 0 1

  IndexToPointMatrix: 
-1 0 0
0 -1 0
0 0 1

  PointToIndexMatrix: 
-1 0 0
0 -1 0
0 0 1

  Inverse Direction: 
-1 0 0
0 -1 0
0 0 1

  PixelContainer: 
    ImportImageContainer (0x4b739e0)
      RTTI typeinfo:   itk::ImportImageContainer<unsigned long, double>
      Reference Count: 1
      Modified Time: 1940
      Debug: Off
      Object Name: 
      Observers: 
        none
      Pointer: 0x15052f59d010
      Container manages memory: true
      Size: 8530021
      Capacity: 8530021

     Moving image = Image (0x4b74bd0)
  RTTI typeinfo:   itk::Image<double, 3u>
  Reference Count: 2
  Modified Time: 2335
  Debug: Off
  Object Name: 
  Observers: 
    none
  Source: (none)
  Source output name: (none)
  Release Data: Off
  Data Released: False
  Global Release Data: Off
  PipelineMTime: 0
  UpdateMTime: 2332
  RealTimeStamp: 0 seconds 
  LargestPossibleRegion: 
    Dimension: 3
    Index: [0, 0, 0]
    Size: [176, 240, 256]
  BufferedRegion: 
    Dimension: 3
    Index: [0, 0, 0]
    Size: [176, 240, 256]
  RequestedRegion: 
    Dimension: 3
    Index: [0, 0, 0]
    Size: [176, 240, 256]
  Spacing: [0.999999, 1, 1]
  Origin: [90.3778, 84.5091, -154.071]
  Direction: 
-0.999391 7.48184e-06 -0.0348969
-7.47664e-06 -1 -2.7953e-07
-0.0348969 -1.84481e-08 0.999391

  IndexToPointMatrix: 
-0.99939 7.48184e-06 -0.0348969
-7.47663e-06 -1 -2.7953e-07
-0.0348968 -1.84481e-08 0.999391

  PointToIndexMatrix: 
-0.999392 -7.47665e-06 -0.0348969
7.48184e-06 -1 -1.84481e-08
-0.0348969 -2.7953e-07 0.999391

  Inverse Direction: 
-0.999391 -7.47664e-06 -0.0348969
7.48184e-06 -1 -1.84481e-08
-0.0348969 -2.7953e-07 0.999391

  PixelContainer: 
    ImportImageContainer (0x4cfab50)
      RTTI typeinfo:   itk::ImportImageContainer<unsigned long, double>
      Reference Count: 1
      Modified Time: 2329
      Debug: Off
      Object Name: 
      Observers: 
        none
      Pointer: 0x15052a31c010
      Container manages memory: true
      Size: 10813440
      Capacity: 10813440

     Weighting = 1
     Sampling strategy = regular
     Number of bins = 32
     Radius = 4
     Sampling percentage  = 0.25
   Transform = Rigid
     Gradient step = 0.1
     Update field sigma (voxel space) = 0
     Total field sigma (voxel space) = 0
     Update field time sigma = 0
     Total field time sigma  = 0
     Number of time indices = 0
     Number of time point samples = 0
Registration using 1 total stages.

Stage 0
  iterations = 0
  convergence threshold = 1e-06
  convergence window size = 10
  number of levels = 1
  using the Mattes MI metric (number of bins = 32, weight = 1, use gradient filter = 0)
  preprocessing:  winsorizing the image intensities
  Shrink factors (level 1 out of 1): [1, 1, 1]
  smoothing sigmas per level: [0]
  regular sampling (percentage = 0.25)

*** Running Euler3DTransform registration ***

  Elapsed time (stage 0): 1.09898


Total elapsed time: 1.10123
Info [verificarlo]: loaded backend libinterflop_ieee.so
Info [interflop-ieee]: load backend with:
Info [interflop-ieee]: debug = false
Info [interflop-ieee]: debug-binary = false
Info [interflop-ieee]: no-backend-name = false
Info [interflop-ieee]: print-new-line = false
Info [interflop-ieee]: print-subnormal-normalized = false
Info [interflop-ieee]: count-op = false
All_Command_lines_OK
Using double precision for computations.
=============================================================================
The composite transform comprises the following transforms (in order): 
  1. /home/mdugre/scratch/mri-registration-rp/datasets/ds004513/derivatives/mri-registration-rp/0001/antsRegistration-r7-p7/sub-s025/align_Composite.h5[0] (type = Euler3DTransform)
  2. /home/mdugre/scratch/mri-registration-rp/datasets/ds004513/derivatives/mri-registration-rp/0001/antsRegistration-r7-p7/sub-s025/align_Composite.h5[1] (type = Euler3DTransform)
=============================================================================
  number of levels = 4
  fixed image: /templateflow/tpl-MNI152NLin2009cAsym/tpl-MNI152NLin2009cAsym_res-01_desc-brain_T1w.nii.gz
  moving image: /home/mdugre/scratch/mri-registration-rp/datasets/ds004513/derivatives/mri-registration-rp/antsBrainExtraction/sub-s025/BrainExtractionBrain.nii.gz
Dimension = 3
Number of stages = 1
Use histogram matching = false
Winsorize image intensities = true
  Lower quantile = 0.005
  Upper quantile = 0.995


Stage 1 State
   Image metric = MattesMI
     Fixed image = Image (0x3515530)
  RTTI typeinfo:   itk::Image<double, 3u>
  Reference Count: 2
  Modified Time: 1580
  Debug: Off
  Object Name: 
  Observers: 
    none
  Source: (none)
  Source output name: (none)
  Release Data: Off
  Data Released: False
  Global Release Data: Off
  PipelineMTime: 0
  UpdateMTime: 1189
  RealTimeStamp: 0 seconds 
  LargestPossibleRegion: 
    Dimension: 3
    Index: [0, 0, 0]
    Size: [193, 229, 193]
  BufferedRegion: 
    Dimension: 3
    Index: [0, 0, 0]
    Size: [193, 229, 193]
  RequestedRegion: 
    Dimension: 3
    Index: [0, 0, 0]
    Size: [193, 229, 193]
  Spacing: [1, 1, 1]
  Origin: [96, 132, -78]
  Direction: 
-1 0 0
0 -1 0
0 0 1

  IndexToPointMatrix: 
-1 0 0
0 -1 0
0 0 1

  PointToIndexMatrix: 
-1 0 0
0 -1 0
0 0 1

  Inverse Direction: 
-1 0 0
0 -1 0
0 0 1

  PixelContainer: 
    ImportImageContainer (0x35d3d60)
      RTTI typeinfo:   itk::ImportImageContainer<unsigned long, double>
      Reference Count: 1
      Modified Time: 1186
      Debug: Off
      Object Name: 
      Observers: 
        none
      Pointer: 0x151c91ee4010
      Container manages memory: true
      Size: 8530021
      Capacity: 8530021

     Moving image = Image (0x35c5f60)
  RTTI typeinfo:   itk::Image<double, 3u>
  Reference Count: 2
  Modified Time: 1581
  Debug: Off
  Object Name: 
  Observers: 
    none
  Source: (none)
  Source output name: (none)
  Release Data: Off
  Data Released: False
  Global Release Data: Off
  PipelineMTime: 0
  UpdateMTime: 1578
  RealTimeStamp: 0 seconds 
  LargestPossibleRegion: 
    Dimension: 3
    Index: [0, 0, 0]
    Size: [176, 240, 256]
  BufferedRegion: 
    Dimension: 3
    Index: [0, 0, 0]
    Size: [176, 240, 256]
  RequestedRegion: 
    Dimension: 3
    Index: [0, 0, 0]
    Size: [176, 240, 256]
  Spacing: [0.999999, 1, 1]
  Origin: [90.3778, 84.5091, -154.071]
  Direction: 
-0.999391 7.48184e-06 -0.0348969
-7.47664e-06 -1 -2.7953e-07
-0.0348969 -1.84481e-08 0.999391

  IndexToPointMatrix: 
-0.99939 7.48184e-06 -0.0348969
-7.47663e-06 -1 -2.7953e-07
-0.0348968 -1.84481e-08 0.999391

  PointToIndexMatrix: 
-0.999392 -7.47665e-06 -0.0348969
7.48184e-06 -1 -1.84481e-08
-0.0348969 -2.7953e-07 0.999391

  Inverse Direction: 
-0.999391 -7.47664e-06 -0.0348969
7.48184e-06 -1 -1.84481e-08
-0.0348969 -2.7953e-07 0.999391

  PixelContainer: 
    ImportImageContainer (0x35b76d0)
      RTTI typeinfo:   itk::ImportImageContainer<unsigned long, double>
      Reference Count: 1
      Modified Time: 1575
      Debug: Off
      Object Name: 
      Observers: 
        none
      Pointer: 0x151c8cc63010
      Container manages memory: true
      Size: 10813440
      Capacity: 10813440

     Weighting = 1
     Sampling strategy = regular
     Number of bins = 32
     Radius = 4
     Sampling percentage  = 0.25
   Transform = Rigid
     Gradient step = 0.1
     Update field sigma (voxel space) = 0
     Total field sigma (voxel space) = 0
     Update field time sigma = 0
     Total field time sigma  = 0
     Number of time indices = 0
     Number of time point samples = 0
Registration using 1 total stages.

Stage 0
  iterations = 1000x500x250x100
  convergence threshold = 1e-06
  convergence window size = 10
  number of levels = 4
  using the Mattes MI metric (number of bins = 32, weight = 1, use gradient filter = 0)
  preprocessing:  winsorizing the image intensities
  Shrink factors (level 1 out of 4): [8, 8, 8]
  Shrink factors (level 2 out of 4): [4, 4, 4]
  Shrink factors (level 3 out of 4): [2, 2, 2]
  Shrink factors (level 4 out of 4): [1, 1, 1]
  smoothing sigmas per level: [3, 2, 1, 0]
  regular sampling (percentage = 0.25)

*** Running Euler3DTransform registration ***

DIAGNOSTIC,Iteration,metricValue,convergenceValue,ITERATION_TIME_INDEX,SINCE_LAST
 2DIAGNOSTIC,     1, -5.323241903179e-01, 1.797693134862e+308, 8.9538e-01, 8.9538e-01, 
 2DIAGNOSTIC,     2, -5.346190553927e-01, 1.797693134862e+308, 9.0042e-01, 5.0380e-03, 
 2DIAGNOSTIC,     3, -5.378036555361e-01, 1.797693134862e+308, 9.0501e-01, 4.5900e-03, 
 2DIAGNOSTIC,     4, -5.422949451405e-01, 1.797693134862e+308, 9.0943e-01, 4.4248e-03, 
 2DIAGNOSTIC,     5, -5.486805952477e-01, 1.797693134862e+308, 9.1394e-01, 4.5040e-03, 
 2DIAGNOSTIC,     6, -5.542790085272e-01, 1.797693134862e+308, 9.1852e-01, 4.5841e-03, 
 2DIAGNOSTIC,     7, -5.627123115611e-01, 1.797693134862e+308, 9.2306e-01, 4.5371e-03, 
 2DIAGNOSTIC,     8, -5.766609943856e-01, 1.797693134862e+308, 9.2767e-01, 4.6110e-03, 
 2DIAGNOSTIC,     9, -5.881111419397e-01, 1.797693134862e+308, 9.3224e-01, 4.5750e-03, 
 2DIAGNOSTIC,    10, -6.012927005665e-01, 7.820055967720e-03, 9.3826e-01, 6.0129e-03, 
 2DIAGNOSTIC,    11, -6.192402913588e-01, 8.564422673926e-03, 9.4629e-01, 8.0290e-03, 
 2DIAGNOSTIC,    12, -6.197111897439e-01, 8.513711436480e-03, 9.5084e-01, 4.5559e-03, 
 2DIAGNOSTIC,    13, -6.223136777511e-01, 7.932305190633e-03, 9.5544e-01, 4.6029e-03, 
 2DIAGNOSTIC,    14, -6.239859078535e-01, 6.938967258810e-03, 9.5993e-01, 4.4811e-03, 
 2DIAGNOSTIC,    15, -6.258731029039e-01, 5.722268374552e-03, 9.6452e-01, 4.5931e-03, 
 2DIAGNOSTIC,    16, -6.290042957050e-01, 4.404898010759e-03, 9.6917e-01, 4.6489e-03, 
 2DIAGNOSTIC,    17, -6.327399548208e-01, 3.192249458153e-03, 9.7541e-01, 6.2382e-03, 
 2DIAGNOSTIC,    18, -6.361770329223e-01, 2.298162514782e-03, 9.8152e-01, 6.1131e-03, 
 2DIAGNOSTIC,    19, -6.381920794955e-01, 1.629119691468e-03, 9.8703e-01, 5.5089e-03, 
 2DIAGNOSTIC,    20, -6.414786468725e-01, 1.264281191338e-03, 9.9176e-01, 4.7300e-03, 
 2DIAGNOSTIC,    21, -6.422621311664e-01, 1.244231354870e-03, 9.9639e-01, 4.6360e-03, 
 2DIAGNOSTIC,    22, -6.443386369825e-01, 1.164065699879e-03, 1.0010e+00, 4.6480e-03, 
 2DIAGNOSTIC,    23, -6.458367311116e-01, 1.066297096284e-03, 1.0060e+00, 4.9732e-03, 
 2DIAGNOSTIC,    24, -6.528535017592e-01, 1.047817946823e-03, 1.0119e+00, 5.8689e-03, 
 2DIAGNOSTIC,    25, -6.591704568022e-01, 1.083081272718e-03, 1.0186e+00, 6.7279e-03, 
 2DIAGNOSTIC,    26, -6.605963668209e-01, 1.093549196691e-03, 1.0237e+00, 5.1260e-03, 
 2DIAGNOSTIC,    27, -6.608439803258e-01, 1.070984925176e-03, 1.0284e+00, 4.6661e-03, 
 2DIAGNOSTIC,    28, -6.615671813741e-01, 1.019502606868e-03, 1.0331e+00, 4.6651e-03, 
 2DIAGNOSTIC,    29, -6.628794687654e-01, 9.260608440378e-04, 1.0379e+00, 4.7879e-03, 
 2DIAGNOSTIC,    30, -6.728294412757e-01, 9.537362117360e-04, 1.0443e+00, 6.4781e-03, 
 2DIAGNOSTIC,    31, -6.735477949936e-01, 9.084130276553e-04, 1.0490e+00, 4.6320e-03, 
 2DIAGNOSTIC,    32, -6.743491304339e-01, 8.254099332018e-04, 1.0536e+00, 4.6291e-03, 
 2DIAGNOSTIC,    33, -6.778518149993e-01, 7.396574038958e-04, 1.0586e+00, 4.9841e-03, 
 2DIAGNOSTIC,    34, -6.872953206646e-01, 8.064162805565e-04, 1.0684e+00, 9.7709e-03, 
 2DIAGNOSTIC,    35, -6.877327545795e-01, 8.751671558945e-04, 1.0731e+00, 4.7231e-03, 
 2DIAGNOSTIC,    36, -6.893220355289e-01, 8.964383164743e-04, 1.0777e+00, 4.6320e-03, 
 2DIAGNOSTIC,    37, -6.927392211827e-01, 8.791612556713e-04, 1.0823e+00, 4.6060e-03, 
 2DIAGNOSTIC,    38, -7.010275099716e-01, 8.854017676383e-04, 1.0872e+00, 4.9140e-03, 
 2DIAGNOSTIC,    39, -7.063969438328e-01, 8.771721348827e-04, 1.0920e+00, 4.7381e-03, 
 2DIAGNOSTIC,    40, -7.084265402787e-01, 9.204256751381e-04, 1.0968e+00, 4.8201e-03, 
 2DIAGNOSTIC,    41, -7.161096203686e-01, 9.682298369404e-04, 1.1022e+00, 5.3780e-03, 
 2DIAGNOSTIC,    42, -7.193629282430e-01, 9.623937597574e-04, 1.1090e+00, 6.8259e-03, 
 2DIAGNOSTIC,    43, -7.222629012652e-01, 9.274523469592e-04, 1.1137e+00, 4.6668e-03, 
 2DIAGNOSTIC,    44, -7.286190682379e-01, 9.650911078113e-04, 1.1183e+00, 4.6840e-03, 
 2DIAGNOSTIC,    45, -7.392379632359e-01, 1.016620016135e-03, 1.1230e+00, 4.6980e-03, 
 2DIAGNOSTIC,    46, -7.439432808948e-01, 1.026482017262e-03, 1.1279e+00, 4.8571e-03, 
 2DIAGNOSTIC,    47, -7.512271808797e-01, 1.036353712516e-03, 1.1362e+00, 8.2941e-03, 
 2DIAGNOSTIC,    48, -7.533769234075e-01, 1.041282277039e-03, 1.1408e+00, 4.6360e-03, 
 2DIAGNOSTIC,    49, -7.538721513434e-01, 9.990288462275e-04, 1.1455e+00, 4.6470e-03, 
 2DIAGNOSTIC,    50, -7.556749822345e-01, 8.946272913660e-04, 1.1506e+00, 5.1661e-03, 
 2DIAGNOSTIC,    51, -7.575276782407e-01, 7.894590407810e-04, 1.1553e+00, 4.6701e-03, 
 2DIAGNOSTIC,    52, -7.589483548715e-01, 6.522422552476e-04, 1.1611e+00, 5.7421e-03, 
 2DIAGNOSTIC,    53, -7.593053720592e-01, 4.848222039895e-04, 1.1669e+00, 5.8839e-03, 
 2DIAGNOSTIC,    54, -7.592746948385e-01, 3.275393647573e-04, 1.1717e+00, 4.7741e-03, 
 2DIAGNOSTIC,    55, -7.602817314572e-01, 2.358138815273e-04, 1.1769e+00, 5.2249e-03, 
 2DIAGNOSTIC,    56, -7.605553293672e-01, 1.614237903714e-04, 1.1821e+00, 5.1172e-03, 
 2DIAGNOSTIC,    57, -7.604438839981e-01, 1.277914969384e-04, 1.1869e+00, 4.8790e-03, 
 2DIAGNOSTIC,    58, -7.604509801080e-01, 9.944891682891e-05, 1.1914e+00, 4.4901e-03, 
 2DIAGNOSTIC,    59, -7.612081882567e-01, 7.165719048617e-05, 1.1982e+00, 6.7770e-03, 
 2DIAGNOSTIC,    60, -7.616992285628e-01, 5.376460994594e-05, 1.2029e+00, 4.6952e-03, 
 2DIAGNOSTIC,    61, -7.616396464015e-01, 4.349508764528e-05, 1.2154e+00, 1.2481e-02, 
 2DIAGNOSTIC,    62, -7.615467994832e-01, 3.868043235697e-05, 1.2208e+00, 5.4660e-03, 
 2DIAGNOSTIC,    63, -7.615564673800e-01, 3.299012087320e-05, 1.2251e+00, 4.2710e-03, 
 2DIAGNOSTIC,    64, -7.614481989107e-01, 2.318229518939e-05, 1.2294e+00, 4.2968e-03, 
 2DIAGNOSTIC,    65, -7.615814959947e-01, 1.876611070342e-05, 1.2335e+00, 4.0889e-03, 
 2DIAGNOSTIC,    66, -7.617182475171e-01, 1.541101255473e-05, 1.2382e+00, 4.6551e-03, 
 2DIAGNOSTIC,    67, -7.618549784134e-01, 1.098594781323e-05, 1.2440e+00, 5.8100e-03, 
 2DIAGNOSTIC,    68, -7.619834852863e-01, 6.431130156248e-06, 1.2495e+00, 5.5161e-03, 
 2DIAGNOSTIC,    69, -7.621728438880e-01, 7.068931562094e-06, 1.2555e+00, 6.0210e-03, 
 2DIAGNOSTIC,    70, -7.621817757561e-01, 1.000085785269e-05, 1.2599e+00, 4.3740e-03, 
 2DIAGNOSTIC,    71, -7.621879070030e-01, 1.162535233416e-05, 1.2641e+00, 4.2660e-03, 
 2DIAGNOSTIC,    72, -7.620797042944e-01, 1.097451435584e-05, 1.2696e+00, 5.4760e-03, 
 2DIAGNOSTIC,    73, -7.621924375871e-01, 1.006500542496e-05, 1.2757e+00, 6.0780e-03, 
 2DIAGNOSTIC,    74, -7.620881529474e-01, 7.029414482839e-06, 1.2803e+00, 4.6349e-03, 
 2DIAGNOSTIC,    75, -7.620913468856e-01, 4.209667427089e-06, 1.2854e+00, 5.1198e-03, 
 2DIAGNOSTIC,    76, -7.620929053267e-01, 1.867849301370e-06, 1.2899e+00, 4.4339e-03, 
DIAGNOSTIC,Iteration,metricValue,convergenceValue,ITERATION_TIME_INDEX,SINCE_LAST
 2DIAGNOSTIC,     1, -6.048873116722e-01, 1.797693134862e+308, 2.0051e+00, 7.1526e-01, 
 2DIAGNOSTIC,     2, -6.056934717583e-01, 1.797693134862e+308, 2.0387e+00, 3.3577e-02, 
 2DIAGNOSTIC,     3, -6.069842852068e-01, 1.797693134862e+308, 2.0671e+00, 2.8377e-02, 
 2DIAGNOSTIC,     4, -6.084314983534e-01, 1.797693134862e+308, 2.0948e+00, 2.7662e-02, 
 2DIAGNOSTIC,     5, -6.096274747939e-01, 1.797693134862e+308, 2.1223e+00, 2.7546e-02, 
 2DIAGNOSTIC,     6, -6.107965437000e-01, 1.797693134862e+308, 2.1498e+00, 2.7541e-02, 
 2DIAGNOSTIC,     7, -6.124902252362e-01, 1.797693134862e+308, 2.1812e+00, 3.1319e-02, 
 2DIAGNOSTIC,     8, -6.193032897988e-01, 1.797693134862e+308, 2.2231e+00, 4.1911e-02, 
 2DIAGNOSTIC,     9, -6.196216075583e-01, 1.797693134862e+308, 2.2506e+00, 2.7503e-02, 
 2DIAGNOSTIC,    10, -6.199344074741e-01, 1.766334478626e-03, 2.2867e+00, 3.6073e-02, 
 2DIAGNOSTIC,    11, -6.204782393774e-01, 1.637378989341e-03, 2.3184e+00, 3.1706e-02, 
 2DIAGNOSTIC,    12, -6.209910242770e-01, 1.432094456935e-03, 2.3534e+00, 3.5044e-02, 
 2DIAGNOSTIC,    13, -6.210431127337e-01, 1.172885113513e-03, 2.3884e+00, 3.5025e-02, 
 2DIAGNOSTIC,    14, -6.209907051509e-01, 8.906129143686e-04, 2.4197e+00, 3.1235e-02, 
 2DIAGNOSTIC,    15, -6.209761765943e-01, 6.048068372094e-04, 2.4525e+00, 3.2805e-02, 
 2DIAGNOSTIC,    16, -6.209587878537e-01, 3.338680549825e-04, 2.4797e+00, 2.7259e-02, 
 2DIAGNOSTIC,    17, -6.209306719266e-01, 1.044133693568e-04, 2.5191e+00, 3.9389e-02, 
 2DIAGNOSTIC,    18, -6.208988823625e-01, 6.509561810224e-05, 2.5522e+00, 3.3118e-02, 
 2DIAGNOSTIC,    19, -6.209002902517e-01, 3.201637849493e-05, 2.5833e+00, 3.1069e-02, 
 2DIAGNOSTIC,    20, -6.209022486207e-01, 6.503366573700e-06, 2.6107e+00, 2.7380e-02, 
DIAGNOSTIC,Iteration,metricValue,convergenceValue,ITERATION_TIME_INDEX,SINCE_LAST
 2DIAGNOSTIC,     1, -5.342401807318e-01, 1.797693134862e+308, 3.7701e+00, 1.1594e+00, 
 2DIAGNOSTIC,     2, -5.343589917464e-01, 1.797693134862e+308, 4.0145e+00, 2.4441e-01, 
 2DIAGNOSTIC,     3, -5.344494763896e-01, 1.797693134862e+308, 4.2450e+00, 2.3051e-01, 
 2DIAGNOSTIC,     4, -5.344801401072e-01, 1.797693134862e+308, 4.4718e+00, 2.2680e-01, 
 2DIAGNOSTIC,     5, -5.346013186456e-01, 1.797693134862e+308, 4.7107e+00, 2.3895e-01, 
 2DIAGNOSTIC,     6, -5.349986225093e-01, 1.797693134862e+308, 4.9717e+00, 2.6095e-01, 
 2DIAGNOSTIC,     7, -5.357271235450e-01, 1.797693134862e+308, 5.2352e+00, 2.6350e-01, 
 2DIAGNOSTIC,     8, -5.358271313640e-01, 1.797693134862e+308, 5.5583e+00, 3.2306e-01, 
 2DIAGNOSTIC,     9, -5.358457965899e-01, 1.797693134862e+308, 6.0358e+00, 4.7758e-01, 
 2DIAGNOSTIC,    10, -5.358437064603e-01, 2.431467235288e-04, 6.3742e+00, 3.3834e-01, 
 2DIAGNOSTIC,    11, -5.358420245639e-01, 2.130506589418e-04, 6.6341e+00, 2.5991e-01, 
 2DIAGNOSTIC,    12, -5.358425063041e-01, 1.737920205717e-04, 6.9101e+00, 2.7603e-01, 
 2DIAGNOSTIC,    13, -5.358408944058e-01, 1.288616952989e-04, 7.1655e+00, 2.5540e-01, 
 2DIAGNOSTIC,    14, -5.358392062353e-01, 8.045054881084e-05, 7.4417e+00, 2.7620e-01, 
 2DIAGNOSTIC,    15, -5.358409721050e-01, 3.568144643643e-05, 7.6656e+00, 2.2387e-01, 
 2DIAGNOSTIC,    16, -5.358410099091e-01, 5.975546626569e-06, 7.9816e+00, 3.1602e-01, 
 2DIAGNOSTIC,    17, -5.358414467736e-01, 2.079929656729e-06, 8.2700e+00, 2.8836e-01, 
 2DIAGNOSTIC,    18, -5.358405968045e-01, 1.506772118659e-06, 8.5439e+00, 2.7399e-01, 
 2DIAGNOSTIC,    19, -5.358375723034e-01, 1.458187489721e-06, 8.7687e+00, 2.2479e-01, 
 2DIAGNOSTIC,    20, -5.358347042773e-01, 1.305398229914e-06, 8.9915e+00, 2.2274e-01, 
 2DIAGNOSTIC,    21, -5.358353565974e-01, 1.166855465445e-06, 9.2561e+00, 2.6460e-01, 
 2DIAGNOSTIC,    22, -5.358357810183e-01, 1.094102139755e-06, 9.4741e+00, 2.1802e-01, 
 2DIAGNOSTIC,    23, -5.358354026939e-01, 1.015760389578e-06, 9.6934e+00, 2.1926e-01, 
DIAGNOSTIC,Iteration,metricValue,convergenceValue,ITERATION_TIME_INDEX,SINCE_LAST
 2DIAGNOSTIC,     1, -4.894640170749e-01, 1.797693134862e+308, 1.2144e+01, 2.4505e+00, 
 2DIAGNOSTIC,     2, -4.894921600240e-01, 1.797693134862e+308, 1.3490e+01, 1.3459e+00, 
 2DIAGNOSTIC,     3, -4.895125819733e-01, 1.797693134862e+308, 1.4871e+01, 1.3808e+00, 
 2DIAGNOSTIC,     4, -4.895712703045e-01, 1.797693134862e+308, 1.6396e+01, 1.5252e+00, 
 2DIAGNOSTIC,     5, -4.896553371963e-01, 1.797693134862e+308, 1.8401e+01, 2.0056e+00, 
 2DIAGNOSTIC,     6, -4.896668288478e-01, 1.797693134862e+308, 1.9742e+01, 1.3402e+00, 
 2DIAGNOSTIC,     7, -4.896776545442e-01, 1.797693134862e+308, 2.1116e+01, 1.3743e+00, 
 2DIAGNOSTIC,     8, -4.896974566067e-01, 1.797693134862e+308, 2.2465e+01, 1.3495e+00, 
 2DIAGNOSTIC,     9, -4.897354540744e-01, 1.797693134862e+308, 2.3798e+01, 1.3327e+00, 
 2DIAGNOSTIC,    10, -4.898543903586e-01, 4.870481017392e-05, 2.6138e+01, 2.3399e+00, 
 2DIAGNOSTIC,    11, -4.898574256982e-01, 4.513651268480e-05, 2.8114e+01, 1.9762e+00, 
 2DIAGNOSTIC,    12, -4.898568031661e-01, 3.985938159463e-05, 2.9636e+01, 1.5219e+00, 
 2DIAGNOSTIC,    13, -4.898566329824e-01, 3.298347465186e-05, 3.1142e+01, 1.5056e+00, 
 2DIAGNOSTIC,    14, -4.898563152490e-01, 2.660333990223e-05, 3.2810e+01, 1.6678e+00, 
 2DIAGNOSTIC,    15, -4.898559890457e-01, 2.201409659112e-05, 3.4257e+01, 1.4475e+00, 
 2DIAGNOSTIC,    16, -4.898556695712e-01, 1.658172686167e-05, 3.5625e+01, 1.3678e+00, 
 2DIAGNOSTIC,    17, -4.898553574521e-01, 1.086658274049e-05, 3.7433e+01, 1.8079e+00, 
 2DIAGNOSTIC,    18, -4.898552495724e-01, 5.603527036220e-06, 3.9184e+01, 1.7510e+00, 
 2DIAGNOSTIC,    19, -4.898552535979e-01, 1.596522938775e-06, 4.0565e+01, 1.3815e+00, 
 2DIAGNOSTIC,    20, -4.898551418511e-01, 1.442620170648e-06, 4.2120e+01, 1.5543e+00, 
 2DIAGNOSTIC,    21, -4.898546814514e-01, 1.388893909382e-06, 4.3518e+01, 1.3985e+00, 
 2DIAGNOSTIC,    22, -4.898546920491e-01, 1.336075599850e-06, 4.5059e+01, 1.5406e+00, 
 2DIAGNOSTIC,    23, -4.898543527627e-01, 1.285181637188e-06, 4.6414e+01, 1.3556e+00, 
 2DIAGNOSTIC,    24, -4.898540145306e-01, 1.231952341404e-06, 4.7898e+01, 1.4841e+00, 
 2DIAGNOSTIC,    25, -4.898537920367e-01, 1.179347353969e-06, 4.9402e+01, 1.5037e+00, 
 2DIAGNOSTIC,    26, -4.898539222490e-01, 1.135619961914e-06, 5.0935e+01, 1.5330e+00, 
 2DIAGNOSTIC,    27, -4.898535812763e-01, 1.089222737713e-06, 5.2257e+01, 1.3219e+00, 
 2DIAGNOSTIC,    28, -4.898534783706e-01, 1.050295094764e-06, 5.3759e+01, 1.5024e+00, 
 2DIAGNOSTIC,    29, -4.898532658022e-01, 1.018129634787e-06, 5.5090e+01, 1.3303e+00, 
 2DIAGNOSTIC,    30, -4.898539972196e-01, 1.007782331690e-06, 5.6595e+01, 1.5058e+00, 
  Elapsed time (stage 0): 5.7392e+01


Total elapsed time: 5.7395e+01
Info [verificarlo]: loaded backend libinterflop_ieee.so
Info [interflop-ieee]: load backend with:
Info [interflop-ieee]: debug = false
Info [interflop-ieee]: debug-binary = false
Info [interflop-ieee]: no-backend-name = false
Info [interflop-ieee]: print-new-line = false
Info [interflop-ieee]: print-subnormal-normalized = false
Info [interflop-ieee]: count-op = false
All_Command_lines_OK
Using double precision for computations.
=============================================================================
The composite transform comprises the following transforms (in order): 
  1. /home/mdugre/scratch/mri-registration-rp/datasets/ds004513/derivatives/mri-registration-rp/0001/antsRegistration-r7-p7/sub-s025/rigid_Composite.h5[0] (type = Euler3DTransform)
  2. /home/mdugre/scratch/mri-registration-rp/datasets/ds004513/derivatives/mri-registration-rp/0001/antsRegistration-r7-p7/sub-s025/rigid_Composite.h5[1] (type = Euler3DTransform)
  3. /home/mdugre/scratch/mri-registration-rp/datasets/ds004513/derivatives/mri-registration-rp/0001/antsRegistration-r7-p7/sub-s025/rigid_Composite.h5[2] (type = Euler3DTransform)
=============================================================================
  number of levels = 4
  fixed image: /templateflow/tpl-MNI152NLin2009cAsym/tpl-MNI152NLin2009cAsym_res-01_desc-brain_T1w.nii.gz
  moving image: /home/mdugre/scratch/mri-registration-rp/datasets/ds004513/derivatives/mri-registration-rp/antsBrainExtraction/sub-s025/BrainExtractionBrain.nii.gz
Dimension = 3
Number of stages = 1
Use histogram matching = false
Winsorize image intensities = true
  Lower quantile = 0.005
  Upper quantile = 0.995


Stage 1 State
   Image metric = MattesMI
     Fixed image = Image (0x4765530)
  RTTI typeinfo:   itk::Image<double, 3u>
  Reference Count: 2
  Modified Time: 1594
  Debug: Off
  Object Name: 
  Observers: 
    none
  Source: (none)
  Source output name: (none)
  Release Data: Off
  Data Released: False
  Global Release Data: Off
  PipelineMTime: 0
  UpdateMTime: 1203
  RealTimeStamp: 0 seconds 
  LargestPossibleRegion: 
    Dimension: 3
    Index: [0, 0, 0]
    Size: [193, 229, 193]
  BufferedRegion: 
    Dimension: 3
    Index: [0, 0, 0]
    Size: [193, 229, 193]
  RequestedRegion: 
    Dimension: 3
    Index: [0, 0, 0]
    Size: [193, 229, 193]
  Spacing: [1, 1, 1]
  Origin: [96, 132, -78]
  Direction: 
-1 0 0
0 -1 0
0 0 1

  IndexToPointMatrix: 
-1 0 0
0 -1 0
0 0 1

  PointToIndexMatrix: 
-1 0 0
0 -1 0
0 0 1

  Inverse Direction: 
-1 0 0
0 -1 0
0 0 1

  PixelContainer: 
    ImportImageContainer (0x481e2a0)
      RTTI typeinfo:   itk::ImportImageContainer<unsigned long, double>
      Reference Count: 1
      Modified Time: 1200
      Debug: Off
      Object Name: 
      Observers: 
        none
      Pointer: 0x145ffb6c1010
      Container manages memory: true
      Size: 8530021
      Capacity: 8530021

     Moving image = Image (0x4820e60)
  RTTI typeinfo:   itk::Image<double, 3u>
  Reference Count: 2
  Modified Time: 1595
  Debug: Off
  Object Name: 
  Observers: 
    none
  Source: (none)
  Source output name: (none)
  Release Data: Off
  Data Released: False
  Global Release Data: Off
  PipelineMTime: 0
  UpdateMTime: 1592
  RealTimeStamp: 0 seconds 
  LargestPossibleRegion: 
    Dimension: 3
    Index: [0, 0, 0]
    Size: [176, 240, 256]
  BufferedRegion: 
    Dimension: 3
    Index: [0, 0, 0]
    Size: [176, 240, 256]
  RequestedRegion: 
    Dimension: 3
    Index: [0, 0, 0]
    Size: [176, 240, 256]
  Spacing: [0.999999, 1, 1]
  Origin: [90.3778, 84.5091, -154.071]
  Direction: 
-0.999391 7.48184e-06 -0.0348969
-7.47664e-06 -1 -2.7953e-07
-0.0348969 -1.84481e-08 0.999391

  IndexToPointMatrix: 
-0.99939 7.48184e-06 -0.0348969
-7.47663e-06 -1 -2.7953e-07
-0.0348968 -1.84481e-08 0.999391

  PointToIndexMatrix: 
-0.999392 -7.47665e-06 -0.0348969
7.48184e-06 -1 -1.84481e-08
-0.0348969 -2.7953e-07 0.999391

  Inverse Direction: 
-0.999391 -7.47664e-06 -0.0348969
7.48184e-06 -1 -1.84481e-08
-0.0348969 -2.7953e-07 0.999391

  PixelContainer: 
    ImportImageContainer (0x4854390)
      RTTI typeinfo:   itk::ImportImageContainer<unsigned long, double>
      Reference Count: 1
      Modified Time: 1589
      Debug: Off
      Object Name: 
      Observers: 
        none
      Pointer: 0x145ff6440010
      Container manages memory: true
      Size: 10813440
      Capacity: 10813440

     Weighting = 1
     Sampling strategy = regular
     Number of bins = 32
     Radius = 4
     Sampling percentage  = 0.25
   Transform = Affine
     Gradient step = 0.1
     Update field sigma (voxel space) = 0
     Total field sigma (voxel space) = 0
     Update field time sigma = 0
     Total field time sigma  = 0
     Number of time indices = 0
     Number of time point samples = 0
Registration using 1 total stages.

Stage 0
  iterations = 1000x500x250x100
  convergence threshold = 1e-06
  convergence window size = 10
  number of levels = 4
  using the Mattes MI metric (number of bins = 32, weight = 1, use gradient filter = 0)
  preprocessing:  winsorizing the image intensities
  Shrink factors (level 1 out of 4): [8, 8, 8]
  Shrink factors (level 2 out of 4): [4, 4, 4]
  Shrink factors (level 3 out of 4): [2, 2, 2]
  Shrink factors (level 4 out of 4): [1, 1, 1]
  smoothing sigmas per level: [3, 2, 1, 0]
  regular sampling (percentage = 0.25)

*** Running AffineTransform registration ***

DIAGNOSTIC,Iteration,metricValue,convergenceValue,ITERATION_TIME_INDEX,SINCE_LAST
 2DIAGNOSTIC,     1, -7.472451602156e-01, 1.797693134862e+308, 7.4452e-01, 7.4451e-01, 
 2DIAGNOSTIC,     2, -7.491807496197e-01, 1.797693134862e+308, 7.4926e-01, 4.7491e-03, 
 2DIAGNOSTIC,     3, -7.523078632140e-01, 1.797693134862e+308, 7.5385e-01, 4.5879e-03, 
 2DIAGNOSTIC,     4, -7.574168272498e-01, 1.797693134862e+308, 7.5834e-01, 4.4870e-03, 
 2DIAGNOSTIC,     5, -7.646994681349e-01, 1.797693134862e+308, 7.6292e-01, 4.5779e-03, 
 2DIAGNOSTIC,     6, -7.785428932160e-01, 1.797693134862e+308, 7.6763e-01, 4.7159e-03, 
 2DIAGNOSTIC,     7, -8.020745440490e-01, 1.797693134862e+308, 7.7238e-01, 4.7429e-03, 
 2DIAGNOSTIC,     8, -8.849697608107e-01, 1.797693134862e+308, 7.7838e-01, 6.0019e-03, 
 2DIAGNOSTIC,     9, -9.106918592294e-01, 1.797693134862e+308, 7.8374e-01, 5.3580e-03, 
 2DIAGNOSTIC,    10, -9.215013632288e-01, 1.520721821482e-02, 7.8955e-01, 5.8122e-03, 
 2DIAGNOSTIC,    11, -9.254859129414e-01, 1.554244058273e-02, 7.9499e-01, 5.4400e-03, 
 2DIAGNOSTIC,    12, -9.302327492647e-01, 1.461467687519e-02, 8.0068e-01, 5.6958e-03, 
 2DIAGNOSTIC,    13, -9.344734758770e-01, 1.269235335580e-02, 8.0672e-01, 6.0360e-03, 
 2DIAGNOSTIC,    14, -9.351322316622e-01, 1.005953132092e-02, 8.1282e-01, 6.0980e-03, 
 2DIAGNOSTIC,    15, -9.359270473290e-01, 7.105533050089e-03, 8.1813e-01, 5.3120e-03, 
 2DIAGNOSTIC,    16, -9.369040488346e-01, 4.230850667750e-03, 8.2334e-01, 5.2049e-03, 
 2DIAGNOSTIC,    17, -9.373002645160e-01, 1.764442754651e-03, 8.2861e-01, 5.2750e-03, 
 2DIAGNOSTIC,    18, -9.377356600447e-01, 9.460540124365e-04, 8.3482e-01, 6.2132e-03, 
 2DIAGNOSTIC,    19, -9.379657475396e-01, 5.777176134239e-04, 8.4072e-01, 5.8930e-03, 
 2DIAGNOSTIC,    20, -9.374952183349e-01, 3.644294075487e-04, 8.4562e-01, 4.9028e-03, 
 2DIAGNOSTIC,    21, -9.379068229053e-01, 2.062151963706e-04, 8.5069e-01, 5.0709e-03, 
 2DIAGNOSTIC,    22, -9.383947632479e-01, 1.195937082372e-04, 8.5782e-01, 7.1311e-03, 
 2DIAGNOSTIC,    23, -9.385938231182e-01, 9.208628137811e-05, 8.6306e-01, 5.2361e-03, 
 2DIAGNOSTIC,    24, -9.385237918711e-01, 6.643254888092e-05, 8.6794e-01, 4.8800e-03, 
 2DIAGNOSTIC,    25, -9.384705175826e-01, 4.642135181410e-05, 8.7355e-01, 5.6159e-03, 
 2DIAGNOSTIC,    26, -9.385846207538e-01, 3.719816805919e-05, 8.7903e-01, 5.4760e-03, 
 2DIAGNOSTIC,    27, -9.384613182060e-01, 2.816573870954e-05, 8.8403e-01, 4.9961e-03, 
 2DIAGNOSTIC,    28, -9.383584528743e-01, 2.099763544986e-05, 8.8955e-01, 5.5211e-03, 
 2DIAGNOSTIC,    29, -9.384198875989e-01, 1.602041213621e-05, 8.9509e-01, 5.5430e-03, 
 2DIAGNOSTIC,    30, -9.382990235465e-01, 3.643581403728e-06, 9.0003e-01, 4.9362e-03, 
DIAGNOSTIC,Iteration,metricValue,convergenceValue,ITERATION_TIME_INDEX,SINCE_LAST
 2DIAGNOSTIC,     1, -7.503667730271e-01, 1.797693134862e+308, 1.6636e+00, 7.6358e-01, 
 2DIAGNOSTIC,     2, -7.507816610525e-01, 1.797693134862e+308, 1.7036e+00, 3.9956e-02, 
 2DIAGNOSTIC,     3, -7.512791217195e-01, 1.797693134862e+308, 1.7403e+00, 3.6787e-02, 
 2DIAGNOSTIC,     4, -7.518438246538e-01, 1.797693134862e+308, 1.7746e+00, 3.4286e-02, 
 2DIAGNOSTIC,     5, -7.533561238650e-01, 1.797693134862e+308, 1.8086e+00, 3.3976e-02, 
 2DIAGNOSTIC,     6, -7.540557783150e-01, 1.797693134862e+308, 1.8606e+00, 5.1989e-02, 
 2DIAGNOSTIC,     7, -7.541475685995e-01, 1.797693134862e+308, 1.8966e+00, 3.5968e-02, 
 2DIAGNOSTIC,     8, -7.541694759035e-01, 1.797693134862e+308, 1.9403e+00, 4.3767e-02, 
 2DIAGNOSTIC,     9, -7.541666962077e-01, 1.797693134862e+308, 1.9790e+00, 3.8646e-02, 
 2DIAGNOSTIC,    10, -7.541618659743e-01, 3.796724282547e-04, 2.0108e+00, 3.1809e-02, 
 2DIAGNOSTIC,    11, -7.541629023053e-01, 2.748545245464e-04, 2.0437e+00, 3.2943e-02, 
 2DIAGNOSTIC,    12, -7.542016199134e-01, 1.778188928142e-04, 2.0787e+00, 3.4962e-02, 
 2DIAGNOSTIC,    13, -7.542343100415e-01, 9.564371047496e-05, 2.1196e+00, 4.0916e-02, 
 2DIAGNOSTIC,    14, -7.542625223812e-01, 3.182590534137e-05, 2.1594e+00, 3.9830e-02, 
 2DIAGNOSTIC,    15, -7.542517290973e-01, 1.113707231591e-05, 2.1970e+00, 3.7540e-02, 
 2DIAGNOSTIC,    16, -7.542397895283e-01, 8.393871330642e-06, 2.3655e+00, 1.6850e-01, 
 2DIAGNOSTIC,    17, -7.542395494798e-01, 7.396963354604e-06, 2.4050e+00, 3.9550e-02, 
 2DIAGNOSTIC,    18, -7.542190628687e-01, 6.007899609840e-06, 2.4415e+00, 3.6435e-02, 
 2DIAGNOSTIC,    19, -7.542544484783e-01, 5.031834917624e-06, 2.4822e+00, 4.0740e-02, 
 2DIAGNOSTIC,    20, -7.542602223909e-01, 3.856194302120e-06, 2.5228e+00, 4.0580e-02, 
 2DIAGNOSTIC,    21, -7.542641085279e-01, 2.668562345105e-06, 2.5583e+00, 3.5497e-02, 
 2DIAGNOSTIC,    22, -7.542915174123e-01, 2.613030365570e-06, 2.5957e+00, 3.7422e-02, 
 2DIAGNOSTIC,    23, -7.543304150886e-01, 3.601376078854e-06, 2.6434e+00, 4.7710e-02, 
 2DIAGNOSTIC,    24, -7.543442435639e-01, 4.942764513537e-06, 2.6812e+00, 3.7745e-02, 
 2DIAGNOSTIC,    25, -7.543360928639e-01, 5.555677181183e-06, 2.7199e+00, 3.8777e-02, 
 2DIAGNOSTIC,    26, -7.543947713429e-01, 6.413580493365e-06, 2.7597e+00, 3.9764e-02, 
 2DIAGNOSTIC,    27, -7.544172722810e-01, 7.015102698897e-06, 2.8046e+00, 4.4914e-02, 
 2DIAGNOSTIC,    28, -7.543832733213e-01, 6.265761654974e-06, 2.8524e+00, 4.7751e-02, 
 2DIAGNOSTIC,    29, -7.543867670799e-01, 5.617603101610e-06, 2.8968e+00, 4.4396e-02, 
 2DIAGNOSTIC,    30, -7.543746464972e-01, 4.512802635845e-06, 2.9385e+00, 4.1759e-02, 
 2DIAGNOSTIC,    31, -7.543624433930e-01, 3.035643735813e-06, 2.9735e+00, 3.4947e-02, 
 2DIAGNOSTIC,    32, -7.543517169109e-01, 1.641837828886e-06, 3.0121e+00, 3.8670e-02, 
DIAGNOSTIC,Iteration,metricValue,convergenceValue,ITERATION_TIME_INDEX,SINCE_LAST
 2DIAGNOSTIC,     1, -6.416470439216e-01, 1.797693134862e+308, 4.1795e+00, 1.1674e+00, 
 2DIAGNOSTIC,     2, -6.421284783316e-01, 1.797693134862e+308, 4.4586e+00, 2.7912e-01, 
 2DIAGNOSTIC,     3, -6.425957207053e-01, 1.797693134862e+308, 4.7155e+00, 2.5684e-01, 
 2DIAGNOSTIC,     4, -6.431092817446e-01, 1.797693134862e+308, 5.0094e+00, 2.9394e-01, 
 2DIAGNOSTIC,     5, -6.439439449462e-01, 1.797693134862e+308, 5.3272e+00, 3.1779e-01, 
 2DIAGNOSTIC,     6, -6.450620198549e-01, 1.797693134862e+308, 5.6868e+00, 3.5965e-01, 
 2DIAGNOSTIC,     7, -6.451168017739e-01, 1.797693134862e+308, 6.0958e+00, 4.0897e-01, 
 2DIAGNOSTIC,     8, -6.451066614148e-01, 1.797693134862e+308, 6.4627e+00, 3.6684e-01, 
 2DIAGNOSTIC,     9, -6.450974553790e-01, 1.797693134862e+308, 6.7881e+00, 3.2545e-01, 
 2DIAGNOSTIC,    10, -6.450961945166e-01, 3.972504256645e-04, 7.0834e+00, 2.9530e-01, 
 2DIAGNOSTIC,    11, -6.450951086829e-01, 2.876995891526e-04, 7.4487e+00, 3.6533e-01, 
 2DIAGNOSTIC,    12, -6.450952216395e-01, 1.886534195168e-04, 7.7708e+00, 3.2207e-01, 
 2DIAGNOSTIC,    13, -6.450930623373e-01, 1.043188649602e-04, 8.0635e+00, 2.9266e-01, 
 2DIAGNOSTIC,    14, -6.450923305450e-01, 3.866288636697e-05, 8.3839e+00, 3.2043e-01, 
 2DIAGNOSTIC,    15, -6.450897891938e-01, 1.994530258800e-06, 8.6350e+00, 2.5115e-01, 
DIAGNOSTIC,Iteration,metricValue,convergenceValue,ITERATION_TIME_INDEX,SINCE_LAST
 2DIAGNOSTIC,     1, -5.764926340661e-01, 1.797693134862e+308, 1.1363e+01, 2.7283e+00, 
 2DIAGNOSTIC,     2, -5.769477084839e-01, 1.797693134862e+308, 1.2965e+01, 1.6017e+00, 
 2DIAGNOSTIC,     3, -5.774750621599e-01, 1.797693134862e+308, 1.4548e+01, 1.5825e+00, 
 2DIAGNOSTIC,     4, -5.780787953893e-01, 1.797693134862e+308, 1.6275e+01, 1.7279e+00, 
 2DIAGNOSTIC,     5, -5.785181989022e-01, 1.797693134862e+308, 1.7996e+01, 1.7209e+00, 
 2DIAGNOSTIC,     6, -5.795679723108e-01, 1.797693134862e+308, 2.1963e+01, 3.9667e+00, 
 2DIAGNOSTIC,     7, -5.795666061342e-01, 1.797693134862e+308, 2.4092e+01, 2.1289e+00, 
 2DIAGNOSTIC,     8, -5.795667036293e-01, 1.797693134862e+308, 2.6050e+01, 1.9575e+00, 
 2DIAGNOSTIC,     9, -5.795666659224e-01, 1.797693134862e+308, 2.7850e+01, 1.8007e+00, 
 2DIAGNOSTIC,    10, -5.795664377884e-01, 3.813718243049e-04, 2.9629e+01, 1.7790e+00, 
 2DIAGNOSTIC,    11, -5.795663342707e-01, 2.698956294061e-04, 3.1249e+01, 1.6193e+00, 
 2DIAGNOSTIC,    12, -5.795662631496e-01, 1.715225505814e-04, 3.3432e+01, 2.1833e+00, 
 2DIAGNOSTIC,    13, -5.795661350350e-01, 9.316716318630e-05, 3.5029e+01, 1.5974e+00, 
 2DIAGNOSTIC,    14, -5.795658719222e-01, 3.894700368182e-05, 3.6856e+01, 1.8265e+00, 
 2DIAGNOSTIC,    15, -5.795656248762e-01, 2.005572722119e-06, 3.8786e+01, 1.9300e+00, 
 2DIAGNOSTIC,    16, -5.795656541403e-01, 1.910405402858e-06, 4.0412e+01, 1.6265e+00, 
 2DIAGNOSTIC,    17, -5.795654028153e-01, 1.786721024327e-06, 4.2168e+01, 1.7562e+00, 
 2DIAGNOSTIC,    18, -5.795654463797e-01, 1.688719353847e-06, 4.3944e+01, 1.7753e+00, 
 2DIAGNOSTIC,    19, -5.795650336366e-01, 1.597002597366e-06, 4.5755e+01, 1.8116e+00, 
 2DIAGNOSTIC,    20, -5.795649083010e-01, 1.513437115894e-06, 4.7404e+01, 1.6486e+00, 
 2DIAGNOSTIC,    21, -5.795648002855e-01, 1.440131101316e-06, 4.9033e+01, 1.6296e+00, 
 2DIAGNOSTIC,    22, -5.795648718877e-01, 1.380487541995e-06, 5.0796e+01, 1.7622e+00, 
 2DIAGNOSTIC,    23, -5.795649245257e-01, 1.330683893047e-06, 5.2375e+01, 1.5791e+00, 
 2DIAGNOSTIC,    24, -5.795648631507e-01, 1.283574244122e-06, 5.4164e+01, 1.7893e+00, 
 2DIAGNOSTIC,    25, -5.795646893724e-01, 1.236084291943e-06, 5.5740e+01, 1.5755e+00, 
 2DIAGNOSTIC,    26, -5.795646030272e-01, 1.194826048115e-06, 5.7448e+01, 1.7082e+00, 
 2DIAGNOSTIC,    27, -5.795647076025e-01, 1.156554625924e-06, 5.9441e+01, 1.9935e+00, 
 2DIAGNOSTIC,    28, -5.795643721719e-01, 1.118027107914e-06, 6.1320e+01, 1.8783e+00, 
 2DIAGNOSTIC,    29, -5.795642964248e-01, 1.075908466930e-06, 6.3247e+01, 1.9279e+00, 
 2DIAGNOSTIC,    30, -5.795642524182e-01, 1.036010508562e-06, 6.5026e+01, 1.7787e+00, 
  Elapsed time (stage 0): 6.6051e+01


Total elapsed time: 6.6054e+01
Info [verificarlo]: loaded backend libinterflop_vprec.so
Info [interflop-vprec]: load backend with: 
Info [interflop-vprec]: precision-binary32 = 7
Info [interflop-vprec]: range-binary32 = 7
