
##########################
# Experiment information #
##########################

EXPERIMENT_NAME: antsRegistration-r8-p18
VFC_BACKENDS: libinterflop_vprec.so --range-binary32=8 --precision-binary32=18 --range-binary64=8 --precision-binary64=18

SIF_IMG: /home/mdugre/projects/rrg-glatard/mdugre/containers/ants-vprec-no_metrics.simg

SUBJECT_ID: s017
INPUT_IMG: /home/mdugre/scratch/mri-registration-rp/datasets/ds004513/derivatives/mri-registration-rp/antsBrainExtraction/sub-s017/BrainExtractionBrain.nii.gz
OUTPUT_DIR: /home/mdugre/scratch/mri-registration-rp/datasets/ds004513/derivatives/mri-registration-rp/0001/antsRegistration-r8-p18/sub-s017

FIXED_IMG: /templateflow/tpl-MNI152NLin2009cAsym/tpl-MNI152NLin2009cAsym_res-01_desc-brain_T1w.nii.gz
DATA_DIR: /home/mdugre/scratch/mri-registration-rp/datasets/ds004513
TEMPLATEFLOW_DIR: /home/mdugre/projects/rrg-glatard/mdugre/templateflow
ITK_GLOBAL_DEFAULT_NUMBER_OF_THREADS: 16
##########################

Info [verificarlo]: loaded backend libinterflop_ieee.so
Info [interflop-ieee]: load backend with:
Info [interflop-ieee]: debug = false
Info [interflop-ieee]: debug-binary = false
Info [interflop-ieee]: no-backend-name = false
Info [interflop-ieee]: print-new-line = false
Info [interflop-ieee]: print-subnormal-normalized = false
Info [interflop-ieee]: count-op = false
All_Command_lines_OK
Using double precision for computations.
=============================================================================
The composite transform comprises the following transforms (in order): 
  1. Center of mass alignment using fixed image: /templateflow/tpl-MNI152NLin2009cAsym/tpl-MNI152NLin2009cAsym_res-01_desc-brain_T1w.nii.gz and moving image: /home/mdugre/scratch/mri-registration-rp/datasets/ds004513/derivatives/mri-registration-rp/antsBrainExtraction/sub-s017/BrainExtractionBrain.nii.gz (type = Euler3DTransform)
=============================================================================
  number of levels = 1
  fixed image: /templateflow/tpl-MNI152NLin2009cAsym/tpl-MNI152NLin2009cAsym_res-01_desc-brain_T1w.nii.gz
  moving image: /home/mdugre/scratch/mri-registration-rp/datasets/ds004513/derivatives/mri-registration-rp/antsBrainExtraction/sub-s017/BrainExtractionBrain.nii.gz
Dimension = 3
Number of stages = 1
Use histogram matching = false
Winsorize image intensities = true
  Lower quantile = 0.005
  Upper quantile = 0.995


Stage 1 State
   Image metric = MattesMI
     Fixed image = Image (0x4bc0e70)
  RTTI typeinfo:   itk::Image<double, 3u>
  Reference Count: 2
  Modified Time: 2334
  Debug: Off
  Object Name: 
  Observers: 
    none
  Source: (none)
  Source output name: (none)
  Release Data: Off
  Data Released: False
  Global Release Data: Off
  PipelineMTime: 0
  UpdateMTime: 1943
  RealTimeStamp: 0 seconds 
  LargestPossibleRegion: 
    Dimension: 3
    Index: [0, 0, 0]
    Size: [193, 229, 193]
  BufferedRegion: 
    Dimension: 3
    Index: [0, 0, 0]
    Size: [193, 229, 193]
  RequestedRegion: 
    Dimension: 3
    Index: [0, 0, 0]
    Size: [193, 229, 193]
  Spacing: [1, 1, 1]
  Origin: [96, 132, -78]
  Direction: 
-1 0 0
0 -1 0
0 0 1

  IndexToPointMatrix: 
-1 0 0
0 -1 0
0 0 1

  PointToIndexMatrix: 
-1 0 0
0 -1 0
0 0 1

  Inverse Direction: 
-1 0 0
0 -1 0
0 0 1

  PixelContainer: 
    ImportImageContainer (0x4bc9c60)
      RTTI typeinfo:   itk::ImportImageContainer<unsigned long, double>
      Reference Count: 1
      Modified Time: 1940
      Debug: Off
      Object Name: 
      Observers: 
        none
      Pointer: 0x14d16b06e010
      Container manages memory: true
      Size: 8530021
      Capacity: 8530021

     Moving image = Image (0x4bcc610)
  RTTI typeinfo:   itk::Image<double, 3u>
  Reference Count: 2
  Modified Time: 2335
  Debug: Off
  Object Name: 
  Observers: 
    none
  Source: (none)
  Source output name: (none)
  Release Data: Off
  Data Released: False
  Global Release Data: Off
  PipelineMTime: 0
  UpdateMTime: 2332
  RealTimeStamp: 0 seconds 
  LargestPossibleRegion: 
    Dimension: 3
    Index: [0, 0, 0]
    Size: [160, 240, 256]
  BufferedRegion: 
    Dimension: 3
    Index: [0, 0, 0]
    Size: [160, 240, 256]
  RequestedRegion: 
    Dimension: 3
    Index: [0, 0, 0]
    Size: [160, 240, 256]
  Spacing: [1, 1, 1]
  Origin: [91.3357, 102.231, -120.042]
  Direction: 
-0.997442 -5.36781e-05 -0.0714818
5.35416e-05 -1 3.82465e-06
-0.0714818 -1.23894e-08 0.997442

  IndexToPointMatrix: 
-0.997444 -5.36781e-05 -0.0714818
5.35418e-05 -1 3.82465e-06
-0.0714819 -1.23894e-08 0.997442

  PointToIndexMatrix: 
-0.99744 5.35415e-05 -0.0714816
-5.36781e-05 -1 -1.23894e-08
-0.0714818 3.82465e-06 0.997442

  Inverse Direction: 
-0.997442 5.35416e-05 -0.0714818
-5.36781e-05 -1 -1.23894e-08
-0.0714818 3.82465e-06 0.997442

  PixelContainer: 
    ImportImageContainer (0x4c65ef0)
      RTTI typeinfo:   itk::ImportImageContainer<unsigned long, double>
      Reference Count: 1
      Modified Time: 2329
      Debug: Off
      Object Name: 
      Observers: 
        none
      Pointer: 0x14d16656d010
      Container manages memory: true
      Size: 9830400
      Capacity: 9830400

     Weighting = 1
     Sampling strategy = regular
     Number of bins = 32
     Radius = 4
     Sampling percentage  = 0.25
   Transform = Rigid
     Gradient step = 0.1
     Update field sigma (voxel space) = 0
     Total field sigma (voxel space) = 0
     Update field time sigma = 0
     Total field time sigma  = 0
     Number of time indices = 0
     Number of time point samples = 0
Registration using 1 total stages.

Stage 0
  iterations = 0
  convergence threshold = 1e-06
  convergence window size = 10
  number of levels = 1
  using the Mattes MI metric (number of bins = 32, weight = 1, use gradient filter = 0)
  preprocessing:  winsorizing the image intensities
  Shrink factors (level 1 out of 1): [1, 1, 1]
  smoothing sigmas per level: [0]
  regular sampling (percentage = 0.25)

*** Running Euler3DTransform registration ***

  Elapsed time (stage 0): 1.12856


Total elapsed time: 1.13134
Info [verificarlo]: loaded backend libinterflop_ieee.so
Info [interflop-ieee]: load backend with:
Info [interflop-ieee]: debug = false
Info [interflop-ieee]: debug-binary = false
Info [interflop-ieee]: no-backend-name = false
Info [interflop-ieee]: print-new-line = false
Info [interflop-ieee]: print-subnormal-normalized = false
Info [interflop-ieee]: count-op = false
All_Command_lines_OK
Using double precision for computations.
=============================================================================
The composite transform comprises the following transforms (in order): 
  1. /home/mdugre/scratch/mri-registration-rp/datasets/ds004513/derivatives/mri-registration-rp/0001/antsRegistration-r8-p18/sub-s017/align_Composite.h5[0] (type = Euler3DTransform)
  2. /home/mdugre/scratch/mri-registration-rp/datasets/ds004513/derivatives/mri-registration-rp/0001/antsRegistration-r8-p18/sub-s017/align_Composite.h5[1] (type = Euler3DTransform)
=============================================================================
  number of levels = 4
  fixed image: /templateflow/tpl-MNI152NLin2009cAsym/tpl-MNI152NLin2009cAsym_res-01_desc-brain_T1w.nii.gz
  moving image: /home/mdugre/scratch/mri-registration-rp/datasets/ds004513/derivatives/mri-registration-rp/antsBrainExtraction/sub-s017/BrainExtractionBrain.nii.gz
Dimension = 3
Number of stages = 1
Use histogram matching = false
Winsorize image intensities = true
  Lower quantile = 0.005
  Upper quantile = 0.995


Stage 1 State
   Image metric = MattesMI
     Fixed image = Image (0x4c4a530)
  RTTI typeinfo:   itk::Image<double, 3u>
  Reference Count: 2
  Modified Time: 1580
  Debug: Off
  Object Name: 
  Observers: 
    none
  Source: (none)
  Source output name: (none)
  Release Data: Off
  Data Released: False
  Global Release Data: Off
  PipelineMTime: 0
  UpdateMTime: 1189
  RealTimeStamp: 0 seconds 
  LargestPossibleRegion: 
    Dimension: 3
    Index: [0, 0, 0]
    Size: [193, 229, 193]
  BufferedRegion: 
    Dimension: 3
    Index: [0, 0, 0]
    Size: [193, 229, 193]
  RequestedRegion: 
    Dimension: 3
    Index: [0, 0, 0]
    Size: [193, 229, 193]
  Spacing: [1, 1, 1]
  Origin: [96, 132, -78]
  Direction: 
-1 0 0
0 -1 0
0 0 1

  IndexToPointMatrix: 
-1 0 0
0 -1 0
0 0 1

  PointToIndexMatrix: 
-1 0 0
0 -1 0
0 0 1

  Inverse Direction: 
-1 0 0
0 -1 0
0 0 1

  PixelContainer: 
    ImportImageContainer (0x4d08d60)
      RTTI typeinfo:   itk::ImportImageContainer<unsigned long, double>
      Reference Count: 1
      Modified Time: 1186
      Debug: Off
      Object Name: 
      Observers: 
        none
      Pointer: 0x14ed42eb3010
      Container manages memory: true
      Size: 8530021
      Capacity: 8530021

     Moving image = Image (0x4cfaf60)
  RTTI typeinfo:   itk::Image<double, 3u>
  Reference Count: 2
  Modified Time: 1581
  Debug: Off
  Object Name: 
  Observers: 
    none
  Source: (none)
  Source output name: (none)
  Release Data: Off
  Data Released: False
  Global Release Data: Off
  PipelineMTime: 0
  UpdateMTime: 1578
  RealTimeStamp: 0 seconds 
  LargestPossibleRegion: 
    Dimension: 3
    Index: [0, 0, 0]
    Size: [160, 240, 256]
  BufferedRegion: 
    Dimension: 3
    Index: [0, 0, 0]
    Size: [160, 240, 256]
  RequestedRegion: 
    Dimension: 3
    Index: [0, 0, 0]
    Size: [160, 240, 256]
  Spacing: [1, 1, 1]
  Origin: [91.3357, 102.231, -120.042]
  Direction: 
-0.997442 -5.36781e-05 -0.0714818
5.35416e-05 -1 3.82465e-06
-0.0714818 -1.23894e-08 0.997442

  IndexToPointMatrix: 
-0.997444 -5.36781e-05 -0.0714818
5.35418e-05 -1 3.82465e-06
-0.0714819 -1.23894e-08 0.997442

  PointToIndexMatrix: 
-0.99744 5.35415e-05 -0.0714816
-5.36781e-05 -1 -1.23894e-08
-0.0714818 3.82465e-06 0.997442

  Inverse Direction: 
-0.997442 5.35416e-05 -0.0714818
-5.36781e-05 -1 -1.23894e-08
-0.0714818 3.82465e-06 0.997442

  PixelContainer: 
    ImportImageContainer (0x4cec6d0)
      RTTI typeinfo:   itk::ImportImageContainer<unsigned long, double>
      Reference Count: 1
      Modified Time: 1575
      Debug: Off
      Object Name: 
      Observers: 
        none
      Pointer: 0x14ed3e3b2010
      Container manages memory: true
      Size: 9830400
      Capacity: 9830400

     Weighting = 1
     Sampling strategy = regular
     Number of bins = 32
     Radius = 4
     Sampling percentage  = 0.25
   Transform = Rigid
     Gradient step = 0.1
     Update field sigma (voxel space) = 0
     Total field sigma (voxel space) = 0
     Update field time sigma = 0
     Total field time sigma  = 0
     Number of time indices = 0
     Number of time point samples = 0
Registration using 1 total stages.

Stage 0
  iterations = 1000x500x250x100
  convergence threshold = 1e-06
  convergence window size = 10
  number of levels = 4
  using the Mattes MI metric (number of bins = 32, weight = 1, use gradient filter = 0)
  preprocessing:  winsorizing the image intensities
  Shrink factors (level 1 out of 4): [8, 8, 8]
  Shrink factors (level 2 out of 4): [4, 4, 4]
  Shrink factors (level 3 out of 4): [2, 2, 2]
  Shrink factors (level 4 out of 4): [1, 1, 1]
  smoothing sigmas per level: [3, 2, 1, 0]
  regular sampling (percentage = 0.25)

*** Running Euler3DTransform registration ***

DIAGNOSTIC,Iteration,metricValue,convergenceValue,ITERATION_TIME_INDEX,SINCE_LAST
 2DIAGNOSTIC,     1, -5.567767283252e-01, 1.797693134862e+308, 6.9946e-01, 6.9946e-01, 
 2DIAGNOSTIC,     2, -5.584239703569e-01, 1.797693134862e+308, 7.0333e-01, 3.8691e-03, 
 2DIAGNOSTIC,     3, -5.612715515272e-01, 1.797693134862e+308, 7.0768e-01, 4.3528e-03, 
 2DIAGNOSTIC,     4, -5.637780194106e-01, 1.797693134862e+308, 7.1149e-01, 3.8030e-03, 
 2DIAGNOSTIC,     5, -5.658229214212e-01, 1.797693134862e+308, 7.1534e-01, 3.8500e-03, 
 2DIAGNOSTIC,     6, -5.696445468689e-01, 1.797693134862e+308, 7.1941e-01, 4.0722e-03, 
 2DIAGNOSTIC,     7, -5.734118275242e-01, 1.797693134862e+308, 7.2346e-01, 4.0541e-03, 
 2DIAGNOSTIC,     8, -5.754533484979e-01, 1.797693134862e+308, 7.2901e-01, 5.5461e-03, 
 2DIAGNOSTIC,     9, -5.763021950250e-01, 1.797693134862e+308, 7.3309e-01, 4.0810e-03, 
 2DIAGNOSTIC,    10, -5.771142770255e-01, 2.558085388190e-03, 7.3817e-01, 5.0759e-03, 
 2DIAGNOSTIC,    11, -5.785125587612e-01, 2.176117873031e-03, 7.4213e-01, 3.9639e-03, 
 2DIAGNOSTIC,    12, -5.799413348090e-01, 1.786767970983e-03, 7.4685e-01, 4.7150e-03, 
 2DIAGNOSTIC,    13, -5.809477908980e-01, 1.443124036835e-03, 7.5158e-01, 4.7309e-03, 
 2DIAGNOSTIC,    14, -5.814655964876e-01, 1.127354078216e-03, 7.5576e-01, 4.1869e-03, 
 2DIAGNOSTIC,    15, -5.819093877219e-01, 8.331089413528e-04, 7.6057e-01, 4.8101e-03, 
 2DIAGNOSTIC,    16, -5.822326442998e-01, 6.258215683235e-04, 7.6527e-01, 4.6999e-03, 
 2DIAGNOSTIC,    17, -5.825793599843e-01, 5.040365830245e-04, 7.6959e-01, 4.3168e-03, 
 2DIAGNOSTIC,    18, -5.863713925916e-01, 5.095725576654e-04, 7.7397e-01, 4.3850e-03, 
 2DIAGNOSTIC,    19, -5.901617810167e-01, 5.855607354896e-04, 7.8146e-01, 7.4818e-03, 
 2DIAGNOSTIC,    20, -5.906016223815e-01, 6.286272500279e-04, 7.8670e-01, 5.2450e-03, 
 2DIAGNOSTIC,    21, -5.907365705866e-01, 6.467002963793e-04, 7.9137e-01, 4.6721e-03, 
 2DIAGNOSTIC,    22, -5.906256574993e-01, 6.330265936326e-04, 7.9632e-01, 4.9460e-03, 
 2DIAGNOSTIC,    23, -5.906307681710e-01, 5.816453055121e-04, 8.0049e-01, 4.1668e-03, 
 2DIAGNOSTIC,    24, -5.905636622009e-01, 4.878472529168e-04, 8.0465e-01, 4.1680e-03, 
 2DIAGNOSTIC,    25, -5.906024985369e-01, 3.662279783914e-04, 8.0931e-01, 4.6580e-03, 
 2DIAGNOSTIC,    26, -5.906025304324e-01, 2.276984665041e-04, 8.1347e-01, 4.1549e-03, 
 2DIAGNOSTIC,    27, -5.906211320573e-01, 8.394584288632e-05, 8.1763e-01, 4.1661e-03, 
 2DIAGNOSTIC,    28, -5.908796758313e-01, 1.198925031271e-05, 8.2187e-01, 4.2350e-03, 
 2DIAGNOSTIC,    29, -5.911411552395e-01, 1.217108543353e-05, 8.2657e-01, 4.7011e-03, 
 2DIAGNOSTIC,    30, -5.915241330961e-01, 2.456301684461e-05, 8.3305e-01, 6.4831e-03, 
 2DIAGNOSTIC,    31, -5.916229825993e-01, 3.758205306469e-05, 8.3743e-01, 4.3731e-03, 
 2DIAGNOSTIC,    32, -5.916651208817e-01, 4.532975449540e-05, 8.4172e-01, 4.2982e-03, 
 2DIAGNOSTIC,    33, -5.916874987632e-01, 4.885284295091e-05, 8.4617e-01, 4.4448e-03, 
 2DIAGNOSTIC,    34, -5.917053822200e-01, 4.682712859201e-05, 8.5115e-01, 4.9789e-03, 
 2DIAGNOSTIC,    35, -5.917390904867e-01, 4.153275817705e-05, 8.6240e-01, 1.1250e-02, 
 2DIAGNOSTIC,    36, -5.917390912695e-01, 3.272086429648e-05, 8.6689e-01, 4.4880e-03, 
 2DIAGNOSTIC,    37, -5.917391070342e-01, 2.163060314940e-05, 8.7111e-01, 4.2210e-03, 
 2DIAGNOSTIC,    38, -5.917391330930e-01, 1.245673595328e-05, 8.7526e-01, 4.1540e-03, 
 2DIAGNOSTIC,    39, -5.917391754734e-01, 5.801896388543e-06, 8.7952e-01, 4.2560e-03, 
 2DIAGNOSTIC,    40, -5.917392424311e-01, 3.643428648920e-06, 8.8378e-01, 4.2648e-03, 
 2DIAGNOSTIC,    41, -5.917393428828e-01, 2.487109296883e-06, 8.8798e-01, 4.2009e-03, 
 2DIAGNOSTIC,    42, -5.917394845334e-01, 1.715730316463e-06, 8.9233e-01, 4.3490e-03, 
 2DIAGNOSTIC,    43, -5.917396625586e-01, 1.144189314236e-06, 8.9657e-01, 4.2398e-03, 
DIAGNOSTIC,Iteration,metricValue,convergenceValue,ITERATION_TIME_INDEX,SINCE_LAST
 2DIAGNOSTIC,     1, -4.784004501415e-01, 1.797693134862e+308, 1.5979e+00, 7.0137e-01, 
 2DIAGNOSTIC,     2, -4.783999131484e-01, 1.797693134862e+308, 1.6268e+00, 2.8842e-02, 
 2DIAGNOSTIC,     3, -4.784190365422e-01, 1.797693134862e+308, 1.6569e+00, 3.0084e-02, 
 2DIAGNOSTIC,     4, -4.785028756508e-01, 1.797693134862e+308, 1.6840e+00, 2.7097e-02, 
 2DIAGNOSTIC,     5, -4.786647485428e-01, 1.797693134862e+308, 1.7100e+00, 2.6021e-02, 
 2DIAGNOSTIC,     6, -4.788099932956e-01, 1.797693134862e+308, 1.7362e+00, 2.6229e-02, 
 2DIAGNOSTIC,     7, -4.794645847211e-01, 1.797693134862e+308, 1.7628e+00, 2.6616e-02, 
 2DIAGNOSTIC,     8, -4.813619171740e-01, 1.797693134862e+308, 1.7999e+00, 3.7048e-02, 
 2DIAGNOSTIC,     9, -4.817935635325e-01, 1.797693134862e+308, 1.8301e+00, 3.0181e-02, 
 2DIAGNOSTIC,    10, -4.822647496916e-01, 5.583367505967e-04, 1.8567e+00, 2.6641e-02, 
 2DIAGNOSTIC,    11, -4.831344909908e-01, 6.366384576088e-04, 1.8873e+00, 3.0617e-02, 
 2DIAGNOSTIC,    12, -4.835768992547e-01, 6.653898034674e-04, 1.9317e+00, 4.4371e-02, 
 2DIAGNOSTIC,    13, -4.835677565316e-01, 6.290342968673e-04, 1.9648e+00, 3.3156e-02, 
 2DIAGNOSTIC,    14, -4.835733047833e-01, 5.452729207358e-04, 2.0024e+00, 3.7573e-02, 
 2DIAGNOSTIC,    15, -4.835701547242e-01, 4.305772095324e-04, 2.0325e+00, 3.0110e-02, 
 2DIAGNOSTIC,    16, -4.835566912998e-01, 2.956272803403e-04, 2.0625e+00, 3.0020e-02, 
 2DIAGNOSTIC,    17, -4.835523104081e-01, 1.703980274539e-04, 2.0919e+00, 2.9357e-02, 
 2DIAGNOSTIC,    18, -4.835483887828e-01, 1.058854945385e-04, 2.1182e+00, 2.6310e-02, 
 2DIAGNOSTIC,    19, -4.835469915470e-01, 5.203914173890e-05, 2.1449e+00, 2.6708e-02, 
 2DIAGNOSTIC,    20, -4.835401827381e-01, 1.204163315947e-05, 2.1757e+00, 3.0816e-02, 
DIAGNOSTIC,Iteration,metricValue,convergenceValue,ITERATION_TIME_INDEX,SINCE_LAST
 2DIAGNOSTIC,     1, -4.161561167876e-01, 1.797693134862e+308, 3.2137e+00, 1.0380e+00, 
 2DIAGNOSTIC,     2, -4.161756893437e-01, 1.797693134862e+308, 3.5210e+00, 3.0733e-01, 
 2DIAGNOSTIC,     3, -4.161696114506e-01, 1.797693134862e+308, 3.7834e+00, 2.6234e-01, 
 2DIAGNOSTIC,     4, -4.161681503550e-01, 1.797693134862e+308, 4.1784e+00, 3.9503e-01, 
 2DIAGNOSTIC,     5, -4.161678896599e-01, 1.797693134862e+308, 4.4298e+00, 2.5135e-01, 
 2DIAGNOSTIC,     6, -4.161669123582e-01, 1.797693134862e+308, 4.6866e+00, 2.5689e-01, 
 2DIAGNOSTIC,     7, -4.161667485640e-01, 1.797693134862e+308, 4.9454e+00, 2.5874e-01, 
 2DIAGNOSTIC,     8, -4.161656816012e-01, 1.797693134862e+308, 5.2198e+00, 2.7440e-01, 
 2DIAGNOSTIC,     9, -4.161650043535e-01, 1.797693134862e+308, 5.5265e+00, 3.0674e-01, 
 2DIAGNOSTIC,    10, -4.161655463811e-01, 2.943366545299e-06, 5.8672e+00, 3.4063e-01, 
 2DIAGNOSTIC,    11, -4.161636420992e-01, 1.720591482637e-06, 6.1453e+00, 2.7812e-01, 
 2DIAGNOSTIC,    12, -4.161624970807e-01, 1.867462474603e-06, 6.4181e+00, 2.7279e-01, 
 2DIAGNOSTIC,    13, -4.161615819741e-01, 1.698398064701e-06, 6.7044e+00, 2.8633e-01, 
 2DIAGNOSTIC,    14, -4.161624603291e-01, 1.592444847487e-06, 6.9592e+00, 2.5478e-01, 
 2DIAGNOSTIC,    15, -4.161620529810e-01, 1.530180431308e-06, 7.2122e+00, 2.5303e-01, 
 2DIAGNOSTIC,    16, -4.161603835103e-01, 1.417836911100e-06, 7.4367e+00, 2.2454e-01, 
 2DIAGNOSTIC,    17, -4.161625251478e-01, 1.455414107961e-06, 7.6911e+00, 2.5434e-01, 
 2DIAGNOSTIC,    18, -4.161617349622e-01, 1.453854851285e-06, 7.9133e+00, 2.2219e-01, 
 2DIAGNOSTIC,    19, -4.161656140591e-01, 1.594928492749e-06, 8.1542e+00, 2.4094e-01, 
 2DIAGNOSTIC,    20, -4.161678254526e-01, 1.821576314030e-06, 8.4796e+00, 3.2537e-01, 
 2DIAGNOSTIC,    21, -4.161672172256e-01, 1.924327014173e-06, 8.7320e+00, 2.5241e-01, 
 2DIAGNOSTIC,    22, -4.161665846119e-01, 1.927748304167e-06, 8.9464e+00, 2.1445e-01, 
 2DIAGNOSTIC,    23, -4.161660793962e-01, 1.843028030454e-06, 9.1858e+00, 2.3935e-01, 
 2DIAGNOSTIC,    24, -4.161655365529e-01, 1.730448862126e-06, 9.3993e+00, 2.1353e-01, 
 2DIAGNOSTIC,    25, -4.161651834943e-01, 1.568353729151e-06, 9.6227e+00, 2.2341e-01, 
 2DIAGNOSTIC,    26, -4.161660037663e-01, 1.368374529659e-06, 9.8642e+00, 2.4147e-01, 
 2DIAGNOSTIC,    27, -4.161651045494e-01, 1.203105055331e-06, 1.0084e+01, 2.2009e-01, 
 2DIAGNOSTIC,    28, -4.161679884894e-01, 1.097088647838e-06, 1.0330e+01, 2.4543e-01, 
 2DIAGNOSTIC,    29, -4.161710849645e-01, 1.162831229085e-06, 1.0574e+01, 2.4400e-01, 
 2DIAGNOSTIC,    30, -4.161703640303e-01, 1.250475704227e-06, 1.0817e+01, 2.4354e-01, 
 2DIAGNOSTIC,    31, -4.161708142908e-01, 1.313167819560e-06, 1.1059e+01, 2.4134e-01, 
 2DIAGNOSTIC,    32, -4.161710089261e-01, 1.336085274202e-06, 1.1283e+01, 2.2415e-01, 
 2DIAGNOSTIC,    33, -4.161749613445e-01, 1.395595233912e-06, 1.1529e+01, 2.4576e-01, 
 2DIAGNOSTIC,    34, -4.161777487500e-01, 1.452526293563e-06, 1.1736e+01, 2.0764e-01, 
 2DIAGNOSTIC,    35, -4.161792220169e-01, 1.478601702354e-06, 1.1978e+01, 2.4180e-01, 
 2DIAGNOSTIC,    36, -4.161806859639e-01, 1.495439401509e-06, 1.2235e+01, 2.5684e-01, 
 2DIAGNOSTIC,    37, -4.161791778416e-01, 1.407680650316e-06, 1.2457e+01, 2.2184e-01, 
 2DIAGNOSTIC,    38, -4.161838486857e-01, 1.406626854016e-06, 1.2740e+01, 2.8351e-01, 
 2DIAGNOSTIC,    39, -4.161849953089e-01, 1.422742157510e-06, 1.3020e+01, 2.8017e-01, 
 2DIAGNOSTIC,    40, -4.161860914880e-01, 1.386764619232e-06, 1.3368e+01, 3.4773e-01, 
 2DIAGNOSTIC,    41, -4.161854987566e-01, 1.295749564863e-06, 1.3623e+01, 2.5468e-01, 
 2DIAGNOSTIC,    42, -4.161840259978e-01, 1.138573333032e-06, 1.3870e+01, 2.4704e-01, 
 2DIAGNOSTIC,    43, -4.161834049850e-01, 1.004201828452e-06, 1.4081e+01, 2.1160e-01, 
DIAGNOSTIC,Iteration,metricValue,convergenceValue,ITERATION_TIME_INDEX,SINCE_LAST
 2DIAGNOSTIC,     1, -3.834265912295e-01, 1.797693134862e+308, 1.6628e+01, 2.5464e+00, 
 2DIAGNOSTIC,     2, -3.834925053331e-01, 1.797693134862e+308, 1.8219e+01, 1.5908e+00, 
 2DIAGNOSTIC,     3, -3.834978116441e-01, 1.797693134862e+308, 1.9847e+01, 1.6289e+00, 
 2DIAGNOSTIC,     4, -3.835004127700e-01, 1.797693134862e+308, 2.1531e+01, 1.6836e+00, 
 2DIAGNOSTIC,     5, -3.835019582497e-01, 1.797693134862e+308, 2.2998e+01, 1.4669e+00, 
 2DIAGNOSTIC,     6, -3.835049957398e-01, 1.797693134862e+308, 2.4659e+01, 1.6610e+00, 
 2DIAGNOSTIC,     7, -3.835058343708e-01, 1.797693134862e+308, 2.6286e+01, 1.6272e+00, 
 2DIAGNOSTIC,     8, -3.835066498243e-01, 1.797693134862e+308, 2.8080e+01, 1.7943e+00, 
 2DIAGNOSTIC,     9, -3.835062955311e-01, 1.797693134862e+308, 2.9772e+01, 1.6916e+00, 
 2DIAGNOSTIC,    10, -3.835063108986e-01, 1.066660798901e-05, 3.1420e+01, 1.6481e+00, 
 2DIAGNOSTIC,    11, -3.835061571780e-01, 4.747041065553e-06, 3.3713e+01, 2.2925e+00, 
 2DIAGNOSTIC,    12, -3.835060832638e-01, 3.706200953815e-06, 3.5196e+01, 1.4834e+00, 
 2DIAGNOSTIC,    13, -3.835060190710e-01, 3.027826269930e-06, 3.7059e+01, 1.8632e+00, 
 2DIAGNOSTIC,    14, -3.835058638467e-01, 2.523467135376e-06, 3.8706e+01, 1.6470e+00, 
 2DIAGNOSTIC,    15, -3.835058006953e-01, 2.133709327945e-06, 4.0325e+01, 1.6185e+00, 
 2DIAGNOSTIC,    16, -3.835056463960e-01, 1.924177741836e-06, 4.2234e+01, 1.9094e+00, 
 2DIAGNOSTIC,    17, -3.835054775118e-01, 1.773328565449e-06, 4.3791e+01, 1.5571e+00, 
 2DIAGNOSTIC,    18, -3.835053086111e-01, 1.675385380977e-06, 4.5145e+01, 1.3540e+00, 
 2DIAGNOSTIC,    19, -3.835051448133e-01, 1.576051820225e-06, 4.6532e+01, 1.3866e+00, 
 2DIAGNOSTIC,    20, -3.835051658755e-01, 1.497295076924e-06, 4.8010e+01, 1.4777e+00, 
 2DIAGNOSTIC,    21, -3.835053779564e-01, 1.436675315103e-06, 4.9574e+01, 1.5638e+00, 
 2DIAGNOSTIC,    22, -3.835055901403e-01, 1.393331721639e-06, 5.1203e+01, 1.6299e+00, 
 2DIAGNOSTIC,    23, -3.835055250995e-01, 1.354581542636e-06, 5.2732e+01, 1.5288e+00, 
 2DIAGNOSTIC,    24, -3.835054518274e-01, 1.314933130873e-06, 5.4284e+01, 1.5522e+00, 
 2DIAGNOSTIC,    25, -3.835053813415e-01, 1.275595341535e-06, 5.5642e+01, 1.3573e+00, 
 2DIAGNOSTIC,    26, -3.835053141609e-01, 1.232550096160e-06, 5.6985e+01, 1.3429e+00, 
 2DIAGNOSTIC,    27, -3.835053494667e-01, 1.188143195170e-06, 5.8462e+01, 1.4769e+00, 
 2DIAGNOSTIC,    28, -3.835054089345e-01, 1.143229101851e-06, 6.0030e+01, 1.5688e+00, 
 2DIAGNOSTIC,    29, -3.835055814670e-01, 1.101082732657e-06, 6.1418e+01, 1.3878e+00, 
 2DIAGNOSTIC,    30, -3.835053714633e-01, 1.056523031173e-06, 6.3622e+01, 2.2038e+00, 
 2DIAGNOSTIC,    31, -3.835053052281e-01, 1.018740043768e-06, 6.5283e+01, 1.6606e+00, 
  Elapsed time (stage 0): 6.6167e+01


Total elapsed time: 6.6170e+01
Info [verificarlo]: loaded backend libinterflop_ieee.so
Info [interflop-ieee]: load backend with:
Info [interflop-ieee]: debug = false
Info [interflop-ieee]: debug-binary = false
Info [interflop-ieee]: no-backend-name = false
Info [interflop-ieee]: print-new-line = false
Info [interflop-ieee]: print-subnormal-normalized = false
Info [interflop-ieee]: count-op = false
All_Command_lines_OK
Using double precision for computations.
=============================================================================
The composite transform comprises the following transforms (in order): 
  1. /home/mdugre/scratch/mri-registration-rp/datasets/ds004513/derivatives/mri-registration-rp/0001/antsRegistration-r8-p18/sub-s017/rigid_Composite.h5[0] (type = Euler3DTransform)
  2. /home/mdugre/scratch/mri-registration-rp/datasets/ds004513/derivatives/mri-registration-rp/0001/antsRegistration-r8-p18/sub-s017/rigid_Composite.h5[1] (type = Euler3DTransform)
  3. /home/mdugre/scratch/mri-registration-rp/datasets/ds004513/derivatives/mri-registration-rp/0001/antsRegistration-r8-p18/sub-s017/rigid_Composite.h5[2] (type = Euler3DTransform)
=============================================================================
  number of levels = 4
  fixed image: /templateflow/tpl-MNI152NLin2009cAsym/tpl-MNI152NLin2009cAsym_res-01_desc-brain_T1w.nii.gz
  moving image: /home/mdugre/scratch/mri-registration-rp/datasets/ds004513/derivatives/mri-registration-rp/antsBrainExtraction/sub-s017/BrainExtractionBrain.nii.gz
Dimension = 3
Number of stages = 1
Use histogram matching = false
Winsorize image intensities = true
  Lower quantile = 0.005
  Upper quantile = 0.995


Stage 1 State
   Image metric = MattesMI
     Fixed image = Image (0x34297e0)
  RTTI typeinfo:   itk::Image<double, 3u>
  Reference Count: 2
  Modified Time: 1594
  Debug: Off
  Object Name: 
  Observers: 
    none
  Source: (none)
  Source output name: (none)
  Release Data: Off
  Data Released: False
  Global Release Data: Off
  PipelineMTime: 0
  UpdateMTime: 1203
  RealTimeStamp: 0 seconds 
  LargestPossibleRegion: 
    Dimension: 3
    Index: [0, 0, 0]
    Size: [193, 229, 193]
  BufferedRegion: 
    Dimension: 3
    Index: [0, 0, 0]
    Size: [193, 229, 193]
  RequestedRegion: 
    Dimension: 3
    Index: [0, 0, 0]
    Size: [193, 229, 193]
  Spacing: [1, 1, 1]
  Origin: [96, 132, -78]
  Direction: 
-1 0 0
0 -1 0
0 0 1

  IndexToPointMatrix: 
-1 0 0
0 -1 0
0 0 1

  PointToIndexMatrix: 
-1 0 0
0 -1 0
0 0 1

  Inverse Direction: 
-1 0 0
0 -1 0
0 0 1

  PixelContainer: 
    ImportImageContainer (0x34e9a20)
      RTTI typeinfo:   itk::ImportImageContainer<unsigned long, double>
      Reference Count: 1
      Modified Time: 1200
      Debug: Off
      Object Name: 
      Observers: 
        none
      Pointer: 0x14a8d68ba010
      Container manages memory: true
      Size: 8530021
      Capacity: 8530021

     Moving image = Image (0x34e4d70)
  RTTI typeinfo:   itk::Image<double, 3u>
  Reference Count: 2
  Modified Time: 1595
  Debug: Off
  Object Name: 
  Observers: 
    none
  Source: (none)
  Source output name: (none)
  Release Data: Off
  Data Released: False
  Global Release Data: Off
  PipelineMTime: 0
  UpdateMTime: 1592
  RealTimeStamp: 0 seconds 
  LargestPossibleRegion: 
    Dimension: 3
    Index: [0, 0, 0]
    Size: [160, 240, 256]
  BufferedRegion: 
    Dimension: 3
    Index: [0, 0, 0]
    Size: [160, 240, 256]
  RequestedRegion: 
    Dimension: 3
    Index: [0, 0, 0]
    Size: [160, 240, 256]
  Spacing: [1, 1, 1]
  Origin: [91.3357, 102.231, -120.042]
  Direction: 
-0.997442 -5.36781e-05 -0.0714818
5.35416e-05 -1 3.82465e-06
-0.0714818 -1.23894e-08 0.997442

  IndexToPointMatrix: 
-0.997444 -5.36781e-05 -0.0714818
5.35418e-05 -1 3.82465e-06
-0.0714819 -1.23894e-08 0.997442

  PointToIndexMatrix: 
-0.99744 5.35415e-05 -0.0714816
-5.36781e-05 -1 -1.23894e-08
-0.0714818 3.82465e-06 0.997442

  Inverse Direction: 
-0.997442 5.35416e-05 -0.0714818
-5.36781e-05 -1 -1.23894e-08
-0.0714818 3.82465e-06 0.997442

  PixelContainer: 
    ImportImageContainer (0x349cc90)
      RTTI typeinfo:   itk::ImportImageContainer<unsigned long, double>
      Reference Count: 1
      Modified Time: 1589
      Debug: Off
      Object Name: 
      Observers: 
        none
      Pointer: 0x14a8d1db9010
      Container manages memory: true
      Size: 9830400
      Capacity: 9830400

     Weighting = 1
     Sampling strategy = regular
     Number of bins = 32
     Radius = 4
     Sampling percentage  = 0.25
   Transform = Affine
     Gradient step = 0.1
     Update field sigma (voxel space) = 0
     Total field sigma (voxel space) = 0
     Update field time sigma = 0
     Total field time sigma  = 0
     Number of time indices = 0
     Number of time point samples = 0
Registration using 1 total stages.

Stage 0
  iterations = 1000x500x250x100
  convergence threshold = 1e-06
  convergence window size = 10
  number of levels = 4
  using the Mattes MI metric (number of bins = 32, weight = 1, use gradient filter = 0)
  preprocessing:  winsorizing the image intensities
  Shrink factors (level 1 out of 4): [8, 8, 8]
  Shrink factors (level 2 out of 4): [4, 4, 4]
  Shrink factors (level 3 out of 4): [2, 2, 2]
  Shrink factors (level 4 out of 4): [1, 1, 1]
  smoothing sigmas per level: [3, 2, 1, 0]
  regular sampling (percentage = 0.25)

*** Running AffineTransform registration ***

DIAGNOSTIC,Iteration,metricValue,convergenceValue,ITERATION_TIME_INDEX,SINCE_LAST
 2DIAGNOSTIC,     1, -5.806290998504e-01, 1.797693134862e+308, 7.0230e-01, 7.0230e-01, 
 2DIAGNOSTIC,     2, -5.832407507997e-01, 1.797693134862e+308, 7.0720e-01, 4.9081e-03, 
 2DIAGNOSTIC,     3, -5.883921005914e-01, 1.797693134862e+308, 7.1203e-01, 4.8280e-03, 
 2DIAGNOSTIC,     4, -5.973582020226e-01, 1.797693134862e+308, 7.1701e-01, 4.9751e-03, 
 2DIAGNOSTIC,     5, -6.166279653055e-01, 1.797693134862e+308, 7.2182e-01, 4.8139e-03, 
 2DIAGNOSTIC,     6, -6.406440247446e-01, 1.797693134862e+308, 7.2675e-01, 4.9331e-03, 
 2DIAGNOSTIC,     7, -7.009864265634e-01, 1.797693134862e+308, 7.3187e-01, 5.1141e-03, 
 2DIAGNOSTIC,     8, -7.630482528238e-01, 1.797693134862e+308, 7.3708e-01, 5.2140e-03, 
 2DIAGNOSTIC,     9, -8.423469017734e-01, 1.797693134862e+308, 7.4506e-01, 7.9761e-03, 
 2DIAGNOSTIC,    10, -8.569694557715e-01, 2.845116136657e-02, 7.5051e-01, 5.4550e-03, 
 2DIAGNOSTIC,    11, -8.701917127000e-01, 2.871708899582e-02, 7.5688e-01, 6.3710e-03, 
 2DIAGNOSTIC,    12, -8.814645611587e-01, 2.683607373959e-02, 7.6668e-01, 9.7990e-03, 
 2DIAGNOSTIC,    13, -8.822368113608e-01, 2.307206280509e-02, 7.7217e-01, 5.4839e-03, 
 2DIAGNOSTIC,    14, -8.834458717699e-01, 1.815384135018e-02, 7.7756e-01, 5.3899e-03, 
 2DIAGNOSTIC,    15, -8.851322801116e-01, 1.292532919848e-02, 7.8326e-01, 5.7018e-03, 
 2DIAGNOSTIC,    16, -8.870480809062e-01, 7.902435008249e-03, 7.8882e-01, 5.5609e-03, 
 2DIAGNOSTIC,    17, -8.886777819462e-01, 4.189413137364e-03, 7.9568e-01, 6.8560e-03, 
 2DIAGNOSTIC,    18, -8.889448809735e-01, 1.810422421063e-03, 8.0314e-01, 7.4630e-03, 
 2DIAGNOSTIC,    19, -8.890594322469e-01, 1.083853117369e-03, 8.0979e-01, 6.6469e-03, 
 2DIAGNOSTIC,    20, -8.887882560877e-01, 5.969783241405e-04, 8.1664e-01, 6.8560e-03, 
 2DIAGNOSTIC,    21, -8.886098614891e-01, 3.264824980377e-04, 8.2441e-01, 7.7670e-03, 
 2DIAGNOSTIC,    22, -8.885249831708e-01, 2.361096571098e-04, 8.3103e-01, 6.6199e-03, 
 2DIAGNOSTIC,    23, -8.882875302026e-01, 1.410432920713e-04, 8.3774e-01, 6.7132e-03, 
 2DIAGNOSTIC,    24, -8.882052344394e-01, 5.851496494010e-05, 8.4377e-01, 6.0310e-03, 
DIAGNOSTIC,Iteration,metricValue,convergenceValue,ITERATION_TIME_INDEX,SINCE_LAST
 2DIAGNOSTIC,     1, -7.469015878951e-01, 1.797693134862e+308, 1.6011e+00, 7.5733e-01, 
 2DIAGNOSTIC,     2, -7.476337609840e-01, 1.797693134862e+308, 1.6412e+00, 4.0138e-02, 
 2DIAGNOSTIC,     3, -7.481984148831e-01, 1.797693134862e+308, 1.6815e+00, 4.0226e-02, 
 2DIAGNOSTIC,     4, -7.485348956554e-01, 1.797693134862e+308, 1.7258e+00, 4.4325e-02, 
 2DIAGNOSTIC,     5, -7.488723348940e-01, 1.797693134862e+308, 1.7704e+00, 4.4596e-02, 
 2DIAGNOSTIC,     6, -7.493028717547e-01, 1.797693134862e+308, 1.8179e+00, 4.7475e-02, 
 2DIAGNOSTIC,     7, -7.498240981254e-01, 1.797693134862e+308, 1.8673e+00, 4.9469e-02, 
 2DIAGNOSTIC,     8, -7.499189037365e-01, 1.797693134862e+308, 1.9099e+00, 4.2604e-02, 
 2DIAGNOSTIC,     9, -7.503981904315e-01, 1.797693134862e+308, 1.9567e+00, 4.6801e-02, 
 2DIAGNOSTIC,    10, -7.505578656486e-01, 3.049238869727e-04, 1.9995e+00, 4.2780e-02, 
 2DIAGNOSTIC,    11, -7.505341233956e-01, 2.389539945026e-04, 2.0389e+00, 3.9369e-02, 
 2DIAGNOSTIC,    12, -7.505061913656e-01, 1.848758167401e-04, 2.0786e+00, 3.9671e-02, 
 2DIAGNOSTIC,    13, -7.505141120642e-01, 1.393602401404e-04, 2.1201e+00, 4.1524e-02, 
 2DIAGNOSTIC,    14, -7.505102732520e-01, 9.677096858181e-05, 2.1628e+00, 4.2733e-02, 
 2DIAGNOSTIC,    15, -7.505029862472e-01, 5.935599189587e-05, 2.2087e+00, 4.5876e-02, 
 2DIAGNOSTIC,    16, -7.504912485125e-01, 3.116310937520e-05, 2.2530e+00, 4.4334e-02, 
 2DIAGNOSTIC,    17, -7.504804688486e-01, 1.513171303077e-05, 2.2907e+00, 3.7681e-02, 
 2DIAGNOSTIC,    18, -7.504860792356e-01, 1.517272805181e-06, 2.3310e+00, 4.0284e-02, 
DIAGNOSTIC,Iteration,metricValue,convergenceValue,ITERATION_TIME_INDEX,SINCE_LAST
 2DIAGNOSTIC,     1, -6.294116115183e-01, 1.797693134862e+308, 3.5580e+00, 1.2270e+00, 
 2DIAGNOSTIC,     2, -6.299274337382e-01, 1.797693134862e+308, 3.8691e+00, 3.1114e-01, 
 2DIAGNOSTIC,     3, -6.304606937338e-01, 1.797693134862e+308, 4.2017e+00, 3.3251e-01, 
 2DIAGNOSTIC,     4, -6.311440983056e-01, 1.797693134862e+308, 4.4683e+00, 2.6664e-01, 
 2DIAGNOSTIC,     5, -6.319613521850e-01, 1.797693134862e+308, 4.7345e+00, 2.6625e-01, 
 2DIAGNOSTIC,     6, -6.326508619106e-01, 1.797693134862e+308, 5.2916e+00, 5.5711e-01, 
 2DIAGNOSTIC,     7, -6.326442431245e-01, 1.797693134862e+308, 5.7501e+00, 4.5850e-01, 
 2DIAGNOSTIC,     8, -6.326421029741e-01, 1.797693134862e+308, 6.0910e+00, 3.4087e-01, 
 2DIAGNOSTIC,     9, -6.326413589841e-01, 1.797693134862e+308, 6.4094e+00, 3.1841e-01, 
 2DIAGNOSTIC,    10, -6.326405356038e-01, 3.607193903255e-04, 6.7475e+00, 3.3806e-01, 
 2DIAGNOSTIC,    11, -6.326380580465e-01, 2.475998102315e-04, 7.0879e+00, 3.4037e-01, 
 2DIAGNOSTIC,    12, -6.326382568073e-01, 1.509095184065e-04, 7.4596e+00, 3.7178e-01, 
 2DIAGNOSTIC,    13, -6.326371996338e-01, 7.419550867115e-05, 7.8568e+00, 3.9718e-01, 
 2DIAGNOSTIC,    14, -6.326376012880e-01, 2.341664636403e-05, 8.2503e+00, 3.9348e-01, 
 2DIAGNOSTIC,    15, -6.326364675730e-01, 1.358505223051e-06, 8.5649e+00, 3.1457e-01, 
 2DIAGNOSTIC,    16, -6.326355129701e-01, 1.489402919788e-06, 8.8471e+00, 2.8221e-01, 
 2DIAGNOSTIC,    17, -6.326348602932e-01, 1.460469280505e-06, 9.1909e+00, 3.4379e-01, 
 2DIAGNOSTIC,    18, -6.326337608805e-01, 1.391313693776e-06, 9.5269e+00, 3.3600e-01, 
 2DIAGNOSTIC,    19, -6.326327161047e-01, 1.322246765995e-06, 9.8470e+00, 3.2015e-01, 
 2DIAGNOSTIC,    20, -6.326305163776e-01, 1.226844711016e-06, 1.0158e+01, 3.1111e-01, 
 2DIAGNOSTIC,    21, -6.326298184854e-01, 1.107474381257e-06, 1.0468e+01, 3.0936e-01, 
 2DIAGNOSTIC,    22, -6.326281932012e-01, 1.008190324024e-06, 1.0782e+01, 3.1465e-01, 
DIAGNOSTIC,Iteration,metricValue,convergenceValue,ITERATION_TIME_INDEX,SINCE_LAST
 2DIAGNOSTIC,     1, -5.634463070135e-01, 1.797693134862e+308, 1.3770e+01, 2.9880e+00, 
 2DIAGNOSTIC,     2, -5.639251006187e-01, 1.797693134862e+308, 1.5628e+01, 1.8576e+00, 
 2DIAGNOSTIC,     3, -5.643935834163e-01, 1.797693134862e+308, 1.7560e+01, 1.9321e+00, 
 2DIAGNOSTIC,     4, -5.653421950873e-01, 1.797693134862e+308, 1.9585e+01, 2.0253e+00, 
 2DIAGNOSTIC,     5, -5.666806616035e-01, 1.797693134862e+308, 2.2723e+01, 3.1379e+00, 
 2DIAGNOSTIC,     6, -5.666788685626e-01, 1.797693134862e+308, 2.5331e+01, 2.6083e+00, 
 2DIAGNOSTIC,     7, -5.666780001228e-01, 1.797693134862e+308, 2.7507e+01, 2.1754e+00, 
 2DIAGNOSTIC,     8, -5.666783603283e-01, 1.797693134862e+308, 3.0152e+01, 2.6455e+00, 
 2DIAGNOSTIC,     9, -5.666783952596e-01, 1.797693134862e+308, 3.2476e+01, 2.3240e+00, 
 2DIAGNOSTIC,    10, -5.666784374195e-01, 3.983068300351e-04, 3.5166e+01, 2.6894e+00, 
 2DIAGNOSTIC,    11, -5.666785004236e-01, 2.625654064470e-04, 3.7179e+01, 2.0128e+00, 
 2DIAGNOSTIC,    12, -5.666783975831e-01, 1.470656027262e-04, 3.9265e+01, 2.0869e+00, 
 2DIAGNOSTIC,    13, -5.666783035967e-01, 5.398594414197e-05, 4.1292e+01, 2.0263e+00, 
 2DIAGNOSTIC,    14, -5.666782332108e-01, 2.182697363948e-06, 4.3386e+01, 2.0943e+00, 
 2DIAGNOSTIC,    15, -5.666780043014e-01, 2.099997284677e-06, 4.5356e+01, 1.9700e+00, 
 2DIAGNOSTIC,    16, -5.666780491945e-01, 1.975944915647e-06, 4.7381e+01, 2.0249e+00, 
 2DIAGNOSTIC,    17, -5.666779395742e-01, 1.838561849946e-06, 4.9167e+01, 1.7864e+00, 
 2DIAGNOSTIC,    18, -5.666778573040e-01, 1.727470053545e-06, 5.0938e+01, 1.7702e+00, 
 2DIAGNOSTIC,    19, -5.666778212726e-01, 1.631944815762e-06, 5.2677e+01, 1.7398e+00, 
 2DIAGNOSTIC,    20, -5.666778634288e-01, 1.552102556909e-06, 5.4736e+01, 2.0586e+00, 
 2DIAGNOSTIC,    21, -5.666779872577e-01, 1.487995152927e-06, 5.6524e+01, 1.7884e+00, 
 2DIAGNOSTIC,    22, -5.666782995443e-01, 1.437030947335e-06, 5.8486e+01, 1.9619e+00, 
 2DIAGNOSTIC,    23, -5.666784015885e-01, 1.391506662889e-06, 6.0854e+01, 2.3683e+00, 
 2DIAGNOSTIC,    24, -5.666780894617e-01, 1.341268770182e-06, 6.2968e+01, 2.1136e+00, 
 2DIAGNOSTIC,    25, -5.666779105328e-01, 1.285670321857e-06, 6.5038e+01, 2.0700e+00, 
 2DIAGNOSTIC,    26, -5.666778666855e-01, 1.233226893174e-06, 6.7033e+01, 1.9945e+00, 
 2DIAGNOSTIC,    27, -5.666775444939e-01, 1.175623344889e-06, 6.8984e+01, 1.9511e+00, 
 2DIAGNOSTIC,    28, -5.666776938584e-01, 1.123783228418e-06, 7.1188e+01, 2.2044e+00, 
 2DIAGNOSTIC,    29, -5.666774918976e-01, 1.072663087874e-06, 7.2958e+01, 1.7699e+00, 
 2DIAGNOSTIC,    30, -5.666775057590e-01, 1.028384688975e-06, 7.5101e+01, 2.1428e+00, 
  Elapsed time (stage 0): 7.6280e+01


Total elapsed time: 7.6283e+01
Info [verificarlo]: loaded backend libinterflop_vprec.so
Info [interflop-vprec]: load backend with: 
Info [interflop-vprec]: precision-binary32 = 18
Info [interflop-vprec]: range-binary32 = 8
Info [interflop-vprec]: precision-binary64 = 18
Info [interflop-vprec]: range-binary64 = 8
Info [interflop-vprec]: mode = ob
Info [interflop-vprec]: error-mode = rel
Info [interflop-vprec]: max-abs-error-exponent = -1022
Info [interflop-vprec]: daz = false
Info [interflop-vprec]: ftz = false
Info [interflop-vprec]: 	instrument = none
Info [interflop-vprec]: 	prec-input-file = (null)
Info [interflop-vprec]: 	prec-output-file = (null)
Info [interflop-vprec]: 	prec-log-file = (null)
All_Command_lines_OK
Using double precision for computations.
=============================================================================
The composite transform comprises the following transforms (in order): 
  1. /home/mdugre/scratch/mri-registration-rp/datasets/ds004513/derivatives/mri-registration-rp/0001/antsRegistration-r8-p18/sub-s017/affine_Composite.h5[0] (type = Euler3DTransform)
  2. /home/mdugre/scratch/mri-registration-rp/datasets/ds004513/derivatives/mri-registration-rp/0001/antsRegistration-r8-p18/sub-s017/affine_Composite.h5[1] (type = Euler3DTransform)
  3. /home/mdugre/scratch/mri-registration-rp/datasets/ds004513/derivatives/mri-registration-rp/0001/antsRegistration-r8-p18/sub-s017/affine_Composite.h5[2] (type = Euler3DTransform)
  4. /home/mdugre/scratch/mri-registration-rp/datasets/ds004513/derivatives/mri-registration-rp/0001/antsRegistration-r8-p18/sub-s017/affine_Composite.h5[3] (type = AffineTransform)
=============================================================================
  number of levels = 4
  fixed image: /templateflow/tpl-MNI152NLin2009cAsym/tpl-MNI152NLin2009cAsym_res-01_desc-brain_T1w.nii.gz
  moving image: /home/mdugre/scratch/mri-registration-rp/datasets/ds004513/derivatives/mri-registration-rp/antsBrainExtraction/sub-s017/BrainExtractionBrain.nii.gz
Dimension = 3
Number of stages = 1
Use histogram matching = false
Winsorize image intensities = true
  Lower quantile = 0.005
  Upper quantile = 0.995


Stage 1 State
   Image metric = CC
     Fixed image = Image (0x38b66f0)
  RTTI typeinfo:   itk::Image<double, 3u>
  Reference Count: 2
  Modified Time: 1608
  Debug: Off
  Object Name: 
  Observers: 
    none
  Source: (none)
  Source output name: (none)
