
##########################
# Experiment information #
##########################

EXPERIMENT_NAME: antsRegistration-r7-p10
VFC_BACKENDS: libinterflop_vprec.so --range-binary32=7 --precision-binary32=10 --range-binary64=7 --precision-binary64=10

SIF_IMG: /home/mdugre/projects/rrg-glatard/mdugre/containers/ants-vprec-no_metrics.simg

SUBJECT_ID: s014
INPUT_IMG: /home/mdugre/scratch/mri-registration-rp/datasets/ds004513/derivatives/mri-registration-rp/antsBrainExtraction/sub-s014/BrainExtractionBrain.nii.gz
OUTPUT_DIR: /home/mdugre/scratch/mri-registration-rp/datasets/ds004513/derivatives/mri-registration-rp/0001/antsRegistration-r7-p10/sub-s014

FIXED_IMG: /templateflow/tpl-MNI152NLin2009cAsym/tpl-MNI152NLin2009cAsym_res-01_desc-brain_T1w.nii.gz
DATA_DIR: /home/mdugre/scratch/mri-registration-rp/datasets/ds004513
TEMPLATEFLOW_DIR: /home/mdugre/projects/rrg-glatard/mdugre/templateflow
ITK_GLOBAL_DEFAULT_NUMBER_OF_THREADS: 16
##########################

Info [verificarlo]: loaded backend libinterflop_ieee.so
Info [interflop-ieee]: load backend with:
Info [interflop-ieee]: debug = false
Info [interflop-ieee]: debug-binary = false
Info [interflop-ieee]: no-backend-name = false
Info [interflop-ieee]: print-new-line = false
Info [interflop-ieee]: print-subnormal-normalized = false
Info [interflop-ieee]: count-op = false
All_Command_lines_OK
Using double precision for computations.
=============================================================================
The composite transform comprises the following transforms (in order): 
  1. Center of mass alignment using fixed image: /templateflow/tpl-MNI152NLin2009cAsym/tpl-MNI152NLin2009cAsym_res-01_desc-brain_T1w.nii.gz and moving image: /home/mdugre/scratch/mri-registration-rp/datasets/ds004513/derivatives/mri-registration-rp/antsBrainExtraction/sub-s014/BrainExtractionBrain.nii.gz (type = Euler3DTransform)
=============================================================================
  number of levels = 1
  fixed image: /templateflow/tpl-MNI152NLin2009cAsym/tpl-MNI152NLin2009cAsym_res-01_desc-brain_T1w.nii.gz
  moving image: /home/mdugre/scratch/mri-registration-rp/datasets/ds004513/derivatives/mri-registration-rp/antsBrainExtraction/sub-s014/BrainExtractionBrain.nii.gz
Dimension = 3
Number of stages = 1
Use histogram matching = false
Winsorize image intensities = true
  Lower quantile = 0.005
  Upper quantile = 0.995


Stage 1 State
   Image metric = MattesMI
     Fixed image = Image (0x3f86e70)
  RTTI typeinfo:   itk::Image<double, 3u>
  Reference Count: 2
  Modified Time: 2334
  Debug: Off
  Object Name: 
  Observers: 
    none
  Source: (none)
  Source output name: (none)
  Release Data: Off
  Data Released: False
  Global Release Data: Off
  PipelineMTime: 0
  UpdateMTime: 1943
  RealTimeStamp: 0 seconds 
  LargestPossibleRegion: 
    Dimension: 3
    Index: [0, 0, 0]
    Size: [193, 229, 193]
  BufferedRegion: 
    Dimension: 3
    Index: [0, 0, 0]
    Size: [193, 229, 193]
  RequestedRegion: 
    Dimension: 3
    Index: [0, 0, 0]
    Size: [193, 229, 193]
  Spacing: [1, 1, 1]
  Origin: [96, 132, -78]
  Direction: 
-1 0 0
0 -1 0
0 0 1

  IndexToPointMatrix: 
-1 0 0
0 -1 0
0 0 1

  PointToIndexMatrix: 
-1 0 0
0 -1 0
0 0 1

  Inverse Direction: 
-1 0 0
0 -1 0
0 0 1

  PixelContainer: 
    ImportImageContainer (0x3f93140)
      RTTI typeinfo:   itk::ImportImageContainer<unsigned long, double>
      Reference Count: 1
      Modified Time: 1940
      Debug: Off
      Object Name: 
      Observers: 
        none
      Pointer: 0x14ad58db0010
      Container manages memory: true
      Size: 8530021
      Capacity: 8530021

     Moving image = Image (0x3f90310)
  RTTI typeinfo:   itk::Image<double, 3u>
  Reference Count: 2
  Modified Time: 2335
  Debug: Off
  Object Name: 
  Observers: 
    none
  Source: (none)
  Source output name: (none)
  Release Data: Off
  Data Released: False
  Global Release Data: Off
  PipelineMTime: 0
  UpdateMTime: 2332
  RealTimeStamp: 0 seconds 
  LargestPossibleRegion: 
    Dimension: 3
    Index: [0, 0, 0]
    Size: [160, 240, 256]
  BufferedRegion: 
    Dimension: 3
    Index: [0, 0, 0]
    Size: [160, 240, 256]
  RequestedRegion: 
    Dimension: 3
    Index: [0, 0, 0]
    Size: [160, 240, 256]
  Spacing: [0.999999, 1, 1]
  Origin: [84.1637, 106.709, -120.531]
  Direction: 
-0.999619 -0.0226874 -0.0157033
0.0226846 -0.999743 0.00035635
-0.0157073 -7.8229e-09 0.999877

  IndexToPointMatrix: 
-0.999619 -0.0226874 -0.0157033
0.0226845 -0.999743 0.00035635
-0.0157073 -7.8229e-09 0.999877

  PointToIndexMatrix: 
-0.99962 0.0226846 -0.0157073
-0.0226874 -0.999743 -7.83127e-09
-0.0157033 0.00035635 0.999877

  Inverse Direction: 
-0.999619 0.0226846 -0.0157073
-0.0226874 -0.999743 -7.83127e-09
-0.0157033 0.00035635 0.999877

  PixelContainer: 
    ImportImageContainer (0x40bb610)
      RTTI typeinfo:   itk::ImportImageContainer<unsigned long, double>
      Reference Count: 1
      Modified Time: 2329
      Debug: Off
      Object Name: 
      Observers: 
        none
      Pointer: 0x14ad542af010
      Container manages memory: true
      Size: 9830400
      Capacity: 9830400

     Weighting = 1
     Sampling strategy = regular
     Number of bins = 32
     Radius = 4
     Sampling percentage  = 0.25
   Transform = Rigid
     Gradient step = 0.1
     Update field sigma (voxel space) = 0
     Total field sigma (voxel space) = 0
     Update field time sigma = 0
     Total field time sigma  = 0
     Number of time indices = 0
     Number of time point samples = 0
Registration using 1 total stages.

Stage 0
  iterations = 0
  convergence threshold = 1e-06
  convergence window size = 10
  number of levels = 1
  using the Mattes MI metric (number of bins = 32, weight = 1, use gradient filter = 0)
  preprocessing:  winsorizing the image intensities
  Shrink factors (level 1 out of 1): [1, 1, 1]
  smoothing sigmas per level: [0]
  regular sampling (percentage = 0.25)

*** Running Euler3DTransform registration ***

  Elapsed time (stage 0): 1.13256


Total elapsed time: 1.13585
Info [verificarlo]: loaded backend libinterflop_ieee.so
Info [interflop-ieee]: load backend with:
Info [interflop-ieee]: debug = false
Info [interflop-ieee]: debug-binary = false
Info [interflop-ieee]: no-backend-name = false
Info [interflop-ieee]: print-new-line = false
Info [interflop-ieee]: print-subnormal-normalized = false
Info [interflop-ieee]: count-op = false
All_Command_lines_OK
Using double precision for computations.
=============================================================================
The composite transform comprises the following transforms (in order): 
  1. /home/mdugre/scratch/mri-registration-rp/datasets/ds004513/derivatives/mri-registration-rp/0001/antsRegistration-r7-p10/sub-s014/align_Composite.h5[0] (type = Euler3DTransform)
  2. /home/mdugre/scratch/mri-registration-rp/datasets/ds004513/derivatives/mri-registration-rp/0001/antsRegistration-r7-p10/sub-s014/align_Composite.h5[1] (type = Euler3DTransform)
=============================================================================
  number of levels = 4
  fixed image: /templateflow/tpl-MNI152NLin2009cAsym/tpl-MNI152NLin2009cAsym_res-01_desc-brain_T1w.nii.gz
  moving image: /home/mdugre/scratch/mri-registration-rp/datasets/ds004513/derivatives/mri-registration-rp/antsBrainExtraction/sub-s014/BrainExtractionBrain.nii.gz
Dimension = 3
Number of stages = 1
Use histogram matching = false
Winsorize image intensities = true
  Lower quantile = 0.005
  Upper quantile = 0.995


Stage 1 State
   Image metric = MattesMI
     Fixed image = Image (0x3a9f530)
  RTTI typeinfo:   itk::Image<double, 3u>
  Reference Count: 2
  Modified Time: 1580
  Debug: Off
  Object Name: 
  Observers: 
    none
  Source: (none)
  Source output name: (none)
  Release Data: Off
  Data Released: False
  Global Release Data: Off
  PipelineMTime: 0
  UpdateMTime: 1189
  RealTimeStamp: 0 seconds 
  LargestPossibleRegion: 
    Dimension: 3
    Index: [0, 0, 0]
    Size: [193, 229, 193]
  BufferedRegion: 
    Dimension: 3
    Index: [0, 0, 0]
    Size: [193, 229, 193]
  RequestedRegion: 
    Dimension: 3
    Index: [0, 0, 0]
    Size: [193, 229, 193]
  Spacing: [1, 1, 1]
  Origin: [96, 132, -78]
  Direction: 
-1 0 0
0 -1 0
0 0 1

  IndexToPointMatrix: 
-1 0 0
0 -1 0
0 0 1

  PointToIndexMatrix: 
-1 0 0
0 -1 0
0 0 1

  Inverse Direction: 
-1 0 0
0 -1 0
0 0 1

  PixelContainer: 
    ImportImageContainer (0x3b5dd60)
      RTTI typeinfo:   itk::ImportImageContainer<unsigned long, double>
      Reference Count: 1
      Modified Time: 1186
      Debug: Off
      Object Name: 
      Observers: 
        none
      Pointer: 0x1519e003e010
      Container manages memory: true
      Size: 8530021
      Capacity: 8530021

     Moving image = Image (0x3b4ff60)
  RTTI typeinfo:   itk::Image<double, 3u>
  Reference Count: 2
  Modified Time: 1581
  Debug: Off
  Object Name: 
  Observers: 
    none
  Source: (none)
  Source output name: (none)
  Release Data: Off
  Data Released: False
  Global Release Data: Off
  PipelineMTime: 0
  UpdateMTime: 1578
  RealTimeStamp: 0 seconds 
  LargestPossibleRegion: 
    Dimension: 3
    Index: [0, 0, 0]
    Size: [160, 240, 256]
  BufferedRegion: 
    Dimension: 3
    Index: [0, 0, 0]
    Size: [160, 240, 256]
  RequestedRegion: 
    Dimension: 3
    Index: [0, 0, 0]
    Size: [160, 240, 256]
  Spacing: [0.999999, 1, 1]
  Origin: [84.1637, 106.709, -120.531]
  Direction: 
-0.999619 -0.0226874 -0.0157033
0.0226846 -0.999743 0.00035635
-0.0157073 -7.8229e-09 0.999877

  IndexToPointMatrix: 
-0.999619 -0.0226874 -0.0157033
0.0226845 -0.999743 0.00035635
-0.0157073 -7.8229e-09 0.999877

  PointToIndexMatrix: 
-0.99962 0.0226846 -0.0157073
-0.0226874 -0.999743 -7.83127e-09
-0.0157033 0.00035635 0.999877

  Inverse Direction: 
-0.999619 0.0226846 -0.0157073
-0.0226874 -0.999743 -7.83127e-09
-0.0157033 0.00035635 0.999877

  PixelContainer: 
    ImportImageContainer (0x3b416d0)
      RTTI typeinfo:   itk::ImportImageContainer<unsigned long, double>
      Reference Count: 1
      Modified Time: 1575
      Debug: Off
      Object Name: 
      Observers: 
        none
      Pointer: 0x1519db53d010
      Container manages memory: true
      Size: 9830400
      Capacity: 9830400

     Weighting = 1
     Sampling strategy = regular
     Number of bins = 32
     Radius = 4
     Sampling percentage  = 0.25
   Transform = Rigid
     Gradient step = 0.1
     Update field sigma (voxel space) = 0
     Total field sigma (voxel space) = 0
     Update field time sigma = 0
     Total field time sigma  = 0
     Number of time indices = 0
     Number of time point samples = 0
Registration using 1 total stages.

Stage 0
  iterations = 1000x500x250x100
  convergence threshold = 1e-06
  convergence window size = 10
  number of levels = 4
  using the Mattes MI metric (number of bins = 32, weight = 1, use gradient filter = 0)
  preprocessing:  winsorizing the image intensities
  Shrink factors (level 1 out of 4): [8, 8, 8]
  Shrink factors (level 2 out of 4): [4, 4, 4]
  Shrink factors (level 3 out of 4): [2, 2, 2]
  Shrink factors (level 4 out of 4): [1, 1, 1]
  smoothing sigmas per level: [3, 2, 1, 0]
  regular sampling (percentage = 0.25)

*** Running Euler3DTransform registration ***

DIAGNOSTIC,Iteration,metricValue,convergenceValue,ITERATION_TIME_INDEX,SINCE_LAST
 2DIAGNOSTIC,     1, -4.770821406565e-01, 1.797693134862e+308, 7.7207e-01, 7.7207e-01, 
 2DIAGNOSTIC,     2, -4.784216133942e-01, 1.797693134862e+308, 7.7696e-01, 4.8890e-03, 
 2DIAGNOSTIC,     3, -4.807043200681e-01, 1.797693134862e+308, 7.8257e-01, 5.6119e-03, 
 2DIAGNOSTIC,     4, -4.840264478065e-01, 1.797693134862e+308, 7.8806e-01, 5.4920e-03, 
 2DIAGNOSTIC,     5, -4.883050305770e-01, 1.797693134862e+308, 7.9386e-01, 5.7969e-03, 
 2DIAGNOSTIC,     6, -4.953560426371e-01, 1.797693134862e+308, 7.9972e-01, 5.8570e-03, 
 2DIAGNOSTIC,     7, -5.007350570384e-01, 1.797693134862e+308, 8.0430e-01, 4.5838e-03, 
 2DIAGNOSTIC,     8, -5.013278569503e-01, 1.797693134862e+308, 8.0888e-01, 4.5819e-03, 
 2DIAGNOSTIC,     9, -5.085255256006e-01, 1.797693134862e+308, 8.1424e-01, 5.3539e-03, 
 2DIAGNOSTIC,    10, -5.161992633656e-01, 5.125196520979e-03, 8.2100e-01, 6.7680e-03, 
 2DIAGNOSTIC,    11, -5.167072941437e-01, 4.879252931146e-03, 8.2570e-01, 4.6990e-03, 
 2DIAGNOSTIC,    12, -5.203629876260e-01, 4.481282734468e-03, 8.3034e-01, 4.6401e-03, 
 2DIAGNOSTIC,    13, -5.229718709777e-01, 3.958672533579e-03, 8.3509e-01, 4.7460e-03, 
 2DIAGNOSTIC,    14, -5.250338110829e-01, 3.368007801723e-03, 8.4043e-01, 5.3389e-03, 
 2DIAGNOSTIC,    15, -5.272078697647e-01, 2.786121483392e-03, 8.4763e-01, 7.2000e-03, 
 2DIAGNOSTIC,    16, -5.275715603977e-01, 2.284098302165e-03, 8.5229e-01, 4.6651e-03, 
 2DIAGNOSTIC,    17, -5.282507656511e-01, 1.839921123741e-03, 8.5702e-01, 4.7309e-03, 
 2DIAGNOSTIC,    18, -5.289722876066e-01, 1.313912041898e-03, 8.6225e-01, 5.2249e-03, 
 2DIAGNOSTIC,    19, -5.292207410111e-01, 9.370568707354e-04, 8.6755e-01, 5.2989e-03, 
 2DIAGNOSTIC,    20, -5.294476960672e-01, 7.341365573344e-04, 8.7280e-01, 5.2478e-03, 
 2DIAGNOSTIC,    21, -5.294955840903e-01, 4.966190831872e-04, 8.7752e-01, 4.7290e-03, 
 2DIAGNOSTIC,    22, -5.295366245031e-01, 3.281311959326e-04, 8.8270e-01, 5.1770e-03, 
 2DIAGNOSTIC,    23, -5.295376311909e-01, 2.063244245655e-04, 8.8813e-01, 5.4300e-03, 
 2DIAGNOSTIC,    24, -5.295911249027e-01, 1.234508389540e-04, 8.9339e-01, 5.2578e-03, 
 2DIAGNOSTIC,    25, -5.296271130648e-01, 8.499150549838e-05, 8.9860e-01, 5.2068e-03, 
 2DIAGNOSTIC,    26, -5.296539599384e-01, 4.983583932668e-05, 9.0324e-01, 4.6439e-03, 
 2DIAGNOSTIC,    27, -5.297704229810e-01, 2.877322816058e-05, 9.0789e-01, 4.6461e-03, 
 2DIAGNOSTIC,    28, -5.299884954870e-01, 2.504887532915e-05, 9.1423e-01, 6.3450e-03, 
 2DIAGNOSTIC,    29, -5.300854192462e-01, 2.569611953394e-05, 9.1940e-01, 5.1689e-03, 
 2DIAGNOSTIC,    30, -5.300410324622e-01, 2.732899345411e-05, 9.2405e-01, 4.6539e-03, 
 2DIAGNOSTIC,    31, -5.300376932142e-01, 2.724560549410e-05, 9.2875e-01, 4.6930e-03, 
 2DIAGNOSTIC,    32, -5.301686264233e-01, 2.763232919688e-05, 9.3349e-01, 4.7431e-03, 
 2DIAGNOSTIC,    33, -5.303926738418e-01, 2.905769096868e-05, 9.3921e-01, 5.7220e-03, 
 2DIAGNOSTIC,    34, -5.304519664599e-01, 2.945835348068e-05, 9.4482e-01, 5.6088e-03, 
 2DIAGNOSTIC,    35, -5.305073139182e-01, 2.868169328045e-05, 9.4943e-01, 4.6070e-03, 
 2DIAGNOSTIC,    36, -5.305686017146e-01, 2.670517372699e-05, 9.5403e-01, 4.6060e-03, 
 2DIAGNOSTIC,    37, -5.306602858941e-01, 2.533264911822e-05, 9.6029e-01, 6.2540e-03, 
 2DIAGNOSTIC,    38, -5.306881156229e-01, 2.512162424471e-05, 9.6493e-01, 4.6401e-03, 
 2DIAGNOSTIC,    39, -5.307317416634e-01, 2.461885298261e-05, 9.6953e-01, 4.6051e-03, 
 2DIAGNOSTIC,    40, -5.308225091353e-01, 2.257034276115e-05, 9.7582e-01, 6.2912e-03, 
 2DIAGNOSTIC,    41, -5.308460424124e-01, 1.877385526222e-05, 9.8037e-01, 4.5509e-03, 
 2DIAGNOSTIC,    42, -5.308561837321e-01, 1.520831957645e-05, 9.8500e-01, 4.6279e-03, 
 2DIAGNOSTIC,    43, -5.308777649273e-01, 1.355835177616e-05, 9.8969e-01, 4.6840e-03, 
 2DIAGNOSTIC,    44, -5.309114036110e-01, 1.190613944770e-05, 9.9425e-01, 4.5660e-03, 
 2DIAGNOSTIC,    45, -5.310262965518e-01, 1.129423566984e-05, 1.0018e+00, 7.5688e-03, 
 2DIAGNOSTIC,    46, -5.310374074445e-01, 1.049838942360e-05, 1.0064e+00, 4.6089e-03, 
 2DIAGNOSTIC,    47, -5.310434720121e-01, 9.962263452866e-06, 1.0109e+00, 4.5009e-03, 
 2DIAGNOSTIC,    48, -5.310518853633e-01, 8.989886108687e-06, 1.0155e+00, 4.6039e-03, 
 2DIAGNOSTIC,    49, -5.310584329536e-01, 7.783359502481e-06, 1.0211e+00, 5.6119e-03, 
 2DIAGNOSTIC,    50, -5.310645817646e-01, 6.973833584185e-06, 1.0274e+00, 6.2079e-03, 
 2DIAGNOSTIC,    51, -5.310656430618e-01, 5.851695600603e-06, 1.0320e+00, 4.6201e-03, 
 2DIAGNOSTIC,    52, -5.310738190002e-01, 4.481863509910e-06, 1.0373e+00, 5.3680e-03, 
 2DIAGNOSTIC,    53, -5.310768127969e-01, 3.049471521535e-06, 1.0419e+00, 4.5640e-03, 
 2DIAGNOSTIC,    54, -5.310775506016e-01, 1.750844720236e-06, 1.0465e+00, 4.5590e-03, 
 2DIAGNOSTIC,    55, -5.310817434211e-01, 1.565716413139e-06, 1.0509e+00, 4.4770e-03, 
 2DIAGNOSTIC,    56, -5.310870994121e-01, 1.452195857517e-06, 1.0561e+00, 5.1501e-03, 
 2DIAGNOSTIC,    57, -5.310885232962e-01, 1.327089154887e-06, 1.0612e+00, 5.0869e-03, 
 2DIAGNOSTIC,    58, -5.310914487850e-01, 1.238639651069e-06, 1.0664e+00, 5.2230e-03, 
 2DIAGNOSTIC,    59, -5.311015678587e-01, 1.240623596604e-06, 1.0720e+00, 5.5661e-03, 
 2DIAGNOSTIC,    60, -5.311021904297e-01, 1.235244578946e-06, 1.0765e+00, 4.5319e-03, 
 2DIAGNOSTIC,    61, -5.311059901820e-01, 1.204917779121e-06, 1.0908e+00, 1.4302e-02, 
 2DIAGNOSTIC,    62, -5.311059901659e-01, 1.182103197380e-06, 1.1051e+00, 1.4284e-02, 
 2DIAGNOSTIC,    63, -5.311059901659e-01, 1.122797857762e-06, 1.1102e+00, 5.1260e-03, 
 2DIAGNOSTIC,    64, -5.311059901659e-01, 1.011506956437e-06, 1.1152e+00, 5.0342e-03, 
DIAGNOSTIC,Iteration,metricValue,convergenceValue,ITERATION_TIME_INDEX,SINCE_LAST
 2DIAGNOSTIC,     1, -4.295258231625e-01, 1.797693134862e+308, 1.9042e+00, 7.8895e-01, 
 2DIAGNOSTIC,     2, -4.302859640432e-01, 1.797693134862e+308, 1.9376e+00, 3.3381e-02, 
 2DIAGNOSTIC,     3, -4.309651196675e-01, 1.797693134862e+308, 1.9755e+00, 3.7882e-02, 
 2DIAGNOSTIC,     4, -4.317164347764e-01, 1.797693134862e+308, 2.0110e+00, 3.5512e-02, 
 2DIAGNOSTIC,     5, -4.325561938345e-01, 1.797693134862e+308, 2.0441e+00, 3.3127e-02, 
 2DIAGNOSTIC,     6, -4.341819580778e-01, 1.797693134862e+308, 2.0769e+00, 3.2817e-02, 
 2DIAGNOSTIC,     7, -4.354327949460e-01, 1.797693134862e+308, 2.1117e+00, 3.4779e-02, 
 2DIAGNOSTIC,     8, -4.367134834400e-01, 1.797693134862e+308, 2.1475e+00, 3.5827e-02, 
 2DIAGNOSTIC,     9, -4.377076816052e-01, 1.797693134862e+308, 2.1917e+00, 4.4162e-02, 
 2DIAGNOSTIC,    10, -4.379510214292e-01, 1.375954781893e-03, 2.2250e+00, 3.3337e-02, 
 2DIAGNOSTIC,    11, -4.381306699705e-01, 1.211218579666e-03, 2.2581e+00, 3.3058e-02, 
 2DIAGNOSTIC,    12, -4.403708091232e-01, 1.128184042332e-03, 2.2952e+00, 3.7119e-02, 
 2DIAGNOSTIC,    13, -4.435986505891e-01, 1.148562288720e-03, 2.3363e+00, 4.1069e-02, 
 2DIAGNOSTIC,    14, -4.436199448232e-01, 1.094787363257e-03, 2.3719e+00, 3.5601e-02, 
 2DIAGNOSTIC,    15, -4.445052017020e-01, 1.025845792276e-03, 2.4042e+00, 3.2368e-02, 
 2DIAGNOSTIC,    16, -4.479362667278e-01, 1.077370591543e-03, 2.4484e+00, 4.4144e-02, 
 2DIAGNOSTIC,    17, -4.481475950957e-01, 1.073587590389e-03, 2.4807e+00, 3.2307e-02, 
 2DIAGNOSTIC,    18, -4.482020490443e-01, 1.018146303317e-03, 2.5160e+00, 3.5300e-02, 
 2DIAGNOSTIC,    19, -4.481966708718e-01, 9.107728234322e-04, 2.5743e+00, 5.8283e-02, 
 2DIAGNOSTIC,    20, -4.481953336014e-01, 7.394369055132e-04, 2.6059e+00, 3.1622e-02, 
 2DIAGNOSTIC,    21, -4.481954334323e-01, 5.189437701008e-04, 2.6443e+00, 3.8387e-02, 
 2DIAGNOSTIC,    22, -4.482018534002e-01, 3.337448815432e-04, 2.6793e+00, 3.5021e-02, 
 2DIAGNOSTIC,    23, -4.481921491870e-01, 2.259319898832e-04, 2.7098e+00, 3.0496e-02, 
 2DIAGNOSTIC,    24, -4.482074312941e-01, 1.077320625414e-04, 2.7451e+00, 3.5269e-02, 
 2DIAGNOSTIC,    25, -4.482144439032e-01, 9.691656119554e-06, 2.7799e+00, 3.4847e-02, 
 2DIAGNOSTIC,    26, -4.482116709995e-01, 3.273679313909e-06, 2.8144e+00, 3.4523e-02, 
 2DIAGNOSTIC,    27, -4.482088353495e-01, 2.084625939577e-06, 2.8492e+00, 3.4785e-02, 
 2DIAGNOSTIC,    28, -4.482139219878e-01, 2.274303516465e-06, 2.8803e+00, 3.1090e-02, 
 2DIAGNOSTIC,    29, -4.482420866250e-01, 2.842585302296e-06, 2.9153e+00, 3.5034e-02, 
 2DIAGNOSTIC,    30, -4.482455732549e-01, 3.232685786739e-06, 2.9518e+00, 3.6460e-02, 
 2DIAGNOSTIC,    31, -4.482405886303e-01, 3.298137515172e-06, 2.9840e+00, 3.2205e-02, 
 2DIAGNOSTIC,    32, -4.482290914719e-01, 3.068920861098e-06, 3.0171e+00, 3.3068e-02, 
 2DIAGNOSTIC,    33, -4.482261087263e-01, 2.406543503398e-06, 3.0529e+00, 3.5831e-02, 
 2DIAGNOSTIC,    34, -4.482147421093e-01, 1.704267393134e-06, 3.0888e+00, 3.5871e-02, 
 2DIAGNOSTIC,    35, -4.482170221464e-01, 1.142411035115e-06, 3.1221e+00, 3.3281e-02, 
DIAGNOSTIC,Iteration,metricValue,convergenceValue,ITERATION_TIME_INDEX,SINCE_LAST
 2DIAGNOSTIC,     1, -3.932184618550e-01, 1.797693134862e+308, 4.2819e+00, 1.1598e+00, 
 2DIAGNOSTIC,     2, -3.933350080475e-01, 1.797693134862e+308, 4.5224e+00, 2.4051e-01, 
 2DIAGNOSTIC,     3, -3.934316047331e-01, 1.797693134862e+308, 4.7752e+00, 2.5278e-01, 
 2DIAGNOSTIC,     4, -3.934445201323e-01, 1.797693134862e+308, 5.1017e+00, 3.2656e-01, 
 2DIAGNOSTIC,     5, -3.934561041030e-01, 1.797693134862e+308, 5.4023e+00, 3.0059e-01, 
 2DIAGNOSTIC,     6, -3.934557400085e-01, 1.797693134862e+308, 5.7233e+00, 3.2102e-01, 
 2DIAGNOSTIC,     7, -3.934568947532e-01, 1.797693134862e+308, 6.2126e+00, 4.8929e-01, 
 2DIAGNOSTIC,     8, -3.934560026347e-01, 1.797693134862e+308, 6.4882e+00, 2.7558e-01, 
 2DIAGNOSTIC,     9, -3.934553707058e-01, 1.797693134862e+308, 6.8183e+00, 3.3009e-01, 
 2DIAGNOSTIC,    10, -3.934548435440e-01, 2.950388433313e-05, 7.0809e+00, 2.6265e-01, 
 2DIAGNOSTIC,    11, -3.934535150476e-01, 1.251787854753e-05, 7.3637e+00, 2.8275e-01, 
 2DIAGNOSTIC,    12, -3.934529103396e-01, 4.334107962828e-06, 7.6286e+00, 2.6488e-01, 
 2DIAGNOSTIC,    13, -3.934523311959e-01, 2.580302433247e-06, 7.8628e+00, 2.3422e-01, 
 2DIAGNOSTIC,    14, -3.934518640515e-01, 1.691075527152e-06, 8.3723e+00, 5.0951e-01, 
 2DIAGNOSTIC,    15, -3.934519734047e-01, 1.537715191527e-06, 8.6962e+00, 3.2392e-01, 
 2DIAGNOSTIC,    16, -3.934513609162e-01, 1.410839970920e-06, 8.9817e+00, 2.8544e-01, 
 2DIAGNOSTIC,    17, -3.934508379875e-01, 1.380509522371e-06, 9.3067e+00, 3.2504e-01, 
 2DIAGNOSTIC,    18, -3.934502559361e-01, 1.340256854748e-06, 9.6024e+00, 2.9574e-01, 
 2DIAGNOSTIC,    19, -3.934497851357e-01, 1.301860400489e-06, 9.9301e+00, 3.2770e-01, 
 2DIAGNOSTIC,    20, -3.934499621233e-01, 1.290039322560e-06, 1.0209e+01, 2.7934e-01, 
 2DIAGNOSTIC,    21, -3.934502604530e-01, 1.271710239982e-06, 1.0584e+01, 3.7404e-01, 
 2DIAGNOSTIC,    22, -3.934498715199e-01, 1.245514160891e-06, 1.0965e+01, 3.8102e-01, 
 2DIAGNOSTIC,    23, -3.934501306833e-01, 1.231426870738e-06, 1.1252e+01, 2.8788e-01, 
 2DIAGNOSTIC,    24, -3.934495535303e-01, 1.200792331325e-06, 1.1523e+01, 2.7092e-01, 
 2DIAGNOSTIC,    25, -3.934490927216e-01, 1.174527736937e-06, 1.1789e+01, 2.6553e-01, 
 2DIAGNOSTIC,    26, -3.934495815896e-01, 1.156238077296e-06, 1.2055e+01, 2.6584e-01, 
 2DIAGNOSTIC,    27, -3.934510332493e-01, 1.170201598295e-06, 1.2347e+01, 2.9270e-01, 
 2DIAGNOSTIC,    28, -3.934498669863e-01, 1.138213967591e-06, 1.2631e+01, 2.8323e-01, 
 2DIAGNOSTIC,    29, -3.934494067527e-01, 1.086573211809e-06, 1.2893e+01, 2.6225e-01, 
 2DIAGNOSTIC,    30, -3.934490070616e-01, 1.034518214232e-06, 1.3158e+01, 2.6546e-01, 
 2DIAGNOSTIC,    31, -3.934493551834e-01, 1.002859623657e-06, 1.3399e+01, 2.4102e-01, 
 2DIAGNOSTIC,    32, -3.934514388605e-01, 1.012149942414e-06, 1.3670e+01, 2.7070e-01, 
 2DIAGNOSTIC,    33, -3.934519791292e-01, 1.036071979599e-06, 1.3915e+01, 2.4464e-01, 
 2DIAGNOSTIC,    34, -3.934514161668e-01, 1.029042974315e-06, 1.4205e+01, 2.9066e-01, 
 2DIAGNOSTIC,    35, -3.934525148054e-01, 1.027695476743e-06, 1.4478e+01, 2.7272e-01, 
 2DIAGNOSTIC,    36, -3.934539683645e-01, 1.051995629494e-06, 1.4791e+01, 3.1241e-01, 
 2DIAGNOSTIC,    37, -3.934536117089e-01, 1.079271466434e-06, 1.5075e+01, 2.8478e-01, 
 2DIAGNOSTIC,    38, -3.934525130479e-01, 1.042002371582e-06, 1.5370e+01, 2.9447e-01, 
DIAGNOSTIC,Iteration,metricValue,convergenceValue,ITERATION_TIME_INDEX,SINCE_LAST
 2DIAGNOSTIC,     1, -3.660000231826e-01, 1.797693134862e+308, 1.7941e+01, 2.5710e+00, 
 2DIAGNOSTIC,     2, -3.661006044743e-01, 1.797693134862e+308, 1.9492e+01, 1.5508e+00, 
 2DIAGNOSTIC,     3, -3.661940053403e-01, 1.797693134862e+308, 2.1112e+01, 1.6205e+00, 
 2DIAGNOSTIC,     4, -3.662025643869e-01, 1.797693134862e+308, 2.3667e+01, 2.5552e+00, 
 2DIAGNOSTIC,     5, -3.662022977291e-01, 1.797693134862e+308, 2.5813e+01, 2.1462e+00, 
 2DIAGNOSTIC,     6, -3.662022733156e-01, 1.797693134862e+308, 2.7496e+01, 1.6824e+00, 
 2DIAGNOSTIC,     7, -3.662021510314e-01, 1.797693134862e+308, 2.9192e+01, 1.6958e+00, 
 2DIAGNOSTIC,     8, -3.662021104671e-01, 1.797693134862e+308, 3.0852e+01, 1.6600e+00, 
 2DIAGNOSTIC,     9, -3.662019867513e-01, 1.797693134862e+308, 3.2421e+01, 1.5693e+00, 
 2DIAGNOSTIC,    10, -3.662019340570e-01, 2.615307233084e-05, 3.3786e+01, 1.3649e+00, 
 2DIAGNOSTIC,    11, -3.662019021295e-01, 1.049209086053e-05, 3.5338e+01, 1.5527e+00, 
 2DIAGNOSTIC,    12, -3.662017877743e-01, 3.091361593668e-06, 3.6851e+01, 1.5124e+00, 
 2DIAGNOSTIC,    13, -3.662019075590e-01, 2.358435243127e-06, 3.8401e+01, 1.5500e+00, 
 2DIAGNOSTIC,    14, -3.662018587014e-01, 2.210206201156e-06, 4.0034e+01, 1.6326e+00, 
 2DIAGNOSTIC,    15, -3.662018920039e-01, 2.075386416958e-06, 4.1816e+01, 1.7820e+00, 
 2DIAGNOSTIC,    16, -3.662018421281e-01, 1.958104253325e-06, 4.3349e+01, 1.5337e+00, 
 2DIAGNOSTIC,    17, -3.662017315563e-01, 1.846828490533e-06, 4.4848e+01, 1.4991e+00, 
 2DIAGNOSTIC,    18, -3.662016584447e-01, 1.745449644472e-06, 4.6535e+01, 1.6862e+00, 
 2DIAGNOSTIC,    19, -3.662015876231e-01, 1.648798697768e-06, 4.8273e+01, 1.7384e+00, 
 2DIAGNOSTIC,    20, -3.662013732835e-01, 1.553843712379e-06, 5.0001e+01, 1.7282e+00, 
 2DIAGNOSTIC,    21, -3.662013254842e-01, 1.468744432374e-06, 5.2138e+01, 2.1368e+00, 
 2DIAGNOSTIC,    22, -3.662011170268e-01, 1.384171185753e-06, 5.3908e+01, 1.7703e+00, 
 2DIAGNOSTIC,    23, -3.662008967176e-01, 1.309503449017e-06, 5.5445e+01, 1.5370e+00, 
 2DIAGNOSTIC,    24, -3.662008589191e-01, 1.245216085757e-06, 5.7028e+01, 1.5823e+00, 
 2DIAGNOSTIC,    25, -3.662009022435e-01, 1.195923352001e-06, 5.8715e+01, 1.6880e+00, 
 2DIAGNOSTIC,    26, -3.662008588539e-01, 1.154782509789e-06, 6.0276e+01, 1.5607e+00, 
 2DIAGNOSTIC,    27, -3.662010886861e-01, 1.126687648428e-06, 6.1997e+01, 1.7207e+00, 
 2DIAGNOSTIC,    28, -3.662011544911e-01, 1.105168477622e-06, 6.3726e+01, 1.7292e+00, 
 2DIAGNOSTIC,    29, -3.662007271151e-01, 1.074819816947e-06, 6.5693e+01, 1.9674e+00, 
 2DIAGNOSTIC,    30, -3.662006710204e-01, 1.041888263831e-06, 6.7381e+01, 1.6875e+00, 
 2DIAGNOSTIC,    31, -3.662006079362e-01, 1.010052175204e-06, 6.9103e+01, 1.7217e+00, 
  Elapsed time (stage 0): 7.0080e+01


Total elapsed time: 7.0089e+01
Info [verificarlo]: loaded backend libinterflop_ieee.so
Info [interflop-ieee]: load backend with:
Info [interflop-ieee]: debug = false
Info [interflop-ieee]: debug-binary = false
Info [interflop-ieee]: no-backend-name = false
Info [interflop-ieee]: print-new-line = false
Info [interflop-ieee]: print-subnormal-normalized = false
Info [interflop-ieee]: count-op = false
All_Command_lines_OK
Using double precision for computations.
=============================================================================
The composite transform comprises the following transforms (in order): 
  1. /home/mdugre/scratch/mri-registration-rp/datasets/ds004513/derivatives/mri-registration-rp/0001/antsRegistration-r7-p10/sub-s014/rigid_Composite.h5[0] (type = Euler3DTransform)
  2. /home/mdugre/scratch/mri-registration-rp/datasets/ds004513/derivatives/mri-registration-rp/0001/antsRegistration-r7-p10/sub-s014/rigid_Composite.h5[1] (type = Euler3DTransform)
  3. /home/mdugre/scratch/mri-registration-rp/datasets/ds004513/derivatives/mri-registration-rp/0001/antsRegistration-r7-p10/sub-s014/rigid_Composite.h5[2] (type = Euler3DTransform)
=============================================================================
  number of levels = 4
  fixed image: /templateflow/tpl-MNI152NLin2009cAsym/tpl-MNI152NLin2009cAsym_res-01_desc-brain_T1w.nii.gz
  moving image: /home/mdugre/scratch/mri-registration-rp/datasets/ds004513/derivatives/mri-registration-rp/antsBrainExtraction/sub-s014/BrainExtractionBrain.nii.gz
Dimension = 3
Number of stages = 1
Use histogram matching = false
Winsorize image intensities = true
  Lower quantile = 0.005
  Upper quantile = 0.995


Stage 1 State
   Image metric = MattesMI
     Fixed image = Image (0x40177e0)
  RTTI typeinfo:   itk::Image<double, 3u>
  Reference Count: 2
  Modified Time: 1594
  Debug: Off
  Object Name: 
  Observers: 
    none
  Source: (none)
  Source output name: (none)
  Release Data: Off
  Data Released: False
  Global Release Data: Off
  PipelineMTime: 0
  UpdateMTime: 1203
  RealTimeStamp: 0 seconds 
  LargestPossibleRegion: 
    Dimension: 3
    Index: [0, 0, 0]
    Size: [193, 229, 193]
  BufferedRegion: 
    Dimension: 3
    Index: [0, 0, 0]
    Size: [193, 229, 193]
  RequestedRegion: 
    Dimension: 3
    Index: [0, 0, 0]
    Size: [193, 229, 193]
  Spacing: [1, 1, 1]
  Origin: [96, 132, -78]
  Direction: 
-1 0 0
0 -1 0
0 0 1

  IndexToPointMatrix: 
-1 0 0
0 -1 0
0 0 1

  PointToIndexMatrix: 
-1 0 0
0 -1 0
0 0 1

  Inverse Direction: 
-1 0 0
0 -1 0
0 0 1

  PixelContainer: 
    ImportImageContainer (0x40d7a20)
      RTTI typeinfo:   itk::ImportImageContainer<unsigned long, double>
      Reference Count: 1
      Modified Time: 1200
      Debug: Off
      Object Name: 
      Observers: 
        none
      Pointer: 0x14a3125d3010
      Container manages memory: true
      Size: 8530021
      Capacity: 8530021

     Moving image = Image (0x40d2d70)
  RTTI typeinfo:   itk::Image<double, 3u>
  Reference Count: 2
  Modified Time: 1595
  Debug: Off
  Object Name: 
  Observers: 
    none
  Source: (none)
  Source output name: (none)
  Release Data: Off
  Data Released: False
  Global Release Data: Off
  PipelineMTime: 0
  UpdateMTime: 1592
  RealTimeStamp: 0 seconds 
  LargestPossibleRegion: 
    Dimension: 3
    Index: [0, 0, 0]
    Size: [160, 240, 256]
  BufferedRegion: 
    Dimension: 3
    Index: [0, 0, 0]
    Size: [160, 240, 256]
  RequestedRegion: 
    Dimension: 3
    Index: [0, 0, 0]
    Size: [160, 240, 256]
  Spacing: [0.999999, 1, 1]
  Origin: [84.1637, 106.709, -120.531]
  Direction: 
-0.999619 -0.0226874 -0.0157033
0.0226846 -0.999743 0.00035635
-0.0157073 -7.8229e-09 0.999877

  IndexToPointMatrix: 
-0.999619 -0.0226874 -0.0157033
0.0226845 -0.999743 0.00035635
-0.0157073 -7.8229e-09 0.999877

  PointToIndexMatrix: 
-0.99962 0.0226846 -0.0157073
-0.0226874 -0.999743 -7.83127e-09
-0.0157033 0.00035635 0.999877

  Inverse Direction: 
-0.999619 0.0226846 -0.0157073
-0.0226874 -0.999743 -7.83127e-09
-0.0157033 0.00035635 0.999877

  PixelContainer: 
    ImportImageContainer (0x408ac90)
      RTTI typeinfo:   itk::ImportImageContainer<unsigned long, double>
      Reference Count: 1
      Modified Time: 1589
      Debug: Off
      Object Name: 
      Observers: 
        none
      Pointer: 0x14a30dad2010
      Container manages memory: true
      Size: 9830400
      Capacity: 9830400

     Weighting = 1
     Sampling strategy = regular
     Number of bins = 32
     Radius = 4
     Sampling percentage  = 0.25
   Transform = Affine
     Gradient step = 0.1
     Update field sigma (voxel space) = 0
     Total field sigma (voxel space) = 0
     Update field time sigma = 0
     Total field time sigma  = 0
     Number of time indices = 0
     Number of time point samples = 0
Registration using 1 total stages.

Stage 0
  iterations = 1000x500x250x100
  convergence threshold = 1e-06
  convergence window size = 10
  number of levels = 4
  using the Mattes MI metric (number of bins = 32, weight = 1, use gradient filter = 0)
  preprocessing:  winsorizing the image intensities
  Shrink factors (level 1 out of 4): [8, 8, 8]
  Shrink factors (level 2 out of 4): [4, 4, 4]
  Shrink factors (level 3 out of 4): [2, 2, 2]
  Shrink factors (level 4 out of 4): [1, 1, 1]
  smoothing sigmas per level: [3, 2, 1, 0]
  regular sampling (percentage = 0.25)

*** Running AffineTransform registration ***

DIAGNOSTIC,Iteration,metricValue,convergenceValue,ITERATION_TIME_INDEX,SINCE_LAST
 2DIAGNOSTIC,     1, -5.239750081817e-01, 1.797693134862e+308, 8.3133e-01, 8.3133e-01, 
 2DIAGNOSTIC,     2, -5.258640012538e-01, 1.797693134862e+308, 8.3713e-01, 5.8079e-03, 
 2DIAGNOSTIC,     3, -5.291088179664e-01, 1.797693134862e+308, 8.4301e-01, 5.8742e-03, 
 2DIAGNOSTIC,     4, -5.347710740387e-01, 1.797693134862e+308, 8.4892e-01, 5.9080e-03, 
 2DIAGNOSTIC,     5, -5.449383436366e-01, 1.797693134862e+308, 8.5462e-01, 5.7001e-03, 
 2DIAGNOSTIC,     6, -6.215306134886e-01, 1.797693134862e+308, 8.5991e-01, 5.2938e-03, 
 2DIAGNOSTIC,     7, -6.633610906370e-01, 1.797693134862e+308, 8.6539e-01, 5.4798e-03, 
 2DIAGNOSTIC,     8, -7.298997406232e-01, 1.797693134862e+308, 8.7275e-01, 7.3609e-03, 
 2DIAGNOSTIC,     9, -7.422520794461e-01, 1.797693134862e+308, 8.7806e-01, 5.3091e-03, 
 2DIAGNOSTIC,    10, -7.541338044640e-01, 2.915590150732e-02, 8.8374e-01, 5.6791e-03, 
 2DIAGNOSTIC,    11, -7.649021750027e-01, 2.764847029901e-02, 8.9010e-01, 6.3641e-03, 
 2DIAGNOSTIC,    12, -7.741613481249e-01, 2.434790746208e-02, 8.9823e-01, 8.1320e-03, 
 2DIAGNOSTIC,    13, -7.770750899356e-01, 1.968341631317e-02, 9.0438e-01, 6.1419e-03, 
 2DIAGNOSTIC,    14, -7.814242119608e-01, 1.436951848650e-02, 9.0985e-01, 5.4729e-03, 
 2DIAGNOSTIC,    15, -7.874240641081e-01, 9.014361700069e-03, 9.1666e-01, 6.8109e-03, 
 2DIAGNOSTIC,    16, -7.920939522522e-01, 5.733376623715e-03, 9.2246e-01, 5.8012e-03, 
 2DIAGNOSTIC,    17, -7.957348770848e-01, 3.442741904911e-03, 9.2822e-01, 5.7571e-03, 
 2DIAGNOSTIC,    18, -8.010582055687e-01, 2.769036343398e-03, 9.3538e-01, 7.1661e-03, 
 2DIAGNOSTIC,    19, -8.020625793327e-01, 2.204711041329e-03, 9.4172e-01, 6.3381e-03, 
 2DIAGNOSTIC,    20, -8.025888246548e-01, 1.748783698148e-03, 9.4747e-01, 5.7499e-03, 
 2DIAGNOSTIC,    21, -8.047951162902e-01, 1.424930060037e-03, 9.5386e-01, 6.3841e-03, 
 2DIAGNOSTIC,    22, -8.088020496872e-01, 1.241467087629e-03, 9.6142e-01, 7.5660e-03, 
 2DIAGNOSTIC,    23, -8.108230842204e-01, 1.042914446756e-03, 9.6738e-01, 5.9590e-03, 
 2DIAGNOSTIC,    24, -8.126161940633e-01, 8.656878455618e-04, 9.7301e-01, 5.6319e-03, 
 2DIAGNOSTIC,    25, -8.155470763388e-01, 7.639856908803e-04, 9.7969e-01, 6.6800e-03, 
 2DIAGNOSTIC,    26, -8.215037823939e-01, 7.574818708571e-04, 9.8540e-01, 5.7049e-03, 
 2DIAGNOSTIC,    27, -8.250928778894e-01, 7.799435698075e-04, 9.9173e-01, 6.3291e-03, 
 2DIAGNOSTIC,    28, -8.288983053048e-01, 8.530981576775e-04, 9.9940e-01, 7.6680e-03, 
 2DIAGNOSTIC,    29, -8.297252068518e-01, 8.655629305417e-04, 1.0050e+00, 5.6169e-03, 
 2DIAGNOSTIC,    30, -8.333777417499e-01, 8.492338109446e-04, 1.0107e+00, 5.7120e-03, 
 2DIAGNOSTIC,    31, -8.366903872144e-01, 8.192962937465e-04, 1.0170e+00, 6.2580e-03, 
 2DIAGNOSTIC,    32, -8.378484394082e-01, 7.741127931739e-04, 1.0226e+00, 5.5888e-03, 
 2DIAGNOSTIC,    33, -8.386461277385e-01, 6.920439082619e-04, 1.0289e+00, 6.3241e-03, 
 2DIAGNOSTIC,    34, -8.393185744104e-01, 5.778966886693e-04, 1.0368e+00, 7.9010e-03, 
 2DIAGNOSTIC,    35, -8.396538237214e-01, 4.500448518550e-04, 1.0424e+00, 5.6539e-03, 
 2DIAGNOSTIC,    36, -8.402323413973e-01, 3.544904308789e-04, 1.0480e+00, 5.5959e-03, 
 2DIAGNOSTIC,    37, -8.406979966709e-01, 2.713213593352e-04, 1.0537e+00, 5.6169e-03, 
 2DIAGNOSTIC,    38, -8.411700280692e-01, 2.098098445311e-04, 1.0599e+00, 6.2110e-03, 
 2DIAGNOSTIC,    39, -8.414252223623e-01, 1.416645400542e-04, 1.0661e+00, 6.2132e-03, 
 2DIAGNOSTIC,    40, -8.416471289187e-01, 9.914130560951e-05, 1.0715e+00, 5.4541e-03, 
 2DIAGNOSTIC,    41, -8.423100287542e-01, 8.523950551252e-05, 1.0778e+00, 6.2449e-03, 
 2DIAGNOSTIC,    42, -8.422555919641e-01, 7.343514606326e-05, 1.0840e+00, 6.1960e-03, 
 2DIAGNOSTIC,    43, -8.422797966116e-01, 6.232375835252e-05, 1.0896e+00, 5.6279e-03, 
 2DIAGNOSTIC,    44, -8.430265423418e-01, 5.781688795343e-05, 1.1066e+00, 1.6967e-02, 
 2DIAGNOSTIC,    45, -8.430265352937e-01, 5.055426674610e-05, 1.1121e+00, 5.4891e-03, 
 2DIAGNOSTIC,    46, -8.430265769564e-01, 4.343974176534e-05, 1.1175e+00, 5.4829e-03, 
 2DIAGNOSTIC,    47, -8.430266473801e-01, 3.622564383924e-05, 1.1231e+00, 5.5602e-03, 
 2DIAGNOSTIC,    48, -8.430267663884e-01, 2.955757637931e-05, 1.1287e+00, 5.5699e-03, 
 2DIAGNOSTIC,    49, -8.430269674090e-01, 2.223511917175e-05, 1.1341e+00, 5.3849e-03, 
 2DIAGNOSTIC,    50, -8.430273067024e-01, 1.462408484932e-05, 1.1396e+00, 5.4910e-03, 
 2DIAGNOSTIC,    51, -8.430278786490e-01, 1.082500587308e-05, 1.1451e+00, 5.5130e-03, 
 2DIAGNOSTIC,    52, -8.430288407010e-01, 5.895466796742e-06, 1.1505e+00, 5.4739e-03, 
DIAGNOSTIC,Iteration,metricValue,convergenceValue,ITERATION_TIME_INDEX,SINCE_LAST
 2DIAGNOSTIC,     1, -6.886370647571e-01, 1.797693134862e+308, 1.9452e+00, 7.9465e-01, 
 2DIAGNOSTIC,     2, -6.892670953978e-01, 1.797693134862e+308, 1.9840e+00, 3.8794e-02, 
 2DIAGNOSTIC,     3, -6.897762742744e-01, 1.797693134862e+308, 2.0220e+00, 3.7984e-02, 
 2DIAGNOSTIC,     4, -6.903096156337e-01, 1.797693134862e+308, 2.0618e+00, 3.9823e-02, 
 2DIAGNOSTIC,     5, -6.913231841304e-01, 1.797693134862e+308, 2.1008e+00, 3.8986e-02, 
 2DIAGNOSTIC,     6, -6.930503315323e-01, 1.797693134862e+308, 2.1412e+00, 4.0432e-02, 
 2DIAGNOSTIC,     7, -6.932294147397e-01, 1.797693134862e+308, 2.2069e+00, 6.5700e-02, 
 2DIAGNOSTIC,     8, -6.932366392998e-01, 1.797693134862e+308, 2.2480e+00, 4.1139e-02, 
 2DIAGNOSTIC,     9, -6.932814432385e-01, 1.797693134862e+308, 2.2862e+00, 3.8147e-02, 
 2DIAGNOSTIC,    10, -6.933377957215e-01, 5.080999818470e-04, 2.3284e+00, 4.2197e-02, 
 2DIAGNOSTIC,    11, -6.933889555661e-01, 3.854843889140e-04, 2.3738e+00, 4.5374e-02, 
 2DIAGNOSTIC,    12, -6.934141293085e-01, 2.714393313905e-04, 2.4130e+00, 3.9214e-02, 
 2DIAGNOSTIC,    13, -6.934341362679e-01, 1.682187012903e-04, 2.4551e+00, 4.2149e-02, 
 2DIAGNOSTIC,    14, -6.935032348994e-01, 8.222059498052e-05, 2.4951e+00, 3.9958e-02, 
 2DIAGNOSTIC,    15, -6.935917598269e-01, 2.921540540346e-05, 2.5399e+00, 4.4852e-02, 
 2DIAGNOSTIC,    16, -6.936501344829e-01, 2.600329898697e-05, 2.5844e+00, 4.4462e-02, 
 2DIAGNOSTIC,    17, -6.936474812981e-01, 2.524591374212e-05, 2.6232e+00, 3.8844e-02, 
 2DIAGNOSTIC,    18, -6.936589671354e-01, 2.288069962426e-05, 2.6716e+00, 4.8318e-02, 
 2DIAGNOSTIC,    19, -6.936541448662e-01, 1.963851570718e-05, 2.7168e+00, 4.5222e-02, 
 2DIAGNOSTIC,    20, -6.936451196036e-01, 1.597039042783e-05, 2.7603e+00, 4.3510e-02, 
 2DIAGNOSTIC,    21, -6.936357867696e-01, 1.212486484597e-05, 2.8003e+00, 4.0047e-02, 
 2DIAGNOSTIC,    22, -6.936159251763e-01, 7.767342812097e-06, 2.8440e+00, 4.3631e-02, 
 2DIAGNOSTIC,    23, -6.936204383480e-01, 3.638656679815e-06, 2.8838e+00, 3.9791e-02, 
DIAGNOSTIC,Iteration,metricValue,convergenceValue,ITERATION_TIME_INDEX,SINCE_LAST
 2DIAGNOSTIC,     1, -5.885244942926e-01, 1.797693134862e+308, 4.1288e+00, 1.2451e+00, 
 2DIAGNOSTIC,     2, -5.891782061418e-01, 1.797693134862e+308, 4.4800e+00, 3.5113e-01, 
 2DIAGNOSTIC,     3, -5.899067304928e-01, 1.797693134862e+308, 4.8116e+00, 3.3162e-01, 
 2DIAGNOSTIC,     4, -5.907717197520e-01, 1.797693134862e+308, 5.1366e+00, 3.2498e-01, 
 2DIAGNOSTIC,     5, -5.918490201976e-01, 1.797693134862e+308, 5.5100e+00, 3.7345e-01, 
 2DIAGNOSTIC,     6, -5.938035892114e-01, 1.797693134862e+308, 5.9943e+00, 4.8432e-01, 
 2DIAGNOSTIC,     7, -5.938364951026e-01, 1.797693134862e+308, 6.3548e+00, 3.6042e-01, 
 2DIAGNOSTIC,     8, -5.938218831066e-01, 1.797693134862e+308, 6.8138e+00, 4.5904e-01, 
 2DIAGNOSTIC,     9, -5.938143206640e-01, 1.797693134862e+308, 7.2836e+00, 4.6979e-01, 
 2DIAGNOSTIC,    10, -5.938120865856e-01, 6.677153912207e-04, 7.7372e+00, 4.5358e-01, 
 2DIAGNOSTIC,    11, -5.938108890164e-01, 4.875698280071e-04, 8.1100e+00, 3.7285e-01, 
 2DIAGNOSTIC,    12, -5.938105867965e-01, 3.201768345435e-04, 8.4577e+00, 3.4764e-01, 
 2DIAGNOSTIC,    13, -5.938092308473e-01, 1.775181777709e-04, 8.8510e+00, 3.9336e-01, 
 2DIAGNOSTIC,    14, -5.938087123756e-01, 6.878249103991e-05, 9.1907e+00, 3.3964e-01, 
 2DIAGNOSTIC,    15, -5.938086834313e-01, 1.165867586334e-06, 9.5564e+00, 3.6576e-01, 
DIAGNOSTIC,Iteration,metricValue,convergenceValue,ITERATION_TIME_INDEX,SINCE_LAST
 2DIAGNOSTIC,     1, -5.278383345162e-01, 1.797693134862e+308, 1.2791e+01, 3.2341e+00, 
