
##########################
# Experiment information #
##########################

EXPERIMENT_NAME: antsRegistration-r7-p12
VFC_BACKENDS: libinterflop_vprec.so --range-binary32=7 --precision-binary32=12 --range-binary64=7 --precision-binary64=12

SIF_IMG: /home/mdugre/projects/rrg-glatard/mdugre/containers/ants-vprec-no_metrics.simg

SUBJECT_ID: s037
INPUT_IMG: /home/mdugre/scratch/mri-registration-rp/datasets/ds004513/derivatives/mri-registration-rp/antsBrainExtraction/sub-s037/BrainExtractionBrain.nii.gz
OUTPUT_DIR: /home/mdugre/scratch/mri-registration-rp/datasets/ds004513/derivatives/mri-registration-rp/0001/antsRegistration-r7-p12/sub-s037

FIXED_IMG: /templateflow/tpl-MNI152NLin2009cAsym/tpl-MNI152NLin2009cAsym_res-01_desc-brain_T1w.nii.gz
DATA_DIR: /home/mdugre/scratch/mri-registration-rp/datasets/ds004513
TEMPLATEFLOW_DIR: /home/mdugre/projects/rrg-glatard/mdugre/templateflow
ITK_GLOBAL_DEFAULT_NUMBER_OF_THREADS: 16
##########################

Info [verificarlo]: loaded backend libinterflop_ieee.so
Info [interflop-ieee]: load backend with:
Info [interflop-ieee]: debug = false
Info [interflop-ieee]: debug-binary = false
Info [interflop-ieee]: no-backend-name = false
Info [interflop-ieee]: print-new-line = false
Info [interflop-ieee]: print-subnormal-normalized = false
Info [interflop-ieee]: count-op = false
All_Command_lines_OK
Using double precision for computations.
=============================================================================
The composite transform comprises the following transforms (in order): 
  1. Center of mass alignment using fixed image: /templateflow/tpl-MNI152NLin2009cAsym/tpl-MNI152NLin2009cAsym_res-01_desc-brain_T1w.nii.gz and moving image: /home/mdugre/scratch/mri-registration-rp/datasets/ds004513/derivatives/mri-registration-rp/antsBrainExtraction/sub-s037/BrainExtractionBrain.nii.gz (type = Euler3DTransform)
=============================================================================
  number of levels = 1
  fixed image: /templateflow/tpl-MNI152NLin2009cAsym/tpl-MNI152NLin2009cAsym_res-01_desc-brain_T1w.nii.gz
  moving image: /home/mdugre/scratch/mri-registration-rp/datasets/ds004513/derivatives/mri-registration-rp/antsBrainExtraction/sub-s037/BrainExtractionBrain.nii.gz
Dimension = 3
Number of stages = 1
Use histogram matching = false
Winsorize image intensities = true
  Lower quantile = 0.005
  Upper quantile = 0.995


Stage 1 State
   Image metric = MattesMI
     Fixed image = Image (0x4352e70)
  RTTI typeinfo:   itk::Image<double, 3u>
  Reference Count: 2
  Modified Time: 2330
  Debug: Off
  Object Name: 
  Observers: 
    none
  Source: (none)
  Source output name: (none)
  Release Data: Off
  Data Released: False
  Global Release Data: Off
  PipelineMTime: 0
  UpdateMTime: 1941
  RealTimeStamp: 0 seconds 
  LargestPossibleRegion: 
    Dimension: 3
    Index: [0, 0, 0]
    Size: [193, 229, 193]
  BufferedRegion: 
    Dimension: 3
    Index: [0, 0, 0]
    Size: [193, 229, 193]
  RequestedRegion: 
    Dimension: 3
    Index: [0, 0, 0]
    Size: [193, 229, 193]
  Spacing: [1, 1, 1]
  Origin: [96, 132, -78]
  Direction: 
-1 0 0
0 -1 0
0 0 1

  IndexToPointMatrix: 
-1 0 0
0 -1 0
0 0 1

  PointToIndexMatrix: 
-1 0 0
0 -1 0
0 0 1

  Inverse Direction: 
-1 0 0
0 -1 0
0 0 1

  PixelContainer: 
    ImportImageContainer (0x435bc60)
      RTTI typeinfo:   itk::ImportImageContainer<unsigned long, double>
      Reference Count: 1
      Modified Time: 1938
      Debug: Off
      Object Name: 
      Observers: 
        none
      Pointer: 0x146a6fe83010
      Container manages memory: true
      Size: 8530021
      Capacity: 8530021

     Moving image = Image (0x43efec0)
  RTTI typeinfo:   itk::Image<double, 3u>
  Reference Count: 2
  Modified Time: 2331
  Debug: Off
  Object Name: 
  Observers: 
    none
  Source: (none)
  Source output name: (none)
  Release Data: Off
  Data Released: False
  Global Release Data: Off
  PipelineMTime: 0
  UpdateMTime: 2328
  RealTimeStamp: 0 seconds 
  LargestPossibleRegion: 
    Dimension: 3
    Index: [0, 0, 0]
    Size: [160, 240, 256]
  BufferedRegion: 
    Dimension: 3
    Index: [0, 0, 0]
    Size: [160, 240, 256]
  RequestedRegion: 
    Dimension: 3
    Index: [0, 0, 0]
    Size: [160, 240, 256]
  Spacing: [1, 1, 1]
  Origin: [87.9508, 102.562, -147.639]
  Direction: 
-0.998659 -0.0436121 -0.0279129
0.043595 -0.999049 0.00121847
-0.0279395 -2.65543e-08 0.99961

  IndexToPointMatrix: 
-0.998659 -0.0436121 -0.0279129
0.043595 -0.999049 0.00121847
-0.0279395 -2.65543e-08 0.99961

  PointToIndexMatrix: 
-0.998659 0.043595 -0.0279395
-0.0436121 -0.999049 -2.65517e-08
-0.0279129 0.00121847 0.99961

  Inverse Direction: 
-0.998659 0.043595 -0.0279395
-0.0436121 -0.999049 -2.65517e-08
-0.0279129 0.00121847 0.99961

  PixelContainer: 
    ImportImageContainer (0x4487610)
      RTTI typeinfo:   itk::ImportImageContainer<unsigned long, double>
      Reference Count: 1
      Modified Time: 2325
      Debug: Off
      Object Name: 
      Observers: 
        none
      Pointer: 0x146a6b382010
      Container manages memory: true
      Size: 9830400
      Capacity: 9830400

     Weighting = 1
     Sampling strategy = regular
     Number of bins = 32
     Radius = 4
     Sampling percentage  = 0.25
   Transform = Rigid
     Gradient step = 0.1
     Update field sigma (voxel space) = 0
     Total field sigma (voxel space) = 0
     Update field time sigma = 0
     Total field time sigma  = 0
     Number of time indices = 0
     Number of time point samples = 0
Registration using 1 total stages.

Stage 0
  iterations = 0
  convergence threshold = 1e-06
  convergence window size = 10
  number of levels = 1
  using the Mattes MI metric (number of bins = 32, weight = 1, use gradient filter = 0)
  preprocessing:  winsorizing the image intensities
  Shrink factors (level 1 out of 1): [1, 1, 1]
  smoothing sigmas per level: [0]
  regular sampling (percentage = 0.25)

*** Running Euler3DTransform registration ***

  Elapsed time (stage 0): 1.15314


Total elapsed time: 1.1554
Info [verificarlo]: loaded backend libinterflop_ieee.so
Info [interflop-ieee]: load backend with:
Info [interflop-ieee]: debug = false
Info [interflop-ieee]: debug-binary = false
Info [interflop-ieee]: no-backend-name = false
Info [interflop-ieee]: print-new-line = false
Info [interflop-ieee]: print-subnormal-normalized = false
Info [interflop-ieee]: count-op = false
All_Command_lines_OK
Using double precision for computations.
=============================================================================
The composite transform comprises the following transforms (in order): 
  1. /home/mdugre/scratch/mri-registration-rp/datasets/ds004513/derivatives/mri-registration-rp/0001/antsRegistration-r7-p12/sub-s037/align_Composite.h5[0] (type = Euler3DTransform)
  2. /home/mdugre/scratch/mri-registration-rp/datasets/ds004513/derivatives/mri-registration-rp/0001/antsRegistration-r7-p12/sub-s037/align_Composite.h5[1] (type = Euler3DTransform)
=============================================================================
  number of levels = 4
  fixed image: /templateflow/tpl-MNI152NLin2009cAsym/tpl-MNI152NLin2009cAsym_res-01_desc-brain_T1w.nii.gz
  moving image: /home/mdugre/scratch/mri-registration-rp/datasets/ds004513/derivatives/mri-registration-rp/antsBrainExtraction/sub-s037/BrainExtractionBrain.nii.gz
Dimension = 3
Number of stages = 1
Use histogram matching = false
Winsorize image intensities = true
  Lower quantile = 0.005
  Upper quantile = 0.995


Stage 1 State
   Image metric = MattesMI
     Fixed image = Image (0x47f9530)
  RTTI typeinfo:   itk::Image<double, 3u>
  Reference Count: 2
  Modified Time: 1578
  Debug: Off
  Object Name: 
  Observers: 
    none
  Source: (none)
  Source output name: (none)
  Release Data: Off
  Data Released: False
  Global Release Data: Off
  PipelineMTime: 0
  UpdateMTime: 1189
  RealTimeStamp: 0 seconds 
  LargestPossibleRegion: 
    Dimension: 3
    Index: [0, 0, 0]
    Size: [193, 229, 193]
  BufferedRegion: 
    Dimension: 3
    Index: [0, 0, 0]
    Size: [193, 229, 193]
  RequestedRegion: 
    Dimension: 3
    Index: [0, 0, 0]
    Size: [193, 229, 193]
  Spacing: [1, 1, 1]
  Origin: [96, 132, -78]
  Direction: 
-1 0 0
0 -1 0
0 0 1

  IndexToPointMatrix: 
-1 0 0
0 -1 0
0 0 1

  PointToIndexMatrix: 
-1 0 0
0 -1 0
0 0 1

  Inverse Direction: 
-1 0 0
0 -1 0
0 0 1

  PixelContainer: 
    ImportImageContainer (0x48b7d60)
      RTTI typeinfo:   itk::ImportImageContainer<unsigned long, double>
      Reference Count: 1
      Modified Time: 1186
      Debug: Off
      Object Name: 
      Observers: 
        none
      Pointer: 0x14ac00c22010
      Container manages memory: true
      Size: 8530021
      Capacity: 8530021

     Moving image = Image (0x48a9f60)
  RTTI typeinfo:   itk::Image<double, 3u>
  Reference Count: 2
  Modified Time: 1579
  Debug: Off
  Object Name: 
  Observers: 
    none
  Source: (none)
  Source output name: (none)
  Release Data: Off
  Data Released: False
  Global Release Data: Off
  PipelineMTime: 0
  UpdateMTime: 1576
  RealTimeStamp: 0 seconds 
  LargestPossibleRegion: 
    Dimension: 3
    Index: [0, 0, 0]
    Size: [160, 240, 256]
  BufferedRegion: 
    Dimension: 3
    Index: [0, 0, 0]
    Size: [160, 240, 256]
  RequestedRegion: 
    Dimension: 3
    Index: [0, 0, 0]
    Size: [160, 240, 256]
  Spacing: [1, 1, 1]
  Origin: [87.9508, 102.562, -147.639]
  Direction: 
-0.998659 -0.0436121 -0.0279129
0.043595 -0.999049 0.00121847
-0.0279395 -2.65543e-08 0.99961

  IndexToPointMatrix: 
-0.998659 -0.0436121 -0.0279129
0.043595 -0.999049 0.00121847
-0.0279395 -2.65543e-08 0.99961

  PointToIndexMatrix: 
-0.998659 0.043595 -0.0279395
-0.0436121 -0.999049 -2.65517e-08
-0.0279129 0.00121847 0.99961

  Inverse Direction: 
-0.998659 0.043595 -0.0279395
-0.0436121 -0.999049 -2.65517e-08
-0.0279129 0.00121847 0.99961

  PixelContainer: 
    ImportImageContainer (0x489b6d0)
      RTTI typeinfo:   itk::ImportImageContainer<unsigned long, double>
      Reference Count: 1
      Modified Time: 1573
      Debug: Off
      Object Name: 
      Observers: 
        none
      Pointer: 0x14abfc121010
      Container manages memory: true
      Size: 9830400
      Capacity: 9830400

     Weighting = 1
     Sampling strategy = regular
     Number of bins = 32
     Radius = 4
     Sampling percentage  = 0.25
   Transform = Rigid
     Gradient step = 0.1
     Update field sigma (voxel space) = 0
     Total field sigma (voxel space) = 0
     Update field time sigma = 0
     Total field time sigma  = 0
     Number of time indices = 0
     Number of time point samples = 0
Registration using 1 total stages.

Stage 0
  iterations = 1000x500x250x100
  convergence threshold = 1e-06
  convergence window size = 10
  number of levels = 4
  using the Mattes MI metric (number of bins = 32, weight = 1, use gradient filter = 0)
  preprocessing:  winsorizing the image intensities
  Shrink factors (level 1 out of 4): [8, 8, 8]
  Shrink factors (level 2 out of 4): [4, 4, 4]
  Shrink factors (level 3 out of 4): [2, 2, 2]
  Shrink factors (level 4 out of 4): [1, 1, 1]
  smoothing sigmas per level: [3, 2, 1, 0]
  regular sampling (percentage = 0.25)

*** Running Euler3DTransform registration ***

DIAGNOSTIC,Iteration,metricValue,convergenceValue,ITERATION_TIME_INDEX,SINCE_LAST
 2DIAGNOSTIC,     1, -4.299060189477e-01, 1.797693134862e+308, 7.2735e-01, 7.2735e-01, 
 2DIAGNOSTIC,     2, -4.311703807429e-01, 1.797693134862e+308, 7.3226e-01, 4.9081e-03, 
 2DIAGNOSTIC,     3, -4.334997061176e-01, 1.797693134862e+308, 7.3710e-01, 4.8449e-03, 
 2DIAGNOSTIC,     4, -4.389575130370e-01, 1.797693134862e+308, 7.4173e-01, 4.6241e-03, 
 2DIAGNOSTIC,     5, -4.438813134482e-01, 1.797693134862e+308, 7.4617e-01, 4.4401e-03, 
 2DIAGNOSTIC,     6, -4.461495460377e-01, 1.797693134862e+308, 7.5047e-01, 4.2999e-03, 
 2DIAGNOSTIC,     7, -4.511407144429e-01, 1.797693134862e+308, 7.5571e-01, 5.2450e-03, 
 2DIAGNOSTIC,     8, -4.667812032718e-01, 1.797693134862e+308, 7.6083e-01, 5.1150e-03, 
 2DIAGNOSTIC,     9, -4.753090114372e-01, 1.797693134862e+308, 7.6604e-01, 5.2111e-03, 
 2DIAGNOSTIC,    10, -4.802481719655e-01, 7.481707542057e-03, 7.7141e-01, 5.3699e-03, 
 2DIAGNOSTIC,    11, -4.821261368877e-01, 7.356704266140e-03, 7.7592e-01, 4.5059e-03, 
 2DIAGNOSTIC,    12, -4.837491005316e-01, 6.749992380105e-03, 7.8145e-01, 5.5358e-03, 
 2DIAGNOSTIC,    13, -5.028244927614e-01, 6.622215038760e-03, 7.8900e-01, 7.5459e-03, 
 2DIAGNOSTIC,    14, -5.042109134420e-01, 6.183615245772e-03, 7.9336e-01, 4.3628e-03, 
 2DIAGNOSTIC,    15, -5.066116081866e-01, 5.558135432437e-03, 7.9798e-01, 4.6189e-03, 
 2DIAGNOSTIC,    16, -5.083451635899e-01, 4.676295421556e-03, 8.0247e-01, 4.4949e-03, 
 2DIAGNOSTIC,    17, -5.184993492711e-01, 3.998770500941e-03, 8.0958e-01, 7.1032e-03, 
 2DIAGNOSTIC,    18, -5.256348855944e-01, 3.769024583941e-03, 8.1427e-01, 4.6930e-03, 
 2DIAGNOSTIC,    19, -5.260487277868e-01, 3.491513206054e-03, 8.1947e-01, 5.2021e-03, 
 2DIAGNOSTIC,    20, -5.292109534417e-01, 3.174906824266e-03, 8.2454e-01, 5.0700e-03, 
 2DIAGNOSTIC,    21, -5.301818270659e-01, 2.681600052241e-03, 8.2903e-01, 4.4901e-03, 
 2DIAGNOSTIC,    22, -5.312241402130e-01, 2.041188916953e-03, 8.3401e-01, 4.9779e-03, 
 2DIAGNOSTIC,    23, -5.321371380029e-01, 1.776979352170e-03, 8.3956e-01, 5.5490e-03, 
 2DIAGNOSTIC,    24, -5.330747217141e-01, 1.429098119133e-03, 8.4403e-01, 4.4670e-03, 
 2DIAGNOSTIC,    25, -5.340979433066e-01, 1.060387504297e-03, 8.4898e-01, 4.9489e-03, 
 2DIAGNOSTIC,    26, -5.353301806671e-01, 6.839347331770e-04, 8.5507e-01, 6.0959e-03, 
 2DIAGNOSTIC,    27, -5.359877856820e-01, 5.005580603054e-04, 8.5997e-01, 4.8988e-03, 
 2DIAGNOSTIC,    28, -5.363338897623e-01, 4.385711969003e-04, 8.6458e-01, 4.6070e-03, 
 2DIAGNOSTIC,    29, -5.373050809414e-01, 3.660297668767e-04, 8.6893e-01, 4.3509e-03, 
 2DIAGNOSTIC,    30, -5.398201300840e-01, 3.715998492111e-04, 8.7408e-01, 5.1570e-03, 
 2DIAGNOSTIC,    31, -5.446420774044e-01, 4.465265527254e-04, 8.8436e-01, 1.0272e-02, 
 2DIAGNOSTIC,    32, -5.446644674282e-01, 4.912623252116e-04, 8.8887e-01, 4.5111e-03, 
 2DIAGNOSTIC,    33, -5.447646106254e-01, 5.056446844215e-04, 8.9314e-01, 4.2751e-03, 
 2DIAGNOSTIC,    34, -5.449310372619e-01, 4.904090790204e-04, 8.9762e-01, 4.4730e-03, 
 2DIAGNOSTIC,    35, -5.452044952865e-01, 4.491536993382e-04, 9.0207e-01, 4.4572e-03, 
 2DIAGNOSTIC,    36, -5.456974459521e-01, 3.933098445985e-04, 9.0627e-01, 4.1928e-03, 
 2DIAGNOSTIC,    37, -5.462998654303e-01, 3.227893066879e-04, 9.1049e-01, 4.2210e-03, 
 2DIAGNOSTIC,    38, -5.470544283658e-01, 2.429349142564e-04, 9.1471e-01, 4.2250e-03, 
 2DIAGNOSTIC,    39, -5.483332768651e-01, 1.763365304787e-04, 9.1946e-01, 4.7481e-03, 
 2DIAGNOSTIC,    40, -5.485726161883e-01, 1.327643135425e-04, 9.2370e-01, 4.2431e-03, 
 2DIAGNOSTIC,    41, -5.488485236468e-01, 1.482744294582e-04, 9.2842e-01, 4.7140e-03, 
 2DIAGNOSTIC,    42, -5.491457013247e-01, 1.532236219455e-04, 9.3275e-01, 4.3359e-03, 
 2DIAGNOSTIC,    43, -5.502470717920e-01, 1.586895346691e-04, 9.3851e-01, 5.7552e-03, 
 2DIAGNOSTIC,    44, -5.634825366210e-01, 3.167387715800e-04, 9.4491e-01, 6.4011e-03, 
 2DIAGNOSTIC,    45, -5.665849817874e-01, 4.738227716531e-04, 9.4979e-01, 4.8759e-03, 
 2DIAGNOSTIC,    46, -5.687370291128e-01, 6.109888824060e-04, 9.5453e-01, 4.7410e-03, 
 2DIAGNOSTIC,    47, -5.690958353496e-01, 6.967651936537e-04, 9.5951e-01, 4.9851e-03, 
 2DIAGNOSTIC,    48, -5.694304856308e-01, 7.241546385275e-04, 9.6379e-01, 4.2801e-03, 
 2DIAGNOSTIC,    49, -5.697191823205e-01, 6.963182872570e-04, 9.6800e-01, 4.2090e-03, 
 2DIAGNOSTIC,    50, -5.705656500081e-01, 6.139549629101e-04, 9.7325e-01, 5.2540e-03, 
 2DIAGNOSTIC,    51, -5.709121904531e-01, 4.847439453689e-04, 9.7749e-01, 4.2310e-03, 
 2DIAGNOSTIC,    52, -5.715890681174e-01, 3.265577709482e-04, 9.8188e-01, 4.3981e-03, 
 2DIAGNOSTIC,    53, -5.721856766927e-01, 1.578279324645e-04, 9.8636e-01, 4.4792e-03, 
 2DIAGNOSTIC,    54, -5.747973772439e-01, 1.392772888358e-04, 9.9117e-01, 4.8039e-03, 
 2DIAGNOSTIC,    55, -5.765606419214e-01, 1.548171727071e-04, 9.9848e-01, 7.3180e-03, 
 2DIAGNOSTIC,    56, -5.798808194986e-01, 2.075169907501e-04, 1.0036e+00, 5.1200e-03, 
 2DIAGNOSTIC,    57, -5.803365222217e-01, 2.456739125018e-04, 1.0078e+00, 4.1981e-03, 
 2DIAGNOSTIC,    58, -5.807552446525e-01, 2.662353824513e-04, 1.0126e+00, 4.7839e-03, 
 2DIAGNOSTIC,    59, -5.820981894433e-01, 2.752503581313e-04, 1.0180e+00, 5.4500e-03, 
 2DIAGNOSTIC,    60, -5.823478969368e-01, 2.667338934623e-04, 1.0228e+00, 4.7610e-03, 
 2DIAGNOSTIC,    61, -5.826293525788e-01, 2.383113192010e-04, 1.0280e+00, 5.2292e-03, 
 2DIAGNOSTIC,    62, -5.826365413021e-01, 1.942801938992e-04, 1.0331e+00, 5.0759e-03, 
 2DIAGNOSTIC,    63, -5.827388828140e-01, 1.390313947843e-04, 1.0373e+00, 4.1969e-03, 
 2DIAGNOSTIC,    64, -5.827440952752e-01, 9.393446105361e-05, 1.0418e+00, 4.4732e-03, 
 2DIAGNOSTIC,    65, -5.827621717225e-01, 5.520655590457e-05, 1.0468e+00, 5.0280e-03, 
 2DIAGNOSTIC,    66, -5.828372504260e-01, 3.992290958702e-05, 1.0521e+00, 5.3279e-03, 
 2DIAGNOSTIC,    67, -5.834042779698e-01, 2.948693523869e-05, 1.0569e+00, 4.7910e-03, 
 2DIAGNOSTIC,    68, -5.833831186844e-01, 1.932462600330e-05, 1.0613e+00, 4.3662e-03, 
 2DIAGNOSTIC,    69, -5.833423929334e-01, 1.769901693770e-05, 1.0670e+00, 5.7080e-03, 
 2DIAGNOSTIC,    70, -5.833662117955e-01, 1.655864406325e-05, 1.0711e+00, 4.1249e-03, 
 2DIAGNOSTIC,    71, -5.832925543226e-01, 1.542290229919e-05, 1.0752e+00, 4.1058e-03, 
 2DIAGNOSTIC,    72, -5.832249580073e-01, 1.236181424552e-05, 1.0799e+00, 4.6518e-03, 
 2DIAGNOSTIC,    73, -5.831546134209e-01, 8.485287244651e-06, 1.0842e+00, 4.2751e-03, 
 2DIAGNOSTIC,    74, -5.831817599927e-01, 4.253019924036e-06, 1.0884e+00, 4.2109e-03, 
DIAGNOSTIC,Iteration,metricValue,convergenceValue,ITERATION_TIME_INDEX,SINCE_LAST
 2DIAGNOSTIC,     1, -4.673646910624e-01, 1.797693134862e+308, 1.7875e+00, 6.9910e-01, 
 2DIAGNOSTIC,     2, -4.680118668049e-01, 1.797693134862e+308, 1.8163e+00, 2.8861e-02, 
 2DIAGNOSTIC,     3, -4.689325542369e-01, 1.797693134862e+308, 1.8445e+00, 2.8157e-02, 
 2DIAGNOSTIC,     4, -4.703292001305e-01, 1.797693134862e+308, 1.8743e+00, 2.9812e-02, 
 2DIAGNOSTIC,     5, -4.725499109590e-01, 1.797693134862e+308, 1.9029e+00, 2.8648e-02, 
 2DIAGNOSTIC,     6, -4.752799646431e-01, 1.797693134862e+308, 1.9316e+00, 2.8642e-02, 
 2DIAGNOSTIC,     7, -4.777743205486e-01, 1.797693134862e+308, 1.9638e+00, 3.2193e-02, 
 2DIAGNOSTIC,     8, -4.784165461446e-01, 1.797693134862e+308, 1.9967e+00, 3.2889e-02, 
 2DIAGNOSTIC,     9, -4.790932329668e-01, 1.797693134862e+308, 2.0254e+00, 2.8747e-02, 
 2DIAGNOSTIC,    10, -4.823206400433e-01, 2.115067456696e-03, 2.0541e+00, 2.8728e-02, 
 2DIAGNOSTIC,    11, -4.833998999766e-01, 1.982775571533e-03, 2.1051e+00, 5.0995e-02, 
 2DIAGNOSTIC,    12, -4.836830516509e-01, 1.741433798756e-03, 2.1341e+00, 2.8944e-02, 
 2DIAGNOSTIC,    13, -4.842652538600e-01, 1.452902630705e-03, 2.1624e+00, 2.8370e-02, 
 2DIAGNOSTIC,    14, -4.847369442564e-01, 1.153612246299e-03, 2.1926e+00, 3.0113e-02, 
 2DIAGNOSTIC,    15, -4.851789751710e-01, 8.914809642421e-04, 2.2234e+00, 3.0863e-02, 
 2DIAGNOSTIC,    16, -4.855712227106e-01, 6.941256382431e-04, 2.2541e+00, 3.0702e-02, 
 2DIAGNOSTIC,    17, -4.863704897463e-01, 5.728861642615e-04, 2.2877e+00, 3.3600e-02, 
 2DIAGNOSTIC,    18, -4.875468201697e-01, 4.729709063121e-04, 2.3271e+00, 3.9424e-02, 
 2DIAGNOSTIC,    19, -4.879517746817e-01, 3.706081361529e-04, 2.3597e+00, 3.2534e-02, 
 2DIAGNOSTIC,    20, -4.880275179243e-01, 3.418369772647e-04, 2.3877e+00, 2.8051e-02, 
 2DIAGNOSTIC,    21, -4.880951482065e-01, 3.169859130501e-04, 2.4165e+00, 2.8797e-02, 
 2DIAGNOSTIC,    22, -4.884138394133e-01, 2.806940883098e-04, 2.4489e+00, 3.2417e-02, 
 2DIAGNOSTIC,    23, -4.888974850792e-01, 2.480202480110e-04, 2.4934e+00, 4.4412e-02, 
 2DIAGNOSTIC,    24, -4.890199063262e-01, 2.092485779854e-04, 2.5215e+00, 2.8161e-02, 
 2DIAGNOSTIC,    25, -4.894465063275e-01, 1.751339049117e-04, 2.5494e+00, 2.7897e-02, 
 2DIAGNOSTIC,    26, -4.899158672683e-01, 1.467089901182e-04, 2.5812e+00, 3.1760e-02, 
 2DIAGNOSTIC,    27, -4.899968956104e-01, 1.250410456420e-04, 2.6097e+00, 2.8487e-02, 
 2DIAGNOSTIC,    28, -4.901277456876e-01, 1.205750248752e-04, 2.6373e+00, 2.7681e-02, 
 2DIAGNOSTIC,    29, -4.902952091841e-01, 1.168332985129e-04, 2.6803e+00, 4.2906e-02, 
 2DIAGNOSTIC,    30, -4.903288852965e-01, 1.045244139145e-04, 2.7139e+00, 3.3644e-02, 
 2DIAGNOSTIC,    31, -4.903272369398e-01, 8.433450009075e-05, 2.7440e+00, 3.0120e-02, 
 2DIAGNOSTIC,    32, -4.903474520975e-01, 6.365249370809e-05, 2.7735e+00, 2.9472e-02, 
 2DIAGNOSTIC,    33, -4.903988994255e-01, 4.793752228174e-05, 2.8027e+00, 2.9225e-02, 
 2DIAGNOSTIC,    34, -4.904700961050e-01, 3.187535667995e-05, 2.8333e+00, 3.0571e-02, 
 2DIAGNOSTIC,    35, -4.905691134112e-01, 2.241028566249e-05, 2.8645e+00, 3.1197e-02, 
 2DIAGNOSTIC,    36, -4.906498574835e-01, 2.041372892628e-05, 2.8950e+00, 3.0551e-02, 
 2DIAGNOSTIC,    37, -4.907728118506e-01, 1.987713076173e-05, 2.9397e+00, 4.4631e-02, 
 2DIAGNOSTIC,    38, -4.908657309346e-01, 2.091152200324e-05, 2.9695e+00, 2.9882e-02, 
 2DIAGNOSTIC,    39, -4.909355716645e-01, 2.351338481358e-05, 3.0015e+00, 3.1936e-02, 
 2DIAGNOSTIC,    40, -4.909807118520e-01, 2.497544842871e-05, 3.0396e+00, 3.8166e-02, 
 2DIAGNOSTIC,    41, -4.909318680203e-01, 2.333899533140e-05, 3.0729e+00, 3.3238e-02, 
 2DIAGNOSTIC,    42, -4.909768538732e-01, 2.055645703019e-05, 3.1064e+00, 3.3512e-02, 
 2DIAGNOSTIC,    43, -4.912431764659e-01, 2.030116216992e-05, 3.1355e+00, 2.9126e-02, 
 2DIAGNOSTIC,    44, -4.914186078583e-01, 2.134457792374e-05, 3.1652e+00, 2.9719e-02, 
 2DIAGNOSTIC,    45, -4.917184231539e-01, 2.554045947358e-05, 3.1966e+00, 3.1361e-02, 
 2DIAGNOSTIC,    46, -4.917621875242e-01, 2.872344277391e-05, 3.2258e+00, 2.9231e-02, 
 2DIAGNOSTIC,    47, -4.918558324963e-01, 3.181439429868e-05, 3.2545e+00, 2.8626e-02, 
 2DIAGNOSTIC,    48, -4.920822296671e-01, 3.562489961317e-05, 3.2876e+00, 3.3186e-02, 
 2DIAGNOSTIC,    49, -4.921846518703e-01, 3.785484046163e-05, 3.3431e+00, 5.5446e-02, 
 2DIAGNOSTIC,    50, -4.922102768088e-01, 3.727700451646e-05, 3.3710e+00, 2.7949e-02, 
 2DIAGNOSTIC,    51, -4.922327765815e-01, 3.298544061307e-05, 3.3984e+00, 2.7317e-02, 
 2DIAGNOSTIC,    52, -4.922727412795e-01, 2.669072015840e-05, 3.4307e+00, 3.2322e-02, 
 2DIAGNOSTIC,    53, -4.922935546650e-01, 2.123596481702e-05, 3.4647e+00, 3.3975e-02, 
 2DIAGNOSTIC,    54, -4.923240180311e-01, 1.613497008267e-05, 3.4939e+00, 2.9214e-02, 
 2DIAGNOSTIC,    55, -4.923637931568e-01, 1.336272487965e-05, 3.5228e+00, 2.8904e-02, 
 2DIAGNOSTIC,    56, -4.924531828595e-01, 1.085792003424e-05, 3.5546e+00, 3.1804e-02, 
 2DIAGNOSTIC,    57, -4.924886841078e-01, 8.701803705314e-06, 3.5829e+00, 2.8339e-02, 
 2DIAGNOSTIC,    58, -4.925522325725e-01, 8.733605916411e-06, 3.6114e+00, 2.8489e-02, 
 2DIAGNOSTIC,    59, -4.926827213665e-01, 1.027588879557e-05, 3.6427e+00, 3.1281e-02, 
 2DIAGNOSTIC,    60, -4.928363571209e-01, 1.254037421319e-05, 3.6855e+00, 4.2776e-02, 
 2DIAGNOSTIC,    61, -4.928846382516e-01, 1.421361232327e-05, 3.7142e+00, 2.8759e-02, 
 2DIAGNOSTIC,    62, -4.928883847339e-01, 1.494371653919e-05, 3.7454e+00, 3.1168e-02, 
 2DIAGNOSTIC,    63, -4.929868927200e-01, 1.538767641684e-05, 3.7771e+00, 3.1753e-02, 
 2DIAGNOSTIC,    64, -4.930029759460e-01, 1.476836930395e-05, 3.8088e+00, 3.1625e-02, 
 2DIAGNOSTIC,    65, -4.930080435924e-01, 1.316454433267e-05, 3.8421e+00, 3.3375e-02, 
 2DIAGNOSTIC,    66, -4.930209168893e-01, 1.131096938467e-05, 3.8757e+00, 3.3551e-02, 
 2DIAGNOSTIC,    67, -4.930173379699e-01, 8.761952296456e-06, 3.9036e+00, 2.7957e-02, 
 2DIAGNOSTIC,    68, -4.930914335903e-01, 6.648087572843e-06, 3.9321e+00, 2.8431e-02, 
 2DIAGNOSTIC,    69, -4.932468118154e-01, 6.359647317523e-06, 3.9602e+00, 2.8098e-02, 
 2DIAGNOSTIC,    70, -4.933696837150e-01, 7.781798598309e-06, 3.9916e+00, 3.1392e-02, 
 2DIAGNOSTIC,    71, -4.934358385091e-01, 9.401278793134e-06, 4.0368e+00, 4.5233e-02, 
 2DIAGNOSTIC,    72, -4.934464138322e-01, 1.022243200404e-05, 4.0687e+00, 3.1945e-02, 
 2DIAGNOSTIC,    73, -4.934593349043e-01, 1.097006229555e-05, 4.1004e+00, 3.1646e-02, 
 2DIAGNOSTIC,    74, -4.934781818384e-01, 1.093578707257e-05, 4.1313e+00, 3.0878e-02, 
 2DIAGNOSTIC,    75, -4.934708022346e-01, 9.853133764431e-06, 4.2215e+00, 9.0190e-02, 
 2DIAGNOSTIC,    76, -4.934708022278e-01, 8.007779501608e-06, 4.3122e+00, 9.0764e-02, 
 2DIAGNOSTIC,    77, -4.934708022278e-01, 5.462893133598e-06, 4.3503e+00, 3.8118e-02, 
 2DIAGNOSTIC,    78, -4.934708022278e-01, 3.031744358506e-06, 4.3846e+00, 3.4264e-02, 
 2DIAGNOSTIC,    79, -4.934708022278e-01, 1.532196837821e-06, 4.4161e+00, 3.1449e-02, 
DIAGNOSTIC,Iteration,metricValue,convergenceValue,ITERATION_TIME_INDEX,SINCE_LAST
 2DIAGNOSTIC,     1, -4.340655371821e-01, 1.797693134862e+308, 5.4280e+00, 1.0119e+00, 
 2DIAGNOSTIC,     2, -4.342595888794e-01, 1.797693134862e+308, 5.6607e+00, 2.3274e-01, 
 2DIAGNOSTIC,     3, -4.343788831730e-01, 1.797693134862e+308, 5.8950e+00, 2.3433e-01, 
 2DIAGNOSTIC,     4, -4.344852586052e-01, 1.797693134862e+308, 6.1332e+00, 2.3817e-01, 
 2DIAGNOSTIC,     5, -4.345639522362e-01, 1.797693134862e+308, 6.4167e+00, 2.8346e-01, 
 2DIAGNOSTIC,     6, -4.346072241611e-01, 1.797693134862e+308, 6.6756e+00, 2.5888e-01, 
 2DIAGNOSTIC,     7, -4.346709996220e-01, 1.797693134862e+308, 6.9403e+00, 2.6476e-01, 
 2DIAGNOSTIC,     8, -4.348053286253e-01, 1.797693134862e+308, 7.3251e+00, 3.8481e-01, 
 2DIAGNOSTIC,     9, -4.348051505737e-01, 1.797693134862e+308, 7.5653e+00, 2.4020e-01, 
 2DIAGNOSTIC,    10, -4.348364114680e-01, 1.104933555257e-04, 7.8179e+00, 2.5260e-01, 
 2DIAGNOSTIC,    11, -4.348399598026e-01, 8.184066532910e-05, 8.1671e+00, 3.4913e-01, 
 2DIAGNOSTIC,    12, -4.348384483019e-01, 6.125378637802e-05, 8.4084e+00, 2.4131e-01, 
 2DIAGNOSTIC,    13, -4.348375359900e-01, 4.433347991768e-05, 8.6778e+00, 2.6947e-01, 
 2DIAGNOSTIC,    14, -4.348366619533e-01, 3.089669192159e-05, 8.9476e+00, 2.6978e-01, 
 2DIAGNOSTIC,    15, -4.348370806624e-01, 2.013885613383e-05, 9.2050e+00, 2.5733e-01, 
 2DIAGNOSTIC,    16, -4.348365632311e-01, 1.080417584756e-05, 9.4514e+00, 2.4644e-01, 
 2DIAGNOSTIC,    17, -4.348352149862e-01, 4.029854223798e-06, 9.6648e+00, 2.1341e-01, 
 2DIAGNOSTIC,    18, -4.348355777981e-01, 2.720082034779e-06, 9.9099e+00, 2.4510e-01, 
 2DIAGNOSTIC,    19, -4.348336567287e-01, 1.356894606432e-06, 1.0246e+01, 3.3602e-01, 
 2DIAGNOSTIC,    20, -4.348329332692e-01, 1.154661943142e-06, 1.0485e+01, 2.3909e-01, 
 2DIAGNOSTIC,    21, -4.348314634458e-01, 1.078110544582e-06, 1.0750e+01, 2.6484e-01, 
DIAGNOSTIC,Iteration,metricValue,convergenceValue,ITERATION_TIME_INDEX,SINCE_LAST
 2DIAGNOSTIC,     1, -4.013565409946e-01, 1.797693134862e+308, 1.3217e+01, 2.4671e+00, 
 2DIAGNOSTIC,     2, -4.014950333996e-01, 1.797693134862e+308, 1.4979e+01, 1.7622e+00, 
 2DIAGNOSTIC,     3, -4.015483991858e-01, 1.797693134862e+308, 1.6310e+01, 1.3312e+00, 
 2DIAGNOSTIC,     4, -4.015896232749e-01, 1.797693134862e+308, 1.8077e+01, 1.7664e+00, 
 2DIAGNOSTIC,     5, -4.015916687968e-01, 1.797693134862e+308, 1.9390e+01, 1.3132e+00, 
 2DIAGNOSTIC,     6, -4.015973008723e-01, 1.797693134862e+308, 2.0880e+01, 1.4896e+00, 
 2DIAGNOSTIC,     7, -4.016275618159e-01, 1.797693134862e+308, 2.2601e+01, 1.7212e+00, 
 2DIAGNOSTIC,     8, -4.016473848193e-01, 1.797693134862e+308, 2.4311e+01, 1.7099e+00, 
 2DIAGNOSTIC,     9, -4.016518096903e-01, 1.797693134862e+308, 2.5902e+01, 1.5908e+00, 
 2DIAGNOSTIC,    10, -4.016583333813e-01, 4.047140441822e-05, 2.7306e+01, 1.4048e+00, 
 2DIAGNOSTIC,    11, -4.016694611577e-01, 2.509747066325e-05, 2.9026e+01, 1.7192e+00, 
 2DIAGNOSTIC,    12, -4.016718026754e-01, 1.849655846912e-05, 3.0595e+01, 1.5694e+00, 
 2DIAGNOSTIC,    13, -4.016736662481e-01, 1.441339988670e-05, 3.2022e+01, 1.4271e+00, 
 2DIAGNOSTIC,    14, -4.017387404142e-01, 1.522431779723e-05, 3.4077e+01, 2.0547e+00, 
 2DIAGNOSTIC,    15, -4.017682059771e-01, 1.616313720228e-05, 3.5397e+01, 1.3199e+00, 
 2DIAGNOSTIC,    16, -4.017806788978e-01, 1.646195851293e-05, 3.6718e+01, 1.3209e+00, 
 2DIAGNOSTIC,    17, -4.018184492326e-01, 1.824824430057e-05, 3.8177e+01, 1.4597e+00, 
 2DIAGNOSTIC,    18, -4.018264216964e-01, 1.939212783913e-05, 3.9643e+01, 1.4658e+00, 
 2DIAGNOSTIC,    19, -4.018285089549e-01, 1.899512664617e-05, 4.1531e+01, 1.8883e+00, 
 2DIAGNOSTIC,    20, -4.018286771363e-01, 1.725109595516e-05, 4.3017e+01, 1.4856e+00, 
 2DIAGNOSTIC,    21, -4.018287390119e-01, 1.461513327643e-05, 4.4667e+01, 1.6496e+00, 
 2DIAGNOSTIC,    22, -4.018285175914e-01, 1.108109785875e-05, 4.7237e+01, 2.5707e+00, 
 2DIAGNOSTIC,    23, -4.018286027720e-01, 6.964325245024e-06, 5.1528e+01, 4.2906e+00, 
 2DIAGNOSTIC,    24, -4.018286027720e-01, 4.581625537313e-06, 5.4299e+01, 2.7711e+00, 
 2DIAGNOSTIC,    25, -4.018286027720e-01, 2.923841956846e-06, 5.6180e+01, 1.8808e+00, 
 2DIAGNOSTIC,    26, -4.018286027720e-01, 1.551827268721e-06, 5.7923e+01, 1.7436e+00, 
 2DIAGNOSTIC,    27, -4.018286027720e-01, 1.235127535373e-06, 5.9443e+01, 1.5193e+00, 
 2DIAGNOSTIC,    28, -4.018286027720e-01, 1.135708214722e-06, 6.1411e+01, 1.9680e+00, 
 2DIAGNOSTIC,    29, -4.018286027720e-01, 1.093937496525e-06, 6.2960e+01, 1.5489e+00, 
 2DIAGNOSTIC,    30, -4.018286027720e-01, 1.059154414000e-06, 6.4442e+01, 1.4828e+00, 
 2DIAGNOSTIC,    31, -4.018286027720e-01, 1.028334492954e-06, 6.6045e+01, 1.6031e+00, 
  Elapsed time (stage 0): 6.6965e+01


Total elapsed time: 6.6967e+01
Info [verificarlo]: loaded backend libinterflop_ieee.so
Info [interflop-ieee]: load backend with:
Info [interflop-ieee]: debug = false
Info [interflop-ieee]: debug-binary = false
Info [interflop-ieee]: no-backend-name = false
Info [interflop-ieee]: print-new-line = false
Info [interflop-ieee]: print-subnormal-normalized = false
Info [interflop-ieee]: count-op = false
All_Command_lines_OK
Using double precision for computations.
=============================================================================
The composite transform comprises the following transforms (in order): 
  1. /home/mdugre/scratch/mri-registration-rp/datasets/ds004513/derivatives/mri-registration-rp/0001/antsRegistration-r7-p12/sub-s037/rigid_Composite.h5[0] (type = Euler3DTransform)
  2. /home/mdugre/scratch/mri-registration-rp/datasets/ds004513/derivatives/mri-registration-rp/0001/antsRegistration-r7-p12/sub-s037/rigid_Composite.h5[1] (type = Euler3DTransform)
  3. /home/mdugre/scratch/mri-registration-rp/datasets/ds004513/derivatives/mri-registration-rp/0001/antsRegistration-r7-p12/sub-s037/rigid_Composite.h5[2] (type = Euler3DTransform)
=============================================================================
  number of levels = 4
  fixed image: /templateflow/tpl-MNI152NLin2009cAsym/tpl-MNI152NLin2009cAsym_res-01_desc-brain_T1w.nii.gz
  moving image: /home/mdugre/scratch/mri-registration-rp/datasets/ds004513/derivatives/mri-registration-rp/antsBrainExtraction/sub-s037/BrainExtractionBrain.nii.gz
Dimension = 3
Number of stages = 1
Use histogram matching = false
Winsorize image intensities = true
  Lower quantile = 0.005
  Upper quantile = 0.995


Stage 1 State
   Image metric = MattesMI
     Fixed image = Image (0x4f477e0)
  RTTI typeinfo:   itk::Image<double, 3u>
  Reference Count: 2
  Modified Time: 1592
  Debug: Off
  Object Name: 
  Observers: 
    none
  Source: (none)
  Source output name: (none)
  Release Data: Off
  Data Released: False
  Global Release Data: Off
  PipelineMTime: 0
  UpdateMTime: 1203
  RealTimeStamp: 0 seconds 
  LargestPossibleRegion: 
    Dimension: 3
    Index: [0, 0, 0]
    Size: [193, 229, 193]
  BufferedRegion: 
    Dimension: 3
    Index: [0, 0, 0]
    Size: [193, 229, 193]
  RequestedRegion: 
    Dimension: 3
    Index: [0, 0, 0]
    Size: [193, 229, 193]
  Spacing: [1, 1, 1]
  Origin: [96, 132, -78]
  Direction: 
-1 0 0
0 -1 0
0 0 1

  IndexToPointMatrix: 
-1 0 0
0 -1 0
0 0 1

  PointToIndexMatrix: 
-1 0 0
0 -1 0
0 0 1

  Inverse Direction: 
-1 0 0
0 -1 0
0 0 1

  PixelContainer: 
    ImportImageContainer (0x5007a20)
      RTTI typeinfo:   itk::ImportImageContainer<unsigned long, double>
      Reference Count: 1
      Modified Time: 1200
      Debug: Off
      Object Name: 
      Observers: 
        none
      Pointer: 0x14f0715e2010
      Container manages memory: true
      Size: 8530021
      Capacity: 8530021

     Moving image = Image (0x5002d70)
  RTTI typeinfo:   itk::Image<double, 3u>
  Reference Count: 2
  Modified Time: 1593
  Debug: Off
  Object Name: 
  Observers: 
    none
  Source: (none)
  Source output name: (none)
  Release Data: Off
  Data Released: False
  Global Release Data: Off
  PipelineMTime: 0
  UpdateMTime: 1590
  RealTimeStamp: 0 seconds 
  LargestPossibleRegion: 
    Dimension: 3
    Index: [0, 0, 0]
    Size: [160, 240, 256]
  BufferedRegion: 
    Dimension: 3
    Index: [0, 0, 0]
    Size: [160, 240, 256]
  RequestedRegion: 
    Dimension: 3
    Index: [0, 0, 0]
    Size: [160, 240, 256]
  Spacing: [1, 1, 1]
  Origin: [87.9508, 102.562, -147.639]
  Direction: 
-0.998659 -0.0436121 -0.0279129
0.043595 -0.999049 0.00121847
-0.0279395 -2.65543e-08 0.99961

  IndexToPointMatrix: 
-0.998659 -0.0436121 -0.0279129
0.043595 -0.999049 0.00121847
-0.0279395 -2.65543e-08 0.99961

  PointToIndexMatrix: 
-0.998659 0.043595 -0.0279395
-0.0436121 -0.999049 -2.65517e-08
-0.0279129 0.00121847 0.99961

  Inverse Direction: 
-0.998659 0.043595 -0.0279395
-0.0436121 -0.999049 -2.65517e-08
-0.0279129 0.00121847 0.99961

  PixelContainer: 
    ImportImageContainer (0x4fbac90)
      RTTI typeinfo:   itk::ImportImageContainer<unsigned long, double>
      Reference Count: 1
      Modified Time: 1587
      Debug: Off
      Object Name: 
      Observers: 
        none
      Pointer: 0x14f06cae1010
      Container manages memory: true
      Size: 9830400
      Capacity: 9830400

     Weighting = 1
     Sampling strategy = regular
     Number of bins = 32
     Radius = 4
     Sampling percentage  = 0.25
   Transform = Affine
     Gradient step = 0.1
     Update field sigma (voxel space) = 0
     Total field sigma (voxel space) = 0
     Update field time sigma = 0
     Total field time sigma  = 0
     Number of time indices = 0
     Number of time point samples = 0
Registration using 1 total stages.

Stage 0
  iterations = 1000x500x250x100
  convergence threshold = 1e-06
  convergence window size = 10
  number of levels = 4
  using the Mattes MI metric (number of bins = 32, weight = 1, use gradient filter = 0)
  preprocessing:  winsorizing the image intensities
  Shrink factors (level 1 out of 4): [8, 8, 8]
  Shrink factors (level 2 out of 4): [4, 4, 4]
  Shrink factors (level 3 out of 4): [2, 2, 2]
  Shrink factors (level 4 out of 4): [1, 1, 1]
  smoothing sigmas per level: [3, 2, 1, 0]
  regular sampling (percentage = 0.25)

*** Running AffineTransform registration ***

DIAGNOSTIC,Iteration,metricValue,convergenceValue,ITERATION_TIME_INDEX,SINCE_LAST
 2DIAGNOSTIC,     1, -5.863684459538e-01, 1.797693134862e+308, 7.1708e-01, 7.1708e-01, 
 2DIAGNOSTIC,     2, -5.875907342972e-01, 1.797693134862e+308, 7.2264e-01, 5.5580e-03, 
 2DIAGNOSTIC,     3, -5.902255764143e-01, 1.797693134862e+308, 7.2858e-01, 5.9400e-03, 
 2DIAGNOSTIC,     4, -5.945720837047e-01, 1.797693134862e+308, 7.3423e-01, 5.6520e-03, 
 2DIAGNOSTIC,     5, -6.048136944604e-01, 1.797693134862e+308, 7.3951e-01, 5.2781e-03, 
 2DIAGNOSTIC,     6, -6.158977535946e-01, 1.797693134862e+308, 7.4546e-01, 5.9478e-03, 
 2DIAGNOSTIC,     7, -6.333279415215e-01, 1.797693134862e+308, 7.5085e-01, 5.3871e-03, 
 2DIAGNOSTIC,     8, -6.781326353452e-01, 1.797693134862e+308, 7.5811e-01, 7.2689e-03, 
 2DIAGNOSTIC,     9, -6.944640224234e-01, 1.797693134862e+308, 7.6821e-01, 1.0096e-02, 
 2DIAGNOSTIC,    10, -6.960691469355e-01, 1.288528132827e-02, 7.7398e-01, 5.7659e-03, 
 2DIAGNOSTIC,    11, -6.980905059396e-01, 1.263478142204e-02, 7.7931e-01, 5.3329e-03, 
 2DIAGNOSTIC,    12, -7.016737819512e-01, 1.147422641755e-02, 7.8522e-01, 5.9121e-03, 
 2DIAGNOSTIC,    13, -7.060112577406e-01, 9.685576215177e-03, 7.9140e-01, 6.1820e-03, 
 2DIAGNOSTIC,    14, -7.087893371318e-01, 7.509775127951e-03, 7.9785e-01, 6.4440e-03, 
 2DIAGNOSTIC,    15, -7.156294349928e-01, 5.474802969390e-03, 8.0588e-01, 8.0330e-03, 
 2DIAGNOSTIC,    16, -7.182591727834e-01, 3.591296926286e-03, 8.1244e-01, 6.5610e-03, 
 2DIAGNOSTIC,    17, -7.191115683726e-01, 2.053837187866e-03, 8.1888e-01, 6.4340e-03, 
 2DIAGNOSTIC,    18, -7.193298087917e-01, 1.572273398647e-03, 8.2431e-01, 5.4359e-03, 
 2DIAGNOSTIC,    19, -7.190387440690e-01, 1.359642135541e-03, 8.3114e-01, 6.8290e-03, 
 2DIAGNOSTIC,    20, -7.189788587623e-01, 1.075725282648e-03, 8.3838e-01, 7.2401e-03, 
 2DIAGNOSTIC,    21, -7.189578542417e-01, 7.597097195150e-04, 8.4460e-01, 6.2199e-03, 
 2DIAGNOSTIC,    22, -7.191871290900e-01, 4.765543903055e-04, 8.5018e-01, 5.5768e-03, 
 2DIAGNOSTIC,    23, -7.194389216806e-01, 2.596386453866e-04, 8.5578e-01, 5.5978e-03, 
 2DIAGNOSTIC,    24, -7.203870067753e-01, 1.001473310159e-04, 8.6590e-01, 1.0124e-02, 
 2DIAGNOSTIC,    25, -7.204089939882e-01, 5.827747677938e-05, 8.7228e-01, 6.3848e-03, 
 2DIAGNOSTIC,    26, -7.203201573103e-01, 5.501895784110e-05, 8.7807e-01, 5.7859e-03, 
 2DIAGNOSTIC,    27, -7.202366210878e-01, 5.885474022557e-05, 8.8436e-01, 6.2881e-03, 
 2DIAGNOSTIC,    28, -7.201465266032e-01, 5.888339890987e-05, 8.9039e-01, 6.0351e-03, 
 2DIAGNOSTIC,    29, -7.199569575081e-01, 4.643567641203e-05, 8.9588e-01, 5.4882e-03, 
 2DIAGNOSTIC,    30, -7.199731107983e-01, 3.007434242289e-05, 9.0286e-01, 6.9799e-03, 
 2DIAGNOSTIC,    31, -7.199855078660e-01, 1.209151645501e-05, 9.0854e-01, 5.6751e-03, 
DIAGNOSTIC,Iteration,metricValue,convergenceValue,ITERATION_TIME_INDEX,SINCE_LAST
 2DIAGNOSTIC,     1, -5.932052503957e-01, 1.797693134862e+308, 1.5769e+00, 6.6833e-01, 
 2DIAGNOSTIC,     2, -5.940457959559e-01, 1.797693134862e+308, 1.6193e+00, 4.2426e-02, 
 2DIAGNOSTIC,     3, -5.949064303852e-01, 1.797693134862e+308, 1.6562e+00, 3.6877e-02, 
 2DIAGNOSTIC,     4, -5.959838164051e-01, 1.797693134862e+308, 1.6916e+00, 3.5384e-02, 
 2DIAGNOSTIC,     5, -5.970619138771e-01, 1.797693134862e+308, 1.7275e+00, 3.5998e-02, 
 2DIAGNOSTIC,     6, -5.978913533370e-01, 1.797693134862e+308, 1.7632e+00, 3.5622e-02, 
 2DIAGNOSTIC,     7, -5.984956595103e-01, 1.797693134862e+308, 1.7987e+00, 3.5527e-02, 
 2DIAGNOSTIC,     8, -6.001009364542e-01, 1.797693134862e+308, 1.8540e+00, 5.5291e-02, 
 2DIAGNOSTIC,     9, -6.004142417408e-01, 1.797693134862e+308, 1.8898e+00, 3.5801e-02, 
 2DIAGNOSTIC,    10, -6.005570063093e-01, 8.536354096446e-04, 1.9336e+00, 4.3855e-02, 
 2DIAGNOSTIC,    11, -6.005641215496e-01, 6.983245954904e-04, 1.9885e+00, 5.4861e-02, 
 2DIAGNOSTIC,    12, -6.005584425445e-01, 5.394948867786e-04, 2.0276e+00, 3.9087e-02, 
 2DIAGNOSTIC,    13, -6.005522820607e-01, 3.868061794367e-04, 2.0625e+00, 3.4863e-02, 
 2DIAGNOSTIC,    14, -6.005483478769e-01, 2.567749867772e-04, 2.0985e+00, 3.6012e-02, 
 2DIAGNOSTIC,    15, -6.005481030684e-01, 1.552379468397e-04, 2.1498e+00, 5.1328e-02, 
 2DIAGNOSTIC,    16, -6.005500092291e-01, 7.726193597926e-05, 2.1891e+00, 3.9308e-02, 
 2DIAGNOSTIC,    17, -6.005419094648e-01, 1.709617017854e-05, 2.2286e+00, 3.9461e-02, 
 2DIAGNOSTIC,    18, -6.005238103462e-01, 3.908605251776e-06, 2.2639e+00, 3.5367e-02, 
DIAGNOSTIC,Iteration,metricValue,convergenceValue,ITERATION_TIME_INDEX,SINCE_LAST
 2DIAGNOSTIC,     1, -5.252838108722e-01, 1.797693134862e+308, 3.3582e+00, 1.0943e+00, 
 2DIAGNOSTIC,     2, -5.255571444830e-01, 1.797693134862e+308, 3.6231e+00, 2.6486e-01, 
 2DIAGNOSTIC,     3, -5.258695587600e-01, 1.797693134862e+308, 3.9485e+00, 3.2544e-01, 
 2DIAGNOSTIC,     4, -5.262520278203e-01, 1.797693134862e+308, 4.2659e+00, 3.1740e-01, 
 2DIAGNOSTIC,     5, -5.266753568761e-01, 1.797693134862e+308, 4.5716e+00, 3.0572e-01, 
 2DIAGNOSTIC,     6, -5.270673493773e-01, 1.797693134862e+308, 4.8600e+00, 2.8838e-01, 
