
##########################
# Experiment information #
##########################

EXPERIMENT_NAME: antsRegistration-r7-p11
VFC_BACKENDS: libinterflop_vprec.so --range-binary32=7 --precision-binary32=11 --range-binary64=7 --precision-binary64=11

SIF_IMG: /home/mdugre/projects/rrg-glatard/mdugre/containers/ants-vprec-no_metrics.simg

SUBJECT_ID: s017
INPUT_IMG: /home/mdugre/scratch/mri-registration-rp/datasets/ds004513/derivatives/mri-registration-rp/antsBrainExtraction/sub-s017/BrainExtractionBrain.nii.gz
OUTPUT_DIR: /home/mdugre/scratch/mri-registration-rp/datasets/ds004513/derivatives/mri-registration-rp/0001/antsRegistration-r7-p11/sub-s017

FIXED_IMG: /templateflow/tpl-MNI152NLin2009cAsym/tpl-MNI152NLin2009cAsym_res-01_desc-brain_T1w.nii.gz
DATA_DIR: /home/mdugre/scratch/mri-registration-rp/datasets/ds004513
TEMPLATEFLOW_DIR: /home/mdugre/projects/rrg-glatard/mdugre/templateflow
ITK_GLOBAL_DEFAULT_NUMBER_OF_THREADS: 16
##########################

Info [verificarlo]: loaded backend libinterflop_ieee.so
Info [interflop-ieee]: load backend with:
Info [interflop-ieee]: debug = false
Info [interflop-ieee]: debug-binary = false
Info [interflop-ieee]: no-backend-name = false
Info [interflop-ieee]: print-new-line = false
Info [interflop-ieee]: print-subnormal-normalized = false
Info [interflop-ieee]: count-op = false
All_Command_lines_OK
Using double precision for computations.
=============================================================================
The composite transform comprises the following transforms (in order): 
  1. Center of mass alignment using fixed image: /templateflow/tpl-MNI152NLin2009cAsym/tpl-MNI152NLin2009cAsym_res-01_desc-brain_T1w.nii.gz and moving image: /home/mdugre/scratch/mri-registration-rp/datasets/ds004513/derivatives/mri-registration-rp/antsBrainExtraction/sub-s017/BrainExtractionBrain.nii.gz (type = Euler3DTransform)
=============================================================================
  number of levels = 1
  fixed image: /templateflow/tpl-MNI152NLin2009cAsym/tpl-MNI152NLin2009cAsym_res-01_desc-brain_T1w.nii.gz
  moving image: /home/mdugre/scratch/mri-registration-rp/datasets/ds004513/derivatives/mri-registration-rp/antsBrainExtraction/sub-s017/BrainExtractionBrain.nii.gz
Dimension = 3
Number of stages = 1
Use histogram matching = false
Winsorize image intensities = true
  Lower quantile = 0.005
  Upper quantile = 0.995


Stage 1 State
   Image metric = MattesMI
     Fixed image = Image (0x361de70)
  RTTI typeinfo:   itk::Image<double, 3u>
  Reference Count: 2
  Modified Time: 2334
  Debug: Off
  Object Name: 
  Observers: 
    none
  Source: (none)
  Source output name: (none)
  Release Data: Off
  Data Released: False
  Global Release Data: Off
  PipelineMTime: 0
  UpdateMTime: 1943
  RealTimeStamp: 0 seconds 
  LargestPossibleRegion: 
    Dimension: 3
    Index: [0, 0, 0]
    Size: [193, 229, 193]
  BufferedRegion: 
    Dimension: 3
    Index: [0, 0, 0]
    Size: [193, 229, 193]
  RequestedRegion: 
    Dimension: 3
    Index: [0, 0, 0]
    Size: [193, 229, 193]
  Spacing: [1, 1, 1]
  Origin: [96, 132, -78]
  Direction: 
-1 0 0
0 -1 0
0 0 1

  IndexToPointMatrix: 
-1 0 0
0 -1 0
0 0 1

  PointToIndexMatrix: 
-1 0 0
0 -1 0
0 0 1

  Inverse Direction: 
-1 0 0
0 -1 0
0 0 1

  PixelContainer: 
    ImportImageContainer (0x3626c60)
      RTTI typeinfo:   itk::ImportImageContainer<unsigned long, double>
      Reference Count: 1
      Modified Time: 1940
      Debug: Off
      Object Name: 
      Observers: 
        none
      Pointer: 0x14cefb475010
      Container manages memory: true
      Size: 8530021
      Capacity: 8530021

     Moving image = Image (0x3629610)
  RTTI typeinfo:   itk::Image<double, 3u>
  Reference Count: 2
  Modified Time: 2335
  Debug: Off
  Object Name: 
  Observers: 
    none
  Source: (none)
  Source output name: (none)
  Release Data: Off
  Data Released: False
  Global Release Data: Off
  PipelineMTime: 0
  UpdateMTime: 2332
  RealTimeStamp: 0 seconds 
  LargestPossibleRegion: 
    Dimension: 3
    Index: [0, 0, 0]
    Size: [160, 240, 256]
  BufferedRegion: 
    Dimension: 3
    Index: [0, 0, 0]
    Size: [160, 240, 256]
  RequestedRegion: 
    Dimension: 3
    Index: [0, 0, 0]
    Size: [160, 240, 256]
  Spacing: [1, 1, 1]
  Origin: [91.3357, 102.231, -120.042]
  Direction: 
-0.997442 -5.36781e-05 -0.0714818
5.35416e-05 -1 3.82465e-06
-0.0714818 -1.23894e-08 0.997442

  IndexToPointMatrix: 
-0.997444 -5.36781e-05 -0.0714818
5.35418e-05 -1 3.82465e-06
-0.0714819 -1.23894e-08 0.997442

  PointToIndexMatrix: 
-0.99744 5.35415e-05 -0.0714816
-5.36781e-05 -1 -1.23894e-08
-0.0714818 3.82465e-06 0.997442

  Inverse Direction: 
-0.997442 5.35416e-05 -0.0714818
-5.36781e-05 -1 -1.23894e-08
-0.0714818 3.82465e-06 0.997442

  PixelContainer: 
    ImportImageContainer (0x36c2ef0)
      RTTI typeinfo:   itk::ImportImageContainer<unsigned long, double>
      Reference Count: 1
      Modified Time: 2329
      Debug: Off
      Object Name: 
      Observers: 
        none
      Pointer: 0x14cef6974010
      Container manages memory: true
      Size: 9830400
      Capacity: 9830400

     Weighting = 1
     Sampling strategy = regular
     Number of bins = 32
     Radius = 4
     Sampling percentage  = 0.25
   Transform = Rigid
     Gradient step = 0.1
     Update field sigma (voxel space) = 0
     Total field sigma (voxel space) = 0
     Update field time sigma = 0
     Total field time sigma  = 0
     Number of time indices = 0
     Number of time point samples = 0
Registration using 1 total stages.

Stage 0
  iterations = 0
  convergence threshold = 1e-06
  convergence window size = 10
  number of levels = 1
  using the Mattes MI metric (number of bins = 32, weight = 1, use gradient filter = 0)
  preprocessing:  winsorizing the image intensities
  Shrink factors (level 1 out of 1): [1, 1, 1]
  smoothing sigmas per level: [0]
  regular sampling (percentage = 0.25)

*** Running Euler3DTransform registration ***

  Elapsed time (stage 0): 1.1208


Total elapsed time: 1.12488
Info [verificarlo]: loaded backend libinterflop_ieee.so
Info [interflop-ieee]: load backend with:
Info [interflop-ieee]: debug = false
Info [interflop-ieee]: debug-binary = false
Info [interflop-ieee]: no-backend-name = false
Info [interflop-ieee]: print-new-line = false
Info [interflop-ieee]: print-subnormal-normalized = false
Info [interflop-ieee]: count-op = false
All_Command_lines_OK
Using double precision for computations.
=============================================================================
The composite transform comprises the following transforms (in order): 
  1. /home/mdugre/scratch/mri-registration-rp/datasets/ds004513/derivatives/mri-registration-rp/0001/antsRegistration-r7-p11/sub-s017/align_Composite.h5[0] (type = Euler3DTransform)
  2. /home/mdugre/scratch/mri-registration-rp/datasets/ds004513/derivatives/mri-registration-rp/0001/antsRegistration-r7-p11/sub-s017/align_Composite.h5[1] (type = Euler3DTransform)
=============================================================================
  number of levels = 4
  fixed image: /templateflow/tpl-MNI152NLin2009cAsym/tpl-MNI152NLin2009cAsym_res-01_desc-brain_T1w.nii.gz
  moving image: /home/mdugre/scratch/mri-registration-rp/datasets/ds004513/derivatives/mri-registration-rp/antsBrainExtraction/sub-s017/BrainExtractionBrain.nii.gz
Dimension = 3
Number of stages = 1
Use histogram matching = false
Winsorize image intensities = true
  Lower quantile = 0.005
  Upper quantile = 0.995


Stage 1 State
   Image metric = MattesMI
     Fixed image = Image (0x43da530)
  RTTI typeinfo:   itk::Image<double, 3u>
  Reference Count: 2
  Modified Time: 1580
  Debug: Off
  Object Name: 
  Observers: 
    none
  Source: (none)
  Source output name: (none)
  Release Data: Off
  Data Released: False
  Global Release Data: Off
  PipelineMTime: 0
  UpdateMTime: 1189
  RealTimeStamp: 0 seconds 
  LargestPossibleRegion: 
    Dimension: 3
    Index: [0, 0, 0]
    Size: [193, 229, 193]
  BufferedRegion: 
    Dimension: 3
    Index: [0, 0, 0]
    Size: [193, 229, 193]
  RequestedRegion: 
    Dimension: 3
    Index: [0, 0, 0]
    Size: [193, 229, 193]
  Spacing: [1, 1, 1]
  Origin: [96, 132, -78]
  Direction: 
-1 0 0
0 -1 0
0 0 1

  IndexToPointMatrix: 
-1 0 0
0 -1 0
0 0 1

  PointToIndexMatrix: 
-1 0 0
0 -1 0
0 0 1

  Inverse Direction: 
-1 0 0
0 -1 0
0 0 1

  PixelContainer: 
    ImportImageContainer (0x4498d60)
      RTTI typeinfo:   itk::ImportImageContainer<unsigned long, double>
      Reference Count: 1
      Modified Time: 1186
      Debug: Off
      Object Name: 
      Observers: 
        none
      Pointer: 0x14e52bea7010
      Container manages memory: true
      Size: 8530021
      Capacity: 8530021

     Moving image = Image (0x448af60)
  RTTI typeinfo:   itk::Image<double, 3u>
  Reference Count: 2
  Modified Time: 1581
  Debug: Off
  Object Name: 
  Observers: 
    none
  Source: (none)
  Source output name: (none)
  Release Data: Off
  Data Released: False
  Global Release Data: Off
  PipelineMTime: 0
  UpdateMTime: 1578
  RealTimeStamp: 0 seconds 
  LargestPossibleRegion: 
    Dimension: 3
    Index: [0, 0, 0]
    Size: [160, 240, 256]
  BufferedRegion: 
    Dimension: 3
    Index: [0, 0, 0]
    Size: [160, 240, 256]
  RequestedRegion: 
    Dimension: 3
    Index: [0, 0, 0]
    Size: [160, 240, 256]
  Spacing: [1, 1, 1]
  Origin: [91.3357, 102.231, -120.042]
  Direction: 
-0.997442 -5.36781e-05 -0.0714818
5.35416e-05 -1 3.82465e-06
-0.0714818 -1.23894e-08 0.997442

  IndexToPointMatrix: 
-0.997444 -5.36781e-05 -0.0714818
5.35418e-05 -1 3.82465e-06
-0.0714819 -1.23894e-08 0.997442

  PointToIndexMatrix: 
-0.99744 5.35415e-05 -0.0714816
-5.36781e-05 -1 -1.23894e-08
-0.0714818 3.82465e-06 0.997442

  Inverse Direction: 
-0.997442 5.35416e-05 -0.0714818
-5.36781e-05 -1 -1.23894e-08
-0.0714818 3.82465e-06 0.997442

  PixelContainer: 
    ImportImageContainer (0x447c6d0)
      RTTI typeinfo:   itk::ImportImageContainer<unsigned long, double>
      Reference Count: 1
      Modified Time: 1575
      Debug: Off
      Object Name: 
      Observers: 
        none
      Pointer: 0x14e5273a6010
      Container manages memory: true
      Size: 9830400
      Capacity: 9830400

     Weighting = 1
     Sampling strategy = regular
     Number of bins = 32
     Radius = 4
     Sampling percentage  = 0.25
   Transform = Rigid
     Gradient step = 0.1
     Update field sigma (voxel space) = 0
     Total field sigma (voxel space) = 0
     Update field time sigma = 0
     Total field time sigma  = 0
     Number of time indices = 0
     Number of time point samples = 0
Registration using 1 total stages.

Stage 0
  iterations = 1000x500x250x100
  convergence threshold = 1e-06
  convergence window size = 10
  number of levels = 4
  using the Mattes MI metric (number of bins = 32, weight = 1, use gradient filter = 0)
  preprocessing:  winsorizing the image intensities
  Shrink factors (level 1 out of 4): [8, 8, 8]
  Shrink factors (level 2 out of 4): [4, 4, 4]
  Shrink factors (level 3 out of 4): [2, 2, 2]
  Shrink factors (level 4 out of 4): [1, 1, 1]
  smoothing sigmas per level: [3, 2, 1, 0]
  regular sampling (percentage = 0.25)

*** Running Euler3DTransform registration ***

DIAGNOSTIC,Iteration,metricValue,convergenceValue,ITERATION_TIME_INDEX,SINCE_LAST
 2DIAGNOSTIC,     1, -5.567767283252e-01, 1.797693134862e+308, 9.0204e-01, 9.0204e-01, 
 2DIAGNOSTIC,     2, -5.584239703569e-01, 1.797693134862e+308, 9.0706e-01, 5.0161e-03, 
 2DIAGNOSTIC,     3, -5.612715515272e-01, 1.797693134862e+308, 9.1158e-01, 4.5180e-03, 
 2DIAGNOSTIC,     4, -5.637780194106e-01, 1.797693134862e+308, 9.1592e-01, 4.3380e-03, 
 2DIAGNOSTIC,     5, -5.658229214212e-01, 1.797693134862e+308, 9.2046e-01, 4.5462e-03, 
 2DIAGNOSTIC,     6, -5.696445468689e-01, 1.797693134862e+308, 9.2501e-01, 4.5440e-03, 
 2DIAGNOSTIC,     7, -5.734118275242e-01, 1.797693134862e+308, 9.2934e-01, 4.3309e-03, 
 2DIAGNOSTIC,     8, -5.754533484979e-01, 1.797693134862e+308, 9.3559e-01, 6.2490e-03, 
 2DIAGNOSTIC,     9, -5.763021950250e-01, 1.797693134862e+308, 9.3981e-01, 4.2219e-03, 
 2DIAGNOSTIC,    10, -5.771142770255e-01, 2.558085388189e-03, 9.4569e-01, 5.8801e-03, 
 2DIAGNOSTIC,    11, -5.785125587612e-01, 2.176117873031e-03, 9.5012e-01, 4.4348e-03, 
 2DIAGNOSTIC,    12, -5.799413348090e-01, 1.786767970983e-03, 9.5514e-01, 5.0180e-03, 
 2DIAGNOSTIC,    13, -5.809477908980e-01, 1.443124036835e-03, 9.6016e-01, 5.0240e-03, 
 2DIAGNOSTIC,    14, -5.814655964876e-01, 1.127354078216e-03, 9.6462e-01, 4.4560e-03, 
 2DIAGNOSTIC,    15, -5.819093877219e-01, 8.331089413527e-04, 9.6970e-01, 5.0769e-03, 
 2DIAGNOSTIC,    16, -5.822326442998e-01, 6.258215683233e-04, 9.7491e-01, 5.2171e-03, 
 2DIAGNOSTIC,    17, -5.825793599843e-01, 5.040365830240e-04, 9.7947e-01, 4.5528e-03, 
 2DIAGNOSTIC,    18, -5.863713925916e-01, 5.095725576653e-04, 9.8426e-01, 4.7972e-03, 
 2DIAGNOSTIC,    19, -5.901617810168e-01, 5.855607354920e-04, 9.9221e-01, 7.9470e-03, 
 2DIAGNOSTIC,    20, -5.906016223816e-01, 6.286272500326e-04, 9.9789e-01, 5.6801e-03, 
 2DIAGNOSTIC,    21, -5.907365705867e-01, 6.467002963858e-04, 1.0028e+00, 4.9300e-03, 
 2DIAGNOSTIC,    22, -5.906256574995e-01, 6.330265936403e-04, 1.0078e+00, 4.9880e-03, 
 2DIAGNOSTIC,    23, -5.906307681711e-01, 5.816453055201e-04, 1.0124e+00, 4.5629e-03, 
 2DIAGNOSTIC,    24, -5.905636622011e-01, 4.878472529244e-04, 1.0169e+00, 4.5381e-03, 
 2DIAGNOSTIC,    25, -5.906024985370e-01, 3.662279783978e-04, 1.0220e+00, 5.0869e-03, 
 2DIAGNOSTIC,    26, -5.906025304325e-01, 2.276984665088e-04, 1.0265e+00, 4.5249e-03, 
 2DIAGNOSTIC,    27, -5.906211320574e-01, 8.394584288865e-05, 1.0309e+00, 4.3530e-03, 
 2DIAGNOSTIC,    28, -5.908796758314e-01, 1.198925031262e-05, 1.0353e+00, 4.4382e-03, 
 2DIAGNOSTIC,    29, -5.911411552396e-01, 1.217108543305e-05, 1.0403e+00, 4.9889e-03, 
 2DIAGNOSTIC,    30, -5.915241330963e-01, 2.456301684527e-05, 1.0471e+00, 6.7780e-03, 
 2DIAGNOSTIC,    31, -5.916229825992e-01, 3.758205306111e-05, 1.0514e+00, 4.3540e-03, 
 2DIAGNOSTIC,    32, -5.916651208816e-01, 4.532975448902e-05, 1.0558e+00, 4.4150e-03, 
 2DIAGNOSTIC,    33, -5.916874987632e-01, 4.885284294311e-05, 1.0602e+00, 4.3199e-03, 
 2DIAGNOSTIC,    34, -5.917053822200e-01, 4.682712858447e-05, 1.0651e+00, 4.9059e-03, 
 2DIAGNOSTIC,    35, -5.917390904868e-01, 4.153275817086e-05, 1.0771e+00, 1.2023e-02, 
 2DIAGNOSTIC,    36, -5.917390912695e-01, 3.272086429215e-05, 1.0815e+00, 4.4372e-03, 
 2DIAGNOSTIC,    37, -5.917391070342e-01, 2.163060314719e-05, 1.0858e+00, 4.2739e-03, 
 2DIAGNOSTIC,    38, -5.917391330930e-01, 1.245673595301e-05, 1.0902e+00, 4.4000e-03, 
 2DIAGNOSTIC,    39, -5.917391754735e-01, 5.801896390337e-06, 1.1571e+00, 6.6896e-02, 
 2DIAGNOSTIC,    40, -5.917392424312e-01, 3.643428653635e-06, 1.1617e+00, 4.6232e-03, 
 2DIAGNOSTIC,    41, -5.917393428829e-01, 2.487109300047e-06, 1.1664e+00, 4.6320e-03, 
 2DIAGNOSTIC,    42, -5.917394845335e-01, 1.715730318319e-06, 1.1712e+00, 4.8270e-03, 
 2DIAGNOSTIC,    43, -5.917396625587e-01, 1.144189315259e-06, 1.1758e+00, 4.6060e-03, 
DIAGNOSTIC,Iteration,metricValue,convergenceValue,ITERATION_TIME_INDEX,SINCE_LAST
 2DIAGNOSTIC,     1, -4.784004501426e-01, 1.797693134862e+308, 1.9894e+00, 8.1363e-01, 
 2DIAGNOSTIC,     2, -4.783999131495e-01, 1.797693134862e+308, 2.0181e+00, 2.8686e-02, 
 2DIAGNOSTIC,     3, -4.784190365432e-01, 1.797693134862e+308, 2.0515e+00, 3.3417e-02, 
 2DIAGNOSTIC,     4, -4.785028756518e-01, 1.797693134862e+308, 2.0799e+00, 2.8338e-02, 
 2DIAGNOSTIC,     5, -4.786647485438e-01, 1.797693134862e+308, 2.1075e+00, 2.7593e-02, 
 2DIAGNOSTIC,     6, -4.788099932967e-01, 1.797693134862e+308, 2.1352e+00, 2.7734e-02, 
 2DIAGNOSTIC,     7, -4.794645847226e-01, 1.797693134862e+308, 2.1651e+00, 2.9893e-02, 
 2DIAGNOSTIC,     8, -4.813619171760e-01, 1.797693134862e+308, 2.2054e+00, 4.0362e-02, 
 2DIAGNOSTIC,     9, -4.817935635331e-01, 1.797693134862e+308, 2.2374e+00, 3.1962e-02, 
 2DIAGNOSTIC,    10, -4.822647496879e-01, 5.583367503324e-04, 2.2653e+00, 2.7898e-02, 
 2DIAGNOSTIC,    11, -4.831344909909e-01, 6.366384573384e-04, 2.2959e+00, 3.0586e-02, 
 2DIAGNOSTIC,    12, -4.835768992608e-01, 6.653898034956e-04, 2.3411e+00, 4.5222e-02, 
 2DIAGNOSTIC,    13, -4.835677565331e-01, 6.290342969312e-04, 2.3752e+00, 3.4075e-02, 
 2DIAGNOSTIC,    14, -4.835733047848e-01, 5.452729208350e-04, 2.4129e+00, 3.7747e-02, 
 2DIAGNOSTIC,    15, -4.835701547259e-01, 4.305772096629e-04, 2.4440e+00, 3.1046e-02, 
 2DIAGNOSTIC,    16, -4.835566913013e-01, 2.956272804792e-04, 2.4758e+00, 3.1786e-02, 
 2DIAGNOSTIC,    17, -4.835523104094e-01, 1.703980275864e-04, 2.5069e+00, 3.1125e-02, 
 2DIAGNOSTIC,    18, -4.835483887838e-01, 1.058854946609e-04, 2.5387e+00, 3.1789e-02, 
 2DIAGNOSTIC,    19, -4.835469915475e-01, 5.203914179060e-05, 2.5709e+00, 3.2196e-02, 
 2DIAGNOSTIC,    20, -4.835401827380e-01, 1.204163299604e-05, 2.6065e+00, 3.5581e-02, 
DIAGNOSTIC,Iteration,metricValue,convergenceValue,ITERATION_TIME_INDEX,SINCE_LAST
 2DIAGNOSTIC,     1, -4.161561167868e-01, 1.797693134862e+308, 3.8943e+00, 1.2878e+00, 
 2DIAGNOSTIC,     2, -4.161756893439e-01, 1.797693134862e+308, 4.2908e+00, 3.9654e-01, 
 2DIAGNOSTIC,     3, -4.161696114509e-01, 1.797693134862e+308, 4.6071e+00, 3.1625e-01, 
 2DIAGNOSTIC,     4, -4.161681503553e-01, 1.797693134862e+308, 5.0596e+00, 4.5259e-01, 
 2DIAGNOSTIC,     5, -4.161678896603e-01, 1.797693134862e+308, 5.3395e+00, 2.7983e-01, 
 2DIAGNOSTIC,     6, -4.161669123585e-01, 1.797693134862e+308, 5.6315e+00, 2.9199e-01, 
 2DIAGNOSTIC,     7, -4.161667485644e-01, 1.797693134862e+308, 5.9179e+00, 2.8646e-01, 
 2DIAGNOSTIC,     8, -4.161656816016e-01, 1.797693134862e+308, 6.1619e+00, 2.4397e-01, 
 2DIAGNOSTIC,     9, -4.161650043539e-01, 1.797693134862e+308, 6.4493e+00, 2.8739e-01, 
 2DIAGNOSTIC,    10, -4.161655463815e-01, 2.943366651825e-06, 6.7899e+00, 3.4063e-01, 
 2DIAGNOSTIC,    11, -4.161636420995e-01, 1.720591501941e-06, 7.0451e+00, 2.5514e-01, 
 2DIAGNOSTIC,    12, -4.161624970809e-01, 1.867462473062e-06, 7.3992e+00, 3.5418e-01, 
 2DIAGNOSTIC,    13, -4.161615819745e-01, 1.698398058608e-06, 7.7156e+00, 3.1635e-01, 
 2DIAGNOSTIC,    14, -4.161624603296e-01, 1.592444846127e-06, 8.0570e+00, 3.4143e-01, 
 2DIAGNOSTIC,    15, -4.161620529815e-01, 1.530180438719e-06, 8.3559e+00, 2.9888e-01, 
 2DIAGNOSTIC,    16, -4.161603835107e-01, 1.417836920994e-06, 8.6483e+00, 2.9235e-01, 
 2DIAGNOSTIC,    17, -4.161625251483e-01, 1.455414123087e-06, 8.9558e+00, 3.0758e-01, 
 2DIAGNOSTIC,    18, -4.161617349627e-01, 1.453854866842e-06, 9.1853e+00, 2.2942e-01, 
 2DIAGNOSTIC,    19, -4.161656140595e-01, 1.594928507459e-06, 9.4844e+00, 2.9916e-01, 
 2DIAGNOSTIC,    20, -4.161678254532e-01, 1.821576331822e-06, 9.8531e+00, 3.6874e-01, 
 2DIAGNOSTIC,    21, -4.161672172262e-01, 1.924327029251e-06, 1.0169e+01, 3.1556e-01, 
 2DIAGNOSTIC,    22, -4.161665846125e-01, 1.927748313410e-06, 1.0385e+01, 2.1637e-01, 
 2DIAGNOSTIC,    23, -4.161660793968e-01, 1.843028036852e-06, 1.0642e+01, 2.5672e-01, 
 2DIAGNOSTIC,    24, -4.161655365535e-01, 1.730448869815e-06, 1.0900e+01, 2.5810e-01, 
 2DIAGNOSTIC,    25, -4.161651834948e-01, 1.568353735014e-06, 1.1121e+01, 2.2071e-01, 
 2DIAGNOSTIC,    26, -4.161660037667e-01, 1.368374529596e-06, 1.1380e+01, 2.5944e-01, 
 2DIAGNOSTIC,    27, -4.161651045497e-01, 1.203105048905e-06, 1.1649e+01, 2.6917e-01, 
 2DIAGNOSTIC,    28, -4.161679884899e-01, 1.097088637977e-06, 1.1956e+01, 3.0723e-01, 
 2DIAGNOSTIC,    29, -4.161710849648e-01, 1.162831212424e-06, 1.2268e+01, 3.1200e-01, 
 2DIAGNOSTIC,    30, -4.161703640306e-01, 1.250475686311e-06, 1.2572e+01, 3.0390e-01, 
 2DIAGNOSTIC,    31, -4.161708142912e-01, 1.313167803711e-06, 1.2860e+01, 2.8734e-01, 
 2DIAGNOSTIC,    32, -4.161710089265e-01, 1.336085263266e-06, 1.3097e+01, 2.3757e-01, 
 2DIAGNOSTIC,    33, -4.161749613450e-01, 1.395595229596e-06, 1.3390e+01, 2.9260e-01, 
 2DIAGNOSTIC,    34, -4.161777487507e-01, 1.452526300311e-06, 1.3639e+01, 2.4884e-01, 
 2DIAGNOSTIC,    35, -4.161792220180e-01, 1.478601724753e-06, 1.3892e+01, 2.5323e-01, 
 2DIAGNOSTIC,    36, -4.161806859651e-01, 1.495439437574e-06, 1.4155e+01, 2.6352e-01, 
 2DIAGNOSTIC,    37, -4.161791778428e-01, 1.407680692681e-06, 1.4411e+01, 2.5541e-01, 
 2DIAGNOSTIC,    38, -4.161838486870e-01, 1.406626902636e-06, 1.4799e+01, 3.8767e-01, 
 2DIAGNOSTIC,    39, -4.161849953104e-01, 1.422742208740e-06, 1.5128e+01, 3.2936e-01, 
 2DIAGNOSTIC,    40, -4.161860914894e-01, 1.386764666274e-06, 1.5522e+01, 3.9455e-01, 
 2DIAGNOSTIC,    41, -4.161854987580e-01, 1.295749605067e-06, 1.5809e+01, 2.8674e-01, 
 2DIAGNOSTIC,    42, -4.161840259992e-01, 1.138573363379e-06, 1.6081e+01, 2.7153e-01, 
 2DIAGNOSTIC,    43, -4.161834049864e-01, 1.004201847524e-06, 1.6346e+01, 2.6488e-01, 
DIAGNOSTIC,Iteration,metricValue,convergenceValue,ITERATION_TIME_INDEX,SINCE_LAST
 2DIAGNOSTIC,     1, -3.834265912370e-01, 1.797693134862e+308, 1.9043e+01, 2.6971e+00, 
 2DIAGNOSTIC,     2, -3.834925053377e-01, 1.797693134862e+308, 2.0605e+01, 1.5621e+00, 
 2DIAGNOSTIC,     3, -3.834978116505e-01, 1.797693134862e+308, 2.2168e+01, 1.5633e+00, 
 2DIAGNOSTIC,     4, -3.835004127748e-01, 1.797693134862e+308, 2.3800e+01, 1.6317e+00, 
 2DIAGNOSTIC,     5, -3.835019582520e-01, 1.797693134862e+308, 2.5436e+01, 1.6364e+00, 
 2DIAGNOSTIC,     6, -3.835049957428e-01, 1.797693134862e+308, 2.7212e+01, 1.7756e+00, 
 2DIAGNOSTIC,     7, -3.835058343727e-01, 1.797693134862e+308, 2.8968e+01, 1.7564e+00, 
 2DIAGNOSTIC,     8, -3.835066498258e-01, 1.797693134862e+308, 3.0909e+01, 1.9412e+00, 
 2DIAGNOSTIC,     9, -3.835062955326e-01, 1.797693134862e+308, 3.2717e+01, 1.8075e+00, 
 2DIAGNOSTIC,    10, -3.835063109000e-01, 1.066660699513e-05, 3.4455e+01, 1.7385e+00, 
 2DIAGNOSTIC,    11, -3.835061571794e-01, 4.747040371511e-06, 3.6779e+01, 2.3235e+00, 
 2DIAGNOSTIC,    12, -3.835060832653e-01, 3.706200384521e-06, 3.8208e+01, 1.4288e+00, 
 2DIAGNOSTIC,    13, -3.835060190724e-01, 3.027825959762e-06, 3.9872e+01, 1.6645e+00, 
 2DIAGNOSTIC,    14, -3.835058638482e-01, 2.523466998264e-06, 4.1405e+01, 1.5328e+00, 
 2DIAGNOSTIC,    15, -3.835058006967e-01, 2.133709224292e-06, 4.3012e+01, 1.6067e+00, 
 2DIAGNOSTIC,    16, -3.835056463974e-01, 1.924177710860e-06, 4.5070e+01, 2.0587e+00, 
 2DIAGNOSTIC,    17, -3.835054775132e-01, 1.773328553674e-06, 4.6772e+01, 1.7015e+00, 
 2DIAGNOSTIC,    18, -3.835053086125e-01, 1.675385374898e-06, 4.8194e+01, 1.4221e+00, 
 2DIAGNOSTIC,    19, -3.835051448147e-01, 1.576051815749e-06, 4.9590e+01, 1.3959e+00, 
 2DIAGNOSTIC,    20, -3.835051658769e-01, 1.497295072123e-06, 5.1083e+01, 1.4935e+00, 
 2DIAGNOSTIC,    21, -3.835053779578e-01, 1.436675312209e-06, 5.2713e+01, 1.6302e+00, 
 2DIAGNOSTIC,    22, -3.835055901418e-01, 1.393331720334e-06, 5.4333e+01, 1.6195e+00, 
 2DIAGNOSTIC,    23, -3.835055251009e-01, 1.354581541810e-06, 5.5957e+01, 1.6238e+00, 
 2DIAGNOSTIC,    24, -3.835054518288e-01, 1.314933130110e-06, 5.7499e+01, 1.5421e+00, 
 2DIAGNOSTIC,    25, -3.835053813428e-01, 1.275595340570e-06, 5.9172e+01, 1.6735e+00, 
 2DIAGNOSTIC,    26, -3.835053141622e-01, 1.232550094314e-06, 6.0540e+01, 1.3681e+00, 
 2DIAGNOSTIC,    27, -3.835053494680e-01, 1.188143192311e-06, 6.1997e+01, 1.4561e+00, 
 2DIAGNOSTIC,    28, -3.835054089359e-01, 1.143229097708e-06, 6.3582e+01, 1.5850e+00, 
 2DIAGNOSTIC,    29, -3.835055814684e-01, 1.101082727023e-06, 6.5068e+01, 1.4870e+00, 
 2DIAGNOSTIC,    30, -3.835053714647e-01, 1.056523025088e-06, 6.7327e+01, 2.2581e+00, 
 2DIAGNOSTIC,    31, -3.835053052294e-01, 1.018740038689e-06, 6.9006e+01, 1.6797e+00, 
  Elapsed time (stage 0): 6.9949e+01


Total elapsed time: 6.9955e+01
Info [verificarlo]: loaded backend libinterflop_ieee.so
Info [interflop-ieee]: load backend with:
Info [interflop-ieee]: debug = false
Info [interflop-ieee]: debug-binary = false
Info [interflop-ieee]: no-backend-name = false
Info [interflop-ieee]: print-new-line = false
Info [interflop-ieee]: print-subnormal-normalized = false
Info [interflop-ieee]: count-op = false
All_Command_lines_OK
Using double precision for computations.
=============================================================================
The composite transform comprises the following transforms (in order): 
  1. /home/mdugre/scratch/mri-registration-rp/datasets/ds004513/derivatives/mri-registration-rp/0001/antsRegistration-r7-p11/sub-s017/rigid_Composite.h5[0] (type = Euler3DTransform)
  2. /home/mdugre/scratch/mri-registration-rp/datasets/ds004513/derivatives/mri-registration-rp/0001/antsRegistration-r7-p11/sub-s017/rigid_Composite.h5[1] (type = Euler3DTransform)
  3. /home/mdugre/scratch/mri-registration-rp/datasets/ds004513/derivatives/mri-registration-rp/0001/antsRegistration-r7-p11/sub-s017/rigid_Composite.h5[2] (type = Euler3DTransform)
=============================================================================
  number of levels = 4
  fixed image: /templateflow/tpl-MNI152NLin2009cAsym/tpl-MNI152NLin2009cAsym_res-01_desc-brain_T1w.nii.gz
  moving image: /home/mdugre/scratch/mri-registration-rp/datasets/ds004513/derivatives/mri-registration-rp/antsBrainExtraction/sub-s017/BrainExtractionBrain.nii.gz
Dimension = 3
Number of stages = 1
Use histogram matching = false
Winsorize image intensities = true
  Lower quantile = 0.005
  Upper quantile = 0.995


Stage 1 State
   Image metric = MattesMI
     Fixed image = Image (0x3bee7e0)
  RTTI typeinfo:   itk::Image<double, 3u>
  Reference Count: 2
  Modified Time: 1594
  Debug: Off
  Object Name: 
  Observers: 
    none
  Source: (none)
  Source output name: (none)
  Release Data: Off
  Data Released: False
  Global Release Data: Off
  PipelineMTime: 0
  UpdateMTime: 1203
  RealTimeStamp: 0 seconds 
  LargestPossibleRegion: 
    Dimension: 3
    Index: [0, 0, 0]
    Size: [193, 229, 193]
  BufferedRegion: 
    Dimension: 3
    Index: [0, 0, 0]
    Size: [193, 229, 193]
  RequestedRegion: 
    Dimension: 3
    Index: [0, 0, 0]
    Size: [193, 229, 193]
  Spacing: [1, 1, 1]
  Origin: [96, 132, -78]
  Direction: 
-1 0 0
0 -1 0
0 0 1

  IndexToPointMatrix: 
-1 0 0
0 -1 0
0 0 1

  PointToIndexMatrix: 
-1 0 0
0 -1 0
0 0 1

  Inverse Direction: 
-1 0 0
0 -1 0
0 0 1

  PixelContainer: 
    ImportImageContainer (0x3caea20)
      RTTI typeinfo:   itk::ImportImageContainer<unsigned long, double>
      Reference Count: 1
      Modified Time: 1200
      Debug: Off
      Object Name: 
      Observers: 
        none
      Pointer: 0x153148347010
      Container manages memory: true
      Size: 8530021
      Capacity: 8530021

     Moving image = Image (0x3ca9d70)
  RTTI typeinfo:   itk::Image<double, 3u>
  Reference Count: 2
  Modified Time: 1595
  Debug: Off
  Object Name: 
  Observers: 
    none
  Source: (none)
  Source output name: (none)
  Release Data: Off
  Data Released: False
  Global Release Data: Off
  PipelineMTime: 0
  UpdateMTime: 1592
  RealTimeStamp: 0 seconds 
  LargestPossibleRegion: 
    Dimension: 3
    Index: [0, 0, 0]
    Size: [160, 240, 256]
  BufferedRegion: 
    Dimension: 3
    Index: [0, 0, 0]
    Size: [160, 240, 256]
  RequestedRegion: 
    Dimension: 3
    Index: [0, 0, 0]
    Size: [160, 240, 256]
  Spacing: [1, 1, 1]
  Origin: [91.3357, 102.231, -120.042]
  Direction: 
-0.997442 -5.36781e-05 -0.0714818
5.35416e-05 -1 3.82465e-06
-0.0714818 -1.23894e-08 0.997442

  IndexToPointMatrix: 
-0.997444 -5.36781e-05 -0.0714818
5.35418e-05 -1 3.82465e-06
-0.0714819 -1.23894e-08 0.997442

  PointToIndexMatrix: 
-0.99744 5.35415e-05 -0.0714816
-5.36781e-05 -1 -1.23894e-08
-0.0714818 3.82465e-06 0.997442

  Inverse Direction: 
-0.997442 5.35416e-05 -0.0714818
-5.36781e-05 -1 -1.23894e-08
-0.0714818 3.82465e-06 0.997442

  PixelContainer: 
    ImportImageContainer (0x3c61c90)
      RTTI typeinfo:   itk::ImportImageContainer<unsigned long, double>
      Reference Count: 1
      Modified Time: 1589
      Debug: Off
      Object Name: 
      Observers: 
        none
      Pointer: 0x153143846010
      Container manages memory: true
      Size: 9830400
      Capacity: 9830400

     Weighting = 1
     Sampling strategy = regular
     Number of bins = 32
     Radius = 4
     Sampling percentage  = 0.25
   Transform = Affine
     Gradient step = 0.1
     Update field sigma (voxel space) = 0
     Total field sigma (voxel space) = 0
     Update field time sigma = 0
     Total field time sigma  = 0
     Number of time indices = 0
     Number of time point samples = 0
Registration using 1 total stages.

Stage 0
  iterations = 1000x500x250x100
  convergence threshold = 1e-06
  convergence window size = 10
  number of levels = 4
  using the Mattes MI metric (number of bins = 32, weight = 1, use gradient filter = 0)
  preprocessing:  winsorizing the image intensities
  Shrink factors (level 1 out of 4): [8, 8, 8]
  Shrink factors (level 2 out of 4): [4, 4, 4]
  Shrink factors (level 3 out of 4): [2, 2, 2]
  Shrink factors (level 4 out of 4): [1, 1, 1]
  smoothing sigmas per level: [3, 2, 1, 0]
  regular sampling (percentage = 0.25)

*** Running AffineTransform registration ***

DIAGNOSTIC,Iteration,metricValue,convergenceValue,ITERATION_TIME_INDEX,SINCE_LAST
 2DIAGNOSTIC,     1, -5.806290998379e-01, 1.797693134862e+308, 7.6844e-01, 7.6844e-01, 
 2DIAGNOSTIC,     2, -5.832407507880e-01, 1.797693134862e+308, 7.7438e-01, 5.9450e-03, 
 2DIAGNOSTIC,     3, -5.883921006313e-01, 1.797693134862e+308, 7.7881e-01, 4.4260e-03, 
 2DIAGNOSTIC,     4, -5.973582021255e-01, 1.797693134862e+308, 7.8332e-01, 4.5099e-03, 
 2DIAGNOSTIC,     5, -6.166279650796e-01, 1.797693134862e+308, 7.8774e-01, 4.4200e-03, 
 2DIAGNOSTIC,     6, -6.406440243319e-01, 1.797693134862e+308, 7.9224e-01, 4.5021e-03, 
 2DIAGNOSTIC,     7, -7.009864251678e-01, 1.797693134862e+308, 7.9710e-01, 4.8568e-03, 
 2DIAGNOSTIC,     8, -7.630482507548e-01, 1.797693134862e+308, 8.0188e-01, 4.7851e-03, 
 2DIAGNOSTIC,     9, -8.423469023555e-01, 1.797693134862e+308, 8.0928e-01, 7.3938e-03, 
 2DIAGNOSTIC,    10, -8.569694548702e-01, 2.845116127628e-02, 8.1443e-01, 5.1541e-03, 
 2DIAGNOSTIC,    11, -8.701917121470e-01, 2.871708893784e-02, 8.2009e-01, 5.6589e-03, 
 2DIAGNOSTIC,    12, -8.814645614925e-01, 2.683607374048e-02, 8.5680e-01, 3.6709e-02, 
 2DIAGNOSTIC,    13, -8.822368118359e-01, 2.307206285828e-02, 8.6182e-01, 5.0230e-03, 
 2DIAGNOSTIC,    14, -8.834458720536e-01, 1.815384143865e-02, 8.6719e-01, 5.3711e-03, 
 2DIAGNOSTIC,    15, -8.851322802955e-01, 1.292532929909e-02, 8.7287e-01, 5.6810e-03, 
 2DIAGNOSTIC,    16, -8.870480810128e-01, 7.902435105960e-03, 8.7886e-01, 5.9891e-03, 
 2DIAGNOSTIC,    17, -8.886777820118e-01, 4.189413202017e-03, 8.8586e-01, 6.9962e-03, 
 2DIAGNOSTIC,    18, -8.889448811137e-01, 1.810422437189e-03, 8.9331e-01, 7.4530e-03, 
 2DIAGNOSTIC,    19, -8.890594324121e-01, 1.083853142592e-03, 8.9926e-01, 5.9502e-03, 
 2DIAGNOSTIC,    20, -8.887882562399e-01, 5.969783280403e-04, 9.0559e-01, 6.3310e-03, 
 2DIAGNOSTIC,    21, -8.886098616334e-01, 3.264824880689e-04, 9.1279e-01, 7.1929e-03, 
 2DIAGNOSTIC,    22, -8.885249833124e-01, 2.361096499893e-04, 9.1870e-01, 5.9099e-03, 
 2DIAGNOSTIC,    23, -8.882875303445e-01, 1.410432904147e-04, 9.2458e-01, 5.8811e-03, 
 2DIAGNOSTIC,    24, -8.882052345792e-01, 5.851496553964e-05, 9.3014e-01, 5.5571e-03, 
DIAGNOSTIC,Iteration,metricValue,convergenceValue,ITERATION_TIME_INDEX,SINCE_LAST
 2DIAGNOSTIC,     1, -7.469015880022e-01, 1.797693134862e+308, 1.7287e+00, 7.9852e-01, 
 2DIAGNOSTIC,     2, -7.476337610716e-01, 1.797693134862e+308, 1.7678e+00, 3.9138e-02, 
 2DIAGNOSTIC,     3, -7.481984149522e-01, 1.797693134862e+308, 1.8048e+00, 3.7010e-02, 
 2DIAGNOSTIC,     4, -7.485348957171e-01, 1.797693134862e+308, 1.8401e+00, 3.5249e-02, 
 2DIAGNOSTIC,     5, -7.488723349459e-01, 1.797693134862e+308, 1.8798e+00, 3.9785e-02, 
 2DIAGNOSTIC,     6, -7.493028718710e-01, 1.797693134862e+308, 1.9266e+00, 4.6778e-02, 
 2DIAGNOSTIC,     7, -7.498240981722e-01, 1.797693134862e+308, 1.9748e+00, 4.8213e-02, 
 2DIAGNOSTIC,     8, -7.499189038188e-01, 1.797693134862e+308, 2.0150e+00, 4.0207e-02, 
 2DIAGNOSTIC,     9, -7.503981903975e-01, 1.797693134862e+308, 2.0670e+00, 5.1938e-02, 
 2DIAGNOSTIC,    10, -7.505578656824e-01, 3.049238806257e-04, 2.1067e+00, 3.9731e-02, 
 2DIAGNOSTIC,    11, -7.505341234033e-01, 2.389539884401e-04, 2.1451e+00, 3.8432e-02, 
 2DIAGNOSTIC,    12, -7.505061914245e-01, 1.848758124741e-04, 2.1876e+00, 4.2452e-02, 
 2DIAGNOSTIC,    13, -7.505141121246e-01, 1.393602373028e-04, 2.2318e+00, 4.4230e-02, 
 2DIAGNOSTIC,    14, -7.505102733076e-01, 9.677096694004e-05, 2.2820e+00, 5.0211e-02, 
 2DIAGNOSTIC,    15, -7.505029863000e-01, 5.935599107929e-05, 2.3325e+00, 5.0436e-02, 
 2DIAGNOSTIC,    16, -7.504912485632e-01, 3.116311084203e-05, 2.3805e+00, 4.8009e-02, 
 2DIAGNOSTIC,    17, -7.504804688977e-01, 1.513171474292e-05, 2.4250e+00, 4.4558e-02, 
 2DIAGNOSTIC,    18, -7.504860792808e-01, 1.517275316956e-06, 2.4648e+00, 3.9787e-02, 
DIAGNOSTIC,Iteration,metricValue,convergenceValue,ITERATION_TIME_INDEX,SINCE_LAST
 2DIAGNOSTIC,     1, -6.294116115968e-01, 1.797693134862e+308, 3.6514e+00, 1.1866e+00, 
 2DIAGNOSTIC,     2, -6.299274337917e-01, 1.797693134862e+308, 3.9658e+00, 3.1436e-01, 
 2DIAGNOSTIC,     3, -6.304606937726e-01, 1.797693134862e+308, 4.2916e+00, 3.2582e-01, 
 2DIAGNOSTIC,     4, -6.311440983361e-01, 1.797693134862e+308, 4.6379e+00, 3.4632e-01, 
 2DIAGNOSTIC,     5, -6.319613521819e-01, 1.797693134862e+308, 4.9938e+00, 3.5584e-01, 
 2DIAGNOSTIC,     6, -6.326508619952e-01, 1.797693134862e+308, 5.5727e+00, 5.7896e-01, 
 2DIAGNOSTIC,     7, -6.326442432098e-01, 1.797693134862e+308, 6.0539e+00, 4.8121e-01, 
 2DIAGNOSTIC,     8, -6.326421030609e-01, 1.797693134862e+308, 6.4107e+00, 3.5680e-01, 
 2DIAGNOSTIC,     9, -6.326413590725e-01, 1.797693134862e+308, 6.7491e+00, 3.3833e-01, 
 2DIAGNOSTIC,    10, -6.326405356924e-01, 3.607193954356e-04, 7.1141e+00, 3.6503e-01, 
 2DIAGNOSTIC,    11, -6.326380581355e-01, 2.475998168181e-04, 7.4694e+00, 3.5531e-01, 
 2DIAGNOSTIC,    12, -6.326382568964e-01, 1.509095246785e-04, 7.7939e+00, 3.2446e-01, 
 2DIAGNOSTIC,    13, -6.326371997207e-01, 7.419551357045e-05, 8.1498e+00, 3.5586e-01, 
 2DIAGNOSTIC,    14, -6.326376013759e-01, 2.341664947092e-05, 8.5098e+00, 3.6004e-01, 
 2DIAGNOSTIC,    15, -6.326364676611e-01, 1.358505414273e-06, 8.8096e+00, 2.9982e-01, 
 2DIAGNOSTIC,    16, -6.326355130598e-01, 1.489403046853e-06, 9.1116e+00, 3.0198e-01, 
 2DIAGNOSTIC,    17, -6.326348603828e-01, 1.460469357235e-06, 9.5187e+00, 4.0707e-01, 
 2DIAGNOSTIC,    18, -6.326337609706e-01, 1.391313767127e-06, 9.8416e+00, 3.2290e-01, 
 2DIAGNOSTIC,    19, -6.326327161948e-01, 1.322246865311e-06, 1.0162e+01, 3.2063e-01, 
 2DIAGNOSTIC,    20, -6.326305164688e-01, 1.226844855075e-06, 1.0549e+01, 3.8688e-01, 
 2DIAGNOSTIC,    21, -6.326298185768e-01, 1.107474563881e-06, 1.0859e+01, 3.0959e-01, 
 2DIAGNOSTIC,    22, -6.326281932938e-01, 1.008190551197e-06, 1.1171e+01, 3.1204e-01, 
DIAGNOSTIC,Iteration,metricValue,convergenceValue,ITERATION_TIME_INDEX,SINCE_LAST
 2DIAGNOSTIC,     1, -5.634463074064e-01, 1.797693134862e+308, 1.4330e+01, 3.1589e+00, 
 2DIAGNOSTIC,     2, -5.639251009607e-01, 1.797693134862e+308, 1.6241e+01, 1.9113e+00, 
 2DIAGNOSTIC,     3, -5.643935836357e-01, 1.797693134862e+308, 1.8245e+01, 2.0040e+00, 
 2DIAGNOSTIC,     4, -5.653421952524e-01, 1.797693134862e+308, 2.0493e+01, 2.2485e+00, 
 2DIAGNOSTIC,     5, -5.666806245410e-01, 1.797693134862e+308, 2.3695e+01, 3.2021e+00, 
 2DIAGNOSTIC,     6, -5.666788349749e-01, 1.797693134862e+308, 2.6457e+01, 2.7612e+00, 
 2DIAGNOSTIC,     7, -5.666781162587e-01, 1.797693134862e+308, 2.8808e+01, 2.3517e+00, 
 2DIAGNOSTIC,     8, -5.666783273514e-01, 1.797693134862e+308, 3.1640e+01, 2.8319e+00, 
 2DIAGNOSTIC,     9, -5.666785115271e-01, 1.797693134862e+308, 3.4115e+01, 2.4752e+00, 
 2DIAGNOSTIC,    10, -5.666783665929e-01, 3.983099121517e-04, 3.6198e+01, 2.0820e+00, 
 2DIAGNOSTIC,    11, -5.666784843319e-01, 2.625667611974e-04, 3.8694e+01, 2.4961e+00, 
 2DIAGNOSTIC,    12, -5.666783073074e-01, 1.470621247757e-04, 4.0804e+01, 2.1108e+00, 
 2DIAGNOSTIC,    13, -5.666780872995e-01, 5.397384595905e-05, 4.2840e+01, 2.0353e+00, 
 2DIAGNOSTIC,    14, -5.666781657153e-01, 2.169854869477e-06, 4.5006e+01, 2.1662e+00, 
 2DIAGNOSTIC,    15, -5.666779364408e-01, 2.086247283650e-06, 4.6858e+01, 1.8516e+00, 
 2DIAGNOSTIC,    16, -5.666777549286e-01, 1.955545904056e-06, 4.8691e+01, 1.8331e+00, 
 2DIAGNOSTIC,    17, -5.666778033875e-01, 1.823661235044e-06, 5.0521e+01, 1.8305e+00, 
 2DIAGNOSTIC,    18, -5.666779883495e-01, 1.721818397082e-06, 5.2391e+01, 1.8703e+00, 
 2DIAGNOSTIC,    19, -5.666782547410e-01, 1.646848569244e-06, 5.4421e+01, 2.0296e+00, 
 2DIAGNOSTIC,    20, -5.666783721057e-01, 1.581133881184e-06, 5.6627e+01, 2.2061e+00, 
 2DIAGNOSTIC,    21, -5.666780903212e-01, 1.519006309569e-06, 5.8896e+01, 2.2691e+00, 
 2DIAGNOSTIC,    22, -5.666779139526e-01, 1.454562647031e-06, 6.0909e+01, 2.0125e+00, 
 2DIAGNOSTIC,    23, -5.666778545650e-01, 1.388734071670e-06, 6.2775e+01, 1.8663e+00, 
 2DIAGNOSTIC,    24, -5.666776630784e-01, 1.325478114281e-06, 6.4712e+01, 1.9371e+00, 
 2DIAGNOSTIC,    25, -5.666773962296e-01, 1.257584517508e-06, 6.6783e+01, 2.0712e+00, 
 2DIAGNOSTIC,    26, -5.666773637653e-01, 1.192541062012e-06, 6.8747e+01, 1.9637e+00, 
 2DIAGNOSTIC,    27, -5.666775611196e-01, 1.139849951974e-06, 7.0790e+01, 2.0432e+00, 
 2DIAGNOSTIC,    28, -5.666772409118e-01, 1.091845434592e-06, 7.2665e+01, 1.8744e+00, 
 2DIAGNOSTIC,    29, -5.666773071586e-01, 1.057251648423e-06, 7.4896e+01, 2.2313e+00, 
 2DIAGNOSTIC,    30, -5.666770947266e-01, 1.027314545911e-06, 7.6695e+01, 1.7992e+00, 
  Elapsed time (stage 0): 7.7861e+01


Total elapsed time: 7.7866e+01
Info [verificarlo]: loaded backend libinterflop_vprec.so
Info [interflop-vprec]: load backend with: 
Info [interflop-vprec]: precision-binary32 = 11
Info [interflop-vprec]: range-binary32 = 7
Info [interflop-vprec]: precision-binary64 = 11
Info [interflop-vprec]: range-binary64 = 7
Info [interflop-vprec]: mode = ob
Info [interflop-vprec]: error-mode = rel
Info [interflop-vprec]: max-abs-error-exponent = -1022
Info [interflop-vprec]: daz = false
Info [interflop-vprec]: ftz = false
Info [interflop-vprec]: 	instrument = none
Info [interflop-vprec]: 	prec-input-file = (null)
Info [interflop-vprec]: 	prec-output-file = (null)
Info [interflop-vprec]: 	prec-log-file = (null)
All_Command_lines_OK
Using double precision for computations.
=============================================================================
The composite transform comprises the following transforms (in order): 
  1. /home/mdugre/scratch/mri-registration-rp/datasets/ds004513/derivatives/mri-registration-rp/0001/antsRegistration-r7-p11/sub-s017/affine_Composite.h5[0] (type = Euler3DTransform)
  2. /home/mdugre/scratch/mri-registration-rp/datasets/ds004513/derivatives/mri-registration-rp/0001/antsRegistration-r7-p11/sub-s017/affine_Composite.h5[1] (type = Euler3DTransform)
  3. /home/mdugre/scratch/mri-registration-rp/datasets/ds004513/derivatives/mri-registration-rp/0001/antsRegistration-r7-p11/sub-s017/affine_Composite.h5[2] (type = Euler3DTransform)
  4. /home/mdugre/scratch/mri-registration-rp/datasets/ds004513/derivatives/mri-registration-rp/0001/antsRegistration-r7-p11/sub-s017/affine_Composite.h5[3] (type = AffineTransform)
=============================================================================
  number of levels = 4
  fixed image: /templateflow/tpl-MNI152NLin2009cAsym/tpl-MNI152NLin2009cAsym_res-01_desc-brain_T1w.nii.gz
  moving image: /home/mdugre/scratch/mri-registration-rp/datasets/ds004513/derivatives/mri-registration-rp/antsBrainExtraction/sub-s017/BrainExtractionBrain.nii.gz
Dimension = 3
Number of stages = 1
Use histogram matching = false
Winsorize image intensities = true
  Lower quantile = 0.005
  Upper quantile = 0.995


Stage 1 State
   Image metric = CC
     Fixed image = Image (0x397f6f0)
  RTTI typeinfo:   itk::Image<double, 3u>
  Reference Count: 2
  Modified Time: 1606
  Debug: Off
  Object Name: 
  Observers: 
    none
  Source: (none)
  Source output name: (none)
