
##########################
# Experiment information #
##########################

EXPERIMENT_NAME: antsRegistration-r7-p7
VFC_BACKENDS: libinterflop_vprec.so --range-binary32=7 --precision-binary32=7 --range-binary64=7 --precision-binary64=7

SIF_IMG: /home/mdugre/projects/rrg-glatard/mdugre/containers/ants-vprec-no_metrics.simg

SUBJECT_ID: s003
INPUT_IMG: /home/mdugre/scratch/mri-registration-rp/datasets/ds004513/derivatives/mri-registration-rp/antsBrainExtraction/sub-s003/BrainExtractionBrain.nii.gz
OUTPUT_DIR: /home/mdugre/scratch/mri-registration-rp/datasets/ds004513/derivatives/mri-registration-rp/0001/antsRegistration-r7-p7/sub-s003

FIXED_IMG: /templateflow/tpl-MNI152NLin2009cAsym/tpl-MNI152NLin2009cAsym_res-01_desc-brain_T1w.nii.gz
DATA_DIR: /home/mdugre/scratch/mri-registration-rp/datasets/ds004513
TEMPLATEFLOW_DIR: /home/mdugre/projects/rrg-glatard/mdugre/templateflow
ITK_GLOBAL_DEFAULT_NUMBER_OF_THREADS: 16
##########################

Info [verificarlo]: loaded backend libinterflop_ieee.so
Info [interflop-ieee]: load backend with:
Info [interflop-ieee]: debug = false
Info [interflop-ieee]: debug-binary = false
Info [interflop-ieee]: no-backend-name = false
Info [interflop-ieee]: print-new-line = false
Info [interflop-ieee]: print-subnormal-normalized = false
Info [interflop-ieee]: count-op = false
All_Command_lines_OK
Using double precision for computations.
=============================================================================
The composite transform comprises the following transforms (in order): 
  1. Center of mass alignment using fixed image: /templateflow/tpl-MNI152NLin2009cAsym/tpl-MNI152NLin2009cAsym_res-01_desc-brain_T1w.nii.gz and moving image: /home/mdugre/scratch/mri-registration-rp/datasets/ds004513/derivatives/mri-registration-rp/antsBrainExtraction/sub-s003/BrainExtractionBrain.nii.gz (type = Euler3DTransform)
=============================================================================
  number of levels = 1
  fixed image: /templateflow/tpl-MNI152NLin2009cAsym/tpl-MNI152NLin2009cAsym_res-01_desc-brain_T1w.nii.gz
  moving image: /home/mdugre/scratch/mri-registration-rp/datasets/ds004513/derivatives/mri-registration-rp/antsBrainExtraction/sub-s003/BrainExtractionBrain.nii.gz
Dimension = 3
Number of stages = 1
Use histogram matching = false
Winsorize image intensities = true
  Lower quantile = 0.005
  Upper quantile = 0.995


Stage 1 State
   Image metric = MattesMI
     Fixed image = Image (0x405cbd0)
  RTTI typeinfo:   itk::Image<double, 3u>
  Reference Count: 2
  Modified Time: 2334
  Debug: Off
  Object Name: 
  Observers: 
    none
  Source: (none)
  Source output name: (none)
  Release Data: Off
  Data Released: False
  Global Release Data: Off
  PipelineMTime: 0
  UpdateMTime: 1943
  RealTimeStamp: 0 seconds 
  LargestPossibleRegion: 
    Dimension: 3
    Index: [0, 0, 0]
    Size: [193, 229, 193]
  BufferedRegion: 
    Dimension: 3
    Index: [0, 0, 0]
    Size: [193, 229, 193]
  RequestedRegion: 
    Dimension: 3
    Index: [0, 0, 0]
    Size: [193, 229, 193]
  Spacing: [1, 1, 1]
  Origin: [96, 132, -78]
  Direction: 
-1 0 0
0 -1 0
0 0 1

  IndexToPointMatrix: 
-1 0 0
0 -1 0
0 0 1

  PointToIndexMatrix: 
-1 0 0
0 -1 0
0 0 1

  Inverse Direction: 
-1 0 0
0 -1 0
0 0 1

  PixelContainer: 
    ImportImageContainer (0x40b4930)
      RTTI typeinfo:   itk::ImportImageContainer<unsigned long, double>
      Reference Count: 1
      Modified Time: 1940
      Debug: Off
      Object Name: 
      Observers: 
        none
      Pointer: 0x153658e3d010
      Container manages memory: true
      Size: 8530021
      Capacity: 8530021

     Moving image = Image (0x414c610)
  RTTI typeinfo:   itk::Image<double, 3u>
  Reference Count: 2
  Modified Time: 2335
  Debug: Off
  Object Name: 
  Observers: 
    none
  Source: (none)
  Source output name: (none)
  Release Data: Off
  Data Released: False
  Global Release Data: Off
  PipelineMTime: 0
  UpdateMTime: 2332
  RealTimeStamp: 0 seconds 
  LargestPossibleRegion: 
    Dimension: 3
    Index: [0, 0, 0]
    Size: [176, 240, 256]
  BufferedRegion: 
    Dimension: 3
    Index: [0, 0, 0]
    Size: [176, 240, 256]
  RequestedRegion: 
    Dimension: 3
    Index: [0, 0, 0]
    Size: [176, 240, 256]
  Spacing: [0.999999, 1, 1]
  Origin: [93.3499, 86.9368, -128.957]
  Direction: 
-0.999513 -0.0279216 -0.0139567
0.0279189 -0.99961 0.000389866
-0.0139622 2.01492e-08 0.999903

  IndexToPointMatrix: 
-0.999512 -0.0279216 -0.0139567
0.0279189 -0.99961 0.000389866
-0.0139621 2.01492e-08 0.999903

  PointToIndexMatrix: 
-0.999514 0.0279189 -0.0139622
-0.0279216 -0.99961 2.01716e-08
-0.0139567 0.000389866 0.999903

  Inverse Direction: 
-0.999513 0.0279189 -0.0139622
-0.0279216 -0.99961 2.01716e-08
-0.0139567 0.000389866 0.999903

  PixelContainer: 
    ImportImageContainer (0x408c850)
      RTTI typeinfo:   itk::ImportImageContainer<unsigned long, double>
      Reference Count: 1
      Modified Time: 2329
      Debug: Off
      Object Name: 
      Observers: 
        none
      Pointer: 0x153653bbc010
      Container manages memory: true
      Size: 10813440
      Capacity: 10813440

     Weighting = 1
     Sampling strategy = regular
     Number of bins = 32
     Radius = 4
     Sampling percentage  = 0.25
   Transform = Rigid
     Gradient step = 0.1
     Update field sigma (voxel space) = 0
     Total field sigma (voxel space) = 0
     Update field time sigma = 0
     Total field time sigma  = 0
     Number of time indices = 0
     Number of time point samples = 0
Registration using 1 total stages.

Stage 0
  iterations = 0
  convergence threshold = 1e-06
  convergence window size = 10
  number of levels = 1
  using the Mattes MI metric (number of bins = 32, weight = 1, use gradient filter = 0)
  preprocessing:  winsorizing the image intensities
  Shrink factors (level 1 out of 1): [1, 1, 1]
  smoothing sigmas per level: [0]
  regular sampling (percentage = 0.25)

*** Running Euler3DTransform registration ***

  Elapsed time (stage 0): 1.13035


Total elapsed time: 1.13232
Info [verificarlo]: loaded backend libinterflop_ieee.so
Info [interflop-ieee]: load backend with:
Info [interflop-ieee]: debug = false
Info [interflop-ieee]: debug-binary = false
Info [interflop-ieee]: no-backend-name = false
Info [interflop-ieee]: print-new-line = false
Info [interflop-ieee]: print-subnormal-normalized = false
Info [interflop-ieee]: count-op = false
All_Command_lines_OK
Using double precision for computations.
=============================================================================
The composite transform comprises the following transforms (in order): 
  1. /home/mdugre/scratch/mri-registration-rp/datasets/ds004513/derivatives/mri-registration-rp/0001/antsRegistration-r7-p7/sub-s003/align_Composite.h5[0] (type = Euler3DTransform)
  2. /home/mdugre/scratch/mri-registration-rp/datasets/ds004513/derivatives/mri-registration-rp/0001/antsRegistration-r7-p7/sub-s003/align_Composite.h5[1] (type = Euler3DTransform)
=============================================================================
  number of levels = 4
  fixed image: /templateflow/tpl-MNI152NLin2009cAsym/tpl-MNI152NLin2009cAsym_res-01_desc-brain_T1w.nii.gz
  moving image: /home/mdugre/scratch/mri-registration-rp/datasets/ds004513/derivatives/mri-registration-rp/antsBrainExtraction/sub-s003/BrainExtractionBrain.nii.gz
Dimension = 3
Number of stages = 1
Use histogram matching = false
Winsorize image intensities = true
  Lower quantile = 0.005
  Upper quantile = 0.995


Stage 1 State
   Image metric = MattesMI
     Fixed image = Image (0x3d35530)
  RTTI typeinfo:   itk::Image<double, 3u>
  Reference Count: 2
  Modified Time: 1580
  Debug: Off
  Object Name: 
  Observers: 
    none
  Source: (none)
  Source output name: (none)
  Release Data: Off
  Data Released: False
  Global Release Data: Off
  PipelineMTime: 0
  UpdateMTime: 1189
  RealTimeStamp: 0 seconds 
  LargestPossibleRegion: 
    Dimension: 3
    Index: [0, 0, 0]
    Size: [193, 229, 193]
  BufferedRegion: 
    Dimension: 3
    Index: [0, 0, 0]
    Size: [193, 229, 193]
  RequestedRegion: 
    Dimension: 3
    Index: [0, 0, 0]
    Size: [193, 229, 193]
  Spacing: [1, 1, 1]
  Origin: [96, 132, -78]
  Direction: 
-1 0 0
0 -1 0
0 0 1

  IndexToPointMatrix: 
-1 0 0
0 -1 0
0 0 1

  PointToIndexMatrix: 
-1 0 0
0 -1 0
0 0 1

  Inverse Direction: 
-1 0 0
0 -1 0
0 0 1

  PixelContainer: 
    ImportImageContainer (0x3df3d60)
      RTTI typeinfo:   itk::ImportImageContainer<unsigned long, double>
      Reference Count: 1
      Modified Time: 1186
      Debug: Off
      Object Name: 
      Observers: 
        none
      Pointer: 0x14e1ac12b010
      Container manages memory: true
      Size: 8530021
      Capacity: 8530021

     Moving image = Image (0x3de5f60)
  RTTI typeinfo:   itk::Image<double, 3u>
  Reference Count: 2
  Modified Time: 1581
  Debug: Off
  Object Name: 
  Observers: 
    none
  Source: (none)
  Source output name: (none)
  Release Data: Off
  Data Released: False
  Global Release Data: Off
  PipelineMTime: 0
  UpdateMTime: 1578
  RealTimeStamp: 0 seconds 
  LargestPossibleRegion: 
    Dimension: 3
    Index: [0, 0, 0]
    Size: [176, 240, 256]
  BufferedRegion: 
    Dimension: 3
    Index: [0, 0, 0]
    Size: [176, 240, 256]
  RequestedRegion: 
    Dimension: 3
    Index: [0, 0, 0]
    Size: [176, 240, 256]
  Spacing: [0.999999, 1, 1]
  Origin: [93.3499, 86.9368, -128.957]
  Direction: 
-0.999513 -0.0279216 -0.0139567
0.0279189 -0.99961 0.000389866
-0.0139622 2.01492e-08 0.999903

  IndexToPointMatrix: 
-0.999512 -0.0279216 -0.0139567
0.0279189 -0.99961 0.000389866
-0.0139621 2.01492e-08 0.999903

  PointToIndexMatrix: 
-0.999514 0.0279189 -0.0139622
-0.0279216 -0.99961 2.01716e-08
-0.0139567 0.000389866 0.999903

  Inverse Direction: 
-0.999513 0.0279189 -0.0139622
-0.0279216 -0.99961 2.01716e-08
-0.0139567 0.000389866 0.999903

  PixelContainer: 
    ImportImageContainer (0x3dd76d0)
      RTTI typeinfo:   itk::ImportImageContainer<unsigned long, double>
      Reference Count: 1
      Modified Time: 1575
      Debug: Off
      Object Name: 
      Observers: 
        none
      Pointer: 0x14e1a6eaa010
      Container manages memory: true
      Size: 10813440
      Capacity: 10813440

     Weighting = 1
     Sampling strategy = regular
     Number of bins = 32
     Radius = 4
     Sampling percentage  = 0.25
   Transform = Rigid
     Gradient step = 0.1
     Update field sigma (voxel space) = 0
     Total field sigma (voxel space) = 0
     Update field time sigma = 0
     Total field time sigma  = 0
     Number of time indices = 0
     Number of time point samples = 0
Registration using 1 total stages.

Stage 0
  iterations = 1000x500x250x100
  convergence threshold = 1e-06
  convergence window size = 10
  number of levels = 4
  using the Mattes MI metric (number of bins = 32, weight = 1, use gradient filter = 0)
  preprocessing:  winsorizing the image intensities
  Shrink factors (level 1 out of 4): [8, 8, 8]
  Shrink factors (level 2 out of 4): [4, 4, 4]
  Shrink factors (level 3 out of 4): [2, 2, 2]
  Shrink factors (level 4 out of 4): [1, 1, 1]
  smoothing sigmas per level: [3, 2, 1, 0]
  regular sampling (percentage = 0.25)

*** Running Euler3DTransform registration ***

DIAGNOSTIC,Iteration,metricValue,convergenceValue,ITERATION_TIME_INDEX,SINCE_LAST
 2DIAGNOSTIC,     1, -4.871187133941e-01, 1.797693134862e+308, 6.5438e-01, 6.5438e-01, 
 2DIAGNOSTIC,     2, -4.887966556740e-01, 1.797693134862e+308, 6.5831e-01, 3.9320e-03, 
 2DIAGNOSTIC,     3, -4.919242839642e-01, 1.797693134862e+308, 6.6232e-01, 4.0150e-03, 
 2DIAGNOSTIC,     4, -5.019092629522e-01, 1.797693134862e+308, 6.6647e-01, 4.1449e-03, 
 2DIAGNOSTIC,     5, -5.198319788477e-01, 1.797693134862e+308, 6.7043e-01, 3.9632e-03, 
 2DIAGNOSTIC,     6, -5.251449584180e-01, 1.797693134862e+308, 6.7414e-01, 3.7100e-03, 
 2DIAGNOSTIC,     7, -5.365118080768e-01, 1.797693134862e+308, 6.7785e-01, 3.7091e-03, 
 2DIAGNOSTIC,     8, -5.564319077261e-01, 1.797693134862e+308, 6.8365e-01, 5.7960e-03, 
 2DIAGNOSTIC,     9, -5.572786469687e-01, 1.797693134862e+308, 6.8772e-01, 4.0731e-03, 
 2DIAGNOSTIC,    10, -5.597886110608e-01, 1.060089541986e-02, 6.9238e-01, 4.6589e-03, 
 2DIAGNOSTIC,    11, -5.645450860914e-01, 9.471656029002e-03, 6.9647e-01, 4.0882e-03, 
 2DIAGNOSTIC,    12, -5.675342641672e-01, 7.901754414630e-03, 7.0094e-01, 4.4730e-03, 
 2DIAGNOSTIC,    13, -5.685174641935e-01, 6.033280802479e-03, 7.0531e-01, 4.3750e-03, 
 2DIAGNOSTIC,    14, -5.693412095342e-01, 4.302087948769e-03, 7.1019e-01, 4.8749e-03, 
 2DIAGNOSTIC,    15, -5.718972801998e-01, 3.155204981953e-03, 7.1444e-01, 4.2500e-03, 
 2DIAGNOSTIC,    16, -5.734788767073e-01, 2.091398053252e-03, 7.1847e-01, 4.0331e-03, 
 2DIAGNOSTIC,    17, -5.737823402463e-01, 1.310029424174e-03, 7.2265e-01, 4.1761e-03, 
 2DIAGNOSTIC,    18, -5.749452616696e-01, 1.114936190120e-03, 7.2738e-01, 4.7340e-03, 
 2DIAGNOSTIC,    19, -5.774392255370e-01, 9.301256922506e-04, 7.3436e-01, 6.9740e-03, 
 2DIAGNOSTIC,    20, -5.782944999900e-01, 7.612328990612e-04, 7.3963e-01, 5.2712e-03, 
 2DIAGNOSTIC,    21, -5.788863756124e-01, 6.687985512903e-04, 7.4474e-01, 5.1100e-03, 
 2DIAGNOSTIC,    22, -5.857337702777e-01, 7.546209624501e-04, 7.4978e-01, 5.0409e-03, 
 2DIAGNOSTIC,    23, -6.028589200996e-01, 1.162232409158e-03, 7.5515e-01, 5.3730e-03, 
 2DIAGNOSTIC,    24, -6.086613838932e-01, 1.554691248603e-03, 7.6157e-01, 6.4170e-03, 
 2DIAGNOSTIC,    25, -6.127624309284e-01, 1.904928866387e-03, 7.6729e-01, 5.7189e-03, 
 2DIAGNOSTIC,    26, -6.171330102885e-01, 2.167612429498e-03, 7.7217e-01, 4.8809e-03, 
 2DIAGNOSTIC,    27, -6.180829716260e-01, 2.226134250177e-03, 7.7655e-01, 4.3809e-03, 
 2DIAGNOSTIC,    28, -6.204355230012e-01, 2.128618126031e-03, 7.8142e-01, 4.8699e-03, 
 2DIAGNOSTIC,    29, -6.216541945637e-01, 1.901236649952e-03, 7.8589e-01, 4.4749e-03, 
 2DIAGNOSTIC,    30, -6.252686886462e-01, 1.589741148262e-03, 7.9175e-01, 5.8508e-03, 
 2DIAGNOSTIC,    31, -6.305777158480e-01, 1.244380897691e-03, 7.9656e-01, 4.8151e-03, 
 2DIAGNOSTIC,    32, -6.437126608060e-01, 1.107471167106e-03, 8.0253e-01, 5.9710e-03, 
 2DIAGNOSTIC,    33, -6.470257907801e-01, 1.176383301152e-03, 8.0728e-01, 4.7450e-03, 
 2DIAGNOSTIC,    34, -6.489212715260e-01, 1.241890254585e-03, 8.1553e-01, 8.2490e-03, 
 2DIAGNOSTIC,    35, -6.509315217933e-01, 1.271881445888e-03, 8.2053e-01, 5.0070e-03, 
 2DIAGNOSTIC,    36, -6.520047771304e-01, 1.251974226048e-03, 8.2521e-01, 4.6780e-03, 
 2DIAGNOSTIC,    37, -6.528674711669e-01, 1.135509390751e-03, 8.2952e-01, 4.3139e-03, 
 2DIAGNOSTIC,    38, -6.532433334405e-01, 9.531146503616e-04, 8.3396e-01, 4.4322e-03, 
 2DIAGNOSTIC,    39, -6.541855844815e-01, 7.192253689254e-04, 8.4039e-01, 6.4290e-03, 
 2DIAGNOSTIC,    40, -6.542274155255e-01, 4.742923522981e-04, 8.4551e-01, 5.1289e-03, 
 2DIAGNOSTIC,    41, -6.546750984429e-01, 2.614821371546e-04, 8.4983e-01, 4.3149e-03, 
 2DIAGNOSTIC,    42, -6.552202825626e-01, 1.909899906807e-04, 8.5605e-01, 6.2180e-03, 
 2DIAGNOSTIC,    43, -6.554119037181e-01, 1.446854146712e-04, 8.6053e-01, 4.4832e-03, 
 2DIAGNOSTIC,    44, -6.553654825261e-01, 1.066519293807e-04, 8.6525e-01, 4.7240e-03, 
 2DIAGNOSTIC,    45, -6.555147329645e-01, 8.319726078130e-05, 8.6978e-01, 4.5290e-03, 
 2DIAGNOSTIC,    46, -6.555934981924e-01, 6.474957047419e-05, 8.7489e-01, 5.1038e-03, 
 2DIAGNOSTIC,    47, -6.557588739674e-01, 5.132605668046e-05, 8.8013e-01, 5.2428e-03, 
 2DIAGNOSTIC,    48, -6.557399379488e-01, 3.695215761552e-05, 8.8475e-01, 4.6241e-03, 
 2DIAGNOSTIC,    49, -6.557032046205e-01, 2.865981717361e-05, 8.9030e-01, 5.5411e-03, 
 2DIAGNOSTIC,    50, -6.556363317685e-01, 1.779667262539e-05, 8.9505e-01, 4.7500e-03, 
 2DIAGNOSTIC,    51, -6.556522080448e-01, 9.903739179577e-06, 8.9974e-01, 4.6949e-03, 
 2DIAGNOSTIC,    52, -6.557392009218e-01, 7.103985610723e-06, 9.0445e-01, 4.7121e-03, 
 2DIAGNOSTIC,    53, -6.559473605649e-01, 7.355016740190e-06, 9.0891e-01, 4.4570e-03, 
 2DIAGNOSTIC,    54, -6.559605496964e-01, 6.626853133466e-06, 9.1364e-01, 4.7319e-03, 
 2DIAGNOSTIC,    55, -6.558871569958e-01, 6.035016183809e-06, 9.1788e-01, 4.2338e-03, 
 2DIAGNOSTIC,    56, -6.559058200961e-01, 5.758948933059e-06, 9.2392e-01, 6.0430e-03, 
 2DIAGNOSTIC,    57, -6.556585793833e-01, 4.291621577973e-06, 9.2904e-01, 5.1270e-03, 
 2DIAGNOSTIC,    58, -6.556790492744e-01, 2.558732673626e-06, 9.3429e-01, 5.2450e-03, 
DIAGNOSTIC,Iteration,metricValue,convergenceValue,ITERATION_TIME_INDEX,SINCE_LAST
 2DIAGNOSTIC,     1, -5.251720474981e-01, 1.797693134862e+308, 1.6922e+00, 7.5795e-01, 
 2DIAGNOSTIC,     2, -5.257861574573e-01, 1.797693134862e+308, 1.7198e+00, 2.7551e-02, 
 2DIAGNOSTIC,     3, -5.265578810827e-01, 1.797693134862e+308, 1.7479e+00, 2.8160e-02, 
 2DIAGNOSTIC,     4, -5.273179307421e-01, 1.797693134862e+308, 1.7761e+00, 2.8182e-02, 
 2DIAGNOSTIC,     5, -5.278522208486e-01, 1.797693134862e+308, 1.8041e+00, 2.7961e-02, 
 2DIAGNOSTIC,     6, -5.281809080292e-01, 1.797693134862e+308, 1.8321e+00, 2.7985e-02, 
 2DIAGNOSTIC,     7, -5.295057276030e-01, 1.797693134862e+308, 1.8602e+00, 2.8149e-02, 
 2DIAGNOSTIC,     8, -5.309888854946e-01, 1.797693134862e+308, 1.9069e+00, 4.6722e-02, 
 2DIAGNOSTIC,     9, -5.314463321754e-01, 1.797693134862e+308, 1.9368e+00, 2.9806e-02, 
 2DIAGNOSTIC,    10, -5.315095246914e-01, 8.351638133838e-04, 1.9660e+00, 2.9211e-02, 
 2DIAGNOSTIC,    11, -5.317677506656e-01, 7.304743975460e-04, 1.9959e+00, 2.9980e-02, 
 2DIAGNOSTIC,    12, -5.329588336972e-01, 6.573581625775e-04, 2.0336e+00, 3.7676e-02, 
 2DIAGNOSTIC,    13, -5.336121600291e-01, 5.923225258726e-04, 2.0673e+00, 3.3683e-02, 
 2DIAGNOSTIC,    14, -5.337358632222e-01, 5.168279940226e-04, 2.1005e+00, 3.3244e-02, 
 2DIAGNOSTIC,    15, -5.339212393214e-01, 4.320496755257e-04, 2.1323e+00, 3.1748e-02, 
 2DIAGNOSTIC,    16, -5.339819534634e-01, 3.310789388296e-04, 2.1649e+00, 3.2649e-02, 
 2DIAGNOSTIC,    17, -5.339890359883e-01, 2.519608623458e-04, 2.1920e+00, 2.7063e-02, 
 2DIAGNOSTIC,    18, -5.340211672707e-01, 2.030667682446e-04, 2.2182e+00, 2.6156e-02, 
 2DIAGNOSTIC,    19, -5.340945778152e-01, 1.561013901714e-04, 2.2474e+00, 2.9225e-02, 
 2DIAGNOSTIC,    20, -5.342991637174e-01, 1.070049028266e-04, 2.2811e+00, 3.3713e-02, 
 2DIAGNOSTIC,    21, -5.348517983831e-01, 7.267444706639e-05, 2.3325e+00, 5.1429e-02, 
 2DIAGNOSTIC,    22, -5.349065585533e-01, 6.447963728780e-05, 2.3618e+00, 2.9319e-02, 
 2DIAGNOSTIC,    23, -5.349663497102e-01, 6.785347399092e-05, 2.3873e+00, 2.5463e-02, 
 2DIAGNOSTIC,    24, -5.353125037827e-01, 7.520893066498e-05, 2.4125e+00, 2.5204e-02, 
 2DIAGNOSTIC,    25, -5.356720646135e-01, 8.635711747040e-05, 2.4393e+00, 2.6736e-02, 
 2DIAGNOSTIC,    26, -5.358140706612e-01, 9.251786921198e-05, 2.4659e+00, 2.6696e-02, 
 2DIAGNOSTIC,    27, -5.358535547683e-01, 9.066215643654e-05, 2.4988e+00, 3.2839e-02, 
 2DIAGNOSTIC,    28, -5.358578846644e-01, 8.145129214992e-05, 2.5333e+00, 3.4504e-02, 
 2DIAGNOSTIC,    29, -5.358639789913e-01, 6.670420027102e-05, 2.5650e+00, 3.1706e-02, 
 2DIAGNOSTIC,    30, -5.358836758485e-01, 5.035076105123e-05, 2.5950e+00, 2.9956e-02, 
 2DIAGNOSTIC,    31, -5.359243965630e-01, 4.061605184027e-05, 2.6244e+00, 2.9483e-02, 
 2DIAGNOSTIC,    32, -5.360723057692e-01, 3.122639280179e-05, 2.6746e+00, 5.0131e-02, 
 2DIAGNOSTIC,    33, -5.360725287632e-01, 2.040067111634e-05, 2.7116e+00, 3.7082e-02, 
 2DIAGNOSTIC,    34, -5.360788358390e-01, 1.380988170052e-05, 2.7492e+00, 3.7507e-02, 
 2DIAGNOSTIC,    35, -5.360774716872e-01, 1.180471726554e-05, 2.7838e+00, 3.4610e-02, 
 2DIAGNOSTIC,    36, -5.360797043250e-01, 1.097976547878e-05, 2.8262e+00, 4.2444e-02, 
 2DIAGNOSTIC,    37, -5.361465564233e-01, 1.073730764654e-05, 2.8630e+00, 3.6754e-02, 
 2DIAGNOSTIC,    38, -5.361838001323e-01, 1.012580937483e-05, 2.9009e+00, 3.7927e-02, 
 2DIAGNOSTIC,    39, -5.362774293363e-01, 1.005110151575e-05, 2.9405e+00, 3.9586e-02, 
 2DIAGNOSTIC,    40, -5.362928327893e-01, 9.560378722864e-06, 2.9752e+00, 3.4715e-02, 
 2DIAGNOSTIC,    41, -5.363797424048e-01, 9.875434637929e-06, 3.0240e+00, 4.8799e-02, 
 2DIAGNOSTIC,    42, -5.363781047569e-01, 1.113672167847e-05, 3.0690e+00, 4.5009e-02, 
 2DIAGNOSTIC,    43, -5.363825151307e-01, 1.140467566339e-05, 3.1078e+00, 3.8843e-02, 
 2DIAGNOSTIC,    44, -5.363785740438e-01, 1.067789712136e-05, 3.1443e+00, 3.6436e-02, 
 2DIAGNOSTIC,    45, -5.363829814443e-01, 9.074433113654e-06, 3.1791e+00, 3.4776e-02, 
 2DIAGNOSTIC,    46, -5.363816104461e-01, 6.732676927433e-06, 3.2130e+00, 3.3946e-02, 
 2DIAGNOSTIC,    47, -5.363876125844e-01, 4.738560632364e-06, 3.2463e+00, 3.3285e-02, 
 2DIAGNOSTIC,    48, -5.363880053286e-01, 2.842739179082e-06, 3.2761e+00, 2.9846e-02, 
 2DIAGNOSTIC,    49, -5.363912777395e-01, 1.875744367046e-06, 3.3079e+00, 3.1755e-02, 
 2DIAGNOSTIC,    50, -5.364302448062e-01, 1.382574171191e-06, 3.3386e+00, 3.0703e-02, 
 2DIAGNOSTIC,    51, -5.365026805492e-01, 2.489264066777e-06, 3.3755e+00, 3.6950e-02, 
 2DIAGNOSTIC,    52, -5.365073567167e-01, 3.387710958810e-06, 3.4178e+00, 4.2275e-02, 
 2DIAGNOSTIC,    53, -5.364982060785e-01, 3.953212858485e-06, 3.4451e+00, 2.7333e-02, 
 2DIAGNOSTIC,    54, -5.364991643134e-01, 4.158981956447e-06, 3.4725e+00, 2.7357e-02, 
 2DIAGNOSTIC,    55, -5.365009635838e-01, 4.066130927374e-06, 3.5076e+00, 3.5135e-02, 
 2DIAGNOSTIC,    56, -5.365014311390e-01, 3.617181130205e-06, 3.5354e+00, 2.7751e-02, 
 2DIAGNOSTIC,    57, -5.364948168539e-01, 2.889027974445e-06, 3.5636e+00, 2.8217e-02, 
 2DIAGNOSTIC,    58, -5.365062585691e-01, 2.088323917550e-06, 3.5950e+00, 3.1438e-02, 
 2DIAGNOSTIC,    59, -5.365423568110e-01, 1.516890393793e-06, 3.6432e+00, 4.8126e-02, 
 2DIAGNOSTIC,    60, -5.365453644850e-01, 1.214346604630e-06, 3.6761e+00, 3.2966e-02, 
 2DIAGNOSTIC,    61, -5.365379444539e-01, 1.425675460617e-06, 3.7218e+00, 4.5667e-02, 
 2DIAGNOSTIC,    62, -5.365379450846e-01, 1.593802428045e-06, 3.8147e+00, 9.2896e-02, 
 2DIAGNOSTIC,    63, -5.365379450845e-01, 1.572611778248e-06, 3.8577e+00, 4.2969e-02, 
 2DIAGNOSTIC,    64, -5.365379450845e-01, 1.449638605825e-06, 3.8973e+00, 3.9624e-02, 
 2DIAGNOSTIC,    65, -5.365379450845e-01, 1.253083307111e-06, 3.9279e+00, 3.0608e-02, 
 2DIAGNOSTIC,    66, -5.365379450845e-01, 1.001176081504e-06, 3.9583e+00, 3.0424e-02, 
DIAGNOSTIC,Iteration,metricValue,convergenceValue,ITERATION_TIME_INDEX,SINCE_LAST
 2DIAGNOSTIC,     1, -4.763864734576e-01, 1.797693134862e+308, 5.0513e+00, 1.0930e+00, 
 2DIAGNOSTIC,     2, -4.765816356839e-01, 1.797693134862e+308, 5.2725e+00, 2.2117e-01, 
 2DIAGNOSTIC,     3, -4.767283681417e-01, 1.797693134862e+308, 5.4629e+00, 1.9049e-01, 
 2DIAGNOSTIC,     4, -4.768480892438e-01, 1.797693134862e+308, 5.6923e+00, 2.2931e-01, 
 2DIAGNOSTIC,     5, -4.768783341528e-01, 1.797693134862e+308, 5.8893e+00, 1.9709e-01, 
 2DIAGNOSTIC,     6, -4.769291840058e-01, 1.797693134862e+308, 6.0812e+00, 1.9181e-01, 
 2DIAGNOSTIC,     7, -4.770614693121e-01, 1.797693134862e+308, 6.2735e+00, 1.9237e-01, 
 2DIAGNOSTIC,     8, -4.772316766274e-01, 1.797693134862e+308, 6.5687e+00, 2.9518e-01, 
 2DIAGNOSTIC,     9, -4.772992648219e-01, 1.797693134862e+308, 6.7655e+00, 1.9676e-01, 
 2DIAGNOSTIC,    10, -4.773778661259e-01, 1.271143268326e-04, 6.9553e+00, 1.8981e-01, 
 2DIAGNOSTIC,    11, -4.775808162235e-01, 1.150266887726e-04, 7.1767e+00, 2.2145e-01, 
 2DIAGNOSTIC,    12, -4.776797359340e-01, 1.090499884030e-04, 7.4032e+00, 2.2647e-01, 
 2DIAGNOSTIC,    13, -4.777835734838e-01, 1.056407740357e-04, 7.6427e+00, 2.3949e-01, 
 2DIAGNOSTIC,    14, -4.784301861697e-01, 1.259959411746e-04, 7.8595e+00, 2.1684e-01, 
 2DIAGNOSTIC,    15, -4.787725947580e-01, 1.465259273798e-04, 8.1592e+00, 2.9967e-01, 
 2DIAGNOSTIC,    16, -4.789021615823e-01, 1.577655527461e-04, 8.8348e+00, 6.7564e-01, 
 2DIAGNOSTIC,    17, -4.789021615394e-01, 1.581599734131e-04, 9.4854e+00, 6.5058e-01, 
 2DIAGNOSTIC,    18, -4.789021615394e-01, 1.498646043579e-04, 9.7774e+00, 2.9199e-01, 
 2DIAGNOSTIC,    19, -4.789021615394e-01, 1.305687039350e-04, 1.0041e+01, 2.6371e-01, 
 2DIAGNOSTIC,    20, -4.789021615394e-01, 1.032240469235e-04, 1.0261e+01, 2.2005e-01, 
 2DIAGNOSTIC,    21, -4.789021615394e-01, 7.492804117642e-05, 1.0501e+01, 2.3933e-01, 
 2DIAGNOSTIC,    22, -4.789021615394e-01, 4.529943033130e-05, 1.0704e+01, 2.0336e-01, 
 2DIAGNOSTIC,    23, -4.789021615394e-01, 1.651750156952e-05, 1.0949e+01, 2.4554e-01, 
 2DIAGNOSTIC,    24, -4.789021615394e-01, 4.538752123501e-06, 1.1228e+01, 2.7874e-01, 
 2DIAGNOSTIC,    25, -4.789021615394e-01, 1.274947714215e-06, 1.1474e+01, 2.4544e-01, 
 2DIAGNOSTIC,    26, -4.789021615394e-01, 1.225817692255e-06, 1.1715e+01, 2.4187e-01, 
 2DIAGNOSTIC,    27, -4.789021615394e-01, 1.180332742129e-06, 1.1980e+01, 2.6488e-01, 
 2DIAGNOSTIC,    28, -4.789021615394e-01, 1.138102533424e-06, 1.2213e+01, 2.3308e-01, 
 2DIAGNOSTIC,    29, -4.789021615394e-01, 1.098789786776e-06, 1.2433e+01, 2.1948e-01, 
 2DIAGNOSTIC,    30, -4.789021615394e-01, 1.062102268606e-06, 1.2653e+01, 2.1966e-01, 
 2DIAGNOSTIC,    31, -4.789021615394e-01, 1.027785513787e-06, 1.2941e+01, 2.8849e-01, 
DIAGNOSTIC,Iteration,metricValue,convergenceValue,ITERATION_TIME_INDEX,SINCE_LAST
 2DIAGNOSTIC,     1, -4.453309674910e-01, 1.797693134862e+308, 1.5469e+01, 2.5282e+00, 
 2DIAGNOSTIC,     2, -4.453454287247e-01, 1.797693134862e+308, 1.7015e+01, 1.5457e+00, 
 2DIAGNOSTIC,     3, -4.453564475268e-01, 1.797693134862e+308, 1.8510e+01, 1.4952e+00, 
 2DIAGNOSTIC,     4, -4.453589194071e-01, 1.797693134862e+308, 1.9983e+01, 1.4728e+00, 
 2DIAGNOSTIC,     5, -4.453652658015e-01, 1.797693134862e+308, 2.1672e+01, 1.6891e+00, 
 2DIAGNOSTIC,     6, -4.453656256657e-01, 1.797693134862e+308, 2.3853e+01, 2.1811e+00, 
 2DIAGNOSTIC,     7, -4.453655446701e-01, 1.797693134862e+308, 2.5654e+01, 1.8002e+00, 
 2DIAGNOSTIC,     8, -4.453653772184e-01, 1.797693134862e+308, 2.7324e+01, 1.6700e+00, 
 2DIAGNOSTIC,     9, -4.453652744251e-01, 1.797693134862e+308, 2.8869e+01, 1.5453e+00, 
 2DIAGNOSTIC,    10, -4.453650840704e-01, 7.065819061153e-06, 3.0437e+01, 1.5685e+00, 
 2DIAGNOSTIC,    11, -4.453648210651e-01, 4.715725737292e-06, 3.1919e+01, 1.4816e+00, 
 2DIAGNOSTIC,    12, -4.453647950270e-01, 3.351954271244e-06, 3.3623e+01, 1.7043e+00, 
 2DIAGNOSTIC,    13, -4.453646152827e-01, 2.667240439055e-06, 3.5011e+01, 1.3879e+00, 
 2DIAGNOSTIC,    14, -4.453645839523e-01, 2.163587496343e-06, 3.6901e+01, 1.8900e+00, 
 2DIAGNOSTIC,    15, -4.453648089873e-01, 2.016100943664e-06, 3.8243e+01, 1.3420e+00, 
 2DIAGNOSTIC,    16, -4.453647167437e-01, 1.907080847824e-06, 3.9721e+01, 1.4777e+00, 
 2DIAGNOSTIC,    17, -4.453647114135e-01, 1.815386246259e-06, 4.1232e+01, 1.5110e+00, 
 2DIAGNOSTIC,    18, -4.453646185803e-01, 1.729889456799e-06, 4.2751e+01, 1.5190e+00, 
 2DIAGNOSTIC,    19, -4.453646504409e-01, 1.654581372676e-06, 4.4276e+01, 1.5250e+00, 
 2DIAGNOSTIC,    20, -4.453644393788e-01, 1.575784298991e-06, 4.5788e+01, 1.5125e+00, 
 2DIAGNOSTIC,    21, -4.453643518621e-01, 1.495324158322e-06, 4.7294e+01, 1.5055e+00, 
 2DIAGNOSTIC,    22, -4.453643525509e-01, 1.423540528275e-06, 4.8878e+01, 1.5843e+00, 
 2DIAGNOSTIC,    23, -4.453643213608e-01, 1.354213680541e-06, 5.0391e+01, 1.5125e+00, 
 2DIAGNOSTIC,    24, -4.453642833590e-01, 1.291322161361e-06, 5.1727e+01, 1.3365e+00, 
 2DIAGNOSTIC,    25, -4.453642809770e-01, 1.242489286922e-06, 5.3206e+01, 1.4790e+00, 
 2DIAGNOSTIC,    26, -4.453642693306e-01, 1.197699030127e-06, 5.4788e+01, 1.5814e+00, 
 2DIAGNOSTIC,    27, -4.453641849236e-01, 1.156526082707e-06, 5.6604e+01, 1.8168e+00, 
 2DIAGNOSTIC,    28, -4.453641336690e-01, 1.117004600822e-06, 5.8119e+01, 1.5147e+00, 
 2DIAGNOSTIC,    29, -4.453641659390e-01, 1.083553658743e-06, 5.9487e+01, 1.3680e+00, 
 2DIAGNOSTIC,    30, -4.453641323938e-01, 1.048376923864e-06, 6.1174e+01, 1.6869e+00, 
 2DIAGNOSTIC,    31, -4.453641668844e-01, 1.015510403955e-06, 6.2544e+01, 1.3703e+00, 
  Elapsed time (stage 0): 6.3441e+01


Total elapsed time: 6.3443e+01
Info [verificarlo]: loaded backend libinterflop_ieee.so
Info [interflop-ieee]: load backend with:
Info [interflop-ieee]: debug = false
Info [interflop-ieee]: debug-binary = false
Info [interflop-ieee]: no-backend-name = false
Info [interflop-ieee]: print-new-line = false
Info [interflop-ieee]: print-subnormal-normalized = false
Info [interflop-ieee]: count-op = false
All_Command_lines_OK
Using double precision for computations.
=============================================================================
The composite transform comprises the following transforms (in order): 
  1. /home/mdugre/scratch/mri-registration-rp/datasets/ds004513/derivatives/mri-registration-rp/0001/antsRegistration-r7-p7/sub-s003/rigid_Composite.h5[0] (type = Euler3DTransform)
  2. /home/mdugre/scratch/mri-registration-rp/datasets/ds004513/derivatives/mri-registration-rp/0001/antsRegistration-r7-p7/sub-s003/rigid_Composite.h5[1] (type = Euler3DTransform)
  3. /home/mdugre/scratch/mri-registration-rp/datasets/ds004513/derivatives/mri-registration-rp/0001/antsRegistration-r7-p7/sub-s003/rigid_Composite.h5[2] (type = Euler3DTransform)
=============================================================================
  number of levels = 4
  fixed image: /templateflow/tpl-MNI152NLin2009cAsym/tpl-MNI152NLin2009cAsym_res-01_desc-brain_T1w.nii.gz
  moving image: /home/mdugre/scratch/mri-registration-rp/datasets/ds004513/derivatives/mri-registration-rp/antsBrainExtraction/sub-s003/BrainExtractionBrain.nii.gz
Dimension = 3
Number of stages = 1
Use histogram matching = false
Winsorize image intensities = true
  Lower quantile = 0.005
  Upper quantile = 0.995


Stage 1 State
   Image metric = MattesMI
     Fixed image = Image (0x48b2530)
  RTTI typeinfo:   itk::Image<double, 3u>
  Reference Count: 2
  Modified Time: 1594
  Debug: Off
  Object Name: 
  Observers: 
    none
  Source: (none)
  Source output name: (none)
  Release Data: Off
  Data Released: False
  Global Release Data: Off
  PipelineMTime: 0
  UpdateMTime: 1203
  RealTimeStamp: 0 seconds 
  LargestPossibleRegion: 
    Dimension: 3
    Index: [0, 0, 0]
    Size: [193, 229, 193]
  BufferedRegion: 
    Dimension: 3
    Index: [0, 0, 0]
    Size: [193, 229, 193]
  RequestedRegion: 
    Dimension: 3
    Index: [0, 0, 0]
    Size: [193, 229, 193]
  Spacing: [1, 1, 1]
  Origin: [96, 132, -78]
  Direction: 
-1 0 0
0 -1 0
0 0 1

  IndexToPointMatrix: 
-1 0 0
0 -1 0
0 0 1

  PointToIndexMatrix: 
-1 0 0
0 -1 0
0 0 1

  Inverse Direction: 
-1 0 0
0 -1 0
0 0 1

  PixelContainer: 
    ImportImageContainer (0x496b2a0)
      RTTI typeinfo:   itk::ImportImageContainer<unsigned long, double>
      Reference Count: 1
      Modified Time: 1200
      Debug: Off
      Object Name: 
      Observers: 
        none
      Pointer: 0x14bcd4464010
      Container manages memory: true
      Size: 8530021
      Capacity: 8530021

     Moving image = Image (0x496de60)
  RTTI typeinfo:   itk::Image<double, 3u>
  Reference Count: 2
  Modified Time: 1595
  Debug: Off
  Object Name: 
  Observers: 
    none
  Source: (none)
  Source output name: (none)
  Release Data: Off
  Data Released: False
  Global Release Data: Off
  PipelineMTime: 0
  UpdateMTime: 1592
  RealTimeStamp: 0 seconds 
  LargestPossibleRegion: 
    Dimension: 3
    Index: [0, 0, 0]
    Size: [176, 240, 256]
  BufferedRegion: 
    Dimension: 3
    Index: [0, 0, 0]
    Size: [176, 240, 256]
  RequestedRegion: 
    Dimension: 3
    Index: [0, 0, 0]
    Size: [176, 240, 256]
  Spacing: [0.999999, 1, 1]
  Origin: [93.3499, 86.9368, -128.957]
  Direction: 
-0.999513 -0.0279216 -0.0139567
0.0279189 -0.99961 0.000389866
-0.0139622 2.01492e-08 0.999903

  IndexToPointMatrix: 
-0.999512 -0.0279216 -0.0139567
0.0279189 -0.99961 0.000389866
-0.0139621 2.01492e-08 0.999903

  PointToIndexMatrix: 
-0.999514 0.0279189 -0.0139622
-0.0279216 -0.99961 2.01716e-08
-0.0139567 0.000389866 0.999903

  Inverse Direction: 
-0.999513 0.0279189 -0.0139622
-0.0279216 -0.99961 2.01716e-08
-0.0139567 0.000389866 0.999903

  PixelContainer: 
    ImportImageContainer (0x49a1390)
      RTTI typeinfo:   itk::ImportImageContainer<unsigned long, double>
      Reference Count: 1
      Modified Time: 1589
      Debug: Off
      Object Name: 
      Observers: 
        none
      Pointer: 0x14bccf1e3010
      Container manages memory: true
      Size: 10813440
      Capacity: 10813440

     Weighting = 1
     Sampling strategy = regular
     Number of bins = 32
     Radius = 4
     Sampling percentage  = 0.25
   Transform = Affine
     Gradient step = 0.1
     Update field sigma (voxel space) = 0
     Total field sigma (voxel space) = 0
     Update field time sigma = 0
     Total field time sigma  = 0
     Number of time indices = 0
     Number of time point samples = 0
Registration using 1 total stages.

Stage 0
  iterations = 1000x500x250x100
  convergence threshold = 1e-06
  convergence window size = 10
  number of levels = 4
  using the Mattes MI metric (number of bins = 32, weight = 1, use gradient filter = 0)
  preprocessing:  winsorizing the image intensities
  Shrink factors (level 1 out of 4): [8, 8, 8]
  Shrink factors (level 2 out of 4): [4, 4, 4]
  Shrink factors (level 3 out of 4): [2, 2, 2]
  Shrink factors (level 4 out of 4): [1, 1, 1]
  smoothing sigmas per level: [3, 2, 1, 0]
  regular sampling (percentage = 0.25)

*** Running AffineTransform registration ***

DIAGNOSTIC,Iteration,metricValue,convergenceValue,ITERATION_TIME_INDEX,SINCE_LAST
 2DIAGNOSTIC,     1, -6.598791579803e-01, 1.797693134862e+308, 7.6299e-01, 7.6299e-01, 
 2DIAGNOSTIC,     2, -6.625661506048e-01, 1.797693134862e+308, 7.6729e-01, 4.2980e-03, 
 2DIAGNOSTIC,     3, -6.667038206649e-01, 1.797693134862e+308, 7.7155e-01, 4.2589e-03, 
 2DIAGNOSTIC,     4, -6.727419715651e-01, 1.797693134862e+308, 7.7554e-01, 3.9890e-03, 
 2DIAGNOSTIC,     5, -6.806595712845e-01, 1.797693134862e+308, 7.8009e-01, 4.5521e-03, 
 2DIAGNOSTIC,     6, -6.924060604948e-01, 1.797693134862e+308, 7.8496e-01, 4.8740e-03, 
 2DIAGNOSTIC,     7, -7.132848429299e-01, 1.797693134862e+308, 7.9088e-01, 5.9142e-03, 
 2DIAGNOSTIC,     8, -7.205177911613e-01, 1.797693134862e+308, 7.9530e-01, 4.4250e-03, 
 2DIAGNOSTIC,     9, -7.210272729381e-01, 1.797693134862e+308, 7.9974e-01, 4.4389e-03, 
 2DIAGNOSTIC,    10, -7.215713226745e-01, 7.052182855781e-03, 8.0500e-01, 5.2540e-03, 
 2DIAGNOSTIC,    11, -7.213710515604e-01, 6.061053368264e-03, 8.1015e-01, 5.1551e-03, 
 2DIAGNOSTIC,    12, -7.215163355064e-01, 4.785086187531e-03, 8.1602e-01, 5.8692e-03, 
 2DIAGNOSTIC,    13, -7.213662918927e-01, 3.403629125588e-03, 8.2176e-01, 5.7340e-03, 
 2DIAGNOSTIC,    14, -7.213280791782e-01, 2.097875968048e-03, 8.2703e-01, 5.2719e-03, 
 2DIAGNOSTIC,    15, -7.214436702072e-01, 9.980018685554e-04, 8.3218e-01, 5.1539e-03, 
 2DIAGNOSTIC,    16, -7.213034370376e-01, 2.287830579816e-04, 8.3755e-01, 5.3701e-03, 
 2DIAGNOSTIC,    17, -7.212435083778e-01, 2.169866007004e-05, 8.4297e-01, 5.4159e-03, 
DIAGNOSTIC,Iteration,metricValue,convergenceValue,ITERATION_TIME_INDEX,SINCE_LAST
 2DIAGNOSTIC,     1, -5.941521564944e-01, 1.797693134862e+308, 1.5946e+00, 7.5162e-01, 
 2DIAGNOSTIC,     2, -5.942449318099e-01, 1.797693134862e+308, 1.6278e+00, 3.3217e-02, 
 2DIAGNOSTIC,     3, -5.946057269115e-01, 1.797693134862e+308, 1.6657e+00, 3.7883e-02, 
 2DIAGNOSTIC,     4, -5.950055390214e-01, 1.797693134862e+308, 1.7009e+00, 3.5200e-02, 
 2DIAGNOSTIC,     5, -5.957151961902e-01, 1.797693134862e+308, 1.7376e+00, 3.6720e-02, 
 2DIAGNOSTIC,     6, -5.972699499350e-01, 1.797693134862e+308, 1.7735e+00, 3.5933e-02, 
 2DIAGNOSTIC,     7, -5.996926945523e-01, 1.797693134862e+308, 1.8118e+00, 3.8232e-02, 
 2DIAGNOSTIC,     8, -6.002296065440e-01, 1.797693134862e+308, 1.8613e+00, 4.9530e-02, 
 2DIAGNOSTIC,     9, -6.003713219173e-01, 1.797693134862e+308, 1.8965e+00, 3.5166e-02, 
 2DIAGNOSTIC,    10, -6.008080645629e-01, 8.789064672724e-04, 1.9350e+00, 3.8559e-02, 
 2DIAGNOSTIC,    11, -6.009601451737e-01, 7.988681974214e-04, 1.9711e+00, 3.6063e-02, 
 2DIAGNOSTIC,    12, -6.010360664237e-01, 6.660171026728e-04, 2.0081e+00, 3.7050e-02, 
 2DIAGNOSTIC,    13, -6.011514401492e-01, 5.116181476001e-04, 2.0414e+00, 3.3234e-02, 
 2DIAGNOSTIC,    14, -6.013087041510e-01, 3.531303034474e-04, 2.0749e+00, 3.3523e-02, 
 2DIAGNOSTIC,    15, -6.015924658822e-01, 2.147571756038e-04, 2.1225e+00, 4.7626e-02, 
 2DIAGNOSTIC,    16, -6.016298697239e-01, 1.194437835070e-04, 2.1683e+00, 4.5744e-02, 
 2DIAGNOSTIC,    17, -6.016495753402e-01, 9.265545245642e-05, 2.2019e+00, 3.3589e-02, 
 2DIAGNOSTIC,    18, -6.018008099077e-01, 7.875045228783e-05, 2.2357e+00, 3.3838e-02, 
 2DIAGNOSTIC,    19, -6.019203710982e-01, 6.527910290061e-05, 2.2739e+00, 3.8207e-02, 
 2DIAGNOSTIC,    20, -6.019936117377e-01, 5.914517943262e-05, 2.3152e+00, 4.1313e-02, 
 2DIAGNOSTIC,    21, -6.019974278524e-01, 5.179849983478e-05, 2.3525e+00, 3.7295e-02, 
 2DIAGNOSTIC,    22, -6.020114353541e-01, 4.247186767068e-05, 2.3937e+00, 4.1194e-02, 
 2DIAGNOSTIC,    23, -6.019945108530e-01, 3.209477743753e-05, 2.4266e+00, 3.2930e-02, 
 2DIAGNOSTIC,    24, -6.019978901069e-01, 2.269151194498e-05, 2.4618e+00, 3.5175e-02, 
 2DIAGNOSTIC,    25, -6.019896400320e-01, 1.725616206809e-05, 2.5065e+00, 4.4705e-02, 
 2DIAGNOSTIC,    26, -6.019911616563e-01, 1.149815448941e-05, 2.5399e+00, 3.3380e-02, 
 2DIAGNOSTIC,    27, -6.019746542738e-01, 5.222226893711e-06, 2.5774e+00, 3.7488e-02, 
 2DIAGNOSTIC,    28, -6.019663948752e-01, 1.400980978956e-06, 2.6108e+00, 3.3403e-02, 
DIAGNOSTIC,Iteration,metricValue,convergenceValue,ITERATION_TIME_INDEX,SINCE_LAST
 2DIAGNOSTIC,     1, -5.256329260431e-01, 1.797693134862e+308, 3.7720e+00, 1.1612e+00, 
 2DIAGNOSTIC,     2, -5.259283463917e-01, 1.797693134862e+308, 4.0071e+00, 2.3505e-01, 
 2DIAGNOSTIC,     3, -5.262279682620e-01, 1.797693134862e+308, 4.2640e+00, 2.5689e-01, 
 2DIAGNOSTIC,     4, -5.264706752941e-01, 1.797693134862e+308, 4.4897e+00, 2.2579e-01, 
 2DIAGNOSTIC,     5, -5.267320912401e-01, 1.797693134862e+308, 4.7167e+00, 2.2697e-01, 
 2DIAGNOSTIC,     6, -5.272530128265e-01, 1.797693134862e+308, 4.9790e+00, 2.6225e-01, 
 2DIAGNOSTIC,     7, -5.279358079710e-01, 1.797693134862e+308, 5.2167e+00, 2.3769e-01, 
 2DIAGNOSTIC,     8, -5.326473524556e-01, 1.797693134862e+308, 5.8824e+00, 6.6570e-01, 
 2DIAGNOSTIC,     9, -5.326482018881e-01, 1.797693134862e+308, 6.1712e+00, 2.8880e-01, 
 2DIAGNOSTIC,    10, -5.326467638638e-01, 9.800385724503e-04, 6.4409e+00, 2.6970e-01, 
 2DIAGNOSTIC,    11, -5.326457710813e-01, 9.574496953215e-04, 6.7275e+00, 2.8666e-01, 
 2DIAGNOSTIC,    12, -5.326451757356e-01, 8.648524075842e-04, 6.9824e+00, 2.5486e-01, 
 2DIAGNOSTIC,    13, -5.326446539438e-01, 7.179384536518e-04, 7.2514e+00, 2.6906e-01, 
 2DIAGNOSTIC,    14, -5.326432374368e-01, 5.361242860934e-04, 7.4953e+00, 2.4390e-01, 
 2DIAGNOSTIC,    15, -5.326441721361e-01, 3.418553950628e-04, 7.7530e+00, 2.5768e-01, 
 2DIAGNOSTIC,    16, -5.326447768943e-01, 1.595748944194e-04, 7.9893e+00, 2.3624e-01, 
 2DIAGNOSTIC,    17, -5.326448153722e-01, 1.608202796349e-06, 8.2286e+00, 2.3935e-01, 
 2DIAGNOSTIC,    18, -5.326445726922e-01, 1.574609480276e-06, 8.4684e+00, 2.3983e-01, 
 2DIAGNOSTIC,    19, -5.326426862951e-01, 1.535564294837e-06, 8.7712e+00, 3.0280e-01, 
 2DIAGNOSTIC,    20, -5.326437973398e-01, 1.506598253556e-06, 9.0017e+00, 2.3041e-01, 
 2DIAGNOSTIC,    21, -5.326407583562e-01, 1.383820322512e-06, 9.2602e+00, 2.5851e-01, 
 2DIAGNOSTIC,    22, -5.326416410434e-01, 1.293961223135e-06, 9.5729e+00, 3.1273e-01, 
 2DIAGNOSTIC,    23, -5.326413997243e-01, 1.209559124096e-06, 9.8320e+00, 2.5915e-01, 
 2DIAGNOSTIC,    24, -5.326404911220e-01, 1.096559595258e-06, 1.0128e+01, 2.9622e-01, 
 2DIAGNOSTIC,    25, -5.326400857796e-01, 1.026215204675e-06, 1.0362e+01, 2.3402e-01, 
DIAGNOSTIC,Iteration,metricValue,convergenceValue,ITERATION_TIME_INDEX,SINCE_LAST
 2DIAGNOSTIC,     1, -4.875860955882e-01, 1.797693134862e+308, 1.3107e+01, 2.7444e+00, 
 2DIAGNOSTIC,     2, -4.877338751813e-01, 1.797693134862e+308, 1.4825e+01, 1.7188e+00, 
 2DIAGNOSTIC,     3, -4.879003252616e-01, 1.797693134862e+308, 1.6548e+01, 1.7223e+00, 
