
##########################
# Experiment information #
##########################

EXPERIMENT_NAME: antsRegistration-r7-p13
VFC_BACKENDS: libinterflop_vprec.so --range-binary32=7 --precision-binary32=13 --range-binary64=7 --precision-binary64=13

SIF_IMG: /home/mdugre/projects/rrg-glatard/mdugre/containers/ants-vprec-no_metrics.simg

SUBJECT_ID: s037
INPUT_IMG: /home/mdugre/scratch/mri-registration-rp/datasets/ds004513/derivatives/mri-registration-rp/antsBrainExtraction/sub-s037/BrainExtractionBrain.nii.gz
OUTPUT_DIR: /home/mdugre/scratch/mri-registration-rp/datasets/ds004513/derivatives/mri-registration-rp/0001/antsRegistration-r7-p13/sub-s037

FIXED_IMG: /templateflow/tpl-MNI152NLin2009cAsym/tpl-MNI152NLin2009cAsym_res-01_desc-brain_T1w.nii.gz
DATA_DIR: /home/mdugre/scratch/mri-registration-rp/datasets/ds004513
TEMPLATEFLOW_DIR: /home/mdugre/projects/rrg-glatard/mdugre/templateflow
ITK_GLOBAL_DEFAULT_NUMBER_OF_THREADS: 16
##########################

Info [verificarlo]: loaded backend libinterflop_ieee.so
Info [interflop-ieee]: load backend with:
Info [interflop-ieee]: debug = false
Info [interflop-ieee]: debug-binary = false
Info [interflop-ieee]: no-backend-name = false
Info [interflop-ieee]: print-new-line = false
Info [interflop-ieee]: print-subnormal-normalized = false
Info [interflop-ieee]: count-op = false
All_Command_lines_OK
Using double precision for computations.
=============================================================================
The composite transform comprises the following transforms (in order): 
  1. Center of mass alignment using fixed image: /templateflow/tpl-MNI152NLin2009cAsym/tpl-MNI152NLin2009cAsym_res-01_desc-brain_T1w.nii.gz and moving image: /home/mdugre/scratch/mri-registration-rp/datasets/ds004513/derivatives/mri-registration-rp/antsBrainExtraction/sub-s037/BrainExtractionBrain.nii.gz (type = Euler3DTransform)
=============================================================================
  number of levels = 1
  fixed image: /templateflow/tpl-MNI152NLin2009cAsym/tpl-MNI152NLin2009cAsym_res-01_desc-brain_T1w.nii.gz
  moving image: /home/mdugre/scratch/mri-registration-rp/datasets/ds004513/derivatives/mri-registration-rp/antsBrainExtraction/sub-s037/BrainExtractionBrain.nii.gz
Dimension = 3
Number of stages = 1
Use histogram matching = false
Winsorize image intensities = true
  Lower quantile = 0.005
  Upper quantile = 0.995


Stage 1 State
   Image metric = MattesMI
     Fixed image = Image (0x435be70)
  RTTI typeinfo:   itk::Image<double, 3u>
  Reference Count: 2
  Modified Time: 2330
  Debug: Off
  Object Name: 
  Observers: 
    none
  Source: (none)
  Source output name: (none)
  Release Data: Off
  Data Released: False
  Global Release Data: Off
  PipelineMTime: 0
  UpdateMTime: 1941
  RealTimeStamp: 0 seconds 
  LargestPossibleRegion: 
    Dimension: 3
    Index: [0, 0, 0]
    Size: [193, 229, 193]
  BufferedRegion: 
    Dimension: 3
    Index: [0, 0, 0]
    Size: [193, 229, 193]
  RequestedRegion: 
    Dimension: 3
    Index: [0, 0, 0]
    Size: [193, 229, 193]
  Spacing: [1, 1, 1]
  Origin: [96, 132, -78]
  Direction: 
-1 0 0
0 -1 0
0 0 1

  IndexToPointMatrix: 
-1 0 0
0 -1 0
0 0 1

  PointToIndexMatrix: 
-1 0 0
0 -1 0
0 0 1

  Inverse Direction: 
-1 0 0
0 -1 0
0 0 1

  PixelContainer: 
    ImportImageContainer (0x4364c60)
      RTTI typeinfo:   itk::ImportImageContainer<unsigned long, double>
      Reference Count: 1
      Modified Time: 1938
      Debug: Off
      Object Name: 
      Observers: 
        none
      Pointer: 0x1503a095c010
      Container manages memory: true
      Size: 8530021
      Capacity: 8530021

     Moving image = Image (0x43f8ec0)
  RTTI typeinfo:   itk::Image<double, 3u>
  Reference Count: 2
  Modified Time: 2331
  Debug: Off
  Object Name: 
  Observers: 
    none
  Source: (none)
  Source output name: (none)
  Release Data: Off
  Data Released: False
  Global Release Data: Off
  PipelineMTime: 0
  UpdateMTime: 2328
  RealTimeStamp: 0 seconds 
  LargestPossibleRegion: 
    Dimension: 3
    Index: [0, 0, 0]
    Size: [160, 240, 256]
  BufferedRegion: 
    Dimension: 3
    Index: [0, 0, 0]
    Size: [160, 240, 256]
  RequestedRegion: 
    Dimension: 3
    Index: [0, 0, 0]
    Size: [160, 240, 256]
  Spacing: [1, 1, 1]
  Origin: [87.9508, 102.562, -147.639]
  Direction: 
-0.998659 -0.0436121 -0.0279129
0.043595 -0.999049 0.00121847
-0.0279395 -2.65543e-08 0.99961

  IndexToPointMatrix: 
-0.998659 -0.0436121 -0.0279129
0.043595 -0.999049 0.00121847
-0.0279395 -2.65543e-08 0.99961

  PointToIndexMatrix: 
-0.998659 0.043595 -0.0279395
-0.0436121 -0.999049 -2.65517e-08
-0.0279129 0.00121847 0.99961

  Inverse Direction: 
-0.998659 0.043595 -0.0279395
-0.0436121 -0.999049 -2.65517e-08
-0.0279129 0.00121847 0.99961

  PixelContainer: 
    ImportImageContainer (0x4490610)
      RTTI typeinfo:   itk::ImportImageContainer<unsigned long, double>
      Reference Count: 1
      Modified Time: 2325
      Debug: Off
      Object Name: 
      Observers: 
        none
      Pointer: 0x15039be5b010
      Container manages memory: true
      Size: 9830400
      Capacity: 9830400

     Weighting = 1
     Sampling strategy = regular
     Number of bins = 32
     Radius = 4
     Sampling percentage  = 0.25
   Transform = Rigid
     Gradient step = 0.1
     Update field sigma (voxel space) = 0
     Total field sigma (voxel space) = 0
     Update field time sigma = 0
     Total field time sigma  = 0
     Number of time indices = 0
     Number of time point samples = 0
Registration using 1 total stages.

Stage 0
  iterations = 0
  convergence threshold = 1e-06
  convergence window size = 10
  number of levels = 1
  using the Mattes MI metric (number of bins = 32, weight = 1, use gradient filter = 0)
  preprocessing:  winsorizing the image intensities
  Shrink factors (level 1 out of 1): [1, 1, 1]
  smoothing sigmas per level: [0]
  regular sampling (percentage = 0.25)

*** Running Euler3DTransform registration ***

  Elapsed time (stage 0): 1.12606


Total elapsed time: 1.12825
Info [verificarlo]: loaded backend libinterflop_ieee.so
Info [interflop-ieee]: load backend with:
Info [interflop-ieee]: debug = false
Info [interflop-ieee]: debug-binary = false
Info [interflop-ieee]: no-backend-name = false
Info [interflop-ieee]: print-new-line = false
Info [interflop-ieee]: print-subnormal-normalized = false
Info [interflop-ieee]: count-op = false
All_Command_lines_OK
Using double precision for computations.
=============================================================================
The composite transform comprises the following transforms (in order): 
  1. /home/mdugre/scratch/mri-registration-rp/datasets/ds004513/derivatives/mri-registration-rp/0001/antsRegistration-r7-p13/sub-s037/align_Composite.h5[0] (type = Euler3DTransform)
  2. /home/mdugre/scratch/mri-registration-rp/datasets/ds004513/derivatives/mri-registration-rp/0001/antsRegistration-r7-p13/sub-s037/align_Composite.h5[1] (type = Euler3DTransform)
=============================================================================
  number of levels = 4
  fixed image: /templateflow/tpl-MNI152NLin2009cAsym/tpl-MNI152NLin2009cAsym_res-01_desc-brain_T1w.nii.gz
  moving image: /home/mdugre/scratch/mri-registration-rp/datasets/ds004513/derivatives/mri-registration-rp/antsBrainExtraction/sub-s037/BrainExtractionBrain.nii.gz
Dimension = 3
Number of stages = 1
Use histogram matching = false
Winsorize image intensities = true
  Lower quantile = 0.005
  Upper quantile = 0.995


Stage 1 State
   Image metric = MattesMI
     Fixed image = Image (0x4702530)
  RTTI typeinfo:   itk::Image<double, 3u>
  Reference Count: 2
  Modified Time: 1578
  Debug: Off
  Object Name: 
  Observers: 
    none
  Source: (none)
  Source output name: (none)
  Release Data: Off
  Data Released: False
  Global Release Data: Off
  PipelineMTime: 0
  UpdateMTime: 1189
  RealTimeStamp: 0 seconds 
  LargestPossibleRegion: 
    Dimension: 3
    Index: [0, 0, 0]
    Size: [193, 229, 193]
  BufferedRegion: 
    Dimension: 3
    Index: [0, 0, 0]
    Size: [193, 229, 193]
  RequestedRegion: 
    Dimension: 3
    Index: [0, 0, 0]
    Size: [193, 229, 193]
  Spacing: [1, 1, 1]
  Origin: [96, 132, -78]
  Direction: 
-1 0 0
0 -1 0
0 0 1

  IndexToPointMatrix: 
-1 0 0
0 -1 0
0 0 1

  PointToIndexMatrix: 
-1 0 0
0 -1 0
0 0 1

  Inverse Direction: 
-1 0 0
0 -1 0
0 0 1

  PixelContainer: 
    ImportImageContainer (0x47c0d60)
      RTTI typeinfo:   itk::ImportImageContainer<unsigned long, double>
      Reference Count: 1
      Modified Time: 1186
      Debug: Off
      Object Name: 
      Observers: 
        none
      Pointer: 0x149dbadd0010
      Container manages memory: true
      Size: 8530021
      Capacity: 8530021

     Moving image = Image (0x47b2f60)
  RTTI typeinfo:   itk::Image<double, 3u>
  Reference Count: 2
  Modified Time: 1579
  Debug: Off
  Object Name: 
  Observers: 
    none
  Source: (none)
  Source output name: (none)
  Release Data: Off
  Data Released: False
  Global Release Data: Off
  PipelineMTime: 0
  UpdateMTime: 1576
  RealTimeStamp: 0 seconds 
  LargestPossibleRegion: 
    Dimension: 3
    Index: [0, 0, 0]
    Size: [160, 240, 256]
  BufferedRegion: 
    Dimension: 3
    Index: [0, 0, 0]
    Size: [160, 240, 256]
  RequestedRegion: 
    Dimension: 3
    Index: [0, 0, 0]
    Size: [160, 240, 256]
  Spacing: [1, 1, 1]
  Origin: [87.9508, 102.562, -147.639]
  Direction: 
-0.998659 -0.0436121 -0.0279129
0.043595 -0.999049 0.00121847
-0.0279395 -2.65543e-08 0.99961

  IndexToPointMatrix: 
-0.998659 -0.0436121 -0.0279129
0.043595 -0.999049 0.00121847
-0.0279395 -2.65543e-08 0.99961

  PointToIndexMatrix: 
-0.998659 0.043595 -0.0279395
-0.0436121 -0.999049 -2.65517e-08
-0.0279129 0.00121847 0.99961

  Inverse Direction: 
-0.998659 0.043595 -0.0279395
-0.0436121 -0.999049 -2.65517e-08
-0.0279129 0.00121847 0.99961

  PixelContainer: 
    ImportImageContainer (0x47a46d0)
      RTTI typeinfo:   itk::ImportImageContainer<unsigned long, double>
      Reference Count: 1
      Modified Time: 1573
      Debug: Off
      Object Name: 
      Observers: 
        none
      Pointer: 0x149db62cf010
      Container manages memory: true
      Size: 9830400
      Capacity: 9830400

     Weighting = 1
     Sampling strategy = regular
     Number of bins = 32
     Radius = 4
     Sampling percentage  = 0.25
   Transform = Rigid
     Gradient step = 0.1
     Update field sigma (voxel space) = 0
     Total field sigma (voxel space) = 0
     Update field time sigma = 0
     Total field time sigma  = 0
     Number of time indices = 0
     Number of time point samples = 0
Registration using 1 total stages.

Stage 0
  iterations = 1000x500x250x100
  convergence threshold = 1e-06
  convergence window size = 10
  number of levels = 4
  using the Mattes MI metric (number of bins = 32, weight = 1, use gradient filter = 0)
  preprocessing:  winsorizing the image intensities
  Shrink factors (level 1 out of 4): [8, 8, 8]
  Shrink factors (level 2 out of 4): [4, 4, 4]
  Shrink factors (level 3 out of 4): [2, 2, 2]
  Shrink factors (level 4 out of 4): [1, 1, 1]
  smoothing sigmas per level: [3, 2, 1, 0]
  regular sampling (percentage = 0.25)

*** Running Euler3DTransform registration ***

DIAGNOSTIC,Iteration,metricValue,convergenceValue,ITERATION_TIME_INDEX,SINCE_LAST
 2DIAGNOSTIC,     1, -4.299060189477e-01, 1.797693134862e+308, 7.4710e-01, 7.4710e-01, 
 2DIAGNOSTIC,     2, -4.311703807429e-01, 1.797693134862e+308, 7.5178e-01, 4.6821e-03, 
 2DIAGNOSTIC,     3, -4.334997061176e-01, 1.797693134862e+308, 7.5637e-01, 4.5929e-03, 
 2DIAGNOSTIC,     4, -4.389575130370e-01, 1.797693134862e+308, 7.6081e-01, 4.4332e-03, 
 2DIAGNOSTIC,     5, -4.438813134482e-01, 1.797693134862e+308, 7.6518e-01, 4.3728e-03, 
 2DIAGNOSTIC,     6, -4.461495460377e-01, 1.797693134862e+308, 7.6957e-01, 4.3900e-03, 
 2DIAGNOSTIC,     7, -4.511407144429e-01, 1.797693134862e+308, 7.7451e-01, 4.9431e-03, 
 2DIAGNOSTIC,     8, -4.667812032718e-01, 1.797693134862e+308, 7.7956e-01, 5.0449e-03, 
 2DIAGNOSTIC,     9, -4.753090114372e-01, 1.797693134862e+308, 7.8443e-01, 4.8730e-03, 
 2DIAGNOSTIC,    10, -4.802481719655e-01, 7.481707542057e-03, 7.8940e-01, 4.9670e-03, 
 2DIAGNOSTIC,    11, -4.821261368877e-01, 7.356704266140e-03, 7.9387e-01, 4.4692e-03, 
 2DIAGNOSTIC,    12, -4.837491005316e-01, 6.749992380104e-03, 7.9901e-01, 5.1370e-03, 
 2DIAGNOSTIC,    13, -5.028244927609e-01, 6.622215038732e-03, 8.0631e-01, 7.3030e-03, 
 2DIAGNOSTIC,    14, -5.042109134424e-01, 6.183615245763e-03, 8.1067e-01, 4.3581e-03, 
 2DIAGNOSTIC,    15, -5.066116081852e-01, 5.558135432377e-03, 8.1497e-01, 4.3039e-03, 
 2DIAGNOSTIC,    16, -5.083451635836e-01, 4.676295421274e-03, 8.1934e-01, 4.3659e-03, 
 2DIAGNOSTIC,    17, -5.184993492814e-01, 3.998770501077e-03, 8.2593e-01, 6.5899e-03, 
 2DIAGNOSTIC,    18, -5.256348855879e-01, 3.769024583862e-03, 8.3077e-01, 4.8399e-03, 
 2DIAGNOSTIC,    19, -5.260487276347e-01, 3.491513201297e-03, 8.3580e-01, 5.0318e-03, 
 2DIAGNOSTIC,    20, -5.292109528778e-01, 3.174906803835e-03, 8.4081e-01, 5.0139e-03, 
 2DIAGNOSTIC,    21, -5.301818291941e-01, 2.681600094840e-03, 8.4508e-01, 4.2679e-03, 
 2DIAGNOSTIC,    22, -5.312241448707e-01, 2.041189077335e-03, 8.4997e-01, 4.8871e-03, 
 2DIAGNOSTIC,    23, -5.321371444780e-01, 1.776979648976e-03, 8.5529e-01, 5.3232e-03, 
 2DIAGNOSTIC,    24, -5.330747252612e-01, 1.429098442432e-03, 8.5963e-01, 4.3440e-03, 
 2DIAGNOSTIC,    25, -5.340979459232e-01, 1.060387803354e-03, 8.6468e-01, 5.0440e-03, 
 2DIAGNOSTIC,    26, -5.353301891797e-01, 6.839351118748e-04, 8.7044e-01, 5.7659e-03, 
 2DIAGNOSTIC,    27, -5.359877952694e-01, 5.005584934472e-04, 8.7482e-01, 4.3771e-03, 
 2DIAGNOSTIC,    28, -5.363338990036e-01, 4.385716326209e-04, 8.7927e-01, 4.4448e-03, 
 2DIAGNOSTIC,    29, -5.373050945261e-01, 3.660302516518e-04, 8.8370e-01, 4.4310e-03, 
 2DIAGNOSTIC,    30, -5.398201290786e-01, 3.716000457679e-04, 8.8891e-01, 5.2171e-03, 
 2DIAGNOSTIC,    31, -5.446419773966e-01, 4.465247011896e-04, 8.9926e-01, 1.0344e-02, 
 2DIAGNOSTIC,    32, -5.446643144684e-01, 4.912578935099e-04, 9.0358e-01, 4.3190e-03, 
 2DIAGNOSTIC,    33, -5.447644693425e-01, 5.056384975175e-04, 9.0801e-01, 4.4289e-03, 
 2DIAGNOSTIC,    34, -5.449309266176e-01, 4.904022531380e-04, 9.1232e-01, 4.3190e-03, 
 2DIAGNOSTIC,    35, -5.452044246418e-01, 4.491475305658e-04, 9.1662e-01, 4.2911e-03, 
 2DIAGNOSTIC,    36, -5.456974233174e-01, 3.933057416752e-04, 9.2101e-01, 4.3948e-03, 
 2DIAGNOSTIC,    37, -5.462998725609e-01, 3.227880165129e-04, 9.2538e-01, 4.3731e-03, 
 2DIAGNOSTIC,    38, -5.470544217205e-01, 2.429361686098e-04, 9.2977e-01, 4.3819e-03, 
 2DIAGNOSTIC,    39, -5.483332005010e-01, 1.763391229901e-04, 9.3465e-01, 4.8800e-03, 
 2DIAGNOSTIC,    40, -5.485726301044e-01, 1.327690326513e-04, 9.3903e-01, 4.3850e-03, 
 2DIAGNOSTIC,    41, -5.488484795468e-01, 1.482785506706e-04, 9.4428e-01, 5.2459e-03, 
 2DIAGNOSTIC,    42, -5.491455326910e-01, 1.532244585817e-04, 9.4879e-01, 4.5149e-03, 
 2DIAGNOSTIC,    43, -5.502459032024e-01, 1.586744998535e-04, 9.5430e-01, 5.5110e-03, 
 2DIAGNOSTIC,    44, -5.634833604411e-01, 3.167358625704e-04, 9.6088e-01, 6.5739e-03, 
 2DIAGNOSTIC,    45, -5.666279881656e-01, 4.743478335715e-04, 9.6600e-01, 5.1239e-03, 
 2DIAGNOSTIC,    46, -5.686763448158e-01, 6.107133244280e-04, 9.7116e-01, 5.1630e-03, 
 2DIAGNOSTIC,    47, -5.690896183777e-01, 6.964301009792e-04, 9.7628e-01, 5.1150e-03, 
 2DIAGNOSTIC,    48, -5.693701975316e-01, 7.231543937544e-04, 9.8152e-01, 5.2419e-03, 
 2DIAGNOSTIC,    49, -5.696173268080e-01, 6.943180114424e-04, 9.8613e-01, 4.6148e-03, 
 2DIAGNOSTIC,    50, -5.704301134604e-01, 6.108352200484e-04, 9.9147e-01, 5.3399e-03, 
 2DIAGNOSTIC,    51, -5.708221540204e-01, 4.813460260114e-04, 9.9600e-01, 4.5228e-03, 
 2DIAGNOSTIC,    52, -5.715741532150e-01, 3.239814763923e-04, 1.0021e+00, 6.1350e-03, 
 2DIAGNOSTIC,    53, -5.719199962414e-01, 1.536816046105e-04, 1.0066e+00, 4.4632e-03, 
 2DIAGNOSTIC,    54, -5.721516350820e-01, 1.102391895595e-04, 1.0114e+00, 4.8330e-03, 
 2DIAGNOSTIC,    55, -5.734134405902e-01, 1.008322946865e-04, 1.0167e+00, 5.2550e-03, 
 2DIAGNOSTIC,    56, -5.748714205804e-01, 1.155842863530e-04, 1.0229e+00, 6.2540e-03, 
 2DIAGNOSTIC,    57, -5.755435793631e-01, 1.287287921317e-04, 1.0277e+00, 4.8010e-03, 
 2DIAGNOSTIC,    58, -5.771608871984e-01, 1.468723260463e-04, 1.0337e+00, 5.9869e-03, 
 2DIAGNOSTIC,    59, -5.784040566189e-01, 1.635988743436e-04, 1.0388e+00, 5.0471e-03, 
 2DIAGNOSTIC,    60, -5.788430102069e-01, 1.749984562802e-04, 1.0444e+00, 5.5790e-03, 
 2DIAGNOSTIC,    61, -5.792838032574e-01, 1.764043795569e-04, 1.0499e+00, 5.5459e-03, 
 2DIAGNOSTIC,    62, -5.806042562411e-01, 1.787794740721e-04, 1.0553e+00, 5.4240e-03, 
 2DIAGNOSTIC,    63, -5.809996322916e-01, 1.699952232414e-04, 1.0608e+00, 5.4312e-03, 
 2DIAGNOSTIC,    64, -5.812928784792e-01, 1.493895545678e-04, 1.0668e+00, 6.0210e-03, 
 2DIAGNOSTIC,    65, -5.816125666628e-01, 1.280990903084e-04, 1.0722e+00, 5.4181e-03, 
 2DIAGNOSTIC,    66, -5.817913634111e-01, 1.084958724398e-04, 1.0772e+00, 4.9720e-03, 
 2DIAGNOSTIC,    67, -5.818579409016e-01, 8.463365203875e-05, 1.0820e+00, 4.7979e-03, 
 2DIAGNOSTIC,    68, -5.819622627177e-01, 6.663868513793e-05, 1.0877e+00, 5.7390e-03, 
 2DIAGNOSTIC,    69, -5.821046020993e-01, 5.354444908368e-05, 1.0925e+00, 4.7870e-03, 
 2DIAGNOSTIC,    70, -5.829382252042e-01, 4.537866637896e-05, 1.0985e+00, 6.0589e-03, 
 2DIAGNOSTIC,    71, -5.831677781393e-01, 3.773527207639e-05, 1.1040e+00, 5.4069e-03, 
 2DIAGNOSTIC,    72, -5.832194362228e-01, 3.680671523631e-05, 1.1094e+00, 5.4851e-03, 
 2DIAGNOSTIC,    73, -5.831502593838e-01, 3.483986418918e-05, 1.1154e+00, 5.9261e-03, 
 2DIAGNOSTIC,    74, -5.832939897018e-01, 3.269046095854e-05, 1.1208e+00, 5.4560e-03, 
 2DIAGNOSTIC,    75, -5.833249383807e-01, 2.980167115906e-05, 1.1257e+00, 4.9210e-03, 
 2DIAGNOSTIC,    76, -5.832996286410e-01, 2.518731122999e-05, 1.1312e+00, 5.4901e-03, 
 2DIAGNOSTIC,    77, -5.834057914869e-01, 1.959246168163e-05, 1.1376e+00, 6.3920e-03, 
 2DIAGNOSTIC,    78, -5.835568295942e-01, 1.407237694563e-05, 1.1436e+00, 5.9490e-03, 
 2DIAGNOSTIC,    79, -5.836528569007e-01, 8.796526856316e-06, 1.1484e+00, 4.8680e-03, 
 2DIAGNOSTIC,    80, -5.835961621024e-01, 7.894886713475e-06, 1.1532e+00, 4.7979e-03, 
 2DIAGNOSTIC,    81, -5.836223463433e-01, 7.982086957851e-06, 1.1581e+00, 4.8330e-03, 
 2DIAGNOSTIC,    82, -5.838345043068e-01, 9.032498058148e-06, 1.1643e+00, 6.2749e-03, 
 2DIAGNOSTIC,    83, -5.840900416292e-01, 1.030757322115e-05, 1.1701e+00, 5.7678e-03, 
 2DIAGNOSTIC,    84, -5.841227986602e-01, 1.165515866901e-05, 1.1755e+00, 5.3630e-03, 
 2DIAGNOSTIC,    85, -5.839752998905e-01, 1.123218892772e-05, 1.1808e+00, 5.3430e-03, 
 2DIAGNOSTIC,    86, -5.839115184896e-01, 9.282789328598e-06, 1.1858e+00, 4.9300e-03, 
 2DIAGNOSTIC,    87, -5.841779493191e-01, 8.703385450524e-06, 1.1907e+00, 4.9431e-03, 
 2DIAGNOSTIC,    88, -5.856452749689e-01, 1.678791543109e-05, 1.1970e+00, 6.2599e-03, 
 2DIAGNOSTIC,    89, -5.867736826616e-01, 3.003603551303e-05, 1.2037e+00, 6.7389e-03, 
 2DIAGNOSTIC,    90, -5.868123432538e-01, 3.998875747487e-05, 1.2093e+00, 5.6009e-03, 
 2DIAGNOSTIC,    91, -5.870208359226e-01, 4.741324310432e-05, 1.2143e+00, 5.0292e-03, 
 2DIAGNOSTIC,    92, -5.871275314115e-01, 5.187909433012e-05, 1.2194e+00, 5.0890e-03, 
 2DIAGNOSTIC,    93, -5.870809441942e-01, 5.223833862159e-05, 1.2243e+00, 4.8561e-03, 
 2DIAGNOSTIC,    94, -5.870997585566e-01, 4.779737189040e-05, 1.2291e+00, 4.8020e-03, 
 2DIAGNOSTIC,    95, -5.871470937638e-01, 3.845343901489e-05, 1.2345e+00, 5.4281e-03, 
 2DIAGNOSTIC,    96, -5.871919287101e-01, 2.565167649340e-05, 1.2404e+00, 5.8551e-03, 
 2DIAGNOSTIC,    97, -5.871828544111e-01, 1.189169445039e-05, 1.2555e+00, 1.5183e-02, 
 2DIAGNOSTIC,    98, -5.871828097825e-01, 4.903725409046e-06, 1.2677e+00, 1.2146e-02, 
 2DIAGNOSTIC,    99, -5.871828556398e-01, 3.523673986471e-06, 1.2730e+00, 5.3070e-03, 
 2DIAGNOSTIC,   100, -5.871829331723e-01, 2.030647272309e-06, 1.2777e+00, 4.7300e-03, 
 2DIAGNOSTIC,   101, -5.871830640937e-01, 1.448077782372e-06, 1.2825e+00, 4.7550e-03, 
 2DIAGNOSTIC,   102, -5.871832851809e-01, 1.321363641969e-06, 1.2872e+00, 4.7140e-03, 
DIAGNOSTIC,Iteration,metricValue,convergenceValue,ITERATION_TIME_INDEX,SINCE_LAST
 2DIAGNOSTIC,     1, -4.733923111267e-01, 1.797693134862e+308, 2.0791e+00, 7.9190e-01, 
 2DIAGNOSTIC,     2, -4.740586960163e-01, 1.797693134862e+308, 2.1110e+00, 3.1926e-02, 
 2DIAGNOSTIC,     3, -4.750885328294e-01, 1.797693134862e+308, 2.1418e+00, 3.0837e-02, 
 2DIAGNOSTIC,     4, -4.769679399512e-01, 1.797693134862e+308, 2.1754e+00, 3.3503e-02, 
 2DIAGNOSTIC,     5, -4.807833013091e-01, 1.797693134862e+308, 2.2060e+00, 3.0612e-02, 
 2DIAGNOSTIC,     6, -4.825533000305e-01, 1.797693134862e+308, 2.2403e+00, 3.4369e-02, 
 2DIAGNOSTIC,     7, -4.830029023707e-01, 1.797693134862e+308, 2.2857e+00, 4.5412e-02, 
 2DIAGNOSTIC,     8, -4.830343653425e-01, 1.797693134862e+308, 2.3176e+00, 3.1895e-02, 
 2DIAGNOSTIC,     9, -4.831502925257e-01, 1.797693134862e+308, 2.3491e+00, 3.1414e-02, 
 2DIAGNOSTIC,    10, -4.833293805913e-01, 1.577823643208e-03, 2.3788e+00, 2.9712e-02, 
 2DIAGNOSTIC,    11, -4.834056250365e-01, 1.188046937979e-03, 2.4079e+00, 2.9161e-02, 
 2DIAGNOSTIC,    12, -4.837765423181e-01, 8.106950323063e-04, 2.4401e+00, 3.2212e-02, 
 2DIAGNOSTIC,    13, -4.840635562076e-01, 4.792991165318e-04, 2.4703e+00, 3.0123e-02, 
 2DIAGNOSTIC,    14, -4.845095583075e-01, 2.468279230103e-04, 2.5075e+00, 3.7222e-02, 
 2DIAGNOSTIC,    15, -4.870358822820e-01, 2.709098699167e-04, 2.5506e+00, 4.3125e-02, 
 2DIAGNOSTIC,    16, -4.889993687408e-01, 4.021157732694e-04, 2.5866e+00, 3.6009e-02, 
 2DIAGNOSTIC,    17, -4.893588846141e-01, 5.081126204145e-04, 2.6225e+00, 3.5841e-02, 
 2DIAGNOSTIC,    18, -4.896596602670e-01, 5.678190005101e-04, 2.6604e+00, 3.7945e-02, 
 2DIAGNOSTIC,    19, -4.910427537803e-01, 6.154316438868e-04, 2.6957e+00, 3.5273e-02, 
 2DIAGNOSTIC,    20, -4.914010304850e-01, 6.147993965485e-04, 2.7261e+00, 3.0468e-02, 
 2DIAGNOSTIC,    21, -4.922022915599e-01, 5.807398016961e-04, 2.7611e+00, 3.4964e-02, 
 2DIAGNOSTIC,    22, -4.920883622584e-01, 5.033915536928e-04, 2.7979e+00, 3.6744e-02, 
 2DIAGNOSTIC,    23, -4.924549992817e-01, 4.040495617353e-04, 2.8355e+00, 3.7665e-02, 
 2DIAGNOSTIC,    24, -4.927063049847e-01, 2.907703903408e-04, 2.8727e+00, 3.7159e-02, 
 2DIAGNOSTIC,    25, -4.928239563414e-01, 2.199306029720e-04, 2.9018e+00, 2.9085e-02, 
 2DIAGNOSTIC,    26, -4.932761184667e-01, 1.886088487543e-04, 2.9441e+00, 4.2319e-02, 
 2DIAGNOSTIC,    27, -4.933532044393e-01, 1.515501196780e-04, 2.9818e+00, 3.7741e-02, 
 2DIAGNOSTIC,    28, -4.933987730769e-01, 1.097383158013e-04, 3.0194e+00, 3.7539e-02, 
 2DIAGNOSTIC,    29, -4.934408602305e-01, 8.928905963964e-05, 3.0563e+00, 3.6923e-02, 
 2DIAGNOSTIC,    30, -4.934872171726e-01, 6.933032289126e-05, 3.0918e+00, 3.5543e-02, 
 2DIAGNOSTIC,    31, -4.934834772844e-01, 5.930146967847e-05, 3.1279e+00, 3.6078e-02, 
 2DIAGNOSTIC,    32, -4.935080992975e-01, 4.262589578485e-05, 3.1669e+00, 3.8970e-02, 
 2DIAGNOSTIC,    33, -4.935265541836e-01, 2.984172614341e-05, 3.2039e+00, 3.7057e-02, 
 2DIAGNOSTIC,    34, -4.935222381905e-01, 1.934962389617e-05, 3.2479e+00, 4.3945e-02, 
 2DIAGNOSTIC,    35, -4.935223986475e-01, 9.487365004137e-06, 3.2980e+00, 5.0100e-02, 
 2DIAGNOSTIC,    36, -4.935224004902e-01, 6.668662726098e-06, 3.3945e+00, 9.6549e-02, 
 2DIAGNOSTIC,    37, -4.935224004902e-01, 4.659115992203e-06, 3.4531e+00, 5.8571e-02, 
 2DIAGNOSTIC,    38, -4.935224004902e-01, 3.077272384931e-06, 3.4927e+00, 3.9641e-02, 
 2DIAGNOSTIC,    39, -4.935224004902e-01, 1.978655332625e-06, 3.5270e+00, 3.4290e-02, 
 2DIAGNOSTIC,    40, -4.935224004902e-01, 1.510479138857e-06, 3.5647e+00, 3.7721e-02, 
DIAGNOSTIC,Iteration,metricValue,convergenceValue,ITERATION_TIME_INDEX,SINCE_LAST
 2DIAGNOSTIC,     1, -4.341070670262e-01, 1.797693134862e+308, 4.6077e+00, 1.0429e+00, 
 2DIAGNOSTIC,     2, -4.342716775232e-01, 1.797693134862e+308, 4.8557e+00, 2.4803e-01, 
 2DIAGNOSTIC,     3, -4.343817961685e-01, 1.797693134862e+308, 5.1214e+00, 2.6565e-01, 
 2DIAGNOSTIC,     4, -4.344815386015e-01, 1.797693134862e+308, 5.3622e+00, 2.4085e-01, 
 2DIAGNOSTIC,     5, -4.345877104173e-01, 1.797693134862e+308, 5.6285e+00, 2.6627e-01, 
 2DIAGNOSTIC,     6, -4.348647612176e-01, 1.797693134862e+308, 6.0480e+00, 4.1950e-01, 
 2DIAGNOSTIC,     7, -4.348996594382e-01, 1.797693134862e+308, 6.3337e+00, 2.8569e-01, 
 2DIAGNOSTIC,     8, -4.349011343337e-01, 1.797693134862e+308, 6.6153e+00, 2.8160e-01, 
 2DIAGNOSTIC,     9, -4.348977284251e-01, 1.797693134862e+308, 6.9045e+00, 2.8924e-01, 
 2DIAGNOSTIC,    10, -4.348952146882e-01, 1.300855599275e-04, 7.1990e+00, 2.9449e-01, 
 2DIAGNOSTIC,    11, -4.348994488852e-01, 9.328137065033e-05, 7.4516e+00, 2.5257e-01, 
 2DIAGNOSTIC,    12, -4.349021871098e-01, 6.351597244468e-05, 7.7047e+00, 2.5309e-01, 
 2DIAGNOSTIC,    13, -4.349092334117e-01, 3.886662652092e-05, 7.9665e+00, 2.6185e-01, 
 2DIAGNOSTIC,    14, -4.349180842012e-01, 1.954237088783e-05, 8.2474e+00, 2.8092e-01, 
 2DIAGNOSTIC,    15, -4.349257107948e-01, 5.848585614449e-06, 8.5687e+00, 3.2128e-01, 
 2DIAGNOSTIC,    16, -4.349236494187e-01, 4.716242980221e-06, 8.8491e+00, 2.8036e-01, 
 2DIAGNOSTIC,    17, -4.349241611212e-01, 4.830950363584e-06, 9.0698e+00, 2.2067e-01, 
 2DIAGNOSTIC,    18, -4.349233113323e-01, 4.684396606038e-06, 9.3563e+00, 2.8656e-01, 
 2DIAGNOSTIC,    19, -4.349225461801e-01, 4.138140178946e-06, 9.6004e+00, 2.4410e-01, 
 2DIAGNOSTIC,    20, -4.349210255392e-01, 3.282250555132e-06, 9.8602e+00, 2.5975e-01, 
 2DIAGNOSTIC,    21, -4.349204156535e-01, 2.468632222384e-06, 1.0074e+01, 2.1429e-01, 
 2DIAGNOSTIC,    22, -4.349175781358e-01, 1.637576029910e-06, 1.0415e+01, 3.4029e-01, 
 2DIAGNOSTIC,    23, -4.349164979260e-01, 1.026746716037e-06, 1.0676e+01, 2.6139e-01, 
DIAGNOSTIC,Iteration,metricValue,convergenceValue,ITERATION_TIME_INDEX,SINCE_LAST
 2DIAGNOSTIC,     1, -4.013332946630e-01, 1.797693134862e+308, 1.3346e+01, 2.6701e+00, 
 2DIAGNOSTIC,     2, -4.014816761764e-01, 1.797693134862e+308, 1.5100e+01, 1.7541e+00, 
 2DIAGNOSTIC,     3, -4.016095232142e-01, 1.797693134862e+308, 1.6492e+01, 1.3920e+00, 
 2DIAGNOSTIC,     4, -4.016395497944e-01, 1.797693134862e+308, 1.7985e+01, 1.4931e+00, 
 2DIAGNOSTIC,     5, -4.016451290010e-01, 1.797693134862e+308, 1.9998e+01, 2.0124e+00, 
 2DIAGNOSTIC,     6, -4.016466287532e-01, 1.797693134862e+308, 2.1570e+01, 1.5724e+00, 
 2DIAGNOSTIC,     7, -4.016530107036e-01, 1.797693134862e+308, 2.3166e+01, 1.5962e+00, 
 2DIAGNOSTIC,     8, -4.016545552612e-01, 1.797693134862e+308, 2.4902e+01, 1.7354e+00, 
 2DIAGNOSTIC,     9, -4.016551831032e-01, 1.797693134862e+308, 2.6367e+01, 1.4653e+00, 
 2DIAGNOSTIC,    10, -4.016568408413e-01, 3.950489853272e-05, 2.7863e+01, 1.4954e+00, 
 2DIAGNOSTIC,    11, -4.016619125659e-01, 1.820410497468e-05, 2.9542e+01, 1.6794e+00, 
 2DIAGNOSTIC,    12, -4.016638389763e-01, 7.741857284985e-06, 3.1133e+01, 1.5905e+00, 
 2DIAGNOSTIC,    13, -4.016662566610e-01, 5.477945460575e-06, 3.2802e+01, 1.6695e+00, 
 2DIAGNOSTIC,    14, -4.016691621405e-01, 4.925643066589e-06, 3.4438e+01, 1.6359e+00, 
 2DIAGNOSTIC,    15, -4.016770201145e-01, 4.838068563093e-06, 3.6600e+01, 2.1625e+00, 
 2DIAGNOSTIC,    16, -4.016764036333e-01, 4.533498491804e-06, 3.8217e+01, 1.6168e+00, 
 2DIAGNOSTIC,    17, -4.016761584123e-01, 4.289623403049e-06, 3.9889e+01, 1.6715e+00, 
 2DIAGNOSTIC,    18, -4.016758077559e-01, 3.902419742276e-06, 4.1603e+01, 1.7141e+00, 
 2DIAGNOSTIC,    19, -4.016758718389e-01, 3.382205836823e-06, 4.3310e+01, 1.7067e+00, 
 2DIAGNOSTIC,    20, -4.016758937262e-01, 2.806471274229e-06, 4.4980e+01, 1.6707e+00, 
 2DIAGNOSTIC,    21, -4.016755920510e-01, 2.332963670429e-06, 4.6595e+01, 1.6148e+00, 
 2DIAGNOSTIC,    22, -4.016755451369e-01, 1.890167927947e-06, 4.8294e+01, 1.6992e+00, 
 2DIAGNOSTIC,    23, -4.016754799167e-01, 1.516888191284e-06, 5.0017e+01, 1.7224e+00, 
 2DIAGNOSTIC,    24, -4.016753252351e-01, 1.236203801852e-06, 5.1331e+01, 1.3139e+00, 
 2DIAGNOSTIC,    25, -4.016752707178e-01, 1.207589980498e-06, 5.2876e+01, 1.5459e+00, 
 2DIAGNOSTIC,    26, -4.016751353578e-01, 1.167028978608e-06, 5.4428e+01, 1.5512e+00, 
 2DIAGNOSTIC,    27, -4.016752763892e-01, 1.132434373045e-06, 5.5924e+01, 1.4965e+00, 
 2DIAGNOSTIC,    28, -4.016752467355e-01, 1.094736965170e-06, 5.7482e+01, 1.5576e+00, 
 2DIAGNOSTIC,    29, -4.016752104337e-01, 1.064188853650e-06, 5.8987e+01, 1.5048e+00, 
 2DIAGNOSTIC,    30, -4.016755208458e-01, 1.046898012010e-06, 6.0399e+01, 1.4123e+00, 
 2DIAGNOSTIC,    31, -4.016755206893e-01, 1.024887648755e-06, 6.1911e+01, 1.5124e+00, 
 2DIAGNOSTIC,    32, -4.016756906699e-01, 1.007109219298e-06, 6.3629e+01, 1.7180e+00, 
  Elapsed time (stage 0): 6.4550e+01


Total elapsed time: 6.4553e+01
Info [verificarlo]: loaded backend libinterflop_ieee.so
Info [interflop-ieee]: load backend with:
Info [interflop-ieee]: debug = false
Info [interflop-ieee]: debug-binary = false
Info [interflop-ieee]: no-backend-name = false
Info [interflop-ieee]: print-new-line = false
Info [interflop-ieee]: print-subnormal-normalized = false
Info [interflop-ieee]: count-op = false
All_Command_lines_OK
Using double precision for computations.
=============================================================================
The composite transform comprises the following transforms (in order): 
  1. /home/mdugre/scratch/mri-registration-rp/datasets/ds004513/derivatives/mri-registration-rp/0001/antsRegistration-r7-p13/sub-s037/rigid_Composite.h5[0] (type = Euler3DTransform)
  2. /home/mdugre/scratch/mri-registration-rp/datasets/ds004513/derivatives/mri-registration-rp/0001/antsRegistration-r7-p13/sub-s037/rigid_Composite.h5[1] (type = Euler3DTransform)
  3. /home/mdugre/scratch/mri-registration-rp/datasets/ds004513/derivatives/mri-registration-rp/0001/antsRegistration-r7-p13/sub-s037/rigid_Composite.h5[2] (type = Euler3DTransform)
=============================================================================
  number of levels = 4
  fixed image: /templateflow/tpl-MNI152NLin2009cAsym/tpl-MNI152NLin2009cAsym_res-01_desc-brain_T1w.nii.gz
  moving image: /home/mdugre/scratch/mri-registration-rp/datasets/ds004513/derivatives/mri-registration-rp/antsBrainExtraction/sub-s037/BrainExtractionBrain.nii.gz
Dimension = 3
Number of stages = 1
Use histogram matching = false
Winsorize image intensities = true
  Lower quantile = 0.005
  Upper quantile = 0.995


Stage 1 State
   Image metric = MattesMI
     Fixed image = Image (0x35717e0)
  RTTI typeinfo:   itk::Image<double, 3u>
  Reference Count: 2
  Modified Time: 1592
  Debug: Off
  Object Name: 
  Observers: 
    none
  Source: (none)
  Source output name: (none)
  Release Data: Off
  Data Released: False
  Global Release Data: Off
  PipelineMTime: 0
  UpdateMTime: 1203
  RealTimeStamp: 0 seconds 
  LargestPossibleRegion: 
    Dimension: 3
    Index: [0, 0, 0]
    Size: [193, 229, 193]
  BufferedRegion: 
    Dimension: 3
    Index: [0, 0, 0]
    Size: [193, 229, 193]
  RequestedRegion: 
    Dimension: 3
    Index: [0, 0, 0]
    Size: [193, 229, 193]
  Spacing: [1, 1, 1]
  Origin: [96, 132, -78]
  Direction: 
-1 0 0
0 -1 0
0 0 1

  IndexToPointMatrix: 
-1 0 0
0 -1 0
0 0 1

  PointToIndexMatrix: 
-1 0 0
0 -1 0
0 0 1

  Inverse Direction: 
-1 0 0
0 -1 0
0 0 1

  PixelContainer: 
    ImportImageContainer (0x3631a20)
      RTTI typeinfo:   itk::ImportImageContainer<unsigned long, double>
      Reference Count: 1
      Modified Time: 1200
      Debug: Off
      Object Name: 
      Observers: 
        none
      Pointer: 0x1456d70c9010
      Container manages memory: true
      Size: 8530021
      Capacity: 8530021

     Moving image = Image (0x362cd70)
  RTTI typeinfo:   itk::Image<double, 3u>
  Reference Count: 2
  Modified Time: 1593
  Debug: Off
  Object Name: 
  Observers: 
    none
  Source: (none)
  Source output name: (none)
  Release Data: Off
  Data Released: False
  Global Release Data: Off
  PipelineMTime: 0
  UpdateMTime: 1590
  RealTimeStamp: 0 seconds 
  LargestPossibleRegion: 
    Dimension: 3
    Index: [0, 0, 0]
    Size: [160, 240, 256]
  BufferedRegion: 
    Dimension: 3
    Index: [0, 0, 0]
    Size: [160, 240, 256]
  RequestedRegion: 
    Dimension: 3
    Index: [0, 0, 0]
    Size: [160, 240, 256]
  Spacing: [1, 1, 1]
  Origin: [87.9508, 102.562, -147.639]
  Direction: 
-0.998659 -0.0436121 -0.0279129
0.043595 -0.999049 0.00121847
-0.0279395 -2.65543e-08 0.99961

  IndexToPointMatrix: 
-0.998659 -0.0436121 -0.0279129
0.043595 -0.999049 0.00121847
-0.0279395 -2.65543e-08 0.99961

  PointToIndexMatrix: 
-0.998659 0.043595 -0.0279395
-0.0436121 -0.999049 -2.65517e-08
-0.0279129 0.00121847 0.99961

  Inverse Direction: 
-0.998659 0.043595 -0.0279395
-0.0436121 -0.999049 -2.65517e-08
-0.0279129 0.00121847 0.99961

  PixelContainer: 
    ImportImageContainer (0x35e4c90)
      RTTI typeinfo:   itk::ImportImageContainer<unsigned long, double>
      Reference Count: 1
      Modified Time: 1587
      Debug: Off
      Object Name: 
      Observers: 
        none
      Pointer: 0x1456d25c8010
      Container manages memory: true
      Size: 9830400
      Capacity: 9830400

     Weighting = 1
     Sampling strategy = regular
     Number of bins = 32
     Radius = 4
     Sampling percentage  = 0.25
   Transform = Affine
     Gradient step = 0.1
     Update field sigma (voxel space) = 0
     Total field sigma (voxel space) = 0
     Update field time sigma = 0
     Total field time sigma  = 0
     Number of time indices = 0
     Number of time point samples = 0
Registration using 1 total stages.

Stage 0
  iterations = 1000x500x250x100
  convergence threshold = 1e-06
  convergence window size = 10
  number of levels = 4
  using the Mattes MI metric (number of bins = 32, weight = 1, use gradient filter = 0)
  preprocessing:  winsorizing the image intensities
  Shrink factors (level 1 out of 4): [8, 8, 8]
  Shrink factors (level 2 out of 4): [4, 4, 4]
  Shrink factors (level 3 out of 4): [2, 2, 2]
  Shrink factors (level 4 out of 4): [1, 1, 1]
  smoothing sigmas per level: [3, 2, 1, 0]
  regular sampling (percentage = 0.25)

*** Running AffineTransform registration ***

DIAGNOSTIC,Iteration,metricValue,convergenceValue,ITERATION_TIME_INDEX,SINCE_LAST
 2DIAGNOSTIC,     1, -5.873169426487e-01, 1.797693134862e+308, 7.5310e-01, 7.5310e-01, 
 2DIAGNOSTIC,     2, -5.886916208619e-01, 1.797693134862e+308, 7.5819e-01, 5.0850e-03, 
 2DIAGNOSTIC,     3, -5.915393211355e-01, 1.797693134862e+308, 7.6360e-01, 5.4159e-03, 
 2DIAGNOSTIC,     4, -5.959312096102e-01, 1.797693134862e+308, 7.6904e-01, 5.4390e-03, 
 2DIAGNOSTIC,     5, -6.038024558089e-01, 1.797693134862e+308, 7.7455e-01, 5.5101e-03, 
 2DIAGNOSTIC,     6, -6.144961332867e-01, 1.797693134862e+308, 7.7954e-01, 4.9920e-03, 
 2DIAGNOSTIC,     7, -6.322592243554e-01, 1.797693134862e+308, 7.8545e-01, 5.9030e-03, 
 2DIAGNOSTIC,     8, -6.918244755521e-01, 1.797693134862e+308, 7.9158e-01, 6.1290e-03, 
 2DIAGNOSTIC,     9, -7.089484653827e-01, 1.797693134862e+308, 7.9839e-01, 6.8178e-03, 
 2DIAGNOSTIC,    10, -7.140628896571e-01, 1.441582338971e-02, 8.0385e-01, 5.4610e-03, 
 2DIAGNOSTIC,    11, -7.199008934599e-01, 1.458378329386e-02, 8.1034e-01, 6.4831e-03, 
 2DIAGNOSTIC,    12, -7.211597340420e-01, 1.351008883445e-02, 8.1620e-01, 5.8639e-03, 
 2DIAGNOSTIC,    13, -7.210063100900e-01, 1.147089045127e-02, 8.2138e-01, 5.1820e-03, 
 2DIAGNOSTIC,    14, -7.219429815233e-01, 8.873508492646e-03, 8.2659e-01, 5.2049e-03, 
 2DIAGNOSTIC,    15, -7.225979306321e-01, 6.112439646131e-03, 8.3322e-01, 6.6311e-03, 
 2DIAGNOSTIC,    16, -7.223812016093e-01, 3.457555324041e-03, 8.3954e-01, 6.3231e-03, 
 2DIAGNOSTIC,    17, -7.225278086052e-01, 1.234687474384e-03, 8.4552e-01, 5.9772e-03, 
 2DIAGNOSTIC,    18, -7.230253601914e-01, 5.663770275709e-04, 8.5067e-01, 5.1529e-03, 
 2DIAGNOSTIC,    19, -7.242120938040e-01, 3.250289838499e-04, 8.5649e-01, 5.8191e-03, 
 2DIAGNOSTIC,    20, -7.251198361691e-01, 2.017617720374e-04, 8.6401e-01, 7.5161e-03, 
 2DIAGNOSTIC,    21, -7.254079853244e-01, 1.938714255505e-04, 8.7103e-01, 7.0181e-03, 
 2DIAGNOSTIC,    22, -7.253400753052e-01, 1.922583835981e-04, 8.7704e-01, 6.0151e-03, 
 2DIAGNOSTIC,    23, -7.252466452144e-01, 1.682557209373e-04, 8.8220e-01, 5.1572e-03, 
 2DIAGNOSTIC,    24, -7.253131740765e-01, 1.474490374490e-04, 8.8929e-01, 7.0961e-03, 
 2DIAGNOSTIC,    25, -7.252483376158e-01, 1.243328661871e-04, 8.9543e-01, 6.1362e-03, 
 2DIAGNOSTIC,    26, -7.251726110787e-01, 8.713096877425e-05, 9.0051e-01, 5.0800e-03, 
 2DIAGNOSTIC,    27, -7.250121105398e-01, 4.481443720940e-05, 9.0559e-01, 5.0812e-03, 
 2DIAGNOSTIC,    28, -7.249796314909e-01, 8.186490232494e-06, 9.1104e-01, 5.4440e-03, 
DIAGNOSTIC,Iteration,metricValue,convergenceValue,ITERATION_TIME_INDEX,SINCE_LAST
 2DIAGNOSTIC,     1, -5.959155148347e-01, 1.797693134862e+308, 1.6882e+00, 7.7714e-01, 
 2DIAGNOSTIC,     2, -5.962767640275e-01, 1.797693134862e+308, 1.7339e+00, 4.5717e-02, 
 2DIAGNOSTIC,     3, -5.968153456349e-01, 1.797693134862e+308, 1.7707e+00, 3.6806e-02, 
 2DIAGNOSTIC,     4, -5.974475638636e-01, 1.797693134862e+308, 1.8076e+00, 3.6901e-02, 
 2DIAGNOSTIC,     5, -5.980358757894e-01, 1.797693134862e+308, 1.8410e+00, 3.3394e-02, 
 2DIAGNOSTIC,     6, -5.984502938758e-01, 1.797693134862e+308, 1.8863e+00, 4.5295e-02, 
 2DIAGNOSTIC,     7, -5.988124783007e-01, 1.797693134862e+308, 1.9222e+00, 3.5884e-02, 
 2DIAGNOSTIC,     8, -5.990925991046e-01, 1.797693134862e+308, 1.9638e+00, 4.1601e-02, 
 2DIAGNOSTIC,     9, -5.997865745564e-01, 1.797693134862e+308, 2.0040e+00, 4.0264e-02, 
 2DIAGNOSTIC,    10, -5.998914168253e-01, 4.473569316118e-04, 2.0405e+00, 3.6509e-02, 
 2DIAGNOSTIC,    11, -6.001990576402e-01, 3.831679530891e-04, 2.0767e+00, 3.6176e-02, 
 2DIAGNOSTIC,    12, -6.014504724586e-01, 3.592585991936e-04, 2.1401e+00, 6.3360e-02, 
 2DIAGNOSTIC,    13, -6.015072811463e-01, 3.270133615437e-04, 2.1801e+00, 3.9971e-02, 
 2DIAGNOSTIC,    14, -6.015433336400e-01, 2.925519724893e-04, 2.2280e+00, 4.7991e-02, 
 2DIAGNOSTIC,    15, -6.015147552222e-01, 2.542800069328e-04, 2.2710e+00, 4.2990e-02, 
 2DIAGNOSTIC,    16, -6.014800182942e-01, 2.088352389400e-04, 2.3104e+00, 3.9329e-02, 
 2DIAGNOSTIC,    17, -6.014943898159e-01, 1.596850012508e-04, 2.3614e+00, 5.1026e-02, 
 2DIAGNOSTIC,    18, -6.014890341008e-01, 1.081293878638e-04, 2.4034e+00, 4.2002e-02, 
 2DIAGNOSTIC,    19, -6.014881381202e-01, 6.995664301854e-05, 2.4464e+00, 4.3046e-02, 
 2DIAGNOSTIC,    20, -6.014848784610e-01, 3.186233440206e-05, 2.4827e+00, 3.6250e-02, 
DIAGNOSTIC,Iteration,metricValue,convergenceValue,ITERATION_TIME_INDEX,SINCE_LAST
 2DIAGNOSTIC,     1, -5.256946016632e-01, 1.797693134862e+308, 3.6610e+00, 1.1783e+00, 
 2DIAGNOSTIC,     2, -5.259565621672e-01, 1.797693134862e+308, 3.9722e+00, 3.1122e-01, 
 2DIAGNOSTIC,     3, -5.262164152325e-01, 1.797693134862e+308, 4.2653e+00, 2.9312e-01, 
 2DIAGNOSTIC,     4, -5.264210827847e-01, 1.797693134862e+308, 4.5467e+00, 2.8136e-01, 
 2DIAGNOSTIC,     5, -5.266561078908e-01, 1.797693134862e+308, 4.8385e+00, 2.9183e-01, 
 2DIAGNOSTIC,     6, -5.270055686406e-01, 1.797693134862e+308, 5.1899e+00, 3.5139e-01, 
 2DIAGNOSTIC,     7, -5.272683559621e-01, 1.797693134862e+308, 5.5073e+00, 3.1744e-01, 
 2DIAGNOSTIC,     8, -5.273216668045e-01, 1.797693134862e+308, 5.8297e+00, 3.2240e-01, 
 2DIAGNOSTIC,     9, -5.275243619581e-01, 1.797693134862e+308, 6.1320e+00, 3.0224e-01, 
 2DIAGNOSTIC,    10, -5.277389707407e-01, 2.536965377411e-04, 6.4545e+00, 3.2251e-01, 
 2DIAGNOSTIC,    11, -5.277892382619e-01, 2.133460569666e-04, 6.9404e+00, 4.8591e-01, 
 2DIAGNOSTIC,    12, -5.277919718381e-01, 1.726422207078e-04, 7.2410e+00, 3.0063e-01, 
 2DIAGNOSTIC,    13, -5.278053775109e-01, 1.343662597399e-04, 7.5268e+00, 2.8579e-01, 
 2DIAGNOSTIC,    14, -5.278295221687e-01, 9.831339893153e-05, 7.8596e+00, 3.3282e-01, 
 2DIAGNOSTIC,    15, -5.278404116847e-01, 6.674957976587e-05, 8.1600e+00, 3.0033e-01, 
