
##########################
# Experiment information #
##########################

EXPERIMENT_NAME: antsRegistration-r7-p20
VFC_BACKENDS: libinterflop_vprec.so --range-binary32=7 --precision-binary32=20 --range-binary64=7 --precision-binary64=20

SIF_IMG: /home/mdugre/projects/rrg-glatard/mdugre/containers/ants-vprec-no_metrics.simg

SUBJECT_ID: s025
INPUT_IMG: /home/mdugre/scratch/mri-registration-rp/datasets/ds004513/derivatives/mri-registration-rp/antsBrainExtraction/sub-s025/BrainExtractionBrain.nii.gz
OUTPUT_DIR: /home/mdugre/scratch/mri-registration-rp/datasets/ds004513/derivatives/mri-registration-rp/0001/antsRegistration-r7-p20/sub-s025

FIXED_IMG: /templateflow/tpl-MNI152NLin2009cAsym/tpl-MNI152NLin2009cAsym_res-01_desc-brain_T1w.nii.gz
DATA_DIR: /home/mdugre/scratch/mri-registration-rp/datasets/ds004513
TEMPLATEFLOW_DIR: /home/mdugre/projects/rrg-glatard/mdugre/templateflow
ITK_GLOBAL_DEFAULT_NUMBER_OF_THREADS: 16
##########################

Info [verificarlo]: loaded backend libinterflop_ieee.so
Info [interflop-ieee]: load backend with:
Info [interflop-ieee]: debug = false
Info [interflop-ieee]: debug-binary = false
Info [interflop-ieee]: no-backend-name = false
Info [interflop-ieee]: print-new-line = false
Info [interflop-ieee]: print-subnormal-normalized = false
Info [interflop-ieee]: count-op = false
All_Command_lines_OK
Using double precision for computations.
=============================================================================
The composite transform comprises the following transforms (in order): 
  1. Center of mass alignment using fixed image: /templateflow/tpl-MNI152NLin2009cAsym/tpl-MNI152NLin2009cAsym_res-01_desc-brain_T1w.nii.gz and moving image: /home/mdugre/scratch/mri-registration-rp/datasets/ds004513/derivatives/mri-registration-rp/antsBrainExtraction/sub-s025/BrainExtractionBrain.nii.gz (type = Euler3DTransform)
=============================================================================
  number of levels = 1
  fixed image: /templateflow/tpl-MNI152NLin2009cAsym/tpl-MNI152NLin2009cAsym_res-01_desc-brain_T1w.nii.gz
  moving image: /home/mdugre/scratch/mri-registration-rp/datasets/ds004513/derivatives/mri-registration-rp/antsBrainExtraction/sub-s025/BrainExtractionBrain.nii.gz
Dimension = 3
Number of stages = 1
Use histogram matching = false
Winsorize image intensities = true
  Lower quantile = 0.005
  Upper quantile = 0.995


Stage 1 State
   Image metric = MattesMI
     Fixed image = Image (0x51c3e70)
  RTTI typeinfo:   itk::Image<double, 3u>
  Reference Count: 2
  Modified Time: 2334
  Debug: Off
  Object Name: 
  Observers: 
    none
  Source: (none)
  Source output name: (none)
  Release Data: Off
  Data Released: False
  Global Release Data: Off
  PipelineMTime: 0
  UpdateMTime: 1943
  RealTimeStamp: 0 seconds 
  LargestPossibleRegion: 
    Dimension: 3
    Index: [0, 0, 0]
    Size: [193, 229, 193]
  BufferedRegion: 
    Dimension: 3
    Index: [0, 0, 0]
    Size: [193, 229, 193]
  RequestedRegion: 
    Dimension: 3
    Index: [0, 0, 0]
    Size: [193, 229, 193]
  Spacing: [1, 1, 1]
  Origin: [96, 132, -78]
  Direction: 
-1 0 0
0 -1 0
0 0 1

  IndexToPointMatrix: 
-1 0 0
0 -1 0
0 0 1

  PointToIndexMatrix: 
-1 0 0
0 -1 0
0 0 1

  Inverse Direction: 
-1 0 0
0 -1 0
0 0 1

  PixelContainer: 
    ImportImageContainer (0x51ccc60)
      RTTI typeinfo:   itk::ImportImageContainer<unsigned long, double>
      Reference Count: 1
      Modified Time: 1940
      Debug: Off
      Object Name: 
      Observers: 
        none
      Pointer: 0x15060fa66010
      Container manages memory: true
      Size: 8530021
      Capacity: 8530021

     Moving image = Image (0x51cf610)
  RTTI typeinfo:   itk::Image<double, 3u>
  Reference Count: 2
  Modified Time: 2335
  Debug: Off
  Object Name: 
  Observers: 
    none
  Source: (none)
  Source output name: (none)
  Release Data: Off
  Data Released: False
  Global Release Data: Off
  PipelineMTime: 0
  UpdateMTime: 2332
  RealTimeStamp: 0 seconds 
  LargestPossibleRegion: 
    Dimension: 3
    Index: [0, 0, 0]
    Size: [176, 240, 256]
  BufferedRegion: 
    Dimension: 3
    Index: [0, 0, 0]
    Size: [176, 240, 256]
  RequestedRegion: 
    Dimension: 3
    Index: [0, 0, 0]
    Size: [176, 240, 256]
  Spacing: [0.999999, 1, 1]
  Origin: [90.3778, 84.5091, -154.071]
  Direction: 
-0.999391 7.48184e-06 -0.0348969
-7.47664e-06 -1 -2.7953e-07
-0.0348969 -1.84481e-08 0.999391

  IndexToPointMatrix: 
-0.99939 7.48184e-06 -0.0348969
-7.47663e-06 -1 -2.7953e-07
-0.0348968 -1.84481e-08 0.999391

  PointToIndexMatrix: 
-0.999392 -7.47665e-06 -0.0348969
7.48184e-06 -1 -1.84481e-08
-0.0348969 -2.7953e-07 0.999391

  Inverse Direction: 
-0.999391 -7.47664e-06 -0.0348969
7.48184e-06 -1 -1.84481e-08
-0.0348969 -2.7953e-07 0.999391

  PixelContainer: 
    ImportImageContainer (0x5268ef0)
      RTTI typeinfo:   itk::ImportImageContainer<unsigned long, double>
      Reference Count: 1
      Modified Time: 2329
      Debug: Off
      Object Name: 
      Observers: 
        none
      Pointer: 0x15060a7e5010
      Container manages memory: true
      Size: 10813440
      Capacity: 10813440

     Weighting = 1
     Sampling strategy = regular
     Number of bins = 32
     Radius = 4
     Sampling percentage  = 0.25
   Transform = Rigid
     Gradient step = 0.1
     Update field sigma (voxel space) = 0
     Total field sigma (voxel space) = 0
     Update field time sigma = 0
     Total field time sigma  = 0
     Number of time indices = 0
     Number of time point samples = 0
Registration using 1 total stages.

Stage 0
  iterations = 0
  convergence threshold = 1e-06
  convergence window size = 10
  number of levels = 1
  using the Mattes MI metric (number of bins = 32, weight = 1, use gradient filter = 0)
  preprocessing:  winsorizing the image intensities
  Shrink factors (level 1 out of 1): [1, 1, 1]
  smoothing sigmas per level: [0]
  regular sampling (percentage = 0.25)

*** Running Euler3DTransform registration ***

  Elapsed time (stage 0): 1.10383


Total elapsed time: 1.1063
Info [verificarlo]: loaded backend libinterflop_ieee.so
Info [interflop-ieee]: load backend with:
Info [interflop-ieee]: debug = false
Info [interflop-ieee]: debug-binary = false
Info [interflop-ieee]: no-backend-name = false
Info [interflop-ieee]: print-new-line = false
Info [interflop-ieee]: print-subnormal-normalized = false
Info [interflop-ieee]: count-op = false
All_Command_lines_OK
Using double precision for computations.
=============================================================================
The composite transform comprises the following transforms (in order): 
  1. /home/mdugre/scratch/mri-registration-rp/datasets/ds004513/derivatives/mri-registration-rp/0001/antsRegistration-r7-p20/sub-s025/align_Composite.h5[0] (type = Euler3DTransform)
  2. /home/mdugre/scratch/mri-registration-rp/datasets/ds004513/derivatives/mri-registration-rp/0001/antsRegistration-r7-p20/sub-s025/align_Composite.h5[1] (type = Euler3DTransform)
=============================================================================
  number of levels = 4
  fixed image: /templateflow/tpl-MNI152NLin2009cAsym/tpl-MNI152NLin2009cAsym_res-01_desc-brain_T1w.nii.gz
  moving image: /home/mdugre/scratch/mri-registration-rp/datasets/ds004513/derivatives/mri-registration-rp/antsBrainExtraction/sub-s025/BrainExtractionBrain.nii.gz
Dimension = 3
Number of stages = 1
Use histogram matching = false
Winsorize image intensities = true
  Lower quantile = 0.005
  Upper quantile = 0.995


Stage 1 State
   Image metric = MattesMI
     Fixed image = Image (0x4bb2530)
  RTTI typeinfo:   itk::Image<double, 3u>
  Reference Count: 2
  Modified Time: 1580
  Debug: Off
  Object Name: 
  Observers: 
    none
  Source: (none)
  Source output name: (none)
  Release Data: Off
  Data Released: False
  Global Release Data: Off
  PipelineMTime: 0
  UpdateMTime: 1189
  RealTimeStamp: 0 seconds 
  LargestPossibleRegion: 
    Dimension: 3
    Index: [0, 0, 0]
    Size: [193, 229, 193]
  BufferedRegion: 
    Dimension: 3
    Index: [0, 0, 0]
    Size: [193, 229, 193]
  RequestedRegion: 
    Dimension: 3
    Index: [0, 0, 0]
    Size: [193, 229, 193]
  Spacing: [1, 1, 1]
  Origin: [96, 132, -78]
  Direction: 
-1 0 0
0 -1 0
0 0 1

  IndexToPointMatrix: 
-1 0 0
0 -1 0
0 0 1

  PointToIndexMatrix: 
-1 0 0
0 -1 0
0 0 1

  Inverse Direction: 
-1 0 0
0 -1 0
0 0 1

  PixelContainer: 
    ImportImageContainer (0x4c70d60)
      RTTI typeinfo:   itk::ImportImageContainer<unsigned long, double>
      Reference Count: 1
      Modified Time: 1186
      Debug: Off
      Object Name: 
      Observers: 
        none
      Pointer: 0x1456869c6010
      Container manages memory: true
      Size: 8530021
      Capacity: 8530021

     Moving image = Image (0x4c62f60)
  RTTI typeinfo:   itk::Image<double, 3u>
  Reference Count: 2
  Modified Time: 1581
  Debug: Off
  Object Name: 
  Observers: 
    none
  Source: (none)
  Source output name: (none)
  Release Data: Off
  Data Released: False
  Global Release Data: Off
  PipelineMTime: 0
  UpdateMTime: 1578
  RealTimeStamp: 0 seconds 
  LargestPossibleRegion: 
    Dimension: 3
    Index: [0, 0, 0]
    Size: [176, 240, 256]
  BufferedRegion: 
    Dimension: 3
    Index: [0, 0, 0]
    Size: [176, 240, 256]
  RequestedRegion: 
    Dimension: 3
    Index: [0, 0, 0]
    Size: [176, 240, 256]
  Spacing: [0.999999, 1, 1]
  Origin: [90.3778, 84.5091, -154.071]
  Direction: 
-0.999391 7.48184e-06 -0.0348969
-7.47664e-06 -1 -2.7953e-07
-0.0348969 -1.84481e-08 0.999391

  IndexToPointMatrix: 
-0.99939 7.48184e-06 -0.0348969
-7.47663e-06 -1 -2.7953e-07
-0.0348968 -1.84481e-08 0.999391

  PointToIndexMatrix: 
-0.999392 -7.47665e-06 -0.0348969
7.48184e-06 -1 -1.84481e-08
-0.0348969 -2.7953e-07 0.999391

  Inverse Direction: 
-0.999391 -7.47664e-06 -0.0348969
7.48184e-06 -1 -1.84481e-08
-0.0348969 -2.7953e-07 0.999391

  PixelContainer: 
    ImportImageContainer (0x4c546d0)
      RTTI typeinfo:   itk::ImportImageContainer<unsigned long, double>
      Reference Count: 1
      Modified Time: 1575
      Debug: Off
      Object Name: 
      Observers: 
        none
      Pointer: 0x145681745010
      Container manages memory: true
      Size: 10813440
      Capacity: 10813440

     Weighting = 1
     Sampling strategy = regular
     Number of bins = 32
     Radius = 4
     Sampling percentage  = 0.25
   Transform = Rigid
     Gradient step = 0.1
     Update field sigma (voxel space) = 0
     Total field sigma (voxel space) = 0
     Update field time sigma = 0
     Total field time sigma  = 0
     Number of time indices = 0
     Number of time point samples = 0
Registration using 1 total stages.

Stage 0
  iterations = 1000x500x250x100
  convergence threshold = 1e-06
  convergence window size = 10
  number of levels = 4
  using the Mattes MI metric (number of bins = 32, weight = 1, use gradient filter = 0)
  preprocessing:  winsorizing the image intensities
  Shrink factors (level 1 out of 4): [8, 8, 8]
  Shrink factors (level 2 out of 4): [4, 4, 4]
  Shrink factors (level 3 out of 4): [2, 2, 2]
  Shrink factors (level 4 out of 4): [1, 1, 1]
  smoothing sigmas per level: [3, 2, 1, 0]
  regular sampling (percentage = 0.25)

*** Running Euler3DTransform registration ***

DIAGNOSTIC,Iteration,metricValue,convergenceValue,ITERATION_TIME_INDEX,SINCE_LAST
 2DIAGNOSTIC,     1, -5.323241903179e-01, 1.797693134862e+308, 7.7901e-01, 7.7901e-01, 
 2DIAGNOSTIC,     2, -5.346190553927e-01, 1.797693134862e+308, 7.8348e-01, 4.4658e-03, 
 2DIAGNOSTIC,     3, -5.378036555361e-01, 1.797693134862e+308, 7.8819e-01, 4.7150e-03, 
 2DIAGNOSTIC,     4, -5.422949451405e-01, 1.797693134862e+308, 7.9368e-01, 5.4889e-03, 
 2DIAGNOSTIC,     5, -5.486805952477e-01, 1.797693134862e+308, 7.9782e-01, 4.1399e-03, 
 2DIAGNOSTIC,     6, -5.542790085272e-01, 1.797693134862e+308, 8.0222e-01, 4.3981e-03, 
 2DIAGNOSTIC,     7, -5.627123115611e-01, 1.797693134862e+308, 8.0642e-01, 4.1959e-03, 
 2DIAGNOSTIC,     8, -5.766609943856e-01, 1.797693134862e+308, 8.1161e-01, 5.1939e-03, 
 2DIAGNOSTIC,     9, -5.881111419397e-01, 1.797693134862e+308, 8.1732e-01, 5.7051e-03, 
 2DIAGNOSTIC,    10, -6.012927005665e-01, 7.820055967721e-03, 8.2387e-01, 6.5532e-03, 
 2DIAGNOSTIC,    11, -6.192402913587e-01, 8.564422673922e-03, 8.3280e-01, 8.9340e-03, 
 2DIAGNOSTIC,    12, -6.197111897437e-01, 8.513711436472e-03, 8.3766e-01, 4.8580e-03, 
 2DIAGNOSTIC,    13, -6.223136777511e-01, 7.932305190626e-03, 8.4311e-01, 5.4491e-03, 
 2DIAGNOSTIC,    14, -6.239859078536e-01, 6.938967258810e-03, 8.4851e-01, 5.3999e-03, 
 2DIAGNOSTIC,    15, -6.258731029040e-01, 5.722268374556e-03, 8.5324e-01, 4.7340e-03, 
 2DIAGNOSTIC,    16, -6.290042957053e-01, 4.404898010773e-03, 8.5819e-01, 4.9450e-03, 
 2DIAGNOSTIC,    17, -6.327399548222e-01, 3.192249458204e-03, 8.6620e-01, 8.0090e-03, 
 2DIAGNOSTIC,    18, -6.361770329223e-01, 2.298162514825e-03, 8.7339e-01, 7.1900e-03, 
 2DIAGNOSTIC,    19, -6.381920794858e-01, 1.629119691257e-03, 8.7940e-01, 6.0141e-03, 
 2DIAGNOSTIC,    20, -6.414786468782e-01, 1.264281191291e-03, 8.8502e-01, 5.6181e-03, 
 2DIAGNOSTIC,    21, -6.422621311724e-01, 1.244231354966e-03, 8.8933e-01, 4.3070e-03, 
 2DIAGNOSTIC,    22, -6.443386369877e-01, 1.164065700079e-03, 8.9367e-01, 4.3461e-03, 
 2DIAGNOSTIC,    23, -6.458367311151e-01, 1.066297096534e-03, 8.9812e-01, 4.4510e-03, 
 2DIAGNOSTIC,    24, -6.528535018513e-01, 1.047817948836e-03, 9.0316e-01, 5.0390e-03, 
 2DIAGNOSTIC,    25, -6.591704569416e-01, 1.083081276983e-03, 9.0931e-01, 6.1488e-03, 
 2DIAGNOSTIC,    26, -6.605963671535e-01, 1.093549206082e-03, 9.1421e-01, 4.9000e-03, 
 2DIAGNOSTIC,    27, -6.608439801585e-01, 1.070984929743e-03, 9.1851e-01, 4.2958e-03, 
 2DIAGNOSTIC,    28, -6.615671810832e-01, 1.019502604775e-03, 9.2280e-01, 4.2899e-03, 
 2DIAGNOSTIC,    29, -6.628794728812e-01, 9.260609060922e-04, 9.2726e-01, 4.4649e-03, 
 2DIAGNOSTIC,    30, -6.728294150181e-01, 9.537358587058e-04, 9.3328e-01, 6.0158e-03, 
 2DIAGNOSTIC,    31, -6.735477727848e-01, 9.084123958426e-04, 9.3755e-01, 4.2760e-03, 
 2DIAGNOSTIC,    32, -6.743491031328e-01, 8.254090225790e-04, 9.4191e-01, 4.3550e-03, 
 2DIAGNOSTIC,    33, -6.778518043534e-01, 7.396565456402e-04, 9.4650e-01, 4.5879e-03, 
 2DIAGNOSTIC,    34, -6.872953378260e-01, 8.064159217591e-04, 9.5546e-01, 8.9631e-03, 
 2DIAGNOSTIC,    35, -6.877330352792e-01, 8.751707172343e-04, 9.5995e-01, 4.4851e-03, 
 2DIAGNOSTIC,    36, -6.893223462416e-01, 8.964455132642e-04, 9.6435e-01, 4.4019e-03, 
 2DIAGNOSTIC,    37, -6.927398763633e-01, 8.791754130283e-04, 9.6862e-01, 4.2748e-03, 
 2DIAGNOSTIC,    38, -7.010300132502e-01, 8.854429473052e-04, 9.7383e-01, 5.2090e-03, 
 2DIAGNOSTIC,    39, -7.063958793607e-01, 8.771932914712e-04, 9.7820e-01, 4.3640e-03, 
 2DIAGNOSTIC,    40, -7.084246713218e-01, 9.204179694197e-04, 9.8259e-01, 4.3921e-03, 
 2DIAGNOSTIC,    41, -7.161161140064e-01, 9.682866583660e-04, 9.8761e-01, 5.0189e-03, 
 2DIAGNOSTIC,    42, -7.193757093118e-01, 9.625693404181e-04, 9.9366e-01, 6.0580e-03, 
 2DIAGNOSTIC,    43, -7.222821657610e-01, 9.277895561597e-04, 9.9798e-01, 4.3190e-03, 
 2DIAGNOSTIC,    44, -7.286281415425e-01, 9.654479966606e-04, 1.0025e+00, 4.4880e-03, 
 2DIAGNOSTIC,    45, -7.394914945881e-01, 1.019359524359e-03, 1.0068e+00, 4.3280e-03, 
 2DIAGNOSTIC,    46, -7.440502442017e-01, 1.029756125313e-03, 1.0113e+00, 4.5152e-03, 
 2DIAGNOSTIC,    47, -7.513368196136e-01, 1.039912234259e-03, 1.0190e+00, 7.6561e-03, 
 2DIAGNOSTIC,    48, -7.533912093474e-01, 1.043942253614e-03, 1.0231e+00, 4.1621e-03, 
 2DIAGNOSTIC,    49, -7.538641682746e-01, 1.000347037021e-03, 1.0274e+00, 4.2520e-03, 
 2DIAGNOSTIC,    50, -7.556369327745e-01, 8.942363515477e-04, 1.0322e+00, 4.8552e-03, 
 2DIAGNOSTIC,    51, -7.575320844449e-01, 7.879052702297e-04, 1.0365e+00, 4.2579e-03, 
 2DIAGNOSTIC,    52, -7.590604256136e-01, 6.506909113855e-04, 1.0413e+00, 4.7660e-03, 
 2DIAGNOSTIC,    53, -7.592924205090e-01, 4.824566827661e-04, 1.0471e+00, 5.8110e-03, 
 2DIAGNOSTIC,    54, -7.593365056124e-01, 3.251138292273e-04, 1.0512e+00, 4.1671e-03, 
 2DIAGNOSTIC,    55, -7.603422431137e-01, 2.354643249449e-04, 1.0559e+00, 4.6999e-03, 
 2DIAGNOSTIC,    56, -7.607346732567e-01, 1.628582217498e-04, 1.0607e+00, 4.7338e-03, 
 2DIAGNOSTIC,    57, -7.607531086310e-01, 1.317774936955e-04, 1.0653e+00, 4.6511e-03, 
 2DIAGNOSTIC,    58, -7.607743238660e-01, 1.049095304168e-04, 1.0694e+00, 4.1039e-03, 
 2DIAGNOSTIC,    59, -7.608030890203e-01, 7.265816264104e-05, 1.0737e+00, 4.2720e-03, 
 2DIAGNOSTIC,    60, -7.607832472077e-01, 4.670855758222e-05, 1.0786e+00, 4.8580e-03, 
 2DIAGNOSTIC,    61, -7.608282245081e-01, 3.037570972380e-05, 1.0831e+00, 4.5631e-03, 
 2DIAGNOSTIC,    62, -7.607354408794e-01, 2.157913136799e-05, 1.0872e+00, 4.0941e-03, 
 2DIAGNOSTIC,    63, -7.606594922895e-01, 1.225128145381e-05, 1.0912e+00, 3.9909e-03, 
 2DIAGNOSTIC,    64, -7.609639866915e-01, 4.265330186944e-06, 1.0951e+00, 3.9389e-03, 
 2DIAGNOSTIC,    65, -7.610551772685e-01, 3.124888644516e-06, 1.0991e+00, 3.9761e-03, 
 2DIAGNOSTIC,    66, -7.612802523174e-01, 5.683924658811e-06, 1.1031e+00, 3.9449e-03, 
 2DIAGNOSTIC,    67, -7.619725299912e-01, 1.209269231279e-05, 1.1096e+00, 6.5160e-03, 
 2DIAGNOSTIC,    68, -7.619829621876e-01, 1.727783121325e-05, 1.1147e+00, 5.1210e-03, 
 2DIAGNOSTIC,    69, -7.619830469227e-01, 2.089363223674e-05, 1.1193e+00, 4.6048e-03, 
 2DIAGNOSTIC,    70, -7.619831408015e-01, 2.234066116062e-05, 1.1239e+00, 4.5419e-03, 
 2DIAGNOSTIC,    71, -7.619831490219e-01, 2.190340574457e-05, 1.1284e+00, 4.5700e-03, 
 2DIAGNOSTIC,    72, -7.619831559167e-01, 1.885486934744e-05, 1.1330e+00, 4.6041e-03, 
 2DIAGNOSTIC,    73, -7.619831618152e-01, 1.366176734139e-05, 1.1377e+00, 4.6830e-03, 
 2DIAGNOSTIC,    74, -7.619831660711e-01, 9.115111277762e-06, 1.1419e+00, 4.2300e-03, 
 2DIAGNOSTIC,    75, -7.619831746631e-01, 4.382062834540e-06, 1.1462e+00, 4.2751e-03, 
DIAGNOSTIC,Iteration,metricValue,convergenceValue,ITERATION_TIME_INDEX,SINCE_LAST
 2DIAGNOSTIC,     1, -6.045426239760e-01, 1.797693134862e+308, 1.8911e+00, 7.4484e-01, 
 2DIAGNOSTIC,     2, -6.054067571789e-01, 1.797693134862e+308, 1.9238e+00, 3.2750e-02, 
 2DIAGNOSTIC,     3, -6.067126422233e-01, 1.797693134862e+308, 1.9514e+00, 2.7617e-02, 
 2DIAGNOSTIC,     4, -6.082044359002e-01, 1.797693134862e+308, 1.9792e+00, 2.7761e-02, 
 2DIAGNOSTIC,     5, -6.094252298800e-01, 1.797693134862e+308, 2.0112e+00, 3.2009e-02, 
 2DIAGNOSTIC,     6, -6.106259444735e-01, 1.797693134862e+308, 2.0438e+00, 3.2621e-02, 
 2DIAGNOSTIC,     7, -6.123100781187e-01, 1.797693134862e+308, 2.0755e+00, 3.1699e-02, 
 2DIAGNOSTIC,     8, -6.140065964934e-01, 1.797693134862e+308, 2.1133e+00, 3.7790e-02, 
 2DIAGNOSTIC,     9, -6.150016179555e-01, 1.797693134862e+308, 2.1533e+00, 4.0042e-02, 
 2DIAGNOSTIC,    10, -6.156713123813e-01, 1.248989449330e-03, 2.1830e+00, 2.9651e-02, 
 2DIAGNOSTIC,    11, -6.168624761379e-01, 1.122662409749e-03, 2.2179e+00, 3.4942e-02, 
 2DIAGNOSTIC,    12, -6.205170250778e-01, 1.089900820374e-03, 2.2736e+00, 5.5640e-02, 
 2DIAGNOSTIC,    13, -6.204817022427e-01, 1.005047622998e-03, 2.3040e+00, 3.0455e-02, 
 2DIAGNOSTIC,    14, -6.208223274534e-01, 9.036652784169e-04, 2.3335e+00, 2.9451e-02, 
 2DIAGNOSTIC,    15, -6.210574746859e-01, 7.800363081401e-04, 2.3714e+00, 3.7920e-02, 
 2DIAGNOSTIC,    16, -6.211220662648e-01, 6.358869910259e-04, 2.4022e+00, 3.0828e-02, 
 2DIAGNOSTIC,    17, -6.211007152043e-01, 4.935007717338e-04, 2.4394e+00, 3.7123e-02, 
 2DIAGNOSTIC,    18, -6.210790560367e-01, 3.644691817022e-04, 2.4821e+00, 4.2767e-02, 
 2DIAGNOSTIC,    19, -6.210734587101e-01, 2.408341343189e-04, 2.5192e+00, 3.7063e-02, 
 2DIAGNOSTIC,    20, -6.210553889716e-01, 1.225926586696e-04, 2.5546e+00, 3.5377e-02, 
 2DIAGNOSTIC,    21, -6.210480583300e-01, 2.824001644484e-05, 2.5932e+00, 3.8605e-02, 
 2DIAGNOSTIC,    22, -6.210299724632e-01, 1.651316768010e-05, 2.6407e+00, 4.7562e-02, 
 2DIAGNOSTIC,    23, -6.210196874667e-01, 3.385505108748e-06, 2.6766e+00, 3.5842e-02, 
DIAGNOSTIC,Iteration,metricValue,convergenceValue,ITERATION_TIME_INDEX,SINCE_LAST
 2DIAGNOSTIC,     1, -5.345567888107e-01, 1.797693134862e+308, 3.7928e+00, 1.1162e+00, 
 2DIAGNOSTIC,     2, -5.347151536910e-01, 1.797693134862e+308, 4.0569e+00, 2.6413e-01, 
 2DIAGNOSTIC,     3, -5.347688776988e-01, 1.797693134862e+308, 4.2768e+00, 2.1985e-01, 
 2DIAGNOSTIC,     4, -5.347840490299e-01, 1.797693134862e+308, 4.4924e+00, 2.1568e-01, 
 2DIAGNOSTIC,     5, -5.348353698041e-01, 1.797693134862e+308, 4.7274e+00, 2.3498e-01, 
 2DIAGNOSTIC,     6, -5.350378360588e-01, 1.797693134862e+308, 5.0000e+00, 2.7256e-01, 
 2DIAGNOSTIC,     7, -5.355147152370e-01, 1.797693134862e+308, 5.2591e+00, 2.5917e-01, 
 2DIAGNOSTIC,     8, -5.357960457940e-01, 1.797693134862e+308, 5.6672e+00, 4.0803e-01, 
 2DIAGNOSTIC,     9, -5.358574491910e-01, 1.797693134862e+308, 6.0529e+00, 3.8574e-01, 
 2DIAGNOSTIC,    10, -5.358559309279e-01, 1.833607492352e-04, 6.3294e+00, 2.7649e-01, 
 2DIAGNOSTIC,    11, -5.358532964579e-01, 1.655108325877e-04, 6.5789e+00, 2.4950e-01, 
 2DIAGNOSTIC,    12, -5.358525840815e-01, 1.426225262309e-04, 6.8882e+00, 3.0934e-01, 
 2DIAGNOSTIC,    13, -5.358516137969e-01, 1.126409228321e-04, 7.0983e+00, 2.1007e-01, 
 2DIAGNOSTIC,    14, -5.358496309292e-01, 7.769021799273e-05, 7.3586e+00, 2.6033e-01, 
 2DIAGNOSTIC,    15, -5.358476655835e-01, 4.242022737461e-05, 7.6648e+00, 3.0616e-01, 
 2DIAGNOSTIC,    16, -5.358467051038e-01, 1.424669096740e-05, 7.9359e+00, 2.7110e-01, 
 2DIAGNOSTIC,    17, -5.358457312360e-01, 2.891197427628e-06, 8.1516e+00, 2.1568e-01, 
DIAGNOSTIC,Iteration,metricValue,convergenceValue,ITERATION_TIME_INDEX,SINCE_LAST
 2DIAGNOSTIC,     1, -4.894442850544e-01, 1.797693134862e+308, 1.1196e+01, 3.0446e+00, 
 2DIAGNOSTIC,     2, -4.894463595036e-01, 1.797693134862e+308, 1.3540e+01, 2.3439e+00, 
 2DIAGNOSTIC,     3, -4.894463325988e-01, 1.797693134862e+308, 1.5186e+01, 1.6458e+00, 
 2DIAGNOSTIC,     4, -4.894462963676e-01, 1.797693134862e+308, 1.6762e+01, 1.5765e+00, 
 2DIAGNOSTIC,     5, -4.894459121391e-01, 1.797693134862e+308, 1.8296e+01, 1.5333e+00, 
 2DIAGNOSTIC,     6, -4.894460560165e-01, 1.797693134862e+308, 1.9913e+01, 1.6176e+00, 
 2DIAGNOSTIC,     7, -4.894458532261e-01, 1.797693134862e+308, 2.1655e+01, 1.7421e+00, 
 2DIAGNOSTIC,     8, -4.894456661787e-01, 1.797693134862e+308, 2.2971e+01, 1.3160e+00, 
 2DIAGNOSTIC,     9, -4.894453893045e-01, 1.797693134862e+308, 2.4567e+01, 1.5953e+00, 
 2DIAGNOSTIC,    10, -4.894452495688e-01, 3.149984667286e-06, 2.6182e+01, 1.6150e+00, 
 2DIAGNOSTIC,    11, -4.894457866775e-01, 2.770173024746e-06, 2.8366e+01, 2.1842e+00, 
 2DIAGNOSTIC,    12, -4.894457644618e-01, 2.562720439567e-06, 2.9899e+01, 1.5334e+00, 
 2DIAGNOSTIC,    13, -4.894457176122e-01, 2.392225920592e-06, 3.1725e+01, 1.8252e+00, 
 2DIAGNOSTIC,    14, -4.894456290427e-01, 2.246923161905e-06, 3.3392e+01, 1.6673e+00, 
 2DIAGNOSTIC,    15, -4.894455306704e-01, 2.104356645161e-06, 3.4939e+01, 1.5473e+00, 
 2DIAGNOSTIC,    16, -4.894455608655e-01, 1.987117920099e-06, 3.6429e+01, 1.4896e+00, 
 2DIAGNOSTIC,    17, -4.894455874553e-01, 1.877567489761e-06, 3.7800e+01, 1.3709e+00, 
 2DIAGNOSTIC,    18, -4.894455160736e-01, 1.771720532236e-06, 3.9194e+01, 1.3947e+00, 
 2DIAGNOSTIC,    19, -4.894454755465e-01, 1.667356623034e-06, 4.0911e+01, 1.7171e+00, 
 2DIAGNOSTIC,    20, -4.894455057055e-01, 1.570482668092e-06, 4.2216e+01, 1.3045e+00, 
 2DIAGNOSTIC,    21, -4.894453241132e-01, 1.494415820723e-06, 4.3566e+01, 1.3500e+00, 
 2DIAGNOSTIC,    22, -4.894454100032e-01, 1.428930372402e-06, 4.5092e+01, 1.5258e+00, 
 2DIAGNOSTIC,    23, -4.894452406633e-01, 1.365243104123e-06, 4.6567e+01, 1.4759e+00, 
 2DIAGNOSTIC,    24, -4.894451147969e-01, 1.303521623322e-06, 4.8122e+01, 1.5541e+00, 
 2DIAGNOSTIC,    25, -4.894452661611e-01, 1.250060806722e-06, 4.9777e+01, 1.6555e+00, 
 2DIAGNOSTIC,    26, -4.894452101338e-01, 1.202051622462e-06, 5.1322e+01, 1.5448e+00, 
 2DIAGNOSTIC,    27, -4.894450378046e-01, 1.156551678601e-06, 5.2805e+01, 1.4833e+00, 
 2DIAGNOSTIC,    28, -4.894448910039e-01, 1.111985694281e-06, 5.4265e+01, 1.4600e+00, 
 2DIAGNOSTIC,    29, -4.894447214241e-01, 1.068595604489e-06, 5.5747e+01, 1.4818e+00, 
 2DIAGNOSTIC,    30, -4.894447113603e-01, 1.031199271639e-06, 5.7828e+01, 2.0807e+00, 
  Elapsed time (stage 0): 5.8733e+01


Total elapsed time: 5.8735e+01
Info [verificarlo]: loaded backend libinterflop_ieee.so
Info [interflop-ieee]: load backend with:
Info [interflop-ieee]: debug = false
Info [interflop-ieee]: debug-binary = false
Info [interflop-ieee]: no-backend-name = false
Info [interflop-ieee]: print-new-line = false
Info [interflop-ieee]: print-subnormal-normalized = false
Info [interflop-ieee]: count-op = false
All_Command_lines_OK
Using double precision for computations.
=============================================================================
The composite transform comprises the following transforms (in order): 
  1. /home/mdugre/scratch/mri-registration-rp/datasets/ds004513/derivatives/mri-registration-rp/0001/antsRegistration-r7-p20/sub-s025/rigid_Composite.h5[0] (type = Euler3DTransform)
  2. /home/mdugre/scratch/mri-registration-rp/datasets/ds004513/derivatives/mri-registration-rp/0001/antsRegistration-r7-p20/sub-s025/rigid_Composite.h5[1] (type = Euler3DTransform)
  3. /home/mdugre/scratch/mri-registration-rp/datasets/ds004513/derivatives/mri-registration-rp/0001/antsRegistration-r7-p20/sub-s025/rigid_Composite.h5[2] (type = Euler3DTransform)
=============================================================================
  number of levels = 4
  fixed image: /templateflow/tpl-MNI152NLin2009cAsym/tpl-MNI152NLin2009cAsym_res-01_desc-brain_T1w.nii.gz
  moving image: /home/mdugre/scratch/mri-registration-rp/datasets/ds004513/derivatives/mri-registration-rp/antsBrainExtraction/sub-s025/BrainExtractionBrain.nii.gz
Dimension = 3
Number of stages = 1
Use histogram matching = false
Winsorize image intensities = true
  Lower quantile = 0.005
  Upper quantile = 0.995


Stage 1 State
   Image metric = MattesMI
     Fixed image = Image (0x3fad7e0)
  RTTI typeinfo:   itk::Image<double, 3u>
  Reference Count: 2
  Modified Time: 1594
  Debug: Off
  Object Name: 
  Observers: 
    none
  Source: (none)
  Source output name: (none)
  Release Data: Off
  Data Released: False
  Global Release Data: Off
  PipelineMTime: 0
  UpdateMTime: 1203
  RealTimeStamp: 0 seconds 
  LargestPossibleRegion: 
    Dimension: 3
    Index: [0, 0, 0]
    Size: [193, 229, 193]
  BufferedRegion: 
    Dimension: 3
    Index: [0, 0, 0]
    Size: [193, 229, 193]
  RequestedRegion: 
    Dimension: 3
    Index: [0, 0, 0]
    Size: [193, 229, 193]
  Spacing: [1, 1, 1]
  Origin: [96, 132, -78]
  Direction: 
-1 0 0
0 -1 0
0 0 1

  IndexToPointMatrix: 
-1 0 0
0 -1 0
0 0 1

  PointToIndexMatrix: 
-1 0 0
0 -1 0
0 0 1

  Inverse Direction: 
-1 0 0
0 -1 0
0 0 1

  PixelContainer: 
    ImportImageContainer (0x406da20)
      RTTI typeinfo:   itk::ImportImageContainer<unsigned long, double>
      Reference Count: 1
      Modified Time: 1200
      Debug: Off
      Object Name: 
      Observers: 
        none
      Pointer: 0x1548a69b1010
      Container manages memory: true
      Size: 8530021
      Capacity: 8530021

     Moving image = Image (0x4068d70)
  RTTI typeinfo:   itk::Image<double, 3u>
  Reference Count: 2
  Modified Time: 1595
  Debug: Off
  Object Name: 
  Observers: 
    none
  Source: (none)
  Source output name: (none)
  Release Data: Off
  Data Released: False
  Global Release Data: Off
  PipelineMTime: 0
  UpdateMTime: 1592
  RealTimeStamp: 0 seconds 
  LargestPossibleRegion: 
    Dimension: 3
    Index: [0, 0, 0]
    Size: [176, 240, 256]
  BufferedRegion: 
    Dimension: 3
    Index: [0, 0, 0]
    Size: [176, 240, 256]
  RequestedRegion: 
    Dimension: 3
    Index: [0, 0, 0]
    Size: [176, 240, 256]
  Spacing: [0.999999, 1, 1]
  Origin: [90.3778, 84.5091, -154.071]
  Direction: 
-0.999391 7.48184e-06 -0.0348969
-7.47664e-06 -1 -2.7953e-07
-0.0348969 -1.84481e-08 0.999391

  IndexToPointMatrix: 
-0.99939 7.48184e-06 -0.0348969
-7.47663e-06 -1 -2.7953e-07
-0.0348968 -1.84481e-08 0.999391

  PointToIndexMatrix: 
-0.999392 -7.47665e-06 -0.0348969
7.48184e-06 -1 -1.84481e-08
-0.0348969 -2.7953e-07 0.999391

  Inverse Direction: 
-0.999391 -7.47664e-06 -0.0348969
7.48184e-06 -1 -1.84481e-08
-0.0348969 -2.7953e-07 0.999391

  PixelContainer: 
    ImportImageContainer (0x4020c90)
      RTTI typeinfo:   itk::ImportImageContainer<unsigned long, double>
      Reference Count: 1
      Modified Time: 1589
      Debug: Off
      Object Name: 
      Observers: 
        none
      Pointer: 0x1548a1730010
      Container manages memory: true
      Size: 10813440
      Capacity: 10813440

     Weighting = 1
     Sampling strategy = regular
     Number of bins = 32
     Radius = 4
     Sampling percentage  = 0.25
   Transform = Affine
     Gradient step = 0.1
     Update field sigma (voxel space) = 0
     Total field sigma (voxel space) = 0
     Update field time sigma = 0
     Total field time sigma  = 0
     Number of time indices = 0
     Number of time point samples = 0
Registration using 1 total stages.

Stage 0
  iterations = 1000x500x250x100
  convergence threshold = 1e-06
  convergence window size = 10
  number of levels = 4
  using the Mattes MI metric (number of bins = 32, weight = 1, use gradient filter = 0)
  preprocessing:  winsorizing the image intensities
  Shrink factors (level 1 out of 4): [8, 8, 8]
  Shrink factors (level 2 out of 4): [4, 4, 4]
  Shrink factors (level 3 out of 4): [2, 2, 2]
  Shrink factors (level 4 out of 4): [1, 1, 1]
  smoothing sigmas per level: [3, 2, 1, 0]
  regular sampling (percentage = 0.25)

*** Running AffineTransform registration ***

DIAGNOSTIC,Iteration,metricValue,convergenceValue,ITERATION_TIME_INDEX,SINCE_LAST
 2DIAGNOSTIC,     1, -7.482935730395e-01, 1.797693134862e+308, 7.8855e-01, 7.8855e-01, 
 2DIAGNOSTIC,     2, -7.503010078655e-01, 1.797693134862e+308, 7.9416e-01, 5.6121e-03, 
 2DIAGNOSTIC,     3, -7.540539699344e-01, 1.797693134862e+308, 8.0077e-01, 6.6099e-03, 
 2DIAGNOSTIC,     4, -7.607728652442e-01, 1.797693134862e+308, 8.0628e-01, 5.5041e-03, 
 2DIAGNOSTIC,     5, -7.710387029831e-01, 1.797693134862e+308, 8.1138e-01, 5.1029e-03, 
 2DIAGNOSTIC,     6, -7.864173603352e-01, 1.797693134862e+308, 8.1647e-01, 5.0919e-03, 
 2DIAGNOSTIC,     7, -8.109628057911e-01, 1.797693134862e+308, 8.2131e-01, 4.8411e-03, 
 2DIAGNOSTIC,     8, -8.908835979217e-01, 1.797693134862e+308, 8.2786e-01, 6.5410e-03, 
 2DIAGNOSTIC,     9, -9.216518948987e-01, 1.797693134862e+308, 8.3473e-01, 6.8760e-03, 
 2DIAGNOSTIC,    10, -9.227405241898e-01, 1.562581658682e-02, 8.4058e-01, 5.8470e-03, 
 2DIAGNOSTIC,    11, -9.273496590272e-01, 1.563223465892e-02, 8.4582e-01, 5.2371e-03, 
 2DIAGNOSTIC,    12, -9.288938500642e-01, 1.434277099279e-02, 8.5154e-01, 5.7230e-03, 
 2DIAGNOSTIC,    13, -9.339824083155e-01, 1.217962934790e-02, 8.5782e-01, 6.2780e-03, 
 2DIAGNOSTIC,    14, -9.366381292004e-01, 9.469444567744e-03, 8.6309e-01, 5.2688e-03, 
 2DIAGNOSTIC,    15, -9.372685365096e-01, 6.562959005988e-03, 8.6864e-01, 5.5571e-03, 
 2DIAGNOSTIC,    16, -9.379355358508e-01, 3.803944846069e-03, 8.7495e-01, 6.3109e-03, 
 2DIAGNOSTIC,    17, -9.375306670956e-01, 1.480602090574e-03, 8.8047e-01, 5.5170e-03, 
 2DIAGNOSTIC,    18, -9.380097007479e-01, 7.501981399447e-04, 8.8537e-01, 4.9031e-03, 
 2DIAGNOSTIC,    19, -9.382921707611e-01, 5.669908061009e-04, 8.9088e-01, 5.5020e-03, 
 2DIAGNOSTIC,    20, -9.385559507018e-01, 3.721225450835e-04, 8.9634e-01, 5.4681e-03, 
 2DIAGNOSTIC,    21, -9.386822496390e-01, 2.366429732968e-04, 9.0178e-01, 5.4371e-03, 
 2DIAGNOSTIC,    22, -9.384197036116e-01, 1.098383409742e-04, 9.0723e-01, 5.4519e-03, 
 2DIAGNOSTIC,    23, -9.383404722485e-01, 5.411182128416e-05, 9.1445e-01, 7.2141e-03, 
 2DIAGNOSTIC,    24, -9.379695081673e-01, 2.867652246558e-05, 9.1946e-01, 5.0170e-03, 
 2DIAGNOSTIC,    25, -9.378622675990e-01, 9.333033226464e-06, 9.2492e-01, 5.4550e-03, 
DIAGNOSTIC,Iteration,metricValue,convergenceValue,ITERATION_TIME_INDEX,SINCE_LAST
 2DIAGNOSTIC,     1, -7.506280797597e-01, 1.797693134862e+308, 1.6556e+00, 7.3063e-01, 
 2DIAGNOSTIC,     2, -7.510714784386e-01, 1.797693134862e+308, 1.6917e+00, 3.6121e-02, 
 2DIAGNOSTIC,     3, -7.514994532031e-01, 1.797693134862e+308, 1.7270e+00, 3.5327e-02, 
 2DIAGNOSTIC,     4, -7.521355724437e-01, 1.797693134862e+308, 1.7599e+00, 3.2876e-02, 
 2DIAGNOSTIC,     5, -7.532301216260e-01, 1.797693134862e+308, 1.7912e+00, 3.1366e-02, 
 2DIAGNOSTIC,     6, -7.541919984995e-01, 1.797693134862e+308, 1.8429e+00, 5.1704e-02, 
 2DIAGNOSTIC,     7, -7.541575501668e-01, 1.797693134862e+308, 1.8859e+00, 4.2916e-02, 
 2DIAGNOSTIC,     8, -7.541601900558e-01, 1.797693134862e+308, 1.9261e+00, 4.0268e-02, 
 2DIAGNOSTIC,     9, -7.541619554099e-01, 1.797693134862e+308, 1.9595e+00, 3.3396e-02, 
 2DIAGNOSTIC,    10, -7.541423406901e-01, 3.498926650165e-04, 1.9941e+00, 3.4568e-02, 
 2DIAGNOSTIC,    11, -7.541612193588e-01, 2.516382445984e-04, 2.0271e+00, 3.2986e-02, 
 2DIAGNOSTIC,    12, -7.542092605226e-01, 1.632320868767e-04, 2.0624e+00, 3.5314e-02, 
 2DIAGNOSTIC,    13, -7.542803283560e-01, 8.870002888194e-05, 2.0955e+00, 3.3115e-02, 
 2DIAGNOSTIC,    14, -7.543953591642e-01, 3.665953527976e-05, 2.1300e+00, 3.4462e-02, 
 2DIAGNOSTIC,    15, -7.545584359956e-01, 1.931820548515e-05, 2.1754e+00, 4.5439e-02, 
 2DIAGNOSTIC,    16, -7.545281617045e-01, 2.449846322367e-05, 2.2131e+00, 3.7735e-02, 
 2DIAGNOSTIC,    17, -7.544919235148e-01, 2.549895351025e-05, 2.2506e+00, 3.7464e-02, 
 2DIAGNOSTIC,    18, -7.544706206718e-01, 2.384700213710e-05, 2.2915e+00, 4.0928e-02, 
 2DIAGNOSTIC,    19, -7.544595887650e-01, 2.010835498131e-05, 2.3244e+00, 3.2873e-02, 
 2DIAGNOSTIC,    20, -7.544507331557e-01, 1.444914107960e-05, 2.3577e+00, 3.3279e-02, 
 2DIAGNOSTIC,    21, -7.544443258649e-01, 8.376590445870e-06, 2.3948e+00, 3.7100e-02, 
 2DIAGNOSTIC,    22, -7.544560632520e-01, 3.287111018928e-06, 2.4494e+00, 5.4588e-02, 
DIAGNOSTIC,Iteration,metricValue,convergenceValue,ITERATION_TIME_INDEX,SINCE_LAST
 2DIAGNOSTIC,     1, -6.417503515169e-01, 1.797693134862e+308, 3.5324e+00, 1.0830e+00, 
 2DIAGNOSTIC,     2, -6.422154898744e-01, 1.797693134862e+308, 3.8369e+00, 3.0451e-01, 
 2DIAGNOSTIC,     3, -6.426775252095e-01, 1.797693134862e+308, 4.1189e+00, 2.8205e-01, 
 2DIAGNOSTIC,     4, -6.431738271365e-01, 1.797693134862e+308, 4.4137e+00, 2.9474e-01, 
 2DIAGNOSTIC,     5, -6.439498278916e-01, 1.797693134862e+308, 4.7220e+00, 3.0835e-01, 
 2DIAGNOSTIC,     6, -6.449206075916e-01, 1.797693134862e+308, 5.1568e+00, 4.3481e-01, 
 2DIAGNOSTIC,     7, -6.449514180583e-01, 1.797693134862e+308, 5.4611e+00, 3.0430e-01, 
 2DIAGNOSTIC,     8, -6.449467448260e-01, 1.797693134862e+308, 5.7895e+00, 3.2836e-01, 
 2DIAGNOSTIC,     9, -6.449441736527e-01, 1.797693134862e+308, 6.2738e+00, 4.8433e-01, 
 2DIAGNOSTIC,    10, -6.449476011713e-01, 3.635860335181e-04, 6.6912e+00, 4.1737e-01, 
 2DIAGNOSTIC,    11, -6.449462766677e-01, 2.607828982520e-04, 6.9729e+00, 2.8166e-01, 
 2DIAGNOSTIC,    12, -6.449463754034e-01, 1.691737821895e-04, 7.2584e+00, 2.8551e-01, 
 2DIAGNOSTIC,    13, -6.449442585510e-01, 9.262634632438e-05, 7.5524e+00, 2.9400e-01, 
 2DIAGNOSTIC,    14, -6.449433039714e-01, 3.413475834722e-05, 7.8615e+00, 3.0917e-01, 
 2DIAGNOSTIC,    15, -6.449398796000e-01, 2.453860929216e-06, 8.1400e+00, 2.7847e-01, 
 2DIAGNOSTIC,    16, -6.449380434948e-01, 1.396742936366e-06, 8.4211e+00, 2.8105e-01, 
 2DIAGNOSTIC,    17, -6.449387914018e-01, 1.341930457213e-06, 8.6735e+00, 2.5239e-01, 
 2DIAGNOSTIC,    18, -6.449371950773e-01, 1.189451427762e-06, 8.9587e+00, 2.8525e-01, 
 2DIAGNOSTIC,    19, -6.449381186682e-01, 1.067296330585e-06, 9.2500e+00, 2.9129e-01, 
 2DIAGNOSTIC,    20, -6.449376111483e-01, 1.079163592932e-06, 9.5100e+00, 2.5998e-01, 
 2DIAGNOSTIC,    21, -6.449377329236e-01, 1.112328854989e-06, 9.7828e+00, 2.7283e-01, 
 2DIAGNOSTIC,    22, -6.449395695960e-01, 1.218941559709e-06, 1.0092e+01, 3.0938e-01, 
 2DIAGNOSTIC,    23, -6.449388709018e-01, 1.282047472809e-06, 1.0400e+01, 3.0754e-01, 
 2DIAGNOSTIC,    24, -6.449364854005e-01, 1.290373746687e-06, 1.0713e+01, 3.1341e-01, 
 2DIAGNOSTIC,    25, -6.449370444264e-01, 1.253161874507e-06, 1.1029e+01, 3.1631e-01, 
 2DIAGNOSTIC,    26, -6.449364129948e-01, 1.177348526574e-06, 1.1351e+01, 3.2173e-01, 
 2DIAGNOSTIC,    27, -6.449357800607e-01, 1.113544322709e-06, 1.1654e+01, 3.0269e-01, 
 2DIAGNOSTIC,    28, -6.449356920439e-01, 1.033982496630e-06, 1.1970e+01, 3.1578e-01, 
DIAGNOSTIC,Iteration,metricValue,convergenceValue,ITERATION_TIME_INDEX,SINCE_LAST
 2DIAGNOSTIC,     1, -5.763378616049e-01, 1.797693134862e+308, 1.4686e+01, 2.7164e+00, 
 2DIAGNOSTIC,     2, -5.767645608707e-01, 1.797693134862e+308, 1.6314e+01, 1.6275e+00, 
 2DIAGNOSTIC,     3, -5.773017688071e-01, 1.797693134862e+308, 1.7858e+01, 1.5441e+00, 
 2DIAGNOSTIC,     4, -5.778783589970e-01, 1.797693134862e+308, 1.9447e+01, 1.5895e+00, 
 2DIAGNOSTIC,     5, -5.787604257884e-01, 1.797693134862e+308, 2.1032e+01, 1.5844e+00, 
 2DIAGNOSTIC,     6, -5.798866735938e-01, 1.797693134862e+308, 2.3956e+01, 2.9244e+00, 
 2DIAGNOSTIC,     7, -5.798959934435e-01, 1.797693134862e+308, 2.6761e+01, 2.8053e+00, 
 2DIAGNOSTIC,     8, -5.798978782494e-01, 1.797693134862e+308, 2.9716e+01, 2.9544e+00, 
 2DIAGNOSTIC,     9, -5.798980931475e-01, 1.797693134862e+308, 3.1709e+01, 1.9931e+00, 
 2DIAGNOSTIC,    10, -5.798979372102e-01, 4.574229431853e-04, 3.3477e+01, 1.7681e+00, 
 2DIAGNOSTIC,    11, -5.798974276724e-01, 3.310818968701e-04, 3.5321e+01, 1.8440e+00, 
 2DIAGNOSTIC,    12, -5.798975106767e-01, 2.139392238195e-04, 3.7018e+01, 1.6971e+00, 
 2DIAGNOSTIC,    13, -5.798974427372e-01, 1.165257468488e-04, 3.8812e+01, 1.7939e+00, 
 2DIAGNOSTIC,    14, -5.798974101830e-01, 4.249865358301e-05, 4.0679e+01, 1.8672e+00, 
 2DIAGNOSTIC,    15, -5.798971847679e-01, 2.486468306598e-06, 4.2326e+01, 1.6468e+00, 
 2DIAGNOSTIC,    16, -5.798971630636e-01, 1.986718693975e-06, 4.4061e+01, 1.7349e+00, 
 2DIAGNOSTIC,    17, -5.798970955917e-01, 1.811680736270e-06, 4.5780e+01, 1.7194e+00, 
 2DIAGNOSTIC,    18, -5.798969127927e-01, 1.707752204032e-06, 4.7494e+01, 1.7137e+00, 
 2DIAGNOSTIC,    19, -5.798968387295e-01, 1.624258011652e-06, 4.9220e+01, 1.7258e+00, 
 2DIAGNOSTIC,    20, -5.798966284627e-01, 1.545381113022e-06, 5.0973e+01, 1.7533e+00, 
 2DIAGNOSTIC,    21, -5.798962348475e-01, 1.457283658225e-06, 5.2602e+01, 1.6295e+00, 
 2DIAGNOSTIC,    22, -5.798961839178e-01, 1.383591762875e-06, 5.4330e+01, 1.7280e+00, 
 2DIAGNOSTIC,    23, -5.798962575075e-01, 1.322284621477e-06, 5.6096e+01, 1.7650e+00, 
 2DIAGNOSTIC,    24, -5.798962310773e-01, 1.270674751322e-06, 5.8019e+01, 1.9236e+00, 
 2DIAGNOSTIC,    25, -5.798962047221e-01, 1.223566270595e-06, 6.5078e+01, 7.0591e+00, 
 2DIAGNOSTIC,    26, -5.798960273878e-01, 1.181171630948e-06, 6.6920e+01, 1.8415e+00, 
 2DIAGNOSTIC,    27, -5.798959032523e-01, 1.142649885655e-06, 6.8496e+01, 1.5762e+00, 
 2DIAGNOSTIC,    28, -5.798961154657e-01, 1.110713997443e-06, 7.0054e+01, 1.5585e+00, 
 2DIAGNOSTIC,    29, -5.798963230905e-01, 1.085553025304e-06, 7.2013e+01, 1.9586e+00, 
 2DIAGNOSTIC,    30, -5.798964037136e-01, 1.061225737682e-06, 7.4043e+01, 2.0302e+00, 
 2DIAGNOSTIC,    31, -5.798963788999e-01, 1.031980664125e-06, 7.5976e+01, 1.9325e+00, 
 2DIAGNOSTIC,    32, -5.798962967200e-01, 1.002101091691e-06, 7.7525e+01, 1.5498e+00, 
  Elapsed time (stage 0): 7.8577e+01


Total elapsed time: 7.8579e+01
Info [verificarlo]: loaded backend libinterflop_vprec.so
Info [interflop-vprec]: load backend with: 
Info [interflop-vprec]: precision-binary32 = 20
Info [interflop-vprec]: range-binary32 = 7
Info [interflop-vprec]: precision-binary64 = 20
Info [interflop-vprec]: range-binary64 = 7
Info [interflop-vprec]: mode = ob
Info [interflop-vprec]: error-mode = rel
Info [interflop-vprec]: max-abs-error-exponent = -1022
Info [interflop-vprec]: daz = false
Info [interflop-vprec]: ftz = false
Info [interflop-vprec]: 	instrument = none
