
##########################
# Experiment information #
##########################

EXPERIMENT_NAME: antsRegistration-r8-p15
VFC_BACKENDS: libinterflop_vprec.so --range-binary32=8 --precision-binary32=15 --range-binary64=8 --precision-binary64=15

SIF_IMG: /home/mdugre/projects/rrg-glatard/mdugre/containers/ants-vprec-no_metrics.simg

SUBJECT_ID: s020
INPUT_IMG: /home/mdugre/scratch/mri-registration-rp/datasets/ds004513/derivatives/mri-registration-rp/antsBrainExtraction/sub-s020/BrainExtractionBrain.nii.gz
OUTPUT_DIR: /home/mdugre/scratch/mri-registration-rp/datasets/ds004513/derivatives/mri-registration-rp/0001/antsRegistration-r8-p15/sub-s020

FIXED_IMG: /templateflow/tpl-MNI152NLin2009cAsym/tpl-MNI152NLin2009cAsym_res-01_desc-brain_T1w.nii.gz
DATA_DIR: /home/mdugre/scratch/mri-registration-rp/datasets/ds004513
TEMPLATEFLOW_DIR: /home/mdugre/projects/rrg-glatard/mdugre/templateflow
ITK_GLOBAL_DEFAULT_NUMBER_OF_THREADS: 16
##########################

Info [verificarlo]: loaded backend libinterflop_ieee.so
Info [interflop-ieee]: load backend with:
Info [interflop-ieee]: debug = false
Info [interflop-ieee]: debug-binary = false
Info [interflop-ieee]: no-backend-name = false
Info [interflop-ieee]: print-new-line = false
Info [interflop-ieee]: print-subnormal-normalized = false
Info [interflop-ieee]: count-op = false
All_Command_lines_OK
Using double precision for computations.
=============================================================================
The composite transform comprises the following transforms (in order): 
  1. Center of mass alignment using fixed image: /templateflow/tpl-MNI152NLin2009cAsym/tpl-MNI152NLin2009cAsym_res-01_desc-brain_T1w.nii.gz and moving image: /home/mdugre/scratch/mri-registration-rp/datasets/ds004513/derivatives/mri-registration-rp/antsBrainExtraction/sub-s020/BrainExtractionBrain.nii.gz (type = Euler3DTransform)
=============================================================================
  number of levels = 1
  fixed image: /templateflow/tpl-MNI152NLin2009cAsym/tpl-MNI152NLin2009cAsym_res-01_desc-brain_T1w.nii.gz
  moving image: /home/mdugre/scratch/mri-registration-rp/datasets/ds004513/derivatives/mri-registration-rp/antsBrainExtraction/sub-s020/BrainExtractionBrain.nii.gz
Dimension = 3
Number of stages = 1
Use histogram matching = false
Winsorize image intensities = true
  Lower quantile = 0.005
  Upper quantile = 0.995


Stage 1 State
   Image metric = MattesMI
     Fixed image = Image (0x4bdee70)
  RTTI typeinfo:   itk::Image<double, 3u>
  Reference Count: 2
  Modified Time: 2334
  Debug: Off
  Object Name: 
  Observers: 
    none
  Source: (none)
  Source output name: (none)
  Release Data: Off
  Data Released: False
  Global Release Data: Off
  PipelineMTime: 0
  UpdateMTime: 1943
  RealTimeStamp: 0 seconds 
  LargestPossibleRegion: 
    Dimension: 3
    Index: [0, 0, 0]
    Size: [193, 229, 193]
  BufferedRegion: 
    Dimension: 3
    Index: [0, 0, 0]
    Size: [193, 229, 193]
  RequestedRegion: 
    Dimension: 3
    Index: [0, 0, 0]
    Size: [193, 229, 193]
  Spacing: [1, 1, 1]
  Origin: [96, 132, -78]
  Direction: 
-1 0 0
0 -1 0
0 0 1

  IndexToPointMatrix: 
-1 0 0
0 -1 0
0 0 1

  PointToIndexMatrix: 
-1 0 0
0 -1 0
0 0 1

  Inverse Direction: 
-1 0 0
0 -1 0
0 0 1

  PixelContainer: 
    ImportImageContainer (0x4be7c60)
      RTTI typeinfo:   itk::ImportImageContainer<unsigned long, double>
      Reference Count: 1
      Modified Time: 1940
      Debug: Off
      Object Name: 
      Observers: 
        none
      Pointer: 0x154e67969010
      Container manages memory: true
      Size: 8530021
      Capacity: 8530021

     Moving image = Image (0x4bea610)
  RTTI typeinfo:   itk::Image<double, 3u>
  Reference Count: 2
  Modified Time: 2335
  Debug: Off
  Object Name: 
  Observers: 
    none
  Source: (none)
  Source output name: (none)
  Release Data: Off
  Data Released: False
  Global Release Data: Off
  PipelineMTime: 0
  UpdateMTime: 2332
  RealTimeStamp: 0 seconds 
  LargestPossibleRegion: 
    Dimension: 3
    Index: [0, 0, 0]
    Size: [160, 240, 256]
  BufferedRegion: 
    Dimension: 3
    Index: [0, 0, 0]
    Size: [160, 240, 256]
  RequestedRegion: 
    Dimension: 3
    Index: [0, 0, 0]
    Size: [160, 240, 256]
  Spacing: [0.999995, 1, 1]
  Origin: [87.0906, 98.7205, -152.377]
  Direction: 
-0.996975 0.0261379 -0.0731913
-0.0260677 -0.999658 -0.00191374
-0.0732163 -2.46403e-08 0.997316

  IndexToPointMatrix: 
-0.996971 0.0261379 -0.0731913
-0.0260676 -0.999658 -0.00191374
-0.0732159 -2.46403e-08 0.997316

  PointToIndexMatrix: 
-0.99698 -0.0260679 -0.0732166
0.0261379 -0.999658 -2.46993e-08
-0.0731913 -0.00191374 0.997316

  Inverse Direction: 
-0.996975 -0.0260677 -0.0732163
0.0261379 -0.999658 -2.46993e-08
-0.0731913 -0.00191374 0.997316

  PixelContainer: 
    ImportImageContainer (0x4c83ef0)
      RTTI typeinfo:   itk::ImportImageContainer<unsigned long, double>
      Reference Count: 1
      Modified Time: 2329
      Debug: Off
      Object Name: 
      Observers: 
        none
      Pointer: 0x154e62e68010
      Container manages memory: true
      Size: 9830400
      Capacity: 9830400

     Weighting = 1
     Sampling strategy = regular
     Number of bins = 32
     Radius = 4
     Sampling percentage  = 0.25
   Transform = Rigid
     Gradient step = 0.1
     Update field sigma (voxel space) = 0
     Total field sigma (voxel space) = 0
     Update field time sigma = 0
     Total field time sigma  = 0
     Number of time indices = 0
     Number of time point samples = 0
Registration using 1 total stages.

Stage 0
  iterations = 0
  convergence threshold = 1e-06
  convergence window size = 10
  number of levels = 1
  using the Mattes MI metric (number of bins = 32, weight = 1, use gradient filter = 0)
  preprocessing:  winsorizing the image intensities
  Shrink factors (level 1 out of 1): [1, 1, 1]
  smoothing sigmas per level: [0]
  regular sampling (percentage = 0.25)

*** Running Euler3DTransform registration ***

  Elapsed time (stage 0): 1.14925


Total elapsed time: 1.15158
Info [verificarlo]: loaded backend libinterflop_ieee.so
Info [interflop-ieee]: load backend with:
Info [interflop-ieee]: debug = false
Info [interflop-ieee]: debug-binary = false
Info [interflop-ieee]: no-backend-name = false
Info [interflop-ieee]: print-new-line = false
Info [interflop-ieee]: print-subnormal-normalized = false
Info [interflop-ieee]: count-op = false
All_Command_lines_OK
Using double precision for computations.
=============================================================================
The composite transform comprises the following transforms (in order): 
  1. /home/mdugre/scratch/mri-registration-rp/datasets/ds004513/derivatives/mri-registration-rp/0001/antsRegistration-r8-p15/sub-s020/align_Composite.h5[0] (type = Euler3DTransform)
  2. /home/mdugre/scratch/mri-registration-rp/datasets/ds004513/derivatives/mri-registration-rp/0001/antsRegistration-r8-p15/sub-s020/align_Composite.h5[1] (type = Euler3DTransform)
=============================================================================
  number of levels = 4
  fixed image: /templateflow/tpl-MNI152NLin2009cAsym/tpl-MNI152NLin2009cAsym_res-01_desc-brain_T1w.nii.gz
  moving image: /home/mdugre/scratch/mri-registration-rp/datasets/ds004513/derivatives/mri-registration-rp/antsBrainExtraction/sub-s020/BrainExtractionBrain.nii.gz
Dimension = 3
Number of stages = 1
Use histogram matching = false
Winsorize image intensities = true
  Lower quantile = 0.005
  Upper quantile = 0.995


Stage 1 State
   Image metric = MattesMI
     Fixed image = Image (0x3491530)
  RTTI typeinfo:   itk::Image<double, 3u>
  Reference Count: 2
  Modified Time: 1580
  Debug: Off
  Object Name: 
  Observers: 
    none
  Source: (none)
  Source output name: (none)
  Release Data: Off
  Data Released: False
  Global Release Data: Off
  PipelineMTime: 0
  UpdateMTime: 1189
  RealTimeStamp: 0 seconds 
  LargestPossibleRegion: 
    Dimension: 3
    Index: [0, 0, 0]
    Size: [193, 229, 193]
  BufferedRegion: 
    Dimension: 3
    Index: [0, 0, 0]
    Size: [193, 229, 193]
  RequestedRegion: 
    Dimension: 3
    Index: [0, 0, 0]
    Size: [193, 229, 193]
  Spacing: [1, 1, 1]
  Origin: [96, 132, -78]
  Direction: 
-1 0 0
0 -1 0
0 0 1

  IndexToPointMatrix: 
-1 0 0
0 -1 0
0 0 1

  PointToIndexMatrix: 
-1 0 0
0 -1 0
0 0 1

  Inverse Direction: 
-1 0 0
0 -1 0
0 0 1

  PixelContainer: 
    ImportImageContainer (0x354fd60)
      RTTI typeinfo:   itk::ImportImageContainer<unsigned long, double>
      Reference Count: 1
      Modified Time: 1186
      Debug: Off
      Object Name: 
      Observers: 
        none
      Pointer: 0x14d1d5d1d010
      Container manages memory: true
      Size: 8530021
      Capacity: 8530021

     Moving image = Image (0x3541f60)
  RTTI typeinfo:   itk::Image<double, 3u>
  Reference Count: 2
  Modified Time: 1581
  Debug: Off
  Object Name: 
  Observers: 
    none
  Source: (none)
  Source output name: (none)
  Release Data: Off
  Data Released: False
  Global Release Data: Off
  PipelineMTime: 0
  UpdateMTime: 1578
  RealTimeStamp: 0 seconds 
  LargestPossibleRegion: 
    Dimension: 3
    Index: [0, 0, 0]
    Size: [160, 240, 256]
  BufferedRegion: 
    Dimension: 3
    Index: [0, 0, 0]
    Size: [160, 240, 256]
  RequestedRegion: 
    Dimension: 3
    Index: [0, 0, 0]
    Size: [160, 240, 256]
  Spacing: [0.999995, 1, 1]
  Origin: [87.0906, 98.7205, -152.377]
  Direction: 
-0.996975 0.0261379 -0.0731913
-0.0260677 -0.999658 -0.00191374
-0.0732163 -2.46403e-08 0.997316

  IndexToPointMatrix: 
-0.996971 0.0261379 -0.0731913
-0.0260676 -0.999658 -0.00191374
-0.0732159 -2.46403e-08 0.997316

  PointToIndexMatrix: 
-0.99698 -0.0260679 -0.0732166
0.0261379 -0.999658 -2.46993e-08
-0.0731913 -0.00191374 0.997316

  Inverse Direction: 
-0.996975 -0.0260677 -0.0732163
0.0261379 -0.999658 -2.46993e-08
-0.0731913 -0.00191374 0.997316

  PixelContainer: 
    ImportImageContainer (0x35336d0)
      RTTI typeinfo:   itk::ImportImageContainer<unsigned long, double>
      Reference Count: 1
      Modified Time: 1575
      Debug: Off
      Object Name: 
      Observers: 
        none
      Pointer: 0x14d1d121c010
      Container manages memory: true
      Size: 9830400
      Capacity: 9830400

     Weighting = 1
     Sampling strategy = regular
     Number of bins = 32
     Radius = 4
     Sampling percentage  = 0.25
   Transform = Rigid
     Gradient step = 0.1
     Update field sigma (voxel space) = 0
     Total field sigma (voxel space) = 0
     Update field time sigma = 0
     Total field time sigma  = 0
     Number of time indices = 0
     Number of time point samples = 0
Registration using 1 total stages.

Stage 0
  iterations = 1000x500x250x100
  convergence threshold = 1e-06
  convergence window size = 10
  number of levels = 4
  using the Mattes MI metric (number of bins = 32, weight = 1, use gradient filter = 0)
  preprocessing:  winsorizing the image intensities
  Shrink factors (level 1 out of 4): [8, 8, 8]
  Shrink factors (level 2 out of 4): [4, 4, 4]
  Shrink factors (level 3 out of 4): [2, 2, 2]
  Shrink factors (level 4 out of 4): [1, 1, 1]
  smoothing sigmas per level: [3, 2, 1, 0]
  regular sampling (percentage = 0.25)

*** Running Euler3DTransform registration ***

DIAGNOSTIC,Iteration,metricValue,convergenceValue,ITERATION_TIME_INDEX,SINCE_LAST
 2DIAGNOSTIC,     1, -3.791273390751e-01, 1.797693134862e+308, 7.7623e-01, 7.7623e-01, 
 2DIAGNOSTIC,     2, -3.803606001643e-01, 1.797693134862e+308, 7.8085e-01, 4.6241e-03, 
 2DIAGNOSTIC,     3, -3.828962034719e-01, 1.797693134862e+308, 7.8609e-01, 5.2421e-03, 
 2DIAGNOSTIC,     4, -3.876122532015e-01, 1.797693134862e+308, 7.9084e-01, 4.7500e-03, 
 2DIAGNOSTIC,     5, -3.904935334081e-01, 1.797693134862e+308, 7.9668e-01, 5.8429e-03, 
 2DIAGNOSTIC,     6, -3.911039700181e-01, 1.797693134862e+308, 8.0054e-01, 3.8521e-03, 
 2DIAGNOSTIC,     7, -3.914905453856e-01, 1.797693134862e+308, 8.0447e-01, 3.9380e-03, 
 2DIAGNOSTIC,     8, -3.925629083064e-01, 1.797693134862e+308, 8.0865e-01, 4.1730e-03, 
 2DIAGNOSTIC,     9, -3.981570789235e-01, 1.797693134862e+308, 8.1306e-01, 4.4091e-03, 
 2DIAGNOSTIC,    10, -4.079218556696e-01, 3.866687266231e-03, 8.1913e-01, 6.0771e-03, 
 2DIAGNOSTIC,    11, -4.246779602407e-01, 4.904320352955e-03, 8.2428e-01, 5.1489e-03, 
 2DIAGNOSTIC,    12, -4.297045200929e-01, 5.673254149495e-03, 8.2889e-01, 4.6070e-03, 
 2DIAGNOSTIC,    13, -4.335692915500e-01, 6.156954111595e-03, 8.3442e-01, 5.5332e-03, 
 2DIAGNOSTIC,    14, -4.439932007394e-01, 6.764094567499e-03, 8.3919e-01, 4.7650e-03, 
 2DIAGNOSTIC,    15, -4.466217673386e-01, 6.904768045915e-03, 8.4479e-01, 5.6062e-03, 
 2DIAGNOSTIC,    16, -4.513528166467e-01, 6.619270357141e-03, 8.4940e-01, 4.6082e-03, 
 2DIAGNOSTIC,    17, -4.528511001125e-01, 5.844785637112e-03, 8.5461e-01, 5.2071e-03, 
 2DIAGNOSTIC,    18, -4.555717392157e-01, 4.777374802835e-03, 8.6192e-01, 7.3159e-03, 
 2DIAGNOSTIC,    19, -4.559551116984e-01, 3.601534611876e-03, 8.6658e-01, 4.6530e-03, 
 2DIAGNOSTIC,    20, -4.573566025277e-01, 2.586715076742e-03, 8.7398e-01, 7.4031e-03, 
 2DIAGNOSTIC,    21, -4.575247893896e-01, 1.982970114623e-03, 8.7863e-01, 4.6451e-03, 
 2DIAGNOSTIC,    22, -4.577282554252e-01, 1.415636055233e-03, 8.8373e-01, 5.1079e-03, 
 2DIAGNOSTIC,    23, -4.579446735081e-01, 8.825815517263e-04, 8.8831e-01, 4.5791e-03, 
 2DIAGNOSTIC,    24, -4.580222465019e-01, 6.077360355162e-04, 8.9334e-01, 5.0220e-03, 
 2DIAGNOSTIC,    25, -4.581756631444e-01, 3.715371704447e-04, 8.9794e-01, 4.6031e-03, 
 2DIAGNOSTIC,    26, -4.586248746429e-01, 2.524129166943e-04, 9.0246e-01, 4.5259e-03, 
 2DIAGNOSTIC,    27, -4.589296080348e-01, 1.618755470775e-04, 9.0959e-01, 7.1280e-03, 
 2DIAGNOSTIC,    28, -4.591732997475e-01, 1.333080840026e-04, 9.1412e-01, 4.5249e-03, 
 2DIAGNOSTIC,    29, -4.592818515968e-01, 1.048369798221e-04, 9.1936e-01, 5.2478e-03, 
 2DIAGNOSTIC,    30, -4.597219475379e-01, 1.090874586391e-04, 9.2560e-01, 6.2370e-03, 
 2DIAGNOSTIC,    31, -4.598058463229e-01, 1.078014129619e-04, 9.3017e-01, 4.5650e-03, 
 2DIAGNOSTIC,    32, -4.606616381791e-01, 1.181050978073e-04, 9.3538e-01, 5.2161e-03, 
 2DIAGNOSTIC,    33, -4.610353267477e-01, 1.280757756415e-04, 9.3997e-01, 4.5900e-03, 
 2DIAGNOSTIC,    34, -4.611775314520e-01, 1.296583334561e-04, 9.4457e-01, 4.5941e-03, 
 2DIAGNOSTIC,    35, -4.615415720589e-01, 1.286042433077e-04, 9.4940e-01, 4.8370e-03, 
 2DIAGNOSTIC,    36, -4.621705970563e-01, 1.347673549004e-04, 9.5520e-01, 5.8000e-03, 
 2DIAGNOSTIC,    37, -4.629093722499e-01, 1.457426542703e-04, 9.6037e-01, 5.1689e-03, 
 2DIAGNOSTIC,    38, -4.631481865417e-01, 1.503366911277e-04, 9.6556e-01, 5.1820e-03, 
 2DIAGNOSTIC,    39, -4.635659001639e-01, 1.493629084530e-04, 9.7025e-01, 4.6909e-03, 
 2DIAGNOSTIC,    40, -4.640360835253e-01, 1.491570909030e-04, 9.7488e-01, 4.6341e-03, 
 2DIAGNOSTIC,    41, -4.651041442065e-01, 1.524004773281e-04, 9.7984e-01, 4.9591e-03, 
 2DIAGNOSTIC,    42, -4.685771435852e-01, 2.069613781513e-04, 9.8691e-01, 7.0748e-03, 
 2DIAGNOSTIC,    43, -4.699176150654e-01, 2.636848768574e-04, 9.9210e-01, 5.1899e-03, 
 2DIAGNOSTIC,    44, -4.705452159087e-01, 3.041181262245e-04, 9.9730e-01, 5.1951e-03, 
 2DIAGNOSTIC,    45, -4.707502898286e-01, 3.223067300335e-04, 1.0025e+00, 5.1601e-03, 
 2DIAGNOSTIC,    46, -4.711970420340e-01, 3.236373240932e-04, 1.0076e+00, 5.1651e-03, 
 2DIAGNOSTIC,    47, -4.716097414798e-01, 3.088863467699e-04, 1.0129e+00, 5.3251e-03, 
 2DIAGNOSTIC,    48, -4.727792657506e-01, 2.836712463212e-04, 1.0186e+00, 5.6031e-03, 
 2DIAGNOSTIC,    49, -4.772956178348e-01, 2.969992445161e-04, 1.0233e+00, 4.7390e-03, 
 2DIAGNOSTIC,    50, -4.842484866374e-01, 3.749350521657e-04, 1.0293e+00, 5.9741e-03, 
 2DIAGNOSTIC,    51, -4.902157952235e-01, 4.988240954112e-04, 1.0345e+00, 5.2361e-03, 
 2DIAGNOSTIC,    52, -4.897102024446e-01, 6.054036100347e-04, 1.0397e+00, 5.2130e-03, 
 2DIAGNOSTIC,    53, -4.920341026780e-01, 6.952683575810e-04, 1.0448e+00, 5.1060e-03, 
 2DIAGNOSTIC,    54, -4.928981504852e-01, 7.314916465661e-04, 1.0494e+00, 4.5431e-03, 
 2DIAGNOSTIC,    55, -4.931766634105e-01, 7.000272220335e-04, 1.0538e+00, 4.4570e-03, 
 2DIAGNOSTIC,    56, -4.937434188475e-01, 6.140234934380e-04, 1.0583e+00, 4.5209e-03, 
 2DIAGNOSTIC,    57, -4.956758289138e-01, 4.995888240192e-04, 1.0645e+00, 6.1848e-03, 
 2DIAGNOSTIC,    58, -4.969873175826e-01, 3.681096658667e-04, 1.0695e+00, 4.9489e-03, 
 2DIAGNOSTIC,    59, -4.970848269758e-01, 2.535574631079e-04, 1.0739e+00, 4.4742e-03, 
 2DIAGNOSTIC,    60, -4.972057204238e-01, 1.916617454218e-04, 1.0789e+00, 4.9591e-03, 
 2DIAGNOSTIC,    61, -4.975055721119e-01, 1.784868852009e-04, 1.0840e+00, 5.0530e-03, 
 2DIAGNOSTIC,    62, -4.975839887357e-01, 1.434012134355e-04, 1.0890e+00, 5.0359e-03, 
 2DIAGNOSTIC,    63, -4.975558607922e-01, 1.181450172776e-04, 1.0968e+00, 7.8099e-03, 
 2DIAGNOSTIC,    64, -4.976073779202e-01, 9.164264410995e-05, 1.1014e+00, 4.5459e-03, 
 2DIAGNOSTIC,    65, -4.978078630881e-01, 6.208158629955e-05, 1.1058e+00, 4.4851e-03, 
 2DIAGNOSTIC,    66, -4.980157116446e-01, 3.439713652668e-05, 1.1103e+00, 4.5018e-03, 
 2DIAGNOSTIC,    67, -4.981389199398e-01, 2.301358922275e-05, 1.1147e+00, 4.3738e-03, 
 2DIAGNOSTIC,    68, -4.981799178542e-01, 2.220025011817e-05, 1.1191e+00, 4.4241e-03, 
 2DIAGNOSTIC,    69, -4.981976032858e-01, 2.038909657995e-05, 1.1234e+00, 4.2861e-03, 
 2DIAGNOSTIC,    70, -4.982252705279e-01, 1.793747208302e-05, 1.1277e+00, 4.2689e-03, 
 2DIAGNOSTIC,    71, -4.982782515423e-01, 1.689160525646e-05, 1.1325e+00, 4.8201e-03, 
 2DIAGNOSTIC,    72, -4.982710108175e-01, 1.491256139219e-05, 1.1384e+00, 5.8579e-03, 
 2DIAGNOSTIC,    73, -4.981997315052e-01, 1.079963524822e-05, 1.1427e+00, 4.2880e-03, 
 2DIAGNOSTIC,    74, -4.981270167286e-01, 5.643278080768e-06, 1.1469e+00, 4.2651e-03, 
 2DIAGNOSTIC,    75, -4.981341128734e-01, 1.808191511589e-06, 1.1512e+00, 4.2260e-03, 
DIAGNOSTIC,Iteration,metricValue,convergenceValue,ITERATION_TIME_INDEX,SINCE_LAST
 2DIAGNOSTIC,     1, -4.019877726122e-01, 1.797693134862e+308, 1.8601e+00, 7.0893e-01, 
 2DIAGNOSTIC,     2, -4.024141893057e-01, 1.797693134862e+308, 1.8922e+00, 3.2079e-02, 
 2DIAGNOSTIC,     3, -4.028523686952e-01, 1.797693134862e+308, 1.9204e+00, 2.8227e-02, 
 2DIAGNOSTIC,     4, -4.033884217420e-01, 1.797693134862e+308, 1.9481e+00, 2.7701e-02, 
 2DIAGNOSTIC,     5, -4.040445826150e-01, 1.797693134862e+308, 1.9759e+00, 2.7784e-02, 
 2DIAGNOSTIC,     6, -4.046781836055e-01, 1.797693134862e+308, 2.0070e+00, 3.1177e-02, 
 2DIAGNOSTIC,     7, -4.059825455585e-01, 1.797693134862e+308, 2.0381e+00, 3.1008e-02, 
 2DIAGNOSTIC,     8, -4.062479922211e-01, 1.797693134862e+308, 2.0702e+00, 3.2184e-02, 
 2DIAGNOSTIC,     9, -4.070601711910e-01, 1.797693134862e+308, 2.1019e+00, 3.1656e-02, 
 2DIAGNOSTIC,    10, -4.097790720217e-01, 1.094806615748e-03, 2.1370e+00, 3.5143e-02, 
 2DIAGNOSTIC,    11, -4.110795604145e-01, 1.184374817793e-03, 2.1650e+00, 2.7914e-02, 
 2DIAGNOSTIC,    12, -4.144629023134e-01, 1.373659303969e-03, 2.1957e+00, 3.0740e-02, 
 2DIAGNOSTIC,    13, -4.152400532415e-01, 1.472287856915e-03, 2.2261e+00, 3.0450e-02, 
 2DIAGNOSTIC,    14, -4.152623748366e-01, 1.452307195572e-03, 2.2536e+00, 2.7432e-02, 
 2DIAGNOSTIC,    15, -4.153639807381e-01, 1.338554856094e-03, 2.2810e+00, 2.7377e-02, 
 2DIAGNOSTIC,    16, -4.159640422158e-01, 1.167964703449e-03, 2.3084e+00, 2.7414e-02, 
 2DIAGNOSTIC,    17, -4.166127498551e-01, 9.889340195421e-04, 2.3499e+00, 4.1545e-02, 
 2DIAGNOSTIC,    18, -4.170015205697e-01, 7.640611634764e-04, 2.3812e+00, 3.1336e-02, 
 2DIAGNOSTIC,    19, -4.170407075384e-01, 5.236217226303e-04, 2.4264e+00, 4.5166e-02, 
 2DIAGNOSTIC,    20, -4.170509227917e-01, 3.546316131963e-04, 2.4621e+00, 3.5730e-02, 
 2DIAGNOSTIC,    21, -4.170475890205e-01, 2.088084589456e-04, 2.4928e+00, 3.0635e-02, 
 2DIAGNOSTIC,    22, -4.170377741498e-01, 1.621198223973e-04, 2.5236e+00, 3.0775e-02, 
 2DIAGNOSTIC,    23, -4.170333056056e-01, 1.278053513799e-04, 2.5545e+00, 3.0917e-02, 
 2DIAGNOSTIC,    24, -4.170279131521e-01, 8.540139544059e-05, 2.5817e+00, 2.7237e-02, 
 2DIAGNOSTIC,    25, -4.170234509708e-01, 4.113527832490e-05, 2.6118e+00, 3.0134e-02, 
 2DIAGNOSTIC,    26, -4.170329528950e-01, 1.240315889557e-05, 2.6417e+00, 2.9842e-02, 
DIAGNOSTIC,Iteration,metricValue,convergenceValue,ITERATION_TIME_INDEX,SINCE_LAST
 2DIAGNOSTIC,     1, -3.579862301885e-01, 1.797693134862e+308, 3.7363e+00, 1.0946e+00, 
 2DIAGNOSTIC,     2, -3.582139815426e-01, 1.797693134862e+308, 3.9680e+00, 2.3172e-01, 
 2DIAGNOSTIC,     3, -3.584628639926e-01, 1.797693134862e+308, 4.2362e+00, 2.6823e-01, 
 2DIAGNOSTIC,     4, -3.586955020241e-01, 1.797693134862e+308, 4.4876e+00, 2.5137e-01, 
 2DIAGNOSTIC,     5, -3.587514189542e-01, 1.797693134862e+308, 4.7746e+00, 2.8698e-01, 
 2DIAGNOSTIC,     6, -3.588203322469e-01, 1.797693134862e+308, 5.0327e+00, 2.5817e-01, 
 2DIAGNOSTIC,     7, -3.589928364129e-01, 1.797693134862e+308, 5.2892e+00, 2.5648e-01, 
 2DIAGNOSTIC,     8, -3.592988030448e-01, 1.797693134862e+308, 5.7505e+00, 4.6130e-01, 
 2DIAGNOSTIC,     9, -3.593041179736e-01, 1.797693134862e+308, 5.9890e+00, 2.3845e-01, 
 2DIAGNOSTIC,    10, -3.593102806437e-01, 2.418996498031e-04, 6.2182e+00, 2.2922e-01, 
 2DIAGNOSTIC,    11, -3.593236940811e-01, 1.873202390758e-04, 6.4344e+00, 2.1621e-01, 
 2DIAGNOSTIC,    12, -3.593381617381e-01, 1.407737641701e-04, 6.6510e+00, 2.1659e-01, 
 2DIAGNOSTIC,    13, -3.593461380772e-01, 1.039118069827e-04, 6.8651e+00, 2.1411e-01, 
 2DIAGNOSTIC,    14, -3.593699152161e-01, 7.766191126618e-05, 7.1211e+00, 2.5602e-01, 
 2DIAGNOSTIC,    15, -3.594169464425e-01, 5.370857302341e-05, 7.3693e+00, 2.4821e-01, 
 2DIAGNOSTIC,    16, -3.594213662680e-01, 3.153221887306e-05, 7.6330e+00, 2.6366e-01, 
 2DIAGNOSTIC,    17, -3.594235849197e-01, 1.700671301880e-05, 7.8752e+00, 2.4221e-01, 
 2DIAGNOSTIC,    18, -3.594239340253e-01, 1.619651034723e-05, 8.1408e+00, 2.6558e-01, 
 2DIAGNOSTIC,    19, -3.594320717739e-01, 1.468275706757e-05, 8.4001e+00, 2.5934e-01, 
 2DIAGNOSTIC,    20, -3.594418205099e-01, 1.269520126484e-05, 8.6445e+00, 2.4443e-01, 
 2DIAGNOSTIC,    21, -3.594458454122e-01, 1.050623136405e-05, 8.8647e+00, 2.2020e-01, 
 2DIAGNOSTIC,    22, -3.594561073544e-01, 8.599194329474e-06, 9.0864e+00, 2.2166e-01, 
 2DIAGNOSTIC,    23, -3.594693419930e-01, 6.912813991747e-06, 9.3482e+00, 2.6178e-01, 
 2DIAGNOSTIC,    24, -3.594754682943e-01, 5.781300525164e-06, 9.5759e+00, 2.2771e-01, 
 2DIAGNOSTIC,    25, -3.594899496285e-01, 6.264242086731e-06, 9.8879e+00, 3.1198e-01, 
 2DIAGNOSTIC,    26, -3.595284855760e-01, 7.541936183374e-06, 1.0274e+01, 3.8616e-01, 
 2DIAGNOSTIC,    27, -3.595359468929e-01, 8.389538969825e-06, 1.0501e+01, 2.2718e-01, 
 2DIAGNOSTIC,    28, -3.595362272923e-01, 8.518549808240e-06, 1.0759e+01, 2.5763e-01, 
 2DIAGNOSTIC,    29, -3.595378698664e-01, 8.220352045375e-06, 1.1063e+01, 3.0439e-01, 
 2DIAGNOSTIC,    30, -3.595376342949e-01, 7.516584806216e-06, 1.1321e+01, 2.5731e-01, 
 2DIAGNOSTIC,    31, -3.595372558216e-01, 6.321489400961e-06, 1.1547e+01, 2.2694e-01, 
 2DIAGNOSTIC,    32, -3.595364255389e-01, 4.925062053941e-06, 1.1766e+01, 2.1805e-01, 
 2DIAGNOSTIC,    33, -3.595372125454e-01, 3.591175731704e-06, 1.1981e+01, 2.1516e-01, 
 2DIAGNOSTIC,    34, -3.595398572102e-01, 2.292971916385e-06, 1.2230e+01, 2.4909e-01, 
 2DIAGNOSTIC,    35, -3.595414963044e-01, 1.279790804751e-06, 1.2467e+01, 2.3698e-01, 
 2DIAGNOSTIC,    36, -3.595438207151e-01, 1.181727747129e-06, 1.2721e+01, 2.5471e-01, 
 2DIAGNOSTIC,    37, -3.595482019932e-01, 1.314202104297e-06, 1.2960e+01, 2.3890e-01, 
 2DIAGNOSTIC,    38, -3.595575878101e-01, 1.594625596145e-06, 1.3259e+01, 2.9853e-01, 
 2DIAGNOSTIC,    39, -3.595616592451e-01, 1.899483590292e-06, 1.3499e+01, 2.4008e-01, 
 2DIAGNOSTIC,    40, -3.595665946641e-01, 2.179412392420e-06, 1.3726e+01, 2.2685e-01, 
 2DIAGNOSTIC,    41, -3.595801625157e-01, 2.569537517035e-06, 1.4025e+01, 2.9890e-01, 
 2DIAGNOSTIC,    42, -3.595908542579e-01, 2.949080449979e-06, 1.4291e+01, 2.6632e-01, 
 2DIAGNOSTIC,    43, -3.595908595692e-01, 3.111221542455e-06, 1.4539e+01, 2.4778e-01, 
 2DIAGNOSTIC,    44, -3.595931735282e-01, 3.133510639294e-06, 1.4787e+01, 2.4817e-01, 
 2DIAGNOSTIC,    45, -3.595985462748e-01, 3.049266462354e-06, 1.5040e+01, 2.5312e-01, 
 2DIAGNOSTIC,    46, -3.595986713392e-01, 2.780535970574e-06, 1.5299e+01, 2.5875e-01, 
 2DIAGNOSTIC,    47, -3.596010189942e-01, 2.431960283229e-06, 1.5537e+01, 2.3820e-01, 
 2DIAGNOSTIC,    48, -3.596008422698e-01, 2.083856388568e-06, 1.5757e+01, 2.1964e-01, 
 2DIAGNOSTIC,    49, -3.596059931078e-01, 1.765474458636e-06, 1.5974e+01, 2.1743e-01, 
 2DIAGNOSTIC,    50, -3.596143732338e-01, 1.556033219944e-06, 1.6193e+01, 2.1908e-01, 
 2DIAGNOSTIC,    51, -3.596326751162e-01, 1.753383897862e-06, 1.6443e+01, 2.5008e-01, 
 2DIAGNOSTIC,    52, -3.596416062264e-01, 2.129245521856e-06, 1.6671e+01, 2.2806e-01, 
 2DIAGNOSTIC,    53, -3.596509046127e-01, 2.485284666145e-06, 1.6879e+01, 2.0758e-01, 
 2DIAGNOSTIC,    54, -3.596915653968e-01, 3.275173750903e-06, 1.7242e+01, 3.6262e-01, 
 2DIAGNOSTIC,    55, -3.596977017758e-01, 3.927872695778e-06, 1.7541e+01, 2.9927e-01, 
 2DIAGNOSTIC,    56, -3.596933162617e-01, 4.176852528407e-06, 1.7841e+01, 3.0030e-01, 
 2DIAGNOSTIC,    57, -3.596925553719e-01, 4.103605546358e-06, 1.8065e+01, 2.2361e-01, 
 2DIAGNOSTIC,    58, -3.596985821565e-01, 3.771550584321e-06, 1.8315e+01, 2.5042e-01, 
 2DIAGNOSTIC,    59, -3.596975118314e-01, 3.183902659444e-06, 1.8561e+01, 2.4587e-01, 
 2DIAGNOSTIC,    60, -3.596985457679e-01, 2.480122182284e-06, 1.8811e+01, 2.5047e-01, 
 2DIAGNOSTIC,    61, -3.596993228490e-01, 1.867338087942e-06, 1.9026e+01, 2.1403e-01, 
 2DIAGNOSTIC,    62, -3.597011334101e-01, 1.285715301842e-06, 1.9248e+01, 2.2266e-01, 
DIAGNOSTIC,Iteration,metricValue,convergenceValue,ITERATION_TIME_INDEX,SINCE_LAST
 2DIAGNOSTIC,     1, -3.309513566611e-01, 1.797693134862e+308, 2.1818e+01, 2.5699e+00, 
 2DIAGNOSTIC,     2, -3.310387444686e-01, 1.797693134862e+308, 2.3233e+01, 1.4146e+00, 
 2DIAGNOSTIC,     3, -3.310855754996e-01, 1.797693134862e+308, 2.4696e+01, 1.4634e+00, 
 2DIAGNOSTIC,     4, -3.311003825672e-01, 1.797693134862e+308, 2.5987e+01, 1.2914e+00, 
 2DIAGNOSTIC,     5, -3.311547263925e-01, 1.797693134862e+308, 2.7434e+01, 1.4465e+00, 
 2DIAGNOSTIC,     6, -3.312116283231e-01, 1.797693134862e+308, 2.8925e+01, 1.4908e+00, 
 2DIAGNOSTIC,     7, -3.312661623096e-01, 1.797693134862e+308, 3.0213e+01, 1.2886e+00, 
 2DIAGNOSTIC,     8, -3.313935821142e-01, 1.797693134862e+308, 3.2367e+01, 2.1535e+00, 
 2DIAGNOSTIC,     9, -3.314112404054e-01, 1.797693134862e+308, 3.4032e+01, 1.6653e+00, 
 2DIAGNOSTIC,    10, -3.314116179213e-01, 9.660709497002e-05, 3.5620e+01, 1.5876e+00, 
 2DIAGNOSTIC,    11, -3.314110890575e-01, 8.058262467595e-05, 3.7269e+01, 1.6493e+00, 
 2DIAGNOSTIC,    12, -3.314114145694e-01, 6.642310669368e-05, 3.9027e+01, 1.7583e+00, 
 2DIAGNOSTIC,    13, -3.314114348947e-01, 5.169359330362e-05, 4.0748e+01, 1.7203e+00, 
 2DIAGNOSTIC,    14, -3.314113870304e-01, 3.545401504161e-05, 4.2559e+01, 1.8115e+00, 
 2DIAGNOSTIC,    15, -3.314113618248e-01, 2.151777949488e-05, 4.3989e+01, 1.4304e+00, 
 2DIAGNOSTIC,    16, -3.314110538033e-01, 1.059450987721e-05, 4.5302e+01, 1.3121e+00, 
 2DIAGNOSTIC,    17, -3.314109885127e-01, 2.740154197489e-06, 4.6736e+01, 1.4346e+00, 
 2DIAGNOSTIC,    18, -3.314111666254e-01, 1.735386634082e-06, 4.8305e+01, 1.5693e+00, 
 2DIAGNOSTIC,    19, -3.314112601856e-01, 1.639940292078e-06, 4.9799e+01, 1.4933e+00, 
 2DIAGNOSTIC,    20, -3.314112492010e-01, 1.573839188675e-06, 5.1119e+01, 1.3199e+00, 
 2DIAGNOSTIC,    21, -3.314111370434e-01, 1.489448968862e-06, 5.2928e+01, 1.8098e+00, 
 2DIAGNOSTIC,    22, -3.314111615059e-01, 1.428964418210e-06, 5.4516e+01, 1.5873e+00, 
 2DIAGNOSTIC,    23, -3.314109845338e-01, 1.369175903383e-06, 5.5998e+01, 1.4826e+00, 
 2DIAGNOSTIC,    24, -3.314110152718e-01, 1.314996213066e-06, 5.7360e+01, 1.3620e+00, 
 2DIAGNOSTIC,    25, -3.314109963855e-01, 1.264944916979e-06, 5.8618e+01, 1.2577e+00, 
 2DIAGNOSTIC,    26, -3.314110829323e-01, 1.212347228254e-06, 6.0040e+01, 1.4220e+00, 
 2DIAGNOSTIC,    27, -3.314110877694e-01, 1.162619854944e-06, 6.1412e+01, 1.3725e+00, 
 2DIAGNOSTIC,    28, -3.314112145006e-01, 1.127235110678e-06, 6.2872e+01, 1.4596e+00, 
 2DIAGNOSTIC,    29, -3.314113656375e-01, 1.102310876994e-06, 6.4472e+01, 1.6001e+00, 
 2DIAGNOSTIC,    30, -3.314112679171e-01, 1.075387669268e-06, 6.5764e+01, 1.2916e+00, 
 2DIAGNOSTIC,    31, -3.314111293093e-01, 1.041940598891e-06, 6.7107e+01, 1.3431e+00, 
 2DIAGNOSTIC,    32, -3.314113236177e-01, 1.015224196314e-06, 6.8680e+01, 1.5737e+00, 
  Elapsed time (stage 0): 6.9559e+01


Total elapsed time: 6.9562e+01
Info [verificarlo]: loaded backend libinterflop_ieee.so
Info [interflop-ieee]: load backend with:
Info [interflop-ieee]: debug = false
Info [interflop-ieee]: debug-binary = false
Info [interflop-ieee]: no-backend-name = false
Info [interflop-ieee]: print-new-line = false
Info [interflop-ieee]: print-subnormal-normalized = false
Info [interflop-ieee]: count-op = false
All_Command_lines_OK
Using double precision for computations.
=============================================================================
The composite transform comprises the following transforms (in order): 
  1. /home/mdugre/scratch/mri-registration-rp/datasets/ds004513/derivatives/mri-registration-rp/0001/antsRegistration-r8-p15/sub-s020/rigid_Composite.h5[0] (type = Euler3DTransform)
  2. /home/mdugre/scratch/mri-registration-rp/datasets/ds004513/derivatives/mri-registration-rp/0001/antsRegistration-r8-p15/sub-s020/rigid_Composite.h5[1] (type = Euler3DTransform)
  3. /home/mdugre/scratch/mri-registration-rp/datasets/ds004513/derivatives/mri-registration-rp/0001/antsRegistration-r8-p15/sub-s020/rigid_Composite.h5[2] (type = Euler3DTransform)
=============================================================================
  number of levels = 4
  fixed image: /templateflow/tpl-MNI152NLin2009cAsym/tpl-MNI152NLin2009cAsym_res-01_desc-brain_T1w.nii.gz
  moving image: /home/mdugre/scratch/mri-registration-rp/datasets/ds004513/derivatives/mri-registration-rp/antsBrainExtraction/sub-s020/BrainExtractionBrain.nii.gz
Dimension = 3
Number of stages = 1
Use histogram matching = false
Winsorize image intensities = true
  Lower quantile = 0.005
  Upper quantile = 0.995


Stage 1 State
   Image metric = MattesMI
     Fixed image = Image (0x3aae7e0)
  RTTI typeinfo:   itk::Image<double, 3u>
  Reference Count: 2
  Modified Time: 1594
  Debug: Off
  Object Name: 
  Observers: 
    none
  Source: (none)
  Source output name: (none)
  Release Data: Off
  Data Released: False
  Global Release Data: Off
  PipelineMTime: 0
  UpdateMTime: 1203
  RealTimeStamp: 0 seconds 
  LargestPossibleRegion: 
    Dimension: 3
    Index: [0, 0, 0]
    Size: [193, 229, 193]
  BufferedRegion: 
    Dimension: 3
    Index: [0, 0, 0]
    Size: [193, 229, 193]
  RequestedRegion: 
    Dimension: 3
    Index: [0, 0, 0]
    Size: [193, 229, 193]
  Spacing: [1, 1, 1]
  Origin: [96, 132, -78]
  Direction: 
-1 0 0
0 -1 0
0 0 1

  IndexToPointMatrix: 
-1 0 0
0 -1 0
0 0 1

  PointToIndexMatrix: 
-1 0 0
0 -1 0
0 0 1

  Inverse Direction: 
-1 0 0
0 -1 0
0 0 1

  PixelContainer: 
    ImportImageContainer (0x3b6ea20)
      RTTI typeinfo:   itk::ImportImageContainer<unsigned long, double>
      Reference Count: 1
      Modified Time: 1200
      Debug: Off
      Object Name: 
      Observers: 
        none
      Pointer: 0x14672b514010
      Container manages memory: true
      Size: 8530021
      Capacity: 8530021

     Moving image = Image (0x3b69d70)
  RTTI typeinfo:   itk::Image<double, 3u>
  Reference Count: 2
  Modified Time: 1595
  Debug: Off
  Object Name: 
  Observers: 
    none
  Source: (none)
  Source output name: (none)
  Release Data: Off
  Data Released: False
  Global Release Data: Off
  PipelineMTime: 0
  UpdateMTime: 1592
  RealTimeStamp: 0 seconds 
  LargestPossibleRegion: 
    Dimension: 3
    Index: [0, 0, 0]
    Size: [160, 240, 256]
  BufferedRegion: 
    Dimension: 3
    Index: [0, 0, 0]
    Size: [160, 240, 256]
  RequestedRegion: 
    Dimension: 3
    Index: [0, 0, 0]
    Size: [160, 240, 256]
  Spacing: [0.999995, 1, 1]
  Origin: [87.0906, 98.7205, -152.377]
  Direction: 
-0.996975 0.0261379 -0.0731913
-0.0260677 -0.999658 -0.00191374
-0.0732163 -2.46403e-08 0.997316

  IndexToPointMatrix: 
-0.996971 0.0261379 -0.0731913
-0.0260676 -0.999658 -0.00191374
-0.0732159 -2.46403e-08 0.997316

  PointToIndexMatrix: 
-0.99698 -0.0260679 -0.0732166
0.0261379 -0.999658 -2.46993e-08
-0.0731913 -0.00191374 0.997316

  Inverse Direction: 
-0.996975 -0.0260677 -0.0732163
0.0261379 -0.999658 -2.46993e-08
-0.0731913 -0.00191374 0.997316

  PixelContainer: 
    ImportImageContainer (0x3b21c90)
      RTTI typeinfo:   itk::ImportImageContainer<unsigned long, double>
      Reference Count: 1
      Modified Time: 1589
      Debug: Off
      Object Name: 
      Observers: 
        none
      Pointer: 0x146726a13010
      Container manages memory: true
      Size: 9830400
      Capacity: 9830400

     Weighting = 1
     Sampling strategy = regular
     Number of bins = 32
     Radius = 4
     Sampling percentage  = 0.25
   Transform = Affine
     Gradient step = 0.1
     Update field sigma (voxel space) = 0
     Total field sigma (voxel space) = 0
     Update field time sigma = 0
     Total field time sigma  = 0
     Number of time indices = 0
     Number of time point samples = 0
Registration using 1 total stages.

Stage 0
  iterations = 1000x500x250x100
  convergence threshold = 1e-06
  convergence window size = 10
  number of levels = 4
  using the Mattes MI metric (number of bins = 32, weight = 1, use gradient filter = 0)
  preprocessing:  winsorizing the image intensities
  Shrink factors (level 1 out of 4): [8, 8, 8]
  Shrink factors (level 2 out of 4): [4, 4, 4]
  Shrink factors (level 3 out of 4): [2, 2, 2]
  Shrink factors (level 4 out of 4): [1, 1, 1]
  smoothing sigmas per level: [3, 2, 1, 0]
  regular sampling (percentage = 0.25)

*** Running AffineTransform registration ***

DIAGNOSTIC,Iteration,metricValue,convergenceValue,ITERATION_TIME_INDEX,SINCE_LAST
 2DIAGNOSTIC,     1, -4.995607780457e-01, 1.797693134862e+308, 6.7359e-01, 6.7359e-01, 
 2DIAGNOSTIC,     2, -5.010794096937e-01, 1.797693134862e+308, 6.7790e-01, 4.3130e-03, 
 2DIAGNOSTIC,     3, -5.038308376831e-01, 1.797693134862e+308, 6.8268e-01, 4.7760e-03, 
 2DIAGNOSTIC,     4, -5.084872680714e-01, 1.797693134862e+308, 6.8698e-01, 4.3001e-03, 
 2DIAGNOSTIC,     5, -5.165115621173e-01, 1.797693134862e+308, 6.9138e-01, 4.4000e-03, 
 2DIAGNOSTIC,     6, -5.318455485720e-01, 1.797693134862e+308, 6.9550e-01, 4.1170e-03, 
 2DIAGNOSTIC,     7, -5.724513731780e-01, 1.797693134862e+308, 7.0026e-01, 4.7591e-03, 
 2DIAGNOSTIC,     8, -6.425759190835e-01, 1.797693134862e+308, 7.0638e-01, 6.1231e-03, 
 2DIAGNOSTIC,     9, -7.166188874587e-01, 1.797693134862e+308, 7.1437e-01, 7.9920e-03, 
 2DIAGNOSTIC,    10, -7.180032958920e-01, 2.670479063952e-02, 7.1947e-01, 5.1010e-03, 
 2DIAGNOSTIC,    11, -7.217167326432e-01, 2.737113640024e-02, 7.2456e-01, 5.0821e-03, 
 2DIAGNOSTIC,    12, -7.328112537096e-01, 2.596558244474e-02, 7.2962e-01, 5.0669e-03, 
 2DIAGNOSTIC,    13, -7.448359566395e-01, 2.295427609435e-02, 7.3478e-01, 5.1608e-03, 
 2DIAGNOSTIC,    14, -7.561027241713e-01, 1.887326549628e-02, 7.3998e-01, 5.1930e-03, 
 2DIAGNOSTIC,    15, -7.741172158657e-01, 1.453367683858e-02, 7.4584e-01, 5.8670e-03, 
 2DIAGNOSTIC,    16, -8.257198828449e-01, 1.135974359015e-02, 7.5201e-01, 6.1629e-03, 
 2DIAGNOSTIC,    17, -8.375460206081e-01, 8.902171973834e-03, 7.5967e-01, 7.6680e-03, 
 2DIAGNOSTIC,    18, -8.387648939323e-01, 7.635283834720e-03, 7.6505e-01, 5.3761e-03, 
 2DIAGNOSTIC,    19, -8.401363626352e-01, 7.531661555849e-03, 7.7172e-01, 6.6719e-03, 
 2DIAGNOSTIC,    20, -8.403704713093e-01, 6.780275173686e-03, 7.7721e-01, 5.4882e-03, 
 2DIAGNOSTIC,    21, -8.404414081101e-01, 5.547526383010e-03, 7.8261e-01, 5.3999e-03, 
 2DIAGNOSTIC,    22, -8.407874143525e-01, 4.144492379001e-03, 7.8756e-01, 4.9500e-03, 
 2DIAGNOSTIC,    23, -8.414381803612e-01, 2.738115417893e-03, 7.9247e-01, 4.9100e-03, 
 2DIAGNOSTIC,    24, -8.428639898455e-01, 1.433185232644e-03, 7.9736e-01, 4.8909e-03, 
 2DIAGNOSTIC,    25, -8.458425741169e-01, 4.311489871395e-04, 8.0349e-01, 6.1259e-03, 
 2DIAGNOSTIC,    26, -8.503489087890e-01, 3.277985072150e-04, 8.0895e-01, 5.4641e-03, 
 2DIAGNOSTIC,    27, -8.507353753180e-01, 3.792300755709e-04, 8.1437e-01, 5.4159e-03, 
 2DIAGNOSTIC,    28, -8.507642344328e-01, 4.088869042054e-04, 8.1988e-01, 5.5099e-03, 
 2DIAGNOSTIC,    29, -8.507060099658e-01, 4.160015315959e-04, 8.2690e-01, 7.0240e-03, 
 2DIAGNOSTIC,    30, -8.507331076111e-01, 3.862616163580e-04, 8.3231e-01, 5.4059e-03, 
 2DIAGNOSTIC,    31, -8.505024009170e-01, 3.196373695561e-04, 8.3774e-01, 5.4290e-03, 
 2DIAGNOSTIC,    32, -8.502762285986e-01, 2.295273192432e-04, 8.4257e-01, 4.8358e-03, 
 2DIAGNOSTIC,    33, -8.502076774733e-01, 1.316020699994e-04, 8.4805e-01, 5.4741e-03, 
 2DIAGNOSTIC,    34, -8.502453680631e-01, 4.387033951718e-05, 8.5289e-01, 4.8459e-03, 
DIAGNOSTIC,Iteration,metricValue,convergenceValue,ITERATION_TIME_INDEX,SINCE_LAST
 2DIAGNOSTIC,     1, -7.100197262512e-01, 1.797693134862e+308, 1.5648e+00, 7.1187e-01, 
 2DIAGNOSTIC,     2, -7.106145122114e-01, 1.797693134862e+308, 1.6106e+00, 4.5841e-02, 
 2DIAGNOSTIC,     3, -7.112721783428e-01, 1.797693134862e+308, 1.6480e+00, 3.7445e-02, 
 2DIAGNOSTIC,     4, -7.119478743772e-01, 1.797693134862e+308, 1.6811e+00, 3.3077e-02, 
 2DIAGNOSTIC,     5, -7.126040841208e-01, 1.797693134862e+308, 1.7193e+00, 3.8209e-02, 
 2DIAGNOSTIC,     6, -7.129592048868e-01, 1.797693134862e+308, 1.7550e+00, 3.5655e-02, 
 2DIAGNOSTIC,     7, -7.145309917891e-01, 1.797693134862e+308, 1.8214e+00, 6.6410e-02, 
 2DIAGNOSTIC,     8, -7.145471241924e-01, 1.797693134862e+308, 1.8603e+00, 3.8882e-02, 
 2DIAGNOSTIC,     9, -7.145198491017e-01, 1.797693134862e+308, 1.9019e+00, 4.1596e-02, 
 2DIAGNOSTIC,    10, -7.144922987699e-01, 4.596803932455e-04, 1.9423e+00, 4.0404e-02, 
 2DIAGNOSTIC,    11, -7.145170439141e-01, 3.540177465684e-04, 1.9818e+00, 3.9552e-02, 
 2DIAGNOSTIC,    12, -7.145210155072e-01, 2.534365428540e-04, 2.0285e+00, 4.6720e-02, 
 2DIAGNOSTIC,    13, -7.145172752267e-01, 1.653974641112e-04, 2.0671e+00, 3.8589e-02, 
 2DIAGNOSTIC,    14, -7.145100445330e-01, 9.453164144645e-05, 2.1014e+00, 3.4220e-02, 
 2DIAGNOSTIC,    15, -7.145065350384e-01, 4.230391773148e-05, 2.1415e+00, 4.0159e-02, 
DIAGNOSTIC,Iteration,metricValue,convergenceValue,ITERATION_TIME_INDEX,SINCE_LAST
 2DIAGNOSTIC,     1, -5.946890946688e-01, 1.797693134862e+308, 3.2702e+00, 1.1287e+00, 
 2DIAGNOSTIC,     2, -5.950436016518e-01, 1.797693134862e+308, 3.5858e+00, 3.1564e-01, 
 2DIAGNOSTIC,     3, -5.953958047719e-01, 1.797693134862e+308, 3.8983e+00, 3.1244e-01, 
 2DIAGNOSTIC,     4, -5.958154502067e-01, 1.797693134862e+308, 4.2015e+00, 3.0326e-01, 
 2DIAGNOSTIC,     5, -5.966785187132e-01, 1.797693134862e+308, 4.5426e+00, 3.4108e-01, 
 2DIAGNOSTIC,     6, -5.967028721318e-01, 1.797693134862e+308, 4.8307e+00, 2.8806e-01, 
 2DIAGNOSTIC,     7, -5.967375319740e-01, 1.797693134862e+308, 5.2155e+00, 3.8488e-01, 
 2DIAGNOSTIC,     8, -5.967821233715e-01, 1.797693134862e+308, 5.5919e+00, 3.7641e-01, 
 2DIAGNOSTIC,     9, -5.967832007737e-01, 1.797693134862e+308, 5.8816e+00, 2.8969e-01, 
 2DIAGNOSTIC,    10, -5.968367698540e-01, 2.451407565665e-04, 6.1934e+00, 3.1172e-01, 
 2DIAGNOSTIC,    11, -5.969231402702e-01, 1.706874543369e-04, 6.5588e+00, 3.6548e-01, 
 2DIAGNOSTIC,    12, -5.971610460424e-01, 1.173931103824e-04, 7.0526e+00, 4.9373e-01, 
 2DIAGNOSTIC,    13, -5.971699727959e-01, 7.493196340598e-05, 7.5439e+00, 4.9136e-01, 
 2DIAGNOSTIC,    14, -5.971724759667e-01, 4.564068764486e-05, 7.8930e+00, 3.4909e-01, 
 2DIAGNOSTIC,    15, -5.971717141014e-01, 4.379198838098e-05, 8.2138e+00, 3.2077e-01, 
