
##########################
# Experiment information #
##########################

EXPERIMENT_NAME: antsRegistration-r8-p21
VFC_BACKENDS: libinterflop_vprec.so --range-binary32=8 --precision-binary32=21 --range-binary64=8 --precision-binary64=21

SIF_IMG: /home/mdugre/projects/rrg-glatard/mdugre/containers/ants-vprec-no_metrics.simg

SUBJECT_ID: s020
INPUT_IMG: /home/mdugre/scratch/mri-registration-rp/datasets/ds004513/derivatives/mri-registration-rp/antsBrainExtraction/sub-s020/BrainExtractionBrain.nii.gz
OUTPUT_DIR: /home/mdugre/scratch/mri-registration-rp/datasets/ds004513/derivatives/mri-registration-rp/0001/antsRegistration-r8-p21/sub-s020

FIXED_IMG: /templateflow/tpl-MNI152NLin2009cAsym/tpl-MNI152NLin2009cAsym_res-01_desc-brain_T1w.nii.gz
DATA_DIR: /home/mdugre/scratch/mri-registration-rp/datasets/ds004513
TEMPLATEFLOW_DIR: /home/mdugre/projects/rrg-glatard/mdugre/templateflow
ITK_GLOBAL_DEFAULT_NUMBER_OF_THREADS: 16
##########################

Info [verificarlo]: loaded backend libinterflop_ieee.so
Info [interflop-ieee]: load backend with:
Info [interflop-ieee]: debug = false
Info [interflop-ieee]: debug-binary = false
Info [interflop-ieee]: no-backend-name = false
Info [interflop-ieee]: print-new-line = false
Info [interflop-ieee]: print-subnormal-normalized = false
Info [interflop-ieee]: count-op = false
All_Command_lines_OK
Using double precision for computations.
=============================================================================
The composite transform comprises the following transforms (in order): 
  1. Center of mass alignment using fixed image: /templateflow/tpl-MNI152NLin2009cAsym/tpl-MNI152NLin2009cAsym_res-01_desc-brain_T1w.nii.gz and moving image: /home/mdugre/scratch/mri-registration-rp/datasets/ds004513/derivatives/mri-registration-rp/antsBrainExtraction/sub-s020/BrainExtractionBrain.nii.gz (type = Euler3DTransform)
=============================================================================
  number of levels = 1
  fixed image: /templateflow/tpl-MNI152NLin2009cAsym/tpl-MNI152NLin2009cAsym_res-01_desc-brain_T1w.nii.gz
  moving image: /home/mdugre/scratch/mri-registration-rp/datasets/ds004513/derivatives/mri-registration-rp/antsBrainExtraction/sub-s020/BrainExtractionBrain.nii.gz
Dimension = 3
Number of stages = 1
Use histogram matching = false
Winsorize image intensities = true
  Lower quantile = 0.005
  Upper quantile = 0.995


Stage 1 State
   Image metric = MattesMI
     Fixed image = Image (0x3476e70)
  RTTI typeinfo:   itk::Image<double, 3u>
  Reference Count: 2
  Modified Time: 2334
  Debug: Off
  Object Name: 
  Observers: 
    none
  Source: (none)
  Source output name: (none)
  Release Data: Off
  Data Released: False
  Global Release Data: Off
  PipelineMTime: 0
  UpdateMTime: 1943
  RealTimeStamp: 0 seconds 
  LargestPossibleRegion: 
    Dimension: 3
    Index: [0, 0, 0]
    Size: [193, 229, 193]
  BufferedRegion: 
    Dimension: 3
    Index: [0, 0, 0]
    Size: [193, 229, 193]
  RequestedRegion: 
    Dimension: 3
    Index: [0, 0, 0]
    Size: [193, 229, 193]
  Spacing: [1, 1, 1]
  Origin: [96, 132, -78]
  Direction: 
-1 0 0
0 -1 0
0 0 1

  IndexToPointMatrix: 
-1 0 0
0 -1 0
0 0 1

  PointToIndexMatrix: 
-1 0 0
0 -1 0
0 0 1

  Inverse Direction: 
-1 0 0
0 -1 0
0 0 1

  PixelContainer: 
    ImportImageContainer (0x347fc60)
      RTTI typeinfo:   itk::ImportImageContainer<unsigned long, double>
      Reference Count: 1
      Modified Time: 1940
      Debug: Off
      Object Name: 
      Observers: 
        none
      Pointer: 0x14dc2f947010
      Container manages memory: true
      Size: 8530021
      Capacity: 8530021

     Moving image = Image (0x3482610)
  RTTI typeinfo:   itk::Image<double, 3u>
  Reference Count: 2
  Modified Time: 2335
  Debug: Off
  Object Name: 
  Observers: 
    none
  Source: (none)
  Source output name: (none)
  Release Data: Off
  Data Released: False
  Global Release Data: Off
  PipelineMTime: 0
  UpdateMTime: 2332
  RealTimeStamp: 0 seconds 
  LargestPossibleRegion: 
    Dimension: 3
    Index: [0, 0, 0]
    Size: [160, 240, 256]
  BufferedRegion: 
    Dimension: 3
    Index: [0, 0, 0]
    Size: [160, 240, 256]
  RequestedRegion: 
    Dimension: 3
    Index: [0, 0, 0]
    Size: [160, 240, 256]
  Spacing: [0.999995, 1, 1]
  Origin: [87.0906, 98.7205, -152.377]
  Direction: 
-0.996975 0.0261379 -0.0731913
-0.0260677 -0.999658 -0.00191374
-0.0732163 -2.46403e-08 0.997316

  IndexToPointMatrix: 
-0.996971 0.0261379 -0.0731913
-0.0260676 -0.999658 -0.00191374
-0.0732159 -2.46403e-08 0.997316

  PointToIndexMatrix: 
-0.99698 -0.0260679 -0.0732166
0.0261379 -0.999658 -2.46993e-08
-0.0731913 -0.00191374 0.997316

  Inverse Direction: 
-0.996975 -0.0260677 -0.0732163
0.0261379 -0.999658 -2.46993e-08
-0.0731913 -0.00191374 0.997316

  PixelContainer: 
    ImportImageContainer (0x351bef0)
      RTTI typeinfo:   itk::ImportImageContainer<unsigned long, double>
      Reference Count: 1
      Modified Time: 2329
      Debug: Off
      Object Name: 
      Observers: 
        none
      Pointer: 0x14dc2ae46010
      Container manages memory: true
      Size: 9830400
      Capacity: 9830400

     Weighting = 1
     Sampling strategy = regular
     Number of bins = 32
     Radius = 4
     Sampling percentage  = 0.25
   Transform = Rigid
     Gradient step = 0.1
     Update field sigma (voxel space) = 0
     Total field sigma (voxel space) = 0
     Update field time sigma = 0
     Total field time sigma  = 0
     Number of time indices = 0
     Number of time point samples = 0
Registration using 1 total stages.

Stage 0
  iterations = 0
  convergence threshold = 1e-06
  convergence window size = 10
  number of levels = 1
  using the Mattes MI metric (number of bins = 32, weight = 1, use gradient filter = 0)
  preprocessing:  winsorizing the image intensities
  Shrink factors (level 1 out of 1): [1, 1, 1]
  smoothing sigmas per level: [0]
  regular sampling (percentage = 0.25)

*** Running Euler3DTransform registration ***

  Elapsed time (stage 0): 1.093


Total elapsed time: 1.09783
Info [verificarlo]: loaded backend libinterflop_ieee.so
Info [interflop-ieee]: load backend with:
Info [interflop-ieee]: debug = false
Info [interflop-ieee]: debug-binary = false
Info [interflop-ieee]: no-backend-name = false
Info [interflop-ieee]: print-new-line = false
Info [interflop-ieee]: print-subnormal-normalized = false
Info [interflop-ieee]: count-op = false
All_Command_lines_OK
Using double precision for computations.
=============================================================================
The composite transform comprises the following transforms (in order): 
  1. /home/mdugre/scratch/mri-registration-rp/datasets/ds004513/derivatives/mri-registration-rp/0001/antsRegistration-r8-p21/sub-s020/align_Composite.h5[0] (type = Euler3DTransform)
  2. /home/mdugre/scratch/mri-registration-rp/datasets/ds004513/derivatives/mri-registration-rp/0001/antsRegistration-r8-p21/sub-s020/align_Composite.h5[1] (type = Euler3DTransform)
=============================================================================
  number of levels = 4
  fixed image: /templateflow/tpl-MNI152NLin2009cAsym/tpl-MNI152NLin2009cAsym_res-01_desc-brain_T1w.nii.gz
  moving image: /home/mdugre/scratch/mri-registration-rp/datasets/ds004513/derivatives/mri-registration-rp/antsBrainExtraction/sub-s020/BrainExtractionBrain.nii.gz
Dimension = 3
Number of stages = 1
Use histogram matching = false
Winsorize image intensities = true
  Lower quantile = 0.005
  Upper quantile = 0.995


Stage 1 State
   Image metric = MattesMI
     Fixed image = Image (0x4da4530)
  RTTI typeinfo:   itk::Image<double, 3u>
  Reference Count: 2
  Modified Time: 1580
  Debug: Off
  Object Name: 
  Observers: 
    none
  Source: (none)
  Source output name: (none)
  Release Data: Off
  Data Released: False
  Global Release Data: Off
  PipelineMTime: 0
  UpdateMTime: 1189
  RealTimeStamp: 0 seconds 
  LargestPossibleRegion: 
    Dimension: 3
    Index: [0, 0, 0]
    Size: [193, 229, 193]
  BufferedRegion: 
    Dimension: 3
    Index: [0, 0, 0]
    Size: [193, 229, 193]
  RequestedRegion: 
    Dimension: 3
    Index: [0, 0, 0]
    Size: [193, 229, 193]
  Spacing: [1, 1, 1]
  Origin: [96, 132, -78]
  Direction: 
-1 0 0
0 -1 0
0 0 1

  IndexToPointMatrix: 
-1 0 0
0 -1 0
0 0 1

  PointToIndexMatrix: 
-1 0 0
0 -1 0
0 0 1

  Inverse Direction: 
-1 0 0
0 -1 0
0 0 1

  PixelContainer: 
    ImportImageContainer (0x4e62d60)
      RTTI typeinfo:   itk::ImportImageContainer<unsigned long, double>
      Reference Count: 1
      Modified Time: 1186
      Debug: Off
      Object Name: 
      Observers: 
        none
      Pointer: 0x152218fb2010
      Container manages memory: true
      Size: 8530021
      Capacity: 8530021

     Moving image = Image (0x4e54f60)
  RTTI typeinfo:   itk::Image<double, 3u>
  Reference Count: 2
  Modified Time: 1581
  Debug: Off
  Object Name: 
  Observers: 
    none
  Source: (none)
  Source output name: (none)
  Release Data: Off
  Data Released: False
  Global Release Data: Off
  PipelineMTime: 0
  UpdateMTime: 1578
  RealTimeStamp: 0 seconds 
  LargestPossibleRegion: 
    Dimension: 3
    Index: [0, 0, 0]
    Size: [160, 240, 256]
  BufferedRegion: 
    Dimension: 3
    Index: [0, 0, 0]
    Size: [160, 240, 256]
  RequestedRegion: 
    Dimension: 3
    Index: [0, 0, 0]
    Size: [160, 240, 256]
  Spacing: [0.999995, 1, 1]
  Origin: [87.0906, 98.7205, -152.377]
  Direction: 
-0.996975 0.0261379 -0.0731913
-0.0260677 -0.999658 -0.00191374
-0.0732163 -2.46403e-08 0.997316

  IndexToPointMatrix: 
-0.996971 0.0261379 -0.0731913
-0.0260676 -0.999658 -0.00191374
-0.0732159 -2.46403e-08 0.997316

  PointToIndexMatrix: 
-0.99698 -0.0260679 -0.0732166
0.0261379 -0.999658 -2.46993e-08
-0.0731913 -0.00191374 0.997316

  Inverse Direction: 
-0.996975 -0.0260677 -0.0732163
0.0261379 -0.999658 -2.46993e-08
-0.0731913 -0.00191374 0.997316

  PixelContainer: 
    ImportImageContainer (0x4e466d0)
      RTTI typeinfo:   itk::ImportImageContainer<unsigned long, double>
      Reference Count: 1
      Modified Time: 1575
      Debug: Off
      Object Name: 
      Observers: 
        none
      Pointer: 0x1522144b1010
      Container manages memory: true
      Size: 9830400
      Capacity: 9830400

     Weighting = 1
     Sampling strategy = regular
     Number of bins = 32
     Radius = 4
     Sampling percentage  = 0.25
   Transform = Rigid
     Gradient step = 0.1
     Update field sigma (voxel space) = 0
     Total field sigma (voxel space) = 0
     Update field time sigma = 0
     Total field time sigma  = 0
     Number of time indices = 0
     Number of time point samples = 0
Registration using 1 total stages.

Stage 0
  iterations = 1000x500x250x100
  convergence threshold = 1e-06
  convergence window size = 10
  number of levels = 4
  using the Mattes MI metric (number of bins = 32, weight = 1, use gradient filter = 0)
  preprocessing:  winsorizing the image intensities
  Shrink factors (level 1 out of 4): [8, 8, 8]
  Shrink factors (level 2 out of 4): [4, 4, 4]
  Shrink factors (level 3 out of 4): [2, 2, 2]
  Shrink factors (level 4 out of 4): [1, 1, 1]
  smoothing sigmas per level: [3, 2, 1, 0]
  regular sampling (percentage = 0.25)

*** Running Euler3DTransform registration ***

DIAGNOSTIC,Iteration,metricValue,convergenceValue,ITERATION_TIME_INDEX,SINCE_LAST
 2DIAGNOSTIC,     1, -3.791273390751e-01, 1.797693134862e+308, 8.1731e-01, 8.1731e-01, 
 2DIAGNOSTIC,     2, -3.803606001643e-01, 1.797693134862e+308, 8.2187e-01, 4.5619e-03, 
 2DIAGNOSTIC,     3, -3.828962034719e-01, 1.797693134862e+308, 8.2627e-01, 4.3941e-03, 
 2DIAGNOSTIC,     4, -3.876122532015e-01, 1.797693134862e+308, 8.3069e-01, 4.4279e-03, 
 2DIAGNOSTIC,     5, -3.904935334081e-01, 1.797693134862e+308, 8.3560e-01, 4.9059e-03, 
 2DIAGNOSTIC,     6, -3.911039700181e-01, 1.797693134862e+308, 8.3991e-01, 4.3149e-03, 
 2DIAGNOSTIC,     7, -3.914905453856e-01, 1.797693134862e+308, 8.4410e-01, 4.1811e-03, 
 2DIAGNOSTIC,     8, -3.925629083064e-01, 1.797693134862e+308, 8.4849e-01, 4.3931e-03, 
 2DIAGNOSTIC,     9, -3.981570789235e-01, 1.797693134862e+308, 8.5305e-01, 4.5609e-03, 
 2DIAGNOSTIC,    10, -4.079218556696e-01, 3.866687266231e-03, 8.5907e-01, 6.0170e-03, 
 2DIAGNOSTIC,    11, -4.246779602407e-01, 4.904320352959e-03, 8.6437e-01, 5.2989e-03, 
 2DIAGNOSTIC,    12, -4.297045200929e-01, 5.673254149499e-03, 8.6907e-01, 4.7021e-03, 
 2DIAGNOSTIC,    13, -4.335692915527e-01, 6.156954111741e-03, 8.7439e-01, 5.3260e-03, 
 2DIAGNOSTIC,    14, -4.439932007361e-01, 6.764094567455e-03, 8.7902e-01, 4.6270e-03, 
 2DIAGNOSTIC,    15, -4.466217675345e-01, 6.904768054804e-03, 8.8464e-01, 5.6179e-03, 
 2DIAGNOSTIC,    16, -4.513528166459e-01, 6.619270364307e-03, 8.8931e-01, 4.6730e-03, 
 2DIAGNOSTIC,    17, -4.528510989387e-01, 5.844785595692e-03, 8.9454e-01, 5.2240e-03, 
 2DIAGNOSTIC,    18, -4.555717392102e-01, 4.777374767518e-03, 9.0188e-01, 7.3400e-03, 
 2DIAGNOSTIC,    19, -4.559551088273e-01, 3.601534481573e-03, 9.0650e-01, 4.6289e-03, 
 2DIAGNOSTIC,    20, -4.573567268823e-01, 2.586719164989e-03, 9.1358e-01, 7.0748e-03, 
 2DIAGNOSTIC,    21, -4.575251788382e-01, 1.982985991353e-03, 9.1811e-01, 4.5269e-03, 
 2DIAGNOSTIC,    22, -4.577285410554e-01, 1.415657762546e-03, 9.2319e-01, 5.0812e-03, 
 2DIAGNOSTIC,    23, -4.579445881746e-01, 8.825959702932e-04, 9.2765e-01, 4.4601e-03, 
 2DIAGNOSTIC,    24, -4.580221241715e-01, 6.077417815191e-04, 9.3242e-01, 4.7770e-03, 
 2DIAGNOSTIC,    25, -4.581754742655e-01, 3.715324521817e-04, 9.3694e-01, 4.5140e-03, 
 2DIAGNOSTIC,    26, -4.586244184980e-01, 2.523919542449e-04, 9.4149e-01, 4.5509e-03, 
 2DIAGNOSTIC,    27, -4.589279174121e-01, 1.618114870250e-04, 9.4814e-01, 6.6540e-03, 
 2DIAGNOSTIC,    28, -4.591701422532e-01, 1.331766345595e-04, 9.5258e-01, 4.4398e-03, 
 2DIAGNOSTIC,    29, -4.592793322014e-01, 1.046704589970e-04, 9.5706e-01, 4.4770e-03, 
 2DIAGNOSTIC,    30, -4.596799988221e-01, 1.080396298599e-04, 9.6371e-01, 6.6521e-03, 
 2DIAGNOSTIC,    31, -4.599390435114e-01, 1.097748112630e-04, 9.6820e-01, 4.4880e-03, 
 2DIAGNOSTIC,    32, -4.599338272453e-01, 1.049490327192e-04, 9.7263e-01, 4.4250e-03, 
 2DIAGNOSTIC,    33, -4.600724608797e-01, 9.785703557991e-05, 9.7715e-01, 4.5290e-03, 
 2DIAGNOSTIC,    34, -4.601767708941e-01, 8.556248619528e-05, 9.8212e-01, 4.9651e-03, 
 2DIAGNOSTIC,    35, -4.602312708905e-01, 6.958788534313e-05, 9.8815e-01, 6.0339e-03, 
 2DIAGNOSTIC,    36, -4.602520421459e-01, 5.639434664084e-05, 9.9260e-01, 4.4429e-03, 
 2DIAGNOSTIC,    37, -4.604039577743e-01, 4.671329525615e-05, 9.9711e-01, 4.5140e-03, 
 2DIAGNOSTIC,    38, -4.609746404909e-01, 4.711143332133e-05, 1.0021e+00, 5.0302e-03, 
 2DIAGNOSTIC,    39, -4.612201822741e-01, 4.857202481729e-05, 1.0068e+00, 4.6711e-03, 
 2DIAGNOSTIC,    40, -4.612034496968e-01, 5.156196681495e-05, 1.0124e+00, 5.5480e-03, 
 2DIAGNOSTIC,    41, -4.615188211001e-01, 5.886936114695e-05, 1.0168e+00, 4.4439e-03, 
 2DIAGNOSTIC,    42, -4.616656752764e-01, 6.227198433479e-05, 1.0219e+00, 5.0480e-03, 
 2DIAGNOSTIC,    43, -4.620523296333e-01, 6.732070976789e-05, 1.0269e+00, 5.0900e-03, 
 2DIAGNOSTIC,    44, -4.632806045668e-01, 8.516603738776e-05, 1.0332e+00, 6.3062e-03, 
 2DIAGNOSTIC,    45, -4.644421237149e-01, 1.112373057361e-04, 1.0378e+00, 4.5161e-03, 
 2DIAGNOSTIC,    46, -4.646065175948e-01, 1.279849721635e-04, 1.0425e+00, 4.7770e-03, 
 2DIAGNOSTIC,    47, -4.648166318881e-01, 1.369068252715e-04, 1.0477e+00, 5.2080e-03, 
 2DIAGNOSTIC,    48, -4.650000427926e-01, 1.425067977827e-04, 1.0534e+00, 5.6210e-03, 
 2DIAGNOSTIC,    49, -4.651340248153e-01, 1.389985168488e-04, 1.0596e+00, 6.2780e-03, 
 2DIAGNOSTIC,    50, -4.652520940994e-01, 1.233818857620e-04, 1.0642e+00, 4.5691e-03, 
 2DIAGNOSTIC,    51, -4.653724951927e-01, 1.022915109749e-04, 1.0687e+00, 4.5152e-03, 
 2DIAGNOSTIC,    52, -4.655998515400e-01, 7.713094960149e-05, 1.0743e+00, 5.5919e-03, 
 2DIAGNOSTIC,    53, -4.658453610877e-01, 5.293558266446e-05, 1.0790e+00, 4.6620e-03, 
 2DIAGNOSTIC,    54, -4.662892764582e-01, 4.402863662301e-05, 1.0849e+00, 5.8670e-03, 
 2DIAGNOSTIC,    55, -4.666519817611e-01, 4.887377441257e-05, 1.0895e+00, 4.6532e-03, 
 2DIAGNOSTIC,    56, -4.668160392383e-01, 5.257354746744e-05, 1.0939e+00, 4.4360e-03, 
 2DIAGNOSTIC,    57, -4.672976751298e-01, 5.887178074233e-05, 1.1002e+00, 6.2380e-03, 
 2DIAGNOSTIC,    58, -4.675183470259e-01, 6.363300860798e-05, 1.1047e+00, 4.5409e-03, 
 2DIAGNOSTIC,    59, -4.676890470322e-01, 6.538582382775e-05, 1.1134e+00, 8.6620e-03, 
 2DIAGNOSTIC,    60, -4.697819851730e-01, 8.425140408844e-05, 1.1183e+00, 4.8800e-03, 
 2DIAGNOSTIC,    61, -4.742224778177e-01, 1.412581252719e-04, 1.1240e+00, 5.7359e-03, 
 2DIAGNOSTIC,    62, -4.840995457352e-01, 2.849279236148e-04, 1.1299e+00, 5.9369e-03, 
 2DIAGNOSTIC,    63, -4.879570858927e-01, 4.354202491673e-04, 1.1369e+00, 6.9580e-03, 
 2DIAGNOSTIC,    64, -4.892755719943e-01, 5.570492230673e-04, 1.1415e+00, 4.5600e-03, 
 2DIAGNOSTIC,    65, -4.901656992211e-01, 6.344126168293e-04, 1.1459e+00, 4.4711e-03, 
 2DIAGNOSTIC,    66, -4.906027201450e-01, 6.532587373355e-04, 1.1513e+00, 5.3911e-03, 
 2DIAGNOSTIC,    67, -4.919750680446e-01, 6.246755184113e-04, 1.1576e+00, 6.2740e-03, 
 2DIAGNOSTIC,    68, -4.926340297317e-01, 5.447366130212e-04, 1.1622e+00, 4.5810e-03, 
 2DIAGNOSTIC,    69, -4.928252075831e-01, 4.192990385542e-04, 1.1666e+00, 4.4549e-03, 
 2DIAGNOSTIC,    70, -4.934437407505e-01, 2.822236640148e-04, 1.1712e+00, 4.5989e-03, 
 2DIAGNOSTIC,    71, -4.949832042741e-01, 1.728540982053e-04, 1.1789e+00, 7.6962e-03, 
 2DIAGNOSTIC,    72, -4.955235721547e-01, 1.394301780629e-04, 1.1849e+00, 5.9919e-03, 
 2DIAGNOSTIC,    73, -4.956093509841e-01, 1.271447977689e-04, 1.1900e+00, 5.0979e-03, 
 2DIAGNOSTIC,    74, -4.955839088151e-01, 1.141073182402e-04, 1.1944e+00, 4.3991e-03, 
 2DIAGNOSTIC,    75, -4.955821627451e-01, 9.794208782438e-05, 1.1989e+00, 4.4630e-03, 
 2DIAGNOSTIC,    76, -4.956829660869e-01, 7.677239375969e-05, 1.2033e+00, 4.4301e-03, 
 2DIAGNOSTIC,    77, -4.957308852396e-01, 6.010226346219e-05, 1.2079e+00, 4.5640e-03, 
 2DIAGNOSTIC,    78, -4.958973283592e-01, 4.489885815037e-05, 1.2129e+00, 5.0390e-03, 
 2DIAGNOSTIC,    79, -4.959904639466e-01, 2.811187873668e-05, 1.2173e+00, 4.3831e-03, 
 2DIAGNOSTIC,    80, -4.960997171431e-01, 1.446351041553e-05, 1.2222e+00, 4.9350e-03, 
 2DIAGNOSTIC,    81, -4.962414383294e-01, 1.255019665658e-05, 1.2268e+00, 4.6160e-03, 
 2DIAGNOSTIC,    82, -4.967247699764e-01, 1.719276022399e-05, 1.2315e+00, 4.6258e-03, 
 2DIAGNOSTIC,    83, -4.972147154694e-01, 2.429575017593e-05, 1.2365e+00, 5.0030e-03, 
 2DIAGNOSTIC,    84, -4.972903518408e-01, 2.923154506425e-05, 1.2409e+00, 4.4310e-03, 
 2DIAGNOSTIC,    85, -4.974252798122e-01, 3.229189879589e-05, 1.2459e+00, 4.9911e-03, 
 2DIAGNOSTIC,    86, -4.975861041461e-01, 3.408780378102e-05, 1.2513e+00, 5.4259e-03, 
 2DIAGNOSTIC,    87, -4.976768426874e-01, 3.346554773845e-05, 1.2558e+00, 4.4971e-03, 
 2DIAGNOSTIC,    88, -4.981366895264e-01, 3.398422510998e-05, 1.2608e+00, 4.9491e-03, 
 2DIAGNOSTIC,    89, -4.987921202015e-01, 3.636529161247e-05, 1.2810e+00, 2.0242e-02, 
 2DIAGNOSTIC,    90, -4.990533235290e-01, 3.770345527808e-05, 1.2858e+00, 4.8449e-03, 
 2DIAGNOSTIC,    91, -4.994328102148e-01, 3.889889540529e-05, 1.2905e+00, 4.6570e-03, 
 2DIAGNOSTIC,    92, -4.997560011200e-01, 4.163534083116e-05, 1.2950e+00, 4.5071e-03, 
 2DIAGNOSTIC,    93, -4.998364066454e-01, 4.401535278123e-05, 1.3001e+00, 5.1022e-03, 
 2DIAGNOSTIC,    94, -4.999574787337e-01, 4.335858035141e-05, 1.3063e+00, 6.2230e-03, 
 2DIAGNOSTIC,    95, -5.005031795516e-01, 4.292778365061e-05, 1.3107e+00, 4.3471e-03, 
 2DIAGNOSTIC,    96, -5.006867809182e-01, 4.053108487779e-05, 1.3149e+00, 4.2028e-03, 
 2DIAGNOSTIC,    97, -5.011314716212e-01, 3.763889110124e-05, 1.3196e+00, 4.7410e-03, 
 2DIAGNOSTIC,    98, -5.014319825585e-01, 3.584658164109e-05, 1.3245e+00, 4.8618e-03, 
 2DIAGNOSTIC,    99, -5.018012421160e-01, 3.695143566154e-05, 1.3296e+00, 5.1310e-03, 
 2DIAGNOSTIC,   100, -5.019003331946e-01, 3.658843818838e-05, 1.3366e+00, 6.9511e-03, 
 2DIAGNOSTIC,   101, -5.023762136663e-01, 3.783785821592e-05, 1.3452e+00, 8.6551e-03, 
 2DIAGNOSTIC,   102, -5.025324489681e-01, 3.824345524940e-05, 1.3507e+00, 5.4231e-03, 
 2DIAGNOSTIC,   103, -5.026193646199e-01, 3.596311828851e-05, 1.3551e+00, 4.4029e-03, 
 2DIAGNOSTIC,   104, -5.025924141241e-01, 3.079054546897e-05, 1.3594e+00, 4.3139e-03, 
 2DIAGNOSTIC,   105, -5.027301305830e-01, 2.674915886836e-05, 1.3643e+00, 4.9052e-03, 
 2DIAGNOSTIC,   106, -5.029620481435e-01, 2.252196163877e-05, 1.3701e+00, 5.7821e-03, 
 2DIAGNOSTIC,   107, -5.028910687381e-01, 1.827379364928e-05, 1.3752e+00, 5.1119e-03, 
 2DIAGNOSTIC,   108, -5.029038298839e-01, 1.414675814796e-05, 1.3895e+00, 1.4287e-02, 
 2DIAGNOSTIC,   109, -5.029038298361e-01, 1.085317785605e-05, 1.4033e+00, 1.3873e-02, 
 2DIAGNOSTIC,   110, -5.029038298361e-01, 7.067947326179e-06, 1.4114e+00, 8.0400e-03, 
 2DIAGNOSTIC,   111, -5.029038298361e-01, 5.249008218867e-06, 1.4163e+00, 4.8909e-03, 
 2DIAGNOSTIC,   112, -5.029038298361e-01, 3.826770304301e-06, 1.4211e+00, 4.8680e-03, 
 2DIAGNOSTIC,   113, -5.029038298361e-01, 2.587745912656e-06, 1.4272e+00, 6.1150e-03, 
DIAGNOSTIC,Iteration,metricValue,convergenceValue,ITERATION_TIME_INDEX,SINCE_LAST
 2DIAGNOSTIC,     1, -4.053079461417e-01, 1.797693134862e+308, 2.2007e+00, 7.7341e-01, 
 2DIAGNOSTIC,     2, -4.057411361099e-01, 1.797693134862e+308, 2.2331e+00, 3.2457e-02, 
 2DIAGNOSTIC,     3, -4.066112084264e-01, 1.797693134862e+308, 2.2701e+00, 3.6959e-02, 
 2DIAGNOSTIC,     4, -4.070857674568e-01, 1.797693134862e+308, 2.3107e+00, 4.0589e-02, 
 2DIAGNOSTIC,     5, -4.072290595892e-01, 1.797693134862e+308, 2.3392e+00, 2.8584e-02, 
 2DIAGNOSTIC,     6, -4.076787363506e-01, 1.797693134862e+308, 2.3717e+00, 3.2497e-02, 
 2DIAGNOSTIC,     7, -4.087977995426e-01, 1.797693134862e+308, 2.4024e+00, 3.0699e-02, 
 2DIAGNOSTIC,     8, -4.099167521608e-01, 1.797693134862e+308, 2.4505e+00, 4.8033e-02, 
 2DIAGNOSTIC,     9, -4.105643249517e-01, 1.797693134862e+308, 2.4811e+00, 3.0670e-02, 
 2DIAGNOSTIC,    10, -4.117610872986e-01, 9.685696745132e-04, 2.5122e+00, 3.1009e-02, 
 2DIAGNOSTIC,    11, -4.133930790075e-01, 1.016816421344e-03, 2.5438e+00, 3.1646e-02, 
 2DIAGNOSTIC,    12, -4.150028399165e-01, 1.080400331132e-03, 2.5823e+00, 3.8539e-02, 
 2DIAGNOSTIC,    13, -4.151326437666e-01, 1.088247863612e-03, 2.6135e+00, 3.1148e-02, 
 2DIAGNOSTIC,    14, -4.152275806304e-01, 1.026710781939e-03, 2.6454e+00, 3.1901e-02, 
 2DIAGNOSTIC,    15, -4.155483882012e-01, 9.021180023641e-04, 2.6807e+00, 3.5279e-02, 
 2DIAGNOSTIC,    16, -4.162703615498e-01, 7.591653006471e-04, 2.7147e+00, 3.4000e-02, 
 2DIAGNOSTIC,    17, -4.164167037227e-01, 6.128646887557e-04, 2.7469e+00, 3.2236e-02, 
 2DIAGNOSTIC,    18, -4.165346480043e-01, 4.749969412714e-04, 2.7805e+00, 3.3626e-02, 
 2DIAGNOSTIC,    19, -4.165958407407e-01, 3.344186257575e-04, 2.8107e+00, 3.0183e-02, 
 2DIAGNOSTIC,    20, -4.166473152505e-01, 2.191314767156e-04, 2.8391e+00, 2.8405e-02, 
 2DIAGNOSTIC,    21, -4.167834839689e-01, 1.509257310145e-04, 2.8669e+00, 2.7734e-02, 
 2DIAGNOSTIC,    22, -4.168988555043e-01, 1.289310389381e-04, 2.8980e+00, 3.1102e-02, 
 2DIAGNOSTIC,    23, -4.169916271193e-01, 1.038941496529e-04, 2.9328e+00, 3.4880e-02, 
 2DIAGNOSTIC,    24, -4.170143028181e-01, 7.476993861256e-05, 2.9638e+00, 3.0972e-02, 
 2DIAGNOSTIC,    25, -4.171121316427e-01, 5.218433675153e-05, 2.9937e+00, 2.9915e-02, 
 2DIAGNOSTIC,    26, -4.173547037402e-01, 5.194121512452e-05, 3.0274e+00, 3.3667e-02, 
 2DIAGNOSTIC,    27, -4.173481121662e-01, 5.024728021123e-05, 3.0788e+00, 5.1416e-02, 
 2DIAGNOSTIC,    28, -4.173535727554e-01, 4.717119708024e-05, 3.1066e+00, 2.7764e-02, 
 2DIAGNOSTIC,    29, -4.173354250387e-01, 4.109489073544e-05, 3.1384e+00, 3.1851e-02, 
 2DIAGNOSTIC,    30, -4.173147178221e-01, 3.227951156529e-05, 3.1732e+00, 3.4789e-02, 
 2DIAGNOSTIC,    31, -4.173029503847e-01, 2.371254683167e-05, 3.2115e+00, 3.8278e-02, 
 2DIAGNOSTIC,    32, -4.172964905094e-01, 1.583533875229e-05, 3.2433e+00, 3.1801e-02, 
 2DIAGNOSTIC,    33, -4.172832760875e-01, 8.775214210444e-06, 3.2748e+00, 3.1478e-02, 
 2DIAGNOSTIC,    34, -4.172837172106e-01, 1.869387706036e-06, 3.3032e+00, 2.8469e-02, 
DIAGNOSTIC,Iteration,metricValue,convergenceValue,ITERATION_TIME_INDEX,SINCE_LAST
 2DIAGNOSTIC,     1, -3.582265104053e-01, 1.797693134862e+308, 4.4976e+00, 1.1944e+00, 
 2DIAGNOSTIC,     2, -3.584096911276e-01, 1.797693134862e+308, 4.7753e+00, 2.7773e-01, 
 2DIAGNOSTIC,     3, -3.585859159278e-01, 1.797693134862e+308, 5.0333e+00, 2.5793e-01, 
 2DIAGNOSTIC,     4, -3.586591467236e-01, 1.797693134862e+308, 5.3096e+00, 2.7629e-01, 
 2DIAGNOSTIC,     5, -3.588670754164e-01, 1.797693134862e+308, 5.5888e+00, 2.7926e-01, 
 2DIAGNOSTIC,     6, -3.592035003294e-01, 1.797693134862e+308, 5.8963e+00, 3.0746e-01, 
 2DIAGNOSTIC,     7, -3.593165363526e-01, 1.797693134862e+308, 6.3622e+00, 4.6588e-01, 
 2DIAGNOSTIC,     8, -3.593280790040e-01, 1.797693134862e+308, 6.6584e+00, 2.9627e-01, 
 2DIAGNOSTIC,     9, -3.593269137682e-01, 1.797693134862e+308, 7.0234e+00, 3.6495e-01, 
 2DIAGNOSTIC,    10, -3.593252184272e-01, 2.235942292892e-04, 7.3541e+00, 3.3074e-01, 
 2DIAGNOSTIC,    11, -3.593241505800e-01, 1.657837714593e-04, 7.6536e+00, 2.9948e-01, 
 2DIAGNOSTIC,    12, -3.593243757052e-01, 1.148492169168e-04, 8.0456e+00, 3.9202e-01, 
 2DIAGNOSTIC,    13, -3.593246455570e-01, 7.269414487579e-05, 8.3706e+00, 3.2496e-01, 
 2DIAGNOSTIC,    14, -3.593235986964e-01, 3.426176281435e-05, 8.6302e+00, 2.5961e-01, 
 2DIAGNOSTIC,    15, -3.593233769920e-01, 8.574562316913e-06, 8.8792e+00, 2.4902e-01, 
 2DIAGNOSTIC,    16, -3.593254365559e-01, 2.100044063466e-06, 9.1766e+00, 2.9744e-01, 
 2DIAGNOSTIC,    17, -3.593262281684e-01, 1.656022560172e-06, 9.4403e+00, 2.6364e-01, 
 2DIAGNOSTIC,    18, -3.593261600146e-01, 1.785558538456e-06, 9.7360e+00, 2.9575e-01, 
 2DIAGNOSTIC,    19, -3.593276525786e-01, 1.917731020568e-06, 1.0010e+01, 2.7365e-01, 
 2DIAGNOSTIC,    20, -3.593314221593e-01, 2.096491054933e-06, 1.0268e+01, 2.5851e-01, 
 2DIAGNOSTIC,    21, -3.593319176902e-01, 2.184015951007e-06, 1.0583e+01, 3.1486e-01, 
 2DIAGNOSTIC,    22, -3.593337668329e-01, 2.276165980364e-06, 1.0906e+01, 3.2336e-01, 
 2DIAGNOSTIC,    23, -3.593328366021e-01, 2.262311274558e-06, 1.1189e+01, 2.8227e-01, 
 2DIAGNOSTIC,    24, -3.593456815334e-01, 2.558278164137e-06, 1.1443e+01, 2.5419e-01, 
 2DIAGNOSTIC,    25, -3.593644738270e-01, 3.287737980452e-06, 1.1719e+01, 2.7640e-01, 
 2DIAGNOSTIC,    26, -3.594252029639e-01, 5.669386181496e-06, 1.2004e+01, 2.8480e-01, 
 2DIAGNOSTIC,    27, -3.595960953680e-01, 1.245011713309e-05, 1.2407e+01, 4.0269e-01, 
 2DIAGNOSTIC,    28, -3.596408161755e-01, 1.883497575943e-05, 1.2671e+01, 2.6384e-01, 
 2DIAGNOSTIC,    29, -3.596823630542e-01, 2.432024476196e-05, 1.2941e+01, 2.7035e-01, 
 2DIAGNOSTIC,    30, -3.597635809940e-01, 2.952510202485e-05, 1.3206e+01, 2.6536e-01, 
 2DIAGNOSTIC,    31, -3.598782113426e-01, 3.456835369468e-05, 1.3599e+01, 3.9236e-01, 
 2DIAGNOSTIC,    32, -3.600365334441e-01, 3.996742944957e-05, 1.4231e+01, 6.3204e-01, 
 2DIAGNOSTIC,    33, -3.600725976147e-01, 4.212373286941e-05, 1.4696e+01, 4.6555e-01, 
 2DIAGNOSTIC,    34, -3.600742983551e-01, 4.068990915557e-05, 1.5066e+01, 3.6995e-01, 
 2DIAGNOSTIC,    35, -3.600810128696e-01, 3.618392197616e-05, 1.5361e+01, 2.9518e-01, 
 2DIAGNOSTIC,    36, -3.600997721606e-01, 3.018657925317e-05, 1.5656e+01, 2.9459e-01, 
 2DIAGNOSTIC,    37, -3.601186384563e-01, 2.571449256183e-05, 1.5891e+01, 2.3484e-01, 
 2DIAGNOSTIC,    38, -3.601946314198e-01, 2.162818349131e-05, 1.6121e+01, 2.2976e-01, 
 2DIAGNOSTIC,    39, -3.603737229851e-01, 2.023959445373e-05, 1.6765e+01, 6.4437e-01, 
 2DIAGNOSTIC,    40, -3.603754029867e-01, 1.861057048844e-05, 1.7044e+01, 2.7911e-01, 
 2DIAGNOSTIC,    41, -3.603754186495e-01, 1.755003989938e-05, 1.7379e+01, 3.3509e-01, 
 2DIAGNOSTIC,    42, -3.603753602401e-01, 1.794322985446e-05, 1.7717e+01, 3.3759e-01, 
 2DIAGNOSTIC,    43, -3.603750575433e-01, 1.730332935315e-05, 1.7992e+01, 2.7554e-01, 
 2DIAGNOSTIC,    44, -3.603746359119e-01, 1.507924110619e-05, 1.8267e+01, 2.7456e-01, 
 2DIAGNOSTIC,    45, -3.603742135089e-01, 1.169603569226e-05, 1.8579e+01, 3.1172e-01, 
 2DIAGNOSTIC,    46, -3.603732427710e-01, 7.771129718611e-06, 1.8829e+01, 2.5009e-01, 
 2DIAGNOSTIC,    47, -3.603731439252e-01, 3.652034664254e-06, 1.9152e+01, 3.2359e-01, 
DIAGNOSTIC,Iteration,metricValue,convergenceValue,ITERATION_TIME_INDEX,SINCE_LAST
 2DIAGNOSTIC,     1, -3.314638811377e-01, 1.797693134862e+308, 2.1827e+01, 2.6744e+00, 
 2DIAGNOSTIC,     2, -3.315383680952e-01, 1.797693134862e+308, 2.3397e+01, 1.5700e+00, 
 2DIAGNOSTIC,     3, -3.315423022189e-01, 1.797693134862e+308, 2.4753e+01, 1.3567e+00, 
 2DIAGNOSTIC,     4, -3.315460872317e-01, 1.797693134862e+308, 2.6282e+01, 1.5285e+00, 
 2DIAGNOSTIC,     5, -3.315526146416e-01, 1.797693134862e+308, 2.7813e+01, 1.5306e+00, 
 2DIAGNOSTIC,     6, -3.315609083348e-01, 1.797693134862e+308, 2.9437e+01, 1.6243e+00, 
 2DIAGNOSTIC,     7, -3.315704225682e-01, 1.797693134862e+308, 3.1715e+01, 2.2783e+00, 
 2DIAGNOSTIC,     8, -3.315733836588e-01, 1.797693134862e+308, 3.3768e+01, 2.0524e+00, 
 2DIAGNOSTIC,     9, -3.315735274498e-01, 1.797693134862e+308, 3.5518e+01, 1.7506e+00, 
 2DIAGNOSTIC,    10, -3.315739730202e-01, 1.821334771314e-05, 3.7953e+01, 2.4350e+00, 
 2DIAGNOSTIC,    11, -3.315736594617e-01, 1.017769950601e-05, 3.9575e+01, 1.6215e+00, 
 2DIAGNOSTIC,    12, -3.315736686644e-01, 8.139218426600e-06, 4.1075e+01, 1.5006e+00, 
 2DIAGNOSTIC,    13, -3.315736093540e-01, 6.175809533437e-06, 4.2722e+01, 1.6467e+00, 
 2DIAGNOSTIC,    14, -3.315734027628e-01, 4.376356320182e-06, 4.4542e+01, 1.8202e+00, 
 2DIAGNOSTIC,    15, -3.315733626522e-01, 2.991112381931e-06, 4.6141e+01, 1.5992e+00, 
 2DIAGNOSTIC,    16, -3.315733985991e-01, 2.132964923449e-06, 4.7650e+01, 1.5090e+00, 
 2DIAGNOSTIC,    17, -3.315733881535e-01, 1.837653329811e-06, 4.9490e+01, 1.8399e+00, 
 2DIAGNOSTIC,    18, -3.315734859954e-01, 1.723833361292e-06, 5.1049e+01, 1.5582e+00, 
 2DIAGNOSTIC,    19, -3.315734355339e-01, 1.629560683294e-06, 5.2381e+01, 1.3327e+00, 
 2DIAGNOSTIC,    20, -3.315734596823e-01, 1.569512254787e-06, 5.3732e+01, 1.3509e+00, 
 2DIAGNOSTIC,    21, -3.315733591989e-01, 1.500060330700e-06, 5.5231e+01, 1.4989e+00, 
 2DIAGNOSTIC,    22, -3.315734174035e-01, 1.440948063168e-06, 5.7134e+01, 1.9025e+00, 
 2DIAGNOSTIC,    23, -3.315733029549e-01, 1.381048052314e-06, 5.8785e+01, 1.6518e+00, 
 2DIAGNOSTIC,    24, -3.315732556554e-01, 1.317410672920e-06, 6.0309e+01, 1.5235e+00, 
 2DIAGNOSTIC,    25, -3.315732053376e-01, 1.256571360748e-06, 6.1655e+01, 1.3462e+00, 
 2DIAGNOSTIC,    26, -3.315731687764e-01, 1.201918195637e-06, 6.3206e+01, 1.5507e+00, 
 2DIAGNOSTIC,    27, -3.315731905448e-01, 1.153593117552e-06, 6.4560e+01, 1.3538e+00, 
 2DIAGNOSTIC,    28, -3.315731566170e-01, 1.112998546167e-06, 6.6063e+01, 1.5040e+00, 
 2DIAGNOSTIC,    29, -3.315732002574e-01, 1.077215965220e-06, 6.7559e+01, 1.4958e+00, 
 2DIAGNOSTIC,    30, -3.315730168067e-01, 1.041175786594e-06, 6.8863e+01, 1.3040e+00, 
 2DIAGNOSTIC,    31, -3.315730643251e-01, 1.007870441397e-06, 7.0374e+01, 1.5106e+00, 
  Elapsed time (stage 0): 7.1299e+01


Total elapsed time: 7.1306e+01
Info [verificarlo]: loaded backend libinterflop_ieee.so
Info [interflop-ieee]: load backend with:
Info [interflop-ieee]: debug = false
Info [interflop-ieee]: debug-binary = false
Info [interflop-ieee]: no-backend-name = false
Info [interflop-ieee]: print-new-line = false
Info [interflop-ieee]: print-subnormal-normalized = false
Info [interflop-ieee]: count-op = false
All_Command_lines_OK
Using double precision for computations.
=============================================================================
The composite transform comprises the following transforms (in order): 
  1. /home/mdugre/scratch/mri-registration-rp/datasets/ds004513/derivatives/mri-registration-rp/0001/antsRegistration-r8-p21/sub-s020/rigid_Composite.h5[0] (type = Euler3DTransform)
  2. /home/mdugre/scratch/mri-registration-rp/datasets/ds004513/derivatives/mri-registration-rp/0001/antsRegistration-r8-p21/sub-s020/rigid_Composite.h5[1] (type = Euler3DTransform)
  3. /home/mdugre/scratch/mri-registration-rp/datasets/ds004513/derivatives/mri-registration-rp/0001/antsRegistration-r8-p21/sub-s020/rigid_Composite.h5[2] (type = Euler3DTransform)
=============================================================================
  number of levels = 4
  fixed image: /templateflow/tpl-MNI152NLin2009cAsym/tpl-MNI152NLin2009cAsym_res-01_desc-brain_T1w.nii.gz
  moving image: /home/mdugre/scratch/mri-registration-rp/datasets/ds004513/derivatives/mri-registration-rp/antsBrainExtraction/sub-s020/BrainExtractionBrain.nii.gz
Dimension = 3
Number of stages = 1
Use histogram matching = false
Winsorize image intensities = true
  Lower quantile = 0.005
  Upper quantile = 0.995


Stage 1 State
   Image metric = MattesMI
     Fixed image = Image (0x46557e0)
  RTTI typeinfo:   itk::Image<double, 3u>
  Reference Count: 2
  Modified Time: 1594
  Debug: Off
  Object Name: 
  Observers: 
    none
  Source: (none)
  Source output name: (none)
  Release Data: Off
  Data Released: False
  Global Release Data: Off
  PipelineMTime: 0
  UpdateMTime: 1203
  RealTimeStamp: 0 seconds 
  LargestPossibleRegion: 
    Dimension: 3
    Index: [0, 0, 0]
    Size: [193, 229, 193]
  BufferedRegion: 
    Dimension: 3
    Index: [0, 0, 0]
    Size: [193, 229, 193]
  RequestedRegion: 
    Dimension: 3
    Index: [0, 0, 0]
    Size: [193, 229, 193]
  Spacing: [1, 1, 1]
  Origin: [96, 132, -78]
  Direction: 
-1 0 0
0 -1 0
0 0 1

  IndexToPointMatrix: 
-1 0 0
0 -1 0
0 0 1

  PointToIndexMatrix: 
-1 0 0
0 -1 0
0 0 1

  Inverse Direction: 
-1 0 0
0 -1 0
0 0 1

  PixelContainer: 
    ImportImageContainer (0x4715a20)
      RTTI typeinfo:   itk::ImportImageContainer<unsigned long, double>
      Reference Count: 1
      Modified Time: 1200
      Debug: Off
      Object Name: 
      Observers: 
        none
      Pointer: 0x14f463aac010
      Container manages memory: true
      Size: 8530021
      Capacity: 8530021

     Moving image = Image (0x4710d70)
  RTTI typeinfo:   itk::Image<double, 3u>
  Reference Count: 2
  Modified Time: 1595
  Debug: Off
  Object Name: 
  Observers: 
    none
  Source: (none)
  Source output name: (none)
  Release Data: Off
  Data Released: False
  Global Release Data: Off
  PipelineMTime: 0
  UpdateMTime: 1592
  RealTimeStamp: 0 seconds 
  LargestPossibleRegion: 
    Dimension: 3
    Index: [0, 0, 0]
    Size: [160, 240, 256]
  BufferedRegion: 
    Dimension: 3
    Index: [0, 0, 0]
    Size: [160, 240, 256]
  RequestedRegion: 
    Dimension: 3
    Index: [0, 0, 0]
    Size: [160, 240, 256]
  Spacing: [0.999995, 1, 1]
  Origin: [87.0906, 98.7205, -152.377]
  Direction: 
-0.996975 0.0261379 -0.0731913
-0.0260677 -0.999658 -0.00191374
-0.0732163 -2.46403e-08 0.997316

  IndexToPointMatrix: 
-0.996971 0.0261379 -0.0731913
-0.0260676 -0.999658 -0.00191374
-0.0732159 -2.46403e-08 0.997316

  PointToIndexMatrix: 
-0.99698 -0.0260679 -0.0732166
0.0261379 -0.999658 -2.46993e-08
-0.0731913 -0.00191374 0.997316

  Inverse Direction: 
-0.996975 -0.0260677 -0.0732163
0.0261379 -0.999658 -2.46993e-08
-0.0731913 -0.00191374 0.997316

  PixelContainer: 
    ImportImageContainer (0x46c8c90)
      RTTI typeinfo:   itk::ImportImageContainer<unsigned long, double>
      Reference Count: 1
      Modified Time: 1589
      Debug: Off
      Object Name: 
      Observers: 
        none
      Pointer: 0x14f45efab010
      Container manages memory: true
      Size: 9830400
      Capacity: 9830400

     Weighting = 1
     Sampling strategy = regular
     Number of bins = 32
     Radius = 4
     Sampling percentage  = 0.25
   Transform = Affine
     Gradient step = 0.1
     Update field sigma (voxel space) = 0
     Total field sigma (voxel space) = 0
     Update field time sigma = 0
     Total field time sigma  = 0
     Number of time indices = 0
     Number of time point samples = 0
Registration using 1 total stages.

Stage 0
  iterations = 1000x500x250x100
  convergence threshold = 1e-06
  convergence window size = 10
  number of levels = 4
  using the Mattes MI metric (number of bins = 32, weight = 1, use gradient filter = 0)
  preprocessing:  winsorizing the image intensities
  Shrink factors (level 1 out of 4): [8, 8, 8]
  Shrink factors (level 2 out of 4): [4, 4, 4]
  Shrink factors (level 3 out of 4): [2, 2, 2]
  Shrink factors (level 4 out of 4): [1, 1, 1]
  smoothing sigmas per level: [3, 2, 1, 0]
  regular sampling (percentage = 0.25)

*** Running AffineTransform registration ***

DIAGNOSTIC,Iteration,metricValue,convergenceValue,ITERATION_TIME_INDEX,SINCE_LAST
 2DIAGNOSTIC,     1, -4.996124254910e-01, 1.797693134862e+308, 7.5732e-01, 7.5732e-01, 
 2DIAGNOSTIC,     2, -5.013929362604e-01, 1.797693134862e+308, 7.6381e-01, 6.4921e-03, 
 2DIAGNOSTIC,     3, -5.051524685455e-01, 1.797693134862e+308, 7.6851e-01, 4.6949e-03, 
 2DIAGNOSTIC,     4, -5.147685714899e-01, 1.797693134862e+308, 7.7337e-01, 4.8602e-03, 
 2DIAGNOSTIC,     5, -5.248766842131e-01, 1.797693134862e+308, 7.7835e-01, 4.9820e-03, 
 2DIAGNOSTIC,     6, -5.416736181979e-01, 1.797693134862e+308, 7.8320e-01, 4.8501e-03, 
 2DIAGNOSTIC,     7, -5.696100604499e-01, 1.797693134862e+308, 7.8830e-01, 5.1000e-03, 
 2DIAGNOSTIC,     8, -6.471176982596e-01, 1.797693134862e+308, 7.9410e-01, 5.8010e-03, 
 2DIAGNOSTIC,     9, -6.871728540321e-01, 1.797693134862e+308, 7.9951e-01, 5.4140e-03, 
 2DIAGNOSTIC,    10, -7.312684782370e-01, 2.592831042237e-02, 8.0607e-01, 6.5601e-03, 
 2DIAGNOSTIC,    11, -7.646641225909e-01, 2.819622538231e-02, 8.1531e-01, 9.2371e-03, 
 2DIAGNOSTIC,    12, -7.677835043209e-01, 2.768245769778e-02, 8.2066e-01, 5.3451e-03, 
 2DIAGNOSTIC,    13, -7.807159708153e-01, 2.535453332629e-02, 8.2599e-01, 5.3289e-03, 
 2DIAGNOSTIC,    14, -7.912482894189e-01, 2.178436356034e-02, 8.3177e-01, 5.7838e-03, 
 2DIAGNOSTIC,    15, -8.016368033891e-01, 1.743324353484e-02, 8.3749e-01, 5.7209e-03, 
 2DIAGNOSTIC,    16, -8.102127158113e-01, 1.286014723220e-02, 8.4740e-01, 9.9130e-03, 
 2DIAGNOSTIC,    17, -8.185635063169e-01, 8.658849863859e-03, 8.5635e-01, 8.9459e-03, 
 2DIAGNOSTIC,    18, -8.198828294952e-01, 6.085049699987e-03, 8.6197e-01, 5.6169e-03, 
 2DIAGNOSTIC,    19, -8.228274740144e-01, 4.208654311381e-03, 8.6742e-01, 5.4510e-03, 
 2DIAGNOSTIC,    20, -8.261215712618e-01, 3.132781587550e-03, 8.7284e-01, 5.4219e-03, 
 2DIAGNOSTIC,    21, -8.298069820025e-01, 2.613455093922e-03, 8.7825e-01, 5.4069e-03, 
 2DIAGNOSTIC,    22, -8.322175180965e-01, 2.005306102985e-03, 8.8373e-01, 5.4801e-03, 
 2DIAGNOSTIC,    23, -8.349424913267e-01, 1.546445500115e-03, 8.8918e-01, 5.4500e-03, 
 2DIAGNOSTIC,    24, -8.403933618901e-01, 1.252786679962e-03, 8.9529e-01, 6.1111e-03, 
 2DIAGNOSTIC,    25, -8.435157454261e-01, 1.079761912761e-03, 9.0263e-01, 7.3450e-03, 
 2DIAGNOSTIC,    26, -8.455754519091e-01, 9.790628643236e-04, 9.0813e-01, 5.4939e-03, 
 2DIAGNOSTIC,    27, -8.483637518176e-01, 9.577356500875e-04, 9.1627e-01, 8.1401e-03, 
 2DIAGNOSTIC,    28, -8.487350546623e-01, 8.710999970057e-04, 9.2252e-01, 6.2561e-03, 
 2DIAGNOSTIC,    29, -8.486374492067e-01, 7.467670922167e-04, 9.2805e-01, 5.5320e-03, 
 2DIAGNOSTIC,    30, -8.486964530936e-01, 6.040886674129e-04, 9.3344e-01, 5.3821e-03, 
 2DIAGNOSTIC,    31, -8.486900677068e-01, 4.606037902429e-04, 9.3881e-01, 5.3709e-03, 
 2DIAGNOSTIC,    32, -8.488172859944e-01, 3.140208475815e-04, 9.4498e-01, 6.1738e-03, 
 2DIAGNOSTIC,    33, -8.487374577670e-01, 1.772074136613e-04, 9.5169e-01, 6.7129e-03, 
 2DIAGNOSTIC,    34, -8.489981312035e-01, 9.621150691861e-05, 9.5785e-01, 6.1529e-03, 
 2DIAGNOSTIC,    35, -8.488023889449e-01, 4.265253714456e-05, 9.6449e-01, 6.6411e-03, 
 2DIAGNOSTIC,    36, -8.493168961942e-01, 1.461109152640e-05, 9.9904e-01, 3.4554e-02, 
 2DIAGNOSTIC,    37, -8.494111203398e-01, 1.588036088531e-05, 1.0056e+00, 6.5739e-03, 
