
##########################
# Experiment information #
##########################

EXPERIMENT_NAME: antsRegistration-r8-p6
VFC_BACKENDS: libinterflop_vprec.so --range-binary32=8 --precision-binary32=6 --range-binary64=8 --precision-binary64=6

SIF_IMG: /home/mdugre/projects/rrg-glatard/mdugre/containers/ants-vprec-no_metrics.simg

SUBJECT_ID: s020
INPUT_IMG: /home/mdugre/scratch/mri-registration-rp/datasets/ds004513/derivatives/mri-registration-rp/antsBrainExtraction/sub-s020/BrainExtractionBrain.nii.gz
OUTPUT_DIR: /home/mdugre/scratch/mri-registration-rp/datasets/ds004513/derivatives/mri-registration-rp/0001/antsRegistration-r8-p6/sub-s020

FIXED_IMG: /templateflow/tpl-MNI152NLin2009cAsym/tpl-MNI152NLin2009cAsym_res-01_desc-brain_T1w.nii.gz
DATA_DIR: /home/mdugre/scratch/mri-registration-rp/datasets/ds004513
TEMPLATEFLOW_DIR: /home/mdugre/projects/rrg-glatard/mdugre/templateflow
ITK_GLOBAL_DEFAULT_NUMBER_OF_THREADS: 16
##########################

Info [verificarlo]: loaded backend libinterflop_ieee.so
Info [interflop-ieee]: load backend with:
Info [interflop-ieee]: debug = false
Info [interflop-ieee]: debug-binary = false
Info [interflop-ieee]: no-backend-name = false
Info [interflop-ieee]: print-new-line = false
Info [interflop-ieee]: print-subnormal-normalized = false
Info [interflop-ieee]: count-op = false
All_Command_lines_OK
Using double precision for computations.
=============================================================================
The composite transform comprises the following transforms (in order): 
  1. Center of mass alignment using fixed image: /templateflow/tpl-MNI152NLin2009cAsym/tpl-MNI152NLin2009cAsym_res-01_desc-brain_T1w.nii.gz and moving image: /home/mdugre/scratch/mri-registration-rp/datasets/ds004513/derivatives/mri-registration-rp/antsBrainExtraction/sub-s020/BrainExtractionBrain.nii.gz (type = Euler3DTransform)
=============================================================================
  number of levels = 1
  fixed image: /templateflow/tpl-MNI152NLin2009cAsym/tpl-MNI152NLin2009cAsym_res-01_desc-brain_T1w.nii.gz
  moving image: /home/mdugre/scratch/mri-registration-rp/datasets/ds004513/derivatives/mri-registration-rp/antsBrainExtraction/sub-s020/BrainExtractionBrain.nii.gz
Dimension = 3
Number of stages = 1
Use histogram matching = false
Winsorize image intensities = true
  Lower quantile = 0.005
  Upper quantile = 0.995


Stage 1 State
   Image metric = MattesMI
     Fixed image = Image (0x4fcdbd0)
  RTTI typeinfo:   itk::Image<double, 3u>
  Reference Count: 2
  Modified Time: 2334
  Debug: Off
  Object Name: 
  Observers: 
    none
  Source: (none)
  Source output name: (none)
  Release Data: Off
  Data Released: False
  Global Release Data: Off
  PipelineMTime: 0
  UpdateMTime: 1943
  RealTimeStamp: 0 seconds 
  LargestPossibleRegion: 
    Dimension: 3
    Index: [0, 0, 0]
    Size: [193, 229, 193]
  BufferedRegion: 
    Dimension: 3
    Index: [0, 0, 0]
    Size: [193, 229, 193]
  RequestedRegion: 
    Dimension: 3
    Index: [0, 0, 0]
    Size: [193, 229, 193]
  Spacing: [1, 1, 1]
  Origin: [96, 132, -78]
  Direction: 
-1 0 0
0 -1 0
0 0 1

  IndexToPointMatrix: 
-1 0 0
0 -1 0
0 0 1

  PointToIndexMatrix: 
-1 0 0
0 -1 0
0 0 1

  Inverse Direction: 
-1 0 0
0 -1 0
0 0 1

  PixelContainer: 
    ImportImageContainer (0x4fd69e0)
      RTTI typeinfo:   itk::ImportImageContainer<unsigned long, double>
      Reference Count: 1
      Modified Time: 1940
      Debug: Off
      Object Name: 
      Observers: 
        none
      Pointer: 0x1524cc317010
      Container manages memory: true
      Size: 8530021
      Capacity: 8530021

     Moving image = Image (0x4fd7bd0)
  RTTI typeinfo:   itk::Image<double, 3u>
  Reference Count: 2
  Modified Time: 2335
  Debug: Off
  Object Name: 
  Observers: 
    none
  Source: (none)
  Source output name: (none)
  Release Data: Off
  Data Released: False
  Global Release Data: Off
  PipelineMTime: 0
  UpdateMTime: 2332
  RealTimeStamp: 0 seconds 
  LargestPossibleRegion: 
    Dimension: 3
    Index: [0, 0, 0]
    Size: [160, 240, 256]
  BufferedRegion: 
    Dimension: 3
    Index: [0, 0, 0]
    Size: [160, 240, 256]
  RequestedRegion: 
    Dimension: 3
    Index: [0, 0, 0]
    Size: [160, 240, 256]
  Spacing: [0.999995, 1, 1]
  Origin: [87.0906, 98.7205, -152.377]
  Direction: 
-0.996975 0.0261379 -0.0731913
-0.0260677 -0.999658 -0.00191374
-0.0732163 -2.46403e-08 0.997316

  IndexToPointMatrix: 
-0.996971 0.0261379 -0.0731913
-0.0260676 -0.999658 -0.00191374
-0.0732159 -2.46403e-08 0.997316

  PointToIndexMatrix: 
-0.99698 -0.0260679 -0.0732166
0.0261379 -0.999658 -2.46993e-08
-0.0731913 -0.00191374 0.997316

  Inverse Direction: 
-0.996975 -0.0260677 -0.0732163
0.0261379 -0.999658 -2.46993e-08
-0.0731913 -0.00191374 0.997316

  PixelContainer: 
    ImportImageContainer (0x515db50)
      RTTI typeinfo:   itk::ImportImageContainer<unsigned long, double>
      Reference Count: 1
      Modified Time: 2329
      Debug: Off
      Object Name: 
      Observers: 
        none
      Pointer: 0x1524c7816010
      Container manages memory: true
      Size: 9830400
      Capacity: 9830400

     Weighting = 1
     Sampling strategy = regular
     Number of bins = 32
     Radius = 4
     Sampling percentage  = 0.25
   Transform = Rigid
     Gradient step = 0.1
     Update field sigma (voxel space) = 0
     Total field sigma (voxel space) = 0
     Update field time sigma = 0
     Total field time sigma  = 0
     Number of time indices = 0
     Number of time point samples = 0
Registration using 1 total stages.

Stage 0
  iterations = 0
  convergence threshold = 1e-06
  convergence window size = 10
  number of levels = 1
  using the Mattes MI metric (number of bins = 32, weight = 1, use gradient filter = 0)
  preprocessing:  winsorizing the image intensities
  Shrink factors (level 1 out of 1): [1, 1, 1]
  smoothing sigmas per level: [0]
  regular sampling (percentage = 0.25)

*** Running Euler3DTransform registration ***

  Elapsed time (stage 0): 1.1194


Total elapsed time: 1.12189
Info [verificarlo]: loaded backend libinterflop_ieee.so
Info [interflop-ieee]: load backend with:
Info [interflop-ieee]: debug = false
Info [interflop-ieee]: debug-binary = false
Info [interflop-ieee]: no-backend-name = false
Info [interflop-ieee]: print-new-line = false
Info [interflop-ieee]: print-subnormal-normalized = false
Info [interflop-ieee]: count-op = false
All_Command_lines_OK
Using double precision for computations.
=============================================================================
The composite transform comprises the following transforms (in order): 
  1. /home/mdugre/scratch/mri-registration-rp/datasets/ds004513/derivatives/mri-registration-rp/0001/antsRegistration-r8-p6/sub-s020/align_Composite.h5[0] (type = Euler3DTransform)
  2. /home/mdugre/scratch/mri-registration-rp/datasets/ds004513/derivatives/mri-registration-rp/0001/antsRegistration-r8-p6/sub-s020/align_Composite.h5[1] (type = Euler3DTransform)
=============================================================================
  number of levels = 4
  fixed image: /templateflow/tpl-MNI152NLin2009cAsym/tpl-MNI152NLin2009cAsym_res-01_desc-brain_T1w.nii.gz
  moving image: /home/mdugre/scratch/mri-registration-rp/datasets/ds004513/derivatives/mri-registration-rp/antsBrainExtraction/sub-s020/BrainExtractionBrain.nii.gz
Dimension = 3
Number of stages = 1
Use histogram matching = false
Winsorize image intensities = true
  Lower quantile = 0.005
  Upper quantile = 0.995


Stage 1 State
   Image metric = MattesMI
     Fixed image = Image (0x3742530)
  RTTI typeinfo:   itk::Image<double, 3u>
  Reference Count: 2
  Modified Time: 1580
  Debug: Off
  Object Name: 
  Observers: 
    none
  Source: (none)
  Source output name: (none)
  Release Data: Off
  Data Released: False
  Global Release Data: Off
  PipelineMTime: 0
  UpdateMTime: 1189
  RealTimeStamp: 0 seconds 
  LargestPossibleRegion: 
    Dimension: 3
    Index: [0, 0, 0]
    Size: [193, 229, 193]
  BufferedRegion: 
    Dimension: 3
    Index: [0, 0, 0]
    Size: [193, 229, 193]
  RequestedRegion: 
    Dimension: 3
    Index: [0, 0, 0]
    Size: [193, 229, 193]
  Spacing: [1, 1, 1]
  Origin: [96, 132, -78]
  Direction: 
-1 0 0
0 -1 0
0 0 1

  IndexToPointMatrix: 
-1 0 0
0 -1 0
0 0 1

  PointToIndexMatrix: 
-1 0 0
0 -1 0
0 0 1

  Inverse Direction: 
-1 0 0
0 -1 0
0 0 1

  PixelContainer: 
    ImportImageContainer (0x3800d60)
      RTTI typeinfo:   itk::ImportImageContainer<unsigned long, double>
      Reference Count: 1
      Modified Time: 1186
      Debug: Off
      Object Name: 
      Observers: 
        none
      Pointer: 0x15443bfbc010
      Container manages memory: true
      Size: 8530021
      Capacity: 8530021

     Moving image = Image (0x37f2f60)
  RTTI typeinfo:   itk::Image<double, 3u>
  Reference Count: 2
  Modified Time: 1581
  Debug: Off
  Object Name: 
  Observers: 
    none
  Source: (none)
  Source output name: (none)
  Release Data: Off
  Data Released: False
  Global Release Data: Off
  PipelineMTime: 0
  UpdateMTime: 1578
  RealTimeStamp: 0 seconds 
  LargestPossibleRegion: 
    Dimension: 3
    Index: [0, 0, 0]
    Size: [160, 240, 256]
  BufferedRegion: 
    Dimension: 3
    Index: [0, 0, 0]
    Size: [160, 240, 256]
  RequestedRegion: 
    Dimension: 3
    Index: [0, 0, 0]
    Size: [160, 240, 256]
  Spacing: [0.999995, 1, 1]
  Origin: [87.0906, 98.7205, -152.377]
  Direction: 
-0.996975 0.0261379 -0.0731913
-0.0260677 -0.999658 -0.00191374
-0.0732163 -2.46403e-08 0.997316

  IndexToPointMatrix: 
-0.996971 0.0261379 -0.0731913
-0.0260676 -0.999658 -0.00191374
-0.0732159 -2.46403e-08 0.997316

  PointToIndexMatrix: 
-0.99698 -0.0260679 -0.0732166
0.0261379 -0.999658 -2.46993e-08
-0.0731913 -0.00191374 0.997316

  Inverse Direction: 
-0.996975 -0.0260677 -0.0732163
0.0261379 -0.999658 -2.46993e-08
-0.0731913 -0.00191374 0.997316

  PixelContainer: 
    ImportImageContainer (0x37e46d0)
      RTTI typeinfo:   itk::ImportImageContainer<unsigned long, double>
      Reference Count: 1
      Modified Time: 1575
      Debug: Off
      Object Name: 
      Observers: 
        none
      Pointer: 0x1544374bb010
      Container manages memory: true
      Size: 9830400
      Capacity: 9830400

     Weighting = 1
     Sampling strategy = regular
     Number of bins = 32
     Radius = 4
     Sampling percentage  = 0.25
   Transform = Rigid
     Gradient step = 0.1
     Update field sigma (voxel space) = 0
     Total field sigma (voxel space) = 0
     Update field time sigma = 0
     Total field time sigma  = 0
     Number of time indices = 0
     Number of time point samples = 0
Registration using 1 total stages.

Stage 0
  iterations = 1000x500x250x100
  convergence threshold = 1e-06
  convergence window size = 10
  number of levels = 4
  using the Mattes MI metric (number of bins = 32, weight = 1, use gradient filter = 0)
  preprocessing:  winsorizing the image intensities
  Shrink factors (level 1 out of 4): [8, 8, 8]
  Shrink factors (level 2 out of 4): [4, 4, 4]
  Shrink factors (level 3 out of 4): [2, 2, 2]
  Shrink factors (level 4 out of 4): [1, 1, 1]
  smoothing sigmas per level: [3, 2, 1, 0]
  regular sampling (percentage = 0.25)

*** Running Euler3DTransform registration ***

DIAGNOSTIC,Iteration,metricValue,convergenceValue,ITERATION_TIME_INDEX,SINCE_LAST
 2DIAGNOSTIC,     1, -3.791273390751e-01, 1.797693134862e+308, 8.1291e-01, 8.1291e-01, 
 2DIAGNOSTIC,     2, -3.803606001643e-01, 1.797693134862e+308, 8.1752e-01, 4.6082e-03, 
 2DIAGNOSTIC,     3, -3.828962034719e-01, 1.797693134862e+308, 8.2235e-01, 4.8261e-03, 
 2DIAGNOSTIC,     4, -3.876122532015e-01, 1.797693134862e+308, 8.2743e-01, 5.0809e-03, 
 2DIAGNOSTIC,     5, -3.904935334081e-01, 1.797693134862e+308, 8.3302e-01, 5.5909e-03, 
 2DIAGNOSTIC,     6, -3.911039700181e-01, 1.797693134862e+308, 8.3760e-01, 4.5831e-03, 
 2DIAGNOSTIC,     7, -3.914905453856e-01, 1.797693134862e+308, 8.4279e-01, 5.1849e-03, 
 2DIAGNOSTIC,     8, -3.925629083064e-01, 1.797693134862e+308, 8.4789e-01, 5.0972e-03, 
 2DIAGNOSTIC,     9, -3.981570789235e-01, 1.797693134862e+308, 8.5370e-01, 5.8131e-03, 
 2DIAGNOSTIC,    10, -4.079218556696e-01, 3.866687266232e-03, 8.6043e-01, 6.7301e-03, 
 2DIAGNOSTIC,    11, -4.246779602407e-01, 4.904320352959e-03, 8.6788e-01, 7.4561e-03, 
 2DIAGNOSTIC,    12, -4.297045200929e-01, 5.673254149500e-03, 8.7366e-01, 5.7740e-03, 
 2DIAGNOSTIC,    13, -4.335692915529e-01, 6.156954111757e-03, 8.7949e-01, 5.8310e-03, 
 2DIAGNOSTIC,    14, -4.439932007358e-01, 6.764094567454e-03, 8.8467e-01, 5.1792e-03, 
 2DIAGNOSTIC,    15, -4.466217675531e-01, 6.904768055650e-03, 8.9071e-01, 6.0408e-03, 
 2DIAGNOSTIC,    16, -4.513528166459e-01, 6.619270364994e-03, 8.9674e-01, 6.0270e-03, 
 2DIAGNOSTIC,    17, -4.528510988234e-01, 5.844785591611e-03, 9.0246e-01, 5.7220e-03, 
 2DIAGNOSTIC,    18, -4.555717392180e-01, 4.777374764352e-03, 9.1061e-01, 8.1511e-03, 
 2DIAGNOSTIC,    19, -4.559551085622e-01, 3.601534469628e-03, 9.1588e-01, 5.2750e-03, 
 2DIAGNOSTIC,    20, -4.573567391521e-01, 2.586719569111e-03, 9.2443e-01, 8.5499e-03, 
 2DIAGNOSTIC,    21, -4.575252172077e-01, 1.982987556607e-03, 9.2913e-01, 4.6999e-03, 
 2DIAGNOSTIC,    22, -4.577285691576e-01, 1.415659900713e-03, 9.3441e-01, 5.2769e-03, 
 2DIAGNOSTIC,    23, -4.579445797539e-01, 8.825973897699e-04, 9.3922e-01, 4.8099e-03, 
 2DIAGNOSTIC,    24, -4.580221121180e-01, 6.077423464167e-04, 9.4413e-01, 4.9081e-03, 
 2DIAGNOSTIC,    25, -4.581754556635e-01, 3.715319862802e-04, 9.4898e-01, 4.8501e-03, 
 2DIAGNOSTIC,    26, -4.586243734484e-01, 2.523898852582e-04, 9.5377e-01, 4.7889e-03, 
 2DIAGNOSTIC,    27, -4.589277511514e-01, 1.618051800951e-04, 9.6077e-01, 7.0050e-03, 
 2DIAGNOSTIC,    28, -4.591698322213e-01, 1.331637129104e-04, 9.6552e-01, 4.7469e-03, 
 2DIAGNOSTIC,    29, -4.592790839855e-01, 1.046540779691e-04, 9.7024e-01, 4.7219e-03, 
 2DIAGNOSTIC,    30, -4.596799551173e-01, 1.080262011046e-04, 9.7721e-01, 6.9671e-03, 
 2DIAGNOSTIC,    31, -4.599197083548e-01, 1.093567717805e-04, 9.8199e-01, 4.7801e-03, 
 2DIAGNOSTIC,    32, -4.599264603488e-01, 1.044493677470e-04, 9.8668e-01, 4.6928e-03, 
 2DIAGNOSTIC,    33, -4.600502247628e-01, 9.702125594437e-05, 9.9139e-01, 4.7030e-03, 
 2DIAGNOSTIC,    34, -4.601338876761e-01, 8.409854612145e-05, 9.9613e-01, 4.7400e-03, 
 2DIAGNOSTIC,    35, -4.607359228422e-01, 7.789358286098e-05, 1.0026e+00, 6.4559e-03, 
 2DIAGNOSTIC,    36, -4.607999242394e-01, 7.360303755841e-05, 1.0079e+00, 5.2810e-03, 
 2DIAGNOSTIC,    37, -4.608405473438e-01, 6.881045197892e-05, 1.0126e+00, 4.7030e-03, 
 2DIAGNOSTIC,    38, -4.608660688219e-01, 6.261684205184e-05, 1.0173e+00, 4.7159e-03, 
 2DIAGNOSTIC,    39, -4.612503937460e-01, 5.889500153231e-05, 1.0227e+00, 5.3999e-03, 
 2DIAGNOSTIC,    40, -4.621709279863e-01, 7.083002669697e-05, 1.0283e+00, 5.5771e-03, 
 2DIAGNOSTIC,    41, -4.630650614197e-01, 9.302367989111e-05, 1.0333e+00, 5.0678e-03, 
 2DIAGNOSTIC,    42, -4.661524449024e-01, 1.528618968734e-04, 1.0385e+00, 5.1579e-03, 
 2DIAGNOSTIC,    43, -4.770102055655e-01, 3.589363577891e-04, 1.0452e+00, 6.7470e-03, 
 2DIAGNOSTIC,    44, -4.802664787346e-01, 5.653177445094e-04, 1.0523e+00, 7.1130e-03, 
 2DIAGNOSTIC,    45, -4.796758413055e-01, 7.089907711637e-04, 1.0580e+00, 5.6319e-03, 
 2DIAGNOSTIC,    46, -4.810879134774e-01, 8.016790780705e-04, 1.0628e+00, 4.8521e-03, 
 2DIAGNOSTIC,    47, -4.833244829787e-01, 8.434932335402e-04, 1.0681e+00, 5.2261e-03, 
 2DIAGNOSTIC,    48, -4.865806159579e-01, 8.430700775492e-04, 1.0743e+00, 6.2530e-03, 
 2DIAGNOSTIC,    49, -4.874235228216e-01, 7.767133904540e-04, 1.0809e+00, 6.5711e-03, 
 2DIAGNOSTIC,    50, -4.875003216366e-01, 6.546512448626e-04, 1.0858e+00, 4.9021e-03, 
 2DIAGNOSTIC,    51, -4.878355840527e-01, 4.920783548495e-04, 1.0912e+00, 5.4009e-03, 
 2DIAGNOSTIC,    52, -4.880147997399e-01, 3.250223114662e-04, 1.0965e+00, 5.2869e-03, 
 2DIAGNOSTIC,    53, -4.879107316377e-01, 2.604347844977e-04, 1.1019e+00, 5.4162e-03, 
 2DIAGNOSTIC,    54, -4.879797948867e-01, 2.130871150036e-04, 1.1066e+00, 4.6790e-03, 
 2DIAGNOSTIC,    55, -4.881277905675e-01, 1.425394984793e-04, 1.1118e+00, 5.2259e-03, 
 2DIAGNOSTIC,    56, -4.881953213261e-01, 7.749169939274e-05, 1.1165e+00, 4.6649e-03, 
 2DIAGNOSTIC,    57, -4.883729719259e-01, 3.323861187425e-05, 1.1217e+00, 5.2841e-03, 
 2DIAGNOSTIC,    58, -4.887645908081e-01, 2.680187839646e-05, 1.1265e+00, 4.7672e-03, 
 2DIAGNOSTIC,    59, -4.894986580909e-01, 3.480091704470e-05, 1.1326e+00, 6.1340e-03, 
 2DIAGNOSTIC,    60, -4.896148146843e-01, 4.097300173549e-05, 1.1410e+00, 8.3981e-03, 
 2DIAGNOSTIC,    61, -4.896922563175e-01, 4.732132379776e-05, 1.1467e+00, 5.6980e-03, 
 2DIAGNOSTIC,    62, -4.896801734659e-01, 5.076674705676e-05, 1.1517e+00, 4.9369e-03, 
 2DIAGNOSTIC,    63, -4.896569164279e-01, 4.794635363017e-05, 1.1571e+00, 5.3940e-03, 
 2DIAGNOSTIC,    64, -4.896722400853e-01, 4.135651567004e-05, 1.1620e+00, 4.9801e-03, 
 2DIAGNOSTIC,    65, -4.896087852805e-01, 3.187331523440e-05, 1.1669e+00, 4.8518e-03, 
 2DIAGNOSTIC,    66, -4.896188585991e-01, 2.052133655469e-05, 1.1717e+00, 4.8399e-03, 
 2DIAGNOSTIC,    67, -4.897855639152e-01, 1.078768697793e-05, 1.1766e+00, 4.8800e-03, 
 2DIAGNOSTIC,    68, -4.898990355176e-01, 4.764315925665e-06, 1.1814e+00, 4.8008e-03, 
 2DIAGNOSTIC,    69, -4.898486762173e-01, 4.628216919506e-06, 1.1881e+00, 6.6860e-03, 
 2DIAGNOSTIC,    70, -4.898615380210e-01, 5.272755326458e-06, 1.1970e+00, 8.8761e-03, 
 2DIAGNOSTIC,    71, -4.898617679220e-01, 6.119135528244e-06, 1.2019e+00, 4.9100e-03, 
 2DIAGNOSTIC,    72, -4.898635047302e-01, 6.272502370265e-06, 1.2067e+00, 4.8430e-03, 
 2DIAGNOSTIC,    73, -4.898650311682e-01, 5.650984338339e-06, 1.2115e+00, 4.7550e-03, 
 2DIAGNOSTIC,    74, -4.898663861028e-01, 4.728181162617e-06, 1.2162e+00, 4.7560e-03, 
 2DIAGNOSTIC,    75, -4.898674368922e-01, 2.935822015467e-06, 1.2211e+00, 4.8668e-03, 
DIAGNOSTIC,Iteration,metricValue,convergenceValue,ITERATION_TIME_INDEX,SINCE_LAST
 2DIAGNOSTIC,     1, -3.979537371372e-01, 1.797693134862e+308, 2.0315e+00, 8.1043e-01, 
 2DIAGNOSTIC,     2, -3.983085927565e-01, 1.797693134862e+308, 2.0648e+00, 3.3295e-02, 
 2DIAGNOSTIC,     3, -3.989592756630e-01, 1.797693134862e+308, 2.0978e+00, 3.3016e-02, 
 2DIAGNOSTIC,     4, -3.996570482170e-01, 1.797693134862e+308, 2.1298e+00, 3.1964e-02, 
 2DIAGNOSTIC,     5, -4.004509179512e-01, 1.797693134862e+308, 2.1622e+00, 3.2373e-02, 
 2DIAGNOSTIC,     6, -4.015409281389e-01, 1.797693134862e+308, 2.1957e+00, 3.3491e-02, 
 2DIAGNOSTIC,     7, -4.046291293417e-01, 1.797693134862e+308, 2.2364e+00, 4.0738e-02, 
 2DIAGNOSTIC,     8, -4.058090555349e-01, 1.797693134862e+308, 2.2755e+00, 3.9130e-02, 
 2DIAGNOSTIC,     9, -4.059107898826e-01, 1.797693134862e+308, 2.3103e+00, 3.4738e-02, 
 2DIAGNOSTIC,    10, -4.069551994359e-01, 1.625891142029e-03, 2.3521e+00, 4.1781e-02, 
 2DIAGNOSTIC,    11, -4.083574708733e-01, 1.571162415549e-03, 2.3847e+00, 3.2671e-02, 
 2DIAGNOSTIC,    12, -4.110069301490e-01, 1.555975962283e-03, 2.4154e+00, 3.0711e-02, 
 2DIAGNOSTIC,    13, -4.125306099636e-01, 1.516784250911e-03, 2.4511e+00, 3.5680e-02, 
 2DIAGNOSTIC,    14, -4.134730289753e-01, 1.430119876893e-03, 2.4967e+00, 4.5543e-02, 
 2DIAGNOSTIC,    15, -4.141970186989e-01, 1.297598481405e-03, 2.5282e+00, 3.1532e-02, 
 2DIAGNOSTIC,    16, -4.148331804792e-01, 1.134637789264e-03, 2.5615e+00, 3.3312e-02, 
 2DIAGNOSTIC,    17, -4.153567530113e-01, 1.032907462381e-03, 2.5976e+00, 3.6054e-02, 
 2DIAGNOSTIC,    18, -4.160408642968e-01, 9.197352297870e-04, 2.6333e+00, 3.5732e-02, 
 2DIAGNOSTIC,    19, -4.171467873943e-01, 7.780915940392e-04, 2.6796e+00, 4.6303e-02, 
 2DIAGNOSTIC,    20, -4.172967860072e-01, 6.198855517283e-04, 2.7227e+00, 4.3072e-02, 
 2DIAGNOSTIC,    21, -4.173048776607e-01, 4.650272260593e-04, 2.7527e+00, 2.9998e-02, 
 2DIAGNOSTIC,    22, -4.173432120175e-01, 3.657630546773e-04, 2.7893e+00, 3.6654e-02, 
 2DIAGNOSTIC,    23, -4.175121583227e-01, 2.916233651484e-04, 2.8262e+00, 3.6825e-02, 
 2DIAGNOSTIC,    24, -4.174734128663e-01, 2.218440879595e-04, 2.8609e+00, 3.4748e-02, 
 2DIAGNOSTIC,    25, -4.174964496313e-01, 1.576760761286e-04, 2.9090e+00, 4.8058e-02, 
 2DIAGNOSTIC,    26, -4.175018813114e-01, 1.012532511842e-04, 2.9417e+00, 3.2693e-02, 
 2DIAGNOSTIC,    27, -4.174887592092e-01, 5.261308415989e-05, 2.9743e+00, 3.2675e-02, 
 2DIAGNOSTIC,    28, -4.174855073895e-01, 1.869852641598e-05, 3.0161e+00, 4.1725e-02, 
 2DIAGNOSTIC,    29, -4.174911217543e-01, 1.192585071844e-05, 3.0542e+00, 3.8116e-02, 
 2DIAGNOSTIC,    30, -4.174876585726e-01, 8.019423414128e-06, 3.0909e+00, 3.6692e-02, 
 2DIAGNOSTIC,    31, -4.174791380059e-01, 3.708822387496e-06, 3.1317e+00, 4.0838e-02, 
DIAGNOSTIC,Iteration,metricValue,convergenceValue,ITERATION_TIME_INDEX,SINCE_LAST
 2DIAGNOSTIC,     1, -3.572434717771e-01, 1.797693134862e+308, 4.4963e+00, 1.3646e+00, 
 2DIAGNOSTIC,     2, -3.574825041639e-01, 1.797693134862e+308, 4.7766e+00, 2.8022e-01, 
 2DIAGNOSTIC,     3, -3.578066039498e-01, 1.797693134862e+308, 5.0359e+00, 2.5936e-01, 
 2DIAGNOSTIC,     4, -3.582940946438e-01, 1.797693134862e+308, 5.3138e+00, 2.7786e-01, 
 2DIAGNOSTIC,     5, -3.586140044840e-01, 1.797693134862e+308, 5.6213e+00, 3.0757e-01, 
 2DIAGNOSTIC,     6, -3.586430453557e-01, 1.797693134862e+308, 5.8684e+00, 2.4703e-01, 
 2DIAGNOSTIC,     7, -3.586812951799e-01, 1.797693134862e+308, 6.2255e+00, 3.5717e-01, 
 2DIAGNOSTIC,     8, -3.587529029095e-01, 1.797693134862e+308, 6.4634e+00, 2.3790e-01, 
 2DIAGNOSTIC,     9, -3.587914085380e-01, 1.797693134862e+308, 6.7191e+00, 2.5566e-01, 
 2DIAGNOSTIC,    10, -3.588554030642e-01, 2.891542907276e-04, 7.0106e+00, 2.9151e-01, 
 2DIAGNOSTIC,    11, -3.589449493656e-01, 2.046902408133e-04, 7.3240e+00, 3.1337e-01, 
 2DIAGNOSTIC,    12, -3.589995091055e-01, 1.356058150804e-04, 7.6673e+00, 3.4329e-01, 
 2DIAGNOSTIC,    13, -3.590240303475e-01, 8.577822227834e-05, 8.0736e+00, 4.0637e-01, 
 2DIAGNOSTIC,    14, -3.590350983623e-01, 6.329220910029e-05, 8.3444e+00, 2.7078e-01, 
 2DIAGNOSTIC,    15, -3.590376556826e-01, 5.528461057347e-05, 8.6117e+00, 2.6724e-01, 
 2DIAGNOSTIC,    16, -3.590350870784e-01, 4.466150649962e-05, 8.8514e+00, 2.3973e-01, 
 2DIAGNOSTIC,    17, -3.590362308197e-01, 3.312309989287e-05, 9.0865e+00, 2.3512e-01, 
 2DIAGNOSTIC,    18, -3.590409307435e-01, 2.336072540691e-05, 9.3468e+00, 2.6027e-01, 
 2DIAGNOSTIC,    19, -3.590486679222e-01, 1.454182605377e-05, 9.6256e+00, 2.7884e-01, 
 2DIAGNOSTIC,    20, -3.590484261084e-01, 7.867546268157e-06, 9.9485e+00, 3.2289e-01, 
 2DIAGNOSTIC,    21, -3.590475213235e-01, 4.556254169799e-06, 1.0218e+01, 2.6970e-01, 
 2DIAGNOSTIC,    22, -3.590479046570e-01, 3.226571396744e-06, 1.0584e+01, 3.6583e-01, 
 2DIAGNOSTIC,    23, -3.590474100159e-01, 2.657719859099e-06, 1.0861e+01, 2.7667e-01, 
 2DIAGNOSTIC,    24, -3.590462498225e-01, 2.336461021699e-06, 1.1113e+01, 2.5219e-01, 
 2DIAGNOSTIC,    25, -3.590457247431e-01, 2.016074295549e-06, 1.1339e+01, 2.2624e-01, 
 2DIAGNOSTIC,    26, -3.590452862706e-01, 1.563693527003e-06, 1.1620e+01, 2.8092e-01, 
 2DIAGNOSTIC,    27, -3.590453704142e-01, 1.147179636674e-06, 1.1888e+01, 2.6839e-01, 
DIAGNOSTIC,Iteration,metricValue,convergenceValue,ITERATION_TIME_INDEX,SINCE_LAST
 2DIAGNOSTIC,     1, -3.303519856345e-01, 1.797693134862e+308, 1.4410e+01, 2.5211e+00, 
 2DIAGNOSTIC,     2, -3.305230265074e-01, 1.797693134862e+308, 1.5886e+01, 1.4767e+00, 
 2DIAGNOSTIC,     3, -3.308195790281e-01, 1.797693134862e+308, 1.7364e+01, 1.4773e+00, 
 2DIAGNOSTIC,     4, -3.311026447161e-01, 1.797693134862e+308, 1.8836e+01, 1.4727e+00, 
 2DIAGNOSTIC,     5, -3.313098947022e-01, 1.797693134862e+308, 2.0641e+01, 1.8051e+00, 
 2DIAGNOSTIC,     6, -3.314823743419e-01, 1.797693134862e+308, 2.2593e+01, 1.9514e+00, 
 2DIAGNOSTIC,     7, -3.315286703815e-01, 1.797693134862e+308, 2.4766e+01, 2.1737e+00, 
 2DIAGNOSTIC,     8, -3.315640940547e-01, 1.797693134862e+308, 2.6629e+01, 1.8623e+00, 
 2DIAGNOSTIC,     9, -3.315835421598e-01, 1.797693134862e+308, 2.8314e+01, 1.6849e+00, 
 2DIAGNOSTIC,    10, -3.316955244908e-01, 2.623489171567e-04, 3.0461e+01, 2.1474e+00, 
 2DIAGNOSTIC,    11, -3.317411781316e-01, 1.937857273015e-04, 3.2206e+01, 1.7446e+00, 
 2DIAGNOSTIC,    12, -3.317415667852e-01, 1.315989607698e-04, 3.3777e+01, 1.5715e+00, 
 2DIAGNOSTIC,    13, -3.317460502776e-01, 8.712908311299e-05, 3.5229e+01, 1.4522e+00, 
 2DIAGNOSTIC,    14, -3.317621412443e-01, 5.945042278509e-05, 3.6755e+01, 1.5254e+00, 
 2DIAGNOSTIC,    15, -3.317763593975e-01, 4.254710993905e-05, 3.8983e+01, 2.2288e+00, 
 2DIAGNOSTIC,    16, -3.317797393101e-01, 3.337563224712e-05, 4.0537e+01, 1.5532e+00, 
 2DIAGNOSTIC,    17, -3.317810293190e-01, 2.485534929114e-05, 4.1878e+01, 1.3409e+00, 
 2DIAGNOSTIC,    18, -3.317840804071e-01, 1.707044660182e-05, 4.3240e+01, 1.3626e+00, 
 2DIAGNOSTIC,    19, -3.317926665193e-01, 9.817045108163e-06, 4.4617e+01, 1.3764e+00, 
 2DIAGNOSTIC,    20, -3.318034489301e-01, 7.721752715968e-06, 4.6444e+01, 1.8275e+00, 
 2DIAGNOSTIC,    21, -3.318089808124e-01, 7.346306350055e-06, 4.7906e+01, 1.4618e+00, 
 2DIAGNOSTIC,    22, -3.318304471856e-01, 7.326439259978e-06, 5.0270e+01, 2.3642e+00, 
 2DIAGNOSTIC,    23, -3.318290489557e-01, 6.847342255235e-06, 5.1853e+01, 1.5834e+00, 
 2DIAGNOSTIC,    24, -3.318285389564e-01, 6.447138686520e-06, 5.4508e+01, 2.6549e+00, 
 2DIAGNOSTIC,    25, -3.318285348706e-01, 6.088316625220e-06, 5.7391e+01, 2.8825e+00, 
 2DIAGNOSTIC,    26, -3.318286052221e-01, 5.414611903065e-06, 6.2111e+01, 4.7205e+00, 
 2DIAGNOSTIC,    27, -3.318286052221e-01, 4.430909828962e-06, 6.4356e+01, 2.2444e+00, 
 2DIAGNOSTIC,    28, -3.318286052221e-01, 3.301749255669e-06, 6.5888e+01, 1.5326e+00, 
 2DIAGNOSTIC,    29, -3.318286052221e-01, 2.303463542366e-06, 6.7559e+01, 1.6706e+00, 
 2DIAGNOSTIC,    30, -3.318286052221e-01, 1.568078273007e-06, 6.9516e+01, 1.9570e+00, 
  Elapsed time (stage 0): 7.0365e+01


Total elapsed time: 7.0367e+01
Info [verificarlo]: loaded backend libinterflop_ieee.so
Info [interflop-ieee]: load backend with:
Info [interflop-ieee]: debug = false
Info [interflop-ieee]: debug-binary = false
Info [interflop-ieee]: no-backend-name = false
Info [interflop-ieee]: print-new-line = false
Info [interflop-ieee]: print-subnormal-normalized = false
Info [interflop-ieee]: count-op = false
All_Command_lines_OK
Using double precision for computations.
=============================================================================
The composite transform comprises the following transforms (in order): 
  1. /home/mdugre/scratch/mri-registration-rp/datasets/ds004513/derivatives/mri-registration-rp/0001/antsRegistration-r8-p6/sub-s020/rigid_Composite.h5[0] (type = Euler3DTransform)
  2. /home/mdugre/scratch/mri-registration-rp/datasets/ds004513/derivatives/mri-registration-rp/0001/antsRegistration-r8-p6/sub-s020/rigid_Composite.h5[1] (type = Euler3DTransform)
  3. /home/mdugre/scratch/mri-registration-rp/datasets/ds004513/derivatives/mri-registration-rp/0001/antsRegistration-r8-p6/sub-s020/rigid_Composite.h5[2] (type = Euler3DTransform)
=============================================================================
  number of levels = 4
  fixed image: /templateflow/tpl-MNI152NLin2009cAsym/tpl-MNI152NLin2009cAsym_res-01_desc-brain_T1w.nii.gz
  moving image: /home/mdugre/scratch/mri-registration-rp/datasets/ds004513/derivatives/mri-registration-rp/antsBrainExtraction/sub-s020/BrainExtractionBrain.nii.gz
Dimension = 3
Number of stages = 1
Use histogram matching = false
Winsorize image intensities = true
  Lower quantile = 0.005
  Upper quantile = 0.995


Stage 1 State
   Image metric = MattesMI
     Fixed image = Image (0x3552530)
  RTTI typeinfo:   itk::Image<double, 3u>
  Reference Count: 2
  Modified Time: 1594
  Debug: Off
  Object Name: 
  Observers: 
    none
  Source: (none)
  Source output name: (none)
  Release Data: Off
  Data Released: False
  Global Release Data: Off
  PipelineMTime: 0
  UpdateMTime: 1203
  RealTimeStamp: 0 seconds 
  LargestPossibleRegion: 
    Dimension: 3
    Index: [0, 0, 0]
    Size: [193, 229, 193]
  BufferedRegion: 
    Dimension: 3
    Index: [0, 0, 0]
    Size: [193, 229, 193]
  RequestedRegion: 
    Dimension: 3
    Index: [0, 0, 0]
    Size: [193, 229, 193]
  Spacing: [1, 1, 1]
  Origin: [96, 132, -78]
  Direction: 
-1 0 0
0 -1 0
0 0 1

  IndexToPointMatrix: 
-1 0 0
0 -1 0
0 0 1

  PointToIndexMatrix: 
-1 0 0
0 -1 0
0 0 1

  Inverse Direction: 
-1 0 0
0 -1 0
0 0 1

  PixelContainer: 
    ImportImageContainer (0x360b2a0)
      RTTI typeinfo:   itk::ImportImageContainer<unsigned long, double>
      Reference Count: 1
      Modified Time: 1200
      Debug: Off
      Object Name: 
      Observers: 
        none
      Pointer: 0x14ba5ddc5010
      Container manages memory: true
      Size: 8530021
      Capacity: 8530021

     Moving image = Image (0x360de60)
  RTTI typeinfo:   itk::Image<double, 3u>
  Reference Count: 2
  Modified Time: 1595
  Debug: Off
  Object Name: 
  Observers: 
    none
  Source: (none)
  Source output name: (none)
  Release Data: Off
  Data Released: False
  Global Release Data: Off
  PipelineMTime: 0
  UpdateMTime: 1592
  RealTimeStamp: 0 seconds 
  LargestPossibleRegion: 
    Dimension: 3
    Index: [0, 0, 0]
    Size: [160, 240, 256]
  BufferedRegion: 
    Dimension: 3
    Index: [0, 0, 0]
    Size: [160, 240, 256]
  RequestedRegion: 
    Dimension: 3
    Index: [0, 0, 0]
    Size: [160, 240, 256]
  Spacing: [0.999995, 1, 1]
  Origin: [87.0906, 98.7205, -152.377]
  Direction: 
-0.996975 0.0261379 -0.0731913
-0.0260677 -0.999658 -0.00191374
-0.0732163 -2.46403e-08 0.997316

  IndexToPointMatrix: 
-0.996971 0.0261379 -0.0731913
-0.0260676 -0.999658 -0.00191374
-0.0732159 -2.46403e-08 0.997316

  PointToIndexMatrix: 
-0.99698 -0.0260679 -0.0732166
0.0261379 -0.999658 -2.46993e-08
-0.0731913 -0.00191374 0.997316

  Inverse Direction: 
-0.996975 -0.0260677 -0.0732163
0.0261379 -0.999658 -2.46993e-08
-0.0731913 -0.00191374 0.997316

  PixelContainer: 
    ImportImageContainer (0x3641390)
      RTTI typeinfo:   itk::ImportImageContainer<unsigned long, double>
      Reference Count: 1
      Modified Time: 1589
      Debug: Off
      Object Name: 
      Observers: 
        none
      Pointer: 0x14ba592c4010
      Container manages memory: true
      Size: 9830400
      Capacity: 9830400

     Weighting = 1
     Sampling strategy = regular
     Number of bins = 32
     Radius = 4
     Sampling percentage  = 0.25
   Transform = Affine
     Gradient step = 0.1
     Update field sigma (voxel space) = 0
     Total field sigma (voxel space) = 0
     Update field time sigma = 0
     Total field time sigma  = 0
     Number of time indices = 0
     Number of time point samples = 0
Registration using 1 total stages.

Stage 0
  iterations = 1000x500x250x100
  convergence threshold = 1e-06
  convergence window size = 10
  number of levels = 4
  using the Mattes MI metric (number of bins = 32, weight = 1, use gradient filter = 0)
  preprocessing:  winsorizing the image intensities
  Shrink factors (level 1 out of 4): [8, 8, 8]
  Shrink factors (level 2 out of 4): [4, 4, 4]
  Shrink factors (level 3 out of 4): [2, 2, 2]
  Shrink factors (level 4 out of 4): [1, 1, 1]
  smoothing sigmas per level: [3, 2, 1, 0]
  regular sampling (percentage = 0.25)

*** Running AffineTransform registration ***

DIAGNOSTIC,Iteration,metricValue,convergenceValue,ITERATION_TIME_INDEX,SINCE_LAST
 2DIAGNOSTIC,     1, -5.024586942782e-01, 1.797693134862e+308, 7.9872e-01, 7.9872e-01, 
 2DIAGNOSTIC,     2, -5.046336207663e-01, 1.797693134862e+308, 8.0394e-01, 5.2199e-03, 
 2DIAGNOSTIC,     3, -5.089324035508e-01, 1.797693134862e+308, 8.0909e-01, 5.1479e-03, 
 2DIAGNOSTIC,     4, -5.146325796796e-01, 1.797693134862e+308, 8.1409e-01, 5.0001e-03, 
 2DIAGNOSTIC,     5, -5.224067282117e-01, 1.797693134862e+308, 8.1905e-01, 4.9591e-03, 
 2DIAGNOSTIC,     6, -5.343621655730e-01, 1.797693134862e+308, 8.2427e-01, 5.2271e-03, 
 2DIAGNOSTIC,     7, -5.557457301856e-01, 1.797693134862e+308, 8.2941e-01, 5.1341e-03, 
 2DIAGNOSTIC,     8, -6.202818968908e-01, 1.797693134862e+308, 8.3548e-01, 6.0761e-03, 
 2DIAGNOSTIC,     9, -6.635207880051e-01, 1.797693134862e+308, 8.4107e-01, 5.5890e-03, 
 2DIAGNOSTIC,    10, -7.013962628117e-01, 2.207450750846e-02, 8.4962e-01, 8.5490e-03, 
 2DIAGNOSTIC,    11, -7.602426883894e-01, 2.569432918376e-02, 8.5565e-01, 6.0308e-03, 
 2DIAGNOSTIC,    12, -7.887491496459e-01, 2.736547206464e-02, 8.6411e-01, 8.4591e-03, 
 2DIAGNOSTIC,    13, -7.951900466693e-01, 2.663105721945e-02, 8.7058e-01, 6.4681e-03, 
 2DIAGNOSTIC,    14, -8.223228026355e-01, 2.465828148118e-02, 8.7639e-01, 5.8122e-03, 
 2DIAGNOSTIC,    15, -8.478120538068e-01, 2.173423781135e-02, 8.8444e-01, 8.0490e-03, 
 2DIAGNOSTIC,    16, -8.477092329132e-01, 1.763209223969e-02, 8.9037e-01, 5.9340e-03, 
 2DIAGNOSTIC,    17, -8.480198987724e-01, 1.307409609124e-02, 8.9619e-01, 5.8141e-03, 
 2DIAGNOSTIC,    18, -8.482339401969e-01, 9.476896251037e-03, 9.0187e-01, 5.6810e-03, 
 2DIAGNOSTIC,    19, -8.486727571324e-01, 6.422768083809e-03, 9.0963e-01, 7.7600e-03, 
 2DIAGNOSTIC,    20, -8.492693756881e-01, 3.903388129793e-03, 9.1623e-01, 6.6001e-03, 
 2DIAGNOSTIC,    21, -8.490472298445e-01, 2.437964595418e-03, 9.2274e-01, 6.5150e-03, 
 2DIAGNOSTIC,    22, -8.491391463745e-01, 1.438974194471e-03, 9.2868e-01, 5.9319e-03, 
 2DIAGNOSTIC,    23, -8.489512702442e-01, 5.098650792846e-04, 9.3410e-01, 5.4281e-03, 
 2DIAGNOSTIC,    24, -8.489470138574e-01, 5.886497744587e-05, 9.4008e-01, 5.9810e-03, 
 2DIAGNOSTIC,    25, -8.489907478077e-01, 4.500875100218e-05, 9.4616e-01, 6.0730e-03, 
 2DIAGNOSTIC,    26, -8.487898912821e-01, 2.374289916438e-05, 9.5218e-01, 6.0229e-03, 
 2DIAGNOSTIC,    27, -8.487944141415e-01, 6.942177673934e-06, 9.5762e-01, 5.4431e-03, 
DIAGNOSTIC,Iteration,metricValue,convergenceValue,ITERATION_TIME_INDEX,SINCE_LAST
 2DIAGNOSTIC,     1, -7.122649397824e-01, 1.797693134862e+308, 1.7000e+00, 7.4235e-01, 
 2DIAGNOSTIC,     2, -7.131417851623e-01, 1.797693134862e+308, 1.7394e+00, 3.9424e-02, 
 2DIAGNOSTIC,     3, -7.137545430712e-01, 1.797693134862e+308, 1.7780e+00, 3.8609e-02, 
 2DIAGNOSTIC,     4, -7.140351055535e-01, 1.797693134862e+308, 1.8157e+00, 3.7655e-02, 
 2DIAGNOSTIC,     5, -7.142317009228e-01, 1.797693134862e+308, 1.8622e+00, 4.6513e-02, 
 2DIAGNOSTIC,     6, -7.143567465925e-01, 1.797693134862e+308, 1.9097e+00, 4.7490e-02, 
 2DIAGNOSTIC,     7, -7.143633132771e-01, 1.797693134862e+308, 1.9501e+00, 4.0441e-02, 
 2DIAGNOSTIC,     8, -7.145562162281e-01, 1.797693134862e+308, 1.9895e+00, 3.9341e-02, 
 2DIAGNOSTIC,     9, -7.149098679712e-01, 1.797693134862e+308, 2.0377e+00, 4.8211e-02, 
 2DIAGNOSTIC,    10, -7.151854756249e-01, 2.102193771958e-04, 2.0854e+00, 4.7757e-02, 
 2DIAGNOSTIC,    11, -7.154388127158e-01, 1.589521538293e-04, 2.1459e+00, 6.0449e-02, 
 2DIAGNOSTIC,    12, -7.152627260897e-01, 1.251436073852e-04, 2.1943e+00, 4.8411e-02, 
 2DIAGNOSTIC,    13, -7.152757187931e-01, 1.047671441758e-04, 2.2329e+00, 3.8663e-02, 
 2DIAGNOSTIC,    14, -7.153320599617e-01, 8.729780391749e-05, 2.2713e+00, 3.8404e-02, 
 2DIAGNOSTIC,    15, -7.154500788683e-01, 7.243306473191e-05, 2.3135e+00, 4.2153e-02, 
 2DIAGNOSTIC,    16, -7.155716424253e-01, 5.913066346028e-05, 2.3522e+00, 3.8745e-02, 
 2DIAGNOSTIC,    17, -7.157247245572e-01, 4.596443553997e-05, 2.3965e+00, 4.4305e-02, 
 2DIAGNOSTIC,    18, -7.158810519753e-01, 3.782902415000e-05, 2.4352e+00, 3.8615e-02, 
 2DIAGNOSTIC,    19, -7.162086882210e-01, 4.126123129679e-05, 2.4838e+00, 4.8586e-02, 
 2DIAGNOSTIC,    20, -7.164079191683e-01, 4.977541064938e-05, 2.5251e+00, 4.1369e-02, 
 2DIAGNOSTIC,    21, -7.166717020448e-01, 6.284967617589e-05, 2.6007e+00, 7.5597e-02, 
 2DIAGNOSTIC,    22, -7.166811635986e-01, 6.597459053748e-05, 2.6461e+00, 4.5380e-02, 
 2DIAGNOSTIC,    23, -7.166742178187e-01, 6.295555709027e-05, 2.6876e+00, 4.1496e-02, 
 2DIAGNOSTIC,    24, -7.166526295717e-01, 5.496548178154e-05, 2.7291e+00, 4.1486e-02, 
 2DIAGNOSTIC,    25, -7.166299884730e-01, 4.403230436836e-05, 2.7712e+00, 4.2161e-02, 
 2DIAGNOSTIC,    26, -7.165806355406e-01, 3.099182562499e-05, 2.8087e+00, 3.7507e-02, 
 2DIAGNOSTIC,    27, -7.165720553565e-01, 1.827686366996e-05, 2.8505e+00, 4.1758e-02, 
 2DIAGNOSTIC,    28, -7.165878657514e-01, 7.255524168408e-06, 2.8923e+00, 4.1816e-02, 
DIAGNOSTIC,Iteration,metricValue,convergenceValue,ITERATION_TIME_INDEX,SINCE_LAST
 2DIAGNOSTIC,     1, -5.956473958728e-01, 1.797693134862e+308, 4.1019e+00, 1.2096e+00, 
 2DIAGNOSTIC,     2, -5.961426738560e-01, 1.797693134862e+308, 4.4221e+00, 3.2011e-01, 
 2DIAGNOSTIC,     3, -5.965506733269e-01, 1.797693134862e+308, 4.7153e+00, 2.9325e-01, 
 2DIAGNOSTIC,     4, -5.968941879718e-01, 1.797693134862e+308, 5.0234e+00, 3.0808e-01, 
 2DIAGNOSTIC,     5, -5.971495269818e-01, 1.797693134862e+308, 5.4512e+00, 4.2778e-01, 
 2DIAGNOSTIC,     6, -5.973253468646e-01, 1.797693134862e+308, 5.9691e+00, 5.1794e-01, 
 2DIAGNOSTIC,     7, -5.973342626552e-01, 1.797693134862e+308, 6.3381e+00, 3.6902e-01, 
 2DIAGNOSTIC,     8, -5.973356970608e-01, 1.797693134862e+308, 6.6595e+00, 3.2141e-01, 
 2DIAGNOSTIC,     9, -5.973398077465e-01, 1.797693134862e+308, 7.0200e+00, 3.6050e-01, 
 2DIAGNOSTIC,    10, -5.973438283711e-01, 1.711599453776e-04, 7.5514e+00, 5.3133e-01, 
 2DIAGNOSTIC,    11, -5.973443992276e-01, 1.022643971328e-04, 7.8895e+00, 3.3811e-01, 
 2DIAGNOSTIC,    12, -5.973438286632e-01, 5.541257046297e-05, 8.2313e+00, 3.4178e-01, 
 2DIAGNOSTIC,    13, -5.973430757909e-01, 2.578012295297e-05, 8.5624e+00, 3.3113e-01, 
 2DIAGNOSTIC,    14, -5.973425290158e-01, 9.751645021649e-06, 8.8436e+00, 2.8116e-01, 
 2DIAGNOSTIC,    15, -5.973424620426e-01, 3.120989757688e-06, 9.1117e+00, 2.6814e-01, 
 2DIAGNOSTIC,    16, -5.973406761530e-01, 2.399243430123e-06, 9.4346e+00, 3.2291e-01, 
 2DIAGNOSTIC,    17, -5.973423544175e-01, 2.024827895526e-06, 9.7504e+00, 3.1583e-01, 
 2DIAGNOSTIC,    18, -5.973438787154e-01, 1.753138123978e-06, 1.0092e+01, 3.4156e-01, 
 2DIAGNOSTIC,    19, -5.973458592782e-01, 1.660064600360e-06, 1.0422e+01, 3.2969e-01, 
 2DIAGNOSTIC,    20, -5.973483249821e-01, 1.731166809273e-06, 1.0729e+01, 3.0690e-01, 
 2DIAGNOSTIC,    21, -5.973494406977e-01, 1.820683287079e-06, 1.1048e+01, 3.1974e-01, 
 2DIAGNOSTIC,    22, -5.973482194076e-01, 1.835142300829e-06, 1.1413e+01, 3.6433e-01, 
 2DIAGNOSTIC,    23, -5.973481661988e-01, 1.796012286476e-06, 1.1753e+01, 3.4047e-01, 
 2DIAGNOSTIC,    24, -5.973471902391e-01, 1.690571830013e-06, 1.2104e+01, 3.5094e-01, 
 2DIAGNOSTIC,    25, -5.973461879863e-01, 1.539925200265e-06, 1.2413e+01, 3.0878e-01, 
 2DIAGNOSTIC,    26, -5.973424054609e-01, 1.273729237181e-06, 1.2754e+01, 3.4151e-01, 
 2DIAGNOSTIC,    27, -5.973432292656e-01, 1.068722002104e-06, 1.3084e+01, 3.2954e-01, 
DIAGNOSTIC,Iteration,metricValue,convergenceValue,ITERATION_TIME_INDEX,SINCE_LAST
 2DIAGNOSTIC,     1, -5.299124103791e-01, 1.797693134862e+308, 1.6256e+01, 3.1719e+00, 
 2DIAGNOSTIC,     2, -5.301835349240e-01, 1.797693134862e+308, 1.8186e+01, 1.9302e+00, 
 2DIAGNOSTIC,     3, -5.303966212368e-01, 1.797693134862e+308, 1.9991e+01, 1.8049e+00, 
 2DIAGNOSTIC,     4, -5.306038972505e-01, 1.797693134862e+308, 2.2075e+01, 2.0846e+00, 
 2DIAGNOSTIC,     5, -5.312125136954e-01, 1.797693134862e+308, 2.4907e+01, 2.8312e+00, 
 2DIAGNOSTIC,     6, -5.313055158970e-01, 1.797693134862e+308, 2.8875e+01, 3.9686e+00, 
 2DIAGNOSTIC,     7, -5.313053707130e-01, 1.797693134862e+308, 3.1011e+01, 2.1354e+00, 
 2DIAGNOSTIC,     8, -5.313053540033e-01, 1.797693134862e+308, 3.3901e+01, 2.8898e+00, 
 2DIAGNOSTIC,     9, -5.313054261775e-01, 1.797693134862e+308, 3.6279e+01, 2.3784e+00, 
 2DIAGNOSTIC,    10, -5.313053353091e-01, 1.827323048697e-04, 3.8080e+01, 1.8005e+00, 
 2DIAGNOSTIC,    11, -5.313051414501e-01, 1.221893910259e-04, 4.0144e+01, 2.0641e+00, 
 2DIAGNOSTIC,    12, -5.313051845027e-01, 7.341018030881e-05, 4.2229e+01, 2.0854e+00, 
 2DIAGNOSTIC,    13, -5.313051270440e-01, 3.464241765164e-05, 4.4342e+01, 2.1131e+00, 
 2DIAGNOSTIC,    14, -5.313049201407e-01, 5.783854566996e-06, 4.6416e+01, 2.0736e+00, 
