
##########################
# Experiment information #
##########################

EXPERIMENT_NAME: antsRegistration-r7-p17
VFC_BACKENDS: libinterflop_vprec.so --range-binary32=7 --precision-binary32=17 --range-binary64=7 --precision-binary64=17

SIF_IMG: /home/mdugre/projects/rrg-glatard/mdugre/containers/ants-vprec-no_metrics.simg

SUBJECT_ID: s035
INPUT_IMG: /home/mdugre/scratch/mri-registration-rp/datasets/ds004513/derivatives/mri-registration-rp/antsBrainExtraction/sub-s035/BrainExtractionBrain.nii.gz
OUTPUT_DIR: /home/mdugre/scratch/mri-registration-rp/datasets/ds004513/derivatives/mri-registration-rp/0001/antsRegistration-r7-p17/sub-s035

FIXED_IMG: /templateflow/tpl-MNI152NLin2009cAsym/tpl-MNI152NLin2009cAsym_res-01_desc-brain_T1w.nii.gz
DATA_DIR: /home/mdugre/scratch/mri-registration-rp/datasets/ds004513
TEMPLATEFLOW_DIR: /home/mdugre/projects/rrg-glatard/mdugre/templateflow
ITK_GLOBAL_DEFAULT_NUMBER_OF_THREADS: 16
##########################

Info [verificarlo]: loaded backend libinterflop_ieee.so
Info [interflop-ieee]: load backend with:
Info [interflop-ieee]: debug = false
Info [interflop-ieee]: debug-binary = false
Info [interflop-ieee]: no-backend-name = false
Info [interflop-ieee]: print-new-line = false
Info [interflop-ieee]: print-subnormal-normalized = false
Info [interflop-ieee]: count-op = false
All_Command_lines_OK
Using double precision for computations.
=============================================================================
The composite transform comprises the following transforms (in order): 
  1. Center of mass alignment using fixed image: /templateflow/tpl-MNI152NLin2009cAsym/tpl-MNI152NLin2009cAsym_res-01_desc-brain_T1w.nii.gz and moving image: /home/mdugre/scratch/mri-registration-rp/datasets/ds004513/derivatives/mri-registration-rp/antsBrainExtraction/sub-s035/BrainExtractionBrain.nii.gz (type = Euler3DTransform)
=============================================================================
  number of levels = 1
  fixed image: /templateflow/tpl-MNI152NLin2009cAsym/tpl-MNI152NLin2009cAsym_res-01_desc-brain_T1w.nii.gz
  moving image: /home/mdugre/scratch/mri-registration-rp/datasets/ds004513/derivatives/mri-registration-rp/antsBrainExtraction/sub-s035/BrainExtractionBrain.nii.gz
Dimension = 3
Number of stages = 1
Use histogram matching = false
Winsorize image intensities = true
  Lower quantile = 0.005
  Upper quantile = 0.995


Stage 1 State
   Image metric = MattesMI
     Fixed image = Image (0x3769e70)
  RTTI typeinfo:   itk::Image<double, 3u>
  Reference Count: 2
  Modified Time: 2330
  Debug: Off
  Object Name: 
  Observers: 
    none
  Source: (none)
  Source output name: (none)
  Release Data: Off
  Data Released: False
  Global Release Data: Off
  PipelineMTime: 0
  UpdateMTime: 1941
  RealTimeStamp: 0 seconds 
  LargestPossibleRegion: 
    Dimension: 3
    Index: [0, 0, 0]
    Size: [193, 229, 193]
  BufferedRegion: 
    Dimension: 3
    Index: [0, 0, 0]
    Size: [193, 229, 193]
  RequestedRegion: 
    Dimension: 3
    Index: [0, 0, 0]
    Size: [193, 229, 193]
  Spacing: [1, 1, 1]
  Origin: [96, 132, -78]
  Direction: 
-1 0 0
0 -1 0
0 0 1

  IndexToPointMatrix: 
-1 0 0
0 -1 0
0 0 1

  PointToIndexMatrix: 
-1 0 0
0 -1 0
0 0 1

  Inverse Direction: 
-1 0 0
0 -1 0
0 0 1

  PixelContainer: 
    ImportImageContainer (0x3772c60)
      RTTI typeinfo:   itk::ImportImageContainer<unsigned long, double>
      Reference Count: 1
      Modified Time: 1938
      Debug: Off
      Object Name: 
      Observers: 
        none
      Pointer: 0x14f06c6ef010
      Container manages memory: true
      Size: 8530021
      Capacity: 8530021

     Moving image = Image (0x3806ec0)
  RTTI typeinfo:   itk::Image<double, 3u>
  Reference Count: 2
  Modified Time: 2331
  Debug: Off
  Object Name: 
  Observers: 
    none
  Source: (none)
  Source output name: (none)
  Release Data: Off
  Data Released: False
  Global Release Data: Off
  PipelineMTime: 0
  UpdateMTime: 2328
  RealTimeStamp: 0 seconds 
  LargestPossibleRegion: 
    Dimension: 3
    Index: [0, 0, 0]
    Size: [160, 240, 256]
  BufferedRegion: 
    Dimension: 3
    Index: [0, 0, 0]
    Size: [160, 240, 256]
  RequestedRegion: 
    Dimension: 3
    Index: [0, 0, 0]
    Size: [160, 240, 256]
  Spacing: [1, 1, 1]
  Origin: [98.6438, 87.6358, -117.989]
  Direction: 
-0.993515 -0.100993 -0.0522355
0.100854 -0.994887 0.00530255
-0.0525039 1.93537e-08 0.998621

  IndexToPointMatrix: 
-0.993515 -0.100993 -0.0522355
0.100854 -0.994887 0.00530255
-0.0525039 1.93537e-08 0.998621

  PointToIndexMatrix: 
-0.993515 0.100854 -0.0525039
-0.100993 -0.994887 1.93006e-08
-0.0522355 0.00530255 0.998621

  Inverse Direction: 
-0.993515 0.100854 -0.0525039
-0.100993 -0.994887 1.93006e-08
-0.0522355 0.00530255 0.998621

  PixelContainer: 
    ImportImageContainer (0x389e610)
      RTTI typeinfo:   itk::ImportImageContainer<unsigned long, double>
      Reference Count: 1
      Modified Time: 2325
      Debug: Off
      Object Name: 
      Observers: 
        none
      Pointer: 0x14f067bee010
      Container manages memory: true
      Size: 9830400
      Capacity: 9830400

     Weighting = 1
     Sampling strategy = regular
     Number of bins = 32
     Radius = 4
     Sampling percentage  = 0.25
   Transform = Rigid
     Gradient step = 0.1
     Update field sigma (voxel space) = 0
     Total field sigma (voxel space) = 0
     Update field time sigma = 0
     Total field time sigma  = 0
     Number of time indices = 0
     Number of time point samples = 0
Registration using 1 total stages.

Stage 0
  iterations = 0
  convergence threshold = 1e-06
  convergence window size = 10
  number of levels = 1
  using the Mattes MI metric (number of bins = 32, weight = 1, use gradient filter = 0)
  preprocessing:  winsorizing the image intensities
  Shrink factors (level 1 out of 1): [1, 1, 1]
  smoothing sigmas per level: [0]
  regular sampling (percentage = 0.25)

*** Running Euler3DTransform registration ***

  Elapsed time (stage 0): 1.14789


Total elapsed time: 1.15004
Info [verificarlo]: loaded backend libinterflop_ieee.so
Info [interflop-ieee]: load backend with:
Info [interflop-ieee]: debug = false
Info [interflop-ieee]: debug-binary = false
Info [interflop-ieee]: no-backend-name = false
Info [interflop-ieee]: print-new-line = false
Info [interflop-ieee]: print-subnormal-normalized = false
Info [interflop-ieee]: count-op = false
All_Command_lines_OK
Using double precision for computations.
=============================================================================
The composite transform comprises the following transforms (in order): 
  1. /home/mdugre/scratch/mri-registration-rp/datasets/ds004513/derivatives/mri-registration-rp/0001/antsRegistration-r7-p17/sub-s035/align_Composite.h5[0] (type = Euler3DTransform)
  2. /home/mdugre/scratch/mri-registration-rp/datasets/ds004513/derivatives/mri-registration-rp/0001/antsRegistration-r7-p17/sub-s035/align_Composite.h5[1] (type = Euler3DTransform)
=============================================================================
  number of levels = 4
  fixed image: /templateflow/tpl-MNI152NLin2009cAsym/tpl-MNI152NLin2009cAsym_res-01_desc-brain_T1w.nii.gz
  moving image: /home/mdugre/scratch/mri-registration-rp/datasets/ds004513/derivatives/mri-registration-rp/antsBrainExtraction/sub-s035/BrainExtractionBrain.nii.gz
Dimension = 3
Number of stages = 1
Use histogram matching = false
Winsorize image intensities = true
  Lower quantile = 0.005
  Upper quantile = 0.995


Stage 1 State
   Image metric = MattesMI
     Fixed image = Image (0x4d8e530)
  RTTI typeinfo:   itk::Image<double, 3u>
  Reference Count: 2
  Modified Time: 1578
  Debug: Off
  Object Name: 
  Observers: 
    none
  Source: (none)
  Source output name: (none)
  Release Data: Off
  Data Released: False
  Global Release Data: Off
  PipelineMTime: 0
  UpdateMTime: 1189
  RealTimeStamp: 0 seconds 
  LargestPossibleRegion: 
    Dimension: 3
    Index: [0, 0, 0]
    Size: [193, 229, 193]
  BufferedRegion: 
    Dimension: 3
    Index: [0, 0, 0]
    Size: [193, 229, 193]
  RequestedRegion: 
    Dimension: 3
    Index: [0, 0, 0]
    Size: [193, 229, 193]
  Spacing: [1, 1, 1]
  Origin: [96, 132, -78]
  Direction: 
-1 0 0
0 -1 0
0 0 1

  IndexToPointMatrix: 
-1 0 0
0 -1 0
0 0 1

  PointToIndexMatrix: 
-1 0 0
0 -1 0
0 0 1

  Inverse Direction: 
-1 0 0
0 -1 0
0 0 1

  PixelContainer: 
    ImportImageContainer (0x4e4cd60)
      RTTI typeinfo:   itk::ImportImageContainer<unsigned long, double>
      Reference Count: 1
      Modified Time: 1186
      Debug: Off
      Object Name: 
      Observers: 
        none
      Pointer: 0x146db46a3010
      Container manages memory: true
      Size: 8530021
      Capacity: 8530021

     Moving image = Image (0x4e3ef60)
  RTTI typeinfo:   itk::Image<double, 3u>
  Reference Count: 2
  Modified Time: 1579
  Debug: Off
  Object Name: 
  Observers: 
    none
  Source: (none)
  Source output name: (none)
  Release Data: Off
  Data Released: False
  Global Release Data: Off
  PipelineMTime: 0
  UpdateMTime: 1576
  RealTimeStamp: 0 seconds 
  LargestPossibleRegion: 
    Dimension: 3
    Index: [0, 0, 0]
    Size: [160, 240, 256]
  BufferedRegion: 
    Dimension: 3
    Index: [0, 0, 0]
    Size: [160, 240, 256]
  RequestedRegion: 
    Dimension: 3
    Index: [0, 0, 0]
    Size: [160, 240, 256]
  Spacing: [1, 1, 1]
  Origin: [98.6438, 87.6358, -117.989]
  Direction: 
-0.993515 -0.100993 -0.0522355
0.100854 -0.994887 0.00530255
-0.0525039 1.93537e-08 0.998621

  IndexToPointMatrix: 
-0.993515 -0.100993 -0.0522355
0.100854 -0.994887 0.00530255
-0.0525039 1.93537e-08 0.998621

  PointToIndexMatrix: 
-0.993515 0.100854 -0.0525039
-0.100993 -0.994887 1.93006e-08
-0.0522355 0.00530255 0.998621

  Inverse Direction: 
-0.993515 0.100854 -0.0525039
-0.100993 -0.994887 1.93006e-08
-0.0522355 0.00530255 0.998621

  PixelContainer: 
    ImportImageContainer (0x4e306d0)
      RTTI typeinfo:   itk::ImportImageContainer<unsigned long, double>
      Reference Count: 1
      Modified Time: 1573
      Debug: Off
      Object Name: 
      Observers: 
        none
      Pointer: 0x146dafba2010
      Container manages memory: true
      Size: 9830400
      Capacity: 9830400

     Weighting = 1
     Sampling strategy = regular
     Number of bins = 32
     Radius = 4
     Sampling percentage  = 0.25
   Transform = Rigid
     Gradient step = 0.1
     Update field sigma (voxel space) = 0
     Total field sigma (voxel space) = 0
     Update field time sigma = 0
     Total field time sigma  = 0
     Number of time indices = 0
     Number of time point samples = 0
Registration using 1 total stages.

Stage 0
  iterations = 1000x500x250x100
  convergence threshold = 1e-06
  convergence window size = 10
  number of levels = 4
  using the Mattes MI metric (number of bins = 32, weight = 1, use gradient filter = 0)
  preprocessing:  winsorizing the image intensities
  Shrink factors (level 1 out of 4): [8, 8, 8]
  Shrink factors (level 2 out of 4): [4, 4, 4]
  Shrink factors (level 3 out of 4): [2, 2, 2]
  Shrink factors (level 4 out of 4): [1, 1, 1]
  smoothing sigmas per level: [3, 2, 1, 0]
  regular sampling (percentage = 0.25)

*** Running Euler3DTransform registration ***

DIAGNOSTIC,Iteration,metricValue,convergenceValue,ITERATION_TIME_INDEX,SINCE_LAST
 2DIAGNOSTIC,     1, -5.238630234552e-01, 1.797693134862e+308, 6.9338e-01, 6.9338e-01, 
 2DIAGNOSTIC,     2, -5.257885820767e-01, 1.797693134862e+308, 6.9771e-01, 4.3299e-03, 
 2DIAGNOSTIC,     3, -5.278597554839e-01, 1.797693134862e+308, 7.0174e-01, 4.0290e-03, 
 2DIAGNOSTIC,     4, -5.302176117225e-01, 1.797693134862e+308, 7.0581e-01, 4.0710e-03, 
 2DIAGNOSTIC,     5, -5.343462816845e-01, 1.797693134862e+308, 7.0976e-01, 3.9451e-03, 
 2DIAGNOSTIC,     6, -5.399239396740e-01, 1.797693134862e+308, 7.1392e-01, 4.1630e-03, 
 2DIAGNOSTIC,     7, -5.490554822001e-01, 1.797693134862e+308, 7.1827e-01, 4.3471e-03, 
 2DIAGNOSTIC,     8, -5.545204224448e-01, 1.797693134862e+308, 7.2382e-01, 5.5571e-03, 
 2DIAGNOSTIC,     9, -5.601437715553e-01, 1.797693134862e+308, 7.2818e-01, 4.3540e-03, 
 2DIAGNOSTIC,    10, -5.617741193774e-01, 5.067640484485e-03, 7.3304e-01, 4.8602e-03, 
 2DIAGNOSTIC,    11, -5.649562249041e-01, 4.796539612083e-03, 7.3881e-01, 5.7671e-03, 
 2DIAGNOSTIC,    12, -5.658710903081e-01, 4.260783098155e-03, 7.4416e-01, 5.3539e-03, 
 2DIAGNOSTIC,    13, -5.662828333056e-01, 3.524744036645e-03, 7.4930e-01, 5.1398e-03, 
 2DIAGNOSTIC,    14, -5.685908474577e-01, 2.751340472953e-03, 7.5493e-01, 5.6269e-03, 
 2DIAGNOSTIC,    15, -5.732745043306e-01, 2.134644679428e-03, 7.6179e-01, 6.8629e-03, 
 2DIAGNOSTIC,    16, -5.738084427846e-01, 1.591333148337e-03, 7.6751e-01, 5.7199e-03, 
 2DIAGNOSTIC,    17, -5.739093703465e-01, 1.247363567741e-03, 7.7194e-01, 4.4289e-03, 
 2DIAGNOSTIC,    18, -5.745773598458e-01, 1.002163966317e-03, 7.7645e-01, 4.5121e-03, 
 2DIAGNOSTIC,    19, -5.752045522722e-01, 8.579763081918e-04, 7.8083e-01, 4.3771e-03, 
 2DIAGNOSTIC,    20, -5.755578777726e-01, 6.955845773855e-04, 7.8532e-01, 4.4940e-03, 
 2DIAGNOSTIC,    21, -5.761681227725e-01, 5.767135182675e-04, 7.8991e-01, 4.5919e-03, 
 2DIAGNOSTIC,    22, -5.775610178280e-01, 4.707067062499e-04, 7.9425e-01, 4.3321e-03, 
 2DIAGNOSTIC,    23, -5.801876522129e-01, 3.965856196706e-04, 7.9873e-01, 4.4889e-03, 
 2DIAGNOSTIC,    24, -5.873578871734e-01, 4.881452203274e-04, 8.0510e-01, 6.3691e-03, 
 2DIAGNOSTIC,    25, -5.924052233433e-01, 7.199711433665e-04, 8.1107e-01, 5.9671e-03, 
 2DIAGNOSTIC,    26, -5.933789722474e-01, 8.944842698115e-04, 8.1653e-01, 5.4600e-03, 
 2DIAGNOSTIC,    27, -5.948140362531e-01, 1.002036484243e-03, 8.2150e-01, 4.9741e-03, 
 2DIAGNOSTIC,    28, -5.954370004499e-01, 1.029952320677e-03, 8.2579e-01, 4.2899e-03, 
 2DIAGNOSTIC,    29, -5.955619965576e-01, 9.699000561209e-04, 8.3026e-01, 4.4670e-03, 
 2DIAGNOSTIC,    30, -5.960977142394e-01, 8.366692958531e-04, 8.3449e-01, 4.2329e-03, 
 2DIAGNOSTIC,    31, -5.971105016108e-01, 6.606986234401e-04, 8.3957e-01, 5.0800e-03, 
 2DIAGNOSTIC,    32, -5.989728413269e-01, 4.853112631964e-04, 8.4623e-01, 6.6562e-03, 
 2DIAGNOSTIC,    33, -5.996340170978e-01, 3.222359244997e-04, 8.5049e-01, 4.2560e-03, 
 2DIAGNOSTIC,    34, -5.997688324650e-01, 2.443793010378e-04, 8.5495e-01, 4.4661e-03, 
 2DIAGNOSTIC,    35, -5.999328162624e-01, 2.224308783325e-04, 8.6052e-01, 5.5690e-03, 
 2DIAGNOSTIC,    36, -6.001598298416e-01, 1.965988101911e-04, 8.6480e-01, 4.2751e-03, 
 2DIAGNOSTIC,    37, -6.004938012867e-01, 1.767006113574e-04, 8.6953e-01, 4.7331e-03, 
 2DIAGNOSTIC,    38, -6.008280010023e-01, 1.536048157631e-04, 8.7387e-01, 4.3390e-03, 
 2DIAGNOSTIC,    39, -6.038559363798e-01, 1.574331424891e-04, 8.7890e-01, 5.0280e-03, 
 2DIAGNOSTIC,    40, -6.077047305467e-01, 1.993081275222e-04, 8.8329e-01, 4.3931e-03, 
 2DIAGNOSTIC,    41, -6.174632689108e-01, 3.481386996034e-04, 8.8883e-01, 5.5439e-03, 
 2DIAGNOSTIC,    42, -6.161977741564e-01, 4.608905469167e-04, 8.9748e-01, 8.6470e-03, 
 2DIAGNOSTIC,    43, -6.161564378410e-01, 5.335367812033e-04, 9.0177e-01, 4.2861e-03, 
 2DIAGNOSTIC,    44, -6.170772089024e-01, 5.644816543432e-04, 9.0595e-01, 4.1850e-03, 
 2DIAGNOSTIC,    45, -6.185357169095e-01, 5.560471144198e-04, 9.1016e-01, 4.2119e-03, 
 2DIAGNOSTIC,    46, -6.206472537078e-01, 5.180554772227e-04, 9.1438e-01, 4.2140e-03, 
 2DIAGNOSTIC,    47, -6.234100388463e-01, 4.649602198859e-04, 9.1862e-01, 4.2470e-03, 
 2DIAGNOSTIC,    48, -6.282459750793e-01, 4.232183397946e-04, 9.2288e-01, 4.2510e-03, 
 2DIAGNOSTIC,    49, -6.332856982754e-01, 4.219355697294e-04, 9.2710e-01, 4.2279e-03, 
 2DIAGNOSTIC,    50, -6.437673401544e-01, 5.158704988094e-04, 9.3140e-01, 4.2920e-03, 
 2DIAGNOSTIC,    51, -6.567709940740e-01, 7.709776706144e-04, 9.3570e-01, 4.3011e-03, 
 2DIAGNOSTIC,    52, -6.630139262883e-01, 9.856119547096e-04, 9.4049e-01, 4.7970e-03, 
 2DIAGNOSTIC,    53, -6.637658024555e-01, 1.103855151993e-03, 9.4469e-01, 4.1919e-03, 
 2DIAGNOSTIC,    54, -6.646848103753e-01, 1.129224768019e-03, 9.4895e-01, 4.2610e-03, 
 2DIAGNOSTIC,    55, -6.699955054106e-01, 1.103370545817e-03, 9.5648e-01, 7.5381e-03, 
 2DIAGNOSTIC,    56, -6.720090102023e-01, 1.005090142332e-03, 9.6273e-01, 6.2442e-03, 
 2DIAGNOSTIC,    57, -6.720481863213e-01, 8.375241705010e-04, 9.6693e-01, 4.2009e-03, 
 2DIAGNOSTIC,    58, -6.725919692517e-01, 6.425667717438e-04, 9.7106e-01, 4.1301e-03, 
 2DIAGNOSTIC,    59, -6.729036444960e-01, 4.360796967235e-04, 9.7526e-01, 4.2040e-03, 
 2DIAGNOSTIC,    60, -6.731488756138e-01, 2.773044265861e-04, 9.7942e-01, 4.1568e-03, 
 2DIAGNOSTIC,    61, -6.734259096239e-01, 1.993310099470e-04, 9.8356e-01, 4.1418e-03, 
 2DIAGNOSTIC,    62, -6.739132146053e-01, 1.568959315765e-04, 9.8768e-01, 4.1158e-03, 
 2DIAGNOSTIC,    63, -6.762843256593e-01, 1.247261219808e-04, 9.9336e-01, 5.6832e-03, 
 2DIAGNOSTIC,    64, -6.766381587642e-01, 8.969329610407e-05, 9.9779e-01, 4.4310e-03, 
 2DIAGNOSTIC,    65, -6.771215220169e-01, 8.898259944018e-05, 1.0020e+00, 4.2078e-03, 
 2DIAGNOSTIC,    66, -6.778537243938e-01, 9.953397675097e-05, 1.0068e+00, 4.7581e-03, 
 2DIAGNOSTIC,    67, -6.792268271245e-01, 1.098306730605e-04, 1.0125e+00, 5.7790e-03, 
 2DIAGNOSTIC,    68, -6.807680890713e-01, 1.231389816604e-04, 1.0167e+00, 4.1840e-03, 
 2DIAGNOSTIC,    69, -6.815199650659e-01, 1.312164631760e-04, 1.0211e+00, 4.3850e-03, 
 2DIAGNOSTIC,    70, -6.818104837370e-01, 1.303111171903e-04, 1.0268e+00, 5.6670e-03, 
 2DIAGNOSTIC,    71, -6.820510305585e-01, 1.205024629938e-04, 1.0309e+00, 4.1330e-03, 
 2DIAGNOSTIC,    72, -6.822317026706e-01, 1.032403013034e-04, 1.0351e+00, 4.2090e-03, 
 2DIAGNOSTIC,    73, -6.825798778452e-01, 9.372205747921e-05, 1.0408e+00, 5.6779e-03, 
 2DIAGNOSTIC,    74, -6.826263901137e-01, 7.797267869709e-05, 1.0449e+00, 4.1511e-03, 
 2DIAGNOSTIC,    75, -6.826914518433e-01, 5.871088124114e-05, 1.0491e+00, 4.1242e-03, 
 2DIAGNOSTIC,    76, -6.828123254767e-01, 3.951645455174e-05, 1.0532e+00, 4.1008e-03, 
 2DIAGNOSTIC,    77, -6.832344914677e-01, 2.762799531547e-05, 1.0573e+00, 4.1680e-03, 
 2DIAGNOSTIC,    78, -6.838171750972e-01, 2.580774089577e-05, 1.0635e+00, 6.1269e-03, 
 2DIAGNOSTIC,    79, -6.837376329004e-01, 2.542009475481e-05, 1.0675e+00, 4.0848e-03, 
 2DIAGNOSTIC,    80, -6.837940946228e-01, 2.471284569284e-05, 1.0720e+00, 4.4239e-03, 
 2DIAGNOSTIC,    81, -6.839726461964e-01, 2.407027948130e-05, 1.0761e+00, 4.1292e-03, 
 2DIAGNOSTIC,    82, -6.841107719794e-01, 2.281045846026e-05, 1.0802e+00, 4.1339e-03, 
 2DIAGNOSTIC,    83, -6.851045916035e-01, 2.675733550152e-05, 1.0860e+00, 5.7421e-03, 
 2DIAGNOSTIC,    84, -6.858177562154e-01, 3.208763559405e-05, 1.0912e+00, 5.2049e-03, 
 2DIAGNOSTIC,    85, -6.861555556823e-01, 3.640301326888e-05, 1.0978e+00, 6.6049e-03, 
 2DIAGNOSTIC,    86, -6.861558502252e-01, 3.780091119386e-05, 1.1019e+00, 4.1339e-03, 
 2DIAGNOSTIC,    87, -6.861668671149e-01, 3.777681162838e-05, 1.1061e+00, 4.1549e-03, 
 2DIAGNOSTIC,    88, -6.861799173814e-01, 3.717413625457e-05, 1.1103e+00, 4.1850e-03, 
 2DIAGNOSTIC,    89, -6.861876076018e-01, 3.259275504514e-05, 1.1149e+00, 4.6291e-03, 
 2DIAGNOSTIC,    90, -6.861914255876e-01, 2.533784949573e-05, 1.1190e+00, 4.1370e-03, 
 2DIAGNOSTIC,    91, -6.861984144231e-01, 1.686219440613e-05, 1.1231e+00, 4.0781e-03, 
 2DIAGNOSTIC,    92, -6.862113129067e-01, 7.665943781246e-06, 1.1272e+00, 4.0870e-03, 
 2DIAGNOSTIC,    93, -6.862267082777e-01, 2.805771023143e-06, 1.1313e+00, 4.0801e-03, 
 2DIAGNOSTIC,    94, -6.862421168571e-01, 1.277013015779e-06, 1.1358e+00, 4.5710e-03, 
 2DIAGNOSTIC,    95, -6.863402581938e-01, 1.767252961148e-06, 1.1409e+00, 5.0960e-03, 
 2DIAGNOSTIC,    96, -6.863402244241e-01, 2.099844259787e-06, 1.1450e+00, 4.0829e-03, 
 2DIAGNOSTIC,    97, -6.863404719311e-01, 2.313325324119e-06, 1.1491e+00, 4.0560e-03, 
 2DIAGNOSTIC,    98, -6.863412443017e-01, 2.401639490755e-06, 1.1537e+00, 4.5841e-03, 
 2DIAGNOSTIC,    99, -6.863464999349e-01, 2.346232484077e-06, 1.1649e+00, 1.1267e-02, 
 2DIAGNOSTIC,   100, -6.863468011190e-01, 2.109900979003e-06, 1.1705e+00, 5.5909e-03, 
 2DIAGNOSTIC,   101, -6.863468087749e-01, 1.737924542647e-06, 1.1838e+00, 1.3280e-02, 
 2DIAGNOSTIC,   102, -6.863468087747e-01, 1.301694191934e-06, 1.1938e+00, 1.0031e-02, 
DIAGNOSTIC,Iteration,metricValue,convergenceValue,ITERATION_TIME_INDEX,SINCE_LAST
 2DIAGNOSTIC,     1, -5.582103010839e-01, 1.797693134862e+308, 1.9696e+00, 7.7581e-01, 
 2DIAGNOSTIC,     2, -5.585582463823e-01, 1.797693134862e+308, 2.0032e+00, 3.3517e-02, 
 2DIAGNOSTIC,     3, -5.591015728340e-01, 1.797693134862e+308, 2.0386e+00, 3.5468e-02, 
 2DIAGNOSTIC,     4, -5.597965222613e-01, 1.797693134862e+308, 2.0722e+00, 3.3545e-02, 
 2DIAGNOSTIC,     5, -5.608399915866e-01, 1.797693134862e+308, 2.1085e+00, 3.6364e-02, 
 2DIAGNOSTIC,     6, -5.612100687145e-01, 1.797693134862e+308, 2.1394e+00, 3.0862e-02, 
 2DIAGNOSTIC,     7, -5.624329060971e-01, 1.797693134862e+308, 2.1852e+00, 4.5776e-02, 
 2DIAGNOSTIC,     8, -5.635112619188e-01, 1.797693134862e+308, 2.2186e+00, 3.3378e-02, 
 2DIAGNOSTIC,     9, -5.652564217123e-01, 1.797693134862e+308, 2.2541e+00, 3.5538e-02, 
 2DIAGNOSTIC,    10, -5.660054397501e-01, 9.160356894542e-04, 2.2931e+00, 3.8991e-02, 
 2DIAGNOSTIC,    11, -5.660059217397e-01, 8.655897468413e-04, 2.3225e+00, 2.9402e-02, 
 2DIAGNOSTIC,    12, -5.662001488497e-01, 7.700123016899e-04, 2.3649e+00, 4.2442e-02, 
 2DIAGNOSTIC,    13, -5.662085918300e-01, 6.404960764754e-04, 2.3966e+00, 3.1713e-02, 
 2DIAGNOSTIC,    14, -5.661987962072e-01, 4.949496022304e-04, 2.4270e+00, 3.0395e-02, 
 2DIAGNOSTIC,    15, -5.661906362036e-01, 3.590027395041e-04, 2.4608e+00, 3.3807e-02, 
 2DIAGNOSTIC,    16, -5.662092502684e-01, 2.197791660765e-04, 2.5011e+00, 4.0231e-02, 
 2DIAGNOSTIC,    17, -5.661945639307e-01, 1.127699522212e-04, 2.5340e+00, 3.2945e-02, 
 2DIAGNOSTIC,    18, -5.661893906064e-01, 3.637358063023e-05, 2.5644e+00, 3.0430e-02, 
 2DIAGNOSTIC,    19, -5.661775243004e-01, 1.036890304692e-05, 2.5989e+00, 3.4422e-02, 
 2DIAGNOSTIC,    20, -5.661746459287e-01, 5.039400434968e-06, 2.6369e+00, 3.8063e-02, 
DIAGNOSTIC,Iteration,metricValue,convergenceValue,ITERATION_TIME_INDEX,SINCE_LAST
 2DIAGNOSTIC,     1, -5.037803014307e-01, 1.797693134862e+308, 3.7447e+00, 1.1078e+00, 
 2DIAGNOSTIC,     2, -5.039643429242e-01, 1.797693134862e+308, 3.9552e+00, 2.1049e-01, 
 2DIAGNOSTIC,     3, -5.041156453402e-01, 1.797693134862e+308, 4.1490e+00, 1.9378e-01, 
 2DIAGNOSTIC,     4, -5.042291588676e-01, 1.797693134862e+308, 4.3384e+00, 1.8944e-01, 
 2DIAGNOSTIC,     5, -5.042823100916e-01, 1.797693134862e+308, 4.5921e+00, 2.5369e-01, 
 2DIAGNOSTIC,     6, -5.043216779721e-01, 1.797693134862e+308, 4.8080e+00, 2.1591e-01, 
 2DIAGNOSTIC,     7, -5.043287371704e-01, 1.797693134862e+308, 5.0215e+00, 2.1346e-01, 
 2DIAGNOSTIC,     8, -5.043406977980e-01, 1.797693134862e+308, 5.2742e+00, 2.5271e-01, 
 2DIAGNOSTIC,     9, -5.043779195192e-01, 1.797693134862e+308, 5.5227e+00, 2.4847e-01, 
 2DIAGNOSTIC,    10, -5.044055932355e-01, 7.068593741205e-05, 5.9169e+00, 3.9420e-01, 
 2DIAGNOSTIC,    11, -5.044046387213e-01, 4.524091758951e-05, 6.1921e+00, 2.7517e-01, 
 2DIAGNOSTIC,    12, -5.044033484228e-01, 2.875677160846e-05, 6.4655e+00, 2.7340e-01, 
 2DIAGNOSTIC,    13, -5.044016986530e-01, 1.885979885981e-05, 6.7115e+00, 2.4603e-01, 
 2DIAGNOSTIC,    14, -5.044008984637e-01, 1.335573326748e-05, 6.9282e+00, 2.1676e-01, 
 2DIAGNOSTIC,    15, -5.044001860448e-01, 9.488998262586e-06, 7.1570e+00, 2.2873e-01, 
 2DIAGNOSTIC,    16, -5.044005587047e-01, 6.845759632737e-06, 7.4139e+00, 2.5689e-01, 
 2DIAGNOSTIC,    17, -5.044009947963e-01, 4.333335141653e-06, 7.6655e+00, 2.5161e-01, 
 2DIAGNOSTIC,    18, -5.043995373512e-01, 2.178604038575e-06, 7.9232e+00, 2.5773e-01, 
 2DIAGNOSTIC,    19, -5.043979112473e-01, 1.246196192219e-06, 8.1488e+00, 2.2563e-01, 
 2DIAGNOSTIC,    20, -5.043973602164e-01, 1.212093766523e-06, 8.3782e+00, 2.2940e-01, 
 2DIAGNOSTIC,    21, -5.043998088849e-01, 1.255839385643e-06, 8.5954e+00, 2.1721e-01, 
 2DIAGNOSTIC,    22, -5.044015819544e-01, 1.330112213649e-06, 8.8598e+00, 2.6437e-01, 
 2DIAGNOSTIC,    23, -5.044011264135e-01, 1.357670559587e-06, 9.1233e+00, 2.6354e-01, 
 2DIAGNOSTIC,    24, -5.044008150636e-01, 1.362549096995e-06, 9.3704e+00, 2.4706e-01, 
 2DIAGNOSTIC,    25, -5.044002407854e-01, 1.334774998557e-06, 9.6745e+00, 3.0411e-01, 
 2DIAGNOSTIC,    26, -5.044003965759e-01, 1.312634257962e-06, 9.9262e+00, 2.5172e-01, 
 2DIAGNOSTIC,    27, -5.043987513415e-01, 1.257667011166e-06, 1.0176e+01, 2.5008e-01, 
 2DIAGNOSTIC,    28, -5.043971448012e-01, 1.139924808109e-06, 1.0394e+01, 2.1723e-01, 
DIAGNOSTIC,Iteration,metricValue,convergenceValue,ITERATION_TIME_INDEX,SINCE_LAST
 2DIAGNOSTIC,     1, -4.670490592572e-01, 1.797693134862e+308, 1.3031e+01, 2.6374e+00, 
 2DIAGNOSTIC,     2, -4.672024497839e-01, 1.797693134862e+308, 1.5132e+01, 2.1014e+00, 
 2DIAGNOSTIC,     3, -4.672025124555e-01, 1.797693134862e+308, 1.7069e+01, 1.9364e+00, 
 2DIAGNOSTIC,     4, -4.672024607421e-01, 1.797693134862e+308, 1.9572e+01, 2.5028e+00, 
 2DIAGNOSTIC,     5, -4.672023187452e-01, 1.797693134862e+308, 2.1507e+01, 1.9357e+00, 
 2DIAGNOSTIC,     6, -4.672023055099e-01, 1.797693134862e+308, 2.5964e+01, 4.4570e+00, 
 2DIAGNOSTIC,     7, -4.672023055095e-01, 1.797693134862e+308, 2.9965e+01, 4.0006e+00, 
 2DIAGNOSTIC,     8, -4.672023055095e-01, 1.797693134862e+308, 3.1511e+01, 1.5466e+00, 
 2DIAGNOSTIC,     9, -4.672023055095e-01, 1.797693134862e+308, 3.3235e+01, 1.7236e+00, 
 2DIAGNOSTIC,    10, -4.672023055095e-01, 1.248269523477e-05, 3.4712e+01, 1.4769e+00, 
 2DIAGNOSTIC,    11, -4.672023055095e-01, 2.867550149291e-06, 3.6429e+01, 1.7172e+00, 
 2DIAGNOSTIC,    12, -4.672023055095e-01, 2.633062668247e-06, 3.8158e+01, 1.7291e+00, 
 2DIAGNOSTIC,    13, -4.672023055095e-01, 2.439173477753e-06, 3.9757e+01, 1.5986e+00, 
 2DIAGNOSTIC,    14, -4.672023055095e-01, 2.271615262103e-06, 4.1377e+01, 1.6199e+00, 
 2DIAGNOSTIC,    15, -4.672023055095e-01, 2.120707727427e-06, 4.2891e+01, 1.5138e+00, 
 2DIAGNOSTIC,    16, -4.672023055095e-01, 1.988160802588e-06, 4.4557e+01, 1.6669e+00, 
 2DIAGNOSTIC,    17, -4.672023055095e-01, 1.871207918273e-06, 4.6067e+01, 1.5095e+00, 
 2DIAGNOSTIC,    18, -4.672023055095e-01, 1.767250034909e-06, 4.7656e+01, 1.5886e+00, 
 2DIAGNOSTIC,    19, -4.672023055095e-01, 1.674235274828e-06, 4.9018e+01, 1.3620e+00, 
 2DIAGNOSTIC,    20, -4.672023055095e-01, 1.590522142846e-06, 5.1335e+01, 2.3172e+00, 
 2DIAGNOSTIC,    21, -4.672023055095e-01, 1.514781814212e-06, 5.3155e+01, 1.8198e+00, 
 2DIAGNOSTIC,    22, -4.672023055095e-01, 1.445927072255e-06, 5.4890e+01, 1.7354e+00, 
 2DIAGNOSTIC,    23, -4.672023055095e-01, 1.383059784289e-06, 5.6613e+01, 1.7228e+00, 
 2DIAGNOSTIC,    24, -4.672023055095e-01, 1.325431508374e-06, 5.8014e+01, 1.4015e+00, 
 2DIAGNOSTIC,    25, -4.672023055095e-01, 1.272413554750e-06, 5.9767e+01, 1.7525e+00, 
 2DIAGNOSTIC,    26, -4.672023055095e-01, 1.223473956535e-06, 6.1373e+01, 1.6059e+00, 
 2DIAGNOSTIC,    27, -4.672023055095e-01, 1.178159557677e-06, 6.2948e+01, 1.5753e+00, 
 2DIAGNOSTIC,    28, -4.672023055095e-01, 1.136081939357e-06, 6.4543e+01, 1.5952e+00, 
 2DIAGNOSTIC,    29, -4.672023055095e-01, 1.096906258477e-06, 6.6051e+01, 1.5080e+00, 
 2DIAGNOSTIC,    30, -4.672023055095e-01, 1.060342318115e-06, 6.8511e+01, 2.4594e+00, 
 2DIAGNOSTIC,    31, -4.672023055095e-01, 1.026137366536e-06, 7.0139e+01, 1.6283e+00, 
  Elapsed time (stage 0): 7.1060e+01


Total elapsed time: 7.1063e+01
Info [verificarlo]: loaded backend libinterflop_ieee.so
Info [interflop-ieee]: load backend with:
Info [interflop-ieee]: debug = false
Info [interflop-ieee]: debug-binary = false
Info [interflop-ieee]: no-backend-name = false
Info [interflop-ieee]: print-new-line = false
Info [interflop-ieee]: print-subnormal-normalized = false
Info [interflop-ieee]: count-op = false
All_Command_lines_OK
Using double precision for computations.
=============================================================================
The composite transform comprises the following transforms (in order): 
  1. /home/mdugre/scratch/mri-registration-rp/datasets/ds004513/derivatives/mri-registration-rp/0001/antsRegistration-r7-p17/sub-s035/rigid_Composite.h5[0] (type = Euler3DTransform)
  2. /home/mdugre/scratch/mri-registration-rp/datasets/ds004513/derivatives/mri-registration-rp/0001/antsRegistration-r7-p17/sub-s035/rigid_Composite.h5[1] (type = Euler3DTransform)
  3. /home/mdugre/scratch/mri-registration-rp/datasets/ds004513/derivatives/mri-registration-rp/0001/antsRegistration-r7-p17/sub-s035/rigid_Composite.h5[2] (type = Euler3DTransform)
=============================================================================
  number of levels = 4
  fixed image: /templateflow/tpl-MNI152NLin2009cAsym/tpl-MNI152NLin2009cAsym_res-01_desc-brain_T1w.nii.gz
  moving image: /home/mdugre/scratch/mri-registration-rp/datasets/ds004513/derivatives/mri-registration-rp/antsBrainExtraction/sub-s035/BrainExtractionBrain.nii.gz
Dimension = 3
Number of stages = 1
Use histogram matching = false
Winsorize image intensities = true
  Lower quantile = 0.005
  Upper quantile = 0.995


Stage 1 State
   Image metric = MattesMI
     Fixed image = Image (0x36a37e0)
  RTTI typeinfo:   itk::Image<double, 3u>
  Reference Count: 2
  Modified Time: 1592
  Debug: Off
  Object Name: 
  Observers: 
    none
  Source: (none)
  Source output name: (none)
  Release Data: Off
  Data Released: False
  Global Release Data: Off
  PipelineMTime: 0
  UpdateMTime: 1203
  RealTimeStamp: 0 seconds 
  LargestPossibleRegion: 
    Dimension: 3
    Index: [0, 0, 0]
    Size: [193, 229, 193]
  BufferedRegion: 
    Dimension: 3
    Index: [0, 0, 0]
    Size: [193, 229, 193]
  RequestedRegion: 
    Dimension: 3
    Index: [0, 0, 0]
    Size: [193, 229, 193]
  Spacing: [1, 1, 1]
  Origin: [96, 132, -78]
  Direction: 
-1 0 0
0 -1 0
0 0 1

  IndexToPointMatrix: 
-1 0 0
0 -1 0
0 0 1

  PointToIndexMatrix: 
-1 0 0
0 -1 0
0 0 1

  Inverse Direction: 
-1 0 0
0 -1 0
0 0 1

  PixelContainer: 
    ImportImageContainer (0x3763a20)
      RTTI typeinfo:   itk::ImportImageContainer<unsigned long, double>
      Reference Count: 1
      Modified Time: 1200
      Debug: Off
      Object Name: 
      Observers: 
        none
      Pointer: 0x1501c6abc010
      Container manages memory: true
      Size: 8530021
      Capacity: 8530021

     Moving image = Image (0x375ed70)
  RTTI typeinfo:   itk::Image<double, 3u>
  Reference Count: 2
  Modified Time: 1593
  Debug: Off
  Object Name: 
  Observers: 
    none
  Source: (none)
  Source output name: (none)
  Release Data: Off
  Data Released: False
  Global Release Data: Off
  PipelineMTime: 0
  UpdateMTime: 1590
  RealTimeStamp: 0 seconds 
  LargestPossibleRegion: 
    Dimension: 3
    Index: [0, 0, 0]
    Size: [160, 240, 256]
  BufferedRegion: 
    Dimension: 3
    Index: [0, 0, 0]
    Size: [160, 240, 256]
  RequestedRegion: 
    Dimension: 3
    Index: [0, 0, 0]
    Size: [160, 240, 256]
  Spacing: [1, 1, 1]
  Origin: [98.6438, 87.6358, -117.989]
  Direction: 
-0.993515 -0.100993 -0.0522355
0.100854 -0.994887 0.00530255
-0.0525039 1.93537e-08 0.998621

  IndexToPointMatrix: 
-0.993515 -0.100993 -0.0522355
0.100854 -0.994887 0.00530255
-0.0525039 1.93537e-08 0.998621

  PointToIndexMatrix: 
-0.993515 0.100854 -0.0525039
-0.100993 -0.994887 1.93006e-08
-0.0522355 0.00530255 0.998621

  Inverse Direction: 
-0.993515 0.100854 -0.0525039
-0.100993 -0.994887 1.93006e-08
-0.0522355 0.00530255 0.998621

  PixelContainer: 
    ImportImageContainer (0x3716c90)
      RTTI typeinfo:   itk::ImportImageContainer<unsigned long, double>
      Reference Count: 1
      Modified Time: 1587
      Debug: Off
      Object Name: 
      Observers: 
        none
      Pointer: 0x1501c1fbb010
      Container manages memory: true
      Size: 9830400
      Capacity: 9830400

     Weighting = 1
     Sampling strategy = regular
     Number of bins = 32
     Radius = 4
     Sampling percentage  = 0.25
   Transform = Affine
     Gradient step = 0.1
     Update field sigma (voxel space) = 0
     Total field sigma (voxel space) = 0
     Update field time sigma = 0
     Total field time sigma  = 0
     Number of time indices = 0
     Number of time point samples = 0
Registration using 1 total stages.

Stage 0
  iterations = 1000x500x250x100
  convergence threshold = 1e-06
  convergence window size = 10
  number of levels = 4
  using the Mattes MI metric (number of bins = 32, weight = 1, use gradient filter = 0)
  preprocessing:  winsorizing the image intensities
  Shrink factors (level 1 out of 4): [8, 8, 8]
  Shrink factors (level 2 out of 4): [4, 4, 4]
  Shrink factors (level 3 out of 4): [2, 2, 2]
  Shrink factors (level 4 out of 4): [1, 1, 1]
  smoothing sigmas per level: [3, 2, 1, 0]
  regular sampling (percentage = 0.25)

*** Running AffineTransform registration ***

DIAGNOSTIC,Iteration,metricValue,convergenceValue,ITERATION_TIME_INDEX,SINCE_LAST
 2DIAGNOSTIC,     1, -6.785495604195e-01, 1.797693134862e+308, 7.0270e-01, 7.0270e-01, 
 2DIAGNOSTIC,     2, -6.807704345535e-01, 1.797693134862e+308, 7.0752e-01, 4.8239e-03, 
 2DIAGNOSTIC,     3, -6.848803265193e-01, 1.797693134862e+308, 7.1174e-01, 4.2140e-03, 
 2DIAGNOSTIC,     4, -6.929248704669e-01, 1.797693134862e+308, 7.1600e-01, 4.2639e-03, 
 2DIAGNOSTIC,     5, -7.029092761817e-01, 1.797693134862e+308, 7.2019e-01, 4.1838e-03, 
 2DIAGNOSTIC,     6, -7.149142501626e-01, 1.797693134862e+308, 7.2440e-01, 4.2169e-03, 
 2DIAGNOSTIC,     7, -7.301368796580e-01, 1.797693134862e+308, 7.2941e-01, 5.0089e-03, 
 2DIAGNOSTIC,     8, -7.372765230370e-01, 1.797693134862e+308, 7.3443e-01, 5.0209e-03, 
 2DIAGNOSTIC,     9, -7.380825001361e-01, 1.797693134862e+308, 7.3942e-01, 4.9841e-03, 
 2DIAGNOSTIC,    10, -7.376599774932e-01, 6.622769288920e-03, 7.4632e-01, 6.8989e-03, 
 2DIAGNOSTIC,    11, -7.379049889694e-01, 5.570636352771e-03, 7.5162e-01, 5.3000e-03, 
 2DIAGNOSTIC,    12, -7.378836704303e-01, 4.268640342754e-03, 7.5637e-01, 4.7538e-03, 
 2DIAGNOSTIC,    13, -7.377872650887e-01, 2.908305990144e-03, 7.6060e-01, 4.2300e-03, 
 2DIAGNOSTIC,    14, -7.377699170983e-01, 1.713471611338e-03, 7.6525e-01, 4.6558e-03, 
 2DIAGNOSTIC,    15, -7.379601843663e-01, 7.930931937178e-04, 7.7000e-01, 4.7429e-03, 
 2DIAGNOSTIC,    16, -7.377236100698e-01, 1.998167524664e-04, 7.7497e-01, 4.9679e-03, 
 2DIAGNOSTIC,    17, -7.377573785229e-01, 8.849055934138e-06, 7.8009e-01, 5.1219e-03, 
DIAGNOSTIC,Iteration,metricValue,convergenceValue,ITERATION_TIME_INDEX,SINCE_LAST
 2DIAGNOSTIC,     1, -6.090336344239e-01, 1.797693134862e+308, 1.5344e+00, 7.5435e-01, 
 2DIAGNOSTIC,     2, -6.092374491610e-01, 1.797693134862e+308, 1.5676e+00, 3.3147e-02, 
 2DIAGNOSTIC,     3, -6.096519479774e-01, 1.797693134862e+308, 1.6036e+00, 3.5990e-02, 
 2DIAGNOSTIC,     4, -6.101705919236e-01, 1.797693134862e+308, 1.6401e+00, 3.6483e-02, 
 2DIAGNOSTIC,     5, -6.105495811311e-01, 1.797693134862e+308, 1.6777e+00, 3.7619e-02, 
 2DIAGNOSTIC,     6, -6.106002260288e-01, 1.797693134862e+308, 1.7106e+00, 3.2973e-02, 
 2DIAGNOSTIC,     7, -6.107282583797e-01, 1.797693134862e+308, 1.7478e+00, 3.7143e-02, 
 2DIAGNOSTIC,     8, -6.108514693526e-01, 1.797693134862e+308, 1.7965e+00, 4.8746e-02, 
 2DIAGNOSTIC,     9, -6.108398889003e-01, 1.797693134862e+308, 1.8415e+00, 4.4955e-02, 
 2DIAGNOSTIC,    10, -6.108491848172e-01, 2.046725751339e-04, 1.8792e+00, 3.7685e-02, 
 2DIAGNOSTIC,    11, -6.108455170250e-01, 1.420053550254e-04, 1.9130e+00, 3.3791e-02, 
 2DIAGNOSTIC,    12, -6.108421597297e-01, 8.501062422768e-05, 1.9538e+00, 4.0874e-02, 
 2DIAGNOSTIC,    13, -6.108561669799e-01, 4.428058022043e-05, 1.9909e+00, 3.7016e-02, 
 2DIAGNOSTIC,    14, -6.108455280870e-01, 2.217019027105e-05, 2.0280e+00, 3.7164e-02, 
 2DIAGNOSTIC,    15, -6.108446321424e-01, 1.300392493352e-05, 2.0654e+00, 3.7383e-02, 
 2DIAGNOSTIC,    16, -6.108453858770e-01, 5.417548234021e-06, 2.0990e+00, 3.3591e-02, 
 2DIAGNOSTIC,    17, -6.108533676901e-01, 2.031705146399e-06, 2.1477e+00, 4.8738e-02, 
 2DIAGNOSTIC,    18, -6.108462628337e-01, 2.009495836189e-06, 2.1859e+00, 3.8152e-02, 
 2DIAGNOSTIC,    19, -6.108402961563e-01, 1.539219922984e-06, 2.2245e+00, 3.8606e-02, 
 2DIAGNOSTIC,    20, -6.108252702331e-01, 1.008315366362e-06, 2.2572e+00, 3.2668e-02, 
DIAGNOSTIC,Iteration,metricValue,convergenceValue,ITERATION_TIME_INDEX,SINCE_LAST
 2DIAGNOSTIC,     1, -5.342062775139e-01, 1.797693134862e+308, 3.3564e+00, 1.0992e+00, 
 2DIAGNOSTIC,     2, -5.345568997572e-01, 1.797693134862e+308, 3.6182e+00, 2.6180e-01, 
 2DIAGNOSTIC,     3, -5.349612138731e-01, 1.797693134862e+308, 3.8834e+00, 2.6523e-01, 
 2DIAGNOSTIC,     4, -5.351824057737e-01, 1.797693134862e+308, 4.1391e+00, 2.5568e-01, 
 2DIAGNOSTIC,     5, -5.352464080337e-01, 1.797693134862e+308, 4.4346e+00, 2.9545e-01, 
 2DIAGNOSTIC,     6, -5.352515260664e-01, 1.797693134862e+308, 4.6743e+00, 2.3969e-01, 
 2DIAGNOSTIC,     7, -5.352803127725e-01, 1.797693134862e+308, 4.9403e+00, 2.6609e-01, 
 2DIAGNOSTIC,     8, -5.353156380091e-01, 1.797693134862e+308, 5.2330e+00, 2.9266e-01, 
 2DIAGNOSTIC,     9, -5.353654745278e-01, 1.797693134862e+308, 5.5194e+00, 2.8643e-01, 
 2DIAGNOSTIC,    10, -5.354176163197e-01, 1.207314844105e-04, 5.8713e+00, 3.5183e-01, 
 2DIAGNOSTIC,    11, -5.354847778579e-01, 7.494089105936e-05, 6.1606e+00, 2.8928e-01, 
 2DIAGNOSTIC,    12, -5.355425885481e-01, 4.800442139127e-05, 6.4664e+00, 3.0585e-01, 
 2DIAGNOSTIC,    13, -5.358076884769e-01, 4.820327435293e-05, 6.7550e+00, 2.8858e-01, 
 2DIAGNOSTIC,    14, -5.361409840047e-01, 6.493193550937e-05, 7.2739e+00, 5.1889e-01, 
 2DIAGNOSTIC,    15, -5.361534117042e-01, 7.620189476054e-05, 7.5880e+00, 3.1414e-01, 
 2DIAGNOSTIC,    16, -5.361498106564e-01, 7.954610525066e-05, 7.9190e+00, 3.3101e-01, 
 2DIAGNOSTIC,    17, -5.361503202577e-01, 7.639352380663e-05, 8.2355e+00, 3.1649e-01, 
 2DIAGNOSTIC,    18, -5.361430729520e-01, 6.737366603526e-05, 8.5459e+00, 3.1043e-01, 
 2DIAGNOSTIC,    19, -5.361449659575e-01, 5.449579363950e-05, 8.8737e+00, 3.2780e-01, 
 2DIAGNOSTIC,    20, -5.361451951872e-01, 3.942905830012e-05, 9.2031e+00, 3.2935e-01, 
 2DIAGNOSTIC,    21, -5.361437810883e-01, 2.410969178913e-05, 9.4658e+00, 2.6268e-01, 
 2DIAGNOSTIC,    22, -5.361424601078e-01, 9.358593721684e-06, 9.7294e+00, 2.6357e-01, 
 2DIAGNOSTIC,    23, -5.361410373656e-01, 1.019292537305e-06, 1.0002e+01, 2.7219e-01, 
DIAGNOSTIC,Iteration,metricValue,convergenceValue,ITERATION_TIME_INDEX,SINCE_LAST
 2DIAGNOSTIC,     1, -4.910691230321e-01, 1.797693134862e+308, 1.3319e+01, 3.3171e+00, 
 2DIAGNOSTIC,     2, -4.914500914166e-01, 1.797693134862e+308, 1.5368e+01, 2.0497e+00, 
 2DIAGNOSTIC,     3, -4.918064281940e-01, 1.797693134862e+308, 1.7423e+01, 2.0550e+00, 
 2DIAGNOSTIC,     4, -4.920781733316e-01, 1.797693134862e+308, 1.9388e+01, 1.9643e+00, 
 2DIAGNOSTIC,     5, -4.922443930143e-01, 1.797693134862e+308, 2.1588e+01, 2.2002e+00, 
 2DIAGNOSTIC,     6, -4.924463014401e-01, 1.797693134862e+308, 2.3887e+01, 2.2989e+00, 
 2DIAGNOSTIC,     7, -4.926596645335e-01, 1.797693134862e+308, 2.6692e+01, 2.8048e+00, 
 2DIAGNOSTIC,     8, -4.926592114023e-01, 1.797693134862e+308, 2.9027e+01, 2.3355e+00, 
 2DIAGNOSTIC,     9, -4.926612837754e-01, 1.797693134862e+308, 3.1260e+01, 2.2332e+00, 
 2DIAGNOSTIC,    10, -4.926618001246e-01, 2.084308498304e-04, 3.3195e+01, 1.9347e+00, 
 2DIAGNOSTIC,    11, -4.926606152156e-01, 1.391661434748e-04, 3.5142e+01, 1.9471e+00, 
 2DIAGNOSTIC,    12, -4.926602960384e-01, 8.714214873216e-05, 3.7273e+01, 2.1304e+00, 
 2DIAGNOSTIC,    13, -4.926600109554e-01, 5.116566269482e-05, 3.9309e+01, 2.0360e+00, 
 2DIAGNOSTIC,    14, -4.926602657149e-01, 2.716895896293e-05, 4.1248e+01, 1.9399e+00, 
 2DIAGNOSTIC,    15, -4.926611797581e-01, 1.040811385247e-05, 4.3382e+01, 2.1340e+00, 
 2DIAGNOSTIC,    16, -4.926616570603e-01, 2.065442467947e-06, 4.5479e+01, 2.0968e+00, 
 2DIAGNOSTIC,    17, -4.926614973131e-01, 1.939017124600e-06, 4.7370e+01, 1.8903e+00, 
 2DIAGNOSTIC,    18, -4.926610989049e-01, 1.791818829477e-06, 4.9077e+01, 1.7073e+00, 
