
##########################
# Experiment information #
##########################

EXPERIMENT_NAME: antsRegistration-r8-p17
VFC_BACKENDS: libinterflop_vprec.so --range-binary32=8 --precision-binary32=17 --range-binary64=8 --precision-binary64=17

SIF_IMG: /home/mdugre/projects/rrg-glatard/mdugre/containers/ants-vprec-no_metrics.simg

SUBJECT_ID: s032
INPUT_IMG: /home/mdugre/scratch/mri-registration-rp/datasets/ds004513/derivatives/mri-registration-rp/antsBrainExtraction/sub-s032/BrainExtractionBrain.nii.gz
OUTPUT_DIR: /home/mdugre/scratch/mri-registration-rp/datasets/ds004513/derivatives/mri-registration-rp/0001/antsRegistration-r8-p17/sub-s032

FIXED_IMG: /templateflow/tpl-MNI152NLin2009cAsym/tpl-MNI152NLin2009cAsym_res-01_desc-brain_T1w.nii.gz
DATA_DIR: /home/mdugre/scratch/mri-registration-rp/datasets/ds004513
TEMPLATEFLOW_DIR: /home/mdugre/projects/rrg-glatard/mdugre/templateflow
ITK_GLOBAL_DEFAULT_NUMBER_OF_THREADS: 16
##########################

Info [verificarlo]: loaded backend libinterflop_ieee.so
Info [interflop-ieee]: load backend with:
Info [interflop-ieee]: debug = false
Info [interflop-ieee]: debug-binary = false
Info [interflop-ieee]: no-backend-name = false
Info [interflop-ieee]: print-new-line = false
Info [interflop-ieee]: print-subnormal-normalized = false
Info [interflop-ieee]: count-op = false
All_Command_lines_OK
Using double precision for computations.
=============================================================================
The composite transform comprises the following transforms (in order): 
  1. Center of mass alignment using fixed image: /templateflow/tpl-MNI152NLin2009cAsym/tpl-MNI152NLin2009cAsym_res-01_desc-brain_T1w.nii.gz and moving image: /home/mdugre/scratch/mri-registration-rp/datasets/ds004513/derivatives/mri-registration-rp/antsBrainExtraction/sub-s032/BrainExtractionBrain.nii.gz (type = Euler3DTransform)
=============================================================================
  number of levels = 1
  fixed image: /templateflow/tpl-MNI152NLin2009cAsym/tpl-MNI152NLin2009cAsym_res-01_desc-brain_T1w.nii.gz
  moving image: /home/mdugre/scratch/mri-registration-rp/datasets/ds004513/derivatives/mri-registration-rp/antsBrainExtraction/sub-s032/BrainExtractionBrain.nii.gz
Dimension = 3
Number of stages = 1
Use histogram matching = false
Winsorize image intensities = true
  Lower quantile = 0.005
  Upper quantile = 0.995


Stage 1 State
   Image metric = MattesMI
     Fixed image = Image (0x43c3e70)
  RTTI typeinfo:   itk::Image<double, 3u>
  Reference Count: 2
  Modified Time: 2330
  Debug: Off
  Object Name: 
  Observers: 
    none
  Source: (none)
  Source output name: (none)
  Release Data: Off
  Data Released: False
  Global Release Data: Off
  PipelineMTime: 0
  UpdateMTime: 1941
  RealTimeStamp: 0 seconds 
  LargestPossibleRegion: 
    Dimension: 3
    Index: [0, 0, 0]
    Size: [193, 229, 193]
  BufferedRegion: 
    Dimension: 3
    Index: [0, 0, 0]
    Size: [193, 229, 193]
  RequestedRegion: 
    Dimension: 3
    Index: [0, 0, 0]
    Size: [193, 229, 193]
  Spacing: [1, 1, 1]
  Origin: [96, 132, -78]
  Direction: 
-1 0 0
0 -1 0
0 0 1

  IndexToPointMatrix: 
-1 0 0
0 -1 0
0 0 1

  PointToIndexMatrix: 
-1 0 0
0 -1 0
0 0 1

  Inverse Direction: 
-1 0 0
0 -1 0
0 0 1

  PixelContainer: 
    ImportImageContainer (0x43ccc60)
      RTTI typeinfo:   itk::ImportImageContainer<unsigned long, double>
      Reference Count: 1
      Modified Time: 1938
      Debug: Off
      Object Name: 
      Observers: 
        none
      Pointer: 0x14a6131fb010
      Container manages memory: true
      Size: 8530021
      Capacity: 8530021

     Moving image = Image (0x4460ec0)
  RTTI typeinfo:   itk::Image<double, 3u>
  Reference Count: 2
  Modified Time: 2331
  Debug: Off
  Object Name: 
  Observers: 
    none
  Source: (none)
  Source output name: (none)
  Release Data: Off
  Data Released: False
  Global Release Data: Off
  PipelineMTime: 0
  UpdateMTime: 2328
  RealTimeStamp: 0 seconds 
  LargestPossibleRegion: 
    Dimension: 3
    Index: [0, 0, 0]
    Size: [160, 240, 256]
  BufferedRegion: 
    Dimension: 3
    Index: [0, 0, 0]
    Size: [160, 240, 256]
  RequestedRegion: 
    Dimension: 3
    Index: [0, 0, 0]
    Size: [160, 240, 256]
  Spacing: [1, 1, 1]
  Origin: [73.279, 104.707, -131.187]
  Direction: 
-0.997527 0.0645574 -0.0278053
-0.0645323 -0.997914 -0.00179875
-0.0278634 4.01097e-08 0.999612

  IndexToPointMatrix: 
-0.997527 0.0645574 -0.0278053
-0.0645323 -0.997914 -0.00179875
-0.0278634 4.01097e-08 0.999612

  PointToIndexMatrix: 
-0.997527 -0.0645323 -0.0278634
0.0645574 -0.997914 4.01049e-08
-0.0278053 -0.00179875 0.999612

  Inverse Direction: 
-0.997527 -0.0645323 -0.0278634
0.0645574 -0.997914 4.01049e-08
-0.0278053 -0.00179875 0.999612

  PixelContainer: 
    ImportImageContainer (0x44f8610)
      RTTI typeinfo:   itk::ImportImageContainer<unsigned long, double>
      Reference Count: 1
      Modified Time: 2325
      Debug: Off
      Object Name: 
      Observers: 
        none
      Pointer: 0x14a60e6fa010
      Container manages memory: true
      Size: 9830400
      Capacity: 9830400

     Weighting = 1
     Sampling strategy = regular
     Number of bins = 32
     Radius = 4
     Sampling percentage  = 0.25
   Transform = Rigid
     Gradient step = 0.1
     Update field sigma (voxel space) = 0
     Total field sigma (voxel space) = 0
     Update field time sigma = 0
     Total field time sigma  = 0
     Number of time indices = 0
     Number of time point samples = 0
Registration using 1 total stages.

Stage 0
  iterations = 0
  convergence threshold = 1e-06
  convergence window size = 10
  number of levels = 1
  using the Mattes MI metric (number of bins = 32, weight = 1, use gradient filter = 0)
  preprocessing:  winsorizing the image intensities
  Shrink factors (level 1 out of 1): [1, 1, 1]
  smoothing sigmas per level: [0]
  regular sampling (percentage = 0.25)

*** Running Euler3DTransform registration ***

  Elapsed time (stage 0): 1.09788


Total elapsed time: 1.10003
Info [verificarlo]: loaded backend libinterflop_ieee.so
Info [interflop-ieee]: load backend with:
Info [interflop-ieee]: debug = false
Info [interflop-ieee]: debug-binary = false
Info [interflop-ieee]: no-backend-name = false
Info [interflop-ieee]: print-new-line = false
Info [interflop-ieee]: print-subnormal-normalized = false
Info [interflop-ieee]: count-op = false
All_Command_lines_OK
Using double precision for computations.
=============================================================================
The composite transform comprises the following transforms (in order): 
  1. /home/mdugre/scratch/mri-registration-rp/datasets/ds004513/derivatives/mri-registration-rp/0001/antsRegistration-r8-p17/sub-s032/align_Composite.h5[0] (type = Euler3DTransform)
  2. /home/mdugre/scratch/mri-registration-rp/datasets/ds004513/derivatives/mri-registration-rp/0001/antsRegistration-r8-p17/sub-s032/align_Composite.h5[1] (type = Euler3DTransform)
=============================================================================
  number of levels = 4
  fixed image: /templateflow/tpl-MNI152NLin2009cAsym/tpl-MNI152NLin2009cAsym_res-01_desc-brain_T1w.nii.gz
  moving image: /home/mdugre/scratch/mri-registration-rp/datasets/ds004513/derivatives/mri-registration-rp/antsBrainExtraction/sub-s032/BrainExtractionBrain.nii.gz
Dimension = 3
Number of stages = 1
Use histogram matching = false
Winsorize image intensities = true
  Lower quantile = 0.005
  Upper quantile = 0.995


Stage 1 State
   Image metric = MattesMI
     Fixed image = Image (0x3cd7530)
  RTTI typeinfo:   itk::Image<double, 3u>
  Reference Count: 2
  Modified Time: 1578
  Debug: Off
  Object Name: 
  Observers: 
    none
  Source: (none)
  Source output name: (none)
  Release Data: Off
  Data Released: False
  Global Release Data: Off
  PipelineMTime: 0
  UpdateMTime: 1189
  RealTimeStamp: 0 seconds 
  LargestPossibleRegion: 
    Dimension: 3
    Index: [0, 0, 0]
    Size: [193, 229, 193]
  BufferedRegion: 
    Dimension: 3
    Index: [0, 0, 0]
    Size: [193, 229, 193]
  RequestedRegion: 
    Dimension: 3
    Index: [0, 0, 0]
    Size: [193, 229, 193]
  Spacing: [1, 1, 1]
  Origin: [96, 132, -78]
  Direction: 
-1 0 0
0 -1 0
0 0 1

  IndexToPointMatrix: 
-1 0 0
0 -1 0
0 0 1

  PointToIndexMatrix: 
-1 0 0
0 -1 0
0 0 1

  Inverse Direction: 
-1 0 0
0 -1 0
0 0 1

  PixelContainer: 
    ImportImageContainer (0x3d95d60)
      RTTI typeinfo:   itk::ImportImageContainer<unsigned long, double>
      Reference Count: 1
      Modified Time: 1186
      Debug: Off
      Object Name: 
      Observers: 
        none
      Pointer: 0x153be8d04010
      Container manages memory: true
      Size: 8530021
      Capacity: 8530021

     Moving image = Image (0x3d87f60)
  RTTI typeinfo:   itk::Image<double, 3u>
  Reference Count: 2
  Modified Time: 1579
  Debug: Off
  Object Name: 
  Observers: 
    none
  Source: (none)
  Source output name: (none)
  Release Data: Off
  Data Released: False
  Global Release Data: Off
  PipelineMTime: 0
  UpdateMTime: 1576
  RealTimeStamp: 0 seconds 
  LargestPossibleRegion: 
    Dimension: 3
    Index: [0, 0, 0]
    Size: [160, 240, 256]
  BufferedRegion: 
    Dimension: 3
    Index: [0, 0, 0]
    Size: [160, 240, 256]
  RequestedRegion: 
    Dimension: 3
    Index: [0, 0, 0]
    Size: [160, 240, 256]
  Spacing: [1, 1, 1]
  Origin: [73.279, 104.707, -131.187]
  Direction: 
-0.997527 0.0645574 -0.0278053
-0.0645323 -0.997914 -0.00179875
-0.0278634 4.01097e-08 0.999612

  IndexToPointMatrix: 
-0.997527 0.0645574 -0.0278053
-0.0645323 -0.997914 -0.00179875
-0.0278634 4.01097e-08 0.999612

  PointToIndexMatrix: 
-0.997527 -0.0645323 -0.0278634
0.0645574 -0.997914 4.01049e-08
-0.0278053 -0.00179875 0.999612

  Inverse Direction: 
-0.997527 -0.0645323 -0.0278634
0.0645574 -0.997914 4.01049e-08
-0.0278053 -0.00179875 0.999612

  PixelContainer: 
    ImportImageContainer (0x3d796d0)
      RTTI typeinfo:   itk::ImportImageContainer<unsigned long, double>
      Reference Count: 1
      Modified Time: 1573
      Debug: Off
      Object Name: 
      Observers: 
        none
      Pointer: 0x153be4203010
      Container manages memory: true
      Size: 9830400
      Capacity: 9830400

     Weighting = 1
     Sampling strategy = regular
     Number of bins = 32
     Radius = 4
     Sampling percentage  = 0.25
   Transform = Rigid
     Gradient step = 0.1
     Update field sigma (voxel space) = 0
     Total field sigma (voxel space) = 0
     Update field time sigma = 0
     Total field time sigma  = 0
     Number of time indices = 0
     Number of time point samples = 0
Registration using 1 total stages.

Stage 0
  iterations = 1000x500x250x100
  convergence threshold = 1e-06
  convergence window size = 10
  number of levels = 4
  using the Mattes MI metric (number of bins = 32, weight = 1, use gradient filter = 0)
  preprocessing:  winsorizing the image intensities
  Shrink factors (level 1 out of 4): [8, 8, 8]
  Shrink factors (level 2 out of 4): [4, 4, 4]
  Shrink factors (level 3 out of 4): [2, 2, 2]
  Shrink factors (level 4 out of 4): [1, 1, 1]
  smoothing sigmas per level: [3, 2, 1, 0]
  regular sampling (percentage = 0.25)

*** Running Euler3DTransform registration ***

DIAGNOSTIC,Iteration,metricValue,convergenceValue,ITERATION_TIME_INDEX,SINCE_LAST
 2DIAGNOSTIC,     1, -5.480496989617e-01, 1.797693134862e+308, 6.3084e-01, 6.3084e-01, 
 2DIAGNOSTIC,     2, -5.506811078454e-01, 1.797693134862e+308, 6.3469e-01, 3.8469e-03, 
 2DIAGNOSTIC,     3, -5.546514955662e-01, 1.797693134862e+308, 6.3824e-01, 3.5510e-03, 
 2DIAGNOSTIC,     4, -5.606863537750e-01, 1.797693134862e+308, 6.4276e-01, 4.5190e-03, 
 2DIAGNOSTIC,     5, -5.693661845193e-01, 1.797693134862e+308, 6.4675e-01, 3.9909e-03, 
 2DIAGNOSTIC,     6, -5.854078830086e-01, 1.797693134862e+308, 6.5050e-01, 3.7489e-03, 
 2DIAGNOSTIC,     7, -6.232769732918e-01, 1.797693134862e+308, 6.5418e-01, 3.6860e-03, 
 2DIAGNOSTIC,     8, -6.297683730473e-01, 1.797693134862e+308, 6.5863e-01, 4.4460e-03, 
 2DIAGNOSTIC,     9, -6.366738733405e-01, 1.797693134862e+308, 6.6516e-01, 6.5322e-03, 
 2DIAGNOSTIC,    10, -6.375630690827e-01, 1.201760866083e-02, 6.6897e-01, 3.8090e-03, 
 2DIAGNOSTIC,    11, -6.405337628679e-01, 1.087684809450e-02, 6.7271e-01, 3.7460e-03, 
 2DIAGNOSTIC,    12, -6.435528997438e-01, 9.167753354490e-03, 6.7692e-01, 4.2031e-03, 
 2DIAGNOSTIC,    13, -6.444720921444e-01, 7.089498731847e-03, 6.8064e-01, 3.7181e-03, 
 2DIAGNOSTIC,    14, -6.463616611293e-01, 4.967892496988e-03, 6.8484e-01, 4.2059e-03, 
 2DIAGNOSTIC,    15, -6.484646963404e-01, 3.033020789043e-03, 6.9148e-01, 6.6350e-03, 
 2DIAGNOSTIC,    16, -6.486009987994e-01, 1.520386367320e-03, 6.9519e-01, 3.7160e-03, 
 2DIAGNOSTIC,    17, -6.493699344760e-01, 1.108203205204e-03, 6.9891e-01, 3.7122e-03, 
 2DIAGNOSTIC,    18, -6.514578195065e-01, 8.586162135986e-04, 7.0257e-01, 3.6671e-03, 
 2DIAGNOSTIC,    19, -6.526592717406e-01, 7.533650369805e-04, 7.0625e-01, 3.6778e-03, 
 2DIAGNOSTIC,    20, -6.536191777189e-01, 6.303067369293e-04, 7.0996e-01, 3.7119e-03, 
 2DIAGNOSTIC,    21, -6.549162298979e-01, 5.534292205379e-04, 7.1391e-01, 3.9470e-03, 
 2DIAGNOSTIC,    22, -6.562385790832e-01, 5.226986103233e-04, 7.1865e-01, 4.7359e-03, 
 2DIAGNOSTIC,    23, -6.565000058113e-01, 4.680180012236e-04, 7.2292e-01, 4.2770e-03, 
 2DIAGNOSTIC,    24, -6.565387353854e-01, 4.101063704205e-04, 7.2727e-01, 4.3449e-03, 
 2DIAGNOSTIC,    25, -6.567702146893e-01, 3.618032093033e-04, 7.3160e-01, 4.3318e-03, 
 2DIAGNOSTIC,    26, -6.583507212369e-01, 3.132611037345e-04, 7.3565e-01, 4.0479e-03, 
 2DIAGNOSTIC,    27, -6.586527568469e-01, 2.554116018360e-04, 7.3947e-01, 3.8271e-03, 
 2DIAGNOSTIC,    28, -6.593310437738e-01, 2.225767143846e-04, 7.4424e-01, 4.7691e-03, 
 2DIAGNOSTIC,    29, -6.595734041655e-01, 1.939316665340e-04, 7.4848e-01, 4.2372e-03, 
 2DIAGNOSTIC,    30, -6.595955819569e-01, 1.634946778529e-04, 7.5274e-01, 4.2589e-03, 
 2DIAGNOSTIC,    31, -6.596949967568e-01, 1.392755860920e-04, 7.5654e-01, 3.8009e-03, 
 2DIAGNOSTIC,    32, -6.597157295313e-01, 1.221677497599e-04, 7.6092e-01, 4.3831e-03, 
 2DIAGNOSTIC,    33, -6.597001423846e-01, 9.820426862877e-05, 7.6693e-01, 6.0079e-03, 
 2DIAGNOSTIC,    34, -6.595254449703e-01, 6.486903006951e-05, 7.7063e-01, 3.6981e-03, 
 2DIAGNOSTIC,    35, -6.595295822811e-01, 3.010817890171e-05, 7.7449e-01, 3.8610e-03, 
 2DIAGNOSTIC,    36, -6.595351297936e-01, 1.424396566144e-05, 7.7819e-01, 3.6988e-03, 
 2DIAGNOSTIC,    37, -6.595409535781e-01, 1.474135171719e-06, 7.8189e-01, 3.6979e-03, 
DIAGNOSTIC,Iteration,metricValue,convergenceValue,ITERATION_TIME_INDEX,SINCE_LAST
 2DIAGNOSTIC,     1, -5.183739626518e-01, 1.797693134862e+308, 1.4656e+00, 6.8368e-01, 
 2DIAGNOSTIC,     2, -5.189226238275e-01, 1.797693134862e+308, 1.4910e+00, 2.5452e-02, 
 2DIAGNOSTIC,     3, -5.196899327340e-01, 1.797693134862e+308, 1.5171e+00, 2.6125e-02, 
 2DIAGNOSTIC,     4, -5.204463662988e-01, 1.797693134862e+308, 1.5431e+00, 2.5911e-02, 
 2DIAGNOSTIC,     5, -5.209979485283e-01, 1.797693134862e+308, 1.5695e+00, 2.6404e-02, 
 2DIAGNOSTIC,     6, -5.216357744167e-01, 1.797693134862e+308, 1.5953e+00, 2.5842e-02, 
 2DIAGNOSTIC,     7, -5.233753714715e-01, 1.797693134862e+308, 1.6214e+00, 2.6142e-02, 
 2DIAGNOSTIC,     8, -5.241119131239e-01, 1.797693134862e+308, 1.6546e+00, 3.3108e-02, 
 2DIAGNOSTIC,     9, -5.247293428625e-01, 1.797693134862e+308, 1.6882e+00, 3.3630e-02, 
 2DIAGNOSTIC,    10, -5.250028241004e-01, 8.899807886422e-04, 1.7146e+00, 2.6412e-02, 
 2DIAGNOSTIC,    11, -5.255570913429e-01, 7.959217865259e-04, 1.7441e+00, 2.9550e-02, 
 2DIAGNOSTIC,    12, -5.289098581219e-01, 8.211614674428e-04, 1.7744e+00, 3.0225e-02, 
 2DIAGNOSTIC,    13, -5.295596032005e-01, 8.231568769145e-04, 1.8040e+00, 2.9648e-02, 
 2DIAGNOSTIC,    14, -5.295253582676e-01, 7.798186196922e-04, 1.8305e+00, 2.6472e-02, 
 2DIAGNOSTIC,    15, -5.301734577956e-01, 7.172058859740e-04, 1.8571e+00, 2.6602e-02, 
 2DIAGNOSTIC,    16, -5.312974437936e-01, 6.544535280280e-04, 1.8837e+00, 2.6627e-02, 
 2DIAGNOSTIC,    17, -5.330531633824e-01, 6.473162974185e-04, 1.9315e+00, 4.7806e-02, 
 2DIAGNOSTIC,    18, -5.331722741356e-01, 6.054625772569e-04, 1.9582e+00, 2.6684e-02, 
 2DIAGNOSTIC,    19, -5.334119059569e-01, 5.389694358283e-04, 1.9841e+00, 2.5942e-02, 
 2DIAGNOSTIC,    20, -5.338315724582e-01, 4.491930251753e-04, 2.0096e+00, 2.5490e-02, 
 2DIAGNOSTIC,    21, -5.362265741168e-01, 3.989295734904e-04, 2.0455e+00, 3.5868e-02, 
 2DIAGNOSTIC,    22, -5.366181106063e-01, 4.054721332739e-04, 2.0711e+00, 2.5559e-02, 
 2DIAGNOSTIC,    23, -5.369817420862e-01, 3.983731713221e-04, 2.0966e+00, 2.5570e-02, 
 2DIAGNOSTIC,    24, -5.377895650569e-01, 3.731575209243e-04, 2.1222e+00, 2.5533e-02, 
 2DIAGNOSTIC,    25, -5.385409194492e-01, 3.443650879034e-04, 2.1591e+00, 3.6906e-02, 
 2DIAGNOSTIC,    26, -5.387651011433e-01, 3.114962160339e-04, 2.1838e+00, 2.4733e-02, 
 2DIAGNOSTIC,    27, -5.392441563355e-01, 2.964433549992e-04, 2.2127e+00, 2.8873e-02, 
 2DIAGNOSTIC,    28, -5.402059906941e-01, 2.758881029992e-04, 2.2421e+00, 2.9371e-02, 
 2DIAGNOSTIC,    29, -5.405184298764e-01, 2.408180658733e-04, 2.3310e+00, 8.8959e-02, 
 2DIAGNOSTIC,    30, -5.405255465433e-01, 1.919585411125e-04, 2.3604e+00, 2.9419e-02, 
 2DIAGNOSTIC,    31, -5.405268849380e-01, 1.699463890450e-04, 2.3855e+00, 2.5047e-02, 
 2DIAGNOSTIC,    32, -5.405291471785e-01, 1.399952729763e-04, 2.4138e+00, 2.8309e-02, 
 2DIAGNOSTIC,    33, -5.405314052061e-01, 1.041669251580e-04, 2.4414e+00, 2.7639e-02, 
 2DIAGNOSTIC,    34, -5.405277315465e-01, 7.302206104029e-05, 2.4699e+00, 2.8432e-02, 
 2DIAGNOSTIC,    35, -5.405341611120e-01, 4.862384803265e-05, 2.4970e+00, 2.7123e-02, 
 2DIAGNOSTIC,    36, -5.405449887091e-01, 2.459569951988e-05, 2.5275e+00, 3.0477e-02, 
 2DIAGNOSTIC,    37, -5.405470281998e-01, 6.227593041776e-06, 2.5546e+00, 2.7168e-02, 
 2DIAGNOSTIC,    38, -5.405554872252e-01, 1.836645350695e-06, 2.5818e+00, 2.7145e-02, 
 2DIAGNOSTIC,    39, -5.405896333634e-01, 2.319104671449e-06, 2.6082e+00, 2.6464e-02, 
 2DIAGNOSTIC,    40, -5.406490878572e-01, 3.509761619881e-06, 2.6350e+00, 2.6755e-02, 
 2DIAGNOSTIC,    41, -5.407595887975e-01, 5.818782641831e-06, 2.6624e+00, 2.7403e-02, 
 2DIAGNOSTIC,    42, -5.408752972638e-01, 9.007451374547e-06, 2.6896e+00, 2.7166e-02, 
 2DIAGNOSTIC,    43, -5.411298372283e-01, 1.442866195976e-05, 2.7164e+00, 2.6861e-02, 
 2DIAGNOSTIC,    44, -5.413514381272e-01, 2.087059809562e-05, 2.7432e+00, 2.6798e-02, 
 2DIAGNOSTIC,    45, -5.416191786266e-01, 2.830366940225e-05, 2.7710e+00, 2.7761e-02, 
 2DIAGNOSTIC,    46, -5.418584691518e-01, 3.563153048024e-05, 2.7963e+00, 2.5314e-02, 
 2DIAGNOSTIC,    47, -5.421434504398e-01, 4.252383733528e-05, 2.8227e+00, 2.6359e-02, 
 2DIAGNOSTIC,    48, -5.427013325535e-01, 5.133856408924e-05, 2.8494e+00, 2.6753e-02, 
 2DIAGNOSTIC,    49, -5.435217357058e-01, 6.406618485797e-05, 2.8762e+00, 2.6785e-02, 
 2DIAGNOSTIC,    50, -5.444604447960e-01, 8.063787514038e-05, 2.9033e+00, 2.7103e-02, 
 2DIAGNOSTIC,    51, -5.479640294132e-01, 1.264017714763e-04, 2.9331e+00, 2.9796e-02, 
 2DIAGNOSTIC,    52, -5.489367488955e-01, 1.685585051176e-04, 2.9705e+00, 3.7397e-02, 
 2DIAGNOSTIC,    53, -5.490615726491e-01, 1.969427137111e-04, 2.9968e+00, 2.6267e-02, 
 2DIAGNOSTIC,    54, -5.506289126802e-01, 2.234190125199e-04, 3.0301e+00, 3.3331e-02, 
 2DIAGNOSTIC,    55, -5.508442894696e-01, 2.316542500204e-04, 3.0567e+00, 2.6650e-02, 
 2DIAGNOSTIC,    56, -5.509899299985e-01, 2.206673106886e-04, 3.0862e+00, 2.9426e-02, 
 2DIAGNOSTIC,    57, -5.523265634939e-01, 2.040240940710e-04, 3.1153e+00, 2.9147e-02, 
 2DIAGNOSTIC,    58, -5.578918812147e-01, 2.242694094364e-04, 3.1424e+00, 2.7139e-02, 
 2DIAGNOSTIC,    59, -5.624092157445e-01, 2.688863025259e-04, 3.1834e+00, 4.0978e-02, 
 2DIAGNOSTIC,    60, -5.650210713733e-01, 3.161946062447e-04, 3.2131e+00, 2.9681e-02, 
 2DIAGNOSTIC,    61, -5.652132752108e-01, 3.640464200078e-04, 3.2430e+00, 2.9879e-02, 
 2DIAGNOSTIC,    62, -5.653467595454e-01, 3.853676578254e-04, 3.2696e+00, 2.6661e-02, 
 2DIAGNOSTIC,    63, -5.654779326434e-01, 3.701432130168e-04, 3.3032e+00, 3.3521e-02, 
 2DIAGNOSTIC,    64, -5.654590711905e-01, 3.318701672506e-04, 3.3365e+00, 3.3379e-02, 
 2DIAGNOSTIC,    65, -5.654751374341e-01, 2.651816989514e-04, 3.3660e+00, 2.9439e-02, 
 2DIAGNOSTIC,    66, -5.655002554598e-01, 1.772101708711e-04, 3.3955e+00, 2.9467e-02, 
 2DIAGNOSTIC,    67, -5.655445363971e-01, 8.527795982773e-05, 3.4249e+00, 2.9410e-02, 
 2DIAGNOSTIC,    68, -5.655464050488e-01, 3.024687577644e-05, 3.4506e+00, 2.5758e-02, 
 2DIAGNOSTIC,    69, -5.655446424166e-01, 7.833775101013e-06, 3.4807e+00, 3.0084e-02, 
 2DIAGNOSTIC,    70, -5.655584784660e-01, 5.046646310531e-06, 3.5081e+00, 2.7394e-02, 
 2DIAGNOSTIC,    71, -5.656260254160e-01, 3.792028476496e-06, 3.5380e+00, 2.9910e-02, 
 2DIAGNOSTIC,    72, -5.658754548590e-01, 4.993038341727e-06, 3.5684e+00, 3.0385e-02, 
 2DIAGNOSTIC,    73, -5.660068769376e-01, 7.569260973003e-06, 3.6016e+00, 3.3173e-02, 
 2DIAGNOSTIC,    74, -5.660228082096e-01, 9.372271517009e-06, 3.6455e+00, 4.3907e-02, 
 2DIAGNOSTIC,    75, -5.660228293532e-01, 1.040833449126e-05, 3.6754e+00, 2.9931e-02, 
 2DIAGNOSTIC,    76, -5.660510890712e-01, 1.081419689104e-05, 3.7052e+00, 2.9779e-02, 
 2DIAGNOSTIC,    77, -5.660487429575e-01, 1.045583539144e-05, 3.7314e+00, 2.6247e-02, 
 2DIAGNOSTIC,    78, -5.661187756786e-01, 9.610745941446e-06, 3.7583e+00, 2.6897e-02, 
 2DIAGNOSTIC,    79, -5.661711057699e-01, 8.249386521973e-06, 3.7886e+00, 3.0288e-02, 
 2DIAGNOSTIC,    80, -5.662062267359e-01, 6.501935701378e-06, 3.8183e+00, 2.9702e-02, 
 2DIAGNOSTIC,    81, -5.662240809968e-01, 4.728819691375e-06, 3.8481e+00, 2.9816e-02, 
 2DIAGNOSTIC,    82, -5.662486931178e-01, 4.304932101946e-06, 3.8742e+00, 2.6023e-02, 
 2DIAGNOSTIC,    83, -5.662306215907e-01, 4.218054483821e-06, 3.9042e+00, 3.0060e-02, 
 2DIAGNOSTIC,    84, -5.662532239157e-01, 4.003878262843e-06, 3.9308e+00, 2.6587e-02, 
 2DIAGNOSTIC,    85, -5.663750359620e-01, 4.185704451379e-06, 3.9561e+00, 2.5348e-02, 
 2DIAGNOSTIC,    86, -5.664821305871e-01, 4.801151069437e-06, 3.9824e+00, 2.6273e-02, 
 2DIAGNOSTIC,    87, -5.667693271320e-01, 6.662722453770e-06, 4.0193e+00, 3.6863e-02, 
 2DIAGNOSTIC,    88, -5.669380458713e-01, 9.250056538910e-06, 4.0508e+00, 3.1548e-02, 
 2DIAGNOSTIC,    89, -5.670837821248e-01, 1.207067203802e-05, 4.0944e+00, 4.3552e-02, 
 2DIAGNOSTIC,    90, -5.671184015855e-01, 1.409452706387e-05, 4.1241e+00, 2.9715e-02, 
 2DIAGNOSTIC,    91, -5.671238597349e-01, 1.487553432970e-05, 4.1573e+00, 3.3163e-02, 
 2DIAGNOSTIC,    92, -5.671220133028e-01, 1.436107218422e-05, 4.1871e+00, 2.9813e-02, 
 2DIAGNOSTIC,    93, -5.671094384841e-01, 1.232583675873e-05, 4.2132e+00, 2.6107e-02, 
 2DIAGNOSTIC,    94, -5.671153808495e-01, 9.332995277913e-06, 4.2455e+00, 3.2352e-02, 
 2DIAGNOSTIC,    95, -5.671239587652e-01, 6.256606284144e-06, 4.2704e+00, 2.4857e-02, 
 2DIAGNOSTIC,    96, -5.671298063311e-01, 3.260339833951e-06, 4.2997e+00, 2.9260e-02, 
 2DIAGNOSTIC,    97, -5.671479741415e-01, 1.663234781566e-06, 4.3288e+00, 2.9189e-02, 
 2DIAGNOSTIC,    98, -5.671849875557e-01, 1.038638594467e-06, 4.3637e+00, 3.4864e-02, 
 2DIAGNOSTIC,    99, -5.671833996786e-01, 1.103343813154e-06, 4.3914e+00, 2.7682e-02, 
 2DIAGNOSTIC,   100, -5.671791670378e-01, 1.250380108198e-06, 4.4195e+00, 2.8063e-02, 
 2DIAGNOSTIC,   101, -5.671682704031e-01, 1.279887203540e-06, 4.4491e+00, 2.9668e-02, 
 2DIAGNOSTIC,   102, -5.671719302537e-01, 1.227263584012e-06, 4.4778e+00, 2.8639e-02, 
 2DIAGNOSTIC,   103, -5.671759196046e-01, 1.040091218386e-06, 4.5073e+00, 2.9524e-02, 
DIAGNOSTIC,Iteration,metricValue,convergenceValue,ITERATION_TIME_INDEX,SINCE_LAST
 2DIAGNOSTIC,     1, -5.017743516676e-01, 1.797693134862e+308, 5.4892e+00, 9.8195e-01, 
 2DIAGNOSTIC,     2, -5.020451162928e-01, 1.797693134862e+308, 5.6636e+00, 1.7434e-01, 
 2DIAGNOSTIC,     3, -5.023155279541e-01, 1.797693134862e+308, 5.8584e+00, 1.9480e-01, 
 2DIAGNOSTIC,     4, -5.024439023821e-01, 1.797693134862e+308, 6.0835e+00, 2.2515e-01, 
 2DIAGNOSTIC,     5, -5.024438891030e-01, 1.797693134862e+308, 6.3035e+00, 2.2003e-01, 
 2DIAGNOSTIC,     6, -5.024574738618e-01, 1.797693134862e+308, 6.5342e+00, 2.3069e-01, 
 2DIAGNOSTIC,     7, -5.024749865643e-01, 1.797693134862e+308, 6.7225e+00, 1.8828e-01, 
 2DIAGNOSTIC,     8, -5.025008730065e-01, 1.797693134862e+308, 6.9252e+00, 2.0268e-01, 
 2DIAGNOSTIC,     9, -5.025562297198e-01, 1.797693134862e+308, 7.1087e+00, 1.8348e-01, 
 2DIAGNOSTIC,    10, -5.025739343017e-01, 8.198892154238e-05, 7.4159e+00, 3.0725e-01, 
 2DIAGNOSTIC,    11, -5.025836930879e-01, 4.777400617477e-05, 7.6985e+00, 2.8261e-01, 
 2DIAGNOSTIC,    12, -5.025840681036e-01, 2.774766924499e-05, 7.9084e+00, 2.0989e-01, 
 2DIAGNOSTIC,    13, -5.025834972405e-01, 2.011528625609e-05, 8.1097e+00, 2.0124e-01, 
 2DIAGNOSTIC,    14, -5.025830828908e-01, 1.712033188955e-05, 8.3787e+00, 2.6900e-01, 
 2DIAGNOSTIC,    15, -5.025823540822e-01, 1.313049632103e-05, 8.5614e+00, 1.8278e-01, 
 2DIAGNOSTIC,    16, -5.025808613404e-01, 9.074693124958e-06, 8.7737e+00, 2.1229e-01, 
 2DIAGNOSTIC,    17, -5.025801463738e-01, 5.409407047310e-06, 8.9840e+00, 2.1024e-01, 
 2DIAGNOSTIC,    18, -5.025794181225e-01, 2.577072258508e-06, 9.1738e+00, 1.8978e-01, 
 2DIAGNOSTIC,    19, -5.025787548394e-01, 1.584735562714e-06, 9.3552e+00, 1.8145e-01, 
 2DIAGNOSTIC,    20, -5.025764734982e-01, 1.128655102503e-06, 9.5563e+00, 2.0113e-01, 
 2DIAGNOSTIC,    21, -5.025767735464e-01, 1.031392312750e-06, 9.7383e+00, 1.8192e-01, 
DIAGNOSTIC,Iteration,metricValue,convergenceValue,ITERATION_TIME_INDEX,SINCE_LAST
 2DIAGNOSTIC,     1, -4.668302026407e-01, 1.797693134862e+308, 1.2177e+01, 2.4392e+00, 
 2DIAGNOSTIC,     2, -4.669859884129e-01, 1.797693134862e+308, 1.3464e+01, 1.2863e+00, 
 2DIAGNOSTIC,     3, -4.670514383479e-01, 1.797693134862e+308, 1.4939e+01, 1.4755e+00, 
 2DIAGNOSTIC,     4, -4.670598818664e-01, 1.797693134862e+308, 1.6384e+01, 1.4450e+00, 
 2DIAGNOSTIC,     5, -4.670698192516e-01, 1.797693134862e+308, 1.8335e+01, 1.9509e+00, 
 2DIAGNOSTIC,     6, -4.670718165420e-01, 1.797693134862e+308, 1.9616e+01, 1.2811e+00, 
 2DIAGNOSTIC,     7, -4.670737922658e-01, 1.797693134862e+308, 2.1096e+01, 1.4794e+00, 
 2DIAGNOSTIC,     8, -4.670743222587e-01, 1.797693134862e+308, 2.2546e+01, 1.4498e+00, 
 2DIAGNOSTIC,     9, -4.670736679057e-01, 1.797693134862e+308, 2.4421e+01, 1.8755e+00, 
 2DIAGNOSTIC,    10, -4.670734938290e-01, 2.404034788124e-05, 2.6591e+01, 2.1697e+00, 
 2DIAGNOSTIC,    11, -4.670736174912e-01, 9.475530035372e-06, 2.8295e+01, 1.7045e+00, 
 2DIAGNOSTIC,    12, -4.670735396841e-01, 4.559346339472e-06, 2.9755e+01, 1.4596e+00, 
 2DIAGNOSTIC,    13, -4.670731878054e-01, 3.269665081518e-06, 3.1295e+01, 1.5406e+00, 
 2DIAGNOSTIC,    14, -4.670731991696e-01, 2.447985812573e-06, 3.2764e+01, 1.4690e+00, 
 2DIAGNOSTIC,    15, -4.670731244582e-01, 2.118896048467e-06, 3.4246e+01, 1.4816e+00, 
 2DIAGNOSTIC,    16, -4.670729657555e-01, 1.898550355553e-06, 3.5711e+01, 1.4648e+00, 
 2DIAGNOSTIC,    17, -4.670728950972e-01, 1.779862773825e-06, 3.7186e+01, 1.4755e+00, 
 2DIAGNOSTIC,    18, -4.670731052904e-01, 1.708632511817e-06, 3.8632e+01, 1.4457e+00, 
 2DIAGNOSTIC,    19, -4.670729487283e-01, 1.624275041127e-06, 3.9936e+01, 1.3039e+00, 
 2DIAGNOSTIC,    20, -4.670728877505e-01, 1.545770576490e-06, 4.1397e+01, 1.4612e+00, 
 2DIAGNOSTIC,    21, -4.670728159001e-01, 1.480552371667e-06, 4.2693e+01, 1.2964e+00, 
 2DIAGNOSTIC,    22, -4.670728479927e-01, 1.423440514306e-06, 4.3960e+01, 1.2662e+00, 
 2DIAGNOSTIC,    23, -4.670728116377e-01, 1.362884670342e-06, 4.5441e+01, 1.4816e+00, 
 2DIAGNOSTIC,    24, -4.670725745182e-01, 1.303581135009e-06, 4.6881e+01, 1.4399e+00, 
 2DIAGNOSTIC,    25, -4.670725190916e-01, 1.248295134065e-06, 4.8300e+01, 1.4187e+00, 
 2DIAGNOSTIC,    26, -4.670725783263e-01, 1.197238749681e-06, 4.9782e+01, 1.4821e+00, 
 2DIAGNOSTIC,    27, -4.670725701836e-01, 1.150317370864e-06, 5.1205e+01, 1.4235e+00, 
 2DIAGNOSTIC,    28, -4.670726855472e-01, 1.116537745274e-06, 5.2750e+01, 1.5448e+00, 
 2DIAGNOSTIC,    29, -4.670728731852e-01, 1.087656794060e-06, 5.4328e+01, 1.5775e+00, 
 2DIAGNOSTIC,    30, -4.670727284264e-01, 1.057391294433e-06, 5.6105e+01, 1.7769e+00, 
 2DIAGNOSTIC,    31, -4.670725667207e-01, 1.024819903155e-06, 5.7444e+01, 1.3397e+00, 
  Elapsed time (stage 0): 5.8197e+01


Total elapsed time: 5.8200e+01
Info [verificarlo]: loaded backend libinterflop_ieee.so
Info [interflop-ieee]: load backend with:
Info [interflop-ieee]: debug = false
Info [interflop-ieee]: debug-binary = false
Info [interflop-ieee]: no-backend-name = false
Info [interflop-ieee]: print-new-line = false
Info [interflop-ieee]: print-subnormal-normalized = false
Info [interflop-ieee]: count-op = false
All_Command_lines_OK
Using double precision for computations.
=============================================================================
The composite transform comprises the following transforms (in order): 
  1. /home/mdugre/scratch/mri-registration-rp/datasets/ds004513/derivatives/mri-registration-rp/0001/antsRegistration-r8-p17/sub-s032/rigid_Composite.h5[0] (type = Euler3DTransform)
  2. /home/mdugre/scratch/mri-registration-rp/datasets/ds004513/derivatives/mri-registration-rp/0001/antsRegistration-r8-p17/sub-s032/rigid_Composite.h5[1] (type = Euler3DTransform)
  3. /home/mdugre/scratch/mri-registration-rp/datasets/ds004513/derivatives/mri-registration-rp/0001/antsRegistration-r8-p17/sub-s032/rigid_Composite.h5[2] (type = Euler3DTransform)
=============================================================================
  number of levels = 4
  fixed image: /templateflow/tpl-MNI152NLin2009cAsym/tpl-MNI152NLin2009cAsym_res-01_desc-brain_T1w.nii.gz
  moving image: /home/mdugre/scratch/mri-registration-rp/datasets/ds004513/derivatives/mri-registration-rp/antsBrainExtraction/sub-s032/BrainExtractionBrain.nii.gz
Dimension = 3
Number of stages = 1
Use histogram matching = false
Winsorize image intensities = true
  Lower quantile = 0.005
  Upper quantile = 0.995


Stage 1 State
   Image metric = MattesMI
     Fixed image = Image (0x4d7b7e0)
  RTTI typeinfo:   itk::Image<double, 3u>
  Reference Count: 2
  Modified Time: 1592
  Debug: Off
  Object Name: 
  Observers: 
    none
  Source: (none)
  Source output name: (none)
  Release Data: Off
  Data Released: False
  Global Release Data: Off
  PipelineMTime: 0
  UpdateMTime: 1203
  RealTimeStamp: 0 seconds 
  LargestPossibleRegion: 
    Dimension: 3
    Index: [0, 0, 0]
    Size: [193, 229, 193]
  BufferedRegion: 
    Dimension: 3
    Index: [0, 0, 0]
    Size: [193, 229, 193]
  RequestedRegion: 
    Dimension: 3
    Index: [0, 0, 0]
    Size: [193, 229, 193]
  Spacing: [1, 1, 1]
  Origin: [96, 132, -78]
  Direction: 
-1 0 0
0 -1 0
0 0 1

  IndexToPointMatrix: 
-1 0 0
0 -1 0
0 0 1

  PointToIndexMatrix: 
-1 0 0
0 -1 0
0 0 1

  Inverse Direction: 
-1 0 0
0 -1 0
0 0 1

  PixelContainer: 
    ImportImageContainer (0x4e3ba20)
      RTTI typeinfo:   itk::ImportImageContainer<unsigned long, double>
      Reference Count: 1
      Modified Time: 1200
      Debug: Off
      Object Name: 
      Observers: 
        none
      Pointer: 0x14d4885c5010
      Container manages memory: true
      Size: 8530021
      Capacity: 8530021

     Moving image = Image (0x4e36d70)
  RTTI typeinfo:   itk::Image<double, 3u>
  Reference Count: 2
  Modified Time: 1593
  Debug: Off
  Object Name: 
  Observers: 
    none
  Source: (none)
  Source output name: (none)
  Release Data: Off
  Data Released: False
  Global Release Data: Off
  PipelineMTime: 0
  UpdateMTime: 1590
  RealTimeStamp: 0 seconds 
  LargestPossibleRegion: 
    Dimension: 3
    Index: [0, 0, 0]
    Size: [160, 240, 256]
  BufferedRegion: 
    Dimension: 3
    Index: [0, 0, 0]
    Size: [160, 240, 256]
  RequestedRegion: 
    Dimension: 3
    Index: [0, 0, 0]
    Size: [160, 240, 256]
  Spacing: [1, 1, 1]
  Origin: [73.279, 104.707, -131.187]
  Direction: 
-0.997527 0.0645574 -0.0278053
-0.0645323 -0.997914 -0.00179875
-0.0278634 4.01097e-08 0.999612

  IndexToPointMatrix: 
-0.997527 0.0645574 -0.0278053
-0.0645323 -0.997914 -0.00179875
-0.0278634 4.01097e-08 0.999612

  PointToIndexMatrix: 
-0.997527 -0.0645323 -0.0278634
0.0645574 -0.997914 4.01049e-08
-0.0278053 -0.00179875 0.999612

  Inverse Direction: 
-0.997527 -0.0645323 -0.0278634
0.0645574 -0.997914 4.01049e-08
-0.0278053 -0.00179875 0.999612

  PixelContainer: 
    ImportImageContainer (0x4deec90)
      RTTI typeinfo:   itk::ImportImageContainer<unsigned long, double>
      Reference Count: 1
      Modified Time: 1587
      Debug: Off
      Object Name: 
      Observers: 
        none
      Pointer: 0x14d483ac4010
      Container manages memory: true
      Size: 9830400
      Capacity: 9830400

     Weighting = 1
     Sampling strategy = regular
     Number of bins = 32
     Radius = 4
     Sampling percentage  = 0.25
   Transform = Affine
     Gradient step = 0.1
     Update field sigma (voxel space) = 0
     Total field sigma (voxel space) = 0
     Update field time sigma = 0
     Total field time sigma  = 0
     Number of time indices = 0
     Number of time point samples = 0
Registration using 1 total stages.

Stage 0
  iterations = 1000x500x250x100
  convergence threshold = 1e-06
  convergence window size = 10
  number of levels = 4
  using the Mattes MI metric (number of bins = 32, weight = 1, use gradient filter = 0)
  preprocessing:  winsorizing the image intensities
  Shrink factors (level 1 out of 4): [8, 8, 8]
  Shrink factors (level 2 out of 4): [4, 4, 4]
  Shrink factors (level 3 out of 4): [2, 2, 2]
  Shrink factors (level 4 out of 4): [1, 1, 1]
  smoothing sigmas per level: [3, 2, 1, 0]
  regular sampling (percentage = 0.25)

*** Running AffineTransform registration ***

DIAGNOSTIC,Iteration,metricValue,convergenceValue,ITERATION_TIME_INDEX,SINCE_LAST
 2DIAGNOSTIC,     1, -6.853600303837e-01, 1.797693134862e+308, 7.8674e-01, 7.8674e-01, 
 2DIAGNOSTIC,     2, -6.872784368621e-01, 1.797693134862e+308, 7.9130e-01, 4.5512e-03, 
 2DIAGNOSTIC,     3, -6.903551291574e-01, 1.797693134862e+308, 7.9535e-01, 4.0519e-03, 
 2DIAGNOSTIC,     4, -7.004338158396e-01, 1.797693134862e+308, 7.9938e-01, 4.0300e-03, 
 2DIAGNOSTIC,     5, -7.076595507800e-01, 1.797693134862e+308, 8.0331e-01, 3.9282e-03, 
 2DIAGNOSTIC,     6, -7.192994268480e-01, 1.797693134862e+308, 8.0759e-01, 4.2820e-03, 
 2DIAGNOSTIC,     7, -7.256752067042e-01, 1.797693134862e+308, 8.1176e-01, 4.1671e-03, 
 2DIAGNOSTIC,     8, -7.321905442402e-01, 1.797693134862e+308, 8.1717e-01, 5.4159e-03, 
 2DIAGNOSTIC,     9, -7.337852644416e-01, 1.797693134862e+308, 8.2227e-01, 5.1029e-03, 
 2DIAGNOSTIC,    10, -7.339970827643e-01, 5.289056217134e-03, 8.2755e-01, 5.2750e-03, 
 2DIAGNOSTIC,    11, -7.343088380667e-01, 4.386359883413e-03, 8.3155e-01, 4.0021e-03, 
 2DIAGNOSTIC,    12, -7.355003265698e-01, 3.348329751851e-03, 8.3556e-01, 4.0121e-03, 
 2DIAGNOSTIC,    13, -7.366503819305e-01, 2.295819751240e-03, 8.3985e-01, 4.2839e-03, 
 2DIAGNOSTIC,    14, -7.371976198164e-01, 1.488907538666e-03, 8.4538e-01, 5.5280e-03, 
 2DIAGNOSTIC,    15, -7.382078591039e-01, 8.696340485708e-04, 8.5922e-01, 1.3849e-02, 
 2DIAGNOSTIC,    16, -7.382078386112e-01, 5.346857054700e-04, 8.6384e-01, 4.6151e-03, 
 2DIAGNOSTIC,    17, -7.382079456868e-01, 3.347856834276e-04, 8.6884e-01, 4.9980e-03, 
 2DIAGNOSTIC,    18, -7.382081267361e-01, 2.681220341658e-04, 8.7348e-01, 4.6470e-03, 
 2DIAGNOSTIC,    19, -7.382084328271e-01, 2.169267565125e-04, 8.7813e-01, 4.6451e-03, 
 2DIAGNOSTIC,    20, -7.382089502498e-01, 1.552339927387e-04, 8.8278e-01, 4.6520e-03, 
 2DIAGNOSTIC,    21, -7.382098247110e-01, 9.077734874557e-05, 8.8707e-01, 4.2901e-03, 
 2DIAGNOSTIC,    22, -7.382113020008e-01, 4.501660816924e-05, 8.9137e-01, 4.3001e-03, 
 2DIAGNOSTIC,    23, -7.382137979471e-01, 1.877979056589e-05, 8.9567e-01, 4.3011e-03, 
 2DIAGNOSTIC,    24, -7.382180085310e-01, 1.649247689403e-06, 9.0028e-01, 4.6120e-03, 
 2DIAGNOSTIC,    25, -7.382250971510e-01, 1.784335321303e-06, 9.0456e-01, 4.2751e-03, 
 2DIAGNOSTIC,    26, -7.382370491036e-01, 2.039864393712e-06, 9.0886e-01, 4.3011e-03, 
 2DIAGNOSTIC,    27, -7.382570242138e-01, 2.488212167404e-06, 9.1346e-01, 4.5981e-03, 
 2DIAGNOSTIC,    28, -7.382900820731e-01, 3.240263055787e-06, 9.1808e-01, 4.6229e-03, 
 2DIAGNOSTIC,    29, -7.383434996519e-01, 4.457023619203e-06, 9.2316e-01, 5.0831e-03, 
 2DIAGNOSTIC,    30, -7.383875740142e-01, 5.842476573266e-06, 9.2747e-01, 4.3030e-03, 
 2DIAGNOSTIC,    31, -7.383563161161e-01, 6.300237361041e-06, 9.3215e-01, 4.6802e-03, 
 2DIAGNOSTIC,    32, -7.384629446171e-01, 7.569447161279e-06, 9.3720e-01, 5.0480e-03, 
 2DIAGNOSTIC,    33, -7.385312630136e-01, 8.934119480185e-06, 9.4150e-01, 4.3001e-03, 
 2DIAGNOSTIC,    34, -7.385337139039e-01, 9.514434624172e-06, 9.4633e-01, 4.8299e-03, 
 2DIAGNOSTIC,    35, -7.385903296247e-01, 9.978890825157e-06, 9.5116e-01, 4.8358e-03, 
 2DIAGNOSTIC,    36, -7.384213434989e-01, 7.861211964354e-06, 9.5545e-01, 4.2889e-03, 
 2DIAGNOSTIC,    37, -7.384724256075e-01, 5.985393050280e-06, 9.5974e-01, 4.2870e-03, 
 2DIAGNOSTIC,    38, -7.385485888279e-01, 4.781752393830e-06, 9.6402e-01, 4.2801e-03, 
 2DIAGNOSTIC,    39, -7.386520428573e-01, 4.781593386058e-06, 9.6860e-01, 4.5869e-03, 
 2DIAGNOSTIC,    40, -7.388888318213e-01, 7.149440478658e-06, 9.7289e-01, 4.2851e-03, 
 2DIAGNOSTIC,    41, -7.390617430047e-01, 1.009897301395e-05, 9.7718e-01, 4.2889e-03, 
 2DIAGNOSTIC,    42, -7.394088865982e-01, 1.619531776679e-05, 9.8146e-01, 4.2858e-03, 
 2DIAGNOSTIC,    43, -7.399974910496e-01, 2.639029878378e-05, 9.8628e-01, 4.8120e-03, 
 2DIAGNOSTIC,    44, -7.408917955158e-01, 4.143861944929e-05, 9.9269e-01, 6.4111e-03, 
 2DIAGNOSTIC,    45, -7.405722654440e-01, 4.955514664268e-05, 1.0062e+00, 1.3468e-02, 
 2DIAGNOSTIC,    46, -7.405722496671e-01, 5.143247518240e-05, 1.0108e+00, 4.6182e-03, 
 2DIAGNOSTIC,    47, -7.405722528977e-01, 4.883556788258e-05, 1.0154e+00, 4.6480e-03, 
 2DIAGNOSTIC,    48, -7.405722583618e-01, 4.221441060181e-05, 1.0198e+00, 4.3352e-03, 
 2DIAGNOSTIC,    49, -7.405722676011e-01, 3.258525087635e-05, 1.0241e+00, 4.3020e-03, 
 2DIAGNOSTIC,    50, -7.405722832235e-01, 2.220504210420e-05, 1.0284e+00, 4.3011e-03, 
 2DIAGNOSTIC,    51, -7.405723096376e-01, 1.158097584497e-05, 1.0330e+00, 4.6699e-03, 
 2DIAGNOSTIC,    52, -7.405723542943e-01, 2.821919811873e-06, 1.0374e+00, 4.4172e-03, 
DIAGNOSTIC,Iteration,metricValue,convergenceValue,ITERATION_TIME_INDEX,SINCE_LAST
 2DIAGNOSTIC,     1, -5.980002048776e-01, 1.797693134862e+308, 1.7015e+00, 6.6404e-01, 
 2DIAGNOSTIC,     2, -5.986935241024e-01, 1.797693134862e+308, 1.7314e+00, 2.9950e-02, 
 2DIAGNOSTIC,     3, -5.996058438383e-01, 1.797693134862e+308, 1.7618e+00, 3.0395e-02, 
 2DIAGNOSTIC,     4, -6.007152482056e-01, 1.797693134862e+308, 1.7947e+00, 3.2861e-02, 
 2DIAGNOSTIC,     5, -6.012298449777e-01, 1.797693134862e+308, 1.8291e+00, 3.4403e-02, 
 2DIAGNOSTIC,     6, -6.013601564897e-01, 1.797693134862e+308, 1.8594e+00, 3.0257e-02, 
 2DIAGNOSTIC,     7, -6.015724982271e-01, 1.797693134862e+308, 1.8909e+00, 3.1550e-02, 
 2DIAGNOSTIC,     8, -6.018387897016e-01, 1.797693134862e+308, 1.9258e+00, 3.4876e-02, 
 2DIAGNOSTIC,     9, -6.022455664538e-01, 1.797693134862e+308, 1.9579e+00, 3.2116e-02, 
 2DIAGNOSTIC,    10, -6.024355882237e-01, 4.539288360435e-04, 1.9947e+00, 3.6800e-02, 
 2DIAGNOSTIC,    11, -6.026875052786e-01, 3.408246925918e-04, 2.0370e+00, 4.2268e-02, 
 2DIAGNOSTIC,    12, -6.030792804221e-01, 2.587636907097e-04, 2.0710e+00, 3.4053e-02, 
 2DIAGNOSTIC,    13, -6.041420582491e-01, 2.367415908383e-04, 2.1049e+00, 3.3870e-02, 
 2DIAGNOSTIC,    14, -6.056976460426e-01, 2.851418753373e-04, 2.1415e+00, 3.6645e-02, 
 2DIAGNOSTIC,    15, -6.063506914883e-01, 3.370901563222e-04, 2.1963e+00, 5.4747e-02, 
 2DIAGNOSTIC,    16, -6.063855876165e-01, 3.571033395676e-04, 2.2311e+00, 3.4827e-02, 
 2DIAGNOSTIC,    17, -6.064295158179e-01, 3.497617666291e-04, 2.2676e+00, 3.6492e-02, 
