
##########################
# Experiment information #
##########################

EXPERIMENT_NAME: antsRegistration-r8-p6
VFC_BACKENDS: libinterflop_vprec.so --range-binary32=8 --precision-binary32=6 --range-binary64=8 --precision-binary64=6

SIF_IMG: /home/mdugre/projects/rrg-glatard/mdugre/containers/ants-vprec-no_metrics.simg

SUBJECT_ID: s032
INPUT_IMG: /home/mdugre/scratch/mri-registration-rp/datasets/ds004513/derivatives/mri-registration-rp/antsBrainExtraction/sub-s032/BrainExtractionBrain.nii.gz
OUTPUT_DIR: /home/mdugre/scratch/mri-registration-rp/datasets/ds004513/derivatives/mri-registration-rp/0001/antsRegistration-r8-p6/sub-s032

FIXED_IMG: /templateflow/tpl-MNI152NLin2009cAsym/tpl-MNI152NLin2009cAsym_res-01_desc-brain_T1w.nii.gz
DATA_DIR: /home/mdugre/scratch/mri-registration-rp/datasets/ds004513
TEMPLATEFLOW_DIR: /home/mdugre/projects/rrg-glatard/mdugre/templateflow
ITK_GLOBAL_DEFAULT_NUMBER_OF_THREADS: 16
##########################

Info [verificarlo]: loaded backend libinterflop_ieee.so
Info [interflop-ieee]: load backend with:
Info [interflop-ieee]: debug = false
Info [interflop-ieee]: debug-binary = false
Info [interflop-ieee]: no-backend-name = false
Info [interflop-ieee]: print-new-line = false
Info [interflop-ieee]: print-subnormal-normalized = false
Info [interflop-ieee]: count-op = false
All_Command_lines_OK
Using double precision for computations.
=============================================================================
The composite transform comprises the following transforms (in order): 
  1. Center of mass alignment using fixed image: /templateflow/tpl-MNI152NLin2009cAsym/tpl-MNI152NLin2009cAsym_res-01_desc-brain_T1w.nii.gz and moving image: /home/mdugre/scratch/mri-registration-rp/datasets/ds004513/derivatives/mri-registration-rp/antsBrainExtraction/sub-s032/BrainExtractionBrain.nii.gz (type = Euler3DTransform)
=============================================================================
  number of levels = 1
  fixed image: /templateflow/tpl-MNI152NLin2009cAsym/tpl-MNI152NLin2009cAsym_res-01_desc-brain_T1w.nii.gz
  moving image: /home/mdugre/scratch/mri-registration-rp/datasets/ds004513/derivatives/mri-registration-rp/antsBrainExtraction/sub-s032/BrainExtractionBrain.nii.gz
Dimension = 3
Number of stages = 1
Use histogram matching = false
Winsorize image intensities = true
  Lower quantile = 0.005
  Upper quantile = 0.995


Stage 1 State
   Image metric = MattesMI
     Fixed image = Image (0x3bcfbd0)
  RTTI typeinfo:   itk::Image<double, 3u>
  Reference Count: 2
  Modified Time: 2330
  Debug: Off
  Object Name: 
  Observers: 
    none
  Source: (none)
  Source output name: (none)
  Release Data: Off
  Data Released: False
  Global Release Data: Off
  PipelineMTime: 0
  UpdateMTime: 1941
  RealTimeStamp: 0 seconds 
  LargestPossibleRegion: 
    Dimension: 3
    Index: [0, 0, 0]
    Size: [193, 229, 193]
  BufferedRegion: 
    Dimension: 3
    Index: [0, 0, 0]
    Size: [193, 229, 193]
  RequestedRegion: 
    Dimension: 3
    Index: [0, 0, 0]
    Size: [193, 229, 193]
  Spacing: [1, 1, 1]
  Origin: [96, 132, -78]
  Direction: 
-1 0 0
0 -1 0
0 0 1

  IndexToPointMatrix: 
-1 0 0
0 -1 0
0 0 1

  PointToIndexMatrix: 
-1 0 0
0 -1 0
0 0 1

  Inverse Direction: 
-1 0 0
0 -1 0
0 0 1

  PixelContainer: 
    ImportImageContainer (0x3bd89e0)
      RTTI typeinfo:   itk::ImportImageContainer<unsigned long, double>
      Reference Count: 1
      Modified Time: 1938
      Debug: Off
      Object Name: 
      Observers: 
        none
      Pointer: 0x14e63ba2d010
      Container manages memory: true
      Size: 8530021
      Capacity: 8530021

     Moving image = Image (0x3bd9d40)
  RTTI typeinfo:   itk::Image<double, 3u>
  Reference Count: 2
  Modified Time: 2331
  Debug: Off
  Object Name: 
  Observers: 
    none
  Source: (none)
  Source output name: (none)
  Release Data: Off
  Data Released: False
  Global Release Data: Off
  PipelineMTime: 0
  UpdateMTime: 2328
  RealTimeStamp: 0 seconds 
  LargestPossibleRegion: 
    Dimension: 3
    Index: [0, 0, 0]
    Size: [160, 240, 256]
  BufferedRegion: 
    Dimension: 3
    Index: [0, 0, 0]
    Size: [160, 240, 256]
  RequestedRegion: 
    Dimension: 3
    Index: [0, 0, 0]
    Size: [160, 240, 256]
  Spacing: [1, 1, 1]
  Origin: [73.279, 104.707, -131.187]
  Direction: 
-0.997527 0.0645574 -0.0278053
-0.0645323 -0.997914 -0.00179875
-0.0278634 4.01097e-08 0.999612

  IndexToPointMatrix: 
-0.997527 0.0645574 -0.0278053
-0.0645323 -0.997914 -0.00179875
-0.0278634 4.01097e-08 0.999612

  PointToIndexMatrix: 
-0.997527 -0.0645323 -0.0278634
0.0645574 -0.997914 4.01049e-08
-0.0278053 -0.00179875 0.999612

  Inverse Direction: 
-0.997527 -0.0645323 -0.0278634
0.0645574 -0.997914 4.01049e-08
-0.0278053 -0.00179875 0.999612

  PixelContainer: 
    ImportImageContainer (0x3bff850)
      RTTI typeinfo:   itk::ImportImageContainer<unsigned long, double>
      Reference Count: 1
      Modified Time: 2325
      Debug: Off
      Object Name: 
      Observers: 
        none
      Pointer: 0x14e636f2c010
      Container manages memory: true
      Size: 9830400
      Capacity: 9830400

     Weighting = 1
     Sampling strategy = regular
     Number of bins = 32
     Radius = 4
     Sampling percentage  = 0.25
   Transform = Rigid
     Gradient step = 0.1
     Update field sigma (voxel space) = 0
     Total field sigma (voxel space) = 0
     Update field time sigma = 0
     Total field time sigma  = 0
     Number of time indices = 0
     Number of time point samples = 0
Registration using 1 total stages.

Stage 0
  iterations = 0
  convergence threshold = 1e-06
  convergence window size = 10
  number of levels = 1
  using the Mattes MI metric (number of bins = 32, weight = 1, use gradient filter = 0)
  preprocessing:  winsorizing the image intensities
  Shrink factors (level 1 out of 1): [1, 1, 1]
  smoothing sigmas per level: [0]
  regular sampling (percentage = 0.25)

*** Running Euler3DTransform registration ***

  Elapsed time (stage 0): 1.1071


Total elapsed time: 1.11006
Info [verificarlo]: loaded backend libinterflop_ieee.so
Info [interflop-ieee]: load backend with:
Info [interflop-ieee]: debug = false
Info [interflop-ieee]: debug-binary = false
Info [interflop-ieee]: no-backend-name = false
Info [interflop-ieee]: print-new-line = false
Info [interflop-ieee]: print-subnormal-normalized = false
Info [interflop-ieee]: count-op = false
All_Command_lines_OK
Using double precision for computations.
=============================================================================
The composite transform comprises the following transforms (in order): 
  1. /home/mdugre/scratch/mri-registration-rp/datasets/ds004513/derivatives/mri-registration-rp/0001/antsRegistration-r8-p6/sub-s032/align_Composite.h5[0] (type = Euler3DTransform)
  2. /home/mdugre/scratch/mri-registration-rp/datasets/ds004513/derivatives/mri-registration-rp/0001/antsRegistration-r8-p6/sub-s032/align_Composite.h5[1] (type = Euler3DTransform)
=============================================================================
  number of levels = 4
  fixed image: /templateflow/tpl-MNI152NLin2009cAsym/tpl-MNI152NLin2009cAsym_res-01_desc-brain_T1w.nii.gz
  moving image: /home/mdugre/scratch/mri-registration-rp/datasets/ds004513/derivatives/mri-registration-rp/antsBrainExtraction/sub-s032/BrainExtractionBrain.nii.gz
Dimension = 3
Number of stages = 1
Use histogram matching = false
Winsorize image intensities = true
  Lower quantile = 0.005
  Upper quantile = 0.995


Stage 1 State
   Image metric = MattesMI
     Fixed image = Image (0x4886530)
  RTTI typeinfo:   itk::Image<double, 3u>
  Reference Count: 2
  Modified Time: 1578
  Debug: Off
  Object Name: 
  Observers: 
    none
  Source: (none)
  Source output name: (none)
  Release Data: Off
  Data Released: False
  Global Release Data: Off
  PipelineMTime: 0
  UpdateMTime: 1189
  RealTimeStamp: 0 seconds 
  LargestPossibleRegion: 
    Dimension: 3
    Index: [0, 0, 0]
    Size: [193, 229, 193]
  BufferedRegion: 
    Dimension: 3
    Index: [0, 0, 0]
    Size: [193, 229, 193]
  RequestedRegion: 
    Dimension: 3
    Index: [0, 0, 0]
    Size: [193, 229, 193]
  Spacing: [1, 1, 1]
  Origin: [96, 132, -78]
  Direction: 
-1 0 0
0 -1 0
0 0 1

  IndexToPointMatrix: 
-1 0 0
0 -1 0
0 0 1

  PointToIndexMatrix: 
-1 0 0
0 -1 0
0 0 1

  Inverse Direction: 
-1 0 0
0 -1 0
0 0 1

  PixelContainer: 
    ImportImageContainer (0x4944d60)
      RTTI typeinfo:   itk::ImportImageContainer<unsigned long, double>
      Reference Count: 1
      Modified Time: 1186
      Debug: Off
      Object Name: 
      Observers: 
        none
      Pointer: 0x14a019105010
      Container manages memory: true
      Size: 8530021
      Capacity: 8530021

     Moving image = Image (0x4936f60)
  RTTI typeinfo:   itk::Image<double, 3u>
  Reference Count: 2
  Modified Time: 1579
  Debug: Off
  Object Name: 
  Observers: 
    none
  Source: (none)
  Source output name: (none)
  Release Data: Off
  Data Released: False
  Global Release Data: Off
  PipelineMTime: 0
  UpdateMTime: 1576
  RealTimeStamp: 0 seconds 
  LargestPossibleRegion: 
    Dimension: 3
    Index: [0, 0, 0]
    Size: [160, 240, 256]
  BufferedRegion: 
    Dimension: 3
    Index: [0, 0, 0]
    Size: [160, 240, 256]
  RequestedRegion: 
    Dimension: 3
    Index: [0, 0, 0]
    Size: [160, 240, 256]
  Spacing: [1, 1, 1]
  Origin: [73.279, 104.707, -131.187]
  Direction: 
-0.997527 0.0645574 -0.0278053
-0.0645323 -0.997914 -0.00179875
-0.0278634 4.01097e-08 0.999612

  IndexToPointMatrix: 
-0.997527 0.0645574 -0.0278053
-0.0645323 -0.997914 -0.00179875
-0.0278634 4.01097e-08 0.999612

  PointToIndexMatrix: 
-0.997527 -0.0645323 -0.0278634
0.0645574 -0.997914 4.01049e-08
-0.0278053 -0.00179875 0.999612

  Inverse Direction: 
-0.997527 -0.0645323 -0.0278634
0.0645574 -0.997914 4.01049e-08
-0.0278053 -0.00179875 0.999612

  PixelContainer: 
    ImportImageContainer (0x49286d0)
      RTTI typeinfo:   itk::ImportImageContainer<unsigned long, double>
      Reference Count: 1
      Modified Time: 1573
      Debug: Off
      Object Name: 
      Observers: 
        none
      Pointer: 0x14a014604010
      Container manages memory: true
      Size: 9830400
      Capacity: 9830400

     Weighting = 1
     Sampling strategy = regular
     Number of bins = 32
     Radius = 4
     Sampling percentage  = 0.25
   Transform = Rigid
     Gradient step = 0.1
     Update field sigma (voxel space) = 0
     Total field sigma (voxel space) = 0
     Update field time sigma = 0
     Total field time sigma  = 0
     Number of time indices = 0
     Number of time point samples = 0
Registration using 1 total stages.

Stage 0
  iterations = 1000x500x250x100
  convergence threshold = 1e-06
  convergence window size = 10
  number of levels = 4
  using the Mattes MI metric (number of bins = 32, weight = 1, use gradient filter = 0)
  preprocessing:  winsorizing the image intensities
  Shrink factors (level 1 out of 4): [8, 8, 8]
  Shrink factors (level 2 out of 4): [4, 4, 4]
  Shrink factors (level 3 out of 4): [2, 2, 2]
  Shrink factors (level 4 out of 4): [1, 1, 1]
  smoothing sigmas per level: [3, 2, 1, 0]
  regular sampling (percentage = 0.25)

*** Running Euler3DTransform registration ***

DIAGNOSTIC,Iteration,metricValue,convergenceValue,ITERATION_TIME_INDEX,SINCE_LAST
 2DIAGNOSTIC,     1, -5.480496989617e-01, 1.797693134862e+308, 7.2605e-01, 7.2605e-01, 
 2DIAGNOSTIC,     2, -5.506811078454e-01, 1.797693134862e+308, 7.3157e-01, 5.5270e-03, 
 2DIAGNOSTIC,     3, -5.546514955662e-01, 1.797693134862e+308, 7.3670e-01, 5.1250e-03, 
 2DIAGNOSTIC,     4, -5.606863537750e-01, 1.797693134862e+308, 7.4110e-01, 4.3981e-03, 
 2DIAGNOSTIC,     5, -5.693661845193e-01, 1.797693134862e+308, 7.4558e-01, 4.4811e-03, 
 2DIAGNOSTIC,     6, -5.854078830086e-01, 1.797693134862e+308, 7.5022e-01, 4.6380e-03, 
 2DIAGNOSTIC,     7, -6.232769732918e-01, 1.797693134862e+308, 7.5500e-01, 4.7810e-03, 
 2DIAGNOSTIC,     8, -6.297683730473e-01, 1.797693134862e+308, 7.6008e-01, 5.0800e-03, 
 2DIAGNOSTIC,     9, -6.366738733405e-01, 1.797693134862e+308, 7.6800e-01, 7.9272e-03, 
 2DIAGNOSTIC,    10, -6.375630690827e-01, 1.201760866083e-02, 7.7252e-01, 4.5168e-03, 
 2DIAGNOSTIC,    11, -6.405337628679e-01, 1.087684809450e-02, 7.7703e-01, 4.5061e-03, 
 2DIAGNOSTIC,    12, -6.435528997438e-01, 9.167753354490e-03, 7.8208e-01, 5.0521e-03, 
 2DIAGNOSTIC,    13, -6.444720921444e-01, 7.089498731847e-03, 7.8647e-01, 4.3881e-03, 
 2DIAGNOSTIC,    14, -6.463616611293e-01, 4.967892496988e-03, 7.9164e-01, 5.1770e-03, 
 2DIAGNOSTIC,    15, -6.484646963404e-01, 3.033020789043e-03, 7.9941e-01, 7.7620e-03, 
 2DIAGNOSTIC,    16, -6.486009987994e-01, 1.520386367320e-03, 8.0405e-01, 4.6480e-03, 
 2DIAGNOSTIC,    17, -6.493699344760e-01, 1.108203205204e-03, 8.0861e-01, 4.5559e-03, 
 2DIAGNOSTIC,    18, -6.514578195065e-01, 8.586162135985e-04, 8.1322e-01, 4.6048e-03, 
 2DIAGNOSTIC,    19, -6.526592717406e-01, 7.533650369803e-04, 8.1759e-01, 4.3750e-03, 
 2DIAGNOSTIC,    20, -6.536191777189e-01, 6.303067369292e-04, 8.2206e-01, 4.4689e-03, 
 2DIAGNOSTIC,    21, -6.549162298979e-01, 5.534292205378e-04, 8.2660e-01, 4.5381e-03, 
 2DIAGNOSTIC,    22, -6.562385790832e-01, 5.226986103231e-04, 8.3210e-01, 5.5010e-03, 
 2DIAGNOSTIC,    23, -6.565000058113e-01, 4.680180012235e-04, 8.3709e-01, 4.9899e-03, 
 2DIAGNOSTIC,    24, -6.565387353854e-01, 4.101063704203e-04, 8.4217e-01, 5.0800e-03, 
 2DIAGNOSTIC,    25, -6.567702146893e-01, 3.618032093022e-04, 8.5078e-01, 8.6160e-03, 
 2DIAGNOSTIC,    26, -6.583507212369e-01, 3.132611037339e-04, 8.5556e-01, 4.7741e-03, 
 2DIAGNOSTIC,    27, -6.586527568469e-01, 2.554116018356e-04, 8.6008e-01, 4.5171e-03, 
 2DIAGNOSTIC,    28, -6.593310437738e-01, 2.225767143850e-04, 8.6617e-01, 6.0940e-03, 
 2DIAGNOSTIC,    29, -6.595734041655e-01, 1.939316665346e-04, 8.7137e-01, 5.1980e-03, 
 2DIAGNOSTIC,    30, -6.595955819569e-01, 1.634946778533e-04, 8.7640e-01, 5.0299e-03, 
 2DIAGNOSTIC,    31, -6.596949967569e-01, 1.392755860931e-04, 8.8095e-01, 4.5509e-03, 
 2DIAGNOSTIC,    32, -6.597157295314e-01, 1.221677497614e-04, 8.8604e-01, 5.0969e-03, 
 2DIAGNOSTIC,    33, -6.597001423847e-01, 9.820426863148e-05, 8.9337e-01, 7.3249e-03, 
 2DIAGNOSTIC,    34, -6.595254449706e-01, 6.486903007536e-05, 8.9787e-01, 4.5009e-03, 
 2DIAGNOSTIC,    35, -6.595295822812e-01, 3.010817890787e-05, 9.0241e-01, 4.5381e-03, 
 2DIAGNOSTIC,    36, -6.595351297938e-01, 1.424396566794e-05, 9.0698e-01, 4.5731e-03, 
 2DIAGNOSTIC,    37, -6.595409535782e-01, 1.474135177298e-06, 9.1191e-01, 4.9319e-03, 
DIAGNOSTIC,Iteration,metricValue,convergenceValue,ITERATION_TIME_INDEX,SINCE_LAST
 2DIAGNOSTIC,     1, -5.183739626502e-01, 1.797693134862e+308, 1.7413e+00, 8.2940e-01, 
 2DIAGNOSTIC,     2, -5.189226238259e-01, 1.797693134862e+308, 1.7715e+00, 3.0162e-02, 
 2DIAGNOSTIC,     3, -5.196899327321e-01, 1.797693134862e+308, 1.8043e+00, 3.2807e-02, 
 2DIAGNOSTIC,     4, -5.204463662974e-01, 1.797693134862e+308, 1.8375e+00, 3.3214e-02, 
 2DIAGNOSTIC,     5, -5.209979485266e-01, 1.797693134862e+308, 1.8705e+00, 3.2985e-02, 
 2DIAGNOSTIC,     6, -5.216357744151e-01, 1.797693134862e+308, 1.9035e+00, 3.3072e-02, 
 2DIAGNOSTIC,     7, -5.233753714925e-01, 1.797693134862e+308, 1.9345e+00, 3.0919e-02, 
 2DIAGNOSTIC,     8, -5.241119131376e-01, 1.797693134862e+308, 1.9743e+00, 3.9873e-02, 
 2DIAGNOSTIC,     9, -5.247293428699e-01, 1.797693134862e+308, 2.0181e+00, 4.3730e-02, 
 2DIAGNOSTIC,    10, -5.250028240580e-01, 8.899807880055e-04, 2.0562e+00, 3.8130e-02, 
 2DIAGNOSTIC,    11, -5.254483049195e-01, 7.905532059946e-04, 2.0937e+00, 3.7537e-02, 
 2DIAGNOSTIC,    12, -5.277635693395e-01, 7.650652161041e-04, 2.1309e+00, 3.7165e-02, 
 2DIAGNOSTIC,    13, -5.283161393901e-01, 7.264279830975e-04, 2.1654e+00, 3.4534e-02, 
 2DIAGNOSTIC,    14, -5.288222941489e-01, 6.775650488408e-04, 2.1992e+00, 3.3745e-02, 
 2DIAGNOSTIC,    15, -5.289976644114e-01, 6.012605569397e-04, 2.2317e+00, 3.2484e-02, 
 2DIAGNOSTIC,    16, -5.298475155189e-01, 5.287514224703e-04, 2.2697e+00, 3.8032e-02, 
 2DIAGNOSTIC,    17, -5.313522099761e-01, 5.176188393067e-04, 2.3036e+00, 3.3882e-02, 
 2DIAGNOSTIC,    18, -5.317211818915e-01, 4.916458694149e-04, 2.3383e+00, 3.4692e-02, 
 2DIAGNOSTIC,    19, -5.322490372822e-01, 4.569573896346e-04, 2.3796e+00, 4.1358e-02, 
 2DIAGNOSTIC,    20, -5.323376712510e-01, 3.940986456215e-04, 2.4109e+00, 3.1247e-02, 
 2DIAGNOSTIC,    21, -5.325910070576e-01, 3.171259100096e-04, 2.4469e+00, 3.6046e-02, 
 2DIAGNOSTIC,    22, -5.334985762618e-01, 2.960183266435e-04, 2.4836e+00, 3.6705e-02, 
 2DIAGNOSTIC,    23, -5.343210937942e-01, 2.806745112012e-04, 2.5235e+00, 3.9866e-02, 
 2DIAGNOSTIC,    24, -5.358651842560e-01, 2.867345839827e-04, 2.5665e+00, 4.2985e-02, 
 2DIAGNOSTIC,    25, -5.371405171961e-01, 2.962393975124e-04, 2.5970e+00, 3.0571e-02, 
 2DIAGNOSTIC,    26, -5.416673960417e-01, 3.876063029913e-04, 2.6303e+00, 3.3218e-02, 
 2DIAGNOSTIC,    27, -5.441316787529e-01, 5.124214470821e-04, 2.6617e+00, 3.1456e-02, 
 2DIAGNOSTIC,    28, -5.459079379618e-01, 6.204315075975e-04, 2.7301e+00, 6.8349e-02, 
 2DIAGNOSTIC,    29, -5.461005319310e-01, 6.762924414522e-04, 2.7632e+00, 3.3166e-02, 
 2DIAGNOSTIC,    30, -5.464384826056e-01, 6.726632136019e-04, 2.7924e+00, 2.9145e-02, 
 2DIAGNOSTIC,    31, -5.468330715637e-01, 6.159080300593e-04, 2.8218e+00, 2.9373e-02, 
 2DIAGNOSTIC,    32, -5.472814901115e-01, 5.263487823247e-04, 2.8513e+00, 2.9509e-02, 
 2DIAGNOSTIC,    33, -5.478118312687e-01, 4.145223355479e-04, 2.8854e+00, 3.4138e-02, 
 2DIAGNOSTIC,    34, -5.482920791531e-01, 3.027001174592e-04, 2.9229e+00, 3.7449e-02, 
 2DIAGNOSTIC,    35, -5.485926252974e-01, 1.916119686874e-04, 2.9532e+00, 3.0352e-02, 
 2DIAGNOSTIC,    36, -5.509798752653e-01, 1.703441915463e-04, 2.9902e+00, 3.7031e-02, 
 2DIAGNOSTIC,    37, -5.578607223305e-01, 2.669206550728e-04, 3.0345e+00, 4.4275e-02, 
 2DIAGNOSTIC,    38, -5.611351233223e-01, 4.010852562031e-04, 3.0675e+00, 3.2948e-02, 
 2DIAGNOSTIC,    39, -5.616006814839e-01, 4.991532509525e-04, 3.0965e+00, 2.9030e-02, 
 2DIAGNOSTIC,    40, -5.624467090884e-01, 5.619476774312e-04, 3.1399e+00, 4.3452e-02, 
 2DIAGNOSTIC,    41, -5.626738634401e-01, 5.756703876482e-04, 3.1677e+00, 2.7731e-02, 
 2DIAGNOSTIC,    42, -5.639315181812e-01, 5.536884382179e-04, 3.1990e+00, 3.1355e-02, 
 2DIAGNOSTIC,    43, -5.644361079624e-01, 4.918148022347e-04, 3.2306e+00, 3.1567e-02, 
 2DIAGNOSTIC,    44, -5.646413860556e-01, 3.955789573092e-04, 3.2637e+00, 3.3149e-02, 
 2DIAGNOSTIC,    45, -5.647762572892e-01, 2.720396699040e-04, 3.2951e+00, 3.1403e-02, 
 2DIAGNOSTIC,    46, -5.650432471177e-01, 1.567899552006e-04, 3.3230e+00, 2.7883e-02, 
 2DIAGNOSTIC,    47, -5.658848176875e-01, 1.170323283194e-04, 3.3546e+00, 3.1525e-02, 
 2DIAGNOSTIC,    48, -5.660608691455e-01, 1.052981139040e-04, 3.3865e+00, 3.1898e-02, 
 2DIAGNOSTIC,    49, -5.664137066083e-01, 9.284512196812e-05, 3.4217e+00, 3.5237e-02, 
 2DIAGNOSTIC,    50, -5.668945401766e-01, 8.619709518386e-05, 3.4533e+00, 3.1642e-02, 
 2DIAGNOSTIC,    51, -5.670571866857e-01, 7.520521079613e-05, 3.5089e+00, 5.5535e-02, 
 2DIAGNOSTIC,    52, -5.670779806282e-01, 7.019118544073e-05, 3.5404e+00, 3.1514e-02, 
 2DIAGNOSTIC,    53, -5.670619269245e-01, 6.354509750826e-05, 3.5717e+00, 3.1303e-02, 
 2DIAGNOSTIC,    54, -5.670473228946e-01, 5.304328046167e-05, 3.6063e+00, 3.4636e-02, 
 2DIAGNOSTIC,    55, -5.670451439817e-01, 3.912903663061e-05, 3.6445e+00, 3.8229e-02, 
 2DIAGNOSTIC,    56, -5.670321121580e-01, 2.420232173600e-05, 3.6790e+00, 3.4406e-02, 
 2DIAGNOSTIC,    57, -5.670341041930e-01, 1.532813454123e-05, 3.7094e+00, 3.0484e-02, 
 2DIAGNOSTIC,    58, -5.670293290327e-01, 6.879340751279e-06, 3.7403e+00, 3.0892e-02, 
 2DIAGNOSTIC,    59, -5.670347596170e-01, 1.185095585443e-06, 3.7717e+00, 3.1394e-02, 
DIAGNOSTIC,Iteration,metricValue,convergenceValue,ITERATION_TIME_INDEX,SINCE_LAST
 2DIAGNOSTIC,     1, -5.013275391007e-01, 1.797693134862e+308, 4.9500e+00, 1.1783e+00, 
 2DIAGNOSTIC,     2, -5.015305543182e-01, 1.797693134862e+308, 5.1843e+00, 2.3423e-01, 
 2DIAGNOSTIC,     3, -5.017879532875e-01, 1.797693134862e+308, 5.4101e+00, 2.2586e-01, 
 2DIAGNOSTIC,     4, -5.020085831424e-01, 1.797693134862e+308, 5.7188e+00, 3.0865e-01, 
 2DIAGNOSTIC,     5, -5.021219951307e-01, 1.797693134862e+308, 6.0228e+00, 3.0401e-01, 
 2DIAGNOSTIC,     6, -5.021517807691e-01, 1.797693134862e+308, 6.2600e+00, 2.3716e-01, 
 2DIAGNOSTIC,     7, -5.022154703082e-01, 1.797693134862e+308, 6.5386e+00, 2.7863e-01, 
 2DIAGNOSTIC,     8, -5.022434201780e-01, 1.797693134862e+308, 6.7866e+00, 2.4805e-01, 
 2DIAGNOSTIC,     9, -5.023877640262e-01, 1.797693134862e+308, 7.1863e+00, 3.9964e-01, 
 2DIAGNOSTIC,    10, -5.024142613255e-01, 1.309501370938e-04, 7.4649e+00, 2.7866e-01, 
 2DIAGNOSTIC,    11, -5.024240401409e-01, 9.419182910829e-05, 7.7289e+00, 2.6400e-01, 
 2DIAGNOSTIC,    12, -5.024199102267e-01, 6.467660449820e-05, 8.0657e+00, 3.3676e-01, 
 2DIAGNOSTIC,    13, -5.024212189721e-01, 4.514899154175e-05, 8.3541e+00, 2.8840e-01, 
 2DIAGNOSTIC,    14, -5.024222310135e-01, 3.331635936701e-05, 8.6071e+00, 2.5299e-01, 
 2DIAGNOSTIC,    15, -5.024245308363e-01, 2.456655599842e-05, 8.8847e+00, 2.7761e-01, 
 2DIAGNOSTIC,    16, -5.024325948891e-01, 1.621233751189e-05, 9.1777e+00, 2.9305e-01, 
 2DIAGNOSTIC,    17, -5.024387087987e-01, 9.896261090214e-06, 9.4815e+00, 3.0371e-01, 
 2DIAGNOSTIC,    18, -5.025280326078e-01, 7.111312793164e-06, 9.7329e+00, 2.5144e-01, 
 2DIAGNOSTIC,    19, -5.025572636155e-01, 9.202338382870e-06, 1.0020e+01, 2.8684e-01, 
 2DIAGNOSTIC,    20, -5.025698048098e-01, 1.148803019443e-05, 1.0263e+01, 2.4310e-01, 
 2DIAGNOSTIC,    21, -5.025678745480e-01, 1.288407791764e-05, 1.0525e+01, 2.6198e-01, 
 2DIAGNOSTIC,    22, -5.025720596184e-01, 1.309890002833e-05, 1.0817e+01, 2.9241e-01, 
 2DIAGNOSTIC,    23, -5.025792392137e-01, 1.237805139172e-05, 1.1160e+01, 3.4252e-01, 
 2DIAGNOSTIC,    24, -5.025814876162e-01, 1.074164182859e-05, 1.1519e+01, 3.5893e-01, 
 2DIAGNOSTIC,    25, -5.025785792558e-01, 8.362673369511e-06, 1.1947e+01, 4.2815e-01, 
 2DIAGNOSTIC,    26, -5.025780977821e-01, 5.699304343694e-06, 1.2184e+01, 2.3677e-01, 
 2DIAGNOSTIC,    27, -5.025770298465e-01, 2.873954242921e-06, 1.2484e+01, 3.0076e-01, 
 2DIAGNOSTIC,    28, -5.025767754513e-01, 1.872467128079e-06, 1.2795e+01, 3.1093e-01, 
 2DIAGNOSTIC,    29, -5.025761779738e-01, 1.421749109130e-06, 1.3069e+01, 2.7416e-01, 
 2DIAGNOSTIC,    30, -5.025748029907e-01, 1.185944558890e-06, 1.3299e+01, 2.2990e-01, 
DIAGNOSTIC,Iteration,metricValue,convergenceValue,ITERATION_TIME_INDEX,SINCE_LAST
 2DIAGNOSTIC,     1, -4.668206982674e-01, 1.797693134862e+308, 1.5822e+01, 2.5225e+00, 
 2DIAGNOSTIC,     2, -4.669467374117e-01, 1.797693134862e+308, 1.7256e+01, 1.4339e+00, 
 2DIAGNOSTIC,     3, -4.670262477063e-01, 1.797693134862e+308, 1.8767e+01, 1.5109e+00, 
 2DIAGNOSTIC,     4, -4.670380299377e-01, 1.797693134862e+308, 2.0285e+01, 1.5185e+00, 
 2DIAGNOSTIC,     5, -4.670346989358e-01, 1.797693134862e+308, 2.2296e+01, 2.0111e+00, 
 2DIAGNOSTIC,     6, -4.670345288810e-01, 1.797693134862e+308, 2.3935e+01, 1.6383e+00, 
 2DIAGNOSTIC,     7, -4.670342626233e-01, 1.797693134862e+308, 2.5698e+01, 1.7633e+00, 
 2DIAGNOSTIC,     8, -4.670339642999e-01, 1.797693134862e+308, 2.7287e+01, 1.5891e+00, 
 2DIAGNOSTIC,     9, -4.670337206685e-01, 1.797693134862e+308, 2.8961e+01, 1.6738e+00, 
 2DIAGNOSTIC,    10, -4.670337470299e-01, 2.099212850235e-05, 3.0565e+01, 1.6046e+00, 
 2DIAGNOSTIC,    11, -4.670335596221e-01, 7.869036454805e-06, 3.2072e+01, 1.5061e+00, 
 2DIAGNOSTIC,    12, -4.670335238412e-01, 2.766411143815e-06, 3.3758e+01, 1.6863e+00, 
 2DIAGNOSTIC,    13, -4.670333473330e-01, 2.134762777162e-06, 3.5430e+01, 1.6724e+00, 
 2DIAGNOSTIC,    14, -4.670332999826e-01, 2.135991851754e-06, 3.7102e+01, 1.6715e+00, 
 2DIAGNOSTIC,    15, -4.670331616893e-01, 2.008605065065e-06, 3.8846e+01, 1.7440e+00, 
 2DIAGNOSTIC,    16, -4.670330081210e-01, 1.895260677384e-06, 4.0392e+01, 1.5467e+00, 
 2DIAGNOSTIC,    17, -4.670330260766e-01, 1.795275716900e-06, 4.1761e+01, 1.3683e+00, 
 2DIAGNOSTIC,    18, -4.670330560945e-01, 1.704445831981e-06, 4.3292e+01, 1.5314e+00, 
 2DIAGNOSTIC,    19, -4.670331066961e-01, 1.622664628186e-06, 4.4840e+01, 1.5475e+00, 
 2DIAGNOSTIC,    20, -4.670332825447e-01, 1.560141729993e-06, 4.6544e+01, 1.7046e+00, 
 2DIAGNOSTIC,    21, -4.670334196609e-01, 1.504868318826e-06, 4.8045e+01, 1.5012e+00, 
 2DIAGNOSTIC,    22, -4.670333630354e-01, 1.453030781751e-06, 4.9370e+01, 1.3249e+00, 
 2DIAGNOSTIC,    23, -4.670333302374e-01, 1.399567897763e-06, 5.0850e+01, 1.4797e+00, 
 2DIAGNOSTIC,    24, -4.670333085795e-01, 1.347347767029e-06, 5.2318e+01, 1.4676e+00, 
 2DIAGNOSTIC,    25, -4.670332690585e-01, 1.292938588957e-06, 5.3960e+01, 1.6425e+00, 
 2DIAGNOSTIC,    26, -4.670332407462e-01, 1.236487749107e-06, 5.5297e+01, 1.3371e+00, 
 2DIAGNOSTIC,    27, -4.670333480956e-01, 1.185889522748e-06, 5.7019e+01, 1.7213e+00, 
 2DIAGNOSTIC,    28, -4.670335006599e-01, 1.142139273637e-06, 5.8354e+01, 1.3352e+00, 
 2DIAGNOSTIC,    29, -4.670334885474e-01, 1.101491930805e-06, 5.9993e+01, 1.6392e+00, 
 2DIAGNOSTIC,    30, -4.670335921503e-01, 1.068783297316e-06, 6.1630e+01, 1.6367e+00, 
 2DIAGNOSTIC,    31, -4.670335335868e-01, 1.038938427914e-06, 6.3165e+01, 1.5353e+00, 
 2DIAGNOSTIC,    32, -4.670334433995e-01, 1.006964136373e-06, 6.4883e+01, 1.7183e+00, 
  Elapsed time (stage 0): 6.5724e+01


Total elapsed time: 6.5727e+01
Info [verificarlo]: loaded backend libinterflop_ieee.so
Info [interflop-ieee]: load backend with:
Info [interflop-ieee]: debug = false
Info [interflop-ieee]: debug-binary = false
Info [interflop-ieee]: no-backend-name = false
Info [interflop-ieee]: print-new-line = false
Info [interflop-ieee]: print-subnormal-normalized = false
Info [interflop-ieee]: count-op = false
All_Command_lines_OK
Using double precision for computations.
=============================================================================
The composite transform comprises the following transforms (in order): 
  1. /home/mdugre/scratch/mri-registration-rp/datasets/ds004513/derivatives/mri-registration-rp/0001/antsRegistration-r8-p6/sub-s032/rigid_Composite.h5[0] (type = Euler3DTransform)
  2. /home/mdugre/scratch/mri-registration-rp/datasets/ds004513/derivatives/mri-registration-rp/0001/antsRegistration-r8-p6/sub-s032/rigid_Composite.h5[1] (type = Euler3DTransform)
  3. /home/mdugre/scratch/mri-registration-rp/datasets/ds004513/derivatives/mri-registration-rp/0001/antsRegistration-r8-p6/sub-s032/rigid_Composite.h5[2] (type = Euler3DTransform)
=============================================================================
  number of levels = 4
  fixed image: /templateflow/tpl-MNI152NLin2009cAsym/tpl-MNI152NLin2009cAsym_res-01_desc-brain_T1w.nii.gz
  moving image: /home/mdugre/scratch/mri-registration-rp/datasets/ds004513/derivatives/mri-registration-rp/antsBrainExtraction/sub-s032/BrainExtractionBrain.nii.gz
Dimension = 3
Number of stages = 1
Use histogram matching = false
Winsorize image intensities = true
  Lower quantile = 0.005
  Upper quantile = 0.995


Stage 1 State
   Image metric = MattesMI
     Fixed image = Image (0x4e7e530)
  RTTI typeinfo:   itk::Image<double, 3u>
  Reference Count: 2
  Modified Time: 1592
  Debug: Off
  Object Name: 
  Observers: 
    none
  Source: (none)
  Source output name: (none)
  Release Data: Off
  Data Released: False
  Global Release Data: Off
  PipelineMTime: 0
  UpdateMTime: 1203
  RealTimeStamp: 0 seconds 
  LargestPossibleRegion: 
    Dimension: 3
    Index: [0, 0, 0]
    Size: [193, 229, 193]
  BufferedRegion: 
    Dimension: 3
    Index: [0, 0, 0]
    Size: [193, 229, 193]
  RequestedRegion: 
    Dimension: 3
    Index: [0, 0, 0]
    Size: [193, 229, 193]
  Spacing: [1, 1, 1]
  Origin: [96, 132, -78]
  Direction: 
-1 0 0
0 -1 0
0 0 1

  IndexToPointMatrix: 
-1 0 0
0 -1 0
0 0 1

  PointToIndexMatrix: 
-1 0 0
0 -1 0
0 0 1

  Inverse Direction: 
-1 0 0
0 -1 0
0 0 1

  PixelContainer: 
    ImportImageContainer (0x4f372a0)
      RTTI typeinfo:   itk::ImportImageContainer<unsigned long, double>
      Reference Count: 1
      Modified Time: 1200
      Debug: Off
      Object Name: 
      Observers: 
        none
      Pointer: 0x1456def62010
      Container manages memory: true
      Size: 8530021
      Capacity: 8530021

     Moving image = Image (0x4f39e60)
  RTTI typeinfo:   itk::Image<double, 3u>
  Reference Count: 2
  Modified Time: 1593
  Debug: Off
  Object Name: 
  Observers: 
    none
  Source: (none)
  Source output name: (none)
  Release Data: Off
  Data Released: False
  Global Release Data: Off
  PipelineMTime: 0
  UpdateMTime: 1590
  RealTimeStamp: 0 seconds 
  LargestPossibleRegion: 
    Dimension: 3
    Index: [0, 0, 0]
    Size: [160, 240, 256]
  BufferedRegion: 
    Dimension: 3
    Index: [0, 0, 0]
    Size: [160, 240, 256]
  RequestedRegion: 
    Dimension: 3
    Index: [0, 0, 0]
    Size: [160, 240, 256]
  Spacing: [1, 1, 1]
  Origin: [73.279, 104.707, -131.187]
  Direction: 
-0.997527 0.0645574 -0.0278053
-0.0645323 -0.997914 -0.00179875
-0.0278634 4.01097e-08 0.999612

  IndexToPointMatrix: 
-0.997527 0.0645574 -0.0278053
-0.0645323 -0.997914 -0.00179875
-0.0278634 4.01097e-08 0.999612

  PointToIndexMatrix: 
-0.997527 -0.0645323 -0.0278634
0.0645574 -0.997914 4.01049e-08
-0.0278053 -0.00179875 0.999612

  Inverse Direction: 
-0.997527 -0.0645323 -0.0278634
0.0645574 -0.997914 4.01049e-08
-0.0278053 -0.00179875 0.999612

  PixelContainer: 
    ImportImageContainer (0x4f6d390)
      RTTI typeinfo:   itk::ImportImageContainer<unsigned long, double>
      Reference Count: 1
      Modified Time: 1587
      Debug: Off
      Object Name: 
      Observers: 
        none
      Pointer: 0x1456da461010
      Container manages memory: true
      Size: 9830400
      Capacity: 9830400

     Weighting = 1
     Sampling strategy = regular
     Number of bins = 32
     Radius = 4
     Sampling percentage  = 0.25
   Transform = Affine
     Gradient step = 0.1
     Update field sigma (voxel space) = 0
     Total field sigma (voxel space) = 0
     Update field time sigma = 0
     Total field time sigma  = 0
     Number of time indices = 0
     Number of time point samples = 0
Registration using 1 total stages.

Stage 0
  iterations = 1000x500x250x100
  convergence threshold = 1e-06
  convergence window size = 10
  number of levels = 4
  using the Mattes MI metric (number of bins = 32, weight = 1, use gradient filter = 0)
  preprocessing:  winsorizing the image intensities
  Shrink factors (level 1 out of 4): [8, 8, 8]
  Shrink factors (level 2 out of 4): [4, 4, 4]
  Shrink factors (level 3 out of 4): [2, 2, 2]
  Shrink factors (level 4 out of 4): [1, 1, 1]
  smoothing sigmas per level: [3, 2, 1, 0]
  regular sampling (percentage = 0.25)

*** Running AffineTransform registration ***

DIAGNOSTIC,Iteration,metricValue,convergenceValue,ITERATION_TIME_INDEX,SINCE_LAST
 2DIAGNOSTIC,     1, -6.858088789050e-01, 1.797693134862e+308, 7.9787e-01, 7.9787e-01, 
 2DIAGNOSTIC,     2, -6.876911449620e-01, 1.797693134862e+308, 8.0315e-01, 5.2791e-03, 
 2DIAGNOSTIC,     3, -6.912920788868e-01, 1.797693134862e+308, 8.0848e-01, 5.3341e-03, 
 2DIAGNOSTIC,     4, -7.018814564823e-01, 1.797693134862e+308, 8.1392e-01, 5.4359e-03, 
 2DIAGNOSTIC,     5, -7.208842144287e-01, 1.797693134862e+308, 8.1932e-01, 5.4009e-03, 
 2DIAGNOSTIC,     6, -7.212236050363e-01, 1.797693134862e+308, 8.2465e-01, 5.3270e-03, 
 2DIAGNOSTIC,     7, -7.213573326394e-01, 1.797693134862e+308, 8.2986e-01, 5.2102e-03, 
 2DIAGNOSTIC,     8, -7.221785030063e-01, 1.797693134862e+308, 8.3450e-01, 4.6401e-03, 
 2DIAGNOSTIC,     9, -7.234406086978e-01, 1.797693134862e+308, 8.3917e-01, 4.6721e-03, 
 2DIAGNOSTIC,    10, -7.268223591921e-01, 4.127874240688e-03, 8.4436e-01, 5.1930e-03, 
 2DIAGNOSTIC,    11, -7.302401281039e-01, 3.245030124781e-03, 8.4979e-01, 5.4271e-03, 
 2DIAGNOSTIC,    12, -7.331713558525e-01, 2.391286344999e-03, 8.5527e-01, 5.4779e-03, 
 2DIAGNOSTIC,    13, -7.351036902196e-01, 1.623407585346e-03, 8.6075e-01, 5.4851e-03, 
 2DIAGNOSTIC,    14, -7.366649754401e-01, 1.149693109805e-03, 8.6605e-01, 5.3010e-03, 
 2DIAGNOSTIC,    15, -7.374950357057e-01, 1.158130607947e-03, 8.7082e-01, 4.7691e-03, 
 2DIAGNOSTIC,    16, -7.384657682894e-01, 1.091213632740e-03, 8.7666e-01, 5.8420e-03, 
 2DIAGNOSTIC,    17, -7.388579438040e-01, 9.440657220695e-04, 8.8223e-01, 5.5690e-03, 
 2DIAGNOSTIC,    18, -7.387937430922e-01, 7.438470096391e-04, 8.8695e-01, 4.7202e-03, 
 2DIAGNOSTIC,    19, -7.389690010202e-01, 5.257822407630e-04, 8.9177e-01, 4.8120e-03, 
 2DIAGNOSTIC,    20, -7.392360855573e-01, 3.519497116238e-04, 8.9650e-01, 4.7331e-03, 
 2DIAGNOSTIC,    21, -7.395778031863e-01, 2.314886470461e-04, 9.0130e-01, 4.8060e-03, 
 2DIAGNOSTIC,    22, -7.403434987293e-01, 1.659670002457e-04, 9.0662e-01, 5.3160e-03, 
 2DIAGNOSTIC,    23, -7.412360615308e-01, 1.384101702483e-04, 9.1305e-01, 6.4249e-03, 
 2DIAGNOSTIC,    24, -7.414778002650e-01, 1.294319339250e-04, 9.1840e-01, 5.3501e-03, 
 2DIAGNOSTIC,    25, -7.416721362455e-01, 1.249643827820e-04, 9.2375e-01, 5.3549e-03, 
 2DIAGNOSTIC,    26, -7.418612510541e-01, 1.265466687945e-04, 9.2901e-01, 5.2640e-03, 
 2DIAGNOSTIC,    27, -7.420477571996e-01, 1.244600483835e-04, 9.3379e-01, 4.7801e-03, 
 2DIAGNOSTIC,    28, -7.421236941882e-01, 1.108617127754e-04, 9.3843e-01, 4.6339e-03, 
 2DIAGNOSTIC,    29, -7.422875664043e-01, 9.247496765361e-05, 9.4421e-01, 5.7781e-03, 
 2DIAGNOSTIC,    30, -7.424036364943e-01, 7.178647894888e-05, 9.5859e-01, 1.4381e-02, 
 2DIAGNOSTIC,    31, -7.424036329489e-01, 4.990785029405e-05, 9.6329e-01, 4.6980e-03, 
 2DIAGNOSTIC,    32, -7.424036478530e-01, 3.386555832195e-05, 9.6812e-01, 4.8320e-03, 
 2DIAGNOSTIC,    33, -7.424036730505e-01, 2.619139019600e-05, 9.7283e-01, 4.7169e-03, 
 2DIAGNOSTIC,    34, -7.424037156422e-01, 1.930527735267e-05, 9.7753e-01, 4.6990e-03, 
 2DIAGNOSTIC,    35, -7.424037876174e-01, 1.318379098971e-05, 9.8220e-01, 4.6690e-03, 
 2DIAGNOSTIC,    36, -7.424039091901e-01, 8.260095676411e-06, 9.8693e-01, 4.7321e-03, 
 2DIAGNOSTIC,    37, -7.424041143761e-01, 4.883036708009e-06, 9.9199e-01, 5.0521e-03, 
 2DIAGNOSTIC,    38, -7.424044587603e-01, 2.049758696318e-06, 9.9663e-01, 4.6411e-03, 
DIAGNOSTIC,Iteration,metricValue,convergenceValue,ITERATION_TIME_INDEX,SINCE_LAST
 2DIAGNOSTIC,     1, -5.974069476731e-01, 1.797693134862e+308, 1.7476e+00, 7.5100e-01, 
 2DIAGNOSTIC,     2, -5.980294387748e-01, 1.797693134862e+308, 1.7830e+00, 3.5417e-02, 
 2DIAGNOSTIC,     3, -5.987400726564e-01, 1.797693134862e+308, 1.8186e+00, 3.5539e-02, 
 2DIAGNOSTIC,     4, -5.996706659318e-01, 1.797693134862e+308, 1.8550e+00, 3.6448e-02, 
 2DIAGNOSTIC,     5, -6.007638997569e-01, 1.797693134862e+308, 1.8885e+00, 3.3522e-02, 
 2DIAGNOSTIC,     6, -6.024494216558e-01, 1.797693134862e+308, 1.9226e+00, 3.4088e-02, 
 2DIAGNOSTIC,     7, -6.057646410042e-01, 1.797693134862e+308, 1.9647e+00, 4.2084e-02, 
 2DIAGNOSTIC,     8, -6.066737043326e-01, 1.797693134862e+308, 2.0069e+00, 4.2132e-02, 
 2DIAGNOSTIC,     9, -6.067679148772e-01, 1.797693134862e+308, 2.0534e+00, 4.6579e-02, 
 2DIAGNOSTIC,    10, -6.068308745001e-01, 1.218317586650e-03, 2.0964e+00, 4.2946e-02, 
 2DIAGNOSTIC,    11, -6.068151636014e-01, 1.037887380746e-03, 2.1357e+00, 3.9335e-02, 
 2DIAGNOSTIC,    12, -6.068051852712e-01, 8.168942776932e-04, 2.1737e+00, 3.7946e-02, 
 2DIAGNOSTIC,    13, -6.067862279540e-01, 5.812043458237e-04, 2.2124e+00, 3.8738e-02, 
 2DIAGNOSTIC,    14, -6.067811404097e-01, 3.592224834658e-04, 2.2501e+00, 3.7722e-02, 
 2DIAGNOSTIC,    15, -6.067709993519e-01, 1.685493065432e-04, 2.2883e+00, 3.8180e-02, 
 2DIAGNOSTIC,    16, -6.067572592920e-01, 3.330140548999e-05, 2.3237e+00, 3.5355e-02, 
 2DIAGNOSTIC,    17, -6.067557049053e-01, 2.201169987698e-06, 2.3572e+00, 3.3502e-02, 
DIAGNOSTIC,Iteration,metricValue,convergenceValue,ITERATION_TIME_INDEX,SINCE_LAST
 2DIAGNOSTIC,     1, -5.410909648086e-01, 1.797693134862e+308, 3.5349e+00, 1.1778e+00, 
 2DIAGNOSTIC,     2, -5.415295106126e-01, 1.797693134862e+308, 3.8300e+00, 2.9510e-01, 
 2DIAGNOSTIC,     3, -5.421309598309e-01, 1.797693134862e+308, 4.1326e+00, 3.0257e-01, 
 2DIAGNOSTIC,     4, -5.428526780103e-01, 1.797693134862e+308, 4.4151e+00, 2.8244e-01, 
 2DIAGNOSTIC,     5, -5.441916860394e-01, 1.797693134862e+308, 4.7022e+00, 2.8715e-01, 
 2DIAGNOSTIC,     6, -5.446400675309e-01, 1.797693134862e+308, 5.1586e+00, 4.5637e-01, 
 2DIAGNOSTIC,     7, -5.446656904894e-01, 1.797693134862e+308, 5.7953e+00, 6.3671e-01, 
 2DIAGNOSTIC,     8, -5.446641288030e-01, 1.797693134862e+308, 6.1061e+00, 3.1079e-01, 
 2DIAGNOSTIC,     9, -5.446627476007e-01, 1.797693134862e+308, 6.4548e+00, 3.4873e-01, 
 2DIAGNOSTIC,    10, -5.446619946997e-01, 4.741884790144e-04, 6.7842e+00, 3.2938e-01, 
 2DIAGNOSTIC,    11, -5.446602916647e-01, 3.278794979997e-04, 7.0893e+00, 3.0512e-01, 
 2DIAGNOSTIC,    12, -5.446597772802e-01, 1.964328052671e-04, 7.4293e+00, 3.3999e-01, 
 2DIAGNOSTIC,    13, -5.446580957459e-01, 9.196883782270e-05, 7.7489e+00, 3.1961e-01, 
 2DIAGNOSTIC,    14, -5.446583248551e-01, 2.005592715769e-05, 8.0756e+00, 3.2673e-01, 
 2DIAGNOSTIC,    15, -5.446565374851e-01, 2.267576639639e-06, 8.3878e+00, 3.1215e-01, 
 2DIAGNOSTIC,    16, -5.446558842377e-01, 1.290333441470e-06, 8.7222e+00, 3.3444e-01, 
 2DIAGNOSTIC,    17, -5.446574584557e-01, 1.329702430566e-06, 9.0815e+00, 3.5931e-01, 
 2DIAGNOSTIC,    18, -5.446577740869e-01, 1.377312575462e-06, 9.3706e+00, 2.8906e-01, 
 2DIAGNOSTIC,    19, -5.446570101831e-01, 1.397280710302e-06, 9.6294e+00, 2.5882e-01, 
 2DIAGNOSTIC,    20, -5.446544139940e-01, 1.356251492141e-06, 9.9790e+00, 3.4960e-01, 
 2DIAGNOSTIC,    21, -5.446557973294e-01, 1.335151549944e-06, 1.0329e+01, 3.5011e-01, 
 2DIAGNOSTIC,    22, -5.446540596496e-01, 1.277357739249e-06, 1.0629e+01, 2.9963e-01, 
 2DIAGNOSTIC,    23, -5.446514991176e-01, 1.143639659876e-06, 1.0975e+01, 3.4646e-01, 
 2DIAGNOSTIC,    24, -5.446517276559e-01, 1.057190798369e-06, 1.1280e+01, 3.0497e-01, 
DIAGNOSTIC,Iteration,metricValue,convergenceValue,ITERATION_TIME_INDEX,SINCE_LAST
 2DIAGNOSTIC,     1, -4.998341883282e-01, 1.797693134862e+308, 1.4064e+01, 2.7841e+00, 
 2DIAGNOSTIC,     2, -5.000363236417e-01, 1.797693134862e+308, 1.5740e+01, 1.6759e+00, 
 2DIAGNOSTIC,     3, -5.001279054540e-01, 1.797693134862e+308, 1.7414e+01, 1.6736e+00, 
 2DIAGNOSTIC,     4, -5.001874189724e-01, 1.797693134862e+308, 1.9152e+01, 1.7379e+00, 
 2DIAGNOSTIC,     5, -5.003510184924e-01, 1.797693134862e+308, 2.0957e+01, 1.8049e+00, 
 2DIAGNOSTIC,     6, -5.004820847284e-01, 1.797693134862e+308, 2.4341e+01, 3.3838e+00, 
 2DIAGNOSTIC,     7, -5.004843132311e-01, 1.797693134862e+308, 2.6133e+01, 1.7928e+00, 
 2DIAGNOSTIC,     8, -5.004841980077e-01, 1.797693134862e+308, 2.8008e+01, 1.8744e+00, 
 2DIAGNOSTIC,     9, -5.004853801559e-01, 1.797693134862e+308, 3.0485e+01, 2.4772e+00, 
 2DIAGNOSTIC,    10, -5.004854539560e-01, 8.577943690008e-05, 3.2325e+01, 1.8401e+00, 
 2DIAGNOSTIC,    11, -5.004853158207e-01, 5.624397065467e-05, 3.4351e+01, 2.0258e+00, 
 2DIAGNOSTIC,    12, -5.004852916904e-01, 3.642852030344e-05, 3.6174e+01, 1.8235e+00, 
 2DIAGNOSTIC,    13, -5.004852675416e-01, 2.071799355502e-05, 3.7842e+01, 1.6673e+00, 
 2DIAGNOSTIC,    14, -5.004853001002e-01, 7.883315917986e-06, 3.9674e+01, 1.8319e+00, 
 2DIAGNOSTIC,    15, -5.004854405627e-01, 2.306932752869e-06, 4.1506e+01, 1.8326e+00, 
 2DIAGNOSTIC,    16, -5.004851719780e-01, 2.052382208559e-06, 4.3518e+01, 2.0117e+00, 
 2DIAGNOSTIC,    17, -5.004850293440e-01, 1.892596904897e-06, 4.5352e+01, 1.8346e+00, 
 2DIAGNOSTIC,    18, -5.004849869218e-01, 1.742651884851e-06, 4.7188e+01, 1.8360e+00, 
 2DIAGNOSTIC,    19, -5.004849370333e-01, 1.644351885551e-06, 4.8930e+01, 1.7419e+00, 
 2DIAGNOSTIC,    20, -5.004849271953e-01, 1.560516377709e-06, 5.0728e+01, 1.7981e+00, 
 2DIAGNOSTIC,    21, -5.004849371710e-01, 1.484141777398e-06, 5.2552e+01, 1.8237e+00, 
 2DIAGNOSTIC,    22, -5.004847973689e-01, 1.413511573359e-06, 5.4354e+01, 1.8020e+00, 
