
##########################
# Experiment information #
##########################

EXPERIMENT_NAME: antsRegistration-r8-p6
VFC_BACKENDS: libinterflop_vprec.so --range-binary32=8 --precision-binary32=6 --range-binary64=8 --precision-binary64=6

SIF_IMG: /home/mdugre/projects/rrg-glatard/mdugre/containers/ants-vprec-no_metrics.simg

SUBJECT_ID: s035
INPUT_IMG: /home/mdugre/scratch/mri-registration-rp/datasets/ds004513/derivatives/mri-registration-rp/antsBrainExtraction/sub-s035/BrainExtractionBrain.nii.gz
OUTPUT_DIR: /home/mdugre/scratch/mri-registration-rp/datasets/ds004513/derivatives/mri-registration-rp/0001/antsRegistration-r8-p6/sub-s035

FIXED_IMG: /templateflow/tpl-MNI152NLin2009cAsym/tpl-MNI152NLin2009cAsym_res-01_desc-brain_T1w.nii.gz
DATA_DIR: /home/mdugre/scratch/mri-registration-rp/datasets/ds004513
TEMPLATEFLOW_DIR: /home/mdugre/projects/rrg-glatard/mdugre/templateflow
ITK_GLOBAL_DEFAULT_NUMBER_OF_THREADS: 16
##########################

Info [verificarlo]: loaded backend libinterflop_ieee.so
Info [interflop-ieee]: load backend with:
Info [interflop-ieee]: debug = false
Info [interflop-ieee]: debug-binary = false
Info [interflop-ieee]: no-backend-name = false
Info [interflop-ieee]: print-new-line = false
Info [interflop-ieee]: print-subnormal-normalized = false
Info [interflop-ieee]: count-op = false
All_Command_lines_OK
Using double precision for computations.
=============================================================================
The composite transform comprises the following transforms (in order): 
  1. Center of mass alignment using fixed image: /templateflow/tpl-MNI152NLin2009cAsym/tpl-MNI152NLin2009cAsym_res-01_desc-brain_T1w.nii.gz and moving image: /home/mdugre/scratch/mri-registration-rp/datasets/ds004513/derivatives/mri-registration-rp/antsBrainExtraction/sub-s035/BrainExtractionBrain.nii.gz (type = Euler3DTransform)
=============================================================================
  number of levels = 1
  fixed image: /templateflow/tpl-MNI152NLin2009cAsym/tpl-MNI152NLin2009cAsym_res-01_desc-brain_T1w.nii.gz
  moving image: /home/mdugre/scratch/mri-registration-rp/datasets/ds004513/derivatives/mri-registration-rp/antsBrainExtraction/sub-s035/BrainExtractionBrain.nii.gz
Dimension = 3
Number of stages = 1
Use histogram matching = false
Winsorize image intensities = true
  Lower quantile = 0.005
  Upper quantile = 0.995


Stage 1 State
   Image metric = MattesMI
     Fixed image = Image (0x3d4bbd0)
  RTTI typeinfo:   itk::Image<double, 3u>
  Reference Count: 2
  Modified Time: 2330
  Debug: Off
  Object Name: 
  Observers: 
    none
  Source: (none)
  Source output name: (none)
  Release Data: Off
  Data Released: False
  Global Release Data: Off
  PipelineMTime: 0
  UpdateMTime: 1941
  RealTimeStamp: 0 seconds 
  LargestPossibleRegion: 
    Dimension: 3
    Index: [0, 0, 0]
    Size: [193, 229, 193]
  BufferedRegion: 
    Dimension: 3
    Index: [0, 0, 0]
    Size: [193, 229, 193]
  RequestedRegion: 
    Dimension: 3
    Index: [0, 0, 0]
    Size: [193, 229, 193]
  Spacing: [1, 1, 1]
  Origin: [96, 132, -78]
  Direction: 
-1 0 0
0 -1 0
0 0 1

  IndexToPointMatrix: 
-1 0 0
0 -1 0
0 0 1

  PointToIndexMatrix: 
-1 0 0
0 -1 0
0 0 1

  Inverse Direction: 
-1 0 0
0 -1 0
0 0 1

  PixelContainer: 
    ImportImageContainer (0x3d549e0)
      RTTI typeinfo:   itk::ImportImageContainer<unsigned long, double>
      Reference Count: 1
      Modified Time: 1938
      Debug: Off
      Object Name: 
      Observers: 
        none
      Pointer: 0x14f0104d7010
      Container manages memory: true
      Size: 8530021
      Capacity: 8530021

     Moving image = Image (0x3d55d40)
  RTTI typeinfo:   itk::Image<double, 3u>
  Reference Count: 2
  Modified Time: 2331
  Debug: Off
  Object Name: 
  Observers: 
    none
  Source: (none)
  Source output name: (none)
  Release Data: Off
  Data Released: False
  Global Release Data: Off
  PipelineMTime: 0
  UpdateMTime: 2328
  RealTimeStamp: 0 seconds 
  LargestPossibleRegion: 
    Dimension: 3
    Index: [0, 0, 0]
    Size: [160, 240, 256]
  BufferedRegion: 
    Dimension: 3
    Index: [0, 0, 0]
    Size: [160, 240, 256]
  RequestedRegion: 
    Dimension: 3
    Index: [0, 0, 0]
    Size: [160, 240, 256]
  Spacing: [1, 1, 1]
  Origin: [98.6438, 87.6358, -117.989]
  Direction: 
-0.993515 -0.100993 -0.0522355
0.100854 -0.994887 0.00530255
-0.0525039 1.93537e-08 0.998621

  IndexToPointMatrix: 
-0.993515 -0.100993 -0.0522355
0.100854 -0.994887 0.00530255
-0.0525039 1.93537e-08 0.998621

  PointToIndexMatrix: 
-0.993515 0.100854 -0.0525039
-0.100993 -0.994887 1.93006e-08
-0.0522355 0.00530255 0.998621

  Inverse Direction: 
-0.993515 0.100854 -0.0525039
-0.100993 -0.994887 1.93006e-08
-0.0522355 0.00530255 0.998621

  PixelContainer: 
    ImportImageContainer (0x3d7b850)
      RTTI typeinfo:   itk::ImportImageContainer<unsigned long, double>
      Reference Count: 1
      Modified Time: 2325
      Debug: Off
      Object Name: 
      Observers: 
        none
      Pointer: 0x14f00b9d6010
      Container manages memory: true
      Size: 9830400
      Capacity: 9830400

     Weighting = 1
     Sampling strategy = regular
     Number of bins = 32
     Radius = 4
     Sampling percentage  = 0.25
   Transform = Rigid
     Gradient step = 0.1
     Update field sigma (voxel space) = 0
     Total field sigma (voxel space) = 0
     Update field time sigma = 0
     Total field time sigma  = 0
     Number of time indices = 0
     Number of time point samples = 0
Registration using 1 total stages.

Stage 0
  iterations = 0
  convergence threshold = 1e-06
  convergence window size = 10
  number of levels = 1
  using the Mattes MI metric (number of bins = 32, weight = 1, use gradient filter = 0)
  preprocessing:  winsorizing the image intensities
  Shrink factors (level 1 out of 1): [1, 1, 1]
  smoothing sigmas per level: [0]
  regular sampling (percentage = 0.25)

*** Running Euler3DTransform registration ***

  Elapsed time (stage 0): 1.09065


Total elapsed time: 1.09306
Info [verificarlo]: loaded backend libinterflop_ieee.so
Info [interflop-ieee]: load backend with:
Info [interflop-ieee]: debug = false
Info [interflop-ieee]: debug-binary = false
Info [interflop-ieee]: no-backend-name = false
Info [interflop-ieee]: print-new-line = false
Info [interflop-ieee]: print-subnormal-normalized = false
Info [interflop-ieee]: count-op = false
All_Command_lines_OK
Using double precision for computations.
=============================================================================
The composite transform comprises the following transforms (in order): 
  1. /home/mdugre/scratch/mri-registration-rp/datasets/ds004513/derivatives/mri-registration-rp/0001/antsRegistration-r8-p6/sub-s035/align_Composite.h5[0] (type = Euler3DTransform)
  2. /home/mdugre/scratch/mri-registration-rp/datasets/ds004513/derivatives/mri-registration-rp/0001/antsRegistration-r8-p6/sub-s035/align_Composite.h5[1] (type = Euler3DTransform)
=============================================================================
  number of levels = 4
  fixed image: /templateflow/tpl-MNI152NLin2009cAsym/tpl-MNI152NLin2009cAsym_res-01_desc-brain_T1w.nii.gz
  moving image: /home/mdugre/scratch/mri-registration-rp/datasets/ds004513/derivatives/mri-registration-rp/antsBrainExtraction/sub-s035/BrainExtractionBrain.nii.gz
Dimension = 3
Number of stages = 1
Use histogram matching = false
Winsorize image intensities = true
  Lower quantile = 0.005
  Upper quantile = 0.995


Stage 1 State
   Image metric = MattesMI
     Fixed image = Image (0x3ed7530)
  RTTI typeinfo:   itk::Image<double, 3u>
  Reference Count: 2
  Modified Time: 1578
  Debug: Off
  Object Name: 
  Observers: 
    none
  Source: (none)
  Source output name: (none)
  Release Data: Off
  Data Released: False
  Global Release Data: Off
  PipelineMTime: 0
  UpdateMTime: 1189
  RealTimeStamp: 0 seconds 
  LargestPossibleRegion: 
    Dimension: 3
    Index: [0, 0, 0]
    Size: [193, 229, 193]
  BufferedRegion: 
    Dimension: 3
    Index: [0, 0, 0]
    Size: [193, 229, 193]
  RequestedRegion: 
    Dimension: 3
    Index: [0, 0, 0]
    Size: [193, 229, 193]
  Spacing: [1, 1, 1]
  Origin: [96, 132, -78]
  Direction: 
-1 0 0
0 -1 0
0 0 1

  IndexToPointMatrix: 
-1 0 0
0 -1 0
0 0 1

  PointToIndexMatrix: 
-1 0 0
0 -1 0
0 0 1

  Inverse Direction: 
-1 0 0
0 -1 0
0 0 1

  PixelContainer: 
    ImportImageContainer (0x3f95d60)
      RTTI typeinfo:   itk::ImportImageContainer<unsigned long, double>
      Reference Count: 1
      Modified Time: 1186
      Debug: Off
      Object Name: 
      Observers: 
        none
      Pointer: 0x1517cec69010
      Container manages memory: true
      Size: 8530021
      Capacity: 8530021

     Moving image = Image (0x3f87f60)
  RTTI typeinfo:   itk::Image<double, 3u>
  Reference Count: 2
  Modified Time: 1579
  Debug: Off
  Object Name: 
  Observers: 
    none
  Source: (none)
  Source output name: (none)
  Release Data: Off
  Data Released: False
  Global Release Data: Off
  PipelineMTime: 0
  UpdateMTime: 1576
  RealTimeStamp: 0 seconds 
  LargestPossibleRegion: 
    Dimension: 3
    Index: [0, 0, 0]
    Size: [160, 240, 256]
  BufferedRegion: 
    Dimension: 3
    Index: [0, 0, 0]
    Size: [160, 240, 256]
  RequestedRegion: 
    Dimension: 3
    Index: [0, 0, 0]
    Size: [160, 240, 256]
  Spacing: [1, 1, 1]
  Origin: [98.6438, 87.6358, -117.989]
  Direction: 
-0.993515 -0.100993 -0.0522355
0.100854 -0.994887 0.00530255
-0.0525039 1.93537e-08 0.998621

  IndexToPointMatrix: 
-0.993515 -0.100993 -0.0522355
0.100854 -0.994887 0.00530255
-0.0525039 1.93537e-08 0.998621

  PointToIndexMatrix: 
-0.993515 0.100854 -0.0525039
-0.100993 -0.994887 1.93006e-08
-0.0522355 0.00530255 0.998621

  Inverse Direction: 
-0.993515 0.100854 -0.0525039
-0.100993 -0.994887 1.93006e-08
-0.0522355 0.00530255 0.998621

  PixelContainer: 
    ImportImageContainer (0x3f796d0)
      RTTI typeinfo:   itk::ImportImageContainer<unsigned long, double>
      Reference Count: 1
      Modified Time: 1573
      Debug: Off
      Object Name: 
      Observers: 
        none
      Pointer: 0x1517ca168010
      Container manages memory: true
      Size: 9830400
      Capacity: 9830400

     Weighting = 1
     Sampling strategy = regular
     Number of bins = 32
     Radius = 4
     Sampling percentage  = 0.25
   Transform = Rigid
     Gradient step = 0.1
     Update field sigma (voxel space) = 0
     Total field sigma (voxel space) = 0
     Update field time sigma = 0
     Total field time sigma  = 0
     Number of time indices = 0
     Number of time point samples = 0
Registration using 1 total stages.

Stage 0
  iterations = 1000x500x250x100
  convergence threshold = 1e-06
  convergence window size = 10
  number of levels = 4
  using the Mattes MI metric (number of bins = 32, weight = 1, use gradient filter = 0)
  preprocessing:  winsorizing the image intensities
  Shrink factors (level 1 out of 4): [8, 8, 8]
  Shrink factors (level 2 out of 4): [4, 4, 4]
  Shrink factors (level 3 out of 4): [2, 2, 2]
  Shrink factors (level 4 out of 4): [1, 1, 1]
  smoothing sigmas per level: [3, 2, 1, 0]
  regular sampling (percentage = 0.25)

*** Running Euler3DTransform registration ***

DIAGNOSTIC,Iteration,metricValue,convergenceValue,ITERATION_TIME_INDEX,SINCE_LAST
 2DIAGNOSTIC,     1, -5.238630234552e-01, 1.797693134862e+308, 7.6356e-01, 7.6356e-01, 
 2DIAGNOSTIC,     2, -5.257885820767e-01, 1.797693134862e+308, 7.6899e-01, 5.4290e-03, 
 2DIAGNOSTIC,     3, -5.278597554839e-01, 1.797693134862e+308, 7.7438e-01, 5.3861e-03, 
 2DIAGNOSTIC,     4, -5.302176117225e-01, 1.797693134862e+308, 7.7978e-01, 5.4090e-03, 
 2DIAGNOSTIC,     5, -5.343462816845e-01, 1.797693134862e+308, 7.8487e-01, 5.0862e-03, 
 2DIAGNOSTIC,     6, -5.399239396740e-01, 1.797693134862e+308, 7.8999e-01, 5.1179e-03, 
 2DIAGNOSTIC,     7, -5.490554822001e-01, 1.797693134862e+308, 7.9517e-01, 5.1820e-03, 
 2DIAGNOSTIC,     8, -5.545204224448e-01, 1.797693134862e+308, 8.0198e-01, 6.8071e-03, 
 2DIAGNOSTIC,     9, -5.601437715553e-01, 1.797693134862e+308, 8.0745e-01, 5.4760e-03, 
 2DIAGNOSTIC,    10, -5.617741193774e-01, 5.067640484485e-03, 8.1264e-01, 5.1880e-03, 
 2DIAGNOSTIC,    11, -5.649562249041e-01, 4.796539612083e-03, 8.1931e-01, 6.6721e-03, 
 2DIAGNOSTIC,    12, -5.658710903081e-01, 4.260783098155e-03, 8.2534e-01, 6.0251e-03, 
 2DIAGNOSTIC,    13, -5.662828333056e-01, 3.524744036646e-03, 8.3029e-01, 4.9500e-03, 
 2DIAGNOSTIC,    14, -5.685908474577e-01, 2.751340472953e-03, 8.3650e-01, 6.2151e-03, 
 2DIAGNOSTIC,    15, -5.732745043306e-01, 2.134644679428e-03, 8.4646e-01, 9.9549e-03, 
 2DIAGNOSTIC,    16, -5.738084427845e-01, 1.591333148336e-03, 8.5389e-01, 7.4351e-03, 
 2DIAGNOSTIC,    17, -5.739093703465e-01, 1.247363567739e-03, 8.5955e-01, 5.6579e-03, 
 2DIAGNOSTIC,    18, -5.745773598458e-01, 1.002163966315e-03, 8.6659e-01, 7.0431e-03, 
 2DIAGNOSTIC,    19, -5.752045522723e-01, 8.579763081923e-04, 8.7175e-01, 5.1579e-03, 
 2DIAGNOSTIC,    20, -5.755578777727e-01, 6.955845773879e-04, 8.7729e-01, 5.5330e-03, 
 2DIAGNOSTIC,    21, -5.761681227725e-01, 5.767135182716e-04, 8.8257e-01, 5.2831e-03, 
 2DIAGNOSTIC,    22, -5.775610178281e-01, 4.707067062556e-04, 8.8786e-01, 5.2941e-03, 
 2DIAGNOSTIC,    23, -5.801876522134e-01, 3.965856196853e-04, 8.9342e-01, 5.5609e-03, 
 2DIAGNOSTIC,    24, -5.873578871769e-01, 4.881452204124e-04, 9.0096e-01, 7.5331e-03, 
 2DIAGNOSTIC,    25, -5.924052233492e-01, 7.199711435555e-04, 9.0857e-01, 7.6091e-03, 
 2DIAGNOSTIC,    26, -5.933789722542e-01, 8.944842700929e-04, 9.1513e-01, 6.5658e-03, 
 2DIAGNOSTIC,    27, -5.948140362557e-01, 1.002036484506e-03, 9.2085e-01, 5.7149e-03, 
 2DIAGNOSTIC,    28, -5.954370004547e-01, 1.029952320942e-03, 9.2618e-01, 5.3358e-03, 
 2DIAGNOSTIC,    29, -5.955619965629e-01, 9.699000563686e-04, 9.3122e-01, 5.0390e-03, 
 2DIAGNOSTIC,    30, -5.960977142443e-01, 8.366692960536e-04, 9.3644e-01, 5.2161e-03, 
 2DIAGNOSTIC,    31, -5.971105016174e-01, 6.606986236064e-04, 9.4237e-01, 5.9359e-03, 
 2DIAGNOSTIC,    32, -5.989728413270e-01, 4.853112632158e-04, 9.5018e-01, 7.8089e-03, 
 2DIAGNOSTIC,    33, -5.996340171329e-01, 3.222359249144e-04, 9.5526e-01, 5.0781e-03, 
 2DIAGNOSTIC,    34, -5.997688324975e-01, 2.443793017740e-04, 9.6040e-01, 5.1351e-03, 
 2DIAGNOSTIC,    35, -5.999328162924e-01, 2.224308793041e-04, 9.6695e-01, 6.5582e-03, 
 2DIAGNOSTIC,    36, -6.001598298685e-01, 1.965988112708e-04, 9.7218e-01, 5.2252e-03, 
 2DIAGNOSTIC,    37, -6.004938013100e-01, 1.767006123329e-04, 9.7794e-01, 5.7611e-03, 
 2DIAGNOSTIC,    38, -6.008280010335e-01, 1.536048166720e-04, 9.8355e-01, 5.6112e-03, 
 2DIAGNOSTIC,    39, -6.038559363699e-01, 1.574331427270e-04, 9.8999e-01, 6.4340e-03, 
 2DIAGNOSTIC,    40, -6.077047301243e-01, 1.993081220276e-04, 9.9592e-01, 5.9381e-03, 
 2DIAGNOSTIC,    41, -6.174632765457e-01, 3.481387861367e-04, 1.0032e+00, 7.3149e-03, 
 2DIAGNOSTIC,    42, -6.161977980767e-01, 4.608909001594e-04, 1.0138e+00, 1.0575e-02, 
 2DIAGNOSTIC,    43, -6.161564674649e-01, 5.335374152302e-04, 1.0192e+00, 5.3990e-03, 
 2DIAGNOSTIC,    44, -6.170772357062e-01, 5.644824653272e-04, 1.0245e+00, 5.2741e-03, 
 2DIAGNOSTIC,    45, -6.185357382385e-01, 5.560479611636e-04, 1.0296e+00, 5.0850e-03, 
 2DIAGNOSTIC,    46, -6.206472669790e-01, 5.180561916736e-04, 1.0346e+00, 4.9891e-03, 
 2DIAGNOSTIC,    47, -6.234100460678e-01, 4.649606745446e-04, 1.0396e+00, 5.0750e-03, 
 2DIAGNOSTIC,    48, -6.282459780053e-01, 4.232184586710e-04, 1.0447e+00, 5.0151e-03, 
 2DIAGNOSTIC,    49, -6.332856877375e-01, 4.219352252800e-04, 1.0498e+00, 5.1510e-03, 
 2DIAGNOSTIC,    50, -6.437673227458e-01, 5.158696773016e-04, 1.0550e+00, 5.1758e-03, 
 2DIAGNOSTIC,    51, -6.567709928513e-01, 7.709766982963e-04, 1.0607e+00, 5.7039e-03, 
 2DIAGNOSTIC,    52, -6.630139291797e-01, 9.856111123489e-04, 1.0665e+00, 5.8599e-03, 
 2DIAGNOSTIC,    53, -6.637658016581e-01, 1.103854533118e-03, 1.0718e+00, 5.2831e-03, 
 2DIAGNOSTIC,    54, -6.646848049265e-01, 1.129224361952e-03, 1.0771e+00, 5.2869e-03, 
 2DIAGNOSTIC,    55, -6.699954525073e-01, 1.103369925429e-03, 1.0866e+00, 9.4800e-03, 
 2DIAGNOSTIC,    56, -6.720089792784e-01, 1.005089501399e-03, 1.0943e+00, 7.6978e-03, 
 2DIAGNOSTIC,    57, -6.720481507519e-01, 8.375234685832e-04, 1.0994e+00, 5.1498e-03, 
 2DIAGNOSTIC,    58, -6.725919395915e-01, 6.425660934499e-04, 1.1046e+00, 5.1811e-03, 
 2DIAGNOSTIC,    59, -6.729036299103e-01, 4.360791257235e-04, 1.1097e+00, 5.1122e-03, 
 2DIAGNOSTIC,    60, -6.731488694285e-01, 2.773040243229e-04, 1.1148e+00, 5.1100e-03, 
 2DIAGNOSTIC,    61, -6.734259030004e-01, 1.993309283584e-04, 1.1195e+00, 4.6511e-03, 
 2DIAGNOSTIC,    62, -6.739132050833e-01, 1.568961732970e-04, 1.1241e+00, 4.6220e-03, 
 2DIAGNOSTIC,    63, -6.762843075201e-01, 1.247265601603e-04, 1.1307e+00, 6.6330e-03, 
 2DIAGNOSTIC,    64, -6.766381480909e-01, 8.969391306929e-05, 1.1356e+00, 4.8480e-03, 
 2DIAGNOSTIC,    65, -6.771215101696e-01, 8.898296992998e-05, 1.1406e+00, 5.0042e-03, 
 2DIAGNOSTIC,    66, -6.778537086901e-01, 9.953420535425e-05, 1.1460e+00, 5.3561e-03, 
 2DIAGNOSTIC,    67, -6.792268281570e-01, 1.098308301509e-04, 1.1524e+00, 6.4662e-03, 
 2DIAGNOSTIC,    68, -6.807680716525e-01, 1.231389631831e-04, 1.1571e+00, 4.6539e-03, 
 2DIAGNOSTIC,    69, -6.815199358865e-01, 1.312163010020e-04, 1.1617e+00, 4.5910e-03, 
 2DIAGNOSTIC,    70, -6.818104469828e-01, 1.303108385881e-04, 1.1680e+00, 6.2950e-03, 
 2DIAGNOSTIC,    71, -6.820510040879e-01, 1.205021621341e-04, 1.1725e+00, 4.5650e-03, 
 2DIAGNOSTIC,    72, -6.822316783599e-01, 1.032400001391e-04, 1.1819e+00, 9.3310e-03, 
 2DIAGNOSTIC,    73, -6.825798732336e-01, 9.372185506604e-05, 1.1927e+00, 1.0878e-02, 
 2DIAGNOSTIC,    74, -6.826264075713e-01, 7.797277743744e-05, 1.1973e+00, 4.5328e-03, 
 2DIAGNOSTIC,    75, -6.826914675548e-01, 5.871124343161e-05, 1.2017e+00, 4.4301e-03, 
 2DIAGNOSTIC,    76, -6.828123459478e-01, 3.951704062395e-05, 1.2062e+00, 4.5421e-03, 
 2DIAGNOSTIC,    77, -6.832345014610e-01, 2.762878175181e-05, 1.2106e+00, 4.3850e-03, 
 2DIAGNOSTIC,    78, -6.838171565819e-01, 2.580837107897e-05, 1.2170e+00, 6.4008e-03, 
 2DIAGNOSTIC,    79, -6.837376129824e-01, 2.542043981834e-05, 1.2214e+00, 4.3249e-03, 
 2DIAGNOSTIC,    80, -6.837940758039e-01, 2.471284025084e-05, 1.2257e+00, 4.3690e-03, 
 2DIAGNOSTIC,    81, -6.839726293402e-01, 2.407000284790e-05, 1.2304e+00, 4.6430e-03, 
 2DIAGNOSTIC,    82, -6.841107535645e-01, 2.280994727680e-05, 1.2350e+00, 4.6639e-03, 
 2DIAGNOSTIC,    83, -6.851045742453e-01, 2.675675991236e-05, 1.2412e+00, 6.1250e-03, 
 2DIAGNOSTIC,    84, -6.858177297803e-01, 3.208712377629e-05, 1.2467e+00, 5.5091e-03, 
 2DIAGNOSTIC,    85, -6.861555519238e-01, 3.640272260423e-05, 1.2535e+00, 6.8171e-03, 
 2DIAGNOSTIC,    86, -6.861558465867e-01, 3.780088550616e-05, 1.2579e+00, 4.4460e-03, 
 2DIAGNOSTIC,    87, -6.861668642506e-01, 3.777700096501e-05, 1.2622e+00, 4.2419e-03, 
 2DIAGNOSTIC,    88, -6.861799150310e-01, 3.717437474399e-05, 1.2665e+00, 4.3581e-03, 
 2DIAGNOSTIC,    89, -6.861876059407e-01, 3.259301493047e-05, 1.2714e+00, 4.8900e-03, 
 2DIAGNOSTIC,    90, -6.861914241186e-01, 2.533810960192e-05, 1.2756e+00, 4.2219e-03, 
 2DIAGNOSTIC,    91, -6.861984130735e-01, 1.686243912040e-05, 1.2799e+00, 4.2961e-03, 
 2DIAGNOSTIC,    92, -6.862113117843e-01, 7.666144377598e-06, 1.2846e+00, 4.6470e-03, 
 2DIAGNOSTIC,    93, -6.862267076504e-01, 2.805919249076e-06, 1.2890e+00, 4.4100e-03, 
 2DIAGNOSTIC,    94, -6.862421165589e-01, 1.277050568686e-06, 1.2939e+00, 4.9410e-03, 
 2DIAGNOSTIC,    95, -6.863402574910e-01, 1.767284602645e-06, 1.2995e+00, 5.5199e-03, 
 2DIAGNOSTIC,    96, -6.863402233003e-01, 2.099865722588e-06, 1.3039e+00, 4.4301e-03, 
 2DIAGNOSTIC,    97, -6.863404710553e-01, 2.313339522934e-06, 1.3086e+00, 4.7369e-03, 
 2DIAGNOSTIC,    98, -6.863412442460e-01, 2.401651134531e-06, 1.3136e+00, 5.0199e-03, 
 2DIAGNOSTIC,    99, -6.863465012975e-01, 2.346249922744e-06, 1.3201e+00, 6.5079e-03, 
 2DIAGNOSTIC,   100, -6.863468023305e-01, 2.109922530042e-06, 1.3256e+00, 5.4429e-03, 
 2DIAGNOSTIC,   101, -6.863468103201e-01, 1.737950256691e-06, 1.3395e+00, 1.3898e-02, 
 2DIAGNOSTIC,   102, -6.863468103200e-01, 1.301722444402e-06, 1.3497e+00, 1.0166e-02, 
DIAGNOSTIC,Iteration,metricValue,convergenceValue,ITERATION_TIME_INDEX,SINCE_LAST
 2DIAGNOSTIC,     1, -5.582102208348e-01, 1.797693134862e+308, 2.1142e+00, 7.6451e-01, 
 2DIAGNOSTIC,     2, -5.585581690758e-01, 1.797693134862e+308, 2.1448e+00, 3.0624e-02, 
 2DIAGNOSTIC,     3, -5.591014958614e-01, 1.797693134862e+308, 2.1768e+00, 3.2020e-02, 
 2DIAGNOSTIC,     4, -5.597964311341e-01, 1.797693134862e+308, 2.2116e+00, 3.4748e-02, 
 2DIAGNOSTIC,     5, -5.608399150947e-01, 1.797693134862e+308, 2.2480e+00, 3.6484e-02, 
 2DIAGNOSTIC,     6, -5.612099801220e-01, 1.797693134862e+308, 2.2823e+00, 3.4264e-02, 
 2DIAGNOSTIC,     7, -5.624327047544e-01, 1.797693134862e+308, 2.3217e+00, 3.9407e-02, 
 2DIAGNOSTIC,     8, -5.635114250209e-01, 1.797693134862e+308, 2.3522e+00, 3.0510e-02, 
 2DIAGNOSTIC,     9, -5.652548961099e-01, 1.797693134862e+308, 2.3870e+00, 3.4814e-02, 
 2DIAGNOSTIC,    10, -5.659963311859e-01, 9.155223338058e-04, 2.4299e+00, 4.2911e-02, 
 2DIAGNOSTIC,    11, -5.660082462424e-01, 8.652965987419e-04, 2.4604e+00, 3.0491e-02, 
 2DIAGNOSTIC,    12, -5.661996373102e-01, 7.697910245527e-04, 2.5015e+00, 4.1049e-02, 
 2DIAGNOSTIC,    13, -5.661983187534e-01, 6.399808173975e-04, 2.5357e+00, 3.4230e-02, 
 2DIAGNOSTIC,    14, -5.661984725115e-01, 4.946043429148e-04, 2.5657e+00, 3.0014e-02, 
 2DIAGNOSTIC,    15, -5.661913430846e-01, 3.588595936850e-04, 2.5996e+00, 3.3913e-02, 
 2DIAGNOSTIC,    16, -5.662003150122e-01, 2.195140886574e-04, 2.6380e+00, 3.8397e-02, 
 2DIAGNOSTIC,    17, -5.661854320398e-01, 1.124225154064e-04, 2.6719e+00, 3.3832e-02, 
 2DIAGNOSTIC,    18, -5.661898517674e-01, 3.626923827247e-05, 2.7018e+00, 2.9966e-02, 
 2DIAGNOSTIC,    19, -5.661788913143e-01, 1.046414214270e-05, 2.7406e+00, 3.8720e-02, 
 2DIAGNOSTIC,    20, -5.661730371726e-01, 5.027864742504e-06, 2.7742e+00, 3.3626e-02, 
DIAGNOSTIC,Iteration,metricValue,convergenceValue,ITERATION_TIME_INDEX,SINCE_LAST
 2DIAGNOSTIC,     1, -5.037780723263e-01, 1.797693134862e+308, 3.9034e+00, 1.1293e+00, 
 2DIAGNOSTIC,     2, -5.039632956094e-01, 1.797693134862e+308, 4.1650e+00, 2.6159e-01, 
 2DIAGNOSTIC,     3, -5.041141773703e-01, 1.797693134862e+308, 4.3932e+00, 2.2818e-01, 
 2DIAGNOSTIC,     4, -5.042287853685e-01, 1.797693134862e+308, 4.6153e+00, 2.2211e-01, 
 2DIAGNOSTIC,     5, -5.042811050157e-01, 1.797693134862e+308, 4.9096e+00, 2.9423e-01, 
 2DIAGNOSTIC,     6, -5.043205757027e-01, 1.797693134862e+308, 5.1881e+00, 2.7852e-01, 
 2DIAGNOSTIC,     7, -5.043285842381e-01, 1.797693134862e+308, 5.4431e+00, 2.5502e-01, 
 2DIAGNOSTIC,     8, -5.043520867320e-01, 1.797693134862e+308, 5.6612e+00, 2.1809e-01, 
 2DIAGNOSTIC,     9, -5.044229438054e-01, 1.797693134862e+308, 5.9189e+00, 2.5773e-01, 
 2DIAGNOSTIC,    10, -5.045180680134e-01, 7.993290980750e-05, 6.2760e+00, 3.5708e-01, 
 2DIAGNOSTIC,    11, -5.045383900654e-01, 5.918798445936e-05, 6.5322e+00, 2.5620e-01, 
 2DIAGNOSTIC,    12, -5.045584357093e-01, 4.646044662822e-05, 6.7663e+00, 2.3409e-01, 
 2DIAGNOSTIC,    13, -5.045842043679e-01, 3.933016352756e-05, 7.0140e+00, 2.4772e-01, 
 2DIAGNOSTIC,    14, -5.046151057453e-01, 3.561752933538e-05, 7.3301e+00, 3.1611e-01, 
 2DIAGNOSTIC,    15, -5.046260919387e-01, 3.162745163253e-05, 7.5793e+00, 2.4920e-01, 
 2DIAGNOSTIC,    16, -5.046280330154e-01, 2.692132086944e-05, 7.8287e+00, 2.4935e-01, 
 2DIAGNOSTIC,    17, -5.046289714479e-01, 2.083014195754e-05, 8.1837e+00, 3.5507e-01, 
 2DIAGNOSTIC,    18, -5.046278479644e-01, 1.433386164303e-05, 8.4376e+00, 2.5390e-01, 
 2DIAGNOSTIC,    19, -5.046256945538e-01, 9.313461355596e-06, 8.6665e+00, 2.2892e-01, 
 2DIAGNOSTIC,    20, -5.046245634815e-01, 6.728819481355e-06, 8.9161e+00, 2.4959e-01, 
 2DIAGNOSTIC,    21, -5.046237000960e-01, 4.437939907849e-06, 9.1665e+00, 2.5038e-01, 
 2DIAGNOSTIC,    22, -5.046235199113e-01, 2.585385641268e-06, 9.3952e+00, 2.2872e-01, 
 2DIAGNOSTIC,    23, -5.046281991333e-01, 1.515577712254e-06, 9.6553e+00, 2.6004e-01, 
 2DIAGNOSTIC,    24, -5.046297879651e-01, 1.276325923262e-06, 9.9132e+00, 2.5797e-01, 
 2DIAGNOSTIC,    25, -5.046340187577e-01, 1.403248885846e-06, 1.0227e+01, 3.1379e-01, 
 2DIAGNOSTIC,    26, -5.046326842419e-01, 1.519513772405e-06, 1.0478e+01, 2.5090e-01, 
 2DIAGNOSTIC,    27, -5.046348770622e-01, 1.666558571159e-06, 1.0740e+01, 2.6211e-01, 
 2DIAGNOSTIC,    28, -5.046322998933e-01, 1.681400971884e-06, 1.1016e+01, 2.7631e-01, 
 2DIAGNOSTIC,    29, -5.046325268193e-01, 1.607046267692e-06, 1.1291e+01, 2.7480e-01, 
 2DIAGNOSTIC,    30, -5.046309695088e-01, 1.439426923738e-06, 1.1568e+01, 2.7674e-01, 
 2DIAGNOSTIC,    31, -5.046283597283e-01, 1.185308743434e-06, 1.1843e+01, 2.7486e-01, 
DIAGNOSTIC,Iteration,metricValue,convergenceValue,ITERATION_TIME_INDEX,SINCE_LAST
 2DIAGNOSTIC,     1, -4.673136114351e-01, 1.797693134862e+308, 1.4703e+01, 2.8605e+00, 
 2DIAGNOSTIC,     2, -4.673830777831e-01, 1.797693134862e+308, 1.6323e+01, 1.6195e+00, 
 2DIAGNOSTIC,     3, -4.674000630608e-01, 1.797693134862e+308, 1.7854e+01, 1.5312e+00, 
 2DIAGNOSTIC,     4, -4.674046443456e-01, 1.797693134862e+308, 1.9412e+01, 1.5582e+00, 
 2DIAGNOSTIC,     5, -4.674088025666e-01, 1.797693134862e+308, 2.0713e+01, 1.3009e+00, 
 2DIAGNOSTIC,     6, -4.674334238922e-01, 1.797693134862e+308, 2.2305e+01, 1.5921e+00, 
 2DIAGNOSTIC,     7, -4.674629373359e-01, 1.797693134862e+308, 2.4606e+01, 2.3010e+00, 
 2DIAGNOSTIC,     8, -4.674658485369e-01, 1.797693134862e+308, 2.6163e+01, 1.5566e+00, 
 2DIAGNOSTIC,     9, -4.674661644729e-01, 1.797693134862e+308, 2.7798e+01, 1.6351e+00, 
 2DIAGNOSTIC,    10, -4.674682404318e-01, 2.170700783362e-05, 2.9183e+01, 1.3852e+00, 
 2DIAGNOSTIC,    11, -4.674722127533e-01, 1.524033327764e-05, 3.0808e+01, 1.6250e+00, 
 2DIAGNOSTIC,    12, -4.674734183455e-01, 1.227208833963e-05, 3.2298e+01, 1.4898e+00, 
 2DIAGNOSTIC,    13, -4.674737458088e-01, 9.711232967197e-06, 3.4262e+01, 1.9646e+00, 
 2DIAGNOSTIC,    14, -4.674737333802e-01, 7.085496590883e-06, 3.5807e+01, 1.5450e+00, 
 2DIAGNOSTIC,    15, -4.674736898646e-01, 4.523883165700e-06, 4.0098e+01, 4.2906e+00, 
 2DIAGNOSTIC,    16, -4.674736898439e-01, 2.964354959403e-06, 4.4883e+01, 4.7849e+00, 
 2DIAGNOSTIC,    17, -4.674736898439e-01, 2.551042554644e-06, 4.6528e+01, 1.6450e+00, 
 2DIAGNOSTIC,    18, -4.674736898439e-01, 2.221562734411e-06, 4.8198e+01, 1.6705e+00, 
 2DIAGNOSTIC,    19, -4.674736898439e-01, 1.895014153729e-06, 4.9719e+01, 1.5207e+00, 
 2DIAGNOSTIC,    20, -4.674736898439e-01, 1.640887561827e-06, 5.1211e+01, 1.4923e+00, 
 2DIAGNOSTIC,    21, -4.674736898439e-01, 1.520399972851e-06, 5.3186e+01, 1.9746e+00, 
 2DIAGNOSTIC,    22, -4.674736898439e-01, 1.443382282029e-06, 5.5393e+01, 2.2071e+00, 
 2DIAGNOSTIC,    23, -4.674736898439e-01, 1.381957174883e-06, 5.6965e+01, 1.5718e+00, 
 2DIAGNOSTIC,    24, -4.674736898439e-01, 1.325475749554e-06, 5.8665e+01, 1.6997e+00, 
 2DIAGNOSTIC,    25, -4.674736898439e-01, 1.272454811498e-06, 6.0449e+01, 1.7848e+00, 
 2DIAGNOSTIC,    26, -4.674736898439e-01, 1.223512100683e-06, 6.2024e+01, 1.5742e+00, 
 2DIAGNOSTIC,    27, -4.674736898439e-01, 1.178194928592e-06, 6.4011e+01, 1.9872e+00, 
 2DIAGNOSTIC,    28, -4.674736898439e-01, 1.136114828874e-06, 6.5527e+01, 1.5158e+00, 
 2DIAGNOSTIC,    29, -4.674736898439e-01, 1.096936918819e-06, 6.7111e+01, 1.5844e+00, 
 2DIAGNOSTIC,    30, -4.674736898439e-01, 1.060370968434e-06, 6.8566e+01, 1.4553e+00, 
 2DIAGNOSTIC,    31, -4.674736898439e-01, 1.026164198212e-06, 7.0080e+01, 1.5135e+00, 
  Elapsed time (stage 0): 7.0841e+01


Total elapsed time: 7.0843e+01
Info [verificarlo]: loaded backend libinterflop_ieee.so
Info [interflop-ieee]: load backend with:
Info [interflop-ieee]: debug = false
Info [interflop-ieee]: debug-binary = false
Info [interflop-ieee]: no-backend-name = false
Info [interflop-ieee]: print-new-line = false
Info [interflop-ieee]: print-subnormal-normalized = false
Info [interflop-ieee]: count-op = false
All_Command_lines_OK
Using double precision for computations.
=============================================================================
The composite transform comprises the following transforms (in order): 
  1. /home/mdugre/scratch/mri-registration-rp/datasets/ds004513/derivatives/mri-registration-rp/0001/antsRegistration-r8-p6/sub-s035/rigid_Composite.h5[0] (type = Euler3DTransform)
  2. /home/mdugre/scratch/mri-registration-rp/datasets/ds004513/derivatives/mri-registration-rp/0001/antsRegistration-r8-p6/sub-s035/rigid_Composite.h5[1] (type = Euler3DTransform)
  3. /home/mdugre/scratch/mri-registration-rp/datasets/ds004513/derivatives/mri-registration-rp/0001/antsRegistration-r8-p6/sub-s035/rigid_Composite.h5[2] (type = Euler3DTransform)
=============================================================================
  number of levels = 4
  fixed image: /templateflow/tpl-MNI152NLin2009cAsym/tpl-MNI152NLin2009cAsym_res-01_desc-brain_T1w.nii.gz
  moving image: /home/mdugre/scratch/mri-registration-rp/datasets/ds004513/derivatives/mri-registration-rp/antsBrainExtraction/sub-s035/BrainExtractionBrain.nii.gz
Dimension = 3
Number of stages = 1
Use histogram matching = false
Winsorize image intensities = true
  Lower quantile = 0.005
  Upper quantile = 0.995


Stage 1 State
   Image metric = MattesMI
     Fixed image = Image (0x3def530)
  RTTI typeinfo:   itk::Image<double, 3u>
  Reference Count: 2
  Modified Time: 1592
  Debug: Off
  Object Name: 
  Observers: 
    none
  Source: (none)
  Source output name: (none)
  Release Data: Off
  Data Released: False
  Global Release Data: Off
  PipelineMTime: 0
  UpdateMTime: 1203
  RealTimeStamp: 0 seconds 
  LargestPossibleRegion: 
    Dimension: 3
    Index: [0, 0, 0]
    Size: [193, 229, 193]
  BufferedRegion: 
    Dimension: 3
    Index: [0, 0, 0]
    Size: [193, 229, 193]
  RequestedRegion: 
    Dimension: 3
    Index: [0, 0, 0]
    Size: [193, 229, 193]
  Spacing: [1, 1, 1]
  Origin: [96, 132, -78]
  Direction: 
-1 0 0
0 -1 0
0 0 1

  IndexToPointMatrix: 
-1 0 0
0 -1 0
0 0 1

  PointToIndexMatrix: 
-1 0 0
0 -1 0
0 0 1

  Inverse Direction: 
-1 0 0
0 -1 0
0 0 1

  PixelContainer: 
    ImportImageContainer (0x3ea82a0)
      RTTI typeinfo:   itk::ImportImageContainer<unsigned long, double>
      Reference Count: 1
      Modified Time: 1200
      Debug: Off
      Object Name: 
      Observers: 
        none
      Pointer: 0x14dffbbe4010
      Container manages memory: true
      Size: 8530021
      Capacity: 8530021

     Moving image = Image (0x3eaae60)
  RTTI typeinfo:   itk::Image<double, 3u>
  Reference Count: 2
  Modified Time: 1593
  Debug: Off
  Object Name: 
  Observers: 
    none
  Source: (none)
  Source output name: (none)
  Release Data: Off
  Data Released: False
  Global Release Data: Off
  PipelineMTime: 0
  UpdateMTime: 1590
  RealTimeStamp: 0 seconds 
  LargestPossibleRegion: 
    Dimension: 3
    Index: [0, 0, 0]
    Size: [160, 240, 256]
  BufferedRegion: 
    Dimension: 3
    Index: [0, 0, 0]
    Size: [160, 240, 256]
  RequestedRegion: 
    Dimension: 3
    Index: [0, 0, 0]
    Size: [160, 240, 256]
  Spacing: [1, 1, 1]
  Origin: [98.6438, 87.6358, -117.989]
  Direction: 
-0.993515 -0.100993 -0.0522355
0.100854 -0.994887 0.00530255
-0.0525039 1.93537e-08 0.998621

  IndexToPointMatrix: 
-0.993515 -0.100993 -0.0522355
0.100854 -0.994887 0.00530255
-0.0525039 1.93537e-08 0.998621

  PointToIndexMatrix: 
-0.993515 0.100854 -0.0525039
-0.100993 -0.994887 1.93006e-08
-0.0522355 0.00530255 0.998621

  Inverse Direction: 
-0.993515 0.100854 -0.0525039
-0.100993 -0.994887 1.93006e-08
-0.0522355 0.00530255 0.998621

  PixelContainer: 
    ImportImageContainer (0x3ede390)
      RTTI typeinfo:   itk::ImportImageContainer<unsigned long, double>
      Reference Count: 1
      Modified Time: 1587
      Debug: Off
      Object Name: 
      Observers: 
        none
      Pointer: 0x14dff70e3010
      Container manages memory: true
      Size: 9830400
      Capacity: 9830400

     Weighting = 1
     Sampling strategy = regular
     Number of bins = 32
     Radius = 4
     Sampling percentage  = 0.25
   Transform = Affine
     Gradient step = 0.1
     Update field sigma (voxel space) = 0
     Total field sigma (voxel space) = 0
     Update field time sigma = 0
     Total field time sigma  = 0
     Number of time indices = 0
     Number of time point samples = 0
Registration using 1 total stages.

Stage 0
  iterations = 1000x500x250x100
  convergence threshold = 1e-06
  convergence window size = 10
  number of levels = 4
  using the Mattes MI metric (number of bins = 32, weight = 1, use gradient filter = 0)
  preprocessing:  winsorizing the image intensities
  Shrink factors (level 1 out of 4): [8, 8, 8]
  Shrink factors (level 2 out of 4): [4, 4, 4]
  Shrink factors (level 3 out of 4): [2, 2, 2]
  Shrink factors (level 4 out of 4): [1, 1, 1]
  smoothing sigmas per level: [3, 2, 1, 0]
  regular sampling (percentage = 0.25)

*** Running AffineTransform registration ***

DIAGNOSTIC,Iteration,metricValue,convergenceValue,ITERATION_TIME_INDEX,SINCE_LAST
 2DIAGNOSTIC,     1, -6.757903654729e-01, 1.797693134862e+308, 8.3385e-01, 8.3385e-01, 
 2DIAGNOSTIC,     2, -6.779232736002e-01, 1.797693134862e+308, 8.4020e-01, 6.3510e-03, 
 2DIAGNOSTIC,     3, -6.816635812961e-01, 1.797693134862e+308, 8.4636e-01, 6.1600e-03, 
 2DIAGNOSTIC,     4, -6.876198568006e-01, 1.797693134862e+308, 8.5176e-01, 5.3940e-03, 
 2DIAGNOSTIC,     5, -6.980274439218e-01, 1.797693134862e+308, 8.5683e-01, 5.0740e-03, 
 2DIAGNOSTIC,     6, -7.089445055562e-01, 1.797693134862e+308, 8.6200e-01, 5.1720e-03, 
 2DIAGNOSTIC,     7, -7.288811859596e-01, 1.797693134862e+308, 8.6840e-01, 6.3920e-03, 
 2DIAGNOSTIC,     8, -7.328709558651e-01, 1.797693134862e+308, 8.7360e-01, 5.2021e-03, 
 2DIAGNOSTIC,     9, -7.356875546233e-01, 1.797693134862e+308, 8.7950e-01, 5.9021e-03, 
 2DIAGNOSTIC,    10, -7.398736846709e-01, 6.902683323136e-03, 8.8701e-01, 7.5121e-03, 
 2DIAGNOSTIC,    11, -7.404612931858e-01, 6.071005099403e-03, 8.9260e-01, 5.5919e-03, 
 2DIAGNOSTIC,    12, -7.409012983639e-01, 4.920637451413e-03, 8.9786e-01, 5.2569e-03, 
 2DIAGNOSTIC,    13, -7.416629048702e-01, 3.649827804522e-03, 9.0398e-01, 6.1159e-03, 
 2DIAGNOSTIC,    14, -7.417329592458e-01, 2.409318847019e-03, 9.1054e-01, 6.5649e-03, 
 2DIAGNOSTIC,    15, -7.421014220559e-01, 1.402588462592e-03, 9.1668e-01, 6.1390e-03, 
 2DIAGNOSTIC,    16, -7.419072432476e-01, 6.496962918626e-04, 9.2215e-01, 5.4700e-03, 
 2DIAGNOSTIC,    17, -7.418722224620e-01, 3.895482860807e-04, 9.2863e-01, 6.4790e-03, 
 2DIAGNOSTIC,    18, -7.419324349391e-01, 2.112096803010e-04, 9.3548e-01, 6.8491e-03, 
 2DIAGNOSTIC,    19, -7.416534897019e-01, 8.282821296872e-05, 9.4175e-01, 6.2749e-03, 
 2DIAGNOSTIC,    20, -7.417505164971e-01, 4.418165282007e-05, 9.4815e-01, 6.3949e-03, 
 2DIAGNOSTIC,    21, -7.416552555142e-01, 1.443097256247e-05, 9.5439e-01, 6.2401e-03, 
DIAGNOSTIC,Iteration,metricValue,convergenceValue,ITERATION_TIME_INDEX,SINCE_LAST
 2DIAGNOSTIC,     1, -6.102243394256e-01, 1.797693134862e+308, 1.7967e+00, 8.4227e-01, 
 2DIAGNOSTIC,     2, -6.106587869366e-01, 1.797693134862e+308, 1.8463e+00, 4.9653e-02, 
 2DIAGNOSTIC,     3, -6.112616256566e-01, 1.797693134862e+308, 1.8888e+00, 4.2478e-02, 
 2DIAGNOSTIC,     4, -6.118837940398e-01, 1.797693134862e+308, 1.9319e+00, 4.3130e-02, 
 2DIAGNOSTIC,     5, -6.123112052502e-01, 1.797693134862e+308, 1.9985e+00, 6.6592e-02, 
 2DIAGNOSTIC,     6, -6.123353251418e-01, 1.797693134862e+308, 2.0548e+00, 5.6277e-02, 
 2DIAGNOSTIC,     7, -6.123331180074e-01, 1.797693134862e+308, 2.1017e+00, 4.6883e-02, 
 2DIAGNOSTIC,     8, -6.123148637787e-01, 1.797693134862e+308, 2.1442e+00, 4.2513e-02, 
 2DIAGNOSTIC,     9, -6.123138604665e-01, 1.797693134862e+308, 2.2003e+00, 5.6112e-02, 
 2DIAGNOSTIC,    10, -6.123190895129e-01, 2.119451769313e-04, 2.2468e+00, 4.6454e-02, 
 2DIAGNOSTIC,    11, -6.123139027270e-01, 1.246054248984e-04, 2.2934e+00, 4.6690e-02, 
 2DIAGNOSTIC,    12, -6.123081658550e-01, 5.741351145414e-05, 2.3358e+00, 4.2314e-02, 
 2DIAGNOSTIC,    13, -6.122954260082e-01, 1.628306553503e-05, 2.3835e+00, 4.7754e-02, 
DIAGNOSTIC,Iteration,metricValue,convergenceValue,ITERATION_TIME_INDEX,SINCE_LAST
 2DIAGNOSTIC,     1, -5.361364024969e-01, 1.797693134862e+308, 3.5300e+00, 1.1465e+00, 
 2DIAGNOSTIC,     2, -5.363741637838e-01, 1.797693134862e+308, 3.8086e+00, 2.7858e-01, 
 2DIAGNOSTIC,     3, -5.365611881156e-01, 1.797693134862e+308, 4.1054e+00, 2.9687e-01, 
 2DIAGNOSTIC,     4, -5.366165521598e-01, 1.797693134862e+308, 4.7385e+00, 6.3304e-01, 
 2DIAGNOSTIC,     5, -5.366162180058e-01, 1.797693134862e+308, 5.2498e+00, 5.1129e-01, 
 2DIAGNOSTIC,     6, -5.366159304975e-01, 1.797693134862e+308, 5.6043e+00, 3.5454e-01, 
 2DIAGNOSTIC,     7, -5.366135694386e-01, 1.797693134862e+308, 5.9486e+00, 3.4432e-01, 
 2DIAGNOSTIC,     8, -5.366143101786e-01, 1.797693134862e+308, 6.2419e+00, 2.9324e-01, 
 2DIAGNOSTIC,     9, -5.366125773533e-01, 1.797693134862e+308, 6.5404e+00, 2.9855e-01, 
 2DIAGNOSTIC,    10, -5.366113764695e-01, 4.127296262811e-05, 6.9231e+00, 3.8268e-01, 
 2DIAGNOSTIC,    11, -5.366109817213e-01, 1.621118761509e-05, 7.2612e+00, 3.3809e-01, 
 2DIAGNOSTIC,    12, -5.366103743690e-01, 4.393760241458e-06, 7.5876e+00, 3.2643e-01, 
 2DIAGNOSTIC,    13, -5.366089398468e-01, 1.734042839985e-06, 7.8879e+00, 3.0026e-01, 
 2DIAGNOSTIC,    14, -5.366088836467e-01, 1.612651645833e-06, 8.2244e+00, 3.3655e-01, 
 2DIAGNOSTIC,    15, -5.366094890877e-01, 1.577060310481e-06, 8.5496e+00, 3.2517e-01, 
 2DIAGNOSTIC,    16, -5.366090278527e-01, 1.571675743883e-06, 8.8509e+00, 3.0126e-01, 
 2DIAGNOSTIC,    17, -5.366079427713e-01, 1.497125752689e-06, 9.1545e+00, 3.0360e-01, 
 2DIAGNOSTIC,    18, -5.366084887255e-01, 1.505962382700e-06, 9.4619e+00, 3.0740e-01, 
 2DIAGNOSTIC,    19, -5.366088546095e-01, 1.499637996810e-06, 9.7925e+00, 3.3065e-01, 
 2DIAGNOSTIC,    20, -5.366074079773e-01, 1.438760042653e-06, 1.0054e+01, 2.6104e-01, 
 2DIAGNOSTIC,    21, -5.366070586926e-01, 1.380660070348e-06, 1.0361e+01, 3.0769e-01, 
 2DIAGNOSTIC,    22, -5.366066320220e-01, 1.317086115081e-06, 1.0632e+01, 2.7076e-01, 
 2DIAGNOSTIC,    23, -5.366056022155e-01, 1.213873855030e-06, 1.0982e+01, 3.4972e-01, 
 2DIAGNOSTIC,    24, -5.366051305731e-01, 1.122931906759e-06, 1.1315e+01, 3.3343e-01, 
 2DIAGNOSTIC,    25, -5.366033790938e-01, 1.034589265640e-06, 1.1605e+01, 2.9012e-01, 
DIAGNOSTIC,Iteration,metricValue,convergenceValue,ITERATION_TIME_INDEX,SINCE_LAST
 2DIAGNOSTIC,     1, -4.918407076522e-01, 1.797693134862e+308, 1.4422e+01, 2.8164e+00, 
 2DIAGNOSTIC,     2, -4.920275733297e-01, 1.797693134862e+308, 1.6180e+01, 1.7585e+00, 
 2DIAGNOSTIC,     3, -4.922081657543e-01, 1.797693134862e+308, 1.8055e+01, 1.8747e+00, 
 2DIAGNOSTIC,     4, -4.922801749920e-01, 1.797693134862e+308, 1.9824e+01, 1.7690e+00, 
 2DIAGNOSTIC,     5, -4.923259069429e-01, 1.797693134862e+308, 2.1725e+01, 1.9010e+00, 
 2DIAGNOSTIC,     6, -4.923992760064e-01, 1.797693134862e+308, 2.5231e+01, 3.5065e+00, 
 2DIAGNOSTIC,     7, -4.924002076778e-01, 1.797693134862e+308, 2.7508e+01, 2.2767e+00, 
 2DIAGNOSTIC,     8, -4.924004126021e-01, 1.797693134862e+308, 2.9192e+01, 1.6837e+00, 
 2DIAGNOSTIC,     9, -4.924004755217e-01, 1.797693134862e+308, 3.1170e+01, 1.9783e+00, 
 2DIAGNOSTIC,    10, -4.924004804362e-01, 6.603568207190e-05, 3.3272e+01, 2.1016e+00, 
 2DIAGNOSTIC,    11, -4.924001103137e-01, 3.752921027489e-05, 3.5211e+01, 1.9395e+00, 
 2DIAGNOSTIC,    12, -4.923998958385e-01, 1.946408245021e-05, 3.6949e+01, 1.7374e+00, 
 2DIAGNOSTIC,    13, -4.923998675991e-01, 1.066506851485e-05, 3.8932e+01, 1.9837e+00, 
 2DIAGNOSTIC,    14, -4.923997305981e-01, 5.323262879400e-06, 4.0670e+01, 1.7381e+00, 
 2DIAGNOSTIC,    15, -4.923998332999e-01, 2.098952124482e-06, 4.2519e+01, 1.8485e+00, 
 2DIAGNOSTIC,    16, -4.923998969880e-01, 1.928510351024e-06, 4.4532e+01, 2.0133e+00, 
