
##########################
# Experiment information #
##########################

EXPERIMENT_NAME: antsRegistration-r8-p10
VFC_BACKENDS: libinterflop_vprec.so --range-binary32=8 --precision-binary32=10 --range-binary64=8 --precision-binary64=10

SIF_IMG: /home/mdugre/projects/rrg-glatard/mdugre/containers/ants-vprec-no_metrics.simg

SUBJECT_ID: s037
INPUT_IMG: /home/mdugre/scratch/mri-registration-rp/datasets/ds004513/derivatives/mri-registration-rp/antsBrainExtraction/sub-s037/BrainExtractionBrain.nii.gz
OUTPUT_DIR: /home/mdugre/scratch/mri-registration-rp/datasets/ds004513/derivatives/mri-registration-rp/0001/antsRegistration-r8-p10/sub-s037

FIXED_IMG: /templateflow/tpl-MNI152NLin2009cAsym/tpl-MNI152NLin2009cAsym_res-01_desc-brain_T1w.nii.gz
DATA_DIR: /home/mdugre/scratch/mri-registration-rp/datasets/ds004513
TEMPLATEFLOW_DIR: /home/mdugre/projects/rrg-glatard/mdugre/templateflow
ITK_GLOBAL_DEFAULT_NUMBER_OF_THREADS: 16
##########################

Info [verificarlo]: loaded backend libinterflop_ieee.so
Info [interflop-ieee]: load backend with:
Info [interflop-ieee]: debug = false
Info [interflop-ieee]: debug-binary = false
Info [interflop-ieee]: no-backend-name = false
Info [interflop-ieee]: print-new-line = false
Info [interflop-ieee]: print-subnormal-normalized = false
Info [interflop-ieee]: count-op = false
All_Command_lines_OK
Using double precision for computations.
=============================================================================
The composite transform comprises the following transforms (in order): 
  1. Center of mass alignment using fixed image: /templateflow/tpl-MNI152NLin2009cAsym/tpl-MNI152NLin2009cAsym_res-01_desc-brain_T1w.nii.gz and moving image: /home/mdugre/scratch/mri-registration-rp/datasets/ds004513/derivatives/mri-registration-rp/antsBrainExtraction/sub-s037/BrainExtractionBrain.nii.gz (type = Euler3DTransform)
=============================================================================
  number of levels = 1
  fixed image: /templateflow/tpl-MNI152NLin2009cAsym/tpl-MNI152NLin2009cAsym_res-01_desc-brain_T1w.nii.gz
  moving image: /home/mdugre/scratch/mri-registration-rp/datasets/ds004513/derivatives/mri-registration-rp/antsBrainExtraction/sub-s037/BrainExtractionBrain.nii.gz
Dimension = 3
Number of stages = 1
Use histogram matching = false
Winsorize image intensities = true
  Lower quantile = 0.005
  Upper quantile = 0.995


Stage 1 State
   Image metric = MattesMI
     Fixed image = Image (0x3857e70)
  RTTI typeinfo:   itk::Image<double, 3u>
  Reference Count: 2
  Modified Time: 2330
  Debug: Off
  Object Name: 
  Observers: 
    none
  Source: (none)
  Source output name: (none)
  Release Data: Off
  Data Released: False
  Global Release Data: Off
  PipelineMTime: 0
  UpdateMTime: 1941
  RealTimeStamp: 0 seconds 
  LargestPossibleRegion: 
    Dimension: 3
    Index: [0, 0, 0]
    Size: [193, 229, 193]
  BufferedRegion: 
    Dimension: 3
    Index: [0, 0, 0]
    Size: [193, 229, 193]
  RequestedRegion: 
    Dimension: 3
    Index: [0, 0, 0]
    Size: [193, 229, 193]
  Spacing: [1, 1, 1]
  Origin: [96, 132, -78]
  Direction: 
-1 0 0
0 -1 0
0 0 1

  IndexToPointMatrix: 
-1 0 0
0 -1 0
0 0 1

  PointToIndexMatrix: 
-1 0 0
0 -1 0
0 0 1

  Inverse Direction: 
-1 0 0
0 -1 0
0 0 1

  PixelContainer: 
    ImportImageContainer (0x3860c60)
      RTTI typeinfo:   itk::ImportImageContainer<unsigned long, double>
      Reference Count: 1
      Modified Time: 1938
      Debug: Off
      Object Name: 
      Observers: 
        none
      Pointer: 0x152a0937f010
      Container manages memory: true
      Size: 8530021
      Capacity: 8530021

     Moving image = Image (0x38f4ec0)
  RTTI typeinfo:   itk::Image<double, 3u>
  Reference Count: 2
  Modified Time: 2331
  Debug: Off
  Object Name: 
  Observers: 
    none
  Source: (none)
  Source output name: (none)
  Release Data: Off
  Data Released: False
  Global Release Data: Off
  PipelineMTime: 0
  UpdateMTime: 2328
  RealTimeStamp: 0 seconds 
  LargestPossibleRegion: 
    Dimension: 3
    Index: [0, 0, 0]
    Size: [160, 240, 256]
  BufferedRegion: 
    Dimension: 3
    Index: [0, 0, 0]
    Size: [160, 240, 256]
  RequestedRegion: 
    Dimension: 3
    Index: [0, 0, 0]
    Size: [160, 240, 256]
  Spacing: [1, 1, 1]
  Origin: [87.9508, 102.562, -147.639]
  Direction: 
-0.998659 -0.0436121 -0.0279129
0.043595 -0.999049 0.00121847
-0.0279395 -2.65543e-08 0.99961

  IndexToPointMatrix: 
-0.998659 -0.0436121 -0.0279129
0.043595 -0.999049 0.00121847
-0.0279395 -2.65543e-08 0.99961

  PointToIndexMatrix: 
-0.998659 0.043595 -0.0279395
-0.0436121 -0.999049 -2.65517e-08
-0.0279129 0.00121847 0.99961

  Inverse Direction: 
-0.998659 0.043595 -0.0279395
-0.0436121 -0.999049 -2.65517e-08
-0.0279129 0.00121847 0.99961

  PixelContainer: 
    ImportImageContainer (0x398c610)
      RTTI typeinfo:   itk::ImportImageContainer<unsigned long, double>
      Reference Count: 1
      Modified Time: 2325
      Debug: Off
      Object Name: 
      Observers: 
        none
      Pointer: 0x152a0487e010
      Container manages memory: true
      Size: 9830400
      Capacity: 9830400

     Weighting = 1
     Sampling strategy = regular
     Number of bins = 32
     Radius = 4
     Sampling percentage  = 0.25
   Transform = Rigid
     Gradient step = 0.1
     Update field sigma (voxel space) = 0
     Total field sigma (voxel space) = 0
     Update field time sigma = 0
     Total field time sigma  = 0
     Number of time indices = 0
     Number of time point samples = 0
Registration using 1 total stages.

Stage 0
  iterations = 0
  convergence threshold = 1e-06
  convergence window size = 10
  number of levels = 1
  using the Mattes MI metric (number of bins = 32, weight = 1, use gradient filter = 0)
  preprocessing:  winsorizing the image intensities
  Shrink factors (level 1 out of 1): [1, 1, 1]
  smoothing sigmas per level: [0]
  regular sampling (percentage = 0.25)

*** Running Euler3DTransform registration ***

  Elapsed time (stage 0): 1.1378


Total elapsed time: 1.13998
Info [verificarlo]: loaded backend libinterflop_ieee.so
Info [interflop-ieee]: load backend with:
Info [interflop-ieee]: debug = false
Info [interflop-ieee]: debug-binary = false
Info [interflop-ieee]: no-backend-name = false
Info [interflop-ieee]: print-new-line = false
Info [interflop-ieee]: print-subnormal-normalized = false
Info [interflop-ieee]: count-op = false
All_Command_lines_OK
Using double precision for computations.
=============================================================================
The composite transform comprises the following transforms (in order): 
  1. /home/mdugre/scratch/mri-registration-rp/datasets/ds004513/derivatives/mri-registration-rp/0001/antsRegistration-r8-p10/sub-s037/align_Composite.h5[0] (type = Euler3DTransform)
  2. /home/mdugre/scratch/mri-registration-rp/datasets/ds004513/derivatives/mri-registration-rp/0001/antsRegistration-r8-p10/sub-s037/align_Composite.h5[1] (type = Euler3DTransform)
=============================================================================
  number of levels = 4
  fixed image: /templateflow/tpl-MNI152NLin2009cAsym/tpl-MNI152NLin2009cAsym_res-01_desc-brain_T1w.nii.gz
  moving image: /home/mdugre/scratch/mri-registration-rp/datasets/ds004513/derivatives/mri-registration-rp/antsBrainExtraction/sub-s037/BrainExtractionBrain.nii.gz
Dimension = 3
Number of stages = 1
Use histogram matching = false
Winsorize image intensities = true
  Lower quantile = 0.005
  Upper quantile = 0.995


Stage 1 State
   Image metric = MattesMI
     Fixed image = Image (0x404e530)
  RTTI typeinfo:   itk::Image<double, 3u>
  Reference Count: 2
  Modified Time: 1578
  Debug: Off
  Object Name: 
  Observers: 
    none
  Source: (none)
  Source output name: (none)
  Release Data: Off
  Data Released: False
  Global Release Data: Off
  PipelineMTime: 0
  UpdateMTime: 1189
  RealTimeStamp: 0 seconds 
  LargestPossibleRegion: 
    Dimension: 3
    Index: [0, 0, 0]
    Size: [193, 229, 193]
  BufferedRegion: 
    Dimension: 3
    Index: [0, 0, 0]
    Size: [193, 229, 193]
  RequestedRegion: 
    Dimension: 3
    Index: [0, 0, 0]
    Size: [193, 229, 193]
  Spacing: [1, 1, 1]
  Origin: [96, 132, -78]
  Direction: 
-1 0 0
0 -1 0
0 0 1

  IndexToPointMatrix: 
-1 0 0
0 -1 0
0 0 1

  PointToIndexMatrix: 
-1 0 0
0 -1 0
0 0 1

  Inverse Direction: 
-1 0 0
0 -1 0
0 0 1

  PixelContainer: 
    ImportImageContainer (0x410cd60)
      RTTI typeinfo:   itk::ImportImageContainer<unsigned long, double>
      Reference Count: 1
      Modified Time: 1186
      Debug: Off
      Object Name: 
      Observers: 
        none
      Pointer: 0x1480c873f010
      Container manages memory: true
      Size: 8530021
      Capacity: 8530021

     Moving image = Image (0x40fef60)
  RTTI typeinfo:   itk::Image<double, 3u>
  Reference Count: 2
  Modified Time: 1579
  Debug: Off
  Object Name: 
  Observers: 
    none
  Source: (none)
  Source output name: (none)
  Release Data: Off
  Data Released: False
  Global Release Data: Off
  PipelineMTime: 0
  UpdateMTime: 1576
  RealTimeStamp: 0 seconds 
  LargestPossibleRegion: 
    Dimension: 3
    Index: [0, 0, 0]
    Size: [160, 240, 256]
  BufferedRegion: 
    Dimension: 3
    Index: [0, 0, 0]
    Size: [160, 240, 256]
  RequestedRegion: 
    Dimension: 3
    Index: [0, 0, 0]
    Size: [160, 240, 256]
  Spacing: [1, 1, 1]
  Origin: [87.9508, 102.562, -147.639]
  Direction: 
-0.998659 -0.0436121 -0.0279129
0.043595 -0.999049 0.00121847
-0.0279395 -2.65543e-08 0.99961

  IndexToPointMatrix: 
-0.998659 -0.0436121 -0.0279129
0.043595 -0.999049 0.00121847
-0.0279395 -2.65543e-08 0.99961

  PointToIndexMatrix: 
-0.998659 0.043595 -0.0279395
-0.0436121 -0.999049 -2.65517e-08
-0.0279129 0.00121847 0.99961

  Inverse Direction: 
-0.998659 0.043595 -0.0279395
-0.0436121 -0.999049 -2.65517e-08
-0.0279129 0.00121847 0.99961

  PixelContainer: 
    ImportImageContainer (0x40f06d0)
      RTTI typeinfo:   itk::ImportImageContainer<unsigned long, double>
      Reference Count: 1
      Modified Time: 1573
      Debug: Off
      Object Name: 
      Observers: 
        none
      Pointer: 0x1480c3c3e010
      Container manages memory: true
      Size: 9830400
      Capacity: 9830400

     Weighting = 1
     Sampling strategy = regular
     Number of bins = 32
     Radius = 4
     Sampling percentage  = 0.25
   Transform = Rigid
     Gradient step = 0.1
     Update field sigma (voxel space) = 0
     Total field sigma (voxel space) = 0
     Update field time sigma = 0
     Total field time sigma  = 0
     Number of time indices = 0
     Number of time point samples = 0
Registration using 1 total stages.

Stage 0
  iterations = 1000x500x250x100
  convergence threshold = 1e-06
  convergence window size = 10
  number of levels = 4
  using the Mattes MI metric (number of bins = 32, weight = 1, use gradient filter = 0)
  preprocessing:  winsorizing the image intensities
  Shrink factors (level 1 out of 4): [8, 8, 8]
  Shrink factors (level 2 out of 4): [4, 4, 4]
  Shrink factors (level 3 out of 4): [2, 2, 2]
  Shrink factors (level 4 out of 4): [1, 1, 1]
  smoothing sigmas per level: [3, 2, 1, 0]
  regular sampling (percentage = 0.25)

*** Running Euler3DTransform registration ***

DIAGNOSTIC,Iteration,metricValue,convergenceValue,ITERATION_TIME_INDEX,SINCE_LAST
 2DIAGNOSTIC,     1, -4.299060189477e-01, 1.797693134862e+308, 7.7453e-01, 7.7453e-01, 
 2DIAGNOSTIC,     2, -4.311703807429e-01, 1.797693134862e+308, 7.7936e-01, 4.8280e-03, 
 2DIAGNOSTIC,     3, -4.334997061176e-01, 1.797693134862e+308, 7.8393e-01, 4.5640e-03, 
 2DIAGNOSTIC,     4, -4.389575130370e-01, 1.797693134862e+308, 7.9010e-01, 6.1741e-03, 
 2DIAGNOSTIC,     5, -4.438813134482e-01, 1.797693134862e+308, 7.9533e-01, 5.2309e-03, 
 2DIAGNOSTIC,     6, -4.461495460377e-01, 1.797693134862e+308, 8.0049e-01, 5.1599e-03, 
 2DIAGNOSTIC,     7, -4.511407144429e-01, 1.797693134862e+308, 8.0627e-01, 5.7809e-03, 
 2DIAGNOSTIC,     8, -4.667812032718e-01, 1.797693134862e+308, 8.1250e-01, 6.2249e-03, 
 2DIAGNOSTIC,     9, -4.753090114372e-01, 1.797693134862e+308, 8.1821e-01, 5.7170e-03, 
 2DIAGNOSTIC,    10, -4.802481719655e-01, 7.481707542057e-03, 8.2414e-01, 5.9261e-03, 
 2DIAGNOSTIC,    11, -4.821261368877e-01, 7.356704266141e-03, 8.2934e-01, 5.1980e-03, 
 2DIAGNOSTIC,    12, -4.837491005316e-01, 6.749992380107e-03, 8.3483e-01, 5.4910e-03, 
 2DIAGNOSTIC,    13, -5.028244927620e-01, 6.622215038788e-03, 8.4302e-01, 8.1890e-03, 
 2DIAGNOSTIC,    14, -5.042109134416e-01, 6.183615245777e-03, 8.4803e-01, 5.0089e-03, 
 2DIAGNOSTIC,    15, -5.066116081879e-01, 5.558135432493e-03, 8.5344e-01, 5.4090e-03, 
 2DIAGNOSTIC,    16, -5.083451635959e-01, 4.676295421822e-03, 8.5839e-01, 4.9500e-03, 
 2DIAGNOSTIC,    17, -5.184993492591e-01, 3.998770500731e-03, 8.6607e-01, 7.6818e-03, 
 2DIAGNOSTIC,    18, -5.256348856008e-01, 3.769024583958e-03, 8.7093e-01, 4.8599e-03, 
 2DIAGNOSTIC,    19, -5.260487279425e-01, 3.491513210876e-03, 8.7670e-01, 5.7690e-03, 
 2DIAGNOSTIC,    20, -5.292109540217e-01, 3.174906845233e-03, 8.8210e-01, 5.4030e-03, 
 2DIAGNOSTIC,    21, -5.301818248810e-01, 2.681600008517e-03, 8.8680e-01, 4.7021e-03, 
 2DIAGNOSTIC,    22, -5.312241354309e-01, 2.041188752319e-03, 8.9221e-01, 5.4049e-03, 
 2DIAGNOSTIC,    23, -5.321371313552e-01, 1.776979047492e-03, 8.9826e-01, 6.0508e-03, 
 2DIAGNOSTIC,    24, -5.330747180723e-01, 1.429097787258e-03, 9.0293e-01, 4.6749e-03, 
 2DIAGNOSTIC,    25, -5.340979406203e-01, 1.060387197310e-03, 9.0823e-01, 5.2960e-03, 
 2DIAGNOSTIC,    26, -5.353301719283e-01, 6.839343444301e-04, 9.1467e-01, 6.4380e-03, 
 2DIAGNOSTIC,    27, -5.359877758398e-01, 5.005576156425e-04, 9.1938e-01, 4.7131e-03, 
 2DIAGNOSTIC,    28, -5.363338802754e-01, 4.385707495945e-04, 9.2400e-01, 4.6170e-03, 
 2DIAGNOSTIC,    29, -5.373050669958e-01, 3.660292692129e-04, 9.2874e-01, 4.7419e-03, 
 2DIAGNOSTIC,    30, -5.398201311158e-01, 3.715996474495e-04, 9.3440e-01, 5.6581e-03, 
 2DIAGNOSTIC,    31, -5.446421800034e-01, 4.465284522675e-04, 9.4532e-01, 1.0920e-02, 
 2DIAGNOSTIC,    32, -5.446646243499e-01, 4.912668718480e-04, 9.5011e-01, 4.7901e-03, 
 2DIAGNOSTIC,    33, -5.447647555499e-01, 5.056510314779e-04, 9.5473e-01, 4.6182e-03, 
 2DIAGNOSTIC,    34, -5.449311507600e-01, 4.904160815197e-04, 9.5935e-01, 4.6289e-03, 
 2DIAGNOSTIC,    35, -5.452045677768e-01, 4.491600280987e-04, 9.6401e-01, 4.6549e-03, 
 2DIAGNOSTIC,    36, -5.456974692207e-01, 3.933140547694e-04, 9.6859e-01, 4.5810e-03, 
 2DIAGNOSTIC,    37, -5.462998582344e-01, 3.227906329623e-04, 9.7329e-01, 4.7002e-03, 
 2DIAGNOSTIC,    38, -5.470544353359e-01, 2.429336319320e-04, 9.7794e-01, 4.6520e-03, 
 2DIAGNOSTIC,    39, -5.483333554432e-01, 1.763338777953e-04, 9.8309e-01, 5.1501e-03, 
 2DIAGNOSTIC,    40, -5.485726020231e-01, 1.327594792114e-04, 9.8767e-01, 4.5819e-03, 
 2DIAGNOSTIC,    41, -5.488485693303e-01, 1.482702124066e-04, 9.9284e-01, 5.1651e-03, 
 2DIAGNOSTIC,    42, -5.491458762078e-01, 1.532227960996e-04, 9.9768e-01, 4.8430e-03, 
 2DIAGNOSTIC,    43, -5.502482741214e-01, 1.587050284948e-04, 1.0034e+00, 5.7249e-03, 
 2DIAGNOSTIC,    44, -5.634814188062e-01, 3.167383856383e-04, 1.0102e+00, 6.8419e-03, 
 2DIAGNOSTIC,    45, -5.665387787154e-01, 4.732557221660e-04, 1.0157e+00, 5.4648e-03, 
 2DIAGNOSTIC,    46, -5.687185881503e-01, 6.102834833464e-04, 1.0211e+00, 5.3740e-03, 
 2DIAGNOSTIC,    47, -5.691616625087e-01, 6.969618764071e-04, 1.0263e+00, 5.1968e-03, 
 2DIAGNOSTIC,    48, -5.694228675174e-01, 7.243239797591e-04, 1.0310e+00, 4.6868e-03, 
 2DIAGNOSTIC,    49, -5.697290547869e-01, 6.966831947634e-04, 1.0362e+00, 5.2340e-03, 
 2DIAGNOSTIC,    50, -5.705139816970e-01, 6.138074642092e-04, 1.0408e+00, 4.6031e-03, 
 2DIAGNOSTIC,    51, -5.708549739498e-01, 4.840625713099e-04, 1.0455e+00, 4.6830e-03, 
 2DIAGNOSTIC,    52, -5.718137381153e-01, 3.283529890075e-04, 1.0521e+00, 6.5811e-03, 
 2DIAGNOSTIC,    53, -5.722822120662e-01, 1.604411353999e-04, 1.0580e+00, 5.9321e-03, 
 2DIAGNOSTIC,    54, -5.724953219051e-01, 1.184303536099e-04, 1.0631e+00, 5.0969e-03, 
 2DIAGNOSTIC,    55, -5.724642480628e-01, 9.605317143516e-05, 1.0682e+00, 5.1050e-03, 
 2DIAGNOSTIC,    56, -5.725553519017e-01, 8.725456555525e-05, 1.0735e+00, 5.3060e-03, 
 2DIAGNOSTIC,    57, -5.726116814038e-01, 7.511460213647e-05, 1.0785e+00, 5.0099e-03, 
 2DIAGNOSTIC,    58, -5.725884441681e-01, 5.842242270455e-05, 1.0831e+00, 4.5350e-03, 
 2DIAGNOSTIC,    59, -5.726102722919e-01, 3.973518100574e-05, 1.0876e+00, 4.5500e-03, 
 2DIAGNOSTIC,    60, -5.729584933376e-01, 2.818728921400e-05, 1.0927e+00, 5.1291e-03, 
 2DIAGNOSTIC,    61, -5.732169542120e-01, 1.940370064567e-05, 1.0973e+00, 4.5199e-03, 
 2DIAGNOSTIC,    62, -5.733691584559e-01, 1.858371119224e-05, 1.1018e+00, 4.5722e-03, 
 2DIAGNOSTIC,    63, -5.742449186435e-01, 2.747182702825e-05, 1.1065e+00, 4.6451e-03, 
 2DIAGNOSTIC,    64, -5.754384032150e-01, 4.506709522637e-05, 1.1127e+00, 6.2320e-03, 
 2DIAGNOSTIC,    65, -5.785303612391e-01, 8.267118870187e-05, 1.1189e+00, 6.1901e-03, 
 2DIAGNOSTIC,    66, -5.788480535073e-01, 1.138910219280e-04, 1.1236e+00, 4.6630e-03, 
 2DIAGNOSTIC,    67, -5.791840995794e-01, 1.366831898377e-04, 1.1288e+00, 5.2369e-03, 
 2DIAGNOSTIC,    68, -5.794167003152e-01, 1.475323595218e-04, 1.1343e+00, 5.4801e-03, 
 2DIAGNOSTIC,    69, -5.805222255639e-01, 1.522724560546e-04, 1.1396e+00, 5.3320e-03, 
 2DIAGNOSTIC,    70, -5.816017322616e-01, 1.525132883508e-04, 1.1458e+00, 6.2330e-03, 
 2DIAGNOSTIC,    71, -5.823007087856e-01, 1.451965569830e-04, 1.1507e+00, 4.8170e-03, 
 2DIAGNOSTIC,    72, -5.831762758417e-01, 1.320231801036e-04, 1.1557e+00, 5.0559e-03, 
 2DIAGNOSTIC,    73, -5.838648899180e-01, 1.178861266793e-04, 1.1622e+00, 6.4580e-03, 
 2DIAGNOSTIC,    74, -5.839200197221e-01, 1.010342255246e-04, 1.1671e+00, 4.9138e-03, 
 2DIAGNOSTIC,    75, -5.838495312851e-01, 9.617687037114e-05, 1.1719e+00, 4.8389e-03, 
 2DIAGNOSTIC,    76, -5.838761870319e-01, 8.465582739896e-05, 1.1768e+00, 4.8270e-03, 
 2DIAGNOSTIC,    77, -5.839230698902e-01, 6.797802118040e-05, 1.1818e+00, 5.0189e-03, 
 2DIAGNOSTIC,    78, -5.841982173421e-01, 4.850288311338e-05, 1.1870e+00, 5.2330e-03, 
 2DIAGNOSTIC,    79, -5.842659184735e-01, 3.259741076949e-05, 1.1937e+00, 6.6700e-03, 
 2DIAGNOSTIC,    80, -5.843080231093e-01, 2.140157425554e-05, 1.1995e+00, 5.8451e-03, 
 2DIAGNOSTIC,    81, -5.842428873032e-01, 1.250083815270e-05, 1.2042e+00, 4.6439e-03, 
 2DIAGNOSTIC,    82, -5.843241616122e-01, 8.656900226656e-06, 1.2100e+00, 5.8620e-03, 
 2DIAGNOSTIC,    83, -5.842683090721e-01, 8.044463295061e-06, 1.2150e+00, 4.9949e-03, 
 2DIAGNOSTIC,    84, -5.843093729831e-01, 7.323270726804e-06, 1.2197e+00, 4.7021e-03, 
 2DIAGNOSTIC,    85, -5.844639417036e-01, 6.487383382778e-06, 1.2246e+00, 4.8380e-03, 
 2DIAGNOSTIC,    86, -5.847702914727e-01, 7.097389892102e-06, 1.2292e+00, 4.6570e-03, 
 2DIAGNOSTIC,    87, -5.852944481108e-01, 1.038460534209e-05, 1.2350e+00, 5.8250e-03, 
 2DIAGNOSTIC,    88, -5.856015881437e-01, 1.600787887865e-05, 1.2415e+00, 6.4430e-03, 
 2DIAGNOSTIC,    89, -5.857138719234e-01, 2.104296559932e-05, 1.2470e+00, 5.4989e-03, 
 2DIAGNOSTIC,    90, -5.857675771875e-01, 2.455553982686e-05, 1.2519e+00, 4.9338e-03, 
 2DIAGNOSTIC,    91, -5.858314609863e-01, 2.561133287519e-05, 1.2575e+00, 5.5339e-03, 
 2DIAGNOSTIC,    92, -5.859461006319e-01, 2.527484584705e-05, 1.2635e+00, 6.0048e-03, 
 2DIAGNOSTIC,    93, -5.860790132066e-01, 2.294807742084e-05, 1.2681e+00, 4.6680e-03, 
 2DIAGNOSTIC,    94, -5.861488691412e-01, 1.911954834451e-05, 1.2731e+00, 5.0139e-03, 
 2DIAGNOSTIC,    95, -5.864523780221e-01, 1.607353548774e-05, 1.2803e+00, 7.1189e-03, 
 2DIAGNOSTIC,    96, -5.866995879794e-01, 1.446840755082e-05, 1.2855e+00, 5.2762e-03, 
 2DIAGNOSTIC,    97, -5.872492373065e-01, 1.719685782970e-05, 1.2912e+00, 5.6880e-03, 
 2DIAGNOSTIC,    98, -5.874519320576e-01, 2.085990152684e-05, 1.2965e+00, 5.2609e-03, 
 2DIAGNOSTIC,    99, -5.874739094814e-01, 2.317580758342e-05, 1.3018e+00, 5.2741e-03, 
 2DIAGNOSTIC,   100, -5.874011953497e-01, 2.316654020937e-05, 1.3070e+00, 5.2440e-03, 
 2DIAGNOSTIC,   101, -5.874044862015e-01, 2.127958452432e-05, 1.3116e+00, 4.6110e-03, 
 2DIAGNOSTIC,   102, -5.874060139739e-01, 1.794337611157e-05, 1.3167e+00, 5.0881e-03, 
 2DIAGNOSTIC,   103, -5.874110160988e-01, 1.365569285130e-05, 1.3235e+00, 6.8491e-03, 
 2DIAGNOSTIC,   104, -5.874111036945e-01, 8.523168722862e-06, 1.3282e+00, 4.6470e-03, 
 2DIAGNOSTIC,   105, -5.874114419493e-01, 4.209553713686e-06, 1.3408e+00, 1.2614e-02, 
DIAGNOSTIC,Iteration,metricValue,convergenceValue,ITERATION_TIME_INDEX,SINCE_LAST
 2DIAGNOSTIC,     1, -4.735202003063e-01, 1.797693134862e+308, 2.1193e+00, 7.7846e-01, 
 2DIAGNOSTIC,     2, -4.742007127611e-01, 1.797693134862e+308, 2.1587e+00, 3.9402e-02, 
 2DIAGNOSTIC,     3, -4.752951870466e-01, 1.797693134862e+308, 2.1902e+00, 3.1515e-02, 
 2DIAGNOSTIC,     4, -4.773330493386e-01, 1.797693134862e+308, 2.2262e+00, 3.6026e-02, 
 2DIAGNOSTIC,     5, -4.804864829586e-01, 1.797693134862e+308, 2.2660e+00, 3.9755e-02, 
 2DIAGNOSTIC,     6, -4.823007391390e-01, 1.797693134862e+308, 2.3017e+00, 3.5689e-02, 
 2DIAGNOSTIC,     7, -4.832268547431e-01, 1.797693134862e+308, 2.3333e+00, 3.1630e-02, 
 2DIAGNOSTIC,     8, -4.834036797306e-01, 1.797693134862e+308, 2.3706e+00, 3.7351e-02, 
 2DIAGNOSTIC,     9, -4.837136153668e-01, 1.797693134862e+308, 2.4138e+00, 4.3182e-02, 
 2DIAGNOSTIC,    10, -4.838137101091e-01, 1.623407323249e-03, 2.4485e+00, 3.4700e-02, 
 2DIAGNOSTIC,    11, -4.840299803271e-01, 1.254941943101e-03, 2.4829e+00, 3.4423e-02, 
 2DIAGNOSTIC,    12, -4.849794975129e-01, 9.174251829966e-04, 2.5206e+00, 3.7688e-02, 
 2DIAGNOSTIC,    13, -4.854391585090e-01, 6.193822347007e-04, 2.5553e+00, 3.4697e-02, 
 2DIAGNOSTIC,    14, -4.854702811681e-01, 3.931297346729e-04, 2.5901e+00, 3.4775e-02, 
 2DIAGNOSTIC,    15, -4.855007589908e-01, 2.860693999380e-04, 2.6216e+00, 3.1496e-02, 
 2DIAGNOSTIC,    16, -4.855338709332e-01, 2.338486195011e-04, 2.6527e+00, 3.1096e-02, 
 2DIAGNOSTIC,    17, -4.856325220584e-01, 2.013892456029e-04, 2.6834e+00, 3.0685e-02, 
 2DIAGNOSTIC,    18, -4.860360594782e-01, 1.725611732452e-04, 2.7180e+00, 3.4614e-02, 
 2DIAGNOSTIC,    19, -4.863693782742e-01, 1.510051904818e-04, 2.7537e+00, 3.5659e-02, 
 2DIAGNOSTIC,    20, -4.885085481857e-01, 1.839034943063e-04, 2.8075e+00, 5.3835e-02, 
 2DIAGNOSTIC,    21, -4.892269399262e-01, 2.207924139489e-04, 2.8504e+00, 4.2950e-02, 
 2DIAGNOSTIC,    22, -4.897692615299e-01, 2.735537137758e-04, 2.8929e+00, 4.2480e-02, 
 2DIAGNOSTIC,    23, -4.897676147347e-01, 3.084290822225e-04, 2.9366e+00, 4.3651e-02, 
 2DIAGNOSTIC,    24, -4.897653415487e-01, 3.124066516399e-04, 2.9751e+00, 3.8498e-02, 
 2DIAGNOSTIC,    25, -4.899646512982e-01, 2.916863101096e-04, 3.0100e+00, 3.4912e-02, 
 2DIAGNOSTIC,    26, -4.899735794964e-01, 2.457643381890e-04, 3.0405e+00, 3.0476e-02, 
 2DIAGNOSTIC,    27, -4.900460321122e-01, 1.843575403780e-04, 3.0739e+00, 3.3480e-02, 
 2DIAGNOSTIC,    28, -4.901768756501e-01, 1.218734173195e-04, 3.1115e+00, 3.7589e-02, 
 2DIAGNOSTIC,    29, -4.902202624691e-01, 5.900501102280e-05, 3.1600e+00, 4.8427e-02, 
 2DIAGNOSTIC,    30, -4.902758146177e-01, 3.744627338576e-05, 3.1987e+00, 3.8764e-02, 
 2DIAGNOSTIC,    31, -4.904864987049e-01, 3.110484184585e-05, 3.2629e+00, 6.4199e-02, 
 2DIAGNOSTIC,    32, -4.904931220799e-01, 3.230127394691e-05, 3.2983e+00, 3.5365e-02, 
 2DIAGNOSTIC,    33, -4.905039262811e-01, 3.067640742068e-05, 3.3330e+00, 3.4750e-02, 
 2DIAGNOSTIC,    34, -4.905042797305e-01, 2.625022007988e-05, 3.3686e+00, 3.5607e-02, 
 2DIAGNOSTIC,    35, -4.905119610278e-01, 2.315282532045e-05, 3.4028e+00, 3.4141e-02, 
 2DIAGNOSTIC,    36, -4.905185159144e-01, 1.830781944983e-05, 3.4385e+00, 3.5756e-02, 
 2DIAGNOSTIC,    37, -4.904989554735e-01, 1.285265920572e-05, 3.4693e+00, 3.0760e-02, 
 2DIAGNOSTIC,    38, -4.905043236989e-01, 8.693523691355e-06, 3.5031e+00, 3.3778e-02, 
 2DIAGNOSTIC,    39, -4.905023014882e-01, 4.631809492981e-06, 3.5379e+00, 3.4871e-02, 
 2DIAGNOSTIC,    40, -4.905152817367e-01, 1.322946288955e-06, 3.5710e+00, 3.3022e-02, 
 2DIAGNOSTIC,    41, -4.905119501180e-01, 1.075030501362e-06, 3.6036e+00, 3.2610e-02, 
DIAGNOSTIC,Iteration,metricValue,convergenceValue,ITERATION_TIME_INDEX,SINCE_LAST
 2DIAGNOSTIC,     1, -4.333610743132e-01, 1.797693134862e+308, 4.7236e+00, 1.1200e+00, 
 2DIAGNOSTIC,     2, -4.336069054475e-01, 1.797693134862e+308, 4.9895e+00, 2.6598e-01, 
 2DIAGNOSTIC,     3, -4.338057778015e-01, 1.797693134862e+308, 5.2559e+00, 2.6639e-01, 
 2DIAGNOSTIC,     4, -4.338816783682e-01, 1.797693134862e+308, 5.5499e+00, 2.9400e-01, 
 2DIAGNOSTIC,     5, -4.339659455343e-01, 1.797693134862e+308, 5.7890e+00, 2.3907e-01, 
 2DIAGNOSTIC,     6, -4.341333006857e-01, 1.797693134862e+308, 6.0220e+00, 2.3305e-01, 
 2DIAGNOSTIC,     7, -4.342702709439e-01, 1.797693134862e+308, 6.4601e+00, 4.3800e-01, 
 2DIAGNOSTIC,     8, -4.343563925555e-01, 1.797693134862e+308, 6.7165e+00, 2.5650e-01, 
 2DIAGNOSTIC,     9, -4.343841419743e-01, 1.797693134862e+308, 7.0996e+00, 3.8305e-01, 
 2DIAGNOSTIC,    10, -4.343974393287e-01, 1.545153246549e-04, 7.4009e+00, 3.0135e-01, 
 2DIAGNOSTIC,    11, -4.343975083042e-01, 1.139188985712e-04, 7.7331e+00, 3.3220e-01, 
 2DIAGNOSTIC,    12, -4.343982004583e-01, 8.325894354212e-05, 8.0140e+00, 2.8087e-01, 
 2DIAGNOSTIC,    13, -4.343945663674e-01, 5.985874966828e-05, 8.2986e+00, 2.8458e-01, 
 2DIAGNOSTIC,    14, -4.343980321859e-01, 3.835238273674e-05, 8.6475e+00, 3.4890e-01, 
 2DIAGNOSTIC,    15, -4.343975036874e-01, 1.997999654482e-05, 8.9277e+00, 2.8020e-01, 
 2DIAGNOSTIC,    16, -4.343953780130e-01, 8.926037962070e-06, 9.2091e+00, 2.8142e-01, 
 2DIAGNOSTIC,    17, -4.343948787704e-01, 3.720037210449e-06, 9.4494e+00, 2.4025e-01, 
 2DIAGNOSTIC,    18, -4.343937890089e-01, 1.992166860650e-06, 9.7079e+00, 2.5852e-01, 
 2DIAGNOSTIC,    19, -4.343944745082e-01, 1.390579804701e-06, 9.9453e+00, 2.3737e-01, 
 2DIAGNOSTIC,    20, -4.343964287000e-01, 1.371805790622e-06, 1.0243e+01, 2.9747e-01, 
 2DIAGNOSTIC,    21, -4.343993772765e-01, 1.468282552770e-06, 1.0475e+01, 2.3230e-01, 
 2DIAGNOSTIC,    22, -4.344024970132e-01, 1.677009541096e-06, 1.0731e+01, 2.5647e-01, 
 2DIAGNOSTIC,    23, -4.344024847065e-01, 1.738130089038e-06, 1.0952e+01, 2.2022e-01, 
 2DIAGNOSTIC,    24, -4.344104020730e-01, 2.072772663390e-06, 1.1221e+01, 2.6904e-01, 
 2DIAGNOSTIC,    25, -4.344190829322e-01, 2.519069816131e-06, 1.1453e+01, 2.3239e-01, 
 2DIAGNOSTIC,    26, -4.344237414407e-01, 2.872293185421e-06, 1.1714e+01, 2.6068e-01, 
 2DIAGNOSTIC,    27, -4.344526591534e-01, 3.735516245565e-06, 1.1952e+01, 2.3828e-01, 
 2DIAGNOSTIC,    28, -4.344832145168e-01, 4.970097481259e-06, 1.2265e+01, 3.1320e-01, 
 2DIAGNOSTIC,    29, -4.346437227350e-01, 9.381647155873e-06, 1.2591e+01, 3.2586e-01, 
 2DIAGNOSTIC,    30, -4.346771430219e-01, 1.340009918514e-05, 1.2863e+01, 2.7166e-01, 
 2DIAGNOSTIC,    31, -4.346819612192e-01, 1.618237316450e-05, 1.3170e+01, 3.0717e-01, 
 2DIAGNOSTIC,    32, -4.347158611116e-01, 1.816257771545e-05, 1.3562e+01, 3.9237e-01, 
 2DIAGNOSTIC,    33, -4.347128307798e-01, 1.830144887306e-05, 1.3865e+01, 3.0241e-01, 
 2DIAGNOSTIC,    34, -4.347123935628e-01, 1.688990574080e-05, 1.4240e+01, 3.7509e-01, 
 2DIAGNOSTIC,    35, -4.347124835209e-01, 1.420824307841e-05, 1.4511e+01, 2.7097e-01, 
 2DIAGNOSTIC,    36, -4.347101937099e-01, 1.048617309917e-05, 1.4827e+01, 3.1663e-01, 
 2DIAGNOSTIC,    37, -4.347094459521e-01, 6.568993216188e-06, 1.5087e+01, 2.5976e-01, 
 2DIAGNOSTIC,    38, -4.347071630611e-01, 2.728914876841e-06, 1.5367e+01, 2.7953e-01, 
 2DIAGNOSTIC,    39, -4.347064656322e-01, 1.581497721559e-06, 1.5621e+01, 2.5464e-01, 
DIAGNOSTIC,Iteration,metricValue,convergenceValue,ITERATION_TIME_INDEX,SINCE_LAST
 2DIAGNOSTIC,     1, -4.012563933546e-01, 1.797693134862e+308, 1.8316e+01, 2.6949e+00, 
 2DIAGNOSTIC,     2, -4.013358751033e-01, 1.797693134862e+308, 1.9738e+01, 1.4222e+00, 
 2DIAGNOSTIC,     3, -4.014789961098e-01, 1.797693134862e+308, 2.1604e+01, 1.8656e+00, 
 2DIAGNOSTIC,     4, -4.015224535730e-01, 1.797693134862e+308, 2.3438e+01, 1.8341e+00, 
 2DIAGNOSTIC,     5, -4.015222190112e-01, 1.797693134862e+308, 2.5046e+01, 1.6076e+00, 
 2DIAGNOSTIC,     6, -4.015223282228e-01, 1.797693134862e+308, 2.8153e+01, 3.1071e+00, 
 2DIAGNOSTIC,     7, -4.015224149543e-01, 1.797693134862e+308, 3.3207e+01, 5.0537e+00, 
 2DIAGNOSTIC,     8, -4.015224149543e-01, 1.797693134862e+308, 3.5885e+01, 2.6783e+00, 
 2DIAGNOSTIC,     9, -4.015224149543e-01, 1.797693134862e+308, 3.7908e+01, 2.0235e+00, 
 2DIAGNOSTIC,    10, -4.015224149543e-01, 3.570734384220e-05, 3.9689e+01, 1.7806e+00, 
 2DIAGNOSTIC,    11, -4.015224149543e-01, 1.734287201249e-05, 4.1329e+01, 1.6403e+00, 
 2DIAGNOSTIC,    12, -4.015224149543e-01, 5.220984413287e-06, 4.2797e+01, 1.4680e+00, 
 2DIAGNOSTIC,    13, -4.015224149543e-01, 2.457683895424e-06, 4.4512e+01, 1.7151e+00, 
 2DIAGNOSTIC,    14, -4.015224149543e-01, 2.286076328087e-06, 4.6088e+01, 1.5754e+00, 
 2DIAGNOSTIC,    15, -4.015224149543e-01, 2.124929357236e-06, 4.7567e+01, 1.4793e+00, 
 2DIAGNOSTIC,    16, -4.015224149543e-01, 1.988273758635e-06, 4.9263e+01, 1.6964e+00, 
 2DIAGNOSTIC,    17, -4.015224149543e-01, 1.871307975861e-06, 5.0869e+01, 1.6057e+00, 
 2DIAGNOSTIC,    18, -4.015224149543e-01, 1.767339283316e-06, 5.2392e+01, 1.5233e+00, 
 2DIAGNOSTIC,    19, -4.015224149543e-01, 1.674315375566e-06, 5.4128e+01, 1.7356e+00, 
 2DIAGNOSTIC,    20, -4.015224149543e-01, 1.590594433463e-06, 5.5867e+01, 1.7394e+00, 
 2DIAGNOSTIC,    21, -4.015224149543e-01, 1.514847383623e-06, 5.7654e+01, 1.7866e+00, 
 2DIAGNOSTIC,    22, -4.015224149543e-01, 1.445986816097e-06, 5.9352e+01, 1.6983e+00, 
 2DIAGNOSTIC,    23, -4.015224149543e-01, 1.383114445808e-06, 6.1184e+01, 1.8311e+00, 
 2DIAGNOSTIC,    24, -4.015224149543e-01, 1.325481709502e-06, 6.2750e+01, 1.5669e+00, 
 2DIAGNOSTIC,    25, -4.015224149543e-01, 1.272459820047e-06, 6.4610e+01, 1.8594e+00, 
 2DIAGNOSTIC,    26, -4.015224149543e-01, 1.223516731340e-06, 6.6305e+01, 1.6952e+00, 
 2DIAGNOSTIC,    27, -4.015224149543e-01, 1.178199222546e-06, 6.7844e+01, 1.5388e+00, 
 2DIAGNOSTIC,    28, -4.015224149543e-01, 1.136118821507e-06, 6.9367e+01, 1.5229e+00, 
 2DIAGNOSTIC,    29, -4.015224149543e-01, 1.096940640821e-06, 7.0799e+01, 1.4320e+00, 
 2DIAGNOSTIC,    30, -4.015224149543e-01, 1.060374446429e-06, 7.2289e+01, 1.4901e+00, 
 2DIAGNOSTIC,    31, -4.015224149543e-01, 1.026167455398e-06, 7.4008e+01, 1.7194e+00, 
  Elapsed time (stage 0): 7.4870e+01


Total elapsed time: 7.4873e+01
Info [verificarlo]: loaded backend libinterflop_ieee.so
Info [interflop-ieee]: load backend with:
Info [interflop-ieee]: debug = false
Info [interflop-ieee]: debug-binary = false
Info [interflop-ieee]: no-backend-name = false
Info [interflop-ieee]: print-new-line = false
Info [interflop-ieee]: print-subnormal-normalized = false
Info [interflop-ieee]: count-op = false
All_Command_lines_OK
Using double precision for computations.
=============================================================================
The composite transform comprises the following transforms (in order): 
  1. /home/mdugre/scratch/mri-registration-rp/datasets/ds004513/derivatives/mri-registration-rp/0001/antsRegistration-r8-p10/sub-s037/rigid_Composite.h5[0] (type = Euler3DTransform)
  2. /home/mdugre/scratch/mri-registration-rp/datasets/ds004513/derivatives/mri-registration-rp/0001/antsRegistration-r8-p10/sub-s037/rigid_Composite.h5[1] (type = Euler3DTransform)
  3. /home/mdugre/scratch/mri-registration-rp/datasets/ds004513/derivatives/mri-registration-rp/0001/antsRegistration-r8-p10/sub-s037/rigid_Composite.h5[2] (type = Euler3DTransform)
=============================================================================
  number of levels = 4
  fixed image: /templateflow/tpl-MNI152NLin2009cAsym/tpl-MNI152NLin2009cAsym_res-01_desc-brain_T1w.nii.gz
  moving image: /home/mdugre/scratch/mri-registration-rp/datasets/ds004513/derivatives/mri-registration-rp/antsBrainExtraction/sub-s037/BrainExtractionBrain.nii.gz
Dimension = 3
Number of stages = 1
Use histogram matching = false
Winsorize image intensities = true
  Lower quantile = 0.005
  Upper quantile = 0.995


Stage 1 State
   Image metric = MattesMI
     Fixed image = Image (0x4bc07e0)
  RTTI typeinfo:   itk::Image<double, 3u>
  Reference Count: 2
  Modified Time: 1592
  Debug: Off
  Object Name: 
  Observers: 
    none
  Source: (none)
  Source output name: (none)
  Release Data: Off
  Data Released: False
  Global Release Data: Off
  PipelineMTime: 0
  UpdateMTime: 1203
  RealTimeStamp: 0 seconds 
  LargestPossibleRegion: 
    Dimension: 3
    Index: [0, 0, 0]
    Size: [193, 229, 193]
  BufferedRegion: 
    Dimension: 3
    Index: [0, 0, 0]
    Size: [193, 229, 193]
  RequestedRegion: 
    Dimension: 3
    Index: [0, 0, 0]
    Size: [193, 229, 193]
  Spacing: [1, 1, 1]
  Origin: [96, 132, -78]
  Direction: 
-1 0 0
0 -1 0
0 0 1

  IndexToPointMatrix: 
-1 0 0
0 -1 0
0 0 1

  PointToIndexMatrix: 
-1 0 0
0 -1 0
0 0 1

  Inverse Direction: 
-1 0 0
0 -1 0
0 0 1

  PixelContainer: 
    ImportImageContainer (0x4c80a20)
      RTTI typeinfo:   itk::ImportImageContainer<unsigned long, double>
      Reference Count: 1
      Modified Time: 1200
      Debug: Off
      Object Name: 
      Observers: 
        none
      Pointer: 0x147718b64010
      Container manages memory: true
      Size: 8530021
      Capacity: 8530021

     Moving image = Image (0x4c7bd70)
  RTTI typeinfo:   itk::Image<double, 3u>
  Reference Count: 2
  Modified Time: 1593
  Debug: Off
  Object Name: 
  Observers: 
    none
  Source: (none)
  Source output name: (none)
  Release Data: Off
  Data Released: False
  Global Release Data: Off
  PipelineMTime: 0
  UpdateMTime: 1590
  RealTimeStamp: 0 seconds 
  LargestPossibleRegion: 
    Dimension: 3
    Index: [0, 0, 0]
    Size: [160, 240, 256]
  BufferedRegion: 
    Dimension: 3
    Index: [0, 0, 0]
    Size: [160, 240, 256]
  RequestedRegion: 
    Dimension: 3
    Index: [0, 0, 0]
    Size: [160, 240, 256]
  Spacing: [1, 1, 1]
  Origin: [87.9508, 102.562, -147.639]
  Direction: 
-0.998659 -0.0436121 -0.0279129
0.043595 -0.999049 0.00121847
-0.0279395 -2.65543e-08 0.99961

  IndexToPointMatrix: 
-0.998659 -0.0436121 -0.0279129
0.043595 -0.999049 0.00121847
-0.0279395 -2.65543e-08 0.99961

  PointToIndexMatrix: 
-0.998659 0.043595 -0.0279395
-0.0436121 -0.999049 -2.65517e-08
-0.0279129 0.00121847 0.99961

  Inverse Direction: 
-0.998659 0.043595 -0.0279395
-0.0436121 -0.999049 -2.65517e-08
-0.0279129 0.00121847 0.99961

  PixelContainer: 
    ImportImageContainer (0x4c33c90)
      RTTI typeinfo:   itk::ImportImageContainer<unsigned long, double>
      Reference Count: 1
      Modified Time: 1587
      Debug: Off
      Object Name: 
      Observers: 
        none
      Pointer: 0x147714063010
      Container manages memory: true
      Size: 9830400
      Capacity: 9830400

     Weighting = 1
     Sampling strategy = regular
     Number of bins = 32
     Radius = 4
     Sampling percentage  = 0.25
   Transform = Affine
     Gradient step = 0.1
     Update field sigma (voxel space) = 0
     Total field sigma (voxel space) = 0
     Update field time sigma = 0
     Total field time sigma  = 0
     Number of time indices = 0
     Number of time point samples = 0
Registration using 1 total stages.

Stage 0
  iterations = 1000x500x250x100
  convergence threshold = 1e-06
  convergence window size = 10
  number of levels = 4
  using the Mattes MI metric (number of bins = 32, weight = 1, use gradient filter = 0)
  preprocessing:  winsorizing the image intensities
  Shrink factors (level 1 out of 4): [8, 8, 8]
  Shrink factors (level 2 out of 4): [4, 4, 4]
  Shrink factors (level 3 out of 4): [2, 2, 2]
  Shrink factors (level 4 out of 4): [1, 1, 1]
  smoothing sigmas per level: [3, 2, 1, 0]
  regular sampling (percentage = 0.25)

*** Running AffineTransform registration ***

DIAGNOSTIC,Iteration,metricValue,convergenceValue,ITERATION_TIME_INDEX,SINCE_LAST
 2DIAGNOSTIC,     1, -5.840216726425e-01, 1.797693134862e+308, 8.1867e-01, 8.1867e-01, 
 2DIAGNOSTIC,     2, -5.854107598360e-01, 1.797693134862e+308, 8.2395e-01, 5.2860e-03, 
 2DIAGNOSTIC,     3, -5.885557707247e-01, 1.797693134862e+308, 8.2911e-01, 5.1601e-03, 
 2DIAGNOSTIC,     4, -5.957520774428e-01, 1.797693134862e+308, 8.3401e-01, 4.8990e-03, 
 2DIAGNOSTIC,     5, -6.043431046854e-01, 1.797693134862e+308, 8.3888e-01, 4.8699e-03, 
 2DIAGNOSTIC,     6, -6.122766522399e-01, 1.797693134862e+308, 8.4383e-01, 4.9510e-03, 
 2DIAGNOSTIC,     7, -6.231199112406e-01, 1.797693134862e+308, 8.4892e-01, 5.0929e-03, 
 2DIAGNOSTIC,     8, -6.487068704223e-01, 1.797693134862e+308, 8.5499e-01, 6.0661e-03, 
 2DIAGNOSTIC,     9, -6.874523794402e-01, 1.797693134862e+308, 8.6412e-01, 9.1281e-03, 
 2DIAGNOSTIC,    10, -6.892303281385e-01, 1.145918025567e-02, 8.6945e-01, 5.3341e-03, 
 2DIAGNOSTIC,    11, -6.950581805411e-01, 1.169729291026e-02, 8.7489e-01, 5.4369e-03, 
 2DIAGNOSTIC,    12, -7.013916177212e-01, 1.114341583569e-02, 8.8032e-01, 5.4290e-03, 
 2DIAGNOSTIC,    13, -7.088515057049e-01, 1.001554144777e-02, 8.8647e-01, 6.1541e-03, 
 2DIAGNOSTIC,    14, -7.132649650647e-01, 8.498958318895e-03, 8.9380e-01, 7.3261e-03, 
 2DIAGNOSTIC,    15, -7.135917618490e-01, 6.699201792661e-03, 8.9948e-01, 5.6851e-03, 
 2DIAGNOSTIC,    16, -7.157426602235e-01, 4.825492242751e-03, 9.0504e-01, 5.5540e-03, 
 2DIAGNOSTIC,    17, -7.177686258602e-01, 3.066901733513e-03, 9.1127e-01, 6.2270e-03, 
 2DIAGNOSTIC,    18, -7.185955261861e-01, 1.840939832927e-03, 9.1839e-01, 7.1230e-03, 
 2DIAGNOSTIC,    19, -7.200063369012e-01, 1.490216332803e-03, 9.2652e-01, 8.1320e-03, 
 2DIAGNOSTIC,    20, -7.200368420922e-01, 1.078199339878e-03, 9.3270e-01, 6.1760e-03, 
 2DIAGNOSTIC,    21, -7.198327698653e-01, 7.214196659041e-04, 9.3879e-01, 6.0971e-03, 
 2DIAGNOSTIC,    22, -7.195941995960e-01, 4.462944692844e-04, 9.4429e-01, 5.4960e-03, 
 2DIAGNOSTIC,    23, -7.194858461307e-01, 2.880007241722e-04, 9.5042e-01, 6.1281e-03, 
 2DIAGNOSTIC,    24, -7.194469571358e-01, 1.939522150798e-04, 9.5653e-01, 6.1080e-03, 
 2DIAGNOSTIC,    25, -7.193983480702e-01, 9.397343710469e-05, 9.6261e-01, 6.0828e-03, 
 2DIAGNOSTIC,    26, -7.193475211148e-01, 2.689614508333e-05, 9.6869e-01, 6.0809e-03, 
DIAGNOSTIC,Iteration,metricValue,convergenceValue,ITERATION_TIME_INDEX,SINCE_LAST
 2DIAGNOSTIC,     1, -5.930161689361e-01, 1.797693134862e+308, 1.7249e+00, 7.5621e-01, 
 2DIAGNOSTIC,     2, -5.939509489824e-01, 1.797693134862e+308, 1.7618e+00, 3.6872e-02, 
 2DIAGNOSTIC,     3, -5.953548572362e-01, 1.797693134862e+308, 1.7993e+00, 3.7539e-02, 
 2DIAGNOSTIC,     4, -5.963543385456e-01, 1.797693134862e+308, 1.8355e+00, 3.6153e-02, 
 2DIAGNOSTIC,     5, -5.972389351922e-01, 1.797693134862e+308, 1.8722e+00, 3.6785e-02, 
 2DIAGNOSTIC,     6, -5.982487539423e-01, 1.797693134862e+308, 1.9084e+00, 3.6177e-02, 
 2DIAGNOSTIC,     7, -5.987567400838e-01, 1.797693134862e+308, 1.9447e+00, 3.6307e-02, 
 2DIAGNOSTIC,     8, -5.994294664341e-01, 1.797693134862e+308, 1.9898e+00, 4.5033e-02, 
 2DIAGNOSTIC,     9, -5.997256049066e-01, 1.797693134862e+308, 2.0583e+00, 6.8509e-02, 
 2DIAGNOSTIC,    10, -5.997643858406e-01, 7.619012480021e-04, 2.0990e+00, 4.0737e-02, 
 2DIAGNOSTIC,    11, -5.997625243559e-01, 5.710620413349e-04, 2.1394e+00, 4.0375e-02, 
 2DIAGNOSTIC,    12, -5.997539999882e-01, 3.970013152134e-04, 2.1835e+00, 4.4118e-02, 
 2DIAGNOSTIC,    13, -5.997489780771e-01, 2.648230414942e-04, 2.2236e+00, 4.0070e-02, 
 2DIAGNOSTIC,    14, -5.997343268263e-01, 1.607712616899e-04, 2.2638e+00, 4.0203e-02, 
 2DIAGNOSTIC,    15, -5.997279200443e-01, 8.356455215433e-05, 2.3002e+00, 3.6398e-02, 
 2DIAGNOSTIC,    16, -5.997235258590e-01, 3.837284066471e-05, 2.3404e+00, 4.0277e-02, 
 2DIAGNOSTIC,    17, -5.997184460030e-01, 8.794291815148e-06, 2.3763e+00, 3.5864e-02, 
DIAGNOSTIC,Iteration,metricValue,convergenceValue,ITERATION_TIME_INDEX,SINCE_LAST
 2DIAGNOSTIC,     1, -5.246436851856e-01, 1.797693134862e+308, 3.6258e+00, 1.2495e+00, 
