
##########################
# Experiment information #
##########################

EXPERIMENT_NAME: antsRegistration-r7-p8
VFC_BACKENDS: libinterflop_vprec.so --range-binary32=7 --precision-binary32=8 --range-binary64=7 --precision-binary64=8

SIF_IMG: /home/mdugre/projects/rrg-glatard/mdugre/containers/ants-vprec-no_metrics.simg

SUBJECT_ID: s020
INPUT_IMG: /home/mdugre/scratch/mri-registration-rp/datasets/ds004513/derivatives/mri-registration-rp/antsBrainExtraction/sub-s020/BrainExtractionBrain.nii.gz
OUTPUT_DIR: /home/mdugre/scratch/mri-registration-rp/datasets/ds004513/derivatives/mri-registration-rp/0001/antsRegistration-r7-p8/sub-s020

FIXED_IMG: /templateflow/tpl-MNI152NLin2009cAsym/tpl-MNI152NLin2009cAsym_res-01_desc-brain_T1w.nii.gz
DATA_DIR: /home/mdugre/scratch/mri-registration-rp/datasets/ds004513
TEMPLATEFLOW_DIR: /home/mdugre/projects/rrg-glatard/mdugre/templateflow
ITK_GLOBAL_DEFAULT_NUMBER_OF_THREADS: 16
##########################

Info [verificarlo]: loaded backend libinterflop_ieee.so
Info [interflop-ieee]: load backend with:
Info [interflop-ieee]: debug = false
Info [interflop-ieee]: debug-binary = false
Info [interflop-ieee]: no-backend-name = false
Info [interflop-ieee]: print-new-line = false
Info [interflop-ieee]: print-subnormal-normalized = false
Info [interflop-ieee]: count-op = false
All_Command_lines_OK
Using double precision for computations.
=============================================================================
The composite transform comprises the following transforms (in order): 
  1. Center of mass alignment using fixed image: /templateflow/tpl-MNI152NLin2009cAsym/tpl-MNI152NLin2009cAsym_res-01_desc-brain_T1w.nii.gz and moving image: /home/mdugre/scratch/mri-registration-rp/datasets/ds004513/derivatives/mri-registration-rp/antsBrainExtraction/sub-s020/BrainExtractionBrain.nii.gz (type = Euler3DTransform)
=============================================================================
  number of levels = 1
  fixed image: /templateflow/tpl-MNI152NLin2009cAsym/tpl-MNI152NLin2009cAsym_res-01_desc-brain_T1w.nii.gz
  moving image: /home/mdugre/scratch/mri-registration-rp/datasets/ds004513/derivatives/mri-registration-rp/antsBrainExtraction/sub-s020/BrainExtractionBrain.nii.gz
Dimension = 3
Number of stages = 1
Use histogram matching = false
Winsorize image intensities = true
  Lower quantile = 0.005
  Upper quantile = 0.995


Stage 1 State
   Image metric = MattesMI
     Fixed image = Image (0x518ebd0)
  RTTI typeinfo:   itk::Image<double, 3u>
  Reference Count: 2
  Modified Time: 2334
  Debug: Off
  Object Name: 
  Observers: 
    none
  Source: (none)
  Source output name: (none)
  Release Data: Off
  Data Released: False
  Global Release Data: Off
  PipelineMTime: 0
  UpdateMTime: 1943
  RealTimeStamp: 0 seconds 
  LargestPossibleRegion: 
    Dimension: 3
    Index: [0, 0, 0]
    Size: [193, 229, 193]
  BufferedRegion: 
    Dimension: 3
    Index: [0, 0, 0]
    Size: [193, 229, 193]
  RequestedRegion: 
    Dimension: 3
    Index: [0, 0, 0]
    Size: [193, 229, 193]
  Spacing: [1, 1, 1]
  Origin: [96, 132, -78]
  Direction: 
-1 0 0
0 -1 0
0 0 1

  IndexToPointMatrix: 
-1 0 0
0 -1 0
0 0 1

  PointToIndexMatrix: 
-1 0 0
0 -1 0
0 0 1

  Inverse Direction: 
-1 0 0
0 -1 0
0 0 1

  PixelContainer: 
    ImportImageContainer (0x51979e0)
      RTTI typeinfo:   itk::ImportImageContainer<unsigned long, double>
      Reference Count: 1
      Modified Time: 1940
      Debug: Off
      Object Name: 
      Observers: 
        none
      Pointer: 0x1539766ad010
      Container manages memory: true
      Size: 8530021
      Capacity: 8530021

     Moving image = Image (0x5198bd0)
  RTTI typeinfo:   itk::Image<double, 3u>
  Reference Count: 2
  Modified Time: 2335
  Debug: Off
  Object Name: 
  Observers: 
    none
  Source: (none)
  Source output name: (none)
  Release Data: Off
  Data Released: False
  Global Release Data: Off
  PipelineMTime: 0
  UpdateMTime: 2332
  RealTimeStamp: 0 seconds 
  LargestPossibleRegion: 
    Dimension: 3
    Index: [0, 0, 0]
    Size: [160, 240, 256]
  BufferedRegion: 
    Dimension: 3
    Index: [0, 0, 0]
    Size: [160, 240, 256]
  RequestedRegion: 
    Dimension: 3
    Index: [0, 0, 0]
    Size: [160, 240, 256]
  Spacing: [0.999995, 1, 1]
  Origin: [87.0906, 98.7205, -152.377]
  Direction: 
-0.996975 0.0261379 -0.0731913
-0.0260677 -0.999658 -0.00191374
-0.0732163 -2.46403e-08 0.997316

  IndexToPointMatrix: 
-0.996971 0.0261379 -0.0731913
-0.0260676 -0.999658 -0.00191374
-0.0732159 -2.46403e-08 0.997316

  PointToIndexMatrix: 
-0.99698 -0.0260679 -0.0732166
0.0261379 -0.999658 -2.46993e-08
-0.0731913 -0.00191374 0.997316

  Inverse Direction: 
-0.996975 -0.0260677 -0.0732163
0.0261379 -0.999658 -2.46993e-08
-0.0731913 -0.00191374 0.997316

  PixelContainer: 
    ImportImageContainer (0x531eb50)
      RTTI typeinfo:   itk::ImportImageContainer<unsigned long, double>
      Reference Count: 1
      Modified Time: 2329
      Debug: Off
      Object Name: 
      Observers: 
        none
      Pointer: 0x153971bac010
      Container manages memory: true
      Size: 9830400
      Capacity: 9830400

     Weighting = 1
     Sampling strategy = regular
     Number of bins = 32
     Radius = 4
     Sampling percentage  = 0.25
   Transform = Rigid
     Gradient step = 0.1
     Update field sigma (voxel space) = 0
     Total field sigma (voxel space) = 0
     Update field time sigma = 0
     Total field time sigma  = 0
     Number of time indices = 0
     Number of time point samples = 0
Registration using 1 total stages.

Stage 0
  iterations = 0
  convergence threshold = 1e-06
  convergence window size = 10
  number of levels = 1
  using the Mattes MI metric (number of bins = 32, weight = 1, use gradient filter = 0)
  preprocessing:  winsorizing the image intensities
  Shrink factors (level 1 out of 1): [1, 1, 1]
  smoothing sigmas per level: [0]
  regular sampling (percentage = 0.25)

*** Running Euler3DTransform registration ***

  Elapsed time (stage 0): 1.13244


Total elapsed time: 1.13896
Info [verificarlo]: loaded backend libinterflop_ieee.so
Info [interflop-ieee]: load backend with:
Info [interflop-ieee]: debug = false
Info [interflop-ieee]: debug-binary = false
Info [interflop-ieee]: no-backend-name = false
Info [interflop-ieee]: print-new-line = false
Info [interflop-ieee]: print-subnormal-normalized = false
Info [interflop-ieee]: count-op = false
All_Command_lines_OK
Using double precision for computations.
=============================================================================
The composite transform comprises the following transforms (in order): 
  1. /home/mdugre/scratch/mri-registration-rp/datasets/ds004513/derivatives/mri-registration-rp/0001/antsRegistration-r7-p8/sub-s020/align_Composite.h5[0] (type = Euler3DTransform)
  2. /home/mdugre/scratch/mri-registration-rp/datasets/ds004513/derivatives/mri-registration-rp/0001/antsRegistration-r7-p8/sub-s020/align_Composite.h5[1] (type = Euler3DTransform)
=============================================================================
  number of levels = 4
  fixed image: /templateflow/tpl-MNI152NLin2009cAsym/tpl-MNI152NLin2009cAsym_res-01_desc-brain_T1w.nii.gz
  moving image: /home/mdugre/scratch/mri-registration-rp/datasets/ds004513/derivatives/mri-registration-rp/antsBrainExtraction/sub-s020/BrainExtractionBrain.nii.gz
Dimension = 3
Number of stages = 1
Use histogram matching = false
Winsorize image intensities = true
  Lower quantile = 0.005
  Upper quantile = 0.995


Stage 1 State
   Image metric = MattesMI
     Fixed image = Image (0x4044530)
  RTTI typeinfo:   itk::Image<double, 3u>
  Reference Count: 2
  Modified Time: 1580
  Debug: Off
  Object Name: 
  Observers: 
    none
  Source: (none)
  Source output name: (none)
  Release Data: Off
  Data Released: False
  Global Release Data: Off
  PipelineMTime: 0
  UpdateMTime: 1189
  RealTimeStamp: 0 seconds 
  LargestPossibleRegion: 
    Dimension: 3
    Index: [0, 0, 0]
    Size: [193, 229, 193]
  BufferedRegion: 
    Dimension: 3
    Index: [0, 0, 0]
    Size: [193, 229, 193]
  RequestedRegion: 
    Dimension: 3
    Index: [0, 0, 0]
    Size: [193, 229, 193]
  Spacing: [1, 1, 1]
  Origin: [96, 132, -78]
  Direction: 
-1 0 0
0 -1 0
0 0 1

  IndexToPointMatrix: 
-1 0 0
0 -1 0
0 0 1

  PointToIndexMatrix: 
-1 0 0
0 -1 0
0 0 1

  Inverse Direction: 
-1 0 0
0 -1 0
0 0 1

  PixelContainer: 
    ImportImageContainer (0x4102d60)
      RTTI typeinfo:   itk::ImportImageContainer<unsigned long, double>
      Reference Count: 1
      Modified Time: 1186
      Debug: Off
      Object Name: 
      Observers: 
        none
      Pointer: 0x14e2b49f1010
      Container manages memory: true
      Size: 8530021
      Capacity: 8530021

     Moving image = Image (0x40f4f60)
  RTTI typeinfo:   itk::Image<double, 3u>
  Reference Count: 2
  Modified Time: 1581
  Debug: Off
  Object Name: 
  Observers: 
    none
  Source: (none)
  Source output name: (none)
  Release Data: Off
  Data Released: False
  Global Release Data: Off
  PipelineMTime: 0
  UpdateMTime: 1578
  RealTimeStamp: 0 seconds 
  LargestPossibleRegion: 
    Dimension: 3
    Index: [0, 0, 0]
    Size: [160, 240, 256]
  BufferedRegion: 
    Dimension: 3
    Index: [0, 0, 0]
    Size: [160, 240, 256]
  RequestedRegion: 
    Dimension: 3
    Index: [0, 0, 0]
    Size: [160, 240, 256]
  Spacing: [0.999995, 1, 1]
  Origin: [87.0906, 98.7205, -152.377]
  Direction: 
-0.996975 0.0261379 -0.0731913
-0.0260677 -0.999658 -0.00191374
-0.0732163 -2.46403e-08 0.997316

  IndexToPointMatrix: 
-0.996971 0.0261379 -0.0731913
-0.0260676 -0.999658 -0.00191374
-0.0732159 -2.46403e-08 0.997316

  PointToIndexMatrix: 
-0.99698 -0.0260679 -0.0732166
0.0261379 -0.999658 -2.46993e-08
-0.0731913 -0.00191374 0.997316

  Inverse Direction: 
-0.996975 -0.0260677 -0.0732163
0.0261379 -0.999658 -2.46993e-08
-0.0731913 -0.00191374 0.997316

  PixelContainer: 
    ImportImageContainer (0x40e66d0)
      RTTI typeinfo:   itk::ImportImageContainer<unsigned long, double>
      Reference Count: 1
      Modified Time: 1575
      Debug: Off
      Object Name: 
      Observers: 
        none
      Pointer: 0x14e2afef0010
      Container manages memory: true
      Size: 9830400
      Capacity: 9830400

     Weighting = 1
     Sampling strategy = regular
     Number of bins = 32
     Radius = 4
     Sampling percentage  = 0.25
   Transform = Rigid
     Gradient step = 0.1
     Update field sigma (voxel space) = 0
     Total field sigma (voxel space) = 0
     Update field time sigma = 0
     Total field time sigma  = 0
     Number of time indices = 0
     Number of time point samples = 0
Registration using 1 total stages.

Stage 0
  iterations = 1000x500x250x100
  convergence threshold = 1e-06
  convergence window size = 10
  number of levels = 4
  using the Mattes MI metric (number of bins = 32, weight = 1, use gradient filter = 0)
  preprocessing:  winsorizing the image intensities
  Shrink factors (level 1 out of 4): [8, 8, 8]
  Shrink factors (level 2 out of 4): [4, 4, 4]
  Shrink factors (level 3 out of 4): [2, 2, 2]
  Shrink factors (level 4 out of 4): [1, 1, 1]
  smoothing sigmas per level: [3, 2, 1, 0]
  regular sampling (percentage = 0.25)

*** Running Euler3DTransform registration ***

DIAGNOSTIC,Iteration,metricValue,convergenceValue,ITERATION_TIME_INDEX,SINCE_LAST
 2DIAGNOSTIC,     1, -3.791273390751e-01, 1.797693134862e+308, 7.6394e-01, 7.6394e-01, 
 2DIAGNOSTIC,     2, -3.803606001643e-01, 1.797693134862e+308, 7.6770e-01, 3.7642e-03, 
 2DIAGNOSTIC,     3, -3.828962034719e-01, 1.797693134862e+308, 7.7164e-01, 3.9401e-03, 
 2DIAGNOSTIC,     4, -3.876122532015e-01, 1.797693134862e+308, 7.7572e-01, 4.0772e-03, 
 2DIAGNOSTIC,     5, -3.904935334081e-01, 1.797693134862e+308, 7.8002e-01, 4.3039e-03, 
 2DIAGNOSTIC,     6, -3.911039700181e-01, 1.797693134862e+308, 7.8376e-01, 3.7429e-03, 
 2DIAGNOSTIC,     7, -3.914905453856e-01, 1.797693134862e+308, 7.8759e-01, 3.8271e-03, 
 2DIAGNOSTIC,     8, -3.925629083064e-01, 1.797693134862e+308, 7.9146e-01, 3.8671e-03, 
 2DIAGNOSTIC,     9, -3.981570789235e-01, 1.797693134862e+308, 7.9569e-01, 4.2300e-03, 
 2DIAGNOSTIC,    10, -4.079218556696e-01, 3.866687266231e-03, 8.0114e-01, 5.4560e-03, 
 2DIAGNOSTIC,    11, -4.246779602407e-01, 4.904320352957e-03, 8.0588e-01, 4.7381e-03, 
 2DIAGNOSTIC,    12, -4.297045200929e-01, 5.673254149497e-03, 8.1007e-01, 4.1902e-03, 
 2DIAGNOSTIC,    13, -4.335692915516e-01, 6.156954111684e-03, 8.1498e-01, 4.9040e-03, 
 2DIAGNOSTIC,    14, -4.439932007373e-01, 6.764094567467e-03, 8.1924e-01, 4.2658e-03, 
 2DIAGNOSTIC,    15, -4.466217674605e-01, 6.904768051443e-03, 8.2411e-01, 4.8699e-03, 
 2DIAGNOSTIC,    16, -4.513528166460e-01, 6.619270361591e-03, 8.2830e-01, 4.1871e-03, 
 2DIAGNOSTIC,    17, -4.528510993877e-01, 5.844785611553e-03, 8.3300e-01, 4.7040e-03, 
 2DIAGNOSTIC,    18, -4.555717392000e-01, 4.777374780575e-03, 8.3917e-01, 6.1641e-03, 
 2DIAGNOSTIC,    19, -4.559551099000e-01, 3.601534530128e-03, 8.4325e-01, 4.0798e-03, 
 2DIAGNOSTIC,    20, -4.573566792378e-01, 2.586717597530e-03, 8.4941e-01, 6.1610e-03, 
 2DIAGNOSTIC,    21, -4.575250297210e-01, 1.982979910629e-03, 8.5345e-01, 4.0379e-03, 
 2DIAGNOSTIC,    22, -4.577284317590e-01, 1.415649451993e-03, 8.5795e-01, 4.5059e-03, 
 2DIAGNOSTIC,    23, -4.579446208703e-01, 8.825904514502e-04, 8.6199e-01, 4.0362e-03, 
 2DIAGNOSTIC,    24, -4.580221710145e-01, 6.077395835422e-04, 8.6603e-01, 4.0390e-03, 
 2DIAGNOSTIC,    25, -4.581755465803e-01, 3.715342606954e-04, 8.7005e-01, 4.0271e-03, 
 2DIAGNOSTIC,    26, -4.586245934439e-01, 2.523999896890e-04, 8.7412e-01, 4.0619e-03, 
 2DIAGNOSTIC,    27, -4.589285652198e-01, 1.618360343618e-04, 8.8008e-01, 5.9669e-03, 
 2DIAGNOSTIC,    28, -4.591713487274e-01, 1.332269214550e-04, 8.8408e-01, 3.9971e-03, 
 2DIAGNOSTIC,    29, -4.592802972092e-01, 1.047341868101e-04, 8.8819e-01, 4.1051e-03, 
 2DIAGNOSTIC,    30, -4.596801619884e-01, 1.080917215449e-04, 8.9434e-01, 6.1591e-03, 
 2DIAGNOSTIC,    31, -4.599402508964e-01, 1.098316886710e-04, 8.9843e-01, 4.0822e-03, 
 2DIAGNOSTIC,    32, -4.599352796004e-01, 1.050096597866e-04, 9.0246e-01, 4.0379e-03, 
 2DIAGNOSTIC,    33, -4.600738658655e-01, 9.791698612792e-05, 9.0653e-01, 4.0669e-03, 
 2DIAGNOSTIC,    34, -4.601771698411e-01, 8.559771600707e-05, 9.1105e-01, 4.5190e-03, 
 2DIAGNOSTIC,    35, -4.602316957969e-01, 6.959852067898e-05, 9.1654e-01, 5.4889e-03, 
 2DIAGNOSTIC,    36, -4.602529884374e-01, 5.639138799671e-05, 9.2057e-01, 4.0350e-03, 
 2DIAGNOSTIC,    37, -4.604058254367e-01, 4.672106630246e-05, 9.2463e-01, 4.0529e-03, 
 2DIAGNOSTIC,    38, -4.610449135781e-01, 4.830760267120e-05, 9.2918e-01, 4.5569e-03, 
 2DIAGNOSTIC,    39, -4.612224828537e-01, 4.961254494124e-05, 9.3322e-01, 4.0340e-03, 
 2DIAGNOSTIC,    40, -4.612078054431e-01, 5.242084374378e-05, 9.3826e-01, 5.0449e-03, 
 2DIAGNOSTIC,    41, -4.615220438604e-01, 5.947576459272e-05, 9.4230e-01, 4.0390e-03, 
 2DIAGNOSTIC,    42, -4.616719863256e-01, 6.261141159854e-05, 9.4685e-01, 4.5462e-03, 
 2DIAGNOSTIC,    43, -4.620546463397e-01, 6.729909119966e-05, 9.5157e-01, 4.7240e-03, 
 2DIAGNOSTIC,    44, -4.631106729120e-01, 8.227927546538e-05, 9.5687e-01, 5.2979e-03, 
 2DIAGNOSTIC,    45, -4.648408371127e-01, 1.141215287515e-04, 9.6092e-01, 4.0510e-03, 
 2DIAGNOSTIC,    46, -4.649490306002e-01, 1.350595684527e-04, 9.6494e-01, 4.0209e-03, 
 2DIAGNOSTIC,    47, -4.651722046454e-01, 1.475374292963e-04, 9.6902e-01, 4.0739e-03, 
 2DIAGNOSTIC,    48, -4.676111512939e-01, 1.867236563770e-04, 9.7462e-01, 5.6069e-03, 
 2DIAGNOSTIC,    49, -4.680442193254e-01, 2.132991202214e-04, 9.7866e-01, 4.0350e-03, 
 2DIAGNOSTIC,    50, -4.682514673476e-01, 2.206814885978e-04, 9.8319e-01, 4.5359e-03, 
 2DIAGNOSTIC,    51, -4.687473526069e-01, 2.174342302122e-04, 9.8871e-01, 5.5151e-03, 
 2DIAGNOSTIC,    52, -4.690539652742e-01, 1.992993423809e-04, 9.9276e-01, 4.0550e-03, 
 2DIAGNOSTIC,    53, -4.696731811517e-01, 1.742918431236e-04, 9.9702e-01, 4.2591e-03, 
 2DIAGNOSTIC,    54, -4.706617128804e-01, 1.569411002726e-04, 1.0016e+00, 4.6251e-03, 
 2DIAGNOSTIC,    55, -4.713319120069e-01, 1.532470553552e-04, 1.0062e+00, 4.5869e-03, 
 2DIAGNOSTIC,    56, -4.719532896871e-01, 1.435868225691e-04, 1.0103e+00, 4.0691e-03, 
 2DIAGNOSTIC,    57, -4.732848577377e-01, 1.371716897128e-04, 1.0149e+00, 4.6151e-03, 
 2DIAGNOSTIC,    58, -4.742615307431e-01, 1.548616589444e-04, 1.0191e+00, 4.2002e-03, 
 2DIAGNOSTIC,    59, -4.766393761572e-01, 1.871050879033e-04, 1.0243e+00, 5.1949e-03, 
 2DIAGNOSTIC,    60, -4.769584227853e-01, 2.052865788898e-04, 1.0289e+00, 4.5710e-03, 
 2DIAGNOSTIC,    61, -4.770830918311e-01, 2.099308733292e-04, 1.0334e+00, 4.5409e-03, 
 2DIAGNOSTIC,    62, -4.777286405228e-01, 2.041520483712e-04, 1.0381e+00, 4.6711e-03, 
 2DIAGNOSTIC,    63, -4.778393228908e-01, 1.857807695289e-04, 1.0427e+00, 4.6391e-03, 
 2DIAGNOSTIC,    64, -4.779258033705e-01, 1.605193711898e-04, 1.0469e+00, 4.2000e-03, 
 2DIAGNOSTIC,    65, -4.781947835060e-01, 1.298809055544e-04, 1.0511e+00, 4.1850e-03, 
 2DIAGNOSTIC,    66, -4.796582635492e-01, 1.076846018956e-04, 1.0565e+00, 5.4109e-03, 
 2DIAGNOSTIC,    67, -4.797741836576e-01, 8.906452502118e-05, 1.0615e+00, 4.9272e-03, 
 2DIAGNOSTIC,    68, -4.798412838228e-01, 7.170216106699e-05, 1.0671e+00, 5.6779e-03, 
 2DIAGNOSTIC,    69, -4.800404234977e-01, 7.168635531968e-05, 1.0718e+00, 4.6148e-03, 
 2DIAGNOSTIC,    70, -4.805976286151e-01, 7.260075117231e-05, 1.0759e+00, 4.1759e-03, 
 2DIAGNOSTIC,    71, -4.806999318980e-01, 6.806317885823e-05, 1.0802e+00, 4.2269e-03, 
 2DIAGNOSTIC,    72, -4.808524042893e-01, 6.410250167770e-05, 1.0843e+00, 4.1342e-03, 
 2DIAGNOSTIC,    73, -4.815451273023e-01, 6.125276748262e-05, 1.0886e+00, 4.3190e-03, 
 2DIAGNOSTIC,    74, -4.832725939296e-01, 6.786488830120e-05, 1.0945e+00, 5.8870e-03, 
 2DIAGNOSTIC,    75, -4.847150661891e-01, 8.130709608473e-05, 1.0989e+00, 4.4150e-03, 
 2DIAGNOSTIC,    76, -4.858032307286e-01, 1.074267415518e-04, 1.1032e+00, 4.2639e-03, 
 2DIAGNOSTIC,    77, -4.871602802913e-01, 1.345792608418e-04, 1.1075e+00, 4.3640e-03, 
 2DIAGNOSTIC,    78, -4.922530553646e-01, 1.890973181408e-04, 1.1124e+00, 4.8521e-03, 
 2DIAGNOSTIC,    79, -4.931136603087e-01, 2.310011946985e-04, 1.1190e+00, 6.6071e-03, 
 2DIAGNOSTIC,    80, -4.938472809880e-01, 2.598191980232e-04, 1.1236e+00, 4.6289e-03, 
 2DIAGNOSTIC,    81, -4.939471964217e-01, 2.649652370453e-04, 1.1282e+00, 4.6160e-03, 
 2DIAGNOSTIC,    82, -4.941714460200e-01, 2.472769922809e-04, 1.1324e+00, 4.1618e-03, 
 2DIAGNOSTIC,    83, -4.941815864853e-01, 2.107045744898e-04, 1.1366e+00, 4.2441e-03, 
 2DIAGNOSTIC,    84, -4.944460619608e-01, 1.691678629516e-04, 1.1410e+00, 4.3621e-03, 
 2DIAGNOSTIC,    85, -4.951716939201e-01, 1.285207676900e-04, 1.1457e+00, 4.7131e-03, 
 2DIAGNOSTIC,    86, -4.981782218667e-01, 1.060460108465e-04, 1.1557e+00, 9.9890e-03, 
 2DIAGNOSTIC,    87, -4.982082760917e-01, 8.234703556454e-05, 1.1600e+00, 4.2918e-03, 
 2DIAGNOSTIC,    88, -4.982415828499e-01, 8.747486504738e-05, 1.1642e+00, 4.1940e-03, 
 2DIAGNOSTIC,    89, -4.982923931524e-01, 9.054984776369e-05, 1.1684e+00, 4.2090e-03, 
 2DIAGNOSTIC,    90, -4.983785297056e-01, 9.027565877043e-05, 1.1728e+00, 4.4081e-03, 
 2DIAGNOSTIC,    91, -4.985025949421e-01, 8.244923904542e-05, 1.1775e+00, 4.6451e-03, 
 2DIAGNOSTIC,    92, -4.986094070465e-01, 6.909237209326e-05, 1.1816e+00, 4.1590e-03, 
 2DIAGNOSTIC,    93, -4.986866285886e-01, 5.030306569831e-05, 1.1858e+00, 4.2000e-03, 
 2DIAGNOSTIC,    94, -4.988589859706e-01, 3.007109519027e-05, 1.1901e+00, 4.2489e-03, 
 2DIAGNOSTIC,    95, -4.990955053073e-01, 1.305746205092e-05, 1.1942e+00, 4.1749e-03, 
 2DIAGNOSTIC,    96, -4.998111867138e-01, 1.892096882471e-05, 1.1987e+00, 4.4301e-03, 
 2DIAGNOSTIC,    97, -5.017475734445e-01, 3.516736807993e-05, 1.2056e+00, 6.9649e-03, 
 2DIAGNOSTIC,    98, -5.021717695069e-01, 5.027095520034e-05, 1.2104e+00, 4.7460e-03, 
 2DIAGNOSTIC,    99, -5.024346124871e-01, 6.227217820855e-05, 1.2152e+00, 4.7722e-03, 
 2DIAGNOSTIC,   100, -5.025538994457e-01, 6.940402023960e-05, 1.2194e+00, 4.2350e-03, 
 2DIAGNOSTIC,   101, -5.026215669617e-01, 7.078092985242e-05, 1.2241e+00, 4.7328e-03, 
 2DIAGNOSTIC,   102, -5.027212010012e-01, 6.636951585340e-05, 1.2289e+00, 4.7910e-03, 
 2DIAGNOSTIC,   103, -5.027745455868e-01, 5.639626143263e-05, 1.2336e+00, 4.7040e-03, 
 2DIAGNOSTIC,   104, -5.028650578590e-01, 4.290392355279e-05, 1.2399e+00, 6.2590e-03, 
 2DIAGNOSTIC,   105, -5.028652491608e-01, 2.697399945581e-05, 1.2532e+00, 1.3305e-02, 
 2DIAGNOSTIC,   106, -5.028652491607e-01, 1.262788681466e-05, 1.2624e+00, 9.2070e-03, 
 2DIAGNOSTIC,   107, -5.028652491607e-01, 8.330590038193e-06, 1.2679e+00, 5.4641e-03, 
 2DIAGNOSTIC,   108, -5.028652491607e-01, 5.690681922525e-06, 1.2726e+00, 4.7319e-03, 
 2DIAGNOSTIC,   109, -5.028652491607e-01, 4.030358066934e-06, 1.2778e+00, 5.2319e-03, 
 2DIAGNOSTIC,   110, -5.028652491607e-01, 2.698765491837e-06, 1.2825e+00, 4.6489e-03, 
 2DIAGNOSTIC,   111, -5.028652491607e-01, 1.526894141606e-06, 1.2872e+00, 4.7162e-03, 
DIAGNOSTIC,Iteration,metricValue,convergenceValue,ITERATION_TIME_INDEX,SINCE_LAST
 2DIAGNOSTIC,     1, -4.050840334458e-01, 1.797693134862e+308, 2.0139e+00, 7.2670e-01, 
 2DIAGNOSTIC,     2, -4.055708633659e-01, 1.797693134862e+308, 2.0403e+00, 2.6388e-02, 
 2DIAGNOSTIC,     3, -4.063660581869e-01, 1.797693134862e+308, 2.0677e+00, 2.7384e-02, 
 2DIAGNOSTIC,     4, -4.067422564356e-01, 1.797693134862e+308, 2.0966e+00, 2.8931e-02, 
 2DIAGNOSTIC,     5, -4.070327944253e-01, 1.797693134862e+308, 2.1237e+00, 2.7094e-02, 
 2DIAGNOSTIC,     6, -4.074081719133e-01, 1.797693134862e+308, 2.1544e+00, 3.0721e-02, 
 2DIAGNOSTIC,     7, -4.087603284202e-01, 1.797693134862e+308, 2.1858e+00, 3.1384e-02, 
 2DIAGNOSTIC,     8, -4.098340321443e-01, 1.797693134862e+308, 2.2287e+00, 4.2956e-02, 
 2DIAGNOSTIC,     9, -4.103012113802e-01, 1.797693134862e+308, 2.2598e+00, 3.1074e-02, 
 2DIAGNOSTIC,    10, -4.115081100919e-01, 9.784329039754e-04, 2.2880e+00, 2.8221e-02, 
 2DIAGNOSTIC,    11, -4.141230990690e-01, 1.083000990977e-03, 2.3183e+00, 3.0233e-02, 
 2DIAGNOSTIC,    12, -4.146273676616e-01, 1.125006162463e-03, 2.3453e+00, 2.6995e-02, 
 2DIAGNOSTIC,    13, -4.149340165628e-01, 1.118582683053e-03, 2.3785e+00, 3.3281e-02, 
 2DIAGNOSTIC,    14, -4.150246449183e-01, 1.036986985130e-03, 2.4058e+00, 2.7236e-02, 
 2DIAGNOSTIC,    15, -4.152615171417e-01, 8.963667923424e-04, 2.4358e+00, 3.0055e-02, 
 2DIAGNOSTIC,    16, -4.154717743536e-01, 7.139046159096e-04, 2.4625e+00, 2.6677e-02, 
 2DIAGNOSTIC,    17, -4.158458865789e-01, 5.568010008862e-04, 2.4928e+00, 3.0326e-02, 
 2DIAGNOSTIC,    18, -4.163676205108e-01, 4.286061825882e-04, 2.5236e+00, 3.0727e-02, 
 2DIAGNOSTIC,    19, -4.164747585200e-01, 2.952237391033e-04, 2.5534e+00, 2.9816e-02, 
 2DIAGNOSTIC,    20, -4.172681376953e-01, 2.150420789894e-04, 2.5856e+00, 3.2256e-02, 
 2DIAGNOSTIC,    21, -4.175178834921e-01, 2.159096231055e-04, 2.6158e+00, 3.0179e-02, 
 2DIAGNOSTIC,    22, -4.175533185903e-01, 2.133320124828e-04, 2.6460e+00, 3.0167e-02, 
 2DIAGNOSTIC,    23, -4.175390925484e-01, 2.001703283849e-04, 2.6817e+00, 3.5751e-02, 
 2DIAGNOSTIC,    24, -4.175293941106e-01, 1.718175165090e-04, 2.7120e+00, 3.0250e-02, 
 2DIAGNOSTIC,    25, -4.175132452710e-01, 1.356417061744e-04, 2.7407e+00, 2.8756e-02, 
 2DIAGNOSTIC,    26, -4.175127271531e-01, 9.493625648640e-05, 2.7700e+00, 2.9268e-02, 
 2DIAGNOSTIC,    27, -4.175142108593e-01, 5.795824940911e-05, 2.7967e+00, 2.6722e-02, 
 2DIAGNOSTIC,    28, -4.175195170240e-01, 3.149266537738e-05, 2.8304e+00, 3.3700e-02, 
 2DIAGNOSTIC,    29, -4.175285519655e-01, 6.307465376457e-06, 2.8698e+00, 3.9419e-02, 
DIAGNOSTIC,Iteration,metricValue,convergenceValue,ITERATION_TIME_INDEX,SINCE_LAST
 2DIAGNOSTIC,     1, -3.586485322055e-01, 1.797693134862e+308, 3.9192e+00, 1.0494e+00, 
 2DIAGNOSTIC,     2, -3.587945598828e-01, 1.797693134862e+308, 4.1171e+00, 1.9786e-01, 
 2DIAGNOSTIC,     3, -3.589418644872e-01, 1.797693134862e+308, 4.3233e+00, 2.0625e-01, 
 2DIAGNOSTIC,     4, -3.591226887342e-01, 1.797693134862e+308, 4.6246e+00, 3.0125e-01, 
 2DIAGNOSTIC,     5, -3.591212963960e-01, 1.797693134862e+308, 4.8946e+00, 2.7008e-01, 
 2DIAGNOSTIC,     6, -3.591201947199e-01, 1.797693134862e+308, 5.1697e+00, 2.7507e-01, 
 2DIAGNOSTIC,     7, -3.591305011268e-01, 1.797693134862e+308, 5.4444e+00, 2.7465e-01, 
 2DIAGNOSTIC,     8, -3.591372066361e-01, 1.797693134862e+308, 5.7104e+00, 2.6606e-01, 
 2DIAGNOSTIC,     9, -3.591364368113e-01, 1.797693134862e+308, 5.9581e+00, 2.4763e-01, 
 2DIAGNOSTIC,    10, -3.591402563128e-01, 7.688125967692e-05, 6.2076e+00, 2.4958e-01, 
 2DIAGNOSTIC,    11, -3.591405365141e-01, 4.161238597665e-05, 6.4872e+00, 2.7953e-01, 
 2DIAGNOSTIC,    12, -3.591418771562e-01, 1.832494057954e-05, 6.7319e+00, 2.4474e-01, 
 2DIAGNOSTIC,    13, -3.591431616536e-01, 5.927971285957e-06, 6.9862e+00, 2.5428e-01, 
 2DIAGNOSTIC,    14, -3.591427527632e-01, 5.195269436278e-06, 7.2482e+00, 2.6203e-01, 
 2DIAGNOSTIC,    15, -3.591471175266e-01, 4.463585044703e-06, 7.5778e+00, 3.2958e-01, 
 2DIAGNOSTIC,    16, -3.591476231567e-01, 3.561266331775e-06, 8.3713e+00, 7.9354e-01, 
 2DIAGNOSTIC,    17, -3.591476231556e-01, 3.093844570985e-06, 9.0298e+00, 6.5850e-01, 
 2DIAGNOSTIC,    18, -3.591476231556e-01, 2.865792257230e-06, 9.3343e+00, 3.0449e-01, 
 2DIAGNOSTIC,    19, -3.591476231556e-01, 2.524143149045e-06, 9.5896e+00, 2.5531e-01, 
 2DIAGNOSTIC,    20, -3.591476231556e-01, 2.287089345236e-06, 9.8513e+00, 2.6168e-01, 
 2DIAGNOSTIC,    21, -3.591476231556e-01, 2.016252072898e-06, 1.0140e+01, 2.8903e-01, 
 2DIAGNOSTIC,    22, -3.591476231556e-01, 1.772459858038e-06, 1.0422e+01, 2.8188e-01, 
 2DIAGNOSTIC,    23, -3.591476231556e-01, 1.566037570386e-06, 1.0660e+01, 2.3777e-01, 
 2DIAGNOSTIC,    24, -3.591476231556e-01, 1.342273135300e-06, 1.0886e+01, 2.2586e-01, 
 2DIAGNOSTIC,    25, -3.591476231556e-01, 1.272567721332e-06, 1.1124e+01, 2.3789e-01, 
 2DIAGNOSTIC,    26, -3.591476231556e-01, 1.223616522911e-06, 1.1363e+01, 2.3960e-01, 
 2DIAGNOSTIC,    27, -3.591476231556e-01, 1.178291758490e-06, 1.1605e+01, 2.4195e-01, 
 2DIAGNOSTIC,    28, -3.591476231556e-01, 1.136204865311e-06, 1.1915e+01, 3.0943e-01, 
 2DIAGNOSTIC,    29, -3.591476231556e-01, 1.097020852457e-06, 1.2166e+01, 2.5132e-01, 
 2DIAGNOSTIC,    30, -3.591476231556e-01, 1.060449399383e-06, 1.2441e+01, 2.7535e-01, 
 2DIAGNOSTIC,    31, -3.591476231556e-01, 1.026237650359e-06, 1.2707e+01, 2.6594e-01, 
DIAGNOSTIC,Iteration,metricValue,convergenceValue,ITERATION_TIME_INDEX,SINCE_LAST
 2DIAGNOSTIC,     1, -3.300742530768e-01, 1.797693134862e+308, 1.5066e+01, 2.3591e+00, 
 2DIAGNOSTIC,     2, -3.302495643528e-01, 1.797693134862e+308, 1.6480e+01, 1.4135e+00, 
 2DIAGNOSTIC,     3, -3.307972127417e-01, 1.797693134862e+308, 1.7760e+01, 1.2803e+00, 
 2DIAGNOSTIC,     4, -3.311812116693e-01, 1.797693134862e+308, 1.9081e+01, 1.3205e+00, 
 2DIAGNOSTIC,     5, -3.313503352137e-01, 1.797693134862e+308, 2.0681e+01, 1.6002e+00, 
 2DIAGNOSTIC,     6, -3.315274746368e-01, 1.797693134862e+308, 2.2045e+01, 1.3641e+00, 
 2DIAGNOSTIC,     7, -3.315740288311e-01, 1.797693134862e+308, 2.3690e+01, 1.6449e+00, 
 2DIAGNOSTIC,     8, -3.315874448675e-01, 1.797693134862e+308, 2.4999e+01, 1.3092e+00, 
 2DIAGNOSTIC,     9, -3.316363198656e-01, 1.797693134862e+308, 2.7639e+01, 2.6395e+00, 
 2DIAGNOSTIC,    10, -3.316378415569e-01, 3.072108162485e-04, 2.8976e+01, 1.3376e+00, 
 2DIAGNOSTIC,    11, -3.316428126237e-01, 2.030308056298e-04, 3.0438e+01, 1.4614e+00, 
 2DIAGNOSTIC,    12, -3.316499954908e-01, 1.106865270379e-04, 3.2045e+01, 1.6071e+00, 
 2DIAGNOSTIC,    13, -3.316539601530e-01, 5.876713113552e-05, 3.3302e+01, 1.2572e+00, 
 2DIAGNOSTIC,    14, -3.316557439496e-01, 3.262658355532e-05, 3.4611e+01, 1.3092e+00, 
 2DIAGNOSTIC,    15, -3.316604607986e-01, 1.689301965530e-05, 3.5909e+01, 1.2979e+00, 
 2DIAGNOSTIC,    16, -3.316760527922e-01, 1.207668712078e-05, 3.7166e+01, 1.2573e+00, 
 2DIAGNOSTIC,    17, -3.317026112052e-01, 1.057318144768e-05, 3.9262e+01, 2.0953e+00, 
 2DIAGNOSTIC,    18, -3.317055102807e-01, 9.120128500205e-06, 4.0803e+01, 1.5410e+00, 
 2DIAGNOSTIC,    19, -3.317048376078e-01, 9.340031501222e-06, 4.2668e+01, 1.8658e+00, 
 2DIAGNOSTIC,    20, -3.317047296171e-01, 8.901408872677e-06, 4.4419e+01, 1.7500e+00, 
 2DIAGNOSTIC,    21, -3.317046816122e-01, 8.005619302191e-06, 4.6010e+01, 1.5912e+00, 
 2DIAGNOSTIC,    22, -3.317047609811e-01, 6.847293502671e-06, 4.7504e+01, 1.4940e+00, 
 2DIAGNOSTIC,    23, -3.317046274762e-01, 5.431424139765e-06, 4.8983e+01, 1.4788e+00, 
 2DIAGNOSTIC,    24, -3.317044209698e-01, 3.828128545776e-06, 5.0580e+01, 1.5972e+00, 
 2DIAGNOSTIC,    25, -3.317044256359e-01, 2.277816042368e-06, 5.1868e+01, 1.2880e+00, 
 2DIAGNOSTIC,    26, -3.317044333770e-01, 1.242327572357e-06, 5.3338e+01, 1.4704e+00, 
 2DIAGNOSTIC,    27, -3.317044424030e-01, 1.122433475491e-06, 5.4774e+01, 1.4360e+00, 
 2DIAGNOSTIC,    28, -3.317042413275e-01, 1.099653707891e-06, 5.6331e+01, 1.5570e+00, 
 2DIAGNOSTIC,    29, -3.317041103841e-01, 1.058600748123e-06, 5.7723e+01, 1.3916e+00, 
 2DIAGNOSTIC,    30, -3.317041978102e-01, 1.023446350557e-06, 5.9298e+01, 1.5755e+00, 
  Elapsed time (stage 0): 6.0085e+01


Total elapsed time: 6.0087e+01
Info [verificarlo]: loaded backend libinterflop_ieee.so
Info [interflop-ieee]: load backend with:
Info [interflop-ieee]: debug = false
Info [interflop-ieee]: debug-binary = false
Info [interflop-ieee]: no-backend-name = false
Info [interflop-ieee]: print-new-line = false
Info [interflop-ieee]: print-subnormal-normalized = false
Info [interflop-ieee]: count-op = false
All_Command_lines_OK
Using double precision for computations.
=============================================================================
The composite transform comprises the following transforms (in order): 
  1. /home/mdugre/scratch/mri-registration-rp/datasets/ds004513/derivatives/mri-registration-rp/0001/antsRegistration-r7-p8/sub-s020/rigid_Composite.h5[0] (type = Euler3DTransform)
  2. /home/mdugre/scratch/mri-registration-rp/datasets/ds004513/derivatives/mri-registration-rp/0001/antsRegistration-r7-p8/sub-s020/rigid_Composite.h5[1] (type = Euler3DTransform)
  3. /home/mdugre/scratch/mri-registration-rp/datasets/ds004513/derivatives/mri-registration-rp/0001/antsRegistration-r7-p8/sub-s020/rigid_Composite.h5[2] (type = Euler3DTransform)
=============================================================================
  number of levels = 4
  fixed image: /templateflow/tpl-MNI152NLin2009cAsym/tpl-MNI152NLin2009cAsym_res-01_desc-brain_T1w.nii.gz
  moving image: /home/mdugre/scratch/mri-registration-rp/datasets/ds004513/derivatives/mri-registration-rp/antsBrainExtraction/sub-s020/BrainExtractionBrain.nii.gz
Dimension = 3
Number of stages = 1
Use histogram matching = false
Winsorize image intensities = true
  Lower quantile = 0.005
  Upper quantile = 0.995


Stage 1 State
   Image metric = MattesMI
     Fixed image = Image (0x5270530)
  RTTI typeinfo:   itk::Image<double, 3u>
  Reference Count: 2
  Modified Time: 1594
  Debug: Off
  Object Name: 
  Observers: 
    none
  Source: (none)
  Source output name: (none)
  Release Data: Off
  Data Released: False
  Global Release Data: Off
  PipelineMTime: 0
  UpdateMTime: 1203
  RealTimeStamp: 0 seconds 
  LargestPossibleRegion: 
    Dimension: 3
    Index: [0, 0, 0]
    Size: [193, 229, 193]
  BufferedRegion: 
    Dimension: 3
    Index: [0, 0, 0]
    Size: [193, 229, 193]
  RequestedRegion: 
    Dimension: 3
    Index: [0, 0, 0]
    Size: [193, 229, 193]
  Spacing: [1, 1, 1]
  Origin: [96, 132, -78]
  Direction: 
-1 0 0
0 -1 0
0 0 1

  IndexToPointMatrix: 
-1 0 0
0 -1 0
0 0 1

  PointToIndexMatrix: 
-1 0 0
0 -1 0
0 0 1

  Inverse Direction: 
-1 0 0
0 -1 0
0 0 1

  PixelContainer: 
    ImportImageContainer (0x53292a0)
      RTTI typeinfo:   itk::ImportImageContainer<unsigned long, double>
      Reference Count: 1
      Modified Time: 1200
      Debug: Off
      Object Name: 
      Observers: 
        none
      Pointer: 0x152abefc3010
      Container manages memory: true
      Size: 8530021
      Capacity: 8530021

     Moving image = Image (0x532be60)
  RTTI typeinfo:   itk::Image<double, 3u>
  Reference Count: 2
  Modified Time: 1595
  Debug: Off
  Object Name: 
  Observers: 
    none
  Source: (none)
  Source output name: (none)
  Release Data: Off
  Data Released: False
  Global Release Data: Off
  PipelineMTime: 0
  UpdateMTime: 1592
  RealTimeStamp: 0 seconds 
  LargestPossibleRegion: 
    Dimension: 3
    Index: [0, 0, 0]
    Size: [160, 240, 256]
  BufferedRegion: 
    Dimension: 3
    Index: [0, 0, 0]
    Size: [160, 240, 256]
  RequestedRegion: 
    Dimension: 3
    Index: [0, 0, 0]
    Size: [160, 240, 256]
  Spacing: [0.999995, 1, 1]
  Origin: [87.0906, 98.7205, -152.377]
  Direction: 
-0.996975 0.0261379 -0.0731913
-0.0260677 -0.999658 -0.00191374
-0.0732163 -2.46403e-08 0.997316

  IndexToPointMatrix: 
-0.996971 0.0261379 -0.0731913
-0.0260676 -0.999658 -0.00191374
-0.0732159 -2.46403e-08 0.997316

  PointToIndexMatrix: 
-0.99698 -0.0260679 -0.0732166
0.0261379 -0.999658 -2.46993e-08
-0.0731913 -0.00191374 0.997316

  Inverse Direction: 
-0.996975 -0.0260677 -0.0732163
0.0261379 -0.999658 -2.46993e-08
-0.0731913 -0.00191374 0.997316

  PixelContainer: 
    ImportImageContainer (0x535f390)
      RTTI typeinfo:   itk::ImportImageContainer<unsigned long, double>
      Reference Count: 1
      Modified Time: 1589
      Debug: Off
      Object Name: 
      Observers: 
        none
      Pointer: 0x152aba4c2010
      Container manages memory: true
      Size: 9830400
      Capacity: 9830400

     Weighting = 1
     Sampling strategy = regular
     Number of bins = 32
     Radius = 4
     Sampling percentage  = 0.25
   Transform = Affine
     Gradient step = 0.1
     Update field sigma (voxel space) = 0
     Total field sigma (voxel space) = 0
     Update field time sigma = 0
     Total field time sigma  = 0
     Number of time indices = 0
     Number of time point samples = 0
Registration using 1 total stages.

Stage 0
  iterations = 1000x500x250x100
  convergence threshold = 1e-06
  convergence window size = 10
  number of levels = 4
  using the Mattes MI metric (number of bins = 32, weight = 1, use gradient filter = 0)
  preprocessing:  winsorizing the image intensities
  Shrink factors (level 1 out of 4): [8, 8, 8]
  Shrink factors (level 2 out of 4): [4, 4, 4]
  Shrink factors (level 3 out of 4): [2, 2, 2]
  Shrink factors (level 4 out of 4): [1, 1, 1]
  smoothing sigmas per level: [3, 2, 1, 0]
  regular sampling (percentage = 0.25)

*** Running AffineTransform registration ***

DIAGNOSTIC,Iteration,metricValue,convergenceValue,ITERATION_TIME_INDEX,SINCE_LAST
 2DIAGNOSTIC,     1, -5.010271195597e-01, 1.797693134862e+308, 6.9721e-01, 6.9721e-01, 
 2DIAGNOSTIC,     2, -5.028804403150e-01, 1.797693134862e+308, 7.0176e-01, 4.5550e-03, 
 2DIAGNOSTIC,     3, -5.070989963707e-01, 1.797693134862e+308, 7.0639e-01, 4.6251e-03, 
 2DIAGNOSTIC,     4, -5.140105954252e-01, 1.797693134862e+308, 7.1092e-01, 4.5350e-03, 
 2DIAGNOSTIC,     5, -5.227673924542e-01, 1.797693134862e+308, 7.1503e-01, 4.1108e-03, 
 2DIAGNOSTIC,     6, -5.371452140347e-01, 1.797693134862e+308, 7.1917e-01, 4.1330e-03, 
 2DIAGNOSTIC,     7, -5.630446172381e-01, 1.797693134862e+308, 7.2365e-01, 4.4889e-03, 
 2DIAGNOSTIC,     8, -6.525942443638e-01, 1.797693134862e+308, 7.2925e-01, 5.6002e-03, 
 2DIAGNOSTIC,     9, -6.989033179959e-01, 1.797693134862e+308, 7.3353e-01, 4.2729e-03, 
 2DIAGNOSTIC,    10, -7.322249873971e-01, 2.627704255471e-02, 7.3888e-01, 5.3520e-03, 
 2DIAGNOSTIC,    11, -7.502329697372e-01, 2.800880137684e-02, 7.4342e-01, 4.5440e-03, 
 2DIAGNOSTIC,    12, -7.679346269969e-01, 2.762370515170e-02, 7.4921e-01, 5.7828e-03, 
 2DIAGNOSTIC,    13, -8.056851007275e-01, 2.618465023070e-02, 7.5422e-01, 5.0180e-03, 
 2DIAGNOSTIC,    14, -8.199119460545e-01, 2.327257465449e-02, 7.6093e-01, 6.7070e-03, 
 2DIAGNOSTIC,    15, -8.382357732889e-01, 1.955242762132e-02, 7.6628e-01, 5.3442e-03, 
 2DIAGNOSTIC,    16, -8.475775066075e-01, 1.531142665876e-02, 7.7262e-01, 6.3469e-03, 
 2DIAGNOSTIC,    17, -8.477688608606e-01, 1.091956079637e-02, 7.7736e-01, 4.7331e-03, 
 2DIAGNOSTIC,    18, -8.479287968665e-01, 8.198496203083e-03, 7.8260e-01, 5.2462e-03, 
 2DIAGNOSTIC,    19, -8.478920344038e-01, 6.066964327367e-03, 7.8853e-01, 5.9309e-03, 
 2DIAGNOSTIC,    20, -8.481535665588e-01, 4.319688156036e-03, 7.9545e-01, 6.9160e-03, 
 2DIAGNOSTIC,    21, -8.482279764543e-01, 2.720706425082e-03, 8.0132e-01, 5.8699e-03, 
 2DIAGNOSTIC,    22, -8.481351356092e-01, 1.351509157040e-03, 8.0670e-01, 5.3780e-03, 
 2DIAGNOSTIC,    23, -8.480315965815e-01, 6.458963772069e-04, 8.1162e-01, 4.9210e-03, 
 2DIAGNOSTIC,    24, -8.479479433798e-01, 1.744034414418e-04, 8.1699e-01, 5.3680e-03, 
 2DIAGNOSTIC,    25, -8.477517108192e-01, 9.740376463820e-06, 8.2234e-01, 5.3570e-03, 
DIAGNOSTIC,Iteration,metricValue,convergenceValue,ITERATION_TIME_INDEX,SINCE_LAST
 2DIAGNOSTIC,     1, -7.086821947884e-01, 1.797693134862e+308, 1.5229e+00, 7.0055e-01, 
 2DIAGNOSTIC,     2, -7.093687919154e-01, 1.797693134862e+308, 1.5579e+00, 3.4961e-02, 
 2DIAGNOSTIC,     3, -7.103250759541e-01, 1.797693134862e+308, 1.5973e+00, 3.9416e-02, 
 2DIAGNOSTIC,     4, -7.113989588637e-01, 1.797693134862e+308, 1.6334e+00, 3.6082e-02, 
 2DIAGNOSTIC,     5, -7.123864449703e-01, 1.797693134862e+308, 1.6679e+00, 3.4522e-02, 
 2DIAGNOSTIC,     6, -7.137988943468e-01, 1.797693134862e+308, 1.7066e+00, 3.8714e-02, 
 2DIAGNOSTIC,     7, -7.140513941062e-01, 1.797693134862e+308, 1.7536e+00, 4.7025e-02, 
 2DIAGNOSTIC,     8, -7.141066861262e-01, 1.797693134862e+308, 1.7922e+00, 3.8537e-02, 
 2DIAGNOSTIC,     9, -7.141726527822e-01, 1.797693134862e+308, 1.8274e+00, 3.5220e-02, 
 2DIAGNOSTIC,    10, -7.144642550512e-01, 5.660174788458e-04, 1.8629e+00, 3.5525e-02, 
 2DIAGNOSTIC,    11, -7.147386973820e-01, 4.300023870485e-04, 1.9061e+00, 4.3189e-02, 
 2DIAGNOSTIC,    12, -7.151748624074e-01, 3.153521842533e-04, 1.9451e+00, 3.8975e-02, 
 2DIAGNOSTIC,    13, -7.156651506736e-01, 2.344449391653e-04, 1.9919e+00, 4.6873e-02, 
 2DIAGNOSTIC,    14, -7.156690826401e-01, 1.743575580328e-04, 2.0268e+00, 3.4870e-02, 
 2DIAGNOSTIC,    15, -7.157447600686e-01, 1.340483694283e-04, 2.0657e+00, 3.8851e-02, 
 2DIAGNOSTIC,    16, -7.157766173425e-01, 1.224833927150e-04, 2.1042e+00, 3.8503e-02, 
 2DIAGNOSTIC,    17, -7.157974958504e-01, 1.074519653606e-04, 2.1430e+00, 3.8875e-02, 
 2DIAGNOSTIC,    18, -7.157916743733e-01, 8.537651710065e-05, 2.1812e+00, 3.8134e-02, 
 2DIAGNOSTIC,    19, -7.158278152462e-01, 6.004126041590e-05, 2.2154e+00, 3.4284e-02, 
 2DIAGNOSTIC,    20, -7.158526898058e-01, 3.818679995500e-05, 2.2538e+00, 3.8373e-02, 
 2DIAGNOSTIC,    21, -7.158407128775e-01, 1.983753600278e-05, 2.2873e+00, 3.3515e-02, 
 2DIAGNOSTIC,    22, -7.159032587404e-01, 1.025497801387e-05, 2.3229e+00, 3.5602e-02, 
 2DIAGNOSTIC,    23, -7.160859215730e-01, 1.232142553631e-05, 2.3582e+00, 3.5276e-02, 
 2DIAGNOSTIC,    24, -7.162148310864e-01, 1.527987564715e-05, 2.3971e+00, 3.8913e-02, 
 2DIAGNOSTIC,    25, -7.163129868976e-01, 1.942975371745e-05, 2.4339e+00, 3.6723e-02, 
 2DIAGNOSTIC,    26, -7.165780234244e-01, 2.611751950572e-05, 2.4841e+00, 5.0267e-02, 
 2DIAGNOSTIC,    27, -7.165415724644e-01, 2.966143457182e-05, 2.5205e+00, 3.6344e-02, 
 2DIAGNOSTIC,    28, -7.165053289663e-01, 2.968370987526e-05, 2.5600e+00, 3.9507e-02, 
 2DIAGNOSTIC,    29, -7.165200987054e-01, 2.773234666924e-05, 2.5982e+00, 3.8219e-02, 
 2DIAGNOSTIC,    30, -7.165502406875e-01, 2.411574857827e-05, 2.6404e+00, 4.2182e-02, 
 2DIAGNOSTIC,    31, -7.165778572366e-01, 1.870718535196e-05, 2.6989e+00, 5.8547e-02, 
 2DIAGNOSTIC,    32, -7.165779587603e-01, 1.270953375825e-05, 2.7348e+00, 3.5848e-02, 
 2DIAGNOSTIC,    33, -7.165788730252e-01, 8.216920127424e-06, 2.7753e+00, 4.0487e-02, 
 2DIAGNOSTIC,    34, -7.165792583979e-01, 4.812395453264e-06, 2.8146e+00, 3.9371e-02, 
 2DIAGNOSTIC,    35, -7.165664688300e-01, 2.098621219221e-06, 2.8555e+00, 4.0899e-02, 
