
##########################
# Experiment information #
##########################

EXPERIMENT_NAME: antsRegistration-r7-p20
VFC_BACKENDS: libinterflop_vprec.so --range-binary32=7 --precision-binary32=20 --range-binary64=7 --precision-binary64=20

SIF_IMG: /home/mdugre/projects/rrg-glatard/mdugre/containers/ants-vprec-no_metrics.simg

SUBJECT_ID: s035
INPUT_IMG: /home/mdugre/scratch/mri-registration-rp/datasets/ds004513/derivatives/mri-registration-rp/antsBrainExtraction/sub-s035/BrainExtractionBrain.nii.gz
OUTPUT_DIR: /home/mdugre/scratch/mri-registration-rp/datasets/ds004513/derivatives/mri-registration-rp/0001/antsRegistration-r7-p20/sub-s035

FIXED_IMG: /templateflow/tpl-MNI152NLin2009cAsym/tpl-MNI152NLin2009cAsym_res-01_desc-brain_T1w.nii.gz
DATA_DIR: /home/mdugre/scratch/mri-registration-rp/datasets/ds004513
TEMPLATEFLOW_DIR: /home/mdugre/projects/rrg-glatard/mdugre/templateflow
ITK_GLOBAL_DEFAULT_NUMBER_OF_THREADS: 16
##########################

Info [verificarlo]: loaded backend libinterflop_ieee.so
Info [interflop-ieee]: load backend with:
Info [interflop-ieee]: debug = false
Info [interflop-ieee]: debug-binary = false
Info [interflop-ieee]: no-backend-name = false
Info [interflop-ieee]: print-new-line = false
Info [interflop-ieee]: print-subnormal-normalized = false
Info [interflop-ieee]: count-op = false
All_Command_lines_OK
Using double precision for computations.
=============================================================================
The composite transform comprises the following transforms (in order): 
  1. Center of mass alignment using fixed image: /templateflow/tpl-MNI152NLin2009cAsym/tpl-MNI152NLin2009cAsym_res-01_desc-brain_T1w.nii.gz and moving image: /home/mdugre/scratch/mri-registration-rp/datasets/ds004513/derivatives/mri-registration-rp/antsBrainExtraction/sub-s035/BrainExtractionBrain.nii.gz (type = Euler3DTransform)
=============================================================================
  number of levels = 1
  fixed image: /templateflow/tpl-MNI152NLin2009cAsym/tpl-MNI152NLin2009cAsym_res-01_desc-brain_T1w.nii.gz
  moving image: /home/mdugre/scratch/mri-registration-rp/datasets/ds004513/derivatives/mri-registration-rp/antsBrainExtraction/sub-s035/BrainExtractionBrain.nii.gz
Dimension = 3
Number of stages = 1
Use histogram matching = false
Winsorize image intensities = true
  Lower quantile = 0.005
  Upper quantile = 0.995


Stage 1 State
   Image metric = MattesMI
     Fixed image = Image (0x4a8fe70)
  RTTI typeinfo:   itk::Image<double, 3u>
  Reference Count: 2
  Modified Time: 2330
  Debug: Off
  Object Name: 
  Observers: 
    none
  Source: (none)
  Source output name: (none)
  Release Data: Off
  Data Released: False
  Global Release Data: Off
  PipelineMTime: 0
  UpdateMTime: 1941
  RealTimeStamp: 0 seconds 
  LargestPossibleRegion: 
    Dimension: 3
    Index: [0, 0, 0]
    Size: [193, 229, 193]
  BufferedRegion: 
    Dimension: 3
    Index: [0, 0, 0]
    Size: [193, 229, 193]
  RequestedRegion: 
    Dimension: 3
    Index: [0, 0, 0]
    Size: [193, 229, 193]
  Spacing: [1, 1, 1]
  Origin: [96, 132, -78]
  Direction: 
-1 0 0
0 -1 0
0 0 1

  IndexToPointMatrix: 
-1 0 0
0 -1 0
0 0 1

  PointToIndexMatrix: 
-1 0 0
0 -1 0
0 0 1

  Inverse Direction: 
-1 0 0
0 -1 0
0 0 1

  PixelContainer: 
    ImportImageContainer (0x4a98c60)
      RTTI typeinfo:   itk::ImportImageContainer<unsigned long, double>
      Reference Count: 1
      Modified Time: 1938
      Debug: Off
      Object Name: 
      Observers: 
        none
      Pointer: 0x14a6987f5010
      Container manages memory: true
      Size: 8530021
      Capacity: 8530021

     Moving image = Image (0x4b2cec0)
  RTTI typeinfo:   itk::Image<double, 3u>
  Reference Count: 2
  Modified Time: 2331
  Debug: Off
  Object Name: 
  Observers: 
    none
  Source: (none)
  Source output name: (none)
  Release Data: Off
  Data Released: False
  Global Release Data: Off
  PipelineMTime: 0
  UpdateMTime: 2328
  RealTimeStamp: 0 seconds 
  LargestPossibleRegion: 
    Dimension: 3
    Index: [0, 0, 0]
    Size: [160, 240, 256]
  BufferedRegion: 
    Dimension: 3
    Index: [0, 0, 0]
    Size: [160, 240, 256]
  RequestedRegion: 
    Dimension: 3
    Index: [0, 0, 0]
    Size: [160, 240, 256]
  Spacing: [1, 1, 1]
  Origin: [98.6438, 87.6358, -117.989]
  Direction: 
-0.993515 -0.100993 -0.0522355
0.100854 -0.994887 0.00530255
-0.0525039 1.93537e-08 0.998621

  IndexToPointMatrix: 
-0.993515 -0.100993 -0.0522355
0.100854 -0.994887 0.00530255
-0.0525039 1.93537e-08 0.998621

  PointToIndexMatrix: 
-0.993515 0.100854 -0.0525039
-0.100993 -0.994887 1.93006e-08
-0.0522355 0.00530255 0.998621

  Inverse Direction: 
-0.993515 0.100854 -0.0525039
-0.100993 -0.994887 1.93006e-08
-0.0522355 0.00530255 0.998621

  PixelContainer: 
    ImportImageContainer (0x4bc4610)
      RTTI typeinfo:   itk::ImportImageContainer<unsigned long, double>
      Reference Count: 1
      Modified Time: 2325
      Debug: Off
      Object Name: 
      Observers: 
        none
      Pointer: 0x14a693cf4010
      Container manages memory: true
      Size: 9830400
      Capacity: 9830400

     Weighting = 1
     Sampling strategy = regular
     Number of bins = 32
     Radius = 4
     Sampling percentage  = 0.25
   Transform = Rigid
     Gradient step = 0.1
     Update field sigma (voxel space) = 0
     Total field sigma (voxel space) = 0
     Update field time sigma = 0
     Total field time sigma  = 0
     Number of time indices = 0
     Number of time point samples = 0
Registration using 1 total stages.

Stage 0
  iterations = 0
  convergence threshold = 1e-06
  convergence window size = 10
  number of levels = 1
  using the Mattes MI metric (number of bins = 32, weight = 1, use gradient filter = 0)
  preprocessing:  winsorizing the image intensities
  Shrink factors (level 1 out of 1): [1, 1, 1]
  smoothing sigmas per level: [0]
  regular sampling (percentage = 0.25)

*** Running Euler3DTransform registration ***

  Elapsed time (stage 0): 1.19004


Total elapsed time: 1.19688
Info [verificarlo]: loaded backend libinterflop_ieee.so
Info [interflop-ieee]: load backend with:
Info [interflop-ieee]: debug = false
Info [interflop-ieee]: debug-binary = false
Info [interflop-ieee]: no-backend-name = false
Info [interflop-ieee]: print-new-line = false
Info [interflop-ieee]: print-subnormal-normalized = false
Info [interflop-ieee]: count-op = false
All_Command_lines_OK
Using double precision for computations.
=============================================================================
The composite transform comprises the following transforms (in order): 
  1. /home/mdugre/scratch/mri-registration-rp/datasets/ds004513/derivatives/mri-registration-rp/0001/antsRegistration-r7-p20/sub-s035/align_Composite.h5[0] (type = Euler3DTransform)
  2. /home/mdugre/scratch/mri-registration-rp/datasets/ds004513/derivatives/mri-registration-rp/0001/antsRegistration-r7-p20/sub-s035/align_Composite.h5[1] (type = Euler3DTransform)
=============================================================================
  number of levels = 4
  fixed image: /templateflow/tpl-MNI152NLin2009cAsym/tpl-MNI152NLin2009cAsym_res-01_desc-brain_T1w.nii.gz
  moving image: /home/mdugre/scratch/mri-registration-rp/datasets/ds004513/derivatives/mri-registration-rp/antsBrainExtraction/sub-s035/BrainExtractionBrain.nii.gz
Dimension = 3
Number of stages = 1
Use histogram matching = false
Winsorize image intensities = true
  Lower quantile = 0.005
  Upper quantile = 0.995


Stage 1 State
   Image metric = MattesMI
     Fixed image = Image (0x4bec530)
  RTTI typeinfo:   itk::Image<double, 3u>
  Reference Count: 2
  Modified Time: 1578
  Debug: Off
  Object Name: 
  Observers: 
    none
  Source: (none)
  Source output name: (none)
  Release Data: Off
  Data Released: False
  Global Release Data: Off
  PipelineMTime: 0
  UpdateMTime: 1189
  RealTimeStamp: 0 seconds 
  LargestPossibleRegion: 
    Dimension: 3
    Index: [0, 0, 0]
    Size: [193, 229, 193]
  BufferedRegion: 
    Dimension: 3
    Index: [0, 0, 0]
    Size: [193, 229, 193]
  RequestedRegion: 
    Dimension: 3
    Index: [0, 0, 0]
    Size: [193, 229, 193]
  Spacing: [1, 1, 1]
  Origin: [96, 132, -78]
  Direction: 
-1 0 0
0 -1 0
0 0 1

  IndexToPointMatrix: 
-1 0 0
0 -1 0
0 0 1

  PointToIndexMatrix: 
-1 0 0
0 -1 0
0 0 1

  Inverse Direction: 
-1 0 0
0 -1 0
0 0 1

  PixelContainer: 
    ImportImageContainer (0x4caad60)
      RTTI typeinfo:   itk::ImportImageContainer<unsigned long, double>
      Reference Count: 1
      Modified Time: 1186
      Debug: Off
      Object Name: 
      Observers: 
        none
      Pointer: 0x14ac9c1fd010
      Container manages memory: true
      Size: 8530021
      Capacity: 8530021

     Moving image = Image (0x4c9cf60)
  RTTI typeinfo:   itk::Image<double, 3u>
  Reference Count: 2
  Modified Time: 1579
  Debug: Off
  Object Name: 
  Observers: 
    none
  Source: (none)
  Source output name: (none)
  Release Data: Off
  Data Released: False
  Global Release Data: Off
  PipelineMTime: 0
  UpdateMTime: 1576
  RealTimeStamp: 0 seconds 
  LargestPossibleRegion: 
    Dimension: 3
    Index: [0, 0, 0]
    Size: [160, 240, 256]
  BufferedRegion: 
    Dimension: 3
    Index: [0, 0, 0]
    Size: [160, 240, 256]
  RequestedRegion: 
    Dimension: 3
    Index: [0, 0, 0]
    Size: [160, 240, 256]
  Spacing: [1, 1, 1]
  Origin: [98.6438, 87.6358, -117.989]
  Direction: 
-0.993515 -0.100993 -0.0522355
0.100854 -0.994887 0.00530255
-0.0525039 1.93537e-08 0.998621

  IndexToPointMatrix: 
-0.993515 -0.100993 -0.0522355
0.100854 -0.994887 0.00530255
-0.0525039 1.93537e-08 0.998621

  PointToIndexMatrix: 
-0.993515 0.100854 -0.0525039
-0.100993 -0.994887 1.93006e-08
-0.0522355 0.00530255 0.998621

  Inverse Direction: 
-0.993515 0.100854 -0.0525039
-0.100993 -0.994887 1.93006e-08
-0.0522355 0.00530255 0.998621

  PixelContainer: 
    ImportImageContainer (0x4c8e6d0)
      RTTI typeinfo:   itk::ImportImageContainer<unsigned long, double>
      Reference Count: 1
      Modified Time: 1573
      Debug: Off
      Object Name: 
      Observers: 
        none
      Pointer: 0x14ac976fc010
      Container manages memory: true
      Size: 9830400
      Capacity: 9830400

     Weighting = 1
     Sampling strategy = regular
     Number of bins = 32
     Radius = 4
     Sampling percentage  = 0.25
   Transform = Rigid
     Gradient step = 0.1
     Update field sigma (voxel space) = 0
     Total field sigma (voxel space) = 0
     Update field time sigma = 0
     Total field time sigma  = 0
     Number of time indices = 0
     Number of time point samples = 0
Registration using 1 total stages.

Stage 0
  iterations = 1000x500x250x100
  convergence threshold = 1e-06
  convergence window size = 10
  number of levels = 4
  using the Mattes MI metric (number of bins = 32, weight = 1, use gradient filter = 0)
  preprocessing:  winsorizing the image intensities
  Shrink factors (level 1 out of 4): [8, 8, 8]
  Shrink factors (level 2 out of 4): [4, 4, 4]
  Shrink factors (level 3 out of 4): [2, 2, 2]
  Shrink factors (level 4 out of 4): [1, 1, 1]
  smoothing sigmas per level: [3, 2, 1, 0]
  regular sampling (percentage = 0.25)

*** Running Euler3DTransform registration ***

DIAGNOSTIC,Iteration,metricValue,convergenceValue,ITERATION_TIME_INDEX,SINCE_LAST
 2DIAGNOSTIC,     1, -5.238630234552e-01, 1.797693134862e+308, 7.0219e-01, 7.0219e-01, 
 2DIAGNOSTIC,     2, -5.257885820767e-01, 1.797693134862e+308, 7.0843e-01, 6.2442e-03, 
 2DIAGNOSTIC,     3, -5.278597554839e-01, 1.797693134862e+308, 7.1395e-01, 5.5199e-03, 
 2DIAGNOSTIC,     4, -5.302176117225e-01, 1.797693134862e+308, 7.1895e-01, 5.0020e-03, 
 2DIAGNOSTIC,     5, -5.343462816845e-01, 1.797693134862e+308, 7.2369e-01, 4.7410e-03, 
 2DIAGNOSTIC,     6, -5.399239396740e-01, 1.797693134862e+308, 7.2846e-01, 4.7710e-03, 
 2DIAGNOSTIC,     7, -5.490554822001e-01, 1.797693134862e+308, 7.3321e-01, 4.7441e-03, 
 2DIAGNOSTIC,     8, -5.545204224448e-01, 1.797693134862e+308, 7.3936e-01, 6.1519e-03, 
 2DIAGNOSTIC,     9, -5.601437715553e-01, 1.797693134862e+308, 7.4404e-01, 4.6799e-03, 
 2DIAGNOSTIC,    10, -5.617741193774e-01, 5.067640484485e-03, 7.4902e-01, 4.9801e-03, 
 2DIAGNOSTIC,    11, -5.649562249041e-01, 4.796539612083e-03, 7.5499e-01, 5.9650e-03, 
 2DIAGNOSTIC,    12, -5.658710903081e-01, 4.260783098155e-03, 7.6028e-01, 5.2900e-03, 
 2DIAGNOSTIC,    13, -5.662828333056e-01, 3.524744036645e-03, 7.6506e-01, 4.7889e-03, 
 2DIAGNOSTIC,    14, -5.685908474577e-01, 2.751340472953e-03, 7.7050e-01, 5.4379e-03, 
 2DIAGNOSTIC,    15, -5.732745043306e-01, 2.134644679428e-03, 7.7789e-01, 7.3929e-03, 
 2DIAGNOSTIC,    16, -5.738084427846e-01, 1.591333148336e-03, 7.8403e-01, 6.1400e-03, 
 2DIAGNOSTIC,    17, -5.739093703465e-01, 1.247363567740e-03, 7.8878e-01, 4.7441e-03, 
 2DIAGNOSTIC,    18, -5.745773598458e-01, 1.002163966316e-03, 7.9355e-01, 4.7741e-03, 
 2DIAGNOSTIC,    19, -5.752045522722e-01, 8.579763081917e-04, 7.9829e-01, 4.7381e-03, 
 2DIAGNOSTIC,    20, -5.755578777726e-01, 6.955845773856e-04, 8.0300e-01, 4.7071e-03, 
 2DIAGNOSTIC,    21, -5.761681227725e-01, 5.767135182678e-04, 8.0790e-01, 4.8981e-03, 
 2DIAGNOSTIC,    22, -5.775610178280e-01, 4.707067062505e-04, 8.1270e-01, 4.7991e-03, 
 2DIAGNOSTIC,    23, -5.801876522130e-01, 3.965856196719e-04, 8.1775e-01, 5.0581e-03, 
 2DIAGNOSTIC,    24, -5.873578871736e-01, 4.881452203320e-04, 8.2451e-01, 6.7520e-03, 
 2DIAGNOSTIC,    25, -5.924052233435e-01, 7.199711433741e-04, 8.3111e-01, 6.6080e-03, 
 2DIAGNOSTIC,    26, -5.933789722475e-01, 8.944842698191e-04, 8.3704e-01, 5.9249e-03, 
 2DIAGNOSTIC,    27, -5.948140362531e-01, 1.002036484248e-03, 8.4230e-01, 5.2631e-03, 
 2DIAGNOSTIC,    28, -5.954370004500e-01, 1.029952320682e-03, 8.4697e-01, 4.6690e-03, 
 2DIAGNOSTIC,    29, -5.955619965578e-01, 9.699000561262e-04, 8.5172e-01, 4.7460e-03, 
 2DIAGNOSTIC,    30, -5.960977142396e-01, 8.366692958583e-04, 8.5636e-01, 4.6470e-03, 
 2DIAGNOSTIC,    31, -5.971105016110e-01, 6.606986234439e-04, 8.6178e-01, 5.4150e-03, 
 2DIAGNOSTIC,    32, -5.989728413267e-01, 4.853112631941e-04, 8.6884e-01, 7.0629e-03, 
 2DIAGNOSTIC,    33, -5.996340170973e-01, 3.222359244871e-04, 8.7360e-01, 4.7569e-03, 
 2DIAGNOSTIC,    34, -5.997688324645e-01, 2.443793010192e-04, 8.7849e-01, 4.8881e-03, 
 2DIAGNOSTIC,    35, -5.999328162622e-01, 2.224308783129e-04, 8.8433e-01, 5.8451e-03, 
 2DIAGNOSTIC,    36, -6.001598298413e-01, 1.965988101702e-04, 8.8904e-01, 4.7069e-03, 
 2DIAGNOSTIC,    37, -6.004938012865e-01, 1.767006113378e-04, 8.9440e-01, 5.3651e-03, 
 2DIAGNOSTIC,    38, -6.008280010007e-01, 1.536048157303e-04, 8.9918e-01, 4.7772e-03, 
 2DIAGNOSTIC,    39, -6.038559363749e-01, 1.574331424067e-04, 9.0468e-01, 5.5010e-03, 
 2DIAGNOSTIC,    40, -6.077047305854e-01, 1.993081279399e-04, 9.0970e-01, 5.0199e-03, 
 2DIAGNOSTIC,    41, -6.174632679527e-01, 3.481386884652e-04, 9.1607e-01, 6.3710e-03, 
 2DIAGNOSTIC,    42, -6.161977714556e-01, 4.608905058300e-04, 9.2558e-01, 9.5110e-03, 
 2DIAGNOSTIC,    43, -6.161564345083e-01, 5.335367088200e-04, 9.3029e-01, 4.7078e-03, 
 2DIAGNOSTIC,    44, -6.170772058923e-01, 5.644815624814e-04, 9.3482e-01, 4.5302e-03, 
 2DIAGNOSTIC,    45, -6.185357145222e-01, 5.560470190982e-04, 9.3939e-01, 4.5640e-03, 
 2DIAGNOSTIC,    46, -6.206472522478e-01, 5.180553975545e-04, 9.4391e-01, 4.5280e-03, 
 2DIAGNOSTIC,    47, -6.234100381162e-01, 4.649601706036e-04, 9.4848e-01, 4.5691e-03, 
 2DIAGNOSTIC,    48, -6.282459748912e-01, 4.232183297777e-04, 9.5312e-01, 4.6420e-03, 
 2DIAGNOSTIC,    49, -6.332856995494e-01, 4.219356123344e-04, 9.5771e-01, 4.5900e-03, 
 2DIAGNOSTIC,    50, -6.437673422897e-01, 5.158705960819e-04, 9.6234e-01, 4.6301e-03, 
 2DIAGNOSTIC,    51, -6.567709939186e-01, 7.709777799761e-04, 9.6707e-01, 4.7221e-03, 
 2DIAGNOSTIC,    52, -6.630139259430e-01, 9.856120482678e-04, 9.7231e-01, 5.2471e-03, 
 2DIAGNOSTIC,    53, -6.637658025127e-01, 1.103855219251e-03, 9.7686e-01, 4.5490e-03, 
 2DIAGNOSTIC,    54, -6.646848108521e-01, 1.129224809555e-03, 9.8169e-01, 4.8270e-03, 
 2DIAGNOSTIC,    55, -6.699955114565e-01, 1.103370612295e-03, 9.9016e-01, 8.4670e-03, 
 2DIAGNOSTIC,    56, -6.720090142373e-01, 1.005090216321e-03, 9.9703e-01, 6.8710e-03, 
 2DIAGNOSTIC,    57, -6.720481898947e-01, 8.375242482255e-04, 1.0016e+00, 4.5340e-03, 
 2DIAGNOSTIC,    58, -6.725919719289e-01, 6.425668427691e-04, 1.0062e+00, 4.6329e-03, 
 2DIAGNOSTIC,    59, -6.729036458743e-01, 4.360797550581e-04, 1.0107e+00, 4.5402e-03, 
 2DIAGNOSTIC,    60, -6.731488762830e-01, 2.773044683198e-04, 1.0152e+00, 4.5071e-03, 
 2DIAGNOSTIC,    61, -6.734259104712e-01, 1.993310154336e-04, 1.0197e+00, 4.4961e-03, 
 2DIAGNOSTIC,    62, -6.739132159911e-01, 1.568959047657e-04, 1.0243e+00, 4.5931e-03, 
 2DIAGNOSTIC,    63, -6.762843307782e-01, 1.247260976929e-04, 1.0308e+00, 6.5100e-03, 
 2DIAGNOSTIC,    64, -6.766381639847e-01, 8.969327850560e-05, 1.0354e+00, 4.5211e-03, 
 2DIAGNOSTIC,    65, -6.771215266227e-01, 8.898262655320e-05, 1.0399e+00, 4.5609e-03, 
 2DIAGNOSTIC,    66, -6.778537286974e-01, 9.953402841701e-05, 1.0452e+00, 5.2481e-03, 
 2DIAGNOSTIC,    67, -6.792268184025e-01, 1.098306491034e-04, 1.0515e+00, 6.3560e-03, 
 2DIAGNOSTIC,    68, -6.807681016337e-01, 1.231390291782e-04, 1.0561e+00, 4.5390e-03, 
 2DIAGNOSTIC,    69, -6.815199804369e-01, 1.312165803779e-04, 1.0607e+00, 4.6270e-03, 
 2DIAGNOSTIC,    70, -6.818105006889e-01, 1.303112966055e-04, 1.0670e+00, 6.2611e-03, 
 2DIAGNOSTIC,    71, -6.820510441309e-01, 1.205026672061e-04, 1.0715e+00, 4.5609e-03, 
 2DIAGNOSTIC,    72, -6.822317146045e-01, 1.032405039921e-04, 1.0762e+00, 4.6840e-03, 
 2DIAGNOSTIC,    73, -6.825798806133e-01, 9.372220273283e-05, 1.0824e+00, 6.2480e-03, 
 2DIAGNOSTIC,    74, -6.826263850346e-01, 7.797270490952e-05, 1.0870e+00, 4.5922e-03, 
 2DIAGNOSTIC,    75, -6.826914472348e-01, 5.871079012085e-05, 1.0916e+00, 4.5640e-03, 
 2DIAGNOSTIC,    76, -6.828123188673e-01, 3.951624719829e-05, 1.0962e+00, 4.5550e-03, 
 2DIAGNOSTIC,    77, -6.832344889632e-01, 2.762763841364e-05, 1.1007e+00, 4.5860e-03, 
 2DIAGNOSTIC,    78, -6.838171850381e-01, 2.580747172123e-05, 1.1076e+00, 6.8669e-03, 
 2DIAGNOSTIC,    79, -6.837376434477e-01, 2.541995500287e-05, 1.1122e+00, 4.5612e-03, 
 2DIAGNOSTIC,    80, -6.837941043957e-01, 2.471285079211e-05, 1.1167e+00, 4.5679e-03, 
 2DIAGNOSTIC,    81, -6.839726548249e-01, 2.407039971531e-05, 1.1214e+00, 4.6709e-03, 
 2DIAGNOSTIC,    82, -6.841107816300e-01, 2.281067624931e-05, 1.1260e+00, 4.5960e-03, 
 2DIAGNOSTIC,    83, -6.851046292133e-01, 2.675773024992e-05, 1.1325e+00, 6.5360e-03, 
 2DIAGNOSTIC,    84, -6.858177685719e-01, 3.208798009302e-05, 1.1383e+00, 5.7580e-03, 
 2DIAGNOSTIC,    85, -6.861555896335e-01, 3.640340144388e-05, 1.1457e+00, 7.4341e-03, 
 2DIAGNOSTIC,    86, -6.861558825248e-01, 3.780128294475e-05, 1.1503e+00, 4.5819e-03, 
 2DIAGNOSTIC,    87, -6.861668998223e-01, 3.777715200171e-05, 1.1549e+00, 4.5750e-03, 
 2DIAGNOSTIC,    88, -6.861799518377e-01, 3.717448591249e-05, 1.1594e+00, 4.5490e-03, 
 2DIAGNOSTIC,    89, -6.861876373401e-01, 3.259305999461e-05, 1.1646e+00, 5.1680e-03, 
 2DIAGNOSTIC,    90, -6.861914508968e-01, 2.533805716465e-05, 1.1692e+00, 4.6229e-03, 
 2DIAGNOSTIC,    91, -6.861984367915e-01, 1.686226642411e-05, 1.1738e+00, 4.5371e-03, 
 2DIAGNOSTIC,    92, -6.862113319956e-01, 7.665861334563e-06, 1.1783e+00, 4.5440e-03, 
 2DIAGNOSTIC,    93, -6.862267180465e-01, 2.805640829344e-06, 1.1828e+00, 4.5161e-03, 
 2DIAGNOSTIC,    94, -6.862421200622e-01, 1.276694100927e-06, 1.1879e+00, 5.0759e-03, 
 2DIAGNOSTIC,    95, -6.863402464335e-01, 1.766812953359e-06, 1.1941e+00, 6.1939e-03, 
 2DIAGNOSTIC,    96, -6.863402041867e-01, 2.099281866333e-06, 1.1986e+00, 4.5228e-03, 
 2DIAGNOSTIC,    97, -6.863403369092e-01, 2.312165986314e-06, 1.2032e+00, 4.5888e-03, 
 2DIAGNOSTIC,    98, -6.863407844520e-01, 2.398539491077e-06, 1.2079e+00, 4.6480e-03, 
 2DIAGNOSTIC,    99, -6.863418500839e-01, 2.322519091926e-06, 1.2124e+00, 4.5130e-03, 
 2DIAGNOSTIC,   100, -6.863433217601e-01, 2.074067541115e-06, 1.2269e+00, 1.4498e-02, 
 2DIAGNOSTIC,   101, -6.863433216245e-01, 1.693256483311e-06, 1.2524e+00, 2.5517e-02, 
 2DIAGNOSTIC,   102, -6.863433216245e-01, 1.252463816919e-06, 1.2609e+00, 8.4679e-03, 
DIAGNOSTIC,Iteration,metricValue,convergenceValue,ITERATION_TIME_INDEX,SINCE_LAST
 2DIAGNOSTIC,     1, -5.583135712949e-01, 1.797693134862e+308, 1.9736e+00, 7.1279e-01, 
 2DIAGNOSTIC,     2, -5.587690568495e-01, 1.797693134862e+308, 2.0051e+00, 3.1410e-02, 
 2DIAGNOSTIC,     3, -5.591103641283e-01, 1.797693134862e+308, 2.0364e+00, 3.1296e-02, 
 2DIAGNOSTIC,     4, -5.599294861749e-01, 1.797693134862e+308, 2.0676e+00, 3.1254e-02, 
 2DIAGNOSTIC,     5, -5.608880607994e-01, 1.797693134862e+308, 2.1026e+00, 3.5038e-02, 
 2DIAGNOSTIC,     6, -5.613234370323e-01, 1.797693134862e+308, 2.1334e+00, 3.0744e-02, 
 2DIAGNOSTIC,     7, -5.624615617692e-01, 1.797693134862e+308, 2.1700e+00, 3.6633e-02, 
 2DIAGNOSTIC,     8, -5.631244239037e-01, 1.797693134862e+308, 2.2108e+00, 4.0819e-02, 
 2DIAGNOSTIC,     9, -5.632666531313e-01, 1.797693134862e+308, 2.2463e+00, 3.5439e-02, 
 2DIAGNOSTIC,    10, -5.639221415505e-01, 6.925491855309e-04, 2.2782e+00, 3.1946e-02, 
 2DIAGNOSTIC,    11, -5.654846409075e-01, 6.698328693693e-04, 2.3137e+00, 3.5472e-02, 
 2DIAGNOSTIC,    12, -5.660116085329e-01, 6.307543338788e-04, 2.3457e+00, 3.1994e-02, 
 2DIAGNOSTIC,    13, -5.661375579953e-01, 5.589616530916e-04, 2.4620e+00, 1.1633e-01, 
 2DIAGNOSTIC,    14, -5.661375565907e-01, 4.771531809915e-04, 2.4962e+00, 3.4206e-02, 
 2DIAGNOSTIC,    15, -5.661375976199e-01, 3.954188373160e-04, 2.5313e+00, 3.5050e-02, 
 2DIAGNOSTIC,    16, -5.661376669713e-01, 3.000361121703e-04, 2.5671e+00, 3.5789e-02, 
 2DIAGNOSTIC,    17, -5.661377843212e-01, 2.216496601044e-04, 2.6009e+00, 3.3843e-02, 
 2DIAGNOSTIC,    18, -5.661379831171e-01, 1.510124218853e-04, 2.6378e+00, 3.6924e-02, 
 2DIAGNOSTIC,    19, -5.661383185062e-01, 7.802192652442e-05, 2.6688e+00, 3.0934e-02, 
 2DIAGNOSTIC,    20, -5.661388838061e-01, 2.089538956414e-05, 2.7009e+00, 3.2100e-02, 
 2DIAGNOSTIC,    21, -5.661398390875e-01, 4.645366107441e-06, 2.7334e+00, 3.2484e-02, 
 2DIAGNOSTIC,    22, -5.661409727643e-01, 1.604197794942e-06, 2.7619e+00, 2.8566e-02, 
 2DIAGNOSTIC,    23, -5.661338673216e-01, 1.418140371197e-06, 2.7906e+00, 2.8636e-02, 
 2DIAGNOSTIC,    24, -5.661370790178e-01, 1.317000943649e-06, 2.8192e+00, 2.8618e-02, 
 2DIAGNOSTIC,    25, -5.661421303069e-01, 1.324423885077e-06, 2.8477e+00, 2.8520e-02, 
 2DIAGNOSTIC,    26, -5.661501744774e-01, 1.479368620411e-06, 2.8763e+00, 2.8577e-02, 
 2DIAGNOSTIC,    27, -5.661591843258e-01, 1.767398542393e-06, 2.9086e+00, 3.2361e-02, 
 2DIAGNOSTIC,    28, -5.661423572393e-01, 1.681190900805e-06, 2.9430e+00, 3.4357e-02, 
 2DIAGNOSTIC,    29, -5.661380708620e-01, 1.493163209410e-06, 2.9815e+00, 3.8475e-02, 
 2DIAGNOSTIC,    30, -5.661478310105e-01, 1.450668727358e-06, 3.0284e+00, 4.6947e-02, 
 2DIAGNOSTIC,    31, -5.661627394549e-01, 1.617959116039e-06, 3.0684e+00, 4.0016e-02, 
 2DIAGNOSTIC,    32, -5.661536870103e-01, 1.591686346981e-06, 3.1077e+00, 3.9314e-02, 
 2DIAGNOSTIC,    33, -5.661443572539e-01, 1.274596797100e-06, 3.1477e+00, 3.9997e-02, 
 2DIAGNOSTIC,    34, -5.661470384141e-01, 1.043070957919e-06, 3.1931e+00, 4.5366e-02, 
DIAGNOSTIC,Iteration,metricValue,convergenceValue,ITERATION_TIME_INDEX,SINCE_LAST
 2DIAGNOSTIC,     1, -5.039536842900e-01, 1.797693134862e+308, 4.4026e+00, 1.2095e+00, 
 2DIAGNOSTIC,     2, -5.041047070941e-01, 1.797693134862e+308, 4.6365e+00, 2.3389e-01, 
 2DIAGNOSTIC,     3, -5.041895996579e-01, 1.797693134862e+308, 4.8648e+00, 2.2829e-01, 
 2DIAGNOSTIC,     4, -5.042445578616e-01, 1.797693134862e+308, 5.1379e+00, 2.7310e-01, 
 2DIAGNOSTIC,     5, -5.043477506227e-01, 1.797693134862e+308, 5.5811e+00, 4.4319e-01, 
 2DIAGNOSTIC,     6, -5.043431643858e-01, 1.797693134862e+308, 5.9722e+00, 3.9104e-01, 
 2DIAGNOSTIC,     7, -5.043423541326e-01, 1.797693134862e+308, 6.2530e+00, 2.8082e-01, 
 2DIAGNOSTIC,     8, -5.043430930828e-01, 1.797693134862e+308, 6.5271e+00, 2.7411e-01, 
 2DIAGNOSTIC,     9, -5.043419551031e-01, 1.797693134862e+308, 6.7742e+00, 2.4715e-01, 
 2DIAGNOSTIC,    10, -5.043431856715e-01, 4.542052235926e-05, 7.0964e+00, 3.2221e-01, 
 2DIAGNOSTIC,    11, -5.043430447643e-01, 2.536467383568e-05, 7.4301e+00, 3.3367e-01, 
 2DIAGNOSTIC,    12, -5.043430491412e-01, 1.372751427801e-05, 7.7449e+00, 3.1475e-01, 
 2DIAGNOSTIC,    13, -5.043434791697e-01, 6.562854318645e-06, 8.0880e+00, 3.4310e-01, 
 2DIAGNOSTIC,    14, -5.043466788389e-01, 2.267266238365e-06, 8.3567e+00, 2.6873e-01, 
 2DIAGNOSTIC,    15, -5.043488571767e-01, 2.505228057503e-06, 8.6520e+00, 2.9527e-01, 
 2DIAGNOSTIC,    16, -5.043511782623e-01, 2.598216046881e-06, 8.9671e+00, 3.1510e-01, 
 2DIAGNOSTIC,    17, -5.043509964425e-01, 2.591097344469e-06, 9.2063e+00, 2.3928e-01, 
 2DIAGNOSTIC,    18, -5.043494663480e-01, 2.496473077943e-06, 9.5505e+00, 3.4413e-01, 
 2DIAGNOSTIC,    19, -5.043473683581e-01, 2.247636393872e-06, 9.7987e+00, 2.4825e-01, 
 2DIAGNOSTIC,    20, -5.043476144894e-01, 2.011806890960e-06, 1.0107e+01, 3.0875e-01, 
 2DIAGNOSTIC,    21, -5.043480873663e-01, 1.766861686618e-06, 1.0362e+01, 2.5428e-01, 
 2DIAGNOSTIC,    22, -5.043476262316e-01, 1.509398775780e-06, 1.0663e+01, 3.0107e-01, 
 2DIAGNOSTIC,    23, -5.043480996927e-01, 1.291260417167e-06, 1.0929e+01, 2.6642e-01, 
 2DIAGNOSTIC,    24, -5.043478425124e-01, 1.168808083020e-06, 1.1214e+01, 2.8439e-01, 
 2DIAGNOSTIC,    25, -5.043467730817e-01, 1.093922868491e-06, 1.1493e+01, 2.7907e-01, 
 2DIAGNOSTIC,    26, -5.043477104695e-01, 1.111800149889e-06, 1.1739e+01, 2.4628e-01, 
 2DIAGNOSTIC,    27, -5.043493179751e-01, 1.168278565285e-06, 1.2052e+01, 3.1256e-01, 
 2DIAGNOSTIC,    28, -5.043490178120e-01, 1.185094373184e-06, 1.2324e+01, 2.7242e-01, 
 2DIAGNOSTIC,    29, -5.043494785492e-01, 1.165105772007e-06, 1.2585e+01, 2.6123e-01, 
 2DIAGNOSTIC,    30, -5.043490024982e-01, 1.135941459000e-06, 1.2840e+01, 2.5492e-01, 
 2DIAGNOSTIC,    31, -5.043469683274e-01, 1.073329646918e-06, 1.3127e+01, 2.8703e-01, 
 2DIAGNOSTIC,    32, -5.043474578389e-01, 1.010598780070e-06, 1.3409e+01, 2.8220e-01, 
DIAGNOSTIC,Iteration,metricValue,convergenceValue,ITERATION_TIME_INDEX,SINCE_LAST
 2DIAGNOSTIC,     1, -4.670272727366e-01, 1.797693134862e+308, 1.6376e+01, 2.9672e+00, 
 2DIAGNOSTIC,     2, -4.671051574478e-01, 1.797693134862e+308, 1.8183e+01, 1.8066e+00, 
 2DIAGNOSTIC,     3, -4.671348239026e-01, 1.797693134862e+308, 2.0152e+01, 1.9688e+00, 
 2DIAGNOSTIC,     4, -4.671457792119e-01, 1.797693134862e+308, 2.2835e+01, 2.6830e+00, 
 2DIAGNOSTIC,     5, -4.671464365720e-01, 1.797693134862e+308, 2.4710e+01, 1.8754e+00, 
 2DIAGNOSTIC,     6, -4.671460058631e-01, 1.797693134862e+308, 2.6631e+01, 1.9208e+00, 
 2DIAGNOSTIC,     7, -4.671459159045e-01, 1.797693134862e+308, 3.1568e+01, 4.9365e+00, 
 2DIAGNOSTIC,     8, -4.671459159015e-01, 1.797693134862e+308, 3.6382e+01, 4.8139e+00, 
 2DIAGNOSTIC,     9, -4.671459159015e-01, 1.797693134862e+308, 3.8635e+01, 2.2535e+00, 
 2DIAGNOSTIC,    10, -4.671459159015e-01, 1.303923904042e-05, 4.0414e+01, 1.7792e+00, 
 2DIAGNOSTIC,    11, -4.671459159015e-01, 5.673234584946e-06, 4.2151e+01, 1.7371e+00, 
 2DIAGNOSTIC,    12, -4.671459159015e-01, 3.198671842827e-06, 4.3832e+01, 1.6809e+00, 
 2DIAGNOSTIC,    13, -4.671459159015e-01, 2.429140377652e-06, 4.5583e+01, 1.7510e+00, 
 2DIAGNOSTIC,    14, -4.671459159015e-01, 2.246153956956e-06, 4.7246e+01, 1.6624e+00, 
 2DIAGNOSTIC,    15, -4.671459159015e-01, 2.117063962095e-06, 4.9160e+01, 1.9145e+00, 
 2DIAGNOSTIC,    16, -4.671459159015e-01, 1.988165293593e-06, 5.0902e+01, 1.7420e+00, 
 2DIAGNOSTIC,    17, -4.671459159015e-01, 1.871211997385e-06, 5.2541e+01, 1.6393e+00, 
 2DIAGNOSTIC,    18, -4.671459159015e-01, 1.767253673332e-06, 5.4035e+01, 1.4937e+00, 
 2DIAGNOSTIC,    19, -4.671459159015e-01, 1.674238540375e-06, 5.5535e+01, 1.5001e+00, 
 2DIAGNOSTIC,    20, -4.671459159015e-01, 1.590525089988e-06, 5.7543e+01, 2.0080e+00, 
 2DIAGNOSTIC,    21, -4.671459159015e-01, 1.514784487330e-06, 5.9856e+01, 2.3129e+00, 
 2DIAGNOSTIC,    22, -4.671459159015e-01, 1.445929507918e-06, 6.1567e+01, 1.7108e+00, 
 2DIAGNOSTIC,    23, -4.671459159015e-01, 1.383062012764e-06, 6.3274e+01, 1.7066e+00, 
 2DIAGNOSTIC,    24, -4.671459159015e-01, 1.325433554980e-06, 6.4913e+01, 1.6391e+00, 
 2DIAGNOSTIC,    25, -4.671459159015e-01, 1.272415440935e-06, 6.6545e+01, 1.6323e+00, 
 2DIAGNOSTIC,    26, -4.671459159015e-01, 1.223475700425e-06, 6.8294e+01, 1.7490e+00, 
 2DIAGNOSTIC,    27, -4.671459159015e-01, 1.178161174772e-06, 6.9803e+01, 1.5086e+00, 
 2DIAGNOSTIC,    28, -4.671459159015e-01, 1.136083443001e-06, 7.1400e+01, 1.5979e+00, 
 2DIAGNOSTIC,    29, -4.671459159015e-01, 1.096907660210e-06, 7.3119e+01, 1.7187e+00, 
 2DIAGNOSTIC,    30, -4.671459159015e-01, 1.060343627943e-06, 7.5017e+01, 1.8978e+00, 
 2DIAGNOSTIC,    31, -4.671459159015e-01, 1.026138593208e-06, 7.6726e+01, 1.7088e+00, 
  Elapsed time (stage 0): 7.7589e+01


Total elapsed time: 7.7594e+01
Info [verificarlo]: loaded backend libinterflop_ieee.so
Info [interflop-ieee]: load backend with:
Info [interflop-ieee]: debug = false
Info [interflop-ieee]: debug-binary = false
Info [interflop-ieee]: no-backend-name = false
Info [interflop-ieee]: print-new-line = false
Info [interflop-ieee]: print-subnormal-normalized = false
Info [interflop-ieee]: count-op = false
All_Command_lines_OK
Using double precision for computations.
=============================================================================
The composite transform comprises the following transforms (in order): 
  1. /home/mdugre/scratch/mri-registration-rp/datasets/ds004513/derivatives/mri-registration-rp/0001/antsRegistration-r7-p20/sub-s035/rigid_Composite.h5[0] (type = Euler3DTransform)
  2. /home/mdugre/scratch/mri-registration-rp/datasets/ds004513/derivatives/mri-registration-rp/0001/antsRegistration-r7-p20/sub-s035/rigid_Composite.h5[1] (type = Euler3DTransform)
  3. /home/mdugre/scratch/mri-registration-rp/datasets/ds004513/derivatives/mri-registration-rp/0001/antsRegistration-r7-p20/sub-s035/rigid_Composite.h5[2] (type = Euler3DTransform)
=============================================================================
  number of levels = 4
  fixed image: /templateflow/tpl-MNI152NLin2009cAsym/tpl-MNI152NLin2009cAsym_res-01_desc-brain_T1w.nii.gz
  moving image: /home/mdugre/scratch/mri-registration-rp/datasets/ds004513/derivatives/mri-registration-rp/antsBrainExtraction/sub-s035/BrainExtractionBrain.nii.gz
Dimension = 3
Number of stages = 1
Use histogram matching = false
Winsorize image intensities = true
  Lower quantile = 0.005
  Upper quantile = 0.995


Stage 1 State
   Image metric = MattesMI
     Fixed image = Image (0x4fcc7e0)
  RTTI typeinfo:   itk::Image<double, 3u>
  Reference Count: 2
  Modified Time: 1592
  Debug: Off
  Object Name: 
  Observers: 
    none
  Source: (none)
  Source output name: (none)
  Release Data: Off
  Data Released: False
  Global Release Data: Off
  PipelineMTime: 0
  UpdateMTime: 1203
  RealTimeStamp: 0 seconds 
  LargestPossibleRegion: 
    Dimension: 3
    Index: [0, 0, 0]
    Size: [193, 229, 193]
  BufferedRegion: 
    Dimension: 3
    Index: [0, 0, 0]
    Size: [193, 229, 193]
  RequestedRegion: 
    Dimension: 3
    Index: [0, 0, 0]
    Size: [193, 229, 193]
  Spacing: [1, 1, 1]
  Origin: [96, 132, -78]
  Direction: 
-1 0 0
0 -1 0
0 0 1

  IndexToPointMatrix: 
-1 0 0
0 -1 0
0 0 1

  PointToIndexMatrix: 
-1 0 0
0 -1 0
0 0 1

  Inverse Direction: 
-1 0 0
0 -1 0
0 0 1

  PixelContainer: 
    ImportImageContainer (0x508ca20)
      RTTI typeinfo:   itk::ImportImageContainer<unsigned long, double>
      Reference Count: 1
      Modified Time: 1200
      Debug: Off
      Object Name: 
      Observers: 
        none
      Pointer: 0x1513c0130010
      Container manages memory: true
      Size: 8530021
      Capacity: 8530021

     Moving image = Image (0x5087d70)
  RTTI typeinfo:   itk::Image<double, 3u>
  Reference Count: 2
  Modified Time: 1593
  Debug: Off
  Object Name: 
  Observers: 
    none
  Source: (none)
  Source output name: (none)
  Release Data: Off
  Data Released: False
  Global Release Data: Off
  PipelineMTime: 0
  UpdateMTime: 1590
  RealTimeStamp: 0 seconds 
  LargestPossibleRegion: 
    Dimension: 3
    Index: [0, 0, 0]
    Size: [160, 240, 256]
  BufferedRegion: 
    Dimension: 3
    Index: [0, 0, 0]
    Size: [160, 240, 256]
  RequestedRegion: 
    Dimension: 3
    Index: [0, 0, 0]
    Size: [160, 240, 256]
  Spacing: [1, 1, 1]
  Origin: [98.6438, 87.6358, -117.989]
  Direction: 
-0.993515 -0.100993 -0.0522355
0.100854 -0.994887 0.00530255
-0.0525039 1.93537e-08 0.998621

  IndexToPointMatrix: 
-0.993515 -0.100993 -0.0522355
0.100854 -0.994887 0.00530255
-0.0525039 1.93537e-08 0.998621

  PointToIndexMatrix: 
-0.993515 0.100854 -0.0525039
-0.100993 -0.994887 1.93006e-08
-0.0522355 0.00530255 0.998621

  Inverse Direction: 
-0.993515 0.100854 -0.0525039
-0.100993 -0.994887 1.93006e-08
-0.0522355 0.00530255 0.998621

  PixelContainer: 
    ImportImageContainer (0x503fc90)
      RTTI typeinfo:   itk::ImportImageContainer<unsigned long, double>
      Reference Count: 1
      Modified Time: 1587
      Debug: Off
      Object Name: 
      Observers: 
        none
      Pointer: 0x1513bb62f010
      Container manages memory: true
      Size: 9830400
      Capacity: 9830400

     Weighting = 1
     Sampling strategy = regular
     Number of bins = 32
     Radius = 4
     Sampling percentage  = 0.25
   Transform = Affine
     Gradient step = 0.1
     Update field sigma (voxel space) = 0
     Total field sigma (voxel space) = 0
     Update field time sigma = 0
     Total field time sigma  = 0
     Number of time indices = 0
     Number of time point samples = 0
Registration using 1 total stages.

Stage 0
  iterations = 1000x500x250x100
  convergence threshold = 1e-06
  convergence window size = 10
  number of levels = 4
  using the Mattes MI metric (number of bins = 32, weight = 1, use gradient filter = 0)
  preprocessing:  winsorizing the image intensities
  Shrink factors (level 1 out of 4): [8, 8, 8]
  Shrink factors (level 2 out of 4): [4, 4, 4]
  Shrink factors (level 3 out of 4): [2, 2, 2]
  Shrink factors (level 4 out of 4): [1, 1, 1]
  smoothing sigmas per level: [3, 2, 1, 0]
  regular sampling (percentage = 0.25)

*** Running AffineTransform registration ***

DIAGNOSTIC,Iteration,metricValue,convergenceValue,ITERATION_TIME_INDEX,SINCE_LAST
 2DIAGNOSTIC,     1, -6.791656090140e-01, 1.797693134862e+308, 8.4225e-01, 8.4225e-01, 
 2DIAGNOSTIC,     2, -6.814533820494e-01, 1.797693134862e+308, 8.4809e-01, 5.8329e-03, 
 2DIAGNOSTIC,     3, -6.856913853689e-01, 1.797693134862e+308, 8.5493e-01, 6.8460e-03, 
 2DIAGNOSTIC,     4, -6.943155430011e-01, 1.797693134862e+308, 8.6153e-01, 6.6009e-03, 
 2DIAGNOSTIC,     5, -7.033949397361e-01, 1.797693134862e+308, 8.6660e-01, 5.0640e-03, 
 2DIAGNOSTIC,     6, -7.161761129951e-01, 1.797693134862e+308, 8.7264e-01, 6.0389e-03, 
 2DIAGNOSTIC,     7, -7.350673579425e-01, 1.797693134862e+308, 8.8112e-01, 8.4860e-03, 
 2DIAGNOSTIC,     8, -7.386736048918e-01, 1.797693134862e+308, 8.8759e-01, 6.4628e-03, 
 2DIAGNOSTIC,     9, -7.392971804964e-01, 1.797693134862e+308, 8.9331e-01, 5.7211e-03, 
 2DIAGNOSTIC,    10, -7.411470697328e-01, 6.828431449482e-03, 9.0073e-01, 7.4210e-03, 
 2DIAGNOSTIC,    11, -7.404411461536e-01, 5.741797529984e-03, 9.0666e-01, 5.9371e-03, 
 2DIAGNOSTIC,    12, -7.406461442352e-01, 4.405199440535e-03, 9.1733e-01, 1.0666e-02, 
 2DIAGNOSTIC,    13, -7.407120956526e-01, 3.013748422961e-03, 9.2423e-01, 6.9001e-03, 
 2DIAGNOSTIC,    14, -7.405919968689e-01, 1.798345285955e-03, 9.3072e-01, 6.4931e-03, 
 2DIAGNOSTIC,    15, -7.405449202524e-01, 8.203151204811e-04, 9.3687e-01, 6.1419e-03, 
 2DIAGNOSTIC,    16, -7.404763046512e-01, 1.934452018577e-04, 9.4395e-01, 7.0820e-03, 
 2DIAGNOSTIC,    17, -7.404339583995e-01, 5.850545540509e-05, 9.5102e-01, 7.0679e-03, 
 2DIAGNOSTIC,    18, -7.403694755879e-01, 1.067814600311e-05, 9.5698e-01, 5.9631e-03, 
DIAGNOSTIC,Iteration,metricValue,convergenceValue,ITERATION_TIME_INDEX,SINCE_LAST
 2DIAGNOSTIC,     1, -6.099431960336e-01, 1.797693134862e+308, 1.7114e+00, 7.5439e-01, 
 2DIAGNOSTIC,     2, -6.100752650295e-01, 1.797693134862e+308, 1.7485e+00, 3.7130e-02, 
 2DIAGNOSTIC,     3, -6.103666889238e-01, 1.797693134862e+308, 1.7910e+00, 4.2506e-02, 
 2DIAGNOSTIC,     4, -6.107054607073e-01, 1.797693134862e+308, 1.8311e+00, 4.0119e-02, 
 2DIAGNOSTIC,     5, -6.109251311506e-01, 1.797693134862e+308, 1.8757e+00, 4.4578e-02, 
 2DIAGNOSTIC,     6, -6.111334481534e-01, 1.797693134862e+308, 1.9164e+00, 4.0670e-02, 
 2DIAGNOSTIC,     7, -6.111631831819e-01, 1.797693134862e+308, 1.9597e+00, 4.3300e-02, 
 2DIAGNOSTIC,     8, -6.112010565985e-01, 1.797693134862e+308, 2.0017e+00, 4.2021e-02, 
 2DIAGNOSTIC,     9, -6.112320083404e-01, 1.797693134862e+308, 2.0465e+00, 4.4837e-02, 
 2DIAGNOSTIC,    10, -6.111739560571e-01, 1.462766189107e-04, 2.0862e+00, 3.9648e-02, 
 2DIAGNOSTIC,    11, -6.112456900244e-01, 1.035237591211e-04, 2.1329e+00, 4.6726e-02, 
 2DIAGNOSTIC,    12, -6.113600613511e-01, 6.826279609606e-05, 2.2003e+00, 6.7365e-02, 
 2DIAGNOSTIC,    13, -6.113764367212e-01, 4.323944427291e-05, 2.2418e+00, 4.1529e-02, 
 2DIAGNOSTIC,    14, -6.113771251240e-01, 2.931274292929e-05, 2.2827e+00, 4.0932e-02, 
 2DIAGNOSTIC,    15, -6.113699398563e-01, 2.129195622221e-05, 2.3260e+00, 4.3237e-02, 
 2DIAGNOSTIC,    16, -6.113725013458e-01, 1.862300658259e-05, 2.3672e+00, 4.1214e-02, 
 2DIAGNOSTIC,    17, -6.113637138163e-01, 1.519881234013e-05, 2.4088e+00, 4.1574e-02, 
 2DIAGNOSTIC,    18, -6.113412484623e-01, 1.129755013809e-05, 2.4489e+00, 4.0096e-02, 
 2DIAGNOSTIC,    19, -6.113495186189e-01, 8.004851243873e-06, 2.4856e+00, 3.6781e-02, 
 2DIAGNOSTIC,    20, -6.113536766025e-01, 3.177916372436e-06, 2.5235e+00, 3.7828e-02, 
DIAGNOSTIC,Iteration,metricValue,convergenceValue,ITERATION_TIME_INDEX,SINCE_LAST
 2DIAGNOSTIC,     1, -5.344776166369e-01, 1.797693134862e+308, 3.6870e+00, 1.1635e+00, 
 2DIAGNOSTIC,     2, -5.348009016857e-01, 1.797693134862e+308, 3.9822e+00, 2.9519e-01, 
 2DIAGNOSTIC,     3, -5.351497986936e-01, 1.797693134862e+308, 4.2767e+00, 2.9451e-01, 
 2DIAGNOSTIC,     4, -5.353325033899e-01, 1.797693134862e+308, 4.8221e+00, 5.4544e-01, 
 2DIAGNOSTIC,     5, -5.353331446302e-01, 1.797693134862e+308, 5.1663e+00, 3.4420e-01, 
 2DIAGNOSTIC,     6, -5.353325930188e-01, 1.797693134862e+308, 5.4934e+00, 3.2702e-01, 
 2DIAGNOSTIC,     7, -5.353303864567e-01, 1.797693134862e+308, 5.8474e+00, 3.5404e-01, 
 2DIAGNOSTIC,     8, -5.353309794970e-01, 1.797693134862e+308, 6.1080e+00, 2.6061e-01, 
 2DIAGNOSTIC,     9, -5.353283943521e-01, 1.797693134862e+308, 6.4478e+00, 3.3976e-01, 
 2DIAGNOSTIC,    10, -5.353273048956e-01, 7.947531627957e-05, 6.7470e+00, 2.9925e-01, 
 2DIAGNOSTIC,    11, -5.353254204147e-01, 3.549458799657e-05, 7.0576e+00, 3.1053e-01, 
 2DIAGNOSTIC,    12, -5.353264978029e-01, 9.933278538432e-06, 7.3836e+00, 3.2610e-01, 
 2DIAGNOSTIC,    13, -5.353253168914e-01, 1.634770336170e-06, 7.6494e+00, 2.6577e-01, 
 2DIAGNOSTIC,    14, -5.353249608003e-01, 1.512298960754e-06, 7.9416e+00, 2.9222e-01, 
 2DIAGNOSTIC,    15, -5.353259285512e-01, 1.534212951002e-06, 8.3151e+00, 3.7345e-01, 
 2DIAGNOSTIC,    16, -5.353267175179e-01, 1.615372211536e-06, 8.7534e+00, 4.3834e-01, 
 2DIAGNOSTIC,    17, -5.353265023531e-01, 1.642897441742e-06, 9.0722e+00, 3.1879e-01, 
 2DIAGNOSTIC,    18, -5.353260798097e-01, 1.695838556859e-06, 9.3885e+00, 3.1629e-01, 
 2DIAGNOSTIC,    19, -5.353255887748e-01, 1.665421484283e-06, 9.7404e+00, 3.5184e-01, 
 2DIAGNOSTIC,    20, -5.353229247081e-01, 1.540172436712e-06, 1.0041e+01, 3.0063e-01, 
 2DIAGNOSTIC,    21, -5.353234761480e-01, 1.397762058757e-06, 1.0416e+01, 3.7514e-01, 
 2DIAGNOSTIC,    22, -5.353239621459e-01, 1.316775633170e-06, 1.0759e+01, 3.4261e-01, 
 2DIAGNOSTIC,    23, -5.353234506231e-01, 1.215718304512e-06, 1.1058e+01, 2.9972e-01, 
