
##########################
# Experiment information #
##########################

EXPERIMENT_NAME: antsRegistration-r7-p23
VFC_BACKENDS: libinterflop_vprec.so --range-binary32=7 --precision-binary32=23 --range-binary64=7 --precision-binary64=23

SIF_IMG: /home/mdugre/projects/rrg-glatard/mdugre/containers/ants-vprec-no_metrics.simg

SUBJECT_ID: s032
INPUT_IMG: /home/mdugre/scratch/mri-registration-rp/datasets/ds004513/derivatives/mri-registration-rp/antsBrainExtraction/sub-s032/BrainExtractionBrain.nii.gz
OUTPUT_DIR: /home/mdugre/scratch/mri-registration-rp/datasets/ds004513/derivatives/mri-registration-rp/0001/antsRegistration-r7-p23/sub-s032

FIXED_IMG: /templateflow/tpl-MNI152NLin2009cAsym/tpl-MNI152NLin2009cAsym_res-01_desc-brain_T1w.nii.gz
DATA_DIR: /home/mdugre/scratch/mri-registration-rp/datasets/ds004513
TEMPLATEFLOW_DIR: /home/mdugre/projects/rrg-glatard/mdugre/templateflow
ITK_GLOBAL_DEFAULT_NUMBER_OF_THREADS: 16
##########################

Info [verificarlo]: loaded backend libinterflop_ieee.so
Info [interflop-ieee]: load backend with:
Info [interflop-ieee]: debug = false
Info [interflop-ieee]: debug-binary = false
Info [interflop-ieee]: no-backend-name = false
Info [interflop-ieee]: print-new-line = false
Info [interflop-ieee]: print-subnormal-normalized = false
Info [interflop-ieee]: count-op = false
All_Command_lines_OK
Using double precision for computations.
=============================================================================
The composite transform comprises the following transforms (in order): 
  1. Center of mass alignment using fixed image: /templateflow/tpl-MNI152NLin2009cAsym/tpl-MNI152NLin2009cAsym_res-01_desc-brain_T1w.nii.gz and moving image: /home/mdugre/scratch/mri-registration-rp/datasets/ds004513/derivatives/mri-registration-rp/antsBrainExtraction/sub-s032/BrainExtractionBrain.nii.gz (type = Euler3DTransform)
=============================================================================
  number of levels = 1
  fixed image: /templateflow/tpl-MNI152NLin2009cAsym/tpl-MNI152NLin2009cAsym_res-01_desc-brain_T1w.nii.gz
  moving image: /home/mdugre/scratch/mri-registration-rp/datasets/ds004513/derivatives/mri-registration-rp/antsBrainExtraction/sub-s032/BrainExtractionBrain.nii.gz
Dimension = 3
Number of stages = 1
Use histogram matching = false
Winsorize image intensities = true
  Lower quantile = 0.005
  Upper quantile = 0.995


Stage 1 State
   Image metric = MattesMI
     Fixed image = Image (0x5136e70)
  RTTI typeinfo:   itk::Image<double, 3u>
  Reference Count: 2
  Modified Time: 2330
  Debug: Off
  Object Name: 
  Observers: 
    none
  Source: (none)
  Source output name: (none)
  Release Data: Off
  Data Released: False
  Global Release Data: Off
  PipelineMTime: 0
  UpdateMTime: 1941
  RealTimeStamp: 0 seconds 
  LargestPossibleRegion: 
    Dimension: 3
    Index: [0, 0, 0]
    Size: [193, 229, 193]
  BufferedRegion: 
    Dimension: 3
    Index: [0, 0, 0]
    Size: [193, 229, 193]
  RequestedRegion: 
    Dimension: 3
    Index: [0, 0, 0]
    Size: [193, 229, 193]
  Spacing: [1, 1, 1]
  Origin: [96, 132, -78]
  Direction: 
-1 0 0
0 -1 0
0 0 1

  IndexToPointMatrix: 
-1 0 0
0 -1 0
0 0 1

  PointToIndexMatrix: 
-1 0 0
0 -1 0
0 0 1

  Inverse Direction: 
-1 0 0
0 -1 0
0 0 1

  PixelContainer: 
    ImportImageContainer (0x513fc60)
      RTTI typeinfo:   itk::ImportImageContainer<unsigned long, double>
      Reference Count: 1
      Modified Time: 1938
      Debug: Off
      Object Name: 
      Observers: 
        none
      Pointer: 0x14f91e720010
      Container manages memory: true
      Size: 8530021
      Capacity: 8530021

     Moving image = Image (0x51d3ec0)
  RTTI typeinfo:   itk::Image<double, 3u>
  Reference Count: 2
  Modified Time: 2331
  Debug: Off
  Object Name: 
  Observers: 
    none
  Source: (none)
  Source output name: (none)
  Release Data: Off
  Data Released: False
  Global Release Data: Off
  PipelineMTime: 0
  UpdateMTime: 2328
  RealTimeStamp: 0 seconds 
  LargestPossibleRegion: 
    Dimension: 3
    Index: [0, 0, 0]
    Size: [160, 240, 256]
  BufferedRegion: 
    Dimension: 3
    Index: [0, 0, 0]
    Size: [160, 240, 256]
  RequestedRegion: 
    Dimension: 3
    Index: [0, 0, 0]
    Size: [160, 240, 256]
  Spacing: [1, 1, 1]
  Origin: [73.279, 104.707, -131.187]
  Direction: 
-0.997527 0.0645574 -0.0278053
-0.0645323 -0.997914 -0.00179875
-0.0278634 4.01097e-08 0.999612

  IndexToPointMatrix: 
-0.997527 0.0645574 -0.0278053
-0.0645323 -0.997914 -0.00179875
-0.0278634 4.01097e-08 0.999612

  PointToIndexMatrix: 
-0.997527 -0.0645323 -0.0278634
0.0645574 -0.997914 4.01049e-08
-0.0278053 -0.00179875 0.999612

  Inverse Direction: 
-0.997527 -0.0645323 -0.0278634
0.0645574 -0.997914 4.01049e-08
-0.0278053 -0.00179875 0.999612

  PixelContainer: 
    ImportImageContainer (0x526b610)
      RTTI typeinfo:   itk::ImportImageContainer<unsigned long, double>
      Reference Count: 1
      Modified Time: 2325
      Debug: Off
      Object Name: 
      Observers: 
        none
      Pointer: 0x14f919c1f010
      Container manages memory: true
      Size: 9830400
      Capacity: 9830400

     Weighting = 1
     Sampling strategy = regular
     Number of bins = 32
     Radius = 4
     Sampling percentage  = 0.25
   Transform = Rigid
     Gradient step = 0.1
     Update field sigma (voxel space) = 0
     Total field sigma (voxel space) = 0
     Update field time sigma = 0
     Total field time sigma  = 0
     Number of time indices = 0
     Number of time point samples = 0
Registration using 1 total stages.

Stage 0
  iterations = 0
  convergence threshold = 1e-06
  convergence window size = 10
  number of levels = 1
  using the Mattes MI metric (number of bins = 32, weight = 1, use gradient filter = 0)
  preprocessing:  winsorizing the image intensities
  Shrink factors (level 1 out of 1): [1, 1, 1]
  smoothing sigmas per level: [0]
  regular sampling (percentage = 0.25)

*** Running Euler3DTransform registration ***

  Elapsed time (stage 0): 1.15845


Total elapsed time: 1.16806
Info [verificarlo]: loaded backend libinterflop_ieee.so
Info [interflop-ieee]: load backend with:
Info [interflop-ieee]: debug = false
Info [interflop-ieee]: debug-binary = false
Info [interflop-ieee]: no-backend-name = false
Info [interflop-ieee]: print-new-line = false
Info [interflop-ieee]: print-subnormal-normalized = false
Info [interflop-ieee]: count-op = false
All_Command_lines_OK
Using double precision for computations.
=============================================================================
The composite transform comprises the following transforms (in order): 
  1. /home/mdugre/scratch/mri-registration-rp/datasets/ds004513/derivatives/mri-registration-rp/0001/antsRegistration-r7-p23/sub-s032/align_Composite.h5[0] (type = Euler3DTransform)
  2. /home/mdugre/scratch/mri-registration-rp/datasets/ds004513/derivatives/mri-registration-rp/0001/antsRegistration-r7-p23/sub-s032/align_Composite.h5[1] (type = Euler3DTransform)
=============================================================================
  number of levels = 4
  fixed image: /templateflow/tpl-MNI152NLin2009cAsym/tpl-MNI152NLin2009cAsym_res-01_desc-brain_T1w.nii.gz
  moving image: /home/mdugre/scratch/mri-registration-rp/datasets/ds004513/derivatives/mri-registration-rp/antsBrainExtraction/sub-s032/BrainExtractionBrain.nii.gz
Dimension = 3
Number of stages = 1
Use histogram matching = false
Winsorize image intensities = true
  Lower quantile = 0.005
  Upper quantile = 0.995


Stage 1 State
   Image metric = MattesMI
     Fixed image = Image (0x4fdb530)
  RTTI typeinfo:   itk::Image<double, 3u>
  Reference Count: 2
  Modified Time: 1578
  Debug: Off
  Object Name: 
  Observers: 
    none
  Source: (none)
  Source output name: (none)
  Release Data: Off
  Data Released: False
  Global Release Data: Off
  PipelineMTime: 0
  UpdateMTime: 1189
  RealTimeStamp: 0 seconds 
  LargestPossibleRegion: 
    Dimension: 3
    Index: [0, 0, 0]
    Size: [193, 229, 193]
  BufferedRegion: 
    Dimension: 3
    Index: [0, 0, 0]
    Size: [193, 229, 193]
  RequestedRegion: 
    Dimension: 3
    Index: [0, 0, 0]
    Size: [193, 229, 193]
  Spacing: [1, 1, 1]
  Origin: [96, 132, -78]
  Direction: 
-1 0 0
0 -1 0
0 0 1

  IndexToPointMatrix: 
-1 0 0
0 -1 0
0 0 1

  PointToIndexMatrix: 
-1 0 0
0 -1 0
0 0 1

  Inverse Direction: 
-1 0 0
0 -1 0
0 0 1

  PixelContainer: 
    ImportImageContainer (0x5099d60)
      RTTI typeinfo:   itk::ImportImageContainer<unsigned long, double>
      Reference Count: 1
      Modified Time: 1186
      Debug: Off
      Object Name: 
      Observers: 
        none
      Pointer: 0x149e179d8010
      Container manages memory: true
      Size: 8530021
      Capacity: 8530021

     Moving image = Image (0x508bf60)
  RTTI typeinfo:   itk::Image<double, 3u>
  Reference Count: 2
  Modified Time: 1579
  Debug: Off
  Object Name: 
  Observers: 
    none
  Source: (none)
  Source output name: (none)
  Release Data: Off
  Data Released: False
  Global Release Data: Off
  PipelineMTime: 0
  UpdateMTime: 1576
  RealTimeStamp: 0 seconds 
  LargestPossibleRegion: 
    Dimension: 3
    Index: [0, 0, 0]
    Size: [160, 240, 256]
  BufferedRegion: 
    Dimension: 3
    Index: [0, 0, 0]
    Size: [160, 240, 256]
  RequestedRegion: 
    Dimension: 3
    Index: [0, 0, 0]
    Size: [160, 240, 256]
  Spacing: [1, 1, 1]
  Origin: [73.279, 104.707, -131.187]
  Direction: 
-0.997527 0.0645574 -0.0278053
-0.0645323 -0.997914 -0.00179875
-0.0278634 4.01097e-08 0.999612

  IndexToPointMatrix: 
-0.997527 0.0645574 -0.0278053
-0.0645323 -0.997914 -0.00179875
-0.0278634 4.01097e-08 0.999612

  PointToIndexMatrix: 
-0.997527 -0.0645323 -0.0278634
0.0645574 -0.997914 4.01049e-08
-0.0278053 -0.00179875 0.999612

  Inverse Direction: 
-0.997527 -0.0645323 -0.0278634
0.0645574 -0.997914 4.01049e-08
-0.0278053 -0.00179875 0.999612

  PixelContainer: 
    ImportImageContainer (0x507d6d0)
      RTTI typeinfo:   itk::ImportImageContainer<unsigned long, double>
      Reference Count: 1
      Modified Time: 1573
      Debug: Off
      Object Name: 
      Observers: 
        none
      Pointer: 0x149e12ed7010
      Container manages memory: true
      Size: 9830400
      Capacity: 9830400

     Weighting = 1
     Sampling strategy = regular
     Number of bins = 32
     Radius = 4
     Sampling percentage  = 0.25
   Transform = Rigid
     Gradient step = 0.1
     Update field sigma (voxel space) = 0
     Total field sigma (voxel space) = 0
     Update field time sigma = 0
     Total field time sigma  = 0
     Number of time indices = 0
     Number of time point samples = 0
Registration using 1 total stages.

Stage 0
  iterations = 1000x500x250x100
  convergence threshold = 1e-06
  convergence window size = 10
  number of levels = 4
  using the Mattes MI metric (number of bins = 32, weight = 1, use gradient filter = 0)
  preprocessing:  winsorizing the image intensities
  Shrink factors (level 1 out of 4): [8, 8, 8]
  Shrink factors (level 2 out of 4): [4, 4, 4]
  Shrink factors (level 3 out of 4): [2, 2, 2]
  Shrink factors (level 4 out of 4): [1, 1, 1]
  smoothing sigmas per level: [3, 2, 1, 0]
  regular sampling (percentage = 0.25)

*** Running Euler3DTransform registration ***

DIAGNOSTIC,Iteration,metricValue,convergenceValue,ITERATION_TIME_INDEX,SINCE_LAST
 2DIAGNOSTIC,     1, -5.480496989617e-01, 1.797693134862e+308, 8.1922e-01, 8.1922e-01, 
 2DIAGNOSTIC,     2, -5.506811078454e-01, 1.797693134862e+308, 8.2481e-01, 5.5940e-03, 
 2DIAGNOSTIC,     3, -5.546514955662e-01, 1.797693134862e+308, 8.3072e-01, 5.9109e-03, 
 2DIAGNOSTIC,     4, -5.606863537750e-01, 1.797693134862e+308, 8.3583e-01, 5.1060e-03, 
 2DIAGNOSTIC,     5, -5.693661845193e-01, 1.797693134862e+308, 8.4127e-01, 5.4410e-03, 
 2DIAGNOSTIC,     6, -5.854078830086e-01, 1.797693134862e+308, 8.4682e-01, 5.5509e-03, 
 2DIAGNOSTIC,     7, -6.232769732918e-01, 1.797693134862e+308, 8.5208e-01, 5.2559e-03, 
 2DIAGNOSTIC,     8, -6.297683730473e-01, 1.797693134862e+308, 8.5789e-01, 5.8091e-03, 
 2DIAGNOSTIC,     9, -6.366738733405e-01, 1.797693134862e+308, 8.6850e-01, 1.0608e-02, 
 2DIAGNOSTIC,    10, -6.375630690827e-01, 1.201760866083e-02, 8.7422e-01, 5.7292e-03, 
 2DIAGNOSTIC,    11, -6.405337628679e-01, 1.087684809450e-02, 8.8031e-01, 6.0830e-03, 
 2DIAGNOSTIC,    12, -6.435528997438e-01, 9.167753354490e-03, 8.8629e-01, 5.9869e-03, 
 2DIAGNOSTIC,    13, -6.444720921444e-01, 7.089498731847e-03, 8.9150e-01, 5.2080e-03, 
 2DIAGNOSTIC,    14, -6.463616611293e-01, 4.967892496988e-03, 8.9820e-01, 6.6941e-03, 
 2DIAGNOSTIC,    15, -6.484646963404e-01, 3.033020789043e-03, 9.0877e-01, 1.0577e-02, 
 2DIAGNOSTIC,    16, -6.486009987994e-01, 1.520386367320e-03, 9.1508e-01, 6.3081e-03, 
 2DIAGNOSTIC,    17, -6.493699344760e-01, 1.108203205204e-03, 9.2117e-01, 6.0892e-03, 
 2DIAGNOSTIC,    18, -6.514578195065e-01, 8.586162135985e-04, 9.2679e-01, 5.6181e-03, 
 2DIAGNOSTIC,    19, -6.526592717406e-01, 7.533650369805e-04, 9.3282e-01, 6.0341e-03, 
 2DIAGNOSTIC,    20, -6.536191777189e-01, 6.303067369294e-04, 9.3926e-01, 6.4380e-03, 
 2DIAGNOSTIC,    21, -6.549162298979e-01, 5.534292205381e-04, 9.4511e-01, 5.8510e-03, 
 2DIAGNOSTIC,    22, -6.562385790832e-01, 5.226986103234e-04, 9.5234e-01, 7.2310e-03, 
 2DIAGNOSTIC,    23, -6.565000058113e-01, 4.680180012237e-04, 9.5916e-01, 6.8190e-03, 
 2DIAGNOSTIC,    24, -6.565387353854e-01, 4.101063704208e-04, 9.6508e-01, 5.9140e-03, 
 2DIAGNOSTIC,    25, -6.567702146894e-01, 3.618032093048e-04, 9.7125e-01, 6.1750e-03, 
 2DIAGNOSTIC,    26, -6.583507212369e-01, 3.132611037352e-04, 9.7778e-01, 6.5310e-03, 
 2DIAGNOSTIC,    27, -6.586527568469e-01, 2.554116018364e-04, 9.8280e-01, 5.0220e-03, 
 2DIAGNOSTIC,    28, -6.593310437738e-01, 2.225767143840e-04, 9.8917e-01, 6.3639e-03, 
 2DIAGNOSTIC,    29, -6.595734041655e-01, 1.939316665334e-04, 9.9504e-01, 5.8742e-03, 
 2DIAGNOSTIC,    30, -6.595955819569e-01, 1.634946778525e-04, 1.0013e+00, 6.2351e-03, 
 2DIAGNOSTIC,    31, -6.596949967568e-01, 1.392755860907e-04, 1.0069e+00, 5.6112e-03, 
 2DIAGNOSTIC,    32, -6.597157295313e-01, 1.221677497581e-04, 1.0133e+00, 6.3848e-03, 
 2DIAGNOSTIC,    33, -6.597001423844e-01, 9.820426862556e-05, 1.0226e+00, 9.3050e-03, 
 2DIAGNOSTIC,    34, -6.595254449700e-01, 6.486903006259e-05, 1.0276e+00, 5.0600e-03, 
 2DIAGNOSTIC,    35, -6.595295822809e-01, 3.010817889437e-05, 1.0332e+00, 5.5881e-03, 
 2DIAGNOSTIC,    36, -6.595351297935e-01, 1.424396565367e-05, 1.0386e+00, 5.3592e-03, 
 2DIAGNOSTIC,    37, -6.595409535780e-01, 1.474135165037e-06, 1.0434e+00, 4.8330e-03, 
DIAGNOSTIC,Iteration,metricValue,convergenceValue,ITERATION_TIME_INDEX,SINCE_LAST
 2DIAGNOSTIC,     1, -5.183739626537e-01, 1.797693134862e+308, 1.8870e+00, 8.4362e-01, 
 2DIAGNOSTIC,     2, -5.189226238294e-01, 1.797693134862e+308, 1.9270e+00, 3.9966e-02, 
 2DIAGNOSTIC,     3, -5.196899327362e-01, 1.797693134862e+308, 1.9666e+00, 3.9587e-02, 
 2DIAGNOSTIC,     4, -5.204463663004e-01, 1.797693134862e+308, 2.0020e+00, 3.5417e-02, 
 2DIAGNOSTIC,     5, -5.209979485303e-01, 1.797693134862e+308, 2.0362e+00, 3.4237e-02, 
 2DIAGNOSTIC,     6, -5.216357744186e-01, 1.797693134862e+308, 2.0712e+00, 3.4944e-02, 
 2DIAGNOSTIC,     7, -5.233753714466e-01, 1.797693134862e+308, 2.1067e+00, 3.5529e-02, 
 2DIAGNOSTIC,     8, -5.241119131076e-01, 1.797693134862e+308, 2.1505e+00, 4.3783e-02, 
 2DIAGNOSTIC,     9, -5.247293428538e-01, 1.797693134862e+308, 2.1920e+00, 4.1531e-02, 
 2DIAGNOSTIC,    10, -5.250028241510e-01, 8.899807893967e-04, 2.2503e+00, 5.8236e-02, 
 2DIAGNOSTIC,    11, -5.254483054751e-01, 7.905532352356e-04, 2.2910e+00, 4.0698e-02, 
 2DIAGNOSTIC,    12, -5.277635686188e-01, 7.650652076959e-04, 2.3326e+00, 4.1672e-02, 
 2DIAGNOSTIC,    13, -5.283161383457e-01, 7.264279319988e-04, 2.3711e+00, 3.8429e-02, 
 2DIAGNOSTIC,    14, -5.288222935370e-01, 6.775649825377e-04, 2.4074e+00, 3.6287e-02, 
 2DIAGNOSTIC,    15, -5.289976641866e-01, 6.012604960452e-04, 2.4434e+00, 3.6013e-02, 
 2DIAGNOSTIC,    16, -5.298475135703e-01, 5.287513131535e-04, 2.4875e+00, 4.4148e-02, 
 2DIAGNOSTIC,    17, -5.313522161841e-01, 5.176189579902e-04, 2.5273e+00, 3.9794e-02, 
 2DIAGNOSTIC,    18, -5.317212192709e-01, 4.916471089119e-04, 2.5684e+00, 4.1040e-02, 
 2DIAGNOSTIC,    19, -5.322490410816e-01, 4.569585374441e-04, 2.6136e+00, 4.5237e-02, 
 2DIAGNOSTIC,    20, -5.323376863942e-01, 3.940999522855e-04, 2.6510e+00, 3.7397e-02, 
 2DIAGNOSTIC,    21, -5.325910170257e-01, 3.171271127752e-04, 2.6973e+00, 4.6280e-02, 
 2DIAGNOSTIC,    22, -5.334985417115e-01, 2.960181875466e-04, 2.7401e+00, 4.2864e-02, 
 2DIAGNOSTIC,    23, -5.343136181008e-01, 2.804987842374e-04, 2.7876e+00, 4.7428e-02, 
 2DIAGNOSTIC,    24, -5.358591214331e-01, 2.864511245038e-04, 2.8513e+00, 6.3723e-02, 
 2DIAGNOSTIC,    25, -5.371678349747e-01, 2.965994563683e-04, 2.8917e+00, 4.0454e-02, 
 2DIAGNOSTIC,    26, -5.415190491078e-01, 3.848717280266e-04, 2.9296e+00, 3.7906e-02, 
 2DIAGNOSTIC,    27, -5.439864874213e-01, 5.072601860820e-04, 2.9825e+00, 5.2829e-02, 
 2DIAGNOSTIC,    28, -5.456328493677e-01, 6.109969973513e-04, 3.0548e+00, 7.2323e-02, 
 2DIAGNOSTIC,    29, -5.458811699208e-01, 6.648235493224e-04, 3.0907e+00, 3.5934e-02, 
 2DIAGNOSTIC,    30, -5.467454434718e-01, 6.697073600555e-04, 3.1289e+00, 3.8181e-02, 
 2DIAGNOSTIC,    31, -5.474433883554e-01, 6.261698561983e-04, 3.1658e+00, 3.6875e-02, 
 2DIAGNOSTIC,    32, -5.480514684619e-01, 5.506799675589e-04, 3.2013e+00, 3.5495e-02, 
 2DIAGNOSTIC,    33, -5.484287258233e-01, 4.472657562289e-04, 3.2396e+00, 3.8281e-02, 
 2DIAGNOSTIC,    34, -5.489379735425e-01, 3.408113224525e-04, 3.2768e+00, 3.7234e-02, 
 2DIAGNOSTIC,    35, -5.521053193173e-01, 2.751926815439e-04, 3.3192e+00, 4.2369e-02, 
 2DIAGNOSTIC,    36, -5.524711889348e-01, 2.549725410368e-04, 3.3747e+00, 5.5548e-02, 
 2DIAGNOSTIC,    37, -5.531125635061e-01, 2.563082970537e-04, 3.4091e+00, 3.4350e-02, 
 2DIAGNOSTIC,    38, -5.533370081743e-01, 2.600224049816e-04, 3.4455e+00, 3.6450e-02, 
 2DIAGNOSTIC,    39, -5.539449038640e-01, 2.502277254963e-04, 3.4803e+00, 3.4763e-02, 
 2DIAGNOSTIC,    40, -5.543691802790e-01, 2.333714522386e-04, 3.5138e+00, 3.3573e-02, 
 2DIAGNOSTIC,    41, -5.552032022684e-01, 2.146554258459e-04, 3.5768e+00, 6.2949e-02, 
 2DIAGNOSTIC,    42, -5.552702580392e-01, 1.852903262689e-04, 3.6169e+00, 4.0059e-02, 
 2DIAGNOSTIC,    43, -5.553123293386e-01, 1.453298319146e-04, 3.6554e+00, 3.8547e-02, 
 2DIAGNOSTIC,    44, -5.554945117934e-01, 1.008408739184e-04, 3.6940e+00, 3.8598e-02, 
 2DIAGNOSTIC,    45, -5.558967523814e-01, 9.056857474702e-05, 3.7287e+00, 3.4738e-02, 
 2DIAGNOSTIC,    46, -5.565926856406e-01, 8.400639638995e-05, 3.7836e+00, 5.4855e-02, 
 2DIAGNOSTIC,    47, -5.567254366448e-01, 7.835800727090e-05, 3.8498e+00, 6.6215e-02, 
 2DIAGNOSTIC,    48, -5.567798833492e-01, 6.870203900104e-05, 3.8990e+00, 4.9148e-02, 
 2DIAGNOSTIC,    49, -5.569846075137e-01, 6.173897916744e-05, 3.9409e+00, 4.1992e-02, 
 2DIAGNOSTIC,    50, -5.574326938938e-01, 5.802554519609e-05, 3.9870e+00, 4.6006e-02, 
 2DIAGNOSTIC,    51, -5.601619043366e-01, 8.550002262746e-05, 4.0478e+00, 6.0816e-02, 
 2DIAGNOSTIC,    52, -5.612342199179e-01, 1.145856805550e-04, 4.0911e+00, 4.3382e-02, 
 2DIAGNOSTIC,    53, -5.618979145082e-01, 1.387792382685e-04, 4.1402e+00, 4.9092e-02, 
 2DIAGNOSTIC,    54, -5.622223042142e-01, 1.540242141870e-04, 4.1782e+00, 3.7972e-02, 
 2DIAGNOSTIC,    55, -5.623608776730e-01, 1.589394467204e-04, 4.2163e+00, 3.8081e-02, 
 2DIAGNOSTIC,    56, -5.626155052824e-01, 1.569879218721e-04, 4.2529e+00, 3.6633e-02, 
 2DIAGNOSTIC,    57, -5.630098430224e-01, 1.447197485713e-04, 4.2836e+00, 3.0639e-02, 
 2DIAGNOSTIC,    58, -5.635096244722e-01, 1.242400755627e-04, 4.3314e+00, 4.7865e-02, 
 2DIAGNOSTIC,    59, -5.636627340887e-01, 9.597942698481e-05, 4.3804e+00, 4.8943e-02, 
 2DIAGNOSTIC,    60, -5.637646786219e-01, 6.387291339198e-05, 4.4129e+00, 3.2547e-02, 
 2DIAGNOSTIC,    61, -5.642386432750e-01, 5.406797080991e-05, 4.4454e+00, 3.2453e-02, 
 2DIAGNOSTIC,    62, -5.648985511892e-01, 5.376262108115e-05, 4.4784e+00, 3.3049e-02, 
 2DIAGNOSTIC,    63, -5.654247255150e-01, 5.799243622971e-05, 4.5162e+00, 3.7752e-02, 
 2DIAGNOSTIC,    64, -5.655403862762e-01, 6.015203773314e-05, 4.5484e+00, 3.2205e-02, 
 2DIAGNOSTIC,    65, -5.657335041003e-01, 5.928518733436e-05, 4.5850e+00, 3.6572e-02, 
 2DIAGNOSTIC,    66, -5.658193525239e-01, 5.540165307870e-05, 4.6237e+00, 3.8771e-02, 
 2DIAGNOSTIC,    67, -5.658591173801e-01, 4.953882121907e-05, 4.6684e+00, 4.4664e-02, 
 2DIAGNOSTIC,    68, -5.658942653599e-01, 4.319251013876e-05, 4.7023e+00, 3.3894e-02, 
 2DIAGNOSTIC,    69, -5.659210153271e-01, 3.435154428945e-05, 4.7358e+00, 3.3483e-02, 
 2DIAGNOSTIC,    70, -5.660006930947e-01, 2.385094164920e-05, 4.7698e+00, 3.4061e-02, 
 2DIAGNOSTIC,    71, -5.662581814835e-01, 1.665084048872e-05, 4.8047e+00, 3.4829e-02, 
 2DIAGNOSTIC,    72, -5.665772732754e-01, 1.503207450602e-05, 4.8750e+00, 7.0354e-02, 
 2DIAGNOSTIC,    73, -5.666202007504e-01, 1.606429400270e-05, 4.9148e+00, 3.9792e-02, 
 2DIAGNOSTIC,    74, -5.666249460002e-01, 1.642061687655e-05, 4.9571e+00, 4.2335e-02, 
 2DIAGNOSTIC,    75, -5.666147907315e-01, 1.650340642290e-05, 5.0024e+00, 4.5243e-02, 
 2DIAGNOSTIC,    76, -5.666019260765e-01, 1.549715444418e-05, 5.0415e+00, 3.9078e-02, 
 2DIAGNOSTIC,    77, -5.665977730813e-01, 1.326628454545e-05, 5.0876e+00, 4.6162e-02, 
 2DIAGNOSTIC,    78, -5.665846601002e-01, 1.001649114678e-05, 5.1338e+00, 4.6211e-02, 
 2DIAGNOSTIC,    79, -5.665815478235e-01, 6.119142522156e-06, 5.1752e+00, 4.1367e-02, 
 2DIAGNOSTIC,    80, -5.666059619525e-01, 2.427113052718e-06, 5.2164e+00, 4.1170e-02, 
DIAGNOSTIC,Iteration,metricValue,convergenceValue,ITERATION_TIME_INDEX,SINCE_LAST
 2DIAGNOSTIC,     1, -5.013605359664e-01, 1.797693134862e+308, 6.4490e+00, 1.2326e+00, 
 2DIAGNOSTIC,     2, -5.015423701620e-01, 1.797693134862e+308, 6.7356e+00, 2.8665e-01, 
 2DIAGNOSTIC,     3, -5.017678804428e-01, 1.797693134862e+308, 7.0466e+00, 3.1100e-01, 
 2DIAGNOSTIC,     4, -5.019723212664e-01, 1.797693134862e+308, 7.3817e+00, 3.3509e-01, 
 2DIAGNOSTIC,     5, -5.020494306890e-01, 1.797693134862e+308, 7.7219e+00, 3.4016e-01, 
 2DIAGNOSTIC,     6, -5.021725861237e-01, 1.797693134862e+308, 8.2389e+00, 5.1707e-01, 
 2DIAGNOSTIC,     7, -5.021980329421e-01, 1.797693134862e+308, 8.6029e+00, 3.6401e-01, 
 2DIAGNOSTIC,     8, -5.021994039689e-01, 1.797693134862e+308, 8.8998e+00, 2.9682e-01, 
 2DIAGNOSTIC,     9, -5.021971823564e-01, 1.797693134862e+308, 9.2004e+00, 3.0068e-01, 
 2DIAGNOSTIC,    10, -5.021990978194e-01, 1.073222725648e-04, 9.4946e+00, 2.9412e-01, 
 2DIAGNOSTIC,    11, -5.021995256351e-01, 6.805107468659e-05, 9.8132e+00, 3.1861e-01, 
 2DIAGNOSTIC,    12, -5.021991250457e-01, 3.787235969263e-05, 1.0137e+01, 3.2369e-01, 
 2DIAGNOSTIC,    13, -5.022005385977e-01, 1.891033072136e-05, 1.0458e+01, 3.2111e-01, 
 2DIAGNOSTIC,    14, -5.022008405005e-01, 9.428916193183e-06, 1.0853e+01, 3.9501e-01, 
 2DIAGNOSTIC,    15, -5.022014118999e-01, 3.368729367875e-06, 1.1219e+01, 3.6637e-01, 
 2DIAGNOSTIC,    16, -5.022008175118e-01, 2.261622377681e-06, 1.1547e+01, 3.2737e-01, 
 2DIAGNOSTIC,    17, -5.022001919478e-01, 2.085994531428e-06, 1.1818e+01, 2.7167e-01, 
 2DIAGNOSTIC,    18, -5.022005197592e-01, 1.966356041667e-06, 1.2091e+01, 2.7225e-01, 
 2DIAGNOSTIC,    19, -5.022010694227e-01, 1.788245728065e-06, 1.2351e+01, 2.6078e-01, 
 2DIAGNOSTIC,    20, -5.022011180009e-01, 1.672285909554e-06, 1.2630e+01, 2.7839e-01, 
 2DIAGNOSTIC,    21, -5.022024775179e-01, 1.609426415174e-06, 1.2899e+01, 2.6961e-01, 
 2DIAGNOSTIC,    22, -5.022073542714e-01, 1.657471785182e-06, 1.3183e+01, 2.8396e-01, 
 2DIAGNOSTIC,    23, -5.022059483857e-01, 1.678342952831e-06, 1.3472e+01, 2.8885e-01, 
 2DIAGNOSTIC,    24, -5.022045192159e-01, 1.645043395393e-06, 1.3774e+01, 3.0133e-01, 
 2DIAGNOSTIC,    25, -5.022068528952e-01, 1.652688646603e-06, 1.4046e+01, 2.7200e-01, 
 2DIAGNOSTIC,    26, -5.022128559522e-01, 1.739186543136e-06, 1.4341e+01, 2.9578e-01, 
 2DIAGNOSTIC,    27, -5.022143801780e-01, 1.784299194327e-06, 1.4623e+01, 2.8194e-01, 
 2DIAGNOSTIC,    28, -5.022147874777e-01, 1.785604975178e-06, 1.4874e+01, 2.5088e-01, 
 2DIAGNOSTIC,    29, -5.022198828409e-01, 1.839959402887e-06, 1.5157e+01, 2.8295e-01, 
 2DIAGNOSTIC,    30, -5.022307022625e-01, 2.022172392493e-06, 1.5453e+01, 2.9560e-01, 
 2DIAGNOSTIC,    31, -5.022520122401e-01, 2.505678074284e-06, 1.5718e+01, 2.6573e-01, 
 2DIAGNOSTIC,    32, -5.022771659317e-01, 3.343118559880e-06, 1.6022e+01, 3.0386e-01, 
 2DIAGNOSTIC,    33, -5.023013129377e-01, 4.294433708328e-06, 1.6368e+01, 3.4542e-01, 
 2DIAGNOSTIC,    34, -5.023035198252e-01, 4.884252016481e-06, 1.6732e+01, 3.6379e-01, 
 2DIAGNOSTIC,    35, -5.023198057551e-01, 5.369637445112e-06, 1.7111e+01, 3.7982e-01, 
 2DIAGNOSTIC,    36, -5.023306382964e-01, 5.660741098160e-06, 1.7495e+01, 3.8349e-01, 
 2DIAGNOSTIC,    37, -5.023378382391e-01, 5.608098498783e-06, 1.7841e+01, 3.4658e-01, 
 2DIAGNOSTIC,    38, -5.023344083735e-01, 5.061179699516e-06, 1.8214e+01, 3.7210e-01, 
 2DIAGNOSTIC,    39, -5.023444306504e-01, 4.366815961738e-06, 1.8618e+01, 4.0470e-01, 
 2DIAGNOSTIC,    40, -5.023703073421e-01, 3.881386321652e-06, 1.9232e+01, 6.1342e-01, 
 2DIAGNOSTIC,    41, -5.023674974347e-01, 3.362035575355e-06, 1.9615e+01, 3.8291e-01, 
 2DIAGNOSTIC,    42, -5.023696947492e-01, 2.989140298768e-06, 1.9916e+01, 3.0120e-01, 
 2DIAGNOSTIC,    43, -5.023736859990e-01, 2.799002579830e-06, 2.0290e+01, 3.7401e-01, 
 2DIAGNOSTIC,    44, -5.023770947371e-01, 2.485122354387e-06, 2.0611e+01, 3.2083e-01, 
 2DIAGNOSTIC,    45, -5.023781169459e-01, 2.224840762149e-06, 2.0952e+01, 3.4175e-01, 
 2DIAGNOSTIC,    46, -5.023803448620e-01, 1.990524831456e-06, 2.1249e+01, 2.9660e-01, 
 2DIAGNOSTIC,    47, -5.023847241977e-01, 1.788543974077e-06, 2.1587e+01, 3.3847e-01, 
 2DIAGNOSTIC,    48, -5.023864593000e-01, 1.466287312672e-06, 2.2038e+01, 4.5052e-01, 
 2DIAGNOSTIC,    49, -5.023867063569e-01, 1.189841950671e-06, 2.2341e+01, 3.0265e-01, 
 2DIAGNOSTIC,    50, -5.023838203291e-01, 1.135347456480e-06, 2.2677e+01, 3.3682e-01, 
DIAGNOSTIC,Iteration,metricValue,convergenceValue,ITERATION_TIME_INDEX,SINCE_LAST
 2DIAGNOSTIC,     1, -4.668081325155e-01, 1.797693134862e+308, 2.5588e+01, 2.9106e+00, 
 2DIAGNOSTIC,     2, -4.669766134255e-01, 1.797693134862e+308, 2.7632e+01, 2.0439e+00, 
 2DIAGNOSTIC,     3, -4.669952969505e-01, 1.797693134862e+308, 3.0096e+01, 2.4642e+00, 
 2DIAGNOSTIC,     4, -4.669953631147e-01, 1.797693134862e+308, 3.2018e+01, 1.9217e+00, 
 2DIAGNOSTIC,     5, -4.669952766446e-01, 1.797693134862e+308, 3.3756e+01, 1.7383e+00, 
 2DIAGNOSTIC,     6, -4.669948348897e-01, 1.797693134862e+308, 3.5538e+01, 1.7821e+00, 
 2DIAGNOSTIC,     7, -4.669944937933e-01, 1.797693134862e+308, 3.7728e+01, 2.1896e+00, 
 2DIAGNOSTIC,     8, -4.669944884325e-01, 1.797693134862e+308, 3.9793e+01, 2.0657e+00, 
 2DIAGNOSTIC,     9, -4.669943629816e-01, 1.797693134862e+308, 4.4870e+01, 5.0768e+00, 
 2DIAGNOSTIC,    10, -4.669943629805e-01, 1.539544498926e-05, 4.9578e+01, 4.7074e+00, 
 2DIAGNOSTIC,    11, -4.669943629805e-01, 3.766516335116e-06, 5.2061e+01, 2.4837e+00, 
 2DIAGNOSTIC,    12, -4.669943629805e-01, 2.515485832952e-06, 5.4490e+01, 2.4288e+00, 
 2DIAGNOSTIC,    13, -4.669943629805e-01, 2.343466352972e-06, 5.6750e+01, 2.2597e+00, 
 2DIAGNOSTIC,    14, -4.669943629805e-01, 2.208028969164e-06, 5.8973e+01, 2.2233e+00, 
 2DIAGNOSTIC,    15, -4.669943629805e-01, 2.093363815667e-06, 6.1010e+01, 2.0374e+00, 
 2DIAGNOSTIC,    16, -4.669943629805e-01, 1.979029259441e-06, 6.3268e+01, 2.2577e+00, 
 2DIAGNOSTIC,    17, -4.669943629805e-01, 1.866727879579e-06, 6.5776e+01, 2.5082e+00, 
 2DIAGNOSTIC,    18, -4.669943629805e-01, 1.767260036270e-06, 6.7864e+01, 2.0873e+00, 
 2DIAGNOSTIC,    19, -4.669943629805e-01, 1.674244284156e-06, 6.9941e+01, 2.0772e+00, 
 2DIAGNOSTIC,    20, -4.669943629805e-01, 1.590530273744e-06, 7.1876e+01, 1.9349e+00, 
 2DIAGNOSTIC,    21, -4.669943629805e-01, 1.514789189146e-06, 7.4307e+01, 2.4312e+00, 
 2DIAGNOSTIC,    22, -4.669943629805e-01, 1.445933791991e-06, 7.6664e+01, 2.3572e+00, 
 2DIAGNOSTIC,    23, -4.669943629805e-01, 1.383065932392e-06, 7.8674e+01, 2.0099e+00, 
 2DIAGNOSTIC,    24, -4.669943629805e-01, 1.325437154781e-06, 8.0667e+01, 1.9929e+00, 
 2DIAGNOSTIC,    25, -4.669943629805e-01, 1.272418758504e-06, 8.2654e+01, 1.9871e+00, 
 2DIAGNOSTIC,    26, -4.669943629805e-01, 1.223478767715e-06, 8.4489e+01, 1.8348e+00, 
 2DIAGNOSTIC,    27, -4.669943629805e-01, 1.178164019074e-06, 8.6566e+01, 2.0767e+00, 
 2DIAGNOSTIC,    28, -4.669943629805e-01, 1.136086087775e-06, 8.8513e+01, 1.9474e+00, 
 2DIAGNOSTIC,    29, -4.669943629805e-01, 1.096910125738e-06, 9.0744e+01, 2.2310e+00, 
 2DIAGNOSTIC,    30, -4.669943629805e-01, 1.060345931836e-06, 9.2713e+01, 1.9689e+00, 
 2DIAGNOSTIC,    31, -4.669943629805e-01, 1.026140750850e-06, 9.4721e+01, 2.0085e+00, 
  Elapsed time (stage 0): 9.5732e+01


Total elapsed time: 9.5740e+01
Info [verificarlo]: loaded backend libinterflop_ieee.so
Info [interflop-ieee]: load backend with:
Info [interflop-ieee]: debug = false
Info [interflop-ieee]: debug-binary = false
Info [interflop-ieee]: no-backend-name = false
Info [interflop-ieee]: print-new-line = false
Info [interflop-ieee]: print-subnormal-normalized = false
Info [interflop-ieee]: count-op = false
All_Command_lines_OK
Using double precision for computations.
=============================================================================
The composite transform comprises the following transforms (in order): 
  1. /home/mdugre/scratch/mri-registration-rp/datasets/ds004513/derivatives/mri-registration-rp/0001/antsRegistration-r7-p23/sub-s032/rigid_Composite.h5[0] (type = Euler3DTransform)
  2. /home/mdugre/scratch/mri-registration-rp/datasets/ds004513/derivatives/mri-registration-rp/0001/antsRegistration-r7-p23/sub-s032/rigid_Composite.h5[1] (type = Euler3DTransform)
  3. /home/mdugre/scratch/mri-registration-rp/datasets/ds004513/derivatives/mri-registration-rp/0001/antsRegistration-r7-p23/sub-s032/rigid_Composite.h5[2] (type = Euler3DTransform)
=============================================================================
  number of levels = 4
  fixed image: /templateflow/tpl-MNI152NLin2009cAsym/tpl-MNI152NLin2009cAsym_res-01_desc-brain_T1w.nii.gz
  moving image: /home/mdugre/scratch/mri-registration-rp/datasets/ds004513/derivatives/mri-registration-rp/antsBrainExtraction/sub-s032/BrainExtractionBrain.nii.gz
Dimension = 3
Number of stages = 1
Use histogram matching = false
Winsorize image intensities = true
  Lower quantile = 0.005
  Upper quantile = 0.995


Stage 1 State
   Image metric = MattesMI
     Fixed image = Image (0x439a7e0)
  RTTI typeinfo:   itk::Image<double, 3u>
  Reference Count: 2
  Modified Time: 1592
  Debug: Off
  Object Name: 
  Observers: 
    none
  Source: (none)
  Source output name: (none)
  Release Data: Off
  Data Released: False
  Global Release Data: Off
  PipelineMTime: 0
  UpdateMTime: 1203
  RealTimeStamp: 0 seconds 
  LargestPossibleRegion: 
    Dimension: 3
    Index: [0, 0, 0]
    Size: [193, 229, 193]
  BufferedRegion: 
    Dimension: 3
    Index: [0, 0, 0]
    Size: [193, 229, 193]
  RequestedRegion: 
    Dimension: 3
    Index: [0, 0, 0]
    Size: [193, 229, 193]
  Spacing: [1, 1, 1]
  Origin: [96, 132, -78]
  Direction: 
-1 0 0
0 -1 0
0 0 1

  IndexToPointMatrix: 
-1 0 0
0 -1 0
0 0 1

  PointToIndexMatrix: 
-1 0 0
0 -1 0
0 0 1

  Inverse Direction: 
-1 0 0
0 -1 0
0 0 1

  PixelContainer: 
    ImportImageContainer (0x445aa20)
      RTTI typeinfo:   itk::ImportImageContainer<unsigned long, double>
      Reference Count: 1
      Modified Time: 1200
      Debug: Off
      Object Name: 
      Observers: 
        none
      Pointer: 0x152703256010
      Container manages memory: true
      Size: 8530021
      Capacity: 8530021

     Moving image = Image (0x4455d70)
  RTTI typeinfo:   itk::Image<double, 3u>
  Reference Count: 2
  Modified Time: 1593
  Debug: Off
  Object Name: 
  Observers: 
    none
  Source: (none)
  Source output name: (none)
  Release Data: Off
  Data Released: False
  Global Release Data: Off
  PipelineMTime: 0
  UpdateMTime: 1590
  RealTimeStamp: 0 seconds 
  LargestPossibleRegion: 
    Dimension: 3
    Index: [0, 0, 0]
    Size: [160, 240, 256]
  BufferedRegion: 
    Dimension: 3
    Index: [0, 0, 0]
    Size: [160, 240, 256]
  RequestedRegion: 
    Dimension: 3
    Index: [0, 0, 0]
    Size: [160, 240, 256]
  Spacing: [1, 1, 1]
  Origin: [73.279, 104.707, -131.187]
  Direction: 
-0.997527 0.0645574 -0.0278053
-0.0645323 -0.997914 -0.00179875
-0.0278634 4.01097e-08 0.999612

  IndexToPointMatrix: 
-0.997527 0.0645574 -0.0278053
-0.0645323 -0.997914 -0.00179875
-0.0278634 4.01097e-08 0.999612

  PointToIndexMatrix: 
-0.997527 -0.0645323 -0.0278634
0.0645574 -0.997914 4.01049e-08
-0.0278053 -0.00179875 0.999612

  Inverse Direction: 
-0.997527 -0.0645323 -0.0278634
0.0645574 -0.997914 4.01049e-08
-0.0278053 -0.00179875 0.999612

  PixelContainer: 
    ImportImageContainer (0x440dc90)
      RTTI typeinfo:   itk::ImportImageContainer<unsigned long, double>
      Reference Count: 1
      Modified Time: 1587
      Debug: Off
      Object Name: 
      Observers: 
        none
      Pointer: 0x1526fe755010
      Container manages memory: true
      Size: 9830400
      Capacity: 9830400

     Weighting = 1
     Sampling strategy = regular
     Number of bins = 32
     Radius = 4
     Sampling percentage  = 0.25
   Transform = Affine
     Gradient step = 0.1
     Update field sigma (voxel space) = 0
     Total field sigma (voxel space) = 0
     Update field time sigma = 0
     Total field time sigma  = 0
     Number of time indices = 0
     Number of time point samples = 0
Registration using 1 total stages.

Stage 0
  iterations = 1000x500x250x100
  convergence threshold = 1e-06
  convergence window size = 10
  number of levels = 4
  using the Mattes MI metric (number of bins = 32, weight = 1, use gradient filter = 0)
  preprocessing:  winsorizing the image intensities
  Shrink factors (level 1 out of 4): [8, 8, 8]
  Shrink factors (level 2 out of 4): [4, 4, 4]
  Shrink factors (level 3 out of 4): [2, 2, 2]
  Shrink factors (level 4 out of 4): [1, 1, 1]
  smoothing sigmas per level: [3, 2, 1, 0]
  regular sampling (percentage = 0.25)

*** Running AffineTransform registration ***

DIAGNOSTIC,Iteration,metricValue,convergenceValue,ITERATION_TIME_INDEX,SINCE_LAST
 2DIAGNOSTIC,     1, -6.840921735591e-01, 1.797693134862e+308, 8.1301e-01, 8.1301e-01, 
 2DIAGNOSTIC,     2, -6.859909963567e-01, 1.797693134862e+308, 8.1948e-01, 6.4700e-03, 
 2DIAGNOSTIC,     3, -6.888179684079e-01, 1.797693134862e+308, 8.2512e-01, 5.6319e-03, 
 2DIAGNOSTIC,     4, -6.946341725446e-01, 1.797693134862e+308, 8.3054e-01, 5.4200e-03, 
 2DIAGNOSTIC,     5, -7.049768888641e-01, 1.797693134862e+308, 8.3598e-01, 5.4410e-03, 
 2DIAGNOSTIC,     6, -7.147302928994e-01, 1.797693134862e+308, 8.4245e-01, 6.4712e-03, 
 2DIAGNOSTIC,     7, -7.242211200100e-01, 1.797693134862e+308, 8.5561e-01, 1.3160e-02, 
 2DIAGNOSTIC,     8, -7.242262152371e-01, 1.797693134862e+308, 8.6105e-01, 5.4440e-03, 
 2DIAGNOSTIC,     9, -7.242610634361e-01, 1.797693134862e+308, 8.6657e-01, 5.5149e-03, 
 2DIAGNOSTIC,    10, -7.243187791402e-01, 4.583502966906e-03, 8.7242e-01, 5.8560e-03, 
 2DIAGNOSTIC,    11, -7.244143493680e-01, 3.678056903886e-03, 8.7873e-01, 6.3040e-03, 
 2DIAGNOSTIC,    12, -7.245516464379e-01, 2.664220842683e-03, 8.8434e-01, 5.6159e-03, 
 2DIAGNOSTIC,    13, -7.246823743566e-01, 1.662738554909e-03, 8.9072e-01, 6.3748e-03, 
 2DIAGNOSTIC,    14, -7.249475725172e-01, 8.289060189963e-04, 8.9642e-01, 5.7070e-03, 
 2DIAGNOSTIC,    15, -7.255090293863e-01, 3.180084684681e-04, 9.0222e-01, 5.7919e-03, 
 2DIAGNOSTIC,    16, -7.265122252293e-01, 1.037023650185e-04, 9.0800e-01, 5.7790e-03, 
 2DIAGNOSTIC,    17, -7.275382598410e-01, 1.512694017774e-04, 9.1378e-01, 5.7809e-03, 
 2DIAGNOSTIC,    18, -7.294746876247e-01, 2.222626906969e-04, 9.2035e-01, 6.5689e-03, 
 2DIAGNOSTIC,    19, -7.312876533034e-01, 3.031192808990e-04, 9.3125e-01, 1.0904e-02, 
 2DIAGNOSTIC,    20, -7.316225305667e-01, 3.550266036065e-04, 9.3702e-01, 5.7671e-03, 
 2DIAGNOSTIC,    21, -7.323265445067e-01, 3.844944444558e-04, 9.4280e-01, 5.7850e-03, 
 2DIAGNOSTIC,    22, -7.333217946033e-01, 3.957347004478e-04, 9.4846e-01, 5.6601e-03, 
 2DIAGNOSTIC,    23, -7.339284847167e-01, 3.810527429043e-04, 9.5429e-01, 5.8250e-03, 
 2DIAGNOSTIC,    24, -7.348295611410e-01, 3.508971620428e-04, 9.6044e-01, 6.1560e-03, 
 2DIAGNOSTIC,    25, -7.366448594113e-01, 3.278446816371e-04, 9.6666e-01, 6.2170e-03, 
 2DIAGNOSTIC,    26, -7.371499088903e-01, 2.984004852511e-04, 9.7434e-01, 7.6809e-03, 
 2DIAGNOSTIC,    27, -7.377926557419e-01, 2.671421350625e-04, 9.8546e-01, 1.1124e-02, 
 2DIAGNOSTIC,    28, -7.378145739577e-01, 2.401065439048e-04, 9.9155e-01, 6.0890e-03, 
 2DIAGNOSTIC,    29, -7.378891725538e-01, 2.180983944972e-04, 9.9777e-01, 6.2129e-03, 
 2DIAGNOSTIC,    30, -7.380101564099e-01, 1.827189409387e-04, 1.0039e+00, 6.1460e-03, 
 2DIAGNOSTIC,    31, -7.381520408655e-01, 1.428618866778e-04, 1.0102e+00, 6.2830e-03, 
 2DIAGNOSTIC,    32, -7.382867253008e-01, 1.060778145903e-04, 1.0164e+00, 6.1760e-03, 
 2DIAGNOSTIC,    33, -7.383001673110e-01, 6.898726010268e-05, 1.0225e+00, 6.0990e-03, 
 2DIAGNOSTIC,    34, -7.384141507192e-01, 3.897809081551e-05, 1.0293e+00, 6.8772e-03, 
 2DIAGNOSTIC,    35, -7.383193563886e-01, 2.624707409239e-05, 1.0375e+00, 8.1091e-03, 
 2DIAGNOSTIC,    36, -7.382941500121e-01, 1.687361828752e-05, 1.0454e+00, 7.9632e-03, 
 2DIAGNOSTIC,    37, -7.382044234468e-01, 1.235420177630e-05, 1.0515e+00, 6.0642e-03, 
 2DIAGNOSTIC,    38, -7.382151162324e-01, 7.331531707084e-06, 1.0584e+00, 6.9141e-03, 
 2DIAGNOSTIC,    39, -7.381259352801e-01, 1.777063030117e-06, 1.0645e+00, 6.0780e-03, 
DIAGNOSTIC,Iteration,metricValue,convergenceValue,ITERATION_TIME_INDEX,SINCE_LAST
 2DIAGNOSTIC,     1, -5.941028877887e-01, 1.797693134862e+308, 1.9119e+00, 8.4743e-01, 
 2DIAGNOSTIC,     2, -5.946069152733e-01, 1.797693134862e+308, 1.9586e+00, 4.6674e-02, 
 2DIAGNOSTIC,     3, -5.951423010357e-01, 1.797693134862e+308, 2.0039e+00, 4.5335e-02, 
 2DIAGNOSTIC,     4, -5.956359442373e-01, 1.797693134862e+308, 2.0491e+00, 4.5173e-02, 
 2DIAGNOSTIC,     5, -5.960945913978e-01, 1.797693134862e+308, 2.0987e+00, 4.9662e-02, 
 2DIAGNOSTIC,     6, -5.961306250530e-01, 1.797693134862e+308, 2.1483e+00, 4.9577e-02, 
 2DIAGNOSTIC,     7, -5.962114100315e-01, 1.797693134862e+308, 2.1928e+00, 4.4488e-02, 
 2DIAGNOSTIC,     8, -5.967729087085e-01, 1.797693134862e+308, 2.2459e+00, 5.3087e-02, 
 2DIAGNOSTIC,     9, -5.976396690794e-01, 1.797693134862e+308, 2.2863e+00, 4.0368e-02, 
 2DIAGNOSTIC,    10, -5.993989118372e-01, 4.496236702215e-04, 2.3247e+00, 3.8482e-02, 
 2DIAGNOSTIC,    11, -6.035313900506e-01, 6.253857422127e-04, 2.3930e+00, 6.8235e-02, 
 2DIAGNOSTIC,    12, -6.037978319348e-01, 7.428049480559e-04, 2.4463e+00, 5.3329e-02, 
 2DIAGNOSTIC,    13, -6.038182058143e-01, 7.973470896534e-04, 2.5110e+00, 6.4685e-02, 
 2DIAGNOSTIC,    14, -6.037926578216e-01, 7.889586562784e-04, 2.5711e+00, 6.0057e-02, 
 2DIAGNOSTIC,    15, -6.037989983107e-01, 7.235603769718e-04, 2.6374e+00, 6.6337e-02, 
 2DIAGNOSTIC,    16, -6.037977257939e-01, 5.995667233277e-04, 2.7017e+00, 6.4345e-02, 
 2DIAGNOSTIC,    17, -6.037964247325e-01, 4.375741050956e-04, 2.7598e+00, 5.8072e-02, 
 2DIAGNOSTIC,    18, -6.037828684227e-01, 2.695558694159e-04, 2.8078e+00, 4.7986e-02, 
 2DIAGNOSTIC,    19, -6.037773276166e-01, 1.161262022560e-04, 2.8523e+00, 4.4501e-02, 
 2DIAGNOSTIC,    20, -6.037744195382e-01, 6.381493101608e-06, 2.8930e+00, 4.0727e-02, 
DIAGNOSTIC,Iteration,metricValue,convergenceValue,ITERATION_TIME_INDEX,SINCE_LAST
 2DIAGNOSTIC,     1, -5.390886803731e-01, 1.797693134862e+308, 4.2059e+00, 1.3129e+00, 
 2DIAGNOSTIC,     2, -5.394801270345e-01, 1.797693134862e+308, 4.5709e+00, 3.6500e-01, 
 2DIAGNOSTIC,     3, -5.400561325159e-01, 1.797693134862e+308, 4.8971e+00, 3.2622e-01, 
