
##########################
# Experiment information #
##########################

EXPERIMENT_NAME: antsRegistration-r8-p10
VFC_BACKENDS: libinterflop_vprec.so --range-binary32=8 --precision-binary32=10 --range-binary64=8 --precision-binary64=10

SIF_IMG: /home/mdugre/projects/rrg-glatard/mdugre/containers/ants-vprec-no_metrics.simg

SUBJECT_ID: s017
INPUT_IMG: /home/mdugre/scratch/mri-registration-rp/datasets/ds004513/derivatives/mri-registration-rp/antsBrainExtraction/sub-s017/BrainExtractionBrain.nii.gz
OUTPUT_DIR: /home/mdugre/scratch/mri-registration-rp/datasets/ds004513/derivatives/mri-registration-rp/0001/antsRegistration-r8-p10/sub-s017

FIXED_IMG: /templateflow/tpl-MNI152NLin2009cAsym/tpl-MNI152NLin2009cAsym_res-01_desc-brain_T1w.nii.gz
DATA_DIR: /home/mdugre/scratch/mri-registration-rp/datasets/ds004513
TEMPLATEFLOW_DIR: /home/mdugre/projects/rrg-glatard/mdugre/templateflow
ITK_GLOBAL_DEFAULT_NUMBER_OF_THREADS: 16
##########################

Info [verificarlo]: loaded backend libinterflop_ieee.so
Info [interflop-ieee]: load backend with:
Info [interflop-ieee]: debug = false
Info [interflop-ieee]: debug-binary = false
Info [interflop-ieee]: no-backend-name = false
Info [interflop-ieee]: print-new-line = false
Info [interflop-ieee]: print-subnormal-normalized = false
Info [interflop-ieee]: count-op = false
All_Command_lines_OK
Using double precision for computations.
=============================================================================
The composite transform comprises the following transforms (in order): 
  1. Center of mass alignment using fixed image: /templateflow/tpl-MNI152NLin2009cAsym/tpl-MNI152NLin2009cAsym_res-01_desc-brain_T1w.nii.gz and moving image: /home/mdugre/scratch/mri-registration-rp/datasets/ds004513/derivatives/mri-registration-rp/antsBrainExtraction/sub-s017/BrainExtractionBrain.nii.gz (type = Euler3DTransform)
=============================================================================
  number of levels = 1
  fixed image: /templateflow/tpl-MNI152NLin2009cAsym/tpl-MNI152NLin2009cAsym_res-01_desc-brain_T1w.nii.gz
  moving image: /home/mdugre/scratch/mri-registration-rp/datasets/ds004513/derivatives/mri-registration-rp/antsBrainExtraction/sub-s017/BrainExtractionBrain.nii.gz
Dimension = 3
Number of stages = 1
Use histogram matching = false
Winsorize image intensities = true
  Lower quantile = 0.005
  Upper quantile = 0.995


Stage 1 State
   Image metric = MattesMI
     Fixed image = Image (0x45e4e70)
  RTTI typeinfo:   itk::Image<double, 3u>
  Reference Count: 2
  Modified Time: 2334
  Debug: Off
  Object Name: 
  Observers: 
    none
  Source: (none)
  Source output name: (none)
  Release Data: Off
  Data Released: False
  Global Release Data: Off
  PipelineMTime: 0
  UpdateMTime: 1943
  RealTimeStamp: 0 seconds 
  LargestPossibleRegion: 
    Dimension: 3
    Index: [0, 0, 0]
    Size: [193, 229, 193]
  BufferedRegion: 
    Dimension: 3
    Index: [0, 0, 0]
    Size: [193, 229, 193]
  RequestedRegion: 
    Dimension: 3
    Index: [0, 0, 0]
    Size: [193, 229, 193]
  Spacing: [1, 1, 1]
  Origin: [96, 132, -78]
  Direction: 
-1 0 0
0 -1 0
0 0 1

  IndexToPointMatrix: 
-1 0 0
0 -1 0
0 0 1

  PointToIndexMatrix: 
-1 0 0
0 -1 0
0 0 1

  Inverse Direction: 
-1 0 0
0 -1 0
0 0 1

  PixelContainer: 
    ImportImageContainer (0x45edc60)
      RTTI typeinfo:   itk::ImportImageContainer<unsigned long, double>
      Reference Count: 1
      Modified Time: 1940
      Debug: Off
      Object Name: 
      Observers: 
        none
      Pointer: 0x149217d29010
      Container manages memory: true
      Size: 8530021
      Capacity: 8530021

     Moving image = Image (0x45f0610)
  RTTI typeinfo:   itk::Image<double, 3u>
  Reference Count: 2
  Modified Time: 2335
  Debug: Off
  Object Name: 
  Observers: 
    none
  Source: (none)
  Source output name: (none)
  Release Data: Off
  Data Released: False
  Global Release Data: Off
  PipelineMTime: 0
  UpdateMTime: 2332
  RealTimeStamp: 0 seconds 
  LargestPossibleRegion: 
    Dimension: 3
    Index: [0, 0, 0]
    Size: [160, 240, 256]
  BufferedRegion: 
    Dimension: 3
    Index: [0, 0, 0]
    Size: [160, 240, 256]
  RequestedRegion: 
    Dimension: 3
    Index: [0, 0, 0]
    Size: [160, 240, 256]
  Spacing: [1, 1, 1]
  Origin: [91.3357, 102.231, -120.042]
  Direction: 
-0.997442 -5.36781e-05 -0.0714818
5.35416e-05 -1 3.82465e-06
-0.0714818 -1.23894e-08 0.997442

  IndexToPointMatrix: 
-0.997444 -5.36781e-05 -0.0714818
5.35418e-05 -1 3.82465e-06
-0.0714819 -1.23894e-08 0.997442

  PointToIndexMatrix: 
-0.99744 5.35415e-05 -0.0714816
-5.36781e-05 -1 -1.23894e-08
-0.0714818 3.82465e-06 0.997442

  Inverse Direction: 
-0.997442 5.35416e-05 -0.0714818
-5.36781e-05 -1 -1.23894e-08
-0.0714818 3.82465e-06 0.997442

  PixelContainer: 
    ImportImageContainer (0x4689ef0)
      RTTI typeinfo:   itk::ImportImageContainer<unsigned long, double>
      Reference Count: 1
      Modified Time: 2329
      Debug: Off
      Object Name: 
      Observers: 
        none
      Pointer: 0x149213228010
      Container manages memory: true
      Size: 9830400
      Capacity: 9830400

     Weighting = 1
     Sampling strategy = regular
     Number of bins = 32
     Radius = 4
     Sampling percentage  = 0.25
   Transform = Rigid
     Gradient step = 0.1
     Update field sigma (voxel space) = 0
     Total field sigma (voxel space) = 0
     Update field time sigma = 0
     Total field time sigma  = 0
     Number of time indices = 0
     Number of time point samples = 0
Registration using 1 total stages.

Stage 0
  iterations = 0
  convergence threshold = 1e-06
  convergence window size = 10
  number of levels = 1
  using the Mattes MI metric (number of bins = 32, weight = 1, use gradient filter = 0)
  preprocessing:  winsorizing the image intensities
  Shrink factors (level 1 out of 1): [1, 1, 1]
  smoothing sigmas per level: [0]
  regular sampling (percentage = 0.25)

*** Running Euler3DTransform registration ***

  Elapsed time (stage 0): 1.13262


Total elapsed time: 1.13482
Info [verificarlo]: loaded backend libinterflop_ieee.so
Info [interflop-ieee]: load backend with:
Info [interflop-ieee]: debug = false
Info [interflop-ieee]: debug-binary = false
Info [interflop-ieee]: no-backend-name = false
Info [interflop-ieee]: print-new-line = false
Info [interflop-ieee]: print-subnormal-normalized = false
Info [interflop-ieee]: count-op = false
All_Command_lines_OK
Using double precision for computations.
=============================================================================
The composite transform comprises the following transforms (in order): 
  1. /home/mdugre/scratch/mri-registration-rp/datasets/ds004513/derivatives/mri-registration-rp/0001/antsRegistration-r8-p10/sub-s017/align_Composite.h5[0] (type = Euler3DTransform)
  2. /home/mdugre/scratch/mri-registration-rp/datasets/ds004513/derivatives/mri-registration-rp/0001/antsRegistration-r8-p10/sub-s017/align_Composite.h5[1] (type = Euler3DTransform)
=============================================================================
  number of levels = 4
  fixed image: /templateflow/tpl-MNI152NLin2009cAsym/tpl-MNI152NLin2009cAsym_res-01_desc-brain_T1w.nii.gz
  moving image: /home/mdugre/scratch/mri-registration-rp/datasets/ds004513/derivatives/mri-registration-rp/antsBrainExtraction/sub-s017/BrainExtractionBrain.nii.gz
Dimension = 3
Number of stages = 1
Use histogram matching = false
Winsorize image intensities = true
  Lower quantile = 0.005
  Upper quantile = 0.995


Stage 1 State
   Image metric = MattesMI
     Fixed image = Image (0x439c530)
  RTTI typeinfo:   itk::Image<double, 3u>
  Reference Count: 2
  Modified Time: 1580
  Debug: Off
  Object Name: 
  Observers: 
    none
  Source: (none)
  Source output name: (none)
  Release Data: Off
  Data Released: False
  Global Release Data: Off
  PipelineMTime: 0
  UpdateMTime: 1189
  RealTimeStamp: 0 seconds 
  LargestPossibleRegion: 
    Dimension: 3
    Index: [0, 0, 0]
    Size: [193, 229, 193]
  BufferedRegion: 
    Dimension: 3
    Index: [0, 0, 0]
    Size: [193, 229, 193]
  RequestedRegion: 
    Dimension: 3
    Index: [0, 0, 0]
    Size: [193, 229, 193]
  Spacing: [1, 1, 1]
  Origin: [96, 132, -78]
  Direction: 
-1 0 0
0 -1 0
0 0 1

  IndexToPointMatrix: 
-1 0 0
0 -1 0
0 0 1

  PointToIndexMatrix: 
-1 0 0
0 -1 0
0 0 1

  Inverse Direction: 
-1 0 0
0 -1 0
0 0 1

  PixelContainer: 
    ImportImageContainer (0x445ad60)
      RTTI typeinfo:   itk::ImportImageContainer<unsigned long, double>
      Reference Count: 1
      Modified Time: 1186
      Debug: Off
      Object Name: 
      Observers: 
        none
      Pointer: 0x14e65b14f010
      Container manages memory: true
      Size: 8530021
      Capacity: 8530021

     Moving image = Image (0x444cf60)
  RTTI typeinfo:   itk::Image<double, 3u>
  Reference Count: 2
  Modified Time: 1581
  Debug: Off
  Object Name: 
  Observers: 
    none
  Source: (none)
  Source output name: (none)
  Release Data: Off
  Data Released: False
  Global Release Data: Off
  PipelineMTime: 0
  UpdateMTime: 1578
  RealTimeStamp: 0 seconds 
  LargestPossibleRegion: 
    Dimension: 3
    Index: [0, 0, 0]
    Size: [160, 240, 256]
  BufferedRegion: 
    Dimension: 3
    Index: [0, 0, 0]
    Size: [160, 240, 256]
  RequestedRegion: 
    Dimension: 3
    Index: [0, 0, 0]
    Size: [160, 240, 256]
  Spacing: [1, 1, 1]
  Origin: [91.3357, 102.231, -120.042]
  Direction: 
-0.997442 -5.36781e-05 -0.0714818
5.35416e-05 -1 3.82465e-06
-0.0714818 -1.23894e-08 0.997442

  IndexToPointMatrix: 
-0.997444 -5.36781e-05 -0.0714818
5.35418e-05 -1 3.82465e-06
-0.0714819 -1.23894e-08 0.997442

  PointToIndexMatrix: 
-0.99744 5.35415e-05 -0.0714816
-5.36781e-05 -1 -1.23894e-08
-0.0714818 3.82465e-06 0.997442

  Inverse Direction: 
-0.997442 5.35416e-05 -0.0714818
-5.36781e-05 -1 -1.23894e-08
-0.0714818 3.82465e-06 0.997442

  PixelContainer: 
    ImportImageContainer (0x443e6d0)
      RTTI typeinfo:   itk::ImportImageContainer<unsigned long, double>
      Reference Count: 1
      Modified Time: 1575
      Debug: Off
      Object Name: 
      Observers: 
        none
      Pointer: 0x14e65664e010
      Container manages memory: true
      Size: 9830400
      Capacity: 9830400

     Weighting = 1
     Sampling strategy = regular
     Number of bins = 32
     Radius = 4
     Sampling percentage  = 0.25
   Transform = Rigid
     Gradient step = 0.1
     Update field sigma (voxel space) = 0
     Total field sigma (voxel space) = 0
     Update field time sigma = 0
     Total field time sigma  = 0
     Number of time indices = 0
     Number of time point samples = 0
Registration using 1 total stages.

Stage 0
  iterations = 1000x500x250x100
  convergence threshold = 1e-06
  convergence window size = 10
  number of levels = 4
  using the Mattes MI metric (number of bins = 32, weight = 1, use gradient filter = 0)
  preprocessing:  winsorizing the image intensities
  Shrink factors (level 1 out of 4): [8, 8, 8]
  Shrink factors (level 2 out of 4): [4, 4, 4]
  Shrink factors (level 3 out of 4): [2, 2, 2]
  Shrink factors (level 4 out of 4): [1, 1, 1]
  smoothing sigmas per level: [3, 2, 1, 0]
  regular sampling (percentage = 0.25)

*** Running Euler3DTransform registration ***

DIAGNOSTIC,Iteration,metricValue,convergenceValue,ITERATION_TIME_INDEX,SINCE_LAST
 2DIAGNOSTIC,     1, -5.567767283252e-01, 1.797693134862e+308, 8.5374e-01, 8.5374e-01, 
 2DIAGNOSTIC,     2, -5.584239703569e-01, 1.797693134862e+308, 8.5873e-01, 4.9870e-03, 
 2DIAGNOSTIC,     3, -5.612715515272e-01, 1.797693134862e+308, 8.6362e-01, 4.8909e-03, 
 2DIAGNOSTIC,     4, -5.637780194106e-01, 1.797693134862e+308, 8.6868e-01, 5.0609e-03, 
 2DIAGNOSTIC,     5, -5.658229214212e-01, 1.797693134862e+308, 8.7309e-01, 4.4050e-03, 
 2DIAGNOSTIC,     6, -5.696445468689e-01, 1.797693134862e+308, 8.7769e-01, 4.6041e-03, 
 2DIAGNOSTIC,     7, -5.734118275242e-01, 1.797693134862e+308, 8.8346e-01, 5.7671e-03, 
 2DIAGNOSTIC,     8, -5.754533484979e-01, 1.797693134862e+308, 8.9030e-01, 6.8421e-03, 
 2DIAGNOSTIC,     9, -5.763021950250e-01, 1.797693134862e+308, 8.9448e-01, 4.1761e-03, 
 2DIAGNOSTIC,    10, -5.771142770255e-01, 2.558085388189e-03, 9.0011e-01, 5.6319e-03, 
 2DIAGNOSTIC,    11, -5.785125587612e-01, 2.176117873031e-03, 9.0452e-01, 4.4110e-03, 
 2DIAGNOSTIC,    12, -5.799413348090e-01, 1.786767970983e-03, 9.0944e-01, 4.9241e-03, 
 2DIAGNOSTIC,    13, -5.809477908980e-01, 1.443124036835e-03, 9.1434e-01, 4.8981e-03, 
 2DIAGNOSTIC,    14, -5.814655964876e-01, 1.127354078216e-03, 9.1873e-01, 4.3941e-03, 
 2DIAGNOSTIC,    15, -5.819093877219e-01, 8.331089413526e-04, 9.2367e-01, 4.9310e-03, 
 2DIAGNOSTIC,    16, -5.822326442998e-01, 6.258215683232e-04, 9.2855e-01, 4.8862e-03, 
 2DIAGNOSTIC,    17, -5.825793599843e-01, 5.040365830238e-04, 9.3346e-01, 4.9131e-03, 
 2DIAGNOSTIC,    18, -5.863713925916e-01, 5.095725576649e-04, 9.3834e-01, 4.8780e-03, 
 2DIAGNOSTIC,    19, -5.901617810168e-01, 5.855607354917e-04, 9.4627e-01, 7.9310e-03, 
 2DIAGNOSTIC,    20, -5.906016223816e-01, 6.286272500323e-04, 9.5173e-01, 5.4519e-03, 
 2DIAGNOSTIC,    21, -5.907365705867e-01, 6.467002963854e-04, 9.5665e-01, 4.9291e-03, 
 2DIAGNOSTIC,    22, -5.906256574995e-01, 6.330265936399e-04, 9.6153e-01, 4.8718e-03, 
 2DIAGNOSTIC,    23, -5.906307681711e-01, 5.816453055197e-04, 9.6613e-01, 4.6048e-03, 
 2DIAGNOSTIC,    24, -5.905636622010e-01, 4.878472529240e-04, 9.7043e-01, 4.2989e-03, 
 2DIAGNOSTIC,    25, -5.906024985370e-01, 3.662279783974e-04, 9.7523e-01, 4.8032e-03, 
 2DIAGNOSTIC,    26, -5.906025304325e-01, 2.276984665084e-04, 9.7958e-01, 4.3471e-03, 
 2DIAGNOSTIC,    27, -5.906211320574e-01, 8.394584288825e-05, 9.8393e-01, 4.3509e-03, 
 2DIAGNOSTIC,    28, -5.908796758314e-01, 1.198925031224e-05, 9.8827e-01, 4.3352e-03, 
 2DIAGNOSTIC,    29, -5.911411552396e-01, 1.217108543277e-05, 9.9312e-01, 4.8571e-03, 
 2DIAGNOSTIC,    30, -5.915241330962e-01, 2.456301684492e-05, 9.9957e-01, 6.4418e-03, 
 2DIAGNOSTIC,    31, -5.916229825992e-01, 3.758205306129e-05, 1.0038e+00, 4.2779e-03, 
 2DIAGNOSTIC,    32, -5.916651208816e-01, 4.532975448957e-05, 1.0082e+00, 4.3700e-03, 
 2DIAGNOSTIC,    33, -5.916874987632e-01, 4.885284294391e-05, 1.0126e+00, 4.3800e-03, 
 2DIAGNOSTIC,    34, -5.917053822200e-01, 4.682712858527e-05, 1.0174e+00, 4.8201e-03, 
 2DIAGNOSTIC,    35, -5.917390904868e-01, 4.153275817154e-05, 1.0289e+00, 1.1517e-02, 
 2DIAGNOSTIC,    36, -5.917390912695e-01, 3.272086429266e-05, 1.0335e+00, 4.5700e-03, 
 2DIAGNOSTIC,    37, -5.917391070342e-01, 2.163060314748e-05, 1.0385e+00, 4.9529e-03, 
 2DIAGNOSTIC,    38, -5.917391330930e-01, 1.245673595309e-05, 1.0435e+00, 5.0070e-03, 
 2DIAGNOSTIC,    39, -5.917391754735e-01, 5.801896390177e-06, 1.0482e+00, 4.7801e-03, 
 2DIAGNOSTIC,    40, -5.917392424312e-01, 3.643428653152e-06, 1.0532e+00, 4.9520e-03, 
 2DIAGNOSTIC,    41, -5.917393428829e-01, 2.487109299738e-06, 1.0581e+00, 4.8850e-03, 
 2DIAGNOSTIC,    42, -5.917394845335e-01, 1.715730318135e-06, 1.0629e+00, 4.8511e-03, 
 2DIAGNOSTIC,    43, -5.917396625587e-01, 1.144189315159e-06, 1.0678e+00, 4.8800e-03, 
DIAGNOSTIC,Iteration,metricValue,convergenceValue,ITERATION_TIME_INDEX,SINCE_LAST
 2DIAGNOSTIC,     1, -4.784004501425e-01, 1.797693134862e+308, 1.8701e+00, 8.0224e-01, 
 2DIAGNOSTIC,     2, -4.783999131494e-01, 1.797693134862e+308, 1.9029e+00, 3.2811e-02, 
 2DIAGNOSTIC,     3, -4.784190365431e-01, 1.797693134862e+308, 1.9396e+00, 3.6694e-02, 
 2DIAGNOSTIC,     4, -4.785028756517e-01, 1.797693134862e+308, 1.9687e+00, 2.9108e-02, 
 2DIAGNOSTIC,     5, -4.786647485437e-01, 1.797693134862e+308, 2.0031e+00, 3.4410e-02, 
 2DIAGNOSTIC,     6, -4.788099932966e-01, 1.797693134862e+308, 2.0327e+00, 2.9667e-02, 
 2DIAGNOSTIC,     7, -4.794645847224e-01, 1.797693134862e+308, 2.0632e+00, 3.0416e-02, 
 2DIAGNOSTIC,     8, -4.813619171758e-01, 1.797693134862e+308, 2.1046e+00, 4.1435e-02, 
 2DIAGNOSTIC,     9, -4.817935635330e-01, 1.797693134862e+308, 2.1384e+00, 3.3799e-02, 
 2DIAGNOSTIC,    10, -4.822647496883e-01, 5.583367503610e-04, 2.1681e+00, 2.9704e-02, 
 2DIAGNOSTIC,    11, -4.831344909909e-01, 6.366384573674e-04, 2.2018e+00, 3.3723e-02, 
 2DIAGNOSTIC,    12, -4.835768992601e-01, 6.653898034908e-04, 2.2511e+00, 4.9313e-02, 
 2DIAGNOSTIC,    13, -4.835677565329e-01, 6.290342969223e-04, 2.2876e+00, 3.6460e-02, 
 2DIAGNOSTIC,    14, -4.835733047846e-01, 5.452729208222e-04, 2.3284e+00, 4.0838e-02, 
 2DIAGNOSTIC,    15, -4.835701547257e-01, 4.305772096468e-04, 2.3635e+00, 3.5082e-02, 
 2DIAGNOSTIC,    16, -4.835566913011e-01, 2.956272804625e-04, 2.3965e+00, 3.2996e-02, 
 2DIAGNOSTIC,    17, -4.835523104092e-01, 1.703980275709e-04, 2.4255e+00, 2.9042e-02, 
 2DIAGNOSTIC,    18, -4.835483887836e-01, 1.058854946468e-04, 2.4534e+00, 2.7860e-02, 
 2DIAGNOSTIC,    19, -4.835469915474e-01, 5.203914178473e-05, 2.4822e+00, 2.8762e-02, 
 2DIAGNOSTIC,    20, -4.835401827380e-01, 1.204163301452e-05, 2.5171e+00, 3.4895e-02, 
DIAGNOSTIC,Iteration,metricValue,convergenceValue,ITERATION_TIME_INDEX,SINCE_LAST
 2DIAGNOSTIC,     1, -4.161561167869e-01, 1.797693134862e+308, 3.6160e+00, 1.0989e+00, 
 2DIAGNOSTIC,     2, -4.161756893439e-01, 1.797693134862e+308, 3.9446e+00, 3.2865e-01, 
 2DIAGNOSTIC,     3, -4.161696114509e-01, 1.797693134862e+308, 4.2138e+00, 2.6919e-01, 
 2DIAGNOSTIC,     4, -4.161681503553e-01, 1.797693134862e+308, 4.5824e+00, 3.6859e-01, 
 2DIAGNOSTIC,     5, -4.161678896603e-01, 1.797693134862e+308, 4.8415e+00, 2.5910e-01, 
 2DIAGNOSTIC,     6, -4.161669123585e-01, 1.797693134862e+308, 5.0961e+00, 2.5460e-01, 
 2DIAGNOSTIC,     7, -4.161667485643e-01, 1.797693134862e+308, 5.4167e+00, 3.2060e-01, 
 2DIAGNOSTIC,     8, -4.161656816016e-01, 1.797693134862e+308, 5.6506e+00, 2.3388e-01, 
 2DIAGNOSTIC,     9, -4.161650043538e-01, 1.797693134862e+308, 5.9022e+00, 2.5164e-01, 
 2DIAGNOSTIC,    10, -4.161655463814e-01, 2.943366639849e-06, 6.1928e+00, 2.9055e-01, 
 2DIAGNOSTIC,    11, -4.161636420995e-01, 1.720591499763e-06, 6.4423e+00, 2.4952e-01, 
 2DIAGNOSTIC,    12, -4.161624970809e-01, 1.867462473215e-06, 6.6947e+00, 2.5243e-01, 
 2DIAGNOSTIC,    13, -4.161615819745e-01, 1.698398059247e-06, 6.9516e+00, 2.5689e-01, 
 2DIAGNOSTIC,    14, -4.161624603296e-01, 1.592444846293e-06, 7.2159e+00, 2.6428e-01, 
 2DIAGNOSTIC,    15, -4.161620529815e-01, 1.530180437900e-06, 7.4944e+00, 2.7851e-01, 
 2DIAGNOSTIC,    16, -4.161603835107e-01, 1.417836919912e-06, 7.7299e+00, 2.3553e-01, 
 2DIAGNOSTIC,    17, -4.161625251482e-01, 1.455414121422e-06, 7.9906e+00, 2.6069e-01, 
 2DIAGNOSTIC,    18, -4.161617349626e-01, 1.453854865149e-06, 8.2214e+00, 2.3081e-01, 
 2DIAGNOSTIC,    19, -4.161656140595e-01, 1.594928505870e-06, 8.4725e+00, 2.5109e-01, 
 2DIAGNOSTIC,    20, -4.161678254532e-01, 1.821576329837e-06, 8.8250e+00, 3.5245e-01, 
 2DIAGNOSTIC,    21, -4.161672172261e-01, 1.924327027579e-06, 9.0876e+00, 2.6262e-01, 
 2DIAGNOSTIC,    22, -4.161665846125e-01, 1.927748312369e-06, 9.3111e+00, 2.2358e-01, 
 2DIAGNOSTIC,    23, -4.161660793967e-01, 1.843028036137e-06, 9.5634e+00, 2.5220e-01, 
 2DIAGNOSTIC,    24, -4.161655365534e-01, 1.730448868947e-06, 9.7921e+00, 2.2876e-01, 
 2DIAGNOSTIC,    25, -4.161651834948e-01, 1.568353734355e-06, 1.0019e+01, 2.2657e-01, 
 2DIAGNOSTIC,    26, -4.161660037666e-01, 1.368374529624e-06, 1.0284e+01, 2.6574e-01, 
 2DIAGNOSTIC,    27, -4.161651045497e-01, 1.203105049613e-06, 1.0509e+01, 2.2453e-01, 
 2DIAGNOSTIC,    28, -4.161679884898e-01, 1.097088639060e-06, 1.0732e+01, 2.2302e-01, 
 2DIAGNOSTIC,    29, -4.161710849648e-01, 1.162831214249e-06, 1.0983e+01, 2.5096e-01, 
 2DIAGNOSTIC,    30, -4.161703640306e-01, 1.250475688282e-06, 1.1235e+01, 2.5234e-01, 
 2DIAGNOSTIC,    31, -4.161708142911e-01, 1.313167805453e-06, 1.1502e+01, 2.6688e-01, 
 2DIAGNOSTIC,    32, -4.161710089265e-01, 1.336085264446e-06, 1.1724e+01, 2.2205e-01, 
 2DIAGNOSTIC,    33, -4.161749613449e-01, 1.395595230054e-06, 1.2004e+01, 2.7979e-01, 
 2DIAGNOSTIC,    34, -4.161777487506e-01, 1.452526299555e-06, 1.2238e+01, 2.3375e-01, 
 2DIAGNOSTIC,    35, -4.161792220179e-01, 1.478601722251e-06, 1.2499e+01, 2.6108e-01, 
 2DIAGNOSTIC,    36, -4.161806859650e-01, 1.495439433549e-06, 1.2763e+01, 2.6445e-01, 
 2DIAGNOSTIC,    37, -4.161791778427e-01, 1.407680687932e-06, 1.2981e+01, 2.1822e-01, 
 2DIAGNOSTIC,    38, -4.161838486868e-01, 1.406626897189e-06, 1.3271e+01, 2.9000e-01, 
 2DIAGNOSTIC,    39, -4.161849953102e-01, 1.422742202998e-06, 1.3561e+01, 2.8949e-01, 
 2DIAGNOSTIC,    40, -4.161860914893e-01, 1.386764661007e-06, 1.3932e+01, 3.7081e-01, 
 2DIAGNOSTIC,    41, -4.161854987579e-01, 1.295749600588e-06, 1.4181e+01, 2.4919e-01, 
 2DIAGNOSTIC,    42, -4.161840259990e-01, 1.138573359996e-06, 1.4426e+01, 2.4532e-01, 
 2DIAGNOSTIC,    43, -4.161834049862e-01, 1.004201845435e-06, 1.4649e+01, 2.2265e-01, 
DIAGNOSTIC,Iteration,metricValue,convergenceValue,ITERATION_TIME_INDEX,SINCE_LAST
 2DIAGNOSTIC,     1, -3.834265912362e-01, 1.797693134862e+308, 1.7220e+01, 2.5706e+00, 
 2DIAGNOSTIC,     2, -3.834925053372e-01, 1.797693134862e+308, 1.8800e+01, 1.5805e+00, 
 2DIAGNOSTIC,     3, -3.834978116498e-01, 1.797693134862e+308, 2.0321e+01, 1.5212e+00, 
 2DIAGNOSTIC,     4, -3.835004127743e-01, 1.797693134862e+308, 2.1861e+01, 1.5397e+00, 
 2DIAGNOSTIC,     5, -3.835019582518e-01, 1.797693134862e+308, 2.3399e+01, 1.5378e+00, 
 2DIAGNOSTIC,     6, -3.835049957425e-01, 1.797693134862e+308, 2.5135e+01, 1.7362e+00, 
 2DIAGNOSTIC,     7, -3.835058343724e-01, 1.797693134862e+308, 2.6927e+01, 1.7917e+00, 
 2DIAGNOSTIC,     8, -3.835066498257e-01, 1.797693134862e+308, 2.8845e+01, 1.9182e+00, 
 2DIAGNOSTIC,     9, -3.835062955324e-01, 1.797693134862e+308, 3.0593e+01, 1.7479e+00, 
 2DIAGNOSTIC,    10, -3.835063108998e-01, 1.066660710580e-05, 3.2330e+01, 1.7371e+00, 
 2DIAGNOSTIC,    11, -3.835061571793e-01, 4.747040448783e-06, 3.4581e+01, 2.2510e+00, 
 2DIAGNOSTIC,    12, -3.835060832651e-01, 3.706200447859e-06, 3.5988e+01, 1.4076e+00, 
 2DIAGNOSTIC,    13, -3.835060190723e-01, 3.027825994290e-06, 3.7535e+01, 1.5467e+00, 
 2DIAGNOSTIC,    14, -3.835058638480e-01, 2.523467013515e-06, 3.9082e+01, 1.5465e+00, 
 2DIAGNOSTIC,    15, -3.835058006965e-01, 2.133709235838e-06, 4.0665e+01, 1.5839e+00, 
 2DIAGNOSTIC,    16, -3.835056463973e-01, 1.924177714330e-06, 4.2534e+01, 1.8687e+00, 
 2DIAGNOSTIC,    17, -3.835054775130e-01, 1.773328554971e-06, 4.4140e+01, 1.6063e+00, 
 2DIAGNOSTIC,    18, -3.835053086123e-01, 1.675385375592e-06, 4.5540e+01, 1.3995e+00, 
 2DIAGNOSTIC,    19, -3.835051448146e-01, 1.576051816214e-06, 4.7112e+01, 1.5718e+00, 
 2DIAGNOSTIC,    20, -3.835051658768e-01, 1.497295072601e-06, 4.8598e+01, 1.4867e+00, 
 2DIAGNOSTIC,    21, -3.835053779577e-01, 1.436675312508e-06, 5.0120e+01, 1.5221e+00, 
 2DIAGNOSTIC,    22, -3.835055901416e-01, 1.393331720424e-06, 5.1672e+01, 1.5515e+00, 
 2DIAGNOSTIC,    23, -3.835055251007e-01, 1.354581541907e-06, 5.3194e+01, 1.5223e+00, 
 2DIAGNOSTIC,    24, -3.835054518286e-01, 1.314933130207e-06, 5.4824e+01, 1.6300e+00, 
 2DIAGNOSTIC,    25, -3.835053813427e-01, 1.275595340695e-06, 5.6493e+01, 1.6690e+00, 
 2DIAGNOSTIC,    26, -3.835053141621e-01, 1.232550094481e-06, 5.7929e+01, 1.4361e+00, 
 2DIAGNOSTIC,    27, -3.835053494679e-01, 1.188143192610e-06, 5.9314e+01, 1.3850e+00, 
 2DIAGNOSTIC,    28, -3.835054089357e-01, 1.143229098159e-06, 6.0907e+01, 1.5930e+00, 
 2DIAGNOSTIC,    29, -3.835055814682e-01, 1.101082727634e-06, 6.2408e+01, 1.5008e+00, 
 2DIAGNOSTIC,    30, -3.835053714645e-01, 1.056523025754e-06, 6.4621e+01, 2.2128e+00, 
 2DIAGNOSTIC,    31, -3.835053052292e-01, 1.018740039264e-06, 6.6209e+01, 1.5881e+00, 
  Elapsed time (stage 0): 6.7039e+01


Total elapsed time: 6.7042e+01
Info [verificarlo]: loaded backend libinterflop_ieee.so
Info [interflop-ieee]: load backend with:
Info [interflop-ieee]: debug = false
Info [interflop-ieee]: debug-binary = false
Info [interflop-ieee]: no-backend-name = false
Info [interflop-ieee]: print-new-line = false
Info [interflop-ieee]: print-subnormal-normalized = false
Info [interflop-ieee]: count-op = false
All_Command_lines_OK
Using double precision for computations.
=============================================================================
The composite transform comprises the following transforms (in order): 
  1. /home/mdugre/scratch/mri-registration-rp/datasets/ds004513/derivatives/mri-registration-rp/0001/antsRegistration-r8-p10/sub-s017/rigid_Composite.h5[0] (type = Euler3DTransform)
  2. /home/mdugre/scratch/mri-registration-rp/datasets/ds004513/derivatives/mri-registration-rp/0001/antsRegistration-r8-p10/sub-s017/rigid_Composite.h5[1] (type = Euler3DTransform)
  3. /home/mdugre/scratch/mri-registration-rp/datasets/ds004513/derivatives/mri-registration-rp/0001/antsRegistration-r8-p10/sub-s017/rigid_Composite.h5[2] (type = Euler3DTransform)
=============================================================================
  number of levels = 4
  fixed image: /templateflow/tpl-MNI152NLin2009cAsym/tpl-MNI152NLin2009cAsym_res-01_desc-brain_T1w.nii.gz
  moving image: /home/mdugre/scratch/mri-registration-rp/datasets/ds004513/derivatives/mri-registration-rp/antsBrainExtraction/sub-s017/BrainExtractionBrain.nii.gz
Dimension = 3
Number of stages = 1
Use histogram matching = false
Winsorize image intensities = true
  Lower quantile = 0.005
  Upper quantile = 0.995


Stage 1 State
   Image metric = MattesMI
     Fixed image = Image (0x51877e0)
  RTTI typeinfo:   itk::Image<double, 3u>
  Reference Count: 2
  Modified Time: 1594
  Debug: Off
  Object Name: 
  Observers: 
    none
  Source: (none)
  Source output name: (none)
  Release Data: Off
  Data Released: False
  Global Release Data: Off
  PipelineMTime: 0
  UpdateMTime: 1203
  RealTimeStamp: 0 seconds 
  LargestPossibleRegion: 
    Dimension: 3
    Index: [0, 0, 0]
    Size: [193, 229, 193]
  BufferedRegion: 
    Dimension: 3
    Index: [0, 0, 0]
    Size: [193, 229, 193]
  RequestedRegion: 
    Dimension: 3
    Index: [0, 0, 0]
    Size: [193, 229, 193]
  Spacing: [1, 1, 1]
  Origin: [96, 132, -78]
  Direction: 
-1 0 0
0 -1 0
0 0 1

  IndexToPointMatrix: 
-1 0 0
0 -1 0
0 0 1

  PointToIndexMatrix: 
-1 0 0
0 -1 0
0 0 1

  Inverse Direction: 
-1 0 0
0 -1 0
0 0 1

  PixelContainer: 
    ImportImageContainer (0x5247a20)
      RTTI typeinfo:   itk::ImportImageContainer<unsigned long, double>
      Reference Count: 1
      Modified Time: 1200
      Debug: Off
      Object Name: 
      Observers: 
        none
      Pointer: 0x149a945ba010
      Container manages memory: true
      Size: 8530021
      Capacity: 8530021

     Moving image = Image (0x5242d70)
  RTTI typeinfo:   itk::Image<double, 3u>
  Reference Count: 2
  Modified Time: 1595
  Debug: Off
  Object Name: 
  Observers: 
    none
  Source: (none)
  Source output name: (none)
  Release Data: Off
  Data Released: False
  Global Release Data: Off
  PipelineMTime: 0
  UpdateMTime: 1592
  RealTimeStamp: 0 seconds 
  LargestPossibleRegion: 
    Dimension: 3
    Index: [0, 0, 0]
    Size: [160, 240, 256]
  BufferedRegion: 
    Dimension: 3
    Index: [0, 0, 0]
    Size: [160, 240, 256]
  RequestedRegion: 
    Dimension: 3
    Index: [0, 0, 0]
    Size: [160, 240, 256]
  Spacing: [1, 1, 1]
  Origin: [91.3357, 102.231, -120.042]
  Direction: 
-0.997442 -5.36781e-05 -0.0714818
5.35416e-05 -1 3.82465e-06
-0.0714818 -1.23894e-08 0.997442

  IndexToPointMatrix: 
-0.997444 -5.36781e-05 -0.0714818
5.35418e-05 -1 3.82465e-06
-0.0714819 -1.23894e-08 0.997442

  PointToIndexMatrix: 
-0.99744 5.35415e-05 -0.0714816
-5.36781e-05 -1 -1.23894e-08
-0.0714818 3.82465e-06 0.997442

  Inverse Direction: 
-0.997442 5.35416e-05 -0.0714818
-5.36781e-05 -1 -1.23894e-08
-0.0714818 3.82465e-06 0.997442

  PixelContainer: 
    ImportImageContainer (0x51fac90)
      RTTI typeinfo:   itk::ImportImageContainer<unsigned long, double>
      Reference Count: 1
      Modified Time: 1589
      Debug: Off
      Object Name: 
      Observers: 
        none
      Pointer: 0x149a8fab9010
      Container manages memory: true
      Size: 9830400
      Capacity: 9830400

     Weighting = 1
     Sampling strategy = regular
     Number of bins = 32
     Radius = 4
     Sampling percentage  = 0.25
   Transform = Affine
     Gradient step = 0.1
     Update field sigma (voxel space) = 0
     Total field sigma (voxel space) = 0
     Update field time sigma = 0
     Total field time sigma  = 0
     Number of time indices = 0
     Number of time point samples = 0
Registration using 1 total stages.

Stage 0
  iterations = 1000x500x250x100
  convergence threshold = 1e-06
  convergence window size = 10
  number of levels = 4
  using the Mattes MI metric (number of bins = 32, weight = 1, use gradient filter = 0)
  preprocessing:  winsorizing the image intensities
  Shrink factors (level 1 out of 4): [8, 8, 8]
  Shrink factors (level 2 out of 4): [4, 4, 4]
  Shrink factors (level 3 out of 4): [2, 2, 2]
  Shrink factors (level 4 out of 4): [1, 1, 1]
  smoothing sigmas per level: [3, 2, 1, 0]
  regular sampling (percentage = 0.25)

*** Running AffineTransform registration ***

DIAGNOSTIC,Iteration,metricValue,convergenceValue,ITERATION_TIME_INDEX,SINCE_LAST
 2DIAGNOSTIC,     1, -5.806290998393e-01, 1.797693134862e+308, 7.4836e-01, 7.4836e-01, 
 2DIAGNOSTIC,     2, -5.832407507893e-01, 1.797693134862e+308, 7.5338e-01, 5.0209e-03, 
 2DIAGNOSTIC,     3, -5.883921006268e-01, 1.797693134862e+308, 7.5863e-01, 5.2512e-03, 
 2DIAGNOSTIC,     4, -5.973582021141e-01, 1.797693134862e+308, 7.6396e-01, 5.3329e-03, 
 2DIAGNOSTIC,     5, -6.166279651046e-01, 1.797693134862e+308, 7.6873e-01, 4.7648e-03, 
 2DIAGNOSTIC,     6, -6.406440243776e-01, 1.797693134862e+308, 7.7374e-01, 5.0139e-03, 
 2DIAGNOSTIC,     7, -7.009864253223e-01, 1.797693134862e+308, 7.7889e-01, 5.1460e-03, 
 2DIAGNOSTIC,     8, -7.630482509838e-01, 1.797693134862e+308, 7.8421e-01, 5.3160e-03, 
 2DIAGNOSTIC,     9, -8.423469022905e-01, 1.797693134862e+308, 7.9189e-01, 7.6859e-03, 
 2DIAGNOSTIC,    10, -8.569694549697e-01, 2.845116128625e-02, 7.9722e-01, 5.3260e-03, 
 2DIAGNOSTIC,    11, -8.701917122079e-01, 2.871708894423e-02, 8.0341e-01, 6.1920e-03, 
 2DIAGNOSTIC,    12, -8.814645614551e-01, 2.683607374035e-02, 8.1185e-01, 8.4400e-03, 
 2DIAGNOSTIC,    13, -8.822368117829e-01, 2.307206285236e-02, 8.1665e-01, 4.8029e-03, 
 2DIAGNOSTIC,    14, -8.834458720218e-01, 1.815384142883e-02, 8.2182e-01, 5.1692e-03, 
 2DIAGNOSTIC,    15, -8.851322802748e-01, 1.292532928793e-02, 8.2715e-01, 5.3270e-03, 
 2DIAGNOSTIC,    16, -8.870480810007e-01, 7.902435095130e-03, 8.3178e-01, 4.6279e-03, 
 2DIAGNOSTIC,    17, -8.886777820043e-01, 4.189413194859e-03, 8.3780e-01, 6.0239e-03, 
 2DIAGNOSTIC,    18, -8.889448810979e-01, 1.810422435412e-03, 8.4407e-01, 6.2668e-03, 
 2DIAGNOSTIC,    19, -8.890594323936e-01, 1.083853139806e-03, 8.4967e-01, 5.6040e-03, 
 2DIAGNOSTIC,    20, -8.887882562229e-01, 5.969783276168e-04, 8.5530e-01, 5.6260e-03, 
 2DIAGNOSTIC,    21, -8.886098616172e-01, 3.264824891831e-04, 8.6195e-01, 6.6490e-03, 
 2DIAGNOSTIC,    22, -8.885249832965e-01, 2.361096507863e-04, 8.6746e-01, 5.5110e-03, 
 2DIAGNOSTIC,    23, -8.882875303286e-01, 1.410432906044e-04, 8.7296e-01, 5.5020e-03, 
 2DIAGNOSTIC,    24, -8.882052345635e-01, 5.851496547740e-05, 8.7787e-01, 4.9059e-03, 
DIAGNOSTIC,Iteration,metricValue,convergenceValue,ITERATION_TIME_INDEX,SINCE_LAST
 2DIAGNOSTIC,     1, -7.469015879902e-01, 1.797693134862e+308, 1.5613e+00, 6.8343e-01, 
 2DIAGNOSTIC,     2, -7.476337610618e-01, 1.797693134862e+308, 1.6003e+00, 3.8986e-02, 
 2DIAGNOSTIC,     3, -7.481984149444e-01, 1.797693134862e+308, 1.6376e+00, 3.7356e-02, 
 2DIAGNOSTIC,     4, -7.485348957102e-01, 1.797693134862e+308, 1.6759e+00, 3.8271e-02, 
 2DIAGNOSTIC,     5, -7.488723349401e-01, 1.797693134862e+308, 1.7147e+00, 3.8804e-02, 
 2DIAGNOSTIC,     6, -7.493028718580e-01, 1.797693134862e+308, 1.7576e+00, 4.2871e-02, 
 2DIAGNOSTIC,     7, -7.498240981670e-01, 1.797693134862e+308, 1.8040e+00, 4.6396e-02, 
 2DIAGNOSTIC,     8, -7.499189038097e-01, 1.797693134862e+308, 1.8387e+00, 3.4705e-02, 
 2DIAGNOSTIC,     9, -7.503981904013e-01, 1.797693134862e+308, 1.8838e+00, 4.5130e-02, 
 2DIAGNOSTIC,    10, -7.505578656786e-01, 3.049238813412e-04, 1.9246e+00, 4.0829e-02, 
 2DIAGNOSTIC,    11, -7.505341234024e-01, 2.389539891228e-04, 1.9627e+00, 3.8080e-02, 
 2DIAGNOSTIC,    12, -7.505061914179e-01, 1.848758129548e-04, 2.0050e+00, 4.2235e-02, 
 2DIAGNOSTIC,    13, -7.505141121179e-01, 1.393602376225e-04, 2.0438e+00, 3.8873e-02, 
 2DIAGNOSTIC,    14, -7.505102733014e-01, 9.677096712486e-05, 2.0857e+00, 4.1832e-02, 
 2DIAGNOSTIC,    15, -7.505029862942e-01, 5.935599117107e-05, 2.1282e+00, 4.2499e-02, 
 2DIAGNOSTIC,    16, -7.504912485576e-01, 3.116311067887e-05, 2.1667e+00, 3.8542e-02, 
 2DIAGNOSTIC,    17, -7.504804688922e-01, 1.513171455227e-05, 2.2025e+00, 3.5800e-02, 
 2DIAGNOSTIC,    18, -7.504860792758e-01, 1.517275037083e-06, 2.2416e+00, 3.9099e-02, 
DIAGNOSTIC,Iteration,metricValue,convergenceValue,ITERATION_TIME_INDEX,SINCE_LAST
 2DIAGNOSTIC,     1, -6.294116115880e-01, 1.797693134862e+308, 3.3636e+00, 1.1220e+00, 
 2DIAGNOSTIC,     2, -6.299274337857e-01, 1.797693134862e+308, 3.6867e+00, 3.2308e-01, 
 2DIAGNOSTIC,     3, -6.304606937683e-01, 1.797693134862e+308, 4.0345e+00, 3.4783e-01, 
 2DIAGNOSTIC,     4, -6.311440983327e-01, 1.797693134862e+308, 4.3710e+00, 3.3643e-01, 
 2DIAGNOSTIC,     5, -6.319613521822e-01, 1.797693134862e+308, 4.6820e+00, 3.1102e-01, 
 2DIAGNOSTIC,     6, -6.326508619858e-01, 1.797693134862e+308, 5.2728e+00, 5.9086e-01, 
 2DIAGNOSTIC,     7, -6.326442432003e-01, 1.797693134862e+308, 5.7540e+00, 4.8116e-01, 
 2DIAGNOSTIC,     8, -6.326421030512e-01, 1.797693134862e+308, 6.1843e+00, 4.3032e-01, 
 2DIAGNOSTIC,     9, -6.326413590626e-01, 1.797693134862e+308, 6.5563e+00, 3.7194e-01, 
 2DIAGNOSTIC,    10, -6.326405356825e-01, 3.607193948670e-04, 6.9508e+00, 3.9452e-01, 
 2DIAGNOSTIC,    11, -6.326380581256e-01, 2.475998160847e-04, 7.3137e+00, 3.6290e-01, 
 2DIAGNOSTIC,    12, -6.326382568865e-01, 1.509095239799e-04, 7.6187e+00, 3.0499e-01, 
 2DIAGNOSTIC,    13, -6.326371997110e-01, 7.419551302471e-05, 7.9624e+00, 3.4371e-01, 
 2DIAGNOSTIC,    14, -6.326376013661e-01, 2.341664912485e-05, 8.2877e+00, 3.2528e-01, 
 2DIAGNOSTIC,    15, -6.326364676513e-01, 1.358505392970e-06, 8.5904e+00, 3.0275e-01, 
 2DIAGNOSTIC,    16, -6.326355130498e-01, 1.489403032726e-06, 8.9030e+00, 3.1258e-01, 
 2DIAGNOSTIC,    17, -6.326348603728e-01, 1.460469348742e-06, 9.2973e+00, 3.9431e-01, 
 2DIAGNOSTIC,    18, -6.326337609605e-01, 1.391313759008e-06, 9.6187e+00, 3.2141e-01, 
 2DIAGNOSTIC,    19, -6.326327161848e-01, 1.322246854271e-06, 9.9304e+00, 3.1170e-01, 
 2DIAGNOSTIC,    20, -6.326305164587e-01, 1.226844839032e-06, 1.0307e+01, 3.7659e-01, 
 2DIAGNOSTIC,    21, -6.326298185666e-01, 1.107474543495e-06, 1.0636e+01, 3.2939e-01, 
 2DIAGNOSTIC,    22, -6.326281932835e-01, 1.008190525897e-06, 1.0944e+01, 3.0721e-01, 
DIAGNOSTIC,Iteration,metricValue,convergenceValue,ITERATION_TIME_INDEX,SINCE_LAST
 2DIAGNOSTIC,     1, -5.634463073626e-01, 1.797693134862e+308, 1.3894e+01, 2.9500e+00, 
 2DIAGNOSTIC,     2, -5.639251009226e-01, 1.797693134862e+308, 1.5638e+01, 1.7448e+00, 
 2DIAGNOSTIC,     3, -5.643935836113e-01, 1.797693134862e+308, 1.7734e+01, 2.0960e+00, 
 2DIAGNOSTIC,     4, -5.653421952340e-01, 1.797693134862e+308, 2.0069e+01, 2.3342e+00, 
 2DIAGNOSTIC,     5, -5.666806286706e-01, 1.797693134862e+308, 2.3611e+01, 3.5423e+00, 
 2DIAGNOSTIC,     6, -5.666788387174e-01, 1.797693134862e+308, 2.6561e+01, 2.9499e+00, 
 2DIAGNOSTIC,     7, -5.666781199447e-01, 1.797693134862e+308, 2.8744e+01, 2.1834e+00, 
 2DIAGNOSTIC,     8, -5.666783310258e-01, 1.797693134862e+308, 3.1329e+01, 2.5847e+00, 
 2DIAGNOSTIC,     9, -5.666785151980e-01, 1.797693134862e+308, 3.3660e+01, 2.3306e+00, 
 2DIAGNOSTIC,    10, -5.666783702631e-01, 3.983104740824e-04, 3.5655e+01, 1.9954e+00, 
 2DIAGNOSTIC,    11, -5.666784880014e-01, 2.625671849806e-04, 3.7797e+01, 2.1424e+00, 
 2DIAGNOSTIC,    12, -5.666783109763e-01, 1.470623985707e-04, 4.0099e+01, 2.3015e+00, 
 2DIAGNOSTIC,    13, -5.666781571503e-01, 5.397652635784e-05, 4.2442e+01, 2.3432e+00, 
 2DIAGNOSTIC,    14, -5.666778816859e-01, 2.161590631974e-06, 4.4467e+01, 2.0253e+00, 
 2DIAGNOSTIC,    15, -5.666777251116e-01, 2.072191147270e-06, 4.6607e+01, 2.1397e+00, 
 2DIAGNOSTIC,    16, -5.666779817549e-01, 1.951282574866e-06, 4.8744e+01, 2.1366e+00, 
 2DIAGNOSTIC,    17, -5.666782663368e-01, 1.834879176030e-06, 5.1058e+01, 2.3145e+00, 
 2DIAGNOSTIC,    18, -5.666783353754e-01, 1.742524402805e-06, 5.3711e+01, 2.6528e+00, 
 2DIAGNOSTIC,    19, -5.666783135609e-01, 1.667005446758e-06, 5.5973e+01, 2.2620e+00, 
 2DIAGNOSTIC,    20, -5.666780973967e-01, 1.590809775291e-06, 5.8432e+01, 2.4586e+00, 
 2DIAGNOSTIC,    21, -5.666779163573e-01, 1.520483288199e-06, 6.0610e+01, 2.1783e+00, 
 2DIAGNOSTIC,    22, -5.666777214389e-01, 1.447528892647e-06, 6.2591e+01, 1.9814e+00, 
 2DIAGNOSTIC,    23, -5.666776756926e-01, 1.376693097230e-06, 6.4531e+01, 1.9398e+00, 
 2DIAGNOSTIC,    24, -5.666776740978e-01, 1.306852552313e-06, 6.6767e+01, 2.2356e+00, 
 2DIAGNOSTIC,    25, -5.666775058517e-01, 1.237871430380e-06, 6.8630e+01, 1.8629e+00, 
 2DIAGNOSTIC,    26, -5.666775766887e-01, 1.183867899920e-06, 7.0756e+01, 2.1263e+00, 
 2DIAGNOSTIC,    27, -5.666772937486e-01, 1.137595940712e-06, 7.3316e+01, 2.5596e+00, 
 2DIAGNOSTIC,    28, -5.666770488440e-01, 1.095423366022e-06, 7.5935e+01, 2.6189e+00, 
 2DIAGNOSTIC,    29, -5.666767321319e-01, 1.054317648769e-06, 7.8431e+01, 2.4969e+00, 
 2DIAGNOSTIC,    30, -5.666766204601e-01, 1.014659451327e-06, 8.0452e+01, 2.0208e+00, 
  Elapsed time (stage 0): 8.1565e+01


Total elapsed time: 8.1567e+01
Info [verificarlo]: loaded backend libinterflop_vprec.so
Info [interflop-vprec]: load backend with: 
Info [interflop-vprec]: precision-binary32 = 10
Info [interflop-vprec]: range-binary32 = 8
Info [interflop-vprec]: precision-binary64 = 10
Info [interflop-vprec]: range-binary64 = 8
Info [interflop-vprec]: mode = ob
Info [interflop-vprec]: error-mode = rel
Info [interflop-vprec]: max-abs-error-exponent = -1022
Info [interflop-vprec]: daz = false
Info [interflop-vprec]: ftz = false
Info [interflop-vprec]: 	instrument = none
Info [interflop-vprec]: 	prec-input-file = (null)
Info [interflop-vprec]: 	prec-output-file = (null)
Info [interflop-vprec]: 	prec-log-file = (null)
All_Command_lines_OK
Using double precision for computations.
=============================================================================
The composite transform comprises the following transforms (in order): 
  1. /home/mdugre/scratch/mri-registration-rp/datasets/ds004513/derivatives/mri-registration-rp/0001/antsRegistration-r8-p10/sub-s017/affine_Composite.h5[0] (type = Euler3DTransform)
  2. /home/mdugre/scratch/mri-registration-rp/datasets/ds004513/derivatives/mri-registration-rp/0001/antsRegistration-r8-p10/sub-s017/affine_Composite.h5[1] (type = Euler3DTransform)
  3. /home/mdugre/scratch/mri-registration-rp/datasets/ds004513/derivatives/mri-registration-rp/0001/antsRegistration-r8-p10/sub-s017/affine_Composite.h5[2] (type = Euler3DTransform)
  4. /home/mdugre/scratch/mri-registration-rp/datasets/ds004513/derivatives/mri-registration-rp/0001/antsRegistration-r8-p10/sub-s017/affine_Composite.h5[3] (type = AffineTransform)
=============================================================================
  number of levels = 4
  fixed image: /templateflow/tpl-MNI152NLin2009cAsym/tpl-MNI152NLin2009cAsym_res-01_desc-brain_T1w.nii.gz
  moving image: /home/mdugre/scratch/mri-registration-rp/datasets/ds004513/derivatives/mri-registration-rp/antsBrainExtraction/sub-s017/BrainExtractionBrain.nii.gz
Dimension = 3
Number of stages = 1
Use histogram matching = false
Winsorize image intensities = true
  Lower quantile = 0.005
  Upper quantile = 0.995


Stage 1 State
   Image metric = CC
     Fixed image = Image (0x446b6f0)
  RTTI typeinfo:   itk::Image<double, 3u>
  Reference Count: 2
  Modified Time: 1606
  Debug: Off
  Object Name: 
  Observers: 
    none
  Source: (none)
  Source output name: (none)
