
##########################
# Experiment information #
##########################

EXPERIMENT_NAME: antsRegistration-r8-p15
VFC_BACKENDS: libinterflop_vprec.so --range-binary32=8 --precision-binary32=15 --range-binary64=8 --precision-binary64=15

SIF_IMG: /home/mdugre/projects/rrg-glatard/mdugre/containers/ants-vprec-no_metrics.simg

SUBJECT_ID: s017
INPUT_IMG: /home/mdugre/scratch/mri-registration-rp/datasets/ds004513/derivatives/mri-registration-rp/antsBrainExtraction/sub-s017/BrainExtractionBrain.nii.gz
OUTPUT_DIR: /home/mdugre/scratch/mri-registration-rp/datasets/ds004513/derivatives/mri-registration-rp/0001/antsRegistration-r8-p15/sub-s017

FIXED_IMG: /templateflow/tpl-MNI152NLin2009cAsym/tpl-MNI152NLin2009cAsym_res-01_desc-brain_T1w.nii.gz
DATA_DIR: /home/mdugre/scratch/mri-registration-rp/datasets/ds004513
TEMPLATEFLOW_DIR: /home/mdugre/projects/rrg-glatard/mdugre/templateflow
ITK_GLOBAL_DEFAULT_NUMBER_OF_THREADS: 16
##########################

Info [verificarlo]: loaded backend libinterflop_ieee.so
Info [interflop-ieee]: load backend with:
Info [interflop-ieee]: debug = false
Info [interflop-ieee]: debug-binary = false
Info [interflop-ieee]: no-backend-name = false
Info [interflop-ieee]: print-new-line = false
Info [interflop-ieee]: print-subnormal-normalized = false
Info [interflop-ieee]: count-op = false
All_Command_lines_OK
Using double precision for computations.
=============================================================================
The composite transform comprises the following transforms (in order): 
  1. Center of mass alignment using fixed image: /templateflow/tpl-MNI152NLin2009cAsym/tpl-MNI152NLin2009cAsym_res-01_desc-brain_T1w.nii.gz and moving image: /home/mdugre/scratch/mri-registration-rp/datasets/ds004513/derivatives/mri-registration-rp/antsBrainExtraction/sub-s017/BrainExtractionBrain.nii.gz (type = Euler3DTransform)
=============================================================================
  number of levels = 1
  fixed image: /templateflow/tpl-MNI152NLin2009cAsym/tpl-MNI152NLin2009cAsym_res-01_desc-brain_T1w.nii.gz
  moving image: /home/mdugre/scratch/mri-registration-rp/datasets/ds004513/derivatives/mri-registration-rp/antsBrainExtraction/sub-s017/BrainExtractionBrain.nii.gz
Dimension = 3
Number of stages = 1
Use histogram matching = false
Winsorize image intensities = true
  Lower quantile = 0.005
  Upper quantile = 0.995


Stage 1 State
   Image metric = MattesMI
     Fixed image = Image (0x4cf3e70)
  RTTI typeinfo:   itk::Image<double, 3u>
  Reference Count: 2
  Modified Time: 2334
  Debug: Off
  Object Name: 
  Observers: 
    none
  Source: (none)
  Source output name: (none)
  Release Data: Off
  Data Released: False
  Global Release Data: Off
  PipelineMTime: 0
  UpdateMTime: 1943
  RealTimeStamp: 0 seconds 
  LargestPossibleRegion: 
    Dimension: 3
    Index: [0, 0, 0]
    Size: [193, 229, 193]
  BufferedRegion: 
    Dimension: 3
    Index: [0, 0, 0]
    Size: [193, 229, 193]
  RequestedRegion: 
    Dimension: 3
    Index: [0, 0, 0]
    Size: [193, 229, 193]
  Spacing: [1, 1, 1]
  Origin: [96, 132, -78]
  Direction: 
-1 0 0
0 -1 0
0 0 1

  IndexToPointMatrix: 
-1 0 0
0 -1 0
0 0 1

  PointToIndexMatrix: 
-1 0 0
0 -1 0
0 0 1

  Inverse Direction: 
-1 0 0
0 -1 0
0 0 1

  PixelContainer: 
    ImportImageContainer (0x4cfcc60)
      RTTI typeinfo:   itk::ImportImageContainer<unsigned long, double>
      Reference Count: 1
      Modified Time: 1940
      Debug: Off
      Object Name: 
      Observers: 
        none
      Pointer: 0x14594c256010
      Container manages memory: true
      Size: 8530021
      Capacity: 8530021

     Moving image = Image (0x4cff610)
  RTTI typeinfo:   itk::Image<double, 3u>
  Reference Count: 2
  Modified Time: 2335
  Debug: Off
  Object Name: 
  Observers: 
    none
  Source: (none)
  Source output name: (none)
  Release Data: Off
  Data Released: False
  Global Release Data: Off
  PipelineMTime: 0
  UpdateMTime: 2332
  RealTimeStamp: 0 seconds 
  LargestPossibleRegion: 
    Dimension: 3
    Index: [0, 0, 0]
    Size: [160, 240, 256]
  BufferedRegion: 
    Dimension: 3
    Index: [0, 0, 0]
    Size: [160, 240, 256]
  RequestedRegion: 
    Dimension: 3
    Index: [0, 0, 0]
    Size: [160, 240, 256]
  Spacing: [1, 1, 1]
  Origin: [91.3357, 102.231, -120.042]
  Direction: 
-0.997442 -5.36781e-05 -0.0714818
5.35416e-05 -1 3.82465e-06
-0.0714818 -1.23894e-08 0.997442

  IndexToPointMatrix: 
-0.997444 -5.36781e-05 -0.0714818
5.35418e-05 -1 3.82465e-06
-0.0714819 -1.23894e-08 0.997442

  PointToIndexMatrix: 
-0.99744 5.35415e-05 -0.0714816
-5.36781e-05 -1 -1.23894e-08
-0.0714818 3.82465e-06 0.997442

  Inverse Direction: 
-0.997442 5.35416e-05 -0.0714818
-5.36781e-05 -1 -1.23894e-08
-0.0714818 3.82465e-06 0.997442

  PixelContainer: 
    ImportImageContainer (0x4d98ef0)
      RTTI typeinfo:   itk::ImportImageContainer<unsigned long, double>
      Reference Count: 1
      Modified Time: 2329
      Debug: Off
      Object Name: 
      Observers: 
        none
      Pointer: 0x145947755010
      Container manages memory: true
      Size: 9830400
      Capacity: 9830400

     Weighting = 1
     Sampling strategy = regular
     Number of bins = 32
     Radius = 4
     Sampling percentage  = 0.25
   Transform = Rigid
     Gradient step = 0.1
     Update field sigma (voxel space) = 0
     Total field sigma (voxel space) = 0
     Update field time sigma = 0
     Total field time sigma  = 0
     Number of time indices = 0
     Number of time point samples = 0
Registration using 1 total stages.

Stage 0
  iterations = 0
  convergence threshold = 1e-06
  convergence window size = 10
  number of levels = 1
  using the Mattes MI metric (number of bins = 32, weight = 1, use gradient filter = 0)
  preprocessing:  winsorizing the image intensities
  Shrink factors (level 1 out of 1): [1, 1, 1]
  smoothing sigmas per level: [0]
  regular sampling (percentage = 0.25)

*** Running Euler3DTransform registration ***

  Elapsed time (stage 0): 1.10044


Total elapsed time: 1.10262
Info [verificarlo]: loaded backend libinterflop_ieee.so
Info [interflop-ieee]: load backend with:
Info [interflop-ieee]: debug = false
Info [interflop-ieee]: debug-binary = false
Info [interflop-ieee]: no-backend-name = false
Info [interflop-ieee]: print-new-line = false
Info [interflop-ieee]: print-subnormal-normalized = false
Info [interflop-ieee]: count-op = false
All_Command_lines_OK
Using double precision for computations.
=============================================================================
The composite transform comprises the following transforms (in order): 
  1. /home/mdugre/scratch/mri-registration-rp/datasets/ds004513/derivatives/mri-registration-rp/0001/antsRegistration-r8-p15/sub-s017/align_Composite.h5[0] (type = Euler3DTransform)
  2. /home/mdugre/scratch/mri-registration-rp/datasets/ds004513/derivatives/mri-registration-rp/0001/antsRegistration-r8-p15/sub-s017/align_Composite.h5[1] (type = Euler3DTransform)
=============================================================================
  number of levels = 4
  fixed image: /templateflow/tpl-MNI152NLin2009cAsym/tpl-MNI152NLin2009cAsym_res-01_desc-brain_T1w.nii.gz
  moving image: /home/mdugre/scratch/mri-registration-rp/datasets/ds004513/derivatives/mri-registration-rp/antsBrainExtraction/sub-s017/BrainExtractionBrain.nii.gz
Dimension = 3
Number of stages = 1
Use histogram matching = false
Winsorize image intensities = true
  Lower quantile = 0.005
  Upper quantile = 0.995


Stage 1 State
   Image metric = MattesMI
     Fixed image = Image (0x3d57530)
  RTTI typeinfo:   itk::Image<double, 3u>
  Reference Count: 2
  Modified Time: 1580
  Debug: Off
  Object Name: 
  Observers: 
    none
  Source: (none)
  Source output name: (none)
  Release Data: Off
  Data Released: False
  Global Release Data: Off
  PipelineMTime: 0
  UpdateMTime: 1189
  RealTimeStamp: 0 seconds 
  LargestPossibleRegion: 
    Dimension: 3
    Index: [0, 0, 0]
    Size: [193, 229, 193]
  BufferedRegion: 
    Dimension: 3
    Index: [0, 0, 0]
    Size: [193, 229, 193]
  RequestedRegion: 
    Dimension: 3
    Index: [0, 0, 0]
    Size: [193, 229, 193]
  Spacing: [1, 1, 1]
  Origin: [96, 132, -78]
  Direction: 
-1 0 0
0 -1 0
0 0 1

  IndexToPointMatrix: 
-1 0 0
0 -1 0
0 0 1

  PointToIndexMatrix: 
-1 0 0
0 -1 0
0 0 1

  Inverse Direction: 
-1 0 0
0 -1 0
0 0 1

  PixelContainer: 
    ImportImageContainer (0x3e15d60)
      RTTI typeinfo:   itk::ImportImageContainer<unsigned long, double>
      Reference Count: 1
      Modified Time: 1186
      Debug: Off
      Object Name: 
      Observers: 
        none
      Pointer: 0x151c3eb61010
      Container manages memory: true
      Size: 8530021
      Capacity: 8530021

     Moving image = Image (0x3e07f60)
  RTTI typeinfo:   itk::Image<double, 3u>
  Reference Count: 2
  Modified Time: 1581
  Debug: Off
  Object Name: 
  Observers: 
    none
  Source: (none)
  Source output name: (none)
  Release Data: Off
  Data Released: False
  Global Release Data: Off
  PipelineMTime: 0
  UpdateMTime: 1578
  RealTimeStamp: 0 seconds 
  LargestPossibleRegion: 
    Dimension: 3
    Index: [0, 0, 0]
    Size: [160, 240, 256]
  BufferedRegion: 
    Dimension: 3
    Index: [0, 0, 0]
    Size: [160, 240, 256]
  RequestedRegion: 
    Dimension: 3
    Index: [0, 0, 0]
    Size: [160, 240, 256]
  Spacing: [1, 1, 1]
  Origin: [91.3357, 102.231, -120.042]
  Direction: 
-0.997442 -5.36781e-05 -0.0714818
5.35416e-05 -1 3.82465e-06
-0.0714818 -1.23894e-08 0.997442

  IndexToPointMatrix: 
-0.997444 -5.36781e-05 -0.0714818
5.35418e-05 -1 3.82465e-06
-0.0714819 -1.23894e-08 0.997442

  PointToIndexMatrix: 
-0.99744 5.35415e-05 -0.0714816
-5.36781e-05 -1 -1.23894e-08
-0.0714818 3.82465e-06 0.997442

  Inverse Direction: 
-0.997442 5.35416e-05 -0.0714818
-5.36781e-05 -1 -1.23894e-08
-0.0714818 3.82465e-06 0.997442

  PixelContainer: 
    ImportImageContainer (0x3df96d0)
      RTTI typeinfo:   itk::ImportImageContainer<unsigned long, double>
      Reference Count: 1
      Modified Time: 1575
      Debug: Off
      Object Name: 
      Observers: 
        none
      Pointer: 0x151c3a060010
      Container manages memory: true
      Size: 9830400
      Capacity: 9830400

     Weighting = 1
     Sampling strategy = regular
     Number of bins = 32
     Radius = 4
     Sampling percentage  = 0.25
   Transform = Rigid
     Gradient step = 0.1
     Update field sigma (voxel space) = 0
     Total field sigma (voxel space) = 0
     Update field time sigma = 0
     Total field time sigma  = 0
     Number of time indices = 0
     Number of time point samples = 0
Registration using 1 total stages.

Stage 0
  iterations = 1000x500x250x100
  convergence threshold = 1e-06
  convergence window size = 10
  number of levels = 4
  using the Mattes MI metric (number of bins = 32, weight = 1, use gradient filter = 0)
  preprocessing:  winsorizing the image intensities
  Shrink factors (level 1 out of 4): [8, 8, 8]
  Shrink factors (level 2 out of 4): [4, 4, 4]
  Shrink factors (level 3 out of 4): [2, 2, 2]
  Shrink factors (level 4 out of 4): [1, 1, 1]
  smoothing sigmas per level: [3, 2, 1, 0]
  regular sampling (percentage = 0.25)

*** Running Euler3DTransform registration ***

DIAGNOSTIC,Iteration,metricValue,convergenceValue,ITERATION_TIME_INDEX,SINCE_LAST
 2DIAGNOSTIC,     1, -5.567767283252e-01, 1.797693134862e+308, 7.8872e-01, 7.8872e-01, 
 2DIAGNOSTIC,     2, -5.584239703569e-01, 1.797693134862e+308, 7.9274e-01, 4.0228e-03, 
 2DIAGNOSTIC,     3, -5.612715515272e-01, 1.797693134862e+308, 7.9656e-01, 3.8190e-03, 
 2DIAGNOSTIC,     4, -5.637780194106e-01, 1.797693134862e+308, 8.0095e-01, 4.3910e-03, 
 2DIAGNOSTIC,     5, -5.658229214212e-01, 1.797693134862e+308, 8.0500e-01, 4.0519e-03, 
 2DIAGNOSTIC,     6, -5.696445468689e-01, 1.797693134862e+308, 8.0909e-01, 4.0860e-03, 
 2DIAGNOSTIC,     7, -5.734118275242e-01, 1.797693134862e+308, 8.1285e-01, 3.7642e-03, 
 2DIAGNOSTIC,     8, -5.754533484979e-01, 1.797693134862e+308, 8.1825e-01, 5.3990e-03, 
 2DIAGNOSTIC,     9, -5.763021950250e-01, 1.797693134862e+308, 8.2216e-01, 3.9048e-03, 
 2DIAGNOSTIC,    10, -5.771142770255e-01, 2.558085388189e-03, 8.2763e-01, 5.4760e-03, 
 2DIAGNOSTIC,    11, -5.785125587612e-01, 2.176117873031e-03, 8.3177e-01, 4.1380e-03, 
 2DIAGNOSTIC,    12, -5.799413348090e-01, 1.786767970983e-03, 8.3649e-01, 4.7221e-03, 
 2DIAGNOSTIC,    13, -5.809477908980e-01, 1.443124036835e-03, 8.4110e-01, 4.6041e-03, 
 2DIAGNOSTIC,    14, -5.814655964876e-01, 1.127354078216e-03, 8.4488e-01, 3.7808e-03, 
 2DIAGNOSTIC,    15, -5.819093877219e-01, 8.331089413526e-04, 8.4937e-01, 4.4940e-03, 
 2DIAGNOSTIC,    16, -5.822326442998e-01, 6.258215683232e-04, 8.5423e-01, 4.8590e-03, 
 2DIAGNOSTIC,    17, -5.825793599843e-01, 5.040365830238e-04, 8.5905e-01, 4.8201e-03, 
 2DIAGNOSTIC,    18, -5.863713925916e-01, 5.095725576648e-04, 8.6323e-01, 4.1831e-03, 
 2DIAGNOSTIC,    19, -5.901617810168e-01, 5.855607354914e-04, 8.7072e-01, 7.4830e-03, 
 2DIAGNOSTIC,    20, -5.906016223816e-01, 6.286272500318e-04, 8.7621e-01, 5.4891e-03, 
 2DIAGNOSTIC,    21, -5.907365705867e-01, 6.467002963849e-04, 8.8060e-01, 4.3910e-03, 
 2DIAGNOSTIC,    22, -5.906256574994e-01, 6.330265936393e-04, 8.8508e-01, 4.4870e-03, 
 2DIAGNOSTIC,    23, -5.906307681711e-01, 5.816453055191e-04, 8.8925e-01, 4.1640e-03, 
 2DIAGNOSTIC,    24, -5.905636622010e-01, 4.878472529234e-04, 8.9303e-01, 3.7861e-03, 
 2DIAGNOSTIC,    25, -5.906024985370e-01, 3.662279783968e-04, 8.9774e-01, 4.7021e-03, 
 2DIAGNOSTIC,    26, -5.906025304324e-01, 2.276984665079e-04, 9.0235e-01, 4.6141e-03, 
 2DIAGNOSTIC,    27, -5.906211320574e-01, 8.394584288796e-05, 9.0676e-01, 4.4050e-03, 
 2DIAGNOSTIC,    28, -5.908796758314e-01, 1.198925031200e-05, 9.1040e-01, 3.6449e-03, 
 2DIAGNOSTIC,    29, -5.911411552395e-01, 1.217108543258e-05, 9.1506e-01, 4.6589e-03, 
 2DIAGNOSTIC,    30, -5.915241330962e-01, 2.456301684468e-05, 9.2118e-01, 6.1190e-03, 
 2DIAGNOSTIC,    31, -5.916229825992e-01, 3.758205306157e-05, 9.2492e-01, 3.7451e-03, 
 2DIAGNOSTIC,    32, -5.916651208817e-01, 4.532975449021e-05, 9.2901e-01, 4.0820e-03, 
 2DIAGNOSTIC,    33, -5.916874987632e-01, 4.885284294476e-05, 9.3266e-01, 3.6521e-03, 
 2DIAGNOSTIC,    34, -5.917053822200e-01, 4.682712858611e-05, 9.3703e-01, 4.3740e-03, 
 2DIAGNOSTIC,    35, -5.917390904868e-01, 4.153275817224e-05, 9.4749e-01, 1.0455e-02, 
 2DIAGNOSTIC,    36, -5.917390912695e-01, 3.272086429317e-05, 9.5130e-01, 3.8180e-03, 
 2DIAGNOSTIC,    37, -5.917391070342e-01, 2.163060314776e-05, 9.5509e-01, 3.7870e-03, 
 2DIAGNOSTIC,    38, -5.917391330930e-01, 1.245673595314e-05, 9.5903e-01, 3.9420e-03, 
 2DIAGNOSTIC,    39, -5.917391754735e-01, 5.801896390007e-06, 9.6281e-01, 3.7730e-03, 
 2DIAGNOSTIC,    40, -5.917392424312e-01, 3.643428652677e-06, 9.6663e-01, 3.8199e-03, 
 2DIAGNOSTIC,    41, -5.917393428829e-01, 2.487109299398e-06, 9.7040e-01, 3.7758e-03, 
 2DIAGNOSTIC,    42, -5.917394845334e-01, 1.715730317934e-06, 9.7422e-01, 3.8209e-03, 
 2DIAGNOSTIC,    43, -5.917396625587e-01, 1.144189315051e-06, 9.7807e-01, 3.8478e-03, 
DIAGNOSTIC,Iteration,metricValue,convergenceValue,ITERATION_TIME_INDEX,SINCE_LAST
 2DIAGNOSTIC,     1, -4.784004501424e-01, 1.797693134862e+308, 1.6729e+00, 6.9488e-01, 
 2DIAGNOSTIC,     2, -4.783999131493e-01, 1.797693134862e+308, 1.6994e+00, 2.6402e-02, 
 2DIAGNOSTIC,     3, -4.784190365430e-01, 1.797693134862e+308, 1.7307e+00, 3.1376e-02, 
 2DIAGNOSTIC,     4, -4.785028756516e-01, 1.797693134862e+308, 1.7581e+00, 2.7412e-02, 
 2DIAGNOSTIC,     5, -4.786647485436e-01, 1.797693134862e+308, 1.7847e+00, 2.6572e-02, 
 2DIAGNOSTIC,     6, -4.788099932965e-01, 1.797693134862e+308, 1.8115e+00, 2.6793e-02, 
 2DIAGNOSTIC,     7, -4.794645847223e-01, 1.797693134862e+308, 1.8383e+00, 2.6746e-02, 
 2DIAGNOSTIC,     8, -4.813619171756e-01, 1.797693134862e+308, 1.8757e+00, 3.7408e-02, 
 2DIAGNOSTIC,     9, -4.817935635330e-01, 1.797693134862e+308, 1.9058e+00, 3.0184e-02, 
 2DIAGNOSTIC,    10, -4.822647496887e-01, 5.583367503879e-04, 1.9332e+00, 2.7397e-02, 
 2DIAGNOSTIC,    11, -4.831344909908e-01, 6.366384573951e-04, 1.9635e+00, 3.0241e-02, 
 2DIAGNOSTIC,    12, -4.835768992595e-01, 6.653898034878e-04, 2.0080e+00, 4.4497e-02, 
 2DIAGNOSTIC,    13, -4.835677565327e-01, 6.290342969156e-04, 2.0416e+00, 3.3654e-02, 
 2DIAGNOSTIC,    14, -4.835733047844e-01, 5.452729208119e-04, 2.0782e+00, 3.6574e-02, 
 2DIAGNOSTIC,    15, -4.835701547255e-01, 4.305772096333e-04, 2.1079e+00, 2.9670e-02, 
 2DIAGNOSTIC,    16, -4.835566913010e-01, 2.956272804482e-04, 2.1378e+00, 2.9926e-02, 
 2DIAGNOSTIC,    17, -4.835523104091e-01, 1.703980275572e-04, 2.1643e+00, 2.6473e-02, 
 2DIAGNOSTIC,    18, -4.835483887835e-01, 1.058854946343e-04, 2.1906e+00, 2.6372e-02, 
 2DIAGNOSTIC,    19, -4.835469915474e-01, 5.203914177940e-05, 2.2171e+00, 2.6472e-02, 
 2DIAGNOSTIC,    20, -4.835401827380e-01, 1.204163303121e-05, 2.2478e+00, 3.0634e-02, 
DIAGNOSTIC,Iteration,metricValue,convergenceValue,ITERATION_TIME_INDEX,SINCE_LAST
 2DIAGNOSTIC,     1, -4.161561167870e-01, 1.797693134862e+308, 3.3903e+00, 1.1425e+00, 
 2DIAGNOSTIC,     2, -4.161756893438e-01, 1.797693134862e+308, 3.6772e+00, 2.8694e-01, 
 2DIAGNOSTIC,     3, -4.161696114509e-01, 1.797693134862e+308, 3.9345e+00, 2.5733e-01, 
 2DIAGNOSTIC,     4, -4.161681503553e-01, 1.797693134862e+308, 4.3545e+00, 4.1995e-01, 
 2DIAGNOSTIC,     5, -4.161678896602e-01, 1.797693134862e+308, 4.6548e+00, 3.0033e-01, 
 2DIAGNOSTIC,     6, -4.161669123585e-01, 1.797693134862e+308, 4.9698e+00, 3.1495e-01, 
 2DIAGNOSTIC,     7, -4.161667485643e-01, 1.797693134862e+308, 5.2706e+00, 3.0084e-01, 
 2DIAGNOSTIC,     8, -4.161656816015e-01, 1.797693134862e+308, 5.5292e+00, 2.5857e-01, 
 2DIAGNOSTIC,     9, -4.161650043538e-01, 1.797693134862e+308, 5.8106e+00, 2.8143e-01, 
 2DIAGNOSTIC,    10, -4.161655463814e-01, 2.943366629204e-06, 6.1247e+00, 3.1404e-01, 
 2DIAGNOSTIC,    11, -4.161636420995e-01, 1.720591497847e-06, 6.3880e+00, 2.6331e-01, 
 2DIAGNOSTIC,    12, -4.161624970809e-01, 1.867462473354e-06, 6.6569e+00, 2.6890e-01, 
 2DIAGNOSTIC,    13, -4.161615819744e-01, 1.698398059927e-06, 6.9203e+00, 2.6346e-01, 
 2DIAGNOSTIC,    14, -4.161624603295e-01, 1.592444846446e-06, 7.1874e+00, 2.6710e-01, 
 2DIAGNOSTIC,    15, -4.161620529814e-01, 1.530180437193e-06, 7.4480e+00, 2.6062e-01, 
 2DIAGNOSTIC,    16, -4.161603835106e-01, 1.417836918899e-06, 7.6846e+00, 2.3659e-01, 
 2DIAGNOSTIC,    17, -4.161625251482e-01, 1.455414119889e-06, 7.9991e+00, 3.1442e-01, 
 2DIAGNOSTIC,    18, -4.161617349626e-01, 1.453854863567e-06, 8.2588e+00, 2.5973e-01, 
 2DIAGNOSTIC,    19, -4.161656140594e-01, 1.594928504350e-06, 8.5501e+00, 2.9126e-01, 
 2DIAGNOSTIC,    20, -4.161678254531e-01, 1.821576328019e-06, 8.9368e+00, 3.8673e-01, 
 2DIAGNOSTIC,    21, -4.161672172260e-01, 1.924327026052e-06, 9.2034e+00, 2.6662e-01, 
 2DIAGNOSTIC,    22, -4.161665846124e-01, 1.927748311419e-06, 9.4237e+00, 2.2028e-01, 
 2DIAGNOSTIC,    23, -4.161660793966e-01, 1.843028035506e-06, 9.6852e+00, 2.6152e-01, 
 2DIAGNOSTIC,    24, -4.161655365534e-01, 1.730448868198e-06, 9.9035e+00, 2.1828e-01, 
 2DIAGNOSTIC,    25, -4.161651834947e-01, 1.568353733779e-06, 1.0119e+01, 2.1571e-01, 
 2DIAGNOSTIC,    26, -4.161660037666e-01, 1.368374529610e-06, 1.0381e+01, 2.6210e-01, 
 2DIAGNOSTIC,    27, -4.161651045496e-01, 1.203105050265e-06, 1.0604e+01, 2.2278e-01, 
 2DIAGNOSTIC,    28, -4.161679884898e-01, 1.097088640066e-06, 1.0846e+01, 2.4188e-01, 
 2DIAGNOSTIC,    29, -4.161710849648e-01, 1.162831215949e-06, 1.1107e+01, 2.6074e-01, 
 2DIAGNOSTIC,    30, -4.161703640305e-01, 1.250475690093e-06, 1.1357e+01, 2.5020e-01, 
 2DIAGNOSTIC,    31, -4.161708142911e-01, 1.313167807070e-06, 1.1617e+01, 2.6026e-01, 
 2DIAGNOSTIC,    32, -4.161710089264e-01, 1.336085265570e-06, 1.1838e+01, 2.2082e-01, 
 2DIAGNOSTIC,    33, -4.161749613449e-01, 1.395595230512e-06, 1.2101e+01, 2.6329e-01, 
 2DIAGNOSTIC,    34, -4.161777487505e-01, 1.452526298882e-06, 1.2325e+01, 2.2378e-01, 
 2DIAGNOSTIC,    35, -4.161792220178e-01, 1.478601719982e-06, 1.2573e+01, 2.4812e-01, 
 2DIAGNOSTIC,    36, -4.161806859648e-01, 1.495439429892e-06, 1.2818e+01, 2.4484e-01, 
 2DIAGNOSTIC,    37, -4.161791778425e-01, 1.407680683629e-06, 1.3040e+01, 2.2220e-01, 
 2DIAGNOSTIC,    38, -4.161838486867e-01, 1.406626892242e-06, 1.3329e+01, 2.8890e-01, 
 2DIAGNOSTIC,    39, -4.161849953101e-01, 1.422742197787e-06, 1.3609e+01, 2.7978e-01, 
 2DIAGNOSTIC,    40, -4.161860914891e-01, 1.386764656209e-06, 1.3956e+01, 3.4719e-01, 
 2DIAGNOSTIC,    41, -4.161854987577e-01, 1.295749596487e-06, 1.4208e+01, 2.5156e-01, 
 2DIAGNOSTIC,    42, -4.161840259989e-01, 1.138573356908e-06, 1.4429e+01, 2.2093e-01, 
 2DIAGNOSTIC,    43, -4.161834049861e-01, 1.004201843461e-06, 1.4655e+01, 2.2625e-01, 
DIAGNOSTIC,Iteration,metricValue,convergenceValue,ITERATION_TIME_INDEX,SINCE_LAST
 2DIAGNOSTIC,     1, -3.834265912354e-01, 1.797693134862e+308, 1.7119e+01, 2.4644e+00, 
 2DIAGNOSTIC,     2, -3.834925053367e-01, 1.797693134862e+308, 1.8647e+01, 1.5279e+00, 
 2DIAGNOSTIC,     3, -3.834978116491e-01, 1.797693134862e+308, 2.0279e+01, 1.6321e+00, 
 2DIAGNOSTIC,     4, -3.835004127738e-01, 1.797693134862e+308, 2.1767e+01, 1.4883e+00, 
 2DIAGNOSTIC,     5, -3.835019582515e-01, 1.797693134862e+308, 2.3468e+01, 1.7010e+00, 
 2DIAGNOSTIC,     6, -3.835049957422e-01, 1.797693134862e+308, 2.5224e+01, 1.7556e+00, 
 2DIAGNOSTIC,     7, -3.835058343722e-01, 1.797693134862e+308, 2.6944e+01, 1.7200e+00, 
 2DIAGNOSTIC,     8, -3.835066498255e-01, 1.797693134862e+308, 2.8717e+01, 1.7729e+00, 
 2DIAGNOSTIC,     9, -3.835062955322e-01, 1.797693134862e+308, 3.0356e+01, 1.6396e+00, 
 2DIAGNOSTIC,    10, -3.835063108997e-01, 1.066660720687e-05, 3.2139e+01, 1.7822e+00, 
 2DIAGNOSTIC,    11, -3.835061571791e-01, 4.747040519337e-06, 3.4469e+01, 2.3304e+00, 
 2DIAGNOSTIC,    12, -3.835060832650e-01, 3.706200505715e-06, 3.5841e+01, 1.3721e+00, 
 2DIAGNOSTIC,    13, -3.835060190721e-01, 3.027826025778e-06, 3.7328e+01, 1.4868e+00, 
 2DIAGNOSTIC,    14, -3.835058638479e-01, 2.523467027463e-06, 3.8864e+01, 1.5360e+00, 
 2DIAGNOSTIC,    15, -3.835058006964e-01, 2.133709246413e-06, 4.0535e+01, 1.6710e+00, 
 2DIAGNOSTIC,    16, -3.835056463971e-01, 1.924177717522e-06, 4.2492e+01, 1.9566e+00, 
 2DIAGNOSTIC,    17, -3.835054775129e-01, 1.773328556227e-06, 4.4003e+01, 1.5114e+00, 
 2DIAGNOSTIC,    18, -3.835053086122e-01, 1.675385376210e-06, 4.5356e+01, 1.3532e+00, 
 2DIAGNOSTIC,    19, -3.835051448144e-01, 1.576051816707e-06, 4.6719e+01, 1.3629e+00, 
 2DIAGNOSTIC,    20, -3.835051658766e-01, 1.497295073108e-06, 4.8058e+01, 1.3386e+00, 
 2DIAGNOSTIC,    21, -3.835053779575e-01, 1.436675312806e-06, 4.9593e+01, 1.5356e+00, 
 2DIAGNOSTIC,    22, -3.835055901415e-01, 1.393331720556e-06, 5.1105e+01, 1.5113e+00, 
 2DIAGNOSTIC,    23, -3.835055251006e-01, 1.354581541969e-06, 5.2591e+01, 1.4868e+00, 
 2DIAGNOSTIC,    24, -3.835054518285e-01, 1.314933130291e-06, 5.4161e+01, 1.5698e+00, 
 2DIAGNOSTIC,    25, -3.835053813425e-01, 1.275595340779e-06, 5.5605e+01, 1.4442e+00, 
 2DIAGNOSTIC,    26, -3.835053141619e-01, 1.232550094710e-06, 5.6940e+01, 1.3348e+00, 
 2DIAGNOSTIC,    27, -3.835053494678e-01, 1.188143192943e-06, 5.8266e+01, 1.3261e+00, 
 2DIAGNOSTIC,    28, -3.835054089356e-01, 1.143229098596e-06, 5.9847e+01, 1.5808e+00, 
 2DIAGNOSTIC,    29, -3.835055814681e-01, 1.101082728258e-06, 6.1184e+01, 1.3372e+00, 
 2DIAGNOSTIC,    30, -3.835053714644e-01, 1.056523026406e-06, 6.3224e+01, 2.0399e+00, 
 2DIAGNOSTIC,    31, -3.835053052291e-01, 1.018740039792e-06, 6.4747e+01, 1.5232e+00, 
  Elapsed time (stage 0): 6.5588e+01


Total elapsed time: 6.5591e+01
Info [verificarlo]: loaded backend libinterflop_ieee.so
Info [interflop-ieee]: load backend with:
Info [interflop-ieee]: debug = false
Info [interflop-ieee]: debug-binary = false
Info [interflop-ieee]: no-backend-name = false
Info [interflop-ieee]: print-new-line = false
Info [interflop-ieee]: print-subnormal-normalized = false
Info [interflop-ieee]: count-op = false
All_Command_lines_OK
Using double precision for computations.
=============================================================================
The composite transform comprises the following transforms (in order): 
  1. /home/mdugre/scratch/mri-registration-rp/datasets/ds004513/derivatives/mri-registration-rp/0001/antsRegistration-r8-p15/sub-s017/rigid_Composite.h5[0] (type = Euler3DTransform)
  2. /home/mdugre/scratch/mri-registration-rp/datasets/ds004513/derivatives/mri-registration-rp/0001/antsRegistration-r8-p15/sub-s017/rigid_Composite.h5[1] (type = Euler3DTransform)
  3. /home/mdugre/scratch/mri-registration-rp/datasets/ds004513/derivatives/mri-registration-rp/0001/antsRegistration-r8-p15/sub-s017/rigid_Composite.h5[2] (type = Euler3DTransform)
=============================================================================
  number of levels = 4
  fixed image: /templateflow/tpl-MNI152NLin2009cAsym/tpl-MNI152NLin2009cAsym_res-01_desc-brain_T1w.nii.gz
  moving image: /home/mdugre/scratch/mri-registration-rp/datasets/ds004513/derivatives/mri-registration-rp/antsBrainExtraction/sub-s017/BrainExtractionBrain.nii.gz
Dimension = 3
Number of stages = 1
Use histogram matching = false
Winsorize image intensities = true
  Lower quantile = 0.005
  Upper quantile = 0.995


Stage 1 State
   Image metric = MattesMI
     Fixed image = Image (0x4e7e7e0)
  RTTI typeinfo:   itk::Image<double, 3u>
  Reference Count: 2
  Modified Time: 1594
  Debug: Off
  Object Name: 
  Observers: 
    none
  Source: (none)
  Source output name: (none)
  Release Data: Off
  Data Released: False
  Global Release Data: Off
  PipelineMTime: 0
  UpdateMTime: 1203
  RealTimeStamp: 0 seconds 
  LargestPossibleRegion: 
    Dimension: 3
    Index: [0, 0, 0]
    Size: [193, 229, 193]
  BufferedRegion: 
    Dimension: 3
    Index: [0, 0, 0]
    Size: [193, 229, 193]
  RequestedRegion: 
    Dimension: 3
    Index: [0, 0, 0]
    Size: [193, 229, 193]
  Spacing: [1, 1, 1]
  Origin: [96, 132, -78]
  Direction: 
-1 0 0
0 -1 0
0 0 1

  IndexToPointMatrix: 
-1 0 0
0 -1 0
0 0 1

  PointToIndexMatrix: 
-1 0 0
0 -1 0
0 0 1

  Inverse Direction: 
-1 0 0
0 -1 0
0 0 1

  PixelContainer: 
    ImportImageContainer (0x4f3ea20)
      RTTI typeinfo:   itk::ImportImageContainer<unsigned long, double>
      Reference Count: 1
      Modified Time: 1200
      Debug: Off
      Object Name: 
      Observers: 
        none
      Pointer: 0x150ba304b010
      Container manages memory: true
      Size: 8530021
      Capacity: 8530021

     Moving image = Image (0x4f39d70)
  RTTI typeinfo:   itk::Image<double, 3u>
  Reference Count: 2
  Modified Time: 1595
  Debug: Off
  Object Name: 
  Observers: 
    none
  Source: (none)
  Source output name: (none)
  Release Data: Off
  Data Released: False
  Global Release Data: Off
  PipelineMTime: 0
  UpdateMTime: 1592
  RealTimeStamp: 0 seconds 
  LargestPossibleRegion: 
    Dimension: 3
    Index: [0, 0, 0]
    Size: [160, 240, 256]
  BufferedRegion: 
    Dimension: 3
    Index: [0, 0, 0]
    Size: [160, 240, 256]
  RequestedRegion: 
    Dimension: 3
    Index: [0, 0, 0]
    Size: [160, 240, 256]
  Spacing: [1, 1, 1]
  Origin: [91.3357, 102.231, -120.042]
  Direction: 
-0.997442 -5.36781e-05 -0.0714818
5.35416e-05 -1 3.82465e-06
-0.0714818 -1.23894e-08 0.997442

  IndexToPointMatrix: 
-0.997444 -5.36781e-05 -0.0714818
5.35418e-05 -1 3.82465e-06
-0.0714819 -1.23894e-08 0.997442

  PointToIndexMatrix: 
-0.99744 5.35415e-05 -0.0714816
-5.36781e-05 -1 -1.23894e-08
-0.0714818 3.82465e-06 0.997442

  Inverse Direction: 
-0.997442 5.35416e-05 -0.0714818
-5.36781e-05 -1 -1.23894e-08
-0.0714818 3.82465e-06 0.997442

  PixelContainer: 
    ImportImageContainer (0x4ef1c90)
      RTTI typeinfo:   itk::ImportImageContainer<unsigned long, double>
      Reference Count: 1
      Modified Time: 1589
      Debug: Off
      Object Name: 
      Observers: 
        none
      Pointer: 0x150b9e54a010
      Container manages memory: true
      Size: 9830400
      Capacity: 9830400

     Weighting = 1
     Sampling strategy = regular
     Number of bins = 32
     Radius = 4
     Sampling percentage  = 0.25
   Transform = Affine
     Gradient step = 0.1
     Update field sigma (voxel space) = 0
     Total field sigma (voxel space) = 0
     Update field time sigma = 0
     Total field time sigma  = 0
     Number of time indices = 0
     Number of time point samples = 0
Registration using 1 total stages.

Stage 0
  iterations = 1000x500x250x100
  convergence threshold = 1e-06
  convergence window size = 10
  number of levels = 4
  using the Mattes MI metric (number of bins = 32, weight = 1, use gradient filter = 0)
  preprocessing:  winsorizing the image intensities
  Shrink factors (level 1 out of 4): [8, 8, 8]
  Shrink factors (level 2 out of 4): [4, 4, 4]
  Shrink factors (level 3 out of 4): [2, 2, 2]
  Shrink factors (level 4 out of 4): [1, 1, 1]
  smoothing sigmas per level: [3, 2, 1, 0]
  regular sampling (percentage = 0.25)

*** Running AffineTransform registration ***

DIAGNOSTIC,Iteration,metricValue,convergenceValue,ITERATION_TIME_INDEX,SINCE_LAST
 2DIAGNOSTIC,     1, -5.806290998405e-01, 1.797693134862e+308, 7.2328e-01, 7.2328e-01, 
 2DIAGNOSTIC,     2, -5.832407507905e-01, 1.797693134862e+308, 7.2785e-01, 4.5731e-03, 
 2DIAGNOSTIC,     3, -5.883921006228e-01, 1.797693134862e+308, 7.3279e-01, 4.9419e-03, 
 2DIAGNOSTIC,     4, -5.973582021036e-01, 1.797693134862e+308, 7.3725e-01, 4.4591e-03, 
 2DIAGNOSTIC,     5, -6.166279651277e-01, 1.797693134862e+308, 7.4206e-01, 4.8089e-03, 
 2DIAGNOSTIC,     6, -6.406440244198e-01, 1.797693134862e+308, 7.4687e-01, 4.8120e-03, 
 2DIAGNOSTIC,     7, -7.009864254651e-01, 1.797693134862e+308, 7.5157e-01, 4.6990e-03, 
 2DIAGNOSTIC,     8, -7.630482511955e-01, 1.797693134862e+308, 7.5636e-01, 4.7910e-03, 
 2DIAGNOSTIC,     9, -8.423469022312e-01, 1.797693134862e+308, 7.6382e-01, 7.4608e-03, 
 2DIAGNOSTIC,    10, -8.569694550621e-01, 2.845116129550e-02, 7.6921e-01, 5.3818e-03, 
 2DIAGNOSTIC,    11, -8.701917122647e-01, 2.871708895018e-02, 7.7508e-01, 5.8739e-03, 
 2DIAGNOSTIC,    12, -8.814645614211e-01, 2.683607374027e-02, 7.8401e-01, 8.9269e-03, 
 2DIAGNOSTIC,    13, -8.822368117345e-01, 2.307206284693e-02, 7.8904e-01, 5.0309e-03, 
 2DIAGNOSTIC,    14, -8.834458719930e-01, 1.815384141979e-02, 7.9408e-01, 5.0449e-03, 
 2DIAGNOSTIC,    15, -8.851322802561e-01, 1.292532927764e-02, 7.9915e-01, 5.0709e-03, 
 2DIAGNOSTIC,    16, -8.870480809899e-01, 7.902435085138e-03, 8.0487e-01, 5.7149e-03, 
 2DIAGNOSTIC,    17, -8.886777819977e-01, 4.189413188244e-03, 8.1131e-01, 6.4399e-03, 
 2DIAGNOSTIC,    18, -8.889448810837e-01, 1.810422433759e-03, 8.1767e-01, 6.3570e-03, 
 2DIAGNOSTIC,    19, -8.890594323768e-01, 1.083853137222e-03, 8.2352e-01, 5.8589e-03, 
 2DIAGNOSTIC,    20, -8.887882562074e-01, 5.969783272141e-04, 8.2927e-01, 5.7442e-03, 
 2DIAGNOSTIC,    21, -8.886098616025e-01, 3.264824901987e-04, 8.3626e-01, 6.9900e-03, 
 2DIAGNOSTIC,    22, -8.885249832821e-01, 2.361096515110e-04, 8.4199e-01, 5.7311e-03, 
 2DIAGNOSTIC,    23, -8.882875303142e-01, 1.410432907710e-04, 8.4773e-01, 5.7359e-03, 
 2DIAGNOSTIC,    24, -8.882052345493e-01, 5.851496541407e-05, 8.5291e-01, 5.1839e-03, 
DIAGNOSTIC,Iteration,metricValue,convergenceValue,ITERATION_TIME_INDEX,SINCE_LAST
 2DIAGNOSTIC,     1, -7.469015879793e-01, 1.797693134862e+308, 1.5429e+00, 6.9002e-01, 
 2DIAGNOSTIC,     2, -7.476337610529e-01, 1.797693134862e+308, 1.5816e+00, 3.8691e-02, 
 2DIAGNOSTIC,     3, -7.481984149374e-01, 1.797693134862e+308, 1.6192e+00, 3.7575e-02, 
 2DIAGNOSTIC,     4, -7.485348957039e-01, 1.797693134862e+308, 1.6556e+00, 3.6435e-02, 
 2DIAGNOSTIC,     5, -7.488723349348e-01, 1.797693134862e+308, 1.6920e+00, 3.6383e-02, 
 2DIAGNOSTIC,     6, -7.493028718462e-01, 1.797693134862e+308, 1.7316e+00, 3.9597e-02, 
 2DIAGNOSTIC,     7, -7.498240981622e-01, 1.797693134862e+308, 1.7754e+00, 4.3757e-02, 
 2DIAGNOSTIC,     8, -7.499189038013e-01, 1.797693134862e+308, 1.8116e+00, 3.6204e-02, 
 2DIAGNOSTIC,     9, -7.503981904047e-01, 1.797693134862e+308, 1.8556e+00, 4.4057e-02, 
 2DIAGNOSTIC,    10, -7.505578656752e-01, 3.049238819845e-04, 1.8957e+00, 4.0074e-02, 
 2DIAGNOSTIC,    11, -7.505341234016e-01, 2.389539897375e-04, 1.9345e+00, 3.8784e-02, 
 2DIAGNOSTIC,    12, -7.505061914119e-01, 1.848758133873e-04, 1.9739e+00, 3.9382e-02, 
 2DIAGNOSTIC,    13, -7.505141121117e-01, 1.393602379102e-04, 2.0133e+00, 3.9400e-02, 
 2DIAGNOSTIC,    14, -7.505102732958e-01, 9.677096729137e-05, 2.0539e+00, 4.0641e-02, 
 2DIAGNOSTIC,    15, -7.505029862888e-01, 5.935599125395e-05, 2.0974e+00, 4.3443e-02, 
 2DIAGNOSTIC,    16, -7.504912485524e-01, 3.116311052918e-05, 2.1377e+00, 4.0388e-02, 
 2DIAGNOSTIC,    17, -7.504804688872e-01, 1.513171437768e-05, 2.1730e+00, 3.5263e-02, 
 2DIAGNOSTIC,    18, -7.504860792712e-01, 1.517274781086e-06, 2.2110e+00, 3.7973e-02, 
DIAGNOSTIC,Iteration,metricValue,convergenceValue,ITERATION_TIME_INDEX,SINCE_LAST
 2DIAGNOSTIC,     1, -6.294116115801e-01, 1.797693134862e+308, 3.3776e+00, 1.1666e+00, 
 2DIAGNOSTIC,     2, -6.299274337803e-01, 1.797693134862e+308, 3.6804e+00, 3.0283e-01, 
 2DIAGNOSTIC,     3, -6.304606937643e-01, 1.797693134862e+308, 3.9594e+00, 2.7898e-01, 
 2DIAGNOSTIC,     4, -6.311440983296e-01, 1.797693134862e+308, 4.2677e+00, 3.0832e-01, 
 2DIAGNOSTIC,     5, -6.319613521826e-01, 1.797693134862e+308, 4.5574e+00, 2.8970e-01, 
 2DIAGNOSTIC,     6, -6.326508619772e-01, 1.797693134862e+308, 5.0950e+00, 5.3753e-01, 
 2DIAGNOSTIC,     7, -6.326442431916e-01, 1.797693134862e+308, 5.5165e+00, 4.2158e-01, 
 2DIAGNOSTIC,     8, -6.326421030424e-01, 1.797693134862e+308, 5.8460e+00, 3.2950e-01, 
 2DIAGNOSTIC,     9, -6.326413590536e-01, 1.797693134862e+308, 6.1856e+00, 3.3954e-01, 
 2DIAGNOSTIC,    10, -6.326405356735e-01, 3.607193943458e-04, 6.5374e+00, 3.5180e-01, 
 2DIAGNOSTIC,    11, -6.326380581165e-01, 2.475998154132e-04, 6.8450e+00, 3.0762e-01, 
 2DIAGNOSTIC,    12, -6.326382568774e-01, 1.509095233406e-04, 7.1201e+00, 2.7515e-01, 
 2DIAGNOSTIC,    13, -6.326371997022e-01, 7.419551252535e-05, 7.4086e+00, 2.8843e-01, 
 2DIAGNOSTIC,    14, -6.326376013571e-01, 2.341664880821e-05, 7.7283e+00, 3.1968e-01, 
 2DIAGNOSTIC,    15, -6.326364676423e-01, 1.358505373486e-06, 8.0030e+00, 2.7477e-01, 
 2DIAGNOSTIC,    16, -6.326355130407e-01, 1.489403019792e-06, 8.2983e+00, 2.9527e-01, 
 2DIAGNOSTIC,    17, -6.326348603637e-01, 1.460469340943e-06, 8.6689e+00, 3.7056e-01, 
 2DIAGNOSTIC,    18, -6.326337609514e-01, 1.391313751521e-06, 8.9620e+00, 2.9310e-01, 
 2DIAGNOSTIC,    19, -6.326327161756e-01, 1.322246844168e-06, 9.2332e+00, 2.7120e-01, 
 2DIAGNOSTIC,    20, -6.326305164494e-01, 1.226844824356e-06, 9.5101e+00, 2.7689e-01, 
 2DIAGNOSTIC,    21, -6.326298185573e-01, 1.107474524913e-06, 9.7782e+00, 2.6813e-01, 
 2DIAGNOSTIC,    22, -6.326281932740e-01, 1.008190502742e-06, 1.0047e+01, 2.6913e-01, 
DIAGNOSTIC,Iteration,metricValue,convergenceValue,ITERATION_TIME_INDEX,SINCE_LAST
 2DIAGNOSTIC,     1, -5.634463073226e-01, 1.797693134862e+308, 1.2975e+01, 2.9278e+00, 
 2DIAGNOSTIC,     2, -5.639251008877e-01, 1.797693134862e+308, 1.4886e+01, 1.9112e+00, 
 2DIAGNOSTIC,     3, -5.643935835889e-01, 1.797693134862e+308, 1.6697e+01, 1.8106e+00, 
 2DIAGNOSTIC,     4, -5.653421952171e-01, 1.797693134862e+308, 1.8636e+01, 1.9392e+00, 
 2DIAGNOSTIC,     5, -5.666806324478e-01, 1.797693134862e+308, 2.1622e+01, 2.9863e+00, 
 2DIAGNOSTIC,     6, -5.666788421405e-01, 1.797693134862e+308, 2.4111e+01, 2.4887e+00, 
 2DIAGNOSTIC,     7, -5.666781233162e-01, 1.797693134862e+308, 2.6301e+01, 2.1900e+00, 
 2DIAGNOSTIC,     8, -5.666783343867e-01, 1.797693134862e+308, 2.8715e+01, 2.4141e+00, 
 2DIAGNOSTIC,     9, -5.666785185556e-01, 1.797693134862e+308, 3.0968e+01, 2.2525e+00, 
 2DIAGNOSTIC,    10, -5.666783736201e-01, 3.983109880663e-04, 3.2876e+01, 1.9080e+00, 
 2DIAGNOSTIC,    11, -5.666784913577e-01, 2.625675726054e-04, 3.4984e+01, 2.1083e+00, 
 2DIAGNOSTIC,    12, -5.666782994615e-01, 1.470620269603e-04, 3.6873e+01, 1.8886e+00, 
 2DIAGNOSTIC,    13, -5.666782286664e-01, 5.397877084518e-05, 3.8747e+01, 1.8741e+00, 
 2DIAGNOSTIC,    14, -5.666780236355e-01, 2.168304690492e-06, 4.0836e+01, 2.0895e+00, 
 2DIAGNOSTIC,    15, -5.666779347355e-01, 2.084515216189e-06, 4.2592e+01, 1.7560e+00, 
 2DIAGNOSTIC,    16, -5.666778874953e-01, 1.957848503265e-06, 4.4491e+01, 1.8992e+00, 
 2DIAGNOSTIC,    17, -5.666778133301e-01, 1.825478018136e-06, 4.6190e+01, 1.6989e+00, 
 2DIAGNOSTIC,    18, -5.666777910224e-01, 1.717422480702e-06, 4.7901e+01, 1.7102e+00, 
 2DIAGNOSTIC,    19, -5.666778563389e-01, 1.632255918135e-06, 4.9974e+01, 2.0740e+00, 
 2DIAGNOSTIC,    20, -5.666779949090e-01, 1.559295820165e-06, 5.1724e+01, 1.7498e+00, 
 2DIAGNOSTIC,    21, -5.666780799444e-01, 1.501148820283e-06, 5.3592e+01, 1.8678e+00, 
 2DIAGNOSTIC,    22, -5.666783587763e-01, 1.451658144115e-06, 5.5299e+01, 1.7065e+00, 
 2DIAGNOSTIC,    23, -5.666783829003e-01, 1.405016439270e-06, 5.7790e+01, 2.4915e+00, 
 2DIAGNOSTIC,    24, -5.666783055671e-01, 1.354463832710e-06, 5.9807e+01, 2.0166e+00, 
 2DIAGNOSTIC,    25, -5.666779604844e-01, 1.296691516196e-06, 6.1855e+01, 2.0484e+00, 
 2DIAGNOSTIC,    26, -5.666779138204e-01, 1.239528327437e-06, 6.3845e+01, 1.9896e+00, 
 2DIAGNOSTIC,    27, -5.666778671332e-01, 1.182815007349e-06, 6.5728e+01, 1.8838e+00, 
 2DIAGNOSTIC,    28, -5.666776711970e-01, 1.125786410490e-06, 6.7488e+01, 1.7593e+00, 
 2DIAGNOSTIC,    29, -5.666775460383e-01, 1.072838892516e-06, 6.9414e+01, 1.9261e+00, 
 2DIAGNOSTIC,    30, -5.666775087183e-01, 1.027586754535e-06, 7.1121e+01, 1.7072e+00, 
  Elapsed time (stage 0): 7.2201e+01


Total elapsed time: 7.2204e+01
Info [verificarlo]: loaded backend libinterflop_vprec.so
Info [interflop-vprec]: load backend with: 
Info [interflop-vprec]: precision-binary32 = 15
Info [interflop-vprec]: range-binary32 = 8
Info [interflop-vprec]: precision-binary64 = 15
Info [interflop-vprec]: range-binary64 = 8
Info [interflop-vprec]: mode = ob
Info [interflop-vprec]: error-mode = rel
Info [interflop-vprec]: max-abs-error-exponent = -1022
Info [interflop-vprec]: daz = false
Info [interflop-vprec]: ftz = false
Info [interflop-vprec]: 	instrument = none
Info [interflop-vprec]: 	prec-input-file = (null)
Info [interflop-vprec]: 	prec-output-file = (null)
Info [interflop-vprec]: 	prec-log-file = (null)
All_Command_lines_OK
Using double precision for computations.
=============================================================================
The composite transform comprises the following transforms (in order): 
  1. /home/mdugre/scratch/mri-registration-rp/datasets/ds004513/derivatives/mri-registration-rp/0001/antsRegistration-r8-p15/sub-s017/affine_Composite.h5[0] (type = Euler3DTransform)
  2. /home/mdugre/scratch/mri-registration-rp/datasets/ds004513/derivatives/mri-registration-rp/0001/antsRegistration-r8-p15/sub-s017/affine_Composite.h5[1] (type = Euler3DTransform)
  3. /home/mdugre/scratch/mri-registration-rp/datasets/ds004513/derivatives/mri-registration-rp/0001/antsRegistration-r8-p15/sub-s017/affine_Composite.h5[2] (type = Euler3DTransform)
  4. /home/mdugre/scratch/mri-registration-rp/datasets/ds004513/derivatives/mri-registration-rp/0001/antsRegistration-r8-p15/sub-s017/affine_Composite.h5[3] (type = AffineTransform)
=============================================================================
  number of levels = 4
  fixed image: /templateflow/tpl-MNI152NLin2009cAsym/tpl-MNI152NLin2009cAsym_res-01_desc-brain_T1w.nii.gz
  moving image: /home/mdugre/scratch/mri-registration-rp/datasets/ds004513/derivatives/mri-registration-rp/antsBrainExtraction/sub-s017/BrainExtractionBrain.nii.gz
Dimension = 3
Number of stages = 1
Use histogram matching = false
Winsorize image intensities = true
  Lower quantile = 0.005
  Upper quantile = 0.995


Stage 1 State
   Image metric = CC
     Fixed image = Image (0x43096f0)
  RTTI typeinfo:   itk::Image<double, 3u>
  Reference Count: 2
  Modified Time: 1606
  Debug: Off
  Object Name: 
  Observers: 
    none
  Source: (none)
  Source output name: (none)
