
##########################
# Experiment information #
##########################

EXPERIMENT_NAME: antsRegistration-r7-p9
VFC_BACKENDS: libinterflop_vprec.so --range-binary32=7 --precision-binary32=9 --range-binary64=7 --precision-binary64=9

SIF_IMG: /home/mdugre/projects/rrg-glatard/mdugre/containers/ants-vprec-no_metrics.simg

SUBJECT_ID: s033
INPUT_IMG: /home/mdugre/scratch/mri-registration-rp/datasets/ds004513/derivatives/mri-registration-rp/antsBrainExtraction/sub-s033/BrainExtractionBrain.nii.gz
OUTPUT_DIR: /home/mdugre/scratch/mri-registration-rp/datasets/ds004513/derivatives/mri-registration-rp/0001/antsRegistration-r7-p9/sub-s033

FIXED_IMG: /templateflow/tpl-MNI152NLin2009cAsym/tpl-MNI152NLin2009cAsym_res-01_desc-brain_T1w.nii.gz
DATA_DIR: /home/mdugre/scratch/mri-registration-rp/datasets/ds004513
TEMPLATEFLOW_DIR: /home/mdugre/projects/rrg-glatard/mdugre/templateflow
ITK_GLOBAL_DEFAULT_NUMBER_OF_THREADS: 16
##########################

Info [verificarlo]: loaded backend libinterflop_ieee.so
Info [interflop-ieee]: load backend with:
Info [interflop-ieee]: debug = false
Info [interflop-ieee]: debug-binary = false
Info [interflop-ieee]: no-backend-name = false
Info [interflop-ieee]: print-new-line = false
Info [interflop-ieee]: print-subnormal-normalized = false
Info [interflop-ieee]: count-op = false
All_Command_lines_OK
Using double precision for computations.
=============================================================================
The composite transform comprises the following transforms (in order): 
  1. Center of mass alignment using fixed image: /templateflow/tpl-MNI152NLin2009cAsym/tpl-MNI152NLin2009cAsym_res-01_desc-brain_T1w.nii.gz and moving image: /home/mdugre/scratch/mri-registration-rp/datasets/ds004513/derivatives/mri-registration-rp/antsBrainExtraction/sub-s033/BrainExtractionBrain.nii.gz (type = Euler3DTransform)
=============================================================================
  number of levels = 1
  fixed image: /templateflow/tpl-MNI152NLin2009cAsym/tpl-MNI152NLin2009cAsym_res-01_desc-brain_T1w.nii.gz
  moving image: /home/mdugre/scratch/mri-registration-rp/datasets/ds004513/derivatives/mri-registration-rp/antsBrainExtraction/sub-s033/BrainExtractionBrain.nii.gz
Dimension = 3
Number of stages = 1
Use histogram matching = false
Winsorize image intensities = true
  Lower quantile = 0.005
  Upper quantile = 0.995


Stage 1 State
   Image metric = MattesMI
     Fixed image = Image (0x3bebbd0)
  RTTI typeinfo:   itk::Image<double, 3u>
  Reference Count: 2
  Modified Time: 2330
  Debug: Off
  Object Name: 
  Observers: 
    none
  Source: (none)
  Source output name: (none)
  Release Data: Off
  Data Released: False
  Global Release Data: Off
  PipelineMTime: 0
  UpdateMTime: 1941
  RealTimeStamp: 0 seconds 
  LargestPossibleRegion: 
    Dimension: 3
    Index: [0, 0, 0]
    Size: [193, 229, 193]
  BufferedRegion: 
    Dimension: 3
    Index: [0, 0, 0]
    Size: [193, 229, 193]
  RequestedRegion: 
    Dimension: 3
    Index: [0, 0, 0]
    Size: [193, 229, 193]
  Spacing: [1, 1, 1]
  Origin: [96, 132, -78]
  Direction: 
-1 0 0
0 -1 0
0 0 1

  IndexToPointMatrix: 
-1 0 0
0 -1 0
0 0 1

  PointToIndexMatrix: 
-1 0 0
0 -1 0
0 0 1

  Inverse Direction: 
-1 0 0
0 -1 0
0 0 1

  PixelContainer: 
    ImportImageContainer (0x3bf49e0)
      RTTI typeinfo:   itk::ImportImageContainer<unsigned long, double>
      Reference Count: 1
      Modified Time: 1938
      Debug: Off
      Object Name: 
      Observers: 
        none
      Pointer: 0x154a7e4e9010
      Container manages memory: true
      Size: 8530021
      Capacity: 8530021

     Moving image = Image (0x3bf5910)
  RTTI typeinfo:   itk::Image<double, 3u>
  Reference Count: 2
  Modified Time: 2331
  Debug: Off
  Object Name: 
  Observers: 
    none
  Source: (none)
  Source output name: (none)
  Release Data: Off
  Data Released: False
  Global Release Data: Off
  PipelineMTime: 0
  UpdateMTime: 2328
  RealTimeStamp: 0 seconds 
  LargestPossibleRegion: 
    Dimension: 3
    Index: [0, 0, 0]
    Size: [160, 240, 256]
  BufferedRegion: 
    Dimension: 3
    Index: [0, 0, 0]
    Size: [160, 240, 256]
  RequestedRegion: 
    Dimension: 3
    Index: [0, 0, 0]
    Size: [160, 240, 256]
  Spacing: [1, 1, 1]
  Origin: [91.5134, 94.282, -109.927]
  Direction: 
-0.99591 -0.0698718 -0.0572835
0.0697565 -0.997556 0.00401236
-0.0574239 5.01125e-08 0.99835

  IndexToPointMatrix: 
-0.99591 -0.0698718 -0.0572835
0.0697565 -0.997556 0.00401236
-0.0574239 5.01125e-08 0.99835

  PointToIndexMatrix: 
-0.99591 0.0697565 -0.0574239
-0.0698718 -0.997556 5.01483e-08
-0.0572835 0.00401236 0.99835

  Inverse Direction: 
-0.99591 0.0697565 -0.0574239
-0.0698718 -0.997556 5.01483e-08
-0.0572835 0.00401236 0.99835

  PixelContainer: 
    ImportImageContainer (0x3cdba50)
      RTTI typeinfo:   itk::ImportImageContainer<unsigned long, double>
      Reference Count: 1
      Modified Time: 2325
      Debug: Off
      Object Name: 
      Observers: 
        none
      Pointer: 0x154a799e8010
      Container manages memory: true
      Size: 9830400
      Capacity: 9830400

     Weighting = 1
     Sampling strategy = regular
     Number of bins = 32
     Radius = 4
     Sampling percentage  = 0.25
   Transform = Rigid
     Gradient step = 0.1
     Update field sigma (voxel space) = 0
     Total field sigma (voxel space) = 0
     Update field time sigma = 0
     Total field time sigma  = 0
     Number of time indices = 0
     Number of time point samples = 0
Registration using 1 total stages.

Stage 0
  iterations = 0
  convergence threshold = 1e-06
  convergence window size = 10
  number of levels = 1
  using the Mattes MI metric (number of bins = 32, weight = 1, use gradient filter = 0)
  preprocessing:  winsorizing the image intensities
  Shrink factors (level 1 out of 1): [1, 1, 1]
  smoothing sigmas per level: [0]
  regular sampling (percentage = 0.25)

*** Running Euler3DTransform registration ***

  Elapsed time (stage 0): 1.14397


Total elapsed time: 1.1472
Info [verificarlo]: loaded backend libinterflop_ieee.so
Info [interflop-ieee]: load backend with:
Info [interflop-ieee]: debug = false
Info [interflop-ieee]: debug-binary = false
Info [interflop-ieee]: no-backend-name = false
Info [interflop-ieee]: print-new-line = false
Info [interflop-ieee]: print-subnormal-normalized = false
Info [interflop-ieee]: count-op = false
All_Command_lines_OK
Using double precision for computations.
=============================================================================
The composite transform comprises the following transforms (in order): 
  1. /home/mdugre/scratch/mri-registration-rp/datasets/ds004513/derivatives/mri-registration-rp/0001/antsRegistration-r7-p9/sub-s033/align_Composite.h5[0] (type = Euler3DTransform)
  2. /home/mdugre/scratch/mri-registration-rp/datasets/ds004513/derivatives/mri-registration-rp/0001/antsRegistration-r7-p9/sub-s033/align_Composite.h5[1] (type = Euler3DTransform)
=============================================================================
  number of levels = 4
  fixed image: /templateflow/tpl-MNI152NLin2009cAsym/tpl-MNI152NLin2009cAsym_res-01_desc-brain_T1w.nii.gz
  moving image: /home/mdugre/scratch/mri-registration-rp/datasets/ds004513/derivatives/mri-registration-rp/antsBrainExtraction/sub-s033/BrainExtractionBrain.nii.gz
Dimension = 3
Number of stages = 1
Use histogram matching = false
Winsorize image intensities = true
  Lower quantile = 0.005
  Upper quantile = 0.995


Stage 1 State
   Image metric = MattesMI
     Fixed image = Image (0x4cbc530)
  RTTI typeinfo:   itk::Image<double, 3u>
  Reference Count: 2
  Modified Time: 1578
  Debug: Off
  Object Name: 
  Observers: 
    none
  Source: (none)
  Source output name: (none)
  Release Data: Off
  Data Released: False
  Global Release Data: Off
  PipelineMTime: 0
  UpdateMTime: 1189
  RealTimeStamp: 0 seconds 
  LargestPossibleRegion: 
    Dimension: 3
    Index: [0, 0, 0]
    Size: [193, 229, 193]
  BufferedRegion: 
    Dimension: 3
    Index: [0, 0, 0]
    Size: [193, 229, 193]
  RequestedRegion: 
    Dimension: 3
    Index: [0, 0, 0]
    Size: [193, 229, 193]
  Spacing: [1, 1, 1]
  Origin: [96, 132, -78]
  Direction: 
-1 0 0
0 -1 0
0 0 1

  IndexToPointMatrix: 
-1 0 0
0 -1 0
0 0 1

  PointToIndexMatrix: 
-1 0 0
0 -1 0
0 0 1

  Inverse Direction: 
-1 0 0
0 -1 0
0 0 1

  PixelContainer: 
    ImportImageContainer (0x4d7ad60)
      RTTI typeinfo:   itk::ImportImageContainer<unsigned long, double>
      Reference Count: 1
      Modified Time: 1186
      Debug: Off
      Object Name: 
      Observers: 
        none
      Pointer: 0x1467b6134010
      Container manages memory: true
      Size: 8530021
      Capacity: 8530021

     Moving image = Image (0x4d6cf60)
  RTTI typeinfo:   itk::Image<double, 3u>
  Reference Count: 2
  Modified Time: 1579
  Debug: Off
  Object Name: 
  Observers: 
    none
  Source: (none)
  Source output name: (none)
  Release Data: Off
  Data Released: False
  Global Release Data: Off
  PipelineMTime: 0
  UpdateMTime: 1576
  RealTimeStamp: 0 seconds 
  LargestPossibleRegion: 
    Dimension: 3
    Index: [0, 0, 0]
    Size: [160, 240, 256]
  BufferedRegion: 
    Dimension: 3
    Index: [0, 0, 0]
    Size: [160, 240, 256]
  RequestedRegion: 
    Dimension: 3
    Index: [0, 0, 0]
    Size: [160, 240, 256]
  Spacing: [1, 1, 1]
  Origin: [91.5134, 94.282, -109.927]
  Direction: 
-0.99591 -0.0698718 -0.0572835
0.0697565 -0.997556 0.00401236
-0.0574239 5.01125e-08 0.99835

  IndexToPointMatrix: 
-0.99591 -0.0698718 -0.0572835
0.0697565 -0.997556 0.00401236
-0.0574239 5.01125e-08 0.99835

  PointToIndexMatrix: 
-0.99591 0.0697565 -0.0574239
-0.0698718 -0.997556 5.01483e-08
-0.0572835 0.00401236 0.99835

  Inverse Direction: 
-0.99591 0.0697565 -0.0574239
-0.0698718 -0.997556 5.01483e-08
-0.0572835 0.00401236 0.99835

  PixelContainer: 
    ImportImageContainer (0x4d5e6d0)
      RTTI typeinfo:   itk::ImportImageContainer<unsigned long, double>
      Reference Count: 1
      Modified Time: 1573
      Debug: Off
      Object Name: 
      Observers: 
        none
      Pointer: 0x1467b1633010
      Container manages memory: true
      Size: 9830400
      Capacity: 9830400

     Weighting = 1
     Sampling strategy = regular
     Number of bins = 32
     Radius = 4
     Sampling percentage  = 0.25
   Transform = Rigid
     Gradient step = 0.1
     Update field sigma (voxel space) = 0
     Total field sigma (voxel space) = 0
     Update field time sigma = 0
     Total field time sigma  = 0
     Number of time indices = 0
     Number of time point samples = 0
Registration using 1 total stages.

Stage 0
  iterations = 1000x500x250x100
  convergence threshold = 1e-06
  convergence window size = 10
  number of levels = 4
  using the Mattes MI metric (number of bins = 32, weight = 1, use gradient filter = 0)
  preprocessing:  winsorizing the image intensities
  Shrink factors (level 1 out of 4): [8, 8, 8]
  Shrink factors (level 2 out of 4): [4, 4, 4]
  Shrink factors (level 3 out of 4): [2, 2, 2]
  Shrink factors (level 4 out of 4): [1, 1, 1]
  smoothing sigmas per level: [3, 2, 1, 0]
  regular sampling (percentage = 0.25)

*** Running Euler3DTransform registration ***

DIAGNOSTIC,Iteration,metricValue,convergenceValue,ITERATION_TIME_INDEX,SINCE_LAST
 2DIAGNOSTIC,     1, -4.945365495269e-01, 1.797693134862e+308, 7.1115e-01, 7.1115e-01, 
 2DIAGNOSTIC,     2, -4.961551199262e-01, 1.797693134862e+308, 7.1582e-01, 4.6690e-03, 
 2DIAGNOSTIC,     3, -4.991207097076e-01, 1.797693134862e+308, 7.2033e-01, 4.5099e-03, 
 2DIAGNOSTIC,     4, -5.030359852117e-01, 1.797693134862e+308, 7.2472e-01, 4.3929e-03, 
 2DIAGNOSTIC,     5, -5.059125054655e-01, 1.797693134862e+308, 7.2918e-01, 4.4601e-03, 
 2DIAGNOSTIC,     6, -5.092815596254e-01, 1.797693134862e+308, 7.3373e-01, 4.5471e-03, 
 2DIAGNOSTIC,     7, -5.205915484568e-01, 1.797693134862e+308, 7.3876e-01, 5.0290e-03, 
 2DIAGNOSTIC,     8, -5.236677933913e-01, 1.797693134862e+308, 7.4338e-01, 4.6220e-03, 
 2DIAGNOSTIC,     9, -5.261653611514e-01, 1.797693134862e+308, 7.4807e-01, 4.6890e-03, 
 2DIAGNOSTIC,    10, -5.313843279548e-01, 4.956236851461e-03, 7.5302e-01, 4.9500e-03, 
 2DIAGNOSTIC,    11, -5.461121550605e-01, 5.255951709877e-03, 7.5911e-01, 6.0921e-03, 
 2DIAGNOSTIC,    12, -5.563506773258e-01, 5.544499219495e-03, 7.6395e-01, 4.8370e-03, 
 2DIAGNOSTIC,    13, -6.011783753094e-01, 7.240286203989e-03, 7.6994e-01, 5.9941e-03, 
 2DIAGNOSTIC,    14, -6.166052825035e-01, 8.701253899239e-03, 7.7466e-01, 4.7231e-03, 
 2DIAGNOSTIC,    15, -6.211428291626e-01, 9.416357350996e-03, 7.7930e-01, 4.6339e-03, 
 2DIAGNOSTIC,    16, -6.235432151155e-01, 9.368281934066e-03, 7.8460e-01, 5.3072e-03, 
 2DIAGNOSTIC,    17, -6.347577460207e-01, 9.145335023100e-03, 7.9159e-01, 6.9849e-03, 
 2DIAGNOSTIC,    18, -6.413138476165e-01, 8.359392947112e-03, 7.9683e-01, 5.2390e-03, 
 2DIAGNOSTIC,    19, -6.420802709308e-01, 6.980623444631e-03, 8.0244e-01, 5.6081e-03, 
 2DIAGNOSTIC,    20, -6.425493365538e-01, 5.272872563670e-03, 8.0701e-01, 4.5769e-03, 
 2DIAGNOSTIC,    21, -6.431795002843e-01, 3.641466648890e-03, 8.1211e-01, 5.0941e-03, 
 2DIAGNOSTIC,    22, -6.434078408790e-01, 2.049113969781e-03, 8.1669e-01, 4.5841e-03, 
 2DIAGNOSTIC,    23, -6.435083887971e-01, 1.381096881089e-03, 8.2173e-01, 5.0428e-03, 
 2DIAGNOSTIC,    24, -6.436807751086e-01, 9.688116167685e-04, 8.2743e-01, 5.6930e-03, 
 2DIAGNOSTIC,    25, -6.439989369807e-01, 6.014653162711e-04, 8.3373e-01, 6.2981e-03, 
 2DIAGNOSTIC,    26, -6.448361514143e-01, 2.655195877726e-04, 8.3832e-01, 4.5960e-03, 
 2DIAGNOSTIC,    27, -6.460796039362e-01, 1.536864947880e-04, 8.4332e-01, 4.9942e-03, 
 2DIAGNOSTIC,    28, -6.463976198594e-01, 1.550353180256e-04, 8.4779e-01, 4.4789e-03, 
 2DIAGNOSTIC,    29, -6.463935459519e-01, 1.547432172991e-04, 8.5224e-01, 4.4501e-03, 
 2DIAGNOSTIC,    30, -6.464392298980e-01, 1.482978723066e-04, 8.5735e-01, 5.1050e-03, 
 2DIAGNOSTIC,    31, -6.463723508995e-01, 1.368671935714e-04, 8.6179e-01, 4.4448e-03, 
 2DIAGNOSTIC,    32, -6.464254415005e-01, 1.173266257235e-04, 8.6732e-01, 5.5301e-03, 
 2DIAGNOSTIC,    33, -6.464354984772e-01, 8.969335052370e-05, 8.8145e-01, 1.4124e-02, 
 2DIAGNOSTIC,    34, -6.464354984443e-01, 5.811493999889e-05, 8.9578e-01, 1.4334e-02, 
 2DIAGNOSTIC,    35, -6.464354984443e-01, 2.735370588314e-05, 9.0109e-01, 5.3098e-03, 
 2DIAGNOSTIC,    36, -6.464354984443e-01, 6.561967794763e-06, 9.0664e-01, 5.5430e-03, 
 2DIAGNOSTIC,    37, -6.464354984443e-01, 2.244495191317e-06, 9.1175e-01, 5.1181e-03, 
 2DIAGNOSTIC,    38, -6.464354984443e-01, 1.990753235995e-06, 9.1668e-01, 4.9229e-03, 
 2DIAGNOSTIC,    39, -6.464354984443e-01, 1.582336221818e-06, 9.2322e-01, 6.5441e-03, 
 2DIAGNOSTIC,    40, -6.464354984443e-01, 1.698174203934e-06, 9.2870e-01, 5.4781e-03, 
DIAGNOSTIC,Iteration,metricValue,convergenceValue,ITERATION_TIME_INDEX,SINCE_LAST
 2DIAGNOSTIC,     1, -5.367244448088e-01, 1.797693134862e+308, 1.6441e+00, 7.1538e-01, 
 2DIAGNOSTIC,     2, -5.380313831204e-01, 1.797693134862e+308, 1.6728e+00, 2.8719e-02, 
 2DIAGNOSTIC,     3, -5.401731906590e-01, 1.797693134862e+308, 1.7023e+00, 2.9537e-02, 
 2DIAGNOSTIC,     4, -5.431881341021e-01, 1.797693134862e+308, 1.7309e+00, 2.8588e-02, 
 2DIAGNOSTIC,     5, -5.453557594120e-01, 1.797693134862e+308, 1.7594e+00, 2.8486e-02, 
 2DIAGNOSTIC,     6, -5.461088564071e-01, 1.797693134862e+308, 1.7876e+00, 2.8156e-02, 
 2DIAGNOSTIC,     7, -5.462086679790e-01, 1.797693134862e+308, 1.8197e+00, 3.2179e-02, 
 2DIAGNOSTIC,     8, -5.464869266258e-01, 1.797693134862e+308, 1.8554e+00, 3.5666e-02, 
 2DIAGNOSTIC,     9, -5.465850812605e-01, 1.797693134862e+308, 1.8942e+00, 3.8777e-02, 
 2DIAGNOSTIC,    10, -5.466464835389e-01, 1.224741241941e-03, 1.9234e+00, 2.9229e-02, 
 2DIAGNOSTIC,    11, -5.470487704877e-01, 8.391099853929e-04, 1.9560e+00, 3.2544e-02, 
 2DIAGNOSTIC,    12, -5.471506827145e-01, 5.042748408033e-04, 1.9880e+00, 3.2046e-02, 
 2DIAGNOSTIC,    13, -5.471747724955e-01, 2.608963011727e-04, 2.0269e+00, 3.8871e-02, 
 2DIAGNOSTIC,    14, -5.471893678857e-01, 1.401592881154e-04, 2.0589e+00, 3.2053e-02, 
 2DIAGNOSTIC,    15, -5.471839957035e-01, 9.761649269027e-05, 2.0912e+00, 3.2279e-02, 
 2DIAGNOSTIC,    16, -5.471599231519e-01, 7.527612366351e-05, 2.1198e+00, 2.8585e-02, 
 2DIAGNOSTIC,    17, -5.471662423578e-01, 5.183183842512e-05, 2.1484e+00, 2.8656e-02, 
 2DIAGNOSTIC,    18, -5.471747031397e-01, 3.478201458249e-05, 2.1804e+00, 3.1907e-02, 
 2DIAGNOSTIC,    19, -5.471813454261e-01, 1.945634322616e-05, 2.2123e+00, 3.1910e-02, 
 2DIAGNOSTIC,    20, -5.471662917020e-01, 4.969852840375e-06, 2.2407e+00, 2.8459e-02, 
 2DIAGNOSTIC,    21, -5.471844161313e-01, 1.951270163877e-06, 2.2729e+00, 3.2151e-02, 
 2DIAGNOSTIC,    22, -5.471946857771e-01, 1.794833298110e-06, 2.3027e+00, 2.9851e-02, 
 2DIAGNOSTIC,    23, -5.472309779722e-01, 2.955893278818e-06, 2.3346e+00, 3.1902e-02, 
 2DIAGNOSTIC,    24, -5.472460349161e-01, 4.500346122399e-06, 2.3738e+00, 3.9211e-02, 
 2DIAGNOSTIC,    25, -5.473225346015e-01, 7.130561440291e-06, 2.4056e+00, 3.1790e-02, 
 2DIAGNOSTIC,    26, -5.474469324469e-01, 1.098290989356e-05, 2.4444e+00, 3.8802e-02, 
 2DIAGNOSTIC,    27, -5.481013381006e-01, 2.630865424944e-05, 2.4797e+00, 3.5311e-02, 
 2DIAGNOSTIC,    28, -5.480678931886e-01, 3.738991977295e-05, 2.5213e+00, 4.1599e-02, 
 2DIAGNOSTIC,    29, -5.482084716833e-01, 4.712038699328e-05, 2.5594e+00, 3.8064e-02, 
 2DIAGNOSTIC,    30, -5.482082519515e-01, 5.166413531148e-05, 2.5939e+00, 3.4501e-02, 
 2DIAGNOSTIC,    31, -5.482014616760e-01, 5.125920556426e-05, 2.6282e+00, 3.4247e-02, 
 2DIAGNOSTIC,    32, -5.481815957821e-01, 4.582630131963e-05, 2.6579e+00, 2.9782e-02, 
 2DIAGNOSTIC,    33, -5.481718258037e-01, 3.689942853081e-05, 2.6878e+00, 2.9905e-02, 
 2DIAGNOSTIC,    34, -5.481825627385e-01, 2.560031649996e-05, 2.7188e+00, 3.0948e-02, 
 2DIAGNOSTIC,    35, -5.481838558229e-01, 1.379952650510e-05, 2.7486e+00, 2.9817e-02, 
 2DIAGNOSTIC,    36, -5.481854580197e-01, 3.009189091616e-06, 2.7784e+00, 2.9813e-02, 
 2DIAGNOSTIC,    37, -5.482631349714e-01, 2.936494817800e-06, 2.8134e+00, 3.5019e-02, 
 2DIAGNOSTIC,    38, -5.482856021699e-01, 2.436032049264e-06, 2.8500e+00, 3.6560e-02, 
 2DIAGNOSTIC,    39, -5.482706827307e-01, 3.481471560363e-06, 2.8872e+00, 3.7198e-02, 
 2DIAGNOSTIC,    40, -5.481987796962e-01, 3.305068553873e-06, 2.9300e+00, 4.2763e-02, 
 2DIAGNOSTIC,    41, -5.482804367198e-01, 3.879566333052e-06, 2.9655e+00, 3.5540e-02, 
 2DIAGNOSTIC,    42, -5.481860298950e-01, 2.661525720583e-06, 3.0105e+00, 4.5004e-02, 
 2DIAGNOSTIC,    43, -5.482756829810e-01, 2.303924384658e-06, 3.0538e+00, 4.3286e-02, 
 2DIAGNOSTIC,    44, -5.483025263926e-01, 2.249173371185e-06, 3.0893e+00, 3.5537e-02, 
 2DIAGNOSTIC,    45, -5.482811791343e-01, 1.830925703189e-06, 3.1225e+00, 3.3154e-02, 
 2DIAGNOSTIC,    46, -5.482645576660e-01, 1.147571455400e-06, 3.1541e+00, 3.1603e-02, 
 2DIAGNOSTIC,    47, -5.482548592735e-01, 1.197194129398e-06, 3.2504e+00, 9.6336e-02, 
 2DIAGNOSTIC,    48, -5.482548592723e-01, 1.431424085149e-06, 3.3397e+00, 8.9275e-02, 
 2DIAGNOSTIC,    49, -5.482548592723e-01, 1.428700651188e-06, 3.3718e+00, 3.2106e-02, 
DIAGNOSTIC,Iteration,metricValue,convergenceValue,ITERATION_TIME_INDEX,SINCE_LAST
 2DIAGNOSTIC,     1, -4.661873901989e-01, 1.797693134862e+308, 4.5002e+00, 1.1284e+00, 
 2DIAGNOSTIC,     2, -4.663634380750e-01, 1.797693134862e+308, 4.7443e+00, 2.4419e-01, 
 2DIAGNOSTIC,     3, -4.665065249241e-01, 1.797693134862e+308, 4.9903e+00, 2.4596e-01, 
 2DIAGNOSTIC,     4, -4.666272918094e-01, 1.797693134862e+308, 5.2322e+00, 2.4190e-01, 
 2DIAGNOSTIC,     5, -4.667166862015e-01, 1.797693134862e+308, 5.4914e+00, 2.5917e-01, 
 2DIAGNOSTIC,     6, -4.668667205291e-01, 1.797693134862e+308, 5.7416e+00, 2.5025e-01, 
 2DIAGNOSTIC,     7, -4.669697635069e-01, 1.797693134862e+308, 6.0155e+00, 2.7386e-01, 
 2DIAGNOSTIC,     8, -4.670258374446e-01, 1.797693134862e+308, 6.3685e+00, 3.5298e-01, 
 2DIAGNOSTIC,     9, -4.670791300934e-01, 1.797693134862e+308, 6.6212e+00, 2.5270e-01, 
 2DIAGNOSTIC,    10, -4.671177510100e-01, 1.313511226296e-04, 6.8739e+00, 2.5272e-01, 
 2DIAGNOSTIC,    11, -4.671984767825e-01, 1.051591919893e-04, 7.1113e+00, 2.3741e-01, 
 2DIAGNOSTIC,    12, -4.674361568833e-01, 9.491592627625e-05, 7.4563e+00, 3.4503e-01, 
 2DIAGNOSTIC,    13, -4.675162736756e-01, 8.805887353158e-05, 7.6957e+00, 2.3935e-01, 
 2DIAGNOSTIC,    14, -4.675732970918e-01, 8.220417652144e-05, 8.0161e+00, 3.2043e-01, 
 2DIAGNOSTIC,    15, -4.675740512274e-01, 7.348852104587e-05, 8.3175e+00, 3.0142e-01, 
 2DIAGNOSTIC,    16, -4.675763011555e-01, 6.504188615501e-05, 8.6860e+00, 3.6852e-01, 
 2DIAGNOSTIC,    17, -4.675746329168e-01, 5.526875511403e-05, 8.9783e+00, 2.9226e-01, 
 2DIAGNOSTIC,    18, -4.675729971483e-01, 4.341888505956e-05, 9.2880e+00, 3.0974e-01, 
 2DIAGNOSTIC,    19, -4.675721446762e-01, 3.071892585516e-05, 9.5523e+00, 2.6421e-01, 
 2DIAGNOSTIC,    20, -4.675713473991e-01, 1.779076819440e-05, 9.7647e+00, 2.1246e-01, 
 2DIAGNOSTIC,    21, -4.675677818161e-01, 6.677446624331e-06, 1.0009e+01, 2.4434e-01, 
 2DIAGNOSTIC,    22, -4.675680923373e-01, 2.633238164566e-06, 1.0249e+01, 2.4016e-01, 
DIAGNOSTIC,Iteration,metricValue,convergenceValue,ITERATION_TIME_INDEX,SINCE_LAST
 2DIAGNOSTIC,     1, -4.258650649660e-01, 1.797693134862e+308, 1.2735e+01, 2.4857e+00, 
 2DIAGNOSTIC,     2, -4.259686056095e-01, 1.797693134862e+308, 1.4083e+01, 1.3478e+00, 
 2DIAGNOSTIC,     3, -4.260095403432e-01, 1.797693134862e+308, 1.5887e+01, 1.8043e+00, 
 2DIAGNOSTIC,     4, -4.260079710880e-01, 1.797693134862e+308, 1.8169e+01, 2.2821e+00, 
 2DIAGNOSTIC,     5, -4.260082647013e-01, 1.797693134862e+308, 1.9817e+01, 1.6474e+00, 
 2DIAGNOSTIC,     6, -4.260081776852e-01, 1.797693134862e+308, 2.1473e+01, 1.6560e+00, 
 2DIAGNOSTIC,     7, -4.260081199589e-01, 1.797693134862e+308, 2.3138e+01, 1.6657e+00, 
 2DIAGNOSTIC,     8, -4.260081564388e-01, 1.797693134862e+308, 2.4850e+01, 1.7113e+00, 
 2DIAGNOSTIC,     9, -4.260079675031e-01, 1.797693134862e+308, 2.6363e+01, 1.5132e+00, 
 2DIAGNOSTIC,    10, -4.260077815235e-01, 1.493561259974e-05, 2.7706e+01, 1.3431e+00, 
 2DIAGNOSTIC,    11, -4.260079138884e-01, 5.179077652989e-06, 2.9402e+01, 1.6963e+00, 
 2DIAGNOSTIC,    12, -4.260079252420e-01, 2.534362012599e-06, 3.0928e+01, 1.5261e+00, 
 2DIAGNOSTIC,    13, -4.260078312511e-01, 2.405386250653e-06, 3.2284e+01, 1.3553e+00, 
 2DIAGNOSTIC,    14, -4.260077425542e-01, 2.219526124780e-06, 3.3851e+01, 1.5669e+00, 
 2DIAGNOSTIC,    15, -4.260076611187e-01, 2.073020833812e-06, 3.5355e+01, 1.5042e+00, 
 2DIAGNOSTIC,    16, -4.260077984652e-01, 1.951183560195e-06, 3.7219e+01, 1.8640e+00, 
 2DIAGNOSTIC,    17, -4.260079135406e-01, 1.848824047891e-06, 3.9083e+01, 1.8640e+00, 
 2DIAGNOSTIC,    18, -4.260078163883e-01, 1.757815678842e-06, 4.0630e+01, 1.5469e+00, 
 2DIAGNOSTIC,    19, -4.260077185260e-01, 1.667742404322e-06, 4.2144e+01, 1.5141e+00, 
 2DIAGNOSTIC,    20, -4.260074173579e-01, 1.571014230907e-06, 4.3456e+01, 1.3125e+00, 
 2DIAGNOSTIC,    21, -4.260074252223e-01, 1.489787308441e-06, 4.5002e+01, 1.5457e+00, 
 2DIAGNOSTIC,    22, -4.260075360840e-01, 1.421765558236e-06, 4.6484e+01, 1.4819e+00, 
 2DIAGNOSTIC,    23, -4.260073441846e-01, 1.353551750197e-06, 4.7844e+01, 1.3599e+00, 
 2DIAGNOSTIC,    24, -4.260069570185e-01, 1.281005266307e-06, 4.9324e+01, 1.4803e+00, 
 2DIAGNOSTIC,    25, -4.260076022070e-01, 1.233794571079e-06, 5.1024e+01, 1.6994e+00, 
 2DIAGNOSTIC,    26, -4.260079225645e-01, 1.204778291165e-06, 5.2680e+01, 1.6563e+00, 
 2DIAGNOSTIC,    27, -4.260077303961e-01, 1.177467012448e-06, 5.4234e+01, 1.5544e+00, 
 2DIAGNOSTIC,    28, -4.260077486133e-01, 1.150850206369e-06, 5.5732e+01, 1.4978e+00, 
 2DIAGNOSTIC,    29, -4.260074603172e-01, 1.116199498497e-06, 5.7267e+01, 1.5352e+00, 
 2DIAGNOSTIC,    30, -4.260072852506e-01, 1.071281541934e-06, 5.8865e+01, 1.5981e+00, 
 2DIAGNOSTIC,    31, -4.260077330744e-01, 1.037665196657e-06, 6.0337e+01, 1.4713e+00, 
 2DIAGNOSTIC,    32, -4.260076571577e-01, 1.005655347837e-06, 6.1848e+01, 1.5114e+00, 
  Elapsed time (stage 0): 6.2740e+01


Total elapsed time: 6.2743e+01
Info [verificarlo]: loaded backend libinterflop_ieee.so
Info [interflop-ieee]: load backend with:
Info [interflop-ieee]: debug = false
Info [interflop-ieee]: debug-binary = false
Info [interflop-ieee]: no-backend-name = false
Info [interflop-ieee]: print-new-line = false
Info [interflop-ieee]: print-subnormal-normalized = false
Info [interflop-ieee]: count-op = false
All_Command_lines_OK
Using double precision for computations.
=============================================================================
The composite transform comprises the following transforms (in order): 
  1. /home/mdugre/scratch/mri-registration-rp/datasets/ds004513/derivatives/mri-registration-rp/0001/antsRegistration-r7-p9/sub-s033/rigid_Composite.h5[0] (type = Euler3DTransform)
  2. /home/mdugre/scratch/mri-registration-rp/datasets/ds004513/derivatives/mri-registration-rp/0001/antsRegistration-r7-p9/sub-s033/rigid_Composite.h5[1] (type = Euler3DTransform)
  3. /home/mdugre/scratch/mri-registration-rp/datasets/ds004513/derivatives/mri-registration-rp/0001/antsRegistration-r7-p9/sub-s033/rigid_Composite.h5[2] (type = Euler3DTransform)
=============================================================================
  number of levels = 4
  fixed image: /templateflow/tpl-MNI152NLin2009cAsym/tpl-MNI152NLin2009cAsym_res-01_desc-brain_T1w.nii.gz
  moving image: /home/mdugre/scratch/mri-registration-rp/datasets/ds004513/derivatives/mri-registration-rp/antsBrainExtraction/sub-s033/BrainExtractionBrain.nii.gz
Dimension = 3
Number of stages = 1
Use histogram matching = false
Winsorize image intensities = true
  Lower quantile = 0.005
  Upper quantile = 0.995


Stage 1 State
   Image metric = MattesMI
     Fixed image = Image (0x39ff530)
  RTTI typeinfo:   itk::Image<double, 3u>
  Reference Count: 2
  Modified Time: 1592
  Debug: Off
  Object Name: 
  Observers: 
    none
  Source: (none)
  Source output name: (none)
  Release Data: Off
  Data Released: False
  Global Release Data: Off
  PipelineMTime: 0
  UpdateMTime: 1203
  RealTimeStamp: 0 seconds 
  LargestPossibleRegion: 
    Dimension: 3
    Index: [0, 0, 0]
    Size: [193, 229, 193]
  BufferedRegion: 
    Dimension: 3
    Index: [0, 0, 0]
    Size: [193, 229, 193]
  RequestedRegion: 
    Dimension: 3
    Index: [0, 0, 0]
    Size: [193, 229, 193]
  Spacing: [1, 1, 1]
  Origin: [96, 132, -78]
  Direction: 
-1 0 0
0 -1 0
0 0 1

  IndexToPointMatrix: 
-1 0 0
0 -1 0
0 0 1

  PointToIndexMatrix: 
-1 0 0
0 -1 0
0 0 1

  Inverse Direction: 
-1 0 0
0 -1 0
0 0 1

  PixelContainer: 
    ImportImageContainer (0x3ab82a0)
      RTTI typeinfo:   itk::ImportImageContainer<unsigned long, double>
      Reference Count: 1
      Modified Time: 1200
      Debug: Off
      Object Name: 
      Observers: 
        none
      Pointer: 0x15135ab60010
      Container manages memory: true
      Size: 8530021
      Capacity: 8530021

     Moving image = Image (0x3abae60)
  RTTI typeinfo:   itk::Image<double, 3u>
  Reference Count: 2
  Modified Time: 1593
  Debug: Off
  Object Name: 
  Observers: 
    none
  Source: (none)
  Source output name: (none)
  Release Data: Off
  Data Released: False
  Global Release Data: Off
  PipelineMTime: 0
  UpdateMTime: 1590
  RealTimeStamp: 0 seconds 
  LargestPossibleRegion: 
    Dimension: 3
    Index: [0, 0, 0]
    Size: [160, 240, 256]
  BufferedRegion: 
    Dimension: 3
    Index: [0, 0, 0]
    Size: [160, 240, 256]
  RequestedRegion: 
    Dimension: 3
    Index: [0, 0, 0]
    Size: [160, 240, 256]
  Spacing: [1, 1, 1]
  Origin: [91.5134, 94.282, -109.927]
  Direction: 
-0.99591 -0.0698718 -0.0572835
0.0697565 -0.997556 0.00401236
-0.0574239 5.01125e-08 0.99835

  IndexToPointMatrix: 
-0.99591 -0.0698718 -0.0572835
0.0697565 -0.997556 0.00401236
-0.0574239 5.01125e-08 0.99835

  PointToIndexMatrix: 
-0.99591 0.0697565 -0.0574239
-0.0698718 -0.997556 5.01483e-08
-0.0572835 0.00401236 0.99835

  Inverse Direction: 
-0.99591 0.0697565 -0.0574239
-0.0698718 -0.997556 5.01483e-08
-0.0572835 0.00401236 0.99835

  PixelContainer: 
    ImportImageContainer (0x3aee390)
      RTTI typeinfo:   itk::ImportImageContainer<unsigned long, double>
      Reference Count: 1
      Modified Time: 1587
      Debug: Off
      Object Name: 
      Observers: 
        none
      Pointer: 0x15135605f010
      Container manages memory: true
      Size: 9830400
      Capacity: 9830400

     Weighting = 1
     Sampling strategy = regular
     Number of bins = 32
     Radius = 4
     Sampling percentage  = 0.25
   Transform = Affine
     Gradient step = 0.1
     Update field sigma (voxel space) = 0
     Total field sigma (voxel space) = 0
     Update field time sigma = 0
     Total field time sigma  = 0
     Number of time indices = 0
     Number of time point samples = 0
Registration using 1 total stages.

Stage 0
  iterations = 1000x500x250x100
  convergence threshold = 1e-06
  convergence window size = 10
  number of levels = 4
  using the Mattes MI metric (number of bins = 32, weight = 1, use gradient filter = 0)
  preprocessing:  winsorizing the image intensities
  Shrink factors (level 1 out of 4): [8, 8, 8]
  Shrink factors (level 2 out of 4): [4, 4, 4]
  Shrink factors (level 3 out of 4): [2, 2, 2]
  Shrink factors (level 4 out of 4): [1, 1, 1]
  smoothing sigmas per level: [3, 2, 1, 0]
  regular sampling (percentage = 0.25)

*** Running AffineTransform registration ***

DIAGNOSTIC,Iteration,metricValue,convergenceValue,ITERATION_TIME_INDEX,SINCE_LAST
 2DIAGNOSTIC,     1, -6.382808867472e-01, 1.797693134862e+308, 8.2776e-01, 8.2776e-01, 
 2DIAGNOSTIC,     2, -6.407463493134e-01, 1.797693134862e+308, 8.3372e-01, 5.9590e-03, 
 2DIAGNOSTIC,     3, -6.451563645031e-01, 1.797693134862e+308, 8.3998e-01, 6.2580e-03, 
 2DIAGNOSTIC,     4, -6.521822626576e-01, 1.797693134862e+308, 8.4518e-01, 5.2021e-03, 
 2DIAGNOSTIC,     5, -6.630833213146e-01, 1.797693134862e+308, 8.5003e-01, 4.8509e-03, 
 2DIAGNOSTIC,     6, -6.815411886475e-01, 1.797693134862e+308, 8.5568e-01, 5.6460e-03, 
 2DIAGNOSTIC,     7, -7.249746175260e-01, 1.797693134862e+308, 8.6212e-01, 6.4452e-03, 
 2DIAGNOSTIC,     8, -8.402282938148e-01, 1.797693134862e+308, 8.6806e-01, 5.9352e-03, 
 2DIAGNOSTIC,     9, -8.670069705401e-01, 1.797693134862e+308, 8.7656e-01, 8.5061e-03, 
 2DIAGNOSTIC,    10, -8.690401099031e-01, 2.370985492686e-02, 8.8194e-01, 5.3730e-03, 
 2DIAGNOSTIC,    11, -8.788721148649e-01, 2.366341106827e-02, 8.8716e-01, 5.2280e-03, 
 2DIAGNOSTIC,    12, -8.887401982164e-01, 2.187541753212e-02, 8.9243e-01, 5.2629e-03, 
 2DIAGNOSTIC,    13, -8.929105315929e-01, 1.864052700412e-02, 8.9839e-01, 5.9662e-03, 
 2DIAGNOSTIC,    14, -8.986909381814e-01, 1.459667355908e-02, 9.0448e-01, 6.0909e-03, 
 2DIAGNOSTIC,    15, -9.051774873129e-01, 1.031730425089e-02, 9.1312e-01, 8.6331e-03, 
 2DIAGNOSTIC,    16, -9.052618883993e-01, 6.142521926503e-03, 9.1992e-01, 6.7999e-03, 
 2DIAGNOSTIC,    17, -9.054082815066e-01, 2.821913179209e-03, 9.2635e-01, 6.4349e-03, 
 2DIAGNOSTIC,    18, -9.053914749845e-01, 1.922270253713e-03, 9.3213e-01, 5.7831e-03, 
 2DIAGNOSTIC,    19, -9.051681457469e-01, 1.446991169241e-03, 9.3763e-01, 5.4989e-03, 
 2DIAGNOSTIC,    20, -9.052885019853e-01, 9.252438909505e-04, 9.4287e-01, 5.2328e-03, 
 2DIAGNOSTIC,    21, -9.054640434013e-01, 5.364311703906e-04, 9.4845e-01, 5.5830e-03, 
 2DIAGNOSTIC,    22, -9.056613201783e-01, 2.964404449790e-04, 9.5410e-01, 5.6520e-03, 
 2DIAGNOSTIC,    23, -9.057499473677e-01, 1.145867803298e-04, 9.5975e-01, 5.6489e-03, 
 2DIAGNOSTIC,    24, -9.059297534023e-01, 2.165538973665e-05, 9.6510e-01, 5.3499e-03, 
 2DIAGNOSTIC,    25, -9.059770149909e-01, 2.442993246455e-05, 9.7075e-01, 5.6500e-03, 
 2DIAGNOSTIC,    26, -9.061317693098e-01, 2.782183975700e-05, 9.7664e-01, 5.8880e-03, 
 2DIAGNOSTIC,    27, -9.061747686300e-01, 3.077138372858e-05, 9.8194e-01, 5.3022e-03, 
 2DIAGNOSTIC,    28, -9.064752603565e-01, 3.426726961187e-05, 9.8781e-01, 5.8651e-03, 
 2DIAGNOSTIC,    29, -9.066319256436e-01, 3.352963087258e-05, 9.9460e-01, 6.7899e-03, 
 2DIAGNOSTIC,    30, -9.067507371186e-01, 3.244518556895e-05, 1.0027e+00, 8.0879e-03, 
 2DIAGNOSTIC,    31, -9.064762860770e-01, 2.739333603838e-05, 1.0086e+00, 5.9009e-03, 
 2DIAGNOSTIC,    32, -9.065569682802e-01, 2.321303162469e-05, 1.0138e+00, 5.1858e-03, 
 2DIAGNOSTIC,    33, -9.066472764584e-01, 1.890641064982e-05, 1.0194e+00, 5.6751e-03, 
 2DIAGNOSTIC,    34, -9.065473525040e-01, 1.387253888138e-05, 1.0249e+00, 5.4491e-03, 
 2DIAGNOSTIC,    35, -9.062780213982e-01, 5.851196270432e-06, 1.0304e+00, 5.4760e-03, 
DIAGNOSTIC,Iteration,metricValue,convergenceValue,ITERATION_TIME_INDEX,SINCE_LAST
 2DIAGNOSTIC,     1, -7.442986398922e-01, 1.797693134862e+308, 1.7679e+00, 7.3753e-01, 
 2DIAGNOSTIC,     2, -7.450905401212e-01, 1.797693134862e+308, 1.8052e+00, 3.7327e-02, 
 2DIAGNOSTIC,     3, -7.459148781661e-01, 1.797693134862e+308, 1.8405e+00, 3.5324e-02, 
 2DIAGNOSTIC,     4, -7.466475014183e-01, 1.797693134862e+308, 1.8818e+00, 4.1213e-02, 
 2DIAGNOSTIC,     5, -7.473884521048e-01, 1.797693134862e+308, 1.9150e+00, 3.3270e-02, 
 2DIAGNOSTIC,     6, -7.484009759855e-01, 1.797693134862e+308, 1.9797e+00, 6.4683e-02, 
 2DIAGNOSTIC,     7, -7.483881536188e-01, 1.797693134862e+308, 2.0121e+00, 3.2418e-02, 
 2DIAGNOSTIC,     8, -7.484149211398e-01, 1.797693134862e+308, 2.0574e+00, 4.5235e-02, 
 2DIAGNOSTIC,     9, -7.484239879424e-01, 1.797693134862e+308, 2.0946e+00, 3.7275e-02, 
 2DIAGNOSTIC,    10, -7.484159389535e-01, 3.746283941144e-04, 2.1333e+00, 3.8609e-02, 
 2DIAGNOSTIC,    11, -7.484100156417e-01, 2.528381907145e-04, 2.1732e+00, 3.9940e-02, 
 2DIAGNOSTIC,    12, -7.484192629552e-01, 1.541598405530e-04, 2.2061e+00, 3.2925e-02, 
 2DIAGNOSTIC,    13, -7.484192707451e-01, 8.122013481834e-05, 2.2398e+00, 3.3665e-02, 
 2DIAGNOSTIC,    14, -7.484410281245e-01, 3.178979502223e-05, 2.2766e+00, 3.6805e-02, 
 2DIAGNOSTIC,    15, -7.484575336551e-01, 4.723848146190e-06, 2.3113e+00, 3.4711e-02, 
 2DIAGNOSTIC,    16, -7.484848637042e-01, 5.529981651653e-06, 2.3467e+00, 3.5408e-02, 
 2DIAGNOSTIC,    17, -7.485359383168e-01, 6.744838188563e-06, 2.3879e+00, 4.1234e-02, 
 2DIAGNOSTIC,    18, -7.485696446218e-01, 8.621238184507e-06, 2.4313e+00, 4.3361e-02, 
 2DIAGNOSTIC,    19, -7.485661334704e-01, 9.775679535272e-06, 2.4769e+00, 4.5576e-02, 
 2DIAGNOSTIC,    20, -7.485605815049e-01, 9.825478078096e-06, 2.5199e+00, 4.3073e-02, 
 2DIAGNOSTIC,    21, -7.485558700115e-01, 8.911839530418e-06, 2.5567e+00, 3.6728e-02, 
 2DIAGNOSTIC,    22, -7.485702165571e-01, 7.788890428712e-06, 2.5976e+00, 4.0875e-02, 
 2DIAGNOSTIC,    23, -7.486015765030e-01, 6.667367400348e-06, 2.6355e+00, 3.7938e-02, 
 2DIAGNOSTIC,    24, -7.486390788678e-01, 6.079884830028e-06, 2.6750e+00, 3.9552e-02, 
 2DIAGNOSTIC,    25, -7.486775078385e-01, 5.928717530426e-06, 2.7119e+00, 3.6848e-02, 
 2DIAGNOSTIC,    26, -7.486551116839e-01, 5.405876061008e-06, 2.7527e+00, 4.0785e-02, 
 2DIAGNOSTIC,    27, -7.486360501350e-01, 4.982302443605e-06, 2.7881e+00, 3.5396e-02, 
 2DIAGNOSTIC,    28, -7.486396442607e-01, 4.738256686065e-06, 2.8287e+00, 4.0644e-02, 
 2DIAGNOSTIC,    29, -7.486186872918e-01, 3.833954446815e-06, 2.8761e+00, 4.7341e-02, 
 2DIAGNOSTIC,    30, -7.486194071983e-01, 2.675730894228e-06, 2.9285e+00, 5.2397e-02, 
 2DIAGNOSTIC,    31, -7.486194555043e-01, 1.390496416065e-06, 2.9662e+00, 3.7760e-02, 
DIAGNOSTIC,Iteration,metricValue,convergenceValue,ITERATION_TIME_INDEX,SINCE_LAST
 2DIAGNOSTIC,     1, -6.324350711401e-01, 1.797693134862e+308, 4.0904e+00, 1.1242e+00, 
 2DIAGNOSTIC,     2, -6.330360797453e-01, 1.797693134862e+308, 4.4178e+00, 3.2740e-01, 
 2DIAGNOSTIC,     3, -6.336830000066e-01, 1.797693134862e+308, 4.7496e+00, 3.3187e-01, 
 2DIAGNOSTIC,     4, -6.345164749546e-01, 1.797693134862e+308, 5.0580e+00, 3.0834e-01, 
 2DIAGNOSTIC,     5, -6.368036201175e-01, 1.797693134862e+308, 5.7148e+00, 6.5684e-01, 
 2DIAGNOSTIC,     6, -6.368032202064e-01, 1.797693134862e+308, 6.0539e+00, 3.3912e-01, 
 2DIAGNOSTIC,     7, -6.367989740889e-01, 1.797693134862e+308, 6.4026e+00, 3.4869e-01, 
 2DIAGNOSTIC,     8, -6.367986645195e-01, 1.797693134862e+308, 6.7346e+00, 3.3200e-01, 
 2DIAGNOSTIC,     9, -6.367978469402e-01, 1.797693134862e+308, 7.0034e+00, 2.6882e-01, 
 2DIAGNOSTIC,    10, -6.367946045596e-01, 4.906437028555e-04, 7.3237e+00, 3.2030e-01, 
 2DIAGNOSTIC,    11, -6.367952524503e-01, 3.312202716104e-04, 7.6186e+00, 2.9482e-01, 
 2DIAGNOSTIC,    12, -6.367949272902e-01, 1.924342357481e-04, 7.9362e+00, 3.1769e-01, 
 2DIAGNOSTIC,    13, -6.367942094339e-01, 8.024900664333e-05, 8.2095e+00, 2.7321e-01, 
 2DIAGNOSTIC,    14, -6.367925543231e-01, 1.512279121402e-06, 8.5579e+00, 3.4847e-01, 
 2DIAGNOSTIC,    15, -6.367930191214e-01, 1.521980696431e-06, 8.8916e+00, 3.3365e-01, 
 2DIAGNOSTIC,    16, -6.367919445478e-01, 1.546194040691e-06, 9.2075e+00, 3.1594e-01, 
 2DIAGNOSTIC,    17, -6.367907489940e-01, 1.464418260856e-06, 9.4973e+00, 2.8978e-01, 
 2DIAGNOSTIC,    18, -6.367897045420e-01, 1.396991411204e-06, 9.8257e+00, 3.2838e-01, 
 2DIAGNOSTIC,    19, -6.367887288699e-01, 1.331874323891e-06, 1.0160e+01, 3.3477e-01, 
 2DIAGNOSTIC,    20, -6.367891657384e-01, 1.241780852049e-06, 1.0522e+01, 3.6162e-01, 
 2DIAGNOSTIC,    21, -6.367881858810e-01, 1.184860846819e-06, 1.0782e+01, 2.5996e-01, 
 2DIAGNOSTIC,    22, -6.367875057536e-01, 1.144740637241e-06, 1.1103e+01, 3.2061e-01, 
 2DIAGNOSTIC,    23, -6.367853211777e-01, 1.081524610043e-06, 1.1433e+01, 3.3002e-01, 
 2DIAGNOSTIC,    24, -6.367856136173e-01, 1.026808295577e-06, 1.1703e+01, 2.7061e-01, 
DIAGNOSTIC,Iteration,metricValue,convergenceValue,ITERATION_TIME_INDEX,SINCE_LAST
 2DIAGNOSTIC,     1, -5.628294359782e-01, 1.797693134862e+308, 1.4716e+01, 3.0132e+00, 
 2DIAGNOSTIC,     2, -5.630143149579e-01, 1.797693134862e+308, 1.6541e+01, 1.8242e+00, 
 2DIAGNOSTIC,     3, -5.631909342637e-01, 1.797693134862e+308, 1.8471e+01, 1.9303e+00, 
 2DIAGNOSTIC,     4, -5.634969352250e-01, 1.797693134862e+308, 2.0628e+01, 2.1569e+00, 
 2DIAGNOSTIC,     5, -5.639307641775e-01, 1.797693134862e+308, 2.4258e+01, 3.6303e+00, 
 2DIAGNOSTIC,     6, -5.639343001941e-01, 1.797693134862e+308, 2.6019e+01, 1.7604e+00, 
 2DIAGNOSTIC,     7, -5.639357425092e-01, 1.797693134862e+308, 2.7747e+01, 1.7287e+00, 
 2DIAGNOSTIC,     8, -5.639380106711e-01, 1.797693134862e+308, 2.9378e+01, 1.6308e+00, 
 2DIAGNOSTIC,     9, -5.639426292498e-01, 1.797693134862e+308, 3.1070e+01, 1.6918e+00, 
 2DIAGNOSTIC,    10, -5.639461795523e-01, 1.371989568626e-04, 3.2820e+01, 1.7499e+00, 
 2DIAGNOSTIC,    11, -5.639484504236e-01, 9.046891526256e-05, 3.5555e+01, 2.7354e+00, 
 2DIAGNOSTIC,    12, -5.639488913371e-01, 5.170555649510e-05, 3.7784e+01, 2.2284e+00, 
 2DIAGNOSTIC,    13, -5.639486954727e-01, 2.118721412626e-05, 3.9716e+01, 1.9321e+00, 
 2DIAGNOSTIC,    14, -5.639487463905e-01, 3.902658298277e-06, 4.1917e+01, 2.2018e+00, 
 2DIAGNOSTIC,    15, -5.639487157230e-01, 3.350852820314e-06, 4.4008e+01, 2.0905e+00, 
 2DIAGNOSTIC,    16, -5.639486438265e-01, 2.864668395636e-06, 4.5721e+01, 1.7134e+00, 
 2DIAGNOSTIC,    17, -5.639484767781e-01, 2.393956178681e-06, 4.7717e+01, 1.9960e+00, 
 2DIAGNOSTIC,    18, -5.639484231269e-01, 1.988013137819e-06, 4.9651e+01, 1.9334e+00, 
 2DIAGNOSTIC,    19, -5.639483693919e-01, 1.723697327455e-06, 5.1510e+01, 1.8597e+00, 
 2DIAGNOSTIC,    20, -5.639479971369e-01, 1.559756382753e-06, 5.3627e+01, 2.1160e+00, 
 2DIAGNOSTIC,    21, -5.639479478134e-01, 1.467594656711e-06, 5.5540e+01, 1.9136e+00, 
 2DIAGNOSTIC,    22, -5.639477169731e-01, 1.393186728156e-06, 5.7256e+01, 1.7157e+00, 
 2DIAGNOSTIC,    23, -5.639476765109e-01, 1.325010633810e-06, 5.9121e+01, 1.8649e+00, 
 2DIAGNOSTIC,    24, -5.639477451844e-01, 1.270446568134e-06, 6.0880e+01, 1.7595e+00, 
 2DIAGNOSTIC,    25, -5.639477142950e-01, 1.224191849211e-06, 6.2822e+01, 1.9422e+00, 
 2DIAGNOSTIC,    26, -5.639480569005e-01, 1.191449851327e-06, 6.4721e+01, 1.8983e+00, 
