
##########################
# Experiment information #
##########################

EXPERIMENT_NAME: antsRegistration-r8-p6
VFC_BACKENDS: libinterflop_vprec.so --range-binary32=8 --precision-binary32=6 --range-binary64=8 --precision-binary64=6

SIF_IMG: /home/mdugre/projects/rrg-glatard/mdugre/containers/ants-vprec-no_metrics.simg

SUBJECT_ID: s003
INPUT_IMG: /home/mdugre/scratch/mri-registration-rp/datasets/ds004513/derivatives/mri-registration-rp/antsBrainExtraction/sub-s003/BrainExtractionBrain.nii.gz
OUTPUT_DIR: /home/mdugre/scratch/mri-registration-rp/datasets/ds004513/derivatives/mri-registration-rp/0001/antsRegistration-r8-p6/sub-s003

FIXED_IMG: /templateflow/tpl-MNI152NLin2009cAsym/tpl-MNI152NLin2009cAsym_res-01_desc-brain_T1w.nii.gz
DATA_DIR: /home/mdugre/scratch/mri-registration-rp/datasets/ds004513
TEMPLATEFLOW_DIR: /home/mdugre/projects/rrg-glatard/mdugre/templateflow
ITK_GLOBAL_DEFAULT_NUMBER_OF_THREADS: 16
##########################

Info [verificarlo]: loaded backend libinterflop_ieee.so
Info [interflop-ieee]: load backend with:
Info [interflop-ieee]: debug = false
Info [interflop-ieee]: debug-binary = false
Info [interflop-ieee]: no-backend-name = false
Info [interflop-ieee]: print-new-line = false
Info [interflop-ieee]: print-subnormal-normalized = false
Info [interflop-ieee]: count-op = false
All_Command_lines_OK
Using double precision for computations.
=============================================================================
The composite transform comprises the following transforms (in order): 
  1. Center of mass alignment using fixed image: /templateflow/tpl-MNI152NLin2009cAsym/tpl-MNI152NLin2009cAsym_res-01_desc-brain_T1w.nii.gz and moving image: /home/mdugre/scratch/mri-registration-rp/datasets/ds004513/derivatives/mri-registration-rp/antsBrainExtraction/sub-s003/BrainExtractionBrain.nii.gz (type = Euler3DTransform)
=============================================================================
  number of levels = 1
  fixed image: /templateflow/tpl-MNI152NLin2009cAsym/tpl-MNI152NLin2009cAsym_res-01_desc-brain_T1w.nii.gz
  moving image: /home/mdugre/scratch/mri-registration-rp/datasets/ds004513/derivatives/mri-registration-rp/antsBrainExtraction/sub-s003/BrainExtractionBrain.nii.gz
Dimension = 3
Number of stages = 1
Use histogram matching = false
Winsorize image intensities = true
  Lower quantile = 0.005
  Upper quantile = 0.995


Stage 1 State
   Image metric = MattesMI
     Fixed image = Image (0x4b78bd0)
  RTTI typeinfo:   itk::Image<double, 3u>
  Reference Count: 2
  Modified Time: 2334
  Debug: Off
  Object Name: 
  Observers: 
    none
  Source: (none)
  Source output name: (none)
  Release Data: Off
  Data Released: False
  Global Release Data: Off
  PipelineMTime: 0
  UpdateMTime: 1943
  RealTimeStamp: 0 seconds 
  LargestPossibleRegion: 
    Dimension: 3
    Index: [0, 0, 0]
    Size: [193, 229, 193]
  BufferedRegion: 
    Dimension: 3
    Index: [0, 0, 0]
    Size: [193, 229, 193]
  RequestedRegion: 
    Dimension: 3
    Index: [0, 0, 0]
    Size: [193, 229, 193]
  Spacing: [1, 1, 1]
  Origin: [96, 132, -78]
  Direction: 
-1 0 0
0 -1 0
0 0 1

  IndexToPointMatrix: 
-1 0 0
0 -1 0
0 0 1

  PointToIndexMatrix: 
-1 0 0
0 -1 0
0 0 1

  Inverse Direction: 
-1 0 0
0 -1 0
0 0 1

  PixelContainer: 
    ImportImageContainer (0x4bd0930)
      RTTI typeinfo:   itk::ImportImageContainer<unsigned long, double>
      Reference Count: 1
      Modified Time: 1940
      Debug: Off
      Object Name: 
      Observers: 
        none
      Pointer: 0x14decb981010
      Container manages memory: true
      Size: 8530021
      Capacity: 8530021

     Moving image = Image (0x4c68610)
  RTTI typeinfo:   itk::Image<double, 3u>
  Reference Count: 2
  Modified Time: 2335
  Debug: Off
  Object Name: 
  Observers: 
    none
  Source: (none)
  Source output name: (none)
  Release Data: Off
  Data Released: False
  Global Release Data: Off
  PipelineMTime: 0
  UpdateMTime: 2332
  RealTimeStamp: 0 seconds 
  LargestPossibleRegion: 
    Dimension: 3
    Index: [0, 0, 0]
    Size: [176, 240, 256]
  BufferedRegion: 
    Dimension: 3
    Index: [0, 0, 0]
    Size: [176, 240, 256]
  RequestedRegion: 
    Dimension: 3
    Index: [0, 0, 0]
    Size: [176, 240, 256]
  Spacing: [0.999999, 1, 1]
  Origin: [93.3499, 86.9368, -128.957]
  Direction: 
-0.999513 -0.0279216 -0.0139567
0.0279189 -0.99961 0.000389866
-0.0139622 2.01492e-08 0.999903

  IndexToPointMatrix: 
-0.999512 -0.0279216 -0.0139567
0.0279189 -0.99961 0.000389866
-0.0139621 2.01492e-08 0.999903

  PointToIndexMatrix: 
-0.999514 0.0279189 -0.0139622
-0.0279216 -0.99961 2.01716e-08
-0.0139567 0.000389866 0.999903

  Inverse Direction: 
-0.999513 0.0279189 -0.0139622
-0.0279216 -0.99961 2.01716e-08
-0.0139567 0.000389866 0.999903

  PixelContainer: 
    ImportImageContainer (0x4ba8850)
      RTTI typeinfo:   itk::ImportImageContainer<unsigned long, double>
      Reference Count: 1
      Modified Time: 2329
      Debug: Off
      Object Name: 
      Observers: 
        none
      Pointer: 0x14dec6700010
      Container manages memory: true
      Size: 10813440
      Capacity: 10813440

     Weighting = 1
     Sampling strategy = regular
     Number of bins = 32
     Radius = 4
     Sampling percentage  = 0.25
   Transform = Rigid
     Gradient step = 0.1
     Update field sigma (voxel space) = 0
     Total field sigma (voxel space) = 0
     Update field time sigma = 0
     Total field time sigma  = 0
     Number of time indices = 0
     Number of time point samples = 0
Registration using 1 total stages.

Stage 0
  iterations = 0
  convergence threshold = 1e-06
  convergence window size = 10
  number of levels = 1
  using the Mattes MI metric (number of bins = 32, weight = 1, use gradient filter = 0)
  preprocessing:  winsorizing the image intensities
  Shrink factors (level 1 out of 1): [1, 1, 1]
  smoothing sigmas per level: [0]
  regular sampling (percentage = 0.25)

*** Running Euler3DTransform registration ***

  Elapsed time (stage 0): 1.10415


Total elapsed time: 1.10645
Info [verificarlo]: loaded backend libinterflop_ieee.so
Info [interflop-ieee]: load backend with:
Info [interflop-ieee]: debug = false
Info [interflop-ieee]: debug-binary = false
Info [interflop-ieee]: no-backend-name = false
Info [interflop-ieee]: print-new-line = false
Info [interflop-ieee]: print-subnormal-normalized = false
Info [interflop-ieee]: count-op = false
All_Command_lines_OK
Using double precision for computations.
=============================================================================
The composite transform comprises the following transforms (in order): 
  1. /home/mdugre/scratch/mri-registration-rp/datasets/ds004513/derivatives/mri-registration-rp/0001/antsRegistration-r8-p6/sub-s003/align_Composite.h5[0] (type = Euler3DTransform)
  2. /home/mdugre/scratch/mri-registration-rp/datasets/ds004513/derivatives/mri-registration-rp/0001/antsRegistration-r8-p6/sub-s003/align_Composite.h5[1] (type = Euler3DTransform)
=============================================================================
  number of levels = 4
  fixed image: /templateflow/tpl-MNI152NLin2009cAsym/tpl-MNI152NLin2009cAsym_res-01_desc-brain_T1w.nii.gz
  moving image: /home/mdugre/scratch/mri-registration-rp/datasets/ds004513/derivatives/mri-registration-rp/antsBrainExtraction/sub-s003/BrainExtractionBrain.nii.gz
Dimension = 3
Number of stages = 1
Use histogram matching = false
Winsorize image intensities = true
  Lower quantile = 0.005
  Upper quantile = 0.995


Stage 1 State
   Image metric = MattesMI
     Fixed image = Image (0x3ca0530)
  RTTI typeinfo:   itk::Image<double, 3u>
  Reference Count: 2
  Modified Time: 1580
  Debug: Off
  Object Name: 
  Observers: 
    none
  Source: (none)
  Source output name: (none)
  Release Data: Off
  Data Released: False
  Global Release Data: Off
  PipelineMTime: 0
  UpdateMTime: 1189
  RealTimeStamp: 0 seconds 
  LargestPossibleRegion: 
    Dimension: 3
    Index: [0, 0, 0]
    Size: [193, 229, 193]
  BufferedRegion: 
    Dimension: 3
    Index: [0, 0, 0]
    Size: [193, 229, 193]
  RequestedRegion: 
    Dimension: 3
    Index: [0, 0, 0]
    Size: [193, 229, 193]
  Spacing: [1, 1, 1]
  Origin: [96, 132, -78]
  Direction: 
-1 0 0
0 -1 0
0 0 1

  IndexToPointMatrix: 
-1 0 0
0 -1 0
0 0 1

  PointToIndexMatrix: 
-1 0 0
0 -1 0
0 0 1

  Inverse Direction: 
-1 0 0
0 -1 0
0 0 1

  PixelContainer: 
    ImportImageContainer (0x3d5ed60)
      RTTI typeinfo:   itk::ImportImageContainer<unsigned long, double>
      Reference Count: 1
      Modified Time: 1186
      Debug: Off
      Object Name: 
      Observers: 
        none
      Pointer: 0x1531b30e3010
      Container manages memory: true
      Size: 8530021
      Capacity: 8530021

     Moving image = Image (0x3d50f60)
  RTTI typeinfo:   itk::Image<double, 3u>
  Reference Count: 2
  Modified Time: 1581
  Debug: Off
  Object Name: 
  Observers: 
    none
  Source: (none)
  Source output name: (none)
  Release Data: Off
  Data Released: False
  Global Release Data: Off
  PipelineMTime: 0
  UpdateMTime: 1578
  RealTimeStamp: 0 seconds 
  LargestPossibleRegion: 
    Dimension: 3
    Index: [0, 0, 0]
    Size: [176, 240, 256]
  BufferedRegion: 
    Dimension: 3
    Index: [0, 0, 0]
    Size: [176, 240, 256]
  RequestedRegion: 
    Dimension: 3
    Index: [0, 0, 0]
    Size: [176, 240, 256]
  Spacing: [0.999999, 1, 1]
  Origin: [93.3499, 86.9368, -128.957]
  Direction: 
-0.999513 -0.0279216 -0.0139567
0.0279189 -0.99961 0.000389866
-0.0139622 2.01492e-08 0.999903

  IndexToPointMatrix: 
-0.999512 -0.0279216 -0.0139567
0.0279189 -0.99961 0.000389866
-0.0139621 2.01492e-08 0.999903

  PointToIndexMatrix: 
-0.999514 0.0279189 -0.0139622
-0.0279216 -0.99961 2.01716e-08
-0.0139567 0.000389866 0.999903

  Inverse Direction: 
-0.999513 0.0279189 -0.0139622
-0.0279216 -0.99961 2.01716e-08
-0.0139567 0.000389866 0.999903

  PixelContainer: 
    ImportImageContainer (0x3d426d0)
      RTTI typeinfo:   itk::ImportImageContainer<unsigned long, double>
      Reference Count: 1
      Modified Time: 1575
      Debug: Off
      Object Name: 
      Observers: 
        none
      Pointer: 0x1531ade62010
      Container manages memory: true
      Size: 10813440
      Capacity: 10813440

     Weighting = 1
     Sampling strategy = regular
     Number of bins = 32
     Radius = 4
     Sampling percentage  = 0.25
   Transform = Rigid
     Gradient step = 0.1
     Update field sigma (voxel space) = 0
     Total field sigma (voxel space) = 0
     Update field time sigma = 0
     Total field time sigma  = 0
     Number of time indices = 0
     Number of time point samples = 0
Registration using 1 total stages.

Stage 0
  iterations = 1000x500x250x100
  convergence threshold = 1e-06
  convergence window size = 10
  number of levels = 4
  using the Mattes MI metric (number of bins = 32, weight = 1, use gradient filter = 0)
  preprocessing:  winsorizing the image intensities
  Shrink factors (level 1 out of 4): [8, 8, 8]
  Shrink factors (level 2 out of 4): [4, 4, 4]
  Shrink factors (level 3 out of 4): [2, 2, 2]
  Shrink factors (level 4 out of 4): [1, 1, 1]
  smoothing sigmas per level: [3, 2, 1, 0]
  regular sampling (percentage = 0.25)

*** Running Euler3DTransform registration ***

DIAGNOSTIC,Iteration,metricValue,convergenceValue,ITERATION_TIME_INDEX,SINCE_LAST
 2DIAGNOSTIC,     1, -4.871187133941e-01, 1.797693134862e+308, 9.0330e-01, 9.0330e-01, 
 2DIAGNOSTIC,     2, -4.887966556740e-01, 1.797693134862e+308, 9.0764e-01, 4.3449e-03, 
 2DIAGNOSTIC,     3, -4.919242839642e-01, 1.797693134862e+308, 9.1183e-01, 4.1881e-03, 
 2DIAGNOSTIC,     4, -5.019092629522e-01, 1.797693134862e+308, 9.1611e-01, 4.2851e-03, 
 2DIAGNOSTIC,     5, -5.198319788477e-01, 1.797693134862e+308, 9.2032e-01, 4.2078e-03, 
 2DIAGNOSTIC,     6, -5.251449584180e-01, 1.797693134862e+308, 9.2466e-01, 4.3361e-03, 
 2DIAGNOSTIC,     7, -5.365118080768e-01, 1.797693134862e+308, 9.2891e-01, 4.2500e-03, 
 2DIAGNOSTIC,     8, -5.564319077261e-01, 1.797693134862e+308, 9.3513e-01, 6.2189e-03, 
 2DIAGNOSTIC,     9, -5.572786469687e-01, 1.797693134862e+308, 9.3904e-01, 3.9120e-03, 
 2DIAGNOSTIC,    10, -5.597886110608e-01, 1.060089541986e-02, 9.4374e-01, 4.7050e-03, 
 2DIAGNOSTIC,    11, -5.645450860914e-01, 9.471656029002e-03, 9.4795e-01, 4.2109e-03, 
 2DIAGNOSTIC,    12, -5.675342641672e-01, 7.901754414630e-03, 9.5277e-01, 4.8180e-03, 
 2DIAGNOSTIC,    13, -5.685174641935e-01, 6.033280802479e-03, 9.5753e-01, 4.7569e-03, 
 2DIAGNOSTIC,    14, -5.693412095342e-01, 4.302087948769e-03, 9.6296e-01, 5.4328e-03, 
 2DIAGNOSTIC,    15, -5.718972801998e-01, 3.155204981953e-03, 9.6774e-01, 4.7760e-03, 
 2DIAGNOSTIC,    16, -5.734788767073e-01, 2.091398053251e-03, 9.7194e-01, 4.2059e-03, 
 2DIAGNOSTIC,    17, -5.737823402463e-01, 1.310029424174e-03, 9.7614e-01, 4.1971e-03, 
 2DIAGNOSTIC,    18, -5.749452616695e-01, 1.114936190119e-03, 9.8033e-01, 4.1881e-03, 
 2DIAGNOSTIC,    19, -5.774392255369e-01, 9.301256922456e-04, 9.8693e-01, 6.6018e-03, 
 2DIAGNOSTIC,    20, -5.782944999887e-01, 7.612328990253e-04, 9.9172e-01, 4.7920e-03, 
 2DIAGNOSTIC,    21, -5.788863756145e-01, 6.687985513130e-04, 9.9603e-01, 4.3042e-03, 
 2DIAGNOSTIC,    22, -5.857337703067e-01, 7.546209631504e-04, 1.0003e+00, 4.2789e-03, 
 2DIAGNOSTIC,    23, -6.028589201305e-01, 1.162232410430e-03, 1.0051e+00, 4.7951e-03, 
 2DIAGNOSTIC,    24, -6.086613833903e-01, 1.554691238953e-03, 1.0109e+00, 5.8401e-03, 
 2DIAGNOSTIC,    25, -6.127624304005e-01, 1.904928847524e-03, 1.0156e+00, 4.6370e-03, 
 2DIAGNOSTIC,    26, -6.171330102350e-01, 2.167612413081e-03, 1.0202e+00, 4.5919e-03, 
 2DIAGNOSTIC,    27, -6.180829718242e-01, 2.226134241798e-03, 1.0243e+00, 4.0989e-03, 
 2DIAGNOSTIC,    28, -6.204355229353e-01, 2.128618121135e-03, 1.0288e+00, 4.5590e-03, 
 2DIAGNOSTIC,    29, -6.216541940791e-01, 1.901236642017e-03, 1.0329e+00, 4.1120e-03, 
 2DIAGNOSTIC,    30, -6.252686881325e-01, 1.589741137982e-03, 1.0377e+00, 4.7388e-03, 
 2DIAGNOSTIC,    31, -6.305776985262e-01, 1.244380616617e-03, 1.0418e+00, 4.1530e-03, 
 2DIAGNOSTIC,    32, -6.437125886104e-01, 1.107469819893e-03, 1.0471e+00, 5.2819e-03, 
 2DIAGNOSTIC,    33, -6.470260890021e-01, 1.176386640211e-03, 1.0513e+00, 4.1599e-03, 
 2DIAGNOSTIC,    34, -6.489215436729e-01, 1.241897099946e-03, 1.0583e+00, 7.0109e-03, 
 2DIAGNOSTIC,    35, -6.509315114051e-01, 1.271887035296e-03, 1.0625e+00, 4.2441e-03, 
 2DIAGNOSTIC,    36, -6.520045069245e-01, 1.251974790751e-03, 1.0665e+00, 3.9990e-03, 
 2DIAGNOSTIC,    37, -6.528674252059e-01, 1.135508168596e-03, 1.0706e+00, 4.0371e-03, 
 2DIAGNOSTIC,    38, -6.532436015974e-01, 9.531156027862e-04, 1.0746e+00, 4.0181e-03, 
 2DIAGNOSTIC,    39, -6.541867004814e-01, 7.192386465127e-04, 1.0801e+00, 5.5490e-03, 
 2DIAGNOSTIC,    40, -6.542292773974e-01, 4.743249598652e-04, 1.0841e+00, 4.0030e-03, 
 2DIAGNOSTIC,    41, -6.546766776727e-01, 2.615264816542e-04, 1.0882e+00, 4.0410e-03, 
 2DIAGNOSTIC,    42, -6.552221612420e-01, 1.910441399726e-04, 1.0937e+00, 5.4789e-03, 
 2DIAGNOSTIC,    43, -6.554132204924e-01, 1.447413904713e-04, 1.0981e+00, 4.4508e-03, 
 2DIAGNOSTIC,    44, -6.554476159188e-01, 1.075822467235e-04, 1.1021e+00, 3.9928e-03, 
 2DIAGNOSTIC,    45, -6.554135608493e-01, 8.289968183591e-05, 1.1061e+00, 3.9718e-03, 
 2DIAGNOSTIC,    46, -6.555718120871e-01, 6.419526011312e-05, 1.1100e+00, 3.9718e-03, 
 2DIAGNOSTIC,    47, -6.557526656370e-01, 5.070678522007e-05, 1.1145e+00, 4.5059e-03, 
 2DIAGNOSTIC,    48, -6.557086955224e-01, 3.605833594313e-05, 1.1190e+00, 4.4491e-03, 
 2DIAGNOSTIC,    49, -6.557461596033e-01, 2.832852957093e-05, 1.1230e+00, 3.9809e-03, 
 2DIAGNOSTIC,    50, -6.557036248949e-01, 1.827512957694e-05, 1.1275e+00, 4.4851e-03, 
 2DIAGNOSTIC,    51, -6.561337582153e-01, 1.494299153470e-05, 1.1334e+00, 5.9500e-03, 
 2DIAGNOSTIC,    52, -6.560041201948e-01, 1.395637260902e-05, 1.1379e+00, 4.4849e-03, 
 2DIAGNOSTIC,    53, -6.560105555045e-01, 1.357061297103e-05, 1.1419e+00, 3.9961e-03, 
 2DIAGNOSTIC,    54, -6.559309024689e-01, 1.166250211952e-05, 1.1459e+00, 4.0159e-03, 
 2DIAGNOSTIC,    55, -6.559441450396e-01, 8.561913870466e-06, 1.1504e+00, 4.4782e-03, 
 2DIAGNOSTIC,    56, -6.559561830868e-01, 6.134288436255e-06, 1.1544e+00, 3.9809e-03, 
 2DIAGNOSTIC,    57, -6.558820588544e-01, 4.144328156607e-06, 1.1583e+00, 3.9721e-03, 
 2DIAGNOSTIC,    58, -6.559065610412e-01, 1.800641161027e-06, 1.1628e+00, 4.4889e-03, 
DIAGNOSTIC,Iteration,metricValue,convergenceValue,ITERATION_TIME_INDEX,SINCE_LAST
 2DIAGNOSTIC,     1, -5.251223403453e-01, 1.797693134862e+308, 1.9344e+00, 7.7154e-01, 
 2DIAGNOSTIC,     2, -5.257366908261e-01, 1.797693134862e+308, 1.9635e+00, 2.9139e-02, 
 2DIAGNOSTIC,     3, -5.264762605612e-01, 1.797693134862e+308, 1.9929e+00, 2.9365e-02, 
 2DIAGNOSTIC,     4, -5.272321646128e-01, 1.797693134862e+308, 2.0246e+00, 3.1741e-02, 
 2DIAGNOSTIC,     5, -5.278049111624e-01, 1.797693134862e+308, 2.0537e+00, 2.9110e-02, 
 2DIAGNOSTIC,     6, -5.281348787657e-01, 1.797693134862e+308, 2.0829e+00, 2.9197e-02, 
 2DIAGNOSTIC,     7, -5.294445084981e-01, 1.797693134862e+308, 2.1130e+00, 3.0027e-02, 
 2DIAGNOSTIC,     8, -5.310565493957e-01, 1.797693134862e+308, 2.1564e+00, 4.3466e-02, 
 2DIAGNOSTIC,     9, -5.312688768083e-01, 1.797693134862e+308, 2.1848e+00, 2.8390e-02, 
 2DIAGNOSTIC,    10, -5.313245946137e-01, 8.282565302532e-04, 2.2135e+00, 2.8714e-02, 
 2DIAGNOSTIC,    11, -5.317197612771e-01, 7.255839113057e-04, 2.2434e+00, 2.9853e-02, 
 2DIAGNOSTIC,    12, -5.333447988578e-01, 6.736868378003e-04, 2.2837e+00, 4.0364e-02, 
 2DIAGNOSTIC,    13, -5.349560071302e-01, 6.627757807480e-04, 2.3176e+00, 3.3833e-02, 
 2DIAGNOSTIC,    14, -5.351738136775e-01, 6.299873754790e-04, 2.3498e+00, 3.2232e-02, 
 2DIAGNOSTIC,    15, -5.352109154942e-01, 5.685999405676e-04, 2.3801e+00, 3.0281e-02, 
 2DIAGNOSTIC,    16, -5.352295167512e-01, 4.747119695194e-04, 2.4124e+00, 3.2296e-02, 
 2DIAGNOSTIC,    17, -5.352728116001e-01, 3.887325509939e-04, 2.4411e+00, 2.8691e-02, 
 2DIAGNOSTIC,    18, -5.353205387609e-01, 3.250081775385e-04, 2.4697e+00, 2.8651e-02, 
 2DIAGNOSTIC,    19, -5.354045448759e-01, 2.469849210251e-04, 2.5035e+00, 3.3787e-02, 
 2DIAGNOSTIC,    20, -5.355305560968e-01, 1.597448596782e-04, 2.5361e+00, 3.2574e-02, 
 2DIAGNOSTIC,    21, -5.357230887054e-01, 8.043953430269e-05, 2.5720e+00, 3.5927e-02, 
 2DIAGNOSTIC,    22, -5.357614181977e-01, 4.029638274458e-05, 2.6014e+00, 2.9390e-02, 
 2DIAGNOSTIC,    23, -5.358445551283e-01, 3.930224519269e-05, 2.6518e+00, 5.0387e-02, 
 2DIAGNOSTIC,    24, -5.358610618903e-01, 4.003028768987e-05, 2.6882e+00, 3.6393e-02, 
 2DIAGNOSTIC,    25, -5.358604504228e-01, 3.781963964244e-05, 2.7213e+00, 3.3087e-02, 
 2DIAGNOSTIC,    26, -5.358590950496e-01, 3.266573715642e-05, 2.7502e+00, 2.8976e-02, 
 2DIAGNOSTIC,    27, -5.358534824348e-01, 2.568663373777e-05, 2.7837e+00, 3.3419e-02, 
 2DIAGNOSTIC,    28, -5.358652746476e-01, 1.804715828076e-05, 2.8159e+00, 3.2202e-02, 
 2DIAGNOSTIC,    29, -5.358565303413e-01, 1.069457432926e-05, 2.8483e+00, 3.2461e-02, 
 2DIAGNOSTIC,    30, -5.358531578523e-01, 5.046680371559e-06, 2.8813e+00, 3.2991e-02, 
 2DIAGNOSTIC,    31, -5.358403412289e-01, 2.486173324101e-06, 2.9100e+00, 2.8653e-02, 
DIAGNOSTIC,Iteration,metricValue,convergenceValue,ITERATION_TIME_INDEX,SINCE_LAST
 2DIAGNOSTIC,     1, -4.751308997749e-01, 1.797693134862e+308, 4.0250e+00, 1.1151e+00, 
 2DIAGNOSTIC,     2, -4.753227689478e-01, 1.797693134862e+308, 4.2828e+00, 2.5771e-01, 
 2DIAGNOSTIC,     3, -4.755708457705e-01, 1.797693134862e+308, 4.5641e+00, 2.8138e-01, 
 2DIAGNOSTIC,     4, -4.758298339578e-01, 1.797693134862e+308, 4.8498e+00, 2.8570e-01, 
 2DIAGNOSTIC,     5, -4.758661025478e-01, 1.797693134862e+308, 5.0769e+00, 2.2703e-01, 
 2DIAGNOSTIC,     6, -4.759880514915e-01, 1.797693134862e+308, 5.2940e+00, 2.1711e-01, 
 2DIAGNOSTIC,     7, -4.762666642080e-01, 1.797693134862e+308, 5.5828e+00, 2.8883e-01, 
 2DIAGNOSTIC,     8, -4.765631487819e-01, 1.797693134862e+308, 5.9542e+00, 3.7143e-01, 
 2DIAGNOSTIC,     9, -4.767519475239e-01, 1.797693134862e+308, 6.2024e+00, 2.4812e-01, 
 2DIAGNOSTIC,    10, -4.768569063933e-01, 2.357572311868e-04, 6.4568e+00, 2.5444e-01, 
 2DIAGNOSTIC,    11, -4.772654276317e-01, 2.245670356681e-04, 6.7086e+00, 2.5181e-01, 
 2DIAGNOSTIC,    12, -4.784465875882e-01, 2.627564304871e-04, 7.0469e+00, 3.3824e-01, 
 2DIAGNOSTIC,    13, -4.786452531100e-01, 2.902726917575e-04, 7.3262e+00, 2.7934e-01, 
 2DIAGNOSTIC,    14, -4.787157697966e-01, 3.023977730740e-04, 7.5970e+00, 2.7076e-01, 
 2DIAGNOSTIC,    15, -4.787262638459e-01, 2.881733802910e-04, 7.8655e+00, 2.6849e-01, 
 2DIAGNOSTIC,    16, -4.787335808692e-01, 2.539781882106e-04, 8.1456e+00, 2.8010e-01, 
 2DIAGNOSTIC,    17, -4.788246720404e-01, 2.126831552047e-04, 8.4503e+00, 3.0478e-01, 
 2DIAGNOSTIC,    18, -4.788503349571e-01, 1.669215162854e-04, 8.7276e+00, 2.7729e-01, 
 2DIAGNOSTIC,    19, -4.788830834531e-01, 1.182534744262e-04, 9.0208e+00, 2.9318e-01, 
 2DIAGNOSTIC,    20, -4.788912412165e-01, 6.718856327954e-05, 9.4438e+00, 4.2303e-01, 
 2DIAGNOSTIC,    21, -4.788914451480e-01, 2.562246877642e-05, 9.6776e+00, 2.3373e-01, 
 2DIAGNOSTIC,    22, -4.788901819449e-01, 1.736701743743e-05, 9.9408e+00, 2.6322e-01, 
 2DIAGNOSTIC,    23, -4.788905378474e-01, 1.342792668330e-05, 1.0196e+01, 2.5534e-01, 
 2DIAGNOSTIC,    24, -4.788901663643e-01, 1.044295820711e-05, 1.0443e+01, 2.4695e-01, 
 2DIAGNOSTIC,    25, -4.788880714454e-01, 7.066370951672e-06, 1.0727e+01, 2.8361e-01, 
 2DIAGNOSTIC,    26, -4.788858152260e-01, 3.481678240172e-06, 1.0986e+01, 2.5902e-01, 
 2DIAGNOSTIC,    27, -4.788851195580e-01, 1.939177810752e-06, 1.1223e+01, 2.3772e-01, 
DIAGNOSTIC,Iteration,metricValue,convergenceValue,ITERATION_TIME_INDEX,SINCE_LAST
 2DIAGNOSTIC,     1, -4.452975387168e-01, 1.797693134862e+308, 1.4097e+01, 2.8735e+00, 
 2DIAGNOSTIC,     2, -4.453224079918e-01, 1.797693134862e+308, 1.5611e+01, 1.5144e+00, 
 2DIAGNOSTIC,     3, -4.453229080581e-01, 1.797693134862e+308, 1.7151e+01, 1.5398e+00, 
 2DIAGNOSTIC,     4, -4.453225977313e-01, 1.797693134862e+308, 1.8710e+01, 1.5585e+00, 
 2DIAGNOSTIC,     5, -4.453224122641e-01, 1.797693134862e+308, 2.0191e+01, 1.4815e+00, 
 2DIAGNOSTIC,     6, -4.453250066668e-01, 1.797693134862e+308, 2.1609e+01, 1.4181e+00, 
 2DIAGNOSTIC,     7, -4.453331367773e-01, 1.797693134862e+308, 2.3088e+01, 1.4787e+00, 
 2DIAGNOSTIC,     8, -4.453469625778e-01, 1.797693134862e+308, 2.4526e+01, 1.4379e+00, 
 2DIAGNOSTIC,     9, -4.453584513909e-01, 1.797693134862e+308, 2.6001e+01, 1.4753e+00, 
 2DIAGNOSTIC,    10, -4.453694699178e-01, 1.120035105052e-05, 2.8021e+01, 2.0201e+00, 
 2DIAGNOSTIC,    11, -4.453935070635e-01, 1.158003627921e-05, 3.1053e+01, 3.0315e+00, 
 2DIAGNOSTIC,    12, -4.453934447948e-01, 1.240548525104e-05, 3.3229e+01, 2.1761e+00, 
 2DIAGNOSTIC,    13, -4.453934021264e-01, 1.225610244816e-05, 3.4802e+01, 1.5729e+00, 
 2DIAGNOSTIC,    14, -4.453931835263e-01, 1.122552688781e-05, 3.6461e+01, 1.6596e+00, 
 2DIAGNOSTIC,    15, -4.453931406765e-01, 9.502496118002e-06, 3.8014e+01, 1.5531e+00, 
 2DIAGNOSTIC,    16, -4.453930858436e-01, 7.406177176719e-06, 3.9519e+01, 1.5042e+00, 
 2DIAGNOSTIC,    17, -4.453930537558e-01, 5.355339252083e-06, 4.1269e+01, 1.7509e+00, 
 2DIAGNOSTIC,    18, -4.453930321169e-01, 3.706913410867e-06, 4.2818e+01, 1.5487e+00, 
 2DIAGNOSTIC,    19, -4.453929647392e-01, 2.435099716619e-06, 4.4711e+01, 1.8924e+00, 
 2DIAGNOSTIC,    20, -4.453929907909e-01, 1.550238661781e-06, 4.6212e+01, 1.5013e+00, 
 2DIAGNOSTIC,    21, -4.453929218946e-01, 1.481678121147e-06, 4.7708e+01, 1.4959e+00, 
 2DIAGNOSTIC,    22, -4.453928658876e-01, 1.419015036183e-06, 4.9076e+01, 1.3680e+00, 
 2DIAGNOSTIC,    23, -4.453928312094e-01, 1.362368067637e-06, 5.0622e+01, 1.5461e+00, 
 2DIAGNOSTIC,    24, -4.453928061582e-01, 1.305918373939e-06, 5.2161e+01, 1.5389e+00, 
 2DIAGNOSTIC,    25, -4.453928685025e-01, 1.256327569282e-06, 5.3881e+01, 1.7208e+00, 
 2DIAGNOSTIC,    26, -4.453927172478e-01, 1.206966921699e-06, 5.5415e+01, 1.5331e+00, 
 2DIAGNOSTIC,    27, -4.453926581877e-01, 1.160815345541e-06, 5.6832e+01, 1.4177e+00, 
 2DIAGNOSTIC,    28, -4.453926186947e-01, 1.118273415965e-06, 5.8465e+01, 1.6325e+00, 
 2DIAGNOSTIC,    29, -4.453924903427e-01, 1.075951577181e-06, 6.0144e+01, 1.6795e+00, 
 2DIAGNOSTIC,    30, -4.453922055225e-01, 1.032987117906e-06, 6.1696e+01, 1.5517e+00, 
  Elapsed time (stage 0): 6.2523e+01


Total elapsed time: 6.2526e+01
Info [verificarlo]: loaded backend libinterflop_ieee.so
Info [interflop-ieee]: load backend with:
Info [interflop-ieee]: debug = false
Info [interflop-ieee]: debug-binary = false
Info [interflop-ieee]: no-backend-name = false
Info [interflop-ieee]: print-new-line = false
Info [interflop-ieee]: print-subnormal-normalized = false
Info [interflop-ieee]: count-op = false
All_Command_lines_OK
Using double precision for computations.
=============================================================================
The composite transform comprises the following transforms (in order): 
  1. /home/mdugre/scratch/mri-registration-rp/datasets/ds004513/derivatives/mri-registration-rp/0001/antsRegistration-r8-p6/sub-s003/rigid_Composite.h5[0] (type = Euler3DTransform)
  2. /home/mdugre/scratch/mri-registration-rp/datasets/ds004513/derivatives/mri-registration-rp/0001/antsRegistration-r8-p6/sub-s003/rigid_Composite.h5[1] (type = Euler3DTransform)
  3. /home/mdugre/scratch/mri-registration-rp/datasets/ds004513/derivatives/mri-registration-rp/0001/antsRegistration-r8-p6/sub-s003/rigid_Composite.h5[2] (type = Euler3DTransform)
=============================================================================
  number of levels = 4
  fixed image: /templateflow/tpl-MNI152NLin2009cAsym/tpl-MNI152NLin2009cAsym_res-01_desc-brain_T1w.nii.gz
  moving image: /home/mdugre/scratch/mri-registration-rp/datasets/ds004513/derivatives/mri-registration-rp/antsBrainExtraction/sub-s003/BrainExtractionBrain.nii.gz
Dimension = 3
Number of stages = 1
Use histogram matching = false
Winsorize image intensities = true
  Lower quantile = 0.005
  Upper quantile = 0.995


Stage 1 State
   Image metric = MattesMI
     Fixed image = Image (0x4951530)
  RTTI typeinfo:   itk::Image<double, 3u>
  Reference Count: 2
  Modified Time: 1594
  Debug: Off
  Object Name: 
  Observers: 
    none
  Source: (none)
  Source output name: (none)
  Release Data: Off
  Data Released: False
  Global Release Data: Off
  PipelineMTime: 0
  UpdateMTime: 1203
  RealTimeStamp: 0 seconds 
  LargestPossibleRegion: 
    Dimension: 3
    Index: [0, 0, 0]
    Size: [193, 229, 193]
  BufferedRegion: 
    Dimension: 3
    Index: [0, 0, 0]
    Size: [193, 229, 193]
  RequestedRegion: 
    Dimension: 3
    Index: [0, 0, 0]
    Size: [193, 229, 193]
  Spacing: [1, 1, 1]
  Origin: [96, 132, -78]
  Direction: 
-1 0 0
0 -1 0
0 0 1

  IndexToPointMatrix: 
-1 0 0
0 -1 0
0 0 1

  PointToIndexMatrix: 
-1 0 0
0 -1 0
0 0 1

  Inverse Direction: 
-1 0 0
0 -1 0
0 0 1

  PixelContainer: 
    ImportImageContainer (0x4a0a2a0)
      RTTI typeinfo:   itk::ImportImageContainer<unsigned long, double>
      Reference Count: 1
      Modified Time: 1200
      Debug: Off
      Object Name: 
      Observers: 
        none
      Pointer: 0x1498be890010
      Container manages memory: true
      Size: 8530021
      Capacity: 8530021

     Moving image = Image (0x4a0ce60)
  RTTI typeinfo:   itk::Image<double, 3u>
  Reference Count: 2
  Modified Time: 1595
  Debug: Off
  Object Name: 
  Observers: 
    none
  Source: (none)
  Source output name: (none)
  Release Data: Off
  Data Released: False
  Global Release Data: Off
  PipelineMTime: 0
  UpdateMTime: 1592
  RealTimeStamp: 0 seconds 
  LargestPossibleRegion: 
    Dimension: 3
    Index: [0, 0, 0]
    Size: [176, 240, 256]
  BufferedRegion: 
    Dimension: 3
    Index: [0, 0, 0]
    Size: [176, 240, 256]
  RequestedRegion: 
    Dimension: 3
    Index: [0, 0, 0]
    Size: [176, 240, 256]
  Spacing: [0.999999, 1, 1]
  Origin: [93.3499, 86.9368, -128.957]
  Direction: 
-0.999513 -0.0279216 -0.0139567
0.0279189 -0.99961 0.000389866
-0.0139622 2.01492e-08 0.999903

  IndexToPointMatrix: 
-0.999512 -0.0279216 -0.0139567
0.0279189 -0.99961 0.000389866
-0.0139621 2.01492e-08 0.999903

  PointToIndexMatrix: 
-0.999514 0.0279189 -0.0139622
-0.0279216 -0.99961 2.01716e-08
-0.0139567 0.000389866 0.999903

  Inverse Direction: 
-0.999513 0.0279189 -0.0139622
-0.0279216 -0.99961 2.01716e-08
-0.0139567 0.000389866 0.999903

  PixelContainer: 
    ImportImageContainer (0x4a40390)
      RTTI typeinfo:   itk::ImportImageContainer<unsigned long, double>
      Reference Count: 1
      Modified Time: 1589
      Debug: Off
      Object Name: 
      Observers: 
        none
      Pointer: 0x1498b960f010
      Container manages memory: true
      Size: 10813440
      Capacity: 10813440

     Weighting = 1
     Sampling strategy = regular
     Number of bins = 32
     Radius = 4
     Sampling percentage  = 0.25
   Transform = Affine
     Gradient step = 0.1
     Update field sigma (voxel space) = 0
     Total field sigma (voxel space) = 0
     Update field time sigma = 0
     Total field time sigma  = 0
     Number of time indices = 0
     Number of time point samples = 0
Registration using 1 total stages.

Stage 0
  iterations = 1000x500x250x100
  convergence threshold = 1e-06
  convergence window size = 10
  number of levels = 4
  using the Mattes MI metric (number of bins = 32, weight = 1, use gradient filter = 0)
  preprocessing:  winsorizing the image intensities
  Shrink factors (level 1 out of 4): [8, 8, 8]
  Shrink factors (level 2 out of 4): [4, 4, 4]
  Shrink factors (level 3 out of 4): [2, 2, 2]
  Shrink factors (level 4 out of 4): [1, 1, 1]
  smoothing sigmas per level: [3, 2, 1, 0]
  regular sampling (percentage = 0.25)

*** Running AffineTransform registration ***

DIAGNOSTIC,Iteration,metricValue,convergenceValue,ITERATION_TIME_INDEX,SINCE_LAST
 2DIAGNOSTIC,     1, -6.589349321837e-01, 1.797693134862e+308, 6.2693e-01, 6.2693e-01, 
 2DIAGNOSTIC,     2, -6.616033327066e-01, 1.797693134862e+308, 6.3192e-01, 4.9901e-03, 
 2DIAGNOSTIC,     3, -6.658266672848e-01, 1.797693134862e+308, 6.3655e-01, 4.6232e-03, 
 2DIAGNOSTIC,     4, -6.718771725516e-01, 1.797693134862e+308, 6.4140e-01, 4.8490e-03, 
 2DIAGNOSTIC,     5, -6.797287265498e-01, 1.797693134862e+308, 6.4630e-01, 4.9050e-03, 
 2DIAGNOSTIC,     6, -6.912946974934e-01, 1.797693134862e+308, 6.5196e-01, 5.6629e-03, 
 2DIAGNOSTIC,     7, -7.065451149779e-01, 1.797693134862e+308, 6.5810e-01, 6.1359e-03, 
 2DIAGNOSTIC,     8, -7.187818968712e-01, 1.797693134862e+308, 6.6480e-01, 6.6991e-03, 
 2DIAGNOSTIC,     9, -7.211984348463e-01, 1.797693134862e+308, 6.7097e-01, 6.1722e-03, 
 2DIAGNOSTIC,    10, -7.205748842125e-01, 6.967101132377e-03, 6.7684e-01, 5.8730e-03, 
 2DIAGNOSTIC,    11, -7.216616557418e-01, 6.094030819508e-03, 6.8224e-01, 5.3911e-03, 
 2DIAGNOSTIC,    12, -7.236203350434e-01, 4.975269263169e-03, 6.8748e-01, 5.2400e-03, 
 2DIAGNOSTIC,    13, -7.252164765017e-01, 3.762561588213e-03, 6.9368e-01, 6.2029e-03, 
 2DIAGNOSTIC,    14, -7.263672734598e-01, 2.599798149258e-03, 7.0128e-01, 7.5982e-03, 
 2DIAGNOSTIC,    15, -7.264036922733e-01, 1.576008650685e-03, 7.0638e-01, 5.1050e-03, 
 2DIAGNOSTIC,    16, -7.264655126246e-01, 8.283926732835e-04, 7.1161e-01, 5.2302e-03, 
 2DIAGNOSTIC,    17, -7.265358837371e-01, 4.507780084575e-04, 7.1763e-01, 6.0229e-03, 
 2DIAGNOSTIC,    18, -7.266010688154e-01, 3.480956614564e-04, 7.2561e-01, 7.9739e-03, 
 2DIAGNOSTIC,    19, -7.266455925357e-01, 2.773779811845e-04, 7.3172e-01, 6.1100e-03, 
 2DIAGNOSTIC,    20, -7.266496156951e-01, 1.761822551724e-04, 7.3684e-01, 5.1200e-03, 
 2DIAGNOSTIC,    21, -7.266581245831e-01, 8.920593295886e-05, 7.4228e-01, 5.4400e-03, 
 2DIAGNOSTIC,    22, -7.266708877419e-01, 3.746752128661e-05, 7.4763e-01, 5.3549e-03, 
 2DIAGNOSTIC,    23, -7.266840879464e-01, 1.439532071205e-05, 7.5293e-01, 5.3010e-03, 
 2DIAGNOSTIC,    24, -7.267051182145e-01, 1.159195278604e-05, 7.6078e-01, 7.8461e-03, 
 2DIAGNOSTIC,    25, -7.268081422566e-01, 1.027954745341e-05, 7.6610e-01, 5.3241e-03, 
 2DIAGNOSTIC,    26, -7.268182499347e-01, 9.281566048583e-06, 7.7159e-01, 5.4879e-03, 
 2DIAGNOSTIC,    27, -7.267772542843e-01, 8.032939386740e-06, 7.7714e-01, 5.5521e-03, 
 2DIAGNOSTIC,    28, -7.267931968100e-01, 7.407948755603e-06, 7.8319e-01, 6.0430e-03, 
 2DIAGNOSTIC,    29, -7.267206989054e-01, 5.833854319362e-06, 7.8878e-01, 5.5909e-03, 
 2DIAGNOSTIC,    30, -7.269684910457e-01, 7.260098784538e-06, 7.9738e-01, 8.6050e-03, 
 2DIAGNOSTIC,    31, -7.269722036608e-01, 8.062590214603e-06, 8.0242e-01, 5.0368e-03, 
 2DIAGNOSTIC,    32, -7.269861944882e-01, 8.529552841571e-06, 8.0779e-01, 5.3740e-03, 
 2DIAGNOSTIC,    33, -7.269053284920e-01, 7.496129992221e-06, 8.1504e-01, 7.2501e-03, 
 2DIAGNOSTIC,    34, -7.269208603244e-01, 6.324692181245e-06, 8.2023e-01, 5.1830e-03, 
 2DIAGNOSTIC,    35, -7.269296598433e-01, 5.915358651496e-06, 8.2547e-01, 5.2462e-03, 
 2DIAGNOSTIC,    36, -7.269406822538e-01, 5.262723761241e-06, 8.3139e-01, 5.9180e-03, 
 2DIAGNOSTIC,    37, -7.269464478747e-01, 3.882947756259e-06, 8.3733e-01, 5.9400e-03, 
 2DIAGNOSTIC,    38, -7.269695821660e-01, 2.765704970216e-06, 8.4431e-01, 6.9768e-03, 
 2DIAGNOSTIC,    39, -7.270007911122e-01, 1.030717479450e-06, 8.5071e-01, 6.4030e-03, 
DIAGNOSTIC,Iteration,metricValue,convergenceValue,ITERATION_TIME_INDEX,SINCE_LAST
 2DIAGNOSTIC,     1, -5.976388769493e-01, 1.797693134862e+308, 1.5429e+00, 6.9214e-01, 
 2DIAGNOSTIC,     2, -5.981197113572e-01, 1.797693134862e+308, 1.5822e+00, 3.9349e-02, 
 2DIAGNOSTIC,     3, -5.987518145510e-01, 1.797693134862e+308, 1.6253e+00, 4.3135e-02, 
 2DIAGNOSTIC,     4, -5.993855033712e-01, 1.797693134862e+308, 1.6645e+00, 3.9169e-02, 
 2DIAGNOSTIC,     5, -5.998740072693e-01, 1.797693134862e+308, 1.7054e+00, 4.0899e-02, 
 2DIAGNOSTIC,     6, -6.003336413485e-01, 1.797693134862e+308, 1.7491e+00, 4.3723e-02, 
 2DIAGNOSTIC,     7, -6.006840403347e-01, 1.797693134862e+308, 1.8059e+00, 5.6745e-02, 
 2DIAGNOSTIC,     8, -6.007725310049e-01, 1.797693134862e+308, 1.8428e+00, 3.6880e-02, 
 2DIAGNOSTIC,     9, -6.008753168480e-01, 1.797693134862e+308, 1.8796e+00, 3.6877e-02, 
 2DIAGNOSTIC,    10, -6.009979239720e-01, 3.760016641058e-04, 1.9163e+00, 3.6678e-02, 
 2DIAGNOSTIC,    11, -6.011536906112e-01, 2.837000649776e-04, 1.9541e+00, 3.7832e-02, 
 2DIAGNOSTIC,    12, -6.013260739678e-01, 2.069538372778e-04, 1.9935e+00, 3.9382e-02, 
 2DIAGNOSTIC,    13, -6.015706667952e-01, 1.552005727765e-04, 2.0548e+00, 6.1254e-02, 
 2DIAGNOSTIC,    14, -6.015565584508e-01, 1.176825269583e-04, 2.0969e+00, 4.2160e-02, 
 2DIAGNOSTIC,    15, -6.015588813706e-01, 8.999609352359e-05, 2.1328e+00, 3.5816e-02, 
 2DIAGNOSTIC,    16, -6.015529616620e-01, 7.092833242898e-05, 2.1708e+00, 3.8083e-02, 
 2DIAGNOSTIC,    17, -6.015549589581e-01, 5.746966408678e-05, 2.2048e+00, 3.3924e-02, 
 2DIAGNOSTIC,    18, -6.015488278368e-01, 4.244080142560e-05, 2.2390e+00, 3.4286e-02, 
 2DIAGNOSTIC,    19, -6.015539580270e-01, 2.793048131760e-05, 2.2753e+00, 3.6301e-02, 
 2DIAGNOSTIC,    20, -6.015623791435e-01, 1.556842622602e-05, 2.3095e+00, 3.4165e-02, 
 2DIAGNOSTIC,    21, -6.016056287865e-01, 7.513184652176e-06, 2.3433e+00, 3.3804e-02, 
 2DIAGNOSTIC,    22, -6.017272948964e-01, 5.779020416090e-06, 2.3790e+00, 3.5668e-02, 
 2DIAGNOSTIC,    23, -6.018951212170e-01, 1.222392407309e-05, 2.4262e+00, 4.7206e-02, 
 2DIAGNOSTIC,    24, -6.019325929520e-01, 1.751950296535e-05, 2.4642e+00, 3.8042e-02, 
 2DIAGNOSTIC,    25, -6.019303154758e-01, 2.092232815351e-05, 2.5043e+00, 4.0019e-02, 
 2DIAGNOSTIC,    26, -6.019204312114e-01, 2.196377516883e-05, 2.5527e+00, 4.8450e-02, 
 2DIAGNOSTIC,    27, -6.019227913941e-01, 2.102288339320e-05, 2.5866e+00, 3.3888e-02, 
 2DIAGNOSTIC,    28, -6.019066965294e-01, 1.785189097474e-05, 2.6206e+00, 3.3975e-02, 
 2DIAGNOSTIC,    29, -6.019000694622e-01, 1.331890090997e-05, 2.6658e+00, 4.5240e-02, 
 2DIAGNOSTIC,    30, -6.019025492951e-01, 8.151162146995e-06, 2.7045e+00, 3.8685e-02, 
 2DIAGNOSTIC,    31, -6.018976457301e-01, 3.214356198551e-06, 2.7471e+00, 4.2649e-02, 
DIAGNOSTIC,Iteration,metricValue,convergenceValue,ITERATION_TIME_INDEX,SINCE_LAST
 2DIAGNOSTIC,     1, -5.247082626081e-01, 1.797693134862e+308, 3.9582e+00, 1.2111e+00, 
 2DIAGNOSTIC,     2, -5.250354262701e-01, 1.797693134862e+308, 4.2573e+00, 2.9911e-01, 
 2DIAGNOSTIC,     3, -5.253953362540e-01, 1.797693134862e+308, 4.5585e+00, 3.0122e-01, 
 2DIAGNOSTIC,     4, -5.257148635369e-01, 1.797693134862e+308, 4.8469e+00, 2.8838e-01, 
 2DIAGNOSTIC,     5, -5.261559925299e-01, 1.797693134862e+308, 5.1527e+00, 3.0574e-01, 
 2DIAGNOSTIC,     6, -5.267573949356e-01, 1.797693134862e+308, 5.4336e+00, 2.8093e-01, 
 2DIAGNOSTIC,     7, -5.277895538370e-01, 1.797693134862e+308, 5.8546e+00, 4.2106e-01, 
 2DIAGNOSTIC,     8, -5.278350507172e-01, 1.797693134862e+308, 6.1249e+00, 2.7024e-01, 
 2DIAGNOSTIC,     9, -5.279707104628e-01, 1.797693134862e+308, 6.4536e+00, 3.2870e-01, 
 2DIAGNOSTIC,    10, -5.282030384505e-01, 4.803161231526e-04, 6.7669e+00, 3.1332e-01, 
 2DIAGNOSTIC,    11, -5.286234545536e-01, 4.237070228184e-04, 7.0815e+00, 3.1463e-01, 
 2DIAGNOSTIC,    12, -5.292142882748e-01, 3.788966756599e-04, 7.3524e+00, 2.7091e-01, 
 2DIAGNOSTIC,    13, -5.312980926971e-01, 4.079722581124e-04, 7.9287e+00, 5.7629e-01, 
 2DIAGNOSTIC,    14, -5.312861607122e-01, 4.064457714291e-04, 8.2624e+00, 3.3370e-01, 
 2DIAGNOSTIC,    15, -5.312905111564e-01, 3.851325470542e-04, 8.7379e+00, 4.7549e-01, 
 2DIAGNOSTIC,    16, -5.312888324124e-01, 3.514552148083e-04, 9.0436e+00, 3.0572e-01, 
 2DIAGNOSTIC,    17, -5.312879770323e-01, 3.217573006433e-04, 9.3771e+00, 3.3348e-01, 
 2DIAGNOSTIC,    18, -5.312874973202e-01, 2.662410008611e-04, 9.6527e+00, 2.7558e-01, 
 2DIAGNOSTIC,    19, -5.312863817064e-01, 1.959168931453e-04, 9.9582e+00, 3.0548e-01, 
 2DIAGNOSTIC,    20, -5.312873773013e-01, 1.216675657686e-04, 1.0222e+01, 2.6425e-01, 
 2DIAGNOSTIC,    21, -5.312856330711e-01, 5.425863458165e-05, 1.0488e+01, 2.6563e-01, 
 2DIAGNOSTIC,    22, -5.312846896965e-01, 1.030126198044e-06, 1.0790e+01, 3.0167e-01, 
 2DIAGNOSTIC,    23, -5.312847059325e-01, 1.172866018098e-06, 1.1119e+01, 3.2963e-01, 
 2DIAGNOSTIC,    24, -5.312830424253e-01, 1.015556618064e-06, 1.1467e+01, 3.4758e-01, 
DIAGNOSTIC,Iteration,metricValue,convergenceValue,ITERATION_TIME_INDEX,SINCE_LAST
 2DIAGNOSTIC,     1, -4.873900725172e-01, 1.797693134862e+308, 1.4477e+01, 3.0105e+00, 
 2DIAGNOSTIC,     2, -4.875780943633e-01, 1.797693134862e+308, 1.6330e+01, 1.8530e+00, 
 2DIAGNOSTIC,     3, -4.876806813311e-01, 1.797693134862e+308, 1.8210e+01, 1.8799e+00, 
 2DIAGNOSTIC,     4, -4.877851461031e-01, 1.797693134862e+308, 2.0081e+01, 1.8703e+00, 
 2DIAGNOSTIC,     5, -4.879224621376e-01, 1.797693134862e+308, 2.2162e+01, 2.0816e+00, 
 2DIAGNOSTIC,     6, -4.879595786697e-01, 1.797693134862e+308, 2.3837e+01, 1.6750e+00, 
 2DIAGNOSTIC,     7, -4.880326763459e-01, 1.797693134862e+308, 2.5546e+01, 1.7083e+00, 
 2DIAGNOSTIC,     8, -4.884707653793e-01, 1.797693134862e+308, 2.7436e+01, 1.8907e+00, 
 2DIAGNOSTIC,     9, -4.888508835208e-01, 1.797693134862e+308, 2.9404e+01, 1.9673e+00, 
 2DIAGNOSTIC,    10, -4.893931194234e-01, 2.239407219761e-04, 3.1087e+01, 1.6830e+00, 
 2DIAGNOSTIC,    11, -4.899156409472e-01, 2.595239859551e-04, 3.3389e+01, 2.3028e+00, 
 2DIAGNOSTIC,    12, -4.900565772838e-01, 2.818727123396e-04, 3.5291e+01, 1.9021e+00, 
 2DIAGNOSTIC,    13, -4.902910042715e-01, 2.906954514917e-04, 3.7189e+01, 1.8972e+00, 
 2DIAGNOSTIC,    14, -4.904243425747e-01, 2.815834395824e-04, 3.9725e+01, 2.5365e+00, 
 2DIAGNOSTIC,    15, -4.904454800236e-01, 2.541731269504e-04, 4.1497e+01, 1.7716e+00, 
 2DIAGNOSTIC,    16, -4.905132774920e-01, 2.110040727966e-04, 4.3298e+01, 1.8009e+00, 
 2DIAGNOSTIC,    17, -4.905768800341e-01, 1.582310357397e-04, 4.5101e+01, 1.8033e+00, 
 2DIAGNOSTIC,    18, -4.906460531943e-01, 1.132245079488e-04, 4.9661e+01, 4.5596e+00, 
 2DIAGNOSTIC,    19, -4.906461475784e-01, 7.395557361137e-05, 5.1655e+01, 1.9943e+00, 
