
##########################
# Experiment information #
##########################

EXPERIMENT_NAME: antsRegistration-r8-p12
VFC_BACKENDS: libinterflop_vprec.so --range-binary32=8 --precision-binary32=12 --range-binary64=8 --precision-binary64=12

SIF_IMG: /home/mdugre/projects/rrg-glatard/mdugre/containers/ants-vprec-no_metrics.simg

SUBJECT_ID: s014
INPUT_IMG: /home/mdugre/scratch/mri-registration-rp/datasets/ds004513/derivatives/mri-registration-rp/antsBrainExtraction/sub-s014/BrainExtractionBrain.nii.gz
OUTPUT_DIR: /home/mdugre/scratch/mri-registration-rp/datasets/ds004513/derivatives/mri-registration-rp/0001/antsRegistration-r8-p12/sub-s014

FIXED_IMG: /templateflow/tpl-MNI152NLin2009cAsym/tpl-MNI152NLin2009cAsym_res-01_desc-brain_T1w.nii.gz
DATA_DIR: /home/mdugre/scratch/mri-registration-rp/datasets/ds004513
TEMPLATEFLOW_DIR: /home/mdugre/projects/rrg-glatard/mdugre/templateflow
ITK_GLOBAL_DEFAULT_NUMBER_OF_THREADS: 16
##########################

Info [verificarlo]: loaded backend libinterflop_ieee.so
Info [interflop-ieee]: load backend with:
Info [interflop-ieee]: debug = false
Info [interflop-ieee]: debug-binary = false
Info [interflop-ieee]: no-backend-name = false
Info [interflop-ieee]: print-new-line = false
Info [interflop-ieee]: print-subnormal-normalized = false
Info [interflop-ieee]: count-op = false
All_Command_lines_OK
Using double precision for computations.
=============================================================================
The composite transform comprises the following transforms (in order): 
  1. Center of mass alignment using fixed image: /templateflow/tpl-MNI152NLin2009cAsym/tpl-MNI152NLin2009cAsym_res-01_desc-brain_T1w.nii.gz and moving image: /home/mdugre/scratch/mri-registration-rp/datasets/ds004513/derivatives/mri-registration-rp/antsBrainExtraction/sub-s014/BrainExtractionBrain.nii.gz (type = Euler3DTransform)
=============================================================================
  number of levels = 1
  fixed image: /templateflow/tpl-MNI152NLin2009cAsym/tpl-MNI152NLin2009cAsym_res-01_desc-brain_T1w.nii.gz
  moving image: /home/mdugre/scratch/mri-registration-rp/datasets/ds004513/derivatives/mri-registration-rp/antsBrainExtraction/sub-s014/BrainExtractionBrain.nii.gz
Dimension = 3
Number of stages = 1
Use histogram matching = false
Winsorize image intensities = true
  Lower quantile = 0.005
  Upper quantile = 0.995


Stage 1 State
   Image metric = MattesMI
     Fixed image = Image (0x43fae70)
  RTTI typeinfo:   itk::Image<double, 3u>
  Reference Count: 2
  Modified Time: 2334
  Debug: Off
  Object Name: 
  Observers: 
    none
  Source: (none)
  Source output name: (none)
  Release Data: Off
  Data Released: False
  Global Release Data: Off
  PipelineMTime: 0
  UpdateMTime: 1943
  RealTimeStamp: 0 seconds 
  LargestPossibleRegion: 
    Dimension: 3
    Index: [0, 0, 0]
    Size: [193, 229, 193]
  BufferedRegion: 
    Dimension: 3
    Index: [0, 0, 0]
    Size: [193, 229, 193]
  RequestedRegion: 
    Dimension: 3
    Index: [0, 0, 0]
    Size: [193, 229, 193]
  Spacing: [1, 1, 1]
  Origin: [96, 132, -78]
  Direction: 
-1 0 0
0 -1 0
0 0 1

  IndexToPointMatrix: 
-1 0 0
0 -1 0
0 0 1

  PointToIndexMatrix: 
-1 0 0
0 -1 0
0 0 1

  Inverse Direction: 
-1 0 0
0 -1 0
0 0 1

  PixelContainer: 
    ImportImageContainer (0x4407140)
      RTTI typeinfo:   itk::ImportImageContainer<unsigned long, double>
      Reference Count: 1
      Modified Time: 1940
      Debug: Off
      Object Name: 
      Observers: 
        none
      Pointer: 0x148dac312010
      Container manages memory: true
      Size: 8530021
      Capacity: 8530021

     Moving image = Image (0x4404310)
  RTTI typeinfo:   itk::Image<double, 3u>
  Reference Count: 2
  Modified Time: 2335
  Debug: Off
  Object Name: 
  Observers: 
    none
  Source: (none)
  Source output name: (none)
  Release Data: Off
  Data Released: False
  Global Release Data: Off
  PipelineMTime: 0
  UpdateMTime: 2332
  RealTimeStamp: 0 seconds 
  LargestPossibleRegion: 
    Dimension: 3
    Index: [0, 0, 0]
    Size: [160, 240, 256]
  BufferedRegion: 
    Dimension: 3
    Index: [0, 0, 0]
    Size: [160, 240, 256]
  RequestedRegion: 
    Dimension: 3
    Index: [0, 0, 0]
    Size: [160, 240, 256]
  Spacing: [0.999999, 1, 1]
  Origin: [84.1637, 106.709, -120.531]
  Direction: 
-0.999619 -0.0226874 -0.0157033
0.0226846 -0.999743 0.00035635
-0.0157073 -7.8229e-09 0.999877

  IndexToPointMatrix: 
-0.999619 -0.0226874 -0.0157033
0.0226845 -0.999743 0.00035635
-0.0157073 -7.8229e-09 0.999877

  PointToIndexMatrix: 
-0.99962 0.0226846 -0.0157073
-0.0226874 -0.999743 -7.83127e-09
-0.0157033 0.00035635 0.999877

  Inverse Direction: 
-0.999619 0.0226846 -0.0157073
-0.0226874 -0.999743 -7.83127e-09
-0.0157033 0.00035635 0.999877

  PixelContainer: 
    ImportImageContainer (0x452f610)
      RTTI typeinfo:   itk::ImportImageContainer<unsigned long, double>
      Reference Count: 1
      Modified Time: 2329
      Debug: Off
      Object Name: 
      Observers: 
        none
      Pointer: 0x148da7811010
      Container manages memory: true
      Size: 9830400
      Capacity: 9830400

     Weighting = 1
     Sampling strategy = regular
     Number of bins = 32
     Radius = 4
     Sampling percentage  = 0.25
   Transform = Rigid
     Gradient step = 0.1
     Update field sigma (voxel space) = 0
     Total field sigma (voxel space) = 0
     Update field time sigma = 0
     Total field time sigma  = 0
     Number of time indices = 0
     Number of time point samples = 0
Registration using 1 total stages.

Stage 0
  iterations = 0
  convergence threshold = 1e-06
  convergence window size = 10
  number of levels = 1
  using the Mattes MI metric (number of bins = 32, weight = 1, use gradient filter = 0)
  preprocessing:  winsorizing the image intensities
  Shrink factors (level 1 out of 1): [1, 1, 1]
  smoothing sigmas per level: [0]
  regular sampling (percentage = 0.25)

*** Running Euler3DTransform registration ***

  Elapsed time (stage 0): 1.08605


Total elapsed time: 1.09085
Info [verificarlo]: loaded backend libinterflop_ieee.so
Info [interflop-ieee]: load backend with:
Info [interflop-ieee]: debug = false
Info [interflop-ieee]: debug-binary = false
Info [interflop-ieee]: no-backend-name = false
Info [interflop-ieee]: print-new-line = false
Info [interflop-ieee]: print-subnormal-normalized = false
Info [interflop-ieee]: count-op = false
All_Command_lines_OK
Using double precision for computations.
=============================================================================
The composite transform comprises the following transforms (in order): 
  1. /home/mdugre/scratch/mri-registration-rp/datasets/ds004513/derivatives/mri-registration-rp/0001/antsRegistration-r8-p12/sub-s014/align_Composite.h5[0] (type = Euler3DTransform)
  2. /home/mdugre/scratch/mri-registration-rp/datasets/ds004513/derivatives/mri-registration-rp/0001/antsRegistration-r8-p12/sub-s014/align_Composite.h5[1] (type = Euler3DTransform)
=============================================================================
  number of levels = 4
  fixed image: /templateflow/tpl-MNI152NLin2009cAsym/tpl-MNI152NLin2009cAsym_res-01_desc-brain_T1w.nii.gz
  moving image: /home/mdugre/scratch/mri-registration-rp/datasets/ds004513/derivatives/mri-registration-rp/antsBrainExtraction/sub-s014/BrainExtractionBrain.nii.gz
Dimension = 3
Number of stages = 1
Use histogram matching = false
Winsorize image intensities = true
  Lower quantile = 0.005
  Upper quantile = 0.995


Stage 1 State
   Image metric = MattesMI
     Fixed image = Image (0x49ef530)
  RTTI typeinfo:   itk::Image<double, 3u>
  Reference Count: 2
  Modified Time: 1580
  Debug: Off
  Object Name: 
  Observers: 
    none
  Source: (none)
  Source output name: (none)
  Release Data: Off
  Data Released: False
  Global Release Data: Off
  PipelineMTime: 0
  UpdateMTime: 1189
  RealTimeStamp: 0 seconds 
  LargestPossibleRegion: 
    Dimension: 3
    Index: [0, 0, 0]
    Size: [193, 229, 193]
  BufferedRegion: 
    Dimension: 3
    Index: [0, 0, 0]
    Size: [193, 229, 193]
  RequestedRegion: 
    Dimension: 3
    Index: [0, 0, 0]
    Size: [193, 229, 193]
  Spacing: [1, 1, 1]
  Origin: [96, 132, -78]
  Direction: 
-1 0 0
0 -1 0
0 0 1

  IndexToPointMatrix: 
-1 0 0
0 -1 0
0 0 1

  PointToIndexMatrix: 
-1 0 0
0 -1 0
0 0 1

  Inverse Direction: 
-1 0 0
0 -1 0
0 0 1

  PixelContainer: 
    ImportImageContainer (0x4aadd60)
      RTTI typeinfo:   itk::ImportImageContainer<unsigned long, double>
      Reference Count: 1
      Modified Time: 1186
      Debug: Off
      Object Name: 
      Observers: 
        none
      Pointer: 0x154f4beaa010
      Container manages memory: true
      Size: 8530021
      Capacity: 8530021

     Moving image = Image (0x4a9ff60)
  RTTI typeinfo:   itk::Image<double, 3u>
  Reference Count: 2
  Modified Time: 1581
  Debug: Off
  Object Name: 
  Observers: 
    none
  Source: (none)
  Source output name: (none)
  Release Data: Off
  Data Released: False
  Global Release Data: Off
  PipelineMTime: 0
  UpdateMTime: 1578
  RealTimeStamp: 0 seconds 
  LargestPossibleRegion: 
    Dimension: 3
    Index: [0, 0, 0]
    Size: [160, 240, 256]
  BufferedRegion: 
    Dimension: 3
    Index: [0, 0, 0]
    Size: [160, 240, 256]
  RequestedRegion: 
    Dimension: 3
    Index: [0, 0, 0]
    Size: [160, 240, 256]
  Spacing: [0.999999, 1, 1]
  Origin: [84.1637, 106.709, -120.531]
  Direction: 
-0.999619 -0.0226874 -0.0157033
0.0226846 -0.999743 0.00035635
-0.0157073 -7.8229e-09 0.999877

  IndexToPointMatrix: 
-0.999619 -0.0226874 -0.0157033
0.0226845 -0.999743 0.00035635
-0.0157073 -7.8229e-09 0.999877

  PointToIndexMatrix: 
-0.99962 0.0226846 -0.0157073
-0.0226874 -0.999743 -7.83127e-09
-0.0157033 0.00035635 0.999877

  Inverse Direction: 
-0.999619 0.0226846 -0.0157073
-0.0226874 -0.999743 -7.83127e-09
-0.0157033 0.00035635 0.999877

  PixelContainer: 
    ImportImageContainer (0x4a916d0)
      RTTI typeinfo:   itk::ImportImageContainer<unsigned long, double>
      Reference Count: 1
      Modified Time: 1575
      Debug: Off
      Object Name: 
      Observers: 
        none
      Pointer: 0x154f473a9010
      Container manages memory: true
      Size: 9830400
      Capacity: 9830400

     Weighting = 1
     Sampling strategy = regular
     Number of bins = 32
     Radius = 4
     Sampling percentage  = 0.25
   Transform = Rigid
     Gradient step = 0.1
     Update field sigma (voxel space) = 0
     Total field sigma (voxel space) = 0
     Update field time sigma = 0
     Total field time sigma  = 0
     Number of time indices = 0
     Number of time point samples = 0
Registration using 1 total stages.

Stage 0
  iterations = 1000x500x250x100
  convergence threshold = 1e-06
  convergence window size = 10
  number of levels = 4
  using the Mattes MI metric (number of bins = 32, weight = 1, use gradient filter = 0)
  preprocessing:  winsorizing the image intensities
  Shrink factors (level 1 out of 4): [8, 8, 8]
  Shrink factors (level 2 out of 4): [4, 4, 4]
  Shrink factors (level 3 out of 4): [2, 2, 2]
  Shrink factors (level 4 out of 4): [1, 1, 1]
  smoothing sigmas per level: [3, 2, 1, 0]
  regular sampling (percentage = 0.25)

*** Running Euler3DTransform registration ***

DIAGNOSTIC,Iteration,metricValue,convergenceValue,ITERATION_TIME_INDEX,SINCE_LAST
 2DIAGNOSTIC,     1, -4.770821406565e-01, 1.797693134862e+308, 7.1564e-01, 7.1564e-01, 
 2DIAGNOSTIC,     2, -4.784216133942e-01, 1.797693134862e+308, 7.2028e-01, 4.6430e-03, 
 2DIAGNOSTIC,     3, -4.807043200681e-01, 1.797693134862e+308, 7.2461e-01, 4.3221e-03, 
 2DIAGNOSTIC,     4, -4.840264478065e-01, 1.797693134862e+308, 7.2880e-01, 4.1969e-03, 
 2DIAGNOSTIC,     5, -4.883050305770e-01, 1.797693134862e+308, 7.3301e-01, 4.2078e-03, 
 2DIAGNOSTIC,     6, -4.953560426371e-01, 1.797693134862e+308, 7.3825e-01, 5.2371e-03, 
 2DIAGNOSTIC,     7, -5.007350570384e-01, 1.797693134862e+308, 7.4251e-01, 4.2641e-03, 
 2DIAGNOSTIC,     8, -5.013278569503e-01, 1.797693134862e+308, 7.4677e-01, 4.2551e-03, 
 2DIAGNOSTIC,     9, -5.085255256006e-01, 1.797693134862e+308, 7.5217e-01, 5.4009e-03, 
 2DIAGNOSTIC,    10, -5.161992633656e-01, 5.125196520979e-03, 7.5824e-01, 6.0771e-03, 
 2DIAGNOSTIC,    11, -5.167072941437e-01, 4.879252931146e-03, 7.6253e-01, 4.2810e-03, 
 2DIAGNOSTIC,    12, -5.203629876260e-01, 4.481282734468e-03, 7.6680e-01, 4.2751e-03, 
 2DIAGNOSTIC,    13, -5.229718709777e-01, 3.958672533579e-03, 7.7124e-01, 4.4410e-03, 
 2DIAGNOSTIC,    14, -5.250338110830e-01, 3.368007801724e-03, 7.7614e-01, 4.8990e-03, 
 2DIAGNOSTIC,    15, -5.272078697648e-01, 2.786121483395e-03, 7.8275e-01, 6.6130e-03, 
 2DIAGNOSTIC,    16, -5.275715603978e-01, 2.284098302170e-03, 7.8702e-01, 4.2682e-03, 
 2DIAGNOSTIC,    17, -5.282507656512e-01, 1.839921123748e-03, 7.9129e-01, 4.2660e-03, 
 2DIAGNOSTIC,    18, -5.289722876066e-01, 1.313912041903e-03, 7.9609e-01, 4.8029e-03, 
 2DIAGNOSTIC,    19, -5.292207410111e-01, 9.370568707383e-04, 8.0148e-01, 5.3902e-03, 
 2DIAGNOSTIC,    20, -5.294476960672e-01, 7.341365573351e-04, 8.0632e-01, 4.8420e-03, 
 2DIAGNOSTIC,    21, -5.294955840903e-01, 4.966190831858e-04, 8.1057e-01, 4.2479e-03, 
 2DIAGNOSTIC,    22, -5.295366245031e-01, 3.281311959297e-04, 8.1524e-01, 4.6680e-03, 
 2DIAGNOSTIC,    23, -5.295376311909e-01, 2.063244245617e-04, 8.1985e-01, 4.6079e-03, 
 2DIAGNOSTIC,    24, -5.295911249027e-01, 1.234508389502e-04, 8.2445e-01, 4.6070e-03, 
 2DIAGNOSTIC,    25, -5.296271130649e-01, 8.499150549861e-05, 8.2909e-01, 4.6370e-03, 
 2DIAGNOSTIC,    26, -5.296539599384e-01, 4.983583932689e-05, 8.3324e-01, 4.1459e-03, 
 2DIAGNOSTIC,    27, -5.297704229809e-01, 2.877322815944e-05, 8.3740e-01, 4.1649e-03, 
 2DIAGNOSTIC,    28, -5.299884954866e-01, 2.504887532123e-05, 8.4302e-01, 5.6210e-03, 
 2DIAGNOSTIC,    29, -5.300854192462e-01, 2.569611952612e-05, 8.4768e-01, 4.6570e-03, 
 2DIAGNOSTIC,    30, -5.300410324622e-01, 2.732899344672e-05, 8.5178e-01, 4.1001e-03, 
 2DIAGNOSTIC,    31, -5.300376932142e-01, 2.724560548718e-05, 8.5588e-01, 4.1041e-03, 
 2DIAGNOSTIC,    32, -5.301686264233e-01, 2.763232919309e-05, 8.6001e-01, 4.1289e-03, 
 2DIAGNOSTIC,    33, -5.303926738420e-01, 2.905769097012e-05, 8.6514e-01, 5.1260e-03, 
 2DIAGNOSTIC,    34, -5.304519664600e-01, 2.945835348675e-05, 8.7029e-01, 5.1489e-03, 
 2DIAGNOSTIC,    35, -5.305073139183e-01, 2.868169329196e-05, 8.7433e-01, 4.0419e-03, 
 2DIAGNOSTIC,    36, -5.305686017147e-01, 2.670517373956e-05, 8.7825e-01, 3.9201e-03, 
 2DIAGNOSTIC,    37, -5.306602858942e-01, 2.533264913027e-05, 8.8407e-01, 5.8191e-03, 
 2DIAGNOSTIC,    38, -5.306881156230e-01, 2.512162425125e-05, 8.8821e-01, 4.1380e-03, 
 2DIAGNOSTIC,    39, -5.307317416635e-01, 2.461885298751e-05, 8.9238e-01, 4.1730e-03, 
 2DIAGNOSTIC,    40, -5.308225091354e-01, 2.257034276366e-05, 8.9800e-01, 5.6200e-03, 
 2DIAGNOSTIC,    41, -5.308460424125e-01, 1.877385526094e-05, 9.0211e-01, 4.1132e-03, 
 2DIAGNOSTIC,    42, -5.308561837321e-01, 1.520831957306e-05, 9.0625e-01, 4.1399e-03, 
 2DIAGNOSTIC,    43, -5.308777649273e-01, 1.355835177225e-05, 9.1273e-01, 6.4809e-03, 
 2DIAGNOSTIC,    44, -5.309114036110e-01, 1.190613944368e-05, 9.1685e-01, 4.1199e-03, 
 2DIAGNOSTIC,    45, -5.310262965518e-01, 1.129423566599e-05, 9.2345e-01, 6.5999e-03, 
 2DIAGNOSTIC,    46, -5.310374074445e-01, 1.049838941993e-05, 9.2757e-01, 4.1158e-03, 
 2DIAGNOSTIC,    47, -5.310434720121e-01, 9.962263450122e-06, 9.3175e-01, 4.1819e-03, 
 2DIAGNOSTIC,    48, -5.310518853633e-01, 8.989886106713e-06, 9.3600e-01, 4.2450e-03, 
 2DIAGNOSTIC,    49, -5.310584329536e-01, 7.783359501454e-06, 9.4127e-01, 5.2731e-03, 
 2DIAGNOSTIC,    50, -5.310645817646e-01, 6.973833583876e-06, 9.4707e-01, 5.8031e-03, 
 2DIAGNOSTIC,    51, -5.310656430618e-01, 5.851695600440e-06, 9.5129e-01, 4.2210e-03, 
 2DIAGNOSTIC,    52, -5.310738190002e-01, 4.481863509955e-06, 9.5611e-01, 4.8201e-03, 
 2DIAGNOSTIC,    53, -5.310768127969e-01, 3.049471521521e-06, 9.6036e-01, 4.2491e-03, 
 2DIAGNOSTIC,    54, -5.310775506016e-01, 1.750844720198e-06, 9.6464e-01, 4.2720e-03, 
 2DIAGNOSTIC,    55, -5.310817434211e-01, 1.565716413163e-06, 9.6900e-01, 4.3612e-03, 
 2DIAGNOSTIC,    56, -5.310870994121e-01, 1.452195857489e-06, 9.7374e-01, 4.7400e-03, 
 2DIAGNOSTIC,    57, -5.310885232962e-01, 1.327089154842e-06, 9.7842e-01, 4.6821e-03, 
 2DIAGNOSTIC,    58, -5.310914487850e-01, 1.238639651149e-06, 9.8318e-01, 4.7579e-03, 
 2DIAGNOSTIC,    59, -5.311015678587e-01, 1.240623596681e-06, 9.8843e-01, 5.2559e-03, 
 2DIAGNOSTIC,    60, -5.311021904297e-01, 1.235244579036e-06, 9.9262e-01, 4.1919e-03, 
 2DIAGNOSTIC,    61, -5.311059901820e-01, 1.204917779152e-06, 1.0059e+00, 1.3305e-02, 
 2DIAGNOSTIC,    62, -5.311059901659e-01, 1.182103197366e-06, 1.0197e+00, 1.3772e-02, 
 2DIAGNOSTIC,    63, -5.311059901659e-01, 1.122797857651e-06, 1.0285e+00, 8.7540e-03, 
 2DIAGNOSTIC,    64, -5.311059901659e-01, 1.011506956253e-06, 1.0335e+00, 5.0042e-03, 
DIAGNOSTIC,Iteration,metricValue,convergenceValue,ITERATION_TIME_INDEX,SINCE_LAST
 2DIAGNOSTIC,     1, -4.295258231625e-01, 1.797693134862e+308, 1.7775e+00, 7.4409e-01, 
 2DIAGNOSTIC,     2, -4.302859640432e-01, 1.797693134862e+308, 1.8067e+00, 2.9147e-02, 
 2DIAGNOSTIC,     3, -4.309651196675e-01, 1.797693134862e+308, 1.8358e+00, 2.9137e-02, 
 2DIAGNOSTIC,     4, -4.317164347764e-01, 1.797693134862e+308, 1.8676e+00, 3.1804e-02, 
 2DIAGNOSTIC,     5, -4.325561938345e-01, 1.797693134862e+308, 1.8969e+00, 2.9264e-02, 
 2DIAGNOSTIC,     6, -4.341819580779e-01, 1.797693134862e+308, 1.9262e+00, 2.9258e-02, 
 2DIAGNOSTIC,     7, -4.354327949460e-01, 1.797693134862e+308, 1.9573e+00, 3.1109e-02, 
 2DIAGNOSTIC,     8, -4.367134834400e-01, 1.797693134862e+308, 1.9922e+00, 3.4962e-02, 
 2DIAGNOSTIC,     9, -4.377076816053e-01, 1.797693134862e+308, 2.0347e+00, 4.2466e-02, 
 2DIAGNOSTIC,    10, -4.379510214291e-01, 1.375954781892e-03, 2.0653e+00, 3.0602e-02, 
 2DIAGNOSTIC,    11, -4.381306699703e-01, 1.211218579655e-03, 2.0966e+00, 3.1262e-02, 
 2DIAGNOSTIC,    12, -4.403708091238e-01, 1.128184042348e-03, 2.1313e+00, 3.4769e-02, 
 2DIAGNOSTIC,    13, -4.435986505836e-01, 1.148562288455e-03, 2.1695e+00, 3.8150e-02, 
 2DIAGNOSTIC,    14, -4.436199448016e-01, 1.094787362035e-03, 2.1996e+00, 3.0078e-02, 
 2DIAGNOSTIC,    15, -4.445052015834e-01, 1.025845786162e-03, 2.2308e+00, 3.1218e-02, 
 2DIAGNOSTIC,    16, -4.479362667061e-01, 1.077370585753e-03, 2.2724e+00, 4.1601e-02, 
 2DIAGNOSTIC,    17, -4.481475950930e-01, 1.073587585983e-03, 2.3044e+00, 3.1998e-02, 
 2DIAGNOSTIC,    18, -4.482020490272e-01, 1.018146299997e-03, 2.3394e+00, 3.5003e-02, 
 2DIAGNOSTIC,    19, -4.481966708545e-01, 9.107728214842e-04, 2.3953e+00, 5.5960e-02, 
 2DIAGNOSTIC,    20, -4.481953335757e-01, 7.394369047443e-04, 2.4246e+00, 2.9265e-02, 
 2DIAGNOSTIC,    21, -4.481954334211e-01, 5.189437708616e-04, 2.4624e+00, 3.7786e-02, 
 2DIAGNOSTIC,    22, -4.482018533900e-01, 3.337448835894e-04, 2.4952e+00, 3.2805e-02, 
 2DIAGNOSTIC,    23, -4.481921491786e-01, 2.259319928226e-04, 2.5227e+00, 2.7462e-02, 
 2DIAGNOSTIC,    24, -4.482074312935e-01, 1.077320659205e-04, 2.5540e+00, 3.1381e-02, 
 2DIAGNOSTIC,    25, -4.482144439098e-01, 9.691657200467e-06, 2.5893e+00, 3.5311e-02, 
 2DIAGNOSTIC,    26, -4.482116710149e-01, 3.273680768905e-06, 2.6229e+00, 3.3575e-02, 
 2DIAGNOSTIC,    27, -4.482088353695e-01, 2.084628171008e-06, 2.6566e+00, 3.3697e-02, 
 2DIAGNOSTIC,    28, -4.482139220095e-01, 2.274305968226e-06, 2.6865e+00, 2.9895e-02, 
 2DIAGNOSTIC,    29, -4.482420866523e-01, 2.842587859098e-06, 2.7198e+00, 3.3282e-02, 
 2DIAGNOSTIC,    30, -4.482455732857e-01, 3.232688077233e-06, 2.7533e+00, 3.3532e-02, 
 2DIAGNOSTIC,    31, -4.482405886618e-01, 3.298139657597e-06, 2.7836e+00, 3.0257e-02, 
 2DIAGNOSTIC,    32, -4.482290915044e-01, 3.068922703638e-06, 2.8134e+00, 2.9826e-02, 
 2DIAGNOSTIC,    33, -4.482261087558e-01, 2.406544865358e-06, 2.8459e+00, 3.2480e-02, 
 2DIAGNOSTIC,    34, -4.482147421381e-01, 1.704268306479e-06, 2.8793e+00, 3.3443e-02, 
 2DIAGNOSTIC,    35, -4.482170221750e-01, 1.142411564136e-06, 2.9097e+00, 3.0321e-02, 
DIAGNOSTIC,Iteration,metricValue,convergenceValue,ITERATION_TIME_INDEX,SINCE_LAST
 2DIAGNOSTIC,     1, -3.932184618996e-01, 1.797693134862e+308, 3.9824e+00, 1.0728e+00, 
 2DIAGNOSTIC,     2, -3.933350080872e-01, 1.797693134862e+308, 4.2159e+00, 2.3344e-01, 
 2DIAGNOSTIC,     3, -3.934316047628e-01, 1.797693134862e+308, 4.4517e+00, 2.3585e-01, 
 2DIAGNOSTIC,     4, -3.934445201751e-01, 1.797693134862e+308, 4.7204e+00, 2.6870e-01, 
 2DIAGNOSTIC,     5, -3.934561041480e-01, 1.797693134862e+308, 4.9703e+00, 2.4986e-01, 
 2DIAGNOSTIC,     6, -3.934557400553e-01, 1.797693134862e+308, 5.2742e+00, 3.0397e-01, 
 2DIAGNOSTIC,     7, -3.934568948005e-01, 1.797693134862e+308, 5.6822e+00, 4.0801e-01, 
 2DIAGNOSTIC,     8, -3.934560026818e-01, 1.797693134862e+308, 5.9091e+00, 2.2688e-01, 
 2DIAGNOSTIC,     9, -3.934553707533e-01, 1.797693134862e+308, 6.1929e+00, 2.8383e-01, 
 2DIAGNOSTIC,    10, -3.934548435915e-01, 2.950388609044e-05, 6.4261e+00, 2.3317e-01, 
 2DIAGNOSTIC,    11, -3.934535150949e-01, 1.251788035765e-05, 6.6705e+00, 2.4434e-01, 
 2DIAGNOSTIC,    12, -3.934529103868e-01, 4.334109382872e-06, 6.9106e+00, 2.4009e-01, 
 2DIAGNOSTIC,    13, -3.934523312431e-01, 2.580302819119e-06, 7.1100e+00, 1.9948e-01, 
 2DIAGNOSTIC,    14, -3.934518640985e-01, 1.691075650401e-06, 7.4108e+00, 3.0077e-01, 
 2DIAGNOSTIC,    15, -3.934519734516e-01, 1.537715178759e-06, 7.6935e+00, 2.8265e-01, 
 2DIAGNOSTIC,    16, -3.934513609627e-01, 1.410839897215e-06, 7.9127e+00, 2.1923e-01, 
 2DIAGNOSTIC,    17, -3.934508380338e-01, 1.380509419953e-06, 8.1692e+00, 2.5651e-01, 
 2DIAGNOSTIC,    18, -3.934502559821e-01, 1.340256717400e-06, 8.3702e+00, 2.0103e-01, 
 2DIAGNOSTIC,    19, -3.934497851820e-01, 1.301860272244e-06, 8.6014e+00, 2.3118e-01, 
 2DIAGNOSTIC,    20, -3.934499621694e-01, 1.290039205654e-06, 8.8183e+00, 2.1685e-01, 
 2DIAGNOSTIC,    21, -3.934502604991e-01, 1.271710135670e-06, 9.0720e+00, 2.5377e-01, 
 2DIAGNOSTIC,    22, -3.934498715659e-01, 1.245514075009e-06, 9.3264e+00, 2.5436e-01, 
 2DIAGNOSTIC,    23, -3.934501307292e-01, 1.231426800634e-06, 9.5595e+00, 2.3306e-01, 
 2DIAGNOSTIC,    24, -3.934495535761e-01, 1.200792275634e-06, 9.7733e+00, 2.1385e-01, 
 2DIAGNOSTIC,    25, -3.934490927677e-01, 1.174527705816e-06, 9.9949e+00, 2.2155e-01, 
 2DIAGNOSTIC,    26, -3.934495816361e-01, 1.156238069330e-06, 1.0271e+01, 2.7582e-01, 
 2DIAGNOSTIC,    27, -3.934510332960e-01, 1.170201614095e-06, 1.0535e+01, 2.6435e-01, 
 2DIAGNOSTIC,    28, -3.934498670328e-01, 1.138213992682e-06, 1.0787e+01, 2.5156e-01, 
 2DIAGNOSTIC,    29, -3.934494067995e-01, 1.086573257550e-06, 1.1023e+01, 2.3651e-01, 
 2DIAGNOSTIC,    30, -3.934490071098e-01, 1.034518305465e-06, 1.1266e+01, 2.4300e-01, 
 2DIAGNOSTIC,    31, -3.934493552315e-01, 1.002859744408e-06, 1.1479e+01, 2.1302e-01, 
 2DIAGNOSTIC,    32, -3.934514389081e-01, 1.012150067391e-06, 1.1731e+01, 2.5213e-01, 
 2DIAGNOSTIC,    33, -3.934519791776e-01, 1.036072111216e-06, 1.1980e+01, 2.4893e-01, 
 2DIAGNOSTIC,    34, -3.934514162153e-01, 1.029043098327e-06, 1.2246e+01, 2.6584e-01, 
 2DIAGNOSTIC,    35, -3.934525148545e-01, 1.027695601171e-06, 1.2509e+01, 2.6266e-01, 
 2DIAGNOSTIC,    36, -3.934539684136e-01, 1.051995747542e-06, 1.2790e+01, 2.8090e-01, 
 2DIAGNOSTIC,    37, -3.934536117579e-01, 1.079271571999e-06, 1.3058e+01, 2.6830e-01, 
 2DIAGNOSTIC,    38, -3.934525130970e-01, 1.042002453034e-06, 1.3315e+01, 2.5715e-01, 
DIAGNOSTIC,Iteration,metricValue,convergenceValue,ITERATION_TIME_INDEX,SINCE_LAST
 2DIAGNOSTIC,     1, -3.660000232122e-01, 1.797693134862e+308, 1.5819e+01, 2.5036e+00, 
 2DIAGNOSTIC,     2, -3.661006045013e-01, 1.797693134862e+308, 1.7598e+01, 1.7790e+00, 
 2DIAGNOSTIC,     3, -3.661940053566e-01, 1.797693134862e+308, 1.9322e+01, 1.7244e+00, 
 2DIAGNOSTIC,     4, -3.662025643982e-01, 1.797693134862e+308, 2.1882e+01, 2.5602e+00, 
 2DIAGNOSTIC,     5, -3.662022977406e-01, 1.797693134862e+308, 2.3819e+01, 1.9371e+00, 
 2DIAGNOSTIC,     6, -3.662022733271e-01, 1.797693134862e+308, 2.5376e+01, 1.5562e+00, 
 2DIAGNOSTIC,     7, -3.662021510428e-01, 1.797693134862e+308, 2.6948e+01, 1.5729e+00, 
 2DIAGNOSTIC,     8, -3.662021104782e-01, 1.797693134862e+308, 2.8617e+01, 1.6687e+00, 
 2DIAGNOSTIC,     9, -3.662019867622e-01, 1.797693134862e+308, 3.0304e+01, 1.6866e+00, 
 2DIAGNOSTIC,    10, -3.662019340678e-01, 2.615306949787e-05, 3.1788e+01, 1.4848e+00, 
 2DIAGNOSTIC,    11, -3.662019021402e-01, 1.049208934020e-05, 3.3281e+01, 1.4927e+00, 
 2DIAGNOSTIC,    12, -3.662017877851e-01, 3.091361150079e-06, 3.4783e+01, 1.5021e+00, 
 2DIAGNOSTIC,    13, -3.662019075700e-01, 2.358435138378e-06, 3.6479e+01, 1.6960e+00, 
 2DIAGNOSTIC,    14, -3.662018587126e-01, 2.210206122719e-06, 3.8134e+01, 1.6551e+00, 
 2DIAGNOSTIC,    15, -3.662018920148e-01, 2.075386365458e-06, 3.9857e+01, 1.7232e+00, 
 2DIAGNOSTIC,    16, -3.662018421387e-01, 1.958104223432e-06, 4.1269e+01, 1.4110e+00, 
 2DIAGNOSTIC,    17, -3.662017315669e-01, 1.846828475538e-06, 4.2598e+01, 1.3299e+00, 
 2DIAGNOSTIC,    18, -3.662016584553e-01, 1.745449626403e-06, 4.4155e+01, 1.5568e+00, 
 2DIAGNOSTIC,    19, -3.662015876342e-01, 1.648798694173e-06, 4.5830e+01, 1.6751e+00, 
 2DIAGNOSTIC,    20, -3.662013732953e-01, 1.553843745249e-06, 4.7511e+01, 1.6802e+00, 
 2DIAGNOSTIC,    21, -3.662013254955e-01, 1.468744474625e-06, 4.9462e+01, 1.9516e+00, 
 2DIAGNOSTIC,    22, -3.662011170382e-01, 1.384171233465e-06, 5.0954e+01, 1.4919e+00, 
 2DIAGNOSTIC,    23, -3.662008967300e-01, 1.309503543601e-06, 5.2318e+01, 1.3638e+00, 
 2DIAGNOSTIC,    24, -3.662008589312e-01, 1.245216205599e-06, 5.3922e+01, 1.6039e+00, 
 2DIAGNOSTIC,    25, -3.662009022557e-01, 1.195923479094e-06, 5.5537e+01, 1.6150e+00, 
 2DIAGNOSTIC,    26, -3.662008588662e-01, 1.154782628993e-06, 5.7133e+01, 1.5968e+00, 
 2DIAGNOSTIC,    27, -3.662010886983e-01, 1.126687746239e-06, 5.8671e+01, 1.5378e+00, 
 2DIAGNOSTIC,    28, -3.662011545037e-01, 1.105168555435e-06, 6.0261e+01, 1.5892e+00, 
 2DIAGNOSTIC,    29, -3.662007271276e-01, 1.074819879189e-06, 6.1948e+01, 1.6873e+00, 
 2DIAGNOSTIC,    30, -3.662006710326e-01, 1.041888318058e-06, 6.3426e+01, 1.4785e+00, 
 2DIAGNOSTIC,    31, -3.662006079484e-01, 1.010052206006e-06, 6.4972e+01, 1.5461e+00, 
  Elapsed time (stage 0): 6.5896e+01


Total elapsed time: 6.5900e+01
Info [verificarlo]: loaded backend libinterflop_ieee.so
Info [interflop-ieee]: load backend with:
Info [interflop-ieee]: debug = false
Info [interflop-ieee]: debug-binary = false
Info [interflop-ieee]: no-backend-name = false
Info [interflop-ieee]: print-new-line = false
Info [interflop-ieee]: print-subnormal-normalized = false
Info [interflop-ieee]: count-op = false
All_Command_lines_OK
Using double precision for computations.
=============================================================================
The composite transform comprises the following transforms (in order): 
  1. /home/mdugre/scratch/mri-registration-rp/datasets/ds004513/derivatives/mri-registration-rp/0001/antsRegistration-r8-p12/sub-s014/rigid_Composite.h5[0] (type = Euler3DTransform)
  2. /home/mdugre/scratch/mri-registration-rp/datasets/ds004513/derivatives/mri-registration-rp/0001/antsRegistration-r8-p12/sub-s014/rigid_Composite.h5[1] (type = Euler3DTransform)
  3. /home/mdugre/scratch/mri-registration-rp/datasets/ds004513/derivatives/mri-registration-rp/0001/antsRegistration-r8-p12/sub-s014/rigid_Composite.h5[2] (type = Euler3DTransform)
=============================================================================
  number of levels = 4
  fixed image: /templateflow/tpl-MNI152NLin2009cAsym/tpl-MNI152NLin2009cAsym_res-01_desc-brain_T1w.nii.gz
  moving image: /home/mdugre/scratch/mri-registration-rp/datasets/ds004513/derivatives/mri-registration-rp/antsBrainExtraction/sub-s014/BrainExtractionBrain.nii.gz
Dimension = 3
Number of stages = 1
Use histogram matching = false
Winsorize image intensities = true
  Lower quantile = 0.005
  Upper quantile = 0.995


Stage 1 State
   Image metric = MattesMI
     Fixed image = Image (0x3fcd7e0)
  RTTI typeinfo:   itk::Image<double, 3u>
  Reference Count: 2
  Modified Time: 1594
  Debug: Off
  Object Name: 
  Observers: 
    none
  Source: (none)
  Source output name: (none)
  Release Data: Off
  Data Released: False
  Global Release Data: Off
  PipelineMTime: 0
  UpdateMTime: 1203
  RealTimeStamp: 0 seconds 
  LargestPossibleRegion: 
    Dimension: 3
    Index: [0, 0, 0]
    Size: [193, 229, 193]
  BufferedRegion: 
    Dimension: 3
    Index: [0, 0, 0]
    Size: [193, 229, 193]
  RequestedRegion: 
    Dimension: 3
    Index: [0, 0, 0]
    Size: [193, 229, 193]
  Spacing: [1, 1, 1]
  Origin: [96, 132, -78]
  Direction: 
-1 0 0
0 -1 0
0 0 1

  IndexToPointMatrix: 
-1 0 0
0 -1 0
0 0 1

  PointToIndexMatrix: 
-1 0 0
0 -1 0
0 0 1

  Inverse Direction: 
-1 0 0
0 -1 0
0 0 1

  PixelContainer: 
    ImportImageContainer (0x408da20)
      RTTI typeinfo:   itk::ImportImageContainer<unsigned long, double>
      Reference Count: 1
      Modified Time: 1200
      Debug: Off
      Object Name: 
      Observers: 
        none
      Pointer: 0x14f537bc2010
      Container manages memory: true
      Size: 8530021
      Capacity: 8530021

     Moving image = Image (0x4088d70)
  RTTI typeinfo:   itk::Image<double, 3u>
  Reference Count: 2
  Modified Time: 1595
  Debug: Off
  Object Name: 
  Observers: 
    none
  Source: (none)
  Source output name: (none)
  Release Data: Off
  Data Released: False
  Global Release Data: Off
  PipelineMTime: 0
  UpdateMTime: 1592
  RealTimeStamp: 0 seconds 
  LargestPossibleRegion: 
    Dimension: 3
    Index: [0, 0, 0]
    Size: [160, 240, 256]
  BufferedRegion: 
    Dimension: 3
    Index: [0, 0, 0]
    Size: [160, 240, 256]
  RequestedRegion: 
    Dimension: 3
    Index: [0, 0, 0]
    Size: [160, 240, 256]
  Spacing: [0.999999, 1, 1]
  Origin: [84.1637, 106.709, -120.531]
  Direction: 
-0.999619 -0.0226874 -0.0157033
0.0226846 -0.999743 0.00035635
-0.0157073 -7.8229e-09 0.999877

  IndexToPointMatrix: 
-0.999619 -0.0226874 -0.0157033
0.0226845 -0.999743 0.00035635
-0.0157073 -7.8229e-09 0.999877

  PointToIndexMatrix: 
-0.99962 0.0226846 -0.0157073
-0.0226874 -0.999743 -7.83127e-09
-0.0157033 0.00035635 0.999877

  Inverse Direction: 
-0.999619 0.0226846 -0.0157073
-0.0226874 -0.999743 -7.83127e-09
-0.0157033 0.00035635 0.999877

  PixelContainer: 
    ImportImageContainer (0x4040c90)
      RTTI typeinfo:   itk::ImportImageContainer<unsigned long, double>
      Reference Count: 1
      Modified Time: 1589
      Debug: Off
      Object Name: 
      Observers: 
        none
      Pointer: 0x14f5330c1010
      Container manages memory: true
      Size: 9830400
      Capacity: 9830400

     Weighting = 1
     Sampling strategy = regular
     Number of bins = 32
     Radius = 4
     Sampling percentage  = 0.25
   Transform = Affine
     Gradient step = 0.1
     Update field sigma (voxel space) = 0
     Total field sigma (voxel space) = 0
     Update field time sigma = 0
     Total field time sigma  = 0
     Number of time indices = 0
     Number of time point samples = 0
Registration using 1 total stages.

Stage 0
  iterations = 1000x500x250x100
  convergence threshold = 1e-06
  convergence window size = 10
  number of levels = 4
  using the Mattes MI metric (number of bins = 32, weight = 1, use gradient filter = 0)
  preprocessing:  winsorizing the image intensities
  Shrink factors (level 1 out of 4): [8, 8, 8]
  Shrink factors (level 2 out of 4): [4, 4, 4]
  Shrink factors (level 3 out of 4): [2, 2, 2]
  Shrink factors (level 4 out of 4): [1, 1, 1]
  smoothing sigmas per level: [3, 2, 1, 0]
  regular sampling (percentage = 0.25)

*** Running AffineTransform registration ***

DIAGNOSTIC,Iteration,metricValue,convergenceValue,ITERATION_TIME_INDEX,SINCE_LAST
 2DIAGNOSTIC,     1, -5.239750083550e-01, 1.797693134862e+308, 7.3939e-01, 7.3939e-01, 
 2DIAGNOSTIC,     2, -5.258640014424e-01, 1.797693134862e+308, 7.4423e-01, 4.8411e-03, 
 2DIAGNOSTIC,     3, -5.291088181370e-01, 1.797693134862e+308, 7.4891e-01, 4.6809e-03, 
 2DIAGNOSTIC,     4, -5.347710742462e-01, 1.797693134862e+308, 7.5358e-01, 4.6680e-03, 
 2DIAGNOSTIC,     5, -5.449383438160e-01, 1.797693134862e+308, 7.5829e-01, 4.7162e-03, 
 2DIAGNOSTIC,     6, -6.215306411815e-01, 1.797693134862e+308, 7.6303e-01, 4.7369e-03, 
 2DIAGNOSTIC,     7, -6.633611178681e-01, 1.797693134862e+308, 7.6802e-01, 4.9930e-03, 
 2DIAGNOSTIC,     8, -7.298997607654e-01, 1.797693134862e+308, 7.7476e-01, 6.7401e-03, 
 2DIAGNOSTIC,     9, -7.422521053208e-01, 1.797693134862e+308, 7.7968e-01, 4.9200e-03, 
 2DIAGNOSTIC,    10, -7.541338274928e-01, 2.915590444018e-02, 7.8487e-01, 5.1920e-03, 
 2DIAGNOSTIC,    11, -7.649021981225e-01, 2.764847258458e-02, 7.9070e-01, 5.8260e-03, 
 2DIAGNOSTIC,    12, -7.741613893570e-01, 2.434790963331e-02, 7.9769e-01, 6.9890e-03, 
 2DIAGNOSTIC,    13, -7.770752571434e-01, 1.968342213893e-02, 8.0350e-01, 5.8110e-03, 
 2DIAGNOSTIC,    14, -7.814244301685e-01, 1.436952834910e-02, 8.0864e-01, 5.1429e-03, 
 2DIAGNOSTIC,    15, -7.874240645307e-01, 9.014368252015e-03, 8.1493e-01, 6.2869e-03, 
 2DIAGNOSTIC,    16, -7.920938269667e-01, 5.733377319625e-03, 8.2005e-01, 5.1191e-03, 
 2DIAGNOSTIC,    17, -7.957349104731e-01, 3.442741205446e-03, 8.2522e-01, 5.1758e-03, 
 2DIAGNOSTIC,    18, -8.010581456353e-01, 2.769031873277e-03, 8.3156e-01, 6.3350e-03, 
 2DIAGNOSTIC,    19, -8.020624186511e-01, 2.204701679810e-03, 8.3761e-01, 6.0499e-03, 
 2DIAGNOSTIC,    20, -8.025885126804e-01, 1.748767964343e-03, 8.4282e-01, 5.2140e-03, 
 2DIAGNOSTIC,    21, -8.047945924273e-01, 1.424906164214e-03, 8.4862e-01, 5.7940e-03, 
 2DIAGNOSTIC,    22, -8.088011356523e-01, 1.241431260940e-03, 8.5550e-01, 6.8879e-03, 
 2DIAGNOSTIC,    23, -8.108214118022e-01, 1.042860347695e-03, 8.6064e-01, 5.1379e-03, 
 2DIAGNOSTIC,    24, -8.126146738993e-01, 8.656259449770e-04, 8.6586e-01, 5.2140e-03, 
 2DIAGNOSTIC,    25, -8.155476814618e-01, 7.639521693593e-04, 8.7168e-01, 5.8239e-03, 
 2DIAGNOSTIC,    26, -8.215000467895e-01, 7.574094554906e-04, 8.7682e-01, 5.1410e-03, 
 2DIAGNOSTIC,    27, -8.250879204196e-01, 7.798294183988e-04, 8.8262e-01, 5.7969e-03, 
 2DIAGNOSTIC,    28, -8.288864356951e-01, 8.528603865609e-04, 8.8956e-01, 6.9449e-03, 
 2DIAGNOSTIC,    29, -8.297127679881e-01, 8.652260100551e-04, 8.9473e-01, 5.1620e-03, 
 2DIAGNOSTIC,    30, -8.333720079397e-01, 8.489190087791e-04, 8.9992e-01, 5.1951e-03, 
 2DIAGNOSTIC,    31, -8.366871174335e-01, 8.190565777175e-04, 9.0562e-01, 5.7011e-03, 
 2DIAGNOSTIC,    32, -8.378450306035e-01, 7.739608254678e-04, 9.1116e-01, 5.5339e-03, 
 2DIAGNOSTIC,    33, -8.386435474411e-01, 6.919914409577e-04, 9.1691e-01, 5.7590e-03, 
 2DIAGNOSTIC,    34, -8.393206619826e-01, 5.779944367763e-04, 9.2398e-01, 7.0660e-03, 
 2DIAGNOSTIC,    35, -8.396565945637e-01, 4.503016250883e-04, 9.2958e-01, 5.5969e-03, 
 2DIAGNOSTIC,    36, -8.402330321062e-01, 3.548045868081e-04, 9.3476e-01, 5.1861e-03, 
 2DIAGNOSTIC,    37, -8.406979154409e-01, 2.716439773735e-04, 9.3992e-01, 5.1610e-03, 
 2DIAGNOSTIC,    38, -8.411693476414e-01, 2.100372619617e-04, 9.4570e-01, 5.7712e-03, 
 2DIAGNOSTIC,    39, -8.413404326444e-01, 1.409706071726e-04, 9.5096e-01, 5.2691e-03, 
 2DIAGNOSTIC,    40, -8.419739497074e-01, 1.015430038141e-04, 9.5720e-01, 6.2342e-03, 
 2DIAGNOSTIC,    41, -8.420473933039e-01, 8.493071529831e-05, 9.6231e-01, 5.1081e-03, 
 2DIAGNOSTIC,    42, -8.422139449530e-01, 7.270808900944e-05, 9.6808e-01, 5.7771e-03, 
 2DIAGNOSTIC,    43, -8.428791306635e-01, 6.671169971717e-05, 9.7379e-01, 5.7068e-03, 
 2DIAGNOSTIC,    44, -8.433460036478e-01, 6.413550429906e-05, 9.8088e-01, 7.0920e-03, 
 2DIAGNOSTIC,    45, -8.434587420731e-01, 5.915388068622e-05, 9.8650e-01, 5.6179e-03, 
 2DIAGNOSTIC,    46, -8.431361767972e-01, 5.088665801972e-05, 9.9217e-01, 5.6660e-03, 
 2DIAGNOSTIC,    47, -8.430430781228e-01, 4.119153966567e-05, 9.9725e-01, 5.0869e-03, 
 2DIAGNOSTIC,    48, -8.428316675153e-01, 2.997400060255e-05, 1.0028e+00, 5.5420e-03, 
 2DIAGNOSTIC,    49, -8.428559588909e-01, 1.771415598741e-05, 1.0078e+00, 5.0020e-03, 
 2DIAGNOSTIC,    50, -8.427630198964e-01, 8.313837128234e-06, 1.0140e+00, 6.1722e-03, 
DIAGNOSTIC,Iteration,metricValue,convergenceValue,ITERATION_TIME_INDEX,SINCE_LAST
 2DIAGNOSTIC,     1, -6.903215263146e-01, 1.797693134862e+308, 1.7189e+00, 7.0498e-01, 
 2DIAGNOSTIC,     2, -6.911284283345e-01, 1.797693134862e+308, 1.7605e+00, 4.1520e-02, 
 2DIAGNOSTIC,     3, -6.916090413000e-01, 1.797693134862e+308, 1.7976e+00, 3.7108e-02, 
 2DIAGNOSTIC,     4, -6.918701492464e-01, 1.797693134862e+308, 1.8342e+00, 3.6594e-02, 
 2DIAGNOSTIC,     5, -6.922939501428e-01, 1.797693134862e+308, 1.8724e+00, 3.8192e-02, 
 2DIAGNOSTIC,     6, -6.926817751941e-01, 1.797693134862e+308, 1.9096e+00, 3.7200e-02, 
 2DIAGNOSTIC,     7, -6.934055974014e-01, 1.797693134862e+308, 1.9596e+00, 5.0042e-02, 
 2DIAGNOSTIC,     8, -6.936963968973e-01, 1.797693134862e+308, 2.0172e+00, 5.7610e-02, 
 2DIAGNOSTIC,     9, -6.936823197369e-01, 1.797693134862e+308, 2.0581e+00, 4.0884e-02, 
 2DIAGNOSTIC,    10, -6.936636416411e-01, 3.241393810535e-04, 2.0991e+00, 4.1000e-02, 
 2DIAGNOSTIC,    11, -6.936439968580e-01, 2.400650597001e-04, 2.1354e+00, 3.6299e-02, 
 2DIAGNOSTIC,    12, -6.936264159148e-01, 1.751231242018e-04, 2.1784e+00, 4.3008e-02, 
 2DIAGNOSTIC,    13, -6.936331228470e-01, 1.198791657362e-04, 2.2150e+00, 3.6640e-02, 
 2DIAGNOSTIC,    14, -6.936296068735e-01, 6.950300668325e-05, 2.2518e+00, 3.6704e-02, 
 2DIAGNOSTIC,    15, -6.936276396498e-01, 3.132392841990e-05, 2.2953e+00, 4.3594e-02, 
 2DIAGNOSTIC,    16, -6.936352957391e-01, 4.950500375814e-06, 2.3445e+00, 4.9140e-02, 
DIAGNOSTIC,Iteration,metricValue,convergenceValue,ITERATION_TIME_INDEX,SINCE_LAST
 2DIAGNOSTIC,     1, -5.886841471805e-01, 1.797693134862e+308, 3.4148e+00, 1.0703e+00, 
 2DIAGNOSTIC,     2, -5.893105693988e-01, 1.797693134862e+308, 3.7109e+00, 2.9609e-01, 
 2DIAGNOSTIC,     3, -5.900180396626e-01, 1.797693134862e+308, 4.0118e+00, 3.0092e-01, 
 2DIAGNOSTIC,     4, -5.908443310139e-01, 1.797693134862e+308, 4.3159e+00, 3.0405e-01, 
 2DIAGNOSTIC,     5, -5.918312074139e-01, 1.797693134862e+308, 4.6206e+00, 3.0469e-01, 
 2DIAGNOSTIC,     6, -5.938607175837e-01, 1.797693134862e+308, 4.9755e+00, 3.5500e-01, 
 2DIAGNOSTIC,     7, -5.939100151842e-01, 1.797693134862e+308, 5.3913e+00, 4.1578e-01, 
 2DIAGNOSTIC,     8, -5.938968891491e-01, 1.797693134862e+308, 5.8479e+00, 4.5657e-01, 
 2DIAGNOSTIC,     9, -5.938997595011e-01, 1.797693134862e+308, 6.3045e+00, 4.5658e-01, 
 2DIAGNOSTIC,    10, -5.939004582986e-01, 6.616226090439e-04, 6.6811e+00, 3.7666e-01, 
 2DIAGNOSTIC,    11, -5.939011062951e-01, 4.871888794931e-04, 7.0023e+00, 3.2120e-01, 
 2DIAGNOSTIC,    12, -5.938992941421e-01, 3.233625241869e-04, 7.3523e+00, 3.4996e-01, 
 2DIAGNOSTIC,    13, -5.938983586464e-01, 1.827130099530e-04, 7.6191e+00, 2.6682e-01, 
 2DIAGNOSTIC,    14, -5.938963965583e-01, 7.397007999234e-05, 7.8874e+00, 2.6825e-01, 
 2DIAGNOSTIC,    15, -5.938960073737e-01, 2.902557687937e-06, 8.1829e+00, 2.9555e-01, 
 2DIAGNOSTIC,    16, -5.938972043756e-01, 1.475933929559e-06, 8.4997e+00, 3.1682e-01, 
 2DIAGNOSTIC,    17, -5.938961688729e-01, 1.636899800428e-06, 8.8133e+00, 3.1355e-01, 
 2DIAGNOSTIC,    18, -5.938958572925e-01, 1.444142578959e-06, 9.1576e+00, 3.4430e-01, 
 2DIAGNOSTIC,    19, -5.938952196946e-01, 1.358573117789e-06, 9.4439e+00, 2.8635e-01, 
 2DIAGNOSTIC,    20, -5.938949900844e-01, 1.321239629898e-06, 9.7143e+00, 2.7031e-01, 
 2DIAGNOSTIC,    21, -5.938966768866e-01, 1.365786201045e-06, 1.0046e+01, 3.3172e-01, 
 2DIAGNOSTIC,    22, -5.938966854832e-01, 1.380012196267e-06, 1.0314e+01, 2.6811e-01, 
 2DIAGNOSTIC,    23, -5.938938549074e-01, 1.322957017699e-06, 1.0614e+01, 2.9963e-01, 
 2DIAGNOSTIC,    24, -5.938939703421e-01, 1.242198849206e-06, 1.0904e+01, 2.9061e-01, 
 2DIAGNOSTIC,    25, -5.938937795283e-01, 1.163060594632e-06, 1.1237e+01, 3.3295e-01, 
 2DIAGNOSTIC,    26, -5.938927803998e-01, 1.103152412356e-06, 1.1517e+01, 2.8022e-01, 
