
##########################
# Experiment information #
##########################

EXPERIMENT_NAME: antsRegistration-r7-p9
VFC_BACKENDS: libinterflop_vprec.so --range-binary32=7 --precision-binary32=9 --range-binary64=7 --precision-binary64=9

SIF_IMG: /home/mdugre/projects/rrg-glatard/mdugre/containers/ants-vprec-no_metrics.simg

SUBJECT_ID: s017
INPUT_IMG: /home/mdugre/scratch/mri-registration-rp/datasets/ds004513/derivatives/mri-registration-rp/antsBrainExtraction/sub-s017/BrainExtractionBrain.nii.gz
OUTPUT_DIR: /home/mdugre/scratch/mri-registration-rp/datasets/ds004513/derivatives/mri-registration-rp/0001/antsRegistration-r7-p9/sub-s017

FIXED_IMG: /templateflow/tpl-MNI152NLin2009cAsym/tpl-MNI152NLin2009cAsym_res-01_desc-brain_T1w.nii.gz
DATA_DIR: /home/mdugre/scratch/mri-registration-rp/datasets/ds004513
TEMPLATEFLOW_DIR: /home/mdugre/projects/rrg-glatard/mdugre/templateflow
ITK_GLOBAL_DEFAULT_NUMBER_OF_THREADS: 16
##########################

Info [verificarlo]: loaded backend libinterflop_ieee.so
Info [interflop-ieee]: load backend with:
Info [interflop-ieee]: debug = false
Info [interflop-ieee]: debug-binary = false
Info [interflop-ieee]: no-backend-name = false
Info [interflop-ieee]: print-new-line = false
Info [interflop-ieee]: print-subnormal-normalized = false
Info [interflop-ieee]: count-op = false
All_Command_lines_OK
Using double precision for computations.
=============================================================================
The composite transform comprises the following transforms (in order): 
  1. Center of mass alignment using fixed image: /templateflow/tpl-MNI152NLin2009cAsym/tpl-MNI152NLin2009cAsym_res-01_desc-brain_T1w.nii.gz and moving image: /home/mdugre/scratch/mri-registration-rp/datasets/ds004513/derivatives/mri-registration-rp/antsBrainExtraction/sub-s017/BrainExtractionBrain.nii.gz (type = Euler3DTransform)
=============================================================================
  number of levels = 1
  fixed image: /templateflow/tpl-MNI152NLin2009cAsym/tpl-MNI152NLin2009cAsym_res-01_desc-brain_T1w.nii.gz
  moving image: /home/mdugre/scratch/mri-registration-rp/datasets/ds004513/derivatives/mri-registration-rp/antsBrainExtraction/sub-s017/BrainExtractionBrain.nii.gz
Dimension = 3
Number of stages = 1
Use histogram matching = false
Winsorize image intensities = true
  Lower quantile = 0.005
  Upper quantile = 0.995


Stage 1 State
   Image metric = MattesMI
     Fixed image = Image (0x4188bd0)
  RTTI typeinfo:   itk::Image<double, 3u>
  Reference Count: 2
  Modified Time: 2334
  Debug: Off
  Object Name: 
  Observers: 
    none
  Source: (none)
  Source output name: (none)
  Release Data: Off
  Data Released: False
  Global Release Data: Off
  PipelineMTime: 0
  UpdateMTime: 1943
  RealTimeStamp: 0 seconds 
  LargestPossibleRegion: 
    Dimension: 3
    Index: [0, 0, 0]
    Size: [193, 229, 193]
  BufferedRegion: 
    Dimension: 3
    Index: [0, 0, 0]
    Size: [193, 229, 193]
  RequestedRegion: 
    Dimension: 3
    Index: [0, 0, 0]
    Size: [193, 229, 193]
  Spacing: [1, 1, 1]
  Origin: [96, 132, -78]
  Direction: 
-1 0 0
0 -1 0
0 0 1

  IndexToPointMatrix: 
-1 0 0
0 -1 0
0 0 1

  PointToIndexMatrix: 
-1 0 0
0 -1 0
0 0 1

  Inverse Direction: 
-1 0 0
0 -1 0
0 0 1

  PixelContainer: 
    ImportImageContainer (0x41919e0)
      RTTI typeinfo:   itk::ImportImageContainer<unsigned long, double>
      Reference Count: 1
      Modified Time: 1940
      Debug: Off
      Object Name: 
      Observers: 
        none
      Pointer: 0x15248d23a010
      Container manages memory: true
      Size: 8530021
      Capacity: 8530021

     Moving image = Image (0x4192bd0)
  RTTI typeinfo:   itk::Image<double, 3u>
  Reference Count: 2
  Modified Time: 2335
  Debug: Off
  Object Name: 
  Observers: 
    none
  Source: (none)
  Source output name: (none)
  Release Data: Off
  Data Released: False
  Global Release Data: Off
  PipelineMTime: 0
  UpdateMTime: 2332
  RealTimeStamp: 0 seconds 
  LargestPossibleRegion: 
    Dimension: 3
    Index: [0, 0, 0]
    Size: [160, 240, 256]
  BufferedRegion: 
    Dimension: 3
    Index: [0, 0, 0]
    Size: [160, 240, 256]
  RequestedRegion: 
    Dimension: 3
    Index: [0, 0, 0]
    Size: [160, 240, 256]
  Spacing: [1, 1, 1]
  Origin: [91.3357, 102.231, -120.042]
  Direction: 
-0.997442 -5.36781e-05 -0.0714818
5.35416e-05 -1 3.82465e-06
-0.0714818 -1.23894e-08 0.997442

  IndexToPointMatrix: 
-0.997444 -5.36781e-05 -0.0714818
5.35418e-05 -1 3.82465e-06
-0.0714819 -1.23894e-08 0.997442

  PointToIndexMatrix: 
-0.99744 5.35415e-05 -0.0714816
-5.36781e-05 -1 -1.23894e-08
-0.0714818 3.82465e-06 0.997442

  Inverse Direction: 
-0.997442 5.35416e-05 -0.0714818
-5.36781e-05 -1 -1.23894e-08
-0.0714818 3.82465e-06 0.997442

  PixelContainer: 
    ImportImageContainer (0x4318b50)
      RTTI typeinfo:   itk::ImportImageContainer<unsigned long, double>
      Reference Count: 1
      Modified Time: 2329
      Debug: Off
      Object Name: 
      Observers: 
        none
      Pointer: 0x152488739010
      Container manages memory: true
      Size: 9830400
      Capacity: 9830400

     Weighting = 1
     Sampling strategy = regular
     Number of bins = 32
     Radius = 4
     Sampling percentage  = 0.25
   Transform = Rigid
     Gradient step = 0.1
     Update field sigma (voxel space) = 0
     Total field sigma (voxel space) = 0
     Update field time sigma = 0
     Total field time sigma  = 0
     Number of time indices = 0
     Number of time point samples = 0
Registration using 1 total stages.

Stage 0
  iterations = 0
  convergence threshold = 1e-06
  convergence window size = 10
  number of levels = 1
  using the Mattes MI metric (number of bins = 32, weight = 1, use gradient filter = 0)
  preprocessing:  winsorizing the image intensities
  Shrink factors (level 1 out of 1): [1, 1, 1]
  smoothing sigmas per level: [0]
  regular sampling (percentage = 0.25)

*** Running Euler3DTransform registration ***

  Elapsed time (stage 0): 1.0768


Total elapsed time: 1.079
Info [verificarlo]: loaded backend libinterflop_ieee.so
Info [interflop-ieee]: load backend with:
Info [interflop-ieee]: debug = false
Info [interflop-ieee]: debug-binary = false
Info [interflop-ieee]: no-backend-name = false
Info [interflop-ieee]: print-new-line = false
Info [interflop-ieee]: print-subnormal-normalized = false
Info [interflop-ieee]: count-op = false
All_Command_lines_OK
Using double precision for computations.
=============================================================================
The composite transform comprises the following transforms (in order): 
  1. /home/mdugre/scratch/mri-registration-rp/datasets/ds004513/derivatives/mri-registration-rp/0001/antsRegistration-r7-p9/sub-s017/align_Composite.h5[0] (type = Euler3DTransform)
  2. /home/mdugre/scratch/mri-registration-rp/datasets/ds004513/derivatives/mri-registration-rp/0001/antsRegistration-r7-p9/sub-s017/align_Composite.h5[1] (type = Euler3DTransform)
=============================================================================
  number of levels = 4
  fixed image: /templateflow/tpl-MNI152NLin2009cAsym/tpl-MNI152NLin2009cAsym_res-01_desc-brain_T1w.nii.gz
  moving image: /home/mdugre/scratch/mri-registration-rp/datasets/ds004513/derivatives/mri-registration-rp/antsBrainExtraction/sub-s017/BrainExtractionBrain.nii.gz
Dimension = 3
Number of stages = 1
Use histogram matching = false
Winsorize image intensities = true
  Lower quantile = 0.005
  Upper quantile = 0.995


Stage 1 State
   Image metric = MattesMI
     Fixed image = Image (0x4d59530)
  RTTI typeinfo:   itk::Image<double, 3u>
  Reference Count: 2
  Modified Time: 1580
  Debug: Off
  Object Name: 
  Observers: 
    none
  Source: (none)
  Source output name: (none)
  Release Data: Off
  Data Released: False
  Global Release Data: Off
  PipelineMTime: 0
  UpdateMTime: 1189
  RealTimeStamp: 0 seconds 
  LargestPossibleRegion: 
    Dimension: 3
    Index: [0, 0, 0]
    Size: [193, 229, 193]
  BufferedRegion: 
    Dimension: 3
    Index: [0, 0, 0]
    Size: [193, 229, 193]
  RequestedRegion: 
    Dimension: 3
    Index: [0, 0, 0]
    Size: [193, 229, 193]
  Spacing: [1, 1, 1]
  Origin: [96, 132, -78]
  Direction: 
-1 0 0
0 -1 0
0 0 1

  IndexToPointMatrix: 
-1 0 0
0 -1 0
0 0 1

  PointToIndexMatrix: 
-1 0 0
0 -1 0
0 0 1

  Inverse Direction: 
-1 0 0
0 -1 0
0 0 1

  PixelContainer: 
    ImportImageContainer (0x4e17d60)
      RTTI typeinfo:   itk::ImportImageContainer<unsigned long, double>
      Reference Count: 1
      Modified Time: 1186
      Debug: Off
      Object Name: 
      Observers: 
        none
      Pointer: 0x153895fc7010
      Container manages memory: true
      Size: 8530021
      Capacity: 8530021

     Moving image = Image (0x4e09f60)
  RTTI typeinfo:   itk::Image<double, 3u>
  Reference Count: 2
  Modified Time: 1581
  Debug: Off
  Object Name: 
  Observers: 
    none
  Source: (none)
  Source output name: (none)
  Release Data: Off
  Data Released: False
  Global Release Data: Off
  PipelineMTime: 0
  UpdateMTime: 1578
  RealTimeStamp: 0 seconds 
  LargestPossibleRegion: 
    Dimension: 3
    Index: [0, 0, 0]
    Size: [160, 240, 256]
  BufferedRegion: 
    Dimension: 3
    Index: [0, 0, 0]
    Size: [160, 240, 256]
  RequestedRegion: 
    Dimension: 3
    Index: [0, 0, 0]
    Size: [160, 240, 256]
  Spacing: [1, 1, 1]
  Origin: [91.3357, 102.231, -120.042]
  Direction: 
-0.997442 -5.36781e-05 -0.0714818
5.35416e-05 -1 3.82465e-06
-0.0714818 -1.23894e-08 0.997442

  IndexToPointMatrix: 
-0.997444 -5.36781e-05 -0.0714818
5.35418e-05 -1 3.82465e-06
-0.0714819 -1.23894e-08 0.997442

  PointToIndexMatrix: 
-0.99744 5.35415e-05 -0.0714816
-5.36781e-05 -1 -1.23894e-08
-0.0714818 3.82465e-06 0.997442

  Inverse Direction: 
-0.997442 5.35416e-05 -0.0714818
-5.36781e-05 -1 -1.23894e-08
-0.0714818 3.82465e-06 0.997442

  PixelContainer: 
    ImportImageContainer (0x4dfb6d0)
      RTTI typeinfo:   itk::ImportImageContainer<unsigned long, double>
      Reference Count: 1
      Modified Time: 1575
      Debug: Off
      Object Name: 
      Observers: 
        none
      Pointer: 0x1538914c6010
      Container manages memory: true
      Size: 9830400
      Capacity: 9830400

     Weighting = 1
     Sampling strategy = regular
     Number of bins = 32
     Radius = 4
     Sampling percentage  = 0.25
   Transform = Rigid
     Gradient step = 0.1
     Update field sigma (voxel space) = 0
     Total field sigma (voxel space) = 0
     Update field time sigma = 0
     Total field time sigma  = 0
     Number of time indices = 0
     Number of time point samples = 0
Registration using 1 total stages.

Stage 0
  iterations = 1000x500x250x100
  convergence threshold = 1e-06
  convergence window size = 10
  number of levels = 4
  using the Mattes MI metric (number of bins = 32, weight = 1, use gradient filter = 0)
  preprocessing:  winsorizing the image intensities
  Shrink factors (level 1 out of 4): [8, 8, 8]
  Shrink factors (level 2 out of 4): [4, 4, 4]
  Shrink factors (level 3 out of 4): [2, 2, 2]
  Shrink factors (level 4 out of 4): [1, 1, 1]
  smoothing sigmas per level: [3, 2, 1, 0]
  regular sampling (percentage = 0.25)

*** Running Euler3DTransform registration ***

DIAGNOSTIC,Iteration,metricValue,convergenceValue,ITERATION_TIME_INDEX,SINCE_LAST
 2DIAGNOSTIC,     1, -5.567767283252e-01, 1.797693134862e+308, 7.0431e-01, 7.0431e-01, 
 2DIAGNOSTIC,     2, -5.584239703569e-01, 1.797693134862e+308, 7.0833e-01, 4.0221e-03, 
 2DIAGNOSTIC,     3, -5.612715515272e-01, 1.797693134862e+308, 7.1262e-01, 4.2939e-03, 
 2DIAGNOSTIC,     4, -5.637780194106e-01, 1.797693134862e+308, 7.1687e-01, 4.2431e-03, 
 2DIAGNOSTIC,     5, -5.658229214212e-01, 1.797693134862e+308, 7.2118e-01, 4.3149e-03, 
 2DIAGNOSTIC,     6, -5.696445468689e-01, 1.797693134862e+308, 7.2561e-01, 4.4308e-03, 
 2DIAGNOSTIC,     7, -5.734118275242e-01, 1.797693134862e+308, 7.3041e-01, 4.7951e-03, 
 2DIAGNOSTIC,     8, -5.754533484979e-01, 1.797693134862e+308, 7.3636e-01, 5.9569e-03, 
 2DIAGNOSTIC,     9, -5.763021950250e-01, 1.797693134862e+308, 7.4078e-01, 4.4169e-03, 
 2DIAGNOSTIC,    10, -5.771142770255e-01, 2.558085388189e-03, 7.4639e-01, 5.6059e-03, 
 2DIAGNOSTIC,    11, -5.785125587612e-01, 2.176117873031e-03, 7.5080e-01, 4.4141e-03, 
 2DIAGNOSTIC,    12, -5.799413348090e-01, 1.786767970983e-03, 7.5573e-01, 4.9279e-03, 
 2DIAGNOSTIC,    13, -5.809477908980e-01, 1.443124036835e-03, 7.6114e-01, 5.4100e-03, 
 2DIAGNOSTIC,    14, -5.814655964876e-01, 1.127354078216e-03, 7.6627e-01, 5.1339e-03, 
 2DIAGNOSTIC,    15, -5.819093877219e-01, 8.331089413526e-04, 7.7139e-01, 5.1131e-03, 
 2DIAGNOSTIC,    16, -5.822326442998e-01, 6.258215683233e-04, 7.7596e-01, 4.5712e-03, 
 2DIAGNOSTIC,    17, -5.825793599843e-01, 5.040365830239e-04, 7.8012e-01, 4.1661e-03, 
 2DIAGNOSTIC,    18, -5.863713925916e-01, 5.095725576647e-04, 7.8432e-01, 4.1971e-03, 
 2DIAGNOSTIC,    19, -5.901617810167e-01, 5.855607354906e-04, 7.9202e-01, 7.6959e-03, 
 2DIAGNOSTIC,    20, -5.906016223816e-01, 6.286272500305e-04, 7.9780e-01, 5.7859e-03, 
 2DIAGNOSTIC,    21, -5.907365705866e-01, 6.467002963830e-04, 8.0334e-01, 5.5411e-03, 
 2DIAGNOSTIC,    22, -5.906256574994e-01, 6.330265936372e-04, 8.0877e-01, 5.4259e-03, 
 2DIAGNOSTIC,    23, -5.906307681710e-01, 5.816453055168e-04, 8.1290e-01, 4.1361e-03, 
 2DIAGNOSTIC,    24, -5.905636622010e-01, 4.878472529212e-04, 8.1712e-01, 4.2150e-03, 
 2DIAGNOSTIC,    25, -5.906024985370e-01, 3.662279783950e-04, 8.2196e-01, 4.8420e-03, 
 2DIAGNOSTIC,    26, -5.906025304324e-01, 2.276984665066e-04, 8.2636e-01, 4.3979e-03, 
 2DIAGNOSTIC,    27, -5.906211320574e-01, 8.394584288726e-05, 8.3066e-01, 4.3030e-03, 
 2DIAGNOSTIC,    28, -5.908796758313e-01, 1.198925031198e-05, 8.3537e-01, 4.7069e-03, 
 2DIAGNOSTIC,    29, -5.911411552395e-01, 1.217108543268e-05, 8.4020e-01, 4.8301e-03, 
 2DIAGNOSTIC,    30, -5.915241330962e-01, 2.456301684445e-05, 8.4684e-01, 6.6381e-03, 
 2DIAGNOSTIC,    31, -5.916229825993e-01, 3.758205306260e-05, 8.5120e-01, 4.3581e-03, 
 2DIAGNOSTIC,    32, -5.916651208817e-01, 4.532975449207e-05, 8.5515e-01, 3.9568e-03, 
 2DIAGNOSTIC,    33, -5.916874987632e-01, 4.885284294702e-05, 8.5980e-01, 4.6492e-03, 
 2DIAGNOSTIC,    34, -5.917053822200e-01, 4.682712858832e-05, 8.6434e-01, 4.5381e-03, 
 2DIAGNOSTIC,    35, -5.917390904868e-01, 4.153275817407e-05, 8.7600e-01, 1.1656e-02, 
 2DIAGNOSTIC,    36, -5.917390912695e-01, 3.272086429445e-05, 8.8011e-01, 4.1180e-03, 
 2DIAGNOSTIC,    37, -5.917391070342e-01, 2.163060314841e-05, 8.8443e-01, 4.3211e-03, 
 2DIAGNOSTIC,    38, -5.917391330930e-01, 1.245673595321e-05, 8.8858e-01, 4.1440e-03, 
 2DIAGNOSTIC,    39, -5.917391754735e-01, 5.801896389483e-06, 8.9264e-01, 4.0648e-03, 
 2DIAGNOSTIC,    40, -5.917392424311e-01, 3.643428651303e-06, 8.9737e-01, 4.7219e-03, 
 2DIAGNOSTIC,    41, -5.917393428829e-01, 2.487109298507e-06, 9.0166e-01, 4.2899e-03, 
 2DIAGNOSTIC,    42, -5.917394845334e-01, 1.715730317417e-06, 9.0587e-01, 4.2169e-03, 
 2DIAGNOSTIC,    43, -5.917396625587e-01, 1.144189314767e-06, 9.1005e-01, 4.1730e-03, 
DIAGNOSTIC,Iteration,metricValue,convergenceValue,ITERATION_TIME_INDEX,SINCE_LAST
 2DIAGNOSTIC,     1, -4.784004501420e-01, 1.797693134862e+308, 1.6013e+00, 6.9129e-01, 
 2DIAGNOSTIC,     2, -4.783999131490e-01, 1.797693134862e+308, 1.6275e+00, 2.6209e-02, 
 2DIAGNOSTIC,     3, -4.784190365427e-01, 1.797693134862e+308, 1.6568e+00, 2.9225e-02, 
 2DIAGNOSTIC,     4, -4.785028756513e-01, 1.797693134862e+308, 1.6829e+00, 2.6128e-02, 
 2DIAGNOSTIC,     5, -4.786647485433e-01, 1.797693134862e+308, 1.7093e+00, 2.6387e-02, 
 2DIAGNOSTIC,     6, -4.788099932961e-01, 1.797693134862e+308, 1.7351e+00, 2.5794e-02, 
 2DIAGNOSTIC,     7, -4.794645847218e-01, 1.797693134862e+308, 1.7609e+00, 2.5866e-02, 
 2DIAGNOSTIC,     8, -4.813619171750e-01, 1.797693134862e+308, 1.7977e+00, 3.6773e-02, 
 2DIAGNOSTIC,     9, -4.817935635328e-01, 1.797693134862e+308, 1.8272e+00, 2.9458e-02, 
 2DIAGNOSTIC,    10, -4.822647496897e-01, 5.583367504648e-04, 1.8531e+00, 2.5967e-02, 
 2DIAGNOSTIC,    11, -4.831344909908e-01, 6.366384574737e-04, 1.8828e+00, 2.9669e-02, 
 2DIAGNOSTIC,    12, -4.835768992577e-01, 6.653898034800e-04, 1.9274e+00, 4.4559e-02, 
 2DIAGNOSTIC,    13, -4.835677565323e-01, 6.290342968975e-04, 1.9619e+00, 3.4493e-02, 
 2DIAGNOSTIC,    14, -4.835733047840e-01, 5.452729207836e-04, 1.9988e+00, 3.6972e-02, 
 2DIAGNOSTIC,    15, -4.835701547251e-01, 4.305772095959e-04, 2.0285e+00, 2.9614e-02, 
 2DIAGNOSTIC,    16, -4.835566913006e-01, 2.956272804082e-04, 2.0553e+00, 2.6898e-02, 
 2DIAGNOSTIC,    17, -4.835523104087e-01, 1.703980275189e-04, 2.0849e+00, 2.9555e-02, 
 2DIAGNOSTIC,    18, -4.835483887833e-01, 1.058854945988e-04, 2.1113e+00, 2.6373e-02, 
 2DIAGNOSTIC,    19, -4.835469915472e-01, 5.203914176449e-05, 2.1373e+00, 2.6046e-02, 
 2DIAGNOSTIC,    20, -4.835401827381e-01, 1.204163307855e-05, 2.1688e+00, 3.1468e-02, 
DIAGNOSTIC,Iteration,metricValue,convergenceValue,ITERATION_TIME_INDEX,SINCE_LAST
 2DIAGNOSTIC,     1, -4.161561167872e-01, 1.797693134862e+308, 3.2128e+00, 1.0440e+00, 
 2DIAGNOSTIC,     2, -4.161756893438e-01, 1.797693134862e+308, 3.4863e+00, 2.7354e-01, 
 2DIAGNOSTIC,     3, -4.161696114508e-01, 1.797693134862e+308, 3.7174e+00, 2.3111e-01, 
 2DIAGNOSTIC,     4, -4.161681503552e-01, 1.797693134862e+308, 4.0590e+00, 3.4159e-01, 
 2DIAGNOSTIC,     5, -4.161678896601e-01, 1.797693134862e+308, 4.3051e+00, 2.4610e-01, 
 2DIAGNOSTIC,     6, -4.161669123584e-01, 1.797693134862e+308, 4.5304e+00, 2.2529e-01, 
 2DIAGNOSTIC,     7, -4.161667485642e-01, 1.797693134862e+308, 4.7778e+00, 2.4738e-01, 
 2DIAGNOSTIC,     8, -4.161656816014e-01, 1.797693134862e+308, 4.9701e+00, 1.9228e-01, 
 2DIAGNOSTIC,     9, -4.161650043537e-01, 1.797693134862e+308, 5.1964e+00, 2.2629e-01, 
 2DIAGNOSTIC,    10, -4.161655463813e-01, 2.943366598243e-06, 5.4490e+00, 2.5262e-01, 
 2DIAGNOSTIC,    11, -4.161636420994e-01, 1.720591492282e-06, 5.6901e+00, 2.4110e-01, 
 2DIAGNOSTIC,    12, -4.161624970808e-01, 1.867462473867e-06, 5.9168e+00, 2.2671e-01, 
 2DIAGNOSTIC,    13, -4.161615819743e-01, 1.698398061703e-06, 6.1371e+00, 2.2027e-01, 
 2DIAGNOSTIC,    14, -4.161624603294e-01, 1.592444846821e-06, 6.3929e+00, 2.5581e-01, 
 2DIAGNOSTIC,    15, -4.161620529812e-01, 1.530180434972e-06, 6.6255e+00, 2.3261e-01, 
 2DIAGNOSTIC,    16, -4.161603835105e-01, 1.417836915985e-06, 6.8251e+00, 1.9957e-01, 
 2DIAGNOSTIC,    17, -4.161625251480e-01, 1.455414115455e-06, 7.0510e+00, 2.2598e-01, 
 2DIAGNOSTIC,    18, -4.161617349624e-01, 1.453854858988e-06, 7.2602e+00, 2.0912e-01, 
 2DIAGNOSTIC,    19, -4.161656140593e-01, 1.594928500083e-06, 7.5113e+00, 2.5116e-01, 
 2DIAGNOSTIC,    20, -4.161678254529e-01, 1.821576322898e-06, 7.8199e+00, 3.0857e-01, 
 2DIAGNOSTIC,    21, -4.161672172259e-01, 1.924327021750e-06, 8.0655e+00, 2.4559e-01, 
 2DIAGNOSTIC,    22, -4.161665846122e-01, 1.927748308816e-06, 8.2635e+00, 1.9802e-01, 
 2DIAGNOSTIC,    23, -4.161660793965e-01, 1.843028033695e-06, 8.4944e+00, 2.3088e-01, 
 2DIAGNOSTIC,    24, -4.161655365532e-01, 1.730448865978e-06, 8.6953e+00, 2.0090e-01, 
 2DIAGNOSTIC,    25, -4.161651834946e-01, 1.568353732079e-06, 8.8893e+00, 1.9397e-01, 
 2DIAGNOSTIC,    26, -4.161660037665e-01, 1.368374529624e-06, 9.1023e+00, 2.1300e-01, 
 2DIAGNOSTIC,    27, -4.161651045495e-01, 1.203105052097e-06, 9.3027e+00, 2.0050e-01, 
 2DIAGNOSTIC,    28, -4.161679884897e-01, 1.097088642876e-06, 9.5143e+00, 2.1157e-01, 
 2DIAGNOSTIC,    29, -4.161710849647e-01, 1.162831220779e-06, 9.7660e+00, 2.5172e-01, 
 2DIAGNOSTIC,    30, -4.161703640305e-01, 1.250475695311e-06, 9.9967e+00, 2.3068e-01, 
 2DIAGNOSTIC,    31, -4.161708142910e-01, 1.313167811677e-06, 1.0223e+01, 2.2596e-01, 
 2DIAGNOSTIC,    32, -4.161710089263e-01, 1.336085268762e-06, 1.0426e+01, 2.0340e-01, 
 2DIAGNOSTIC,    33, -4.161749613447e-01, 1.395595231768e-06, 1.0668e+01, 2.4237e-01, 
 2DIAGNOSTIC,    34, -4.161777487503e-01, 1.452526296936e-06, 1.0877e+01, 2.0899e-01, 
 2DIAGNOSTIC,    35, -4.161792220175e-01, 1.478601713505e-06, 1.1109e+01, 2.3193e-01, 
 2DIAGNOSTIC,    36, -4.161806859645e-01, 1.495439419432e-06, 1.1397e+01, 2.8717e-01, 
 2DIAGNOSTIC,    37, -4.161791778422e-01, 1.407680671358e-06, 1.1611e+01, 2.1485e-01, 
 2DIAGNOSTIC,    38, -4.161838486863e-01, 1.406626878156e-06, 1.1858e+01, 2.4641e-01, 
 2DIAGNOSTIC,    39, -4.161849953096e-01, 1.422742182931e-06, 1.2112e+01, 2.5401e-01, 
 2DIAGNOSTIC,    40, -4.161860914887e-01, 1.386764642581e-06, 1.2417e+01, 3.0473e-01, 
 2DIAGNOSTIC,    41, -4.161854987573e-01, 1.295749584820e-06, 1.2653e+01, 2.3646e-01, 
 2DIAGNOSTIC,    42, -4.161840259985e-01, 1.138573348089e-06, 1.2880e+01, 2.2681e-01, 
 2DIAGNOSTIC,    43, -4.161834049857e-01, 1.004201837920e-06, 1.3106e+01, 2.2609e-01, 
DIAGNOSTIC,Iteration,metricValue,convergenceValue,ITERATION_TIME_INDEX,SINCE_LAST
 2DIAGNOSTIC,     1, -3.834265912332e-01, 1.797693134862e+308, 1.5572e+01, 2.4657e+00, 
 2DIAGNOSTIC,     2, -3.834925053354e-01, 1.797693134862e+308, 1.7118e+01, 1.5461e+00, 
 2DIAGNOSTIC,     3, -3.834978116473e-01, 1.797693134862e+308, 1.8725e+01, 1.6069e+00, 
 2DIAGNOSTIC,     4, -3.835004127724e-01, 1.797693134862e+308, 2.0319e+01, 1.5949e+00, 
 2DIAGNOSTIC,     5, -3.835019582509e-01, 1.797693134862e+308, 2.1841e+01, 1.5214e+00, 
 2DIAGNOSTIC,     6, -3.835049957413e-01, 1.797693134862e+308, 2.3503e+01, 1.6621e+00, 
 2DIAGNOSTIC,     7, -3.835058343717e-01, 1.797693134862e+308, 2.5160e+01, 1.6574e+00, 
 2DIAGNOSTIC,     8, -3.835066498250e-01, 1.797693134862e+308, 2.6946e+01, 1.7861e+00, 
 2DIAGNOSTIC,     9, -3.835062955318e-01, 1.797693134862e+308, 2.8593e+01, 1.6466e+00, 
 2DIAGNOSTIC,    10, -3.835063108993e-01, 1.066660749495e-05, 3.0305e+01, 1.7120e+00, 
 2DIAGNOSTIC,    11, -3.835061571787e-01, 4.747040720593e-06, 3.2405e+01, 2.1000e+00, 
 2DIAGNOSTIC,    12, -3.835060832645e-01, 3.706200670889e-06, 3.3759e+01, 1.3539e+00, 
 2DIAGNOSTIC,    13, -3.835060190717e-01, 3.027826115734e-06, 3.5280e+01, 1.5211e+00, 
 2DIAGNOSTIC,    14, -3.835058638474e-01, 2.523467067153e-06, 3.6835e+01, 1.5551e+00, 
 2DIAGNOSTIC,    15, -3.835058006960e-01, 2.133709276361e-06, 3.8378e+01, 1.5425e+00, 
 2DIAGNOSTIC,    16, -3.835056463967e-01, 1.924177726417e-06, 4.0171e+01, 1.7937e+00, 
 2DIAGNOSTIC,    17, -3.835054775125e-01, 1.773328559572e-06, 4.1729e+01, 1.5574e+00, 
 2DIAGNOSTIC,    18, -3.835053086118e-01, 1.675385377917e-06, 4.3151e+01, 1.4225e+00, 
 2DIAGNOSTIC,    19, -3.835051448140e-01, 1.576051817984e-06, 4.4513e+01, 1.3613e+00, 
 2DIAGNOSTIC,    20, -3.835051658762e-01, 1.497295074475e-06, 4.5902e+01, 1.3898e+00, 
 2DIAGNOSTIC,    21, -3.835053779571e-01, 1.436675313639e-06, 4.7384e+01, 1.4814e+00, 
 2DIAGNOSTIC,    22, -3.835055901410e-01, 1.393331720986e-06, 4.8841e+01, 1.4576e+00, 
 2DIAGNOSTIC,    23, -3.835055251002e-01, 1.354581542240e-06, 5.0310e+01, 1.4684e+00, 
 2DIAGNOSTIC,    24, -3.835054518281e-01, 1.314933130513e-06, 5.1747e+01, 1.4376e+00, 
 2DIAGNOSTIC,    25, -3.835053813421e-01, 1.275595341070e-06, 5.3197e+01, 1.4494e+00, 
 2DIAGNOSTIC,    26, -3.835053141615e-01, 1.232550095244e-06, 5.4619e+01, 1.4220e+00, 
 2DIAGNOSTIC,    27, -3.835053494674e-01, 1.188143193762e-06, 5.5914e+01, 1.2951e+00, 
 2DIAGNOSTIC,    28, -3.835054089352e-01, 1.143229099797e-06, 5.7489e+01, 1.5745e+00, 
 2DIAGNOSTIC,    29, -3.835055814677e-01, 1.101082729833e-06, 5.8861e+01, 1.3726e+00, 
 2DIAGNOSTIC,    30, -3.835053714640e-01, 1.056523028120e-06, 6.0759e+01, 1.8976e+00, 
 2DIAGNOSTIC,    31, -3.835053052287e-01, 1.018740041228e-06, 6.2235e+01, 1.4766e+00, 
  Elapsed time (stage 0): 6.3066e+01


Total elapsed time: 6.3068e+01
Info [verificarlo]: loaded backend libinterflop_ieee.so
Info [interflop-ieee]: load backend with:
Info [interflop-ieee]: debug = false
Info [interflop-ieee]: debug-binary = false
Info [interflop-ieee]: no-backend-name = false
Info [interflop-ieee]: print-new-line = false
Info [interflop-ieee]: print-subnormal-normalized = false
Info [interflop-ieee]: count-op = false
All_Command_lines_OK
Using double precision for computations.
=============================================================================
The composite transform comprises the following transforms (in order): 
  1. /home/mdugre/scratch/mri-registration-rp/datasets/ds004513/derivatives/mri-registration-rp/0001/antsRegistration-r7-p9/sub-s017/rigid_Composite.h5[0] (type = Euler3DTransform)
  2. /home/mdugre/scratch/mri-registration-rp/datasets/ds004513/derivatives/mri-registration-rp/0001/antsRegistration-r7-p9/sub-s017/rigid_Composite.h5[1] (type = Euler3DTransform)
  3. /home/mdugre/scratch/mri-registration-rp/datasets/ds004513/derivatives/mri-registration-rp/0001/antsRegistration-r7-p9/sub-s017/rigid_Composite.h5[2] (type = Euler3DTransform)
=============================================================================
  number of levels = 4
  fixed image: /templateflow/tpl-MNI152NLin2009cAsym/tpl-MNI152NLin2009cAsym_res-01_desc-brain_T1w.nii.gz
  moving image: /home/mdugre/scratch/mri-registration-rp/datasets/ds004513/derivatives/mri-registration-rp/antsBrainExtraction/sub-s017/BrainExtractionBrain.nii.gz
Dimension = 3
Number of stages = 1
Use histogram matching = false
Winsorize image intensities = true
  Lower quantile = 0.005
  Upper quantile = 0.995


Stage 1 State
   Image metric = MattesMI
     Fixed image = Image (0x4bfe530)
  RTTI typeinfo:   itk::Image<double, 3u>
  Reference Count: 2
  Modified Time: 1594
  Debug: Off
  Object Name: 
  Observers: 
    none
  Source: (none)
  Source output name: (none)
  Release Data: Off
  Data Released: False
  Global Release Data: Off
  PipelineMTime: 0
  UpdateMTime: 1203
  RealTimeStamp: 0 seconds 
  LargestPossibleRegion: 
    Dimension: 3
    Index: [0, 0, 0]
    Size: [193, 229, 193]
  BufferedRegion: 
    Dimension: 3
    Index: [0, 0, 0]
    Size: [193, 229, 193]
  RequestedRegion: 
    Dimension: 3
    Index: [0, 0, 0]
    Size: [193, 229, 193]
  Spacing: [1, 1, 1]
  Origin: [96, 132, -78]
  Direction: 
-1 0 0
0 -1 0
0 0 1

  IndexToPointMatrix: 
-1 0 0
0 -1 0
0 0 1

  PointToIndexMatrix: 
-1 0 0
0 -1 0
0 0 1

  Inverse Direction: 
-1 0 0
0 -1 0
0 0 1

  PixelContainer: 
    ImportImageContainer (0x4cb72a0)
      RTTI typeinfo:   itk::ImportImageContainer<unsigned long, double>
      Reference Count: 1
      Modified Time: 1200
      Debug: Off
      Object Name: 
      Observers: 
        none
      Pointer: 0x146d7b3cb010
      Container manages memory: true
      Size: 8530021
      Capacity: 8530021

     Moving image = Image (0x4cb9e60)
  RTTI typeinfo:   itk::Image<double, 3u>
  Reference Count: 2
  Modified Time: 1595
  Debug: Off
  Object Name: 
  Observers: 
    none
  Source: (none)
  Source output name: (none)
  Release Data: Off
  Data Released: False
  Global Release Data: Off
  PipelineMTime: 0
  UpdateMTime: 1592
  RealTimeStamp: 0 seconds 
  LargestPossibleRegion: 
    Dimension: 3
    Index: [0, 0, 0]
    Size: [160, 240, 256]
  BufferedRegion: 
    Dimension: 3
    Index: [0, 0, 0]
    Size: [160, 240, 256]
  RequestedRegion: 
    Dimension: 3
    Index: [0, 0, 0]
    Size: [160, 240, 256]
  Spacing: [1, 1, 1]
  Origin: [91.3357, 102.231, -120.042]
  Direction: 
-0.997442 -5.36781e-05 -0.0714818
5.35416e-05 -1 3.82465e-06
-0.0714818 -1.23894e-08 0.997442

  IndexToPointMatrix: 
-0.997444 -5.36781e-05 -0.0714818
5.35418e-05 -1 3.82465e-06
-0.0714819 -1.23894e-08 0.997442

  PointToIndexMatrix: 
-0.99744 5.35415e-05 -0.0714816
-5.36781e-05 -1 -1.23894e-08
-0.0714818 3.82465e-06 0.997442

  Inverse Direction: 
-0.997442 5.35416e-05 -0.0714818
-5.36781e-05 -1 -1.23894e-08
-0.0714818 3.82465e-06 0.997442

  PixelContainer: 
    ImportImageContainer (0x4ced390)
      RTTI typeinfo:   itk::ImportImageContainer<unsigned long, double>
      Reference Count: 1
      Modified Time: 1589
      Debug: Off
      Object Name: 
      Observers: 
        none
      Pointer: 0x146d768ca010
      Container manages memory: true
      Size: 9830400
      Capacity: 9830400

     Weighting = 1
     Sampling strategy = regular
     Number of bins = 32
     Radius = 4
     Sampling percentage  = 0.25
   Transform = Affine
     Gradient step = 0.1
     Update field sigma (voxel space) = 0
     Total field sigma (voxel space) = 0
     Update field time sigma = 0
     Total field time sigma  = 0
     Number of time indices = 0
     Number of time point samples = 0
Registration using 1 total stages.

Stage 0
  iterations = 1000x500x250x100
  convergence threshold = 1e-06
  convergence window size = 10
  number of levels = 4
  using the Mattes MI metric (number of bins = 32, weight = 1, use gradient filter = 0)
  preprocessing:  winsorizing the image intensities
  Shrink factors (level 1 out of 4): [8, 8, 8]
  Shrink factors (level 2 out of 4): [4, 4, 4]
  Shrink factors (level 3 out of 4): [2, 2, 2]
  Shrink factors (level 4 out of 4): [1, 1, 1]
  smoothing sigmas per level: [3, 2, 1, 0]
  regular sampling (percentage = 0.25)

*** Running AffineTransform registration ***

DIAGNOSTIC,Iteration,metricValue,convergenceValue,ITERATION_TIME_INDEX,SINCE_LAST
 2DIAGNOSTIC,     1, -5.806290998442e-01, 1.797693134862e+308, 6.3183e-01, 6.3183e-01, 
 2DIAGNOSTIC,     2, -5.832407507939e-01, 1.797693134862e+308, 6.3604e-01, 4.2112e-03, 
 2DIAGNOSTIC,     3, -5.883921006112e-01, 1.797693134862e+308, 6.4057e-01, 4.5309e-03, 
 2DIAGNOSTIC,     4, -5.973582020738e-01, 1.797693134862e+308, 6.4543e-01, 4.8540e-03, 
 2DIAGNOSTIC,     5, -6.166279651932e-01, 1.797693134862e+308, 6.4953e-01, 4.1010e-03, 
 2DIAGNOSTIC,     6, -6.406440245393e-01, 1.797693134862e+308, 6.5432e-01, 4.7901e-03, 
 2DIAGNOSTIC,     7, -7.009864258686e-01, 1.797693134862e+308, 6.5914e-01, 4.8249e-03, 
 2DIAGNOSTIC,     8, -7.630482517936e-01, 1.797693134862e+308, 6.6413e-01, 4.9920e-03, 
 2DIAGNOSTIC,     9, -8.423469020625e-01, 1.797693134862e+308, 6.7225e-01, 8.1151e-03, 
 2DIAGNOSTIC,    10, -8.569694553224e-01, 2.845116132158e-02, 6.7802e-01, 5.7690e-03, 
 2DIAGNOSTIC,    11, -8.701917124244e-01, 2.871708896692e-02, 6.8392e-01, 5.9018e-03, 
 2DIAGNOSTIC,    12, -8.814645613245e-01, 2.683607373999e-02, 6.9318e-01, 9.2649e-03, 
 2DIAGNOSTIC,    13, -8.822368115969e-01, 2.307206283153e-02, 6.9815e-01, 4.9679e-03, 
 2DIAGNOSTIC,    14, -8.834458719108e-01, 1.815384139420e-02, 7.0302e-01, 4.8699e-03, 
 2DIAGNOSTIC,    15, -8.851322802028e-01, 1.292532924855e-02, 7.0787e-01, 4.8440e-03, 
 2DIAGNOSTIC,    16, -8.870480809590e-01, 7.902435056893e-03, 7.1273e-01, 4.8659e-03, 
 2DIAGNOSTIC,    17, -8.886777819787e-01, 4.189413169562e-03, 7.1885e-01, 6.1181e-03, 
 2DIAGNOSTIC,    18, -8.889448810431e-01, 1.810422429109e-03, 7.2501e-01, 6.1610e-03, 
 2DIAGNOSTIC,    19, -8.890594323290e-01, 1.083853129936e-03, 7.3105e-01, 6.0410e-03, 
 2DIAGNOSTIC,    20, -8.887882561633e-01, 5.969783260912e-04, 7.3672e-01, 5.6689e-03, 
 2DIAGNOSTIC,    21, -8.886098615607e-01, 3.264824930847e-04, 7.4320e-01, 6.4790e-03, 
 2DIAGNOSTIC,    22, -8.885249832411e-01, 2.361096535725e-04, 7.4848e-01, 5.2760e-03, 
 2DIAGNOSTIC,    23, -8.882875302731e-01, 1.410432912518e-04, 7.5374e-01, 5.2671e-03, 
 2DIAGNOSTIC,    24, -8.882052345088e-01, 5.851496524188e-05, 7.5886e-01, 5.1191e-03, 
DIAGNOSTIC,Iteration,metricValue,convergenceValue,ITERATION_TIME_INDEX,SINCE_LAST
 2DIAGNOSTIC,     1, -7.469015879483e-01, 1.797693134862e+308, 1.4772e+00, 7.1831e-01, 
 2DIAGNOSTIC,     2, -7.476337610275e-01, 1.797693134862e+308, 1.5150e+00, 3.7849e-02, 
 2DIAGNOSTIC,     3, -7.481984149174e-01, 1.797693134862e+308, 1.5536e+00, 3.8546e-02, 
 2DIAGNOSTIC,     4, -7.485348956861e-01, 1.797693134862e+308, 1.5932e+00, 3.9630e-02, 
 2DIAGNOSTIC,     5, -7.488723349198e-01, 1.797693134862e+308, 1.6308e+00, 3.7642e-02, 
 2DIAGNOSTIC,     6, -7.493028718125e-01, 1.797693134862e+308, 1.6728e+00, 4.1980e-02, 
 2DIAGNOSTIC,     7, -7.498240981487e-01, 1.797693134862e+308, 1.7172e+00, 4.4425e-02, 
 2DIAGNOSTIC,     8, -7.499189037775e-01, 1.797693134862e+308, 1.7550e+00, 3.7786e-02, 
 2DIAGNOSTIC,     9, -7.503981904146e-01, 1.797693134862e+308, 1.7991e+00, 4.4048e-02, 
 2DIAGNOSTIC,    10, -7.505578656654e-01, 3.049238838228e-04, 1.8365e+00, 3.7436e-02, 
 2DIAGNOSTIC,    11, -7.505227890129e-01, 2.385634278337e-04, 1.8786e+00, 4.2033e-02, 
 2DIAGNOSTIC,    12, -7.505011734154e-01, 1.844045628896e-04, 1.9195e+00, 4.0980e-02, 
 2DIAGNOSTIC,    13, -7.505088021027e-01, 1.388455009328e-04, 1.9590e+00, 3.9433e-02, 
 2DIAGNOSTIC,    14, -7.504878836821e-01, 9.580050946524e-05, 1.9961e+00, 3.7163e-02, 
 2DIAGNOSTIC,    15, -7.504848086682e-01, 5.820152911166e-05, 2.0440e+00, 4.7905e-02, 
 2DIAGNOSTIC,    16, -7.504811132221e-01, 3.014018312197e-05, 2.0798e+00, 3.5809e-02, 
 2DIAGNOSTIC,    17, -7.505241476722e-01, 1.550749261841e-05, 2.1236e+00, 4.3763e-02, 
 2DIAGNOSTIC,    18, -7.505179085515e-01, 2.820146281113e-06, 2.1670e+00, 4.3417e-02, 
DIAGNOSTIC,Iteration,metricValue,convergenceValue,ITERATION_TIME_INDEX,SINCE_LAST
 2DIAGNOSTIC,     1, -6.294203912587e-01, 1.797693134862e+308, 3.2543e+00, 1.0872e+00, 
 2DIAGNOSTIC,     2, -6.299360831075e-01, 1.797693134862e+308, 3.5232e+00, 2.6896e-01, 
 2DIAGNOSTIC,     3, -6.304673519068e-01, 1.797693134862e+308, 3.7616e+00, 2.3839e-01, 
 2DIAGNOSTIC,     4, -6.311514353123e-01, 1.797693134862e+308, 4.0520e+00, 2.9035e-01, 
 2DIAGNOSTIC,     5, -6.319702682027e-01, 1.797693134862e+308, 4.2983e+00, 2.4637e-01, 
 2DIAGNOSTIC,     6, -6.327349058025e-01, 1.797693134862e+308, 4.7595e+00, 4.6118e-01, 
 2DIAGNOSTIC,     7, -6.327262345580e-01, 1.797693134862e+308, 5.1268e+00, 3.6729e-01, 
 2DIAGNOSTIC,     8, -6.327233168875e-01, 1.797693134862e+308, 5.4095e+00, 2.8268e-01, 
 2DIAGNOSTIC,     9, -6.327209142159e-01, 1.797693134862e+308, 5.7491e+00, 3.3965e-01, 
 2DIAGNOSTIC,    10, -6.327171668737e-01, 3.710164734876e-04, 6.0276e+00, 2.7848e-01, 
 2DIAGNOSTIC,    11, -6.327147598901e-01, 2.563048519307e-04, 6.3476e+00, 3.1995e-01, 
 2DIAGNOSTIC,    12, -6.327139076318e-01, 1.574547229711e-04, 6.6300e+00, 2.8245e-01, 
 2DIAGNOSTIC,    13, -6.327092409551e-01, 7.817078931353e-05, 6.9463e+00, 3.1633e-01, 
 2DIAGNOSTIC,    14, -6.327084294884e-01, 2.484079874038e-05, 7.2508e+00, 3.0441e-01, 
DIAGNOSTIC,Iteration,metricValue,convergenceValue,ITERATION_TIME_INDEX,SINCE_LAST
 2DIAGNOSTIC,     1, -5.635833750478e-01, 1.797693134862e+308, 1.0277e+01, 3.0267e+00, 
 2DIAGNOSTIC,     2, -5.640382244443e-01, 1.797693134862e+308, 1.2001e+01, 1.7236e+00, 
 2DIAGNOSTIC,     3, -5.644828391654e-01, 1.797693134862e+308, 1.3916e+01, 1.9148e+00, 
 2DIAGNOSTIC,     4, -5.656655297378e-01, 1.797693134862e+308, 1.8790e+01, 4.8742e+00, 
 2DIAGNOSTIC,     5, -5.656655751885e-01, 1.797693134862e+308, 2.0790e+01, 1.9997e+00, 
 2DIAGNOSTIC,     6, -5.656654727463e-01, 1.797693134862e+308, 2.2782e+01, 1.9919e+00, 
 2DIAGNOSTIC,     7, -5.656653648306e-01, 1.797693134862e+308, 2.4685e+01, 1.9036e+00, 
 2DIAGNOSTIC,     8, -5.656652644166e-01, 1.797693134862e+308, 2.6513e+01, 1.8278e+00, 
 2DIAGNOSTIC,     9, -5.656651966792e-01, 1.797693134862e+308, 2.8603e+01, 2.0902e+00, 
 2DIAGNOSTIC,    10, -5.656651006698e-01, 2.210887809860e-04, 3.0465e+01, 1.8617e+00, 
 2DIAGNOSTIC,    11, -5.656651741206e-01, 1.244541162388e-04, 3.2324e+01, 1.8592e+00, 
 2DIAGNOSTIC,    12, -5.656649434135e-01, 5.214965532560e-05, 3.4113e+01, 1.7888e+00, 
 2DIAGNOSTIC,    13, -5.656649049995e-01, 2.389729243837e-06, 3.6058e+01, 1.9446e+00, 
 2DIAGNOSTIC,    14, -5.656647386895e-01, 2.212981790928e-06, 3.8374e+01, 2.3159e+00, 
 2DIAGNOSTIC,    15, -5.656645140606e-01, 2.059409214744e-06, 4.0406e+01, 2.0319e+00, 
 2DIAGNOSTIC,    16, -5.656642468447e-01, 1.919301821557e-06, 4.2527e+01, 2.1217e+00, 
 2DIAGNOSTIC,    17, -5.656642650953e-01, 1.799660326054e-06, 4.4595e+01, 2.0677e+00, 
 2DIAGNOSTIC,    18, -5.656639856256e-01, 1.689312654374e-06, 4.6533e+01, 1.9378e+00, 
 2DIAGNOSTIC,    19, -5.656640127043e-01, 1.597006798526e-06, 4.8870e+01, 2.3376e+00, 
 2DIAGNOSTIC,    20, -5.656638772250e-01, 1.515262959974e-06, 5.0955e+01, 2.0842e+00, 
 2DIAGNOSTIC,    21, -5.656634514471e-01, 1.440147378358e-06, 5.2884e+01, 1.9298e+00, 
 2DIAGNOSTIC,    22, -5.656634722754e-01, 1.374278858490e-06, 5.4644e+01, 1.7593e+00, 
 2DIAGNOSTIC,    23, -5.656633597359e-01, 1.317471565968e-06, 5.6685e+01, 2.0414e+00, 
 2DIAGNOSTIC,    24, -5.656632469437e-01, 1.265773839548e-06, 5.8465e+01, 1.7797e+00, 
 2DIAGNOSTIC,    25, -5.656631580564e-01, 1.217742611498e-06, 6.0572e+01, 2.1073e+00, 
 2DIAGNOSTIC,    26, -5.656630687586e-01, 1.171764952901e-06, 6.2667e+01, 2.0948e+00, 
 2DIAGNOSTIC,    27, -5.656627085534e-01, 1.127874902487e-06, 6.4386e+01, 1.7190e+00, 
 2DIAGNOSTIC,    28, -5.656626996339e-01, 1.086733118758e-06, 6.6575e+01, 2.1889e+00, 
 2DIAGNOSTIC,    29, -5.656626265249e-01, 1.052258396028e-06, 6.8613e+01, 2.0380e+00, 
 2DIAGNOSTIC,    30, -5.656623963765e-01, 1.018359419805e-06, 7.0332e+01, 1.7191e+00, 
  Elapsed time (stage 0): 7.1414e+01


Total elapsed time: 7.1416e+01
Info [verificarlo]: loaded backend libinterflop_vprec.so
Info [interflop-vprec]: load backend with: 
Info [interflop-vprec]: precision-binary32 = 9
Info [interflop-vprec]: range-binary32 = 7
Info [interflop-vprec]: precision-binary64 = 9
Info [interflop-vprec]: range-binary64 = 7
Info [interflop-vprec]: mode = ob
Info [interflop-vprec]: error-mode = rel
Info [interflop-vprec]: max-abs-error-exponent = -1022
Info [interflop-vprec]: daz = false
Info [interflop-vprec]: ftz = false
Info [interflop-vprec]: 	instrument = none
Info [interflop-vprec]: 	prec-input-file = (null)
Info [interflop-vprec]: 	prec-output-file = (null)
Info [interflop-vprec]: 	prec-log-file = (null)
All_Command_lines_OK
Using double precision for computations.
=============================================================================
The composite transform comprises the following transforms (in order): 
  1. /home/mdugre/scratch/mri-registration-rp/datasets/ds004513/derivatives/mri-registration-rp/0001/antsRegistration-r7-p9/sub-s017/affine_Composite.h5[0] (type = Euler3DTransform)
  2. /home/mdugre/scratch/mri-registration-rp/datasets/ds004513/derivatives/mri-registration-rp/0001/antsRegistration-r7-p9/sub-s017/affine_Composite.h5[1] (type = Euler3DTransform)
  3. /home/mdugre/scratch/mri-registration-rp/datasets/ds004513/derivatives/mri-registration-rp/0001/antsRegistration-r7-p9/sub-s017/affine_Composite.h5[2] (type = Euler3DTransform)
  4. /home/mdugre/scratch/mri-registration-rp/datasets/ds004513/derivatives/mri-registration-rp/0001/antsRegistration-r7-p9/sub-s017/affine_Composite.h5[3] (type = AffineTransform)
=============================================================================
  number of levels = 4
  fixed image: /templateflow/tpl-MNI152NLin2009cAsym/tpl-MNI152NLin2009cAsym_res-01_desc-brain_T1w.nii.gz
  moving image: /home/mdugre/scratch/mri-registration-rp/datasets/ds004513/derivatives/mri-registration-rp/antsBrainExtraction/sub-s017/BrainExtractionBrain.nii.gz
Dimension = 3
Number of stages = 1
Use histogram matching = false
Winsorize image intensities = true
  Lower quantile = 0.005
  Upper quantile = 0.995


Stage 1 State
   Image metric = CC
     Fixed image = Image (0x4a776f0)
  RTTI typeinfo:   itk::Image<double, 3u>
  Reference Count: 2
  Modified Time: 1606
  Debug: Off
  Object Name: 
  Observers: 
    none
  Source: (none)
  Source output name: (none)
  Release Data: Off
  Data Released: False
  Global Release Data: Off
  PipelineMTime: 0
  UpdateMTime: 1217
  RealTimeStamp: 0 seconds 
  LargestPossibleRegion: 
    Dimension: 3
    Index: [0, 0, 0]
    Size: [193, 229, 193]
  BufferedRegion: 
    Dimension: 3
    Index: [0, 0, 0]
    Size: [193, 229, 193]
  RequestedRegion: 
    Dimension: 3
    Index: [0, 0, 0]
    Size: [193, 229, 193]
  Spacing: [1, 1, 1]
  Origin: [96, 132, -78]
  Direction: 
-1 0 0
0 -1 0
0 0 1

  IndexToPointMatrix: 
-1 0 0
0 -1 0
0 0 1

  PointToIndexMatrix: 
-1 0 0
0 -1 0
0 0 1

  Inverse Direction: 
-1 0 0
0 -1 0
0 0 1

  PixelContainer: 
    ImportImageContainer (0x4b458b0)
