
##########################
# Experiment information #
##########################

EXPERIMENT_NAME: antsRegistration-r8-p23
VFC_BACKENDS: libinterflop_vprec.so --range-binary32=8 --precision-binary32=23 --range-binary64=8 --precision-binary64=23

SIF_IMG: /home/mdugre/projects/rrg-glatard/mdugre/containers/ants-vprec-no_metrics.simg

SUBJECT_ID: s035
INPUT_IMG: /home/mdugre/scratch/mri-registration-rp/datasets/ds004513/derivatives/mri-registration-rp/antsBrainExtraction/sub-s035/BrainExtractionBrain.nii.gz
OUTPUT_DIR: /home/mdugre/scratch/mri-registration-rp/datasets/ds004513/derivatives/mri-registration-rp/0001/antsRegistration-r8-p23/sub-s035

FIXED_IMG: /templateflow/tpl-MNI152NLin2009cAsym/tpl-MNI152NLin2009cAsym_res-01_desc-brain_T1w.nii.gz
DATA_DIR: /home/mdugre/scratch/mri-registration-rp/datasets/ds004513
TEMPLATEFLOW_DIR: /home/mdugre/projects/rrg-glatard/mdugre/templateflow
ITK_GLOBAL_DEFAULT_NUMBER_OF_THREADS: 16
##########################

Info [verificarlo]: loaded backend libinterflop_ieee.so
Info [interflop-ieee]: load backend with:
Info [interflop-ieee]: debug = false
Info [interflop-ieee]: debug-binary = false
Info [interflop-ieee]: no-backend-name = false
Info [interflop-ieee]: print-new-line = false
Info [interflop-ieee]: print-subnormal-normalized = false
Info [interflop-ieee]: count-op = false
All_Command_lines_OK
Using double precision for computations.
=============================================================================
The composite transform comprises the following transforms (in order): 
  1. Center of mass alignment using fixed image: /templateflow/tpl-MNI152NLin2009cAsym/tpl-MNI152NLin2009cAsym_res-01_desc-brain_T1w.nii.gz and moving image: /home/mdugre/scratch/mri-registration-rp/datasets/ds004513/derivatives/mri-registration-rp/antsBrainExtraction/sub-s035/BrainExtractionBrain.nii.gz (type = Euler3DTransform)
=============================================================================
  number of levels = 1
  fixed image: /templateflow/tpl-MNI152NLin2009cAsym/tpl-MNI152NLin2009cAsym_res-01_desc-brain_T1w.nii.gz
  moving image: /home/mdugre/scratch/mri-registration-rp/datasets/ds004513/derivatives/mri-registration-rp/antsBrainExtraction/sub-s035/BrainExtractionBrain.nii.gz
Dimension = 3
Number of stages = 1
Use histogram matching = false
Winsorize image intensities = true
  Lower quantile = 0.005
  Upper quantile = 0.995


Stage 1 State
   Image metric = MattesMI
     Fixed image = Image (0x4894e70)
  RTTI typeinfo:   itk::Image<double, 3u>
  Reference Count: 2
  Modified Time: 2330
  Debug: Off
  Object Name: 
  Observers: 
    none
  Source: (none)
  Source output name: (none)
  Release Data: Off
  Data Released: False
  Global Release Data: Off
  PipelineMTime: 0
  UpdateMTime: 1941
  RealTimeStamp: 0 seconds 
  LargestPossibleRegion: 
    Dimension: 3
    Index: [0, 0, 0]
    Size: [193, 229, 193]
  BufferedRegion: 
    Dimension: 3
    Index: [0, 0, 0]
    Size: [193, 229, 193]
  RequestedRegion: 
    Dimension: 3
    Index: [0, 0, 0]
    Size: [193, 229, 193]
  Spacing: [1, 1, 1]
  Origin: [96, 132, -78]
  Direction: 
-1 0 0
0 -1 0
0 0 1

  IndexToPointMatrix: 
-1 0 0
0 -1 0
0 0 1

  PointToIndexMatrix: 
-1 0 0
0 -1 0
0 0 1

  Inverse Direction: 
-1 0 0
0 -1 0
0 0 1

  PixelContainer: 
    ImportImageContainer (0x489dc60)
      RTTI typeinfo:   itk::ImportImageContainer<unsigned long, double>
      Reference Count: 1
      Modified Time: 1938
      Debug: Off
      Object Name: 
      Observers: 
        none
      Pointer: 0x1548438e4010
      Container manages memory: true
      Size: 8530021
      Capacity: 8530021

     Moving image = Image (0x4931ec0)
  RTTI typeinfo:   itk::Image<double, 3u>
  Reference Count: 2
  Modified Time: 2331
  Debug: Off
  Object Name: 
  Observers: 
    none
  Source: (none)
  Source output name: (none)
  Release Data: Off
  Data Released: False
  Global Release Data: Off
  PipelineMTime: 0
  UpdateMTime: 2328
  RealTimeStamp: 0 seconds 
  LargestPossibleRegion: 
    Dimension: 3
    Index: [0, 0, 0]
    Size: [160, 240, 256]
  BufferedRegion: 
    Dimension: 3
    Index: [0, 0, 0]
    Size: [160, 240, 256]
  RequestedRegion: 
    Dimension: 3
    Index: [0, 0, 0]
    Size: [160, 240, 256]
  Spacing: [1, 1, 1]
  Origin: [98.6438, 87.6358, -117.989]
  Direction: 
-0.993515 -0.100993 -0.0522355
0.100854 -0.994887 0.00530255
-0.0525039 1.93537e-08 0.998621

  IndexToPointMatrix: 
-0.993515 -0.100993 -0.0522355
0.100854 -0.994887 0.00530255
-0.0525039 1.93537e-08 0.998621

  PointToIndexMatrix: 
-0.993515 0.100854 -0.0525039
-0.100993 -0.994887 1.93006e-08
-0.0522355 0.00530255 0.998621

  Inverse Direction: 
-0.993515 0.100854 -0.0525039
-0.100993 -0.994887 1.93006e-08
-0.0522355 0.00530255 0.998621

  PixelContainer: 
    ImportImageContainer (0x49c9610)
      RTTI typeinfo:   itk::ImportImageContainer<unsigned long, double>
      Reference Count: 1
      Modified Time: 2325
      Debug: Off
      Object Name: 
      Observers: 
        none
      Pointer: 0x15483ede3010
      Container manages memory: true
      Size: 9830400
      Capacity: 9830400

     Weighting = 1
     Sampling strategy = regular
     Number of bins = 32
     Radius = 4
     Sampling percentage  = 0.25
   Transform = Rigid
     Gradient step = 0.1
     Update field sigma (voxel space) = 0
     Total field sigma (voxel space) = 0
     Update field time sigma = 0
     Total field time sigma  = 0
     Number of time indices = 0
     Number of time point samples = 0
Registration using 1 total stages.

Stage 0
  iterations = 0
  convergence threshold = 1e-06
  convergence window size = 10
  number of levels = 1
  using the Mattes MI metric (number of bins = 32, weight = 1, use gradient filter = 0)
  preprocessing:  winsorizing the image intensities
  Shrink factors (level 1 out of 1): [1, 1, 1]
  smoothing sigmas per level: [0]
  regular sampling (percentage = 0.25)

*** Running Euler3DTransform registration ***

  Elapsed time (stage 0): 1.11999


Total elapsed time: 1.12225
Info [verificarlo]: loaded backend libinterflop_ieee.so
Info [interflop-ieee]: load backend with:
Info [interflop-ieee]: debug = false
Info [interflop-ieee]: debug-binary = false
Info [interflop-ieee]: no-backend-name = false
Info [interflop-ieee]: print-new-line = false
Info [interflop-ieee]: print-subnormal-normalized = false
Info [interflop-ieee]: count-op = false
All_Command_lines_OK
Using double precision for computations.
=============================================================================
The composite transform comprises the following transforms (in order): 
  1. /home/mdugre/scratch/mri-registration-rp/datasets/ds004513/derivatives/mri-registration-rp/0001/antsRegistration-r8-p23/sub-s035/align_Composite.h5[0] (type = Euler3DTransform)
  2. /home/mdugre/scratch/mri-registration-rp/datasets/ds004513/derivatives/mri-registration-rp/0001/antsRegistration-r8-p23/sub-s035/align_Composite.h5[1] (type = Euler3DTransform)
=============================================================================
  number of levels = 4
  fixed image: /templateflow/tpl-MNI152NLin2009cAsym/tpl-MNI152NLin2009cAsym_res-01_desc-brain_T1w.nii.gz
  moving image: /home/mdugre/scratch/mri-registration-rp/datasets/ds004513/derivatives/mri-registration-rp/antsBrainExtraction/sub-s035/BrainExtractionBrain.nii.gz
Dimension = 3
Number of stages = 1
Use histogram matching = false
Winsorize image intensities = true
  Lower quantile = 0.005
  Upper quantile = 0.995


Stage 1 State
   Image metric = MattesMI
     Fixed image = Image (0x40a4530)
  RTTI typeinfo:   itk::Image<double, 3u>
  Reference Count: 2
  Modified Time: 1578
  Debug: Off
  Object Name: 
  Observers: 
    none
  Source: (none)
  Source output name: (none)
  Release Data: Off
  Data Released: False
  Global Release Data: Off
  PipelineMTime: 0
  UpdateMTime: 1189
  RealTimeStamp: 0 seconds 
  LargestPossibleRegion: 
    Dimension: 3
    Index: [0, 0, 0]
    Size: [193, 229, 193]
  BufferedRegion: 
    Dimension: 3
    Index: [0, 0, 0]
    Size: [193, 229, 193]
  RequestedRegion: 
    Dimension: 3
    Index: [0, 0, 0]
    Size: [193, 229, 193]
  Spacing: [1, 1, 1]
  Origin: [96, 132, -78]
  Direction: 
-1 0 0
0 -1 0
0 0 1

  IndexToPointMatrix: 
-1 0 0
0 -1 0
0 0 1

  PointToIndexMatrix: 
-1 0 0
0 -1 0
0 0 1

  Inverse Direction: 
-1 0 0
0 -1 0
0 0 1

  PixelContainer: 
    ImportImageContainer (0x4162d60)
      RTTI typeinfo:   itk::ImportImageContainer<unsigned long, double>
      Reference Count: 1
      Modified Time: 1186
      Debug: Off
      Object Name: 
      Observers: 
        none
      Pointer: 0x1470a3033010
      Container manages memory: true
      Size: 8530021
      Capacity: 8530021

     Moving image = Image (0x4154f60)
  RTTI typeinfo:   itk::Image<double, 3u>
  Reference Count: 2
  Modified Time: 1579
  Debug: Off
  Object Name: 
  Observers: 
    none
  Source: (none)
  Source output name: (none)
  Release Data: Off
  Data Released: False
  Global Release Data: Off
  PipelineMTime: 0
  UpdateMTime: 1576
  RealTimeStamp: 0 seconds 
  LargestPossibleRegion: 
    Dimension: 3
    Index: [0, 0, 0]
    Size: [160, 240, 256]
  BufferedRegion: 
    Dimension: 3
    Index: [0, 0, 0]
    Size: [160, 240, 256]
  RequestedRegion: 
    Dimension: 3
    Index: [0, 0, 0]
    Size: [160, 240, 256]
  Spacing: [1, 1, 1]
  Origin: [98.6438, 87.6358, -117.989]
  Direction: 
-0.993515 -0.100993 -0.0522355
0.100854 -0.994887 0.00530255
-0.0525039 1.93537e-08 0.998621

  IndexToPointMatrix: 
-0.993515 -0.100993 -0.0522355
0.100854 -0.994887 0.00530255
-0.0525039 1.93537e-08 0.998621

  PointToIndexMatrix: 
-0.993515 0.100854 -0.0525039
-0.100993 -0.994887 1.93006e-08
-0.0522355 0.00530255 0.998621

  Inverse Direction: 
-0.993515 0.100854 -0.0525039
-0.100993 -0.994887 1.93006e-08
-0.0522355 0.00530255 0.998621

  PixelContainer: 
    ImportImageContainer (0x41466d0)
      RTTI typeinfo:   itk::ImportImageContainer<unsigned long, double>
      Reference Count: 1
      Modified Time: 1573
      Debug: Off
      Object Name: 
      Observers: 
        none
      Pointer: 0x14709e532010
      Container manages memory: true
      Size: 9830400
      Capacity: 9830400

     Weighting = 1
     Sampling strategy = regular
     Number of bins = 32
     Radius = 4
     Sampling percentage  = 0.25
   Transform = Rigid
     Gradient step = 0.1
     Update field sigma (voxel space) = 0
     Total field sigma (voxel space) = 0
     Update field time sigma = 0
     Total field time sigma  = 0
     Number of time indices = 0
     Number of time point samples = 0
Registration using 1 total stages.

Stage 0
  iterations = 1000x500x250x100
  convergence threshold = 1e-06
  convergence window size = 10
  number of levels = 4
  using the Mattes MI metric (number of bins = 32, weight = 1, use gradient filter = 0)
  preprocessing:  winsorizing the image intensities
  Shrink factors (level 1 out of 4): [8, 8, 8]
  Shrink factors (level 2 out of 4): [4, 4, 4]
  Shrink factors (level 3 out of 4): [2, 2, 2]
  Shrink factors (level 4 out of 4): [1, 1, 1]
  smoothing sigmas per level: [3, 2, 1, 0]
  regular sampling (percentage = 0.25)

*** Running Euler3DTransform registration ***

DIAGNOSTIC,Iteration,metricValue,convergenceValue,ITERATION_TIME_INDEX,SINCE_LAST
 2DIAGNOSTIC,     1, -5.238630234552e-01, 1.797693134862e+308, 1.2683e+00, 1.2683e+00, 
 2DIAGNOSTIC,     2, -5.257885820767e-01, 1.797693134862e+308, 1.2737e+00, 5.3260e-03, 
 2DIAGNOSTIC,     3, -5.278597554839e-01, 1.797693134862e+308, 1.2787e+00, 5.0490e-03, 
 2DIAGNOSTIC,     4, -5.302176117225e-01, 1.797693134862e+308, 1.2836e+00, 4.9179e-03, 
 2DIAGNOSTIC,     5, -5.343462816845e-01, 1.797693134862e+308, 1.2886e+00, 5.0218e-03, 
 2DIAGNOSTIC,     6, -5.399239396740e-01, 1.797693134862e+308, 1.2937e+00, 5.0678e-03, 
 2DIAGNOSTIC,     7, -5.490554822001e-01, 1.797693134862e+308, 1.2988e+00, 5.0960e-03, 
 2DIAGNOSTIC,     8, -5.545204224448e-01, 1.797693134862e+308, 1.3057e+00, 6.8600e-03, 
 2DIAGNOSTIC,     9, -5.601437715553e-01, 1.797693134862e+308, 1.3116e+00, 5.9218e-03, 
 2DIAGNOSTIC,    10, -5.617741193774e-01, 5.067640484485e-03, 1.3169e+00, 5.3260e-03, 
 2DIAGNOSTIC,    11, -5.649562249041e-01, 4.796539612083e-03, 1.3231e+00, 6.1800e-03, 
 2DIAGNOSTIC,    12, -5.658710903081e-01, 4.260783098155e-03, 1.3287e+00, 5.6021e-03, 
 2DIAGNOSTIC,    13, -5.662828333056e-01, 3.524744036646e-03, 1.3336e+00, 4.9410e-03, 
 2DIAGNOSTIC,    14, -5.685908474577e-01, 2.751340472953e-03, 1.3394e+00, 5.7540e-03, 
 2DIAGNOSTIC,    15, -5.732745043306e-01, 2.134644679428e-03, 1.3473e+00, 7.8979e-03, 
 2DIAGNOSTIC,    16, -5.738084427845e-01, 1.591333148336e-03, 1.3539e+00, 6.5629e-03, 
 2DIAGNOSTIC,    17, -5.739093703464e-01, 1.247363567739e-03, 1.3590e+00, 5.0979e-03, 
 2DIAGNOSTIC,    18, -5.745773598458e-01, 1.002163966315e-03, 1.3640e+00, 5.0478e-03, 
 2DIAGNOSTIC,    19, -5.752045522723e-01, 8.579763081924e-04, 1.3691e+00, 5.0759e-03, 
 2DIAGNOSTIC,    20, -5.755578777727e-01, 6.955845773883e-04, 1.3742e+00, 5.0859e-03, 
 2DIAGNOSTIC,    21, -5.761681227725e-01, 5.767135182722e-04, 1.3792e+00, 4.9980e-03, 
 2DIAGNOSTIC,    22, -5.775610178281e-01, 4.707067062564e-04, 1.3843e+00, 5.1448e-03, 
 2DIAGNOSTIC,    23, -5.801876522134e-01, 3.965856196873e-04, 1.3896e+00, 5.3380e-03, 
 2DIAGNOSTIC,    24, -5.873578871773e-01, 4.881452204224e-04, 1.3969e+00, 7.2951e-03, 
 2DIAGNOSTIC,    25, -5.924052233498e-01, 7.199711435753e-04, 1.4039e+00, 6.9971e-03, 
 2DIAGNOSTIC,    26, -5.933789722547e-01, 8.944842701188e-04, 1.4103e+00, 6.4111e-03, 
 2DIAGNOSTIC,    27, -5.948140362558e-01, 1.002036484528e-03, 1.4161e+00, 5.7349e-03, 
 2DIAGNOSTIC,    28, -5.954370004552e-01, 1.029952320965e-03, 1.4211e+00, 5.0151e-03, 
 2DIAGNOSTIC,    29, -5.955619965634e-01, 9.699000563901e-04, 1.4260e+00, 4.9260e-03, 
 2DIAGNOSTIC,    30, -5.960977142448e-01, 8.366692960720e-04, 1.4310e+00, 4.9491e-03, 
 2DIAGNOSTIC,    31, -5.971105016180e-01, 6.606986236209e-04, 1.4368e+00, 5.8551e-03, 
 2DIAGNOSTIC,    32, -5.989728413268e-01, 4.853112632141e-04, 1.4446e+00, 7.7450e-03, 
 2DIAGNOSTIC,    33, -5.996340171344e-01, 3.222359249247e-04, 1.4496e+00, 4.9949e-03, 
 2DIAGNOSTIC,    34, -5.997688324989e-01, 2.443793017966e-04, 1.4548e+00, 5.2378e-03, 
 2DIAGNOSTIC,    35, -5.999328162939e-01, 2.224308793399e-04, 1.4615e+00, 6.7160e-03, 
 2DIAGNOSTIC,    36, -6.001598298697e-01, 1.965988113118e-04, 1.4667e+00, 5.1780e-03, 
 2DIAGNOSTIC,    37, -6.004938013112e-01, 1.767006123693e-04, 1.4726e+00, 5.8751e-03, 
 2DIAGNOSTIC,    38, -6.008280010335e-01, 1.536048166891e-04, 1.4779e+00, 5.3072e-03, 
 2DIAGNOSTIC,    39, -6.038559363637e-01, 1.574331426457e-04, 1.4841e+00, 6.2599e-03, 
 2DIAGNOSTIC,    40, -6.077047301437e-01, 1.993081221803e-04, 1.4896e+00, 5.4729e-03, 
 2DIAGNOSTIC,    41, -6.174632758944e-01, 3.481387784321e-04, 1.4965e+00, 6.8898e-03, 
 2DIAGNOSTIC,    42, -6.161977963864e-01, 4.608908737995e-04, 1.5071e+00, 1.0556e-02, 
 2DIAGNOSTIC,    43, -6.161564653855e-01, 5.335373695007e-04, 1.5122e+00, 5.1470e-03, 
 2DIAGNOSTIC,    44, -6.170772338310e-01, 5.644824076758e-04, 1.5173e+00, 5.1000e-03, 
 2DIAGNOSTIC,    45, -6.185357367556e-01, 5.560479016568e-04, 1.5224e+00, 5.1250e-03, 
 2DIAGNOSTIC,    46, -6.206472660858e-01, 5.180561423482e-04, 1.5276e+00, 5.1498e-03, 
 2DIAGNOSTIC,    47, -6.234100456567e-01, 4.649606448023e-04, 1.5327e+00, 5.1260e-03, 
 2DIAGNOSTIC,    48, -6.282459779640e-01, 4.232184542299e-04, 1.5379e+00, 5.2171e-03, 
 2DIAGNOSTIC,    49, -6.332856885800e-01, 4.219352539389e-04, 1.5431e+00, 5.1911e-03, 
 2DIAGNOSTIC,    50, -6.437673241733e-01, 5.158697406066e-04, 1.5484e+00, 5.3220e-03, 
 2DIAGNOSTIC,    51, -6.567709925964e-01, 7.709767665162e-04, 1.5538e+00, 5.3239e-03, 
 2DIAGNOSTIC,    52, -6.630139289535e-01, 9.856111700710e-04, 1.5602e+00, 6.4251e-03, 
 2DIAGNOSTIC,    53, -6.637658016762e-01, 1.103854573807e-03, 1.5653e+00, 5.1539e-03, 
 2DIAGNOSTIC,    54, -6.646848051506e-01, 1.129224385632e-03, 1.5706e+00, 5.2629e-03, 
 2DIAGNOSTIC,    55, -6.699954563298e-01, 1.103369965114e-03, 1.5801e+00, 9.4519e-03, 
 2DIAGNOSTIC,    56, -6.720089820949e-01, 1.005089548567e-03, 1.5879e+00, 7.8020e-03, 
 2DIAGNOSTIC,    57, -6.720481527494e-01, 8.375235163889e-04, 1.5929e+00, 5.0411e-03, 
 2DIAGNOSTIC,    58, -6.725919409057e-01, 6.425661348961e-04, 1.5980e+00, 5.0759e-03, 
 2DIAGNOSTIC,    59, -6.729036306289e-01, 4.360791589236e-04, 1.6030e+00, 5.0230e-03, 
 2DIAGNOSTIC,    60, -6.731488698319e-01, 2.773040484581e-04, 1.6081e+00, 5.1410e-03, 
 2DIAGNOSTIC,    61, -6.734259035844e-01, 1.993309297956e-04, 1.6133e+00, 5.1539e-03, 
 2DIAGNOSTIC,    62, -6.739132061179e-01, 1.568961567896e-04, 1.6185e+00, 5.1849e-03, 
 2DIAGNOSTIC,    63, -6.762843123746e-01, 1.247265585163e-04, 1.6255e+00, 7.0570e-03, 
 2DIAGNOSTIC,    64, -6.766381535169e-01, 8.969393006245e-05, 1.6306e+00, 5.0912e-03, 
 2DIAGNOSTIC,    65, -6.771215148093e-01, 8.898302397941e-05, 1.6358e+00, 5.1301e-03, 
 2DIAGNOSTIC,    66, -6.778537127441e-01, 9.953427934956e-05, 1.6417e+00, 5.9211e-03, 
 2DIAGNOSTIC,    67, -6.792268180746e-01, 1.098308118313e-04, 1.6563e+00, 1.4623e-02, 
 2DIAGNOSTIC,    68, -6.807680852093e-01, 1.231390173463e-04, 1.6626e+00, 6.3238e-03, 
 2DIAGNOSTIC,    69, -6.815199519972e-01, 1.312164275045e-04, 1.6677e+00, 5.0430e-03, 
 2DIAGNOSTIC,    70, -6.818104644739e-01, 1.303110304018e-04, 1.6747e+00, 7.0169e-03, 
 2DIAGNOSTIC,    71, -6.820510182705e-01, 1.205023814381e-04, 1.6798e+00, 5.1479e-03, 
 2DIAGNOSTIC,    72, -6.822316907681e-01, 1.032402176513e-04, 1.6848e+00, 4.9939e-03, 
 2DIAGNOSTIC,    73, -6.825798761740e-01, 9.372201175266e-05, 1.6917e+00, 6.9199e-03, 
 2DIAGNOSTIC,    74, -6.826264027211e-01, 7.797281390835e-05, 1.6969e+00, 5.1529e-03, 
 2DIAGNOSTIC,    75, -6.826914631461e-01, 5.871115938867e-05, 1.7019e+00, 5.0061e-03, 
 2DIAGNOSTIC,    76, -6.828123395005e-01, 3.951683494843e-05, 1.7070e+00, 5.0590e-03, 
 2DIAGNOSTIC,    77, -6.832344991547e-01, 2.762841427660e-05, 1.7121e+00, 5.1160e-03, 
 2DIAGNOSTIC,    78, -6.838171670274e-01, 2.580809620320e-05, 1.7195e+00, 7.4489e-03, 
 2DIAGNOSTIC,    79, -6.837376240478e-01, 2.542029822301e-05, 1.7246e+00, 5.0650e-03, 
 2DIAGNOSTIC,    80, -6.837940860350e-01, 2.471284591728e-05, 1.7297e+00, 5.0681e-03, 
 2DIAGNOSTIC,    81, -6.839726383585e-01, 2.407012600383e-05, 1.7348e+00, 5.0962e-03, 
 2DIAGNOSTIC,    82, -6.841107636775e-01, 2.281016969165e-05, 1.7399e+00, 5.0972e-03, 
 2DIAGNOSTIC,    83, -6.851046169441e-01, 2.675718425309e-05, 1.7472e+00, 7.3090e-03, 
 2DIAGNOSTIC,    84, -6.858177425623e-01, 3.208749355832e-05, 1.7542e+00, 7.0210e-03, 
 2DIAGNOSTIC,    85, -6.861555911751e-01, 3.640315648226e-05, 1.7625e+00, 8.3609e-03, 
 2DIAGNOSTIC,    86, -6.861558839248e-01, 3.780131624447e-05, 1.7676e+00, 5.0540e-03, 
 2DIAGNOSTIC,    87, -6.861669021094e-01, 3.777740815643e-05, 1.7727e+00, 5.0700e-03, 
 2DIAGNOSTIC,    88, -6.861799549543e-01, 3.717479566486e-05, 1.7777e+00, 5.0590e-03, 
 2DIAGNOSTIC,    89, -6.861876404192e-01, 3.259338512509e-05, 1.7834e+00, 5.6310e-03, 
 2DIAGNOSTIC,    90, -6.861914534588e-01, 2.533836667140e-05, 1.7885e+00, 5.1661e-03, 
 2DIAGNOSTIC,    91, -6.861984390018e-01, 1.686253751757e-05, 1.7936e+00, 5.0941e-03, 
 2DIAGNOSTIC,    92, -6.862113339122e-01, 7.666060498231e-06, 1.7987e+00, 5.0840e-03, 
 2DIAGNOSTIC,    93, -6.862267189664e-01, 2.805776730954e-06, 1.8038e+00, 5.0530e-03, 
 2DIAGNOSTIC,    94, -6.862421202622e-01, 1.276681953266e-06, 1.8094e+00, 5.6880e-03, 
 2DIAGNOSTIC,    95, -6.863402438663e-01, 1.766775275667e-06, 1.8163e+00, 6.8340e-03, 
 2DIAGNOSTIC,    96, -6.863401997744e-01, 2.099213773348e-06, 1.8217e+00, 5.3701e-03, 
 2DIAGNOSTIC,    97, -6.863403329931e-01, 2.312081100565e-06, 1.8268e+00, 5.1291e-03, 
 2DIAGNOSTIC,    98, -6.863407814291e-01, 2.398453977934e-06, 1.8319e+00, 5.0871e-03, 
 2DIAGNOSTIC,    99, -6.863418519117e-01, 2.322463019171e-06, 1.8369e+00, 5.0781e-03, 
 2DIAGNOSTIC,   100, -6.863433285974e-01, 2.074065547981e-06, 1.8534e+00, 1.6477e-02, 
 2DIAGNOSTIC,   101, -6.863433284602e-01, 1.693305828346e-06, 1.8698e+00, 1.6385e-02, 
 2DIAGNOSTIC,   102, -6.863433284602e-01, 1.252557824771e-06, 1.8760e+00, 6.2022e-03, 
DIAGNOSTIC,Iteration,metricValue,convergenceValue,ITERATION_TIME_INDEX,SINCE_LAST
 2DIAGNOSTIC,     1, -5.583135041529e-01, 1.797693134862e+308, 2.6795e+00, 8.0352e-01, 
 2DIAGNOSTIC,     2, -5.587689947683e-01, 1.797693134862e+308, 2.7119e+00, 3.2367e-02, 
 2DIAGNOSTIC,     3, -5.591103146628e-01, 1.797693134862e+308, 2.7566e+00, 4.4702e-02, 
 2DIAGNOSTIC,     4, -5.599294517331e-01, 1.797693134862e+308, 2.7874e+00, 3.0801e-02, 
 2DIAGNOSTIC,     5, -5.608880334425e-01, 1.797693134862e+308, 2.8239e+00, 3.6553e-02, 
 2DIAGNOSTIC,     6, -5.613234031088e-01, 1.797693134862e+308, 2.8543e+00, 3.0344e-02, 
 2DIAGNOSTIC,     7, -5.624616552822e-01, 1.797693134862e+308, 2.8894e+00, 3.5152e-02, 
 2DIAGNOSTIC,     8, -5.631243499747e-01, 1.797693134862e+308, 2.9291e+00, 3.9642e-02, 
 2DIAGNOSTIC,     9, -5.632665216930e-01, 1.797693134862e+308, 2.9633e+00, 3.4213e-02, 
 2DIAGNOSTIC,    10, -5.639224329028e-01, 6.925663850897e-04, 2.9944e+00, 3.1072e-02, 
 2DIAGNOSTIC,    11, -5.654844026785e-01, 6.698353345094e-04, 3.0288e+00, 3.4446e-02, 
 2DIAGNOSTIC,    12, -5.660112420693e-01, 6.307398844096e-04, 3.0594e+00, 3.0596e-02, 
 2DIAGNOSTIC,    13, -5.661379540027e-01, 5.589645357015e-04, 3.1624e+00, 1.0300e-01, 
 2DIAGNOSTIC,    14, -5.661379529045e-01, 4.771701155263e-04, 3.1938e+00, 3.1407e-02, 
 2DIAGNOSTIC,    15, -5.661379938845e-01, 3.954466766834e-04, 3.2251e+00, 3.1321e-02, 
 2DIAGNOSTIC,    16, -5.661380631550e-01, 3.000711608965e-04, 3.2617e+00, 3.6514e-02, 
 2DIAGNOSTIC,    17, -5.661381802115e-01, 2.216919825244e-04, 3.3029e+00, 4.1230e-02, 
 2DIAGNOSTIC,    18, -5.661383779272e-01, 1.510521759016e-04, 3.3445e+00, 4.1639e-02, 
 2DIAGNOSTIC,    19, -5.661387118763e-01, 7.805351682949e-05, 3.3818e+00, 3.7239e-02, 
 2DIAGNOSTIC,    20, -5.661392763884e-01, 2.092800049806e-05, 3.4179e+00, 3.6104e-02, 
 2DIAGNOSTIC,    21, -5.661402258163e-01, 4.663310243708e-06, 3.4541e+00, 3.6203e-02, 
 2DIAGNOSTIC,    22, -5.661328063082e-01, 1.407732298390e-06, 3.4911e+00, 3.7080e-02, 
 2DIAGNOSTIC,    23, -5.661355339808e-01, 1.281885602215e-06, 3.5262e+00, 3.5010e-02, 
 2DIAGNOSTIC,    24, -5.661398801849e-01, 1.264448102022e-06, 3.5624e+00, 3.6234e-02, 
 2DIAGNOSTIC,    25, -5.661468063769e-01, 1.390493236712e-06, 3.5958e+00, 3.3421e-02, 
 2DIAGNOSTIC,    26, -5.661577277962e-01, 1.707391460916e-06, 3.6365e+00, 4.0650e-02, 
 2DIAGNOSTIC,    27, -5.661499935670e-01, 1.812736010062e-06, 3.6759e+00, 3.9415e-02, 
 2DIAGNOSTIC,    28, -5.661416929576e-01, 1.713300944360e-06, 3.7131e+00, 3.7246e-02, 
 2DIAGNOSTIC,    29, -5.661386948970e-01, 1.521832006267e-06, 3.7459e+00, 3.2748e-02, 
 2DIAGNOSTIC,    30, -5.661396679383e-01, 1.322628446078e-06, 3.7824e+00, 3.6556e-02, 
 2DIAGNOSTIC,    31, -5.661469109934e-01, 1.243806358783e-06, 3.8146e+00, 3.2205e-02, 
 2DIAGNOSTIC,    32, -5.661495479725e-01, 1.073767623802e-06, 3.8513e+00, 3.6672e-02, 
 2DIAGNOSTIC,    33, -5.661644827946e-01, 1.181450925786e-06, 3.8860e+00, 3.4649e-02, 
 2DIAGNOSTIC,    34, -5.661445046616e-01, 1.025172809400e-06, 3.9212e+00, 3.5209e-02, 
DIAGNOSTIC,Iteration,metricValue,convergenceValue,ITERATION_TIME_INDEX,SINCE_LAST
 2DIAGNOSTIC,     1, -5.039527806320e-01, 1.797693134862e+308, 5.0573e+00, 1.1361e+00, 
 2DIAGNOSTIC,     2, -5.041055614062e-01, 1.797693134862e+308, 5.3094e+00, 2.5205e-01, 
 2DIAGNOSTIC,     3, -5.041894650213e-01, 1.797693134862e+308, 5.5982e+00, 2.8880e-01, 
 2DIAGNOSTIC,     4, -5.042444785094e-01, 1.797693134862e+308, 5.8761e+00, 2.7798e-01, 
 2DIAGNOSTIC,     5, -5.043452179415e-01, 1.797693134862e+308, 6.4055e+00, 5.2934e-01, 
 2DIAGNOSTIC,     6, -5.043449207330e-01, 1.797693134862e+308, 6.6684e+00, 2.6288e-01, 
 2DIAGNOSTIC,     7, -5.043453659997e-01, 1.797693134862e+308, 7.0446e+00, 3.7624e-01, 
 2DIAGNOSTIC,     8, -5.043452583528e-01, 1.797693134862e+308, 7.3295e+00, 2.8492e-01, 
 2DIAGNOSTIC,     9, -5.043455857499e-01, 1.797693134862e+308, 7.5988e+00, 2.6925e-01, 
 2DIAGNOSTIC,    10, -5.043451175455e-01, 4.592926219614e-05, 7.8625e+00, 2.6369e-01, 
 2DIAGNOSTIC,    11, -5.043444750931e-01, 2.574311139766e-05, 8.1216e+00, 2.5912e-01, 
 2DIAGNOSTIC,    12, -5.043438726570e-01, 1.401621214753e-05, 8.4232e+00, 3.0158e-01, 
 2DIAGNOSTIC,    13, -5.043431516485e-01, 6.657919603303e-06, 8.6881e+00, 2.6491e-01, 
 2DIAGNOSTIC,    14, -5.043425823509e-01, 2.044062196921e-06, 8.9986e+00, 3.1055e-01, 
 2DIAGNOSTIC,    15, -5.043437552388e-01, 1.896136823762e-06, 9.2576e+00, 2.5897e-01, 
 2DIAGNOSTIC,    16, -5.043441581887e-01, 1.789418874173e-06, 9.5443e+00, 2.8676e-01, 
 2DIAGNOSTIC,    17, -5.043445100899e-01, 1.740262451790e-06, 9.8061e+00, 2.6176e-01, 
 2DIAGNOSTIC,    18, -5.043429495677e-01, 1.656606985936e-06, 1.0050e+01, 2.4392e-01, 
 2DIAGNOSTIC,    19, -5.043425390358e-01, 1.591313824968e-06, 1.0304e+01, 2.5394e-01, 
 2DIAGNOSTIC,    20, -5.043442204807e-01, 1.573858714125e-06, 1.0550e+01, 2.4614e-01, 
 2DIAGNOSTIC,    21, -5.043447075663e-01, 1.552997833484e-06, 1.0791e+01, 2.4065e-01, 
 2DIAGNOSTIC,    22, -5.043445825083e-01, 1.512633273852e-06, 1.1073e+01, 2.8221e-01, 
 2DIAGNOSTIC,    23, -5.043468681513e-01, 1.510342847851e-06, 1.1333e+01, 2.5988e-01, 
 2DIAGNOSTIC,    24, -5.043490997812e-01, 1.533579200456e-06, 1.1622e+01, 2.8923e-01, 
 2DIAGNOSTIC,    25, -5.043514428446e-01, 1.612426470093e-06, 1.1970e+01, 3.4780e-01, 
 2DIAGNOSTIC,    26, -5.043510680675e-01, 1.652708840331e-06, 1.2262e+01, 2.9191e-01, 
 2DIAGNOSTIC,    27, -5.043495584471e-01, 1.628222149289e-06, 1.2573e+01, 3.1130e-01, 
 2DIAGNOSTIC,    28, -5.043499226354e-01, 1.540377932437e-06, 1.2826e+01, 2.5314e-01, 
 2DIAGNOSTIC,    29, -5.043496048571e-01, 1.403656302496e-06, 1.3119e+01, 2.9291e-01, 
 2DIAGNOSTIC,    30, -5.043473493788e-01, 1.235597211713e-06, 1.3367e+01, 2.4750e-01, 
 2DIAGNOSTIC,    31, -5.043463989026e-01, 1.055870802985e-06, 1.3685e+01, 3.1865e-01, 
DIAGNOSTIC,Iteration,metricValue,convergenceValue,ITERATION_TIME_INDEX,SINCE_LAST
 2DIAGNOSTIC,     1, -4.670275743367e-01, 1.797693134862e+308, 1.6246e+01, 2.5609e+00, 
 2DIAGNOSTIC,     2, -4.671051893488e-01, 1.797693134862e+308, 1.7733e+01, 1.4868e+00, 
 2DIAGNOSTIC,     3, -4.671348082649e-01, 1.797693134862e+308, 1.9526e+01, 1.7931e+00, 
 2DIAGNOSTIC,     4, -4.671459314908e-01, 1.797693134862e+308, 2.1541e+01, 2.0145e+00, 
 2DIAGNOSTIC,     5, -4.671452947658e-01, 1.797693134862e+308, 2.3342e+01, 1.8012e+00, 
 2DIAGNOSTIC,     6, -4.671439837988e-01, 1.797693134862e+308, 2.5370e+01, 2.0280e+00, 
 2DIAGNOSTIC,     7, -4.671435800577e-01, 1.797693134862e+308, 2.7875e+01, 2.5049e+00, 
 2DIAGNOSTIC,     8, -4.671436598485e-01, 1.797693134862e+308, 3.2605e+01, 4.7300e+00, 
 2DIAGNOSTIC,     9, -4.671436598477e-01, 1.797693134862e+308, 3.6408e+01, 3.8028e+00, 
 2DIAGNOSTIC,    10, -4.671436598477e-01, 1.258681817728e-05, 3.8691e+01, 2.2835e+00, 
 2DIAGNOSTIC,    11, -4.671436598477e-01, 5.313261893611e-06, 4.0406e+01, 1.7146e+00, 
 2DIAGNOSTIC,    12, -4.671436598477e-01, 2.933872124369e-06, 4.1950e+01, 1.5446e+00, 
 2DIAGNOSTIC,    13, -4.671436598477e-01, 2.264923004147e-06, 4.3914e+01, 1.9639e+00, 
 2DIAGNOSTIC,    14, -4.671436598477e-01, 2.191279761130e-06, 4.6348e+01, 2.4342e+00, 
 2DIAGNOSTIC,    15, -4.671436598477e-01, 2.110396912947e-06, 4.8088e+01, 1.7394e+00, 
 2DIAGNOSTIC,    16, -4.671436598477e-01, 1.991196604101e-06, 4.9796e+01, 1.7083e+00, 
 2DIAGNOSTIC,    17, -4.671436598477e-01, 1.871209433964e-06, 5.1423e+01, 1.6272e+00, 
 2DIAGNOSTIC,    18, -4.671436598477e-01, 1.767251411440e-06, 5.3070e+01, 1.6468e+00, 
 2DIAGNOSTIC,    19, -4.671436598477e-01, 1.674236510284e-06, 5.4632e+01, 1.5621e+00, 
 2DIAGNOSTIC,    20, -4.671436598477e-01, 1.590523257829e-06, 5.6301e+01, 1.6689e+00, 
 2DIAGNOSTIC,    21, -4.671436598477e-01, 1.514782825521e-06, 5.8000e+01, 1.6991e+00, 
 2DIAGNOSTIC,    22, -4.671436598477e-01, 1.445927993726e-06, 5.9700e+01, 1.6998e+00, 
 2DIAGNOSTIC,    23, -4.671436598477e-01, 1.383060627351e-06, 6.1228e+01, 1.5280e+00, 
 2DIAGNOSTIC,    24, -4.671436598477e-01, 1.325432282595e-06, 6.2595e+01, 1.3674e+00, 
 2DIAGNOSTIC,    25, -4.671436598477e-01, 1.272414268332e-06, 6.4285e+01, 1.6896e+00, 
 2DIAGNOSTIC,    26, -4.671436598477e-01, 1.223474616292e-06, 6.6383e+01, 2.0982e+00, 
 2DIAGNOSTIC,    27, -4.671436598477e-01, 1.178160169479e-06, 6.8170e+01, 1.7876e+00, 
 2DIAGNOSTIC,    28, -4.671436598477e-01, 1.136082508242e-06, 6.9938e+01, 1.7674e+00, 
 2DIAGNOSTIC,    29, -4.671436598477e-01, 1.096906788803e-06, 7.1655e+01, 1.7170e+00, 
 2DIAGNOSTIC,    30, -4.671436598477e-01, 1.060342813677e-06, 7.3418e+01, 1.7629e+00, 
 2DIAGNOSTIC,    31, -4.671436598477e-01, 1.026137830637e-06, 7.5054e+01, 1.6360e+00, 
  Elapsed time (stage 0): 7.5995e+01


Total elapsed time: 7.5997e+01
Info [verificarlo]: loaded backend libinterflop_ieee.so
Info [interflop-ieee]: load backend with:
Info [interflop-ieee]: debug = false
Info [interflop-ieee]: debug-binary = false
Info [interflop-ieee]: no-backend-name = false
Info [interflop-ieee]: print-new-line = false
Info [interflop-ieee]: print-subnormal-normalized = false
Info [interflop-ieee]: count-op = false
All_Command_lines_OK
Using double precision for computations.
=============================================================================
The composite transform comprises the following transforms (in order): 
  1. /home/mdugre/scratch/mri-registration-rp/datasets/ds004513/derivatives/mri-registration-rp/0001/antsRegistration-r8-p23/sub-s035/rigid_Composite.h5[0] (type = Euler3DTransform)
  2. /home/mdugre/scratch/mri-registration-rp/datasets/ds004513/derivatives/mri-registration-rp/0001/antsRegistration-r8-p23/sub-s035/rigid_Composite.h5[1] (type = Euler3DTransform)
  3. /home/mdugre/scratch/mri-registration-rp/datasets/ds004513/derivatives/mri-registration-rp/0001/antsRegistration-r8-p23/sub-s035/rigid_Composite.h5[2] (type = Euler3DTransform)
=============================================================================
  number of levels = 4
  fixed image: /templateflow/tpl-MNI152NLin2009cAsym/tpl-MNI152NLin2009cAsym_res-01_desc-brain_T1w.nii.gz
  moving image: /home/mdugre/scratch/mri-registration-rp/datasets/ds004513/derivatives/mri-registration-rp/antsBrainExtraction/sub-s035/BrainExtractionBrain.nii.gz
Dimension = 3
Number of stages = 1
Use histogram matching = false
Winsorize image intensities = true
  Lower quantile = 0.005
  Upper quantile = 0.995


Stage 1 State
   Image metric = MattesMI
     Fixed image = Image (0x355d7e0)
  RTTI typeinfo:   itk::Image<double, 3u>
  Reference Count: 2
  Modified Time: 1592
  Debug: Off
  Object Name: 
  Observers: 
    none
  Source: (none)
  Source output name: (none)
  Release Data: Off
  Data Released: False
  Global Release Data: Off
  PipelineMTime: 0
  UpdateMTime: 1203
  RealTimeStamp: 0 seconds 
  LargestPossibleRegion: 
    Dimension: 3
    Index: [0, 0, 0]
    Size: [193, 229, 193]
  BufferedRegion: 
    Dimension: 3
    Index: [0, 0, 0]
    Size: [193, 229, 193]
  RequestedRegion: 
    Dimension: 3
    Index: [0, 0, 0]
    Size: [193, 229, 193]
  Spacing: [1, 1, 1]
  Origin: [96, 132, -78]
  Direction: 
-1 0 0
0 -1 0
0 0 1

  IndexToPointMatrix: 
-1 0 0
0 -1 0
0 0 1

  PointToIndexMatrix: 
-1 0 0
0 -1 0
0 0 1

  Inverse Direction: 
-1 0 0
0 -1 0
0 0 1

  PixelContainer: 
    ImportImageContainer (0x361da20)
      RTTI typeinfo:   itk::ImportImageContainer<unsigned long, double>
      Reference Count: 1
      Modified Time: 1200
      Debug: Off
      Object Name: 
      Observers: 
        none
      Pointer: 0x145e700a8010
      Container manages memory: true
      Size: 8530021
      Capacity: 8530021

     Moving image = Image (0x3618d70)
  RTTI typeinfo:   itk::Image<double, 3u>
  Reference Count: 2
  Modified Time: 1593
  Debug: Off
  Object Name: 
  Observers: 
    none
  Source: (none)
  Source output name: (none)
  Release Data: Off
  Data Released: False
  Global Release Data: Off
  PipelineMTime: 0
  UpdateMTime: 1590
  RealTimeStamp: 0 seconds 
  LargestPossibleRegion: 
    Dimension: 3
    Index: [0, 0, 0]
    Size: [160, 240, 256]
  BufferedRegion: 
    Dimension: 3
    Index: [0, 0, 0]
    Size: [160, 240, 256]
  RequestedRegion: 
    Dimension: 3
    Index: [0, 0, 0]
    Size: [160, 240, 256]
  Spacing: [1, 1, 1]
  Origin: [98.6438, 87.6358, -117.989]
  Direction: 
-0.993515 -0.100993 -0.0522355
0.100854 -0.994887 0.00530255
-0.0525039 1.93537e-08 0.998621

  IndexToPointMatrix: 
-0.993515 -0.100993 -0.0522355
0.100854 -0.994887 0.00530255
-0.0525039 1.93537e-08 0.998621

  PointToIndexMatrix: 
-0.993515 0.100854 -0.0525039
-0.100993 -0.994887 1.93006e-08
-0.0522355 0.00530255 0.998621

  Inverse Direction: 
-0.993515 0.100854 -0.0525039
-0.100993 -0.994887 1.93006e-08
-0.0522355 0.00530255 0.998621

  PixelContainer: 
    ImportImageContainer (0x35d0c90)
      RTTI typeinfo:   itk::ImportImageContainer<unsigned long, double>
      Reference Count: 1
      Modified Time: 1587
      Debug: Off
      Object Name: 
      Observers: 
        none
      Pointer: 0x145e6b5a7010
      Container manages memory: true
      Size: 9830400
      Capacity: 9830400

     Weighting = 1
     Sampling strategy = regular
     Number of bins = 32
     Radius = 4
     Sampling percentage  = 0.25
   Transform = Affine
     Gradient step = 0.1
     Update field sigma (voxel space) = 0
     Total field sigma (voxel space) = 0
     Update field time sigma = 0
     Total field time sigma  = 0
     Number of time indices = 0
     Number of time point samples = 0
Registration using 1 total stages.

Stage 0
  iterations = 1000x500x250x100
  convergence threshold = 1e-06
  convergence window size = 10
  number of levels = 4
  using the Mattes MI metric (number of bins = 32, weight = 1, use gradient filter = 0)
  preprocessing:  winsorizing the image intensities
  Shrink factors (level 1 out of 4): [8, 8, 8]
  Shrink factors (level 2 out of 4): [4, 4, 4]
  Shrink factors (level 3 out of 4): [2, 2, 2]
  Shrink factors (level 4 out of 4): [1, 1, 1]
  smoothing sigmas per level: [3, 2, 1, 0]
  regular sampling (percentage = 0.25)

*** Running AffineTransform registration ***

DIAGNOSTIC,Iteration,metricValue,convergenceValue,ITERATION_TIME_INDEX,SINCE_LAST
 2DIAGNOSTIC,     1, -6.792787137435e-01, 1.797693134862e+308, 7.0869e-01, 7.0869e-01, 
 2DIAGNOSTIC,     2, -6.814680485627e-01, 1.797693134862e+308, 7.1451e-01, 5.8169e-03, 
 2DIAGNOSTIC,     3, -6.857101601172e-01, 1.797693134862e+308, 7.1974e-01, 5.2271e-03, 
 2DIAGNOSTIC,     4, -6.943297691905e-01, 1.797693134862e+308, 7.2598e-01, 6.2411e-03, 
 2DIAGNOSTIC,     5, -7.033866089141e-01, 1.797693134862e+308, 7.3140e-01, 5.4238e-03, 
 2DIAGNOSTIC,     6, -7.161848012408e-01, 1.797693134862e+308, 7.3669e-01, 5.2879e-03, 
 2DIAGNOSTIC,     7, -7.350396521890e-01, 1.797693134862e+308, 7.4387e-01, 7.1819e-03, 
 2DIAGNOSTIC,     8, -7.386391074374e-01, 1.797693134862e+308, 7.4967e-01, 5.8000e-03, 
 2DIAGNOSTIC,     9, -7.390571001264e-01, 1.797693134862e+308, 7.5542e-01, 5.7449e-03, 
 2DIAGNOSTIC,    10, -7.392773474029e-01, 6.740074327679e-03, 7.6091e-01, 5.4941e-03, 
 2DIAGNOSTIC,    11, -7.400465242515e-01, 5.661909477557e-03, 7.6679e-01, 5.8780e-03, 
 2DIAGNOSTIC,    12, -7.408966367960e-01, 4.355040011630e-03, 7.7343e-01, 6.6409e-03, 
 2DIAGNOSTIC,    13, -7.405824959410e-01, 2.981154988803e-03, 7.8007e-01, 6.6402e-03, 
 2DIAGNOSTIC,    14, -7.403782982812e-01, 1.782759301683e-03, 7.8764e-01, 7.5672e-03, 
 2DIAGNOSTIC,    15, -7.403319855694e-01, 8.210957843548e-04, 7.9313e-01, 5.4948e-03, 
 2DIAGNOSTIC,    16, -7.402193651227e-01, 2.070750247617e-04, 7.9918e-01, 6.0499e-03, 
 2DIAGNOSTIC,    17, -7.402308375716e-01, 8.167791726299e-05, 8.0462e-01, 5.4369e-03, 
 2DIAGNOSTIC,    18, -7.403253701276e-01, 4.378330114102e-05, 8.1089e-01, 6.2730e-03, 
 2DIAGNOSTIC,    19, -7.404978065289e-01, 1.861264783585e-05, 8.1695e-01, 6.0589e-03, 
DIAGNOSTIC,Iteration,metricValue,convergenceValue,ITERATION_TIME_INDEX,SINCE_LAST
 2DIAGNOSTIC,     1, -6.094516103048e-01, 1.797693134862e+308, 1.6173e+00, 8.0033e-01, 
 2DIAGNOSTIC,     2, -6.097403005606e-01, 1.797693134862e+308, 1.6531e+00, 3.5868e-02, 
 2DIAGNOSTIC,     3, -6.100486788986e-01, 1.797693134862e+308, 1.6925e+00, 3.9365e-02, 
 2DIAGNOSTIC,     4, -6.103929451400e-01, 1.797693134862e+308, 1.7355e+00, 4.2983e-02, 
 2DIAGNOSTIC,     5, -6.105633880566e-01, 1.797693134862e+308, 1.7747e+00, 3.9249e-02, 
 2DIAGNOSTIC,     6, -6.107204994208e-01, 1.797693134862e+308, 1.8160e+00, 4.1228e-02, 
 2DIAGNOSTIC,     7, -6.107773819236e-01, 1.797693134862e+308, 1.8578e+00, 4.1848e-02, 
 2DIAGNOSTIC,     8, -6.108391347921e-01, 1.797693134862e+308, 1.8966e+00, 3.8743e-02, 
 2DIAGNOSTIC,     9, -6.109814580842e-01, 1.797693134862e+308, 1.9462e+00, 4.9681e-02, 
 2DIAGNOSTIC,    10, -6.109892138562e-01, 1.606530534278e-04, 1.9872e+00, 4.0956e-02, 
 2DIAGNOSTIC,    11, -6.109618985817e-01, 1.127000466063e-04, 2.0291e+00, 4.1868e-02, 
 2DIAGNOSTIC,    12, -6.109860621554e-01, 7.501639684844e-05, 2.0762e+00, 4.7174e-02, 
 2DIAGNOSTIC,    13, -6.109793789751e-01, 4.711904879109e-05, 2.1283e+00, 5.2074e-02, 
 2DIAGNOSTIC,    14, -6.109694355440e-01, 3.011173384783e-05, 2.1733e+00, 4.5001e-02, 
 2DIAGNOSTIC,    15, -6.109531015148e-01, 1.752773948280e-05, 2.2362e+00, 6.2838e-02, 
 2DIAGNOSTIC,    16, -6.109454350945e-01, 9.510662699497e-06, 2.2807e+00, 4.4540e-02, 
 2DIAGNOSTIC,    17, -6.109372056313e-01, 3.067274256710e-06, 2.3205e+00, 3.9853e-02, 
DIAGNOSTIC,Iteration,metricValue,convergenceValue,ITERATION_TIME_INDEX,SINCE_LAST
 2DIAGNOSTIC,     1, -5.342577345616e-01, 1.797693134862e+308, 3.5423e+00, 1.2217e+00, 
 2DIAGNOSTIC,     2, -5.346119910132e-01, 1.797693134862e+308, 3.8810e+00, 3.3875e-01, 
 2DIAGNOSTIC,     3, -5.349692168692e-01, 1.797693134862e+308, 4.1751e+00, 2.9408e-01, 
 2DIAGNOSTIC,     4, -5.351694550447e-01, 1.797693134862e+308, 4.5049e+00, 3.2981e-01, 
 2DIAGNOSTIC,     5, -5.351726471445e-01, 1.797693134862e+308, 4.8327e+00, 3.2785e-01, 
 2DIAGNOSTIC,     6, -5.351632151704e-01, 1.797693134862e+308, 5.1411e+00, 3.0837e-01, 
 2DIAGNOSTIC,     7, -5.351611640244e-01, 1.797693134862e+308, 5.5013e+00, 3.6019e-01, 
 2DIAGNOSTIC,     8, -5.351668794240e-01, 1.797693134862e+308, 5.8386e+00, 3.3735e-01, 
 2DIAGNOSTIC,     9, -5.351621602101e-01, 1.797693134862e+308, 6.1223e+00, 2.8366e-01, 
 2DIAGNOSTIC,    10, -5.351660435778e-01, 8.405048793762e-05, 6.4557e+00, 3.3336e-01, 
 2DIAGNOSTIC,    11, -5.351914505775e-01, 3.878519606478e-05, 6.7701e+00, 3.1448e-01, 
 2DIAGNOSTIC,    12, -5.352042599610e-01, 1.372131327941e-05, 7.0415e+00, 2.7131e-01, 
 2DIAGNOSTIC,    13, -5.352279119794e-01, 6.835794004192e-06, 7.3113e+00, 2.6988e-01, 
 2DIAGNOSTIC,    14, -5.352856266169e-01, 1.031097903907e-05, 7.5945e+00, 2.8312e-01, 
 2DIAGNOSTIC,    15, -5.353653845205e-01, 1.549179175041e-05, 7.8643e+00, 2.6983e-01, 
 2DIAGNOSTIC,    16, -5.355559268996e-01, 2.475546027016e-05, 8.1584e+00, 2.9416e-01, 
 2DIAGNOSTIC,    17, -5.359537256060e-01, 4.306547075018e-05, 8.6281e+00, 4.6962e-01, 
 2DIAGNOSTIC,    18, -5.359770578722e-01, 5.615833020476e-05, 8.9924e+00, 3.6431e-01, 
 2DIAGNOSTIC,    19, -5.359789987432e-01, 6.292899584493e-05, 9.3433e+00, 3.5093e-01, 
 2DIAGNOSTIC,    20, -5.359803172434e-01, 6.358089269809e-05, 9.6404e+00, 2.9712e-01, 
 2DIAGNOSTIC,    21, -5.359793070737e-01, 5.891736670358e-05, 9.9666e+00, 3.2619e-01, 
 2DIAGNOSTIC,    22, -5.359784163892e-01, 4.945912640546e-05, 1.0427e+01, 4.6047e-01, 
 2DIAGNOSTIC,    23, -5.359787376205e-01, 3.689849574537e-05, 1.0798e+01, 3.7074e-01, 
 2DIAGNOSTIC,    24, -5.359784496960e-01, 2.346714275372e-05, 1.1137e+01, 3.3876e-01, 
 2DIAGNOSTIC,    25, -5.359771588113e-01, 1.069182026282e-05, 1.1492e+01, 3.5512e-01, 
 2DIAGNOSTIC,    26, -5.359756804446e-01, 1.648760407640e-06, 1.1795e+01, 3.0371e-01, 
