
##########################
# Experiment information #
##########################

EXPERIMENT_NAME: antsRegistration-r8-p7
VFC_BACKENDS: libinterflop_vprec.so --range-binary32=8 --precision-binary32=7 --range-binary64=8 --precision-binary64=7

SIF_IMG: /home/mdugre/projects/rrg-glatard/mdugre/containers/ants-vprec-no_metrics.simg

SUBJECT_ID: s017
INPUT_IMG: /home/mdugre/scratch/mri-registration-rp/datasets/ds004513/derivatives/mri-registration-rp/antsBrainExtraction/sub-s017/BrainExtractionBrain.nii.gz
OUTPUT_DIR: /home/mdugre/scratch/mri-registration-rp/datasets/ds004513/derivatives/mri-registration-rp/0001/antsRegistration-r8-p7/sub-s017

FIXED_IMG: /templateflow/tpl-MNI152NLin2009cAsym/tpl-MNI152NLin2009cAsym_res-01_desc-brain_T1w.nii.gz
DATA_DIR: /home/mdugre/scratch/mri-registration-rp/datasets/ds004513
TEMPLATEFLOW_DIR: /home/mdugre/projects/rrg-glatard/mdugre/templateflow
ITK_GLOBAL_DEFAULT_NUMBER_OF_THREADS: 16
##########################

Info [verificarlo]: loaded backend libinterflop_ieee.so
Info [interflop-ieee]: load backend with:
Info [interflop-ieee]: debug = false
Info [interflop-ieee]: debug-binary = false
Info [interflop-ieee]: no-backend-name = false
Info [interflop-ieee]: print-new-line = false
Info [interflop-ieee]: print-subnormal-normalized = false
Info [interflop-ieee]: count-op = false
All_Command_lines_OK
Using double precision for computations.
=============================================================================
The composite transform comprises the following transforms (in order): 
  1. Center of mass alignment using fixed image: /templateflow/tpl-MNI152NLin2009cAsym/tpl-MNI152NLin2009cAsym_res-01_desc-brain_T1w.nii.gz and moving image: /home/mdugre/scratch/mri-registration-rp/datasets/ds004513/derivatives/mri-registration-rp/antsBrainExtraction/sub-s017/BrainExtractionBrain.nii.gz (type = Euler3DTransform)
=============================================================================
  number of levels = 1
  fixed image: /templateflow/tpl-MNI152NLin2009cAsym/tpl-MNI152NLin2009cAsym_res-01_desc-brain_T1w.nii.gz
  moving image: /home/mdugre/scratch/mri-registration-rp/datasets/ds004513/derivatives/mri-registration-rp/antsBrainExtraction/sub-s017/BrainExtractionBrain.nii.gz
Dimension = 3
Number of stages = 1
Use histogram matching = false
Winsorize image intensities = true
  Lower quantile = 0.005
  Upper quantile = 0.995


Stage 1 State
   Image metric = MattesMI
     Fixed image = Image (0x34d9bd0)
  RTTI typeinfo:   itk::Image<double, 3u>
  Reference Count: 2
  Modified Time: 2334
  Debug: Off
  Object Name: 
  Observers: 
    none
  Source: (none)
  Source output name: (none)
  Release Data: Off
  Data Released: False
  Global Release Data: Off
  PipelineMTime: 0
  UpdateMTime: 1943
  RealTimeStamp: 0 seconds 
  LargestPossibleRegion: 
    Dimension: 3
    Index: [0, 0, 0]
    Size: [193, 229, 193]
  BufferedRegion: 
    Dimension: 3
    Index: [0, 0, 0]
    Size: [193, 229, 193]
  RequestedRegion: 
    Dimension: 3
    Index: [0, 0, 0]
    Size: [193, 229, 193]
  Spacing: [1, 1, 1]
  Origin: [96, 132, -78]
  Direction: 
-1 0 0
0 -1 0
0 0 1

  IndexToPointMatrix: 
-1 0 0
0 -1 0
0 0 1

  PointToIndexMatrix: 
-1 0 0
0 -1 0
0 0 1

  Inverse Direction: 
-1 0 0
0 -1 0
0 0 1

  PixelContainer: 
    ImportImageContainer (0x34e29e0)
      RTTI typeinfo:   itk::ImportImageContainer<unsigned long, double>
      Reference Count: 1
      Modified Time: 1940
      Debug: Off
      Object Name: 
      Observers: 
        none
      Pointer: 0x14d27cac2010
      Container manages memory: true
      Size: 8530021
      Capacity: 8530021

     Moving image = Image (0x34e3bd0)
  RTTI typeinfo:   itk::Image<double, 3u>
  Reference Count: 2
  Modified Time: 2335
  Debug: Off
  Object Name: 
  Observers: 
    none
  Source: (none)
  Source output name: (none)
  Release Data: Off
  Data Released: False
  Global Release Data: Off
  PipelineMTime: 0
  UpdateMTime: 2332
  RealTimeStamp: 0 seconds 
  LargestPossibleRegion: 
    Dimension: 3
    Index: [0, 0, 0]
    Size: [160, 240, 256]
  BufferedRegion: 
    Dimension: 3
    Index: [0, 0, 0]
    Size: [160, 240, 256]
  RequestedRegion: 
    Dimension: 3
    Index: [0, 0, 0]
    Size: [160, 240, 256]
  Spacing: [1, 1, 1]
  Origin: [91.3357, 102.231, -120.042]
  Direction: 
-0.997442 -5.36781e-05 -0.0714818
5.35416e-05 -1 3.82465e-06
-0.0714818 -1.23894e-08 0.997442

  IndexToPointMatrix: 
-0.997444 -5.36781e-05 -0.0714818
5.35418e-05 -1 3.82465e-06
-0.0714819 -1.23894e-08 0.997442

  PointToIndexMatrix: 
-0.99744 5.35415e-05 -0.0714816
-5.36781e-05 -1 -1.23894e-08
-0.0714818 3.82465e-06 0.997442

  Inverse Direction: 
-0.997442 5.35416e-05 -0.0714818
-5.36781e-05 -1 -1.23894e-08
-0.0714818 3.82465e-06 0.997442

  PixelContainer: 
    ImportImageContainer (0x3669b50)
      RTTI typeinfo:   itk::ImportImageContainer<unsigned long, double>
      Reference Count: 1
      Modified Time: 2329
      Debug: Off
      Object Name: 
      Observers: 
        none
      Pointer: 0x14d277fc1010
      Container manages memory: true
      Size: 9830400
      Capacity: 9830400

     Weighting = 1
     Sampling strategy = regular
     Number of bins = 32
     Radius = 4
     Sampling percentage  = 0.25
   Transform = Rigid
     Gradient step = 0.1
     Update field sigma (voxel space) = 0
     Total field sigma (voxel space) = 0
     Update field time sigma = 0
     Total field time sigma  = 0
     Number of time indices = 0
     Number of time point samples = 0
Registration using 1 total stages.

Stage 0
  iterations = 0
  convergence threshold = 1e-06
  convergence window size = 10
  number of levels = 1
  using the Mattes MI metric (number of bins = 32, weight = 1, use gradient filter = 0)
  preprocessing:  winsorizing the image intensities
  Shrink factors (level 1 out of 1): [1, 1, 1]
  smoothing sigmas per level: [0]
  regular sampling (percentage = 0.25)

*** Running Euler3DTransform registration ***

  Elapsed time (stage 0): 1.11065


Total elapsed time: 1.11398
Info [verificarlo]: loaded backend libinterflop_ieee.so
Info [interflop-ieee]: load backend with:
Info [interflop-ieee]: debug = false
Info [interflop-ieee]: debug-binary = false
Info [interflop-ieee]: no-backend-name = false
Info [interflop-ieee]: print-new-line = false
Info [interflop-ieee]: print-subnormal-normalized = false
Info [interflop-ieee]: count-op = false
All_Command_lines_OK
Using double precision for computations.
=============================================================================
The composite transform comprises the following transforms (in order): 
  1. /home/mdugre/scratch/mri-registration-rp/datasets/ds004513/derivatives/mri-registration-rp/0001/antsRegistration-r8-p7/sub-s017/align_Composite.h5[0] (type = Euler3DTransform)
  2. /home/mdugre/scratch/mri-registration-rp/datasets/ds004513/derivatives/mri-registration-rp/0001/antsRegistration-r8-p7/sub-s017/align_Composite.h5[1] (type = Euler3DTransform)
=============================================================================
  number of levels = 4
  fixed image: /templateflow/tpl-MNI152NLin2009cAsym/tpl-MNI152NLin2009cAsym_res-01_desc-brain_T1w.nii.gz
  moving image: /home/mdugre/scratch/mri-registration-rp/datasets/ds004513/derivatives/mri-registration-rp/antsBrainExtraction/sub-s017/BrainExtractionBrain.nii.gz
Dimension = 3
Number of stages = 1
Use histogram matching = false
Winsorize image intensities = true
  Lower quantile = 0.005
  Upper quantile = 0.995


Stage 1 State
   Image metric = MattesMI
     Fixed image = Image (0x334d530)
  RTTI typeinfo:   itk::Image<double, 3u>
  Reference Count: 2
  Modified Time: 1580
  Debug: Off
  Object Name: 
  Observers: 
    none
  Source: (none)
  Source output name: (none)
  Release Data: Off
  Data Released: False
  Global Release Data: Off
  PipelineMTime: 0
  UpdateMTime: 1189
  RealTimeStamp: 0 seconds 
  LargestPossibleRegion: 
    Dimension: 3
    Index: [0, 0, 0]
    Size: [193, 229, 193]
  BufferedRegion: 
    Dimension: 3
    Index: [0, 0, 0]
    Size: [193, 229, 193]
  RequestedRegion: 
    Dimension: 3
    Index: [0, 0, 0]
    Size: [193, 229, 193]
  Spacing: [1, 1, 1]
  Origin: [96, 132, -78]
  Direction: 
-1 0 0
0 -1 0
0 0 1

  IndexToPointMatrix: 
-1 0 0
0 -1 0
0 0 1

  PointToIndexMatrix: 
-1 0 0
0 -1 0
0 0 1

  Inverse Direction: 
-1 0 0
0 -1 0
0 0 1

  PixelContainer: 
    ImportImageContainer (0x340bd60)
      RTTI typeinfo:   itk::ImportImageContainer<unsigned long, double>
      Reference Count: 1
      Modified Time: 1186
      Debug: Off
      Object Name: 
      Observers: 
        none
      Pointer: 0x151b70e6f010
      Container manages memory: true
      Size: 8530021
      Capacity: 8530021

     Moving image = Image (0x33fdf60)
  RTTI typeinfo:   itk::Image<double, 3u>
  Reference Count: 2
  Modified Time: 1581
  Debug: Off
  Object Name: 
  Observers: 
    none
  Source: (none)
  Source output name: (none)
  Release Data: Off
  Data Released: False
  Global Release Data: Off
  PipelineMTime: 0
  UpdateMTime: 1578
  RealTimeStamp: 0 seconds 
  LargestPossibleRegion: 
    Dimension: 3
    Index: [0, 0, 0]
    Size: [160, 240, 256]
  BufferedRegion: 
    Dimension: 3
    Index: [0, 0, 0]
    Size: [160, 240, 256]
  RequestedRegion: 
    Dimension: 3
    Index: [0, 0, 0]
    Size: [160, 240, 256]
  Spacing: [1, 1, 1]
  Origin: [91.3357, 102.231, -120.042]
  Direction: 
-0.997442 -5.36781e-05 -0.0714818
5.35416e-05 -1 3.82465e-06
-0.0714818 -1.23894e-08 0.997442

  IndexToPointMatrix: 
-0.997444 -5.36781e-05 -0.0714818
5.35418e-05 -1 3.82465e-06
-0.0714819 -1.23894e-08 0.997442

  PointToIndexMatrix: 
-0.99744 5.35415e-05 -0.0714816
-5.36781e-05 -1 -1.23894e-08
-0.0714818 3.82465e-06 0.997442

  Inverse Direction: 
-0.997442 5.35416e-05 -0.0714818
-5.36781e-05 -1 -1.23894e-08
-0.0714818 3.82465e-06 0.997442

  PixelContainer: 
    ImportImageContainer (0x33ef6d0)
      RTTI typeinfo:   itk::ImportImageContainer<unsigned long, double>
      Reference Count: 1
      Modified Time: 1575
      Debug: Off
      Object Name: 
      Observers: 
        none
      Pointer: 0x151b6c36e010
      Container manages memory: true
      Size: 9830400
      Capacity: 9830400

     Weighting = 1
     Sampling strategy = regular
     Number of bins = 32
     Radius = 4
     Sampling percentage  = 0.25
   Transform = Rigid
     Gradient step = 0.1
     Update field sigma (voxel space) = 0
     Total field sigma (voxel space) = 0
     Update field time sigma = 0
     Total field time sigma  = 0
     Number of time indices = 0
     Number of time point samples = 0
Registration using 1 total stages.

Stage 0
  iterations = 1000x500x250x100
  convergence threshold = 1e-06
  convergence window size = 10
  number of levels = 4
  using the Mattes MI metric (number of bins = 32, weight = 1, use gradient filter = 0)
  preprocessing:  winsorizing the image intensities
  Shrink factors (level 1 out of 4): [8, 8, 8]
  Shrink factors (level 2 out of 4): [4, 4, 4]
  Shrink factors (level 3 out of 4): [2, 2, 2]
  Shrink factors (level 4 out of 4): [1, 1, 1]
  smoothing sigmas per level: [3, 2, 1, 0]
  regular sampling (percentage = 0.25)

*** Running Euler3DTransform registration ***

DIAGNOSTIC,Iteration,metricValue,convergenceValue,ITERATION_TIME_INDEX,SINCE_LAST
 2DIAGNOSTIC,     1, -5.567767283252e-01, 1.797693134862e+308, 7.3399e-01, 7.3398e-01, 
 2DIAGNOSTIC,     2, -5.584239703569e-01, 1.797693134862e+308, 7.3844e-01, 4.4580e-03, 
 2DIAGNOSTIC,     3, -5.612715515272e-01, 1.797693134862e+308, 7.4255e-01, 4.1111e-03, 
 2DIAGNOSTIC,     4, -5.637780194106e-01, 1.797693134862e+308, 7.4654e-01, 3.9880e-03, 
 2DIAGNOSTIC,     5, -5.658229214212e-01, 1.797693134862e+308, 7.5061e-01, 4.0629e-03, 
 2DIAGNOSTIC,     6, -5.696445468689e-01, 1.797693134862e+308, 7.5463e-01, 4.0278e-03, 
 2DIAGNOSTIC,     7, -5.734118275242e-01, 1.797693134862e+308, 7.5861e-01, 3.9809e-03, 
 2DIAGNOSTIC,     8, -5.754533484979e-01, 1.797693134862e+308, 7.6401e-01, 5.3971e-03, 
 2DIAGNOSTIC,     9, -5.763021950250e-01, 1.797693134862e+308, 7.6789e-01, 3.8772e-03, 
 2DIAGNOSTIC,    10, -5.771142770255e-01, 2.558085388189e-03, 7.7301e-01, 5.1229e-03, 
 2DIAGNOSTIC,    11, -5.785125587612e-01, 2.176117873031e-03, 7.7714e-01, 4.1311e-03, 
 2DIAGNOSTIC,    12, -5.799413348090e-01, 1.786767970983e-03, 7.8177e-01, 4.6260e-03, 
 2DIAGNOSTIC,    13, -5.809477908980e-01, 1.443124036835e-03, 7.8635e-01, 4.5850e-03, 
 2DIAGNOSTIC,    14, -5.814655964876e-01, 1.127354078216e-03, 7.9039e-01, 4.0331e-03, 
 2DIAGNOSTIC,    15, -5.819093877219e-01, 8.331089413526e-04, 7.9493e-01, 4.5471e-03, 
 2DIAGNOSTIC,    16, -5.822326442998e-01, 6.258215683233e-04, 7.9940e-01, 4.4661e-03, 
 2DIAGNOSTIC,    17, -5.825793599843e-01, 5.040365830239e-04, 8.0355e-01, 4.1499e-03, 
 2DIAGNOSTIC,    18, -5.863713925916e-01, 5.095725576645e-04, 8.0771e-01, 4.1609e-03, 
 2DIAGNOSTIC,    19, -5.901617810167e-01, 5.855607354904e-04, 8.1485e-01, 7.1349e-03, 
 2DIAGNOSTIC,    20, -5.906016223816e-01, 6.286272500302e-04, 8.1980e-01, 4.9529e-03, 
 2DIAGNOSTIC,    21, -5.907365705866e-01, 6.467002963826e-04, 8.2422e-01, 4.4241e-03, 
 2DIAGNOSTIC,    22, -5.906256574994e-01, 6.330265936367e-04, 8.2866e-01, 4.4410e-03, 
 2DIAGNOSTIC,    23, -5.906307681710e-01, 5.816453055164e-04, 8.3266e-01, 4.0009e-03, 
 2DIAGNOSTIC,    24, -5.905636622010e-01, 4.878472529207e-04, 8.3699e-01, 4.3302e-03, 
 2DIAGNOSTIC,    25, -5.906024985370e-01, 3.662279783946e-04, 8.4165e-01, 4.6520e-03, 
 2DIAGNOSTIC,    26, -5.906025304324e-01, 2.276984665062e-04, 8.4575e-01, 4.1020e-03, 
 2DIAGNOSTIC,    27, -5.906211320574e-01, 8.394584288694e-05, 8.4987e-01, 4.1211e-03, 
 2DIAGNOSTIC,    28, -5.908796758313e-01, 1.198925031169e-05, 8.5405e-01, 4.1840e-03, 
 2DIAGNOSTIC,    29, -5.911411552395e-01, 1.217108543246e-05, 8.5884e-01, 4.7882e-03, 
 2DIAGNOSTIC,    30, -5.915241330961e-01, 2.456301684421e-05, 8.6512e-01, 6.2790e-03, 
 2DIAGNOSTIC,    31, -5.916229825993e-01, 3.758205306279e-05, 8.6914e-01, 4.0159e-03, 
 2DIAGNOSTIC,    32, -5.916651208817e-01, 4.532975449253e-05, 8.7334e-01, 4.2000e-03, 
 2DIAGNOSTIC,    33, -5.916874987632e-01, 4.885284294767e-05, 8.7754e-01, 4.2059e-03, 
 2DIAGNOSTIC,    34, -5.917053822200e-01, 4.682712858898e-05, 8.8239e-01, 4.8420e-03, 
 2DIAGNOSTIC,    35, -5.917390904868e-01, 4.153275817464e-05, 8.9330e-01, 1.0916e-02, 
 2DIAGNOSTIC,    36, -5.917390912695e-01, 3.272086429487e-05, 8.9746e-01, 4.1561e-03, 
 2DIAGNOSTIC,    37, -5.917391070342e-01, 2.163060314868e-05, 9.0167e-01, 4.2160e-03, 
 2DIAGNOSTIC,    38, -5.917391330930e-01, 1.245673595333e-05, 9.0573e-01, 4.0560e-03, 
 2DIAGNOSTIC,    39, -5.917391754735e-01, 5.801896389393e-06, 9.0991e-01, 4.1831e-03, 
 2DIAGNOSTIC,    40, -5.917392424311e-01, 3.643428650935e-06, 9.1446e-01, 4.5490e-03, 
 2DIAGNOSTIC,    41, -5.917393428829e-01, 2.487109298250e-06, 9.1874e-01, 4.2770e-03, 
 2DIAGNOSTIC,    42, -5.917394845334e-01, 1.715730317250e-06, 9.2279e-01, 4.0541e-03, 
 2DIAGNOSTIC,    43, -5.917396625587e-01, 1.144189314663e-06, 9.2682e-01, 4.0300e-03, 
DIAGNOSTIC,Iteration,metricValue,convergenceValue,ITERATION_TIME_INDEX,SINCE_LAST
 2DIAGNOSTIC,     1, -4.784004501420e-01, 1.797693134862e+308, 1.6586e+00, 7.3180e-01, 
 2DIAGNOSTIC,     2, -4.783999131489e-01, 1.797693134862e+308, 1.6878e+00, 2.9168e-02, 
 2DIAGNOSTIC,     3, -4.784190365426e-01, 1.797693134862e+308, 1.7219e+00, 3.4097e-02, 
 2DIAGNOSTIC,     4, -4.785028756512e-01, 1.797693134862e+308, 1.7511e+00, 2.9236e-02, 
 2DIAGNOSTIC,     5, -4.786647485432e-01, 1.797693134862e+308, 1.7814e+00, 3.0243e-02, 
 2DIAGNOSTIC,     6, -4.788099932960e-01, 1.797693134862e+308, 1.8135e+00, 3.2120e-02, 
 2DIAGNOSTIC,     7, -4.794645847217e-01, 1.797693134862e+308, 1.8451e+00, 3.1626e-02, 
 2DIAGNOSTIC,     8, -4.813619171749e-01, 1.797693134862e+308, 1.8853e+00, 4.0228e-02, 
 2DIAGNOSTIC,     9, -4.817935635327e-01, 1.797693134862e+308, 1.9185e+00, 3.3146e-02, 
 2DIAGNOSTIC,    10, -4.822647496900e-01, 5.583367504851e-04, 1.9478e+00, 2.9270e-02, 
 2DIAGNOSTIC,    11, -4.831344909908e-01, 6.366384574944e-04, 1.9811e+00, 3.3334e-02, 
 2DIAGNOSTIC,    12, -4.835768992572e-01, 6.653898034769e-04, 2.0284e+00, 4.7272e-02, 
 2DIAGNOSTIC,    13, -4.835677565322e-01, 6.290342968914e-04, 2.0616e+00, 3.3261e-02, 
 2DIAGNOSTIC,    14, -4.835733047839e-01, 5.452729207747e-04, 2.0983e+00, 3.6678e-02, 
 2DIAGNOSTIC,    15, -4.835701547249e-01, 4.305772095847e-04, 2.1284e+00, 3.0122e-02, 
 2DIAGNOSTIC,    16, -4.835566913004e-01, 2.956272803965e-04, 2.1548e+00, 2.6337e-02, 
 2DIAGNOSTIC,    17, -4.835523104086e-01, 1.703980275080e-04, 2.1848e+00, 3.0040e-02, 
 2DIAGNOSTIC,    18, -4.835483887832e-01, 1.058854945889e-04, 2.2119e+00, 2.7128e-02, 
 2DIAGNOSTIC,    19, -4.835469915472e-01, 5.203914176028e-05, 2.2412e+00, 2.9232e-02, 
 2DIAGNOSTIC,    20, -4.835401827381e-01, 1.204163309151e-05, 2.2732e+00, 3.2005e-02, 
DIAGNOSTIC,Iteration,metricValue,convergenceValue,ITERATION_TIME_INDEX,SINCE_LAST
 2DIAGNOSTIC,     1, -4.161561167873e-01, 1.797693134862e+308, 3.4103e+00, 1.1372e+00, 
 2DIAGNOSTIC,     2, -4.161756893438e-01, 1.797693134862e+308, 3.7096e+00, 2.9928e-01, 
 2DIAGNOSTIC,     3, -4.161696114508e-01, 1.797693134862e+308, 4.0260e+00, 3.1637e-01, 
 2DIAGNOSTIC,     4, -4.161681503551e-01, 1.797693134862e+308, 4.4702e+00, 4.4420e-01, 
 2DIAGNOSTIC,     5, -4.161678896601e-01, 1.797693134862e+308, 4.7644e+00, 2.9423e-01, 
 2DIAGNOSTIC,     6, -4.161669123583e-01, 1.797693134862e+308, 5.0495e+00, 2.8506e-01, 
 2DIAGNOSTIC,     7, -4.161667485641e-01, 1.797693134862e+308, 5.3593e+00, 3.0984e-01, 
 2DIAGNOSTIC,     8, -4.161656816014e-01, 1.797693134862e+308, 5.6170e+00, 2.5766e-01, 
 2DIAGNOSTIC,     9, -4.161650043536e-01, 1.797693134862e+308, 5.9054e+00, 2.8847e-01, 
 2DIAGNOSTIC,    10, -4.161655463812e-01, 2.943366590000e-06, 6.2366e+00, 3.3115e-01, 
 2DIAGNOSTIC,    11, -4.161636420993e-01, 1.720591490784e-06, 6.5206e+00, 2.8402e-01, 
 2DIAGNOSTIC,    12, -4.161624970808e-01, 1.867462473951e-06, 6.8002e+00, 2.7958e-01, 
 2DIAGNOSTIC,    13, -4.161615819743e-01, 1.698398062078e-06, 7.0616e+00, 2.6143e-01, 
 2DIAGNOSTIC,    14, -4.161624603293e-01, 1.592444846849e-06, 7.3530e+00, 2.9139e-01, 
 2DIAGNOSTIC,    15, -4.161620529812e-01, 1.530180434320e-06, 7.6296e+00, 2.7655e-01, 
 2DIAGNOSTIC,    16, -4.161603835105e-01, 1.417836915152e-06, 7.8832e+00, 2.5367e-01, 
 2DIAGNOSTIC,    17, -4.161625251480e-01, 1.455414114268e-06, 8.1718e+00, 2.8858e-01, 
 2DIAGNOSTIC,    18, -4.161617349624e-01, 1.453854857808e-06, 8.4309e+00, 2.5906e-01, 
 2DIAGNOSTIC,    19, -4.161656140593e-01, 1.594928498945e-06, 8.7345e+00, 3.0359e-01, 
 2DIAGNOSTIC,    20, -4.161678254529e-01, 1.821576321524e-06, 9.1241e+00, 3.8963e-01, 
 2DIAGNOSTIC,    21, -4.161672172258e-01, 1.924327020529e-06, 9.3962e+00, 2.7213e-01, 
 2DIAGNOSTIC,    22, -4.161665846122e-01, 1.927748308081e-06, 9.6371e+00, 2.4090e-01, 
 2DIAGNOSTIC,    23, -4.161660793964e-01, 1.843028033181e-06, 9.9128e+00, 2.7569e-01, 
 2DIAGNOSTIC,    24, -4.161655365531e-01, 1.730448865360e-06, 1.0150e+01, 2.3706e-01, 
 2DIAGNOSTIC,    25, -4.161651834945e-01, 1.568353731607e-06, 1.0440e+01, 2.8978e-01, 
 2DIAGNOSTIC,    26, -4.161660037664e-01, 1.368374529603e-06, 1.0735e+01, 2.9498e-01, 
 2DIAGNOSTIC,    27, -4.161651045495e-01, 1.203105052611e-06, 1.0991e+01, 2.5660e-01, 
 2DIAGNOSTIC,    28, -4.161679884896e-01, 1.097088643653e-06, 1.1265e+01, 2.7398e-01, 
 2DIAGNOSTIC,    29, -4.161710849647e-01, 1.162831222076e-06, 1.1562e+01, 2.9707e-01, 
 2DIAGNOSTIC,    30, -4.161703640304e-01, 1.250475696719e-06, 1.1822e+01, 2.6014e-01, 
 2DIAGNOSTIC,    31, -4.161708142909e-01, 1.313167812919e-06, 1.2070e+01, 2.4708e-01, 
 2DIAGNOSTIC,    32, -4.161710089263e-01, 1.336085269629e-06, 1.2368e+01, 2.9885e-01, 
 2DIAGNOSTIC,    33, -4.161749613447e-01, 1.395595232115e-06, 1.2683e+01, 3.1485e-01, 
 2DIAGNOSTIC,    34, -4.161777487503e-01, 1.452526296380e-06, 1.2929e+01, 2.4611e-01, 
 2DIAGNOSTIC,    35, -4.161792220174e-01, 1.478601711714e-06, 1.3192e+01, 2.6287e-01, 
 2DIAGNOSTIC,    36, -4.161806859644e-01, 1.495439416577e-06, 1.3493e+01, 3.0048e-01, 
 2DIAGNOSTIC,    37, -4.161791778421e-01, 1.407680668006e-06, 1.3747e+01, 2.5465e-01, 
 2DIAGNOSTIC,    38, -4.161838486862e-01, 1.406626874319e-06, 1.4030e+01, 2.8272e-01, 
 2DIAGNOSTIC,    39, -4.161849953095e-01, 1.422742178903e-06, 1.4313e+01, 2.8317e-01, 
 2DIAGNOSTIC,    40, -4.161860914886e-01, 1.386764638889e-06, 1.4662e+01, 3.4884e-01, 
 2DIAGNOSTIC,    41, -4.161854987572e-01, 1.295749581694e-06, 1.4921e+01, 2.5862e-01, 
 2DIAGNOSTIC,    42, -4.161840259984e-01, 1.138573345740e-06, 1.5140e+01, 2.1961e-01, 
 2DIAGNOSTIC,    43, -4.161834049856e-01, 1.004201836456e-06, 1.5438e+01, 2.9769e-01, 
DIAGNOSTIC,Iteration,metricValue,convergenceValue,ITERATION_TIME_INDEX,SINCE_LAST
 2DIAGNOSTIC,     1, -3.834265912326e-01, 1.797693134862e+308, 1.8071e+01, 2.6329e+00, 
 2DIAGNOSTIC,     2, -3.834925053350e-01, 1.797693134862e+308, 1.9877e+01, 1.8063e+00, 
 2DIAGNOSTIC,     3, -3.834978116468e-01, 1.797693134862e+308, 2.1573e+01, 1.6959e+00, 
 2DIAGNOSTIC,     4, -3.835004127720e-01, 1.797693134862e+308, 2.3273e+01, 1.6999e+00, 
 2DIAGNOSTIC,     5, -3.835019582507e-01, 1.797693134862e+308, 2.5170e+01, 1.8973e+00, 
 2DIAGNOSTIC,     6, -3.835049957411e-01, 1.797693134862e+308, 2.7163e+01, 1.9928e+00, 
 2DIAGNOSTIC,     7, -3.835058343716e-01, 1.797693134862e+308, 2.9192e+01, 2.0294e+00, 
 2DIAGNOSTIC,     8, -3.835066498249e-01, 1.797693134862e+308, 3.1301e+01, 2.1086e+00, 
 2DIAGNOSTIC,     9, -3.835062955317e-01, 1.797693134862e+308, 3.3036e+01, 1.7354e+00, 
 2DIAGNOSTIC,    10, -3.835063108992e-01, 1.066660757321e-05, 3.4864e+01, 1.8272e+00, 
 2DIAGNOSTIC,    11, -3.835061571786e-01, 4.747040775174e-06, 3.7378e+01, 2.5144e+00, 
 2DIAGNOSTIC,    12, -3.835060832644e-01, 3.706200715561e-06, 3.8933e+01, 1.5552e+00, 
 2DIAGNOSTIC,    13, -3.835060190716e-01, 3.027826140048e-06, 4.0658e+01, 1.7243e+00, 
 2DIAGNOSTIC,    14, -3.835058638473e-01, 2.523467077881e-06, 4.2489e+01, 1.8316e+00, 
 2DIAGNOSTIC,    15, -3.835058006959e-01, 2.133709284535e-06, 4.4356e+01, 1.8671e+00, 
 2DIAGNOSTIC,    16, -3.835056463966e-01, 1.924177728860e-06, 4.6511e+01, 2.1549e+00, 
 2DIAGNOSTIC,    17, -3.835054775124e-01, 1.773328560543e-06, 4.8139e+01, 1.6283e+00, 
 2DIAGNOSTIC,    18, -3.835053086117e-01, 1.675385378451e-06, 4.9730e+01, 1.5902e+00, 
 2DIAGNOSTIC,    19, -3.835051448139e-01, 1.576051818386e-06, 5.1144e+01, 1.4148e+00, 
 2DIAGNOSTIC,    20, -3.835051658761e-01, 1.497295074940e-06, 5.2639e+01, 1.4942e+00, 
 2DIAGNOSTIC,    21, -3.835053779570e-01, 1.436675313923e-06, 5.4360e+01, 1.7219e+00, 
 2DIAGNOSTIC,    22, -3.835055901409e-01, 1.393331721104e-06, 5.5939e+01, 1.5784e+00, 
 2DIAGNOSTIC,    23, -3.835055251001e-01, 1.354581542330e-06, 5.7496e+01, 1.5574e+00, 
 2DIAGNOSTIC,    24, -3.835054518280e-01, 1.314933130589e-06, 5.8981e+01, 1.4846e+00, 
 2DIAGNOSTIC,    25, -3.835053813420e-01, 1.275595341139e-06, 6.0741e+01, 1.7603e+00, 
 2DIAGNOSTIC,    26, -3.835053141614e-01, 1.232550095383e-06, 6.2227e+01, 1.4859e+00, 
 2DIAGNOSTIC,    27, -3.835053494673e-01, 1.188143193963e-06, 6.3678e+01, 1.4509e+00, 
 2DIAGNOSTIC,    28, -3.835054089351e-01, 1.143229100102e-06, 6.5246e+01, 1.5684e+00, 
 2DIAGNOSTIC,    29, -3.835055814676e-01, 1.101082730312e-06, 6.6623e+01, 1.3768e+00, 
 2DIAGNOSTIC,    30, -3.835053714639e-01, 1.056523028627e-06, 6.8720e+01, 2.0964e+00, 
 2DIAGNOSTIC,    31, -3.835053052286e-01, 1.018740041665e-06, 7.0434e+01, 1.7146e+00, 
  Elapsed time (stage 0): 7.1365e+01


Total elapsed time: 7.1367e+01
Info [verificarlo]: loaded backend libinterflop_ieee.so
Info [interflop-ieee]: load backend with:
Info [interflop-ieee]: debug = false
Info [interflop-ieee]: debug-binary = false
Info [interflop-ieee]: no-backend-name = false
Info [interflop-ieee]: print-new-line = false
Info [interflop-ieee]: print-subnormal-normalized = false
Info [interflop-ieee]: count-op = false
All_Command_lines_OK
Using double precision for computations.
=============================================================================
The composite transform comprises the following transforms (in order): 
  1. /home/mdugre/scratch/mri-registration-rp/datasets/ds004513/derivatives/mri-registration-rp/0001/antsRegistration-r8-p7/sub-s017/rigid_Composite.h5[0] (type = Euler3DTransform)
  2. /home/mdugre/scratch/mri-registration-rp/datasets/ds004513/derivatives/mri-registration-rp/0001/antsRegistration-r8-p7/sub-s017/rigid_Composite.h5[1] (type = Euler3DTransform)
  3. /home/mdugre/scratch/mri-registration-rp/datasets/ds004513/derivatives/mri-registration-rp/0001/antsRegistration-r8-p7/sub-s017/rigid_Composite.h5[2] (type = Euler3DTransform)
=============================================================================
  number of levels = 4
  fixed image: /templateflow/tpl-MNI152NLin2009cAsym/tpl-MNI152NLin2009cAsym_res-01_desc-brain_T1w.nii.gz
  moving image: /home/mdugre/scratch/mri-registration-rp/datasets/ds004513/derivatives/mri-registration-rp/antsBrainExtraction/sub-s017/BrainExtractionBrain.nii.gz
Dimension = 3
Number of stages = 1
Use histogram matching = false
Winsorize image intensities = true
  Lower quantile = 0.005
  Upper quantile = 0.995


Stage 1 State
   Image metric = MattesMI
     Fixed image = Image (0x3a26530)
  RTTI typeinfo:   itk::Image<double, 3u>
  Reference Count: 2
  Modified Time: 1594
  Debug: Off
  Object Name: 
  Observers: 
    none
  Source: (none)
  Source output name: (none)
  Release Data: Off
  Data Released: False
  Global Release Data: Off
  PipelineMTime: 0
  UpdateMTime: 1203
  RealTimeStamp: 0 seconds 
  LargestPossibleRegion: 
    Dimension: 3
    Index: [0, 0, 0]
    Size: [193, 229, 193]
  BufferedRegion: 
    Dimension: 3
    Index: [0, 0, 0]
    Size: [193, 229, 193]
  RequestedRegion: 
    Dimension: 3
    Index: [0, 0, 0]
    Size: [193, 229, 193]
  Spacing: [1, 1, 1]
  Origin: [96, 132, -78]
  Direction: 
-1 0 0
0 -1 0
0 0 1

  IndexToPointMatrix: 
-1 0 0
0 -1 0
0 0 1

  PointToIndexMatrix: 
-1 0 0
0 -1 0
0 0 1

  Inverse Direction: 
-1 0 0
0 -1 0
0 0 1

  PixelContainer: 
    ImportImageContainer (0x3adf2a0)
      RTTI typeinfo:   itk::ImportImageContainer<unsigned long, double>
      Reference Count: 1
      Modified Time: 1200
      Debug: Off
      Object Name: 
      Observers: 
        none
      Pointer: 0x146ad8d64010
      Container manages memory: true
      Size: 8530021
      Capacity: 8530021

     Moving image = Image (0x3ae1e60)
  RTTI typeinfo:   itk::Image<double, 3u>
  Reference Count: 2
  Modified Time: 1595
  Debug: Off
  Object Name: 
  Observers: 
    none
  Source: (none)
  Source output name: (none)
  Release Data: Off
  Data Released: False
  Global Release Data: Off
  PipelineMTime: 0
  UpdateMTime: 1592
  RealTimeStamp: 0 seconds 
  LargestPossibleRegion: 
    Dimension: 3
    Index: [0, 0, 0]
    Size: [160, 240, 256]
  BufferedRegion: 
    Dimension: 3
    Index: [0, 0, 0]
    Size: [160, 240, 256]
  RequestedRegion: 
    Dimension: 3
    Index: [0, 0, 0]
    Size: [160, 240, 256]
  Spacing: [1, 1, 1]
  Origin: [91.3357, 102.231, -120.042]
  Direction: 
-0.997442 -5.36781e-05 -0.0714818
5.35416e-05 -1 3.82465e-06
-0.0714818 -1.23894e-08 0.997442

  IndexToPointMatrix: 
-0.997444 -5.36781e-05 -0.0714818
5.35418e-05 -1 3.82465e-06
-0.0714819 -1.23894e-08 0.997442

  PointToIndexMatrix: 
-0.99744 5.35415e-05 -0.0714816
-5.36781e-05 -1 -1.23894e-08
-0.0714818 3.82465e-06 0.997442

  Inverse Direction: 
-0.997442 5.35416e-05 -0.0714818
-5.36781e-05 -1 -1.23894e-08
-0.0714818 3.82465e-06 0.997442

  PixelContainer: 
    ImportImageContainer (0x3b15390)
      RTTI typeinfo:   itk::ImportImageContainer<unsigned long, double>
      Reference Count: 1
      Modified Time: 1589
      Debug: Off
      Object Name: 
      Observers: 
        none
      Pointer: 0x146ad4263010
      Container manages memory: true
      Size: 9830400
      Capacity: 9830400

     Weighting = 1
     Sampling strategy = regular
     Number of bins = 32
     Radius = 4
     Sampling percentage  = 0.25
   Transform = Affine
     Gradient step = 0.1
     Update field sigma (voxel space) = 0
     Total field sigma (voxel space) = 0
     Update field time sigma = 0
     Total field time sigma  = 0
     Number of time indices = 0
     Number of time point samples = 0
Registration using 1 total stages.

Stage 0
  iterations = 1000x500x250x100
  convergence threshold = 1e-06
  convergence window size = 10
  number of levels = 4
  using the Mattes MI metric (number of bins = 32, weight = 1, use gradient filter = 0)
  preprocessing:  winsorizing the image intensities
  Shrink factors (level 1 out of 4): [8, 8, 8]
  Shrink factors (level 2 out of 4): [4, 4, 4]
  Shrink factors (level 3 out of 4): [2, 2, 2]
  Shrink factors (level 4 out of 4): [1, 1, 1]
  smoothing sigmas per level: [3, 2, 1, 0]
  regular sampling (percentage = 0.25)

*** Running AffineTransform registration ***

DIAGNOSTIC,Iteration,metricValue,convergenceValue,ITERATION_TIME_INDEX,SINCE_LAST
 2DIAGNOSTIC,     1, -5.806290998452e-01, 1.797693134862e+308, 7.5082e-01, 7.5082e-01, 
 2DIAGNOSTIC,     2, -5.832407507948e-01, 1.797693134862e+308, 7.5575e-01, 4.9291e-03, 
 2DIAGNOSTIC,     3, -5.883921006081e-01, 1.797693134862e+308, 7.6084e-01, 5.0871e-03, 
 2DIAGNOSTIC,     4, -5.973582020656e-01, 1.797693134862e+308, 7.6564e-01, 4.8020e-03, 
 2DIAGNOSTIC,     5, -6.166279652109e-01, 1.797693134862e+308, 7.7004e-01, 4.3981e-03, 
 2DIAGNOSTIC,     6, -6.406440245719e-01, 1.797693134862e+308, 7.7447e-01, 4.4329e-03, 
 2DIAGNOSTIC,     7, -7.009864259788e-01, 1.797693134862e+308, 7.7901e-01, 4.5331e-03, 
 2DIAGNOSTIC,     8, -7.630482519570e-01, 1.797693134862e+308, 7.8374e-01, 4.7300e-03, 
 2DIAGNOSTIC,     9, -8.423469020166e-01, 1.797693134862e+308, 7.9100e-01, 7.2641e-03, 
 2DIAGNOSTIC,    10, -8.569694553937e-01, 2.845116132872e-02, 7.9619e-01, 5.1870e-03, 
 2DIAGNOSTIC,    11, -8.701917124681e-01, 2.871708897150e-02, 8.0188e-01, 5.6891e-03, 
 2DIAGNOSTIC,    12, -8.814645612981e-01, 2.683607373992e-02, 8.1044e-01, 8.5671e-03, 
 2DIAGNOSTIC,    13, -8.822368115594e-01, 2.307206282733e-02, 8.1558e-01, 5.1379e-03, 
 2DIAGNOSTIC,    14, -8.834458718884e-01, 1.815384138721e-02, 8.2053e-01, 4.9450e-03, 
 2DIAGNOSTIC,    15, -8.851322801883e-01, 1.292532924060e-02, 8.2563e-01, 5.1012e-03, 
 2DIAGNOSTIC,    16, -8.870480809506e-01, 7.902435049171e-03, 8.3064e-01, 5.0139e-03, 
 2DIAGNOSTIC,    17, -8.886777819735e-01, 4.189413164451e-03, 8.3673e-01, 6.0921e-03, 
 2DIAGNOSTIC,    18, -8.889448810320e-01, 1.810422427830e-03, 8.4273e-01, 5.9969e-03, 
 2DIAGNOSTIC,    19, -8.890594323159e-01, 1.083853127941e-03, 8.4824e-01, 5.5110e-03, 
 2DIAGNOSTIC,    20, -8.887882561513e-01, 5.969783257818e-04, 8.5371e-01, 5.4641e-03, 
 2DIAGNOSTIC,    21, -8.886098615493e-01, 3.264824938719e-04, 8.6066e-01, 6.9489e-03, 
 2DIAGNOSTIC,    22, -8.885249832299e-01, 2.361096541346e-04, 8.6648e-01, 5.8210e-03, 
 2DIAGNOSTIC,    23, -8.882875302619e-01, 1.410432913828e-04, 8.7202e-01, 5.5399e-03, 
 2DIAGNOSTIC,    24, -8.882052344978e-01, 5.851496519476e-05, 8.7687e-01, 4.8549e-03, 
DIAGNOSTIC,Iteration,metricValue,convergenceValue,ITERATION_TIME_INDEX,SINCE_LAST
 2DIAGNOSTIC,     1, -7.469015879398e-01, 1.797693134862e+308, 1.6664e+00, 7.8950e-01, 
 2DIAGNOSTIC,     2, -7.476337610206e-01, 1.797693134862e+308, 1.7070e+00, 4.0583e-02, 
 2DIAGNOSTIC,     3, -7.481984149119e-01, 1.797693134862e+308, 1.7468e+00, 3.9815e-02, 
 2DIAGNOSTIC,     4, -7.485348956812e-01, 1.797693134862e+308, 1.7870e+00, 4.0259e-02, 
 2DIAGNOSTIC,     5, -7.488723349157e-01, 1.797693134862e+308, 1.8261e+00, 3.9033e-02, 
 2DIAGNOSTIC,     6, -7.493028718033e-01, 1.797693134862e+308, 1.8720e+00, 4.5908e-02, 
 2DIAGNOSTIC,     7, -7.498240981450e-01, 1.797693134862e+308, 1.9196e+00, 4.7673e-02, 
 2DIAGNOSTIC,     8, -7.499189037710e-01, 1.797693134862e+308, 1.9598e+00, 4.0113e-02, 
 2DIAGNOSTIC,     9, -7.503981904173e-01, 1.797693134862e+308, 2.0075e+00, 4.7745e-02, 
 2DIAGNOSTIC,    10, -7.505578656627e-01, 3.049238843253e-04, 2.0495e+00, 4.1983e-02, 
 2DIAGNOSTIC,    11, -7.505341233988e-01, 2.389539919733e-04, 2.0926e+00, 4.3129e-02, 
 2DIAGNOSTIC,    12, -7.505061913902e-01, 1.848758149605e-04, 2.1339e+00, 4.1304e-02, 
 2DIAGNOSTIC,    13, -7.505141120895e-01, 1.393602389566e-04, 2.1751e+00, 4.1152e-02, 
 2DIAGNOSTIC,    14, -7.505102732753e-01, 9.677096789679e-05, 2.2194e+00, 4.4362e-02, 
 2DIAGNOSTIC,    15, -7.505029862693e-01, 5.935599155504e-05, 2.2654e+00, 4.6009e-02, 
 2DIAGNOSTIC,    16, -7.504912485337e-01, 3.116310998882e-05, 2.3063e+00, 4.0815e-02, 
 2DIAGNOSTIC,    17, -7.504804688691e-01, 1.513171374688e-05, 2.3437e+00, 3.7450e-02, 
 2DIAGNOSTIC,    18, -7.504860792545e-01, 1.517273855618e-06, 2.3797e+00, 3.5983e-02, 
DIAGNOSTIC,Iteration,metricValue,convergenceValue,ITERATION_TIME_INDEX,SINCE_LAST
 2DIAGNOSTIC,     1, -6.294116115511e-01, 1.797693134862e+308, 3.4789e+00, 1.0992e+00, 
 2DIAGNOSTIC,     2, -6.299274337606e-01, 1.797693134862e+308, 3.7760e+00, 2.9711e-01, 
 2DIAGNOSTIC,     3, -6.304606937500e-01, 1.797693134862e+308, 4.0958e+00, 3.1982e-01, 
 2DIAGNOSTIC,     4, -6.311440983184e-01, 1.797693134862e+308, 4.4352e+00, 3.3942e-01, 
 2DIAGNOSTIC,     5, -6.319613521837e-01, 1.797693134862e+308, 4.7499e+00, 3.1471e-01, 
 2DIAGNOSTIC,     6, -6.326508619460e-01, 1.797693134862e+308, 5.3440e+00, 5.9402e-01, 
 2DIAGNOSTIC,     7, -6.326442431602e-01, 1.797693134862e+308, 5.8467e+00, 5.0277e-01, 
 2DIAGNOSTIC,     8, -6.326421030104e-01, 1.797693134862e+308, 6.2250e+00, 3.7828e-01, 
 2DIAGNOSTIC,     9, -6.326413590211e-01, 1.797693134862e+308, 6.6013e+00, 3.7627e-01, 
 2DIAGNOSTIC,    10, -6.326405356408e-01, 3.607193924636e-04, 7.0275e+00, 4.2621e-01, 
 2DIAGNOSTIC,    11, -6.326380580838e-01, 2.475998129868e-04, 7.4039e+00, 3.7645e-01, 
 2DIAGNOSTIC,    12, -6.326382568446e-01, 1.509095210300e-04, 7.7511e+00, 3.4721e-01, 
 2DIAGNOSTIC,    13, -6.326371996701e-01, 7.419551072031e-05, 8.1146e+00, 3.6350e-01, 
 2DIAGNOSTIC,    14, -6.326376013247e-01, 2.341664766342e-05, 8.4914e+00, 3.7680e-01, 
 2DIAGNOSTIC,    15, -6.326364676098e-01, 1.358505302959e-06, 8.8325e+00, 3.4105e-01, 
 2DIAGNOSTIC,    16, -6.326355130076e-01, 1.489402972912e-06, 9.1405e+00, 3.0799e-01, 
 2DIAGNOSTIC,    17, -6.326348603306e-01, 1.460469312597e-06, 9.5138e+00, 3.7331e-01, 
 2DIAGNOSTIC,    18, -6.326337609182e-01, 1.391313724446e-06, 9.8275e+00, 3.1371e-01, 
 2DIAGNOSTIC,    19, -6.326327161424e-01, 1.322246807517e-06, 1.0166e+01, 3.3836e-01, 
 2DIAGNOSTIC,    20, -6.326305164157e-01, 1.226844771274e-06, 1.0493e+01, 3.2665e-01, 
 2DIAGNOSTIC,    21, -6.326298185236e-01, 1.107474457640e-06, 1.0818e+01, 3.2595e-01, 
 2DIAGNOSTIC,    22, -6.326281932400e-01, 1.008190419038e-06, 1.1140e+01, 3.2122e-01, 
DIAGNOSTIC,Iteration,metricValue,convergenceValue,ITERATION_TIME_INDEX,SINCE_LAST
 2DIAGNOSTIC,     1, -5.634463071778e-01, 1.797693134862e+308, 1.4398e+01, 3.2584e+00, 
 2DIAGNOSTIC,     2, -5.639251007618e-01, 1.797693134862e+308, 1.6520e+01, 2.1221e+00, 
 2DIAGNOSTIC,     3, -5.643935835081e-01, 1.797693134862e+308, 1.8422e+01, 1.9019e+00, 
 2DIAGNOSTIC,     4, -5.653421951563e-01, 1.797693134862e+308, 2.0645e+01, 2.2230e+00, 
 2DIAGNOSTIC,     5, -5.666806461031e-01, 1.797693134862e+308, 2.4120e+01, 3.4746e+00, 
 2DIAGNOSTIC,     6, -5.666788545159e-01, 1.797693134862e+308, 2.6896e+01, 2.7765e+00, 
 2DIAGNOSTIC,     7, -5.666779862891e-01, 1.797693134862e+308, 2.9130e+01, 2.2339e+00, 
 2DIAGNOSTIC,     8, -5.666783465365e-01, 1.797693134862e+308, 3.1821e+01, 2.6905e+00, 
 2DIAGNOSTIC,     9, -5.666783814815e-01, 1.797693134862e+308, 3.4547e+01, 2.7258e+00, 
 2DIAGNOSTIC,    10, -5.666783857558e-01, 3.983028202101e-04, 3.6798e+01, 2.2519e+00, 
 2DIAGNOSTIC,    11, -5.666785034908e-01, 2.625630743053e-04, 3.9389e+01, 2.5903e+00, 
 2DIAGNOSTIC,    12, -5.666781623815e-01, 1.470548149104e-04, 4.1726e+01, 2.3377e+00, 
 2DIAGNOSTIC,    13, -5.666782311989e-01, 5.397551636080e-05, 4.4002e+01, 2.2762e+00, 
 2DIAGNOSTIC,    14, -5.666780147279e-01, 2.168070019293e-06, 4.6471e+01, 2.4686e+00, 
 2DIAGNOSTIC,    15, -5.666780474375e-01, 2.091393195375e-06, 4.8444e+01, 1.9730e+00, 
 2DIAGNOSTIC,    16, -5.666779371805e-01, 1.968373477657e-06, 5.0271e+01, 1.8273e+00, 
 2DIAGNOSTIC,    17, -5.666778538335e-01, 1.833610517574e-06, 5.2032e+01, 1.7607e+00, 
 2DIAGNOSTIC,    18, -5.666778159826e-01, 1.726566516758e-06, 5.3978e+01, 1.9463e+00, 
 2DIAGNOSTIC,    19, -5.666778550635e-01, 1.636605401034e-06, 5.6015e+01, 2.0369e+00, 
 2DIAGNOSTIC,    20, -5.666779745008e-01, 1.562169122442e-06, 5.7860e+01, 1.8451e+00, 
 2DIAGNOSTIC,    21, -5.666782793770e-01, 1.507826150993e-06, 6.0113e+01, 2.2524e+00, 
 2DIAGNOSTIC,    22, -5.666783725818e-01, 1.453333500767e-06, 6.3068e+01, 2.9549e+00, 
 2DIAGNOSTIC,    23, -5.666783057841e-01, 1.403223162687e-06, 6.5017e+01, 1.9490e+00, 
 2DIAGNOSTIC,    24, -5.666781054892e-01, 1.346851341323e-06, 6.7133e+01, 2.1165e+00, 
 2DIAGNOSTIC,    25, -5.666779051903e-01, 1.289796865797e-06, 6.9318e+01, 2.1852e+00, 
 2DIAGNOSTIC,    26, -5.666777236043e-01, 1.229923534282e-06, 7.1329e+01, 2.0111e+00, 
 2DIAGNOSTIC,    27, -5.666776773996e-01, 1.171556569805e-06, 7.3137e+01, 1.8079e+00, 
 2DIAGNOSTIC,    28, -5.666774039132e-01, 1.112520782116e-06, 7.4871e+01, 1.7340e+00, 
 2DIAGNOSTIC,    29, -5.666775490818e-01, 1.063216782629e-06, 7.6888e+01, 2.0162e+00, 
 2DIAGNOSTIC,    30, -5.666773026621e-01, 1.018120217876e-06, 7.9467e+01, 2.5798e+00, 
  Elapsed time (stage 0): 8.0742e+01


Total elapsed time: 8.0746e+01
Info [verificarlo]: loaded backend libinterflop_vprec.so
Info [interflop-vprec]: load backend with: 
Info [interflop-vprec]: precision-binary32 = 7
Info [interflop-vprec]: range-binary32 = 8
Info [interflop-vprec]: precision-binary64 = 7
Info [interflop-vprec]: range-binary64 = 8
Info [interflop-vprec]: mode = ob
Info [interflop-vprec]: error-mode = rel
Info [interflop-vprec]: max-abs-error-exponent = -1022
Info [interflop-vprec]: daz = false
Info [interflop-vprec]: ftz = false
Info [interflop-vprec]: 	instrument = none
Info [interflop-vprec]: 	prec-input-file = (null)
Info [interflop-vprec]: 	prec-output-file = (null)
Info [interflop-vprec]: 	prec-log-file = (null)
All_Command_lines_OK
Using double precision for computations.
=============================================================================
The composite transform comprises the following transforms (in order): 
  1. /home/mdugre/scratch/mri-registration-rp/datasets/ds004513/derivatives/mri-registration-rp/0001/antsRegistration-r8-p7/sub-s017/affine_Composite.h5[0] (type = Euler3DTransform)
  2. /home/mdugre/scratch/mri-registration-rp/datasets/ds004513/derivatives/mri-registration-rp/0001/antsRegistration-r8-p7/sub-s017/affine_Composite.h5[1] (type = Euler3DTransform)
  3. /home/mdugre/scratch/mri-registration-rp/datasets/ds004513/derivatives/mri-registration-rp/0001/antsRegistration-r8-p7/sub-s017/affine_Composite.h5[2] (type = Euler3DTransform)
  4. /home/mdugre/scratch/mri-registration-rp/datasets/ds004513/derivatives/mri-registration-rp/0001/antsRegistration-r8-p7/sub-s017/affine_Composite.h5[3] (type = AffineTransform)
=============================================================================
  number of levels = 4
  fixed image: /templateflow/tpl-MNI152NLin2009cAsym/tpl-MNI152NLin2009cAsym_res-01_desc-brain_T1w.nii.gz
  moving image: /home/mdugre/scratch/mri-registration-rp/datasets/ds004513/derivatives/mri-registration-rp/antsBrainExtraction/sub-s017/BrainExtractionBrain.nii.gz
Dimension = 3
Number of stages = 1
Use histogram matching = false
Winsorize image intensities = true
  Lower quantile = 0.005
  Upper quantile = 0.995


Stage 1 State
   Image metric = CC
     Fixed image = Image (0x35de6f0)
  RTTI typeinfo:   itk::Image<double, 3u>
  Reference Count: 2
  Modified Time: 1606
  Debug: Off
  Object Name: 
  Observers: 
    none
  Source: (none)
  Source output name: (none)
  Release Data: Off
