
##########################
# Experiment information #
##########################

EXPERIMENT_NAME: antsRegistration-r8-p10
VFC_BACKENDS: libinterflop_vprec.so --range-binary32=8 --precision-binary32=10 --range-binary64=8 --precision-binary64=10

SIF_IMG: /home/mdugre/projects/rrg-glatard/mdugre/containers/ants-vprec-no_metrics.simg

SUBJECT_ID: s032
INPUT_IMG: /home/mdugre/scratch/mri-registration-rp/datasets/ds004513/derivatives/mri-registration-rp/antsBrainExtraction/sub-s032/BrainExtractionBrain.nii.gz
OUTPUT_DIR: /home/mdugre/scratch/mri-registration-rp/datasets/ds004513/derivatives/mri-registration-rp/0001/antsRegistration-r8-p10/sub-s032

FIXED_IMG: /templateflow/tpl-MNI152NLin2009cAsym/tpl-MNI152NLin2009cAsym_res-01_desc-brain_T1w.nii.gz
DATA_DIR: /home/mdugre/scratch/mri-registration-rp/datasets/ds004513
TEMPLATEFLOW_DIR: /home/mdugre/projects/rrg-glatard/mdugre/templateflow
ITK_GLOBAL_DEFAULT_NUMBER_OF_THREADS: 16
##########################

Info [verificarlo]: loaded backend libinterflop_ieee.so
Info [interflop-ieee]: load backend with:
Info [interflop-ieee]: debug = false
Info [interflop-ieee]: debug-binary = false
Info [interflop-ieee]: no-backend-name = false
Info [interflop-ieee]: print-new-line = false
Info [interflop-ieee]: print-subnormal-normalized = false
Info [interflop-ieee]: count-op = false
All_Command_lines_OK
Using double precision for computations.
=============================================================================
The composite transform comprises the following transforms (in order): 
  1. Center of mass alignment using fixed image: /templateflow/tpl-MNI152NLin2009cAsym/tpl-MNI152NLin2009cAsym_res-01_desc-brain_T1w.nii.gz and moving image: /home/mdugre/scratch/mri-registration-rp/datasets/ds004513/derivatives/mri-registration-rp/antsBrainExtraction/sub-s032/BrainExtractionBrain.nii.gz (type = Euler3DTransform)
=============================================================================
  number of levels = 1
  fixed image: /templateflow/tpl-MNI152NLin2009cAsym/tpl-MNI152NLin2009cAsym_res-01_desc-brain_T1w.nii.gz
  moving image: /home/mdugre/scratch/mri-registration-rp/datasets/ds004513/derivatives/mri-registration-rp/antsBrainExtraction/sub-s032/BrainExtractionBrain.nii.gz
Dimension = 3
Number of stages = 1
Use histogram matching = false
Winsorize image intensities = true
  Lower quantile = 0.005
  Upper quantile = 0.995


Stage 1 State
   Image metric = MattesMI
     Fixed image = Image (0x3862e70)
  RTTI typeinfo:   itk::Image<double, 3u>
  Reference Count: 2
  Modified Time: 2330
  Debug: Off
  Object Name: 
  Observers: 
    none
  Source: (none)
  Source output name: (none)
  Release Data: Off
  Data Released: False
  Global Release Data: Off
  PipelineMTime: 0
  UpdateMTime: 1941
  RealTimeStamp: 0 seconds 
  LargestPossibleRegion: 
    Dimension: 3
    Index: [0, 0, 0]
    Size: [193, 229, 193]
  BufferedRegion: 
    Dimension: 3
    Index: [0, 0, 0]
    Size: [193, 229, 193]
  RequestedRegion: 
    Dimension: 3
    Index: [0, 0, 0]
    Size: [193, 229, 193]
  Spacing: [1, 1, 1]
  Origin: [96, 132, -78]
  Direction: 
-1 0 0
0 -1 0
0 0 1

  IndexToPointMatrix: 
-1 0 0
0 -1 0
0 0 1

  PointToIndexMatrix: 
-1 0 0
0 -1 0
0 0 1

  Inverse Direction: 
-1 0 0
0 -1 0
0 0 1

  PixelContainer: 
    ImportImageContainer (0x386bc60)
      RTTI typeinfo:   itk::ImportImageContainer<unsigned long, double>
      Reference Count: 1
      Modified Time: 1938
      Debug: Off
      Object Name: 
      Observers: 
        none
      Pointer: 0x14ffcf276010
      Container manages memory: true
      Size: 8530021
      Capacity: 8530021

     Moving image = Image (0x38ffec0)
  RTTI typeinfo:   itk::Image<double, 3u>
  Reference Count: 2
  Modified Time: 2331
  Debug: Off
  Object Name: 
  Observers: 
    none
  Source: (none)
  Source output name: (none)
  Release Data: Off
  Data Released: False
  Global Release Data: Off
  PipelineMTime: 0
  UpdateMTime: 2328
  RealTimeStamp: 0 seconds 
  LargestPossibleRegion: 
    Dimension: 3
    Index: [0, 0, 0]
    Size: [160, 240, 256]
  BufferedRegion: 
    Dimension: 3
    Index: [0, 0, 0]
    Size: [160, 240, 256]
  RequestedRegion: 
    Dimension: 3
    Index: [0, 0, 0]
    Size: [160, 240, 256]
  Spacing: [1, 1, 1]
  Origin: [73.279, 104.707, -131.187]
  Direction: 
-0.997527 0.0645574 -0.0278053
-0.0645323 -0.997914 -0.00179875
-0.0278634 4.01097e-08 0.999612

  IndexToPointMatrix: 
-0.997527 0.0645574 -0.0278053
-0.0645323 -0.997914 -0.00179875
-0.0278634 4.01097e-08 0.999612

  PointToIndexMatrix: 
-0.997527 -0.0645323 -0.0278634
0.0645574 -0.997914 4.01049e-08
-0.0278053 -0.00179875 0.999612

  Inverse Direction: 
-0.997527 -0.0645323 -0.0278634
0.0645574 -0.997914 4.01049e-08
-0.0278053 -0.00179875 0.999612

  PixelContainer: 
    ImportImageContainer (0x3997610)
      RTTI typeinfo:   itk::ImportImageContainer<unsigned long, double>
      Reference Count: 1
      Modified Time: 2325
      Debug: Off
      Object Name: 
      Observers: 
        none
      Pointer: 0x14ffca775010
      Container manages memory: true
      Size: 9830400
      Capacity: 9830400

     Weighting = 1
     Sampling strategy = regular
     Number of bins = 32
     Radius = 4
     Sampling percentage  = 0.25
   Transform = Rigid
     Gradient step = 0.1
     Update field sigma (voxel space) = 0
     Total field sigma (voxel space) = 0
     Update field time sigma = 0
     Total field time sigma  = 0
     Number of time indices = 0
     Number of time point samples = 0
Registration using 1 total stages.

Stage 0
  iterations = 0
  convergence threshold = 1e-06
  convergence window size = 10
  number of levels = 1
  using the Mattes MI metric (number of bins = 32, weight = 1, use gradient filter = 0)
  preprocessing:  winsorizing the image intensities
  Shrink factors (level 1 out of 1): [1, 1, 1]
  smoothing sigmas per level: [0]
  regular sampling (percentage = 0.25)

*** Running Euler3DTransform registration ***

  Elapsed time (stage 0): 1.12558


Total elapsed time: 1.12892
Info [verificarlo]: loaded backend libinterflop_ieee.so
Info [interflop-ieee]: load backend with:
Info [interflop-ieee]: debug = false
Info [interflop-ieee]: debug-binary = false
Info [interflop-ieee]: no-backend-name = false
Info [interflop-ieee]: print-new-line = false
Info [interflop-ieee]: print-subnormal-normalized = false
Info [interflop-ieee]: count-op = false
All_Command_lines_OK
Using double precision for computations.
=============================================================================
The composite transform comprises the following transforms (in order): 
  1. /home/mdugre/scratch/mri-registration-rp/datasets/ds004513/derivatives/mri-registration-rp/0001/antsRegistration-r8-p10/sub-s032/align_Composite.h5[0] (type = Euler3DTransform)
  2. /home/mdugre/scratch/mri-registration-rp/datasets/ds004513/derivatives/mri-registration-rp/0001/antsRegistration-r8-p10/sub-s032/align_Composite.h5[1] (type = Euler3DTransform)
=============================================================================
  number of levels = 4
  fixed image: /templateflow/tpl-MNI152NLin2009cAsym/tpl-MNI152NLin2009cAsym_res-01_desc-brain_T1w.nii.gz
  moving image: /home/mdugre/scratch/mri-registration-rp/datasets/ds004513/derivatives/mri-registration-rp/antsBrainExtraction/sub-s032/BrainExtractionBrain.nii.gz
Dimension = 3
Number of stages = 1
Use histogram matching = false
Winsorize image intensities = true
  Lower quantile = 0.005
  Upper quantile = 0.995


Stage 1 State
   Image metric = MattesMI
     Fixed image = Image (0x449b530)
  RTTI typeinfo:   itk::Image<double, 3u>
  Reference Count: 2
  Modified Time: 1578
  Debug: Off
  Object Name: 
  Observers: 
    none
  Source: (none)
  Source output name: (none)
  Release Data: Off
  Data Released: False
  Global Release Data: Off
  PipelineMTime: 0
  UpdateMTime: 1189
  RealTimeStamp: 0 seconds 
  LargestPossibleRegion: 
    Dimension: 3
    Index: [0, 0, 0]
    Size: [193, 229, 193]
  BufferedRegion: 
    Dimension: 3
    Index: [0, 0, 0]
    Size: [193, 229, 193]
  RequestedRegion: 
    Dimension: 3
    Index: [0, 0, 0]
    Size: [193, 229, 193]
  Spacing: [1, 1, 1]
  Origin: [96, 132, -78]
  Direction: 
-1 0 0
0 -1 0
0 0 1

  IndexToPointMatrix: 
-1 0 0
0 -1 0
0 0 1

  PointToIndexMatrix: 
-1 0 0
0 -1 0
0 0 1

  Inverse Direction: 
-1 0 0
0 -1 0
0 0 1

  PixelContainer: 
    ImportImageContainer (0x4559d60)
      RTTI typeinfo:   itk::ImportImageContainer<unsigned long, double>
      Reference Count: 1
      Modified Time: 1186
      Debug: Off
      Object Name: 
      Observers: 
        none
      Pointer: 0x14dedfd7b010
      Container manages memory: true
      Size: 8530021
      Capacity: 8530021

     Moving image = Image (0x454bf60)
  RTTI typeinfo:   itk::Image<double, 3u>
  Reference Count: 2
  Modified Time: 1579
  Debug: Off
  Object Name: 
  Observers: 
    none
  Source: (none)
  Source output name: (none)
  Release Data: Off
  Data Released: False
  Global Release Data: Off
  PipelineMTime: 0
  UpdateMTime: 1576
  RealTimeStamp: 0 seconds 
  LargestPossibleRegion: 
    Dimension: 3
    Index: [0, 0, 0]
    Size: [160, 240, 256]
  BufferedRegion: 
    Dimension: 3
    Index: [0, 0, 0]
    Size: [160, 240, 256]
  RequestedRegion: 
    Dimension: 3
    Index: [0, 0, 0]
    Size: [160, 240, 256]
  Spacing: [1, 1, 1]
  Origin: [73.279, 104.707, -131.187]
  Direction: 
-0.997527 0.0645574 -0.0278053
-0.0645323 -0.997914 -0.00179875
-0.0278634 4.01097e-08 0.999612

  IndexToPointMatrix: 
-0.997527 0.0645574 -0.0278053
-0.0645323 -0.997914 -0.00179875
-0.0278634 4.01097e-08 0.999612

  PointToIndexMatrix: 
-0.997527 -0.0645323 -0.0278634
0.0645574 -0.997914 4.01049e-08
-0.0278053 -0.00179875 0.999612

  Inverse Direction: 
-0.997527 -0.0645323 -0.0278634
0.0645574 -0.997914 4.01049e-08
-0.0278053 -0.00179875 0.999612

  PixelContainer: 
    ImportImageContainer (0x453d6d0)
      RTTI typeinfo:   itk::ImportImageContainer<unsigned long, double>
      Reference Count: 1
      Modified Time: 1573
      Debug: Off
      Object Name: 
      Observers: 
        none
      Pointer: 0x14dedb27a010
      Container manages memory: true
      Size: 9830400
      Capacity: 9830400

     Weighting = 1
     Sampling strategy = regular
     Number of bins = 32
     Radius = 4
     Sampling percentage  = 0.25
   Transform = Rigid
     Gradient step = 0.1
     Update field sigma (voxel space) = 0
     Total field sigma (voxel space) = 0
     Update field time sigma = 0
     Total field time sigma  = 0
     Number of time indices = 0
     Number of time point samples = 0
Registration using 1 total stages.

Stage 0
  iterations = 1000x500x250x100
  convergence threshold = 1e-06
  convergence window size = 10
  number of levels = 4
  using the Mattes MI metric (number of bins = 32, weight = 1, use gradient filter = 0)
  preprocessing:  winsorizing the image intensities
  Shrink factors (level 1 out of 4): [8, 8, 8]
  Shrink factors (level 2 out of 4): [4, 4, 4]
  Shrink factors (level 3 out of 4): [2, 2, 2]
  Shrink factors (level 4 out of 4): [1, 1, 1]
  smoothing sigmas per level: [3, 2, 1, 0]
  regular sampling (percentage = 0.25)

*** Running Euler3DTransform registration ***

DIAGNOSTIC,Iteration,metricValue,convergenceValue,ITERATION_TIME_INDEX,SINCE_LAST
 2DIAGNOSTIC,     1, -5.480496989617e-01, 1.797693134862e+308, 8.4124e-01, 8.4124e-01, 
 2DIAGNOSTIC,     2, -5.506811078454e-01, 1.797693134862e+308, 8.4630e-01, 5.0650e-03, 
 2DIAGNOSTIC,     3, -5.546514955662e-01, 1.797693134862e+308, 8.5106e-01, 4.7600e-03, 
 2DIAGNOSTIC,     4, -5.606863537750e-01, 1.797693134862e+308, 8.5564e-01, 4.5829e-03, 
 2DIAGNOSTIC,     5, -5.693661845193e-01, 1.797693134862e+308, 8.6037e-01, 4.7250e-03, 
 2DIAGNOSTIC,     6, -5.854078830086e-01, 1.797693134862e+308, 8.6560e-01, 5.2299e-03, 
 2DIAGNOSTIC,     7, -6.232769732918e-01, 1.797693134862e+308, 8.7085e-01, 5.2471e-03, 
 2DIAGNOSTIC,     8, -6.297683730473e-01, 1.797693134862e+308, 8.7658e-01, 5.7340e-03, 
 2DIAGNOSTIC,     9, -6.366738733405e-01, 1.797693134862e+308, 8.8496e-01, 8.3749e-03, 
 2DIAGNOSTIC,    10, -6.375630690827e-01, 1.201760866083e-02, 8.8960e-01, 4.6411e-03, 
 2DIAGNOSTIC,    11, -6.405337628679e-01, 1.087684809450e-02, 8.9404e-01, 4.4451e-03, 
 2DIAGNOSTIC,    12, -6.435528997438e-01, 9.167753354490e-03, 8.9899e-01, 4.9500e-03, 
 2DIAGNOSTIC,    13, -6.444720921444e-01, 7.089498731847e-03, 9.0338e-01, 4.3921e-03, 
 2DIAGNOSTIC,    14, -6.463616611293e-01, 4.967892496988e-03, 9.0847e-01, 5.0881e-03, 
 2DIAGNOSTIC,    15, -6.484646963404e-01, 3.033020789043e-03, 9.1639e-01, 7.9229e-03, 
 2DIAGNOSTIC,    16, -6.486009987994e-01, 1.520386367320e-03, 9.2114e-01, 4.7431e-03, 
 2DIAGNOSTIC,    17, -6.493699344760e-01, 1.108203205204e-03, 9.2575e-01, 4.6082e-03, 
 2DIAGNOSTIC,    18, -6.514578195065e-01, 8.586162135985e-04, 9.3032e-01, 4.5769e-03, 
 2DIAGNOSTIC,    19, -6.526592717406e-01, 7.533650369805e-04, 9.3502e-01, 4.6999e-03, 
 2DIAGNOSTIC,    20, -6.536191777189e-01, 6.303067369293e-04, 9.3973e-01, 4.7069e-03, 
 2DIAGNOSTIC,    21, -6.549162298979e-01, 5.534292205381e-04, 9.4449e-01, 4.7619e-03, 
 2DIAGNOSTIC,    22, -6.562385790832e-01, 5.226986103233e-04, 9.5006e-01, 5.5668e-03, 
 2DIAGNOSTIC,    23, -6.565000058113e-01, 4.680180012236e-04, 9.5520e-01, 5.1451e-03, 
 2DIAGNOSTIC,    24, -6.565387353854e-01, 4.101063704207e-04, 9.6034e-01, 5.1408e-03, 
 2DIAGNOSTIC,    25, -6.567702146893e-01, 3.618032093042e-04, 9.6551e-01, 5.1680e-03, 
 2DIAGNOSTIC,    26, -6.583507212369e-01, 3.132611037350e-04, 9.7019e-01, 4.6730e-03, 
 2DIAGNOSTIC,    27, -6.586527568469e-01, 2.554116018363e-04, 9.7464e-01, 4.4589e-03, 
 2DIAGNOSTIC,    28, -6.593310437738e-01, 2.225767143844e-04, 9.8069e-01, 6.0420e-03, 
 2DIAGNOSTIC,    29, -6.595734041655e-01, 1.939316665337e-04, 9.8574e-01, 5.0490e-03, 
 2DIAGNOSTIC,    30, -6.595955819569e-01, 1.634946778527e-04, 9.9084e-01, 5.1038e-03, 
 2DIAGNOSTIC,    31, -6.596949967568e-01, 1.392755860912e-04, 9.9526e-01, 4.4210e-03, 
 2DIAGNOSTIC,    32, -6.597157295313e-01, 1.221677497588e-04, 1.0004e+00, 5.1181e-03, 
 2DIAGNOSTIC,    33, -6.597001423845e-01, 9.820426862685e-05, 1.0075e+00, 7.1211e-03, 
 2DIAGNOSTIC,    34, -6.595254449701e-01, 6.486903006540e-05, 1.0120e+00, 4.4680e-03, 
 2DIAGNOSTIC,    35, -6.595295822809e-01, 3.010817889736e-05, 1.0162e+00, 4.2009e-03, 
 2DIAGNOSTIC,    36, -6.595351297935e-01, 1.424396565688e-05, 1.0205e+00, 4.3471e-03, 
 2DIAGNOSTIC,    37, -6.595409535781e-01, 1.474135167850e-06, 1.0249e+00, 4.3640e-03, 
DIAGNOSTIC,Iteration,metricValue,convergenceValue,ITERATION_TIME_INDEX,SINCE_LAST
 2DIAGNOSTIC,     1, -5.183739626529e-01, 1.797693134862e+308, 1.7424e+00, 7.1757e-01, 
 2DIAGNOSTIC,     2, -5.189226238286e-01, 1.797693134862e+308, 1.7699e+00, 2.7443e-02, 
 2DIAGNOSTIC,     3, -5.196899327352e-01, 1.797693134862e+308, 1.7972e+00, 2.7343e-02, 
 2DIAGNOSTIC,     4, -5.204463662997e-01, 1.797693134862e+308, 1.8250e+00, 2.7727e-02, 
 2DIAGNOSTIC,     5, -5.209979485295e-01, 1.797693134862e+308, 1.8524e+00, 2.7421e-02, 
 2DIAGNOSTIC,     6, -5.216357744178e-01, 1.797693134862e+308, 1.8798e+00, 2.7462e-02, 
 2DIAGNOSTIC,     7, -5.233753714572e-01, 1.797693134862e+308, 1.9072e+00, 2.7333e-02, 
 2DIAGNOSTIC,     8, -5.241119131145e-01, 1.797693134862e+308, 1.9418e+00, 3.4583e-02, 
 2DIAGNOSTIC,     9, -5.247293428575e-01, 1.797693134862e+308, 1.9760e+00, 3.4203e-02, 
 2DIAGNOSTIC,    10, -5.250028241296e-01, 8.899807890805e-04, 2.0042e+00, 2.8263e-02, 
 2DIAGNOSTIC,    11, -5.255570915838e-01, 7.959217989900e-04, 2.0352e+00, 3.0943e-02, 
 2DIAGNOSTIC,    12, -5.289098581002e-01, 8.211614766749e-04, 2.0664e+00, 3.1225e-02, 
 2DIAGNOSTIC,    13, -5.295596024222e-01, 8.231568515042e-04, 2.0946e+00, 2.8210e-02, 
 2DIAGNOSTIC,    14, -5.295253573657e-01, 7.798185629893e-04, 2.1219e+00, 2.7345e-02, 
 2DIAGNOSTIC,    15, -5.301734549451e-01, 7.172057367017e-04, 2.1504e+00, 2.8409e-02, 
 2DIAGNOSTIC,    16, -5.312974506862e-01, 6.544536421087e-04, 2.1803e+00, 2.9906e-02, 
 2DIAGNOSTIC,    17, -5.330531852816e-01, 6.473170997442e-04, 2.2326e+00, 5.2319e-02, 
 2DIAGNOSTIC,    18, -5.331722872871e-01, 6.054636443065e-04, 2.2635e+00, 3.0891e-02, 
 2DIAGNOSTIC,    19, -5.334120032589e-01, 5.389730466328e-04, 2.2932e+00, 2.9772e-02, 
 2DIAGNOSTIC,    20, -5.338316392415e-01, 4.491977037988e-04, 2.3246e+00, 3.1366e-02, 
 2DIAGNOSTIC,    21, -5.362346918664e-01, 3.991413741793e-04, 2.3670e+00, 4.2348e-02, 
 2DIAGNOSTIC,    22, -5.366254572102e-01, 4.058275962276e-04, 2.3968e+00, 2.9879e-02, 
 2DIAGNOSTIC,    23, -5.369893439095e-01, 3.988350375928e-04, 2.4300e+00, 3.3212e-02, 
 2DIAGNOSTIC,    24, -5.378061260647e-01, 3.738766516230e-04, 2.4649e+00, 3.4805e-02, 
 2DIAGNOSTIC,    25, -5.385008080268e-01, 3.440289845671e-04, 2.5091e+00, 4.4244e-02, 
 2DIAGNOSTIC,    26, -5.387672938008e-01, 3.111256275467e-04, 2.5395e+00, 3.0426e-02, 
 2DIAGNOSTIC,    27, -5.394684398149e-01, 3.004532656372e-04, 2.5775e+00, 3.7955e-02, 
 2DIAGNOSTIC,    28, -5.401102008718e-01, 2.773259527148e-04, 2.6090e+00, 3.1534e-02, 
 2DIAGNOSTIC,    29, -5.403897384154e-01, 2.393563824774e-04, 2.6397e+00, 3.0700e-02, 
 2DIAGNOSTIC,    30, -5.408271232491e-01, 1.956331999817e-04, 2.6813e+00, 4.1552e-02, 
 2DIAGNOSTIC,    31, -5.415356162790e-01, 1.900892330484e-04, 2.7117e+00, 3.0409e-02, 
 2DIAGNOSTIC,    32, -5.418827185962e-01, 1.790825795983e-04, 2.7453e+00, 3.3615e-02, 
 2DIAGNOSTIC,    33, -5.425782205104e-01, 1.687225871076e-04, 2.7763e+00, 3.1022e-02, 
 2DIAGNOSTIC,    34, -5.447670803596e-01, 1.900058664965e-04, 2.8107e+00, 3.4388e-02, 
 2DIAGNOSTIC,    35, -5.497956162287e-01, 2.786010511746e-04, 2.8647e+00, 5.3971e-02, 
 2DIAGNOSTIC,    36, -5.504796518216e-01, 3.478979112354e-04, 2.8915e+00, 2.6820e-02, 
 2DIAGNOSTIC,    37, -5.520577100086e-01, 4.139574639076e-04, 2.9204e+00, 2.8866e-02, 
 2DIAGNOSTIC,    38, -5.535025384187e-01, 4.667717609271e-04, 2.9498e+00, 2.9481e-02, 
 2DIAGNOSTIC,    39, -5.548312174164e-01, 4.933898752204e-04, 2.9840e+00, 3.4116e-02, 
 2DIAGNOSTIC,    40, -5.555992558786e-01, 4.864257963885e-04, 3.0156e+00, 3.1653e-02, 
 2DIAGNOSTIC,    41, -5.561987272212e-01, 4.506352972558e-04, 3.0552e+00, 3.9618e-02, 
 2DIAGNOSTIC,    42, -5.563925140760e-01, 3.813793530375e-04, 3.0984e+00, 4.3224e-02, 
 2DIAGNOSTIC,    43, -5.564106507808e-01, 2.877777587130e-04, 3.1352e+00, 3.6732e-02, 
 2DIAGNOSTIC,    44, -5.564202478160e-01, 1.960646913436e-04, 3.1781e+00, 4.2893e-02, 
 2DIAGNOSTIC,    45, -5.564196547359e-01, 1.490735801581e-04, 3.2135e+00, 3.5426e-02, 
 2DIAGNOSTIC,    46, -5.564082907989e-01, 9.751777378722e-05, 3.2450e+00, 3.1508e-02, 
 2DIAGNOSTIC,    47, -5.564151816827e-01, 5.657697628361e-05, 3.2781e+00, 3.3109e-02, 
 2DIAGNOSTIC,    48, -5.564064703174e-01, 2.761528648723e-05, 3.3124e+00, 3.4300e-02, 
 2DIAGNOSTIC,    49, -5.563981146405e-01, 1.138004416075e-05, 3.3460e+00, 3.3579e-02, 
 2DIAGNOSTIC,    50, -5.563968192521e-01, 2.720431360691e-06, 3.3785e+00, 3.2481e-02, 
DIAGNOSTIC,Iteration,metricValue,convergenceValue,ITERATION_TIME_INDEX,SINCE_LAST
 2DIAGNOSTIC,     1, -4.942911826972e-01, 1.797693134862e+308, 4.5069e+00, 1.1284e+00, 
 2DIAGNOSTIC,     2, -4.945463296474e-01, 1.797693134862e+308, 4.7562e+00, 2.4930e-01, 
 2DIAGNOSTIC,     3, -4.948629912677e-01, 1.797693134862e+308, 5.0225e+00, 2.6626e-01, 
 2DIAGNOSTIC,     4, -4.951516682658e-01, 1.797693134862e+308, 5.2478e+00, 2.2533e-01, 
 2DIAGNOSTIC,     5, -4.956335292425e-01, 1.797693134862e+308, 5.4832e+00, 2.3537e-01, 
 2DIAGNOSTIC,     6, -4.964388357259e-01, 1.797693134862e+308, 5.7082e+00, 2.2505e-01, 
 2DIAGNOSTIC,     7, -4.990220910901e-01, 1.797693134862e+308, 6.0865e+00, 3.7826e-01, 
 2DIAGNOSTIC,     8, -4.994541780574e-01, 1.797693134862e+308, 6.3518e+00, 2.6536e-01, 
 2DIAGNOSTIC,     9, -4.995766513141e-01, 1.797693134862e+308, 6.5887e+00, 2.3690e-01, 
 2DIAGNOSTIC,    10, -5.001791305698e-01, 8.866038582228e-04, 6.8245e+00, 2.3572e-01, 
 2DIAGNOSTIC,    11, -5.018556508476e-01, 9.000833923117e-04, 7.1589e+00, 3.3447e-01, 
 2DIAGNOSTIC,    12, -5.021865212233e-01, 8.547229492808e-04, 7.4444e+00, 2.8549e-01, 
 2DIAGNOSTIC,    13, -5.021880020449e-01, 7.540849928014e-04, 7.6921e+00, 2.4765e-01, 
 2DIAGNOSTIC,    14, -5.022003383106e-01, 6.145441256315e-04, 7.9422e+00, 2.5018e-01, 
 2DIAGNOSTIC,    15, -5.021958771644e-01, 4.561365943459e-04, 8.1562e+00, 2.1392e-01, 
 2DIAGNOSTIC,    16, -5.021965318082e-01, 3.012426332721e-04, 8.4907e+00, 3.3453e-01, 
 2DIAGNOSTIC,    17, -5.022031153624e-01, 2.234739914795e-04, 8.7775e+00, 2.8685e-01, 
 2DIAGNOSTIC,    18, -5.022102391448e-01, 1.487584589356e-04, 9.0462e+00, 2.6871e-01, 
 2DIAGNOSTIC,    19, -5.022104452294e-01, 7.225085152380e-05, 9.3029e+00, 2.5663e-01, 
 2DIAGNOSTIC,    20, -5.022239855316e-01, 1.315572011891e-05, 9.5930e+00, 2.9010e-01, 
 2DIAGNOSTIC,    21, -5.022480820369e-01, 4.444445719801e-06, 9.8498e+00, 2.5683e-01, 
 2DIAGNOSTIC,    22, -5.022546700165e-01, 4.962698082700e-06, 1.0070e+01, 2.2032e-01, 
 2DIAGNOSTIC,    23, -5.022531412525e-01, 5.100744018195e-06, 1.0366e+01, 2.9630e-01, 
 2DIAGNOSTIC,    24, -5.022549025536e-01, 5.229360302200e-06, 1.0857e+01, 4.9019e-01, 
 2DIAGNOSTIC,    25, -5.022543496068e-01, 4.865319611240e-06, 1.1203e+01, 3.4622e-01, 
 2DIAGNOSTIC,    26, -5.022552430321e-01, 4.213433404676e-06, 1.1470e+01, 2.6702e-01, 
 2DIAGNOSTIC,    27, -5.022544716648e-01, 3.447426712162e-06, 1.1742e+01, 2.7180e-01, 
 2DIAGNOSTIC,    28, -5.022528666045e-01, 2.646281370484e-06, 1.2007e+01, 2.6533e-01, 
 2DIAGNOSTIC,    29, -5.022520714927e-01, 1.747628088467e-06, 1.2220e+01, 2.1314e-01, 
 2DIAGNOSTIC,    30, -5.022512944818e-01, 1.077345625475e-06, 1.2459e+01, 2.3864e-01, 
DIAGNOSTIC,Iteration,metricValue,convergenceValue,ITERATION_TIME_INDEX,SINCE_LAST
 2DIAGNOSTIC,     1, -4.665009061784e-01, 1.797693134862e+308, 1.4922e+01, 2.4637e+00, 
 2DIAGNOSTIC,     2, -4.665450687779e-01, 1.797693134862e+308, 1.6256e+01, 1.3335e+00, 
 2DIAGNOSTIC,     3, -4.666453715134e-01, 1.797693134862e+308, 1.8075e+01, 1.8193e+00, 
 2DIAGNOSTIC,     4, -4.666547046541e-01, 1.797693134862e+308, 2.0142e+01, 2.0664e+00, 
 2DIAGNOSTIC,     5, -4.666539839573e-01, 1.797693134862e+308, 2.1970e+01, 1.8281e+00, 
 2DIAGNOSTIC,     6, -4.666536246460e-01, 1.797693134862e+308, 2.3768e+01, 1.7983e+00, 
 2DIAGNOSTIC,     7, -4.666535019892e-01, 1.797693134862e+308, 2.5581e+01, 1.8127e+00, 
 2DIAGNOSTIC,     8, -4.666534471910e-01, 1.797693134862e+308, 2.7337e+01, 1.7559e+00, 
 2DIAGNOSTIC,     9, -4.666533908944e-01, 1.797693134862e+308, 2.8824e+01, 1.4875e+00, 
 2DIAGNOSTIC,    10, -4.666532906196e-01, 1.853322068161e-05, 3.0805e+01, 1.9807e+00, 
 2DIAGNOSTIC,    11, -4.666533134007e-01, 9.202417328699e-06, 3.2550e+01, 1.7453e+00, 
 2DIAGNOSTIC,    12, -4.666530791015e-01, 2.949765240623e-06, 3.4102e+01, 1.5521e+00, 
 2DIAGNOSTIC,    13, -4.666530533592e-01, 2.317329781246e-06, 3.5430e+01, 1.3277e+00, 
 2DIAGNOSTIC,    14, -4.666530696961e-01, 2.194387126092e-06, 3.7007e+01, 1.5774e+00, 
 2DIAGNOSTIC,    15, -4.666529551483e-01, 2.061238972603e-06, 3.8329e+01, 1.3215e+00, 
 2DIAGNOSTIC,    16, -4.666530675316e-01, 1.941014846851e-06, 3.9785e+01, 1.4562e+00, 
 2DIAGNOSTIC,    17, -4.666529265025e-01, 1.829791706195e-06, 4.1618e+01, 1.8332e+00, 
 2DIAGNOSTIC,    18, -4.666530552779e-01, 1.737446248373e-06, 4.3124e+01, 1.5053e+00, 
 2DIAGNOSTIC,    19, -4.666529067613e-01, 1.650893246906e-06, 4.4437e+01, 1.3133e+00, 
 2DIAGNOSTIC,    20, -4.666527822475e-01, 1.568353371964e-06, 4.6027e+01, 1.5899e+00, 
 2DIAGNOSTIC,    21, -4.666528408162e-01, 1.498379646241e-06, 4.7395e+01, 1.3687e+00, 
 2DIAGNOSTIC,    22, -4.666529398578e-01, 1.432415653674e-06, 4.9217e+01, 1.8214e+00, 
 2DIAGNOSTIC,    23, -4.666531760666e-01, 1.378887225532e-06, 5.0853e+01, 1.6361e+00, 
 2DIAGNOSTIC,    24, -4.666529513444e-01, 1.324929733267e-06, 5.2498e+01, 1.6455e+00, 
 2DIAGNOSTIC,    25, -4.666529733853e-01, 1.273339373643e-06, 5.3806e+01, 1.3074e+00, 
 2DIAGNOSTIC,    26, -4.666528284211e-01, 1.224934076456e-06, 5.5138e+01, 1.3322e+00, 
 2DIAGNOSTIC,    27, -4.666528903175e-01, 1.177977457079e-06, 5.6785e+01, 1.6466e+00, 
 2DIAGNOSTIC,    28, -4.666529239584e-01, 1.137861685298e-06, 5.8145e+01, 1.3607e+00, 
 2DIAGNOSTIC,    29, -4.666527988637e-01, 1.094727944705e-06, 5.9643e+01, 1.4976e+00, 
 2DIAGNOSTIC,    30, -4.666527580828e-01, 1.051511290463e-06, 6.0961e+01, 1.3178e+00, 
 2DIAGNOSTIC,    31, -4.666525696579e-01, 1.009342506970e-06, 6.2454e+01, 1.4930e+00, 
  Elapsed time (stage 0): 6.3259e+01


Total elapsed time: 6.3262e+01
Info [verificarlo]: loaded backend libinterflop_ieee.so
Info [interflop-ieee]: load backend with:
Info [interflop-ieee]: debug = false
Info [interflop-ieee]: debug-binary = false
Info [interflop-ieee]: no-backend-name = false
Info [interflop-ieee]: print-new-line = false
Info [interflop-ieee]: print-subnormal-normalized = false
Info [interflop-ieee]: count-op = false
All_Command_lines_OK
Using double precision for computations.
=============================================================================
The composite transform comprises the following transforms (in order): 
  1. /home/mdugre/scratch/mri-registration-rp/datasets/ds004513/derivatives/mri-registration-rp/0001/antsRegistration-r8-p10/sub-s032/rigid_Composite.h5[0] (type = Euler3DTransform)
  2. /home/mdugre/scratch/mri-registration-rp/datasets/ds004513/derivatives/mri-registration-rp/0001/antsRegistration-r8-p10/sub-s032/rigid_Composite.h5[1] (type = Euler3DTransform)
  3. /home/mdugre/scratch/mri-registration-rp/datasets/ds004513/derivatives/mri-registration-rp/0001/antsRegistration-r8-p10/sub-s032/rigid_Composite.h5[2] (type = Euler3DTransform)
=============================================================================
  number of levels = 4
  fixed image: /templateflow/tpl-MNI152NLin2009cAsym/tpl-MNI152NLin2009cAsym_res-01_desc-brain_T1w.nii.gz
  moving image: /home/mdugre/scratch/mri-registration-rp/datasets/ds004513/derivatives/mri-registration-rp/antsBrainExtraction/sub-s032/BrainExtractionBrain.nii.gz
Dimension = 3
Number of stages = 1
Use histogram matching = false
Winsorize image intensities = true
  Lower quantile = 0.005
  Upper quantile = 0.995


Stage 1 State
   Image metric = MattesMI
     Fixed image = Image (0x44f77e0)
  RTTI typeinfo:   itk::Image<double, 3u>
  Reference Count: 2
  Modified Time: 1592
  Debug: Off
  Object Name: 
  Observers: 
    none
  Source: (none)
  Source output name: (none)
  Release Data: Off
  Data Released: False
  Global Release Data: Off
  PipelineMTime: 0
  UpdateMTime: 1203
  RealTimeStamp: 0 seconds 
  LargestPossibleRegion: 
    Dimension: 3
    Index: [0, 0, 0]
    Size: [193, 229, 193]
  BufferedRegion: 
    Dimension: 3
    Index: [0, 0, 0]
    Size: [193, 229, 193]
  RequestedRegion: 
    Dimension: 3
    Index: [0, 0, 0]
    Size: [193, 229, 193]
  Spacing: [1, 1, 1]
  Origin: [96, 132, -78]
  Direction: 
-1 0 0
0 -1 0
0 0 1

  IndexToPointMatrix: 
-1 0 0
0 -1 0
0 0 1

  PointToIndexMatrix: 
-1 0 0
0 -1 0
0 0 1

  Inverse Direction: 
-1 0 0
0 -1 0
0 0 1

  PixelContainer: 
    ImportImageContainer (0x45b7a20)
      RTTI typeinfo:   itk::ImportImageContainer<unsigned long, double>
      Reference Count: 1
      Modified Time: 1200
      Debug: Off
      Object Name: 
      Observers: 
        none
      Pointer: 0x14aa55e9c010
      Container manages memory: true
      Size: 8530021
      Capacity: 8530021

     Moving image = Image (0x45b2d70)
  RTTI typeinfo:   itk::Image<double, 3u>
  Reference Count: 2
  Modified Time: 1593
  Debug: Off
  Object Name: 
  Observers: 
    none
  Source: (none)
  Source output name: (none)
  Release Data: Off
  Data Released: False
  Global Release Data: Off
  PipelineMTime: 0
  UpdateMTime: 1590
  RealTimeStamp: 0 seconds 
  LargestPossibleRegion: 
    Dimension: 3
    Index: [0, 0, 0]
    Size: [160, 240, 256]
  BufferedRegion: 
    Dimension: 3
    Index: [0, 0, 0]
    Size: [160, 240, 256]
  RequestedRegion: 
    Dimension: 3
    Index: [0, 0, 0]
    Size: [160, 240, 256]
  Spacing: [1, 1, 1]
  Origin: [73.279, 104.707, -131.187]
  Direction: 
-0.997527 0.0645574 -0.0278053
-0.0645323 -0.997914 -0.00179875
-0.0278634 4.01097e-08 0.999612

  IndexToPointMatrix: 
-0.997527 0.0645574 -0.0278053
-0.0645323 -0.997914 -0.00179875
-0.0278634 4.01097e-08 0.999612

  PointToIndexMatrix: 
-0.997527 -0.0645323 -0.0278634
0.0645574 -0.997914 4.01049e-08
-0.0278053 -0.00179875 0.999612

  Inverse Direction: 
-0.997527 -0.0645323 -0.0278634
0.0645574 -0.997914 4.01049e-08
-0.0278053 -0.00179875 0.999612

  PixelContainer: 
    ImportImageContainer (0x456ac90)
      RTTI typeinfo:   itk::ImportImageContainer<unsigned long, double>
      Reference Count: 1
      Modified Time: 1587
      Debug: Off
      Object Name: 
      Observers: 
        none
      Pointer: 0x14aa5139b010
      Container manages memory: true
      Size: 9830400
      Capacity: 9830400

     Weighting = 1
     Sampling strategy = regular
     Number of bins = 32
     Radius = 4
     Sampling percentage  = 0.25
   Transform = Affine
     Gradient step = 0.1
     Update field sigma (voxel space) = 0
     Total field sigma (voxel space) = 0
     Update field time sigma = 0
     Total field time sigma  = 0
     Number of time indices = 0
     Number of time point samples = 0
Registration using 1 total stages.

Stage 0
  iterations = 1000x500x250x100
  convergence threshold = 1e-06
  convergence window size = 10
  number of levels = 4
  using the Mattes MI metric (number of bins = 32, weight = 1, use gradient filter = 0)
  preprocessing:  winsorizing the image intensities
  Shrink factors (level 1 out of 4): [8, 8, 8]
  Shrink factors (level 2 out of 4): [4, 4, 4]
  Shrink factors (level 3 out of 4): [2, 2, 2]
  Shrink factors (level 4 out of 4): [1, 1, 1]
  smoothing sigmas per level: [3, 2, 1, 0]
  regular sampling (percentage = 0.25)

*** Running AffineTransform registration ***

DIAGNOSTIC,Iteration,metricValue,convergenceValue,ITERATION_TIME_INDEX,SINCE_LAST
 2DIAGNOSTIC,     1, -6.837062745773e-01, 1.797693134862e+308, 6.7539e-01, 6.7539e-01, 
 2DIAGNOSTIC,     2, -6.853897207263e-01, 1.797693134862e+308, 6.8102e-01, 5.6300e-03, 
 2DIAGNOSTIC,     3, -6.879852343887e-01, 1.797693134862e+308, 6.8561e-01, 4.5931e-03, 
 2DIAGNOSTIC,     4, -6.927097619149e-01, 1.797693134862e+308, 6.9061e-01, 4.9992e-03, 
 2DIAGNOSTIC,     5, -6.999327440644e-01, 1.797693134862e+308, 6.9499e-01, 4.3840e-03, 
 2DIAGNOSTIC,     6, -7.078219925529e-01, 1.797693134862e+308, 6.9973e-01, 4.7381e-03, 
 2DIAGNOSTIC,     7, -7.188532387833e-01, 1.797693134862e+308, 7.0641e-01, 6.6781e-03, 
 2DIAGNOSTIC,     8, -7.208772494976e-01, 1.797693134862e+308, 7.1108e-01, 4.6759e-03, 
 2DIAGNOSTIC,     9, -7.241889669469e-01, 1.797693134862e+308, 7.1621e-01, 5.1229e-03, 
 2DIAGNOSTIC,    10, -7.321617785402e-01, 4.796104812508e-03, 7.2278e-01, 6.5742e-03, 
 2DIAGNOSTIC,    11, -7.336136974795e-01, 4.401483413847e-03, 7.3018e-01, 7.4010e-03, 
 2DIAGNOSTIC,    12, -7.337392793245e-01, 3.741414869493e-03, 7.3528e-01, 5.0960e-03, 
 2DIAGNOSTIC,    13, -7.343333656268e-01, 2.951242833403e-03, 7.4109e-01, 5.8131e-03, 
 2DIAGNOSTIC,    14, -7.346963886828e-01, 2.154182625247e-03, 7.4617e-01, 5.0831e-03, 
 2DIAGNOSTIC,    15, -7.351937927501e-01, 1.469123739329e-03, 7.5339e-01, 7.2119e-03, 
 2DIAGNOSTIC,    16, -7.356549321460e-01, 9.374525727793e-04, 7.5932e-01, 5.9350e-03, 
 2DIAGNOSTIC,    17, -7.361080097081e-01, 6.538796719263e-04, 7.6515e-01, 5.8260e-03, 
 2DIAGNOSTIC,    18, -7.362322419086e-01, 3.899503084463e-04, 7.7024e-01, 5.0969e-03, 
 2DIAGNOSTIC,    19, -7.362499341987e-01, 1.833893150610e-04, 7.7527e-01, 5.0259e-03, 
 2DIAGNOSTIC,    20, -7.363507385111e-01, 1.397013861153e-04, 7.8034e-01, 5.0700e-03, 
 2DIAGNOSTIC,    21, -7.363813516910e-01, 1.151922537455e-04, 7.8591e-01, 5.5690e-03, 
 2DIAGNOSTIC,    22, -7.366163244613e-01, 8.856136917633e-05, 7.9122e-01, 5.3060e-03, 
 2DIAGNOSTIC,    23, -7.362428274004e-01, 5.983242267646e-05, 8.0019e-01, 8.9772e-03, 
 2DIAGNOSTIC,    24, -7.362480962636e-01, 3.429106854189e-05, 8.0489e-01, 4.6959e-03, 
 2DIAGNOSTIC,    25, -7.362637126513e-01, 1.566655653153e-05, 8.0959e-01, 4.7002e-03, 
 2DIAGNOSTIC,    26, -7.362899870300e-01, 4.213563687912e-06, 8.1428e-01, 4.6899e-03, 
DIAGNOSTIC,Iteration,metricValue,convergenceValue,ITERATION_TIME_INDEX,SINCE_LAST
 2DIAGNOSTIC,     1, -5.932173683999e-01, 1.797693134862e+308, 1.5370e+00, 7.2276e-01, 
 2DIAGNOSTIC,     2, -5.934548110366e-01, 1.797693134862e+308, 1.5692e+00, 3.2181e-02, 
 2DIAGNOSTIC,     3, -5.937383335170e-01, 1.797693134862e+308, 1.6021e+00, 3.2840e-02, 
 2DIAGNOSTIC,     4, -5.943775446822e-01, 1.797693134862e+308, 1.6361e+00, 3.4003e-02, 
 2DIAGNOSTIC,     5, -5.951088912203e-01, 1.797693134862e+308, 1.6941e+00, 5.8023e-02, 
 2DIAGNOSTIC,     6, -5.951783303976e-01, 1.797693134862e+308, 1.7357e+00, 4.1634e-02, 
 2DIAGNOSTIC,     7, -5.952297462714e-01, 1.797693134862e+308, 1.7701e+00, 3.4403e-02, 
 2DIAGNOSTIC,     8, -5.953291102027e-01, 1.797693134862e+308, 1.8089e+00, 3.8737e-02, 
 2DIAGNOSTIC,     9, -5.954989848639e-01, 1.797693134862e+308, 1.8465e+00, 3.7634e-02, 
 2DIAGNOSTIC,    10, -5.957099692803e-01, 2.805949761663e-04, 1.8818e+00, 3.5307e-02, 
 2DIAGNOSTIC,    11, -5.963993793652e-01, 2.446417461763e-04, 1.9173e+00, 3.5468e-02, 
 2DIAGNOSTIC,    12, -5.976369400328e-01, 2.515191200062e-04, 1.9520e+00, 3.4697e-02, 
 2DIAGNOSTIC,    13, -6.033897637721e-01, 4.549512805936e-04, 2.0063e+00, 5.4323e-02, 
 2DIAGNOSTIC,    14, -6.035429718171e-01, 6.093756897808e-04, 2.0505e+00, 4.4252e-02, 
 2DIAGNOSTIC,    15, -6.035605735221e-01, 7.138692007366e-04, 2.0883e+00, 3.7788e-02, 
 2DIAGNOSTIC,    16, -6.035225248662e-01, 7.432729945606e-04, 2.1220e+00, 3.3691e-02, 
 2DIAGNOSTIC,    17, -6.035237015976e-01, 7.013722071825e-04, 2.1669e+00, 4.4930e-02, 
 2DIAGNOSTIC,    18, -6.035282065378e-01, 5.998605862085e-04, 2.2076e+00, 4.0626e-02, 
 2DIAGNOSTIC,    19, -6.035254012748e-01, 4.578490004022e-04, 2.2462e+00, 3.8607e-02, 
 2DIAGNOSTIC,    20, -6.035065000800e-01, 2.944504331635e-04, 2.2915e+00, 4.5292e-02, 
 2DIAGNOSTIC,    21, -6.034923283614e-01, 1.355817315300e-04, 2.3304e+00, 3.8943e-02, 
 2DIAGNOSTIC,    22, -6.034789696131e-01, 1.652896713757e-06, 2.3635e+00, 3.3105e-02, 
DIAGNOSTIC,Iteration,metricValue,convergenceValue,ITERATION_TIME_INDEX,SINCE_LAST
 2DIAGNOSTIC,     1, -5.384456359663e-01, 1.797693134862e+308, 3.4157e+00, 1.0522e+00, 
 2DIAGNOSTIC,     2, -5.387190293176e-01, 1.797693134862e+308, 3.6614e+00, 2.4562e-01, 
 2DIAGNOSTIC,     3, -5.390646972239e-01, 1.797693134862e+308, 3.9225e+00, 2.6114e-01, 
 2DIAGNOSTIC,     4, -5.394864719552e-01, 1.797693134862e+308, 4.1916e+00, 2.6909e-01, 
 2DIAGNOSTIC,     5, -5.401207703169e-01, 1.797693134862e+308, 4.4410e+00, 2.4945e-01, 
 2DIAGNOSTIC,     6, -5.410464934845e-01, 1.797693134862e+308, 4.7303e+00, 2.8925e-01, 
 2DIAGNOSTIC,     7, -5.441581675335e-01, 1.797693134862e+308, 5.3234e+00, 5.9311e-01, 
 2DIAGNOSTIC,     8, -5.441982384645e-01, 1.797693134862e+308, 5.6529e+00, 3.2946e-01, 
 2DIAGNOSTIC,     9, -5.442171584637e-01, 1.797693134862e+308, 5.9297e+00, 2.7688e-01, 
 2DIAGNOSTIC,    10, -5.442737767716e-01, 8.730451871898e-04, 6.2166e+00, 2.8684e-01, 
 2DIAGNOSTIC,    11, -5.443276934636e-01, 7.612874172679e-04, 6.5250e+00, 3.0840e-01, 
 2DIAGNOSTIC,    12, -5.443259277245e-01, 6.099065425508e-04, 6.8372e+00, 3.1222e-01, 
 2DIAGNOSTIC,    13, -5.443357360333e-01, 4.414326149246e-04, 7.1310e+00, 2.9376e-01, 
 2DIAGNOSTIC,    14, -5.443384662483e-01, 2.747874436523e-04, 7.4594e+00, 3.2845e-01, 
 2DIAGNOSTIC,    15, -5.443412945483e-01, 1.281924819192e-04, 7.7406e+00, 2.8120e-01, 
 2DIAGNOSTIC,    16, -5.443727131637e-01, 1.683846333714e-05, 8.0518e+00, 3.1117e-01, 
 2DIAGNOSTIC,    17, -5.443829713248e-01, 1.342155708194e-05, 8.3766e+00, 3.2485e-01, 
 2DIAGNOSTIC,    18, -5.443942034010e-01, 1.084037556710e-05, 8.7854e+00, 4.0881e-01, 
 2DIAGNOSTIC,    19, -5.443963686525e-01, 8.251099981246e-06, 9.1058e+00, 3.2036e-01, 
 2DIAGNOSTIC,    20, -5.443978887440e-01, 6.797583628280e-06, 9.4596e+00, 3.5386e-01, 
 2DIAGNOSTIC,    21, -5.443972338748e-01, 6.320942282874e-06, 9.8314e+00, 3.7174e-01, 
 2DIAGNOSTIC,    22, -5.443969650829e-01, 5.380000035429e-06, 1.0096e+01, 2.6453e-01, 
 2DIAGNOSTIC,    23, -5.443961859214e-01, 4.364675062762e-06, 1.0353e+01, 2.5678e-01, 
 2DIAGNOSTIC,    24, -5.443971940909e-01, 3.244997819250e-06, 1.0648e+01, 2.9492e-01, 
 2DIAGNOSTIC,    25, -5.443996556773e-01, 2.131881220661e-06, 1.0930e+01, 2.8194e-01, 
 2DIAGNOSTIC,    26, -5.443981185091e-01, 1.621533265855e-06, 1.1206e+01, 2.7630e-01, 
 2DIAGNOSTIC,    27, -5.443975253378e-01, 1.295776405980e-06, 1.1519e+01, 3.1293e-01, 
 2DIAGNOSTIC,    28, -5.444019552488e-01, 1.274972728400e-06, 1.1789e+01, 2.6976e-01, 
 2DIAGNOSTIC,    29, -5.444025269579e-01, 1.287777183515e-06, 1.2086e+01, 2.9723e-01, 
 2DIAGNOSTIC,    30, -5.444037906136e-01, 1.330250814675e-06, 1.2416e+01, 3.3052e-01, 
 2DIAGNOSTIC,    31, -5.444118875113e-01, 1.471462422374e-06, 1.2708e+01, 2.9125e-01, 
 2DIAGNOSTIC,    32, -5.444090116950e-01, 1.508245195590e-06, 1.2958e+01, 2.5086e-01, 
 2DIAGNOSTIC,    33, -5.444119190304e-01, 1.529524210300e-06, 1.3278e+01, 3.1971e-01, 
 2DIAGNOSTIC,    34, -5.444150231897e-01, 1.557481224091e-06, 1.3553e+01, 2.7499e-01, 
 2DIAGNOSTIC,    35, -5.444198843567e-01, 1.633617805096e-06, 1.3817e+01, 2.6385e-01, 
 2DIAGNOSTIC,    36, -5.444300004443e-01, 1.759810862607e-06, 1.4103e+01, 2.8647e-01, 
 2DIAGNOSTIC,    37, -5.444397163133e-01, 1.920976520988e-06, 1.4357e+01, 2.5327e-01, 
 2DIAGNOSTIC,    38, -5.444525287591e-01, 2.209987506326e-06, 1.4642e+01, 2.8529e-01, 
 2DIAGNOSTIC,    39, -5.444719785160e-01, 2.619787852803e-06, 1.4900e+01, 2.5798e-01, 
 2DIAGNOSTIC,    40, -5.444846522624e-01, 3.011507465730e-06, 1.5181e+01, 2.8058e-01, 
 2DIAGNOSTIC,    41, -5.444967487297e-01, 3.430480999548e-06, 1.5436e+01, 2.5500e-01, 
 2DIAGNOSTIC,    42, -5.445326055753e-01, 3.985425947237e-06, 1.5729e+01, 2.9305e-01, 
 2DIAGNOSTIC,    43, -5.446540502248e-01, 5.707318682706e-06, 1.6082e+01, 3.5303e-01, 
 2DIAGNOSTIC,    44, -5.446744646788e-01, 7.118314866311e-06, 1.6543e+01, 4.6180e-01, 
 2DIAGNOSTIC,    45, -5.446734676172e-01, 7.913403976951e-06, 1.6790e+01, 2.4696e-01, 
 2DIAGNOSTIC,    46, -5.446736552207e-01, 8.124901994082e-06, 1.7084e+01, 2.9407e-01, 
 2DIAGNOSTIC,    47, -5.446704101858e-01, 7.679859635470e-06, 1.7411e+01, 3.2706e-01, 
 2DIAGNOSTIC,    48, -5.446688407878e-01, 6.679192662822e-06, 1.7703e+01, 2.9116e-01, 
 2DIAGNOSTIC,    49, -5.446701142477e-01, 5.359591507086e-06, 1.7959e+01, 2.5584e-01, 
 2DIAGNOSTIC,    50, -5.446685556249e-01, 3.777438675700e-06, 1.8260e+01, 3.0161e-01, 
 2DIAGNOSTIC,    51, -5.446678091795e-01, 2.080952680738e-06, 1.8514e+01, 2.5355e-01, 
DIAGNOSTIC,Iteration,metricValue,convergenceValue,ITERATION_TIME_INDEX,SINCE_LAST
 2DIAGNOSTIC,     1, -4.995066808601e-01, 1.797693134862e+308, 2.1380e+01, 2.8661e+00, 
 2DIAGNOSTIC,     2, -4.997267678791e-01, 1.797693134862e+308, 2.3007e+01, 1.6275e+00, 
 2DIAGNOSTIC,     3, -5.000234966097e-01, 1.797693134862e+308, 2.4712e+01, 1.7043e+00, 
 2DIAGNOSTIC,     4, -5.001806655274e-01, 1.797693134862e+308, 2.6417e+01, 1.7056e+00, 
 2DIAGNOSTIC,     5, -5.005191604109e-01, 1.797693134862e+308, 2.9052e+01, 2.6347e+00, 
 2DIAGNOSTIC,     6, -5.005422104900e-01, 1.797693134862e+308, 3.0739e+01, 1.6868e+00, 
 2DIAGNOSTIC,     7, -5.006227353189e-01, 1.797693134862e+308, 3.3854e+01, 3.1151e+00, 
 2DIAGNOSTIC,     8, -5.006232915628e-01, 1.797693134862e+308, 3.5902e+01, 2.0480e+00, 
 2DIAGNOSTIC,     9, -5.006230464786e-01, 1.797693134862e+308, 3.7731e+01, 1.8289e+00, 
 2DIAGNOSTIC,    10, -5.006230182313e-01, 1.469408342616e-04, 4.0021e+01, 2.2906e+00, 
 2DIAGNOSTIC,    11, -5.006229265832e-01, 9.545611991217e-05, 4.1809e+01, 1.7871e+00, 
 2DIAGNOSTIC,    12, -5.006227503303e-01, 5.454682677451e-05, 4.3583e+01, 1.7745e+00, 
