
##########################
# Experiment information #
##########################

EXPERIMENT_NAME: antsRegistration-r7-p16
VFC_BACKENDS: libinterflop_vprec.so --range-binary32=7 --precision-binary32=16 --range-binary64=7 --precision-binary64=16

SIF_IMG: /home/mdugre/projects/rrg-glatard/mdugre/containers/ants-vprec-no_metrics.simg

SUBJECT_ID: s025
INPUT_IMG: /home/mdugre/scratch/mri-registration-rp/datasets/ds004513/derivatives/mri-registration-rp/antsBrainExtraction/sub-s025/BrainExtractionBrain.nii.gz
OUTPUT_DIR: /home/mdugre/scratch/mri-registration-rp/datasets/ds004513/derivatives/mri-registration-rp/0001/antsRegistration-r7-p16/sub-s025

FIXED_IMG: /templateflow/tpl-MNI152NLin2009cAsym/tpl-MNI152NLin2009cAsym_res-01_desc-brain_T1w.nii.gz
DATA_DIR: /home/mdugre/scratch/mri-registration-rp/datasets/ds004513
TEMPLATEFLOW_DIR: /home/mdugre/projects/rrg-glatard/mdugre/templateflow
ITK_GLOBAL_DEFAULT_NUMBER_OF_THREADS: 16
##########################

Info [verificarlo]: loaded backend libinterflop_ieee.so
Info [interflop-ieee]: load backend with:
Info [interflop-ieee]: debug = false
Info [interflop-ieee]: debug-binary = false
Info [interflop-ieee]: no-backend-name = false
Info [interflop-ieee]: print-new-line = false
Info [interflop-ieee]: print-subnormal-normalized = false
Info [interflop-ieee]: count-op = false
All_Command_lines_OK
Using double precision for computations.
=============================================================================
The composite transform comprises the following transforms (in order): 
  1. Center of mass alignment using fixed image: /templateflow/tpl-MNI152NLin2009cAsym/tpl-MNI152NLin2009cAsym_res-01_desc-brain_T1w.nii.gz and moving image: /home/mdugre/scratch/mri-registration-rp/datasets/ds004513/derivatives/mri-registration-rp/antsBrainExtraction/sub-s025/BrainExtractionBrain.nii.gz (type = Euler3DTransform)
=============================================================================
  number of levels = 1
  fixed image: /templateflow/tpl-MNI152NLin2009cAsym/tpl-MNI152NLin2009cAsym_res-01_desc-brain_T1w.nii.gz
  moving image: /home/mdugre/scratch/mri-registration-rp/datasets/ds004513/derivatives/mri-registration-rp/antsBrainExtraction/sub-s025/BrainExtractionBrain.nii.gz
Dimension = 3
Number of stages = 1
Use histogram matching = false
Winsorize image intensities = true
  Lower quantile = 0.005
  Upper quantile = 0.995


Stage 1 State
   Image metric = MattesMI
     Fixed image = Image (0x51e9e70)
  RTTI typeinfo:   itk::Image<double, 3u>
  Reference Count: 2
  Modified Time: 2334
  Debug: Off
  Object Name: 
  Observers: 
    none
  Source: (none)
  Source output name: (none)
  Release Data: Off
  Data Released: False
  Global Release Data: Off
  PipelineMTime: 0
  UpdateMTime: 1943
  RealTimeStamp: 0 seconds 
  LargestPossibleRegion: 
    Dimension: 3
    Index: [0, 0, 0]
    Size: [193, 229, 193]
  BufferedRegion: 
    Dimension: 3
    Index: [0, 0, 0]
    Size: [193, 229, 193]
  RequestedRegion: 
    Dimension: 3
    Index: [0, 0, 0]
    Size: [193, 229, 193]
  Spacing: [1, 1, 1]
  Origin: [96, 132, -78]
  Direction: 
-1 0 0
0 -1 0
0 0 1

  IndexToPointMatrix: 
-1 0 0
0 -1 0
0 0 1

  PointToIndexMatrix: 
-1 0 0
0 -1 0
0 0 1

  Inverse Direction: 
-1 0 0
0 -1 0
0 0 1

  PixelContainer: 
    ImportImageContainer (0x51f2c60)
      RTTI typeinfo:   itk::ImportImageContainer<unsigned long, double>
      Reference Count: 1
      Modified Time: 1940
      Debug: Off
      Object Name: 
      Observers: 
        none
      Pointer: 0x15301f250010
      Container manages memory: true
      Size: 8530021
      Capacity: 8530021

     Moving image = Image (0x51f5610)
  RTTI typeinfo:   itk::Image<double, 3u>
  Reference Count: 2
  Modified Time: 2335
  Debug: Off
  Object Name: 
  Observers: 
    none
  Source: (none)
  Source output name: (none)
  Release Data: Off
  Data Released: False
  Global Release Data: Off
  PipelineMTime: 0
  UpdateMTime: 2332
  RealTimeStamp: 0 seconds 
  LargestPossibleRegion: 
    Dimension: 3
    Index: [0, 0, 0]
    Size: [176, 240, 256]
  BufferedRegion: 
    Dimension: 3
    Index: [0, 0, 0]
    Size: [176, 240, 256]
  RequestedRegion: 
    Dimension: 3
    Index: [0, 0, 0]
    Size: [176, 240, 256]
  Spacing: [0.999999, 1, 1]
  Origin: [90.3778, 84.5091, -154.071]
  Direction: 
-0.999391 7.48184e-06 -0.0348969
-7.47664e-06 -1 -2.7953e-07
-0.0348969 -1.84481e-08 0.999391

  IndexToPointMatrix: 
-0.99939 7.48184e-06 -0.0348969
-7.47663e-06 -1 -2.7953e-07
-0.0348968 -1.84481e-08 0.999391

  PointToIndexMatrix: 
-0.999392 -7.47665e-06 -0.0348969
7.48184e-06 -1 -1.84481e-08
-0.0348969 -2.7953e-07 0.999391

  Inverse Direction: 
-0.999391 -7.47664e-06 -0.0348969
7.48184e-06 -1 -1.84481e-08
-0.0348969 -2.7953e-07 0.999391

  PixelContainer: 
    ImportImageContainer (0x528eef0)
      RTTI typeinfo:   itk::ImportImageContainer<unsigned long, double>
      Reference Count: 1
      Modified Time: 2329
      Debug: Off
      Object Name: 
      Observers: 
        none
      Pointer: 0x153019fcf010
      Container manages memory: true
      Size: 10813440
      Capacity: 10813440

     Weighting = 1
     Sampling strategy = regular
     Number of bins = 32
     Radius = 4
     Sampling percentage  = 0.25
   Transform = Rigid
     Gradient step = 0.1
     Update field sigma (voxel space) = 0
     Total field sigma (voxel space) = 0
     Update field time sigma = 0
     Total field time sigma  = 0
     Number of time indices = 0
     Number of time point samples = 0
Registration using 1 total stages.

Stage 0
  iterations = 0
  convergence threshold = 1e-06
  convergence window size = 10
  number of levels = 1
  using the Mattes MI metric (number of bins = 32, weight = 1, use gradient filter = 0)
  preprocessing:  winsorizing the image intensities
  Shrink factors (level 1 out of 1): [1, 1, 1]
  smoothing sigmas per level: [0]
  regular sampling (percentage = 0.25)

*** Running Euler3DTransform registration ***

  Elapsed time (stage 0): 1.15292


Total elapsed time: 1.15574
Info [verificarlo]: loaded backend libinterflop_ieee.so
Info [interflop-ieee]: load backend with:
Info [interflop-ieee]: debug = false
Info [interflop-ieee]: debug-binary = false
Info [interflop-ieee]: no-backend-name = false
Info [interflop-ieee]: print-new-line = false
Info [interflop-ieee]: print-subnormal-normalized = false
Info [interflop-ieee]: count-op = false
All_Command_lines_OK
Using double precision for computations.
=============================================================================
The composite transform comprises the following transforms (in order): 
  1. /home/mdugre/scratch/mri-registration-rp/datasets/ds004513/derivatives/mri-registration-rp/0001/antsRegistration-r7-p16/sub-s025/align_Composite.h5[0] (type = Euler3DTransform)
  2. /home/mdugre/scratch/mri-registration-rp/datasets/ds004513/derivatives/mri-registration-rp/0001/antsRegistration-r7-p16/sub-s025/align_Composite.h5[1] (type = Euler3DTransform)
=============================================================================
  number of levels = 4
  fixed image: /templateflow/tpl-MNI152NLin2009cAsym/tpl-MNI152NLin2009cAsym_res-01_desc-brain_T1w.nii.gz
  moving image: /home/mdugre/scratch/mri-registration-rp/datasets/ds004513/derivatives/mri-registration-rp/antsBrainExtraction/sub-s025/BrainExtractionBrain.nii.gz
Dimension = 3
Number of stages = 1
Use histogram matching = false
Winsorize image intensities = true
  Lower quantile = 0.005
  Upper quantile = 0.995


Stage 1 State
   Image metric = MattesMI
     Fixed image = Image (0x3882530)
  RTTI typeinfo:   itk::Image<double, 3u>
  Reference Count: 2
  Modified Time: 1580
  Debug: Off
  Object Name: 
  Observers: 
    none
  Source: (none)
  Source output name: (none)
  Release Data: Off
  Data Released: False
  Global Release Data: Off
  PipelineMTime: 0
  UpdateMTime: 1189
  RealTimeStamp: 0 seconds 
  LargestPossibleRegion: 
    Dimension: 3
    Index: [0, 0, 0]
    Size: [193, 229, 193]
  BufferedRegion: 
    Dimension: 3
    Index: [0, 0, 0]
    Size: [193, 229, 193]
  RequestedRegion: 
    Dimension: 3
    Index: [0, 0, 0]
    Size: [193, 229, 193]
  Spacing: [1, 1, 1]
  Origin: [96, 132, -78]
  Direction: 
-1 0 0
0 -1 0
0 0 1

  IndexToPointMatrix: 
-1 0 0
0 -1 0
0 0 1

  PointToIndexMatrix: 
-1 0 0
0 -1 0
0 0 1

  Inverse Direction: 
-1 0 0
0 -1 0
0 0 1

  PixelContainer: 
    ImportImageContainer (0x3940d60)
      RTTI typeinfo:   itk::ImportImageContainer<unsigned long, double>
      Reference Count: 1
      Modified Time: 1186
      Debug: Off
      Object Name: 
      Observers: 
        none
      Pointer: 0x14f5ff84b010
      Container manages memory: true
      Size: 8530021
      Capacity: 8530021

     Moving image = Image (0x3932f60)
  RTTI typeinfo:   itk::Image<double, 3u>
  Reference Count: 2
  Modified Time: 1581
  Debug: Off
  Object Name: 
  Observers: 
    none
  Source: (none)
  Source output name: (none)
  Release Data: Off
  Data Released: False
  Global Release Data: Off
  PipelineMTime: 0
  UpdateMTime: 1578
  RealTimeStamp: 0 seconds 
  LargestPossibleRegion: 
    Dimension: 3
    Index: [0, 0, 0]
    Size: [176, 240, 256]
  BufferedRegion: 
    Dimension: 3
    Index: [0, 0, 0]
    Size: [176, 240, 256]
  RequestedRegion: 
    Dimension: 3
    Index: [0, 0, 0]
    Size: [176, 240, 256]
  Spacing: [0.999999, 1, 1]
  Origin: [90.3778, 84.5091, -154.071]
  Direction: 
-0.999391 7.48184e-06 -0.0348969
-7.47664e-06 -1 -2.7953e-07
-0.0348969 -1.84481e-08 0.999391

  IndexToPointMatrix: 
-0.99939 7.48184e-06 -0.0348969
-7.47663e-06 -1 -2.7953e-07
-0.0348968 -1.84481e-08 0.999391

  PointToIndexMatrix: 
-0.999392 -7.47665e-06 -0.0348969
7.48184e-06 -1 -1.84481e-08
-0.0348969 -2.7953e-07 0.999391

  Inverse Direction: 
-0.999391 -7.47664e-06 -0.0348969
7.48184e-06 -1 -1.84481e-08
-0.0348969 -2.7953e-07 0.999391

  PixelContainer: 
    ImportImageContainer (0x39246d0)
      RTTI typeinfo:   itk::ImportImageContainer<unsigned long, double>
      Reference Count: 1
      Modified Time: 1575
      Debug: Off
      Object Name: 
      Observers: 
        none
      Pointer: 0x14f5fa5ca010
      Container manages memory: true
      Size: 10813440
      Capacity: 10813440

     Weighting = 1
     Sampling strategy = regular
     Number of bins = 32
     Radius = 4
     Sampling percentage  = 0.25
   Transform = Rigid
     Gradient step = 0.1
     Update field sigma (voxel space) = 0
     Total field sigma (voxel space) = 0
     Update field time sigma = 0
     Total field time sigma  = 0
     Number of time indices = 0
     Number of time point samples = 0
Registration using 1 total stages.

Stage 0
  iterations = 1000x500x250x100
  convergence threshold = 1e-06
  convergence window size = 10
  number of levels = 4
  using the Mattes MI metric (number of bins = 32, weight = 1, use gradient filter = 0)
  preprocessing:  winsorizing the image intensities
  Shrink factors (level 1 out of 4): [8, 8, 8]
  Shrink factors (level 2 out of 4): [4, 4, 4]
  Shrink factors (level 3 out of 4): [2, 2, 2]
  Shrink factors (level 4 out of 4): [1, 1, 1]
  smoothing sigmas per level: [3, 2, 1, 0]
  regular sampling (percentage = 0.25)

*** Running Euler3DTransform registration ***

DIAGNOSTIC,Iteration,metricValue,convergenceValue,ITERATION_TIME_INDEX,SINCE_LAST
 2DIAGNOSTIC,     1, -5.323241903179e-01, 1.797693134862e+308, 7.9828e-01, 7.9828e-01, 
 2DIAGNOSTIC,     2, -5.346190553927e-01, 1.797693134862e+308, 8.0362e-01, 5.3439e-03, 
 2DIAGNOSTIC,     3, -5.378036555361e-01, 1.797693134862e+308, 8.0889e-01, 5.2671e-03, 
 2DIAGNOSTIC,     4, -5.422949451405e-01, 1.797693134862e+308, 8.1338e-01, 4.4851e-03, 
 2DIAGNOSTIC,     5, -5.486805952477e-01, 1.797693134862e+308, 8.1788e-01, 4.5009e-03, 
 2DIAGNOSTIC,     6, -5.542790085272e-01, 1.797693134862e+308, 8.2236e-01, 4.4870e-03, 
 2DIAGNOSTIC,     7, -5.627123115611e-01, 1.797693134862e+308, 8.2697e-01, 4.6060e-03, 
 2DIAGNOSTIC,     8, -5.766609943856e-01, 1.797693134862e+308, 8.3163e-01, 4.6570e-03, 
 2DIAGNOSTIC,     9, -5.881111419397e-01, 1.797693134862e+308, 8.3629e-01, 4.6620e-03, 
 2DIAGNOSTIC,    10, -6.012927005665e-01, 7.820055967720e-03, 8.4255e-01, 6.2661e-03, 
 2DIAGNOSTIC,    11, -6.192402913588e-01, 8.564422673927e-03, 8.5085e-01, 8.2979e-03, 
 2DIAGNOSTIC,    12, -6.197111897440e-01, 8.513711436486e-03, 8.5540e-01, 4.5521e-03, 
 2DIAGNOSTIC,    13, -6.223136777511e-01, 7.932305190636e-03, 8.6006e-01, 4.6511e-03, 
 2DIAGNOSTIC,    14, -6.239859078534e-01, 6.938967258809e-03, 8.6466e-01, 4.6020e-03, 
 2DIAGNOSTIC,    15, -6.258731029038e-01, 5.722268374549e-03, 8.6931e-01, 4.6480e-03, 
 2DIAGNOSTIC,    16, -6.290042957049e-01, 4.404898010752e-03, 8.7401e-01, 4.7050e-03, 
 2DIAGNOSTIC,    17, -6.327399548203e-01, 3.192249458130e-03, 8.7981e-01, 5.8041e-03, 
 2DIAGNOSTIC,    18, -6.361770329222e-01, 2.298162514762e-03, 8.8563e-01, 5.8150e-03, 
 2DIAGNOSTIC,    19, -6.381920794997e-01, 1.629119691557e-03, 8.9091e-01, 5.2819e-03, 
 2DIAGNOSTIC,    20, -6.414786468702e-01, 1.264281191359e-03, 8.9524e-01, 4.3290e-03, 
 2DIAGNOSTIC,    21, -6.422621311639e-01, 1.244231354829e-03, 8.9983e-01, 4.5879e-03, 
 2DIAGNOSTIC,    22, -6.443386369803e-01, 1.164065699796e-03, 9.0416e-01, 4.3290e-03, 
 2DIAGNOSTIC,    23, -6.458367311101e-01, 1.066297096179e-03, 9.0858e-01, 4.4270e-03, 
 2DIAGNOSTIC,    24, -6.528535017192e-01, 1.047817945950e-03, 9.1369e-01, 5.1050e-03, 
 2DIAGNOSTIC,    25, -6.591704567417e-01, 1.083081270866e-03, 9.1993e-01, 6.2411e-03, 
 2DIAGNOSTIC,    26, -6.605963666763e-01, 1.093549192612e-03, 9.2478e-01, 4.8451e-03, 
 2DIAGNOSTIC,    27, -6.608439803985e-01, 1.070984923192e-03, 9.2907e-01, 4.2949e-03, 
 2DIAGNOSTIC,    28, -6.615671815005e-01, 1.019502607777e-03, 9.3360e-01, 4.5278e-03, 
 2DIAGNOSTIC,    29, -6.628794669768e-01, 9.260608170675e-04, 9.3792e-01, 4.3240e-03, 
 2DIAGNOSTIC,    30, -6.728294526886e-01, 9.537363651819e-04, 9.4410e-01, 6.1738e-03, 
 2DIAGNOSTIC,    31, -6.735478046470e-01, 9.084133022799e-04, 9.4844e-01, 4.3399e-03, 
 2DIAGNOSTIC,    32, -6.743491423008e-01, 8.254103290163e-04, 9.5277e-01, 4.3330e-03, 
 2DIAGNOSTIC,    33, -6.778518196265e-01, 7.396577769450e-04, 9.5736e-01, 4.5881e-03, 
 2DIAGNOSTIC,    34, -6.872953131840e-01, 8.064164362249e-04, 9.6642e-01, 9.0640e-03, 
 2DIAGNOSTIC,    35, -6.877326327899e-01, 8.751656105264e-04, 9.7104e-01, 4.6151e-03, 
 2DIAGNOSTIC,    36, -6.893219006338e-01, 8.964351925413e-04, 9.7543e-01, 4.3900e-03, 
 2DIAGNOSTIC,    37, -6.927389367546e-01, 8.791551097922e-04, 9.7981e-01, 4.3850e-03, 
 2DIAGNOSTIC,    38, -7.010264193098e-01, 8.853838439742e-04, 9.8418e-01, 4.3728e-03, 
 2DIAGNOSTIC,    39, -7.063974058570e-01, 8.771629095344e-04, 9.8860e-01, 4.4129e-03, 
 2DIAGNOSTIC,    40, -7.084273552199e-01, 9.204290284555e-04, 9.9300e-01, 4.4041e-03, 
 2DIAGNOSTIC,    41, -7.161068314318e-01, 9.682055099440e-04, 9.9799e-01, 4.9891e-03, 
 2DIAGNOSTIC,    42, -7.193574513047e-01, 9.623185912497e-04, 1.0039e+00, 5.9469e-03, 
 2DIAGNOSTIC,    43, -7.222546422952e-01, 9.273079157986e-04, 1.0083e+00, 4.3790e-03, 
 2DIAGNOSTIC,    44, -7.286151683754e-01, 9.649381478230e-04, 1.0127e+00, 4.3430e-03, 
 2DIAGNOSTIC,    45, -7.391775576434e-01, 1.015917822533e-03, 1.0172e+00, 4.5340e-03, 
 2DIAGNOSTIC,    46, -7.438975760967e-01, 1.025481805190e-03, 1.0217e+00, 4.5450e-03, 
 2DIAGNOSTIC,    47, -7.510544746643e-01, 1.033975275411e-03, 1.0297e+00, 7.9310e-03, 
 2DIAGNOSTIC,    48, -7.533679086795e-01, 1.039324134130e-03, 1.0340e+00, 4.2970e-03, 
 2DIAGNOSTIC,    49, -7.538698505723e-01, 9.976794055932e-04, 1.0382e+00, 4.2560e-03, 
 2DIAGNOSTIC,    50, -7.556827711318e-01, 8.940836084334e-04, 1.0430e+00, 4.7429e-03, 
 2DIAGNOSTIC,    51, -7.575800268641e-01, 7.901098597550e-04, 1.0478e+00, 4.8342e-03, 
 2DIAGNOSTIC,    52, -7.582402088021e-01, 6.476479222641e-04, 1.0537e+00, 5.8849e-03, 
 2DIAGNOSTIC,    53, -7.587286651348e-01, 4.768468299980e-04, 1.0580e+00, 4.2820e-03, 
 2DIAGNOSTIC,    54, -7.593162439472e-01, 3.219265485529e-04, 1.0628e+00, 4.8170e-03, 
 2DIAGNOSTIC,    55, -7.601048092434e-01, 2.306489408036e-04, 1.0675e+00, 4.7071e-03, 
 2DIAGNOSTIC,    56, -7.602310924702e-01, 1.563539769125e-04, 1.0722e+00, 4.7331e-03, 
 2DIAGNOSTIC,    57, -7.601274202102e-01, 1.225546577449e-04, 1.0765e+00, 4.2870e-03, 
 2DIAGNOSTIC,    58, -7.606527642576e-01, 9.950143551534e-05, 1.0807e+00, 4.2169e-03, 
 2DIAGNOSTIC,    59, -7.606921853091e-01, 7.139985109211e-05, 1.0865e+00, 5.8219e-03, 
 2DIAGNOSTIC,    60, -7.606669744697e-01, 4.981088292974e-05, 1.0913e+00, 4.7710e-03, 
 2DIAGNOSTIC,    61, -7.608873490790e-01, 3.896238574612e-05, 1.0955e+00, 4.1971e-03, 
 2DIAGNOSTIC,    62, -7.616490841630e-01, 3.447842459854e-05, 1.1014e+00, 5.8420e-03, 
 2DIAGNOSTIC,    63, -7.619319867537e-01, 3.182180451916e-05, 1.1062e+00, 4.8208e-03, 
 2DIAGNOSTIC,    64, -7.619836628822e-01, 3.031034855992e-05, 1.1104e+00, 4.1711e-03, 
 2DIAGNOSTIC,    65, -7.619831969158e-01, 3.118091467443e-05, 1.1146e+00, 4.2241e-03, 
 2DIAGNOSTIC,    66, -7.621454595775e-01, 3.095881970354e-05, 1.1193e+00, 4.7319e-03, 
 2DIAGNOSTIC,    67, -7.621585666911e-01, 2.704555900699e-05, 1.1235e+00, 4.2191e-03, 
 2DIAGNOSTIC,    68, -7.620466333277e-01, 2.321692757796e-05, 1.1283e+00, 4.7350e-03, 
 2DIAGNOSTIC,    69, -7.620528154136e-01, 1.772255922530e-05, 1.1329e+00, 4.6580e-03, 
 2DIAGNOSTIC,    70, -7.619589411213e-01, 1.007213094428e-05, 1.1376e+00, 4.6730e-03, 
 2DIAGNOSTIC,    71, -7.618552017608e-01, 2.307418625697e-06, 1.1428e+00, 5.2450e-03, 
DIAGNOSTIC,Iteration,metricValue,convergenceValue,ITERATION_TIME_INDEX,SINCE_LAST
 2DIAGNOSTIC,     1, -6.049176885107e-01, 1.797693134862e+308, 1.8871e+00, 7.4427e-01, 
 2DIAGNOSTIC,     2, -6.057226562097e-01, 1.797693134862e+308, 1.9148e+00, 2.7688e-02, 
 2DIAGNOSTIC,     3, -6.070025504828e-01, 1.797693134862e+308, 1.9452e+00, 3.0444e-02, 
 2DIAGNOSTIC,     4, -6.082863830162e-01, 1.797693134862e+308, 1.9789e+00, 3.3708e-02, 
 2DIAGNOSTIC,     5, -6.094590945720e-01, 1.797693134862e+308, 2.0070e+00, 2.8041e-02, 
 2DIAGNOSTIC,     6, -6.106544426852e-01, 1.797693134862e+308, 2.0348e+00, 2.7858e-02, 
 2DIAGNOSTIC,     7, -6.123343125987e-01, 1.797693134862e+308, 2.0654e+00, 3.0595e-02, 
 2DIAGNOSTIC,     8, -6.141205939364e-01, 1.797693134862e+308, 2.0977e+00, 3.2299e-02, 
 2DIAGNOSTIC,     9, -6.150639721933e-01, 1.797693134862e+308, 2.1426e+00, 4.4904e-02, 
 2DIAGNOSTIC,    10, -6.153984883774e-01, 1.201240584187e-03, 2.1719e+00, 2.9288e-02, 
 2DIAGNOSTIC,    11, -6.166389570842e-01, 1.079888282134e-03, 2.2008e+00, 2.8832e-02, 
 2DIAGNOSTIC,    12, -6.196278597042e-01, 1.026763772404e-03, 2.2305e+00, 2.9691e-02, 
 2DIAGNOSTIC,    13, -6.204325981470e-01, 9.600164689574e-04, 2.2638e+00, 3.3323e-02, 
 2DIAGNOSTIC,    14, -6.210420432158e-01, 8.792626134106e-04, 2.3079e+00, 4.4097e-02, 
 2DIAGNOSTIC,    15, -6.210490061099e-01, 7.671579213306e-04, 2.3370e+00, 2.9129e-02, 
 2DIAGNOSTIC,    16, -6.210638088478e-01, 6.334364051121e-04, 2.3697e+00, 3.2713e-02, 
 2DIAGNOSTIC,    17, -6.210710751656e-01, 5.011843842262e-04, 2.4017e+00, 3.1997e-02, 
 2DIAGNOSTIC,    18, -6.210357855092e-01, 3.818925111670e-04, 2.4452e+00, 4.3492e-02, 
 2DIAGNOSTIC,    19, -6.210257852569e-01, 2.638006159916e-04, 2.4798e+00, 3.4545e-02, 
 2DIAGNOSTIC,    20, -6.210153982541e-01, 1.410240643124e-04, 2.5089e+00, 2.9139e-02, 
 2DIAGNOSTIC,    21, -6.210054920277e-01, 4.264561816989e-05, 2.5454e+00, 3.6523e-02, 
 2DIAGNOSTIC,    22, -6.210059499383e-01, 1.182553928284e-05, 2.5775e+00, 3.2087e-02, 
DIAGNOSTIC,Iteration,metricValue,convergenceValue,ITERATION_TIME_INDEX,SINCE_LAST
 2DIAGNOSTIC,     1, -5.343855694476e-01, 1.797693134862e+308, 3.6289e+00, 1.0514e+00, 
 2DIAGNOSTIC,     2, -5.345371983681e-01, 1.797693134862e+308, 3.8881e+00, 2.5926e-01, 
 2DIAGNOSTIC,     3, -5.346259647579e-01, 1.797693134862e+308, 4.0960e+00, 2.0793e-01, 
 2DIAGNOSTIC,     4, -5.346658227301e-01, 1.797693134862e+308, 4.3070e+00, 2.1099e-01, 
 2DIAGNOSTIC,     5, -5.347450346021e-01, 1.797693134862e+308, 4.5180e+00, 2.1093e-01, 
 2DIAGNOSTIC,     6, -5.350704769084e-01, 1.797693134862e+308, 4.7540e+00, 2.3601e-01, 
 2DIAGNOSTIC,     7, -5.356400788798e-01, 1.797693134862e+308, 5.0273e+00, 2.7329e-01, 
 2DIAGNOSTIC,     8, -5.356906306672e-01, 1.797693134862e+308, 5.2774e+00, 2.5013e-01, 
 2DIAGNOSTIC,     9, -5.357410344609e-01, 1.797693134862e+308, 5.5145e+00, 2.3710e-01, 
 2DIAGNOSTIC,    10, -5.359312753503e-01, 2.078509075378e-04, 5.7976e+00, 2.8310e-01, 
 2DIAGNOSTIC,    11, -5.360625416951e-01, 1.938822261100e-04, 6.1496e+00, 3.5199e-01, 
 2DIAGNOSTIC,    12, -5.360620960082e-01, 1.712622000694e-04, 6.5681e+00, 4.1854e-01, 
 2DIAGNOSTIC,    13, -5.360648054761e-01, 1.409114876429e-04, 6.9094e+00, 3.4130e-01, 
 2DIAGNOSTIC,    14, -5.360658536022e-01, 1.043045690726e-04, 7.1642e+00, 2.5480e-01, 
 2DIAGNOSTIC,    15, -5.360658010697e-01, 6.587580715668e-05, 7.4167e+00, 2.5251e-01, 
 2DIAGNOSTIC,    16, -5.360646545147e-01, 3.657863247052e-05, 7.6699e+00, 2.5314e-01, 
 2DIAGNOSTIC,    17, -5.360634933109e-01, 2.535112879026e-05, 8.0565e+00, 3.8666e-01, 
 2DIAGNOSTIC,    18, -5.360628057504e-01, 1.476103593661e-05, 8.3640e+00, 3.0745e-01, 
 2DIAGNOSTIC,    19, -5.360613024509e-01, 5.339163511663e-06, 8.7684e+00, 4.0439e-01, 
 2DIAGNOSTIC,    20, -5.360615681273e-01, 1.476181279096e-06, 9.0529e+00, 2.8449e-01, 
 2DIAGNOSTIC,    21, -5.360598427367e-01, 1.266724507190e-06, 9.3008e+00, 2.4790e-01, 
 2DIAGNOSTIC,    22, -5.360595006839e-01, 1.080328570963e-06, 9.5521e+00, 2.5132e-01, 
DIAGNOSTIC,Iteration,metricValue,convergenceValue,ITERATION_TIME_INDEX,SINCE_LAST
 2DIAGNOSTIC,     1, -4.898582602240e-01, 1.797693134862e+308, 1.3913e+01, 4.3605e+00, 
 2DIAGNOSTIC,     2, -4.898587718445e-01, 1.797693134862e+308, 1.5587e+01, 1.6739e+00, 
 2DIAGNOSTIC,     3, -4.898588057466e-01, 1.797693134862e+308, 1.7093e+01, 1.5065e+00, 
 2DIAGNOSTIC,     4, -4.898586152190e-01, 1.797693134862e+308, 1.9274e+01, 2.1805e+00, 
 2DIAGNOSTIC,     5, -4.898583317457e-01, 1.797693134862e+308, 2.0866e+01, 1.5927e+00, 
 2DIAGNOSTIC,     6, -4.898582577010e-01, 1.797693134862e+308, 2.2242e+01, 1.3762e+00, 
 2DIAGNOSTIC,     7, -4.898582128937e-01, 1.797693134862e+308, 2.3594e+01, 1.3514e+00, 
 2DIAGNOSTIC,     8, -4.898578322495e-01, 1.797693134862e+308, 2.4946e+01, 1.3525e+00, 
 2DIAGNOSTIC,     9, -4.898579750001e-01, 1.797693134862e+308, 2.6451e+01, 1.5046e+00, 
 2DIAGNOSTIC,    10, -4.898577946718e-01, 3.062326307285e-06, 2.7964e+01, 1.5132e+00, 
 2DIAGNOSTIC,    11, -4.898578771297e-01, 2.761634709331e-06, 2.9689e+01, 1.7246e+00, 
 2DIAGNOSTIC,    12, -4.898579580446e-01, 2.551009835539e-06, 3.1371e+01, 1.6820e+00, 
 2DIAGNOSTIC,    13, -4.898580855572e-01, 2.389122132532e-06, 3.2988e+01, 1.6176e+00, 
 2DIAGNOSTIC,    14, -4.898580812164e-01, 2.247737147854e-06, 3.4737e+01, 1.7489e+00, 
 2DIAGNOSTIC,    15, -4.898581530383e-01, 2.119265491748e-06, 3.6186e+01, 1.4491e+00, 
 2DIAGNOSTIC,    16, -4.898580406780e-01, 2.000148280862e-06, 3.7715e+01, 1.5291e+00, 
 2DIAGNOSTIC,    17, -4.898582766947e-01, 1.900856995057e-06, 3.9663e+01, 1.9478e+00, 
 2DIAGNOSTIC,    18, -4.898579924228e-01, 1.787963389288e-06, 4.1340e+01, 1.6772e+00, 
 2DIAGNOSTIC,    19, -4.898579240445e-01, 1.687789052608e-06, 4.2688e+01, 1.3480e+00, 
 2DIAGNOSTIC,    20, -4.898580046051e-01, 1.593542277113e-06, 4.4311e+01, 1.6227e+00, 
 2DIAGNOSTIC,    21, -4.898579399877e-01, 1.508262867260e-06, 4.5890e+01, 1.5785e+00, 
 2DIAGNOSTIC,    22, -4.898577686693e-01, 1.428871043048e-06, 4.7404e+01, 1.5139e+00, 
 2DIAGNOSTIC,    23, -4.898575898987e-01, 1.356904639198e-06, 4.8777e+01, 1.3735e+00, 
 2DIAGNOSTIC,    24, -4.898574480263e-01, 1.289955930253e-06, 5.0408e+01, 1.6311e+00, 
 2DIAGNOSTIC,    25, -4.898572955443e-01, 1.229813492175e-06, 5.2083e+01, 1.6750e+00, 
 2DIAGNOSTIC,    26, -4.898573757064e-01, 1.177357446383e-06, 5.3855e+01, 1.7716e+00, 
 2DIAGNOSTIC,    27, -4.898572376158e-01, 1.135362772429e-06, 5.5559e+01, 1.7045e+00, 
 2DIAGNOSTIC,    28, -4.898569502477e-01, 1.088734335145e-06, 5.7091e+01, 1.5317e+00, 
 2DIAGNOSTIC,    29, -4.898569385941e-01, 1.048303050824e-06, 5.8622e+01, 1.5312e+00, 
 2DIAGNOSTIC,    30, -4.898569723159e-01, 1.017261329256e-06, 6.0164e+01, 1.5421e+00, 
  Elapsed time (stage 0): 6.0992e+01


Total elapsed time: 6.0996e+01
Info [verificarlo]: loaded backend libinterflop_ieee.so
Info [interflop-ieee]: load backend with:
Info [interflop-ieee]: debug = false
Info [interflop-ieee]: debug-binary = false
Info [interflop-ieee]: no-backend-name = false
Info [interflop-ieee]: print-new-line = false
Info [interflop-ieee]: print-subnormal-normalized = false
Info [interflop-ieee]: count-op = false
All_Command_lines_OK
Using double precision for computations.
=============================================================================
The composite transform comprises the following transforms (in order): 
  1. /home/mdugre/scratch/mri-registration-rp/datasets/ds004513/derivatives/mri-registration-rp/0001/antsRegistration-r7-p16/sub-s025/rigid_Composite.h5[0] (type = Euler3DTransform)
  2. /home/mdugre/scratch/mri-registration-rp/datasets/ds004513/derivatives/mri-registration-rp/0001/antsRegistration-r7-p16/sub-s025/rigid_Composite.h5[1] (type = Euler3DTransform)
  3. /home/mdugre/scratch/mri-registration-rp/datasets/ds004513/derivatives/mri-registration-rp/0001/antsRegistration-r7-p16/sub-s025/rigid_Composite.h5[2] (type = Euler3DTransform)
=============================================================================
  number of levels = 4
  fixed image: /templateflow/tpl-MNI152NLin2009cAsym/tpl-MNI152NLin2009cAsym_res-01_desc-brain_T1w.nii.gz
  moving image: /home/mdugre/scratch/mri-registration-rp/datasets/ds004513/derivatives/mri-registration-rp/antsBrainExtraction/sub-s025/BrainExtractionBrain.nii.gz
Dimension = 3
Number of stages = 1
Use histogram matching = false
Winsorize image intensities = true
  Lower quantile = 0.005
  Upper quantile = 0.995


Stage 1 State
   Image metric = MattesMI
     Fixed image = Image (0x33347e0)
  RTTI typeinfo:   itk::Image<double, 3u>
  Reference Count: 2
  Modified Time: 1594
  Debug: Off
  Object Name: 
  Observers: 
    none
  Source: (none)
  Source output name: (none)
  Release Data: Off
  Data Released: False
  Global Release Data: Off
  PipelineMTime: 0
  UpdateMTime: 1203
  RealTimeStamp: 0 seconds 
  LargestPossibleRegion: 
    Dimension: 3
    Index: [0, 0, 0]
    Size: [193, 229, 193]
  BufferedRegion: 
    Dimension: 3
    Index: [0, 0, 0]
    Size: [193, 229, 193]
  RequestedRegion: 
    Dimension: 3
    Index: [0, 0, 0]
    Size: [193, 229, 193]
  Spacing: [1, 1, 1]
  Origin: [96, 132, -78]
  Direction: 
-1 0 0
0 -1 0
0 0 1

  IndexToPointMatrix: 
-1 0 0
0 -1 0
0 0 1

  PointToIndexMatrix: 
-1 0 0
0 -1 0
0 0 1

  Inverse Direction: 
-1 0 0
0 -1 0
0 0 1

  PixelContainer: 
    ImportImageContainer (0x33f4a20)
      RTTI typeinfo:   itk::ImportImageContainer<unsigned long, double>
      Reference Count: 1
      Modified Time: 1200
      Debug: Off
      Object Name: 
      Observers: 
        none
      Pointer: 0x14644c3be010
      Container manages memory: true
      Size: 8530021
      Capacity: 8530021

     Moving image = Image (0x33efd70)
  RTTI typeinfo:   itk::Image<double, 3u>
  Reference Count: 2
  Modified Time: 1595
  Debug: Off
  Object Name: 
  Observers: 
    none
  Source: (none)
  Source output name: (none)
  Release Data: Off
  Data Released: False
  Global Release Data: Off
  PipelineMTime: 0
  UpdateMTime: 1592
  RealTimeStamp: 0 seconds 
  LargestPossibleRegion: 
    Dimension: 3
    Index: [0, 0, 0]
    Size: [176, 240, 256]
  BufferedRegion: 
    Dimension: 3
    Index: [0, 0, 0]
    Size: [176, 240, 256]
  RequestedRegion: 
    Dimension: 3
    Index: [0, 0, 0]
    Size: [176, 240, 256]
  Spacing: [0.999999, 1, 1]
  Origin: [90.3778, 84.5091, -154.071]
  Direction: 
-0.999391 7.48184e-06 -0.0348969
-7.47664e-06 -1 -2.7953e-07
-0.0348969 -1.84481e-08 0.999391

  IndexToPointMatrix: 
-0.99939 7.48184e-06 -0.0348969
-7.47663e-06 -1 -2.7953e-07
-0.0348968 -1.84481e-08 0.999391

  PointToIndexMatrix: 
-0.999392 -7.47665e-06 -0.0348969
7.48184e-06 -1 -1.84481e-08
-0.0348969 -2.7953e-07 0.999391

  Inverse Direction: 
-0.999391 -7.47664e-06 -0.0348969
7.48184e-06 -1 -1.84481e-08
-0.0348969 -2.7953e-07 0.999391

  PixelContainer: 
    ImportImageContainer (0x33a7c90)
      RTTI typeinfo:   itk::ImportImageContainer<unsigned long, double>
      Reference Count: 1
      Modified Time: 1589
      Debug: Off
      Object Name: 
      Observers: 
        none
      Pointer: 0x14644713d010
      Container manages memory: true
      Size: 10813440
      Capacity: 10813440

     Weighting = 1
     Sampling strategy = regular
     Number of bins = 32
     Radius = 4
     Sampling percentage  = 0.25
   Transform = Affine
     Gradient step = 0.1
     Update field sigma (voxel space) = 0
     Total field sigma (voxel space) = 0
     Update field time sigma = 0
     Total field time sigma  = 0
     Number of time indices = 0
     Number of time point samples = 0
Registration using 1 total stages.

Stage 0
  iterations = 1000x500x250x100
  convergence threshold = 1e-06
  convergence window size = 10
  number of levels = 4
  using the Mattes MI metric (number of bins = 32, weight = 1, use gradient filter = 0)
  preprocessing:  winsorizing the image intensities
  Shrink factors (level 1 out of 4): [8, 8, 8]
  Shrink factors (level 2 out of 4): [4, 4, 4]
  Shrink factors (level 3 out of 4): [2, 2, 2]
  Shrink factors (level 4 out of 4): [1, 1, 1]
  smoothing sigmas per level: [3, 2, 1, 0]
  regular sampling (percentage = 0.25)

*** Running AffineTransform registration ***

DIAGNOSTIC,Iteration,metricValue,convergenceValue,ITERATION_TIME_INDEX,SINCE_LAST
 2DIAGNOSTIC,     1, -7.477633275737e-01, 1.797693134862e+308, 8.7706e-01, 8.7706e-01, 
 2DIAGNOSTIC,     2, -7.499757740393e-01, 1.797693134862e+308, 8.8342e-01, 6.3610e-03, 
 2DIAGNOSTIC,     3, -7.535505039898e-01, 1.797693134862e+308, 8.8952e-01, 6.1049e-03, 
 2DIAGNOSTIC,     4, -7.597650794914e-01, 1.797693134862e+308, 8.9517e-01, 5.6422e-03, 
 2DIAGNOSTIC,     5, -7.725695482273e-01, 1.797693134862e+308, 9.0105e-01, 5.8849e-03, 
 2DIAGNOSTIC,     6, -7.974744634262e-01, 1.797693134862e+308, 9.0796e-01, 6.9060e-03, 
 2DIAGNOSTIC,     7, -8.311004322280e-01, 1.797693134862e+308, 9.1945e-01, 1.1492e-02, 
 2DIAGNOSTIC,     8, -8.317414161151e-01, 1.797693134862e+308, 9.2530e-01, 5.8560e-03, 
 2DIAGNOSTIC,     9, -8.354329928993e-01, 1.797693134862e+308, 9.3106e-01, 5.7561e-03, 
 2DIAGNOSTIC,    10, -8.414997530559e-01, 9.357668056283e-03, 9.3706e-01, 6.0010e-03, 
 2DIAGNOSTIC,    11, -8.498961535375e-01, 8.527222486580e-03, 9.4321e-01, 6.1471e-03, 
 2DIAGNOSTIC,    12, -8.623824838178e-01, 7.490462087040e-03, 9.4909e-01, 5.8830e-03, 
 2DIAGNOSTIC,    13, -8.801167584624e-01, 6.519849865945e-03, 9.5548e-01, 6.3889e-03, 
 2DIAGNOSTIC,    14, -8.949137058906e-01, 5.632102876214e-03, 9.6142e-01, 5.9352e-03, 
 2DIAGNOSTIC,    15, -9.082529291610e-01, 4.951002491646e-03, 9.6747e-01, 6.0570e-03, 
 2DIAGNOSTIC,    16, -9.211801218184e-01, 4.699116923235e-03, 9.7435e-01, 6.8760e-03, 
 2DIAGNOSTIC,    17, -9.338050624497e-01, 4.971374161097e-03, 9.8182e-01, 7.4720e-03, 
 2DIAGNOSTIC,    18, -9.357726493255e-01, 4.797027859695e-03, 9.8786e-01, 6.0441e-03, 
 2DIAGNOSTIC,    19, -9.367663415657e-01, 4.285339578225e-03, 9.9386e-01, 5.9929e-03, 
 2DIAGNOSTIC,    20, -9.378763280308e-01, 3.555301032150e-03, 1.0045e+00, 1.0614e-02, 
 2DIAGNOSTIC,    21, -9.376900359807e-01, 2.699249897929e-03, 1.0103e+00, 5.8150e-03, 
 2DIAGNOSTIC,    22, -9.378579697663e-01, 1.863070087906e-03, 1.0162e+00, 5.9488e-03, 
 2DIAGNOSTIC,    23, -9.382216376013e-01, 1.190677771276e-03, 1.0223e+00, 6.0189e-03, 
 2DIAGNOSTIC,    24, -9.384595164199e-01, 6.733360358806e-04, 1.0280e+00, 5.7940e-03, 
 2DIAGNOSTIC,    25, -9.385201336998e-01, 3.109189017439e-04, 1.0350e+00, 6.9060e-03, 
 2DIAGNOSTIC,    26, -9.382650418715e-01, 1.048682174167e-04, 1.0414e+00, 6.4158e-03, 
 2DIAGNOSTIC,    27, -9.382275454734e-01, 5.721122509085e-05, 1.0473e+00, 5.9371e-03, 
 2DIAGNOSTIC,    28, -9.382646203288e-01, 3.089925585005e-05, 1.0539e+00, 6.5639e-03, 
 2DIAGNOSTIC,    29, -9.383532653052e-01, 1.535517118446e-05, 1.0603e+00, 6.4771e-03, 
 2DIAGNOSTIC,    30, -9.384803415947e-01, 1.301948038344e-05, 1.0670e+00, 6.6190e-03, 
 2DIAGNOSTIC,    31, -9.385153694165e-01, 8.206294424010e-06, 1.0738e+00, 6.8030e-03, 
 2DIAGNOSTIC,    32, -9.386323712777e-01, 5.876132243759e-06, 1.0815e+00, 7.6811e-03, 
 2DIAGNOSTIC,    33, -9.386596854046e-01, 6.931652618940e-06, 1.0883e+00, 6.8309e-03, 
 2DIAGNOSTIC,    34, -9.383567283364e-01, 6.687714220105e-06, 1.0947e+00, 6.4392e-03, 
 2DIAGNOSTIC,    35, -9.383757192221e-01, 6.790881755418e-06, 1.1006e+00, 5.8610e-03, 
 2DIAGNOSTIC,    36, -9.382465513755e-01, 2.900875098143e-06, 1.1064e+00, 5.8661e-03, 
DIAGNOSTIC,Iteration,metricValue,convergenceValue,ITERATION_TIME_INDEX,SINCE_LAST
 2DIAGNOSTIC,     1, -7.505811641967e-01, 1.797693134862e+308, 1.9506e+00, 8.4416e-01, 
 2DIAGNOSTIC,     2, -7.509858723020e-01, 1.797693134862e+308, 1.9849e+00, 3.4245e-02, 
 2DIAGNOSTIC,     3, -7.514493053934e-01, 1.797693134862e+308, 2.0190e+00, 3.4161e-02, 
 2DIAGNOSTIC,     4, -7.521537681902e-01, 1.797693134862e+308, 2.0536e+00, 3.4625e-02, 
 2DIAGNOSTIC,     5, -7.534828172720e-01, 1.797693134862e+308, 2.0881e+00, 3.4506e-02, 
 2DIAGNOSTIC,     6, -7.542662041112e-01, 1.797693134862e+308, 2.1497e+00, 6.1536e-02, 
 2DIAGNOSTIC,     7, -7.542602792036e-01, 1.797693134862e+308, 2.1904e+00, 4.0762e-02, 
 2DIAGNOSTIC,     8, -7.542708819681e-01, 1.797693134862e+308, 2.2305e+00, 4.0021e-02, 
 2DIAGNOSTIC,     9, -7.542545893413e-01, 1.797693134862e+308, 2.2689e+00, 3.8389e-02, 
 2DIAGNOSTIC,    10, -7.542598753076e-01, 3.665881082291e-04, 2.3067e+00, 3.7867e-02, 
 2DIAGNOSTIC,    11, -7.542607887232e-01, 2.626776039173e-04, 2.3457e+00, 3.8975e-02, 
 2DIAGNOSTIC,    12, -7.542481765874e-01, 1.655820734149e-04, 2.3794e+00, 3.3666e-02, 
 2DIAGNOSTIC,    13, -7.542430337486e-01, 8.229500845874e-05, 2.4148e+00, 3.5401e-02, 
 2DIAGNOSTIC,    14, -7.542758674738e-01, 2.276737184037e-05, 2.4521e+00, 3.7318e-02, 
 2DIAGNOSTIC,    15, -7.542794067048e-01, 2.234145463770e-06, 2.4871e+00, 3.5042e-02, 
 2DIAGNOSTIC,    16, -7.542968920334e-01, 3.146739594839e-06, 2.5254e+00, 3.8244e-02, 
 2DIAGNOSTIC,    17, -7.543729244207e-01, 5.398362304683e-06, 2.5627e+00, 3.7321e-02, 
 2DIAGNOSTIC,    18, -7.544804528075e-01, 9.520624849282e-06, 2.5980e+00, 3.5337e-02, 
 2DIAGNOSTIC,    19, -7.545725737709e-01, 1.394018341037e-05, 2.6392e+00, 4.1200e-02, 
 2DIAGNOSTIC,    20, -7.545635376911e-01, 1.669548071503e-05, 2.6811e+00, 4.1899e-02, 
 2DIAGNOSTIC,    21, -7.545242619385e-01, 1.715276624943e-05, 2.7319e+00, 5.0820e-02, 
 2DIAGNOSTIC,    22, -7.545264450639e-01, 1.595318168180e-05, 2.7654e+00, 3.3419e-02, 
 2DIAGNOSTIC,    23, -7.545001455441e-01, 1.292411563467e-05, 2.8020e+00, 3.6644e-02, 
 2DIAGNOSTIC,    24, -7.544900960365e-01, 9.417103362830e-06, 2.8531e+00, 5.1139e-02, 
 2DIAGNOSTIC,    25, -7.544919405385e-01, 5.544503324149e-06, 2.8889e+00, 3.5732e-02, 
 2DIAGNOSTIC,    26, -7.544657705905e-01, 1.452655504421e-06, 2.9272e+00, 3.8311e-02, 
DIAGNOSTIC,Iteration,metricValue,convergenceValue,ITERATION_TIME_INDEX,SINCE_LAST
 2DIAGNOSTIC,     1, -6.418135515001e-01, 1.797693134862e+308, 4.0110e+00, 1.0838e+00, 
 2DIAGNOSTIC,     2, -6.422813837333e-01, 1.797693134862e+308, 4.2640e+00, 2.5307e-01, 
 2DIAGNOSTIC,     3, -6.427674584628e-01, 1.797693134862e+308, 4.5219e+00, 2.5791e-01, 
 2DIAGNOSTIC,     4, -6.432263088529e-01, 1.797693134862e+308, 4.7949e+00, 2.7294e-01, 
 2DIAGNOSTIC,     5, -6.440426432617e-01, 1.797693134862e+308, 5.1117e+00, 3.1682e-01, 
 2DIAGNOSTIC,     6, -6.448978039195e-01, 1.797693134862e+308, 5.7179e+00, 6.0623e-01, 
 2DIAGNOSTIC,     7, -6.448963578058e-01, 1.797693134862e+308, 6.1324e+00, 4.1451e-01, 
 2DIAGNOSTIC,     8, -6.448980872614e-01, 1.797693134862e+308, 6.4276e+00, 2.9512e-01, 
 2DIAGNOSTIC,     9, -6.449029198699e-01, 1.797693134862e+308, 6.8130e+00, 3.8543e-01, 
 2DIAGNOSTIC,    10, -6.449052233992e-01, 3.474300585088e-04, 7.1607e+00, 3.4766e-01, 
 2DIAGNOSTIC,    11, -6.449087851425e-01, 2.464889848103e-04, 7.4990e+00, 3.3836e-01, 
 2DIAGNOSTIC,    12, -6.449069295104e-01, 1.577545220307e-04, 7.8639e+00, 3.6489e-01, 
 2DIAGNOSTIC,    13, -6.449086399288e-01, 8.560632989957e-05, 8.1993e+00, 3.3543e-01, 
 2DIAGNOSTIC,    14, -6.449056995027e-01, 3.017560651684e-05, 8.5447e+00, 3.4534e-01, 
 2DIAGNOSTIC,    15, -6.449045941945e-01, 2.852997314548e-06, 8.8866e+00, 3.4191e-01, 
 2DIAGNOSTIC,    16, -6.449030035944e-01, 2.419409823651e-06, 9.1955e+00, 3.0890e-01, 
 2DIAGNOSTIC,    17, -6.449030821889e-01, 1.962966470585e-06, 9.4886e+00, 2.9315e-01, 
 2DIAGNOSTIC,    18, -6.449026262635e-01, 1.577655285551e-06, 9.7557e+00, 2.6705e-01, 
 2DIAGNOSTIC,    19, -6.449028384992e-01, 1.367345019695e-06, 1.0021e+01, 2.6503e-01, 
 2DIAGNOSTIC,    20, -6.449041797527e-01, 1.285534322715e-06, 1.0394e+01, 3.7371e-01, 
 2DIAGNOSTIC,    21, -6.449036804621e-01, 1.304646925514e-06, 1.0699e+01, 3.0486e-01, 
 2DIAGNOSTIC,    22, -6.449016417808e-01, 1.262432289754e-06, 1.1002e+01, 3.0241e-01, 
 2DIAGNOSTIC,    23, -6.449013789207e-01, 1.271324162229e-06, 1.1273e+01, 2.7086e-01, 
 2DIAGNOSTIC,    24, -6.449019154480e-01, 1.245529046456e-06, 1.1575e+01, 3.0281e-01, 
 2DIAGNOSTIC,    25, -6.449028165746e-01, 1.225178719484e-06, 1.1879e+01, 3.0338e-01, 
 2DIAGNOSTIC,    26, -6.449037090597e-01, 1.198786136018e-06, 1.2159e+01, 2.7977e-01, 
 2DIAGNOSTIC,    27, -6.449033277345e-01, 1.172925302544e-06, 1.2456e+01, 2.9722e-01, 
 2DIAGNOSTIC,    28, -6.449053164695e-01, 1.174370867267e-06, 1.2752e+01, 2.9624e-01, 
 2DIAGNOSTIC,    29, -6.449030003025e-01, 1.138102894926e-06, 1.3036e+01, 2.8422e-01, 
 2DIAGNOSTIC,    30, -6.449049589554e-01, 1.149633822958e-06, 1.3322e+01, 2.8538e-01, 
 2DIAGNOSTIC,    31, -6.449031975672e-01, 1.119804237629e-06, 1.3577e+01, 2.5575e-01, 
 2DIAGNOSTIC,    32, -6.449103393584e-01, 1.154158024756e-06, 1.3890e+01, 3.1258e-01, 
 2DIAGNOSTIC,    33, -6.449134208993e-01, 1.206186363623e-06, 1.4201e+01, 3.1070e-01, 
 2DIAGNOSTIC,    34, -6.449140309570e-01, 1.246706221980e-06, 1.4501e+01, 3.0059e-01, 
 2DIAGNOSTIC,    35, -6.449134141899e-01, 1.260492481343e-06, 1.4776e+01, 2.7474e-01, 
 2DIAGNOSTIC,    36, -6.449117169282e-01, 1.231088531038e-06, 1.5061e+01, 2.8555e-01, 
 2DIAGNOSTIC,    37, -6.449100201002e-01, 1.143963183389e-06, 1.5314e+01, 2.5290e-01, 
 2DIAGNOSTIC,    38, -6.449091186200e-01, 1.046985841250e-06, 1.5679e+01, 3.6480e-01, 
DIAGNOSTIC,Iteration,metricValue,convergenceValue,ITERATION_TIME_INDEX,SINCE_LAST
 2DIAGNOSTIC,     1, -5.763373273217e-01, 1.797693134862e+308, 1.8651e+01, 2.9716e+00, 
 2DIAGNOSTIC,     2, -5.767496834560e-01, 1.797693134862e+308, 2.0442e+01, 1.7911e+00, 
 2DIAGNOSTIC,     3, -5.772465282272e-01, 1.797693134862e+308, 2.2256e+01, 1.8143e+00, 
 2DIAGNOSTIC,     4, -5.778288982973e-01, 1.797693134862e+308, 2.4022e+01, 1.7657e+00, 
 2DIAGNOSTIC,     5, -5.784420309051e-01, 1.797693134862e+308, 2.5588e+01, 1.5664e+00, 
 2DIAGNOSTIC,     6, -5.790735409205e-01, 1.797693134862e+308, 2.9570e+01, 3.9820e+00, 
 2DIAGNOSTIC,     7, -5.790736269901e-01, 1.797693134862e+308, 3.1443e+01, 1.8724e+00, 
 2DIAGNOSTIC,     8, -5.790734029306e-01, 1.797693134862e+308, 3.3847e+01, 2.4040e+00, 
 2DIAGNOSTIC,     9, -5.790732717294e-01, 1.797693134862e+308, 3.5842e+01, 1.9954e+00, 
 2DIAGNOSTIC,    10, -5.790729985395e-01, 3.341741278939e-04, 3.7744e+01, 1.9014e+00, 
 2DIAGNOSTIC,    11, -5.790730157018e-01, 2.301975682429e-04, 3.9552e+01, 1.8080e+00, 
 2DIAGNOSTIC,    12, -5.790728947404e-01, 1.400917026068e-04, 4.1374e+01, 1.8227e+00, 
 2DIAGNOSTIC,    13, -5.790729291178e-01, 7.027489005484e-05, 4.3373e+01, 1.9985e+00, 
 2DIAGNOSTIC,    14, -5.790727948815e-01, 2.436668174019e-05, 4.5216e+01, 1.8430e+00, 
