
##########################
# Experiment information #
##########################

EXPERIMENT_NAME: antsRegistration-r7-p21
VFC_BACKENDS: libinterflop_vprec.so --range-binary32=7 --precision-binary32=21 --range-binary64=7 --precision-binary64=21

SIF_IMG: /home/mdugre/projects/rrg-glatard/mdugre/containers/ants-vprec-no_metrics.simg

SUBJECT_ID: s003
INPUT_IMG: /home/mdugre/scratch/mri-registration-rp/datasets/ds004513/derivatives/mri-registration-rp/antsBrainExtraction/sub-s003/BrainExtractionBrain.nii.gz
OUTPUT_DIR: /home/mdugre/scratch/mri-registration-rp/datasets/ds004513/derivatives/mri-registration-rp/0001/antsRegistration-r7-p21/sub-s003

FIXED_IMG: /templateflow/tpl-MNI152NLin2009cAsym/tpl-MNI152NLin2009cAsym_res-01_desc-brain_T1w.nii.gz
DATA_DIR: /home/mdugre/scratch/mri-registration-rp/datasets/ds004513
TEMPLATEFLOW_DIR: /home/mdugre/projects/rrg-glatard/mdugre/templateflow
ITK_GLOBAL_DEFAULT_NUMBER_OF_THREADS: 16
##########################

Info [verificarlo]: loaded backend libinterflop_ieee.so
Info [interflop-ieee]: load backend with:
Info [interflop-ieee]: debug = false
Info [interflop-ieee]: debug-binary = false
Info [interflop-ieee]: no-backend-name = false
Info [interflop-ieee]: print-new-line = false
Info [interflop-ieee]: print-subnormal-normalized = false
Info [interflop-ieee]: count-op = false
All_Command_lines_OK
Using double precision for computations.
=============================================================================
The composite transform comprises the following transforms (in order): 
  1. Center of mass alignment using fixed image: /templateflow/tpl-MNI152NLin2009cAsym/tpl-MNI152NLin2009cAsym_res-01_desc-brain_T1w.nii.gz and moving image: /home/mdugre/scratch/mri-registration-rp/datasets/ds004513/derivatives/mri-registration-rp/antsBrainExtraction/sub-s003/BrainExtractionBrain.nii.gz (type = Euler3DTransform)
=============================================================================
  number of levels = 1
  fixed image: /templateflow/tpl-MNI152NLin2009cAsym/tpl-MNI152NLin2009cAsym_res-01_desc-brain_T1w.nii.gz
  moving image: /home/mdugre/scratch/mri-registration-rp/datasets/ds004513/derivatives/mri-registration-rp/antsBrainExtraction/sub-s003/BrainExtractionBrain.nii.gz
Dimension = 3
Number of stages = 1
Use histogram matching = false
Winsorize image intensities = true
  Lower quantile = 0.005
  Upper quantile = 0.995


Stage 1 State
   Image metric = MattesMI
     Fixed image = Image (0x3dade70)
  RTTI typeinfo:   itk::Image<double, 3u>
  Reference Count: 2
  Modified Time: 2334
  Debug: Off
  Object Name: 
  Observers: 
    none
  Source: (none)
  Source output name: (none)
  Release Data: Off
  Data Released: False
  Global Release Data: Off
  PipelineMTime: 0
  UpdateMTime: 1943
  RealTimeStamp: 0 seconds 
  LargestPossibleRegion: 
    Dimension: 3
    Index: [0, 0, 0]
    Size: [193, 229, 193]
  BufferedRegion: 
    Dimension: 3
    Index: [0, 0, 0]
    Size: [193, 229, 193]
  RequestedRegion: 
    Dimension: 3
    Index: [0, 0, 0]
    Size: [193, 229, 193]
  Spacing: [1, 1, 1]
  Origin: [96, 132, -78]
  Direction: 
-1 0 0
0 -1 0
0 0 1

  IndexToPointMatrix: 
-1 0 0
0 -1 0
0 0 1

  PointToIndexMatrix: 
-1 0 0
0 -1 0
0 0 1

  Inverse Direction: 
-1 0 0
0 -1 0
0 0 1

  PixelContainer: 
    ImportImageContainer (0x3dba140)
      RTTI typeinfo:   itk::ImportImageContainer<unsigned long, double>
      Reference Count: 1
      Modified Time: 1940
      Debug: Off
      Object Name: 
      Observers: 
        none
      Pointer: 0x14c5c9938010
      Container manages memory: true
      Size: 8530021
      Capacity: 8530021

     Moving image = Image (0x3db7310)
  RTTI typeinfo:   itk::Image<double, 3u>
  Reference Count: 2
  Modified Time: 2335
  Debug: Off
  Object Name: 
  Observers: 
    none
  Source: (none)
  Source output name: (none)
  Release Data: Off
  Data Released: False
  Global Release Data: Off
  PipelineMTime: 0
  UpdateMTime: 2332
  RealTimeStamp: 0 seconds 
  LargestPossibleRegion: 
    Dimension: 3
    Index: [0, 0, 0]
    Size: [176, 240, 256]
  BufferedRegion: 
    Dimension: 3
    Index: [0, 0, 0]
    Size: [176, 240, 256]
  RequestedRegion: 
    Dimension: 3
    Index: [0, 0, 0]
    Size: [176, 240, 256]
  Spacing: [0.999999, 1, 1]
  Origin: [93.3499, 86.9368, -128.957]
  Direction: 
-0.999513 -0.0279216 -0.0139567
0.0279189 -0.99961 0.000389866
-0.0139622 2.01492e-08 0.999903

  IndexToPointMatrix: 
-0.999512 -0.0279216 -0.0139567
0.0279189 -0.99961 0.000389866
-0.0139621 2.01492e-08 0.999903

  PointToIndexMatrix: 
-0.999514 0.0279189 -0.0139622
-0.0279216 -0.99961 2.01716e-08
-0.0139567 0.000389866 0.999903

  Inverse Direction: 
-0.999513 0.0279189 -0.0139622
-0.0279216 -0.99961 2.01716e-08
-0.0139567 0.000389866 0.999903

  PixelContainer: 
    ImportImageContainer (0x3ee2610)
      RTTI typeinfo:   itk::ImportImageContainer<unsigned long, double>
      Reference Count: 1
      Modified Time: 2329
      Debug: Off
      Object Name: 
      Observers: 
        none
      Pointer: 0x14c5c46b7010
      Container manages memory: true
      Size: 10813440
      Capacity: 10813440

     Weighting = 1
     Sampling strategy = regular
     Number of bins = 32
     Radius = 4
     Sampling percentage  = 0.25
   Transform = Rigid
     Gradient step = 0.1
     Update field sigma (voxel space) = 0
     Total field sigma (voxel space) = 0
     Update field time sigma = 0
     Total field time sigma  = 0
     Number of time indices = 0
     Number of time point samples = 0
Registration using 1 total stages.

Stage 0
  iterations = 0
  convergence threshold = 1e-06
  convergence window size = 10
  number of levels = 1
  using the Mattes MI metric (number of bins = 32, weight = 1, use gradient filter = 0)
  preprocessing:  winsorizing the image intensities
  Shrink factors (level 1 out of 1): [1, 1, 1]
  smoothing sigmas per level: [0]
  regular sampling (percentage = 0.25)

*** Running Euler3DTransform registration ***

  Elapsed time (stage 0): 1.12223


Total elapsed time: 1.13291
Info [verificarlo]: loaded backend libinterflop_ieee.so
Info [interflop-ieee]: load backend with:
Info [interflop-ieee]: debug = false
Info [interflop-ieee]: debug-binary = false
Info [interflop-ieee]: no-backend-name = false
Info [interflop-ieee]: print-new-line = false
Info [interflop-ieee]: print-subnormal-normalized = false
Info [interflop-ieee]: count-op = false
All_Command_lines_OK
Using double precision for computations.
=============================================================================
The composite transform comprises the following transforms (in order): 
  1. /home/mdugre/scratch/mri-registration-rp/datasets/ds004513/derivatives/mri-registration-rp/0001/antsRegistration-r7-p21/sub-s003/align_Composite.h5[0] (type = Euler3DTransform)
  2. /home/mdugre/scratch/mri-registration-rp/datasets/ds004513/derivatives/mri-registration-rp/0001/antsRegistration-r7-p21/sub-s003/align_Composite.h5[1] (type = Euler3DTransform)
=============================================================================
  number of levels = 4
  fixed image: /templateflow/tpl-MNI152NLin2009cAsym/tpl-MNI152NLin2009cAsym_res-01_desc-brain_T1w.nii.gz
  moving image: /home/mdugre/scratch/mri-registration-rp/datasets/ds004513/derivatives/mri-registration-rp/antsBrainExtraction/sub-s003/BrainExtractionBrain.nii.gz
Dimension = 3
Number of stages = 1
Use histogram matching = false
Winsorize image intensities = true
  Lower quantile = 0.005
  Upper quantile = 0.995


Stage 1 State
   Image metric = MattesMI
     Fixed image = Image (0x3e13530)
  RTTI typeinfo:   itk::Image<double, 3u>
  Reference Count: 2
  Modified Time: 1580
  Debug: Off
  Object Name: 
  Observers: 
    none
  Source: (none)
  Source output name: (none)
  Release Data: Off
  Data Released: False
  Global Release Data: Off
  PipelineMTime: 0
  UpdateMTime: 1189
  RealTimeStamp: 0 seconds 
  LargestPossibleRegion: 
    Dimension: 3
    Index: [0, 0, 0]
    Size: [193, 229, 193]
  BufferedRegion: 
    Dimension: 3
    Index: [0, 0, 0]
    Size: [193, 229, 193]
  RequestedRegion: 
    Dimension: 3
    Index: [0, 0, 0]
    Size: [193, 229, 193]
  Spacing: [1, 1, 1]
  Origin: [96, 132, -78]
  Direction: 
-1 0 0
0 -1 0
0 0 1

  IndexToPointMatrix: 
-1 0 0
0 -1 0
0 0 1

  PointToIndexMatrix: 
-1 0 0
0 -1 0
0 0 1

  Inverse Direction: 
-1 0 0
0 -1 0
0 0 1

  PixelContainer: 
    ImportImageContainer (0x3ed1d60)
      RTTI typeinfo:   itk::ImportImageContainer<unsigned long, double>
      Reference Count: 1
      Modified Time: 1186
      Debug: Off
      Object Name: 
      Observers: 
        none
      Pointer: 0x145ffaa37010
      Container manages memory: true
      Size: 8530021
      Capacity: 8530021

     Moving image = Image (0x3ec3f60)
  RTTI typeinfo:   itk::Image<double, 3u>
  Reference Count: 2
  Modified Time: 1581
  Debug: Off
  Object Name: 
  Observers: 
    none
  Source: (none)
  Source output name: (none)
  Release Data: Off
  Data Released: False
  Global Release Data: Off
  PipelineMTime: 0
  UpdateMTime: 1578
  RealTimeStamp: 0 seconds 
  LargestPossibleRegion: 
    Dimension: 3
    Index: [0, 0, 0]
    Size: [176, 240, 256]
  BufferedRegion: 
    Dimension: 3
    Index: [0, 0, 0]
    Size: [176, 240, 256]
  RequestedRegion: 
    Dimension: 3
    Index: [0, 0, 0]
    Size: [176, 240, 256]
  Spacing: [0.999999, 1, 1]
  Origin: [93.3499, 86.9368, -128.957]
  Direction: 
-0.999513 -0.0279216 -0.0139567
0.0279189 -0.99961 0.000389866
-0.0139622 2.01492e-08 0.999903

  IndexToPointMatrix: 
-0.999512 -0.0279216 -0.0139567
0.0279189 -0.99961 0.000389866
-0.0139621 2.01492e-08 0.999903

  PointToIndexMatrix: 
-0.999514 0.0279189 -0.0139622
-0.0279216 -0.99961 2.01716e-08
-0.0139567 0.000389866 0.999903

  Inverse Direction: 
-0.999513 0.0279189 -0.0139622
-0.0279216 -0.99961 2.01716e-08
-0.0139567 0.000389866 0.999903

  PixelContainer: 
    ImportImageContainer (0x3eb56d0)
      RTTI typeinfo:   itk::ImportImageContainer<unsigned long, double>
      Reference Count: 1
      Modified Time: 1575
      Debug: Off
      Object Name: 
      Observers: 
        none
      Pointer: 0x145ff57b6010
      Container manages memory: true
      Size: 10813440
      Capacity: 10813440

     Weighting = 1
     Sampling strategy = regular
     Number of bins = 32
     Radius = 4
     Sampling percentage  = 0.25
   Transform = Rigid
     Gradient step = 0.1
     Update field sigma (voxel space) = 0
     Total field sigma (voxel space) = 0
     Update field time sigma = 0
     Total field time sigma  = 0
     Number of time indices = 0
     Number of time point samples = 0
Registration using 1 total stages.

Stage 0
  iterations = 1000x500x250x100
  convergence threshold = 1e-06
  convergence window size = 10
  number of levels = 4
  using the Mattes MI metric (number of bins = 32, weight = 1, use gradient filter = 0)
  preprocessing:  winsorizing the image intensities
  Shrink factors (level 1 out of 4): [8, 8, 8]
  Shrink factors (level 2 out of 4): [4, 4, 4]
  Shrink factors (level 3 out of 4): [2, 2, 2]
  Shrink factors (level 4 out of 4): [1, 1, 1]
  smoothing sigmas per level: [3, 2, 1, 0]
  regular sampling (percentage = 0.25)

*** Running Euler3DTransform registration ***

DIAGNOSTIC,Iteration,metricValue,convergenceValue,ITERATION_TIME_INDEX,SINCE_LAST
 2DIAGNOSTIC,     1, -4.871187133941e-01, 1.797693134862e+308, 8.1606e-01, 8.1606e-01, 
 2DIAGNOSTIC,     2, -4.887966556740e-01, 1.797693134862e+308, 8.2000e-01, 3.9330e-03, 
 2DIAGNOSTIC,     3, -4.919242839642e-01, 1.797693134862e+308, 8.2384e-01, 3.8412e-03, 
 2DIAGNOSTIC,     4, -5.019092629522e-01, 1.797693134862e+308, 8.2777e-01, 3.9291e-03, 
 2DIAGNOSTIC,     5, -5.198319788477e-01, 1.797693134862e+308, 8.3161e-01, 3.8431e-03, 
 2DIAGNOSTIC,     6, -5.251449584180e-01, 1.797693134862e+308, 8.3569e-01, 4.0760e-03, 
 2DIAGNOSTIC,     7, -5.365118080768e-01, 1.797693134862e+308, 8.3976e-01, 4.0770e-03, 
 2DIAGNOSTIC,     8, -5.564319077261e-01, 1.797693134862e+308, 8.4597e-01, 6.2110e-03, 
 2DIAGNOSTIC,     9, -5.572786469687e-01, 1.797693134862e+308, 8.4977e-01, 3.7949e-03, 
 2DIAGNOSTIC,    10, -5.597886110608e-01, 1.060089541986e-02, 8.5462e-01, 4.8511e-03, 
 2DIAGNOSTIC,    11, -5.645450860914e-01, 9.471656029002e-03, 8.5868e-01, 4.0550e-03, 
 2DIAGNOSTIC,    12, -5.675342641672e-01, 7.901754414630e-03, 8.6348e-01, 4.8029e-03, 
 2DIAGNOSTIC,    13, -5.685174641934e-01, 6.033280802479e-03, 8.6819e-01, 4.7159e-03, 
 2DIAGNOSTIC,    14, -5.693412095342e-01, 4.302087948767e-03, 8.7349e-01, 5.2941e-03, 
 2DIAGNOSTIC,    15, -5.718972801997e-01, 3.155204981949e-03, 8.7827e-01, 4.7851e-03, 
 2DIAGNOSTIC,    16, -5.734788767073e-01, 2.091398053249e-03, 8.8249e-01, 4.2188e-03, 
 2DIAGNOSTIC,    17, -5.737823402464e-01, 1.310029424172e-03, 8.8671e-01, 4.2229e-03, 
 2DIAGNOSTIC,    18, -5.749452616695e-01, 1.114936190117e-03, 8.9105e-01, 4.3368e-03, 
 2DIAGNOSTIC,    19, -5.774392255363e-01, 9.301256922302e-04, 8.9766e-01, 6.6118e-03, 
 2DIAGNOSTIC,    20, -5.782944999849e-01, 7.612328989136e-04, 9.0260e-01, 4.9360e-03, 
 2DIAGNOSTIC,    21, -5.788863756218e-01, 6.687985514022e-04, 9.0702e-01, 4.4210e-03, 
 2DIAGNOSTIC,    22, -5.857337704029e-01, 7.546209654849e-04, 9.1171e-01, 4.6890e-03, 
 2DIAGNOSTIC,    23, -6.028589202329e-01, 1.162232414656e-03, 9.1674e-01, 5.0311e-03, 
 2DIAGNOSTIC,    24, -6.086613817268e-01, 1.554691207046e-03, 9.2340e-01, 6.6571e-03, 
 2DIAGNOSTIC,    25, -6.127624286549e-01, 1.904928785140e-03, 9.2927e-01, 5.8761e-03, 
 2DIAGNOSTIC,    26, -6.171330100578e-01, 2.167612358780e-03, 9.3423e-01, 4.9601e-03, 
 2DIAGNOSTIC,    27, -6.180829724794e-01, 2.226134214070e-03, 9.3917e-01, 4.9400e-03, 
 2DIAGNOSTIC,    28, -6.204355227178e-01, 2.128618104927e-03, 9.4472e-01, 5.5449e-03, 
 2DIAGNOSTIC,    29, -6.216541924703e-01, 1.901236615651e-03, 9.4994e-01, 5.2240e-03, 
 2DIAGNOSTIC,    30, -6.252686861392e-01, 1.589741098998e-03, 9.5508e-01, 5.1322e-03, 
 2DIAGNOSTIC,    31, -6.305776389497e-01, 1.244379646183e-03, 9.5940e-01, 4.3252e-03, 
 2DIAGNOSTIC,    32, -6.437123416183e-01, 1.107465203049e-03, 9.6528e-01, 5.8792e-03, 
 2DIAGNOSTIC,    33, -6.470271027565e-01, 1.176397960068e-03, 9.7017e-01, 4.8921e-03, 
 2DIAGNOSTIC,    34, -6.489224623263e-01, 1.241920254398e-03, 9.7850e-01, 8.3330e-03, 
 2DIAGNOSTIC,    35, -6.509314660384e-01, 1.271905804941e-03, 9.8255e-01, 4.0481e-03, 
 2DIAGNOSTIC,    36, -6.520035894575e-01, 1.251976544033e-03, 9.8675e-01, 4.1952e-03, 
 2DIAGNOSTIC,    37, -6.528672751180e-01, 1.135503984481e-03, 9.9094e-01, 4.1878e-03, 
 2DIAGNOSTIC,    38, -6.532445053863e-01, 9.531187642765e-04, 9.9501e-01, 4.0710e-03, 
 2DIAGNOSTIC,    39, -6.541907597736e-01, 7.192870672203e-04, 1.0018e+00, 6.7880e-03, 
 2DIAGNOSTIC,    40, -6.543506918665e-01, 4.758267141653e-04, 1.0060e+00, 4.2078e-03, 
 2DIAGNOSTIC,    41, -6.543562205774e-01, 2.590336812364e-04, 1.0102e+00, 4.2100e-03, 
 2DIAGNOSTIC,    42, -6.545503753365e-01, 1.811427931398e-04, 1.0150e+00, 4.8170e-03, 
 2DIAGNOSTIC,    43, -6.547223890781e-01, 1.286292918615e-04, 1.0201e+00, 5.0931e-03, 
 2DIAGNOSTIC,    44, -6.549046774344e-01, 8.858893577312e-05, 1.0244e+00, 4.2391e-03, 
 2DIAGNOSTIC,    45, -6.550461649032e-01, 6.471901888052e-05, 1.0291e+00, 4.7140e-03, 
 2DIAGNOSTIC,    46, -6.553630210844e-01, 5.020768081926e-05, 1.0339e+00, 4.7948e-03, 
 2DIAGNOSTIC,    47, -6.558794259445e-01, 4.555060149899e-05, 1.0390e+00, 5.0991e-03, 
 2DIAGNOSTIC,    48, -6.561667426723e-01, 4.301213181700e-05, 1.0439e+00, 4.9009e-03, 
 2DIAGNOSTIC,    49, -6.562575430948e-01, 4.653717149955e-05, 1.0479e+00, 4.0579e-03, 
 2DIAGNOSTIC,    50, -6.561936078691e-01, 4.652528288759e-05, 1.0547e+00, 6.8140e-03, 
 2DIAGNOSTIC,    51, -6.562118566358e-01, 4.233964583901e-05, 1.0593e+00, 4.5218e-03, 
 2DIAGNOSTIC,    52, -6.560491027043e-01, 3.452211908307e-05, 1.0642e+00, 4.9670e-03, 
 2DIAGNOSTIC,    53, -6.560617451642e-01, 2.540377532051e-05, 1.0691e+00, 4.8611e-03, 
 2DIAGNOSTIC,    54, -6.559847312649e-01, 1.522665220414e-05, 1.0734e+00, 4.2970e-03, 
 2DIAGNOSTIC,    55, -6.558229050145e-01, 3.896381573817e-06, 1.0775e+00, 4.0982e-03, 
DIAGNOSTIC,Iteration,metricValue,convergenceValue,ITERATION_TIME_INDEX,SINCE_LAST
 2DIAGNOSTIC,     1, -5.253191615517e-01, 1.797693134862e+308, 1.8848e+00, 8.0736e-01, 
 2DIAGNOSTIC,     2, -5.259583624156e-01, 1.797693134862e+308, 1.9151e+00, 3.0286e-02, 
 2DIAGNOSTIC,     3, -5.267037798673e-01, 1.797693134862e+308, 1.9460e+00, 3.0841e-02, 
 2DIAGNOSTIC,     4, -5.275103018445e-01, 1.797693134862e+308, 1.9765e+00, 3.0563e-02, 
 2DIAGNOSTIC,     5, -5.280206714963e-01, 1.797693134862e+308, 2.0064e+00, 2.9911e-02, 
 2DIAGNOSTIC,     6, -5.283372612807e-01, 1.797693134862e+308, 2.0357e+00, 2.9302e-02, 
 2DIAGNOSTIC,     7, -5.296505784407e-01, 1.797693134862e+308, 2.0708e+00, 3.5093e-02, 
 2DIAGNOSTIC,     8, -5.317785855027e-01, 1.797693134862e+308, 2.1191e+00, 4.8219e-02, 
 2DIAGNOSTIC,     9, -5.329049410574e-01, 1.797693134862e+308, 2.1502e+00, 3.1111e-02, 
 2DIAGNOSTIC,    10, -5.333012232194e-01, 1.006087519166e-03, 2.1820e+00, 3.1841e-02, 
 2DIAGNOSTIC,    11, -5.338801713134e-01, 9.518795544414e-04, 2.2306e+00, 4.8622e-02, 
 2DIAGNOSTIC,    12, -5.340053182705e-01, 8.546457282261e-04, 2.2651e+00, 3.4495e-02, 
 2DIAGNOSTIC,    13, -5.342215439982e-01, 7.332990277048e-04, 2.3016e+00, 3.6482e-02, 
 2DIAGNOSTIC,    14, -5.342600837468e-01, 5.949057278476e-04, 2.3444e+00, 4.2812e-02, 
 2DIAGNOSTIC,    15, -5.342463841047e-01, 4.398863898345e-04, 2.3841e+00, 3.9653e-02, 
 2DIAGNOSTIC,    16, -5.342465983282e-01, 2.748081135854e-04, 2.4186e+00, 3.4550e-02, 
 2DIAGNOSTIC,    17, -5.342399373655e-01, 1.438562043532e-04, 2.4501e+00, 3.1521e-02, 
 2DIAGNOSTIC,    18, -5.342419118666e-01, 7.706329814207e-05, 2.4837e+00, 3.3575e-02, 
 2DIAGNOSTIC,    19, -5.342298798101e-01, 4.162041424793e-05, 2.5199e+00, 3.6194e-02, 
 2DIAGNOSTIC,    20, -5.342315129784e-01, 1.636698493206e-05, 2.5532e+00, 3.3253e-02, 
 2DIAGNOSTIC,    21, -5.342219511461e-01, 6.636821147446e-06, 2.5898e+00, 3.6606e-02, 
DIAGNOSTIC,Iteration,metricValue,convergenceValue,ITERATION_TIME_INDEX,SINCE_LAST
 2DIAGNOSTIC,     1, -4.720358461382e-01, 1.797693134862e+308, 3.7497e+00, 1.1599e+00, 
 2DIAGNOSTIC,     2, -4.721303749697e-01, 1.797693134862e+308, 4.0091e+00, 2.5943e-01, 
 2DIAGNOSTIC,     3, -4.723350342211e-01, 1.797693134862e+308, 4.2404e+00, 2.3130e-01, 
 2DIAGNOSTIC,     4, -4.725995230044e-01, 1.797693134862e+308, 4.4720e+00, 2.3154e-01, 
 2DIAGNOSTIC,     5, -4.730352910015e-01, 1.797693134862e+308, 4.7096e+00, 2.3766e-01, 
 2DIAGNOSTIC,     6, -4.734045654135e-01, 1.797693134862e+308, 4.9729e+00, 2.6329e-01, 
 2DIAGNOSTIC,     7, -4.745686579116e-01, 1.797693134862e+308, 5.3711e+00, 3.9819e-01, 
 2DIAGNOSTIC,     8, -4.748086536900e-01, 1.797693134862e+308, 5.6066e+00, 2.3550e-01, 
 2DIAGNOSTIC,     9, -4.765209757353e-01, 1.797693134862e+308, 5.8304e+00, 2.2382e-01, 
 2DIAGNOSTIC,    10, -4.776011734289e-01, 7.299089046828e-04, 6.0940e+00, 2.6357e-01, 
 2DIAGNOSTIC,    11, -4.776947124052e-01, 7.622698981644e-04, 6.3413e+00, 2.4726e-01, 
 2DIAGNOSTIC,    12, -4.777977306826e-01, 7.320369960331e-04, 6.5894e+00, 2.4813e-01, 
 2DIAGNOSTIC,    13, -4.778833738025e-01, 6.542337672406e-04, 6.8259e+00, 2.3647e-01, 
 2DIAGNOSTIC,    14, -4.780123729327e-01, 5.442803380960e-04, 7.0461e+00, 2.2020e-01, 
 2DIAGNOSTIC,    15, -4.783399609848e-01, 4.292849994615e-04, 7.3433e+00, 2.9722e-01, 
 2DIAGNOSTIC,    16, -4.784272280463e-01, 3.060894585194e-04, 7.6281e+00, 2.8482e-01, 
 2DIAGNOSTIC,    17, -4.787376785403e-01, 2.224528585467e-04, 7.8888e+00, 2.6071e-01, 
 2DIAGNOSTIC,    18, -4.787161083778e-01, 1.337394558965e-04, 8.2467e+00, 3.5792e-01, 
 2DIAGNOSTIC,    19, -4.787194312204e-01, 9.529099135091e-05, 8.5071e+00, 2.6034e-01, 
 2DIAGNOSTIC,    20, -4.787201784789e-01, 8.422605108986e-05, 8.7615e+00, 2.5446e-01, 
 2DIAGNOSTIC,    21, -4.787201163252e-01, 6.906727177503e-05, 9.0242e+00, 2.6264e-01, 
 2DIAGNOSTIC,    22, -4.787201617770e-01, 5.175707143207e-05, 9.2878e+00, 2.6362e-01, 
 2DIAGNOSTIC,    23, -4.787200074642e-01, 3.349347523637e-05, 9.5502e+00, 2.6243e-01, 
 2DIAGNOSTIC,    24, -4.787200034036e-01, 1.687471128966e-05, 9.8181e+00, 2.6785e-01, 
 2DIAGNOSTIC,    25, -4.787210329890e-01, 7.990701509614e-06, 1.0128e+01, 3.1019e-01, 
DIAGNOSTIC,Iteration,metricValue,convergenceValue,ITERATION_TIME_INDEX,SINCE_LAST
 2DIAGNOSTIC,     1, -4.451013617779e-01, 1.797693134862e+308, 1.2705e+01, 2.5767e+00, 
 2DIAGNOSTIC,     2, -4.451742716163e-01, 1.797693134862e+308, 1.4117e+01, 1.4119e+00, 
 2DIAGNOSTIC,     3, -4.452100959446e-01, 1.797693134862e+308, 1.5598e+01, 1.4812e+00, 
 2DIAGNOSTIC,     4, -4.452159195839e-01, 1.797693134862e+308, 1.7268e+01, 1.6702e+00, 
 2DIAGNOSTIC,     5, -4.452243559692e-01, 1.797693134862e+308, 1.8871e+01, 1.6030e+00, 
 2DIAGNOSTIC,     6, -4.452340051465e-01, 1.797693134862e+308, 2.1297e+01, 2.4263e+00, 
 2DIAGNOSTIC,     7, -4.452351952679e-01, 1.797693134862e+308, 2.3235e+01, 1.9373e+00, 
 2DIAGNOSTIC,     8, -4.452353629228e-01, 1.797693134862e+308, 2.4908e+01, 1.6731e+00, 
 2DIAGNOSTIC,     9, -4.452353876868e-01, 1.797693134862e+308, 2.6834e+01, 1.9263e+00, 
 2DIAGNOSTIC,    10, -4.452356079245e-01, 1.696791821847e-05, 2.8457e+01, 1.6233e+00, 
 2DIAGNOSTIC,    11, -4.452352135323e-01, 8.824893346651e-06, 3.0208e+01, 1.7511e+00, 
 2DIAGNOSTIC,    12, -4.452350091340e-01, 5.328998894230e-06, 3.1870e+01, 1.6616e+00, 
 2DIAGNOSTIC,    13, -4.452349590574e-01, 3.890240181964e-06, 3.3337e+01, 1.4664e+00, 
 2DIAGNOSTIC,    14, -4.452348484663e-01, 2.781174306715e-06, 3.4905e+01, 1.5689e+00, 
 2DIAGNOSTIC,    15, -4.452349783650e-01, 2.126902610103e-06, 3.6534e+01, 1.6284e+00, 
 2DIAGNOSTIC,    16, -4.452347420055e-01, 1.928165363027e-06, 3.7966e+01, 1.4326e+00, 
 2DIAGNOSTIC,    17, -4.452350515232e-01, 1.815049882350e-06, 3.9828e+01, 1.8618e+00, 
 2DIAGNOSTIC,    18, -4.452350813520e-01, 1.726270093101e-06, 4.1272e+01, 1.4439e+00, 
 2DIAGNOSTIC,    19, -4.452350287865e-01, 1.649237102053e-06, 4.2660e+01, 1.3876e+00, 
 2DIAGNOSTIC,    20, -4.452349118109e-01, 1.585977087708e-06, 4.4123e+01, 1.4635e+00, 
 2DIAGNOSTIC,    21, -4.452348337378e-01, 1.515078376271e-06, 4.5486e+01, 1.3629e+00, 
 2DIAGNOSTIC,    22, -4.452351179024e-01, 1.452847702137e-06, 4.7035e+01, 1.5489e+00, 
 2DIAGNOSTIC,    23, -4.452349486875e-01, 1.388975519954e-06, 4.8639e+01, 1.6035e+00, 
 2DIAGNOSTIC,    24, -4.452348840011e-01, 1.325388533986e-06, 5.0330e+01, 1.6915e+00, 
 2DIAGNOSTIC,    25, -4.452352164160e-01, 1.279155402635e-06, 5.2281e+01, 1.9510e+00, 
 2DIAGNOSTIC,    26, -4.452352890906e-01, 1.231293334153e-06, 5.4026e+01, 1.7444e+00, 
 2DIAGNOSTIC,    27, -4.452353061272e-01, 1.193810794727e-06, 5.5791e+01, 1.7652e+00, 
 2DIAGNOSTIC,    28, -4.452356625101e-01, 1.166486749068e-06, 5.7777e+01, 1.9862e+00, 
 2DIAGNOSTIC,    29, -4.452353710317e-01, 1.130575677771e-06, 5.9316e+01, 1.5391e+00, 
 2DIAGNOSTIC,    30, -4.452358262777e-01, 1.101289902938e-06, 6.1006e+01, 1.6902e+00, 
 2DIAGNOSTIC,    31, -4.452362442319e-01, 1.076512153732e-06, 6.2713e+01, 1.7065e+00, 
 2DIAGNOSTIC,    32, -4.452363431899e-01, 1.056080717612e-06, 6.4375e+01, 1.6621e+00, 
 2DIAGNOSTIC,    33, -4.452364621020e-01, 1.030259801235e-06, 6.5899e+01, 1.5241e+00, 
 2DIAGNOSTIC,    34, -4.452368453900e-01, 1.005608408051e-06, 6.7966e+01, 2.0672e+00, 
  Elapsed time (stage 0): 6.8818e+01


Total elapsed time: 6.8830e+01
Info [verificarlo]: loaded backend libinterflop_ieee.so
Info [interflop-ieee]: load backend with:
Info [interflop-ieee]: debug = false
Info [interflop-ieee]: debug-binary = false
Info [interflop-ieee]: no-backend-name = false
Info [interflop-ieee]: print-new-line = false
Info [interflop-ieee]: print-subnormal-normalized = false
Info [interflop-ieee]: count-op = false
All_Command_lines_OK
Using double precision for computations.
=============================================================================
The composite transform comprises the following transforms (in order): 
  1. /home/mdugre/scratch/mri-registration-rp/datasets/ds004513/derivatives/mri-registration-rp/0001/antsRegistration-r7-p21/sub-s003/rigid_Composite.h5[0] (type = Euler3DTransform)
  2. /home/mdugre/scratch/mri-registration-rp/datasets/ds004513/derivatives/mri-registration-rp/0001/antsRegistration-r7-p21/sub-s003/rigid_Composite.h5[1] (type = Euler3DTransform)
  3. /home/mdugre/scratch/mri-registration-rp/datasets/ds004513/derivatives/mri-registration-rp/0001/antsRegistration-r7-p21/sub-s003/rigid_Composite.h5[2] (type = Euler3DTransform)
=============================================================================
  number of levels = 4
  fixed image: /templateflow/tpl-MNI152NLin2009cAsym/tpl-MNI152NLin2009cAsym_res-01_desc-brain_T1w.nii.gz
  moving image: /home/mdugre/scratch/mri-registration-rp/datasets/ds004513/derivatives/mri-registration-rp/antsBrainExtraction/sub-s003/BrainExtractionBrain.nii.gz
Dimension = 3
Number of stages = 1
Use histogram matching = false
Winsorize image intensities = true
  Lower quantile = 0.005
  Upper quantile = 0.995


Stage 1 State
   Image metric = MattesMI
     Fixed image = Image (0x47617e0)
  RTTI typeinfo:   itk::Image<double, 3u>
  Reference Count: 2
  Modified Time: 1594
  Debug: Off
  Object Name: 
  Observers: 
    none
  Source: (none)
  Source output name: (none)
  Release Data: Off
  Data Released: False
  Global Release Data: Off
  PipelineMTime: 0
  UpdateMTime: 1203
  RealTimeStamp: 0 seconds 
  LargestPossibleRegion: 
    Dimension: 3
    Index: [0, 0, 0]
    Size: [193, 229, 193]
  BufferedRegion: 
    Dimension: 3
    Index: [0, 0, 0]
    Size: [193, 229, 193]
  RequestedRegion: 
    Dimension: 3
    Index: [0, 0, 0]
    Size: [193, 229, 193]
  Spacing: [1, 1, 1]
  Origin: [96, 132, -78]
  Direction: 
-1 0 0
0 -1 0
0 0 1

  IndexToPointMatrix: 
-1 0 0
0 -1 0
0 0 1

  PointToIndexMatrix: 
-1 0 0
0 -1 0
0 0 1

  Inverse Direction: 
-1 0 0
0 -1 0
0 0 1

  PixelContainer: 
    ImportImageContainer (0x4821a20)
      RTTI typeinfo:   itk::ImportImageContainer<unsigned long, double>
      Reference Count: 1
      Modified Time: 1200
      Debug: Off
      Object Name: 
      Observers: 
        none
      Pointer: 0x14c81841b010
      Container manages memory: true
      Size: 8530021
      Capacity: 8530021

     Moving image = Image (0x481cd70)
  RTTI typeinfo:   itk::Image<double, 3u>
  Reference Count: 2
  Modified Time: 1595
  Debug: Off
  Object Name: 
  Observers: 
    none
  Source: (none)
  Source output name: (none)
  Release Data: Off
  Data Released: False
  Global Release Data: Off
  PipelineMTime: 0
  UpdateMTime: 1592
  RealTimeStamp: 0 seconds 
  LargestPossibleRegion: 
    Dimension: 3
    Index: [0, 0, 0]
    Size: [176, 240, 256]
  BufferedRegion: 
    Dimension: 3
    Index: [0, 0, 0]
    Size: [176, 240, 256]
  RequestedRegion: 
    Dimension: 3
    Index: [0, 0, 0]
    Size: [176, 240, 256]
  Spacing: [0.999999, 1, 1]
  Origin: [93.3499, 86.9368, -128.957]
  Direction: 
-0.999513 -0.0279216 -0.0139567
0.0279189 -0.99961 0.000389866
-0.0139622 2.01492e-08 0.999903

  IndexToPointMatrix: 
-0.999512 -0.0279216 -0.0139567
0.0279189 -0.99961 0.000389866
-0.0139621 2.01492e-08 0.999903

  PointToIndexMatrix: 
-0.999514 0.0279189 -0.0139622
-0.0279216 -0.99961 2.01716e-08
-0.0139567 0.000389866 0.999903

  Inverse Direction: 
-0.999513 0.0279189 -0.0139622
-0.0279216 -0.99961 2.01716e-08
-0.0139567 0.000389866 0.999903

  PixelContainer: 
    ImportImageContainer (0x47d4c90)
      RTTI typeinfo:   itk::ImportImageContainer<unsigned long, double>
      Reference Count: 1
      Modified Time: 1589
      Debug: Off
      Object Name: 
      Observers: 
        none
      Pointer: 0x14c81319a010
      Container manages memory: true
      Size: 10813440
      Capacity: 10813440

     Weighting = 1
     Sampling strategy = regular
     Number of bins = 32
     Radius = 4
     Sampling percentage  = 0.25
   Transform = Affine
     Gradient step = 0.1
     Update field sigma (voxel space) = 0
     Total field sigma (voxel space) = 0
     Update field time sigma = 0
     Total field time sigma  = 0
     Number of time indices = 0
     Number of time point samples = 0
Registration using 1 total stages.

Stage 0
  iterations = 1000x500x250x100
  convergence threshold = 1e-06
  convergence window size = 10
  number of levels = 4
  using the Mattes MI metric (number of bins = 32, weight = 1, use gradient filter = 0)
  preprocessing:  winsorizing the image intensities
  Shrink factors (level 1 out of 4): [8, 8, 8]
  Shrink factors (level 2 out of 4): [4, 4, 4]
  Shrink factors (level 3 out of 4): [2, 2, 2]
  Shrink factors (level 4 out of 4): [1, 1, 1]
  smoothing sigmas per level: [3, 2, 1, 0]
  regular sampling (percentage = 0.25)

*** Running AffineTransform registration ***

DIAGNOSTIC,Iteration,metricValue,convergenceValue,ITERATION_TIME_INDEX,SINCE_LAST
 2DIAGNOSTIC,     1, -6.590251704590e-01, 1.797693134862e+308, 7.6822e-01, 7.6822e-01, 
 2DIAGNOSTIC,     2, -6.613884938514e-01, 1.797693134862e+308, 7.7311e-01, 4.8990e-03, 
 2DIAGNOSTIC,     3, -6.654545448333e-01, 1.797693134862e+308, 7.7784e-01, 4.7259e-03, 
 2DIAGNOSTIC,     4, -6.712653157763e-01, 1.797693134862e+308, 7.8211e-01, 4.2691e-03, 
 2DIAGNOSTIC,     5, -6.795836193889e-01, 1.797693134862e+308, 7.8634e-01, 4.2331e-03, 
 2DIAGNOSTIC,     6, -6.920313378993e-01, 1.797693134862e+308, 7.9100e-01, 4.6551e-03, 
 2DIAGNOSTIC,     7, -7.140023752006e-01, 1.797693134862e+308, 7.9876e-01, 7.7641e-03, 
 2DIAGNOSTIC,     8, -7.182556542259e-01, 1.797693134862e+308, 8.0336e-01, 4.5929e-03, 
 2DIAGNOSTIC,     9, -7.189685030132e-01, 1.797693134862e+308, 8.0792e-01, 4.5629e-03, 
 2DIAGNOSTIC,    10, -7.210682293035e-01, 7.063118797296e-03, 8.1359e-01, 5.6679e-03, 
 2DIAGNOSTIC,    11, -7.211131857217e-01, 6.098903059943e-03, 8.2083e-01, 7.2489e-03, 
 2DIAGNOSTIC,    12, -7.211240647587e-01, 4.826984732343e-03, 8.2651e-01, 5.6751e-03, 
 2DIAGNOSTIC,    13, -7.210739833116e-01, 3.449480077479e-03, 8.3153e-01, 5.0249e-03, 
 2DIAGNOSTIC,    14, -7.208339665626e-01, 2.131381976930e-03, 8.3664e-01, 5.1029e-03, 
 2DIAGNOSTIC,    15, -7.207858240564e-01, 1.022448876841e-03, 8.4165e-01, 5.0101e-03, 
 2DIAGNOSTIC,    16, -7.207238853626e-01, 2.614323634908e-04, 8.4667e-01, 5.0220e-03, 
 2DIAGNOSTIC,    17, -7.206618508426e-01, 8.762044974142e-05, 8.5154e-01, 4.8740e-03, 
 2DIAGNOSTIC,    18, -7.206253414210e-01, 2.045229059731e-05, 8.5665e-01, 5.1012e-03, 
DIAGNOSTIC,Iteration,metricValue,convergenceValue,ITERATION_TIME_INDEX,SINCE_LAST
 2DIAGNOSTIC,     1, -5.932865484528e-01, 1.797693134862e+308, 1.6030e+00, 7.4636e-01, 
 2DIAGNOSTIC,     2, -5.934922965208e-01, 1.797693134862e+308, 1.6478e+00, 4.4820e-02, 
 2DIAGNOSTIC,     3, -5.935967471572e-01, 1.797693134862e+308, 1.6862e+00, 3.8399e-02, 
 2DIAGNOSTIC,     4, -5.936524855819e-01, 1.797693134862e+308, 1.7264e+00, 4.0209e-02, 
 2DIAGNOSTIC,     5, -5.937107761946e-01, 1.797693134862e+308, 1.7729e+00, 4.6442e-02, 
 2DIAGNOSTIC,     6, -5.937165497233e-01, 1.797693134862e+308, 1.8191e+00, 4.6216e-02, 
 2DIAGNOSTIC,     7, -5.937124469958e-01, 1.797693134862e+308, 1.8555e+00, 3.6444e-02, 
 2DIAGNOSTIC,     8, -5.936946069780e-01, 1.797693134862e+308, 1.8951e+00, 3.9613e-02, 
 2DIAGNOSTIC,     9, -5.936946017719e-01, 1.797693134862e+308, 1.9355e+00, 4.0348e-02, 
 2DIAGNOSTIC,    10, -5.936846688505e-01, 3.537878280190e-05, 1.9778e+00, 4.2310e-02, 
 2DIAGNOSTIC,    11, -5.936838282796e-01, 1.550055043867e-05, 2.0165e+00, 3.8747e-02, 
 2DIAGNOSTIC,    12, -5.936820040551e-01, 5.887057663800e-06, 2.0506e+00, 3.4042e-02, 
 2DIAGNOSTIC,    13, -5.936851823198e-01, 1.401935620288e-06, 2.0897e+00, 3.9135e-02, 
DIAGNOSTIC,Iteration,metricValue,convergenceValue,ITERATION_TIME_INDEX,SINCE_LAST
 2DIAGNOSTIC,     1, -5.222834946723e-01, 1.797693134862e+308, 3.2789e+00, 1.1892e+00, 
 2DIAGNOSTIC,     2, -5.225976443373e-01, 1.797693134862e+308, 3.5547e+00, 2.7579e-01, 
 2DIAGNOSTIC,     3, -5.229327275360e-01, 1.797693134862e+308, 3.8062e+00, 2.5146e-01, 
 2DIAGNOSTIC,     4, -5.231145180256e-01, 1.797693134862e+308, 4.0577e+00, 2.5157e-01, 
 2DIAGNOSTIC,     5, -5.232732218279e-01, 1.797693134862e+308, 4.3269e+00, 2.6921e-01, 
 2DIAGNOSTIC,     6, -5.236489792471e-01, 1.797693134862e+308, 4.6040e+00, 2.7704e-01, 
 2DIAGNOSTIC,     7, -5.245043419755e-01, 1.797693134862e+308, 4.8633e+00, 2.5936e-01, 
 2DIAGNOSTIC,     8, -5.257885235908e-01, 1.797693134862e+308, 5.2000e+00, 3.3668e-01, 
 2DIAGNOSTIC,     9, -5.261211481625e-01, 1.797693134862e+308, 5.4567e+00, 2.5666e-01, 
 2DIAGNOSTIC,    10, -5.268822074931e-01, 5.667540655203e-04, 5.7578e+00, 3.0113e-01, 
 2DIAGNOSTIC,    11, -5.302654657312e-01, 7.191257428909e-04, 6.1223e+00, 3.6452e-01, 
 2DIAGNOSTIC,    12, -5.321146130452e-01, 8.741428321741e-04, 6.4400e+00, 3.1766e-01, 
 2DIAGNOSTIC,    13, -5.330731348976e-01, 9.791070847495e-04, 6.7260e+00, 2.8602e-01, 
 2DIAGNOSTIC,    14, -5.336578430503e-01, 1.011697872073e-03, 7.3158e+00, 5.8979e-01, 
 2DIAGNOSTIC,    15, -5.336559795600e-01, 9.541286350134e-04, 7.6257e+00, 3.0992e-01, 
 2DIAGNOSTIC,    16, -5.336551060583e-01, 8.276306992120e-04, 7.9354e+00, 3.0966e-01, 
 2DIAGNOSTIC,    17, -5.336538018761e-01, 6.654350173075e-04, 8.2105e+00, 2.7516e-01, 
 2DIAGNOSTIC,    18, -5.336518002037e-01, 4.994131067999e-04, 8.5441e+00, 3.3352e-01, 
 2DIAGNOSTIC,    19, -5.336517500656e-01, 3.153814197451e-04, 8.8498e+00, 3.0576e-01, 
 2DIAGNOSTIC,    20, -5.336519104835e-01, 1.396091686392e-04, 9.2121e+00, 3.6225e-01, 
 2DIAGNOSTIC,    21, -5.336537656094e-01, 5.369010891685e-05, 9.6749e+00, 4.6280e-01, 
 2DIAGNOSTIC,    22, -5.336526443543e-01, 1.540571008986e-05, 1.0024e+01, 3.4904e-01, 
 2DIAGNOSTIC,    23, -5.336514181325e-01, 1.133698826296e-06, 1.0311e+01, 2.8706e-01, 
 2DIAGNOSTIC,    24, -5.336497237106e-01, 1.126885945509e-06, 1.0624e+01, 3.1304e-01, 
 2DIAGNOSTIC,    25, -5.336492438153e-01, 1.089570998966e-06, 1.0965e+01, 3.4114e-01, 
 2DIAGNOSTIC,    26, -5.336484815856e-01, 1.038634108906e-06, 1.1271e+01, 3.0632e-01, 
DIAGNOSTIC,Iteration,metricValue,convergenceValue,ITERATION_TIME_INDEX,SINCE_LAST
 2DIAGNOSTIC,     1, -4.889658532962e-01, 1.797693134862e+308, 1.4353e+01, 3.0816e+00, 
 2DIAGNOSTIC,     2, -4.891966807434e-01, 1.797693134862e+308, 1.6233e+01, 1.8795e+00, 
 2DIAGNOSTIC,     3, -4.894341484376e-01, 1.797693134862e+308, 1.8094e+01, 1.8613e+00, 
 2DIAGNOSTIC,     4, -4.896421553760e-01, 1.797693134862e+308, 2.0122e+01, 2.0279e+00, 
 2DIAGNOSTIC,     5, -4.896933237148e-01, 1.797693134862e+308, 2.1931e+01, 1.8093e+00, 
 2DIAGNOSTIC,     6, -4.897444633879e-01, 1.797693134862e+308, 2.3755e+01, 1.8236e+00, 
 2DIAGNOSTIC,     7, -4.899378120634e-01, 1.797693134862e+308, 2.6493e+01, 2.7385e+00, 
 2DIAGNOSTIC,     8, -4.899702418935e-01, 1.797693134862e+308, 2.8382e+01, 1.8890e+00, 
 2DIAGNOSTIC,     9, -4.900156747486e-01, 1.797693134862e+308, 3.0344e+01, 1.9622e+00, 
 2DIAGNOSTIC,    10, -4.901061969367e-01, 1.412427610974e-04, 3.2229e+01, 1.8849e+00, 
 2DIAGNOSTIC,    11, -4.903066107316e-01, 1.147661487363e-04, 3.4417e+01, 2.1878e+00, 
 2DIAGNOSTIC,    12, -4.904497867019e-01, 1.002310076825e-04, 3.6589e+01, 2.1720e+00, 
 2DIAGNOSTIC,    13, -4.906365495101e-01, 9.778110322987e-05, 3.9317e+01, 2.7279e+00, 
 2DIAGNOSTIC,    14, -4.906377525036e-01, 9.572306367830e-05, 4.1492e+01, 2.1754e+00, 
 2DIAGNOSTIC,    15, -4.906376754618e-01, 8.752011358508e-05, 4.3497e+01, 2.0042e+00, 
 2DIAGNOSTIC,    16, -4.906374658227e-01, 7.415634877665e-05, 4.6231e+01, 2.7341e+00, 
 2DIAGNOSTIC,    17, -4.906373865015e-01, 6.222325133137e-05, 4.8536e+01, 2.3051e+00, 
 2DIAGNOSTIC,    18, -4.906373094962e-01, 4.706464353933e-05, 5.0480e+01, 1.9444e+00, 
 2DIAGNOSTIC,    19, -4.906371236419e-01, 3.073096161443e-05, 5.2225e+01, 1.7449e+00, 
 2DIAGNOSTIC,    20, -4.906369217830e-01, 1.592302439322e-05, 5.4315e+01, 2.0895e+00, 
 2DIAGNOSTIC,    21, -4.906368292279e-01, 6.672486325653e-06, 5.6064e+01, 1.7496e+00, 
 2DIAGNOSTIC,    22, -4.906366023269e-01, 1.408913712232e-06, 5.8049e+01, 1.9847e+00, 
 2DIAGNOSTIC,    23, -4.906369576124e-01, 1.323108845236e-06, 6.0123e+01, 2.0744e+00, 
 2DIAGNOSTIC,    24, -4.906367255882e-01, 1.273365594960e-06, 6.2214e+01, 2.0907e+00, 
 2DIAGNOSTIC,    25, -4.906365111140e-01, 1.226198677644e-06, 6.4177e+01, 1.9636e+00, 
 2DIAGNOSTIC,    26, -4.906365019053e-01, 1.182464220172e-06, 6.6156e+01, 1.9781e+00, 
 2DIAGNOSTIC,    27, -4.906365749063e-01, 1.145647749008e-06, 6.8075e+01, 1.9192e+00, 
 2DIAGNOSTIC,    28, -4.906365511966e-01, 1.112350904810e-06, 6.9982e+01, 1.9073e+00, 
 2DIAGNOSTIC,    29, -4.906364964529e-01, 1.078977362040e-06, 7.1805e+01, 1.8227e+00, 
 2DIAGNOSTIC,    30, -4.906364769672e-01, 1.045567147438e-06, 7.3562e+01, 1.7574e+00, 
 2DIAGNOSTIC,    31, -4.906363001657e-01, 1.010879042126e-06, 7.5833e+01, 2.2709e+00, 
  Elapsed time (stage 0): 7.6969e+01


Total elapsed time: 7.6985e+01
Info [verificarlo]: loaded backend libinterflop_vprec.so
Info [interflop-vprec]: load backend with: 
Info [interflop-vprec]: precision-binary32 = 21
Info [interflop-vprec]: range-binary32 = 7
Info [interflop-vprec]: precision-binary64 = 21
Info [interflop-vprec]: range-binary64 = 7
Info [interflop-vprec]: mode = ob
Info [interflop-vprec]: error-mode = rel
Info [interflop-vprec]: max-abs-error-exponent = -1022
Info [interflop-vprec]: daz = false
Info [interflop-vprec]: ftz = false
Info [interflop-vprec]: 	instrument = none
Info [interflop-vprec]: 	prec-input-file = (null)
Info [interflop-vprec]: 	prec-output-file = (null)
Info [interflop-vprec]: 	prec-log-file = (null)
All_Command_lines_OK
Using double precision for computations.
=============================================================================
The composite transform comprises the following transforms (in order): 
  1. /home/mdugre/scratch/mri-registration-rp/datasets/ds004513/derivatives/mri-registration-rp/0001/antsRegistration-r7-p21/sub-s003/affine_Composite.h5[0] (type = Euler3DTransform)
  2. /home/mdugre/scratch/mri-registration-rp/datasets/ds004513/derivatives/mri-registration-rp/0001/antsRegistration-r7-p21/sub-s003/affine_Composite.h5[1] (type = Euler3DTransform)
  3. /home/mdugre/scratch/mri-registration-rp/datasets/ds004513/derivatives/mri-registration-rp/0001/antsRegistration-r7-p21/sub-s003/affine_Composite.h5[2] (type = Euler3DTransform)
  4. /home/mdugre/scratch/mri-registration-rp/datasets/ds004513/derivatives/mri-registration-rp/0001/antsRegistration-r7-p21/sub-s003/affine_Composite.h5[3] (type = AffineTransform)
=============================================================================
  number of levels = 4
  fixed image: /templateflow/tpl-MNI152NLin2009cAsym/tpl-MNI152NLin2009cAsym_res-01_desc-brain_T1w.nii.gz
  moving image: /home/mdugre/scratch/mri-registration-rp/datasets/ds004513/derivatives/mri-registration-rp/antsBrainExtraction/sub-s003/BrainExtractionBrain.nii.gz
Dimension = 3
Number of stages = 1
Use histogram matching = false
Winsorize image intensities = true
  Lower quantile = 0.005
  Upper quantile = 0.995


Stage 1 State
   Image metric = CC
     Fixed image = Image (0x339f6f0)
  RTTI typeinfo:   itk::Image<double, 3u>
  Reference Count: 2
  Modified Time: 1608
  Debug: Off
  Object Name: 
  Observers: 
    none
  Source: (none)
  Source output name: (none)
  Release Data: Off
  Data Released: False
  Global Release Data: Off
  PipelineMTime: 0
  UpdateMTime: 1217
  RealTimeStamp: 0 seconds 
  LargestPossibleRegion: 
    Dimension: 3
    Index: [0, 0, 0]
    Size: [193, 229, 193]
  BufferedRegion: 
    Dimension: 3
    Index: [0, 0, 0]
    Size: [193, 229, 193]
  RequestedRegion: 
    Dimension: 3
    Index: [0, 0, 0]
    Size: [193, 229, 193]
  Spacing: [1, 1, 1]
  Origin: [96, 132, -78]
  Direction: 
-1 0 0
0 -1 0
0 0 1

  IndexToPointMatrix: 
-1 0 0
0 -1 0
0 0 1

  PointToIndexMatrix: 
-1 0 0
0 -1 0
0 0 1

  Inverse Direction: 
-1 0 0
0 -1 0
0 0 1

  PixelContainer: 
    ImportImageContainer (0x346d8b0)
