
##########################
# Experiment information #
##########################

EXPERIMENT_NAME: antsRegistration-r7-p18
VFC_BACKENDS: libinterflop_vprec.so --range-binary32=7 --precision-binary32=18 --range-binary64=7 --precision-binary64=18

SIF_IMG: /home/mdugre/projects/rrg-glatard/mdugre/containers/ants-vprec-no_metrics.simg

SUBJECT_ID: s025
INPUT_IMG: /home/mdugre/scratch/mri-registration-rp/datasets/ds004513/derivatives/mri-registration-rp/antsBrainExtraction/sub-s025/BrainExtractionBrain.nii.gz
OUTPUT_DIR: /home/mdugre/scratch/mri-registration-rp/datasets/ds004513/derivatives/mri-registration-rp/0001/antsRegistration-r7-p18/sub-s025

FIXED_IMG: /templateflow/tpl-MNI152NLin2009cAsym/tpl-MNI152NLin2009cAsym_res-01_desc-brain_T1w.nii.gz
DATA_DIR: /home/mdugre/scratch/mri-registration-rp/datasets/ds004513
TEMPLATEFLOW_DIR: /home/mdugre/projects/rrg-glatard/mdugre/templateflow
ITK_GLOBAL_DEFAULT_NUMBER_OF_THREADS: 16
##########################

Info [verificarlo]: loaded backend libinterflop_ieee.so
Info [interflop-ieee]: load backend with:
Info [interflop-ieee]: debug = false
Info [interflop-ieee]: debug-binary = false
Info [interflop-ieee]: no-backend-name = false
Info [interflop-ieee]: print-new-line = false
Info [interflop-ieee]: print-subnormal-normalized = false
Info [interflop-ieee]: count-op = false
All_Command_lines_OK
Using double precision for computations.
=============================================================================
The composite transform comprises the following transforms (in order): 
  1. Center of mass alignment using fixed image: /templateflow/tpl-MNI152NLin2009cAsym/tpl-MNI152NLin2009cAsym_res-01_desc-brain_T1w.nii.gz and moving image: /home/mdugre/scratch/mri-registration-rp/datasets/ds004513/derivatives/mri-registration-rp/antsBrainExtraction/sub-s025/BrainExtractionBrain.nii.gz (type = Euler3DTransform)
=============================================================================
  number of levels = 1
  fixed image: /templateflow/tpl-MNI152NLin2009cAsym/tpl-MNI152NLin2009cAsym_res-01_desc-brain_T1w.nii.gz
  moving image: /home/mdugre/scratch/mri-registration-rp/datasets/ds004513/derivatives/mri-registration-rp/antsBrainExtraction/sub-s025/BrainExtractionBrain.nii.gz
Dimension = 3
Number of stages = 1
Use histogram matching = false
Winsorize image intensities = true
  Lower quantile = 0.005
  Upper quantile = 0.995


Stage 1 State
   Image metric = MattesMI
     Fixed image = Image (0x353fe70)
  RTTI typeinfo:   itk::Image<double, 3u>
  Reference Count: 2
  Modified Time: 2334
  Debug: Off
  Object Name: 
  Observers: 
    none
  Source: (none)
  Source output name: (none)
  Release Data: Off
  Data Released: False
  Global Release Data: Off
  PipelineMTime: 0
  UpdateMTime: 1943
  RealTimeStamp: 0 seconds 
  LargestPossibleRegion: 
    Dimension: 3
    Index: [0, 0, 0]
    Size: [193, 229, 193]
  BufferedRegion: 
    Dimension: 3
    Index: [0, 0, 0]
    Size: [193, 229, 193]
  RequestedRegion: 
    Dimension: 3
    Index: [0, 0, 0]
    Size: [193, 229, 193]
  Spacing: [1, 1, 1]
  Origin: [96, 132, -78]
  Direction: 
-1 0 0
0 -1 0
0 0 1

  IndexToPointMatrix: 
-1 0 0
0 -1 0
0 0 1

  PointToIndexMatrix: 
-1 0 0
0 -1 0
0 0 1

  Inverse Direction: 
-1 0 0
0 -1 0
0 0 1

  PixelContainer: 
    ImportImageContainer (0x3548c60)
      RTTI typeinfo:   itk::ImportImageContainer<unsigned long, double>
      Reference Count: 1
      Modified Time: 1940
      Debug: Off
      Object Name: 
      Observers: 
        none
      Pointer: 0x14929ae04010
      Container manages memory: true
      Size: 8530021
      Capacity: 8530021

     Moving image = Image (0x354b610)
  RTTI typeinfo:   itk::Image<double, 3u>
  Reference Count: 2
  Modified Time: 2335
  Debug: Off
  Object Name: 
  Observers: 
    none
  Source: (none)
  Source output name: (none)
  Release Data: Off
  Data Released: False
  Global Release Data: Off
  PipelineMTime: 0
  UpdateMTime: 2332
  RealTimeStamp: 0 seconds 
  LargestPossibleRegion: 
    Dimension: 3
    Index: [0, 0, 0]
    Size: [176, 240, 256]
  BufferedRegion: 
    Dimension: 3
    Index: [0, 0, 0]
    Size: [176, 240, 256]
  RequestedRegion: 
    Dimension: 3
    Index: [0, 0, 0]
    Size: [176, 240, 256]
  Spacing: [0.999999, 1, 1]
  Origin: [90.3778, 84.5091, -154.071]
  Direction: 
-0.999391 7.48184e-06 -0.0348969
-7.47664e-06 -1 -2.7953e-07
-0.0348969 -1.84481e-08 0.999391

  IndexToPointMatrix: 
-0.99939 7.48184e-06 -0.0348969
-7.47663e-06 -1 -2.7953e-07
-0.0348968 -1.84481e-08 0.999391

  PointToIndexMatrix: 
-0.999392 -7.47665e-06 -0.0348969
7.48184e-06 -1 -1.84481e-08
-0.0348969 -2.7953e-07 0.999391

  Inverse Direction: 
-0.999391 -7.47664e-06 -0.0348969
7.48184e-06 -1 -1.84481e-08
-0.0348969 -2.7953e-07 0.999391

  PixelContainer: 
    ImportImageContainer (0x35e4ef0)
      RTTI typeinfo:   itk::ImportImageContainer<unsigned long, double>
      Reference Count: 1
      Modified Time: 2329
      Debug: Off
      Object Name: 
      Observers: 
        none
      Pointer: 0x149295b83010
      Container manages memory: true
      Size: 10813440
      Capacity: 10813440

     Weighting = 1
     Sampling strategy = regular
     Number of bins = 32
     Radius = 4
     Sampling percentage  = 0.25
   Transform = Rigid
     Gradient step = 0.1
     Update field sigma (voxel space) = 0
     Total field sigma (voxel space) = 0
     Update field time sigma = 0
     Total field time sigma  = 0
     Number of time indices = 0
     Number of time point samples = 0
Registration using 1 total stages.

Stage 0
  iterations = 0
  convergence threshold = 1e-06
  convergence window size = 10
  number of levels = 1
  using the Mattes MI metric (number of bins = 32, weight = 1, use gradient filter = 0)
  preprocessing:  winsorizing the image intensities
  Shrink factors (level 1 out of 1): [1, 1, 1]
  smoothing sigmas per level: [0]
  regular sampling (percentage = 0.25)

*** Running Euler3DTransform registration ***

  Elapsed time (stage 0): 1.11234


Total elapsed time: 1.115
Info [verificarlo]: loaded backend libinterflop_ieee.so
Info [interflop-ieee]: load backend with:
Info [interflop-ieee]: debug = false
Info [interflop-ieee]: debug-binary = false
Info [interflop-ieee]: no-backend-name = false
Info [interflop-ieee]: print-new-line = false
Info [interflop-ieee]: print-subnormal-normalized = false
Info [interflop-ieee]: count-op = false
All_Command_lines_OK
Using double precision for computations.
=============================================================================
The composite transform comprises the following transforms (in order): 
  1. /home/mdugre/scratch/mri-registration-rp/datasets/ds004513/derivatives/mri-registration-rp/0001/antsRegistration-r7-p18/sub-s025/align_Composite.h5[0] (type = Euler3DTransform)
  2. /home/mdugre/scratch/mri-registration-rp/datasets/ds004513/derivatives/mri-registration-rp/0001/antsRegistration-r7-p18/sub-s025/align_Composite.h5[1] (type = Euler3DTransform)
=============================================================================
  number of levels = 4
  fixed image: /templateflow/tpl-MNI152NLin2009cAsym/tpl-MNI152NLin2009cAsym_res-01_desc-brain_T1w.nii.gz
  moving image: /home/mdugre/scratch/mri-registration-rp/datasets/ds004513/derivatives/mri-registration-rp/antsBrainExtraction/sub-s025/BrainExtractionBrain.nii.gz
Dimension = 3
Number of stages = 1
Use histogram matching = false
Winsorize image intensities = true
  Lower quantile = 0.005
  Upper quantile = 0.995


Stage 1 State
   Image metric = MattesMI
     Fixed image = Image (0x43d1530)
  RTTI typeinfo:   itk::Image<double, 3u>
  Reference Count: 2
  Modified Time: 1580
  Debug: Off
  Object Name: 
  Observers: 
    none
  Source: (none)
  Source output name: (none)
  Release Data: Off
  Data Released: False
  Global Release Data: Off
  PipelineMTime: 0
  UpdateMTime: 1189
  RealTimeStamp: 0 seconds 
  LargestPossibleRegion: 
    Dimension: 3
    Index: [0, 0, 0]
    Size: [193, 229, 193]
  BufferedRegion: 
    Dimension: 3
    Index: [0, 0, 0]
    Size: [193, 229, 193]
  RequestedRegion: 
    Dimension: 3
    Index: [0, 0, 0]
    Size: [193, 229, 193]
  Spacing: [1, 1, 1]
  Origin: [96, 132, -78]
  Direction: 
-1 0 0
0 -1 0
0 0 1

  IndexToPointMatrix: 
-1 0 0
0 -1 0
0 0 1

  PointToIndexMatrix: 
-1 0 0
0 -1 0
0 0 1

  Inverse Direction: 
-1 0 0
0 -1 0
0 0 1

  PixelContainer: 
    ImportImageContainer (0x448fd60)
      RTTI typeinfo:   itk::ImportImageContainer<unsigned long, double>
      Reference Count: 1
      Modified Time: 1186
      Debug: Off
      Object Name: 
      Observers: 
        none
      Pointer: 0x14d431e7d010
      Container manages memory: true
      Size: 8530021
      Capacity: 8530021

     Moving image = Image (0x4481f60)
  RTTI typeinfo:   itk::Image<double, 3u>
  Reference Count: 2
  Modified Time: 1581
  Debug: Off
  Object Name: 
  Observers: 
    none
  Source: (none)
  Source output name: (none)
  Release Data: Off
  Data Released: False
  Global Release Data: Off
  PipelineMTime: 0
  UpdateMTime: 1578
  RealTimeStamp: 0 seconds 
  LargestPossibleRegion: 
    Dimension: 3
    Index: [0, 0, 0]
    Size: [176, 240, 256]
  BufferedRegion: 
    Dimension: 3
    Index: [0, 0, 0]
    Size: [176, 240, 256]
  RequestedRegion: 
    Dimension: 3
    Index: [0, 0, 0]
    Size: [176, 240, 256]
  Spacing: [0.999999, 1, 1]
  Origin: [90.3778, 84.5091, -154.071]
  Direction: 
-0.999391 7.48184e-06 -0.0348969
-7.47664e-06 -1 -2.7953e-07
-0.0348969 -1.84481e-08 0.999391

  IndexToPointMatrix: 
-0.99939 7.48184e-06 -0.0348969
-7.47663e-06 -1 -2.7953e-07
-0.0348968 -1.84481e-08 0.999391

  PointToIndexMatrix: 
-0.999392 -7.47665e-06 -0.0348969
7.48184e-06 -1 -1.84481e-08
-0.0348969 -2.7953e-07 0.999391

  Inverse Direction: 
-0.999391 -7.47664e-06 -0.0348969
7.48184e-06 -1 -1.84481e-08
-0.0348969 -2.7953e-07 0.999391

  PixelContainer: 
    ImportImageContainer (0x44736d0)
      RTTI typeinfo:   itk::ImportImageContainer<unsigned long, double>
      Reference Count: 1
      Modified Time: 1575
      Debug: Off
      Object Name: 
      Observers: 
        none
      Pointer: 0x14d42cbfc010
      Container manages memory: true
      Size: 10813440
      Capacity: 10813440

     Weighting = 1
     Sampling strategy = regular
     Number of bins = 32
     Radius = 4
     Sampling percentage  = 0.25
   Transform = Rigid
     Gradient step = 0.1
     Update field sigma (voxel space) = 0
     Total field sigma (voxel space) = 0
     Update field time sigma = 0
     Total field time sigma  = 0
     Number of time indices = 0
     Number of time point samples = 0
Registration using 1 total stages.

Stage 0
  iterations = 1000x500x250x100
  convergence threshold = 1e-06
  convergence window size = 10
  number of levels = 4
  using the Mattes MI metric (number of bins = 32, weight = 1, use gradient filter = 0)
  preprocessing:  winsorizing the image intensities
  Shrink factors (level 1 out of 4): [8, 8, 8]
  Shrink factors (level 2 out of 4): [4, 4, 4]
  Shrink factors (level 3 out of 4): [2, 2, 2]
  Shrink factors (level 4 out of 4): [1, 1, 1]
  smoothing sigmas per level: [3, 2, 1, 0]
  regular sampling (percentage = 0.25)

*** Running Euler3DTransform registration ***

DIAGNOSTIC,Iteration,metricValue,convergenceValue,ITERATION_TIME_INDEX,SINCE_LAST
 2DIAGNOSTIC,     1, -5.323241903179e-01, 1.797693134862e+308, 7.8569e-01, 7.8569e-01, 
 2DIAGNOSTIC,     2, -5.346190553927e-01, 1.797693134862e+308, 7.9020e-01, 4.5109e-03, 
 2DIAGNOSTIC,     3, -5.378036555361e-01, 1.797693134862e+308, 7.9462e-01, 4.4250e-03, 
 2DIAGNOSTIC,     4, -5.422949451405e-01, 1.797693134862e+308, 7.9903e-01, 4.4100e-03, 
 2DIAGNOSTIC,     5, -5.486805952477e-01, 1.797693134862e+308, 8.0416e-01, 5.1291e-03, 
 2DIAGNOSTIC,     6, -5.542790085272e-01, 1.797693134862e+308, 8.0853e-01, 4.3631e-03, 
 2DIAGNOSTIC,     7, -5.627123115611e-01, 1.797693134862e+308, 8.1284e-01, 4.3149e-03, 
 2DIAGNOSTIC,     8, -5.766609943856e-01, 1.797693134862e+308, 8.1726e-01, 4.4200e-03, 
 2DIAGNOSTIC,     9, -5.881111419397e-01, 1.797693134862e+308, 8.2164e-01, 4.3840e-03, 
 2DIAGNOSTIC,    10, -6.012927005665e-01, 7.820055967719e-03, 8.2748e-01, 5.8389e-03, 
 2DIAGNOSTIC,    11, -6.192402913591e-01, 8.564422673941e-03, 8.3526e-01, 7.7801e-03, 
 2DIAGNOSTIC,    12, -6.197111897446e-01, 8.513711436520e-03, 8.3963e-01, 4.3681e-03, 
 2DIAGNOSTIC,    13, -6.223136777510e-01, 7.932305190660e-03, 8.4418e-01, 4.5471e-03, 
 2DIAGNOSTIC,    14, -6.239859078529e-01, 6.938967258809e-03, 8.4875e-01, 4.5729e-03, 
 2DIAGNOSTIC,    15, -6.258731029034e-01, 5.722268374530e-03, 8.5336e-01, 4.6110e-03, 
 2DIAGNOSTIC,    16, -6.290042957039e-01, 4.404898010699e-03, 8.5802e-01, 4.6580e-03, 
 2DIAGNOSTIC,    17, -6.327399548153e-01, 3.192249457944e-03, 8.6392e-01, 5.9011e-03, 
 2DIAGNOSTIC,    18, -6.361770329220e-01, 2.298162514603e-03, 8.6976e-01, 5.8420e-03, 
 2DIAGNOSTIC,    19, -6.381920795346e-01, 1.629119692317e-03, 8.7500e-01, 5.2400e-03, 
 2DIAGNOSTIC,    20, -6.414786468500e-01, 1.264281191530e-03, 8.7977e-01, 4.7650e-03, 
 2DIAGNOSTIC,    21, -6.422621311424e-01, 1.244231354483e-03, 8.8458e-01, 4.8089e-03, 
 2DIAGNOSTIC,    22, -6.443386369616e-01, 1.164065699082e-03, 8.8921e-01, 4.6370e-03, 
 2DIAGNOSTIC,    23, -6.458367310975e-01, 1.066297095282e-03, 8.9432e-01, 5.1060e-03, 
 2DIAGNOSTIC,    24, -6.528535013851e-01, 1.047817938653e-03, 8.9957e-01, 5.2540e-03, 
 2DIAGNOSTIC,    25, -6.591704562362e-01, 1.083081255395e-03, 9.0577e-01, 6.1960e-03, 
 2DIAGNOSTIC,    26, -6.605963654694e-01, 1.093549158546e-03, 9.1075e-01, 4.9760e-03, 
 2DIAGNOSTIC,    27, -6.608439810053e-01, 1.070984906624e-03, 9.1514e-01, 4.3921e-03, 
 2DIAGNOSTIC,    28, -6.615671825558e-01, 1.019502615369e-03, 9.1955e-01, 4.4150e-03, 
 2DIAGNOSTIC,    29, -6.628794520452e-01, 9.260605919369e-04, 9.2407e-01, 4.5190e-03, 
 2DIAGNOSTIC,    30, -6.728295479843e-01, 9.537376464849e-04, 9.3053e-01, 6.4590e-03, 
 2DIAGNOSTIC,    31, -6.735478852581e-01, 9.084155954840e-04, 9.3507e-01, 4.5381e-03, 
 2DIAGNOSTIC,    32, -6.743492413947e-01, 8.254136342121e-04, 9.3948e-01, 4.4129e-03, 
 2DIAGNOSTIC,    33, -6.778518582573e-01, 7.396608919279e-04, 9.4407e-01, 4.5872e-03, 
 2DIAGNOSTIC,    34, -6.872952503206e-01, 8.064177306926e-04, 9.5344e-01, 9.3670e-03, 
 2DIAGNOSTIC,    35, -6.877316153456e-01, 8.751526956338e-04, 9.5791e-01, 4.4689e-03, 
 2DIAGNOSTIC,    36, -6.893207748748e-01, 8.964091063431e-04, 9.6230e-01, 4.3931e-03, 
 2DIAGNOSTIC,    37, -6.927365877692e-01, 8.791041087974e-04, 9.6667e-01, 4.3681e-03, 
 2DIAGNOSTIC,    38, -7.010172929534e-01, 8.852342226092e-04, 9.7109e-01, 4.4279e-03, 
 2DIAGNOSTIC,    39, -7.064012551250e-01, 8.770857971110e-04, 9.7548e-01, 4.3881e-03, 
 2DIAGNOSTIC,    40, -7.084339959071e-01, 9.204550970196e-04, 9.7985e-01, 4.3640e-03, 
 2DIAGNOSTIC,    41, -7.160844982151e-01, 9.680110869156e-04, 9.8478e-01, 4.9341e-03, 
 2DIAGNOSTIC,    42, -7.193137865246e-01, 9.617202964912e-04, 9.9077e-01, 5.9931e-03, 
 2DIAGNOSTIC,    43, -7.221886403068e-01, 9.261570338574e-04, 9.9515e-01, 4.3719e-03, 
 2DIAGNOSTIC,    44, -7.284724994083e-01, 9.626002688689e-04, 9.9961e-01, 4.4611e-03, 
 2DIAGNOSTIC,    45, -7.388109981454e-01, 1.010493540174e-03, 1.0042e+00, 4.5938e-03, 
 2DIAGNOSTIC,    46, -7.433675556032e-01, 1.016141474609e-03, 1.0087e+00, 4.4980e-03, 
 2DIAGNOSTIC,    47, -7.508362104817e-01, 1.024712075747e-03, 1.0165e+00, 7.8030e-03, 
 2DIAGNOSTIC,    48, -7.535826542292e-01, 1.034758667955e-03, 1.0235e+00, 6.9871e-03, 
 2DIAGNOSTIC,    49, -7.537059205740e-01, 9.947002752186e-04, 1.0285e+00, 5.0020e-03, 
 2DIAGNOSTIC,    50, -7.535431237673e-01, 8.760411598795e-04, 1.0333e+00, 4.8120e-03, 
 2DIAGNOSTIC,    51, -7.535398880959e-01, 7.435752204551e-04, 1.0383e+00, 4.9899e-03, 
 2DIAGNOSTIC,    52, -7.536626164173e-01, 5.737937354698e-04, 1.0426e+00, 4.3042e-03, 
 2DIAGNOSTIC,    53, -7.534882502674e-01, 3.779243214448e-04, 1.0474e+00, 4.8349e-03, 
 2DIAGNOSTIC,    54, -7.534626195951e-01, 2.029903403132e-04, 1.0524e+00, 4.9770e-03, 
 2DIAGNOSTIC,    55, -7.534382783155e-01, 9.632045678844e-05, 1.0569e+00, 4.5350e-03, 
 2DIAGNOSTIC,    56, -7.537483763015e-01, 2.056683389230e-05, 1.0614e+00, 4.4920e-03, 
 2DIAGNOSTIC,    57, -7.542374293885e-01, 4.771078976316e-06, 1.0657e+00, 4.2801e-03, 
 2DIAGNOSTIC,    58, -7.549331161311e-01, 1.434623287842e-05, 1.0700e+00, 4.3190e-03, 
 2DIAGNOSTIC,    59, -7.568780837028e-01, 3.711103757815e-05, 1.0744e+00, 4.4050e-03, 
 2DIAGNOSTIC,    60, -7.585987764010e-01, 6.622165827576e-05, 1.0803e+00, 5.8851e-03, 
 2DIAGNOSTIC,    61, -7.587824323331e-01, 8.901462626447e-05, 1.0851e+00, 4.7970e-03, 
 2DIAGNOSTIC,    62, -7.589509129463e-01, 1.047362803087e-04, 1.0899e+00, 4.7309e-03, 
 2DIAGNOSTIC,    63, -7.590049169325e-01, 1.091529764372e-04, 1.0941e+00, 4.2720e-03, 
 2DIAGNOSTIC,    64, -7.590892352753e-01, 1.031940338102e-04, 1.0984e+00, 4.2331e-03, 
 2DIAGNOSTIC,    65, -7.591020855476e-01, 8.732125955034e-05, 1.1026e+00, 4.2779e-03, 
 2DIAGNOSTIC,    66, -7.594248880938e-01, 6.776647344783e-05, 1.1079e+00, 5.2791e-03, 
 2DIAGNOSTIC,    67, -7.594989630890e-01, 4.603481260623e-05, 1.1127e+00, 4.7770e-03, 
 2DIAGNOSTIC,    68, -7.594255843221e-01, 2.425947016273e-05, 1.1170e+00, 4.2870e-03, 
 2DIAGNOSTIC,    69, -7.593816594371e-01, 1.214801805987e-05, 1.1212e+00, 4.2250e-03, 
 2DIAGNOSTIC,    70, -7.593895473756e-01, 9.553665613376e-06, 1.1259e+00, 4.7350e-03, 
 2DIAGNOSTIC,    71, -7.593516626380e-01, 6.959901432558e-06, 1.1302e+00, 4.2999e-03, 
 2DIAGNOSTIC,    72, -7.595997569519e-01, 6.209916346211e-06, 1.1345e+00, 4.2272e-03, 
 2DIAGNOSTIC,    73, -7.598041025119e-01, 6.377646747966e-06, 1.1387e+00, 4.2791e-03, 
 2DIAGNOSTIC,    74, -7.602545464776e-01, 8.971440029815e-06, 1.1437e+00, 4.9770e-03, 
 2DIAGNOSTIC,    75, -7.608184343682e-01, 1.375677987590e-05, 1.1511e+00, 7.4110e-03, 
 2DIAGNOSTIC,    76, -7.608729231685e-01, 1.910632898334e-05, 1.1558e+00, 4.6980e-03, 
 2DIAGNOSTIC,    77, -7.607878621684e-01, 2.249706887630e-05, 1.1605e+00, 4.6351e-03, 
 2DIAGNOSTIC,    78, -7.607069883684e-01, 2.289022969960e-05, 1.1647e+00, 4.2770e-03, 
 2DIAGNOSTIC,    79, -7.607943967147e-01, 2.130806151614e-05, 1.1690e+00, 4.2582e-03, 
 2DIAGNOSTIC,    80, -7.609945838066e-01, 1.877730458411e-05, 1.1738e+00, 4.8180e-03, 
 2DIAGNOSTIC,    81, -7.611874479668e-01, 1.529842554215e-05, 1.1786e+00, 4.7910e-03, 
 2DIAGNOSTIC,    82, -7.614519893888e-01, 1.307779666832e-05, 1.1845e+00, 5.8579e-03, 
 2DIAGNOSTIC,    83, -7.613685578155e-01, 1.026085133704e-05, 1.1895e+00, 5.0042e-03, 
 2DIAGNOSTIC,    84, -7.613767938321e-01, 8.746523361509e-06, 1.2070e+00, 1.7576e-02, 
 2DIAGNOSTIC,    85, -7.612790109743e-01, 8.676815356590e-06, 1.2130e+00, 5.9271e-03, 
 2DIAGNOSTIC,    86, -7.612954612242e-01, 8.143569191233e-06, 1.2175e+00, 4.5528e-03, 
 2DIAGNOSTIC,    87, -7.613164871713e-01, 6.577814139831e-06, 1.2229e+00, 5.3911e-03, 
 2DIAGNOSTIC,    88, -7.618143288748e-01, 6.385949867611e-06, 1.2301e+00, 7.2010e-03, 
 2DIAGNOSTIC,    89, -7.617029750916e-01, 5.454619493786e-06, 1.2347e+00, 4.5700e-03, 
 2DIAGNOSTIC,    90, -7.617076899428e-01, 5.012907258533e-06, 1.2392e+00, 4.5171e-03, 
 2DIAGNOSTIC,    91, -7.617184309633e-01, 5.032931891134e-06, 1.2443e+00, 5.0778e-03, 
 2DIAGNOSTIC,    92, -7.617241482524e-01, 5.776671269461e-06, 1.2489e+00, 4.6570e-03, 
 2DIAGNOSTIC,    93, -7.618508038109e-01, 6.128991354812e-06, 1.2541e+00, 5.1179e-03, 
 2DIAGNOSTIC,    94, -7.618545261154e-01, 5.967658216205e-06, 1.2604e+00, 6.3810e-03, 
 2DIAGNOSTIC,    95, -7.618569128598e-01, 4.904223109229e-06, 1.2651e+00, 4.6849e-03, 
 2DIAGNOSTIC,    96, -7.618587800678e-01, 3.525166280322e-06, 1.2698e+00, 4.7121e-03, 
 2DIAGNOSTIC,    97, -7.618609112977e-01, 1.899744704645e-06, 1.2746e+00, 4.7321e-03, 
 2DIAGNOSTIC,    98, -7.619837240297e-01, 2.716305803925e-06, 1.2816e+00, 7.0319e-03, 
 2DIAGNOSTIC,    99, -7.619840134905e-01, 2.818816859493e-06, 1.2865e+00, 4.8640e-03, 
 2DIAGNOSTIC,   100, -7.619843622573e-01, 2.713419376152e-06, 1.2916e+00, 5.1808e-03, 
 2DIAGNOSTIC,   101, -7.619850050269e-01, 2.439563134508e-06, 1.2969e+00, 5.2810e-03, 
 2DIAGNOSTIC,   102, -7.619851777008e-01, 1.975399454330e-06, 1.3016e+00, 4.6649e-03, 
 2DIAGNOSTIC,   103, -7.618657245408e-01, 1.382035401058e-06, 1.3075e+00, 5.9431e-03, 
DIAGNOSTIC,Iteration,metricValue,convergenceValue,ITERATION_TIME_INDEX,SINCE_LAST
 2DIAGNOSTIC,     1, -6.046165422364e-01, 1.797693134862e+308, 2.1148e+00, 8.0731e-01, 
 2DIAGNOSTIC,     2, -6.054689373597e-01, 1.797693134862e+308, 2.1523e+00, 3.7476e-02, 
 2DIAGNOSTIC,     3, -6.067835773525e-01, 1.797693134862e+308, 2.1862e+00, 3.3924e-02, 
 2DIAGNOSTIC,     4, -6.083073238263e-01, 1.797693134862e+308, 2.2166e+00, 3.0357e-02, 
 2DIAGNOSTIC,     5, -6.094647353175e-01, 1.797693134862e+308, 2.2467e+00, 3.0089e-02, 
 2DIAGNOSTIC,     6, -6.106375864571e-01, 1.797693134862e+308, 2.2765e+00, 2.9856e-02, 
 2DIAGNOSTIC,     7, -6.123713104402e-01, 1.797693134862e+308, 2.3074e+00, 3.0806e-02, 
 2DIAGNOSTIC,     8, -6.201709129673e-01, 1.797693134862e+308, 2.3490e+00, 4.1598e-02, 
 2DIAGNOSTIC,     9, -6.203003943477e-01, 1.797693134862e+308, 2.3895e+00, 4.0506e-02, 
 2DIAGNOSTIC,    10, -6.203465407100e-01, 1.869504531590e-03, 2.4267e+00, 3.7287e-02, 
 2DIAGNOSTIC,    11, -6.205092222050e-01, 1.714898716649e-03, 2.4648e+00, 3.8011e-02, 
 2DIAGNOSTIC,    12, -6.205825178710e-01, 1.466231113333e-03, 2.4971e+00, 3.2392e-02, 
 2DIAGNOSTIC,    13, -6.210585275440e-01, 1.182626625023e-03, 2.5458e+00, 4.8663e-02, 
 2DIAGNOSTIC,    14, -6.212831208863e-01, 8.895423067410e-04, 2.5789e+00, 3.3124e-02, 
 2DIAGNOSTIC,    15, -6.214911411007e-01, 6.005499843956e-04, 2.6117e+00, 3.2802e-02, 
 2DIAGNOSTIC,    16, -6.216341489816e-01, 3.325677022080e-04, 2.6611e+00, 4.9326e-02, 
 2DIAGNOSTIC,    17, -6.216508184132e-01, 1.074797957813e-04, 2.7033e+00, 4.2252e-02, 
 2DIAGNOSTIC,    18, -6.216427759189e-01, 9.746188849338e-05, 2.7446e+00, 4.1290e-02, 
 2DIAGNOSTIC,    19, -6.216256019063e-01, 8.232868141334e-05, 2.7818e+00, 3.7184e-02, 
 2DIAGNOSTIC,    20, -6.216188632063e-01, 6.213365311936e-05, 2.8143e+00, 3.2491e-02, 
 2DIAGNOSTIC,    21, -6.216149026609e-01, 4.180841792365e-05, 2.8468e+00, 3.2483e-02, 
 2DIAGNOSTIC,    22, -6.216150649123e-01, 2.094306004655e-05, 2.8818e+00, 3.5007e-02, 
 2DIAGNOSTIC,    23, -6.216221103114e-01, 9.720512639547e-06, 2.9179e+00, 3.6171e-02, 
 2DIAGNOSTIC,    24, -6.216176379881e-01, 2.806495272602e-06, 2.9545e+00, 3.6594e-02, 
DIAGNOSTIC,Iteration,metricValue,convergenceValue,ITERATION_TIME_INDEX,SINCE_LAST
 2DIAGNOSTIC,     1, -5.350507553460e-01, 1.797693134862e+308, 4.1355e+00, 1.1810e+00, 
 2DIAGNOSTIC,     2, -5.353260861863e-01, 1.797693134862e+308, 4.3746e+00, 2.3910e-01, 
 2DIAGNOSTIC,     3, -5.354498336547e-01, 1.797693134862e+308, 4.6052e+00, 2.3059e-01, 
 2DIAGNOSTIC,     4, -5.355114402006e-01, 1.797693134862e+308, 4.8714e+00, 2.6622e-01, 
 2DIAGNOSTIC,     5, -5.355983932575e-01, 1.797693134862e+308, 5.1174e+00, 2.4597e-01, 
 2DIAGNOSTIC,     6, -5.356614836575e-01, 1.797693134862e+308, 5.3437e+00, 2.2631e-01, 
 2DIAGNOSTIC,     7, -5.358745782190e-01, 1.797693134862e+308, 5.8416e+00, 4.9791e-01, 
 2DIAGNOSTIC,     8, -5.358762776836e-01, 1.797693134862e+308, 6.1533e+00, 3.1173e-01, 
 2DIAGNOSTIC,     9, -5.358743798601e-01, 1.797693134862e+308, 6.3839e+00, 2.3060e-01, 
 2DIAGNOSTIC,    10, -5.358736882737e-01, 9.770099229653e-05, 6.6817e+00, 2.9773e-01, 
 2DIAGNOSTIC,    11, -5.358727831620e-01, 6.737303266548e-05, 6.9778e+00, 2.9619e-01, 
 2DIAGNOSTIC,    12, -5.358728712554e-01, 4.826665985233e-05, 7.3183e+00, 3.4047e-01, 
 2DIAGNOSTIC,    13, -5.358718459542e-01, 3.296912883984e-05, 7.5954e+00, 2.7714e-01, 
 2DIAGNOSTIC,    14, -5.358708444669e-01, 1.945004367222e-05, 7.8373e+00, 2.4185e-01, 
 2DIAGNOSTIC,    15, -5.358699031063e-01, 9.237428188646e-06, 8.0680e+00, 2.3071e-01, 
 2DIAGNOSTIC,    16, -5.358701256362e-01, 1.546100711347e-06, 8.3345e+00, 2.6648e-01, 
 2DIAGNOSTIC,    17, -5.358703751988e-01, 1.455055658114e-06, 8.5916e+00, 2.5708e-01, 
 2DIAGNOSTIC,    18, -5.358684154536e-01, 1.405901813453e-06, 8.8521e+00, 2.6050e-01, 
 2DIAGNOSTIC,    19, -5.358675571290e-01, 1.321211856704e-06, 9.1014e+00, 2.4932e-01, 
 2DIAGNOSTIC,    20, -5.358655948115e-01, 1.208345991752e-06, 9.4017e+00, 3.0028e-01, 
 2DIAGNOSTIC,    21, -5.358645870790e-01, 1.093077770423e-06, 9.6718e+00, 2.7017e-01, 
DIAGNOSTIC,Iteration,metricValue,convergenceValue,ITERATION_TIME_INDEX,SINCE_LAST
 2DIAGNOSTIC,     1, -4.896529904735e-01, 1.797693134862e+308, 1.4067e+01, 4.3954e+00, 
 2DIAGNOSTIC,     2, -4.896528657819e-01, 1.797693134862e+308, 1.5703e+01, 1.6353e+00, 
 2DIAGNOSTIC,     3, -4.896527654064e-01, 1.797693134862e+308, 1.7402e+01, 1.6995e+00, 
 2DIAGNOSTIC,     4, -4.896526913921e-01, 1.797693134862e+308, 1.9572e+01, 2.1703e+00, 
 2DIAGNOSTIC,     5, -4.896525990663e-01, 1.797693134862e+308, 2.1119e+01, 1.5464e+00, 
 2DIAGNOSTIC,     6, -4.896526145671e-01, 1.797693134862e+308, 2.2693e+01, 1.5743e+00, 
 2DIAGNOSTIC,     7, -4.896525166652e-01, 1.797693134862e+308, 2.4279e+01, 1.5855e+00, 
 2DIAGNOSTIC,     8, -4.896523102614e-01, 1.797693134862e+308, 2.6065e+01, 1.7865e+00, 
 2DIAGNOSTIC,     9, -4.896522082195e-01, 1.797693134862e+308, 2.7994e+01, 1.9287e+00, 
 2DIAGNOSTIC,    10, -4.896520975705e-01, 3.072688016914e-06, 2.9622e+01, 1.6283e+00, 
 2DIAGNOSTIC,    11, -4.896519869179e-01, 2.788782637639e-06, 3.1131e+01, 1.5086e+00, 
 2DIAGNOSTIC,    12, -4.896518802061e-01, 2.550385976366e-06, 3.2553e+01, 1.4224e+00, 
 2DIAGNOSTIC,    13, -4.896518965457e-01, 2.354223841580e-06, 3.4024e+01, 1.4712e+00, 
 2DIAGNOSTIC,    14, -4.896519241083e-01, 2.192602600218e-06, 3.5415e+01, 1.3911e+00, 
 2DIAGNOSTIC,    15, -4.896519706325e-01, 2.057839144365e-06, 3.7160e+01, 1.7446e+00, 
 2DIAGNOSTIC,    16, -4.896519096819e-01, 1.944055202194e-06, 3.8809e+01, 1.6489e+00, 
 2DIAGNOSTIC,    17, -4.896518486124e-01, 1.842552466137e-06, 4.0201e+01, 1.3918e+00, 
 2DIAGNOSTIC,    18, -4.896515934784e-01, 1.740140028128e-06, 4.1616e+01, 1.4148e+00, 
 2DIAGNOSTIC,    19, -4.896517545709e-01, 1.652972249494e-06, 4.3157e+01, 1.5414e+00, 
 2DIAGNOSTIC,    20, -4.896519115843e-01, 1.577631245718e-06, 4.4909e+01, 1.7517e+00, 
 2DIAGNOSTIC,    21, -4.896517888248e-01, 1.504159616098e-06, 4.6443e+01, 1.5344e+00, 
 2DIAGNOSTIC,    22, -4.896515114618e-01, 1.428510655953e-06, 4.8028e+01, 1.5853e+00, 
 2DIAGNOSTIC,    23, -4.896514668163e-01, 1.360648565658e-06, 4.9465e+01, 1.4370e+00, 
 2DIAGNOSTIC,    24, -4.896513555372e-01, 1.298286699931e-06, 5.1067e+01, 1.6013e+00, 
 2DIAGNOSTIC,    25, -4.896513177200e-01, 1.243481598051e-06, 5.2648e+01, 1.5810e+00, 
 2DIAGNOSTIC,    26, -4.896510379216e-01, 1.188068390230e-06, 5.4242e+01, 1.5946e+00, 
 2DIAGNOSTIC,    27, -4.896511199751e-01, 1.141035617214e-06, 5.5849e+01, 1.6071e+00, 
 2DIAGNOSTIC,    28, -4.896509853454e-01, 1.092599418009e-06, 5.7470e+01, 1.6205e+00, 
 2DIAGNOSTIC,    29, -4.896509416910e-01, 1.053798367283e-06, 5.8877e+01, 1.4076e+00, 
 2DIAGNOSTIC,    30, -4.896508323492e-01, 1.022629994761e-06, 6.0508e+01, 1.6306e+00, 
  Elapsed time (stage 0): 6.1447e+01


Total elapsed time: 6.1460e+01
Info [verificarlo]: loaded backend libinterflop_ieee.so
Info [interflop-ieee]: load backend with:
Info [interflop-ieee]: debug = false
Info [interflop-ieee]: debug-binary = false
Info [interflop-ieee]: no-backend-name = false
Info [interflop-ieee]: print-new-line = false
Info [interflop-ieee]: print-subnormal-normalized = false
Info [interflop-ieee]: count-op = false
All_Command_lines_OK
Using double precision for computations.
=============================================================================
The composite transform comprises the following transforms (in order): 
  1. /home/mdugre/scratch/mri-registration-rp/datasets/ds004513/derivatives/mri-registration-rp/0001/antsRegistration-r7-p18/sub-s025/rigid_Composite.h5[0] (type = Euler3DTransform)
  2. /home/mdugre/scratch/mri-registration-rp/datasets/ds004513/derivatives/mri-registration-rp/0001/antsRegistration-r7-p18/sub-s025/rigid_Composite.h5[1] (type = Euler3DTransform)
  3. /home/mdugre/scratch/mri-registration-rp/datasets/ds004513/derivatives/mri-registration-rp/0001/antsRegistration-r7-p18/sub-s025/rigid_Composite.h5[2] (type = Euler3DTransform)
=============================================================================
  number of levels = 4
  fixed image: /templateflow/tpl-MNI152NLin2009cAsym/tpl-MNI152NLin2009cAsym_res-01_desc-brain_T1w.nii.gz
  moving image: /home/mdugre/scratch/mri-registration-rp/datasets/ds004513/derivatives/mri-registration-rp/antsBrainExtraction/sub-s025/BrainExtractionBrain.nii.gz
Dimension = 3
Number of stages = 1
Use histogram matching = false
Winsorize image intensities = true
  Lower quantile = 0.005
  Upper quantile = 0.995


Stage 1 State
   Image metric = MattesMI
     Fixed image = Image (0x3b527e0)
  RTTI typeinfo:   itk::Image<double, 3u>
  Reference Count: 2
  Modified Time: 1594
  Debug: Off
  Object Name: 
  Observers: 
    none
  Source: (none)
  Source output name: (none)
  Release Data: Off
  Data Released: False
  Global Release Data: Off
  PipelineMTime: 0
  UpdateMTime: 1203
  RealTimeStamp: 0 seconds 
  LargestPossibleRegion: 
    Dimension: 3
    Index: [0, 0, 0]
    Size: [193, 229, 193]
  BufferedRegion: 
    Dimension: 3
    Index: [0, 0, 0]
    Size: [193, 229, 193]
  RequestedRegion: 
    Dimension: 3
    Index: [0, 0, 0]
    Size: [193, 229, 193]
  Spacing: [1, 1, 1]
  Origin: [96, 132, -78]
  Direction: 
-1 0 0
0 -1 0
0 0 1

  IndexToPointMatrix: 
-1 0 0
0 -1 0
0 0 1

  PointToIndexMatrix: 
-1 0 0
0 -1 0
0 0 1

  Inverse Direction: 
-1 0 0
0 -1 0
0 0 1

  PixelContainer: 
    ImportImageContainer (0x3c12a20)
      RTTI typeinfo:   itk::ImportImageContainer<unsigned long, double>
      Reference Count: 1
      Modified Time: 1200
      Debug: Off
      Object Name: 
      Observers: 
        none
      Pointer: 0x14bab453b010
      Container manages memory: true
      Size: 8530021
      Capacity: 8530021

     Moving image = Image (0x3c0dd70)
  RTTI typeinfo:   itk::Image<double, 3u>
  Reference Count: 2
  Modified Time: 1595
  Debug: Off
  Object Name: 
  Observers: 
    none
  Source: (none)
  Source output name: (none)
  Release Data: Off
  Data Released: False
  Global Release Data: Off
  PipelineMTime: 0
  UpdateMTime: 1592
  RealTimeStamp: 0 seconds 
  LargestPossibleRegion: 
    Dimension: 3
    Index: [0, 0, 0]
    Size: [176, 240, 256]
  BufferedRegion: 
    Dimension: 3
    Index: [0, 0, 0]
    Size: [176, 240, 256]
  RequestedRegion: 
    Dimension: 3
    Index: [0, 0, 0]
    Size: [176, 240, 256]
  Spacing: [0.999999, 1, 1]
  Origin: [90.3778, 84.5091, -154.071]
  Direction: 
-0.999391 7.48184e-06 -0.0348969
-7.47664e-06 -1 -2.7953e-07
-0.0348969 -1.84481e-08 0.999391

  IndexToPointMatrix: 
-0.99939 7.48184e-06 -0.0348969
-7.47663e-06 -1 -2.7953e-07
-0.0348968 -1.84481e-08 0.999391

  PointToIndexMatrix: 
-0.999392 -7.47665e-06 -0.0348969
7.48184e-06 -1 -1.84481e-08
-0.0348969 -2.7953e-07 0.999391

  Inverse Direction: 
-0.999391 -7.47664e-06 -0.0348969
7.48184e-06 -1 -1.84481e-08
-0.0348969 -2.7953e-07 0.999391

  PixelContainer: 
    ImportImageContainer (0x3bc5c90)
      RTTI typeinfo:   itk::ImportImageContainer<unsigned long, double>
      Reference Count: 1
      Modified Time: 1589
      Debug: Off
      Object Name: 
      Observers: 
        none
      Pointer: 0x14baaf2ba010
      Container manages memory: true
      Size: 10813440
      Capacity: 10813440

     Weighting = 1
     Sampling strategy = regular
     Number of bins = 32
     Radius = 4
     Sampling percentage  = 0.25
   Transform = Affine
     Gradient step = 0.1
     Update field sigma (voxel space) = 0
     Total field sigma (voxel space) = 0
     Update field time sigma = 0
     Total field time sigma  = 0
     Number of time indices = 0
     Number of time point samples = 0
Registration using 1 total stages.

Stage 0
  iterations = 1000x500x250x100
  convergence threshold = 1e-06
  convergence window size = 10
  number of levels = 4
  using the Mattes MI metric (number of bins = 32, weight = 1, use gradient filter = 0)
  preprocessing:  winsorizing the image intensities
  Shrink factors (level 1 out of 4): [8, 8, 8]
  Shrink factors (level 2 out of 4): [4, 4, 4]
  Shrink factors (level 3 out of 4): [2, 2, 2]
  Shrink factors (level 4 out of 4): [1, 1, 1]
  smoothing sigmas per level: [3, 2, 1, 0]
  regular sampling (percentage = 0.25)

*** Running AffineTransform registration ***

DIAGNOSTIC,Iteration,metricValue,convergenceValue,ITERATION_TIME_INDEX,SINCE_LAST
 2DIAGNOSTIC,     1, -7.475723907515e-01, 1.797693134862e+308, 7.7049e-01, 7.7049e-01, 
 2DIAGNOSTIC,     2, -7.496347235851e-01, 1.797693134862e+308, 7.7588e-01, 5.3909e-03, 
 2DIAGNOSTIC,     3, -7.531888550059e-01, 1.797693134862e+308, 7.8113e-01, 5.2469e-03, 
 2DIAGNOSTIC,     4, -7.592306425721e-01, 1.797693134862e+308, 7.8577e-01, 4.6370e-03, 
 2DIAGNOSTIC,     5, -7.703345027052e-01, 1.797693134862e+308, 7.9036e-01, 4.5960e-03, 
 2DIAGNOSTIC,     6, -7.860067332418e-01, 1.797693134862e+308, 7.9545e-01, 5.0862e-03, 
 2DIAGNOSTIC,     7, -8.137406348060e-01, 1.797693134862e+308, 8.0036e-01, 4.9119e-03, 
 2DIAGNOSTIC,     8, -8.916630522589e-01, 1.797693134862e+308, 8.0659e-01, 6.2251e-03, 
 2DIAGNOSTIC,     9, -9.142616163596e-01, 1.797693134862e+308, 8.1208e-01, 5.4891e-03, 
 2DIAGNOSTIC,    10, -9.198407141868e-01, 1.547880823536e-02, 8.1836e-01, 6.2840e-03, 
 2DIAGNOSTIC,    11, -9.265386682469e-01, 1.550243127386e-02, 8.2399e-01, 5.6310e-03, 
 2DIAGNOSTIC,    12, -9.344066262884e-01, 1.440655713115e-02, 8.2964e-01, 5.6469e-03, 
 2DIAGNOSTIC,    13, -9.369362277468e-01, 1.233123263018e-02, 8.3579e-01, 6.1569e-03, 
 2DIAGNOSTIC,    14, -9.369060434916e-01, 9.612410451322e-03, 8.4087e-01, 5.0800e-03, 
 2DIAGNOSTIC,    15, -9.368829722915e-01, 6.692449835834e-03, 8.4609e-01, 5.2149e-03, 
 2DIAGNOSTIC,    16, -9.372156869399e-01, 3.901447562713e-03, 8.5126e-01, 5.1680e-03, 
 2DIAGNOSTIC,    17, -9.384488070599e-01, 1.632512868375e-03, 8.5796e-01, 6.7000e-03, 
 2DIAGNOSTIC,    18, -9.386939481508e-01, 9.012307222062e-04, 8.6285e-01, 4.8881e-03, 
 2DIAGNOSTIC,    19, -9.387926678493e-01, 5.611902248840e-04, 8.6830e-01, 5.4591e-03, 
 2DIAGNOSTIC,    20, -9.389508573640e-01, 2.986669756873e-04, 8.7326e-01, 4.9500e-03, 
 2DIAGNOSTIC,    21, -9.388009647854e-01, 1.332909912168e-04, 8.7928e-01, 6.0220e-03, 
 2DIAGNOSTIC,    22, -9.387253617139e-01, 8.488313740889e-05, 8.8588e-01, 6.6030e-03, 
 2DIAGNOSTIC,    23, -9.387527438937e-01, 6.900271213733e-05, 8.9077e-01, 4.8950e-03, 
 2DIAGNOSTIC,    24, -9.384790952750e-01, 4.437977845133e-05, 8.9619e-01, 5.4150e-03, 
 2DIAGNOSTIC,    25, -9.381924402778e-01, 1.402183160436e-05, 9.0114e-01, 4.9481e-03, 
DIAGNOSTIC,Iteration,metricValue,convergenceValue,ITERATION_TIME_INDEX,SINCE_LAST
 2DIAGNOSTIC,     1, -7.508873723702e-01, 1.797693134862e+308, 1.7127e+00, 8.1153e-01, 
 2DIAGNOSTIC,     2, -7.512359342859e-01, 1.797693134862e+308, 1.7510e+00, 3.8295e-02, 
 2DIAGNOSTIC,     3, -7.515368564302e-01, 1.797693134862e+308, 1.7873e+00, 3.6350e-02, 
 2DIAGNOSTIC,     4, -7.520192088529e-01, 1.797693134862e+308, 1.8231e+00, 3.5738e-02, 
 2DIAGNOSTIC,     5, -7.531459021821e-01, 1.797693134862e+308, 1.8622e+00, 3.9145e-02, 
 2DIAGNOSTIC,     6, -7.539630446649e-01, 1.797693134862e+308, 1.9096e+00, 4.7385e-02, 
 2DIAGNOSTIC,     7, -7.540042760898e-01, 1.797693134862e+308, 1.9447e+00, 3.5118e-02, 
 2DIAGNOSTIC,     8, -7.541081213829e-01, 1.797693134862e+308, 1.9837e+00, 3.9001e-02, 
 2DIAGNOSTIC,     9, -7.541686465821e-01, 1.797693134862e+308, 2.0227e+00, 3.8988e-02, 
 2DIAGNOSTIC,    10, -7.541765316032e-01, 3.322740865560e-04, 2.0637e+00, 4.1044e-02, 
 2DIAGNOSTIC,    11, -7.541627601758e-01, 2.498652845042e-04, 2.1027e+00, 3.8966e-02, 
 2DIAGNOSTIC,    12, -7.541556157699e-01, 1.702105552076e-04, 2.1376e+00, 3.4899e-02, 
 2DIAGNOSTIC,    13, -7.541905494560e-01, 9.776915572011e-05, 2.1763e+00, 3.8653e-02, 
 2DIAGNOSTIC,    14, -7.542431668330e-01, 4.078785088524e-05, 2.2171e+00, 4.0838e-02, 
 2DIAGNOSTIC,    15, -7.542241841910e-01, 1.518496591908e-05, 2.2586e+00, 4.1477e-02, 
 2DIAGNOSTIC,    16, -7.542025999339e-01, 1.041681877816e-05, 2.2978e+00, 3.9264e-02, 
 2DIAGNOSTIC,    17, -7.541658241937e-01, 5.514912620547e-06, 2.3378e+00, 4.0018e-02, 
 2DIAGNOSTIC,    18, -7.541554772140e-01, 2.736098988085e-06, 2.3778e+00, 3.9931e-02, 
DIAGNOSTIC,Iteration,metricValue,convergenceValue,ITERATION_TIME_INDEX,SINCE_LAST
 2DIAGNOSTIC,     1, -6.419818307789e-01, 1.797693134862e+308, 3.6015e+00, 1.2237e+00, 
 2DIAGNOSTIC,     2, -6.423701530919e-01, 1.797693134862e+308, 3.8958e+00, 2.9432e-01, 
 2DIAGNOSTIC,     3, -6.427631539956e-01, 1.797693134862e+308, 4.1653e+00, 2.6946e-01, 
 2DIAGNOSTIC,     4, -6.432249832506e-01, 1.797693134862e+308, 4.4632e+00, 2.9792e-01, 
 2DIAGNOSTIC,     5, -6.441410370299e-01, 1.797693134862e+308, 4.7394e+00, 2.7617e-01, 
 2DIAGNOSTIC,     6, -6.450924542732e-01, 1.797693134862e+308, 5.0983e+00, 3.5898e-01, 
 2DIAGNOSTIC,     7, -6.450778458002e-01, 1.797693134862e+308, 5.5102e+00, 4.1188e-01, 
 2DIAGNOSTIC,     8, -6.450742021912e-01, 1.797693134862e+308, 5.8344e+00, 3.2418e-01, 
 2DIAGNOSTIC,     9, -6.450715519179e-01, 1.797693134862e+308, 6.1656e+00, 3.3116e-01, 
 2DIAGNOSTIC,    10, -6.450695436241e-01, 3.603277176252e-04, 6.5727e+00, 4.0716e-01, 
 2DIAGNOSTIC,    11, -6.450698881196e-01, 2.614073726585e-04, 6.8723e+00, 2.9963e-01, 
 2DIAGNOSTIC,    12, -6.450686824564e-01, 1.702687522509e-04, 7.1435e+00, 2.7117e-01, 
 2DIAGNOSTIC,    13, -6.450662018564e-01, 9.174606963282e-05, 7.4506e+00, 3.0709e-01, 
 2DIAGNOSTIC,    14, -6.450653079608e-01, 3.039800751865e-05, 7.7175e+00, 2.6687e-01, 
DIAGNOSTIC,Iteration,metricValue,convergenceValue,ITERATION_TIME_INDEX,SINCE_LAST
 2DIAGNOSTIC,     1, -5.764278968799e-01, 1.797693134862e+308, 1.0695e+01, 2.9775e+00, 
 2DIAGNOSTIC,     2, -5.768702083428e-01, 1.797693134862e+308, 1.2491e+01, 1.7964e+00, 
 2DIAGNOSTIC,     3, -5.773552987567e-01, 1.797693134862e+308, 1.4207e+01, 1.7154e+00, 
 2DIAGNOSTIC,     4, -5.779110698653e-01, 1.797693134862e+308, 1.5934e+01, 1.7269e+00, 
 2DIAGNOSTIC,     5, -5.792391541720e-01, 1.797693134862e+308, 1.9918e+01, 3.9843e+00, 
 2DIAGNOSTIC,     6, -5.792389554251e-01, 1.797693134862e+308, 2.2662e+01, 2.7440e+00, 
 2DIAGNOSTIC,     7, -5.792389107293e-01, 1.797693134862e+308, 2.4808e+01, 2.1461e+00, 
 2DIAGNOSTIC,     8, -5.792388087286e-01, 1.797693134862e+308, 2.6706e+01, 1.8979e+00, 
 2DIAGNOSTIC,     9, -5.792387068675e-01, 1.797693134862e+308, 2.8357e+01, 1.6508e+00, 
 2DIAGNOSTIC,    10, -5.792386381070e-01, 3.384035401202e-04, 3.0215e+01, 1.8581e+00, 
 2DIAGNOSTIC,    11, -5.792385476189e-01, 2.237918525248e-04, 3.2078e+01, 1.8630e+00, 
 2DIAGNOSTIC,    12, -5.792384681194e-01, 1.271966841725e-04, 3.3707e+01, 1.6289e+00, 
 2DIAGNOSTIC,    13, -5.792381372314e-01, 5.255443950626e-05, 3.5539e+01, 1.8318e+00, 
 2DIAGNOSTIC,    14, -5.792383637828e-01, 2.206106530386e-06, 3.7187e+01, 1.6485e+00, 
 2DIAGNOSTIC,    15, -5.792381936665e-01, 2.062546752141e-06, 3.9244e+01, 2.0566e+00, 
 2DIAGNOSTIC,    16, -5.792381732133e-01, 1.935818901927e-06, 4.1177e+01, 1.9333e+00, 
 2DIAGNOSTIC,    17, -5.792378519864e-01, 1.818588899138e-06, 4.3194e+01, 2.0169e+00, 
 2DIAGNOSTIC,    18, -5.792377344120e-01, 1.713731713378e-06, 4.5186e+01, 1.9915e+00, 
 2DIAGNOSTIC,    19, -5.792374650232e-01, 1.615331731090e-06, 4.7099e+01, 1.9137e+00, 
 2DIAGNOSTIC,    20, -5.792372808279e-01, 1.526142880168e-06, 4.9195e+01, 2.0961e+00, 
 2DIAGNOSTIC,    21, -5.792370957413e-01, 1.445213213914e-06, 5.1283e+01, 2.0879e+00, 
 2DIAGNOSTIC,    22, -5.792370463873e-01, 1.375674458765e-06, 5.3179e+01, 1.8960e+00, 
 2DIAGNOSTIC,    23, -5.792370396282e-01, 1.311457043324e-06, 5.5051e+01, 1.8716e+00, 
 2DIAGNOSTIC,    24, -5.792368649530e-01, 1.260480958026e-06, 5.6816e+01, 1.7650e+00, 
