
##########################
# Experiment information #
##########################

EXPERIMENT_NAME: antsRegistration-r8-p10
VFC_BACKENDS: libinterflop_vprec.so --range-binary32=8 --precision-binary32=10 --range-binary64=8 --precision-binary64=10

SIF_IMG: /home/mdugre/projects/rrg-glatard/mdugre/containers/ants-vprec-no_metrics.simg

SUBJECT_ID: s033
INPUT_IMG: /home/mdugre/scratch/mri-registration-rp/datasets/ds004513/derivatives/mri-registration-rp/antsBrainExtraction/sub-s033/BrainExtractionBrain.nii.gz
OUTPUT_DIR: /home/mdugre/scratch/mri-registration-rp/datasets/ds004513/derivatives/mri-registration-rp/0001/antsRegistration-r8-p10/sub-s033

FIXED_IMG: /templateflow/tpl-MNI152NLin2009cAsym/tpl-MNI152NLin2009cAsym_res-01_desc-brain_T1w.nii.gz
DATA_DIR: /home/mdugre/scratch/mri-registration-rp/datasets/ds004513
TEMPLATEFLOW_DIR: /home/mdugre/projects/rrg-glatard/mdugre/templateflow
ITK_GLOBAL_DEFAULT_NUMBER_OF_THREADS: 16
##########################

Info [verificarlo]: loaded backend libinterflop_ieee.so
Info [interflop-ieee]: load backend with:
Info [interflop-ieee]: debug = false
Info [interflop-ieee]: debug-binary = false
Info [interflop-ieee]: no-backend-name = false
Info [interflop-ieee]: print-new-line = false
Info [interflop-ieee]: print-subnormal-normalized = false
Info [interflop-ieee]: count-op = false
All_Command_lines_OK
Using double precision for computations.
=============================================================================
The composite transform comprises the following transforms (in order): 
  1. Center of mass alignment using fixed image: /templateflow/tpl-MNI152NLin2009cAsym/tpl-MNI152NLin2009cAsym_res-01_desc-brain_T1w.nii.gz and moving image: /home/mdugre/scratch/mri-registration-rp/datasets/ds004513/derivatives/mri-registration-rp/antsBrainExtraction/sub-s033/BrainExtractionBrain.nii.gz (type = Euler3DTransform)
=============================================================================
  number of levels = 1
  fixed image: /templateflow/tpl-MNI152NLin2009cAsym/tpl-MNI152NLin2009cAsym_res-01_desc-brain_T1w.nii.gz
  moving image: /home/mdugre/scratch/mri-registration-rp/datasets/ds004513/derivatives/mri-registration-rp/antsBrainExtraction/sub-s033/BrainExtractionBrain.nii.gz
Dimension = 3
Number of stages = 1
Use histogram matching = false
Winsorize image intensities = true
  Lower quantile = 0.005
  Upper quantile = 0.995


Stage 1 State
   Image metric = MattesMI
     Fixed image = Image (0x32f3e70)
  RTTI typeinfo:   itk::Image<double, 3u>
  Reference Count: 2
  Modified Time: 2330
  Debug: Off
  Object Name: 
  Observers: 
    none
  Source: (none)
  Source output name: (none)
  Release Data: Off
  Data Released: False
  Global Release Data: Off
  PipelineMTime: 0
  UpdateMTime: 1941
  RealTimeStamp: 0 seconds 
  LargestPossibleRegion: 
    Dimension: 3
    Index: [0, 0, 0]
    Size: [193, 229, 193]
  BufferedRegion: 
    Dimension: 3
    Index: [0, 0, 0]
    Size: [193, 229, 193]
  RequestedRegion: 
    Dimension: 3
    Index: [0, 0, 0]
    Size: [193, 229, 193]
  Spacing: [1, 1, 1]
  Origin: [96, 132, -78]
  Direction: 
-1 0 0
0 -1 0
0 0 1

  IndexToPointMatrix: 
-1 0 0
0 -1 0
0 0 1

  PointToIndexMatrix: 
-1 0 0
0 -1 0
0 0 1

  Inverse Direction: 
-1 0 0
0 -1 0
0 0 1

  PixelContainer: 
    ImportImageContainer (0x32fcc60)
      RTTI typeinfo:   itk::ImportImageContainer<unsigned long, double>
      Reference Count: 1
      Modified Time: 1938
      Debug: Off
      Object Name: 
      Observers: 
        none
      Pointer: 0x14fba0df2010
      Container manages memory: true
      Size: 8530021
      Capacity: 8530021

     Moving image = Image (0x32f6540)
  RTTI typeinfo:   itk::Image<double, 3u>
  Reference Count: 2
  Modified Time: 2331
  Debug: Off
  Object Name: 
  Observers: 
    none
  Source: (none)
  Source output name: (none)
  Release Data: Off
  Data Released: False
  Global Release Data: Off
  PipelineMTime: 0
  UpdateMTime: 2328
  RealTimeStamp: 0 seconds 
  LargestPossibleRegion: 
    Dimension: 3
    Index: [0, 0, 0]
    Size: [160, 240, 256]
  BufferedRegion: 
    Dimension: 3
    Index: [0, 0, 0]
    Size: [160, 240, 256]
  RequestedRegion: 
    Dimension: 3
    Index: [0, 0, 0]
    Size: [160, 240, 256]
  Spacing: [1, 1, 1]
  Origin: [91.5134, 94.282, -109.927]
  Direction: 
-0.99591 -0.0698718 -0.0572835
0.0697565 -0.997556 0.00401236
-0.0574239 5.01125e-08 0.99835

  IndexToPointMatrix: 
-0.99591 -0.0698718 -0.0572835
0.0697565 -0.997556 0.00401236
-0.0574239 5.01125e-08 0.99835

  PointToIndexMatrix: 
-0.99591 0.0697565 -0.0574239
-0.0698718 -0.997556 5.01483e-08
-0.0572835 0.00401236 0.99835

  Inverse Direction: 
-0.99591 0.0697565 -0.0574239
-0.0698718 -0.997556 5.01483e-08
-0.0572835 0.00401236 0.99835

  PixelContainer: 
    ImportImageContainer (0x3408610)
      RTTI typeinfo:   itk::ImportImageContainer<unsigned long, double>
      Reference Count: 1
      Modified Time: 2325
      Debug: Off
      Object Name: 
      Observers: 
        none
      Pointer: 0x14fb9c2f1010
      Container manages memory: true
      Size: 9830400
      Capacity: 9830400

     Weighting = 1
     Sampling strategy = regular
     Number of bins = 32
     Radius = 4
     Sampling percentage  = 0.25
   Transform = Rigid
     Gradient step = 0.1
     Update field sigma (voxel space) = 0
     Total field sigma (voxel space) = 0
     Update field time sigma = 0
     Total field time sigma  = 0
     Number of time indices = 0
     Number of time point samples = 0
Registration using 1 total stages.

Stage 0
  iterations = 0
  convergence threshold = 1e-06
  convergence window size = 10
  number of levels = 1
  using the Mattes MI metric (number of bins = 32, weight = 1, use gradient filter = 0)
  preprocessing:  winsorizing the image intensities
  Shrink factors (level 1 out of 1): [1, 1, 1]
  smoothing sigmas per level: [0]
  regular sampling (percentage = 0.25)

*** Running Euler3DTransform registration ***

  Elapsed time (stage 0): 0.983985


Total elapsed time: 0.995324
Info [verificarlo]: loaded backend libinterflop_ieee.so
Info [interflop-ieee]: load backend with:
Info [interflop-ieee]: debug = false
Info [interflop-ieee]: debug-binary = false
Info [interflop-ieee]: no-backend-name = false
Info [interflop-ieee]: print-new-line = false
Info [interflop-ieee]: print-subnormal-normalized = false
Info [interflop-ieee]: count-op = false
All_Command_lines_OK
Using double precision for computations.
=============================================================================
The composite transform comprises the following transforms (in order): 
  1. /home/mdugre/scratch/mri-registration-rp/datasets/ds004513/derivatives/mri-registration-rp/0001/antsRegistration-r8-p10/sub-s033/align_Composite.h5[0] (type = Euler3DTransform)
  2. /home/mdugre/scratch/mri-registration-rp/datasets/ds004513/derivatives/mri-registration-rp/0001/antsRegistration-r8-p10/sub-s033/align_Composite.h5[1] (type = Euler3DTransform)
=============================================================================
  number of levels = 4
  fixed image: /templateflow/tpl-MNI152NLin2009cAsym/tpl-MNI152NLin2009cAsym_res-01_desc-brain_T1w.nii.gz
  moving image: /home/mdugre/scratch/mri-registration-rp/datasets/ds004513/derivatives/mri-registration-rp/antsBrainExtraction/sub-s033/BrainExtractionBrain.nii.gz
Dimension = 3
Number of stages = 1
Use histogram matching = false
Winsorize image intensities = true
  Lower quantile = 0.005
  Upper quantile = 0.995


Stage 1 State
   Image metric = MattesMI
     Fixed image = Image (0x4ff5530)
  RTTI typeinfo:   itk::Image<double, 3u>
  Reference Count: 2
  Modified Time: 1578
  Debug: Off
  Object Name: 
  Observers: 
    none
  Source: (none)
  Source output name: (none)
  Release Data: Off
  Data Released: False
  Global Release Data: Off
  PipelineMTime: 0
  UpdateMTime: 1189
  RealTimeStamp: 0 seconds 
  LargestPossibleRegion: 
    Dimension: 3
    Index: [0, 0, 0]
    Size: [193, 229, 193]
  BufferedRegion: 
    Dimension: 3
    Index: [0, 0, 0]
    Size: [193, 229, 193]
  RequestedRegion: 
    Dimension: 3
    Index: [0, 0, 0]
    Size: [193, 229, 193]
  Spacing: [1, 1, 1]
  Origin: [96, 132, -78]
  Direction: 
-1 0 0
0 -1 0
0 0 1

  IndexToPointMatrix: 
-1 0 0
0 -1 0
0 0 1

  PointToIndexMatrix: 
-1 0 0
0 -1 0
0 0 1

  Inverse Direction: 
-1 0 0
0 -1 0
0 0 1

  PixelContainer: 
    ImportImageContainer (0x50b3d60)
      RTTI typeinfo:   itk::ImportImageContainer<unsigned long, double>
      Reference Count: 1
      Modified Time: 1186
      Debug: Off
      Object Name: 
      Observers: 
        none
      Pointer: 0x14fc12a12010
      Container manages memory: true
      Size: 8530021
      Capacity: 8530021

     Moving image = Image (0x50a5f60)
  RTTI typeinfo:   itk::Image<double, 3u>
  Reference Count: 2
  Modified Time: 1579
  Debug: Off
  Object Name: 
  Observers: 
    none
  Source: (none)
  Source output name: (none)
  Release Data: Off
  Data Released: False
  Global Release Data: Off
  PipelineMTime: 0
  UpdateMTime: 1576
  RealTimeStamp: 0 seconds 
  LargestPossibleRegion: 
    Dimension: 3
    Index: [0, 0, 0]
    Size: [160, 240, 256]
  BufferedRegion: 
    Dimension: 3
    Index: [0, 0, 0]
    Size: [160, 240, 256]
  RequestedRegion: 
    Dimension: 3
    Index: [0, 0, 0]
    Size: [160, 240, 256]
  Spacing: [1, 1, 1]
  Origin: [91.5134, 94.282, -109.927]
  Direction: 
-0.99591 -0.0698718 -0.0572835
0.0697565 -0.997556 0.00401236
-0.0574239 5.01125e-08 0.99835

  IndexToPointMatrix: 
-0.99591 -0.0698718 -0.0572835
0.0697565 -0.997556 0.00401236
-0.0574239 5.01125e-08 0.99835

  PointToIndexMatrix: 
-0.99591 0.0697565 -0.0574239
-0.0698718 -0.997556 5.01483e-08
-0.0572835 0.00401236 0.99835

  Inverse Direction: 
-0.99591 0.0697565 -0.0574239
-0.0698718 -0.997556 5.01483e-08
-0.0572835 0.00401236 0.99835

  PixelContainer: 
    ImportImageContainer (0x50976d0)
      RTTI typeinfo:   itk::ImportImageContainer<unsigned long, double>
      Reference Count: 1
      Modified Time: 1573
      Debug: Off
      Object Name: 
      Observers: 
        none
      Pointer: 0x14fc0df11010
      Container manages memory: true
      Size: 9830400
      Capacity: 9830400

     Weighting = 1
     Sampling strategy = regular
     Number of bins = 32
     Radius = 4
     Sampling percentage  = 0.25
   Transform = Rigid
     Gradient step = 0.1
     Update field sigma (voxel space) = 0
     Total field sigma (voxel space) = 0
     Update field time sigma = 0
     Total field time sigma  = 0
     Number of time indices = 0
     Number of time point samples = 0
Registration using 1 total stages.

Stage 0
  iterations = 1000x500x250x100
  convergence threshold = 1e-06
  convergence window size = 10
  number of levels = 4
  using the Mattes MI metric (number of bins = 32, weight = 1, use gradient filter = 0)
  preprocessing:  winsorizing the image intensities
  Shrink factors (level 1 out of 4): [8, 8, 8]
  Shrink factors (level 2 out of 4): [4, 4, 4]
  Shrink factors (level 3 out of 4): [2, 2, 2]
  Shrink factors (level 4 out of 4): [1, 1, 1]
  smoothing sigmas per level: [3, 2, 1, 0]
  regular sampling (percentage = 0.25)

*** Running Euler3DTransform registration ***

DIAGNOSTIC,Iteration,metricValue,convergenceValue,ITERATION_TIME_INDEX,SINCE_LAST
 2DIAGNOSTIC,     1, -4.945365495269e-01, 1.797693134862e+308, 7.1385e-01, 7.1385e-01, 
 2DIAGNOSTIC,     2, -4.961551199262e-01, 1.797693134862e+308, 7.1736e-01, 3.5119e-03, 
 2DIAGNOSTIC,     3, -4.991207097076e-01, 1.797693134862e+308, 7.2075e-01, 3.3870e-03, 
 2DIAGNOSTIC,     4, -5.030359852117e-01, 1.797693134862e+308, 7.2418e-01, 3.4289e-03, 
 2DIAGNOSTIC,     5, -5.059125054655e-01, 1.797693134862e+308, 7.2772e-01, 3.5388e-03, 
 2DIAGNOSTIC,     6, -5.092815596254e-01, 1.797693134862e+308, 7.3122e-01, 3.5031e-03, 
 2DIAGNOSTIC,     7, -5.205915484568e-01, 1.797693134862e+308, 7.3510e-01, 3.8769e-03, 
 2DIAGNOSTIC,     8, -5.236677933913e-01, 1.797693134862e+308, 7.3856e-01, 3.4590e-03, 
 2DIAGNOSTIC,     9, -5.261653611514e-01, 1.797693134862e+308, 7.4214e-01, 3.5851e-03, 
 2DIAGNOSTIC,    10, -5.313843279548e-01, 4.956236851461e-03, 7.4607e-01, 3.9320e-03, 
 2DIAGNOSTIC,    11, -5.461121550605e-01, 5.255951709876e-03, 7.5077e-01, 4.6921e-03, 
 2DIAGNOSTIC,    12, -5.563506773256e-01, 5.544499219486e-03, 7.5463e-01, 3.8590e-03, 
 2DIAGNOSTIC,    13, -6.011783753112e-01, 7.240286204055e-03, 7.5935e-01, 4.7290e-03, 
 2DIAGNOSTIC,    14, -6.166052825061e-01, 8.701253899386e-03, 7.6295e-01, 3.5930e-03, 
 2DIAGNOSTIC,    15, -6.211428291571e-01, 9.416357350924e-03, 7.6651e-01, 3.5620e-03, 
 2DIAGNOSTIC,    16, -6.235432149809e-01, 9.368281929731e-03, 7.7052e-01, 4.0090e-03, 
 2DIAGNOSTIC,    17, -6.347577455809e-01, 9.145335006579e-03, 7.7538e-01, 4.8590e-03, 
 2DIAGNOSTIC,    18, -6.413138474545e-01, 8.359392929367e-03, 7.7921e-01, 3.8321e-03, 
 2DIAGNOSTIC,    19, -6.420802696853e-01, 6.980623398701e-03, 7.8343e-01, 4.2200e-03, 
 2DIAGNOSTIC,    20, -6.425493352608e-01, 5.272872496314e-03, 7.8685e-01, 3.4199e-03, 
 2DIAGNOSTIC,    21, -6.431794998507e-01, 3.641466588670e-03, 7.9065e-01, 3.8049e-03, 
 2DIAGNOSTIC,    22, -6.434078405369e-01, 2.049113922743e-03, 7.9416e-01, 3.5079e-03, 
 2DIAGNOSTIC,    23, -6.435083882929e-01, 1.381096847284e-03, 7.9786e-01, 3.6991e-03, 
 2DIAGNOSTIC,    24, -6.436807735200e-01, 9.688115766147e-04, 8.0201e-01, 4.1509e-03, 
 2DIAGNOSTIC,    25, -6.439989296752e-01, 6.014651624501e-04, 8.0659e-01, 4.5800e-03, 
 2DIAGNOSTIC,    26, -6.448361449861e-01, 2.655193606070e-04, 8.0968e-01, 3.0870e-03, 
 2DIAGNOSTIC,    27, -6.460796047974e-01, 1.536863452679e-04, 8.1332e-01, 3.6440e-03, 
 2DIAGNOSTIC,    28, -6.463976205144e-01, 1.550352513146e-04, 8.1662e-01, 3.2959e-03, 
 2DIAGNOSTIC,    29, -6.463935463369e-01, 1.547432135274e-04, 8.1985e-01, 3.2291e-03, 
 2DIAGNOSTIC,    30, -6.464392301074e-01, 1.482979267847e-04, 8.2348e-01, 3.6321e-03, 
 2DIAGNOSTIC,    31, -6.463723509905e-01, 1.368673078605e-04, 8.2659e-01, 3.1102e-03, 
 2DIAGNOSTIC,    32, -6.464254412143e-01, 1.173267772285e-04, 8.3075e-01, 4.1590e-03, 
 2DIAGNOSTIC,    33, -6.464354985560e-01, 8.969352482256e-05, 8.4161e-01, 1.0861e-02, 
 2DIAGNOSTIC,    34, -6.464354985231e-01, 5.811510789401e-05, 8.5217e-01, 1.0557e-02, 
 2DIAGNOSTIC,    35, -6.464354985231e-01, 2.735377501941e-05, 8.5629e-01, 4.1270e-03, 
 2DIAGNOSTIC,    36, -6.464354985231e-01, 6.561946393598e-06, 8.5999e-01, 3.6931e-03, 
 2DIAGNOSTIC,    37, -6.464354985231e-01, 2.244483922786e-06, 8.6369e-01, 3.7010e-03, 
 2DIAGNOSTIC,    38, -6.464354985231e-01, 1.990750023290e-06, 8.6816e-01, 4.4711e-03, 
 2DIAGNOSTIC,    39, -6.464354985231e-01, 1.582337616095e-06, 8.7184e-01, 3.6819e-03, 
 2DIAGNOSTIC,    40, -6.464354985231e-01, 1.698177815077e-06, 8.7553e-01, 3.6840e-03, 
DIAGNOSTIC,Iteration,metricValue,convergenceValue,ITERATION_TIME_INDEX,SINCE_LAST
 2DIAGNOSTIC,     1, -5.367244436993e-01, 1.797693134862e+308, 1.5882e+00, 7.1265e-01, 
 2DIAGNOSTIC,     2, -5.380313818332e-01, 1.797693134862e+308, 1.6104e+00, 2.2180e-02, 
 2DIAGNOSTIC,     3, -5.401731892972e-01, 1.797693134862e+308, 1.6320e+00, 2.1678e-02, 
 2DIAGNOSTIC,     4, -5.431881329847e-01, 1.797693134862e+308, 1.6570e+00, 2.4992e-02, 
 2DIAGNOSTIC,     5, -5.453557586589e-01, 1.797693134862e+308, 1.6781e+00, 2.1097e-02, 
 2DIAGNOSTIC,     6, -5.461088560249e-01, 1.797693134862e+308, 1.6987e+00, 2.0592e-02, 
 2DIAGNOSTIC,     7, -5.462086676012e-01, 1.797693134862e+308, 1.7216e+00, 2.2924e-02, 
 2DIAGNOSTIC,     8, -5.464869262275e-01, 1.797693134862e+308, 1.7475e+00, 2.5870e-02, 
 2DIAGNOSTIC,     9, -5.465850807644e-01, 1.797693134862e+308, 1.7758e+00, 2.8252e-02, 
 2DIAGNOSTIC,    10, -5.466464825957e-01, 1.224741345248e-03, 1.7968e+00, 2.1011e-02, 
 2DIAGNOSTIC,    11, -5.470487697967e-01, 8.391100609594e-04, 1.8199e+00, 2.3174e-02, 
 2DIAGNOSTIC,    12, -5.471506828823e-01, 5.042749159877e-04, 1.8432e+00, 2.3223e-02, 
 2DIAGNOSTIC,    13, -5.471747727943e-01, 2.608963707038e-04, 1.8721e+00, 2.8907e-02, 
 2DIAGNOSTIC,    14, -5.471893681984e-01, 1.401593566035e-04, 1.8953e+00, 2.3197e-02, 
 2DIAGNOSTIC,    15, -5.471839960393e-01, 9.761656799086e-05, 1.9185e+00, 2.3185e-02, 
 2DIAGNOSTIC,    16, -5.471599235024e-01, 7.527621041480e-05, 1.9434e+00, 2.4915e-02, 
 2DIAGNOSTIC,    17, -5.471662427168e-01, 5.183192696800e-05, 1.9641e+00, 2.0703e-02, 
 2DIAGNOSTIC,    18, -5.471747035174e-01, 3.478209638876e-05, 1.9888e+00, 2.4763e-02, 
 2DIAGNOSTIC,    19, -5.471813458134e-01, 1.945640980407e-05, 2.0134e+00, 2.4525e-02, 
 2DIAGNOSTIC,    20, -5.471662920984e-01, 4.969888245006e-06, 2.0347e+00, 2.1377e-02, 
 2DIAGNOSTIC,    21, -5.471844165334e-01, 1.951279914904e-06, 2.0591e+00, 2.4362e-02, 
 2DIAGNOSTIC,    22, -5.471946861570e-01, 1.794838557306e-06, 2.0809e+00, 2.1777e-02, 
 2DIAGNOSTIC,    23, -5.472309783361e-01, 2.955896564662e-06, 2.1015e+00, 2.0641e-02, 
 2DIAGNOSTIC,    24, -5.472460352415e-01, 4.500346749009e-06, 2.1245e+00, 2.3025e-02, 
 2DIAGNOSTIC,    25, -5.473225349221e-01, 7.130559951940e-06, 2.1457e+00, 2.1120e-02, 
 2DIAGNOSTIC,    26, -5.474469328219e-01, 1.098290796677e-05, 2.1678e+00, 2.2112e-02, 
 2DIAGNOSTIC,    27, -5.481013382459e-01, 2.630864779728e-05, 2.1919e+00, 2.4141e-02, 
 2DIAGNOSTIC,    28, -5.480678922947e-01, 3.738989089918e-05, 2.2206e+00, 2.8648e-02, 
 2DIAGNOSTIC,    29, -5.482084717395e-01, 4.712035770150e-05, 2.2482e+00, 2.7625e-02, 
 2DIAGNOSTIC,    30, -5.482082520818e-01, 5.166410907580e-05, 2.2727e+00, 2.4507e-02, 
 2DIAGNOSTIC,    31, -5.482014618227e-01, 5.125918491031e-05, 2.2972e+00, 2.4467e-02, 
 2DIAGNOSTIC,    32, -5.481815959044e-01, 4.582628747934e-05, 2.3190e+00, 2.1834e-02, 
 2DIAGNOSTIC,    33, -5.481718259311e-01, 3.689942252728e-05, 2.3407e+00, 2.1750e-02, 
 2DIAGNOSTIC,    34, -5.481825628880e-01, 2.560031795231e-05, 2.3643e+00, 2.3544e-02, 
 2DIAGNOSTIC,    35, -5.481838559450e-01, 1.379953396534e-05, 2.3885e+00, 2.4188e-02, 
 2DIAGNOSTIC,    36, -5.481854580782e-01, 3.009201530724e-06, 2.4119e+00, 2.3437e-02, 
 2DIAGNOSTIC,    37, -5.482631349690e-01, 2.936507327852e-06, 2.4378e+00, 2.5859e-02, 
 2DIAGNOSTIC,    38, -5.482856021943e-01, 2.436029230429e-06, 2.4632e+00, 2.5375e-02, 
 2DIAGNOSTIC,    39, -5.482706843658e-01, 3.481488540073e-06, 2.4888e+00, 2.5643e-02, 
 2DIAGNOSTIC,    40, -5.481987900983e-01, 3.305217025608e-06, 2.5169e+00, 2.8099e-02, 
 2DIAGNOSTIC,    41, -5.482804899193e-01, 3.880365657905e-06, 2.5471e+00, 3.0257e-02, 
 2DIAGNOSTIC,    42, -5.481862136002e-01, 2.664469951244e-06, 2.5790e+00, 3.1891e-02, 
 2DIAGNOSTIC,    43, -5.482756876093e-01, 2.306430300383e-06, 2.6153e+00, 3.6273e-02, 
 2DIAGNOSTIC,    44, -5.483025313022e-01, 2.251111583015e-06, 2.6445e+00, 2.9147e-02, 
 2DIAGNOSTIC,    45, -5.482811798572e-01, 1.832083427668e-06, 2.6699e+00, 2.5461e-02, 
 2DIAGNOSTIC,    46, -5.482645575493e-01, 1.147816390826e-06, 2.6938e+00, 2.3897e-02, 
 2DIAGNOSTIC,    47, -5.482548591913e-01, 1.196524362760e-06, 2.7605e+00, 6.6693e-02, 
 2DIAGNOSTIC,    48, -5.482548591901e-01, 1.429976968541e-06, 2.8272e+00, 6.6684e-02, 
 2DIAGNOSTIC,    49, -5.482548591901e-01, 1.426696224452e-06, 2.8520e+00, 2.4783e-02, 
DIAGNOSTIC,Iteration,metricValue,convergenceValue,ITERATION_TIME_INDEX,SINCE_LAST
 2DIAGNOSTIC,     1, -4.661873838029e-01, 1.797693134862e+308, 3.9097e+00, 1.0577e+00, 
 2DIAGNOSTIC,     2, -4.663634339266e-01, 1.797693134862e+308, 4.1068e+00, 1.9711e-01, 
 2DIAGNOSTIC,     3, -4.665065219629e-01, 1.797693134862e+308, 4.2883e+00, 1.8149e-01, 
 2DIAGNOSTIC,     4, -4.666272886871e-01, 1.797693134862e+308, 4.4639e+00, 1.7560e-01, 
 2DIAGNOSTIC,     5, -4.667166829724e-01, 1.797693134862e+308, 4.6283e+00, 1.6442e-01, 
 2DIAGNOSTIC,     6, -4.668667146305e-01, 1.797693134862e+308, 4.7919e+00, 1.6353e-01, 
 2DIAGNOSTIC,     7, -4.669697606214e-01, 1.797693134862e+308, 4.9837e+00, 1.9181e-01, 
 2DIAGNOSTIC,     8, -4.670258437857e-01, 1.797693134862e+308, 5.2202e+00, 2.3657e-01, 
 2DIAGNOSTIC,     9, -4.670791268306e-01, 1.797693134862e+308, 5.3900e+00, 1.6972e-01, 
 2DIAGNOSTIC,    10, -4.671177487115e-01, 1.313517976750e-04, 5.5450e+00, 1.5506e-01, 
 2DIAGNOSTIC,    11, -4.671984738532e-01, 1.051595614444e-04, 5.7271e+00, 1.8205e-01, 
 2DIAGNOSTIC,    12, -4.674352648428e-01, 9.487101976099e-05, 6.0051e+00, 2.7806e-01, 
 2DIAGNOSTIC,    13, -4.675153177516e-01, 8.797796749935e-05, 6.1721e+00, 1.6696e-01, 
 2DIAGNOSTIC,    14, -4.675732938607e-01, 8.214078770193e-05, 6.4143e+00, 2.4223e-01, 
 2DIAGNOSTIC,    15, -4.675740494238e-01, 7.344443917294e-05, 6.6431e+00, 2.2877e-01, 
 2DIAGNOSTIC,    16, -4.675762976636e-01, 6.501909104394e-05, 6.8630e+00, 2.1992e-01, 
 2DIAGNOSTIC,    17, -4.675729985237e-01, 5.520967297606e-05, 7.0249e+00, 1.6185e-01, 
 2DIAGNOSTIC,    18, -4.675681218451e-01, 4.322539674314e-05, 7.2147e+00, 1.8983e-01, 
 2DIAGNOSTIC,    19, -4.675682710514e-01, 3.045624162257e-05, 7.3984e+00, 1.8369e-01, 
 2DIAGNOSTIC,    20, -4.675649787291e-01, 1.741101616913e-05, 7.5811e+00, 1.8270e-01, 
 2DIAGNOSTIC,    21, -4.675656045799e-01, 6.350786063737e-06, 7.8125e+00, 2.3142e-01, 
 2DIAGNOSTIC,    22, -4.675647870103e-01, 2.327341859371e-06, 8.0016e+00, 1.8909e-01, 
DIAGNOSTIC,Iteration,metricValue,convergenceValue,ITERATION_TIME_INDEX,SINCE_LAST
 2DIAGNOSTIC,     1, -4.258643550022e-01, 1.797693134862e+308, 1.0169e+01, 2.1676e+00, 
 2DIAGNOSTIC,     2, -4.259680482974e-01, 1.797693134862e+308, 1.1375e+01, 1.2060e+00, 
 2DIAGNOSTIC,     3, -4.260098774592e-01, 1.797693134862e+308, 1.2853e+01, 1.4778e+00, 
 2DIAGNOSTIC,     4, -4.260071201343e-01, 1.797693134862e+308, 1.4393e+01, 1.5395e+00, 
 2DIAGNOSTIC,     5, -4.260079558129e-01, 1.797693134862e+308, 1.5872e+01, 1.4794e+00, 
 2DIAGNOSTIC,     6, -4.260080413966e-01, 1.797693134862e+308, 1.7406e+01, 1.5341e+00, 
 2DIAGNOSTIC,     7, -4.260079673729e-01, 1.797693134862e+308, 1.8658e+01, 1.2524e+00, 
 2DIAGNOSTIC,     8, -4.260079926856e-01, 1.797693134862e+308, 1.9911e+01, 1.2523e+00, 
 2DIAGNOSTIC,     9, -4.260075157541e-01, 1.797693134862e+308, 2.1155e+01, 1.2444e+00, 
 2DIAGNOSTIC,    10, -4.260075465451e-01, 1.497364214421e-05, 2.2710e+01, 1.5550e+00, 
 2DIAGNOSTIC,    11, -4.260074516184e-01, 5.175484649927e-06, 2.3790e+01, 1.0803e+00, 
 2DIAGNOSTIC,    12, -4.260072592885e-01, 2.492069366949e-06, 2.5089e+01, 1.2985e+00, 
 2DIAGNOSTIC,    13, -4.260071688217e-01, 2.382888719621e-06, 2.6321e+01, 1.2320e+00, 
 2DIAGNOSTIC,    14, -4.260069785403e-01, 2.153822725989e-06, 2.7584e+01, 1.2634e+00, 
 2DIAGNOSTIC,    15, -4.260069872783e-01, 2.003661230279e-06, 2.8778e+01, 1.1935e+00, 
 2DIAGNOSTIC,    16, -4.260067973197e-01, 1.878354538951e-06, 3.0087e+01, 1.3093e+00, 
 2DIAGNOSTIC,    17, -4.260069109998e-01, 1.779471832039e-06, 3.1414e+01, 1.3270e+00, 
 2DIAGNOSTIC,    18, -4.260066224474e-01, 1.690668688797e-06, 3.2967e+01, 1.5534e+00, 
 2DIAGNOSTIC,    19, -4.260064229835e-01, 1.594731307272e-06, 3.4523e+01, 1.5556e+00, 
 2DIAGNOSTIC,    20, -4.260064249693e-01, 1.517012830167e-06, 3.5953e+01, 1.4301e+00, 
 2DIAGNOSTIC,    21, -4.260063240829e-01, 1.447225428705e-06, 3.7182e+01, 1.2285e+00, 
 2DIAGNOSTIC,    22, -4.260062228123e-01, 1.381186592007e-06, 3.8370e+01, 1.1882e+00, 
 2DIAGNOSTIC,    23, -4.260061220149e-01, 1.321671808038e-06, 3.9513e+01, 1.1428e+00, 
 2DIAGNOSTIC,    24, -4.260061239775e-01, 1.267741325743e-06, 4.0804e+01, 1.2909e+00, 
 2DIAGNOSTIC,    25, -4.260060243357e-01, 1.221124752891e-06, 4.1910e+01, 1.1069e+00, 
 2DIAGNOSTIC,    26, -4.260060282399e-01, 1.177972411080e-06, 4.3085e+01, 1.1750e+00, 
 2DIAGNOSTIC,    27, -4.260060349080e-01, 1.145451602590e-06, 4.4183e+01, 1.0970e+00, 
 2DIAGNOSTIC,    28, -4.260059441388e-01, 1.109405864903e-06, 4.5288e+01, 1.1056e+00, 
 2DIAGNOSTIC,    29, -4.260060642288e-01, 1.076551708355e-06, 4.6591e+01, 1.3024e+00, 
 2DIAGNOSTIC,    30, -4.260061831111e-01, 1.050439660658e-06, 4.7846e+01, 1.2558e+00, 
 2DIAGNOSTIC,    31, -4.260064033980e-01, 1.029488495508e-06, 4.9093e+01, 1.2470e+00, 
 2DIAGNOSTIC,    32, -4.260063140510e-01, 1.005526037448e-06, 5.0351e+01, 1.2578e+00, 
  Elapsed time (stage 0): 5.1019e+01


Total elapsed time: 5.1035e+01
Info [verificarlo]: loaded backend libinterflop_ieee.so
Info [interflop-ieee]: load backend with:
Info [interflop-ieee]: debug = false
Info [interflop-ieee]: debug-binary = false
Info [interflop-ieee]: no-backend-name = false
Info [interflop-ieee]: print-new-line = false
Info [interflop-ieee]: print-subnormal-normalized = false
Info [interflop-ieee]: count-op = false
All_Command_lines_OK
Using double precision for computations.
=============================================================================
The composite transform comprises the following transforms (in order): 
  1. /home/mdugre/scratch/mri-registration-rp/datasets/ds004513/derivatives/mri-registration-rp/0001/antsRegistration-r8-p10/sub-s033/rigid_Composite.h5[0] (type = Euler3DTransform)
  2. /home/mdugre/scratch/mri-registration-rp/datasets/ds004513/derivatives/mri-registration-rp/0001/antsRegistration-r8-p10/sub-s033/rigid_Composite.h5[1] (type = Euler3DTransform)
  3. /home/mdugre/scratch/mri-registration-rp/datasets/ds004513/derivatives/mri-registration-rp/0001/antsRegistration-r8-p10/sub-s033/rigid_Composite.h5[2] (type = Euler3DTransform)
=============================================================================
  number of levels = 4
  fixed image: /templateflow/tpl-MNI152NLin2009cAsym/tpl-MNI152NLin2009cAsym_res-01_desc-brain_T1w.nii.gz
  moving image: /home/mdugre/scratch/mri-registration-rp/datasets/ds004513/derivatives/mri-registration-rp/antsBrainExtraction/sub-s033/BrainExtractionBrain.nii.gz
Dimension = 3
Number of stages = 1
Use histogram matching = false
Winsorize image intensities = true
  Lower quantile = 0.005
  Upper quantile = 0.995


Stage 1 State
   Image metric = MattesMI
     Fixed image = Image (0x3e147e0)
  RTTI typeinfo:   itk::Image<double, 3u>
  Reference Count: 2
  Modified Time: 1592
  Debug: Off
  Object Name: 
  Observers: 
    none
  Source: (none)
  Source output name: (none)
  Release Data: Off
  Data Released: False
  Global Release Data: Off
  PipelineMTime: 0
  UpdateMTime: 1203
  RealTimeStamp: 0 seconds 
  LargestPossibleRegion: 
    Dimension: 3
    Index: [0, 0, 0]
    Size: [193, 229, 193]
  BufferedRegion: 
    Dimension: 3
    Index: [0, 0, 0]
    Size: [193, 229, 193]
  RequestedRegion: 
    Dimension: 3
    Index: [0, 0, 0]
    Size: [193, 229, 193]
  Spacing: [1, 1, 1]
  Origin: [96, 132, -78]
  Direction: 
-1 0 0
0 -1 0
0 0 1

  IndexToPointMatrix: 
-1 0 0
0 -1 0
0 0 1

  PointToIndexMatrix: 
-1 0 0
0 -1 0
0 0 1

  Inverse Direction: 
-1 0 0
0 -1 0
0 0 1

  PixelContainer: 
    ImportImageContainer (0x3ed4a20)
      RTTI typeinfo:   itk::ImportImageContainer<unsigned long, double>
      Reference Count: 1
      Modified Time: 1200
      Debug: Off
      Object Name: 
      Observers: 
        none
      Pointer: 0x1458ea9e9010
      Container manages memory: true
      Size: 8530021
      Capacity: 8530021

     Moving image = Image (0x3ecfd70)
  RTTI typeinfo:   itk::Image<double, 3u>
  Reference Count: 2
  Modified Time: 1593
  Debug: Off
  Object Name: 
  Observers: 
    none
  Source: (none)
  Source output name: (none)
  Release Data: Off
  Data Released: False
  Global Release Data: Off
  PipelineMTime: 0
  UpdateMTime: 1590
  RealTimeStamp: 0 seconds 
  LargestPossibleRegion: 
    Dimension: 3
    Index: [0, 0, 0]
    Size: [160, 240, 256]
  BufferedRegion: 
    Dimension: 3
    Index: [0, 0, 0]
    Size: [160, 240, 256]
  RequestedRegion: 
    Dimension: 3
    Index: [0, 0, 0]
    Size: [160, 240, 256]
  Spacing: [1, 1, 1]
  Origin: [91.5134, 94.282, -109.927]
  Direction: 
-0.99591 -0.0698718 -0.0572835
0.0697565 -0.997556 0.00401236
-0.0574239 5.01125e-08 0.99835

  IndexToPointMatrix: 
-0.99591 -0.0698718 -0.0572835
0.0697565 -0.997556 0.00401236
-0.0574239 5.01125e-08 0.99835

  PointToIndexMatrix: 
-0.99591 0.0697565 -0.0574239
-0.0698718 -0.997556 5.01483e-08
-0.0572835 0.00401236 0.99835

  Inverse Direction: 
-0.99591 0.0697565 -0.0574239
-0.0698718 -0.997556 5.01483e-08
-0.0572835 0.00401236 0.99835

  PixelContainer: 
    ImportImageContainer (0x3e87c90)
      RTTI typeinfo:   itk::ImportImageContainer<unsigned long, double>
      Reference Count: 1
      Modified Time: 1587
      Debug: Off
      Object Name: 
      Observers: 
        none
      Pointer: 0x1458e5ee8010
      Container manages memory: true
      Size: 9830400
      Capacity: 9830400

     Weighting = 1
     Sampling strategy = regular
     Number of bins = 32
     Radius = 4
     Sampling percentage  = 0.25
   Transform = Affine
     Gradient step = 0.1
     Update field sigma (voxel space) = 0
     Total field sigma (voxel space) = 0
     Update field time sigma = 0
     Total field time sigma  = 0
     Number of time indices = 0
     Number of time point samples = 0
Registration using 1 total stages.

Stage 0
  iterations = 1000x500x250x100
  convergence threshold = 1e-06
  convergence window size = 10
  number of levels = 4
  using the Mattes MI metric (number of bins = 32, weight = 1, use gradient filter = 0)
  preprocessing:  winsorizing the image intensities
  Shrink factors (level 1 out of 4): [8, 8, 8]
  Shrink factors (level 2 out of 4): [4, 4, 4]
  Shrink factors (level 3 out of 4): [2, 2, 2]
  Shrink factors (level 4 out of 4): [1, 1, 1]
  smoothing sigmas per level: [3, 2, 1, 0]
  regular sampling (percentage = 0.25)

*** Running AffineTransform registration ***

DIAGNOSTIC,Iteration,metricValue,convergenceValue,ITERATION_TIME_INDEX,SINCE_LAST
 2DIAGNOSTIC,     1, -6.382682464077e-01, 1.797693134862e+308, 7.0161e-01, 7.0161e-01, 
 2DIAGNOSTIC,     2, -6.407353704907e-01, 1.797693134862e+308, 7.0538e-01, 3.7711e-03, 
 2DIAGNOSTIC,     3, -6.451477098474e-01, 1.797693134862e+308, 7.0961e-01, 4.2310e-03, 
 2DIAGNOSTIC,     4, -6.521757060798e-01, 1.797693134862e+308, 7.1356e-01, 3.9411e-03, 
 2DIAGNOSTIC,     5, -6.630750389138e-01, 1.797693134862e+308, 7.1739e-01, 3.8290e-03, 
 2DIAGNOSTIC,     6, -6.815292903154e-01, 1.797693134862e+308, 7.2113e-01, 3.7410e-03, 
 2DIAGNOSTIC,     7, -7.249526669223e-01, 1.797693134862e+308, 7.2550e-01, 4.3690e-03, 
 2DIAGNOSTIC,     8, -8.401347808646e-01, 1.797693134862e+308, 7.2954e-01, 4.0419e-03, 
 2DIAGNOSTIC,     9, -8.672615092178e-01, 1.797693134862e+308, 7.3521e-01, 5.6710e-03, 
 2DIAGNOSTIC,    10, -8.690420230741e-01, 2.371663423657e-02, 7.3934e-01, 4.1351e-03, 
 2DIAGNOSTIC,    11, -8.788452788231e-01, 2.366799720716e-02, 7.4330e-01, 3.9570e-03, 
 2DIAGNOSTIC,    12, -8.886741554134e-01, 2.187685320269e-02, 7.4726e-01, 3.9620e-03, 
 2DIAGNOSTIC,    13, -8.928776099863e-01, 1.864007373908e-02, 7.5176e-01, 4.4959e-03, 
 2DIAGNOSTIC,    14, -8.989141545878e-01, 1.460095179724e-02, 7.5651e-01, 4.7529e-03, 
 2DIAGNOSTIC,    15, -9.051546621258e-01, 1.031938958843e-02, 7.6234e-01, 5.8289e-03, 
 2DIAGNOSTIC,    16, -9.052454451597e-01, 6.142961963802e-03, 7.6726e-01, 4.9231e-03, 
 2DIAGNOSTIC,    17, -9.053545339435e-01, 2.819954956843e-03, 7.7168e-01, 4.4141e-03, 
 2DIAGNOSTIC,    18, -9.053451598674e-01, 1.916746304195e-03, 7.7563e-01, 3.9549e-03, 
 2DIAGNOSTIC,    19, -9.052532853869e-01, 1.447756433623e-03, 7.7957e-01, 3.9399e-03, 
 2DIAGNOSTIC,    20, -9.055280230418e-01, 9.297947916414e-04, 7.8348e-01, 3.9089e-03, 
 2DIAGNOSTIC,    21, -9.056837725859e-01, 5.432138794404e-04, 7.8785e-01, 4.3690e-03, 
 2DIAGNOSTIC,    22, -9.058678941564e-01, 3.038278217004e-04, 7.9180e-01, 3.9530e-03, 
 2DIAGNOSTIC,    23, -9.059207230531e-01, 1.216733247038e-04, 7.9627e-01, 4.4661e-03, 
 2DIAGNOSTIC,    24, -9.060805193309e-01, 3.124842160018e-05, 8.0033e-01, 4.0581e-03, 
 2DIAGNOSTIC,    25, -9.061284012343e-01, 3.199648286455e-05, 8.0442e-01, 4.0920e-03, 
 2DIAGNOSTIC,    26, -9.063470365864e-01, 3.377415616117e-05, 8.0841e-01, 3.9918e-03, 
 2DIAGNOSTIC,    27, -9.065662307646e-01, 3.645726044420e-05, 8.1328e-01, 4.8740e-03, 
 2DIAGNOSTIC,    28, -9.068182135832e-01, 3.860494676144e-05, 8.1775e-01, 4.4689e-03, 
 2DIAGNOSTIC,    29, -9.055223536310e-01, 2.080780054450e-05, 8.2484e-01, 7.0870e-03, 
 2DIAGNOSTIC,    30, -9.054913396683e-01, 5.626169203306e-06, 8.2879e-01, 3.9499e-03, 
DIAGNOSTIC,Iteration,metricValue,convergenceValue,ITERATION_TIME_INDEX,SINCE_LAST
 2DIAGNOSTIC,     1, -7.432962444814e-01, 1.797693134862e+308, 1.4773e+00, 6.4854e-01, 
 2DIAGNOSTIC,     2, -7.442447143747e-01, 1.797693134862e+308, 1.5059e+00, 2.8571e-02, 
 2DIAGNOSTIC,     3, -7.453090096417e-01, 1.797693134862e+308, 1.5341e+00, 2.8215e-02, 
 2DIAGNOSTIC,     4, -7.461283213318e-01, 1.797693134862e+308, 1.5658e+00, 3.1701e-02, 
 2DIAGNOSTIC,     5, -7.468292602092e-01, 1.797693134862e+308, 1.5938e+00, 2.7934e-02, 
 2DIAGNOSTIC,     6, -7.482388208474e-01, 1.797693134862e+308, 1.6368e+00, 4.3080e-02, 
 2DIAGNOSTIC,     7, -7.484845411201e-01, 1.797693134862e+308, 1.6657e+00, 2.8834e-02, 
 2DIAGNOSTIC,     8, -7.485286370221e-01, 1.797693134862e+308, 1.6972e+00, 3.1517e-02, 
 2DIAGNOSTIC,     9, -7.485772916672e-01, 1.797693134862e+308, 1.7288e+00, 3.1585e-02, 
 2DIAGNOSTIC,    10, -7.485978222527e-01, 4.857302941393e-04, 1.7609e+00, 3.2179e-02, 
 2DIAGNOSTIC,    11, -7.485808655775e-01, 3.405726404754e-04, 1.7958e+00, 3.4836e-02, 
 2DIAGNOSTIC,    12, -7.485914919489e-01, 2.192390156037e-04, 1.8268e+00, 3.0976e-02, 
 2DIAGNOSTIC,    13, -7.485892165721e-01, 1.282992283795e-04, 1.8574e+00, 3.0633e-02, 
 2DIAGNOSTIC,    14, -7.485831559133e-01, 6.102859337997e-05, 1.8889e+00, 3.1482e-02, 
 2DIAGNOSTIC,    15, -7.485799008768e-01, 1.412982245443e-05, 1.9166e+00, 2.7744e-02, 
 2DIAGNOSTIC,    16, -7.485828568620e-01, 5.435729289960e-06, 1.9447e+00, 2.8126e-02, 
 2DIAGNOSTIC,    17, -7.486085717420e-01, 3.504127808342e-06, 1.9752e+00, 3.0472e-02, 
 2DIAGNOSTIC,    18, -7.486296016161e-01, 2.966730018754e-06, 2.0037e+00, 2.8519e-02, 
 2DIAGNOSTIC,    19, -7.486440624145e-01, 3.622960541773e-06, 2.0342e+00, 3.0430e-02, 
 2DIAGNOSTIC,    20, -7.486511483494e-01, 4.574621002611e-06, 2.0617e+00, 2.7530e-02, 
 2DIAGNOSTIC,    21, -7.486778873770e-01, 5.330220308332e-06, 2.0921e+00, 3.0443e-02, 
 2DIAGNOSTIC,    22, -7.486971927392e-01, 6.160287939691e-06, 2.1265e+00, 3.4364e-02, 
 2DIAGNOSTIC,    23, -7.486886429700e-01, 6.291094154912e-06, 2.1585e+00, 3.1975e-02, 
 2DIAGNOSTIC,    24, -7.486776750486e-01, 5.699053142356e-06, 2.1876e+00, 2.9173e-02, 
 2DIAGNOSTIC,    25, -7.486686781392e-01, 4.570103813530e-06, 2.2175e+00, 2.9845e-02, 
 2DIAGNOSTIC,    26, -7.486621606053e-01, 3.154134898070e-06, 2.2490e+00, 3.1501e-02, 
 2DIAGNOSTIC,    27, -7.486679369796e-01, 2.093228062813e-06, 2.2802e+00, 3.1197e-02, 
DIAGNOSTIC,Iteration,metricValue,convergenceValue,ITERATION_TIME_INDEX,SINCE_LAST
 2DIAGNOSTIC,     1, -6.324210061434e-01, 1.797693134862e+308, 3.3637e+00, 1.0835e+00, 
 2DIAGNOSTIC,     2, -6.330036506189e-01, 1.797693134862e+308, 3.5954e+00, 2.3171e-01, 
 2DIAGNOSTIC,     3, -6.336558696941e-01, 1.797693134862e+308, 3.8344e+00, 2.3904e-01, 
 2DIAGNOSTIC,     4, -6.344160907141e-01, 1.797693134862e+308, 4.0763e+00, 2.4185e-01, 
 2DIAGNOSTIC,     5, -6.365258436355e-01, 1.797693134862e+308, 4.5668e+00, 4.9055e-01, 
 2DIAGNOSTIC,     6, -6.365241548326e-01, 1.797693134862e+308, 4.8764e+00, 3.0963e-01, 
 2DIAGNOSTIC,     7, -6.365180868333e-01, 1.797693134862e+308, 5.1188e+00, 2.4233e-01, 
 2DIAGNOSTIC,     8, -6.365183340117e-01, 1.797693134862e+308, 5.3803e+00, 2.6158e-01, 
 2DIAGNOSTIC,     9, -6.365185542837e-01, 1.797693134862e+308, 5.6130e+00, 2.3267e-01, 
 2DIAGNOSTIC,    10, -6.365173576334e-01, 4.576294020607e-04, 5.8462e+00, 2.3323e-01, 
 2DIAGNOSTIC,    11, -6.365171297267e-01, 3.072742768997e-04, 6.0626e+00, 2.1633e-01, 
 2DIAGNOSTIC,    12, -6.365148645926e-01, 1.772938597697e-04, 6.3153e+00, 2.5269e-01, 
 2DIAGNOSTIC,    13, -6.365157460084e-01, 7.416667918582e-05, 6.5856e+00, 2.7034e-01, 
 2DIAGNOSTIC,    14, -6.365148086390e-01, 1.591764330011e-06, 6.8518e+00, 2.6620e-01, 
 2DIAGNOSTIC,    15, -6.365126556806e-01, 1.588733038710e-06, 7.0645e+00, 2.1271e-01, 
 2DIAGNOSTIC,    16, -6.365123757112e-01, 1.587425820029e-06, 7.3315e+00, 2.6702e-01, 
 2DIAGNOSTIC,    17, -6.365130969431e-01, 1.482221873524e-06, 7.6106e+00, 2.7905e-01, 
 2DIAGNOSTIC,    18, -6.365128980802e-01, 1.423904649300e-06, 7.8805e+00, 2.6993e-01, 
 2DIAGNOSTIC,    19, -6.365137828572e-01, 1.430307593892e-06, 8.1788e+00, 2.9828e-01, 
 2DIAGNOSTIC,    20, -6.365128470660e-01, 1.411654288998e-06, 8.4716e+00, 2.9285e-01, 
 2DIAGNOSTIC,    21, -6.365117832076e-01, 1.386319432167e-06, 8.8086e+00, 3.3696e-01, 
 2DIAGNOSTIC,    22, -6.365109569190e-01, 1.311630094994e-06, 9.1130e+00, 3.0438e-01, 
 2DIAGNOSTIC,    23, -6.365105284554e-01, 1.264716350806e-06, 9.3731e+00, 2.6010e-01, 
 2DIAGNOSTIC,    24, -6.365115005342e-01, 1.234390093446e-06, 9.6374e+00, 2.6436e-01, 
 2DIAGNOSTIC,    25, -6.365096300939e-01, 1.142931209085e-06, 9.8748e+00, 2.3738e-01, 
 2DIAGNOSTIC,    26, -6.365098069712e-01, 1.070285047602e-06, 1.0087e+01, 2.1202e-01, 
 2DIAGNOSTIC,    27, -6.365110243952e-01, 1.049768538069e-06, 1.0417e+01, 3.3018e-01, 
 2DIAGNOSTIC,    28, -6.365115587791e-01, 1.046497792916e-06, 1.0653e+01, 2.3556e-01, 
 2DIAGNOSTIC,    29, -6.365094891459e-01, 1.033656777977e-06, 1.0909e+01, 2.5639e-01, 
 2DIAGNOSTIC,    30, -6.365087363299e-01, 1.004453040854e-06, 1.1111e+01, 2.0221e-01, 
DIAGNOSTIC,Iteration,metricValue,convergenceValue,ITERATION_TIME_INDEX,SINCE_LAST
 2DIAGNOSTIC,     1, -5.626139354547e-01, 1.797693134862e+308, 1.3817e+01, 2.7059e+00, 
 2DIAGNOSTIC,     2, -5.628289056129e-01, 1.797693134862e+308, 1.5274e+01, 1.4567e+00, 
 2DIAGNOSTIC,     3, -5.630971416682e-01, 1.797693134862e+308, 1.6796e+01, 1.5220e+00, 
 2DIAGNOSTIC,     4, -5.634247371300e-01, 1.797693134862e+308, 1.8253e+01, 1.4569e+00, 
 2DIAGNOSTIC,     5, -5.639285179548e-01, 1.797693134862e+308, 2.0335e+01, 2.0826e+00, 
 2DIAGNOSTIC,     6, -5.639459421520e-01, 1.797693134862e+308, 2.3404e+01, 3.0683e+00, 
 2DIAGNOSTIC,     7, -5.639456934565e-01, 1.797693134862e+308, 2.4959e+01, 1.5559e+00, 
 2DIAGNOSTIC,     8, -5.639456425297e-01, 1.797693134862e+308, 2.6968e+01, 2.0090e+00, 
 2DIAGNOSTIC,     9, -5.639455192987e-01, 1.797693134862e+308, 2.8611e+01, 1.6425e+00, 
 2DIAGNOSTIC,    10, -5.639453960281e-01, 1.619767939092e-04, 3.0467e+01, 1.8559e+00, 
 2DIAGNOSTIC,    11, -5.639452827365e-01, 1.051720364653e-04, 3.2060e+01, 1.5928e+00, 
 2DIAGNOSTIC,    12, -5.639451926285e-01, 5.788482258040e-05, 3.3677e+01, 1.6177e+00, 
 2DIAGNOSTIC,    13, -5.639450824027e-01, 2.317167443329e-05, 3.5372e+01, 1.6947e+00, 
 2DIAGNOSTIC,    14, -5.639449720982e-01, 2.819344371491e-06, 3.6980e+01, 1.6077e+00, 
 2DIAGNOSTIC,    15, -5.639448871508e-01, 2.046004214940e-06, 3.8772e+01, 1.7924e+00, 
 2DIAGNOSTIC,    16, -5.639449416589e-01, 1.927290735129e-06, 4.0401e+01, 1.6283e+00, 
 2DIAGNOSTIC,    17, -5.639448349933e-01, 1.817567642351e-06, 4.2183e+01, 1.7824e+00, 
 2DIAGNOSTIC,    18, -5.639447282316e-01, 1.720788856650e-06, 4.3771e+01, 1.5883e+00, 
 2DIAGNOSTIC,    19, -5.639444916386e-01, 1.629175640200e-06, 4.5453e+01, 1.6813e+00, 
 2DIAGNOSTIC,    20, -5.639443949904e-01, 1.545568291919e-06, 4.7006e+01, 1.5531e+00, 
 2DIAGNOSTIC,    21, -5.639442923107e-01, 1.468915434698e-06, 4.8605e+01, 1.5996e+00, 
 2DIAGNOSTIC,    22, -5.639439043955e-01, 1.392613865746e-06, 5.0140e+01, 1.5348e+00, 
 2DIAGNOSTIC,    23, -5.639436999549e-01, 1.321395782426e-06, 5.1740e+01, 1.5997e+00, 
 2DIAGNOSTIC,    24, -5.639436110760e-01, 1.257864888818e-06, 5.3370e+01, 1.6303e+00, 
 2DIAGNOSTIC,    25, -5.639435330743e-01, 1.202350235471e-06, 5.5120e+01, 1.7502e+00, 
 2DIAGNOSTIC,    26, -5.639435940940e-01, 1.159953602843e-06, 5.6699e+01, 1.5790e+00, 
 2DIAGNOSTIC,    27, -5.639434866610e-01, 1.122753621657e-06, 5.8117e+01, 1.4182e+00, 
 2DIAGNOSTIC,    28, -5.639431128506e-01, 1.085023252238e-06, 5.9842e+01, 1.7251e+00, 
 2DIAGNOSTIC,    29, -5.639429140421e-01, 1.047315866989e-06, 6.1843e+01, 2.0009e+00, 
