
##########################
# Experiment information #
##########################

EXPERIMENT_NAME: antsRegistration-r8-p17
VFC_BACKENDS: libinterflop_vprec.so --range-binary32=8 --precision-binary32=17 --range-binary64=8 --precision-binary64=17

SIF_IMG: /home/mdugre/projects/rrg-glatard/mdugre/containers/ants-vprec-no_metrics.simg

SUBJECT_ID: s025
INPUT_IMG: /home/mdugre/scratch/mri-registration-rp/datasets/ds004513/derivatives/mri-registration-rp/antsBrainExtraction/sub-s025/BrainExtractionBrain.nii.gz
OUTPUT_DIR: /home/mdugre/scratch/mri-registration-rp/datasets/ds004513/derivatives/mri-registration-rp/0001/antsRegistration-r8-p17/sub-s025

FIXED_IMG: /templateflow/tpl-MNI152NLin2009cAsym/tpl-MNI152NLin2009cAsym_res-01_desc-brain_T1w.nii.gz
DATA_DIR: /home/mdugre/scratch/mri-registration-rp/datasets/ds004513
TEMPLATEFLOW_DIR: /home/mdugre/projects/rrg-glatard/mdugre/templateflow
ITK_GLOBAL_DEFAULT_NUMBER_OF_THREADS: 16
##########################

Info [verificarlo]: loaded backend libinterflop_ieee.so
Info [interflop-ieee]: load backend with:
Info [interflop-ieee]: debug = false
Info [interflop-ieee]: debug-binary = false
Info [interflop-ieee]: no-backend-name = false
Info [interflop-ieee]: print-new-line = false
Info [interflop-ieee]: print-subnormal-normalized = false
Info [interflop-ieee]: count-op = false
All_Command_lines_OK
Using double precision for computations.
=============================================================================
The composite transform comprises the following transforms (in order): 
  1. Center of mass alignment using fixed image: /templateflow/tpl-MNI152NLin2009cAsym/tpl-MNI152NLin2009cAsym_res-01_desc-brain_T1w.nii.gz and moving image: /home/mdugre/scratch/mri-registration-rp/datasets/ds004513/derivatives/mri-registration-rp/antsBrainExtraction/sub-s025/BrainExtractionBrain.nii.gz (type = Euler3DTransform)
=============================================================================
  number of levels = 1
  fixed image: /templateflow/tpl-MNI152NLin2009cAsym/tpl-MNI152NLin2009cAsym_res-01_desc-brain_T1w.nii.gz
  moving image: /home/mdugre/scratch/mri-registration-rp/datasets/ds004513/derivatives/mri-registration-rp/antsBrainExtraction/sub-s025/BrainExtractionBrain.nii.gz
Dimension = 3
Number of stages = 1
Use histogram matching = false
Winsorize image intensities = true
  Lower quantile = 0.005
  Upper quantile = 0.995


Stage 1 State
   Image metric = MattesMI
     Fixed image = Image (0x3e9ee70)
  RTTI typeinfo:   itk::Image<double, 3u>
  Reference Count: 2
  Modified Time: 2334
  Debug: Off
  Object Name: 
  Observers: 
    none
  Source: (none)
  Source output name: (none)
  Release Data: Off
  Data Released: False
  Global Release Data: Off
  PipelineMTime: 0
  UpdateMTime: 1943
  RealTimeStamp: 0 seconds 
  LargestPossibleRegion: 
    Dimension: 3
    Index: [0, 0, 0]
    Size: [193, 229, 193]
  BufferedRegion: 
    Dimension: 3
    Index: [0, 0, 0]
    Size: [193, 229, 193]
  RequestedRegion: 
    Dimension: 3
    Index: [0, 0, 0]
    Size: [193, 229, 193]
  Spacing: [1, 1, 1]
  Origin: [96, 132, -78]
  Direction: 
-1 0 0
0 -1 0
0 0 1

  IndexToPointMatrix: 
-1 0 0
0 -1 0
0 0 1

  PointToIndexMatrix: 
-1 0 0
0 -1 0
0 0 1

  Inverse Direction: 
-1 0 0
0 -1 0
0 0 1

  PixelContainer: 
    ImportImageContainer (0x3ea7c60)
      RTTI typeinfo:   itk::ImportImageContainer<unsigned long, double>
      Reference Count: 1
      Modified Time: 1940
      Debug: Off
      Object Name: 
      Observers: 
        none
      Pointer: 0x147a70b31010
      Container manages memory: true
      Size: 8530021
      Capacity: 8530021

     Moving image = Image (0x3eaa610)
  RTTI typeinfo:   itk::Image<double, 3u>
  Reference Count: 2
  Modified Time: 2335
  Debug: Off
  Object Name: 
  Observers: 
    none
  Source: (none)
  Source output name: (none)
  Release Data: Off
  Data Released: False
  Global Release Data: Off
  PipelineMTime: 0
  UpdateMTime: 2332
  RealTimeStamp: 0 seconds 
  LargestPossibleRegion: 
    Dimension: 3
    Index: [0, 0, 0]
    Size: [176, 240, 256]
  BufferedRegion: 
    Dimension: 3
    Index: [0, 0, 0]
    Size: [176, 240, 256]
  RequestedRegion: 
    Dimension: 3
    Index: [0, 0, 0]
    Size: [176, 240, 256]
  Spacing: [0.999999, 1, 1]
  Origin: [90.3778, 84.5091, -154.071]
  Direction: 
-0.999391 7.48184e-06 -0.0348969
-7.47664e-06 -1 -2.7953e-07
-0.0348969 -1.84481e-08 0.999391

  IndexToPointMatrix: 
-0.99939 7.48184e-06 -0.0348969
-7.47663e-06 -1 -2.7953e-07
-0.0348968 -1.84481e-08 0.999391

  PointToIndexMatrix: 
-0.999392 -7.47665e-06 -0.0348969
7.48184e-06 -1 -1.84481e-08
-0.0348969 -2.7953e-07 0.999391

  Inverse Direction: 
-0.999391 -7.47664e-06 -0.0348969
7.48184e-06 -1 -1.84481e-08
-0.0348969 -2.7953e-07 0.999391

  PixelContainer: 
    ImportImageContainer (0x3f43ef0)
      RTTI typeinfo:   itk::ImportImageContainer<unsigned long, double>
      Reference Count: 1
      Modified Time: 2329
      Debug: Off
      Object Name: 
      Observers: 
        none
      Pointer: 0x147a6b8b0010
      Container manages memory: true
      Size: 10813440
      Capacity: 10813440

     Weighting = 1
     Sampling strategy = regular
     Number of bins = 32
     Radius = 4
     Sampling percentage  = 0.25
   Transform = Rigid
     Gradient step = 0.1
     Update field sigma (voxel space) = 0
     Total field sigma (voxel space) = 0
     Update field time sigma = 0
     Total field time sigma  = 0
     Number of time indices = 0
     Number of time point samples = 0
Registration using 1 total stages.

Stage 0
  iterations = 0
  convergence threshold = 1e-06
  convergence window size = 10
  number of levels = 1
  using the Mattes MI metric (number of bins = 32, weight = 1, use gradient filter = 0)
  preprocessing:  winsorizing the image intensities
  Shrink factors (level 1 out of 1): [1, 1, 1]
  smoothing sigmas per level: [0]
  regular sampling (percentage = 0.25)

*** Running Euler3DTransform registration ***

  Elapsed time (stage 0): 1.0963


Total elapsed time: 1.09858
Info [verificarlo]: loaded backend libinterflop_ieee.so
Info [interflop-ieee]: load backend with:
Info [interflop-ieee]: debug = false
Info [interflop-ieee]: debug-binary = false
Info [interflop-ieee]: no-backend-name = false
Info [interflop-ieee]: print-new-line = false
Info [interflop-ieee]: print-subnormal-normalized = false
Info [interflop-ieee]: count-op = false
All_Command_lines_OK
Using double precision for computations.
=============================================================================
The composite transform comprises the following transforms (in order): 
  1. /home/mdugre/scratch/mri-registration-rp/datasets/ds004513/derivatives/mri-registration-rp/0001/antsRegistration-r8-p17/sub-s025/align_Composite.h5[0] (type = Euler3DTransform)
  2. /home/mdugre/scratch/mri-registration-rp/datasets/ds004513/derivatives/mri-registration-rp/0001/antsRegistration-r8-p17/sub-s025/align_Composite.h5[1] (type = Euler3DTransform)
=============================================================================
  number of levels = 4
  fixed image: /templateflow/tpl-MNI152NLin2009cAsym/tpl-MNI152NLin2009cAsym_res-01_desc-brain_T1w.nii.gz
  moving image: /home/mdugre/scratch/mri-registration-rp/datasets/ds004513/derivatives/mri-registration-rp/antsBrainExtraction/sub-s025/BrainExtractionBrain.nii.gz
Dimension = 3
Number of stages = 1
Use histogram matching = false
Winsorize image intensities = true
  Lower quantile = 0.005
  Upper quantile = 0.995


Stage 1 State
   Image metric = MattesMI
     Fixed image = Image (0x39c3530)
  RTTI typeinfo:   itk::Image<double, 3u>
  Reference Count: 2
  Modified Time: 1580
  Debug: Off
  Object Name: 
  Observers: 
    none
  Source: (none)
  Source output name: (none)
  Release Data: Off
  Data Released: False
  Global Release Data: Off
  PipelineMTime: 0
  UpdateMTime: 1189
  RealTimeStamp: 0 seconds 
  LargestPossibleRegion: 
    Dimension: 3
    Index: [0, 0, 0]
    Size: [193, 229, 193]
  BufferedRegion: 
    Dimension: 3
    Index: [0, 0, 0]
    Size: [193, 229, 193]
  RequestedRegion: 
    Dimension: 3
    Index: [0, 0, 0]
    Size: [193, 229, 193]
  Spacing: [1, 1, 1]
  Origin: [96, 132, -78]
  Direction: 
-1 0 0
0 -1 0
0 0 1

  IndexToPointMatrix: 
-1 0 0
0 -1 0
0 0 1

  PointToIndexMatrix: 
-1 0 0
0 -1 0
0 0 1

  Inverse Direction: 
-1 0 0
0 -1 0
0 0 1

  PixelContainer: 
    ImportImageContainer (0x3a81d60)
      RTTI typeinfo:   itk::ImportImageContainer<unsigned long, double>
      Reference Count: 1
      Modified Time: 1186
      Debug: Off
      Object Name: 
      Observers: 
        none
      Pointer: 0x14b18a5c8010
      Container manages memory: true
      Size: 8530021
      Capacity: 8530021

     Moving image = Image (0x3a73f60)
  RTTI typeinfo:   itk::Image<double, 3u>
  Reference Count: 2
  Modified Time: 1581
  Debug: Off
  Object Name: 
  Observers: 
    none
  Source: (none)
  Source output name: (none)
  Release Data: Off
  Data Released: False
  Global Release Data: Off
  PipelineMTime: 0
  UpdateMTime: 1578
  RealTimeStamp: 0 seconds 
  LargestPossibleRegion: 
    Dimension: 3
    Index: [0, 0, 0]
    Size: [176, 240, 256]
  BufferedRegion: 
    Dimension: 3
    Index: [0, 0, 0]
    Size: [176, 240, 256]
  RequestedRegion: 
    Dimension: 3
    Index: [0, 0, 0]
    Size: [176, 240, 256]
  Spacing: [0.999999, 1, 1]
  Origin: [90.3778, 84.5091, -154.071]
  Direction: 
-0.999391 7.48184e-06 -0.0348969
-7.47664e-06 -1 -2.7953e-07
-0.0348969 -1.84481e-08 0.999391

  IndexToPointMatrix: 
-0.99939 7.48184e-06 -0.0348969
-7.47663e-06 -1 -2.7953e-07
-0.0348968 -1.84481e-08 0.999391

  PointToIndexMatrix: 
-0.999392 -7.47665e-06 -0.0348969
7.48184e-06 -1 -1.84481e-08
-0.0348969 -2.7953e-07 0.999391

  Inverse Direction: 
-0.999391 -7.47664e-06 -0.0348969
7.48184e-06 -1 -1.84481e-08
-0.0348969 -2.7953e-07 0.999391

  PixelContainer: 
    ImportImageContainer (0x3a656d0)
      RTTI typeinfo:   itk::ImportImageContainer<unsigned long, double>
      Reference Count: 1
      Modified Time: 1575
      Debug: Off
      Object Name: 
      Observers: 
        none
      Pointer: 0x14b185347010
      Container manages memory: true
      Size: 10813440
      Capacity: 10813440

     Weighting = 1
     Sampling strategy = regular
     Number of bins = 32
     Radius = 4
     Sampling percentage  = 0.25
   Transform = Rigid
     Gradient step = 0.1
     Update field sigma (voxel space) = 0
     Total field sigma (voxel space) = 0
     Update field time sigma = 0
     Total field time sigma  = 0
     Number of time indices = 0
     Number of time point samples = 0
Registration using 1 total stages.

Stage 0
  iterations = 1000x500x250x100
  convergence threshold = 1e-06
  convergence window size = 10
  number of levels = 4
  using the Mattes MI metric (number of bins = 32, weight = 1, use gradient filter = 0)
  preprocessing:  winsorizing the image intensities
  Shrink factors (level 1 out of 4): [8, 8, 8]
  Shrink factors (level 2 out of 4): [4, 4, 4]
  Shrink factors (level 3 out of 4): [2, 2, 2]
  Shrink factors (level 4 out of 4): [1, 1, 1]
  smoothing sigmas per level: [3, 2, 1, 0]
  regular sampling (percentage = 0.25)

*** Running Euler3DTransform registration ***

DIAGNOSTIC,Iteration,metricValue,convergenceValue,ITERATION_TIME_INDEX,SINCE_LAST
 2DIAGNOSTIC,     1, -5.323241903179e-01, 1.797693134862e+308, 7.5252e-01, 7.5252e-01, 
 2DIAGNOSTIC,     2, -5.346190553927e-01, 1.797693134862e+308, 7.5664e-01, 4.1139e-03, 
 2DIAGNOSTIC,     3, -5.378036555361e-01, 1.797693134862e+308, 7.6052e-01, 3.8831e-03, 
 2DIAGNOSTIC,     4, -5.422949451405e-01, 1.797693134862e+308, 7.6473e-01, 4.2129e-03, 
 2DIAGNOSTIC,     5, -5.486805952477e-01, 1.797693134862e+308, 7.6883e-01, 4.0989e-03, 
 2DIAGNOSTIC,     6, -5.542790085272e-01, 1.797693134862e+308, 7.7265e-01, 3.8180e-03, 
 2DIAGNOSTIC,     7, -5.627123115611e-01, 1.797693134862e+308, 7.7703e-01, 4.3800e-03, 
 2DIAGNOSTIC,     8, -5.766609943856e-01, 1.797693134862e+308, 7.8181e-01, 4.7789e-03, 
 2DIAGNOSTIC,     9, -5.881111419397e-01, 1.797693134862e+308, 7.8611e-01, 4.2970e-03, 
 2DIAGNOSTIC,    10, -6.012927005665e-01, 7.820055967720e-03, 7.9225e-01, 6.1419e-03, 
 2DIAGNOSTIC,    11, -6.192402913589e-01, 8.564422673930e-03, 7.9958e-01, 7.3302e-03, 
 2DIAGNOSTIC,    12, -6.197111897441e-01, 8.513711436491e-03, 8.0347e-01, 3.8891e-03, 
 2DIAGNOSTIC,    13, -6.223136777511e-01, 7.932305190640e-03, 8.0740e-01, 3.9351e-03, 
 2DIAGNOSTIC,    14, -6.239859078533e-01, 6.938967258809e-03, 8.1125e-01, 3.8431e-03, 
 2DIAGNOSTIC,    15, -6.258731029038e-01, 5.722268374546e-03, 8.1516e-01, 3.9082e-03, 
 2DIAGNOSTIC,    16, -6.290042957048e-01, 4.404898010744e-03, 8.1912e-01, 3.9630e-03, 
 2DIAGNOSTIC,    17, -6.327399548195e-01, 3.192249458103e-03, 8.2409e-01, 4.9739e-03, 
 2DIAGNOSTIC,    18, -6.361770329222e-01, 2.298162514739e-03, 8.2910e-01, 5.0130e-03, 
 2DIAGNOSTIC,    19, -6.381920795047e-01, 1.629119691667e-03, 8.3357e-01, 4.4611e-03, 
 2DIAGNOSTIC,    20, -6.414786468672e-01, 1.264281191383e-03, 8.3775e-01, 4.1881e-03, 
 2DIAGNOSTIC,    21, -6.422621311608e-01, 1.244231354779e-03, 8.4174e-01, 3.9840e-03, 
 2DIAGNOSTIC,    22, -6.443386369776e-01, 1.164065699693e-03, 8.4572e-01, 3.9811e-03, 
 2DIAGNOSTIC,    23, -6.458367311083e-01, 1.066297096050e-03, 8.4987e-01, 4.1540e-03, 
 2DIAGNOSTIC,    24, -6.528535016710e-01, 1.047817944898e-03, 8.5460e-01, 4.7252e-03, 
 2DIAGNOSTIC,    25, -6.591704566688e-01, 1.083081268634e-03, 8.6020e-01, 5.6000e-03, 
 2DIAGNOSTIC,    26, -6.605963665022e-01, 1.093549187698e-03, 8.6472e-01, 4.5249e-03, 
 2DIAGNOSTIC,    27, -6.608439804860e-01, 1.070984920803e-03, 8.6866e-01, 3.9389e-03, 
 2DIAGNOSTIC,    28, -6.615671816527e-01, 1.019502608872e-03, 8.7265e-01, 3.9921e-03, 
 2DIAGNOSTIC,    29, -6.628794648230e-01, 9.260607845946e-04, 8.7676e-01, 4.1101e-03, 
 2DIAGNOSTIC,    30, -6.728294664312e-01, 9.537365499528e-04, 8.8233e-01, 5.5621e-03, 
 2DIAGNOSTIC,    31, -6.735478162712e-01, 9.084136329670e-04, 8.8629e-01, 3.9670e-03, 
 2DIAGNOSTIC,    32, -6.743491565902e-01, 8.254108056334e-04, 8.9035e-01, 4.0550e-03, 
 2DIAGNOSTIC,    33, -6.778518251980e-01, 7.396582261449e-04, 8.9455e-01, 4.1981e-03, 
 2DIAGNOSTIC,    34, -6.872953041648e-01, 8.064166235154e-04, 9.0284e-01, 8.2891e-03, 
 2DIAGNOSTIC,    35, -6.877324861225e-01, 8.751637493506e-04, 9.0682e-01, 3.9861e-03, 
 2DIAGNOSTIC,    36, -6.893217382233e-01, 8.964314308900e-04, 9.1083e-01, 4.0112e-03, 
 2DIAGNOSTIC,    37, -6.927385945644e-01, 8.791477130003e-04, 9.1476e-01, 3.9320e-03, 
 2DIAGNOSTIC,    38, -7.010251055041e-01, 8.853622586780e-04, 9.1875e-01, 3.9861e-03, 
 2DIAGNOSTIC,    39, -7.063979627046e-01, 8.771518042961e-04, 9.2273e-01, 3.9830e-03, 
 2DIAGNOSTIC,    40, -7.084283215026e-01, 9.204329010722e-04, 9.2672e-01, 3.9818e-03, 
 2DIAGNOSTIC,    41, -7.161036109653e-01, 9.681775747545e-04, 9.3125e-01, 4.5309e-03, 
 2DIAGNOSTIC,    42, -7.193511114551e-01, 9.622319409446e-04, 9.3670e-01, 5.4572e-03, 
 2DIAGNOSTIC,    43, -7.222450076934e-01, 9.271404191061e-04, 9.4073e-01, 4.0259e-03, 
 2DIAGNOSTIC,    44, -7.286105749320e-01, 9.647601260818e-04, 9.4474e-01, 4.0112e-03, 
 2DIAGNOSTIC,    45, -7.391074329679e-01, 1.015102231083e-03, 9.4894e-01, 4.1959e-03, 
 2DIAGNOSTIC,    46, -7.438424904909e-01, 1.024300960950e-03, 9.5302e-01, 4.0829e-03, 
 2DIAGNOSTIC,    47, -7.509928786637e-01, 1.032489009795e-03, 9.5999e-01, 6.9680e-03, 
 2DIAGNOSTIC,    48, -7.533410299987e-01, 1.037989030024e-03, 9.6435e-01, 4.3600e-03, 
 2DIAGNOSTIC,    49, -7.535052383064e-01, 9.936330422428e-04, 9.6824e-01, 3.8900e-03, 
 2DIAGNOSTIC,    50, -7.537482471857e-01, 8.743389661049e-04, 9.7259e-01, 4.3511e-03, 
 2DIAGNOSTIC,    51, -7.543856013581e-01, 7.469043620594e-04, 9.7652e-01, 3.9279e-03, 
 2DIAGNOSTIC,    52, -7.558748836852e-01, 5.930672422253e-04, 9.8044e-01, 3.9251e-03, 
 2DIAGNOSTIC,    53, -7.576483179929e-01, 4.264683795031e-04, 9.8488e-01, 4.4360e-03, 
 2DIAGNOSTIC,    54, -7.585442092253e-01, 2.826224406607e-04, 9.8980e-01, 4.9260e-03, 
 2DIAGNOSTIC,    55, -7.589388196689e-01, 2.025792546147e-04, 9.9377e-01, 3.9661e-03, 
 2DIAGNOSTIC,    56, -7.598079836700e-01, 1.479560540514e-04, 9.9820e-01, 4.4320e-03, 
 2DIAGNOSTIC,    57, -7.597380708780e-01, 1.335750848769e-04, 1.0021e+00, 3.8800e-03, 
 2DIAGNOSTIC,    58, -7.600637118073e-01, 1.265226867088e-04, 1.0069e+00, 4.8380e-03, 
 2DIAGNOSTIC,    59, -7.598234073494e-01, 1.071583840801e-04, 1.0115e+00, 4.5688e-03, 
 2DIAGNOSTIC,    60, -7.600138498638e-01, 8.153182665789e-05, 1.0156e+00, 4.1499e-03, 
 2DIAGNOSTIC,    61, -7.611923588630e-01, 6.147534047254e-05, 1.0214e+00, 5.7402e-03, 
 2DIAGNOSTIC,    62, -7.618802230096e-01, 5.060654848585e-05, 1.0256e+00, 4.2100e-03, 
 2DIAGNOSTIC,    63, -7.622730981458e-01, 4.968997403006e-05, 1.0308e+00, 5.1842e-03, 
 2DIAGNOSTIC,    64, -7.622474266567e-01, 4.989916031489e-05, 1.0359e+00, 5.1551e-03, 
 2DIAGNOSTIC,    65, -7.622474565248e-01, 4.783351467632e-05, 1.0406e+00, 4.6520e-03, 
 2DIAGNOSTIC,    66, -7.621985384181e-01, 4.639195572228e-05, 1.0447e+00, 4.1411e-03, 
 2DIAGNOSTIC,    67, -7.621599162283e-01, 3.975266280822e-05, 1.0489e+00, 4.1430e-03, 
 2DIAGNOSTIC,    68, -7.622372472399e-01, 3.214815954179e-05, 1.0535e+00, 4.5941e-03, 
 2DIAGNOSTIC,    69, -7.622650314303e-01, 2.055823162821e-05, 1.0576e+00, 4.1001e-03, 
 2DIAGNOSTIC,    70, -7.621853167467e-01, 7.949907875161e-06, 1.0617e+00, 4.0951e-03, 
 2DIAGNOSTIC,    71, -7.621114139826e-01, 1.407348820103e-06, 1.0662e+00, 4.5810e-03, 
DIAGNOSTIC,Iteration,metricValue,convergenceValue,ITERATION_TIME_INDEX,SINCE_LAST
 2DIAGNOSTIC,     1, -6.045036273908e-01, 1.797693134862e+308, 1.8037e+00, 7.3747e-01, 
 2DIAGNOSTIC,     2, -6.053794179626e-01, 1.797693134862e+308, 1.8336e+00, 2.9906e-02, 
 2DIAGNOSTIC,     3, -6.066980995268e-01, 1.797693134862e+308, 1.8628e+00, 2.9215e-02, 
 2DIAGNOSTIC,     4, -6.078642565076e-01, 1.797693134862e+308, 1.8937e+00, 3.0875e-02, 
 2DIAGNOSTIC,     5, -6.090927923254e-01, 1.797693134862e+308, 1.9234e+00, 2.9744e-02, 
 2DIAGNOSTIC,     6, -6.104597213250e-01, 1.797693134862e+308, 1.9526e+00, 2.9142e-02, 
 2DIAGNOSTIC,     7, -6.118442291201e-01, 1.797693134862e+308, 1.9823e+00, 2.9683e-02, 
 2DIAGNOSTIC,     8, -6.166208790626e-01, 1.797693134862e+308, 2.0154e+00, 3.3102e-02, 
 2DIAGNOSTIC,     9, -6.189690677772e-01, 1.797693134862e+308, 2.0569e+00, 4.1482e-02, 
 2DIAGNOSTIC,    10, -6.198218713180e-01, 1.688617131094e-03, 2.0865e+00, 2.9599e-02, 
 2DIAGNOSTIC,    11, -6.205367633499e-01, 1.614075768290e-03, 2.1229e+00, 3.6400e-02, 
 2DIAGNOSTIC,    12, -6.207415504776e-01, 1.448698401975e-03, 2.1559e+00, 3.3090e-02, 
 2DIAGNOSTIC,    13, -6.207384754178e-01, 1.222888254109e-03, 2.1881e+00, 3.2176e-02, 
 2DIAGNOSTIC,    14, -6.207637360841e-01, 9.569305013822e-04, 2.2209e+00, 3.2780e-02, 
 2DIAGNOSTIC,    15, -6.207832193821e-01, 6.791988141533e-04, 2.2534e+00, 3.2456e-02, 
 2DIAGNOSTIC,    16, -6.207802323063e-01, 4.150436138801e-04, 2.2802e+00, 2.6891e-02, 
 2DIAGNOSTIC,    17, -6.207937000655e-01, 1.795256602869e-04, 2.3073e+00, 2.7077e-02, 
 2DIAGNOSTIC,    18, -6.208043829026e-01, 7.564534487309e-05, 2.3344e+00, 2.7034e-02, 
 2DIAGNOSTIC,    19, -6.209817411564e-01, 3.698815376343e-05, 2.3613e+00, 2.6985e-02, 
 2DIAGNOSTIC,    20, -6.211262185109e-01, 2.142117674803e-05, 2.3948e+00, 3.3416e-02, 
 2DIAGNOSTIC,    21, -6.212305784272e-01, 2.333371519486e-05, 2.4486e+00, 5.3836e-02, 
 2DIAGNOSTIC,    22, -6.212289015568e-01, 2.733625681430e-05, 2.4753e+00, 2.6715e-02, 
 2DIAGNOSTIC,    23, -6.212391604476e-01, 2.875611429603e-05, 2.5025e+00, 2.7207e-02, 
 2DIAGNOSTIC,    24, -6.212534873952e-01, 2.820337020046e-05, 2.5331e+00, 3.0538e-02, 
 2DIAGNOSTIC,    25, -6.212630357009e-01, 2.564530138417e-05, 2.5652e+00, 3.2114e-02, 
 2DIAGNOSTIC,    26, -6.212460067438e-01, 2.064708709158e-05, 2.5919e+00, 2.6753e-02, 
 2DIAGNOSTIC,    27, -6.212418906500e-01, 1.443136862696e-05, 2.6220e+00, 3.0115e-02, 
 2DIAGNOSTIC,    28, -6.212470640771e-01, 7.644402582767e-06, 2.6524e+00, 3.0341e-02, 
 2DIAGNOSTIC,    29, -6.212390646320e-01, 3.343069094559e-06, 2.6867e+00, 3.4304e-02, 
 2DIAGNOSTIC,    30, -6.212294500197e-01, 1.144184436794e-06, 2.7131e+00, 2.6420e-02, 
DIAGNOSTIC,Iteration,metricValue,convergenceValue,ITERATION_TIME_INDEX,SINCE_LAST
 2DIAGNOSTIC,     1, -5.346753232244e-01, 1.797693134862e+308, 3.8560e+00, 1.1429e+00, 
 2DIAGNOSTIC,     2, -5.348822800146e-01, 1.797693134862e+308, 4.0968e+00, 2.4082e-01, 
 2DIAGNOSTIC,     3, -5.350157268653e-01, 1.797693134862e+308, 4.3570e+00, 2.6020e-01, 
 2DIAGNOSTIC,     4, -5.351808388652e-01, 1.797693134862e+308, 4.6006e+00, 2.4352e-01, 
 2DIAGNOSTIC,     5, -5.353692199750e-01, 1.797693134862e+308, 4.8278e+00, 2.2726e-01, 
 2DIAGNOSTIC,     6, -5.354975522725e-01, 1.797693134862e+308, 5.0606e+00, 2.3276e-01, 
 2DIAGNOSTIC,     7, -5.356202073655e-01, 1.797693134862e+308, 5.4469e+00, 3.8632e-01, 
 2DIAGNOSTIC,     8, -5.357510736827e-01, 1.797693134862e+308, 5.8171e+00, 3.7015e-01, 
 2DIAGNOSTIC,     9, -5.357460142218e-01, 1.797693134862e+308, 6.0935e+00, 2.7641e-01, 
 2DIAGNOSTIC,    10, -5.357560317501e-01, 1.400388475368e-04, 6.3656e+00, 2.7210e-01, 
 2DIAGNOSTIC,    11, -5.357587940053e-01, 1.051340845985e-04, 6.7192e+00, 3.5361e-01, 
 2DIAGNOSTIC,    12, -5.357607803140e-01, 7.604454584474e-05, 6.9839e+00, 2.6470e-01, 
 2DIAGNOSTIC,    13, -5.357598157391e-01, 5.009835872209e-05, 7.2844e+00, 3.0050e-01, 
 2DIAGNOSTIC,    14, -5.357572988919e-01, 2.961385491874e-05, 7.5590e+00, 2.7463e-01, 
 2DIAGNOSTIC,    15, -5.357570652858e-01, 1.601861994679e-05, 7.7986e+00, 2.3959e-01, 
 2DIAGNOSTIC,    16, -5.357584589302e-01, 7.080971592285e-06, 8.0599e+00, 2.6134e-01, 
 2DIAGNOSTIC,    17, -5.357595960834e-01, 2.473334231867e-06, 8.3457e+00, 2.8576e-01, 
 2DIAGNOSTIC,    18, -5.357600885230e-01, 2.204404227386e-06, 8.6208e+00, 2.7511e-01, 
 2DIAGNOSTIC,    19, -5.357595709384e-01, 1.763323648436e-06, 8.8996e+00, 2.7883e-01, 
 2DIAGNOSTIC,    20, -5.357590309555e-01, 1.609004147342e-06, 9.1528e+00, 2.5321e-01, 
 2DIAGNOSTIC,    21, -5.357588387489e-01, 1.529650325793e-06, 9.5111e+00, 3.5826e-01, 
 2DIAGNOSTIC,    22, -5.357590770224e-01, 1.508815242822e-06, 9.7569e+00, 2.4576e-01, 
 2DIAGNOSTIC,    23, -5.357572963479e-01, 1.422082946734e-06, 1.0018e+01, 2.6081e-01, 
 2DIAGNOSTIC,    24, -5.357579331868e-01, 1.299642140296e-06, 1.0259e+01, 2.4180e-01, 
 2DIAGNOSTIC,    25, -5.357600310161e-01, 1.228130280174e-06, 1.0550e+01, 2.9038e-01, 
 2DIAGNOSTIC,    26, -5.357627132592e-01, 1.247216118799e-06, 1.0845e+01, 2.9510e-01, 
 2DIAGNOSTIC,    27, -5.357636647960e-01, 1.302419310630e-06, 1.1122e+01, 2.7751e-01, 
 2DIAGNOSTIC,    28, -5.357632520359e-01, 1.344848694830e-06, 1.1366e+01, 2.4357e-01, 
 2DIAGNOSTIC,    29, -5.357632855792e-01, 1.357125957911e-06, 1.1647e+01, 2.8050e-01, 
 2DIAGNOSTIC,    30, -5.357689575147e-01, 1.433728926151e-06, 1.1904e+01, 2.5736e-01, 
 2DIAGNOSTIC,    31, -5.357776588335e-01, 1.611546821906e-06, 1.2167e+01, 2.6329e-01, 
 2DIAGNOSTIC,    32, -5.357877686811e-01, 1.892529379745e-06, 1.2429e+01, 2.6206e-01, 
 2DIAGNOSTIC,    33, -5.357945914778e-01, 2.151741068220e-06, 1.2694e+01, 2.6473e-01, 
 2DIAGNOSTIC,    34, -5.358096451459e-01, 2.528367832617e-06, 1.2995e+01, 3.0124e-01, 
 2DIAGNOSTIC,    35, -5.358276978710e-01, 3.031783878966e-06, 1.3295e+01, 3.0016e-01, 
 2DIAGNOSTIC,    36, -5.358401830508e-01, 3.522096160061e-06, 1.3548e+01, 2.5307e-01, 
 2DIAGNOSTIC,    37, -5.358538066076e-01, 3.943548289243e-06, 1.3804e+01, 2.5536e-01, 
 2DIAGNOSTIC,    38, -5.358723047311e-01, 4.302398650933e-06, 1.4227e+01, 4.2326e-01, 
 2DIAGNOSTIC,    39, -5.358739073442e-01, 4.329394831463e-06, 1.4554e+01, 3.2697e-01, 
 2DIAGNOSTIC,    40, -5.358739974107e-01, 4.096055845303e-06, 1.4820e+01, 2.6550e-01, 
 2DIAGNOSTIC,    41, -5.358729726663e-01, 3.658819136668e-06, 1.5062e+01, 2.4221e-01, 
 2DIAGNOSTIC,    42, -5.358709096629e-01, 3.068685750576e-06, 1.5299e+01, 2.3692e-01, 
 2DIAGNOSTIC,    43, -5.358711019158e-01, 2.367677584828e-06, 1.5531e+01, 2.3228e-01, 
 2DIAGNOSTIC,    44, -5.358692331966e-01, 1.698453072598e-06, 1.5782e+01, 2.5152e-01, 
 2DIAGNOSTIC,    45, -5.358694608914e-01, 1.182719805509e-06, 1.6042e+01, 2.5993e-01, 
DIAGNOSTIC,Iteration,metricValue,convergenceValue,ITERATION_TIME_INDEX,SINCE_LAST
 2DIAGNOSTIC,     1, -4.895451150471e-01, 1.797693134862e+308, 1.9157e+01, 3.1142e+00, 
 2DIAGNOSTIC,     2, -4.895485950115e-01, 1.797693134862e+308, 2.0893e+01, 1.7369e+00, 
 2DIAGNOSTIC,     3, -4.895495321199e-01, 1.797693134862e+308, 2.2548e+01, 1.6542e+00, 
 2DIAGNOSTIC,     4, -4.895495545847e-01, 1.797693134862e+308, 2.3985e+01, 1.4372e+00, 
 2DIAGNOSTIC,     5, -4.895516698987e-01, 1.797693134862e+308, 2.5332e+01, 1.3476e+00, 
 2DIAGNOSTIC,     6, -4.895591136713e-01, 1.797693134862e+308, 2.6718e+01, 1.3854e+00, 
 2DIAGNOSTIC,     7, -4.895725948665e-01, 1.797693134862e+308, 2.8082e+01, 1.3638e+00, 
 2DIAGNOSTIC,     8, -4.896228440505e-01, 1.797693134862e+308, 2.9651e+01, 1.5696e+00, 
 2DIAGNOSTIC,     9, -4.896314462172e-01, 1.797693134862e+308, 3.1162e+01, 1.5109e+00, 
 2DIAGNOSTIC,    10, -4.896691452722e-01, 1.826697845719e-05, 3.3256e+01, 2.0936e+00, 
 2DIAGNOSTIC,    11, -4.896719849455e-01, 1.982321625665e-05, 3.4705e+01, 1.4498e+00, 
 2DIAGNOSTIC,    12, -4.896769965784e-01, 2.001640235472e-05, 3.6031e+01, 1.3252e+00, 
 2DIAGNOSTIC,    13, -4.897267323102e-01, 2.086196087620e-05, 3.7355e+01, 1.3247e+00, 
 2DIAGNOSTIC,    14, -4.897632370562e-01, 2.136453034557e-05, 3.8756e+01, 1.4008e+00, 
 2DIAGNOSTIC,    15, -4.897935324239e-01, 2.130062580741e-05, 4.0250e+01, 1.4935e+00, 
 2DIAGNOSTIC,    16, -4.898353607512e-01, 2.129268750498e-05, 4.1745e+01, 1.4953e+00, 
 2DIAGNOSTIC,    17, -4.899959117795e-01, 2.540745933126e-05, 4.5299e+01, 3.5541e+00, 
 2DIAGNOSTIC,    18, -4.899949266065e-01, 2.833932039852e-05, 4.7865e+01, 2.5664e+00, 
 2DIAGNOSTIC,    19, -4.899944916165e-01, 2.877292564541e-05, 4.9446e+01, 1.5809e+00, 
 2DIAGNOSTIC,    20, -4.899941690195e-01, 2.780526845867e-05, 5.1148e+01, 1.7014e+00, 
 2DIAGNOSTIC,    21, -4.899940669329e-01, 2.455288685329e-05, 5.2852e+01, 1.7045e+00, 
 2DIAGNOSTIC,    22, -4.899938543480e-01, 1.948334089944e-05, 5.4388e+01, 1.5357e+00, 
 2DIAGNOSTIC,    23, -4.899938777240e-01, 1.440804367725e-05, 5.5900e+01, 1.5122e+00, 
 2DIAGNOSTIC,    24, -4.899937764315e-01, 9.469921497682e-06, 5.7608e+01, 1.7079e+00, 
 2DIAGNOSTIC,    25, -4.899936697984e-01, 4.879934413178e-06, 5.9128e+01, 1.5201e+00, 
 2DIAGNOSTIC,    26, -4.899935696932e-01, 1.132196878209e-06, 6.0629e+01, 1.5009e+00, 
 2DIAGNOSTIC,    27, -4.899932489589e-01, 1.114918568683e-06, 6.2309e+01, 1.6801e+00, 
 2DIAGNOSTIC,    28, -4.899930296929e-01, 1.080214176143e-06, 6.3995e+01, 1.6856e+00, 
 2DIAGNOSTIC,    29, -4.899929272229e-01, 1.042616224099e-06, 6.5535e+01, 1.5407e+00, 
 2DIAGNOSTIC,    30, -4.899928244411e-01, 1.004439773765e-06, 6.7228e+01, 1.6923e+00, 
  Elapsed time (stage 0): 6.8052e+01


Total elapsed time: 6.8054e+01
Info [verificarlo]: loaded backend libinterflop_ieee.so
Info [interflop-ieee]: load backend with:
Info [interflop-ieee]: debug = false
Info [interflop-ieee]: debug-binary = false
Info [interflop-ieee]: no-backend-name = false
Info [interflop-ieee]: print-new-line = false
Info [interflop-ieee]: print-subnormal-normalized = false
Info [interflop-ieee]: count-op = false
All_Command_lines_OK
Using double precision for computations.
=============================================================================
The composite transform comprises the following transforms (in order): 
  1. /home/mdugre/scratch/mri-registration-rp/datasets/ds004513/derivatives/mri-registration-rp/0001/antsRegistration-r8-p17/sub-s025/rigid_Composite.h5[0] (type = Euler3DTransform)
  2. /home/mdugre/scratch/mri-registration-rp/datasets/ds004513/derivatives/mri-registration-rp/0001/antsRegistration-r8-p17/sub-s025/rigid_Composite.h5[1] (type = Euler3DTransform)
  3. /home/mdugre/scratch/mri-registration-rp/datasets/ds004513/derivatives/mri-registration-rp/0001/antsRegistration-r8-p17/sub-s025/rigid_Composite.h5[2] (type = Euler3DTransform)
=============================================================================
  number of levels = 4
  fixed image: /templateflow/tpl-MNI152NLin2009cAsym/tpl-MNI152NLin2009cAsym_res-01_desc-brain_T1w.nii.gz
  moving image: /home/mdugre/scratch/mri-registration-rp/datasets/ds004513/derivatives/mri-registration-rp/antsBrainExtraction/sub-s025/BrainExtractionBrain.nii.gz
Dimension = 3
Number of stages = 1
Use histogram matching = false
Winsorize image intensities = true
  Lower quantile = 0.005
  Upper quantile = 0.995


Stage 1 State
   Image metric = MattesMI
     Fixed image = Image (0x34bb7e0)
  RTTI typeinfo:   itk::Image<double, 3u>
  Reference Count: 2
  Modified Time: 1594
  Debug: Off
  Object Name: 
  Observers: 
    none
  Source: (none)
  Source output name: (none)
  Release Data: Off
  Data Released: False
  Global Release Data: Off
  PipelineMTime: 0
  UpdateMTime: 1203
  RealTimeStamp: 0 seconds 
  LargestPossibleRegion: 
    Dimension: 3
    Index: [0, 0, 0]
    Size: [193, 229, 193]
  BufferedRegion: 
    Dimension: 3
    Index: [0, 0, 0]
    Size: [193, 229, 193]
  RequestedRegion: 
    Dimension: 3
    Index: [0, 0, 0]
    Size: [193, 229, 193]
  Spacing: [1, 1, 1]
  Origin: [96, 132, -78]
  Direction: 
-1 0 0
0 -1 0
0 0 1

  IndexToPointMatrix: 
-1 0 0
0 -1 0
0 0 1

  PointToIndexMatrix: 
-1 0 0
0 -1 0
0 0 1

  Inverse Direction: 
-1 0 0
0 -1 0
0 0 1

  PixelContainer: 
    ImportImageContainer (0x357ba20)
      RTTI typeinfo:   itk::ImportImageContainer<unsigned long, double>
      Reference Count: 1
      Modified Time: 1200
      Debug: Off
      Object Name: 
      Observers: 
        none
      Pointer: 0x14fa52233010
      Container manages memory: true
      Size: 8530021
      Capacity: 8530021

     Moving image = Image (0x3576d70)
  RTTI typeinfo:   itk::Image<double, 3u>
  Reference Count: 2
  Modified Time: 1595
  Debug: Off
  Object Name: 
  Observers: 
    none
  Source: (none)
  Source output name: (none)
  Release Data: Off
  Data Released: False
  Global Release Data: Off
  PipelineMTime: 0
  UpdateMTime: 1592
  RealTimeStamp: 0 seconds 
  LargestPossibleRegion: 
    Dimension: 3
    Index: [0, 0, 0]
    Size: [176, 240, 256]
  BufferedRegion: 
    Dimension: 3
    Index: [0, 0, 0]
    Size: [176, 240, 256]
  RequestedRegion: 
    Dimension: 3
    Index: [0, 0, 0]
    Size: [176, 240, 256]
  Spacing: [0.999999, 1, 1]
  Origin: [90.3778, 84.5091, -154.071]
  Direction: 
-0.999391 7.48184e-06 -0.0348969
-7.47664e-06 -1 -2.7953e-07
-0.0348969 -1.84481e-08 0.999391

  IndexToPointMatrix: 
-0.99939 7.48184e-06 -0.0348969
-7.47663e-06 -1 -2.7953e-07
-0.0348968 -1.84481e-08 0.999391

  PointToIndexMatrix: 
-0.999392 -7.47665e-06 -0.0348969
7.48184e-06 -1 -1.84481e-08
-0.0348969 -2.7953e-07 0.999391

  Inverse Direction: 
-0.999391 -7.47664e-06 -0.0348969
7.48184e-06 -1 -1.84481e-08
-0.0348969 -2.7953e-07 0.999391

  PixelContainer: 
    ImportImageContainer (0x352ec90)
      RTTI typeinfo:   itk::ImportImageContainer<unsigned long, double>
      Reference Count: 1
      Modified Time: 1589
      Debug: Off
      Object Name: 
      Observers: 
        none
      Pointer: 0x14fa4cfb2010
      Container manages memory: true
      Size: 10813440
      Capacity: 10813440

     Weighting = 1
     Sampling strategy = regular
     Number of bins = 32
     Radius = 4
     Sampling percentage  = 0.25
   Transform = Affine
     Gradient step = 0.1
     Update field sigma (voxel space) = 0
     Total field sigma (voxel space) = 0
     Update field time sigma = 0
     Total field time sigma  = 0
     Number of time indices = 0
     Number of time point samples = 0
Registration using 1 total stages.

Stage 0
  iterations = 1000x500x250x100
  convergence threshold = 1e-06
  convergence window size = 10
  number of levels = 4
  using the Mattes MI metric (number of bins = 32, weight = 1, use gradient filter = 0)
  preprocessing:  winsorizing the image intensities
  Shrink factors (level 1 out of 4): [8, 8, 8]
  Shrink factors (level 2 out of 4): [4, 4, 4]
  Shrink factors (level 3 out of 4): [2, 2, 2]
  Shrink factors (level 4 out of 4): [1, 1, 1]
  smoothing sigmas per level: [3, 2, 1, 0]
  regular sampling (percentage = 0.25)

*** Running AffineTransform registration ***

DIAGNOSTIC,Iteration,metricValue,convergenceValue,ITERATION_TIME_INDEX,SINCE_LAST
 2DIAGNOSTIC,     1, -7.467658858123e-01, 1.797693134862e+308, 9.0516e-01, 9.0516e-01, 
 2DIAGNOSTIC,     2, -7.488027261730e-01, 1.797693134862e+308, 9.0974e-01, 4.5800e-03, 
 2DIAGNOSTIC,     3, -7.521290354143e-01, 1.797693134862e+308, 9.1412e-01, 4.3762e-03, 
 2DIAGNOSTIC,     4, -7.573165470335e-01, 1.797693134862e+308, 9.1845e-01, 4.3280e-03, 
 2DIAGNOSTIC,     5, -7.656350807706e-01, 1.797693134862e+308, 9.2275e-01, 4.3008e-03, 
 2DIAGNOSTIC,     6, -7.797180435433e-01, 1.797693134862e+308, 9.2732e-01, 4.5729e-03, 
 2DIAGNOSTIC,     7, -8.205659332931e-01, 1.797693134862e+308, 9.3249e-01, 5.1692e-03, 
 2DIAGNOSTIC,     8, -8.850763981290e-01, 1.797693134862e+308, 9.3998e-01, 7.4921e-03, 
 2DIAGNOSTIC,     9, -8.852244291492e-01, 1.797693134862e+308, 9.4449e-01, 4.5040e-03, 
 2DIAGNOSTIC,    10, -8.931479814083e-01, 1.382618709661e-02, 9.4922e-01, 4.7359e-03, 
 2DIAGNOSTIC,    11, -9.040388051751e-01, 1.369904379107e-02, 9.5397e-01, 4.7479e-03, 
 2DIAGNOSTIC,    12, -9.187543068569e-01, 1.281157045382e-02, 9.5861e-01, 4.6411e-03, 
 2DIAGNOSTIC,    13, -9.256278575666e-01, 1.115904748987e-02, 9.6328e-01, 4.6670e-03, 
 2DIAGNOSTIC,    14, -9.321244693105e-01, 9.053079744586e-03, 9.6964e-01, 6.3579e-03, 
 2DIAGNOSTIC,    15, -9.359281168002e-01, 6.732670866858e-03, 9.7901e-01, 9.3708e-03, 
 2DIAGNOSTIC,    16, -9.357829393184e-01, 4.398461318112e-03, 9.8382e-01, 4.8101e-03, 
 2DIAGNOSTIC,    17, -9.358518660196e-01, 2.726745971227e-03, 9.8834e-01, 4.5180e-03, 
 2DIAGNOSTIC,    18, -9.358053972628e-01, 2.194692430794e-03, 9.9290e-01, 4.5640e-03, 
 2DIAGNOSTIC,    19, -9.359835627003e-01, 1.526674144455e-03, 9.9741e-01, 4.5099e-03, 
 2DIAGNOSTIC,    20, -9.362497749624e-01, 9.221178370360e-04, 1.0025e+00, 5.0461e-03, 
 2DIAGNOSTIC,    21, -9.364115352318e-01, 4.621668127684e-04, 1.0070e+00, 4.5319e-03, 
 2DIAGNOSTIC,    22, -9.363189319122e-01, 2.198181833392e-04, 1.0115e+00, 4.5199e-03, 
 2DIAGNOSTIC,    23, -9.365949590005e-01, 7.864886236559e-05, 1.0166e+00, 5.0991e-03, 
 2DIAGNOSTIC,    24, -9.367123288153e-01, 3.038364479989e-05, 1.0217e+00, 5.0571e-03, 
 2DIAGNOSTIC,    25, -9.366141043575e-01, 3.131360647811e-05, 1.0262e+00, 4.5540e-03, 
 2DIAGNOSTIC,    26, -9.365463087663e-01, 2.679006798727e-05, 1.0307e+00, 4.5080e-03, 
 2DIAGNOSTIC,    27, -9.366758732933e-01, 2.271088469871e-05, 1.0358e+00, 5.0449e-03, 
 2DIAGNOSTIC,    28, -9.366454125693e-01, 1.592252867155e-05, 1.0403e+00, 4.5218e-03, 
 2DIAGNOSTIC,    29, -9.366765767737e-01, 1.045571646213e-05, 1.0448e+00, 4.4830e-03, 
 2DIAGNOSTIC,    30, -9.369774236484e-01, 1.054291150125e-05, 1.0495e+00, 4.6930e-03, 
 2DIAGNOSTIC,    31, -9.372654882801e-01, 1.436157071318e-05, 1.0540e+00, 4.5781e-03, 
 2DIAGNOSTIC,    32, -9.378306703604e-01, 2.123380699752e-05, 1.0591e+00, 5.0321e-03, 
 2DIAGNOSTIC,    33, -9.386569735205e-01, 3.624202263187e-05, 1.0643e+00, 5.2140e-03, 
 2DIAGNOSTIC,    34, -9.383463475155e-01, 4.509254232842e-05, 1.0699e+00, 5.6522e-03, 
 2DIAGNOSTIC,    35, -9.384984981526e-01, 4.994038413972e-05, 1.0750e+00, 5.0819e-03, 
 2DIAGNOSTIC,    36, -9.386015442322e-01, 5.010812450628e-05, 1.0801e+00, 5.0750e-03, 
 2DIAGNOSTIC,    37, -9.386148247415e-01, 4.669411365426e-05, 1.0848e+00, 4.6940e-03, 
 2DIAGNOSTIC,    38, -9.385487935710e-01, 3.827490507466e-05, 1.0894e+00, 4.6518e-03, 
 2DIAGNOSTIC,    39, -9.383881726500e-01, 2.577342574388e-05, 1.0950e+00, 5.5828e-03, 
 2DIAGNOSTIC,    40, -9.382267447428e-01, 1.275838811390e-05, 1.1002e+00, 5.1889e-03, 
 2DIAGNOSTIC,    41, -9.382617665846e-01, 1.653513719939e-06, 1.1048e+00, 4.6060e-03, 
DIAGNOSTIC,Iteration,metricValue,convergenceValue,ITERATION_TIME_INDEX,SINCE_LAST
 2DIAGNOSTIC,     1, -7.501831475480e-01, 1.797693134862e+308, 1.9300e+00, 8.2516e-01, 
 2DIAGNOSTIC,     2, -7.506395109479e-01, 1.797693134862e+308, 1.9655e+00, 3.5532e-02, 
 2DIAGNOSTIC,     3, -7.509699857036e-01, 1.797693134862e+308, 2.0005e+00, 3.4950e-02, 
 2DIAGNOSTIC,     4, -7.516981275926e-01, 1.797693134862e+308, 2.0359e+00, 3.5475e-02, 
 2DIAGNOSTIC,     5, -7.532197005731e-01, 1.797693134862e+308, 2.0856e+00, 4.9685e-02, 
 2DIAGNOSTIC,     6, -7.541484877653e-01, 1.797693134862e+308, 2.1561e+00, 7.0448e-02, 
 2DIAGNOSTIC,     7, -7.541068114002e-01, 1.797693134862e+308, 2.1925e+00, 3.6413e-02, 
 2DIAGNOSTIC,     8, -7.541136027559e-01, 1.797693134862e+308, 2.2295e+00, 3.7038e-02, 
 2DIAGNOSTIC,     9, -7.541251769335e-01, 1.797693134862e+308, 2.2653e+00, 3.5726e-02, 
 2DIAGNOSTIC,    10, -7.541436816739e-01, 3.992821526824e-04, 2.3067e+00, 4.1487e-02, 
 2DIAGNOSTIC,    11, -7.541642005028e-01, 2.915755859918e-04, 2.3444e+00, 3.7709e-02, 
 2DIAGNOSTIC,    12, -7.542098331133e-01, 1.924216268697e-04, 2.3796e+00, 3.5159e-02, 
 2DIAGNOSTIC,    13, -7.543122398180e-01, 1.043230261985e-04, 2.4166e+00, 3.6990e-02, 
 2DIAGNOSTIC,    14, -7.543989923092e-01, 4.058569130354e-05, 2.4573e+00, 4.0662e-02, 
 2DIAGNOSTIC,    15, -7.544159176327e-01, 1.985828180270e-05, 2.4979e+00, 4.0598e-02, 
 2DIAGNOSTIC,    16, -7.544103018789e-01, 2.194067916360e-05, 2.5393e+00, 4.1420e-02, 
 2DIAGNOSTIC,    17, -7.544053674370e-01, 2.092458296107e-05, 2.5784e+00, 3.9120e-02, 
 2DIAGNOSTIC,    18, -7.543989859000e-01, 1.823573810653e-05, 2.6246e+00, 4.6235e-02, 
 2DIAGNOSTIC,    19, -7.543977905528e-01, 1.448235394645e-05, 2.6650e+00, 4.0347e-02, 
 2DIAGNOSTIC,    20, -7.544156287616e-01, 1.061746095048e-05, 2.7073e+00, 4.2323e-02, 
 2DIAGNOSTIC,    21, -7.544279190180e-01, 6.883247186937e-06, 2.7518e+00, 4.4465e-02, 
 2DIAGNOSTIC,    22, -7.544257472923e-01, 3.704651688412e-06, 2.7906e+00, 3.8832e-02, 
 2DIAGNOSTIC,    23, -7.544479001209e-01, 2.605217024866e-06, 2.8374e+00, 4.6811e-02, 
 2DIAGNOSTIC,    24, -7.544823557724e-01, 3.369936393612e-06, 2.8886e+00, 5.1166e-02, 
 2DIAGNOSTIC,    25, -7.544465838596e-01, 3.580754760577e-06, 2.9379e+00, 4.9341e-02, 
 2DIAGNOSTIC,    26, -7.544473722392e-01, 3.511231109997e-06, 2.9789e+00, 4.0948e-02, 
 2DIAGNOSTIC,    27, -7.544042259016e-01, 2.566710380299e-06, 3.0191e+00, 4.0241e-02, 
 2DIAGNOSTIC,    28, -7.543988765494e-01, 1.409157676824e-06, 3.0617e+00, 4.2621e-02, 
DIAGNOSTIC,Iteration,metricValue,convergenceValue,ITERATION_TIME_INDEX,SINCE_LAST
 2DIAGNOSTIC,     1, -6.418783664155e-01, 1.797693134862e+308, 4.2642e+00, 1.2025e+00, 
 2DIAGNOSTIC,     2, -6.422866573555e-01, 1.797693134862e+308, 4.5535e+00, 2.8932e-01, 
 2DIAGNOSTIC,     3, -6.426974071862e-01, 1.797693134862e+308, 4.8336e+00, 2.8009e-01, 
 2DIAGNOSTIC,     4, -6.431684489300e-01, 1.797693134862e+308, 5.1182e+00, 2.8463e-01, 
 2DIAGNOSTIC,     5, -6.439906004999e-01, 1.797693134862e+308, 5.4123e+00, 2.9405e-01, 
 2DIAGNOSTIC,     6, -6.447912064095e-01, 1.797693134862e+308, 6.1381e+00, 7.2584e-01, 
 2DIAGNOSTIC,     7, -6.447921675916e-01, 1.797693134862e+308, 6.4706e+00, 3.3247e-01, 
 2DIAGNOSTIC,     8, -6.447904454091e-01, 1.797693134862e+308, 6.8031e+00, 3.3254e-01, 
 2DIAGNOSTIC,     9, -6.447897388664e-01, 1.797693134862e+308, 7.1265e+00, 3.2341e-01, 
 2DIAGNOSTIC,    10, -6.447888375494e-01, 3.323799214860e-04, 7.4469e+00, 3.2038e-01, 
 2DIAGNOSTIC,    11, -6.447878717709e-01, 2.372438086563e-04, 7.7724e+00, 3.2554e-01, 
 2DIAGNOSTIC,    12, -6.447870983257e-01, 1.521199018918e-04, 8.0846e+00, 3.1216e-01, 
 2DIAGNOSTIC,    13, -6.447867701415e-01, 8.086775385183e-05, 8.4193e+00, 3.3474e-01, 
 2DIAGNOSTIC,    14, -6.447859357772e-01, 2.706589358310e-05, 8.7138e+00, 2.9446e-01, 
 2DIAGNOSTIC,    15, -6.447826469461e-01, 1.594063893592e-06, 9.0026e+00, 2.8878e-01, 
