
##########################
# Experiment information #
##########################

EXPERIMENT_NAME: antsRegistration-r8-p20
VFC_BACKENDS: libinterflop_vprec.so --range-binary32=8 --precision-binary32=20 --range-binary64=8 --precision-binary64=20

SIF_IMG: /home/mdugre/projects/rrg-glatard/mdugre/containers/ants-vprec-no_metrics.simg

SUBJECT_ID: s037
INPUT_IMG: /home/mdugre/scratch/mri-registration-rp/datasets/ds004513/derivatives/mri-registration-rp/antsBrainExtraction/sub-s037/BrainExtractionBrain.nii.gz
OUTPUT_DIR: /home/mdugre/scratch/mri-registration-rp/datasets/ds004513/derivatives/mri-registration-rp/0001/antsRegistration-r8-p20/sub-s037

FIXED_IMG: /templateflow/tpl-MNI152NLin2009cAsym/tpl-MNI152NLin2009cAsym_res-01_desc-brain_T1w.nii.gz
DATA_DIR: /home/mdugre/scratch/mri-registration-rp/datasets/ds004513
TEMPLATEFLOW_DIR: /home/mdugre/projects/rrg-glatard/mdugre/templateflow
ITK_GLOBAL_DEFAULT_NUMBER_OF_THREADS: 16
##########################

Info [verificarlo]: loaded backend libinterflop_ieee.so
Info [interflop-ieee]: load backend with:
Info [interflop-ieee]: debug = false
Info [interflop-ieee]: debug-binary = false
Info [interflop-ieee]: no-backend-name = false
Info [interflop-ieee]: print-new-line = false
Info [interflop-ieee]: print-subnormal-normalized = false
Info [interflop-ieee]: count-op = false
All_Command_lines_OK
Using double precision for computations.
=============================================================================
The composite transform comprises the following transforms (in order): 
  1. Center of mass alignment using fixed image: /templateflow/tpl-MNI152NLin2009cAsym/tpl-MNI152NLin2009cAsym_res-01_desc-brain_T1w.nii.gz and moving image: /home/mdugre/scratch/mri-registration-rp/datasets/ds004513/derivatives/mri-registration-rp/antsBrainExtraction/sub-s037/BrainExtractionBrain.nii.gz (type = Euler3DTransform)
=============================================================================
  number of levels = 1
  fixed image: /templateflow/tpl-MNI152NLin2009cAsym/tpl-MNI152NLin2009cAsym_res-01_desc-brain_T1w.nii.gz
  moving image: /home/mdugre/scratch/mri-registration-rp/datasets/ds004513/derivatives/mri-registration-rp/antsBrainExtraction/sub-s037/BrainExtractionBrain.nii.gz
Dimension = 3
Number of stages = 1
Use histogram matching = false
Winsorize image intensities = true
  Lower quantile = 0.005
  Upper quantile = 0.995


Stage 1 State
   Image metric = MattesMI
     Fixed image = Image (0x431ce70)
  RTTI typeinfo:   itk::Image<double, 3u>
  Reference Count: 2
  Modified Time: 2330
  Debug: Off
  Object Name: 
  Observers: 
    none
  Source: (none)
  Source output name: (none)
  Release Data: Off
  Data Released: False
  Global Release Data: Off
  PipelineMTime: 0
  UpdateMTime: 1941
  RealTimeStamp: 0 seconds 
  LargestPossibleRegion: 
    Dimension: 3
    Index: [0, 0, 0]
    Size: [193, 229, 193]
  BufferedRegion: 
    Dimension: 3
    Index: [0, 0, 0]
    Size: [193, 229, 193]
  RequestedRegion: 
    Dimension: 3
    Index: [0, 0, 0]
    Size: [193, 229, 193]
  Spacing: [1, 1, 1]
  Origin: [96, 132, -78]
  Direction: 
-1 0 0
0 -1 0
0 0 1

  IndexToPointMatrix: 
-1 0 0
0 -1 0
0 0 1

  PointToIndexMatrix: 
-1 0 0
0 -1 0
0 0 1

  Inverse Direction: 
-1 0 0
0 -1 0
0 0 1

  PixelContainer: 
    ImportImageContainer (0x4325c60)
      RTTI typeinfo:   itk::ImportImageContainer<unsigned long, double>
      Reference Count: 1
      Modified Time: 1938
      Debug: Off
      Object Name: 
      Observers: 
        none
      Pointer: 0x145e69bf9010
      Container manages memory: true
      Size: 8530021
      Capacity: 8530021

     Moving image = Image (0x43b9ec0)
  RTTI typeinfo:   itk::Image<double, 3u>
  Reference Count: 2
  Modified Time: 2331
  Debug: Off
  Object Name: 
  Observers: 
    none
  Source: (none)
  Source output name: (none)
  Release Data: Off
  Data Released: False
  Global Release Data: Off
  PipelineMTime: 0
  UpdateMTime: 2328
  RealTimeStamp: 0 seconds 
  LargestPossibleRegion: 
    Dimension: 3
    Index: [0, 0, 0]
    Size: [160, 240, 256]
  BufferedRegion: 
    Dimension: 3
    Index: [0, 0, 0]
    Size: [160, 240, 256]
  RequestedRegion: 
    Dimension: 3
    Index: [0, 0, 0]
    Size: [160, 240, 256]
  Spacing: [1, 1, 1]
  Origin: [87.9508, 102.562, -147.639]
  Direction: 
-0.998659 -0.0436121 -0.0279129
0.043595 -0.999049 0.00121847
-0.0279395 -2.65543e-08 0.99961

  IndexToPointMatrix: 
-0.998659 -0.0436121 -0.0279129
0.043595 -0.999049 0.00121847
-0.0279395 -2.65543e-08 0.99961

  PointToIndexMatrix: 
-0.998659 0.043595 -0.0279395
-0.0436121 -0.999049 -2.65517e-08
-0.0279129 0.00121847 0.99961

  Inverse Direction: 
-0.998659 0.043595 -0.0279395
-0.0436121 -0.999049 -2.65517e-08
-0.0279129 0.00121847 0.99961

  PixelContainer: 
    ImportImageContainer (0x4451610)
      RTTI typeinfo:   itk::ImportImageContainer<unsigned long, double>
      Reference Count: 1
      Modified Time: 2325
      Debug: Off
      Object Name: 
      Observers: 
        none
      Pointer: 0x145e650f8010
      Container manages memory: true
      Size: 9830400
      Capacity: 9830400

     Weighting = 1
     Sampling strategy = regular
     Number of bins = 32
     Radius = 4
     Sampling percentage  = 0.25
   Transform = Rigid
     Gradient step = 0.1
     Update field sigma (voxel space) = 0
     Total field sigma (voxel space) = 0
     Update field time sigma = 0
     Total field time sigma  = 0
     Number of time indices = 0
     Number of time point samples = 0
Registration using 1 total stages.

Stage 0
  iterations = 0
  convergence threshold = 1e-06
  convergence window size = 10
  number of levels = 1
  using the Mattes MI metric (number of bins = 32, weight = 1, use gradient filter = 0)
  preprocessing:  winsorizing the image intensities
  Shrink factors (level 1 out of 1): [1, 1, 1]
  smoothing sigmas per level: [0]
  regular sampling (percentage = 0.25)

*** Running Euler3DTransform registration ***

  Elapsed time (stage 0): 1.09907


Total elapsed time: 1.10124
Info [verificarlo]: loaded backend libinterflop_ieee.so
Info [interflop-ieee]: load backend with:
Info [interflop-ieee]: debug = false
Info [interflop-ieee]: debug-binary = false
Info [interflop-ieee]: no-backend-name = false
Info [interflop-ieee]: print-new-line = false
Info [interflop-ieee]: print-subnormal-normalized = false
Info [interflop-ieee]: count-op = false
All_Command_lines_OK
Using double precision for computations.
=============================================================================
The composite transform comprises the following transforms (in order): 
  1. /home/mdugre/scratch/mri-registration-rp/datasets/ds004513/derivatives/mri-registration-rp/0001/antsRegistration-r8-p20/sub-s037/align_Composite.h5[0] (type = Euler3DTransform)
  2. /home/mdugre/scratch/mri-registration-rp/datasets/ds004513/derivatives/mri-registration-rp/0001/antsRegistration-r8-p20/sub-s037/align_Composite.h5[1] (type = Euler3DTransform)
=============================================================================
  number of levels = 4
  fixed image: /templateflow/tpl-MNI152NLin2009cAsym/tpl-MNI152NLin2009cAsym_res-01_desc-brain_T1w.nii.gz
  moving image: /home/mdugre/scratch/mri-registration-rp/datasets/ds004513/derivatives/mri-registration-rp/antsBrainExtraction/sub-s037/BrainExtractionBrain.nii.gz
Dimension = 3
Number of stages = 1
Use histogram matching = false
Winsorize image intensities = true
  Lower quantile = 0.005
  Upper quantile = 0.995


Stage 1 State
   Image metric = MattesMI
     Fixed image = Image (0x3851530)
  RTTI typeinfo:   itk::Image<double, 3u>
  Reference Count: 2
  Modified Time: 1578
  Debug: Off
  Object Name: 
  Observers: 
    none
  Source: (none)
  Source output name: (none)
  Release Data: Off
  Data Released: False
  Global Release Data: Off
  PipelineMTime: 0
  UpdateMTime: 1189
  RealTimeStamp: 0 seconds 
  LargestPossibleRegion: 
    Dimension: 3
    Index: [0, 0, 0]
    Size: [193, 229, 193]
  BufferedRegion: 
    Dimension: 3
    Index: [0, 0, 0]
    Size: [193, 229, 193]
  RequestedRegion: 
    Dimension: 3
    Index: [0, 0, 0]
    Size: [193, 229, 193]
  Spacing: [1, 1, 1]
  Origin: [96, 132, -78]
  Direction: 
-1 0 0
0 -1 0
0 0 1

  IndexToPointMatrix: 
-1 0 0
0 -1 0
0 0 1

  PointToIndexMatrix: 
-1 0 0
0 -1 0
0 0 1

  Inverse Direction: 
-1 0 0
0 -1 0
0 0 1

  PixelContainer: 
    ImportImageContainer (0x390fd60)
      RTTI typeinfo:   itk::ImportImageContainer<unsigned long, double>
      Reference Count: 1
      Modified Time: 1186
      Debug: Off
      Object Name: 
      Observers: 
        none
      Pointer: 0x14c15850e010
      Container manages memory: true
      Size: 8530021
      Capacity: 8530021

     Moving image = Image (0x3901f60)
  RTTI typeinfo:   itk::Image<double, 3u>
  Reference Count: 2
  Modified Time: 1579
  Debug: Off
  Object Name: 
  Observers: 
    none
  Source: (none)
  Source output name: (none)
  Release Data: Off
  Data Released: False
  Global Release Data: Off
  PipelineMTime: 0
  UpdateMTime: 1576
  RealTimeStamp: 0 seconds 
  LargestPossibleRegion: 
    Dimension: 3
    Index: [0, 0, 0]
    Size: [160, 240, 256]
  BufferedRegion: 
    Dimension: 3
    Index: [0, 0, 0]
    Size: [160, 240, 256]
  RequestedRegion: 
    Dimension: 3
    Index: [0, 0, 0]
    Size: [160, 240, 256]
  Spacing: [1, 1, 1]
  Origin: [87.9508, 102.562, -147.639]
  Direction: 
-0.998659 -0.0436121 -0.0279129
0.043595 -0.999049 0.00121847
-0.0279395 -2.65543e-08 0.99961

  IndexToPointMatrix: 
-0.998659 -0.0436121 -0.0279129
0.043595 -0.999049 0.00121847
-0.0279395 -2.65543e-08 0.99961

  PointToIndexMatrix: 
-0.998659 0.043595 -0.0279395
-0.0436121 -0.999049 -2.65517e-08
-0.0279129 0.00121847 0.99961

  Inverse Direction: 
-0.998659 0.043595 -0.0279395
-0.0436121 -0.999049 -2.65517e-08
-0.0279129 0.00121847 0.99961

  PixelContainer: 
    ImportImageContainer (0x38f36d0)
      RTTI typeinfo:   itk::ImportImageContainer<unsigned long, double>
      Reference Count: 1
      Modified Time: 1573
      Debug: Off
      Object Name: 
      Observers: 
        none
      Pointer: 0x14c153a0d010
      Container manages memory: true
      Size: 9830400
      Capacity: 9830400

     Weighting = 1
     Sampling strategy = regular
     Number of bins = 32
     Radius = 4
     Sampling percentage  = 0.25
   Transform = Rigid
     Gradient step = 0.1
     Update field sigma (voxel space) = 0
     Total field sigma (voxel space) = 0
     Update field time sigma = 0
     Total field time sigma  = 0
     Number of time indices = 0
     Number of time point samples = 0
Registration using 1 total stages.

Stage 0
  iterations = 1000x500x250x100
  convergence threshold = 1e-06
  convergence window size = 10
  number of levels = 4
  using the Mattes MI metric (number of bins = 32, weight = 1, use gradient filter = 0)
  preprocessing:  winsorizing the image intensities
  Shrink factors (level 1 out of 4): [8, 8, 8]
  Shrink factors (level 2 out of 4): [4, 4, 4]
  Shrink factors (level 3 out of 4): [2, 2, 2]
  Shrink factors (level 4 out of 4): [1, 1, 1]
  smoothing sigmas per level: [3, 2, 1, 0]
  regular sampling (percentage = 0.25)

*** Running Euler3DTransform registration ***

DIAGNOSTIC,Iteration,metricValue,convergenceValue,ITERATION_TIME_INDEX,SINCE_LAST
 2DIAGNOSTIC,     1, -4.299060189477e-01, 1.797693134862e+308, 7.6549e-01, 7.6549e-01, 
 2DIAGNOSTIC,     2, -4.311703807429e-01, 1.797693134862e+308, 7.7123e-01, 5.7480e-03, 
 2DIAGNOSTIC,     3, -4.334997061176e-01, 1.797693134862e+308, 7.7590e-01, 4.6709e-03, 
 2DIAGNOSTIC,     4, -4.389575130370e-01, 1.797693134862e+308, 7.8121e-01, 5.3082e-03, 
 2DIAGNOSTIC,     5, -4.438813134482e-01, 1.797693134862e+308, 7.8616e-01, 4.9481e-03, 
 2DIAGNOSTIC,     6, -4.461495460377e-01, 1.797693134862e+308, 7.9116e-01, 4.9961e-03, 
 2DIAGNOSTIC,     7, -4.511407144429e-01, 1.797693134862e+308, 7.9687e-01, 5.7111e-03, 
 2DIAGNOSTIC,     8, -4.667812032718e-01, 1.797693134862e+308, 8.0239e-01, 5.5180e-03, 
 2DIAGNOSTIC,     9, -4.753090114372e-01, 1.797693134862e+308, 8.0797e-01, 5.5881e-03, 
 2DIAGNOSTIC,    10, -4.802481719655e-01, 7.481707542057e-03, 8.1349e-01, 5.5201e-03, 
 2DIAGNOSTIC,    11, -4.821261368877e-01, 7.356704266140e-03, 8.1864e-01, 5.1501e-03, 
 2DIAGNOSTIC,    12, -4.837491005316e-01, 6.749992380104e-03, 8.2459e-01, 5.9459e-03, 
 2DIAGNOSTIC,    13, -5.028244927610e-01, 6.622215038741e-03, 8.3284e-01, 8.2471e-03, 
 2DIAGNOSTIC,    14, -5.042109134423e-01, 6.183615245766e-03, 8.3759e-01, 4.7550e-03, 
 2DIAGNOSTIC,    15, -5.066116081856e-01, 5.558135432396e-03, 8.4227e-01, 4.6821e-03, 
 2DIAGNOSTIC,    16, -5.083451635857e-01, 4.676295421366e-03, 8.4761e-01, 5.3370e-03, 
 2DIAGNOSTIC,    17, -5.184993492778e-01, 3.998770501026e-03, 8.5522e-01, 7.6060e-03, 
 2DIAGNOSTIC,    18, -5.256348855901e-01, 3.769024583884e-03, 8.6012e-01, 4.9050e-03, 
 2DIAGNOSTIC,    19, -5.260487276866e-01, 3.491513202914e-03, 8.6578e-01, 5.6581e-03, 
 2DIAGNOSTIC,    20, -5.292109530700e-01, 3.174906810796e-03, 8.7123e-01, 5.4471e-03, 
 2DIAGNOSTIC,    21, -5.301818284691e-01, 2.681600080331e-03, 8.7609e-01, 4.8630e-03, 
 2DIAGNOSTIC,    22, -5.312241432840e-01, 2.041189022703e-03, 8.8157e-01, 5.4750e-03, 
 2DIAGNOSTIC,    23, -5.321371422719e-01, 1.776979547864e-03, 8.8781e-01, 6.2439e-03, 
 2DIAGNOSTIC,    24, -5.330747240529e-01, 1.429098332298e-03, 8.9298e-01, 5.1718e-03, 
 2DIAGNOSTIC,    25, -5.340979450319e-01, 1.060387701479e-03, 8.9839e-01, 5.4071e-03, 
 2DIAGNOSTIC,    26, -5.353301862790e-01, 6.839349828510e-04, 9.0497e-01, 6.5801e-03, 
 2DIAGNOSTIC,    27, -5.359877920025e-01, 5.005583458609e-04, 9.0979e-01, 4.8201e-03, 
 2DIAGNOSTIC,    28, -5.363338958546e-01, 4.385714841460e-04, 9.1489e-01, 5.0991e-03, 
 2DIAGNOSTIC,    29, -5.373050898971e-01, 3.660300864530e-04, 9.2038e-01, 5.4932e-03, 
 2DIAGNOSTIC,    30, -5.398201294211e-01, 3.715999787720e-04, 9.2641e-01, 6.0239e-03, 
 2DIAGNOSTIC,    31, -5.446420114810e-01, 4.465253322027e-04, 9.3745e-01, 1.1045e-02, 
 2DIAGNOSTIC,    32, -5.446643665996e-01, 4.912594038801e-04, 9.4246e-01, 5.0049e-03, 
 2DIAGNOSTIC,    33, -5.447645174959e-01, 5.056406061178e-04, 9.4742e-01, 4.9620e-03, 
 2DIAGNOSTIC,    34, -5.449309643281e-01, 4.904045795249e-04, 9.5214e-01, 4.7240e-03, 
 2DIAGNOSTIC,    35, -5.452044487186e-01, 4.491496329864e-04, 9.5707e-01, 4.9291e-03, 
 2DIAGNOSTIC,    36, -5.456974310300e-01, 3.933071399878e-04, 9.6199e-01, 4.9212e-03, 
 2DIAGNOSTIC,    37, -5.462998701265e-01, 3.227884561297e-04, 9.6666e-01, 4.6721e-03, 
 2DIAGNOSTIC,    38, -5.470544239779e-01, 2.429357409101e-04, 9.7152e-01, 4.8568e-03, 
 2DIAGNOSTIC,    39, -5.483332265246e-01, 1.763382392235e-04, 9.7695e-01, 5.4321e-03, 
 2DIAGNOSTIC,    40, -5.485726253119e-01, 1.327674234495e-04, 9.8196e-01, 5.0080e-03, 
 2DIAGNOSTIC,    41, -5.488484944123e-01, 1.482771431650e-04, 9.8717e-01, 5.2121e-03, 
 2DIAGNOSTIC,    42, -5.491455893703e-01, 1.532241605397e-04, 9.9218e-01, 5.0061e-03, 
 2DIAGNOSTIC,    43, -5.502462997109e-01, 1.586795905168e-04, 9.9795e-01, 5.7759e-03, 
 2DIAGNOSTIC,    44, -5.634829730019e-01, 3.167354869061e-04, 1.0052e+00, 7.1971e-03, 
 2DIAGNOSTIC,    45, -5.666139672191e-01, 4.741755160698e-04, 1.0108e+00, 5.6970e-03, 
 2DIAGNOSTIC,    46, -5.686702080461e-01, 6.104925651145e-04, 1.0162e+00, 5.3239e-03, 
 2DIAGNOSTIC,    47, -5.690851706471e-01, 6.961991701286e-04, 1.0211e+00, 4.9660e-03, 
 2DIAGNOSTIC,    48, -5.696227852975e-01, 7.258629602361e-04, 1.0263e+00, 5.2111e-03, 
 2DIAGNOSTIC,    49, -5.705355884222e-01, 7.069122006444e-04, 1.0320e+00, 5.6310e-03, 
 2DIAGNOSTIC,    50, -5.708767125886e-01, 6.263666988438e-04, 1.0375e+00, 5.4901e-03, 
 2DIAGNOSTIC,    51, -5.710062250409e-01, 4.956772180908e-04, 1.0422e+00, 4.7789e-03, 
 2DIAGNOSTIC,    52, -5.728553629664e-01, 3.473770659428e-04, 1.0479e+00, 5.6829e-03, 
 2DIAGNOSTIC,    53, -5.746070886860e-01, 1.974355989853e-04, 1.0537e+00, 5.7731e-03, 
 2DIAGNOSTIC,    54, -5.758657810370e-01, 1.792059598484e-04, 1.0589e+00, 5.1889e-03, 
 2DIAGNOSTIC,    55, -5.770024074071e-01, 1.861750325814e-04, 1.0642e+00, 5.2741e-03, 
 2DIAGNOSTIC,    56, -5.801435856399e-01, 2.252832752646e-04, 1.0717e+00, 7.5679e-03, 
 2DIAGNOSTIC,    57, -5.805736933696e-01, 2.484425769652e-04, 1.0766e+00, 4.8189e-03, 
 2DIAGNOSTIC,    58, -5.811882331733e-01, 2.574682483862e-04, 1.0813e+00, 4.7569e-03, 
 2DIAGNOSTIC,    59, -5.828997186674e-01, 2.656425132993e-04, 1.0862e+00, 4.8628e-03, 
 2DIAGNOSTIC,    60, -5.842346343423e-01, 2.628296094216e-04, 1.0917e+00, 5.5540e-03, 
 2DIAGNOSTIC,    61, -5.846088784856e-01, 2.386650373066e-04, 1.0985e+00, 6.7282e-03, 
 2DIAGNOSTIC,    62, -5.848094422080e-01, 2.101109580770e-04, 1.1037e+00, 5.2371e-03, 
 2DIAGNOSTIC,    63, -5.852831430857e-01, 1.815231918599e-04, 1.1096e+00, 5.8692e-03, 
 2DIAGNOSTIC,    64, -5.853153439838e-01, 1.470238907634e-04, 1.1145e+00, 4.9491e-03, 
 2DIAGNOSTIC,    65, -5.852035258281e-01, 1.071944513180e-04, 1.1192e+00, 4.6542e-03, 
 2DIAGNOSTIC,    66, -5.853667017346e-01, 8.520209805873e-05, 1.1244e+00, 5.1949e-03, 
 2DIAGNOSTIC,    67, -5.852933584370e-01, 5.870547079368e-05, 1.1296e+00, 5.2519e-03, 
 2DIAGNOSTIC,    68, -5.854311074364e-01, 3.305882718501e-05, 1.1345e+00, 4.8609e-03, 
 2DIAGNOSTIC,    69, -5.854313398221e-01, 1.794940587762e-05, 1.1393e+00, 4.8108e-03, 
 2DIAGNOSTIC,    70, -5.855583948774e-01, 1.267358628183e-05, 1.1439e+00, 4.6530e-03, 
 2DIAGNOSTIC,    71, -5.857584003296e-01, 1.063274074645e-05, 1.1488e+00, 4.9100e-03, 
 2DIAGNOSTIC,    72, -5.860795182571e-01, 1.135524799087e-05, 1.1536e+00, 4.7560e-03, 
 2DIAGNOSTIC,    73, -5.862537174013e-01, 1.563501066678e-05, 1.1617e+00, 8.0700e-03, 
 2DIAGNOSTIC,    74, -5.864563678443e-01, 2.003314109116e-05, 1.1665e+00, 4.7939e-03, 
 2DIAGNOSTIC,    75, -5.864244284719e-01, 2.137831919274e-05, 1.1718e+00, 5.3089e-03, 
 2DIAGNOSTIC,    76, -5.863820082185e-01, 2.153569656405e-05, 1.1766e+00, 4.7839e-03, 
 2DIAGNOSTIC,    77, -5.865519502401e-01, 2.028172376723e-05, 1.1813e+00, 4.7870e-03, 
 2DIAGNOSTIC,    78, -5.866691196893e-01, 1.881991961224e-05, 1.1865e+00, 5.1701e-03, 
 2DIAGNOSTIC,    79, -5.866347229781e-01, 1.538584004136e-05, 1.1942e+00, 7.6640e-03, 
 2DIAGNOSTIC,    80, -5.865533267778e-01, 1.093958485296e-05, 1.1990e+00, 4.8108e-03, 
 2DIAGNOSTIC,    81, -5.865836458624e-01, 7.082899257360e-06, 1.2036e+00, 4.6229e-03, 
 2DIAGNOSTIC,    82, -5.866968058152e-01, 5.391696943654e-06, 1.2087e+00, 5.1069e-03, 
 2DIAGNOSTIC,    83, -5.867142137876e-01, 4.381721342546e-06, 1.2139e+00, 5.2271e-03, 
 2DIAGNOSTIC,    84, -5.866563632325e-01, 3.942541186006e-06, 1.2188e+00, 4.8409e-03, 
 2DIAGNOSTIC,    85, -5.868327509792e-01, 4.119672788946e-06, 1.2234e+00, 4.6380e-03, 
 2DIAGNOSTIC,    86, -5.869021129026e-01, 4.034939989499e-06, 1.2303e+00, 6.8989e-03, 
 2DIAGNOSTIC,    87, -5.869432146576e-01, 4.812656519779e-06, 1.2356e+00, 5.2402e-03, 
 2DIAGNOSTIC,    88, -5.869959952736e-01, 6.161155205209e-06, 1.2416e+00, 5.9891e-03, 
 2DIAGNOSTIC,    89, -5.870682623581e-01, 7.168366269935e-06, 1.2464e+00, 4.8592e-03, 
 2DIAGNOSTIC,    90, -5.871285950965e-01, 7.357255425583e-06, 1.2519e+00, 5.4569e-03, 
 2DIAGNOSTIC,    91, -5.872057005301e-01, 7.444125849604e-06, 1.2584e+00, 6.4859e-03, 
 2DIAGNOSTIC,    92, -5.870807880125e-01, 6.780675255858e-06, 1.2639e+00, 5.5158e-03, 
 2DIAGNOSTIC,    93, -5.871926763383e-01, 6.281495203524e-06, 1.2692e+00, 5.2800e-03, 
 2DIAGNOSTIC,    94, -5.872018171679e-01, 4.906405955111e-06, 1.2740e+00, 4.8621e-03, 
 2DIAGNOSTIC,    95, -5.872060566074e-01, 4.086623816860e-06, 1.2860e+00, 1.2026e-02, 
 2DIAGNOSTIC,    96, -5.872099981035e-01, 3.325546978759e-06, 1.2910e+00, 4.9801e-03, 
 2DIAGNOSTIC,    97, -5.872176894197e-01, 2.562548256672e-06, 1.2963e+00, 5.2409e-03, 
 2DIAGNOSTIC,    98, -5.874813210615e-01, 3.256140167680e-06, 1.3024e+00, 6.1152e-03, 
 2DIAGNOSTIC,    99, -5.874861604539e-01, 3.997838838692e-06, 1.3069e+00, 4.5061e-03, 
 2DIAGNOSTIC,   100, -5.874893224555e-01, 4.702452004585e-06, 1.3119e+00, 5.0340e-03, 
 2DIAGNOSTIC,   101, -5.874931856994e-01, 5.428927198920e-06, 1.3168e+00, 4.8618e-03, 
 2DIAGNOSTIC,   102, -5.874101438221e-01, 4.578863720224e-06, 1.3215e+00, 4.6999e-03, 
 2DIAGNOSTIC,   103, -5.874120620328e-01, 3.891589166334e-06, 1.3259e+00, 4.4370e-03, 
 2DIAGNOSTIC,   104, -5.874145912577e-01, 2.920869932666e-06, 1.3303e+00, 4.3979e-03, 
 2DIAGNOSTIC,   105, -5.874185426472e-01, 1.771970608936e-06, 1.3349e+00, 4.6010e-03, 
DIAGNOSTIC,Iteration,metricValue,convergenceValue,ITERATION_TIME_INDEX,SINCE_LAST
 2DIAGNOSTIC,     1, -4.733592032650e-01, 1.797693134862e+308, 2.0838e+00, 7.4887e-01, 
 2DIAGNOSTIC,     2, -4.740950063518e-01, 1.797693134862e+308, 2.1124e+00, 2.8658e-02, 
 2DIAGNOSTIC,     3, -4.751789170216e-01, 1.797693134862e+308, 2.1415e+00, 2.9053e-02, 
 2DIAGNOSTIC,     4, -4.772205671760e-01, 1.797693134862e+308, 2.1739e+00, 3.2379e-02, 
 2DIAGNOSTIC,     5, -4.804441582354e-01, 1.797693134862e+308, 2.2048e+00, 3.0964e-02, 
 2DIAGNOSTIC,     6, -4.822972987382e-01, 1.797693134862e+308, 2.2401e+00, 3.5290e-02, 
 2DIAGNOSTIC,     7, -4.831147639542e-01, 1.797693134862e+308, 2.2719e+00, 3.1742e-02, 
 2DIAGNOSTIC,     8, -4.832714613175e-01, 1.797693134862e+308, 2.3111e+00, 3.9219e-02, 
 2DIAGNOSTIC,     9, -4.835571886039e-01, 1.797693134862e+308, 2.3667e+00, 5.5599e-02, 
 2DIAGNOSTIC,    10, -4.835828366676e-01, 1.616765682002e-03, 2.4040e+00, 3.7278e-02, 
 2DIAGNOSTIC,    11, -4.836815812010e-01, 1.231963863492e-03, 2.4377e+00, 3.3703e-02, 
 2DIAGNOSTIC,    12, -4.839487689772e-01, 8.523643037817e-04, 2.4690e+00, 3.1303e-02, 
 2DIAGNOSTIC,    13, -4.842133989285e-01, 5.161167809467e-04, 2.4985e+00, 2.9506e-02, 
 2DIAGNOSTIC,    14, -4.843541977198e-01, 2.709942864455e-04, 2.5277e+00, 2.9202e-02, 
 2DIAGNOSTIC,    15, -4.845639325189e-01, 1.679233327259e-04, 2.5605e+00, 3.2851e-02, 
 2DIAGNOSTIC,    16, -4.847638528543e-01, 1.376622508219e-04, 2.5935e+00, 3.2984e-02, 
 2DIAGNOSTIC,    17, -4.847572237045e-01, 1.263943510333e-04, 2.6229e+00, 2.9394e-02, 
 2DIAGNOSTIC,    18, -4.851203568857e-01, 1.217156237242e-04, 2.6603e+00, 3.7374e-02, 
 2DIAGNOSTIC,    19, -4.859569957646e-01, 1.410419602406e-04, 2.6936e+00, 3.3312e-02, 
 2DIAGNOSTIC,    20, -4.872271949939e-01, 1.830588679069e-04, 2.7269e+00, 3.3349e-02, 
 2DIAGNOSTIC,    21, -4.908961521670e-01, 3.089632278134e-04, 2.7568e+00, 2.9848e-02, 
 2DIAGNOSTIC,    22, -4.928172440751e-01, 4.508436358235e-04, 2.7929e+00, 3.6129e-02, 
 2DIAGNOSTIC,    23, -4.928338802863e-01, 5.453914998396e-04, 2.8363e+00, 4.3388e-02, 
 2DIAGNOSTIC,    24, -4.928621868322e-01, 5.865311072488e-04, 2.8725e+00, 3.6160e-02, 
 2DIAGNOSTIC,    25, -4.928596111547e-01, 5.740968387219e-04, 2.9121e+00, 3.9623e-02, 
 2DIAGNOSTIC,    26, -4.928551353181e-01, 5.119666358987e-04, 2.9551e+00, 4.2986e-02, 
 2DIAGNOSTIC,    27, -4.928561569528e-01, 4.057670227083e-04, 2.9876e+00, 3.2500e-02, 
 2DIAGNOSTIC,    28, -4.928422933806e-01, 2.773509475120e-04, 3.0230e+00, 3.5451e-02, 
 2DIAGNOSTIC,    29, -4.928432714977e-01, 1.495512247613e-04, 3.0585e+00, 3.5508e-02, 
 2DIAGNOSTIC,    30, -4.928285721358e-01, 3.925705973264e-05, 3.0915e+00, 3.2998e-02, 
DIAGNOSTIC,Iteration,metricValue,convergenceValue,ITERATION_TIME_INDEX,SINCE_LAST
 2DIAGNOSTIC,     1, -4.345534348881e-01, 1.797693134862e+308, 4.1882e+00, 1.0967e+00, 
 2DIAGNOSTIC,     2, -4.347690279881e-01, 1.797693134862e+308, 4.4212e+00, 2.3304e-01, 
 2DIAGNOSTIC,     3, -4.349280194763e-01, 1.797693134862e+308, 4.6602e+00, 2.3896e-01, 
 2DIAGNOSTIC,     4, -4.350833346963e-01, 1.797693134862e+308, 4.9290e+00, 2.6881e-01, 
 2DIAGNOSTIC,     5, -4.351936020697e-01, 1.797693134862e+308, 5.2364e+00, 3.0738e-01, 
 2DIAGNOSTIC,     6, -4.352148764874e-01, 1.797693134862e+308, 5.4741e+00, 2.3776e-01, 
 2DIAGNOSTIC,     7, -4.352317259905e-01, 1.797693134862e+308, 5.7369e+00, 2.6275e-01, 
 2DIAGNOSTIC,     8, -4.352273812971e-01, 1.797693134862e+308, 6.1430e+00, 4.0609e-01, 
 2DIAGNOSTIC,     9, -4.352282587213e-01, 1.797693134862e+308, 6.4197e+00, 2.7672e-01, 
 2DIAGNOSTIC,    10, -4.352272089982e-01, 9.188968146590e-05, 6.6910e+00, 2.7127e-01, 
 2DIAGNOSTIC,    11, -4.352269441696e-01, 5.275194398495e-05, 6.9740e+00, 2.8299e-01, 
 2DIAGNOSTIC,    12, -4.352237907501e-01, 2.716608750762e-05, 7.2730e+00, 2.9901e-01, 
 2DIAGNOSTIC,    13, -4.352234953726e-01, 1.114241214918e-05, 7.5077e+00, 2.3478e-01, 
 2DIAGNOSTIC,    14, -4.352219396241e-01, 3.668501869503e-06, 7.8937e+00, 3.8591e-01, 
 2DIAGNOSTIC,    15, -4.352208556117e-01, 1.797759842936e-06, 8.2376e+00, 3.4391e-01, 
 2DIAGNOSTIC,    16, -4.352199429913e-01, 1.001653532173e-06, 8.5625e+00, 3.2495e-01, 
 2DIAGNOSTIC,    17, -4.352210710658e-01, 1.086988107787e-06, 8.8206e+00, 2.5805e-01, 
 2DIAGNOSTIC,    18, -4.352192678545e-01, 1.009320234772e-06, 9.1201e+00, 2.9952e-01, 
 2DIAGNOSTIC,    19, -4.352200099476e-01, 1.067730313845e-06, 9.4290e+00, 3.0896e-01, 
 2DIAGNOSTIC,    20, -4.352198701937e-01, 1.136785901995e-06, 9.6711e+00, 2.4203e-01, 
 2DIAGNOSTIC,    21, -4.352201456225e-01, 1.243759319217e-06, 9.9329e+00, 2.6180e-01, 
 2DIAGNOSTIC,    22, -4.352196799142e-01, 1.257873220369e-06, 1.0158e+01, 2.2524e-01, 
 2DIAGNOSTIC,    23, -4.352203649440e-01, 1.300982244788e-06, 1.0418e+01, 2.5994e-01, 
 2DIAGNOSTIC,    24, -4.352216486318e-01, 1.341146827920e-06, 1.0700e+01, 2.8158e-01, 
 2DIAGNOSTIC,    25, -4.352276144194e-01, 1.503456904417e-06, 1.0957e+01, 2.5709e-01, 
 2DIAGNOSTIC,    26, -4.352270872475e-01, 1.590668128784e-06, 1.1223e+01, 2.6603e-01, 
 2DIAGNOSTIC,    27, -4.352258119954e-01, 1.637411830013e-06, 1.1493e+01, 2.7064e-01, 
 2DIAGNOSTIC,    28, -4.352260278580e-01, 1.602685874888e-06, 1.1777e+01, 2.8341e-01, 
 2DIAGNOSTIC,    29, -4.352253354923e-01, 1.525686047964e-06, 1.2022e+01, 2.4538e-01, 
 2DIAGNOSTIC,    30, -4.352246062118e-01, 1.392103669395e-06, 1.2301e+01, 2.7881e-01, 
 2DIAGNOSTIC,    31, -4.352238856735e-01, 1.227421232097e-06, 1.2572e+01, 2.7071e-01, 
 2DIAGNOSTIC,    32, -4.352239346246e-01, 1.047838935328e-06, 1.2864e+01, 2.9191e-01, 
DIAGNOSTIC,Iteration,metricValue,convergenceValue,ITERATION_TIME_INDEX,SINCE_LAST
 2DIAGNOSTIC,     1, -4.018488237025e-01, 1.797693134862e+308, 1.5652e+01, 2.7881e+00, 
 2DIAGNOSTIC,     2, -4.018947340987e-01, 1.797693134862e+308, 1.7240e+01, 1.5878e+00, 
 2DIAGNOSTIC,     3, -4.019000824667e-01, 1.797693134862e+308, 1.8940e+01, 1.7009e+00, 
 2DIAGNOSTIC,     4, -4.019012008484e-01, 1.797693134862e+308, 2.0421e+01, 1.4806e+00, 
 2DIAGNOSTIC,     5, -4.019011238861e-01, 1.797693134862e+308, 2.2542e+01, 2.1206e+00, 
 2DIAGNOSTIC,     6, -4.019008642641e-01, 1.797693134862e+308, 2.4202e+01, 1.6599e+00, 
 2DIAGNOSTIC,     7, -4.019001490029e-01, 1.797693134862e+308, 2.5849e+01, 1.6478e+00, 
 2DIAGNOSTIC,     8, -4.019000774217e-01, 1.797693134862e+308, 2.8092e+01, 2.2428e+00, 
 2DIAGNOSTIC,     9, -4.019001194539e-01, 1.797693134862e+308, 2.9707e+01, 1.6144e+00, 
 2DIAGNOSTIC,    10, -4.019000815401e-01, 7.100538066823e-06, 3.1202e+01, 1.4956e+00, 
 2DIAGNOSTIC,    11, -4.019000429306e-01, 3.145270928345e-06, 3.3033e+01, 1.8304e+00, 
 2DIAGNOSTIC,    12, -4.018998955682e-01, 2.515916285403e-06, 3.4914e+01, 1.8815e+00, 
 2DIAGNOSTIC,    13, -4.018998206424e-01, 2.280783308328e-06, 3.6460e+01, 1.5465e+00, 
 2DIAGNOSTIC,    14, -4.018996670760e-01, 2.142404351396e-06, 3.8068e+01, 1.6070e+00, 
 2DIAGNOSTIC,    15, -4.018996818131e-01, 2.031358356094e-06, 3.9463e+01, 1.3959e+00, 
 2DIAGNOSTIC,    16, -4.018997933922e-01, 1.936644701078e-06, 4.0958e+01, 1.4944e+00, 
 2DIAGNOSTIC,    17, -4.018999095071e-01, 1.832862917141e-06, 4.2376e+01, 1.4182e+00, 
 2DIAGNOSTIC,    18, -4.018998723999e-01, 1.739818690658e-06, 4.3963e+01, 1.5874e+00, 
 2DIAGNOSTIC,    19, -4.018998551247e-01, 1.660228023691e-06, 4.5440e+01, 1.4766e+00, 
 2DIAGNOSTIC,    20, -4.018997512236e-01, 1.584880724596e-06, 4.7025e+01, 1.5844e+00, 
 2DIAGNOSTIC,    21, -4.018998524742e-01, 1.519362990463e-06, 4.8629e+01, 1.6041e+00, 
 2DIAGNOSTIC,    22, -4.018999431127e-01, 1.457351875234e-06, 5.0171e+01, 1.5425e+00, 
 2DIAGNOSTIC,    23, -4.018998277520e-01, 1.393922812516e-06, 5.1743e+01, 1.5719e+00, 
 2DIAGNOSTIC,    24, -4.018998078201e-01, 1.329933159822e-06, 5.3614e+01, 1.8712e+00, 
 2DIAGNOSTIC,    25, -4.018997371826e-01, 1.269048981518e-06, 5.5120e+01, 1.5056e+00, 
 2DIAGNOSTIC,    26, -4.018995740245e-01, 1.211602779126e-06, 5.6503e+01, 1.3832e+00, 
 2DIAGNOSTIC,    27, -4.018995049122e-01, 1.160791101164e-06, 5.7863e+01, 1.3597e+00, 
 2DIAGNOSTIC,    28, -4.018994485966e-01, 1.112922972932e-06, 5.9346e+01, 1.4830e+00, 
 2DIAGNOSTIC,    29, -4.018994709677e-01, 1.070784576805e-06, 6.0871e+01, 1.5249e+00, 
 2DIAGNOSTIC,    30, -4.018994108664e-01, 1.029958373602e-06, 6.2571e+01, 1.7003e+00, 
  Elapsed time (stage 0): 6.3423e+01


Total elapsed time: 6.3426e+01
Info [verificarlo]: loaded backend libinterflop_ieee.so
Info [interflop-ieee]: load backend with:
Info [interflop-ieee]: debug = false
Info [interflop-ieee]: debug-binary = false
Info [interflop-ieee]: no-backend-name = false
Info [interflop-ieee]: print-new-line = false
Info [interflop-ieee]: print-subnormal-normalized = false
Info [interflop-ieee]: count-op = false
All_Command_lines_OK
Using double precision for computations.
=============================================================================
The composite transform comprises the following transforms (in order): 
  1. /home/mdugre/scratch/mri-registration-rp/datasets/ds004513/derivatives/mri-registration-rp/0001/antsRegistration-r8-p20/sub-s037/rigid_Composite.h5[0] (type = Euler3DTransform)
  2. /home/mdugre/scratch/mri-registration-rp/datasets/ds004513/derivatives/mri-registration-rp/0001/antsRegistration-r8-p20/sub-s037/rigid_Composite.h5[1] (type = Euler3DTransform)
  3. /home/mdugre/scratch/mri-registration-rp/datasets/ds004513/derivatives/mri-registration-rp/0001/antsRegistration-r8-p20/sub-s037/rigid_Composite.h5[2] (type = Euler3DTransform)
=============================================================================
  number of levels = 4
  fixed image: /templateflow/tpl-MNI152NLin2009cAsym/tpl-MNI152NLin2009cAsym_res-01_desc-brain_T1w.nii.gz
  moving image: /home/mdugre/scratch/mri-registration-rp/datasets/ds004513/derivatives/mri-registration-rp/antsBrainExtraction/sub-s037/BrainExtractionBrain.nii.gz
Dimension = 3
Number of stages = 1
Use histogram matching = false
Winsorize image intensities = true
  Lower quantile = 0.005
  Upper quantile = 0.995


Stage 1 State
   Image metric = MattesMI
     Fixed image = Image (0x375f7e0)
  RTTI typeinfo:   itk::Image<double, 3u>
  Reference Count: 2
  Modified Time: 1592
  Debug: Off
  Object Name: 
  Observers: 
    none
  Source: (none)
  Source output name: (none)
  Release Data: Off
  Data Released: False
  Global Release Data: Off
  PipelineMTime: 0
  UpdateMTime: 1203
  RealTimeStamp: 0 seconds 
  LargestPossibleRegion: 
    Dimension: 3
    Index: [0, 0, 0]
    Size: [193, 229, 193]
  BufferedRegion: 
    Dimension: 3
    Index: [0, 0, 0]
    Size: [193, 229, 193]
  RequestedRegion: 
    Dimension: 3
    Index: [0, 0, 0]
    Size: [193, 229, 193]
  Spacing: [1, 1, 1]
  Origin: [96, 132, -78]
  Direction: 
-1 0 0
0 -1 0
0 0 1

  IndexToPointMatrix: 
-1 0 0
0 -1 0
0 0 1

  PointToIndexMatrix: 
-1 0 0
0 -1 0
0 0 1

  Inverse Direction: 
-1 0 0
0 -1 0
0 0 1

  PixelContainer: 
    ImportImageContainer (0x381fa20)
      RTTI typeinfo:   itk::ImportImageContainer<unsigned long, double>
      Reference Count: 1
      Modified Time: 1200
      Debug: Off
      Object Name: 
      Observers: 
        none
      Pointer: 0x14e2968b0010
      Container manages memory: true
      Size: 8530021
      Capacity: 8530021

     Moving image = Image (0x381ad70)
  RTTI typeinfo:   itk::Image<double, 3u>
  Reference Count: 2
  Modified Time: 1593
  Debug: Off
  Object Name: 
  Observers: 
    none
  Source: (none)
  Source output name: (none)
  Release Data: Off
  Data Released: False
  Global Release Data: Off
  PipelineMTime: 0
  UpdateMTime: 1590
  RealTimeStamp: 0 seconds 
  LargestPossibleRegion: 
    Dimension: 3
    Index: [0, 0, 0]
    Size: [160, 240, 256]
  BufferedRegion: 
    Dimension: 3
    Index: [0, 0, 0]
    Size: [160, 240, 256]
  RequestedRegion: 
    Dimension: 3
    Index: [0, 0, 0]
    Size: [160, 240, 256]
  Spacing: [1, 1, 1]
  Origin: [87.9508, 102.562, -147.639]
  Direction: 
-0.998659 -0.0436121 -0.0279129
0.043595 -0.999049 0.00121847
-0.0279395 -2.65543e-08 0.99961

  IndexToPointMatrix: 
-0.998659 -0.0436121 -0.0279129
0.043595 -0.999049 0.00121847
-0.0279395 -2.65543e-08 0.99961

  PointToIndexMatrix: 
-0.998659 0.043595 -0.0279395
-0.0436121 -0.999049 -2.65517e-08
-0.0279129 0.00121847 0.99961

  Inverse Direction: 
-0.998659 0.043595 -0.0279395
-0.0436121 -0.999049 -2.65517e-08
-0.0279129 0.00121847 0.99961

  PixelContainer: 
    ImportImageContainer (0x37d2c90)
      RTTI typeinfo:   itk::ImportImageContainer<unsigned long, double>
      Reference Count: 1
      Modified Time: 1587
      Debug: Off
      Object Name: 
      Observers: 
        none
      Pointer: 0x14e291daf010
      Container manages memory: true
      Size: 9830400
      Capacity: 9830400

     Weighting = 1
     Sampling strategy = regular
     Number of bins = 32
     Radius = 4
     Sampling percentage  = 0.25
   Transform = Affine
     Gradient step = 0.1
     Update field sigma (voxel space) = 0
     Total field sigma (voxel space) = 0
     Update field time sigma = 0
     Total field time sigma  = 0
     Number of time indices = 0
     Number of time point samples = 0
Registration using 1 total stages.

Stage 0
  iterations = 1000x500x250x100
  convergence threshold = 1e-06
  convergence window size = 10
  number of levels = 4
  using the Mattes MI metric (number of bins = 32, weight = 1, use gradient filter = 0)
  preprocessing:  winsorizing the image intensities
  Shrink factors (level 1 out of 4): [8, 8, 8]
  Shrink factors (level 2 out of 4): [4, 4, 4]
  Shrink factors (level 3 out of 4): [2, 2, 2]
  Shrink factors (level 4 out of 4): [1, 1, 1]
  smoothing sigmas per level: [3, 2, 1, 0]
  regular sampling (percentage = 0.25)

*** Running AffineTransform registration ***

DIAGNOSTIC,Iteration,metricValue,convergenceValue,ITERATION_TIME_INDEX,SINCE_LAST
 2DIAGNOSTIC,     1, -5.859957090333e-01, 1.797693134862e+308, 7.9982e-01, 7.9982e-01, 
 2DIAGNOSTIC,     2, -5.879543862281e-01, 1.797693134862e+308, 8.0550e-01, 5.6801e-03, 
 2DIAGNOSTIC,     3, -5.909064838440e-01, 1.797693134862e+308, 8.1158e-01, 6.0830e-03, 
 2DIAGNOSTIC,     4, -5.952333129155e-01, 1.797693134862e+308, 8.1815e-01, 6.5701e-03, 
 2DIAGNOSTIC,     5, -6.024838008849e-01, 1.797693134862e+308, 8.2400e-01, 5.8491e-03, 
 2DIAGNOSTIC,     6, -6.111656887694e-01, 1.797693134862e+308, 8.3020e-01, 6.2001e-03, 
 2DIAGNOSTIC,     7, -6.375972867875e-01, 1.797693134862e+308, 8.3685e-01, 6.6490e-03, 
 2DIAGNOSTIC,     8, -6.732006763589e-01, 1.797693134862e+308, 8.4820e-01, 1.1348e-02, 
 2DIAGNOSTIC,     9, -6.740713933559e-01, 1.797693134862e+308, 8.5454e-01, 6.3441e-03, 
 2DIAGNOSTIC,    10, -6.775677734321e-01, 1.120531960064e-02, 8.6012e-01, 5.5761e-03, 
 2DIAGNOSTIC,    11, -6.824936600499e-01, 1.080581240306e-02, 8.6558e-01, 5.4681e-03, 
 2DIAGNOSTIC,    12, -6.863204230370e-01, 9.704824233523e-03, 8.7120e-01, 5.6159e-03, 
 2DIAGNOSTIC,    13, -6.904035897200e-01, 8.132537370282e-03, 8.7684e-01, 5.6410e-03, 
 2DIAGNOSTIC,    14, -7.045866138425e-01, 6.648218173338e-03, 8.8398e-01, 7.1368e-03, 
 2DIAGNOSTIC,    15, -7.077563920933e-01, 5.088148609272e-03, 8.9084e-01, 6.8660e-03, 
 2DIAGNOSTIC,    16, -7.104784624953e-01, 3.579075796329e-03, 8.9775e-01, 6.9110e-03, 
 2DIAGNOSTIC,    17, -7.127099359363e-01, 2.644650106064e-03, 9.0434e-01, 6.5882e-03, 
 2DIAGNOSTIC,    18, -7.138084858721e-01, 2.459810683616e-03, 9.1109e-01, 6.7511e-03, 
 2DIAGNOSTIC,    19, -7.148708766912e-01, 2.108154996035e-03, 9.1688e-01, 5.7859e-03, 
 2DIAGNOSTIC,    20, -7.162453906216e-01, 1.700841784611e-03, 9.2486e-01, 7.9820e-03, 
 2DIAGNOSTIC,    21, -7.162630889591e-01, 1.279898851762e-03, 9.3056e-01, 5.6970e-03, 
 2DIAGNOSTIC,    22, -7.164628327809e-01, 8.604812578480e-04, 9.3629e-01, 5.7290e-03, 
 2DIAGNOSTIC,    23, -7.170467532827e-01, 4.796544358712e-04, 9.4273e-01, 6.4440e-03, 
 2DIAGNOSTIC,    24, -7.174417676644e-01, 3.435112933635e-04, 9.4991e-01, 7.1740e-03, 
 2DIAGNOSTIC,    25, -7.176037619652e-01, 2.420390934795e-04, 9.5733e-01, 7.4229e-03, 
 2DIAGNOSTIC,    26, -7.178053394408e-01, 1.730532658838e-04, 9.6397e-01, 6.6371e-03, 
 2DIAGNOSTIC,    27, -7.177264383939e-01, 1.267885371907e-04, 9.7035e-01, 6.3851e-03, 
 2DIAGNOSTIC,    28, -7.177158852222e-01, 8.818858503065e-05, 9.7615e-01, 5.7991e-03, 
 2DIAGNOSTIC,    29, -7.174516511804e-01, 5.507863116346e-05, 9.8183e-01, 5.6779e-03, 
 2DIAGNOSTIC,    30, -7.175504471988e-01, 3.985444073966e-05, 9.8986e-01, 8.0340e-03, 
 2DIAGNOSTIC,    31, -7.176106131067e-01, 2.301847192585e-05, 9.9616e-01, 6.3009e-03, 
 2DIAGNOSTIC,    32, -7.173814501842e-01, 4.652868647440e-06, 1.0019e+00, 5.7659e-03, 
DIAGNOSTIC,Iteration,metricValue,convergenceValue,ITERATION_TIME_INDEX,SINCE_LAST
 2DIAGNOSTIC,     1, -5.914099948898e-01, 1.797693134862e+308, 1.8087e+00, 8.0681e-01, 
 2DIAGNOSTIC,     2, -5.922461264211e-01, 1.797693134862e+308, 1.8475e+00, 3.8732e-02, 
 2DIAGNOSTIC,     3, -5.933216793275e-01, 1.797693134862e+308, 1.8864e+00, 3.8935e-02, 
 2DIAGNOSTIC,     4, -5.946455662458e-01, 1.797693134862e+308, 1.9294e+00, 4.3027e-02, 
 2DIAGNOSTIC,     5, -5.961948687389e-01, 1.797693134862e+308, 1.9679e+00, 3.8512e-02, 
 2DIAGNOSTIC,     6, -5.973276054426e-01, 1.797693134862e+308, 2.0060e+00, 3.8079e-02, 
 2DIAGNOSTIC,     7, -5.985747032241e-01, 1.797693134862e+308, 2.0481e+00, 4.2076e-02, 
 2DIAGNOSTIC,     8, -5.998646531251e-01, 1.797693134862e+308, 2.0971e+00, 4.9041e-02, 
 2DIAGNOSTIC,     9, -6.005063818465e-01, 1.797693134862e+308, 2.1458e+00, 4.8632e-02, 
 2DIAGNOSTIC,    10, -6.005097491202e-01, 1.095850737752e-03, 2.1875e+00, 4.1695e-02, 
 2DIAGNOSTIC,    11, -6.005259365933e-01, 8.944138494945e-04, 2.2283e+00, 4.0824e-02, 
 2DIAGNOSTIC,    12, -6.005274475098e-01, 6.796829891391e-04, 2.2770e+00, 4.8673e-02, 
 2DIAGNOSTIC,    13, -6.005157133744e-01, 4.749125785717e-04, 2.3185e+00, 4.1502e-02, 
 2DIAGNOSTIC,    14, -6.005033935450e-01, 3.003278122682e-04, 2.3539e+00, 3.5454e-02, 
 2DIAGNOSTIC,    15, -6.004946111852e-01, 1.707921139933e-04, 2.3955e+00, 4.1621e-02, 
 2DIAGNOSTIC,    16, -6.004915026589e-01, 7.530945564188e-05, 2.4356e+00, 4.0027e-02, 
 2DIAGNOSTIC,    17, -6.004876658599e-01, 1.828377616021e-05, 2.4767e+00, 4.1154e-02, 
DIAGNOSTIC,Iteration,metricValue,convergenceValue,ITERATION_TIME_INDEX,SINCE_LAST
 2DIAGNOSTIC,     1, -5.247420631277e-01, 1.797693134862e+308, 3.6217e+00, 1.1450e+00, 
 2DIAGNOSTIC,     2, -5.250265445931e-01, 1.797693134862e+308, 3.9704e+00, 3.4875e-01, 
 2DIAGNOSTIC,     3, -5.253760136074e-01, 1.797693134862e+308, 4.3330e+00, 3.6259e-01, 
 2DIAGNOSTIC,     4, -5.257894550269e-01, 1.797693134862e+308, 4.6933e+00, 3.6031e-01, 
 2DIAGNOSTIC,     5, -5.263677624735e-01, 1.797693134862e+308, 5.0466e+00, 3.5325e-01, 
 2DIAGNOSTIC,     6, -5.269829114524e-01, 1.797693134862e+308, 5.4457e+00, 3.9907e-01, 
 2DIAGNOSTIC,     7, -5.275545405819e-01, 1.797693134862e+308, 5.9072e+00, 4.6154e-01, 
 2DIAGNOSTIC,     8, -5.276106125398e-01, 1.797693134862e+308, 6.2408e+00, 3.3357e-01, 
 2DIAGNOSTIC,     9, -5.276621349680e-01, 1.797693134862e+308, 6.6870e+00, 4.4620e-01, 
 2DIAGNOSTIC,    10, -5.276847210336e-01, 4.209956883153e-04, 7.0038e+00, 3.1686e-01, 
 2DIAGNOSTIC,    11, -5.277247115484e-01, 3.318546206884e-04, 7.3376e+00, 3.3377e-01, 
 2DIAGNOSTIC,    12, -5.277905809392e-01, 2.435105756248e-04, 7.6430e+00, 3.0534e-01, 
 2DIAGNOSTIC,    13, -5.280044611852e-01, 1.704493060353e-04, 8.2691e+00, 6.2618e-01, 
 2DIAGNOSTIC,    14, -5.280034527733e-01, 1.082634245067e-04, 8.5797e+00, 3.1053e-01, 
