
##########################
# Experiment information #
##########################

EXPERIMENT_NAME: antsRegistration-r7-p10
VFC_BACKENDS: libinterflop_vprec.so --range-binary32=7 --precision-binary32=10 --range-binary64=7 --precision-binary64=10

SIF_IMG: /home/mdugre/projects/rrg-glatard/mdugre/containers/ants-vprec-no_metrics.simg

SUBJECT_ID: s003
INPUT_IMG: /home/mdugre/scratch/mri-registration-rp/datasets/ds004513/derivatives/mri-registration-rp/antsBrainExtraction/sub-s003/BrainExtractionBrain.nii.gz
OUTPUT_DIR: /home/mdugre/scratch/mri-registration-rp/datasets/ds004513/derivatives/mri-registration-rp/0001/antsRegistration-r7-p10/sub-s003

FIXED_IMG: /templateflow/tpl-MNI152NLin2009cAsym/tpl-MNI152NLin2009cAsym_res-01_desc-brain_T1w.nii.gz
DATA_DIR: /home/mdugre/scratch/mri-registration-rp/datasets/ds004513
TEMPLATEFLOW_DIR: /home/mdugre/projects/rrg-glatard/mdugre/templateflow
ITK_GLOBAL_DEFAULT_NUMBER_OF_THREADS: 16
##########################

Info [verificarlo]: loaded backend libinterflop_ieee.so
Info [interflop-ieee]: load backend with:
Info [interflop-ieee]: debug = false
Info [interflop-ieee]: debug-binary = false
Info [interflop-ieee]: no-backend-name = false
Info [interflop-ieee]: print-new-line = false
Info [interflop-ieee]: print-subnormal-normalized = false
Info [interflop-ieee]: count-op = false
All_Command_lines_OK
Using double precision for computations.
=============================================================================
The composite transform comprises the following transforms (in order): 
  1. Center of mass alignment using fixed image: /templateflow/tpl-MNI152NLin2009cAsym/tpl-MNI152NLin2009cAsym_res-01_desc-brain_T1w.nii.gz and moving image: /home/mdugre/scratch/mri-registration-rp/datasets/ds004513/derivatives/mri-registration-rp/antsBrainExtraction/sub-s003/BrainExtractionBrain.nii.gz (type = Euler3DTransform)
=============================================================================
  number of levels = 1
  fixed image: /templateflow/tpl-MNI152NLin2009cAsym/tpl-MNI152NLin2009cAsym_res-01_desc-brain_T1w.nii.gz
  moving image: /home/mdugre/scratch/mri-registration-rp/datasets/ds004513/derivatives/mri-registration-rp/antsBrainExtraction/sub-s003/BrainExtractionBrain.nii.gz
Dimension = 3
Number of stages = 1
Use histogram matching = false
Winsorize image intensities = true
  Lower quantile = 0.005
  Upper quantile = 0.995


Stage 1 State
   Image metric = MattesMI
     Fixed image = Image (0x47eee70)
  RTTI typeinfo:   itk::Image<double, 3u>
  Reference Count: 2
  Modified Time: 2334
  Debug: Off
  Object Name: 
  Observers: 
    none
  Source: (none)
  Source output name: (none)
  Release Data: Off
  Data Released: False
  Global Release Data: Off
  PipelineMTime: 0
  UpdateMTime: 1943
  RealTimeStamp: 0 seconds 
  LargestPossibleRegion: 
    Dimension: 3
    Index: [0, 0, 0]
    Size: [193, 229, 193]
  BufferedRegion: 
    Dimension: 3
    Index: [0, 0, 0]
    Size: [193, 229, 193]
  RequestedRegion: 
    Dimension: 3
    Index: [0, 0, 0]
    Size: [193, 229, 193]
  Spacing: [1, 1, 1]
  Origin: [96, 132, -78]
  Direction: 
-1 0 0
0 -1 0
0 0 1

  IndexToPointMatrix: 
-1 0 0
0 -1 0
0 0 1

  PointToIndexMatrix: 
-1 0 0
0 -1 0
0 0 1

  Inverse Direction: 
-1 0 0
0 -1 0
0 0 1

  PixelContainer: 
    ImportImageContainer (0x47fb140)
      RTTI typeinfo:   itk::ImportImageContainer<unsigned long, double>
      Reference Count: 1
      Modified Time: 1940
      Debug: Off
      Object Name: 
      Observers: 
        none
      Pointer: 0x147ccb57c010
      Container manages memory: true
      Size: 8530021
      Capacity: 8530021

     Moving image = Image (0x47f8310)
  RTTI typeinfo:   itk::Image<double, 3u>
  Reference Count: 2
  Modified Time: 2335
  Debug: Off
  Object Name: 
  Observers: 
    none
  Source: (none)
  Source output name: (none)
  Release Data: Off
  Data Released: False
  Global Release Data: Off
  PipelineMTime: 0
  UpdateMTime: 2332
  RealTimeStamp: 0 seconds 
  LargestPossibleRegion: 
    Dimension: 3
    Index: [0, 0, 0]
    Size: [176, 240, 256]
  BufferedRegion: 
    Dimension: 3
    Index: [0, 0, 0]
    Size: [176, 240, 256]
  RequestedRegion: 
    Dimension: 3
    Index: [0, 0, 0]
    Size: [176, 240, 256]
  Spacing: [0.999999, 1, 1]
  Origin: [93.3499, 86.9368, -128.957]
  Direction: 
-0.999513 -0.0279216 -0.0139567
0.0279189 -0.99961 0.000389866
-0.0139622 2.01492e-08 0.999903

  IndexToPointMatrix: 
-0.999512 -0.0279216 -0.0139567
0.0279189 -0.99961 0.000389866
-0.0139621 2.01492e-08 0.999903

  PointToIndexMatrix: 
-0.999514 0.0279189 -0.0139622
-0.0279216 -0.99961 2.01716e-08
-0.0139567 0.000389866 0.999903

  Inverse Direction: 
-0.999513 0.0279189 -0.0139622
-0.0279216 -0.99961 2.01716e-08
-0.0139567 0.000389866 0.999903

  PixelContainer: 
    ImportImageContainer (0x4923610)
      RTTI typeinfo:   itk::ImportImageContainer<unsigned long, double>
      Reference Count: 1
      Modified Time: 2329
      Debug: Off
      Object Name: 
      Observers: 
        none
      Pointer: 0x147cc62fb010
      Container manages memory: true
      Size: 10813440
      Capacity: 10813440

     Weighting = 1
     Sampling strategy = regular
     Number of bins = 32
     Radius = 4
     Sampling percentage  = 0.25
   Transform = Rigid
     Gradient step = 0.1
     Update field sigma (voxel space) = 0
     Total field sigma (voxel space) = 0
     Update field time sigma = 0
     Total field time sigma  = 0
     Number of time indices = 0
     Number of time point samples = 0
Registration using 1 total stages.

Stage 0
  iterations = 0
  convergence threshold = 1e-06
  convergence window size = 10
  number of levels = 1
  using the Mattes MI metric (number of bins = 32, weight = 1, use gradient filter = 0)
  preprocessing:  winsorizing the image intensities
  Shrink factors (level 1 out of 1): [1, 1, 1]
  smoothing sigmas per level: [0]
  regular sampling (percentage = 0.25)

*** Running Euler3DTransform registration ***

  Elapsed time (stage 0): 1.20374


Total elapsed time: 1.21061
Info [verificarlo]: loaded backend libinterflop_ieee.so
Info [interflop-ieee]: load backend with:
Info [interflop-ieee]: debug = false
Info [interflop-ieee]: debug-binary = false
Info [interflop-ieee]: no-backend-name = false
Info [interflop-ieee]: print-new-line = false
Info [interflop-ieee]: print-subnormal-normalized = false
Info [interflop-ieee]: count-op = false
All_Command_lines_OK
Using double precision for computations.
=============================================================================
The composite transform comprises the following transforms (in order): 
  1. /home/mdugre/scratch/mri-registration-rp/datasets/ds004513/derivatives/mri-registration-rp/0001/antsRegistration-r7-p10/sub-s003/align_Composite.h5[0] (type = Euler3DTransform)
  2. /home/mdugre/scratch/mri-registration-rp/datasets/ds004513/derivatives/mri-registration-rp/0001/antsRegistration-r7-p10/sub-s003/align_Composite.h5[1] (type = Euler3DTransform)
=============================================================================
  number of levels = 4
  fixed image: /templateflow/tpl-MNI152NLin2009cAsym/tpl-MNI152NLin2009cAsym_res-01_desc-brain_T1w.nii.gz
  moving image: /home/mdugre/scratch/mri-registration-rp/datasets/ds004513/derivatives/mri-registration-rp/antsBrainExtraction/sub-s003/BrainExtractionBrain.nii.gz
Dimension = 3
Number of stages = 1
Use histogram matching = false
Winsorize image intensities = true
  Lower quantile = 0.005
  Upper quantile = 0.995


Stage 1 State
   Image metric = MattesMI
     Fixed image = Image (0x3710530)
  RTTI typeinfo:   itk::Image<double, 3u>
  Reference Count: 2
  Modified Time: 1580
  Debug: Off
  Object Name: 
  Observers: 
    none
  Source: (none)
  Source output name: (none)
  Release Data: Off
  Data Released: False
  Global Release Data: Off
  PipelineMTime: 0
  UpdateMTime: 1189
  RealTimeStamp: 0 seconds 
  LargestPossibleRegion: 
    Dimension: 3
    Index: [0, 0, 0]
    Size: [193, 229, 193]
  BufferedRegion: 
    Dimension: 3
    Index: [0, 0, 0]
    Size: [193, 229, 193]
  RequestedRegion: 
    Dimension: 3
    Index: [0, 0, 0]
    Size: [193, 229, 193]
  Spacing: [1, 1, 1]
  Origin: [96, 132, -78]
  Direction: 
-1 0 0
0 -1 0
0 0 1

  IndexToPointMatrix: 
-1 0 0
0 -1 0
0 0 1

  PointToIndexMatrix: 
-1 0 0
0 -1 0
0 0 1

  Inverse Direction: 
-1 0 0
0 -1 0
0 0 1

  PixelContainer: 
    ImportImageContainer (0x37ced60)
      RTTI typeinfo:   itk::ImportImageContainer<unsigned long, double>
      Reference Count: 1
      Modified Time: 1186
      Debug: Off
      Object Name: 
      Observers: 
        none
      Pointer: 0x14b6c99d8010
      Container manages memory: true
      Size: 8530021
      Capacity: 8530021

     Moving image = Image (0x37c0f60)
  RTTI typeinfo:   itk::Image<double, 3u>
  Reference Count: 2
  Modified Time: 1581
  Debug: Off
  Object Name: 
  Observers: 
    none
  Source: (none)
  Source output name: (none)
  Release Data: Off
  Data Released: False
  Global Release Data: Off
  PipelineMTime: 0
  UpdateMTime: 1578
  RealTimeStamp: 0 seconds 
  LargestPossibleRegion: 
    Dimension: 3
    Index: [0, 0, 0]
    Size: [176, 240, 256]
  BufferedRegion: 
    Dimension: 3
    Index: [0, 0, 0]
    Size: [176, 240, 256]
  RequestedRegion: 
    Dimension: 3
    Index: [0, 0, 0]
    Size: [176, 240, 256]
  Spacing: [0.999999, 1, 1]
  Origin: [93.3499, 86.9368, -128.957]
  Direction: 
-0.999513 -0.0279216 -0.0139567
0.0279189 -0.99961 0.000389866
-0.0139622 2.01492e-08 0.999903

  IndexToPointMatrix: 
-0.999512 -0.0279216 -0.0139567
0.0279189 -0.99961 0.000389866
-0.0139621 2.01492e-08 0.999903

  PointToIndexMatrix: 
-0.999514 0.0279189 -0.0139622
-0.0279216 -0.99961 2.01716e-08
-0.0139567 0.000389866 0.999903

  Inverse Direction: 
-0.999513 0.0279189 -0.0139622
-0.0279216 -0.99961 2.01716e-08
-0.0139567 0.000389866 0.999903

  PixelContainer: 
    ImportImageContainer (0x37b26d0)
      RTTI typeinfo:   itk::ImportImageContainer<unsigned long, double>
      Reference Count: 1
      Modified Time: 1575
      Debug: Off
      Object Name: 
      Observers: 
        none
      Pointer: 0x14b6c4757010
      Container manages memory: true
      Size: 10813440
      Capacity: 10813440

     Weighting = 1
     Sampling strategy = regular
     Number of bins = 32
     Radius = 4
     Sampling percentage  = 0.25
   Transform = Rigid
     Gradient step = 0.1
     Update field sigma (voxel space) = 0
     Total field sigma (voxel space) = 0
     Update field time sigma = 0
     Total field time sigma  = 0
     Number of time indices = 0
     Number of time point samples = 0
Registration using 1 total stages.

Stage 0
  iterations = 1000x500x250x100
  convergence threshold = 1e-06
  convergence window size = 10
  number of levels = 4
  using the Mattes MI metric (number of bins = 32, weight = 1, use gradient filter = 0)
  preprocessing:  winsorizing the image intensities
  Shrink factors (level 1 out of 4): [8, 8, 8]
  Shrink factors (level 2 out of 4): [4, 4, 4]
  Shrink factors (level 3 out of 4): [2, 2, 2]
  Shrink factors (level 4 out of 4): [1, 1, 1]
  smoothing sigmas per level: [3, 2, 1, 0]
  regular sampling (percentage = 0.25)

*** Running Euler3DTransform registration ***

DIAGNOSTIC,Iteration,metricValue,convergenceValue,ITERATION_TIME_INDEX,SINCE_LAST
 2DIAGNOSTIC,     1, -4.871187133941e-01, 1.797693134862e+308, 7.4323e-01, 7.4323e-01, 
 2DIAGNOSTIC,     2, -4.887966556740e-01, 1.797693134862e+308, 7.4766e-01, 4.4298e-03, 
 2DIAGNOSTIC,     3, -4.919242839642e-01, 1.797693134862e+308, 7.5214e-01, 4.4789e-03, 
 2DIAGNOSTIC,     4, -5.019092629522e-01, 1.797693134862e+308, 7.5644e-01, 4.3058e-03, 
 2DIAGNOSTIC,     5, -5.198319788477e-01, 1.797693134862e+308, 7.6082e-01, 4.3800e-03, 
 2DIAGNOSTIC,     6, -5.251449584180e-01, 1.797693134862e+308, 7.6511e-01, 4.2901e-03, 
 2DIAGNOSTIC,     7, -5.365118080768e-01, 1.797693134862e+308, 7.6953e-01, 4.4179e-03, 
 2DIAGNOSTIC,     8, -5.564319077261e-01, 1.797693134862e+308, 7.7604e-01, 6.5050e-03, 
 2DIAGNOSTIC,     9, -5.572786469687e-01, 1.797693134862e+308, 7.8024e-01, 4.1978e-03, 
 2DIAGNOSTIC,    10, -5.597886110608e-01, 1.060089541986e-02, 7.8522e-01, 4.9851e-03, 
 2DIAGNOSTIC,    11, -5.645450860914e-01, 9.471656029002e-03, 7.8961e-01, 4.3888e-03, 
 2DIAGNOSTIC,    12, -5.675342641672e-01, 7.901754414630e-03, 7.9427e-01, 4.6580e-03, 
 2DIAGNOSTIC,    13, -5.685174641934e-01, 6.033280802479e-03, 7.9895e-01, 4.6871e-03, 
 2DIAGNOSTIC,    14, -5.693412095342e-01, 4.302087948769e-03, 8.0426e-01, 5.3041e-03, 
 2DIAGNOSTIC,    15, -5.718972801998e-01, 3.155204981953e-03, 8.0911e-01, 4.8470e-03, 
 2DIAGNOSTIC,    16, -5.734788767073e-01, 2.091398053251e-03, 8.1321e-01, 4.1060e-03, 
 2DIAGNOSTIC,    17, -5.737823402463e-01, 1.310029424174e-03, 8.1728e-01, 4.0672e-03, 
 2DIAGNOSTIC,    18, -5.749452616696e-01, 1.114936190119e-03, 8.2153e-01, 4.2548e-03, 
 2DIAGNOSTIC,    19, -5.774392255369e-01, 9.301256922477e-04, 8.2793e-01, 6.3930e-03, 
 2DIAGNOSTIC,    20, -5.782944999892e-01, 7.612328990393e-04, 8.3280e-01, 4.8780e-03, 
 2DIAGNOSTIC,    21, -5.788863756139e-01, 6.687985513102e-04, 8.3702e-01, 4.2131e-03, 
 2DIAGNOSTIC,    22, -5.857337702974e-01, 7.546209629284e-04, 8.4131e-01, 4.2970e-03, 
 2DIAGNOSTIC,    23, -6.028589201206e-01, 1.162232410025e-03, 8.4629e-01, 4.9770e-03, 
 2DIAGNOSTIC,    24, -6.086613835510e-01, 1.554691242036e-03, 8.5211e-01, 5.8179e-03, 
 2DIAGNOSTIC,    25, -6.127624305688e-01, 1.904928853540e-03, 8.5698e-01, 4.8749e-03, 
 2DIAGNOSTIC,    26, -6.171330102522e-01, 2.167612418320e-03, 8.6165e-01, 4.6608e-03, 
 2DIAGNOSTIC,    27, -6.180829717612e-01, 2.226134244475e-03, 8.6606e-01, 4.4100e-03, 
 2DIAGNOSTIC,    28, -6.204355229562e-01, 2.128618122697e-03, 8.7075e-01, 4.6940e-03, 
 2DIAGNOSTIC,    29, -6.216541942332e-01, 1.901236644540e-03, 8.7490e-01, 4.1521e-03, 
 2DIAGNOSTIC,    30, -6.252686882936e-01, 1.589741141208e-03, 8.7961e-01, 4.7121e-03, 
 2DIAGNOSTIC,    31, -6.305777040286e-01, 1.244380705863e-03, 8.8404e-01, 4.4270e-03, 
 2DIAGNOSTIC,    32, -6.437126115568e-01, 1.107470248004e-03, 8.8935e-01, 5.3072e-03, 
 2DIAGNOSTIC,    33, -6.470259942075e-01, 1.176385578736e-03, 8.9384e-01, 4.4889e-03, 
 2DIAGNOSTIC,    34, -6.489214571766e-01, 1.241894924121e-03, 9.0087e-01, 7.0331e-03, 
 2DIAGNOSTIC,    35, -6.509315148422e-01, 1.271885260600e-03, 9.0499e-01, 4.1201e-03, 
 2DIAGNOSTIC,    36, -6.520045929208e-01, 1.251974614406e-03, 9.0907e-01, 4.0810e-03, 
 2DIAGNOSTIC,    37, -6.528674397923e-01, 1.135508559351e-03, 9.1314e-01, 4.0691e-03, 
 2DIAGNOSTIC,    38, -6.532435165308e-01, 9.531153038177e-04, 9.1724e-01, 4.0970e-03, 
 2DIAGNOSTIC,    39, -6.541863432563e-01, 7.192343978055e-04, 9.2308e-01, 5.8451e-03, 
 2DIAGNOSTIC,    40, -6.542286836466e-01, 4.743145468877e-04, 9.2740e-01, 4.3211e-03, 
 2DIAGNOSTIC,    41, -6.546761741777e-01, 2.615123279342e-04, 9.3142e-01, 4.0140e-03, 
 2DIAGNOSTIC,    42, -6.552215606195e-01, 1.910268430411e-04, 9.3725e-01, 5.8320e-03, 
 2DIAGNOSTIC,    43, -6.554127997258e-01, 1.447235105632e-04, 9.4137e-01, 4.1211e-03, 
 2DIAGNOSTIC,    44, -6.553663426729e-01, 1.066870288102e-04, 9.4545e-01, 4.0810e-03, 
 2DIAGNOSTIC,    45, -6.555154493031e-01, 8.322259108837e-05, 9.4969e-01, 4.2410e-03, 
 2DIAGNOSTIC,    46, -6.555940225298e-01, 6.475941352471e-05, 9.5428e-01, 4.5879e-03, 
 2DIAGNOSTIC,    47, -6.556719838215e-01, 5.043826484444e-05, 9.5835e-01, 4.0672e-03, 
 2DIAGNOSTIC,    48, -6.557410751243e-01, 3.618867112791e-05, 9.6240e-01, 4.0560e-03, 
 2DIAGNOSTIC,    49, -6.557035073253e-01, 2.805101437576e-05, 9.6798e-01, 5.5771e-03, 
 2DIAGNOSTIC,    50, -6.556369487244e-01, 1.739866935699e-05, 9.7254e-01, 4.5559e-03, 
 2DIAGNOSTIC,    51, -6.556524677679e-01, 9.756642064401e-06, 9.7708e-01, 4.5409e-03, 
 2DIAGNOSTIC,    52, -6.557396060590e-01, 7.224991488333e-06, 9.8185e-01, 4.7700e-03, 
 2DIAGNOSTIC,    53, -6.559472498111e-01, 7.703316693183e-06, 9.8593e-01, 4.0829e-03, 
 2DIAGNOSTIC,    54, -6.559603343065e-01, 7.143672856154e-06, 9.9045e-01, 4.5240e-03, 
 2DIAGNOSTIC,    55, -6.558870516499e-01, 6.667169868302e-06, 9.9467e-01, 4.2160e-03, 
 2DIAGNOSTIC,    56, -6.559055994452e-01, 6.468413997648e-06, 1.0004e+00, 5.7120e-03, 
 2DIAGNOSTIC,    57, -6.557456446077e-01, 4.985588502638e-06, 1.0049e+00, 4.5161e-03, 
 2DIAGNOSTIC,    58, -6.555943537054e-01, 2.477716105790e-06, 1.0090e+00, 4.0901e-03, 
DIAGNOSTIC,Iteration,metricValue,convergenceValue,ITERATION_TIME_INDEX,SINCE_LAST
 2DIAGNOSTIC,     1, -5.251718166522e-01, 1.797693134862e+308, 1.7796e+00, 7.7065e-01, 
 2DIAGNOSTIC,     2, -5.257858812630e-01, 1.797693134862e+308, 1.8079e+00, 2.8248e-02, 
 2DIAGNOSTIC,     3, -5.265575702864e-01, 1.797693134862e+308, 1.8358e+00, 2.7881e-02, 
 2DIAGNOSTIC,     4, -5.273173821590e-01, 1.797693134862e+308, 1.8653e+00, 2.9538e-02, 
 2DIAGNOSTIC,     5, -5.278518289011e-01, 1.797693134862e+308, 1.8975e+00, 3.2196e-02, 
 2DIAGNOSTIC,     6, -5.281804333785e-01, 1.797693134862e+308, 1.9274e+00, 2.9924e-02, 
 2DIAGNOSTIC,     7, -5.295047646562e-01, 1.797693134862e+308, 1.9572e+00, 2.9763e-02, 
 2DIAGNOSTIC,     8, -5.309918361459e-01, 1.797693134862e+308, 2.0035e+00, 4.6296e-02, 
 2DIAGNOSTIC,     9, -5.314380475603e-01, 1.797693134862e+308, 2.0312e+00, 2.7701e-02, 
 2DIAGNOSTIC,    10, -5.315080573242e-01, 8.348346930082e-04, 2.0594e+00, 2.8238e-02, 
 2DIAGNOSTIC,    11, -5.317672031990e-01, 7.302198687766e-04, 2.0873e+00, 2.7856e-02, 
 2DIAGNOSTIC,    12, -5.329528107357e-01, 6.569362192487e-04, 2.1247e+00, 3.7408e-02, 
 2DIAGNOSTIC,    13, -5.336131370868e-01, 5.920952041472e-04, 2.1580e+00, 3.3271e-02, 
 2DIAGNOSTIC,    14, -5.337364613752e-01, 5.167600082477e-04, 2.1909e+00, 3.2948e-02, 
 2DIAGNOSTIC,    15, -5.339217186393e-01, 4.321269246743e-04, 2.2235e+00, 3.2640e-02, 
 2DIAGNOSTIC,    16, -5.339808831449e-01, 3.312205048227e-04, 2.2555e+00, 3.1919e-02, 
 2DIAGNOSTIC,    17, -5.339865392676e-01, 2.520846973114e-04, 2.2837e+00, 2.8252e-02, 
 2DIAGNOSTIC,    18, -5.340174309989e-01, 2.032533011152e-04, 2.3118e+00, 2.8081e-02, 
 2DIAGNOSTIC,    19, -5.340662721131e-01, 1.553097672648e-04, 2.3432e+00, 3.1369e-02, 
 2DIAGNOSTIC,    20, -5.340874090679e-01, 1.007007249385e-04, 2.3746e+00, 3.1482e-02, 
 2DIAGNOSTIC,    21, -5.340869758356e-01, 4.803993912071e-05, 2.4060e+00, 3.1377e-02, 
 2DIAGNOSTIC,    22, -5.340898064727e-01, 2.441093797486e-05, 2.4346e+00, 2.8536e-02, 
 2DIAGNOSTIC,    23, -5.340846778063e-01, 1.591584950834e-05, 2.4666e+00, 3.2078e-02, 
 2DIAGNOSTIC,    24, -5.340989095107e-01, 9.716058137703e-06, 2.4975e+00, 3.0837e-02, 
 2DIAGNOSTIC,    25, -5.341023893273e-01, 7.218711148574e-06, 2.5256e+00, 2.8115e-02, 
 2DIAGNOSTIC,    26, -5.341554975515e-01, 6.682463534573e-06, 2.5536e+00, 2.8041e-02, 
 2DIAGNOSTIC,    27, -5.344921093461e-01, 1.242219318592e-05, 2.5945e+00, 4.0831e-02, 
 2DIAGNOSTIC,    28, -5.347353558063e-01, 2.172873019349e-05, 2.6248e+00, 3.0341e-02, 
 2DIAGNOSTIC,    29, -5.349718417379e-01, 3.364916335255e-05, 2.6580e+00, 3.3184e-02, 
 2DIAGNOSTIC,    30, -5.350505586331e-01, 4.349441715282e-05, 2.6933e+00, 3.5353e-02, 
 2DIAGNOSTIC,    31, -5.350554760445e-01, 4.880538771343e-05, 2.7282e+00, 3.4903e-02, 
 2DIAGNOSTIC,    32, -5.351015070144e-01, 5.004225100431e-05, 2.7630e+00, 3.4751e-02, 
 2DIAGNOSTIC,    33, -5.352839478846e-01, 4.932758880031e-05, 2.7967e+00, 3.3716e-02, 
 2DIAGNOSTIC,    34, -5.355790136746e-01, 4.886025466108e-05, 2.8265e+00, 2.9820e-02, 
 2DIAGNOSTIC,    35, -5.357856073122e-01, 4.705078426569e-05, 2.8610e+00, 3.4506e-02, 
 2DIAGNOSTIC,    36, -5.358605218237e-01, 4.281130789160e-05, 2.8947e+00, 3.3690e-02, 
 2DIAGNOSTIC,    37, -5.358865000880e-01, 4.005268947749e-05, 2.9281e+00, 3.3395e-02, 
 2DIAGNOSTIC,    38, -5.358624478733e-01, 3.669252786527e-05, 2.9577e+00, 2.9547e-02, 
 2DIAGNOSTIC,    39, -5.358748672149e-01, 3.341533657906e-05, 2.9887e+00, 3.0988e-02, 
 2DIAGNOSTIC,    40, -5.359658478943e-01, 2.943391038617e-05, 3.0185e+00, 2.9891e-02, 
 2DIAGNOSTIC,    41, -5.362410812956e-01, 2.656723412132e-05, 3.0620e+00, 4.3406e-02, 
 2DIAGNOSTIC,    42, -5.362876097162e-01, 2.248068207392e-05, 3.0973e+00, 3.5350e-02, 
 2DIAGNOSTIC,    43, -5.363251120284e-01, 1.922401467245e-05, 3.1310e+00, 3.3743e-02, 
 2DIAGNOSTIC,    44, -5.364500095976e-01, 1.942305148530e-05, 3.1644e+00, 3.3364e-02, 
 2DIAGNOSTIC,    45, -5.365061337167e-01, 2.085072270632e-05, 3.2040e+00, 3.9629e-02, 
 2DIAGNOSTIC,    46, -5.365115281170e-01, 2.115571056656e-05, 3.2389e+00, 3.4842e-02, 
 2DIAGNOSTIC,    47, -5.365148679937e-01, 1.985452963016e-05, 3.2749e+00, 3.6016e-02, 
 2DIAGNOSTIC,    48, -5.365103841757e-01, 1.650866069070e-05, 3.3053e+00, 3.0357e-02, 
 2DIAGNOSTIC,    49, -5.365060791073e-01, 1.186248793616e-05, 3.3392e+00, 3.3904e-02, 
 2DIAGNOSTIC,    50, -5.365073920145e-01, 7.226108107834e-06, 3.3727e+00, 3.3519e-02, 
 2DIAGNOSTIC,    51, -5.365004904586e-01, 4.949568651290e-06, 3.4039e+00, 3.1174e-02, 
 2DIAGNOSTIC,    52, -5.365095612948e-01, 2.930286982367e-06, 3.4415e+00, 3.7695e-02, 
 2DIAGNOSTIC,    53, -5.365032780687e-01, 1.048251837436e-06, 3.4761e+00, 3.4577e-02, 
DIAGNOSTIC,Iteration,metricValue,convergenceValue,ITERATION_TIME_INDEX,SINCE_LAST
 2DIAGNOSTIC,     1, -4.763225038113e-01, 1.797693134862e+308, 4.6059e+00, 1.1298e+00, 
 2DIAGNOSTIC,     2, -4.765186201334e-01, 1.797693134862e+308, 4.8257e+00, 2.1981e-01, 
 2DIAGNOSTIC,     3, -4.766837111368e-01, 1.797693134862e+308, 5.0305e+00, 2.0484e-01, 
 2DIAGNOSTIC,     4, -4.768170978245e-01, 1.797693134862e+308, 5.2928e+00, 2.6230e-01, 
 2DIAGNOSTIC,     5, -4.768288366231e-01, 1.797693134862e+308, 5.4901e+00, 1.9728e-01, 
 2DIAGNOSTIC,     6, -4.768671510145e-01, 1.797693134862e+308, 5.7232e+00, 2.3308e-01, 
 2DIAGNOSTIC,     7, -4.769856659512e-01, 1.797693134862e+308, 5.9820e+00, 2.5883e-01, 
 2DIAGNOSTIC,     8, -4.775963823434e-01, 1.797693134862e+308, 6.3258e+00, 3.4373e-01, 
 2DIAGNOSTIC,     9, -4.777408272717e-01, 1.797693134862e+308, 6.6029e+00, 2.7718e-01, 
 2DIAGNOSTIC,    10, -4.777459404178e-01, 1.948570706296e-04, 6.9614e+00, 3.5846e-01, 
 2DIAGNOSTIC,    11, -4.777441868146e-01, 1.751122324372e-04, 7.3072e+00, 3.4581e-01, 
 2DIAGNOSTIC,    12, -4.777434068490e-01, 1.526749534047e-04, 7.5449e+00, 2.3765e-01, 
 2DIAGNOSTIC,    13, -4.777428710994e-01, 1.270351894278e-04, 7.7792e+00, 2.3430e-01, 
 2DIAGNOSTIC,    14, -4.777430552929e-01, 9.931382739047e-05, 8.0054e+00, 2.2622e-01, 
 2DIAGNOSTIC,    15, -4.777412922940e-01, 6.721290890405e-05, 8.2545e+00, 2.4907e-01, 
 2DIAGNOSTIC,    16, -4.777406877149e-01, 3.480077900596e-05, 8.5042e+00, 2.4971e-01, 
 2DIAGNOSTIC,    17, -4.777405506455e-01, 6.782274231114e-06, 8.7503e+00, 2.4612e-01, 
 2DIAGNOSTIC,    18, -4.777393718436e-01, 1.451924451036e-06, 9.0288e+00, 2.7857e-01, 
 2DIAGNOSTIC,    19, -4.777389774691e-01, 1.221648120837e-06, 9.2801e+00, 2.5129e-01, 
 2DIAGNOSTIC,    20, -4.777369994630e-01, 1.151659220718e-06, 9.5084e+00, 2.2826e-01, 
 2DIAGNOSTIC,    21, -4.777368502814e-01, 1.077342023655e-06, 9.7200e+00, 2.1159e-01, 
 2DIAGNOSTIC,    22, -4.777371132017e-01, 1.035974828249e-06, 9.9548e+00, 2.3481e-01, 
 2DIAGNOSTIC,    23, -4.777366958959e-01, 1.010534694847e-06, 1.0171e+01, 2.1659e-01, 
 2DIAGNOSTIC,    24, -4.777369579650e-01, 1.035079211578e-06, 1.0409e+01, 2.3798e-01, 
 2DIAGNOSTIC,    25, -4.777367065913e-01, 1.037598882821e-06, 1.0674e+01, 2.6501e-01, 
 2DIAGNOSTIC,    26, -4.777407887752e-01, 1.141597099984e-06, 1.0931e+01, 2.5673e-01, 
 2DIAGNOSTIC,    27, -4.777421438345e-01, 1.269848122321e-06, 1.1162e+01, 2.3115e-01, 
 2DIAGNOSTIC,    28, -4.777464429816e-01, 1.446599011239e-06, 1.1412e+01, 2.4979e-01, 
 2DIAGNOSTIC,    29, -4.777593588672e-01, 1.839228115239e-06, 1.1641e+01, 2.2943e-01, 
 2DIAGNOSTIC,    30, -4.777761102942e-01, 2.422535105753e-06, 1.1873e+01, 2.3195e-01, 
 2DIAGNOSTIC,    31, -4.778018058462e-01, 3.323332963774e-06, 1.2100e+01, 2.2631e-01, 
 2DIAGNOSTIC,    32, -4.778620337753e-01, 5.068400534249e-06, 1.2318e+01, 2.1822e-01, 
 2DIAGNOSTIC,    33, -4.779309717475e-01, 7.535130588973e-06, 1.2540e+01, 2.2206e-01, 
 2DIAGNOSTIC,    34, -4.782402310167e-01, 1.463203866617e-05, 1.2910e+01, 3.6956e-01, 
 2DIAGNOSTIC,    35, -4.783978431929e-01, 2.256950166626e-05, 1.3157e+01, 2.4757e-01, 
 2DIAGNOSTIC,    36, -4.784214523882e-01, 2.846064191426e-05, 1.3408e+01, 2.5066e-01, 
 2DIAGNOSTIC,    37, -4.785209636642e-01, 3.311401728022e-05, 1.3645e+01, 2.3700e-01, 
 2DIAGNOSTIC,    38, -4.787747809470e-01, 3.845541192079e-05, 1.3944e+01, 2.9917e-01, 
 2DIAGNOSTIC,    39, -4.788149294511e-01, 4.057999440158e-05, 1.4142e+01, 1.9781e-01, 
 2DIAGNOSTIC,    40, -4.788391534002e-01, 3.942647503027e-05, 1.4358e+01, 2.1633e-01, 
 2DIAGNOSTIC,    41, -4.788863206709e-01, 3.579765070088e-05, 1.4596e+01, 2.3836e-01, 
 2DIAGNOSTIC,    42, -4.789292013096e-01, 3.047552960065e-05, 1.4878e+01, 2.8192e-01, 
 2DIAGNOSTIC,    43, -4.789111492390e-01, 2.310532726956e-05, 1.5214e+01, 3.3582e-01, 
 2DIAGNOSTIC,    44, -4.789132442502e-01, 1.810790727521e-05, 1.5489e+01, 2.7497e-01, 
 2DIAGNOSTIC,    45, -4.789097096139e-01, 1.376453867814e-05, 1.5793e+01, 3.0344e-01, 
 2DIAGNOSTIC,    46, -4.789105801325e-01, 8.673080931814e-06, 1.6033e+01, 2.4027e-01, 
 2DIAGNOSTIC,    47, -4.789090788103e-01, 4.183046338525e-06, 1.6253e+01, 2.2012e-01, 
 2DIAGNOSTIC,    48, -4.789076312717e-01, 2.672034726814e-06, 1.6485e+01, 2.3167e-01, 
 2DIAGNOSTIC,    49, -4.789069231706e-01, 1.517052344937e-06, 1.6698e+01, 2.1379e-01, 
DIAGNOSTIC,Iteration,metricValue,convergenceValue,ITERATION_TIME_INDEX,SINCE_LAST
 2DIAGNOSTIC,     1, -4.453279528087e-01, 1.797693134862e+308, 1.9154e+01, 2.4559e+00, 
 2DIAGNOSTIC,     2, -4.453791115900e-01, 1.797693134862e+308, 2.0811e+01, 1.6562e+00, 
 2DIAGNOSTIC,     3, -4.453822377424e-01, 1.797693134862e+308, 2.2723e+01, 1.9119e+00, 
 2DIAGNOSTIC,     4, -4.453820807110e-01, 1.797693134862e+308, 2.4219e+01, 1.4966e+00, 
 2DIAGNOSTIC,     5, -4.453813388079e-01, 1.797693134862e+308, 2.5788e+01, 1.5685e+00, 
 2DIAGNOSTIC,     6, -4.453811980440e-01, 1.797693134862e+308, 2.7467e+01, 1.6797e+00, 
 2DIAGNOSTIC,     7, -4.453817566067e-01, 1.797693134862e+308, 2.9042e+01, 1.5749e+00, 
 2DIAGNOSTIC,     8, -4.453824520108e-01, 1.797693134862e+308, 3.1498e+01, 2.4557e+00, 
 2DIAGNOSTIC,     9, -4.453825526269e-01, 1.797693134862e+308, 3.3089e+01, 1.5912e+00, 
 2DIAGNOSTIC,    10, -4.453825653874e-01, 6.856330398486e-06, 3.4637e+01, 1.5478e+00, 
 2DIAGNOSTIC,    11, -4.453824042860e-01, 3.154186819163e-06, 3.6199e+01, 1.5616e+00, 
 2DIAGNOSTIC,    12, -4.453823333588e-01, 2.756510590132e-06, 3.7677e+01, 1.4786e+00, 
 2DIAGNOSTIC,    13, -4.453823387390e-01, 2.563180984239e-06, 3.9155e+01, 1.4783e+00, 
 2DIAGNOSTIC,    14, -4.453821921844e-01, 2.374018454862e-06, 4.0880e+01, 1.7250e+00, 
 2DIAGNOSTIC,    15, -4.453821328783e-01, 2.167766857006e-06, 4.2460e+01, 1.5793e+00, 
 2DIAGNOSTIC,    16, -4.453821303796e-01, 1.977144007681e-06, 4.3901e+01, 1.4416e+00, 
 2DIAGNOSTIC,    17, -4.453821861439e-01, 1.832277298969e-06, 4.5660e+01, 1.7587e+00, 
 2DIAGNOSTIC,    18, -4.453821821151e-01, 1.731355889330e-06, 4.7381e+01, 1.7213e+00, 
 2DIAGNOSTIC,    19, -4.453823092465e-01, 1.652029657628e-06, 4.9066e+01, 1.6845e+00, 
 2DIAGNOSTIC,    20, -4.453821966683e-01, 1.579597475779e-06, 5.1031e+01, 1.9647e+00, 
 2DIAGNOSTIC,    21, -4.453822339074e-01, 1.511451201121e-06, 5.2570e+01, 1.5398e+00, 
 2DIAGNOSTIC,    22, -4.453820823891e-01, 1.443237240724e-06, 5.4235e+01, 1.6646e+00, 
 2DIAGNOSTIC,    23, -4.453821066214e-01, 1.382187151171e-06, 5.5633e+01, 1.3983e+00, 
 2DIAGNOSTIC,    24, -4.453820598767e-01, 1.321138223362e-06, 5.7025e+01, 1.3921e+00, 
 2DIAGNOSTIC,    25, -4.453820408210e-01, 1.263403689271e-06, 5.8618e+01, 1.5923e+00, 
 2DIAGNOSTIC,    26, -4.453820912033e-01, 1.212160593546e-06, 6.0298e+01, 1.6804e+00, 
 2DIAGNOSTIC,    27, -4.453820234465e-01, 1.165487682066e-06, 6.1653e+01, 1.3548e+00, 
 2DIAGNOSTIC,    28, -4.453818817435e-01, 1.119980235498e-06, 6.3132e+01, 1.4789e+00, 
 2DIAGNOSTIC,    29, -4.453819914853e-01, 1.084476041059e-06, 6.4713e+01, 1.5811e+00, 
 2DIAGNOSTIC,    30, -4.453819297138e-01, 1.048631682453e-06, 6.6084e+01, 1.3709e+00, 
 2DIAGNOSTIC,    31, -4.453818859095e-01, 1.016157639089e-06, 6.7515e+01, 1.4311e+00, 
  Elapsed time (stage 0): 6.8482e+01


Total elapsed time: 6.8491e+01
Info [verificarlo]: loaded backend libinterflop_ieee.so
Info [interflop-ieee]: load backend with:
Info [interflop-ieee]: debug = false
Info [interflop-ieee]: debug-binary = false
Info [interflop-ieee]: no-backend-name = false
Info [interflop-ieee]: print-new-line = false
Info [interflop-ieee]: print-subnormal-normalized = false
Info [interflop-ieee]: count-op = false
All_Command_lines_OK
Using double precision for computations.
=============================================================================
The composite transform comprises the following transforms (in order): 
  1. /home/mdugre/scratch/mri-registration-rp/datasets/ds004513/derivatives/mri-registration-rp/0001/antsRegistration-r7-p10/sub-s003/rigid_Composite.h5[0] (type = Euler3DTransform)
  2. /home/mdugre/scratch/mri-registration-rp/datasets/ds004513/derivatives/mri-registration-rp/0001/antsRegistration-r7-p10/sub-s003/rigid_Composite.h5[1] (type = Euler3DTransform)
  3. /home/mdugre/scratch/mri-registration-rp/datasets/ds004513/derivatives/mri-registration-rp/0001/antsRegistration-r7-p10/sub-s003/rigid_Composite.h5[2] (type = Euler3DTransform)
=============================================================================
  number of levels = 4
  fixed image: /templateflow/tpl-MNI152NLin2009cAsym/tpl-MNI152NLin2009cAsym_res-01_desc-brain_T1w.nii.gz
  moving image: /home/mdugre/scratch/mri-registration-rp/datasets/ds004513/derivatives/mri-registration-rp/antsBrainExtraction/sub-s003/BrainExtractionBrain.nii.gz
Dimension = 3
Number of stages = 1
Use histogram matching = false
Winsorize image intensities = true
  Lower quantile = 0.005
  Upper quantile = 0.995


Stage 1 State
   Image metric = MattesMI
     Fixed image = Image (0x3bd57e0)
  RTTI typeinfo:   itk::Image<double, 3u>
  Reference Count: 2
  Modified Time: 1594
  Debug: Off
  Object Name: 
  Observers: 
    none
  Source: (none)
  Source output name: (none)
  Release Data: Off
  Data Released: False
  Global Release Data: Off
  PipelineMTime: 0
  UpdateMTime: 1203
  RealTimeStamp: 0 seconds 
  LargestPossibleRegion: 
    Dimension: 3
    Index: [0, 0, 0]
    Size: [193, 229, 193]
  BufferedRegion: 
    Dimension: 3
    Index: [0, 0, 0]
    Size: [193, 229, 193]
  RequestedRegion: 
    Dimension: 3
    Index: [0, 0, 0]
    Size: [193, 229, 193]
  Spacing: [1, 1, 1]
  Origin: [96, 132, -78]
  Direction: 
-1 0 0
0 -1 0
0 0 1

  IndexToPointMatrix: 
-1 0 0
0 -1 0
0 0 1

  PointToIndexMatrix: 
-1 0 0
0 -1 0
0 0 1

  Inverse Direction: 
-1 0 0
0 -1 0
0 0 1

  PixelContainer: 
    ImportImageContainer (0x3c95a20)
      RTTI typeinfo:   itk::ImportImageContainer<unsigned long, double>
      Reference Count: 1
      Modified Time: 1200
      Debug: Off
      Object Name: 
      Observers: 
        none
      Pointer: 0x14bab14b5010
      Container manages memory: true
      Size: 8530021
      Capacity: 8530021

     Moving image = Image (0x3c90d70)
  RTTI typeinfo:   itk::Image<double, 3u>
  Reference Count: 2
  Modified Time: 1595
  Debug: Off
  Object Name: 
  Observers: 
    none
  Source: (none)
  Source output name: (none)
  Release Data: Off
  Data Released: False
  Global Release Data: Off
  PipelineMTime: 0
  UpdateMTime: 1592
  RealTimeStamp: 0 seconds 
  LargestPossibleRegion: 
    Dimension: 3
    Index: [0, 0, 0]
    Size: [176, 240, 256]
  BufferedRegion: 
    Dimension: 3
    Index: [0, 0, 0]
    Size: [176, 240, 256]
  RequestedRegion: 
    Dimension: 3
    Index: [0, 0, 0]
    Size: [176, 240, 256]
  Spacing: [0.999999, 1, 1]
  Origin: [93.3499, 86.9368, -128.957]
  Direction: 
-0.999513 -0.0279216 -0.0139567
0.0279189 -0.99961 0.000389866
-0.0139622 2.01492e-08 0.999903

  IndexToPointMatrix: 
-0.999512 -0.0279216 -0.0139567
0.0279189 -0.99961 0.000389866
-0.0139621 2.01492e-08 0.999903

  PointToIndexMatrix: 
-0.999514 0.0279189 -0.0139622
-0.0279216 -0.99961 2.01716e-08
-0.0139567 0.000389866 0.999903

  Inverse Direction: 
-0.999513 0.0279189 -0.0139622
-0.0279216 -0.99961 2.01716e-08
-0.0139567 0.000389866 0.999903

  PixelContainer: 
    ImportImageContainer (0x3c48c90)
      RTTI typeinfo:   itk::ImportImageContainer<unsigned long, double>
      Reference Count: 1
      Modified Time: 1589
      Debug: Off
      Object Name: 
      Observers: 
        none
      Pointer: 0x14baac234010
      Container manages memory: true
      Size: 10813440
      Capacity: 10813440

     Weighting = 1
     Sampling strategy = regular
     Number of bins = 32
     Radius = 4
     Sampling percentage  = 0.25
   Transform = Affine
     Gradient step = 0.1
     Update field sigma (voxel space) = 0
     Total field sigma (voxel space) = 0
     Update field time sigma = 0
     Total field time sigma  = 0
     Number of time indices = 0
     Number of time point samples = 0
Registration using 1 total stages.

Stage 0
  iterations = 1000x500x250x100
  convergence threshold = 1e-06
  convergence window size = 10
  number of levels = 4
  using the Mattes MI metric (number of bins = 32, weight = 1, use gradient filter = 0)
  preprocessing:  winsorizing the image intensities
  Shrink factors (level 1 out of 4): [8, 8, 8]
  Shrink factors (level 2 out of 4): [4, 4, 4]
  Shrink factors (level 3 out of 4): [2, 2, 2]
  Shrink factors (level 4 out of 4): [1, 1, 1]
  smoothing sigmas per level: [3, 2, 1, 0]
  regular sampling (percentage = 0.25)

*** Running AffineTransform registration ***

DIAGNOSTIC,Iteration,metricValue,convergenceValue,ITERATION_TIME_INDEX,SINCE_LAST
 2DIAGNOSTIC,     1, -6.602974553778e-01, 1.797693134862e+308, 7.4794e-01, 7.4794e-01, 
 2DIAGNOSTIC,     2, -6.628078070607e-01, 1.797693134862e+308, 7.5247e-01, 4.5311e-03, 
 2DIAGNOSTIC,     3, -6.668071021514e-01, 1.797693134862e+308, 7.5690e-01, 4.4301e-03, 
 2DIAGNOSTIC,     4, -6.726234637746e-01, 1.797693134862e+308, 7.6135e-01, 4.4510e-03, 
 2DIAGNOSTIC,     5, -6.805682674114e-01, 1.797693134862e+308, 7.6591e-01, 4.5631e-03, 
 2DIAGNOSTIC,     6, -6.915228957531e-01, 1.797693134862e+308, 7.7187e-01, 5.9590e-03, 
 2DIAGNOSTIC,     7, -7.133140408886e-01, 1.797693134862e+308, 7.7843e-01, 6.5629e-03, 
 2DIAGNOSTIC,     8, -7.193664946356e-01, 1.797693134862e+308, 7.8375e-01, 5.3179e-03, 
 2DIAGNOSTIC,     9, -7.204664798895e-01, 1.797693134862e+308, 7.8941e-01, 5.6539e-03, 
 2DIAGNOSTIC,    10, -7.205887627362e-01, 6.929972066656e-03, 7.9488e-01, 5.4739e-03, 
 2DIAGNOSTIC,    11, -7.204981758080e-01, 5.962884927693e-03, 8.0010e-01, 5.2168e-03, 
 2DIAGNOSTIC,    12, -7.203001379205e-01, 4.697821738432e-03, 8.0529e-01, 5.1980e-03, 
 2DIAGNOSTIC,    13, -7.204024636525e-01, 3.337104133233e-03, 8.1046e-01, 5.1701e-03, 
 2DIAGNOSTIC,    14, -7.201799848346e-01, 2.043044884094e-03, 8.1562e-01, 5.1601e-03, 
 2DIAGNOSTIC,    15, -7.202109260718e-01, 9.573164694145e-04, 8.2079e-01, 5.1680e-03, 
 2DIAGNOSTIC,    16, -7.202362120074e-01, 1.877711214057e-04, 8.2600e-01, 5.2030e-03, 
 2DIAGNOSTIC,    17, -7.200543609168e-01, 4.053013629754e-06, 8.3119e-01, 5.1968e-03, 
DIAGNOSTIC,Iteration,metricValue,convergenceValue,ITERATION_TIME_INDEX,SINCE_LAST
 2DIAGNOSTIC,     1, -5.938102088000e-01, 1.797693134862e+308, 1.5512e+00, 7.1998e-01, 
 2DIAGNOSTIC,     2, -5.940804441452e-01, 1.797693134862e+308, 1.5852e+00, 3.4076e-02, 
 2DIAGNOSTIC,     3, -5.942824955362e-01, 1.797693134862e+308, 1.6272e+00, 4.1945e-02, 
 2DIAGNOSTIC,     4, -5.942820588331e-01, 1.797693134862e+308, 1.6670e+00, 3.9810e-02, 
 2DIAGNOSTIC,     5, -5.942934100795e-01, 1.797693134862e+308, 1.7087e+00, 4.1699e-02, 
 2DIAGNOSTIC,     6, -5.942859644413e-01, 1.797693134862e+308, 1.7510e+00, 4.2316e-02, 
 2DIAGNOSTIC,     7, -5.943008799045e-01, 1.797693134862e+308, 1.7903e+00, 3.9251e-02, 
 2DIAGNOSTIC,     8, -5.943463633874e-01, 1.797693134862e+308, 1.8294e+00, 3.9120e-02, 
 2DIAGNOSTIC,     9, -5.943914655921e-01, 1.797693134862e+308, 1.8640e+00, 3.4601e-02, 
 2DIAGNOSTIC,    10, -5.944578330872e-01, 4.965470290039e-05, 1.9000e+00, 3.6056e-02, 
 2DIAGNOSTIC,    11, -5.944096576916e-01, 2.838697856353e-05, 1.9409e+00, 4.0898e-02, 
 2DIAGNOSTIC,    12, -5.947551457844e-01, 3.279195728742e-05, 1.9785e+00, 3.7528e-02, 
 2DIAGNOSTIC,    13, -5.952153064057e-01, 5.777179303317e-05, 2.0164e+00, 3.7969e-02, 
 2DIAGNOSTIC,    14, -5.967157748128e-01, 1.249768001915e-04, 2.0543e+00, 3.7833e-02, 
 2DIAGNOSTIC,    15, -6.007022901170e-01, 2.982183199060e-04, 2.1018e+00, 4.7565e-02, 
 2DIAGNOSTIC,    16, -6.010102443639e-01, 4.287906290350e-04, 2.1398e+00, 3.7973e-02, 
 2DIAGNOSTIC,    17, -6.011755659592e-01, 5.112336557028e-04, 2.1850e+00, 4.5222e-02, 
 2DIAGNOSTIC,    18, -6.012791124569e-01, 5.426201967482e-04, 2.2259e+00, 4.0909e-02, 
 2DIAGNOSTIC,    19, -6.013763350877e-01, 5.232720805279e-04, 2.2683e+00, 4.2370e-02, 
 2DIAGNOSTIC,    20, -6.014266106443e-01, 4.587790852932e-04, 2.3061e+00, 3.7746e-02, 
 2DIAGNOSTIC,    21, -6.015262834251e-01, 3.590850462409e-04, 2.3400e+00, 3.3931e-02, 
 2DIAGNOSTIC,    22, -6.015852411929e-01, 2.453061716553e-04, 2.3759e+00, 3.5915e-02, 
 2DIAGNOSTIC,    23, -6.017144385870e-01, 1.310386126517e-04, 2.4128e+00, 3.6883e-02, 
 2DIAGNOSTIC,    24, -6.018783272419e-01, 4.499550162918e-05, 2.4558e+00, 4.3024e-02, 
 2DIAGNOSTIC,    25, -6.019966296283e-01, 3.970914043925e-05, 2.5049e+00, 4.9083e-02, 
 2DIAGNOSTIC,    26, -6.020093266066e-01, 3.702256066895e-05, 2.5425e+00, 3.7585e-02, 
 2DIAGNOSTIC,    27, -6.020219794094e-01, 3.431516992506e-05, 2.5766e+00, 3.4136e-02, 
 2DIAGNOSTIC,    28, -6.020769964813e-01, 3.133802286334e-05, 2.6179e+00, 4.1257e-02, 
 2DIAGNOSTIC,    29, -6.020836958254e-01, 2.735053381693e-05, 2.6550e+00, 3.7097e-02, 
 2DIAGNOSTIC,    30, -6.020872564234e-01, 2.196975763525e-05, 2.6882e+00, 3.3194e-02, 
 2DIAGNOSTIC,    31, -6.020818616899e-01, 1.644583596069e-05, 2.7216e+00, 3.3442e-02, 
 2DIAGNOSTIC,    32, -6.020866477123e-01, 1.075533142717e-05, 2.7649e+00, 4.3259e-02, 
 2DIAGNOSTIC,    33, -6.020879340813e-01, 6.303108505766e-06, 2.7983e+00, 3.3437e-02, 
 2DIAGNOSTIC,    34, -6.020711910781e-01, 3.614280376582e-06, 2.8400e+00, 4.1722e-02, 
 2DIAGNOSTIC,    35, -6.020640883544e-01, 2.349941837874e-06, 2.8762e+00, 3.6163e-02, 
 2DIAGNOSTIC,    36, -6.020955446734e-01, 1.608099320413e-06, 2.9176e+00, 4.1446e-02, 
 2DIAGNOSTIC,    37, -6.021181794792e-01, 1.255118124856e-06, 2.9539e+00, 3.6284e-02, 
 2DIAGNOSTIC,    38, -6.021072545587e-01, 1.426554632099e-06, 2.9925e+00, 3.8635e-02, 
 2DIAGNOSTIC,    39, -6.021374943911e-01, 1.998592767893e-06, 3.0390e+00, 4.6497e-02, 
 2DIAGNOSTIC,    40, -6.021867267105e-01, 3.051473174989e-06, 3.0908e+00, 5.1713e-02, 
 2DIAGNOSTIC,    41, -6.021783009722e-01, 3.652476131048e-06, 3.1376e+00, 4.6866e-02, 
 2DIAGNOSTIC,    42, -6.021618969489e-01, 3.825074291943e-06, 3.1793e+00, 4.1678e-02, 
 2DIAGNOSTIC,    43, -6.021861296125e-01, 4.000978210874e-06, 3.2432e+00, 6.3921e-02, 
 2DIAGNOSTIC,    44, -6.021861984246e-01, 3.669943319639e-06, 3.2806e+00, 3.7362e-02, 
 2DIAGNOSTIC,    45, -6.021877569978e-01, 2.995886219194e-06, 3.3206e+00, 3.9972e-02, 
 2DIAGNOSTIC,    46, -6.021883493538e-01, 2.463605260534e-06, 3.3552e+00, 3.4675e-02, 
 2DIAGNOSTIC,    47, -6.021796400451e-01, 1.942288089658e-06, 3.3919e+00, 3.6705e-02, 
 2DIAGNOSTIC,    48, -6.021708847961e-01, 1.122860001639e-06, 3.4356e+00, 4.3641e-02, 
DIAGNOSTIC,Iteration,metricValue,convergenceValue,ITERATION_TIME_INDEX,SINCE_LAST
 2DIAGNOSTIC,     1, -5.258030824807e-01, 1.797693134862e+308, 4.5141e+00, 1.0785e+00, 
 2DIAGNOSTIC,     2, -5.261122161364e-01, 1.797693134862e+308, 4.7728e+00, 2.5865e-01, 
 2DIAGNOSTIC,     3, -5.264514954586e-01, 1.797693134862e+308, 5.0113e+00, 2.3856e-01, 
 2DIAGNOSTIC,     4, -5.267276467290e-01, 1.797693134862e+308, 5.2614e+00, 2.5009e-01, 
