
##########################
# Experiment information #
##########################

EXPERIMENT_NAME: antsRegistration-r7-p21
VFC_BACKENDS: libinterflop_vprec.so --range-binary32=7 --precision-binary32=21 --range-binary64=7 --precision-binary64=21

SIF_IMG: /home/mdugre/projects/rrg-glatard/mdugre/containers/ants-vprec-no_metrics.simg

SUBJECT_ID: s014
INPUT_IMG: /home/mdugre/scratch/mri-registration-rp/datasets/ds004513/derivatives/mri-registration-rp/antsBrainExtraction/sub-s014/BrainExtractionBrain.nii.gz
OUTPUT_DIR: /home/mdugre/scratch/mri-registration-rp/datasets/ds004513/derivatives/mri-registration-rp/0001/antsRegistration-r7-p21/sub-s014

FIXED_IMG: /templateflow/tpl-MNI152NLin2009cAsym/tpl-MNI152NLin2009cAsym_res-01_desc-brain_T1w.nii.gz
DATA_DIR: /home/mdugre/scratch/mri-registration-rp/datasets/ds004513
TEMPLATEFLOW_DIR: /home/mdugre/projects/rrg-glatard/mdugre/templateflow
ITK_GLOBAL_DEFAULT_NUMBER_OF_THREADS: 16
##########################

Info [verificarlo]: loaded backend libinterflop_ieee.so
Info [interflop-ieee]: load backend with:
Info [interflop-ieee]: debug = false
Info [interflop-ieee]: debug-binary = false
Info [interflop-ieee]: no-backend-name = false
Info [interflop-ieee]: print-new-line = false
Info [interflop-ieee]: print-subnormal-normalized = false
Info [interflop-ieee]: count-op = false
All_Command_lines_OK
Using double precision for computations.
=============================================================================
The composite transform comprises the following transforms (in order): 
  1. Center of mass alignment using fixed image: /templateflow/tpl-MNI152NLin2009cAsym/tpl-MNI152NLin2009cAsym_res-01_desc-brain_T1w.nii.gz and moving image: /home/mdugre/scratch/mri-registration-rp/datasets/ds004513/derivatives/mri-registration-rp/antsBrainExtraction/sub-s014/BrainExtractionBrain.nii.gz (type = Euler3DTransform)
=============================================================================
  number of levels = 1
  fixed image: /templateflow/tpl-MNI152NLin2009cAsym/tpl-MNI152NLin2009cAsym_res-01_desc-brain_T1w.nii.gz
  moving image: /home/mdugre/scratch/mri-registration-rp/datasets/ds004513/derivatives/mri-registration-rp/antsBrainExtraction/sub-s014/BrainExtractionBrain.nii.gz
Dimension = 3
Number of stages = 1
Use histogram matching = false
Winsorize image intensities = true
  Lower quantile = 0.005
  Upper quantile = 0.995


Stage 1 State
   Image metric = MattesMI
     Fixed image = Image (0x4fbee70)
  RTTI typeinfo:   itk::Image<double, 3u>
  Reference Count: 2
  Modified Time: 2334
  Debug: Off
  Object Name: 
  Observers: 
    none
  Source: (none)
  Source output name: (none)
  Release Data: Off
  Data Released: False
  Global Release Data: Off
  PipelineMTime: 0
  UpdateMTime: 1943
  RealTimeStamp: 0 seconds 
  LargestPossibleRegion: 
    Dimension: 3
    Index: [0, 0, 0]
    Size: [193, 229, 193]
  BufferedRegion: 
    Dimension: 3
    Index: [0, 0, 0]
    Size: [193, 229, 193]
  RequestedRegion: 
    Dimension: 3
    Index: [0, 0, 0]
    Size: [193, 229, 193]
  Spacing: [1, 1, 1]
  Origin: [96, 132, -78]
  Direction: 
-1 0 0
0 -1 0
0 0 1

  IndexToPointMatrix: 
-1 0 0
0 -1 0
0 0 1

  PointToIndexMatrix: 
-1 0 0
0 -1 0
0 0 1

  Inverse Direction: 
-1 0 0
0 -1 0
0 0 1

  PixelContainer: 
    ImportImageContainer (0x4fcb140)
      RTTI typeinfo:   itk::ImportImageContainer<unsigned long, double>
      Reference Count: 1
      Modified Time: 1940
      Debug: Off
      Object Name: 
      Observers: 
        none
      Pointer: 0x150d7f145010
      Container manages memory: true
      Size: 8530021
      Capacity: 8530021

     Moving image = Image (0x4fc8310)
  RTTI typeinfo:   itk::Image<double, 3u>
  Reference Count: 2
  Modified Time: 2335
  Debug: Off
  Object Name: 
  Observers: 
    none
  Source: (none)
  Source output name: (none)
  Release Data: Off
  Data Released: False
  Global Release Data: Off
  PipelineMTime: 0
  UpdateMTime: 2332
  RealTimeStamp: 0 seconds 
  LargestPossibleRegion: 
    Dimension: 3
    Index: [0, 0, 0]
    Size: [160, 240, 256]
  BufferedRegion: 
    Dimension: 3
    Index: [0, 0, 0]
    Size: [160, 240, 256]
  RequestedRegion: 
    Dimension: 3
    Index: [0, 0, 0]
    Size: [160, 240, 256]
  Spacing: [0.999999, 1, 1]
  Origin: [84.1637, 106.709, -120.531]
  Direction: 
-0.999619 -0.0226874 -0.0157033
0.0226846 -0.999743 0.00035635
-0.0157073 -7.8229e-09 0.999877

  IndexToPointMatrix: 
-0.999619 -0.0226874 -0.0157033
0.0226845 -0.999743 0.00035635
-0.0157073 -7.8229e-09 0.999877

  PointToIndexMatrix: 
-0.99962 0.0226846 -0.0157073
-0.0226874 -0.999743 -7.83127e-09
-0.0157033 0.00035635 0.999877

  Inverse Direction: 
-0.999619 0.0226846 -0.0157073
-0.0226874 -0.999743 -7.83127e-09
-0.0157033 0.00035635 0.999877

  PixelContainer: 
    ImportImageContainer (0x50f3610)
      RTTI typeinfo:   itk::ImportImageContainer<unsigned long, double>
      Reference Count: 1
      Modified Time: 2329
      Debug: Off
      Object Name: 
      Observers: 
        none
      Pointer: 0x150d7a644010
      Container manages memory: true
      Size: 9830400
      Capacity: 9830400

     Weighting = 1
     Sampling strategy = regular
     Number of bins = 32
     Radius = 4
     Sampling percentage  = 0.25
   Transform = Rigid
     Gradient step = 0.1
     Update field sigma (voxel space) = 0
     Total field sigma (voxel space) = 0
     Update field time sigma = 0
     Total field time sigma  = 0
     Number of time indices = 0
     Number of time point samples = 0
Registration using 1 total stages.

Stage 0
  iterations = 0
  convergence threshold = 1e-06
  convergence window size = 10
  number of levels = 1
  using the Mattes MI metric (number of bins = 32, weight = 1, use gradient filter = 0)
  preprocessing:  winsorizing the image intensities
  Shrink factors (level 1 out of 1): [1, 1, 1]
  smoothing sigmas per level: [0]
  regular sampling (percentage = 0.25)

*** Running Euler3DTransform registration ***

  Elapsed time (stage 0): 1.23051


Total elapsed time: 1.23272
Info [verificarlo]: loaded backend libinterflop_ieee.so
Info [interflop-ieee]: load backend with:
Info [interflop-ieee]: debug = false
Info [interflop-ieee]: debug-binary = false
Info [interflop-ieee]: no-backend-name = false
Info [interflop-ieee]: print-new-line = false
Info [interflop-ieee]: print-subnormal-normalized = false
Info [interflop-ieee]: count-op = false
All_Command_lines_OK
Using double precision for computations.
=============================================================================
The composite transform comprises the following transforms (in order): 
  1. /home/mdugre/scratch/mri-registration-rp/datasets/ds004513/derivatives/mri-registration-rp/0001/antsRegistration-r7-p21/sub-s014/align_Composite.h5[0] (type = Euler3DTransform)
  2. /home/mdugre/scratch/mri-registration-rp/datasets/ds004513/derivatives/mri-registration-rp/0001/antsRegistration-r7-p21/sub-s014/align_Composite.h5[1] (type = Euler3DTransform)
=============================================================================
  number of levels = 4
  fixed image: /templateflow/tpl-MNI152NLin2009cAsym/tpl-MNI152NLin2009cAsym_res-01_desc-brain_T1w.nii.gz
  moving image: /home/mdugre/scratch/mri-registration-rp/datasets/ds004513/derivatives/mri-registration-rp/antsBrainExtraction/sub-s014/BrainExtractionBrain.nii.gz
Dimension = 3
Number of stages = 1
Use histogram matching = false
Winsorize image intensities = true
  Lower quantile = 0.005
  Upper quantile = 0.995


Stage 1 State
   Image metric = MattesMI
     Fixed image = Image (0x348e530)
  RTTI typeinfo:   itk::Image<double, 3u>
  Reference Count: 2
  Modified Time: 1580
  Debug: Off
  Object Name: 
  Observers: 
    none
  Source: (none)
  Source output name: (none)
  Release Data: Off
  Data Released: False
  Global Release Data: Off
  PipelineMTime: 0
  UpdateMTime: 1189
  RealTimeStamp: 0 seconds 
  LargestPossibleRegion: 
    Dimension: 3
    Index: [0, 0, 0]
    Size: [193, 229, 193]
  BufferedRegion: 
    Dimension: 3
    Index: [0, 0, 0]
    Size: [193, 229, 193]
  RequestedRegion: 
    Dimension: 3
    Index: [0, 0, 0]
    Size: [193, 229, 193]
  Spacing: [1, 1, 1]
  Origin: [96, 132, -78]
  Direction: 
-1 0 0
0 -1 0
0 0 1

  IndexToPointMatrix: 
-1 0 0
0 -1 0
0 0 1

  PointToIndexMatrix: 
-1 0 0
0 -1 0
0 0 1

  Inverse Direction: 
-1 0 0
0 -1 0
0 0 1

  PixelContainer: 
    ImportImageContainer (0x354cd60)
      RTTI typeinfo:   itk::ImportImageContainer<unsigned long, double>
      Reference Count: 1
      Modified Time: 1186
      Debug: Off
      Object Name: 
      Observers: 
        none
      Pointer: 0x14ae7f895010
      Container manages memory: true
      Size: 8530021
      Capacity: 8530021

     Moving image = Image (0x353ef60)
  RTTI typeinfo:   itk::Image<double, 3u>
  Reference Count: 2
  Modified Time: 1581
  Debug: Off
  Object Name: 
  Observers: 
    none
  Source: (none)
  Source output name: (none)
  Release Data: Off
  Data Released: False
  Global Release Data: Off
  PipelineMTime: 0
  UpdateMTime: 1578
  RealTimeStamp: 0 seconds 
  LargestPossibleRegion: 
    Dimension: 3
    Index: [0, 0, 0]
    Size: [160, 240, 256]
  BufferedRegion: 
    Dimension: 3
    Index: [0, 0, 0]
    Size: [160, 240, 256]
  RequestedRegion: 
    Dimension: 3
    Index: [0, 0, 0]
    Size: [160, 240, 256]
  Spacing: [0.999999, 1, 1]
  Origin: [84.1637, 106.709, -120.531]
  Direction: 
-0.999619 -0.0226874 -0.0157033
0.0226846 -0.999743 0.00035635
-0.0157073 -7.8229e-09 0.999877

  IndexToPointMatrix: 
-0.999619 -0.0226874 -0.0157033
0.0226845 -0.999743 0.00035635
-0.0157073 -7.8229e-09 0.999877

  PointToIndexMatrix: 
-0.99962 0.0226846 -0.0157073
-0.0226874 -0.999743 -7.83127e-09
-0.0157033 0.00035635 0.999877

  Inverse Direction: 
-0.999619 0.0226846 -0.0157073
-0.0226874 -0.999743 -7.83127e-09
-0.0157033 0.00035635 0.999877

  PixelContainer: 
    ImportImageContainer (0x35306d0)
      RTTI typeinfo:   itk::ImportImageContainer<unsigned long, double>
      Reference Count: 1
      Modified Time: 1575
      Debug: Off
      Object Name: 
      Observers: 
        none
      Pointer: 0x14ae7ad94010
      Container manages memory: true
      Size: 9830400
      Capacity: 9830400

     Weighting = 1
     Sampling strategy = regular
     Number of bins = 32
     Radius = 4
     Sampling percentage  = 0.25
   Transform = Rigid
     Gradient step = 0.1
     Update field sigma (voxel space) = 0
     Total field sigma (voxel space) = 0
     Update field time sigma = 0
     Total field time sigma  = 0
     Number of time indices = 0
     Number of time point samples = 0
Registration using 1 total stages.

Stage 0
  iterations = 1000x500x250x100
  convergence threshold = 1e-06
  convergence window size = 10
  number of levels = 4
  using the Mattes MI metric (number of bins = 32, weight = 1, use gradient filter = 0)
  preprocessing:  winsorizing the image intensities
  Shrink factors (level 1 out of 4): [8, 8, 8]
  Shrink factors (level 2 out of 4): [4, 4, 4]
  Shrink factors (level 3 out of 4): [2, 2, 2]
  Shrink factors (level 4 out of 4): [1, 1, 1]
  smoothing sigmas per level: [3, 2, 1, 0]
  regular sampling (percentage = 0.25)

*** Running Euler3DTransform registration ***

DIAGNOSTIC,Iteration,metricValue,convergenceValue,ITERATION_TIME_INDEX,SINCE_LAST
 2DIAGNOSTIC,     1, -4.770821406565e-01, 1.797693134862e+308, 9.1765e-01, 9.1765e-01, 
 2DIAGNOSTIC,     2, -4.784216133942e-01, 1.797693134862e+308, 9.2316e-01, 5.5120e-03, 
 2DIAGNOSTIC,     3, -4.807043200681e-01, 1.797693134862e+308, 9.2858e-01, 5.4181e-03, 
 2DIAGNOSTIC,     4, -4.840264478065e-01, 1.797693134862e+308, 9.3358e-01, 5.0030e-03, 
 2DIAGNOSTIC,     5, -4.883050305770e-01, 1.797693134862e+308, 9.3934e-01, 5.7609e-03, 
 2DIAGNOSTIC,     6, -4.953560426371e-01, 1.797693134862e+308, 9.4480e-01, 5.4591e-03, 
 2DIAGNOSTIC,     7, -5.007350570384e-01, 1.797693134862e+308, 9.4947e-01, 4.6649e-03, 
 2DIAGNOSTIC,     8, -5.013278569503e-01, 1.797693134862e+308, 9.5443e-01, 4.9610e-03, 
 2DIAGNOSTIC,     9, -5.085255256006e-01, 1.797693134862e+308, 9.5993e-01, 5.5070e-03, 
 2DIAGNOSTIC,    10, -5.161992633656e-01, 5.125196520979e-03, 9.6709e-01, 7.1609e-03, 
 2DIAGNOSTIC,    11, -5.167072941437e-01, 4.879252931146e-03, 9.7199e-01, 4.8912e-03, 
 2DIAGNOSTIC,    12, -5.203629876260e-01, 4.481282734468e-03, 9.7686e-01, 4.8711e-03, 
 2DIAGNOSTIC,    13, -5.229718709777e-01, 3.958672533579e-03, 9.8166e-01, 4.8060e-03, 
 2DIAGNOSTIC,    14, -5.250338110830e-01, 3.368007801723e-03, 9.8719e-01, 5.5261e-03, 
 2DIAGNOSTIC,    15, -5.272078697648e-01, 2.786121483395e-03, 9.9472e-01, 7.5321e-03, 
 2DIAGNOSTIC,    16, -5.275715603978e-01, 2.284098302170e-03, 9.9947e-01, 4.7450e-03, 
 2DIAGNOSTIC,    17, -5.282507656511e-01, 1.839921123747e-03, 1.0045e+00, 5.0519e-03, 
 2DIAGNOSTIC,    18, -5.289722876066e-01, 1.313912041902e-03, 1.0101e+00, 5.5320e-03, 
 2DIAGNOSTIC,    19, -5.292207410111e-01, 9.370568707381e-04, 1.0152e+00, 5.1889e-03, 
 2DIAGNOSTIC,    20, -5.294476960672e-01, 7.341365573351e-04, 1.0216e+00, 6.3860e-03, 
 2DIAGNOSTIC,    21, -5.294955840903e-01, 4.966190831859e-04, 1.0263e+00, 4.6990e-03, 
 2DIAGNOSTIC,    22, -5.295366245031e-01, 3.281311959300e-04, 1.0319e+00, 5.5270e-03, 
 2DIAGNOSTIC,    23, -5.295376311909e-01, 2.063244245621e-04, 1.0374e+00, 5.5931e-03, 
 2DIAGNOSTIC,    24, -5.295911249027e-01, 1.234508389506e-04, 1.0427e+00, 5.2109e-03, 
 2DIAGNOSTIC,    25, -5.296271130649e-01, 8.499150549875e-05, 1.0479e+00, 5.2378e-03, 
 2DIAGNOSTIC,    26, -5.296539599384e-01, 4.983583932696e-05, 1.0527e+00, 4.8470e-03, 
 2DIAGNOSTIC,    27, -5.297704229809e-01, 2.877322815948e-05, 1.0576e+00, 4.9050e-03, 
 2DIAGNOSTIC,    28, -5.299884954866e-01, 2.504887532154e-05, 1.0641e+00, 6.4220e-03, 
 2DIAGNOSTIC,    29, -5.300854192462e-01, 2.569611952638e-05, 1.0693e+00, 5.2111e-03, 
 2DIAGNOSTIC,    30, -5.300410324622e-01, 2.732899344692e-05, 1.0741e+00, 4.8501e-03, 
 2DIAGNOSTIC,    31, -5.300376932142e-01, 2.724560548735e-05, 1.0788e+00, 4.6401e-03, 
 2DIAGNOSTIC,    32, -5.301686264233e-01, 2.763232919310e-05, 1.0834e+00, 4.6360e-03, 
 2DIAGNOSTIC,    33, -5.303926738420e-01, 2.905769096982e-05, 1.0894e+00, 6.0019e-03, 
 2DIAGNOSTIC,    34, -5.304519664600e-01, 2.945835348623e-05, 1.0955e+00, 6.0751e-03, 
 2DIAGNOSTIC,    35, -5.305073139183e-01, 2.868169329120e-05, 1.1001e+00, 4.6260e-03, 
 2DIAGNOSTIC,    36, -5.305686017147e-01, 2.670517373878e-05, 1.1047e+00, 4.6360e-03, 
 2DIAGNOSTIC,    37, -5.306602858942e-01, 2.533264912955e-05, 1.1113e+00, 6.5250e-03, 
 2DIAGNOSTIC,    38, -5.306881156230e-01, 2.512162425084e-05, 1.1159e+00, 4.6380e-03, 
 2DIAGNOSTIC,    39, -5.307317416635e-01, 2.461885298720e-05, 1.1205e+00, 4.5602e-03, 
 2DIAGNOSTIC,    40, -5.308225091354e-01, 2.257034276352e-05, 1.1268e+00, 6.3090e-03, 
 2DIAGNOSTIC,    41, -5.308460424125e-01, 1.877385526102e-05, 1.1314e+00, 4.6260e-03, 
 2DIAGNOSTIC,    42, -5.308561837321e-01, 1.520831957327e-05, 1.1363e+00, 4.9350e-03, 
 2DIAGNOSTIC,    43, -5.308777649273e-01, 1.355835177245e-05, 1.1415e+00, 5.1212e-03, 
 2DIAGNOSTIC,    44, -5.309114036110e-01, 1.190613944390e-05, 1.1463e+00, 4.8811e-03, 
 2DIAGNOSTIC,    45, -5.310262965518e-01, 1.129423566621e-05, 1.1545e+00, 8.1141e-03, 
 2DIAGNOSTIC,    46, -5.310374074445e-01, 1.049838942016e-05, 1.1596e+00, 5.1889e-03, 
 2DIAGNOSTIC,    47, -5.310434720121e-01, 9.962263450323e-06, 1.1651e+00, 5.4319e-03, 
 2DIAGNOSTIC,    48, -5.310518853633e-01, 8.989886106876e-06, 1.1701e+00, 5.0550e-03, 
 2DIAGNOSTIC,    49, -5.310584329536e-01, 7.783359501606e-06, 1.1763e+00, 6.2191e-03, 
 2DIAGNOSTIC,    50, -5.310645817646e-01, 6.973833584008e-06, 1.1833e+00, 6.9180e-03, 
 2DIAGNOSTIC,    51, -5.310656430618e-01, 5.851695600575e-06, 1.1884e+00, 5.0871e-03, 
 2DIAGNOSTIC,    52, -5.310738190002e-01, 4.481863510066e-06, 1.1943e+00, 5.9481e-03, 
 2DIAGNOSTIC,    53, -5.310768127969e-01, 3.049471521598e-06, 1.1995e+00, 5.2021e-03, 
 2DIAGNOSTIC,    54, -5.310775506016e-01, 1.750844720247e-06, 1.2045e+00, 4.9751e-03, 
 2DIAGNOSTIC,    55, -5.310817434211e-01, 1.565716413202e-06, 1.2094e+00, 4.9460e-03, 
 2DIAGNOSTIC,    56, -5.310870994121e-01, 1.452195857520e-06, 1.2149e+00, 5.4350e-03, 
 2DIAGNOSTIC,    57, -5.310885232962e-01, 1.327089154849e-06, 1.2200e+00, 5.1441e-03, 
 2DIAGNOSTIC,    58, -5.310914487850e-01, 1.238639651142e-06, 1.2252e+00, 5.2040e-03, 
 2DIAGNOSTIC,    59, -5.311015678587e-01, 1.240623596695e-06, 1.2309e+00, 5.7390e-03, 
 2DIAGNOSTIC,    60, -5.311021904297e-01, 1.235244579036e-06, 1.2355e+00, 4.5998e-03, 
 2DIAGNOSTIC,    61, -5.311059901820e-01, 1.204917779166e-06, 1.2512e+00, 1.5642e-02, 
 2DIAGNOSTIC,    62, -5.311059901659e-01, 1.182103197387e-06, 1.2671e+00, 1.5933e-02, 
 2DIAGNOSTIC,    63, -5.311059901659e-01, 1.122797857672e-06, 1.2728e+00, 5.6548e-03, 
 2DIAGNOSTIC,    64, -5.311059901659e-01, 1.011506956264e-06, 1.2784e+00, 5.6150e-03, 
DIAGNOSTIC,Iteration,metricValue,convergenceValue,ITERATION_TIME_INDEX,SINCE_LAST
 2DIAGNOSTIC,     1, -4.295258231625e-01, 1.797693134862e+308, 2.0162e+00, 7.3779e-01, 
 2DIAGNOSTIC,     2, -4.302859640432e-01, 1.797693134862e+308, 2.0480e+00, 3.1803e-02, 
 2DIAGNOSTIC,     3, -4.309651196675e-01, 1.797693134862e+308, 2.0790e+00, 3.1052e-02, 
 2DIAGNOSTIC,     4, -4.317164347764e-01, 1.797693134862e+308, 2.1094e+00, 3.0383e-02, 
 2DIAGNOSTIC,     5, -4.325561938345e-01, 1.797693134862e+308, 2.1405e+00, 3.1053e-02, 
 2DIAGNOSTIC,     6, -4.341819580779e-01, 1.797693134862e+308, 2.1725e+00, 3.2052e-02, 
 2DIAGNOSTIC,     7, -4.354327949460e-01, 1.797693134862e+308, 2.2046e+00, 3.2075e-02, 
 2DIAGNOSTIC,     8, -4.367134834400e-01, 1.797693134862e+308, 2.2433e+00, 3.8713e-02, 
 2DIAGNOSTIC,     9, -4.377076816053e-01, 1.797693134862e+308, 2.2866e+00, 4.3262e-02, 
 2DIAGNOSTIC,    10, -4.379510214291e-01, 1.375954781895e-03, 2.3179e+00, 3.1358e-02, 
 2DIAGNOSTIC,    11, -4.381306699704e-01, 1.211218579661e-03, 2.3498e+00, 3.1881e-02, 
 2DIAGNOSTIC,    12, -4.403708091236e-01, 1.128184042346e-03, 2.3881e+00, 3.8259e-02, 
 2DIAGNOSTIC,    13, -4.435986505855e-01, 1.148562288550e-03, 2.4278e+00, 3.9701e-02, 
 2DIAGNOSTIC,    14, -4.436199448091e-01, 1.094787362461e-03, 2.4591e+00, 3.1372e-02, 
 2DIAGNOSTIC,    15, -4.445052016256e-01, 1.025845788328e-03, 2.4938e+00, 3.4660e-02, 
 2DIAGNOSTIC,    16, -4.479362667140e-01, 1.077370587812e-03, 2.5355e+00, 4.1691e-02, 
 2DIAGNOSTIC,    17, -4.481475950944e-01, 1.073587587568e-03, 2.5654e+00, 2.9944e-02, 
 2DIAGNOSTIC,    18, -4.482020490337e-01, 1.018146301211e-03, 2.5985e+00, 3.3085e-02, 
 2DIAGNOSTIC,    19, -4.481966708604e-01, 9.107728221966e-04, 2.6544e+00, 5.5863e-02, 
 2DIAGNOSTIC,    20, -4.481953335845e-01, 7.394369050211e-04, 2.6842e+00, 2.9833e-02, 
 2DIAGNOSTIC,    21, -4.481954334248e-01, 5.189437705823e-04, 2.7210e+00, 3.6773e-02, 
 2DIAGNOSTIC,    22, -4.482018533935e-01, 3.337448828447e-04, 2.7547e+00, 3.3728e-02, 
 2DIAGNOSTIC,    23, -4.481921491815e-01, 2.259319917529e-04, 2.7846e+00, 2.9898e-02, 
 2DIAGNOSTIC,    24, -4.482074312937e-01, 1.077320646887e-04, 2.8196e+00, 3.4998e-02, 
 2DIAGNOSTIC,    25, -4.482144439074e-01, 9.691656790108e-06, 2.8545e+00, 3.4925e-02, 
 2DIAGNOSTIC,    26, -4.482116710094e-01, 3.273680236816e-06, 2.8881e+00, 3.3530e-02, 
 2DIAGNOSTIC,    27, -4.482088353625e-01, 2.084627381889e-06, 2.9242e+00, 3.6129e-02, 
 2DIAGNOSTIC,    28, -4.482139220019e-01, 2.274305119301e-06, 2.9573e+00, 3.3054e-02, 
 2DIAGNOSTIC,    29, -4.482420866428e-01, 2.842586973126e-06, 2.9940e+00, 3.6763e-02, 
 2DIAGNOSTIC,    30, -4.482455732749e-01, 3.232687283000e-06, 3.0342e+00, 4.0223e-02, 
 2DIAGNOSTIC,    31, -4.482405886508e-01, 3.298138913532e-06, 3.0679e+00, 3.3660e-02, 
 2DIAGNOSTIC,    32, -4.482290914931e-01, 3.068922062990e-06, 3.1004e+00, 3.2541e-02, 
 2DIAGNOSTIC,    33, -4.482261087455e-01, 2.406544391265e-06, 3.1384e+00, 3.7955e-02, 
 2DIAGNOSTIC,    34, -4.482147421280e-01, 1.704267988102e-06, 3.1812e+00, 4.2761e-02, 
 2DIAGNOSTIC,    35, -4.482170221650e-01, 1.142411379433e-06, 3.2175e+00, 3.6300e-02, 
DIAGNOSTIC,Iteration,metricValue,convergenceValue,ITERATION_TIME_INDEX,SINCE_LAST
 2DIAGNOSTIC,     1, -3.932184618839e-01, 1.797693134862e+308, 4.5475e+00, 1.3301e+00, 
 2DIAGNOSTIC,     2, -3.933350080733e-01, 1.797693134862e+308, 4.8296e+00, 2.8205e-01, 
 2DIAGNOSTIC,     3, -3.934316047524e-01, 1.797693134862e+308, 5.1089e+00, 2.7933e-01, 
 2DIAGNOSTIC,     4, -3.934445201602e-01, 1.797693134862e+308, 5.5146e+00, 4.0568e-01, 
 2DIAGNOSTIC,     5, -3.934561041323e-01, 1.797693134862e+308, 5.9002e+00, 3.8559e-01, 
 2DIAGNOSTIC,     6, -3.934557400389e-01, 1.797693134862e+308, 6.3189e+00, 4.1876e-01, 
 2DIAGNOSTIC,     7, -3.934568947840e-01, 1.797693134862e+308, 6.8335e+00, 5.1453e-01, 
 2DIAGNOSTIC,     8, -3.934560026653e-01, 1.797693134862e+308, 7.2125e+00, 3.7907e-01, 
 2DIAGNOSTIC,     9, -3.934553707367e-01, 1.797693134862e+308, 7.6749e+00, 4.6232e-01, 
 2DIAGNOSTIC,    10, -3.934548435749e-01, 2.950388548788e-05, 8.0447e+00, 3.6984e-01, 
 2DIAGNOSTIC,    11, -3.934535150784e-01, 1.251787973165e-05, 8.4477e+00, 4.0301e-01, 
 2DIAGNOSTIC,    12, -3.934529103703e-01, 4.334108888171e-06, 8.8408e+00, 3.9313e-01, 
 2DIAGNOSTIC,    13, -3.934523312266e-01, 2.580302683464e-06, 9.1933e+00, 3.5251e-01, 
 2DIAGNOSTIC,    14, -3.934518640821e-01, 1.691075607047e-06, 9.6187e+00, 4.2537e-01, 
 2DIAGNOSTIC,    15, -3.934519734352e-01, 1.537715183131e-06, 1.0175e+01, 5.5595e-01, 
 2DIAGNOSTIC,    16, -3.934513609465e-01, 1.410839922875e-06, 1.0558e+01, 3.8370e-01, 
 2DIAGNOSTIC,    17, -3.934508380176e-01, 1.380509455605e-06, 1.0948e+01, 3.8950e-01, 
 2DIAGNOSTIC,    18, -3.934502559661e-01, 1.340256765306e-06, 1.1285e+01, 3.3702e-01, 
 2DIAGNOSTIC,    19, -3.934497851658e-01, 1.301860316973e-06, 1.1638e+01, 3.5275e-01, 
 2DIAGNOSTIC,    20, -3.934499621533e-01, 1.290039246392e-06, 1.1927e+01, 2.8978e-01, 
 2DIAGNOSTIC,    21, -3.934502604830e-01, 1.271710172050e-06, 1.2293e+01, 3.6598e-01, 
 2DIAGNOSTIC,    22, -3.934498715499e-01, 1.245514104881e-06, 1.2773e+01, 4.7959e-01, 
 2DIAGNOSTIC,    23, -3.934501307132e-01, 1.231426824982e-06, 1.3181e+01, 4.0851e-01, 
 2DIAGNOSTIC,    24, -3.934495535601e-01, 1.200792294917e-06, 1.3508e+01, 3.2612e-01, 
 2DIAGNOSTIC,    25, -3.934490927516e-01, 1.174527716447e-06, 1.3826e+01, 3.1820e-01, 
 2DIAGNOSTIC,    26, -3.934495816199e-01, 1.156238071912e-06, 1.4242e+01, 4.1650e-01, 
 2DIAGNOSTIC,    27, -3.934510332797e-01, 1.170201608371e-06, 1.4672e+01, 4.2968e-01, 
 2DIAGNOSTIC,    28, -3.934498670165e-01, 1.138213983745e-06, 1.5056e+01, 3.8436e-01, 
 2DIAGNOSTIC,    29, -3.934494067831e-01, 1.086573241431e-06, 1.5384e+01, 3.2764e-01, 
 2DIAGNOSTIC,    30, -3.934490070930e-01, 1.034518273414e-06, 1.5715e+01, 3.3135e-01, 
 2DIAGNOSTIC,    31, -3.934493552147e-01, 1.002859702087e-06, 1.5998e+01, 2.8271e-01, 
 2DIAGNOSTIC,    32, -3.934514388915e-01, 1.012150023669e-06, 1.6321e+01, 3.2343e-01, 
 2DIAGNOSTIC,    33, -3.934519791607e-01, 1.036072065211e-06, 1.6616e+01, 2.9478e-01, 
 2DIAGNOSTIC,    34, -3.934514161983e-01, 1.029043054979e-06, 1.6898e+01, 2.8209e-01, 
 2DIAGNOSTIC,    35, -3.934525148374e-01, 1.027695557675e-06, 1.7226e+01, 3.2782e-01, 
 2DIAGNOSTIC,    36, -3.934539683964e-01, 1.051995706304e-06, 1.7589e+01, 3.6266e-01, 
 2DIAGNOSTIC,    37, -3.934536117408e-01, 1.079271535146e-06, 1.7908e+01, 3.1879e-01, 
 2DIAGNOSTIC,    38, -3.934525130798e-01, 1.042002424637e-06, 1.8195e+01, 2.8782e-01, 
DIAGNOSTIC,Iteration,metricValue,convergenceValue,ITERATION_TIME_INDEX,SINCE_LAST
 2DIAGNOSTIC,     1, -3.660000232018e-01, 1.797693134862e+308, 2.0706e+01, 2.5109e+00, 
 2DIAGNOSTIC,     2, -3.661006044919e-01, 1.797693134862e+308, 2.2480e+01, 1.7735e+00, 
 2DIAGNOSTIC,     3, -3.661940053509e-01, 1.797693134862e+308, 2.5027e+01, 2.5475e+00, 
 2DIAGNOSTIC,     4, -3.662025643943e-01, 1.797693134862e+308, 2.8413e+01, 3.3855e+00, 
 2DIAGNOSTIC,     5, -3.662022977366e-01, 1.797693134862e+308, 3.0614e+01, 2.2009e+00, 
 2DIAGNOSTIC,     6, -3.662022733231e-01, 1.797693134862e+308, 3.2295e+01, 1.6816e+00, 
 2DIAGNOSTIC,     7, -3.662021510388e-01, 1.797693134862e+308, 3.4013e+01, 1.7173e+00, 
 2DIAGNOSTIC,     8, -3.662021104743e-01, 1.797693134862e+308, 3.5799e+01, 1.7861e+00, 
 2DIAGNOSTIC,     9, -3.662019867584e-01, 1.797693134862e+308, 3.7447e+01, 1.6484e+00, 
 2DIAGNOSTIC,    10, -3.662019340640e-01, 2.615307049415e-05, 3.8907e+01, 1.4601e+00, 
 2DIAGNOSTIC,    11, -3.662019021365e-01, 1.049208987204e-05, 4.0567e+01, 1.6595e+00, 
 2DIAGNOSTIC,    12, -3.662017877813e-01, 3.091361305593e-06, 4.2484e+01, 1.9169e+00, 
 2DIAGNOSTIC,    13, -3.662019075662e-01, 2.358435175265e-06, 4.4226e+01, 1.7422e+00, 
 2DIAGNOSTIC,    14, -3.662018587087e-01, 2.210206150280e-06, 4.5968e+01, 1.7426e+00, 
 2DIAGNOSTIC,    15, -3.662018920110e-01, 2.075386383485e-06, 4.7755e+01, 1.7865e+00, 
 2DIAGNOSTIC,    16, -3.662018421350e-01, 1.958104233840e-06, 4.9212e+01, 1.4575e+00, 
 2DIAGNOSTIC,    17, -3.662017315632e-01, 1.846828480721e-06, 5.0668e+01, 1.4551e+00, 
 2DIAGNOSTIC,    18, -3.662016584516e-01, 1.745449632606e-06, 5.2233e+01, 1.5654e+00, 
 2DIAGNOSTIC,    19, -3.662015876303e-01, 1.648798695388e-06, 5.3840e+01, 1.6073e+00, 
 2DIAGNOSTIC,    20, -3.662013732912e-01, 1.553843733716e-06, 5.5350e+01, 1.5092e+00, 
 2DIAGNOSTIC,    21, -3.662013254916e-01, 1.468744459894e-06, 5.7425e+01, 2.0750e+00, 
 2DIAGNOSTIC,    22, -3.662011170342e-01, 1.384171216846e-06, 5.9177e+01, 1.7520e+00, 
 2DIAGNOSTIC,    23, -3.662008967256e-01, 1.309503510571e-06, 6.0771e+01, 1.5947e+00, 
 2DIAGNOSTIC,    24, -3.662008589269e-01, 1.245216163751e-06, 6.2570e+01, 1.7989e+00, 
 2DIAGNOSTIC,    25, -3.662009022514e-01, 1.195923434706e-06, 6.4324e+01, 1.7534e+00, 
 2DIAGNOSTIC,    26, -3.662008588619e-01, 1.154782587352e-06, 6.5871e+01, 1.5478e+00, 
 2DIAGNOSTIC,    27, -3.662010886941e-01, 1.126687712086e-06, 6.7837e+01, 1.9656e+00, 
 2DIAGNOSTIC,    28, -3.662011544993e-01, 1.105168528248e-06, 6.9689e+01, 1.8524e+00, 
 2DIAGNOSTIC,    29, -3.662007271233e-01, 1.074819857470e-06, 7.1699e+01, 2.0094e+00, 
 2DIAGNOSTIC,    30, -3.662006710283e-01, 1.041888299108e-06, 7.3305e+01, 1.6057e+00, 
 2DIAGNOSTIC,    31, -3.662006079441e-01, 1.010052195258e-06, 7.4907e+01, 1.6020e+00, 
  Elapsed time (stage 0): 7.5741e+01


Total elapsed time: 7.5746e+01
Info [verificarlo]: loaded backend libinterflop_ieee.so
Info [interflop-ieee]: load backend with:
Info [interflop-ieee]: debug = false
Info [interflop-ieee]: debug-binary = false
Info [interflop-ieee]: no-backend-name = false
Info [interflop-ieee]: print-new-line = false
Info [interflop-ieee]: print-subnormal-normalized = false
Info [interflop-ieee]: count-op = false
All_Command_lines_OK
Using double precision for computations.
=============================================================================
The composite transform comprises the following transforms (in order): 
  1. /home/mdugre/scratch/mri-registration-rp/datasets/ds004513/derivatives/mri-registration-rp/0001/antsRegistration-r7-p21/sub-s014/rigid_Composite.h5[0] (type = Euler3DTransform)
  2. /home/mdugre/scratch/mri-registration-rp/datasets/ds004513/derivatives/mri-registration-rp/0001/antsRegistration-r7-p21/sub-s014/rigid_Composite.h5[1] (type = Euler3DTransform)
  3. /home/mdugre/scratch/mri-registration-rp/datasets/ds004513/derivatives/mri-registration-rp/0001/antsRegistration-r7-p21/sub-s014/rigid_Composite.h5[2] (type = Euler3DTransform)
=============================================================================
  number of levels = 4
  fixed image: /templateflow/tpl-MNI152NLin2009cAsym/tpl-MNI152NLin2009cAsym_res-01_desc-brain_T1w.nii.gz
  moving image: /home/mdugre/scratch/mri-registration-rp/datasets/ds004513/derivatives/mri-registration-rp/antsBrainExtraction/sub-s014/BrainExtractionBrain.nii.gz
Dimension = 3
Number of stages = 1
Use histogram matching = false
Winsorize image intensities = true
  Lower quantile = 0.005
  Upper quantile = 0.995


Stage 1 State
   Image metric = MattesMI
     Fixed image = Image (0x4c737e0)
  RTTI typeinfo:   itk::Image<double, 3u>
  Reference Count: 2
  Modified Time: 1594
  Debug: Off
  Object Name: 
  Observers: 
    none
  Source: (none)
  Source output name: (none)
  Release Data: Off
  Data Released: False
  Global Release Data: Off
  PipelineMTime: 0
  UpdateMTime: 1203
  RealTimeStamp: 0 seconds 
  LargestPossibleRegion: 
    Dimension: 3
    Index: [0, 0, 0]
    Size: [193, 229, 193]
  BufferedRegion: 
    Dimension: 3
    Index: [0, 0, 0]
    Size: [193, 229, 193]
  RequestedRegion: 
    Dimension: 3
    Index: [0, 0, 0]
    Size: [193, 229, 193]
  Spacing: [1, 1, 1]
  Origin: [96, 132, -78]
  Direction: 
-1 0 0
0 -1 0
0 0 1

  IndexToPointMatrix: 
-1 0 0
0 -1 0
0 0 1

  PointToIndexMatrix: 
-1 0 0
0 -1 0
0 0 1

  Inverse Direction: 
-1 0 0
0 -1 0
0 0 1

  PixelContainer: 
    ImportImageContainer (0x4d33a20)
      RTTI typeinfo:   itk::ImportImageContainer<unsigned long, double>
      Reference Count: 1
      Modified Time: 1200
      Debug: Off
      Object Name: 
      Observers: 
        none
      Pointer: 0x14abc0ecd010
      Container manages memory: true
      Size: 8530021
      Capacity: 8530021

     Moving image = Image (0x4d2ed70)
  RTTI typeinfo:   itk::Image<double, 3u>
  Reference Count: 2
  Modified Time: 1595
  Debug: Off
  Object Name: 
  Observers: 
    none
  Source: (none)
  Source output name: (none)
  Release Data: Off
  Data Released: False
  Global Release Data: Off
  PipelineMTime: 0
  UpdateMTime: 1592
  RealTimeStamp: 0 seconds 
  LargestPossibleRegion: 
    Dimension: 3
    Index: [0, 0, 0]
    Size: [160, 240, 256]
  BufferedRegion: 
    Dimension: 3
    Index: [0, 0, 0]
    Size: [160, 240, 256]
  RequestedRegion: 
    Dimension: 3
    Index: [0, 0, 0]
    Size: [160, 240, 256]
  Spacing: [0.999999, 1, 1]
  Origin: [84.1637, 106.709, -120.531]
  Direction: 
-0.999619 -0.0226874 -0.0157033
0.0226846 -0.999743 0.00035635
-0.0157073 -7.8229e-09 0.999877

  IndexToPointMatrix: 
-0.999619 -0.0226874 -0.0157033
0.0226845 -0.999743 0.00035635
-0.0157073 -7.8229e-09 0.999877

  PointToIndexMatrix: 
-0.99962 0.0226846 -0.0157073
-0.0226874 -0.999743 -7.83127e-09
-0.0157033 0.00035635 0.999877

  Inverse Direction: 
-0.999619 0.0226846 -0.0157073
-0.0226874 -0.999743 -7.83127e-09
-0.0157033 0.00035635 0.999877

  PixelContainer: 
    ImportImageContainer (0x4ce6c90)
      RTTI typeinfo:   itk::ImportImageContainer<unsigned long, double>
      Reference Count: 1
      Modified Time: 1589
      Debug: Off
      Object Name: 
      Observers: 
        none
      Pointer: 0x14abbc3cc010
      Container manages memory: true
      Size: 9830400
      Capacity: 9830400

     Weighting = 1
     Sampling strategy = regular
     Number of bins = 32
     Radius = 4
     Sampling percentage  = 0.25
   Transform = Affine
     Gradient step = 0.1
     Update field sigma (voxel space) = 0
     Total field sigma (voxel space) = 0
     Update field time sigma = 0
     Total field time sigma  = 0
     Number of time indices = 0
     Number of time point samples = 0
Registration using 1 total stages.

Stage 0
  iterations = 1000x500x250x100
  convergence threshold = 1e-06
  convergence window size = 10
  number of levels = 4
  using the Mattes MI metric (number of bins = 32, weight = 1, use gradient filter = 0)
  preprocessing:  winsorizing the image intensities
  Shrink factors (level 1 out of 4): [8, 8, 8]
  Shrink factors (level 2 out of 4): [4, 4, 4]
  Shrink factors (level 3 out of 4): [2, 2, 2]
  Shrink factors (level 4 out of 4): [1, 1, 1]
  smoothing sigmas per level: [3, 2, 1, 0]
  regular sampling (percentage = 0.25)

*** Running AffineTransform registration ***

DIAGNOSTIC,Iteration,metricValue,convergenceValue,ITERATION_TIME_INDEX,SINCE_LAST
 2DIAGNOSTIC,     1, -5.239750082942e-01, 1.797693134862e+308, 9.7989e-01, 9.7989e-01, 
 2DIAGNOSTIC,     2, -5.258640013763e-01, 1.797693134862e+308, 9.8671e-01, 6.8169e-03, 
 2DIAGNOSTIC,     3, -5.291088180772e-01, 1.797693134862e+308, 9.9246e-01, 5.7480e-03, 
 2DIAGNOSTIC,     4, -5.347710741733e-01, 1.797693134862e+308, 9.9816e-01, 5.6970e-03, 
 2DIAGNOSTIC,     5, -5.449383437522e-01, 1.797693134862e+308, 1.0041e+00, 5.9268e-03, 
 2DIAGNOSTIC,     6, -6.215306314831e-01, 1.797693134862e+308, 1.0113e+00, 7.1900e-03, 
 2DIAGNOSTIC,     7, -6.633611083314e-01, 1.797693134862e+308, 1.0187e+00, 7.4100e-03, 
 2DIAGNOSTIC,     8, -7.298997536955e-01, 1.797693134862e+308, 1.0273e+00, 8.6520e-03, 
 2DIAGNOSTIC,     9, -7.422520962347e-01, 1.797693134862e+308, 1.0336e+00, 6.2470e-03, 
 2DIAGNOSTIC,    10, -7.541338194101e-01, 2.915590341105e-02, 1.0403e+00, 6.6919e-03, 
 2DIAGNOSTIC,    11, -7.649021900036e-01, 2.764847178196e-02, 1.0484e+00, 8.1160e-03, 
 2DIAGNOSTIC,    12, -7.741613748861e-01, 2.434790887049e-02, 1.0593e+00, 1.0890e-02, 
 2DIAGNOSTIC,    13, -7.770751984889e-01, 1.968342009422e-02, 1.0672e+00, 7.9160e-03, 
 2DIAGNOSTIC,    14, -7.814243535708e-01, 1.436952488695e-02, 1.0740e+00, 6.7961e-03, 
 2DIAGNOSTIC,    15, -7.874240640351e-01, 9.014365942160e-03, 1.0827e+00, 8.7380e-03, 
 2DIAGNOSTIC,    16, -7.920938709706e-01, 5.733377068134e-03, 1.0897e+00, 6.9580e-03, 
 2DIAGNOSTIC,    17, -7.957348986922e-01, 3.442741444387e-03, 1.0972e+00, 7.4880e-03, 
 2DIAGNOSTIC,    18, -8.010581665976e-01, 2.769033436180e-03, 1.1067e+00, 9.5050e-03, 
 2DIAGNOSTIC,    19, -8.020624750414e-01, 2.204704962022e-03, 1.1162e+00, 9.4700e-03, 
 2DIAGNOSTIC,    20, -8.025886222695e-01, 1.748773487765e-03, 1.1229e+00, 6.7630e-03, 
 2DIAGNOSTIC,    21, -8.047947763227e-01, 1.424914554992e-03, 1.1306e+00, 7.6551e-03, 
 2DIAGNOSTIC,    22, -8.088014557114e-01, 1.241443827215e-03, 1.1405e+00, 9.8848e-03, 
 2DIAGNOSTIC,    23, -8.108219993560e-01, 1.042879340786e-03, 1.1470e+00, 6.5629e-03, 
 2DIAGNOSTIC,    24, -8.126152080887e-01, 8.656476879551e-04, 1.1540e+00, 7.0000e-03, 
 2DIAGNOSTIC,    25, -8.155474688598e-01, 7.639639419973e-04, 1.1613e+00, 7.2360e-03, 
 2DIAGNOSTIC,    26, -8.215013593041e-01, 7.574348999964e-04, 1.1678e+00, 6.5629e-03, 
 2DIAGNOSTIC,    27, -8.250896632331e-01, 7.798695467512e-04, 1.1759e+00, 8.1081e-03, 
 2DIAGNOSTIC,    28, -8.288905918735e-01, 8.529437542306e-04, 1.1847e+00, 8.7781e-03, 
 2DIAGNOSTIC,    29, -8.297171302714e-01, 8.653441375778e-04, 1.1918e+00, 7.1130e-03, 
 2DIAGNOSTIC,    30, -8.333740086863e-01, 8.490292414781e-04, 1.1985e+00, 6.7341e-03, 
 2DIAGNOSTIC,    31, -8.366882548004e-01, 8.191403771097e-04, 1.2068e+00, 8.2321e-03, 
 2DIAGNOSTIC,    32, -8.378462192906e-01, 7.740138045798e-04, 1.2134e+00, 6.5870e-03, 
 2DIAGNOSTIC,    33, -8.386444448087e-01, 6.920095196328e-04, 1.2212e+00, 7.8111e-03, 
 2DIAGNOSTIC,    34, -8.393199342307e-01, 5.779599938272e-04, 1.2305e+00, 9.3691e-03, 
 2DIAGNOSTIC,    35, -8.396556272091e-01, 4.502115566423e-04, 1.2487e+00, 1.8171e-02, 
 2DIAGNOSTIC,    36, -8.402327912748e-01, 3.546945309535e-04, 1.2572e+00, 8.4550e-03, 
 2DIAGNOSTIC,    37, -8.406979433944e-01, 2.715310743745e-04, 1.2637e+00, 6.4812e-03, 
 2DIAGNOSTIC,    38, -8.411695827928e-01, 2.099576994724e-04, 1.2700e+00, 6.3331e-03, 
 2DIAGNOSTIC,    39, -8.413407085813e-01, 1.409333367286e-04, 1.2763e+00, 6.2761e-03, 
 2DIAGNOSTIC,    40, -8.419747734573e-01, 1.015327108091e-04, 1.2839e+00, 7.6749e-03, 
 2DIAGNOSTIC,    41, -8.420480085030e-01, 8.493673980000e-05, 1.2902e+00, 6.2511e-03, 
 2DIAGNOSTIC,    42, -8.422138411058e-01, 7.272304290787e-05, 1.2977e+00, 7.4680e-03, 
 2DIAGNOSTIC,    43, -8.428840725021e-01, 6.677509554246e-05, 1.3069e+00, 9.2731e-03, 
 2DIAGNOSTIC,    44, -8.426920502047e-01, 5.871894584621e-05, 1.3140e+00, 7.0620e-03, 
 2DIAGNOSTIC,    45, -8.426395679814e-01, 4.784411524649e-05, 1.3201e+00, 6.0902e-03, 
 2DIAGNOSTIC,    46, -8.428053910895e-01, 3.891085878584e-05, 1.3263e+00, 6.1941e-03, 
 2DIAGNOSTIC,    47, -8.428392852418e-01, 3.050691854938e-05, 1.3332e+00, 6.9332e-03, 
 2DIAGNOSTIC,    48, -8.429102495485e-01, 2.370712642763e-05, 1.3399e+00, 6.6729e-03, 
 2DIAGNOSTIC,    49, -8.427969099096e-01, 1.534417159356e-05, 1.3462e+00, 6.2940e-03, 
 2DIAGNOSTIC,    50, -8.426857593502e-01, 9.865026822310e-06, 1.3518e+00, 5.6438e-03, 
 2DIAGNOSTIC,    51, -8.425853871793e-01, 3.548304578636e-06, 1.3574e+00, 5.6009e-03, 
DIAGNOSTIC,Iteration,metricValue,convergenceValue,ITERATION_TIME_INDEX,SINCE_LAST
 2DIAGNOSTIC,     1, -6.904851375518e-01, 1.797693134862e+308, 2.1093e+00, 7.5183e-01, 
 2DIAGNOSTIC,     2, -6.913431262541e-01, 1.797693134862e+308, 2.1498e+00, 4.0508e-02, 
 2DIAGNOSTIC,     3, -6.918298391241e-01, 1.797693134862e+308, 2.1903e+00, 4.0566e-02, 
 2DIAGNOSTIC,     4, -6.920450024786e-01, 1.797693134862e+308, 2.2312e+00, 4.0863e-02, 
 2DIAGNOSTIC,     5, -6.923678252761e-01, 1.797693134862e+308, 2.2730e+00, 4.1780e-02, 
 2DIAGNOSTIC,     6, -6.927972451375e-01, 1.797693134862e+308, 2.3130e+00, 4.0048e-02, 
 2DIAGNOSTIC,     7, -6.933145827037e-01, 1.797693134862e+308, 2.3894e+00, 7.6359e-02, 
 2DIAGNOSTIC,     8, -6.933323025585e-01, 1.797693134862e+308, 2.4364e+00, 4.6982e-02, 
 2DIAGNOSTIC,     9, -6.933206119191e-01, 1.797693134862e+308, 2.4805e+00, 4.4164e-02, 
 2DIAGNOSTIC,    10, -6.933077457569e-01, 2.604869585360e-04, 2.5262e+00, 4.5658e-02, 
 2DIAGNOSTIC,    11, -6.932917150356e-01, 1.771733720932e-04, 2.5671e+00, 4.0961e-02, 
 2DIAGNOSTIC,    12, -6.933034790147e-01, 1.213181343588e-04, 2.6105e+00, 4.3308e-02, 
 2DIAGNOSTIC,    13, -6.933192525265e-01, 7.926815282212e-05, 2.6552e+00, 4.4775e-02, 
 2DIAGNOSTIC,    14, -6.933214493342e-01, 4.274072347828e-05, 2.6945e+00, 3.9290e-02, 
 2DIAGNOSTIC,    15, -6.933297575870e-01, 1.631014832756e-05, 2.7383e+00, 4.3734e-02, 
 2DIAGNOSTIC,    16, -6.933862174645e-01, 3.972103385458e-06, 2.7813e+00, 4.3070e-02, 
 2DIAGNOSTIC,    17, -6.934621134182e-01, 7.158776399729e-06, 2.8284e+00, 4.7050e-02, 
 2DIAGNOSTIC,    18, -6.935330727282e-01, 1.148359846678e-05, 2.8817e+00, 5.3301e-02, 
 2DIAGNOSTIC,    19, -6.936910360649e-01, 1.761103807309e-05, 2.9540e+00, 7.2355e-02, 
 2DIAGNOSTIC,    20, -6.936815222899e-01, 2.114589070029e-05, 3.0003e+00, 4.6256e-02, 
 2DIAGNOSTIC,    21, -6.936832653582e-01, 2.228129671940e-05, 3.0490e+00, 4.8716e-02, 
 2DIAGNOSTIC,    22, -6.936607925979e-01, 2.118179551445e-05, 3.0976e+00, 4.8603e-02, 
 2DIAGNOSTIC,    23, -6.936502610314e-01, 1.841426295360e-05, 3.1504e+00, 5.2777e-02, 
 2DIAGNOSTIC,    24, -6.936269343634e-01, 1.390048648717e-05, 3.1997e+00, 4.9286e-02, 
 2DIAGNOSTIC,    25, -6.936150498944e-01, 8.511839882479e-06, 3.2435e+00, 4.3831e-02, 
 2DIAGNOSTIC,    26, -6.935784848830e-01, 3.190510490865e-06, 3.2836e+00, 4.0112e-02, 
DIAGNOSTIC,Iteration,metricValue,convergenceValue,ITERATION_TIME_INDEX,SINCE_LAST
 2DIAGNOSTIC,     1, -5.887034375348e-01, 1.797693134862e+308, 4.6307e+00, 1.3471e+00, 
 2DIAGNOSTIC,     2, -5.893245418147e-01, 1.797693134862e+308, 5.0058e+00, 3.7509e-01, 
 2DIAGNOSTIC,     3, -5.900305091633e-01, 1.797693134862e+308, 5.3346e+00, 3.2884e-01, 
 2DIAGNOSTIC,     4, -5.908413274068e-01, 1.797693134862e+308, 5.6752e+00, 3.4059e-01, 
 2DIAGNOSTIC,     5, -5.919364347694e-01, 1.797693134862e+308, 6.0619e+00, 3.8670e-01, 
 2DIAGNOSTIC,     6, -5.937834458898e-01, 1.797693134862e+308, 6.7805e+00, 7.1858e-01, 
 2DIAGNOSTIC,     7, -5.937758346480e-01, 1.797693134862e+308, 7.3694e+00, 5.8896e-01, 
 2DIAGNOSTIC,     8, -5.937761589495e-01, 1.797693134862e+308, 7.8409e+00, 4.7145e-01, 
 2DIAGNOSTIC,     9, -5.937752284630e-01, 1.797693134862e+308, 8.2982e+00, 4.5729e-01, 
 2DIAGNOSTIC,    10, -5.937742769369e-01, 6.399992719982e-04, 8.7197e+00, 4.2155e-01, 
 2DIAGNOSTIC,    11, -5.937747166070e-01, 4.670854040879e-04, 9.1195e+00, 3.9982e-01, 
 2DIAGNOSTIC,    12, -5.937723405846e-01, 3.062160641324e-04, 9.4691e+00, 3.4961e-01, 
 2DIAGNOSTIC,    13, -5.937711905346e-01, 1.695061437743e-04, 9.7959e+00, 3.2671e-01, 
 2DIAGNOSTIC,    14, -5.937721660349e-01, 6.469659991262e-05, 1.0228e+01, 4.3165e-01, 
 2DIAGNOSTIC,    15, -5.937730429150e-01, 1.537519564443e-06, 1.0613e+01, 3.8507e-01, 
