
##########################
# Experiment information #
##########################

EXPERIMENT_NAME: antsRegistration-r7-p21
VFC_BACKENDS: libinterflop_vprec.so --range-binary32=7 --precision-binary32=21 --range-binary64=7 --precision-binary64=21

SIF_IMG: /home/mdugre/projects/rrg-glatard/mdugre/containers/ants-vprec-no_metrics.simg

SUBJECT_ID: s033
INPUT_IMG: /home/mdugre/scratch/mri-registration-rp/datasets/ds004513/derivatives/mri-registration-rp/antsBrainExtraction/sub-s033/BrainExtractionBrain.nii.gz
OUTPUT_DIR: /home/mdugre/scratch/mri-registration-rp/datasets/ds004513/derivatives/mri-registration-rp/0001/antsRegistration-r7-p21/sub-s033

FIXED_IMG: /templateflow/tpl-MNI152NLin2009cAsym/tpl-MNI152NLin2009cAsym_res-01_desc-brain_T1w.nii.gz
DATA_DIR: /home/mdugre/scratch/mri-registration-rp/datasets/ds004513
TEMPLATEFLOW_DIR: /home/mdugre/projects/rrg-glatard/mdugre/templateflow
ITK_GLOBAL_DEFAULT_NUMBER_OF_THREADS: 16
##########################

Info [verificarlo]: loaded backend libinterflop_ieee.so
Info [interflop-ieee]: load backend with:
Info [interflop-ieee]: debug = false
Info [interflop-ieee]: debug-binary = false
Info [interflop-ieee]: no-backend-name = false
Info [interflop-ieee]: print-new-line = false
Info [interflop-ieee]: print-subnormal-normalized = false
Info [interflop-ieee]: count-op = false
All_Command_lines_OK
Using double precision for computations.
=============================================================================
The composite transform comprises the following transforms (in order): 
  1. Center of mass alignment using fixed image: /templateflow/tpl-MNI152NLin2009cAsym/tpl-MNI152NLin2009cAsym_res-01_desc-brain_T1w.nii.gz and moving image: /home/mdugre/scratch/mri-registration-rp/datasets/ds004513/derivatives/mri-registration-rp/antsBrainExtraction/sub-s033/BrainExtractionBrain.nii.gz (type = Euler3DTransform)
=============================================================================
  number of levels = 1
  fixed image: /templateflow/tpl-MNI152NLin2009cAsym/tpl-MNI152NLin2009cAsym_res-01_desc-brain_T1w.nii.gz
  moving image: /home/mdugre/scratch/mri-registration-rp/datasets/ds004513/derivatives/mri-registration-rp/antsBrainExtraction/sub-s033/BrainExtractionBrain.nii.gz
Dimension = 3
Number of stages = 1
Use histogram matching = false
Winsorize image intensities = true
  Lower quantile = 0.005
  Upper quantile = 0.995


Stage 1 State
   Image metric = MattesMI
     Fixed image = Image (0x3db3e70)
  RTTI typeinfo:   itk::Image<double, 3u>
  Reference Count: 2
  Modified Time: 2330
  Debug: Off
  Object Name: 
  Observers: 
    none
  Source: (none)
  Source output name: (none)
  Release Data: Off
  Data Released: False
  Global Release Data: Off
  PipelineMTime: 0
  UpdateMTime: 1941
  RealTimeStamp: 0 seconds 
  LargestPossibleRegion: 
    Dimension: 3
    Index: [0, 0, 0]
    Size: [193, 229, 193]
  BufferedRegion: 
    Dimension: 3
    Index: [0, 0, 0]
    Size: [193, 229, 193]
  RequestedRegion: 
    Dimension: 3
    Index: [0, 0, 0]
    Size: [193, 229, 193]
  Spacing: [1, 1, 1]
  Origin: [96, 132, -78]
  Direction: 
-1 0 0
0 -1 0
0 0 1

  IndexToPointMatrix: 
-1 0 0
0 -1 0
0 0 1

  PointToIndexMatrix: 
-1 0 0
0 -1 0
0 0 1

  Inverse Direction: 
-1 0 0
0 -1 0
0 0 1

  PixelContainer: 
    ImportImageContainer (0x3dbcc60)
      RTTI typeinfo:   itk::ImportImageContainer<unsigned long, double>
      Reference Count: 1
      Modified Time: 1938
      Debug: Off
      Object Name: 
      Observers: 
        none
      Pointer: 0x15394d238010
      Container manages memory: true
      Size: 8530021
      Capacity: 8530021

     Moving image = Image (0x3db6540)
  RTTI typeinfo:   itk::Image<double, 3u>
  Reference Count: 2
  Modified Time: 2331
  Debug: Off
  Object Name: 
  Observers: 
    none
  Source: (none)
  Source output name: (none)
  Release Data: Off
  Data Released: False
  Global Release Data: Off
  PipelineMTime: 0
  UpdateMTime: 2328
  RealTimeStamp: 0 seconds 
  LargestPossibleRegion: 
    Dimension: 3
    Index: [0, 0, 0]
    Size: [160, 240, 256]
  BufferedRegion: 
    Dimension: 3
    Index: [0, 0, 0]
    Size: [160, 240, 256]
  RequestedRegion: 
    Dimension: 3
    Index: [0, 0, 0]
    Size: [160, 240, 256]
  Spacing: [1, 1, 1]
  Origin: [91.5134, 94.282, -109.927]
  Direction: 
-0.99591 -0.0698718 -0.0572835
0.0697565 -0.997556 0.00401236
-0.0574239 5.01125e-08 0.99835

  IndexToPointMatrix: 
-0.99591 -0.0698718 -0.0572835
0.0697565 -0.997556 0.00401236
-0.0574239 5.01125e-08 0.99835

  PointToIndexMatrix: 
-0.99591 0.0697565 -0.0574239
-0.0698718 -0.997556 5.01483e-08
-0.0572835 0.00401236 0.99835

  Inverse Direction: 
-0.99591 0.0697565 -0.0574239
-0.0698718 -0.997556 5.01483e-08
-0.0572835 0.00401236 0.99835

  PixelContainer: 
    ImportImageContainer (0x3ec8610)
      RTTI typeinfo:   itk::ImportImageContainer<unsigned long, double>
      Reference Count: 1
      Modified Time: 2325
      Debug: Off
      Object Name: 
      Observers: 
        none
      Pointer: 0x153948737010
      Container manages memory: true
      Size: 9830400
      Capacity: 9830400

     Weighting = 1
     Sampling strategy = regular
     Number of bins = 32
     Radius = 4
     Sampling percentage  = 0.25
   Transform = Rigid
     Gradient step = 0.1
     Update field sigma (voxel space) = 0
     Total field sigma (voxel space) = 0
     Update field time sigma = 0
     Total field time sigma  = 0
     Number of time indices = 0
     Number of time point samples = 0
Registration using 1 total stages.

Stage 0
  iterations = 0
  convergence threshold = 1e-06
  convergence window size = 10
  number of levels = 1
  using the Mattes MI metric (number of bins = 32, weight = 1, use gradient filter = 0)
  preprocessing:  winsorizing the image intensities
  Shrink factors (level 1 out of 1): [1, 1, 1]
  smoothing sigmas per level: [0]
  regular sampling (percentage = 0.25)

*** Running Euler3DTransform registration ***

  Elapsed time (stage 0): 1.09031


Total elapsed time: 1.09236
Info [verificarlo]: loaded backend libinterflop_ieee.so
Info [interflop-ieee]: load backend with:
Info [interflop-ieee]: debug = false
Info [interflop-ieee]: debug-binary = false
Info [interflop-ieee]: no-backend-name = false
Info [interflop-ieee]: print-new-line = false
Info [interflop-ieee]: print-subnormal-normalized = false
Info [interflop-ieee]: count-op = false
All_Command_lines_OK
Using double precision for computations.
=============================================================================
The composite transform comprises the following transforms (in order): 
  1. /home/mdugre/scratch/mri-registration-rp/datasets/ds004513/derivatives/mri-registration-rp/0001/antsRegistration-r7-p21/sub-s033/align_Composite.h5[0] (type = Euler3DTransform)
  2. /home/mdugre/scratch/mri-registration-rp/datasets/ds004513/derivatives/mri-registration-rp/0001/antsRegistration-r7-p21/sub-s033/align_Composite.h5[1] (type = Euler3DTransform)
=============================================================================
  number of levels = 4
  fixed image: /templateflow/tpl-MNI152NLin2009cAsym/tpl-MNI152NLin2009cAsym_res-01_desc-brain_T1w.nii.gz
  moving image: /home/mdugre/scratch/mri-registration-rp/datasets/ds004513/derivatives/mri-registration-rp/antsBrainExtraction/sub-s033/BrainExtractionBrain.nii.gz
Dimension = 3
Number of stages = 1
Use histogram matching = false
Winsorize image intensities = true
  Lower quantile = 0.005
  Upper quantile = 0.995


Stage 1 State
   Image metric = MattesMI
     Fixed image = Image (0x475a530)
  RTTI typeinfo:   itk::Image<double, 3u>
  Reference Count: 2
  Modified Time: 1578
  Debug: Off
  Object Name: 
  Observers: 
    none
  Source: (none)
  Source output name: (none)
  Release Data: Off
  Data Released: False
  Global Release Data: Off
  PipelineMTime: 0
  UpdateMTime: 1189
  RealTimeStamp: 0 seconds 
  LargestPossibleRegion: 
    Dimension: 3
    Index: [0, 0, 0]
    Size: [193, 229, 193]
  BufferedRegion: 
    Dimension: 3
    Index: [0, 0, 0]
    Size: [193, 229, 193]
  RequestedRegion: 
    Dimension: 3
    Index: [0, 0, 0]
    Size: [193, 229, 193]
  Spacing: [1, 1, 1]
  Origin: [96, 132, -78]
  Direction: 
-1 0 0
0 -1 0
0 0 1

  IndexToPointMatrix: 
-1 0 0
0 -1 0
0 0 1

  PointToIndexMatrix: 
-1 0 0
0 -1 0
0 0 1

  Inverse Direction: 
-1 0 0
0 -1 0
0 0 1

  PixelContainer: 
    ImportImageContainer (0x4818d60)
      RTTI typeinfo:   itk::ImportImageContainer<unsigned long, double>
      Reference Count: 1
      Modified Time: 1186
      Debug: Off
      Object Name: 
      Observers: 
        none
      Pointer: 0x1538f3677010
      Container manages memory: true
      Size: 8530021
      Capacity: 8530021

     Moving image = Image (0x480af60)
  RTTI typeinfo:   itk::Image<double, 3u>
  Reference Count: 2
  Modified Time: 1579
  Debug: Off
  Object Name: 
  Observers: 
    none
  Source: (none)
  Source output name: (none)
  Release Data: Off
  Data Released: False
  Global Release Data: Off
  PipelineMTime: 0
  UpdateMTime: 1576
  RealTimeStamp: 0 seconds 
  LargestPossibleRegion: 
    Dimension: 3
    Index: [0, 0, 0]
    Size: [160, 240, 256]
  BufferedRegion: 
    Dimension: 3
    Index: [0, 0, 0]
    Size: [160, 240, 256]
  RequestedRegion: 
    Dimension: 3
    Index: [0, 0, 0]
    Size: [160, 240, 256]
  Spacing: [1, 1, 1]
  Origin: [91.5134, 94.282, -109.927]
  Direction: 
-0.99591 -0.0698718 -0.0572835
0.0697565 -0.997556 0.00401236
-0.0574239 5.01125e-08 0.99835

  IndexToPointMatrix: 
-0.99591 -0.0698718 -0.0572835
0.0697565 -0.997556 0.00401236
-0.0574239 5.01125e-08 0.99835

  PointToIndexMatrix: 
-0.99591 0.0697565 -0.0574239
-0.0698718 -0.997556 5.01483e-08
-0.0572835 0.00401236 0.99835

  Inverse Direction: 
-0.99591 0.0697565 -0.0574239
-0.0698718 -0.997556 5.01483e-08
-0.0572835 0.00401236 0.99835

  PixelContainer: 
    ImportImageContainer (0x47fc6d0)
      RTTI typeinfo:   itk::ImportImageContainer<unsigned long, double>
      Reference Count: 1
      Modified Time: 1573
      Debug: Off
      Object Name: 
      Observers: 
        none
      Pointer: 0x1538eeb76010
      Container manages memory: true
      Size: 9830400
      Capacity: 9830400

     Weighting = 1
     Sampling strategy = regular
     Number of bins = 32
     Radius = 4
     Sampling percentage  = 0.25
   Transform = Rigid
     Gradient step = 0.1
     Update field sigma (voxel space) = 0
     Total field sigma (voxel space) = 0
     Update field time sigma = 0
     Total field time sigma  = 0
     Number of time indices = 0
     Number of time point samples = 0
Registration using 1 total stages.

Stage 0
  iterations = 1000x500x250x100
  convergence threshold = 1e-06
  convergence window size = 10
  number of levels = 4
  using the Mattes MI metric (number of bins = 32, weight = 1, use gradient filter = 0)
  preprocessing:  winsorizing the image intensities
  Shrink factors (level 1 out of 4): [8, 8, 8]
  Shrink factors (level 2 out of 4): [4, 4, 4]
  Shrink factors (level 3 out of 4): [2, 2, 2]
  Shrink factors (level 4 out of 4): [1, 1, 1]
  smoothing sigmas per level: [3, 2, 1, 0]
  regular sampling (percentage = 0.25)

*** Running Euler3DTransform registration ***

DIAGNOSTIC,Iteration,metricValue,convergenceValue,ITERATION_TIME_INDEX,SINCE_LAST
 2DIAGNOSTIC,     1, -4.945365495269e-01, 1.797693134862e+308, 6.1636e-01, 6.1636e-01, 
 2DIAGNOSTIC,     2, -4.961551199262e-01, 1.797693134862e+308, 6.2019e-01, 3.8261e-03, 
 2DIAGNOSTIC,     3, -4.991207097076e-01, 1.797693134862e+308, 6.2414e-01, 3.9470e-03, 
 2DIAGNOSTIC,     4, -5.030359852117e-01, 1.797693134862e+308, 6.2807e-01, 3.9361e-03, 
 2DIAGNOSTIC,     5, -5.059125054655e-01, 1.797693134862e+308, 6.3174e-01, 3.6621e-03, 
 2DIAGNOSTIC,     6, -5.092815596254e-01, 1.797693134862e+308, 6.3528e-01, 3.5400e-03, 
 2DIAGNOSTIC,     7, -5.205915484568e-01, 1.797693134862e+308, 6.3936e-01, 4.0832e-03, 
 2DIAGNOSTIC,     8, -5.236677933913e-01, 1.797693134862e+308, 6.4308e-01, 3.7248e-03, 
 2DIAGNOSTIC,     9, -5.261653611514e-01, 1.797693134862e+308, 6.4709e-01, 4.0030e-03, 
 2DIAGNOSTIC,    10, -5.313843279548e-01, 4.956236851461e-03, 6.5098e-01, 3.8970e-03, 
 2DIAGNOSTIC,    11, -5.461121550605e-01, 5.255951709878e-03, 6.5604e-01, 5.0590e-03, 
 2DIAGNOSTIC,    12, -5.563506773260e-01, 5.544499219503e-03, 6.6024e-01, 4.1969e-03, 
 2DIAGNOSTIC,    13, -6.011783753086e-01, 7.240286203960e-03, 6.6509e-01, 4.8451e-03, 
 2DIAGNOSTIC,    14, -6.166052825023e-01, 8.701253899168e-03, 6.6887e-01, 3.7870e-03, 
 2DIAGNOSTIC,    15, -6.211428291654e-01, 9.416357351037e-03, 6.7286e-01, 3.9880e-03, 
 2DIAGNOSTIC,    16, -6.235432151844e-01, 9.368281936286e-03, 6.7731e-01, 4.4510e-03, 
 2DIAGNOSTIC,    17, -6.347577462491e-01, 9.145335031651e-03, 6.8251e-01, 5.1968e-03, 
 2DIAGNOSTIC,    18, -6.413138477031e-01, 8.359392956374e-03, 6.8682e-01, 4.3130e-03, 
 2DIAGNOSTIC,    19, -6.420802715931e-01, 6.980623468932e-03, 6.9139e-01, 4.5650e-03, 
 2DIAGNOSTIC,    20, -6.425493372458e-01, 5.272872599531e-03, 6.9546e-01, 4.0751e-03, 
 2DIAGNOSTIC,    21, -6.431795005111e-01, 3.641466680910e-03, 6.9992e-01, 4.4560e-03, 
 2DIAGNOSTIC,    22, -6.434078410589e-01, 2.049113994795e-03, 7.0368e-01, 3.7611e-03, 
 2DIAGNOSTIC,    23, -6.435083890669e-01, 1.381096899149e-03, 7.0797e-01, 4.2911e-03, 
 2DIAGNOSTIC,    24, -6.436807759471e-01, 9.688116381007e-04, 7.1326e-01, 5.2879e-03, 
 2DIAGNOSTIC,    25, -6.439989407840e-01, 6.014653964806e-04, 7.1898e-01, 5.7249e-03, 
 2DIAGNOSTIC,    26, -6.448361547500e-01, 2.655197056719e-04, 7.2314e-01, 4.1609e-03, 
 2DIAGNOSTIC,    27, -6.460796035003e-01, 1.536865722840e-04, 7.2777e-01, 4.6251e-03, 
 2DIAGNOSTIC,    28, -6.463976195314e-01, 1.550353524918e-04, 7.3188e-01, 4.1151e-03, 
 2DIAGNOSTIC,    29, -6.463935457617e-01, 1.547432192432e-04, 7.3607e-01, 4.1890e-03, 
 2DIAGNOSTIC,    30, -6.464392297937e-01, 1.482978441626e-04, 7.4067e-01, 4.5938e-03, 
 2DIAGNOSTIC,    31, -6.463723508544e-01, 1.368671341836e-04, 7.4480e-01, 4.1380e-03, 
 2DIAGNOSTIC,    32, -6.464254416499e-01, 1.173265468217e-04, 7.4989e-01, 5.0831e-03, 
 2DIAGNOSTIC,    33, -6.464354984364e-01, 8.969325969937e-05, 7.6297e-01, 1.3086e-02, 
 2DIAGNOSTIC,    34, -6.464354984035e-01, 5.811485252952e-05, 7.7597e-01, 1.2994e-02, 
 2DIAGNOSTIC,    35, -6.464354984035e-01, 2.735366970643e-05, 7.8056e-01, 4.5919e-03, 
 2DIAGNOSTIC,    36, -6.464354984035e-01, 6.561978503510e-06, 7.8520e-01, 4.6370e-03, 
 2DIAGNOSTIC,    37, -6.464354984035e-01, 2.244500729404e-06, 7.9027e-01, 5.0719e-03, 
 2DIAGNOSTIC,    38, -6.464354984035e-01, 1.990754716002e-06, 7.9491e-01, 4.6380e-03, 
 2DIAGNOSTIC,    39, -6.464354984035e-01, 1.582335418970e-06, 8.0000e-01, 5.0910e-03, 
 2DIAGNOSTIC,    40, -6.464354984035e-01, 1.698172298292e-06, 8.0554e-01, 5.5470e-03, 
DIAGNOSTIC,Iteration,metricValue,convergenceValue,ITERATION_TIME_INDEX,SINCE_LAST
 2DIAGNOSTIC,     1, -5.367244453744e-01, 1.797693134862e+308, 1.5192e+00, 7.1364e-01, 
 2DIAGNOSTIC,     2, -5.380313837760e-01, 1.797693134862e+308, 1.5464e+00, 2.7188e-02, 
 2DIAGNOSTIC,     3, -5.401731913502e-01, 1.797693134862e+308, 1.5738e+00, 2.7466e-02, 
 2DIAGNOSTIC,     4, -5.431881346674e-01, 1.797693134862e+308, 1.6019e+00, 2.8051e-02, 
 2DIAGNOSTIC,     5, -5.453557597916e-01, 1.797693134862e+308, 1.6293e+00, 2.7386e-02, 
 2DIAGNOSTIC,     6, -5.461088565997e-01, 1.797693134862e+308, 1.6566e+00, 2.7292e-02, 
 2DIAGNOSTIC,     7, -5.462086681689e-01, 1.797693134862e+308, 1.6877e+00, 3.1116e-02, 
 2DIAGNOSTIC,     8, -5.464869268255e-01, 1.797693134862e+308, 1.7224e+00, 3.4679e-02, 
 2DIAGNOSTIC,     9, -5.465850815053e-01, 1.797693134862e+308, 1.7602e+00, 3.7829e-02, 
 2DIAGNOSTIC,    10, -5.466464840037e-01, 1.224741188151e-03, 1.7876e+00, 2.7424e-02, 
 2DIAGNOSTIC,    11, -5.470487708293e-01, 8.391099457487e-04, 1.8183e+00, 3.0716e-02, 
 2DIAGNOSTIC,    12, -5.471506826284e-01, 5.042748018637e-04, 1.8494e+00, 3.1090e-02, 
 2DIAGNOSTIC,    13, -5.471747723443e-01, 2.608962655561e-04, 1.8874e+00, 3.7973e-02, 
 2DIAGNOSTIC,    14, -5.471893677277e-01, 1.401592533973e-04, 1.9142e+00, 2.6849e-02, 
 2DIAGNOSTIC,    15, -5.471839955338e-01, 9.761645481580e-05, 1.9452e+00, 3.0947e-02, 
 2DIAGNOSTIC,    16, -5.471599229749e-01, 7.527608025160e-05, 1.9726e+00, 2.7443e-02, 
 2DIAGNOSTIC,    17, -5.471662421766e-01, 5.183179426884e-05, 1.9997e+00, 2.7028e-02, 
 2DIAGNOSTIC,    18, -5.471747029491e-01, 3.478197390545e-05, 2.0302e+00, 3.0511e-02, 
 2DIAGNOSTIC,    19, -5.471813452307e-01, 1.945631014099e-05, 2.0615e+00, 3.1352e-02, 
 2DIAGNOSTIC,    20, -5.471662915022e-01, 4.969835208826e-06, 2.0887e+00, 2.7166e-02, 
 2DIAGNOSTIC,    21, -5.471844159285e-01, 1.951265304487e-06, 2.1205e+00, 3.1770e-02, 
 2DIAGNOSTIC,    22, -5.471946855855e-01, 1.794830676881e-06, 2.1498e+00, 2.9305e-02, 
 2DIAGNOSTIC,    23, -5.472309777886e-01, 2.955891643959e-06, 2.1798e+00, 3.0006e-02, 
 2DIAGNOSTIC,    24, -5.472460347519e-01, 4.500345819891e-06, 2.2127e+00, 3.2950e-02, 
 2DIAGNOSTIC,    25, -5.473225344397e-01, 7.130562196755e-06, 2.2421e+00, 2.9425e-02, 
 2DIAGNOSTIC,    26, -5.474469322578e-01, 1.098291086582e-05, 2.2715e+00, 2.9318e-02, 
 2DIAGNOSTIC,    27, -5.481013380283e-01, 2.630865751935e-05, 2.3044e+00, 3.2952e-02, 
 2DIAGNOSTIC,    28, -5.480678936382e-01, 3.738993432435e-05, 2.3448e+00, 4.0338e-02, 
 2DIAGNOSTIC,    29, -5.482084716557e-01, 4.712040176740e-05, 2.3810e+00, 3.6269e-02, 
 2DIAGNOSTIC,    30, -5.482082518863e-01, 5.166414855289e-05, 2.4140e+00, 3.2956e-02, 
 2DIAGNOSTIC,    31, -5.482014616027e-01, 5.125921599977e-05, 2.4467e+00, 3.2670e-02, 
 2DIAGNOSTIC,    32, -5.481815957209e-01, 4.582630832412e-05, 2.4748e+00, 2.8176e-02, 
 2DIAGNOSTIC,    33, -5.481718257399e-01, 3.689943158600e-05, 2.5034e+00, 2.8589e-02, 
 2DIAGNOSTIC,    34, -5.481825626637e-01, 2.560031579575e-05, 2.5317e+00, 2.8283e-02, 
 2DIAGNOSTIC,    35, -5.481838557619e-01, 1.379952276595e-05, 2.5589e+00, 2.7218e-02, 
 2DIAGNOSTIC,    36, -5.481854579905e-01, 3.009182831051e-06, 2.5858e+00, 2.6852e-02, 
 2DIAGNOSTIC,    37, -5.482631349726e-01, 2.936488521767e-06, 2.6173e+00, 3.1553e-02, 
 2DIAGNOSTIC,    38, -5.482856021577e-01, 2.436033454050e-06, 2.6481e+00, 3.0804e-02, 
 2DIAGNOSTIC,    39, -5.482706819140e-01, 3.481463081521e-06, 2.6792e+00, 3.1077e-02, 
 2DIAGNOSTIC,    40, -5.481987745007e-01, 3.304994399541e-06, 2.7102e+00, 3.0971e-02, 
 2DIAGNOSTIC,    41, -5.482804101331e-01, 3.879166904804e-06, 2.7410e+00, 3.0825e-02, 
 2DIAGNOSTIC,    42, -5.481859380934e-01, 2.660054430101e-06, 2.7777e+00, 3.6716e-02, 
 2DIAGNOSTIC,    43, -5.482756806595e-01, 2.302672020185e-06, 2.8187e+00, 4.0969e-02, 
 2DIAGNOSTIC,    44, -5.483025239462e-01, 2.248204793300e-06, 2.8509e+00, 3.2245e-02, 
 2DIAGNOSTIC,    45, -5.482811787644e-01, 1.830347055119e-06, 2.8820e+00, 3.1032e-02, 
 2DIAGNOSTIC,    46, -5.482645577185e-01, 1.147448902925e-06, 2.9129e+00, 3.0922e-02, 
 2DIAGNOSTIC,    47, -5.482548593114e-01, 1.197528675338e-06, 3.0037e+00, 9.0805e-02, 
 2DIAGNOSTIC,    48, -5.482548593102e-01, 1.432147103044e-06, 3.0842e+00, 8.0521e-02, 
 2DIAGNOSTIC,    49, -5.482548593102e-01, 1.429702196704e-06, 3.1185e+00, 3.4292e-02, 
DIAGNOSTIC,Iteration,metricValue,convergenceValue,ITERATION_TIME_INDEX,SINCE_LAST
 2DIAGNOSTIC,     1, -4.661873933696e-01, 1.797693134862e+308, 4.1320e+00, 1.0135e+00, 
 2DIAGNOSTIC,     2, -4.663634401329e-01, 1.797693134862e+308, 4.3216e+00, 1.8965e-01, 
 2DIAGNOSTIC,     3, -4.665065263889e-01, 1.797693134862e+308, 4.5110e+00, 1.8934e-01, 
 2DIAGNOSTIC,     4, -4.666272933559e-01, 1.797693134862e+308, 4.6964e+00, 1.8545e-01, 
 2DIAGNOSTIC,     5, -4.667166878007e-01, 1.797693134862e+308, 4.8991e+00, 2.0264e-01, 
 2DIAGNOSTIC,     6, -4.668667234463e-01, 1.797693134862e+308, 5.1079e+00, 2.0889e-01, 
 2DIAGNOSTIC,     7, -4.669697649479e-01, 1.797693134862e+308, 5.3450e+00, 2.3704e-01, 
 2DIAGNOSTIC,     8, -4.670258344227e-01, 1.797693134862e+308, 5.6301e+00, 2.8514e-01, 
 2DIAGNOSTIC,     9, -4.670791317120e-01, 1.797693134862e+308, 5.8304e+00, 2.0029e-01, 
 2DIAGNOSTIC,    10, -4.671177521514e-01, 1.313507937026e-04, 6.0283e+00, 1.9791e-01, 
 2DIAGNOSTIC,    11, -4.671984782425e-01, 1.051590128791e-04, 6.2145e+00, 1.8619e-01, 
 2DIAGNOSTIC,    12, -4.674361242098e-01, 9.491410639677e-05, 6.5095e+00, 2.9500e-01, 
 2DIAGNOSTIC,    13, -4.675162719913e-01, 8.805730209067e-05, 6.7156e+00, 2.0613e-01, 
 2DIAGNOSTIC,    14, -4.675732987749e-01, 8.220305144588e-05, 6.9921e+00, 2.7648e-01, 
 2DIAGNOSTIC,    15, -4.675740521784e-01, 7.348784093106e-05, 7.2325e+00, 2.4042e-01, 
 2DIAGNOSTIC,    16, -4.675763029049e-01, 6.504176693445e-05, 7.5733e+00, 3.4077e-01, 
 2DIAGNOSTIC,    17, -4.675763992505e-01, 5.533226098955e-05, 7.7705e+00, 1.9722e-01, 
 2DIAGNOSTIC,    18, -4.675746401587e-01, 4.352703380034e-05, 7.9604e+00, 1.8991e-01, 
 2DIAGNOSTIC,    19, -4.675729808588e-01, 3.083208215299e-05, 8.1785e+00, 2.1802e-01, 
 2DIAGNOSTIC,    20, -4.675713169394e-01, 1.787307616509e-05, 8.3844e+00, 2.0595e-01, 
 2DIAGNOSTIC,    21, -4.675679160016e-01, 6.729183122854e-06, 8.5892e+00, 2.0474e-01, 
 2DIAGNOSTIC,    22, -4.675676529060e-01, 2.633929835759e-06, 8.7968e+00, 2.0766e-01, 
DIAGNOSTIC,Iteration,metricValue,convergenceValue,ITERATION_TIME_INDEX,SINCE_LAST
 2DIAGNOSTIC,     1, -4.258650686048e-01, 1.797693134862e+308, 1.1333e+01, 2.5364e+00, 
 2DIAGNOSTIC,     2, -4.259686196111e-01, 1.797693134862e+308, 1.2733e+01, 1.4000e+00, 
 2DIAGNOSTIC,     3, -4.260095483921e-01, 1.797693134862e+308, 1.4511e+01, 1.7774e+00, 
 2DIAGNOSTIC,     4, -4.260079801187e-01, 1.797693134862e+308, 1.6956e+01, 2.4454e+00, 
 2DIAGNOSTIC,     5, -4.260082742780e-01, 1.797693134862e+308, 1.8453e+01, 1.4966e+00, 
 2DIAGNOSTIC,     6, -4.260081867389e-01, 1.797693134862e+308, 2.0151e+01, 1.6984e+00, 
 2DIAGNOSTIC,     7, -4.260082307249e-01, 1.797693134862e+308, 2.1616e+01, 1.4649e+00, 
 2DIAGNOSTIC,     8, -4.260082725178e-01, 1.797693134862e+308, 2.3230e+01, 1.6143e+00, 
 2DIAGNOSTIC,     9, -4.260078921081e-01, 1.797693134862e+308, 2.4763e+01, 1.5329e+00, 
 2DIAGNOSTIC,    10, -4.260080330561e-01, 1.495516322927e-05, 2.6295e+01, 1.5322e+00, 
 2DIAGNOSTIC,    11, -4.260077705075e-01, 5.182870827625e-06, 2.7919e+01, 1.6236e+00, 
 2DIAGNOSTIC,    12, -4.260078234158e-01, 2.528157057979e-06, 2.9534e+01, 1.6155e+00, 
 2DIAGNOSTIC,    13, -4.260075449737e-01, 2.381489924333e-06, 3.1268e+01, 1.7337e+00, 
 2DIAGNOSTIC,    14, -4.260073509393e-01, 2.177804101736e-06, 3.2824e+01, 1.5555e+00, 
 2DIAGNOSTIC,    15, -4.260072588302e-01, 2.019185731589e-06, 3.4340e+01, 1.5158e+00, 
 2DIAGNOSTIC,    16, -4.260070651760e-01, 1.877668196301e-06, 3.5647e+01, 1.3079e+00, 
 2DIAGNOSTIC,    17, -4.260070816748e-01, 1.765304564479e-06, 3.7084e+01, 1.4364e+00, 
 2DIAGNOSTIC,    18, -4.260077204864e-01, 1.700778310215e-06, 3.8799e+01, 1.7154e+00, 
 2DIAGNOSTIC,    19, -4.260079345352e-01, 1.642558697328e-06, 4.0384e+01, 1.5848e+00, 
 2DIAGNOSTIC,    20, -4.260078420198e-01, 1.595004085961e-06, 4.1871e+01, 1.4874e+00, 
 2DIAGNOSTIC,    21, -4.260077529450e-01, 1.540745025772e-06, 4.3484e+01, 1.6125e+00, 
 2DIAGNOSTIC,    22, -4.260076601098e-01, 1.488000085814e-06, 4.5034e+01, 1.5501e+00, 
 2DIAGNOSTIC,    23, -4.260075646524e-01, 1.424762360654e-06, 4.6616e+01, 1.5823e+00, 
 2DIAGNOSTIC,    24, -4.260074716380e-01, 1.354769519159e-06, 4.7946e+01, 1.3298e+00, 
 2DIAGNOSTIC,    25, -4.260070788246e-01, 1.275142014950e-06, 4.9375e+01, 1.4286e+00, 
 2DIAGNOSTIC,    26, -4.260075150694e-01, 1.208158994299e-06, 5.0879e+01, 1.5045e+00, 
 2DIAGNOSTIC,    27, -4.260078478438e-01, 1.155377674956e-06, 5.2492e+01, 1.6132e+00, 
 2DIAGNOSTIC,    28, -4.260075741519e-01, 1.116809186387e-06, 5.3896e+01, 1.4041e+00, 
 2DIAGNOSTIC,    29, -4.260078384314e-01, 1.094240732163e-06, 5.6027e+01, 2.1308e+00, 
 2DIAGNOSTIC,    30, -4.260076445524e-01, 1.067055507162e-06, 5.7646e+01, 1.6191e+00, 
 2DIAGNOSTIC,    31, -4.260075512560e-01, 1.037002454102e-06, 5.9219e+01, 1.5728e+00, 
 2DIAGNOSTIC,    32, -4.260074549766e-01, 1.003722930493e-06, 6.0812e+01, 1.5929e+00, 
  Elapsed time (stage 0): 6.1632e+01


Total elapsed time: 6.1635e+01
Info [verificarlo]: loaded backend libinterflop_ieee.so
Info [interflop-ieee]: load backend with:
Info [interflop-ieee]: debug = false
Info [interflop-ieee]: debug-binary = false
Info [interflop-ieee]: no-backend-name = false
Info [interflop-ieee]: print-new-line = false
Info [interflop-ieee]: print-subnormal-normalized = false
Info [interflop-ieee]: count-op = false
All_Command_lines_OK
Using double precision for computations.
=============================================================================
The composite transform comprises the following transforms (in order): 
  1. /home/mdugre/scratch/mri-registration-rp/datasets/ds004513/derivatives/mri-registration-rp/0001/antsRegistration-r7-p21/sub-s033/rigid_Composite.h5[0] (type = Euler3DTransform)
  2. /home/mdugre/scratch/mri-registration-rp/datasets/ds004513/derivatives/mri-registration-rp/0001/antsRegistration-r7-p21/sub-s033/rigid_Composite.h5[1] (type = Euler3DTransform)
  3. /home/mdugre/scratch/mri-registration-rp/datasets/ds004513/derivatives/mri-registration-rp/0001/antsRegistration-r7-p21/sub-s033/rigid_Composite.h5[2] (type = Euler3DTransform)
=============================================================================
  number of levels = 4
  fixed image: /templateflow/tpl-MNI152NLin2009cAsym/tpl-MNI152NLin2009cAsym_res-01_desc-brain_T1w.nii.gz
  moving image: /home/mdugre/scratch/mri-registration-rp/datasets/ds004513/derivatives/mri-registration-rp/antsBrainExtraction/sub-s033/BrainExtractionBrain.nii.gz
Dimension = 3
Number of stages = 1
Use histogram matching = false
Winsorize image intensities = true
  Lower quantile = 0.005
  Upper quantile = 0.995


Stage 1 State
   Image metric = MattesMI
     Fixed image = Image (0x463c7e0)
  RTTI typeinfo:   itk::Image<double, 3u>
  Reference Count: 2
  Modified Time: 1592
  Debug: Off
  Object Name: 
  Observers: 
    none
  Source: (none)
  Source output name: (none)
  Release Data: Off
  Data Released: False
  Global Release Data: Off
  PipelineMTime: 0
  UpdateMTime: 1203
  RealTimeStamp: 0 seconds 
  LargestPossibleRegion: 
    Dimension: 3
    Index: [0, 0, 0]
    Size: [193, 229, 193]
  BufferedRegion: 
    Dimension: 3
    Index: [0, 0, 0]
    Size: [193, 229, 193]
  RequestedRegion: 
    Dimension: 3
    Index: [0, 0, 0]
    Size: [193, 229, 193]
  Spacing: [1, 1, 1]
  Origin: [96, 132, -78]
  Direction: 
-1 0 0
0 -1 0
0 0 1

  IndexToPointMatrix: 
-1 0 0
0 -1 0
0 0 1

  PointToIndexMatrix: 
-1 0 0
0 -1 0
0 0 1

  Inverse Direction: 
-1 0 0
0 -1 0
0 0 1

  PixelContainer: 
    ImportImageContainer (0x46fca20)
      RTTI typeinfo:   itk::ImportImageContainer<unsigned long, double>
      Reference Count: 1
      Modified Time: 1200
      Debug: Off
      Object Name: 
      Observers: 
        none
      Pointer: 0x151328ca3010
      Container manages memory: true
      Size: 8530021
      Capacity: 8530021

     Moving image = Image (0x46f7d70)
  RTTI typeinfo:   itk::Image<double, 3u>
  Reference Count: 2
  Modified Time: 1593
  Debug: Off
  Object Name: 
  Observers: 
    none
  Source: (none)
  Source output name: (none)
  Release Data: Off
  Data Released: False
  Global Release Data: Off
  PipelineMTime: 0
  UpdateMTime: 1590
  RealTimeStamp: 0 seconds 
  LargestPossibleRegion: 
    Dimension: 3
    Index: [0, 0, 0]
    Size: [160, 240, 256]
  BufferedRegion: 
    Dimension: 3
    Index: [0, 0, 0]
    Size: [160, 240, 256]
  RequestedRegion: 
    Dimension: 3
    Index: [0, 0, 0]
    Size: [160, 240, 256]
  Spacing: [1, 1, 1]
  Origin: [91.5134, 94.282, -109.927]
  Direction: 
-0.99591 -0.0698718 -0.0572835
0.0697565 -0.997556 0.00401236
-0.0574239 5.01125e-08 0.99835

  IndexToPointMatrix: 
-0.99591 -0.0698718 -0.0572835
0.0697565 -0.997556 0.00401236
-0.0574239 5.01125e-08 0.99835

  PointToIndexMatrix: 
-0.99591 0.0697565 -0.0574239
-0.0698718 -0.997556 5.01483e-08
-0.0572835 0.00401236 0.99835

  Inverse Direction: 
-0.99591 0.0697565 -0.0574239
-0.0698718 -0.997556 5.01483e-08
-0.0572835 0.00401236 0.99835

  PixelContainer: 
    ImportImageContainer (0x46afc90)
      RTTI typeinfo:   itk::ImportImageContainer<unsigned long, double>
      Reference Count: 1
      Modified Time: 1587
      Debug: Off
      Object Name: 
      Observers: 
        none
      Pointer: 0x1513241a2010
      Container manages memory: true
      Size: 9830400
      Capacity: 9830400

     Weighting = 1
     Sampling strategy = regular
     Number of bins = 32
     Radius = 4
     Sampling percentage  = 0.25
   Transform = Affine
     Gradient step = 0.1
     Update field sigma (voxel space) = 0
     Total field sigma (voxel space) = 0
     Update field time sigma = 0
     Total field time sigma  = 0
     Number of time indices = 0
     Number of time point samples = 0
Registration using 1 total stages.

Stage 0
  iterations = 1000x500x250x100
  convergence threshold = 1e-06
  convergence window size = 10
  number of levels = 4
  using the Mattes MI metric (number of bins = 32, weight = 1, use gradient filter = 0)
  preprocessing:  winsorizing the image intensities
  Shrink factors (level 1 out of 4): [8, 8, 8]
  Shrink factors (level 2 out of 4): [4, 4, 4]
  Shrink factors (level 3 out of 4): [2, 2, 2]
  Shrink factors (level 4 out of 4): [1, 1, 1]
  smoothing sigmas per level: [3, 2, 1, 0]
  regular sampling (percentage = 0.25)

*** Running AffineTransform registration ***

DIAGNOSTIC,Iteration,metricValue,convergenceValue,ITERATION_TIME_INDEX,SINCE_LAST
 2DIAGNOSTIC,     1, -6.382810566872e-01, 1.797693134862e+308, 6.8827e-01, 6.8827e-01, 
 2DIAGNOSTIC,     2, -6.407465374207e-01, 1.797693134862e+308, 6.9274e-01, 4.4670e-03, 
 2DIAGNOSTIC,     3, -6.451565306873e-01, 1.797693134862e+308, 6.9707e-01, 4.3359e-03, 
 2DIAGNOSTIC,     4, -6.521823972341e-01, 1.797693134862e+308, 7.0143e-01, 4.3550e-03, 
 2DIAGNOSTIC,     5, -6.630833062361e-01, 1.797693134862e+308, 7.0581e-01, 4.3819e-03, 
 2DIAGNOSTIC,     6, -6.815409040589e-01, 1.797693134862e+308, 7.1012e-01, 4.3139e-03, 
 2DIAGNOSTIC,     7, -7.249757546573e-01, 1.797693134862e+308, 7.1525e-01, 5.1229e-03, 
 2DIAGNOSTIC,     8, -8.402371768321e-01, 1.797693134862e+308, 7.1984e-01, 4.5900e-03, 
 2DIAGNOSTIC,     9, -8.669909111517e-01, 1.797693134862e+308, 7.2719e-01, 7.3581e-03, 
 2DIAGNOSTIC,    10, -8.690180937338e-01, 2.370877186911e-02, 7.3195e-01, 4.7541e-03, 
 2DIAGNOSTIC,    11, -8.788597743760e-01, 2.366216358111e-02, 7.3666e-01, 4.7162e-03, 
 2DIAGNOSTIC,    12, -8.887435445888e-01, 2.187458203834e-02, 7.4129e-01, 4.6289e-03, 
 2DIAGNOSTIC,    13, -8.929111677959e-01, 1.864002103688e-02, 7.4660e-01, 5.3079e-03, 
 2DIAGNOSTIC,    14, -8.986806633139e-01, 1.459624087078e-02, 7.5181e-01, 5.2130e-03, 
 2DIAGNOSTIC,    15, -9.051773821749e-01, 1.031722544408e-02, 7.5860e-01, 6.7880e-03, 
 2DIAGNOSTIC,    16, -9.052610491833e-01, 6.142711984844e-03, 7.6431e-01, 5.7099e-03, 
 2DIAGNOSTIC,    17, -9.054081926303e-01, 2.822348995353e-03, 7.6970e-01, 5.3849e-03, 
 2DIAGNOSTIC,    18, -9.052651407508e-01, 1.920587424655e-03, 7.7432e-01, 4.6282e-03, 
 2DIAGNOSTIC,    19, -9.053416826952e-01, 1.448746540738e-03, 7.7896e-01, 4.6399e-03, 
 2DIAGNOSTIC,    20, -9.056306621067e-01, 9.325623234229e-04, 7.8360e-01, 4.6391e-03, 
 2DIAGNOSTIC,    21, -9.057903642289e-01, 5.478922267143e-04, 7.8874e-01, 5.1351e-03, 
 2DIAGNOSTIC,    22, -9.059079394413e-01, 3.096842739199e-04, 7.9337e-01, 4.6351e-03, 
 2DIAGNOSTIC,    23, -9.059072910532e-01, 1.269241846726e-04, 7.9804e-01, 4.6709e-03, 
 2DIAGNOSTIC,    24, -9.060844715927e-01, 3.176049929374e-05, 8.0283e-01, 4.7860e-03, 
 2DIAGNOSTIC,    25, -9.061398364807e-01, 3.168485576210e-05, 8.0755e-01, 4.7159e-03, 
 2DIAGNOSTIC,    26, -9.063735825633e-01, 3.283267440132e-05, 8.1218e-01, 4.6329e-03, 
 2DIAGNOSTIC,    27, -9.065863807967e-01, 3.551640762168e-05, 8.1847e-01, 6.2928e-03, 
 2DIAGNOSTIC,    28, -9.066215535653e-01, 3.347148073003e-05, 8.2473e-01, 6.2609e-03, 
 2DIAGNOSTIC,    29, -9.061317398697e-01, 2.369666189354e-05, 8.3046e-01, 5.7290e-03, 
 2DIAGNOSTIC,    30, -9.059986270596e-01, 1.438998781848e-05, 8.3665e-01, 6.1841e-03, 
 2DIAGNOSTIC,    31, -9.060249581965e-01, 6.420194972587e-06, 8.4124e-01, 4.5938e-03, 
DIAGNOSTIC,Iteration,metricValue,convergenceValue,ITERATION_TIME_INDEX,SINCE_LAST
 2DIAGNOSTIC,     1, -7.439587315337e-01, 1.797693134862e+308, 1.5277e+00, 6.8647e-01, 
 2DIAGNOSTIC,     2, -7.448088323328e-01, 1.797693134862e+308, 1.5594e+00, 3.1698e-02, 
 2DIAGNOSTIC,     3, -7.457620750806e-01, 1.797693134862e+308, 1.5951e+00, 3.5662e-02, 
 2DIAGNOSTIC,     4, -7.465206884352e-01, 1.797693134862e+308, 1.6266e+00, 3.1571e-02, 
 2DIAGNOSTIC,     5, -7.471931522834e-01, 1.797693134862e+308, 1.6686e+00, 4.1991e-02, 
 2DIAGNOSTIC,     6, -7.483572297483e-01, 1.797693134862e+308, 1.7276e+00, 5.8942e-02, 
 2DIAGNOSTIC,     7, -7.483854837922e-01, 1.797693134862e+308, 1.7629e+00, 3.5302e-02, 
 2DIAGNOSTIC,     8, -7.483657692736e-01, 1.797693134862e+308, 1.8039e+00, 4.1071e-02, 
 2DIAGNOSTIC,     9, -7.483769252266e-01, 1.797693134862e+308, 1.8398e+00, 3.5850e-02, 
 2DIAGNOSTIC,    10, -7.483981157051e-01, 4.006703226706e-04, 1.8844e+00, 4.4581e-02, 
 2DIAGNOSTIC,    11, -7.484171184426e-01, 2.714715907076e-04, 1.9247e+00, 4.0350e-02, 
 2DIAGNOSTIC,    12, -7.484304719536e-01, 1.667449959906e-04, 1.9655e+00, 4.0753e-02, 
 2DIAGNOSTIC,    13, -7.484575245018e-01, 9.218372821802e-05, 2.0013e+00, 3.5833e-02, 
 2DIAGNOSTIC,    14, -7.484791751164e-01, 4.118851590804e-05, 2.0374e+00, 3.6052e-02, 
 2DIAGNOSTIC,    15, -7.485101803597e-01, 1.042117434621e-05, 2.0782e+00, 4.0827e-02, 
 2DIAGNOSTIC,    16, -7.485404444767e-01, 1.108749210670e-05, 2.1179e+00, 3.9696e-02, 
 2DIAGNOSTIC,    17, -7.485787510300e-01, 1.233763214216e-05, 2.1569e+00, 3.8973e-02, 
 2DIAGNOSTIC,    18, -7.485588418084e-01, 1.163333713004e-05, 2.1966e+00, 3.9686e-02, 
 2DIAGNOSTIC,    19, -7.485801370522e-01, 1.075400669187e-05, 2.2324e+00, 3.5891e-02, 
 2DIAGNOSTIC,    20, -7.486219858922e-01, 1.030030656998e-05, 2.2675e+00, 3.5100e-02, 
 2DIAGNOSTIC,    21, -7.486669716070e-01, 1.020520532245e-05, 2.3075e+00, 3.9995e-02, 
 2DIAGNOSTIC,    22, -7.486475924787e-01, 9.183966393010e-06, 2.3468e+00, 3.9290e-02, 
 2DIAGNOSTIC,    23, -7.486531245977e-01, 8.101478712351e-06, 2.3827e+00, 3.5839e-02, 
 2DIAGNOSTIC,    24, -7.486454244505e-01, 6.700559837418e-06, 2.4385e+00, 5.5856e-02, 
 2DIAGNOSTIC,    25, -7.486349310196e-01, 5.192932583643e-06, 2.4745e+00, 3.5965e-02, 
 2DIAGNOSTIC,    26, -7.486362784605e-01, 3.872291833233e-06, 2.5072e+00, 3.2711e-02, 
 2DIAGNOSTIC,    27, -7.486119453151e-01, 2.615927185257e-06, 2.5401e+00, 3.2897e-02, 
DIAGNOSTIC,Iteration,metricValue,convergenceValue,ITERATION_TIME_INDEX,SINCE_LAST
 2DIAGNOSTIC,     1, -6.324381521557e-01, 1.797693134862e+308, 3.6128e+00, 1.0728e+00, 
 2DIAGNOSTIC,     2, -6.330438940742e-01, 1.797693134862e+308, 3.8875e+00, 2.7465e-01, 
 2DIAGNOSTIC,     3, -6.337034028940e-01, 1.797693134862e+308, 4.1478e+00, 2.6030e-01, 
 2DIAGNOSTIC,     4, -6.345359755101e-01, 1.797693134862e+308, 4.4113e+00, 2.6348e-01, 
 2DIAGNOSTIC,     5, -6.368406910856e-01, 1.797693134862e+308, 4.8356e+00, 4.2432e-01, 
 2DIAGNOSTIC,     6, -6.368301672871e-01, 1.797693134862e+308, 5.2132e+00, 3.7757e-01, 
 2DIAGNOSTIC,     7, -6.368304581647e-01, 1.797693134862e+308, 5.4969e+00, 2.8372e-01, 
 2DIAGNOSTIC,     8, -6.368288445895e-01, 1.797693134862e+308, 5.7490e+00, 2.5210e-01, 
 2DIAGNOSTIC,     9, -6.368296228786e-01, 1.797693134862e+308, 6.0067e+00, 2.5770e-01, 
 2DIAGNOSTIC,    10, -6.368275643742e-01, 4.933800114848e-04, 6.2288e+00, 2.2216e-01, 
 2DIAGNOSTIC,    11, -6.368274445589e-01, 3.328945308118e-04, 6.5004e+00, 2.7156e-01, 
 2DIAGNOSTIC,    12, -6.368283954328e-01, 1.932947889709e-04, 6.8095e+00, 3.0913e-01, 
 2DIAGNOSTIC,    13, -6.368262594715e-01, 8.072857616863e-05, 7.1038e+00, 2.9423e-01, 
 2DIAGNOSTIC,    14, -6.368255352479e-01, 1.604774458944e-06, 7.3338e+00, 2.3003e-01, 
 2DIAGNOSTIC,    15, -6.368238644501e-01, 1.736010901476e-06, 7.6068e+00, 2.7299e-01, 
 2DIAGNOSTIC,    16, -6.368229655145e-01, 1.567195740182e-06, 7.9199e+00, 3.1308e-01, 
 2DIAGNOSTIC,    17, -6.368235008221e-01, 1.479192022702e-06, 8.2095e+00, 2.8963e-01, 
 2DIAGNOSTIC,    18, -6.368211395796e-01, 1.337067147077e-06, 8.5086e+00, 2.9908e-01, 
 2DIAGNOSTIC,    19, -6.368200264207e-01, 1.245835607316e-06, 8.8092e+00, 3.0058e-01, 
 2DIAGNOSTIC,    20, -6.368189123970e-01, 1.133437471740e-06, 9.0729e+00, 2.6372e-01, 
 2DIAGNOSTIC,    21, -6.368180049777e-01, 1.051243208476e-06, 9.3439e+00, 2.7102e-01, 
 2DIAGNOSTIC,    22, -6.368188591155e-01, 1.057063109218e-06, 9.6390e+00, 2.9512e-01, 
 2DIAGNOSTIC,    23, -6.368194851406e-01, 1.069062982639e-06, 9.9193e+00, 2.8025e-01, 
 2DIAGNOSTIC,    24, -6.368173945586e-01, 1.058252851738e-06, 1.0152e+01, 2.3268e-01, 
 2DIAGNOSTIC,    25, -6.368172215259e-01, 1.042371294321e-06, 1.0465e+01, 3.1269e-01, 
 2DIAGNOSTIC,    26, -6.368162207214e-01, 1.015854449705e-06, 1.0748e+01, 2.8292e-01, 
DIAGNOSTIC,Iteration,metricValue,convergenceValue,ITERATION_TIME_INDEX,SINCE_LAST
 2DIAGNOSTIC,     1, -5.628460673038e-01, 1.797693134862e+308, 1.3663e+01, 2.9158e+00, 
 2DIAGNOSTIC,     2, -5.630278841225e-01, 1.797693134862e+308, 1.5442e+01, 1.7787e+00, 
 2DIAGNOSTIC,     3, -5.632099597910e-01, 1.797693134862e+308, 1.7123e+01, 1.6810e+00, 
 2DIAGNOSTIC,     4, -5.635256907336e-01, 1.797693134862e+308, 1.9164e+01, 2.0405e+00, 
 2DIAGNOSTIC,     5, -5.639642970728e-01, 1.797693134862e+308, 2.2155e+01, 2.9912e+00, 
 2DIAGNOSTIC,     6, -5.639617102932e-01, 1.797693134862e+308, 2.4155e+01, 2.0004e+00, 
 2DIAGNOSTIC,     7, -5.639594925150e-01, 1.797693134862e+308, 2.6774e+01, 2.6187e+00, 
 2DIAGNOSTIC,     8, -5.639595219704e-01, 1.797693134862e+308, 2.9668e+01, 2.8941e+00, 
 2DIAGNOSTIC,     9, -5.639596753189e-01, 1.797693134862e+308, 3.1745e+01, 2.0771e+00, 
 2DIAGNOSTIC,    10, -5.639592002634e-01, 1.370841722504e-04, 3.3665e+01, 1.9197e+00, 
 2DIAGNOSTIC,    11, -5.639591874318e-01, 8.943365004625e-05, 3.5983e+01, 2.3186e+00, 
 2DIAGNOSTIC,    12, -5.639590856674e-01, 4.984743797498e-05, 3.7817e+01, 1.8333e+00, 
 2DIAGNOSTIC,    13, -5.639588681230e-01, 1.899828249538e-05, 3.9939e+01, 2.1219e+00, 
 2DIAGNOSTIC,    14, -5.639587974331e-01, 1.966870150250e-06, 4.1779e+01, 1.8402e+00, 
 2DIAGNOSTIC,    15, -5.639587792366e-01, 1.977796183106e-06, 4.3652e+01, 1.8727e+00, 
 2DIAGNOSTIC,    16, -5.639588925578e-01, 1.924642704987e-06, 4.5855e+01, 2.2036e+00, 
 2DIAGNOSTIC,    17, -5.639586438810e-01, 1.810252540230e-06, 4.7842e+01, 1.9874e+00, 
 2DIAGNOSTIC,    18, -5.639586730647e-01, 1.715964823748e-06, 4.9741e+01, 1.8981e+00, 
 2DIAGNOSTIC,    19, -5.639585755722e-01, 1.638204345816e-06, 5.1811e+01, 2.0700e+00, 
 2DIAGNOSTIC,    20, -5.639586075051e-01, 1.560314810800e-06, 5.3528e+01, 1.7177e+00, 
 2DIAGNOSTIC,    21, -5.639582206684e-01, 1.483024733601e-06, 5.5559e+01, 2.0312e+00, 
 2DIAGNOSTIC,    22, -5.639581085648e-01, 1.411290109311e-06, 5.7446e+01, 1.8864e+00, 
 2DIAGNOSTIC,    23, -5.639580030968e-01, 1.342066683716e-06, 5.9203e+01, 1.7576e+00, 
 2DIAGNOSTIC,    24, -5.639577793126e-01, 1.276188108489e-06, 6.0895e+01, 1.6913e+00, 
 2DIAGNOSTIC,    25, -5.639578977432e-01, 1.222229773598e-06, 6.2818e+01, 1.9234e+00, 
 2DIAGNOSTIC,    26, -5.639579741153e-01, 1.180941370672e-06, 6.4598e+01, 1.7795e+00, 
 2DIAGNOSTIC,    27, -5.639579562396e-01, 1.141725440572e-06, 6.6428e+01, 1.8307e+00, 
 2DIAGNOSTIC,    28, -5.639581737939e-01, 1.113270307454e-06, 6.8549e+01, 2.1202e+00, 
 2DIAGNOSTIC,    29, -5.639582921440e-01, 1.089160988843e-06, 7.0793e+01, 2.2448e+00, 
 2DIAGNOSTIC,    30, -5.639580381023e-01, 1.063771947037e-06, 7.2488e+01, 1.6946e+00, 
 2DIAGNOSTIC,    31, -5.639578115164e-01, 1.029884712969e-06, 7.4214e+01, 1.7259e+00, 
  Elapsed time (stage 0): 7.5227e+01


Total elapsed time: 7.5229e+01
Info [verificarlo]: loaded backend libinterflop_vprec.so
