
##########################
# Experiment information #
##########################

EXPERIMENT_NAME: antsRegistration-r7-p16
VFC_BACKENDS: libinterflop_vprec.so --range-binary32=7 --precision-binary32=16 --range-binary64=7 --precision-binary64=16

SIF_IMG: /home/mdugre/projects/rrg-glatard/mdugre/containers/ants-vprec-no_metrics.simg

SUBJECT_ID: s003
INPUT_IMG: /home/mdugre/scratch/mri-registration-rp/datasets/ds004513/derivatives/mri-registration-rp/antsBrainExtraction/sub-s003/BrainExtractionBrain.nii.gz
OUTPUT_DIR: /home/mdugre/scratch/mri-registration-rp/datasets/ds004513/derivatives/mri-registration-rp/0001/antsRegistration-r7-p16/sub-s003

FIXED_IMG: /templateflow/tpl-MNI152NLin2009cAsym/tpl-MNI152NLin2009cAsym_res-01_desc-brain_T1w.nii.gz
DATA_DIR: /home/mdugre/scratch/mri-registration-rp/datasets/ds004513
TEMPLATEFLOW_DIR: /home/mdugre/projects/rrg-glatard/mdugre/templateflow
ITK_GLOBAL_DEFAULT_NUMBER_OF_THREADS: 16
##########################

Info [verificarlo]: loaded backend libinterflop_ieee.so
Info [interflop-ieee]: load backend with:
Info [interflop-ieee]: debug = false
Info [interflop-ieee]: debug-binary = false
Info [interflop-ieee]: no-backend-name = false
Info [interflop-ieee]: print-new-line = false
Info [interflop-ieee]: print-subnormal-normalized = false
Info [interflop-ieee]: count-op = false
All_Command_lines_OK
Using double precision for computations.
=============================================================================
The composite transform comprises the following transforms (in order): 
  1. Center of mass alignment using fixed image: /templateflow/tpl-MNI152NLin2009cAsym/tpl-MNI152NLin2009cAsym_res-01_desc-brain_T1w.nii.gz and moving image: /home/mdugre/scratch/mri-registration-rp/datasets/ds004513/derivatives/mri-registration-rp/antsBrainExtraction/sub-s003/BrainExtractionBrain.nii.gz (type = Euler3DTransform)
=============================================================================
  number of levels = 1
  fixed image: /templateflow/tpl-MNI152NLin2009cAsym/tpl-MNI152NLin2009cAsym_res-01_desc-brain_T1w.nii.gz
  moving image: /home/mdugre/scratch/mri-registration-rp/datasets/ds004513/derivatives/mri-registration-rp/antsBrainExtraction/sub-s003/BrainExtractionBrain.nii.gz
Dimension = 3
Number of stages = 1
Use histogram matching = false
Winsorize image intensities = true
  Lower quantile = 0.005
  Upper quantile = 0.995


Stage 1 State
   Image metric = MattesMI
     Fixed image = Image (0x42f6e70)
  RTTI typeinfo:   itk::Image<double, 3u>
  Reference Count: 2
  Modified Time: 2334
  Debug: Off
  Object Name: 
  Observers: 
    none
  Source: (none)
  Source output name: (none)
  Release Data: Off
  Data Released: False
  Global Release Data: Off
  PipelineMTime: 0
  UpdateMTime: 1943
  RealTimeStamp: 0 seconds 
  LargestPossibleRegion: 
    Dimension: 3
    Index: [0, 0, 0]
    Size: [193, 229, 193]
  BufferedRegion: 
    Dimension: 3
    Index: [0, 0, 0]
    Size: [193, 229, 193]
  RequestedRegion: 
    Dimension: 3
    Index: [0, 0, 0]
    Size: [193, 229, 193]
  Spacing: [1, 1, 1]
  Origin: [96, 132, -78]
  Direction: 
-1 0 0
0 -1 0
0 0 1

  IndexToPointMatrix: 
-1 0 0
0 -1 0
0 0 1

  PointToIndexMatrix: 
-1 0 0
0 -1 0
0 0 1

  Inverse Direction: 
-1 0 0
0 -1 0
0 0 1

  PixelContainer: 
    ImportImageContainer (0x4303140)
      RTTI typeinfo:   itk::ImportImageContainer<unsigned long, double>
      Reference Count: 1
      Modified Time: 1940
      Debug: Off
      Object Name: 
      Observers: 
        none
      Pointer: 0x1525fe517010
      Container manages memory: true
      Size: 8530021
      Capacity: 8530021

     Moving image = Image (0x4300310)
  RTTI typeinfo:   itk::Image<double, 3u>
  Reference Count: 2
  Modified Time: 2335
  Debug: Off
  Object Name: 
  Observers: 
    none
  Source: (none)
  Source output name: (none)
  Release Data: Off
  Data Released: False
  Global Release Data: Off
  PipelineMTime: 0
  UpdateMTime: 2332
  RealTimeStamp: 0 seconds 
  LargestPossibleRegion: 
    Dimension: 3
    Index: [0, 0, 0]
    Size: [176, 240, 256]
  BufferedRegion: 
    Dimension: 3
    Index: [0, 0, 0]
    Size: [176, 240, 256]
  RequestedRegion: 
    Dimension: 3
    Index: [0, 0, 0]
    Size: [176, 240, 256]
  Spacing: [0.999999, 1, 1]
  Origin: [93.3499, 86.9368, -128.957]
  Direction: 
-0.999513 -0.0279216 -0.0139567
0.0279189 -0.99961 0.000389866
-0.0139622 2.01492e-08 0.999903

  IndexToPointMatrix: 
-0.999512 -0.0279216 -0.0139567
0.0279189 -0.99961 0.000389866
-0.0139621 2.01492e-08 0.999903

  PointToIndexMatrix: 
-0.999514 0.0279189 -0.0139622
-0.0279216 -0.99961 2.01716e-08
-0.0139567 0.000389866 0.999903

  Inverse Direction: 
-0.999513 0.0279189 -0.0139622
-0.0279216 -0.99961 2.01716e-08
-0.0139567 0.000389866 0.999903

  PixelContainer: 
    ImportImageContainer (0x442b610)
      RTTI typeinfo:   itk::ImportImageContainer<unsigned long, double>
      Reference Count: 1
      Modified Time: 2329
      Debug: Off
      Object Name: 
      Observers: 
        none
      Pointer: 0x1525f9296010
      Container manages memory: true
      Size: 10813440
      Capacity: 10813440

     Weighting = 1
     Sampling strategy = regular
     Number of bins = 32
     Radius = 4
     Sampling percentage  = 0.25
   Transform = Rigid
     Gradient step = 0.1
     Update field sigma (voxel space) = 0
     Total field sigma (voxel space) = 0
     Update field time sigma = 0
     Total field time sigma  = 0
     Number of time indices = 0
     Number of time point samples = 0
Registration using 1 total stages.

Stage 0
  iterations = 0
  convergence threshold = 1e-06
  convergence window size = 10
  number of levels = 1
  using the Mattes MI metric (number of bins = 32, weight = 1, use gradient filter = 0)
  preprocessing:  winsorizing the image intensities
  Shrink factors (level 1 out of 1): [1, 1, 1]
  smoothing sigmas per level: [0]
  regular sampling (percentage = 0.25)

*** Running Euler3DTransform registration ***

  Elapsed time (stage 0): 1.07801


Total elapsed time: 1.08018
Info [verificarlo]: loaded backend libinterflop_ieee.so
Info [interflop-ieee]: load backend with:
Info [interflop-ieee]: debug = false
Info [interflop-ieee]: debug-binary = false
Info [interflop-ieee]: no-backend-name = false
Info [interflop-ieee]: print-new-line = false
Info [interflop-ieee]: print-subnormal-normalized = false
Info [interflop-ieee]: count-op = false
All_Command_lines_OK
Using double precision for computations.
=============================================================================
The composite transform comprises the following transforms (in order): 
  1. /home/mdugre/scratch/mri-registration-rp/datasets/ds004513/derivatives/mri-registration-rp/0001/antsRegistration-r7-p16/sub-s003/align_Composite.h5[0] (type = Euler3DTransform)
  2. /home/mdugre/scratch/mri-registration-rp/datasets/ds004513/derivatives/mri-registration-rp/0001/antsRegistration-r7-p16/sub-s003/align_Composite.h5[1] (type = Euler3DTransform)
=============================================================================
  number of levels = 4
  fixed image: /templateflow/tpl-MNI152NLin2009cAsym/tpl-MNI152NLin2009cAsym_res-01_desc-brain_T1w.nii.gz
  moving image: /home/mdugre/scratch/mri-registration-rp/datasets/ds004513/derivatives/mri-registration-rp/antsBrainExtraction/sub-s003/BrainExtractionBrain.nii.gz
Dimension = 3
Number of stages = 1
Use histogram matching = false
Winsorize image intensities = true
  Lower quantile = 0.005
  Upper quantile = 0.995


Stage 1 State
   Image metric = MattesMI
     Fixed image = Image (0x40b0530)
  RTTI typeinfo:   itk::Image<double, 3u>
  Reference Count: 2
  Modified Time: 1580
  Debug: Off
  Object Name: 
  Observers: 
    none
  Source: (none)
  Source output name: (none)
  Release Data: Off
  Data Released: False
  Global Release Data: Off
  PipelineMTime: 0
  UpdateMTime: 1189
  RealTimeStamp: 0 seconds 
  LargestPossibleRegion: 
    Dimension: 3
    Index: [0, 0, 0]
    Size: [193, 229, 193]
  BufferedRegion: 
    Dimension: 3
    Index: [0, 0, 0]
    Size: [193, 229, 193]
  RequestedRegion: 
    Dimension: 3
    Index: [0, 0, 0]
    Size: [193, 229, 193]
  Spacing: [1, 1, 1]
  Origin: [96, 132, -78]
  Direction: 
-1 0 0
0 -1 0
0 0 1

  IndexToPointMatrix: 
-1 0 0
0 -1 0
0 0 1

  PointToIndexMatrix: 
-1 0 0
0 -1 0
0 0 1

  Inverse Direction: 
-1 0 0
0 -1 0
0 0 1

  PixelContainer: 
    ImportImageContainer (0x416ed60)
      RTTI typeinfo:   itk::ImportImageContainer<unsigned long, double>
      Reference Count: 1
      Modified Time: 1186
      Debug: Off
      Object Name: 
      Observers: 
        none
      Pointer: 0x154968d7b010
      Container manages memory: true
      Size: 8530021
      Capacity: 8530021

     Moving image = Image (0x4160f60)
  RTTI typeinfo:   itk::Image<double, 3u>
  Reference Count: 2
  Modified Time: 1581
  Debug: Off
  Object Name: 
  Observers: 
    none
  Source: (none)
  Source output name: (none)
  Release Data: Off
  Data Released: False
  Global Release Data: Off
  PipelineMTime: 0
  UpdateMTime: 1578
  RealTimeStamp: 0 seconds 
  LargestPossibleRegion: 
    Dimension: 3
    Index: [0, 0, 0]
    Size: [176, 240, 256]
  BufferedRegion: 
    Dimension: 3
    Index: [0, 0, 0]
    Size: [176, 240, 256]
  RequestedRegion: 
    Dimension: 3
    Index: [0, 0, 0]
    Size: [176, 240, 256]
  Spacing: [0.999999, 1, 1]
  Origin: [93.3499, 86.9368, -128.957]
  Direction: 
-0.999513 -0.0279216 -0.0139567
0.0279189 -0.99961 0.000389866
-0.0139622 2.01492e-08 0.999903

  IndexToPointMatrix: 
-0.999512 -0.0279216 -0.0139567
0.0279189 -0.99961 0.000389866
-0.0139621 2.01492e-08 0.999903

  PointToIndexMatrix: 
-0.999514 0.0279189 -0.0139622
-0.0279216 -0.99961 2.01716e-08
-0.0139567 0.000389866 0.999903

  Inverse Direction: 
-0.999513 0.0279189 -0.0139622
-0.0279216 -0.99961 2.01716e-08
-0.0139567 0.000389866 0.999903

  PixelContainer: 
    ImportImageContainer (0x41526d0)
      RTTI typeinfo:   itk::ImportImageContainer<unsigned long, double>
      Reference Count: 1
      Modified Time: 1575
      Debug: Off
      Object Name: 
      Observers: 
        none
      Pointer: 0x154963afa010
      Container manages memory: true
      Size: 10813440
      Capacity: 10813440

     Weighting = 1
     Sampling strategy = regular
     Number of bins = 32
     Radius = 4
     Sampling percentage  = 0.25
   Transform = Rigid
     Gradient step = 0.1
     Update field sigma (voxel space) = 0
     Total field sigma (voxel space) = 0
     Update field time sigma = 0
     Total field time sigma  = 0
     Number of time indices = 0
     Number of time point samples = 0
Registration using 1 total stages.

Stage 0
  iterations = 1000x500x250x100
  convergence threshold = 1e-06
  convergence window size = 10
  number of levels = 4
  using the Mattes MI metric (number of bins = 32, weight = 1, use gradient filter = 0)
  preprocessing:  winsorizing the image intensities
  Shrink factors (level 1 out of 4): [8, 8, 8]
  Shrink factors (level 2 out of 4): [4, 4, 4]
  Shrink factors (level 3 out of 4): [2, 2, 2]
  Shrink factors (level 4 out of 4): [1, 1, 1]
  smoothing sigmas per level: [3, 2, 1, 0]
  regular sampling (percentage = 0.25)

*** Running Euler3DTransform registration ***

DIAGNOSTIC,Iteration,metricValue,convergenceValue,ITERATION_TIME_INDEX,SINCE_LAST
 2DIAGNOSTIC,     1, -4.871187133941e-01, 1.797693134862e+308, 6.9959e-01, 6.9959e-01, 
 2DIAGNOSTIC,     2, -4.887966556740e-01, 1.797693134862e+308, 7.0347e-01, 3.8810e-03, 
 2DIAGNOSTIC,     3, -4.919242839642e-01, 1.797693134862e+308, 7.0743e-01, 3.9649e-03, 
 2DIAGNOSTIC,     4, -5.019092629522e-01, 1.797693134862e+308, 7.1150e-01, 4.0638e-03, 
 2DIAGNOSTIC,     5, -5.198319788477e-01, 1.797693134862e+308, 7.1538e-01, 3.8810e-03, 
 2DIAGNOSTIC,     6, -5.251449584180e-01, 1.797693134862e+308, 7.1913e-01, 3.7491e-03, 
 2DIAGNOSTIC,     7, -5.365118080768e-01, 1.797693134862e+308, 7.2299e-01, 3.8590e-03, 
 2DIAGNOSTIC,     8, -5.564319077261e-01, 1.797693134862e+308, 7.2870e-01, 5.7130e-03, 
 2DIAGNOSTIC,     9, -5.572786469687e-01, 1.797693134862e+308, 7.3235e-01, 3.6459e-03, 
 2DIAGNOSTIC,    10, -5.597886110608e-01, 1.060089541986e-02, 7.3676e-01, 4.4100e-03, 
 2DIAGNOSTIC,    11, -5.645450860914e-01, 9.471656029002e-03, 7.4071e-01, 3.9551e-03, 
 2DIAGNOSTIC,    12, -5.675342641672e-01, 7.901754414630e-03, 7.4521e-01, 4.4959e-03, 
 2DIAGNOSTIC,    13, -5.685174641935e-01, 6.033280802480e-03, 7.4969e-01, 4.4780e-03, 
 2DIAGNOSTIC,    14, -5.693412095343e-01, 4.302087948772e-03, 7.5487e-01, 5.1808e-03, 
 2DIAGNOSTIC,    15, -5.718972801998e-01, 3.155204981958e-03, 7.5932e-01, 4.4570e-03, 
 2DIAGNOSTIC,    16, -5.734788767073e-01, 2.091398053255e-03, 7.6306e-01, 3.7391e-03, 
 2DIAGNOSTIC,    17, -5.737823402463e-01, 1.310029424176e-03, 7.6732e-01, 4.2591e-03, 
 2DIAGNOSTIC,    18, -5.749452616696e-01, 1.114936190122e-03, 7.7149e-01, 4.1640e-03, 
 2DIAGNOSTIC,    19, -5.774392255373e-01, 9.301256922587e-04, 7.7791e-01, 6.4209e-03, 
 2DIAGNOSTIC,    20, -5.782944999919e-01, 7.612328991161e-04, 7.8315e-01, 5.2421e-03, 
 2DIAGNOSTIC,    21, -5.788863756088e-01, 6.687985512466e-04, 7.8735e-01, 4.2021e-03, 
 2DIAGNOSTIC,    22, -5.857337702308e-01, 7.546209613103e-04, 7.9182e-01, 4.4680e-03, 
 2DIAGNOSTIC,    23, -6.028589200512e-01, 1.162232407129e-03, 7.9664e-01, 4.8220e-03, 
 2DIAGNOSTIC,    24, -6.086613846747e-01, 1.554691263558e-03, 8.0216e-01, 5.5170e-03, 
 2DIAGNOSTIC,    25, -6.127624317437e-01, 1.904928895574e-03, 8.0653e-01, 4.3700e-03, 
 2DIAGNOSTIC,    26, -6.171330103736e-01, 2.167612454952e-03, 8.1106e-01, 4.5280e-03, 
 2DIAGNOSTIC,    27, -6.180829713222e-01, 2.226134263248e-03, 8.1485e-01, 3.7920e-03, 
 2DIAGNOSTIC,    28, -6.204355231010e-01, 2.128618133664e-03, 8.1965e-01, 4.8010e-03, 
 2DIAGNOSTIC,    29, -6.216541953087e-01, 1.901236662191e-03, 8.2382e-01, 4.1680e-03, 
 2DIAGNOSTIC,    30, -6.252686894277e-01, 1.589741163902e-03, 8.2833e-01, 4.5102e-03, 
 2DIAGNOSTIC,    31, -6.305777424978e-01, 1.244381329920e-03, 8.3265e-01, 4.3221e-03, 
 2DIAGNOSTIC,    32, -6.437127718798e-01, 1.107473239558e-03, 8.3767e-01, 5.0209e-03, 
 2DIAGNOSTIC,    33, -6.470253315221e-01, 1.176378157152e-03, 8.4149e-01, 3.8161e-03, 
 2DIAGNOSTIC,    34, -6.489208519586e-01, 1.241879704773e-03, 8.4761e-01, 6.1259e-03, 
 2DIAGNOSTIC,    35, -6.509315348079e-01, 1.271872790185e-03, 8.5151e-01, 3.9010e-03, 
 2DIAGNOSTIC,    36, -6.520051911764e-01, 1.251973288684e-03, 8.5570e-01, 4.1840e-03, 
 2DIAGNOSTIC,    37, -6.528675425655e-01, 1.135511227514e-03, 8.5950e-01, 3.8052e-03, 
 2DIAGNOSTIC,    38, -6.532429198206e-01, 9.531131459531e-04, 8.6326e-01, 3.7601e-03, 
 2DIAGNOSTIC,    39, -6.541838935645e-01, 7.192052476277e-04, 8.6842e-01, 5.1582e-03, 
 2DIAGNOSTIC,    40, -6.542246020418e-01, 4.742430813886e-04, 8.7215e-01, 3.7320e-03, 
 2DIAGNOSTIC,    41, -6.546727069646e-01, 2.614151261121e-04, 8.7602e-01, 3.8660e-03, 
 2DIAGNOSTIC,    42, -6.552174341229e-01, 1.909081342839e-04, 8.8166e-01, 5.6381e-03, 
 2DIAGNOSTIC,    43, -6.554099320741e-01, 1.446009697116e-04, 8.8621e-01, 4.5509e-03, 
 2DIAGNOSTIC,    44, -6.554509619887e-01, 1.075236778999e-04, 8.9024e-01, 4.0290e-03, 
 2DIAGNOSTIC,    45, -6.555131445691e-01, 8.395042424285e-05, 8.9423e-01, 3.9971e-03, 
 2DIAGNOSTIC,    46, -6.555923532756e-01, 6.536324206878e-05, 8.9850e-01, 4.2639e-03, 
 2DIAGNOSTIC,    47, -6.557567376264e-01, 5.173810906946e-05, 9.0265e-01, 4.1499e-03, 
 2DIAGNOSTIC,    48, -6.557089313453e-01, 3.682563658890e-05, 9.0732e-01, 4.6680e-03, 
 2DIAGNOSTIC,    49, -6.557469551929e-01, 2.873757928294e-05, 9.1155e-01, 4.2312e-03, 
 2DIAGNOSTIC,    50, -6.555168052136e-01, 1.649622663877e-05, 9.1543e-01, 3.8819e-03, 
 2DIAGNOSTIC,    51, -6.556254930822e-01, 8.333966307131e-06, 9.1916e-01, 3.7329e-03, 
 2DIAGNOSTIC,    52, -6.556529650640e-01, 4.850237052191e-06, 9.2333e-01, 4.1702e-03, 
 2DIAGNOSTIC,    53, -6.557680806779e-01, 3.815627519849e-06, 9.2754e-01, 4.2088e-03, 
 2DIAGNOSTIC,    54, -6.559485108038e-01, 4.453105801765e-06, 9.3187e-01, 4.3249e-03, 
 2DIAGNOSTIC,    55, -6.557387928698e-01, 3.433650062501e-06, 9.3630e-01, 4.4310e-03, 
 2DIAGNOSTIC,    56, -6.558366153076e-01, 3.699302691951e-06, 9.4024e-01, 3.9399e-03, 
 2DIAGNOSTIC,    57, -6.563917776268e-01, 9.511177109931e-06, 9.4620e-01, 5.9619e-03, 
 2DIAGNOSTIC,    58, -6.561978278762e-01, 1.212239400275e-05, 9.5160e-01, 5.3978e-03, 
 2DIAGNOSTIC,    59, -6.562041547572e-01, 1.403532186792e-05, 9.5557e-01, 3.9730e-03, 
 2DIAGNOSTIC,    60, -6.560388306940e-01, 1.158240556763e-05, 9.6003e-01, 4.4570e-03, 
 2DIAGNOSTIC,    61, -6.559600349543e-01, 8.402389861918e-06, 9.6401e-01, 3.9880e-03, 
 2DIAGNOSTIC,    62, -6.558850642348e-01, 4.124019755788e-06, 9.6821e-01, 4.1940e-03, 
 2DIAGNOSTIC,    63, -6.559859629906e-01, 1.190129434284e-06, 9.7261e-01, 4.4022e-03, 
DIAGNOSTIC,Iteration,metricValue,convergenceValue,ITERATION_TIME_INDEX,SINCE_LAST
 2DIAGNOSTIC,     1, -5.254328462786e-01, 1.797693134862e+308, 1.7303e+00, 7.5767e-01, 
 2DIAGNOSTIC,     2, -5.260165534143e-01, 1.797693134862e+308, 1.7576e+00, 2.7301e-02, 
 2DIAGNOSTIC,     3, -5.267758978631e-01, 1.797693134862e+308, 1.7841e+00, 2.6562e-02, 
 2DIAGNOSTIC,     4, -5.276444584793e-01, 1.797693134862e+308, 1.8128e+00, 2.8615e-02, 
 2DIAGNOSTIC,     5, -5.282037519688e-01, 1.797693134862e+308, 1.8417e+00, 2.8914e-02, 
 2DIAGNOSTIC,     6, -5.284766517532e-01, 1.797693134862e+308, 1.8698e+00, 2.8175e-02, 
 2DIAGNOSTIC,     7, -5.293085023827e-01, 1.797693134862e+308, 1.8989e+00, 2.9028e-02, 
 2DIAGNOSTIC,     8, -5.311734469949e-01, 1.797693134862e+308, 1.9381e+00, 3.9258e-02, 
 2DIAGNOSTIC,     9, -5.313558325356e-01, 1.797693134862e+308, 1.9668e+00, 2.8674e-02, 
 2DIAGNOSTIC,    10, -5.314356334108e-01, 7.869580144807e-04, 1.9952e+00, 2.8384e-02, 
 2DIAGNOSTIC,    11, -5.319536860107e-01, 6.935376015228e-04, 2.0296e+00, 3.4405e-02, 
 2DIAGNOSTIC,    12, -5.327216070425e-01, 6.127245461505e-04, 2.0692e+00, 3.9593e-02, 
 2DIAGNOSTIC,    13, -5.327665768371e-01, 5.199547704322e-04, 2.0974e+00, 2.8210e-02, 
 2DIAGNOSTIC,    14, -5.335516862337e-01, 4.571188881961e-04, 2.1326e+00, 3.5182e-02, 
 2DIAGNOSTIC,    15, -5.336703244761e-01, 3.861297884406e-04, 2.1673e+00, 3.4699e-02, 
 2DIAGNOSTIC,    16, -5.337002632728e-01, 2.988988278464e-04, 2.1947e+00, 2.7455e-02, 
 2DIAGNOSTIC,    17, -5.337196542776e-01, 2.198690350977e-04, 2.2231e+00, 2.8373e-02, 
 2DIAGNOSTIC,    18, -5.337771940794e-01, 1.867225724449e-04, 2.2580e+00, 3.4850e-02, 
 2DIAGNOSTIC,    19, -5.338328594438e-01, 1.467071449808e-04, 2.2873e+00, 2.9354e-02, 
 2DIAGNOSTIC,    20, -5.338845670548e-01, 1.004801315640e-04, 2.3163e+00, 2.9015e-02, 
 2DIAGNOSTIC,    21, -5.340275158205e-01, 6.606850024420e-05, 2.3605e+00, 4.4168e-02, 
 2DIAGNOSTIC,    22, -5.340353517303e-01, 4.780871892268e-05, 2.3891e+00, 2.8638e-02, 
 2DIAGNOSTIC,    23, -5.340346362343e-01, 2.738397941140e-05, 2.4206e+00, 3.1493e-02, 
 2DIAGNOSTIC,    24, -5.340356447058e-01, 2.371275053432e-05, 2.4482e+00, 2.7601e-02, 
 2DIAGNOSTIC,    25, -5.340495740668e-01, 2.104439313774e-05, 2.4792e+00, 3.0993e-02, 
 2DIAGNOSTIC,    26, -5.340824580617e-01, 1.797417705352e-05, 2.5115e+00, 3.2331e-02, 
 2DIAGNOSTIC,    27, -5.341150414635e-01, 1.455327347777e-05, 2.5401e+00, 2.8543e-02, 
 2DIAGNOSTIC,    28, -5.342361471895e-01, 1.354573175733e-05, 2.5922e+00, 5.2066e-02, 
 2DIAGNOSTIC,    29, -5.342507178302e-01, 1.268947163556e-05, 2.6232e+00, 3.1035e-02, 
 2DIAGNOSTIC,    30, -5.342277892133e-01, 1.125752558343e-05, 2.6548e+00, 3.1647e-02, 
 2DIAGNOSTIC,    31, -5.342284716115e-01, 1.146045465978e-05, 2.6909e+00, 3.6024e-02, 
 2DIAGNOSTIC,    32, -5.342187173844e-01, 1.061493713853e-05, 2.7248e+00, 3.3979e-02, 
 2DIAGNOSTIC,    33, -5.342264415558e-01, 8.995794315500e-06, 2.7555e+00, 3.0628e-02, 
 2DIAGNOSTIC,    34, -5.342259893909e-01, 6.712386142926e-06, 2.7863e+00, 3.0817e-02, 
 2DIAGNOSTIC,    35, -5.342401529766e-01, 4.465867041038e-06, 2.8142e+00, 2.7876e-02, 
 2DIAGNOSTIC,    36, -5.342542563530e-01, 2.712184806106e-06, 2.8417e+00, 2.7586e-02, 
 2DIAGNOSTIC,    37, -5.342917371949e-01, 1.836160396701e-06, 2.8696e+00, 2.7838e-02, 
 2DIAGNOSTIC,    38, -5.343746533798e-01, 3.758975003005e-06, 2.8969e+00, 2.7356e-02, 
 2DIAGNOSTIC,    39, -5.345786087468e-01, 8.277650250972e-06, 2.9247e+00, 2.7713e-02, 
 2DIAGNOSTIC,    40, -5.348670029850e-01, 1.533905664740e-05, 2.9693e+00, 4.4602e-02, 
 2DIAGNOSTIC,    41, -5.349054412980e-01, 2.111751273650e-05, 2.9997e+00, 3.0446e-02, 
 2DIAGNOSTIC,    42, -5.349286991622e-01, 2.490906716720e-05, 3.0271e+00, 2.7424e-02, 
 2DIAGNOSTIC,    43, -5.349849273390e-01, 2.704222216793e-05, 3.0551e+00, 2.8012e-02, 
 2DIAGNOSTIC,    44, -5.352524222891e-01, 2.973852668841e-05, 3.1041e+00, 4.8957e-02, 
 2DIAGNOSTIC,    45, -5.352607895462e-01, 2.967696577372e-05, 3.1352e+00, 3.1074e-02, 
 2DIAGNOSTIC,    46, -5.352521925203e-01, 2.697218445525e-05, 3.1637e+00, 2.8552e-02, 
 2DIAGNOSTIC,    47, -5.352428176450e-01, 2.228564961033e-05, 3.1973e+00, 3.3532e-02, 
 2DIAGNOSTIC,    48, -5.352227123571e-01, 1.638503012477e-05, 3.2273e+00, 3.0009e-02, 
 2DIAGNOSTIC,    49, -5.352271622198e-01, 1.135868765898e-05, 3.2596e+00, 3.2338e-02, 
 2DIAGNOSTIC,    50, -5.352295086620e-01, 8.591472176796e-06, 3.2868e+00, 2.7195e-02, 
 2DIAGNOSTIC,    51, -5.352253885694e-01, 5.573032903144e-06, 3.3168e+00, 3.0004e-02, 
 2DIAGNOSTIC,    52, -5.352289530005e-01, 2.494437846001e-06, 3.3481e+00, 3.1322e-02, 
DIAGNOSTIC,Iteration,metricValue,convergenceValue,ITERATION_TIME_INDEX,SINCE_LAST
 2DIAGNOSTIC,     1, -4.740336955364e-01, 1.797693134862e+308, 4.3402e+00, 9.9208e-01, 
 2DIAGNOSTIC,     2, -4.741963011497e-01, 1.797693134862e+308, 4.5464e+00, 2.0618e-01, 
 2DIAGNOSTIC,     3, -4.743910035847e-01, 1.797693134862e+308, 4.7870e+00, 2.4059e-01, 
 2DIAGNOSTIC,     4, -4.745937287796e-01, 1.797693134862e+308, 5.0414e+00, 2.5448e-01, 
 2DIAGNOSTIC,     5, -4.748936894115e-01, 1.797693134862e+308, 5.2708e+00, 2.2939e-01, 
 2DIAGNOSTIC,     6, -4.750382463363e-01, 1.797693134862e+308, 5.5025e+00, 2.3163e-01, 
 2DIAGNOSTIC,     7, -4.754443392969e-01, 1.797693134862e+308, 5.7186e+00, 2.1609e-01, 
 2DIAGNOSTIC,     8, -4.762729871296e-01, 1.797693134862e+308, 6.0058e+00, 2.8725e-01, 
 2DIAGNOSTIC,     9, -4.765209102788e-01, 1.797693134862e+308, 6.2930e+00, 2.8720e-01, 
 2DIAGNOSTIC,    10, -4.766106728990e-01, 3.829754536598e-04, 6.5068e+00, 2.1383e-01, 
 2DIAGNOSTIC,    11, -4.772689969679e-01, 3.874675135533e-04, 6.7906e+00, 2.8379e-01, 
 2DIAGNOSTIC,    12, -4.775605141788e-01, 3.782162320650e-04, 7.0443e+00, 2.5371e-01, 
 2DIAGNOSTIC,    13, -4.775709716896e-01, 3.452235902094e-04, 7.2604e+00, 2.1611e-01, 
 2DIAGNOSTIC,    14, -4.776467895745e-01, 2.979752564965e-04, 7.4899e+00, 2.2950e-01, 
 2DIAGNOSTIC,    15, -4.777003225360e-01, 2.446095485990e-04, 7.7863e+00, 2.9632e-01, 
 2DIAGNOSTIC,    16, -4.777843204347e-01, 1.838361170476e-04, 8.0271e+00, 2.4085e-01, 
 2DIAGNOSTIC,    17, -4.777814732828e-01, 1.266992855178e-04, 8.2666e+00, 2.3952e-01, 
 2DIAGNOSTIC,    18, -4.777959419666e-01, 9.252191667552e-05, 8.4717e+00, 2.0510e-01, 
 2DIAGNOSTIC,    19, -4.778178754695e-01, 6.231756024030e-05, 8.6795e+00, 2.0777e-01, 
 2DIAGNOSTIC,    20, -4.781341725150e-01, 4.110510910013e-05, 8.9837e+00, 3.0424e-01, 
 2DIAGNOSTIC,    21, -4.781633081663e-01, 3.727675225677e-05, 9.1841e+00, 2.0036e-01, 
 2DIAGNOSTIC,    22, -4.782491843735e-01, 4.081036905977e-05, 9.3866e+00, 2.0254e-01, 
 2DIAGNOSTIC,    23, -4.784752595992e-01, 4.655080540606e-05, 9.6329e+00, 2.4622e-01, 
 2DIAGNOSTIC,    24, -4.788111708717e-01, 5.762548778414e-05, 9.9663e+00, 3.3348e-01, 
 2DIAGNOSTIC,    25, -4.788436475132e-01, 6.426037441305e-05, 1.0264e+01, 2.9744e-01, 
 2DIAGNOSTIC,    26, -4.788456199928e-01, 6.655442688384e-05, 1.0579e+01, 3.1496e-01, 
 2DIAGNOSTIC,    27, -4.788427732703e-01, 6.258548903362e-05, 1.0834e+01, 2.5539e-01, 
 2DIAGNOSTIC,    28, -4.788420960169e-01, 5.338014916891e-05, 1.1048e+01, 2.1355e-01, 
 2DIAGNOSTIC,    29, -4.788414387398e-01, 4.002960124382e-05, 1.1272e+01, 2.2420e-01, 
 2DIAGNOSTIC,    30, -4.788393002982e-01, 3.016903477460e-05, 1.1501e+01, 2.2933e-01, 
 2DIAGNOSTIC,    31, -4.788394671947e-01, 1.886323437292e-05, 1.1733e+01, 2.3217e-01, 
 2DIAGNOSTIC,    32, -4.788387799019e-01, 8.126428582063e-06, 1.1958e+01, 2.2419e-01, 
 2DIAGNOSTIC,    33, -4.788373693589e-01, 1.253765238254e-06, 1.2183e+01, 2.2566e-01, 
DIAGNOSTIC,Iteration,metricValue,convergenceValue,ITERATION_TIME_INDEX,SINCE_LAST
 2DIAGNOSTIC,     1, -4.453761374690e-01, 1.797693134862e+308, 1.4689e+01, 2.5057e+00, 
 2DIAGNOSTIC,     2, -4.454018215017e-01, 1.797693134862e+308, 1.6077e+01, 1.3878e+00, 
 2DIAGNOSTIC,     3, -4.454163406421e-01, 1.797693134862e+308, 1.7506e+01, 1.4297e+00, 
 2DIAGNOSTIC,     4, -4.454192757405e-01, 1.797693134862e+308, 2.0790e+01, 3.2837e+00, 
 2DIAGNOSTIC,     5, -4.454195254566e-01, 1.797693134862e+308, 2.2393e+01, 1.6031e+00, 
 2DIAGNOSTIC,     6, -4.454193933017e-01, 1.797693134862e+308, 2.4533e+01, 2.1395e+00, 
 2DIAGNOSTIC,     7, -4.454193128185e-01, 1.797693134862e+308, 2.6197e+01, 1.6645e+00, 
 2DIAGNOSTIC,     8, -4.454191434796e-01, 1.797693134862e+308, 2.7748e+01, 1.5513e+00, 
 2DIAGNOSTIC,     9, -4.454191482306e-01, 1.797693134862e+308, 2.9156e+01, 1.4074e+00, 
 2DIAGNOSTIC,    10, -4.454190682711e-01, 7.011431103252e-06, 3.0802e+01, 1.6467e+00, 
 2DIAGNOSTIC,    11, -4.454190793291e-01, 4.014833521707e-06, 3.2529e+01, 1.7264e+00, 
 2DIAGNOSTIC,    12, -4.454189188976e-01, 2.754187386309e-06, 3.4188e+01, 1.6595e+00, 
 2DIAGNOSTIC,    13, -4.454187528285e-01, 2.378885817333e-06, 3.5605e+01, 1.4170e+00, 
 2DIAGNOSTIC,    14, -4.454187692594e-01, 2.197619954444e-06, 3.7294e+01, 1.6884e+00, 
 2DIAGNOSTIC,    15, -4.454186990589e-01, 2.054805539678e-06, 3.8791e+01, 1.4968e+00, 
 2DIAGNOSTIC,    16, -4.454186414747e-01, 1.928339572438e-06, 4.0422e+01, 1.6309e+00, 
 2DIAGNOSTIC,    17, -4.454184171332e-01, 1.811115205891e-06, 4.2032e+01, 1.6100e+00, 
 2DIAGNOSTIC,    18, -4.454184417699e-01, 1.707583774546e-06, 4.3632e+01, 1.6003e+00, 
 2DIAGNOSTIC,    19, -4.454182882481e-01, 1.615349999783e-06, 4.5172e+01, 1.5403e+00, 
 2DIAGNOSTIC,    20, -4.454184030035e-01, 1.538837109530e-06, 4.6942e+01, 1.7704e+00, 
 2DIAGNOSTIC,    21, -4.454183271298e-01, 1.472461827134e-06, 4.8613e+01, 1.6705e+00, 
 2DIAGNOSTIC,    22, -4.454182476176e-01, 1.409365968374e-06, 5.0044e+01, 1.4307e+00, 
 2DIAGNOSTIC,    23, -4.454180886855e-01, 1.346214947677e-06, 5.1828e+01, 1.7840e+00, 
 2DIAGNOSTIC,    24, -4.454178502940e-01, 1.285933396086e-06, 5.3546e+01, 1.7188e+00, 
 2DIAGNOSTIC,    25, -4.454176847862e-01, 1.228214448437e-06, 5.5113e+01, 1.5669e+00, 
 2DIAGNOSTIC,    26, -4.454176922111e-01, 1.177974409287e-06, 5.6650e+01, 1.5371e+00, 
 2DIAGNOSTIC,    27, -4.454176175247e-01, 1.128566237699e-06, 5.8167e+01, 1.5168e+00, 
 2DIAGNOSTIC,    28, -4.454176394258e-01, 1.088605731170e-06, 5.9872e+01, 1.7049e+00, 
 2DIAGNOSTIC,    29, -4.454176531892e-01, 1.052772204801e-06, 6.1599e+01, 1.7268e+00, 
 2DIAGNOSTIC,    30, -4.454175713970e-01, 1.024220909640e-06, 6.2998e+01, 1.3992e+00, 
  Elapsed time (stage 0): 6.3879e+01


Total elapsed time: 6.3882e+01
Info [verificarlo]: loaded backend libinterflop_ieee.so
Info [interflop-ieee]: load backend with:
Info [interflop-ieee]: debug = false
Info [interflop-ieee]: debug-binary = false
Info [interflop-ieee]: no-backend-name = false
Info [interflop-ieee]: print-new-line = false
Info [interflop-ieee]: print-subnormal-normalized = false
Info [interflop-ieee]: count-op = false
All_Command_lines_OK
Using double precision for computations.
=============================================================================
The composite transform comprises the following transforms (in order): 
  1. /home/mdugre/scratch/mri-registration-rp/datasets/ds004513/derivatives/mri-registration-rp/0001/antsRegistration-r7-p16/sub-s003/rigid_Composite.h5[0] (type = Euler3DTransform)
  2. /home/mdugre/scratch/mri-registration-rp/datasets/ds004513/derivatives/mri-registration-rp/0001/antsRegistration-r7-p16/sub-s003/rigid_Composite.h5[1] (type = Euler3DTransform)
  3. /home/mdugre/scratch/mri-registration-rp/datasets/ds004513/derivatives/mri-registration-rp/0001/antsRegistration-r7-p16/sub-s003/rigid_Composite.h5[2] (type = Euler3DTransform)
=============================================================================
  number of levels = 4
  fixed image: /templateflow/tpl-MNI152NLin2009cAsym/tpl-MNI152NLin2009cAsym_res-01_desc-brain_T1w.nii.gz
  moving image: /home/mdugre/scratch/mri-registration-rp/datasets/ds004513/derivatives/mri-registration-rp/antsBrainExtraction/sub-s003/BrainExtractionBrain.nii.gz
Dimension = 3
Number of stages = 1
Use histogram matching = false
Winsorize image intensities = true
  Lower quantile = 0.005
  Upper quantile = 0.995


Stage 1 State
   Image metric = MattesMI
     Fixed image = Image (0x347b7e0)
  RTTI typeinfo:   itk::Image<double, 3u>
  Reference Count: 2
  Modified Time: 1594
  Debug: Off
  Object Name: 
  Observers: 
    none
  Source: (none)
  Source output name: (none)
  Release Data: Off
  Data Released: False
  Global Release Data: Off
  PipelineMTime: 0
  UpdateMTime: 1203
  RealTimeStamp: 0 seconds 
  LargestPossibleRegion: 
    Dimension: 3
    Index: [0, 0, 0]
    Size: [193, 229, 193]
  BufferedRegion: 
    Dimension: 3
    Index: [0, 0, 0]
    Size: [193, 229, 193]
  RequestedRegion: 
    Dimension: 3
    Index: [0, 0, 0]
    Size: [193, 229, 193]
  Spacing: [1, 1, 1]
  Origin: [96, 132, -78]
  Direction: 
-1 0 0
0 -1 0
0 0 1

  IndexToPointMatrix: 
-1 0 0
0 -1 0
0 0 1

  PointToIndexMatrix: 
-1 0 0
0 -1 0
0 0 1

  Inverse Direction: 
-1 0 0
0 -1 0
0 0 1

  PixelContainer: 
    ImportImageContainer (0x353ba20)
      RTTI typeinfo:   itk::ImportImageContainer<unsigned long, double>
      Reference Count: 1
      Modified Time: 1200
      Debug: Off
      Object Name: 
      Observers: 
        none
      Pointer: 0x14d2e5e5c010
      Container manages memory: true
      Size: 8530021
      Capacity: 8530021

     Moving image = Image (0x3536d70)
  RTTI typeinfo:   itk::Image<double, 3u>
  Reference Count: 2
  Modified Time: 1595
  Debug: Off
  Object Name: 
  Observers: 
    none
  Source: (none)
  Source output name: (none)
  Release Data: Off
  Data Released: False
  Global Release Data: Off
  PipelineMTime: 0
  UpdateMTime: 1592
  RealTimeStamp: 0 seconds 
  LargestPossibleRegion: 
    Dimension: 3
    Index: [0, 0, 0]
    Size: [176, 240, 256]
  BufferedRegion: 
    Dimension: 3
    Index: [0, 0, 0]
    Size: [176, 240, 256]
  RequestedRegion: 
    Dimension: 3
    Index: [0, 0, 0]
    Size: [176, 240, 256]
  Spacing: [0.999999, 1, 1]
  Origin: [93.3499, 86.9368, -128.957]
  Direction: 
-0.999513 -0.0279216 -0.0139567
0.0279189 -0.99961 0.000389866
-0.0139622 2.01492e-08 0.999903

  IndexToPointMatrix: 
-0.999512 -0.0279216 -0.0139567
0.0279189 -0.99961 0.000389866
-0.0139621 2.01492e-08 0.999903

  PointToIndexMatrix: 
-0.999514 0.0279189 -0.0139622
-0.0279216 -0.99961 2.01716e-08
-0.0139567 0.000389866 0.999903

  Inverse Direction: 
-0.999513 0.0279189 -0.0139622
-0.0279216 -0.99961 2.01716e-08
-0.0139567 0.000389866 0.999903

  PixelContainer: 
    ImportImageContainer (0x34eec90)
      RTTI typeinfo:   itk::ImportImageContainer<unsigned long, double>
      Reference Count: 1
      Modified Time: 1589
      Debug: Off
      Object Name: 
      Observers: 
        none
      Pointer: 0x14d2e0bdb010
      Container manages memory: true
      Size: 10813440
      Capacity: 10813440

     Weighting = 1
     Sampling strategy = regular
     Number of bins = 32
     Radius = 4
     Sampling percentage  = 0.25
   Transform = Affine
     Gradient step = 0.1
     Update field sigma (voxel space) = 0
     Total field sigma (voxel space) = 0
     Update field time sigma = 0
     Total field time sigma  = 0
     Number of time indices = 0
     Number of time point samples = 0
Registration using 1 total stages.

Stage 0
  iterations = 1000x500x250x100
  convergence threshold = 1e-06
  convergence window size = 10
  number of levels = 4
  using the Mattes MI metric (number of bins = 32, weight = 1, use gradient filter = 0)
  preprocessing:  winsorizing the image intensities
  Shrink factors (level 1 out of 4): [8, 8, 8]
  Shrink factors (level 2 out of 4): [4, 4, 4]
  Shrink factors (level 3 out of 4): [2, 2, 2]
  Shrink factors (level 4 out of 4): [1, 1, 1]
  smoothing sigmas per level: [3, 2, 1, 0]
  regular sampling (percentage = 0.25)

*** Running AffineTransform registration ***

DIAGNOSTIC,Iteration,metricValue,convergenceValue,ITERATION_TIME_INDEX,SINCE_LAST
 2DIAGNOSTIC,     1, -6.599470290602e-01, 1.797693134862e+308, 7.9174e-01, 7.9174e-01, 
 2DIAGNOSTIC,     2, -6.626013758613e-01, 1.797693134862e+308, 7.9631e-01, 4.5681e-03, 
 2DIAGNOSTIC,     3, -6.665008650586e-01, 1.797693134862e+308, 8.0041e-01, 4.1010e-03, 
 2DIAGNOSTIC,     4, -6.723881228674e-01, 1.797693134862e+308, 8.0445e-01, 4.0429e-03, 
 2DIAGNOSTIC,     5, -6.802512155014e-01, 1.797693134862e+308, 8.0847e-01, 4.0250e-03, 
 2DIAGNOSTIC,     6, -6.935858322856e-01, 1.797693134862e+308, 8.1244e-01, 3.9680e-03, 
 2DIAGNOSTIC,     7, -7.068338933183e-01, 1.797693134862e+308, 8.1760e-01, 5.1582e-03, 
 2DIAGNOSTIC,     8, -7.173613235390e-01, 1.797693134862e+308, 8.2332e-01, 5.7199e-03, 
 2DIAGNOSTIC,     9, -7.191526309097e-01, 1.797693134862e+308, 8.2842e-01, 5.0969e-03, 
 2DIAGNOSTIC,    10, -7.198651848295e-01, 6.731642458751e-03, 8.3333e-01, 4.9150e-03, 
 2DIAGNOSTIC,    11, -7.200095925867e-01, 5.836531756432e-03, 8.3775e-01, 4.4131e-03, 
 2DIAGNOSTIC,    12, -7.202157045154e-01, 4.665495185400e-03, 8.4311e-01, 5.3639e-03, 
 2DIAGNOSTIC,    13, -7.205056543359e-01, 3.389553014140e-03, 8.4825e-01, 5.1422e-03, 
 2DIAGNOSTIC,    14, -7.205079282081e-01, 2.168070749380e-03, 8.5293e-01, 4.6740e-03, 
 2DIAGNOSTIC,    15, -7.205143044731e-01, 1.128199645208e-03, 8.5804e-01, 5.1150e-03, 
 2DIAGNOSTIC,    16, -7.206179162902e-01, 4.534756447851e-04, 8.6378e-01, 5.7380e-03, 
 2DIAGNOSTIC,    17, -7.206239971174e-01, 1.275602508452e-04, 8.6914e-01, 5.3620e-03, 
 2DIAGNOSTIC,    18, -7.206174387700e-01, 6.229220079424e-05, 8.7381e-01, 4.6639e-03, 
 2DIAGNOSTIC,    19, -7.205278766000e-01, 3.428740546887e-05, 8.7853e-01, 4.7250e-03, 
 2DIAGNOSTIC,    20, -7.210216535527e-01, 3.053316343962e-05, 8.8312e-01, 4.5922e-03, 
 2DIAGNOSTIC,    21, -7.217500517761e-01, 4.081096971900e-05, 8.8773e-01, 4.6070e-03, 
 2DIAGNOSTIC,    22, -7.224594817437e-01, 6.274851080409e-05, 8.9248e-01, 4.7479e-03, 
 2DIAGNOSTIC,    23, -7.234555862684e-01, 9.944524849215e-05, 8.9785e-01, 5.3751e-03, 
 2DIAGNOSTIC,    24, -7.248931561670e-01, 1.477814506106e-04, 9.0517e-01, 7.3140e-03, 
 2DIAGNOSTIC,    25, -7.250590228296e-01, 1.806850738954e-04, 9.1000e-01, 4.8368e-03, 
 2DIAGNOSTIC,    26, -7.252781203558e-01, 1.992731240984e-04, 9.1468e-01, 4.6780e-03, 
 2DIAGNOSTIC,    27, -7.257097965865e-01, 2.044191124197e-04, 9.1958e-01, 4.8990e-03, 
 2DIAGNOSTIC,    28, -7.261331768914e-01, 1.958223173215e-04, 9.2496e-01, 5.3771e-03, 
 2DIAGNOSTIC,    29, -7.262693968377e-01, 1.697471120744e-04, 9.2981e-01, 4.8511e-03, 
 2DIAGNOSTIC,    30, -7.264773444477e-01, 1.388935908619e-04, 9.3574e-01, 5.9280e-03, 
 2DIAGNOSTIC,    31, -7.265158778560e-01, 1.070581775907e-04, 9.4122e-01, 5.4832e-03, 
 2DIAGNOSTIC,    32, -7.264431389569e-01, 7.496545754871e-05, 9.4679e-01, 5.5671e-03, 
 2DIAGNOSTIC,    33, -7.263852149254e-01, 4.870475668197e-05, 9.5198e-01, 5.1889e-03, 
 2DIAGNOSTIC,    34, -7.264409050145e-01, 3.700405332762e-05, 9.5667e-01, 4.6902e-03, 
 2DIAGNOSTIC,    35, -7.264510458736e-01, 2.454157351307e-05, 9.6179e-01, 5.1239e-03, 
 2DIAGNOSTIC,    36, -7.264563181373e-01, 1.294398370152e-05, 9.6695e-01, 5.1589e-03, 
 2DIAGNOSTIC,    37, -7.265578130213e-01, 6.516896990369e-06, 9.7209e-01, 5.1420e-03, 
 2DIAGNOSTIC,    38, -7.267063513979e-01, 5.855284622429e-06, 9.7770e-01, 5.6069e-03, 
 2DIAGNOSTIC,    39, -7.266151067441e-01, 5.103950120280e-06, 9.8212e-01, 4.4250e-03, 
 2DIAGNOSTIC,    40, -7.265388292228e-01, 5.318035824872e-06, 9.8649e-01, 4.3659e-03, 
 2DIAGNOSTIC,    41, -7.266727847788e-01, 6.813118777798e-06, 9.9084e-01, 4.3499e-03, 
 2DIAGNOSTIC,    42, -7.266967298989e-01, 7.142616562299e-06, 9.9563e-01, 4.7882e-03, 
 2DIAGNOSTIC,    43, -7.266764165295e-01, 6.086603092710e-06, 1.0010e+00, 5.3520e-03, 
 2DIAGNOSTIC,    44, -7.267124397290e-01, 5.448056519086e-06, 1.0065e+00, 5.5130e-03, 
 2DIAGNOSTIC,    45, -7.266166051712e-01, 3.665271888761e-06, 1.0112e+00, 4.6830e-03, 
 2DIAGNOSTIC,    46, -7.266297481057e-01, 1.821958799348e-06, 1.0156e+00, 4.3778e-03, 
DIAGNOSTIC,Iteration,metricValue,convergenceValue,ITERATION_TIME_INDEX,SINCE_LAST
 2DIAGNOSTIC,     1, -5.971364899674e-01, 1.797693134862e+308, 1.7438e+00, 7.2828e-01, 
 2DIAGNOSTIC,     2, -5.976318457398e-01, 1.797693134862e+308, 1.7787e+00, 3.4886e-02, 
 2DIAGNOSTIC,     3, -5.983019976884e-01, 1.797693134862e+308, 1.8111e+00, 3.2414e-02, 
 2DIAGNOSTIC,     4, -5.990711104031e-01, 1.797693134862e+308, 1.8455e+00, 3.4345e-02, 
 2DIAGNOSTIC,     5, -5.995960116453e-01, 1.797693134862e+308, 1.8818e+00, 3.6292e-02, 
 2DIAGNOSTIC,     6, -6.001513674793e-01, 1.797693134862e+308, 1.9162e+00, 3.4387e-02, 
 2DIAGNOSTIC,     7, -6.007646990183e-01, 1.797693134862e+308, 1.9644e+00, 4.8285e-02, 
 2DIAGNOSTIC,     8, -6.007600593625e-01, 1.797693134862e+308, 1.9971e+00, 3.2672e-02, 
 2DIAGNOSTIC,     9, -6.008566456593e-01, 1.797693134862e+308, 2.0281e+00, 3.1030e-02, 
 2DIAGNOSTIC,    10, -6.009777203078e-01, 4.424763715015e-04, 2.0622e+00, 3.4018e-02, 
 2DIAGNOSTIC,    11, -6.011336453985e-01, 3.362799431322e-04, 2.0946e+00, 3.2389e-02, 
 2DIAGNOSTIC,    12, -6.013074541024e-01, 2.437523501510e-04, 2.1262e+00, 3.1612e-02, 
 2DIAGNOSTIC,    13, -6.015620575553e-01, 1.770433988967e-04, 2.1623e+00, 3.6160e-02, 
 2DIAGNOSTIC,    14, -6.022545604680e-01, 1.533643734701e-04, 2.2219e+00, 5.9538e-02, 
 2DIAGNOSTIC,    15, -6.022996592360e-01, 1.362497719906e-04, 2.2611e+00, 3.9214e-02, 
 2DIAGNOSTIC,    16, -6.022994031889e-01, 1.251533114784e-04, 2.3011e+00, 4.0064e-02, 
 2DIAGNOSTIC,    17, -6.022788779795e-01, 1.208306858216e-04, 2.3379e+00, 3.6809e-02, 
 2DIAGNOSTIC,    18, -6.022673508338e-01, 1.054459460938e-04, 2.3749e+00, 3.6963e-02, 
 2DIAGNOSTIC,    19, -6.022644530214e-01, 8.412630744101e-05, 2.4129e+00, 3.7991e-02, 
 2DIAGNOSTIC,    20, -6.022515172189e-01, 5.979482256708e-05, 2.4502e+00, 3.7259e-02, 
 2DIAGNOSTIC,    21, -6.022441946796e-01, 3.592492746803e-05, 2.4852e+00, 3.4990e-02, 
 2DIAGNOSTIC,    22, -6.022486791663e-01, 1.489774928443e-05, 2.5254e+00, 4.0200e-02, 
DIAGNOSTIC,Iteration,metricValue,convergenceValue,ITERATION_TIME_INDEX,SINCE_LAST
 2DIAGNOSTIC,     1, -5.264519225179e-01, 1.797693134862e+308, 3.6648e+00, 1.1394e+00, 
 2DIAGNOSTIC,     2, -5.266693190057e-01, 1.797693134862e+308, 3.9071e+00, 2.4234e-01, 
 2DIAGNOSTIC,     3, -5.268523549329e-01, 1.797693134862e+308, 4.1418e+00, 2.3471e-01, 
 2DIAGNOSTIC,     4, -5.269931259298e-01, 1.797693134862e+308, 4.4022e+00, 2.6032e-01, 
 2DIAGNOSTIC,     5, -5.272288130895e-01, 1.797693134862e+308, 4.6698e+00, 2.6762e-01, 
 2DIAGNOSTIC,     6, -5.275528780669e-01, 1.797693134862e+308, 4.9359e+00, 2.6612e-01, 
 2DIAGNOSTIC,     7, -5.284195192752e-01, 1.797693134862e+308, 5.2399e+00, 3.0404e-01, 
 2DIAGNOSTIC,     8, -5.301999076196e-01, 1.797693134862e+308, 5.6865e+00, 4.4660e-01, 
 2DIAGNOSTIC,     9, -5.303042825073e-01, 1.797693134862e+308, 5.9277e+00, 2.4116e-01, 
 2DIAGNOSTIC,    10, -5.306995968804e-01, 5.678555429300e-04, 6.1723e+00, 2.4460e-01, 
 2DIAGNOSTIC,    11, -5.310371613578e-01, 5.693055602408e-04, 6.4254e+00, 2.5309e-01, 
 2DIAGNOSTIC,    12, -5.312931911018e-01, 5.397972435445e-04, 6.6704e+00, 2.4504e-01, 
 2DIAGNOSTIC,    13, -5.320242991330e-01, 5.030143085529e-04, 6.9373e+00, 2.6686e-01, 
 2DIAGNOSTIC,    14, -5.320746701158e-01, 4.329784086278e-04, 7.1895e+00, 2.5216e-01, 
