
##########################
# Experiment information #
##########################

EXPERIMENT_NAME: antsRegistration-r8-p13
VFC_BACKENDS: libinterflop_vprec.so --range-binary32=8 --precision-binary32=13 --range-binary64=8 --precision-binary64=13

SIF_IMG: /home/mdugre/projects/rrg-glatard/mdugre/containers/ants-vprec-no_metrics.simg

SUBJECT_ID: s003
INPUT_IMG: /home/mdugre/scratch/mri-registration-rp/datasets/ds004513/derivatives/mri-registration-rp/antsBrainExtraction/sub-s003/BrainExtractionBrain.nii.gz
OUTPUT_DIR: /home/mdugre/scratch/mri-registration-rp/datasets/ds004513/derivatives/mri-registration-rp/0001/antsRegistration-r8-p13/sub-s003

FIXED_IMG: /templateflow/tpl-MNI152NLin2009cAsym/tpl-MNI152NLin2009cAsym_res-01_desc-brain_T1w.nii.gz
DATA_DIR: /home/mdugre/scratch/mri-registration-rp/datasets/ds004513
TEMPLATEFLOW_DIR: /home/mdugre/projects/rrg-glatard/mdugre/templateflow
ITK_GLOBAL_DEFAULT_NUMBER_OF_THREADS: 16
##########################

Info [verificarlo]: loaded backend libinterflop_ieee.so
Info [interflop-ieee]: load backend with:
Info [interflop-ieee]: debug = false
Info [interflop-ieee]: debug-binary = false
Info [interflop-ieee]: no-backend-name = false
Info [interflop-ieee]: print-new-line = false
Info [interflop-ieee]: print-subnormal-normalized = false
Info [interflop-ieee]: count-op = false
All_Command_lines_OK
Using double precision for computations.
=============================================================================
The composite transform comprises the following transforms (in order): 
  1. Center of mass alignment using fixed image: /templateflow/tpl-MNI152NLin2009cAsym/tpl-MNI152NLin2009cAsym_res-01_desc-brain_T1w.nii.gz and moving image: /home/mdugre/scratch/mri-registration-rp/datasets/ds004513/derivatives/mri-registration-rp/antsBrainExtraction/sub-s003/BrainExtractionBrain.nii.gz (type = Euler3DTransform)
=============================================================================
  number of levels = 1
  fixed image: /templateflow/tpl-MNI152NLin2009cAsym/tpl-MNI152NLin2009cAsym_res-01_desc-brain_T1w.nii.gz
  moving image: /home/mdugre/scratch/mri-registration-rp/datasets/ds004513/derivatives/mri-registration-rp/antsBrainExtraction/sub-s003/BrainExtractionBrain.nii.gz
Dimension = 3
Number of stages = 1
Use histogram matching = false
Winsorize image intensities = true
  Lower quantile = 0.005
  Upper quantile = 0.995


Stage 1 State
   Image metric = MattesMI
     Fixed image = Image (0x4780e70)
  RTTI typeinfo:   itk::Image<double, 3u>
  Reference Count: 2
  Modified Time: 2334
  Debug: Off
  Object Name: 
  Observers: 
    none
  Source: (none)
  Source output name: (none)
  Release Data: Off
  Data Released: False
  Global Release Data: Off
  PipelineMTime: 0
  UpdateMTime: 1943
  RealTimeStamp: 0 seconds 
  LargestPossibleRegion: 
    Dimension: 3
    Index: [0, 0, 0]
    Size: [193, 229, 193]
  BufferedRegion: 
    Dimension: 3
    Index: [0, 0, 0]
    Size: [193, 229, 193]
  RequestedRegion: 
    Dimension: 3
    Index: [0, 0, 0]
    Size: [193, 229, 193]
  Spacing: [1, 1, 1]
  Origin: [96, 132, -78]
  Direction: 
-1 0 0
0 -1 0
0 0 1

  IndexToPointMatrix: 
-1 0 0
0 -1 0
0 0 1

  PointToIndexMatrix: 
-1 0 0
0 -1 0
0 0 1

  Inverse Direction: 
-1 0 0
0 -1 0
0 0 1

  PixelContainer: 
    ImportImageContainer (0x478d140)
      RTTI typeinfo:   itk::ImportImageContainer<unsigned long, double>
      Reference Count: 1
      Modified Time: 1940
      Debug: Off
      Object Name: 
      Observers: 
        none
      Pointer: 0x14dd5f0f0010
      Container manages memory: true
      Size: 8530021
      Capacity: 8530021

     Moving image = Image (0x478a310)
  RTTI typeinfo:   itk::Image<double, 3u>
  Reference Count: 2
  Modified Time: 2335
  Debug: Off
  Object Name: 
  Observers: 
    none
  Source: (none)
  Source output name: (none)
  Release Data: Off
  Data Released: False
  Global Release Data: Off
  PipelineMTime: 0
  UpdateMTime: 2332
  RealTimeStamp: 0 seconds 
  LargestPossibleRegion: 
    Dimension: 3
    Index: [0, 0, 0]
    Size: [176, 240, 256]
  BufferedRegion: 
    Dimension: 3
    Index: [0, 0, 0]
    Size: [176, 240, 256]
  RequestedRegion: 
    Dimension: 3
    Index: [0, 0, 0]
    Size: [176, 240, 256]
  Spacing: [0.999999, 1, 1]
  Origin: [93.3499, 86.9368, -128.957]
  Direction: 
-0.999513 -0.0279216 -0.0139567
0.0279189 -0.99961 0.000389866
-0.0139622 2.01492e-08 0.999903

  IndexToPointMatrix: 
-0.999512 -0.0279216 -0.0139567
0.0279189 -0.99961 0.000389866
-0.0139621 2.01492e-08 0.999903

  PointToIndexMatrix: 
-0.999514 0.0279189 -0.0139622
-0.0279216 -0.99961 2.01716e-08
-0.0139567 0.000389866 0.999903

  Inverse Direction: 
-0.999513 0.0279189 -0.0139622
-0.0279216 -0.99961 2.01716e-08
-0.0139567 0.000389866 0.999903

  PixelContainer: 
    ImportImageContainer (0x48b5610)
      RTTI typeinfo:   itk::ImportImageContainer<unsigned long, double>
      Reference Count: 1
      Modified Time: 2329
      Debug: Off
      Object Name: 
      Observers: 
        none
      Pointer: 0x14dd59e6f010
      Container manages memory: true
      Size: 10813440
      Capacity: 10813440

     Weighting = 1
     Sampling strategy = regular
     Number of bins = 32
     Radius = 4
     Sampling percentage  = 0.25
   Transform = Rigid
     Gradient step = 0.1
     Update field sigma (voxel space) = 0
     Total field sigma (voxel space) = 0
     Update field time sigma = 0
     Total field time sigma  = 0
     Number of time indices = 0
     Number of time point samples = 0
Registration using 1 total stages.

Stage 0
  iterations = 0
  convergence threshold = 1e-06
  convergence window size = 10
  number of levels = 1
  using the Mattes MI metric (number of bins = 32, weight = 1, use gradient filter = 0)
  preprocessing:  winsorizing the image intensities
  Shrink factors (level 1 out of 1): [1, 1, 1]
  smoothing sigmas per level: [0]
  regular sampling (percentage = 0.25)

*** Running Euler3DTransform registration ***

  Elapsed time (stage 0): 1.11249


Total elapsed time: 1.11972
Info [verificarlo]: loaded backend libinterflop_ieee.so
Info [interflop-ieee]: load backend with:
Info [interflop-ieee]: debug = false
Info [interflop-ieee]: debug-binary = false
Info [interflop-ieee]: no-backend-name = false
Info [interflop-ieee]: print-new-line = false
Info [interflop-ieee]: print-subnormal-normalized = false
Info [interflop-ieee]: count-op = false
All_Command_lines_OK
Using double precision for computations.
=============================================================================
The composite transform comprises the following transforms (in order): 
  1. /home/mdugre/scratch/mri-registration-rp/datasets/ds004513/derivatives/mri-registration-rp/0001/antsRegistration-r8-p13/sub-s003/align_Composite.h5[0] (type = Euler3DTransform)
  2. /home/mdugre/scratch/mri-registration-rp/datasets/ds004513/derivatives/mri-registration-rp/0001/antsRegistration-r8-p13/sub-s003/align_Composite.h5[1] (type = Euler3DTransform)
=============================================================================
  number of levels = 4
  fixed image: /templateflow/tpl-MNI152NLin2009cAsym/tpl-MNI152NLin2009cAsym_res-01_desc-brain_T1w.nii.gz
  moving image: /home/mdugre/scratch/mri-registration-rp/datasets/ds004513/derivatives/mri-registration-rp/antsBrainExtraction/sub-s003/BrainExtractionBrain.nii.gz
Dimension = 3
Number of stages = 1
Use histogram matching = false
Winsorize image intensities = true
  Lower quantile = 0.005
  Upper quantile = 0.995


Stage 1 State
   Image metric = MattesMI
     Fixed image = Image (0x3f7e530)
  RTTI typeinfo:   itk::Image<double, 3u>
  Reference Count: 2
  Modified Time: 1580
  Debug: Off
  Object Name: 
  Observers: 
    none
  Source: (none)
  Source output name: (none)
  Release Data: Off
  Data Released: False
  Global Release Data: Off
  PipelineMTime: 0
  UpdateMTime: 1189
  RealTimeStamp: 0 seconds 
  LargestPossibleRegion: 
    Dimension: 3
    Index: [0, 0, 0]
    Size: [193, 229, 193]
  BufferedRegion: 
    Dimension: 3
    Index: [0, 0, 0]
    Size: [193, 229, 193]
  RequestedRegion: 
    Dimension: 3
    Index: [0, 0, 0]
    Size: [193, 229, 193]
  Spacing: [1, 1, 1]
  Origin: [96, 132, -78]
  Direction: 
-1 0 0
0 -1 0
0 0 1

  IndexToPointMatrix: 
-1 0 0
0 -1 0
0 0 1

  PointToIndexMatrix: 
-1 0 0
0 -1 0
0 0 1

  Inverse Direction: 
-1 0 0
0 -1 0
0 0 1

  PixelContainer: 
    ImportImageContainer (0x403cd60)
      RTTI typeinfo:   itk::ImportImageContainer<unsigned long, double>
      Reference Count: 1
      Modified Time: 1186
      Debug: Off
      Object Name: 
      Observers: 
        none
      Pointer: 0x153b962be010
      Container manages memory: true
      Size: 8530021
      Capacity: 8530021

     Moving image = Image (0x402ef60)
  RTTI typeinfo:   itk::Image<double, 3u>
  Reference Count: 2
  Modified Time: 1581
  Debug: Off
  Object Name: 
  Observers: 
    none
  Source: (none)
  Source output name: (none)
  Release Data: Off
  Data Released: False
  Global Release Data: Off
  PipelineMTime: 0
  UpdateMTime: 1578
  RealTimeStamp: 0 seconds 
  LargestPossibleRegion: 
    Dimension: 3
    Index: [0, 0, 0]
    Size: [176, 240, 256]
  BufferedRegion: 
    Dimension: 3
    Index: [0, 0, 0]
    Size: [176, 240, 256]
  RequestedRegion: 
    Dimension: 3
    Index: [0, 0, 0]
    Size: [176, 240, 256]
  Spacing: [0.999999, 1, 1]
  Origin: [93.3499, 86.9368, -128.957]
  Direction: 
-0.999513 -0.0279216 -0.0139567
0.0279189 -0.99961 0.000389866
-0.0139622 2.01492e-08 0.999903

  IndexToPointMatrix: 
-0.999512 -0.0279216 -0.0139567
0.0279189 -0.99961 0.000389866
-0.0139621 2.01492e-08 0.999903

  PointToIndexMatrix: 
-0.999514 0.0279189 -0.0139622
-0.0279216 -0.99961 2.01716e-08
-0.0139567 0.000389866 0.999903

  Inverse Direction: 
-0.999513 0.0279189 -0.0139622
-0.0279216 -0.99961 2.01716e-08
-0.0139567 0.000389866 0.999903

  PixelContainer: 
    ImportImageContainer (0x40206d0)
      RTTI typeinfo:   itk::ImportImageContainer<unsigned long, double>
      Reference Count: 1
      Modified Time: 1575
      Debug: Off
      Object Name: 
      Observers: 
        none
      Pointer: 0x153b9103d010
      Container manages memory: true
      Size: 10813440
      Capacity: 10813440

     Weighting = 1
     Sampling strategy = regular
     Number of bins = 32
     Radius = 4
     Sampling percentage  = 0.25
   Transform = Rigid
     Gradient step = 0.1
     Update field sigma (voxel space) = 0
     Total field sigma (voxel space) = 0
     Update field time sigma = 0
     Total field time sigma  = 0
     Number of time indices = 0
     Number of time point samples = 0
Registration using 1 total stages.

Stage 0
  iterations = 1000x500x250x100
  convergence threshold = 1e-06
  convergence window size = 10
  number of levels = 4
  using the Mattes MI metric (number of bins = 32, weight = 1, use gradient filter = 0)
  preprocessing:  winsorizing the image intensities
  Shrink factors (level 1 out of 4): [8, 8, 8]
  Shrink factors (level 2 out of 4): [4, 4, 4]
  Shrink factors (level 3 out of 4): [2, 2, 2]
  Shrink factors (level 4 out of 4): [1, 1, 1]
  smoothing sigmas per level: [3, 2, 1, 0]
  regular sampling (percentage = 0.25)

*** Running Euler3DTransform registration ***

DIAGNOSTIC,Iteration,metricValue,convergenceValue,ITERATION_TIME_INDEX,SINCE_LAST
 2DIAGNOSTIC,     1, -4.871187133941e-01, 1.797693134862e+308, 7.1892e-01, 7.1892e-01, 
 2DIAGNOSTIC,     2, -4.887966556740e-01, 1.797693134862e+308, 7.2378e-01, 4.8590e-03, 
 2DIAGNOSTIC,     3, -4.919242839642e-01, 1.797693134862e+308, 7.2848e-01, 4.7030e-03, 
 2DIAGNOSTIC,     4, -5.019092629522e-01, 1.797693134862e+308, 7.3319e-01, 4.7128e-03, 
 2DIAGNOSTIC,     5, -5.198319788477e-01, 1.797693134862e+308, 7.3788e-01, 4.6809e-03, 
 2DIAGNOSTIC,     6, -5.251449584180e-01, 1.797693134862e+308, 7.4253e-01, 4.6589e-03, 
 2DIAGNOSTIC,     7, -5.365118080768e-01, 1.797693134862e+308, 7.4742e-01, 4.8840e-03, 
 2DIAGNOSTIC,     8, -5.564319077261e-01, 1.797693134862e+308, 7.5486e-01, 7.4391e-03, 
 2DIAGNOSTIC,     9, -5.572786469687e-01, 1.797693134862e+308, 7.5946e-01, 4.6029e-03, 
 2DIAGNOSTIC,    10, -5.597886110608e-01, 1.060089541986e-02, 7.6475e-01, 5.2931e-03, 
 2DIAGNOSTIC,    11, -5.645450860914e-01, 9.471656029002e-03, 7.6948e-01, 4.7281e-03, 
 2DIAGNOSTIC,    12, -5.675342641672e-01, 7.901754414630e-03, 7.7472e-01, 5.2361e-03, 
 2DIAGNOSTIC,    13, -5.685174641935e-01, 6.033280802480e-03, 7.8010e-01, 5.3811e-03, 
 2DIAGNOSTIC,    14, -5.693412095343e-01, 4.302087948772e-03, 7.8607e-01, 5.9710e-03, 
 2DIAGNOSTIC,    15, -5.718972801999e-01, 3.155204981960e-03, 7.9144e-01, 5.3711e-03, 
 2DIAGNOSTIC,    16, -5.734788767073e-01, 2.091398053256e-03, 7.9655e-01, 5.1110e-03, 
 2DIAGNOSTIC,    17, -5.737823402463e-01, 1.310029424176e-03, 8.0125e-01, 4.6930e-03, 
 2DIAGNOSTIC,    18, -5.749452616696e-01, 1.114936190123e-03, 8.0596e-01, 4.7181e-03, 
 2DIAGNOSTIC,    19, -5.774392255376e-01, 9.301256922677e-04, 8.1287e-01, 6.9041e-03, 
 2DIAGNOSTIC,    20, -5.782944999941e-01, 7.612328991815e-04, 8.1797e-01, 5.0991e-03, 
 2DIAGNOSTIC,    21, -5.788863756046e-01, 6.687985511955e-04, 8.2250e-01, 4.5381e-03, 
 2DIAGNOSTIC,    22, -5.857337701748e-01, 7.546209599527e-04, 8.2705e-01, 4.5490e-03, 
 2DIAGNOSTIC,    23, -6.028589199912e-01, 1.162232404663e-03, 8.3208e-01, 5.0261e-03, 
 2DIAGNOSTIC,    24, -6.086613856496e-01, 1.554691282266e-03, 8.3827e-01, 6.1870e-03, 
 2DIAGNOSTIC,    25, -6.127624327679e-01, 1.904928932163e-03, 8.4325e-01, 4.9880e-03, 
 2DIAGNOSTIC,    26, -6.171330104770e-01, 2.167612486789e-03, 8.4816e-01, 4.9090e-03, 
 2DIAGNOSTIC,    27, -6.180829709373e-01, 2.226134279487e-03, 8.5264e-01, 4.4739e-03, 
 2DIAGNOSTIC,    28, -6.204355232291e-01, 2.128618143158e-03, 8.5753e-01, 4.8890e-03, 
 2DIAGNOSTIC,    29, -6.216541962496e-01, 1.901236677599e-03, 8.6202e-01, 4.4980e-03, 
 2DIAGNOSTIC,    30, -6.252686904299e-01, 1.589741183953e-03, 8.6725e-01, 5.2230e-03, 
 2DIAGNOSTIC,    31, -6.305777761402e-01, 1.244381875907e-03, 8.7169e-01, 4.4441e-03, 
 2DIAGNOSTIC,    32, -6.437129120120e-01, 1.107475854873e-03, 8.7743e-01, 5.7390e-03, 
 2DIAGNOSTIC,    33, -6.470247521666e-01, 1.176371668769e-03, 8.8182e-01, 4.3900e-03, 
 2DIAGNOSTIC,    34, -6.489203206803e-01, 1.241866367825e-03, 8.8905e-01, 7.2339e-03, 
 2DIAGNOSTIC,    35, -6.509315464729e-01, 1.271861780448e-03, 8.9334e-01, 4.2870e-03, 
 2DIAGNOSTIC,    36, -6.520057093368e-01, 1.251971974702e-03, 8.9779e-01, 4.4529e-03, 
 2DIAGNOSTIC,    37, -6.528676322026e-01, 1.135513434969e-03, 9.0212e-01, 4.3211e-03, 
 2DIAGNOSTIC,    38, -6.532423962463e-01, 9.531111504932e-04, 9.0643e-01, 4.3151e-03, 
 2DIAGNOSTIC,    39, -6.541817655578e-01, 7.191798744615e-04, 9.1240e-01, 5.9681e-03, 
 2DIAGNOSTIC,    40, -6.542211152644e-01, 4.741817273161e-04, 9.1695e-01, 4.5559e-03, 
 2DIAGNOSTIC,    41, -6.546697673706e-01, 2.613322211518e-04, 9.2122e-01, 4.2622e-03, 
 2DIAGNOSTIC,    42, -6.552139195711e-01, 1.908071511561e-04, 9.2710e-01, 5.8830e-03, 
 2DIAGNOSTIC,    43, -6.554075334458e-01, 1.444972415020e-04, 9.3135e-01, 4.2470e-03, 
 2DIAGNOSTIC,    44, -6.554486412752e-01, 1.074284799667e-04, 9.3560e-01, 4.2529e-03, 
 2DIAGNOSTIC,    45, -6.554237850112e-01, 8.295545243348e-05, 9.3986e-01, 4.2560e-03, 
 2DIAGNOSTIC,    46, -6.555909307161e-01, 6.454739178910e-05, 9.4468e-01, 4.8289e-03, 
 2DIAGNOSTIC,    47, -6.557544455050e-01, 5.112167146066e-05, 9.4945e-01, 4.7672e-03, 
 2DIAGNOSTIC,    48, -6.557061137912e-01, 3.644411061970e-05, 9.5429e-01, 4.8349e-03, 
 2DIAGNOSTIC,    49, -6.557485602441e-01, 2.866158848644e-05, 9.5953e-01, 5.2450e-03, 
 2DIAGNOSTIC,    50, -6.556002144599e-01, 1.748907531461e-05, 9.6375e-01, 4.2200e-03, 
 2DIAGNOSTIC,    51, -6.556164959478e-01, 9.374083156145e-06, 9.6797e-01, 4.2179e-03, 
 2DIAGNOSTIC,    52, -6.556408712379e-01, 5.820314594264e-06, 9.7220e-01, 4.2319e-03, 
 2DIAGNOSTIC,    53, -6.557663069727e-01, 4.733099647079e-06, 9.7646e-01, 4.2591e-03, 
 2DIAGNOSTIC,    54, -6.559421816182e-01, 5.204725138579e-06, 9.8123e-01, 4.7691e-03, 
 2DIAGNOSTIC,    55, -6.559769263727e-01, 5.266192122190e-06, 9.8828e-01, 7.0550e-03, 
 2DIAGNOSTIC,    56, -6.559148663455e-01, 5.748035142097e-06, 9.9303e-01, 4.7412e-03, 
 2DIAGNOSTIC,    57, -6.558335777545e-01, 6.422479880332e-06, 9.9736e-01, 4.3361e-03, 
 2DIAGNOSTIC,    58, -6.556651385046e-01, 4.741225913943e-06, 1.0016e+00, 4.2260e-03, 
 2DIAGNOSTIC,    59, -6.556744922134e-01, 3.164250037473e-06, 1.0058e+00, 4.1831e-03, 
DIAGNOSTIC,Iteration,metricValue,convergenceValue,ITERATION_TIME_INDEX,SINCE_LAST
 2DIAGNOSTIC,     1, -5.252295794586e-01, 1.797693134862e+308, 1.7877e+00, 7.8194e-01, 
 2DIAGNOSTIC,     2, -5.258046380505e-01, 1.797693134862e+308, 1.8174e+00, 2.9697e-02, 
 2DIAGNOSTIC,     3, -5.265914453315e-01, 1.797693134862e+308, 1.8487e+00, 3.1280e-02, 
 2DIAGNOSTIC,     4, -5.273475453403e-01, 1.797693134862e+308, 1.8816e+00, 3.2937e-02, 
 2DIAGNOSTIC,     5, -5.278681018713e-01, 1.797693134862e+308, 1.9138e+00, 3.2190e-02, 
 2DIAGNOSTIC,     6, -5.282278968240e-01, 1.797693134862e+308, 1.9476e+00, 3.3731e-02, 
 2DIAGNOSTIC,     7, -5.296108930590e-01, 1.797693134862e+308, 1.9800e+00, 3.2494e-02, 
 2DIAGNOSTIC,     8, -5.308300947425e-01, 1.797693134862e+308, 2.0287e+00, 4.8635e-02, 
 2DIAGNOSTIC,     9, -5.312995835638e-01, 1.797693134862e+308, 2.0602e+00, 3.1507e-02, 
 2DIAGNOSTIC,    10, -5.313423851472e-01, 8.102499350510e-04, 2.0935e+00, 3.3263e-02, 
 2DIAGNOSTIC,    11, -5.316793295295e-01, 7.071477986500e-04, 2.1260e+00, 3.2524e-02, 
 2DIAGNOSTIC,    12, -5.328514656949e-01, 6.347152408464e-04, 2.1589e+00, 3.2946e-02, 
 2DIAGNOSTIC,    13, -5.346399316007e-01, 6.199396885475e-04, 2.2052e+00, 4.6309e-02, 
 2DIAGNOSTIC,    14, -5.354794453568e-01, 6.110771810740e-04, 2.2409e+00, 3.5657e-02, 
 2DIAGNOSTIC,    15, -5.356222933848e-01, 5.729592769813e-04, 2.2900e+00, 4.9072e-02, 
 2DIAGNOSTIC,    16, -5.356337645810e-01, 5.000210467480e-04, 2.3247e+00, 3.4717e-02, 
 2DIAGNOSTIC,    17, -5.356150662469e-01, 4.315780697507e-04, 2.3657e+00, 4.1024e-02, 
 2DIAGNOSTIC,    18, -5.356094891434e-01, 3.659489899241e-04, 2.4041e+00, 3.8361e-02, 
 2DIAGNOSTIC,    19, -5.356054383562e-01, 2.866710814436e-04, 2.4385e+00, 3.4472e-02, 
 2DIAGNOSTIC,    20, -5.356019571818e-01, 1.907023930529e-04, 2.4725e+00, 3.3961e-02, 
 2DIAGNOSTIC,    21, -5.355993217774e-01, 9.486051864290e-05, 2.5034e+00, 3.0898e-02, 
 2DIAGNOSTIC,    22, -5.355997910467e-01, 2.661742049997e-05, 2.5402e+00, 3.6821e-02, 
 2DIAGNOSTIC,    23, -5.356150802673e-01, 3.365867902456e-06, 2.5780e+00, 3.7785e-02, 
DIAGNOSTIC,Iteration,metricValue,convergenceValue,ITERATION_TIME_INDEX,SINCE_LAST
 2DIAGNOSTIC,     1, -4.749650834756e-01, 1.797693134862e+308, 3.7150e+00, 1.1370e+00, 
 2DIAGNOSTIC,     2, -4.751426154614e-01, 1.797693134862e+308, 3.9768e+00, 2.6175e-01, 
 2DIAGNOSTIC,     3, -4.753652338174e-01, 1.797693134862e+308, 4.2188e+00, 2.4204e-01, 
 2DIAGNOSTIC,     4, -4.755456149976e-01, 1.797693134862e+308, 4.4552e+00, 2.3636e-01, 
 2DIAGNOSTIC,     5, -4.756607092705e-01, 1.797693134862e+308, 4.6961e+00, 2.4093e-01, 
 2DIAGNOSTIC,     6, -4.758162963587e-01, 1.797693134862e+308, 4.9685e+00, 2.7243e-01, 
 2DIAGNOSTIC,     7, -4.763293426480e-01, 1.797693134862e+308, 5.2535e+00, 2.8493e-01, 
 2DIAGNOSTIC,     8, -4.784604775343e-01, 1.797693134862e+308, 5.6982e+00, 4.4476e-01, 
 2DIAGNOSTIC,     9, -4.787175310052e-01, 1.797693134862e+308, 6.0630e+00, 3.6481e-01, 
 2DIAGNOSTIC,    10, -4.787584248738e-01, 5.687303153948e-04, 6.4024e+00, 3.3939e-01, 
 2DIAGNOSTIC,    11, -4.787774382800e-01, 5.567254043979e-04, 6.6882e+00, 2.8579e-01, 
 2DIAGNOSTIC,    12, -4.787705441083e-01, 5.047974126744e-04, 6.9160e+00, 2.2775e-01, 
 2DIAGNOSTIC,    13, -4.787801257960e-01, 4.244180241711e-04, 7.1847e+00, 2.6869e-01, 
 2DIAGNOSTIC,    14, -4.787991370438e-01, 3.254891270866e-04, 7.4448e+00, 2.6016e-01, 
 2DIAGNOSTIC,    15, -4.787942125061e-01, 2.160259144659e-04, 7.6788e+00, 2.3399e-01, 
 2DIAGNOSTIC,    16, -4.788023651827e-01, 1.073370213317e-04, 7.9496e+00, 2.7085e-01, 
 2DIAGNOSTIC,    17, -4.788095220160e-01, 1.798414394759e-05, 8.1972e+00, 2.4754e-01, 
 2DIAGNOSTIC,    18, -4.788192929240e-01, 7.660791406038e-06, 8.5119e+00, 3.1474e-01, 
 2DIAGNOSTIC,    19, -4.788231999171e-01, 6.009471375246e-06, 8.7925e+00, 2.8060e-01, 
 2DIAGNOSTIC,    20, -4.788196782903e-01, 5.222220011793e-06, 9.0176e+00, 2.2508e-01, 
 2DIAGNOSTIC,    21, -4.788210610168e-01, 4.772282910778e-06, 9.3271e+00, 3.0950e-01, 
 2DIAGNOSTIC,    22, -4.788240246143e-01, 3.944277772623e-06, 9.5922e+00, 2.6512e-01, 
 2DIAGNOSTIC,    23, -4.788230262609e-01, 3.156209575812e-06, 9.8887e+00, 2.9645e-01, 
 2DIAGNOSTIC,    24, -4.788193902776e-01, 2.657840432872e-06, 1.0250e+01, 3.6160e-01, 
 2DIAGNOSTIC,    25, -4.788196228377e-01, 1.967505863794e-06, 1.0540e+01, 2.8954e-01, 
 2DIAGNOSTIC,    26, -4.788190553449e-01, 1.436180705902e-06, 1.0809e+01, 2.6938e-01, 
 2DIAGNOSTIC,    27, -4.788177493364e-01, 1.044911557085e-06, 1.1112e+01, 3.0316e-01, 
DIAGNOSTIC,Iteration,metricValue,convergenceValue,ITERATION_TIME_INDEX,SINCE_LAST
 2DIAGNOSTIC,     1, -4.453687100512e-01, 1.797693134862e+308, 1.4152e+01, 3.0396e+00, 
 2DIAGNOSTIC,     2, -4.453891779734e-01, 1.797693134862e+308, 1.6706e+01, 2.5540e+00, 
 2DIAGNOSTIC,     3, -4.453921322806e-01, 1.797693134862e+308, 1.8905e+01, 2.1993e+00, 
 2DIAGNOSTIC,     4, -4.453928494083e-01, 1.797693134862e+308, 2.0940e+01, 2.0344e+00, 
 2DIAGNOSTIC,     5, -4.453918345033e-01, 1.797693134862e+308, 2.3647e+01, 2.7078e+00, 
 2DIAGNOSTIC,     6, -4.453918250795e-01, 1.797693134862e+308, 2.5443e+01, 1.7953e+00, 
 2DIAGNOSTIC,     7, -4.453917543387e-01, 1.797693134862e+308, 2.7024e+01, 1.5815e+00, 
 2DIAGNOSTIC,     8, -4.453910610177e-01, 1.797693134862e+308, 2.9321e+01, 2.2967e+00, 
 2DIAGNOSTIC,     9, -4.453910283622e-01, 1.797693134862e+308, 3.1333e+01, 2.0117e+00, 
 2DIAGNOSTIC,    10, -4.453908884953e-01, 4.618676777923e-06, 3.3609e+01, 2.2768e+00, 
 2DIAGNOSTIC,    11, -4.453907732312e-01, 2.825530981271e-06, 3.5360e+01, 1.7509e+00, 
 2DIAGNOSTIC,    12, -4.453906682425e-01, 2.415351195148e-06, 3.6881e+01, 1.5205e+00, 
 2DIAGNOSTIC,    13, -4.453906257304e-01, 2.231408959788e-06, 3.8402e+01, 1.5210e+00, 
 2DIAGNOSTIC,    14, -4.453905777307e-01, 2.125167018738e-06, 4.0113e+01, 1.7109e+00, 
 2DIAGNOSTIC,    15, -4.453903433716e-01, 1.992946145640e-06, 4.1529e+01, 1.4160e+00, 
 2DIAGNOSTIC,    16, -4.453902177234e-01, 1.883635410913e-06, 4.2997e+01, 1.4680e+00, 
 2DIAGNOSTIC,    17, -4.453901273513e-01, 1.791490966283e-06, 4.4774e+01, 1.7771e+00, 
 2DIAGNOSTIC,    18, -4.453900742029e-01, 1.690338248615e-06, 4.6477e+01, 1.7031e+00, 
 2DIAGNOSTIC,    19, -4.453900087280e-01, 1.603700426081e-06, 4.8063e+01, 1.5864e+00, 
 2DIAGNOSTIC,    20, -4.453897674266e-01, 1.520299384807e-06, 4.9571e+01, 1.5081e+00, 
 2DIAGNOSTIC,    21, -4.453897172943e-01, 1.446668012418e-06, 5.0977e+01, 1.4052e+00, 
 2DIAGNOSTIC,    22, -4.453898696587e-01, 1.387359649684e-06, 5.2486e+01, 1.5097e+00, 
 2DIAGNOSTIC,    23, -4.453898043136e-01, 1.335391263506e-06, 5.4213e+01, 1.7268e+00, 
 2DIAGNOSTIC,    24, -4.453896116160e-01, 1.286055559865e-06, 5.5779e+01, 1.5660e+00, 
 2DIAGNOSTIC,    25, -4.453894184321e-01, 1.233790828871e-06, 5.7332e+01, 1.5530e+00, 
 2DIAGNOSTIC,    26, -4.453895904195e-01, 1.190417641808e-06, 5.8902e+01, 1.5698e+00, 
 2DIAGNOSTIC,    27, -4.453894983797e-01, 1.148686890398e-06, 6.0818e+01, 1.9165e+00, 
 2DIAGNOSTIC,    28, -4.453893564508e-01, 1.108291681824e-06, 6.2493e+01, 1.6746e+00, 
 2DIAGNOSTIC,    29, -4.453892905250e-01, 1.070827530841e-06, 6.4098e+01, 1.6050e+00, 
 2DIAGNOSTIC,    30, -4.453892220344e-01, 1.031825987631e-06, 6.5471e+01, 1.3726e+00, 
  Elapsed time (stage 0): 6.6393e+01


Total elapsed time: 6.6401e+01
Info [verificarlo]: loaded backend libinterflop_ieee.so
Info [interflop-ieee]: load backend with:
Info [interflop-ieee]: debug = false
Info [interflop-ieee]: debug-binary = false
Info [interflop-ieee]: no-backend-name = false
Info [interflop-ieee]: print-new-line = false
Info [interflop-ieee]: print-subnormal-normalized = false
Info [interflop-ieee]: count-op = false
All_Command_lines_OK
Using double precision for computations.
=============================================================================
The composite transform comprises the following transforms (in order): 
  1. /home/mdugre/scratch/mri-registration-rp/datasets/ds004513/derivatives/mri-registration-rp/0001/antsRegistration-r8-p13/sub-s003/rigid_Composite.h5[0] (type = Euler3DTransform)
  2. /home/mdugre/scratch/mri-registration-rp/datasets/ds004513/derivatives/mri-registration-rp/0001/antsRegistration-r8-p13/sub-s003/rigid_Composite.h5[1] (type = Euler3DTransform)
  3. /home/mdugre/scratch/mri-registration-rp/datasets/ds004513/derivatives/mri-registration-rp/0001/antsRegistration-r8-p13/sub-s003/rigid_Composite.h5[2] (type = Euler3DTransform)
=============================================================================
  number of levels = 4
  fixed image: /templateflow/tpl-MNI152NLin2009cAsym/tpl-MNI152NLin2009cAsym_res-01_desc-brain_T1w.nii.gz
  moving image: /home/mdugre/scratch/mri-registration-rp/datasets/ds004513/derivatives/mri-registration-rp/antsBrainExtraction/sub-s003/BrainExtractionBrain.nii.gz
Dimension = 3
Number of stages = 1
Use histogram matching = false
Winsorize image intensities = true
  Lower quantile = 0.005
  Upper quantile = 0.995


Stage 1 State
   Image metric = MattesMI
     Fixed image = Image (0x347e7e0)
  RTTI typeinfo:   itk::Image<double, 3u>
  Reference Count: 2
  Modified Time: 1594
  Debug: Off
  Object Name: 
  Observers: 
    none
  Source: (none)
  Source output name: (none)
  Release Data: Off
  Data Released: False
  Global Release Data: Off
  PipelineMTime: 0
  UpdateMTime: 1203
  RealTimeStamp: 0 seconds 
  LargestPossibleRegion: 
    Dimension: 3
    Index: [0, 0, 0]
    Size: [193, 229, 193]
  BufferedRegion: 
    Dimension: 3
    Index: [0, 0, 0]
    Size: [193, 229, 193]
  RequestedRegion: 
    Dimension: 3
    Index: [0, 0, 0]
    Size: [193, 229, 193]
  Spacing: [1, 1, 1]
  Origin: [96, 132, -78]
  Direction: 
-1 0 0
0 -1 0
0 0 1

  IndexToPointMatrix: 
-1 0 0
0 -1 0
0 0 1

  PointToIndexMatrix: 
-1 0 0
0 -1 0
0 0 1

  Inverse Direction: 
-1 0 0
0 -1 0
0 0 1

  PixelContainer: 
    ImportImageContainer (0x353ea20)
      RTTI typeinfo:   itk::ImportImageContainer<unsigned long, double>
      Reference Count: 1
      Modified Time: 1200
      Debug: Off
      Object Name: 
      Observers: 
        none
      Pointer: 0x14a427fa1010
      Container manages memory: true
      Size: 8530021
      Capacity: 8530021

     Moving image = Image (0x3539d70)
  RTTI typeinfo:   itk::Image<double, 3u>
  Reference Count: 2
  Modified Time: 1595
  Debug: Off
  Object Name: 
  Observers: 
    none
  Source: (none)
  Source output name: (none)
  Release Data: Off
  Data Released: False
  Global Release Data: Off
  PipelineMTime: 0
  UpdateMTime: 1592
  RealTimeStamp: 0 seconds 
  LargestPossibleRegion: 
    Dimension: 3
    Index: [0, 0, 0]
    Size: [176, 240, 256]
  BufferedRegion: 
    Dimension: 3
    Index: [0, 0, 0]
    Size: [176, 240, 256]
  RequestedRegion: 
    Dimension: 3
    Index: [0, 0, 0]
    Size: [176, 240, 256]
  Spacing: [0.999999, 1, 1]
  Origin: [93.3499, 86.9368, -128.957]
  Direction: 
-0.999513 -0.0279216 -0.0139567
0.0279189 -0.99961 0.000389866
-0.0139622 2.01492e-08 0.999903

  IndexToPointMatrix: 
-0.999512 -0.0279216 -0.0139567
0.0279189 -0.99961 0.000389866
-0.0139621 2.01492e-08 0.999903

  PointToIndexMatrix: 
-0.999514 0.0279189 -0.0139622
-0.0279216 -0.99961 2.01716e-08
-0.0139567 0.000389866 0.999903

  Inverse Direction: 
-0.999513 0.0279189 -0.0139622
-0.0279216 -0.99961 2.01716e-08
-0.0139567 0.000389866 0.999903

  PixelContainer: 
    ImportImageContainer (0x34f1c90)
      RTTI typeinfo:   itk::ImportImageContainer<unsigned long, double>
      Reference Count: 1
      Modified Time: 1589
      Debug: Off
      Object Name: 
      Observers: 
        none
      Pointer: 0x14a422d20010
      Container manages memory: true
      Size: 10813440
      Capacity: 10813440

     Weighting = 1
     Sampling strategy = regular
     Number of bins = 32
     Radius = 4
     Sampling percentage  = 0.25
   Transform = Affine
     Gradient step = 0.1
     Update field sigma (voxel space) = 0
     Total field sigma (voxel space) = 0
     Update field time sigma = 0
     Total field time sigma  = 0
     Number of time indices = 0
     Number of time point samples = 0
Registration using 1 total stages.

Stage 0
  iterations = 1000x500x250x100
  convergence threshold = 1e-06
  convergence window size = 10
  number of levels = 4
  using the Mattes MI metric (number of bins = 32, weight = 1, use gradient filter = 0)
  preprocessing:  winsorizing the image intensities
  Shrink factors (level 1 out of 4): [8, 8, 8]
  Shrink factors (level 2 out of 4): [4, 4, 4]
  Shrink factors (level 3 out of 4): [2, 2, 2]
  Shrink factors (level 4 out of 4): [1, 1, 1]
  smoothing sigmas per level: [3, 2, 1, 0]
  regular sampling (percentage = 0.25)

*** Running AffineTransform registration ***

DIAGNOSTIC,Iteration,metricValue,convergenceValue,ITERATION_TIME_INDEX,SINCE_LAST
 2DIAGNOSTIC,     1, -6.605281906813e-01, 1.797693134862e+308, 6.9954e-01, 6.9954e-01, 
 2DIAGNOSTIC,     2, -6.630685695312e-01, 1.797693134862e+308, 7.0500e-01, 5.4619e-03, 
 2DIAGNOSTIC,     3, -6.669377821903e-01, 1.797693134862e+308, 7.0981e-01, 4.8051e-03, 
 2DIAGNOSTIC,     4, -6.726480608066e-01, 1.797693134862e+308, 7.1464e-01, 4.8320e-03, 
 2DIAGNOSTIC,     5, -6.808744554726e-01, 1.797693134862e+308, 7.1957e-01, 4.9269e-03, 
 2DIAGNOSTIC,     6, -6.933185653466e-01, 1.797693134862e+308, 7.2458e-01, 5.0130e-03, 
 2DIAGNOSTIC,     7, -7.113993110929e-01, 1.797693134862e+308, 7.3203e-01, 7.4470e-03, 
 2DIAGNOSTIC,     8, -7.194335020474e-01, 1.797693134862e+308, 7.3757e-01, 5.5411e-03, 
 2DIAGNOSTIC,     9, -7.201895293754e-01, 1.797693134862e+308, 7.4269e-01, 5.1250e-03, 
 2DIAGNOSTIC,    10, -7.216615002897e-01, 6.914645022269e-03, 7.4970e-01, 7.0109e-03, 
 2DIAGNOSTIC,    11, -7.218783746619e-01, 5.997926319596e-03, 7.5541e-01, 5.7049e-03, 
 2DIAGNOSTIC,    12, -7.218702748111e-01, 4.781022709979e-03, 7.6223e-01, 6.8178e-03, 
 2DIAGNOSTIC,    13, -7.218605655316e-01, 3.447068513393e-03, 7.6784e-01, 5.6090e-03, 
 2DIAGNOSTIC,    14, -7.216855235194e-01, 2.162947107534e-03, 7.7392e-01, 6.0890e-03, 
 2DIAGNOSTIC,    15, -7.216736745288e-01, 1.079280696292e-03, 7.7947e-01, 5.5430e-03, 
 2DIAGNOSTIC,    16, -7.216174404725e-01, 3.387554297670e-04, 7.8598e-01, 6.5122e-03, 
 2DIAGNOSTIC,    17, -7.215927528523e-01, 8.088184570973e-05, 7.9180e-01, 5.8150e-03, 
 2DIAGNOSTIC,    18, -7.215411662312e-01, 2.394055113262e-05, 7.9779e-01, 5.9991e-03, 
DIAGNOSTIC,Iteration,metricValue,convergenceValue,ITERATION_TIME_INDEX,SINCE_LAST
 2DIAGNOSTIC,     1, -5.948638274707e-01, 1.797693134862e+308, 1.6037e+00, 8.0594e-01, 
 2DIAGNOSTIC,     2, -5.951210978574e-01, 1.797693134862e+308, 1.6427e+00, 3.8935e-02, 
 2DIAGNOSTIC,     3, -5.953348937045e-01, 1.797693134862e+308, 1.6812e+00, 3.8553e-02, 
 2DIAGNOSTIC,     4, -5.957960499138e-01, 1.797693134862e+308, 1.7200e+00, 3.8743e-02, 
 2DIAGNOSTIC,     5, -5.964412890946e-01, 1.797693134862e+308, 1.7590e+00, 3.9078e-02, 
 2DIAGNOSTIC,     6, -5.980078273589e-01, 1.797693134862e+308, 1.7967e+00, 3.7632e-02, 
 2DIAGNOSTIC,     7, -6.002522202109e-01, 1.797693134862e+308, 1.8403e+00, 4.3623e-02, 
 2DIAGNOSTIC,     8, -6.005840935058e-01, 1.797693134862e+308, 1.8835e+00, 4.3236e-02, 
 2DIAGNOSTIC,     9, -6.006878447868e-01, 1.797693134862e+308, 1.9192e+00, 3.5640e-02, 
 2DIAGNOSTIC,    10, -6.010125444778e-01, 8.131303978203e-04, 1.9632e+00, 4.4047e-02, 
 2DIAGNOSTIC,    11, -6.010422607411e-01, 7.208853159188e-04, 2.0096e+00, 4.6335e-02, 
 2DIAGNOSTIC,    12, -6.010521238334e-01, 5.891072625068e-04, 2.0597e+00, 5.0104e-02, 
 2DIAGNOSTIC,    13, -6.010475869278e-01, 4.328018659685e-04, 2.1055e+00, 4.5841e-02, 
 2DIAGNOSTIC,    14, -6.010252217984e-01, 2.758505461899e-04, 2.1454e+00, 3.9927e-02, 
 2DIAGNOSTIC,    15, -6.010141340273e-01, 1.344356073878e-04, 2.1817e+00, 3.6249e-02, 
 2DIAGNOSTIC,    16, -6.010354670051e-01, 4.391961283663e-05, 2.2251e+00, 4.3389e-02, 
 2DIAGNOSTIC,    17, -6.010483684638e-01, 2.309341830720e-05, 2.2638e+00, 3.8749e-02, 
 2DIAGNOSTIC,    18, -6.010585376393e-01, 1.167407727434e-05, 2.3032e+00, 3.9420e-02, 
 2DIAGNOSTIC,    19, -6.010875281237e-01, 3.652476645639e-06, 2.3414e+00, 3.8183e-02, 
 2DIAGNOSTIC,    20, -6.011229595718e-01, 4.762996287967e-06, 2.3795e+00, 3.8039e-02, 
 2DIAGNOSTIC,    21, -6.011632924233e-01, 7.018271754401e-06, 2.4184e+00, 3.8976e-02, 
 2DIAGNOSTIC,    22, -6.012596441261e-01, 1.082326814053e-05, 2.4557e+00, 3.7305e-02, 
 2DIAGNOSTIC,    23, -6.013730545886e-01, 1.563885959487e-05, 2.4947e+00, 3.8973e-02, 
 2DIAGNOSTIC,    24, -6.016164099908e-01, 2.305348413479e-05, 2.5421e+00, 4.7428e-02, 
 2DIAGNOSTIC,    25, -6.016446273537e-01, 2.806000586846e-05, 2.5972e+00, 5.5052e-02, 
 2DIAGNOSTIC,    26, -6.016581524260e-01, 3.085165507408e-05, 2.6365e+00, 3.9341e-02, 
 2DIAGNOSTIC,    27, -6.016665208515e-01, 3.106022087317e-05, 2.6741e+00, 3.7577e-02, 
 2DIAGNOSTIC,    28, -6.016931481237e-01, 2.901510027305e-05, 2.7179e+00, 4.3796e-02, 
 2DIAGNOSTIC,    29, -6.016984975188e-01, 2.497390306467e-05, 2.7610e+00, 4.3088e-02, 
 2DIAGNOSTIC,    30, -6.017059189983e-01, 1.963339128961e-05, 2.8044e+00, 4.3406e-02, 
 2DIAGNOSTIC,    31, -6.017117937800e-01, 1.362451033210e-05, 2.8475e+00, 4.3117e-02, 
 2DIAGNOSTIC,    32, -6.017090158388e-01, 8.181144348182e-06, 2.8893e+00, 4.1826e-02, 
 2DIAGNOSTIC,    33, -6.016892593580e-01, 3.635362887999e-06, 2.9257e+00, 3.6393e-02, 
 2DIAGNOSTIC,    34, -6.016925604213e-01, 2.537350700688e-06, 2.9652e+00, 3.9421e-02, 
 2DIAGNOSTIC,    35, -6.016925195442e-01, 1.725962344379e-06, 3.0062e+00, 4.1093e-02, 
 2DIAGNOSTIC,    36, -6.016990175847e-01, 1.142508709390e-06, 3.0420e+00, 3.5706e-02, 
DIAGNOSTIC,Iteration,metricValue,convergenceValue,ITERATION_TIME_INDEX,SINCE_LAST
 2DIAGNOSTIC,     1, -5.249176222325e-01, 1.797693134862e+308, 4.3236e+00, 1.2817e+00, 
 2DIAGNOSTIC,     2, -5.252377406169e-01, 1.797693134862e+308, 4.6477e+00, 3.2405e-01, 
 2DIAGNOSTIC,     3, -5.255619527722e-01, 1.797693134862e+308, 4.9530e+00, 3.0529e-01, 
 2DIAGNOSTIC,     4, -5.258160610309e-01, 1.797693134862e+308, 5.2577e+00, 3.0474e-01, 
 2DIAGNOSTIC,     5, -5.261913902011e-01, 1.797693134862e+308, 5.5908e+00, 3.3309e-01, 
 2DIAGNOSTIC,     6, -5.266960195013e-01, 1.797693134862e+308, 5.9195e+00, 3.2870e-01, 
 2DIAGNOSTIC,     7, -5.277628846936e-01, 1.797693134862e+308, 6.3136e+00, 3.9409e-01, 
 2DIAGNOSTIC,     8, -5.278291481801e-01, 1.797693134862e+308, 6.6371e+00, 3.2347e-01, 
 2DIAGNOSTIC,     9, -5.281059620603e-01, 1.797693134862e+308, 7.0037e+00, 3.6662e-01, 
 2DIAGNOSTIC,    10, -5.286885915692e-01, 4.813235930446e-04, 7.3432e+00, 3.3954e-01, 
 2DIAGNOSTIC,    11, -5.308061216631e-01, 5.347003905442e-04, 7.8997e+00, 5.5651e-01, 
 2DIAGNOSTIC,    12, -5.314335136769e-01, 5.708522309760e-04, 8.2922e+00, 3.9250e-01, 
 2DIAGNOSTIC,    13, -5.314752546428e-01, 5.659654326106e-04, 8.6324e+00, 3.4015e-01, 
 2DIAGNOSTIC,    14, -5.315157619073e-01, 5.237369139792e-04, 8.9590e+00, 3.2665e-01, 
 2DIAGNOSTIC,    15, -5.316949435899e-01, 4.591169858793e-04, 9.3172e+00, 3.5812e-01, 
 2DIAGNOSTIC,    16, -5.319793227335e-01, 3.849060172496e-04, 9.7165e+00, 3.9931e-01, 
 2DIAGNOSTIC,    17, -5.330897451044e-01, 3.526350875144e-04, 1.0621e+01, 9.0417e-01, 
 2DIAGNOSTIC,    18, -5.330891325027e-01, 2.936983953704e-04, 1.0949e+01, 3.2811e-01, 
 2DIAGNOSTIC,    19, -5.330883846777e-01, 2.227793445337e-04, 1.1292e+01, 3.4343e-01, 
 2DIAGNOSTIC,    20, -5.330887925436e-01, 1.530776614036e-04, 1.1691e+01, 3.9930e-01, 
 2DIAGNOSTIC,    21, -5.330889550231e-01, 1.293935920448e-04, 1.2007e+01, 3.1514e-01, 
 2DIAGNOSTIC,    22, -5.330862587710e-01, 1.107462516503e-04, 1.2362e+01, 3.5547e-01, 
 2DIAGNOSTIC,    23, -5.330855955701e-01, 8.450180919305e-05, 1.2669e+01, 3.0693e-01, 
 2DIAGNOSTIC,    24, -5.330841744322e-01, 5.390811943468e-05, 1.2998e+01, 3.2895e-01, 
 2DIAGNOSTIC,    25, -5.330837423226e-01, 2.478454165010e-05, 1.3412e+01, 4.1401e-01, 
DIAGNOSTIC,Iteration,metricValue,convergenceValue,ITERATION_TIME_INDEX,SINCE_LAST
 2DIAGNOSTIC,     1, -4.894636723042e-01, 1.797693134862e+308, 1.6506e+01, 3.0937e+00, 
 2DIAGNOSTIC,     2, -4.895822486287e-01, 1.797693134862e+308, 1.8391e+01, 1.8854e+00, 
 2DIAGNOSTIC,     3, -4.896642981021e-01, 1.797693134862e+308, 2.0090e+01, 1.6993e+00, 
 2DIAGNOSTIC,     4, -4.896938307668e-01, 1.797693134862e+308, 2.1808e+01, 1.7177e+00, 
 2DIAGNOSTIC,     5, -4.897741555957e-01, 1.797693134862e+308, 2.3702e+01, 1.8942e+00, 
 2DIAGNOSTIC,     6, -4.898896743389e-01, 1.797693134862e+308, 2.6093e+01, 2.3908e+00, 
 2DIAGNOSTIC,     7, -4.898920465621e-01, 1.797693134862e+308, 2.8029e+01, 1.9359e+00, 
 2DIAGNOSTIC,     8, -4.898925591768e-01, 1.797693134862e+308, 2.9952e+01, 1.9233e+00, 
 2DIAGNOSTIC,     9, -4.898929002206e-01, 1.797693134862e+308, 3.2387e+01, 2.4346e+00, 
 2DIAGNOSTIC,    10, -4.898930571454e-01, 5.962450449279e-05, 3.5000e+01, 2.6132e+00, 
 2DIAGNOSTIC,    11, -4.898929218759e-01, 4.013372578560e-05, 3.7576e+01, 2.5758e+00, 
 2DIAGNOSTIC,    12, -4.898928955462e-01, 2.622992837879e-05, 3.9701e+01, 2.1250e+00, 
 2DIAGNOSTIC,    13, -4.898926658291e-01, 1.607757633365e-05, 4.1631e+01, 1.9296e+00, 
 2DIAGNOSTIC,    14, -4.898925331384e-01, 7.320062786281e-06, 4.3340e+01, 1.7098e+00, 
 2DIAGNOSTIC,    15, -4.898922392700e-01, 2.238644137578e-06, 4.5375e+01, 2.0348e+00, 
 2DIAGNOSTIC,    16, -4.898923805320e-01, 1.974294682197e-06, 4.7511e+01, 2.1363e+00, 
 2DIAGNOSTIC,    17, -4.898922184068e-01, 1.817242840103e-06, 4.9442e+01, 1.9305e+00, 
 2DIAGNOSTIC,    18, -4.898921894080e-01, 1.698110506099e-06, 5.1159e+01, 1.7168e+00, 
 2DIAGNOSTIC,    19, -4.898922195806e-01, 1.609248360880e-06, 5.3112e+01, 1.9532e+00, 
 2DIAGNOSTIC,    20, -4.898923105198e-01, 1.542547507019e-06, 5.4814e+01, 1.7026e+00, 
 2DIAGNOSTIC,    21, -4.898922444899e-01, 1.480915568876e-06, 5.6736e+01, 1.9216e+00, 
 2DIAGNOSTIC,    22, -4.898917718845e-01, 1.415064354464e-06, 5.8859e+01, 2.1235e+00, 
 2DIAGNOSTIC,    23, -4.898918462604e-01, 1.354370597749e-06, 6.0738e+01, 1.8781e+00, 
 2DIAGNOSTIC,    24, -4.898919181353e-01, 1.299915029430e-06, 6.2684e+01, 1.9465e+00, 
 2DIAGNOSTIC,    25, -4.898915969098e-01, 1.237560722289e-06, 6.4460e+01, 1.7756e+00, 
 2DIAGNOSTIC,    26, -4.898917928318e-01, 1.191231789495e-06, 6.6332e+01, 1.8727e+00, 
 2DIAGNOSTIC,    27, -4.898919187723e-01, 1.150654057168e-06, 6.8417e+01, 2.0841e+00, 
 2DIAGNOSTIC,    28, -4.898918590931e-01, 1.113594708904e-06, 7.0511e+01, 2.0948e+00, 
 2DIAGNOSTIC,    29, -4.898916741457e-01, 1.078027869708e-06, 7.2404e+01, 1.8930e+00, 
 2DIAGNOSTIC,    30, -4.898916218975e-01, 1.047537056334e-06, 7.4385e+01, 1.9812e+00, 
 2DIAGNOSTIC,    31, -4.898917180719e-01, 1.021009759003e-06, 7.6685e+01, 2.2997e+00, 
  Elapsed time (stage 0): 7.7887e+01


Total elapsed time: 7.7891e+01
Info [verificarlo]: loaded backend libinterflop_vprec.so
Info [interflop-vprec]: load backend with: 
Info [interflop-vprec]: precision-binary32 = 13
Info [interflop-vprec]: range-binary32 = 8
Info [interflop-vprec]: precision-binary64 = 13
Info [interflop-vprec]: range-binary64 = 8
Info [interflop-vprec]: mode = ob
Info [interflop-vprec]: error-mode = rel
Info [interflop-vprec]: max-abs-error-exponent = -1022
Info [interflop-vprec]: daz = false
Info [interflop-vprec]: ftz = false
Info [interflop-vprec]: 	instrument = none
Info [interflop-vprec]: 	prec-input-file = (null)
Info [interflop-vprec]: 	prec-output-file = (null)
Info [interflop-vprec]: 	prec-log-file = (null)
All_Command_lines_OK
Using double precision for computations.
