
##########################
# Experiment information #
##########################

EXPERIMENT_NAME: antsRegistration-r7-p6
VFC_BACKENDS: libinterflop_vprec.so --range-binary32=7 --precision-binary32=6 --range-binary64=7 --precision-binary64=6

SIF_IMG: /home/mdugre/projects/rrg-glatard/mdugre/containers/ants-vprec-no_metrics.simg

SUBJECT_ID: s025
INPUT_IMG: /home/mdugre/scratch/mri-registration-rp/datasets/ds004513/derivatives/mri-registration-rp/antsBrainExtraction/sub-s025/BrainExtractionBrain.nii.gz
OUTPUT_DIR: /home/mdugre/scratch/mri-registration-rp/datasets/ds004513/derivatives/mri-registration-rp/0001/antsRegistration-r7-p6/sub-s025

FIXED_IMG: /templateflow/tpl-MNI152NLin2009cAsym/tpl-MNI152NLin2009cAsym_res-01_desc-brain_T1w.nii.gz
DATA_DIR: /home/mdugre/scratch/mri-registration-rp/datasets/ds004513
TEMPLATEFLOW_DIR: /home/mdugre/projects/rrg-glatard/mdugre/templateflow
ITK_GLOBAL_DEFAULT_NUMBER_OF_THREADS: 16
##########################

Info [verificarlo]: loaded backend libinterflop_ieee.so
Info [interflop-ieee]: load backend with:
Info [interflop-ieee]: debug = false
Info [interflop-ieee]: debug-binary = false
Info [interflop-ieee]: no-backend-name = false
Info [interflop-ieee]: print-new-line = false
Info [interflop-ieee]: print-subnormal-normalized = false
Info [interflop-ieee]: count-op = false
All_Command_lines_OK
Using double precision for computations.
=============================================================================
The composite transform comprises the following transforms (in order): 
  1. Center of mass alignment using fixed image: /templateflow/tpl-MNI152NLin2009cAsym/tpl-MNI152NLin2009cAsym_res-01_desc-brain_T1w.nii.gz and moving image: /home/mdugre/scratch/mri-registration-rp/datasets/ds004513/derivatives/mri-registration-rp/antsBrainExtraction/sub-s025/BrainExtractionBrain.nii.gz (type = Euler3DTransform)
=============================================================================
  number of levels = 1
  fixed image: /templateflow/tpl-MNI152NLin2009cAsym/tpl-MNI152NLin2009cAsym_res-01_desc-brain_T1w.nii.gz
  moving image: /home/mdugre/scratch/mri-registration-rp/datasets/ds004513/derivatives/mri-registration-rp/antsBrainExtraction/sub-s025/BrainExtractionBrain.nii.gz
Dimension = 3
Number of stages = 1
Use histogram matching = false
Winsorize image intensities = true
  Lower quantile = 0.005
  Upper quantile = 0.995


Stage 1 State
   Image metric = MattesMI
     Fixed image = Image (0x39e1bd0)
  RTTI typeinfo:   itk::Image<double, 3u>
  Reference Count: 2
  Modified Time: 2334
  Debug: Off
  Object Name: 
  Observers: 
    none
  Source: (none)
  Source output name: (none)
  Release Data: Off
  Data Released: False
  Global Release Data: Off
  PipelineMTime: 0
  UpdateMTime: 1943
  RealTimeStamp: 0 seconds 
  LargestPossibleRegion: 
    Dimension: 3
    Index: [0, 0, 0]
    Size: [193, 229, 193]
  BufferedRegion: 
    Dimension: 3
    Index: [0, 0, 0]
    Size: [193, 229, 193]
  RequestedRegion: 
    Dimension: 3
    Index: [0, 0, 0]
    Size: [193, 229, 193]
  Spacing: [1, 1, 1]
  Origin: [96, 132, -78]
  Direction: 
-1 0 0
0 -1 0
0 0 1

  IndexToPointMatrix: 
-1 0 0
0 -1 0
0 0 1

  PointToIndexMatrix: 
-1 0 0
0 -1 0
0 0 1

  Inverse Direction: 
-1 0 0
0 -1 0
0 0 1

  PixelContainer: 
    ImportImageContainer (0x39ea9e0)
      RTTI typeinfo:   itk::ImportImageContainer<unsigned long, double>
      Reference Count: 1
      Modified Time: 1940
      Debug: Off
      Object Name: 
      Observers: 
        none
      Pointer: 0x14b311897010
      Container manages memory: true
      Size: 8530021
      Capacity: 8530021

     Moving image = Image (0x39ebbd0)
  RTTI typeinfo:   itk::Image<double, 3u>
  Reference Count: 2
  Modified Time: 2335
  Debug: Off
  Object Name: 
  Observers: 
    none
  Source: (none)
  Source output name: (none)
  Release Data: Off
  Data Released: False
  Global Release Data: Off
  PipelineMTime: 0
  UpdateMTime: 2332
  RealTimeStamp: 0 seconds 
  LargestPossibleRegion: 
    Dimension: 3
    Index: [0, 0, 0]
    Size: [176, 240, 256]
  BufferedRegion: 
    Dimension: 3
    Index: [0, 0, 0]
    Size: [176, 240, 256]
  RequestedRegion: 
    Dimension: 3
    Index: [0, 0, 0]
    Size: [176, 240, 256]
  Spacing: [0.999999, 1, 1]
  Origin: [90.3778, 84.5091, -154.071]
  Direction: 
-0.999391 7.48184e-06 -0.0348969
-7.47664e-06 -1 -2.7953e-07
-0.0348969 -1.84481e-08 0.999391

  IndexToPointMatrix: 
-0.99939 7.48184e-06 -0.0348969
-7.47663e-06 -1 -2.7953e-07
-0.0348968 -1.84481e-08 0.999391

  PointToIndexMatrix: 
-0.999392 -7.47665e-06 -0.0348969
7.48184e-06 -1 -1.84481e-08
-0.0348969 -2.7953e-07 0.999391

  Inverse Direction: 
-0.999391 -7.47664e-06 -0.0348969
7.48184e-06 -1 -1.84481e-08
-0.0348969 -2.7953e-07 0.999391

  PixelContainer: 
    ImportImageContainer (0x3b71b50)
      RTTI typeinfo:   itk::ImportImageContainer<unsigned long, double>
      Reference Count: 1
      Modified Time: 2329
      Debug: Off
      Object Name: 
      Observers: 
        none
      Pointer: 0x14b30c616010
      Container manages memory: true
      Size: 10813440
      Capacity: 10813440

     Weighting = 1
     Sampling strategy = regular
     Number of bins = 32
     Radius = 4
     Sampling percentage  = 0.25
   Transform = Rigid
     Gradient step = 0.1
     Update field sigma (voxel space) = 0
     Total field sigma (voxel space) = 0
     Update field time sigma = 0
     Total field time sigma  = 0
     Number of time indices = 0
     Number of time point samples = 0
Registration using 1 total stages.

Stage 0
  iterations = 0
  convergence threshold = 1e-06
  convergence window size = 10
  number of levels = 1
  using the Mattes MI metric (number of bins = 32, weight = 1, use gradient filter = 0)
  preprocessing:  winsorizing the image intensities
  Shrink factors (level 1 out of 1): [1, 1, 1]
  smoothing sigmas per level: [0]
  regular sampling (percentage = 0.25)

*** Running Euler3DTransform registration ***

  Elapsed time (stage 0): 1.1045


Total elapsed time: 1.10668
Info [verificarlo]: loaded backend libinterflop_ieee.so
Info [interflop-ieee]: load backend with:
Info [interflop-ieee]: debug = false
Info [interflop-ieee]: debug-binary = false
Info [interflop-ieee]: no-backend-name = false
Info [interflop-ieee]: print-new-line = false
Info [interflop-ieee]: print-subnormal-normalized = false
Info [interflop-ieee]: count-op = false
All_Command_lines_OK
Using double precision for computations.
=============================================================================
The composite transform comprises the following transforms (in order): 
  1. /home/mdugre/scratch/mri-registration-rp/datasets/ds004513/derivatives/mri-registration-rp/0001/antsRegistration-r7-p6/sub-s025/align_Composite.h5[0] (type = Euler3DTransform)
  2. /home/mdugre/scratch/mri-registration-rp/datasets/ds004513/derivatives/mri-registration-rp/0001/antsRegistration-r7-p6/sub-s025/align_Composite.h5[1] (type = Euler3DTransform)
=============================================================================
  number of levels = 4
  fixed image: /templateflow/tpl-MNI152NLin2009cAsym/tpl-MNI152NLin2009cAsym_res-01_desc-brain_T1w.nii.gz
  moving image: /home/mdugre/scratch/mri-registration-rp/datasets/ds004513/derivatives/mri-registration-rp/antsBrainExtraction/sub-s025/BrainExtractionBrain.nii.gz
Dimension = 3
Number of stages = 1
Use histogram matching = false
Winsorize image intensities = true
  Lower quantile = 0.005
  Upper quantile = 0.995


Stage 1 State
   Image metric = MattesMI
     Fixed image = Image (0x4c36530)
  RTTI typeinfo:   itk::Image<double, 3u>
  Reference Count: 2
  Modified Time: 1580
  Debug: Off
  Object Name: 
  Observers: 
    none
  Source: (none)
  Source output name: (none)
  Release Data: Off
  Data Released: False
  Global Release Data: Off
  PipelineMTime: 0
  UpdateMTime: 1189
  RealTimeStamp: 0 seconds 
  LargestPossibleRegion: 
    Dimension: 3
    Index: [0, 0, 0]
    Size: [193, 229, 193]
  BufferedRegion: 
    Dimension: 3
    Index: [0, 0, 0]
    Size: [193, 229, 193]
  RequestedRegion: 
    Dimension: 3
    Index: [0, 0, 0]
    Size: [193, 229, 193]
  Spacing: [1, 1, 1]
  Origin: [96, 132, -78]
  Direction: 
-1 0 0
0 -1 0
0 0 1

  IndexToPointMatrix: 
-1 0 0
0 -1 0
0 0 1

  PointToIndexMatrix: 
-1 0 0
0 -1 0
0 0 1

  Inverse Direction: 
-1 0 0
0 -1 0
0 0 1

  PixelContainer: 
    ImportImageContainer (0x4cf4d60)
      RTTI typeinfo:   itk::ImportImageContainer<unsigned long, double>
      Reference Count: 1
      Modified Time: 1186
      Debug: Off
      Object Name: 
      Observers: 
        none
      Pointer: 0x1462c7d4f010
      Container manages memory: true
      Size: 8530021
      Capacity: 8530021

     Moving image = Image (0x4ce6f60)
  RTTI typeinfo:   itk::Image<double, 3u>
  Reference Count: 2
  Modified Time: 1581
  Debug: Off
  Object Name: 
  Observers: 
    none
  Source: (none)
  Source output name: (none)
  Release Data: Off
  Data Released: False
  Global Release Data: Off
  PipelineMTime: 0
  UpdateMTime: 1578
  RealTimeStamp: 0 seconds 
  LargestPossibleRegion: 
    Dimension: 3
    Index: [0, 0, 0]
    Size: [176, 240, 256]
  BufferedRegion: 
    Dimension: 3
    Index: [0, 0, 0]
    Size: [176, 240, 256]
  RequestedRegion: 
    Dimension: 3
    Index: [0, 0, 0]
    Size: [176, 240, 256]
  Spacing: [0.999999, 1, 1]
  Origin: [90.3778, 84.5091, -154.071]
  Direction: 
-0.999391 7.48184e-06 -0.0348969
-7.47664e-06 -1 -2.7953e-07
-0.0348969 -1.84481e-08 0.999391

  IndexToPointMatrix: 
-0.99939 7.48184e-06 -0.0348969
-7.47663e-06 -1 -2.7953e-07
-0.0348968 -1.84481e-08 0.999391

  PointToIndexMatrix: 
-0.999392 -7.47665e-06 -0.0348969
7.48184e-06 -1 -1.84481e-08
-0.0348969 -2.7953e-07 0.999391

  Inverse Direction: 
-0.999391 -7.47664e-06 -0.0348969
7.48184e-06 -1 -1.84481e-08
-0.0348969 -2.7953e-07 0.999391

  PixelContainer: 
    ImportImageContainer (0x4cd86d0)
      RTTI typeinfo:   itk::ImportImageContainer<unsigned long, double>
      Reference Count: 1
      Modified Time: 1575
      Debug: Off
      Object Name: 
      Observers: 
        none
      Pointer: 0x1462c2ace010
      Container manages memory: true
      Size: 10813440
      Capacity: 10813440

     Weighting = 1
     Sampling strategy = regular
     Number of bins = 32
     Radius = 4
     Sampling percentage  = 0.25
   Transform = Rigid
     Gradient step = 0.1
     Update field sigma (voxel space) = 0
     Total field sigma (voxel space) = 0
     Update field time sigma = 0
     Total field time sigma  = 0
     Number of time indices = 0
     Number of time point samples = 0
Registration using 1 total stages.

Stage 0
  iterations = 1000x500x250x100
  convergence threshold = 1e-06
  convergence window size = 10
  number of levels = 4
  using the Mattes MI metric (number of bins = 32, weight = 1, use gradient filter = 0)
  preprocessing:  winsorizing the image intensities
  Shrink factors (level 1 out of 4): [8, 8, 8]
  Shrink factors (level 2 out of 4): [4, 4, 4]
  Shrink factors (level 3 out of 4): [2, 2, 2]
  Shrink factors (level 4 out of 4): [1, 1, 1]
  smoothing sigmas per level: [3, 2, 1, 0]
  regular sampling (percentage = 0.25)

*** Running Euler3DTransform registration ***

DIAGNOSTIC,Iteration,metricValue,convergenceValue,ITERATION_TIME_INDEX,SINCE_LAST
 2DIAGNOSTIC,     1, -5.323241903179e-01, 1.797693134862e+308, 9.1036e-01, 9.1036e-01, 
 2DIAGNOSTIC,     2, -5.346190553927e-01, 1.797693134862e+308, 9.1484e-01, 4.4780e-03, 
 2DIAGNOSTIC,     3, -5.378036555361e-01, 1.797693134862e+308, 9.1882e-01, 3.9821e-03, 
 2DIAGNOSTIC,     4, -5.422949451405e-01, 1.797693134862e+308, 9.2296e-01, 4.1392e-03, 
 2DIAGNOSTIC,     5, -5.486805952477e-01, 1.797693134862e+308, 9.2714e-01, 4.1771e-03, 
 2DIAGNOSTIC,     6, -5.542790085272e-01, 1.797693134862e+308, 9.3228e-01, 5.1410e-03, 
 2DIAGNOSTIC,     7, -5.627123115611e-01, 1.797693134862e+308, 9.3636e-01, 4.0791e-03, 
 2DIAGNOSTIC,     8, -5.766609943856e-01, 1.797693134862e+308, 9.4051e-01, 4.1490e-03, 
 2DIAGNOSTIC,     9, -5.881111419397e-01, 1.797693134862e+308, 9.4462e-01, 4.1120e-03, 
 2DIAGNOSTIC,    10, -6.012927005665e-01, 7.820055967721e-03, 9.5017e-01, 5.5509e-03, 
 2DIAGNOSTIC,    11, -6.192402913585e-01, 8.564422673914e-03, 9.5752e-01, 7.3490e-03, 
 2DIAGNOSTIC,    12, -6.197111897434e-01, 8.513711436451e-03, 9.6166e-01, 4.1389e-03, 
 2DIAGNOSTIC,    13, -6.223136777512e-01, 7.932305190612e-03, 9.6583e-01, 4.1780e-03, 
 2DIAGNOSTIC,    14, -6.239859078539e-01, 6.938967258810e-03, 9.7000e-01, 4.1659e-03, 
 2DIAGNOSTIC,    15, -6.258731029042e-01, 5.722268374568e-03, 9.7420e-01, 4.2019e-03, 
 2DIAGNOSTIC,    16, -6.290042957060e-01, 4.404898010804e-03, 9.7843e-01, 4.2322e-03, 
 2DIAGNOSTIC,    17, -6.327399548251e-01, 3.192249458315e-03, 9.8373e-01, 5.2929e-03, 
 2DIAGNOSTIC,    18, -6.361770329224e-01, 2.298162514920e-03, 9.8904e-01, 5.3160e-03, 
 2DIAGNOSTIC,    19, -6.381920794651e-01, 1.629119690806e-03, 9.9375e-01, 4.7112e-03, 
 2DIAGNOSTIC,    20, -6.414786468901e-01, 1.264281191189e-03, 9.9812e-01, 4.3700e-03, 
 2DIAGNOSTIC,    21, -6.422621311851e-01, 1.244231355171e-03, 1.0023e+00, 4.1730e-03, 
 2DIAGNOSTIC,    22, -6.443386369987e-01, 1.164065700502e-03, 1.0067e+00, 4.3540e-03, 
 2DIAGNOSTIC,    23, -6.458367311226e-01, 1.066297097066e-03, 1.0109e+00, 4.2720e-03, 
 2DIAGNOSTIC,    24, -6.528535020494e-01, 1.047817953164e-03, 1.0157e+00, 4.8220e-03, 
 2DIAGNOSTIC,    25, -6.591704572414e-01, 1.083081286158e-03, 1.0215e+00, 5.7368e-03, 
 2DIAGNOSTIC,    26, -6.605963678693e-01, 1.093549226284e-03, 1.0261e+00, 4.6568e-03, 
 2DIAGNOSTIC,    27, -6.608439797986e-01, 1.070984939569e-03, 1.0302e+00, 4.1020e-03, 
 2DIAGNOSTIC,    28, -6.615671804574e-01, 1.019502600273e-03, 1.0344e+00, 4.1161e-03, 
 2DIAGNOSTIC,    29, -6.628794817376e-01, 9.260610396248e-04, 1.0386e+00, 4.2150e-03, 
 2DIAGNOSTIC,    30, -6.728293585278e-01, 9.537350992271e-04, 1.0444e+00, 5.8250e-03, 
 2DIAGNOSTIC,    31, -6.735477250082e-01, 9.084110366338e-04, 1.0485e+00, 4.1132e-03, 
 2DIAGNOSTIC,    32, -6.743490444011e-01, 8.254070635784e-04, 1.0526e+00, 4.1358e-03, 
 2DIAGNOSTIC,    33, -6.778517814475e-01, 7.396546992443e-04, 1.0569e+00, 4.2908e-03, 
 2DIAGNOSTIC,    34, -6.872953745598e-01, 8.064151473620e-04, 1.0654e+00, 8.4610e-03, 
 2DIAGNOSTIC,    35, -6.877336406394e-01, 8.751783959632e-04, 1.0695e+00, 4.1380e-03, 
 2DIAGNOSTIC,    36, -6.893230175955e-01, 8.964610471370e-04, 1.0736e+00, 4.1001e-03, 
 2DIAGNOSTIC,    37, -6.927412889503e-01, 8.792059503313e-04, 1.0777e+00, 4.0870e-03, 
 2DIAGNOSTIC,    38, -7.010353843910e-01, 8.855314334259e-04, 1.0819e+00, 4.1411e-03, 
 2DIAGNOSTIC,    39, -7.063935817249e-01, 8.772386192245e-04, 1.0860e+00, 4.1082e-03, 
 2DIAGNOSTIC,    40, -7.084206522627e-01, 9.204012442133e-04, 1.0900e+00, 4.0090e-03, 
 2DIAGNOSTIC,    41, -7.161300158245e-01, 9.684080388430e-04, 1.0947e+00, 4.7119e-03, 
 2DIAGNOSTIC,    42, -7.194033981757e-01, 9.629484008899e-04, 1.1004e+00, 5.6632e-03, 
 2DIAGNOSTIC,    43, -7.223241213262e-01, 9.285214828852e-04, 1.1048e+00, 4.3950e-03, 
 2DIAGNOSTIC,    44, -7.286480107275e-01, 9.662248261687e-04, 1.1089e+00, 4.1769e-03, 
 2DIAGNOSTIC,    45, -7.399008735451e-01, 1.023929743251e-03, 1.1131e+00, 4.1370e-03, 
 2DIAGNOSTIC,    46, -7.443964672849e-01, 1.036779099188e-03, 1.1172e+00, 4.1351e-03, 
 2DIAGNOSTIC,    47, -7.512915028407e-01, 1.045010756132e-03, 1.1244e+00, 7.1840e-03, 
 2DIAGNOSTIC,    48, -7.534465162577e-01, 1.047824195924e-03, 1.1290e+00, 4.6461e-03, 
 2DIAGNOSTIC,    49, -7.537118537290e-01, 1.000707027242e-03, 1.1330e+00, 4.0121e-03, 
 2DIAGNOSTIC,    50, -7.546770625165e-01, 8.841437323816e-04, 1.1371e+00, 4.0550e-03, 
 2DIAGNOSTIC,    51, -7.569978081723e-01, 7.727410768545e-04, 1.1412e+00, 4.0669e-03, 
 2DIAGNOSTIC,    52, -7.589843961745e-01, 6.359296136110e-04, 1.1486e+00, 7.4151e-03, 
 2DIAGNOSTIC,    53, -7.591501634297e-01, 4.689401149379e-04, 1.1530e+00, 4.4310e-03, 
 2DIAGNOSTIC,    54, -7.588983829613e-01, 3.115757535505e-04, 1.1575e+00, 4.5030e-03, 
 2DIAGNOSTIC,    55, -7.588353970421e-01, 2.181301590892e-04, 1.1620e+00, 4.5300e-03, 
 2DIAGNOSTIC,    56, -7.586472594132e-01, 1.388552142383e-04, 1.1665e+00, 4.4188e-03, 
 2DIAGNOSTIC,    57, -7.588035337162e-01, 1.015630955258e-04, 1.1709e+00, 4.4670e-03, 
 2DIAGNOSTIC,    58, -7.587068955183e-01, 7.131753789419e-05, 1.1749e+00, 4.0200e-03, 
 2DIAGNOSTIC,    59, -7.586246586365e-01, 3.704063954753e-05, 1.1789e+00, 3.9780e-03, 
 2DIAGNOSTIC,    60, -7.586867863052e-01, 7.567193504050e-06, 1.1835e+00, 4.5972e-03, 
DIAGNOSTIC,Iteration,metricValue,convergenceValue,ITERATION_TIME_INDEX,SINCE_LAST
 2DIAGNOSTIC,     1, -6.017493427465e-01, 1.797693134862e+308, 1.9040e+00, 7.2043e-01, 
 2DIAGNOSTIC,     2, -6.027741313390e-01, 1.797693134862e+308, 1.9321e+00, 2.8125e-02, 
 2DIAGNOSTIC,     3, -6.040311166331e-01, 1.797693134862e+308, 1.9577e+00, 2.5650e-02, 
 2DIAGNOSTIC,     4, -6.053193604388e-01, 1.797693134862e+308, 1.9842e+00, 2.6500e-02, 
 2DIAGNOSTIC,     5, -6.063303984987e-01, 1.797693134862e+308, 2.0109e+00, 2.6664e-02, 
 2DIAGNOSTIC,     6, -6.074566547246e-01, 1.797693134862e+308, 2.0388e+00, 2.7913e-02, 
 2DIAGNOSTIC,     7, -6.091372218831e-01, 1.797693134862e+308, 2.0661e+00, 2.7315e-02, 
 2DIAGNOSTIC,     8, -6.112543135543e-01, 1.797693134862e+308, 2.0932e+00, 2.7026e-02, 
 2DIAGNOSTIC,     9, -6.140112875454e-01, 1.797693134862e+308, 2.1314e+00, 3.8214e-02, 
 2DIAGNOSTIC,    10, -6.150549736138e-01, 1.413787768376e-03, 2.1587e+00, 2.7351e-02, 
 2DIAGNOSTIC,    11, -6.157782699144e-01, 1.332620106186e-03, 2.1894e+00, 3.0657e-02, 
 2DIAGNOSTIC,    12, -6.172434733077e-01, 1.242297638569e-03, 2.2206e+00, 3.1237e-02, 
 2DIAGNOSTIC,    13, -6.181891555809e-01, 1.130373337794e-03, 2.2474e+00, 2.6784e-02, 
 2DIAGNOSTIC,    14, -6.195846089479e-01, 1.019908396975e-03, 2.2739e+00, 2.6505e-02, 
 2DIAGNOSTIC,    15, -6.209058673916e-01, 9.033406230795e-04, 2.3038e+00, 2.9867e-02, 
 2DIAGNOSTIC,    16, -6.210405411709e-01, 7.554535108747e-04, 2.3453e+00, 4.1541e-02, 
 2DIAGNOSTIC,    17, -6.211848173202e-01, 6.055359539876e-04, 2.3793e+00, 3.3948e-02, 
 2DIAGNOSTIC,    18, -6.211881992909e-01, 4.698008082033e-04, 2.4055e+00, 2.6195e-02, 
 2DIAGNOSTIC,    19, -6.212012281478e-01, 3.721311952621e-04, 2.4357e+00, 3.0280e-02, 
 2DIAGNOSTIC,    20, -6.212572935361e-01, 2.750930904831e-04, 2.4675e+00, 3.1758e-02, 
 2DIAGNOSTIC,    21, -6.212555714534e-01, 1.774696374768e-04, 2.4982e+00, 3.0705e-02, 
 2DIAGNOSTIC,    22, -6.212638661253e-01, 1.035771378165e-04, 2.5254e+00, 2.7204e-02, 
 2DIAGNOSTIC,    23, -6.212752273803e-01, 4.542740602400e-05, 2.5565e+00, 3.1058e-02, 
 2DIAGNOSTIC,    24, -6.212982760033e-01, 1.469530393684e-05, 2.5834e+00, 2.6924e-02, 
 2DIAGNOSTIC,    25, -6.213704327733e-01, 1.087598688743e-05, 2.6104e+00, 2.6970e-02, 
 2DIAGNOSTIC,    26, -6.215754208716e-01, 1.238254798486e-05, 2.6414e+00, 3.1022e-02, 
 2DIAGNOSTIC,    27, -6.216950788863e-01, 1.717358538789e-05, 2.6723e+00, 3.0879e-02, 
 2DIAGNOSTIC,    28, -6.217303771243e-01, 2.075252248774e-05, 2.7133e+00, 4.1067e-02, 
 2DIAGNOSTIC,    29, -6.217726290552e-01, 2.313565826677e-05, 2.7439e+00, 3.0588e-02, 
 2DIAGNOSTIC,    30, -6.217414629683e-01, 2.365018798518e-05, 2.7756e+00, 3.1702e-02, 
 2DIAGNOSTIC,    31, -6.217316101900e-01, 2.179357710195e-05, 2.8063e+00, 3.0704e-02, 
 2DIAGNOSTIC,    32, -6.217220649217e-01, 1.805216707455e-05, 2.8368e+00, 3.0524e-02, 
 2DIAGNOSTIC,    33, -6.217139214544e-01, 1.299529801181e-05, 2.9283e+00, 9.1450e-02, 
 2DIAGNOSTIC,    34, -6.217139214448e-01, 7.430683490926e-06, 3.0187e+00, 9.0404e-02, 
 2DIAGNOSTIC,    35, -6.217139214448e-01, 2.470764482287e-06, 3.0526e+00, 3.3908e-02, 
DIAGNOSTIC,Iteration,metricValue,convergenceValue,ITERATION_TIME_INDEX,SINCE_LAST
 2DIAGNOSTIC,     1, -5.348399214807e-01, 1.797693134862e+308, 4.0503e+00, 9.9766e-01, 
 2DIAGNOSTIC,     2, -5.351242920395e-01, 1.797693134862e+308, 4.2392e+00, 1.8897e-01, 
 2DIAGNOSTIC,     3, -5.353564862642e-01, 1.797693134862e+308, 4.4261e+00, 1.8685e-01, 
 2DIAGNOSTIC,     4, -5.355343883304e-01, 1.797693134862e+308, 4.6121e+00, 1.8607e-01, 
 2DIAGNOSTIC,     5, -5.356153564463e-01, 1.797693134862e+308, 4.8033e+00, 1.9118e-01, 
 2DIAGNOSTIC,     6, -5.358996749740e-01, 1.797693134862e+308, 5.1317e+00, 3.2837e-01, 
 2DIAGNOSTIC,     7, -5.358983332700e-01, 1.797693134862e+308, 5.3442e+00, 2.1254e-01, 
 2DIAGNOSTIC,     8, -5.358979112520e-01, 1.797693134862e+308, 5.5598e+00, 2.1555e-01, 
 2DIAGNOSTIC,     9, -5.358952653899e-01, 1.797693134862e+308, 5.7525e+00, 1.9276e-01, 
 2DIAGNOSTIC,    10, -5.358952444341e-01, 1.266028397294e-04, 6.0706e+00, 3.1809e-01, 
 2DIAGNOSTIC,    11, -5.358955715651e-01, 8.137483666286e-05, 6.2813e+00, 2.1067e-01, 
 2DIAGNOSTIC,    12, -5.358936346749e-01, 4.895009323576e-05, 6.5285e+00, 2.4722e-01, 
 2DIAGNOSTIC,    13, -5.358928123755e-01, 2.680304936001e-05, 6.7405e+00, 2.1194e-01, 
 2DIAGNOSTIC,    14, -5.358910542112e-01, 1.232745842347e-05, 6.9798e+00, 2.3933e-01, 
 2DIAGNOSTIC,    15, -5.358903472357e-01, 1.414978739026e-06, 7.2107e+00, 2.3088e-01, 
 2DIAGNOSTIC,    16, -5.358875003528e-01, 1.264210475888e-06, 7.4449e+00, 2.3419e-01, 
 2DIAGNOSTIC,    17, -5.358868561252e-01, 1.137745735895e-06, 7.6791e+00, 2.3426e-01, 
 2DIAGNOSTIC,    18, -5.358851840836e-01, 1.033827449176e-06, 7.9012e+00, 2.2205e-01, 
DIAGNOSTIC,Iteration,metricValue,convergenceValue,ITERATION_TIME_INDEX,SINCE_LAST
 2DIAGNOSTIC,     1, -4.896715919794e-01, 1.797693134862e+308, 1.0546e+01, 2.6451e+00, 
 2DIAGNOSTIC,     2, -4.896826546807e-01, 1.797693134862e+308, 1.3085e+01, 2.5386e+00, 
 2DIAGNOSTIC,     3, -4.896827947247e-01, 1.797693134862e+308, 1.4570e+01, 1.4850e+00, 
 2DIAGNOSTIC,     4, -4.896823139850e-01, 1.797693134862e+308, 1.6119e+01, 1.5489e+00, 
 2DIAGNOSTIC,     5, -4.896819425716e-01, 1.797693134862e+308, 1.7445e+01, 1.3262e+00, 
 2DIAGNOSTIC,     6, -4.896817345554e-01, 1.797693134862e+308, 1.9058e+01, 1.6133e+00, 
 2DIAGNOSTIC,     7, -4.896816027113e-01, 1.797693134862e+308, 2.0767e+01, 1.7083e+00, 
 2DIAGNOSTIC,     8, -4.896812291146e-01, 1.797693134862e+308, 2.2879e+01, 2.1123e+00, 
 2DIAGNOSTIC,     9, -4.896810887044e-01, 1.797693134862e+308, 2.4358e+01, 1.4792e+00, 
 2DIAGNOSTIC,    10, -4.896810317381e-01, 3.564410213305e-06, 2.5659e+01, 1.3012e+00, 
 2DIAGNOSTIC,    11, -4.896810161466e-01, 2.659982774447e-06, 2.7351e+01, 1.6914e+00, 
 2DIAGNOSTIC,    12, -4.896810563128e-01, 2.463411762452e-06, 2.8652e+01, 1.3015e+00, 
 2DIAGNOSTIC,    13, -4.896807750248e-01, 2.308189168590e-06, 2.9939e+01, 1.2866e+00, 
 2DIAGNOSTIC,    14, -4.896806564051e-01, 2.163651038098e-06, 3.1265e+01, 1.3262e+00, 
 2DIAGNOSTIC,    15, -4.896807331992e-01, 2.036907802067e-06, 3.2724e+01, 1.4593e+00, 
 2DIAGNOSTIC,    16, -4.896805781577e-01, 1.920122889396e-06, 3.4336e+01, 1.6113e+00, 
 2DIAGNOSTIC,    17, -4.896804695665e-01, 1.815536992140e-06, 3.5664e+01, 1.3286e+00, 
 2DIAGNOSTIC,    18, -4.896805630495e-01, 1.719021306697e-06, 3.6975e+01, 1.3105e+00, 
 2DIAGNOSTIC,    19, -4.896806859889e-01, 1.636547424071e-06, 3.8859e+01, 1.8839e+00, 
 2DIAGNOSTIC,    20, -4.896807728836e-01, 1.566454214758e-06, 4.0365e+01, 1.5064e+00, 
 2DIAGNOSTIC,    21, -4.896807594624e-01, 1.504385256548e-06, 4.1917e+01, 1.5523e+00, 
 2DIAGNOSTIC,    22, -4.896805006392e-01, 1.443512337551e-06, 4.3409e+01, 1.4916e+00, 
 2DIAGNOSTIC,    23, -4.896803472303e-01, 1.377409979582e-06, 4.4731e+01, 1.3219e+00, 
 2DIAGNOSTIC,    24, -4.896802483805e-01, 1.311902388175e-06, 4.6027e+01, 1.2962e+00, 
 2DIAGNOSTIC,    25, -4.896803583099e-01, 1.257228343064e-06, 4.7486e+01, 1.4586e+00, 
 2DIAGNOSTIC,    26, -4.896803510525e-01, 1.204569971040e-06, 4.8873e+01, 1.3876e+00, 
 2DIAGNOSTIC,    27, -4.896805000256e-01, 1.158569533817e-06, 5.0788e+01, 1.9145e+00, 
 2DIAGNOSTIC,    28, -4.896804489584e-01, 1.118553106180e-06, 5.2424e+01, 1.6360e+00, 
 2DIAGNOSTIC,    29, -4.896803585819e-01, 1.083564159322e-06, 5.4005e+01, 1.5810e+00, 
 2DIAGNOSTIC,    30, -4.896802793781e-01, 1.052272597925e-06, 5.5601e+01, 1.5962e+00, 
 2DIAGNOSTIC,    31, -4.896801959100e-01, 1.022013270326e-06, 5.6955e+01, 1.3543e+00, 
  Elapsed time (stage 0): 5.7806e+01


Total elapsed time: 5.7808e+01
Info [verificarlo]: loaded backend libinterflop_ieee.so
Info [interflop-ieee]: load backend with:
Info [interflop-ieee]: debug = false
Info [interflop-ieee]: debug-binary = false
Info [interflop-ieee]: no-backend-name = false
Info [interflop-ieee]: print-new-line = false
Info [interflop-ieee]: print-subnormal-normalized = false
Info [interflop-ieee]: count-op = false
All_Command_lines_OK
Using double precision for computations.
=============================================================================
The composite transform comprises the following transforms (in order): 
  1. /home/mdugre/scratch/mri-registration-rp/datasets/ds004513/derivatives/mri-registration-rp/0001/antsRegistration-r7-p6/sub-s025/rigid_Composite.h5[0] (type = Euler3DTransform)
  2. /home/mdugre/scratch/mri-registration-rp/datasets/ds004513/derivatives/mri-registration-rp/0001/antsRegistration-r7-p6/sub-s025/rigid_Composite.h5[1] (type = Euler3DTransform)
  3. /home/mdugre/scratch/mri-registration-rp/datasets/ds004513/derivatives/mri-registration-rp/0001/antsRegistration-r7-p6/sub-s025/rigid_Composite.h5[2] (type = Euler3DTransform)
=============================================================================
  number of levels = 4
  fixed image: /templateflow/tpl-MNI152NLin2009cAsym/tpl-MNI152NLin2009cAsym_res-01_desc-brain_T1w.nii.gz
  moving image: /home/mdugre/scratch/mri-registration-rp/datasets/ds004513/derivatives/mri-registration-rp/antsBrainExtraction/sub-s025/BrainExtractionBrain.nii.gz
Dimension = 3
Number of stages = 1
Use histogram matching = false
Winsorize image intensities = true
  Lower quantile = 0.005
  Upper quantile = 0.995


Stage 1 State
   Image metric = MattesMI
     Fixed image = Image (0x39aa530)
  RTTI typeinfo:   itk::Image<double, 3u>
  Reference Count: 2
  Modified Time: 1594
  Debug: Off
  Object Name: 
  Observers: 
    none
  Source: (none)
  Source output name: (none)
  Release Data: Off
  Data Released: False
  Global Release Data: Off
  PipelineMTime: 0
  UpdateMTime: 1203
  RealTimeStamp: 0 seconds 
  LargestPossibleRegion: 
    Dimension: 3
    Index: [0, 0, 0]
    Size: [193, 229, 193]
  BufferedRegion: 
    Dimension: 3
    Index: [0, 0, 0]
    Size: [193, 229, 193]
  RequestedRegion: 
    Dimension: 3
    Index: [0, 0, 0]
    Size: [193, 229, 193]
  Spacing: [1, 1, 1]
  Origin: [96, 132, -78]
  Direction: 
-1 0 0
0 -1 0
0 0 1

  IndexToPointMatrix: 
-1 0 0
0 -1 0
0 0 1

  PointToIndexMatrix: 
-1 0 0
0 -1 0
0 0 1

  Inverse Direction: 
-1 0 0
0 -1 0
0 0 1

  PixelContainer: 
    ImportImageContainer (0x3a632a0)
      RTTI typeinfo:   itk::ImportImageContainer<unsigned long, double>
      Reference Count: 1
      Modified Time: 1200
      Debug: Off
      Object Name: 
      Observers: 
        none
      Pointer: 0x14b5e2ed3010
      Container manages memory: true
      Size: 8530021
      Capacity: 8530021

     Moving image = Image (0x3a65e60)
  RTTI typeinfo:   itk::Image<double, 3u>
  Reference Count: 2
  Modified Time: 1595
  Debug: Off
  Object Name: 
  Observers: 
    none
  Source: (none)
  Source output name: (none)
  Release Data: Off
  Data Released: False
  Global Release Data: Off
  PipelineMTime: 0
  UpdateMTime: 1592
  RealTimeStamp: 0 seconds 
  LargestPossibleRegion: 
    Dimension: 3
    Index: [0, 0, 0]
    Size: [176, 240, 256]
  BufferedRegion: 
    Dimension: 3
    Index: [0, 0, 0]
    Size: [176, 240, 256]
  RequestedRegion: 
    Dimension: 3
    Index: [0, 0, 0]
    Size: [176, 240, 256]
  Spacing: [0.999999, 1, 1]
  Origin: [90.3778, 84.5091, -154.071]
  Direction: 
-0.999391 7.48184e-06 -0.0348969
-7.47664e-06 -1 -2.7953e-07
-0.0348969 -1.84481e-08 0.999391

  IndexToPointMatrix: 
-0.99939 7.48184e-06 -0.0348969
-7.47663e-06 -1 -2.7953e-07
-0.0348968 -1.84481e-08 0.999391

  PointToIndexMatrix: 
-0.999392 -7.47665e-06 -0.0348969
7.48184e-06 -1 -1.84481e-08
-0.0348969 -2.7953e-07 0.999391

  Inverse Direction: 
-0.999391 -7.47664e-06 -0.0348969
7.48184e-06 -1 -1.84481e-08
-0.0348969 -2.7953e-07 0.999391

  PixelContainer: 
    ImportImageContainer (0x3a99390)
      RTTI typeinfo:   itk::ImportImageContainer<unsigned long, double>
      Reference Count: 1
      Modified Time: 1589
      Debug: Off
      Object Name: 
      Observers: 
        none
      Pointer: 0x14b5ddc52010
      Container manages memory: true
      Size: 10813440
      Capacity: 10813440

     Weighting = 1
     Sampling strategy = regular
     Number of bins = 32
     Radius = 4
     Sampling percentage  = 0.25
   Transform = Affine
     Gradient step = 0.1
     Update field sigma (voxel space) = 0
     Total field sigma (voxel space) = 0
     Update field time sigma = 0
     Total field time sigma  = 0
     Number of time indices = 0
     Number of time point samples = 0
Registration using 1 total stages.

Stage 0
  iterations = 1000x500x250x100
  convergence threshold = 1e-06
  convergence window size = 10
  number of levels = 4
  using the Mattes MI metric (number of bins = 32, weight = 1, use gradient filter = 0)
  preprocessing:  winsorizing the image intensities
  Shrink factors (level 1 out of 4): [8, 8, 8]
  Shrink factors (level 2 out of 4): [4, 4, 4]
  Shrink factors (level 3 out of 4): [2, 2, 2]
  Shrink factors (level 4 out of 4): [1, 1, 1]
  smoothing sigmas per level: [3, 2, 1, 0]
  regular sampling (percentage = 0.25)

*** Running AffineTransform registration ***

DIAGNOSTIC,Iteration,metricValue,convergenceValue,ITERATION_TIME_INDEX,SINCE_LAST
 2DIAGNOSTIC,     1, -7.475725310136e-01, 1.797693134862e+308, 7.4542e-01, 7.4542e-01, 
 2DIAGNOSTIC,     2, -7.497800366043e-01, 1.797693134862e+308, 7.4963e-01, 4.2081e-03, 
 2DIAGNOSTIC,     3, -7.532685586389e-01, 1.797693134862e+308, 7.5354e-01, 3.9101e-03, 
 2DIAGNOSTIC,     4, -7.598699499707e-01, 1.797693134862e+308, 7.5756e-01, 4.0250e-03, 
 2DIAGNOSTIC,     5, -7.722379247634e-01, 1.797693134862e+308, 7.6147e-01, 3.9079e-03, 
 2DIAGNOSTIC,     6, -7.876334000727e-01, 1.797693134862e+308, 7.6545e-01, 3.9799e-03, 
 2DIAGNOSTIC,     7, -8.265605289625e-01, 1.797693134862e+308, 7.7011e-01, 4.6549e-03, 
 2DIAGNOSTIC,     8, -8.982281130688e-01, 1.797693134862e+308, 7.7509e-01, 4.9841e-03, 
 2DIAGNOSTIC,     9, -9.225611922127e-01, 1.797693134862e+308, 7.7902e-01, 3.9320e-03, 
 2DIAGNOSTIC,    10, -9.307930516411e-01, 1.638305171490e-02, 7.8449e-01, 5.4672e-03, 
 2DIAGNOSTIC,    11, -9.366172485097e-01, 1.631392099844e-02, 7.9136e-01, 6.8731e-03, 
 2DIAGNOSTIC,    12, -9.367394430212e-01, 1.486383197537e-02, 7.9587e-01, 4.5061e-03, 
 2DIAGNOSTIC,    13, -9.369542086711e-01, 1.240124553140e-02, 7.9990e-01, 4.0309e-03, 
 2DIAGNOSTIC,    14, -9.370795002341e-01, 9.366255868642e-03, 8.0453e-01, 4.6248e-03, 
 2DIAGNOSTIC,    15, -9.371129843929e-01, 6.221045398071e-03, 8.0870e-01, 4.1718e-03, 
 2DIAGNOSTIC,    16, -9.373846549554e-01, 3.260727244480e-03, 8.1312e-01, 4.4188e-03, 
 2DIAGNOSTIC,    17, -9.374460463496e-01, 1.100698023527e-03, 8.1728e-01, 4.1640e-03, 
 2DIAGNOSTIC,    18, -9.375975656158e-01, 3.939537667091e-04, 8.2126e-01, 3.9821e-03, 
 2DIAGNOSTIC,    19, -9.378724705519e-01, 1.498455372312e-04, 8.2561e-01, 4.3480e-03, 
 2DIAGNOSTIC,    20, -9.381273817563e-01, 5.308316432353e-05, 8.3014e-01, 4.5252e-03, 
 2DIAGNOSTIC,    21, -9.384393048051e-01, 5.577648096038e-05, 8.3481e-01, 4.6730e-03, 
 2DIAGNOSTIC,    22, -9.386016807163e-01, 5.721790184320e-05, 8.4128e-01, 6.4721e-03, 
 2DIAGNOSTIC,    23, -9.386654598489e-01, 5.723341199849e-05, 8.4539e-01, 4.1139e-03, 
 2DIAGNOSTIC,    24, -9.385440105002e-01, 5.211680192060e-05, 8.4990e-01, 4.5030e-03, 
 2DIAGNOSTIC,    25, -9.385910175221e-01, 4.365751998921e-05, 8.5397e-01, 4.0739e-03, 
 2DIAGNOSTIC,    26, -9.385271601351e-01, 3.441440702132e-05, 8.5854e-01, 4.5738e-03, 
 2DIAGNOSTIC,    27, -9.386375604675e-01, 2.479684335197e-05, 8.6264e-01, 4.0910e-03, 
 2DIAGNOSTIC,    28, -9.383739838221e-01, 1.236392039951e-05, 8.6734e-01, 4.7009e-03, 
 2DIAGNOSTIC,    29, -9.382290020942e-01, 1.291979995550e-06, 8.7376e-01, 6.4242e-03, 
DIAGNOSTIC,Iteration,metricValue,convergenceValue,ITERATION_TIME_INDEX,SINCE_LAST
 2DIAGNOSTIC,     1, -7.506892070551e-01, 1.797693134862e+308, 1.5666e+00, 6.9285e-01, 
 2DIAGNOSTIC,     2, -7.511308680110e-01, 1.797693134862e+308, 1.6010e+00, 3.4413e-02, 
 2DIAGNOSTIC,     3, -7.515458807199e-01, 1.797693134862e+308, 1.6326e+00, 3.1604e-02, 
 2DIAGNOSTIC,     4, -7.521077669519e-01, 1.797693134862e+308, 1.6649e+00, 3.2254e-02, 
 2DIAGNOSTIC,     5, -7.533740886397e-01, 1.797693134862e+308, 1.6968e+00, 3.1885e-02, 
 2DIAGNOSTIC,     6, -7.542166240115e-01, 1.797693134862e+308, 1.7471e+00, 5.0365e-02, 
 2DIAGNOSTIC,     7, -7.542179513575e-01, 1.797693134862e+308, 1.7813e+00, 3.4202e-02, 
 2DIAGNOSTIC,     8, -7.542218678123e-01, 1.797693134862e+308, 1.8139e+00, 3.2560e-02, 
 2DIAGNOSTIC,     9, -7.542480440052e-01, 1.797693134862e+308, 1.8476e+00, 3.3681e-02, 
 2DIAGNOSTIC,    10, -7.542507529827e-01, 3.537421051726e-04, 1.8793e+00, 3.1701e-02, 
 2DIAGNOSTIC,    11, -7.542858032394e-01, 2.573395330699e-04, 1.9147e+00, 3.5394e-02, 
 2DIAGNOSTIC,    12, -7.543296577530e-01, 1.698515815786e-04, 1.9478e+00, 3.3124e-02, 
 2DIAGNOSTIC,    13, -7.543383391468e-01, 9.338982633167e-05, 1.9848e+00, 3.7019e-02, 
 2DIAGNOSTIC,    14, -7.543246718195e-01, 3.368458935719e-05, 2.0195e+00, 3.4643e-02, 
 2DIAGNOSTIC,    15, -7.543227462241e-01, 1.029671702706e-05, 2.0555e+00, 3.6003e-02, 
 2DIAGNOSTIC,    16, -7.543185168663e-01, 8.841546365324e-06, 2.0889e+00, 3.3450e-02, 
 2DIAGNOSTIC,    17, -7.542958247029e-01, 6.435742651488e-06, 2.1181e+00, 2.9205e-02, 
 2DIAGNOSTIC,    18, -7.543207685066e-01, 4.484047254727e-06, 2.1515e+00, 3.3347e-02, 
 2DIAGNOSTIC,    19, -7.543305926166e-01, 3.205106729166e-06, 2.1849e+00, 3.3425e-02, 
 2DIAGNOSTIC,    20, -7.543254403659e-01, 1.854963973341e-06, 2.2175e+00, 3.2570e-02, 
 2DIAGNOSTIC,    21, -7.543259211386e-01, 1.237337439522e-06, 2.2531e+00, 3.5623e-02, 
 2DIAGNOSTIC,    22, -7.543492599939e-01, 1.852624391070e-06, 2.2855e+00, 3.2423e-02, 
 2DIAGNOSTIC,    23, -7.543484975686e-01, 2.492835538694e-06, 2.3184e+00, 3.2925e-02, 
 2DIAGNOSTIC,    24, -7.543690708530e-01, 3.079568357885e-06, 2.3555e+00, 3.7048e-02, 
 2DIAGNOSTIC,    25, -7.543717243458e-01, 3.466973914748e-06, 2.3888e+00, 3.3365e-02, 
 2DIAGNOSTIC,    26, -7.544122376304e-01, 4.161689895116e-06, 2.4247e+00, 3.5866e-02, 
 2DIAGNOSTIC,    27, -7.544211437242e-01, 4.309693689461e-06, 2.4610e+00, 3.6257e-02, 
 2DIAGNOSTIC,    28, -7.544220192342e-01, 4.496622587329e-06, 2.4981e+00, 3.7159e-02, 
 2DIAGNOSTIC,    29, -7.543890338860e-01, 4.064285909260e-06, 2.5419e+00, 4.3812e-02, 
 2DIAGNOSTIC,    30, -7.543769015010e-01, 3.176656706093e-06, 2.5824e+00, 4.0499e-02, 
 2DIAGNOSTIC,    31, -7.543632170142e-01, 1.972063497557e-06, 2.6186e+00, 3.6195e-02, 
 2DIAGNOSTIC,    32, -7.543639687537e-01, 1.033665572664e-06, 2.6549e+00, 3.6259e-02, 
DIAGNOSTIC,Iteration,metricValue,convergenceValue,ITERATION_TIME_INDEX,SINCE_LAST
 2DIAGNOSTIC,     1, -6.416463703301e-01, 1.797693134862e+308, 3.6801e+00, 1.0252e+00, 
 2DIAGNOSTIC,     2, -6.421178537088e-01, 1.797693134862e+308, 3.9047e+00, 2.2456e-01, 
 2DIAGNOSTIC,     3, -6.425982946499e-01, 1.797693134862e+308, 4.1323e+00, 2.2758e-01, 
 2DIAGNOSTIC,     4, -6.431065180489e-01, 1.797693134862e+308, 4.3522e+00, 2.1991e-01, 
 2DIAGNOSTIC,     5, -6.439607156787e-01, 1.797693134862e+308, 4.6048e+00, 2.5265e-01, 
 2DIAGNOSTIC,     6, -6.450546971317e-01, 1.797693134862e+308, 4.8683e+00, 2.6347e-01, 
 2DIAGNOSTIC,     7, -6.451424389770e-01, 1.797693134862e+308, 5.2810e+00, 4.1271e-01, 
 2DIAGNOSTIC,     8, -6.451467802909e-01, 1.797693134862e+308, 5.5543e+00, 2.7327e-01, 
 2DIAGNOSTIC,     9, -6.451502822767e-01, 1.797693134862e+308, 5.8314e+00, 2.7714e-01, 
 2DIAGNOSTIC,    10, -6.451503242128e-01, 4.036783688906e-04, 6.1562e+00, 3.2480e-01, 
 2DIAGNOSTIC,    11, -6.451509340990e-01, 2.943851908690e-04, 6.4467e+00, 2.9044e-01, 
 2DIAGNOSTIC,    12, -6.451503133523e-01, 1.945445601240e-04, 6.6811e+00, 2.3445e-01, 
 2DIAGNOSTIC,    13, -6.451479765638e-01, 1.094359760748e-04, 6.9257e+00, 2.4458e-01, 
 2DIAGNOSTIC,    14, -6.451487191258e-01, 4.251233976095e-05, 7.1659e+00, 2.4024e-01, 
 2DIAGNOSTIC,    15, -6.451466010823e-01, 5.015397716843e-06, 7.3822e+00, 2.1626e-01, 
 2DIAGNOSTIC,    16, -6.451464205227e-01, 2.032664523782e-06, 7.6335e+00, 2.5131e-01, 
 2DIAGNOSTIC,    17, -6.451476686609e-01, 1.704149102930e-06, 7.8831e+00, 2.4958e-01, 
 2DIAGNOSTIC,    18, -6.451465894257e-01, 1.504697964422e-06, 8.1080e+00, 2.2487e-01, 
 2DIAGNOSTIC,    19, -6.451481467637e-01, 1.469189513333e-06, 8.3606e+00, 2.5261e-01, 
 2DIAGNOSTIC,    20, -6.451503228113e-01, 1.503872546368e-06, 8.6071e+00, 2.4649e-01, 
 2DIAGNOSTIC,    21, -6.451471837013e-01, 1.489244991618e-06, 8.8611e+00, 2.5404e-01, 
 2DIAGNOSTIC,    22, -6.451474043307e-01, 1.473777340409e-06, 9.1237e+00, 2.6260e-01, 
 2DIAGNOSTIC,    23, -6.451479314953e-01, 1.421502290669e-06, 9.3614e+00, 2.3767e-01, 
 2DIAGNOSTIC,    24, -6.451497956539e-01, 1.417698260037e-06, 9.6671e+00, 3.0573e-01, 
 2DIAGNOSTIC,    25, -6.451511106614e-01, 1.390210311918e-06, 9.9260e+00, 2.5889e-01, 
 2DIAGNOSTIC,    26, -6.451515532393e-01, 1.358529416781e-06, 1.0146e+01, 2.1980e-01, 
 2DIAGNOSTIC,    27, -6.451518431365e-01, 1.343711875122e-06, 1.0419e+01, 2.7308e-01, 
 2DIAGNOSTIC,    28, -6.451524345029e-01, 1.305666418233e-06, 1.0643e+01, 2.2414e-01, 
 2DIAGNOSTIC,    29, -6.451501093288e-01, 1.240486794576e-06, 1.0924e+01, 2.8051e-01, 
 2DIAGNOSTIC,    30, -6.451514537467e-01, 1.220061969599e-06, 1.1219e+01, 2.9551e-01, 
 2DIAGNOSTIC,    31, -6.451507587349e-01, 1.130814323139e-06, 1.1481e+01, 2.6206e-01, 
 2DIAGNOSTIC,    32, -6.451487723702e-01, 1.013217770900e-06, 1.1701e+01, 2.2003e-01, 
DIAGNOSTIC,Iteration,metricValue,convergenceValue,ITERATION_TIME_INDEX,SINCE_LAST
 2DIAGNOSTIC,     1, -5.765003597134e-01, 1.797693134862e+308, 1.4332e+01, 2.6307e+00, 
 2DIAGNOSTIC,     2, -5.769666763940e-01, 1.797693134862e+308, 1.6075e+01, 1.7434e+00, 
 2DIAGNOSTIC,     3, -5.774956577458e-01, 1.797693134862e+308, 1.7647e+01, 1.5717e+00, 
 2DIAGNOSTIC,     4, -5.781246857447e-01, 1.797693134862e+308, 1.9158e+01, 1.5113e+00, 
 2DIAGNOSTIC,     5, -5.790078747500e-01, 1.797693134862e+308, 2.1970e+01, 2.8116e+00, 
 2DIAGNOSTIC,     6, -5.790075327608e-01, 1.797693134862e+308, 2.4511e+01, 2.5409e+00, 
 2DIAGNOSTIC,     7, -5.790073526657e-01, 1.797693134862e+308, 2.6499e+01, 1.9884e+00, 
 2DIAGNOSTIC,     8, -5.790074589624e-01, 1.797693134862e+308, 2.8546e+01, 2.0472e+00, 
 2DIAGNOSTIC,     9, -5.790073352219e-01, 1.797693134862e+308, 3.0280e+01, 1.7340e+00, 
 2DIAGNOSTIC,    10, -5.790072084292e-01, 2.864044728026e-04, 3.1954e+01, 1.6737e+00, 
 2DIAGNOSTIC,    11, -5.790070973807e-01, 1.807094964422e-04, 3.3527e+01, 1.5727e+00, 
 2DIAGNOSTIC,    12, -5.790068636721e-01, 9.606933994623e-05, 3.5340e+01, 1.8136e+00, 
 2DIAGNOSTIC,    13, -5.790069123879e-01, 3.574307869061e-05, 3.7076e+01, 1.7358e+00, 
 2DIAGNOSTIC,    14, -5.790066704088e-01, 2.194098528391e-06, 3.8728e+01, 1.6522e+00, 
 2DIAGNOSTIC,    15, -5.790066174354e-01, 2.052482938553e-06, 4.0583e+01, 1.8543e+00, 
 2DIAGNOSTIC,    16, -5.790065636976e-01, 1.923056891132e-06, 4.2414e+01, 1.8318e+00, 
 2DIAGNOSTIC,    17, -5.790062090945e-01, 1.799387216526e-06, 4.4288e+01, 1.8736e+00, 
 2DIAGNOSTIC,    18, -5.790060032745e-01, 1.693772946509e-06, 4.5977e+01, 1.6889e+00, 
 2DIAGNOSTIC,    19, -5.790058634287e-01, 1.599469662918e-06, 4.7825e+01, 1.8478e+00, 
 2DIAGNOSTIC,    20, -5.790053078542e-01, 1.504861496526e-06, 5.0110e+01, 2.2852e+00, 
 2DIAGNOSTIC,    21, -5.790053478402e-01, 1.426061589212e-06, 5.1861e+01, 1.7510e+00, 
 2DIAGNOSTIC,    22, -5.790050776171e-01, 1.351355460068e-06, 5.3597e+01, 1.7361e+00, 
