
##########################
# Experiment information #
##########################

EXPERIMENT_NAME: antsRegistration-r8-p6
VFC_BACKENDS: libinterflop_vprec.so --range-binary32=8 --precision-binary32=6 --range-binary64=8 --precision-binary64=6

SIF_IMG: /home/mdugre/projects/rrg-glatard/mdugre/containers/ants-vprec-no_metrics.simg

SUBJECT_ID: s025
INPUT_IMG: /home/mdugre/scratch/mri-registration-rp/datasets/ds004513/derivatives/mri-registration-rp/antsBrainExtraction/sub-s025/BrainExtractionBrain.nii.gz
OUTPUT_DIR: /home/mdugre/scratch/mri-registration-rp/datasets/ds004513/derivatives/mri-registration-rp/0001/antsRegistration-r8-p6/sub-s025

FIXED_IMG: /templateflow/tpl-MNI152NLin2009cAsym/tpl-MNI152NLin2009cAsym_res-01_desc-brain_T1w.nii.gz
DATA_DIR: /home/mdugre/scratch/mri-registration-rp/datasets/ds004513
TEMPLATEFLOW_DIR: /home/mdugre/projects/rrg-glatard/mdugre/templateflow
ITK_GLOBAL_DEFAULT_NUMBER_OF_THREADS: 16
##########################

Info [verificarlo]: loaded backend libinterflop_ieee.so
Info [interflop-ieee]: load backend with:
Info [interflop-ieee]: debug = false
Info [interflop-ieee]: debug-binary = false
Info [interflop-ieee]: no-backend-name = false
Info [interflop-ieee]: print-new-line = false
Info [interflop-ieee]: print-subnormal-normalized = false
Info [interflop-ieee]: count-op = false
All_Command_lines_OK
Using double precision for computations.
=============================================================================
The composite transform comprises the following transforms (in order): 
  1. Center of mass alignment using fixed image: /templateflow/tpl-MNI152NLin2009cAsym/tpl-MNI152NLin2009cAsym_res-01_desc-brain_T1w.nii.gz and moving image: /home/mdugre/scratch/mri-registration-rp/datasets/ds004513/derivatives/mri-registration-rp/antsBrainExtraction/sub-s025/BrainExtractionBrain.nii.gz (type = Euler3DTransform)
=============================================================================
  number of levels = 1
  fixed image: /templateflow/tpl-MNI152NLin2009cAsym/tpl-MNI152NLin2009cAsym_res-01_desc-brain_T1w.nii.gz
  moving image: /home/mdugre/scratch/mri-registration-rp/datasets/ds004513/derivatives/mri-registration-rp/antsBrainExtraction/sub-s025/BrainExtractionBrain.nii.gz
Dimension = 3
Number of stages = 1
Use histogram matching = false
Winsorize image intensities = true
  Lower quantile = 0.005
  Upper quantile = 0.995


Stage 1 State
   Image metric = MattesMI
     Fixed image = Image (0x5283bd0)
  RTTI typeinfo:   itk::Image<double, 3u>
  Reference Count: 2
  Modified Time: 2334
  Debug: Off
  Object Name: 
  Observers: 
    none
  Source: (none)
  Source output name: (none)
  Release Data: Off
  Data Released: False
  Global Release Data: Off
  PipelineMTime: 0
  UpdateMTime: 1943
  RealTimeStamp: 0 seconds 
  LargestPossibleRegion: 
    Dimension: 3
    Index: [0, 0, 0]
    Size: [193, 229, 193]
  BufferedRegion: 
    Dimension: 3
    Index: [0, 0, 0]
    Size: [193, 229, 193]
  RequestedRegion: 
    Dimension: 3
    Index: [0, 0, 0]
    Size: [193, 229, 193]
  Spacing: [1, 1, 1]
  Origin: [96, 132, -78]
  Direction: 
-1 0 0
0 -1 0
0 0 1

  IndexToPointMatrix: 
-1 0 0
0 -1 0
0 0 1

  PointToIndexMatrix: 
-1 0 0
0 -1 0
0 0 1

  Inverse Direction: 
-1 0 0
0 -1 0
0 0 1

  PixelContainer: 
    ImportImageContainer (0x528c9e0)
      RTTI typeinfo:   itk::ImportImageContainer<unsigned long, double>
      Reference Count: 1
      Modified Time: 1940
      Debug: Off
      Object Name: 
      Observers: 
        none
      Pointer: 0x14d2ed1ef010
      Container manages memory: true
      Size: 8530021
      Capacity: 8530021

     Moving image = Image (0x528dbd0)
  RTTI typeinfo:   itk::Image<double, 3u>
  Reference Count: 2
  Modified Time: 2335
  Debug: Off
  Object Name: 
  Observers: 
    none
  Source: (none)
  Source output name: (none)
  Release Data: Off
  Data Released: False
  Global Release Data: Off
  PipelineMTime: 0
  UpdateMTime: 2332
  RealTimeStamp: 0 seconds 
  LargestPossibleRegion: 
    Dimension: 3
    Index: [0, 0, 0]
    Size: [176, 240, 256]
  BufferedRegion: 
    Dimension: 3
    Index: [0, 0, 0]
    Size: [176, 240, 256]
  RequestedRegion: 
    Dimension: 3
    Index: [0, 0, 0]
    Size: [176, 240, 256]
  Spacing: [0.999999, 1, 1]
  Origin: [90.3778, 84.5091, -154.071]
  Direction: 
-0.999391 7.48184e-06 -0.0348969
-7.47664e-06 -1 -2.7953e-07
-0.0348969 -1.84481e-08 0.999391

  IndexToPointMatrix: 
-0.99939 7.48184e-06 -0.0348969
-7.47663e-06 -1 -2.7953e-07
-0.0348968 -1.84481e-08 0.999391

  PointToIndexMatrix: 
-0.999392 -7.47665e-06 -0.0348969
7.48184e-06 -1 -1.84481e-08
-0.0348969 -2.7953e-07 0.999391

  Inverse Direction: 
-0.999391 -7.47664e-06 -0.0348969
7.48184e-06 -1 -1.84481e-08
-0.0348969 -2.7953e-07 0.999391

  PixelContainer: 
    ImportImageContainer (0x5413b50)
      RTTI typeinfo:   itk::ImportImageContainer<unsigned long, double>
      Reference Count: 1
      Modified Time: 2329
      Debug: Off
      Object Name: 
      Observers: 
        none
      Pointer: 0x14d2e7f6e010
      Container manages memory: true
      Size: 10813440
      Capacity: 10813440

     Weighting = 1
     Sampling strategy = regular
     Number of bins = 32
     Radius = 4
     Sampling percentage  = 0.25
   Transform = Rigid
     Gradient step = 0.1
     Update field sigma (voxel space) = 0
     Total field sigma (voxel space) = 0
     Update field time sigma = 0
     Total field time sigma  = 0
     Number of time indices = 0
     Number of time point samples = 0
Registration using 1 total stages.

Stage 0
  iterations = 0
  convergence threshold = 1e-06
  convergence window size = 10
  number of levels = 1
  using the Mattes MI metric (number of bins = 32, weight = 1, use gradient filter = 0)
  preprocessing:  winsorizing the image intensities
  Shrink factors (level 1 out of 1): [1, 1, 1]
  smoothing sigmas per level: [0]
  regular sampling (percentage = 0.25)

*** Running Euler3DTransform registration ***

  Elapsed time (stage 0): 1.10327


Total elapsed time: 1.10569
Info [verificarlo]: loaded backend libinterflop_ieee.so
Info [interflop-ieee]: load backend with:
Info [interflop-ieee]: debug = false
Info [interflop-ieee]: debug-binary = false
Info [interflop-ieee]: no-backend-name = false
Info [interflop-ieee]: print-new-line = false
Info [interflop-ieee]: print-subnormal-normalized = false
Info [interflop-ieee]: count-op = false
All_Command_lines_OK
Using double precision for computations.
=============================================================================
The composite transform comprises the following transforms (in order): 
  1. /home/mdugre/scratch/mri-registration-rp/datasets/ds004513/derivatives/mri-registration-rp/0001/antsRegistration-r8-p6/sub-s025/align_Composite.h5[0] (type = Euler3DTransform)
  2. /home/mdugre/scratch/mri-registration-rp/datasets/ds004513/derivatives/mri-registration-rp/0001/antsRegistration-r8-p6/sub-s025/align_Composite.h5[1] (type = Euler3DTransform)
=============================================================================
  number of levels = 4
  fixed image: /templateflow/tpl-MNI152NLin2009cAsym/tpl-MNI152NLin2009cAsym_res-01_desc-brain_T1w.nii.gz
  moving image: /home/mdugre/scratch/mri-registration-rp/datasets/ds004513/derivatives/mri-registration-rp/antsBrainExtraction/sub-s025/BrainExtractionBrain.nii.gz
Dimension = 3
Number of stages = 1
Use histogram matching = false
Winsorize image intensities = true
  Lower quantile = 0.005
  Upper quantile = 0.995


Stage 1 State
   Image metric = MattesMI
     Fixed image = Image (0x3c44530)
  RTTI typeinfo:   itk::Image<double, 3u>
  Reference Count: 2
  Modified Time: 1580
  Debug: Off
  Object Name: 
  Observers: 
    none
  Source: (none)
  Source output name: (none)
  Release Data: Off
  Data Released: False
  Global Release Data: Off
  PipelineMTime: 0
  UpdateMTime: 1189
  RealTimeStamp: 0 seconds 
  LargestPossibleRegion: 
    Dimension: 3
    Index: [0, 0, 0]
    Size: [193, 229, 193]
  BufferedRegion: 
    Dimension: 3
    Index: [0, 0, 0]
    Size: [193, 229, 193]
  RequestedRegion: 
    Dimension: 3
    Index: [0, 0, 0]
    Size: [193, 229, 193]
  Spacing: [1, 1, 1]
  Origin: [96, 132, -78]
  Direction: 
-1 0 0
0 -1 0
0 0 1

  IndexToPointMatrix: 
-1 0 0
0 -1 0
0 0 1

  PointToIndexMatrix: 
-1 0 0
0 -1 0
0 0 1

  Inverse Direction: 
-1 0 0
0 -1 0
0 0 1

  PixelContainer: 
    ImportImageContainer (0x3d02d60)
      RTTI typeinfo:   itk::ImportImageContainer<unsigned long, double>
      Reference Count: 1
      Modified Time: 1186
      Debug: Off
      Object Name: 
      Observers: 
        none
      Pointer: 0x150fb84aa010
      Container manages memory: true
      Size: 8530021
      Capacity: 8530021

     Moving image = Image (0x3cf4f60)
  RTTI typeinfo:   itk::Image<double, 3u>
  Reference Count: 2
  Modified Time: 1581
  Debug: Off
  Object Name: 
  Observers: 
    none
  Source: (none)
  Source output name: (none)
  Release Data: Off
  Data Released: False
  Global Release Data: Off
  PipelineMTime: 0
  UpdateMTime: 1578
  RealTimeStamp: 0 seconds 
  LargestPossibleRegion: 
    Dimension: 3
    Index: [0, 0, 0]
    Size: [176, 240, 256]
  BufferedRegion: 
    Dimension: 3
    Index: [0, 0, 0]
    Size: [176, 240, 256]
  RequestedRegion: 
    Dimension: 3
    Index: [0, 0, 0]
    Size: [176, 240, 256]
  Spacing: [0.999999, 1, 1]
  Origin: [90.3778, 84.5091, -154.071]
  Direction: 
-0.999391 7.48184e-06 -0.0348969
-7.47664e-06 -1 -2.7953e-07
-0.0348969 -1.84481e-08 0.999391

  IndexToPointMatrix: 
-0.99939 7.48184e-06 -0.0348969
-7.47663e-06 -1 -2.7953e-07
-0.0348968 -1.84481e-08 0.999391

  PointToIndexMatrix: 
-0.999392 -7.47665e-06 -0.0348969
7.48184e-06 -1 -1.84481e-08
-0.0348969 -2.7953e-07 0.999391

  Inverse Direction: 
-0.999391 -7.47664e-06 -0.0348969
7.48184e-06 -1 -1.84481e-08
-0.0348969 -2.7953e-07 0.999391

  PixelContainer: 
    ImportImageContainer (0x3ce66d0)
      RTTI typeinfo:   itk::ImportImageContainer<unsigned long, double>
      Reference Count: 1
      Modified Time: 1575
      Debug: Off
      Object Name: 
      Observers: 
        none
      Pointer: 0x150fb3229010
      Container manages memory: true
      Size: 10813440
      Capacity: 10813440

     Weighting = 1
     Sampling strategy = regular
     Number of bins = 32
     Radius = 4
     Sampling percentage  = 0.25
   Transform = Rigid
     Gradient step = 0.1
     Update field sigma (voxel space) = 0
     Total field sigma (voxel space) = 0
     Update field time sigma = 0
     Total field time sigma  = 0
     Number of time indices = 0
     Number of time point samples = 0
Registration using 1 total stages.

Stage 0
  iterations = 1000x500x250x100
  convergence threshold = 1e-06
  convergence window size = 10
  number of levels = 4
  using the Mattes MI metric (number of bins = 32, weight = 1, use gradient filter = 0)
  preprocessing:  winsorizing the image intensities
  Shrink factors (level 1 out of 4): [8, 8, 8]
  Shrink factors (level 2 out of 4): [4, 4, 4]
  Shrink factors (level 3 out of 4): [2, 2, 2]
  Shrink factors (level 4 out of 4): [1, 1, 1]
  smoothing sigmas per level: [3, 2, 1, 0]
  regular sampling (percentage = 0.25)

*** Running Euler3DTransform registration ***

DIAGNOSTIC,Iteration,metricValue,convergenceValue,ITERATION_TIME_INDEX,SINCE_LAST
 2DIAGNOSTIC,     1, -5.323241903179e-01, 1.797693134862e+308, 8.8479e-01, 8.8479e-01, 
 2DIAGNOSTIC,     2, -5.346190553927e-01, 1.797693134862e+308, 8.9005e-01, 5.2640e-03, 
 2DIAGNOSTIC,     3, -5.378036555361e-01, 1.797693134862e+308, 8.9464e-01, 4.5869e-03, 
 2DIAGNOSTIC,     4, -5.422949451405e-01, 1.797693134862e+308, 8.9943e-01, 4.7901e-03, 
 2DIAGNOSTIC,     5, -5.486805952477e-01, 1.797693134862e+308, 9.0472e-01, 5.2869e-03, 
 2DIAGNOSTIC,     6, -5.542790085272e-01, 1.797693134862e+308, 9.0918e-01, 4.4630e-03, 
 2DIAGNOSTIC,     7, -5.627123115611e-01, 1.797693134862e+308, 9.1384e-01, 4.6551e-03, 
 2DIAGNOSTIC,     8, -5.766609943856e-01, 1.797693134862e+308, 9.1845e-01, 4.6141e-03, 
 2DIAGNOSTIC,     9, -5.881111419397e-01, 1.797693134862e+308, 9.2282e-01, 4.3690e-03, 
 2DIAGNOSTIC,    10, -6.012927005665e-01, 7.820055967720e-03, 9.2929e-01, 6.4681e-03, 
 2DIAGNOSTIC,    11, -6.192402913590e-01, 8.564422673934e-03, 9.3761e-01, 8.3239e-03, 
 2DIAGNOSTIC,    12, -6.197111897443e-01, 8.513711436503e-03, 9.4251e-01, 4.8990e-03, 
 2DIAGNOSTIC,    13, -6.223136777510e-01, 7.932305190648e-03, 9.4664e-01, 4.1242e-03, 
 2DIAGNOSTIC,    14, -6.239859078532e-01, 6.938967258809e-03, 9.5084e-01, 4.2009e-03, 
 2DIAGNOSTIC,    15, -6.258731029036e-01, 5.722268374540e-03, 9.5537e-01, 4.5350e-03, 
 2DIAGNOSTIC,    16, -6.290042957044e-01, 4.404898010725e-03, 9.5983e-01, 4.4551e-03, 
 2DIAGNOSTIC,    17, -6.327399548177e-01, 3.192249458034e-03, 9.6522e-01, 5.3921e-03, 
 2DIAGNOSTIC,    18, -6.361770329221e-01, 2.298162514681e-03, 9.7064e-01, 5.4200e-03, 
 2DIAGNOSTIC,    19, -6.381920795176e-01, 1.629119691949e-03, 9.7571e-01, 5.0681e-03, 
 2DIAGNOSTIC,    20, -6.414786468598e-01, 1.264281191447e-03, 9.8002e-01, 4.3089e-03, 
 2DIAGNOSTIC,    21, -6.422621311528e-01, 1.244231354651e-03, 9.8430e-01, 4.2799e-03, 
 2DIAGNOSTIC,    22, -6.443386369707e-01, 1.164065699428e-03, 9.8881e-01, 4.5130e-03, 
 2DIAGNOSTIC,    23, -6.458367311036e-01, 1.066297095717e-03, 9.9342e-01, 4.6139e-03, 
 2DIAGNOSTIC,    24, -6.528535015474e-01, 1.047817942197e-03, 9.9880e-01, 5.3780e-03, 
 2DIAGNOSTIC,    25, -6.591704564817e-01, 1.083081262910e-03, 1.0050e+00, 6.2001e-03, 
 2DIAGNOSTIC,    26, -6.605963660557e-01, 1.093549175095e-03, 1.0100e+00, 4.9732e-03, 
 2DIAGNOSTIC,    27, -6.608439807105e-01, 1.070984914673e-03, 1.0145e+00, 4.5481e-03, 
 2DIAGNOSTIC,    28, -6.615671820431e-01, 1.019502611681e-03, 1.0192e+00, 4.6530e-03, 
 2DIAGNOSTIC,    29, -6.628794592985e-01, 9.260607012992e-04, 1.0237e+00, 4.5202e-03, 
 2DIAGNOSTIC,    30, -6.728295016866e-01, 9.537370239760e-04, 1.0316e+00, 7.8950e-03, 
 2DIAGNOSTIC,    31, -6.735478460931e-01, 9.084144813406e-04, 1.0358e+00, 4.2250e-03, 
 2DIAGNOSTIC,    32, -6.743491932499e-01, 8.254120283919e-04, 1.0403e+00, 4.5240e-03, 
 2DIAGNOSTIC,    33, -6.778518394903e-01, 7.396593785456e-04, 1.0450e+00, 4.6840e-03, 
 2DIAGNOSTIC,    34, -6.872952809568e-01, 8.064171030621e-04, 1.0561e+00, 1.1088e-02, 
 2DIAGNOSTIC,    35, -6.877321097698e-01, 8.751589727012e-04, 1.0718e+00, 1.5648e-02, 
 2DIAGNOSTIC,    36, -6.893213216850e-01, 8.964217804891e-04, 1.0761e+00, 4.3049e-03, 
 2DIAGNOSTIC,    37, -6.927377180399e-01, 8.791287534666e-04, 1.0805e+00, 4.4539e-03, 
 2DIAGNOSTIC,    38, -7.010217292236e-01, 8.853068285218e-04, 1.0849e+00, 4.4281e-03, 
 2DIAGNOSTIC,    39, -7.063993901082e-01, 8.771232544259e-04, 1.0895e+00, 4.5300e-03, 
 2DIAGNOSTIC,    40, -7.084307780804e-01, 9.204425369588e-04, 1.0941e+00, 4.6139e-03, 
 2DIAGNOSTIC,    41, -7.160953723180e-01, 9.681059143948e-04, 1.0993e+00, 5.1761e-03, 
 2DIAGNOSTIC,    42, -7.193349604585e-01, 9.620108773556e-04, 1.1055e+00, 6.2799e-03, 
 2DIAGNOSTIC,    43, -7.222205032733e-01, 9.267139907154e-04, 1.1100e+00, 4.4720e-03, 
 2DIAGNOSTIC,    44, -7.285988337339e-01, 9.643066063905e-04, 1.1146e+00, 4.5352e-03, 
 2DIAGNOSTIC,    45, -7.389302891714e-01, 1.013039266846e-03, 1.1190e+00, 4.4899e-03, 
 2DIAGNOSTIC,    46, -7.435823310306e-01, 1.020162818521e-03, 1.1234e+00, 4.3321e-03, 
 2DIAGNOSTIC,    47, -7.509339856003e-01, 1.028651294461e-03, 1.1312e+00, 7.8321e-03, 
 2DIAGNOSTIC,    48, -7.533539191889e-01, 1.035346599718e-03, 1.1361e+00, 4.8590e-03, 
 2DIAGNOSTIC,    49, -7.536605861396e-01, 9.936806726611e-04, 1.1407e+00, 4.6470e-03, 
 2DIAGNOSTIC,    50, -7.545450016468e-01, 8.825414271217e-04, 1.1451e+00, 4.3511e-03, 
 2DIAGNOSTIC,    51, -7.569437532892e-01, 7.768230894727e-04, 1.1501e+00, 5.0621e-03, 
 2DIAGNOSTIC,    52, -7.587795827712e-01, 6.433184276963e-04, 1.1554e+00, 5.3241e-03, 
 2DIAGNOSTIC,    53, -7.589913057799e-01, 4.787712051793e-04, 1.1659e+00, 1.0418e-02, 
 2DIAGNOSTIC,    54, -7.590656062524e-01, 3.260886908613e-04, 1.1707e+00, 4.8239e-03, 
 2DIAGNOSTIC,    55, -7.590103823363e-01, 2.285966085481e-04, 1.1751e+00, 4.3750e-03, 
 2DIAGNOSTIC,    56, -7.591151610861e-01, 1.478269617307e-04, 1.1806e+00, 5.5249e-03, 
 2DIAGNOSTIC,    57, -7.591542210703e-01, 1.107123581759e-04, 1.1856e+00, 5.0189e-03, 
 2DIAGNOSTIC,    58, -7.590593410093e-01, 8.175015351766e-05, 1.1907e+00, 5.0581e-03, 
 2DIAGNOSTIC,    59, -7.589577080974e-01, 4.785345614196e-05, 1.1953e+00, 4.5860e-03, 
 2DIAGNOSTIC,    60, -7.588680608983e-01, 1.601876617452e-05, 1.1998e+00, 4.5111e-03, 
DIAGNOSTIC,Iteration,metricValue,convergenceValue,ITERATION_TIME_INDEX,SINCE_LAST
 2DIAGNOSTIC,     1, -6.010507695785e-01, 1.797693134862e+308, 1.9938e+00, 7.9405e-01, 
 2DIAGNOSTIC,     2, -6.023172996647e-01, 1.797693134862e+308, 2.0220e+00, 2.8233e-02, 
 2DIAGNOSTIC,     3, -6.039954665087e-01, 1.797693134862e+308, 2.0497e+00, 2.7636e-02, 
 2DIAGNOSTIC,     4, -6.057239053085e-01, 1.797693134862e+308, 2.0785e+00, 2.8789e-02, 
 2DIAGNOSTIC,     5, -6.073174355902e-01, 1.797693134862e+308, 2.1066e+00, 2.8132e-02, 
 2DIAGNOSTIC,     6, -6.085643561610e-01, 1.797693134862e+308, 2.1364e+00, 2.9842e-02, 
 2DIAGNOSTIC,     7, -6.099345580233e-01, 1.797693134862e+308, 2.1649e+00, 2.8502e-02, 
 2DIAGNOSTIC,     8, -6.132318832825e-01, 1.797693134862e+308, 2.1941e+00, 2.9135e-02, 
 2DIAGNOSTIC,     9, -6.199973498968e-01, 1.797693134862e+308, 2.2430e+00, 4.8958e-02, 
 2DIAGNOSTIC,    10, -6.201763900989e-01, 2.019765567009e-03, 2.2749e+00, 3.1871e-02, 
 2DIAGNOSTIC,    11, -6.201731409540e-01, 1.908277182202e-03, 2.3092e+00, 3.4315e-02, 
 2DIAGNOSTIC,    12, -6.201813275929e-01, 1.697196035997e-03, 2.3404e+00, 3.1180e-02, 
 2DIAGNOSTIC,    13, -6.201642577283e-01, 1.422232660828e-03, 2.3738e+00, 3.3434e-02, 
 2DIAGNOSTIC,    14, -6.201373003599e-01, 1.110160144768e-03, 2.4054e+00, 3.1527e-02, 
 2DIAGNOSTIC,    15, -6.201544376821e-01, 7.891381956444e-04, 2.4331e+00, 2.7749e-02, 
 2DIAGNOSTIC,    16, -6.201717347814e-01, 4.763475508704e-04, 2.4637e+00, 3.0551e-02, 
 2DIAGNOSTIC,    17, -6.202056767995e-01, 1.950551644436e-04, 2.4913e+00, 2.7605e-02, 
 2DIAGNOSTIC,    18, -6.201988153172e-01, 7.159869857803e-06, 2.5196e+00, 2.8329e-02, 
 2DIAGNOSTIC,    19, -6.202811200429e-01, 5.355769680318e-06, 2.5477e+00, 2.8125e-02, 
 2DIAGNOSTIC,    20, -6.204001613739e-01, 1.023249872438e-05, 2.5762e+00, 2.8469e-02, 
 2DIAGNOSTIC,    21, -6.206551062864e-01, 1.929008694982e-05, 2.6036e+00, 2.7434e-02, 
 2DIAGNOSTIC,    22, -6.210294327092e-01, 3.379139028377e-05, 2.6456e+00, 4.1947e-02, 
 2DIAGNOSTIC,    23, -6.210479287435e-01, 4.392965992594e-05, 2.6777e+00, 3.2149e-02, 
 2DIAGNOSTIC,    24, -6.210263706059e-01, 4.842399930861e-05, 2.7228e+00, 4.5089e-02, 
 2DIAGNOSTIC,    25, -6.210285162239e-01, 4.855553591846e-05, 2.7546e+00, 3.1759e-02, 
 2DIAGNOSTIC,    26, -6.210093074784e-01, 4.409377925015e-05, 2.7858e+00, 3.1192e-02, 
 2DIAGNOSTIC,    27, -6.210121431532e-01, 3.648907920206e-05, 2.8170e+00, 3.1193e-02, 
 2DIAGNOSTIC,    28, -6.210051730763e-01, 2.589667178248e-05, 2.8486e+00, 3.1650e-02, 
 2DIAGNOSTIC,    29, -6.209978583650e-01, 1.498955125033e-05, 2.8786e+00, 3.0031e-02, 
 2DIAGNOSTIC,    30, -6.209935353781e-01, 5.230017074559e-06, 2.9136e+00, 3.4967e-02, 
DIAGNOSTIC,Iteration,metricValue,convergenceValue,ITERATION_TIME_INDEX,SINCE_LAST
 2DIAGNOSTIC,     1, -5.344580428472e-01, 1.797693134862e+308, 4.0538e+00, 1.1402e+00, 
 2DIAGNOSTIC,     2, -5.346106408126e-01, 1.797693134862e+308, 4.3160e+00, 2.6223e-01, 
 2DIAGNOSTIC,     3, -5.346939690912e-01, 1.797693134862e+308, 4.5708e+00, 2.5475e-01, 
 2DIAGNOSTIC,     4, -5.347515363070e-01, 1.797693134862e+308, 4.8179e+00, 2.4706e-01, 
 2DIAGNOSTIC,     5, -5.348620916318e-01, 1.797693134862e+308, 5.0911e+00, 2.7322e-01, 
 2DIAGNOSTIC,     6, -5.351726180389e-01, 1.797693134862e+308, 5.3507e+00, 2.5958e-01, 
 2DIAGNOSTIC,     7, -5.354103015242e-01, 1.797693134862e+308, 5.7158e+00, 3.6514e-01, 
 2DIAGNOSTIC,     8, -5.354686220485e-01, 1.797693134862e+308, 6.1040e+00, 3.8823e-01, 
 2DIAGNOSTIC,     9, -5.354782605383e-01, 1.797693134862e+308, 6.3865e+00, 2.8246e-01, 
 2DIAGNOSTIC,    10, -5.354915396965e-01, 1.462954740619e-04, 6.6650e+00, 2.7853e-01, 
 2DIAGNOSTIC,    11, -5.354892318665e-01, 1.191679062900e-04, 6.9190e+00, 2.5394e-01, 
 2DIAGNOSTIC,    12, -5.355001869186e-01, 9.316142699854e-05, 7.1721e+00, 2.5310e-01, 
 2DIAGNOSTIC,    13, -5.355173425252e-01, 6.720247054627e-05, 7.4532e+00, 2.8114e-01, 
 2DIAGNOSTIC,    14, -5.355467351101e-01, 4.250895826798e-05, 7.7110e+00, 2.5777e-01, 
 2DIAGNOSTIC,    15, -5.355817985852e-01, 2.238689171051e-05, 7.9593e+00, 2.4830e-01, 
 2DIAGNOSTIC,    16, -5.356482154089e-01, 1.522168187647e-05, 8.2365e+00, 2.7724e-01, 
 2DIAGNOSTIC,    17, -5.357496125593e-01, 1.819198325596e-05, 8.5221e+00, 2.8553e-01, 
 2DIAGNOSTIC,    18, -5.357632633899e-01, 2.138470733956e-05, 8.9176e+00, 3.9556e-01, 
 2DIAGNOSTIC,    19, -5.357881109890e-01, 2.341465357728e-05, 9.2167e+00, 2.9910e-01, 
 2DIAGNOSTIC,    20, -5.358035439240e-01, 2.400032942128e-05, 9.4727e+00, 2.5600e-01, 
 2DIAGNOSTIC,    21, -5.358343913671e-01, 2.313425893610e-05, 9.7665e+00, 2.9381e-01, 
 2DIAGNOSTIC,    22, -5.358642796974e-01, 2.126896985871e-05, 1.0075e+01, 3.0835e-01, 
 2DIAGNOSTIC,    23, -5.358884034286e-01, 1.865784479745e-05, 1.0389e+01, 3.1379e-01, 
 2DIAGNOSTIC,    24, -5.358855468725e-01, 1.525642844256e-05, 1.0672e+01, 2.8331e-01, 
 2DIAGNOSTIC,    25, -5.358863742918e-01, 1.157987282891e-05, 1.0991e+01, 3.1865e-01, 
 2DIAGNOSTIC,    26, -5.358818749416e-01, 8.426052327037e-06, 1.1362e+01, 3.7185e-01, 
 2DIAGNOSTIC,    27, -5.358840268308e-01, 6.854223425529e-06, 1.2379e+01, 1.0163e+00, 
 2DIAGNOSTIC,    28, -5.358840268301e-01, 5.106205783464e-06, 1.3226e+01, 8.4757e-01, 
 2DIAGNOSTIC,    29, -5.358840268301e-01, 3.564629249622e-06, 1.3529e+01, 3.0275e-01, 
 2DIAGNOSTIC,    30, -5.358840268301e-01, 2.164205088390e-06, 1.3867e+01, 3.3799e-01, 
 2DIAGNOSTIC,    31, -5.358840268301e-01, 1.268479208984e-06, 1.4239e+01, 3.7207e-01, 
DIAGNOSTIC,Iteration,metricValue,convergenceValue,ITERATION_TIME_INDEX,SINCE_LAST
 2DIAGNOSTIC,     1, -4.895435728113e-01, 1.797693134862e+308, 1.7161e+01, 2.9218e+00, 
 2DIAGNOSTIC,     2, -4.895489337642e-01, 1.797693134862e+308, 1.9602e+01, 2.4413e+00, 
 2DIAGNOSTIC,     3, -4.895506886844e-01, 1.797693134862e+308, 2.1621e+01, 2.0188e+00, 
 2DIAGNOSTIC,     4, -4.895504120485e-01, 1.797693134862e+308, 2.3664e+01, 2.0428e+00, 
 2DIAGNOSTIC,     5, -4.895499384610e-01, 1.797693134862e+308, 2.5496e+01, 1.8326e+00, 
 2DIAGNOSTIC,     6, -4.895498061822e-01, 1.797693134862e+308, 2.7695e+01, 2.1981e+00, 
 2DIAGNOSTIC,     7, -4.895498995754e-01, 1.797693134862e+308, 2.9527e+01, 1.8320e+00, 
 2DIAGNOSTIC,     8, -4.895497606813e-01, 1.797693134862e+308, 3.1297e+01, 1.7701e+00, 
 2DIAGNOSTIC,     9, -4.895496221918e-01, 1.797693134862e+308, 3.3054e+01, 1.7578e+00, 
 2DIAGNOSTIC,    10, -4.895495884266e-01, 3.512156700372e-06, 3.5019e+01, 1.9651e+00, 
 2DIAGNOSTIC,    11, -4.895497376727e-01, 2.850677696176e-06, 3.6775e+01, 1.7558e+00, 
 2DIAGNOSTIC,    12, -4.895496603900e-01, 2.555423562436e-06, 3.8510e+01, 1.7344e+00, 
 2DIAGNOSTIC,    13, -4.895497159088e-01, 2.395327615659e-06, 4.0072e+01, 1.5620e+00, 
 2DIAGNOSTIC,    14, -4.895494604598e-01, 2.241404913519e-06, 4.1936e+01, 1.8639e+00, 
 2DIAGNOSTIC,    15, -4.895500823555e-01, 2.116932924470e-06, 4.3749e+01, 1.8135e+00, 
 2DIAGNOSTIC,    16, -4.895495404966e-01, 1.982861974614e-06, 4.5607e+01, 1.8580e+00, 
 2DIAGNOSTIC,    17, -4.895495788879e-01, 1.870269842885e-06, 4.7419e+01, 1.8119e+00, 
 2DIAGNOSTIC,    18, -4.895496479830e-01, 1.768304778361e-06, 4.9227e+01, 1.8078e+00, 
 2DIAGNOSTIC,    19, -4.895495347810e-01, 1.669065442828e-06, 5.1431e+01, 2.2037e+00, 
 2DIAGNOSTIC,    20, -4.895495683885e-01, 1.580017201422e-06, 5.3490e+01, 2.0592e+00, 
 2DIAGNOSTIC,    21, -4.895494673515e-01, 1.501874306552e-06, 5.5311e+01, 1.8214e+00, 
 2DIAGNOSTIC,    22, -4.895493662755e-01, 1.427544176057e-06, 5.6893e+01, 1.5822e+00, 
 2DIAGNOSTIC,    23, -4.895492756794e-01, 1.360695088375e-06, 5.8511e+01, 1.6177e+00, 
 2DIAGNOSTIC,    24, -4.895492027610e-01, 1.293024151701e-06, 6.0312e+01, 1.8005e+00, 
 2DIAGNOSTIC,    25, -4.895492410474e-01, 1.249527354363e-06, 6.1915e+01, 1.6037e+00, 
 2DIAGNOSTIC,    26, -4.895491895406e-01, 1.198197629552e-06, 6.3937e+01, 2.0212e+00, 
 2DIAGNOSTIC,    27, -4.895492189125e-01, 1.154514488656e-06, 6.5791e+01, 1.8548e+00, 
 2DIAGNOSTIC,    28, -4.895491215495e-01, 1.115663881342e-06, 6.7440e+01, 1.6487e+00, 
 2DIAGNOSTIC,    29, -4.895489209055e-01, 1.075134784770e-06, 6.9072e+01, 1.6320e+00, 
 2DIAGNOSTIC,    30, -4.895490913399e-01, 1.043411493158e-06, 7.0822e+01, 1.7501e+00, 
 2DIAGNOSTIC,    31, -4.895491390252e-01, 1.014193996021e-06, 7.2528e+01, 1.7058e+00, 
  Elapsed time (stage 0): 7.3402e+01


Total elapsed time: 7.3406e+01
Info [verificarlo]: loaded backend libinterflop_ieee.so
Info [interflop-ieee]: load backend with:
Info [interflop-ieee]: debug = false
Info [interflop-ieee]: debug-binary = false
Info [interflop-ieee]: no-backend-name = false
Info [interflop-ieee]: print-new-line = false
Info [interflop-ieee]: print-subnormal-normalized = false
Info [interflop-ieee]: count-op = false
All_Command_lines_OK
Using double precision for computations.
=============================================================================
The composite transform comprises the following transforms (in order): 
  1. /home/mdugre/scratch/mri-registration-rp/datasets/ds004513/derivatives/mri-registration-rp/0001/antsRegistration-r8-p6/sub-s025/rigid_Composite.h5[0] (type = Euler3DTransform)
  2. /home/mdugre/scratch/mri-registration-rp/datasets/ds004513/derivatives/mri-registration-rp/0001/antsRegistration-r8-p6/sub-s025/rigid_Composite.h5[1] (type = Euler3DTransform)
  3. /home/mdugre/scratch/mri-registration-rp/datasets/ds004513/derivatives/mri-registration-rp/0001/antsRegistration-r8-p6/sub-s025/rigid_Composite.h5[2] (type = Euler3DTransform)
=============================================================================
  number of levels = 4
  fixed image: /templateflow/tpl-MNI152NLin2009cAsym/tpl-MNI152NLin2009cAsym_res-01_desc-brain_T1w.nii.gz
  moving image: /home/mdugre/scratch/mri-registration-rp/datasets/ds004513/derivatives/mri-registration-rp/antsBrainExtraction/sub-s025/BrainExtractionBrain.nii.gz
Dimension = 3
Number of stages = 1
Use histogram matching = false
Winsorize image intensities = true
  Lower quantile = 0.005
  Upper quantile = 0.995


Stage 1 State
   Image metric = MattesMI
     Fixed image = Image (0x5064530)
  RTTI typeinfo:   itk::Image<double, 3u>
  Reference Count: 2
  Modified Time: 1594
  Debug: Off
  Object Name: 
  Observers: 
    none
  Source: (none)
  Source output name: (none)
  Release Data: Off
  Data Released: False
  Global Release Data: Off
  PipelineMTime: 0
  UpdateMTime: 1203
  RealTimeStamp: 0 seconds 
  LargestPossibleRegion: 
    Dimension: 3
    Index: [0, 0, 0]
    Size: [193, 229, 193]
  BufferedRegion: 
    Dimension: 3
    Index: [0, 0, 0]
    Size: [193, 229, 193]
  RequestedRegion: 
    Dimension: 3
    Index: [0, 0, 0]
    Size: [193, 229, 193]
  Spacing: [1, 1, 1]
  Origin: [96, 132, -78]
  Direction: 
-1 0 0
0 -1 0
0 0 1

  IndexToPointMatrix: 
-1 0 0
0 -1 0
0 0 1

  PointToIndexMatrix: 
-1 0 0
0 -1 0
0 0 1

  Inverse Direction: 
-1 0 0
0 -1 0
0 0 1

  PixelContainer: 
    ImportImageContainer (0x511d2a0)
      RTTI typeinfo:   itk::ImportImageContainer<unsigned long, double>
      Reference Count: 1
      Modified Time: 1200
      Debug: Off
      Object Name: 
      Observers: 
        none
      Pointer: 0x153eb434f010
      Container manages memory: true
      Size: 8530021
      Capacity: 8530021

     Moving image = Image (0x511fe60)
  RTTI typeinfo:   itk::Image<double, 3u>
  Reference Count: 2
  Modified Time: 1595
  Debug: Off
  Object Name: 
  Observers: 
    none
  Source: (none)
  Source output name: (none)
  Release Data: Off
  Data Released: False
  Global Release Data: Off
  PipelineMTime: 0
  UpdateMTime: 1592
  RealTimeStamp: 0 seconds 
  LargestPossibleRegion: 
    Dimension: 3
    Index: [0, 0, 0]
    Size: [176, 240, 256]
  BufferedRegion: 
    Dimension: 3
    Index: [0, 0, 0]
    Size: [176, 240, 256]
  RequestedRegion: 
    Dimension: 3
    Index: [0, 0, 0]
    Size: [176, 240, 256]
  Spacing: [0.999999, 1, 1]
  Origin: [90.3778, 84.5091, -154.071]
  Direction: 
-0.999391 7.48184e-06 -0.0348969
-7.47664e-06 -1 -2.7953e-07
-0.0348969 -1.84481e-08 0.999391

  IndexToPointMatrix: 
-0.99939 7.48184e-06 -0.0348969
-7.47663e-06 -1 -2.7953e-07
-0.0348968 -1.84481e-08 0.999391

  PointToIndexMatrix: 
-0.999392 -7.47665e-06 -0.0348969
7.48184e-06 -1 -1.84481e-08
-0.0348969 -2.7953e-07 0.999391

  Inverse Direction: 
-0.999391 -7.47664e-06 -0.0348969
7.48184e-06 -1 -1.84481e-08
-0.0348969 -2.7953e-07 0.999391

  PixelContainer: 
    ImportImageContainer (0x5153390)
      RTTI typeinfo:   itk::ImportImageContainer<unsigned long, double>
      Reference Count: 1
      Modified Time: 1589
      Debug: Off
      Object Name: 
      Observers: 
        none
      Pointer: 0x153eaf0ce010
      Container manages memory: true
      Size: 10813440
      Capacity: 10813440

     Weighting = 1
     Sampling strategy = regular
     Number of bins = 32
     Radius = 4
     Sampling percentage  = 0.25
   Transform = Affine
     Gradient step = 0.1
     Update field sigma (voxel space) = 0
     Total field sigma (voxel space) = 0
     Update field time sigma = 0
     Total field time sigma  = 0
     Number of time indices = 0
     Number of time point samples = 0
Registration using 1 total stages.

Stage 0
  iterations = 1000x500x250x100
  convergence threshold = 1e-06
  convergence window size = 10
  number of levels = 4
  using the Mattes MI metric (number of bins = 32, weight = 1, use gradient filter = 0)
  preprocessing:  winsorizing the image intensities
  Shrink factors (level 1 out of 4): [8, 8, 8]
  Shrink factors (level 2 out of 4): [4, 4, 4]
  Shrink factors (level 3 out of 4): [2, 2, 2]
  Shrink factors (level 4 out of 4): [1, 1, 1]
  smoothing sigmas per level: [3, 2, 1, 0]
  regular sampling (percentage = 0.25)

*** Running AffineTransform registration ***

DIAGNOSTIC,Iteration,metricValue,convergenceValue,ITERATION_TIME_INDEX,SINCE_LAST
 2DIAGNOSTIC,     1, -7.484559557554e-01, 1.797693134862e+308, 7.7908e-01, 7.7908e-01, 
 2DIAGNOSTIC,     2, -7.505420621478e-01, 1.797693134862e+308, 7.8370e-01, 4.6189e-03, 
 2DIAGNOSTIC,     3, -7.539684691106e-01, 1.797693134862e+308, 7.8898e-01, 5.2791e-03, 
 2DIAGNOSTIC,     4, -7.600650331875e-01, 1.797693134862e+308, 7.9342e-01, 4.4470e-03, 
 2DIAGNOSTIC,     5, -7.701579597876e-01, 1.797693134862e+308, 7.9847e-01, 5.0430e-03, 
 2DIAGNOSTIC,     6, -7.851844306084e-01, 1.797693134862e+308, 8.0312e-01, 4.6570e-03, 
 2DIAGNOSTIC,     7, -8.106860035634e-01, 1.797693134862e+308, 8.0793e-01, 4.8020e-03, 
 2DIAGNOSTIC,     8, -8.869226979441e-01, 1.797693134862e+308, 8.1401e-01, 6.0809e-03, 
 2DIAGNOSTIC,     9, -9.219589594148e-01, 1.797693134862e+308, 8.1880e-01, 4.7910e-03, 
 2DIAGNOSTIC,    10, -9.287196507731e-01, 1.574207520040e-02, 8.2494e-01, 6.1419e-03, 
 2DIAGNOSTIC,    11, -9.310278251647e-01, 1.588324386640e-02, 8.3105e-01, 6.1140e-03, 
 2DIAGNOSTIC,    12, -9.328109013597e-01, 1.469590802132e-02, 8.3755e-01, 6.4909e-03, 
 2DIAGNOSTIC,    13, -9.370571934564e-01, 1.255996802866e-02, 8.4357e-01, 6.0198e-03, 
 2DIAGNOSTIC,    14, -9.374976696350e-01, 9.771095254898e-03, 8.4848e-01, 4.9160e-03, 
 2DIAGNOSTIC,    15, -9.381109524930e-01, 6.763759501171e-03, 8.5530e-01, 6.8169e-03, 
 2DIAGNOSTIC,    16, -9.376585061166e-01, 3.868362474886e-03, 8.6059e-01, 5.2869e-03, 
 2DIAGNOSTIC,    17, -9.377671299377e-01, 1.452765382413e-03, 8.6594e-01, 5.3530e-03, 
 2DIAGNOSTIC,    18, -9.380636484710e-01, 5.702830273957e-04, 8.7073e-01, 4.7951e-03, 
 2DIAGNOSTIC,    19, -9.381567976404e-01, 3.358464095482e-04, 8.7554e-01, 4.8051e-03, 
 2DIAGNOSTIC,    20, -9.383915012531e-01, 2.096415516031e-04, 8.8167e-01, 6.1338e-03, 
 2DIAGNOSTIC,    21, -9.383216106111e-01, 1.117002196700e-04, 8.8701e-01, 5.3399e-03, 
 2DIAGNOSTIC,    22, -9.383205052863e-01, 3.767901393829e-05, 8.9247e-01, 5.4541e-03, 
 2DIAGNOSTIC,    23, -9.383910708771e-01, 2.735843639252e-05, 8.9721e-01, 4.7390e-03, 
 2DIAGNOSTIC,    24, -9.381448529079e-01, 1.775479673093e-05, 9.0196e-01, 4.7598e-03, 
 2DIAGNOSTIC,    25, -9.382266874699e-01, 1.663556634851e-05, 9.0719e-01, 5.2209e-03, 
 2DIAGNOSTIC,    26, -9.381679484394e-01, 7.863468595999e-06, 9.1243e-01, 5.2450e-03, 
DIAGNOSTIC,Iteration,metricValue,convergenceValue,ITERATION_TIME_INDEX,SINCE_LAST
 2DIAGNOSTIC,     1, -7.505527128181e-01, 1.797693134862e+308, 1.6931e+00, 7.8064e-01, 
 2DIAGNOSTIC,     2, -7.510421243618e-01, 1.797693134862e+308, 1.7266e+00, 3.3494e-02, 
 2DIAGNOSTIC,     3, -7.514711609947e-01, 1.797693134862e+308, 1.7622e+00, 3.5602e-02, 
 2DIAGNOSTIC,     4, -7.520754564419e-01, 1.797693134862e+308, 1.7977e+00, 3.5570e-02, 
 2DIAGNOSTIC,     5, -7.531856096861e-01, 1.797693134862e+308, 1.8340e+00, 3.6259e-02, 
 2DIAGNOSTIC,     6, -7.541419465886e-01, 1.797693134862e+308, 1.8884e+00, 5.4453e-02, 
 2DIAGNOSTIC,     7, -7.540917909443e-01, 1.797693134862e+308, 1.9263e+00, 3.7863e-02, 
 2DIAGNOSTIC,     8, -7.541133759984e-01, 1.797693134862e+308, 1.9602e+00, 3.3870e-02, 
 2DIAGNOSTIC,     9, -7.541339613236e-01, 1.797693134862e+308, 1.9992e+00, 3.9035e-02, 
 2DIAGNOSTIC,    10, -7.541793397808e-01, 3.535720356444e-04, 2.0329e+00, 3.3683e-02, 
 2DIAGNOSTIC,    11, -7.543199429539e-01, 2.607030922524e-04, 2.0677e+00, 3.4766e-02, 
 2DIAGNOSTIC,    12, -7.545564164607e-01, 1.832699743764e-04, 2.1127e+00, 4.4990e-02, 
 2DIAGNOSTIC,    13, -7.545665929102e-01, 1.144171535039e-04, 2.1534e+00, 4.0789e-02, 
 2DIAGNOSTIC,    14, -7.545536762143e-01, 6.072899713802e-05, 2.1917e+00, 3.8253e-02, 
 2DIAGNOSTIC,    15, -7.544806882585e-01, 3.433553877742e-05, 2.2343e+00, 4.2630e-02, 
 2DIAGNOSTIC,    16, -7.544397120909e-01, 2.988756590229e-05, 2.2740e+00, 3.9675e-02, 
 2DIAGNOSTIC,    17, -7.543988624458e-01, 2.128549495762e-05, 2.3088e+00, 3.4817e-02, 
 2DIAGNOSTIC,    18, -7.543889474680e-01, 1.210671199735e-05, 2.3491e+00, 4.0303e-02, 
 2DIAGNOSTIC,    19, -7.543783187289e-01, 3.210823618136e-06, 2.3879e+00, 3.8770e-02, 
DIAGNOSTIC,Iteration,metricValue,convergenceValue,ITERATION_TIME_INDEX,SINCE_LAST
 2DIAGNOSTIC,     1, -6.420117687549e-01, 1.797693134862e+308, 3.6019e+00, 1.2140e+00, 
 2DIAGNOSTIC,     2, -6.424481622778e-01, 1.797693134862e+308, 3.9021e+00, 3.0016e-01, 
 2DIAGNOSTIC,     3, -6.428456436947e-01, 1.797693134862e+308, 4.2029e+00, 3.0086e-01, 
 2DIAGNOSTIC,     4, -6.433173556522e-01, 1.797693134862e+308, 4.4913e+00, 2.8832e-01, 
 2DIAGNOSTIC,     5, -6.441630815379e-01, 1.797693134862e+308, 4.8199e+00, 3.2866e-01, 
 2DIAGNOSTIC,     6, -6.449059187698e-01, 1.797693134862e+308, 5.4079e+00, 5.8799e-01, 
 2DIAGNOSTIC,     7, -6.449192185290e-01, 1.797693134862e+308, 5.6996e+00, 2.9166e-01, 
 2DIAGNOSTIC,     8, -6.449287004297e-01, 1.797693134862e+308, 5.9928e+00, 2.9318e-01, 
 2DIAGNOSTIC,     9, -6.449375027233e-01, 1.797693134862e+308, 6.3569e+00, 3.6416e-01, 
 2DIAGNOSTIC,    10, -6.449401063846e-01, 3.313838184234e-04, 6.7840e+00, 4.2706e-01, 
 2DIAGNOSTIC,    11, -6.449383700318e-01, 2.362646090353e-04, 7.1972e+00, 4.1321e-01, 
 2DIAGNOSTIC,    12, -6.449362238410e-01, 1.522574679057e-04, 7.5497e+00, 3.5252e-01, 
 2DIAGNOSTIC,    13, -6.449361711740e-01, 8.146431039577e-05, 7.9235e+00, 3.7383e-01, 
 2DIAGNOSTIC,    14, -6.449354915629e-01, 2.797953867377e-05, 8.2568e+00, 3.3327e-01, 
 2DIAGNOSTIC,    15, -6.449333827773e-01, 3.476878136593e-06, 8.5633e+00, 3.0649e-01, 
 2DIAGNOSTIC,    16, -6.449332166143e-01, 2.389362153798e-06, 8.8793e+00, 3.1602e-01, 
 2DIAGNOSTIC,    17, -6.449353422693e-01, 1.790458196774e-06, 9.2312e+00, 3.5187e-01, 
 2DIAGNOSTIC,    18, -6.449367093620e-01, 1.523393438910e-06, 9.5638e+00, 3.3265e-01, 
 2DIAGNOSTIC,    19, -6.449347336136e-01, 1.462708003212e-06, 9.8758e+00, 3.1195e-01, 
 2DIAGNOSTIC,    20, -6.449333647298e-01, 1.458839865381e-06, 1.0189e+01, 3.1313e-01, 
 2DIAGNOSTIC,    21, -6.449330215263e-01, 1.425941947013e-06, 1.0497e+01, 3.0808e-01, 
 2DIAGNOSTIC,    22, -6.449386734084e-01, 1.472286871772e-06, 1.0846e+01, 3.4916e-01, 
 2DIAGNOSTIC,    23, -6.449422383329e-01, 1.575338337723e-06, 1.1186e+01, 3.3934e-01, 
 2DIAGNOSTIC,    24, -6.449435782502e-01, 1.665588272672e-06, 1.1518e+01, 3.3211e-01, 
 2DIAGNOSTIC,    25, -6.449468647325e-01, 1.740718249259e-06, 1.1873e+01, 3.5543e-01, 
 2DIAGNOSTIC,    26, -6.449457878828e-01, 1.743203541231e-06, 1.2332e+01, 4.5880e-01, 
 2DIAGNOSTIC,    27, -6.449452773963e-01, 1.721353938909e-06, 1.2658e+01, 3.2645e-01, 
 2DIAGNOSTIC,    28, -6.449437281630e-01, 1.647080884626e-06, 1.3017e+01, 3.5899e-01, 
 2DIAGNOSTIC,    29, -6.449464595479e-01, 1.542732740972e-06, 1.3314e+01, 2.9651e-01, 
 2DIAGNOSTIC,    30, -6.449415138291e-01, 1.310072016605e-06, 1.3641e+01, 3.2700e-01, 
 2DIAGNOSTIC,    31, -6.449446429191e-01, 1.109308664808e-06, 1.3966e+01, 3.2535e-01, 
DIAGNOSTIC,Iteration,metricValue,convergenceValue,ITERATION_TIME_INDEX,SINCE_LAST
 2DIAGNOSTIC,     1, -5.763449206893e-01, 1.797693134862e+308, 1.6982e+01, 3.0155e+00, 
 2DIAGNOSTIC,     2, -5.767723093203e-01, 1.797693134862e+308, 1.8831e+01, 1.8498e+00, 
 2DIAGNOSTIC,     3, -5.772892755994e-01, 1.797693134862e+308, 2.0719e+01, 1.8872e+00, 
 2DIAGNOSTIC,     4, -5.778675681618e-01, 1.797693134862e+308, 2.2570e+01, 1.8511e+00, 
 2DIAGNOSTIC,     5, -5.786019349426e-01, 1.797693134862e+308, 2.4481e+01, 1.9113e+00, 
 2DIAGNOSTIC,     6, -5.797245633685e-01, 1.797693134862e+308, 2.7453e+01, 2.9717e+00, 
 2DIAGNOSTIC,     7, -5.797346607209e-01, 1.797693134862e+308, 3.0823e+01, 3.3698e+00, 
 2DIAGNOSTIC,     8, -5.797353435887e-01, 1.797693134862e+308, 3.3094e+01, 2.2717e+00, 
 2DIAGNOSTIC,     9, -5.797354487113e-01, 1.797693134862e+308, 3.6215e+01, 3.1207e+00, 
 2DIAGNOSTIC,    10, -5.797355334722e-01, 4.332060849768e-04, 3.8293e+01, 2.0774e+00, 
 2DIAGNOSTIC,    11, -5.797354838497e-01, 3.128764195730e-04, 4.0405e+01, 2.1126e+00, 
 2DIAGNOSTIC,    12, -5.797354076122e-01, 2.023221456204e-04, 4.2282e+01, 1.8767e+00, 
 2DIAGNOSTIC,    13, -5.797353834152e-01, 1.106999818268e-04, 4.4627e+01, 2.3452e+00, 
 2DIAGNOSTIC,    14, -5.797353016731e-01, 4.237333071630e-05, 4.6493e+01, 1.8660e+00, 
 2DIAGNOSTIC,    15, -5.797351172361e-01, 2.487287873221e-06, 4.9024e+01, 2.5305e+00, 
 2DIAGNOSTIC,    16, -5.797351566104e-01, 1.994099624272e-06, 5.1150e+01, 2.1267e+00, 
 2DIAGNOSTIC,    17, -5.797347607289e-01, 1.838212025623e-06, 5.3087e+01, 1.9363e+00, 
 2DIAGNOSTIC,    18, -5.797348559325e-01, 1.724322629834e-06, 5.5043e+01, 1.9566e+00, 
 2DIAGNOSTIC,    19, -5.797348661953e-01, 1.629343692154e-06, 5.7182e+01, 2.1392e+00, 
 2DIAGNOSTIC,    20, -5.797347565080e-01, 1.547541875424e-06, 5.9333e+01, 2.1504e+00, 
 2DIAGNOSTIC,    21, -5.797347468514e-01, 1.476466485413e-06, 6.1459e+01, 2.1264e+00, 
 2DIAGNOSTIC,    22, -5.797346871356e-01, 1.412582961414e-06, 6.3395e+01, 1.9362e+00, 
 2DIAGNOSTIC,    23, -5.797346901052e-01, 1.357058264422e-06, 6.5306e+01, 1.9106e+00, 
 2DIAGNOSTIC,    24, -5.797347989588e-01, 1.309232776879e-06, 6.7499e+01, 2.1931e+00, 
 2DIAGNOSTIC,    25, -5.797348771868e-01, 1.264648361136e-06, 6.9709e+01, 2.2100e+00, 
 2DIAGNOSTIC,    26, -5.797348741415e-01, 1.225245654844e-06, 7.1864e+01, 2.1546e+00, 
 2DIAGNOSTIC,    27, -5.797348539058e-01, 1.181114506935e-06, 7.3799e+01, 1.9352e+00, 
 2DIAGNOSTIC,    28, -5.797349237672e-01, 1.142830417585e-06, 7.6168e+01, 2.3689e+00, 
 2DIAGNOSTIC,    29, -5.797350117989e-01, 1.108250514595e-06, 7.8159e+01, 1.9915e+00, 
 2DIAGNOSTIC,    30, -5.797349659678e-01, 1.072366182929e-06, 8.0208e+01, 2.0489e+00, 
 2DIAGNOSTIC,    31, -5.797349925578e-01, 1.038104044289e-06, 8.2101e+01, 1.8928e+00, 
