
##########################
# Experiment information #
##########################

EXPERIMENT_NAME: antsRegistration-r7-p13
VFC_BACKENDS: libinterflop_vprec.so --range-binary32=7 --precision-binary32=13 --range-binary64=7 --precision-binary64=13

SIF_IMG: /home/mdugre/projects/rrg-glatard/mdugre/containers/ants-vprec-no_metrics.simg

SUBJECT_ID: s033
INPUT_IMG: /home/mdugre/scratch/mri-registration-rp/datasets/ds004513/derivatives/mri-registration-rp/antsBrainExtraction/sub-s033/BrainExtractionBrain.nii.gz
OUTPUT_DIR: /home/mdugre/scratch/mri-registration-rp/datasets/ds004513/derivatives/mri-registration-rp/0001/antsRegistration-r7-p13/sub-s033

FIXED_IMG: /templateflow/tpl-MNI152NLin2009cAsym/tpl-MNI152NLin2009cAsym_res-01_desc-brain_T1w.nii.gz
DATA_DIR: /home/mdugre/scratch/mri-registration-rp/datasets/ds004513
TEMPLATEFLOW_DIR: /home/mdugre/projects/rrg-glatard/mdugre/templateflow
ITK_GLOBAL_DEFAULT_NUMBER_OF_THREADS: 16
##########################

Info [verificarlo]: loaded backend libinterflop_ieee.so
Info [interflop-ieee]: load backend with:
Info [interflop-ieee]: debug = false
Info [interflop-ieee]: debug-binary = false
Info [interflop-ieee]: no-backend-name = false
Info [interflop-ieee]: print-new-line = false
Info [interflop-ieee]: print-subnormal-normalized = false
Info [interflop-ieee]: count-op = false
All_Command_lines_OK
Using double precision for computations.
=============================================================================
The composite transform comprises the following transforms (in order): 
  1. Center of mass alignment using fixed image: /templateflow/tpl-MNI152NLin2009cAsym/tpl-MNI152NLin2009cAsym_res-01_desc-brain_T1w.nii.gz and moving image: /home/mdugre/scratch/mri-registration-rp/datasets/ds004513/derivatives/mri-registration-rp/antsBrainExtraction/sub-s033/BrainExtractionBrain.nii.gz (type = Euler3DTransform)
=============================================================================
  number of levels = 1
  fixed image: /templateflow/tpl-MNI152NLin2009cAsym/tpl-MNI152NLin2009cAsym_res-01_desc-brain_T1w.nii.gz
  moving image: /home/mdugre/scratch/mri-registration-rp/datasets/ds004513/derivatives/mri-registration-rp/antsBrainExtraction/sub-s033/BrainExtractionBrain.nii.gz
Dimension = 3
Number of stages = 1
Use histogram matching = false
Winsorize image intensities = true
  Lower quantile = 0.005
  Upper quantile = 0.995


Stage 1 State
   Image metric = MattesMI
     Fixed image = Image (0x4196e70)
  RTTI typeinfo:   itk::Image<double, 3u>
  Reference Count: 2
  Modified Time: 2330
  Debug: Off
  Object Name: 
  Observers: 
    none
  Source: (none)
  Source output name: (none)
  Release Data: Off
  Data Released: False
  Global Release Data: Off
  PipelineMTime: 0
  UpdateMTime: 1941
  RealTimeStamp: 0 seconds 
  LargestPossibleRegion: 
    Dimension: 3
    Index: [0, 0, 0]
    Size: [193, 229, 193]
  BufferedRegion: 
    Dimension: 3
    Index: [0, 0, 0]
    Size: [193, 229, 193]
  RequestedRegion: 
    Dimension: 3
    Index: [0, 0, 0]
    Size: [193, 229, 193]
  Spacing: [1, 1, 1]
  Origin: [96, 132, -78]
  Direction: 
-1 0 0
0 -1 0
0 0 1

  IndexToPointMatrix: 
-1 0 0
0 -1 0
0 0 1

  PointToIndexMatrix: 
-1 0 0
0 -1 0
0 0 1

  Inverse Direction: 
-1 0 0
0 -1 0
0 0 1

  PixelContainer: 
    ImportImageContainer (0x419fc60)
      RTTI typeinfo:   itk::ImportImageContainer<unsigned long, double>
      Reference Count: 1
      Modified Time: 1938
      Debug: Off
      Object Name: 
      Observers: 
        none
      Pointer: 0x14fddd204010
      Container manages memory: true
      Size: 8530021
      Capacity: 8530021

     Moving image = Image (0x4199540)
  RTTI typeinfo:   itk::Image<double, 3u>
  Reference Count: 2
  Modified Time: 2331
  Debug: Off
  Object Name: 
  Observers: 
    none
  Source: (none)
  Source output name: (none)
  Release Data: Off
  Data Released: False
  Global Release Data: Off
  PipelineMTime: 0
  UpdateMTime: 2328
  RealTimeStamp: 0 seconds 
  LargestPossibleRegion: 
    Dimension: 3
    Index: [0, 0, 0]
    Size: [160, 240, 256]
  BufferedRegion: 
    Dimension: 3
    Index: [0, 0, 0]
    Size: [160, 240, 256]
  RequestedRegion: 
    Dimension: 3
    Index: [0, 0, 0]
    Size: [160, 240, 256]
  Spacing: [1, 1, 1]
  Origin: [91.5134, 94.282, -109.927]
  Direction: 
-0.99591 -0.0698718 -0.0572835
0.0697565 -0.997556 0.00401236
-0.0574239 5.01125e-08 0.99835

  IndexToPointMatrix: 
-0.99591 -0.0698718 -0.0572835
0.0697565 -0.997556 0.00401236
-0.0574239 5.01125e-08 0.99835

  PointToIndexMatrix: 
-0.99591 0.0697565 -0.0574239
-0.0698718 -0.997556 5.01483e-08
-0.0572835 0.00401236 0.99835

  Inverse Direction: 
-0.99591 0.0697565 -0.0574239
-0.0698718 -0.997556 5.01483e-08
-0.0572835 0.00401236 0.99835

  PixelContainer: 
    ImportImageContainer (0x42ab610)
      RTTI typeinfo:   itk::ImportImageContainer<unsigned long, double>
      Reference Count: 1
      Modified Time: 2325
      Debug: Off
      Object Name: 
      Observers: 
        none
      Pointer: 0x14fdd8703010
      Container manages memory: true
      Size: 9830400
      Capacity: 9830400

     Weighting = 1
     Sampling strategy = regular
     Number of bins = 32
     Radius = 4
     Sampling percentage  = 0.25
   Transform = Rigid
     Gradient step = 0.1
     Update field sigma (voxel space) = 0
     Total field sigma (voxel space) = 0
     Update field time sigma = 0
     Total field time sigma  = 0
     Number of time indices = 0
     Number of time point samples = 0
Registration using 1 total stages.

Stage 0
  iterations = 0
  convergence threshold = 1e-06
  convergence window size = 10
  number of levels = 1
  using the Mattes MI metric (number of bins = 32, weight = 1, use gradient filter = 0)
  preprocessing:  winsorizing the image intensities
  Shrink factors (level 1 out of 1): [1, 1, 1]
  smoothing sigmas per level: [0]
  regular sampling (percentage = 0.25)

*** Running Euler3DTransform registration ***

  Elapsed time (stage 0): 1.14034


Total elapsed time: 1.14249
Info [verificarlo]: loaded backend libinterflop_ieee.so
Info [interflop-ieee]: load backend with:
Info [interflop-ieee]: debug = false
Info [interflop-ieee]: debug-binary = false
Info [interflop-ieee]: no-backend-name = false
Info [interflop-ieee]: print-new-line = false
Info [interflop-ieee]: print-subnormal-normalized = false
Info [interflop-ieee]: count-op = false
All_Command_lines_OK
Using double precision for computations.
=============================================================================
The composite transform comprises the following transforms (in order): 
  1. /home/mdugre/scratch/mri-registration-rp/datasets/ds004513/derivatives/mri-registration-rp/0001/antsRegistration-r7-p13/sub-s033/align_Composite.h5[0] (type = Euler3DTransform)
  2. /home/mdugre/scratch/mri-registration-rp/datasets/ds004513/derivatives/mri-registration-rp/0001/antsRegistration-r7-p13/sub-s033/align_Composite.h5[1] (type = Euler3DTransform)
=============================================================================
  number of levels = 4
  fixed image: /templateflow/tpl-MNI152NLin2009cAsym/tpl-MNI152NLin2009cAsym_res-01_desc-brain_T1w.nii.gz
  moving image: /home/mdugre/scratch/mri-registration-rp/datasets/ds004513/derivatives/mri-registration-rp/antsBrainExtraction/sub-s033/BrainExtractionBrain.nii.gz
Dimension = 3
Number of stages = 1
Use histogram matching = false
Winsorize image intensities = true
  Lower quantile = 0.005
  Upper quantile = 0.995


Stage 1 State
   Image metric = MattesMI
     Fixed image = Image (0x3ec9530)
  RTTI typeinfo:   itk::Image<double, 3u>
  Reference Count: 2
  Modified Time: 1578
  Debug: Off
  Object Name: 
  Observers: 
    none
  Source: (none)
  Source output name: (none)
  Release Data: Off
  Data Released: False
  Global Release Data: Off
  PipelineMTime: 0
  UpdateMTime: 1189
  RealTimeStamp: 0 seconds 
  LargestPossibleRegion: 
    Dimension: 3
    Index: [0, 0, 0]
    Size: [193, 229, 193]
  BufferedRegion: 
    Dimension: 3
    Index: [0, 0, 0]
    Size: [193, 229, 193]
  RequestedRegion: 
    Dimension: 3
    Index: [0, 0, 0]
    Size: [193, 229, 193]
  Spacing: [1, 1, 1]
  Origin: [96, 132, -78]
  Direction: 
-1 0 0
0 -1 0
0 0 1

  IndexToPointMatrix: 
-1 0 0
0 -1 0
0 0 1

  PointToIndexMatrix: 
-1 0 0
0 -1 0
0 0 1

  Inverse Direction: 
-1 0 0
0 -1 0
0 0 1

  PixelContainer: 
    ImportImageContainer (0x3f87d60)
      RTTI typeinfo:   itk::ImportImageContainer<unsigned long, double>
      Reference Count: 1
      Modified Time: 1186
      Debug: Off
      Object Name: 
      Observers: 
        none
      Pointer: 0x146566b99010
      Container manages memory: true
      Size: 8530021
      Capacity: 8530021

     Moving image = Image (0x3f79f60)
  RTTI typeinfo:   itk::Image<double, 3u>
  Reference Count: 2
  Modified Time: 1579
  Debug: Off
  Object Name: 
  Observers: 
    none
  Source: (none)
  Source output name: (none)
  Release Data: Off
  Data Released: False
  Global Release Data: Off
  PipelineMTime: 0
  UpdateMTime: 1576
  RealTimeStamp: 0 seconds 
  LargestPossibleRegion: 
    Dimension: 3
    Index: [0, 0, 0]
    Size: [160, 240, 256]
  BufferedRegion: 
    Dimension: 3
    Index: [0, 0, 0]
    Size: [160, 240, 256]
  RequestedRegion: 
    Dimension: 3
    Index: [0, 0, 0]
    Size: [160, 240, 256]
  Spacing: [1, 1, 1]
  Origin: [91.5134, 94.282, -109.927]
  Direction: 
-0.99591 -0.0698718 -0.0572835
0.0697565 -0.997556 0.00401236
-0.0574239 5.01125e-08 0.99835

  IndexToPointMatrix: 
-0.99591 -0.0698718 -0.0572835
0.0697565 -0.997556 0.00401236
-0.0574239 5.01125e-08 0.99835

  PointToIndexMatrix: 
-0.99591 0.0697565 -0.0574239
-0.0698718 -0.997556 5.01483e-08
-0.0572835 0.00401236 0.99835

  Inverse Direction: 
-0.99591 0.0697565 -0.0574239
-0.0698718 -0.997556 5.01483e-08
-0.0572835 0.00401236 0.99835

  PixelContainer: 
    ImportImageContainer (0x3f6b6d0)
      RTTI typeinfo:   itk::ImportImageContainer<unsigned long, double>
      Reference Count: 1
      Modified Time: 1573
      Debug: Off
      Object Name: 
      Observers: 
        none
      Pointer: 0x146562098010
      Container manages memory: true
      Size: 9830400
      Capacity: 9830400

     Weighting = 1
     Sampling strategy = regular
     Number of bins = 32
     Radius = 4
     Sampling percentage  = 0.25
   Transform = Rigid
     Gradient step = 0.1
     Update field sigma (voxel space) = 0
     Total field sigma (voxel space) = 0
     Update field time sigma = 0
     Total field time sigma  = 0
     Number of time indices = 0
     Number of time point samples = 0
Registration using 1 total stages.

Stage 0
  iterations = 1000x500x250x100
  convergence threshold = 1e-06
  convergence window size = 10
  number of levels = 4
  using the Mattes MI metric (number of bins = 32, weight = 1, use gradient filter = 0)
  preprocessing:  winsorizing the image intensities
  Shrink factors (level 1 out of 4): [8, 8, 8]
  Shrink factors (level 2 out of 4): [4, 4, 4]
  Shrink factors (level 3 out of 4): [2, 2, 2]
  Shrink factors (level 4 out of 4): [1, 1, 1]
  smoothing sigmas per level: [3, 2, 1, 0]
  regular sampling (percentage = 0.25)

*** Running Euler3DTransform registration ***

DIAGNOSTIC,Iteration,metricValue,convergenceValue,ITERATION_TIME_INDEX,SINCE_LAST
 2DIAGNOSTIC,     1, -4.945365495269e-01, 1.797693134862e+308, 8.1774e-01, 8.1774e-01, 
 2DIAGNOSTIC,     2, -4.961551199262e-01, 1.797693134862e+308, 8.2302e-01, 5.2738e-03, 
 2DIAGNOSTIC,     3, -4.991207097076e-01, 1.797693134862e+308, 8.2859e-01, 5.5699e-03, 
 2DIAGNOSTIC,     4, -5.030359852117e-01, 1.797693134862e+308, 8.3314e-01, 4.5478e-03, 
 2DIAGNOSTIC,     5, -5.059125054655e-01, 1.797693134862e+308, 8.3775e-01, 4.6129e-03, 
 2DIAGNOSTIC,     6, -5.092815596254e-01, 1.797693134862e+308, 8.4233e-01, 4.5769e-03, 
 2DIAGNOSTIC,     7, -5.205915484568e-01, 1.797693134862e+308, 8.4733e-01, 5.0001e-03, 
 2DIAGNOSTIC,     8, -5.236677933913e-01, 1.797693134862e+308, 8.5180e-01, 4.4701e-03, 
 2DIAGNOSTIC,     9, -5.261653611514e-01, 1.797693134862e+308, 8.5627e-01, 4.4770e-03, 
 2DIAGNOSTIC,    10, -5.313843279548e-01, 4.956236851461e-03, 8.6120e-01, 4.9279e-03, 
 2DIAGNOSTIC,    11, -5.461121550605e-01, 5.255951709878e-03, 8.6723e-01, 6.0260e-03, 
 2DIAGNOSTIC,    12, -5.563506773260e-01, 5.544499219503e-03, 8.7215e-01, 4.9200e-03, 
 2DIAGNOSTIC,    13, -6.011783753083e-01, 7.240286203952e-03, 8.7842e-01, 6.2680e-03, 
 2DIAGNOSTIC,    14, -6.166052825020e-01, 8.701253899151e-03, 8.8320e-01, 4.7860e-03, 
 2DIAGNOSTIC,    15, -6.211428291661e-01, 9.416357351045e-03, 8.8774e-01, 4.5381e-03, 
 2DIAGNOSTIC,    16, -6.235432151999e-01, 9.368281936786e-03, 8.9286e-01, 5.1248e-03, 
 2DIAGNOSTIC,    17, -6.347577462996e-01, 9.145335033552e-03, 8.9967e-01, 6.8080e-03, 
 2DIAGNOSTIC,    18, -6.413138477215e-01, 8.359392958408e-03, 9.0474e-01, 5.0690e-03, 
 2DIAGNOSTIC,    19, -6.420802717348e-01, 6.980623474168e-03, 9.1054e-01, 5.8022e-03, 
 2DIAGNOSTIC,    20, -6.425493373925e-01, 5.272872607191e-03, 9.1510e-01, 4.5609e-03, 
 2DIAGNOSTIC,    21, -6.431795005607e-01, 3.641466687761e-03, 9.2004e-01, 4.9391e-03, 
 2DIAGNOSTIC,    22, -6.434078410980e-01, 2.049114000146e-03, 9.2445e-01, 4.4019e-03, 
 2DIAGNOSTIC,    23, -6.435083891242e-01, 1.381096902987e-03, 9.2942e-01, 4.9739e-03, 
 2DIAGNOSTIC,    24, -6.436807761283e-01, 9.688116426697e-04, 9.3500e-01, 5.5761e-03, 
 2DIAGNOSTIC,    25, -6.439989416220e-01, 6.014654141143e-04, 9.4111e-01, 6.1111e-03, 
 2DIAGNOSTIC,    26, -6.448361554883e-01, 2.655197317615e-04, 9.4548e-01, 4.3731e-03, 
 2DIAGNOSTIC,    27, -6.460796034004e-01, 1.536865894654e-04, 9.5041e-01, 4.9338e-03, 
 2DIAGNOSTIC,    28, -6.463976194552e-01, 1.550353601668e-04, 9.5473e-01, 4.3139e-03, 
 2DIAGNOSTIC,    29, -6.463935457166e-01, 1.547432196774e-04, 9.5916e-01, 4.4322e-03, 
 2DIAGNOSTIC,    30, -6.464392297693e-01, 1.482978378945e-04, 9.6411e-01, 4.9481e-03, 
 2DIAGNOSTIC,    31, -6.463723508437e-01, 1.368671210635e-04, 9.6841e-01, 4.2980e-03, 
 2DIAGNOSTIC,    32, -6.464254416827e-01, 1.173265294445e-04, 9.7377e-01, 5.3689e-03, 
 2DIAGNOSTIC,    33, -6.464354984274e-01, 8.969323971213e-05, 9.8761e-01, 1.3839e-02, 
 2DIAGNOSTIC,    34, -6.464354983944e-01, 5.811483327507e-05, 1.0015e+00, 1.3883e-02, 
 2DIAGNOSTIC,    35, -6.464354983944e-01, 2.735366179142e-05, 1.0069e+00, 5.3821e-03, 
 2DIAGNOSTIC,    36, -6.464354983944e-01, 6.561980995523e-06, 1.0128e+00, 5.9409e-03, 
 2DIAGNOSTIC,    37, -6.464354983944e-01, 2.244502050098e-06, 1.0178e+00, 4.9951e-03, 
 2DIAGNOSTIC,    38, -6.464354983944e-01, 1.990755100972e-06, 1.0229e+00, 5.1160e-03, 
 2DIAGNOSTIC,    39, -6.464354983944e-01, 1.582335265600e-06, 1.0289e+00, 5.9381e-03, 
 2DIAGNOSTIC,    40, -6.464354983944e-01, 1.698171886274e-06, 1.0337e+00, 4.8430e-03, 
DIAGNOSTIC,Iteration,metricValue,convergenceValue,ITERATION_TIME_INDEX,SINCE_LAST
 2DIAGNOSTIC,     1, -5.367244455027e-01, 1.797693134862e+308, 1.7041e+00, 6.7041e-01, 
 2DIAGNOSTIC,     2, -5.380313839249e-01, 1.797693134862e+308, 1.7325e+00, 2.8402e-02, 
 2DIAGNOSTIC,     3, -5.401731915080e-01, 1.797693134862e+308, 1.7618e+00, 2.9312e-02, 
 2DIAGNOSTIC,     4, -5.431881347970e-01, 1.797693134862e+308, 1.7902e+00, 2.8407e-02, 
 2DIAGNOSTIC,     5, -5.453557598790e-01, 1.797693134862e+308, 1.8186e+00, 2.8344e-02, 
 2DIAGNOSTIC,     6, -5.461088566441e-01, 1.797693134862e+308, 1.8484e+00, 2.9778e-02, 
 2DIAGNOSTIC,     7, -5.462086682128e-01, 1.797693134862e+308, 1.8826e+00, 3.4189e-02, 
 2DIAGNOSTIC,     8, -5.464869268719e-01, 1.797693134862e+308, 1.9292e+00, 4.6597e-02, 
 2DIAGNOSTIC,     9, -5.465850815634e-01, 1.797693134862e+308, 1.9788e+00, 4.9698e-02, 
 2DIAGNOSTIC,    10, -5.466464841142e-01, 1.224741176303e-03, 2.0099e+00, 3.1043e-02, 
 2DIAGNOSTIC,    11, -5.470487709101e-01, 8.391099371086e-04, 2.0452e+00, 3.5266e-02, 
 2DIAGNOSTIC,    12, -5.471506826091e-01, 5.042747932234e-04, 2.0802e+00, 3.5006e-02, 
 2DIAGNOSTIC,    13, -5.471747723096e-01, 2.608962575310e-04, 2.1218e+00, 4.1646e-02, 
 2DIAGNOSTIC,    14, -5.471893676914e-01, 1.401592454608e-04, 2.1574e+00, 3.5562e-02, 
 2DIAGNOSTIC,    15, -5.471839954948e-01, 9.761644606379e-05, 2.1932e+00, 3.5868e-02, 
 2DIAGNOSTIC,    16, -5.471599229342e-01, 7.527607014929e-05, 2.2270e+00, 3.3738e-02, 
 2DIAGNOSTIC,    17, -5.471662421349e-01, 5.183178394447e-05, 2.2568e+00, 2.9778e-02, 
 2DIAGNOSTIC,    18, -5.471747029052e-01, 3.478196435611e-05, 2.2891e+00, 3.2375e-02, 
 2DIAGNOSTIC,    19, -5.471813451857e-01, 1.945630236761e-05, 2.3222e+00, 3.3109e-02, 
 2DIAGNOSTIC,    20, -5.471662914562e-01, 4.969831078477e-06, 2.3497e+00, 2.7511e-02, 
 2DIAGNOSTIC,    21, -5.471844158818e-01, 1.951264167258e-06, 2.3819e+00, 3.2149e-02, 
 2DIAGNOSTIC,    22, -5.471946855414e-01, 1.794830063552e-06, 2.4108e+00, 2.8950e-02, 
 2DIAGNOSTIC,    23, -5.472309777464e-01, 2.955891260495e-06, 2.4390e+00, 2.8189e-02, 
 2DIAGNOSTIC,    24, -5.472460347141e-01, 4.500345745957e-06, 2.4721e+00, 3.3105e-02, 
 2DIAGNOSTIC,    25, -5.473225344025e-01, 7.130562369041e-06, 2.4999e+00, 2.7805e-02, 
 2DIAGNOSTIC,    26, -5.474469322143e-01, 1.098291108953e-05, 2.5289e+00, 2.8947e-02, 
 2DIAGNOSTIC,    27, -5.481013380114e-01, 2.630865826706e-05, 2.5614e+00, 3.2491e-02, 
 2DIAGNOSTIC,    28, -5.480678937421e-01, 3.738993767752e-05, 2.6003e+00, 3.8889e-02, 
 2DIAGNOSTIC,    29, -5.482084716491e-01, 4.712040516820e-05, 2.6356e+00, 3.5334e-02, 
 2DIAGNOSTIC,    30, -5.482082518712e-01, 5.166415159819e-05, 2.6676e+00, 3.1953e-02, 
 2DIAGNOSTIC,    31, -5.482014615856e-01, 5.125921839622e-05, 2.6995e+00, 3.1900e-02, 
 2DIAGNOSTIC,    32, -5.481815957066e-01, 4.582630992898e-05, 2.7289e+00, 2.9446e-02, 
 2DIAGNOSTIC,    33, -5.481718257251e-01, 3.689943228070e-05, 2.7583e+00, 2.9412e-02, 
 2DIAGNOSTIC,    34, -5.481825626463e-01, 2.560031562469e-05, 2.7876e+00, 2.9285e-02, 
 2DIAGNOSTIC,    35, -5.481838557476e-01, 1.379952189777e-05, 2.8165e+00, 2.8897e-02, 
 2DIAGNOSTIC,    36, -5.481854579837e-01, 3.009181385707e-06, 2.8451e+00, 2.8639e-02, 
 2DIAGNOSTIC,    37, -5.482631349729e-01, 2.936487068075e-06, 2.8767e+00, 3.1560e-02, 
 2DIAGNOSTIC,    38, -5.482856021548e-01, 2.436033782468e-06, 2.9081e+00, 3.1399e-02, 
 2DIAGNOSTIC,    39, -5.482706817234e-01, 3.481461101039e-06, 2.9419e+00, 3.3757e-02, 
 2DIAGNOSTIC,    40, -5.481987732878e-01, 3.304977086581e-06, 2.9755e+00, 3.3634e-02, 
 2DIAGNOSTIC,    41, -5.482804039269e-01, 3.879073663091e-06, 3.0087e+00, 3.3247e-02, 
 2DIAGNOSTIC,    42, -5.481859166642e-01, 2.659710984270e-06, 3.0457e+00, 3.6980e-02, 
 2DIAGNOSTIC,    43, -5.482756801186e-01, 2.302379691226e-06, 3.0875e+00, 4.1750e-02, 
 2DIAGNOSTIC,    44, -5.483025233765e-01, 2.247978724924e-06, 3.1223e+00, 3.4846e-02, 
 2DIAGNOSTIC,    45, -5.482811786785e-01, 1.830212008887e-06, 3.1559e+00, 3.3596e-02, 
 2DIAGNOSTIC,    46, -5.482645577308e-01, 1.147420317666e-06, 3.1897e+00, 3.3832e-02, 
 2DIAGNOSTIC,    47, -5.482548593202e-01, 1.197606782476e-06, 3.2846e+00, 9.4827e-02, 
 2DIAGNOSTIC,    48, -5.482548593191e-01, 1.432315881601e-06, 3.3652e+00, 8.0584e-02, 
 2DIAGNOSTIC,    49, -5.482548593191e-01, 1.429935982525e-06, 3.3986e+00, 3.3474e-02, 
DIAGNOSTIC,Iteration,metricValue,convergenceValue,ITERATION_TIME_INDEX,SINCE_LAST
 2DIAGNOSTIC,     1, -4.661873941083e-01, 1.797693134862e+308, 4.5109e+00, 1.1123e+00, 
 2DIAGNOSTIC,     2, -4.663634406123e-01, 1.797693134862e+308, 4.7517e+00, 2.4080e-01, 
 2DIAGNOSTIC,     3, -4.665065267305e-01, 1.797693134862e+308, 4.9908e+00, 2.3905e-01, 
 2DIAGNOSTIC,     4, -4.666272937166e-01, 1.797693134862e+308, 5.2315e+00, 2.4068e-01, 
 2DIAGNOSTIC,     5, -4.667166881736e-01, 1.797693134862e+308, 5.4831e+00, 2.5160e-01, 
 2DIAGNOSTIC,     6, -4.668667241266e-01, 1.797693134862e+308, 5.7240e+00, 2.4096e-01, 
 2DIAGNOSTIC,     7, -4.669697652832e-01, 1.797693134862e+308, 5.9917e+00, 2.6768e-01, 
 2DIAGNOSTIC,     8, -4.670258337135e-01, 1.797693134862e+308, 6.3218e+00, 3.3006e-01, 
 2DIAGNOSTIC,     9, -4.670791320893e-01, 1.797693134862e+308, 6.5438e+00, 2.2202e-01, 
 2DIAGNOSTIC,    10, -4.671177524173e-01, 1.313507168261e-04, 6.7799e+00, 2.3607e-01, 
 2DIAGNOSTIC,    11, -4.671984785825e-01, 1.051589709633e-04, 7.0162e+00, 2.3635e-01, 
 2DIAGNOSTIC,    12, -4.674361165747e-01, 9.491368113616e-05, 7.3798e+00, 3.6360e-01, 
 2DIAGNOSTIC,    13, -4.675162715979e-01, 8.805693498791e-05, 7.6204e+00, 2.4057e-01, 
 2DIAGNOSTIC,    14, -4.675732991682e-01, 8.220278871716e-05, 7.9305e+00, 3.1014e-01, 
 2DIAGNOSTIC,    15, -4.675740524044e-01, 7.348768237465e-05, 8.2422e+00, 3.1169e-01, 
 2DIAGNOSTIC,    16, -4.675763033125e-01, 6.504173936285e-05, 8.6890e+00, 4.4679e-01, 
 2DIAGNOSTIC,    17, -4.675763996598e-01, 5.533234473249e-05, 8.9455e+00, 2.5649e-01, 
 2DIAGNOSTIC,    18, -4.675746405573e-01, 4.352716878111e-05, 9.1794e+00, 2.3388e-01, 
 2DIAGNOSTIC,    19, -4.675729812314e-01, 3.083227922195e-05, 9.4568e+00, 2.7748e-01, 
 2DIAGNOSTIC,    20, -4.675713172735e-01, 1.787330683517e-05, 9.6977e+00, 2.4082e-01, 
 2DIAGNOSTIC,    21, -4.675679163633e-01, 6.729435127528e-06, 9.9338e+00, 2.3616e-01, 
 2DIAGNOSTIC,    22, -4.675676533160e-01, 2.633952887236e-06, 1.0192e+01, 2.5778e-01, 
DIAGNOSTIC,Iteration,metricValue,convergenceValue,ITERATION_TIME_INDEX,SINCE_LAST
 2DIAGNOSTIC,     1, -4.258650708421e-01, 1.797693134862e+308, 1.2617e+01, 2.4251e+00, 
 2DIAGNOSTIC,     2, -4.259686224951e-01, 1.797693134862e+308, 1.4046e+01, 1.4289e+00, 
 2DIAGNOSTIC,     3, -4.260095495411e-01, 1.797693134862e+308, 1.5874e+01, 1.8287e+00, 
 2DIAGNOSTIC,     4, -4.260079814231e-01, 1.797693134862e+308, 1.7988e+01, 2.1139e+00, 
 2DIAGNOSTIC,     5, -4.260080722225e-01, 1.797693134862e+308, 1.9614e+01, 1.6263e+00, 
 2DIAGNOSTIC,     6, -4.260081327368e-01, 1.797693134862e+308, 2.1141e+01, 1.5268e+00, 
 2DIAGNOSTIC,     7, -4.260082711550e-01, 1.797693134862e+308, 2.2777e+01, 1.6358e+00, 
 2DIAGNOSTIC,     8, -4.260079800724e-01, 1.797693134862e+308, 2.4480e+01, 1.7031e+00, 
 2DIAGNOSTIC,     9, -4.260078912164e-01, 1.797693134862e+308, 2.5975e+01, 1.4947e+00, 
 2DIAGNOSTIC,    10, -4.260079137143e-01, 1.493592768677e-05, 2.7625e+01, 1.6500e+00, 
 2DIAGNOSTIC,    11, -4.260079326278e-01, 5.184439261841e-06, 2.9172e+01, 1.5472e+00, 
 2DIAGNOSTIC,    12, -4.260078480718e-01, 2.538822227907e-06, 3.0485e+01, 1.3126e+00, 
 2DIAGNOSTIC,    13, -4.260076759429e-01, 2.404744271517e-06, 3.2104e+01, 1.6197e+00, 
 2DIAGNOSTIC,    14, -4.260079246733e-01, 2.231121166582e-06, 3.4267e+01, 2.1629e+00, 
 2DIAGNOSTIC,    15, -4.260077287657e-01, 2.079035498981e-06, 3.5872e+01, 1.6050e+00, 
 2DIAGNOSTIC,    16, -4.260075324935e-01, 1.943988885145e-06, 3.7219e+01, 1.3468e+00, 
 2DIAGNOSTIC,    17, -4.260075447173e-01, 1.835475330635e-06, 3.8722e+01, 1.5028e+00, 
 2DIAGNOSTIC,    18, -4.260073572147e-01, 1.724564389897e-06, 4.0205e+01, 1.4833e+00, 
 2DIAGNOSTIC,    19, -4.260070621819e-01, 1.615724913813e-06, 4.1609e+01, 1.4035e+00, 
 2DIAGNOSTIC,    20, -4.260070800975e-01, 1.524725994205e-06, 4.2995e+01, 1.3865e+00, 
 2DIAGNOSTIC,    21, -4.260077208084e-01, 1.469519580299e-06, 4.4692e+01, 1.6966e+00, 
 2DIAGNOSTIC,    22, -4.260079355564e-01, 1.426992885384e-06, 4.6310e+01, 1.6180e+00, 
 2DIAGNOSTIC,    23, -4.260077405696e-01, 1.379096132924e-06, 4.7639e+01, 1.3291e+00, 
 2DIAGNOSTIC,    24, -4.260077526924e-01, 1.343583352478e-06, 4.9158e+01, 1.5188e+00, 
 2DIAGNOSTIC,    25, -4.260076610654e-01, 1.301585624898e-06, 5.0888e+01, 1.7302e+00, 
 2DIAGNOSTIC,    26, -4.260075645672e-01, 1.252062097647e-06, 5.2228e+01, 1.3402e+00, 
 2DIAGNOSTIC,    27, -4.260074714649e-01, 1.201483411407e-06, 5.3609e+01, 1.3812e+00, 
 2DIAGNOSTIC,    28, -4.260070785712e-01, 1.139003176553e-06, 5.4983e+01, 1.3735e+00, 
 2DIAGNOSTIC,    29, -4.260075143086e-01, 1.084255971333e-06, 5.6477e+01, 1.4946e+00, 
 2DIAGNOSTIC,    30, -4.260077484820e-01, 1.039164465706e-06, 5.8130e+01, 1.6530e+00, 
 2DIAGNOSTIC,    31, -4.260075750145e-01, 1.008745020230e-06, 5.9649e+01, 1.5189e+00, 
  Elapsed time (stage 0): 6.0587e+01


Total elapsed time: 6.0590e+01
Info [verificarlo]: loaded backend libinterflop_ieee.so
Info [interflop-ieee]: load backend with:
Info [interflop-ieee]: debug = false
Info [interflop-ieee]: debug-binary = false
Info [interflop-ieee]: no-backend-name = false
Info [interflop-ieee]: print-new-line = false
Info [interflop-ieee]: print-subnormal-normalized = false
Info [interflop-ieee]: count-op = false
All_Command_lines_OK
Using double precision for computations.
=============================================================================
The composite transform comprises the following transforms (in order): 
  1. /home/mdugre/scratch/mri-registration-rp/datasets/ds004513/derivatives/mri-registration-rp/0001/antsRegistration-r7-p13/sub-s033/rigid_Composite.h5[0] (type = Euler3DTransform)
  2. /home/mdugre/scratch/mri-registration-rp/datasets/ds004513/derivatives/mri-registration-rp/0001/antsRegistration-r7-p13/sub-s033/rigid_Composite.h5[1] (type = Euler3DTransform)
  3. /home/mdugre/scratch/mri-registration-rp/datasets/ds004513/derivatives/mri-registration-rp/0001/antsRegistration-r7-p13/sub-s033/rigid_Composite.h5[2] (type = Euler3DTransform)
=============================================================================
  number of levels = 4
  fixed image: /templateflow/tpl-MNI152NLin2009cAsym/tpl-MNI152NLin2009cAsym_res-01_desc-brain_T1w.nii.gz
  moving image: /home/mdugre/scratch/mri-registration-rp/datasets/ds004513/derivatives/mri-registration-rp/antsBrainExtraction/sub-s033/BrainExtractionBrain.nii.gz
Dimension = 3
Number of stages = 1
Use histogram matching = false
Winsorize image intensities = true
  Lower quantile = 0.005
  Upper quantile = 0.995


Stage 1 State
   Image metric = MattesMI
     Fixed image = Image (0x34de7e0)
  RTTI typeinfo:   itk::Image<double, 3u>
  Reference Count: 2
  Modified Time: 1592
  Debug: Off
  Object Name: 
  Observers: 
    none
  Source: (none)
  Source output name: (none)
  Release Data: Off
  Data Released: False
  Global Release Data: Off
  PipelineMTime: 0
  UpdateMTime: 1203
  RealTimeStamp: 0 seconds 
  LargestPossibleRegion: 
    Dimension: 3
    Index: [0, 0, 0]
    Size: [193, 229, 193]
  BufferedRegion: 
    Dimension: 3
    Index: [0, 0, 0]
    Size: [193, 229, 193]
  RequestedRegion: 
    Dimension: 3
    Index: [0, 0, 0]
    Size: [193, 229, 193]
  Spacing: [1, 1, 1]
  Origin: [96, 132, -78]
  Direction: 
-1 0 0
0 -1 0
0 0 1

  IndexToPointMatrix: 
-1 0 0
0 -1 0
0 0 1

  PointToIndexMatrix: 
-1 0 0
0 -1 0
0 0 1

  Inverse Direction: 
-1 0 0
0 -1 0
0 0 1

  PixelContainer: 
    ImportImageContainer (0x359ea20)
      RTTI typeinfo:   itk::ImportImageContainer<unsigned long, double>
      Reference Count: 1
      Modified Time: 1200
      Debug: Off
      Object Name: 
      Observers: 
        none
      Pointer: 0x15362cae9010
      Container manages memory: true
      Size: 8530021
      Capacity: 8530021

     Moving image = Image (0x3599d70)
  RTTI typeinfo:   itk::Image<double, 3u>
  Reference Count: 2
  Modified Time: 1593
  Debug: Off
  Object Name: 
  Observers: 
    none
  Source: (none)
  Source output name: (none)
  Release Data: Off
  Data Released: False
  Global Release Data: Off
  PipelineMTime: 0
  UpdateMTime: 1590
  RealTimeStamp: 0 seconds 
  LargestPossibleRegion: 
    Dimension: 3
    Index: [0, 0, 0]
    Size: [160, 240, 256]
  BufferedRegion: 
    Dimension: 3
    Index: [0, 0, 0]
    Size: [160, 240, 256]
  RequestedRegion: 
    Dimension: 3
    Index: [0, 0, 0]
    Size: [160, 240, 256]
  Spacing: [1, 1, 1]
  Origin: [91.5134, 94.282, -109.927]
  Direction: 
-0.99591 -0.0698718 -0.0572835
0.0697565 -0.997556 0.00401236
-0.0574239 5.01125e-08 0.99835

  IndexToPointMatrix: 
-0.99591 -0.0698718 -0.0572835
0.0697565 -0.997556 0.00401236
-0.0574239 5.01125e-08 0.99835

  PointToIndexMatrix: 
-0.99591 0.0697565 -0.0574239
-0.0698718 -0.997556 5.01483e-08
-0.0572835 0.00401236 0.99835

  Inverse Direction: 
-0.99591 0.0697565 -0.0574239
-0.0698718 -0.997556 5.01483e-08
-0.0572835 0.00401236 0.99835

  PixelContainer: 
    ImportImageContainer (0x3551c90)
      RTTI typeinfo:   itk::ImportImageContainer<unsigned long, double>
      Reference Count: 1
      Modified Time: 1587
      Debug: Off
      Object Name: 
      Observers: 
        none
      Pointer: 0x153627fe8010
      Container manages memory: true
      Size: 9830400
      Capacity: 9830400

     Weighting = 1
     Sampling strategy = regular
     Number of bins = 32
     Radius = 4
     Sampling percentage  = 0.25
   Transform = Affine
     Gradient step = 0.1
     Update field sigma (voxel space) = 0
     Total field sigma (voxel space) = 0
     Update field time sigma = 0
     Total field time sigma  = 0
     Number of time indices = 0
     Number of time point samples = 0
Registration using 1 total stages.

Stage 0
  iterations = 1000x500x250x100
  convergence threshold = 1e-06
  convergence window size = 10
  number of levels = 4
  using the Mattes MI metric (number of bins = 32, weight = 1, use gradient filter = 0)
  preprocessing:  winsorizing the image intensities
  Shrink factors (level 1 out of 4): [8, 8, 8]
  Shrink factors (level 2 out of 4): [4, 4, 4]
  Shrink factors (level 3 out of 4): [2, 2, 2]
  Shrink factors (level 4 out of 4): [1, 1, 1]
  smoothing sigmas per level: [3, 2, 1, 0]
  regular sampling (percentage = 0.25)

*** Running AffineTransform registration ***

DIAGNOSTIC,Iteration,metricValue,convergenceValue,ITERATION_TIME_INDEX,SINCE_LAST
 2DIAGNOSTIC,     1, -6.382810752136e-01, 1.797693134862e+308, 8.1344e-01, 8.1344e-01, 
 2DIAGNOSTIC,     2, -6.407465586098e-01, 1.797693134862e+308, 8.1881e-01, 5.3680e-03, 
 2DIAGNOSTIC,     3, -6.451565497177e-01, 1.797693134862e+308, 8.2363e-01, 4.8220e-03, 
 2DIAGNOSTIC,     4, -6.521824137507e-01, 1.797693134862e+308, 8.2929e-01, 5.6581e-03, 
 2DIAGNOSTIC,     5, -6.630833060971e-01, 1.797693134862e+308, 8.3373e-01, 4.4410e-03, 
 2DIAGNOSTIC,     6, -6.815408776328e-01, 1.797693134862e+308, 8.3832e-01, 4.5910e-03, 
 2DIAGNOSTIC,     7, -7.249758833025e-01, 1.797693134862e+308, 8.4395e-01, 5.6281e-03, 
 2DIAGNOSTIC,     8, -8.402383316551e-01, 1.797693134862e+308, 8.4896e-01, 5.0111e-03, 
 2DIAGNOSTIC,     9, -8.669887393119e-01, 1.797693134862e+308, 8.5670e-01, 7.7419e-03, 
 2DIAGNOSTIC,    10, -8.690151419569e-01, 2.370862532445e-02, 8.6175e-01, 5.0468e-03, 
 2DIAGNOSTIC,    11, -8.788580943264e-01, 2.366199472187e-02, 8.6661e-01, 4.8561e-03, 
 2DIAGNOSTIC,    12, -8.887439340839e-01, 2.187446743106e-02, 8.7154e-01, 4.9350e-03, 
 2DIAGNOSTIC,    13, -8.929112316601e-01, 1.863995109153e-02, 8.7700e-01, 5.4641e-03, 
 2DIAGNOSTIC,    14, -8.986793214738e-01, 1.459618274631e-02, 8.8252e-01, 5.5151e-03, 
 2DIAGNOSTIC,    15, -9.051773428884e-01, 1.031721508841e-02, 8.8954e-01, 7.0250e-03, 
 2DIAGNOSTIC,    16, -9.052609116140e-01, 6.142738263582e-03, 8.9586e-01, 6.3169e-03, 
 2DIAGNOSTIC,    17, -9.054081587169e-01, 2.822408015102e-03, 9.0148e-01, 5.6200e-03, 
 2DIAGNOSTIC,    18, -9.052651586206e-01, 1.920694646842e-03, 9.0645e-01, 4.9670e-03, 
 2DIAGNOSTIC,    19, -9.053417536481e-01, 1.448827542849e-03, 9.1137e-01, 4.9260e-03, 
 2DIAGNOSTIC,    20, -9.056308149824e-01, 9.325997878380e-04, 9.1631e-01, 4.9379e-03, 
 2DIAGNOSTIC,    21, -9.057906218993e-01, 5.479087230714e-04, 9.2198e-01, 5.6639e-03, 
 2DIAGNOSTIC,    22, -9.059082323747e-01, 3.097138122799e-04, 9.2690e-01, 4.9260e-03, 
 2DIAGNOSTIC,    23, -9.059075718544e-01, 1.269585466982e-04, 9.3194e-01, 5.0368e-03, 
 2DIAGNOSTIC,    24, -9.060847199007e-01, 3.177495042846e-05, 9.3693e-01, 4.9889e-03, 
 2DIAGNOSTIC,    25, -9.061400173328e-01, 3.169679114693e-05, 9.4186e-01, 4.9279e-03, 
 2DIAGNOSTIC,    26, -9.063737259910e-01, 3.283937466859e-05, 9.4679e-01, 4.9388e-03, 
 2DIAGNOSTIC,    27, -9.065864702295e-01, 3.551828220021e-05, 9.5350e-01, 6.7101e-03, 
 2DIAGNOSTIC,    28, -9.066214222021e-01, 3.346669568350e-05, 9.6062e-01, 7.1139e-03, 
 2DIAGNOSTIC,    29, -9.061311021480e-01, 2.368093936408e-05, 9.6668e-01, 6.0608e-03, 
 2DIAGNOSTIC,    30, -9.059978317885e-01, 1.436485208639e-05, 9.7322e-01, 6.5370e-03, 
 2DIAGNOSTIC,    31, -9.060242188553e-01, 6.390353074044e-06, 9.7818e-01, 4.9601e-03, 
DIAGNOSTIC,Iteration,metricValue,convergenceValue,ITERATION_TIME_INDEX,SINCE_LAST
 2DIAGNOSTIC,     1, -7.439577053730e-01, 1.797693134862e+308, 1.6640e+00, 6.8584e-01, 
 2DIAGNOSTIC,     2, -7.448082060732e-01, 1.797693134862e+308, 1.7007e+00, 3.6688e-02, 
 2DIAGNOSTIC,     3, -7.457617954439e-01, 1.797693134862e+308, 1.7379e+00, 3.7210e-02, 
 2DIAGNOSTIC,     4, -7.465205717439e-01, 1.797693134862e+308, 1.7749e+00, 3.6949e-02, 
 2DIAGNOSTIC,     5, -7.471928276789e-01, 1.797693134862e+308, 1.8150e+00, 4.0174e-02, 
 2DIAGNOSTIC,     6, -7.483572288120e-01, 1.797693134862e+308, 1.8797e+00, 6.4696e-02, 
 2DIAGNOSTIC,     7, -7.483855771471e-01, 1.797693134862e+308, 1.9198e+00, 4.0051e-02, 
 2DIAGNOSTIC,     8, -7.483765778545e-01, 1.797693134862e+308, 1.9604e+00, 4.0646e-02, 
 2DIAGNOSTIC,     9, -7.483744682966e-01, 1.797693134862e+308, 2.0007e+00, 4.0227e-02, 
 2DIAGNOSTIC,    10, -7.483761120322e-01, 4.001143120585e-04, 2.0363e+00, 3.5678e-02, 
 2DIAGNOSTIC,    11, -7.483854339787e-01, 2.698662769232e-04, 2.0729e+00, 3.6605e-02, 
 2DIAGNOSTIC,    12, -7.484053506315e-01, 1.646221900234e-04, 2.1092e+00, 3.6270e-02, 
 2DIAGNOSTIC,    13, -7.484499390822e-01, 9.031552578009e-05, 2.1462e+00, 3.6945e-02, 
 2DIAGNOSTIC,    14, -7.484732013664e-01, 3.974804503391e-05, 2.1860e+00, 3.9888e-02, 
 2DIAGNOSTIC,    15, -7.485088688473e-01, 9.617529611941e-06, 2.2259e+00, 3.9846e-02, 
 2DIAGNOSTIC,    16, -7.485538866876e-01, 1.128011338704e-05, 2.2663e+00, 4.0443e-02, 
 2DIAGNOSTIC,    17, -7.485782714999e-01, 1.305394585170e-05, 2.3091e+00, 4.2721e-02, 
 2DIAGNOSTIC,    18, -7.485586573703e-01, 1.298802449207e-05, 2.3502e+00, 4.1117e-02, 
 2DIAGNOSTIC,    19, -7.485802090764e-01, 1.230411183489e-05, 2.3868e+00, 3.6585e-02, 
 2DIAGNOSTIC,    20, -7.486223052393e-01, 1.152063299857e-05, 2.4231e+00, 3.6361e-02, 
 2DIAGNOSTIC,    21, -7.486675125161e-01, 1.083936897100e-05, 2.4639e+00, 4.0752e-02, 
 2DIAGNOSTIC,    22, -7.486472573500e-01, 9.320402572455e-06, 2.5046e+00, 4.0700e-02, 
 2DIAGNOSTIC,    23, -7.486511472135e-01, 8.038792600785e-06, 2.5446e+00, 4.0028e-02, 
 2DIAGNOSTIC,    24, -7.486434256081e-01, 6.484054734669e-06, 2.5934e+00, 4.8829e-02, 
 2DIAGNOSTIC,    25, -7.486308833750e-01, 4.885472817760e-06, 2.6301e+00, 3.6707e-02, 
 2DIAGNOSTIC,    26, -7.486335211944e-01, 3.750664638695e-06, 2.6695e+00, 3.9408e-02, 
 2DIAGNOSTIC,    27, -7.486371601741e-01, 2.874912998163e-06, 2.7055e+00, 3.5969e-02, 
 2DIAGNOSTIC,    28, -7.486101067174e-01, 1.273864401845e-06, 2.7472e+00, 4.1671e-02, 
DIAGNOSTIC,Iteration,metricValue,convergenceValue,ITERATION_TIME_INDEX,SINCE_LAST
 2DIAGNOSTIC,     1, -6.324388499553e-01, 1.797693134862e+308, 3.8944e+00, 1.1472e+00, 
 2DIAGNOSTIC,     2, -6.330426926506e-01, 1.797693134862e+308, 4.1845e+00, 2.9007e-01, 
 2DIAGNOSTIC,     3, -6.336962649090e-01, 1.797693134862e+308, 4.4816e+00, 2.9711e-01, 
 2DIAGNOSTIC,     4, -6.345221689012e-01, 1.797693134862e+308, 4.7680e+00, 2.8639e-01, 
 2DIAGNOSTIC,     5, -6.368229825732e-01, 1.797693134862e+308, 5.3078e+00, 5.3982e-01, 
 2DIAGNOSTIC,     6, -6.368150238041e-01, 1.797693134862e+308, 5.6408e+00, 3.3300e-01, 
 2DIAGNOSTIC,     7, -6.368131191812e-01, 1.797693134862e+308, 6.1401e+00, 4.9932e-01, 
 2DIAGNOSTIC,     8, -6.368140765906e-01, 1.797693134862e+308, 6.4850e+00, 3.4484e-01, 
 2DIAGNOSTIC,     9, -6.368109610396e-01, 1.797693134862e+308, 6.8719e+00, 3.8690e-01, 
 2DIAGNOSTIC,    10, -6.368115730503e-01, 4.916663354003e-04, 7.2154e+00, 3.4356e-01, 
 2DIAGNOSTIC,    11, -6.368096100005e-01, 3.318129481817e-04, 7.5441e+00, 3.2871e-01, 
 2DIAGNOSTIC,    12, -6.368087507292e-01, 1.927012710526e-04, 7.8726e+00, 3.2846e-01, 
 2DIAGNOSTIC,    13, -6.368076923952e-01, 8.044288194028e-05, 8.1936e+00, 3.2103e-01, 
 2DIAGNOSTIC,    14, -6.368067004294e-01, 1.390010743743e-06, 8.5241e+00, 3.3048e-01, 
 2DIAGNOSTIC,    15, -6.368056574010e-01, 1.503530534311e-06, 8.8216e+00, 2.9753e-01, 
 2DIAGNOSTIC,    16, -6.368048684775e-01, 1.416769320320e-06, 9.1399e+00, 3.1822e-01, 
 2DIAGNOSTIC,    17, -6.368052709573e-01, 1.352650274102e-06, 9.4451e+00, 3.0520e-01, 
 2DIAGNOSTIC,    18, -6.368042566480e-01, 1.343645047662e-06, 9.7331e+00, 2.8801e-01, 
 2DIAGNOSTIC,    19, -6.368021007545e-01, 1.250843267998e-06, 1.0062e+01, 3.2857e-01, 
 2DIAGNOSTIC,    20, -6.368013560273e-01, 1.206313095081e-06, 1.0362e+01, 3.0064e-01, 
 2DIAGNOSTIC,    21, -6.368010666025e-01, 1.153844623347e-06, 1.0676e+01, 3.1404e-01, 
 2DIAGNOSTIC,    22, -6.368004712825e-01, 1.109752805512e-06, 1.0995e+01, 3.1856e-01, 
 2DIAGNOSTIC,    23, -6.367984536533e-01, 1.041882894952e-06, 1.1266e+01, 2.7096e-01, 
DIAGNOSTIC,Iteration,metricValue,convergenceValue,ITERATION_TIME_INDEX,SINCE_LAST
 2DIAGNOSTIC,     1, -5.628347695193e-01, 1.797693134862e+308, 1.4125e+01, 2.8593e+00, 
 2DIAGNOSTIC,     2, -5.630198709534e-01, 1.797693134862e+308, 1.5870e+01, 1.7445e+00, 
 2DIAGNOSTIC,     3, -5.632028235698e-01, 1.797693134862e+308, 1.7639e+01, 1.7690e+00, 
 2DIAGNOSTIC,     4, -5.635158079981e-01, 1.797693134862e+308, 1.9772e+01, 2.1330e+00, 
 2DIAGNOSTIC,     5, -5.639510762556e-01, 1.797693134862e+308, 2.2229e+01, 2.4571e+00, 
 2DIAGNOSTIC,     6, -5.639581369356e-01, 1.797693134862e+308, 2.5585e+01, 3.3560e+00, 
 2DIAGNOSTIC,     7, -5.639581241536e-01, 1.797693134862e+308, 2.7703e+01, 2.1185e+00, 
 2DIAGNOSTIC,     8, -5.639579974620e-01, 1.797693134862e+308, 3.0538e+01, 2.8347e+00, 
 2DIAGNOSTIC,     9, -5.639580203480e-01, 1.797693134862e+308, 3.2577e+01, 2.0391e+00, 
 2DIAGNOSTIC,    10, -5.639575722592e-01, 1.383327574985e-04, 3.4939e+01, 2.3615e+00, 
 2DIAGNOSTIC,    11, -5.639576864409e-01, 9.048535282992e-05, 3.6975e+01, 2.0363e+00, 
 2DIAGNOSTIC,    12, -5.639575282474e-01, 5.076853505968e-05, 3.8950e+01, 1.9749e+00, 
 2DIAGNOSTIC,    13, -5.639577568250e-01, 1.978465885236e-05, 4.1049e+01, 2.0987e+00, 
 2DIAGNOSTIC,    14, -5.639575539741e-01, 2.471428767969e-06, 4.2712e+01, 1.6638e+00, 
 2DIAGNOSTIC,    15, -5.639573683577e-01, 2.066144247373e-06, 4.5177e+01, 2.4651e+00, 
 2DIAGNOSTIC,    16, -5.639573168142e-01, 1.937655837045e-06, 4.7175e+01, 1.9971e+00, 
 2DIAGNOSTIC,    17, -5.639571840099e-01, 1.824502993165e-06, 4.9063e+01, 1.8887e+00, 
 2DIAGNOSTIC,    18, -5.639570813898e-01, 1.721691430243e-06, 5.1007e+01, 1.9442e+00, 
 2DIAGNOSTIC,    19, -5.639570578179e-01, 1.634367227096e-06, 5.2930e+01, 1.9220e+00, 
 2DIAGNOSTIC,    20, -5.639570867675e-01, 1.548960363598e-06, 5.4886e+01, 1.9566e+00, 
 2DIAGNOSTIC,    21, -5.639571899667e-01, 1.480898260894e-06, 5.6837e+01, 1.9504e+00, 
 2DIAGNOSTIC,    22, -5.639571928626e-01, 1.418387745478e-06, 5.8878e+01, 2.0416e+00, 
 2DIAGNOSTIC,    23, -5.639571168850e-01, 1.367415585138e-06, 6.1001e+01, 2.1229e+00, 
 2DIAGNOSTIC,    24, -5.639572290801e-01, 1.320434229610e-06, 6.3899e+01, 2.8974e+00, 
 2DIAGNOSTIC,    25, -5.639571460503e-01, 1.272158812952e-06, 6.6126e+01, 2.2279e+00, 
 2DIAGNOSTIC,    26, -5.639567813202e-01, 1.219632225359e-06, 6.8277e+01, 2.1502e+00, 
 2DIAGNOSTIC,    27, -5.639567248437e-01, 1.168115479240e-06, 7.0345e+01, 2.0684e+00, 
 2DIAGNOSTIC,    28, -5.639563918365e-01, 1.113396675176e-06, 7.2028e+01, 1.6831e+00, 
 2DIAGNOSTIC,    29, -5.639564267936e-01, 1.064849318437e-06, 7.3878e+01, 1.8498e+00, 
 2DIAGNOSTIC,    30, -5.639564958751e-01, 1.024106528615e-06, 7.5720e+01, 1.8419e+00, 
  Elapsed time (stage 0): 7.6819e+01


Total elapsed time: 7.6822e+01
Info [verificarlo]: loaded backend libinterflop_vprec.so
Info [interflop-vprec]: load backend with: 
Info [interflop-vprec]: precision-binary32 = 13
Info [interflop-vprec]: range-binary32 = 7
Info [interflop-vprec]: precision-binary64 = 13
Info [interflop-vprec]: range-binary64 = 7
Info [interflop-vprec]: mode = ob
Info [interflop-vprec]: error-mode = rel
Info [interflop-vprec]: max-abs-error-exponent = -1022
