
##########################
# Experiment information #
##########################

EXPERIMENT_NAME: antsRegistration-r8-p6
VFC_BACKENDS: libinterflop_vprec.so --range-binary32=8 --precision-binary32=6 --range-binary64=8 --precision-binary64=6

SIF_IMG: /home/mdugre/projects/rrg-glatard/mdugre/containers/ants-vprec-no_metrics.simg

SUBJECT_ID: s033
INPUT_IMG: /home/mdugre/scratch/mri-registration-rp/datasets/ds004513/derivatives/mri-registration-rp/antsBrainExtraction/sub-s033/BrainExtractionBrain.nii.gz
OUTPUT_DIR: /home/mdugre/scratch/mri-registration-rp/datasets/ds004513/derivatives/mri-registration-rp/0001/antsRegistration-r8-p6/sub-s033

FIXED_IMG: /templateflow/tpl-MNI152NLin2009cAsym/tpl-MNI152NLin2009cAsym_res-01_desc-brain_T1w.nii.gz
DATA_DIR: /home/mdugre/scratch/mri-registration-rp/datasets/ds004513
TEMPLATEFLOW_DIR: /home/mdugre/projects/rrg-glatard/mdugre/templateflow
ITK_GLOBAL_DEFAULT_NUMBER_OF_THREADS: 16
##########################

Info [verificarlo]: loaded backend libinterflop_ieee.so
Info [interflop-ieee]: load backend with:
Info [interflop-ieee]: debug = false
Info [interflop-ieee]: debug-binary = false
Info [interflop-ieee]: no-backend-name = false
Info [interflop-ieee]: print-new-line = false
Info [interflop-ieee]: print-subnormal-normalized = false
Info [interflop-ieee]: count-op = false
All_Command_lines_OK
Using double precision for computations.
=============================================================================
The composite transform comprises the following transforms (in order): 
  1. Center of mass alignment using fixed image: /templateflow/tpl-MNI152NLin2009cAsym/tpl-MNI152NLin2009cAsym_res-01_desc-brain_T1w.nii.gz and moving image: /home/mdugre/scratch/mri-registration-rp/datasets/ds004513/derivatives/mri-registration-rp/antsBrainExtraction/sub-s033/BrainExtractionBrain.nii.gz (type = Euler3DTransform)
=============================================================================
  number of levels = 1
  fixed image: /templateflow/tpl-MNI152NLin2009cAsym/tpl-MNI152NLin2009cAsym_res-01_desc-brain_T1w.nii.gz
  moving image: /home/mdugre/scratch/mri-registration-rp/datasets/ds004513/derivatives/mri-registration-rp/antsBrainExtraction/sub-s033/BrainExtractionBrain.nii.gz
Dimension = 3
Number of stages = 1
Use histogram matching = false
Winsorize image intensities = true
  Lower quantile = 0.005
  Upper quantile = 0.995


Stage 1 State
   Image metric = MattesMI
     Fixed image = Image (0x3ff4bd0)
  RTTI typeinfo:   itk::Image<double, 3u>
  Reference Count: 2
  Modified Time: 2330
  Debug: Off
  Object Name: 
  Observers: 
    none
  Source: (none)
  Source output name: (none)
  Release Data: Off
  Data Released: False
  Global Release Data: Off
  PipelineMTime: 0
  UpdateMTime: 1941
  RealTimeStamp: 0 seconds 
  LargestPossibleRegion: 
    Dimension: 3
    Index: [0, 0, 0]
    Size: [193, 229, 193]
  BufferedRegion: 
    Dimension: 3
    Index: [0, 0, 0]
    Size: [193, 229, 193]
  RequestedRegion: 
    Dimension: 3
    Index: [0, 0, 0]
    Size: [193, 229, 193]
  Spacing: [1, 1, 1]
  Origin: [96, 132, -78]
  Direction: 
-1 0 0
0 -1 0
0 0 1

  IndexToPointMatrix: 
-1 0 0
0 -1 0
0 0 1

  PointToIndexMatrix: 
-1 0 0
0 -1 0
0 0 1

  Inverse Direction: 
-1 0 0
0 -1 0
0 0 1

  PixelContainer: 
    ImportImageContainer (0x3ffd9e0)
      RTTI typeinfo:   itk::ImportImageContainer<unsigned long, double>
      Reference Count: 1
      Modified Time: 1938
      Debug: Off
      Object Name: 
      Observers: 
        none
      Pointer: 0x147b9c655010
      Container manages memory: true
      Size: 8530021
      Capacity: 8530021

     Moving image = Image (0x3ffe910)
  RTTI typeinfo:   itk::Image<double, 3u>
  Reference Count: 2
  Modified Time: 2331
  Debug: Off
  Object Name: 
  Observers: 
    none
  Source: (none)
  Source output name: (none)
  Release Data: Off
  Data Released: False
  Global Release Data: Off
  PipelineMTime: 0
  UpdateMTime: 2328
  RealTimeStamp: 0 seconds 
  LargestPossibleRegion: 
    Dimension: 3
    Index: [0, 0, 0]
    Size: [160, 240, 256]
  BufferedRegion: 
    Dimension: 3
    Index: [0, 0, 0]
    Size: [160, 240, 256]
  RequestedRegion: 
    Dimension: 3
    Index: [0, 0, 0]
    Size: [160, 240, 256]
  Spacing: [1, 1, 1]
  Origin: [91.5134, 94.282, -109.927]
  Direction: 
-0.99591 -0.0698718 -0.0572835
0.0697565 -0.997556 0.00401236
-0.0574239 5.01125e-08 0.99835

  IndexToPointMatrix: 
-0.99591 -0.0698718 -0.0572835
0.0697565 -0.997556 0.00401236
-0.0574239 5.01125e-08 0.99835

  PointToIndexMatrix: 
-0.99591 0.0697565 -0.0574239
-0.0698718 -0.997556 5.01483e-08
-0.0572835 0.00401236 0.99835

  Inverse Direction: 
-0.99591 0.0697565 -0.0574239
-0.0698718 -0.997556 5.01483e-08
-0.0572835 0.00401236 0.99835

  PixelContainer: 
    ImportImageContainer (0x40e4a50)
      RTTI typeinfo:   itk::ImportImageContainer<unsigned long, double>
      Reference Count: 1
      Modified Time: 2325
      Debug: Off
      Object Name: 
      Observers: 
        none
      Pointer: 0x147b97b54010
      Container manages memory: true
      Size: 9830400
      Capacity: 9830400

     Weighting = 1
     Sampling strategy = regular
     Number of bins = 32
     Radius = 4
     Sampling percentage  = 0.25
   Transform = Rigid
     Gradient step = 0.1
     Update field sigma (voxel space) = 0
     Total field sigma (voxel space) = 0
     Update field time sigma = 0
     Total field time sigma  = 0
     Number of time indices = 0
     Number of time point samples = 0
Registration using 1 total stages.

Stage 0
  iterations = 0
  convergence threshold = 1e-06
  convergence window size = 10
  number of levels = 1
  using the Mattes MI metric (number of bins = 32, weight = 1, use gradient filter = 0)
  preprocessing:  winsorizing the image intensities
  Shrink factors (level 1 out of 1): [1, 1, 1]
  smoothing sigmas per level: [0]
  regular sampling (percentage = 0.25)

*** Running Euler3DTransform registration ***

  Elapsed time (stage 0): 1.10891


Total elapsed time: 1.11146
Info [verificarlo]: loaded backend libinterflop_ieee.so
Info [interflop-ieee]: load backend with:
Info [interflop-ieee]: debug = false
Info [interflop-ieee]: debug-binary = false
Info [interflop-ieee]: no-backend-name = false
Info [interflop-ieee]: print-new-line = false
Info [interflop-ieee]: print-subnormal-normalized = false
Info [interflop-ieee]: count-op = false
All_Command_lines_OK
Using double precision for computations.
=============================================================================
The composite transform comprises the following transforms (in order): 
  1. /home/mdugre/scratch/mri-registration-rp/datasets/ds004513/derivatives/mri-registration-rp/0001/antsRegistration-r8-p6/sub-s033/align_Composite.h5[0] (type = Euler3DTransform)
  2. /home/mdugre/scratch/mri-registration-rp/datasets/ds004513/derivatives/mri-registration-rp/0001/antsRegistration-r8-p6/sub-s033/align_Composite.h5[1] (type = Euler3DTransform)
=============================================================================
  number of levels = 4
  fixed image: /templateflow/tpl-MNI152NLin2009cAsym/tpl-MNI152NLin2009cAsym_res-01_desc-brain_T1w.nii.gz
  moving image: /home/mdugre/scratch/mri-registration-rp/datasets/ds004513/derivatives/mri-registration-rp/antsBrainExtraction/sub-s033/BrainExtractionBrain.nii.gz
Dimension = 3
Number of stages = 1
Use histogram matching = false
Winsorize image intensities = true
  Lower quantile = 0.005
  Upper quantile = 0.995


Stage 1 State
   Image metric = MattesMI
     Fixed image = Image (0x3b8b530)
  RTTI typeinfo:   itk::Image<double, 3u>
  Reference Count: 2
  Modified Time: 1578
  Debug: Off
  Object Name: 
  Observers: 
    none
  Source: (none)
  Source output name: (none)
  Release Data: Off
  Data Released: False
  Global Release Data: Off
  PipelineMTime: 0
  UpdateMTime: 1189
  RealTimeStamp: 0 seconds 
  LargestPossibleRegion: 
    Dimension: 3
    Index: [0, 0, 0]
    Size: [193, 229, 193]
  BufferedRegion: 
    Dimension: 3
    Index: [0, 0, 0]
    Size: [193, 229, 193]
  RequestedRegion: 
    Dimension: 3
    Index: [0, 0, 0]
    Size: [193, 229, 193]
  Spacing: [1, 1, 1]
  Origin: [96, 132, -78]
  Direction: 
-1 0 0
0 -1 0
0 0 1

  IndexToPointMatrix: 
-1 0 0
0 -1 0
0 0 1

  PointToIndexMatrix: 
-1 0 0
0 -1 0
0 0 1

  Inverse Direction: 
-1 0 0
0 -1 0
0 0 1

  PixelContainer: 
    ImportImageContainer (0x3c49d60)
      RTTI typeinfo:   itk::ImportImageContainer<unsigned long, double>
      Reference Count: 1
      Modified Time: 1186
      Debug: Off
      Object Name: 
      Observers: 
        none
      Pointer: 0x149845646010
      Container manages memory: true
      Size: 8530021
      Capacity: 8530021

     Moving image = Image (0x3c3bf60)
  RTTI typeinfo:   itk::Image<double, 3u>
  Reference Count: 2
  Modified Time: 1579
  Debug: Off
  Object Name: 
  Observers: 
    none
  Source: (none)
  Source output name: (none)
  Release Data: Off
  Data Released: False
  Global Release Data: Off
  PipelineMTime: 0
  UpdateMTime: 1576
  RealTimeStamp: 0 seconds 
  LargestPossibleRegion: 
    Dimension: 3
    Index: [0, 0, 0]
    Size: [160, 240, 256]
  BufferedRegion: 
    Dimension: 3
    Index: [0, 0, 0]
    Size: [160, 240, 256]
  RequestedRegion: 
    Dimension: 3
    Index: [0, 0, 0]
    Size: [160, 240, 256]
  Spacing: [1, 1, 1]
  Origin: [91.5134, 94.282, -109.927]
  Direction: 
-0.99591 -0.0698718 -0.0572835
0.0697565 -0.997556 0.00401236
-0.0574239 5.01125e-08 0.99835

  IndexToPointMatrix: 
-0.99591 -0.0698718 -0.0572835
0.0697565 -0.997556 0.00401236
-0.0574239 5.01125e-08 0.99835

  PointToIndexMatrix: 
-0.99591 0.0697565 -0.0574239
-0.0698718 -0.997556 5.01483e-08
-0.0572835 0.00401236 0.99835

  Inverse Direction: 
-0.99591 0.0697565 -0.0574239
-0.0698718 -0.997556 5.01483e-08
-0.0572835 0.00401236 0.99835

  PixelContainer: 
    ImportImageContainer (0x3c2d6d0)
      RTTI typeinfo:   itk::ImportImageContainer<unsigned long, double>
      Reference Count: 1
      Modified Time: 1573
      Debug: Off
      Object Name: 
      Observers: 
        none
      Pointer: 0x149840b45010
      Container manages memory: true
      Size: 9830400
      Capacity: 9830400

     Weighting = 1
     Sampling strategy = regular
     Number of bins = 32
     Radius = 4
     Sampling percentage  = 0.25
   Transform = Rigid
     Gradient step = 0.1
     Update field sigma (voxel space) = 0
     Total field sigma (voxel space) = 0
     Update field time sigma = 0
     Total field time sigma  = 0
     Number of time indices = 0
     Number of time point samples = 0
Registration using 1 total stages.

Stage 0
  iterations = 1000x500x250x100
  convergence threshold = 1e-06
  convergence window size = 10
  number of levels = 4
  using the Mattes MI metric (number of bins = 32, weight = 1, use gradient filter = 0)
  preprocessing:  winsorizing the image intensities
  Shrink factors (level 1 out of 4): [8, 8, 8]
  Shrink factors (level 2 out of 4): [4, 4, 4]
  Shrink factors (level 3 out of 4): [2, 2, 2]
  Shrink factors (level 4 out of 4): [1, 1, 1]
  smoothing sigmas per level: [3, 2, 1, 0]
  regular sampling (percentage = 0.25)

*** Running Euler3DTransform registration ***

DIAGNOSTIC,Iteration,metricValue,convergenceValue,ITERATION_TIME_INDEX,SINCE_LAST
 2DIAGNOSTIC,     1, -4.945365495269e-01, 1.797693134862e+308, 8.2861e-01, 8.2861e-01, 
 2DIAGNOSTIC,     2, -4.961551199262e-01, 1.797693134862e+308, 8.3402e-01, 5.4071e-03, 
 2DIAGNOSTIC,     3, -4.991207097076e-01, 1.797693134862e+308, 8.3908e-01, 5.0552e-03, 
 2DIAGNOSTIC,     4, -5.030359852117e-01, 1.797693134862e+308, 8.4360e-01, 4.5259e-03, 
 2DIAGNOSTIC,     5, -5.059125054655e-01, 1.797693134862e+308, 8.4822e-01, 4.6160e-03, 
 2DIAGNOSTIC,     6, -5.092815596254e-01, 1.797693134862e+308, 8.5273e-01, 4.5071e-03, 
 2DIAGNOSTIC,     7, -5.205915484568e-01, 1.797693134862e+308, 8.5803e-01, 5.3091e-03, 
 2DIAGNOSTIC,     8, -5.236677933913e-01, 1.797693134862e+308, 8.6244e-01, 4.4088e-03, 
 2DIAGNOSTIC,     9, -5.261653611514e-01, 1.797693134862e+308, 8.6735e-01, 4.9100e-03, 
 2DIAGNOSTIC,    10, -5.313843279548e-01, 4.956236851461e-03, 8.7213e-01, 4.7750e-03, 
 2DIAGNOSTIC,    11, -5.461121550605e-01, 5.255951709878e-03, 8.7812e-01, 5.9872e-03, 
 2DIAGNOSTIC,    12, -5.563506773260e-01, 5.544499219504e-03, 8.8293e-01, 4.8170e-03, 
 2DIAGNOSTIC,    13, -6.011783753084e-01, 7.240286203955e-03, 8.8962e-01, 6.6869e-03, 
 2DIAGNOSTIC,    14, -6.166052825021e-01, 8.701253899158e-03, 8.9444e-01, 4.8232e-03, 
 2DIAGNOSTIC,    15, -6.211428291658e-01, 9.416357351043e-03, 8.9906e-01, 4.6210e-03, 
 2DIAGNOSTIC,    16, -6.235432151946e-01, 9.368281936615e-03, 9.0414e-01, 5.0800e-03, 
 2DIAGNOSTIC,    17, -6.347577462830e-01, 9.145335032922e-03, 9.1040e-01, 6.2611e-03, 
 2DIAGNOSTIC,    18, -6.413138477160e-01, 8.359392957752e-03, 9.1573e-01, 5.3291e-03, 
 2DIAGNOSTIC,    19, -6.420802716919e-01, 6.980623472555e-03, 9.2206e-01, 6.3272e-03, 
 2DIAGNOSTIC,    20, -6.425493373491e-01, 5.272872604883e-03, 9.2656e-01, 4.4980e-03, 
 2DIAGNOSTIC,    21, -6.431795005448e-01, 3.641466685687e-03, 9.3214e-01, 5.5768e-03, 
 2DIAGNOSTIC,    22, -6.434078410857e-01, 2.049113998526e-03, 9.3676e-01, 4.6210e-03, 
 2DIAGNOSTIC,    23, -6.435083891073e-01, 1.381096901845e-03, 9.4202e-01, 5.2590e-03, 
 2DIAGNOSTIC,    24, -6.436807760720e-01, 9.688116412817e-04, 9.4774e-01, 5.7240e-03, 
 2DIAGNOSTIC,    25, -6.439989413491e-01, 6.014654084013e-04, 9.5397e-01, 6.2308e-03, 
 2DIAGNOSTIC,    26, -6.448361552453e-01, 2.655197231786e-04, 9.5852e-01, 4.5531e-03, 
 2DIAGNOSTIC,    27, -6.460796034358e-01, 1.536865837887e-04, 9.6363e-01, 5.1081e-03, 
 2DIAGNOSTIC,    28, -6.463976194831e-01, 1.550353576051e-04, 9.6828e-01, 4.6499e-03, 
 2DIAGNOSTIC,    29, -6.463935457337e-01, 1.547432195315e-04, 9.7275e-01, 4.4699e-03, 
 2DIAGNOSTIC,    30, -6.464392297783e-01, 1.482978399870e-04, 9.7777e-01, 5.0189e-03, 
 2DIAGNOSTIC,    31, -6.463723508478e-01, 1.368671253628e-04, 9.8235e-01, 4.5819e-03, 
 2DIAGNOSTIC,    32, -6.464254416721e-01, 1.173265350977e-04, 9.8803e-01, 5.6789e-03, 
 2DIAGNOSTIC,    33, -6.464354984304e-01, 8.969324620220e-05, 1.0025e+00, 1.4505e-02, 
 2DIAGNOSTIC,    34, -6.464354983974e-01, 5.811483953139e-05, 1.0170e+00, 1.4507e-02, 
 2DIAGNOSTIC,    35, -6.464354983974e-01, 2.735366432609e-05, 1.0238e+00, 6.8049e-03, 
 2DIAGNOSTIC,    36, -6.464354983974e-01, 6.561980082427e-06, 1.0290e+00, 5.1570e-03, 
 2DIAGNOSTIC,    37, -6.464354983974e-01, 2.244501543017e-06, 1.0350e+00, 5.9769e-03, 
 2DIAGNOSTIC,    38, -6.464354983974e-01, 1.990754930532e-06, 1.0402e+00, 5.2152e-03, 
 2DIAGNOSTIC,    39, -6.464354983974e-01, 1.582335297620e-06, 1.0465e+00, 6.2699e-03, 
 2DIAGNOSTIC,    40, -6.464354983974e-01, 1.698172014543e-06, 1.0516e+00, 5.0840e-03, 
DIAGNOSTIC,Iteration,metricValue,convergenceValue,ITERATION_TIME_INDEX,SINCE_LAST
 2DIAGNOSTIC,     1, -5.367244454581e-01, 1.797693134862e+308, 1.8026e+00, 7.5107e-01, 
 2DIAGNOSTIC,     2, -5.380313838730e-01, 1.797693134862e+308, 1.8330e+00, 3.0405e-02, 
 2DIAGNOSTIC,     3, -5.401731914524e-01, 1.797693134862e+308, 1.8644e+00, 3.1395e-02, 
 2DIAGNOSTIC,     4, -5.431881347509e-01, 1.797693134862e+308, 1.8945e+00, 3.0084e-02, 
 2DIAGNOSTIC,     5, -5.453557598476e-01, 1.797693134862e+308, 1.9252e+00, 3.0703e-02, 
 2DIAGNOSTIC,     6, -5.461088566282e-01, 1.797693134862e+308, 1.9542e+00, 2.8960e-02, 
 2DIAGNOSTIC,     7, -5.462086681970e-01, 1.797693134862e+308, 1.9884e+00, 3.4283e-02, 
 2DIAGNOSTIC,     8, -5.464869268550e-01, 1.797693134862e+308, 2.0266e+00, 3.8176e-02, 
 2DIAGNOSTIC,     9, -5.465850815413e-01, 1.797693134862e+308, 2.0681e+00, 4.1451e-02, 
 2DIAGNOSTIC,    10, -5.466464840721e-01, 1.224741180164e-03, 2.0983e+00, 3.0182e-02, 
 2DIAGNOSTIC,    11, -5.470487708796e-01, 8.391099398553e-04, 2.1302e+00, 3.1945e-02, 
 2DIAGNOSTIC,    12, -5.471506826157e-01, 5.042747960877e-04, 2.1621e+00, 3.1921e-02, 
 2DIAGNOSTIC,    13, -5.471747723219e-01, 2.608962602828e-04, 2.2024e+00, 4.0273e-02, 
 2DIAGNOSTIC,    14, -5.471893677043e-01, 1.401592482657e-04, 2.2354e+00, 3.3016e-02, 
 2DIAGNOSTIC,    15, -5.471839955087e-01, 9.761644922479e-05, 2.2686e+00, 3.3232e-02, 
 2DIAGNOSTIC,    16, -5.471599229487e-01, 7.527607384870e-05, 2.2970e+00, 2.8396e-02, 
 2DIAGNOSTIC,    17, -5.471662421498e-01, 5.183178775996e-05, 2.3256e+00, 2.8602e-02, 
 2DIAGNOSTIC,    18, -5.471747029209e-01, 3.478196791246e-05, 2.3583e+00, 3.2611e-02, 
 2DIAGNOSTIC,    19, -5.471813452019e-01, 1.945630526702e-05, 2.3903e+00, 3.2027e-02, 
 2DIAGNOSTIC,    20, -5.471662914727e-01, 4.969832610550e-06, 2.4188e+00, 2.8470e-02, 
 2DIAGNOSTIC,    21, -5.471844158986e-01, 1.951264588351e-06, 2.4508e+00, 3.2041e-02, 
 2DIAGNOSTIC,    22, -5.471946855572e-01, 1.794830290593e-06, 2.4797e+00, 2.8917e-02, 
 2DIAGNOSTIC,    23, -5.472309777615e-01, 2.955891403054e-06, 2.5089e+00, 2.9141e-02, 
 2DIAGNOSTIC,    24, -5.472460347277e-01, 4.500345775524e-06, 2.5430e+00, 3.4145e-02, 
 2DIAGNOSTIC,    25, -5.473225344158e-01, 7.130562308590e-06, 2.5739e+00, 3.0933e-02, 
 2DIAGNOSTIC,    26, -5.474469322299e-01, 1.098291100939e-05, 2.6028e+00, 2.8849e-02, 
 2DIAGNOSTIC,    27, -5.481013380177e-01, 2.630865800265e-05, 2.6350e+00, 3.2196e-02, 
 2DIAGNOSTIC,    28, -5.480678937046e-01, 3.738993647318e-05, 2.6744e+00, 3.9429e-02, 
 2DIAGNOSTIC,    29, -5.482084716516e-01, 4.712040394946e-05, 2.7097e+00, 3.5251e-02, 
 2DIAGNOSTIC,    30, -5.482082518767e-01, 5.166415050880e-05, 2.7420e+00, 3.2305e-02, 
 2DIAGNOSTIC,    31, -5.482014615919e-01, 5.125921754151e-05, 2.7742e+00, 3.2198e-02, 
 2DIAGNOSTIC,    32, -5.481815957118e-01, 4.582630935925e-05, 2.8028e+00, 2.8655e-02, 
 2DIAGNOSTIC,    33, -5.481718257305e-01, 3.689943203790e-05, 2.8328e+00, 2.9994e-02, 
 2DIAGNOSTIC,    34, -5.481825626527e-01, 2.560031569245e-05, 2.8641e+00, 3.1333e-02, 
 2DIAGNOSTIC,    35, -5.481838557529e-01, 1.379952221431e-05, 2.8936e+00, 2.9417e-02, 
 2DIAGNOSTIC,    36, -5.481854579862e-01, 3.009181906755e-06, 2.9218e+00, 2.8197e-02, 
 2DIAGNOSTIC,    37, -5.482631349728e-01, 2.936487592232e-06, 2.9535e+00, 3.1749e-02, 
 2DIAGNOSTIC,    38, -5.482856021559e-01, 2.436033661110e-06, 2.9882e+00, 3.4691e-02, 
 2DIAGNOSTIC,    39, -5.482706817936e-01, 3.481461831198e-06, 3.0223e+00, 3.4072e-02, 
 2DIAGNOSTIC,    40, -5.481987737344e-01, 3.304983462946e-06, 3.0560e+00, 3.3742e-02, 
 2DIAGNOSTIC,    41, -5.482804062123e-01, 3.879108000749e-06, 3.0890e+00, 3.3029e-02, 
 2DIAGNOSTIC,    42, -5.481859245557e-01, 2.659837462175e-06, 3.1247e+00, 3.5671e-02, 
 2DIAGNOSTIC,    43, -5.482756803178e-01, 2.302487344393e-06, 3.1629e+00, 3.8201e-02, 
 2DIAGNOSTIC,    44, -5.483025235863e-01, 2.248061976365e-06, 3.1957e+00, 3.2811e-02, 
 2DIAGNOSTIC,    45, -5.482811787101e-01, 1.830261740460e-06, 3.2299e+00, 3.4183e-02, 
 2DIAGNOSTIC,    46, -5.482645577263e-01, 1.147430844114e-06, 3.2639e+00, 3.4038e-02, 
 2DIAGNOSTIC,    47, -5.482548593170e-01, 1.197578018721e-06, 3.3552e+00, 9.1278e-02, 
 2DIAGNOSTIC,    48, -5.482548593158e-01, 1.432253727590e-06, 3.4300e+00, 7.4760e-02, 
 2DIAGNOSTIC,    49, -5.482548593158e-01, 1.429849889111e-06, 3.4702e+00, 4.0198e-02, 
DIAGNOSTIC,Iteration,metricValue,convergenceValue,ITERATION_TIME_INDEX,SINCE_LAST
 2DIAGNOSTIC,     1, -4.661873938364e-01, 1.797693134862e+308, 4.6185e+00, 1.1483e+00, 
 2DIAGNOSTIC,     2, -4.663634404359e-01, 1.797693134862e+308, 4.8604e+00, 2.4189e-01, 
 2DIAGNOSTIC,     3, -4.665065266048e-01, 1.797693134862e+308, 5.1356e+00, 2.7520e-01, 
 2DIAGNOSTIC,     4, -4.666272935838e-01, 1.797693134862e+308, 5.3806e+00, 2.4501e-01, 
 2DIAGNOSTIC,     5, -4.667166880364e-01, 1.797693134862e+308, 5.6499e+00, 2.6936e-01, 
 2DIAGNOSTIC,     6, -4.668667238762e-01, 1.797693134862e+308, 5.8988e+00, 2.4892e-01, 
 2DIAGNOSTIC,     7, -4.669697651599e-01, 1.797693134862e+308, 6.1726e+00, 2.7379e-01, 
 2DIAGNOSTIC,     8, -4.670258339746e-01, 1.797693134862e+308, 6.5101e+00, 3.3744e-01, 
 2DIAGNOSTIC,     9, -4.670791319504e-01, 1.797693134862e+308, 6.7516e+00, 2.4149e-01, 
 2DIAGNOSTIC,    10, -4.671177523195e-01, 1.313507451266e-04, 6.9921e+00, 2.4051e-01, 
 2DIAGNOSTIC,    11, -4.671984784574e-01, 1.051589863941e-04, 7.2385e+00, 2.4638e-01, 
 2DIAGNOSTIC,    12, -4.674361193840e-01, 9.491383761448e-05, 7.6220e+00, 3.8358e-01, 
 2DIAGNOSTIC,    13, -4.675162717427e-01, 8.805707006572e-05, 7.8628e+00, 2.4077e-01, 
 2DIAGNOSTIC,    14, -4.675732990235e-01, 8.220288538587e-05, 8.2156e+00, 3.5278e-01, 
 2DIAGNOSTIC,    15, -4.675740523213e-01, 7.348774071207e-05, 8.5108e+00, 2.9525e-01, 
 2DIAGNOSTIC,    16, -4.675763031626e-01, 6.504174950239e-05, 8.9311e+00, 4.2025e-01, 
 2DIAGNOSTIC,    17, -4.675763995092e-01, 5.533231391464e-05, 9.1464e+00, 2.1527e-01, 
 2DIAGNOSTIC,    18, -4.675746404106e-01, 4.352711911668e-05, 9.4011e+00, 2.5476e-01, 
 2DIAGNOSTIC,    19, -4.675729810943e-01, 3.083220671094e-05, 9.6771e+00, 2.7601e-01, 
 2DIAGNOSTIC,    20, -4.675713171506e-01, 1.787322196049e-05, 9.9154e+00, 2.3822e-01, 
 2DIAGNOSTIC,    21, -4.675679162302e-01, 6.729342403186e-06, 1.0152e+01, 2.3622e-01, 
 2DIAGNOSTIC,    22, -4.675676531652e-01, 2.633944405764e-06, 1.0435e+01, 2.8370e-01, 
DIAGNOSTIC,Iteration,metricValue,convergenceValue,ITERATION_TIME_INDEX,SINCE_LAST
 2DIAGNOSTIC,     1, -4.258650700191e-01, 1.797693134862e+308, 1.2990e+01, 2.5552e+00, 
 2DIAGNOSTIC,     2, -4.259686214342e-01, 1.797693134862e+308, 1.4396e+01, 1.4053e+00, 
 2DIAGNOSTIC,     3, -4.260095491188e-01, 1.797693134862e+308, 1.6243e+01, 1.8473e+00, 
 2DIAGNOSTIC,     4, -4.260079809432e-01, 1.797693134862e+308, 1.8762e+01, 2.5193e+00, 
 2DIAGNOSTIC,     5, -4.260082751605e-01, 1.797693134862e+308, 2.0291e+01, 1.5284e+00, 
 2DIAGNOSTIC,     6, -4.260081875815e-01, 1.797693134862e+308, 2.2021e+01, 1.7304e+00, 
 2DIAGNOSTIC,     7, -4.260082315493e-01, 1.797693134862e+308, 2.3745e+01, 1.7239e+00, 
 2DIAGNOSTIC,     8, -4.260082733668e-01, 1.797693134862e+308, 2.5429e+01, 1.6845e+00, 
 2DIAGNOSTIC,     9, -4.260078929481e-01, 1.797693134862e+308, 2.7123e+01, 1.6936e+00, 
 2DIAGNOSTIC,    10, -4.260080338815e-01, 1.495507191265e-05, 2.8620e+01, 1.4966e+00, 
 2DIAGNOSTIC,    11, -4.260077713533e-01, 5.182816310373e-06, 3.0346e+01, 1.7263e+00, 
 2DIAGNOSTIC,    12, -4.260079261996e-01, 2.533829862886e-06, 3.1838e+01, 1.4921e+00, 
 2DIAGNOSTIC,    13, -4.260075457950e-01, 2.386058161968e-06, 3.3612e+01, 1.7740e+00, 
 2DIAGNOSTIC,    14, -4.260073517609e-01, 2.181212696753e-06, 3.5121e+01, 1.5091e+00, 
 2DIAGNOSTIC,    15, -4.260072596448e-01, 2.021299739294e-06, 3.6720e+01, 1.5987e+00, 
 2DIAGNOSTIC,    16, -4.260070659946e-01, 1.878368805636e-06, 3.8032e+01, 1.3118e+00, 
 2DIAGNOSTIC,    17, -4.260070825243e-01, 1.764641620605e-06, 3.9417e+01, 1.3857e+00, 
 2DIAGNOSTIC,    18, -4.260077213112e-01, 1.699014063702e-06, 4.1062e+01, 1.6442e+00, 
 2DIAGNOSTIC,    19, -4.260079353551e-01, 1.640043982273e-06, 4.2565e+01, 1.5037e+00, 
 2DIAGNOSTIC,    20, -4.260078428702e-01, 1.592033683051e-06, 4.4075e+01, 1.5098e+00, 
 2DIAGNOSTIC,    21, -4.260077537829e-01, 1.537507309926e-06, 4.5597e+01, 1.5221e+00, 
 2DIAGNOSTIC,    22, -4.260076609522e-01, 1.488001799187e-06, 4.7322e+01, 1.7244e+00, 
 2DIAGNOSTIC,    23, -4.260075654991e-01, 1.424764161241e-06, 4.8837e+01, 1.5157e+00, 
 2DIAGNOSTIC,    24, -4.260074724749e-01, 1.354770982141e-06, 5.0168e+01, 1.3304e+00, 
 2DIAGNOSTIC,    25, -4.260070797015e-01, 1.275143903065e-06, 5.1523e+01, 1.3551e+00, 
 2DIAGNOSTIC,    26, -4.260075159529e-01, 1.208161307296e-06, 5.3008e+01, 1.4853e+00, 
 2DIAGNOSTIC,    27, -4.260077467673e-01, 1.152861683749e-06, 5.4503e+01, 1.4950e+00, 
 2DIAGNOSTIC,    28, -4.260075749963e-01, 1.114689347839e-06, 5.5922e+01, 1.4185e+00, 
 2DIAGNOSTIC,    29, -4.260078392768e-01, 1.092594508555e-06, 5.7944e+01, 2.0222e+00, 
 2DIAGNOSTIC,    30, -4.260076453908e-01, 1.065997838778e-06, 5.9514e+01, 1.5698e+00, 
 2DIAGNOSTIC,    31, -4.260076540515e-01, 1.038833368855e-06, 6.1059e+01, 1.5454e+00, 
 2DIAGNOSTIC,    32, -4.260074558381e-01, 1.005930466924e-06, 6.2546e+01, 1.4875e+00, 
  Elapsed time (stage 0): 6.3375e+01


Total elapsed time: 6.3378e+01
Info [verificarlo]: loaded backend libinterflop_ieee.so
Info [interflop-ieee]: load backend with:
Info [interflop-ieee]: debug = false
Info [interflop-ieee]: debug-binary = false
Info [interflop-ieee]: no-backend-name = false
Info [interflop-ieee]: print-new-line = false
Info [interflop-ieee]: print-subnormal-normalized = false
Info [interflop-ieee]: count-op = false
All_Command_lines_OK
Using double precision for computations.
=============================================================================
The composite transform comprises the following transforms (in order): 
  1. /home/mdugre/scratch/mri-registration-rp/datasets/ds004513/derivatives/mri-registration-rp/0001/antsRegistration-r8-p6/sub-s033/rigid_Composite.h5[0] (type = Euler3DTransform)
  2. /home/mdugre/scratch/mri-registration-rp/datasets/ds004513/derivatives/mri-registration-rp/0001/antsRegistration-r8-p6/sub-s033/rigid_Composite.h5[1] (type = Euler3DTransform)
  3. /home/mdugre/scratch/mri-registration-rp/datasets/ds004513/derivatives/mri-registration-rp/0001/antsRegistration-r8-p6/sub-s033/rigid_Composite.h5[2] (type = Euler3DTransform)
=============================================================================
  number of levels = 4
  fixed image: /templateflow/tpl-MNI152NLin2009cAsym/tpl-MNI152NLin2009cAsym_res-01_desc-brain_T1w.nii.gz
  moving image: /home/mdugre/scratch/mri-registration-rp/datasets/ds004513/derivatives/mri-registration-rp/antsBrainExtraction/sub-s033/BrainExtractionBrain.nii.gz
Dimension = 3
Number of stages = 1
Use histogram matching = false
Winsorize image intensities = true
  Lower quantile = 0.005
  Upper quantile = 0.995


Stage 1 State
   Image metric = MattesMI
     Fixed image = Image (0x419c530)
  RTTI typeinfo:   itk::Image<double, 3u>
  Reference Count: 2
  Modified Time: 1592
  Debug: Off
  Object Name: 
  Observers: 
    none
  Source: (none)
  Source output name: (none)
  Release Data: Off
  Data Released: False
  Global Release Data: Off
  PipelineMTime: 0
  UpdateMTime: 1203
  RealTimeStamp: 0 seconds 
  LargestPossibleRegion: 
    Dimension: 3
    Index: [0, 0, 0]
    Size: [193, 229, 193]
  BufferedRegion: 
    Dimension: 3
    Index: [0, 0, 0]
    Size: [193, 229, 193]
  RequestedRegion: 
    Dimension: 3
    Index: [0, 0, 0]
    Size: [193, 229, 193]
  Spacing: [1, 1, 1]
  Origin: [96, 132, -78]
  Direction: 
-1 0 0
0 -1 0
0 0 1

  IndexToPointMatrix: 
-1 0 0
0 -1 0
0 0 1

  PointToIndexMatrix: 
-1 0 0
0 -1 0
0 0 1

  Inverse Direction: 
-1 0 0
0 -1 0
0 0 1

  PixelContainer: 
    ImportImageContainer (0x42552a0)
      RTTI typeinfo:   itk::ImportImageContainer<unsigned long, double>
      Reference Count: 1
      Modified Time: 1200
      Debug: Off
      Object Name: 
      Observers: 
        none
      Pointer: 0x14751c355010
      Container manages memory: true
      Size: 8530021
      Capacity: 8530021

     Moving image = Image (0x4257e60)
  RTTI typeinfo:   itk::Image<double, 3u>
  Reference Count: 2
  Modified Time: 1593
  Debug: Off
  Object Name: 
  Observers: 
    none
  Source: (none)
  Source output name: (none)
  Release Data: Off
  Data Released: False
  Global Release Data: Off
  PipelineMTime: 0
  UpdateMTime: 1590
  RealTimeStamp: 0 seconds 
  LargestPossibleRegion: 
    Dimension: 3
    Index: [0, 0, 0]
    Size: [160, 240, 256]
  BufferedRegion: 
    Dimension: 3
    Index: [0, 0, 0]
    Size: [160, 240, 256]
  RequestedRegion: 
    Dimension: 3
    Index: [0, 0, 0]
    Size: [160, 240, 256]
  Spacing: [1, 1, 1]
  Origin: [91.5134, 94.282, -109.927]
  Direction: 
-0.99591 -0.0698718 -0.0572835
0.0697565 -0.997556 0.00401236
-0.0574239 5.01125e-08 0.99835

  IndexToPointMatrix: 
-0.99591 -0.0698718 -0.0572835
0.0697565 -0.997556 0.00401236
-0.0574239 5.01125e-08 0.99835

  PointToIndexMatrix: 
-0.99591 0.0697565 -0.0574239
-0.0698718 -0.997556 5.01483e-08
-0.0572835 0.00401236 0.99835

  Inverse Direction: 
-0.99591 0.0697565 -0.0574239
-0.0698718 -0.997556 5.01483e-08
-0.0572835 0.00401236 0.99835

  PixelContainer: 
    ImportImageContainer (0x428b390)
      RTTI typeinfo:   itk::ImportImageContainer<unsigned long, double>
      Reference Count: 1
      Modified Time: 1587
      Debug: Off
      Object Name: 
      Observers: 
        none
      Pointer: 0x147517854010
      Container manages memory: true
      Size: 9830400
      Capacity: 9830400

     Weighting = 1
     Sampling strategy = regular
     Number of bins = 32
     Radius = 4
     Sampling percentage  = 0.25
   Transform = Affine
     Gradient step = 0.1
     Update field sigma (voxel space) = 0
     Total field sigma (voxel space) = 0
     Update field time sigma = 0
     Total field time sigma  = 0
     Number of time indices = 0
     Number of time point samples = 0
Registration using 1 total stages.

Stage 0
  iterations = 1000x500x250x100
  convergence threshold = 1e-06
  convergence window size = 10
  number of levels = 4
  using the Mattes MI metric (number of bins = 32, weight = 1, use gradient filter = 0)
  preprocessing:  winsorizing the image intensities
  Shrink factors (level 1 out of 4): [8, 8, 8]
  Shrink factors (level 2 out of 4): [4, 4, 4]
  Shrink factors (level 3 out of 4): [2, 2, 2]
  Shrink factors (level 4 out of 4): [1, 1, 1]
  smoothing sigmas per level: [3, 2, 1, 0]
  regular sampling (percentage = 0.25)

*** Running AffineTransform registration ***

DIAGNOSTIC,Iteration,metricValue,convergenceValue,ITERATION_TIME_INDEX,SINCE_LAST
 2DIAGNOSTIC,     1, -6.382810683928e-01, 1.797693134862e+308, 7.0387e-01, 7.0387e-01, 
 2DIAGNOSTIC,     2, -6.407465508095e-01, 1.797693134862e+308, 7.0968e-01, 5.8110e-03, 
 2DIAGNOSTIC,     3, -6.451565427127e-01, 1.797693134862e+308, 7.1457e-01, 4.8931e-03, 
 2DIAGNOSTIC,     4, -6.521824076719e-01, 1.797693134862e+308, 7.1913e-01, 4.5609e-03, 
 2DIAGNOSTIC,     5, -6.630833061484e-01, 1.797693134862e+308, 7.2371e-01, 4.5841e-03, 
 2DIAGNOSTIC,     6, -6.815408873589e-01, 1.797693134862e+308, 7.2847e-01, 4.7560e-03, 
 2DIAGNOSTIC,     7, -7.249758359573e-01, 1.797693134862e+308, 7.3400e-01, 5.5301e-03, 
 2DIAGNOSTIC,     8, -8.402379066877e-01, 1.797693134862e+308, 7.3902e-01, 5.0161e-03, 
 2DIAGNOSTIC,     9, -8.669895386293e-01, 1.797693134862e+308, 7.4653e-01, 7.5099e-03, 
 2DIAGNOSTIC,    10, -8.690162283449e-01, 2.370867926066e-02, 7.5140e-01, 4.8759e-03, 
 2DIAGNOSTIC,    11, -8.788587125033e-01, 2.366205686521e-02, 7.5619e-01, 4.7889e-03, 
 2DIAGNOSTIC,    12, -8.887437906856e-01, 2.187450960639e-02, 7.6111e-01, 4.9222e-03, 
 2DIAGNOSTIC,    13, -8.929112079169e-01, 1.863997682375e-02, 7.6657e-01, 5.4591e-03, 
 2DIAGNOSTIC,    14, -8.986798139053e-01, 1.459620409465e-02, 7.7199e-01, 5.4140e-03, 
 2DIAGNOSTIC,    15, -9.051773567759e-01, 1.031721885159e-02, 7.7891e-01, 6.9199e-03, 
 2DIAGNOSTIC,    16, -9.052609618620e-01, 6.142728547588e-03, 7.8505e-01, 6.1469e-03, 
 2DIAGNOSTIC,    17, -9.054081708831e-01, 2.822386257577e-03, 7.9053e-01, 5.4801e-03, 
 2DIAGNOSTIC,    18, -9.052651517714e-01, 1.920655162348e-03, 7.9538e-01, 4.8518e-03, 
 2DIAGNOSTIC,    19, -9.053417273033e-01, 1.448797722434e-03, 8.0025e-01, 4.8640e-03, 
 2DIAGNOSTIC,    20, -9.056307585637e-01, 9.325860059071e-04, 8.0521e-01, 4.9610e-03, 
 2DIAGNOSTIC,    21, -9.057905269928e-01, 5.479026690357e-04, 8.1063e-01, 5.4238e-03, 
 2DIAGNOSTIC,    22, -9.059081245788e-01, 3.097029694319e-04, 8.1550e-01, 4.8680e-03, 
 2DIAGNOSTIC,    23, -9.059074685111e-01, 1.269459336583e-04, 8.2043e-01, 4.9291e-03, 
 2DIAGNOSTIC,    24, -9.060846284951e-01, 3.176964943039e-05, 8.2531e-01, 4.8790e-03, 
 2DIAGNOSTIC,    25, -9.061399507263e-01, 3.169241103625e-05, 8.3013e-01, 4.8170e-03, 
 2DIAGNOSTIC,    26, -9.063736732593e-01, 3.283691929341e-05, 8.3506e-01, 4.9350e-03, 
 2DIAGNOSTIC,    27, -9.065864373458e-01, 3.551760052781e-05, 8.4165e-01, 6.5880e-03, 
 2DIAGNOSTIC,    28, -9.066214703142e-01, 3.346845940808e-05, 8.4823e-01, 6.5839e-03, 
 2DIAGNOSTIC,    29, -9.061313367206e-01, 2.368672483978e-05, 8.5424e-01, 6.0091e-03, 
 2DIAGNOSTIC,    30, -9.059981233032e-01, 1.437408773856e-05, 8.6081e-01, 6.5691e-03, 
 2DIAGNOSTIC,    31, -9.060244896468e-01, 6.401308568542e-06, 8.6597e-01, 5.1541e-03, 
DIAGNOSTIC,Iteration,metricValue,convergenceValue,ITERATION_TIME_INDEX,SINCE_LAST
 2DIAGNOSTIC,     1, -7.439580814735e-01, 1.797693134862e+308, 1.5556e+00, 6.8967e-01, 
 2DIAGNOSTIC,     2, -7.448084348502e-01, 1.797693134862e+308, 1.5941e+00, 3.8466e-02, 
 2DIAGNOSTIC,     3, -7.457618981882e-01, 1.797693134862e+308, 1.6320e+00, 3.7913e-02, 
 2DIAGNOSTIC,     4, -7.465206146117e-01, 1.797693134862e+308, 1.6678e+00, 3.5802e-02, 
 2DIAGNOSTIC,     5, -7.471929468953e-01, 1.797693134862e+308, 1.7081e+00, 4.0290e-02, 
 2DIAGNOSTIC,     6, -7.483572286785e-01, 1.797693134862e+308, 1.7710e+00, 6.2907e-02, 
 2DIAGNOSTIC,     7, -7.483855418747e-01, 1.797693134862e+308, 1.8114e+00, 4.0345e-02, 
 2DIAGNOSTIC,     8, -7.483765403631e-01, 1.797693134862e+308, 1.8498e+00, 3.8414e-02, 
 2DIAGNOSTIC,     9, -7.483744309841e-01, 1.797693134862e+308, 1.8885e+00, 3.8706e-02, 
 2DIAGNOSTIC,    10, -7.483760748133e-01, 4.000838197388e-04, 1.9253e+00, 3.6799e-02, 
 2DIAGNOSTIC,    11, -7.483853984791e-01, 2.698482099761e-04, 1.9616e+00, 3.6349e-02, 
 2DIAGNOSTIC,    12, -7.484053212054e-01, 1.646117751291e-04, 1.9943e+00, 3.2718e-02, 
 2DIAGNOSTIC,    13, -7.484499198812e-01, 9.030915335612e-05, 2.0347e+00, 4.0365e-02, 
 2DIAGNOSTIC,    14, -7.484731963820e-01, 3.974435386450e-05, 2.0751e+00, 4.0359e-02, 
 2DIAGNOSTIC,    15, -7.485088868049e-01, 9.619084253135e-06, 2.1162e+00, 4.1126e-02, 
 2DIAGNOSTIC,    16, -7.485539135606e-01, 1.128350341291e-05, 2.1564e+00, 4.0241e-02, 
 2DIAGNOSTIC,    17, -7.485783011681e-01, 1.305792350659e-05, 2.1973e+00, 4.0857e-02, 
 2DIAGNOSTIC,    18, -7.485586918658e-01, 1.299221580962e-05, 2.2371e+00, 3.9822e-02, 
 2DIAGNOSTIC,    19, -7.485802430107e-01, 1.230809411515e-05, 2.2740e+00, 3.6922e-02, 
 2DIAGNOSTIC,    20, -7.486223345992e-01, 1.152396882705e-05, 2.3099e+00, 3.5820e-02, 
 2DIAGNOSTIC,    21, -7.486675366257e-01, 1.084174775692e-05, 2.3502e+00, 4.0378e-02, 
 2DIAGNOSTIC,    22, -7.486472982166e-01, 9.322087823532e-06, 2.3913e+00, 4.1052e-02, 
 2DIAGNOSTIC,    23, -7.486511935414e-01, 8.039934702539e-06, 2.4319e+00, 4.0641e-02, 
 2DIAGNOSTIC,    24, -7.486434523584e-01, 6.484498574731e-06, 2.4836e+00, 5.1710e-02, 
 2DIAGNOSTIC,    25, -7.486309127627e-01, 4.885634397461e-06, 2.5209e+00, 3.7216e-02, 
 2DIAGNOSTIC,    26, -7.486335448898e-01, 3.750594484778e-06, 2.5615e+00, 4.0648e-02, 
 2DIAGNOSTIC,    27, -7.486371977090e-01, 2.874860126553e-06, 2.5984e+00, 3.6924e-02, 
 2DIAGNOSTIC,    28, -7.486101423034e-01, 1.273863139944e-06, 2.6386e+00, 4.0177e-02, 
DIAGNOSTIC,Iteration,metricValue,convergenceValue,ITERATION_TIME_INDEX,SINCE_LAST
 2DIAGNOSTIC,     1, -6.324389246091e-01, 1.797693134862e+308, 3.8047e+00, 1.1661e+00, 
 2DIAGNOSTIC,     2, -6.330427862520e-01, 1.797693134862e+308, 4.0952e+00, 2.9049e-01, 
 2DIAGNOSTIC,     3, -6.336963496329e-01, 1.797693134862e+308, 4.3661e+00, 2.7095e-01, 
 2DIAGNOSTIC,     4, -6.345222440966e-01, 1.797693134862e+308, 4.6834e+00, 3.1730e-01, 
 2DIAGNOSTIC,     5, -6.368229889291e-01, 1.797693134862e+308, 5.2633e+00, 5.7984e-01, 
 2DIAGNOSTIC,     6, -6.368150311489e-01, 1.797693134862e+308, 5.6095e+00, 3.4625e-01, 
 2DIAGNOSTIC,     7, -6.368131274984e-01, 1.797693134862e+308, 6.0787e+00, 4.6920e-01, 
 2DIAGNOSTIC,     8, -6.368140852399e-01, 1.797693134862e+308, 6.4108e+00, 3.3208e-01, 
 2DIAGNOSTIC,     9, -6.368118686961e-01, 1.797693134862e+308, 6.7382e+00, 3.2741e-01, 
 2DIAGNOSTIC,    10, -6.368123182897e-01, 4.917241976170e-04, 7.0610e+00, 3.2282e-01, 
 2DIAGNOSTIC,    11, -6.368115430406e-01, 3.319348074293e-04, 7.3867e+00, 3.2566e-01, 
 2DIAGNOSTIC,    12, -6.368091232728e-01, 1.928073436725e-04, 7.7070e+00, 3.2033e-01, 
 2DIAGNOSTIC,    13, -6.368096111184e-01, 8.058065838921e-05, 8.0187e+00, 3.1171e-01, 
 2DIAGNOSTIC,    14, -6.368087734464e-01, 1.545282933516e-06, 8.3628e+00, 3.4411e-01, 
 2DIAGNOSTIC,    15, -6.368077805543e-01, 1.658692376963e-06, 8.6974e+00, 3.3459e-01, 
 2DIAGNOSTIC,    16, -6.368066368786e-01, 1.548473892582e-06, 8.9891e+00, 2.9169e-01, 
 2DIAGNOSTIC,    17, -6.368056801025e-01, 1.416819882485e-06, 9.2713e+00, 2.8216e-01, 
 2DIAGNOSTIC,    18, -6.368050354331e-01, 1.351203989808e-06, 9.6407e+00, 3.6945e-01, 
 2DIAGNOSTIC,    19, -6.368053413590e-01, 1.284963208954e-06, 9.9276e+00, 2.8693e-01, 
 2DIAGNOSTIC,    20, -6.368042892844e-01, 1.248083245510e-06, 1.0240e+01, 3.1228e-01, 
 2DIAGNOSTIC,    21, -6.368020700647e-01, 1.185442198091e-06, 1.0595e+01, 3.5477e-01, 
 2DIAGNOSTIC,    22, -6.368013785403e-01, 1.096990834101e-06, 1.0890e+01, 2.9573e-01, 
 2DIAGNOSTIC,    23, -6.368011777024e-01, 1.054248219147e-06, 1.1209e+01, 3.1877e-01, 
 2DIAGNOSTIC,    24, -6.368008204695e-01, 1.023053316666e-06, 1.1577e+01, 3.6754e-01, 
DIAGNOSTIC,Iteration,metricValue,convergenceValue,ITERATION_TIME_INDEX,SINCE_LAST
 2DIAGNOSTIC,     1, -5.628347822770e-01, 1.797693134862e+308, 1.4559e+01, 2.9826e+00, 
 2DIAGNOSTIC,     2, -5.630198978741e-01, 1.797693134862e+308, 1.6306e+01, 1.7465e+00, 
 2DIAGNOSTIC,     3, -5.632028504439e-01, 1.797693134862e+308, 1.8058e+01, 1.7525e+00, 
 2DIAGNOSTIC,     4, -5.635159806981e-01, 1.797693134862e+308, 1.9997e+01, 1.9384e+00, 
 2DIAGNOSTIC,     5, -5.639508556108e-01, 1.797693134862e+308, 2.2620e+01, 2.6230e+00, 
 2DIAGNOSTIC,     6, -5.639565981149e-01, 1.797693134862e+308, 2.5367e+01, 2.7474e+00, 
 2DIAGNOSTIC,     7, -5.639559716534e-01, 1.797693134862e+308, 2.8325e+01, 2.9577e+00, 
 2DIAGNOSTIC,     8, -5.639562189783e-01, 1.797693134862e+308, 3.0428e+01, 2.1027e+00, 
 2DIAGNOSTIC,     9, -5.639561267140e-01, 1.797693134862e+308, 3.2401e+01, 1.9738e+00, 
 2DIAGNOSTIC,    10, -5.639557638803e-01, 1.380269100291e-04, 3.4494e+01, 2.0927e+00, 
 2DIAGNOSTIC,    11, -5.639556742552e-01, 9.021405852701e-05, 3.6475e+01, 1.9809e+00, 
 2DIAGNOSTIC,    12, -5.639555694991e-01, 5.055379493210e-05, 3.8340e+01, 1.8648e+00, 
 2DIAGNOSTIC,    13, -5.639554938499e-01, 1.962394333001e-05, 4.0021e+01, 1.6815e+00, 
 2DIAGNOSTIC,    14, -5.639554673292e-01, 2.382928772651e-06, 4.1985e+01, 1.9639e+00, 
 2DIAGNOSTIC,    15, -5.639555733378e-01, 2.045873335882e-06, 4.3901e+01, 1.9162e+00, 
 2DIAGNOSTIC,    16, -5.639553113257e-01, 1.931153211995e-06, 4.6191e+01, 2.2899e+00, 
 2DIAGNOSTIC,    17, -5.639553923232e-01, 1.818967941609e-06, 4.8082e+01, 1.8906e+00, 
 2DIAGNOSTIC,    18, -5.639553261954e-01, 1.729063016966e-06, 4.9921e+01, 1.8395e+00, 
 2DIAGNOSTIC,    19, -5.639552504636e-01, 1.647929141230e-06, 5.1827e+01, 1.9058e+00, 
 2DIAGNOSTIC,    20, -5.639552237264e-01, 1.567632705216e-06, 5.3728e+01, 1.9005e+00, 
 2DIAGNOSTIC,    21, -5.639552477540e-01, 1.495683087910e-06, 5.5446e+01, 1.7181e+00, 
 2DIAGNOSTIC,    22, -5.639552416908e-01, 1.429584205306e-06, 5.7544e+01, 2.0987e+00, 
 2DIAGNOSTIC,    23, -5.639554527465e-01, 1.373740017935e-06, 5.9417e+01, 1.8727e+00, 
 2DIAGNOSTIC,    24, -5.639556614169e-01, 1.327092042078e-06, 6.1366e+01, 1.9489e+00, 
 2DIAGNOSTIC,    25, -5.639559224241e-01, 1.291540346282e-06, 6.3496e+01, 2.1299e+00, 
 2DIAGNOSTIC,    26, -5.639558794441e-01, 1.250919010626e-06, 6.5143e+01, 1.6475e+00, 
 2DIAGNOSTIC,    27, -5.639551733423e-01, 1.199217553573e-06, 6.7372e+01, 2.2282e+00, 
 2DIAGNOSTIC,    28, -5.639549494282e-01, 1.144418079177e-06, 6.9269e+01, 1.8977e+00, 
 2DIAGNOSTIC,    29, -5.639550325951e-01, 1.092637215233e-06, 7.1053e+01, 1.7839e+00, 
 2DIAGNOSTIC,    30, -5.639548801962e-01, 1.041404399056e-06, 7.2965e+01, 1.9118e+00, 
  Elapsed time (stage 0): 7.4099e+01


Total elapsed time: 7.4101e+01
Info [verificarlo]: loaded backend libinterflop_vprec.so
Info [interflop-vprec]: load backend with: 
Info [interflop-vprec]: precision-binary32 = 6
Info [interflop-vprec]: range-binary32 = 8
Info [interflop-vprec]: precision-binary64 = 6
