
##########################
# Experiment information #
##########################

EXPERIMENT_NAME: antsRegistration-r7-p23
VFC_BACKENDS: libinterflop_vprec.so --range-binary32=7 --precision-binary32=23 --range-binary64=7 --precision-binary64=23

SIF_IMG: /home/mdugre/projects/rrg-glatard/mdugre/containers/ants-vprec-no_metrics.simg

SUBJECT_ID: s033
INPUT_IMG: /home/mdugre/scratch/mri-registration-rp/datasets/ds004513/derivatives/mri-registration-rp/antsBrainExtraction/sub-s033/BrainExtractionBrain.nii.gz
OUTPUT_DIR: /home/mdugre/scratch/mri-registration-rp/datasets/ds004513/derivatives/mri-registration-rp/0001/antsRegistration-r7-p23/sub-s033

FIXED_IMG: /templateflow/tpl-MNI152NLin2009cAsym/tpl-MNI152NLin2009cAsym_res-01_desc-brain_T1w.nii.gz
DATA_DIR: /home/mdugre/scratch/mri-registration-rp/datasets/ds004513
TEMPLATEFLOW_DIR: /home/mdugre/projects/rrg-glatard/mdugre/templateflow
ITK_GLOBAL_DEFAULT_NUMBER_OF_THREADS: 16
##########################

Info [verificarlo]: loaded backend libinterflop_ieee.so
Info [interflop-ieee]: load backend with:
Info [interflop-ieee]: debug = false
Info [interflop-ieee]: debug-binary = false
Info [interflop-ieee]: no-backend-name = false
Info [interflop-ieee]: print-new-line = false
Info [interflop-ieee]: print-subnormal-normalized = false
Info [interflop-ieee]: count-op = false
All_Command_lines_OK
Using double precision for computations.
=============================================================================
The composite transform comprises the following transforms (in order): 
  1. Center of mass alignment using fixed image: /templateflow/tpl-MNI152NLin2009cAsym/tpl-MNI152NLin2009cAsym_res-01_desc-brain_T1w.nii.gz and moving image: /home/mdugre/scratch/mri-registration-rp/datasets/ds004513/derivatives/mri-registration-rp/antsBrainExtraction/sub-s033/BrainExtractionBrain.nii.gz (type = Euler3DTransform)
=============================================================================
  number of levels = 1
  fixed image: /templateflow/tpl-MNI152NLin2009cAsym/tpl-MNI152NLin2009cAsym_res-01_desc-brain_T1w.nii.gz
  moving image: /home/mdugre/scratch/mri-registration-rp/datasets/ds004513/derivatives/mri-registration-rp/antsBrainExtraction/sub-s033/BrainExtractionBrain.nii.gz
Dimension = 3
Number of stages = 1
Use histogram matching = false
Winsorize image intensities = true
  Lower quantile = 0.005
  Upper quantile = 0.995


Stage 1 State
   Image metric = MattesMI
     Fixed image = Image (0x4c86e70)
  RTTI typeinfo:   itk::Image<double, 3u>
  Reference Count: 2
  Modified Time: 2330
  Debug: Off
  Object Name: 
  Observers: 
    none
  Source: (none)
  Source output name: (none)
  Release Data: Off
  Data Released: False
  Global Release Data: Off
  PipelineMTime: 0
  UpdateMTime: 1941
  RealTimeStamp: 0 seconds 
  LargestPossibleRegion: 
    Dimension: 3
    Index: [0, 0, 0]
    Size: [193, 229, 193]
  BufferedRegion: 
    Dimension: 3
    Index: [0, 0, 0]
    Size: [193, 229, 193]
  RequestedRegion: 
    Dimension: 3
    Index: [0, 0, 0]
    Size: [193, 229, 193]
  Spacing: [1, 1, 1]
  Origin: [96, 132, -78]
  Direction: 
-1 0 0
0 -1 0
0 0 1

  IndexToPointMatrix: 
-1 0 0
0 -1 0
0 0 1

  PointToIndexMatrix: 
-1 0 0
0 -1 0
0 0 1

  Inverse Direction: 
-1 0 0
0 -1 0
0 0 1

  PixelContainer: 
    ImportImageContainer (0x4c8fc60)
      RTTI typeinfo:   itk::ImportImageContainer<unsigned long, double>
      Reference Count: 1
      Modified Time: 1938
      Debug: Off
      Object Name: 
      Observers: 
        none
      Pointer: 0x1517a5f91010
      Container manages memory: true
      Size: 8530021
      Capacity: 8530021

     Moving image = Image (0x4c89540)
  RTTI typeinfo:   itk::Image<double, 3u>
  Reference Count: 2
  Modified Time: 2331
  Debug: Off
  Object Name: 
  Observers: 
    none
  Source: (none)
  Source output name: (none)
  Release Data: Off
  Data Released: False
  Global Release Data: Off
  PipelineMTime: 0
  UpdateMTime: 2328
  RealTimeStamp: 0 seconds 
  LargestPossibleRegion: 
    Dimension: 3
    Index: [0, 0, 0]
    Size: [160, 240, 256]
  BufferedRegion: 
    Dimension: 3
    Index: [0, 0, 0]
    Size: [160, 240, 256]
  RequestedRegion: 
    Dimension: 3
    Index: [0, 0, 0]
    Size: [160, 240, 256]
  Spacing: [1, 1, 1]
  Origin: [91.5134, 94.282, -109.927]
  Direction: 
-0.99591 -0.0698718 -0.0572835
0.0697565 -0.997556 0.00401236
-0.0574239 5.01125e-08 0.99835

  IndexToPointMatrix: 
-0.99591 -0.0698718 -0.0572835
0.0697565 -0.997556 0.00401236
-0.0574239 5.01125e-08 0.99835

  PointToIndexMatrix: 
-0.99591 0.0697565 -0.0574239
-0.0698718 -0.997556 5.01483e-08
-0.0572835 0.00401236 0.99835

  Inverse Direction: 
-0.99591 0.0697565 -0.0574239
-0.0698718 -0.997556 5.01483e-08
-0.0572835 0.00401236 0.99835

  PixelContainer: 
    ImportImageContainer (0x4d9b610)
      RTTI typeinfo:   itk::ImportImageContainer<unsigned long, double>
      Reference Count: 1
      Modified Time: 2325
      Debug: Off
      Object Name: 
      Observers: 
        none
      Pointer: 0x1517a1490010
      Container manages memory: true
      Size: 9830400
      Capacity: 9830400

     Weighting = 1
     Sampling strategy = regular
     Number of bins = 32
     Radius = 4
     Sampling percentage  = 0.25
   Transform = Rigid
     Gradient step = 0.1
     Update field sigma (voxel space) = 0
     Total field sigma (voxel space) = 0
     Update field time sigma = 0
     Total field time sigma  = 0
     Number of time indices = 0
     Number of time point samples = 0
Registration using 1 total stages.

Stage 0
  iterations = 0
  convergence threshold = 1e-06
  convergence window size = 10
  number of levels = 1
  using the Mattes MI metric (number of bins = 32, weight = 1, use gradient filter = 0)
  preprocessing:  winsorizing the image intensities
  Shrink factors (level 1 out of 1): [1, 1, 1]
  smoothing sigmas per level: [0]
  regular sampling (percentage = 0.25)

*** Running Euler3DTransform registration ***

  Elapsed time (stage 0): 1.0882


Total elapsed time: 1.09036
Info [verificarlo]: loaded backend libinterflop_ieee.so
Info [interflop-ieee]: load backend with:
Info [interflop-ieee]: debug = false
Info [interflop-ieee]: debug-binary = false
Info [interflop-ieee]: no-backend-name = false
Info [interflop-ieee]: print-new-line = false
Info [interflop-ieee]: print-subnormal-normalized = false
Info [interflop-ieee]: count-op = false
All_Command_lines_OK
Using double precision for computations.
=============================================================================
The composite transform comprises the following transforms (in order): 
  1. /home/mdugre/scratch/mri-registration-rp/datasets/ds004513/derivatives/mri-registration-rp/0001/antsRegistration-r7-p23/sub-s033/align_Composite.h5[0] (type = Euler3DTransform)
  2. /home/mdugre/scratch/mri-registration-rp/datasets/ds004513/derivatives/mri-registration-rp/0001/antsRegistration-r7-p23/sub-s033/align_Composite.h5[1] (type = Euler3DTransform)
=============================================================================
  number of levels = 4
  fixed image: /templateflow/tpl-MNI152NLin2009cAsym/tpl-MNI152NLin2009cAsym_res-01_desc-brain_T1w.nii.gz
  moving image: /home/mdugre/scratch/mri-registration-rp/datasets/ds004513/derivatives/mri-registration-rp/antsBrainExtraction/sub-s033/BrainExtractionBrain.nii.gz
Dimension = 3
Number of stages = 1
Use histogram matching = false
Winsorize image intensities = true
  Lower quantile = 0.005
  Upper quantile = 0.995


Stage 1 State
   Image metric = MattesMI
     Fixed image = Image (0x48dc530)
  RTTI typeinfo:   itk::Image<double, 3u>
  Reference Count: 2
  Modified Time: 1578
  Debug: Off
  Object Name: 
  Observers: 
    none
  Source: (none)
  Source output name: (none)
  Release Data: Off
  Data Released: False
  Global Release Data: Off
  PipelineMTime: 0
  UpdateMTime: 1189
  RealTimeStamp: 0 seconds 
  LargestPossibleRegion: 
    Dimension: 3
    Index: [0, 0, 0]
    Size: [193, 229, 193]
  BufferedRegion: 
    Dimension: 3
    Index: [0, 0, 0]
    Size: [193, 229, 193]
  RequestedRegion: 
    Dimension: 3
    Index: [0, 0, 0]
    Size: [193, 229, 193]
  Spacing: [1, 1, 1]
  Origin: [96, 132, -78]
  Direction: 
-1 0 0
0 -1 0
0 0 1

  IndexToPointMatrix: 
-1 0 0
0 -1 0
0 0 1

  PointToIndexMatrix: 
-1 0 0
0 -1 0
0 0 1

  Inverse Direction: 
-1 0 0
0 -1 0
0 0 1

  PixelContainer: 
    ImportImageContainer (0x499ad60)
      RTTI typeinfo:   itk::ImportImageContainer<unsigned long, double>
      Reference Count: 1
      Modified Time: 1186
      Debug: Off
      Object Name: 
      Observers: 
        none
      Pointer: 0x153805434010
      Container manages memory: true
      Size: 8530021
      Capacity: 8530021

     Moving image = Image (0x498cf60)
  RTTI typeinfo:   itk::Image<double, 3u>
  Reference Count: 2
  Modified Time: 1579
  Debug: Off
  Object Name: 
  Observers: 
    none
  Source: (none)
  Source output name: (none)
  Release Data: Off
  Data Released: False
  Global Release Data: Off
  PipelineMTime: 0
  UpdateMTime: 1576
  RealTimeStamp: 0 seconds 
  LargestPossibleRegion: 
    Dimension: 3
    Index: [0, 0, 0]
    Size: [160, 240, 256]
  BufferedRegion: 
    Dimension: 3
    Index: [0, 0, 0]
    Size: [160, 240, 256]
  RequestedRegion: 
    Dimension: 3
    Index: [0, 0, 0]
    Size: [160, 240, 256]
  Spacing: [1, 1, 1]
  Origin: [91.5134, 94.282, -109.927]
  Direction: 
-0.99591 -0.0698718 -0.0572835
0.0697565 -0.997556 0.00401236
-0.0574239 5.01125e-08 0.99835

  IndexToPointMatrix: 
-0.99591 -0.0698718 -0.0572835
0.0697565 -0.997556 0.00401236
-0.0574239 5.01125e-08 0.99835

  PointToIndexMatrix: 
-0.99591 0.0697565 -0.0574239
-0.0698718 -0.997556 5.01483e-08
-0.0572835 0.00401236 0.99835

  Inverse Direction: 
-0.99591 0.0697565 -0.0574239
-0.0698718 -0.997556 5.01483e-08
-0.0572835 0.00401236 0.99835

  PixelContainer: 
    ImportImageContainer (0x497e6d0)
      RTTI typeinfo:   itk::ImportImageContainer<unsigned long, double>
      Reference Count: 1
      Modified Time: 1573
      Debug: Off
      Object Name: 
      Observers: 
        none
      Pointer: 0x153800933010
      Container manages memory: true
      Size: 9830400
      Capacity: 9830400

     Weighting = 1
     Sampling strategy = regular
     Number of bins = 32
     Radius = 4
     Sampling percentage  = 0.25
   Transform = Rigid
     Gradient step = 0.1
     Update field sigma (voxel space) = 0
     Total field sigma (voxel space) = 0
     Update field time sigma = 0
     Total field time sigma  = 0
     Number of time indices = 0
     Number of time point samples = 0
Registration using 1 total stages.

Stage 0
  iterations = 1000x500x250x100
  convergence threshold = 1e-06
  convergence window size = 10
  number of levels = 4
  using the Mattes MI metric (number of bins = 32, weight = 1, use gradient filter = 0)
  preprocessing:  winsorizing the image intensities
  Shrink factors (level 1 out of 4): [8, 8, 8]
  Shrink factors (level 2 out of 4): [4, 4, 4]
  Shrink factors (level 3 out of 4): [2, 2, 2]
  Shrink factors (level 4 out of 4): [1, 1, 1]
  smoothing sigmas per level: [3, 2, 1, 0]
  regular sampling (percentage = 0.25)

*** Running Euler3DTransform registration ***

DIAGNOSTIC,Iteration,metricValue,convergenceValue,ITERATION_TIME_INDEX,SINCE_LAST
 2DIAGNOSTIC,     1, -4.945365495269e-01, 1.797693134862e+308, 8.0265e-01, 8.0265e-01, 
 2DIAGNOSTIC,     2, -4.961551199262e-01, 1.797693134862e+308, 8.0692e-01, 4.2682e-03, 
 2DIAGNOSTIC,     3, -4.991207097076e-01, 1.797693134862e+308, 8.1142e-01, 4.4968e-03, 
 2DIAGNOSTIC,     4, -5.030359852117e-01, 1.797693134862e+308, 8.1558e-01, 4.1599e-03, 
 2DIAGNOSTIC,     5, -5.059125054655e-01, 1.797693134862e+308, 8.1965e-01, 4.0660e-03, 
 2DIAGNOSTIC,     6, -5.092815596254e-01, 1.797693134862e+308, 8.2407e-01, 4.4210e-03, 
 2DIAGNOSTIC,     7, -5.205915484568e-01, 1.797693134862e+308, 8.2884e-01, 4.7739e-03, 
 2DIAGNOSTIC,     8, -5.236677933913e-01, 1.797693134862e+308, 8.3296e-01, 4.1239e-03, 
 2DIAGNOSTIC,     9, -5.261653611514e-01, 1.797693134862e+308, 8.3718e-01, 4.2150e-03, 
 2DIAGNOSTIC,    10, -5.313843279548e-01, 4.956236851461e-03, 8.4173e-01, 4.5519e-03, 
 2DIAGNOSTIC,    11, -5.461121550605e-01, 5.255951709879e-03, 8.4784e-01, 6.1080e-03, 
 2DIAGNOSTIC,    12, -5.563506773261e-01, 5.544499219509e-03, 8.5332e-01, 5.4848e-03, 
 2DIAGNOSTIC,    13, -6.011783753072e-01, 7.240286203911e-03, 8.5967e-01, 6.3481e-03, 
 2DIAGNOSTIC,    14, -6.166052825004e-01, 8.701253899060e-03, 8.6403e-01, 4.3590e-03, 
 2DIAGNOSTIC,    15, -6.211428291694e-01, 9.416357351087e-03, 8.6908e-01, 5.0440e-03, 
 2DIAGNOSTIC,    16, -6.235432152814e-01, 9.368281939408e-03, 8.7419e-01, 5.1160e-03, 
 2DIAGNOSTIC,    17, -6.347577465647e-01, 9.145335043519e-03, 8.8095e-01, 6.7611e-03, 
 2DIAGNOSTIC,    18, -6.413138478184e-01, 8.359392969094e-03, 8.8603e-01, 5.0778e-03, 
 2DIAGNOSTIC,    19, -6.420802724814e-01, 6.980623501736e-03, 8.9133e-01, 5.3031e-03, 
 2DIAGNOSTIC,    20, -6.425493381665e-01, 5.272872647559e-03, 8.9563e-01, 4.2920e-03, 
 2DIAGNOSTIC,    21, -6.431795008217e-01, 3.641466723865e-03, 9.0028e-01, 4.6520e-03, 
 2DIAGNOSTIC,    22, -6.434078413036e-01, 2.049114028346e-03, 9.0439e-01, 4.1130e-03, 
 2DIAGNOSTIC,    23, -6.435083894259e-01, 1.381096923232e-03, 9.0901e-01, 4.6220e-03, 
 2DIAGNOSTIC,    24, -6.436807770825e-01, 9.688116667506e-04, 9.1485e-01, 5.8360e-03, 
 2DIAGNOSTIC,    25, -6.439989460250e-01, 6.014655067858e-04, 9.2093e-01, 6.0771e-03, 
 2DIAGNOSTIC,    26, -6.448361593656e-01, 2.655198687757e-04, 9.2508e-01, 4.1540e-03, 
 2DIAGNOSTIC,    27, -6.460796028778e-01, 1.536866796766e-04, 9.2991e-01, 4.8258e-03, 
 2DIAGNOSTIC,    28, -6.463976190568e-01, 1.550354004476e-04, 9.3403e-01, 4.1242e-03, 
 2DIAGNOSTIC,    29, -6.463935454816e-01, 1.547432219560e-04, 9.3891e-01, 4.8821e-03, 
 2DIAGNOSTIC,    30, -6.464392296418e-01, 1.482978049994e-04, 9.4366e-01, 4.7481e-03, 
 2DIAGNOSTIC,    31, -6.463723507882e-01, 1.368670521512e-04, 9.4776e-01, 4.0982e-03, 
 2DIAGNOSTIC,    32, -6.464254418552e-01, 1.173264381428e-04, 9.5305e-01, 5.2919e-03, 
 2DIAGNOSTIC,    33, -6.464354983798e-01, 8.969313468849e-05, 9.6814e-01, 1.5092e-02, 
 2DIAGNOSTIC,    34, -6.464354983468e-01, 5.811473210474e-05, 9.8202e-01, 1.3878e-02, 
 2DIAGNOSTIC,    35, -6.464354983468e-01, 2.735362017618e-05, 9.8863e-01, 6.6099e-03, 
 2DIAGNOSTIC,    36, -6.464354983468e-01, 6.561994015934e-06, 9.9326e-01, 4.6351e-03, 
 2DIAGNOSTIC,    37, -6.464354983468e-01, 2.244508933946e-06, 9.9781e-01, 4.5462e-03, 
 2DIAGNOSTIC,    38, -6.464354983468e-01, 1.990757091105e-06, 1.0025e+00, 4.6630e-03, 
 2DIAGNOSTIC,    39, -6.464354983468e-01, 1.582334446380e-06, 1.0076e+00, 5.1720e-03, 
 2DIAGNOSTIC,    40, -6.464354983468e-01, 1.698169716444e-06, 1.0128e+00, 5.1360e-03, 
DIAGNOSTIC,Iteration,metricValue,convergenceValue,ITERATION_TIME_INDEX,SINCE_LAST
 2DIAGNOSTIC,     1, -5.367244461748e-01, 1.797693134862e+308, 1.7485e+00, 7.3571e-01, 
 2DIAGNOSTIC,     2, -5.380313847048e-01, 1.797693134862e+308, 1.7826e+00, 3.4108e-02, 
 2DIAGNOSTIC,     3, -5.401731923338e-01, 1.797693134862e+308, 1.8117e+00, 2.9088e-02, 
 2DIAGNOSTIC,     4, -5.431881354751e-01, 1.797693134862e+308, 1.8401e+00, 2.8385e-02, 
 2DIAGNOSTIC,     5, -5.453557603364e-01, 1.797693134862e+308, 1.8688e+00, 2.8714e-02, 
 2DIAGNOSTIC,     6, -5.461088568763e-01, 1.797693134862e+308, 1.8965e+00, 2.7737e-02, 
 2DIAGNOSTIC,     7, -5.462086684424e-01, 1.797693134862e+308, 1.9255e+00, 2.8939e-02, 
 2DIAGNOSTIC,     8, -5.464644816750e-01, 1.797693134862e+308, 1.9739e+00, 4.8402e-02, 
 2DIAGNOSTIC,     9, -5.466119848944e-01, 1.797693134862e+308, 2.0135e+00, 3.9626e-02, 
 2DIAGNOSTIC,    10, -5.465653137747e-01, 1.220918821836e-03, 2.0500e+00, 3.6466e-02, 
 2DIAGNOSTIC,    11, -5.465682691783e-01, 8.133911014837e-04, 2.0924e+00, 4.2408e-02, 
 2DIAGNOSTIC,    12, -5.465541415954e-01, 4.580257570416e-04, 2.1314e+00, 3.9048e-02, 
 2DIAGNOSTIC,    13, -5.465494222441e-01, 2.001582543713e-04, 2.1657e+00, 3.4321e-02, 
 2DIAGNOSTIC,    14, -5.465144134716e-01, 7.040398935279e-05, 2.1959e+00, 3.0137e-02, 
 2DIAGNOSTIC,    15, -5.465021553074e-01, 2.625952098483e-05, 2.2302e+00, 3.4307e-02, 
 2DIAGNOSTIC,    16, -5.465203014725e-01, 1.067861441009e-05, 2.2640e+00, 3.3802e-02, 
DIAGNOSTIC,Iteration,metricValue,convergenceValue,ITERATION_TIME_INDEX,SINCE_LAST
 2DIAGNOSTIC,     1, -4.642612167235e-01, 1.797693134862e+308, 3.2762e+00, 1.0122e+00, 
 2DIAGNOSTIC,     2, -4.645523969918e-01, 1.797693134862e+308, 3.5048e+00, 2.2861e-01, 
 2DIAGNOSTIC,     3, -4.648354191765e-01, 1.797693134862e+308, 3.7258e+00, 2.2106e-01, 
 2DIAGNOSTIC,     4, -4.650444824152e-01, 1.797693134862e+308, 3.9458e+00, 2.2001e-01, 
 2DIAGNOSTIC,     5, -4.653294034101e-01, 1.797693134862e+308, 4.1697e+00, 2.2391e-01, 
 2DIAGNOSTIC,     6, -4.657501524295e-01, 1.797693134862e+308, 4.3708e+00, 2.0107e-01, 
 2DIAGNOSTIC,     7, -4.663153002691e-01, 1.797693134862e+308, 4.7066e+00, 3.3582e-01, 
 2DIAGNOSTIC,     8, -4.663376528654e-01, 1.797693134862e+308, 4.9476e+00, 2.4093e-01, 
 2DIAGNOSTIC,     9, -4.663397945077e-01, 1.797693134862e+308, 5.2602e+00, 3.1266e-01, 
 2DIAGNOSTIC,    10, -4.663424504960e-01, 3.304415367243e-04, 5.5568e+00, 2.9654e-01, 
 2DIAGNOSTIC,    11, -4.663407772951e-01, 2.569717842446e-04, 5.8348e+00, 2.7808e-01, 
 2DIAGNOSTIC,    12, -4.663402999094e-01, 1.871608861047e-04, 6.0461e+00, 2.1126e-01, 
 2DIAGNOSTIC,    13, -4.663397698949e-01, 1.247949350306e-04, 6.2892e+00, 2.4310e-01, 
 2DIAGNOSTIC,    14, -4.663383681673e-01, 6.955019096856e-05, 6.5061e+00, 2.1695e-01, 
 2DIAGNOSTIC,    15, -4.663373095824e-01, 2.688615353685e-05, 6.7620e+00, 2.5587e-01, 
 2DIAGNOSTIC,    16, -4.663380624441e-01, 2.757974013473e-06, 7.0201e+00, 2.5813e-01, 
 2DIAGNOSTIC,    17, -4.663366398352e-01, 1.609414553766e-06, 7.2640e+00, 2.4390e-01, 
 2DIAGNOSTIC,    18, -4.663363758339e-01, 1.361304345165e-06, 7.5169e+00, 2.5288e-01, 
 2DIAGNOSTIC,    19, -4.663349275978e-01, 1.197068017690e-06, 7.7526e+00, 2.3572e-01, 
 2DIAGNOSTIC,    20, -4.663342718020e-01, 1.156858462262e-06, 7.9525e+00, 1.9989e-01, 
 2DIAGNOSTIC,    21, -4.663338234373e-01, 1.098748254977e-06, 8.1614e+00, 2.0884e-01, 
 2DIAGNOSTIC,    22, -4.663346791527e-01, 1.094943001885e-06, 8.3580e+00, 1.9664e-01, 
 2DIAGNOSTIC,    23, -4.663351772535e-01, 1.123948353714e-06, 8.5970e+00, 2.3902e-01, 
 2DIAGNOSTIC,    24, -4.663374270852e-01, 1.197305821002e-06, 8.8168e+00, 2.1974e-01, 
 2DIAGNOSTIC,    25, -4.663373153556e-01, 1.246671920641e-06, 9.0373e+00, 2.2055e-01, 
 2DIAGNOSTIC,    26, -4.663384928841e-01, 1.341409887848e-06, 9.2531e+00, 2.1575e-01, 
 2DIAGNOSTIC,    27, -4.663413946430e-01, 1.450743068614e-06, 9.4960e+00, 2.4290e-01, 
 2DIAGNOSTIC,    28, -4.663452549200e-01, 1.603543812616e-06, 9.7470e+00, 2.5103e-01, 
 2DIAGNOSTIC,    29, -4.663455695571e-01, 1.676446438538e-06, 9.9468e+00, 1.9983e-01, 
 2DIAGNOSTIC,    30, -4.663486420177e-01, 1.741008882374e-06, 1.0192e+01, 2.4480e-01, 
 2DIAGNOSTIC,    31, -4.663501675987e-01, 1.757564960146e-06, 1.0443e+01, 2.5182e-01, 
 2DIAGNOSTIC,    32, -4.663498097932e-01, 1.712210456466e-06, 1.0696e+01, 2.5263e-01, 
 2DIAGNOSTIC,    33, -4.663495645514e-01, 1.605382057901e-06, 1.0918e+01, 2.2144e-01, 
 2DIAGNOSTIC,    34, -4.663507459544e-01, 1.506623682795e-06, 1.1117e+01, 1.9922e-01, 
 2DIAGNOSTIC,    35, -4.663521268830e-01, 1.380764043827e-06, 1.1387e+01, 2.7023e-01, 
 2DIAGNOSTIC,    36, -4.663521745199e-01, 1.236181742754e-06, 1.1628e+01, 2.4089e-01, 
 2DIAGNOSTIC,    37, -4.663538887949e-01, 1.141629021685e-06, 1.1856e+01, 2.2778e-01, 
 2DIAGNOSTIC,    38, -4.663549485253e-01, 1.104641115406e-06, 1.2077e+01, 2.2122e-01, 
 2DIAGNOSTIC,    39, -4.663582267093e-01, 1.098561410510e-06, 1.2327e+01, 2.4968e-01, 
 2DIAGNOSTIC,    40, -4.663613284367e-01, 1.157924445213e-06, 1.2555e+01, 2.2809e-01, 
 2DIAGNOSTIC,    41, -4.663616866479e-01, 1.207565464831e-06, 1.2752e+01, 1.9724e-01, 
 2DIAGNOSTIC,    42, -4.663696953009e-01, 1.326038646433e-06, 1.2957e+01, 2.0475e-01, 
 2DIAGNOSTIC,    43, -4.663799874545e-01, 1.523928523619e-06, 1.3246e+01, 2.8898e-01, 
 2DIAGNOSTIC,    44, -4.663851227189e-01, 1.721619718720e-06, 1.3554e+01, 3.0825e-01, 
 2DIAGNOSTIC,    45, -4.663846463647e-01, 1.828356086041e-06, 1.3795e+01, 2.4116e-01, 
 2DIAGNOSTIC,    46, -4.663834655490e-01, 1.810967627018e-06, 1.4018e+01, 2.2307e-01, 
 2DIAGNOSTIC,    47, -4.663818568217e-01, 1.688503703925e-06, 1.4230e+01, 2.1202e-01, 
 2DIAGNOSTIC,    48, -4.663820302747e-01, 1.486767591360e-06, 1.4419e+01, 1.8848e-01, 
 2DIAGNOSTIC,    49, -4.663854181173e-01, 1.295767307119e-06, 1.4661e+01, 2.4225e-01, 
 2DIAGNOSTIC,    50, -4.663872377524e-01, 1.112002822989e-06, 1.4863e+01, 2.0205e-01, 
DIAGNOSTIC,Iteration,metricValue,convergenceValue,ITERATION_TIME_INDEX,SINCE_LAST
 2DIAGNOSTIC,     1, -4.249046538218e-01, 1.797693134862e+308, 1.7423e+01, 2.5602e+00, 
 2DIAGNOSTIC,     2, -4.249634131402e-01, 1.797693134862e+308, 1.8916e+01, 1.4933e+00, 
 2DIAGNOSTIC,     3, -4.249876094436e-01, 1.797693134862e+308, 2.0392e+01, 1.4761e+00, 
 2DIAGNOSTIC,     4, -4.250090860286e-01, 1.797693134862e+308, 2.1821e+01, 1.4281e+00, 
 2DIAGNOSTIC,     5, -4.251339492203e-01, 1.797693134862e+308, 2.3275e+01, 1.4543e+00, 
 2DIAGNOSTIC,     6, -4.252902610964e-01, 1.797693134862e+308, 2.5885e+01, 2.6102e+00, 
 2DIAGNOSTIC,     7, -4.253025466882e-01, 1.797693134862e+308, 2.7350e+01, 1.4648e+00, 
 2DIAGNOSTIC,     8, -4.253439889700e-01, 1.797693134862e+308, 2.8814e+01, 1.4636e+00, 
 2DIAGNOSTIC,     9, -4.253843327767e-01, 1.797693134862e+308, 3.0157e+01, 1.3435e+00, 
 2DIAGNOSTIC,    10, -4.254100124780e-01, 8.915292401213e-05, 3.1545e+01, 1.3875e+00, 
 2DIAGNOSTIC,    11, -4.254659497440e-01, 7.794336523252e-05, 3.3003e+01, 1.4584e+00, 
 2DIAGNOSTIC,    12, -4.256076372069e-01, 7.303740067770e-05, 3.8545e+01, 5.5417e+00, 
 2DIAGNOSTIC,    13, -4.256072251554e-01, 6.373339704045e-05, 4.0073e+01, 1.5281e+00, 
 2DIAGNOSTIC,    14, -4.256075621762e-01, 5.124430503456e-05, 4.1660e+01, 1.5876e+00, 
 2DIAGNOSTIC,    15, -4.256074691513e-01, 4.141334677027e-05, 4.3371e+01, 1.7111e+00, 
 2DIAGNOSTIC,    16, -4.256069729598e-01, 3.568447663105e-05, 4.5346e+01, 1.9748e+00, 
 2DIAGNOSTIC,    17, -4.256069376891e-01, 2.789709252454e-05, 4.6953e+01, 1.6065e+00, 
 2DIAGNOSTIC,    18, -4.256069068842e-01, 2.009118060897e-05, 4.8755e+01, 1.8024e+00, 
 2DIAGNOSTIC,    19, -4.256068497953e-01, 1.290491534096e-05, 5.0403e+01, 1.6481e+00, 
 2DIAGNOSTIC,    20, -4.256067470367e-01, 6.251948303337e-06, 5.2105e+01, 1.7023e+00, 
 2DIAGNOSTIC,    21, -4.256071427735e-01, 1.462048838614e-06, 5.3757e+01, 1.6511e+00, 
 2DIAGNOSTIC,    22, -4.256073227355e-01, 1.421133796628e-06, 5.5574e+01, 1.8178e+00, 
 2DIAGNOSTIC,    23, -4.256073314259e-01, 1.373861248391e-06, 5.7245e+01, 1.6710e+00, 
 2DIAGNOSTIC,    24, -4.256071049618e-01, 1.334692878469e-06, 5.8675e+01, 1.4294e+00, 
 2DIAGNOSTIC,    25, -4.256071325410e-01, 1.296715629220e-06, 6.0279e+01, 1.6042e+00, 
 2DIAGNOSTIC,    26, -4.256070565611e-01, 1.244449623947e-06, 6.1851e+01, 1.5724e+00, 
 2DIAGNOSTIC,    27, -4.256066997676e-01, 1.184247417595e-06, 6.3468e+01, 1.6162e+00, 
 2DIAGNOSTIC,    28, -4.256069030711e-01, 1.132326544286e-06, 6.4949e+01, 1.4818e+00, 
 2DIAGNOSTIC,    29, -4.256069773690e-01, 1.084846601267e-06, 6.6502e+01, 1.5528e+00, 
 2DIAGNOSTIC,    30, -4.256070901954e-01, 1.041625362595e-06, 6.7985e+01, 1.4832e+00, 
 2DIAGNOSTIC,    31, -4.256071858306e-01, 1.013474572514e-06, 6.9433e+01, 1.4475e+00, 
 2DIAGNOSTIC,    32, -4.256080423670e-01, 1.010010962907e-06, 7.1089e+01, 1.6559e+00, 
 2DIAGNOSTIC,    33, -4.256085623163e-01, 1.015605755286e-06, 7.2749e+01, 1.6601e+00, 
 2DIAGNOSTIC,    34, -4.256088956933e-01, 1.017840904026e-06, 7.4772e+01, 2.0227e+00, 
 2DIAGNOSTIC,    35, -4.256088872214e-01, 1.012703161402e-06, 7.6332e+01, 1.5603e+00, 
  Elapsed time (stage 0): 7.7196e+01


Total elapsed time: 7.7199e+01
Info [verificarlo]: loaded backend libinterflop_ieee.so
Info [interflop-ieee]: load backend with:
Info [interflop-ieee]: debug = false
Info [interflop-ieee]: debug-binary = false
Info [interflop-ieee]: no-backend-name = false
Info [interflop-ieee]: print-new-line = false
Info [interflop-ieee]: print-subnormal-normalized = false
Info [interflop-ieee]: count-op = false
All_Command_lines_OK
Using double precision for computations.
=============================================================================
The composite transform comprises the following transforms (in order): 
  1. /home/mdugre/scratch/mri-registration-rp/datasets/ds004513/derivatives/mri-registration-rp/0001/antsRegistration-r7-p23/sub-s033/rigid_Composite.h5[0] (type = Euler3DTransform)
  2. /home/mdugre/scratch/mri-registration-rp/datasets/ds004513/derivatives/mri-registration-rp/0001/antsRegistration-r7-p23/sub-s033/rigid_Composite.h5[1] (type = Euler3DTransform)
  3. /home/mdugre/scratch/mri-registration-rp/datasets/ds004513/derivatives/mri-registration-rp/0001/antsRegistration-r7-p23/sub-s033/rigid_Composite.h5[2] (type = Euler3DTransform)
=============================================================================
  number of levels = 4
  fixed image: /templateflow/tpl-MNI152NLin2009cAsym/tpl-MNI152NLin2009cAsym_res-01_desc-brain_T1w.nii.gz
  moving image: /home/mdugre/scratch/mri-registration-rp/datasets/ds004513/derivatives/mri-registration-rp/antsBrainExtraction/sub-s033/BrainExtractionBrain.nii.gz
Dimension = 3
Number of stages = 1
Use histogram matching = false
Winsorize image intensities = true
  Lower quantile = 0.005
  Upper quantile = 0.995


Stage 1 State
   Image metric = MattesMI
     Fixed image = Image (0x3ea87e0)
  RTTI typeinfo:   itk::Image<double, 3u>
  Reference Count: 2
  Modified Time: 1592
  Debug: Off
  Object Name: 
  Observers: 
    none
  Source: (none)
  Source output name: (none)
  Release Data: Off
  Data Released: False
  Global Release Data: Off
  PipelineMTime: 0
  UpdateMTime: 1203
  RealTimeStamp: 0 seconds 
  LargestPossibleRegion: 
    Dimension: 3
    Index: [0, 0, 0]
    Size: [193, 229, 193]
  BufferedRegion: 
    Dimension: 3
    Index: [0, 0, 0]
    Size: [193, 229, 193]
  RequestedRegion: 
    Dimension: 3
    Index: [0, 0, 0]
    Size: [193, 229, 193]
  Spacing: [1, 1, 1]
  Origin: [96, 132, -78]
  Direction: 
-1 0 0
0 -1 0
0 0 1

  IndexToPointMatrix: 
-1 0 0
0 -1 0
0 0 1

  PointToIndexMatrix: 
-1 0 0
0 -1 0
0 0 1

  Inverse Direction: 
-1 0 0
0 -1 0
0 0 1

  PixelContainer: 
    ImportImageContainer (0x3f68a20)
      RTTI typeinfo:   itk::ImportImageContainer<unsigned long, double>
      Reference Count: 1
      Modified Time: 1200
      Debug: Off
      Object Name: 
      Observers: 
        none
      Pointer: 0x14bf8a36d010
      Container manages memory: true
      Size: 8530021
      Capacity: 8530021

     Moving image = Image (0x3f63d70)
  RTTI typeinfo:   itk::Image<double, 3u>
  Reference Count: 2
  Modified Time: 1593
  Debug: Off
  Object Name: 
  Observers: 
    none
  Source: (none)
  Source output name: (none)
  Release Data: Off
  Data Released: False
  Global Release Data: Off
  PipelineMTime: 0
  UpdateMTime: 1590
  RealTimeStamp: 0 seconds 
  LargestPossibleRegion: 
    Dimension: 3
    Index: [0, 0, 0]
    Size: [160, 240, 256]
  BufferedRegion: 
    Dimension: 3
    Index: [0, 0, 0]
    Size: [160, 240, 256]
  RequestedRegion: 
    Dimension: 3
    Index: [0, 0, 0]
    Size: [160, 240, 256]
  Spacing: [1, 1, 1]
  Origin: [91.5134, 94.282, -109.927]
  Direction: 
-0.99591 -0.0698718 -0.0572835
0.0697565 -0.997556 0.00401236
-0.0574239 5.01125e-08 0.99835

  IndexToPointMatrix: 
-0.99591 -0.0698718 -0.0572835
0.0697565 -0.997556 0.00401236
-0.0574239 5.01125e-08 0.99835

  PointToIndexMatrix: 
-0.99591 0.0697565 -0.0574239
-0.0698718 -0.997556 5.01483e-08
-0.0572835 0.00401236 0.99835

  Inverse Direction: 
-0.99591 0.0697565 -0.0574239
-0.0698718 -0.997556 5.01483e-08
-0.0572835 0.00401236 0.99835

  PixelContainer: 
    ImportImageContainer (0x3f1bc90)
      RTTI typeinfo:   itk::ImportImageContainer<unsigned long, double>
      Reference Count: 1
      Modified Time: 1587
      Debug: Off
      Object Name: 
      Observers: 
        none
      Pointer: 0x14bf8586c010
      Container manages memory: true
      Size: 9830400
      Capacity: 9830400

     Weighting = 1
     Sampling strategy = regular
     Number of bins = 32
     Radius = 4
     Sampling percentage  = 0.25
   Transform = Affine
     Gradient step = 0.1
     Update field sigma (voxel space) = 0
     Total field sigma (voxel space) = 0
     Update field time sigma = 0
     Total field time sigma  = 0
     Number of time indices = 0
     Number of time point samples = 0
Registration using 1 total stages.

Stage 0
  iterations = 1000x500x250x100
  convergence threshold = 1e-06
  convergence window size = 10
  number of levels = 4
  using the Mattes MI metric (number of bins = 32, weight = 1, use gradient filter = 0)
  preprocessing:  winsorizing the image intensities
  Shrink factors (level 1 out of 4): [8, 8, 8]
  Shrink factors (level 2 out of 4): [4, 4, 4]
  Shrink factors (level 3 out of 4): [2, 2, 2]
  Shrink factors (level 4 out of 4): [1, 1, 1]
  smoothing sigmas per level: [3, 2, 1, 0]
  regular sampling (percentage = 0.25)

*** Running AffineTransform registration ***

DIAGNOSTIC,Iteration,metricValue,convergenceValue,ITERATION_TIME_INDEX,SINCE_LAST
 2DIAGNOSTIC,     1, -6.376926317472e-01, 1.797693134862e+308, 6.2866e-01, 6.2866e-01, 
 2DIAGNOSTIC,     2, -6.403090513404e-01, 1.797693134862e+308, 6.3324e-01, 4.5869e-03, 
 2DIAGNOSTIC,     3, -6.449611600168e-01, 1.797693134862e+308, 6.3797e-01, 4.7269e-03, 
 2DIAGNOSTIC,     4, -6.518357833332e-01, 1.797693134862e+308, 6.4317e-01, 5.1999e-03, 
 2DIAGNOSTIC,     5, -6.626721526011e-01, 1.797693134862e+308, 6.4827e-01, 5.0960e-03, 
 2DIAGNOSTIC,     6, -6.826704057397e-01, 1.797693134862e+308, 6.5356e-01, 5.2922e-03, 
 2DIAGNOSTIC,     7, -7.275448590859e-01, 1.797693134862e+308, 6.5897e-01, 5.4061e-03, 
 2DIAGNOSTIC,     8, -7.652270926552e-01, 1.797693134862e+308, 6.6724e-01, 8.2781e-03, 
 2DIAGNOSTIC,     9, -7.834786844239e-01, 1.797693134862e+308, 6.7275e-01, 5.5079e-03, 
 2DIAGNOSTIC,    10, -8.316669407044e-01, 1.788284468806e-02, 6.7915e-01, 6.3930e-03, 
 2DIAGNOSTIC,    11, -8.912150239670e-01, 2.016239955908e-02, 6.8475e-01, 5.6062e-03, 
 2DIAGNOSTIC,    12, -8.999855685836e-01, 2.050132539308e-02, 6.9337e-01, 8.6229e-03, 
 2DIAGNOSTIC,    13, -9.051906627431e-01, 1.925470671058e-02, 6.9917e-01, 5.7921e-03, 
 2DIAGNOSTIC,    14, -9.074554941802e-01, 1.676406840353e-02, 7.0543e-01, 6.2652e-03, 
 2DIAGNOSTIC,    15, -9.078874579743e-01, 1.342218034207e-02, 7.1093e-01, 5.4939e-03, 
 2DIAGNOSTIC,    16, -9.075103197992e-01, 9.761408789268e-03, 7.1643e-01, 5.5029e-03, 
 2DIAGNOSTIC,    17, -9.076208578643e-01, 6.656942914406e-03, 7.2194e-01, 5.5079e-03, 
 2DIAGNOSTIC,    18, -9.076736672681e-01, 4.107923428547e-03, 7.2803e-01, 6.0899e-03, 
 2DIAGNOSTIC,    19, -9.075010358762e-01, 1.814075537559e-03, 7.3422e-01, 6.1960e-03, 
 2DIAGNOSTIC,    20, -9.072206507711e-01, 4.318787817628e-04, 7.4176e-01, 7.5388e-03, 
 2DIAGNOSTIC,    21, -9.069741650204e-01, 1.474890068591e-04, 7.4725e-01, 5.4851e-03, 
 2DIAGNOSTIC,    22, -9.067619575019e-01, 1.252607412510e-05, 7.5251e-01, 5.2609e-03, 
DIAGNOSTIC,Iteration,metricValue,convergenceValue,ITERATION_TIME_INDEX,SINCE_LAST
 2DIAGNOSTIC,     1, -7.439163604576e-01, 1.797693134862e+308, 1.4524e+00, 6.9986e-01, 
 2DIAGNOSTIC,     2, -7.448860550435e-01, 1.797693134862e+308, 1.4915e+00, 3.9111e-02, 
 2DIAGNOSTIC,     3, -7.459586961144e-01, 1.797693134862e+308, 1.5256e+00, 3.4113e-02, 
 2DIAGNOSTIC,     4, -7.467596666929e-01, 1.797693134862e+308, 1.5622e+00, 3.6628e-02, 
 2DIAGNOSTIC,     5, -7.474435567799e-01, 1.797693134862e+308, 1.5982e+00, 3.5964e-02, 
 2DIAGNOSTIC,     6, -7.480598231451e-01, 1.797693134862e+308, 1.6398e+00, 4.1638e-02, 
 2DIAGNOSTIC,     7, -7.485215006481e-01, 1.797693134862e+308, 1.6826e+00, 4.2751e-02, 
 2DIAGNOSTIC,     8, -7.484875148505e-01, 1.797693134862e+308, 1.7370e+00, 5.4409e-02, 
 2DIAGNOSTIC,     9, -7.484705380314e-01, 1.797693134862e+308, 1.7782e+00, 4.1232e-02, 
 2DIAGNOSTIC,    10, -7.484463619804e-01, 3.973450501437e-04, 1.8167e+00, 3.8452e-02, 
 2DIAGNOSTIC,    11, -7.486535695140e-01, 2.693322697968e-04, 1.8547e+00, 3.8024e-02, 
 2DIAGNOSTIC,    12, -7.486836530510e-01, 1.696519882804e-04, 1.8932e+00, 3.8491e-02, 
 2DIAGNOSTIC,    13, -7.487020703739e-01, 1.020354814821e-04, 1.9485e+00, 5.5316e-02, 
 2DIAGNOSTIC,    14, -7.487151750601e-01, 5.713120788513e-05, 1.9905e+00, 4.2011e-02, 
 2DIAGNOSTIC,    15, -7.486955069529e-01, 2.972886622292e-05, 2.0273e+00, 3.6813e-02, 
 2DIAGNOSTIC,    16, -7.486856713271e-01, 1.724216260829e-05, 2.0645e+00, 3.7178e-02, 
 2DIAGNOSTIC,    17, -7.486924200398e-01, 1.527930193394e-05, 2.1059e+00, 4.1433e-02, 
 2DIAGNOSTIC,    18, -7.486976875673e-01, 1.174221631033e-05, 2.1475e+00, 4.1588e-02, 
 2DIAGNOSTIC,    19, -7.486871780217e-01, 7.168753825310e-06, 2.1951e+00, 4.7620e-02, 
 2DIAGNOSTIC,    20, -7.486753460916e-01, 1.773338963645e-06, 2.2355e+00, 4.0317e-02, 
DIAGNOSTIC,Iteration,metricValue,convergenceValue,ITERATION_TIME_INDEX,SINCE_LAST
 2DIAGNOSTIC,     1, -6.324171711508e-01, 1.797693134862e+308, 3.3584e+00, 1.1229e+00, 
 2DIAGNOSTIC,     2, -6.329886649603e-01, 1.797693134862e+308, 3.6280e+00, 2.6965e-01, 
 2DIAGNOSTIC,     3, -6.336387777360e-01, 1.797693134862e+308, 3.8747e+00, 2.4673e-01, 
 2DIAGNOSTIC,     4, -6.344903421730e-01, 1.797693134862e+308, 4.1309e+00, 2.5618e-01, 
 2DIAGNOSTIC,     5, -6.367124032544e-01, 1.797693134862e+308, 4.4624e+00, 3.3146e-01, 
 2DIAGNOSTIC,     6, -6.378699872799e-01, 1.797693134862e+308, 4.8982e+00, 4.3582e-01, 
 2DIAGNOSTIC,     7, -6.378885092639e-01, 1.797693134862e+308, 5.1698e+00, 2.7165e-01, 
 2DIAGNOSTIC,     8, -6.378829609149e-01, 1.797693134862e+308, 5.4708e+00, 3.0097e-01, 
 2DIAGNOSTIC,     9, -6.378746139084e-01, 1.797693134862e+308, 5.7682e+00, 2.9739e-01, 
 2DIAGNOSTIC,    10, -6.378737773247e-01, 6.504036524664e-04, 6.1262e+00, 3.5799e-01, 
 2DIAGNOSTIC,    11, -6.378823527496e-01, 4.707577538041e-04, 6.4176e+00, 2.9138e-01, 
 2DIAGNOSTIC,    12, -6.378778522411e-01, 3.011426911339e-04, 6.7578e+00, 3.4019e-01, 
 2DIAGNOSTIC,    13, -6.378711045028e-01, 1.535783112392e-04, 7.0946e+00, 3.3678e-01, 
 2DIAGNOSTIC,    14, -6.378706628922e-01, 3.899733315794e-05, 7.4053e+00, 3.1073e-01, 
 2DIAGNOSTIC,    15, -6.378691260663e-01, 1.474637654236e-06, 7.6741e+00, 2.6887e-01, 
DIAGNOSTIC,Iteration,metricValue,convergenceValue,ITERATION_TIME_INDEX,SINCE_LAST
 2DIAGNOSTIC,     1, -5.637163565287e-01, 1.797693134862e+308, 1.0489e+01, 2.8151e+00, 
 2DIAGNOSTIC,     2, -5.638292556930e-01, 1.797693134862e+308, 1.2588e+01, 2.0987e+00, 
 2DIAGNOSTIC,     3, -5.638515891803e-01, 1.797693134862e+308, 1.5905e+01, 3.3172e+00, 
 2DIAGNOSTIC,     4, -5.638520235285e-01, 1.797693134862e+308, 1.8293e+01, 2.3877e+00, 
 2DIAGNOSTIC,     5, -5.638516828672e-01, 1.797693134862e+308, 2.0411e+01, 2.1178e+00, 
 2DIAGNOSTIC,     6, -5.638515491455e-01, 1.797693134862e+308, 2.2377e+01, 1.9664e+00, 
 2DIAGNOSTIC,     7, -5.638514012681e-01, 1.797693134862e+308, 2.4547e+01, 2.1703e+00, 
 2DIAGNOSTIC,     8, -5.638513872853e-01, 1.797693134862e+308, 2.6433e+01, 1.8859e+00, 
 2DIAGNOSTIC,     9, -5.638512111138e-01, 1.797693134862e+308, 2.8145e+01, 1.7117e+00, 
 2DIAGNOSTIC,    10, -5.638511155765e-01, 1.091763556496e-05, 3.0200e+01, 2.0552e+00, 
 2DIAGNOSTIC,    11, -5.638508500583e-01, 3.828882774101e-06, 3.2028e+01, 1.8275e+00, 
 2DIAGNOSTIC,    12, -5.638509973743e-01, 2.559512901276e-06, 3.4299e+01, 2.2711e+00, 
 2DIAGNOSTIC,    13, -5.638512774650e-01, 2.369486974713e-06, 3.6105e+01, 1.8058e+00, 
 2DIAGNOSTIC,    14, -5.638512487158e-01, 2.228197462525e-06, 3.7815e+01, 1.7102e+00, 
 2DIAGNOSTIC,    15, -5.638513011207e-01, 2.100468706301e-06, 3.9682e+01, 1.8672e+00, 
 2DIAGNOSTIC,    16, -5.638512917019e-01, 1.986310519939e-06, 4.1780e+01, 2.0980e+00, 
 2DIAGNOSTIC,    17, -5.638513959676e-01, 1.884299579549e-06, 4.3807e+01, 2.0266e+00, 
 2DIAGNOSTIC,    18, -5.638514339331e-01, 1.792865437313e-06, 4.5883e+01, 2.0767e+00, 
 2DIAGNOSTIC,    19, -5.638510673612e-01, 1.694315357799e-06, 4.7809e+01, 1.9255e+00, 
 2DIAGNOSTIC,    20, -5.638509983622e-01, 1.600259079547e-06, 5.0190e+01, 2.3813e+00, 
 2DIAGNOSTIC,    21, -5.638511463082e-01, 1.511345243677e-06, 5.2278e+01, 2.0877e+00, 
 2DIAGNOSTIC,    22, -5.638509836555e-01, 1.430015842560e-06, 5.4147e+01, 1.8692e+00, 
 2DIAGNOSTIC,    23, -5.638510573030e-01, 1.365151820670e-06, 5.6237e+01, 2.0901e+00, 
 2DIAGNOSTIC,    24, -5.638511050228e-01, 1.307869262404e-06, 5.8482e+01, 2.2447e+00, 
 2DIAGNOSTIC,    25, -5.638510360015e-01, 1.256503458023e-06, 6.0557e+01, 2.0754e+00, 
 2DIAGNOSTIC,    26, -5.638510860137e-01, 1.211248166343e-06, 6.2294e+01, 1.7363e+00, 
 2DIAGNOSTIC,    27, -5.638510240831e-01, 1.171170956681e-06, 6.4402e+01, 2.1088e+00, 
 2DIAGNOSTIC,    28, -5.638510863065e-01, 1.136644539372e-06, 6.6431e+01, 2.0289e+00, 
 2DIAGNOSTIC,    29, -5.638508335219e-01, 1.093656206097e-06, 6.8289e+01, 1.8578e+00, 
 2DIAGNOSTIC,    30, -5.638509014369e-01, 1.053869004078e-06, 7.0405e+01, 2.1162e+00, 
 2DIAGNOSTIC,    31, -5.638508518533e-01, 1.018893349206e-06, 7.2141e+01, 1.7354e+00, 
  Elapsed time (stage 0): 7.3257e+01


Total elapsed time: 7.3259e+01
Info [verificarlo]: loaded backend libinterflop_vprec.so
Info [interflop-vprec]: load backend with: 
Info [interflop-vprec]: precision-binary32 = 23
Info [interflop-vprec]: range-binary32 = 7
Info [interflop-vprec]: precision-binary64 = 23
Info [interflop-vprec]: range-binary64 = 7
Info [interflop-vprec]: mode = ob
Info [interflop-vprec]: error-mode = rel
Info [interflop-vprec]: max-abs-error-exponent = -1022
Info [interflop-vprec]: daz = false
Info [interflop-vprec]: ftz = false
Info [interflop-vprec]: 	instrument = none
Info [interflop-vprec]: 	prec-input-file = (null)
Info [interflop-vprec]: 	prec-output-file = (null)
Info [interflop-vprec]: 	prec-log-file = (null)
All_Command_lines_OK
Using double precision for computations.
=============================================================================
The composite transform comprises the following transforms (in order): 
  1. /home/mdugre/scratch/mri-registration-rp/datasets/ds004513/derivatives/mri-registration-rp/0001/antsRegistration-r7-p23/sub-s033/affine_Composite.h5[0] (type = Euler3DTransform)
  2. /home/mdugre/scratch/mri-registration-rp/datasets/ds004513/derivatives/mri-registration-rp/0001/antsRegistration-r7-p23/sub-s033/affine_Composite.h5[1] (type = Euler3DTransform)
  3. /home/mdugre/scratch/mri-registration-rp/datasets/ds004513/derivatives/mri-registration-rp/0001/antsRegistration-r7-p23/sub-s033/affine_Composite.h5[2] (type = Euler3DTransform)
  4. /home/mdugre/scratch/mri-registration-rp/datasets/ds004513/derivatives/mri-registration-rp/0001/antsRegistration-r7-p23/sub-s033/affine_Composite.h5[3] (type = AffineTransform)
=============================================================================
  number of levels = 4
  fixed image: /templateflow/tpl-MNI152NLin2009cAsym/tpl-MNI152NLin2009cAsym_res-01_desc-brain_T1w.nii.gz
  moving image: /home/mdugre/scratch/mri-registration-rp/datasets/ds004513/derivatives/mri-registration-rp/antsBrainExtraction/sub-s033/BrainExtractionBrain.nii.gz
Dimension = 3
Number of stages = 1
Use histogram matching = false
Winsorize image intensities = true
  Lower quantile = 0.005
  Upper quantile = 0.995


Stage 1 State
   Image metric = CC
     Fixed image = Image (0x3ded6f0)
  RTTI typeinfo:   itk::Image<double, 3u>
  Reference Count: 2
  Modified Time: 1606
  Debug: Off
  Object Name: 
  Observers: 
    none
  Source: (none)
  Source output name: (none)
  Release Data: Off
  Data Released: False
  Global Release Data: Off
  PipelineMTime: 0
  UpdateMTime: 1217
  RealTimeStamp: 0 seconds 
  LargestPossibleRegion: 
    Dimension: 3
    Index: [0, 0, 0]
