
##########################
# Experiment information #
##########################

EXPERIMENT_NAME: antsRegistration-r8-p20
VFC_BACKENDS: libinterflop_vprec.so --range-binary32=8 --precision-binary32=20 --range-binary64=8 --precision-binary64=20

SIF_IMG: /home/mdugre/projects/rrg-glatard/mdugre/containers/ants-vprec-no_metrics.simg

SUBJECT_ID: s033
INPUT_IMG: /home/mdugre/scratch/mri-registration-rp/datasets/ds004513/derivatives/mri-registration-rp/antsBrainExtraction/sub-s033/BrainExtractionBrain.nii.gz
OUTPUT_DIR: /home/mdugre/scratch/mri-registration-rp/datasets/ds004513/derivatives/mri-registration-rp/0001/antsRegistration-r8-p20/sub-s033

FIXED_IMG: /templateflow/tpl-MNI152NLin2009cAsym/tpl-MNI152NLin2009cAsym_res-01_desc-brain_T1w.nii.gz
DATA_DIR: /home/mdugre/scratch/mri-registration-rp/datasets/ds004513
TEMPLATEFLOW_DIR: /home/mdugre/projects/rrg-glatard/mdugre/templateflow
ITK_GLOBAL_DEFAULT_NUMBER_OF_THREADS: 16
##########################

Info [verificarlo]: loaded backend libinterflop_ieee.so
Info [interflop-ieee]: load backend with:
Info [interflop-ieee]: debug = false
Info [interflop-ieee]: debug-binary = false
Info [interflop-ieee]: no-backend-name = false
Info [interflop-ieee]: print-new-line = false
Info [interflop-ieee]: print-subnormal-normalized = false
Info [interflop-ieee]: count-op = false
All_Command_lines_OK
Using double precision for computations.
=============================================================================
The composite transform comprises the following transforms (in order): 
  1. Center of mass alignment using fixed image: /templateflow/tpl-MNI152NLin2009cAsym/tpl-MNI152NLin2009cAsym_res-01_desc-brain_T1w.nii.gz and moving image: /home/mdugre/scratch/mri-registration-rp/datasets/ds004513/derivatives/mri-registration-rp/antsBrainExtraction/sub-s033/BrainExtractionBrain.nii.gz (type = Euler3DTransform)
=============================================================================
  number of levels = 1
  fixed image: /templateflow/tpl-MNI152NLin2009cAsym/tpl-MNI152NLin2009cAsym_res-01_desc-brain_T1w.nii.gz
  moving image: /home/mdugre/scratch/mri-registration-rp/datasets/ds004513/derivatives/mri-registration-rp/antsBrainExtraction/sub-s033/BrainExtractionBrain.nii.gz
Dimension = 3
Number of stages = 1
Use histogram matching = false
Winsorize image intensities = true
  Lower quantile = 0.005
  Upper quantile = 0.995


Stage 1 State
   Image metric = MattesMI
     Fixed image = Image (0x372be70)
  RTTI typeinfo:   itk::Image<double, 3u>
  Reference Count: 2
  Modified Time: 2330
  Debug: Off
  Object Name: 
  Observers: 
    none
  Source: (none)
  Source output name: (none)
  Release Data: Off
  Data Released: False
  Global Release Data: Off
  PipelineMTime: 0
  UpdateMTime: 1941
  RealTimeStamp: 0 seconds 
  LargestPossibleRegion: 
    Dimension: 3
    Index: [0, 0, 0]
    Size: [193, 229, 193]
  BufferedRegion: 
    Dimension: 3
    Index: [0, 0, 0]
    Size: [193, 229, 193]
  RequestedRegion: 
    Dimension: 3
    Index: [0, 0, 0]
    Size: [193, 229, 193]
  Spacing: [1, 1, 1]
  Origin: [96, 132, -78]
  Direction: 
-1 0 0
0 -1 0
0 0 1

  IndexToPointMatrix: 
-1 0 0
0 -1 0
0 0 1

  PointToIndexMatrix: 
-1 0 0
0 -1 0
0 0 1

  Inverse Direction: 
-1 0 0
0 -1 0
0 0 1

  PixelContainer: 
    ImportImageContainer (0x3734c60)
      RTTI typeinfo:   itk::ImportImageContainer<unsigned long, double>
      Reference Count: 1
      Modified Time: 1938
      Debug: Off
      Object Name: 
      Observers: 
        none
      Pointer: 0x14992bac9010
      Container manages memory: true
      Size: 8530021
      Capacity: 8530021

     Moving image = Image (0x372e540)
  RTTI typeinfo:   itk::Image<double, 3u>
  Reference Count: 2
  Modified Time: 2331
  Debug: Off
  Object Name: 
  Observers: 
    none
  Source: (none)
  Source output name: (none)
  Release Data: Off
  Data Released: False
  Global Release Data: Off
  PipelineMTime: 0
  UpdateMTime: 2328
  RealTimeStamp: 0 seconds 
  LargestPossibleRegion: 
    Dimension: 3
    Index: [0, 0, 0]
    Size: [160, 240, 256]
  BufferedRegion: 
    Dimension: 3
    Index: [0, 0, 0]
    Size: [160, 240, 256]
  RequestedRegion: 
    Dimension: 3
    Index: [0, 0, 0]
    Size: [160, 240, 256]
  Spacing: [1, 1, 1]
  Origin: [91.5134, 94.282, -109.927]
  Direction: 
-0.99591 -0.0698718 -0.0572835
0.0697565 -0.997556 0.00401236
-0.0574239 5.01125e-08 0.99835

  IndexToPointMatrix: 
-0.99591 -0.0698718 -0.0572835
0.0697565 -0.997556 0.00401236
-0.0574239 5.01125e-08 0.99835

  PointToIndexMatrix: 
-0.99591 0.0697565 -0.0574239
-0.0698718 -0.997556 5.01483e-08
-0.0572835 0.00401236 0.99835

  Inverse Direction: 
-0.99591 0.0697565 -0.0574239
-0.0698718 -0.997556 5.01483e-08
-0.0572835 0.00401236 0.99835

  PixelContainer: 
    ImportImageContainer (0x3840610)
      RTTI typeinfo:   itk::ImportImageContainer<unsigned long, double>
      Reference Count: 1
      Modified Time: 2325
      Debug: Off
      Object Name: 
      Observers: 
        none
      Pointer: 0x149926fc8010
      Container manages memory: true
      Size: 9830400
      Capacity: 9830400

     Weighting = 1
     Sampling strategy = regular
     Number of bins = 32
     Radius = 4
     Sampling percentage  = 0.25
   Transform = Rigid
     Gradient step = 0.1
     Update field sigma (voxel space) = 0
     Total field sigma (voxel space) = 0
     Update field time sigma = 0
     Total field time sigma  = 0
     Number of time indices = 0
     Number of time point samples = 0
Registration using 1 total stages.

Stage 0
  iterations = 0
  convergence threshold = 1e-06
  convergence window size = 10
  number of levels = 1
  using the Mattes MI metric (number of bins = 32, weight = 1, use gradient filter = 0)
  preprocessing:  winsorizing the image intensities
  Shrink factors (level 1 out of 1): [1, 1, 1]
  smoothing sigmas per level: [0]
  regular sampling (percentage = 0.25)

*** Running Euler3DTransform registration ***

  Elapsed time (stage 0): 1.19368


Total elapsed time: 1.20309
Info [verificarlo]: loaded backend libinterflop_ieee.so
Info [interflop-ieee]: load backend with:
Info [interflop-ieee]: debug = false
Info [interflop-ieee]: debug-binary = false
Info [interflop-ieee]: no-backend-name = false
Info [interflop-ieee]: print-new-line = false
Info [interflop-ieee]: print-subnormal-normalized = false
Info [interflop-ieee]: count-op = false
All_Command_lines_OK
Using double precision for computations.
=============================================================================
The composite transform comprises the following transforms (in order): 
  1. /home/mdugre/scratch/mri-registration-rp/datasets/ds004513/derivatives/mri-registration-rp/0001/antsRegistration-r8-p20/sub-s033/align_Composite.h5[0] (type = Euler3DTransform)
  2. /home/mdugre/scratch/mri-registration-rp/datasets/ds004513/derivatives/mri-registration-rp/0001/antsRegistration-r8-p20/sub-s033/align_Composite.h5[1] (type = Euler3DTransform)
=============================================================================
  number of levels = 4
  fixed image: /templateflow/tpl-MNI152NLin2009cAsym/tpl-MNI152NLin2009cAsym_res-01_desc-brain_T1w.nii.gz
  moving image: /home/mdugre/scratch/mri-registration-rp/datasets/ds004513/derivatives/mri-registration-rp/antsBrainExtraction/sub-s033/BrainExtractionBrain.nii.gz
Dimension = 3
Number of stages = 1
Use histogram matching = false
Winsorize image intensities = true
  Lower quantile = 0.005
  Upper quantile = 0.995


Stage 1 State
   Image metric = MattesMI
     Fixed image = Image (0x3cad530)
  RTTI typeinfo:   itk::Image<double, 3u>
  Reference Count: 2
  Modified Time: 1578
  Debug: Off
  Object Name: 
  Observers: 
    none
  Source: (none)
  Source output name: (none)
  Release Data: Off
  Data Released: False
  Global Release Data: Off
  PipelineMTime: 0
  UpdateMTime: 1189
  RealTimeStamp: 0 seconds 
  LargestPossibleRegion: 
    Dimension: 3
    Index: [0, 0, 0]
    Size: [193, 229, 193]
  BufferedRegion: 
    Dimension: 3
    Index: [0, 0, 0]
    Size: [193, 229, 193]
  RequestedRegion: 
    Dimension: 3
    Index: [0, 0, 0]
    Size: [193, 229, 193]
  Spacing: [1, 1, 1]
  Origin: [96, 132, -78]
  Direction: 
-1 0 0
0 -1 0
0 0 1

  IndexToPointMatrix: 
-1 0 0
0 -1 0
0 0 1

  PointToIndexMatrix: 
-1 0 0
0 -1 0
0 0 1

  Inverse Direction: 
-1 0 0
0 -1 0
0 0 1

  PixelContainer: 
    ImportImageContainer (0x3d6bd60)
      RTTI typeinfo:   itk::ImportImageContainer<unsigned long, double>
      Reference Count: 1
      Modified Time: 1186
      Debug: Off
      Object Name: 
      Observers: 
        none
      Pointer: 0x14f6afa81010
      Container manages memory: true
      Size: 8530021
      Capacity: 8530021

     Moving image = Image (0x3d5df60)
  RTTI typeinfo:   itk::Image<double, 3u>
  Reference Count: 2
  Modified Time: 1579
  Debug: Off
  Object Name: 
  Observers: 
    none
  Source: (none)
  Source output name: (none)
  Release Data: Off
  Data Released: False
  Global Release Data: Off
  PipelineMTime: 0
  UpdateMTime: 1576
  RealTimeStamp: 0 seconds 
  LargestPossibleRegion: 
    Dimension: 3
    Index: [0, 0, 0]
    Size: [160, 240, 256]
  BufferedRegion: 
    Dimension: 3
    Index: [0, 0, 0]
    Size: [160, 240, 256]
  RequestedRegion: 
    Dimension: 3
    Index: [0, 0, 0]
    Size: [160, 240, 256]
  Spacing: [1, 1, 1]
  Origin: [91.5134, 94.282, -109.927]
  Direction: 
-0.99591 -0.0698718 -0.0572835
0.0697565 -0.997556 0.00401236
-0.0574239 5.01125e-08 0.99835

  IndexToPointMatrix: 
-0.99591 -0.0698718 -0.0572835
0.0697565 -0.997556 0.00401236
-0.0574239 5.01125e-08 0.99835

  PointToIndexMatrix: 
-0.99591 0.0697565 -0.0574239
-0.0698718 -0.997556 5.01483e-08
-0.0572835 0.00401236 0.99835

  Inverse Direction: 
-0.99591 0.0697565 -0.0574239
-0.0698718 -0.997556 5.01483e-08
-0.0572835 0.00401236 0.99835

  PixelContainer: 
    ImportImageContainer (0x3d4f6d0)
      RTTI typeinfo:   itk::ImportImageContainer<unsigned long, double>
      Reference Count: 1
      Modified Time: 1573
      Debug: Off
      Object Name: 
      Observers: 
        none
      Pointer: 0x14f6aaf80010
      Container manages memory: true
      Size: 9830400
      Capacity: 9830400

     Weighting = 1
     Sampling strategy = regular
     Number of bins = 32
     Radius = 4
     Sampling percentage  = 0.25
   Transform = Rigid
     Gradient step = 0.1
     Update field sigma (voxel space) = 0
     Total field sigma (voxel space) = 0
     Update field time sigma = 0
     Total field time sigma  = 0
     Number of time indices = 0
     Number of time point samples = 0
Registration using 1 total stages.

Stage 0
  iterations = 1000x500x250x100
  convergence threshold = 1e-06
  convergence window size = 10
  number of levels = 4
  using the Mattes MI metric (number of bins = 32, weight = 1, use gradient filter = 0)
  preprocessing:  winsorizing the image intensities
  Shrink factors (level 1 out of 4): [8, 8, 8]
  Shrink factors (level 2 out of 4): [4, 4, 4]
  Shrink factors (level 3 out of 4): [2, 2, 2]
  Shrink factors (level 4 out of 4): [1, 1, 1]
  smoothing sigmas per level: [3, 2, 1, 0]
  regular sampling (percentage = 0.25)

*** Running Euler3DTransform registration ***

DIAGNOSTIC,Iteration,metricValue,convergenceValue,ITERATION_TIME_INDEX,SINCE_LAST
 2DIAGNOSTIC,     1, -4.945365495269e-01, 1.797693134862e+308, 8.5470e-01, 8.5470e-01, 
 2DIAGNOSTIC,     2, -4.961551199262e-01, 1.797693134862e+308, 8.6037e-01, 5.6689e-03, 
 2DIAGNOSTIC,     3, -4.991207097076e-01, 1.797693134862e+308, 8.6584e-01, 5.4641e-03, 
 2DIAGNOSTIC,     4, -5.030359852117e-01, 1.797693134862e+308, 8.7031e-01, 4.4708e-03, 
 2DIAGNOSTIC,     5, -5.059125054655e-01, 1.797693134862e+308, 8.7504e-01, 4.7278e-03, 
 2DIAGNOSTIC,     6, -5.092815596254e-01, 1.797693134862e+308, 8.8016e-01, 5.1229e-03, 
 2DIAGNOSTIC,     7, -5.205915484568e-01, 1.797693134862e+308, 8.8597e-01, 5.8122e-03, 
 2DIAGNOSTIC,     8, -5.236677933913e-01, 1.797693134862e+308, 8.9122e-01, 5.2481e-03, 
 2DIAGNOSTIC,     9, -5.261653611514e-01, 1.797693134862e+308, 8.9661e-01, 5.3911e-03, 
 2DIAGNOSTIC,    10, -5.313843279548e-01, 4.956236851461e-03, 9.0290e-01, 6.2940e-03, 
 2DIAGNOSTIC,    11, -5.461121550606e-01, 5.255951709882e-03, 9.0909e-01, 6.1822e-03, 
 2DIAGNOSTIC,    12, -5.563506773266e-01, 5.544499219535e-03, 9.1478e-01, 5.6961e-03, 
 2DIAGNOSTIC,    13, -6.011783753036e-01, 7.240286203783e-03, 9.2085e-01, 6.0711e-03, 
 2DIAGNOSTIC,    14, -6.166052824952e-01, 8.701253898762e-03, 9.2563e-01, 4.7750e-03, 
 2DIAGNOSTIC,    15, -6.211428291809e-01, 9.416357351248e-03, 9.3089e-01, 5.2559e-03, 
 2DIAGNOSTIC,    16, -6.235432155642e-01, 9.368281948521e-03, 9.3659e-01, 5.7099e-03, 
 2DIAGNOSTIC,    17, -6.347577474939e-01, 9.145335078383e-03, 9.4377e-01, 7.1790e-03, 
 2DIAGNOSTIC,    18, -6.413138481647e-01, 8.359393006665e-03, 9.5098e-01, 7.2072e-03, 
 2DIAGNOSTIC,    19, -6.420802751382e-01, 6.980623599509e-03, 9.5705e-01, 6.0658e-03, 
 2DIAGNOSTIC,    20, -6.425493409319e-01, 5.272872791307e-03, 9.6160e-01, 4.5559e-03, 
 2DIAGNOSTIC,    21, -6.431795017403e-01, 3.641466852310e-03, 9.6683e-01, 5.2311e-03, 
 2DIAGNOSTIC,    22, -6.434078420300e-01, 2.049114128676e-03, 9.7146e-01, 4.6299e-03, 
 2DIAGNOSTIC,    23, -6.435083905044e-01, 1.381096995473e-03, 9.7644e-01, 4.9720e-03, 
 2DIAGNOSTIC,    24, -6.436807804607e-01, 9.688117523634e-04, 9.8196e-01, 5.5230e-03, 
 2DIAGNOSTIC,    25, -6.439989614735e-01, 6.014658322726e-04, 9.8987e-01, 7.9100e-03, 
 2DIAGNOSTIC,    26, -6.448361729410e-01, 2.655203485475e-04, 9.9487e-01, 4.9970e-03, 
 2DIAGNOSTIC,    27, -6.460796010770e-01, 1.536869952869e-04, 1.0005e+00, 5.5921e-03, 
 2DIAGNOSTIC,    28, -6.463976176930e-01, 1.550355410768e-04, 1.0053e+00, 4.8082e-03, 
 2DIAGNOSTIC,    29, -6.463935446842e-01, 1.547432298928e-04, 1.0101e+00, 4.7870e-03, 
 2DIAGNOSTIC,    30, -6.464392292067e-01, 1.482976901502e-04, 1.0162e+00, 6.1090e-03, 
 2DIAGNOSTIC,    31, -6.463723505995e-01, 1.368668106484e-04, 1.0211e+00, 4.9460e-03, 
 2DIAGNOSTIC,    32, -6.464254424613e-01, 1.173261177182e-04, 1.0276e+00, 6.5310e-03, 
 2DIAGNOSTIC,    33, -6.464354982134e-01, 8.969276597159e-05, 1.0428e+00, 1.5128e-02, 
 2DIAGNOSTIC,    34, -6.464354981804e-01, 5.811437696624e-05, 1.0575e+00, 1.4739e-02, 
 2DIAGNOSTIC,    35, -6.464354981804e-01, 2.735347367745e-05, 1.0637e+00, 6.1579e-03, 
 2DIAGNOSTIC,    36, -6.464354981804e-01, 6.562038560691e-06, 1.0695e+00, 5.8410e-03, 
 2DIAGNOSTIC,    37, -6.464354981804e-01, 2.244532221179e-06, 1.0748e+00, 5.2469e-03, 
 2DIAGNOSTIC,    38, -6.464354981804e-01, 1.990763564736e-06, 1.0805e+00, 5.7039e-03, 
 2DIAGNOSTIC,    39, -6.464354981804e-01, 1.582331366868e-06, 1.0857e+00, 5.2559e-03, 
 2DIAGNOSTIC,    40, -6.464354981804e-01, 1.698162033367e-06, 1.0911e+00, 5.3480e-03, 
DIAGNOSTIC,Iteration,metricValue,convergenceValue,ITERATION_TIME_INDEX,SINCE_LAST
 2DIAGNOSTIC,     1, -5.367244485013e-01, 1.797693134862e+308, 1.8879e+00, 7.9682e-01, 
 2DIAGNOSTIC,     2, -5.380313874029e-01, 1.797693134862e+308, 1.9178e+00, 2.9947e-02, 
 2DIAGNOSTIC,     3, -5.401731951848e-01, 1.797693134862e+308, 1.9470e+00, 2.9195e-02, 
 2DIAGNOSTIC,     4, -5.431881378112e-01, 1.797693134862e+308, 1.9763e+00, 2.9284e-02, 
 2DIAGNOSTIC,     5, -5.453557619085e-01, 1.797693134862e+308, 2.0057e+00, 2.9382e-02, 
 2DIAGNOSTIC,     6, -5.461088576742e-01, 1.797693134862e+308, 2.0351e+00, 2.9422e-02, 
 2DIAGNOSTIC,     7, -5.462086692302e-01, 1.797693134862e+308, 2.0686e+00, 3.3458e-02, 
 2DIAGNOSTIC,     8, -5.464869279439e-01, 1.797693134862e+308, 2.1050e+00, 3.6442e-02, 
 2DIAGNOSTIC,     9, -5.465850828931e-01, 1.797693134862e+308, 2.1451e+00, 4.0104e-02, 
 2DIAGNOSTIC,    10, -5.466464866414e-01, 1.224740895519e-03, 2.1747e+00, 2.9607e-02, 
 2DIAGNOSTIC,    11, -5.470487727628e-01, 8.391097312948e-04, 2.2077e+00, 3.2963e-02, 
 2DIAGNOSTIC,    12, -5.471506821549e-01, 5.042745891425e-04, 2.2414e+00, 3.3684e-02, 
 2DIAGNOSTIC,    13, -5.471747715035e-01, 2.608960693567e-04, 2.2811e+00, 3.9719e-02, 
 2DIAGNOSTIC,    14, -5.471893668483e-01, 1.401590606228e-04, 2.3123e+00, 3.1244e-02, 
 2DIAGNOSTIC,    15, -5.471839945893e-01, 9.761624325581e-05, 2.3471e+00, 3.4749e-02, 
 2DIAGNOSTIC,    16, -5.471599219893e-01, 7.527583680984e-05, 2.3785e+00, 3.1428e-02, 
 2DIAGNOSTIC,    17, -5.471662411670e-01, 5.183154599801e-05, 2.4068e+00, 2.8259e-02, 
 2DIAGNOSTIC,    18, -5.471747018871e-01, 3.478174468034e-05, 2.4369e+00, 3.0098e-02, 
 2DIAGNOSTIC,    19, -5.471813441418e-01, 1.945612361308e-05, 2.4675e+00, 3.0639e-02, 
 2DIAGNOSTIC,    20, -5.471662903881e-01, 4.969735969536e-06, 2.4967e+00, 2.9167e-02, 
 2DIAGNOSTIC,    21, -5.471844147983e-01, 1.951237968506e-06, 2.5298e+00, 3.3147e-02, 
 2DIAGNOSTIC,    22, -5.471946845176e-01, 1.794815933084e-06, 2.5592e+00, 2.9417e-02, 
 2DIAGNOSTIC,    23, -5.472309767657e-01, 2.955882436075e-06, 2.5874e+00, 2.8175e-02, 
 2DIAGNOSTIC,    24, -5.472460338371e-01, 4.500344076203e-06, 2.6194e+00, 3.1972e-02, 
 2DIAGNOSTIC,    25, -5.473225335385e-01, 7.130566388618e-06, 2.6471e+00, 2.7754e-02, 
 2DIAGNOSTIC,    26, -5.474469312038e-01, 1.098291628330e-05, 2.6757e+00, 2.8589e-02, 
 2DIAGNOSTIC,    27, -5.481013376211e-01, 2.630867567667e-05, 2.7059e+00, 3.0165e-02, 
 2DIAGNOSTIC,    28, -5.480678961496e-01, 3.739001547730e-05, 2.7476e+00, 4.1684e-02, 
 2DIAGNOSTIC,    29, -5.482084714987e-01, 4.712048411141e-05, 2.7903e+00, 4.2761e-02, 
 2DIAGNOSTIC,    30, -5.482082515209e-01, 5.166422231819e-05, 2.8256e+00, 3.5235e-02, 
 2DIAGNOSTIC,    31, -5.482014611912e-01, 5.125927408550e-05, 2.8636e+00, 3.8038e-02, 
 2DIAGNOSTIC,    32, -5.481815953775e-01, 4.582634726234e-05, 2.8968e+00, 3.3227e-02, 
 2DIAGNOSTIC,    33, -5.481718253823e-01, 3.689944849773e-05, 2.9286e+00, 3.1777e-02, 
 2DIAGNOSTIC,    34, -5.481825622442e-01, 2.560031174892e-05, 2.9668e+00, 3.8233e-02, 
 2DIAGNOSTIC,    35, -5.481838554194e-01, 1.379950182378e-05, 3.0031e+00, 3.6251e-02, 
 2DIAGNOSTIC,    36, -5.481854578264e-01, 3.009147879384e-06, 3.0370e+00, 3.3877e-02, 
 2DIAGNOSTIC,    37, -5.482631349793e-01, 2.936453368570e-06, 3.0710e+00, 3.4055e-02, 
 2DIAGNOSTIC,    38, -5.482856020886e-01, 2.436041345942e-06, 3.1049e+00, 3.3860e-02, 
 2DIAGNOSTIC,    39, -5.482706773199e-01, 3.481415343162e-06, 3.1414e+00, 3.6522e-02, 
 2DIAGNOSTIC,    40, -5.481987457977e-01, 3.304584017174e-06, 3.1786e+00, 3.7233e-02, 
 2DIAGNOSTIC,    41, -5.482802609387e-01, 3.876930373237e-06, 3.2168e+00, 3.8137e-02, 
 2DIAGNOSTIC,    42, -5.481854225733e-01, 2.651797466922e-06, 3.2634e+00, 4.6664e-02, 
 2DIAGNOSTIC,    43, -5.482756677583e-01, 2.295644436896e-06, 3.3038e+00, 4.0352e-02, 
 2DIAGNOSTIC,    44, -5.483025103998e-01, 2.242770841456e-06, 3.3371e+00, 3.3352e-02, 
 2DIAGNOSTIC,    45, -5.482811767445e-01, 1.827100639656e-06, 3.3714e+00, 3.4216e-02, 
 2DIAGNOSTIC,    46, -5.482645580223e-01, 1.146760973705e-06, 3.4058e+00, 3.4399e-02, 
 2DIAGNOSTIC,    47, -5.482548595254e-01, 1.199404987096e-06, 3.4990e+00, 9.3229e-02, 
 2DIAGNOSTIC,    48, -5.482548595242e-01, 1.436202559567e-06, 3.5763e+00, 7.7338e-02, 
 2DIAGNOSTIC,    49, -5.482548595242e-01, 1.435319635951e-06, 3.6159e+00, 3.9611e-02, 
DIAGNOSTIC,Iteration,metricValue,convergenceValue,ITERATION_TIME_INDEX,SINCE_LAST
 2DIAGNOSTIC,     1, -4.661874110084e-01, 1.797693134862e+308, 4.7705e+00, 1.1545e+00, 
 2DIAGNOSTIC,     2, -4.663634515896e-01, 1.797693134862e+308, 5.0289e+00, 2.5849e-01, 
 2DIAGNOSTIC,     3, -4.665065345978e-01, 1.797693134862e+308, 5.2730e+00, 2.4403e-01, 
 2DIAGNOSTIC,     4, -4.666273020242e-01, 1.797693134862e+308, 5.5430e+00, 2.7007e-01, 
 2DIAGNOSTIC,     5, -4.667166967595e-01, 1.797693134862e+308, 5.7941e+00, 2.5109e-01, 
 2DIAGNOSTIC,     6, -4.668676971945e-01, 1.797693134862e+308, 6.0533e+00, 2.5919e-01, 
 2DIAGNOSTIC,     7, -4.669697737434e-01, 1.797693134862e+308, 6.3314e+00, 2.7812e-01, 
 2DIAGNOSTIC,     8, -4.670258211771e-01, 1.797693134862e+308, 6.6993e+00, 3.6784e-01, 
 2DIAGNOSTIC,     9, -4.670791410743e-01, 1.797693134862e+308, 6.9526e+00, 2.5336e-01, 
 2DIAGNOSTIC,    10, -4.671177588533e-01, 1.313587860251e-04, 7.2001e+00, 2.4752e-01, 
 2DIAGNOSTIC,    11, -4.671984867994e-01, 1.051493824453e-04, 7.4408e+00, 2.4066e-01, 
 2DIAGNOSTIC,    12, -4.674369262622e-01, 9.493124511070e-05, 7.7994e+00, 3.5856e-01, 
 2DIAGNOSTIC,    13, -4.675172236418e-01, 8.810224417434e-05, 8.0402e+00, 2.4082e-01, 
 2DIAGNOSTIC,    14, -4.675742671247e-01, 8.226852105120e-05, 8.4138e+00, 3.7360e-01, 
 2DIAGNOSTIC,    15, -4.675740570656e-01, 7.352502002125e-05, 8.7758e+00, 3.6201e-01, 
 2DIAGNOSTIC,    16, -4.675758191209e-01, 6.507098788326e-05, 9.0642e+00, 2.8840e-01, 
 2DIAGNOSTIC,    17, -4.675763664535e-01, 5.533299267872e-05, 9.4864e+00, 4.2219e-01, 
 2DIAGNOSTIC,    18, -4.675754901920e-01, 4.353009271223e-05, 9.7750e+00, 2.8857e-01, 
 2DIAGNOSTIC,    19, -4.675746286550e-01, 3.086282506097e-05, 1.0065e+01, 2.8998e-01, 
 2DIAGNOSTIC,    20, -4.675738045878e-01, 1.795210898342e-05, 1.0349e+01, 2.8410e-01, 
 2DIAGNOSTIC,    21, -4.675730339397e-01, 6.920489361156e-06, 1.0648e+01, 2.9891e-01, 
 2DIAGNOSTIC,    22, -4.675694679000e-01, 2.837802734877e-06, 1.0903e+01, 2.5522e-01, 
 2DIAGNOSTIC,    23, -4.675680085567e-01, 1.025490623613e-06, 1.1159e+01, 2.5536e-01, 
DIAGNOSTIC,Iteration,metricValue,convergenceValue,ITERATION_TIME_INDEX,SINCE_LAST
 2DIAGNOSTIC,     1, -4.258656209451e-01, 1.797693134862e+308, 1.3876e+01, 2.7176e+00, 
 2DIAGNOSTIC,     2, -4.259687549311e-01, 1.797693134862e+308, 1.5366e+01, 1.4894e+00, 
 2DIAGNOSTIC,     3, -4.260094200909e-01, 1.797693134862e+308, 1.7414e+01, 2.0487e+00, 
 2DIAGNOSTIC,     4, -4.260083595170e-01, 1.797693134862e+308, 2.0015e+01, 2.6011e+00, 
 2DIAGNOSTIC,     5, -4.260082780016e-01, 1.797693134862e+308, 2.1808e+01, 1.7931e+00, 
 2DIAGNOSTIC,     6, -4.260080797474e-01, 1.797693134862e+308, 2.3537e+01, 1.7287e+00, 
 2DIAGNOSTIC,     7, -4.260080443470e-01, 1.797693134862e+308, 2.5388e+01, 1.8510e+00, 
 2DIAGNOSTIC,     8, -4.260077660082e-01, 1.797693134862e+308, 2.7282e+01, 1.8936e+00, 
 2DIAGNOSTIC,     9, -4.260077776652e-01, 1.797693134862e+308, 2.8940e+01, 1.6583e+00, 
 2DIAGNOSTIC,    10, -4.260076832631e-01, 1.484386134017e-05, 3.0444e+01, 1.5035e+00, 
 2DIAGNOSTIC,    11, -4.260076962183e-01, 5.122147402364e-06, 3.2201e+01, 1.7577e+00, 
 2DIAGNOSTIC,    12, -4.260076067564e-01, 2.484271012793e-06, 3.3680e+01, 1.4788e+00, 
 2DIAGNOSTIC,    13, -4.260076264505e-01, 2.356910412324e-06, 3.5184e+01, 1.5035e+00, 
 2DIAGNOSTIC,    14, -4.260076573315e-01, 2.206816290387e-06, 3.6699e+01, 1.5158e+00, 
 2DIAGNOSTIC,    15, -4.260075751807e-01, 2.075430603848e-06, 3.8044e+01, 1.3448e+00, 
 2DIAGNOSTIC,    16, -4.260076052277e-01, 1.957664631999e-06, 3.9674e+01, 1.6300e+00, 
 2DIAGNOSTIC,    17, -4.260073159698e-01, 1.844081633506e-06, 4.1421e+01, 1.7468e+00, 
 2DIAGNOSTIC,    18, -4.260073221844e-01, 1.735759300958e-06, 4.3071e+01, 1.6497e+00, 
 2DIAGNOSTIC,    19, -4.260072263429e-01, 1.638730487752e-06, 4.4454e+01, 1.3838e+00, 
 2DIAGNOSTIC,    20, -4.260070326540e-01, 1.545032317064e-06, 4.5905e+01, 1.4509e+00, 
 2DIAGNOSTIC,    21, -4.260069479781e-01, 1.462493692067e-06, 4.7571e+01, 1.6653e+00, 
 2DIAGNOSTIC,    22, -4.260073713534e-01, 1.402519361454e-06, 4.9275e+01, 1.7041e+00, 
 2DIAGNOSTIC,    23, -4.260075967778e-01, 1.358458320500e-06, 5.0962e+01, 1.6875e+00, 
 2DIAGNOSTIC,    24, -4.260076242079e-01, 1.321929750137e-06, 5.2864e+01, 1.9013e+00, 
 2DIAGNOSTIC,    25, -4.260075352689e-01, 1.284314715654e-06, 5.4758e+01, 1.8940e+00, 
 2DIAGNOSTIC,    26, -4.260075422806e-01, 1.249782285460e-06, 5.6438e+01, 1.6801e+00, 
 2DIAGNOSTIC,    27, -4.260073426716e-01, 1.202929790264e-06, 5.7917e+01, 1.4791e+00, 
 2DIAGNOSTIC,    28, -4.260071460933e-01, 1.152501768416e-06, 5.9430e+01, 1.5129e+00, 
 2DIAGNOSTIC,    29, -4.260074648921e-01, 1.109447436830e-06, 6.1120e+01, 1.6902e+00, 
 2DIAGNOSTIC,    30, -4.260076796103e-01, 1.068497367675e-06, 6.2782e+01, 1.6623e+00, 
 2DIAGNOSTIC,    31, -4.260075881839e-01, 1.025336939742e-06, 6.4505e+01, 1.7232e+00, 
  Elapsed time (stage 0): 6.5495e+01


Total elapsed time: 6.5508e+01
Info [verificarlo]: loaded backend libinterflop_ieee.so
Info [interflop-ieee]: load backend with:
Info [interflop-ieee]: debug = false
Info [interflop-ieee]: debug-binary = false
Info [interflop-ieee]: no-backend-name = false
Info [interflop-ieee]: print-new-line = false
Info [interflop-ieee]: print-subnormal-normalized = false
Info [interflop-ieee]: count-op = false
All_Command_lines_OK
Using double precision for computations.
=============================================================================
The composite transform comprises the following transforms (in order): 
  1. /home/mdugre/scratch/mri-registration-rp/datasets/ds004513/derivatives/mri-registration-rp/0001/antsRegistration-r8-p20/sub-s033/rigid_Composite.h5[0] (type = Euler3DTransform)
  2. /home/mdugre/scratch/mri-registration-rp/datasets/ds004513/derivatives/mri-registration-rp/0001/antsRegistration-r8-p20/sub-s033/rigid_Composite.h5[1] (type = Euler3DTransform)
  3. /home/mdugre/scratch/mri-registration-rp/datasets/ds004513/derivatives/mri-registration-rp/0001/antsRegistration-r8-p20/sub-s033/rigid_Composite.h5[2] (type = Euler3DTransform)
=============================================================================
  number of levels = 4
  fixed image: /templateflow/tpl-MNI152NLin2009cAsym/tpl-MNI152NLin2009cAsym_res-01_desc-brain_T1w.nii.gz
  moving image: /home/mdugre/scratch/mri-registration-rp/datasets/ds004513/derivatives/mri-registration-rp/antsBrainExtraction/sub-s033/BrainExtractionBrain.nii.gz
Dimension = 3
Number of stages = 1
Use histogram matching = false
Winsorize image intensities = true
  Lower quantile = 0.005
  Upper quantile = 0.995


Stage 1 State
   Image metric = MattesMI
     Fixed image = Image (0x3af57e0)
  RTTI typeinfo:   itk::Image<double, 3u>
  Reference Count: 2
  Modified Time: 1592
  Debug: Off
  Object Name: 
  Observers: 
    none
  Source: (none)
  Source output name: (none)
  Release Data: Off
  Data Released: False
  Global Release Data: Off
  PipelineMTime: 0
  UpdateMTime: 1203
  RealTimeStamp: 0 seconds 
  LargestPossibleRegion: 
    Dimension: 3
    Index: [0, 0, 0]
    Size: [193, 229, 193]
  BufferedRegion: 
    Dimension: 3
    Index: [0, 0, 0]
    Size: [193, 229, 193]
  RequestedRegion: 
    Dimension: 3
    Index: [0, 0, 0]
    Size: [193, 229, 193]
  Spacing: [1, 1, 1]
  Origin: [96, 132, -78]
  Direction: 
-1 0 0
0 -1 0
0 0 1

  IndexToPointMatrix: 
-1 0 0
0 -1 0
0 0 1

  PointToIndexMatrix: 
-1 0 0
0 -1 0
0 0 1

  Inverse Direction: 
-1 0 0
0 -1 0
0 0 1

  PixelContainer: 
    ImportImageContainer (0x3bb5a20)
      RTTI typeinfo:   itk::ImportImageContainer<unsigned long, double>
      Reference Count: 1
      Modified Time: 1200
      Debug: Off
      Object Name: 
      Observers: 
        none
      Pointer: 0x151ec8c80010
      Container manages memory: true
      Size: 8530021
      Capacity: 8530021

     Moving image = Image (0x3bb0d70)
  RTTI typeinfo:   itk::Image<double, 3u>
  Reference Count: 2
  Modified Time: 1593
  Debug: Off
  Object Name: 
  Observers: 
    none
  Source: (none)
  Source output name: (none)
  Release Data: Off
  Data Released: False
  Global Release Data: Off
  PipelineMTime: 0
  UpdateMTime: 1590
  RealTimeStamp: 0 seconds 
  LargestPossibleRegion: 
    Dimension: 3
    Index: [0, 0, 0]
    Size: [160, 240, 256]
  BufferedRegion: 
    Dimension: 3
    Index: [0, 0, 0]
    Size: [160, 240, 256]
  RequestedRegion: 
    Dimension: 3
    Index: [0, 0, 0]
    Size: [160, 240, 256]
  Spacing: [1, 1, 1]
  Origin: [91.5134, 94.282, -109.927]
  Direction: 
-0.99591 -0.0698718 -0.0572835
0.0697565 -0.997556 0.00401236
-0.0574239 5.01125e-08 0.99835

  IndexToPointMatrix: 
-0.99591 -0.0698718 -0.0572835
0.0697565 -0.997556 0.00401236
-0.0574239 5.01125e-08 0.99835

  PointToIndexMatrix: 
-0.99591 0.0697565 -0.0574239
-0.0698718 -0.997556 5.01483e-08
-0.0572835 0.00401236 0.99835

  Inverse Direction: 
-0.99591 0.0697565 -0.0574239
-0.0698718 -0.997556 5.01483e-08
-0.0572835 0.00401236 0.99835

  PixelContainer: 
    ImportImageContainer (0x3b68c90)
      RTTI typeinfo:   itk::ImportImageContainer<unsigned long, double>
      Reference Count: 1
      Modified Time: 1587
      Debug: Off
      Object Name: 
      Observers: 
        none
      Pointer: 0x151ec417f010
      Container manages memory: true
      Size: 9830400
      Capacity: 9830400

     Weighting = 1
     Sampling strategy = regular
     Number of bins = 32
     Radius = 4
     Sampling percentage  = 0.25
   Transform = Affine
     Gradient step = 0.1
     Update field sigma (voxel space) = 0
     Total field sigma (voxel space) = 0
     Update field time sigma = 0
     Total field time sigma  = 0
     Number of time indices = 0
     Number of time point samples = 0
Registration using 1 total stages.

Stage 0
  iterations = 1000x500x250x100
  convergence threshold = 1e-06
  convergence window size = 10
  number of levels = 4
  using the Mattes MI metric (number of bins = 32, weight = 1, use gradient filter = 0)
  preprocessing:  winsorizing the image intensities
  Shrink factors (level 1 out of 4): [8, 8, 8]
  Shrink factors (level 2 out of 4): [4, 4, 4]
  Shrink factors (level 3 out of 4): [2, 2, 2]
  Shrink factors (level 4 out of 4): [1, 1, 1]
  smoothing sigmas per level: [3, 2, 1, 0]
  regular sampling (percentage = 0.25)

*** Running AffineTransform registration ***

DIAGNOSTIC,Iteration,metricValue,convergenceValue,ITERATION_TIME_INDEX,SINCE_LAST
 2DIAGNOSTIC,     1, -6.382801523903e-01, 1.797693134862e+308, 7.4010e-01, 7.4010e-01, 
 2DIAGNOSTIC,     2, -6.407455868839e-01, 1.797693134862e+308, 7.4579e-01, 5.6932e-03, 
 2DIAGNOSTIC,     3, -6.451556683229e-01, 1.797693134862e+308, 7.5161e-01, 5.8138e-03, 
 2DIAGNOSTIC,     4, -6.521817188214e-01, 1.797693134862e+308, 7.5681e-01, 5.2080e-03, 
 2DIAGNOSTIC,     5, -6.630833753455e-01, 1.797693134862e+308, 7.6190e-01, 5.0831e-03, 
 2DIAGNOSTIC,     6, -6.815427032862e-01, 1.797693134862e+308, 7.6732e-01, 5.4209e-03, 
 2DIAGNOSTIC,     7, -7.249692315645e-01, 1.797693134862e+308, 7.7322e-01, 5.9030e-03, 
 2DIAGNOSTIC,     8, -8.402010455728e-01, 1.797693134862e+308, 7.7874e-01, 5.5208e-03, 
 2DIAGNOSTIC,     9, -8.671885917559e-01, 1.797693134862e+308, 7.8738e-01, 8.6370e-03, 
 2DIAGNOSTIC,    10, -8.690963558387e-01, 2.371688336684e-02, 7.9241e-01, 5.0330e-03, 
 2DIAGNOSTIC,    11, -8.787574608842e-01, 2.366490107022e-02, 7.9790e-01, 5.4879e-03, 
 2DIAGNOSTIC,    12, -8.887248887744e-01, 2.187541466434e-02, 8.0305e-01, 5.1470e-03, 
 2DIAGNOSTIC,    13, -8.929057707187e-01, 1.863936284916e-02, 8.0886e-01, 5.8162e-03, 
 2DIAGNOSTIC,    14, -8.987183754748e-01, 1.459531449426e-02, 8.1461e-01, 5.7471e-03, 
 2DIAGNOSTIC,    15, -9.051738781748e-01, 1.031525671657e-02, 8.2238e-01, 7.7651e-03, 
 2DIAGNOSTIC,    16, -9.052605796800e-01, 6.140319230096e-03, 8.2859e-01, 6.2141e-03, 
 2DIAGNOSTIC,    17, -9.053707482086e-01, 2.818868447140e-03, 8.3407e-01, 5.4841e-03, 
 2DIAGNOSTIC,    18, -9.053811121049e-01, 1.918643048606e-03, 8.3905e-01, 4.9741e-03, 
 2DIAGNOSTIC,    19, -9.053125718197e-01, 1.449946560487e-03, 8.4434e-01, 5.2960e-03, 
 2DIAGNOSTIC,    20, -9.056074483046e-01, 9.346674656072e-04, 8.4926e-01, 4.9200e-03, 
 2DIAGNOSTIC,    21, -9.057714300819e-01, 5.476696036079e-04, 8.5473e-01, 5.4669e-03, 
 2DIAGNOSTIC,    22, -9.058905371458e-01, 3.086834669857e-04, 8.5996e-01, 5.2290e-03, 
 2DIAGNOSTIC,    23, -9.058921943706e-01, 1.254932865850e-04, 8.6520e-01, 5.2419e-03, 
 2DIAGNOSTIC,    24, -9.060721963364e-01, 3.076524400752e-05, 8.7008e-01, 4.8771e-03, 
 2DIAGNOSTIC,    25, -9.061310695066e-01, 3.069558727252e-05, 8.7522e-01, 5.1441e-03, 
 2DIAGNOSTIC,    26, -9.063650477315e-01, 3.198992854798e-05, 8.8034e-01, 5.1179e-03, 
 2DIAGNOSTIC,    27, -9.065808744262e-01, 3.438390461838e-05, 8.8693e-01, 6.5880e-03, 
 2DIAGNOSTIC,    28, -9.067768638409e-01, 3.603524460370e-05, 8.9477e-01, 7.8371e-03, 
 2DIAGNOSTIC,    29, -9.066510328292e-01, 3.193765384532e-05, 9.0157e-01, 6.8040e-03, 
 2DIAGNOSTIC,    30, -9.066697086228e-01, 2.880070472439e-05, 9.0684e-01, 5.2700e-03, 
 2DIAGNOSTIC,    31, -9.066979752348e-01, 2.530929077741e-05, 9.1255e-01, 5.7130e-03, 
 2DIAGNOSTIC,    32, -9.065806486306e-01, 1.973132128080e-05, 9.1749e-01, 4.9400e-03, 
 2DIAGNOSTIC,    33, -9.064738171930e-01, 1.167740481796e-05, 9.2285e-01, 5.3620e-03, 
 2DIAGNOSTIC,    34, -9.065209683226e-01, 5.432877926585e-06, 9.2781e-01, 4.9520e-03, 
DIAGNOSTIC,Iteration,metricValue,convergenceValue,ITERATION_TIME_INDEX,SINCE_LAST
 2DIAGNOSTIC,     1, -7.444258291796e-01, 1.797693134862e+308, 1.6802e+00, 7.5242e-01, 
 2DIAGNOSTIC,     2, -7.451650715162e-01, 1.797693134862e+308, 1.7210e+00, 4.0782e-02, 
 2DIAGNOSTIC,     3, -7.459639628726e-01, 1.797693134862e+308, 1.7590e+00, 3.7979e-02, 
 2DIAGNOSTIC,     4, -7.466992434042e-01, 1.797693134862e+308, 1.7950e+00, 3.6034e-02, 
 2DIAGNOSTIC,     5, -7.474374059208e-01, 1.797693134862e+308, 1.8298e+00, 3.4821e-02, 
 2DIAGNOSTIC,     6, -7.483569836855e-01, 1.797693134862e+308, 1.8909e+00, 6.1087e-02, 
 2DIAGNOSTIC,     7, -7.483545907667e-01, 1.797693134862e+308, 1.9268e+00, 3.5840e-02, 
 2DIAGNOSTIC,     8, -7.483997020879e-01, 1.797693134862e+308, 1.9629e+00, 3.6176e-02, 
 2DIAGNOSTIC,     9, -7.484231484390e-01, 1.797693134862e+308, 2.0041e+00, 4.1155e-02, 
 2DIAGNOSTIC,    10, -7.484434510622e-01, 3.645014970543e-04, 2.0438e+00, 3.9671e-02, 
 2DIAGNOSTIC,    11, -7.484596090112e-01, 2.490614504781e-04, 2.0855e+00, 4.1735e-02, 
 2DIAGNOSTIC,    12, -7.484602518858e-01, 1.540944424498e-04, 2.1211e+00, 3.5584e-02, 
 2DIAGNOSTIC,    13, -7.484836312541e-01, 8.420763283216e-05, 2.1575e+00, 3.6439e-02, 
 2DIAGNOSTIC,    14, -7.484794476952e-01, 3.644323752400e-05, 2.2027e+00, 4.5154e-02, 
 2DIAGNOSTIC,    15, -7.485042872007e-01, 1.062088236833e-05, 2.2468e+00, 4.4105e-02, 
 2DIAGNOSTIC,    16, -7.485246712294e-01, 9.588934705915e-06, 2.2905e+00, 4.3678e-02, 
 2DIAGNOSTIC,    17, -7.485535331462e-01, 8.544172963164e-06, 2.3399e+00, 4.9460e-02, 
 2DIAGNOSTIC,    18, -7.485657363714e-01, 8.194400495799e-06, 2.3759e+00, 3.5958e-02, 
 2DIAGNOSTIC,    19, -7.486280036126e-01, 8.997410289147e-06, 2.4159e+00, 4.0014e-02, 
 2DIAGNOSTIC,    20, -7.486189735844e-01, 9.221306680129e-06, 2.4513e+00, 3.5438e-02, 
 2DIAGNOSTIC,    21, -7.486726015026e-01, 9.991453975740e-06, 2.4943e+00, 4.2918e-02, 
 2DIAGNOSTIC,    22, -7.486819439701e-01, 1.004587895822e-05, 2.5309e+00, 3.6648e-02, 
 2DIAGNOSTIC,    23, -7.486590104626e-01, 9.305674979303e-06, 2.5679e+00, 3.7009e-02, 
 2DIAGNOSTIC,    24, -7.486457235605e-01, 7.617375180513e-06, 2.6063e+00, 3.8342e-02, 
 2DIAGNOSTIC,    25, -7.486374305106e-01, 5.724044466505e-06, 2.6595e+00, 5.3224e-02, 
 2DIAGNOSTIC,    26, -7.486188045743e-01, 3.570929784293e-06, 2.7003e+00, 4.0844e-02, 
 2DIAGNOSTIC,    27, -7.486333785969e-01, 1.970383761922e-06, 2.7562e+00, 5.5925e-02, 
DIAGNOSTIC,Iteration,metricValue,convergenceValue,ITERATION_TIME_INDEX,SINCE_LAST
 2DIAGNOSTIC,     1, -6.324301898108e-01, 1.797693134862e+308, 3.9726e+00, 1.2163e+00, 
 2DIAGNOSTIC,     2, -6.330321844355e-01, 1.797693134862e+308, 4.2810e+00, 3.0842e-01, 
 2DIAGNOSTIC,     3, -6.336911411859e-01, 1.797693134862e+308, 4.5917e+00, 3.1068e-01, 
 2DIAGNOSTIC,     4, -6.345119184730e-01, 1.797693134862e+308, 4.9128e+00, 3.2111e-01, 
 2DIAGNOSTIC,     5, -6.368000487926e-01, 1.797693134862e+308, 5.6499e+00, 7.3712e-01, 
 2DIAGNOSTIC,     6, -6.367953449590e-01, 1.797693134862e+308, 6.0089e+00, 3.5903e-01, 
 2DIAGNOSTIC,     7, -6.367954297351e-01, 1.797693134862e+308, 6.3796e+00, 3.7067e-01, 
 2DIAGNOSTIC,     8, -6.367931924119e-01, 1.797693134862e+308, 6.7345e+00, 3.5488e-01, 
 2DIAGNOSTIC,     9, -6.367924817202e-01, 1.797693134862e+308, 7.0860e+00, 3.5147e-01, 
 2DIAGNOSTIC,    10, -6.367906541482e-01, 4.901922724145e-04, 7.4337e+00, 3.4774e-01, 
 2DIAGNOSTIC,    11, -6.367887002311e-01, 3.306547912920e-04, 7.7159e+00, 2.8221e-01, 
 2DIAGNOSTIC,    12, -6.367887638441e-01, 1.918593416557e-04, 8.0205e+00, 3.0454e-01, 
 2DIAGNOSTIC,    13, -6.367876779132e-01, 8.012977615976e-05, 8.3374e+00, 3.1690e-01, 
 2DIAGNOSTIC,    14, -6.367865658510e-01, 1.405214036590e-06, 8.6854e+00, 3.4808e-01, 
 2DIAGNOSTIC,    15, -6.367859215948e-01, 1.435447008438e-06, 8.9798e+00, 2.9442e-01, 
 2DIAGNOSTIC,    16, -6.367825875741e-01, 1.300098713158e-06, 9.2989e+00, 3.1906e-01, 
 2DIAGNOSTIC,    17, -6.367804217241e-01, 1.192344150858e-06, 9.5978e+00, 2.9890e-01, 
 2DIAGNOSTIC,    18, -6.367794963986e-01, 1.080986529421e-06, 9.9379e+00, 3.4012e-01, 
 2DIAGNOSTIC,    19, -6.367784401027e-01, 1.003617350920e-06, 1.0214e+01, 2.7616e-01, 
DIAGNOSTIC,Iteration,metricValue,convergenceValue,ITERATION_TIME_INDEX,SINCE_LAST
 2DIAGNOSTIC,     1, -5.628206164906e-01, 1.797693134862e+308, 1.3406e+01, 3.1919e+00, 
 2DIAGNOSTIC,     2, -5.630093128185e-01, 1.797693134862e+308, 1.5372e+01, 1.9663e+00, 
 2DIAGNOSTIC,     3, -5.631899671505e-01, 1.797693134862e+308, 1.7387e+01, 2.0152e+00, 
 2DIAGNOSTIC,     4, -5.634987233610e-01, 1.797693134862e+308, 1.9561e+01, 2.1733e+00, 
 2DIAGNOSTIC,     5, -5.639443568559e-01, 1.797693134862e+308, 2.2788e+01, 3.2274e+00, 
 2DIAGNOSTIC,     6, -5.639595647705e-01, 1.797693134862e+308, 2.4885e+01, 2.0965e+00, 
 2DIAGNOSTIC,     7, -5.639587483400e-01, 1.797693134862e+308, 2.7048e+01, 2.1635e+00, 
 2DIAGNOSTIC,     8, -5.639579700018e-01, 1.797693134862e+308, 2.9243e+01, 2.1951e+00, 
 2DIAGNOSTIC,     9, -5.639582083619e-01, 1.797693134862e+308, 3.1138e+01, 1.8945e+00, 
 2DIAGNOSTIC,    10, -5.639584806085e-01, 1.405059523181e-04, 3.3161e+01, 2.0235e+00, 
 2DIAGNOSTIC,    11, -5.639588864695e-01, 9.226942884147e-05, 3.5203e+01, 2.0421e+00, 
 2DIAGNOSTIC,    12, -5.639595706521e-01, 5.226228712542e-05, 3.7536e+01, 2.3325e+00, 
 2DIAGNOSTIC,    13, -5.639592788850e-01, 2.080358827961e-05, 3.9721e+01, 2.1849e+00, 
 2DIAGNOSTIC,    14, -5.639580315840e-01, 2.794381493670e-06, 4.2034e+01, 2.3130e+00, 
 2DIAGNOSTIC,    15, -5.639577902537e-01, 2.095331746069e-06, 4.5039e+01, 3.0053e+00, 
 2DIAGNOSTIC,    16, -5.639578728423e-01, 1.967711127954e-06, 4.7154e+01, 2.1148e+00, 
 2DIAGNOSTIC,    17, -5.639574331934e-01, 1.819573026335e-06, 4.9089e+01, 1.9347e+00, 
 2DIAGNOSTIC,    18, -5.639573949832e-01, 1.670410815578e-06, 5.1320e+01, 2.2317e+00, 
 2DIAGNOSTIC,    19, -5.639572914351e-01, 1.550310213781e-06, 5.3242e+01, 1.9213e+00, 
 2DIAGNOSTIC,    20, -5.639571725124e-01, 1.457538806794e-06, 5.5005e+01, 1.7634e+00, 
 2DIAGNOSTIC,    21, -5.639570729256e-01, 1.392407650021e-06, 5.6703e+01, 1.6977e+00, 
 2DIAGNOSTIC,    22, -5.639571530439e-01, 1.362091507154e-06, 5.8658e+01, 1.9554e+00, 
 2DIAGNOSTIC,    23, -5.639572332070e-01, 1.338341989607e-06, 6.0798e+01, 2.1404e+00, 
 2DIAGNOSTIC,    24, -5.639571227321e-01, 1.292280139363e-06, 6.2600e+01, 1.8013e+00, 
 2DIAGNOSTIC,    25, -5.639570122441e-01, 1.245950297740e-06, 6.4258e+01, 1.6584e+00, 
 2DIAGNOSTIC,    26, -5.639569268952e-01, 1.205946035733e-06, 6.6109e+01, 1.8514e+00, 
 2DIAGNOSTIC,    27, -5.639566783278e-01, 1.157657173012e-06, 6.7792e+01, 1.6824e+00, 
 2DIAGNOSTIC,    28, -5.639566078353e-01, 1.112871127217e-06, 6.9460e+01, 1.6677e+00, 
 2DIAGNOSTIC,    29, -5.639564429680e-01, 1.068776651479e-06, 7.1351e+01, 1.8910e+00, 
 2DIAGNOSTIC,    30, -5.639564797134e-01, 1.029047861520e-06, 7.3150e+01, 1.7993e+00, 
  Elapsed time (stage 0): 7.4443e+01


Total elapsed time: 7.4451e+01
Info [verificarlo]: loaded backend libinterflop_vprec.so
Info [interflop-vprec]: load backend with: 
Info [interflop-vprec]: precision-binary32 = 20
Info [interflop-vprec]: range-binary32 = 8
Info [interflop-vprec]: precision-binary64 = 20
Info [interflop-vprec]: range-binary64 = 8
Info [interflop-vprec]: mode = ob
Info [interflop-vprec]: error-mode = rel
Info [interflop-vprec]: max-abs-error-exponent = -1022
Info [interflop-vprec]: daz = false
Info [interflop-vprec]: ftz = false
