
##########################
# Experiment information #
##########################

EXPERIMENT_NAME: antsRegistration-r7-p13
VFC_BACKENDS: libinterflop_vprec.so --range-binary32=7 --precision-binary32=13 --range-binary64=7 --precision-binary64=13

SIF_IMG: /home/mdugre/projects/rrg-glatard/mdugre/containers/ants-vprec-no_metrics.simg

SUBJECT_ID: s017
INPUT_IMG: /home/mdugre/scratch/mri-registration-rp/datasets/ds004513/derivatives/mri-registration-rp/antsBrainExtraction/sub-s017/BrainExtractionBrain.nii.gz
OUTPUT_DIR: /home/mdugre/scratch/mri-registration-rp/datasets/ds004513/derivatives/mri-registration-rp/0001/antsRegistration-r7-p13/sub-s017

FIXED_IMG: /templateflow/tpl-MNI152NLin2009cAsym/tpl-MNI152NLin2009cAsym_res-01_desc-brain_T1w.nii.gz
DATA_DIR: /home/mdugre/scratch/mri-registration-rp/datasets/ds004513
TEMPLATEFLOW_DIR: /home/mdugre/projects/rrg-glatard/mdugre/templateflow
ITK_GLOBAL_DEFAULT_NUMBER_OF_THREADS: 16
##########################

Info [verificarlo]: loaded backend libinterflop_ieee.so
Info [interflop-ieee]: load backend with:
Info [interflop-ieee]: debug = false
Info [interflop-ieee]: debug-binary = false
Info [interflop-ieee]: no-backend-name = false
Info [interflop-ieee]: print-new-line = false
Info [interflop-ieee]: print-subnormal-normalized = false
Info [interflop-ieee]: count-op = false
All_Command_lines_OK
Using double precision for computations.
=============================================================================
The composite transform comprises the following transforms (in order): 
  1. Center of mass alignment using fixed image: /templateflow/tpl-MNI152NLin2009cAsym/tpl-MNI152NLin2009cAsym_res-01_desc-brain_T1w.nii.gz and moving image: /home/mdugre/scratch/mri-registration-rp/datasets/ds004513/derivatives/mri-registration-rp/antsBrainExtraction/sub-s017/BrainExtractionBrain.nii.gz (type = Euler3DTransform)
=============================================================================
  number of levels = 1
  fixed image: /templateflow/tpl-MNI152NLin2009cAsym/tpl-MNI152NLin2009cAsym_res-01_desc-brain_T1w.nii.gz
  moving image: /home/mdugre/scratch/mri-registration-rp/datasets/ds004513/derivatives/mri-registration-rp/antsBrainExtraction/sub-s017/BrainExtractionBrain.nii.gz
Dimension = 3
Number of stages = 1
Use histogram matching = false
Winsorize image intensities = true
  Lower quantile = 0.005
  Upper quantile = 0.995


Stage 1 State
   Image metric = MattesMI
     Fixed image = Image (0x3b6fe70)
  RTTI typeinfo:   itk::Image<double, 3u>
  Reference Count: 2
  Modified Time: 2334
  Debug: Off
  Object Name: 
  Observers: 
    none
  Source: (none)
  Source output name: (none)
  Release Data: Off
  Data Released: False
  Global Release Data: Off
  PipelineMTime: 0
  UpdateMTime: 1943
  RealTimeStamp: 0 seconds 
  LargestPossibleRegion: 
    Dimension: 3
    Index: [0, 0, 0]
    Size: [193, 229, 193]
  BufferedRegion: 
    Dimension: 3
    Index: [0, 0, 0]
    Size: [193, 229, 193]
  RequestedRegion: 
    Dimension: 3
    Index: [0, 0, 0]
    Size: [193, 229, 193]
  Spacing: [1, 1, 1]
  Origin: [96, 132, -78]
  Direction: 
-1 0 0
0 -1 0
0 0 1

  IndexToPointMatrix: 
-1 0 0
0 -1 0
0 0 1

  PointToIndexMatrix: 
-1 0 0
0 -1 0
0 0 1

  Inverse Direction: 
-1 0 0
0 -1 0
0 0 1

  PixelContainer: 
    ImportImageContainer (0x3b78c60)
      RTTI typeinfo:   itk::ImportImageContainer<unsigned long, double>
      Reference Count: 1
      Modified Time: 1940
      Debug: Off
      Object Name: 
      Observers: 
        none
      Pointer: 0x14a60b903010
      Container manages memory: true
      Size: 8530021
      Capacity: 8530021

     Moving image = Image (0x3b7b610)
  RTTI typeinfo:   itk::Image<double, 3u>
  Reference Count: 2
  Modified Time: 2335
  Debug: Off
  Object Name: 
  Observers: 
    none
  Source: (none)
  Source output name: (none)
  Release Data: Off
  Data Released: False
  Global Release Data: Off
  PipelineMTime: 0
  UpdateMTime: 2332
  RealTimeStamp: 0 seconds 
  LargestPossibleRegion: 
    Dimension: 3
    Index: [0, 0, 0]
    Size: [160, 240, 256]
  BufferedRegion: 
    Dimension: 3
    Index: [0, 0, 0]
    Size: [160, 240, 256]
  RequestedRegion: 
    Dimension: 3
    Index: [0, 0, 0]
    Size: [160, 240, 256]
  Spacing: [1, 1, 1]
  Origin: [91.3357, 102.231, -120.042]
  Direction: 
-0.997442 -5.36781e-05 -0.0714818
5.35416e-05 -1 3.82465e-06
-0.0714818 -1.23894e-08 0.997442

  IndexToPointMatrix: 
-0.997444 -5.36781e-05 -0.0714818
5.35418e-05 -1 3.82465e-06
-0.0714819 -1.23894e-08 0.997442

  PointToIndexMatrix: 
-0.99744 5.35415e-05 -0.0714816
-5.36781e-05 -1 -1.23894e-08
-0.0714818 3.82465e-06 0.997442

  Inverse Direction: 
-0.997442 5.35416e-05 -0.0714818
-5.36781e-05 -1 -1.23894e-08
-0.0714818 3.82465e-06 0.997442

  PixelContainer: 
    ImportImageContainer (0x3c14ef0)
      RTTI typeinfo:   itk::ImportImageContainer<unsigned long, double>
      Reference Count: 1
      Modified Time: 2329
      Debug: Off
      Object Name: 
      Observers: 
        none
      Pointer: 0x14a606e02010
      Container manages memory: true
      Size: 9830400
      Capacity: 9830400

     Weighting = 1
     Sampling strategy = regular
     Number of bins = 32
     Radius = 4
     Sampling percentage  = 0.25
   Transform = Rigid
     Gradient step = 0.1
     Update field sigma (voxel space) = 0
     Total field sigma (voxel space) = 0
     Update field time sigma = 0
     Total field time sigma  = 0
     Number of time indices = 0
     Number of time point samples = 0
Registration using 1 total stages.

Stage 0
  iterations = 0
  convergence threshold = 1e-06
  convergence window size = 10
  number of levels = 1
  using the Mattes MI metric (number of bins = 32, weight = 1, use gradient filter = 0)
  preprocessing:  winsorizing the image intensities
  Shrink factors (level 1 out of 1): [1, 1, 1]
  smoothing sigmas per level: [0]
  regular sampling (percentage = 0.25)

*** Running Euler3DTransform registration ***

  Elapsed time (stage 0): 1.12621


Total elapsed time: 1.12881
Info [verificarlo]: loaded backend libinterflop_ieee.so
Info [interflop-ieee]: load backend with:
Info [interflop-ieee]: debug = false
Info [interflop-ieee]: debug-binary = false
Info [interflop-ieee]: no-backend-name = false
Info [interflop-ieee]: print-new-line = false
Info [interflop-ieee]: print-subnormal-normalized = false
Info [interflop-ieee]: count-op = false
All_Command_lines_OK
Using double precision for computations.
=============================================================================
The composite transform comprises the following transforms (in order): 
  1. /home/mdugre/scratch/mri-registration-rp/datasets/ds004513/derivatives/mri-registration-rp/0001/antsRegistration-r7-p13/sub-s017/align_Composite.h5[0] (type = Euler3DTransform)
  2. /home/mdugre/scratch/mri-registration-rp/datasets/ds004513/derivatives/mri-registration-rp/0001/antsRegistration-r7-p13/sub-s017/align_Composite.h5[1] (type = Euler3DTransform)
=============================================================================
  number of levels = 4
  fixed image: /templateflow/tpl-MNI152NLin2009cAsym/tpl-MNI152NLin2009cAsym_res-01_desc-brain_T1w.nii.gz
  moving image: /home/mdugre/scratch/mri-registration-rp/datasets/ds004513/derivatives/mri-registration-rp/antsBrainExtraction/sub-s017/BrainExtractionBrain.nii.gz
Dimension = 3
Number of stages = 1
Use histogram matching = false
Winsorize image intensities = true
  Lower quantile = 0.005
  Upper quantile = 0.995


Stage 1 State
   Image metric = MattesMI
     Fixed image = Image (0x4908530)
  RTTI typeinfo:   itk::Image<double, 3u>
  Reference Count: 2
  Modified Time: 1580
  Debug: Off
  Object Name: 
  Observers: 
    none
  Source: (none)
  Source output name: (none)
  Release Data: Off
  Data Released: False
  Global Release Data: Off
  PipelineMTime: 0
  UpdateMTime: 1189
  RealTimeStamp: 0 seconds 
  LargestPossibleRegion: 
    Dimension: 3
    Index: [0, 0, 0]
    Size: [193, 229, 193]
  BufferedRegion: 
    Dimension: 3
    Index: [0, 0, 0]
    Size: [193, 229, 193]
  RequestedRegion: 
    Dimension: 3
    Index: [0, 0, 0]
    Size: [193, 229, 193]
  Spacing: [1, 1, 1]
  Origin: [96, 132, -78]
  Direction: 
-1 0 0
0 -1 0
0 0 1

  IndexToPointMatrix: 
-1 0 0
0 -1 0
0 0 1

  PointToIndexMatrix: 
-1 0 0
0 -1 0
0 0 1

  Inverse Direction: 
-1 0 0
0 -1 0
0 0 1

  PixelContainer: 
    ImportImageContainer (0x49c6d60)
      RTTI typeinfo:   itk::ImportImageContainer<unsigned long, double>
      Reference Count: 1
      Modified Time: 1186
      Debug: Off
      Object Name: 
      Observers: 
        none
      Pointer: 0x152185215010
      Container manages memory: true
      Size: 8530021
      Capacity: 8530021

     Moving image = Image (0x49b8f60)
  RTTI typeinfo:   itk::Image<double, 3u>
  Reference Count: 2
  Modified Time: 1581
  Debug: Off
  Object Name: 
  Observers: 
    none
  Source: (none)
  Source output name: (none)
  Release Data: Off
  Data Released: False
  Global Release Data: Off
  PipelineMTime: 0
  UpdateMTime: 1578
  RealTimeStamp: 0 seconds 
  LargestPossibleRegion: 
    Dimension: 3
    Index: [0, 0, 0]
    Size: [160, 240, 256]
  BufferedRegion: 
    Dimension: 3
    Index: [0, 0, 0]
    Size: [160, 240, 256]
  RequestedRegion: 
    Dimension: 3
    Index: [0, 0, 0]
    Size: [160, 240, 256]
  Spacing: [1, 1, 1]
  Origin: [91.3357, 102.231, -120.042]
  Direction: 
-0.997442 -5.36781e-05 -0.0714818
5.35416e-05 -1 3.82465e-06
-0.0714818 -1.23894e-08 0.997442

  IndexToPointMatrix: 
-0.997444 -5.36781e-05 -0.0714818
5.35418e-05 -1 3.82465e-06
-0.0714819 -1.23894e-08 0.997442

  PointToIndexMatrix: 
-0.99744 5.35415e-05 -0.0714816
-5.36781e-05 -1 -1.23894e-08
-0.0714818 3.82465e-06 0.997442

  Inverse Direction: 
-0.997442 5.35416e-05 -0.0714818
-5.36781e-05 -1 -1.23894e-08
-0.0714818 3.82465e-06 0.997442

  PixelContainer: 
    ImportImageContainer (0x49aa6d0)
      RTTI typeinfo:   itk::ImportImageContainer<unsigned long, double>
      Reference Count: 1
      Modified Time: 1575
      Debug: Off
      Object Name: 
      Observers: 
        none
      Pointer: 0x152180714010
      Container manages memory: true
      Size: 9830400
      Capacity: 9830400

     Weighting = 1
     Sampling strategy = regular
     Number of bins = 32
     Radius = 4
     Sampling percentage  = 0.25
   Transform = Rigid
     Gradient step = 0.1
     Update field sigma (voxel space) = 0
     Total field sigma (voxel space) = 0
     Update field time sigma = 0
     Total field time sigma  = 0
     Number of time indices = 0
     Number of time point samples = 0
Registration using 1 total stages.

Stage 0
  iterations = 1000x500x250x100
  convergence threshold = 1e-06
  convergence window size = 10
  number of levels = 4
  using the Mattes MI metric (number of bins = 32, weight = 1, use gradient filter = 0)
  preprocessing:  winsorizing the image intensities
  Shrink factors (level 1 out of 4): [8, 8, 8]
  Shrink factors (level 2 out of 4): [4, 4, 4]
  Shrink factors (level 3 out of 4): [2, 2, 2]
  Shrink factors (level 4 out of 4): [1, 1, 1]
  smoothing sigmas per level: [3, 2, 1, 0]
  regular sampling (percentage = 0.25)

*** Running Euler3DTransform registration ***

DIAGNOSTIC,Iteration,metricValue,convergenceValue,ITERATION_TIME_INDEX,SINCE_LAST
 2DIAGNOSTIC,     1, -5.567767283252e-01, 1.797693134862e+308, 7.6913e-01, 7.6913e-01, 
 2DIAGNOSTIC,     2, -5.584239703569e-01, 1.797693134862e+308, 7.7460e-01, 5.4729e-03, 
 2DIAGNOSTIC,     3, -5.612715515272e-01, 1.797693134862e+308, 7.7947e-01, 4.8621e-03, 
 2DIAGNOSTIC,     4, -5.637780194106e-01, 1.797693134862e+308, 7.8511e-01, 5.6410e-03, 
 2DIAGNOSTIC,     5, -5.658229214212e-01, 1.797693134862e+308, 7.9071e-01, 5.6031e-03, 
 2DIAGNOSTIC,     6, -5.696445468689e-01, 1.797693134862e+308, 7.9711e-01, 6.3989e-03, 
 2DIAGNOSTIC,     7, -5.734118275242e-01, 1.797693134862e+308, 8.0212e-01, 5.0139e-03, 
 2DIAGNOSTIC,     8, -5.754533484979e-01, 1.797693134862e+308, 8.0922e-01, 7.0992e-03, 
 2DIAGNOSTIC,     9, -5.763021950250e-01, 1.797693134862e+308, 8.1402e-01, 4.7960e-03, 
 2DIAGNOSTIC,    10, -5.771142770255e-01, 2.558085388189e-03, 8.2072e-01, 6.7000e-03, 
 2DIAGNOSTIC,    11, -5.785125587612e-01, 2.176117873031e-03, 8.2605e-01, 5.3329e-03, 
 2DIAGNOSTIC,    12, -5.799413348090e-01, 1.786767970983e-03, 8.3188e-01, 5.8310e-03, 
 2DIAGNOSTIC,    13, -5.809477908980e-01, 1.443124036835e-03, 8.3693e-01, 5.0430e-03, 
 2DIAGNOSTIC,    14, -5.814655964876e-01, 1.127354078216e-03, 8.4120e-01, 4.2732e-03, 
 2DIAGNOSTIC,    15, -5.819093877219e-01, 8.331089413526e-04, 8.4696e-01, 5.7621e-03, 
 2DIAGNOSTIC,    16, -5.822326442998e-01, 6.258215683232e-04, 8.5287e-01, 5.9049e-03, 
 2DIAGNOSTIC,    17, -5.825793599843e-01, 5.040365830240e-04, 8.5854e-01, 5.6751e-03, 
 2DIAGNOSTIC,    18, -5.863713925916e-01, 5.095725576643e-04, 8.6385e-01, 5.3048e-03, 
 2DIAGNOSTIC,    19, -5.901617810167e-01, 5.855607354892e-04, 8.7355e-01, 9.7020e-03, 
 2DIAGNOSTIC,    20, -5.906016223816e-01, 6.286272500280e-04, 8.8025e-01, 6.7079e-03, 
 2DIAGNOSTIC,    21, -5.907365705866e-01, 6.467002963799e-04, 8.8608e-01, 5.8210e-03, 
 2DIAGNOSTIC,    22, -5.906256574994e-01, 6.330265936335e-04, 8.9180e-01, 5.7240e-03, 
 2DIAGNOSTIC,    23, -5.906307681710e-01, 5.816453055130e-04, 8.9710e-01, 5.3020e-03, 
 2DIAGNOSTIC,    24, -5.905636622009e-01, 4.878472529175e-04, 9.0142e-01, 4.3180e-03, 
 2DIAGNOSTIC,    25, -5.906024985369e-01, 3.662279783918e-04, 9.0753e-01, 6.1140e-03, 
 2DIAGNOSTIC,    26, -5.906025304323e-01, 2.276984665041e-04, 9.1711e-01, 9.5770e-03, 
 2DIAGNOSTIC,    27, -5.906211320573e-01, 8.394584288581e-05, 9.2237e-01, 5.2631e-03, 
 2DIAGNOSTIC,    28, -5.908796758313e-01, 1.198925031146e-05, 9.2806e-01, 5.6901e-03, 
 2DIAGNOSTIC,    29, -5.911411552395e-01, 1.217108543245e-05, 9.3495e-01, 6.8870e-03, 
 2DIAGNOSTIC,    30, -5.915241330961e-01, 2.456301684370e-05, 9.4180e-01, 6.8462e-03, 
 2DIAGNOSTIC,    31, -5.916229825993e-01, 3.758205306430e-05, 9.4739e-01, 5.5909e-03, 
 2DIAGNOSTIC,    32, -5.916651208817e-01, 4.532975449541e-05, 9.5180e-01, 4.4150e-03, 
 2DIAGNOSTIC,    33, -5.916874987632e-01, 4.885284295123e-05, 9.5664e-01, 4.8411e-03, 
 2DIAGNOSTIC,    34, -5.917053822200e-01, 4.682712859250e-05, 9.6181e-01, 5.1670e-03, 
 2DIAGNOSTIC,    35, -5.917390904867e-01, 4.153275817755e-05, 9.7351e-01, 1.1699e-02, 
 2DIAGNOSTIC,    36, -5.917390912695e-01, 3.272086429692e-05, 9.7808e-01, 4.5650e-03, 
 2DIAGNOSTIC,    37, -5.917391070342e-01, 2.163060314974e-05, 9.8247e-01, 4.3941e-03, 
 2DIAGNOSTIC,    38, -5.917391330930e-01, 1.245673595347e-05, 9.8699e-01, 4.5171e-03, 
 2DIAGNOSTIC,    39, -5.917391754734e-01, 5.801896388560e-06, 9.9142e-01, 4.4329e-03, 
 2DIAGNOSTIC,    40, -5.917392424311e-01, 3.643428648743e-06, 9.9589e-01, 4.4680e-03, 
 2DIAGNOSTIC,    41, -5.917393428828e-01, 2.487109296796e-06, 1.0001e+00, 4.2500e-03, 
 2DIAGNOSTIC,    42, -5.917394845334e-01, 1.715730316404e-06, 1.0046e+00, 4.4141e-03, 
 2DIAGNOSTIC,    43, -5.917396625586e-01, 1.144189314212e-06, 1.0090e+00, 4.4570e-03, 
DIAGNOSTIC,Iteration,metricValue,convergenceValue,ITERATION_TIME_INDEX,SINCE_LAST
 2DIAGNOSTIC,     1, -4.784004501414e-01, 1.797693134862e+308, 1.7315e+00, 7.2254e-01, 
 2DIAGNOSTIC,     2, -4.783999131484e-01, 1.797693134862e+308, 1.7591e+00, 2.7541e-02, 
 2DIAGNOSTIC,     3, -4.784190365421e-01, 1.797693134862e+308, 1.7902e+00, 3.1138e-02, 
 2DIAGNOSTIC,     4, -4.785028756507e-01, 1.797693134862e+308, 1.8187e+00, 2.8451e-02, 
 2DIAGNOSTIC,     5, -4.786647485427e-01, 1.797693134862e+308, 1.8464e+00, 2.7710e-02, 
 2DIAGNOSTIC,     6, -4.788099932955e-01, 1.797693134862e+308, 1.8735e+00, 2.7100e-02, 
 2DIAGNOSTIC,     7, -4.794645847210e-01, 1.797693134862e+308, 1.9015e+00, 2.7995e-02, 
 2DIAGNOSTIC,     8, -4.813619171740e-01, 1.797693134862e+308, 1.9400e+00, 3.8567e-02, 
 2DIAGNOSTIC,     9, -4.817935635325e-01, 1.797693134862e+308, 1.9709e+00, 3.0855e-02, 
 2DIAGNOSTIC,    10, -4.822647496918e-01, 5.583367506079e-04, 2.0007e+00, 2.9771e-02, 
 2DIAGNOSTIC,    11, -4.831344909908e-01, 6.366384576200e-04, 2.0328e+00, 3.2135e-02, 
 2DIAGNOSTIC,    12, -4.835768992545e-01, 6.653898034642e-04, 2.0815e+00, 4.8718e-02, 
 2DIAGNOSTIC,    13, -4.835677565315e-01, 6.290342968621e-04, 2.1186e+00, 3.7039e-02, 
 2DIAGNOSTIC,    14, -4.835733047832e-01, 5.452729207291e-04, 2.1614e+00, 4.2884e-02, 
 2DIAGNOSTIC,    15, -4.835701547242e-01, 4.305772095243e-04, 2.2055e+00, 4.4071e-02, 
 2DIAGNOSTIC,    16, -4.835566912997e-01, 2.956272803322e-04, 2.2408e+00, 3.5312e-02, 
 2DIAGNOSTIC,    17, -4.835523104080e-01, 1.703980274465e-04, 2.2793e+00, 3.8428e-02, 
 2DIAGNOSTIC,    18, -4.835483887827e-01, 1.058854945320e-04, 2.3099e+00, 3.0606e-02, 
 2DIAGNOSTIC,    19, -4.835469915470e-01, 5.203914173626e-05, 2.3392e+00, 2.9374e-02, 
 2DIAGNOSTIC,    20, -4.835401827381e-01, 1.204163316720e-05, 2.3730e+00, 3.3797e-02, 
DIAGNOSTIC,Iteration,metricValue,convergenceValue,ITERATION_TIME_INDEX,SINCE_LAST
 2DIAGNOSTIC,     1, -4.161561167877e-01, 1.797693134862e+308, 3.4901e+00, 1.1170e+00, 
 2DIAGNOSTIC,     2, -4.161756893437e-01, 1.797693134862e+308, 3.7728e+00, 2.8276e-01, 
 2DIAGNOSTIC,     3, -4.161696114506e-01, 1.797693134862e+308, 4.0268e+00, 2.5392e-01, 
 2DIAGNOSTIC,     4, -4.161681503550e-01, 1.797693134862e+308, 4.4220e+00, 3.9530e-01, 
 2DIAGNOSTIC,     5, -4.161678896599e-01, 1.797693134862e+308, 4.6800e+00, 2.5794e-01, 
 2DIAGNOSTIC,     6, -4.161669123582e-01, 1.797693134862e+308, 4.9361e+00, 2.5615e-01, 
 2DIAGNOSTIC,     7, -4.161667485640e-01, 1.797693134862e+308, 5.1852e+00, 2.4908e-01, 
 2DIAGNOSTIC,     8, -4.161656816012e-01, 1.797693134862e+308, 5.4165e+00, 2.3124e-01, 
 2DIAGNOSTIC,     9, -4.161650043534e-01, 1.797693134862e+308, 5.7376e+00, 3.2110e-01, 
 2DIAGNOSTIC,    10, -4.161655463811e-01, 2.943366540734e-06, 6.0903e+00, 3.5277e-01, 
 2DIAGNOSTIC,    11, -4.161636420992e-01, 1.720591481916e-06, 6.4010e+00, 3.1066e-01, 
 2DIAGNOSTIC,    12, -4.161624970807e-01, 1.867462474769e-06, 6.6582e+00, 2.5725e-01, 
 2DIAGNOSTIC,    13, -4.161615819741e-01, 1.698398065061e-06, 6.8899e+00, 2.3170e-01, 
 2DIAGNOSTIC,    14, -4.161624603291e-01, 1.592444847556e-06, 7.1306e+00, 2.4063e-01, 
 2DIAGNOSTIC,    15, -4.161620529809e-01, 1.530180430920e-06, 7.3849e+00, 2.5430e-01, 
 2DIAGNOSTIC,    16, -4.161603835102e-01, 1.417836910586e-06, 7.6088e+00, 2.2392e-01, 
 2DIAGNOSTIC,    17, -4.161625251477e-01, 1.455414107170e-06, 7.8549e+00, 2.4616e-01, 
 2DIAGNOSTIC,    18, -4.161617349622e-01, 1.453854850494e-06, 8.0714e+00, 2.1644e-01, 
 2DIAGNOSTIC,    19, -4.161656140591e-01, 1.594928491999e-06, 8.3180e+00, 2.4665e-01, 
 2DIAGNOSTIC,    20, -4.161678254526e-01, 1.821576313198e-06, 8.6658e+00, 3.4780e-01, 
 2DIAGNOSTIC,    21, -4.161672172256e-01, 1.924327013521e-06, 8.9143e+00, 2.4847e-01, 
 2DIAGNOSTIC,    22, -4.161665846119e-01, 1.927748303834e-06, 9.1330e+00, 2.1870e-01, 
 2DIAGNOSTIC,    23, -4.161660793962e-01, 1.843028030267e-06, 9.3948e+00, 2.6180e-01, 
 2DIAGNOSTIC,    24, -4.161655365529e-01, 1.730448861870e-06, 9.6199e+00, 2.2510e-01, 
 2DIAGNOSTIC,    25, -4.161651834943e-01, 1.568353728928e-06, 9.8461e+00, 2.2624e-01, 
 2DIAGNOSTIC,    26, -4.161660037662e-01, 1.368374529687e-06, 1.0100e+01, 2.5348e-01, 
 2DIAGNOSTIC,    27, -4.161651045494e-01, 1.203105055608e-06, 1.0311e+01, 2.1166e-01, 
 2DIAGNOSTIC,    28, -4.161679884894e-01, 1.097088648233e-06, 1.0532e+01, 2.2037e-01, 
 2DIAGNOSTIC,    29, -4.161710849645e-01, 1.162831229772e-06, 1.0790e+01, 2.5832e-01, 
 2DIAGNOSTIC,    30, -4.161703640303e-01, 1.250475704991e-06, 1.1047e+01, 2.5660e-01, 
 2DIAGNOSTIC,    31, -4.161708142908e-01, 1.313167820260e-06, 1.1290e+01, 2.4376e-01, 
 2DIAGNOSTIC,    32, -4.161710089261e-01, 1.336085274688e-06, 1.1514e+01, 2.2390e-01, 
 2DIAGNOSTIC,    33, -4.161749613444e-01, 1.395595234106e-06, 1.1770e+01, 2.5612e-01, 
 2DIAGNOSTIC,    34, -4.161777487499e-01, 1.452526293261e-06, 1.1996e+01, 2.2540e-01, 
 2DIAGNOSTIC,    35, -4.161792220169e-01, 1.478601701337e-06, 1.2253e+01, 2.5682e-01, 
 2DIAGNOSTIC,    36, -4.161806859638e-01, 1.495439399885e-06, 1.2502e+01, 2.4956e-01, 
 2DIAGNOSTIC,    37, -4.161791778416e-01, 1.407680648401e-06, 1.2728e+01, 2.2587e-01, 
 2DIAGNOSTIC,    38, -4.161838486857e-01, 1.406626851819e-06, 1.3015e+01, 2.8730e-01, 
 2DIAGNOSTIC,    39, -4.161849953088e-01, 1.422742155189e-06, 1.3299e+01, 2.8382e-01, 
 2DIAGNOSTIC,    40, -4.161860914879e-01, 1.386764617119e-06, 1.3654e+01, 3.5440e-01, 
 2DIAGNOSTIC,    41, -4.161854987565e-01, 1.295749563087e-06, 1.3916e+01, 2.6201e-01, 
 2DIAGNOSTIC,    42, -4.161840259977e-01, 1.138573331682e-06, 1.4170e+01, 2.5489e-01, 
 2DIAGNOSTIC,    43, -4.161834049849e-01, 1.004201827609e-06, 1.4391e+01, 2.2076e-01, 
DIAGNOSTIC,Iteration,metricValue,convergenceValue,ITERATION_TIME_INDEX,SINCE_LAST
 2DIAGNOSTIC,     1, -3.834265912292e-01, 1.797693134862e+308, 1.6929e+01, 2.5380e+00, 
 2DIAGNOSTIC,     2, -3.834925053329e-01, 1.797693134862e+308, 1.8616e+01, 1.6871e+00, 
 2DIAGNOSTIC,     3, -3.834978116439e-01, 1.797693134862e+308, 2.0321e+01, 1.7052e+00, 
 2DIAGNOSTIC,     4, -3.835004127698e-01, 1.797693134862e+308, 2.1926e+01, 1.6042e+00, 
 2DIAGNOSTIC,     5, -3.835019582496e-01, 1.797693134862e+308, 2.3609e+01, 1.6828e+00, 
 2DIAGNOSTIC,     6, -3.835049957397e-01, 1.797693134862e+308, 2.5331e+01, 1.7227e+00, 
 2DIAGNOSTIC,     7, -3.835058343707e-01, 1.797693134862e+308, 2.7005e+01, 1.6737e+00, 
 2DIAGNOSTIC,     8, -3.835066498242e-01, 1.797693134862e+308, 2.8898e+01, 1.8935e+00, 
 2DIAGNOSTIC,     9, -3.835062955310e-01, 1.797693134862e+308, 3.0571e+01, 1.6728e+00, 
 2DIAGNOSTIC,    10, -3.835063108985e-01, 1.066660803380e-05, 3.2234e+01, 1.6625e+00, 
 2DIAGNOSTIC,    11, -3.835061571779e-01, 4.747041096834e-06, 3.4449e+01, 2.2148e+00, 
 2DIAGNOSTIC,    12, -3.835060832638e-01, 3.706200979503e-06, 3.5867e+01, 1.4185e+00, 
 2DIAGNOSTIC,    13, -3.835060190709e-01, 3.027826283822e-06, 3.7509e+01, 1.6418e+00, 
 2DIAGNOSTIC,    14, -3.835058638467e-01, 2.523467141413e-06, 3.9022e+01, 1.5131e+00, 
 2DIAGNOSTIC,    15, -3.835058006952e-01, 2.133709332539e-06, 4.0608e+01, 1.5857e+00, 
 2DIAGNOSTIC,    16, -3.835056463960e-01, 1.924177743112e-06, 4.2457e+01, 1.8498e+00, 
 2DIAGNOSTIC,    17, -3.835054775117e-01, 1.773328565838e-06, 4.3967e+01, 1.5092e+00, 
 2DIAGNOSTIC,    18, -3.835053086110e-01, 1.675385381095e-06, 4.5289e+01, 1.3220e+00, 
 2DIAGNOSTIC,    19, -3.835051448133e-01, 1.576051820357e-06, 4.6634e+01, 1.3452e+00, 
 2DIAGNOSTIC,    20, -3.835051658755e-01, 1.497295077132e-06, 4.8023e+01, 1.3892e+00, 
 2DIAGNOSTIC,    21, -3.835053779563e-01, 1.436675315214e-06, 4.9508e+01, 1.4854e+00, 
 2DIAGNOSTIC,    22, -3.835055901403e-01, 1.393331721701e-06, 5.0998e+01, 1.4895e+00, 
 2DIAGNOSTIC,    23, -3.835055250994e-01, 1.354581542698e-06, 5.2503e+01, 1.5052e+00, 
 2DIAGNOSTIC,    24, -3.835054518273e-01, 1.314933130943e-06, 5.4064e+01, 1.5611e+00, 
 2DIAGNOSTIC,    25, -3.835053813414e-01, 1.275595341639e-06, 5.5634e+01, 1.5699e+00, 
 2DIAGNOSTIC,    26, -3.835053141608e-01, 1.232550096285e-06, 5.7027e+01, 1.3924e+00, 
 2DIAGNOSTIC,    27, -3.835053494666e-01, 1.188143195323e-06, 5.8399e+01, 1.3727e+00, 
 2DIAGNOSTIC,    28, -3.835054089345e-01, 1.143229102024e-06, 5.9903e+01, 1.5033e+00, 
 2DIAGNOSTIC,    29, -3.835055814670e-01, 1.101082732935e-06, 6.1252e+01, 1.3496e+00, 
 2DIAGNOSTIC,    30, -3.835053714633e-01, 1.056523031458e-06, 6.3281e+01, 2.0285e+00, 
 2DIAGNOSTIC,    31, -3.835053052280e-01, 1.018740044031e-06, 6.4779e+01, 1.4981e+00, 
  Elapsed time (stage 0): 6.5607e+01


Total elapsed time: 6.5610e+01
Info [verificarlo]: loaded backend libinterflop_ieee.so
Info [interflop-ieee]: load backend with:
Info [interflop-ieee]: debug = false
Info [interflop-ieee]: debug-binary = false
Info [interflop-ieee]: no-backend-name = false
Info [interflop-ieee]: print-new-line = false
Info [interflop-ieee]: print-subnormal-normalized = false
Info [interflop-ieee]: count-op = false
All_Command_lines_OK
Using double precision for computations.
=============================================================================
The composite transform comprises the following transforms (in order): 
  1. /home/mdugre/scratch/mri-registration-rp/datasets/ds004513/derivatives/mri-registration-rp/0001/antsRegistration-r7-p13/sub-s017/rigid_Composite.h5[0] (type = Euler3DTransform)
  2. /home/mdugre/scratch/mri-registration-rp/datasets/ds004513/derivatives/mri-registration-rp/0001/antsRegistration-r7-p13/sub-s017/rigid_Composite.h5[1] (type = Euler3DTransform)
  3. /home/mdugre/scratch/mri-registration-rp/datasets/ds004513/derivatives/mri-registration-rp/0001/antsRegistration-r7-p13/sub-s017/rigid_Composite.h5[2] (type = Euler3DTransform)
=============================================================================
  number of levels = 4
  fixed image: /templateflow/tpl-MNI152NLin2009cAsym/tpl-MNI152NLin2009cAsym_res-01_desc-brain_T1w.nii.gz
  moving image: /home/mdugre/scratch/mri-registration-rp/datasets/ds004513/derivatives/mri-registration-rp/antsBrainExtraction/sub-s017/BrainExtractionBrain.nii.gz
Dimension = 3
Number of stages = 1
Use histogram matching = false
Winsorize image intensities = true
  Lower quantile = 0.005
  Upper quantile = 0.995


Stage 1 State
   Image metric = MattesMI
     Fixed image = Image (0x3e417e0)
  RTTI typeinfo:   itk::Image<double, 3u>
  Reference Count: 2
  Modified Time: 1594
  Debug: Off
  Object Name: 
  Observers: 
    none
  Source: (none)
  Source output name: (none)
  Release Data: Off
  Data Released: False
  Global Release Data: Off
  PipelineMTime: 0
  UpdateMTime: 1203
  RealTimeStamp: 0 seconds 
  LargestPossibleRegion: 
    Dimension: 3
    Index: [0, 0, 0]
    Size: [193, 229, 193]
  BufferedRegion: 
    Dimension: 3
    Index: [0, 0, 0]
    Size: [193, 229, 193]
  RequestedRegion: 
    Dimension: 3
    Index: [0, 0, 0]
    Size: [193, 229, 193]
  Spacing: [1, 1, 1]
  Origin: [96, 132, -78]
  Direction: 
-1 0 0
0 -1 0
0 0 1

  IndexToPointMatrix: 
-1 0 0
0 -1 0
0 0 1

  PointToIndexMatrix: 
-1 0 0
0 -1 0
0 0 1

  Inverse Direction: 
-1 0 0
0 -1 0
0 0 1

  PixelContainer: 
    ImportImageContainer (0x3f01a20)
      RTTI typeinfo:   itk::ImportImageContainer<unsigned long, double>
      Reference Count: 1
      Modified Time: 1200
      Debug: Off
      Object Name: 
      Observers: 
        none
      Pointer: 0x14c9d8426010
      Container manages memory: true
      Size: 8530021
      Capacity: 8530021

     Moving image = Image (0x3efcd70)
  RTTI typeinfo:   itk::Image<double, 3u>
  Reference Count: 2
  Modified Time: 1595
  Debug: Off
  Object Name: 
  Observers: 
    none
  Source: (none)
  Source output name: (none)
  Release Data: Off
  Data Released: False
  Global Release Data: Off
  PipelineMTime: 0
  UpdateMTime: 1592
  RealTimeStamp: 0 seconds 
  LargestPossibleRegion: 
    Dimension: 3
    Index: [0, 0, 0]
    Size: [160, 240, 256]
  BufferedRegion: 
    Dimension: 3
    Index: [0, 0, 0]
    Size: [160, 240, 256]
  RequestedRegion: 
    Dimension: 3
    Index: [0, 0, 0]
    Size: [160, 240, 256]
  Spacing: [1, 1, 1]
  Origin: [91.3357, 102.231, -120.042]
  Direction: 
-0.997442 -5.36781e-05 -0.0714818
5.35416e-05 -1 3.82465e-06
-0.0714818 -1.23894e-08 0.997442

  IndexToPointMatrix: 
-0.997444 -5.36781e-05 -0.0714818
5.35418e-05 -1 3.82465e-06
-0.0714819 -1.23894e-08 0.997442

  PointToIndexMatrix: 
-0.99744 5.35415e-05 -0.0714816
-5.36781e-05 -1 -1.23894e-08
-0.0714818 3.82465e-06 0.997442

  Inverse Direction: 
-0.997442 5.35416e-05 -0.0714818
-5.36781e-05 -1 -1.23894e-08
-0.0714818 3.82465e-06 0.997442

  PixelContainer: 
    ImportImageContainer (0x3eb4c90)
      RTTI typeinfo:   itk::ImportImageContainer<unsigned long, double>
      Reference Count: 1
      Modified Time: 1589
      Debug: Off
      Object Name: 
      Observers: 
        none
      Pointer: 0x14c9d3925010
      Container manages memory: true
      Size: 9830400
      Capacity: 9830400

     Weighting = 1
     Sampling strategy = regular
     Number of bins = 32
     Radius = 4
     Sampling percentage  = 0.25
   Transform = Affine
     Gradient step = 0.1
     Update field sigma (voxel space) = 0
     Total field sigma (voxel space) = 0
     Update field time sigma = 0
     Total field time sigma  = 0
     Number of time indices = 0
     Number of time point samples = 0
Registration using 1 total stages.

Stage 0
  iterations = 1000x500x250x100
  convergence threshold = 1e-06
  convergence window size = 10
  number of levels = 4
  using the Mattes MI metric (number of bins = 32, weight = 1, use gradient filter = 0)
  preprocessing:  winsorizing the image intensities
  Shrink factors (level 1 out of 4): [8, 8, 8]
  Shrink factors (level 2 out of 4): [4, 4, 4]
  Shrink factors (level 3 out of 4): [2, 2, 2]
  Shrink factors (level 4 out of 4): [1, 1, 1]
  smoothing sigmas per level: [3, 2, 1, 0]
  regular sampling (percentage = 0.25)

*** Running AffineTransform registration ***

DIAGNOSTIC,Iteration,metricValue,convergenceValue,ITERATION_TIME_INDEX,SINCE_LAST
 2DIAGNOSTIC,     1, -5.806290998509e-01, 1.797693134862e+308, 8.1144e-01, 8.1144e-01, 
 2DIAGNOSTIC,     2, -5.832407508002e-01, 1.797693134862e+308, 8.1661e-01, 5.1720e-03, 
 2DIAGNOSTIC,     3, -5.883921005896e-01, 1.797693134862e+308, 8.2240e-01, 5.7871e-03, 
 2DIAGNOSTIC,     4, -5.973582020180e-01, 1.797693134862e+308, 8.2779e-01, 5.3899e-03, 
 2DIAGNOSTIC,     5, -6.166279653156e-01, 1.797693134862e+308, 8.3273e-01, 4.9400e-03, 
 2DIAGNOSTIC,     6, -6.406440247630e-01, 1.797693134862e+308, 8.3815e-01, 5.4200e-03, 
 2DIAGNOSTIC,     7, -7.009864266249e-01, 1.797693134862e+308, 8.4350e-01, 5.3599e-03, 
 2DIAGNOSTIC,     8, -7.630482529147e-01, 1.797693134862e+308, 8.4885e-01, 5.3411e-03, 
 2DIAGNOSTIC,     9, -8.423469017472e-01, 1.797693134862e+308, 8.5711e-01, 8.2638e-03, 
 2DIAGNOSTIC,    10, -8.569694558109e-01, 2.845116137051e-02, 8.6269e-01, 5.5799e-03, 
 2DIAGNOSTIC,    11, -8.701917127241e-01, 2.871708899834e-02, 8.6900e-01, 6.3090e-03, 
 2DIAGNOSTIC,    12, -8.814645611436e-01, 2.683607373951e-02, 8.7839e-01, 9.3892e-03, 
 2DIAGNOSTIC,    13, -8.822368113396e-01, 2.307206280271e-02, 8.8395e-01, 5.5642e-03, 
 2DIAGNOSTIC,    14, -8.834458717572e-01, 1.815384134626e-02, 8.8960e-01, 5.6441e-03, 
 2DIAGNOSTIC,    15, -8.851322801032e-01, 1.292532919404e-02, 8.9552e-01, 5.9190e-03, 
 2DIAGNOSTIC,    16, -8.870480809013e-01, 7.902435003947e-03, 9.0137e-01, 5.8589e-03, 
 2DIAGNOSTIC,    17, -8.886777819431e-01, 4.189413134528e-03, 9.0806e-01, 6.6891e-03, 
 2DIAGNOSTIC,    18, -8.889448809672e-01, 1.810422420367e-03, 9.1480e-01, 6.7339e-03, 
 2DIAGNOSTIC,    19, -8.890594322395e-01, 1.083853116266e-03, 9.2138e-01, 6.5811e-03, 
 2DIAGNOSTIC,    20, -8.887882560808e-01, 5.969783239750e-04, 9.2782e-01, 6.4371e-03, 
 2DIAGNOSTIC,    21, -8.886098614826e-01, 3.264824984828e-04, 9.3520e-01, 7.3800e-03, 
 2DIAGNOSTIC,    22, -8.885249831644e-01, 2.361096574278e-04, 9.4120e-01, 6.0019e-03, 
 2DIAGNOSTIC,    23, -8.882875301962e-01, 1.410432921478e-04, 9.4722e-01, 6.0210e-03, 
 2DIAGNOSTIC,    24, -8.882052344330e-01, 5.851496491607e-05, 9.5308e-01, 5.8620e-03, 
DIAGNOSTIC,Iteration,metricValue,convergenceValue,ITERATION_TIME_INDEX,SINCE_LAST
 2DIAGNOSTIC,     1, -7.469015878902e-01, 1.797693134862e+308, 1.7062e+00, 7.5310e-01, 
 2DIAGNOSTIC,     2, -7.476337609801e-01, 1.797693134862e+308, 1.7457e+00, 3.9479e-02, 
 2DIAGNOSTIC,     3, -7.481984148799e-01, 1.797693134862e+308, 1.7845e+00, 3.8825e-02, 
 2DIAGNOSTIC,     4, -7.485348956527e-01, 1.797693134862e+308, 1.8218e+00, 3.7325e-02, 
 2DIAGNOSTIC,     5, -7.488723348917e-01, 1.797693134862e+308, 1.8606e+00, 3.8793e-02, 
 2DIAGNOSTIC,     6, -7.493028717495e-01, 1.797693134862e+308, 1.9031e+00, 4.2479e-02, 
 2DIAGNOSTIC,     7, -7.498240981233e-01, 1.797693134862e+308, 1.9539e+00, 5.0851e-02, 
 2DIAGNOSTIC,     8, -7.499189037329e-01, 1.797693134862e+308, 1.9928e+00, 3.8834e-02, 
 2DIAGNOSTIC,     9, -7.503981904330e-01, 1.797693134862e+308, 2.0417e+00, 4.8979e-02, 
 2DIAGNOSTIC,    10, -7.505578656471e-01, 3.049238872610e-04, 2.0845e+00, 4.2762e-02, 
 2DIAGNOSTIC,    11, -7.505341233952e-01, 2.389539947777e-04, 2.1252e+00, 4.0706e-02, 
 2DIAGNOSTIC,    12, -7.505061913630e-01, 1.848758169336e-04, 2.1694e+00, 4.4201e-02, 
 2DIAGNOSTIC,    13, -7.505141120615e-01, 1.393602402690e-04, 2.2147e+00, 4.5281e-02, 
 2DIAGNOSTIC,    14, -7.505102732495e-01, 9.677096865621e-05, 2.2590e+00, 4.4298e-02, 
 2DIAGNOSTIC,    15, -7.505029862448e-01, 5.935599193282e-05, 2.3057e+00, 4.6696e-02, 
 2DIAGNOSTIC,    16, -7.504912485102e-01, 3.116310930987e-05, 2.3506e+00, 4.4863e-02, 
 2DIAGNOSTIC,    17, -7.504804688464e-01, 1.513171295441e-05, 2.3902e+00, 3.9615e-02, 
 2DIAGNOSTIC,    18, -7.504860792336e-01, 1.517272693041e-06, 2.4359e+00, 4.5696e-02, 
DIAGNOSTIC,Iteration,metricValue,convergenceValue,ITERATION_TIME_INDEX,SINCE_LAST
 2DIAGNOSTIC,     1, -6.294116115148e-01, 1.797693134862e+308, 3.6056e+00, 1.1697e+00, 
 2DIAGNOSTIC,     2, -6.299274337358e-01, 1.797693134862e+308, 3.9272e+00, 3.2165e-01, 
 2DIAGNOSTIC,     3, -6.304606937321e-01, 1.797693134862e+308, 4.2168e+00, 2.8960e-01, 
 2DIAGNOSTIC,     4, -6.311440983042e-01, 1.797693134862e+308, 4.5572e+00, 3.4038e-01, 
 2DIAGNOSTIC,     5, -6.319613521851e-01, 1.797693134862e+308, 4.8937e+00, 3.3645e-01, 
 2DIAGNOSTIC,     6, -6.326508619068e-01, 1.797693134862e+308, 5.4903e+00, 5.9666e-01, 
 2DIAGNOSTIC,     7, -6.326442431207e-01, 1.797693134862e+308, 6.0288e+00, 5.3851e-01, 
 2DIAGNOSTIC,     8, -6.326421029702e-01, 1.797693134862e+308, 6.4056e+00, 3.7682e-01, 
 2DIAGNOSTIC,     9, -6.326413589802e-01, 1.797693134862e+308, 6.7649e+00, 3.5927e-01, 
 2DIAGNOSTIC,    10, -6.326405355998e-01, 3.607193900979e-04, 7.1857e+00, 4.2077e-01, 
 2DIAGNOSTIC,    11, -6.326380580426e-01, 2.475998099378e-04, 7.5208e+00, 3.3509e-01, 
 2DIAGNOSTIC,    12, -6.326382568033e-01, 1.509095181267e-04, 7.7855e+00, 2.6475e-01, 
 2DIAGNOSTIC,    13, -6.326371996299e-01, 7.419550845242e-05, 8.0951e+00, 3.0961e-01, 
 2DIAGNOSTIC,    14, -6.326376012840e-01, 2.341664622525e-05, 8.4344e+00, 3.3926e-01, 
 2DIAGNOSTIC,    15, -6.326364675690e-01, 1.358505214363e-06, 8.7322e+00, 2.9786e-01, 
 2DIAGNOSTIC,    16, -6.326355129661e-01, 1.489402914043e-06, 9.0439e+00, 3.1169e-01, 
 2DIAGNOSTIC,    17, -6.326348602891e-01, 1.460469277015e-06, 9.4170e+00, 3.7303e-01, 
 2DIAGNOSTIC,    18, -6.326337608764e-01, 1.391313690445e-06, 9.8130e+00, 3.9598e-01, 
 2DIAGNOSTIC,    19, -6.326327161007e-01, 1.322246761533e-06, 1.0129e+01, 3.1633e-01, 
 2DIAGNOSTIC,    20, -6.326305163735e-01, 1.226844704591e-06, 1.0413e+01, 2.8324e-01, 
 2DIAGNOSTIC,    21, -6.326298184813e-01, 1.107474373103e-06, 1.0689e+01, 2.7687e-01, 
 2DIAGNOSTIC,    22, -6.326281931971e-01, 1.008190313886e-06, 1.0972e+01, 2.8279e-01, 
DIAGNOSTIC,Iteration,metricValue,convergenceValue,ITERATION_TIME_INDEX,SINCE_LAST
 2DIAGNOSTIC,     1, -5.634463069960e-01, 1.797693134862e+308, 1.3934e+01, 2.9618e+00, 
 2DIAGNOSTIC,     2, -5.639251006035e-01, 1.797693134862e+308, 1.5639e+01, 1.7047e+00, 
 2DIAGNOSTIC,     3, -5.643935834065e-01, 1.797693134862e+308, 1.7575e+01, 1.9362e+00, 
 2DIAGNOSTIC,     4, -5.653421950799e-01, 1.797693134862e+308, 1.9467e+01, 1.8925e+00, 
 2DIAGNOSTIC,     5, -5.666806632586e-01, 1.797693134862e+308, 2.2708e+01, 3.2408e+00, 
 2DIAGNOSTIC,     6, -5.666788700625e-01, 1.797693134862e+308, 2.5411e+01, 2.7027e+00, 
 2DIAGNOSTIC,     7, -5.666780016000e-01, 1.797693134862e+308, 2.7510e+01, 2.0987e+00, 
 2DIAGNOSTIC,     8, -5.666783618010e-01, 1.797693134862e+308, 3.0001e+01, 2.4911e+00, 
 2DIAGNOSTIC,     9, -5.666783967308e-01, 1.797693134862e+308, 3.2094e+01, 2.0934e+00, 
 2DIAGNOSTIC,    10, -5.666784388904e-01, 3.983070552380e-04, 3.4742e+01, 2.6481e+00, 
 2DIAGNOSTIC,    11, -5.666783526825e-01, 2.625587691682e-04, 3.6925e+01, 2.1831e+00, 
 2DIAGNOSTIC,    12, -5.666783990537e-01, 1.470602602682e-04, 3.8884e+01, 1.9586e+00, 
 2DIAGNOSTIC,    13, -5.666781558566e-01, 5.397618402414e-05, 4.0894e+01, 2.0100e+00, 
 2DIAGNOSTIC,    14, -5.666782346822e-01, 2.175516943120e-06, 4.2892e+01, 1.9975e+00, 
 2DIAGNOSTIC,    15, -5.666781434854e-01, 2.100271959335e-06, 4.5067e+01, 2.1758e+00, 
 2DIAGNOSTIC,    16, -5.666780522820e-01, 1.978359195645e-06, 4.7205e+01, 2.1373e+00, 
 2DIAGNOSTIC,    17, -5.666777913227e-01, 1.838366392989e-06, 4.9113e+01, 1.9080e+00, 
 2DIAGNOSTIC,    18, -5.666778546672e-01, 1.729142493315e-06, 5.0817e+01, 1.7044e+00, 
 2DIAGNOSTIC,    19, -5.666778125553e-01, 1.634707325539e-06, 5.2540e+01, 1.7234e+00, 
 2DIAGNOSTIC,    20, -5.666778444328e-01, 1.555349822463e-06, 5.4339e+01, 1.7982e+00, 
 2DIAGNOSTIC,    21, -5.666778521674e-01, 1.485068237175e-06, 5.6156e+01, 1.8176e+00, 
 2DIAGNOSTIC,    22, -5.666783696035e-01, 1.437167241755e-06, 5.8280e+01, 2.1236e+00, 
 2DIAGNOSTIC,    23, -5.666783784277e-01, 1.388828168553e-06, 6.0400e+01, 2.1204e+00, 
 2DIAGNOSTIC,    24, -5.666779636457e-01, 1.337125800506e-06, 6.2511e+01, 2.1110e+00, 
 2DIAGNOSTIC,    25, -5.666775835688e-01, 1.279501493187e-06, 6.4652e+01, 2.1405e+00, 
 2DIAGNOSTIC,    26, -5.666776923729e-01, 1.226284913128e-06, 6.6841e+01, 2.1892e+00, 
 2DIAGNOSTIC,    27, -5.666775519010e-01, 1.168894860383e-06, 6.9002e+01, 2.1615e+00, 
 2DIAGNOSTIC,    28, -5.666773206891e-01, 1.113546018408e-06, 7.1620e+01, 2.6174e+00, 
 2DIAGNOSTIC,    29, -5.666771124412e-01, 1.060269205717e-06, 7.3778e+01, 2.1578e+00, 
 2DIAGNOSTIC,    30, -5.666770534319e-01, 1.013860113738e-06, 7.5908e+01, 2.1302e+00, 
  Elapsed time (stage 0): 7.7175e+01


Total elapsed time: 7.7178e+01
Info [verificarlo]: loaded backend libinterflop_vprec.so
Info [interflop-vprec]: load backend with: 
Info [interflop-vprec]: precision-binary32 = 13
Info [interflop-vprec]: range-binary32 = 7
Info [interflop-vprec]: precision-binary64 = 13
Info [interflop-vprec]: range-binary64 = 7
Info [interflop-vprec]: mode = ob
Info [interflop-vprec]: error-mode = rel
Info [interflop-vprec]: max-abs-error-exponent = -1022
Info [interflop-vprec]: daz = false
Info [interflop-vprec]: ftz = false
Info [interflop-vprec]: 	instrument = none
Info [interflop-vprec]: 	prec-input-file = (null)
Info [interflop-vprec]: 	prec-output-file = (null)
Info [interflop-vprec]: 	prec-log-file = (null)
All_Command_lines_OK
Using double precision for computations.
=============================================================================
The composite transform comprises the following transforms (in order): 
  1. /home/mdugre/scratch/mri-registration-rp/datasets/ds004513/derivatives/mri-registration-rp/0001/antsRegistration-r7-p13/sub-s017/affine_Composite.h5[0] (type = Euler3DTransform)
  2. /home/mdugre/scratch/mri-registration-rp/datasets/ds004513/derivatives/mri-registration-rp/0001/antsRegistration-r7-p13/sub-s017/affine_Composite.h5[1] (type = Euler3DTransform)
  3. /home/mdugre/scratch/mri-registration-rp/datasets/ds004513/derivatives/mri-registration-rp/0001/antsRegistration-r7-p13/sub-s017/affine_Composite.h5[2] (type = Euler3DTransform)
  4. /home/mdugre/scratch/mri-registration-rp/datasets/ds004513/derivatives/mri-registration-rp/0001/antsRegistration-r7-p13/sub-s017/affine_Composite.h5[3] (type = AffineTransform)
=============================================================================
  number of levels = 4
  fixed image: /templateflow/tpl-MNI152NLin2009cAsym/tpl-MNI152NLin2009cAsym_res-01_desc-brain_T1w.nii.gz
  moving image: /home/mdugre/scratch/mri-registration-rp/datasets/ds004513/derivatives/mri-registration-rp/antsBrainExtraction/sub-s017/BrainExtractionBrain.nii.gz
Dimension = 3
Number of stages = 1
Use histogram matching = false
Winsorize image intensities = true
  Lower quantile = 0.005
  Upper quantile = 0.995


Stage 1 State
   Image metric = CC
     Fixed image = Image (0x3b3e6f0)
  RTTI typeinfo:   itk::Image<double, 3u>
  Reference Count: 2
  Modified Time: 1606
  Debug: Off
  Object Name: 
  Observers: 
    none
  Source: (none)
  Source output name: (none)
