
##########################
# Experiment information #
##########################

EXPERIMENT_NAME: antsRegistration-r7-p14
VFC_BACKENDS: libinterflop_vprec.so --range-binary32=7 --precision-binary32=14 --range-binary64=7 --precision-binary64=14

SIF_IMG: /home/mdugre/projects/rrg-glatard/mdugre/containers/ants-vprec-no_metrics.simg

SUBJECT_ID: s033
INPUT_IMG: /home/mdugre/scratch/mri-registration-rp/datasets/ds004513/derivatives/mri-registration-rp/antsBrainExtraction/sub-s033/BrainExtractionBrain.nii.gz
OUTPUT_DIR: /home/mdugre/scratch/mri-registration-rp/datasets/ds004513/derivatives/mri-registration-rp/0001/antsRegistration-r7-p14/sub-s033

FIXED_IMG: /templateflow/tpl-MNI152NLin2009cAsym/tpl-MNI152NLin2009cAsym_res-01_desc-brain_T1w.nii.gz
DATA_DIR: /home/mdugre/scratch/mri-registration-rp/datasets/ds004513
TEMPLATEFLOW_DIR: /home/mdugre/projects/rrg-glatard/mdugre/templateflow
ITK_GLOBAL_DEFAULT_NUMBER_OF_THREADS: 16
##########################

Info [verificarlo]: loaded backend libinterflop_ieee.so
Info [interflop-ieee]: load backend with:
Info [interflop-ieee]: debug = false
Info [interflop-ieee]: debug-binary = false
Info [interflop-ieee]: no-backend-name = false
Info [interflop-ieee]: print-new-line = false
Info [interflop-ieee]: print-subnormal-normalized = false
Info [interflop-ieee]: count-op = false
All_Command_lines_OK
Using double precision for computations.
=============================================================================
The composite transform comprises the following transforms (in order): 
  1. Center of mass alignment using fixed image: /templateflow/tpl-MNI152NLin2009cAsym/tpl-MNI152NLin2009cAsym_res-01_desc-brain_T1w.nii.gz and moving image: /home/mdugre/scratch/mri-registration-rp/datasets/ds004513/derivatives/mri-registration-rp/antsBrainExtraction/sub-s033/BrainExtractionBrain.nii.gz (type = Euler3DTransform)
=============================================================================
  number of levels = 1
  fixed image: /templateflow/tpl-MNI152NLin2009cAsym/tpl-MNI152NLin2009cAsym_res-01_desc-brain_T1w.nii.gz
  moving image: /home/mdugre/scratch/mri-registration-rp/datasets/ds004513/derivatives/mri-registration-rp/antsBrainExtraction/sub-s033/BrainExtractionBrain.nii.gz
Dimension = 3
Number of stages = 1
Use histogram matching = false
Winsorize image intensities = true
  Lower quantile = 0.005
  Upper quantile = 0.995


Stage 1 State
   Image metric = MattesMI
     Fixed image = Image (0x4e83e70)
  RTTI typeinfo:   itk::Image<double, 3u>
  Reference Count: 2
  Modified Time: 2330
  Debug: Off
  Object Name: 
  Observers: 
    none
  Source: (none)
  Source output name: (none)
  Release Data: Off
  Data Released: False
  Global Release Data: Off
  PipelineMTime: 0
  UpdateMTime: 1941
  RealTimeStamp: 0 seconds 
  LargestPossibleRegion: 
    Dimension: 3
    Index: [0, 0, 0]
    Size: [193, 229, 193]
  BufferedRegion: 
    Dimension: 3
    Index: [0, 0, 0]
    Size: [193, 229, 193]
  RequestedRegion: 
    Dimension: 3
    Index: [0, 0, 0]
    Size: [193, 229, 193]
  Spacing: [1, 1, 1]
  Origin: [96, 132, -78]
  Direction: 
-1 0 0
0 -1 0
0 0 1

  IndexToPointMatrix: 
-1 0 0
0 -1 0
0 0 1

  PointToIndexMatrix: 
-1 0 0
0 -1 0
0 0 1

  Inverse Direction: 
-1 0 0
0 -1 0
0 0 1

  PixelContainer: 
    ImportImageContainer (0x4e8cc60)
      RTTI typeinfo:   itk::ImportImageContainer<unsigned long, double>
      Reference Count: 1
      Modified Time: 1938
      Debug: Off
      Object Name: 
      Observers: 
        none
      Pointer: 0x14884d841010
      Container manages memory: true
      Size: 8530021
      Capacity: 8530021

     Moving image = Image (0x4e86540)
  RTTI typeinfo:   itk::Image<double, 3u>
  Reference Count: 2
  Modified Time: 2331
  Debug: Off
  Object Name: 
  Observers: 
    none
  Source: (none)
  Source output name: (none)
  Release Data: Off
  Data Released: False
  Global Release Data: Off
  PipelineMTime: 0
  UpdateMTime: 2328
  RealTimeStamp: 0 seconds 
  LargestPossibleRegion: 
    Dimension: 3
    Index: [0, 0, 0]
    Size: [160, 240, 256]
  BufferedRegion: 
    Dimension: 3
    Index: [0, 0, 0]
    Size: [160, 240, 256]
  RequestedRegion: 
    Dimension: 3
    Index: [0, 0, 0]
    Size: [160, 240, 256]
  Spacing: [1, 1, 1]
  Origin: [91.5134, 94.282, -109.927]
  Direction: 
-0.99591 -0.0698718 -0.0572835
0.0697565 -0.997556 0.00401236
-0.0574239 5.01125e-08 0.99835

  IndexToPointMatrix: 
-0.99591 -0.0698718 -0.0572835
0.0697565 -0.997556 0.00401236
-0.0574239 5.01125e-08 0.99835

  PointToIndexMatrix: 
-0.99591 0.0697565 -0.0574239
-0.0698718 -0.997556 5.01483e-08
-0.0572835 0.00401236 0.99835

  Inverse Direction: 
-0.99591 0.0697565 -0.0574239
-0.0698718 -0.997556 5.01483e-08
-0.0572835 0.00401236 0.99835

  PixelContainer: 
    ImportImageContainer (0x4f98610)
      RTTI typeinfo:   itk::ImportImageContainer<unsigned long, double>
      Reference Count: 1
      Modified Time: 2325
      Debug: Off
      Object Name: 
      Observers: 
        none
      Pointer: 0x148848d40010
      Container manages memory: true
      Size: 9830400
      Capacity: 9830400

     Weighting = 1
     Sampling strategy = regular
     Number of bins = 32
     Radius = 4
     Sampling percentage  = 0.25
   Transform = Rigid
     Gradient step = 0.1
     Update field sigma (voxel space) = 0
     Total field sigma (voxel space) = 0
     Update field time sigma = 0
     Total field time sigma  = 0
     Number of time indices = 0
     Number of time point samples = 0
Registration using 1 total stages.

Stage 0
  iterations = 0
  convergence threshold = 1e-06
  convergence window size = 10
  number of levels = 1
  using the Mattes MI metric (number of bins = 32, weight = 1, use gradient filter = 0)
  preprocessing:  winsorizing the image intensities
  Shrink factors (level 1 out of 1): [1, 1, 1]
  smoothing sigmas per level: [0]
  regular sampling (percentage = 0.25)

*** Running Euler3DTransform registration ***

  Elapsed time (stage 0): 1.13843


Total elapsed time: 1.14291
Info [verificarlo]: loaded backend libinterflop_ieee.so
Info [interflop-ieee]: load backend with:
Info [interflop-ieee]: debug = false
Info [interflop-ieee]: debug-binary = false
Info [interflop-ieee]: no-backend-name = false
Info [interflop-ieee]: print-new-line = false
Info [interflop-ieee]: print-subnormal-normalized = false
Info [interflop-ieee]: count-op = false
All_Command_lines_OK
Using double precision for computations.
=============================================================================
The composite transform comprises the following transforms (in order): 
  1. /home/mdugre/scratch/mri-registration-rp/datasets/ds004513/derivatives/mri-registration-rp/0001/antsRegistration-r7-p14/sub-s033/align_Composite.h5[0] (type = Euler3DTransform)
  2. /home/mdugre/scratch/mri-registration-rp/datasets/ds004513/derivatives/mri-registration-rp/0001/antsRegistration-r7-p14/sub-s033/align_Composite.h5[1] (type = Euler3DTransform)
=============================================================================
  number of levels = 4
  fixed image: /templateflow/tpl-MNI152NLin2009cAsym/tpl-MNI152NLin2009cAsym_res-01_desc-brain_T1w.nii.gz
  moving image: /home/mdugre/scratch/mri-registration-rp/datasets/ds004513/derivatives/mri-registration-rp/antsBrainExtraction/sub-s033/BrainExtractionBrain.nii.gz
Dimension = 3
Number of stages = 1
Use histogram matching = false
Winsorize image intensities = true
  Lower quantile = 0.005
  Upper quantile = 0.995


Stage 1 State
   Image metric = MattesMI
     Fixed image = Image (0x4573530)
  RTTI typeinfo:   itk::Image<double, 3u>
  Reference Count: 2
  Modified Time: 1578
  Debug: Off
  Object Name: 
  Observers: 
    none
  Source: (none)
  Source output name: (none)
  Release Data: Off
  Data Released: False
  Global Release Data: Off
  PipelineMTime: 0
  UpdateMTime: 1189
  RealTimeStamp: 0 seconds 
  LargestPossibleRegion: 
    Dimension: 3
    Index: [0, 0, 0]
    Size: [193, 229, 193]
  BufferedRegion: 
    Dimension: 3
    Index: [0, 0, 0]
    Size: [193, 229, 193]
  RequestedRegion: 
    Dimension: 3
    Index: [0, 0, 0]
    Size: [193, 229, 193]
  Spacing: [1, 1, 1]
  Origin: [96, 132, -78]
  Direction: 
-1 0 0
0 -1 0
0 0 1

  IndexToPointMatrix: 
-1 0 0
0 -1 0
0 0 1

  PointToIndexMatrix: 
-1 0 0
0 -1 0
0 0 1

  Inverse Direction: 
-1 0 0
0 -1 0
0 0 1

  PixelContainer: 
    ImportImageContainer (0x4631d60)
      RTTI typeinfo:   itk::ImportImageContainer<unsigned long, double>
      Reference Count: 1
      Modified Time: 1186
      Debug: Off
      Object Name: 
      Observers: 
        none
      Pointer: 0x14961ffb8010
      Container manages memory: true
      Size: 8530021
      Capacity: 8530021

     Moving image = Image (0x4623f60)
  RTTI typeinfo:   itk::Image<double, 3u>
  Reference Count: 2
  Modified Time: 1579
  Debug: Off
  Object Name: 
  Observers: 
    none
  Source: (none)
  Source output name: (none)
  Release Data: Off
  Data Released: False
  Global Release Data: Off
  PipelineMTime: 0
  UpdateMTime: 1576
  RealTimeStamp: 0 seconds 
  LargestPossibleRegion: 
    Dimension: 3
    Index: [0, 0, 0]
    Size: [160, 240, 256]
  BufferedRegion: 
    Dimension: 3
    Index: [0, 0, 0]
    Size: [160, 240, 256]
  RequestedRegion: 
    Dimension: 3
    Index: [0, 0, 0]
    Size: [160, 240, 256]
  Spacing: [1, 1, 1]
  Origin: [91.5134, 94.282, -109.927]
  Direction: 
-0.99591 -0.0698718 -0.0572835
0.0697565 -0.997556 0.00401236
-0.0574239 5.01125e-08 0.99835

  IndexToPointMatrix: 
-0.99591 -0.0698718 -0.0572835
0.0697565 -0.997556 0.00401236
-0.0574239 5.01125e-08 0.99835

  PointToIndexMatrix: 
-0.99591 0.0697565 -0.0574239
-0.0698718 -0.997556 5.01483e-08
-0.0572835 0.00401236 0.99835

  Inverse Direction: 
-0.99591 0.0697565 -0.0574239
-0.0698718 -0.997556 5.01483e-08
-0.0572835 0.00401236 0.99835

  PixelContainer: 
    ImportImageContainer (0x46156d0)
      RTTI typeinfo:   itk::ImportImageContainer<unsigned long, double>
      Reference Count: 1
      Modified Time: 1573
      Debug: Off
      Object Name: 
      Observers: 
        none
      Pointer: 0x14961b4b7010
      Container manages memory: true
      Size: 9830400
      Capacity: 9830400

     Weighting = 1
     Sampling strategy = regular
     Number of bins = 32
     Radius = 4
     Sampling percentage  = 0.25
   Transform = Rigid
     Gradient step = 0.1
     Update field sigma (voxel space) = 0
     Total field sigma (voxel space) = 0
     Update field time sigma = 0
     Total field time sigma  = 0
     Number of time indices = 0
     Number of time point samples = 0
Registration using 1 total stages.

Stage 0
  iterations = 1000x500x250x100
  convergence threshold = 1e-06
  convergence window size = 10
  number of levels = 4
  using the Mattes MI metric (number of bins = 32, weight = 1, use gradient filter = 0)
  preprocessing:  winsorizing the image intensities
  Shrink factors (level 1 out of 4): [8, 8, 8]
  Shrink factors (level 2 out of 4): [4, 4, 4]
  Shrink factors (level 3 out of 4): [2, 2, 2]
  Shrink factors (level 4 out of 4): [1, 1, 1]
  smoothing sigmas per level: [3, 2, 1, 0]
  regular sampling (percentage = 0.25)

*** Running Euler3DTransform registration ***

DIAGNOSTIC,Iteration,metricValue,convergenceValue,ITERATION_TIME_INDEX,SINCE_LAST
 2DIAGNOSTIC,     1, -4.945365495269e-01, 1.797693134862e+308, 8.0460e-01, 8.0460e-01, 
 2DIAGNOSTIC,     2, -4.961551199262e-01, 1.797693134862e+308, 8.0998e-01, 5.3720e-03, 
 2DIAGNOSTIC,     3, -4.991207097076e-01, 1.797693134862e+308, 8.1478e-01, 4.8051e-03, 
 2DIAGNOSTIC,     4, -5.030359852117e-01, 1.797693134862e+308, 8.1942e-01, 4.6430e-03, 
 2DIAGNOSTIC,     5, -5.059125054655e-01, 1.797693134862e+308, 8.2424e-01, 4.8170e-03, 
 2DIAGNOSTIC,     6, -5.092815596254e-01, 1.797693134862e+308, 8.2912e-01, 4.8811e-03, 
 2DIAGNOSTIC,     7, -5.205915484568e-01, 1.797693134862e+308, 8.3459e-01, 5.4691e-03, 
 2DIAGNOSTIC,     8, -5.236677933913e-01, 1.797693134862e+308, 8.3942e-01, 4.8261e-03, 
 2DIAGNOSTIC,     9, -5.261653611514e-01, 1.797693134862e+308, 8.4437e-01, 4.9491e-03, 
 2DIAGNOSTIC,    10, -5.313843279548e-01, 4.956236851461e-03, 8.4967e-01, 5.3041e-03, 
 2DIAGNOSTIC,    11, -5.461121550605e-01, 5.255951709876e-03, 8.5618e-01, 6.5091e-03, 
 2DIAGNOSTIC,    12, -5.563506773257e-01, 5.544499219487e-03, 8.6131e-01, 5.1289e-03, 
 2DIAGNOSTIC,    13, -6.011783753106e-01, 7.240286204030e-03, 8.6763e-01, 6.3200e-03, 
 2DIAGNOSTIC,    14, -6.166052825052e-01, 8.701253899334e-03, 8.7287e-01, 5.2450e-03, 
 2DIAGNOSTIC,    15, -6.211428291589e-01, 9.416357350945e-03, 8.7773e-01, 4.8621e-03, 
 2DIAGNOSTIC,    16, -6.235432150250e-01, 9.368281931149e-03, 8.8404e-01, 6.3040e-03, 
 2DIAGNOSTIC,    17, -6.347577457229e-01, 9.145335011927e-03, 8.9099e-01, 6.9511e-03, 
 2DIAGNOSTIC,    18, -6.413138475052e-01, 8.359392935062e-03, 8.9983e-01, 8.8410e-03, 
 2DIAGNOSTIC,    19, -6.420802700772e-01, 6.980623413233e-03, 9.0599e-01, 6.1562e-03, 
 2DIAGNOSTIC,    20, -6.425493356649e-01, 5.272872517483e-03, 9.1075e-01, 4.7629e-03, 
 2DIAGNOSTIC,    21, -6.431794999896e-01, 3.641466607624e-03, 9.1603e-01, 5.2841e-03, 
 2DIAGNOSTIC,    22, -6.434078406459e-01, 2.049113937546e-03, 9.2066e-01, 4.6220e-03, 
 2DIAGNOSTIC,    23, -6.435083884504e-01, 1.381096857869e-03, 9.2588e-01, 5.2259e-03, 
 2DIAGNOSTIC,    24, -6.436807740239e-01, 9.688115892645e-04, 9.3177e-01, 5.8849e-03, 
 2DIAGNOSTIC,    25, -6.439989320265e-01, 6.014652118750e-04, 9.3847e-01, 6.7010e-03, 
 2DIAGNOSTIC,    26, -6.448361470620e-01, 2.655194339535e-04, 9.4321e-01, 4.7441e-03, 
 2DIAGNOSTIC,    27, -6.460796045122e-01, 1.536863936118e-04, 9.4835e-01, 5.1408e-03, 
 2DIAGNOSTIC,    28, -6.463976202953e-01, 1.550352729549e-04, 9.5293e-01, 4.5760e-03, 
 2DIAGNOSTIC,    29, -6.463935462064e-01, 1.547432147542e-04, 9.5761e-01, 4.6799e-03, 
 2DIAGNOSTIC,    30, -6.464392300370e-01, 1.482979091120e-04, 9.6290e-01, 5.2962e-03, 
 2DIAGNOSTIC,    31, -6.463723509597e-01, 1.368672710056e-04, 9.7077e-01, 7.8621e-03, 
 2DIAGNOSTIC,    32, -6.464254413062e-01, 1.173267284846e-04, 9.7652e-01, 5.7521e-03, 
 2DIAGNOSTIC,    33, -6.464354985305e-01, 8.969346877817e-05, 9.9123e-01, 1.4715e-02, 
 2DIAGNOSTIC,    34, -6.464354984976e-01, 5.811505389684e-05, 1.0063e+00, 1.5023e-02, 
 2DIAGNOSTIC,    35, -6.464354984976e-01, 2.735375288571e-05, 1.0116e+00, 5.3339e-03, 
 2DIAGNOSTIC,    36, -6.464354984976e-01, 6.561953558352e-06, 1.0169e+00, 5.2700e-03, 
 2DIAGNOSTIC,    37, -6.464354984976e-01, 2.244487759543e-06, 1.0228e+00, 5.9371e-03, 
 2DIAGNOSTIC,    38, -6.464354984976e-01, 1.990751180420e-06, 1.0283e+00, 5.5311e-03, 
 2DIAGNOSTIC,    39, -6.464354984976e-01, 1.582337216557e-06, 1.0336e+00, 5.2540e-03, 
 2DIAGNOSTIC,    40, -6.464354984976e-01, 1.698176669201e-06, 1.0393e+00, 5.7471e-03, 
DIAGNOSTIC,Iteration,metricValue,convergenceValue,ITERATION_TIME_INDEX,SINCE_LAST
 2DIAGNOSTIC,     1, -5.367244440641e-01, 1.797693134862e+308, 1.7874e+00, 7.4804e-01, 
 2DIAGNOSTIC,     2, -5.380313822568e-01, 1.797693134862e+308, 1.8243e+00, 3.6920e-02, 
 2DIAGNOSTIC,     3, -5.401731897469e-01, 1.797693134862e+308, 1.8576e+00, 3.3287e-02, 
 2DIAGNOSTIC,     4, -5.431881333549e-01, 1.797693134862e+308, 1.8895e+00, 3.1947e-02, 
 2DIAGNOSTIC,     5, -5.453557589093e-01, 1.797693134862e+308, 1.9275e+00, 3.7944e-02, 
 2DIAGNOSTIC,     6, -5.461088561519e-01, 1.797693134862e+308, 1.9609e+00, 3.3474e-02, 
 2DIAGNOSTIC,     7, -5.462086677271e-01, 1.797693134862e+308, 2.0040e+00, 4.3050e-02, 
 2DIAGNOSTIC,     8, -5.464869263606e-01, 1.797693134862e+308, 2.0468e+00, 4.2800e-02, 
 2DIAGNOSTIC,     9, -5.465850809327e-01, 1.797693134862e+308, 2.0931e+00, 4.6292e-02, 
 2DIAGNOSTIC,    10, -5.466464829161e-01, 1.224741312004e-03, 2.1287e+00, 3.5607e-02, 
 2DIAGNOSTIC,    11, -5.470487700307e-01, 8.391100368331e-04, 2.1665e+00, 3.7838e-02, 
 2DIAGNOSTIC,    12, -5.471506828274e-01, 5.042748916611e-04, 2.2046e+00, 3.8074e-02, 
 2DIAGNOSTIC,    13, -5.471747726954e-01, 2.608963479538e-04, 2.2468e+00, 4.2198e-02, 
 2DIAGNOSTIC,    14, -5.471893680948e-01, 1.401593339619e-04, 2.2822e+00, 3.5409e-02, 
 2DIAGNOSTIC,    15, -5.471839959279e-01, 9.761654290695e-05, 2.3165e+00, 3.4326e-02, 
 2DIAGNOSTIC,    16, -5.471599233861e-01, 7.527618137444e-05, 2.3455e+00, 2.9005e-02, 
 2DIAGNOSTIC,    17, -5.471662425976e-01, 5.183189723056e-05, 2.3747e+00, 2.9184e-02, 
 2DIAGNOSTIC,    18, -5.471747033920e-01, 3.478206883732e-05, 2.4075e+00, 3.2729e-02, 
 2DIAGNOSTIC,    19, -5.471813456847e-01, 1.945638736871e-05, 2.4412e+00, 3.3706e-02, 
 2DIAGNOSTIC,    20, -5.471662919667e-01, 4.969876338357e-06, 2.4710e+00, 2.9805e-02, 
 2DIAGNOSTIC,    21, -5.471844163998e-01, 1.951276637727e-06, 2.5052e+00, 3.4236e-02, 
 2DIAGNOSTIC,    22, -5.471946860308e-01, 1.794836789942e-06, 2.5353e+00, 3.0105e-02, 
 2DIAGNOSTIC,    23, -5.472309782152e-01, 2.955895458671e-06, 2.5653e+00, 3.0025e-02, 
 2DIAGNOSTIC,    24, -5.472460351334e-01, 4.500346532162e-06, 2.5980e+00, 3.2681e-02, 
 2DIAGNOSTIC,    25, -5.473225348156e-01, 7.130560442735e-06, 2.6273e+00, 2.9257e-02, 
 2DIAGNOSTIC,    26, -5.474469326973e-01, 1.098290860665e-05, 2.6560e+00, 2.8727e-02, 
 2DIAGNOSTIC,    27, -5.481013381971e-01, 2.630864993083e-05, 2.6884e+00, 3.2393e-02, 
 2DIAGNOSTIC,    28, -5.480678925925e-01, 3.738990049937e-05, 2.7272e+00, 3.8858e-02, 
 2DIAGNOSTIC,    29, -5.482084717204e-01, 4.712036743276e-05, 2.7996e+00, 7.2326e-02, 
 2DIAGNOSTIC,    30, -5.482082520382e-01, 5.166411778598e-05, 2.8315e+00, 3.1923e-02, 
 2DIAGNOSTIC,    31, -5.482014617736e-01, 5.125919176013e-05, 2.8683e+00, 3.6769e-02, 
 2DIAGNOSTIC,    32, -5.481815958634e-01, 4.582629206196e-05, 2.9081e+00, 3.9864e-02, 
 2DIAGNOSTIC,    33, -5.481718258884e-01, 3.689942450430e-05, 2.9497e+00, 4.1521e-02, 
 2DIAGNOSTIC,    34, -5.481825628379e-01, 2.560031745161e-05, 2.9900e+00, 4.0338e-02, 
 2DIAGNOSTIC,    35, -5.481838559041e-01, 1.379953147180e-05, 3.0310e+00, 4.1008e-02, 
 2DIAGNOSTIC,    36, -5.481854580586e-01, 3.009197389707e-06, 3.0671e+00, 3.6126e-02, 
 2DIAGNOSTIC,    37, -5.482631349698e-01, 2.936503163090e-06, 3.1055e+00, 3.8329e-02, 
 2DIAGNOSTIC,    38, -5.482856021861e-01, 2.436030177862e-06, 3.1410e+00, 3.5595e-02, 
 2DIAGNOSTIC,    39, -5.482706838174e-01, 3.481482843709e-06, 3.1800e+00, 3.8984e-02, 
 2DIAGNOSTIC,    40, -5.481987866072e-01, 3.305167197515e-06, 3.2174e+00, 3.7345e-02, 
 2DIAGNOSTIC,    41, -5.482804720784e-01, 3.880097566241e-06, 3.2542e+00, 3.6776e-02, 
 2DIAGNOSTIC,    42, -5.481861519914e-01, 2.663482532465e-06, 3.2953e+00, 4.1177e-02, 
 2DIAGNOSTIC,    43, -5.482756860567e-01, 2.305589880004e-06, 3.3384e+00, 4.3020e-02, 
 2DIAGNOSTIC,    44, -5.483025296402e-01, 2.250461378240e-06, 3.3777e+00, 3.9352e-02, 
 2DIAGNOSTIC,    45, -5.482811796154e-01, 1.831695016725e-06, 3.4161e+00, 3.8408e-02, 
 2DIAGNOSTIC,    46, -5.482645575892e-01, 1.147734149616e-06, 3.4562e+00, 4.0085e-02, 
 2DIAGNOSTIC,    47, -5.482548592193e-01, 1.196748934940e-06, 3.5611e+00, 1.0487e-01, 
 2DIAGNOSTIC,    48, -5.482548592181e-01, 1.430462296736e-06, 3.6694e+00, 1.0834e-01, 
 2DIAGNOSTIC,    49, -5.482548592181e-01, 1.427368514002e-06, 3.7087e+00, 3.9263e-02, 
DIAGNOSTIC,Iteration,metricValue,convergenceValue,ITERATION_TIME_INDEX,SINCE_LAST
 2DIAGNOSTIC,     1, -4.661873859558e-01, 1.797693134862e+308, 4.9286e+00, 1.2199e+00, 
 2DIAGNOSTIC,     2, -4.663634353228e-01, 1.797693134862e+308, 5.1856e+00, 2.5700e-01, 
 2DIAGNOSTIC,     3, -4.665065229594e-01, 1.797693134862e+308, 5.4348e+00, 2.4920e-01, 
 2DIAGNOSTIC,     4, -4.666272897368e-01, 1.797693134862e+308, 5.6770e+00, 2.4224e-01, 
 2DIAGNOSTIC,     5, -4.667166840587e-01, 1.797693134862e+308, 5.9290e+00, 2.5200e-01, 
 2DIAGNOSTIC,     6, -4.668667166148e-01, 1.797693134862e+308, 6.1621e+00, 2.3312e-01, 
 2DIAGNOSTIC,     7, -4.669697615885e-01, 1.797693134862e+308, 6.4249e+00, 2.6274e-01, 
 2DIAGNOSTIC,     8, -4.670258416299e-01, 1.797693134862e+308, 6.7709e+00, 3.4609e-01, 
 2DIAGNOSTIC,     9, -4.670791279284e-01, 1.797693134862e+308, 6.9862e+00, 2.1525e-01, 
 2DIAGNOSTIC,    10, -4.671177494837e-01, 1.313515693672e-04, 7.2152e+00, 2.2903e-01, 
 2DIAGNOSTIC,    11, -4.671984748372e-01, 1.051594363951e-04, 7.4330e+00, 2.1774e-01, 
 2DIAGNOSTIC,    12, -4.674352422291e-01, 9.486976093370e-05, 7.7840e+00, 3.5107e-01, 
 2DIAGNOSTIC,    13, -4.675162760301e-01, 8.802179285920e-05, 8.0090e+00, 2.2493e-01, 
 2DIAGNOSTIC,    14, -4.675732949464e-01, 8.217643583877e-05, 8.3443e+00, 3.3529e-01, 
 2DIAGNOSTIC,    15, -4.675740500076e-01, 7.347129851272e-05, 8.6513e+00, 3.0710e-01, 
 2DIAGNOSTIC,    16, -4.675762988255e-01, 6.503602904244e-05, 8.9604e+00, 3.0906e-01, 
 2DIAGNOSTIC,    17, -4.675729357514e-01, 5.521330104701e-05, 9.2280e+00, 2.6760e-01, 
 2DIAGNOSTIC,    18, -4.675713058405e-01, 4.332611236255e-05, 9.4701e+00, 2.4213e-01, 
 2DIAGNOSTIC,    19, -4.675679619181e-01, 3.052013813690e-05, 9.7442e+00, 2.7407e-01, 
 2DIAGNOSTIC,    20, -4.675676655018e-01, 1.753174280491e-05, 1.0026e+01, 2.8140e-01, 
 2DIAGNOSTIC,    21, -4.675683564546e-01, 6.511325293349e-06, 1.0346e+01, 3.2021e-01, 
 2DIAGNOSTIC,    22, -4.675666676441e-01, 2.482302567539e-06, 1.0588e+01, 2.4172e-01, 
DIAGNOSTIC,Iteration,metricValue,convergenceValue,ITERATION_TIME_INDEX,SINCE_LAST
 2DIAGNOSTIC,     1, -4.258644264027e-01, 1.797693134862e+308, 1.3079e+01, 2.4911e+00, 
 2DIAGNOSTIC,     2, -4.259683445770e-01, 1.797693134862e+308, 1.4490e+01, 1.4117e+00, 
 2DIAGNOSTIC,     3, -4.260097466022e-01, 1.797693134862e+308, 1.6166e+01, 1.6759e+00, 
 2DIAGNOSTIC,     4, -4.260070884603e-01, 1.797693134862e+308, 1.8012e+01, 1.8453e+00, 
 2DIAGNOSTIC,     5, -4.260078253600e-01, 1.797693134862e+308, 1.9887e+01, 1.8758e+00, 
 2DIAGNOSTIC,     6, -4.260078949296e-01, 1.797693134862e+308, 2.1401e+01, 1.5133e+00, 
 2DIAGNOSTIC,     7, -4.260076444504e-01, 1.797693134862e+308, 2.3055e+01, 1.6540e+00, 
 2DIAGNOSTIC,     8, -4.260076702013e-01, 1.797693134862e+308, 2.4552e+01, 1.4970e+00, 
 2DIAGNOSTIC,     9, -4.260074833643e-01, 1.797693134862e+308, 2.6045e+01, 1.4930e+00, 
 2DIAGNOSTIC,    10, -4.260072905817e-01, 1.491442566348e-05, 2.7392e+01, 1.3472e+00, 
 2DIAGNOSTIC,    11, -4.260072067817e-01, 5.128801608412e-06, 2.8919e+01, 1.5267e+00, 
 2DIAGNOSTIC,    12, -4.260071160681e-01, 2.479091989444e-06, 3.0474e+01, 1.5551e+00, 
 2DIAGNOSTIC,    13, -4.260070236766e-01, 2.377011635329e-06, 3.2016e+01, 1.5426e+00, 
 2DIAGNOSTIC,    14, -4.260069348699e-01, 2.163992574147e-06, 3.3506e+01, 1.4894e+00, 
 2DIAGNOSTIC,    15, -4.260068441880e-01, 2.017981669253e-06, 3.4872e+01, 1.3666e+00, 
 2DIAGNOSTIC,    16, -4.260067610028e-01, 1.899365794797e-06, 3.6368e+01, 1.4953e+00, 
 2DIAGNOSTIC,    17, -4.260068752765e-01, 1.797373864916e-06, 3.7884e+01, 1.5164e+00, 
 2DIAGNOSTIC,    18, -4.260067901027e-01, 1.711265486364e-06, 3.9430e+01, 1.5460e+00, 
 2DIAGNOSTIC,    19, -4.260062925372e-01, 1.615648495809e-06, 4.1023e+01, 1.5931e+00, 
 2DIAGNOSTIC,    20, -4.260060968537e-01, 1.522648451144e-06, 4.2756e+01, 1.7323e+00, 
 2DIAGNOSTIC,    21, -4.260059027931e-01, 1.435988091582e-06, 4.4234e+01, 1.4783e+00, 
 2DIAGNOSTIC,    22, -4.260060209927e-01, 1.365211348588e-06, 4.5774e+01, 1.5396e+00, 
 2DIAGNOSTIC,    23, -4.260062352816e-01, 1.311505053544e-06, 4.7254e+01, 1.4807e+00, 
 2DIAGNOSTIC,    24, -4.260061399695e-01, 1.264004219619e-06, 4.8561e+01, 1.3066e+00, 
 2DIAGNOSTIC,    25, -4.260061515985e-01, 1.224376179311e-06, 4.9893e+01, 1.3318e+00, 
 2DIAGNOSTIC,    26, -4.260060693936e-01, 1.187895328568e-06, 5.1238e+01, 1.3453e+00, 
 2DIAGNOSTIC,    27, -4.260061014236e-01, 1.160888549026e-06, 5.2749e+01, 1.5107e+00, 
 2DIAGNOSTIC,    28, -4.260059255357e-01, 1.131299261749e-06, 5.4393e+01, 1.6441e+00, 
 2DIAGNOSTIC,    29, -4.260060403519e-01, 1.095627842354e-06, 5.5932e+01, 1.5396e+00, 
 2DIAGNOSTIC,    30, -4.260059510008e-01, 1.056252069219e-06, 5.7471e+01, 1.5385e+00, 
 2DIAGNOSTIC,    31, -4.260057644219e-01, 1.011610895080e-06, 5.8977e+01, 1.5061e+00, 
  Elapsed time (stage 0): 5.9794e+01


Total elapsed time: 5.9803e+01
Info [verificarlo]: loaded backend libinterflop_ieee.so
Info [interflop-ieee]: load backend with:
Info [interflop-ieee]: debug = false
Info [interflop-ieee]: debug-binary = false
Info [interflop-ieee]: no-backend-name = false
Info [interflop-ieee]: print-new-line = false
Info [interflop-ieee]: print-subnormal-normalized = false
Info [interflop-ieee]: count-op = false
All_Command_lines_OK
Using double precision for computations.
=============================================================================
The composite transform comprises the following transforms (in order): 
  1. /home/mdugre/scratch/mri-registration-rp/datasets/ds004513/derivatives/mri-registration-rp/0001/antsRegistration-r7-p14/sub-s033/rigid_Composite.h5[0] (type = Euler3DTransform)
  2. /home/mdugre/scratch/mri-registration-rp/datasets/ds004513/derivatives/mri-registration-rp/0001/antsRegistration-r7-p14/sub-s033/rigid_Composite.h5[1] (type = Euler3DTransform)
  3. /home/mdugre/scratch/mri-registration-rp/datasets/ds004513/derivatives/mri-registration-rp/0001/antsRegistration-r7-p14/sub-s033/rigid_Composite.h5[2] (type = Euler3DTransform)
=============================================================================
  number of levels = 4
  fixed image: /templateflow/tpl-MNI152NLin2009cAsym/tpl-MNI152NLin2009cAsym_res-01_desc-brain_T1w.nii.gz
  moving image: /home/mdugre/scratch/mri-registration-rp/datasets/ds004513/derivatives/mri-registration-rp/antsBrainExtraction/sub-s033/BrainExtractionBrain.nii.gz
Dimension = 3
Number of stages = 1
Use histogram matching = false
Winsorize image intensities = true
  Lower quantile = 0.005
  Upper quantile = 0.995


Stage 1 State
   Image metric = MattesMI
     Fixed image = Image (0x50dd7e0)
  RTTI typeinfo:   itk::Image<double, 3u>
  Reference Count: 2
  Modified Time: 1592
  Debug: Off
  Object Name: 
  Observers: 
    none
  Source: (none)
  Source output name: (none)
  Release Data: Off
  Data Released: False
  Global Release Data: Off
  PipelineMTime: 0
  UpdateMTime: 1203
  RealTimeStamp: 0 seconds 
  LargestPossibleRegion: 
    Dimension: 3
    Index: [0, 0, 0]
    Size: [193, 229, 193]
  BufferedRegion: 
    Dimension: 3
    Index: [0, 0, 0]
    Size: [193, 229, 193]
  RequestedRegion: 
    Dimension: 3
    Index: [0, 0, 0]
    Size: [193, 229, 193]
  Spacing: [1, 1, 1]
  Origin: [96, 132, -78]
  Direction: 
-1 0 0
0 -1 0
0 0 1

  IndexToPointMatrix: 
-1 0 0
0 -1 0
0 0 1

  PointToIndexMatrix: 
-1 0 0
0 -1 0
0 0 1

  Inverse Direction: 
-1 0 0
0 -1 0
0 0 1

  PixelContainer: 
    ImportImageContainer (0x519da20)
      RTTI typeinfo:   itk::ImportImageContainer<unsigned long, double>
      Reference Count: 1
      Modified Time: 1200
      Debug: Off
      Object Name: 
      Observers: 
        none
      Pointer: 0x14571769d010
      Container manages memory: true
      Size: 8530021
      Capacity: 8530021

     Moving image = Image (0x5198d70)
  RTTI typeinfo:   itk::Image<double, 3u>
  Reference Count: 2
  Modified Time: 1593
  Debug: Off
  Object Name: 
  Observers: 
    none
  Source: (none)
  Source output name: (none)
  Release Data: Off
  Data Released: False
  Global Release Data: Off
  PipelineMTime: 0
  UpdateMTime: 1590
  RealTimeStamp: 0 seconds 
  LargestPossibleRegion: 
    Dimension: 3
    Index: [0, 0, 0]
    Size: [160, 240, 256]
  BufferedRegion: 
    Dimension: 3
    Index: [0, 0, 0]
    Size: [160, 240, 256]
  RequestedRegion: 
    Dimension: 3
    Index: [0, 0, 0]
    Size: [160, 240, 256]
  Spacing: [1, 1, 1]
  Origin: [91.5134, 94.282, -109.927]
  Direction: 
-0.99591 -0.0698718 -0.0572835
0.0697565 -0.997556 0.00401236
-0.0574239 5.01125e-08 0.99835

  IndexToPointMatrix: 
-0.99591 -0.0698718 -0.0572835
0.0697565 -0.997556 0.00401236
-0.0574239 5.01125e-08 0.99835

  PointToIndexMatrix: 
-0.99591 0.0697565 -0.0574239
-0.0698718 -0.997556 5.01483e-08
-0.0572835 0.00401236 0.99835

  Inverse Direction: 
-0.99591 0.0697565 -0.0574239
-0.0698718 -0.997556 5.01483e-08
-0.0572835 0.00401236 0.99835

  PixelContainer: 
    ImportImageContainer (0x5150c90)
      RTTI typeinfo:   itk::ImportImageContainer<unsigned long, double>
      Reference Count: 1
      Modified Time: 1587
      Debug: Off
      Object Name: 
      Observers: 
        none
      Pointer: 0x145712b9c010
      Container manages memory: true
      Size: 9830400
      Capacity: 9830400

     Weighting = 1
     Sampling strategy = regular
     Number of bins = 32
     Radius = 4
     Sampling percentage  = 0.25
   Transform = Affine
     Gradient step = 0.1
     Update field sigma (voxel space) = 0
     Total field sigma (voxel space) = 0
     Update field time sigma = 0
     Total field time sigma  = 0
     Number of time indices = 0
     Number of time point samples = 0
Registration using 1 total stages.

Stage 0
  iterations = 1000x500x250x100
  convergence threshold = 1e-06
  convergence window size = 10
  number of levels = 4
  using the Mattes MI metric (number of bins = 32, weight = 1, use gradient filter = 0)
  preprocessing:  winsorizing the image intensities
  Shrink factors (level 1 out of 4): [8, 8, 8]
  Shrink factors (level 2 out of 4): [4, 4, 4]
  Shrink factors (level 3 out of 4): [2, 2, 2]
  Shrink factors (level 4 out of 4): [1, 1, 1]
  smoothing sigmas per level: [3, 2, 1, 0]
  regular sampling (percentage = 0.25)

*** Running AffineTransform registration ***

DIAGNOSTIC,Iteration,metricValue,convergenceValue,ITERATION_TIME_INDEX,SINCE_LAST
 2DIAGNOSTIC,     1, -6.382673968507e-01, 1.797693134862e+308, 9.8962e-01, 9.8962e-01, 
 2DIAGNOSTIC,     2, -6.407344528022e-01, 1.797693134862e+308, 9.9627e-01, 6.6512e-03, 
 2DIAGNOSTIC,     3, -6.451469063540e-01, 1.797693134862e+308, 1.0022e+00, 5.8949e-03, 
 2DIAGNOSTIC,     4, -6.521750471617e-01, 1.797693134862e+308, 1.0079e+00, 5.7511e-03, 
 2DIAGNOSTIC,     5, -6.630750931332e-01, 1.797693134862e+308, 1.0139e+00, 6.0329e-03, 
 2DIAGNOSTIC,     6, -6.815308467984e-01, 1.797693134862e+308, 1.0198e+00, 5.8098e-03, 
 2DIAGNOSTIC,     7, -7.249468211923e-01, 1.797693134862e+308, 1.0265e+00, 6.7179e-03, 
 2DIAGNOSTIC,     8, -8.400970310179e-01, 1.797693134862e+308, 1.0326e+00, 6.1622e-03, 
 2DIAGNOSTIC,     9, -8.673236773776e-01, 1.797693134862e+308, 1.0426e+00, 9.9800e-03, 
 2DIAGNOSTIC,    10, -8.691840195924e-01, 2.372279513030e-02, 1.0488e+00, 6.1610e-03, 
 2DIAGNOSTIC,    11, -8.809948498513e-01, 2.374193579052e-02, 1.0547e+00, 5.8911e-03, 
 2DIAGNOSTIC,    12, -8.911473099844e-01, 2.200662019931e-02, 1.0607e+00, 6.0110e-03, 
 2DIAGNOSTIC,    13, -8.949320710161e-01, 1.879414732838e-02, 1.0674e+00, 6.7232e-03, 
 2DIAGNOSTIC,    14, -8.994271383536e-01, 1.472486272975e-02, 1.0761e+00, 8.7340e-03, 
 2DIAGNOSTIC,    15, -9.010578946282e-01, 1.029905404055e-02, 1.0819e+00, 5.7402e-03, 
 2DIAGNOSTIC,    16, -9.030909147767e-01, 6.042410435443e-03, 1.0878e+00, 5.9230e-03, 
 2DIAGNOSTIC,    17, -9.051126288361e-01, 2.694486312267e-03, 1.0938e+00, 5.9819e-03, 
 2DIAGNOSTIC,    18, -9.060804349867e-01, 1.798030049369e-03, 1.1005e+00, 6.6941e-03, 
 2DIAGNOSTIC,    19, -9.061300218696e-01, 1.352222763220e-03, 1.1063e+00, 5.8219e-03, 
 2DIAGNOSTIC,    20, -9.062098358316e-01, 8.626662863287e-04, 1.1125e+00, 6.2149e-03, 
 2DIAGNOSTIC,    21, -9.065237394253e-01, 5.429945466937e-04, 1.1189e+00, 6.4020e-03, 
 2DIAGNOSTIC,    22, -9.068671286219e-01, 3.693595208853e-04, 1.1266e+00, 7.7240e-03, 
 2DIAGNOSTIC,    23, -9.065085977839e-01, 2.279562920879e-04, 1.1371e+00, 1.0434e-02, 
 2DIAGNOSTIC,    24, -9.065094414229e-01, 1.430949593347e-04, 1.1428e+00, 5.7180e-03, 
 2DIAGNOSTIC,    25, -9.065158011734e-01, 7.455435677600e-05, 1.1487e+00, 5.8661e-03, 
 2DIAGNOSTIC,    26, -9.065254429804e-01, 3.093582474296e-05, 1.1549e+00, 6.2740e-03, 
 2DIAGNOSTIC,    27, -9.065392264882e-01, 1.328422305598e-05, 1.1607e+00, 5.8010e-03, 
 2DIAGNOSTIC,    28, -9.064061722852e-01, 6.088013812286e-06, 1.1666e+00, 5.8761e-03, 
DIAGNOSTIC,Iteration,metricValue,convergenceValue,ITERATION_TIME_INDEX,SINCE_LAST
 2DIAGNOSTIC,     1, -7.450659600492e-01, 1.797693134862e+308, 1.9707e+00, 8.0405e-01, 
 2DIAGNOSTIC,     2, -7.457007169974e-01, 1.797693134862e+308, 2.0084e+00, 3.7728e-02, 
 2DIAGNOSTIC,     3, -7.463249554753e-01, 1.797693134862e+308, 2.0457e+00, 3.7335e-02, 
 2DIAGNOSTIC,     4, -7.471291860252e-01, 1.797693134862e+308, 2.0829e+00, 3.7213e-02, 
 2DIAGNOSTIC,     5, -7.480964201379e-01, 1.797693134862e+308, 2.1335e+00, 5.0524e-02, 
 2DIAGNOSTIC,     6, -7.484312430754e-01, 1.797693134862e+308, 2.1738e+00, 4.0374e-02, 
 2DIAGNOSTIC,     7, -7.484835608039e-01, 1.797693134862e+308, 2.2139e+00, 4.0092e-02, 
 2DIAGNOSTIC,     8, -7.485891055696e-01, 1.797693134862e+308, 2.2538e+00, 3.9852e-02, 
 2DIAGNOSTIC,     9, -7.486566939208e-01, 1.797693134862e+308, 2.2907e+00, 3.6914e-02, 
 2DIAGNOSTIC,    10, -7.486932737150e-01, 3.258614926134e-04, 2.3472e+00, 5.6498e-02, 
 2DIAGNOSTIC,    11, -7.486482632824e-01, 2.215747757151e-04, 2.3972e+00, 4.9963e-02, 
 2DIAGNOSTIC,    12, -7.486343082984e-01, 1.349993662618e-04, 2.4349e+00, 3.7766e-02, 
 2DIAGNOSTIC,    13, -7.486377258266e-01, 6.793484620543e-05, 2.4712e+00, 3.6270e-02, 
 2DIAGNOSTIC,    14, -7.486421549830e-01, 2.577273052085e-05, 2.5086e+00, 3.7389e-02, 
 2DIAGNOSTIC,    15, -7.486618407453e-01, 1.188634864101e-05, 2.5477e+00, 3.9170e-02, 
 2DIAGNOSTIC,    16, -7.486540037573e-01, 6.633896034391e-06, 2.5853e+00, 3.7531e-02, 
 2DIAGNOSTIC,    17, -7.486615337624e-01, 2.894661952052e-06, 2.6274e+00, 4.2090e-02, 
 2DIAGNOSTIC,    18, -7.486659818385e-01, 1.751294954049e-06, 2.6706e+00, 4.3267e-02, 
 2DIAGNOSTIC,    19, -7.486538325797e-01, 1.795692152008e-06, 2.7140e+00, 4.3317e-02, 
 2DIAGNOSTIC,    20, -7.486409625132e-01, 2.301155069620e-06, 2.7522e+00, 3.8253e-02, 
 2DIAGNOSTIC,    21, -7.486285030642e-01, 1.667850752757e-06, 2.8012e+00, 4.9020e-02, 
DIAGNOSTIC,Iteration,metricValue,convergenceValue,ITERATION_TIME_INDEX,SINCE_LAST
 2DIAGNOSTIC,     1, -6.324215274225e-01, 1.797693134862e+308, 3.9563e+00, 1.1551e+00, 
 2DIAGNOSTIC,     2, -6.329957906146e-01, 1.797693134862e+308, 4.2116e+00, 2.5531e-01, 
 2DIAGNOSTIC,     3, -6.336349945493e-01, 1.797693134862e+308, 4.4845e+00, 2.7290e-01, 
 2DIAGNOSTIC,     4, -6.344909308407e-01, 1.797693134862e+308, 4.7463e+00, 2.6173e-01, 
 2DIAGNOSTIC,     5, -6.367560414638e-01, 1.797693134862e+308, 5.2455e+00, 4.9919e-01, 
 2DIAGNOSTIC,     6, -6.367541236254e-01, 1.797693134862e+308, 5.7114e+00, 4.6599e-01, 
 2DIAGNOSTIC,     7, -6.367553981599e-01, 1.797693134862e+308, 6.0397e+00, 3.2822e-01, 
 2DIAGNOSTIC,     8, -6.367534932059e-01, 1.797693134862e+308, 6.3934e+00, 3.5371e-01, 
 2DIAGNOSTIC,     9, -6.367524440344e-01, 1.797693134862e+308, 6.6868e+00, 2.9343e-01, 
 2DIAGNOSTIC,    10, -6.367498495696e-01, 4.887801644436e-04, 7.0277e+00, 3.4086e-01, 
 2DIAGNOSTIC,    11, -6.367500569690e-01, 3.306730285142e-04, 7.3392e+00, 3.1148e-01, 
 2DIAGNOSTIC,    12, -6.367488884513e-01, 1.920084814347e-04, 7.6622e+00, 3.2307e-01, 
 2DIAGNOSTIC,    13, -6.367478890367e-01, 7.965982106641e-05, 8.0205e+00, 3.5832e-01, 
 2DIAGNOSTIC,    14, -6.367470640538e-01, 1.604157468693e-06, 8.2985e+00, 2.7800e-01, 
 2DIAGNOSTIC,    15, -6.367395632141e-01, 1.307150580346e-06, 8.5812e+00, 2.8265e-01, 
 2DIAGNOSTIC,    16, -6.367383855378e-01, 1.039133646491e-06, 8.8958e+00, 3.1457e-01, 
DIAGNOSTIC,Iteration,metricValue,convergenceValue,ITERATION_TIME_INDEX,SINCE_LAST
 2DIAGNOSTIC,     1, -5.627729000781e-01, 1.797693134862e+308, 1.1891e+01, 2.9948e+00, 
 2DIAGNOSTIC,     2, -5.629584894224e-01, 1.797693134862e+308, 1.3675e+01, 1.7849e+00, 
 2DIAGNOSTIC,     3, -5.631659574933e-01, 1.797693134862e+308, 1.5470e+01, 1.7945e+00, 
 2DIAGNOSTIC,     4, -5.634863366894e-01, 1.797693134862e+308, 1.7390e+01, 1.9205e+00, 
 2DIAGNOSTIC,     5, -5.640246354002e-01, 1.797693134862e+308, 2.0638e+01, 3.2480e+00, 
 2DIAGNOSTIC,     6, -5.640216556909e-01, 1.797693134862e+308, 2.2925e+01, 2.2862e+00, 
 2DIAGNOSTIC,     7, -5.640210572210e-01, 1.797693134862e+308, 2.4785e+01, 1.8604e+00, 
 2DIAGNOSTIC,     8, -5.640211831360e-01, 1.797693134862e+308, 2.6617e+01, 1.8320e+00, 
 2DIAGNOSTIC,     9, -5.640204586269e-01, 1.797693134862e+308, 2.8878e+01, 2.2610e+00, 
 2DIAGNOSTIC,    10, -5.640198721799e-01, 1.556765887803e-04, 3.1169e+01, 2.2912e+00, 
 2DIAGNOSTIC,    11, -5.640197593316e-01, 1.028433846512e-04, 3.3684e+01, 2.5149e+00, 
 2DIAGNOSTIC,    12, -5.640196732648e-01, 5.793434326799e-05, 3.6083e+01, 2.3988e+00, 
 2DIAGNOSTIC,    13, -5.640195467584e-01, 2.288082014831e-05, 3.7897e+01, 1.8144e+00, 
 2DIAGNOSTIC,    14, -5.640191403455e-01, 1.946570336087e-06, 3.9790e+01, 1.8924e+00, 
 2DIAGNOSTIC,    15, -5.640191990034e-01, 1.931179523920e-06, 4.2014e+01, 2.2238e+00, 
 2DIAGNOSTIC,    16, -5.640192826921e-01, 1.844013004931e-06, 4.4237e+01, 2.2235e+00, 
 2DIAGNOSTIC,    17, -5.640191896755e-01, 1.759115592317e-06, 4.6385e+01, 2.1479e+00, 
 2DIAGNOSTIC,    18, -5.640189599440e-01, 1.691739139921e-06, 4.8267e+01, 1.8823e+00, 
 2DIAGNOSTIC,    19, -5.640188894743e-01, 1.618162280552e-06, 5.0143e+01, 1.8757e+00, 
 2DIAGNOSTIC,    20, -5.640187045559e-01, 1.537717809807e-06, 5.2408e+01, 2.2646e+00, 
 2DIAGNOSTIC,    21, -5.640187639834e-01, 1.468469086947e-06, 5.4319e+01, 1.9117e+00, 
 2DIAGNOSTIC,    22, -5.640186606741e-01, 1.405469622615e-06, 5.6032e+01, 1.7131e+00, 
 2DIAGNOSTIC,    23, -5.640185875331e-01, 1.347811603991e-06, 5.7968e+01, 1.9360e+00, 
 2DIAGNOSTIC,    24, -5.640186613626e-01, 1.291363666389e-06, 5.9803e+01, 1.8347e+00, 
 2DIAGNOSTIC,    25, -5.640186195775e-01, 1.242826894669e-06, 6.1721e+01, 1.9183e+00, 
 2DIAGNOSTIC,    26, -5.640185975566e-01, 1.202027035622e-06, 6.3604e+01, 1.8831e+00, 
 2DIAGNOSTIC,    27, -5.640185144507e-01, 1.163119057832e-06, 6.5547e+01, 1.9422e+00, 
 2DIAGNOSTIC,    28, -5.640187251585e-01, 1.128155923617e-06, 6.7422e+01, 1.8750e+00, 
 2DIAGNOSTIC,    29, -5.640184945098e-01, 1.091076457550e-06, 6.9670e+01, 2.2488e+00, 
 2DIAGNOSTIC,    30, -5.640184182376e-01, 1.052724407972e-06, 7.1349e+01, 1.6787e+00, 
 2DIAGNOSTIC,    31, -5.640182437957e-01, 1.015832376307e-06, 7.3252e+01, 1.9027e+00, 
  Elapsed time (stage 0): 7.4487e+01


Total elapsed time: 7.4493e+01
Info [verificarlo]: loaded backend libinterflop_vprec.so
Info [interflop-vprec]: load backend with: 
Info [interflop-vprec]: precision-binary32 = 14
Info [interflop-vprec]: range-binary32 = 7
Info [interflop-vprec]: precision-binary64 = 14
Info [interflop-vprec]: range-binary64 = 7
Info [interflop-vprec]: mode = ob
Info [interflop-vprec]: error-mode = rel
Info [interflop-vprec]: max-abs-error-exponent = -1022
Info [interflop-vprec]: daz = false
Info [interflop-vprec]: ftz = false
Info [interflop-vprec]: 	instrument = none
Info [interflop-vprec]: 	prec-input-file = (null)
Info [interflop-vprec]: 	prec-output-file = (null)
Info [interflop-vprec]: 	prec-log-file = (null)
All_Command_lines_OK
Using double precision for computations.
=============================================================================
The composite transform comprises the following transforms (in order): 
  1. /home/mdugre/scratch/mri-registration-rp/datasets/ds004513/derivatives/mri-registration-rp/0001/antsRegistration-r7-p14/sub-s033/affine_Composite.h5[0] (type = Euler3DTransform)
  2. /home/mdugre/scratch/mri-registration-rp/datasets/ds004513/derivatives/mri-registration-rp/0001/antsRegistration-r7-p14/sub-s033/affine_Composite.h5[1] (type = Euler3DTransform)
  3. /home/mdugre/scratch/mri-registration-rp/datasets/ds004513/derivatives/mri-registration-rp/0001/antsRegistration-r7-p14/sub-s033/affine_Composite.h5[2] (type = Euler3DTransform)
  4. /home/mdugre/scratch/mri-registration-rp/datasets/ds004513/derivatives/mri-registration-rp/0001/antsRegistration-r7-p14/sub-s033/affine_Composite.h5[3] (type = AffineTransform)
=============================================================================
  number of levels = 4
