
##########################
# Experiment information #
##########################

EXPERIMENT_NAME: antsRegistration-r7-p20
VFC_BACKENDS: libinterflop_vprec.so --range-binary32=7 --precision-binary32=20 --range-binary64=7 --precision-binary64=20

SIF_IMG: /home/mdugre/projects/rrg-glatard/mdugre/containers/ants-vprec-no_metrics.simg

SUBJECT_ID: s037
INPUT_IMG: /home/mdugre/scratch/mri-registration-rp/datasets/ds004513/derivatives/mri-registration-rp/antsBrainExtraction/sub-s037/BrainExtractionBrain.nii.gz
OUTPUT_DIR: /home/mdugre/scratch/mri-registration-rp/datasets/ds004513/derivatives/mri-registration-rp/0001/antsRegistration-r7-p20/sub-s037

FIXED_IMG: /templateflow/tpl-MNI152NLin2009cAsym/tpl-MNI152NLin2009cAsym_res-01_desc-brain_T1w.nii.gz
DATA_DIR: /home/mdugre/scratch/mri-registration-rp/datasets/ds004513
TEMPLATEFLOW_DIR: /home/mdugre/projects/rrg-glatard/mdugre/templateflow
ITK_GLOBAL_DEFAULT_NUMBER_OF_THREADS: 16
##########################

Info [verificarlo]: loaded backend libinterflop_ieee.so
Info [interflop-ieee]: load backend with:
Info [interflop-ieee]: debug = false
Info [interflop-ieee]: debug-binary = false
Info [interflop-ieee]: no-backend-name = false
Info [interflop-ieee]: print-new-line = false
Info [interflop-ieee]: print-subnormal-normalized = false
Info [interflop-ieee]: count-op = false
All_Command_lines_OK
Using double precision for computations.
=============================================================================
The composite transform comprises the following transforms (in order): 
  1. Center of mass alignment using fixed image: /templateflow/tpl-MNI152NLin2009cAsym/tpl-MNI152NLin2009cAsym_res-01_desc-brain_T1w.nii.gz and moving image: /home/mdugre/scratch/mri-registration-rp/datasets/ds004513/derivatives/mri-registration-rp/antsBrainExtraction/sub-s037/BrainExtractionBrain.nii.gz (type = Euler3DTransform)
=============================================================================
  number of levels = 1
  fixed image: /templateflow/tpl-MNI152NLin2009cAsym/tpl-MNI152NLin2009cAsym_res-01_desc-brain_T1w.nii.gz
  moving image: /home/mdugre/scratch/mri-registration-rp/datasets/ds004513/derivatives/mri-registration-rp/antsBrainExtraction/sub-s037/BrainExtractionBrain.nii.gz
Dimension = 3
Number of stages = 1
Use histogram matching = false
Winsorize image intensities = true
  Lower quantile = 0.005
  Upper quantile = 0.995


Stage 1 State
   Image metric = MattesMI
     Fixed image = Image (0x4af7e70)
  RTTI typeinfo:   itk::Image<double, 3u>
  Reference Count: 2
  Modified Time: 2330
  Debug: Off
  Object Name: 
  Observers: 
    none
  Source: (none)
  Source output name: (none)
  Release Data: Off
  Data Released: False
  Global Release Data: Off
  PipelineMTime: 0
  UpdateMTime: 1941
  RealTimeStamp: 0 seconds 
  LargestPossibleRegion: 
    Dimension: 3
    Index: [0, 0, 0]
    Size: [193, 229, 193]
  BufferedRegion: 
    Dimension: 3
    Index: [0, 0, 0]
    Size: [193, 229, 193]
  RequestedRegion: 
    Dimension: 3
    Index: [0, 0, 0]
    Size: [193, 229, 193]
  Spacing: [1, 1, 1]
  Origin: [96, 132, -78]
  Direction: 
-1 0 0
0 -1 0
0 0 1

  IndexToPointMatrix: 
-1 0 0
0 -1 0
0 0 1

  PointToIndexMatrix: 
-1 0 0
0 -1 0
0 0 1

  Inverse Direction: 
-1 0 0
0 -1 0
0 0 1

  PixelContainer: 
    ImportImageContainer (0x4b00c60)
      RTTI typeinfo:   itk::ImportImageContainer<unsigned long, double>
      Reference Count: 1
      Modified Time: 1938
      Debug: Off
      Object Name: 
      Observers: 
        none
      Pointer: 0x14f3f2111010
      Container manages memory: true
      Size: 8530021
      Capacity: 8530021

     Moving image = Image (0x4b94ec0)
  RTTI typeinfo:   itk::Image<double, 3u>
  Reference Count: 2
  Modified Time: 2331
  Debug: Off
  Object Name: 
  Observers: 
    none
  Source: (none)
  Source output name: (none)
  Release Data: Off
  Data Released: False
  Global Release Data: Off
  PipelineMTime: 0
  UpdateMTime: 2328
  RealTimeStamp: 0 seconds 
  LargestPossibleRegion: 
    Dimension: 3
    Index: [0, 0, 0]
    Size: [160, 240, 256]
  BufferedRegion: 
    Dimension: 3
    Index: [0, 0, 0]
    Size: [160, 240, 256]
  RequestedRegion: 
    Dimension: 3
    Index: [0, 0, 0]
    Size: [160, 240, 256]
  Spacing: [1, 1, 1]
  Origin: [87.9508, 102.562, -147.639]
  Direction: 
-0.998659 -0.0436121 -0.0279129
0.043595 -0.999049 0.00121847
-0.0279395 -2.65543e-08 0.99961

  IndexToPointMatrix: 
-0.998659 -0.0436121 -0.0279129
0.043595 -0.999049 0.00121847
-0.0279395 -2.65543e-08 0.99961

  PointToIndexMatrix: 
-0.998659 0.043595 -0.0279395
-0.0436121 -0.999049 -2.65517e-08
-0.0279129 0.00121847 0.99961

  Inverse Direction: 
-0.998659 0.043595 -0.0279395
-0.0436121 -0.999049 -2.65517e-08
-0.0279129 0.00121847 0.99961

  PixelContainer: 
    ImportImageContainer (0x4c2c610)
      RTTI typeinfo:   itk::ImportImageContainer<unsigned long, double>
      Reference Count: 1
      Modified Time: 2325
      Debug: Off
      Object Name: 
      Observers: 
        none
      Pointer: 0x14f3ed610010
      Container manages memory: true
      Size: 9830400
      Capacity: 9830400

     Weighting = 1
     Sampling strategy = regular
     Number of bins = 32
     Radius = 4
     Sampling percentage  = 0.25
   Transform = Rigid
     Gradient step = 0.1
     Update field sigma (voxel space) = 0
     Total field sigma (voxel space) = 0
     Update field time sigma = 0
     Total field time sigma  = 0
     Number of time indices = 0
     Number of time point samples = 0
Registration using 1 total stages.

Stage 0
  iterations = 0
  convergence threshold = 1e-06
  convergence window size = 10
  number of levels = 1
  using the Mattes MI metric (number of bins = 32, weight = 1, use gradient filter = 0)
  preprocessing:  winsorizing the image intensities
  Shrink factors (level 1 out of 1): [1, 1, 1]
  smoothing sigmas per level: [0]
  regular sampling (percentage = 0.25)

*** Running Euler3DTransform registration ***

  Elapsed time (stage 0): 1.18246


Total elapsed time: 1.18446
Info [verificarlo]: loaded backend libinterflop_ieee.so
Info [interflop-ieee]: load backend with:
Info [interflop-ieee]: debug = false
Info [interflop-ieee]: debug-binary = false
Info [interflop-ieee]: no-backend-name = false
Info [interflop-ieee]: print-new-line = false
Info [interflop-ieee]: print-subnormal-normalized = false
Info [interflop-ieee]: count-op = false
All_Command_lines_OK
Using double precision for computations.
=============================================================================
The composite transform comprises the following transforms (in order): 
  1. /home/mdugre/scratch/mri-registration-rp/datasets/ds004513/derivatives/mri-registration-rp/0001/antsRegistration-r7-p20/sub-s037/align_Composite.h5[0] (type = Euler3DTransform)
  2. /home/mdugre/scratch/mri-registration-rp/datasets/ds004513/derivatives/mri-registration-rp/0001/antsRegistration-r7-p20/sub-s037/align_Composite.h5[1] (type = Euler3DTransform)
=============================================================================
  number of levels = 4
  fixed image: /templateflow/tpl-MNI152NLin2009cAsym/tpl-MNI152NLin2009cAsym_res-01_desc-brain_T1w.nii.gz
  moving image: /home/mdugre/scratch/mri-registration-rp/datasets/ds004513/derivatives/mri-registration-rp/antsBrainExtraction/sub-s037/BrainExtractionBrain.nii.gz
Dimension = 3
Number of stages = 1
Use histogram matching = false
Winsorize image intensities = true
  Lower quantile = 0.005
  Upper quantile = 0.995


Stage 1 State
   Image metric = MattesMI
     Fixed image = Image (0x43f2530)
  RTTI typeinfo:   itk::Image<double, 3u>
  Reference Count: 2
  Modified Time: 1578
  Debug: Off
  Object Name: 
  Observers: 
    none
  Source: (none)
  Source output name: (none)
  Release Data: Off
  Data Released: False
  Global Release Data: Off
  PipelineMTime: 0
  UpdateMTime: 1189
  RealTimeStamp: 0 seconds 
  LargestPossibleRegion: 
    Dimension: 3
    Index: [0, 0, 0]
    Size: [193, 229, 193]
  BufferedRegion: 
    Dimension: 3
    Index: [0, 0, 0]
    Size: [193, 229, 193]
  RequestedRegion: 
    Dimension: 3
    Index: [0, 0, 0]
    Size: [193, 229, 193]
  Spacing: [1, 1, 1]
  Origin: [96, 132, -78]
  Direction: 
-1 0 0
0 -1 0
0 0 1

  IndexToPointMatrix: 
-1 0 0
0 -1 0
0 0 1

  PointToIndexMatrix: 
-1 0 0
0 -1 0
0 0 1

  Inverse Direction: 
-1 0 0
0 -1 0
0 0 1

  PixelContainer: 
    ImportImageContainer (0x44b0d60)
      RTTI typeinfo:   itk::ImportImageContainer<unsigned long, double>
      Reference Count: 1
      Modified Time: 1186
      Debug: Off
      Object Name: 
      Observers: 
        none
      Pointer: 0x1517bcd04010
      Container manages memory: true
      Size: 8530021
      Capacity: 8530021

     Moving image = Image (0x44a2f60)
  RTTI typeinfo:   itk::Image<double, 3u>
  Reference Count: 2
  Modified Time: 1579
  Debug: Off
  Object Name: 
  Observers: 
    none
  Source: (none)
  Source output name: (none)
  Release Data: Off
  Data Released: False
  Global Release Data: Off
  PipelineMTime: 0
  UpdateMTime: 1576
  RealTimeStamp: 0 seconds 
  LargestPossibleRegion: 
    Dimension: 3
    Index: [0, 0, 0]
    Size: [160, 240, 256]
  BufferedRegion: 
    Dimension: 3
    Index: [0, 0, 0]
    Size: [160, 240, 256]
  RequestedRegion: 
    Dimension: 3
    Index: [0, 0, 0]
    Size: [160, 240, 256]
  Spacing: [1, 1, 1]
  Origin: [87.9508, 102.562, -147.639]
  Direction: 
-0.998659 -0.0436121 -0.0279129
0.043595 -0.999049 0.00121847
-0.0279395 -2.65543e-08 0.99961

  IndexToPointMatrix: 
-0.998659 -0.0436121 -0.0279129
0.043595 -0.999049 0.00121847
-0.0279395 -2.65543e-08 0.99961

  PointToIndexMatrix: 
-0.998659 0.043595 -0.0279395
-0.0436121 -0.999049 -2.65517e-08
-0.0279129 0.00121847 0.99961

  Inverse Direction: 
-0.998659 0.043595 -0.0279395
-0.0436121 -0.999049 -2.65517e-08
-0.0279129 0.00121847 0.99961

  PixelContainer: 
    ImportImageContainer (0x44946d0)
      RTTI typeinfo:   itk::ImportImageContainer<unsigned long, double>
      Reference Count: 1
      Modified Time: 1573
      Debug: Off
      Object Name: 
      Observers: 
        none
      Pointer: 0x1517b8203010
      Container manages memory: true
      Size: 9830400
      Capacity: 9830400

     Weighting = 1
     Sampling strategy = regular
     Number of bins = 32
     Radius = 4
     Sampling percentage  = 0.25
   Transform = Rigid
     Gradient step = 0.1
     Update field sigma (voxel space) = 0
     Total field sigma (voxel space) = 0
     Update field time sigma = 0
     Total field time sigma  = 0
     Number of time indices = 0
     Number of time point samples = 0
Registration using 1 total stages.

Stage 0
  iterations = 1000x500x250x100
  convergence threshold = 1e-06
  convergence window size = 10
  number of levels = 4
  using the Mattes MI metric (number of bins = 32, weight = 1, use gradient filter = 0)
  preprocessing:  winsorizing the image intensities
  Shrink factors (level 1 out of 4): [8, 8, 8]
  Shrink factors (level 2 out of 4): [4, 4, 4]
  Shrink factors (level 3 out of 4): [2, 2, 2]
  Shrink factors (level 4 out of 4): [1, 1, 1]
  smoothing sigmas per level: [3, 2, 1, 0]
  regular sampling (percentage = 0.25)

*** Running Euler3DTransform registration ***

DIAGNOSTIC,Iteration,metricValue,convergenceValue,ITERATION_TIME_INDEX,SINCE_LAST
 2DIAGNOSTIC,     1, -4.299060189477e-01, 1.797693134862e+308, 7.0823e-01, 7.0823e-01, 
 2DIAGNOSTIC,     2, -4.311703807429e-01, 1.797693134862e+308, 7.1316e-01, 4.9229e-03, 
 2DIAGNOSTIC,     3, -4.334997061176e-01, 1.797693134862e+308, 7.1755e-01, 4.3910e-03, 
 2DIAGNOSTIC,     4, -4.389575130370e-01, 1.797693134862e+308, 7.2253e-01, 4.9860e-03, 
 2DIAGNOSTIC,     5, -4.438813134482e-01, 1.797693134862e+308, 7.2719e-01, 4.6539e-03, 
 2DIAGNOSTIC,     6, -4.461495460377e-01, 1.797693134862e+308, 7.3218e-01, 4.9920e-03, 
 2DIAGNOSTIC,     7, -4.511407144429e-01, 1.797693134862e+308, 7.3815e-01, 5.9719e-03, 
 2DIAGNOSTIC,     8, -4.667812032718e-01, 1.797693134862e+308, 7.4412e-01, 5.9669e-03, 
 2DIAGNOSTIC,     9, -4.753090114372e-01, 1.797693134862e+308, 7.4917e-01, 5.0490e-03, 
 2DIAGNOSTIC,    10, -4.802481719655e-01, 7.481707542057e-03, 7.5451e-01, 5.3408e-03, 
 2DIAGNOSTIC,    11, -4.821261368877e-01, 7.356704266140e-03, 7.5922e-01, 4.7109e-03, 
 2DIAGNOSTIC,    12, -4.837491005317e-01, 6.749992380109e-03, 7.6469e-01, 5.4739e-03, 
 2DIAGNOSTIC,    13, -5.028244927622e-01, 6.622215038800e-03, 7.7229e-01, 7.6020e-03, 
 2DIAGNOSTIC,    14, -5.042109134413e-01, 6.183615245772e-03, 7.7688e-01, 4.5869e-03, 
 2DIAGNOSTIC,    15, -5.066116081885e-01, 5.558135432514e-03, 7.8152e-01, 4.6430e-03, 
 2DIAGNOSTIC,    16, -5.083451635973e-01, 4.676295421891e-03, 7.8614e-01, 4.6210e-03, 
 2DIAGNOSTIC,    17, -5.184993492486e-01, 3.998770500417e-03, 7.9363e-01, 7.4840e-03, 
 2DIAGNOSTIC,    18, -5.256348856032e-01, 3.769024583774e-03, 7.9830e-01, 4.6730e-03, 
 2DIAGNOSTIC,    19, -5.260487280161e-01, 3.491513213016e-03, 8.0365e-01, 5.3470e-03, 
 2DIAGNOSTIC,    20, -5.292109543051e-01, 3.174906855335e-03, 8.0875e-01, 5.1050e-03, 
 2DIAGNOSTIC,    21, -5.301818238245e-01, 2.681599987396e-03, 8.1334e-01, 4.5860e-03, 
 2DIAGNOSTIC,    22, -5.312241331177e-01, 2.041188672768e-03, 8.1843e-01, 5.0931e-03, 
 2DIAGNOSTIC,    23, -5.321371281430e-01, 1.776978900322e-03, 8.2407e-01, 5.6341e-03, 
 2DIAGNOSTIC,    24, -5.330747163102e-01, 1.429097626924e-03, 8.2874e-01, 4.6761e-03, 
 2DIAGNOSTIC,    25, -5.340979393211e-01, 1.060387049013e-03, 8.3395e-01, 5.2040e-03, 
 2DIAGNOSTIC,    26, -5.353301677095e-01, 6.839341567159e-04, 8.4065e-01, 6.6991e-03, 
 2DIAGNOSTIC,    27, -5.359877710885e-01, 5.005574009207e-04, 8.4517e-01, 4.5221e-03, 
 2DIAGNOSTIC,    28, -5.363338756957e-01, 4.385705336740e-04, 8.4968e-01, 4.5161e-03, 
 2DIAGNOSTIC,    29, -5.373050602647e-01, 3.660290290499e-04, 8.5432e-01, 4.6320e-03, 
 2DIAGNOSTIC,    30, -5.398201316166e-01, 3.715995503147e-04, 8.5982e-01, 5.5091e-03, 
 2DIAGNOSTIC,    31, -5.446422294999e-01, 4.465293689290e-04, 8.7022e-01, 1.0399e-02, 
 2DIAGNOSTIC,    32, -5.446647000460e-01, 4.912690653908e-04, 8.7478e-01, 4.5540e-03, 
 2DIAGNOSTIC,    33, -5.447648254535e-01, 5.056540933802e-04, 8.7941e-01, 4.6279e-03, 
 2DIAGNOSTIC,    34, -5.449312055094e-01, 4.904194595463e-04, 8.8388e-01, 4.4792e-03, 
 2DIAGNOSTIC,    35, -5.452046029046e-01, 4.491630836613e-04, 8.8832e-01, 4.4370e-03, 
 2DIAGNOSTIC,    36, -5.456974805535e-01, 3.933160896203e-04, 8.9275e-01, 4.4320e-03, 
 2DIAGNOSTIC,    37, -5.462998548305e-01, 3.227912769118e-04, 8.9748e-01, 4.7269e-03, 
 2DIAGNOSTIC,    38, -5.470544387638e-01, 2.429330173965e-04, 9.0208e-01, 4.5972e-03, 
 2DIAGNOSTIC,    39, -5.483333935885e-01, 1.763326041671e-04, 9.0702e-01, 4.9419e-03, 
 2DIAGNOSTIC,    40, -5.485725952284e-01, 1.327571516299e-04, 9.1145e-01, 4.4260e-03, 
 2DIAGNOSTIC,    41, -5.488485915330e-01, 1.482681825483e-04, 9.1640e-01, 4.9541e-03, 
 2DIAGNOSTIC,    42, -5.491459612215e-01, 1.532224080288e-04, 9.2100e-01, 4.5979e-03, 
 2DIAGNOSTIC,    43, -5.501736463182e-01, 1.577431894214e-04, 9.2685e-01, 5.8479e-03, 
 2DIAGNOSTIC,    44, -5.634782580173e-01, 3.158801884654e-04, 9.3348e-01, 6.6381e-03, 
 2DIAGNOSTIC,    45, -5.665413581929e-01, 4.726122300671e-04, 9.3866e-01, 5.1720e-03, 
 2DIAGNOSTIC,    46, -5.687313465397e-01, 6.100210630734e-04, 9.4376e-01, 5.1050e-03, 
 2DIAGNOSTIC,    47, -5.690905682175e-01, 6.961237466446e-04, 9.4883e-01, 5.0690e-03, 
 2DIAGNOSTIC,    48, -5.694274610152e-01, 7.239207433504e-04, 9.5328e-01, 4.4529e-03, 
 2DIAGNOSTIC,    49, -5.697237542694e-01, 6.965800392590e-04, 9.5780e-01, 4.5190e-03, 
 2DIAGNOSTIC,    50, -5.705600475794e-01, 6.145409728918e-04, 9.6396e-01, 6.1622e-03, 
 2DIAGNOSTIC,    51, -5.709004469942e-01, 4.855213374866e-04, 9.6887e-01, 4.9019e-03, 
 2DIAGNOSTIC,    52, -5.711758554561e-01, 3.232739200772e-04, 9.7332e-01, 4.4560e-03, 
 2DIAGNOSTIC,    53, -5.714011502783e-01, 1.464972611440e-04, 9.7785e-01, 4.5321e-03, 
 2DIAGNOSTIC,    54, -5.723202086542e-01, 1.050914799587e-04, 9.8241e-01, 4.5590e-03, 
 2DIAGNOSTIC,    55, -5.761550482468e-01, 1.223211172612e-04, 9.8937e-01, 6.9590e-03, 
 2DIAGNOSTIC,    56, -5.785837111344e-01, 1.707331729397e-04, 9.9391e-01, 4.5409e-03, 
 2DIAGNOSTIC,    57, -5.816713002213e-01, 2.334809272986e-04, 9.9994e-01, 6.0279e-03, 
 2DIAGNOSTIC,    58, -5.828690977626e-01, 2.857539859686e-04, 1.0049e+00, 4.9422e-03, 
 2DIAGNOSTIC,    59, -5.830798093181e-01, 3.132854095112e-04, 1.0099e+00, 4.9739e-03, 
 2DIAGNOSTIC,    60, -5.832248535824e-01, 3.183639071317e-04, 1.0144e+00, 4.5881e-03, 
 2DIAGNOSTIC,    61, -5.831992849248e-01, 2.951551209687e-04, 1.0189e+00, 4.4730e-03, 
 2DIAGNOSTIC,    62, -5.833799321379e-01, 2.484585600627e-04, 1.0249e+00, 6.0291e-03, 
 2DIAGNOSTIC,    63, -5.834725456010e-01, 1.824555387737e-04, 1.0302e+00, 5.2030e-03, 
 2DIAGNOSTIC,    64, -5.835165126748e-01, 1.089109775821e-04, 1.0346e+00, 4.4031e-03, 
 2DIAGNOSTIC,    65, -5.834607083099e-01, 5.825815365556e-05, 1.0390e+00, 4.4310e-03, 
 2DIAGNOSTIC,    66, -5.836231831410e-01, 2.405034673206e-05, 1.0434e+00, 4.4611e-03, 
 2DIAGNOSTIC,    67, -5.847955625871e-01, 2.214697875315e-05, 1.0497e+00, 6.2442e-03, 
 2DIAGNOSTIC,    68, -5.849178344058e-01, 2.820501211242e-05, 1.0547e+00, 5.0030e-03, 
 2DIAGNOSTIC,    69, -5.851340527269e-01, 3.476428483383e-05, 1.0597e+00, 5.0180e-03, 
 2DIAGNOSTIC,    70, -5.852369097000e-01, 3.983601521544e-05, 1.0647e+00, 4.9999e-03, 
 2DIAGNOSTIC,    71, -5.853466941445e-01, 4.152508732715e-05, 1.0707e+00, 6.0291e-03, 
 2DIAGNOSTIC,    72, -5.854556448812e-01, 4.116783390436e-05, 1.0757e+00, 5.0061e-03, 
 2DIAGNOSTIC,    73, -5.855922913620e-01, 3.850646351619e-05, 1.0804e+00, 4.6160e-03, 
 2DIAGNOSTIC,    74, -5.857200245351e-01, 3.360166736838e-05, 1.0852e+00, 4.8881e-03, 
 2DIAGNOSTIC,    75, -5.856780102255e-01, 2.501673562621e-05, 1.0897e+00, 4.4351e-03, 
 2DIAGNOSTIC,    76, -5.857730763801e-01, 1.590568806415e-05, 1.0947e+00, 5.0111e-03, 
 2DIAGNOSTIC,    77, -5.860369447290e-01, 1.532117524207e-05, 1.0991e+00, 4.4148e-03, 
 2DIAGNOSTIC,    78, -5.867395338878e-01, 1.876759931169e-05, 1.1060e+00, 6.9289e-03, 
 2DIAGNOSTIC,    79, -5.870065495781e-01, 2.343532468285e-05, 1.1105e+00, 4.4310e-03, 
 2DIAGNOSTIC,    80, -5.870375975237e-01, 2.666793568216e-05, 1.1149e+00, 4.4410e-03, 
 2DIAGNOSTIC,    81, -5.871204863046e-01, 2.860144738841e-05, 1.1199e+00, 4.9589e-03, 
 2DIAGNOSTIC,    82, -5.872851252436e-01, 2.945303148138e-05, 1.1247e+00, 4.8771e-03, 
 2DIAGNOSTIC,    83, -5.871851579595e-01, 2.758624151883e-05, 1.1303e+00, 5.5830e-03, 
 2DIAGNOSTIC,    84, -5.872226182978e-01, 2.420223100987e-05, 1.1348e+00, 4.5049e-03, 
 2DIAGNOSTIC,    85, -5.872244798009e-01, 1.842414457328e-05, 1.1397e+00, 4.8740e-03, 
 2DIAGNOSTIC,    86, -5.872277427212e-01, 1.165551874432e-05, 1.1446e+00, 4.9219e-03, 
 2DIAGNOSTIC,    87, -5.872292310778e-01, 5.439667116908e-06, 1.1490e+00, 4.3271e-03, 
 2DIAGNOSTIC,    88, -5.873153036450e-01, 3.509932387936e-06, 1.1539e+00, 4.8931e-03, 
 2DIAGNOSTIC,    89, -5.874021008390e-01, 3.387471249269e-06, 1.1599e+00, 6.0101e-03, 
 2DIAGNOSTIC,    90, -5.874051950240e-01, 3.153235569795e-06, 1.1645e+00, 4.6520e-03, 
 2DIAGNOSTIC,    91, -5.874071039486e-01, 3.121590342789e-06, 1.1689e+00, 4.3778e-03, 
 2DIAGNOSTIC,    92, -5.874097333370e-01, 3.790427018755e-06, 1.1748e+00, 5.9109e-03, 
 2DIAGNOSTIC,    93, -5.874106373370e-01, 3.546935256359e-06, 1.1791e+00, 4.3452e-03, 
 2DIAGNOSTIC,    94, -5.874120193481e-01, 3.205173286265e-06, 1.1835e+00, 4.3819e-03, 
 2DIAGNOSTIC,    95, -5.874137828252e-01, 2.620942227858e-06, 1.1878e+00, 4.3020e-03, 
 2DIAGNOSTIC,    96, -5.874152828439e-01, 1.868890990840e-06, 1.1933e+00, 5.4510e-03, 
 2DIAGNOSTIC,    97, -5.874990515945e-01, 1.432293824788e-06, 1.1995e+00, 6.2511e-03, 
DIAGNOSTIC,Iteration,metricValue,convergenceValue,ITERATION_TIME_INDEX,SINCE_LAST
 2DIAGNOSTIC,     1, -4.732887864447e-01, 1.797693134862e+308, 1.9356e+00, 7.3609e-01, 
 2DIAGNOSTIC,     2, -4.740361801644e-01, 1.797693134862e+308, 1.9682e+00, 3.2606e-02, 
 2DIAGNOSTIC,     3, -4.751550968034e-01, 1.797693134862e+308, 2.0015e+00, 3.3250e-02, 
 2DIAGNOSTIC,     4, -4.772078006595e-01, 1.797693134862e+308, 2.0334e+00, 3.1897e-02, 
 2DIAGNOSTIC,     5, -4.804706531992e-01, 1.797693134862e+308, 2.0648e+00, 3.1387e-02, 
 2DIAGNOSTIC,     6, -4.822820248871e-01, 1.797693134862e+308, 2.1002e+00, 3.5438e-02, 
 2DIAGNOSTIC,     7, -4.830972951987e-01, 1.797693134862e+308, 2.1303e+00, 3.0111e-02, 
 2DIAGNOSTIC,     8, -4.832312690733e-01, 1.797693134862e+308, 2.1648e+00, 3.4528e-02, 
 2DIAGNOSTIC,     9, -4.834788812257e-01, 1.797693134862e+308, 2.1993e+00, 3.4426e-02, 
 2DIAGNOSTIC,    10, -4.841921375152e-01, 1.654703817827e-03, 2.2348e+00, 3.5480e-02, 
 2DIAGNOSTIC,    11, -4.859564836988e-01, 1.382502036937e-03, 2.2734e+00, 3.8670e-02, 
 2DIAGNOSTIC,    12, -4.871106367007e-01, 1.125409512440e-03, 2.3040e+00, 3.0587e-02, 
 2DIAGNOSTIC,    13, -4.883885769639e-01, 9.159326970143e-04, 2.3370e+00, 3.2975e-02, 
 2DIAGNOSTIC,    14, -4.894803520435e-01, 7.837321665107e-04, 2.3693e+00, 3.2297e-02, 
 2DIAGNOSTIC,    15, -4.905538675616e-01, 7.661129186193e-04, 2.4120e+00, 4.2731e-02, 
 2DIAGNOSTIC,    16, -4.915340133805e-01, 7.814181044852e-04, 2.4712e+00, 5.9185e-02, 
 2DIAGNOSTIC,    17, -4.915337707448e-01, 7.507877230579e-04, 2.5116e+00, 4.0411e-02, 
 2DIAGNOSTIC,    18, -4.915520261142e-01, 6.604229006120e-04, 2.5420e+00, 3.0382e-02, 
 2DIAGNOSTIC,    19, -4.915700557157e-01, 5.271701739279e-04, 2.5760e+00, 3.4022e-02, 
 2DIAGNOSTIC,    20, -4.915865021140e-01, 3.787927921625e-04, 2.6081e+00, 3.2046e-02, 
 2DIAGNOSTIC,    21, -4.915964380377e-01, 2.585519681071e-04, 2.6371e+00, 2.9008e-02, 
 2DIAGNOSTIC,    22, -4.915989205979e-01, 1.559282401519e-04, 2.6675e+00, 3.0423e-02, 
 2DIAGNOSTIC,    23, -4.916182330305e-01, 8.083690384453e-05, 2.7036e+00, 3.6075e-02, 
 2DIAGNOSTIC,    24, -4.916747361771e-01, 3.213589025304e-05, 2.7404e+00, 3.6823e-02, 
 2DIAGNOSTIC,    25, -4.917048148635e-01, 9.600825146436e-06, 2.7783e+00, 3.7913e-02, 
 2DIAGNOSTIC,    26, -4.917548497121e-01, 1.119927581350e-05, 2.8180e+00, 3.9709e-02, 
 2DIAGNOSTIC,    27, -4.918038485630e-01, 1.278744389356e-05, 2.8537e+00, 3.5709e-02, 
 2DIAGNOSTIC,    28, -4.918272840558e-01, 1.401579704730e-05, 2.8925e+00, 3.8813e-02, 
 2DIAGNOSTIC,    29, -4.918835396624e-01, 1.542435400743e-05, 2.9277e+00, 3.5183e-02, 
 2DIAGNOSTIC,    30, -4.919288632187e-01, 1.655937259144e-05, 2.9647e+00, 3.6973e-02, 
 2DIAGNOSTIC,    31, -4.919970038842e-01, 1.761815434866e-05, 3.0219e+00, 5.7249e-02, 
 2DIAGNOSTIC,    32, -4.920062231227e-01, 1.723484056752e-05, 3.0580e+00, 3.6027e-02, 
 2DIAGNOSTIC,    33, -4.920137642844e-01, 1.581129020727e-05, 3.0944e+00, 3.6402e-02, 
 2DIAGNOSTIC,    34, -4.920287282303e-01, 1.429461638354e-05, 3.1278e+00, 3.3447e-02, 
 2DIAGNOSTIC,    35, -4.920346721664e-01, 1.216541791838e-05, 3.1633e+00, 3.5468e-02, 
 2DIAGNOSTIC,    36, -4.920306947866e-01, 9.808183468265e-06, 3.1984e+00, 3.5101e-02, 
 2DIAGNOSTIC,    37, -4.920350054414e-01, 7.581563004306e-06, 3.2305e+00, 3.2101e-02, 
 2DIAGNOSTIC,    38, -4.920421335132e-01, 5.298167747834e-06, 3.2611e+00, 3.0636e-02, 
 2DIAGNOSTIC,    39, -4.920610345437e-01, 3.817452017534e-06, 3.3000e+00, 3.8910e-02, 
 2DIAGNOSTIC,    40, -4.920731211002e-01, 2.928342959601e-06, 3.3378e+00, 3.7736e-02, 
 2DIAGNOSTIC,    41, -4.920697505782e-01, 2.800614117268e-06, 3.3733e+00, 3.5551e-02, 
 2DIAGNOSTIC,    42, -4.920691324268e-01, 2.612697542922e-06, 3.4109e+00, 3.7569e-02, 
 2DIAGNOSTIC,    43, -4.920809722518e-01, 2.512884653024e-06, 3.4610e+00, 5.0079e-02, 
 2DIAGNOSTIC,    44, -4.920842491039e-01, 2.477352836622e-06, 3.5012e+00, 4.0219e-02, 
 2DIAGNOSTIC,    45, -4.920726764808e-01, 2.204158373875e-06, 3.5375e+00, 3.6275e-02, 
 2DIAGNOSTIC,    46, -4.920717195051e-01, 1.748477404168e-06, 3.5758e+00, 3.8369e-02, 
 2DIAGNOSTIC,    47, -4.920761963625e-01, 1.322007613394e-06, 3.6095e+00, 3.3653e-02, 
 2DIAGNOSTIC,    48, -4.920982637807e-01, 1.193607426127e-06, 3.6393e+00, 2.9848e-02, 
 2DIAGNOSTIC,    49, -4.921637711641e-01, 2.008726960392e-06, 3.6771e+00, 3.7796e-02, 
 2DIAGNOSTIC,    50, -4.922122340000e-01, 3.352414667881e-06, 3.7114e+00, 3.4299e-02, 
 2DIAGNOSTIC,    51, -4.922543895886e-01, 4.825078061692e-06, 3.7518e+00, 4.0362e-02, 
 2DIAGNOSTIC,    52, -4.923452512828e-01, 6.844061802184e-06, 3.7929e+00, 4.1129e-02, 
 2DIAGNOSTIC,    53, -4.924886946520e-01, 9.866545600107e-06, 3.8260e+00, 3.3094e-02, 
 2DIAGNOSTIC,    54, -4.926377875355e-01, 1.349047221062e-05, 3.8606e+00, 3.4567e-02, 
 2DIAGNOSTIC,    55, -4.926260870620e-01, 1.547814183213e-05, 3.8917e+00, 3.1162e-02, 
 2DIAGNOSTIC,    56, -4.929100808753e-01, 1.894402836065e-05, 3.9483e+00, 5.6547e-02, 
 2DIAGNOSTIC,    57, -4.931563453899e-01, 2.300333815440e-05, 3.9882e+00, 3.9960e-02, 
 2DIAGNOSTIC,    58, -4.931928365053e-01, 2.527322808401e-05, 4.0215e+00, 3.3224e-02, 
 2DIAGNOSTIC,    59, -4.932371381758e-01, 2.620980025608e-05, 4.0540e+00, 3.2560e-02, 
 2DIAGNOSTIC,    60, -4.932627444019e-01, 2.540138041708e-05, 4.0938e+00, 3.9775e-02, 
 2DIAGNOSTIC,    61, -4.932659037666e-01, 2.262308063141e-05, 4.1261e+00, 3.2255e-02, 
 2DIAGNOSTIC,    62, -4.932970571217e-01, 1.888567040362e-05, 4.1634e+00, 3.7350e-02, 
 2DIAGNOSTIC,    63, -4.933147245792e-01, 1.496557206016e-05, 4.1978e+00, 3.4355e-02, 
 2DIAGNOSTIC,    64, -4.933112475793e-01, 1.115770600161e-05, 4.2304e+00, 3.2655e-02, 
 2DIAGNOSTIC,    65, -4.933813198289e-01, 6.923350430253e-06, 4.2834e+00, 5.3021e-02, 
 2DIAGNOSTIC,    66, -4.933715148371e-01, 4.538572795684e-06, 4.3213e+00, 3.7871e-02, 
 2DIAGNOSTIC,    67, -4.933521651983e-01, 3.802203300596e-06, 4.3529e+00, 3.1640e-02, 
 2DIAGNOSTIC,    68, -4.933477099104e-01, 3.042727535350e-06, 4.3875e+00, 3.4554e-02, 
 2DIAGNOSTIC,    69, -4.933510439864e-01, 2.451695474484e-06, 4.4209e+00, 3.3445e-02, 
 2DIAGNOSTIC,    70, -4.934109445591e-01, 2.385712410418e-06, 4.4563e+00, 3.5380e-02, 
 2DIAGNOSTIC,    71, -4.934806390597e-01, 2.709979686011e-06, 4.4919e+00, 3.5603e-02, 
 2DIAGNOSTIC,    72, -4.935000392961e-01, 3.212321749048e-06, 4.5436e+00, 5.1700e-02, 
 2DIAGNOSTIC,    73, -4.935043727853e-01, 3.625816845175e-06, 4.5823e+00, 3.8693e-02, 
 2DIAGNOSTIC,    74, -4.934982228415e-01, 3.633689090010e-06, 4.6209e+00, 3.8595e-02, 
 2DIAGNOSTIC,    75, -4.934987606176e-01, 3.872090516754e-06, 4.6612e+00, 4.0330e-02, 
 2DIAGNOSTIC,    76, -4.934988672039e-01, 3.690549937346e-06, 4.7000e+00, 3.8740e-02, 
 2DIAGNOSTIC,    77, -4.934989029139e-01, 3.056131247953e-06, 4.8095e+00, 1.0947e-01, 
 2DIAGNOSTIC,    78, -4.934989029128e-01, 2.162286547194e-06, 4.9021e+00, 9.2659e-02, 
 2DIAGNOSTIC,    79, -4.934989029128e-01, 1.142987851917e-06, 4.9392e+00, 3.7114e-02, 
DIAGNOSTIC,Iteration,metricValue,convergenceValue,ITERATION_TIME_INDEX,SINCE_LAST
 2DIAGNOSTIC,     1, -4.341215796454e-01, 1.797693134862e+308, 6.0065e+00, 1.0673e+00, 
 2DIAGNOSTIC,     2, -4.342948335142e-01, 1.797693134862e+308, 6.2214e+00, 2.1488e-01, 
 2DIAGNOSTIC,     3, -4.344086484622e-01, 1.797693134862e+308, 6.4566e+00, 2.3525e-01, 
 2DIAGNOSTIC,     4, -4.345077775274e-01, 1.797693134862e+308, 6.6789e+00, 2.2231e-01, 
 2DIAGNOSTIC,     5, -4.346051404387e-01, 1.797693134862e+308, 6.8921e+00, 2.1315e-01, 
 2DIAGNOSTIC,     6, -4.349548354406e-01, 1.797693134862e+308, 7.2605e+00, 3.6840e-01, 
 2DIAGNOSTIC,     7, -4.349858883975e-01, 1.797693134862e+308, 7.5337e+00, 2.7325e-01, 
 2DIAGNOSTIC,     8, -4.349831843330e-01, 1.797693134862e+308, 7.8184e+00, 2.8470e-01, 
 2DIAGNOSTIC,     9, -4.349809347121e-01, 1.797693134862e+308, 8.1380e+00, 3.1952e-01, 
 2DIAGNOSTIC,    10, -4.349831271901e-01, 1.434490447440e-04, 8.3807e+00, 2.4279e-01, 
 2DIAGNOSTIC,    11, -4.349809499860e-01, 1.040402311702e-04, 8.6398e+00, 2.5905e-01, 
 2DIAGNOSTIC,    12, -4.349816557349e-01, 7.148889437111e-05, 8.8997e+00, 2.5994e-01, 
 2DIAGNOSTIC,    13, -4.349809503908e-01, 4.362021802454e-05, 9.1623e+00, 2.6261e-01, 
 2DIAGNOSTIC,    14, -4.349815870836e-01, 2.074537191395e-05, 9.4358e+00, 2.7342e-01, 
 2DIAGNOSTIC,    15, -4.349798569453e-01, 2.978920432162e-06, 9.7145e+00, 2.7875e-01, 
 2DIAGNOSTIC,    16, -4.349788833330e-01, 1.566031681152e-06, 1.0009e+01, 2.9489e-01, 
 2DIAGNOSTIC,    17, -4.349778768748e-01, 1.517598621451e-06, 1.0322e+01, 3.1224e-01, 
 2DIAGNOSTIC,    18, -4.349769632860e-01, 1.377771430396e-06, 1.0610e+01, 2.8860e-01, 
 2DIAGNOSTIC,    19, -4.349744646332e-01, 1.122687105344e-06, 1.0855e+01, 2.4437e-01, 
DIAGNOSTIC,Iteration,metricValue,convergenceValue,ITERATION_TIME_INDEX,SINCE_LAST
 2DIAGNOSTIC,     1, -4.014847392901e-01, 1.797693134862e+308, 1.3587e+01, 2.7326e+00, 
 2DIAGNOSTIC,     2, -4.016068072203e-01, 1.797693134862e+308, 1.5195e+01, 1.6079e+00, 
 2DIAGNOSTIC,     3, -4.016714354595e-01, 1.797693134862e+308, 1.6829e+01, 1.6343e+00, 
 2DIAGNOSTIC,     4, -4.016831166470e-01, 1.797693134862e+308, 1.8379e+01, 1.5493e+00, 
 2DIAGNOSTIC,     5, -4.017044499442e-01, 1.797693134862e+308, 1.9929e+01, 1.5505e+00, 
 2DIAGNOSTIC,     6, -4.017351806078e-01, 1.797693134862e+308, 2.2200e+01, 2.2710e+00, 
 2DIAGNOSTIC,     7, -4.017492726439e-01, 1.797693134862e+308, 2.3914e+01, 1.7143e+00, 
 2DIAGNOSTIC,     8, -4.017558783759e-01, 1.797693134862e+308, 2.5670e+01, 1.7555e+00, 
 2DIAGNOSTIC,     9, -4.017814366791e-01, 1.797693134862e+308, 2.7383e+01, 1.7128e+00, 
 2DIAGNOSTIC,    10, -4.018106577745e-01, 4.377294090052e-05, 2.9316e+01, 1.9329e+00, 
 2DIAGNOSTIC,    11, -4.018208989494e-01, 3.061876939764e-05, 3.1029e+01, 1.7130e+00, 
 2DIAGNOSTIC,    12, -4.018215958719e-01, 2.433467957288e-05, 3.3142e+01, 2.1130e+00, 
 2DIAGNOSTIC,    13, -4.018213476433e-01, 2.060386629375e-05, 3.4847e+01, 1.7053e+00, 
 2DIAGNOSTIC,    14, -4.018210573597e-01, 1.631271104781e-05, 3.6572e+01, 1.7248e+00, 
 2DIAGNOSTIC,    15, -4.018211940606e-01, 1.226738260342e-05, 3.8153e+01, 1.5812e+00, 
 2DIAGNOSTIC,    16, -4.018212640006e-01, 9.150213227990e-06, 3.9789e+01, 1.6357e+00, 
 2DIAGNOSTIC,    17, -4.018212557912e-01, 6.349116783787e-06, 4.1509e+01, 1.7200e+00, 
 2DIAGNOSTIC,    18, -4.018213660147e-01, 3.701449269110e-06, 4.3055e+01, 1.5461e+00, 
 2DIAGNOSTIC,    19, -4.018209703780e-01, 2.064127791739e-06, 4.5480e+01, 2.4249e+00, 
 2DIAGNOSTIC,    20, -4.018210517806e-01, 1.580960462072e-06, 5.0353e+01, 4.8733e+00, 
 2DIAGNOSTIC,    21, -4.018210517804e-01, 1.488544316461e-06, 5.4238e+01, 3.8848e+00, 
 2DIAGNOSTIC,    22, -4.018210517804e-01, 1.429403163659e-06, 5.5952e+01, 1.7137e+00, 
 2DIAGNOSTIC,    23, -4.018210517804e-01, 1.369705804777e-06, 5.7501e+01, 1.5495e+00, 
 2DIAGNOSTIC,    24, -4.018210517804e-01, 1.307775687201e-06, 5.9377e+01, 1.8762e+00, 
 2DIAGNOSTIC,    25, -4.018210517804e-01, 1.256335251588e-06, 6.1236e+01, 1.8591e+00, 
 2DIAGNOSTIC,    26, -4.018210517804e-01, 1.212139027262e-06, 6.3003e+01, 1.7665e+00, 
 2DIAGNOSTIC,    27, -4.018210517804e-01, 1.171908595957e-06, 6.4808e+01, 1.8053e+00, 
 2DIAGNOSTIC,    28, -4.018210517804e-01, 1.138249013412e-06, 6.6560e+01, 1.7515e+00, 
 2DIAGNOSTIC,    29, -4.018210517804e-01, 1.097009312008e-06, 6.8277e+01, 1.7170e+00, 
 2DIAGNOSTIC,    30, -4.018210517804e-01, 1.060438619652e-06, 6.9888e+01, 1.6118e+00, 
 2DIAGNOSTIC,    31, -4.018210517804e-01, 1.026227554962e-06, 7.1368e+01, 1.4793e+00, 
  Elapsed time (stage 0): 7.2149e+01


Total elapsed time: 7.2151e+01
Info [verificarlo]: loaded backend libinterflop_ieee.so
Info [interflop-ieee]: load backend with:
Info [interflop-ieee]: debug = false
Info [interflop-ieee]: debug-binary = false
Info [interflop-ieee]: no-backend-name = false
Info [interflop-ieee]: print-new-line = false
Info [interflop-ieee]: print-subnormal-normalized = false
Info [interflop-ieee]: count-op = false
All_Command_lines_OK
Using double precision for computations.
=============================================================================
The composite transform comprises the following transforms (in order): 
  1. /home/mdugre/scratch/mri-registration-rp/datasets/ds004513/derivatives/mri-registration-rp/0001/antsRegistration-r7-p20/sub-s037/rigid_Composite.h5[0] (type = Euler3DTransform)
  2. /home/mdugre/scratch/mri-registration-rp/datasets/ds004513/derivatives/mri-registration-rp/0001/antsRegistration-r7-p20/sub-s037/rigid_Composite.h5[1] (type = Euler3DTransform)
  3. /home/mdugre/scratch/mri-registration-rp/datasets/ds004513/derivatives/mri-registration-rp/0001/antsRegistration-r7-p20/sub-s037/rigid_Composite.h5[2] (type = Euler3DTransform)
=============================================================================
  number of levels = 4
  fixed image: /templateflow/tpl-MNI152NLin2009cAsym/tpl-MNI152NLin2009cAsym_res-01_desc-brain_T1w.nii.gz
  moving image: /home/mdugre/scratch/mri-registration-rp/datasets/ds004513/derivatives/mri-registration-rp/antsBrainExtraction/sub-s037/BrainExtractionBrain.nii.gz
Dimension = 3
Number of stages = 1
Use histogram matching = false
Winsorize image intensities = true
  Lower quantile = 0.005
  Upper quantile = 0.995


Stage 1 State
   Image metric = MattesMI
     Fixed image = Image (0x39187e0)
  RTTI typeinfo:   itk::Image<double, 3u>
  Reference Count: 2
  Modified Time: 1592
  Debug: Off
  Object Name: 
  Observers: 
    none
  Source: (none)
  Source output name: (none)
  Release Data: Off
  Data Released: False
  Global Release Data: Off
  PipelineMTime: 0
  UpdateMTime: 1203
  RealTimeStamp: 0 seconds 
  LargestPossibleRegion: 
    Dimension: 3
    Index: [0, 0, 0]
    Size: [193, 229, 193]
  BufferedRegion: 
    Dimension: 3
    Index: [0, 0, 0]
    Size: [193, 229, 193]
  RequestedRegion: 
    Dimension: 3
    Index: [0, 0, 0]
    Size: [193, 229, 193]
  Spacing: [1, 1, 1]
  Origin: [96, 132, -78]
  Direction: 
-1 0 0
0 -1 0
0 0 1

  IndexToPointMatrix: 
-1 0 0
0 -1 0
0 0 1

  PointToIndexMatrix: 
-1 0 0
0 -1 0
0 0 1

  Inverse Direction: 
-1 0 0
0 -1 0
0 0 1

  PixelContainer: 
    ImportImageContainer (0x39d8a20)
      RTTI typeinfo:   itk::ImportImageContainer<unsigned long, double>
      Reference Count: 1
      Modified Time: 1200
      Debug: Off
      Object Name: 
      Observers: 
        none
      Pointer: 0x153f98161010
      Container manages memory: true
      Size: 8530021
      Capacity: 8530021

     Moving image = Image (0x39d3d70)
  RTTI typeinfo:   itk::Image<double, 3u>
  Reference Count: 2
  Modified Time: 1593
  Debug: Off
  Object Name: 
  Observers: 
    none
  Source: (none)
  Source output name: (none)
  Release Data: Off
  Data Released: False
  Global Release Data: Off
  PipelineMTime: 0
  UpdateMTime: 1590
  RealTimeStamp: 0 seconds 
  LargestPossibleRegion: 
    Dimension: 3
    Index: [0, 0, 0]
    Size: [160, 240, 256]
  BufferedRegion: 
    Dimension: 3
    Index: [0, 0, 0]
    Size: [160, 240, 256]
  RequestedRegion: 
    Dimension: 3
    Index: [0, 0, 0]
    Size: [160, 240, 256]
  Spacing: [1, 1, 1]
  Origin: [87.9508, 102.562, -147.639]
  Direction: 
-0.998659 -0.0436121 -0.0279129
0.043595 -0.999049 0.00121847
-0.0279395 -2.65543e-08 0.99961

  IndexToPointMatrix: 
-0.998659 -0.0436121 -0.0279129
0.043595 -0.999049 0.00121847
-0.0279395 -2.65543e-08 0.99961

  PointToIndexMatrix: 
-0.998659 0.043595 -0.0279395
-0.0436121 -0.999049 -2.65517e-08
-0.0279129 0.00121847 0.99961

  Inverse Direction: 
-0.998659 0.043595 -0.0279395
-0.0436121 -0.999049 -2.65517e-08
-0.0279129 0.00121847 0.99961

  PixelContainer: 
    ImportImageContainer (0x398bc90)
      RTTI typeinfo:   itk::ImportImageContainer<unsigned long, double>
      Reference Count: 1
      Modified Time: 1587
      Debug: Off
      Object Name: 
      Observers: 
        none
      Pointer: 0x153f93660010
      Container manages memory: true
      Size: 9830400
      Capacity: 9830400

     Weighting = 1
     Sampling strategy = regular
     Number of bins = 32
     Radius = 4
     Sampling percentage  = 0.25
   Transform = Affine
     Gradient step = 0.1
     Update field sigma (voxel space) = 0
     Total field sigma (voxel space) = 0
     Update field time sigma = 0
     Total field time sigma  = 0
     Number of time indices = 0
     Number of time point samples = 0
Registration using 1 total stages.

Stage 0
  iterations = 1000x500x250x100
  convergence threshold = 1e-06
  convergence window size = 10
  number of levels = 4
  using the Mattes MI metric (number of bins = 32, weight = 1, use gradient filter = 0)
  preprocessing:  winsorizing the image intensities
  Shrink factors (level 1 out of 4): [8, 8, 8]
  Shrink factors (level 2 out of 4): [4, 4, 4]
  Shrink factors (level 3 out of 4): [2, 2, 2]
  Shrink factors (level 4 out of 4): [1, 1, 1]
  smoothing sigmas per level: [3, 2, 1, 0]
  regular sampling (percentage = 0.25)

*** Running AffineTransform registration ***

DIAGNOSTIC,Iteration,metricValue,convergenceValue,ITERATION_TIME_INDEX,SINCE_LAST
 2DIAGNOSTIC,     1, -5.860142412153e-01, 1.797693134862e+308, 8.4489e-01, 8.4489e-01, 
 2DIAGNOSTIC,     2, -5.875279889373e-01, 1.797693134862e+308, 8.4988e-01, 4.9901e-03, 
 2DIAGNOSTIC,     3, -5.898642778652e-01, 1.797693134862e+308, 8.5483e-01, 4.9570e-03, 
 2DIAGNOSTIC,     4, -5.942662797655e-01, 1.797693134862e+308, 8.5949e-01, 4.6511e-03, 
 2DIAGNOSTIC,     5, -6.032420384549e-01, 1.797693134862e+308, 8.6443e-01, 4.9469e-03, 
 2DIAGNOSTIC,     6, -6.146567562202e-01, 1.797693134862e+308, 8.6918e-01, 4.7491e-03, 
 2DIAGNOSTIC,     7, -6.421712535643e-01, 1.797693134862e+308, 8.7402e-01, 4.8361e-03, 
 2DIAGNOSTIC,     8, -6.829104603068e-01, 1.797693134862e+308, 8.7961e-01, 5.5931e-03, 
 2DIAGNOSTIC,     9, -6.998813306132e-01, 1.797693134862e+308, 8.8579e-01, 6.1798e-03, 
 2DIAGNOSTIC,    10, -7.048068107825e-01, 1.381967252057e-02, 8.9098e-01, 5.1901e-03, 
 2DIAGNOSTIC,    11, -7.096854635830e-01, 1.371565333629e-02, 8.9866e-01, 7.6771e-03, 
 2DIAGNOSTIC,    12, -7.108176761495e-01, 1.249600445905e-02, 9.0382e-01, 5.1639e-03, 
 2DIAGNOSTIC,    13, -7.119159565719e-01, 1.045763229626e-02, 9.0900e-01, 5.1749e-03, 
 2DIAGNOSTIC,    14, -7.165289948063e-01, 8.067245981209e-03, 9.1474e-01, 5.7430e-03, 
 2DIAGNOSTIC,    15, -7.182224184981e-01, 5.610153441675e-03, 9.2105e-01, 6.3088e-03, 
 2DIAGNOSTIC,    16, -7.183900058904e-01, 3.283042922989e-03, 9.2614e-01, 5.0941e-03, 
 2DIAGNOSTIC,    17, -7.188427898250e-01, 1.632849753651e-03, 9.3177e-01, 5.6250e-03, 
 2DIAGNOSTIC,    18, -7.186216456791e-01, 9.785085144625e-04, 9.3759e-01, 5.8200e-03, 
 2DIAGNOSTIC,    19, -7.185533736085e-01, 6.816008044974e-04, 9.4268e-01, 5.0919e-03, 
 2DIAGNOSTIC,    20, -7.184857792356e-01, 4.528408325121e-04, 9.4876e-01, 6.0830e-03, 
 2DIAGNOSTIC,    21, -7.184138292053e-01, 3.025333714572e-04, 9.5382e-01, 5.0628e-03, 
 2DIAGNOSTIC,    22, -7.183449625075e-01, 1.598305737584e-04, 9.5939e-01, 5.5668e-03, 
 2DIAGNOSTIC,    23, -7.182795179300e-01, 3.232893040198e-05, 9.6445e-01, 5.0619e-03, 
DIAGNOSTIC,Iteration,metricValue,convergenceValue,ITERATION_TIME_INDEX,SINCE_LAST
 2DIAGNOSTIC,     1, -5.918883770482e-01, 1.797693134862e+308, 1.6758e+00, 7.1136e-01, 
 2DIAGNOSTIC,     2, -5.926909593987e-01, 1.797693134862e+308, 1.7149e+00, 3.9074e-02, 
 2DIAGNOSTIC,     3, -5.937018519043e-01, 1.797693134862e+308, 1.7571e+00, 4.2201e-02, 
 2DIAGNOSTIC,     4, -5.947957333538e-01, 1.797693134862e+308, 1.7959e+00, 3.8798e-02, 
 2DIAGNOSTIC,     5, -5.963035933080e-01, 1.797693134862e+308, 1.8348e+00, 3.8923e-02, 
 2DIAGNOSTIC,     6, -5.976589078196e-01, 1.797693134862e+308, 1.8686e+00, 3.3764e-02, 
 2DIAGNOSTIC,     7, -5.982802237440e-01, 1.797693134862e+308, 1.9030e+00, 3.4402e-02, 
 2DIAGNOSTIC,     8, -5.998772022965e-01, 1.797693134862e+308, 1.9554e+00, 5.2421e-02, 
 2DIAGNOSTIC,     9, -6.009113709188e-01, 1.797693134862e+308, 2.0130e+00, 5.7653e-02, 
 2DIAGNOSTIC,    10, -6.009068729736e-01, 1.069451317101e-03, 2.0561e+00, 4.3062e-02, 
 2DIAGNOSTIC,    11, -6.009035611899e-01, 8.930925138732e-04, 2.0990e+00, 4.2886e-02, 
 2DIAGNOSTIC,    12, -6.008923192673e-01, 6.980607679562e-04, 2.1427e+00, 4.3710e-02, 
