
##########################
# Experiment information #
##########################

EXPERIMENT_NAME: antsRegistration-r8-p10
VFC_BACKENDS: libinterflop_vprec.so --range-binary32=8 --precision-binary32=10 --range-binary64=8 --precision-binary64=10

SIF_IMG: /home/mdugre/projects/rrg-glatard/mdugre/containers/ants-vprec-no_metrics.simg

SUBJECT_ID: s003
INPUT_IMG: /home/mdugre/scratch/mri-registration-rp/datasets/ds004513/derivatives/mri-registration-rp/antsBrainExtraction/sub-s003/BrainExtractionBrain.nii.gz
OUTPUT_DIR: /home/mdugre/scratch/mri-registration-rp/datasets/ds004513/derivatives/mri-registration-rp/0001/antsRegistration-r8-p10/sub-s003

FIXED_IMG: /templateflow/tpl-MNI152NLin2009cAsym/tpl-MNI152NLin2009cAsym_res-01_desc-brain_T1w.nii.gz
DATA_DIR: /home/mdugre/scratch/mri-registration-rp/datasets/ds004513
TEMPLATEFLOW_DIR: /home/mdugre/projects/rrg-glatard/mdugre/templateflow
ITK_GLOBAL_DEFAULT_NUMBER_OF_THREADS: 16
##########################

Info [verificarlo]: loaded backend libinterflop_ieee.so
Info [interflop-ieee]: load backend with:
Info [interflop-ieee]: debug = false
Info [interflop-ieee]: debug-binary = false
Info [interflop-ieee]: no-backend-name = false
Info [interflop-ieee]: print-new-line = false
Info [interflop-ieee]: print-subnormal-normalized = false
Info [interflop-ieee]: count-op = false
All_Command_lines_OK
Using double precision for computations.
=============================================================================
The composite transform comprises the following transforms (in order): 
  1. Center of mass alignment using fixed image: /templateflow/tpl-MNI152NLin2009cAsym/tpl-MNI152NLin2009cAsym_res-01_desc-brain_T1w.nii.gz and moving image: /home/mdugre/scratch/mri-registration-rp/datasets/ds004513/derivatives/mri-registration-rp/antsBrainExtraction/sub-s003/BrainExtractionBrain.nii.gz (type = Euler3DTransform)
=============================================================================
  number of levels = 1
  fixed image: /templateflow/tpl-MNI152NLin2009cAsym/tpl-MNI152NLin2009cAsym_res-01_desc-brain_T1w.nii.gz
  moving image: /home/mdugre/scratch/mri-registration-rp/datasets/ds004513/derivatives/mri-registration-rp/antsBrainExtraction/sub-s003/BrainExtractionBrain.nii.gz
Dimension = 3
Number of stages = 1
Use histogram matching = false
Winsorize image intensities = true
  Lower quantile = 0.005
  Upper quantile = 0.995


Stage 1 State
   Image metric = MattesMI
     Fixed image = Image (0x48abe70)
  RTTI typeinfo:   itk::Image<double, 3u>
  Reference Count: 2
  Modified Time: 2334
  Debug: Off
  Object Name: 
  Observers: 
    none
  Source: (none)
  Source output name: (none)
  Release Data: Off
  Data Released: False
  Global Release Data: Off
  PipelineMTime: 0
  UpdateMTime: 1943
  RealTimeStamp: 0 seconds 
  LargestPossibleRegion: 
    Dimension: 3
    Index: [0, 0, 0]
    Size: [193, 229, 193]
  BufferedRegion: 
    Dimension: 3
    Index: [0, 0, 0]
    Size: [193, 229, 193]
  RequestedRegion: 
    Dimension: 3
    Index: [0, 0, 0]
    Size: [193, 229, 193]
  Spacing: [1, 1, 1]
  Origin: [96, 132, -78]
  Direction: 
-1 0 0
0 -1 0
0 0 1

  IndexToPointMatrix: 
-1 0 0
0 -1 0
0 0 1

  PointToIndexMatrix: 
-1 0 0
0 -1 0
0 0 1

  Inverse Direction: 
-1 0 0
0 -1 0
0 0 1

  PixelContainer: 
    ImportImageContainer (0x48b8140)
      RTTI typeinfo:   itk::ImportImageContainer<unsigned long, double>
      Reference Count: 1
      Modified Time: 1940
      Debug: Off
      Object Name: 
      Observers: 
        none
      Pointer: 0x1472c835a010
      Container manages memory: true
      Size: 8530021
      Capacity: 8530021

     Moving image = Image (0x48b5310)
  RTTI typeinfo:   itk::Image<double, 3u>
  Reference Count: 2
  Modified Time: 2335
  Debug: Off
  Object Name: 
  Observers: 
    none
  Source: (none)
  Source output name: (none)
  Release Data: Off
  Data Released: False
  Global Release Data: Off
  PipelineMTime: 0
  UpdateMTime: 2332
  RealTimeStamp: 0 seconds 
  LargestPossibleRegion: 
    Dimension: 3
    Index: [0, 0, 0]
    Size: [176, 240, 256]
  BufferedRegion: 
    Dimension: 3
    Index: [0, 0, 0]
    Size: [176, 240, 256]
  RequestedRegion: 
    Dimension: 3
    Index: [0, 0, 0]
    Size: [176, 240, 256]
  Spacing: [0.999999, 1, 1]
  Origin: [93.3499, 86.9368, -128.957]
  Direction: 
-0.999513 -0.0279216 -0.0139567
0.0279189 -0.99961 0.000389866
-0.0139622 2.01492e-08 0.999903

  IndexToPointMatrix: 
-0.999512 -0.0279216 -0.0139567
0.0279189 -0.99961 0.000389866
-0.0139621 2.01492e-08 0.999903

  PointToIndexMatrix: 
-0.999514 0.0279189 -0.0139622
-0.0279216 -0.99961 2.01716e-08
-0.0139567 0.000389866 0.999903

  Inverse Direction: 
-0.999513 0.0279189 -0.0139622
-0.0279216 -0.99961 2.01716e-08
-0.0139567 0.000389866 0.999903

  PixelContainer: 
    ImportImageContainer (0x49e0610)
      RTTI typeinfo:   itk::ImportImageContainer<unsigned long, double>
      Reference Count: 1
      Modified Time: 2329
      Debug: Off
      Object Name: 
      Observers: 
        none
      Pointer: 0x1472c30d9010
      Container manages memory: true
      Size: 10813440
      Capacity: 10813440

     Weighting = 1
     Sampling strategy = regular
     Number of bins = 32
     Radius = 4
     Sampling percentage  = 0.25
   Transform = Rigid
     Gradient step = 0.1
     Update field sigma (voxel space) = 0
     Total field sigma (voxel space) = 0
     Update field time sigma = 0
     Total field time sigma  = 0
     Number of time indices = 0
     Number of time point samples = 0
Registration using 1 total stages.

Stage 0
  iterations = 0
  convergence threshold = 1e-06
  convergence window size = 10
  number of levels = 1
  using the Mattes MI metric (number of bins = 32, weight = 1, use gradient filter = 0)
  preprocessing:  winsorizing the image intensities
  Shrink factors (level 1 out of 1): [1, 1, 1]
  smoothing sigmas per level: [0]
  regular sampling (percentage = 0.25)

*** Running Euler3DTransform registration ***

  Elapsed time (stage 0): 1.10636


Total elapsed time: 1.10847
Info [verificarlo]: loaded backend libinterflop_ieee.so
Info [interflop-ieee]: load backend with:
Info [interflop-ieee]: debug = false
Info [interflop-ieee]: debug-binary = false
Info [interflop-ieee]: no-backend-name = false
Info [interflop-ieee]: print-new-line = false
Info [interflop-ieee]: print-subnormal-normalized = false
Info [interflop-ieee]: count-op = false
All_Command_lines_OK
Using double precision for computations.
=============================================================================
The composite transform comprises the following transforms (in order): 
  1. /home/mdugre/scratch/mri-registration-rp/datasets/ds004513/derivatives/mri-registration-rp/0001/antsRegistration-r8-p10/sub-s003/align_Composite.h5[0] (type = Euler3DTransform)
  2. /home/mdugre/scratch/mri-registration-rp/datasets/ds004513/derivatives/mri-registration-rp/0001/antsRegistration-r8-p10/sub-s003/align_Composite.h5[1] (type = Euler3DTransform)
=============================================================================
  number of levels = 4
  fixed image: /templateflow/tpl-MNI152NLin2009cAsym/tpl-MNI152NLin2009cAsym_res-01_desc-brain_T1w.nii.gz
  moving image: /home/mdugre/scratch/mri-registration-rp/datasets/ds004513/derivatives/mri-registration-rp/antsBrainExtraction/sub-s003/BrainExtractionBrain.nii.gz
Dimension = 3
Number of stages = 1
Use histogram matching = false
Winsorize image intensities = true
  Lower quantile = 0.005
  Upper quantile = 0.995


Stage 1 State
   Image metric = MattesMI
     Fixed image = Image (0x3286530)
  RTTI typeinfo:   itk::Image<double, 3u>
  Reference Count: 2
  Modified Time: 1580
  Debug: Off
  Object Name: 
  Observers: 
    none
  Source: (none)
  Source output name: (none)
  Release Data: Off
  Data Released: False
  Global Release Data: Off
  PipelineMTime: 0
  UpdateMTime: 1189
  RealTimeStamp: 0 seconds 
  LargestPossibleRegion: 
    Dimension: 3
    Index: [0, 0, 0]
    Size: [193, 229, 193]
  BufferedRegion: 
    Dimension: 3
    Index: [0, 0, 0]
    Size: [193, 229, 193]
  RequestedRegion: 
    Dimension: 3
    Index: [0, 0, 0]
    Size: [193, 229, 193]
  Spacing: [1, 1, 1]
  Origin: [96, 132, -78]
  Direction: 
-1 0 0
0 -1 0
0 0 1

  IndexToPointMatrix: 
-1 0 0
0 -1 0
0 0 1

  PointToIndexMatrix: 
-1 0 0
0 -1 0
0 0 1

  Inverse Direction: 
-1 0 0
0 -1 0
0 0 1

  PixelContainer: 
    ImportImageContainer (0x3344d60)
      RTTI typeinfo:   itk::ImportImageContainer<unsigned long, double>
      Reference Count: 1
      Modified Time: 1186
      Debug: Off
      Object Name: 
      Observers: 
        none
      Pointer: 0x14a8bdade010
      Container manages memory: true
      Size: 8530021
      Capacity: 8530021

     Moving image = Image (0x3336f60)
  RTTI typeinfo:   itk::Image<double, 3u>
  Reference Count: 2
  Modified Time: 1581
  Debug: Off
  Object Name: 
  Observers: 
    none
  Source: (none)
  Source output name: (none)
  Release Data: Off
  Data Released: False
  Global Release Data: Off
  PipelineMTime: 0
  UpdateMTime: 1578
  RealTimeStamp: 0 seconds 
  LargestPossibleRegion: 
    Dimension: 3
    Index: [0, 0, 0]
    Size: [176, 240, 256]
  BufferedRegion: 
    Dimension: 3
    Index: [0, 0, 0]
    Size: [176, 240, 256]
  RequestedRegion: 
    Dimension: 3
    Index: [0, 0, 0]
    Size: [176, 240, 256]
  Spacing: [0.999999, 1, 1]
  Origin: [93.3499, 86.9368, -128.957]
  Direction: 
-0.999513 -0.0279216 -0.0139567
0.0279189 -0.99961 0.000389866
-0.0139622 2.01492e-08 0.999903

  IndexToPointMatrix: 
-0.999512 -0.0279216 -0.0139567
0.0279189 -0.99961 0.000389866
-0.0139621 2.01492e-08 0.999903

  PointToIndexMatrix: 
-0.999514 0.0279189 -0.0139622
-0.0279216 -0.99961 2.01716e-08
-0.0139567 0.000389866 0.999903

  Inverse Direction: 
-0.999513 0.0279189 -0.0139622
-0.0279216 -0.99961 2.01716e-08
-0.0139567 0.000389866 0.999903

  PixelContainer: 
    ImportImageContainer (0x33286d0)
      RTTI typeinfo:   itk::ImportImageContainer<unsigned long, double>
      Reference Count: 1
      Modified Time: 1575
      Debug: Off
      Object Name: 
      Observers: 
        none
      Pointer: 0x14a8b885d010
      Container manages memory: true
      Size: 10813440
      Capacity: 10813440

     Weighting = 1
     Sampling strategy = regular
     Number of bins = 32
     Radius = 4
     Sampling percentage  = 0.25
   Transform = Rigid
     Gradient step = 0.1
     Update field sigma (voxel space) = 0
     Total field sigma (voxel space) = 0
     Update field time sigma = 0
     Total field time sigma  = 0
     Number of time indices = 0
     Number of time point samples = 0
Registration using 1 total stages.

Stage 0
  iterations = 1000x500x250x100
  convergence threshold = 1e-06
  convergence window size = 10
  number of levels = 4
  using the Mattes MI metric (number of bins = 32, weight = 1, use gradient filter = 0)
  preprocessing:  winsorizing the image intensities
  Shrink factors (level 1 out of 4): [8, 8, 8]
  Shrink factors (level 2 out of 4): [4, 4, 4]
  Shrink factors (level 3 out of 4): [2, 2, 2]
  Shrink factors (level 4 out of 4): [1, 1, 1]
  smoothing sigmas per level: [3, 2, 1, 0]
  regular sampling (percentage = 0.25)

*** Running Euler3DTransform registration ***

DIAGNOSTIC,Iteration,metricValue,convergenceValue,ITERATION_TIME_INDEX,SINCE_LAST
 2DIAGNOSTIC,     1, -4.871187133941e-01, 1.797693134862e+308, 7.3311e-01, 7.3311e-01, 
 2DIAGNOSTIC,     2, -4.887966556740e-01, 1.797693134862e+308, 7.3711e-01, 4.0028e-03, 
 2DIAGNOSTIC,     3, -4.919242839642e-01, 1.797693134862e+308, 7.4081e-01, 3.6981e-03, 
 2DIAGNOSTIC,     4, -5.019092629522e-01, 1.797693134862e+308, 7.4478e-01, 3.9711e-03, 
 2DIAGNOSTIC,     5, -5.198319788477e-01, 1.797693134862e+308, 7.4877e-01, 3.9890e-03, 
 2DIAGNOSTIC,     6, -5.251449584180e-01, 1.797693134862e+308, 7.5278e-01, 4.0171e-03, 
 2DIAGNOSTIC,     7, -5.365118080768e-01, 1.797693134862e+308, 7.5672e-01, 3.9310e-03, 
 2DIAGNOSTIC,     8, -5.564319077261e-01, 1.797693134862e+308, 7.6251e-01, 5.7909e-03, 
 2DIAGNOSTIC,     9, -5.572786469687e-01, 1.797693134862e+308, 7.6642e-01, 3.9101e-03, 
 2DIAGNOSTIC,    10, -5.597886110608e-01, 1.060089541986e-02, 7.7110e-01, 4.6830e-03, 
 2DIAGNOSTIC,    11, -5.645450860914e-01, 9.471656029002e-03, 7.7529e-01, 4.1931e-03, 
 2DIAGNOSTIC,    12, -5.675342641672e-01, 7.901754414630e-03, 7.7992e-01, 4.6232e-03, 
 2DIAGNOSTIC,    13, -5.685174641935e-01, 6.033280802480e-03, 7.8449e-01, 4.5710e-03, 
 2DIAGNOSTIC,    14, -5.693412095343e-01, 4.302087948772e-03, 7.8957e-01, 5.0850e-03, 
 2DIAGNOSTIC,    15, -5.718972801999e-01, 3.155204981959e-03, 7.9418e-01, 4.6041e-03, 
 2DIAGNOSTIC,    16, -5.734788767073e-01, 2.091398053256e-03, 7.9832e-01, 4.1389e-03, 
 2DIAGNOSTIC,    17, -5.737823402463e-01, 1.310029424176e-03, 8.0245e-01, 4.1380e-03, 
 2DIAGNOSTIC,    18, -5.749452616696e-01, 1.114936190122e-03, 8.0665e-01, 4.1950e-03, 
 2DIAGNOSTIC,    19, -5.774392255375e-01, 9.301256922637e-04, 8.1296e-01, 6.3140e-03, 
 2DIAGNOSTIC,    20, -5.782944999932e-01, 7.612328991536e-04, 8.1774e-01, 4.7760e-03, 
 2DIAGNOSTIC,    21, -5.788863756062e-01, 6.687985512126e-04, 8.2196e-01, 4.2231e-03, 
 2DIAGNOSTIC,    22, -5.857337701972e-01, 7.546209604926e-04, 8.2626e-01, 4.2942e-03, 
 2DIAGNOSTIC,    23, -6.028589200149e-01, 1.162232405642e-03, 8.3090e-01, 4.6470e-03, 
 2DIAGNOSTIC,    24, -6.086613852639e-01, 1.554691274868e-03, 8.3682e-01, 5.9140e-03, 
 2DIAGNOSTIC,    25, -6.127624323635e-01, 1.904928917707e-03, 8.4159e-01, 4.7760e-03, 
 2DIAGNOSTIC,    26, -6.171330104358e-01, 2.167612474204e-03, 8.4632e-01, 4.7290e-03, 
 2DIAGNOSTIC,    27, -6.180829710890e-01, 2.226134273058e-03, 8.5054e-01, 4.2231e-03, 
 2DIAGNOSTIC,    28, -6.204355231788e-01, 2.128618139401e-03, 8.5543e-01, 4.8859e-03, 
 2DIAGNOSTIC,    29, -6.216541958786e-01, 1.901236671522e-03, 8.5965e-01, 4.2200e-03, 
 2DIAGNOSTIC,    30, -6.252686900375e-01, 1.589741176102e-03, 8.6452e-01, 4.8661e-03, 
 2DIAGNOSTIC,    31, -6.305777628811e-01, 1.244381660776e-03, 8.6882e-01, 4.3070e-03, 
 2DIAGNOSTIC,    32, -6.437128567753e-01, 1.107474824062e-03, 8.7421e-01, 5.3909e-03, 
 2DIAGNOSTIC,    33, -6.470249806026e-01, 1.176374227423e-03, 8.7847e-01, 4.2570e-03, 
 2DIAGNOSTIC,    34, -6.489205301350e-01, 1.241871626363e-03, 8.8532e-01, 6.8481e-03, 
 2DIAGNOSTIC,    35, -6.509315423905e-01, 1.271866128553e-03, 8.8946e-01, 4.1420e-03, 
 2DIAGNOSTIC,    36, -6.520055053838e-01, 1.251972503466e-03, 8.9366e-01, 4.2031e-03, 
 2DIAGNOSTIC,    37, -6.528675968836e-01, 1.135512573470e-03, 8.9782e-01, 4.1590e-03, 
 2DIAGNOSTIC,    38, -6.532426032069e-01, 9.531119501716e-04, 9.0199e-01, 4.1690e-03, 
 2DIAGNOSTIC,    39, -6.541826049752e-01, 7.191898921015e-04, 9.0798e-01, 5.9919e-03, 
 2DIAGNOSTIC,    40, -6.542224874124e-01, 4.742058945343e-04, 9.1215e-01, 4.1609e-03, 
 2DIAGNOSTIC,    41, -6.546709194013e-01, 2.613648024394e-04, 9.1648e-01, 4.3318e-03, 
 2DIAGNOSTIC,    42, -6.552153001545e-01, 1.908468142814e-04, 9.2214e-01, 5.6601e-03, 
 2DIAGNOSTIC,    43, -6.554084731366e-01, 1.445379459052e-04, 9.2625e-01, 4.1139e-03, 
 2DIAGNOSTIC,    44, -6.554495483923e-01, 1.074657797284e-04, 9.3075e-01, 4.4961e-03, 
 2DIAGNOSTIC,    45, -6.555119592820e-01, 8.390884116907e-05, 9.3486e-01, 4.1120e-03, 
 2DIAGNOSTIC,    46, -6.555914875202e-01, 6.534755731610e-05, 9.3950e-01, 4.6442e-03, 
 2DIAGNOSTIC,    47, -6.557558029606e-01, 5.174510963013e-05, 9.4415e-01, 4.6489e-03, 
 2DIAGNOSTIC,    48, -6.557072215882e-01, 3.684252146318e-05, 9.4877e-01, 4.6191e-03, 
 2DIAGNOSTIC,    49, -6.557505062742e-01, 2.880414677708e-05, 9.5357e-01, 4.7951e-03, 
 2DIAGNOSTIC,    50, -6.556011113372e-01, 1.735752250452e-05, 9.5768e-01, 4.1101e-03, 
 2DIAGNOSTIC,    51, -6.556133743980e-01, 8.964318557014e-06, 9.6180e-01, 4.1230e-03, 
 2DIAGNOSTIC,    52, -6.556336217132e-01, 5.164800315295e-06, 9.6605e-01, 4.2500e-03, 
 2DIAGNOSTIC,    53, -6.557601901358e-01, 3.907942086111e-06, 9.7066e-01, 4.6110e-03, 
 2DIAGNOSTIC,    54, -6.557882383985e-01, 2.978647001262e-06, 9.7561e-01, 4.9489e-03, 
 2DIAGNOSTIC,    55, -6.559442822896e-01, 3.741996600838e-06, 9.7972e-01, 4.1080e-03, 
 2DIAGNOSTIC,    56, -6.557743496464e-01, 3.368326306104e-06, 9.8437e-01, 4.6501e-03, 
 2DIAGNOSTIC,    57, -6.558063222674e-01, 4.401176856378e-06, 9.8853e-01, 4.1590e-03, 
 2DIAGNOSTIC,    58, -6.559141182582e-01, 5.462435627723e-06, 9.9316e-01, 4.6299e-03, 
 2DIAGNOSTIC,    59, -6.560294504368e-01, 7.252299666961e-06, 9.9764e-01, 4.4820e-03, 
 2DIAGNOSTIC,    60, -6.560396434834e-01, 7.244661838855e-06, 1.0023e+00, 4.6599e-03, 
 2DIAGNOSTIC,    61, -6.566519438849e-01, 1.140420678433e-05, 1.0070e+00, 4.6518e-03, 
 2DIAGNOSTIC,    62, -6.576282188691e-01, 2.171556032668e-05, 1.0117e+00, 4.7810e-03, 
 2DIAGNOSTIC,    63, -6.583102336814e-01, 3.541211134543e-05, 1.0174e+00, 5.7092e-03, 
 2DIAGNOSTIC,    64, -6.586183126333e-01, 4.768353493320e-05, 1.0216e+00, 4.1502e-03, 
 2DIAGNOSTIC,    65, -6.595918143528e-01, 6.319105234340e-05, 1.0258e+00, 4.2031e-03, 
 2DIAGNOSTIC,    66, -6.598253705991e-01, 7.243587870671e-05, 1.0320e+00, 6.1860e-03, 
 2DIAGNOSTIC,    67, -6.597846384926e-01, 7.431417577523e-05, 1.0361e+00, 4.1029e-03, 
 2DIAGNOSTIC,    68, -6.599151760237e-01, 7.071374007315e-05, 1.0402e+00, 4.0970e-03, 
 2DIAGNOSTIC,    69, -6.600341714867e-01, 6.210244532640e-05, 1.0448e+00, 4.5941e-03, 
 2DIAGNOSTIC,    70, -6.603434286218e-01, 4.981703377170e-05, 1.0501e+00, 5.2822e-03, 
 2DIAGNOSTIC,    71, -6.602787008317e-01, 3.651668966599e-05, 1.0557e+00, 5.6660e-03, 
 2DIAGNOSTIC,    72, -6.602792324049e-01, 2.641348933621e-05, 1.0608e+00, 5.0299e-03, 
 2DIAGNOSTIC,    73, -6.603684616342e-01, 1.900666288497e-05, 1.0657e+00, 4.9250e-03, 
 2DIAGNOSTIC,    74, -6.603688499037e-01, 1.173217247430e-05, 1.0701e+00, 4.4451e-03, 
 2DIAGNOSTIC,    75, -6.603698792106e-01, 9.472242248688e-06, 1.0753e+00, 5.1970e-03, 
 2DIAGNOSTIC,    76, -6.603709099778e-01, 7.854775887186e-06, 1.0896e+00, 1.4234e-02, 
 2DIAGNOSTIC,    77, -6.603709099542e-01, 5.340826258884e-06, 1.1038e+00, 1.4256e-02, 
 2DIAGNOSTIC,    78, -6.603709099542e-01, 3.174169902495e-06, 1.1095e+00, 5.7039e-03, 
 2DIAGNOSTIC,    79, -6.603709099542e-01, 1.431360986130e-06, 1.1147e+00, 5.2061e-03, 
 2DIAGNOSTIC,    80, -6.603709099542e-01, 1.420470542950e-06, 1.1202e+00, 5.5239e-03, 
DIAGNOSTIC,Iteration,metricValue,convergenceValue,ITERATION_TIME_INDEX,SINCE_LAST
 2DIAGNOSTIC,     1, -5.279908766441e-01, 1.797693134862e+308, 1.9386e+00, 8.1836e-01, 
 2DIAGNOSTIC,     2, -5.286512328528e-01, 1.797693134862e+308, 1.9666e+00, 2.7956e-02, 
 2DIAGNOSTIC,     3, -5.292945645027e-01, 1.797693134862e+308, 1.9952e+00, 2.8595e-02, 
 2DIAGNOSTIC,     4, -5.297416031012e-01, 1.797693134862e+308, 2.0240e+00, 2.8811e-02, 
 2DIAGNOSTIC,     5, -5.300066055749e-01, 1.797693134862e+308, 2.0517e+00, 2.7705e-02, 
 2DIAGNOSTIC,     6, -5.302685322121e-01, 1.797693134862e+308, 2.0823e+00, 3.0600e-02, 
 2DIAGNOSTIC,     7, -5.304543357584e-01, 1.797693134862e+308, 2.1152e+00, 3.2907e-02, 
 2DIAGNOSTIC,     8, -5.306252460249e-01, 1.797693134862e+308, 2.1426e+00, 2.7434e-02, 
 2DIAGNOSTIC,     9, -5.307885293812e-01, 1.797693134862e+308, 2.1777e+00, 3.5058e-02, 
 2DIAGNOSTIC,    10, -5.309054115329e-01, 3.299398432257e-04, 2.2099e+00, 3.2266e-02, 
 2DIAGNOSTIC,    11, -5.309911648106e-01, 2.369872296909e-04, 2.2389e+00, 2.8957e-02, 
 2DIAGNOSTIC,    12, -5.316560037025e-01, 1.972275807996e-04, 2.2715e+00, 3.2577e-02, 
 2DIAGNOSTIC,    13, -5.319044624066e-01, 1.817435317493e-04, 2.3038e+00, 3.2377e-02, 
 2DIAGNOSTIC,    14, -5.322132816917e-01, 1.810075651732e-04, 2.3506e+00, 4.6710e-02, 
 2DIAGNOSTIC,    15, -5.322841581237e-01, 1.760370109983e-04, 2.3795e+00, 2.8943e-02, 
 2DIAGNOSTIC,    16, -5.326914937569e-01, 1.781650183279e-04, 2.4092e+00, 2.9713e-02, 
 2DIAGNOSTIC,    17, -5.329230437692e-01, 1.763612589125e-04, 2.4376e+00, 2.8398e-02, 
 2DIAGNOSTIC,    18, -5.331315565566e-01, 1.696175905857e-04, 2.4662e+00, 2.8619e-02, 
 2DIAGNOSTIC,    19, -5.332774368497e-01, 1.568998613282e-04, 2.4942e+00, 2.8019e-02, 
 2DIAGNOSTIC,    20, -5.335480886396e-01, 1.416120826619e-04, 2.5226e+00, 2.8368e-02, 
 2DIAGNOSTIC,    21, -5.340641389473e-01, 1.295186722694e-04, 2.5688e+00, 4.6188e-02, 
 2DIAGNOSTIC,    22, -5.340787548676e-01, 1.226712264395e-04, 2.6058e+00, 3.6998e-02, 
 2DIAGNOSTIC,    23, -5.340762233508e-01, 1.108911080711e-04, 2.6374e+00, 3.1568e-02, 
 2DIAGNOSTIC,    24, -5.340566593593e-01, 9.652377390063e-05, 2.6652e+00, 2.7782e-02, 
 2DIAGNOSTIC,    25, -5.340534064698e-01, 7.556754741791e-05, 2.6930e+00, 2.7845e-02, 
 2DIAGNOSTIC,    26, -5.340603789425e-01, 5.751895880563e-05, 2.7246e+00, 3.1615e-02, 
 2DIAGNOSTIC,    27, -5.340644315360e-01, 4.012348514251e-05, 2.7526e+00, 2.8038e-02, 
 2DIAGNOSTIC,    28, -5.340700193361e-01, 2.453053925096e-05, 2.7804e+00, 2.7751e-02, 
 2DIAGNOSTIC,    29, -5.340776089863e-01, 1.061767636753e-05, 2.8091e+00, 2.8750e-02, 
 2DIAGNOSTIC,    30, -5.341005312027e-01, 1.701759466233e-06, 2.8407e+00, 3.1502e-02, 
 2DIAGNOSTIC,    31, -5.341039907998e-01, 2.228801664540e-06, 2.8695e+00, 2.8801e-02, 
 2DIAGNOSTIC,    32, -5.340934244571e-01, 2.676247902927e-06, 2.8968e+00, 2.7367e-02, 
 2DIAGNOSTIC,    33, -5.341031827201e-01, 3.073842368632e-06, 2.9248e+00, 2.7982e-02, 
 2DIAGNOSTIC,    34, -5.341692513006e-01, 3.972769809318e-06, 2.9568e+00, 3.1966e-02, 
 2DIAGNOSTIC,    35, -5.342364725708e-01, 5.470356503258e-06, 2.9930e+00, 3.6195e-02, 
 2DIAGNOSTIC,    36, -5.344561606472e-01, 9.796563725704e-06, 3.0276e+00, 3.4628e-02, 
 2DIAGNOSTIC,    37, -5.346801352785e-01, 1.627183170484e-05, 3.0558e+00, 2.8168e-02, 
 2DIAGNOSTIC,    38, -5.348716333730e-01, 2.366385189548e-05, 3.0824e+00, 2.6673e-02, 
 2DIAGNOSTIC,    39, -5.353555721680e-01, 3.520483731313e-05, 3.1122e+00, 2.9777e-02, 
 2DIAGNOSTIC,    40, -5.358975928455e-01, 5.028470688475e-05, 3.1493e+00, 3.7056e-02, 
 2DIAGNOSTIC,    41, -5.361460243973e-01, 6.305103578388e-05, 3.1805e+00, 3.1274e-02, 
 2DIAGNOSTIC,    42, -5.362092212167e-01, 6.997439061435e-05, 3.2085e+00, 2.7969e-02, 
 2DIAGNOSTIC,    43, -5.362694472682e-01, 7.091190429494e-05, 3.2349e+00, 2.6438e-02, 
 2DIAGNOSTIC,    44, -5.364124914327e-01, 6.759145421056e-05, 3.2745e+00, 3.9582e-02, 
 2DIAGNOSTIC,    45, -5.365264713841e-01, 5.999736995605e-05, 3.3100e+00, 3.5436e-02, 
 2DIAGNOSTIC,    46, -5.365096465009e-01, 4.937634813289e-05, 3.3472e+00, 3.7227e-02, 
 2DIAGNOSTIC,    47, -5.365387807500e-01, 3.754655076943e-05, 3.3815e+00, 3.4275e-02, 
 2DIAGNOSTIC,    48, -5.365200599315e-01, 2.455294498317e-05, 3.4145e+00, 3.2985e-02, 
 2DIAGNOSTIC,    49, -5.365288850436e-01, 1.501043174111e-05, 3.4425e+00, 2.8098e-02, 
 2DIAGNOSTIC,    50, -5.365234507795e-01, 1.011003594363e-05, 3.4719e+00, 2.9342e-02, 
 2DIAGNOSTIC,    51, -5.365315105933e-01, 7.183723857079e-06, 3.5052e+00, 3.3283e-02, 
 2DIAGNOSTIC,    52, -5.365369166274e-01, 4.458136707821e-06, 3.6019e+00, 9.6687e-02, 
 2DIAGNOSTIC,    53, -5.365369165954e-01, 2.042459128316e-06, 3.6296e+00, 2.7737e-02, 
DIAGNOSTIC,Iteration,metricValue,convergenceValue,ITERATION_TIME_INDEX,SINCE_LAST
 2DIAGNOSTIC,     1, -4.761012566286e-01, 1.797693134862e+308, 4.6959e+00, 1.0663e+00, 
 2DIAGNOSTIC,     2, -4.762235905598e-01, 1.797693134862e+308, 4.9050e+00, 2.0914e-01, 
 2DIAGNOSTIC,     3, -4.763831013331e-01, 1.797693134862e+308, 5.1275e+00, 2.2243e-01, 
 2DIAGNOSTIC,     4, -4.765222642173e-01, 1.797693134862e+308, 5.3692e+00, 2.4177e-01, 
 2DIAGNOSTIC,     5, -4.766021649925e-01, 1.797693134862e+308, 5.5690e+00, 1.9981e-01, 
 2DIAGNOSTIC,     6, -4.767261572188e-01, 1.797693134862e+308, 5.7884e+00, 2.1933e-01, 
 2DIAGNOSTIC,     7, -4.771121717866e-01, 1.797693134862e+308, 6.0105e+00, 2.2210e-01, 
 2DIAGNOSTIC,     8, -4.774864431078e-01, 1.797693134862e+308, 6.2900e+00, 2.7955e-01, 
 2DIAGNOSTIC,     9, -4.778763916460e-01, 1.797693134862e+308, 6.5422e+00, 2.5216e-01, 
 2DIAGNOSTIC,    10, -4.779676146653e-01, 2.642554925002e-04, 6.7866e+00, 2.4443e-01, 
 2DIAGNOSTIC,    11, -4.781888129446e-01, 2.616257373017e-04, 7.0239e+00, 2.3726e-01, 
 2DIAGNOSTIC,    12, -4.782622726749e-01, 2.455180262888e-04, 7.2399e+00, 2.1601e-01, 
 2DIAGNOSTIC,    13, -4.783258290983e-01, 2.198115861335e-04, 7.4508e+00, 2.1094e-01, 
 2DIAGNOSTIC,    14, -4.783975629822e-01, 1.870076670907e-04, 7.7232e+00, 2.7240e-01, 
 2DIAGNOSTIC,    15, -4.785123080568e-01, 1.495778878958e-04, 7.9473e+00, 2.2411e-01, 
 2DIAGNOSTIC,    16, -4.787757456501e-01, 1.175065359367e-04, 8.1428e+00, 1.9546e-01, 
 2DIAGNOSTIC,    17, -4.788418223746e-01, 9.399733093614e-05, 8.3664e+00, 2.2364e-01, 
 2DIAGNOSTIC,    18, -4.788406798602e-01, 7.676975443440e-05, 8.6612e+00, 2.9481e-01, 
 2DIAGNOSTIC,    19, -4.788400922542e-01, 6.674434731462e-05, 8.8966e+00, 2.3533e-01, 
 2DIAGNOSTIC,    20, -4.788730154901e-01, 5.517629904436e-05, 9.1363e+00, 2.3976e-01, 
 2DIAGNOSTIC,    21, -4.788702460662e-01, 4.573123172528e-05, 9.4345e+00, 2.9815e-01, 
 2DIAGNOSTIC,    22, -4.788704924212e-01, 3.499210504165e-05, 9.6848e+00, 2.5036e-01, 
 2DIAGNOSTIC,    23, -4.788698280587e-01, 2.377752218863e-05, 9.9376e+00, 2.5276e-01, 
 2DIAGNOSTIC,    24, -4.788690084325e-01, 1.317820021892e-05, 1.0185e+01, 2.4719e-01, 
 2DIAGNOSTIC,    25, -4.788692821673e-01, 4.877812795734e-06, 1.0441e+01, 2.5654e-01, 
 2DIAGNOSTIC,    26, -4.788686024101e-01, 2.840771972282e-06, 1.0712e+01, 2.7033e-01, 
 2DIAGNOSTIC,    27, -4.788678577852e-01, 2.254168017309e-06, 1.0946e+01, 2.3440e-01, 
 2DIAGNOSTIC,    28, -4.788671130016e-01, 1.576656268182e-06, 1.1142e+01, 1.9565e-01, 
DIAGNOSTIC,Iteration,metricValue,convergenceValue,ITERATION_TIME_INDEX,SINCE_LAST
 2DIAGNOSTIC,     1, -4.453678084988e-01, 1.797693134862e+308, 1.3620e+01, 2.4786e+00, 
 2DIAGNOSTIC,     2, -4.453952124001e-01, 1.797693134862e+308, 1.5423e+01, 1.8029e+00, 
 2DIAGNOSTIC,     3, -4.453999749422e-01, 1.797693134862e+308, 1.7270e+01, 1.8469e+00, 
 2DIAGNOSTIC,     4, -4.454002147607e-01, 1.797693134862e+308, 1.9337e+01, 2.0673e+00, 
 2DIAGNOSTIC,     5, -4.454002306017e-01, 1.797693134862e+308, 2.1672e+01, 2.3346e+00, 
 2DIAGNOSTIC,     6, -4.454003157157e-01, 1.797693134862e+308, 2.3357e+01, 1.6853e+00, 
 2DIAGNOSTIC,     7, -4.454002615285e-01, 1.797693134862e+308, 2.5105e+01, 1.7481e+00, 
 2DIAGNOSTIC,     8, -4.454002798276e-01, 1.797693134862e+308, 2.6665e+01, 1.5598e+00, 
 2DIAGNOSTIC,     9, -4.454001159458e-01, 1.797693134862e+308, 2.8087e+01, 1.4216e+00, 
 2DIAGNOSTIC,    10, -4.454001359403e-01, 5.533127724028e-06, 2.9739e+01, 1.6527e+00, 
 2DIAGNOSTIC,    11, -4.454001598733e-01, 3.183779833507e-06, 3.1245e+01, 1.5053e+00, 
 2DIAGNOSTIC,    12, -4.454001131610e-01, 2.647314239781e-06, 3.2961e+01, 1.7162e+00, 
 2DIAGNOSTIC,    13, -4.453999639437e-01, 2.420007592083e-06, 3.4507e+01, 1.5463e+00, 
 2DIAGNOSTIC,    14, -4.453999904474e-01, 2.240049468111e-06, 3.6037e+01, 1.5297e+00, 
 2DIAGNOSTIC,    15, -4.453998412186e-01, 2.081090477307e-06, 3.7637e+01, 1.6003e+00, 
 2DIAGNOSTIC,    16, -4.453997910288e-01, 1.947062154853e-06, 3.9202e+01, 1.5646e+00, 
 2DIAGNOSTIC,    17, -4.453997273665e-01, 1.828127514064e-06, 4.0603e+01, 1.4012e+00, 
 2DIAGNOSTIC,    18, -4.453999438880e-01, 1.734946976244e-06, 4.2015e+01, 1.4117e+00, 
 2DIAGNOSTIC,    19, -4.453999247775e-01, 1.648146824323e-06, 4.3545e+01, 1.5308e+00, 
 2DIAGNOSTIC,    20, -4.453998878090e-01, 1.571940566818e-06, 4.5152e+01, 1.6064e+00, 
 2DIAGNOSTIC,    21, -4.453997722239e-01, 1.502118056280e-06, 4.6887e+01, 1.7353e+00, 
 2DIAGNOSTIC,    22, -4.453998048699e-01, 1.439565403959e-06, 4.8287e+01, 1.3999e+00, 
 2DIAGNOSTIC,    23, -4.453995958629e-01, 1.372839988370e-06, 4.9876e+01, 1.5892e+00, 
 2DIAGNOSTIC,    24, -4.453995477945e-01, 1.312238282078e-06, 5.1312e+01, 1.4355e+00, 
 2DIAGNOSTIC,    25, -4.453995267018e-01, 1.253495526703e-06, 5.2894e+01, 1.5825e+00, 
 2DIAGNOSTIC,    26, -4.453993419390e-01, 1.195349846522e-06, 5.4404e+01, 1.5098e+00, 
 2DIAGNOSTIC,    27, -4.453992971983e-01, 1.141547010919e-06, 5.6083e+01, 1.6794e+00, 
 2DIAGNOSTIC,    28, -4.453990761109e-01, 1.094947285570e-06, 5.7796e+01, 1.7126e+00, 
 2DIAGNOSTIC,    29, -4.453990827802e-01, 1.055273595472e-06, 5.9343e+01, 1.5467e+00, 
 2DIAGNOSTIC,    30, -4.453990780993e-01, 1.021250858824e-06, 6.0870e+01, 1.5276e+00, 
  Elapsed time (stage 0): 6.1722e+01


Total elapsed time: 6.1724e+01
Info [verificarlo]: loaded backend libinterflop_ieee.so
Info [interflop-ieee]: load backend with:
Info [interflop-ieee]: debug = false
Info [interflop-ieee]: debug-binary = false
Info [interflop-ieee]: no-backend-name = false
Info [interflop-ieee]: print-new-line = false
Info [interflop-ieee]: print-subnormal-normalized = false
Info [interflop-ieee]: count-op = false
All_Command_lines_OK
Using double precision for computations.
=============================================================================
The composite transform comprises the following transforms (in order): 
  1. /home/mdugre/scratch/mri-registration-rp/datasets/ds004513/derivatives/mri-registration-rp/0001/antsRegistration-r8-p10/sub-s003/rigid_Composite.h5[0] (type = Euler3DTransform)
  2. /home/mdugre/scratch/mri-registration-rp/datasets/ds004513/derivatives/mri-registration-rp/0001/antsRegistration-r8-p10/sub-s003/rigid_Composite.h5[1] (type = Euler3DTransform)
  3. /home/mdugre/scratch/mri-registration-rp/datasets/ds004513/derivatives/mri-registration-rp/0001/antsRegistration-r8-p10/sub-s003/rigid_Composite.h5[2] (type = Euler3DTransform)
=============================================================================
  number of levels = 4
  fixed image: /templateflow/tpl-MNI152NLin2009cAsym/tpl-MNI152NLin2009cAsym_res-01_desc-brain_T1w.nii.gz
  moving image: /home/mdugre/scratch/mri-registration-rp/datasets/ds004513/derivatives/mri-registration-rp/antsBrainExtraction/sub-s003/BrainExtractionBrain.nii.gz
Dimension = 3
Number of stages = 1
Use histogram matching = false
Winsorize image intensities = true
  Lower quantile = 0.005
  Upper quantile = 0.995


Stage 1 State
   Image metric = MattesMI
     Fixed image = Image (0x4d3d7e0)
  RTTI typeinfo:   itk::Image<double, 3u>
  Reference Count: 2
  Modified Time: 1594
  Debug: Off
  Object Name: 
  Observers: 
    none
  Source: (none)
  Source output name: (none)
  Release Data: Off
  Data Released: False
  Global Release Data: Off
  PipelineMTime: 0
  UpdateMTime: 1203
  RealTimeStamp: 0 seconds 
  LargestPossibleRegion: 
    Dimension: 3
    Index: [0, 0, 0]
    Size: [193, 229, 193]
  BufferedRegion: 
    Dimension: 3
    Index: [0, 0, 0]
    Size: [193, 229, 193]
  RequestedRegion: 
    Dimension: 3
    Index: [0, 0, 0]
    Size: [193, 229, 193]
  Spacing: [1, 1, 1]
  Origin: [96, 132, -78]
  Direction: 
-1 0 0
0 -1 0
0 0 1

  IndexToPointMatrix: 
-1 0 0
0 -1 0
0 0 1

  PointToIndexMatrix: 
-1 0 0
0 -1 0
0 0 1

  Inverse Direction: 
-1 0 0
0 -1 0
0 0 1

  PixelContainer: 
    ImportImageContainer (0x4dfda20)
      RTTI typeinfo:   itk::ImportImageContainer<unsigned long, double>
      Reference Count: 1
      Modified Time: 1200
      Debug: Off
      Object Name: 
      Observers: 
        none
      Pointer: 0x154d2e11c010
      Container manages memory: true
      Size: 8530021
      Capacity: 8530021

     Moving image = Image (0x4df8d70)
  RTTI typeinfo:   itk::Image<double, 3u>
  Reference Count: 2
  Modified Time: 1595
  Debug: Off
  Object Name: 
  Observers: 
    none
  Source: (none)
  Source output name: (none)
  Release Data: Off
  Data Released: False
  Global Release Data: Off
  PipelineMTime: 0
  UpdateMTime: 1592
  RealTimeStamp: 0 seconds 
  LargestPossibleRegion: 
    Dimension: 3
    Index: [0, 0, 0]
    Size: [176, 240, 256]
  BufferedRegion: 
    Dimension: 3
    Index: [0, 0, 0]
    Size: [176, 240, 256]
  RequestedRegion: 
    Dimension: 3
    Index: [0, 0, 0]
    Size: [176, 240, 256]
  Spacing: [0.999999, 1, 1]
  Origin: [93.3499, 86.9368, -128.957]
  Direction: 
-0.999513 -0.0279216 -0.0139567
0.0279189 -0.99961 0.000389866
-0.0139622 2.01492e-08 0.999903

  IndexToPointMatrix: 
-0.999512 -0.0279216 -0.0139567
0.0279189 -0.99961 0.000389866
-0.0139621 2.01492e-08 0.999903

  PointToIndexMatrix: 
-0.999514 0.0279189 -0.0139622
-0.0279216 -0.99961 2.01716e-08
-0.0139567 0.000389866 0.999903

  Inverse Direction: 
-0.999513 0.0279189 -0.0139622
-0.0279216 -0.99961 2.01716e-08
-0.0139567 0.000389866 0.999903

  PixelContainer: 
    ImportImageContainer (0x4db0c90)
      RTTI typeinfo:   itk::ImportImageContainer<unsigned long, double>
      Reference Count: 1
      Modified Time: 1589
      Debug: Off
      Object Name: 
      Observers: 
        none
      Pointer: 0x154d28e9b010
      Container manages memory: true
      Size: 10813440
      Capacity: 10813440

     Weighting = 1
     Sampling strategy = regular
     Number of bins = 32
     Radius = 4
     Sampling percentage  = 0.25
   Transform = Affine
     Gradient step = 0.1
     Update field sigma (voxel space) = 0
     Total field sigma (voxel space) = 0
     Update field time sigma = 0
     Total field time sigma  = 0
     Number of time indices = 0
     Number of time point samples = 0
Registration using 1 total stages.

Stage 0
  iterations = 1000x500x250x100
  convergence threshold = 1e-06
  convergence window size = 10
  number of levels = 4
  using the Mattes MI metric (number of bins = 32, weight = 1, use gradient filter = 0)
  preprocessing:  winsorizing the image intensities
  Shrink factors (level 1 out of 4): [8, 8, 8]
  Shrink factors (level 2 out of 4): [4, 4, 4]
  Shrink factors (level 3 out of 4): [2, 2, 2]
  Shrink factors (level 4 out of 4): [1, 1, 1]
  smoothing sigmas per level: [3, 2, 1, 0]
  regular sampling (percentage = 0.25)

*** Running AffineTransform registration ***

DIAGNOSTIC,Iteration,metricValue,convergenceValue,ITERATION_TIME_INDEX,SINCE_LAST
 2DIAGNOSTIC,     1, -6.607605522473e-01, 1.797693134862e+308, 7.0030e-01, 7.0030e-01, 
 2DIAGNOSTIC,     2, -6.632009568041e-01, 1.797693134862e+308, 7.0526e-01, 4.9620e-03, 
 2DIAGNOSTIC,     3, -6.670486182106e-01, 1.797693134862e+308, 7.0999e-01, 4.7309e-03, 
 2DIAGNOSTIC,     4, -6.728368154561e-01, 1.797693134862e+308, 7.1513e-01, 5.1370e-03, 
 2DIAGNOSTIC,     5, -6.809178038401e-01, 1.797693134862e+308, 7.1995e-01, 4.8189e-03, 
 2DIAGNOSTIC,     6, -6.935072806347e-01, 1.797693134862e+308, 7.2471e-01, 4.7631e-03, 
 2DIAGNOSTIC,     7, -7.134942267242e-01, 1.797693134862e+308, 7.3266e-01, 7.9479e-03, 
 2DIAGNOSTIC,     8, -7.197793677379e-01, 1.797693134862e+308, 7.3818e-01, 5.5249e-03, 
 2DIAGNOSTIC,     9, -7.209451545746e-01, 1.797693134862e+308, 7.4405e-01, 5.8689e-03, 
 2DIAGNOSTIC,    10, -7.207629940419e-01, 6.931690141953e-03, 7.5066e-01, 6.6140e-03, 
 2DIAGNOSTIC,    11, -7.206256430511e-01, 5.943821361781e-03, 7.5652e-01, 5.8589e-03, 
 2DIAGNOSTIC,    12, -7.202777132354e-01, 4.656697631941e-03, 7.6249e-01, 5.9700e-03, 
 2DIAGNOSTIC,    13, -7.203013216730e-01, 3.274687663093e-03, 7.6713e-01, 4.6389e-03, 
 2DIAGNOSTIC,    14, -7.208315048624e-01, 1.988338930803e-03, 7.7397e-01, 6.8400e-03, 
 2DIAGNOSTIC,    15, -7.212280557188e-01, 9.254204658308e-04, 7.7995e-01, 5.9781e-03, 
 2DIAGNOSTIC,    16, -7.211114055278e-01, 2.177676285405e-04, 7.8609e-01, 6.1359e-03, 
 2DIAGNOSTIC,    17, -7.210604053690e-01, 4.595227077808e-05, 7.9288e-01, 6.7971e-03, 
 2DIAGNOSTIC,    18, -7.210191188635e-01, 2.884185319700e-05, 7.9968e-01, 6.7959e-03, 
 2DIAGNOSTIC,    19, -7.209570088557e-01, 3.418216331762e-05, 8.0593e-01, 6.2549e-03, 
 2DIAGNOSTIC,    20, -7.208209660166e-01, 2.940522283286e-05, 8.1274e-01, 6.8052e-03, 
 2DIAGNOSTIC,    21, -7.208615654267e-01, 2.107625837932e-05, 8.1784e-01, 5.0991e-03, 
 2DIAGNOSTIC,    22, -7.208302458210e-01, 4.950647091266e-06, 8.2387e-01, 6.0270e-03, 
DIAGNOSTIC,Iteration,metricValue,convergenceValue,ITERATION_TIME_INDEX,SINCE_LAST
 2DIAGNOSTIC,     1, -5.944602589609e-01, 1.797693134862e+308, 1.6277e+00, 8.0384e-01, 
 2DIAGNOSTIC,     2, -5.945361266401e-01, 1.797693134862e+308, 1.6691e+00, 4.1421e-02, 
 2DIAGNOSTIC,     3, -5.944971189152e-01, 1.797693134862e+308, 1.7095e+00, 4.0406e-02, 
 2DIAGNOSTIC,     4, -5.945121602180e-01, 1.797693134862e+308, 1.7488e+00, 3.9296e-02, 
 2DIAGNOSTIC,     5, -5.945456735276e-01, 1.797693134862e+308, 1.7834e+00, 3.4610e-02, 
 2DIAGNOSTIC,     6, -5.946969634766e-01, 1.797693134862e+308, 1.8211e+00, 3.7645e-02, 
 2DIAGNOSTIC,     7, -5.949338875548e-01, 1.797693134862e+308, 1.8565e+00, 3.5371e-02, 
 2DIAGNOSTIC,     8, -5.954011737337e-01, 1.797693134862e+308, 1.8913e+00, 3.4814e-02, 
 2DIAGNOSTIC,     9, -5.963140624643e-01, 1.797693134862e+308, 1.9243e+00, 3.3005e-02, 
 2DIAGNOSTIC,    10, -5.982326509422e-01, 2.983709917989e-04, 1.9617e+00, 3.7476e-02, 
 2DIAGNOSTIC,    11, -6.008744772606e-01, 4.932067192394e-04, 2.0036e+00, 4.1814e-02, 
 2DIAGNOSTIC,    12, -6.009622824478e-01, 6.162066798312e-04, 2.0374e+00, 3.3799e-02, 
 2DIAGNOSTIC,    13, -6.011108348409e-01, 6.706438187827e-04, 2.0759e+00, 3.8590e-02, 
 2DIAGNOSTIC,    14, -6.013178436979e-01, 6.648154505627e-04, 2.1203e+00, 4.4380e-02, 
 2DIAGNOSTIC,    15, -6.013447971761e-01, 5.998890453888e-04, 2.1689e+00, 4.8557e-02, 
 2DIAGNOSTIC,    16, -6.013368141808e-01, 4.915838812268e-04, 2.2128e+00, 4.3881e-02, 
 2DIAGNOSTIC,    17, -6.013675715608e-01, 3.591140315611e-04, 2.2506e+00, 3.7801e-02, 
 2DIAGNOSTIC,    18, -6.013712978709e-01, 2.218457025031e-04, 2.2933e+00, 4.2722e-02, 
 2DIAGNOSTIC,    19, -6.013504641591e-01, 1.003874747299e-04, 2.3314e+00, 3.8143e-02, 
 2DIAGNOSTIC,    20, -6.013455401355e-01, 2.570847920879e-05, 2.3672e+00, 3.5788e-02, 
 2DIAGNOSTIC,    21, -6.013431577250e-01, 1.568669112155e-05, 2.4080e+00, 4.0767e-02, 
 2DIAGNOSTIC,    22, -6.013521062511e-01, 7.299875895400e-06, 2.4420e+00, 3.3992e-02, 
 2DIAGNOSTIC,    23, -6.013478122401e-01, 1.948361516312e-06, 2.4760e+00, 3.4068e-02, 
 2DIAGNOSTIC,    24, -6.013770984564e-01, 1.669367539682e-06, 2.5139e+00, 3.7898e-02, 
 2DIAGNOSTIC,    25, -6.014309708463e-01, 2.917019154676e-06, 2.5503e+00, 3.6380e-02, 
 2DIAGNOSTIC,    26, -6.014543190157e-01, 4.150566335979e-06, 2.5860e+00, 3.5686e-02, 
 2DIAGNOSTIC,    27, -6.015905204862e-01, 7.948912155005e-06, 2.6219e+00, 3.5928e-02, 
 2DIAGNOSTIC,    28, -6.017190264413e-01, 1.303767658374e-05, 2.6570e+00, 3.5063e-02, 
 2DIAGNOSTIC,    29, -6.021009728081e-01, 2.252181808551e-05, 2.6976e+00, 4.0631e-02, 
 2DIAGNOSTIC,    30, -6.024011620205e-01, 3.388321922514e-05, 2.7438e+00, 4.6130e-02, 
 2DIAGNOSTIC,    31, -6.024746459125e-01, 4.244590637043e-05, 2.7887e+00, 4.4926e-02, 
 2DIAGNOSTIC,    32, -6.024713418915e-01, 4.672285945346e-05, 2.8368e+00, 4.8155e-02, 
 2DIAGNOSTIC,    33, -6.024748490607e-01, 4.641964792931e-05, 2.8753e+00, 3.8425e-02, 
 2DIAGNOSTIC,    34, -6.024828104576e-01, 4.225485877501e-05, 2.9232e+00, 4.7971e-02, 
 2DIAGNOSTIC,    35, -6.024769812870e-01, 3.500088224391e-05, 2.9634e+00, 4.0186e-02, 
 2DIAGNOSTIC,    36, -6.024617442957e-01, 2.504130470486e-05, 3.0035e+00, 4.0069e-02, 
 2DIAGNOSTIC,    37, -6.024472197061e-01, 1.495956844859e-05, 3.0449e+00, 4.1371e-02, 
 2DIAGNOSTIC,    38, -6.024532631363e-01, 5.669650224908e-06, 3.0811e+00, 3.6235e-02, 
DIAGNOSTIC,Iteration,metricValue,convergenceValue,ITERATION_TIME_INDEX,SINCE_LAST
 2DIAGNOSTIC,     1, -5.262546186234e-01, 1.797693134862e+308, 4.2234e+00, 1.1423e+00, 
 2DIAGNOSTIC,     2, -5.265723694166e-01, 1.797693134862e+308, 4.4887e+00, 2.6528e-01, 
 2DIAGNOSTIC,     3, -5.269062079666e-01, 1.797693134862e+308, 4.7366e+00, 2.4797e-01, 
 2DIAGNOSTIC,     4, -5.272132866867e-01, 1.797693134862e+308, 4.9822e+00, 2.4560e-01, 
 2DIAGNOSTIC,     5, -5.275583636078e-01, 1.797693134862e+308, 5.2343e+00, 2.5205e-01, 
 2DIAGNOSTIC,     6, -5.281106492461e-01, 1.797693134862e+308, 5.4870e+00, 2.5276e-01, 
 2DIAGNOSTIC,     7, -5.285906997963e-01, 1.797693134862e+308, 5.7213e+00, 2.3428e-01, 
 2DIAGNOSTIC,     8, -5.322702110381e-01, 1.797693134862e+308, 6.0786e+00, 3.5726e-01, 
 2DIAGNOSTIC,     9, -5.325682054192e-01, 1.797693134862e+308, 6.3397e+00, 2.6117e-01, 
