
##########################
# Experiment information #
##########################

EXPERIMENT_NAME: antsRegistration-r8-p9
VFC_BACKENDS: libinterflop_vprec.so --range-binary32=8 --precision-binary32=9 --range-binary64=8 --precision-binary64=9

SIF_IMG: /home/mdugre/projects/rrg-glatard/mdugre/containers/ants-vprec-no_metrics.simg

SUBJECT_ID: s020
INPUT_IMG: /home/mdugre/scratch/mri-registration-rp/datasets/ds004513/derivatives/mri-registration-rp/antsBrainExtraction/sub-s020/BrainExtractionBrain.nii.gz
OUTPUT_DIR: /home/mdugre/scratch/mri-registration-rp/datasets/ds004513/derivatives/mri-registration-rp/0001/antsRegistration-r8-p9/sub-s020

FIXED_IMG: /templateflow/tpl-MNI152NLin2009cAsym/tpl-MNI152NLin2009cAsym_res-01_desc-brain_T1w.nii.gz
DATA_DIR: /home/mdugre/scratch/mri-registration-rp/datasets/ds004513
TEMPLATEFLOW_DIR: /home/mdugre/projects/rrg-glatard/mdugre/templateflow
ITK_GLOBAL_DEFAULT_NUMBER_OF_THREADS: 16
##########################

Info [verificarlo]: loaded backend libinterflop_ieee.so
Info [interflop-ieee]: load backend with:
Info [interflop-ieee]: debug = false
Info [interflop-ieee]: debug-binary = false
Info [interflop-ieee]: no-backend-name = false
Info [interflop-ieee]: print-new-line = false
Info [interflop-ieee]: print-subnormal-normalized = false
Info [interflop-ieee]: count-op = false
All_Command_lines_OK
Using double precision for computations.
=============================================================================
The composite transform comprises the following transforms (in order): 
  1. Center of mass alignment using fixed image: /templateflow/tpl-MNI152NLin2009cAsym/tpl-MNI152NLin2009cAsym_res-01_desc-brain_T1w.nii.gz and moving image: /home/mdugre/scratch/mri-registration-rp/datasets/ds004513/derivatives/mri-registration-rp/antsBrainExtraction/sub-s020/BrainExtractionBrain.nii.gz (type = Euler3DTransform)
=============================================================================
  number of levels = 1
  fixed image: /templateflow/tpl-MNI152NLin2009cAsym/tpl-MNI152NLin2009cAsym_res-01_desc-brain_T1w.nii.gz
  moving image: /home/mdugre/scratch/mri-registration-rp/datasets/ds004513/derivatives/mri-registration-rp/antsBrainExtraction/sub-s020/BrainExtractionBrain.nii.gz
Dimension = 3
Number of stages = 1
Use histogram matching = false
Winsorize image intensities = true
  Lower quantile = 0.005
  Upper quantile = 0.995


Stage 1 State
   Image metric = MattesMI
     Fixed image = Image (0x3fd7bd0)
  RTTI typeinfo:   itk::Image<double, 3u>
  Reference Count: 2
  Modified Time: 2334
  Debug: Off
  Object Name: 
  Observers: 
    none
  Source: (none)
  Source output name: (none)
  Release Data: Off
  Data Released: False
  Global Release Data: Off
  PipelineMTime: 0
  UpdateMTime: 1943
  RealTimeStamp: 0 seconds 
  LargestPossibleRegion: 
    Dimension: 3
    Index: [0, 0, 0]
    Size: [193, 229, 193]
  BufferedRegion: 
    Dimension: 3
    Index: [0, 0, 0]
    Size: [193, 229, 193]
  RequestedRegion: 
    Dimension: 3
    Index: [0, 0, 0]
    Size: [193, 229, 193]
  Spacing: [1, 1, 1]
  Origin: [96, 132, -78]
  Direction: 
-1 0 0
0 -1 0
0 0 1

  IndexToPointMatrix: 
-1 0 0
0 -1 0
0 0 1

  PointToIndexMatrix: 
-1 0 0
0 -1 0
0 0 1

  Inverse Direction: 
-1 0 0
0 -1 0
0 0 1

  PixelContainer: 
    ImportImageContainer (0x3fe09e0)
      RTTI typeinfo:   itk::ImportImageContainer<unsigned long, double>
      Reference Count: 1
      Modified Time: 1940
      Debug: Off
      Object Name: 
      Observers: 
        none
      Pointer: 0x14d0f454e010
      Container manages memory: true
      Size: 8530021
      Capacity: 8530021

     Moving image = Image (0x3fe1bd0)
  RTTI typeinfo:   itk::Image<double, 3u>
  Reference Count: 2
  Modified Time: 2335
  Debug: Off
  Object Name: 
  Observers: 
    none
  Source: (none)
  Source output name: (none)
  Release Data: Off
  Data Released: False
  Global Release Data: Off
  PipelineMTime: 0
  UpdateMTime: 2332
  RealTimeStamp: 0 seconds 
  LargestPossibleRegion: 
    Dimension: 3
    Index: [0, 0, 0]
    Size: [160, 240, 256]
  BufferedRegion: 
    Dimension: 3
    Index: [0, 0, 0]
    Size: [160, 240, 256]
  RequestedRegion: 
    Dimension: 3
    Index: [0, 0, 0]
    Size: [160, 240, 256]
  Spacing: [0.999995, 1, 1]
  Origin: [87.0906, 98.7205, -152.377]
  Direction: 
-0.996975 0.0261379 -0.0731913
-0.0260677 -0.999658 -0.00191374
-0.0732163 -2.46403e-08 0.997316

  IndexToPointMatrix: 
-0.996971 0.0261379 -0.0731913
-0.0260676 -0.999658 -0.00191374
-0.0732159 -2.46403e-08 0.997316

  PointToIndexMatrix: 
-0.99698 -0.0260679 -0.0732166
0.0261379 -0.999658 -2.46993e-08
-0.0731913 -0.00191374 0.997316

  Inverse Direction: 
-0.996975 -0.0260677 -0.0732163
0.0261379 -0.999658 -2.46993e-08
-0.0731913 -0.00191374 0.997316

  PixelContainer: 
    ImportImageContainer (0x4167b50)
      RTTI typeinfo:   itk::ImportImageContainer<unsigned long, double>
      Reference Count: 1
      Modified Time: 2329
      Debug: Off
      Object Name: 
      Observers: 
        none
      Pointer: 0x14d0efa4d010
      Container manages memory: true
      Size: 9830400
      Capacity: 9830400

     Weighting = 1
     Sampling strategy = regular
     Number of bins = 32
     Radius = 4
     Sampling percentage  = 0.25
   Transform = Rigid
     Gradient step = 0.1
     Update field sigma (voxel space) = 0
     Total field sigma (voxel space) = 0
     Update field time sigma = 0
     Total field time sigma  = 0
     Number of time indices = 0
     Number of time point samples = 0
Registration using 1 total stages.

Stage 0
  iterations = 0
  convergence threshold = 1e-06
  convergence window size = 10
  number of levels = 1
  using the Mattes MI metric (number of bins = 32, weight = 1, use gradient filter = 0)
  preprocessing:  winsorizing the image intensities
  Shrink factors (level 1 out of 1): [1, 1, 1]
  smoothing sigmas per level: [0]
  regular sampling (percentage = 0.25)

*** Running Euler3DTransform registration ***

  Elapsed time (stage 0): 1.15361


Total elapsed time: 1.15888
Info [verificarlo]: loaded backend libinterflop_ieee.so
Info [interflop-ieee]: load backend with:
Info [interflop-ieee]: debug = false
Info [interflop-ieee]: debug-binary = false
Info [interflop-ieee]: no-backend-name = false
Info [interflop-ieee]: print-new-line = false
Info [interflop-ieee]: print-subnormal-normalized = false
Info [interflop-ieee]: count-op = false
All_Command_lines_OK
Using double precision for computations.
=============================================================================
The composite transform comprises the following transforms (in order): 
  1. /home/mdugre/scratch/mri-registration-rp/datasets/ds004513/derivatives/mri-registration-rp/0001/antsRegistration-r8-p9/sub-s020/align_Composite.h5[0] (type = Euler3DTransform)
  2. /home/mdugre/scratch/mri-registration-rp/datasets/ds004513/derivatives/mri-registration-rp/0001/antsRegistration-r8-p9/sub-s020/align_Composite.h5[1] (type = Euler3DTransform)
=============================================================================
  number of levels = 4
  fixed image: /templateflow/tpl-MNI152NLin2009cAsym/tpl-MNI152NLin2009cAsym_res-01_desc-brain_T1w.nii.gz
  moving image: /home/mdugre/scratch/mri-registration-rp/datasets/ds004513/derivatives/mri-registration-rp/antsBrainExtraction/sub-s020/BrainExtractionBrain.nii.gz
Dimension = 3
Number of stages = 1
Use histogram matching = false
Winsorize image intensities = true
  Lower quantile = 0.005
  Upper quantile = 0.995


Stage 1 State
   Image metric = MattesMI
     Fixed image = Image (0x4b0b530)
  RTTI typeinfo:   itk::Image<double, 3u>
  Reference Count: 2
  Modified Time: 1580
  Debug: Off
  Object Name: 
  Observers: 
    none
  Source: (none)
  Source output name: (none)
  Release Data: Off
  Data Released: False
  Global Release Data: Off
  PipelineMTime: 0
  UpdateMTime: 1189
  RealTimeStamp: 0 seconds 
  LargestPossibleRegion: 
    Dimension: 3
    Index: [0, 0, 0]
    Size: [193, 229, 193]
  BufferedRegion: 
    Dimension: 3
    Index: [0, 0, 0]
    Size: [193, 229, 193]
  RequestedRegion: 
    Dimension: 3
    Index: [0, 0, 0]
    Size: [193, 229, 193]
  Spacing: [1, 1, 1]
  Origin: [96, 132, -78]
  Direction: 
-1 0 0
0 -1 0
0 0 1

  IndexToPointMatrix: 
-1 0 0
0 -1 0
0 0 1

  PointToIndexMatrix: 
-1 0 0
0 -1 0
0 0 1

  Inverse Direction: 
-1 0 0
0 -1 0
0 0 1

  PixelContainer: 
    ImportImageContainer (0x4bc9d60)
      RTTI typeinfo:   itk::ImportImageContainer<unsigned long, double>
      Reference Count: 1
      Modified Time: 1186
      Debug: Off
      Object Name: 
      Observers: 
        none
      Pointer: 0x14b0478c4010
      Container manages memory: true
      Size: 8530021
      Capacity: 8530021

     Moving image = Image (0x4bbbf60)
  RTTI typeinfo:   itk::Image<double, 3u>
  Reference Count: 2
  Modified Time: 1581
  Debug: Off
  Object Name: 
  Observers: 
    none
  Source: (none)
  Source output name: (none)
  Release Data: Off
  Data Released: False
  Global Release Data: Off
  PipelineMTime: 0
  UpdateMTime: 1578
  RealTimeStamp: 0 seconds 
  LargestPossibleRegion: 
    Dimension: 3
    Index: [0, 0, 0]
    Size: [160, 240, 256]
  BufferedRegion: 
    Dimension: 3
    Index: [0, 0, 0]
    Size: [160, 240, 256]
  RequestedRegion: 
    Dimension: 3
    Index: [0, 0, 0]
    Size: [160, 240, 256]
  Spacing: [0.999995, 1, 1]
  Origin: [87.0906, 98.7205, -152.377]
  Direction: 
-0.996975 0.0261379 -0.0731913
-0.0260677 -0.999658 -0.00191374
-0.0732163 -2.46403e-08 0.997316

  IndexToPointMatrix: 
-0.996971 0.0261379 -0.0731913
-0.0260676 -0.999658 -0.00191374
-0.0732159 -2.46403e-08 0.997316

  PointToIndexMatrix: 
-0.99698 -0.0260679 -0.0732166
0.0261379 -0.999658 -2.46993e-08
-0.0731913 -0.00191374 0.997316

  Inverse Direction: 
-0.996975 -0.0260677 -0.0732163
0.0261379 -0.999658 -2.46993e-08
-0.0731913 -0.00191374 0.997316

  PixelContainer: 
    ImportImageContainer (0x4bad6d0)
      RTTI typeinfo:   itk::ImportImageContainer<unsigned long, double>
      Reference Count: 1
      Modified Time: 1575
      Debug: Off
      Object Name: 
      Observers: 
        none
      Pointer: 0x14b042dc3010
      Container manages memory: true
      Size: 9830400
      Capacity: 9830400

     Weighting = 1
     Sampling strategy = regular
     Number of bins = 32
     Radius = 4
     Sampling percentage  = 0.25
   Transform = Rigid
     Gradient step = 0.1
     Update field sigma (voxel space) = 0
     Total field sigma (voxel space) = 0
     Update field time sigma = 0
     Total field time sigma  = 0
     Number of time indices = 0
     Number of time point samples = 0
Registration using 1 total stages.

Stage 0
  iterations = 1000x500x250x100
  convergence threshold = 1e-06
  convergence window size = 10
  number of levels = 4
  using the Mattes MI metric (number of bins = 32, weight = 1, use gradient filter = 0)
  preprocessing:  winsorizing the image intensities
  Shrink factors (level 1 out of 4): [8, 8, 8]
  Shrink factors (level 2 out of 4): [4, 4, 4]
  Shrink factors (level 3 out of 4): [2, 2, 2]
  Shrink factors (level 4 out of 4): [1, 1, 1]
  smoothing sigmas per level: [3, 2, 1, 0]
  regular sampling (percentage = 0.25)

*** Running Euler3DTransform registration ***

DIAGNOSTIC,Iteration,metricValue,convergenceValue,ITERATION_TIME_INDEX,SINCE_LAST
 2DIAGNOSTIC,     1, -3.791273390751e-01, 1.797693134862e+308, 8.2962e-01, 8.2962e-01, 
 2DIAGNOSTIC,     2, -3.803606001643e-01, 1.797693134862e+308, 8.3455e-01, 4.9300e-03, 
 2DIAGNOSTIC,     3, -3.828962034719e-01, 1.797693134862e+308, 8.3952e-01, 4.9710e-03, 
 2DIAGNOSTIC,     4, -3.876122532015e-01, 1.797693134862e+308, 8.4416e-01, 4.6399e-03, 
 2DIAGNOSTIC,     5, -3.904935334081e-01, 1.797693134862e+308, 8.4957e-01, 5.4071e-03, 
 2DIAGNOSTIC,     6, -3.911039700181e-01, 1.797693134862e+308, 8.5457e-01, 5.0042e-03, 
 2DIAGNOSTIC,     7, -3.914905453856e-01, 1.797693134862e+308, 8.5922e-01, 4.6549e-03, 
 2DIAGNOSTIC,     8, -3.925629083064e-01, 1.797693134862e+308, 8.6421e-01, 4.9891e-03, 
 2DIAGNOSTIC,     9, -3.981570789235e-01, 1.797693134862e+308, 8.6933e-01, 5.1200e-03, 
 2DIAGNOSTIC,    10, -4.079218556696e-01, 3.866687266231e-03, 8.7655e-01, 7.2200e-03, 
 2DIAGNOSTIC,    11, -4.246779602407e-01, 4.904320352956e-03, 8.8278e-01, 6.2220e-03, 
 2DIAGNOSTIC,    12, -4.297045200929e-01, 5.673254149495e-03, 8.8814e-01, 5.3608e-03, 
 2DIAGNOSTIC,    13, -4.335692915504e-01, 6.156954111618e-03, 8.9428e-01, 6.1460e-03, 
 2DIAGNOSTIC,    14, -4.439932007388e-01, 6.764094567489e-03, 8.9957e-01, 5.2922e-03, 
 2DIAGNOSTIC,    15, -4.466217673703e-01, 6.904768047349e-03, 9.0601e-01, 6.4371e-03, 
 2DIAGNOSTIC,    16, -4.513528166465e-01, 6.619270358293e-03, 9.1151e-01, 5.4991e-03, 
 2DIAGNOSTIC,    17, -4.528510999266e-01, 5.844785630563e-03, 9.1791e-01, 6.4042e-03, 
 2DIAGNOSTIC,    18, -4.555717392067e-01, 4.777374796940e-03, 9.2654e-01, 8.6210e-03, 
 2DIAGNOSTIC,    19, -4.559551112266e-01, 3.601534590379e-03, 9.3209e-01, 5.5521e-03, 
 2DIAGNOSTIC,    20, -4.573566221737e-01, 2.586715721879e-03, 9.4334e-01, 1.1257e-02, 
 2DIAGNOSTIC,    21, -4.575248509762e-01, 1.982972624272e-03, 9.4859e-01, 5.2490e-03, 
 2DIAGNOSTIC,    22, -4.577283006371e-01, 1.415639488582e-03, 9.5446e-01, 5.8701e-03, 
 2DIAGNOSTIC,    23, -4.579446600218e-01, 8.825838328654e-04, 9.5957e-01, 5.1050e-03, 
 2DIAGNOSTIC,    24, -4.580222271560e-01, 6.077369452846e-04, 9.6486e-01, 5.2929e-03, 
 2DIAGNOSTIC,    25, -4.581756332674e-01, 3.715364252331e-04, 9.7004e-01, 5.1820e-03, 
 2DIAGNOSTIC,    26, -4.586248026686e-01, 2.524096066400e-04, 9.7524e-01, 5.1961e-03, 
 2DIAGNOSTIC,    27, -4.589293410322e-01, 1.618654293768e-04, 9.8763e-01, 1.2386e-02, 
 2DIAGNOSTIC,    28, -4.591727985803e-01, 1.332872632723e-04, 9.9274e-01, 5.1188e-03, 
 2DIAGNOSTIC,    29, -4.592814527386e-01, 1.048106065849e-04, 9.9798e-01, 5.2309e-03, 
 2DIAGNOSTIC,    30, -4.597216972467e-01, 1.090618833186e-04, 1.0045e+00, 6.4869e-03, 
 2DIAGNOSTIC,    31, -4.598056976745e-01, 1.077819215910e-04, 1.0092e+00, 4.7829e-03, 
 2DIAGNOSTIC,    32, -4.606588214263e-01, 1.180382364612e-04, 1.0146e+00, 5.3780e-03, 
 2DIAGNOSTIC,    33, -4.610378244639e-01, 1.280768504612e-04, 1.0194e+00, 4.7638e-03, 
 2DIAGNOSTIC,    34, -4.611810970942e-01, 1.297398133113e-04, 1.0242e+00, 4.8249e-03, 
 2DIAGNOSTIC,    35, -4.615471432142e-01, 1.287903680840e-04, 1.0290e+00, 4.8120e-03, 
 2DIAGNOSTIC,    36, -4.621710523092e-01, 1.349419694924e-04, 1.0351e+00, 6.0382e-03, 
 2DIAGNOSTIC,    37, -4.629030844720e-01, 1.457718298336e-04, 1.0412e+00, 6.1080e-03, 
 2DIAGNOSTIC,    38, -4.630776393189e-01, 1.491256132385e-04, 1.0469e+00, 5.7080e-03, 
 2DIAGNOSTIC,    39, -4.634870791373e-01, 1.469846307671e-04, 1.0560e+00, 9.1121e-03, 
 2DIAGNOSTIC,    40, -4.637999983979e-01, 1.433482080854e-04, 1.0613e+00, 5.2891e-03, 
 2DIAGNOSTIC,    41, -4.665186022761e-01, 1.699618107631e-04, 1.0667e+00, 5.4610e-03, 
 2DIAGNOSTIC,    42, -4.674506640461e-01, 2.052136429821e-04, 1.0747e+00, 8.0059e-03, 
 2DIAGNOSTIC,    43, -4.684018746844e-01, 2.393695744690e-04, 1.0801e+00, 5.3899e-03, 
 2DIAGNOSTIC,    44, -4.689013869624e-01, 2.589174844549e-04, 1.0856e+00, 5.4979e-03, 
 2DIAGNOSTIC,    45, -4.694743778040e-01, 2.661364449804e-04, 1.0922e+00, 6.5391e-03, 
 2DIAGNOSTIC,    46, -4.695624424781e-01, 2.567915268637e-04, 1.0969e+00, 4.7641e-03, 
 2DIAGNOSTIC,    47, -4.698228587646e-01, 2.367553945607e-04, 1.1017e+00, 4.7979e-03, 
 2DIAGNOSTIC,    48, -4.705126065538e-01, 2.067835176866e-04, 1.1066e+00, 4.8411e-03, 
 2DIAGNOSTIC,    49, -4.711794380017e-01, 1.725499186942e-04, 1.1122e+00, 5.6541e-03, 
 2DIAGNOSTIC,    50, -4.721635895775e-01, 1.389828208874e-04, 1.1183e+00, 6.1100e-03, 
 2DIAGNOSTIC,    51, -4.729510306393e-01, 1.371497919853e-04, 1.1238e+00, 5.4579e-03, 
 2DIAGNOSTIC,    52, -4.732385798849e-01, 1.370200155819e-04, 1.1287e+00, 4.8871e-03, 
 2DIAGNOSTIC,    53, -4.741684493687e-01, 1.463559529695e-04, 1.1342e+00, 5.4719e-03, 
 2DIAGNOSTIC,    54, -4.747807567518e-01, 1.539749638900e-04, 1.1437e+00, 9.4979e-03, 
 2DIAGNOSTIC,    55, -4.758476246698e-01, 1.653738569723e-04, 1.1499e+00, 6.2191e-03, 
 2DIAGNOSTIC,    56, -4.764523985513e-01, 1.682089384299e-04, 1.1547e+00, 4.8590e-03, 
 2DIAGNOSTIC,    57, -4.766005782084e-01, 1.593725123492e-04, 1.1609e+00, 6.2149e-03, 
 2DIAGNOSTIC,    58, -4.766258960813e-01, 1.434887157671e-04, 1.1657e+00, 4.7719e-03, 
 2DIAGNOSTIC,    59, -4.766555093348e-01, 1.216845726462e-04, 1.1705e+00, 4.8139e-03, 
 2DIAGNOSTIC,    60, -4.767788325877e-01, 1.004075489599e-04, 1.1753e+00, 4.7789e-03, 
 2DIAGNOSTIC,    61, -4.768217567817e-01, 7.881133996920e-05, 1.1809e+00, 5.5799e-03, 
 2DIAGNOSTIC,    62, -4.772600498833e-01, 5.774322036868e-05, 1.1875e+00, 6.6049e-03, 
 2DIAGNOSTIC,    63, -4.771778096612e-01, 4.029327202476e-05, 1.1930e+00, 5.4960e-03, 
 2DIAGNOSTIC,    64, -4.771889233885e-01, 2.558826456601e-05, 1.1977e+00, 4.7460e-03, 
 2DIAGNOSTIC,    65, -4.772251461715e-01, 1.950269301708e-05, 1.2025e+00, 4.7960e-03, 
 2DIAGNOSTIC,    66, -4.774321681253e-01, 1.942698570837e-05, 1.2081e+00, 5.5449e-03, 
 2DIAGNOSTIC,    67, -4.774557747806e-01, 1.903895527209e-05, 1.2143e+00, 6.2108e-03, 
 2DIAGNOSTIC,    68, -4.774873991739e-01, 1.743442307060e-05, 1.2194e+00, 5.1320e-03, 
 2DIAGNOSTIC,    69, -4.775415513802e-01, 1.506984905823e-05, 1.2246e+00, 5.1370e-03, 
 2DIAGNOSTIC,    70, -4.780701113747e-01, 1.720507578762e-05, 1.2313e+00, 6.7790e-03, 
 2DIAGNOSTIC,    71, -4.792396964106e-01, 2.807300366827e-05, 1.2373e+00, 5.9571e-03, 
 2DIAGNOSTIC,    72, -4.783976214494e-01, 3.224634947234e-05, 1.2430e+00, 5.7480e-03, 
 2DIAGNOSTIC,    73, -4.823463062399e-01, 6.673228509338e-05, 1.2487e+00, 5.6071e-03, 
 2DIAGNOSTIC,    74, -4.849861270077e-01, 1.152997371893e-04, 1.2538e+00, 5.1100e-03, 
 2DIAGNOSTIC,    75, -4.852052300171e-01, 1.530350906304e-04, 1.2598e+00, 6.0151e-03, 
 2DIAGNOSTIC,    76, -4.855882038183e-01, 1.804213791512e-04, 1.2646e+00, 4.7979e-03, 
 2DIAGNOSTIC,    77, -4.859602023777e-01, 1.931926016810e-04, 1.2699e+00, 5.3101e-03, 
 2DIAGNOSTIC,    78, -4.864697539177e-01, 1.909161980384e-04, 1.2753e+00, 5.3742e-03, 
 2DIAGNOSTIC,    79, -4.867176269865e-01, 1.720740471583e-04, 1.2807e+00, 5.4400e-03, 
 2DIAGNOSTIC,    80, -4.879504975021e-01, 1.509142750908e-04, 1.2870e+00, 6.2702e-03, 
 2DIAGNOSTIC,    81, -4.880981672217e-01, 1.265010546452e-04, 1.2918e+00, 4.7870e-03, 
 2DIAGNOSTIC,    82, -4.885152858257e-01, 8.678519374017e-05, 1.2966e+00, 4.8139e-03, 
 2DIAGNOSTIC,    83, -4.913241435899e-01, 8.965900743137e-05, 1.3017e+00, 5.1751e-03, 
 2DIAGNOSTIC,    84, -4.998249785339e-01, 1.652844359151e-04, 1.3113e+00, 9.5699e-03, 
 2DIAGNOSTIC,    85, -5.007099964638e-01, 2.294559097595e-04, 1.3165e+00, 5.1951e-03, 
 2DIAGNOSTIC,    86, -5.049085669939e-01, 3.035539565264e-04, 1.3228e+00, 6.3021e-03, 
 2DIAGNOSTIC,    87, -5.135430059071e-01, 4.103853070034e-04, 1.3291e+00, 6.3090e-03, 
 2DIAGNOSTIC,    88, -5.140271724654e-01, 4.800982379230e-04, 1.3344e+00, 5.3129e-03, 
 2DIAGNOSTIC,    89, -5.143853956958e-01, 5.057404727379e-04, 1.3417e+00, 7.3149e-03, 
 2DIAGNOSTIC,    90, -5.149326030536e-01, 4.948891766339e-04, 1.3465e+00, 4.7061e-03, 
 2DIAGNOSTIC,    91, -5.151822393279e-01, 4.395394562817e-04, 1.3517e+00, 5.2800e-03, 
 2DIAGNOSTIC,    92, -5.162258644137e-01, 3.519968588108e-04, 1.3569e+00, 5.1351e-03, 
 2DIAGNOSTIC,    93, -5.170300313922e-01, 2.548515414997e-04, 1.3619e+00, 5.0621e-03, 
 2DIAGNOSTIC,    94, -5.172727139663e-01, 1.932207306875e-04, 1.3670e+00, 5.0240e-03, 
 2DIAGNOSTIC,    95, -5.174026118410e-01, 1.209079420778e-04, 1.3726e+00, 5.6741e-03, 
 2DIAGNOSTIC,    96, -5.175089419209e-01, 6.446656082416e-05, 1.3774e+00, 4.7541e-03, 
 2DIAGNOSTIC,    97, -5.176000406627e-01, 5.777194312382e-05, 1.3824e+00, 5.0621e-03, 
 2DIAGNOSTIC,    98, -5.176704626009e-01, 4.901213665705e-05, 1.3875e+00, 5.0189e-03, 
 2DIAGNOSTIC,    99, -5.177633333733e-01, 3.849590144095e-05, 1.4024e+00, 1.4978e-02, 
 2DIAGNOSTIC,   100, -5.178609785106e-01, 2.852607359925e-05, 1.4091e+00, 6.6910e-03, 
 2DIAGNOSTIC,   101, -5.179523539438e-01, 1.797913058140e-05, 1.4153e+00, 6.1710e-03, 
 2DIAGNOSTIC,   102, -5.178865195644e-01, 1.164137529140e-05, 1.4201e+00, 4.7879e-03, 
 2DIAGNOSTIC,   103, -5.179273334568e-01, 9.304469745263e-06, 1.4243e+00, 4.2059e-03, 
 2DIAGNOSTIC,   104, -5.179335236074e-01, 7.575041741080e-06, 1.4291e+00, 4.7610e-03, 
 2DIAGNOSTIC,   105, -5.179355005378e-01, 5.917343431829e-06, 1.4333e+00, 4.2078e-03, 
 2DIAGNOSTIC,   106, -5.179398524417e-01, 4.376524149608e-06, 1.4380e+00, 4.7190e-03, 
 2DIAGNOSTIC,   107, -5.179431770393e-01, 3.014878975494e-06, 1.4421e+00, 4.1490e-03, 
 2DIAGNOSTIC,   108, -5.178847823447e-01, 1.485083888130e-06, 1.4465e+00, 4.3728e-03, 
DIAGNOSTIC,Iteration,metricValue,convergenceValue,ITERATION_TIME_INDEX,SINCE_LAST
 2DIAGNOSTIC,     1, -4.146195104390e-01, 1.797693134862e+308, 2.1938e+00, 7.4730e-01, 
 2DIAGNOSTIC,     2, -4.154456282027e-01, 1.797693134862e+308, 2.2217e+00, 2.7849e-02, 
 2DIAGNOSTIC,     3, -4.162679839697e-01, 1.797693134862e+308, 2.2521e+00, 3.0466e-02, 
 2DIAGNOSTIC,     4, -4.169997001476e-01, 1.797693134862e+308, 2.2821e+00, 2.9936e-02, 
 2DIAGNOSTIC,     5, -4.180793685308e-01, 1.797693134862e+308, 2.3124e+00, 3.0306e-02, 
 2DIAGNOSTIC,     6, -4.195524894630e-01, 1.797693134862e+308, 2.3474e+00, 3.5010e-02, 
 2DIAGNOSTIC,     7, -4.200567802260e-01, 1.797693134862e+308, 2.3772e+00, 2.9792e-02, 
 2DIAGNOSTIC,     8, -4.202778910010e-01, 1.797693134862e+308, 2.4118e+00, 3.4600e-02, 
 2DIAGNOSTIC,     9, -4.206331925367e-01, 1.797693134862e+308, 2.4419e+00, 3.0160e-02, 
 2DIAGNOSTIC,    10, -4.208452197882e-01, 1.038948019372e-03, 2.4705e+00, 2.8576e-02, 
 2DIAGNOSTIC,    11, -4.216390904414e-01, 8.579778228604e-04, 2.5100e+00, 3.9461e-02, 
 2DIAGNOSTIC,    12, -4.219405030670e-01, 6.929733244894e-04, 2.5418e+00, 3.1838e-02, 
 2DIAGNOSTIC,    13, -4.222145792719e-01, 5.491040622503e-04, 2.5742e+00, 3.2430e-02, 
 2DIAGNOSTIC,    14, -4.225208783160e-01, 4.263451657054e-04, 2.6029e+00, 2.8670e-02, 
 2DIAGNOSTIC,    15, -4.229170146614e-01, 3.461451081220e-04, 2.6350e+00, 3.2067e-02, 
 2DIAGNOSTIC,    16, -4.230960223466e-01, 3.133743037643e-04, 2.6966e+00, 6.1644e-02, 
 2DIAGNOSTIC,    17, -4.230899609380e-01, 2.755452689506e-04, 2.7350e+00, 3.8337e-02, 
 2DIAGNOSTIC,    18, -4.231119258873e-01, 2.260815017611e-04, 2.7983e+00, 6.3317e-02, 
 2DIAGNOSTIC,    19, -4.231363279960e-01, 1.746973118989e-04, 2.8285e+00, 3.0237e-02, 
 2DIAGNOSTIC,    20, -4.231377166362e-01, 1.188238435014e-04, 2.8596e+00, 3.1088e-02, 
 2DIAGNOSTIC,    21, -4.231373591618e-01, 8.278395054796e-05, 2.9014e+00, 4.1838e-02, 
 2DIAGNOSTIC,    22, -4.231529518109e-01, 5.225139696365e-05, 2.9511e+00, 4.9705e-02, 
 2DIAGNOSTIC,    23, -4.231441076053e-01, 2.736778014848e-05, 2.9878e+00, 3.6653e-02, 
 2DIAGNOSTIC,    24, -4.231553741671e-01, 1.080495590484e-05, 3.0191e+00, 3.1277e-02, 
 2DIAGNOSTIC,    25, -4.231896187108e-01, 6.167189473348e-06, 3.0614e+00, 4.2284e-02, 
 2DIAGNOSTIC,    26, -4.231872621387e-01, 6.008498031666e-06, 3.0985e+00, 3.7131e-02, 
 2DIAGNOSTIC,    27, -4.231758416112e-01, 4.977702385008e-06, 3.1311e+00, 3.2637e-02, 
 2DIAGNOSTIC,    28, -4.231728338544e-01, 4.125069245846e-06, 3.1656e+00, 3.4469e-02, 
 2DIAGNOSTIC,    29, -4.231751273665e-01, 3.666872721242e-06, 3.1994e+00, 3.3841e-02, 
 2DIAGNOSTIC,    30, -4.231703423770e-01, 2.901494296562e-06, 3.2297e+00, 3.0231e-02, 
 2DIAGNOSTIC,    31, -4.231669490663e-01, 1.923732946857e-06, 3.2627e+00, 3.3053e-02, 
 2DIAGNOSTIC,    32, -4.231726945041e-01, 1.398391935935e-06, 3.2950e+00, 3.2326e-02, 
 2DIAGNOSTIC,    33, -4.231949072238e-01, 1.137155285769e-06, 3.3267e+00, 3.1628e-02, 
 2DIAGNOSTIC,    34, -4.232433109526e-01, 2.022102046424e-06, 3.3598e+00, 3.3144e-02, 
 2DIAGNOSTIC,    35, -4.232605626928e-01, 3.724785471761e-06, 3.3892e+00, 2.9399e-02, 
 2DIAGNOSTIC,    36, -4.233200462037e-01, 6.150159453853e-06, 3.4197e+00, 3.0455e-02, 
 2DIAGNOSTIC,    37, -4.235395740767e-01, 1.171798772421e-05, 3.4510e+00, 3.1357e-02, 
 2DIAGNOSTIC,    38, -4.238278316584e-01, 2.090836485160e-05, 3.5036e+00, 5.2591e-02, 
 2DIAGNOSTIC,    39, -4.238729967162e-01, 2.843924875029e-05, 3.5454e+00, 4.1790e-02, 
 2DIAGNOSTIC,    40, -4.240108605128e-01, 3.529301038812e-05, 3.6239e+00, 7.8468e-02, 
 2DIAGNOSTIC,    41, -4.240339943436e-01, 3.884857973449e-05, 3.6629e+00, 3.9057e-02, 
 2DIAGNOSTIC,    42, -4.240541764032e-01, 3.896618299859e-05, 3.7030e+00, 4.0117e-02, 
 2DIAGNOSTIC,    43, -4.240506806358e-01, 3.565719584935e-05, 3.7391e+00, 3.6064e-02, 
 2DIAGNOSTIC,    44, -4.240485991195e-01, 2.990408104650e-05, 3.7804e+00, 4.1251e-02, 
 2DIAGNOSTIC,    45, -4.240459728993e-01, 2.188730155636e-05, 3.8122e+00, 3.1879e-02, 
 2DIAGNOSTIC,    46, -4.240381058326e-01, 1.290480147751e-05, 3.8470e+00, 3.4733e-02, 
 2DIAGNOSTIC,    47, -4.240480347243e-01, 6.341609725118e-06, 3.8822e+00, 3.5204e-02, 
 2DIAGNOSTIC,    48, -4.240450744562e-01, 3.515791173761e-06, 3.9188e+00, 3.6655e-02, 
 2DIAGNOSTIC,    49, -4.240553993925e-01, 1.250745597047e-06, 4.0173e+00, 9.8443e-02, 
DIAGNOSTIC,Iteration,metricValue,convergenceValue,ITERATION_TIME_INDEX,SINCE_LAST
 2DIAGNOSTIC,     1, -3.618709218114e-01, 1.797693134862e+308, 5.1838e+00, 1.1666e+00, 
 2DIAGNOSTIC,     2, -3.619185812087e-01, 1.797693134862e+308, 5.6141e+00, 4.3024e-01, 
 2DIAGNOSTIC,     3, -3.619160192657e-01, 1.797693134862e+308, 5.9595e+00, 3.4544e-01, 
 2DIAGNOSTIC,     4, -3.619163627442e-01, 1.797693134862e+308, 6.2343e+00, 2.7477e-01, 
 2DIAGNOSTIC,     5, -3.619143835330e-01, 1.797693134862e+308, 6.5097e+00, 2.7538e-01, 
 2DIAGNOSTIC,     6, -3.619142695675e-01, 1.797693134862e+308, 6.7642e+00, 2.5454e-01, 
 2DIAGNOSTIC,     7, -3.619128422680e-01, 1.797693134862e+308, 7.0775e+00, 3.1331e-01, 
 2DIAGNOSTIC,     8, -3.619124042450e-01, 1.797693134862e+308, 7.3597e+00, 2.8223e-01, 
 2DIAGNOSTIC,     9, -3.619106427923e-01, 1.797693134862e+308, 7.6349e+00, 2.7518e-01, 
 2DIAGNOSTIC,    10, -3.619101282814e-01, 5.385513162370e-06, 7.9146e+00, 2.7971e-01, 
 2DIAGNOSTIC,    11, -3.619089900741e-01, 1.470161237097e-06, 8.1379e+00, 2.2328e-01, 
 2DIAGNOSTIC,    12, -3.619099045146e-01, 1.518145197957e-06, 8.3808e+00, 2.4283e-01, 
 2DIAGNOSTIC,    13, -3.619103506107e-01, 1.529310144299e-06, 8.6478e+00, 2.6705e-01, 
 2DIAGNOSTIC,    14, -3.619094372219e-01, 1.592789496310e-06, 8.8785e+00, 2.3073e-01, 
 2DIAGNOSTIC,    15, -3.619100693322e-01, 1.641648638750e-06, 9.1509e+00, 2.7234e-01, 
 2DIAGNOSTIC,    16, -3.619099544385e-01, 1.717231762691e-06, 9.4168e+00, 2.6594e-01, 
 2DIAGNOSTIC,    17, -3.619099107480e-01, 1.739344511323e-06, 9.6787e+00, 2.6183e-01, 
 2DIAGNOSTIC,    18, -3.619091381191e-01, 1.719600803217e-06, 9.9367e+00, 2.5804e-01, 
 2DIAGNOSTIC,    19, -3.619094754891e-01, 1.649429035813e-06, 1.0191e+01, 2.5398e-01, 
 2DIAGNOSTIC,    20, -3.619090404684e-01, 1.552255551332e-06, 1.0415e+01, 2.2409e-01, 
 2DIAGNOSTIC,    21, -3.619081043973e-01, 1.389130876661e-06, 1.0651e+01, 2.3618e-01, 
 2DIAGNOSTIC,    22, -3.619074112206e-01, 1.261093050806e-06, 1.0926e+01, 2.7489e-01, 
 2DIAGNOSTIC,    23, -3.619078536373e-01, 1.193364026895e-06, 1.1178e+01, 2.5228e-01, 
 2DIAGNOSTIC,    24, -3.619073053768e-01, 1.099346990718e-06, 1.1432e+01, 2.5393e-01, 
 2DIAGNOSTIC,    25, -3.619077883243e-01, 1.069402267510e-06, 1.1720e+01, 2.8772e-01, 
 2DIAGNOSTIC,    26, -3.619073352096e-01, 1.043826116875e-06, 1.1997e+01, 2.7676e-01, 
 2DIAGNOSTIC,    27, -3.619067640772e-01, 1.020418804544e-06, 1.2254e+01, 2.5781e-01, 
DIAGNOSTIC,Iteration,metricValue,convergenceValue,ITERATION_TIME_INDEX,SINCE_LAST
 2DIAGNOSTIC,     1, -3.326775544397e-01, 1.797693134862e+308, 1.4980e+01, 2.7252e+00, 
 2DIAGNOSTIC,     2, -3.326853177220e-01, 1.797693134862e+308, 1.6624e+01, 1.6441e+00, 
 2DIAGNOSTIC,     3, -3.327197276379e-01, 1.797693134862e+308, 1.8249e+01, 1.6256e+00, 
 2DIAGNOSTIC,     4, -3.327280721134e-01, 1.797693134862e+308, 1.9720e+01, 1.4706e+00, 
 2DIAGNOSTIC,     5, -3.327519849105e-01, 1.797693134862e+308, 2.1406e+01, 1.6862e+00, 
 2DIAGNOSTIC,     6, -3.327606181403e-01, 1.797693134862e+308, 2.3097e+01, 1.6909e+00, 
 2DIAGNOSTIC,     7, -3.327693920735e-01, 1.797693134862e+308, 2.4904e+01, 1.8076e+00, 
 2DIAGNOSTIC,     8, -3.327687768056e-01, 1.797693134862e+308, 2.6868e+01, 1.9639e+00, 
 2DIAGNOSTIC,     9, -3.327681439014e-01, 1.797693134862e+308, 2.8445e+01, 1.5762e+00, 
 2DIAGNOSTIC,    10, -3.327685100259e-01, 2.184120593753e-05, 3.0017e+01, 1.5724e+00, 
 2DIAGNOSTIC,    11, -3.327684535807e-01, 1.556264050968e-05, 3.1534e+01, 1.5169e+00, 
 2DIAGNOSTIC,    12, -3.327686060080e-01, 9.709610654607e-06, 3.3014e+01, 1.4805e+00, 
 2DIAGNOSTIC,    13, -3.327686111517e-01, 6.392150717890e-06, 3.4339e+01, 1.3250e+00, 
 2DIAGNOSTIC,    14, -3.327698706423e-01, 3.750242890288e-06, 3.5793e+01, 1.4532e+00, 
 2DIAGNOSTIC,    15, -3.327708965843e-01, 2.734980414879e-06, 3.7512e+01, 1.7193e+00, 
 2DIAGNOSTIC,    16, -3.327707096227e-01, 2.226010993270e-06, 3.9123e+01, 1.6107e+00, 
 2DIAGNOSTIC,    17, -3.327702591973e-01, 2.175832558619e-06, 4.1299e+01, 2.1765e+00, 
 2DIAGNOSTIC,    18, -3.327701890791e-01, 2.072640829263e-06, 4.2909e+01, 1.6101e+00, 
 2DIAGNOSTIC,    19, -3.327701100036e-01, 1.918201024298e-06, 4.4643e+01, 1.7334e+00, 
 2DIAGNOSTIC,    20, -3.327700912178e-01, 1.770361028698e-06, 4.6159e+01, 1.5166e+00, 
 2DIAGNOSTIC,    21, -3.327700661574e-01, 1.617175077732e-06, 4.7693e+01, 1.5337e+00, 
 2DIAGNOSTIC,    22, -3.327699792427e-01, 1.472437937480e-06, 4.9124e+01, 1.4310e+00, 
 2DIAGNOSTIC,    23, -3.327699997890e-01, 1.337956639993e-06, 5.0748e+01, 1.6238e+00, 
 2DIAGNOSTIC,    24, -3.327700571740e-01, 1.264376242704e-06, 5.2358e+01, 1.6106e+00, 
 2DIAGNOSTIC,    25, -3.327700131812e-01, 1.235853181555e-06, 5.3870e+01, 1.5113e+00, 
 2DIAGNOSTIC,    26, -3.327699599326e-01, 1.205531061144e-06, 5.5163e+01, 1.2935e+00, 
 2DIAGNOSTIC,    27, -3.327699181342e-01, 1.163708747344e-06, 5.6456e+01, 1.2926e+00, 
 2DIAGNOSTIC,    28, -3.327699654786e-01, 1.125582147106e-06, 5.7922e+01, 1.4664e+00, 
 2DIAGNOSTIC,    29, -3.327700448573e-01, 1.090946792244e-06, 5.9545e+01, 1.6225e+00, 
 2DIAGNOSTIC,    30, -3.327700760228e-01, 1.059491598739e-06, 6.0994e+01, 1.4499e+00, 
 2DIAGNOSTIC,    31, -3.327699732283e-01, 1.026783836088e-06, 6.2539e+01, 1.5448e+00, 
  Elapsed time (stage 0): 6.3433e+01


Total elapsed time: 6.3437e+01
Info [verificarlo]: loaded backend libinterflop_ieee.so
Info [interflop-ieee]: load backend with:
Info [interflop-ieee]: debug = false
Info [interflop-ieee]: debug-binary = false
Info [interflop-ieee]: no-backend-name = false
Info [interflop-ieee]: print-new-line = false
Info [interflop-ieee]: print-subnormal-normalized = false
Info [interflop-ieee]: count-op = false
All_Command_lines_OK
Using double precision for computations.
=============================================================================
The composite transform comprises the following transforms (in order): 
  1. /home/mdugre/scratch/mri-registration-rp/datasets/ds004513/derivatives/mri-registration-rp/0001/antsRegistration-r8-p9/sub-s020/rigid_Composite.h5[0] (type = Euler3DTransform)
  2. /home/mdugre/scratch/mri-registration-rp/datasets/ds004513/derivatives/mri-registration-rp/0001/antsRegistration-r8-p9/sub-s020/rigid_Composite.h5[1] (type = Euler3DTransform)
  3. /home/mdugre/scratch/mri-registration-rp/datasets/ds004513/derivatives/mri-registration-rp/0001/antsRegistration-r8-p9/sub-s020/rigid_Composite.h5[2] (type = Euler3DTransform)
=============================================================================
  number of levels = 4
  fixed image: /templateflow/tpl-MNI152NLin2009cAsym/tpl-MNI152NLin2009cAsym_res-01_desc-brain_T1w.nii.gz
  moving image: /home/mdugre/scratch/mri-registration-rp/datasets/ds004513/derivatives/mri-registration-rp/antsBrainExtraction/sub-s020/BrainExtractionBrain.nii.gz
Dimension = 3
Number of stages = 1
Use histogram matching = false
Winsorize image intensities = true
  Lower quantile = 0.005
  Upper quantile = 0.995


Stage 1 State
   Image metric = MattesMI
     Fixed image = Image (0x49b2530)
  RTTI typeinfo:   itk::Image<double, 3u>
  Reference Count: 2
  Modified Time: 1594
  Debug: Off
  Object Name: 
  Observers: 
    none
  Source: (none)
  Source output name: (none)
  Release Data: Off
  Data Released: False
  Global Release Data: Off
  PipelineMTime: 0
  UpdateMTime: 1203
  RealTimeStamp: 0 seconds 
  LargestPossibleRegion: 
    Dimension: 3
    Index: [0, 0, 0]
    Size: [193, 229, 193]
  BufferedRegion: 
    Dimension: 3
    Index: [0, 0, 0]
    Size: [193, 229, 193]
  RequestedRegion: 
    Dimension: 3
    Index: [0, 0, 0]
    Size: [193, 229, 193]
  Spacing: [1, 1, 1]
  Origin: [96, 132, -78]
  Direction: 
-1 0 0
0 -1 0
0 0 1

  IndexToPointMatrix: 
-1 0 0
0 -1 0
0 0 1

  PointToIndexMatrix: 
-1 0 0
0 -1 0
0 0 1

  Inverse Direction: 
-1 0 0
0 -1 0
0 0 1

  PixelContainer: 
    ImportImageContainer (0x4a6b2a0)
      RTTI typeinfo:   itk::ImportImageContainer<unsigned long, double>
      Reference Count: 1
      Modified Time: 1200
      Debug: Off
      Object Name: 
      Observers: 
        none
      Pointer: 0x1534e47c0010
      Container manages memory: true
      Size: 8530021
      Capacity: 8530021

     Moving image = Image (0x4a6de60)
  RTTI typeinfo:   itk::Image<double, 3u>
  Reference Count: 2
  Modified Time: 1595
  Debug: Off
  Object Name: 
  Observers: 
    none
  Source: (none)
  Source output name: (none)
  Release Data: Off
  Data Released: False
  Global Release Data: Off
  PipelineMTime: 0
  UpdateMTime: 1592
  RealTimeStamp: 0 seconds 
  LargestPossibleRegion: 
    Dimension: 3
    Index: [0, 0, 0]
    Size: [160, 240, 256]
  BufferedRegion: 
    Dimension: 3
    Index: [0, 0, 0]
    Size: [160, 240, 256]
  RequestedRegion: 
    Dimension: 3
    Index: [0, 0, 0]
    Size: [160, 240, 256]
  Spacing: [0.999995, 1, 1]
  Origin: [87.0906, 98.7205, -152.377]
  Direction: 
-0.996975 0.0261379 -0.0731913
-0.0260677 -0.999658 -0.00191374
-0.0732163 -2.46403e-08 0.997316

  IndexToPointMatrix: 
-0.996971 0.0261379 -0.0731913
-0.0260676 -0.999658 -0.00191374
-0.0732159 -2.46403e-08 0.997316

  PointToIndexMatrix: 
-0.99698 -0.0260679 -0.0732166
0.0261379 -0.999658 -2.46993e-08
-0.0731913 -0.00191374 0.997316

  Inverse Direction: 
-0.996975 -0.0260677 -0.0732163
0.0261379 -0.999658 -2.46993e-08
-0.0731913 -0.00191374 0.997316

  PixelContainer: 
    ImportImageContainer (0x4aa1390)
      RTTI typeinfo:   itk::ImportImageContainer<unsigned long, double>
      Reference Count: 1
      Modified Time: 1589
      Debug: Off
      Object Name: 
      Observers: 
        none
      Pointer: 0x1534dfcbf010
      Container manages memory: true
      Size: 9830400
      Capacity: 9830400

     Weighting = 1
     Sampling strategy = regular
     Number of bins = 32
     Radius = 4
     Sampling percentage  = 0.25
   Transform = Affine
     Gradient step = 0.1
     Update field sigma (voxel space) = 0
     Total field sigma (voxel space) = 0
     Update field time sigma = 0
     Total field time sigma  = 0
     Number of time indices = 0
     Number of time point samples = 0
Registration using 1 total stages.

Stage 0
  iterations = 1000x500x250x100
  convergence threshold = 1e-06
  convergence window size = 10
  number of levels = 4
  using the Mattes MI metric (number of bins = 32, weight = 1, use gradient filter = 0)
  preprocessing:  winsorizing the image intensities
  Shrink factors (level 1 out of 4): [8, 8, 8]
  Shrink factors (level 2 out of 4): [4, 4, 4]
  Shrink factors (level 3 out of 4): [2, 2, 2]
  Shrink factors (level 4 out of 4): [1, 1, 1]
  smoothing sigmas per level: [3, 2, 1, 0]
  regular sampling (percentage = 0.25)

*** Running AffineTransform registration ***

DIAGNOSTIC,Iteration,metricValue,convergenceValue,ITERATION_TIME_INDEX,SINCE_LAST
 2DIAGNOSTIC,     1, -5.148717352089e-01, 1.797693134862e+308, 7.5038e-01, 7.5038e-01, 
 2DIAGNOSTIC,     2, -5.168115838668e-01, 1.797693134862e+308, 7.5518e-01, 4.8060e-03, 
 2DIAGNOSTIC,     3, -5.198185952831e-01, 1.797693134862e+308, 7.5986e-01, 4.6711e-03, 
 2DIAGNOSTIC,     4, -5.245167983406e-01, 1.797693134862e+308, 7.6463e-01, 4.7719e-03, 
 2DIAGNOSTIC,     5, -5.321957612471e-01, 1.797693134862e+308, 7.6916e-01, 4.5280e-03, 
 2DIAGNOSTIC,     6, -5.533727767275e-01, 1.797693134862e+308, 7.7385e-01, 4.6930e-03, 
 2DIAGNOSTIC,     7, -6.140635637483e-01, 1.797693134862e+308, 7.7888e-01, 5.0280e-03, 
 2DIAGNOSTIC,     8, -6.694452664478e-01, 1.797693134862e+308, 7.8450e-01, 5.6190e-03, 
 2DIAGNOSTIC,     9, -7.113106453028e-01, 1.797693134862e+308, 7.9034e-01, 5.8479e-03, 
 2DIAGNOSTIC,    10, -7.696770956685e-01, 2.758332320164e-02, 7.9873e-01, 8.3909e-03, 
 2DIAGNOSTIC,    11, -7.723762507698e-01, 2.881626238883e-02, 8.0364e-01, 4.9090e-03, 
 2DIAGNOSTIC,    12, -7.805427309800e-01, 2.762507451048e-02, 8.0878e-01, 5.1401e-03, 
 2DIAGNOSTIC,    13, -7.894817650846e-01, 2.458779126661e-02, 8.1386e-01, 5.0740e-03, 
 2DIAGNOSTIC,    14, -8.039171942474e-01, 2.044555955724e-02, 8.1901e-01, 5.1529e-03, 
 2DIAGNOSTIC,    15, -8.370513656705e-01, 1.625221059539e-02, 8.2555e-01, 6.5401e-03, 
 2DIAGNOSTIC,    16, -8.513755881343e-01, 1.213441024145e-02, 8.3122e-01, 5.6722e-03, 
 2DIAGNOSTIC,    17, -8.525694592431e-01, 9.032280331975e-03, 8.3686e-01, 5.6410e-03, 
 2DIAGNOSTIC,    18, -8.554148010666e-01, 6.857319770132e-03, 8.4225e-01, 5.3890e-03, 
 2DIAGNOSTIC,    19, -8.597627123768e-01, 5.280959887874e-03, 8.5804e-01, 1.5783e-02, 
 2DIAGNOSTIC,    20, -8.597626857377e-01, 4.568295122264e-03, 8.6316e-01, 5.1191e-03, 
 2DIAGNOSTIC,    21, -8.597630868831e-01, 3.563833677598e-03, 8.6824e-01, 5.0859e-03, 
 2DIAGNOSTIC,    22, -8.597637649382e-01, 2.492210514850e-03, 8.7336e-01, 5.1138e-03, 
 2DIAGNOSTIC,    23, -8.597649107184e-01, 1.453448803452e-03, 8.7844e-01, 5.0800e-03, 
 2DIAGNOSTIC,    24, -8.597668459290e-01, 6.001322210241e-04, 8.8351e-01, 5.0740e-03, 
 2DIAGNOSTIC,    25, -8.597701117504e-01, 2.741593138278e-04, 8.8858e-01, 5.0731e-03, 
 2DIAGNOSTIC,    26, -8.597756135116e-01, 1.632201781304e-04, 8.9360e-01, 5.0211e-03, 
 2DIAGNOSTIC,    27, -8.597848520083e-01, 6.307805213970e-05, 8.9878e-01, 5.1799e-03, 
 2DIAGNOSTIC,    28, -8.598003730437e-01, 2.230489910993e-06, 9.0438e-01, 5.5981e-03, 
 2DIAGNOSTIC,    29, -8.598116625076e-01, 2.568038769371e-06, 9.0946e-01, 5.0762e-03, 
DIAGNOSTIC,Iteration,metricValue,convergenceValue,ITERATION_TIME_INDEX,SINCE_LAST
 2DIAGNOSTIC,     1, -7.196544794301e-01, 1.797693134862e+308, 1.6691e+00, 7.5967e-01, 
 2DIAGNOSTIC,     2, -7.199159622298e-01, 1.797693134862e+308, 1.7064e+00, 3.7274e-02, 
 2DIAGNOSTIC,     3, -7.200351526325e-01, 1.797693134862e+308, 1.7474e+00, 4.0958e-02, 
 2DIAGNOSTIC,     4, -7.200249036552e-01, 1.797693134862e+308, 1.7950e+00, 4.7647e-02, 
 2DIAGNOSTIC,     5, -7.199917539580e-01, 1.797693134862e+308, 1.8388e+00, 4.3785e-02, 
 2DIAGNOSTIC,     6, -7.199381988389e-01, 1.797693134862e+308, 1.8789e+00, 4.0111e-02, 
 2DIAGNOSTIC,     7, -7.199286556038e-01, 1.797693134862e+308, 1.9181e+00, 3.9160e-02, 
 2DIAGNOSTIC,     8, -7.199447305261e-01, 1.797693134862e+308, 1.9667e+00, 4.8608e-02, 
 2DIAGNOSTIC,     9, -7.199278423177e-01, 1.797693134862e+308, 2.0068e+00, 4.0167e-02, 
 2DIAGNOSTIC,    10, -7.199216074469e-01, 9.506668770934e-06, 2.0472e+00, 4.0372e-02, 
DIAGNOSTIC,Iteration,metricValue,convergenceValue,ITERATION_TIME_INDEX,SINCE_LAST
 2DIAGNOSTIC,     1, -5.960438988031e-01, 1.797693134862e+308, 3.2384e+00, 1.1912e+00, 
 2DIAGNOSTIC,     2, -5.964049576611e-01, 1.797693134862e+308, 3.5369e+00, 2.9845e-01, 
 2DIAGNOSTIC,     3, -5.966161160487e-01, 1.797693134862e+308, 3.8654e+00, 3.2850e-01, 
 2DIAGNOSTIC,     4, -5.968127508511e-01, 1.797693134862e+308, 4.1749e+00, 3.0948e-01, 
 2DIAGNOSTIC,     5, -5.970619136218e-01, 1.797693134862e+308, 4.5985e+00, 4.2367e-01, 
 2DIAGNOSTIC,     6, -5.971249839370e-01, 1.797693134862e+308, 4.9132e+00, 3.1467e-01, 
