
##########################
# Experiment information #
##########################

EXPERIMENT_NAME: antsRegistration-r8-p21
VFC_BACKENDS: libinterflop_vprec.so --range-binary32=8 --precision-binary32=21 --range-binary64=8 --precision-binary64=21

SIF_IMG: /home/mdugre/projects/rrg-glatard/mdugre/containers/ants-vprec-no_metrics.simg

SUBJECT_ID: s037
INPUT_IMG: /home/mdugre/scratch/mri-registration-rp/datasets/ds004513/derivatives/mri-registration-rp/antsBrainExtraction/sub-s037/BrainExtractionBrain.nii.gz
OUTPUT_DIR: /home/mdugre/scratch/mri-registration-rp/datasets/ds004513/derivatives/mri-registration-rp/0001/antsRegistration-r8-p21/sub-s037

FIXED_IMG: /templateflow/tpl-MNI152NLin2009cAsym/tpl-MNI152NLin2009cAsym_res-01_desc-brain_T1w.nii.gz
DATA_DIR: /home/mdugre/scratch/mri-registration-rp/datasets/ds004513
TEMPLATEFLOW_DIR: /home/mdugre/projects/rrg-glatard/mdugre/templateflow
ITK_GLOBAL_DEFAULT_NUMBER_OF_THREADS: 16
##########################

Info [verificarlo]: loaded backend libinterflop_ieee.so
Info [interflop-ieee]: load backend with:
Info [interflop-ieee]: debug = false
Info [interflop-ieee]: debug-binary = false
Info [interflop-ieee]: no-backend-name = false
Info [interflop-ieee]: print-new-line = false
Info [interflop-ieee]: print-subnormal-normalized = false
Info [interflop-ieee]: count-op = false
All_Command_lines_OK
Using double precision for computations.
=============================================================================
The composite transform comprises the following transforms (in order): 
  1. Center of mass alignment using fixed image: /templateflow/tpl-MNI152NLin2009cAsym/tpl-MNI152NLin2009cAsym_res-01_desc-brain_T1w.nii.gz and moving image: /home/mdugre/scratch/mri-registration-rp/datasets/ds004513/derivatives/mri-registration-rp/antsBrainExtraction/sub-s037/BrainExtractionBrain.nii.gz (type = Euler3DTransform)
=============================================================================
  number of levels = 1
  fixed image: /templateflow/tpl-MNI152NLin2009cAsym/tpl-MNI152NLin2009cAsym_res-01_desc-brain_T1w.nii.gz
  moving image: /home/mdugre/scratch/mri-registration-rp/datasets/ds004513/derivatives/mri-registration-rp/antsBrainExtraction/sub-s037/BrainExtractionBrain.nii.gz
Dimension = 3
Number of stages = 1
Use histogram matching = false
Winsorize image intensities = true
  Lower quantile = 0.005
  Upper quantile = 0.995


Stage 1 State
   Image metric = MattesMI
     Fixed image = Image (0x3f1fe70)
  RTTI typeinfo:   itk::Image<double, 3u>
  Reference Count: 2
  Modified Time: 2330
  Debug: Off
  Object Name: 
  Observers: 
    none
  Source: (none)
  Source output name: (none)
  Release Data: Off
  Data Released: False
  Global Release Data: Off
  PipelineMTime: 0
  UpdateMTime: 1941
  RealTimeStamp: 0 seconds 
  LargestPossibleRegion: 
    Dimension: 3
    Index: [0, 0, 0]
    Size: [193, 229, 193]
  BufferedRegion: 
    Dimension: 3
    Index: [0, 0, 0]
    Size: [193, 229, 193]
  RequestedRegion: 
    Dimension: 3
    Index: [0, 0, 0]
    Size: [193, 229, 193]
  Spacing: [1, 1, 1]
  Origin: [96, 132, -78]
  Direction: 
-1 0 0
0 -1 0
0 0 1

  IndexToPointMatrix: 
-1 0 0
0 -1 0
0 0 1

  PointToIndexMatrix: 
-1 0 0
0 -1 0
0 0 1

  Inverse Direction: 
-1 0 0
0 -1 0
0 0 1

  PixelContainer: 
    ImportImageContainer (0x3f28c60)
      RTTI typeinfo:   itk::ImportImageContainer<unsigned long, double>
      Reference Count: 1
      Modified Time: 1938
      Debug: Off
      Object Name: 
      Observers: 
        none
      Pointer: 0x1503f211a010
      Container manages memory: true
      Size: 8530021
      Capacity: 8530021

     Moving image = Image (0x3fbcec0)
  RTTI typeinfo:   itk::Image<double, 3u>
  Reference Count: 2
  Modified Time: 2331
  Debug: Off
  Object Name: 
  Observers: 
    none
  Source: (none)
  Source output name: (none)
  Release Data: Off
  Data Released: False
  Global Release Data: Off
  PipelineMTime: 0
  UpdateMTime: 2328
  RealTimeStamp: 0 seconds 
  LargestPossibleRegion: 
    Dimension: 3
    Index: [0, 0, 0]
    Size: [160, 240, 256]
  BufferedRegion: 
    Dimension: 3
    Index: [0, 0, 0]
    Size: [160, 240, 256]
  RequestedRegion: 
    Dimension: 3
    Index: [0, 0, 0]
    Size: [160, 240, 256]
  Spacing: [1, 1, 1]
  Origin: [87.9508, 102.562, -147.639]
  Direction: 
-0.998659 -0.0436121 -0.0279129
0.043595 -0.999049 0.00121847
-0.0279395 -2.65543e-08 0.99961

  IndexToPointMatrix: 
-0.998659 -0.0436121 -0.0279129
0.043595 -0.999049 0.00121847
-0.0279395 -2.65543e-08 0.99961

  PointToIndexMatrix: 
-0.998659 0.043595 -0.0279395
-0.0436121 -0.999049 -2.65517e-08
-0.0279129 0.00121847 0.99961

  Inverse Direction: 
-0.998659 0.043595 -0.0279395
-0.0436121 -0.999049 -2.65517e-08
-0.0279129 0.00121847 0.99961

  PixelContainer: 
    ImportImageContainer (0x4054610)
      RTTI typeinfo:   itk::ImportImageContainer<unsigned long, double>
      Reference Count: 1
      Modified Time: 2325
      Debug: Off
      Object Name: 
      Observers: 
        none
      Pointer: 0x1503ed619010
      Container manages memory: true
      Size: 9830400
      Capacity: 9830400

     Weighting = 1
     Sampling strategy = regular
     Number of bins = 32
     Radius = 4
     Sampling percentage  = 0.25
   Transform = Rigid
     Gradient step = 0.1
     Update field sigma (voxel space) = 0
     Total field sigma (voxel space) = 0
     Update field time sigma = 0
     Total field time sigma  = 0
     Number of time indices = 0
     Number of time point samples = 0
Registration using 1 total stages.

Stage 0
  iterations = 0
  convergence threshold = 1e-06
  convergence window size = 10
  number of levels = 1
  using the Mattes MI metric (number of bins = 32, weight = 1, use gradient filter = 0)
  preprocessing:  winsorizing the image intensities
  Shrink factors (level 1 out of 1): [1, 1, 1]
  smoothing sigmas per level: [0]
  regular sampling (percentage = 0.25)

*** Running Euler3DTransform registration ***

  Elapsed time (stage 0): 1.14899


Total elapsed time: 1.1577
Info [verificarlo]: loaded backend libinterflop_ieee.so
Info [interflop-ieee]: load backend with:
Info [interflop-ieee]: debug = false
Info [interflop-ieee]: debug-binary = false
Info [interflop-ieee]: no-backend-name = false
Info [interflop-ieee]: print-new-line = false
Info [interflop-ieee]: print-subnormal-normalized = false
Info [interflop-ieee]: count-op = false
All_Command_lines_OK
Using double precision for computations.
=============================================================================
The composite transform comprises the following transforms (in order): 
  1. /home/mdugre/scratch/mri-registration-rp/datasets/ds004513/derivatives/mri-registration-rp/0001/antsRegistration-r8-p21/sub-s037/align_Composite.h5[0] (type = Euler3DTransform)
  2. /home/mdugre/scratch/mri-registration-rp/datasets/ds004513/derivatives/mri-registration-rp/0001/antsRegistration-r8-p21/sub-s037/align_Composite.h5[1] (type = Euler3DTransform)
=============================================================================
  number of levels = 4
  fixed image: /templateflow/tpl-MNI152NLin2009cAsym/tpl-MNI152NLin2009cAsym_res-01_desc-brain_T1w.nii.gz
  moving image: /home/mdugre/scratch/mri-registration-rp/datasets/ds004513/derivatives/mri-registration-rp/antsBrainExtraction/sub-s037/BrainExtractionBrain.nii.gz
Dimension = 3
Number of stages = 1
Use histogram matching = false
Winsorize image intensities = true
  Lower quantile = 0.005
  Upper quantile = 0.995


Stage 1 State
   Image metric = MattesMI
     Fixed image = Image (0x4b8b530)
  RTTI typeinfo:   itk::Image<double, 3u>
  Reference Count: 2
  Modified Time: 1578
  Debug: Off
  Object Name: 
  Observers: 
    none
  Source: (none)
  Source output name: (none)
  Release Data: Off
  Data Released: False
  Global Release Data: Off
  PipelineMTime: 0
  UpdateMTime: 1189
  RealTimeStamp: 0 seconds 
  LargestPossibleRegion: 
    Dimension: 3
    Index: [0, 0, 0]
    Size: [193, 229, 193]
  BufferedRegion: 
    Dimension: 3
    Index: [0, 0, 0]
    Size: [193, 229, 193]
  RequestedRegion: 
    Dimension: 3
    Index: [0, 0, 0]
    Size: [193, 229, 193]
  Spacing: [1, 1, 1]
  Origin: [96, 132, -78]
  Direction: 
-1 0 0
0 -1 0
0 0 1

  IndexToPointMatrix: 
-1 0 0
0 -1 0
0 0 1

  PointToIndexMatrix: 
-1 0 0
0 -1 0
0 0 1

  Inverse Direction: 
-1 0 0
0 -1 0
0 0 1

  PixelContainer: 
    ImportImageContainer (0x4c49d60)
      RTTI typeinfo:   itk::ImportImageContainer<unsigned long, double>
      Reference Count: 1
      Modified Time: 1186
      Debug: Off
      Object Name: 
      Observers: 
        none
      Pointer: 0x149c4cc66010
      Container manages memory: true
      Size: 8530021
      Capacity: 8530021

     Moving image = Image (0x4c3bf60)
  RTTI typeinfo:   itk::Image<double, 3u>
  Reference Count: 2
  Modified Time: 1579
  Debug: Off
  Object Name: 
  Observers: 
    none
  Source: (none)
  Source output name: (none)
  Release Data: Off
  Data Released: False
  Global Release Data: Off
  PipelineMTime: 0
  UpdateMTime: 1576
  RealTimeStamp: 0 seconds 
  LargestPossibleRegion: 
    Dimension: 3
    Index: [0, 0, 0]
    Size: [160, 240, 256]
  BufferedRegion: 
    Dimension: 3
    Index: [0, 0, 0]
    Size: [160, 240, 256]
  RequestedRegion: 
    Dimension: 3
    Index: [0, 0, 0]
    Size: [160, 240, 256]
  Spacing: [1, 1, 1]
  Origin: [87.9508, 102.562, -147.639]
  Direction: 
-0.998659 -0.0436121 -0.0279129
0.043595 -0.999049 0.00121847
-0.0279395 -2.65543e-08 0.99961

  IndexToPointMatrix: 
-0.998659 -0.0436121 -0.0279129
0.043595 -0.999049 0.00121847
-0.0279395 -2.65543e-08 0.99961

  PointToIndexMatrix: 
-0.998659 0.043595 -0.0279395
-0.0436121 -0.999049 -2.65517e-08
-0.0279129 0.00121847 0.99961

  Inverse Direction: 
-0.998659 0.043595 -0.0279395
-0.0436121 -0.999049 -2.65517e-08
-0.0279129 0.00121847 0.99961

  PixelContainer: 
    ImportImageContainer (0x4c2d6d0)
      RTTI typeinfo:   itk::ImportImageContainer<unsigned long, double>
      Reference Count: 1
      Modified Time: 1573
      Debug: Off
      Object Name: 
      Observers: 
        none
      Pointer: 0x149c48165010
      Container manages memory: true
      Size: 9830400
      Capacity: 9830400

     Weighting = 1
     Sampling strategy = regular
     Number of bins = 32
     Radius = 4
     Sampling percentage  = 0.25
   Transform = Rigid
     Gradient step = 0.1
     Update field sigma (voxel space) = 0
     Total field sigma (voxel space) = 0
     Update field time sigma = 0
     Total field time sigma  = 0
     Number of time indices = 0
     Number of time point samples = 0
Registration using 1 total stages.

Stage 0
  iterations = 1000x500x250x100
  convergence threshold = 1e-06
  convergence window size = 10
  number of levels = 4
  using the Mattes MI metric (number of bins = 32, weight = 1, use gradient filter = 0)
  preprocessing:  winsorizing the image intensities
  Shrink factors (level 1 out of 4): [8, 8, 8]
  Shrink factors (level 2 out of 4): [4, 4, 4]
  Shrink factors (level 3 out of 4): [2, 2, 2]
  Shrink factors (level 4 out of 4): [1, 1, 1]
  smoothing sigmas per level: [3, 2, 1, 0]
  regular sampling (percentage = 0.25)

*** Running Euler3DTransform registration ***

DIAGNOSTIC,Iteration,metricValue,convergenceValue,ITERATION_TIME_INDEX,SINCE_LAST
 2DIAGNOSTIC,     1, -4.299060189477e-01, 1.797693134862e+308, 9.3875e-01, 9.3875e-01, 
 2DIAGNOSTIC,     2, -4.311703807429e-01, 1.797693134862e+308, 9.4505e-01, 6.3052e-03, 
 2DIAGNOSTIC,     3, -4.334997061176e-01, 1.797693134862e+308, 9.5117e-01, 6.1152e-03, 
 2DIAGNOSTIC,     4, -4.389575130370e-01, 1.797693134862e+308, 9.5667e-01, 5.5020e-03, 
 2DIAGNOSTIC,     5, -4.438813134482e-01, 1.797693134862e+308, 9.6233e-01, 5.6639e-03, 
 2DIAGNOSTIC,     6, -4.461495460377e-01, 1.797693134862e+308, 9.6826e-01, 5.9299e-03, 
 2DIAGNOSTIC,     7, -4.511407144429e-01, 1.797693134862e+308, 9.7533e-01, 7.0660e-03, 
 2DIAGNOSTIC,     8, -4.667812032718e-01, 1.797693134862e+308, 9.8319e-01, 7.8611e-03, 
 2DIAGNOSTIC,     9, -4.753090114372e-01, 1.797693134862e+308, 9.9031e-01, 7.1180e-03, 
 2DIAGNOSTIC,    10, -4.802481719655e-01, 7.481707542057e-03, 9.9669e-01, 6.3851e-03, 
 2DIAGNOSTIC,    11, -4.821261368877e-01, 7.356704266140e-03, 1.0022e+00, 5.5139e-03, 
 2DIAGNOSTIC,    12, -4.837491005315e-01, 6.749992380102e-03, 1.0098e+00, 7.5569e-03, 
 2DIAGNOSTIC,    13, -5.028244927604e-01, 6.622215038710e-03, 1.0202e+00, 1.0389e-02, 
 2DIAGNOSTIC,    14, -5.042109134428e-01, 6.183615245763e-03, 1.0272e+00, 7.0770e-03, 
 2DIAGNOSTIC,    15, -5.066116081841e-01, 5.558135432334e-03, 1.0331e+00, 5.8601e-03, 
 2DIAGNOSTIC,    16, -5.083451635791e-01, 4.676295421073e-03, 1.0391e+00, 6.0048e-03, 
 2DIAGNOSTIC,    17, -5.184993492939e-01, 3.998770501355e-03, 1.0485e+00, 9.3579e-03, 
 2DIAGNOSTIC,    18, -5.256348855827e-01, 3.769024583934e-03, 1.0546e+00, 6.1719e-03, 
 2DIAGNOSTIC,    19, -5.260487275006e-01, 3.491513197205e-03, 1.0620e+00, 7.3440e-03, 
 2DIAGNOSTIC,    20, -5.292109523742e-01, 3.174906785690e-03, 1.0689e+00, 6.9590e-03, 
 2DIAGNOSTIC,    21, -5.301818310861e-01, 2.681600132690e-03, 1.0745e+00, 5.5749e-03, 
 2DIAGNOSTIC,    22, -5.312241490122e-01, 2.041189219873e-03, 1.0807e+00, 6.2230e-03, 
 2DIAGNOSTIC,    23, -5.321371502343e-01, 1.776979912760e-03, 1.0885e+00, 7.7269e-03, 
 2DIAGNOSTIC,    24, -5.330747284152e-01, 1.429098729768e-03, 1.0951e+00, 6.6140e-03, 
 2DIAGNOSTIC,    25, -5.340979482495e-01, 1.060388069135e-03, 1.1031e+00, 8.0791e-03, 
 2DIAGNOSTIC,    26, -5.353301967458e-01, 6.839354484387e-04, 1.1109e+00, 7.7560e-03, 
 2DIAGNOSTIC,    27, -5.359878037905e-01, 5.005588784435e-04, 1.1164e+00, 5.4772e-03, 
 2DIAGNOSTIC,    28, -5.363339072171e-01, 4.385720198889e-04, 1.1217e+00, 5.3580e-03, 
 2DIAGNOSTIC,    29, -5.373051065992e-01, 3.660306824992e-04, 1.1276e+00, 5.8260e-03, 
 2DIAGNOSTIC,    30, -5.398201281828e-01, 3.716002203393e-04, 1.1354e+00, 7.8242e-03, 
 2DIAGNOSTIC,    31, -5.446418877900e-01, 4.465230422269e-04, 1.1485e+00, 1.3063e-02, 
 2DIAGNOSTIC,    32, -5.446641784527e-01, 4.912539422448e-04, 1.1541e+00, 5.6560e-03, 
 2DIAGNOSTIC,    33, -5.447643436947e-01, 5.056329876254e-04, 1.1600e+00, 5.9240e-03, 
 2DIAGNOSTIC,    34, -5.449308282154e-01, 4.903961778508e-04, 1.1654e+00, 5.3980e-03, 
 2DIAGNOSTIC,    35, -5.452043618139e-01, 4.491420430503e-04, 1.1714e+00, 6.0172e-03, 
 2DIAGNOSTIC,    36, -5.456974031857e-01, 3.933020947658e-04, 1.1772e+00, 5.7960e-03, 
 2DIAGNOSTIC,    37, -5.462998789153e-01, 3.227868741422e-04, 1.1828e+00, 5.5771e-03, 
 2DIAGNOSTIC,    38, -5.470544158512e-01, 2.429372918065e-04, 1.1884e+00, 5.6210e-03, 
 2DIAGNOSTIC,    39, -5.483331327754e-01, 1.763414401086e-04, 1.1946e+00, 6.1829e-03, 
 2DIAGNOSTIC,    40, -5.485726427081e-01, 1.327732445529e-04, 1.2003e+00, 5.6949e-03, 
 2DIAGNOSTIC,    41, -5.488484410173e-01, 1.482822297524e-04, 1.2065e+00, 6.2280e-03, 
 2DIAGNOSTIC,    42, -5.491453860269e-01, 1.532252577094e-04, 1.2124e+00, 5.8689e-03, 
 2DIAGNOSTIC,    43, -5.502448851871e-01, 1.586614479289e-04, 1.2191e+00, 6.6659e-03, 
 2DIAGNOSTIC,    44, -5.634843288222e-01, 3.167365024182e-04, 1.2271e+00, 7.9970e-03, 
 2DIAGNOSTIC,    45, -5.666640613881e-01, 4.747908887134e-04, 1.2333e+00, 6.2540e-03, 
 2DIAGNOSTIC,    46, -5.686935339938e-01, 6.112978025965e-04, 1.2400e+00, 6.6741e-03, 
 2DIAGNOSTIC,    47, -5.691022711295e-01, 6.970524723177e-04, 1.2463e+00, 6.2511e-03, 
 2DIAGNOSTIC,    48, -5.694102684358e-01, 7.240711931792e-04, 1.2516e+00, 5.3000e-03, 
 2DIAGNOSTIC,    49, -5.696082025957e-01, 6.948648422474e-04, 1.2570e+00, 5.4591e-03, 
 2DIAGNOSTIC,    50, -5.701628485321e-01, 6.081750614470e-04, 1.2636e+00, 6.5460e-03, 
 2DIAGNOSTIC,    51, -5.708024263797e-01, 4.785900014147e-04, 1.2702e+00, 6.6860e-03, 
 2DIAGNOSTIC,    52, -5.707133613259e-01, 3.124965031020e-04, 1.2874e+00, 1.7164e-02, 
 2DIAGNOSTIC,    53, -5.707133586591e-01, 1.315978678843e-04, 1.2928e+00, 5.3809e-03, 
 2DIAGNOSTIC,    54, -5.707133968124e-01, 7.783982052971e-05, 1.2981e+00, 5.3160e-03, 
 2DIAGNOSTIC,    55, -5.707134613216e-01, 4.949748085339e-05, 1.3034e+00, 5.2800e-03, 
 2DIAGNOSTIC,    56, -5.707135703843e-01, 3.699296874743e-05, 1.3090e+00, 5.5761e-03, 
 2DIAGNOSTIC,    57, -5.707137547464e-01, 2.536226844612e-05, 1.3143e+00, 5.3320e-03, 
 2DIAGNOSTIC,    58, -5.707140663248e-01, 1.476398109158e-05, 1.3195e+00, 5.2462e-03, 
 2DIAGNOSTIC,    59, -5.707145926995e-01, 4.915899693599e-06, 1.3251e+00, 5.5640e-03, 
DIAGNOSTIC,Iteration,metricValue,convergenceValue,ITERATION_TIME_INDEX,SINCE_LAST
 2DIAGNOSTIC,     1, -4.564050318137e-01, 1.797693134862e+308, 2.2232e+00, 8.9811e-01, 
 2DIAGNOSTIC,     2, -4.567154848149e-01, 1.797693134862e+308, 2.2637e+00, 4.0436e-02, 
 2DIAGNOSTIC,     3, -4.571762786131e-01, 1.797693134862e+308, 2.3030e+00, 3.9387e-02, 
 2DIAGNOSTIC,     4, -4.578731832838e-01, 1.797693134862e+308, 2.3390e+00, 3.5976e-02, 
 2DIAGNOSTIC,     5, -4.595363614329e-01, 1.797693134862e+308, 2.3766e+00, 3.7543e-02, 
 2DIAGNOSTIC,     6, -4.666184707581e-01, 1.797693134862e+308, 2.4186e+00, 4.2034e-02, 
 2DIAGNOSTIC,     7, -4.697767578950e-01, 1.797693134862e+308, 2.4751e+00, 5.6558e-02, 
 2DIAGNOSTIC,     8, -4.702200426756e-01, 1.797693134862e+308, 2.5105e+00, 3.5313e-02, 
 2DIAGNOSTIC,     9, -4.735504195514e-01, 1.797693134862e+308, 2.5470e+00, 3.6568e-02, 
 2DIAGNOSTIC,    10, -4.768694472722e-01, 3.127317964839e-03, 2.5840e+00, 3.6983e-02, 
 2DIAGNOSTIC,    11, -4.789490635751e-01, 3.106663401234e-03, 2.6249e+00, 4.0895e-02, 
 2DIAGNOSTIC,    12, -4.793478489983e-01, 2.846436826682e-03, 2.6777e+00, 5.2789e-02, 
 2DIAGNOSTIC,    13, -4.797934988846e-01, 2.420241027593e-03, 2.7235e+00, 4.5771e-02, 
 2DIAGNOSTIC,    14, -4.812809053759e-01, 1.933259435960e-03, 2.7661e+00, 4.2646e-02, 
 2DIAGNOSTIC,    15, -4.838454580860e-01, 1.496153307627e-03, 2.8264e+00, 6.0292e-02, 
 2DIAGNOSTIC,    16, -4.845266358797e-01, 1.266455576993e-03, 2.8706e+00, 4.4236e-02, 
 2DIAGNOSTIC,    17, -4.854097251869e-01, 1.095047548248e-03, 2.9037e+00, 3.3065e-02, 
 2DIAGNOSTIC,    18, -4.864386245503e-01, 8.911022240411e-04, 2.9469e+00, 4.3167e-02, 
 2DIAGNOSTIC,    19, -4.895422520614e-01, 8.266389119667e-04, 3.0124e+00, 6.5531e-02, 
 2DIAGNOSTIC,    20, -4.896555569046e-01, 7.903382116988e-04, 3.0516e+00, 3.9182e-02, 
 2DIAGNOSTIC,    21, -4.905710234358e-01, 7.707955419888e-04, 3.0866e+00, 3.4975e-02, 
 2DIAGNOSTIC,    22, -4.907093686941e-01, 6.973448026314e-04, 3.1320e+00, 4.5410e-02, 
 2DIAGNOSTIC,    23, -4.909282153301e-01, 5.820594936022e-04, 3.1657e+00, 3.3701e-02, 
 2DIAGNOSTIC,    24, -4.913392521543e-01, 4.670088914666e-04, 3.2011e+00, 3.5403e-02, 
 2DIAGNOSTIC,    25, -4.918732247915e-01, 3.911214673269e-04, 3.2448e+00, 4.3766e-02, 
 2DIAGNOSTIC,    26, -4.920483532983e-01, 3.045253393739e-04, 3.2769e+00, 3.2103e-02, 
 2DIAGNOSTIC,    27, -4.922709318994e-01, 2.205494819444e-04, 3.3113e+00, 3.4390e-02, 
 2DIAGNOSTIC,    28, -4.923671251566e-01, 1.443349326347e-04, 3.3501e+00, 3.8745e-02, 
 2DIAGNOSTIC,    29, -4.924335119334e-01, 1.248496827174e-04, 3.3820e+00, 3.1882e-02, 
 2DIAGNOSTIC,    30, -4.924597771436e-01, 9.718412736202e-05, 3.4155e+00, 3.3502e-02, 
 2DIAGNOSTIC,    31, -4.925044380679e-01, 8.060436089301e-05, 3.4527e+00, 3.7256e-02, 
 2DIAGNOSTIC,    32, -4.927129037829e-01, 6.400969935084e-05, 3.5244e+00, 7.1672e-02, 
 2DIAGNOSTIC,    33, -4.928164129557e-01, 4.806154709593e-05, 3.5738e+00, 4.9458e-02, 
 2DIAGNOSTIC,    34, -4.929469457014e-01, 3.782013105087e-05, 3.6147e+00, 4.0860e-02, 
 2DIAGNOSTIC,    35, -4.931988517305e-01, 3.790835180836e-05, 3.6557e+00, 4.0992e-02, 
 2DIAGNOSTIC,    36, -4.933623216262e-01, 3.986164048052e-05, 3.7053e+00, 4.9588e-02, 
 2DIAGNOSTIC,    37, -4.933333580695e-01, 4.100274863774e-05, 3.7441e+00, 3.8845e-02, 
 2DIAGNOSTIC,    38, -4.933336376412e-01, 3.980476413813e-05, 3.7827e+00, 3.8610e-02, 
 2DIAGNOSTIC,    39, -4.933236792330e-01, 3.584028749032e-05, 3.8176e+00, 3.4871e-02, 
 2DIAGNOSTIC,    40, -4.933228191193e-01, 2.907631574718e-05, 3.8550e+00, 3.7406e-02, 
 2DIAGNOSTIC,    41, -4.933430227980e-01, 2.079281122960e-05, 3.8914e+00, 3.6371e-02, 
 2DIAGNOSTIC,    42, -4.933480573045e-01, 1.401478401154e-05, 3.9244e+00, 3.3055e-02, 
 2DIAGNOSTIC,    43, -4.933555770888e-01, 7.839633569585e-06, 3.9559e+00, 3.1490e-02, 
 2DIAGNOSTIC,    44, -4.933655102217e-01, 3.075506910984e-06, 3.9932e+00, 3.7215e-02, 
 2DIAGNOSTIC,    45, -4.933625859095e-01, 1.482339690537e-06, 4.0345e+00, 4.1357e-02, 
 2DIAGNOSTIC,    46, -4.933458072860e-01, 1.765225918340e-06, 4.0723e+00, 3.7789e-02, 
 2DIAGNOSTIC,    47, -4.933507403156e-01, 1.637987245937e-06, 4.1138e+00, 4.1483e-02, 
 2DIAGNOSTIC,    48, -4.933820550467e-01, 1.811363105328e-06, 4.1546e+00, 4.0867e-02, 
 2DIAGNOSTIC,    49, -4.934901393690e-01, 3.030443919222e-06, 4.2103e+00, 5.5608e-02, 
 2DIAGNOSTIC,    50, -4.934879566521e-01, 3.902574491958e-06, 4.3171e+00, 1.0684e-01, 
 2DIAGNOSTIC,    51, -4.934879565511e-01, 4.685672580319e-06, 4.3481e+00, 3.1009e-02, 
 2DIAGNOSTIC,    52, -4.934879566103e-01, 5.122618542477e-06, 4.3811e+00, 3.3010e-02, 
 2DIAGNOSTIC,    53, -4.934879567105e-01, 5.176522685609e-06, 4.4147e+00, 3.3598e-02, 
 2DIAGNOSTIC,    54, -4.934879568799e-01, 4.876350512006e-06, 4.4464e+00, 3.1658e-02, 
 2DIAGNOSTIC,    55, -4.934879571664e-01, 4.152684709068e-06, 4.4784e+00, 3.2067e-02, 
 2DIAGNOSTIC,    56, -4.934879576507e-01, 2.958625449946e-06, 4.5129e+00, 3.4489e-02, 
 2DIAGNOSTIC,    57, -4.934879584696e-01, 1.632604566947e-06, 4.5518e+00, 3.8887e-02, 
DIAGNOSTIC,Iteration,metricValue,convergenceValue,ITERATION_TIME_INDEX,SINCE_LAST
 2DIAGNOSTIC,     1, -4.340593571207e-01, 1.797693134862e+308, 5.7493e+00, 1.1975e+00, 
 2DIAGNOSTIC,     2, -4.342536313399e-01, 1.797693134862e+308, 5.9904e+00, 2.4106e-01, 
 2DIAGNOSTIC,     3, -4.343713034627e-01, 1.797693134862e+308, 6.2324e+00, 2.4202e-01, 
 2DIAGNOSTIC,     4, -4.344760024281e-01, 1.797693134862e+308, 6.4953e+00, 2.6288e-01, 
 2DIAGNOSTIC,     5, -4.345552858459e-01, 1.797693134862e+308, 6.7756e+00, 2.8031e-01, 
 2DIAGNOSTIC,     6, -4.347254012495e-01, 1.797693134862e+308, 7.2463e+00, 4.7072e-01, 
 2DIAGNOSTIC,     7, -4.347447236299e-01, 1.797693134862e+308, 7.5346e+00, 2.8833e-01, 
 2DIAGNOSTIC,     8, -4.347620475527e-01, 1.797693134862e+308, 7.8509e+00, 3.1628e-01, 
 2DIAGNOSTIC,     9, -4.347869780282e-01, 1.797693134862e+308, 8.1216e+00, 2.7074e-01, 
 2DIAGNOSTIC,    10, -4.348501799053e-01, 1.133617516448e-04, 8.4758e+00, 3.5414e-01, 
 2DIAGNOSTIC,    11, -4.349137869743e-01, 8.591992670405e-05, 8.9053e+00, 4.2956e-01, 
 2DIAGNOSTIC,    12, -4.349141426225e-01, 6.608074532723e-05, 9.2850e+00, 3.7965e-01, 
 2DIAGNOSTIC,    13, -4.349209594350e-01, 4.993403698615e-05, 9.5528e+00, 2.6781e-01, 
 2DIAGNOSTIC,    14, -4.349207045659e-01, 3.667061148618e-05, 9.8381e+00, 2.8529e-01, 
 2DIAGNOSTIC,    15, -4.349220640880e-01, 2.530461913228e-05, 1.0124e+01, 2.8566e-01, 
 2DIAGNOSTIC,    16, -4.349231957149e-01, 2.018379724762e-05, 1.0565e+01, 4.4100e-01, 
 2DIAGNOSTIC,    17, -4.349232988142e-01, 1.475873709890e-05, 1.0852e+01, 2.8698e-01, 
 2DIAGNOSTIC,    18, -4.349218451852e-01, 9.359123039780e-06, 1.1142e+01, 2.9055e-01, 
 2DIAGNOSTIC,    19, -4.349212279653e-01, 4.626717867967e-06, 1.1435e+01, 2.9258e-01, 
 2DIAGNOSTIC,    20, -4.349206398764e-01, 2.083497697820e-06, 1.1768e+01, 3.3337e-01, 
 2DIAGNOSTIC,    21, -4.349199438055e-01, 1.696061888552e-06, 1.2067e+01, 2.9910e-01, 
 2DIAGNOSTIC,    22, -4.349185235360e-01, 1.290181020040e-06, 1.2355e+01, 2.8792e-01, 
 2DIAGNOSTIC,    23, -4.349187428166e-01, 1.136803342544e-06, 1.2657e+01, 3.0146e-01, 
 2DIAGNOSTIC,    24, -4.349190403495e-01, 1.019404135508e-06, 1.2942e+01, 2.8506e-01, 
DIAGNOSTIC,Iteration,metricValue,convergenceValue,ITERATION_TIME_INDEX,SINCE_LAST
 2DIAGNOSTIC,     1, -4.013681111527e-01, 1.797693134862e+308, 1.5449e+01, 2.5071e+00, 
 2DIAGNOSTIC,     2, -4.015345699714e-01, 1.797693134862e+308, 1.7058e+01, 1.6087e+00, 
 2DIAGNOSTIC,     3, -4.016073167606e-01, 1.797693134862e+308, 1.8413e+01, 1.3555e+00, 
 2DIAGNOSTIC,     4, -4.016137879087e-01, 1.797693134862e+308, 1.9789e+01, 1.3762e+00, 
 2DIAGNOSTIC,     5, -4.016392059107e-01, 1.797693134862e+308, 2.1452e+01, 1.6628e+00, 
 2DIAGNOSTIC,     6, -4.016545532045e-01, 1.797693134862e+308, 2.2878e+01, 1.4255e+00, 
 2DIAGNOSTIC,     7, -4.017028170383e-01, 1.797693134862e+308, 2.4277e+01, 1.3991e+00, 
 2DIAGNOSTIC,     8, -4.017559256606e-01, 1.797693134862e+308, 2.6120e+01, 1.8435e+00, 
 2DIAGNOSTIC,     9, -4.017889125776e-01, 1.797693134862e+308, 2.7857e+01, 1.7371e+00, 
 2DIAGNOSTIC,    10, -4.018254549203e-01, 6.176899096681e-05, 2.9398e+01, 1.5403e+00, 
 2DIAGNOSTIC,    11, -4.018542791999e-01, 4.764282873353e-05, 3.0775e+01, 1.3771e+00, 
 2DIAGNOSTIC,    12, -4.019596077737e-01, 4.773553701513e-05, 3.2740e+01, 1.9654e+00, 
 2DIAGNOSTIC,    13, -4.019701536092e-01, 4.811865624005e-05, 3.4077e+01, 1.3372e+00, 
 2DIAGNOSTIC,    14, -4.019733233752e-01, 4.482591386198e-05, 3.5431e+01, 1.3534e+00, 
 2DIAGNOSTIC,    15, -4.019859017304e-01, 3.996987778358e-05, 3.7091e+01, 1.6600e+00, 
 2DIAGNOSTIC,    16, -4.019880562987e-01, 3.296354051358e-05, 3.8627e+01, 1.5364e+00, 
 2DIAGNOSTIC,    17, -4.019885844796e-01, 2.586452254915e-05, 4.0254e+01, 1.6266e+00, 
 2DIAGNOSTIC,    18, -4.019925770682e-01, 1.956631332105e-05, 4.1920e+01, 1.6662e+00, 
 2DIAGNOSTIC,    19, -4.019929185691e-01, 1.355284048429e-05, 4.5461e+01, 3.5414e+00, 
 2DIAGNOSTIC,    20, -4.019930049360e-01, 8.347910701763e-06, 5.0481e+01, 5.0196e+00, 
 2DIAGNOSTIC,    21, -4.019930049360e-01, 3.883966607041e-06, 5.2821e+01, 2.3403e+00, 
 2DIAGNOSTIC,    22, -4.019930049360e-01, 2.988442309920e-06, 5.4544e+01, 1.7223e+00, 
 2DIAGNOSTIC,    23, -4.019930049360e-01, 2.351677602423e-06, 5.6108e+01, 1.5645e+00, 
 2DIAGNOSTIC,    24, -4.019930049360e-01, 1.760428569128e-06, 5.7886e+01, 1.7780e+00, 
 2DIAGNOSTIC,    25, -4.019930049360e-01, 1.531740212113e-06, 5.9409e+01, 1.5224e+00, 
 2DIAGNOSTIC,    26, -4.019930049360e-01, 1.355950271613e-06, 6.1101e+01, 1.6918e+00, 
 2DIAGNOSTIC,    27, -4.019930049360e-01, 1.191727691106e-06, 6.2833e+01, 1.7321e+00, 
 2DIAGNOSTIC,    28, -4.019930049360e-01, 1.138620808180e-06, 6.4565e+01, 1.7327e+00, 
 2DIAGNOSTIC,    29, -4.019930049360e-01, 1.097239413619e-06, 6.6320e+01, 1.7547e+00, 
 2DIAGNOSTIC,    30, -4.019930049360e-01, 1.060653630106e-06, 6.8241e+01, 1.9208e+00, 
 2DIAGNOSTIC,    31, -4.019930049360e-01, 1.026428914863e-06, 6.9892e+01, 1.6510e+00, 
  Elapsed time (stage 0): 7.0707e+01


Total elapsed time: 7.0720e+01
Info [verificarlo]: loaded backend libinterflop_ieee.so
Info [interflop-ieee]: load backend with:
Info [interflop-ieee]: debug = false
Info [interflop-ieee]: debug-binary = false
Info [interflop-ieee]: no-backend-name = false
Info [interflop-ieee]: print-new-line = false
Info [interflop-ieee]: print-subnormal-normalized = false
Info [interflop-ieee]: count-op = false
All_Command_lines_OK
Using double precision for computations.
=============================================================================
The composite transform comprises the following transforms (in order): 
  1. /home/mdugre/scratch/mri-registration-rp/datasets/ds004513/derivatives/mri-registration-rp/0001/antsRegistration-r8-p21/sub-s037/rigid_Composite.h5[0] (type = Euler3DTransform)
  2. /home/mdugre/scratch/mri-registration-rp/datasets/ds004513/derivatives/mri-registration-rp/0001/antsRegistration-r8-p21/sub-s037/rigid_Composite.h5[1] (type = Euler3DTransform)
  3. /home/mdugre/scratch/mri-registration-rp/datasets/ds004513/derivatives/mri-registration-rp/0001/antsRegistration-r8-p21/sub-s037/rigid_Composite.h5[2] (type = Euler3DTransform)
=============================================================================
  number of levels = 4
  fixed image: /templateflow/tpl-MNI152NLin2009cAsym/tpl-MNI152NLin2009cAsym_res-01_desc-brain_T1w.nii.gz
  moving image: /home/mdugre/scratch/mri-registration-rp/datasets/ds004513/derivatives/mri-registration-rp/antsBrainExtraction/sub-s037/BrainExtractionBrain.nii.gz
Dimension = 3
Number of stages = 1
Use histogram matching = false
Winsorize image intensities = true
  Lower quantile = 0.005
  Upper quantile = 0.995


Stage 1 State
   Image metric = MattesMI
     Fixed image = Image (0x42ea7e0)
  RTTI typeinfo:   itk::Image<double, 3u>
  Reference Count: 2
  Modified Time: 1592
  Debug: Off
  Object Name: 
  Observers: 
    none
  Source: (none)
  Source output name: (none)
  Release Data: Off
  Data Released: False
  Global Release Data: Off
  PipelineMTime: 0
  UpdateMTime: 1203
  RealTimeStamp: 0 seconds 
  LargestPossibleRegion: 
    Dimension: 3
    Index: [0, 0, 0]
    Size: [193, 229, 193]
  BufferedRegion: 
    Dimension: 3
    Index: [0, 0, 0]
    Size: [193, 229, 193]
  RequestedRegion: 
    Dimension: 3
    Index: [0, 0, 0]
    Size: [193, 229, 193]
  Spacing: [1, 1, 1]
  Origin: [96, 132, -78]
  Direction: 
-1 0 0
0 -1 0
0 0 1

  IndexToPointMatrix: 
-1 0 0
0 -1 0
0 0 1

  PointToIndexMatrix: 
-1 0 0
0 -1 0
0 0 1

  Inverse Direction: 
-1 0 0
0 -1 0
0 0 1

  PixelContainer: 
    ImportImageContainer (0x43aaa20)
      RTTI typeinfo:   itk::ImportImageContainer<unsigned long, double>
      Reference Count: 1
      Modified Time: 1200
      Debug: Off
      Object Name: 
      Observers: 
        none
      Pointer: 0x147a1a843010
      Container manages memory: true
      Size: 8530021
      Capacity: 8530021

     Moving image = Image (0x43a5d70)
  RTTI typeinfo:   itk::Image<double, 3u>
  Reference Count: 2
  Modified Time: 1593
  Debug: Off
  Object Name: 
  Observers: 
    none
  Source: (none)
  Source output name: (none)
  Release Data: Off
  Data Released: False
  Global Release Data: Off
  PipelineMTime: 0
  UpdateMTime: 1590
  RealTimeStamp: 0 seconds 
  LargestPossibleRegion: 
    Dimension: 3
    Index: [0, 0, 0]
    Size: [160, 240, 256]
  BufferedRegion: 
    Dimension: 3
    Index: [0, 0, 0]
    Size: [160, 240, 256]
  RequestedRegion: 
    Dimension: 3
    Index: [0, 0, 0]
    Size: [160, 240, 256]
  Spacing: [1, 1, 1]
  Origin: [87.9508, 102.562, -147.639]
  Direction: 
-0.998659 -0.0436121 -0.0279129
0.043595 -0.999049 0.00121847
-0.0279395 -2.65543e-08 0.99961

  IndexToPointMatrix: 
-0.998659 -0.0436121 -0.0279129
0.043595 -0.999049 0.00121847
-0.0279395 -2.65543e-08 0.99961

  PointToIndexMatrix: 
-0.998659 0.043595 -0.0279395
-0.0436121 -0.999049 -2.65517e-08
-0.0279129 0.00121847 0.99961

  Inverse Direction: 
-0.998659 0.043595 -0.0279395
-0.0436121 -0.999049 -2.65517e-08
-0.0279129 0.00121847 0.99961

  PixelContainer: 
    ImportImageContainer (0x435dc90)
      RTTI typeinfo:   itk::ImportImageContainer<unsigned long, double>
      Reference Count: 1
      Modified Time: 1587
      Debug: Off
      Object Name: 
      Observers: 
        none
      Pointer: 0x147a15d42010
      Container manages memory: true
      Size: 9830400
      Capacity: 9830400

     Weighting = 1
     Sampling strategy = regular
     Number of bins = 32
     Radius = 4
     Sampling percentage  = 0.25
   Transform = Affine
     Gradient step = 0.1
     Update field sigma (voxel space) = 0
     Total field sigma (voxel space) = 0
     Update field time sigma = 0
     Total field time sigma  = 0
     Number of time indices = 0
     Number of time point samples = 0
Registration using 1 total stages.

Stage 0
  iterations = 1000x500x250x100
  convergence threshold = 1e-06
  convergence window size = 10
  number of levels = 4
  using the Mattes MI metric (number of bins = 32, weight = 1, use gradient filter = 0)
  preprocessing:  winsorizing the image intensities
  Shrink factors (level 1 out of 4): [8, 8, 8]
  Shrink factors (level 2 out of 4): [4, 4, 4]
  Shrink factors (level 3 out of 4): [2, 2, 2]
  Shrink factors (level 4 out of 4): [1, 1, 1]
  smoothing sigmas per level: [3, 2, 1, 0]
  regular sampling (percentage = 0.25)

*** Running AffineTransform registration ***

DIAGNOSTIC,Iteration,metricValue,convergenceValue,ITERATION_TIME_INDEX,SINCE_LAST
 2DIAGNOSTIC,     1, -5.849405337761e-01, 1.797693134862e+308, 8.2958e-01, 8.2958e-01, 
 2DIAGNOSTIC,     2, -5.866820510182e-01, 1.797693134862e+308, 8.3549e-01, 5.9061e-03, 
 2DIAGNOSTIC,     3, -5.893996580878e-01, 1.797693134862e+308, 8.4132e-01, 5.8250e-03, 
 2DIAGNOSTIC,     4, -5.945847160432e-01, 1.797693134862e+308, 8.4678e-01, 5.4691e-03, 
 2DIAGNOSTIC,     5, -6.048039987315e-01, 1.797693134862e+308, 8.5284e-01, 6.0532e-03, 
 2DIAGNOSTIC,     6, -6.163239592450e-01, 1.797693134862e+308, 8.5867e-01, 5.8370e-03, 
 2DIAGNOSTIC,     7, -6.366371726104e-01, 1.797693134862e+308, 8.6627e-01, 7.5979e-03, 
 2DIAGNOSTIC,     8, -6.795458528755e-01, 1.797693134862e+308, 8.7345e-01, 7.1809e-03, 
 2DIAGNOSTIC,     9, -6.964111736707e-01, 1.797693134862e+308, 8.8376e-01, 1.0307e-02, 
 2DIAGNOSTIC,    10, -6.991503055224e-01, 1.333129998618e-02, 8.9088e-01, 7.1201e-03, 
 2DIAGNOSTIC,    11, -7.030882656610e-01, 1.309350274288e-02, 8.9695e-01, 6.0711e-03, 
 2DIAGNOSTIC,    12, -7.094844658393e-01, 1.201887447382e-02, 9.0293e-01, 5.9750e-03, 
 2DIAGNOSTIC,    13, -7.164474526479e-01, 1.034114839177e-02, 9.0988e-01, 6.9509e-03, 
 2DIAGNOSTIC,    14, -7.215795375108e-01, 8.300552694489e-03, 9.2199e-01, 1.2116e-02, 
 2DIAGNOSTIC,    15, -7.214758988097e-01, 6.113266706497e-03, 9.2819e-01, 6.1932e-03, 
 2DIAGNOSTIC,    16, -7.216080869365e-01, 3.987865206370e-03, 9.3563e-01, 7.4439e-03, 
 2DIAGNOSTIC,    17, -7.211782020343e-01, 2.242390551747e-03, 9.4226e-01, 6.6271e-03, 
 2DIAGNOSTIC,    18, -7.211228315354e-01, 1.500526935286e-03, 9.4823e-01, 5.9750e-03, 
 2DIAGNOSTIC,    19, -7.210962300010e-01, 1.078896698020e-03, 9.5479e-01, 6.5620e-03, 
 2DIAGNOSTIC,    20, -7.210564579250e-01, 6.607908926037e-04, 9.6188e-01, 7.0848e-03, 
 2DIAGNOSTIC,    21, -7.210943743082e-01, 3.033139703095e-04, 9.6779e-01, 5.9068e-03, 
 2DIAGNOSTIC,    22, -7.210541203158e-01, 7.093443999837e-05, 9.7447e-01, 6.6881e-03, 
DIAGNOSTIC,Iteration,metricValue,convergenceValue,ITERATION_TIME_INDEX,SINCE_LAST
 2DIAGNOSTIC,     1, -5.940160459035e-01, 1.797693134862e+308, 1.8535e+00, 8.7902e-01, 
 2DIAGNOSTIC,     2, -5.947159763086e-01, 1.797693134862e+308, 1.8970e+00, 4.3550e-02, 
 2DIAGNOSTIC,     3, -5.955293456887e-01, 1.797693134862e+308, 1.9479e+00, 5.0884e-02, 
 2DIAGNOSTIC,     4, -5.965710517265e-01, 1.797693134862e+308, 1.9928e+00, 4.4922e-02, 
 2DIAGNOSTIC,     5, -5.976821507614e-01, 1.797693134862e+308, 2.0419e+00, 4.9091e-02, 
 2DIAGNOSTIC,     6, -5.983122695384e-01, 1.797693134862e+308, 2.0856e+00, 4.3635e-02, 
 2DIAGNOSTIC,     7, -5.988698494857e-01, 1.797693134862e+308, 2.1367e+00, 5.1101e-02, 
 2DIAGNOSTIC,     8, -5.993993194530e-01, 1.797693134862e+308, 2.1869e+00, 5.0235e-02, 
 2DIAGNOSTIC,     9, -5.998208171205e-01, 1.797693134862e+308, 2.2324e+00, 4.5499e-02, 
 2DIAGNOSTIC,    10, -6.003603629688e-01, 7.023008509240e-04, 2.2971e+00, 6.4694e-02, 
 2DIAGNOSTIC,    11, -6.005108715432e-01, 5.730092481449e-04, 2.3688e+00, 7.1715e-02, 
 2DIAGNOSTIC,    12, -6.005992878032e-01, 4.455783088449e-04, 2.4253e+00, 5.6459e-02, 
 2DIAGNOSTIC,    13, -6.005753964274e-01, 3.263117646427e-04, 2.4729e+00, 4.7602e-02, 
 2DIAGNOSTIC,    14, -6.005652686046e-01, 2.289852844569e-04, 2.5357e+00, 6.2851e-02, 
 2DIAGNOSTIC,    15, -6.005630595933e-01, 1.586944540935e-04, 2.5802e+00, 4.4472e-02, 
 2DIAGNOSTIC,    16, -6.005525023102e-01, 1.010069317758e-04, 2.6232e+00, 4.2954e-02, 
 2DIAGNOSTIC,    17, -6.005566083850e-01, 5.660721351142e-05, 2.6703e+00, 4.7132e-02, 
 2DIAGNOSTIC,    18, -6.005556431462e-01, 2.594656103749e-05, 2.7177e+00, 4.7392e-02, 
 2DIAGNOSTIC,    19, -6.005280872130e-01, 5.819609191403e-06, 2.7705e+00, 5.2821e-02, 
DIAGNOSTIC,Iteration,metricValue,convergenceValue,ITERATION_TIME_INDEX,SINCE_LAST
 2DIAGNOSTIC,     1, -5.251999995306e-01, 1.797693134862e+308, 4.0203e+00, 1.2498e+00, 
 2DIAGNOSTIC,     2, -5.254639170823e-01, 1.797693134862e+308, 4.3359e+00, 3.1559e-01, 
 2DIAGNOSTIC,     3, -5.257767508442e-01, 1.797693134862e+308, 4.6574e+00, 3.2156e-01, 
 2DIAGNOSTIC,     4, -5.261722897452e-01, 1.797693134862e+308, 5.0131e+00, 3.5565e-01, 
 2DIAGNOSTIC,     5, -5.266132785825e-01, 1.797693134862e+308, 5.3319e+00, 3.1883e-01, 
 2DIAGNOSTIC,     6, -5.271409543296e-01, 1.797693134862e+308, 5.7199e+00, 3.8796e-01, 
 2DIAGNOSTIC,     7, -5.272565595609e-01, 1.797693134862e+308, 6.1487e+00, 4.2879e-01, 
 2DIAGNOSTIC,     8, -5.273622344318e-01, 1.797693134862e+308, 6.4933e+00, 3.4462e-01, 
 2DIAGNOSTIC,     9, -5.274667249152e-01, 1.797693134862e+308, 6.8570e+00, 3.6374e-01, 
 2DIAGNOSTIC,    10, -5.276590528459e-01, 3.224273913020e-04, 7.2536e+00, 3.9654e-01, 
 2DIAGNOSTIC,    11, -5.277301365624e-01, 2.573932060663e-04, 7.5759e+00, 3.2232e-01, 
 2DIAGNOSTIC,    12, -5.277588095932e-01, 1.935843261612e-04, 7.8897e+00, 3.1375e-01, 
 2DIAGNOSTIC,    13, -5.278158202099e-01, 1.378474862500e-04, 8.2929e+00, 4.0326e-01, 
 2DIAGNOSTIC,    14, -5.278509660631e-01, 9.409622563403e-05, 8.6256e+00, 3.3273e-01, 
 2DIAGNOSTIC,    15, -5.278640613052e-01, 6.356448397597e-05, 9.0098e+00, 3.8418e-01, 
 2DIAGNOSTIC,    16, -5.278684658814e-01, 4.910681582165e-05, 9.3937e+00, 3.8384e-01, 
 2DIAGNOSTIC,    17, -5.278793237017e-01, 3.605817965333e-05, 9.7573e+00, 3.6359e-01, 
 2DIAGNOSTIC,    18, -5.278979975898e-01, 2.500524215261e-05, 1.0086e+01, 3.2914e-01, 
 2DIAGNOSTIC,    19, -5.278950414862e-01, 1.569260532359e-05, 1.0497e+01, 4.1018e-01, 
 2DIAGNOSTIC,    20, -5.279408595559e-01, 1.241133524551e-05, 1.0870e+01, 3.7295e-01, 
 2DIAGNOSTIC,    21, -5.279400155709e-01, 1.021839799315e-05, 1.1263e+01, 3.9309e-01, 
 2DIAGNOSTIC,    22, -5.279403241490e-01, 8.104551855237e-06, 1.1619e+01, 3.5635e-01, 
 2DIAGNOSTIC,    23, -5.279366715477e-01, 6.793039651176e-06, 1.2038e+01, 4.1918e-01, 
 2DIAGNOSTIC,    24, -5.279368150018e-01, 5.870961436283e-06, 1.2387e+01, 3.4858e-01, 
 2DIAGNOSTIC,    25, -5.279349719694e-01, 4.827999946798e-06, 1.2692e+01, 3.0571e-01, 
 2DIAGNOSTIC,    26, -5.279321908591e-01, 3.558534291868e-06, 1.3036e+01, 3.4370e-01, 
 2DIAGNOSTIC,    27, -5.279323908724e-01, 2.389011817032e-06, 1.3385e+01, 3.4848e-01, 
 2DIAGNOSTIC,    28, -5.279315253515e-01, 1.543548442277e-06, 1.3751e+01, 3.6676e-01, 
DIAGNOSTIC,Iteration,metricValue,convergenceValue,ITERATION_TIME_INDEX,SINCE_LAST
 2DIAGNOSTIC,     1, -4.828674923545e-01, 1.797693134862e+308, 1.6827e+01, 3.0755e+00, 
 2DIAGNOSTIC,     2, -4.831189543239e-01, 1.797693134862e+308, 1.8681e+01, 1.8540e+00, 
 2DIAGNOSTIC,     3, -4.834275839891e-01, 1.797693134862e+308, 2.0650e+01, 1.9693e+00, 
 2DIAGNOSTIC,     4, -4.838274378604e-01, 1.797693134862e+308, 2.2616e+01, 1.9662e+00, 
 2DIAGNOSTIC,     5, -4.848067069377e-01, 1.797693134862e+308, 2.5257e+01, 2.6401e+00, 
 2DIAGNOSTIC,     6, -4.850873354834e-01, 1.797693134862e+308, 2.9512e+01, 4.2555e+00, 
 2DIAGNOSTIC,     7, -4.850873427134e-01, 1.797693134862e+308, 3.1360e+01, 1.8482e+00, 
 2DIAGNOSTIC,     8, -4.850873810540e-01, 1.797693134862e+308, 3.3871e+01, 2.5109e+00, 
 2DIAGNOSTIC,     9, -4.850875247964e-01, 1.797693134862e+308, 3.6129e+01, 2.2580e+00, 
 2DIAGNOSTIC,    10, -4.850873638151e-01, 3.399705932614e-04, 3.8065e+01, 1.9359e+00, 
 2DIAGNOSTIC,    11, -4.850874321354e-01, 2.394057623332e-04, 4.0139e+01, 2.0734e+00, 
 2DIAGNOSTIC,    12, -4.850872410784e-01, 1.472350318726e-04, 4.2018e+01, 1.8799e+00, 
 2DIAGNOSTIC,    13, -4.850872734889e-01, 7.035734828562e-05, 4.3732e+01, 1.7136e+00, 
 2DIAGNOSTIC,    14, -4.850870007997e-01, 1.401222307691e-05, 4.5714e+01, 1.9820e+00, 
 2DIAGNOSTIC,    15, -4.850870663269e-01, 2.092926537758e-06, 4.7388e+01, 1.6735e+00, 
 2DIAGNOSTIC,    16, -4.850867406636e-01, 1.941679622211e-06, 4.9077e+01, 1.6898e+00, 
 2DIAGNOSTIC,    17, -4.850870374625e-01, 1.823403390271e-06, 5.1103e+01, 2.0257e+00, 
 2DIAGNOSTIC,    18, -4.850870030910e-01, 1.722485400792e-06, 5.3215e+01, 2.1121e+00, 
 2DIAGNOSTIC,    19, -4.850869278570e-01, 1.638776004349e-06, 5.5387e+01, 2.1717e+00, 
