
##########################
# Experiment information #
##########################

EXPERIMENT_NAME: antsRegistration-r8-p13
VFC_BACKENDS: libinterflop_vprec.so --range-binary32=8 --precision-binary32=13 --range-binary64=8 --precision-binary64=13

SIF_IMG: /home/mdugre/projects/rrg-glatard/mdugre/containers/ants-vprec-no_metrics.simg

SUBJECT_ID: s025
INPUT_IMG: /home/mdugre/scratch/mri-registration-rp/datasets/ds004513/derivatives/mri-registration-rp/antsBrainExtraction/sub-s025/BrainExtractionBrain.nii.gz
OUTPUT_DIR: /home/mdugre/scratch/mri-registration-rp/datasets/ds004513/derivatives/mri-registration-rp/0001/antsRegistration-r8-p13/sub-s025

FIXED_IMG: /templateflow/tpl-MNI152NLin2009cAsym/tpl-MNI152NLin2009cAsym_res-01_desc-brain_T1w.nii.gz
DATA_DIR: /home/mdugre/scratch/mri-registration-rp/datasets/ds004513
TEMPLATEFLOW_DIR: /home/mdugre/projects/rrg-glatard/mdugre/templateflow
ITK_GLOBAL_DEFAULT_NUMBER_OF_THREADS: 16
##########################

Info [verificarlo]: loaded backend libinterflop_ieee.so
Info [interflop-ieee]: load backend with:
Info [interflop-ieee]: debug = false
Info [interflop-ieee]: debug-binary = false
Info [interflop-ieee]: no-backend-name = false
Info [interflop-ieee]: print-new-line = false
Info [interflop-ieee]: print-subnormal-normalized = false
Info [interflop-ieee]: count-op = false
All_Command_lines_OK
Using double precision for computations.
=============================================================================
The composite transform comprises the following transforms (in order): 
  1. Center of mass alignment using fixed image: /templateflow/tpl-MNI152NLin2009cAsym/tpl-MNI152NLin2009cAsym_res-01_desc-brain_T1w.nii.gz and moving image: /home/mdugre/scratch/mri-registration-rp/datasets/ds004513/derivatives/mri-registration-rp/antsBrainExtraction/sub-s025/BrainExtractionBrain.nii.gz (type = Euler3DTransform)
=============================================================================
  number of levels = 1
  fixed image: /templateflow/tpl-MNI152NLin2009cAsym/tpl-MNI152NLin2009cAsym_res-01_desc-brain_T1w.nii.gz
  moving image: /home/mdugre/scratch/mri-registration-rp/datasets/ds004513/derivatives/mri-registration-rp/antsBrainExtraction/sub-s025/BrainExtractionBrain.nii.gz
Dimension = 3
Number of stages = 1
Use histogram matching = false
Winsorize image intensities = true
  Lower quantile = 0.005
  Upper quantile = 0.995


Stage 1 State
   Image metric = MattesMI
     Fixed image = Image (0x4400e70)
  RTTI typeinfo:   itk::Image<double, 3u>
  Reference Count: 2
  Modified Time: 2334
  Debug: Off
  Object Name: 
  Observers: 
    none
  Source: (none)
  Source output name: (none)
  Release Data: Off
  Data Released: False
  Global Release Data: Off
  PipelineMTime: 0
  UpdateMTime: 1943
  RealTimeStamp: 0 seconds 
  LargestPossibleRegion: 
    Dimension: 3
    Index: [0, 0, 0]
    Size: [193, 229, 193]
  BufferedRegion: 
    Dimension: 3
    Index: [0, 0, 0]
    Size: [193, 229, 193]
  RequestedRegion: 
    Dimension: 3
    Index: [0, 0, 0]
    Size: [193, 229, 193]
  Spacing: [1, 1, 1]
  Origin: [96, 132, -78]
  Direction: 
-1 0 0
0 -1 0
0 0 1

  IndexToPointMatrix: 
-1 0 0
0 -1 0
0 0 1

  PointToIndexMatrix: 
-1 0 0
0 -1 0
0 0 1

  Inverse Direction: 
-1 0 0
0 -1 0
0 0 1

  PixelContainer: 
    ImportImageContainer (0x4409c60)
      RTTI typeinfo:   itk::ImportImageContainer<unsigned long, double>
      Reference Count: 1
      Modified Time: 1940
      Debug: Off
      Object Name: 
      Observers: 
        none
      Pointer: 0x1546e0785010
      Container manages memory: true
      Size: 8530021
      Capacity: 8530021

     Moving image = Image (0x440c610)
  RTTI typeinfo:   itk::Image<double, 3u>
  Reference Count: 2
  Modified Time: 2335
  Debug: Off
  Object Name: 
  Observers: 
    none
  Source: (none)
  Source output name: (none)
  Release Data: Off
  Data Released: False
  Global Release Data: Off
  PipelineMTime: 0
  UpdateMTime: 2332
  RealTimeStamp: 0 seconds 
  LargestPossibleRegion: 
    Dimension: 3
    Index: [0, 0, 0]
    Size: [176, 240, 256]
  BufferedRegion: 
    Dimension: 3
    Index: [0, 0, 0]
    Size: [176, 240, 256]
  RequestedRegion: 
    Dimension: 3
    Index: [0, 0, 0]
    Size: [176, 240, 256]
  Spacing: [0.999999, 1, 1]
  Origin: [90.3778, 84.5091, -154.071]
  Direction: 
-0.999391 7.48184e-06 -0.0348969
-7.47664e-06 -1 -2.7953e-07
-0.0348969 -1.84481e-08 0.999391

  IndexToPointMatrix: 
-0.99939 7.48184e-06 -0.0348969
-7.47663e-06 -1 -2.7953e-07
-0.0348968 -1.84481e-08 0.999391

  PointToIndexMatrix: 
-0.999392 -7.47665e-06 -0.0348969
7.48184e-06 -1 -1.84481e-08
-0.0348969 -2.7953e-07 0.999391

  Inverse Direction: 
-0.999391 -7.47664e-06 -0.0348969
7.48184e-06 -1 -1.84481e-08
-0.0348969 -2.7953e-07 0.999391

  PixelContainer: 
    ImportImageContainer (0x44a5ef0)
      RTTI typeinfo:   itk::ImportImageContainer<unsigned long, double>
      Reference Count: 1
      Modified Time: 2329
      Debug: Off
      Object Name: 
      Observers: 
        none
      Pointer: 0x1546db504010
      Container manages memory: true
      Size: 10813440
      Capacity: 10813440

     Weighting = 1
     Sampling strategy = regular
     Number of bins = 32
     Radius = 4
     Sampling percentage  = 0.25
   Transform = Rigid
     Gradient step = 0.1
     Update field sigma (voxel space) = 0
     Total field sigma (voxel space) = 0
     Update field time sigma = 0
     Total field time sigma  = 0
     Number of time indices = 0
     Number of time point samples = 0
Registration using 1 total stages.

Stage 0
  iterations = 0
  convergence threshold = 1e-06
  convergence window size = 10
  number of levels = 1
  using the Mattes MI metric (number of bins = 32, weight = 1, use gradient filter = 0)
  preprocessing:  winsorizing the image intensities
  Shrink factors (level 1 out of 1): [1, 1, 1]
  smoothing sigmas per level: [0]
  regular sampling (percentage = 0.25)

*** Running Euler3DTransform registration ***

  Elapsed time (stage 0): 1.11873


Total elapsed time: 1.121
Info [verificarlo]: loaded backend libinterflop_ieee.so
Info [interflop-ieee]: load backend with:
Info [interflop-ieee]: debug = false
Info [interflop-ieee]: debug-binary = false
Info [interflop-ieee]: no-backend-name = false
Info [interflop-ieee]: print-new-line = false
Info [interflop-ieee]: print-subnormal-normalized = false
Info [interflop-ieee]: count-op = false
All_Command_lines_OK
Using double precision for computations.
=============================================================================
The composite transform comprises the following transforms (in order): 
  1. /home/mdugre/scratch/mri-registration-rp/datasets/ds004513/derivatives/mri-registration-rp/0001/antsRegistration-r8-p13/sub-s025/align_Composite.h5[0] (type = Euler3DTransform)
  2. /home/mdugre/scratch/mri-registration-rp/datasets/ds004513/derivatives/mri-registration-rp/0001/antsRegistration-r8-p13/sub-s025/align_Composite.h5[1] (type = Euler3DTransform)
=============================================================================
  number of levels = 4
  fixed image: /templateflow/tpl-MNI152NLin2009cAsym/tpl-MNI152NLin2009cAsym_res-01_desc-brain_T1w.nii.gz
  moving image: /home/mdugre/scratch/mri-registration-rp/datasets/ds004513/derivatives/mri-registration-rp/antsBrainExtraction/sub-s025/BrainExtractionBrain.nii.gz
Dimension = 3
Number of stages = 1
Use histogram matching = false
Winsorize image intensities = true
  Lower quantile = 0.005
  Upper quantile = 0.995


Stage 1 State
   Image metric = MattesMI
     Fixed image = Image (0x3e98530)
  RTTI typeinfo:   itk::Image<double, 3u>
  Reference Count: 2
  Modified Time: 1580
  Debug: Off
  Object Name: 
  Observers: 
    none
  Source: (none)
  Source output name: (none)
  Release Data: Off
  Data Released: False
  Global Release Data: Off
  PipelineMTime: 0
  UpdateMTime: 1189
  RealTimeStamp: 0 seconds 
  LargestPossibleRegion: 
    Dimension: 3
    Index: [0, 0, 0]
    Size: [193, 229, 193]
  BufferedRegion: 
    Dimension: 3
    Index: [0, 0, 0]
    Size: [193, 229, 193]
  RequestedRegion: 
    Dimension: 3
    Index: [0, 0, 0]
    Size: [193, 229, 193]
  Spacing: [1, 1, 1]
  Origin: [96, 132, -78]
  Direction: 
-1 0 0
0 -1 0
0 0 1

  IndexToPointMatrix: 
-1 0 0
0 -1 0
0 0 1

  PointToIndexMatrix: 
-1 0 0
0 -1 0
0 0 1

  Inverse Direction: 
-1 0 0
0 -1 0
0 0 1

  PixelContainer: 
    ImportImageContainer (0x3f56d60)
      RTTI typeinfo:   itk::ImportImageContainer<unsigned long, double>
      Reference Count: 1
      Modified Time: 1186
      Debug: Off
      Object Name: 
      Observers: 
        none
      Pointer: 0x14adc5f10010
      Container manages memory: true
      Size: 8530021
      Capacity: 8530021

     Moving image = Image (0x3f48f60)
  RTTI typeinfo:   itk::Image<double, 3u>
  Reference Count: 2
  Modified Time: 1581
  Debug: Off
  Object Name: 
  Observers: 
    none
  Source: (none)
  Source output name: (none)
  Release Data: Off
  Data Released: False
  Global Release Data: Off
  PipelineMTime: 0
  UpdateMTime: 1578
  RealTimeStamp: 0 seconds 
  LargestPossibleRegion: 
    Dimension: 3
    Index: [0, 0, 0]
    Size: [176, 240, 256]
  BufferedRegion: 
    Dimension: 3
    Index: [0, 0, 0]
    Size: [176, 240, 256]
  RequestedRegion: 
    Dimension: 3
    Index: [0, 0, 0]
    Size: [176, 240, 256]
  Spacing: [0.999999, 1, 1]
  Origin: [90.3778, 84.5091, -154.071]
  Direction: 
-0.999391 7.48184e-06 -0.0348969
-7.47664e-06 -1 -2.7953e-07
-0.0348969 -1.84481e-08 0.999391

  IndexToPointMatrix: 
-0.99939 7.48184e-06 -0.0348969
-7.47663e-06 -1 -2.7953e-07
-0.0348968 -1.84481e-08 0.999391

  PointToIndexMatrix: 
-0.999392 -7.47665e-06 -0.0348969
7.48184e-06 -1 -1.84481e-08
-0.0348969 -2.7953e-07 0.999391

  Inverse Direction: 
-0.999391 -7.47664e-06 -0.0348969
7.48184e-06 -1 -1.84481e-08
-0.0348969 -2.7953e-07 0.999391

  PixelContainer: 
    ImportImageContainer (0x3f3a6d0)
      RTTI typeinfo:   itk::ImportImageContainer<unsigned long, double>
      Reference Count: 1
      Modified Time: 1575
      Debug: Off
      Object Name: 
      Observers: 
        none
      Pointer: 0x14adc0c8f010
      Container manages memory: true
      Size: 10813440
      Capacity: 10813440

     Weighting = 1
     Sampling strategy = regular
     Number of bins = 32
     Radius = 4
     Sampling percentage  = 0.25
   Transform = Rigid
     Gradient step = 0.1
     Update field sigma (voxel space) = 0
     Total field sigma (voxel space) = 0
     Update field time sigma = 0
     Total field time sigma  = 0
     Number of time indices = 0
     Number of time point samples = 0
Registration using 1 total stages.

Stage 0
  iterations = 1000x500x250x100
  convergence threshold = 1e-06
  convergence window size = 10
  number of levels = 4
  using the Mattes MI metric (number of bins = 32, weight = 1, use gradient filter = 0)
  preprocessing:  winsorizing the image intensities
  Shrink factors (level 1 out of 4): [8, 8, 8]
  Shrink factors (level 2 out of 4): [4, 4, 4]
  Shrink factors (level 3 out of 4): [2, 2, 2]
  Shrink factors (level 4 out of 4): [1, 1, 1]
  smoothing sigmas per level: [3, 2, 1, 0]
  regular sampling (percentage = 0.25)

*** Running Euler3DTransform registration ***

DIAGNOSTIC,Iteration,metricValue,convergenceValue,ITERATION_TIME_INDEX,SINCE_LAST
 2DIAGNOSTIC,     1, -5.323241903179e-01, 1.797693134862e+308, 7.5693e-01, 7.5693e-01, 
 2DIAGNOSTIC,     2, -5.346190553927e-01, 1.797693134862e+308, 7.6061e-01, 3.6790e-03, 
 2DIAGNOSTIC,     3, -5.378036555361e-01, 1.797693134862e+308, 7.6431e-01, 3.7019e-03, 
 2DIAGNOSTIC,     4, -5.422949451405e-01, 1.797693134862e+308, 7.6818e-01, 3.8769e-03, 
 2DIAGNOSTIC,     5, -5.486805952477e-01, 1.797693134862e+308, 7.7222e-01, 4.0379e-03, 
 2DIAGNOSTIC,     6, -5.542790085272e-01, 1.797693134862e+308, 7.7571e-01, 3.4900e-03, 
 2DIAGNOSTIC,     7, -5.627123115611e-01, 1.797693134862e+308, 7.7947e-01, 3.7551e-03, 
 2DIAGNOSTIC,     8, -5.766609943856e-01, 1.797693134862e+308, 7.8332e-01, 3.8519e-03, 
 2DIAGNOSTIC,     9, -5.881111419397e-01, 1.797693134862e+308, 7.8696e-01, 3.6430e-03, 
 2DIAGNOSTIC,    10, -6.012927005665e-01, 7.820055967721e-03, 7.9198e-01, 5.0189e-03, 
 2DIAGNOSTIC,    11, -6.192402913588e-01, 8.564422673925e-03, 7.9867e-01, 6.6860e-03, 
 2DIAGNOSTIC,    12, -6.197111897439e-01, 8.513711436479e-03, 8.0228e-01, 3.6130e-03, 
 2DIAGNOSTIC,    13, -6.223136777511e-01, 7.932305190631e-03, 8.0617e-01, 3.8879e-03, 
 2DIAGNOSTIC,    14, -6.239859078535e-01, 6.938967258809e-03, 8.0970e-01, 3.5338e-03, 
 2DIAGNOSTIC,    15, -6.258731029039e-01, 5.722268374552e-03, 8.1328e-01, 3.5760e-03, 
 2DIAGNOSTIC,    16, -6.290042957051e-01, 4.404898010762e-03, 8.1742e-01, 4.1389e-03, 
 2DIAGNOSTIC,    17, -6.327399548212e-01, 3.192249458164e-03, 8.2200e-01, 4.5879e-03, 
 2DIAGNOSTIC,    18, -6.361770329223e-01, 2.298162514791e-03, 8.2706e-01, 5.0550e-03, 
 2DIAGNOSTIC,    19, -6.381920794933e-01, 1.629119691418e-03, 8.3140e-01, 4.3390e-03, 
 2DIAGNOSTIC,    20, -6.414786468739e-01, 1.264281191327e-03, 8.3515e-01, 3.7560e-03, 
 2DIAGNOSTIC,    21, -6.422621311678e-01, 1.244231354893e-03, 8.3917e-01, 4.0181e-03, 
 2DIAGNOSTIC,    22, -6.443386369837e-01, 1.164065699927e-03, 8.4320e-01, 4.0250e-03, 
 2DIAGNOSTIC,    23, -6.458367311125e-01, 1.066297096344e-03, 8.4720e-01, 4.0050e-03, 
 2DIAGNOSTIC,    24, -6.528535017805e-01, 1.047817947290e-03, 8.5195e-01, 4.7500e-03, 
 2DIAGNOSTIC,    25, -6.591704568345e-01, 1.083081273705e-03, 8.5743e-01, 5.4729e-03, 
 2DIAGNOSTIC,    26, -6.605963668978e-01, 1.093549198863e-03, 8.6184e-01, 4.4100e-03, 
 2DIAGNOSTIC,    27, -6.608439802871e-01, 1.070984926233e-03, 8.6576e-01, 3.9201e-03, 
 2DIAGNOSTIC,    28, -6.615671813068e-01, 1.019502606384e-03, 8.6964e-01, 3.8850e-03, 
 2DIAGNOSTIC,    29, -6.628794697170e-01, 9.260608583827e-04, 8.7364e-01, 4.0011e-03, 
 2DIAGNOSTIC,    30, -6.728294352053e-01, 9.537361301186e-04, 8.7912e-01, 5.4741e-03, 
 2DIAGNOSTIC,    31, -6.735477898592e-01, 9.084128815867e-04, 8.8306e-01, 3.9451e-03, 
 2DIAGNOSTIC,    32, -6.743491241222e-01, 8.254097226755e-04, 8.8697e-01, 3.9051e-03, 
 2DIAGNOSTIC,    33, -6.778518125383e-01, 7.396572054782e-04, 8.9114e-01, 4.1721e-03, 
 2DIAGNOSTIC,    34, -6.872953246353e-01, 8.064161976505e-04, 8.9912e-01, 7.9789e-03, 
 2DIAGNOSTIC,    35, -6.877328193518e-01, 8.751679776866e-04, 9.0308e-01, 3.9670e-03, 
 2DIAGNOSTIC,    36, -6.893221072796e-01, 8.964399779384e-04, 9.0699e-01, 3.9020e-03, 
 2DIAGNOSTIC,    37, -6.927393725579e-01, 8.791645256230e-04, 9.1090e-01, 3.9179e-03, 
 2DIAGNOSTIC,    38, -7.010280896359e-01, 8.854112966473e-04, 9.1479e-01, 3.8900e-03, 
 2DIAGNOSTIC,    39, -7.063966979370e-01, 8.771770362721e-04, 9.1873e-01, 3.9341e-03, 
 2DIAGNOSTIC,    40, -7.084261066699e-01, 9.204238854185e-04, 9.2267e-01, 3.9380e-03, 
 2DIAGNOSTIC,    41, -7.161111001775e-01, 9.682427325134e-04, 9.2720e-01, 4.5300e-03, 
 2DIAGNOSTIC,    42, -7.193658453320e-01, 9.624337471079e-04, 9.3266e-01, 5.4691e-03, 
 2DIAGNOSTIC,    43, -7.222673082568e-01, 9.275293231022e-04, 9.3671e-01, 4.0500e-03, 
 2DIAGNOSTIC,    44, -7.286211369225e-01, 9.651725457166e-04, 9.4071e-01, 3.9909e-03, 
 2DIAGNOSTIC,    45, -7.392702657773e-01, 1.016995264756e-03, 9.4466e-01, 3.9570e-03, 
 2DIAGNOSTIC,    46, -7.439673239475e-01, 1.027012957278e-03, 9.4863e-01, 3.9659e-03, 
 2DIAGNOSTIC,    47, -7.512547274445e-01, 1.037019671640e-03, 9.5549e-01, 6.8600e-03, 
 2DIAGNOSTIC,    48, -7.533803211338e-01, 1.041800540693e-03, 9.5930e-01, 3.8099e-03, 
 2DIAGNOSTIC,    49, -7.538713206084e-01, 9.993169666101e-04, 9.6313e-01, 3.8340e-03, 
 2DIAGNOSTIC,    50, -7.556677910719e-01, 8.946063404731e-04, 9.6762e-01, 4.4899e-03, 
 2DIAGNOSTIC,    51, -7.575305158644e-01, 7.892432354006e-04, 9.7144e-01, 3.8130e-03, 
 2DIAGNOSTIC,    52, -7.590688703164e-01, 6.528479474082e-04, 9.7586e-01, 4.4219e-03, 
 2DIAGNOSTIC,    53, -7.593184060322e-01, 4.852757488442e-04, 9.8165e-01, 5.7878e-03, 
 2DIAGNOSTIC,    54, -7.591966887557e-01, 3.270932893716e-04, 9.8552e-01, 3.8738e-03, 
 2DIAGNOSTIC,    55, -7.596725841298e-01, 2.306764026531e-04, 9.8935e-01, 3.8319e-03, 
 2DIAGNOSTIC,    56, -7.603405942452e-01, 1.553054738411e-04, 9.9318e-01, 3.8319e-03, 
 2DIAGNOSTIC,    57, -7.605251258324e-01, 1.234043084177e-04, 9.9744e-01, 4.2560e-03, 
 2DIAGNOSTIC,    58, -7.605112841047e-01, 9.673922852487e-05, 1.0012e+00, 3.8090e-03, 
 2DIAGNOSTIC,    59, -7.607163396235e-01, 6.694403136263e-05, 1.0069e+00, 5.6789e-03, 
 2DIAGNOSTIC,    60, -7.610531768189e-01, 4.663829138466e-05, 1.0109e+00, 4.0040e-03, 
 2DIAGNOSTIC,    61, -7.612334432096e-01, 3.635765994527e-05, 1.0147e+00, 3.7460e-03, 
 2DIAGNOSTIC,    62, -7.613981812889e-01, 3.455804974321e-05, 1.0189e+00, 4.2391e-03, 
 2DIAGNOSTIC,    63, -7.613134451348e-01, 3.080392933300e-05, 1.0237e+00, 4.7860e-03, 
 2DIAGNOSTIC,    64, -7.616867713225e-01, 2.592568541627e-05, 1.0280e+00, 4.2849e-03, 
 2DIAGNOSTIC,    65, -7.615762957942e-01, 2.091702913699e-05, 1.0317e+00, 3.7599e-03, 
 2DIAGNOSTIC,    66, -7.617098751221e-01, 1.919113593215e-05, 1.0360e+00, 4.2880e-03, 
 2DIAGNOSTIC,    67, -7.617166931636e-01, 1.695880835904e-05, 1.0403e+00, 4.2841e-03, 
 2DIAGNOSTIC,    68, -7.622977467617e-01, 1.669376040138e-05, 1.0456e+00, 5.2619e-03, 
 2DIAGNOSTIC,    69, -7.619844687550e-01, 1.408014879414e-05, 1.0579e+00, 1.2283e-02, 
 2DIAGNOSTIC,    70, -7.619844687225e-01, 1.230912327584e-05, 1.0696e+00, 1.1742e-02, 
 2DIAGNOSTIC,    71, -7.619844687225e-01, 1.053367359763e-05, 1.0758e+00, 6.2160e-03, 
 2DIAGNOSTIC,    72, -7.619844687225e-01, 8.777195213694e-06, 1.0796e+00, 3.7460e-03, 
 2DIAGNOSTIC,    73, -7.619844687225e-01, 5.691386200293e-06, 1.0845e+00, 4.9338e-03, 
 2DIAGNOSTIC,    74, -7.619844687225e-01, 4.321934154266e-06, 1.0888e+00, 4.2572e-03, 
 2DIAGNOSTIC,    75, -7.619844687225e-01, 2.053189027849e-06, 1.0930e+00, 4.2281e-03, 
DIAGNOSTIC,Iteration,metricValue,convergenceValue,ITERATION_TIME_INDEX,SINCE_LAST
 2DIAGNOSTIC,     1, -6.046207236441e-01, 1.797693134862e+308, 1.7695e+00, 6.7656e-01, 
 2DIAGNOSTIC,     2, -6.054725676227e-01, 1.797693134862e+308, 1.7956e+00, 2.6024e-02, 
 2DIAGNOSTIC,     3, -6.068154053946e-01, 1.797693134862e+308, 1.8221e+00, 2.6498e-02, 
 2DIAGNOSTIC,     4, -6.083076691629e-01, 1.797693134862e+308, 1.8478e+00, 2.5756e-02, 
 2DIAGNOSTIC,     5, -6.094780585587e-01, 1.797693134862e+308, 1.8739e+00, 2.6106e-02, 
 2DIAGNOSTIC,     6, -6.106910264805e-01, 1.797693134862e+308, 1.9019e+00, 2.7947e-02, 
 2DIAGNOSTIC,     7, -6.124105285766e-01, 1.797693134862e+308, 1.9327e+00, 3.0823e-02, 
 2DIAGNOSTIC,     8, -6.204708728695e-01, 1.797693134862e+308, 1.9724e+00, 3.9745e-02, 
 2DIAGNOSTIC,     9, -6.206891768313e-01, 1.797693134862e+308, 2.0017e+00, 2.9288e-02, 
 2DIAGNOSTIC,    10, -6.207508818114e-01, 1.913231444886e-03, 2.0306e+00, 2.8869e-02, 
 2DIAGNOSTIC,    11, -6.208552118023e-01, 1.759695380651e-03, 2.0611e+00, 3.0469e-02, 
 2DIAGNOSTIC,    12, -6.208807080894e-01, 1.506106164392e-03, 2.0925e+00, 3.1443e-02, 
 2DIAGNOSTIC,    13, -6.208938531250e-01, 1.199263178436e-03, 2.1249e+00, 3.2376e-02, 
 2DIAGNOSTIC,    14, -6.208953267434e-01, 8.766640788305e-04, 2.1560e+00, 3.1131e-02, 
 2DIAGNOSTIC,    15, -6.208973053179e-01, 5.574122425974e-04, 2.1845e+00, 2.8465e-02, 
 2DIAGNOSTIC,    16, -6.208751616498e-01, 2.633480366405e-04, 2.2157e+00, 3.1249e-02, 
 2DIAGNOSTIC,    17, -6.208701513877e-01, 2.050156186721e-05, 2.2415e+00, 2.5804e-02, 
 2DIAGNOSTIC,    18, -6.208675037139e-01, 9.587586653328e-06, 2.2703e+00, 2.8783e-02, 
 2DIAGNOSTIC,    19, -6.208819597045e-01, 4.745793834235e-06, 2.3019e+00, 3.1541e-02, 
 2DIAGNOSTIC,    20, -6.208936316935e-01, 1.731029964466e-06, 2.3299e+00, 2.8072e-02, 
 2DIAGNOSTIC,    21, -6.209199393884e-01, 1.852479186056e-06, 2.3619e+00, 3.1949e-02, 
 2DIAGNOSTIC,    22, -6.209131277173e-01, 2.312594050653e-06, 2.3955e+00, 3.3625e-02, 
 2DIAGNOSTIC,    23, -6.209103236168e-01, 2.866009870386e-06, 2.4244e+00, 2.8840e-02, 
 2DIAGNOSTIC,    24, -6.208895943662e-01, 2.860503286677e-06, 2.4495e+00, 2.5113e-02, 
 2DIAGNOSTIC,    25, -6.208980674449e-01, 2.916129987686e-06, 2.4760e+00, 2.6549e-02, 
 2DIAGNOSTIC,    26, -6.209277182984e-01, 2.934916785609e-06, 2.5065e+00, 3.0534e-02, 
 2DIAGNOSTIC,    27, -6.209339574869e-01, 2.802206466042e-06, 2.5364e+00, 2.9891e-02, 
 2DIAGNOSTIC,    28, -6.209429440837e-01, 2.640862786799e-06, 2.5651e+00, 2.8621e-02, 
 2DIAGNOSTIC,    29, -6.209329212317e-01, 2.427448617309e-06, 2.5906e+00, 2.5590e-02, 
 2DIAGNOSTIC,    30, -6.209751137120e-01, 2.920227620315e-06, 2.6167e+00, 2.6059e-02, 
 2DIAGNOSTIC,    31, -6.210407638156e-01, 4.541241370067e-06, 2.6425e+00, 2.5841e-02, 
 2DIAGNOSTIC,    32, -6.211102485753e-01, 6.602285396076e-06, 2.6721e+00, 2.9513e-02, 
 2DIAGNOSTIC,    33, -6.212025752294e-01, 9.260912469389e-06, 2.6975e+00, 2.5471e-02, 
 2DIAGNOSTIC,    34, -6.213545614060e-01, 1.274228782220e-05, 2.7335e+00, 3.6003e-02, 
 2DIAGNOSTIC,    35, -6.213524545308e-01, 1.493812225353e-05, 2.7625e+00, 2.9008e-02, 
 2DIAGNOSTIC,    36, -6.214068911698e-01, 1.677196757885e-05, 2.7940e+00, 3.1487e-02, 
 2DIAGNOSTIC,    37, -6.214532513732e-01, 1.764084451267e-05, 2.8246e+00, 3.0545e-02, 
 2DIAGNOSTIC,    38, -6.215248503654e-01, 1.782542986050e-05, 2.8505e+00, 2.5878e-02, 
 2DIAGNOSTIC,    39, -6.216686820826e-01, 1.792498055384e-05, 2.8788e+00, 2.8369e-02, 
 2DIAGNOSTIC,    40, -6.217428554276e-01, 1.769258297277e-05, 2.9087e+00, 2.9884e-02, 
 2DIAGNOSTIC,    41, -6.217761526264e-01, 1.698237275397e-05, 2.9410e+00, 3.2324e-02, 
 2DIAGNOSTIC,    42, -6.218108220300e-01, 1.589981359556e-05, 2.9761e+00, 3.5077e-02, 
 2DIAGNOSTIC,    43, -6.217842306289e-01, 1.407226681608e-05, 3.0075e+00, 3.1422e-02, 
 2DIAGNOSTIC,    44, -6.217644408915e-01, 1.243577100471e-05, 3.0372e+00, 2.9697e-02, 
 2DIAGNOSTIC,    45, -6.217603101248e-01, 9.679271923392e-06, 3.0664e+00, 2.9125e-02, 
 2DIAGNOSTIC,    46, -6.217508839024e-01, 6.637617692495e-06, 3.1020e+00, 3.5600e-02, 
 2DIAGNOSTIC,    47, -6.217401427963e-01, 3.506583155625e-06, 3.1275e+00, 2.5579e-02, 
DIAGNOSTIC,Iteration,metricValue,convergenceValue,ITERATION_TIME_INDEX,SINCE_LAST
 2DIAGNOSTIC,     1, -5.350531797156e-01, 1.797693134862e+308, 4.1795e+00, 1.0520e+00, 
 2DIAGNOSTIC,     2, -5.353234366697e-01, 1.797693134862e+308, 4.3840e+00, 2.0442e-01, 
 2DIAGNOSTIC,     3, -5.354925367668e-01, 1.797693134862e+308, 4.5846e+00, 2.0066e-01, 
 2DIAGNOSTIC,     4, -5.355774830357e-01, 1.797693134862e+308, 4.7862e+00, 2.0157e-01, 
 2DIAGNOSTIC,     5, -5.356446138290e-01, 1.797693134862e+308, 4.9821e+00, 1.9588e-01, 
 2DIAGNOSTIC,     6, -5.358822843136e-01, 1.797693134862e+308, 5.2823e+00, 3.0019e-01, 
 2DIAGNOSTIC,     7, -5.358867623935e-01, 1.797693134862e+308, 5.5705e+00, 2.8827e-01, 
 2DIAGNOSTIC,     8, -5.358851787827e-01, 1.797693134862e+308, 5.8149e+00, 2.4437e-01, 
 2DIAGNOSTIC,     9, -5.358843878621e-01, 1.797693134862e+308, 6.0696e+00, 2.5468e-01, 
 2DIAGNOSTIC,    10, -5.358834409879e-01, 9.760729836955e-05, 6.3264e+00, 2.5684e-01, 
 2DIAGNOSTIC,    11, -5.358824068106e-01, 6.217043655549e-05, 6.5515e+00, 2.2504e-01, 
 2DIAGNOSTIC,    12, -5.358802972316e-01, 3.901936804754e-05, 6.7741e+00, 2.2263e-01, 
 2DIAGNOSTIC,    13, -5.358793006632e-01, 2.310165040451e-05, 6.9719e+00, 1.9780e-01, 
 2DIAGNOSTIC,    14, -5.358783605618e-01, 1.080479640249e-05, 7.1702e+00, 1.9828e-01, 
 2DIAGNOSTIC,    15, -5.358807633583e-01, 1.588340061393e-06, 7.4160e+00, 2.4586e-01, 
 2DIAGNOSTIC,    16, -5.358799117344e-01, 1.417647645358e-06, 7.6562e+00, 2.4018e-01, 
 2DIAGNOSTIC,    17, -5.358790493982e-01, 1.435612235499e-06, 7.9026e+00, 2.4644e-01, 
 2DIAGNOSTIC,    18, -5.358759376167e-01, 1.355731383414e-06, 8.1092e+00, 2.0654e-01, 
 2DIAGNOSTIC,    19, -5.358729023745e-01, 1.217157945640e-06, 8.3430e+00, 2.3379e-01, 
 2DIAGNOSTIC,    20, -5.358720145917e-01, 1.086008477050e-06, 8.5456e+00, 2.0266e-01, 
 2DIAGNOSTIC,    21, -5.358734214682e-01, 1.023282052065e-06, 8.7801e+00, 2.3448e-01, 
DIAGNOSTIC,Iteration,metricValue,convergenceValue,ITERATION_TIME_INDEX,SINCE_LAST
 2DIAGNOSTIC,     1, -4.896881746299e-01, 1.797693134862e+308, 1.2218e+01, 3.4376e+00, 
 2DIAGNOSTIC,     2, -4.896877986414e-01, 1.797693134862e+308, 1.3927e+01, 1.7097e+00, 
 2DIAGNOSTIC,     3, -4.896875903895e-01, 1.797693134862e+308, 1.5470e+01, 1.5430e+00, 
 2DIAGNOSTIC,     4, -4.896871138422e-01, 1.797693134862e+308, 1.6926e+01, 1.4555e+00, 
 2DIAGNOSTIC,     5, -4.896871562698e-01, 1.797693134862e+308, 1.8580e+01, 1.6542e+00, 
 2DIAGNOSTIC,     6, -4.896872823442e-01, 1.797693134862e+308, 2.0052e+01, 1.4724e+00, 
 2DIAGNOSTIC,     7, -4.896871371292e-01, 1.797693134862e+308, 2.1505e+01, 1.4522e+00, 
 2DIAGNOSTIC,     8, -4.896873702558e-01, 1.797693134862e+308, 2.3102e+01, 1.5973e+00, 
 2DIAGNOSTIC,     9, -4.896871334753e-01, 1.797693134862e+308, 2.4565e+01, 1.4626e+00, 
 2DIAGNOSTIC,    10, -4.896870460786e-01, 3.074636673872e-06, 2.6015e+01, 1.4506e+00, 
 2DIAGNOSTIC,    11, -4.896870353648e-01, 2.831180964238e-06, 2.7478e+01, 1.4630e+00, 
 2DIAGNOSTIC,    12, -4.896870690150e-01, 2.617054473047e-06, 2.8915e+01, 1.4373e+00, 
 2DIAGNOSTIC,    13, -4.896870475975e-01, 2.429167296994e-06, 3.0404e+01, 1.4887e+00, 
 2DIAGNOSTIC,    14, -4.896870642121e-01, 2.250758125516e-06, 3.2152e+01, 1.7478e+00, 
 2DIAGNOSTIC,    15, -4.896870088408e-01, 2.097613182303e-06, 3.3728e+01, 1.5758e+00, 
 2DIAGNOSTIC,    16, -4.896868297472e-01, 1.963980774150e-06, 3.5188e+01, 1.4602e+00, 
 2DIAGNOSTIC,    17, -4.896866316196e-01, 1.836342057880e-06, 3.6484e+01, 1.2965e+00, 
 2DIAGNOSTIC,    18, -4.896865736616e-01, 1.732020056648e-06, 3.7784e+01, 1.2998e+00, 
 2DIAGNOSTIC,    19, -4.896866720982e-01, 1.637692936346e-06, 3.9266e+01, 1.4823e+00, 
 2DIAGNOSTIC,    20, -4.896865028311e-01, 1.548603096799e-06, 4.0957e+01, 1.6905e+00, 
 2DIAGNOSTIC,    21, -4.896865372787e-01, 1.472780358884e-06, 4.2368e+01, 1.4111e+00, 
 2DIAGNOSTIC,    22, -4.896863622940e-01, 1.404113379989e-06, 4.3809e+01, 1.4414e+00, 
 2DIAGNOSTIC,    23, -4.896862270386e-01, 1.341372706035e-06, 4.5454e+01, 1.6450e+00, 
 2DIAGNOSTIC,    24, -4.896863128252e-01, 1.290187129528e-06, 4.7297e+01, 1.8427e+00, 
 2DIAGNOSTIC,    25, -4.896862306724e-01, 1.243146960372e-06, 4.8964e+01, 1.6671e+00, 
 2DIAGNOSTIC,    26, -4.896861484055e-01, 1.196831280685e-06, 5.0625e+01, 1.6606e+00, 
 2DIAGNOSTIC,    27, -4.896860540324e-01, 1.150299668878e-06, 5.2292e+01, 1.6675e+00, 
 2DIAGNOSTIC,    28, -4.896859637905e-01, 1.106618861012e-06, 5.3912e+01, 1.6193e+00, 
 2DIAGNOSTIC,    29, -4.896858847077e-01, 1.069156900194e-06, 5.5337e+01, 1.4258e+00, 
 2DIAGNOSTIC,    30, -4.896858313405e-01, 1.032424665370e-06, 5.6946e+01, 1.6085e+00, 
 2DIAGNOSTIC,    31, -4.896857899091e-01, 1.000684181504e-06, 5.8572e+01, 1.6263e+00, 
  Elapsed time (stage 0): 5.9461e+01


Total elapsed time: 5.9463e+01
Info [verificarlo]: loaded backend libinterflop_ieee.so
Info [interflop-ieee]: load backend with:
Info [interflop-ieee]: debug = false
Info [interflop-ieee]: debug-binary = false
Info [interflop-ieee]: no-backend-name = false
Info [interflop-ieee]: print-new-line = false
Info [interflop-ieee]: print-subnormal-normalized = false
Info [interflop-ieee]: count-op = false
All_Command_lines_OK
Using double precision for computations.
=============================================================================
The composite transform comprises the following transforms (in order): 
  1. /home/mdugre/scratch/mri-registration-rp/datasets/ds004513/derivatives/mri-registration-rp/0001/antsRegistration-r8-p13/sub-s025/rigid_Composite.h5[0] (type = Euler3DTransform)
  2. /home/mdugre/scratch/mri-registration-rp/datasets/ds004513/derivatives/mri-registration-rp/0001/antsRegistration-r8-p13/sub-s025/rigid_Composite.h5[1] (type = Euler3DTransform)
  3. /home/mdugre/scratch/mri-registration-rp/datasets/ds004513/derivatives/mri-registration-rp/0001/antsRegistration-r8-p13/sub-s025/rigid_Composite.h5[2] (type = Euler3DTransform)
=============================================================================
  number of levels = 4
  fixed image: /templateflow/tpl-MNI152NLin2009cAsym/tpl-MNI152NLin2009cAsym_res-01_desc-brain_T1w.nii.gz
  moving image: /home/mdugre/scratch/mri-registration-rp/datasets/ds004513/derivatives/mri-registration-rp/antsBrainExtraction/sub-s025/BrainExtractionBrain.nii.gz
Dimension = 3
Number of stages = 1
Use histogram matching = false
Winsorize image intensities = true
  Lower quantile = 0.005
  Upper quantile = 0.995


Stage 1 State
   Image metric = MattesMI
     Fixed image = Image (0x38c77e0)
  RTTI typeinfo:   itk::Image<double, 3u>
  Reference Count: 2
  Modified Time: 1594
  Debug: Off
  Object Name: 
  Observers: 
    none
  Source: (none)
  Source output name: (none)
  Release Data: Off
  Data Released: False
  Global Release Data: Off
  PipelineMTime: 0
  UpdateMTime: 1203
  RealTimeStamp: 0 seconds 
  LargestPossibleRegion: 
    Dimension: 3
    Index: [0, 0, 0]
    Size: [193, 229, 193]
  BufferedRegion: 
    Dimension: 3
    Index: [0, 0, 0]
    Size: [193, 229, 193]
  RequestedRegion: 
    Dimension: 3
    Index: [0, 0, 0]
    Size: [193, 229, 193]
  Spacing: [1, 1, 1]
  Origin: [96, 132, -78]
  Direction: 
-1 0 0
0 -1 0
0 0 1

  IndexToPointMatrix: 
-1 0 0
0 -1 0
0 0 1

  PointToIndexMatrix: 
-1 0 0
0 -1 0
0 0 1

  Inverse Direction: 
-1 0 0
0 -1 0
0 0 1

  PixelContainer: 
    ImportImageContainer (0x3987a20)
      RTTI typeinfo:   itk::ImportImageContainer<unsigned long, double>
      Reference Count: 1
      Modified Time: 1200
      Debug: Off
      Object Name: 
      Observers: 
        none
      Pointer: 0x150b31b3e010
      Container manages memory: true
      Size: 8530021
      Capacity: 8530021

     Moving image = Image (0x3982d70)
  RTTI typeinfo:   itk::Image<double, 3u>
  Reference Count: 2
  Modified Time: 1595
  Debug: Off
  Object Name: 
  Observers: 
    none
  Source: (none)
  Source output name: (none)
  Release Data: Off
  Data Released: False
  Global Release Data: Off
  PipelineMTime: 0
  UpdateMTime: 1592
  RealTimeStamp: 0 seconds 
  LargestPossibleRegion: 
    Dimension: 3
    Index: [0, 0, 0]
    Size: [176, 240, 256]
  BufferedRegion: 
    Dimension: 3
    Index: [0, 0, 0]
    Size: [176, 240, 256]
  RequestedRegion: 
    Dimension: 3
    Index: [0, 0, 0]
    Size: [176, 240, 256]
  Spacing: [0.999999, 1, 1]
  Origin: [90.3778, 84.5091, -154.071]
  Direction: 
-0.999391 7.48184e-06 -0.0348969
-7.47664e-06 -1 -2.7953e-07
-0.0348969 -1.84481e-08 0.999391

  IndexToPointMatrix: 
-0.99939 7.48184e-06 -0.0348969
-7.47663e-06 -1 -2.7953e-07
-0.0348968 -1.84481e-08 0.999391

  PointToIndexMatrix: 
-0.999392 -7.47665e-06 -0.0348969
7.48184e-06 -1 -1.84481e-08
-0.0348969 -2.7953e-07 0.999391

  Inverse Direction: 
-0.999391 -7.47664e-06 -0.0348969
7.48184e-06 -1 -1.84481e-08
-0.0348969 -2.7953e-07 0.999391

  PixelContainer: 
    ImportImageContainer (0x393ac90)
      RTTI typeinfo:   itk::ImportImageContainer<unsigned long, double>
      Reference Count: 1
      Modified Time: 1589
      Debug: Off
      Object Name: 
      Observers: 
        none
      Pointer: 0x150b2c8bd010
      Container manages memory: true
      Size: 10813440
      Capacity: 10813440

     Weighting = 1
     Sampling strategy = regular
     Number of bins = 32
     Radius = 4
     Sampling percentage  = 0.25
   Transform = Affine
     Gradient step = 0.1
     Update field sigma (voxel space) = 0
     Total field sigma (voxel space) = 0
     Update field time sigma = 0
     Total field time sigma  = 0
     Number of time indices = 0
     Number of time point samples = 0
Registration using 1 total stages.

Stage 0
  iterations = 1000x500x250x100
  convergence threshold = 1e-06
  convergence window size = 10
  number of levels = 4
  using the Mattes MI metric (number of bins = 32, weight = 1, use gradient filter = 0)
  preprocessing:  winsorizing the image intensities
  Shrink factors (level 1 out of 4): [8, 8, 8]
  Shrink factors (level 2 out of 4): [4, 4, 4]
  Shrink factors (level 3 out of 4): [2, 2, 2]
  Shrink factors (level 4 out of 4): [1, 1, 1]
  smoothing sigmas per level: [3, 2, 1, 0]
  regular sampling (percentage = 0.25)

*** Running AffineTransform registration ***

DIAGNOSTIC,Iteration,metricValue,convergenceValue,ITERATION_TIME_INDEX,SINCE_LAST
 2DIAGNOSTIC,     1, -7.476797724086e-01, 1.797693134862e+308, 7.4398e-01, 7.4398e-01, 
 2DIAGNOSTIC,     2, -7.497172926550e-01, 1.797693134862e+308, 7.4820e-01, 4.2181e-03, 
 2DIAGNOSTIC,     3, -7.529880376026e-01, 1.797693134862e+308, 7.5230e-01, 4.1091e-03, 
 2DIAGNOSTIC,     4, -7.589740668915e-01, 1.797693134862e+308, 7.5658e-01, 4.2748e-03, 
 2DIAGNOSTIC,     5, -7.697316785331e-01, 1.797693134862e+308, 7.6076e-01, 4.1780e-03, 
 2DIAGNOSTIC,     6, -7.852703708765e-01, 1.797693134862e+308, 7.6533e-01, 4.5741e-03, 
 2DIAGNOSTIC,     7, -8.119539653806e-01, 1.797693134862e+308, 7.6991e-01, 4.5829e-03, 
 2DIAGNOSTIC,     8, -8.863339215841e-01, 1.797693134862e+308, 7.7556e-01, 5.6419e-03, 
 2DIAGNOSTIC,     9, -9.128221651693e-01, 1.797693134862e+308, 7.8223e-01, 6.6710e-03, 
 2DIAGNOSTIC,    10, -9.171543572160e-01, 1.520622682632e-02, 7.8722e-01, 4.9899e-03, 
 2DIAGNOSTIC,    11, -9.289084636420e-01, 1.542295312769e-02, 7.9196e-01, 4.7400e-03, 
 2DIAGNOSTIC,    12, -9.325020107420e-01, 1.437346412983e-02, 7.9802e-01, 6.0589e-03, 
 2DIAGNOSTIC,    13, -9.336008156006e-01, 1.230175176376e-02, 8.0253e-01, 4.5149e-03, 
 2DIAGNOSTIC,    14, -9.362155295986e-01, 9.648481501644e-03, 8.0789e-01, 5.3580e-03, 
 2DIAGNOSTIC,    15, -9.374218611446e-01, 6.795458533239e-03, 8.1457e-01, 6.6769e-03, 
 2DIAGNOSTIC,    16, -9.380183823031e-01, 4.055764370121e-03, 8.1980e-01, 5.2369e-03, 
 2DIAGNOSTIC,    17, -9.386889673514e-01, 1.791983485754e-03, 8.2536e-01, 5.5568e-03, 
 2DIAGNOSTIC,    18, -9.387694100181e-01, 9.850697577882e-04, 8.3052e-01, 5.1560e-03, 
 2DIAGNOSTIC,    19, -9.386644758937e-01, 6.338820923676e-04, 8.3612e-01, 5.6090e-03, 
 2DIAGNOSTIC,    20, -9.387193483412e-01, 3.286236608279e-04, 8.4127e-01, 5.1432e-03, 
 2DIAGNOSTIC,    21, -9.386038938760e-01, 2.030067264942e-04, 8.4568e-01, 4.4141e-03, 
 2DIAGNOSTIC,    22, -9.385130334094e-01, 1.224623855426e-04, 8.5064e-01, 4.9579e-03, 
 2DIAGNOSTIC,    23, -9.385541659819e-01, 5.334957667060e-05, 8.5541e-01, 4.7660e-03, 
 2DIAGNOSTIC,    24, -9.384616847176e-01, 1.904485597713e-05, 8.5981e-01, 4.4010e-03, 
 2DIAGNOSTIC,    25, -9.385666410743e-01, 2.744255183929e-06, 8.6476e-01, 4.9531e-03, 
DIAGNOSTIC,Iteration,metricValue,convergenceValue,ITERATION_TIME_INDEX,SINCE_LAST
 2DIAGNOSTIC,     1, -7.508405257313e-01, 1.797693134862e+308, 1.6766e+00, 8.1186e-01, 
 2DIAGNOSTIC,     2, -7.511687429501e-01, 1.797693134862e+308, 1.7093e+00, 3.2686e-02, 
 2DIAGNOSTIC,     3, -7.515026419358e-01, 1.797693134862e+308, 1.7436e+00, 3.4255e-02, 
 2DIAGNOSTIC,     4, -7.520444630306e-01, 1.797693134862e+308, 1.7758e+00, 3.2279e-02, 
 2DIAGNOSTIC,     5, -7.533132812646e-01, 1.797693134862e+308, 1.8122e+00, 3.6333e-02, 
 2DIAGNOSTIC,     6, -7.541341213314e-01, 1.797693134862e+308, 1.8617e+00, 4.9552e-02, 
 2DIAGNOSTIC,     7, -7.541925209836e-01, 1.797693134862e+308, 1.9002e+00, 3.8452e-02, 
 2DIAGNOSTIC,     8, -7.541879024187e-01, 1.797693134862e+308, 1.9361e+00, 3.5902e-02, 
 2DIAGNOSTIC,     9, -7.541691676321e-01, 1.797693134862e+308, 1.9735e+00, 3.7454e-02, 
 2DIAGNOSTIC,    10, -7.541859210388e-01, 3.425238830472e-04, 2.0061e+00, 3.2588e-02, 
 2DIAGNOSTIC,    11, -7.542306241903e-01, 2.538877804159e-04, 2.0434e+00, 3.7282e-02, 
 2DIAGNOSTIC,    12, -7.542593047479e-01, 1.691492287785e-04, 2.0767e+00, 3.3344e-02, 
 2DIAGNOSTIC,    13, -7.542485529964e-01, 9.219142312841e-05, 2.1098e+00, 3.3027e-02, 
 2DIAGNOSTIC,    14, -7.542453139173e-01, 3.196042586362e-05, 2.1440e+00, 3.4209e-02, 
 2DIAGNOSTIC,    15, -7.542281798154e-01, 7.963276636824e-06, 2.1812e+00, 3.7227e-02, 
 2DIAGNOSTIC,    16, -7.541888880125e-01, 4.795722659351e-06, 2.2147e+00, 3.3532e-02, 
 2DIAGNOSTIC,    17, -7.541779877747e-01, 2.806425233440e-06, 2.2483e+00, 3.3574e-02, 
DIAGNOSTIC,Iteration,metricValue,convergenceValue,ITERATION_TIME_INDEX,SINCE_LAST
 2DIAGNOSTIC,     1, -6.418986690916e-01, 1.797693134862e+308, 3.2740e+00, 1.0257e+00, 
 2DIAGNOSTIC,     2, -6.422622343739e-01, 1.797693134862e+308, 3.5187e+00, 2.4473e-01, 
 2DIAGNOSTIC,     3, -6.426809175408e-01, 1.797693134862e+308, 3.7636e+00, 2.4487e-01, 
 2DIAGNOSTIC,     4, -6.431646622192e-01, 1.797693134862e+308, 4.0061e+00, 2.4256e-01, 
 2DIAGNOSTIC,     5, -6.440351801527e-01, 1.797693134862e+308, 4.2530e+00, 2.4686e-01, 
 2DIAGNOSTIC,     6, -6.448139727906e-01, 1.797693134862e+308, 4.6551e+00, 4.0211e-01, 
 2DIAGNOSTIC,     7, -6.448191949722e-01, 1.797693134862e+308, 5.0579e+00, 4.0278e-01, 
 2DIAGNOSTIC,     8, -6.448230705270e-01, 1.797693134862e+308, 5.3932e+00, 3.3536e-01, 
 2DIAGNOSTIC,     9, -6.448215215697e-01, 1.797693134862e+308, 5.7083e+00, 3.1511e-01, 
 2DIAGNOSTIC,    10, -6.448199571650e-01, 3.370146887964e-04, 5.9774e+00, 2.6908e-01, 
 2DIAGNOSTIC,    11, -6.448182340010e-01, 2.419111921432e-04, 6.2802e+00, 3.0275e-01, 
 2DIAGNOSTIC,    12, -6.448174200786e-01, 1.547753678713e-04, 6.5658e+00, 2.8560e-01, 
 2DIAGNOSTIC,    13, -6.448154364492e-01, 8.178545797795e-05, 6.8469e+00, 2.8114e-01, 
 2DIAGNOSTIC,    14, -6.448147681518e-01, 2.676744200523e-05, 7.0953e+00, 2.4841e-01, 
 2DIAGNOSTIC,    15, -6.448146075367e-01, 1.805408773523e-06, 7.3711e+00, 2.7578e-01, 
 2DIAGNOSTIC,    16, -6.448155238665e-01, 1.492312846213e-06, 7.6165e+00, 2.4543e-01, 
 2DIAGNOSTIC,    17, -6.448141991985e-01, 1.358724971409e-06, 7.8879e+00, 2.7132e-01, 
 2DIAGNOSTIC,    18, -6.448117071487e-01, 1.323427479195e-06, 8.1936e+00, 3.0572e-01, 
 2DIAGNOSTIC,    19, -6.448081313855e-01, 1.216466421088e-06, 8.4649e+00, 2.7128e-01, 
 2DIAGNOSTIC,    20, -6.448071551336e-01, 1.108151737275e-06, 8.7141e+00, 2.4927e-01, 
 2DIAGNOSTIC,    21, -6.448063664323e-01, 1.000827985577e-06, 8.9433e+00, 2.2920e-01, 
DIAGNOSTIC,Iteration,metricValue,convergenceValue,ITERATION_TIME_INDEX,SINCE_LAST
 2DIAGNOSTIC,     1, -5.761913615633e-01, 1.797693134862e+308, 1.1700e+01, 2.7571e+00, 
 2DIAGNOSTIC,     2, -5.766770436068e-01, 1.797693134862e+308, 1.3298e+01, 1.5980e+00, 
 2DIAGNOSTIC,     3, -5.771856356593e-01, 1.797693134862e+308, 1.4843e+01, 1.5446e+00, 
 2DIAGNOSTIC,     4, -5.777062624537e-01, 1.797693134862e+308, 1.6367e+01, 1.5240e+00, 
 2DIAGNOSTIC,     5, -5.787727841479e-01, 1.797693134862e+308, 1.8120e+01, 1.7525e+00, 
 2DIAGNOSTIC,     6, -5.799248238982e-01, 1.797693134862e+308, 2.0017e+01, 1.8970e+00, 
 2DIAGNOSTIC,     7, -5.800096272668e-01, 1.797693134862e+308, 2.2745e+01, 2.7285e+00, 
 2DIAGNOSTIC,     8, -5.800102472284e-01, 1.797693134862e+308, 2.6557e+01, 3.8116e+00, 
 2DIAGNOSTIC,     9, -5.800100419258e-01, 1.797693134862e+308, 2.8495e+01, 1.9386e+00, 
 2DIAGNOSTIC,    10, -5.800100059021e-01, 4.933234139326e-04, 3.0460e+01, 1.9645e+00, 
 2DIAGNOSTIC,    11, -5.800099291537e-01, 3.604513749295e-04, 3.2354e+01, 1.8943e+00, 
 2DIAGNOSTIC,    12, -5.800096752087e-01, 2.377108106534e-04, 3.3981e+01, 1.6268e+00, 
 2DIAGNOSTIC,    13, -5.800096053114e-01, 1.324889437700e-04, 3.5528e+01, 1.5474e+00, 
 2DIAGNOSTIC,    14, -5.800095913905e-01, 4.822986402636e-05, 3.7292e+01, 1.7634e+00, 
 2DIAGNOSTIC,    15, -5.800093016756e-01, 4.866176228552e-06, 3.9099e+01, 1.8078e+00, 
 2DIAGNOSTIC,    16, -5.800090812419e-01, 1.932233309215e-06, 4.1211e+01, 2.1119e+00, 
 2DIAGNOSTIC,    17, -5.800090359326e-01, 1.795412911253e-06, 4.3196e+01, 1.9844e+00, 
 2DIAGNOSTIC,    18, -5.800089910195e-01, 1.696734615426e-06, 4.5039e+01, 1.8428e+00, 
 2DIAGNOSTIC,    19, -5.800089460498e-01, 1.608601530083e-06, 4.6644e+01, 1.6059e+00, 
 2DIAGNOSTIC,    20, -5.800088233089e-01, 1.531778428994e-06, 4.8437e+01, 1.7921e+00, 
 2DIAGNOSTIC,    21, -5.800086792438e-01, 1.463079054638e-06, 5.0390e+01, 1.9531e+00, 
 2DIAGNOSTIC,    22, -5.800088368521e-01, 1.403483899536e-06, 5.2213e+01, 1.8238e+00, 
