
##########################
# Experiment information #
##########################

EXPERIMENT_NAME: antsRegistration-r7-p11
VFC_BACKENDS: libinterflop_vprec.so --range-binary32=7 --precision-binary32=11 --range-binary64=7 --precision-binary64=11

SIF_IMG: /home/mdugre/projects/rrg-glatard/mdugre/containers/ants-vprec-no_metrics.simg

SUBJECT_ID: s020
INPUT_IMG: /home/mdugre/scratch/mri-registration-rp/datasets/ds004513/derivatives/mri-registration-rp/antsBrainExtraction/sub-s020/BrainExtractionBrain.nii.gz
OUTPUT_DIR: /home/mdugre/scratch/mri-registration-rp/datasets/ds004513/derivatives/mri-registration-rp/0001/antsRegistration-r7-p11/sub-s020

FIXED_IMG: /templateflow/tpl-MNI152NLin2009cAsym/tpl-MNI152NLin2009cAsym_res-01_desc-brain_T1w.nii.gz
DATA_DIR: /home/mdugre/scratch/mri-registration-rp/datasets/ds004513
TEMPLATEFLOW_DIR: /home/mdugre/projects/rrg-glatard/mdugre/templateflow
ITK_GLOBAL_DEFAULT_NUMBER_OF_THREADS: 16
##########################

Info [verificarlo]: loaded backend libinterflop_ieee.so
Info [interflop-ieee]: load backend with:
Info [interflop-ieee]: debug = false
Info [interflop-ieee]: debug-binary = false
Info [interflop-ieee]: no-backend-name = false
Info [interflop-ieee]: print-new-line = false
Info [interflop-ieee]: print-subnormal-normalized = false
Info [interflop-ieee]: count-op = false
All_Command_lines_OK
Using double precision for computations.
=============================================================================
The composite transform comprises the following transforms (in order): 
  1. Center of mass alignment using fixed image: /templateflow/tpl-MNI152NLin2009cAsym/tpl-MNI152NLin2009cAsym_res-01_desc-brain_T1w.nii.gz and moving image: /home/mdugre/scratch/mri-registration-rp/datasets/ds004513/derivatives/mri-registration-rp/antsBrainExtraction/sub-s020/BrainExtractionBrain.nii.gz (type = Euler3DTransform)
=============================================================================
  number of levels = 1
  fixed image: /templateflow/tpl-MNI152NLin2009cAsym/tpl-MNI152NLin2009cAsym_res-01_desc-brain_T1w.nii.gz
  moving image: /home/mdugre/scratch/mri-registration-rp/datasets/ds004513/derivatives/mri-registration-rp/antsBrainExtraction/sub-s020/BrainExtractionBrain.nii.gz
Dimension = 3
Number of stages = 1
Use histogram matching = false
Winsorize image intensities = true
  Lower quantile = 0.005
  Upper quantile = 0.995


Stage 1 State
   Image metric = MattesMI
     Fixed image = Image (0x4e8ae70)
  RTTI typeinfo:   itk::Image<double, 3u>
  Reference Count: 2
  Modified Time: 2334
  Debug: Off
  Object Name: 
  Observers: 
    none
  Source: (none)
  Source output name: (none)
  Release Data: Off
  Data Released: False
  Global Release Data: Off
  PipelineMTime: 0
  UpdateMTime: 1943
  RealTimeStamp: 0 seconds 
  LargestPossibleRegion: 
    Dimension: 3
    Index: [0, 0, 0]
    Size: [193, 229, 193]
  BufferedRegion: 
    Dimension: 3
    Index: [0, 0, 0]
    Size: [193, 229, 193]
  RequestedRegion: 
    Dimension: 3
    Index: [0, 0, 0]
    Size: [193, 229, 193]
  Spacing: [1, 1, 1]
  Origin: [96, 132, -78]
  Direction: 
-1 0 0
0 -1 0
0 0 1

  IndexToPointMatrix: 
-1 0 0
0 -1 0
0 0 1

  PointToIndexMatrix: 
-1 0 0
0 -1 0
0 0 1

  Inverse Direction: 
-1 0 0
0 -1 0
0 0 1

  PixelContainer: 
    ImportImageContainer (0x4e93c60)
      RTTI typeinfo:   itk::ImportImageContainer<unsigned long, double>
      Reference Count: 1
      Modified Time: 1940
      Debug: Off
      Object Name: 
      Observers: 
        none
      Pointer: 0x153a91484010
      Container manages memory: true
      Size: 8530021
      Capacity: 8530021

     Moving image = Image (0x4e96610)
  RTTI typeinfo:   itk::Image<double, 3u>
  Reference Count: 2
  Modified Time: 2335
  Debug: Off
  Object Name: 
  Observers: 
    none
  Source: (none)
  Source output name: (none)
  Release Data: Off
  Data Released: False
  Global Release Data: Off
  PipelineMTime: 0
  UpdateMTime: 2332
  RealTimeStamp: 0 seconds 
  LargestPossibleRegion: 
    Dimension: 3
    Index: [0, 0, 0]
    Size: [160, 240, 256]
  BufferedRegion: 
    Dimension: 3
    Index: [0, 0, 0]
    Size: [160, 240, 256]
  RequestedRegion: 
    Dimension: 3
    Index: [0, 0, 0]
    Size: [160, 240, 256]
  Spacing: [0.999995, 1, 1]
  Origin: [87.0906, 98.7205, -152.377]
  Direction: 
-0.996975 0.0261379 -0.0731913
-0.0260677 -0.999658 -0.00191374
-0.0732163 -2.46403e-08 0.997316

  IndexToPointMatrix: 
-0.996971 0.0261379 -0.0731913
-0.0260676 -0.999658 -0.00191374
-0.0732159 -2.46403e-08 0.997316

  PointToIndexMatrix: 
-0.99698 -0.0260679 -0.0732166
0.0261379 -0.999658 -2.46993e-08
-0.0731913 -0.00191374 0.997316

  Inverse Direction: 
-0.996975 -0.0260677 -0.0732163
0.0261379 -0.999658 -2.46993e-08
-0.0731913 -0.00191374 0.997316

  PixelContainer: 
    ImportImageContainer (0x4f2fef0)
      RTTI typeinfo:   itk::ImportImageContainer<unsigned long, double>
      Reference Count: 1
      Modified Time: 2329
      Debug: Off
      Object Name: 
      Observers: 
        none
      Pointer: 0x153a8c983010
      Container manages memory: true
      Size: 9830400
      Capacity: 9830400

     Weighting = 1
     Sampling strategy = regular
     Number of bins = 32
     Radius = 4
     Sampling percentage  = 0.25
   Transform = Rigid
     Gradient step = 0.1
     Update field sigma (voxel space) = 0
     Total field sigma (voxel space) = 0
     Update field time sigma = 0
     Total field time sigma  = 0
     Number of time indices = 0
     Number of time point samples = 0
Registration using 1 total stages.

Stage 0
  iterations = 0
  convergence threshold = 1e-06
  convergence window size = 10
  number of levels = 1
  using the Mattes MI metric (number of bins = 32, weight = 1, use gradient filter = 0)
  preprocessing:  winsorizing the image intensities
  Shrink factors (level 1 out of 1): [1, 1, 1]
  smoothing sigmas per level: [0]
  regular sampling (percentage = 0.25)

*** Running Euler3DTransform registration ***

  Elapsed time (stage 0): 1.16096


Total elapsed time: 1.16742
Info [verificarlo]: loaded backend libinterflop_ieee.so
Info [interflop-ieee]: load backend with:
Info [interflop-ieee]: debug = false
Info [interflop-ieee]: debug-binary = false
Info [interflop-ieee]: no-backend-name = false
Info [interflop-ieee]: print-new-line = false
Info [interflop-ieee]: print-subnormal-normalized = false
Info [interflop-ieee]: count-op = false
All_Command_lines_OK
Using double precision for computations.
=============================================================================
The composite transform comprises the following transforms (in order): 
  1. /home/mdugre/scratch/mri-registration-rp/datasets/ds004513/derivatives/mri-registration-rp/0001/antsRegistration-r7-p11/sub-s020/align_Composite.h5[0] (type = Euler3DTransform)
  2. /home/mdugre/scratch/mri-registration-rp/datasets/ds004513/derivatives/mri-registration-rp/0001/antsRegistration-r7-p11/sub-s020/align_Composite.h5[1] (type = Euler3DTransform)
=============================================================================
  number of levels = 4
  fixed image: /templateflow/tpl-MNI152NLin2009cAsym/tpl-MNI152NLin2009cAsym_res-01_desc-brain_T1w.nii.gz
  moving image: /home/mdugre/scratch/mri-registration-rp/datasets/ds004513/derivatives/mri-registration-rp/antsBrainExtraction/sub-s020/BrainExtractionBrain.nii.gz
Dimension = 3
Number of stages = 1
Use histogram matching = false
Winsorize image intensities = true
  Lower quantile = 0.005
  Upper quantile = 0.995


Stage 1 State
   Image metric = MattesMI
     Fixed image = Image (0x4ff9530)
  RTTI typeinfo:   itk::Image<double, 3u>
  Reference Count: 2
  Modified Time: 1580
  Debug: Off
  Object Name: 
  Observers: 
    none
  Source: (none)
  Source output name: (none)
  Release Data: Off
  Data Released: False
  Global Release Data: Off
  PipelineMTime: 0
  UpdateMTime: 1189
  RealTimeStamp: 0 seconds 
  LargestPossibleRegion: 
    Dimension: 3
    Index: [0, 0, 0]
    Size: [193, 229, 193]
  BufferedRegion: 
    Dimension: 3
    Index: [0, 0, 0]
    Size: [193, 229, 193]
  RequestedRegion: 
    Dimension: 3
    Index: [0, 0, 0]
    Size: [193, 229, 193]
  Spacing: [1, 1, 1]
  Origin: [96, 132, -78]
  Direction: 
-1 0 0
0 -1 0
0 0 1

  IndexToPointMatrix: 
-1 0 0
0 -1 0
0 0 1

  PointToIndexMatrix: 
-1 0 0
0 -1 0
0 0 1

  Inverse Direction: 
-1 0 0
0 -1 0
0 0 1

  PixelContainer: 
    ImportImageContainer (0x50b7d60)
      RTTI typeinfo:   itk::ImportImageContainer<unsigned long, double>
      Reference Count: 1
      Modified Time: 1186
      Debug: Off
      Object Name: 
      Observers: 
        none
      Pointer: 0x146908ad8010
      Container manages memory: true
      Size: 8530021
      Capacity: 8530021

     Moving image = Image (0x50a9f60)
  RTTI typeinfo:   itk::Image<double, 3u>
  Reference Count: 2
  Modified Time: 1581
  Debug: Off
  Object Name: 
  Observers: 
    none
  Source: (none)
  Source output name: (none)
  Release Data: Off
  Data Released: False
  Global Release Data: Off
  PipelineMTime: 0
  UpdateMTime: 1578
  RealTimeStamp: 0 seconds 
  LargestPossibleRegion: 
    Dimension: 3
    Index: [0, 0, 0]
    Size: [160, 240, 256]
  BufferedRegion: 
    Dimension: 3
    Index: [0, 0, 0]
    Size: [160, 240, 256]
  RequestedRegion: 
    Dimension: 3
    Index: [0, 0, 0]
    Size: [160, 240, 256]
  Spacing: [0.999995, 1, 1]
  Origin: [87.0906, 98.7205, -152.377]
  Direction: 
-0.996975 0.0261379 -0.0731913
-0.0260677 -0.999658 -0.00191374
-0.0732163 -2.46403e-08 0.997316

  IndexToPointMatrix: 
-0.996971 0.0261379 -0.0731913
-0.0260676 -0.999658 -0.00191374
-0.0732159 -2.46403e-08 0.997316

  PointToIndexMatrix: 
-0.99698 -0.0260679 -0.0732166
0.0261379 -0.999658 -2.46993e-08
-0.0731913 -0.00191374 0.997316

  Inverse Direction: 
-0.996975 -0.0260677 -0.0732163
0.0261379 -0.999658 -2.46993e-08
-0.0731913 -0.00191374 0.997316

  PixelContainer: 
    ImportImageContainer (0x509b6d0)
      RTTI typeinfo:   itk::ImportImageContainer<unsigned long, double>
      Reference Count: 1
      Modified Time: 1575
      Debug: Off
      Object Name: 
      Observers: 
        none
      Pointer: 0x146903fd7010
      Container manages memory: true
      Size: 9830400
      Capacity: 9830400

     Weighting = 1
     Sampling strategy = regular
     Number of bins = 32
     Radius = 4
     Sampling percentage  = 0.25
   Transform = Rigid
     Gradient step = 0.1
     Update field sigma (voxel space) = 0
     Total field sigma (voxel space) = 0
     Update field time sigma = 0
     Total field time sigma  = 0
     Number of time indices = 0
     Number of time point samples = 0
Registration using 1 total stages.

Stage 0
  iterations = 1000x500x250x100
  convergence threshold = 1e-06
  convergence window size = 10
  number of levels = 4
  using the Mattes MI metric (number of bins = 32, weight = 1, use gradient filter = 0)
  preprocessing:  winsorizing the image intensities
  Shrink factors (level 1 out of 4): [8, 8, 8]
  Shrink factors (level 2 out of 4): [4, 4, 4]
  Shrink factors (level 3 out of 4): [2, 2, 2]
  Shrink factors (level 4 out of 4): [1, 1, 1]
  smoothing sigmas per level: [3, 2, 1, 0]
  regular sampling (percentage = 0.25)

*** Running Euler3DTransform registration ***

DIAGNOSTIC,Iteration,metricValue,convergenceValue,ITERATION_TIME_INDEX,SINCE_LAST
 2DIAGNOSTIC,     1, -3.791273390751e-01, 1.797693134862e+308, 8.8585e-01, 8.8585e-01, 
 2DIAGNOSTIC,     2, -3.803606001643e-01, 1.797693134862e+308, 8.9087e-01, 5.0199e-03, 
 2DIAGNOSTIC,     3, -3.828962034719e-01, 1.797693134862e+308, 8.9603e-01, 5.1620e-03, 
 2DIAGNOSTIC,     4, -3.876122532015e-01, 1.797693134862e+308, 9.0053e-01, 4.4961e-03, 
 2DIAGNOSTIC,     5, -3.904935334081e-01, 1.797693134862e+308, 9.0554e-01, 5.0101e-03, 
 2DIAGNOSTIC,     6, -3.911039700181e-01, 1.797693134862e+308, 9.0992e-01, 4.3790e-03, 
 2DIAGNOSTIC,     7, -3.914905453856e-01, 1.797693134862e+308, 9.1428e-01, 4.3600e-03, 
 2DIAGNOSTIC,     8, -3.925629083064e-01, 1.797693134862e+308, 9.1883e-01, 4.5502e-03, 
 2DIAGNOSTIC,     9, -3.981570789235e-01, 1.797693134862e+308, 9.2347e-01, 4.6449e-03, 
 2DIAGNOSTIC,    10, -4.079218556696e-01, 3.866687266231e-03, 9.2966e-01, 6.1901e-03, 
 2DIAGNOSTIC,    11, -4.246779602407e-01, 4.904320352958e-03, 9.3507e-01, 5.4100e-03, 
 2DIAGNOSTIC,    12, -4.297045200929e-01, 5.673254149499e-03, 9.4012e-01, 5.0499e-03, 
 2DIAGNOSTIC,    13, -4.335692915525e-01, 6.156954111732e-03, 9.4562e-01, 5.4960e-03, 
 2DIAGNOSTIC,    14, -4.439932007363e-01, 6.764094567459e-03, 9.5043e-01, 4.8082e-03, 
 2DIAGNOSTIC,    15, -4.466217675208e-01, 6.904768054182e-03, 9.5587e-01, 5.4440e-03, 
 2DIAGNOSTIC,    16, -4.513528166460e-01, 6.619270363807e-03, 9.6052e-01, 4.6539e-03, 
 2DIAGNOSTIC,    17, -4.528510990198e-01, 5.844785598550e-03, 9.6570e-01, 5.1739e-03, 
 2DIAGNOSTIC,    18, -4.555717392130e-01, 4.777374770044e-03, 9.7248e-01, 6.7811e-03, 
 2DIAGNOSTIC,    19, -4.559551090304e-01, 3.601534490815e-03, 9.7775e-01, 5.2669e-03, 
 2DIAGNOSTIC,    20, -4.573567183079e-01, 2.586718883311e-03, 9.8502e-01, 7.2761e-03, 
 2DIAGNOSTIC,    21, -4.575251519801e-01, 1.982984896622e-03, 9.8956e-01, 4.5359e-03, 
 2DIAGNOSTIC,    22, -4.577285213643e-01, 1.415656265855e-03, 9.9460e-01, 5.0399e-03, 
 2DIAGNOSTIC,    23, -4.579445940715e-01, 8.825949764938e-04, 9.9910e-01, 4.5021e-03, 
 2DIAGNOSTIC,    24, -4.580221326136e-01, 6.077413857946e-04, 1.0036e+00, 4.4901e-03, 
 2DIAGNOSTIC,    25, -4.581754873010e-01, 3.715327781559e-04, 1.0081e+00, 4.4880e-03, 
 2DIAGNOSTIC,    26, -4.586244500561e-01, 2.523934027949e-04, 1.0126e+00, 4.5371e-03, 
 2DIAGNOSTIC,    27, -4.589280339440e-01, 1.618159055992e-04, 1.0192e+00, 6.6171e-03, 
 2DIAGNOSTIC,    28, -4.591703597373e-01, 1.331856937532e-04, 1.0237e+00, 4.4470e-03, 
 2DIAGNOSTIC,    29, -4.592795062488e-01, 1.046819442583e-04, 1.0282e+00, 4.4920e-03, 
 2DIAGNOSTIC,    30, -4.596800294347e-01, 1.080490450543e-04, 1.0349e+00, 6.7151e-03, 
 2DIAGNOSTIC,    31, -4.599392593238e-01, 1.097850476814e-04, 1.0393e+00, 4.4630e-03, 
 2DIAGNOSTIC,    32, -4.599340887527e-01, 1.049599413227e-04, 1.0438e+00, 4.4649e-03, 
 2DIAGNOSTIC,    33, -4.600727135414e-01, 9.786781310553e-05, 1.0483e+00, 4.4901e-03, 
 2DIAGNOSTIC,    34, -4.601768397715e-01, 8.556875421022e-05, 1.0533e+00, 5.0459e-03, 
 2DIAGNOSTIC,    35, -4.602313443027e-01, 6.958967654908e-05, 1.0595e+00, 6.1228e-03, 
 2DIAGNOSTIC,    36, -4.602522096734e-01, 5.639366166749e-05, 1.0639e+00, 4.4720e-03, 
 2DIAGNOSTIC,    37, -4.604042901343e-01, 4.671450705732e-05, 1.0685e+00, 4.5640e-03, 
 2DIAGNOSTIC,    38, -4.609755076366e-01, 4.712518412235e-05, 1.0736e+00, 5.1100e-03, 
 2DIAGNOSTIC,    39, -4.612206003241e-01, 4.858810844417e-05, 1.0783e+00, 4.6990e-03, 
 2DIAGNOSTIC,    40, -4.612042440156e-01, 5.158277902391e-05, 1.0842e+00, 5.8968e-03, 
 2DIAGNOSTIC,    41, -4.615194079564e-01, 5.889210017568e-05, 1.0888e+00, 4.5731e-03, 
 2DIAGNOSTIC,    42, -4.616668860479e-01, 6.230462788252e-05, 1.0941e+00, 5.2710e-03, 
 2DIAGNOSTIC,    43, -4.620475800347e-01, 6.726982203590e-05, 1.0992e+00, 5.1160e-03, 
 2DIAGNOSTIC,    44, -4.632630647063e-01, 8.485305358607e-05, 1.1056e+00, 6.3829e-03, 
 2DIAGNOSTIC,    45, -4.644372446560e-01, 1.108900617314e-04, 1.1101e+00, 4.5612e-03, 
 2DIAGNOSTIC,    46, -4.646015266511e-01, 1.276293301682e-04, 1.1147e+00, 4.5509e-03, 
 2DIAGNOSTIC,    47, -4.648117065021e-01, 1.365795868549e-04, 1.1194e+00, 4.7469e-03, 
 2DIAGNOSTIC,    48, -4.662738207338e-01, 1.593417283861e-04, 1.1258e+00, 6.3531e-03, 
 2DIAGNOSTIC,    49, -4.667877507213e-01, 1.751337411049e-04, 1.1303e+00, 4.5381e-03, 
 2DIAGNOSTIC,    50, -4.672189946579e-01, 1.786151944223e-04, 1.1354e+00, 5.1091e-03, 
 2DIAGNOSTIC,    51, -4.674492796504e-01, 1.721228375906e-04, 1.1405e+00, 5.0650e-03, 
 2DIAGNOSTIC,    52, -4.676119764921e-01, 1.535200672761e-04, 1.1462e+00, 5.7240e-03, 
 2DIAGNOSTIC,    53, -4.685495648901e-01, 1.363904379709e-04, 1.1515e+00, 5.2550e-03, 
 2DIAGNOSTIC,    54, -4.710951229191e-01, 1.505522844539e-04, 1.1561e+00, 4.5948e-03, 
 2DIAGNOSTIC,    55, -4.721366798057e-01, 1.749015403248e-04, 1.1617e+00, 5.6610e-03, 
 2DIAGNOSTIC,    56, -4.741661068387e-01, 2.068628115693e-04, 1.1671e+00, 5.4090e-03, 
 2DIAGNOSTIC,    57, -4.746094736869e-01, 2.246754918096e-04, 1.1717e+00, 4.5381e-03, 
 2DIAGNOSTIC,    58, -4.752060734164e-01, 2.428218449378e-04, 1.1788e+00, 7.1268e-03, 
 2DIAGNOSTIC,    59, -4.751847568568e-01, 2.419573610511e-04, 1.1833e+00, 4.4920e-03, 
 2DIAGNOSTIC,    60, -4.755901322277e-01, 2.266663686765e-04, 1.1883e+00, 4.9970e-03, 
 2DIAGNOSTIC,    61, -4.756580424376e-01, 1.933333046614e-04, 1.1927e+00, 4.4510e-03, 
 2DIAGNOSTIC,    62, -4.757261482425e-01, 1.450193175289e-04, 1.1972e+00, 4.4248e-03, 
 2DIAGNOSTIC,    63, -4.758922007859e-01, 9.516639761083e-05, 1.2016e+00, 4.4599e-03, 
 2DIAGNOSTIC,    64, -4.762496955266e-01, 6.645078553655e-05, 1.2066e+00, 4.9860e-03, 
 2DIAGNOSTIC,    65, -4.764576294729e-01, 4.389497678760e-05, 1.2132e+00, 6.5968e-03, 
 2DIAGNOSTIC,    66, -4.764413962229e-01, 3.703633214009e-05, 1.2176e+00, 4.4041e-03, 
 2DIAGNOSTIC,    67, -4.764626149929e-01, 3.120605717099e-05, 1.2220e+00, 4.4301e-03, 
 2DIAGNOSTIC,    68, -4.765344703745e-01, 2.882908888780e-05, 1.2265e+00, 4.4289e-03, 
 2DIAGNOSTIC,    69, -4.770551815137e-01, 2.816999725909e-05, 1.2315e+00, 5.0311e-03, 
 2DIAGNOSTIC,    70, -4.773961260219e-01, 3.140906942807e-05, 1.2376e+00, 6.1219e-03, 
 2DIAGNOSTIC,    71, -4.773694696113e-01, 3.196257711727e-05, 1.2426e+00, 5.0089e-03, 
 2DIAGNOSTIC,    72, -4.773715324555e-01, 3.021297687287e-05, 1.2472e+00, 4.5459e-03, 
 2DIAGNOSTIC,    73, -4.773759955163e-01, 2.705774286262e-05, 1.2608e+00, 1.3645e-02, 
 2DIAGNOSTIC,    74, -4.774578465791e-01, 2.500452753272e-05, 1.2678e+00, 7.0260e-03, 
 2DIAGNOSTIC,    75, -4.774262214417e-01, 2.204578504898e-05, 1.2724e+00, 4.5578e-03, 
 2DIAGNOSTIC,    76, -4.774580179413e-01, 1.729456429359e-05, 1.2768e+00, 4.4010e-03, 
 2DIAGNOSTIC,    77, -4.775917573136e-01, 1.238463155441e-05, 1.2827e+00, 5.9121e-03, 
 2DIAGNOSTIC,    78, -4.776850506742e-01, 7.651093137443e-06, 1.2870e+00, 4.3049e-03, 
 2DIAGNOSTIC,    79, -4.779350521756e-01, 8.342024759167e-06, 1.2920e+00, 4.9450e-03, 
 2DIAGNOSTIC,    80, -4.784967841257e-01, 1.526655180265e-05, 1.2979e+00, 5.9879e-03, 
 2DIAGNOSTIC,    81, -4.787527650983e-01, 2.225716876788e-05, 1.3022e+00, 4.2350e-03, 
 2DIAGNOSTIC,    82, -4.788189511169e-01, 2.748654315039e-05, 1.3070e+00, 4.8132e-03, 
 2DIAGNOSTIC,    83, -4.793481145280e-01, 3.400954221323e-05, 1.3116e+00, 4.6530e-03, 
 2DIAGNOSTIC,    84, -4.807786389228e-01, 4.822619972982e-05, 1.3179e+00, 6.2160e-03, 
 2DIAGNOSTIC,    85, -4.828716050218e-01, 7.223580782822e-05, 1.3227e+00, 4.8330e-03, 
 2DIAGNOSTIC,    86, -4.830434004592e-01, 8.990160833565e-05, 1.3280e+00, 5.2521e-03, 
 2DIAGNOSTIC,    87, -4.831781185977e-01, 1.007554194974e-04, 1.3324e+00, 4.4749e-03, 
 2DIAGNOSTIC,    88, -4.839426032747e-01, 1.078484491966e-04, 1.3371e+00, 4.6489e-03, 
 2DIAGNOSTIC,    89, -4.846903526049e-01, 1.108953661864e-04, 1.3432e+00, 6.1190e-03, 
 2DIAGNOSTIC,    90, -4.848339444333e-01, 1.077055996639e-04, 1.3481e+00, 4.9291e-03, 
 2DIAGNOSTIC,    91, -4.848255940121e-01, 9.612951658766e-05, 1.3530e+00, 4.8940e-03, 
 2DIAGNOSTIC,    92, -4.849817991365e-01, 7.735591476822e-05, 1.3580e+00, 4.9398e-03, 
 2DIAGNOSTIC,    93, -4.850514398436e-01, 5.533751677715e-05, 1.3629e+00, 4.9160e-03, 
 2DIAGNOSTIC,    94, -4.851130315126e-01, 3.783733352069e-05, 1.3678e+00, 4.9059e-03, 
 2DIAGNOSTIC,    95, -4.852534905061e-01, 3.166449595370e-05, 1.3729e+00, 5.1110e-03, 
 2DIAGNOSTIC,    96, -4.864041749052e-01, 3.119778178399e-05, 1.3776e+00, 4.6809e-03, 
 2DIAGNOSTIC,    97, -4.883968649530e-01, 4.101351006187e-05, 1.3847e+00, 7.1709e-03, 
 2DIAGNOSTIC,    98, -4.887962064620e-01, 5.361212104832e-05, 1.3896e+00, 4.8211e-03, 
 2DIAGNOSTIC,    99, -4.889106064150e-01, 6.632754080348e-05, 1.3945e+00, 4.9841e-03, 
 2DIAGNOSTIC,   100, -4.890522130956e-01, 7.433091971470e-05, 1.4001e+00, 5.5711e-03, 
 2DIAGNOSTIC,   101, -4.893313178675e-01, 7.649458567177e-05, 1.4075e+00, 7.3621e-03, 
 2DIAGNOSTIC,   102, -4.894078669622e-01, 7.238668791206e-05, 1.4126e+00, 5.0800e-03, 
 2DIAGNOSTIC,   103, -4.893687498086e-01, 6.161469433178e-05, 1.4174e+00, 4.8831e-03, 
 2DIAGNOSTIC,   104, -4.894126377855e-01, 4.601715314507e-05, 1.4229e+00, 5.4588e-03, 
 2DIAGNOSTIC,   105, -4.894866717738e-01, 2.752432479921e-05, 1.4282e+00, 5.3332e-03, 
 2DIAGNOSTIC,   106, -4.897486272537e-01, 1.461047014842e-05, 1.4338e+00, 5.5320e-03, 
 2DIAGNOSTIC,   107, -4.903983463474e-01, 1.562951177433e-05, 1.4397e+00, 5.9130e-03, 
 2DIAGNOSTIC,   108, -4.905414381769e-01, 1.816259931906e-05, 1.4467e+00, 7.0622e-03, 
 2DIAGNOSTIC,   109, -4.907595947004e-01, 2.083045495711e-05, 1.4517e+00, 5.0030e-03, 
 2DIAGNOSTIC,   110, -4.909412938238e-01, 2.323682830156e-05, 1.4571e+00, 5.3458e-03, 
 2DIAGNOSTIC,   111, -4.917505384775e-01, 2.932695317586e-05, 1.4637e+00, 6.5601e-03, 
 2DIAGNOSTIC,   112, -4.922346395368e-01, 3.540500931642e-05, 1.4695e+00, 5.8141e-03, 
 2DIAGNOSTIC,   113, -4.924370066873e-01, 3.883521956030e-05, 1.4745e+00, 5.0800e-03, 
 2DIAGNOSTIC,   114, -4.925275950934e-01, 3.929524804695e-05, 1.4804e+00, 5.8260e-03, 
 2DIAGNOSTIC,   115, -4.934292398318e-01, 4.116825016144e-05, 1.4873e+00, 6.8829e-03, 
 2DIAGNOSTIC,   116, -4.941636812994e-01, 4.402185522029e-05, 1.4928e+00, 5.5830e-03, 
 2DIAGNOSTIC,   117, -4.953579419514e-01, 5.210252898532e-05, 1.4998e+00, 6.9718e-03, 
 2DIAGNOSTIC,   118, -4.982385863631e-01, 7.060476530168e-05, 1.5105e+00, 1.0662e-02, 
 2DIAGNOSTIC,   119, -4.983610436571e-01, 8.345055130935e-05, 1.5161e+00, 5.5931e-03, 
 2DIAGNOSTIC,   120, -4.983896429381e-01, 8.916557450553e-05, 1.5216e+00, 5.5640e-03, 
 2DIAGNOSTIC,   121, -4.985337605447e-01, 9.104696359558e-05, 1.5268e+00, 5.1990e-03, 
 2DIAGNOSTIC,   122, -4.987035719598e-01, 8.722886816809e-05, 1.5319e+00, 5.1150e-03, 
 2DIAGNOSTIC,   123, -4.989537021090e-01, 7.710519174343e-05, 1.5378e+00, 5.8630e-03, 
 2DIAGNOSTIC,   124, -4.990885989809e-01, 6.074544975179e-05, 1.5435e+00, 5.6739e-03, 
 2DIAGNOSTIC,   125, -4.990489455677e-01, 4.318816020373e-05, 1.5484e+00, 4.9140e-03, 
 2DIAGNOSTIC,   126, -4.991443610712e-01, 2.579445369957e-05, 1.5533e+00, 4.9469e-03, 
 2DIAGNOSTIC,   127, -4.992939646421e-01, 1.222778856854e-05, 1.5589e+00, 5.5151e-03, 
 2DIAGNOSTIC,   128, -4.993281230336e-01, 1.149289620314e-05, 1.5645e+00, 5.6491e-03, 
 2DIAGNOSTIC,   129, -4.993575894737e-01, 1.040904839437e-05, 1.5701e+00, 5.6081e-03, 
 2DIAGNOSTIC,   130, -4.994921133837e-01, 9.136670027663e-06, 1.5762e+00, 6.1231e-03, 
 2DIAGNOSTIC,   131, -4.995618079952e-01, 7.991013700987e-06, 1.5841e+00, 7.8771e-03, 
 2DIAGNOSTIC,   132, -4.995646611134e-01, 6.863720115071e-06, 1.5890e+00, 4.9078e-03, 
 2DIAGNOSTIC,   133, -4.995848717996e-01, 6.338290838129e-06, 1.5940e+00, 5.0011e-03, 
 2DIAGNOSTIC,   134, -4.995915322929e-01, 5.888633003100e-06, 1.5995e+00, 5.4801e-03, 
 2DIAGNOSTIC,   135, -4.995990765868e-01, 4.742230217250e-06, 1.6045e+00, 4.9970e-03, 
 2DIAGNOSTIC,   136, -4.996117210665e-01, 3.636142874934e-06, 1.6093e+00, 4.8170e-03, 
 2DIAGNOSTIC,   137, -4.995021485755e-01, 2.399402931400e-06, 1.6143e+00, 5.0199e-03, 
 2DIAGNOSTIC,   138, -4.996567539573e-01, 1.820085468814e-06, 1.6212e+00, 6.8760e-03, 
 2DIAGNOSTIC,   139, -4.997918041042e-01, 1.772990013527e-06, 1.6274e+00, 6.1450e-03, 
 2DIAGNOSTIC,   140, -4.997958472406e-01, 2.150841384411e-06, 1.6324e+00, 5.0018e-03, 
 2DIAGNOSTIC,   141, -4.997986638984e-01, 2.666777964606e-06, 1.6373e+00, 4.9689e-03, 
 2DIAGNOSTIC,   142, -4.998814476265e-01, 3.315532032344e-06, 1.6423e+00, 5.0108e-03, 
 2DIAGNOSTIC,   143, -4.999061429749e-01, 3.824485497425e-06, 1.6484e+00, 6.1090e-03, 
 2DIAGNOSTIC,   144, -4.999861760276e-01, 4.321640115355e-06, 1.6533e+00, 4.8370e-03, 
 2DIAGNOSTIC,   145, -4.999956205108e-01, 4.483513947220e-06, 1.6582e+00, 4.8840e-03, 
 2DIAGNOSTIC,   146, -5.000501139302e-01, 4.539563192143e-06, 1.6638e+00, 5.6350e-03, 
 2DIAGNOSTIC,   147, -5.004224917370e-01, 5.233557868559e-06, 1.6687e+00, 4.9219e-03, 
 2DIAGNOSTIC,   148, -5.008034197454e-01, 7.547343031667e-06, 1.6749e+00, 6.1340e-03, 
 2DIAGNOSTIC,   149, -5.010992340581e-01, 1.083185662316e-05, 1.6804e+00, 5.5280e-03, 
 2DIAGNOSTIC,   150, -5.010437804141e-01, 1.284546587484e-05, 1.6871e+00, 6.7441e-03, 
 2DIAGNOSTIC,   151, -5.014761501590e-01, 1.536806760444e-05, 1.6926e+00, 5.4450e-03, 
 2DIAGNOSTIC,   152, -5.017103143100e-01, 1.757382301632e-05, 1.7020e+00, 9.4509e-03, 
 2DIAGNOSTIC,   153, -5.017651738885e-01, 1.832592145612e-05, 1.7074e+00, 5.3840e-03, 
 2DIAGNOSTIC,   154, -5.017862711520e-01, 1.773596203107e-05, 1.7125e+00, 5.0991e-03, 
 2DIAGNOSTIC,   155, -5.017657075117e-01, 1.545265621826e-05, 1.7175e+00, 5.0220e-03, 
 2DIAGNOSTIC,   156, -5.017604868369e-01, 1.188068705916e-05, 1.7220e+00, 4.4601e-03, 
 2DIAGNOSTIC,   157, -5.018257162669e-01, 8.840668017740e-06, 1.7270e+00, 4.9882e-03, 
 2DIAGNOSTIC,   158, -5.020719907822e-01, 7.356702444605e-06, 1.7314e+00, 4.4329e-03, 
 2DIAGNOSTIC,   159, -5.026260307480e-01, 8.412225273862e-06, 1.7359e+00, 4.4930e-03, 
 2DIAGNOSTIC,   160, -5.027060632529e-01, 8.673267435803e-06, 1.7415e+00, 5.5730e-03, 
 2DIAGNOSTIC,   161, -5.027527381587e-01, 9.898086062352e-06, 1.7466e+00, 5.1038e-03, 
 2DIAGNOSTIC,   162, -5.027622567053e-01, 1.108329392826e-05, 1.7516e+00, 4.9930e-03, 
 2DIAGNOSTIC,   163, -5.028292982685e-01, 1.162187300766e-05, 1.7565e+00, 4.9541e-03, 
 2DIAGNOSTIC,   164, -5.027594039365e-01, 1.082980041639e-05, 1.7608e+00, 4.3190e-03, 
 2DIAGNOSTIC,   165, -5.027617695002e-01, 8.964968426593e-06, 1.7672e+00, 6.3140e-03, 
 2DIAGNOSTIC,   166, -5.027620859865e-01, 6.287775974348e-06, 1.7715e+00, 4.3349e-03, 
 2DIAGNOSTIC,   167, -5.027635467842e-01, 3.288543783273e-06, 1.7758e+00, 4.3359e-03, 
DIAGNOSTIC,Iteration,metricValue,convergenceValue,ITERATION_TIME_INDEX,SINCE_LAST
 2DIAGNOSTIC,     1, -4.072995440330e-01, 1.797693134862e+308, 2.4888e+00, 7.1296e-01, 
 2DIAGNOSTIC,     2, -4.077400081670e-01, 1.797693134862e+308, 2.5206e+00, 3.1777e-02, 
 2DIAGNOSTIC,     3, -4.082811239587e-01, 1.797693134862e+308, 2.5522e+00, 3.1590e-02, 
 2DIAGNOSTIC,     4, -4.089694923211e-01, 1.797693134862e+308, 2.5814e+00, 2.9283e-02, 
 2DIAGNOSTIC,     5, -4.096081106611e-01, 1.797693134862e+308, 2.6108e+00, 2.9404e-02, 
 2DIAGNOSTIC,     6, -4.101337586087e-01, 1.797693134862e+308, 2.6411e+00, 3.0260e-02, 
 2DIAGNOSTIC,     7, -4.105798512918e-01, 1.797693134862e+308, 2.6729e+00, 3.1841e-02, 
 2DIAGNOSTIC,     8, -4.119122809251e-01, 1.797693134862e+308, 2.7072e+00, 3.4292e-02, 
 2DIAGNOSTIC,     9, -4.137149728425e-01, 1.797693134862e+308, 2.7408e+00, 3.3561e-02, 
 2DIAGNOSTIC,    10, -4.141508056389e-01, 1.074173678137e-03, 2.7881e+00, 4.7350e-02, 
 2DIAGNOSTIC,    11, -4.145614807373e-01, 1.036721243955e-03, 2.8373e+00, 4.9149e-02, 
 2DIAGNOSTIC,    12, -4.149954616471e-01, 9.639203649339e-04, 2.8773e+00, 3.9991e-02, 
 2DIAGNOSTIC,    13, -4.152774809645e-01, 8.575519206950e-04, 2.9243e+00, 4.7009e-02, 
 2DIAGNOSTIC,    14, -4.155437860425e-01, 7.340832555205e-04, 2.9616e+00, 3.7297e-02, 
 2DIAGNOSTIC,    15, -4.159337347797e-01, 6.076974292926e-04, 3.0000e+00, 3.8425e-02, 
 2DIAGNOSTIC,    16, -4.163764541821e-01, 4.842824258723e-04, 3.0473e+00, 4.7293e-02, 
 2DIAGNOSTIC,    17, -4.166264267550e-01, 3.584258727589e-04, 3.0809e+00, 3.3552e-02, 
 2DIAGNOSTIC,    18, -4.166923710209e-01, 2.656380312070e-04, 3.1148e+00, 3.3913e-02, 
 2DIAGNOSTIC,    19, -4.168855889814e-01, 2.306012056262e-04, 3.1513e+00, 3.6481e-02, 
 2DIAGNOSTIC,    20, -4.172171180601e-01, 2.038191099307e-04, 3.1837e+00, 3.2440e-02, 
 2DIAGNOSTIC,    21, -4.173638093088e-01, 1.783538596513e-04, 3.2283e+00, 4.4637e-02, 
 2DIAGNOSTIC,    22, -4.175773904813e-01, 1.588962204020e-04, 3.2673e+00, 3.8928e-02, 
 2DIAGNOSTIC,    23, -4.176009650046e-01, 1.356268494163e-04, 3.3116e+00, 4.4336e-02, 
 2DIAGNOSTIC,    24, -4.175979515409e-01, 1.092061486185e-04, 3.3569e+00, 4.5264e-02, 
 2DIAGNOSTIC,    25, -4.175920135416e-01, 8.501738091555e-05, 3.3886e+00, 3.1775e-02, 
 2DIAGNOSTIC,    26, -4.175724124679e-01, 6.580921123977e-05, 3.4335e+00, 4.4888e-02, 
 2DIAGNOSTIC,    27, -4.175868673901e-01, 4.872524916942e-05, 3.4697e+00, 3.6224e-02, 
 2DIAGNOSTIC,    28, -4.175807473891e-01, 2.982718845757e-05, 3.5302e+00, 6.0459e-02, 
 2DIAGNOSTIC,    29, -4.175677325518e-01, 1.369442214023e-05, 3.5609e+00, 3.0663e-02, 
 2DIAGNOSTIC,    30, -4.175692478176e-01, 5.052763690089e-06, 3.5913e+00, 3.0383e-02, 
DIAGNOSTIC,Iteration,metricValue,convergenceValue,ITERATION_TIME_INDEX,SINCE_LAST
 2DIAGNOSTIC,     1, -3.587963667427e-01, 1.797693134862e+308, 4.9102e+00, 1.3189e+00, 
 2DIAGNOSTIC,     2, -3.589119900912e-01, 1.797693134862e+308, 5.1626e+00, 2.5247e-01, 
 2DIAGNOSTIC,     3, -3.590364973905e-01, 1.797693134862e+308, 5.4272e+00, 2.6456e-01, 
 2DIAGNOSTIC,     4, -3.593321785514e-01, 1.797693134862e+308, 5.6950e+00, 2.6786e-01, 
 2DIAGNOSTIC,     5, -3.593806868749e-01, 1.797693134862e+308, 5.9387e+00, 2.4369e-01, 
 2DIAGNOSTIC,     6, -3.595156386897e-01, 1.797693134862e+308, 6.3075e+00, 3.6875e-01, 
 2DIAGNOSTIC,     7, -3.595272932770e-01, 1.797693134862e+308, 6.7734e+00, 4.6589e-01, 
 2DIAGNOSTIC,     8, -3.595274450366e-01, 1.797693134862e+308, 7.0754e+00, 3.0203e-01, 
 2DIAGNOSTIC,     9, -3.595268989165e-01, 1.797693134862e+308, 7.3716e+00, 2.9616e-01, 
 2DIAGNOSTIC,    10, -3.595257200536e-01, 1.396004578700e-04, 7.6701e+00, 2.9854e-01, 
 2DIAGNOSTIC,    11, -3.595258754781e-01, 9.265835229361e-05, 7.9628e+00, 2.9273e-01, 
 2DIAGNOSTIC,    12, -3.595253242524e-01, 5.308345316483e-05, 8.2163e+00, 2.5346e-01, 
 2DIAGNOSTIC,    13, -3.595234978969e-01, 2.216088316113e-05, 8.5207e+00, 3.0439e-01, 
 2DIAGNOSTIC,    14, -3.595235393732e-01, 1.060014063715e-05, 8.7997e+00, 2.7906e-01, 
 2DIAGNOSTIC,    15, -3.595229319108e-01, 2.149613145569e-06, 9.0808e+00, 2.8104e-01, 
 2DIAGNOSTIC,    16, -3.595229719963e-01, 1.408058827479e-06, 9.3517e+00, 2.7093e-01, 
 2DIAGNOSTIC,    17, -3.595229974979e-01, 1.349534240726e-06, 9.5910e+00, 2.3927e-01, 
 2DIAGNOSTIC,    18, -3.595230399534e-01, 1.355462416759e-06, 9.8601e+00, 2.6907e-01, 
 2DIAGNOSTIC,    19, -3.595237564253e-01, 1.407517104812e-06, 1.0144e+01, 2.8373e-01, 
 2DIAGNOSTIC,    20, -3.595225032299e-01, 1.381041952263e-06, 1.0414e+01, 2.6996e-01, 
 2DIAGNOSTIC,    21, -3.595219171483e-01, 1.361978761889e-06, 1.0692e+01, 2.7851e-01, 
 2DIAGNOSTIC,    22, -3.595219990728e-01, 1.344083298584e-06, 1.0947e+01, 2.5476e-01, 
 2DIAGNOSTIC,    23, -3.595221340071e-01, 1.277740736730e-06, 1.1189e+01, 2.4192e-01, 
 2DIAGNOSTIC,    24, -3.595230091466e-01, 1.256976585463e-06, 1.1467e+01, 2.7782e-01, 
 2DIAGNOSTIC,    25, -3.595212781619e-01, 1.170322749121e-06, 1.1690e+01, 2.2322e-01, 
 2DIAGNOSTIC,    26, -3.595209455753e-01, 1.093745725510e-06, 1.1945e+01, 2.5494e-01, 
 2DIAGNOSTIC,    27, -3.595217779597e-01, 1.059921970407e-06, 1.2203e+01, 2.5844e-01, 
 2DIAGNOSTIC,    28, -3.595212933308e-01, 1.024178960966e-06, 1.2475e+01, 2.7165e-01, 
 2DIAGNOSTIC,    29, -3.595208067666e-01, 1.008848787711e-06, 1.2708e+01, 2.3311e-01, 
DIAGNOSTIC,Iteration,metricValue,convergenceValue,ITERATION_TIME_INDEX,SINCE_LAST
 2DIAGNOSTIC,     1, -3.306905830848e-01, 1.797693134862e+308, 1.5241e+01, 2.5329e+00, 
 2DIAGNOSTIC,     2, -3.308411447943e-01, 1.797693134862e+308, 1.6596e+01, 1.3554e+00, 
 2DIAGNOSTIC,     3, -3.309979087284e-01, 1.797693134862e+308, 1.7920e+01, 1.3235e+00, 
 2DIAGNOSTIC,     4, -3.314419863224e-01, 1.797693134862e+308, 1.9375e+01, 1.4555e+00, 
 2DIAGNOSTIC,     5, -3.315720287160e-01, 1.797693134862e+308, 2.0866e+01, 1.4909e+00, 
 2DIAGNOSTIC,     6, -3.316215241806e-01, 1.797693134862e+308, 2.2783e+01, 1.9165e+00, 
 2DIAGNOSTIC,     7, -3.316397112888e-01, 1.797693134862e+308, 2.4152e+01, 1.3690e+00, 
 2DIAGNOSTIC,     8, -3.316441637564e-01, 1.797693134862e+308, 2.6173e+01, 2.0213e+00, 
 2DIAGNOSTIC,     9, -3.316451303459e-01, 1.797693134862e+308, 2.7689e+01, 1.5160e+00, 
 2DIAGNOSTIC,    10, -3.316448676081e-01, 1.928056477113e-04, 2.9251e+01, 1.5616e+00, 
 2DIAGNOSTIC,    11, -3.316449877331e-01, 1.236065674643e-04, 3.0855e+01, 1.6047e+00, 
 2DIAGNOSTIC,    12, -3.316449270730e-01, 6.605807368272e-05, 3.2616e+01, 1.7608e+00, 
 2DIAGNOSTIC,    13, -3.316450527440e-01, 2.129972595079e-05, 3.4154e+01, 1.5376e+00, 
 2DIAGNOSTIC,    14, -3.316454124871e-01, 8.272111652177e-06, 3.6177e+01, 2.0233e+00, 
 2DIAGNOSTIC,    15, -3.316452719060e-01, 3.795372824328e-06, 3.7721e+01, 1.5436e+00, 
 2DIAGNOSTIC,    16, -3.316453596541e-01, 2.358404941075e-06, 3.9184e+01, 1.4635e+00, 
 2DIAGNOSTIC,    17, -3.316455721334e-01, 1.978570290870e-06, 4.0862e+01, 1.6775e+00, 
 2DIAGNOSTIC,    18, -3.316466378566e-01, 1.892075254070e-06, 4.2551e+01, 1.6897e+00, 
 2DIAGNOSTIC,    19, -3.316471553705e-01, 1.869054521444e-06, 4.4207e+01, 1.6554e+00, 
 2DIAGNOSTIC,    20, -3.316469648736e-01, 1.810873135812e-06, 4.5649e+01, 1.4420e+00, 
 2DIAGNOSTIC,    21, -3.316481942032e-01, 1.794341441513e-06, 4.7318e+01, 1.6692e+00, 
 2DIAGNOSTIC,    22, -3.316486716034e-01, 1.768003264235e-06, 4.8933e+01, 1.6147e+00, 
 2DIAGNOSTIC,    23, -3.316485530734e-01, 1.712898612477e-06, 5.0425e+01, 1.4919e+00, 
 2DIAGNOSTIC,    24, -3.316484120834e-01, 1.640246797739e-06, 5.1790e+01, 1.3651e+00, 
 2DIAGNOSTIC,    25, -3.316494669788e-01, 1.576077538465e-06, 5.3123e+01, 1.3334e+00, 
 2DIAGNOSTIC,    26, -3.316506386622e-01, 1.528514496259e-06, 5.4469e+01, 1.3456e+00, 
 2DIAGNOSTIC,    27, -3.316521637909e-01, 1.508952331364e-06, 5.5978e+01, 1.5098e+00, 
 2DIAGNOSTIC,    28, -3.316525880469e-01, 1.504970838527e-06, 5.7323e+01, 1.3448e+00, 
 2DIAGNOSTIC,    29, -3.316541306358e-01, 1.528894185976e-06, 5.8758e+01, 1.4347e+00, 
 2DIAGNOSTIC,    30, -3.316606518137e-01, 1.689363886413e-06, 6.0139e+01, 1.3810e+00, 
 2DIAGNOSTIC,    31, -3.316922139480e-01, 2.680897170378e-06, 6.2347e+01, 2.2080e+00, 
 2DIAGNOSTIC,    32, -3.316970495667e-01, 3.574235283875e-06, 6.3854e+01, 1.5070e+00, 
 2DIAGNOSTIC,    33, -3.316986675647e-01, 4.217149039372e-06, 6.5230e+01, 1.3756e+00, 
 2DIAGNOSTIC,    34, -3.317024781580e-01, 4.618095209342e-06, 6.6790e+01, 1.5605e+00, 
 2DIAGNOSTIC,    35, -3.317068525944e-01, 4.772989903142e-06, 6.9115e+01, 2.3250e+00, 
 2DIAGNOSTIC,    36, -3.317068644825e-01, 4.564751925354e-06, 7.0814e+01, 1.6986e+00, 
 2DIAGNOSTIC,    37, -3.317067462050e-01, 4.050544203698e-06, 7.2820e+01, 2.0060e+00, 
 2DIAGNOSTIC,    38, -3.317067474390e-01, 3.281868834772e-06, 7.4538e+01, 1.7186e+00, 
 2DIAGNOSTIC,    39, -3.317066303154e-01, 2.355032697018e-06, 7.6430e+01, 1.8921e+00, 
 2DIAGNOSTIC,    40, -3.317065531962e-01, 1.446412178668e-06, 7.8158e+01, 1.7272e+00, 
 2DIAGNOSTIC,    41, -3.317065233659e-01, 1.177679205936e-06, 7.9616e+01, 1.4582e+00, 
  Elapsed time (stage 0): 8.0510e+01


Total elapsed time: 8.0518e+01
Info [verificarlo]: loaded backend libinterflop_ieee.so
Info [interflop-ieee]: load backend with:
Info [interflop-ieee]: debug = false
Info [interflop-ieee]: debug-binary = false
Info [interflop-ieee]: no-backend-name = false
Info [interflop-ieee]: print-new-line = false
Info [interflop-ieee]: print-subnormal-normalized = false
Info [interflop-ieee]: count-op = false
All_Command_lines_OK
Using double precision for computations.
=============================================================================
The composite transform comprises the following transforms (in order): 
  1. /home/mdugre/scratch/mri-registration-rp/datasets/ds004513/derivatives/mri-registration-rp/0001/antsRegistration-r7-p11/sub-s020/rigid_Composite.h5[0] (type = Euler3DTransform)
  2. /home/mdugre/scratch/mri-registration-rp/datasets/ds004513/derivatives/mri-registration-rp/0001/antsRegistration-r7-p11/sub-s020/rigid_Composite.h5[1] (type = Euler3DTransform)
  3. /home/mdugre/scratch/mri-registration-rp/datasets/ds004513/derivatives/mri-registration-rp/0001/antsRegistration-r7-p11/sub-s020/rigid_Composite.h5[2] (type = Euler3DTransform)
=============================================================================
  number of levels = 4
  fixed image: /templateflow/tpl-MNI152NLin2009cAsym/tpl-MNI152NLin2009cAsym_res-01_desc-brain_T1w.nii.gz
  moving image: /home/mdugre/scratch/mri-registration-rp/datasets/ds004513/derivatives/mri-registration-rp/antsBrainExtraction/sub-s020/BrainExtractionBrain.nii.gz
Dimension = 3
Number of stages = 1
Use histogram matching = false
Winsorize image intensities = true
  Lower quantile = 0.005
  Upper quantile = 0.995


Stage 1 State
   Image metric = MattesMI
     Fixed image = Image (0x36d77e0)
  RTTI typeinfo:   itk::Image<double, 3u>
  Reference Count: 2
  Modified Time: 1594
  Debug: Off
  Object Name: 
  Observers: 
    none
  Source: (none)
  Source output name: (none)
  Release Data: Off
  Data Released: False
  Global Release Data: Off
  PipelineMTime: 0
  UpdateMTime: 1203
  RealTimeStamp: 0 seconds 
  LargestPossibleRegion: 
    Dimension: 3
    Index: [0, 0, 0]
    Size: [193, 229, 193]
  BufferedRegion: 
    Dimension: 3
    Index: [0, 0, 0]
    Size: [193, 229, 193]
  RequestedRegion: 
    Dimension: 3
    Index: [0, 0, 0]
    Size: [193, 229, 193]
  Spacing: [1, 1, 1]
  Origin: [96, 132, -78]
  Direction: 
-1 0 0
0 -1 0
0 0 1

  IndexToPointMatrix: 
-1 0 0
0 -1 0
0 0 1

  PointToIndexMatrix: 
-1 0 0
0 -1 0
0 0 1

  Inverse Direction: 
-1 0 0
0 -1 0
0 0 1

  PixelContainer: 
    ImportImageContainer (0x3797a20)
      RTTI typeinfo:   itk::ImportImageContainer<unsigned long, double>
      Reference Count: 1
      Modified Time: 1200
      Debug: Off
      Object Name: 
      Observers: 
        none
      Pointer: 0x1480f0e95010
      Container manages memory: true
      Size: 8530021
      Capacity: 8530021

     Moving image = Image (0x3792d70)
  RTTI typeinfo:   itk::Image<double, 3u>
  Reference Count: 2
  Modified Time: 1595
  Debug: Off
  Object Name: 
  Observers: 
    none
  Source: (none)
  Source output name: (none)
  Release Data: Off
  Data Released: False
  Global Release Data: Off
  PipelineMTime: 0
  UpdateMTime: 1592
  RealTimeStamp: 0 seconds 
  LargestPossibleRegion: 
    Dimension: 3
    Index: [0, 0, 0]
    Size: [160, 240, 256]
  BufferedRegion: 
    Dimension: 3
    Index: [0, 0, 0]
    Size: [160, 240, 256]
  RequestedRegion: 
    Dimension: 3
    Index: [0, 0, 0]
    Size: [160, 240, 256]
  Spacing: [0.999995, 1, 1]
  Origin: [87.0906, 98.7205, -152.377]
  Direction: 
-0.996975 0.0261379 -0.0731913
-0.0260677 -0.999658 -0.00191374
-0.0732163 -2.46403e-08 0.997316

  IndexToPointMatrix: 
-0.996971 0.0261379 -0.0731913
-0.0260676 -0.999658 -0.00191374
-0.0732159 -2.46403e-08 0.997316

  PointToIndexMatrix: 
-0.99698 -0.0260679 -0.0732166
0.0261379 -0.999658 -2.46993e-08
-0.0731913 -0.00191374 0.997316

  Inverse Direction: 
-0.996975 -0.0260677 -0.0732163
0.0261379 -0.999658 -2.46993e-08
-0.0731913 -0.00191374 0.997316

  PixelContainer: 
    ImportImageContainer (0x374ac90)
      RTTI typeinfo:   itk::ImportImageContainer<unsigned long, double>
      Reference Count: 1
      Modified Time: 1589
      Debug: Off
      Object Name: 
      Observers: 
        none
      Pointer: 0x1480ec394010
      Container manages memory: true
      Size: 9830400
      Capacity: 9830400

     Weighting = 1
     Sampling strategy = regular
     Number of bins = 32
     Radius = 4
     Sampling percentage  = 0.25
   Transform = Affine
     Gradient step = 0.1
     Update field sigma (voxel space) = 0
     Total field sigma (voxel space) = 0
     Update field time sigma = 0
     Total field time sigma  = 0
     Number of time indices = 0
     Number of time point samples = 0
Registration using 1 total stages.

Stage 0
  iterations = 1000x500x250x100
  convergence threshold = 1e-06
  convergence window size = 10
  number of levels = 4
  using the Mattes MI metric (number of bins = 32, weight = 1, use gradient filter = 0)
