
##########################
# Experiment information #
##########################

EXPERIMENT_NAME: antsRegistration-r7-p18
VFC_BACKENDS: libinterflop_vprec.so --range-binary32=7 --precision-binary32=18 --range-binary64=7 --precision-binary64=18

SIF_IMG: /home/mdugre/projects/rrg-glatard/mdugre/containers/ants-vprec-no_metrics.simg

SUBJECT_ID: s035
INPUT_IMG: /home/mdugre/scratch/mri-registration-rp/datasets/ds004513/derivatives/mri-registration-rp/antsBrainExtraction/sub-s035/BrainExtractionBrain.nii.gz
OUTPUT_DIR: /home/mdugre/scratch/mri-registration-rp/datasets/ds004513/derivatives/mri-registration-rp/0001/antsRegistration-r7-p18/sub-s035

FIXED_IMG: /templateflow/tpl-MNI152NLin2009cAsym/tpl-MNI152NLin2009cAsym_res-01_desc-brain_T1w.nii.gz
DATA_DIR: /home/mdugre/scratch/mri-registration-rp/datasets/ds004513
TEMPLATEFLOW_DIR: /home/mdugre/projects/rrg-glatard/mdugre/templateflow
ITK_GLOBAL_DEFAULT_NUMBER_OF_THREADS: 16
##########################

Info [verificarlo]: loaded backend libinterflop_ieee.so
Info [interflop-ieee]: load backend with:
Info [interflop-ieee]: debug = false
Info [interflop-ieee]: debug-binary = false
Info [interflop-ieee]: no-backend-name = false
Info [interflop-ieee]: print-new-line = false
Info [interflop-ieee]: print-subnormal-normalized = false
Info [interflop-ieee]: count-op = false
All_Command_lines_OK
Using double precision for computations.
=============================================================================
The composite transform comprises the following transforms (in order): 
  1. Center of mass alignment using fixed image: /templateflow/tpl-MNI152NLin2009cAsym/tpl-MNI152NLin2009cAsym_res-01_desc-brain_T1w.nii.gz and moving image: /home/mdugre/scratch/mri-registration-rp/datasets/ds004513/derivatives/mri-registration-rp/antsBrainExtraction/sub-s035/BrainExtractionBrain.nii.gz (type = Euler3DTransform)
=============================================================================
  number of levels = 1
  fixed image: /templateflow/tpl-MNI152NLin2009cAsym/tpl-MNI152NLin2009cAsym_res-01_desc-brain_T1w.nii.gz
  moving image: /home/mdugre/scratch/mri-registration-rp/datasets/ds004513/derivatives/mri-registration-rp/antsBrainExtraction/sub-s035/BrainExtractionBrain.nii.gz
Dimension = 3
Number of stages = 1
Use histogram matching = false
Winsorize image intensities = true
  Lower quantile = 0.005
  Upper quantile = 0.995


Stage 1 State
   Image metric = MattesMI
     Fixed image = Image (0x4226e70)
  RTTI typeinfo:   itk::Image<double, 3u>
  Reference Count: 2
  Modified Time: 2330
  Debug: Off
  Object Name: 
  Observers: 
    none
  Source: (none)
  Source output name: (none)
  Release Data: Off
  Data Released: False
  Global Release Data: Off
  PipelineMTime: 0
  UpdateMTime: 1941
  RealTimeStamp: 0 seconds 
  LargestPossibleRegion: 
    Dimension: 3
    Index: [0, 0, 0]
    Size: [193, 229, 193]
  BufferedRegion: 
    Dimension: 3
    Index: [0, 0, 0]
    Size: [193, 229, 193]
  RequestedRegion: 
    Dimension: 3
    Index: [0, 0, 0]
    Size: [193, 229, 193]
  Spacing: [1, 1, 1]
  Origin: [96, 132, -78]
  Direction: 
-1 0 0
0 -1 0
0 0 1

  IndexToPointMatrix: 
-1 0 0
0 -1 0
0 0 1

  PointToIndexMatrix: 
-1 0 0
0 -1 0
0 0 1

  Inverse Direction: 
-1 0 0
0 -1 0
0 0 1

  PixelContainer: 
    ImportImageContainer (0x422fc60)
      RTTI typeinfo:   itk::ImportImageContainer<unsigned long, double>
      Reference Count: 1
      Modified Time: 1938
      Debug: Off
      Object Name: 
      Observers: 
        none
      Pointer: 0x14b84ae2c010
      Container manages memory: true
      Size: 8530021
      Capacity: 8530021

     Moving image = Image (0x42c3ec0)
  RTTI typeinfo:   itk::Image<double, 3u>
  Reference Count: 2
  Modified Time: 2331
  Debug: Off
  Object Name: 
  Observers: 
    none
  Source: (none)
  Source output name: (none)
  Release Data: Off
  Data Released: False
  Global Release Data: Off
  PipelineMTime: 0
  UpdateMTime: 2328
  RealTimeStamp: 0 seconds 
  LargestPossibleRegion: 
    Dimension: 3
    Index: [0, 0, 0]
    Size: [160, 240, 256]
  BufferedRegion: 
    Dimension: 3
    Index: [0, 0, 0]
    Size: [160, 240, 256]
  RequestedRegion: 
    Dimension: 3
    Index: [0, 0, 0]
    Size: [160, 240, 256]
  Spacing: [1, 1, 1]
  Origin: [98.6438, 87.6358, -117.989]
  Direction: 
-0.993515 -0.100993 -0.0522355
0.100854 -0.994887 0.00530255
-0.0525039 1.93537e-08 0.998621

  IndexToPointMatrix: 
-0.993515 -0.100993 -0.0522355
0.100854 -0.994887 0.00530255
-0.0525039 1.93537e-08 0.998621

  PointToIndexMatrix: 
-0.993515 0.100854 -0.0525039
-0.100993 -0.994887 1.93006e-08
-0.0522355 0.00530255 0.998621

  Inverse Direction: 
-0.993515 0.100854 -0.0525039
-0.100993 -0.994887 1.93006e-08
-0.0522355 0.00530255 0.998621

  PixelContainer: 
    ImportImageContainer (0x435b610)
      RTTI typeinfo:   itk::ImportImageContainer<unsigned long, double>
      Reference Count: 1
      Modified Time: 2325
      Debug: Off
      Object Name: 
      Observers: 
        none
      Pointer: 0x14b84632b010
      Container manages memory: true
      Size: 9830400
      Capacity: 9830400

     Weighting = 1
     Sampling strategy = regular
     Number of bins = 32
     Radius = 4
     Sampling percentage  = 0.25
   Transform = Rigid
     Gradient step = 0.1
     Update field sigma (voxel space) = 0
     Total field sigma (voxel space) = 0
     Update field time sigma = 0
     Total field time sigma  = 0
     Number of time indices = 0
     Number of time point samples = 0
Registration using 1 total stages.

Stage 0
  iterations = 0
  convergence threshold = 1e-06
  convergence window size = 10
  number of levels = 1
  using the Mattes MI metric (number of bins = 32, weight = 1, use gradient filter = 0)
  preprocessing:  winsorizing the image intensities
  Shrink factors (level 1 out of 1): [1, 1, 1]
  smoothing sigmas per level: [0]
  regular sampling (percentage = 0.25)

*** Running Euler3DTransform registration ***

  Elapsed time (stage 0): 1.12947


Total elapsed time: 1.13164
Info [verificarlo]: loaded backend libinterflop_ieee.so
Info [interflop-ieee]: load backend with:
Info [interflop-ieee]: debug = false
Info [interflop-ieee]: debug-binary = false
Info [interflop-ieee]: no-backend-name = false
Info [interflop-ieee]: print-new-line = false
Info [interflop-ieee]: print-subnormal-normalized = false
Info [interflop-ieee]: count-op = false
All_Command_lines_OK
Using double precision for computations.
=============================================================================
The composite transform comprises the following transforms (in order): 
  1. /home/mdugre/scratch/mri-registration-rp/datasets/ds004513/derivatives/mri-registration-rp/0001/antsRegistration-r7-p18/sub-s035/align_Composite.h5[0] (type = Euler3DTransform)
  2. /home/mdugre/scratch/mri-registration-rp/datasets/ds004513/derivatives/mri-registration-rp/0001/antsRegistration-r7-p18/sub-s035/align_Composite.h5[1] (type = Euler3DTransform)
=============================================================================
  number of levels = 4
  fixed image: /templateflow/tpl-MNI152NLin2009cAsym/tpl-MNI152NLin2009cAsym_res-01_desc-brain_T1w.nii.gz
  moving image: /home/mdugre/scratch/mri-registration-rp/datasets/ds004513/derivatives/mri-registration-rp/antsBrainExtraction/sub-s035/BrainExtractionBrain.nii.gz
Dimension = 3
Number of stages = 1
Use histogram matching = false
Winsorize image intensities = true
  Lower quantile = 0.005
  Upper quantile = 0.995


Stage 1 State
   Image metric = MattesMI
     Fixed image = Image (0x3e22530)
  RTTI typeinfo:   itk::Image<double, 3u>
  Reference Count: 2
  Modified Time: 1578
  Debug: Off
  Object Name: 
  Observers: 
    none
  Source: (none)
  Source output name: (none)
  Release Data: Off
  Data Released: False
  Global Release Data: Off
  PipelineMTime: 0
  UpdateMTime: 1189
  RealTimeStamp: 0 seconds 
  LargestPossibleRegion: 
    Dimension: 3
    Index: [0, 0, 0]
    Size: [193, 229, 193]
  BufferedRegion: 
    Dimension: 3
    Index: [0, 0, 0]
    Size: [193, 229, 193]
  RequestedRegion: 
    Dimension: 3
    Index: [0, 0, 0]
    Size: [193, 229, 193]
  Spacing: [1, 1, 1]
  Origin: [96, 132, -78]
  Direction: 
-1 0 0
0 -1 0
0 0 1

  IndexToPointMatrix: 
-1 0 0
0 -1 0
0 0 1

  PointToIndexMatrix: 
-1 0 0
0 -1 0
0 0 1

  Inverse Direction: 
-1 0 0
0 -1 0
0 0 1

  PixelContainer: 
    ImportImageContainer (0x3ee0d60)
      RTTI typeinfo:   itk::ImportImageContainer<unsigned long, double>
      Reference Count: 1
      Modified Time: 1186
      Debug: Off
      Object Name: 
      Observers: 
        none
      Pointer: 0x146094c8b010
      Container manages memory: true
      Size: 8530021
      Capacity: 8530021

     Moving image = Image (0x3ed2f60)
  RTTI typeinfo:   itk::Image<double, 3u>
  Reference Count: 2
  Modified Time: 1579
  Debug: Off
  Object Name: 
  Observers: 
    none
  Source: (none)
  Source output name: (none)
  Release Data: Off
  Data Released: False
  Global Release Data: Off
  PipelineMTime: 0
  UpdateMTime: 1576
  RealTimeStamp: 0 seconds 
  LargestPossibleRegion: 
    Dimension: 3
    Index: [0, 0, 0]
    Size: [160, 240, 256]
  BufferedRegion: 
    Dimension: 3
    Index: [0, 0, 0]
    Size: [160, 240, 256]
  RequestedRegion: 
    Dimension: 3
    Index: [0, 0, 0]
    Size: [160, 240, 256]
  Spacing: [1, 1, 1]
  Origin: [98.6438, 87.6358, -117.989]
  Direction: 
-0.993515 -0.100993 -0.0522355
0.100854 -0.994887 0.00530255
-0.0525039 1.93537e-08 0.998621

  IndexToPointMatrix: 
-0.993515 -0.100993 -0.0522355
0.100854 -0.994887 0.00530255
-0.0525039 1.93537e-08 0.998621

  PointToIndexMatrix: 
-0.993515 0.100854 -0.0525039
-0.100993 -0.994887 1.93006e-08
-0.0522355 0.00530255 0.998621

  Inverse Direction: 
-0.993515 0.100854 -0.0525039
-0.100993 -0.994887 1.93006e-08
-0.0522355 0.00530255 0.998621

  PixelContainer: 
    ImportImageContainer (0x3ec46d0)
      RTTI typeinfo:   itk::ImportImageContainer<unsigned long, double>
      Reference Count: 1
      Modified Time: 1573
      Debug: Off
      Object Name: 
      Observers: 
        none
      Pointer: 0x14609018a010
      Container manages memory: true
      Size: 9830400
      Capacity: 9830400

     Weighting = 1
     Sampling strategy = regular
     Number of bins = 32
     Radius = 4
     Sampling percentage  = 0.25
   Transform = Rigid
     Gradient step = 0.1
     Update field sigma (voxel space) = 0
     Total field sigma (voxel space) = 0
     Update field time sigma = 0
     Total field time sigma  = 0
     Number of time indices = 0
     Number of time point samples = 0
Registration using 1 total stages.

Stage 0
  iterations = 1000x500x250x100
  convergence threshold = 1e-06
  convergence window size = 10
  number of levels = 4
  using the Mattes MI metric (number of bins = 32, weight = 1, use gradient filter = 0)
  preprocessing:  winsorizing the image intensities
  Shrink factors (level 1 out of 4): [8, 8, 8]
  Shrink factors (level 2 out of 4): [4, 4, 4]
  Shrink factors (level 3 out of 4): [2, 2, 2]
  Shrink factors (level 4 out of 4): [1, 1, 1]
  smoothing sigmas per level: [3, 2, 1, 0]
  regular sampling (percentage = 0.25)

*** Running Euler3DTransform registration ***

DIAGNOSTIC,Iteration,metricValue,convergenceValue,ITERATION_TIME_INDEX,SINCE_LAST
 2DIAGNOSTIC,     1, -5.238630234552e-01, 1.797693134862e+308, 8.5036e-01, 8.5036e-01, 
 2DIAGNOSTIC,     2, -5.257885820767e-01, 1.797693134862e+308, 8.5536e-01, 4.9958e-03, 
 2DIAGNOSTIC,     3, -5.278597554839e-01, 1.797693134862e+308, 8.5999e-01, 4.6332e-03, 
 2DIAGNOSTIC,     4, -5.302176117225e-01, 1.797693134862e+308, 8.6449e-01, 4.4949e-03, 
 2DIAGNOSTIC,     5, -5.343462816845e-01, 1.797693134862e+308, 8.6862e-01, 4.1308e-03, 
 2DIAGNOSTIC,     6, -5.399239396740e-01, 1.797693134862e+308, 8.7301e-01, 4.3919e-03, 
 2DIAGNOSTIC,     7, -5.490554822001e-01, 1.797693134862e+308, 8.7828e-01, 5.2712e-03, 
 2DIAGNOSTIC,     8, -5.545204224448e-01, 1.797693134862e+308, 8.8363e-01, 5.3520e-03, 
 2DIAGNOSTIC,     9, -5.601437715553e-01, 1.797693134862e+308, 8.8857e-01, 4.9341e-03, 
 2DIAGNOSTIC,    10, -5.617741193774e-01, 5.067640484485e-03, 8.9337e-01, 4.8091e-03, 
 2DIAGNOSTIC,    11, -5.649562249041e-01, 4.796539612083e-03, 8.9860e-01, 5.2211e-03, 
 2DIAGNOSTIC,    12, -5.658710903081e-01, 4.260783098155e-03, 9.0385e-01, 5.2540e-03, 
 2DIAGNOSTIC,    13, -5.662828333056e-01, 3.524744036645e-03, 9.0818e-01, 4.3259e-03, 
 2DIAGNOSTIC,    14, -5.685908474577e-01, 2.751340472953e-03, 9.1306e-01, 4.8859e-03, 
 2DIAGNOSTIC,    15, -5.732745043306e-01, 2.134644679428e-03, 9.1964e-01, 6.5749e-03, 
 2DIAGNOSTIC,    16, -5.738084427845e-01, 1.591333148336e-03, 9.2509e-01, 5.4491e-03, 
 2DIAGNOSTIC,    17, -5.739093703464e-01, 1.247363567739e-03, 9.2940e-01, 4.3161e-03, 
 2DIAGNOSTIC,    18, -5.745773598458e-01, 1.002163966315e-03, 9.3407e-01, 4.6721e-03, 
 2DIAGNOSTIC,    19, -5.752045522723e-01, 8.579763081930e-04, 9.3891e-01, 4.8389e-03, 
 2DIAGNOSTIC,    20, -5.755578777727e-01, 6.955845773896e-04, 9.4308e-01, 4.1640e-03, 
 2DIAGNOSTIC,    21, -5.761681227726e-01, 5.767135182739e-04, 9.4819e-01, 5.1160e-03, 
 2DIAGNOSTIC,    22, -5.775610178281e-01, 4.707067062585e-04, 9.5268e-01, 4.4870e-03, 
 2DIAGNOSTIC,    23, -5.801876522136e-01, 3.965856196928e-04, 9.5719e-01, 4.5071e-03, 
 2DIAGNOSTIC,    24, -5.873578871787e-01, 4.881452204560e-04, 9.6442e-01, 7.2300e-03, 
 2DIAGNOSTIC,    25, -5.924052233521e-01, 7.199711436491e-04, 9.7103e-01, 6.6149e-03, 
 2DIAGNOSTIC,    26, -5.933789722572e-01, 8.944842702271e-04, 9.7743e-01, 6.3989e-03, 
 2DIAGNOSTIC,    27, -5.948140362567e-01, 1.002036484628e-03, 9.8252e-01, 5.0900e-03, 
 2DIAGNOSTIC,    28, -5.954370004571e-01, 1.029952321066e-03, 9.8694e-01, 4.4219e-03, 
 2DIAGNOSTIC,    29, -5.955619965654e-01, 9.699000564850e-04, 9.9119e-01, 4.2460e-03, 
 2DIAGNOSTIC,    30, -5.960977142468e-01, 8.366692961495e-04, 9.9556e-01, 4.3681e-03, 
 2DIAGNOSTIC,    31, -5.971105016204e-01, 6.606986236842e-04, 1.0009e+00, 5.3680e-03, 
 2DIAGNOSTIC,    32, -5.989728413267e-01, 4.853112632183e-04, 1.0077e+00, 6.7430e-03, 
 2DIAGNOSTIC,    33, -5.996340171465e-01, 3.222359250598e-04, 1.0121e+00, 4.4641e-03, 
 2DIAGNOSTIC,    34, -5.997688325101e-01, 2.443793020402e-04, 1.0164e+00, 4.2789e-03, 
 2DIAGNOSTIC,    35, -5.999328163043e-01, 2.224308796667e-04, 1.0221e+00, 5.6400e-03, 
 2DIAGNOSTIC,    36, -6.001598298790e-01, 1.965988116767e-04, 1.0263e+00, 4.2310e-03, 
 2DIAGNOSTIC,    37, -6.004938013194e-01, 1.767006126989e-04, 1.0313e+00, 4.9741e-03, 
 2DIAGNOSTIC,    38, -6.008280010431e-01, 1.536048169821e-04, 1.0357e+00, 4.4539e-03, 
 2DIAGNOSTIC,    39, -6.038559363553e-01, 1.574331426494e-04, 1.0409e+00, 5.2140e-03, 
 2DIAGNOSTIC,    40, -6.077047300311e-01, 1.993081206295e-04, 1.0458e+00, 4.8869e-03, 
 2DIAGNOSTIC,    41, -6.174632776750e-01, 3.481387983372e-04, 1.0516e+00, 5.7771e-03, 
 2DIAGNOSTIC,    42, -6.161978022639e-01, 4.608909594018e-04, 1.0603e+00, 8.7540e-03, 
 2DIAGNOSTIC,    43, -6.161564726763e-01, 5.335375244977e-04, 1.0647e+00, 4.3302e-03, 
 2DIAGNOSTIC,    44, -6.170772404332e-01, 5.644826066506e-04, 1.0690e+00, 4.3349e-03, 
 2DIAGNOSTIC,    45, -6.185357420172e-01, 5.560481099916e-04, 1.0733e+00, 4.2999e-03, 
 2DIAGNOSTIC,    46, -6.206472693848e-01, 5.180563188881e-04, 1.0779e+00, 4.5900e-03, 
 2DIAGNOSTIC,    47, -6.234100475158e-01, 4.649607585538e-04, 1.0822e+00, 4.2770e-03, 
 2DIAGNOSTIC,    48, -6.282459788242e-01, 4.232184868187e-04, 1.0870e+00, 4.8680e-03, 
 2DIAGNOSTIC,    49, -6.332856860743e-01, 4.219351729896e-04, 1.0915e+00, 4.4169e-03, 
 2DIAGNOSTIC,    50, -6.437673200642e-01, 5.158695432364e-04, 1.0959e+00, 4.4842e-03, 
 2DIAGNOSTIC,    51, -6.567709920048e-01, 7.709765271901e-04, 1.1005e+00, 4.5359e-03, 
 2DIAGNOSTIC,    52, -6.630139296452e-01, 9.856109615547e-04, 1.1054e+00, 4.9570e-03, 
 2DIAGNOSTIC,    53, -6.637658014477e-01, 1.103854419144e-03, 1.1101e+00, 4.6349e-03, 
 2DIAGNOSTIC,    54, -6.646848036744e-01, 1.129224281578e-03, 1.1145e+00, 4.4231e-03, 
 2DIAGNOSTIC,    55, -6.699954434032e-01, 1.103369809137e-03, 1.1224e+00, 7.9050e-03, 
 2DIAGNOSTIC,    56, -6.720089750363e-01, 1.005089392697e-03, 1.1288e+00, 6.4292e-03, 
 2DIAGNOSTIC,    57, -6.720481435710e-01, 8.375233424138e-04, 1.1331e+00, 4.2810e-03, 
 2DIAGNOSTIC,    58, -6.725919329517e-01, 6.425659627264e-04, 1.1374e+00, 4.3330e-03, 
 2DIAGNOSTIC,    59, -6.729036267784e-01, 4.360790125413e-04, 1.1418e+00, 4.3221e-03, 
 2DIAGNOSTIC,    60, -6.731488682829e-01, 2.773039459639e-04, 1.1460e+00, 4.2760e-03, 
 2DIAGNOSTIC,    61, -6.734259020555e-01, 1.993309060500e-04, 1.1505e+00, 4.4849e-03, 
 2DIAGNOSTIC,    62, -6.739132040864e-01, 1.568962166546e-04, 1.1548e+00, 4.2551e-03, 
 2DIAGNOSTIC,    63, -6.762843109636e-01, 1.247266911556e-04, 1.1607e+00, 5.9242e-03, 
 2DIAGNOSTIC,    64, -6.766381548769e-01, 8.969413328516e-05, 1.1653e+00, 4.6048e-03, 
 2DIAGNOSTIC,    65, -6.771215151397e-01, 8.898318338625e-05, 1.1697e+00, 4.3418e-03, 
 2DIAGNOSTIC,    66, -6.778537113953e-01, 9.953441236139e-05, 1.1746e+00, 4.9949e-03, 
 2DIAGNOSTIC,    67, -6.792268097921e-01, 1.098308442551e-04, 1.1806e+00, 5.9819e-03, 
 2DIAGNOSTIC,    68, -6.807680914386e-01, 1.231390578643e-04, 1.1850e+00, 4.3349e-03, 
 2DIAGNOSTIC,    69, -6.815199568054e-01, 1.312164857380e-04, 1.1893e+00, 4.3490e-03, 
 2DIAGNOSTIC,    70, -6.818104681435e-01, 1.303111087156e-04, 1.1954e+00, 6.0830e-03, 
 2DIAGNOSTIC,    71, -6.820510222631e-01, 1.205024763806e-04, 1.1997e+00, 4.3170e-03, 
 2DIAGNOSTIC,    72, -6.822316939095e-01, 1.032403109784e-04, 1.2040e+00, 4.2429e-03, 
 2DIAGNOSTIC,    73, -6.825798772696e-01, 9.372208343177e-05, 1.2098e+00, 5.8079e-03, 
 2DIAGNOSTIC,    74, -6.826264039212e-01, 7.797287519085e-05, 1.2141e+00, 4.3309e-03, 
 2DIAGNOSTIC,    75, -6.826914641890e-01, 5.871119849433e-05, 1.2183e+00, 4.2551e-03, 
 2DIAGNOSTIC,    76, -6.828123402608e-01, 3.951683881859e-05, 1.2226e+00, 4.3011e-03, 
 2DIAGNOSTIC,    77, -6.832345002419e-01, 2.762834148060e-05, 1.2269e+00, 4.2520e-03, 
 2DIAGNOSTIC,    78, -6.838171702676e-01, 2.580805457565e-05, 1.2334e+00, 6.4602e-03, 
 2DIAGNOSTIC,    79, -6.837376273877e-01, 2.542028302747e-05, 1.2378e+00, 4.4219e-03, 
 2DIAGNOSTIC,    80, -6.837940890000e-01, 2.471284908618e-05, 1.2422e+00, 4.3790e-03, 
 2DIAGNOSTIC,    81, -6.839726408902e-01, 2.407014640516e-05, 1.2465e+00, 4.3540e-03, 
 2DIAGNOSTIC,    82, -6.841107666655e-01, 2.281020299139e-05, 1.2510e+00, 4.4460e-03, 
 2DIAGNOSTIC,    83, -6.851046479979e-01, 2.675736980922e-05, 1.2576e+00, 6.6762e-03, 
 2DIAGNOSTIC,    84, -6.858177453455e-01, 3.208765197760e-05, 1.2630e+00, 5.3880e-03, 
 2DIAGNOSTIC,    85, -6.861556234392e-01, 3.640343697638e-05, 1.2701e+00, 7.0829e-03, 
 2DIAGNOSTIC,    86, -6.861559145968e-01, 3.780167496011e-05, 1.2746e+00, 4.5328e-03, 
 2DIAGNOSTIC,    87, -6.861669334623e-01, 3.777781249100e-05, 1.2789e+00, 4.2820e-03, 
 2DIAGNOSTIC,    88, -6.861799882232e-01, 3.717522673817e-05, 1.2832e+00, 4.2930e-03, 
 2DIAGNOSTIC,    89, -6.861876692629e-01, 3.259377959789e-05, 1.2880e+00, 4.8249e-03, 
 2DIAGNOSTIC,    90, -6.861914779839e-01, 2.533866494223e-05, 1.2923e+00, 4.2889e-03, 
 2DIAGNOSTIC,    91, -6.861984606639e-01, 1.686269606509e-05, 1.2966e+00, 4.3111e-03, 
 2DIAGNOSTIC,    92, -6.862113524037e-01, 7.666050426939e-06, 1.3009e+00, 4.2951e-03, 
 2DIAGNOSTIC,    93, -6.862267283696e-01, 2.805700613505e-06, 1.3052e+00, 4.3080e-03, 
 2DIAGNOSTIC,    94, -6.862421232821e-01, 1.276379277264e-06, 1.3104e+00, 5.1241e-03, 
 2DIAGNOSTIC,    95, -6.863402327078e-01, 1.766354176065e-06, 1.3162e+00, 5.8510e-03, 
 2DIAGNOSTIC,    96, -6.863401801082e-01, 2.098671111265e-06, 1.3205e+00, 4.2491e-03, 
 2DIAGNOSTIC,    97, -6.863403154947e-01, 2.311484796378e-06, 1.3249e+00, 4.4451e-03, 
 2DIAGNOSTIC,    98, -6.863407678899e-01, 2.397889063780e-06, 1.3292e+00, 4.3011e-03, 
 2DIAGNOSTIC,    99, -6.863418599607e-01, 2.322061438527e-06, 1.3337e+00, 4.4670e-03, 
 2DIAGNOSTIC,   100, -6.863433591420e-01, 2.073942727146e-06, 1.3471e+00, 1.3418e-02, 
 2DIAGNOSTIC,   101, -6.863433589976e-01, 1.693453787683e-06, 1.3659e+00, 1.8792e-02, 
 2DIAGNOSTIC,   102, -6.863433589976e-01, 1.252944997988e-06, 1.3723e+00, 6.3949e-03, 
DIAGNOSTIC,Iteration,metricValue,convergenceValue,ITERATION_TIME_INDEX,SINCE_LAST
 2DIAGNOSTIC,     1, -5.583132123246e-01, 1.797693134862e+308, 2.0659e+00, 6.9358e-01, 
 2DIAGNOSTIC,     2, -5.587687239416e-01, 1.797693134862e+308, 2.1004e+00, 3.4496e-02, 
 2DIAGNOSTIC,     3, -5.591101018896e-01, 1.797693134862e+308, 2.1290e+00, 2.8631e-02, 
 2DIAGNOSTIC,     4, -5.599293125961e-01, 1.797693134862e+308, 2.1579e+00, 2.8917e-02, 
 2DIAGNOSTIC,     5, -5.608879223599e-01, 1.797693134862e+308, 2.1898e+00, 3.1858e-02, 
 2DIAGNOSTIC,     6, -5.613232622190e-01, 1.797693134862e+308, 2.2178e+00, 2.8000e-02, 
 2DIAGNOSTIC,     7, -5.624621261843e-01, 1.797693134862e+308, 2.2497e+00, 3.1906e-02, 
 2DIAGNOSTIC,     8, -5.631240155746e-01, 1.797693134862e+308, 2.2875e+00, 3.7831e-02, 
 2DIAGNOSTIC,     9, -5.632659043513e-01, 1.797693134862e+308, 2.3267e+00, 3.9149e-02, 
 2DIAGNOSTIC,    10, -5.639235835491e-01, 6.926340177089e-04, 2.3541e+00, 2.7448e-02, 
 2DIAGNOSTIC,    11, -5.654834273544e-01, 6.698422859163e-04, 2.3849e+00, 3.0795e-02, 
 2DIAGNOSTIC,    12, -5.660097130621e-01, 6.306762654685e-04, 2.4166e+00, 3.1677e-02, 
 2DIAGNOSTIC,    13, -5.661146640141e-01, 5.580058902467e-04, 2.4658e+00, 4.9250e-02, 
 2DIAGNOSTIC,    14, -5.661321024305e-01, 4.761841611251e-04, 2.4991e+00, 3.3282e-02, 
 2DIAGNOSTIC,    15, -5.661548592349e-01, 3.952650249473e-04, 2.5310e+00, 3.1897e-02, 
 2DIAGNOSTIC,    16, -5.661430200614e-01, 3.002083628363e-04, 2.5630e+00, 3.1994e-02, 
 2DIAGNOSTIC,    17, -5.661196510702e-01, 2.214503850726e-04, 2.5948e+00, 3.1852e-02, 
 2DIAGNOSTIC,    18, -5.661122968401e-01, 1.502956045295e-04, 2.6264e+00, 3.1553e-02, 
 2DIAGNOSTIC,    19, -5.661114167533e-01, 7.684940188409e-05, 2.6545e+00, 2.8090e-02, 
 2DIAGNOSTIC,    20, -5.661229404420e-01, 1.972506262588e-05, 2.6827e+00, 2.8234e-02, 
 2DIAGNOSTIC,    21, -5.661382733154e-01, 3.862970054537e-06, 2.7146e+00, 3.1904e-02, 
DIAGNOSTIC,Iteration,metricValue,convergenceValue,ITERATION_TIME_INDEX,SINCE_LAST
 2DIAGNOSTIC,     1, -5.039597837799e-01, 1.797693134862e+308, 3.7071e+00, 9.9252e-01, 
 2DIAGNOSTIC,     2, -5.041048299142e-01, 1.797693134862e+308, 3.9122e+00, 2.0506e-01, 
 2DIAGNOSTIC,     3, -5.041913433218e-01, 1.797693134862e+308, 4.1285e+00, 2.1627e-01, 
 2DIAGNOSTIC,     4, -5.042478094335e-01, 1.797693134862e+308, 4.3550e+00, 2.2652e-01, 
 2DIAGNOSTIC,     5, -5.043305115592e-01, 1.797693134862e+308, 4.6252e+00, 2.7019e-01, 
 2DIAGNOSTIC,     6, -5.043313897701e-01, 1.797693134862e+308, 4.8859e+00, 2.6073e-01, 
 2DIAGNOSTIC,     7, -5.043260090348e-01, 1.797693134862e+308, 5.0939e+00, 2.0801e-01, 
 2DIAGNOSTIC,     8, -5.044334423999e-01, 1.797693134862e+308, 5.3566e+00, 2.6269e-01, 
 2DIAGNOSTIC,     9, -5.044984803948e-01, 1.797693134862e+308, 5.6087e+00, 2.5210e-01, 
 2DIAGNOSTIC,    10, -5.044955877364e-01, 6.440499655676e-05, 5.9074e+00, 2.9869e-01, 
 2DIAGNOSTIC,    11, -5.044950820486e-01, 4.793670136774e-05, 6.1424e+00, 2.3501e-01, 
 2DIAGNOSTIC,    12, -5.044938214385e-01, 3.694055491564e-05, 6.4367e+00, 2.9434e-01, 
 2DIAGNOSTIC,    13, -5.044925408396e-01, 2.812009636953e-05, 6.6684e+00, 2.3162e-01, 
 2DIAGNOSTIC,    14, -5.044921524725e-01, 2.032751229875e-05, 6.9162e+00, 2.4783e-01, 
 2DIAGNOSTIC,    15, -5.044918095019e-01, 1.507418712303e-05, 7.1619e+00, 2.4573e-01, 
 2DIAGNOSTIC,    16, -5.044931075484e-01, 9.455257750479e-06, 7.3938e+00, 2.3192e-01, 
 2DIAGNOSTIC,    17, -5.044907006334e-01, 3.473674229398e-06, 7.6242e+00, 2.3034e-01, 
 2DIAGNOSTIC,    18, -5.044891989709e-01, 1.268609933068e-06, 7.8562e+00, 2.3198e-01, 
 2DIAGNOSTIC,    19, -5.044869764643e-01, 1.207934743647e-06, 8.1477e+00, 2.9158e-01, 
 2DIAGNOSTIC,    20, -5.044877463472e-01, 1.136514183431e-06, 8.4049e+00, 2.5715e-01, 
 2DIAGNOSTIC,    21, -5.044885024090e-01, 1.119044419282e-06, 8.6769e+00, 2.7197e-01, 
 2DIAGNOSTIC,    22, -5.044900954480e-01, 1.149141124777e-06, 8.9111e+00, 2.3425e-01, 
 2DIAGNOSTIC,    23, -5.044906834891e-01, 1.188594714589e-06, 9.1579e+00, 2.4679e-01, 
 2DIAGNOSTIC,    24, -5.044921798426e-01, 1.269985819362e-06, 9.3974e+00, 2.3951e-01, 
 2DIAGNOSTIC,    25, -5.044928333117e-01, 1.354653825947e-06, 9.6210e+00, 2.2364e-01, 
 2DIAGNOSTIC,    26, -5.044976969303e-01, 1.558656997469e-06, 9.8400e+00, 2.1897e-01, 
 2DIAGNOSTIC,    27, -5.045097528710e-01, 1.915043501090e-06, 1.0081e+01, 2.4074e-01, 
 2DIAGNOSTIC,    28, -5.045111846669e-01, 2.170814714729e-06, 1.0318e+01, 2.3726e-01, 
 2DIAGNOSTIC,    29, -5.045121034762e-01, 2.289145538473e-06, 1.0571e+01, 2.5252e-01, 
 2DIAGNOSTIC,    30, -5.045082303643e-01, 2.231590697677e-06, 1.0783e+01, 2.1293e-01, 
 2DIAGNOSTIC,    31, -5.045077050972e-01, 2.071109658330e-06, 1.0981e+01, 1.9712e-01, 
 2DIAGNOSTIC,    32, -5.045248687648e-01, 2.147808722396e-06, 1.1235e+01, 2.5456e-01, 
 2DIAGNOSTIC,    33, -5.045359678557e-01, 2.299914726264e-06, 1.1471e+01, 2.3607e-01, 
 2DIAGNOSTIC,    34, -5.045430328404e-01, 2.459957672972e-06, 1.1721e+01, 2.4995e-01, 
 2DIAGNOSTIC,    35, -5.045424657553e-01, 2.472316369934e-06, 1.2052e+01, 3.3095e-01, 
 2DIAGNOSTIC,    36, -5.045426411966e-01, 2.413050450789e-06, 1.2275e+01, 2.2274e-01, 
 2DIAGNOSTIC,    37, -5.045428102682e-01, 2.392739914110e-06, 1.2511e+01, 2.3582e-01, 
 2DIAGNOSTIC,    38, -5.045401116097e-01, 2.203213292834e-06, 1.2737e+01, 2.2675e-01, 
 2DIAGNOSTIC,    39, -5.045383079482e-01, 1.884891009558e-06, 1.2960e+01, 2.2225e-01, 
 2DIAGNOSTIC,    40, -5.045383507409e-01, 1.432312681387e-06, 1.3160e+01, 1.9988e-01, 
DIAGNOSTIC,Iteration,metricValue,convergenceValue,ITERATION_TIME_INDEX,SINCE_LAST
 2DIAGNOSTIC,     1, -4.672481991033e-01, 1.797693134862e+308, 1.5659e+01, 2.4998e+00, 
 2DIAGNOSTIC,     2, -4.673536908963e-01, 1.797693134862e+308, 1.7187e+01, 1.5275e+00, 
 2DIAGNOSTIC,     3, -4.673645865902e-01, 1.797693134862e+308, 1.8525e+01, 1.3380e+00, 
 2DIAGNOSTIC,     4, -4.673673225490e-01, 1.797693134862e+308, 2.0997e+01, 2.4717e+00, 
 2DIAGNOSTIC,     5, -4.673670016885e-01, 1.797693134862e+308, 2.2545e+01, 1.5486e+00, 
 2DIAGNOSTIC,     6, -4.673670255766e-01, 1.797693134862e+308, 2.4221e+01, 1.6757e+00, 
 2DIAGNOSTIC,     7, -4.673670256669e-01, 1.797693134862e+308, 2.8509e+01, 4.2883e+00, 
 2DIAGNOSTIC,     8, -4.673670256668e-01, 1.797693134862e+308, 3.1283e+01, 2.7733e+00, 
 2DIAGNOSTIC,     9, -4.673670256668e-01, 1.797693134862e+308, 3.2934e+01, 1.6513e+00, 
 2DIAGNOSTIC,    10, -4.673670256668e-01, 1.121158393895e-05, 3.4431e+01, 1.4974e+00, 
 2DIAGNOSTIC,    11, -4.673670256668e-01, 3.735966307122e-06, 3.6128e+01, 1.6964e+00, 
 2DIAGNOSTIC,    12, -4.673670256667e-01, 2.762209148272e-06, 3.7589e+01, 1.4612e+00, 
 2DIAGNOSTIC,    13, -4.673670256667e-01, 2.434066217180e-06, 3.9065e+01, 1.4758e+00, 
 2DIAGNOSTIC,    14, -4.673670256667e-01, 2.273228964580e-06, 4.0541e+01, 1.4760e+00, 
 2DIAGNOSTIC,    15, -4.673670256668e-01, 2.120705810876e-06, 4.2151e+01, 1.6106e+00, 
 2DIAGNOSTIC,    16, -4.673670256667e-01, 1.988155890073e-06, 4.3617e+01, 1.4659e+00, 
 2DIAGNOSTIC,    17, -4.673670256667e-01, 1.871203572194e-06, 4.5170e+01, 1.5525e+00, 
 2DIAGNOSTIC,    18, -4.673670256667e-01, 1.767246158371e-06, 4.6642e+01, 1.4726e+00, 
 2DIAGNOSTIC,    19, -4.673670256667e-01, 1.674231795673e-06, 4.8235e+01, 1.5927e+00, 
 2DIAGNOSTIC,    20, -4.673670256668e-01, 1.590519002920e-06, 4.9774e+01, 1.5394e+00, 
 2DIAGNOSTIC,    21, -4.673670256667e-01, 1.514778966212e-06, 5.1371e+01, 1.5966e+00, 
 2DIAGNOSTIC,    22, -4.673670256667e-01, 1.445924477303e-06, 5.3082e+01, 1.7113e+00, 
 2DIAGNOSTIC,    23, -4.673670256667e-01, 1.383057410070e-06, 5.4646e+01, 1.5636e+00, 
 2DIAGNOSTIC,    24, -4.673670256667e-01, 1.325429327868e-06, 5.6156e+01, 1.5105e+00, 
 2DIAGNOSTIC,    25, -4.673670256667e-01, 1.272411545239e-06, 5.7632e+01, 1.4754e+00, 
 2DIAGNOSTIC,    26, -4.673670256667e-01, 1.223472098626e-06, 5.9079e+01, 1.4475e+00, 
 2DIAGNOSTIC,    27, -4.673670256668e-01, 1.178157834840e-06, 6.0713e+01, 1.6341e+00, 
 2DIAGNOSTIC,    28, -4.673670256667e-01, 1.136080337402e-06, 6.2242e+01, 1.5288e+00, 
 2DIAGNOSTIC,    29, -4.673670256667e-01, 1.096904765102e-06, 6.3608e+01, 1.3659e+00, 
 2DIAGNOSTIC,    30, -4.673670256667e-01, 1.060340922641e-06, 6.5082e+01, 1.4736e+00, 
 2DIAGNOSTIC,    31, -4.673670256667e-01, 1.026136059630e-06, 6.6551e+01, 1.4692e+00, 
  Elapsed time (stage 0): 6.7356e+01


Total elapsed time: 6.7358e+01
Info [verificarlo]: loaded backend libinterflop_ieee.so
Info [interflop-ieee]: load backend with:
Info [interflop-ieee]: debug = false
Info [interflop-ieee]: debug-binary = false
Info [interflop-ieee]: no-backend-name = false
Info [interflop-ieee]: print-new-line = false
Info [interflop-ieee]: print-subnormal-normalized = false
Info [interflop-ieee]: count-op = false
All_Command_lines_OK
Using double precision for computations.
=============================================================================
The composite transform comprises the following transforms (in order): 
  1. /home/mdugre/scratch/mri-registration-rp/datasets/ds004513/derivatives/mri-registration-rp/0001/antsRegistration-r7-p18/sub-s035/rigid_Composite.h5[0] (type = Euler3DTransform)
  2. /home/mdugre/scratch/mri-registration-rp/datasets/ds004513/derivatives/mri-registration-rp/0001/antsRegistration-r7-p18/sub-s035/rigid_Composite.h5[1] (type = Euler3DTransform)
  3. /home/mdugre/scratch/mri-registration-rp/datasets/ds004513/derivatives/mri-registration-rp/0001/antsRegistration-r7-p18/sub-s035/rigid_Composite.h5[2] (type = Euler3DTransform)
=============================================================================
  number of levels = 4
  fixed image: /templateflow/tpl-MNI152NLin2009cAsym/tpl-MNI152NLin2009cAsym_res-01_desc-brain_T1w.nii.gz
  moving image: /home/mdugre/scratch/mri-registration-rp/datasets/ds004513/derivatives/mri-registration-rp/antsBrainExtraction/sub-s035/BrainExtractionBrain.nii.gz
Dimension = 3
Number of stages = 1
Use histogram matching = false
Winsorize image intensities = true
  Lower quantile = 0.005
  Upper quantile = 0.995


Stage 1 State
   Image metric = MattesMI
     Fixed image = Image (0x3f2f7e0)
  RTTI typeinfo:   itk::Image<double, 3u>
  Reference Count: 2
  Modified Time: 1592
  Debug: Off
  Object Name: 
  Observers: 
    none
  Source: (none)
  Source output name: (none)
  Release Data: Off
  Data Released: False
  Global Release Data: Off
  PipelineMTime: 0
  UpdateMTime: 1203
  RealTimeStamp: 0 seconds 
  LargestPossibleRegion: 
    Dimension: 3
    Index: [0, 0, 0]
    Size: [193, 229, 193]
  BufferedRegion: 
    Dimension: 3
    Index: [0, 0, 0]
    Size: [193, 229, 193]
  RequestedRegion: 
    Dimension: 3
    Index: [0, 0, 0]
    Size: [193, 229, 193]
  Spacing: [1, 1, 1]
  Origin: [96, 132, -78]
  Direction: 
-1 0 0
0 -1 0
0 0 1

  IndexToPointMatrix: 
-1 0 0
0 -1 0
0 0 1

  PointToIndexMatrix: 
-1 0 0
0 -1 0
0 0 1

  Inverse Direction: 
-1 0 0
0 -1 0
0 0 1

  PixelContainer: 
    ImportImageContainer (0x3fefa20)
      RTTI typeinfo:   itk::ImportImageContainer<unsigned long, double>
      Reference Count: 1
      Modified Time: 1200
      Debug: Off
      Object Name: 
      Observers: 
        none
      Pointer: 0x14d818a4d010
      Container manages memory: true
      Size: 8530021
      Capacity: 8530021

     Moving image = Image (0x3fead70)
  RTTI typeinfo:   itk::Image<double, 3u>
  Reference Count: 2
  Modified Time: 1593
  Debug: Off
  Object Name: 
  Observers: 
    none
  Source: (none)
  Source output name: (none)
  Release Data: Off
  Data Released: False
  Global Release Data: Off
  PipelineMTime: 0
  UpdateMTime: 1590
  RealTimeStamp: 0 seconds 
  LargestPossibleRegion: 
    Dimension: 3
    Index: [0, 0, 0]
    Size: [160, 240, 256]
  BufferedRegion: 
    Dimension: 3
    Index: [0, 0, 0]
    Size: [160, 240, 256]
  RequestedRegion: 
    Dimension: 3
    Index: [0, 0, 0]
    Size: [160, 240, 256]
  Spacing: [1, 1, 1]
  Origin: [98.6438, 87.6358, -117.989]
  Direction: 
-0.993515 -0.100993 -0.0522355
0.100854 -0.994887 0.00530255
-0.0525039 1.93537e-08 0.998621

  IndexToPointMatrix: 
-0.993515 -0.100993 -0.0522355
0.100854 -0.994887 0.00530255
-0.0525039 1.93537e-08 0.998621

  PointToIndexMatrix: 
-0.993515 0.100854 -0.0525039
-0.100993 -0.994887 1.93006e-08
-0.0522355 0.00530255 0.998621

  Inverse Direction: 
-0.993515 0.100854 -0.0525039
-0.100993 -0.994887 1.93006e-08
-0.0522355 0.00530255 0.998621

  PixelContainer: 
    ImportImageContainer (0x3fa2c90)
      RTTI typeinfo:   itk::ImportImageContainer<unsigned long, double>
      Reference Count: 1
      Modified Time: 1587
      Debug: Off
      Object Name: 
      Observers: 
        none
      Pointer: 0x14d813f4c010
      Container manages memory: true
      Size: 9830400
      Capacity: 9830400

     Weighting = 1
     Sampling strategy = regular
     Number of bins = 32
     Radius = 4
     Sampling percentage  = 0.25
   Transform = Affine
     Gradient step = 0.1
     Update field sigma (voxel space) = 0
     Total field sigma (voxel space) = 0
     Update field time sigma = 0
     Total field time sigma  = 0
     Number of time indices = 0
     Number of time point samples = 0
Registration using 1 total stages.

Stage 0
  iterations = 1000x500x250x100
  convergence threshold = 1e-06
  convergence window size = 10
  number of levels = 4
  using the Mattes MI metric (number of bins = 32, weight = 1, use gradient filter = 0)
  preprocessing:  winsorizing the image intensities
  Shrink factors (level 1 out of 4): [8, 8, 8]
  Shrink factors (level 2 out of 4): [4, 4, 4]
  Shrink factors (level 3 out of 4): [2, 2, 2]
  Shrink factors (level 4 out of 4): [1, 1, 1]
  smoothing sigmas per level: [3, 2, 1, 0]
  regular sampling (percentage = 0.25)

*** Running AffineTransform registration ***

DIAGNOSTIC,Iteration,metricValue,convergenceValue,ITERATION_TIME_INDEX,SINCE_LAST
 2DIAGNOSTIC,     1, -6.771778132730e-01, 1.797693134862e+308, 6.4926e-01, 6.4926e-01, 
 2DIAGNOSTIC,     2, -6.791948603561e-01, 1.797693134862e+308, 6.5409e-01, 4.8299e-03, 
 2DIAGNOSTIC,     3, -6.832556886173e-01, 1.797693134862e+308, 6.5845e-01, 4.3609e-03, 
 2DIAGNOSTIC,     4, -6.898224775217e-01, 1.797693134862e+308, 6.6301e-01, 4.5578e-03, 
 2DIAGNOSTIC,     5, -7.001380601584e-01, 1.797693134862e+308, 6.6763e-01, 4.6229e-03, 
 2DIAGNOSTIC,     6, -7.115478932092e-01, 1.797693134862e+308, 6.7220e-01, 4.5700e-03, 
 2DIAGNOSTIC,     7, -7.365582964017e-01, 1.797693134862e+308, 6.7944e-01, 7.2391e-03, 
 2DIAGNOSTIC,     8, -7.368630190165e-01, 1.797693134862e+308, 6.8447e-01, 5.0230e-03, 
 2DIAGNOSTIC,     9, -7.372221311796e-01, 1.797693134862e+308, 6.8917e-01, 4.7059e-03, 
 2DIAGNOSTIC,    10, -7.373224595513e-01, 6.906030383144e-03, 6.9464e-01, 5.4679e-03, 
 2DIAGNOSTIC,    11, -7.373309263327e-01, 5.810543535369e-03, 7.0041e-01, 5.7750e-03, 
 2DIAGNOSTIC,    12, -7.372955581773e-01, 4.439439415283e-03, 7.0469e-01, 4.2720e-03, 
 2DIAGNOSTIC,    13, -7.373066890272e-01, 3.011302683325e-03, 7.0884e-01, 4.1509e-03, 
 2DIAGNOSTIC,    14, -7.374951225025e-01, 1.718329993897e-03, 7.1362e-01, 4.7822e-03, 
 2DIAGNOSTIC,    15, -7.375030157540e-01, 7.174664525632e-04, 7.1786e-01, 4.2400e-03, 
 2DIAGNOSTIC,    16, -7.375795570591e-01, 4.545313111136e-05, 7.2233e-01, 4.4680e-03, 
 2DIAGNOSTIC,    17, -7.378607462887e-01, 3.706440082270e-05, 7.2701e-01, 4.6821e-03, 
 2DIAGNOSTIC,    18, -7.379703472578e-01, 3.508547095121e-05, 7.3295e-01, 5.9381e-03, 
 2DIAGNOSTIC,    19, -7.379717757957e-01, 3.759810038436e-05, 7.3805e-01, 5.0981e-03, 
 2DIAGNOSTIC,    20, -7.379318331767e-01, 3.779299718866e-05, 7.4274e-01, 4.6968e-03, 
 2DIAGNOSTIC,    21, -7.379319147725e-01, 3.485200532494e-05, 7.4905e-01, 6.3038e-03, 
 2DIAGNOSTIC,    22, -7.379659907495e-01, 2.898482945278e-05, 7.5449e-01, 5.4460e-03, 
 2DIAGNOSTIC,    23, -7.377827746438e-01, 1.798633558970e-05, 7.5922e-01, 4.7300e-03, 
 2DIAGNOSTIC,    24, -7.376187087174e-01, 6.938228406049e-06, 7.6406e-01, 4.8370e-03, 
DIAGNOSTIC,Iteration,metricValue,convergenceValue,ITERATION_TIME_INDEX,SINCE_LAST
 2DIAGNOSTIC,     1, -6.032161324673e-01, 1.797693134862e+308, 1.4554e+00, 6.9139e-01, 
 2DIAGNOSTIC,     2, -6.045043877423e-01, 1.797693134862e+308, 1.4887e+00, 3.3257e-02, 
 2DIAGNOSTIC,     3, -6.063628664397e-01, 1.797693134862e+308, 1.5198e+00, 3.1110e-02, 
 2DIAGNOSTIC,     4, -6.081347339283e-01, 1.797693134862e+308, 1.5552e+00, 3.5403e-02, 
 2DIAGNOSTIC,     5, -6.093460769246e-01, 1.797693134862e+308, 1.5936e+00, 3.8345e-02, 
 2DIAGNOSTIC,     6, -6.095805081123e-01, 1.797693134862e+308, 1.6293e+00, 3.5758e-02, 
 2DIAGNOSTIC,     7, -6.098304568556e-01, 1.797693134862e+308, 1.6648e+00, 3.5451e-02, 
 2DIAGNOSTIC,     8, -6.101155250011e-01, 1.797693134862e+308, 1.7009e+00, 3.6105e-02, 
 2DIAGNOSTIC,     9, -6.102620720483e-01, 1.797693134862e+308, 1.7360e+00, 3.5107e-02, 
 2DIAGNOSTIC,    10, -6.105318950784e-01, 7.420348117245e-04, 1.7741e+00, 3.8103e-02, 
 2DIAGNOSTIC,    11, -6.105950375987e-01, 4.966545194767e-04, 1.8202e+00, 4.6101e-02, 
 2DIAGNOSTIC,    12, -6.105785382665e-01, 2.969752317743e-04, 1.8649e+00, 4.4677e-02, 
 2DIAGNOSTIC,    13, -6.105601991171e-01, 1.664411666915e-04, 1.9033e+00, 3.8487e-02, 
 2DIAGNOSTIC,    14, -6.105475743747e-01, 9.733634167444e-05, 1.9412e+00, 3.7827e-02, 
 2DIAGNOSTIC,    15, -6.105437748036e-01, 6.622229627898e-05, 1.9802e+00, 3.8990e-02, 
 2DIAGNOSTIC,    16, -6.105377901618e-01, 3.968459643737e-05, 2.0216e+00, 4.1448e-02, 
 2DIAGNOSTIC,    17, -6.105334311054e-01, 1.949239559325e-05, 2.0614e+00, 3.9756e-02, 
 2DIAGNOSTIC,    18, -6.105313899375e-01, 7.269087487320e-06, 2.0993e+00, 3.7953e-02, 
DIAGNOSTIC,Iteration,metricValue,convergenceValue,ITERATION_TIME_INDEX,SINCE_LAST
 2DIAGNOSTIC,     1, -5.341342900742e-01, 1.797693134862e+308, 3.1938e+00, 1.0945e+00, 
 2DIAGNOSTIC,     2, -5.345719985416e-01, 1.797693134862e+308, 3.4672e+00, 2.7340e-01, 
 2DIAGNOSTIC,     3, -5.348905080892e-01, 1.797693134862e+308, 3.7476e+00, 2.8038e-01, 
 2DIAGNOSTIC,     4, -5.350281187948e-01, 1.797693134862e+308, 4.0264e+00, 2.7879e-01, 
 2DIAGNOSTIC,     5, -5.351808743000e-01, 1.797693134862e+308, 4.2900e+00, 2.6369e-01, 
 2DIAGNOSTIC,     6, -5.355316957346e-01, 1.797693134862e+308, 4.6290e+00, 3.3897e-01, 
 2DIAGNOSTIC,     7, -5.356147465656e-01, 1.797693134862e+308, 4.8866e+00, 2.5755e-01, 
 2DIAGNOSTIC,     8, -5.356985638631e-01, 1.797693134862e+308, 5.2470e+00, 3.6043e-01, 
 2DIAGNOSTIC,     9, -5.358037513692e-01, 1.797693134862e+308, 5.5198e+00, 2.7283e-01, 
 2DIAGNOSTIC,    10, -5.360808568553e-01, 2.114213432063e-04, 5.7953e+00, 2.7551e-01, 
 2DIAGNOSTIC,    11, -5.364052305770e-01, 1.801610959073e-04, 6.0645e+00, 2.6921e-01, 
 2DIAGNOSTIC,    12, -5.371072128549e-01, 1.880766633424e-04, 6.5726e+00, 5.0807e-01, 
 2DIAGNOSTIC,    13, -5.371082592925e-01, 1.906616808373e-04, 6.8948e+00, 3.2220e-01, 
 2DIAGNOSTIC,    14, -5.371099351810e-01, 1.815095345094e-04, 7.1691e+00, 2.7427e-01, 
 2DIAGNOSTIC,    15, -5.371091360622e-01, 1.625027561294e-04, 7.4535e+00, 2.8442e-01, 
 2DIAGNOSTIC,    16, -5.371065750518e-01, 1.424258817666e-04, 7.7580e+00, 3.0451e-01, 
 2DIAGNOSTIC,    17, -5.371073670634e-01, 1.141053995840e-04, 8.1242e+00, 3.6620e-01, 
 2DIAGNOSTIC,    18, -5.371072940910e-01, 8.112291505064e-05, 8.4099e+00, 2.8564e-01, 
 2DIAGNOSTIC,    19, -5.371076166961e-01, 4.741548236934e-05, 8.6864e+00, 2.7650e-01, 
 2DIAGNOSTIC,    20, -5.371065843731e-01, 2.013111600040e-05, 8.9838e+00, 2.9748e-01, 
 2DIAGNOSTIC,    21, -5.371067377613e-01, 1.408935162928e-06, 9.2944e+00, 3.1059e-01, 
 2DIAGNOSTIC,    22, -5.371061944208e-01, 1.299477532454e-06, 9.5742e+00, 2.7974e-01, 
 2DIAGNOSTIC,    23, -5.371044839928e-01, 1.195826776580e-06, 9.8514e+00, 2.7727e-01, 
 2DIAGNOSTIC,    24, -5.371049860930e-01, 1.167739859663e-06, 1.0157e+01, 3.0529e-01, 
