
##########################
# Experiment information #
##########################

EXPERIMENT_NAME: antsRegistration-r8-p15
VFC_BACKENDS: libinterflop_vprec.so --range-binary32=8 --precision-binary32=15 --range-binary64=8 --precision-binary64=15

SIF_IMG: /home/mdugre/projects/rrg-glatard/mdugre/containers/ants-vprec-no_metrics.simg

SUBJECT_ID: s035
INPUT_IMG: /home/mdugre/scratch/mri-registration-rp/datasets/ds004513/derivatives/mri-registration-rp/antsBrainExtraction/sub-s035/BrainExtractionBrain.nii.gz
OUTPUT_DIR: /home/mdugre/scratch/mri-registration-rp/datasets/ds004513/derivatives/mri-registration-rp/0001/antsRegistration-r8-p15/sub-s035

FIXED_IMG: /templateflow/tpl-MNI152NLin2009cAsym/tpl-MNI152NLin2009cAsym_res-01_desc-brain_T1w.nii.gz
DATA_DIR: /home/mdugre/scratch/mri-registration-rp/datasets/ds004513
TEMPLATEFLOW_DIR: /home/mdugre/projects/rrg-glatard/mdugre/templateflow
ITK_GLOBAL_DEFAULT_NUMBER_OF_THREADS: 16
##########################

Info [verificarlo]: loaded backend libinterflop_ieee.so
Info [interflop-ieee]: load backend with:
Info [interflop-ieee]: debug = false
Info [interflop-ieee]: debug-binary = false
Info [interflop-ieee]: no-backend-name = false
Info [interflop-ieee]: print-new-line = false
Info [interflop-ieee]: print-subnormal-normalized = false
Info [interflop-ieee]: count-op = false
All_Command_lines_OK
Using double precision for computations.
=============================================================================
The composite transform comprises the following transforms (in order): 
  1. Center of mass alignment using fixed image: /templateflow/tpl-MNI152NLin2009cAsym/tpl-MNI152NLin2009cAsym_res-01_desc-brain_T1w.nii.gz and moving image: /home/mdugre/scratch/mri-registration-rp/datasets/ds004513/derivatives/mri-registration-rp/antsBrainExtraction/sub-s035/BrainExtractionBrain.nii.gz (type = Euler3DTransform)
=============================================================================
  number of levels = 1
  fixed image: /templateflow/tpl-MNI152NLin2009cAsym/tpl-MNI152NLin2009cAsym_res-01_desc-brain_T1w.nii.gz
  moving image: /home/mdugre/scratch/mri-registration-rp/datasets/ds004513/derivatives/mri-registration-rp/antsBrainExtraction/sub-s035/BrainExtractionBrain.nii.gz
Dimension = 3
Number of stages = 1
Use histogram matching = false
Winsorize image intensities = true
  Lower quantile = 0.005
  Upper quantile = 0.995


Stage 1 State
   Image metric = MattesMI
     Fixed image = Image (0x436ee70)
  RTTI typeinfo:   itk::Image<double, 3u>
  Reference Count: 2
  Modified Time: 2330
  Debug: Off
  Object Name: 
  Observers: 
    none
  Source: (none)
  Source output name: (none)
  Release Data: Off
  Data Released: False
  Global Release Data: Off
  PipelineMTime: 0
  UpdateMTime: 1941
  RealTimeStamp: 0 seconds 
  LargestPossibleRegion: 
    Dimension: 3
    Index: [0, 0, 0]
    Size: [193, 229, 193]
  BufferedRegion: 
    Dimension: 3
    Index: [0, 0, 0]
    Size: [193, 229, 193]
  RequestedRegion: 
    Dimension: 3
    Index: [0, 0, 0]
    Size: [193, 229, 193]
  Spacing: [1, 1, 1]
  Origin: [96, 132, -78]
  Direction: 
-1 0 0
0 -1 0
0 0 1

  IndexToPointMatrix: 
-1 0 0
0 -1 0
0 0 1

  PointToIndexMatrix: 
-1 0 0
0 -1 0
0 0 1

  Inverse Direction: 
-1 0 0
0 -1 0
0 0 1

  PixelContainer: 
    ImportImageContainer (0x4377c60)
      RTTI typeinfo:   itk::ImportImageContainer<unsigned long, double>
      Reference Count: 1
      Modified Time: 1938
      Debug: Off
      Object Name: 
      Observers: 
        none
      Pointer: 0x14ef3959f010
      Container manages memory: true
      Size: 8530021
      Capacity: 8530021

     Moving image = Image (0x440bec0)
  RTTI typeinfo:   itk::Image<double, 3u>
  Reference Count: 2
  Modified Time: 2331
  Debug: Off
  Object Name: 
  Observers: 
    none
  Source: (none)
  Source output name: (none)
  Release Data: Off
  Data Released: False
  Global Release Data: Off
  PipelineMTime: 0
  UpdateMTime: 2328
  RealTimeStamp: 0 seconds 
  LargestPossibleRegion: 
    Dimension: 3
    Index: [0, 0, 0]
    Size: [160, 240, 256]
  BufferedRegion: 
    Dimension: 3
    Index: [0, 0, 0]
    Size: [160, 240, 256]
  RequestedRegion: 
    Dimension: 3
    Index: [0, 0, 0]
    Size: [160, 240, 256]
  Spacing: [1, 1, 1]
  Origin: [98.6438, 87.6358, -117.989]
  Direction: 
-0.993515 -0.100993 -0.0522355
0.100854 -0.994887 0.00530255
-0.0525039 1.93537e-08 0.998621

  IndexToPointMatrix: 
-0.993515 -0.100993 -0.0522355
0.100854 -0.994887 0.00530255
-0.0525039 1.93537e-08 0.998621

  PointToIndexMatrix: 
-0.993515 0.100854 -0.0525039
-0.100993 -0.994887 1.93006e-08
-0.0522355 0.00530255 0.998621

  Inverse Direction: 
-0.993515 0.100854 -0.0525039
-0.100993 -0.994887 1.93006e-08
-0.0522355 0.00530255 0.998621

  PixelContainer: 
    ImportImageContainer (0x44a3610)
      RTTI typeinfo:   itk::ImportImageContainer<unsigned long, double>
      Reference Count: 1
      Modified Time: 2325
      Debug: Off
      Object Name: 
      Observers: 
        none
      Pointer: 0x14ef34a9e010
      Container manages memory: true
      Size: 9830400
      Capacity: 9830400

     Weighting = 1
     Sampling strategy = regular
     Number of bins = 32
     Radius = 4
     Sampling percentage  = 0.25
   Transform = Rigid
     Gradient step = 0.1
     Update field sigma (voxel space) = 0
     Total field sigma (voxel space) = 0
     Update field time sigma = 0
     Total field time sigma  = 0
     Number of time indices = 0
     Number of time point samples = 0
Registration using 1 total stages.

Stage 0
  iterations = 0
  convergence threshold = 1e-06
  convergence window size = 10
  number of levels = 1
  using the Mattes MI metric (number of bins = 32, weight = 1, use gradient filter = 0)
  preprocessing:  winsorizing the image intensities
  Shrink factors (level 1 out of 1): [1, 1, 1]
  smoothing sigmas per level: [0]
  regular sampling (percentage = 0.25)

*** Running Euler3DTransform registration ***

  Elapsed time (stage 0): 1.14243


Total elapsed time: 1.14503
Info [verificarlo]: loaded backend libinterflop_ieee.so
Info [interflop-ieee]: load backend with:
Info [interflop-ieee]: debug = false
Info [interflop-ieee]: debug-binary = false
Info [interflop-ieee]: no-backend-name = false
Info [interflop-ieee]: print-new-line = false
Info [interflop-ieee]: print-subnormal-normalized = false
Info [interflop-ieee]: count-op = false
All_Command_lines_OK
Using double precision for computations.
=============================================================================
The composite transform comprises the following transforms (in order): 
  1. /home/mdugre/scratch/mri-registration-rp/datasets/ds004513/derivatives/mri-registration-rp/0001/antsRegistration-r8-p15/sub-s035/align_Composite.h5[0] (type = Euler3DTransform)
  2. /home/mdugre/scratch/mri-registration-rp/datasets/ds004513/derivatives/mri-registration-rp/0001/antsRegistration-r8-p15/sub-s035/align_Composite.h5[1] (type = Euler3DTransform)
=============================================================================
  number of levels = 4
  fixed image: /templateflow/tpl-MNI152NLin2009cAsym/tpl-MNI152NLin2009cAsym_res-01_desc-brain_T1w.nii.gz
  moving image: /home/mdugre/scratch/mri-registration-rp/datasets/ds004513/derivatives/mri-registration-rp/antsBrainExtraction/sub-s035/BrainExtractionBrain.nii.gz
Dimension = 3
Number of stages = 1
Use histogram matching = false
Winsorize image intensities = true
  Lower quantile = 0.005
  Upper quantile = 0.995


Stage 1 State
   Image metric = MattesMI
     Fixed image = Image (0x3908530)
  RTTI typeinfo:   itk::Image<double, 3u>
  Reference Count: 2
  Modified Time: 1578
  Debug: Off
  Object Name: 
  Observers: 
    none
  Source: (none)
  Source output name: (none)
  Release Data: Off
  Data Released: False
  Global Release Data: Off
  PipelineMTime: 0
  UpdateMTime: 1189
  RealTimeStamp: 0 seconds 
  LargestPossibleRegion: 
    Dimension: 3
    Index: [0, 0, 0]
    Size: [193, 229, 193]
  BufferedRegion: 
    Dimension: 3
    Index: [0, 0, 0]
    Size: [193, 229, 193]
  RequestedRegion: 
    Dimension: 3
    Index: [0, 0, 0]
    Size: [193, 229, 193]
  Spacing: [1, 1, 1]
  Origin: [96, 132, -78]
  Direction: 
-1 0 0
0 -1 0
0 0 1

  IndexToPointMatrix: 
-1 0 0
0 -1 0
0 0 1

  PointToIndexMatrix: 
-1 0 0
0 -1 0
0 0 1

  Inverse Direction: 
-1 0 0
0 -1 0
0 0 1

  PixelContainer: 
    ImportImageContainer (0x39c6d60)
      RTTI typeinfo:   itk::ImportImageContainer<unsigned long, double>
      Reference Count: 1
      Modified Time: 1186
      Debug: Off
      Object Name: 
      Observers: 
        none
      Pointer: 0x154afafd2010
      Container manages memory: true
      Size: 8530021
      Capacity: 8530021

     Moving image = Image (0x39b8f60)
  RTTI typeinfo:   itk::Image<double, 3u>
  Reference Count: 2
  Modified Time: 1579
  Debug: Off
  Object Name: 
  Observers: 
    none
  Source: (none)
  Source output name: (none)
  Release Data: Off
  Data Released: False
  Global Release Data: Off
  PipelineMTime: 0
  UpdateMTime: 1576
  RealTimeStamp: 0 seconds 
  LargestPossibleRegion: 
    Dimension: 3
    Index: [0, 0, 0]
    Size: [160, 240, 256]
  BufferedRegion: 
    Dimension: 3
    Index: [0, 0, 0]
    Size: [160, 240, 256]
  RequestedRegion: 
    Dimension: 3
    Index: [0, 0, 0]
    Size: [160, 240, 256]
  Spacing: [1, 1, 1]
  Origin: [98.6438, 87.6358, -117.989]
  Direction: 
-0.993515 -0.100993 -0.0522355
0.100854 -0.994887 0.00530255
-0.0525039 1.93537e-08 0.998621

  IndexToPointMatrix: 
-0.993515 -0.100993 -0.0522355
0.100854 -0.994887 0.00530255
-0.0525039 1.93537e-08 0.998621

  PointToIndexMatrix: 
-0.993515 0.100854 -0.0525039
-0.100993 -0.994887 1.93006e-08
-0.0522355 0.00530255 0.998621

  Inverse Direction: 
-0.993515 0.100854 -0.0525039
-0.100993 -0.994887 1.93006e-08
-0.0522355 0.00530255 0.998621

  PixelContainer: 
    ImportImageContainer (0x39aa6d0)
      RTTI typeinfo:   itk::ImportImageContainer<unsigned long, double>
      Reference Count: 1
      Modified Time: 1573
      Debug: Off
      Object Name: 
      Observers: 
        none
      Pointer: 0x154af64d1010
      Container manages memory: true
      Size: 9830400
      Capacity: 9830400

     Weighting = 1
     Sampling strategy = regular
     Number of bins = 32
     Radius = 4
     Sampling percentage  = 0.25
   Transform = Rigid
     Gradient step = 0.1
     Update field sigma (voxel space) = 0
     Total field sigma (voxel space) = 0
     Update field time sigma = 0
     Total field time sigma  = 0
     Number of time indices = 0
     Number of time point samples = 0
Registration using 1 total stages.

Stage 0
  iterations = 1000x500x250x100
  convergence threshold = 1e-06
  convergence window size = 10
  number of levels = 4
  using the Mattes MI metric (number of bins = 32, weight = 1, use gradient filter = 0)
  preprocessing:  winsorizing the image intensities
  Shrink factors (level 1 out of 4): [8, 8, 8]
  Shrink factors (level 2 out of 4): [4, 4, 4]
  Shrink factors (level 3 out of 4): [2, 2, 2]
  Shrink factors (level 4 out of 4): [1, 1, 1]
  smoothing sigmas per level: [3, 2, 1, 0]
  regular sampling (percentage = 0.25)

*** Running Euler3DTransform registration ***

DIAGNOSTIC,Iteration,metricValue,convergenceValue,ITERATION_TIME_INDEX,SINCE_LAST
 2DIAGNOSTIC,     1, -5.238630234552e-01, 1.797693134862e+308, 7.8170e-01, 7.8170e-01, 
 2DIAGNOSTIC,     2, -5.257885820767e-01, 1.797693134862e+308, 7.8711e-01, 5.4061e-03, 
 2DIAGNOSTIC,     3, -5.278597554839e-01, 1.797693134862e+308, 7.9239e-01, 5.2769e-03, 
 2DIAGNOSTIC,     4, -5.302176117225e-01, 1.797693134862e+308, 7.9700e-01, 4.6151e-03, 
 2DIAGNOSTIC,     5, -5.343462816845e-01, 1.797693134862e+308, 8.0167e-01, 4.6639e-03, 
 2DIAGNOSTIC,     6, -5.399239396740e-01, 1.797693134862e+308, 8.0627e-01, 4.6041e-03, 
 2DIAGNOSTIC,     7, -5.490554822001e-01, 1.797693134862e+308, 8.1102e-01, 4.7460e-03, 
 2DIAGNOSTIC,     8, -5.545204224448e-01, 1.797693134862e+308, 8.1693e-01, 5.9109e-03, 
 2DIAGNOSTIC,     9, -5.601437715553e-01, 1.797693134862e+308, 8.2148e-01, 4.5500e-03, 
 2DIAGNOSTIC,    10, -5.617741193774e-01, 5.067640484485e-03, 8.2644e-01, 4.9670e-03, 
 2DIAGNOSTIC,    11, -5.649562249041e-01, 4.796539612083e-03, 8.3300e-01, 6.5598e-03, 
 2DIAGNOSTIC,    12, -5.658710903081e-01, 4.260783098155e-03, 8.3879e-01, 5.7871e-03, 
 2DIAGNOSTIC,    13, -5.662828333056e-01, 3.524744036645e-03, 8.4373e-01, 4.9379e-03, 
 2DIAGNOSTIC,    14, -5.685908474577e-01, 2.751340472953e-03, 8.5016e-01, 6.4352e-03, 
 2DIAGNOSTIC,    15, -5.732745043306e-01, 2.134644679428e-03, 8.5795e-01, 7.7920e-03, 
 2DIAGNOSTIC,    16, -5.738084427846e-01, 1.591333148337e-03, 8.6403e-01, 6.0768e-03, 
 2DIAGNOSTIC,    17, -5.739093703465e-01, 1.247363567740e-03, 8.6911e-01, 5.0750e-03, 
 2DIAGNOSTIC,    18, -5.745773598458e-01, 1.002163966316e-03, 8.7401e-01, 4.9081e-03, 
 2DIAGNOSTIC,    19, -5.752045522722e-01, 8.579763081922e-04, 8.7948e-01, 5.4619e-03, 
 2DIAGNOSTIC,    20, -5.755578777726e-01, 6.955845773866e-04, 8.8428e-01, 4.8020e-03, 
 2DIAGNOSTIC,    21, -5.761681227725e-01, 5.767135182693e-04, 8.8934e-01, 5.0640e-03, 
 2DIAGNOSTIC,    22, -5.775610178280e-01, 4.707067062523e-04, 8.9406e-01, 4.7140e-03, 
 2DIAGNOSTIC,    23, -5.801876522131e-01, 3.965856196767e-04, 8.9961e-01, 5.5540e-03, 
 2DIAGNOSTIC,    24, -5.873578871749e-01, 4.881452203632e-04, 9.0703e-01, 7.4229e-03, 
 2DIAGNOSTIC,    25, -5.924052233459e-01, 7.199711434476e-04, 9.1432e-01, 7.2880e-03, 
 2DIAGNOSTIC,    26, -5.933789722504e-01, 8.944842699339e-04, 9.2078e-01, 6.4631e-03, 
 2DIAGNOSTIC,    27, -5.948140362543e-01, 1.002036484359e-03, 9.2656e-01, 5.7740e-03, 
 2DIAGNOSTIC,    28, -5.954370004520e-01, 1.029952320794e-03, 9.3176e-01, 5.2061e-03, 
 2DIAGNOSTIC,    29, -5.955619965599e-01, 9.699000562291e-04, 9.3698e-01, 5.2190e-03, 
 2DIAGNOSTIC,    30, -5.960977142415e-01, 8.366692959401e-04, 9.4248e-01, 5.5001e-03, 
 2DIAGNOSTIC,    31, -5.971105016138e-01, 6.606986235129e-04, 9.4853e-01, 6.0499e-03, 
 2DIAGNOSTIC,    32, -5.989728413270e-01, 4.853112632072e-04, 9.5643e-01, 7.8969e-03, 
 2DIAGNOSTIC,    33, -5.996340171142e-01, 3.222359246988e-04, 9.6179e-01, 5.3561e-03, 
 2DIAGNOSTIC,    34, -5.997688324802e-01, 2.443793013885e-04, 9.6702e-01, 5.2352e-03, 
 2DIAGNOSTIC,    35, -5.999328162763e-01, 2.224308787915e-04, 9.7358e-01, 6.5570e-03, 
 2DIAGNOSTIC,    36, -6.001598298541e-01, 1.965988106999e-04, 9.7926e-01, 5.6791e-03, 
 2DIAGNOSTIC,    37, -6.004938012975e-01, 1.767006118173e-04, 9.8547e-01, 6.2072e-03, 
 2DIAGNOSTIC,    38, -6.008280010178e-01, 1.536048162024e-04, 9.9116e-01, 5.6980e-03, 
 2DIAGNOSTIC,    39, -6.038559363790e-01, 1.574331426598e-04, 9.9787e-01, 6.7081e-03, 
 2DIAGNOSTIC,    40, -6.077047303246e-01, 1.993081246990e-04, 1.0039e+00, 6.0301e-03, 
 2DIAGNOSTIC,    41, -6.174632731193e-01, 3.481387475127e-04, 1.0116e+00, 7.7310e-03, 
 2DIAGNOSTIC,    42, -6.161977871137e-01, 4.608907391749e-04, 1.0227e+00, 1.1057e-02, 
 2DIAGNOSTIC,    43, -6.161564538789e-01, 5.335371252522e-04, 1.0284e+00, 5.7189e-03, 
 2DIAGNOSTIC,    44, -6.170772234095e-01, 5.644820938687e-04, 1.0337e+00, 5.3229e-03, 
 2DIAGNOSTIC,    45, -6.185357284473e-01, 5.560475728789e-04, 1.0391e+00, 5.3351e-03, 
 2DIAGNOSTIC,    46, -6.206472608676e-01, 5.180558634780e-04, 1.0447e+00, 5.5981e-03, 
 2DIAGNOSTIC,    47, -6.234100426936e-01, 4.649604646171e-04, 1.0499e+00, 5.1861e-03, 
 2DIAGNOSTIC,    48, -6.282459765566e-01, 4.232184016119e-04, 1.0552e+00, 5.3201e-03, 
 2DIAGNOSTIC,    49, -6.332856925035e-01, 4.219353803342e-04, 1.0609e+00, 5.7089e-03, 
 2DIAGNOSTIC,    50, -6.437673305960e-01, 5.158700503881e-04, 1.0664e+00, 5.5199e-03, 
 2DIAGNOSTIC,    51, -6.567709936338e-01, 7.709771442380e-04, 1.0720e+00, 5.6491e-03, 
 2DIAGNOSTIC,    52, -6.630139278689e-01, 9.856114995853e-04, 1.0786e+00, 6.5839e-03, 
 2DIAGNOSTIC,    53, -6.637658020484e-01, 1.103854818737e-03, 1.0848e+00, 6.1250e-03, 
 2DIAGNOSTIC,    54, -6.646848075285e-01, 1.129224551320e-03, 1.0907e+00, 5.9500e-03, 
 2DIAGNOSTIC,    55, -6.699954766983e-01, 1.103370212459e-03, 1.1012e+00, 1.0472e-02, 
 2DIAGNOSTIC,    56, -6.720089930393e-01, 1.005089793911e-03, 1.1092e+00, 8.0149e-03, 
 2DIAGNOSTIC,    57, -6.720481673881e-01, 8.375237914248e-04, 1.1149e+00, 5.7421e-03, 
 2DIAGNOSTIC,    58, -6.725919536931e-01, 6.425664085147e-04, 1.1207e+00, 5.7750e-03, 
 2DIAGNOSTIC,    59, -6.729036367983e-01, 4.360793920540e-04, 1.1263e+00, 5.5771e-03, 
 2DIAGNOSTIC,    60, -6.731488722856e-01, 2.773042114698e-04, 1.1314e+00, 5.1498e-03, 
 2DIAGNOSTIC,    61, -6.734259059610e-01, 1.993309685728e-04, 1.1367e+00, 5.2650e-03, 
 2DIAGNOSTIC,    62, -6.739132092124e-01, 1.568960621571e-04, 1.1420e+00, 5.2609e-03, 
 2DIAGNOSTIC,    63, -6.762843135105e-01, 1.247263402951e-04, 1.1491e+00, 7.1120e-03, 
 2DIAGNOSTIC,    64, -6.766381499453e-01, 8.969359093702e-05, 1.1543e+00, 5.2481e-03, 
 2DIAGNOSTIC,    65, -6.771215131272e-01, 8.898274798834e-05, 1.1596e+00, 5.2311e-03, 
 2DIAGNOSTIC,    66, -6.778537139732e-01, 9.953404198090e-05, 1.1655e+00, 5.9280e-03, 
 2DIAGNOSTIC,    67, -6.792268341945e-01, 1.098307628673e-04, 1.1728e+00, 7.3271e-03, 
 2DIAGNOSTIC,    68, -6.807680716204e-01, 1.231389372869e-04, 1.1782e+00, 5.3930e-03, 
 2DIAGNOSTIC,    69, -6.815199401242e-01, 1.312163005213e-04, 1.1840e+00, 5.7771e-03, 
 2DIAGNOSTIC,    70, -6.818104541428e-01, 1.303108543444e-04, 1.1919e+00, 7.9100e-03, 
 2DIAGNOSTIC,    71, -6.820510082136e-01, 1.205021712334e-04, 1.1976e+00, 5.7108e-03, 
 2DIAGNOSTIC,    72, -6.822316825504e-01, 1.032400105543e-04, 1.2034e+00, 5.7821e-03, 
 2DIAGNOSTIC,    73, -6.825798736474e-01, 9.372185523706e-05, 1.2114e+00, 7.9761e-03, 
 2DIAGNOSTIC,    74, -6.826264019228e-01, 7.797270392539e-05, 1.2174e+00, 6.0430e-03, 
 2DIAGNOSTIC,    75, -6.826914624996e-01, 5.871111544182e-05, 1.2232e+00, 5.8000e-03, 
 2DIAGNOSTIC,    76, -6.828123398184e-01, 3.951687883791e-05, 1.2286e+00, 5.4200e-03, 
 2DIAGNOSTIC,    77, -6.832344979225e-01, 2.762862415640e-05, 1.2341e+00, 5.5130e-03, 
 2DIAGNOSTIC,    78, -6.838171591277e-01, 2.580823206389e-05, 1.2513e+00, 1.7165e-02, 
 2DIAGNOSTIC,    79, -6.837376158322e-01, 2.542035791051e-05, 1.2578e+00, 6.4921e-03, 
 2DIAGNOSTIC,    80, -6.837940786419e-01, 2.471283932886e-05, 1.2634e+00, 5.6250e-03, 
 2DIAGNOSTIC,    81, -6.839726319769e-01, 2.407006227328e-05, 1.2690e+00, 5.5721e-03, 
 2DIAGNOSTIC,    82, -6.841107562755e-01, 2.281006042747e-05, 1.2746e+00, 5.6429e-03, 
 2DIAGNOSTIC,    83, -6.851045552410e-01, 2.675677426946e-05, 1.2825e+00, 7.8290e-03, 
 2DIAGNOSTIC,    84, -6.858177347829e-01, 3.208714135283e-05, 1.2893e+00, 6.8660e-03, 
 2DIAGNOSTIC,    85, -6.861555282961e-01, 3.640258698320e-05, 1.2976e+00, 8.2471e-03, 
 2DIAGNOSTIC,    86, -6.861558241423e-01, 3.780061831196e-05, 1.3021e+00, 4.5350e-03, 
 2DIAGNOSTIC,    87, -6.861668410781e-01, 3.777664066579e-05, 1.3073e+00, 5.1959e-03, 
 2DIAGNOSTIC,    88, -6.861798902581e-01, 3.717398075690e-05, 1.3123e+00, 4.9820e-03, 
 2DIAGNOSTIC,    89, -6.861875843600e-01, 3.259264316269e-05, 1.3178e+00, 5.5139e-03, 
 2DIAGNOSTIC,    90, -6.861914057814e-01, 2.533781130054e-05, 1.3226e+00, 4.7588e-03, 
 2DIAGNOSTIC,    91, -6.861983968960e-01, 1.686225177728e-05, 1.3273e+00, 4.7810e-03, 
 2DIAGNOSTIC,    92, -6.862112979608e-01, 7.666097808430e-06, 1.3321e+00, 4.7982e-03, 
 2DIAGNOSTIC,    93, -6.862267005906e-01, 2.805937169051e-06, 1.3370e+00, 4.8668e-03, 
 2DIAGNOSTIC,    94, -6.862421142812e-01, 1.277271145650e-06, 1.3424e+00, 5.4080e-03, 
 2DIAGNOSTIC,    95, -6.863402670099e-01, 1.767601129085e-06, 1.3487e+00, 6.2759e-03, 
 2DIAGNOSTIC,    96, -6.863402401199e-01, 2.100284441765e-06, 1.3536e+00, 4.9131e-03, 
 2DIAGNOSTIC,    97, -6.863404840924e-01, 2.313797048665e-06, 1.3586e+00, 4.9911e-03, 
 2DIAGNOSTIC,    98, -6.863412460242e-01, 2.402044354940e-06, 1.3641e+00, 5.4839e-03, 
 2DIAGNOSTIC,    99, -6.863464775908e-01, 2.346441941857e-06, 1.3712e+00, 7.1640e-03, 
 2DIAGNOSTIC,   100, -6.863467809928e-01, 2.109925984666e-06, 1.3779e+00, 6.6550e-03, 
 2DIAGNOSTIC,   101, -6.863467868121e-01, 1.737766060356e-06, 1.3934e+00, 1.5506e-02, 
 2DIAGNOSTIC,   102, -6.863467868120e-01, 1.301381923894e-06, 1.4026e+00, 9.2049e-03, 
DIAGNOSTIC,Iteration,metricValue,convergenceValue,ITERATION_TIME_INDEX,SINCE_LAST
 2DIAGNOSTIC,     1, -5.582110447566e-01, 1.797693134862e+308, 2.2002e+00, 7.9763e-01, 
 2DIAGNOSTIC,     2, -5.585589705884e-01, 1.797693134862e+308, 2.2341e+00, 3.3877e-02, 
 2DIAGNOSTIC,     3, -5.591022089074e-01, 1.797693134862e+308, 2.2679e+00, 3.3797e-02, 
 2DIAGNOSTIC,     4, -5.597970674683e-01, 1.797693134862e+308, 2.3078e+00, 3.9898e-02, 
 2DIAGNOSTIC,     5, -5.608405033768e-01, 1.797693134862e+308, 2.3570e+00, 4.9227e-02, 
 2DIAGNOSTIC,     6, -5.612106938621e-01, 1.797693134862e+308, 2.4024e+00, 4.5393e-02, 
 2DIAGNOSTIC,     7, -5.624344943836e-01, 1.797693134862e+308, 2.4462e+00, 4.3755e-02, 
 2DIAGNOSTIC,     8, -5.635461151086e-01, 1.797693134862e+308, 2.4815e+00, 3.5314e-02, 
 2DIAGNOSTIC,     9, -5.651802255221e-01, 1.797693134862e+308, 2.5221e+00, 4.0564e-02, 
 2DIAGNOSTIC,    10, -5.659762756588e-01, 9.123733669988e-04, 2.5640e+00, 4.1969e-02, 
 2DIAGNOSTIC,    11, -5.659933740015e-01, 8.620592339402e-04, 2.5979e+00, 3.3910e-02, 
 2DIAGNOSTIC,    12, -5.662192627090e-01, 7.681589927133e-04, 2.6329e+00, 3.4977e-02, 
 2DIAGNOSTIC,    13, -5.662859655070e-01, 6.424807469700e-04, 2.6901e+00, 5.7168e-02, 
 2DIAGNOSTIC,    14, -5.662804129003e-01, 5.002132429217e-04, 2.7397e+00, 4.9603e-02, 
 2DIAGNOSTIC,    15, -5.662826932009e-01, 3.670177889902e-04, 2.7823e+00, 4.2645e-02, 
 2DIAGNOSTIC,    16, -5.662676741153e-01, 2.283696937062e-04, 2.8251e+00, 4.2806e-02, 
 2DIAGNOSTIC,    17, -5.662443413984e-01, 1.208144125539e-04, 2.8700e+00, 4.4874e-02, 
 2DIAGNOSTIC,    18, -5.662379290601e-01, 4.416865623044e-05, 2.9103e+00, 4.0253e-02, 
 2DIAGNOSTIC,    19, -5.662417292276e-01, 1.464462686081e-05, 2.9438e+00, 3.3506e-02, 
 2DIAGNOSTIC,    20, -5.662380834443e-01, 6.922040478564e-06, 2.9905e+00, 4.6778e-02, 
DIAGNOSTIC,Iteration,metricValue,convergenceValue,ITERATION_TIME_INDEX,SINCE_LAST
 2DIAGNOSTIC,     1, -5.038383619319e-01, 1.797693134862e+308, 4.2366e+00, 1.2460e+00, 
 2DIAGNOSTIC,     2, -5.040179476340e-01, 1.797693134862e+308, 4.4992e+00, 2.6259e-01, 
 2DIAGNOSTIC,     3, -5.041595664683e-01, 1.797693134862e+308, 4.7791e+00, 2.7988e-01, 
 2DIAGNOSTIC,     4, -5.042733390673e-01, 1.797693134862e+308, 5.0637e+00, 2.8468e-01, 
 2DIAGNOSTIC,     5, -5.043224035359e-01, 1.797693134862e+308, 5.3273e+00, 2.6353e-01, 
 2DIAGNOSTIC,     6, -5.044735022973e-01, 1.797693134862e+308, 5.7003e+00, 3.7304e-01, 
 2DIAGNOSTIC,     7, -5.045122842751e-01, 1.797693134862e+308, 6.0987e+00, 3.9839e-01, 
 2DIAGNOSTIC,     8, -5.045142410177e-01, 1.797693134862e+308, 6.4138e+00, 3.1511e-01, 
 2DIAGNOSTIC,     9, -5.045137135052e-01, 1.797693134862e+308, 6.7871e+00, 3.7333e-01, 
 2DIAGNOSTIC,    10, -5.045131679020e-01, 8.734592725922e-05, 7.0992e+00, 3.1203e-01, 
 2DIAGNOSTIC,    11, -5.045097701165e-01, 5.747648361078e-05, 7.3676e+00, 2.6838e-01, 
 2DIAGNOSTIC,    12, -5.045085027209e-01, 3.592409811996e-05, 7.6366e+00, 2.6909e-01, 
 2DIAGNOSTIC,    13, -5.045094267503e-01, 2.084587593716e-05, 7.8931e+00, 2.5649e-01, 
 2DIAGNOSTIC,    14, -5.045098646621e-01, 1.088657229828e-05, 8.1838e+00, 2.9067e-01, 
 2DIAGNOSTIC,    15, -5.045069975771e-01, 3.060632779106e-06, 8.4668e+00, 2.8298e-01, 
 2DIAGNOSTIC,    16, -5.045056855228e-01, 1.369330753578e-06, 8.7170e+00, 2.5025e-01, 
 2DIAGNOSTIC,    17, -5.045016253087e-01, 1.083913842487e-06, 9.0010e+00, 2.8398e-01, 
DIAGNOSTIC,Iteration,metricValue,convergenceValue,ITERATION_TIME_INDEX,SINCE_LAST
 2DIAGNOSTIC,     1, -4.672499772202e-01, 1.797693134862e+308, 1.1783e+01, 2.7823e+00, 
 2DIAGNOSTIC,     2, -4.673307132303e-01, 1.797693134862e+308, 1.3456e+01, 1.6725e+00, 
 2DIAGNOSTIC,     3, -4.673461611920e-01, 1.797693134862e+308, 1.5106e+01, 1.6499e+00, 
 2DIAGNOSTIC,     4, -4.673486261886e-01, 1.797693134862e+308, 1.7656e+01, 2.5508e+00, 
 2DIAGNOSTIC,     5, -4.673491473987e-01, 1.797693134862e+308, 1.9560e+01, 1.9036e+00, 
 2DIAGNOSTIC,     6, -4.673490021370e-01, 1.797693134862e+308, 2.4361e+01, 4.8008e+00, 
 2DIAGNOSTIC,     7, -4.673490021323e-01, 1.797693134862e+308, 2.9197e+01, 4.8361e+00, 
 2DIAGNOSTIC,     8, -4.673490021323e-01, 1.797693134862e+308, 3.1075e+01, 1.8784e+00, 
 2DIAGNOSTIC,     9, -4.673490021323e-01, 1.797693134862e+308, 3.2796e+01, 1.7205e+00, 
 2DIAGNOSTIC,    10, -4.673490021323e-01, 1.030535664157e-05, 3.4507e+01, 1.7111e+00, 
 2DIAGNOSTIC,    11, -4.673490021323e-01, 4.051047591144e-06, 3.6228e+01, 1.7211e+00, 
 2DIAGNOSTIC,    12, -4.673490021323e-01, 2.806331368149e-06, 3.7917e+01, 1.6890e+00, 
 2DIAGNOSTIC,    13, -4.673490021323e-01, 2.458616274764e-06, 3.9624e+01, 1.7064e+00, 
 2DIAGNOSTIC,    14, -4.673490021323e-01, 2.265868763868e-06, 4.1342e+01, 1.7179e+00, 
 2DIAGNOSTIC,    15, -4.673490021323e-01, 2.120697752822e-06, 4.3165e+01, 1.8237e+00, 
 2DIAGNOSTIC,    16, -4.673490021323e-01, 1.988152190782e-06, 4.5103e+01, 1.9381e+00, 
 2DIAGNOSTIC,    17, -4.673490021323e-01, 1.871200289855e-06, 4.6494e+01, 1.3905e+00, 
 2DIAGNOSTIC,    18, -4.673490021323e-01, 1.767243230498e-06, 4.8361e+01, 1.8672e+00, 
 2DIAGNOSTIC,    19, -4.673490021323e-01, 1.674229167851e-06, 5.0110e+01, 1.7494e+00, 
 2DIAGNOSTIC,    20, -4.673490021323e-01, 1.590516631282e-06, 5.1693e+01, 1.5823e+00, 
 2DIAGNOSTIC,    21, -4.673490021323e-01, 1.514776815023e-06, 5.3076e+01, 1.3830e+00, 
 2DIAGNOSTIC,    22, -4.673490021323e-01, 1.445922517246e-06, 5.4592e+01, 1.5166e+00, 
 2DIAGNOSTIC,    23, -4.673490021323e-01, 1.383055616741e-06, 5.6092e+01, 1.4991e+00, 
 2DIAGNOSTIC,    24, -4.673490021323e-01, 1.325427680859e-06, 5.7647e+01, 1.5557e+00, 
 2DIAGNOSTIC,    25, -4.673490021323e-01, 1.272410027370e-06, 5.9169e+01, 1.5221e+00, 
 2DIAGNOSTIC,    26, -4.673490021323e-01, 1.223470695304e-06, 6.1015e+01, 1.8458e+00, 
 2DIAGNOSTIC,    27, -4.673490021323e-01, 1.178156533561e-06, 6.2544e+01, 1.5285e+00, 
 2DIAGNOSTIC,    28, -4.673490021323e-01, 1.136079127412e-06, 6.4473e+01, 1.9295e+00, 
 2DIAGNOSTIC,    29, -4.673490021323e-01, 1.096903637129e-06, 6.6091e+01, 1.6180e+00, 
 2DIAGNOSTIC,    30, -4.673490021323e-01, 1.060339868589e-06, 6.7787e+01, 1.6956e+00, 
 2DIAGNOSTIC,    31, -4.673490021323e-01, 1.026135072496e-06, 6.9352e+01, 1.5653e+00, 
  Elapsed time (stage 0): 7.0184e+01


Total elapsed time: 7.0186e+01
Info [verificarlo]: loaded backend libinterflop_ieee.so
Info [interflop-ieee]: load backend with:
Info [interflop-ieee]: debug = false
Info [interflop-ieee]: debug-binary = false
Info [interflop-ieee]: no-backend-name = false
Info [interflop-ieee]: print-new-line = false
Info [interflop-ieee]: print-subnormal-normalized = false
Info [interflop-ieee]: count-op = false
All_Command_lines_OK
Using double precision for computations.
=============================================================================
The composite transform comprises the following transforms (in order): 
  1. /home/mdugre/scratch/mri-registration-rp/datasets/ds004513/derivatives/mri-registration-rp/0001/antsRegistration-r8-p15/sub-s035/rigid_Composite.h5[0] (type = Euler3DTransform)
  2. /home/mdugre/scratch/mri-registration-rp/datasets/ds004513/derivatives/mri-registration-rp/0001/antsRegistration-r8-p15/sub-s035/rigid_Composite.h5[1] (type = Euler3DTransform)
  3. /home/mdugre/scratch/mri-registration-rp/datasets/ds004513/derivatives/mri-registration-rp/0001/antsRegistration-r8-p15/sub-s035/rigid_Composite.h5[2] (type = Euler3DTransform)
=============================================================================
  number of levels = 4
  fixed image: /templateflow/tpl-MNI152NLin2009cAsym/tpl-MNI152NLin2009cAsym_res-01_desc-brain_T1w.nii.gz
  moving image: /home/mdugre/scratch/mri-registration-rp/datasets/ds004513/derivatives/mri-registration-rp/antsBrainExtraction/sub-s035/BrainExtractionBrain.nii.gz
Dimension = 3
Number of stages = 1
Use histogram matching = false
Winsorize image intensities = true
  Lower quantile = 0.005
  Upper quantile = 0.995


Stage 1 State
   Image metric = MattesMI
     Fixed image = Image (0x3ce27e0)
  RTTI typeinfo:   itk::Image<double, 3u>
  Reference Count: 2
  Modified Time: 1592
  Debug: Off
  Object Name: 
  Observers: 
    none
  Source: (none)
  Source output name: (none)
  Release Data: Off
  Data Released: False
  Global Release Data: Off
  PipelineMTime: 0
  UpdateMTime: 1203
  RealTimeStamp: 0 seconds 
  LargestPossibleRegion: 
    Dimension: 3
    Index: [0, 0, 0]
    Size: [193, 229, 193]
  BufferedRegion: 
    Dimension: 3
    Index: [0, 0, 0]
    Size: [193, 229, 193]
  RequestedRegion: 
    Dimension: 3
    Index: [0, 0, 0]
    Size: [193, 229, 193]
  Spacing: [1, 1, 1]
  Origin: [96, 132, -78]
  Direction: 
-1 0 0
0 -1 0
0 0 1

  IndexToPointMatrix: 
-1 0 0
0 -1 0
0 0 1

  PointToIndexMatrix: 
-1 0 0
0 -1 0
0 0 1

  Inverse Direction: 
-1 0 0
0 -1 0
0 0 1

  PixelContainer: 
    ImportImageContainer (0x3da2a20)
      RTTI typeinfo:   itk::ImportImageContainer<unsigned long, double>
      Reference Count: 1
      Modified Time: 1200
      Debug: Off
      Object Name: 
      Observers: 
        none
      Pointer: 0x14a153362010
      Container manages memory: true
      Size: 8530021
      Capacity: 8530021

     Moving image = Image (0x3d9dd70)
  RTTI typeinfo:   itk::Image<double, 3u>
  Reference Count: 2
  Modified Time: 1593
  Debug: Off
  Object Name: 
  Observers: 
    none
  Source: (none)
  Source output name: (none)
  Release Data: Off
  Data Released: False
  Global Release Data: Off
  PipelineMTime: 0
  UpdateMTime: 1590
  RealTimeStamp: 0 seconds 
  LargestPossibleRegion: 
    Dimension: 3
    Index: [0, 0, 0]
    Size: [160, 240, 256]
  BufferedRegion: 
    Dimension: 3
    Index: [0, 0, 0]
    Size: [160, 240, 256]
  RequestedRegion: 
    Dimension: 3
    Index: [0, 0, 0]
    Size: [160, 240, 256]
  Spacing: [1, 1, 1]
  Origin: [98.6438, 87.6358, -117.989]
  Direction: 
-0.993515 -0.100993 -0.0522355
0.100854 -0.994887 0.00530255
-0.0525039 1.93537e-08 0.998621

  IndexToPointMatrix: 
-0.993515 -0.100993 -0.0522355
0.100854 -0.994887 0.00530255
-0.0525039 1.93537e-08 0.998621

  PointToIndexMatrix: 
-0.993515 0.100854 -0.0525039
-0.100993 -0.994887 1.93006e-08
-0.0522355 0.00530255 0.998621

  Inverse Direction: 
-0.993515 0.100854 -0.0525039
-0.100993 -0.994887 1.93006e-08
-0.0522355 0.00530255 0.998621

  PixelContainer: 
    ImportImageContainer (0x3d55c90)
      RTTI typeinfo:   itk::ImportImageContainer<unsigned long, double>
      Reference Count: 1
      Modified Time: 1587
      Debug: Off
      Object Name: 
      Observers: 
        none
      Pointer: 0x14a14e861010
      Container manages memory: true
      Size: 9830400
      Capacity: 9830400

     Weighting = 1
     Sampling strategy = regular
     Number of bins = 32
     Radius = 4
     Sampling percentage  = 0.25
   Transform = Affine
     Gradient step = 0.1
     Update field sigma (voxel space) = 0
     Total field sigma (voxel space) = 0
     Update field time sigma = 0
     Total field time sigma  = 0
     Number of time indices = 0
     Number of time point samples = 0
Registration using 1 total stages.

Stage 0
  iterations = 1000x500x250x100
  convergence threshold = 1e-06
  convergence window size = 10
  number of levels = 4
  using the Mattes MI metric (number of bins = 32, weight = 1, use gradient filter = 0)
  preprocessing:  winsorizing the image intensities
  Shrink factors (level 1 out of 4): [8, 8, 8]
  Shrink factors (level 2 out of 4): [4, 4, 4]
  Shrink factors (level 3 out of 4): [2, 2, 2]
  Shrink factors (level 4 out of 4): [1, 1, 1]
  smoothing sigmas per level: [3, 2, 1, 0]
  regular sampling (percentage = 0.25)

*** Running AffineTransform registration ***

DIAGNOSTIC,Iteration,metricValue,convergenceValue,ITERATION_TIME_INDEX,SINCE_LAST
 2DIAGNOSTIC,     1, -6.769807296664e-01, 1.797693134862e+308, 7.0405e-01, 7.0405e-01, 
 2DIAGNOSTIC,     2, -6.789186577840e-01, 1.797693134862e+308, 7.0954e-01, 5.4922e-03, 
 2DIAGNOSTIC,     3, -6.828474276420e-01, 1.797693134862e+308, 7.1465e-01, 5.1122e-03, 
 2DIAGNOSTIC,     4, -6.895692485254e-01, 1.797693134862e+308, 7.1949e-01, 4.8339e-03, 
 2DIAGNOSTIC,     5, -7.002277939954e-01, 1.797693134862e+308, 7.2438e-01, 4.8940e-03, 
 2DIAGNOSTIC,     6, -7.119489251606e-01, 1.797693134862e+308, 7.2930e-01, 4.9219e-03, 
 2DIAGNOSTIC,     7, -7.342056267620e-01, 1.797693134862e+308, 7.3510e-01, 5.7929e-03, 
 2DIAGNOSTIC,     8, -7.369323045137e-01, 1.797693134862e+308, 7.3996e-01, 4.8599e-03, 
 2DIAGNOSTIC,     9, -7.382699349787e-01, 1.797693134862e+308, 7.4486e-01, 4.9081e-03, 
 2DIAGNOSTIC,    10, -7.413556654489e-01, 7.096061271821e-03, 7.5073e-01, 5.8630e-03, 
 2DIAGNOSTIC,    11, -7.446883178906e-01, 6.237356889103e-03, 7.6066e-01, 9.9349e-03, 
 2DIAGNOSTIC,    12, -7.446732629143e-01, 5.023785289487e-03, 7.6570e-01, 5.0409e-03, 
 2DIAGNOSTIC,    13, -7.448838466296e-01, 3.680724707949e-03, 7.7069e-01, 4.9839e-03, 
 2DIAGNOSTIC,    14, -7.453022614523e-01, 2.410304838561e-03, 7.7566e-01, 4.9741e-03, 
 2DIAGNOSTIC,    15, -7.457254010617e-01, 1.384099356801e-03, 7.8080e-01, 5.1389e-03, 
 2DIAGNOSTIC,    16, -7.460164748922e-01, 6.429671153753e-04, 7.8565e-01, 4.8451e-03, 
 2DIAGNOSTIC,    17, -7.463561512757e-01, 4.540407800972e-04, 7.9187e-01, 6.2239e-03, 
 2DIAGNOSTIC,    18, -7.464851331832e-01, 3.082474181238e-04, 7.9869e-01, 6.8178e-03, 
 2DIAGNOSTIC,    19, -7.464317252762e-01, 1.752296883954e-04, 8.0431e-01, 5.6219e-03, 
 2DIAGNOSTIC,    20, -7.463585319277e-01, 9.678611301745e-05, 8.0936e-01, 5.0490e-03, 
 2DIAGNOSTIC,    21, -7.463088706723e-01, 7.825505919808e-05, 8.1562e-01, 6.2621e-03, 
 2DIAGNOSTIC,    22, -7.463409645680e-01, 5.456576756683e-05, 8.2125e-01, 5.6319e-03, 
 2DIAGNOSTIC,    23, -7.462556830462e-01, 3.000544440078e-05, 8.2642e-01, 5.1701e-03, 
 2DIAGNOSTIC,    24, -7.461854638185e-01, 1.049628101795e-05, 8.3148e-01, 5.0611e-03, 
DIAGNOSTIC,Iteration,metricValue,convergenceValue,ITERATION_TIME_INDEX,SINCE_LAST
 2DIAGNOSTIC,     1, -6.107943436303e-01, 1.797693134862e+308, 1.5834e+00, 7.5191e-01, 
 2DIAGNOSTIC,     2, -6.112861265789e-01, 1.797693134862e+308, 1.6284e+00, 4.5018e-02, 
 2DIAGNOSTIC,     3, -6.118544836427e-01, 1.797693134862e+308, 1.6676e+00, 3.9189e-02, 
 2DIAGNOSTIC,     4, -6.124071780547e-01, 1.797693134862e+308, 1.7111e+00, 4.3522e-02, 
 2DIAGNOSTIC,     5, -6.127614231270e-01, 1.797693134862e+308, 1.7568e+00, 4.5663e-02, 
 2DIAGNOSTIC,     6, -6.128677935412e-01, 1.797693134862e+308, 1.8251e+00, 6.8341e-02, 
 2DIAGNOSTIC,     7, -6.128635839458e-01, 1.797693134862e+308, 1.8666e+00, 4.1486e-02, 
 2DIAGNOSTIC,     8, -6.128690677154e-01, 1.797693134862e+308, 1.9075e+00, 4.0902e-02, 
 2DIAGNOSTIC,     9, -6.128773151896e-01, 1.797693134862e+308, 1.9451e+00, 3.7573e-02, 
 2DIAGNOSTIC,    10, -6.128691337842e-01, 2.077658421401e-04, 1.9882e+00, 4.3100e-02, 
 2DIAGNOSTIC,    11, -6.128728936748e-01, 1.232552344225e-04, 2.0282e+00, 4.0032e-02, 
 2DIAGNOSTIC,    12, -6.128529093358e-01, 6.012873833572e-05, 2.0700e+00, 4.1794e-02, 
 2DIAGNOSTIC,    13, -6.128554570029e-01, 2.157173014396e-05, 2.1109e+00, 4.0863e-02, 
 2DIAGNOSTIC,    14, -6.128449079297e-01, 4.449307434068e-06, 2.1542e+00, 4.3306e-02, 
DIAGNOSTIC,Iteration,metricValue,convergenceValue,ITERATION_TIME_INDEX,SINCE_LAST
 2DIAGNOSTIC,     1, -5.361155687815e-01, 1.797693134862e+308, 3.3217e+00, 1.1675e+00, 
 2DIAGNOSTIC,     2, -5.363810590784e-01, 1.797693134862e+308, 3.6247e+00, 3.0309e-01, 
 2DIAGNOSTIC,     3, -5.366459037641e-01, 1.797693134862e+308, 3.9320e+00, 3.0727e-01, 
 2DIAGNOSTIC,     4, -5.367606801163e-01, 1.797693134862e+308, 4.3492e+00, 4.1719e-01, 
 2DIAGNOSTIC,     5, -5.367658958951e-01, 1.797693134862e+308, 4.8180e+00, 4.6880e-01, 
 2DIAGNOSTIC,     6, -5.367717887061e-01, 1.797693134862e+308, 5.3714e+00, 5.5334e-01, 
 2DIAGNOSTIC,     7, -5.367703181819e-01, 1.797693134862e+308, 5.6849e+00, 3.1357e-01, 
 2DIAGNOSTIC,     8, -5.367689489953e-01, 1.797693134862e+308, 5.9694e+00, 2.8451e-01, 
 2DIAGNOSTIC,     9, -5.367680110427e-01, 1.797693134862e+308, 6.2899e+00, 3.2046e-01, 
 2DIAGNOSTIC,    10, -5.367675216372e-01, 6.047613334494e-05, 6.6074e+00, 3.1750e-01, 
 2DIAGNOSTIC,    11, -5.367670279865e-01, 2.689399788688e-05, 6.9148e+00, 3.0744e-01, 
 2DIAGNOSTIC,    12, -5.367645338487e-01, 8.093971585466e-06, 7.2787e+00, 3.6386e-01, 
 2DIAGNOSTIC,    13, -5.367641323521e-01, 2.343811104866e-06, 7.6124e+00, 3.3366e-01, 
 2DIAGNOSTIC,    14, -5.367629860465e-01, 1.718807403656e-06, 7.8978e+00, 2.8544e-01, 
 2DIAGNOSTIC,    15, -5.367624338354e-01, 1.384991499820e-06, 8.1838e+00, 2.8605e-01, 
 2DIAGNOSTIC,    16, -5.367621521657e-01, 1.346950791833e-06, 8.4568e+00, 2.7296e-01, 
 2DIAGNOSTIC,    17, -5.367630366762e-01, 1.355679405089e-06, 8.8002e+00, 3.4340e-01, 
 2DIAGNOSTIC,    18, -5.367643419867e-01, 1.409073782814e-06, 9.1200e+00, 3.1982e-01, 
 2DIAGNOSTIC,    19, -5.367636495525e-01, 1.443473421195e-06, 9.4135e+00, 2.9351e-01, 
 2DIAGNOSTIC,    20, -5.367628505118e-01, 1.462893159387e-06, 9.7717e+00, 3.5816e-01, 
 2DIAGNOSTIC,    21, -5.367638431127e-01, 1.507146852014e-06, 1.0084e+01, 3.1203e-01, 
 2DIAGNOSTIC,    22, -5.367634856955e-01, 1.477554596993e-06, 1.0401e+01, 3.1703e-01, 
 2DIAGNOSTIC,    23, -5.367610566915e-01, 1.382607778447e-06, 1.0661e+01, 2.6017e-01, 
 2DIAGNOSTIC,    24, -5.367600138885e-01, 1.249929687565e-06, 1.0976e+01, 3.1521e-01, 
 2DIAGNOSTIC,    25, -5.367599691160e-01, 1.123318207133e-06, 1.1301e+01, 3.2514e-01, 
 2DIAGNOSTIC,    26, -5.367595869804e-01, 1.005243958178e-06, 1.1588e+01, 2.8683e-01, 
DIAGNOSTIC,Iteration,metricValue,convergenceValue,ITERATION_TIME_INDEX,SINCE_LAST
 2DIAGNOSTIC,     1, -4.925360497726e-01, 1.797693134862e+308, 1.4406e+01, 2.8179e+00, 
 2DIAGNOSTIC,     2, -4.926633547715e-01, 1.797693134862e+308, 1.6087e+01, 1.6813e+00, 
 2DIAGNOSTIC,     3, -4.927158592669e-01, 1.797693134862e+308, 1.8890e+01, 2.8025e+00, 
 2DIAGNOSTIC,     4, -4.927161731077e-01, 1.797693134862e+308, 2.1040e+01, 2.1498e+00, 
 2DIAGNOSTIC,     5, -4.927160393623e-01, 1.797693134862e+308, 2.3523e+01, 2.4832e+00, 
 2DIAGNOSTIC,     6, -4.927157266673e-01, 1.797693134862e+308, 2.5492e+01, 1.9695e+00, 
 2DIAGNOSTIC,     7, -4.927156963472e-01, 1.797693134862e+308, 2.7974e+01, 2.4822e+00, 
 2DIAGNOSTIC,     8, -4.927156486965e-01, 1.797693134862e+308, 2.9845e+01, 1.8701e+00, 
 2DIAGNOSTIC,     9, -4.927156124235e-01, 1.797693134862e+308, 3.1695e+01, 1.8502e+00, 
 2DIAGNOSTIC,    10, -4.927155503479e-01, 1.614448652265e-05, 3.4187e+01, 2.4924e+00, 
 2DIAGNOSTIC,    11, -4.927155575455e-01, 5.584867809549e-06, 3.6018e+01, 1.8306e+00, 
 2DIAGNOSTIC,    12, -4.927154554829e-01, 2.586222229956e-06, 3.7699e+01, 1.6812e+00, 
 2DIAGNOSTIC,    13, -4.927153583885e-01, 2.379663290461e-06, 3.9344e+01, 1.6447e+00, 
 2DIAGNOSTIC,    14, -4.927150511781e-01, 2.209097198586e-06, 4.1244e+01, 1.9003e+00, 
 2DIAGNOSTIC,    15, -4.927149712603e-01, 2.059393725329e-06, 4.3060e+01, 1.8155e+00, 
 2DIAGNOSTIC,    16, -4.927150209082e-01, 1.924443524801e-06, 4.4935e+01, 1.8750e+00, 
 2DIAGNOSTIC,    17, -4.927150799697e-01, 1.812029084419e-06, 4.6633e+01, 1.6983e+00, 
 2DIAGNOSTIC,    18, -4.927150707560e-01, 1.715789719518e-06, 4.8669e+01, 2.0358e+00, 
 2DIAGNOSTIC,    19, -4.927151441866e-01, 1.635816695510e-06, 5.0750e+01, 2.0814e+00, 
 2DIAGNOSTIC,    20, -4.927150129497e-01, 1.561780583234e-06, 5.2737e+01, 1.9873e+00, 
 2DIAGNOSTIC,    21, -4.927149910661e-01, 1.497083740858e-06, 5.4649e+01, 1.9117e+00, 
 2DIAGNOSTIC,    22, -4.927149461512e-01, 1.435986130165e-06, 5.6417e+01, 1.7684e+00, 
 2DIAGNOSTIC,    23, -4.927148368160e-01, 1.376135692600e-06, 5.8106e+01, 1.6890e+00, 
 2DIAGNOSTIC,    24, -4.927149126569e-01, 1.316490776927e-06, 6.0159e+01, 2.0526e+00, 
 2DIAGNOSTIC,    25, -4.927151323661e-01, 1.265612341914e-06, 6.2151e+01, 1.9916e+00, 
