
##########################
# Experiment information #
##########################

EXPERIMENT_NAME: antsRegistration-r8-p15
VFC_BACKENDS: libinterflop_vprec.so --range-binary32=8 --precision-binary32=15 --range-binary64=8 --precision-binary64=15

SIF_IMG: /home/mdugre/projects/rrg-glatard/mdugre/containers/ants-vprec-no_metrics.simg

SUBJECT_ID: s014
INPUT_IMG: /home/mdugre/scratch/mri-registration-rp/datasets/ds004513/derivatives/mri-registration-rp/antsBrainExtraction/sub-s014/BrainExtractionBrain.nii.gz
OUTPUT_DIR: /home/mdugre/scratch/mri-registration-rp/datasets/ds004513/derivatives/mri-registration-rp/0001/antsRegistration-r8-p15/sub-s014

FIXED_IMG: /templateflow/tpl-MNI152NLin2009cAsym/tpl-MNI152NLin2009cAsym_res-01_desc-brain_T1w.nii.gz
DATA_DIR: /home/mdugre/scratch/mri-registration-rp/datasets/ds004513
TEMPLATEFLOW_DIR: /home/mdugre/projects/rrg-glatard/mdugre/templateflow
ITK_GLOBAL_DEFAULT_NUMBER_OF_THREADS: 16
##########################

Info [verificarlo]: loaded backend libinterflop_ieee.so
Info [interflop-ieee]: load backend with:
Info [interflop-ieee]: debug = false
Info [interflop-ieee]: debug-binary = false
Info [interflop-ieee]: no-backend-name = false
Info [interflop-ieee]: print-new-line = false
Info [interflop-ieee]: print-subnormal-normalized = false
Info [interflop-ieee]: count-op = false
All_Command_lines_OK
Using double precision for computations.
=============================================================================
The composite transform comprises the following transforms (in order): 
  1. Center of mass alignment using fixed image: /templateflow/tpl-MNI152NLin2009cAsym/tpl-MNI152NLin2009cAsym_res-01_desc-brain_T1w.nii.gz and moving image: /home/mdugre/scratch/mri-registration-rp/datasets/ds004513/derivatives/mri-registration-rp/antsBrainExtraction/sub-s014/BrainExtractionBrain.nii.gz (type = Euler3DTransform)
=============================================================================
  number of levels = 1
  fixed image: /templateflow/tpl-MNI152NLin2009cAsym/tpl-MNI152NLin2009cAsym_res-01_desc-brain_T1w.nii.gz
  moving image: /home/mdugre/scratch/mri-registration-rp/datasets/ds004513/derivatives/mri-registration-rp/antsBrainExtraction/sub-s014/BrainExtractionBrain.nii.gz
Dimension = 3
Number of stages = 1
Use histogram matching = false
Winsorize image intensities = true
  Lower quantile = 0.005
  Upper quantile = 0.995


Stage 1 State
   Image metric = MattesMI
     Fixed image = Image (0x330ce70)
  RTTI typeinfo:   itk::Image<double, 3u>
  Reference Count: 2
  Modified Time: 2334
  Debug: Off
  Object Name: 
  Observers: 
    none
  Source: (none)
  Source output name: (none)
  Release Data: Off
  Data Released: False
  Global Release Data: Off
  PipelineMTime: 0
  UpdateMTime: 1943
  RealTimeStamp: 0 seconds 
  LargestPossibleRegion: 
    Dimension: 3
    Index: [0, 0, 0]
    Size: [193, 229, 193]
  BufferedRegion: 
    Dimension: 3
    Index: [0, 0, 0]
    Size: [193, 229, 193]
  RequestedRegion: 
    Dimension: 3
    Index: [0, 0, 0]
    Size: [193, 229, 193]
  Spacing: [1, 1, 1]
  Origin: [96, 132, -78]
  Direction: 
-1 0 0
0 -1 0
0 0 1

  IndexToPointMatrix: 
-1 0 0
0 -1 0
0 0 1

  PointToIndexMatrix: 
-1 0 0
0 -1 0
0 0 1

  Inverse Direction: 
-1 0 0
0 -1 0
0 0 1

  PixelContainer: 
    ImportImageContainer (0x3319140)
      RTTI typeinfo:   itk::ImportImageContainer<unsigned long, double>
      Reference Count: 1
      Modified Time: 1940
      Debug: Off
      Object Name: 
      Observers: 
        none
      Pointer: 0x152ed233d010
      Container manages memory: true
      Size: 8530021
      Capacity: 8530021

     Moving image = Image (0x3316310)
  RTTI typeinfo:   itk::Image<double, 3u>
  Reference Count: 2
  Modified Time: 2335
  Debug: Off
  Object Name: 
  Observers: 
    none
  Source: (none)
  Source output name: (none)
  Release Data: Off
  Data Released: False
  Global Release Data: Off
  PipelineMTime: 0
  UpdateMTime: 2332
  RealTimeStamp: 0 seconds 
  LargestPossibleRegion: 
    Dimension: 3
    Index: [0, 0, 0]
    Size: [160, 240, 256]
  BufferedRegion: 
    Dimension: 3
    Index: [0, 0, 0]
    Size: [160, 240, 256]
  RequestedRegion: 
    Dimension: 3
    Index: [0, 0, 0]
    Size: [160, 240, 256]
  Spacing: [0.999999, 1, 1]
  Origin: [84.1637, 106.709, -120.531]
  Direction: 
-0.999619 -0.0226874 -0.0157033
0.0226846 -0.999743 0.00035635
-0.0157073 -7.8229e-09 0.999877

  IndexToPointMatrix: 
-0.999619 -0.0226874 -0.0157033
0.0226845 -0.999743 0.00035635
-0.0157073 -7.8229e-09 0.999877

  PointToIndexMatrix: 
-0.99962 0.0226846 -0.0157073
-0.0226874 -0.999743 -7.83127e-09
-0.0157033 0.00035635 0.999877

  Inverse Direction: 
-0.999619 0.0226846 -0.0157073
-0.0226874 -0.999743 -7.83127e-09
-0.0157033 0.00035635 0.999877

  PixelContainer: 
    ImportImageContainer (0x3441610)
      RTTI typeinfo:   itk::ImportImageContainer<unsigned long, double>
      Reference Count: 1
      Modified Time: 2329
      Debug: Off
      Object Name: 
      Observers: 
        none
      Pointer: 0x152ecd83c010
      Container manages memory: true
      Size: 9830400
      Capacity: 9830400

     Weighting = 1
     Sampling strategy = regular
     Number of bins = 32
     Radius = 4
     Sampling percentage  = 0.25
   Transform = Rigid
     Gradient step = 0.1
     Update field sigma (voxel space) = 0
     Total field sigma (voxel space) = 0
     Update field time sigma = 0
     Total field time sigma  = 0
     Number of time indices = 0
     Number of time point samples = 0
Registration using 1 total stages.

Stage 0
  iterations = 0
  convergence threshold = 1e-06
  convergence window size = 10
  number of levels = 1
  using the Mattes MI metric (number of bins = 32, weight = 1, use gradient filter = 0)
  preprocessing:  winsorizing the image intensities
  Shrink factors (level 1 out of 1): [1, 1, 1]
  smoothing sigmas per level: [0]
  regular sampling (percentage = 0.25)

*** Running Euler3DTransform registration ***

  Elapsed time (stage 0): 1.11339


Total elapsed time: 1.1196
Info [verificarlo]: loaded backend libinterflop_ieee.so
Info [interflop-ieee]: load backend with:
Info [interflop-ieee]: debug = false
Info [interflop-ieee]: debug-binary = false
Info [interflop-ieee]: no-backend-name = false
Info [interflop-ieee]: print-new-line = false
Info [interflop-ieee]: print-subnormal-normalized = false
Info [interflop-ieee]: count-op = false
All_Command_lines_OK
Using double precision for computations.
=============================================================================
The composite transform comprises the following transforms (in order): 
  1. /home/mdugre/scratch/mri-registration-rp/datasets/ds004513/derivatives/mri-registration-rp/0001/antsRegistration-r8-p15/sub-s014/align_Composite.h5[0] (type = Euler3DTransform)
  2. /home/mdugre/scratch/mri-registration-rp/datasets/ds004513/derivatives/mri-registration-rp/0001/antsRegistration-r8-p15/sub-s014/align_Composite.h5[1] (type = Euler3DTransform)
=============================================================================
  number of levels = 4
  fixed image: /templateflow/tpl-MNI152NLin2009cAsym/tpl-MNI152NLin2009cAsym_res-01_desc-brain_T1w.nii.gz
  moving image: /home/mdugre/scratch/mri-registration-rp/datasets/ds004513/derivatives/mri-registration-rp/antsBrainExtraction/sub-s014/BrainExtractionBrain.nii.gz
Dimension = 3
Number of stages = 1
Use histogram matching = false
Winsorize image intensities = true
  Lower quantile = 0.005
  Upper quantile = 0.995


Stage 1 State
   Image metric = MattesMI
     Fixed image = Image (0x3d23530)
  RTTI typeinfo:   itk::Image<double, 3u>
  Reference Count: 2
  Modified Time: 1580
  Debug: Off
  Object Name: 
  Observers: 
    none
  Source: (none)
  Source output name: (none)
  Release Data: Off
  Data Released: False
  Global Release Data: Off
  PipelineMTime: 0
  UpdateMTime: 1189
  RealTimeStamp: 0 seconds 
  LargestPossibleRegion: 
    Dimension: 3
    Index: [0, 0, 0]
    Size: [193, 229, 193]
  BufferedRegion: 
    Dimension: 3
    Index: [0, 0, 0]
    Size: [193, 229, 193]
  RequestedRegion: 
    Dimension: 3
    Index: [0, 0, 0]
    Size: [193, 229, 193]
  Spacing: [1, 1, 1]
  Origin: [96, 132, -78]
  Direction: 
-1 0 0
0 -1 0
0 0 1

  IndexToPointMatrix: 
-1 0 0
0 -1 0
0 0 1

  PointToIndexMatrix: 
-1 0 0
0 -1 0
0 0 1

  Inverse Direction: 
-1 0 0
0 -1 0
0 0 1

  PixelContainer: 
    ImportImageContainer (0x3de1d60)
      RTTI typeinfo:   itk::ImportImageContainer<unsigned long, double>
      Reference Count: 1
      Modified Time: 1186
      Debug: Off
      Object Name: 
      Observers: 
        none
      Pointer: 0x14f75a2fe010
      Container manages memory: true
      Size: 8530021
      Capacity: 8530021

     Moving image = Image (0x3dd3f60)
  RTTI typeinfo:   itk::Image<double, 3u>
  Reference Count: 2
  Modified Time: 1581
  Debug: Off
  Object Name: 
  Observers: 
    none
  Source: (none)
  Source output name: (none)
  Release Data: Off
  Data Released: False
  Global Release Data: Off
  PipelineMTime: 0
  UpdateMTime: 1578
  RealTimeStamp: 0 seconds 
  LargestPossibleRegion: 
    Dimension: 3
    Index: [0, 0, 0]
    Size: [160, 240, 256]
  BufferedRegion: 
    Dimension: 3
    Index: [0, 0, 0]
    Size: [160, 240, 256]
  RequestedRegion: 
    Dimension: 3
    Index: [0, 0, 0]
    Size: [160, 240, 256]
  Spacing: [0.999999, 1, 1]
  Origin: [84.1637, 106.709, -120.531]
  Direction: 
-0.999619 -0.0226874 -0.0157033
0.0226846 -0.999743 0.00035635
-0.0157073 -7.8229e-09 0.999877

  IndexToPointMatrix: 
-0.999619 -0.0226874 -0.0157033
0.0226845 -0.999743 0.00035635
-0.0157073 -7.8229e-09 0.999877

  PointToIndexMatrix: 
-0.99962 0.0226846 -0.0157073
-0.0226874 -0.999743 -7.83127e-09
-0.0157033 0.00035635 0.999877

  Inverse Direction: 
-0.999619 0.0226846 -0.0157073
-0.0226874 -0.999743 -7.83127e-09
-0.0157033 0.00035635 0.999877

  PixelContainer: 
    ImportImageContainer (0x3dc56d0)
      RTTI typeinfo:   itk::ImportImageContainer<unsigned long, double>
      Reference Count: 1
      Modified Time: 1575
      Debug: Off
      Object Name: 
      Observers: 
        none
      Pointer: 0x14f7557fd010
      Container manages memory: true
      Size: 9830400
      Capacity: 9830400

     Weighting = 1
     Sampling strategy = regular
     Number of bins = 32
     Radius = 4
     Sampling percentage  = 0.25
   Transform = Rigid
     Gradient step = 0.1
     Update field sigma (voxel space) = 0
     Total field sigma (voxel space) = 0
     Update field time sigma = 0
     Total field time sigma  = 0
     Number of time indices = 0
     Number of time point samples = 0
Registration using 1 total stages.

Stage 0
  iterations = 1000x500x250x100
  convergence threshold = 1e-06
  convergence window size = 10
  number of levels = 4
  using the Mattes MI metric (number of bins = 32, weight = 1, use gradient filter = 0)
  preprocessing:  winsorizing the image intensities
  Shrink factors (level 1 out of 4): [8, 8, 8]
  Shrink factors (level 2 out of 4): [4, 4, 4]
  Shrink factors (level 3 out of 4): [2, 2, 2]
  Shrink factors (level 4 out of 4): [1, 1, 1]
  smoothing sigmas per level: [3, 2, 1, 0]
  regular sampling (percentage = 0.25)

*** Running Euler3DTransform registration ***

DIAGNOSTIC,Iteration,metricValue,convergenceValue,ITERATION_TIME_INDEX,SINCE_LAST
 2DIAGNOSTIC,     1, -4.770821406565e-01, 1.797693134862e+308, 8.5732e-01, 8.5732e-01, 
 2DIAGNOSTIC,     2, -4.784216133942e-01, 1.797693134862e+308, 8.6239e-01, 5.0700e-03, 
 2DIAGNOSTIC,     3, -4.807043200681e-01, 1.797693134862e+308, 8.6731e-01, 4.9241e-03, 
 2DIAGNOSTIC,     4, -4.840264478065e-01, 1.797693134862e+308, 8.7336e-01, 6.0549e-03, 
 2DIAGNOSTIC,     5, -4.883050305770e-01, 1.797693134862e+308, 8.7800e-01, 4.6380e-03, 
 2DIAGNOSTIC,     6, -4.953560426371e-01, 1.797693134862e+308, 8.8336e-01, 5.3601e-03, 
 2DIAGNOSTIC,     7, -5.007350570384e-01, 1.797693134862e+308, 8.8875e-01, 5.3849e-03, 
 2DIAGNOSTIC,     8, -5.013278569503e-01, 1.797693134862e+308, 8.9369e-01, 4.9410e-03, 
 2DIAGNOSTIC,     9, -5.085255256006e-01, 1.797693134862e+308, 9.0119e-01, 7.5011e-03, 
 2DIAGNOSTIC,    10, -5.161992633656e-01, 5.125196520979e-03, 9.0849e-01, 7.2980e-03, 
 2DIAGNOSTIC,    11, -5.167072941437e-01, 4.879252931146e-03, 9.1399e-01, 5.5029e-03, 
 2DIAGNOSTIC,    12, -5.203629876260e-01, 4.481282734468e-03, 9.1944e-01, 5.4491e-03, 
 2DIAGNOSTIC,    13, -5.229718709777e-01, 3.958672533579e-03, 9.2471e-01, 5.2679e-03, 
 2DIAGNOSTIC,    14, -5.250338110829e-01, 3.368007801722e-03, 9.3046e-01, 5.7490e-03, 
 2DIAGNOSTIC,    15, -5.272078697647e-01, 2.786121483391e-03, 9.3897e-01, 8.5099e-03, 
 2DIAGNOSTIC,    16, -5.275715603977e-01, 2.284098302164e-03, 9.4382e-01, 4.8559e-03, 
 2DIAGNOSTIC,    17, -5.282507656511e-01, 1.839921123741e-03, 9.4879e-01, 4.9660e-03, 
 2DIAGNOSTIC,    18, -5.289722876065e-01, 1.313912041898e-03, 9.5413e-01, 5.3449e-03, 
 2DIAGNOSTIC,    19, -5.292207410111e-01, 9.370568707354e-04, 9.6080e-01, 6.6710e-03, 
 2DIAGNOSTIC,    20, -5.294476960672e-01, 7.341365573345e-04, 9.6653e-01, 5.7311e-03, 
 2DIAGNOSTIC,    21, -5.294955840903e-01, 4.966190831874e-04, 9.7126e-01, 4.7281e-03, 
 2DIAGNOSTIC,    22, -5.295366245031e-01, 3.281311959329e-04, 9.7691e-01, 5.6481e-03, 
 2DIAGNOSTIC,    23, -5.295376311909e-01, 2.063244245658e-04, 9.8206e-01, 5.1510e-03, 
 2DIAGNOSTIC,    24, -5.295911249027e-01, 1.234508389544e-04, 9.8810e-01, 6.0351e-03, 
 2DIAGNOSTIC,    25, -5.296271130648e-01, 8.499150549836e-05, 9.9392e-01, 5.8198e-03, 
 2DIAGNOSTIC,    26, -5.296539599384e-01, 4.983583932668e-05, 9.9893e-01, 5.0099e-03, 
 2DIAGNOSTIC,    27, -5.297704229810e-01, 2.877322816078e-05, 1.0035e+00, 4.5898e-03, 
 2DIAGNOSTIC,    28, -5.299884954870e-01, 2.504887533020e-05, 1.0118e+00, 8.3010e-03, 
 2DIAGNOSTIC,    29, -5.300854192462e-01, 2.569611953483e-05, 1.0176e+00, 5.8079e-03, 
 2DIAGNOSTIC,    30, -5.300410324622e-01, 2.732899345485e-05, 1.0221e+00, 4.4801e-03, 
 2DIAGNOSTIC,    31, -5.300376932142e-01, 2.724560549473e-05, 1.0268e+00, 4.6568e-03, 
 2DIAGNOSTIC,    32, -5.301686264233e-01, 2.763232919704e-05, 1.0313e+00, 4.4961e-03, 
 2DIAGNOSTIC,    33, -5.303926738418e-01, 2.905769096788e-05, 1.0374e+00, 6.1269e-03, 
 2DIAGNOSTIC,    34, -5.304519664599e-01, 2.945835347925e-05, 1.0449e+00, 7.5550e-03, 
 2DIAGNOSTIC,    35, -5.305073139182e-01, 2.868169327837e-05, 1.0506e+00, 5.6961e-03, 
 2DIAGNOSTIC,    36, -5.305686017146e-01, 2.670517372471e-05, 1.0552e+00, 4.5161e-03, 
 2DIAGNOSTIC,    37, -5.306602858940e-01, 2.533264911601e-05, 1.0631e+00, 7.9510e-03, 
 2DIAGNOSTIC,    38, -5.306881156229e-01, 2.512162424338e-05, 1.0682e+00, 5.1200e-03, 
 2DIAGNOSTIC,    39, -5.307317416634e-01, 2.461885298161e-05, 1.0734e+00, 5.2168e-03, 
 2DIAGNOSTIC,    40, -5.308225091353e-01, 2.257034276066e-05, 1.0812e+00, 7.7710e-03, 
 2DIAGNOSTIC,    41, -5.308460424124e-01, 1.877385526241e-05, 1.0859e+00, 4.6480e-03, 
 2DIAGNOSTIC,    42, -5.308561837321e-01, 1.520831957707e-05, 1.0909e+00, 5.0449e-03, 
 2DIAGNOSTIC,    43, -5.308777649273e-01, 1.355835177674e-05, 1.0955e+00, 4.5660e-03, 
 2DIAGNOSTIC,    44, -5.309114036110e-01, 1.190613944828e-05, 1.1005e+00, 5.0490e-03, 
 2DIAGNOSTIC,    45, -5.310262965518e-01, 1.129423567047e-05, 1.1083e+00, 7.7641e-03, 
 2DIAGNOSTIC,    46, -5.310374074445e-01, 1.049838942424e-05, 1.1133e+00, 5.0480e-03, 
 2DIAGNOSTIC,    47, -5.310434720121e-01, 9.962263453418e-06, 1.1184e+00, 5.0490e-03, 
 2DIAGNOSTIC,    48, -5.310518853633e-01, 8.989886109163e-06, 1.1236e+00, 5.2350e-03, 
 2DIAGNOSTIC,    49, -5.310584329536e-01, 7.783359502890e-06, 1.1302e+00, 6.5608e-03, 
 2DIAGNOSTIC,    50, -5.310645817646e-01, 6.973833584535e-06, 1.1374e+00, 7.2050e-03, 
 2DIAGNOSTIC,    51, -5.310656430617e-01, 5.851695600963e-06, 1.1433e+00, 5.9299e-03, 
 2DIAGNOSTIC,    52, -5.310738190002e-01, 4.481863510236e-06, 1.1500e+00, 6.7132e-03, 
 2DIAGNOSTIC,    53, -5.310768127969e-01, 3.049471521771e-06, 1.1554e+00, 5.3890e-03, 
 2DIAGNOSTIC,    54, -5.310775506016e-01, 1.750844720396e-06, 1.1604e+00, 4.9958e-03, 
 2DIAGNOSTIC,    55, -5.310817434211e-01, 1.565716413271e-06, 1.1660e+00, 5.5861e-03, 
 2DIAGNOSTIC,    56, -5.310870994121e-01, 1.452195857603e-06, 1.1710e+00, 5.0161e-03, 
 2DIAGNOSTIC,    57, -5.310885232961e-01, 1.327089154925e-06, 1.1763e+00, 5.3339e-03, 
 2DIAGNOSTIC,    58, -5.310914487850e-01, 1.238639651104e-06, 1.1828e+00, 6.4569e-03, 
 2DIAGNOSTIC,    59, -5.311015678587e-01, 1.240623596636e-06, 1.1886e+00, 5.8219e-03, 
 2DIAGNOSTIC,    60, -5.311021904297e-01, 1.235244578963e-06, 1.1933e+00, 4.6649e-03, 
 2DIAGNOSTIC,    61, -5.311059901820e-01, 1.204917779142e-06, 1.2079e+00, 1.4592e-02, 
 2DIAGNOSTIC,    62, -5.311059901659e-01, 1.182103197404e-06, 1.2223e+00, 1.4381e-02, 
 2DIAGNOSTIC,    63, -5.311059901659e-01, 1.122797857789e-06, 1.2279e+00, 5.6648e-03, 
 2DIAGNOSTIC,    64, -5.311059901659e-01, 1.011506956448e-06, 1.2331e+00, 5.1911e-03, 
DIAGNOSTIC,Iteration,metricValue,convergenceValue,ITERATION_TIME_INDEX,SINCE_LAST
 2DIAGNOSTIC,     1, -4.295258231625e-01, 1.797693134862e+308, 1.9862e+00, 7.5306e-01, 
 2DIAGNOSTIC,     2, -4.302859640432e-01, 1.797693134862e+308, 2.0230e+00, 3.6812e-02, 
 2DIAGNOSTIC,     3, -4.309651196675e-01, 1.797693134862e+308, 2.0554e+00, 3.2441e-02, 
 2DIAGNOSTIC,     4, -4.317164347764e-01, 1.797693134862e+308, 2.0882e+00, 3.2799e-02, 
 2DIAGNOSTIC,     5, -4.325561938345e-01, 1.797693134862e+308, 2.1239e+00, 3.5638e-02, 
 2DIAGNOSTIC,     6, -4.341819580778e-01, 1.797693134862e+308, 2.1558e+00, 3.1904e-02, 
 2DIAGNOSTIC,     7, -4.354327949460e-01, 1.797693134862e+308, 2.1897e+00, 3.3973e-02, 
 2DIAGNOSTIC,     8, -4.367134834400e-01, 1.797693134862e+308, 2.2279e+00, 3.8118e-02, 
 2DIAGNOSTIC,     9, -4.377076816053e-01, 1.797693134862e+308, 2.2792e+00, 5.1299e-02, 
 2DIAGNOSTIC,    10, -4.379510214291e-01, 1.375954781896e-03, 2.3140e+00, 3.4853e-02, 
 2DIAGNOSTIC,    11, -4.381306699704e-01, 1.211218579665e-03, 2.3544e+00, 4.0385e-02, 
 2DIAGNOSTIC,    12, -4.403708091234e-01, 1.128184042337e-03, 2.3938e+00, 3.9416e-02, 
 2DIAGNOSTIC,    13, -4.435986505880e-01, 1.148562288666e-03, 2.4408e+00, 4.6976e-02, 
 2DIAGNOSTIC,    14, -4.436199448186e-01, 1.094787362998e-03, 2.4850e+00, 4.4161e-02, 
 2DIAGNOSTIC,    15, -4.445052016770e-01, 1.025845790983e-03, 2.5283e+00, 4.3328e-02, 
 2DIAGNOSTIC,    16, -4.479362667233e-01, 1.077370590319e-03, 2.5800e+00, 5.1751e-02, 
 2DIAGNOSTIC,    17, -4.481475950953e-01, 1.073587589465e-03, 2.6127e+00, 3.2633e-02, 
 2DIAGNOSTIC,    18, -4.482020490409e-01, 1.018146302628e-03, 2.6563e+00, 4.3586e-02, 
 2DIAGNOSTIC,    19, -4.481966708680e-01, 9.107728230284e-04, 2.7257e+00, 6.9456e-02, 
 2DIAGNOSTIC,    20, -4.481953335959e-01, 7.394369053517e-04, 2.7636e+00, 3.7887e-02, 
 2DIAGNOSTIC,    21, -4.481954334298e-01, 5.189437702575e-04, 2.8080e+00, 4.4431e-02, 
 2DIAGNOSTIC,    22, -4.482018533980e-01, 3.337448819679e-04, 2.8531e+00, 4.5045e-02, 
 2DIAGNOSTIC,    23, -4.481921491852e-01, 2.259319904949e-04, 2.8958e+00, 4.2692e-02, 
 2DIAGNOSTIC,    24, -4.482074312940e-01, 1.077320632444e-04, 2.9285e+00, 3.2722e-02, 
 2DIAGNOSTIC,    25, -4.482144439046e-01, 9.691656339232e-06, 2.9714e+00, 4.2884e-02, 
 2DIAGNOSTIC,    26, -4.482116710028e-01, 3.273679615591e-06, 3.0157e+00, 4.4323e-02, 
 2DIAGNOSTIC,    27, -4.482088353538e-01, 2.084626413518e-06, 3.0566e+00, 4.0948e-02, 
 2DIAGNOSTIC,    28, -4.482139219924e-01, 2.274304044321e-06, 3.0900e+00, 3.3404e-02, 
 2DIAGNOSTIC,    29, -4.482420866309e-01, 2.842585852772e-06, 3.1332e+00, 4.3139e-02, 
 2DIAGNOSTIC,    30, -4.482455732615e-01, 3.232686279733e-06, 3.1747e+00, 4.1524e-02, 
 2DIAGNOSTIC,    31, -4.482405886370e-01, 3.298137975789e-06, 3.2133e+00, 3.8611e-02, 
 2DIAGNOSTIC,    32, -4.482290914789e-01, 3.068921256934e-06, 3.2564e+00, 4.3113e-02, 
 2DIAGNOSTIC,    33, -4.482261087327e-01, 2.406543795824e-06, 3.3017e+00, 4.5254e-02, 
 2DIAGNOSTIC,    34, -4.482147421155e-01, 1.704267589109e-06, 3.3415e+00, 3.9772e-02, 
 2DIAGNOSTIC,    35, -4.482170221525e-01, 1.142411148500e-06, 3.3789e+00, 3.7403e-02, 
DIAGNOSTIC,Iteration,metricValue,convergenceValue,ITERATION_TIME_INDEX,SINCE_LAST
 2DIAGNOSTIC,     1, -3.932184618645e-01, 1.797693134862e+308, 4.5244e+00, 1.1456e+00, 
 2DIAGNOSTIC,     2, -3.933350080560e-01, 1.797693134862e+308, 4.7673e+00, 2.4291e-01, 
 2DIAGNOSTIC,     3, -3.934316047394e-01, 1.797693134862e+308, 5.0066e+00, 2.3931e-01, 
 2DIAGNOSTIC,     4, -3.934445201415e-01, 1.797693134862e+308, 5.3779e+00, 3.7130e-01, 
 2DIAGNOSTIC,     5, -3.934561041127e-01, 1.797693134862e+308, 5.7208e+00, 3.4290e-01, 
 2DIAGNOSTIC,     6, -3.934557400186e-01, 1.797693134862e+308, 6.1012e+00, 3.8032e-01, 
 2DIAGNOSTIC,     7, -3.934568947633e-01, 1.797693134862e+308, 6.6569e+00, 5.5578e-01, 
 2DIAGNOSTIC,     8, -3.934560026448e-01, 1.797693134862e+308, 6.9902e+00, 3.3327e-01, 
 2DIAGNOSTIC,     9, -3.934553707160e-01, 1.797693134862e+308, 7.3806e+00, 3.9037e-01, 
 2DIAGNOSTIC,    10, -3.934548435542e-01, 2.950388471311e-05, 7.7264e+00, 3.4584e-01, 
 2DIAGNOSTIC,    11, -3.934535150578e-01, 1.251787893905e-05, 8.0394e+00, 3.1298e-01, 
 2DIAGNOSTIC,    12, -3.934529103497e-01, 4.334108269263e-06, 8.3422e+00, 3.0275e-01, 
 2DIAGNOSTIC,    13, -3.934523312060e-01, 2.580302516375e-06, 8.6048e+00, 2.6263e-01, 
 2DIAGNOSTIC,    14, -3.934518640616e-01, 1.691075553686e-06, 8.9653e+00, 3.6051e-01, 
 2DIAGNOSTIC,    15, -3.934519734148e-01, 1.537715188932e-06, 9.3014e+00, 3.3615e-01, 
 2DIAGNOSTIC,    16, -3.934513609262e-01, 1.410839955265e-06, 9.5648e+00, 2.6338e-01, 
 2DIAGNOSTIC,    17, -3.934508379975e-01, 1.380509500493e-06, 9.8753e+00, 3.1051e-01, 
 2DIAGNOSTIC,    18, -3.934502559460e-01, 1.340256825307e-06, 1.0148e+01, 2.7236e-01, 
 2DIAGNOSTIC,    19, -3.934497851456e-01, 1.301860373025e-06, 1.0473e+01, 3.2562e-01, 
 2DIAGNOSTIC,    20, -3.934499621332e-01, 1.290039297490e-06, 1.0770e+01, 2.9628e-01, 
 2DIAGNOSTIC,    21, -3.934502604629e-01, 1.271710217625e-06, 1.1063e+01, 2.9339e-01, 
 2DIAGNOSTIC,    22, -3.934498715298e-01, 1.245514142476e-06, 1.1359e+01, 2.9562e-01, 
 2DIAGNOSTIC,    23, -3.934501306932e-01, 1.231426855687e-06, 1.1645e+01, 2.8648e-01, 
 2DIAGNOSTIC,    24, -3.934495535401e-01, 1.200792319321e-06, 1.1908e+01, 2.6262e-01, 
 2DIAGNOSTIC,    25, -3.934490927315e-01, 1.174527730206e-06, 1.2165e+01, 2.5743e-01, 
 2DIAGNOSTIC,    26, -3.934495815996e-01, 1.156238075568e-06, 1.2459e+01, 2.9382e-01, 
 2DIAGNOSTIC,    27, -3.934510332593e-01, 1.170201601709e-06, 1.2795e+01, 3.3571e-01, 
 2DIAGNOSTIC,    28, -3.934498669963e-01, 1.138213972976e-06, 1.3088e+01, 2.9353e-01, 
 2DIAGNOSTIC,    29, -3.934494067627e-01, 1.086573221634e-06, 1.3387e+01, 2.9891e-01, 
 2DIAGNOSTIC,    30, -3.934490070719e-01, 1.034518233807e-06, 1.3691e+01, 3.0369e-01, 
 2DIAGNOSTIC,    31, -3.934493551937e-01, 1.002859649567e-06, 1.3960e+01, 2.6940e-01, 
 2DIAGNOSTIC,    32, -3.934514388707e-01, 1.012149969302e-06, 1.4245e+01, 2.8435e-01, 
 2DIAGNOSTIC,    33, -3.934519791396e-01, 1.036072007944e-06, 1.4497e+01, 2.5267e-01, 
 2DIAGNOSTIC,    34, -3.934514161772e-01, 1.029043001057e-06, 1.4791e+01, 2.9420e-01, 
 2DIAGNOSTIC,    35, -3.934525148159e-01, 1.027695503589e-06, 1.5084e+01, 2.9309e-01, 
 2DIAGNOSTIC,    36, -3.934539683750e-01, 1.051995654984e-06, 1.5419e+01, 3.3453e-01, 
 2DIAGNOSTIC,    37, -3.934536117194e-01, 1.079271489273e-06, 1.5715e+01, 2.9594e-01, 
 2DIAGNOSTIC,    38, -3.934525130584e-01, 1.042002389234e-06, 1.6011e+01, 2.9624e-01, 
DIAGNOSTIC,Iteration,metricValue,convergenceValue,ITERATION_TIME_INDEX,SINCE_LAST
 2DIAGNOSTIC,     1, -3.660000231889e-01, 1.797693134862e+308, 1.8652e+01, 2.6409e+00, 
 2DIAGNOSTIC,     2, -3.661006044801e-01, 1.797693134862e+308, 2.0536e+01, 1.8841e+00, 
 2DIAGNOSTIC,     3, -3.661940053438e-01, 1.797693134862e+308, 2.2263e+01, 1.7264e+00, 
 2DIAGNOSTIC,     4, -3.662025643894e-01, 1.797693134862e+308, 2.5102e+01, 2.8395e+00, 
 2DIAGNOSTIC,     5, -3.662022977316e-01, 1.797693134862e+308, 2.7263e+01, 2.1614e+00, 
 2DIAGNOSTIC,     6, -3.662022733180e-01, 1.797693134862e+308, 2.8858e+01, 1.5943e+00, 
 2DIAGNOSTIC,     7, -3.662021510339e-01, 1.797693134862e+308, 3.0624e+01, 1.7666e+00, 
 2DIAGNOSTIC,     8, -3.662021104695e-01, 1.797693134862e+308, 3.2465e+01, 1.8410e+00, 
 2DIAGNOSTIC,     9, -3.662019867537e-01, 1.797693134862e+308, 3.4289e+01, 1.8235e+00, 
 2DIAGNOSTIC,    10, -3.662019340593e-01, 2.615307173091e-05, 3.5855e+01, 1.5666e+00, 
 2DIAGNOSTIC,    11, -3.662019021318e-01, 1.049209053929e-05, 3.7553e+01, 1.6973e+00, 
 2DIAGNOSTIC,    12, -3.662017877767e-01, 3.091361501423e-06, 3.9257e+01, 1.7039e+00, 
 2DIAGNOSTIC,    13, -3.662019075614e-01, 2.358435220756e-06, 4.0943e+01, 1.6867e+00, 
 2DIAGNOSTIC,    14, -3.662018587038e-01, 2.210206184391e-06, 4.2531e+01, 1.5875e+00, 
 2DIAGNOSTIC,    15, -3.662018920063e-01, 2.075386405925e-06, 4.4154e+01, 1.6228e+00, 
 2DIAGNOSTIC,    16, -3.662018421303e-01, 1.958104246802e-06, 4.5666e+01, 1.5124e+00, 
 2DIAGNOSTIC,    17, -3.662017315585e-01, 1.846828487140e-06, 4.7228e+01, 1.5621e+00, 
 2DIAGNOSTIC,    18, -3.662016584470e-01, 1.745449640454e-06, 4.9043e+01, 1.8148e+00, 
 2DIAGNOSTIC,    19, -3.662015876254e-01, 1.648798696872e-06, 5.0677e+01, 1.6344e+00, 
 2DIAGNOSTIC,    20, -3.662013732860e-01, 1.553843719242e-06, 5.2244e+01, 1.5663e+00, 
 2DIAGNOSTIC,    21, -3.662013254866e-01, 1.468744441339e-06, 5.4199e+01, 1.9554e+00, 
 2DIAGNOSTIC,    22, -3.662011170293e-01, 1.384171195933e-06, 5.5777e+01, 1.5777e+00, 
 2DIAGNOSTIC,    23, -3.662008967202e-01, 1.309503469250e-06, 5.7700e+01, 1.9232e+00, 
 2DIAGNOSTIC,    24, -3.662008589217e-01, 1.245216111376e-06, 5.9616e+01, 1.9164e+00, 
 2DIAGNOSTIC,    25, -3.662009022461e-01, 1.195923379174e-06, 6.1419e+01, 1.8026e+00, 
 2DIAGNOSTIC,    26, -3.662008588565e-01, 1.154782535234e-06, 6.2986e+01, 1.5671e+00, 
 2DIAGNOSTIC,    27, -3.662010886887e-01, 1.126687669321e-06, 6.4772e+01, 1.7859e+00, 
 2DIAGNOSTIC,    28, -3.662011544938e-01, 1.105168494234e-06, 6.6287e+01, 1.5149e+00, 
 2DIAGNOSTIC,    29, -3.662007271178e-01, 1.074819830235e-06, 6.8030e+01, 1.7430e+00, 
 2DIAGNOSTIC,    30, -3.662006710230e-01, 1.041888275335e-06, 6.9552e+01, 1.5223e+00, 
 2DIAGNOSTIC,    31, -3.662006079388e-01, 1.010052181671e-06, 7.1097e+01, 1.5452e+00, 
  Elapsed time (stage 0): 7.1948e+01


Total elapsed time: 7.1953e+01
Info [verificarlo]: loaded backend libinterflop_ieee.so
Info [interflop-ieee]: load backend with:
Info [interflop-ieee]: debug = false
Info [interflop-ieee]: debug-binary = false
Info [interflop-ieee]: no-backend-name = false
Info [interflop-ieee]: print-new-line = false
Info [interflop-ieee]: print-subnormal-normalized = false
Info [interflop-ieee]: count-op = false
All_Command_lines_OK
Using double precision for computations.
=============================================================================
The composite transform comprises the following transforms (in order): 
  1. /home/mdugre/scratch/mri-registration-rp/datasets/ds004513/derivatives/mri-registration-rp/0001/antsRegistration-r8-p15/sub-s014/rigid_Composite.h5[0] (type = Euler3DTransform)
  2. /home/mdugre/scratch/mri-registration-rp/datasets/ds004513/derivatives/mri-registration-rp/0001/antsRegistration-r8-p15/sub-s014/rigid_Composite.h5[1] (type = Euler3DTransform)
  3. /home/mdugre/scratch/mri-registration-rp/datasets/ds004513/derivatives/mri-registration-rp/0001/antsRegistration-r8-p15/sub-s014/rigid_Composite.h5[2] (type = Euler3DTransform)
=============================================================================
  number of levels = 4
  fixed image: /templateflow/tpl-MNI152NLin2009cAsym/tpl-MNI152NLin2009cAsym_res-01_desc-brain_T1w.nii.gz
  moving image: /home/mdugre/scratch/mri-registration-rp/datasets/ds004513/derivatives/mri-registration-rp/antsBrainExtraction/sub-s014/BrainExtractionBrain.nii.gz
Dimension = 3
Number of stages = 1
Use histogram matching = false
Winsorize image intensities = true
  Lower quantile = 0.005
  Upper quantile = 0.995


Stage 1 State
   Image metric = MattesMI
     Fixed image = Image (0x50e67e0)
  RTTI typeinfo:   itk::Image<double, 3u>
  Reference Count: 2
  Modified Time: 1594
  Debug: Off
  Object Name: 
  Observers: 
    none
  Source: (none)
  Source output name: (none)
  Release Data: Off
  Data Released: False
  Global Release Data: Off
  PipelineMTime: 0
  UpdateMTime: 1203
  RealTimeStamp: 0 seconds 
  LargestPossibleRegion: 
    Dimension: 3
    Index: [0, 0, 0]
    Size: [193, 229, 193]
  BufferedRegion: 
    Dimension: 3
    Index: [0, 0, 0]
    Size: [193, 229, 193]
  RequestedRegion: 
    Dimension: 3
    Index: [0, 0, 0]
    Size: [193, 229, 193]
  Spacing: [1, 1, 1]
  Origin: [96, 132, -78]
  Direction: 
-1 0 0
0 -1 0
0 0 1

  IndexToPointMatrix: 
-1 0 0
0 -1 0
0 0 1

  PointToIndexMatrix: 
-1 0 0
0 -1 0
0 0 1

  Inverse Direction: 
-1 0 0
0 -1 0
0 0 1

  PixelContainer: 
    ImportImageContainer (0x51a6a20)
      RTTI typeinfo:   itk::ImportImageContainer<unsigned long, double>
      Reference Count: 1
      Modified Time: 1200
      Debug: Off
      Object Name: 
      Observers: 
        none
      Pointer: 0x14e574df3010
      Container manages memory: true
      Size: 8530021
      Capacity: 8530021

     Moving image = Image (0x51a1d70)
  RTTI typeinfo:   itk::Image<double, 3u>
  Reference Count: 2
  Modified Time: 1595
  Debug: Off
  Object Name: 
  Observers: 
    none
  Source: (none)
  Source output name: (none)
  Release Data: Off
  Data Released: False
  Global Release Data: Off
  PipelineMTime: 0
  UpdateMTime: 1592
  RealTimeStamp: 0 seconds 
  LargestPossibleRegion: 
    Dimension: 3
    Index: [0, 0, 0]
    Size: [160, 240, 256]
  BufferedRegion: 
    Dimension: 3
    Index: [0, 0, 0]
    Size: [160, 240, 256]
  RequestedRegion: 
    Dimension: 3
    Index: [0, 0, 0]
    Size: [160, 240, 256]
  Spacing: [0.999999, 1, 1]
  Origin: [84.1637, 106.709, -120.531]
  Direction: 
-0.999619 -0.0226874 -0.0157033
0.0226846 -0.999743 0.00035635
-0.0157073 -7.8229e-09 0.999877

  IndexToPointMatrix: 
-0.999619 -0.0226874 -0.0157033
0.0226845 -0.999743 0.00035635
-0.0157073 -7.8229e-09 0.999877

  PointToIndexMatrix: 
-0.99962 0.0226846 -0.0157073
-0.0226874 -0.999743 -7.83127e-09
-0.0157033 0.00035635 0.999877

  Inverse Direction: 
-0.999619 0.0226846 -0.0157073
-0.0226874 -0.999743 -7.83127e-09
-0.0157033 0.00035635 0.999877

  PixelContainer: 
    ImportImageContainer (0x5159c90)
      RTTI typeinfo:   itk::ImportImageContainer<unsigned long, double>
      Reference Count: 1
      Modified Time: 1589
      Debug: Off
      Object Name: 
      Observers: 
        none
      Pointer: 0x14e5702f2010
      Container manages memory: true
      Size: 9830400
      Capacity: 9830400

     Weighting = 1
     Sampling strategy = regular
     Number of bins = 32
     Radius = 4
     Sampling percentage  = 0.25
   Transform = Affine
     Gradient step = 0.1
     Update field sigma (voxel space) = 0
     Total field sigma (voxel space) = 0
     Update field time sigma = 0
     Total field time sigma  = 0
     Number of time indices = 0
     Number of time point samples = 0
Registration using 1 total stages.

Stage 0
  iterations = 1000x500x250x100
  convergence threshold = 1e-06
  convergence window size = 10
  number of levels = 4
  using the Mattes MI metric (number of bins = 32, weight = 1, use gradient filter = 0)
  preprocessing:  winsorizing the image intensities
  Shrink factors (level 1 out of 4): [8, 8, 8]
  Shrink factors (level 2 out of 4): [4, 4, 4]
  Shrink factors (level 3 out of 4): [2, 2, 2]
  Shrink factors (level 4 out of 4): [1, 1, 1]
  smoothing sigmas per level: [3, 2, 1, 0]
  regular sampling (percentage = 0.25)

*** Running AffineTransform registration ***

DIAGNOSTIC,Iteration,metricValue,convergenceValue,ITERATION_TIME_INDEX,SINCE_LAST
 2DIAGNOSTIC,     1, -5.239750082186e-01, 1.797693134862e+308, 7.5193e-01, 7.5193e-01, 
 2DIAGNOSTIC,     2, -5.258640012939e-01, 1.797693134862e+308, 7.5744e-01, 5.5151e-03, 
 2DIAGNOSTIC,     3, -5.291088180027e-01, 1.797693134862e+308, 7.6287e-01, 5.4300e-03, 
 2DIAGNOSTIC,     4, -5.347710740830e-01, 1.797693134862e+308, 7.6842e-01, 5.5509e-03, 
 2DIAGNOSTIC,     5, -5.449383436752e-01, 1.797693134862e+308, 7.7391e-01, 5.4910e-03, 
 2DIAGNOSTIC,     6, -6.215306192853e-01, 1.797693134862e+308, 7.7997e-01, 6.0608e-03, 
 2DIAGNOSTIC,     7, -6.633610963433e-01, 1.797693134862e+308, 7.8596e-01, 5.9860e-03, 
 2DIAGNOSTIC,     8, -7.298997448012e-01, 1.797693134862e+308, 7.9414e-01, 8.1751e-03, 
 2DIAGNOSTIC,     9, -7.422520848230e-01, 1.797693134862e+308, 8.0026e-01, 6.1200e-03, 
 2DIAGNOSTIC,    10, -7.541338092624e-01, 2.915590211786e-02, 8.0688e-01, 6.6271e-03, 
 2DIAGNOSTIC,    11, -7.649021798071e-01, 2.764847077380e-02, 8.1416e-01, 7.2751e-03, 
 2DIAGNOSTIC,    12, -7.741613567070e-01, 2.434790791260e-02, 8.2314e-01, 8.9800e-03, 
 2DIAGNOSTIC,    13, -7.770751247706e-01, 1.968341752513e-02, 8.2941e-01, 6.2671e-03, 
 2DIAGNOSTIC,    14, -7.814242573223e-01, 1.436952053683e-02, 8.3538e-01, 5.9779e-03, 
 2DIAGNOSTIC,    15, -7.874240635244e-01, 9.014363043104e-03, 8.4434e-01, 8.9591e-03, 
 2DIAGNOSTIC,    16, -7.920939262760e-01, 5.733376754926e-03, 8.5080e-01, 6.4578e-03, 
 2DIAGNOSTIC,    17, -7.957348839199e-01, 3.442741747383e-03, 8.5673e-01, 5.9321e-03, 
 2DIAGNOSTIC,    18, -8.010581929478e-01, 2.769035401881e-03, 8.6393e-01, 7.1962e-03, 
 2DIAGNOSTIC,    19, -8.020625458946e-01, 2.204709087157e-03, 8.7155e-01, 7.6220e-03, 
 2DIAGNOSTIC,    20, -8.025887600086e-01, 1.748780428968e-03, 8.7762e-01, 6.0720e-03, 
 2DIAGNOSTIC,    21, -8.047950075150e-01, 1.424925100515e-03, 8.8433e-01, 6.7070e-03, 
 2DIAGNOSTIC,    22, -8.088018586122e-01, 1.241459631516e-03, 8.9308e-01, 8.7490e-03, 
 2DIAGNOSTIC,    23, -8.108227380833e-01, 1.042903224581e-03, 8.9868e-01, 5.6009e-03, 
 2DIAGNOSTIC,    24, -8.126158796245e-01, 8.656750272007e-04, 9.0512e-01, 6.4390e-03, 
 2DIAGNOSTIC,    25, -8.155471997787e-01, 7.639787183130e-04, 9.1268e-01, 7.5579e-03, 
 2DIAGNOSTIC,    26, -8.215030096827e-01, 7.574668708855e-04, 9.1846e-01, 5.7809e-03, 
 2DIAGNOSTIC,    27, -8.250918532223e-01, 7.799199656023e-04, 9.2514e-01, 6.6850e-03, 
 2DIAGNOSTIC,    28, -8.288958377059e-01, 8.530488244893e-04, 9.3333e-01, 8.1859e-03, 
 2DIAGNOSTIC,    29, -8.297226248779e-01, 8.654930065327e-04, 9.3912e-01, 5.7960e-03, 
 2DIAGNOSTIC,    30, -8.333765474087e-01, 8.491684157224e-04, 9.4607e-01, 6.9439e-03, 
 2DIAGNOSTIC,    31, -8.366897071472e-01, 8.192464642541e-04, 9.5357e-01, 7.5049e-03, 
 2DIAGNOSTIC,    32, -8.378477311213e-01, 7.740811554096e-04, 9.5991e-01, 6.3400e-03, 
 2DIAGNOSTIC,    33, -8.386455889883e-01, 6.920329122956e-04, 9.6722e-01, 7.3099e-03, 
 2DIAGNOSTIC,    34, -8.393190091724e-01, 5.779169273357e-04, 9.7564e-01, 8.4181e-03, 
 2DIAGNOSTIC,    35, -8.396544000269e-01, 4.500981131565e-04, 9.8149e-01, 5.8539e-03, 
 2DIAGNOSTIC,    36, -8.402324849410e-01, 3.545556589141e-04, 9.8737e-01, 5.8789e-03, 
 2DIAGNOSTIC,    37, -8.406979792240e-01, 2.713884067816e-04, 9.9350e-01, 6.1228e-03, 
 2DIAGNOSTIC,    38, -8.411698841676e-01, 2.098570812128e-04, 1.0002e+00, 6.7358e-03, 
 2DIAGNOSTIC,    39, -8.413410599273e-01, 1.408859594311e-04, 1.0064e+00, 6.1560e-03, 
 2DIAGNOSTIC,    40, -8.419758173781e-01, 1.015195251202e-04, 1.0146e+00, 8.2211e-03, 
 2DIAGNOSTIC,    41, -8.420487869479e-01, 8.494431014988e-05, 1.0210e+00, 6.3751e-03, 
 2DIAGNOSTIC,    42, -8.422136770497e-01, 7.274168328894e-05, 1.0273e+00, 6.3372e-03, 
 2DIAGNOSTIC,    43, -8.428696341552e-01, 6.667786788826e-05, 1.0366e+00, 9.2840e-03, 
 2DIAGNOSTIC,    44, -8.426816958918e-01, 5.854114478681e-05, 1.0426e+00, 5.9910e-03, 
 2DIAGNOSTIC,    45, -8.427622098665e-01, 4.868582218973e-05, 1.0486e+00, 5.9631e-03, 
 2DIAGNOSTIC,    46, -8.428013209867e-01, 3.961037862093e-05, 1.0543e+00, 5.7189e-03, 
 2DIAGNOSTIC,    47, -8.428382032663e-01, 3.107160344957e-05, 1.0612e+00, 6.9659e-03, 
 2DIAGNOSTIC,    48, -8.429220280617e-01, 2.419483597960e-05, 1.0668e+00, 5.5411e-03, 
 2DIAGNOSTIC,    49, -8.426103158347e-01, 1.421511930763e-05, 1.0734e+00, 6.5811e-03, 
 2DIAGNOSTIC,    50, -8.425549675726e-01, 7.736029093670e-06, 1.0804e+00, 7.0732e-03, 
DIAGNOSTIC,Iteration,metricValue,convergenceValue,ITERATION_TIME_INDEX,SINCE_LAST
 2DIAGNOSTIC,     1, -6.904549859385e-01, 1.797693134862e+308, 1.8704e+00, 7.8995e-01, 
 2DIAGNOSTIC,     2, -6.912917413892e-01, 1.797693134862e+308, 1.9132e+00, 4.2834e-02, 
 2DIAGNOSTIC,     3, -6.917564069886e-01, 1.797693134862e+308, 1.9582e+00, 4.4997e-02, 
 2DIAGNOSTIC,     4, -6.919573340772e-01, 1.797693134862e+308, 2.0033e+00, 4.5099e-02, 
 2DIAGNOSTIC,     5, -6.923475204866e-01, 1.797693134862e+308, 2.0422e+00, 3.8846e-02, 
 2DIAGNOSTIC,     6, -6.927481064249e-01, 1.797693134862e+308, 2.0798e+00, 3.7604e-02, 
 2DIAGNOSTIC,     7, -6.933031932936e-01, 1.797693134862e+308, 2.1435e+00, 6.3699e-02, 
 2DIAGNOSTIC,     8, -6.932817370112e-01, 1.797693134862e+308, 2.1830e+00, 3.9568e-02, 
 2DIAGNOSTIC,     9, -6.932896320680e-01, 1.797693134862e+308, 2.2264e+00, 4.3380e-02, 
 2DIAGNOSTIC,    10, -6.933289748885e-01, 2.652666372452e-04, 2.2696e+00, 4.3217e-02, 
 2DIAGNOSTIC,    11, -6.935003525618e-01, 1.911553816291e-04, 2.3127e+00, 4.3065e-02, 
 2DIAGNOSTIC,    12, -6.936448683401e-01, 1.454182271895e-04, 2.3850e+00, 7.2278e-02, 
 2DIAGNOSTIC,    13, -6.936601754676e-01, 1.090603813402e-04, 2.4335e+00, 4.8512e-02, 
 2DIAGNOSTIC,    14, -6.936451802369e-01, 7.386327978581e-05, 2.4812e+00, 4.7709e-02, 
 2DIAGNOSTIC,    15, -6.936375933070e-01, 4.719763314572e-05, 2.5253e+00, 4.4137e-02, 
 2DIAGNOSTIC,    16, -6.936282551580e-01, 2.927078999611e-05, 2.5657e+00, 4.0410e-02, 
 2DIAGNOSTIC,    17, -6.936202430252e-01, 2.409920468874e-05, 2.6088e+00, 4.3011e-02, 
 2DIAGNOSTIC,    18, -6.936258172023e-01, 1.713996612394e-05, 2.6503e+00, 4.1590e-02, 
 2DIAGNOSTIC,    19, -6.936201339487e-01, 9.604580815045e-06, 2.7108e+00, 6.0428e-02, 
 2DIAGNOSTIC,    20, -6.936212945459e-01, 2.863819261456e-06, 2.7609e+00, 5.0124e-02, 
DIAGNOSTIC,Iteration,metricValue,convergenceValue,ITERATION_TIME_INDEX,SINCE_LAST
 2DIAGNOSTIC,     1, -5.885490955975e-01, 1.797693134862e+308, 3.9733e+00, 1.2124e+00, 
 2DIAGNOSTIC,     2, -5.891682299245e-01, 1.797693134862e+308, 4.2864e+00, 3.1310e-01, 
 2DIAGNOSTIC,     3, -5.899300457893e-01, 1.797693134862e+308, 4.6186e+00, 3.3217e-01, 
 2DIAGNOSTIC,     4, -5.908578803554e-01, 1.797693134862e+308, 4.9582e+00, 3.3961e-01, 
 2DIAGNOSTIC,     5, -5.919732361659e-01, 1.797693134862e+308, 5.3148e+00, 3.5662e-01, 
 2DIAGNOSTIC,     6, -5.938029671819e-01, 1.797693134862e+308, 5.7124e+00, 3.9761e-01, 
 2DIAGNOSTIC,     7, -5.938379879756e-01, 1.797693134862e+308, 6.1768e+00, 4.6433e-01, 
 2DIAGNOSTIC,     8, -5.938191307184e-01, 1.797693134862e+308, 6.7093e+00, 5.3258e-01, 
 2DIAGNOSTIC,     9, -5.938196864239e-01, 1.797693134862e+308, 7.0778e+00, 3.6849e-01, 
 2DIAGNOSTIC,    10, -5.938176163712e-01, 6.636473577786e-04, 7.5717e+00, 4.9383e-01, 
 2DIAGNOSTIC,    11, -5.938165156154e-01, 4.825069592406e-04, 8.2021e+00, 6.3043e-01, 
 2DIAGNOSTIC,    12, -5.938168500822e-01, 3.134201593727e-04, 8.5977e+00, 3.9563e-01, 
 2DIAGNOSTIC,    13, -5.938149564183e-01, 1.710219147692e-04, 9.0442e+00, 4.4649e-01, 
 2DIAGNOSTIC,    14, -5.938143991897e-01, 6.515863520838e-05, 9.4130e+00, 3.6879e-01, 
 2DIAGNOSTIC,    15, -5.938143051320e-01, 1.686911795473e-06, 9.7712e+00, 3.5820e-01, 
DIAGNOSTIC,Iteration,metricValue,convergenceValue,ITERATION_TIME_INDEX,SINCE_LAST
 2DIAGNOSTIC,     1, -5.278235244455e-01, 1.797693134862e+308, 1.3019e+01, 3.2477e+00, 
 2DIAGNOSTIC,     2, -5.279048929738e-01, 1.797693134862e+308, 1.5476e+01, 2.4574e+00, 
 2DIAGNOSTIC,     3, -5.279042740645e-01, 1.797693134862e+308, 1.7533e+01, 2.0568e+00, 
 2DIAGNOSTIC,     4, -5.279045816029e-01, 1.797693134862e+308, 2.0651e+01, 3.1182e+00, 
 2DIAGNOSTIC,     5, -5.279044514777e-01, 1.797693134862e+308, 2.2668e+01, 2.0170e+00, 
 2DIAGNOSTIC,     6, -5.279040593748e-01, 1.797693134862e+308, 2.4945e+01, 2.2762e+00, 
