
##########################
# Experiment information #
##########################

EXPERIMENT_NAME: antsRegistration-r7-p16
VFC_BACKENDS: libinterflop_vprec.so --range-binary32=7 --precision-binary32=16 --range-binary64=7 --precision-binary64=16

SIF_IMG: /home/mdugre/projects/rrg-glatard/mdugre/containers/ants-vprec-no_metrics.simg

SUBJECT_ID: s032
INPUT_IMG: /home/mdugre/scratch/mri-registration-rp/datasets/ds004513/derivatives/mri-registration-rp/antsBrainExtraction/sub-s032/BrainExtractionBrain.nii.gz
OUTPUT_DIR: /home/mdugre/scratch/mri-registration-rp/datasets/ds004513/derivatives/mri-registration-rp/0001/antsRegistration-r7-p16/sub-s032

FIXED_IMG: /templateflow/tpl-MNI152NLin2009cAsym/tpl-MNI152NLin2009cAsym_res-01_desc-brain_T1w.nii.gz
DATA_DIR: /home/mdugre/scratch/mri-registration-rp/datasets/ds004513
TEMPLATEFLOW_DIR: /home/mdugre/projects/rrg-glatard/mdugre/templateflow
ITK_GLOBAL_DEFAULT_NUMBER_OF_THREADS: 16
##########################

Info [verificarlo]: loaded backend libinterflop_ieee.so
Info [interflop-ieee]: load backend with:
Info [interflop-ieee]: debug = false
Info [interflop-ieee]: debug-binary = false
Info [interflop-ieee]: no-backend-name = false
Info [interflop-ieee]: print-new-line = false
Info [interflop-ieee]: print-subnormal-normalized = false
Info [interflop-ieee]: count-op = false
All_Command_lines_OK
Using double precision for computations.
=============================================================================
The composite transform comprises the following transforms (in order): 
  1. Center of mass alignment using fixed image: /templateflow/tpl-MNI152NLin2009cAsym/tpl-MNI152NLin2009cAsym_res-01_desc-brain_T1w.nii.gz and moving image: /home/mdugre/scratch/mri-registration-rp/datasets/ds004513/derivatives/mri-registration-rp/antsBrainExtraction/sub-s032/BrainExtractionBrain.nii.gz (type = Euler3DTransform)
=============================================================================
  number of levels = 1
  fixed image: /templateflow/tpl-MNI152NLin2009cAsym/tpl-MNI152NLin2009cAsym_res-01_desc-brain_T1w.nii.gz
  moving image: /home/mdugre/scratch/mri-registration-rp/datasets/ds004513/derivatives/mri-registration-rp/antsBrainExtraction/sub-s032/BrainExtractionBrain.nii.gz
Dimension = 3
Number of stages = 1
Use histogram matching = false
Winsorize image intensities = true
  Lower quantile = 0.005
  Upper quantile = 0.995


Stage 1 State
   Image metric = MattesMI
     Fixed image = Image (0x40c0e70)
  RTTI typeinfo:   itk::Image<double, 3u>
  Reference Count: 2
  Modified Time: 2330
  Debug: Off
  Object Name: 
  Observers: 
    none
  Source: (none)
  Source output name: (none)
  Release Data: Off
  Data Released: False
  Global Release Data: Off
  PipelineMTime: 0
  UpdateMTime: 1941
  RealTimeStamp: 0 seconds 
  LargestPossibleRegion: 
    Dimension: 3
    Index: [0, 0, 0]
    Size: [193, 229, 193]
  BufferedRegion: 
    Dimension: 3
    Index: [0, 0, 0]
    Size: [193, 229, 193]
  RequestedRegion: 
    Dimension: 3
    Index: [0, 0, 0]
    Size: [193, 229, 193]
  Spacing: [1, 1, 1]
  Origin: [96, 132, -78]
  Direction: 
-1 0 0
0 -1 0
0 0 1

  IndexToPointMatrix: 
-1 0 0
0 -1 0
0 0 1

  PointToIndexMatrix: 
-1 0 0
0 -1 0
0 0 1

  Inverse Direction: 
-1 0 0
0 -1 0
0 0 1

  PixelContainer: 
    ImportImageContainer (0x40c9c60)
      RTTI typeinfo:   itk::ImportImageContainer<unsigned long, double>
      Reference Count: 1
      Modified Time: 1938
      Debug: Off
      Object Name: 
      Observers: 
        none
      Pointer: 0x146d7c663010
      Container manages memory: true
      Size: 8530021
      Capacity: 8530021

     Moving image = Image (0x415dec0)
  RTTI typeinfo:   itk::Image<double, 3u>
  Reference Count: 2
  Modified Time: 2331
  Debug: Off
  Object Name: 
  Observers: 
    none
  Source: (none)
  Source output name: (none)
  Release Data: Off
  Data Released: False
  Global Release Data: Off
  PipelineMTime: 0
  UpdateMTime: 2328
  RealTimeStamp: 0 seconds 
  LargestPossibleRegion: 
    Dimension: 3
    Index: [0, 0, 0]
    Size: [160, 240, 256]
  BufferedRegion: 
    Dimension: 3
    Index: [0, 0, 0]
    Size: [160, 240, 256]
  RequestedRegion: 
    Dimension: 3
    Index: [0, 0, 0]
    Size: [160, 240, 256]
  Spacing: [1, 1, 1]
  Origin: [73.279, 104.707, -131.187]
  Direction: 
-0.997527 0.0645574 -0.0278053
-0.0645323 -0.997914 -0.00179875
-0.0278634 4.01097e-08 0.999612

  IndexToPointMatrix: 
-0.997527 0.0645574 -0.0278053
-0.0645323 -0.997914 -0.00179875
-0.0278634 4.01097e-08 0.999612

  PointToIndexMatrix: 
-0.997527 -0.0645323 -0.0278634
0.0645574 -0.997914 4.01049e-08
-0.0278053 -0.00179875 0.999612

  Inverse Direction: 
-0.997527 -0.0645323 -0.0278634
0.0645574 -0.997914 4.01049e-08
-0.0278053 -0.00179875 0.999612

  PixelContainer: 
    ImportImageContainer (0x41f5610)
      RTTI typeinfo:   itk::ImportImageContainer<unsigned long, double>
      Reference Count: 1
      Modified Time: 2325
      Debug: Off
      Object Name: 
      Observers: 
        none
      Pointer: 0x146d77b62010
      Container manages memory: true
      Size: 9830400
      Capacity: 9830400

     Weighting = 1
     Sampling strategy = regular
     Number of bins = 32
     Radius = 4
     Sampling percentage  = 0.25
   Transform = Rigid
     Gradient step = 0.1
     Update field sigma (voxel space) = 0
     Total field sigma (voxel space) = 0
     Update field time sigma = 0
     Total field time sigma  = 0
     Number of time indices = 0
     Number of time point samples = 0
Registration using 1 total stages.

Stage 0
  iterations = 0
  convergence threshold = 1e-06
  convergence window size = 10
  number of levels = 1
  using the Mattes MI metric (number of bins = 32, weight = 1, use gradient filter = 0)
  preprocessing:  winsorizing the image intensities
  Shrink factors (level 1 out of 1): [1, 1, 1]
  smoothing sigmas per level: [0]
  regular sampling (percentage = 0.25)

*** Running Euler3DTransform registration ***

  Elapsed time (stage 0): 1.10913


Total elapsed time: 1.1147
Info [verificarlo]: loaded backend libinterflop_ieee.so
Info [interflop-ieee]: load backend with:
Info [interflop-ieee]: debug = false
Info [interflop-ieee]: debug-binary = false
Info [interflop-ieee]: no-backend-name = false
Info [interflop-ieee]: print-new-line = false
Info [interflop-ieee]: print-subnormal-normalized = false
Info [interflop-ieee]: count-op = false
All_Command_lines_OK
Using double precision for computations.
=============================================================================
The composite transform comprises the following transforms (in order): 
  1. /home/mdugre/scratch/mri-registration-rp/datasets/ds004513/derivatives/mri-registration-rp/0001/antsRegistration-r7-p16/sub-s032/align_Composite.h5[0] (type = Euler3DTransform)
  2. /home/mdugre/scratch/mri-registration-rp/datasets/ds004513/derivatives/mri-registration-rp/0001/antsRegistration-r7-p16/sub-s032/align_Composite.h5[1] (type = Euler3DTransform)
=============================================================================
  number of levels = 4
  fixed image: /templateflow/tpl-MNI152NLin2009cAsym/tpl-MNI152NLin2009cAsym_res-01_desc-brain_T1w.nii.gz
  moving image: /home/mdugre/scratch/mri-registration-rp/datasets/ds004513/derivatives/mri-registration-rp/antsBrainExtraction/sub-s032/BrainExtractionBrain.nii.gz
Dimension = 3
Number of stages = 1
Use histogram matching = false
Winsorize image intensities = true
  Lower quantile = 0.005
  Upper quantile = 0.995


Stage 1 State
   Image metric = MattesMI
     Fixed image = Image (0x3b88530)
  RTTI typeinfo:   itk::Image<double, 3u>
  Reference Count: 2
  Modified Time: 1578
  Debug: Off
  Object Name: 
  Observers: 
    none
  Source: (none)
  Source output name: (none)
  Release Data: Off
  Data Released: False
  Global Release Data: Off
  PipelineMTime: 0
  UpdateMTime: 1189
  RealTimeStamp: 0 seconds 
  LargestPossibleRegion: 
    Dimension: 3
    Index: [0, 0, 0]
    Size: [193, 229, 193]
  BufferedRegion: 
    Dimension: 3
    Index: [0, 0, 0]
    Size: [193, 229, 193]
  RequestedRegion: 
    Dimension: 3
    Index: [0, 0, 0]
    Size: [193, 229, 193]
  Spacing: [1, 1, 1]
  Origin: [96, 132, -78]
  Direction: 
-1 0 0
0 -1 0
0 0 1

  IndexToPointMatrix: 
-1 0 0
0 -1 0
0 0 1

  PointToIndexMatrix: 
-1 0 0
0 -1 0
0 0 1

  Inverse Direction: 
-1 0 0
0 -1 0
0 0 1

  PixelContainer: 
    ImportImageContainer (0x3c46d60)
      RTTI typeinfo:   itk::ImportImageContainer<unsigned long, double>
      Reference Count: 1
      Modified Time: 1186
      Debug: Off
      Object Name: 
      Observers: 
        none
      Pointer: 0x1514c5d02010
      Container manages memory: true
      Size: 8530021
      Capacity: 8530021

     Moving image = Image (0x3c38f60)
  RTTI typeinfo:   itk::Image<double, 3u>
  Reference Count: 2
  Modified Time: 1579
  Debug: Off
  Object Name: 
  Observers: 
    none
  Source: (none)
  Source output name: (none)
  Release Data: Off
  Data Released: False
  Global Release Data: Off
  PipelineMTime: 0
  UpdateMTime: 1576
  RealTimeStamp: 0 seconds 
  LargestPossibleRegion: 
    Dimension: 3
    Index: [0, 0, 0]
    Size: [160, 240, 256]
  BufferedRegion: 
    Dimension: 3
    Index: [0, 0, 0]
    Size: [160, 240, 256]
  RequestedRegion: 
    Dimension: 3
    Index: [0, 0, 0]
    Size: [160, 240, 256]
  Spacing: [1, 1, 1]
  Origin: [73.279, 104.707, -131.187]
  Direction: 
-0.997527 0.0645574 -0.0278053
-0.0645323 -0.997914 -0.00179875
-0.0278634 4.01097e-08 0.999612

  IndexToPointMatrix: 
-0.997527 0.0645574 -0.0278053
-0.0645323 -0.997914 -0.00179875
-0.0278634 4.01097e-08 0.999612

  PointToIndexMatrix: 
-0.997527 -0.0645323 -0.0278634
0.0645574 -0.997914 4.01049e-08
-0.0278053 -0.00179875 0.999612

  Inverse Direction: 
-0.997527 -0.0645323 -0.0278634
0.0645574 -0.997914 4.01049e-08
-0.0278053 -0.00179875 0.999612

  PixelContainer: 
    ImportImageContainer (0x3c2a6d0)
      RTTI typeinfo:   itk::ImportImageContainer<unsigned long, double>
      Reference Count: 1
      Modified Time: 1573
      Debug: Off
      Object Name: 
      Observers: 
        none
      Pointer: 0x1514c1201010
      Container manages memory: true
      Size: 9830400
      Capacity: 9830400

     Weighting = 1
     Sampling strategy = regular
     Number of bins = 32
     Radius = 4
     Sampling percentage  = 0.25
   Transform = Rigid
     Gradient step = 0.1
     Update field sigma (voxel space) = 0
     Total field sigma (voxel space) = 0
     Update field time sigma = 0
     Total field time sigma  = 0
     Number of time indices = 0
     Number of time point samples = 0
Registration using 1 total stages.

Stage 0
  iterations = 1000x500x250x100
  convergence threshold = 1e-06
  convergence window size = 10
  number of levels = 4
  using the Mattes MI metric (number of bins = 32, weight = 1, use gradient filter = 0)
  preprocessing:  winsorizing the image intensities
  Shrink factors (level 1 out of 4): [8, 8, 8]
  Shrink factors (level 2 out of 4): [4, 4, 4]
  Shrink factors (level 3 out of 4): [2, 2, 2]
  Shrink factors (level 4 out of 4): [1, 1, 1]
  smoothing sigmas per level: [3, 2, 1, 0]
  regular sampling (percentage = 0.25)

*** Running Euler3DTransform registration ***

DIAGNOSTIC,Iteration,metricValue,convergenceValue,ITERATION_TIME_INDEX,SINCE_LAST
 2DIAGNOSTIC,     1, -5.480496989617e-01, 1.797693134862e+308, 7.6759e-01, 7.6759e-01, 
 2DIAGNOSTIC,     2, -5.506811078454e-01, 1.797693134862e+308, 7.7242e-01, 4.8330e-03, 
 2DIAGNOSTIC,     3, -5.546514955662e-01, 1.797693134862e+308, 7.7701e-01, 4.5881e-03, 
 2DIAGNOSTIC,     4, -5.606863537750e-01, 1.797693134862e+308, 7.8158e-01, 4.5750e-03, 
 2DIAGNOSTIC,     5, -5.693661845193e-01, 1.797693134862e+308, 7.8612e-01, 4.5350e-03, 
 2DIAGNOSTIC,     6, -5.854078830086e-01, 1.797693134862e+308, 7.9083e-01, 4.7150e-03, 
 2DIAGNOSTIC,     7, -6.232769732918e-01, 1.797693134862e+308, 7.9556e-01, 4.7300e-03, 
 2DIAGNOSTIC,     8, -6.297683730473e-01, 1.797693134862e+308, 8.0078e-01, 5.2102e-03, 
 2DIAGNOSTIC,     9, -6.366738733405e-01, 1.797693134862e+308, 8.0881e-01, 8.0349e-03, 
 2DIAGNOSTIC,    10, -6.375630690827e-01, 1.201760866083e-02, 8.1351e-01, 4.6978e-03, 
 2DIAGNOSTIC,    11, -6.405337628679e-01, 1.087684809450e-02, 8.1796e-01, 4.4510e-03, 
 2DIAGNOSTIC,    12, -6.435528997438e-01, 9.167753354490e-03, 8.2296e-01, 5.0058e-03, 
 2DIAGNOSTIC,    13, -6.444720921444e-01, 7.089498731847e-03, 8.2756e-01, 4.5989e-03, 
 2DIAGNOSTIC,    14, -6.463616611293e-01, 4.967892496988e-03, 8.3264e-01, 5.0769e-03, 
 2DIAGNOSTIC,    15, -6.484646963404e-01, 3.033020789043e-03, 8.4086e-01, 8.2211e-03, 
 2DIAGNOSTIC,    16, -6.486009987994e-01, 1.520386367320e-03, 8.4533e-01, 4.4730e-03, 
 2DIAGNOSTIC,    17, -6.493699344760e-01, 1.108203205204e-03, 8.4973e-01, 4.4000e-03, 
 2DIAGNOSTIC,    18, -6.514578195065e-01, 8.586162135984e-04, 8.5428e-01, 4.5440e-03, 
 2DIAGNOSTIC,    19, -6.526592717406e-01, 7.533650369804e-04, 8.5868e-01, 4.4000e-03, 
 2DIAGNOSTIC,    20, -6.536191777189e-01, 6.303067369293e-04, 8.6315e-01, 4.4680e-03, 
 2DIAGNOSTIC,    21, -6.549162298979e-01, 5.534292205380e-04, 8.6766e-01, 4.5130e-03, 
 2DIAGNOSTIC,    22, -6.562385790832e-01, 5.226986103234e-04, 8.7308e-01, 5.4209e-03, 
 2DIAGNOSTIC,    23, -6.565000058113e-01, 4.680180012238e-04, 8.7778e-01, 4.7040e-03, 
 2DIAGNOSTIC,    24, -6.565387353854e-01, 4.101063704210e-04, 8.8255e-01, 4.7688e-03, 
 2DIAGNOSTIC,    25, -6.567702146894e-01, 3.618032093050e-04, 8.8728e-01, 4.7309e-03, 
 2DIAGNOSTIC,    26, -6.583507212369e-01, 3.132611037351e-04, 8.9152e-01, 4.2341e-03, 
 2DIAGNOSTIC,    27, -6.586527568469e-01, 2.554116018361e-04, 8.9576e-01, 4.2450e-03, 
 2DIAGNOSTIC,    28, -6.593310437738e-01, 2.225767143838e-04, 9.0104e-01, 5.2731e-03, 
 2DIAGNOSTIC,    29, -6.595734041655e-01, 1.939316665332e-04, 9.0568e-01, 4.6399e-03, 
 2DIAGNOSTIC,    30, -6.595955819569e-01, 1.634946778525e-04, 9.1036e-01, 4.6790e-03, 
 2DIAGNOSTIC,    31, -6.596949967568e-01, 1.392755860908e-04, 9.1447e-01, 4.1180e-03, 
 2DIAGNOSTIC,    32, -6.597157295313e-01, 1.221677497583e-04, 9.1912e-01, 4.6451e-03, 
 2DIAGNOSTIC,    33, -6.597001423844e-01, 9.820426862583e-05, 9.2581e-01, 6.6960e-03, 
 2DIAGNOSTIC,    34, -6.595254449700e-01, 6.486903006293e-05, 9.2996e-01, 4.1471e-03, 
 2DIAGNOSTIC,    35, -6.595295822809e-01, 3.010817889471e-05, 9.3408e-01, 4.1218e-03, 
 2DIAGNOSTIC,    36, -6.595351297935e-01, 1.424396565386e-05, 9.3818e-01, 4.0970e-03, 
 2DIAGNOSTIC,    37, -6.595409535780e-01, 1.474135165120e-06, 9.4255e-01, 4.3671e-03, 
DIAGNOSTIC,Iteration,metricValue,convergenceValue,ITERATION_TIME_INDEX,SINCE_LAST
 2DIAGNOSTIC,     1, -5.183739626538e-01, 1.797693134862e+308, 1.6762e+00, 7.3365e-01, 
 2DIAGNOSTIC,     2, -5.189226238294e-01, 1.797693134862e+308, 1.7056e+00, 2.9432e-02, 
 2DIAGNOSTIC,     3, -5.196899327362e-01, 1.797693134862e+308, 1.7339e+00, 2.8283e-02, 
 2DIAGNOSTIC,     4, -5.204463663004e-01, 1.797693134862e+308, 1.7624e+00, 2.8478e-02, 
 2DIAGNOSTIC,     5, -5.209979485304e-01, 1.797693134862e+308, 1.7912e+00, 2.8821e-02, 
 2DIAGNOSTIC,     6, -5.216357744186e-01, 1.797693134862e+308, 1.8220e+00, 3.0831e-02, 
 2DIAGNOSTIC,     7, -5.233753714467e-01, 1.797693134862e+308, 1.8533e+00, 3.1288e-02, 
 2DIAGNOSTIC,     8, -5.241119131077e-01, 1.797693134862e+308, 1.8934e+00, 4.0023e-02, 
 2DIAGNOSTIC,     9, -5.247293428538e-01, 1.797693134862e+308, 1.9332e+00, 3.9854e-02, 
 2DIAGNOSTIC,    10, -5.250028241507e-01, 8.899807893866e-04, 1.9660e+00, 3.2789e-02, 
 2DIAGNOSTIC,    11, -5.254483054734e-01, 7.905532351452e-04, 1.9998e+00, 3.3840e-02, 
 2DIAGNOSTIC,    12, -5.277635686210e-01, 7.650652077220e-04, 2.0346e+00, 3.4802e-02, 
 2DIAGNOSTIC,    13, -5.283161383489e-01, 7.264279321577e-04, 2.0645e+00, 2.9869e-02, 
 2DIAGNOSTIC,    14, -5.288222935389e-01, 6.775649827445e-04, 2.0921e+00, 2.7606e-02, 
 2DIAGNOSTIC,    15, -5.289976641873e-01, 6.012604962355e-04, 2.1198e+00, 2.7700e-02, 
 2DIAGNOSTIC,    16, -5.298475135764e-01, 5.287513134956e-04, 2.1555e+00, 3.5660e-02, 
 2DIAGNOSTIC,    17, -5.313522161657e-01, 5.176189576519e-04, 2.1875e+00, 3.2011e-02, 
 2DIAGNOSTIC,    18, -5.317212191598e-01, 4.916471052360e-04, 2.2190e+00, 3.1539e-02, 
 2DIAGNOSTIC,    19, -5.322490410704e-01, 4.569585340376e-04, 2.2555e+00, 3.6434e-02, 
 2DIAGNOSTIC,    20, -5.323376863495e-01, 3.940999484099e-04, 2.2848e+00, 2.9358e-02, 
 2DIAGNOSTIC,    21, -5.325910169966e-01, 3.171271092139e-04, 2.3169e+00, 3.2133e-02, 
 2DIAGNOSTIC,    22, -5.334985418152e-01, 2.960181879926e-04, 2.3554e+00, 3.8444e-02, 
 2DIAGNOSTIC,    23, -5.343136182951e-01, 2.804987903791e-04, 2.3893e+00, 3.3953e-02, 
 2DIAGNOSTIC,    24, -5.358590975186e-01, 2.864505941304e-04, 2.4304e+00, 4.1069e-02, 
 2DIAGNOSTIC,    25, -5.371677615927e-01, 2.965974329648e-04, 2.4588e+00, 2.8369e-02, 
 2DIAGNOSTIC,    26, -5.415192971317e-01, 3.848751885928e-04, 2.4878e+00, 2.9040e-02, 
 2DIAGNOSTIC,    27, -5.439867318226e-01, 5.072681077745e-04, 2.5209e+00, 3.3091e-02, 
 2DIAGNOSTIC,    28, -5.456338414492e-01, 6.110226694725e-04, 2.5711e+00, 5.0157e-02, 
 2DIAGNOSTIC,    29, -5.458906332578e-01, 6.650193168565e-04, 2.5997e+00, 2.8640e-02, 
 2DIAGNOSTIC,    30, -5.467463679641e-01, 6.698866670035e-04, 2.6298e+00, 3.0126e-02, 
 2DIAGNOSTIC,    31, -5.474429571304e-01, 6.262995582334e-04, 2.6600e+00, 3.0189e-02, 
 2DIAGNOSTIC,    32, -5.480511319770e-01, 5.507536895003e-04, 2.6916e+00, 3.1560e-02, 
 2DIAGNOSTIC,    33, -5.484283573149e-01, 4.472762757851e-04, 2.7230e+00, 3.1408e-02, 
 2DIAGNOSTIC,    34, -5.489455449596e-01, 3.408835425377e-04, 2.7556e+00, 3.2630e-02, 
 2DIAGNOSTIC,    35, -5.520970711565e-01, 2.750729753827e-04, 2.7945e+00, 3.8904e-02, 
 2DIAGNOSTIC,    36, -5.524964344066e-01, 2.551941893899e-04, 2.8459e+00, 5.1413e-02, 
 2DIAGNOSTIC,    37, -5.530686259795e-01, 2.558215367785e-04, 2.8803e+00, 3.4355e-02, 
 2DIAGNOSTIC,    38, -5.532418081221e-01, 2.582302835455e-04, 2.9125e+00, 3.2198e-02, 
 2DIAGNOSTIC,    39, -5.535493897335e-01, 2.434175158386e-04, 2.9442e+00, 3.1750e-02, 
 2DIAGNOSTIC,    40, -5.539594230689e-01, 2.222422082773e-04, 2.9754e+00, 3.1184e-02, 
 2DIAGNOSTIC,    41, -5.550854962299e-01, 2.041892933245e-04, 3.0098e+00, 3.4329e-02, 
 2DIAGNOSTIC,    42, -5.554382858238e-01, 1.799004247215e-04, 3.0512e+00, 4.1433e-02, 
 2DIAGNOSTIC,    43, -5.556798853947e-01, 1.477107623970e-04, 3.0886e+00, 3.7449e-02, 
 2DIAGNOSTIC,    44, -5.560447613047e-01, 1.127824580013e-04, 3.1224e+00, 3.3749e-02, 
 2DIAGNOSTIC,    45, -5.573400713296e-01, 1.207820726182e-04, 3.1679e+00, 4.5555e-02, 
 2DIAGNOSTIC,    46, -5.584043536631e-01, 1.330504582652e-04, 3.2078e+00, 3.9846e-02, 
 2DIAGNOSTIC,    47, -5.589910747853e-01, 1.449608511359e-04, 3.2453e+00, 3.7516e-02, 
 2DIAGNOSTIC,    48, -5.591320733306e-01, 1.462734037066e-04, 3.2758e+00, 3.0448e-02, 
 2DIAGNOSTIC,    49, -5.593326639935e-01, 1.392248953591e-04, 3.3176e+00, 4.1891e-02, 
 2DIAGNOSTIC,    50, -5.594292395804e-01, 1.240472708216e-04, 3.3509e+00, 3.3293e-02, 
 2DIAGNOSTIC,    51, -5.597801010599e-01, 1.126415860025e-04, 3.3841e+00, 3.3191e-02, 
 2DIAGNOSTIC,    52, -5.603639198480e-01, 1.004038050644e-04, 3.4150e+00, 3.0889e-02, 
 2DIAGNOSTIC,    53, -5.610066820514e-01, 8.790025008010e-05, 3.4455e+00, 3.0520e-02, 
 2DIAGNOSTIC,    54, -5.612119303148e-01, 7.280449434902e-05, 3.4746e+00, 2.9073e-02, 
 2DIAGNOSTIC,    55, -5.617829803539e-01, 6.901790589028e-05, 3.5075e+00, 3.2889e-02, 
 2DIAGNOSTIC,    56, -5.618564135205e-01, 6.923000376935e-05, 3.5421e+00, 3.4610e-02, 
 2DIAGNOSTIC,    57, -5.622435904994e-01, 7.174077597766e-05, 3.5734e+00, 3.1278e-02, 
 2DIAGNOSTIC,    58, -5.623567893244e-01, 6.949712013992e-05, 3.6015e+00, 2.8159e-02, 
 2DIAGNOSTIC,    59, -5.630477574795e-01, 6.866185132163e-05, 3.6378e+00, 3.6231e-02, 
 2DIAGNOSTIC,    60, -5.637551145314e-01, 6.817948798305e-05, 3.6695e+00, 3.1764e-02, 
 2DIAGNOSTIC,    61, -5.647363340397e-01, 7.244278063546e-05, 3.6976e+00, 2.8065e-02, 
 2DIAGNOSTIC,    62, -5.649559821965e-01, 7.622792777591e-05, 3.7290e+00, 3.1419e-02, 
 2DIAGNOSTIC,    63, -5.654639022354e-01, 8.224676769036e-05, 3.7579e+00, 2.8835e-02, 
 2DIAGNOSTIC,    64, -5.664939950749e-01, 9.010898659926e-05, 3.7966e+00, 3.8702e-02, 
 2DIAGNOSTIC,    65, -5.668393776798e-01, 9.617477290136e-05, 3.8276e+00, 3.1052e-02, 
 2DIAGNOSTIC,    66, -5.668488900756e-01, 9.343312042214e-05, 3.8603e+00, 3.2703e-02, 
 2DIAGNOSTIC,    67, -5.668500586022e-01, 8.506210056622e-05, 3.8883e+00, 2.7938e-02, 
 2DIAGNOSTIC,    68, -5.669537342373e-01, 7.043809141931e-05, 3.9162e+00, 2.7959e-02, 
 2DIAGNOSTIC,    69, -5.669684118073e-01, 5.461942374668e-05, 3.9436e+00, 2.7363e-02, 
 2DIAGNOSTIC,    70, -5.670883831713e-01, 4.000088986758e-05, 3.9749e+00, 3.1299e-02, 
 2DIAGNOSTIC,    71, -5.673456274695e-01, 3.115943571594e-05, 4.0423e+00, 6.7426e-02, 
 2DIAGNOSTIC,    72, -5.673380612141e-01, 2.112368890878e-05, 4.0883e+00, 4.5969e-02, 
 2DIAGNOSTIC,    73, -5.673160060647e-01, 1.267924066858e-05, 4.1266e+00, 3.8367e-02, 
 2DIAGNOSTIC,    74, -5.673179976113e-01, 1.048301717151e-05, 4.1598e+00, 3.3135e-02, 
 2DIAGNOSTIC,    75, -5.673201833252e-01, 9.767442631186e-06, 4.1938e+00, 3.4001e-02, 
 2DIAGNOSTIC,    76, -5.673145278544e-01, 8.172349861384e-06, 4.2226e+00, 2.8844e-02, 
 2DIAGNOSTIC,    77, -5.673021821087e-01, 5.788789337753e-06, 4.2609e+00, 3.8281e-02, 
 2DIAGNOSTIC,    78, -5.673122455562e-01, 3.745262950081e-06, 4.3160e+00, 5.5090e-02, 
 2DIAGNOSTIC,    79, -5.673059468890e-01, 1.482985291339e-06, 4.3494e+00, 3.3386e-02, 
DIAGNOSTIC,Iteration,metricValue,convergenceValue,ITERATION_TIME_INDEX,SINCE_LAST
 2DIAGNOSTIC,     1, -5.015649399084e-01, 1.797693134862e+308, 5.5674e+00, 1.2181e+00, 
 2DIAGNOSTIC,     2, -5.018321973719e-01, 1.797693134862e+308, 5.8439e+00, 2.7651e-01, 
 2DIAGNOSTIC,     3, -5.020740996682e-01, 1.797693134862e+308, 6.1343e+00, 2.9038e-01, 
 2DIAGNOSTIC,     4, -5.021992988407e-01, 1.797693134862e+308, 6.3994e+00, 2.6512e-01, 
 2DIAGNOSTIC,     5, -5.022454256078e-01, 1.797693134862e+308, 6.8534e+00, 4.5397e-01, 
 2DIAGNOSTIC,     6, -5.022492073436e-01, 1.797693134862e+308, 7.4033e+00, 5.4991e-01, 
 2DIAGNOSTIC,     7, -5.022496018623e-01, 1.797693134862e+308, 7.7817e+00, 3.7833e-01, 
 2DIAGNOSTIC,     8, -5.022492258030e-01, 1.797693134862e+308, 8.1816e+00, 3.9993e-01, 
 2DIAGNOSTIC,     9, -5.022480904846e-01, 1.797693134862e+308, 8.5230e+00, 3.4142e-01, 
 2DIAGNOSTIC,    10, -5.022484539089e-01, 7.075906620972e-05, 8.8473e+00, 3.2432e-01, 
 2DIAGNOSTIC,    11, -5.022478957372e-01, 3.397700479045e-05, 9.1558e+00, 3.0850e-01, 
 2DIAGNOSTIC,    12, -5.022457363873e-01, 1.282196998893e-05, 9.4580e+00, 3.0216e-01, 
 2DIAGNOSTIC,    13, -5.022460182088e-01, 4.421692179443e-06, 9.7691e+00, 3.1108e-01, 
 2DIAGNOSTIC,    14, -5.022453979261e-01, 2.026410196379e-06, 1.0047e+01, 2.7801e-01, 
 2DIAGNOSTIC,    15, -5.022449105875e-01, 1.690417382516e-06, 1.0345e+01, 2.9838e-01, 
 2DIAGNOSTIC,    16, -5.022453759537e-01, 1.585898057169e-06, 1.0622e+01, 2.7669e-01, 
 2DIAGNOSTIC,    17, -5.022444847307e-01, 1.514572739794e-06, 1.0949e+01, 3.2673e-01, 
 2DIAGNOSTIC,    18, -5.022439498427e-01, 1.457283419430e-06, 1.1234e+01, 2.8502e-01, 
 2DIAGNOSTIC,    19, -5.022434073755e-01, 1.383929706798e-06, 1.1485e+01, 2.5099e-01, 
 2DIAGNOSTIC,    20, -5.022430619014e-01, 1.345355864338e-06, 1.1739e+01, 2.5431e-01, 
 2DIAGNOSTIC,    21, -5.022422032876e-01, 1.296401603228e-06, 1.2038e+01, 2.9890e-01, 
 2DIAGNOSTIC,    22, -5.022421366512e-01, 1.215125326109e-06, 1.2443e+01, 4.0473e-01, 
 2DIAGNOSTIC,    23, -5.022415571546e-01, 1.155689288733e-06, 1.2759e+01, 3.1658e-01, 
 2DIAGNOSTIC,    24, -5.022394340272e-01, 1.058297371202e-06, 1.3079e+01, 3.1964e-01, 
 2DIAGNOSTIC,    25, -5.022404826959e-01, 1.007199050197e-06, 1.3417e+01, 3.3757e-01, 
DIAGNOSTIC,Iteration,metricValue,convergenceValue,ITERATION_TIME_INDEX,SINCE_LAST
 2DIAGNOSTIC,     1, -4.665288332811e-01, 1.797693134862e+308, 1.6046e+01, 2.6292e+00, 
 2DIAGNOSTIC,     2, -4.666856708854e-01, 1.797693134862e+308, 1.7752e+01, 1.7062e+00, 
 2DIAGNOSTIC,     3, -4.666930536418e-01, 1.797693134862e+308, 1.9559e+01, 1.8071e+00, 
 2DIAGNOSTIC,     4, -4.666940914158e-01, 1.797693134862e+308, 2.1244e+01, 1.6846e+00, 
 2DIAGNOSTIC,     5, -4.666938453571e-01, 1.797693134862e+308, 2.2719e+01, 1.4751e+00, 
 2DIAGNOSTIC,     6, -4.666938574069e-01, 1.797693134862e+308, 2.4260e+01, 1.5413e+00, 
 2DIAGNOSTIC,     7, -4.666951901838e-01, 1.797693134862e+308, 2.5635e+01, 1.3745e+00, 
 2DIAGNOSTIC,     8, -4.666957477322e-01, 1.797693134862e+308, 2.7084e+01, 1.4496e+00, 
 2DIAGNOSTIC,     9, -4.666997511905e-01, 1.797693134862e+308, 2.8452e+01, 1.3683e+00, 
 2DIAGNOSTIC,    10, -4.667022817559e-01, 1.463985183953e-05, 2.9882e+01, 1.4299e+00, 
 2DIAGNOSTIC,    11, -4.667069984089e-01, 4.800371562072e-06, 3.1336e+01, 1.4533e+00, 
 2DIAGNOSTIC,    12, -4.667224139303e-01, 5.158037492528e-06, 3.2683e+01, 1.3473e+00, 
 2DIAGNOSTIC,    13, -4.667460859308e-01, 6.670058534594e-06, 3.4143e+01, 1.4599e+00, 
 2DIAGNOSTIC,    14, -4.667771202641e-01, 8.957290443867e-06, 3.5639e+01, 1.4961e+00, 
 2DIAGNOSTIC,    15, -4.668166299112e-01, 1.190681834422e-05, 3.8249e+01, 2.6102e+00, 
 2DIAGNOSTIC,    16, -4.668229852806e-01, 1.381412685450e-05, 3.9774e+01, 1.5253e+00, 
 2DIAGNOSTIC,    17, -4.668362986191e-01, 1.495106547172e-05, 4.1268e+01, 1.4933e+00, 
 2DIAGNOSTIC,    18, -4.668727671467e-01, 1.599767364285e-05, 4.2943e+01, 1.6750e+00, 
 2DIAGNOSTIC,    19, -4.669187926964e-01, 1.717687603781e-05, 4.5943e+01, 3.0001e+00, 
 2DIAGNOSTIC,    20, -4.669192175709e-01, 1.685622720433e-05, 4.7527e+01, 1.5837e+00, 
 2DIAGNOSTIC,    21, -4.669197268264e-01, 1.532983116650e-05, 4.9226e+01, 1.6998e+00, 
 2DIAGNOSTIC,    22, -4.669200412352e-01, 1.310699732588e-05, 5.1036e+01, 1.8099e+00, 
 2DIAGNOSTIC,    23, -4.669196116393e-01, 1.057154795300e-05, 5.2554e+01, 1.5177e+00, 
 2DIAGNOSTIC,    24, -4.669196138088e-01, 8.129687631878e-06, 5.4383e+01, 1.8288e+00, 
 2DIAGNOSTIC,    25, -4.669194095126e-01, 6.211139669074e-06, 5.5885e+01, 1.5022e+00, 
 2DIAGNOSTIC,    26, -4.669191364361e-01, 4.136830143067e-06, 5.7459e+01, 1.5744e+00, 
 2DIAGNOSTIC,    27, -4.669188893071e-01, 2.225562152618e-06, 5.8972e+01, 1.5130e+00, 
 2DIAGNOSTIC,    28, -4.669188732402e-01, 1.116467381782e-06, 6.0309e+01, 1.3364e+00, 
 2DIAGNOSTIC,    29, -4.669189086035e-01, 1.052683720311e-06, 6.2023e+01, 1.7137e+00, 
 2DIAGNOSTIC,    30, -4.669189105288e-01, 1.005644618864e-06, 6.3655e+01, 1.6321e+00, 
  Elapsed time (stage 0): 6.4529e+01


Total elapsed time: 6.4537e+01
Info [verificarlo]: loaded backend libinterflop_ieee.so
Info [interflop-ieee]: load backend with:
Info [interflop-ieee]: debug = false
Info [interflop-ieee]: debug-binary = false
Info [interflop-ieee]: no-backend-name = false
Info [interflop-ieee]: print-new-line = false
Info [interflop-ieee]: print-subnormal-normalized = false
Info [interflop-ieee]: count-op = false
All_Command_lines_OK
Using double precision for computations.
=============================================================================
The composite transform comprises the following transforms (in order): 
  1. /home/mdugre/scratch/mri-registration-rp/datasets/ds004513/derivatives/mri-registration-rp/0001/antsRegistration-r7-p16/sub-s032/rigid_Composite.h5[0] (type = Euler3DTransform)
  2. /home/mdugre/scratch/mri-registration-rp/datasets/ds004513/derivatives/mri-registration-rp/0001/antsRegistration-r7-p16/sub-s032/rigid_Composite.h5[1] (type = Euler3DTransform)
  3. /home/mdugre/scratch/mri-registration-rp/datasets/ds004513/derivatives/mri-registration-rp/0001/antsRegistration-r7-p16/sub-s032/rigid_Composite.h5[2] (type = Euler3DTransform)
=============================================================================
  number of levels = 4
  fixed image: /templateflow/tpl-MNI152NLin2009cAsym/tpl-MNI152NLin2009cAsym_res-01_desc-brain_T1w.nii.gz
  moving image: /home/mdugre/scratch/mri-registration-rp/datasets/ds004513/derivatives/mri-registration-rp/antsBrainExtraction/sub-s032/BrainExtractionBrain.nii.gz
Dimension = 3
Number of stages = 1
Use histogram matching = false
Winsorize image intensities = true
  Lower quantile = 0.005
  Upper quantile = 0.995


Stage 1 State
   Image metric = MattesMI
     Fixed image = Image (0x4a3f7e0)
  RTTI typeinfo:   itk::Image<double, 3u>
  Reference Count: 2
  Modified Time: 1592
  Debug: Off
  Object Name: 
  Observers: 
    none
  Source: (none)
  Source output name: (none)
  Release Data: Off
  Data Released: False
  Global Release Data: Off
  PipelineMTime: 0
  UpdateMTime: 1203
  RealTimeStamp: 0 seconds 
  LargestPossibleRegion: 
    Dimension: 3
    Index: [0, 0, 0]
    Size: [193, 229, 193]
  BufferedRegion: 
    Dimension: 3
    Index: [0, 0, 0]
    Size: [193, 229, 193]
  RequestedRegion: 
    Dimension: 3
    Index: [0, 0, 0]
    Size: [193, 229, 193]
  Spacing: [1, 1, 1]
  Origin: [96, 132, -78]
  Direction: 
-1 0 0
0 -1 0
0 0 1

  IndexToPointMatrix: 
-1 0 0
0 -1 0
0 0 1

  PointToIndexMatrix: 
-1 0 0
0 -1 0
0 0 1

  Inverse Direction: 
-1 0 0
0 -1 0
0 0 1

  PixelContainer: 
    ImportImageContainer (0x4affa20)
      RTTI typeinfo:   itk::ImportImageContainer<unsigned long, double>
      Reference Count: 1
      Modified Time: 1200
      Debug: Off
      Object Name: 
      Observers: 
        none
      Pointer: 0x150fefa22010
      Container manages memory: true
      Size: 8530021
      Capacity: 8530021

     Moving image = Image (0x4afad70)
  RTTI typeinfo:   itk::Image<double, 3u>
  Reference Count: 2
  Modified Time: 1593
  Debug: Off
  Object Name: 
  Observers: 
    none
  Source: (none)
  Source output name: (none)
  Release Data: Off
  Data Released: False
  Global Release Data: Off
  PipelineMTime: 0
  UpdateMTime: 1590
  RealTimeStamp: 0 seconds 
  LargestPossibleRegion: 
    Dimension: 3
    Index: [0, 0, 0]
    Size: [160, 240, 256]
  BufferedRegion: 
    Dimension: 3
    Index: [0, 0, 0]
    Size: [160, 240, 256]
  RequestedRegion: 
    Dimension: 3
    Index: [0, 0, 0]
    Size: [160, 240, 256]
  Spacing: [1, 1, 1]
  Origin: [73.279, 104.707, -131.187]
  Direction: 
-0.997527 0.0645574 -0.0278053
-0.0645323 -0.997914 -0.00179875
-0.0278634 4.01097e-08 0.999612

  IndexToPointMatrix: 
-0.997527 0.0645574 -0.0278053
-0.0645323 -0.997914 -0.00179875
-0.0278634 4.01097e-08 0.999612

  PointToIndexMatrix: 
-0.997527 -0.0645323 -0.0278634
0.0645574 -0.997914 4.01049e-08
-0.0278053 -0.00179875 0.999612

  Inverse Direction: 
-0.997527 -0.0645323 -0.0278634
0.0645574 -0.997914 4.01049e-08
-0.0278053 -0.00179875 0.999612

  PixelContainer: 
    ImportImageContainer (0x4ab2c90)
      RTTI typeinfo:   itk::ImportImageContainer<unsigned long, double>
      Reference Count: 1
      Modified Time: 1587
      Debug: Off
      Object Name: 
      Observers: 
        none
      Pointer: 0x150feaf21010
      Container manages memory: true
      Size: 9830400
      Capacity: 9830400

     Weighting = 1
     Sampling strategy = regular
     Number of bins = 32
     Radius = 4
     Sampling percentage  = 0.25
   Transform = Affine
     Gradient step = 0.1
     Update field sigma (voxel space) = 0
     Total field sigma (voxel space) = 0
     Update field time sigma = 0
     Total field time sigma  = 0
     Number of time indices = 0
     Number of time point samples = 0
Registration using 1 total stages.

Stage 0
  iterations = 1000x500x250x100
  convergence threshold = 1e-06
  convergence window size = 10
  number of levels = 4
  using the Mattes MI metric (number of bins = 32, weight = 1, use gradient filter = 0)
  preprocessing:  winsorizing the image intensities
  Shrink factors (level 1 out of 4): [8, 8, 8]
  Shrink factors (level 2 out of 4): [4, 4, 4]
  Shrink factors (level 3 out of 4): [2, 2, 2]
  Shrink factors (level 4 out of 4): [1, 1, 1]
  smoothing sigmas per level: [3, 2, 1, 0]
  regular sampling (percentage = 0.25)

*** Running AffineTransform registration ***

DIAGNOSTIC,Iteration,metricValue,convergenceValue,ITERATION_TIME_INDEX,SINCE_LAST
 2DIAGNOSTIC,     1, -6.846467497339e-01, 1.797693134862e+308, 7.7332e-01, 7.7332e-01, 
 2DIAGNOSTIC,     2, -6.865599653277e-01, 1.797693134862e+308, 7.7888e-01, 5.5561e-03, 
 2DIAGNOSTIC,     3, -6.907704868147e-01, 1.797693134862e+308, 7.8360e-01, 4.7200e-03, 
 2DIAGNOSTIC,     4, -6.999395545023e-01, 1.797693134862e+308, 7.8972e-01, 6.1171e-03, 
 2DIAGNOSTIC,     5, -7.243877152406e-01, 1.797693134862e+308, 7.9933e-01, 9.6171e-03, 
 2DIAGNOSTIC,     6, -7.242482821350e-01, 1.797693134862e+308, 8.0405e-01, 4.7128e-03, 
 2DIAGNOSTIC,     7, -7.244877886409e-01, 1.797693134862e+308, 8.0870e-01, 4.6530e-03, 
 2DIAGNOSTIC,     8, -7.248516147739e-01, 1.797693134862e+308, 8.1335e-01, 4.6470e-03, 
 2DIAGNOSTIC,     9, -7.253642080905e-01, 1.797693134862e+308, 8.1805e-01, 4.6999e-03, 
 2DIAGNOSTIC,    10, -7.261017430961e-01, 4.428192879577e-03, 8.2291e-01, 4.8611e-03, 
 2DIAGNOSTIC,    11, -7.270127653348e-01, 3.245454211951e-03, 8.2777e-01, 4.8628e-03, 
 2DIAGNOSTIC,    12, -7.283408727986e-01, 2.092910157163e-03, 8.3262e-01, 4.8509e-03, 
 2DIAGNOSTIC,    13, -7.297461710544e-01, 1.104268961582e-03, 8.3743e-01, 4.8132e-03, 
 2DIAGNOSTIC,    14, -7.325722306606e-01, 4.790593781953e-04, 8.4406e-01, 6.6240e-03, 
 2DIAGNOSTIC,    15, -7.336085662915e-01, 5.672456194462e-04, 8.4925e-01, 5.1889e-03, 
 2DIAGNOSTIC,    16, -7.344892058986e-01, 6.109551561886e-04, 8.5509e-01, 5.8420e-03, 
 2DIAGNOSTIC,    17, -7.354487064705e-01, 6.214724770138e-04, 8.6082e-01, 5.7271e-03, 
 2DIAGNOSTIC,    18, -7.356519433570e-01, 5.853870607109e-04, 8.6665e-01, 5.8370e-03, 
 2DIAGNOSTIC,    19, -7.363810297768e-01, 5.243562432877e-04, 8.7345e-01, 6.7971e-03, 
 2DIAGNOSTIC,    20, -7.365672750411e-01, 4.387877322391e-04, 8.7856e-01, 5.1081e-03, 
 2DIAGNOSTIC,    21, -7.367695828448e-01, 3.418561524208e-04, 8.8353e-01, 4.9748e-03, 
 2DIAGNOSTIC,    22, -7.369772187308e-01, 2.495529889122e-04, 8.8851e-01, 4.9779e-03, 
 2DIAGNOSTIC,    23, -7.375263155426e-01, 1.744791251545e-04, 8.9490e-01, 6.3910e-03, 
 2DIAGNOSTIC,    24, -7.377605901900e-01, 1.391330371063e-04, 9.0164e-01, 6.7370e-03, 
 2DIAGNOSTIC,    25, -7.378819699366e-01, 1.116697856620e-04, 9.0678e-01, 5.1410e-03, 
 2DIAGNOSTIC,    26, -7.379294458624e-01, 8.981502379114e-05, 9.1266e-01, 5.8761e-03, 
 2DIAGNOSTIC,    27, -7.381344250935e-01, 7.820139122705e-05, 9.1759e-01, 4.9381e-03, 
 2DIAGNOSTIC,    28, -7.381078241590e-01, 6.222612388895e-05, 9.2259e-01, 4.9939e-03, 
 2DIAGNOSTIC,    29, -7.382143910636e-01, 5.284434185767e-05, 9.2872e-01, 6.1340e-03, 
 2DIAGNOSTIC,    30, -7.384010536000e-01, 4.409847103636e-05, 9.3458e-01, 5.8560e-03, 
 2DIAGNOSTIC,    31, -7.380797801823e-01, 3.033083339302e-05, 9.5070e-01, 1.6117e-02, 
 2DIAGNOSTIC,    32, -7.380797589921e-01, 1.717846451188e-05, 9.5563e-01, 4.9388e-03, 
 2DIAGNOSTIC,    33, -7.380797799864e-01, 9.723219139876e-06, 9.6065e-01, 5.0149e-03, 
 2DIAGNOSTIC,    34, -7.380798154884e-01, 4.487915535832e-06, 9.6560e-01, 4.9479e-03, 
DIAGNOSTIC,Iteration,metricValue,convergenceValue,ITERATION_TIME_INDEX,SINCE_LAST
 2DIAGNOSTIC,     1, -5.975438946939e-01, 1.797693134862e+308, 1.7364e+00, 7.7084e-01, 
 2DIAGNOSTIC,     2, -5.979803759046e-01, 1.797693134862e+308, 1.7729e+00, 3.6472e-02, 
 2DIAGNOSTIC,     3, -5.984013571281e-01, 1.797693134862e+308, 1.8134e+00, 4.0451e-02, 
 2DIAGNOSTIC,     4, -5.984744427680e-01, 1.797693134862e+308, 1.8708e+00, 5.7469e-02, 
 2DIAGNOSTIC,     5, -5.984928440690e-01, 1.797693134862e+308, 1.9117e+00, 4.0886e-02, 
 2DIAGNOSTIC,     6, -5.984977118983e-01, 1.797693134862e+308, 1.9509e+00, 3.9222e-02, 
 2DIAGNOSTIC,     7, -5.985069027485e-01, 1.797693134862e+308, 1.9906e+00, 3.9686e-02, 
 2DIAGNOSTIC,     8, -5.985063517348e-01, 1.797693134862e+308, 2.0302e+00, 3.9619e-02, 
 2DIAGNOSTIC,     9, -5.984822501298e-01, 1.797693134862e+308, 2.0677e+00, 3.7482e-02, 
 2DIAGNOSTIC,    10, -5.984866258267e-01, 7.304547338978e-05, 2.1061e+00, 3.8394e-02, 
 2DIAGNOSTIC,    11, -5.984894001233e-01, 2.866340020863e-05, 2.1460e+00, 3.9873e-02, 
 2DIAGNOSTIC,    12, -5.984800631655e-01, 5.821821759830e-06, 2.1892e+00, 4.3240e-02, 
DIAGNOSTIC,Iteration,metricValue,convergenceValue,ITERATION_TIME_INDEX,SINCE_LAST
 2DIAGNOSTIC,     1, -5.327786138493e-01, 1.797693134862e+308, 3.3191e+00, 1.1298e+00, 
 2DIAGNOSTIC,     2, -5.329846833110e-01, 1.797693134862e+308, 3.6351e+00, 3.1607e-01, 
 2DIAGNOSTIC,     3, -5.332947125034e-01, 1.797693134862e+308, 3.9755e+00, 3.4037e-01, 
 2DIAGNOSTIC,     4, -5.336661743835e-01, 1.797693134862e+308, 4.3118e+00, 3.3631e-01, 
 2DIAGNOSTIC,     5, -5.342210714457e-01, 1.797693134862e+308, 4.6096e+00, 2.9779e-01, 
 2DIAGNOSTIC,     6, -5.350706504414e-01, 1.797693134862e+308, 4.9008e+00, 2.9123e-01, 
 2DIAGNOSTIC,     7, -5.361001102920e-01, 1.797693134862e+308, 5.1878e+00, 2.8695e-01, 
 2DIAGNOSTIC,     8, -5.399550453215e-01, 1.797693134862e+308, 5.6201e+00, 4.3231e-01, 
 2DIAGNOSTIC,     9, -5.405412204957e-01, 1.797693134862e+308, 5.8847e+00, 2.6455e-01, 
 2DIAGNOSTIC,    10, -5.415141526038e-01, 1.132052651584e-03, 6.2817e+00, 3.9708e-01, 
 2DIAGNOSTIC,    11, -5.434347243434e-01, 1.221099180877e-03, 6.8756e+00, 5.9385e-01, 
 2DIAGNOSTIC,    12, -5.437263766305e-01, 1.205082287754e-03, 7.2274e+00, 3.5182e-01, 
 2DIAGNOSTIC,    13, -5.444626241752e-01, 1.124264256389e-03, 7.5786e+00, 3.5117e-01, 
 2DIAGNOSTIC,    14, -5.448980886581e-01, 9.835773915353e-04, 7.9673e+00, 3.8873e-01, 
 2DIAGNOSTIC,    15, -5.449839080408e-01, 7.957966911887e-04, 8.5249e+00, 5.5763e-01, 
 2DIAGNOSTIC,    16, -5.449851781898e-01, 5.871839468252e-04, 8.8978e+00, 3.7290e-01, 
 2DIAGNOSTIC,    17, -5.449834154943e-01, 3.784451045731e-04, 9.2760e+00, 3.7814e-01, 
 2DIAGNOSTIC,    18, -5.449846570053e-01, 2.715153965302e-04, 9.8817e+00, 6.0572e-01, 
 2DIAGNOSTIC,    19, -5.449849589100e-01, 1.669147106703e-04, 1.0329e+01, 4.4707e-01, 
 2DIAGNOSTIC,    20, -5.449846645611e-01, 8.197574763767e-05, 1.0726e+01, 3.9686e-01, 
 2DIAGNOSTIC,    21, -5.449841168690e-01, 4.596348141580e-05, 1.1127e+01, 4.0107e-01, 
 2DIAGNOSTIC,    22, -5.449835684098e-01, 1.571310403057e-05, 1.1446e+01, 3.1914e-01, 
 2DIAGNOSTIC,    23, -5.449823288112e-01, 3.308406576905e-06, 1.1800e+01, 3.5382e-01, 
 2DIAGNOSTIC,    24, -5.449822432053e-01, 1.239781417320e-06, 1.2124e+01, 3.2444e-01, 
 2DIAGNOSTIC,    25, -5.449817873590e-01, 1.138551168692e-06, 1.2529e+01, 4.0476e-01, 
 2DIAGNOSTIC,    26, -5.449827903812e-01, 1.105970620426e-06, 1.2903e+01, 3.7432e-01, 
DIAGNOSTIC,Iteration,metricValue,convergenceValue,ITERATION_TIME_INDEX,SINCE_LAST
 2DIAGNOSTIC,     1, -5.003473913119e-01, 1.797693134862e+308, 1.5889e+01, 2.9859e+00, 
 2DIAGNOSTIC,     2, -5.004527850364e-01, 1.797693134862e+308, 1.7662e+01, 1.7733e+00, 
 2DIAGNOSTIC,     3, -5.005181381392e-01, 1.797693134862e+308, 1.9697e+01, 2.0348e+00, 
 2DIAGNOSTIC,     4, -5.005406031233e-01, 1.797693134862e+308, 2.2313e+01, 2.6160e+00, 
 2DIAGNOSTIC,     5, -5.005462450179e-01, 1.797693134862e+308, 2.4587e+01, 2.2742e+00, 
 2DIAGNOSTIC,     6, -5.005460062166e-01, 1.797693134862e+308, 2.6568e+01, 1.9811e+00, 
 2DIAGNOSTIC,     7, -5.005454092576e-01, 1.797693134862e+308, 2.8559e+01, 1.9902e+00, 
 2DIAGNOSTIC,     8, -5.005455100385e-01, 1.797693134862e+308, 3.0174e+01, 1.6156e+00, 
 2DIAGNOSTIC,     9, -5.005449391281e-01, 1.797693134862e+308, 3.2464e+01, 2.2896e+00, 
 2DIAGNOSTIC,    10, -5.005452937120e-01, 2.020647286176e-05, 3.4468e+01, 2.0041e+00, 
 2DIAGNOSTIC,    11, -5.005441593018e-01, 8.967729565684e-06, 3.6789e+01, 2.3208e+00, 
 2DIAGNOSTIC,    12, -5.005442080112e-01, 3.977178503922e-06, 3.9018e+01, 2.2292e+00, 
 2DIAGNOSTIC,    13, -5.005441145755e-01, 2.459560348764e-06, 4.0841e+01, 1.8228e+00, 
 2DIAGNOSTIC,    14, -5.005439766795e-01, 2.055813187130e-06, 4.2792e+01, 1.9516e+00, 
 2DIAGNOSTIC,    15, -5.005439263971e-01, 1.937533039800e-06, 4.4732e+01, 1.9400e+00, 
 2DIAGNOSTIC,    16, -5.005438870727e-01, 1.841852636811e-06, 4.6436e+01, 1.7037e+00, 
