
##########################
# Experiment information #
##########################

EXPERIMENT_NAME: antsRegistration-r7-p22
VFC_BACKENDS: libinterflop_vprec.so --range-binary32=7 --precision-binary32=22 --range-binary64=7 --precision-binary64=22

SIF_IMG: /home/mdugre/projects/rrg-glatard/mdugre/containers/ants-vprec-no_metrics.simg

SUBJECT_ID: s033
INPUT_IMG: /home/mdugre/scratch/mri-registration-rp/datasets/ds004513/derivatives/mri-registration-rp/antsBrainExtraction/sub-s033/BrainExtractionBrain.nii.gz
OUTPUT_DIR: /home/mdugre/scratch/mri-registration-rp/datasets/ds004513/derivatives/mri-registration-rp/0001/antsRegistration-r7-p22/sub-s033

FIXED_IMG: /templateflow/tpl-MNI152NLin2009cAsym/tpl-MNI152NLin2009cAsym_res-01_desc-brain_T1w.nii.gz
DATA_DIR: /home/mdugre/scratch/mri-registration-rp/datasets/ds004513
TEMPLATEFLOW_DIR: /home/mdugre/projects/rrg-glatard/mdugre/templateflow
ITK_GLOBAL_DEFAULT_NUMBER_OF_THREADS: 16
##########################

Info [verificarlo]: loaded backend libinterflop_ieee.so
Info [interflop-ieee]: load backend with:
Info [interflop-ieee]: debug = false
Info [interflop-ieee]: debug-binary = false
Info [interflop-ieee]: no-backend-name = false
Info [interflop-ieee]: print-new-line = false
Info [interflop-ieee]: print-subnormal-normalized = false
Info [interflop-ieee]: count-op = false
All_Command_lines_OK
Using double precision for computations.
=============================================================================
The composite transform comprises the following transforms (in order): 
  1. Center of mass alignment using fixed image: /templateflow/tpl-MNI152NLin2009cAsym/tpl-MNI152NLin2009cAsym_res-01_desc-brain_T1w.nii.gz and moving image: /home/mdugre/scratch/mri-registration-rp/datasets/ds004513/derivatives/mri-registration-rp/antsBrainExtraction/sub-s033/BrainExtractionBrain.nii.gz (type = Euler3DTransform)
=============================================================================
  number of levels = 1
  fixed image: /templateflow/tpl-MNI152NLin2009cAsym/tpl-MNI152NLin2009cAsym_res-01_desc-brain_T1w.nii.gz
  moving image: /home/mdugre/scratch/mri-registration-rp/datasets/ds004513/derivatives/mri-registration-rp/antsBrainExtraction/sub-s033/BrainExtractionBrain.nii.gz
Dimension = 3
Number of stages = 1
Use histogram matching = false
Winsorize image intensities = true
  Lower quantile = 0.005
  Upper quantile = 0.995


Stage 1 State
   Image metric = MattesMI
     Fixed image = Image (0x4fb4e70)
  RTTI typeinfo:   itk::Image<double, 3u>
  Reference Count: 2
  Modified Time: 2330
  Debug: Off
  Object Name: 
  Observers: 
    none
  Source: (none)
  Source output name: (none)
  Release Data: Off
  Data Released: False
  Global Release Data: Off
  PipelineMTime: 0
  UpdateMTime: 1941
  RealTimeStamp: 0 seconds 
  LargestPossibleRegion: 
    Dimension: 3
    Index: [0, 0, 0]
    Size: [193, 229, 193]
  BufferedRegion: 
    Dimension: 3
    Index: [0, 0, 0]
    Size: [193, 229, 193]
  RequestedRegion: 
    Dimension: 3
    Index: [0, 0, 0]
    Size: [193, 229, 193]
  Spacing: [1, 1, 1]
  Origin: [96, 132, -78]
  Direction: 
-1 0 0
0 -1 0
0 0 1

  IndexToPointMatrix: 
-1 0 0
0 -1 0
0 0 1

  PointToIndexMatrix: 
-1 0 0
0 -1 0
0 0 1

  Inverse Direction: 
-1 0 0
0 -1 0
0 0 1

  PixelContainer: 
    ImportImageContainer (0x4fbdc60)
      RTTI typeinfo:   itk::ImportImageContainer<unsigned long, double>
      Reference Count: 1
      Modified Time: 1938
      Debug: Off
      Object Name: 
      Observers: 
        none
      Pointer: 0x14b80b914010
      Container manages memory: true
      Size: 8530021
      Capacity: 8530021

     Moving image = Image (0x4fb7540)
  RTTI typeinfo:   itk::Image<double, 3u>
  Reference Count: 2
  Modified Time: 2331
  Debug: Off
  Object Name: 
  Observers: 
    none
  Source: (none)
  Source output name: (none)
  Release Data: Off
  Data Released: False
  Global Release Data: Off
  PipelineMTime: 0
  UpdateMTime: 2328
  RealTimeStamp: 0 seconds 
  LargestPossibleRegion: 
    Dimension: 3
    Index: [0, 0, 0]
    Size: [160, 240, 256]
  BufferedRegion: 
    Dimension: 3
    Index: [0, 0, 0]
    Size: [160, 240, 256]
  RequestedRegion: 
    Dimension: 3
    Index: [0, 0, 0]
    Size: [160, 240, 256]
  Spacing: [1, 1, 1]
  Origin: [91.5134, 94.282, -109.927]
  Direction: 
-0.99591 -0.0698718 -0.0572835
0.0697565 -0.997556 0.00401236
-0.0574239 5.01125e-08 0.99835

  IndexToPointMatrix: 
-0.99591 -0.0698718 -0.0572835
0.0697565 -0.997556 0.00401236
-0.0574239 5.01125e-08 0.99835

  PointToIndexMatrix: 
-0.99591 0.0697565 -0.0574239
-0.0698718 -0.997556 5.01483e-08
-0.0572835 0.00401236 0.99835

  Inverse Direction: 
-0.99591 0.0697565 -0.0574239
-0.0698718 -0.997556 5.01483e-08
-0.0572835 0.00401236 0.99835

  PixelContainer: 
    ImportImageContainer (0x50c9610)
      RTTI typeinfo:   itk::ImportImageContainer<unsigned long, double>
      Reference Count: 1
      Modified Time: 2325
      Debug: Off
      Object Name: 
      Observers: 
        none
      Pointer: 0x14b806e13010
      Container manages memory: true
      Size: 9830400
      Capacity: 9830400

     Weighting = 1
     Sampling strategy = regular
     Number of bins = 32
     Radius = 4
     Sampling percentage  = 0.25
   Transform = Rigid
     Gradient step = 0.1
     Update field sigma (voxel space) = 0
     Total field sigma (voxel space) = 0
     Update field time sigma = 0
     Total field time sigma  = 0
     Number of time indices = 0
     Number of time point samples = 0
Registration using 1 total stages.

Stage 0
  iterations = 0
  convergence threshold = 1e-06
  convergence window size = 10
  number of levels = 1
  using the Mattes MI metric (number of bins = 32, weight = 1, use gradient filter = 0)
  preprocessing:  winsorizing the image intensities
  Shrink factors (level 1 out of 1): [1, 1, 1]
  smoothing sigmas per level: [0]
  regular sampling (percentage = 0.25)

*** Running Euler3DTransform registration ***

  Elapsed time (stage 0): 1.07446


Total elapsed time: 1.0767
Info [verificarlo]: loaded backend libinterflop_ieee.so
Info [interflop-ieee]: load backend with:
Info [interflop-ieee]: debug = false
Info [interflop-ieee]: debug-binary = false
Info [interflop-ieee]: no-backend-name = false
Info [interflop-ieee]: print-new-line = false
Info [interflop-ieee]: print-subnormal-normalized = false
Info [interflop-ieee]: count-op = false
All_Command_lines_OK
Using double precision for computations.
=============================================================================
The composite transform comprises the following transforms (in order): 
  1. /home/mdugre/scratch/mri-registration-rp/datasets/ds004513/derivatives/mri-registration-rp/0001/antsRegistration-r7-p22/sub-s033/align_Composite.h5[0] (type = Euler3DTransform)
  2. /home/mdugre/scratch/mri-registration-rp/datasets/ds004513/derivatives/mri-registration-rp/0001/antsRegistration-r7-p22/sub-s033/align_Composite.h5[1] (type = Euler3DTransform)
=============================================================================
  number of levels = 4
  fixed image: /templateflow/tpl-MNI152NLin2009cAsym/tpl-MNI152NLin2009cAsym_res-01_desc-brain_T1w.nii.gz
  moving image: /home/mdugre/scratch/mri-registration-rp/datasets/ds004513/derivatives/mri-registration-rp/antsBrainExtraction/sub-s033/BrainExtractionBrain.nii.gz
Dimension = 3
Number of stages = 1
Use histogram matching = false
Winsorize image intensities = true
  Lower quantile = 0.005
  Upper quantile = 0.995


Stage 1 State
   Image metric = MattesMI
     Fixed image = Image (0x32b8530)
  RTTI typeinfo:   itk::Image<double, 3u>
  Reference Count: 2
  Modified Time: 1578
  Debug: Off
  Object Name: 
  Observers: 
    none
  Source: (none)
  Source output name: (none)
  Release Data: Off
  Data Released: False
  Global Release Data: Off
  PipelineMTime: 0
  UpdateMTime: 1189
  RealTimeStamp: 0 seconds 
  LargestPossibleRegion: 
    Dimension: 3
    Index: [0, 0, 0]
    Size: [193, 229, 193]
  BufferedRegion: 
    Dimension: 3
    Index: [0, 0, 0]
    Size: [193, 229, 193]
  RequestedRegion: 
    Dimension: 3
    Index: [0, 0, 0]
    Size: [193, 229, 193]
  Spacing: [1, 1, 1]
  Origin: [96, 132, -78]
  Direction: 
-1 0 0
0 -1 0
0 0 1

  IndexToPointMatrix: 
-1 0 0
0 -1 0
0 0 1

  PointToIndexMatrix: 
-1 0 0
0 -1 0
0 0 1

  Inverse Direction: 
-1 0 0
0 -1 0
0 0 1

  PixelContainer: 
    ImportImageContainer (0x3376d60)
      RTTI typeinfo:   itk::ImportImageContainer<unsigned long, double>
      Reference Count: 1
      Modified Time: 1186
      Debug: Off
      Object Name: 
      Observers: 
        none
      Pointer: 0x152e73dce010
      Container manages memory: true
      Size: 8530021
      Capacity: 8530021

     Moving image = Image (0x3368f60)
  RTTI typeinfo:   itk::Image<double, 3u>
  Reference Count: 2
  Modified Time: 1579
  Debug: Off
  Object Name: 
  Observers: 
    none
  Source: (none)
  Source output name: (none)
  Release Data: Off
  Data Released: False
  Global Release Data: Off
  PipelineMTime: 0
  UpdateMTime: 1576
  RealTimeStamp: 0 seconds 
  LargestPossibleRegion: 
    Dimension: 3
    Index: [0, 0, 0]
    Size: [160, 240, 256]
  BufferedRegion: 
    Dimension: 3
    Index: [0, 0, 0]
    Size: [160, 240, 256]
  RequestedRegion: 
    Dimension: 3
    Index: [0, 0, 0]
    Size: [160, 240, 256]
  Spacing: [1, 1, 1]
  Origin: [91.5134, 94.282, -109.927]
  Direction: 
-0.99591 -0.0698718 -0.0572835
0.0697565 -0.997556 0.00401236
-0.0574239 5.01125e-08 0.99835

  IndexToPointMatrix: 
-0.99591 -0.0698718 -0.0572835
0.0697565 -0.997556 0.00401236
-0.0574239 5.01125e-08 0.99835

  PointToIndexMatrix: 
-0.99591 0.0697565 -0.0574239
-0.0698718 -0.997556 5.01483e-08
-0.0572835 0.00401236 0.99835

  Inverse Direction: 
-0.99591 0.0697565 -0.0574239
-0.0698718 -0.997556 5.01483e-08
-0.0572835 0.00401236 0.99835

  PixelContainer: 
    ImportImageContainer (0x335a6d0)
      RTTI typeinfo:   itk::ImportImageContainer<unsigned long, double>
      Reference Count: 1
      Modified Time: 1573
      Debug: Off
      Object Name: 
      Observers: 
        none
      Pointer: 0x152e6f2cd010
      Container manages memory: true
      Size: 9830400
      Capacity: 9830400

     Weighting = 1
     Sampling strategy = regular
     Number of bins = 32
     Radius = 4
     Sampling percentage  = 0.25
   Transform = Rigid
     Gradient step = 0.1
     Update field sigma (voxel space) = 0
     Total field sigma (voxel space) = 0
     Update field time sigma = 0
     Total field time sigma  = 0
     Number of time indices = 0
     Number of time point samples = 0
Registration using 1 total stages.

Stage 0
  iterations = 1000x500x250x100
  convergence threshold = 1e-06
  convergence window size = 10
  number of levels = 4
  using the Mattes MI metric (number of bins = 32, weight = 1, use gradient filter = 0)
  preprocessing:  winsorizing the image intensities
  Shrink factors (level 1 out of 4): [8, 8, 8]
  Shrink factors (level 2 out of 4): [4, 4, 4]
  Shrink factors (level 3 out of 4): [2, 2, 2]
  Shrink factors (level 4 out of 4): [1, 1, 1]
  smoothing sigmas per level: [3, 2, 1, 0]
  regular sampling (percentage = 0.25)

*** Running Euler3DTransform registration ***

DIAGNOSTIC,Iteration,metricValue,convergenceValue,ITERATION_TIME_INDEX,SINCE_LAST
 2DIAGNOSTIC,     1, -4.945365495269e-01, 1.797693134862e+308, 9.0843e-01, 9.0843e-01, 
 2DIAGNOSTIC,     2, -4.961551199262e-01, 1.797693134862e+308, 9.1304e-01, 4.6029e-03, 
 2DIAGNOSTIC,     3, -4.991207097076e-01, 1.797693134862e+308, 9.1731e-01, 4.2760e-03, 
 2DIAGNOSTIC,     4, -5.030359852117e-01, 1.797693134862e+308, 9.2152e-01, 4.2109e-03, 
 2DIAGNOSTIC,     5, -5.059125054655e-01, 1.797693134862e+308, 9.2575e-01, 4.2250e-03, 
 2DIAGNOSTIC,     6, -5.092815596254e-01, 1.797693134862e+308, 9.3030e-01, 4.5540e-03, 
 2DIAGNOSTIC,     7, -5.205915484568e-01, 1.797693134862e+308, 9.3524e-01, 4.9348e-03, 
 2DIAGNOSTIC,     8, -5.236677933913e-01, 1.797693134862e+308, 9.3957e-01, 4.3359e-03, 
 2DIAGNOSTIC,     9, -5.261653611514e-01, 1.797693134862e+308, 9.4396e-01, 4.3900e-03, 
 2DIAGNOSTIC,    10, -5.313843279548e-01, 4.956236851461e-03, 9.4876e-01, 4.8001e-03, 
 2DIAGNOSTIC,    11, -5.461121550605e-01, 5.255951709878e-03, 9.5455e-01, 5.7850e-03, 
 2DIAGNOSTIC,    12, -5.563506773260e-01, 5.544499219504e-03, 9.5907e-01, 4.5240e-03, 
 2DIAGNOSTIC,    13, -6.011783753080e-01, 7.240286203938e-03, 9.6477e-01, 5.6970e-03, 
 2DIAGNOSTIC,    14, -6.166052825015e-01, 8.701253899124e-03, 9.6934e-01, 4.5681e-03, 
 2DIAGNOSTIC,    15, -6.211428291670e-01, 9.416357351054e-03, 9.7382e-01, 4.4851e-03, 
 2DIAGNOSTIC,    16, -6.235432152220e-01, 9.368281937497e-03, 9.7891e-01, 5.0859e-03, 
 2DIAGNOSTIC,    17, -6.347577463691e-01, 9.145335036183e-03, 9.8496e-01, 6.0470e-03, 
 2DIAGNOSTIC,    18, -6.413138477451e-01, 8.359392961174e-03, 9.9006e-01, 5.1050e-03, 
 2DIAGNOSTIC,    19, -6.420802719193e-01, 6.980623481068e-03, 9.9552e-01, 5.4600e-03, 
 2DIAGNOSTIC,    20, -6.425493375806e-01, 5.272872617135e-03, 9.9981e-01, 4.2870e-03, 
 2DIAGNOSTIC,    21, -6.431795006279e-01, 3.641466696684e-03, 1.0049e+00, 5.0421e-03, 
 2DIAGNOSTIC,    22, -6.434078411503e-01, 2.049114007113e-03, 1.0090e+00, 4.1988e-03, 
 2DIAGNOSTIC,    23, -6.435083891975e-01, 1.381096907930e-03, 1.0137e+00, 4.6909e-03, 
 2DIAGNOSTIC,    24, -6.436807763686e-01, 9.688116486356e-04, 1.0190e+00, 5.2679e-03, 
 2DIAGNOSTIC,    25, -6.439989427688e-01, 6.014654381591e-04, 1.0249e+00, 5.8980e-03, 
 2DIAGNOSTIC,    26, -6.448361565060e-01, 2.655197677105e-04, 1.0292e+00, 4.3340e-03, 
 2DIAGNOSTIC,    27, -6.460796032553e-01, 1.536866132088e-04, 1.0340e+00, 4.7650e-03, 
 2DIAGNOSTIC,    28, -6.463976193421e-01, 1.550353708470e-04, 1.0382e+00, 4.2310e-03, 
 2DIAGNOSTIC,    29, -6.463935456480e-01, 1.547432202838e-04, 1.0425e+00, 4.2970e-03, 
 2DIAGNOSTIC,    30, -6.464392297327e-01, 1.482978291697e-04, 1.0471e+00, 4.6039e-03, 
 2DIAGNOSTIC,    31, -6.463723508276e-01, 1.368671030333e-04, 1.0513e+00, 4.1442e-03, 
 2DIAGNOSTIC,    32, -6.464254417274e-01, 1.173265056830e-04, 1.0565e+00, 5.2040e-03, 
 2DIAGNOSTIC,    33, -6.464354984148e-01, 8.969321241711e-05, 1.0696e+00, 1.3084e-02, 
 2DIAGNOSTIC,    34, -6.464354983819e-01, 5.811480696917e-05, 1.0827e+00, 1.3137e-02, 
 2DIAGNOSTIC,    35, -6.464354983819e-01, 2.735365108447e-05, 1.0873e+00, 4.6391e-03, 
 2DIAGNOSTIC,    36, -6.464354983819e-01, 6.561984697881e-06, 1.0935e+00, 6.1381e-03, 
 2DIAGNOSTIC,    37, -6.464354983819e-01, 2.244504078843e-06, 1.0990e+00, 5.5511e-03, 
 2DIAGNOSTIC,    38, -6.464354983819e-01, 1.990755757332e-06, 1.1039e+00, 4.8480e-03, 
 2DIAGNOSTIC,    39, -6.464354983819e-01, 1.582335107067e-06, 1.1086e+00, 4.6899e-03, 
 2DIAGNOSTIC,    40, -6.464354983819e-01, 1.698171339052e-06, 1.1138e+00, 5.2040e-03, 
DIAGNOSTIC,Iteration,metricValue,convergenceValue,ITERATION_TIME_INDEX,SINCE_LAST
 2DIAGNOSTIC,     1, -5.367244456865e-01, 1.797693134862e+308, 1.8488e+00, 7.3504e-01, 
 2DIAGNOSTIC,     2, -5.380313841385e-01, 1.797693134862e+308, 1.8818e+00, 3.3013e-02, 
 2DIAGNOSTIC,     3, -5.401731917359e-01, 1.797693134862e+308, 1.9114e+00, 2.9608e-02, 
 2DIAGNOSTIC,     4, -5.431881349854e-01, 1.797693134862e+308, 1.9411e+00, 2.9639e-02, 
 2DIAGNOSTIC,     5, -5.453557600071e-01, 1.797693134862e+308, 1.9701e+00, 2.9030e-02, 
 2DIAGNOSTIC,     6, -5.461088567091e-01, 1.797693134862e+308, 1.9988e+00, 2.8671e-02, 
 2DIAGNOSTIC,     7, -5.462086682774e-01, 1.797693134862e+308, 2.0311e+00, 3.2345e-02, 
 2DIAGNOSTIC,     8, -5.464869269405e-01, 1.797693134862e+308, 2.0671e+00, 3.5934e-02, 
 2DIAGNOSTIC,     9, -5.465850816520e-01, 1.797693134862e+308, 2.1073e+00, 4.0223e-02, 
 2DIAGNOSTIC,    10, -5.466464842830e-01, 1.224741160084e-03, 2.1364e+00, 2.9135e-02, 
 2DIAGNOSTIC,    11, -5.470487710329e-01, 8.391099254797e-04, 2.1681e+00, 3.1669e-02, 
 2DIAGNOSTIC,    12, -5.471506825817e-01, 5.042747812559e-04, 2.1999e+00, 3.1820e-02, 
 2DIAGNOSTIC,    13, -5.471747722593e-01, 2.608962461521e-04, 2.2397e+00, 3.9777e-02, 
 2DIAGNOSTIC,    14, -5.471893676386e-01, 1.401592339656e-04, 2.2722e+00, 3.2549e-02, 
 2DIAGNOSTIC,    15, -5.471839954380e-01, 9.761643319146e-05, 2.3043e+00, 3.2032e-02, 
 2DIAGNOSTIC,    16, -5.471599228749e-01, 7.527605514494e-05, 2.3341e+00, 2.9879e-02, 
 2DIAGNOSTIC,    17, -5.471662420740e-01, 5.183176851077e-05, 2.3631e+00, 2.8955e-02, 
 2DIAGNOSTIC,    18, -5.471747028411e-01, 3.478195000260e-05, 2.3950e+00, 3.1911e-02, 
 2DIAGNOSTIC,    19, -5.471813451199e-01, 1.945629067053e-05, 2.4273e+00, 3.2314e-02, 
 2DIAGNOSTIC,    20, -5.471662913888e-01, 4.969824887825e-06, 2.4562e+00, 2.8893e-02, 
 2DIAGNOSTIC,    21, -5.471844158135e-01, 1.951262464876e-06, 2.4879e+00, 3.1681e-02, 
 2DIAGNOSTIC,    22, -5.471946854768e-01, 1.794829145647e-06, 2.5162e+00, 2.8290e-02, 
 2DIAGNOSTIC,    23, -5.472309776846e-01, 2.955890684816e-06, 2.5448e+00, 2.8639e-02, 
 2DIAGNOSTIC,    24, -5.472460346589e-01, 4.500345628905e-06, 2.5772e+00, 3.2397e-02, 
 2DIAGNOSTIC,    25, -5.473225343482e-01, 7.130562617315e-06, 2.6060e+00, 2.8791e-02, 
 2DIAGNOSTIC,    26, -5.474469321506e-01, 1.098291141642e-05, 2.6348e+00, 2.8754e-02, 
 2DIAGNOSTIC,    27, -5.481013379859e-01, 2.630865935055e-05, 2.6675e+00, 3.2686e-02, 
 2DIAGNOSTIC,    28, -5.480678938950e-01, 3.738994259089e-05, 2.7067e+00, 3.9248e-02, 
 2DIAGNOSTIC,    29, -5.482084716391e-01, 4.712041014341e-05, 2.7430e+00, 3.6340e-02, 
 2DIAGNOSTIC,    30, -5.482082518487e-01, 5.166415604782e-05, 2.7763e+00, 3.3249e-02, 
 2DIAGNOSTIC,    31, -5.482014615602e-01, 5.125922189029e-05, 2.8102e+00, 3.3870e-02, 
 2DIAGNOSTIC,    32, -5.481815956854e-01, 4.582631226124e-05, 2.8404e+00, 3.0226e-02, 
 2DIAGNOSTIC,    33, -5.481718257030e-01, 3.689943327915e-05, 2.8717e+00, 3.1283e-02, 
 2DIAGNOSTIC,    34, -5.481825626204e-01, 2.560031535570e-05, 2.9019e+00, 3.0247e-02, 
 2DIAGNOSTIC,    35, -5.481838557265e-01, 1.379952061193e-05, 2.9343e+00, 3.2356e-02, 
 2DIAGNOSTIC,    36, -5.481854579736e-01, 3.009179262155e-06, 2.9696e+00, 3.5359e-02, 
 2DIAGNOSTIC,    37, -5.482631349733e-01, 2.936484931933e-06, 3.0065e+00, 3.6852e-02, 
 2DIAGNOSTIC,    38, -5.482856021506e-01, 2.436034273471e-06, 3.0419e+00, 3.5393e-02, 
 2DIAGNOSTIC,    39, -5.482706814391e-01, 3.481458145115e-06, 3.0781e+00, 3.6260e-02, 
 2DIAGNOSTIC,    40, -5.481987714789e-01, 3.304951265465e-06, 3.1141e+00, 3.5941e-02, 
 2DIAGNOSTIC,    41, -5.482803946713e-01, 3.878934605447e-06, 3.1488e+00, 3.4723e-02, 
 2DIAGNOSTIC,    42, -5.481858847055e-01, 2.659198783013e-06, 3.1871e+00, 3.8274e-02, 
 2DIAGNOSTIC,    43, -5.482756793126e-01, 2.301943731884e-06, 3.2292e+00, 4.2088e-02, 
 2DIAGNOSTIC,    44, -5.483025225280e-01, 2.247641594406e-06, 3.2642e+00, 3.5044e-02, 
 2DIAGNOSTIC,    45, -5.482811785506e-01, 1.830010624874e-06, 3.3000e+00, 3.5747e-02, 
 2DIAGNOSTIC,    46, -5.482645577492e-01, 1.147377700600e-06, 3.3351e+00, 3.5181e-02, 
 2DIAGNOSTIC,    47, -5.482548593334e-01, 1.197723275660e-06, 3.4333e+00, 9.8160e-02, 
 2DIAGNOSTIC,    48, -5.482548593323e-01, 1.432567591220e-06, 3.5164e+00, 8.3097e-02, 
 2DIAGNOSTIC,    49, -5.482548593323e-01, 1.430284634726e-06, 3.5627e+00, 4.6301e-02, 
DIAGNOSTIC,Iteration,metricValue,convergenceValue,ITERATION_TIME_INDEX,SINCE_LAST
 2DIAGNOSTIC,     1, -4.661873952087e-01, 1.797693134862e+308, 4.6534e+00, 1.0907e+00, 
 2DIAGNOSTIC,     2, -4.663634413265e-01, 1.797693134862e+308, 4.8950e+00, 2.4163e-01, 
 2DIAGNOSTIC,     3, -4.665065272396e-01, 1.797693134862e+308, 5.1181e+00, 2.2305e-01, 
 2DIAGNOSTIC,     4, -4.666272942542e-01, 1.797693134862e+308, 5.3417e+00, 2.2366e-01, 
 2DIAGNOSTIC,     5, -4.667166887295e-01, 1.797693134862e+308, 5.5651e+00, 2.2343e-01, 
 2DIAGNOSTIC,     6, -4.668667251404e-01, 1.797693134862e+308, 5.7981e+00, 2.3297e-01, 
 2DIAGNOSTIC,     7, -4.669697657822e-01, 1.797693134862e+308, 6.1013e+00, 3.0316e-01, 
 2DIAGNOSTIC,     8, -4.670258326535e-01, 1.797693134862e+308, 6.4255e+00, 3.2423e-01, 
 2DIAGNOSTIC,     9, -4.670791326516e-01, 1.797693134862e+308, 6.6656e+00, 2.4013e-01, 
 2DIAGNOSTIC,    10, -4.671177528134e-01, 1.313506021308e-04, 6.8934e+00, 2.2774e-01, 
 2DIAGNOSTIC,    11, -4.671984790887e-01, 1.051589083833e-04, 7.1183e+00, 2.2488e-01, 
 2DIAGNOSTIC,    12, -4.674361051900e-01, 9.491304700511e-05, 7.4603e+00, 3.4208e-01, 
 2DIAGNOSTIC,    13, -4.675162710108e-01, 8.805638761435e-05, 7.6897e+00, 2.2934e-01, 
 2DIAGNOSTIC,    14, -4.675732997542e-01, 8.220239701159e-05, 8.0174e+00, 3.2770e-01, 
 2DIAGNOSTIC,    15, -4.675740527406e-01, 7.348744600891e-05, 8.3123e+00, 2.9496e-01, 
 2DIAGNOSTIC,    16, -4.675763039196e-01, 6.504169831027e-05, 8.7280e+00, 4.1569e-01, 
 2DIAGNOSTIC,    17, -4.675764002695e-01, 5.533246964791e-05, 8.9521e+00, 2.2403e-01, 
 2DIAGNOSTIC,    18, -4.675746411511e-01, 4.352737002883e-05, 9.1943e+00, 2.4227e-01, 
 2DIAGNOSTIC,    19, -4.675729817863e-01, 3.083257305427e-05, 9.4582e+00, 2.6389e-01, 
 2DIAGNOSTIC,    20, -4.675704089197e-01, 1.784600569689e-05, 9.7213e+00, 2.6304e-01, 
 2DIAGNOSTIC,    21, -4.675680460745e-01, 6.710552583375e-06, 9.9691e+00, 2.4784e-01, 
 2DIAGNOSTIC,    22, -4.675679036441e-01, 2.626361171522e-06, 1.0279e+01, 3.1031e-01, 
DIAGNOSTIC,Iteration,metricValue,convergenceValue,ITERATION_TIME_INDEX,SINCE_LAST
 2DIAGNOSTIC,     1, -4.258649723281e-01, 1.797693134862e+308, 1.2880e+01, 2.6009e+00, 
 2DIAGNOSTIC,     2, -4.259686267990e-01, 1.797693134862e+308, 1.4300e+01, 1.4195e+00, 
 2DIAGNOSTIC,     3, -4.260095512198e-01, 1.797693134862e+308, 1.6207e+01, 1.9071e+00, 
 2DIAGNOSTIC,     4, -4.260080852956e-01, 1.797693134862e+308, 1.8461e+01, 2.2537e+00, 
 2DIAGNOSTIC,     5, -4.260079722310e-01, 1.797693134862e+308, 2.0336e+01, 1.8755e+00, 
 2DIAGNOSTIC,     6, -4.260081346378e-01, 1.797693134862e+308, 2.1888e+01, 1.5523e+00, 
 2DIAGNOSTIC,     7, -4.260082731211e-01, 1.797693134862e+308, 2.4234e+01, 2.3457e+00, 
 2DIAGNOSTIC,     8, -4.260079841078e-01, 1.797693134862e+308, 2.6169e+01, 1.9349e+00, 
 2DIAGNOSTIC,     9, -4.260078930692e-01, 1.797693134862e+308, 2.7844e+01, 1.6748e+00, 
 2DIAGNOSTIC,    10, -4.260078098508e-01, 1.493349023869e-05, 2.9529e+01, 1.6848e+00, 
 2DIAGNOSTIC,    11, -4.260079333436e-01, 5.177229300074e-06, 3.1226e+01, 1.6977e+00, 
 2DIAGNOSTIC,    12, -4.260078510447e-01, 2.533750832603e-06, 3.3046e+01, 1.8200e+00, 
 2DIAGNOSTIC,    13, -4.260077794522e-01, 2.406745252606e-06, 3.4816e+01, 1.7696e+00, 
 2DIAGNOSTIC,    14, -4.260077273554e-01, 2.229840429802e-06, 3.6683e+01, 1.8676e+00, 
 2DIAGNOSTIC,    15, -4.260075492963e-01, 2.067125711047e-06, 3.8475e+01, 1.7911e+00, 
 2DIAGNOSTIC,    16, -4.260072608573e-01, 1.924114685456e-06, 3.9995e+01, 1.5206e+00, 
 2DIAGNOSTIC,    17, -4.260070869085e-01, 1.802916490178e-06, 4.2014e+01, 2.0191e+00, 
 2DIAGNOSTIC,    18, -4.260079354865e-01, 1.722378991570e-06, 4.3795e+01, 1.7807e+00, 
 2DIAGNOSTIC,    19, -4.260077519434e-01, 1.643898942402e-06, 4.6189e+01, 2.3945e+00, 
 2DIAGNOSTIC,    20, -4.260075616218e-01, 1.567336471352e-06, 4.8406e+01, 2.2165e+00, 
 2DIAGNOSTIC,    21, -4.260074724682e-01, 1.502076723399e-06, 5.0486e+01, 2.0803e+00, 
 2DIAGNOSTIC,    22, -4.260072812126e-01, 1.435538336786e-06, 5.2344e+01, 1.8574e+00, 
 2DIAGNOSTIC,    23, -4.260075077974e-01, 1.379760087669e-06, 5.3960e+01, 1.6162e+00, 
 2DIAGNOSTIC,    24, -4.260076525301e-01, 1.331213929985e-06, 5.5742e+01, 1.7824e+00, 
 2DIAGNOSTIC,    25, -4.260075788487e-01, 1.279817407884e-06, 5.8030e+01, 2.2878e+00, 
 2DIAGNOSTIC,    26, -4.260078126730e-01, 1.230859637949e-06, 6.0099e+01, 2.0690e+00, 
 2DIAGNOSTIC,    27, -4.260078448996e-01, 1.180536475222e-06, 6.2937e+01, 2.8385e+00, 
 2DIAGNOSTIC,    28, -4.260076561381e-01, 1.149271532497e-06, 6.5816e+01, 2.8784e+00, 
 2DIAGNOSTIC,    29, -4.260073666521e-01, 1.108216086662e-06, 6.8638e+01, 2.8223e+00, 
 2DIAGNOSTIC,    30, -4.260073810665e-01, 1.065145593546e-06, 7.0680e+01, 2.0421e+00, 
 2DIAGNOSTIC,    31, -4.260068917400e-01, 1.011946392647e-06, 7.2034e+01, 1.3537e+00, 
  Elapsed time (stage 0): 7.2863e+01


Total elapsed time: 7.2865e+01
Info [verificarlo]: loaded backend libinterflop_ieee.so
Info [interflop-ieee]: load backend with:
Info [interflop-ieee]: debug = false
Info [interflop-ieee]: debug-binary = false
Info [interflop-ieee]: no-backend-name = false
Info [interflop-ieee]: print-new-line = false
Info [interflop-ieee]: print-subnormal-normalized = false
Info [interflop-ieee]: count-op = false
All_Command_lines_OK
Using double precision for computations.
=============================================================================
The composite transform comprises the following transforms (in order): 
  1. /home/mdugre/scratch/mri-registration-rp/datasets/ds004513/derivatives/mri-registration-rp/0001/antsRegistration-r7-p22/sub-s033/rigid_Composite.h5[0] (type = Euler3DTransform)
  2. /home/mdugre/scratch/mri-registration-rp/datasets/ds004513/derivatives/mri-registration-rp/0001/antsRegistration-r7-p22/sub-s033/rigid_Composite.h5[1] (type = Euler3DTransform)
  3. /home/mdugre/scratch/mri-registration-rp/datasets/ds004513/derivatives/mri-registration-rp/0001/antsRegistration-r7-p22/sub-s033/rigid_Composite.h5[2] (type = Euler3DTransform)
=============================================================================
  number of levels = 4
  fixed image: /templateflow/tpl-MNI152NLin2009cAsym/tpl-MNI152NLin2009cAsym_res-01_desc-brain_T1w.nii.gz
  moving image: /home/mdugre/scratch/mri-registration-rp/datasets/ds004513/derivatives/mri-registration-rp/antsBrainExtraction/sub-s033/BrainExtractionBrain.nii.gz
Dimension = 3
Number of stages = 1
Use histogram matching = false
Winsorize image intensities = true
  Lower quantile = 0.005
  Upper quantile = 0.995


Stage 1 State
   Image metric = MattesMI
     Fixed image = Image (0x46427e0)
  RTTI typeinfo:   itk::Image<double, 3u>
  Reference Count: 2
  Modified Time: 1592
  Debug: Off
  Object Name: 
  Observers: 
    none
  Source: (none)
  Source output name: (none)
  Release Data: Off
  Data Released: False
  Global Release Data: Off
  PipelineMTime: 0
  UpdateMTime: 1203
  RealTimeStamp: 0 seconds 
  LargestPossibleRegion: 
    Dimension: 3
    Index: [0, 0, 0]
    Size: [193, 229, 193]
  BufferedRegion: 
    Dimension: 3
    Index: [0, 0, 0]
    Size: [193, 229, 193]
  RequestedRegion: 
    Dimension: 3
    Index: [0, 0, 0]
    Size: [193, 229, 193]
  Spacing: [1, 1, 1]
  Origin: [96, 132, -78]
  Direction: 
-1 0 0
0 -1 0
0 0 1

  IndexToPointMatrix: 
-1 0 0
0 -1 0
0 0 1

  PointToIndexMatrix: 
-1 0 0
0 -1 0
0 0 1

  Inverse Direction: 
-1 0 0
0 -1 0
0 0 1

  PixelContainer: 
    ImportImageContainer (0x4702a20)
      RTTI typeinfo:   itk::ImportImageContainer<unsigned long, double>
      Reference Count: 1
      Modified Time: 1200
      Debug: Off
      Object Name: 
      Observers: 
        none
      Pointer: 0x147002a34010
      Container manages memory: true
      Size: 8530021
      Capacity: 8530021

     Moving image = Image (0x46fdd70)
  RTTI typeinfo:   itk::Image<double, 3u>
  Reference Count: 2
  Modified Time: 1593
  Debug: Off
  Object Name: 
  Observers: 
    none
  Source: (none)
  Source output name: (none)
  Release Data: Off
  Data Released: False
  Global Release Data: Off
  PipelineMTime: 0
  UpdateMTime: 1590
  RealTimeStamp: 0 seconds 
  LargestPossibleRegion: 
    Dimension: 3
    Index: [0, 0, 0]
    Size: [160, 240, 256]
  BufferedRegion: 
    Dimension: 3
    Index: [0, 0, 0]
    Size: [160, 240, 256]
  RequestedRegion: 
    Dimension: 3
    Index: [0, 0, 0]
    Size: [160, 240, 256]
  Spacing: [1, 1, 1]
  Origin: [91.5134, 94.282, -109.927]
  Direction: 
-0.99591 -0.0698718 -0.0572835
0.0697565 -0.997556 0.00401236
-0.0574239 5.01125e-08 0.99835

  IndexToPointMatrix: 
-0.99591 -0.0698718 -0.0572835
0.0697565 -0.997556 0.00401236
-0.0574239 5.01125e-08 0.99835

  PointToIndexMatrix: 
-0.99591 0.0697565 -0.0574239
-0.0698718 -0.997556 5.01483e-08
-0.0572835 0.00401236 0.99835

  Inverse Direction: 
-0.99591 0.0697565 -0.0574239
-0.0698718 -0.997556 5.01483e-08
-0.0572835 0.00401236 0.99835

  PixelContainer: 
    ImportImageContainer (0x46b5c90)
      RTTI typeinfo:   itk::ImportImageContainer<unsigned long, double>
      Reference Count: 1
      Modified Time: 1587
      Debug: Off
      Object Name: 
      Observers: 
        none
      Pointer: 0x146ffdf33010
      Container manages memory: true
      Size: 9830400
      Capacity: 9830400

     Weighting = 1
     Sampling strategy = regular
     Number of bins = 32
     Radius = 4
     Sampling percentage  = 0.25
   Transform = Affine
     Gradient step = 0.1
     Update field sigma (voxel space) = 0
     Total field sigma (voxel space) = 0
     Update field time sigma = 0
     Total field time sigma  = 0
     Number of time indices = 0
     Number of time point samples = 0
Registration using 1 total stages.

Stage 0
  iterations = 1000x500x250x100
  convergence threshold = 1e-06
  convergence window size = 10
  number of levels = 4
  using the Mattes MI metric (number of bins = 32, weight = 1, use gradient filter = 0)
  preprocessing:  winsorizing the image intensities
  Shrink factors (level 1 out of 4): [8, 8, 8]
  Shrink factors (level 2 out of 4): [4, 4, 4]
  Shrink factors (level 3 out of 4): [2, 2, 2]
  Shrink factors (level 4 out of 4): [1, 1, 1]
  smoothing sigmas per level: [3, 2, 1, 0]
  regular sampling (percentage = 0.25)

*** Running AffineTransform registration ***

DIAGNOSTIC,Iteration,metricValue,convergenceValue,ITERATION_TIME_INDEX,SINCE_LAST
 2DIAGNOSTIC,     1, -6.382811015113e-01, 1.797693134862e+308, 9.3258e-01, 9.3258e-01, 
 2DIAGNOSTIC,     2, -6.407465887980e-01, 1.797693134862e+308, 9.3739e-01, 4.8161e-03, 
 2DIAGNOSTIC,     3, -6.451565767443e-01, 1.797693134862e+308, 9.4250e-01, 5.1100e-03, 
 2DIAGNOSTIC,     4, -6.521824371334e-01, 1.797693134862e+308, 9.4759e-01, 5.0890e-03, 
 2DIAGNOSTIC,     5, -6.630833056459e-01, 1.797693134862e+308, 9.5239e-01, 4.7948e-03, 
 2DIAGNOSTIC,     6, -6.815408405606e-01, 1.797693134862e+308, 9.5703e-01, 4.6411e-03, 
 2DIAGNOSTIC,     7, -7.249760643828e-01, 1.797693134862e+308, 9.6249e-01, 5.4622e-03, 
 2DIAGNOSTIC,     8, -8.402399865288e-01, 1.797693134862e+308, 9.6734e-01, 4.8530e-03, 
 2DIAGNOSTIC,     9, -8.669855998043e-01, 1.797693134862e+308, 9.7513e-01, 7.7841e-03, 
 2DIAGNOSTIC,    10, -8.690108798372e-01, 2.370841330286e-02, 9.8015e-01, 5.0189e-03, 
 2DIAGNOSTIC,    11, -8.788556713812e-01, 2.366175077641e-02, 9.8506e-01, 4.9129e-03, 
 2DIAGNOSTIC,    12, -8.887444896383e-01, 2.187430179679e-02, 9.8998e-01, 4.9191e-03, 
 2DIAGNOSTIC,    13, -8.929113227568e-01, 1.863985010482e-02, 9.9539e-01, 5.4121e-03, 
 2DIAGNOSTIC,    14, -8.986774085726e-01, 1.459609959271e-02, 1.0008e+00, 5.3670e-03, 
 2DIAGNOSTIC,    15, -9.051772940692e-01, 1.031720108885e-02, 1.0077e+00, 6.9299e-03, 
 2DIAGNOSTIC,    16, -9.052607235635e-01, 6.142777346839e-03, 1.0138e+00, 6.0990e-03, 
 2DIAGNOSTIC,    17, -9.054081167432e-01, 2.822494252603e-03, 1.0193e+00, 5.5411e-03, 
 2DIAGNOSTIC,    18, -9.052651895587e-01, 1.920850081361e-03, 1.0242e+00, 4.9081e-03, 
 2DIAGNOSTIC,    19, -9.053418587238e-01, 1.448944815873e-03, 1.0291e+00, 4.8490e-03, 
 2DIAGNOSTIC,    20, -9.056310351230e-01, 9.326539058989e-04, 1.0341e+00, 5.0428e-03, 
 2DIAGNOSTIC,    21, -9.057909907913e-01, 5.479323226437e-04, 1.0396e+00, 5.5079e-03, 
 2DIAGNOSTIC,    22, -9.059086515515e-01, 3.097558805816e-04, 1.0445e+00, 4.8358e-03, 
 2DIAGNOSTIC,    23, -9.059079730350e-01, 1.270073711072e-04, 1.0493e+00, 4.8132e-03, 
 2DIAGNOSTIC,    24, -9.060850747971e-01, 3.179529354743e-05, 1.0541e+00, 4.8051e-03, 
 2DIAGNOSTIC,    25, -9.061402759734e-01, 3.171358091541e-05, 1.0590e+00, 4.8749e-03, 
 2DIAGNOSTIC,    26, -9.063739317725e-01, 3.284877103669e-05, 1.0640e+00, 4.9841e-03, 
 2DIAGNOSTIC,    27, -9.065865983607e-01, 3.552084761602e-05, 1.0706e+00, 6.6221e-03, 
 2DIAGNOSTIC,    28, -9.066212293158e-01, 3.345973584195e-05, 1.0772e+00, 6.6211e-03, 
 2DIAGNOSTIC,    29, -9.061301802369e-01, 2.365827224847e-05, 1.0832e+00, 5.9819e-03, 
 2DIAGNOSTIC,    30, -9.059966865935e-01, 1.432867964612e-05, 1.0896e+00, 6.4428e-03, 
 2DIAGNOSTIC,    31, -9.060231584087e-01, 6.347468459185e-06, 1.0945e+00, 4.8330e-03, 
DIAGNOSTIC,Iteration,metricValue,convergenceValue,ITERATION_TIME_INDEX,SINCE_LAST
 2DIAGNOSTIC,     1, -7.439421081600e-01, 1.797693134862e+308, 1.8539e+00, 7.5941e-01, 
 2DIAGNOSTIC,     2, -7.448073078262e-01, 1.797693134862e+308, 1.8924e+00, 3.8566e-02, 
 2DIAGNOSTIC,     3, -7.457614133961e-01, 1.797693134862e+308, 1.9442e+00, 5.1768e-02, 
 2DIAGNOSTIC,     4, -7.465204248719e-01, 1.797693134862e+308, 1.9810e+00, 3.6825e-02, 
 2DIAGNOSTIC,     5, -7.471924073509e-01, 1.797693134862e+308, 2.0251e+00, 4.4063e-02, 
 2DIAGNOSTIC,     6, -7.483571816992e-01, 1.797693134862e+308, 2.0963e+00, 7.1191e-02, 
 2DIAGNOSTIC,     7, -7.483856006562e-01, 1.797693134862e+308, 2.1408e+00, 4.4489e-02, 
 2DIAGNOSTIC,     8, -7.483766195812e-01, 1.797693134862e+308, 2.1851e+00, 4.4332e-02, 
 2DIAGNOSTIC,     9, -7.483745157296e-01, 1.797693134862e+308, 2.2270e+00, 4.1927e-02, 
 2DIAGNOSTIC,    10, -7.483761683963e-01, 4.007589270657e-04, 2.2712e+00, 4.4153e-02, 
 2DIAGNOSTIC,    11, -7.483854970927e-01, 2.699259122577e-04, 2.3206e+00, 4.9463e-02, 
 2DIAGNOSTIC,    12, -7.484146448902e-01, 1.649469382859e-04, 2.3636e+00, 4.2948e-02, 
 2DIAGNOSTIC,    13, -7.484398761753e-01, 9.027661874222e-05, 2.4023e+00, 3.8675e-02, 
 2DIAGNOSTIC,    14, -7.484736087891e-01, 3.971011708596e-05, 2.4412e+00, 3.8922e-02, 
 2DIAGNOSTIC,    15, -7.485142451306e-01, 9.693030728022e-06, 2.4860e+00, 4.4840e-02, 
 2DIAGNOSTIC,    16, -7.485433057894e-01, 1.106895227125e-05, 2.5289e+00, 4.2861e-02, 
 2DIAGNOSTIC,    17, -7.485783150703e-01, 1.286197843793e-05, 2.5701e+00, 4.1232e-02, 
 2DIAGNOSTIC,    18, -7.485595655056e-01, 1.284605208286e-05, 2.6128e+00, 4.2681e-02, 
 2DIAGNOSTIC,    19, -7.485783499518e-01, 1.216220079033e-05, 2.6520e+00, 3.9190e-02, 
 2DIAGNOSTIC,    20, -7.486177996436e-01, 1.134175118080e-05, 2.6985e+00, 4.6462e-02, 
 2DIAGNOSTIC,    21, -7.486431197219e-01, 1.028283973775e-05, 2.7425e+00, 4.3998e-02, 
 2DIAGNOSTIC,    22, -7.486734549497e-01, 9.525428748054e-06, 2.7914e+00, 4.8912e-02, 
 2DIAGNOSTIC,    23, -7.486390139655e-01, 7.929213693823e-06, 2.8369e+00, 4.5525e-02, 
 2DIAGNOSTIC,    24, -7.486463338986e-01, 6.520470150456e-06, 2.8753e+00, 3.8373e-02, 
 2DIAGNOSTIC,    25, -7.486412407850e-01, 5.251588856114e-06, 2.9173e+00, 4.1995e-02, 
 2DIAGNOSTIC,    26, -7.486373440253e-01, 4.045669354538e-06, 2.9625e+00, 4.5227e-02, 
 2DIAGNOSTIC,    27, -7.486425635831e-01, 3.245047434257e-06, 3.0076e+00, 4.5074e-02, 
 2DIAGNOSTIC,    28, -7.486363573338e-01, 1.975087832520e-06, 3.0489e+00, 4.1339e-02, 
DIAGNOSTIC,Iteration,metricValue,convergenceValue,ITERATION_TIME_INDEX,SINCE_LAST
 2DIAGNOSTIC,     1, -6.324020709890e-01, 1.797693134862e+308, 4.1747e+00, 1.1258e+00, 
 2DIAGNOSTIC,     2, -6.330078707134e-01, 1.797693134862e+308, 4.4603e+00, 2.8561e-01, 
 2DIAGNOSTIC,     3, -6.336580118002e-01, 1.797693134862e+308, 4.7324e+00, 2.7218e-01, 
 2DIAGNOSTIC,     4, -6.344828396197e-01, 1.797693134862e+308, 5.0183e+00, 2.8583e-01, 
 2DIAGNOSTIC,     5, -6.367868790926e-01, 1.797693134862e+308, 5.7171e+00, 6.9881e-01, 
 2DIAGNOSTIC,     6, -6.367889010047e-01, 1.797693134862e+308, 6.0420e+00, 3.2487e-01, 
 2DIAGNOSTIC,     7, -6.367870249919e-01, 1.797693134862e+308, 6.4792e+00, 4.3725e-01, 
 2DIAGNOSTIC,     8, -6.367860945206e-01, 1.797693134862e+308, 6.7609e+00, 2.8172e-01, 
 2DIAGNOSTIC,     9, -6.367840791894e-01, 1.797693134862e+308, 7.0412e+00, 2.8029e-01, 
 2DIAGNOSTIC,    10, -6.367812065825e-01, 4.929608933177e-04, 7.3705e+00, 3.2934e-01, 
 2DIAGNOSTIC,    11, -6.367785778706e-01, 3.327734041338e-04, 7.6698e+00, 2.9925e-01, 
 2DIAGNOSTIC,    12, -6.367770332069e-01, 1.933497471458e-04, 8.0187e+00, 3.4888e-01, 
 2DIAGNOSTIC,    13, -6.367752603559e-01, 8.063489884941e-05, 8.3267e+00, 3.0799e-01, 
 2DIAGNOSTIC,    14, -6.367750931894e-01, 1.167629654159e-06, 8.6660e+00, 3.3928e-01, 
 2DIAGNOSTIC,    15, -6.367747653291e-01, 1.054250726801e-06, 8.9723e+00, 3.0634e-01, 
 2DIAGNOSTIC,    16, -6.367712156483e-01, 1.011823706210e-06, 9.3060e+00, 3.3372e-01, 
 2DIAGNOSTIC,    17, -6.367717251737e-01, 1.031030878069e-06, 9.5781e+00, 2.7206e-01, 
 2DIAGNOSTIC,    18, -6.367697548326e-01, 1.052770090895e-06, 9.8930e+00, 3.1491e-01, 
 2DIAGNOSTIC,    19, -6.367693552516e-01, 1.082781167422e-06, 1.0204e+01, 3.1096e-01, 
 2DIAGNOSTIC,    20, -6.367679573385e-01, 1.070482317837e-06, 1.0552e+01, 3.4790e-01, 
 2DIAGNOSTIC,    21, -6.367673195164e-01, 1.040210498640e-06, 1.0819e+01, 2.6714e-01, 
DIAGNOSTIC,Iteration,metricValue,convergenceValue,ITERATION_TIME_INDEX,SINCE_LAST
 2DIAGNOSTIC,     1, -5.628194498926e-01, 1.797693134862e+308, 1.3659e+01, 2.8404e+00, 
 2DIAGNOSTIC,     2, -5.630034048363e-01, 1.797693134862e+308, 1.5401e+01, 1.7415e+00, 
 2DIAGNOSTIC,     3, -5.631875538014e-01, 1.797693134862e+308, 1.7142e+01, 1.7413e+00, 
 2DIAGNOSTIC,     4, -5.634973126590e-01, 1.797693134862e+308, 1.9832e+01, 2.6896e+00, 
 2DIAGNOSTIC,     5, -5.639317934566e-01, 1.797693134862e+308, 2.4011e+01, 4.1790e+00, 
 2DIAGNOSTIC,     6, -5.639376463102e-01, 1.797693134862e+308, 2.6121e+01, 2.1103e+00, 
 2DIAGNOSTIC,     7, -5.639404699779e-01, 1.797693134862e+308, 2.8581e+01, 2.4599e+00, 
 2DIAGNOSTIC,     8, -5.639413359732e-01, 1.797693134862e+308, 3.1845e+01, 3.2637e+00, 
 2DIAGNOSTIC,     9, -5.639416161495e-01, 1.797693134862e+308, 3.4927e+01, 3.0828e+00, 
 2DIAGNOSTIC,    10, -5.639420556163e-01, 1.382900966100e-04, 3.8120e+01, 3.1929e+00, 
 2DIAGNOSTIC,    11, -5.639435945284e-01, 9.073180972251e-05, 4.1636e+01, 3.5155e+00, 
 2DIAGNOSTIC,    12, -5.639459566706e-01, 5.128510334911e-05, 4.3512e+01, 1.8763e+00, 
 2DIAGNOSTIC,    13, -5.639455700825e-01, 2.050570549253e-05, 4.5436e+01, 1.9236e+00, 
 2DIAGNOSTIC,    14, -5.639456670638e-01, 3.201317347518e-06, 4.7755e+01, 2.3194e+00, 
 2DIAGNOSTIC,    15, -5.639454300912e-01, 2.712274228836e-06, 4.9955e+01, 2.2004e+00, 
 2DIAGNOSTIC,    16, -5.639446512381e-01, 2.386913177430e-06, 5.2933e+01, 2.9779e+00, 
 2DIAGNOSTIC,    17, -5.639447351326e-01, 2.148311685754e-06, 5.5021e+01, 2.0877e+00, 
 2DIAGNOSTIC,    18, -5.639446424176e-01, 1.932457290049e-06, 5.7634e+01, 2.6130e+00, 
 2DIAGNOSTIC,    19, -5.639445872391e-01, 1.731002069828e-06, 6.0749e+01, 3.1149e+00, 
 2DIAGNOSTIC,    20, -5.639444244707e-01, 1.551101308520e-06, 6.2482e+01, 1.7332e+00, 
 2DIAGNOSTIC,    21, -5.639443517020e-01, 1.425935480220e-06, 6.4641e+01, 2.1585e+00, 
 2DIAGNOSTIC,    22, -5.639441780865e-01, 1.370848712941e-06, 6.6570e+01, 1.9293e+00, 
 2DIAGNOSTIC,    23, -5.639439726045e-01, 1.314296674680e-06, 6.8528e+01, 1.9585e+00, 
 2DIAGNOSTIC,    24, -5.639439037084e-01, 1.269593813961e-06, 7.0442e+01, 1.9134e+00, 
 2DIAGNOSTIC,    25, -5.639435558869e-01, 1.222386818302e-06, 7.2397e+01, 1.9550e+00, 
 2DIAGNOSTIC,    26, -5.639436159168e-01, 1.169681325984e-06, 7.4290e+01, 1.8928e+00, 
 2DIAGNOSTIC,    27, -5.639435703916e-01, 1.126618988143e-06, 7.6201e+01, 1.9110e+00, 
 2DIAGNOSTIC,    28, -5.639437146832e-01, 1.092430510365e-06, 7.8261e+01, 2.0600e+00, 
 2DIAGNOSTIC,    29, -5.639437400060e-01, 1.064233747787e-06, 8.0133e+01, 1.8720e+00, 
 2DIAGNOSTIC,    30, -5.639432100841e-01, 1.029435001410e-06, 8.2226e+01, 2.0939e+00, 
 2DIAGNOSTIC,    31, -5.639433901552e-01, 1.001889981672e-06, 8.4203e+01, 1.9770e+00, 
  Elapsed time (stage 0): 8.5311e+01


Total elapsed time: 8.5313e+01
Info [verificarlo]: loaded backend libinterflop_vprec.so
Info [interflop-vprec]: load backend with: 
Info [interflop-vprec]: precision-binary32 = 22
Info [interflop-vprec]: range-binary32 = 7
Info [interflop-vprec]: precision-binary64 = 22
Info [interflop-vprec]: range-binary64 = 7
Info [interflop-vprec]: mode = ob
Info [interflop-vprec]: error-mode = rel
Info [interflop-vprec]: max-abs-error-exponent = -1022
Info [interflop-vprec]: daz = false
Info [interflop-vprec]: ftz = false
