
##########################
# Experiment information #
##########################

EXPERIMENT_NAME: antsRegistration-r7-p13
VFC_BACKENDS: libinterflop_vprec.so --range-binary32=7 --precision-binary32=13 --range-binary64=7 --precision-binary64=13

SIF_IMG: /home/mdugre/projects/rrg-glatard/mdugre/containers/ants-vprec-no_metrics.simg

SUBJECT_ID: s035
INPUT_IMG: /home/mdugre/scratch/mri-registration-rp/datasets/ds004513/derivatives/mri-registration-rp/antsBrainExtraction/sub-s035/BrainExtractionBrain.nii.gz
OUTPUT_DIR: /home/mdugre/scratch/mri-registration-rp/datasets/ds004513/derivatives/mri-registration-rp/0001/antsRegistration-r7-p13/sub-s035

FIXED_IMG: /templateflow/tpl-MNI152NLin2009cAsym/tpl-MNI152NLin2009cAsym_res-01_desc-brain_T1w.nii.gz
DATA_DIR: /home/mdugre/scratch/mri-registration-rp/datasets/ds004513
TEMPLATEFLOW_DIR: /home/mdugre/projects/rrg-glatard/mdugre/templateflow
ITK_GLOBAL_DEFAULT_NUMBER_OF_THREADS: 16
##########################

Info [verificarlo]: loaded backend libinterflop_ieee.so
Info [interflop-ieee]: load backend with:
Info [interflop-ieee]: debug = false
Info [interflop-ieee]: debug-binary = false
Info [interflop-ieee]: no-backend-name = false
Info [interflop-ieee]: print-new-line = false
Info [interflop-ieee]: print-subnormal-normalized = false
Info [interflop-ieee]: count-op = false
All_Command_lines_OK
Using double precision for computations.
=============================================================================
The composite transform comprises the following transforms (in order): 
  1. Center of mass alignment using fixed image: /templateflow/tpl-MNI152NLin2009cAsym/tpl-MNI152NLin2009cAsym_res-01_desc-brain_T1w.nii.gz and moving image: /home/mdugre/scratch/mri-registration-rp/datasets/ds004513/derivatives/mri-registration-rp/antsBrainExtraction/sub-s035/BrainExtractionBrain.nii.gz (type = Euler3DTransform)
=============================================================================
  number of levels = 1
  fixed image: /templateflow/tpl-MNI152NLin2009cAsym/tpl-MNI152NLin2009cAsym_res-01_desc-brain_T1w.nii.gz
  moving image: /home/mdugre/scratch/mri-registration-rp/datasets/ds004513/derivatives/mri-registration-rp/antsBrainExtraction/sub-s035/BrainExtractionBrain.nii.gz
Dimension = 3
Number of stages = 1
Use histogram matching = false
Winsorize image intensities = true
  Lower quantile = 0.005
  Upper quantile = 0.995


Stage 1 State
   Image metric = MattesMI
     Fixed image = Image (0x415be70)
  RTTI typeinfo:   itk::Image<double, 3u>
  Reference Count: 2
  Modified Time: 2330
  Debug: Off
  Object Name: 
  Observers: 
    none
  Source: (none)
  Source output name: (none)
  Release Data: Off
  Data Released: False
  Global Release Data: Off
  PipelineMTime: 0
  UpdateMTime: 1941
  RealTimeStamp: 0 seconds 
  LargestPossibleRegion: 
    Dimension: 3
    Index: [0, 0, 0]
    Size: [193, 229, 193]
  BufferedRegion: 
    Dimension: 3
    Index: [0, 0, 0]
    Size: [193, 229, 193]
  RequestedRegion: 
    Dimension: 3
    Index: [0, 0, 0]
    Size: [193, 229, 193]
  Spacing: [1, 1, 1]
  Origin: [96, 132, -78]
  Direction: 
-1 0 0
0 -1 0
0 0 1

  IndexToPointMatrix: 
-1 0 0
0 -1 0
0 0 1

  PointToIndexMatrix: 
-1 0 0
0 -1 0
0 0 1

  Inverse Direction: 
-1 0 0
0 -1 0
0 0 1

  PixelContainer: 
    ImportImageContainer (0x4164c60)
      RTTI typeinfo:   itk::ImportImageContainer<unsigned long, double>
      Reference Count: 1
      Modified Time: 1938
      Debug: Off
      Object Name: 
      Observers: 
        none
      Pointer: 0x148cc043a010
      Container manages memory: true
      Size: 8530021
      Capacity: 8530021

     Moving image = Image (0x41f8ec0)
  RTTI typeinfo:   itk::Image<double, 3u>
  Reference Count: 2
  Modified Time: 2331
  Debug: Off
  Object Name: 
  Observers: 
    none
  Source: (none)
  Source output name: (none)
  Release Data: Off
  Data Released: False
  Global Release Data: Off
  PipelineMTime: 0
  UpdateMTime: 2328
  RealTimeStamp: 0 seconds 
  LargestPossibleRegion: 
    Dimension: 3
    Index: [0, 0, 0]
    Size: [160, 240, 256]
  BufferedRegion: 
    Dimension: 3
    Index: [0, 0, 0]
    Size: [160, 240, 256]
  RequestedRegion: 
    Dimension: 3
    Index: [0, 0, 0]
    Size: [160, 240, 256]
  Spacing: [1, 1, 1]
  Origin: [98.6438, 87.6358, -117.989]
  Direction: 
-0.993515 -0.100993 -0.0522355
0.100854 -0.994887 0.00530255
-0.0525039 1.93537e-08 0.998621

  IndexToPointMatrix: 
-0.993515 -0.100993 -0.0522355
0.100854 -0.994887 0.00530255
-0.0525039 1.93537e-08 0.998621

  PointToIndexMatrix: 
-0.993515 0.100854 -0.0525039
-0.100993 -0.994887 1.93006e-08
-0.0522355 0.00530255 0.998621

  Inverse Direction: 
-0.993515 0.100854 -0.0525039
-0.100993 -0.994887 1.93006e-08
-0.0522355 0.00530255 0.998621

  PixelContainer: 
    ImportImageContainer (0x4290610)
      RTTI typeinfo:   itk::ImportImageContainer<unsigned long, double>
      Reference Count: 1
      Modified Time: 2325
      Debug: Off
      Object Name: 
      Observers: 
        none
      Pointer: 0x148cbb939010
      Container manages memory: true
      Size: 9830400
      Capacity: 9830400

     Weighting = 1
     Sampling strategy = regular
     Number of bins = 32
     Radius = 4
     Sampling percentage  = 0.25
   Transform = Rigid
     Gradient step = 0.1
     Update field sigma (voxel space) = 0
     Total field sigma (voxel space) = 0
     Update field time sigma = 0
     Total field time sigma  = 0
     Number of time indices = 0
     Number of time point samples = 0
Registration using 1 total stages.

Stage 0
  iterations = 0
  convergence threshold = 1e-06
  convergence window size = 10
  number of levels = 1
  using the Mattes MI metric (number of bins = 32, weight = 1, use gradient filter = 0)
  preprocessing:  winsorizing the image intensities
  Shrink factors (level 1 out of 1): [1, 1, 1]
  smoothing sigmas per level: [0]
  regular sampling (percentage = 0.25)

*** Running Euler3DTransform registration ***

  Elapsed time (stage 0): 1.08157


Total elapsed time: 1.08786
Info [verificarlo]: loaded backend libinterflop_ieee.so
Info [interflop-ieee]: load backend with:
Info [interflop-ieee]: debug = false
Info [interflop-ieee]: debug-binary = false
Info [interflop-ieee]: no-backend-name = false
Info [interflop-ieee]: print-new-line = false
Info [interflop-ieee]: print-subnormal-normalized = false
Info [interflop-ieee]: count-op = false
All_Command_lines_OK
Using double precision for computations.
=============================================================================
The composite transform comprises the following transforms (in order): 
  1. /home/mdugre/scratch/mri-registration-rp/datasets/ds004513/derivatives/mri-registration-rp/0001/antsRegistration-r7-p13/sub-s035/align_Composite.h5[0] (type = Euler3DTransform)
  2. /home/mdugre/scratch/mri-registration-rp/datasets/ds004513/derivatives/mri-registration-rp/0001/antsRegistration-r7-p13/sub-s035/align_Composite.h5[1] (type = Euler3DTransform)
=============================================================================
  number of levels = 4
  fixed image: /templateflow/tpl-MNI152NLin2009cAsym/tpl-MNI152NLin2009cAsym_res-01_desc-brain_T1w.nii.gz
  moving image: /home/mdugre/scratch/mri-registration-rp/datasets/ds004513/derivatives/mri-registration-rp/antsBrainExtraction/sub-s035/BrainExtractionBrain.nii.gz
Dimension = 3
Number of stages = 1
Use histogram matching = false
Winsorize image intensities = true
  Lower quantile = 0.005
  Upper quantile = 0.995


Stage 1 State
   Image metric = MattesMI
     Fixed image = Image (0x4de2530)
  RTTI typeinfo:   itk::Image<double, 3u>
  Reference Count: 2
  Modified Time: 1578
  Debug: Off
  Object Name: 
  Observers: 
    none
  Source: (none)
  Source output name: (none)
  Release Data: Off
  Data Released: False
  Global Release Data: Off
  PipelineMTime: 0
  UpdateMTime: 1189
  RealTimeStamp: 0 seconds 
  LargestPossibleRegion: 
    Dimension: 3
    Index: [0, 0, 0]
    Size: [193, 229, 193]
  BufferedRegion: 
    Dimension: 3
    Index: [0, 0, 0]
    Size: [193, 229, 193]
  RequestedRegion: 
    Dimension: 3
    Index: [0, 0, 0]
    Size: [193, 229, 193]
  Spacing: [1, 1, 1]
  Origin: [96, 132, -78]
  Direction: 
-1 0 0
0 -1 0
0 0 1

  IndexToPointMatrix: 
-1 0 0
0 -1 0
0 0 1

  PointToIndexMatrix: 
-1 0 0
0 -1 0
0 0 1

  Inverse Direction: 
-1 0 0
0 -1 0
0 0 1

  PixelContainer: 
    ImportImageContainer (0x4ea0d60)
      RTTI typeinfo:   itk::ImportImageContainer<unsigned long, double>
      Reference Count: 1
      Modified Time: 1186
      Debug: Off
      Object Name: 
      Observers: 
        none
      Pointer: 0x14bc44c1f010
      Container manages memory: true
      Size: 8530021
      Capacity: 8530021

     Moving image = Image (0x4e92f60)
  RTTI typeinfo:   itk::Image<double, 3u>
  Reference Count: 2
  Modified Time: 1579
  Debug: Off
  Object Name: 
  Observers: 
    none
  Source: (none)
  Source output name: (none)
  Release Data: Off
  Data Released: False
  Global Release Data: Off
  PipelineMTime: 0
  UpdateMTime: 1576
  RealTimeStamp: 0 seconds 
  LargestPossibleRegion: 
    Dimension: 3
    Index: [0, 0, 0]
    Size: [160, 240, 256]
  BufferedRegion: 
    Dimension: 3
    Index: [0, 0, 0]
    Size: [160, 240, 256]
  RequestedRegion: 
    Dimension: 3
    Index: [0, 0, 0]
    Size: [160, 240, 256]
  Spacing: [1, 1, 1]
  Origin: [98.6438, 87.6358, -117.989]
  Direction: 
-0.993515 -0.100993 -0.0522355
0.100854 -0.994887 0.00530255
-0.0525039 1.93537e-08 0.998621

  IndexToPointMatrix: 
-0.993515 -0.100993 -0.0522355
0.100854 -0.994887 0.00530255
-0.0525039 1.93537e-08 0.998621

  PointToIndexMatrix: 
-0.993515 0.100854 -0.0525039
-0.100993 -0.994887 1.93006e-08
-0.0522355 0.00530255 0.998621

  Inverse Direction: 
-0.993515 0.100854 -0.0525039
-0.100993 -0.994887 1.93006e-08
-0.0522355 0.00530255 0.998621

  PixelContainer: 
    ImportImageContainer (0x4e846d0)
      RTTI typeinfo:   itk::ImportImageContainer<unsigned long, double>
      Reference Count: 1
      Modified Time: 1573
      Debug: Off
      Object Name: 
      Observers: 
        none
      Pointer: 0x14bc4011e010
      Container manages memory: true
      Size: 9830400
      Capacity: 9830400

     Weighting = 1
     Sampling strategy = regular
     Number of bins = 32
     Radius = 4
     Sampling percentage  = 0.25
   Transform = Rigid
     Gradient step = 0.1
     Update field sigma (voxel space) = 0
     Total field sigma (voxel space) = 0
     Update field time sigma = 0
     Total field time sigma  = 0
     Number of time indices = 0
     Number of time point samples = 0
Registration using 1 total stages.

Stage 0
  iterations = 1000x500x250x100
  convergence threshold = 1e-06
  convergence window size = 10
  number of levels = 4
  using the Mattes MI metric (number of bins = 32, weight = 1, use gradient filter = 0)
  preprocessing:  winsorizing the image intensities
  Shrink factors (level 1 out of 4): [8, 8, 8]
  Shrink factors (level 2 out of 4): [4, 4, 4]
  Shrink factors (level 3 out of 4): [2, 2, 2]
  Shrink factors (level 4 out of 4): [1, 1, 1]
  smoothing sigmas per level: [3, 2, 1, 0]
  regular sampling (percentage = 0.25)

*** Running Euler3DTransform registration ***

DIAGNOSTIC,Iteration,metricValue,convergenceValue,ITERATION_TIME_INDEX,SINCE_LAST
 2DIAGNOSTIC,     1, -5.238630234552e-01, 1.797693134862e+308, 7.2571e-01, 7.2571e-01, 
 2DIAGNOSTIC,     2, -5.257885820767e-01, 1.797693134862e+308, 7.3038e-01, 4.6690e-03, 
 2DIAGNOSTIC,     3, -5.278597554839e-01, 1.797693134862e+308, 7.3497e-01, 4.5879e-03, 
 2DIAGNOSTIC,     4, -5.302176117225e-01, 1.797693134862e+308, 7.3981e-01, 4.8442e-03, 
 2DIAGNOSTIC,     5, -5.343462816845e-01, 1.797693134862e+308, 7.4419e-01, 4.3790e-03, 
 2DIAGNOSTIC,     6, -5.399239396740e-01, 1.797693134862e+308, 7.4886e-01, 4.6661e-03, 
 2DIAGNOSTIC,     7, -5.490554822001e-01, 1.797693134862e+308, 7.5351e-01, 4.6499e-03, 
 2DIAGNOSTIC,     8, -5.545204224448e-01, 1.797693134862e+308, 7.5910e-01, 5.5869e-03, 
 2DIAGNOSTIC,     9, -5.601437715553e-01, 1.797693134862e+308, 7.6348e-01, 4.3809e-03, 
 2DIAGNOSTIC,    10, -5.617741193774e-01, 5.067640484485e-03, 7.6825e-01, 4.7710e-03, 
 2DIAGNOSTIC,    11, -5.649562249041e-01, 4.796539612083e-03, 7.7441e-01, 6.1660e-03, 
 2DIAGNOSTIC,    12, -5.658710903081e-01, 4.260783098155e-03, 7.7921e-01, 4.7970e-03, 
 2DIAGNOSTIC,    13, -5.662828333056e-01, 3.524744036645e-03, 7.8366e-01, 4.4520e-03, 
 2DIAGNOSTIC,    14, -5.685908474577e-01, 2.751340472953e-03, 7.8885e-01, 5.1880e-03, 
 2DIAGNOSTIC,    15, -5.732745043306e-01, 2.134644679428e-03, 7.9550e-01, 6.6481e-03, 
 2DIAGNOSTIC,    16, -5.738084427845e-01, 1.591333148336e-03, 8.0100e-01, 5.5010e-03, 
 2DIAGNOSTIC,    17, -5.739093703464e-01, 1.247363567739e-03, 8.0539e-01, 4.3900e-03, 
 2DIAGNOSTIC,    18, -5.745773598458e-01, 1.002163966315e-03, 8.0983e-01, 4.4439e-03, 
 2DIAGNOSTIC,    19, -5.752045522723e-01, 8.579763081927e-04, 8.1449e-01, 4.6530e-03, 
 2DIAGNOSTIC,    20, -5.755578777727e-01, 6.955845773892e-04, 8.1887e-01, 4.3809e-03, 
 2DIAGNOSTIC,    21, -5.761681227726e-01, 5.767135182736e-04, 8.2326e-01, 4.3879e-03, 
 2DIAGNOSTIC,    22, -5.775610178281e-01, 4.707067062583e-04, 8.2780e-01, 4.5419e-03, 
 2DIAGNOSTIC,    23, -5.801876522136e-01, 3.965856196921e-04, 8.3238e-01, 4.5850e-03, 
 2DIAGNOSTIC,    24, -5.873578871784e-01, 4.881452204504e-04, 8.3863e-01, 6.2499e-03, 
 2DIAGNOSTIC,    25, -5.924052233516e-01, 7.199711436337e-04, 8.4475e-01, 6.1190e-03, 
 2DIAGNOSTIC,    26, -5.933789722565e-01, 8.944842701996e-04, 8.5025e-01, 5.4970e-03, 
 2DIAGNOSTIC,    27, -5.948140362563e-01, 1.002036484599e-03, 8.5520e-01, 4.9541e-03, 
 2DIAGNOSTIC,    28, -5.954370004567e-01, 1.029952321038e-03, 8.5954e-01, 4.3340e-03, 
 2DIAGNOSTIC,    29, -5.955619965650e-01, 9.699000564597e-04, 8.6388e-01, 4.3471e-03, 
 2DIAGNOSTIC,    30, -5.960977142464e-01, 8.366692961305e-04, 8.6822e-01, 4.3402e-03, 
 2DIAGNOSTIC,    31, -5.971105016197e-01, 6.606986236665e-04, 8.7323e-01, 5.0049e-03, 
 2DIAGNOSTIC,    32, -5.989728413263e-01, 4.853112632104e-04, 8.7978e-01, 6.5510e-03, 
 2DIAGNOSTIC,    33, -5.996340171403e-01, 3.222359249724e-04, 8.8443e-01, 4.6511e-03, 
 2DIAGNOSTIC,    34, -5.997688325043e-01, 2.443793018922e-04, 8.8881e-01, 4.3790e-03, 
 2DIAGNOSTIC,    35, -5.999328162993e-01, 2.224308794813e-04, 8.9443e-01, 5.6200e-03, 
 2DIAGNOSTIC,    36, -6.001598298743e-01, 1.965988114737e-04, 8.9876e-01, 4.3352e-03, 
 2DIAGNOSTIC,    37, -6.004938013156e-01, 1.767006125152e-04, 9.0369e-01, 4.9269e-03, 
 2DIAGNOSTIC,    38, -6.008280010353e-01, 1.536048167837e-04, 9.0815e-01, 4.4601e-03, 
 2DIAGNOSTIC,    39, -6.038559363476e-01, 1.574331424580e-04, 9.1325e-01, 5.1022e-03, 
 2DIAGNOSTIC,    40, -6.077047301681e-01, 1.993081222483e-04, 9.1785e-01, 4.5989e-03, 
 2DIAGNOSTIC,    41, -6.174632747106e-01, 3.481387642118e-04, 9.2362e-01, 5.7650e-03, 
 2DIAGNOSTIC,    42, -6.161977935471e-01, 4.608908283953e-04, 9.3241e-01, 8.7912e-03, 
 2DIAGNOSTIC,    43, -6.161564619037e-01, 5.335372919380e-04, 9.3675e-01, 4.3380e-03, 
 2DIAGNOSTIC,    44, -6.170772306962e-01, 5.644823105543e-04, 9.4113e-01, 4.3869e-03, 
 2DIAGNOSTIC,    45, -6.185357342843e-01, 5.560478019583e-04, 9.4549e-01, 4.3578e-03, 
 2DIAGNOSTIC,    46, -6.206472646214e-01, 5.180560604222e-04, 9.4981e-01, 4.3149e-03, 
 2DIAGNOSTIC,    47, -6.234100450458e-01, 4.649605967574e-04, 9.5410e-01, 4.2958e-03, 
 2DIAGNOSTIC,    48, -6.282459780276e-01, 4.232184499518e-04, 9.5844e-01, 4.3352e-03, 
 2DIAGNOSTIC,    49, -6.332856900740e-01, 4.219353055522e-04, 9.6291e-01, 4.4751e-03, 
 2DIAGNOSTIC,    50, -6.437673267299e-01, 5.158698511718e-04, 9.6755e-01, 4.6420e-03, 
 2DIAGNOSTIC,    51, -6.567709918941e-01, 7.709768807236e-04, 9.7206e-01, 4.5080e-03, 
 2DIAGNOSTIC,    52, -6.630139285557e-01, 9.856112655865e-04, 9.7692e-01, 4.8602e-03, 
 2DIAGNOSTIC,    53, -6.637658016760e-01, 1.103854639710e-03, 9.8126e-01, 4.3321e-03, 
 2DIAGNOSTIC,    54, -6.646848053975e-01, 1.129224421381e-03, 9.8565e-01, 4.3910e-03, 
 2DIAGNOSTIC,    55, -6.699954628185e-01, 1.103370028437e-03, 9.9337e-01, 7.7250e-03, 
 2DIAGNOSTIC,    56, -6.720089873335e-01, 1.005089629309e-03, 9.9971e-01, 6.3369e-03, 
 2DIAGNOSTIC,    57, -6.720481556902e-01, 8.375235952519e-04, 1.0040e+00, 4.2579e-03, 
 2DIAGNOSTIC,    58, -6.725919424850e-01, 6.425661993067e-04, 1.0082e+00, 4.2531e-03, 
 2DIAGNOSTIC,    59, -6.729036315850e-01, 4.360792089478e-04, 1.0124e+00, 4.2250e-03, 
 2DIAGNOSTIC,    60, -6.731488704825e-01, 2.773040855526e-04, 1.0166e+00, 4.1831e-03, 
 2DIAGNOSTIC,    61, -6.734259046586e-01, 1.993309287311e-04, 1.0208e+00, 4.1718e-03, 
 2DIAGNOSTIC,    62, -6.739132081466e-01, 1.568961295197e-04, 1.0250e+00, 4.2319e-03, 
 2DIAGNOSTIC,    63, -6.762843234005e-01, 1.247265793149e-04, 1.0310e+00, 5.9230e-03, 
 2DIAGNOSTIC,    64, -6.766381663862e-01, 8.969400729882e-05, 1.0352e+00, 4.2770e-03, 
 2DIAGNOSTIC,    65, -6.771215256587e-01, 8.898317924597e-05, 1.0396e+00, 4.3249e-03, 
 2DIAGNOSTIC,    66, -6.778537219201e-01, 9.953447609323e-05, 1.0444e+00, 4.8549e-03, 
 2DIAGNOSTIC,    67, -6.792267930899e-01, 1.098307752265e-04, 1.0504e+00, 5.9650e-03, 
 2DIAGNOSTIC,    68, -6.807681178899e-01, 1.231391507989e-04, 1.0546e+00, 4.2460e-03, 
 2DIAGNOSTIC,    69, -6.815199903523e-01, 1.312167324647e-04, 1.0588e+00, 4.2081e-03, 
 2DIAGNOSTIC,    70, -6.818105058284e-01, 1.303114909722e-04, 1.0649e+00, 6.0902e-03, 
 2DIAGNOSTIC,    71, -6.820510519904e-01, 1.205029090241e-04, 1.0694e+00, 4.5121e-03, 
 2DIAGNOSTIC,    72, -6.822317202039e-01, 1.032407407752e-04, 1.0737e+00, 4.2911e-03, 
 2DIAGNOSTIC,    73, -6.825798832156e-01, 9.372238942489e-05, 1.0796e+00, 5.9052e-03, 
 2DIAGNOSTIC,    74, -6.826263916628e-01, 7.797291009123e-05, 1.0839e+00, 4.2999e-03, 
 2DIAGNOSTIC,    75, -6.826914530854e-01, 5.871097120502e-05, 1.0882e+00, 4.3058e-03, 
 2DIAGNOSTIC,    76, -6.828123246461e-01, 3.951635736881e-05, 1.0925e+00, 4.2899e-03, 
 2DIAGNOSTIC,    77, -6.832344939900e-01, 2.762754620166e-05, 1.0968e+00, 4.2930e-03, 
 2DIAGNOSTIC,    78, -6.838171919115e-01, 2.580744921573e-05, 1.1032e+00, 6.4070e-03, 
 2DIAGNOSTIC,    79, -6.837376503926e-01, 2.541996605132e-05, 1.1075e+00, 4.2980e-03, 
 2DIAGNOSTIC,    80, -6.837941103704e-01, 2.471285959166e-05, 1.1118e+00, 4.2870e-03, 
 2DIAGNOSTIC,    81, -6.839726597942e-01, 2.407041608951e-05, 1.1162e+00, 4.3890e-03, 
 2DIAGNOSTIC,    82, -6.841107877432e-01, 2.281069299871e-05, 1.1205e+00, 4.3309e-03, 
 2DIAGNOSTIC,    83, -6.851047219681e-01, 2.675820526328e-05, 1.1266e+00, 6.0239e-03, 
 2DIAGNOSTIC,    84, -6.858177729785e-01, 3.208838368535e-05, 1.1326e+00, 5.9991e-03, 
 2DIAGNOSTIC,    85, -6.861556884076e-01, 3.640421808926e-05, 1.1399e+00, 7.3440e-03, 
 2DIAGNOSTIC,    86, -6.861559764226e-01, 3.780238487723e-05, 1.1446e+00, 4.7541e-03, 
 2DIAGNOSTIC,    87, -6.861669959398e-01, 3.777843025437e-05, 1.1488e+00, 4.1709e-03, 
 2DIAGNOSTIC,    88, -6.861800539426e-01, 3.717585436488e-05, 1.1531e+00, 4.2861e-03, 
 2DIAGNOSTIC,    89, -6.861877259238e-01, 3.259431878909e-05, 1.1577e+00, 4.6291e-03, 
 2DIAGNOSTIC,    90, -6.861915262032e-01, 2.533901914421e-05, 1.1625e+00, 4.7390e-03, 
 2DIAGNOSTIC,    91, -6.861985032984e-01, 1.686279498837e-05, 1.1667e+00, 4.2489e-03, 
 2DIAGNOSTIC,    92, -6.862113887738e-01, 7.665862741897e-06, 1.1712e+00, 4.5230e-03, 
 2DIAGNOSTIC,    93, -6.862267469011e-01, 2.805429733514e-06, 1.1756e+00, 4.3652e-03, 
 2DIAGNOSTIC,    94, -6.862421293080e-01, 1.275767705563e-06, 1.1804e+00, 4.7719e-03, 
 2DIAGNOSTIC,    95, -6.863402119012e-01, 1.765520584391e-06, 1.1861e+00, 5.7600e-03, 
 2DIAGNOSTIC,    96, -6.863401435722e-01, 2.097614153439e-06, 1.1904e+00, 4.2801e-03, 
 2DIAGNOSTIC,    97, -6.863402828205e-01, 2.310331631271e-06, 1.1948e+00, 4.4000e-03, 
 2DIAGNOSTIC,    98, -6.863407426084e-01, 2.396800833089e-06, 1.1992e+00, 4.3292e-03, 
 2DIAGNOSTIC,    99, -6.863418759027e-01, 2.321288216579e-06, 1.2034e+00, 4.2751e-03, 
 2DIAGNOSTIC,   100, -6.863434160914e-01, 2.073695760704e-06, 1.2170e+00, 1.3605e-02, 
 2DIAGNOSTIC,   101, -6.863434159333e-01, 1.693718824398e-06, 1.2306e+00, 1.3600e-02, 
 2DIAGNOSTIC,   102, -6.863434159333e-01, 1.253662609975e-06, 1.2375e+00, 6.9029e-03, 
DIAGNOSTIC,Iteration,metricValue,convergenceValue,ITERATION_TIME_INDEX,SINCE_LAST
 2DIAGNOSTIC,     1, -5.583126873196e-01, 1.797693134862e+308, 1.9840e+00, 7.4651e-01, 
 2DIAGNOSTIC,     2, -5.587682317912e-01, 1.797693134862e+308, 2.0122e+00, 2.8138e-02, 
 2DIAGNOSTIC,     3, -5.591008942036e-01, 1.797693134862e+308, 2.0383e+00, 2.6076e-02, 
 2DIAGNOSTIC,     4, -5.599290801012e-01, 1.797693134862e+308, 2.0649e+00, 2.6619e-02, 
 2DIAGNOSTIC,     5, -5.608877501853e-01, 1.797693134862e+308, 2.0983e+00, 3.3390e-02, 
 2DIAGNOSTIC,     6, -5.613230277299e-01, 1.797693134862e+308, 2.1265e+00, 2.8247e-02, 
 2DIAGNOSTIC,     7, -5.624632240601e-01, 1.797693134862e+308, 2.1587e+00, 3.2203e-02, 
 2DIAGNOSTIC,     8, -5.631233914917e-01, 1.797693134862e+308, 2.1949e+00, 3.6130e-02, 
 2DIAGNOSTIC,     9, -5.632647104893e-01, 1.797693134862e+308, 2.2269e+00, 3.1999e-02, 
 2DIAGNOSTIC,    10, -5.639250403931e-01, 6.930408660904e-04, 2.2559e+00, 2.9041e-02, 
 2DIAGNOSTIC,    11, -5.654731049615e-01, 6.697902035000e-04, 2.2886e+00, 3.2673e-02, 
 2DIAGNOSTIC,    12, -5.659950033310e-01, 6.300934868270e-04, 2.3222e+00, 3.3644e-02, 
 2DIAGNOSTIC,    13, -5.661010605200e-01, 5.567231749867e-04, 2.3558e+00, 3.3618e-02, 
 2DIAGNOSTIC,    14, -5.661227703112e-01, 4.748873638969e-04, 2.3914e+00, 3.5539e-02, 
 2DIAGNOSTIC,    15, -5.661571103114e-01, 3.944596498425e-04, 2.4377e+00, 4.6342e-02, 
 2DIAGNOSTIC,    16, -5.661594370385e-01, 3.003472464960e-04, 2.4693e+00, 3.1603e-02, 
 2DIAGNOSTIC,    17, -5.661518650845e-01, 2.229178148880e-04, 2.4967e+00, 2.7379e-02, 
 2DIAGNOSTIC,    18, -5.661451564032e-01, 1.527708847663e-04, 2.5289e+00, 3.2183e-02, 
 2DIAGNOSTIC,    19, -5.661465879103e-01, 8.004308272036e-05, 2.5573e+00, 2.8467e-02, 
 2DIAGNOSTIC,    20, -5.661216248260e-01, 2.242149802680e-05, 2.5898e+00, 3.2436e-02, 
 2DIAGNOSTIC,    21, -5.661230223286e-01, 5.263778869245e-06, 2.6222e+00, 3.2455e-02, 
 2DIAGNOSTIC,    22, -5.661155147986e-01, 1.054271211630e-06, 2.6507e+00, 2.8474e-02, 
DIAGNOSTIC,Iteration,metricValue,convergenceValue,ITERATION_TIME_INDEX,SINCE_LAST
 2DIAGNOSTIC,     1, -5.039546437534e-01, 1.797693134862e+308, 3.7182e+00, 1.0675e+00, 
 2DIAGNOSTIC,     2, -5.041322639499e-01, 1.797693134862e+308, 3.9326e+00, 2.1439e-01, 
 2DIAGNOSTIC,     3, -5.042656818831e-01, 1.797693134862e+308, 4.1804e+00, 2.4781e-01, 
 2DIAGNOSTIC,     4, -5.043253513115e-01, 1.797693134862e+308, 4.4169e+00, 2.3647e-01, 
 2DIAGNOSTIC,     5, -5.043502611448e-01, 1.797693134862e+308, 4.6706e+00, 2.5364e-01, 
 2DIAGNOSTIC,     6, -5.044438157284e-01, 1.797693134862e+308, 4.9502e+00, 2.7965e-01, 
 2DIAGNOSTIC,     7, -5.045401653102e-01, 1.797693134862e+308, 5.1931e+00, 2.4285e-01, 
 2DIAGNOSTIC,     8, -5.045461988981e-01, 1.797693134862e+308, 5.4504e+00, 2.5730e-01, 
 2DIAGNOSTIC,     9, -5.045520380210e-01, 1.797693134862e+308, 5.6506e+00, 2.0024e-01, 
 2DIAGNOSTIC,    10, -5.045557874390e-01, 7.534018860082e-05, 5.9547e+00, 3.0407e-01, 
 2DIAGNOSTIC,    11, -5.045654726910e-01, 5.171998072553e-05, 6.2156e+00, 2.6094e-01, 
 2DIAGNOSTIC,    12, -5.045656282657e-01, 3.578025343333e-05, 6.4678e+00, 2.5216e-01, 
 2DIAGNOSTIC,    13, -5.045571704071e-01, 2.470991849975e-05, 6.6979e+00, 2.3015e-01, 
 2DIAGNOSTIC,    14, -5.045618609269e-01, 1.588027386140e-05, 6.9574e+00, 2.5948e-01, 
 2DIAGNOSTIC,    15, -5.045694139404e-01, 8.138507443203e-06, 7.1821e+00, 2.2474e-01, 
 2DIAGNOSTIC,    16, -5.045672833874e-01, 3.924159310456e-06, 7.4094e+00, 2.2724e-01, 
 2DIAGNOSTIC,    17, -5.045935010617e-01, 4.095538082075e-06, 7.6404e+00, 2.3099e-01, 
 2DIAGNOSTIC,    18, -5.046016319358e-01, 4.470352862627e-06, 7.9759e+00, 3.3550e-01, 
 2DIAGNOSTIC,    19, -5.046018829388e-01, 4.735383457764e-06, 8.2332e+00, 2.5730e-01, 
 2DIAGNOSTIC,    20, -5.046019841343e-01, 4.797034447356e-06, 8.5120e+00, 2.7886e-01, 
 2DIAGNOSTIC,    21, -5.046010906213e-01, 4.790308204647e-06, 8.7430e+00, 2.3095e-01, 
 2DIAGNOSTIC,    22, -5.046002046007e-01, 4.459396484149e-06, 8.9482e+00, 2.0524e-01, 
 2DIAGNOSTIC,    23, -5.045993508706e-01, 3.639958634200e-06, 9.1581e+00, 2.0984e-01, 
 2DIAGNOSTIC,    24, -5.045985506667e-01, 2.772113398490e-06, 9.3858e+00, 2.2777e-01, 
 2DIAGNOSTIC,    25, -5.045986766911e-01, 2.022392262171e-06, 9.6037e+00, 2.1792e-01, 
 2DIAGNOSTIC,    26, -5.045979547370e-01, 1.183755683261e-06, 9.8970e+00, 2.9330e-01, 
DIAGNOSTIC,Iteration,metricValue,convergenceValue,ITERATION_TIME_INDEX,SINCE_LAST
 2DIAGNOSTIC,     1, -4.673060315379e-01, 1.797693134862e+308, 1.2584e+01, 2.6866e+00, 
 2DIAGNOSTIC,     2, -4.673791133460e-01, 1.797693134862e+308, 1.4967e+01, 2.3833e+00, 
 2DIAGNOSTIC,     3, -4.673797039593e-01, 1.797693134862e+308, 1.7238e+01, 2.2712e+00, 
 2DIAGNOSTIC,     4, -4.673793681716e-01, 1.797693134862e+308, 1.8829e+01, 1.5912e+00, 
 2DIAGNOSTIC,     5, -4.673792362116e-01, 1.797693134862e+308, 2.3185e+01, 4.3559e+00, 
 2DIAGNOSTIC,     6, -4.673792362106e-01, 1.797693134862e+308, 2.6934e+01, 3.7492e+00, 
 2DIAGNOSTIC,     7, -4.673792362106e-01, 1.797693134862e+308, 2.8470e+01, 1.5351e+00, 
 2DIAGNOSTIC,     8, -4.673792362106e-01, 1.797693134862e+308, 3.0382e+01, 1.9129e+00, 
 2DIAGNOSTIC,     9, -4.673792362106e-01, 1.797693134862e+308, 3.1909e+01, 1.5270e+00, 
 2DIAGNOSTIC,    10, -4.673792362106e-01, 7.615448837497e-06, 3.3401e+01, 1.4921e+00, 
 2DIAGNOSTIC,    11, -4.673792362106e-01, 2.870933719992e-06, 3.5045e+01, 1.6434e+00, 
 2DIAGNOSTIC,    12, -4.673792362106e-01, 2.621316749760e-06, 3.6540e+01, 1.4951e+00, 
 2DIAGNOSTIC,    13, -4.673792362106e-01, 2.440773645959e-06, 3.8155e+01, 1.6155e+00, 
 2DIAGNOSTIC,    14, -4.673792362106e-01, 2.272162558756e-06, 3.9681e+01, 1.5256e+00, 
 2DIAGNOSTIC,    15, -4.673792362106e-01, 2.120683527534e-06, 4.1239e+01, 1.5576e+00, 
 2DIAGNOSTIC,    16, -4.673792362106e-01, 1.988139518072e-06, 4.3025e+01, 1.7860e+00, 
 2DIAGNOSTIC,    17, -4.673792362106e-01, 1.871189064181e-06, 4.4638e+01, 1.6136e+00, 
 2DIAGNOSTIC,    18, -4.673792362106e-01, 1.767233217487e-06, 4.6215e+01, 1.5766e+00, 
 2DIAGNOSTIC,    19, -4.673792362106e-01, 1.674220181144e-06, 4.7875e+01, 1.6599e+00, 
 2DIAGNOSTIC,    20, -4.673792362106e-01, 1.590508520798e-06, 4.9428e+01, 1.5534e+00, 
 2DIAGNOSTIC,    21, -4.673792362106e-01, 1.514769458637e-06, 5.1058e+01, 1.6299e+00, 
 2DIAGNOSTIC,    22, -4.673792362106e-01, 1.445915814413e-06, 5.2745e+01, 1.6873e+00, 
 2DIAGNOSTIC,    23, -4.673792362106e-01, 1.383049484140e-06, 5.4316e+01, 1.5710e+00, 
 2DIAGNOSTIC,    24, -4.673792362106e-01, 1.325422048663e-06, 5.5827e+01, 1.5111e+00, 
 2DIAGNOSTIC,    25, -4.673792362106e-01, 1.272404836730e-06, 5.7332e+01, 1.5041e+00, 
 2DIAGNOSTIC,    26, -4.673792362106e-01, 1.223465896261e-06, 5.8895e+01, 1.5630e+00, 
 2DIAGNOSTIC,    27, -4.673792362106e-01, 1.178152083392e-06, 6.0435e+01, 1.5402e+00, 
 2DIAGNOSTIC,    28, -4.673792362106e-01, 1.136074989423e-06, 6.1926e+01, 1.4908e+00, 
 2DIAGNOSTIC,    29, -4.673792362106e-01, 1.096899779576e-06, 6.3311e+01, 1.3854e+00, 
 2DIAGNOSTIC,    30, -4.673792362106e-01, 1.060336263951e-06, 6.4980e+01, 1.6687e+00, 
 2DIAGNOSTIC,    31, -4.673792362106e-01, 1.026131696648e-06, 6.6601e+01, 1.6215e+00, 
  Elapsed time (stage 0): 6.7480e+01


Total elapsed time: 6.7486e+01
Info [verificarlo]: loaded backend libinterflop_ieee.so
Info [interflop-ieee]: load backend with:
Info [interflop-ieee]: debug = false
Info [interflop-ieee]: debug-binary = false
Info [interflop-ieee]: no-backend-name = false
Info [interflop-ieee]: print-new-line = false
Info [interflop-ieee]: print-subnormal-normalized = false
Info [interflop-ieee]: count-op = false
All_Command_lines_OK
Using double precision for computations.
=============================================================================
The composite transform comprises the following transforms (in order): 
  1. /home/mdugre/scratch/mri-registration-rp/datasets/ds004513/derivatives/mri-registration-rp/0001/antsRegistration-r7-p13/sub-s035/rigid_Composite.h5[0] (type = Euler3DTransform)
  2. /home/mdugre/scratch/mri-registration-rp/datasets/ds004513/derivatives/mri-registration-rp/0001/antsRegistration-r7-p13/sub-s035/rigid_Composite.h5[1] (type = Euler3DTransform)
  3. /home/mdugre/scratch/mri-registration-rp/datasets/ds004513/derivatives/mri-registration-rp/0001/antsRegistration-r7-p13/sub-s035/rigid_Composite.h5[2] (type = Euler3DTransform)
=============================================================================
  number of levels = 4
  fixed image: /templateflow/tpl-MNI152NLin2009cAsym/tpl-MNI152NLin2009cAsym_res-01_desc-brain_T1w.nii.gz
  moving image: /home/mdugre/scratch/mri-registration-rp/datasets/ds004513/derivatives/mri-registration-rp/antsBrainExtraction/sub-s035/BrainExtractionBrain.nii.gz
Dimension = 3
Number of stages = 1
Use histogram matching = false
Winsorize image intensities = true
  Lower quantile = 0.005
  Upper quantile = 0.995


Stage 1 State
   Image metric = MattesMI
     Fixed image = Image (0x4cbb7e0)
  RTTI typeinfo:   itk::Image<double, 3u>
  Reference Count: 2
  Modified Time: 1592
  Debug: Off
  Object Name: 
  Observers: 
    none
  Source: (none)
  Source output name: (none)
  Release Data: Off
  Data Released: False
  Global Release Data: Off
  PipelineMTime: 0
  UpdateMTime: 1203
  RealTimeStamp: 0 seconds 
  LargestPossibleRegion: 
    Dimension: 3
    Index: [0, 0, 0]
    Size: [193, 229, 193]
  BufferedRegion: 
    Dimension: 3
    Index: [0, 0, 0]
    Size: [193, 229, 193]
  RequestedRegion: 
    Dimension: 3
    Index: [0, 0, 0]
    Size: [193, 229, 193]
  Spacing: [1, 1, 1]
  Origin: [96, 132, -78]
  Direction: 
-1 0 0
0 -1 0
0 0 1

  IndexToPointMatrix: 
-1 0 0
0 -1 0
0 0 1

  PointToIndexMatrix: 
-1 0 0
0 -1 0
0 0 1

  Inverse Direction: 
-1 0 0
0 -1 0
0 0 1

  PixelContainer: 
    ImportImageContainer (0x4d7ba20)
      RTTI typeinfo:   itk::ImportImageContainer<unsigned long, double>
      Reference Count: 1
      Modified Time: 1200
      Debug: Off
      Object Name: 
      Observers: 
        none
      Pointer: 0x1530078d2010
      Container manages memory: true
      Size: 8530021
      Capacity: 8530021

     Moving image = Image (0x4d76d70)
  RTTI typeinfo:   itk::Image<double, 3u>
  Reference Count: 2
  Modified Time: 1593
  Debug: Off
  Object Name: 
  Observers: 
    none
  Source: (none)
  Source output name: (none)
  Release Data: Off
  Data Released: False
  Global Release Data: Off
  PipelineMTime: 0
  UpdateMTime: 1590
  RealTimeStamp: 0 seconds 
  LargestPossibleRegion: 
    Dimension: 3
    Index: [0, 0, 0]
    Size: [160, 240, 256]
  BufferedRegion: 
    Dimension: 3
    Index: [0, 0, 0]
    Size: [160, 240, 256]
  RequestedRegion: 
    Dimension: 3
    Index: [0, 0, 0]
    Size: [160, 240, 256]
  Spacing: [1, 1, 1]
  Origin: [98.6438, 87.6358, -117.989]
  Direction: 
-0.993515 -0.100993 -0.0522355
0.100854 -0.994887 0.00530255
-0.0525039 1.93537e-08 0.998621

  IndexToPointMatrix: 
-0.993515 -0.100993 -0.0522355
0.100854 -0.994887 0.00530255
-0.0525039 1.93537e-08 0.998621

  PointToIndexMatrix: 
-0.993515 0.100854 -0.0525039
-0.100993 -0.994887 1.93006e-08
-0.0522355 0.00530255 0.998621

  Inverse Direction: 
-0.993515 0.100854 -0.0525039
-0.100993 -0.994887 1.93006e-08
-0.0522355 0.00530255 0.998621

  PixelContainer: 
    ImportImageContainer (0x4d2ec90)
      RTTI typeinfo:   itk::ImportImageContainer<unsigned long, double>
      Reference Count: 1
      Modified Time: 1587
      Debug: Off
      Object Name: 
      Observers: 
        none
      Pointer: 0x153002dd1010
      Container manages memory: true
      Size: 9830400
      Capacity: 9830400

     Weighting = 1
     Sampling strategy = regular
     Number of bins = 32
     Radius = 4
     Sampling percentage  = 0.25
   Transform = Affine
     Gradient step = 0.1
     Update field sigma (voxel space) = 0
     Total field sigma (voxel space) = 0
     Update field time sigma = 0
     Total field time sigma  = 0
     Number of time indices = 0
     Number of time point samples = 0
Registration using 1 total stages.

Stage 0
  iterations = 1000x500x250x100
  convergence threshold = 1e-06
  convergence window size = 10
  number of levels = 4
  using the Mattes MI metric (number of bins = 32, weight = 1, use gradient filter = 0)
  preprocessing:  winsorizing the image intensities
  Shrink factors (level 1 out of 4): [8, 8, 8]
  Shrink factors (level 2 out of 4): [4, 4, 4]
  Shrink factors (level 3 out of 4): [2, 2, 2]
  Shrink factors (level 4 out of 4): [1, 1, 1]
  smoothing sigmas per level: [3, 2, 1, 0]
  regular sampling (percentage = 0.25)

*** Running AffineTransform registration ***

DIAGNOSTIC,Iteration,metricValue,convergenceValue,ITERATION_TIME_INDEX,SINCE_LAST
 2DIAGNOSTIC,     1, -6.766297939956e-01, 1.797693134862e+308, 8.3128e-01, 8.3128e-01, 
 2DIAGNOSTIC,     2, -6.788683301297e-01, 1.797693134862e+308, 8.3632e-01, 5.0311e-03, 
 2DIAGNOSTIC,     3, -6.831529861483e-01, 1.797693134862e+308, 8.4116e-01, 4.8420e-03, 
 2DIAGNOSTIC,     4, -6.904928715087e-01, 1.797693134862e+308, 8.4633e-01, 5.1732e-03, 
 2DIAGNOSTIC,     5, -7.003313835410e-01, 1.797693134862e+308, 8.5092e-01, 4.5891e-03, 
 2DIAGNOSTIC,     6, -7.124937262118e-01, 1.797693134862e+308, 8.5626e-01, 5.3370e-03, 
 2DIAGNOSTIC,     7, -7.365353654552e-01, 1.797693134862e+308, 8.6457e-01, 8.3170e-03, 
 2DIAGNOSTIC,     8, -7.361162145333e-01, 1.797693134862e+308, 8.7004e-01, 5.4672e-03, 
 2DIAGNOSTIC,     9, -7.366729112453e-01, 1.797693134862e+308, 8.7516e-01, 5.1141e-03, 
 2DIAGNOSTIC,    10, -7.371055370651e-01, 6.886068455382e-03, 8.8057e-01, 5.4140e-03, 
 2DIAGNOSTIC,    11, -7.371692579983e-01, 5.760690431214e-03, 8.8612e-01, 5.5499e-03, 
 2DIAGNOSTIC,    12, -7.371140186922e-01, 4.376547438370e-03, 8.9236e-01, 6.2430e-03, 
 2DIAGNOSTIC,    13, -7.371276660614e-01, 2.950193836561e-03, 8.9853e-01, 6.1679e-03, 
 2DIAGNOSTIC,    14, -7.369854574668e-01, 1.677030717042e-03, 9.0385e-01, 5.3229e-03, 
 2DIAGNOSTIC,    15, -7.370805379311e-01, 6.855845754495e-04, 9.0873e-01, 4.8811e-03, 
 2DIAGNOSTIC,    16, -7.371307452670e-01, 4.298369033916e-05, 9.1459e-01, 5.8599e-03, 
 2DIAGNOSTIC,    17, -7.371898972351e-01, 3.376271844734e-05, 9.1996e-01, 5.3639e-03, 
 2DIAGNOSTIC,    18, -7.370460675959e-01, 1.013747380471e-05, 9.2565e-01, 5.6870e-03, 
DIAGNOSTIC,Iteration,metricValue,convergenceValue,ITERATION_TIME_INDEX,SINCE_LAST
 2DIAGNOSTIC,     1, -6.048306115747e-01, 1.797693134862e+308, 1.6524e+00, 7.2675e-01, 
 2DIAGNOSTIC,     2, -6.059727465313e-01, 1.797693134862e+308, 1.6883e+00, 3.5936e-02, 
 2DIAGNOSTIC,     3, -6.074003011535e-01, 1.797693134862e+308, 1.7237e+00, 3.5402e-02, 
 2DIAGNOSTIC,     4, -6.086076440006e-01, 1.797693134862e+308, 1.7592e+00, 3.5500e-02, 
 2DIAGNOSTIC,     5, -6.092351131666e-01, 1.797693134862e+308, 1.7941e+00, 3.4882e-02, 
 2DIAGNOSTIC,     6, -6.097857000800e-01, 1.797693134862e+308, 1.8302e+00, 3.6078e-02, 
 2DIAGNOSTIC,     7, -6.099734327882e-01, 1.797693134862e+308, 1.8873e+00, 5.7127e-02, 
 2DIAGNOSTIC,     8, -6.100513510933e-01, 1.797693134862e+308, 1.9233e+00, 3.5979e-02, 
 2DIAGNOSTIC,     9, -6.101524324713e-01, 1.797693134862e+308, 1.9587e+00, 3.5380e-02, 
 2DIAGNOSTIC,    10, -6.102440573233e-01, 5.474260223549e-04, 1.9948e+00, 3.6080e-02, 
 2DIAGNOSTIC,    11, -6.104426377921e-01, 3.615520478438e-04, 2.0350e+00, 4.0275e-02, 
 2DIAGNOSTIC,    12, -6.105013967755e-01, 2.203327981179e-04, 2.0726e+00, 3.7562e-02, 
 2DIAGNOSTIC,    13, -6.105250152785e-01, 1.326752109326e-04, 2.1041e+00, 3.1533e-02, 
 2DIAGNOSTIC,    14, -6.105321023418e-01, 8.596847454775e-05, 2.1438e+00, 3.9631e-02, 
 2DIAGNOSTIC,    15, -6.104324558036e-01, 5.384667942035e-05, 2.2065e+00, 6.2765e-02, 
 2DIAGNOSTIC,    16, -6.104365170655e-01, 3.707551108696e-05, 2.2450e+00, 3.8489e-02, 
 2DIAGNOSTIC,    17, -6.104221674085e-01, 2.373814179876e-05, 2.2873e+00, 4.2283e-02, 
 2DIAGNOSTIC,    18, -6.104144534695e-01, 1.167487379074e-05, 2.3283e+00, 4.1037e-02, 
 2DIAGNOSTIC,    19, -6.104060076046e-01, 2.263777111204e-06, 2.3691e+00, 4.0786e-02, 
DIAGNOSTIC,Iteration,metricValue,convergenceValue,ITERATION_TIME_INDEX,SINCE_LAST
 2DIAGNOSTIC,     1, -5.339389027694e-01, 1.797693134862e+308, 3.4924e+00, 1.1233e+00, 
 2DIAGNOSTIC,     2, -5.343837542348e-01, 1.797693134862e+308, 3.7252e+00, 2.3282e-01, 
 2DIAGNOSTIC,     3, -5.347967516231e-01, 1.797693134862e+308, 3.9802e+00, 2.5499e-01, 
 2DIAGNOSTIC,     4, -5.350418021921e-01, 1.797693134862e+308, 4.2196e+00, 2.3942e-01, 
 2DIAGNOSTIC,     5, -5.352124066987e-01, 1.797693134862e+308, 4.5001e+00, 2.8051e-01, 
 2DIAGNOSTIC,     6, -5.357880837925e-01, 1.797693134862e+308, 4.8635e+00, 3.6334e-01, 
 2DIAGNOSTIC,     7, -5.358359436711e-01, 1.797693134862e+308, 5.1463e+00, 2.8285e-01, 
 2DIAGNOSTIC,     8, -5.358509937487e-01, 1.797693134862e+308, 5.4086e+00, 2.6228e-01, 
 2DIAGNOSTIC,     9, -5.359261284302e-01, 1.797693134862e+308, 5.6718e+00, 2.6315e-01, 
 2DIAGNOSTIC,    10, -5.361187491247e-01, 2.544957354213e-04, 6.1083e+00, 4.3653e-01, 
 2DIAGNOSTIC,    11, -5.361891567286e-01, 1.904908621093e-04, 6.4593e+00, 3.5100e-01, 
 2DIAGNOSTIC,    12, -5.361957719264e-01, 1.399832853458e-04, 6.8375e+00, 3.7818e-01, 
 2DIAGNOSTIC,    13, -5.361955330654e-01, 1.020155752261e-04, 7.1114e+00, 2.7396e-01, 
 2DIAGNOSTIC,    14, -5.361950100383e-01, 6.978137130643e-05, 7.3828e+00, 2.7140e-01, 
 2DIAGNOSTIC,    15, -5.361945671980e-01, 4.102214288922e-05, 7.7282e+00, 3.4537e-01, 
 2DIAGNOSTIC,    16, -5.361923432582e-01, 3.124929842234e-05, 8.0345e+00, 3.0630e-01, 
 2DIAGNOSTIC,    17, -5.361940815538e-01, 2.158454890310e-05, 8.3211e+00, 2.8659e-01, 
 2DIAGNOSTIC,    18, -5.361929358806e-01, 1.161940292913e-05, 8.6690e+00, 3.4795e-01, 
 2DIAGNOSTIC,    19, -5.361912172015e-01, 3.714587267119e-06, 8.9410e+00, 2.7198e-01, 
 2DIAGNOSTIC,    20, -5.361896106545e-01, 1.428722098587e-06, 9.2162e+00, 2.7520e-01, 
 2DIAGNOSTIC,    21, -5.361911570801e-01, 1.189455654804e-06, 9.4910e+00, 2.7479e-01, 
 2DIAGNOSTIC,    22, -5.361937940841e-01, 1.222756229394e-06, 9.7850e+00, 2.9396e-01, 
 2DIAGNOSTIC,    23, -5.361924315717e-01, 1.235126599733e-06, 1.0065e+01, 2.7957e-01, 
 2DIAGNOSTIC,    24, -5.361881802022e-01, 1.158214780569e-06, 1.0322e+01, 2.5708e-01, 
 2DIAGNOSTIC,    25, -5.361883890652e-01, 1.103415462687e-06, 1.0622e+01, 3.0016e-01, 
DIAGNOSTIC,Iteration,metricValue,convergenceValue,ITERATION_TIME_INDEX,SINCE_LAST
 2DIAGNOSTIC,     1, -4.909941827642e-01, 1.797693134862e+308, 1.3498e+01, 2.8758e+00, 
 2DIAGNOSTIC,     2, -4.914253152465e-01, 1.797693134862e+308, 1.5291e+01, 1.7932e+00, 
 2DIAGNOSTIC,     3, -4.917884743745e-01, 1.797693134862e+308, 1.7044e+01, 1.7533e+00, 
 2DIAGNOSTIC,     4, -4.920697641377e-01, 1.797693134862e+308, 1.8870e+01, 1.8259e+00, 
 2DIAGNOSTIC,     5, -4.922344191479e-01, 1.797693134862e+308, 2.0666e+01, 1.7955e+00, 
 2DIAGNOSTIC,     6, -4.925142042790e-01, 1.797693134862e+308, 2.2306e+01, 1.6400e+00, 
 2DIAGNOSTIC,     7, -4.927551983302e-01, 1.797693134862e+308, 2.4982e+01, 2.6768e+00, 
 2DIAGNOSTIC,     8, -4.927610658479e-01, 1.797693134862e+308, 2.7041e+01, 2.0590e+00, 
 2DIAGNOSTIC,     9, -4.927607419480e-01, 1.797693134862e+308, 2.9341e+01, 2.2999e+00, 
 2DIAGNOSTIC,    10, -4.927606666267e-01, 2.331223968861e-04, 3.1296e+01, 1.9545e+00, 
 2DIAGNOSTIC,    11, -4.927598360432e-01, 1.579751160046e-04, 3.3305e+01, 2.0090e+00, 
 2DIAGNOSTIC,    12, -4.927585113606e-01, 1.016829571213e-04, 3.5851e+01, 2.5462e+00, 
 2DIAGNOSTIC,    13, -4.927583081311e-01, 6.112417539099e-05, 3.8597e+01, 2.7459e+00, 
 2DIAGNOSTIC,    14, -4.927583381510e-01, 3.273905959358e-05, 4.0776e+01, 2.1797e+00, 
 2DIAGNOSTIC,    15, -4.927582450583e-01, 1.149869986271e-05, 4.2849e+01, 2.0724e+00, 
 2DIAGNOSTIC,    16, -4.927581476601e-01, 1.898519396928e-06, 4.4523e+01, 1.6746e+00, 
