
##########################
# Experiment information #
##########################

EXPERIMENT_NAME: antsRegistration-r7-p19
VFC_BACKENDS: libinterflop_vprec.so --range-binary32=7 --precision-binary32=19 --range-binary64=7 --precision-binary64=19

SIF_IMG: /home/mdugre/projects/rrg-glatard/mdugre/containers/ants-vprec-no_metrics.simg

SUBJECT_ID: s035
INPUT_IMG: /home/mdugre/scratch/mri-registration-rp/datasets/ds004513/derivatives/mri-registration-rp/antsBrainExtraction/sub-s035/BrainExtractionBrain.nii.gz
OUTPUT_DIR: /home/mdugre/scratch/mri-registration-rp/datasets/ds004513/derivatives/mri-registration-rp/0001/antsRegistration-r7-p19/sub-s035

FIXED_IMG: /templateflow/tpl-MNI152NLin2009cAsym/tpl-MNI152NLin2009cAsym_res-01_desc-brain_T1w.nii.gz
DATA_DIR: /home/mdugre/scratch/mri-registration-rp/datasets/ds004513
TEMPLATEFLOW_DIR: /home/mdugre/projects/rrg-glatard/mdugre/templateflow
ITK_GLOBAL_DEFAULT_NUMBER_OF_THREADS: 16
##########################

Info [verificarlo]: loaded backend libinterflop_ieee.so
Info [interflop-ieee]: load backend with:
Info [interflop-ieee]: debug = false
Info [interflop-ieee]: debug-binary = false
Info [interflop-ieee]: no-backend-name = false
Info [interflop-ieee]: print-new-line = false
Info [interflop-ieee]: print-subnormal-normalized = false
Info [interflop-ieee]: count-op = false
All_Command_lines_OK
Using double precision for computations.
=============================================================================
The composite transform comprises the following transforms (in order): 
  1. Center of mass alignment using fixed image: /templateflow/tpl-MNI152NLin2009cAsym/tpl-MNI152NLin2009cAsym_res-01_desc-brain_T1w.nii.gz and moving image: /home/mdugre/scratch/mri-registration-rp/datasets/ds004513/derivatives/mri-registration-rp/antsBrainExtraction/sub-s035/BrainExtractionBrain.nii.gz (type = Euler3DTransform)
=============================================================================
  number of levels = 1
  fixed image: /templateflow/tpl-MNI152NLin2009cAsym/tpl-MNI152NLin2009cAsym_res-01_desc-brain_T1w.nii.gz
  moving image: /home/mdugre/scratch/mri-registration-rp/datasets/ds004513/derivatives/mri-registration-rp/antsBrainExtraction/sub-s035/BrainExtractionBrain.nii.gz
Dimension = 3
Number of stages = 1
Use histogram matching = false
Winsorize image intensities = true
  Lower quantile = 0.005
  Upper quantile = 0.995


Stage 1 State
   Image metric = MattesMI
     Fixed image = Image (0x3a07e70)
  RTTI typeinfo:   itk::Image<double, 3u>
  Reference Count: 2
  Modified Time: 2330
  Debug: Off
  Object Name: 
  Observers: 
    none
  Source: (none)
  Source output name: (none)
  Release Data: Off
  Data Released: False
  Global Release Data: Off
  PipelineMTime: 0
  UpdateMTime: 1941
  RealTimeStamp: 0 seconds 
  LargestPossibleRegion: 
    Dimension: 3
    Index: [0, 0, 0]
    Size: [193, 229, 193]
  BufferedRegion: 
    Dimension: 3
    Index: [0, 0, 0]
    Size: [193, 229, 193]
  RequestedRegion: 
    Dimension: 3
    Index: [0, 0, 0]
    Size: [193, 229, 193]
  Spacing: [1, 1, 1]
  Origin: [96, 132, -78]
  Direction: 
-1 0 0
0 -1 0
0 0 1

  IndexToPointMatrix: 
-1 0 0
0 -1 0
0 0 1

  PointToIndexMatrix: 
-1 0 0
0 -1 0
0 0 1

  Inverse Direction: 
-1 0 0
0 -1 0
0 0 1

  PixelContainer: 
    ImportImageContainer (0x3a10c60)
      RTTI typeinfo:   itk::ImportImageContainer<unsigned long, double>
      Reference Count: 1
      Modified Time: 1938
      Debug: Off
      Object Name: 
      Observers: 
        none
      Pointer: 0x152620221010
      Container manages memory: true
      Size: 8530021
      Capacity: 8530021

     Moving image = Image (0x3aa4ec0)
  RTTI typeinfo:   itk::Image<double, 3u>
  Reference Count: 2
  Modified Time: 2331
  Debug: Off
  Object Name: 
  Observers: 
    none
  Source: (none)
  Source output name: (none)
  Release Data: Off
  Data Released: False
  Global Release Data: Off
  PipelineMTime: 0
  UpdateMTime: 2328
  RealTimeStamp: 0 seconds 
  LargestPossibleRegion: 
    Dimension: 3
    Index: [0, 0, 0]
    Size: [160, 240, 256]
  BufferedRegion: 
    Dimension: 3
    Index: [0, 0, 0]
    Size: [160, 240, 256]
  RequestedRegion: 
    Dimension: 3
    Index: [0, 0, 0]
    Size: [160, 240, 256]
  Spacing: [1, 1, 1]
  Origin: [98.6438, 87.6358, -117.989]
  Direction: 
-0.993515 -0.100993 -0.0522355
0.100854 -0.994887 0.00530255
-0.0525039 1.93537e-08 0.998621

  IndexToPointMatrix: 
-0.993515 -0.100993 -0.0522355
0.100854 -0.994887 0.00530255
-0.0525039 1.93537e-08 0.998621

  PointToIndexMatrix: 
-0.993515 0.100854 -0.0525039
-0.100993 -0.994887 1.93006e-08
-0.0522355 0.00530255 0.998621

  Inverse Direction: 
-0.993515 0.100854 -0.0525039
-0.100993 -0.994887 1.93006e-08
-0.0522355 0.00530255 0.998621

  PixelContainer: 
    ImportImageContainer (0x3b3c610)
      RTTI typeinfo:   itk::ImportImageContainer<unsigned long, double>
      Reference Count: 1
      Modified Time: 2325
      Debug: Off
      Object Name: 
      Observers: 
        none
      Pointer: 0x15261b720010
      Container manages memory: true
      Size: 9830400
      Capacity: 9830400

     Weighting = 1
     Sampling strategy = regular
     Number of bins = 32
     Radius = 4
     Sampling percentage  = 0.25
   Transform = Rigid
     Gradient step = 0.1
     Update field sigma (voxel space) = 0
     Total field sigma (voxel space) = 0
     Update field time sigma = 0
     Total field time sigma  = 0
     Number of time indices = 0
     Number of time point samples = 0
Registration using 1 total stages.

Stage 0
  iterations = 0
  convergence threshold = 1e-06
  convergence window size = 10
  number of levels = 1
  using the Mattes MI metric (number of bins = 32, weight = 1, use gradient filter = 0)
  preprocessing:  winsorizing the image intensities
  Shrink factors (level 1 out of 1): [1, 1, 1]
  smoothing sigmas per level: [0]
  regular sampling (percentage = 0.25)

*** Running Euler3DTransform registration ***

  Elapsed time (stage 0): 1.15932


Total elapsed time: 1.1641
Info [verificarlo]: loaded backend libinterflop_ieee.so
Info [interflop-ieee]: load backend with:
Info [interflop-ieee]: debug = false
Info [interflop-ieee]: debug-binary = false
Info [interflop-ieee]: no-backend-name = false
Info [interflop-ieee]: print-new-line = false
Info [interflop-ieee]: print-subnormal-normalized = false
Info [interflop-ieee]: count-op = false
All_Command_lines_OK
Using double precision for computations.
=============================================================================
The composite transform comprises the following transforms (in order): 
  1. /home/mdugre/scratch/mri-registration-rp/datasets/ds004513/derivatives/mri-registration-rp/0001/antsRegistration-r7-p19/sub-s035/align_Composite.h5[0] (type = Euler3DTransform)
  2. /home/mdugre/scratch/mri-registration-rp/datasets/ds004513/derivatives/mri-registration-rp/0001/antsRegistration-r7-p19/sub-s035/align_Composite.h5[1] (type = Euler3DTransform)
=============================================================================
  number of levels = 4
  fixed image: /templateflow/tpl-MNI152NLin2009cAsym/tpl-MNI152NLin2009cAsym_res-01_desc-brain_T1w.nii.gz
  moving image: /home/mdugre/scratch/mri-registration-rp/datasets/ds004513/derivatives/mri-registration-rp/antsBrainExtraction/sub-s035/BrainExtractionBrain.nii.gz
Dimension = 3
Number of stages = 1
Use histogram matching = false
Winsorize image intensities = true
  Lower quantile = 0.005
  Upper quantile = 0.995


Stage 1 State
   Image metric = MattesMI
     Fixed image = Image (0x461e530)
  RTTI typeinfo:   itk::Image<double, 3u>
  Reference Count: 2
  Modified Time: 1578
  Debug: Off
  Object Name: 
  Observers: 
    none
  Source: (none)
  Source output name: (none)
  Release Data: Off
  Data Released: False
  Global Release Data: Off
  PipelineMTime: 0
  UpdateMTime: 1189
  RealTimeStamp: 0 seconds 
  LargestPossibleRegion: 
    Dimension: 3
    Index: [0, 0, 0]
    Size: [193, 229, 193]
  BufferedRegion: 
    Dimension: 3
    Index: [0, 0, 0]
    Size: [193, 229, 193]
  RequestedRegion: 
    Dimension: 3
    Index: [0, 0, 0]
    Size: [193, 229, 193]
  Spacing: [1, 1, 1]
  Origin: [96, 132, -78]
  Direction: 
-1 0 0
0 -1 0
0 0 1

  IndexToPointMatrix: 
-1 0 0
0 -1 0
0 0 1

  PointToIndexMatrix: 
-1 0 0
0 -1 0
0 0 1

  Inverse Direction: 
-1 0 0
0 -1 0
0 0 1

  PixelContainer: 
    ImportImageContainer (0x46dcd60)
      RTTI typeinfo:   itk::ImportImageContainer<unsigned long, double>
      Reference Count: 1
      Modified Time: 1186
      Debug: Off
      Object Name: 
      Observers: 
        none
      Pointer: 0x15040feb2010
      Container manages memory: true
      Size: 8530021
      Capacity: 8530021

     Moving image = Image (0x46cef60)
  RTTI typeinfo:   itk::Image<double, 3u>
  Reference Count: 2
  Modified Time: 1579
  Debug: Off
  Object Name: 
  Observers: 
    none
  Source: (none)
  Source output name: (none)
  Release Data: Off
  Data Released: False
  Global Release Data: Off
  PipelineMTime: 0
  UpdateMTime: 1576
  RealTimeStamp: 0 seconds 
  LargestPossibleRegion: 
    Dimension: 3
    Index: [0, 0, 0]
    Size: [160, 240, 256]
  BufferedRegion: 
    Dimension: 3
    Index: [0, 0, 0]
    Size: [160, 240, 256]
  RequestedRegion: 
    Dimension: 3
    Index: [0, 0, 0]
    Size: [160, 240, 256]
  Spacing: [1, 1, 1]
  Origin: [98.6438, 87.6358, -117.989]
  Direction: 
-0.993515 -0.100993 -0.0522355
0.100854 -0.994887 0.00530255
-0.0525039 1.93537e-08 0.998621

  IndexToPointMatrix: 
-0.993515 -0.100993 -0.0522355
0.100854 -0.994887 0.00530255
-0.0525039 1.93537e-08 0.998621

  PointToIndexMatrix: 
-0.993515 0.100854 -0.0525039
-0.100993 -0.994887 1.93006e-08
-0.0522355 0.00530255 0.998621

  Inverse Direction: 
-0.993515 0.100854 -0.0525039
-0.100993 -0.994887 1.93006e-08
-0.0522355 0.00530255 0.998621

  PixelContainer: 
    ImportImageContainer (0x46c06d0)
      RTTI typeinfo:   itk::ImportImageContainer<unsigned long, double>
      Reference Count: 1
      Modified Time: 1573
      Debug: Off
      Object Name: 
      Observers: 
        none
      Pointer: 0x15040b3b1010
      Container manages memory: true
      Size: 9830400
      Capacity: 9830400

     Weighting = 1
     Sampling strategy = regular
     Number of bins = 32
     Radius = 4
     Sampling percentage  = 0.25
   Transform = Rigid
     Gradient step = 0.1
     Update field sigma (voxel space) = 0
     Total field sigma (voxel space) = 0
     Update field time sigma = 0
     Total field time sigma  = 0
     Number of time indices = 0
     Number of time point samples = 0
Registration using 1 total stages.

Stage 0
  iterations = 1000x500x250x100
  convergence threshold = 1e-06
  convergence window size = 10
  number of levels = 4
  using the Mattes MI metric (number of bins = 32, weight = 1, use gradient filter = 0)
  preprocessing:  winsorizing the image intensities
  Shrink factors (level 1 out of 4): [8, 8, 8]
  Shrink factors (level 2 out of 4): [4, 4, 4]
  Shrink factors (level 3 out of 4): [2, 2, 2]
  Shrink factors (level 4 out of 4): [1, 1, 1]
  smoothing sigmas per level: [3, 2, 1, 0]
  regular sampling (percentage = 0.25)

*** Running Euler3DTransform registration ***

DIAGNOSTIC,Iteration,metricValue,convergenceValue,ITERATION_TIME_INDEX,SINCE_LAST
 2DIAGNOSTIC,     1, -5.238630234552e-01, 1.797693134862e+308, 9.1363e-01, 9.1363e-01, 
 2DIAGNOSTIC,     2, -5.257885820767e-01, 1.797693134862e+308, 9.1934e-01, 5.7161e-03, 
 2DIAGNOSTIC,     3, -5.278597554839e-01, 1.797693134862e+308, 9.2520e-01, 5.8579e-03, 
 2DIAGNOSTIC,     4, -5.302176117225e-01, 1.797693134862e+308, 9.3012e-01, 4.9222e-03, 
 2DIAGNOSTIC,     5, -5.343462816845e-01, 1.797693134862e+308, 9.3521e-01, 5.0819e-03, 
 2DIAGNOSTIC,     6, -5.399239396740e-01, 1.797693134862e+308, 9.4063e-01, 5.4278e-03, 
 2DIAGNOSTIC,     7, -5.490554822001e-01, 1.797693134862e+308, 9.4602e-01, 5.3821e-03, 
 2DIAGNOSTIC,     8, -5.545204224448e-01, 1.797693134862e+308, 9.5280e-01, 6.7852e-03, 
 2DIAGNOSTIC,     9, -5.601437715553e-01, 1.797693134862e+308, 9.5798e-01, 5.1799e-03, 
 2DIAGNOSTIC,    10, -5.617741193774e-01, 5.067640484485e-03, 9.6344e-01, 5.4600e-03, 
 2DIAGNOSTIC,    11, -5.649562249041e-01, 4.796539612083e-03, 9.6965e-01, 6.2058e-03, 
 2DIAGNOSTIC,    12, -5.658710903081e-01, 4.260783098155e-03, 9.7492e-01, 5.2760e-03, 
 2DIAGNOSTIC,    13, -5.662828333056e-01, 3.524744036645e-03, 9.7973e-01, 4.8039e-03, 
 2DIAGNOSTIC,    14, -5.685908474577e-01, 2.751340472953e-03, 9.8520e-01, 5.4770e-03, 
 2DIAGNOSTIC,    15, -5.732745043306e-01, 2.134644679428e-03, 9.9261e-01, 7.4060e-03, 
 2DIAGNOSTIC,    16, -5.738084427846e-01, 1.591333148337e-03, 9.9857e-01, 5.9659e-03, 
 2DIAGNOSTIC,    17, -5.739093703465e-01, 1.247363567740e-03, 1.0036e+00, 4.9851e-03, 
 2DIAGNOSTIC,    18, -5.745773598458e-01, 1.002163966316e-03, 1.0085e+00, 4.9851e-03, 
 2DIAGNOSTIC,    19, -5.752045522723e-01, 8.579763081924e-04, 1.0133e+00, 4.7250e-03, 
 2DIAGNOSTIC,    20, -5.755578777726e-01, 6.955845773872e-04, 1.0182e+00, 4.9200e-03, 
 2DIAGNOSTIC,    21, -5.761681227725e-01, 5.767135182702e-04, 1.0230e+00, 4.8010e-03, 
 2DIAGNOSTIC,    22, -5.775610178281e-01, 4.707067062535e-04, 1.0279e+00, 4.8702e-03, 
 2DIAGNOSTIC,    23, -5.801876522132e-01, 3.965856196799e-04, 1.0329e+00, 5.0869e-03, 
 2DIAGNOSTIC,    24, -5.873578871757e-01, 4.881452203831e-04, 1.0398e+00, 6.8722e-03, 
 2DIAGNOSTIC,    25, -5.924052233473e-01, 7.199711434925e-04, 1.0469e+00, 7.0329e-03, 
 2DIAGNOSTIC,    26, -5.933789722521e-01, 8.944842700016e-04, 1.0529e+00, 6.0470e-03, 
 2DIAGNOSTIC,    27, -5.948140362549e-01, 1.002036484422e-03, 1.0582e+00, 5.3329e-03, 
 2DIAGNOSTIC,    28, -5.954370004531e-01, 1.029952320858e-03, 1.0630e+00, 4.7922e-03, 
 2DIAGNOSTIC,    29, -5.955619965611e-01, 9.699000562892e-04, 1.0679e+00, 4.8470e-03, 
 2DIAGNOSTIC,    30, -5.960977142427e-01, 8.366692959888e-04, 1.0726e+00, 4.7140e-03, 
 2DIAGNOSTIC,    31, -5.971105016153e-01, 6.606986235527e-04, 1.0781e+00, 5.4901e-03, 
 2DIAGNOSTIC,    32, -5.989728413270e-01, 4.853112632111e-04, 1.0852e+00, 7.1371e-03, 
 2DIAGNOSTIC,    33, -5.996340171223e-01, 3.222359247936e-04, 1.0900e+00, 4.7400e-03, 
 2DIAGNOSTIC,    34, -5.997688324878e-01, 2.443793015574e-04, 1.0947e+00, 4.7290e-03, 
 2DIAGNOSTIC,    35, -5.999328162833e-01, 2.224308790154e-04, 1.1005e+00, 5.8129e-03, 
 2DIAGNOSTIC,    36, -6.001598298604e-01, 1.965988109497e-04, 1.1052e+00, 4.7460e-03, 
 2DIAGNOSTIC,    37, -6.004938013029e-01, 1.767006120434e-04, 1.1106e+00, 5.3799e-03, 
 2DIAGNOSTIC,    38, -6.008280010249e-01, 1.536048164109e-04, 1.1154e+00, 4.7932e-03, 
 2DIAGNOSTIC,    39, -6.038559363758e-01, 1.574331427025e-04, 1.1210e+00, 5.5680e-03, 
 2DIAGNOSTIC,    40, -6.077047302317e-01, 1.993081234768e-04, 1.1260e+00, 5.0259e-03, 
 2DIAGNOSTIC,    41, -6.174632747560e-01, 3.481387660175e-04, 1.1324e+00, 6.3848e-03, 
 2DIAGNOSTIC,    42, -6.161977922911e-01, 4.608908154340e-04, 1.1422e+00, 9.7740e-03, 
 2DIAGNOSTIC,    43, -6.161564602927e-01, 5.335372623516e-04, 1.1469e+00, 4.7259e-03, 
 2DIAGNOSTIC,    44, -6.170772292136e-01, 5.644822693514e-04, 1.1515e+00, 4.5929e-03, 
 2DIAGNOSTIC,    45, -6.185357330673e-01, 5.560477561965e-04, 1.1562e+00, 4.7631e-03, 
 2DIAGNOSTIC,    46, -6.206472637464e-01, 5.180560182795e-04, 1.1610e+00, 4.7400e-03, 
 2DIAGNOSTIC,    47, -6.234100442707e-01, 4.649605633618e-04, 1.1657e+00, 4.6940e-03, 
 2DIAGNOSTIC,    48, -6.282459772134e-01, 4.232184279018e-04, 1.1703e+00, 4.6248e-03, 
 2DIAGNOSTIC,    49, -6.332856902364e-01, 4.219353063914e-04, 1.1751e+00, 4.8258e-03, 
 2DIAGNOSTIC,    50, -6.437673268559e-01, 5.158698733219e-04, 1.1799e+00, 4.7472e-03, 
 2DIAGNOSTIC,    51, -6.567709933209e-01, 7.709769337178e-04, 1.1848e+00, 4.9040e-03, 
 2DIAGNOSTIC,    52, -6.630139284916e-01, 9.856113170074e-04, 1.1902e+00, 5.4080e-03, 
 2DIAGNOSTIC,    53, -6.637658018704e-01, 1.103854684355e-03, 1.1950e+00, 4.7610e-03, 
 2DIAGNOSTIC,    54, -6.646848063263e-01, 1.129224462720e-03, 1.1999e+00, 4.9620e-03, 
 2DIAGNOSTIC,    55, -6.699954652596e-01, 1.103370077593e-03, 1.2084e+00, 8.4510e-03, 
 2DIAGNOSTIC,    56, -6.720089864356e-01, 1.005089655453e-03, 1.2153e+00, 6.9430e-03, 
 2DIAGNOSTIC,    57, -6.720481596166e-01, 8.375236392492e-04, 1.2201e+00, 4.7760e-03, 
 2DIAGNOSTIC,    58, -6.725919471628e-01, 6.425662607892e-04, 1.2246e+00, 4.4961e-03, 
 2DIAGNOSTIC,    59, -6.729036335971e-01, 4.360792674561e-04, 1.2292e+00, 4.6279e-03, 
 2DIAGNOSTIC,    60, -6.731488709419e-01, 2.773041237964e-04, 1.2339e+00, 4.6771e-03, 
 2DIAGNOSTIC,    61, -6.734259045437e-01, 1.993309503000e-04, 1.2384e+00, 4.5609e-03, 
 2DIAGNOSTIC,    62, -6.739132072025e-01, 1.568961145537e-04, 1.2521e+00, 1.3702e-02, 
 2DIAGNOSTIC,    63, -6.762843100894e-01, 1.247264392768e-04, 1.2598e+00, 7.6768e-03, 
 2DIAGNOSTIC,    64, -6.766381482952e-01, 8.969373303378e-05, 1.2646e+00, 4.7560e-03, 
 2DIAGNOSTIC,    65, -6.771215111004e-01, 8.898283951362e-05, 1.2693e+00, 4.7519e-03, 
 2DIAGNOSTIC,    66, -6.778537109904e-01, 9.953410420060e-05, 1.2750e+00, 5.6329e-03, 
 2DIAGNOSTIC,    67, -6.792268330022e-01, 1.098307958418e-04, 1.2817e+00, 6.7089e-03, 
 2DIAGNOSTIC,    68, -6.807680695934e-01, 1.231389407613e-04, 1.2865e+00, 4.8020e-03, 
 2DIAGNOSTIC,    69, -6.815199357953e-01, 1.312162816908e-04, 1.2911e+00, 4.6411e-03, 
 2DIAGNOSTIC,    70, -6.818104482935e-01, 1.303108183861e-04, 1.2974e+00, 6.2499e-03, 
 2DIAGNOSTIC,    71, -6.820510042255e-01, 1.205021341258e-04, 1.3021e+00, 4.7441e-03, 
 2DIAGNOSTIC,    72, -6.822316788002e-01, 1.032399731250e-04, 1.3070e+00, 4.8580e-03, 
 2DIAGNOSTIC,    73, -6.825798730189e-01, 9.372183156662e-05, 1.3130e+00, 6.0630e-03, 
 2DIAGNOSTIC,    74, -6.826264051907e-01, 7.797273144904e-05, 1.3175e+00, 4.4661e-03, 
 2DIAGNOSTIC,    75, -6.826914654345e-01, 5.871118558007e-05, 1.3220e+00, 4.5400e-03, 
 2DIAGNOSTIC,    76, -6.828123435427e-01, 3.951698247219e-05, 1.3266e+00, 4.5860e-03, 
 2DIAGNOSTIC,    77, -6.832344998595e-01, 2.762875027731e-05, 1.3312e+00, 4.5609e-03, 
 2DIAGNOSTIC,    78, -6.838171564116e-01, 2.580833589234e-05, 1.3381e+00, 6.8960e-03, 
 2DIAGNOSTIC,    79, -6.837376128862e-01, 2.542041601928e-05, 1.3426e+00, 4.4820e-03, 
 2DIAGNOSTIC,    80, -6.837940758268e-01, 2.471283888692e-05, 1.3474e+00, 4.8630e-03, 
 2DIAGNOSTIC,    81, -6.839726294348e-01, 2.407001703461e-05, 1.3521e+00, 4.6380e-03, 
 2DIAGNOSTIC,    82, -6.841107535352e-01, 2.280997611123e-05, 1.3567e+00, 4.6299e-03, 
 2DIAGNOSTIC,    83, -6.851045573528e-01, 2.675670394901e-05, 1.3633e+00, 6.6168e-03, 
 2DIAGNOSTIC,    84, -6.858177306078e-01, 3.208707777853e-05, 1.3694e+00, 6.1090e-03, 
 2DIAGNOSTIC,    85, -6.861555330040e-01, 3.640258259563e-05, 1.3768e+00, 7.4279e-03, 
 2DIAGNOSTIC,    86, -6.861558286064e-01, 3.780067351572e-05, 1.3814e+00, 4.5450e-03, 
 2DIAGNOSTIC,    87, -6.861668457913e-01, 3.777674125087e-05, 1.3859e+00, 4.5290e-03, 
 2DIAGNOSTIC,    88, -6.861798953798e-01, 3.717409441859e-05, 1.3905e+00, 4.5860e-03, 
 2DIAGNOSTIC,    89, -6.861875888669e-01, 3.259275448313e-05, 1.3958e+00, 5.3070e-03, 
 2DIAGNOSTIC,    90, -6.861914096042e-01, 2.533790664499e-05, 1.4004e+00, 4.6270e-03, 
 2DIAGNOSTIC,    91, -6.861984002623e-01, 1.686232115637e-05, 1.4050e+00, 4.5562e-03, 
 2DIAGNOSTIC,    92, -6.862113008408e-01, 7.666131374000e-06, 1.4096e+00, 4.5929e-03, 
 2DIAGNOSTIC,    93, -6.862267020553e-01, 2.805950567663e-06, 1.4145e+00, 4.8630e-03, 
 2DIAGNOSTIC,    94, -6.862421147427e-01, 1.277227484251e-06, 1.4198e+00, 5.3141e-03, 
 2DIAGNOSTIC,    95, -6.863402648574e-01, 1.767535891758e-06, 1.4255e+00, 5.7271e-03, 
 2DIAGNOSTIC,    96, -6.863402362829e-01, 2.100195556274e-06, 1.4300e+00, 4.4990e-03, 
 2DIAGNOSTIC,    97, -6.863404811570e-01, 2.313698916874e-06, 1.4344e+00, 4.4510e-03, 
 2DIAGNOSTIC,    98, -6.863412456368e-01, 2.401959988466e-06, 1.4395e+00, 5.0161e-03, 
 2DIAGNOSTIC,    99, -6.863464830723e-01, 2.346402830842e-06, 1.4461e+00, 6.6319e-03, 
 2DIAGNOSTIC,   100, -6.863467861579e-01, 2.109930058614e-06, 1.4518e+00, 5.6849e-03, 
 2DIAGNOSTIC,   101, -6.863467920707e-01, 1.737810991923e-06, 1.4660e+00, 1.4225e-02, 
 2DIAGNOSTIC,   102, -6.863467920705e-01, 1.301460607436e-06, 1.4759e+00, 9.8600e-03, 
DIAGNOSTIC,Iteration,metricValue,convergenceValue,ITERATION_TIME_INDEX,SINCE_LAST
 2DIAGNOSTIC,     1, -5.582111396847e-01, 1.797693134862e+308, 2.2866e+00, 8.1069e-01, 
 2DIAGNOSTIC,     2, -5.585590495773e-01, 1.797693134862e+308, 2.3271e+00, 4.0519e-02, 
 2DIAGNOSTIC,     3, -5.591023751813e-01, 1.797693134862e+308, 2.3617e+00, 3.4660e-02, 
 2DIAGNOSTIC,     4, -5.597974784180e-01, 1.797693134862e+308, 2.3932e+00, 3.1433e-02, 
 2DIAGNOSTIC,     5, -5.608407890116e-01, 1.797693134862e+308, 2.4290e+00, 3.5837e-02, 
 2DIAGNOSTIC,     6, -5.612109938784e-01, 1.797693134862e+308, 2.4603e+00, 3.1328e-02, 
 2DIAGNOSTIC,     7, -5.624350322437e-01, 1.797693134862e+308, 2.5022e+00, 4.1858e-02, 
 2DIAGNOSTIC,     8, -5.635094726133e-01, 1.797693134862e+308, 2.5341e+00, 3.1904e-02, 
 2DIAGNOSTIC,     9, -5.652817032900e-01, 1.797693134862e+308, 2.5693e+00, 3.5218e-02, 
 2DIAGNOSTIC,    10, -5.660133173030e-01, 9.174045848572e-04, 2.6152e+00, 4.5884e-02, 
 2DIAGNOSTIC,    11, -5.660012116147e-01, 8.663549057916e-04, 2.6536e+00, 3.8416e-02, 
 2DIAGNOSTIC,    12, -5.661206203255e-01, 7.670863618257e-04, 2.6846e+00, 3.1010e-02, 
 2DIAGNOSTIC,    13, -5.661202230522e-01, 6.344340367570e-04, 2.7172e+00, 3.2537e-02, 
 2DIAGNOSTIC,    14, -5.661332267932e-01, 4.875332025710e-04, 2.7533e+00, 3.6108e-02, 
 2DIAGNOSTIC,    15, -5.661537449350e-01, 3.519877302819e-04, 2.7924e+00, 3.9097e-02, 
 2DIAGNOSTIC,    16, -5.661592670136e-01, 2.133565938117e-04, 2.8277e+00, 3.5298e-02, 
 2DIAGNOSTIC,    17, -5.661705625977e-01, 1.083442717179e-04, 2.8718e+00, 4.4142e-02, 
 2DIAGNOSTIC,    18, -5.661665332110e-01, 3.401792244204e-05, 2.9137e+00, 4.1868e-02, 
 2DIAGNOSTIC,    19, -5.661543989171e-01, 1.076177972856e-05, 2.9489e+00, 3.5226e-02, 
 2DIAGNOSTIC,    20, -5.661640810796e-01, 7.727666968924e-06, 2.9919e+00, 4.3013e-02, 
 2DIAGNOSTIC,    21, -5.661673411752e-01, 4.106327176415e-06, 3.0392e+00, 4.7261e-02, 
 2DIAGNOSTIC,    22, -5.661608834397e-01, 3.164177840194e-06, 3.0777e+00, 3.8503e-02, 
 2DIAGNOSTIC,    23, -5.661536663265e-01, 1.986383804498e-06, 3.1135e+00, 3.5819e-02, 
 2DIAGNOSTIC,    24, -5.661478514184e-01, 1.002464708730e-06, 3.1457e+00, 3.2162e-02, 
DIAGNOSTIC,Iteration,metricValue,convergenceValue,ITERATION_TIME_INDEX,SINCE_LAST
 2DIAGNOSTIC,     1, -5.036804777822e-01, 1.797693134862e+308, 4.3611e+00, 1.2154e+00, 
 2DIAGNOSTIC,     2, -5.038636544751e-01, 1.797693134862e+308, 4.6299e+00, 2.6879e-01, 
 2DIAGNOSTIC,     3, -5.040422732679e-01, 1.797693134862e+308, 4.9159e+00, 2.8603e-01, 
 2DIAGNOSTIC,     4, -5.041597358533e-01, 1.797693134862e+308, 5.2315e+00, 3.1556e-01, 
 2DIAGNOSTIC,     5, -5.042634010679e-01, 1.797693134862e+308, 5.6137e+00, 3.8219e-01, 
 2DIAGNOSTIC,     6, -5.043192185856e-01, 1.797693134862e+308, 5.9061e+00, 2.9248e-01, 
 2DIAGNOSTIC,     7, -5.044588516932e-01, 1.797693134862e+308, 6.2369e+00, 3.3078e-01, 
 2DIAGNOSTIC,     8, -5.046076972807e-01, 1.797693134862e+308, 6.6022e+00, 3.6530e-01, 
 2DIAGNOSTIC,     9, -5.046042436355e-01, 1.797693134862e+308, 6.9159e+00, 3.1372e-01, 
 2DIAGNOSTIC,    10, -5.046032572030e-01, 1.224216187330e-04, 7.1569e+00, 2.4096e-01, 
 2DIAGNOSTIC,    11, -5.046050588171e-01, 9.139437544484e-05, 7.5220e+00, 3.6506e-01, 
 2DIAGNOSTIC,    12, -5.046115691785e-01, 6.626746377061e-05, 7.8141e+00, 2.9212e-01, 
 2DIAGNOSTIC,    13, -5.046083043255e-01, 4.667480862526e-05, 8.1310e+00, 3.1694e-01, 
 2DIAGNOSTIC,    14, -5.046081171328e-01, 3.057315321951e-05, 8.6030e+00, 4.7194e-01, 
 2DIAGNOSTIC,    15, -5.046090919530e-01, 1.806462098744e-05, 8.8566e+00, 2.5365e-01, 
 2DIAGNOSTIC,    16, -5.046063594915e-01, 7.443329954213e-06, 9.1425e+00, 2.8590e-01, 
 2DIAGNOSTIC,    17, -5.046055070272e-01, 2.025832677131e-06, 9.4092e+00, 2.6665e-01, 
 2DIAGNOSTIC,    18, -5.046028169680e-01, 1.776195486920e-06, 9.7478e+00, 3.3862e-01, 
 2DIAGNOSTIC,    19, -5.046020128286e-01, 1.431450914052e-06, 1.0070e+01, 3.2200e-01, 
 2DIAGNOSTIC,    20, -5.046002595407e-01, 1.065072274375e-06, 1.0381e+01, 3.1145e-01, 
DIAGNOSTIC,Iteration,metricValue,convergenceValue,ITERATION_TIME_INDEX,SINCE_LAST
 2DIAGNOSTIC,     1, -4.673196146101e-01, 1.797693134862e+308, 1.3155e+01, 2.7734e+00, 
 2DIAGNOSTIC,     2, -4.674177086148e-01, 1.797693134862e+308, 1.5351e+01, 2.1961e+00, 
 2DIAGNOSTIC,     3, -4.674166608818e-01, 1.797693134862e+308, 1.7654e+01, 2.3029e+00, 
 2DIAGNOSTIC,     4, -4.674165016685e-01, 1.797693134862e+308, 1.9844e+01, 2.1905e+00, 
 2DIAGNOSTIC,     5, -4.674164697656e-01, 1.797693134862e+308, 2.4533e+01, 4.6890e+00, 
 2DIAGNOSTIC,     6, -4.674164697645e-01, 1.797693134862e+308, 2.8471e+01, 3.9374e+00, 
 2DIAGNOSTIC,     7, -4.674164697645e-01, 1.797693134862e+308, 3.0119e+01, 1.6480e+00, 
 2DIAGNOSTIC,     8, -4.674164697645e-01, 1.797693134862e+308, 3.1671e+01, 1.5525e+00, 
 2DIAGNOSTIC,     9, -4.674164697645e-01, 1.797693134862e+308, 3.3260e+01, 1.5891e+00, 
 2DIAGNOSTIC,    10, -4.674164697645e-01, 8.995545269605e-06, 3.4848e+01, 1.5881e+00, 
 2DIAGNOSTIC,    11, -4.674164697645e-01, 2.812916997053e-06, 3.6416e+01, 1.5681e+00, 
 2DIAGNOSTIC,    12, -4.674164697645e-01, 2.639775666086e-06, 3.8132e+01, 1.7154e+00, 
 2DIAGNOSTIC,    13, -4.674164697645e-01, 2.445463259074e-06, 3.9889e+01, 1.7574e+00, 
 2DIAGNOSTIC,    14, -4.674164697645e-01, 2.272170427725e-06, 4.1747e+01, 1.8574e+00, 
 2DIAGNOSTIC,    15, -4.674164697645e-01, 2.120690381427e-06, 4.3390e+01, 1.6438e+00, 
 2DIAGNOSTIC,    16, -4.674164697645e-01, 1.988145542045e-06, 4.4962e+01, 1.5712e+00, 
 2DIAGNOSTIC,    17, -4.674164697645e-01, 1.871194400330e-06, 4.6481e+01, 1.5193e+00, 
 2DIAGNOSTIC,    18, -4.674164697645e-01, 1.767237977228e-06, 4.8099e+01, 1.6183e+00, 
 2DIAGNOSTIC,    19, -4.674164697645e-01, 1.674224453047e-06, 4.9672e+01, 1.5730e+00, 
 2DIAGNOSTIC,    20, -4.674164697645e-01, 1.590512376172e-06, 5.1255e+01, 1.5834e+00, 
 2DIAGNOSTIC,    21, -4.674164697645e-01, 1.514772955534e-06, 5.2819e+01, 1.5633e+00, 
 2DIAGNOSTIC,    22, -4.674164697645e-01, 1.445919000621e-06, 5.4556e+01, 1.7370e+00, 
 2DIAGNOSTIC,    23, -4.674164697645e-01, 1.383052399280e-06, 5.6301e+01, 1.7448e+00, 
 2DIAGNOSTIC,    24, -4.674164697645e-01, 1.325424725931e-06, 5.8235e+01, 1.9348e+00, 
 2DIAGNOSTIC,    25, -4.674164697645e-01, 1.272407304083e-06, 6.0176e+01, 1.9405e+00, 
 2DIAGNOSTIC,    26, -4.674164697645e-01, 1.223468177484e-06, 6.1934e+01, 1.7578e+00, 
 2DIAGNOSTIC,    27, -4.674164697645e-01, 1.178154198735e-06, 6.3561e+01, 1.6271e+00, 
 2DIAGNOSTIC,    28, -4.674164697645e-01, 1.136076956391e-06, 6.6134e+01, 2.5728e+00, 
 2DIAGNOSTIC,    29, -4.674164697645e-01, 1.096901613235e-06, 6.8346e+01, 2.2125e+00, 
 2DIAGNOSTIC,    30, -4.674164697645e-01, 1.060337977386e-06, 7.0194e+01, 1.8481e+00, 
 2DIAGNOSTIC,    31, -4.674164697645e-01, 1.026133301316e-06, 7.1848e+01, 1.6535e+00, 
  Elapsed time (stage 0): 7.2703e+01


Total elapsed time: 7.2706e+01
Info [verificarlo]: loaded backend libinterflop_ieee.so
Info [interflop-ieee]: load backend with:
Info [interflop-ieee]: debug = false
Info [interflop-ieee]: debug-binary = false
Info [interflop-ieee]: no-backend-name = false
Info [interflop-ieee]: print-new-line = false
Info [interflop-ieee]: print-subnormal-normalized = false
Info [interflop-ieee]: count-op = false
All_Command_lines_OK
Using double precision for computations.
=============================================================================
The composite transform comprises the following transforms (in order): 
  1. /home/mdugre/scratch/mri-registration-rp/datasets/ds004513/derivatives/mri-registration-rp/0001/antsRegistration-r7-p19/sub-s035/rigid_Composite.h5[0] (type = Euler3DTransform)
  2. /home/mdugre/scratch/mri-registration-rp/datasets/ds004513/derivatives/mri-registration-rp/0001/antsRegistration-r7-p19/sub-s035/rigid_Composite.h5[1] (type = Euler3DTransform)
  3. /home/mdugre/scratch/mri-registration-rp/datasets/ds004513/derivatives/mri-registration-rp/0001/antsRegistration-r7-p19/sub-s035/rigid_Composite.h5[2] (type = Euler3DTransform)
=============================================================================
  number of levels = 4
  fixed image: /templateflow/tpl-MNI152NLin2009cAsym/tpl-MNI152NLin2009cAsym_res-01_desc-brain_T1w.nii.gz
  moving image: /home/mdugre/scratch/mri-registration-rp/datasets/ds004513/derivatives/mri-registration-rp/antsBrainExtraction/sub-s035/BrainExtractionBrain.nii.gz
Dimension = 3
Number of stages = 1
Use histogram matching = false
Winsorize image intensities = true
  Lower quantile = 0.005
  Upper quantile = 0.995


Stage 1 State
   Image metric = MattesMI
     Fixed image = Image (0x35397e0)
  RTTI typeinfo:   itk::Image<double, 3u>
  Reference Count: 2
  Modified Time: 1592
  Debug: Off
  Object Name: 
  Observers: 
    none
  Source: (none)
  Source output name: (none)
  Release Data: Off
  Data Released: False
  Global Release Data: Off
  PipelineMTime: 0
  UpdateMTime: 1203
  RealTimeStamp: 0 seconds 
  LargestPossibleRegion: 
    Dimension: 3
    Index: [0, 0, 0]
    Size: [193, 229, 193]
  BufferedRegion: 
    Dimension: 3
    Index: [0, 0, 0]
    Size: [193, 229, 193]
  RequestedRegion: 
    Dimension: 3
    Index: [0, 0, 0]
    Size: [193, 229, 193]
  Spacing: [1, 1, 1]
  Origin: [96, 132, -78]
  Direction: 
-1 0 0
0 -1 0
0 0 1

  IndexToPointMatrix: 
-1 0 0
0 -1 0
0 0 1

  PointToIndexMatrix: 
-1 0 0
0 -1 0
0 0 1

  Inverse Direction: 
-1 0 0
0 -1 0
0 0 1

  PixelContainer: 
    ImportImageContainer (0x35f9a20)
      RTTI typeinfo:   itk::ImportImageContainer<unsigned long, double>
      Reference Count: 1
      Modified Time: 1200
      Debug: Off
      Object Name: 
      Observers: 
        none
      Pointer: 0x14b83b304010
      Container manages memory: true
      Size: 8530021
      Capacity: 8530021

     Moving image = Image (0x35f4d70)
  RTTI typeinfo:   itk::Image<double, 3u>
  Reference Count: 2
  Modified Time: 1593
  Debug: Off
  Object Name: 
  Observers: 
    none
  Source: (none)
  Source output name: (none)
  Release Data: Off
  Data Released: False
  Global Release Data: Off
  PipelineMTime: 0
  UpdateMTime: 1590
  RealTimeStamp: 0 seconds 
  LargestPossibleRegion: 
    Dimension: 3
    Index: [0, 0, 0]
    Size: [160, 240, 256]
  BufferedRegion: 
    Dimension: 3
    Index: [0, 0, 0]
    Size: [160, 240, 256]
  RequestedRegion: 
    Dimension: 3
    Index: [0, 0, 0]
    Size: [160, 240, 256]
  Spacing: [1, 1, 1]
  Origin: [98.6438, 87.6358, -117.989]
  Direction: 
-0.993515 -0.100993 -0.0522355
0.100854 -0.994887 0.00530255
-0.0525039 1.93537e-08 0.998621

  IndexToPointMatrix: 
-0.993515 -0.100993 -0.0522355
0.100854 -0.994887 0.00530255
-0.0525039 1.93537e-08 0.998621

  PointToIndexMatrix: 
-0.993515 0.100854 -0.0525039
-0.100993 -0.994887 1.93006e-08
-0.0522355 0.00530255 0.998621

  Inverse Direction: 
-0.993515 0.100854 -0.0525039
-0.100993 -0.994887 1.93006e-08
-0.0522355 0.00530255 0.998621

  PixelContainer: 
    ImportImageContainer (0x35acc90)
      RTTI typeinfo:   itk::ImportImageContainer<unsigned long, double>
      Reference Count: 1
      Modified Time: 1587
      Debug: Off
      Object Name: 
      Observers: 
        none
      Pointer: 0x14b836803010
      Container manages memory: true
      Size: 9830400
      Capacity: 9830400

     Weighting = 1
     Sampling strategy = regular
     Number of bins = 32
     Radius = 4
     Sampling percentage  = 0.25
   Transform = Affine
     Gradient step = 0.1
     Update field sigma (voxel space) = 0
     Total field sigma (voxel space) = 0
     Update field time sigma = 0
     Total field time sigma  = 0
     Number of time indices = 0
     Number of time point samples = 0
Registration using 1 total stages.

Stage 0
  iterations = 1000x500x250x100
  convergence threshold = 1e-06
  convergence window size = 10
  number of levels = 4
  using the Mattes MI metric (number of bins = 32, weight = 1, use gradient filter = 0)
  preprocessing:  winsorizing the image intensities
  Shrink factors (level 1 out of 4): [8, 8, 8]
  Shrink factors (level 2 out of 4): [4, 4, 4]
  Shrink factors (level 3 out of 4): [2, 2, 2]
  Shrink factors (level 4 out of 4): [1, 1, 1]
  smoothing sigmas per level: [3, 2, 1, 0]
  regular sampling (percentage = 0.25)

*** Running AffineTransform registration ***

DIAGNOSTIC,Iteration,metricValue,convergenceValue,ITERATION_TIME_INDEX,SINCE_LAST
 2DIAGNOSTIC,     1, -6.758147023040e-01, 1.797693134862e+308, 1.4891e+00, 1.4891e+00, 
 2DIAGNOSTIC,     2, -6.779873964149e-01, 1.797693134862e+308, 1.4950e+00, 5.9371e-03, 
 2DIAGNOSTIC,     3, -6.814932286755e-01, 1.797693134862e+308, 1.5007e+00, 5.6920e-03, 
 2DIAGNOSTIC,     4, -6.869392571386e-01, 1.797693134862e+308, 1.5059e+00, 5.1320e-03, 
 2DIAGNOSTIC,     5, -6.978558379614e-01, 1.797693134862e+308, 1.5110e+00, 5.1661e-03, 
 2DIAGNOSTIC,     6, -7.101830008946e-01, 1.797693134862e+308, 1.5163e+00, 5.3189e-03, 
 2DIAGNOSTIC,     7, -7.243699273591e-01, 1.797693134862e+308, 1.5222e+00, 5.8570e-03, 
 2DIAGNOSTIC,     8, -7.334405905989e-01, 1.797693134862e+308, 1.5286e+00, 6.4349e-03, 
 2DIAGNOSTIC,     9, -7.377508686783e-01, 1.797693134862e+308, 1.5344e+00, 5.7962e-03, 
 2DIAGNOSTIC,    10, -7.384856792243e-01, 6.877382649577e-03, 1.5401e+00, 5.6860e-03, 
 2DIAGNOSTIC,    11, -7.397291307560e-01, 6.054306020710e-03, 1.5464e+00, 6.2490e-03, 
 2DIAGNOSTIC,    12, -7.397330731477e-01, 4.901071624128e-03, 1.5530e+00, 6.6168e-03, 
 2DIAGNOSTIC,    13, -7.404660098922e-01, 3.619563186620e-03, 1.5594e+00, 6.3939e-03, 
 2DIAGNOSTIC,    14, -7.405992069457e-01, 2.356620771161e-03, 1.5661e+00, 6.7010e-03, 
 2DIAGNOSTIC,    15, -7.404050927283e-01, 1.334446738748e-03, 1.5722e+00, 6.0961e-03, 
 2DIAGNOSTIC,    16, -7.403715497485e-01, 6.198493146853e-04, 1.5801e+00, 7.9188e-03, 
 2DIAGNOSTIC,    17, -7.402421104248e-01, 2.564277297719e-04, 1.5864e+00, 6.3381e-03, 
 2DIAGNOSTIC,    18, -7.401823422945e-01, 1.058266976591e-04, 1.5920e+00, 5.5828e-03, 
 2DIAGNOSTIC,    19, -7.401553970046e-01, 5.031051285746e-05, 1.5981e+00, 6.1171e-03, 
 2DIAGNOSTIC,    20, -7.401313345528e-01, 9.480307255262e-06, 1.6043e+00, 6.1619e-03, 
DIAGNOSTIC,Iteration,metricValue,convergenceValue,ITERATION_TIME_INDEX,SINCE_LAST
 2DIAGNOSTIC,     1, -6.094204973654e-01, 1.797693134862e+308, 2.4202e+00, 8.1593e-01, 
 2DIAGNOSTIC,     2, -6.100159485971e-01, 1.797693134862e+308, 2.4623e+00, 4.2031e-02, 
 2DIAGNOSTIC,     3, -6.107528282910e-01, 1.797693134862e+308, 2.4996e+00, 3.7342e-02, 
 2DIAGNOSTIC,     4, -6.114749430892e-01, 1.797693134862e+308, 2.5369e+00, 3.7329e-02, 
 2DIAGNOSTIC,     5, -6.119902610763e-01, 1.797693134862e+308, 2.5751e+00, 3.8148e-02, 
 2DIAGNOSTIC,     6, -6.122057219060e-01, 1.797693134862e+308, 2.6252e+00, 5.0126e-02, 
 2DIAGNOSTIC,     7, -6.122786261332e-01, 1.797693134862e+308, 2.6698e+00, 4.4585e-02, 
 2DIAGNOSTIC,     8, -6.122344692652e-01, 1.797693134862e+308, 2.7142e+00, 4.4435e-02, 
 2DIAGNOSTIC,     9, -6.122244106225e-01, 1.797693134862e+308, 2.7581e+00, 4.3923e-02, 
 2DIAGNOSTIC,    10, -6.122102423151e-01, 2.899642607340e-04, 2.8101e+00, 5.1914e-02, 
 2DIAGNOSTIC,    11, -6.122064844237e-01, 1.767909325258e-04, 2.8545e+00, 4.4427e-02, 
 2DIAGNOSTIC,    12, -6.121940516311e-01, 8.924810853979e-05, 2.8965e+00, 4.2070e-02, 
 2DIAGNOSTIC,    13, -6.121864815536e-01, 3.306387639856e-05, 2.9356e+00, 3.9094e-02, 
 2DIAGNOSTIC,    14, -6.122066082758e-01, 6.413987942877e-06, 2.9952e+00, 5.9535e-02, 
DIAGNOSTIC,Iteration,metricValue,convergenceValue,ITERATION_TIME_INDEX,SINCE_LAST
 2DIAGNOSTIC,     1, -5.356805636331e-01, 1.797693134862e+308, 4.3823e+00, 1.3871e+00, 
 2DIAGNOSTIC,     2, -5.360053358230e-01, 1.797693134862e+308, 4.7931e+00, 4.1081e-01, 
 2DIAGNOSTIC,     3, -5.362548730453e-01, 1.797693134862e+308, 5.3658e+00, 5.7273e-01, 
 2DIAGNOSTIC,     4, -5.362890584402e-01, 1.797693134862e+308, 6.0545e+00, 6.8868e-01, 
 2DIAGNOSTIC,     5, -5.362866699762e-01, 1.797693134862e+308, 6.5700e+00, 5.1554e-01, 
 2DIAGNOSTIC,     6, -5.362864790636e-01, 1.797693134862e+308, 7.0522e+00, 4.8219e-01, 
 2DIAGNOSTIC,     7, -5.362860584658e-01, 1.797693134862e+308, 7.4491e+00, 3.9684e-01, 
 2DIAGNOSTIC,     8, -5.362853751424e-01, 1.797693134862e+308, 7.8876e+00, 4.3857e-01, 
 2DIAGNOSTIC,     9, -5.362846089659e-01, 1.797693134862e+308, 8.2738e+00, 3.8612e-01, 
 2DIAGNOSTIC,    10, -5.362840019609e-01, 4.915685974113e-05, 8.6369e+00, 3.6316e-01, 
 2DIAGNOSTIC,    11, -5.362842888699e-01, 1.737682741940e-05, 8.9939e+00, 3.5699e-01, 
 2DIAGNOSTIC,    12, -5.362837775279e-01, 3.617581548154e-06, 9.3528e+00, 3.5891e-01, 
 2DIAGNOSTIC,    13, -5.362844699294e-01, 2.050132388839e-06, 9.6968e+00, 3.4395e-01, 
 2DIAGNOSTIC,    14, -5.362819249895e-01, 1.942693776236e-06, 1.0010e+01, 3.1363e-01, 
 2DIAGNOSTIC,    15, -5.362826774214e-01, 1.824489706079e-06, 1.0362e+01, 3.5122e-01, 
 2DIAGNOSTIC,    16, -5.362829514027e-01, 1.749332244033e-06, 1.0780e+01, 4.1792e-01, 
 2DIAGNOSTIC,    17, -5.362842177251e-01, 1.730298259395e-06, 1.1226e+01, 4.4644e-01, 
 2DIAGNOSTIC,    18, -5.362850162239e-01, 1.729756921802e-06, 1.1704e+01, 4.7806e-01, 
 2DIAGNOSTIC,    19, -5.362849937210e-01, 1.712066843719e-06, 1.2125e+01, 4.2126e-01, 
 2DIAGNOSTIC,    20, -5.362836273699e-01, 1.640975497354e-06, 1.2538e+01, 4.1312e-01, 
 2DIAGNOSTIC,    21, -5.362832571999e-01, 1.570396860162e-06, 1.2883e+01, 3.4435e-01, 
 2DIAGNOSTIC,    22, -5.362823209953e-01, 1.464495400845e-06, 1.3290e+01, 4.0716e-01, 
 2DIAGNOSTIC,    23, -5.362832509915e-01, 1.405035944937e-06, 1.3627e+01, 3.3681e-01, 
 2DIAGNOSTIC,    24, -5.362858256964e-01, 1.348272536936e-06, 1.4021e+01, 3.9473e-01, 
 2DIAGNOSTIC,    25, -5.362872117689e-01, 1.338553643801e-06, 1.4498e+01, 4.7669e-01, 
 2DIAGNOSTIC,    26, -5.362869692696e-01, 1.323895963967e-06, 1.4867e+01, 3.6914e-01, 
 2DIAGNOSTIC,    27, -5.362862536208e-01, 1.312345303574e-06, 1.5270e+01, 4.0304e-01, 
 2DIAGNOSTIC,    28, -5.362860816994e-01, 1.300761283213e-06, 1.5630e+01, 3.5977e-01, 
 2DIAGNOSTIC,    29, -5.362854889205e-01, 1.262447737120e-06, 1.5996e+01, 3.6550e-01, 
 2DIAGNOSTIC,    30, -5.362871577030e-01, 1.216127569162e-06, 1.6396e+01, 4.0061e-01, 
 2DIAGNOSTIC,    31, -5.362848344632e-01, 1.112418157173e-06, 1.6789e+01, 3.9307e-01, 
DIAGNOSTIC,Iteration,metricValue,convergenceValue,ITERATION_TIME_INDEX,SINCE_LAST
 2DIAGNOSTIC,     1, -4.918795198222e-01, 1.797693134862e+308, 2.0226e+01, 3.4370e+00, 
 2DIAGNOSTIC,     2, -4.920553280833e-01, 1.797693134862e+308, 2.2245e+01, 2.0192e+00, 
 2DIAGNOSTIC,     3, -4.921726344338e-01, 1.797693134862e+308, 2.4357e+01, 2.1114e+00, 
 2DIAGNOSTIC,     4, -4.922046870192e-01, 1.797693134862e+308, 2.6459e+01, 2.1019e+00, 
 2DIAGNOSTIC,     5, -4.922217304904e-01, 1.797693134862e+308, 2.8270e+01, 1.8113e+00, 
 2DIAGNOSTIC,     6, -4.922302006943e-01, 1.797693134862e+308, 3.0423e+01, 2.1525e+00, 
 2DIAGNOSTIC,     7, -4.923029275912e-01, 1.797693134862e+308, 3.3261e+01, 2.8378e+00, 
 2DIAGNOSTIC,     8, -4.923070085733e-01, 1.797693134862e+308, 3.4983e+01, 1.7226e+00, 
 2DIAGNOSTIC,     9, -4.923369130038e-01, 1.797693134862e+308, 3.6698e+01, 1.7153e+00, 
 2DIAGNOSTIC,    10, -4.923773913274e-01, 5.430916768345e-05, 3.8439e+01, 1.7411e+00, 
 2DIAGNOSTIC,    11, -4.924339095353e-01, 3.974671419335e-05, 4.0222e+01, 1.7828e+00, 
 2DIAGNOSTIC,    12, -4.925386227620e-01, 3.758213712986e-05, 4.2269e+01, 2.0473e+00, 
 2DIAGNOSTIC,    13, -4.929156128973e-01, 5.442588773620e-05, 4.5182e+01, 2.9124e+00, 
 2DIAGNOSTIC,    14, -4.930740426597e-01, 7.164286953068e-05, 5.0511e+01, 5.3295e+00, 
 2DIAGNOSTIC,    15, -4.930742005489e-01, 8.094492362530e-05, 5.2671e+01, 2.1601e+00, 
 2DIAGNOSTIC,    16, -4.930734854445e-01, 8.231532125581e-05, 5.5129e+01, 2.4572e+00, 
 2DIAGNOSTIC,    17, -4.930731020643e-01, 7.858957274726e-05, 5.7197e+01, 2.0687e+00, 
