
##########################
# Experiment information #
##########################

EXPERIMENT_NAME: antsRegistration-r8-p16
VFC_BACKENDS: libinterflop_vprec.so --range-binary32=8 --precision-binary32=16 --range-binary64=8 --precision-binary64=16

SIF_IMG: /home/mdugre/projects/rrg-glatard/mdugre/containers/ants-vprec-no_metrics.simg

SUBJECT_ID: s037
INPUT_IMG: /home/mdugre/scratch/mri-registration-rp/datasets/ds004513/derivatives/mri-registration-rp/antsBrainExtraction/sub-s037/BrainExtractionBrain.nii.gz
OUTPUT_DIR: /home/mdugre/scratch/mri-registration-rp/datasets/ds004513/derivatives/mri-registration-rp/0001/antsRegistration-r8-p16/sub-s037

FIXED_IMG: /templateflow/tpl-MNI152NLin2009cAsym/tpl-MNI152NLin2009cAsym_res-01_desc-brain_T1w.nii.gz
DATA_DIR: /home/mdugre/scratch/mri-registration-rp/datasets/ds004513
TEMPLATEFLOW_DIR: /home/mdugre/projects/rrg-glatard/mdugre/templateflow
ITK_GLOBAL_DEFAULT_NUMBER_OF_THREADS: 16
##########################

Info [verificarlo]: loaded backend libinterflop_ieee.so
Info [interflop-ieee]: load backend with:
Info [interflop-ieee]: debug = false
Info [interflop-ieee]: debug-binary = false
Info [interflop-ieee]: no-backend-name = false
Info [interflop-ieee]: print-new-line = false
Info [interflop-ieee]: print-subnormal-normalized = false
Info [interflop-ieee]: count-op = false
All_Command_lines_OK
Using double precision for computations.
=============================================================================
The composite transform comprises the following transforms (in order): 
  1. Center of mass alignment using fixed image: /templateflow/tpl-MNI152NLin2009cAsym/tpl-MNI152NLin2009cAsym_res-01_desc-brain_T1w.nii.gz and moving image: /home/mdugre/scratch/mri-registration-rp/datasets/ds004513/derivatives/mri-registration-rp/antsBrainExtraction/sub-s037/BrainExtractionBrain.nii.gz (type = Euler3DTransform)
=============================================================================
  number of levels = 1
  fixed image: /templateflow/tpl-MNI152NLin2009cAsym/tpl-MNI152NLin2009cAsym_res-01_desc-brain_T1w.nii.gz
  moving image: /home/mdugre/scratch/mri-registration-rp/datasets/ds004513/derivatives/mri-registration-rp/antsBrainExtraction/sub-s037/BrainExtractionBrain.nii.gz
Dimension = 3
Number of stages = 1
Use histogram matching = false
Winsorize image intensities = true
  Lower quantile = 0.005
  Upper quantile = 0.995


Stage 1 State
   Image metric = MattesMI
     Fixed image = Image (0x3bfde70)
  RTTI typeinfo:   itk::Image<double, 3u>
  Reference Count: 2
  Modified Time: 2330
  Debug: Off
  Object Name: 
  Observers: 
    none
  Source: (none)
  Source output name: (none)
  Release Data: Off
  Data Released: False
  Global Release Data: Off
  PipelineMTime: 0
  UpdateMTime: 1941
  RealTimeStamp: 0 seconds 
  LargestPossibleRegion: 
    Dimension: 3
    Index: [0, 0, 0]
    Size: [193, 229, 193]
  BufferedRegion: 
    Dimension: 3
    Index: [0, 0, 0]
    Size: [193, 229, 193]
  RequestedRegion: 
    Dimension: 3
    Index: [0, 0, 0]
    Size: [193, 229, 193]
  Spacing: [1, 1, 1]
  Origin: [96, 132, -78]
  Direction: 
-1 0 0
0 -1 0
0 0 1

  IndexToPointMatrix: 
-1 0 0
0 -1 0
0 0 1

  PointToIndexMatrix: 
-1 0 0
0 -1 0
0 0 1

  Inverse Direction: 
-1 0 0
0 -1 0
0 0 1

  PixelContainer: 
    ImportImageContainer (0x3c06c60)
      RTTI typeinfo:   itk::ImportImageContainer<unsigned long, double>
      Reference Count: 1
      Modified Time: 1938
      Debug: Off
      Object Name: 
      Observers: 
        none
      Pointer: 0x14ecda017010
      Container manages memory: true
      Size: 8530021
      Capacity: 8530021

     Moving image = Image (0x3c9aec0)
  RTTI typeinfo:   itk::Image<double, 3u>
  Reference Count: 2
  Modified Time: 2331
  Debug: Off
  Object Name: 
  Observers: 
    none
  Source: (none)
  Source output name: (none)
  Release Data: Off
  Data Released: False
  Global Release Data: Off
  PipelineMTime: 0
  UpdateMTime: 2328
  RealTimeStamp: 0 seconds 
  LargestPossibleRegion: 
    Dimension: 3
    Index: [0, 0, 0]
    Size: [160, 240, 256]
  BufferedRegion: 
    Dimension: 3
    Index: [0, 0, 0]
    Size: [160, 240, 256]
  RequestedRegion: 
    Dimension: 3
    Index: [0, 0, 0]
    Size: [160, 240, 256]
  Spacing: [1, 1, 1]
  Origin: [87.9508, 102.562, -147.639]
  Direction: 
-0.998659 -0.0436121 -0.0279129
0.043595 -0.999049 0.00121847
-0.0279395 -2.65543e-08 0.99961

  IndexToPointMatrix: 
-0.998659 -0.0436121 -0.0279129
0.043595 -0.999049 0.00121847
-0.0279395 -2.65543e-08 0.99961

  PointToIndexMatrix: 
-0.998659 0.043595 -0.0279395
-0.0436121 -0.999049 -2.65517e-08
-0.0279129 0.00121847 0.99961

  Inverse Direction: 
-0.998659 0.043595 -0.0279395
-0.0436121 -0.999049 -2.65517e-08
-0.0279129 0.00121847 0.99961

  PixelContainer: 
    ImportImageContainer (0x3d32610)
      RTTI typeinfo:   itk::ImportImageContainer<unsigned long, double>
      Reference Count: 1
      Modified Time: 2325
      Debug: Off
      Object Name: 
      Observers: 
        none
      Pointer: 0x14ecd5516010
      Container manages memory: true
      Size: 9830400
      Capacity: 9830400

     Weighting = 1
     Sampling strategy = regular
     Number of bins = 32
     Radius = 4
     Sampling percentage  = 0.25
   Transform = Rigid
     Gradient step = 0.1
     Update field sigma (voxel space) = 0
     Total field sigma (voxel space) = 0
     Update field time sigma = 0
     Total field time sigma  = 0
     Number of time indices = 0
     Number of time point samples = 0
Registration using 1 total stages.

Stage 0
  iterations = 0
  convergence threshold = 1e-06
  convergence window size = 10
  number of levels = 1
  using the Mattes MI metric (number of bins = 32, weight = 1, use gradient filter = 0)
  preprocessing:  winsorizing the image intensities
  Shrink factors (level 1 out of 1): [1, 1, 1]
  smoothing sigmas per level: [0]
  regular sampling (percentage = 0.25)

*** Running Euler3DTransform registration ***

  Elapsed time (stage 0): 1.1091


Total elapsed time: 1.11191
Info [verificarlo]: loaded backend libinterflop_ieee.so
Info [interflop-ieee]: load backend with:
Info [interflop-ieee]: debug = false
Info [interflop-ieee]: debug-binary = false
Info [interflop-ieee]: no-backend-name = false
Info [interflop-ieee]: print-new-line = false
Info [interflop-ieee]: print-subnormal-normalized = false
Info [interflop-ieee]: count-op = false
All_Command_lines_OK
Using double precision for computations.
=============================================================================
The composite transform comprises the following transforms (in order): 
  1. /home/mdugre/scratch/mri-registration-rp/datasets/ds004513/derivatives/mri-registration-rp/0001/antsRegistration-r8-p16/sub-s037/align_Composite.h5[0] (type = Euler3DTransform)
  2. /home/mdugre/scratch/mri-registration-rp/datasets/ds004513/derivatives/mri-registration-rp/0001/antsRegistration-r8-p16/sub-s037/align_Composite.h5[1] (type = Euler3DTransform)
=============================================================================
  number of levels = 4
  fixed image: /templateflow/tpl-MNI152NLin2009cAsym/tpl-MNI152NLin2009cAsym_res-01_desc-brain_T1w.nii.gz
  moving image: /home/mdugre/scratch/mri-registration-rp/datasets/ds004513/derivatives/mri-registration-rp/antsBrainExtraction/sub-s037/BrainExtractionBrain.nii.gz
Dimension = 3
Number of stages = 1
Use histogram matching = false
Winsorize image intensities = true
  Lower quantile = 0.005
  Upper quantile = 0.995


Stage 1 State
   Image metric = MattesMI
     Fixed image = Image (0x3d08530)
  RTTI typeinfo:   itk::Image<double, 3u>
  Reference Count: 2
  Modified Time: 1578
  Debug: Off
  Object Name: 
  Observers: 
    none
  Source: (none)
  Source output name: (none)
  Release Data: Off
  Data Released: False
  Global Release Data: Off
  PipelineMTime: 0
  UpdateMTime: 1189
  RealTimeStamp: 0 seconds 
  LargestPossibleRegion: 
    Dimension: 3
    Index: [0, 0, 0]
    Size: [193, 229, 193]
  BufferedRegion: 
    Dimension: 3
    Index: [0, 0, 0]
    Size: [193, 229, 193]
  RequestedRegion: 
    Dimension: 3
    Index: [0, 0, 0]
    Size: [193, 229, 193]
  Spacing: [1, 1, 1]
  Origin: [96, 132, -78]
  Direction: 
-1 0 0
0 -1 0
0 0 1

  IndexToPointMatrix: 
-1 0 0
0 -1 0
0 0 1

  PointToIndexMatrix: 
-1 0 0
0 -1 0
0 0 1

  Inverse Direction: 
-1 0 0
0 -1 0
0 0 1

  PixelContainer: 
    ImportImageContainer (0x3dc6d60)
      RTTI typeinfo:   itk::ImportImageContainer<unsigned long, double>
      Reference Count: 1
      Modified Time: 1186
      Debug: Off
      Object Name: 
      Observers: 
        none
      Pointer: 0x15267f32e010
      Container manages memory: true
      Size: 8530021
      Capacity: 8530021

     Moving image = Image (0x3db8f60)
  RTTI typeinfo:   itk::Image<double, 3u>
  Reference Count: 2
  Modified Time: 1579
  Debug: Off
  Object Name: 
  Observers: 
    none
  Source: (none)
  Source output name: (none)
  Release Data: Off
  Data Released: False
  Global Release Data: Off
  PipelineMTime: 0
  UpdateMTime: 1576
  RealTimeStamp: 0 seconds 
  LargestPossibleRegion: 
    Dimension: 3
    Index: [0, 0, 0]
    Size: [160, 240, 256]
  BufferedRegion: 
    Dimension: 3
    Index: [0, 0, 0]
    Size: [160, 240, 256]
  RequestedRegion: 
    Dimension: 3
    Index: [0, 0, 0]
    Size: [160, 240, 256]
  Spacing: [1, 1, 1]
  Origin: [87.9508, 102.562, -147.639]
  Direction: 
-0.998659 -0.0436121 -0.0279129
0.043595 -0.999049 0.00121847
-0.0279395 -2.65543e-08 0.99961

  IndexToPointMatrix: 
-0.998659 -0.0436121 -0.0279129
0.043595 -0.999049 0.00121847
-0.0279395 -2.65543e-08 0.99961

  PointToIndexMatrix: 
-0.998659 0.043595 -0.0279395
-0.0436121 -0.999049 -2.65517e-08
-0.0279129 0.00121847 0.99961

  Inverse Direction: 
-0.998659 0.043595 -0.0279395
-0.0436121 -0.999049 -2.65517e-08
-0.0279129 0.00121847 0.99961

  PixelContainer: 
    ImportImageContainer (0x3daa6d0)
      RTTI typeinfo:   itk::ImportImageContainer<unsigned long, double>
      Reference Count: 1
      Modified Time: 1573
      Debug: Off
      Object Name: 
      Observers: 
        none
      Pointer: 0x15267a82d010
      Container manages memory: true
      Size: 9830400
      Capacity: 9830400

     Weighting = 1
     Sampling strategy = regular
     Number of bins = 32
     Radius = 4
     Sampling percentage  = 0.25
   Transform = Rigid
     Gradient step = 0.1
     Update field sigma (voxel space) = 0
     Total field sigma (voxel space) = 0
     Update field time sigma = 0
     Total field time sigma  = 0
     Number of time indices = 0
     Number of time point samples = 0
Registration using 1 total stages.

Stage 0
  iterations = 1000x500x250x100
  convergence threshold = 1e-06
  convergence window size = 10
  number of levels = 4
  using the Mattes MI metric (number of bins = 32, weight = 1, use gradient filter = 0)
  preprocessing:  winsorizing the image intensities
  Shrink factors (level 1 out of 4): [8, 8, 8]
  Shrink factors (level 2 out of 4): [4, 4, 4]
  Shrink factors (level 3 out of 4): [2, 2, 2]
  Shrink factors (level 4 out of 4): [1, 1, 1]
  smoothing sigmas per level: [3, 2, 1, 0]
  regular sampling (percentage = 0.25)

*** Running Euler3DTransform registration ***

DIAGNOSTIC,Iteration,metricValue,convergenceValue,ITERATION_TIME_INDEX,SINCE_LAST
 2DIAGNOSTIC,     1, -4.299060189477e-01, 1.797693134862e+308, 7.7192e-01, 7.7192e-01, 
 2DIAGNOSTIC,     2, -4.311703807429e-01, 1.797693134862e+308, 7.7764e-01, 5.7130e-03, 
 2DIAGNOSTIC,     3, -4.334997061176e-01, 1.797693134862e+308, 7.8212e-01, 4.4820e-03, 
 2DIAGNOSTIC,     4, -4.389575130370e-01, 1.797693134862e+308, 7.8656e-01, 4.4420e-03, 
 2DIAGNOSTIC,     5, -4.438813134482e-01, 1.797693134862e+308, 7.9103e-01, 4.4711e-03, 
 2DIAGNOSTIC,     6, -4.461495460377e-01, 1.797693134862e+308, 7.9536e-01, 4.3252e-03, 
 2DIAGNOSTIC,     7, -4.511407144429e-01, 1.797693134862e+308, 8.0040e-01, 5.0449e-03, 
 2DIAGNOSTIC,     8, -4.667812032718e-01, 1.797693134862e+308, 8.0545e-01, 5.0490e-03, 
 2DIAGNOSTIC,     9, -4.753090114372e-01, 1.797693134862e+308, 8.1024e-01, 4.7920e-03, 
 2DIAGNOSTIC,    10, -4.802481719655e-01, 7.481707542057e-03, 8.1528e-01, 5.0390e-03, 
 2DIAGNOSTIC,    11, -4.821261368877e-01, 7.356704266140e-03, 8.1973e-01, 4.4520e-03, 
 2DIAGNOSTIC,    12, -4.837491005316e-01, 6.749992380105e-03, 8.2497e-01, 5.2419e-03, 
 2DIAGNOSTIC,    13, -5.028244927611e-01, 6.622215038745e-03, 8.3228e-01, 7.3080e-03, 
 2DIAGNOSTIC,    14, -5.042109134421e-01, 6.183615245764e-03, 8.3664e-01, 4.3581e-03, 
 2DIAGNOSTIC,    15, -5.066116081859e-01, 5.558135432404e-03, 8.4095e-01, 4.3082e-03, 
 2DIAGNOSTIC,    16, -5.083451635862e-01, 4.676295421390e-03, 8.4529e-01, 4.3449e-03, 
 2DIAGNOSTIC,    17, -5.184993492745e-01, 3.998770500927e-03, 8.5228e-01, 6.9849e-03, 
 2DIAGNOSTIC,    18, -5.256348855909e-01, 3.769024583827e-03, 8.5677e-01, 4.4959e-03, 
 2DIAGNOSTIC,    19, -5.260487277095e-01, 3.491513203582e-03, 8.6195e-01, 5.1711e-03, 
 2DIAGNOSTIC,    20, -5.292109531586e-01, 3.174906813953e-03, 8.6684e-01, 4.8940e-03, 
 2DIAGNOSTIC,    21, -5.301818281388e-01, 2.681600073726e-03, 8.7119e-01, 4.3471e-03, 
 2DIAGNOSTIC,    22, -5.312241425608e-01, 2.041188997830e-03, 8.7605e-01, 4.8659e-03, 
 2DIAGNOSTIC,    23, -5.321371412679e-01, 1.776979501858e-03, 8.8148e-01, 5.4262e-03, 
 2DIAGNOSTIC,    24, -5.330747235019e-01, 1.429098282174e-03, 8.8581e-01, 4.3352e-03, 
 2DIAGNOSTIC,    25, -5.340979446257e-01, 1.060387655118e-03, 8.9068e-01, 4.8699e-03, 
 2DIAGNOSTIC,    26, -5.353301849609e-01, 6.839349241844e-04, 8.9657e-01, 5.8851e-03, 
 2DIAGNOSTIC,    27, -5.359877905180e-01, 5.005582787650e-04, 9.0078e-01, 4.2140e-03, 
 2DIAGNOSTIC,    28, -5.363338944237e-01, 4.385714166858e-04, 9.0510e-01, 4.3218e-03, 
 2DIAGNOSTIC,    29, -5.373050877941e-01, 3.660300114284e-04, 9.0953e-01, 4.4291e-03, 
 2DIAGNOSTIC,    30, -5.398201295780e-01, 3.715999484520e-04, 9.1481e-01, 5.2731e-03, 
 2DIAGNOSTIC,    31, -5.446420269637e-01, 4.465256189650e-04, 9.2507e-01, 1.0260e-02, 
 2DIAGNOSTIC,    32, -5.446643902772e-01, 4.912600900132e-04, 9.2939e-01, 4.3240e-03, 
 2DIAGNOSTIC,    33, -5.447645393666e-01, 5.056415639329e-04, 9.3371e-01, 4.3180e-03, 
 2DIAGNOSTIC,    34, -5.449309814574e-01, 4.904056362419e-04, 9.3797e-01, 4.2572e-03, 
 2DIAGNOSTIC,    35, -5.452044596576e-01, 4.491505880015e-04, 9.4233e-01, 4.3600e-03, 
 2DIAGNOSTIC,    36, -5.456974345387e-01, 3.933077752558e-04, 9.4666e-01, 4.3330e-03, 
 2DIAGNOSTIC,    37, -5.462998690277e-01, 3.227886560186e-04, 9.5087e-01, 4.2131e-03, 
 2DIAGNOSTIC,    38, -5.470544250097e-01, 2.429355468958e-04, 9.5512e-01, 4.2479e-03, 
 2DIAGNOSTIC,    39, -5.483332383444e-01, 1.763378379761e-04, 9.5991e-01, 4.7858e-03, 
 2DIAGNOSTIC,    40, -5.485726231721e-01, 1.327666931559e-04, 9.6418e-01, 4.2760e-03, 
 2DIAGNOSTIC,    41, -5.488485012759e-01, 1.482765058504e-04, 9.6896e-01, 4.7760e-03, 
 2DIAGNOSTIC,    42, -5.491456156584e-01, 1.532240339230e-04, 9.7346e-01, 4.5030e-03, 
 2DIAGNOSTIC,    43, -5.502464810247e-01, 1.586819256182e-04, 9.7877e-01, 5.3122e-03, 
 2DIAGNOSTIC,    44, -5.634828733014e-01, 3.167362930087e-04, 9.8499e-01, 6.2160e-03, 
 2DIAGNOSTIC,    45, -5.666071345981e-01, 4.740923927236e-04, 9.9008e-01, 5.0960e-03, 
 2DIAGNOSTIC,    46, -5.687466344721e-01, 6.113344699681e-04, 9.9495e-01, 4.8699e-03, 
 2DIAGNOSTIC,    47, -5.690830712861e-01, 6.968968268159e-04, 9.9924e-01, 4.2892e-03, 
 2DIAGNOSTIC,    48, -5.696230885033e-01, 7.264194960009e-04, 1.0035e+00, 4.2901e-03, 
 2DIAGNOSTIC,    49, -5.705373537308e-01, 7.073012179750e-04, 1.0083e+00, 4.7169e-03, 
 2DIAGNOSTIC,    50, -5.708767371901e-01, 6.265229172831e-04, 1.0131e+00, 4.8418e-03, 
 2DIAGNOSTIC,    51, -5.710210351354e-01, 4.957430444039e-04, 1.0174e+00, 4.2820e-03, 
 2DIAGNOSTIC,    52, -5.728404392050e-01, 3.470443807809e-04, 1.0225e+00, 5.1382e-03, 
 2DIAGNOSTIC,    53, -5.747066110810e-01, 1.979519697095e-04, 1.0275e+00, 5.0139e-03, 
 2DIAGNOSTIC,    54, -5.770035413103e-01, 1.908641371177e-04, 1.0333e+00, 5.7800e-03, 
 2DIAGNOSTIC,    55, -5.796613773061e-01, 2.219802513019e-04, 1.0383e+00, 4.9660e-03, 
 2DIAGNOSTIC,    56, -5.818642425822e-01, 2.723399502136e-04, 1.0432e+00, 4.9210e-03, 
 2DIAGNOSTIC,    57, -5.825020683977e-01, 3.036018027528e-04, 1.0482e+00, 4.9601e-03, 
 2DIAGNOSTIC,    58, -5.826604582615e-01, 3.109380662359e-04, 1.0535e+00, 5.3940e-03, 
 2DIAGNOSTIC,    59, -5.827360434578e-01, 2.972665908030e-04, 1.0589e+00, 5.3620e-03, 
 2DIAGNOSTIC,    60, -5.826465772851e-01, 2.578124802492e-04, 1.0638e+00, 4.8802e-03, 
 2DIAGNOSTIC,    61, -5.828275856119e-01, 1.976096963449e-04, 1.0686e+00, 4.8590e-03, 
 2DIAGNOSTIC,    62, -5.828129330360e-01, 1.360986160300e-04, 1.0730e+00, 4.3609e-03, 
 2DIAGNOSTIC,    63, -5.829318097188e-01, 8.049316870738e-05, 1.0773e+00, 4.2961e-03, 
 2DIAGNOSTIC,    64, -5.829730121473e-01, 3.822274384779e-05, 1.0822e+00, 4.8511e-03, 
 2DIAGNOSTIC,    65, -5.829155609937e-01, 1.460623814510e-05, 1.0865e+00, 4.3120e-03, 
 2DIAGNOSTIC,    66, -5.831056003551e-01, 9.569996733065e-06, 1.0919e+00, 5.3818e-03, 
 2DIAGNOSTIC,    67, -5.833398478990e-01, 1.064320479916e-05, 1.0962e+00, 4.3471e-03, 
 2DIAGNOSTIC,    68, -5.834089828638e-01, 1.242015661366e-05, 1.1006e+00, 4.3991e-03, 
 2DIAGNOSTIC,    69, -5.840419249696e-01, 1.848632180271e-05, 1.1050e+00, 4.3831e-03, 
 2DIAGNOSTIC,    70, -5.850771565366e-01, 2.964619267972e-05, 1.1105e+00, 5.4941e-03, 
 2DIAGNOSTIC,    71, -5.855284943944e-01, 4.219263449865e-05, 1.1154e+00, 4.9469e-03, 
 2DIAGNOSTIC,    72, -5.870476135932e-01, 6.136535371100e-05, 1.1198e+00, 4.3528e-03, 
 2DIAGNOSTIC,    73, -5.880149473660e-01, 8.175782608652e-05, 1.1248e+00, 4.9829e-03, 
 2DIAGNOSTIC,    74, -5.891718119490e-01, 1.021641490919e-04, 1.1314e+00, 6.5989e-03, 
 2DIAGNOSTIC,    75, -5.894972275406e-01, 1.139126704319e-04, 1.1357e+00, 4.3662e-03, 
 2DIAGNOSTIC,    76, -5.904149718392e-01, 1.220838453175e-04, 1.1401e+00, 4.3859e-03, 
 2DIAGNOSTIC,    77, -5.908967387321e-01, 1.230858008000e-04, 1.1450e+00, 4.9150e-03, 
 2DIAGNOSTIC,    78, -5.910389645096e-01, 1.135011036820e-04, 1.1520e+00, 7.0069e-03, 
 2DIAGNOSTIC,    79, -5.910560027466e-01, 9.752834605871e-05, 1.1569e+00, 4.8659e-03, 
 2DIAGNOSTIC,    80, -5.910078080389e-01, 7.917612780725e-05, 1.1613e+00, 4.4301e-03, 
 2DIAGNOSTIC,    81, -5.910551369351e-01, 5.675023600924e-05, 1.1656e+00, 4.2648e-03, 
 2DIAGNOSTIC,    82, -5.910071251648e-01, 3.868992104220e-05, 1.1699e+00, 4.3499e-03, 
 2DIAGNOSTIC,    83, -5.910304362138e-01, 2.351169021147e-05, 1.1742e+00, 4.2820e-03, 
 2DIAGNOSTIC,    84, -5.910560302610e-01, 1.386909975018e-05, 1.1785e+00, 4.2291e-03, 
 2DIAGNOSTIC,    85, -5.910888412677e-01, 5.246723761888e-06, 1.1827e+00, 4.2880e-03, 
 2DIAGNOSTIC,    86, -5.911130125059e-01, 1.983957306811e-06, 1.1876e+00, 4.8120e-03, 
 2DIAGNOSTIC,    87, -5.911970880991e-01, 1.998813734862e-06, 1.1938e+00, 6.2878e-03, 
 2DIAGNOSTIC,    88, -5.911266184543e-01, 2.268028410204e-06, 1.1981e+00, 4.3020e-03, 
 2DIAGNOSTIC,    89, -5.911295461965e-01, 2.488345561201e-06, 1.2029e+00, 4.7410e-03, 
 2DIAGNOSTIC,    90, -5.911305984845e-01, 2.218434714405e-06, 1.2077e+00, 4.8132e-03, 
 2DIAGNOSTIC,    91, -5.912168498470e-01, 2.536466189718e-06, 1.2140e+00, 6.2590e-03, 
 2DIAGNOSTIC,    92, -5.912179088223e-01, 2.355099210066e-06, 1.2187e+00, 4.7879e-03, 
 2DIAGNOSTIC,    93, -5.912210663162e-01, 2.143788313666e-06, 1.2230e+00, 4.2899e-03, 
 2DIAGNOSTIC,    94, -5.911369288271e-01, 1.456773059695e-06, 1.2278e+00, 4.7419e-03, 
DIAGNOSTIC,Iteration,metricValue,convergenceValue,ITERATION_TIME_INDEX,SINCE_LAST
 2DIAGNOSTIC,     1, -4.773953146469e-01, 1.797693134862e+308, 1.9680e+00, 7.4027e-01, 
 2DIAGNOSTIC,     2, -4.781492334157e-01, 1.797693134862e+308, 1.9988e+00, 3.0723e-02, 
 2DIAGNOSTIC,     3, -4.792854505992e-01, 1.797693134862e+308, 2.0334e+00, 3.4609e-02, 
 2DIAGNOSTIC,     4, -4.816413642280e-01, 1.797693134862e+308, 2.0612e+00, 2.7820e-02, 
 2DIAGNOSTIC,     5, -4.839351945260e-01, 1.797693134862e+308, 2.0919e+00, 3.0698e-02, 
 2DIAGNOSTIC,     6, -4.851740685875e-01, 1.797693134862e+308, 2.1196e+00, 2.7746e-02, 
 2DIAGNOSTIC,     7, -4.855573892005e-01, 1.797693134862e+308, 2.1514e+00, 3.1763e-02, 
 2DIAGNOSTIC,     8, -4.870610686535e-01, 1.797693134862e+308, 2.1943e+00, 4.2872e-02, 
 2DIAGNOSTIC,     9, -4.873757098422e-01, 1.797693134862e+308, 2.2213e+00, 2.7051e-02, 
 2DIAGNOSTIC,    10, -4.882454051419e-01, 1.555568812125e-03, 2.2501e+00, 2.8759e-02, 
 2DIAGNOSTIC,    11, -4.889089126105e-01, 1.291643371669e-03, 2.2782e+00, 2.8116e-02, 
 2DIAGNOSTIC,    12, -4.892924318298e-01, 1.012868075769e-03, 2.3211e+00, 4.2922e-02, 
 2DIAGNOSTIC,    13, -4.893386678547e-01, 7.379279694724e-04, 2.3485e+00, 2.7352e-02, 
 2DIAGNOSTIC,    14, -4.894364776699e-01, 5.366728500851e-04, 2.3844e+00, 3.5939e-02, 
 2DIAGNOSTIC,    15, -4.895143649959e-01, 4.054964407197e-04, 2.4190e+00, 3.4609e-02, 
 2DIAGNOSTIC,    16, -4.895527848553e-01, 3.004564207064e-04, 2.4484e+00, 2.9355e-02, 
 2DIAGNOSTIC,    17, -4.895721609806e-01, 1.931315386533e-04, 2.4781e+00, 2.9710e-02, 
 2DIAGNOSTIC,    18, -4.896664277467e-01, 1.324186486619e-04, 2.5070e+00, 2.8922e-02, 
 2DIAGNOSTIC,    19, -4.898651413173e-01, 8.138016434536e-05, 2.5367e+00, 2.9687e-02, 
 2DIAGNOSTIC,    20, -4.903004995592e-01, 6.562424426243e-05, 2.5805e+00, 4.3823e-02, 
 2DIAGNOSTIC,    21, -4.903476581985e-01, 6.467064859463e-05, 2.6203e+00, 3.9778e-02, 
 2DIAGNOSTIC,    22, -4.903470457919e-01, 6.826901856988e-05, 2.6598e+00, 3.9545e-02, 
 2DIAGNOSTIC,    23, -4.903457913410e-01, 6.654681605825e-05, 2.7019e+00, 4.2105e-02, 
 2DIAGNOSTIC,    24, -4.903398331218e-01, 6.095039578438e-05, 2.7357e+00, 3.3788e-02, 
 2DIAGNOSTIC,    25, -4.903259503334e-01, 5.152747562449e-05, 2.7653e+00, 2.9615e-02, 
 2DIAGNOSTIC,    26, -4.903285993697e-01, 3.906827531142e-05, 2.7965e+00, 3.1195e-02, 
 2DIAGNOSTIC,    27, -4.903333943331e-01, 2.463199338312e-05, 2.8303e+00, 3.3735e-02, 
 2DIAGNOSTIC,    28, -4.903249779895e-01, 1.080960686980e-05, 2.8646e+00, 3.4292e-02, 
DIAGNOSTIC,Iteration,metricValue,convergenceValue,ITERATION_TIME_INDEX,SINCE_LAST
 2DIAGNOSTIC,     1, -4.336332636285e-01, 1.797693134862e+308, 3.9443e+00, 1.0797e+00, 
 2DIAGNOSTIC,     2, -4.338670776223e-01, 1.797693134862e+308, 4.1707e+00, 2.2640e-01, 
 2DIAGNOSTIC,     3, -4.340055150908e-01, 1.797693134862e+308, 4.4159e+00, 2.4520e-01, 
 2DIAGNOSTIC,     4, -4.340568947208e-01, 1.797693134862e+308, 4.6666e+00, 2.5068e-01, 
 2DIAGNOSTIC,     5, -4.341128141383e-01, 1.797693134862e+308, 4.9062e+00, 2.3960e-01, 
 2DIAGNOSTIC,     6, -4.342351814055e-01, 1.797693134862e+308, 5.1576e+00, 2.5148e-01, 
 2DIAGNOSTIC,     7, -4.343583888694e-01, 1.797693134862e+308, 5.4331e+00, 2.7548e-01, 
 2DIAGNOSTIC,     8, -4.344721619839e-01, 1.797693134862e+308, 5.7829e+00, 3.4980e-01, 
 2DIAGNOSTIC,     9, -4.344841748682e-01, 1.797693134862e+308, 6.0157e+00, 2.3281e-01, 
 2DIAGNOSTIC,    10, -4.345410670979e-01, 1.298789735976e-04, 6.3015e+00, 2.8574e-01, 
 2DIAGNOSTIC,    11, -4.346170009481e-01, 1.043981728814e-04, 6.5194e+00, 2.1794e-01, 
 2DIAGNOSTIC,    12, -4.346355829410e-01, 8.746744121807e-05, 6.7449e+00, 2.2548e-01, 
 2DIAGNOSTIC,    13, -4.346569067812e-01, 7.353240598949e-05, 7.0247e+00, 2.7984e-01, 
 2DIAGNOSTIC,    14, -4.347100109097e-01, 6.010513878006e-05, 7.3421e+00, 3.1741e-01, 
 2DIAGNOSTIC,    15, -4.347166534607e-01, 4.581400497441e-05, 7.5742e+00, 2.3211e-01, 
 2DIAGNOSTIC,    16, -4.347294538507e-01, 3.472010927420e-05, 7.8168e+00, 2.4258e-01, 
 2DIAGNOSTIC,    17, -4.347704336705e-01, 2.815008641428e-05, 8.2944e+00, 4.7762e-01, 
 2DIAGNOSTIC,    18, -4.347717326653e-01, 2.406726369244e-05, 8.5955e+00, 3.0103e-01, 
 2DIAGNOSTIC,    19, -4.347719018981e-01, 1.874197193957e-05, 8.8669e+00, 2.7138e-01, 
 2DIAGNOSTIC,    20, -4.347712345557e-01, 1.416076787025e-05, 9.1001e+00, 2.3320e-01, 
 2DIAGNOSTIC,    21, -4.347698400958e-01, 1.117468177061e-05, 9.3171e+00, 2.1708e-01, 
 2DIAGNOSTIC,    22, -4.347692642567e-01, 8.076809072721e-06, 9.5713e+00, 2.5416e-01, 
 2DIAGNOSTIC,    23, -4.347686767610e-01, 5.177503873563e-06, 9.8212e+00, 2.4993e-01, 
 2DIAGNOSTIC,    24, -4.347672994159e-01, 3.590891513715e-06, 1.0093e+01, 2.7139e-01, 
 2DIAGNOSTIC,    25, -4.347658648391e-01, 2.059785964070e-06, 1.0342e+01, 2.4986e-01, 
DIAGNOSTIC,Iteration,metricValue,convergenceValue,ITERATION_TIME_INDEX,SINCE_LAST
 2DIAGNOSTIC,     1, -4.012330035350e-01, 1.797693134862e+308, 1.2902e+01, 2.5591e+00, 
 2DIAGNOSTIC,     2, -4.013887761368e-01, 1.797693134862e+308, 1.4309e+01, 1.4070e+00, 
 2DIAGNOSTIC,     3, -4.015251004690e-01, 1.797693134862e+308, 1.5973e+01, 1.6644e+00, 
 2DIAGNOSTIC,     4, -4.015972062649e-01, 1.797693134862e+308, 1.7290e+01, 1.3166e+00, 
 2DIAGNOSTIC,     5, -4.016297464745e-01, 1.797693134862e+308, 1.8595e+01, 1.3049e+00, 
 2DIAGNOSTIC,     6, -4.016891978731e-01, 1.797693134862e+308, 2.0578e+01, 1.9834e+00, 
 2DIAGNOSTIC,     7, -4.016903369600e-01, 1.797693134862e+308, 2.2465e+01, 1.8867e+00, 
 2DIAGNOSTIC,     8, -4.016911714915e-01, 1.797693134862e+308, 2.4403e+01, 1.9385e+00, 
 2DIAGNOSTIC,     9, -4.016910052296e-01, 1.797693134862e+308, 2.6530e+01, 2.1265e+00, 
 2DIAGNOSTIC,    10, -4.016909200805e-01, 6.629937612779e-05, 2.8564e+01, 2.0339e+00, 
 2DIAGNOSTIC,    11, -4.016908237407e-01, 3.773883318364e-05, 3.0300e+01, 1.7367e+00, 
 2DIAGNOSTIC,    12, -4.016907239777e-01, 1.983322154019e-05, 3.2103e+01, 1.8023e+00, 
 2DIAGNOSTIC,    13, -4.016905705638e-01, 1.050492547330e-05, 3.3584e+01, 1.4813e+00, 
 2DIAGNOSTIC,    14, -4.016904098095e-01, 5.404418494170e-06, 3.5035e+01, 1.4509e+00, 
 2DIAGNOSTIC,    15, -4.016902585804e-01, 2.147232074187e-06, 3.6545e+01, 1.5103e+00, 
 2DIAGNOSTIC,    16, -4.016900122588e-01, 1.912386220465e-06, 3.8075e+01, 1.5303e+00, 
 2DIAGNOSTIC,    17, -4.016900367869e-01, 1.759693249705e-06, 3.9614e+01, 1.5387e+00, 
 2DIAGNOSTIC,    18, -4.016901658174e-01, 1.672159446839e-06, 4.0995e+01, 1.3813e+00, 
 2DIAGNOSTIC,    19, -4.016904113574e-01, 1.605481053324e-06, 4.2495e+01, 1.4994e+00, 
 2DIAGNOSTIC,    20, -4.016904559906e-01, 1.550377756288e-06, 4.3785e+01, 1.2899e+00, 
 2DIAGNOSTIC,    21, -4.016904427011e-01, 1.500815364028e-06, 4.5294e+01, 1.5091e+00, 
 2DIAGNOSTIC,    22, -4.016905939135e-01, 1.458892628661e-06, 4.6812e+01, 1.5186e+00, 
 2DIAGNOSTIC,    23, -4.016905249516e-01, 1.412323994879e-06, 4.8414e+01, 1.6018e+00, 
 2DIAGNOSTIC,    24, -4.016899485669e-01, 1.345189861383e-06, 5.0496e+01, 2.0819e+00, 
 2DIAGNOSTIC,    25, -4.016898902251e-01, 1.276386800655e-06, 5.2119e+01, 1.6230e+00, 
 2DIAGNOSTIC,    26, -4.016896575071e-01, 1.199421323060e-06, 5.3500e+01, 1.3809e+00, 
 2DIAGNOSTIC,    27, -4.016895312520e-01, 1.127618330557e-06, 5.4964e+01, 1.4645e+00, 
 2DIAGNOSTIC,    28, -4.016893121606e-01, 1.063341981501e-06, 5.6583e+01, 1.6189e+00, 
 2DIAGNOSTIC,    29, -4.016892491494e-01, 1.015128317156e-06, 5.7893e+01, 1.3096e+00, 
  Elapsed time (stage 0): 5.8731e+01


Total elapsed time: 5.8734e+01
Info [verificarlo]: loaded backend libinterflop_ieee.so
Info [interflop-ieee]: load backend with:
Info [interflop-ieee]: debug = false
Info [interflop-ieee]: debug-binary = false
Info [interflop-ieee]: no-backend-name = false
Info [interflop-ieee]: print-new-line = false
Info [interflop-ieee]: print-subnormal-normalized = false
Info [interflop-ieee]: count-op = false
All_Command_lines_OK
Using double precision for computations.
=============================================================================
The composite transform comprises the following transforms (in order): 
  1. /home/mdugre/scratch/mri-registration-rp/datasets/ds004513/derivatives/mri-registration-rp/0001/antsRegistration-r8-p16/sub-s037/rigid_Composite.h5[0] (type = Euler3DTransform)
  2. /home/mdugre/scratch/mri-registration-rp/datasets/ds004513/derivatives/mri-registration-rp/0001/antsRegistration-r8-p16/sub-s037/rigid_Composite.h5[1] (type = Euler3DTransform)
  3. /home/mdugre/scratch/mri-registration-rp/datasets/ds004513/derivatives/mri-registration-rp/0001/antsRegistration-r8-p16/sub-s037/rigid_Composite.h5[2] (type = Euler3DTransform)
=============================================================================
  number of levels = 4
  fixed image: /templateflow/tpl-MNI152NLin2009cAsym/tpl-MNI152NLin2009cAsym_res-01_desc-brain_T1w.nii.gz
  moving image: /home/mdugre/scratch/mri-registration-rp/datasets/ds004513/derivatives/mri-registration-rp/antsBrainExtraction/sub-s037/BrainExtractionBrain.nii.gz
Dimension = 3
Number of stages = 1
Use histogram matching = false
Winsorize image intensities = true
  Lower quantile = 0.005
  Upper quantile = 0.995


Stage 1 State
   Image metric = MattesMI
     Fixed image = Image (0x3d3f7e0)
  RTTI typeinfo:   itk::Image<double, 3u>
  Reference Count: 2
  Modified Time: 1592
  Debug: Off
  Object Name: 
  Observers: 
    none
  Source: (none)
  Source output name: (none)
  Release Data: Off
  Data Released: False
  Global Release Data: Off
  PipelineMTime: 0
  UpdateMTime: 1203
  RealTimeStamp: 0 seconds 
  LargestPossibleRegion: 
    Dimension: 3
    Index: [0, 0, 0]
    Size: [193, 229, 193]
  BufferedRegion: 
    Dimension: 3
    Index: [0, 0, 0]
    Size: [193, 229, 193]
  RequestedRegion: 
    Dimension: 3
    Index: [0, 0, 0]
    Size: [193, 229, 193]
  Spacing: [1, 1, 1]
  Origin: [96, 132, -78]
  Direction: 
-1 0 0
0 -1 0
0 0 1

  IndexToPointMatrix: 
-1 0 0
0 -1 0
0 0 1

  PointToIndexMatrix: 
-1 0 0
0 -1 0
0 0 1

  Inverse Direction: 
-1 0 0
0 -1 0
0 0 1

  PixelContainer: 
    ImportImageContainer (0x3dffa20)
      RTTI typeinfo:   itk::ImportImageContainer<unsigned long, double>
      Reference Count: 1
      Modified Time: 1200
      Debug: Off
      Object Name: 
      Observers: 
        none
      Pointer: 0x150311072010
      Container manages memory: true
      Size: 8530021
      Capacity: 8530021

     Moving image = Image (0x3dfad70)
  RTTI typeinfo:   itk::Image<double, 3u>
  Reference Count: 2
  Modified Time: 1593
  Debug: Off
  Object Name: 
  Observers: 
    none
  Source: (none)
  Source output name: (none)
  Release Data: Off
  Data Released: False
  Global Release Data: Off
  PipelineMTime: 0
  UpdateMTime: 1590
  RealTimeStamp: 0 seconds 
  LargestPossibleRegion: 
    Dimension: 3
    Index: [0, 0, 0]
    Size: [160, 240, 256]
  BufferedRegion: 
    Dimension: 3
    Index: [0, 0, 0]
    Size: [160, 240, 256]
  RequestedRegion: 
    Dimension: 3
    Index: [0, 0, 0]
    Size: [160, 240, 256]
  Spacing: [1, 1, 1]
  Origin: [87.9508, 102.562, -147.639]
  Direction: 
-0.998659 -0.0436121 -0.0279129
0.043595 -0.999049 0.00121847
-0.0279395 -2.65543e-08 0.99961

  IndexToPointMatrix: 
-0.998659 -0.0436121 -0.0279129
0.043595 -0.999049 0.00121847
-0.0279395 -2.65543e-08 0.99961

  PointToIndexMatrix: 
-0.998659 0.043595 -0.0279395
-0.0436121 -0.999049 -2.65517e-08
-0.0279129 0.00121847 0.99961

  Inverse Direction: 
-0.998659 0.043595 -0.0279395
-0.0436121 -0.999049 -2.65517e-08
-0.0279129 0.00121847 0.99961

  PixelContainer: 
    ImportImageContainer (0x3db2c90)
      RTTI typeinfo:   itk::ImportImageContainer<unsigned long, double>
      Reference Count: 1
      Modified Time: 1587
      Debug: Off
      Object Name: 
      Observers: 
        none
      Pointer: 0x15030c571010
      Container manages memory: true
      Size: 9830400
      Capacity: 9830400

     Weighting = 1
     Sampling strategy = regular
     Number of bins = 32
     Radius = 4
     Sampling percentage  = 0.25
   Transform = Affine
     Gradient step = 0.1
     Update field sigma (voxel space) = 0
     Total field sigma (voxel space) = 0
     Update field time sigma = 0
     Total field time sigma  = 0
     Number of time indices = 0
     Number of time point samples = 0
Registration using 1 total stages.

Stage 0
  iterations = 1000x500x250x100
  convergence threshold = 1e-06
  convergence window size = 10
  number of levels = 4
  using the Mattes MI metric (number of bins = 32, weight = 1, use gradient filter = 0)
  preprocessing:  winsorizing the image intensities
  Shrink factors (level 1 out of 4): [8, 8, 8]
  Shrink factors (level 2 out of 4): [4, 4, 4]
  Shrink factors (level 3 out of 4): [2, 2, 2]
  Shrink factors (level 4 out of 4): [1, 1, 1]
  smoothing sigmas per level: [3, 2, 1, 0]
  regular sampling (percentage = 0.25)

*** Running AffineTransform registration ***

DIAGNOSTIC,Iteration,metricValue,convergenceValue,ITERATION_TIME_INDEX,SINCE_LAST
 2DIAGNOSTIC,     1, -5.844743745287e-01, 1.797693134862e+308, 7.1644e-01, 7.1644e-01, 
 2DIAGNOSTIC,     2, -5.862547397488e-01, 1.797693134862e+308, 7.2158e-01, 5.1389e-03, 
 2DIAGNOSTIC,     3, -5.892183160960e-01, 1.797693134862e+308, 7.2692e-01, 5.3470e-03, 
 2DIAGNOSTIC,     4, -5.934341143881e-01, 1.797693134862e+308, 7.3187e-01, 4.9429e-03, 
 2DIAGNOSTIC,     5, -5.995527786806e-01, 1.797693134862e+308, 7.3676e-01, 4.8938e-03, 
 2DIAGNOSTIC,     6, -6.088048232717e-01, 1.797693134862e+308, 7.4162e-01, 4.8599e-03, 
 2DIAGNOSTIC,     7, -6.191518273107e-01, 1.797693134862e+308, 7.4656e-01, 4.9381e-03, 
 2DIAGNOSTIC,     8, -6.602526287104e-01, 1.797693134862e+308, 7.5225e-01, 5.6939e-03, 
 2DIAGNOSTIC,     9, -6.803785143524e-01, 1.797693134862e+308, 7.5808e-01, 5.8291e-03, 
 2DIAGNOSTIC,    10, -7.039889783439e-01, 1.210801214692e-02, 7.6430e-01, 6.2160e-03, 
 2DIAGNOSTIC,    11, -7.166752691735e-01, 1.317620310633e-02, 7.7093e-01, 6.6290e-03, 
 2DIAGNOSTIC,    12, -7.182476821875e-01, 1.299646571268e-02, 7.7643e-01, 5.5039e-03, 
 2DIAGNOSTIC,    13, -7.198334059085e-01, 1.183043222474e-02, 7.8588e-01, 9.4490e-03, 
 2DIAGNOSTIC,    14, -7.197296894642e-01, 9.902694799870e-03, 7.9104e-01, 5.1610e-03, 
 2DIAGNOSTIC,    15, -7.195889276988e-01, 7.534871983534e-03, 7.9718e-01, 6.1369e-03, 
 2DIAGNOSTIC,    16, -7.197469477086e-01, 5.064245551886e-03, 8.0251e-01, 5.3380e-03, 
 2DIAGNOSTIC,    17, -7.198891437471e-01, 2.694607624893e-03, 8.0840e-01, 5.8842e-03, 
 2DIAGNOSTIC,    18, -7.200755554874e-01, 1.338868248331e-03, 8.1437e-01, 5.9690e-03, 
 2DIAGNOSTIC,    19, -7.200384021158e-01, 4.518365048874e-04, 8.2088e-01, 6.5100e-03, 
 2DIAGNOSTIC,    20, -7.199169197190e-01, 1.092223376764e-04, 8.2678e-01, 5.9059e-03, 
 2DIAGNOSTIC,    21, -7.199228076863e-01, 4.615307955545e-05, 8.3274e-01, 5.9559e-03, 
 2DIAGNOSTIC,    22, -7.198848543176e-01, 1.334879165682e-05, 8.3810e-01, 5.3620e-03, 
 2DIAGNOSTIC,    23, -7.198800524180e-01, 1.130650270344e-05, 8.4401e-01, 5.9061e-03, 
 2DIAGNOSTIC,    24, -7.199332514831e-01, 7.790835953196e-06, 8.4933e-01, 5.3201e-03, 
 2DIAGNOSTIC,    25, -7.199133519963e-01, 1.294608506182e-06, 8.5527e-01, 5.9381e-03, 
DIAGNOSTIC,Iteration,metricValue,convergenceValue,ITERATION_TIME_INDEX,SINCE_LAST
 2DIAGNOSTIC,     1, -5.923958023627e-01, 1.797693134862e+308, 1.5764e+00, 7.2115e-01, 
 2DIAGNOSTIC,     2, -5.934503757926e-01, 1.797693134862e+308, 1.6131e+00, 3.6721e-02, 
 2DIAGNOSTIC,     3, -5.948264206181e-01, 1.797693134862e+308, 1.6525e+00, 3.9317e-02, 
 2DIAGNOSTIC,     4, -5.956901360848e-01, 1.797693134862e+308, 1.6905e+00, 3.8090e-02, 
 2DIAGNOSTIC,     5, -5.964585148884e-01, 1.797693134862e+308, 1.7270e+00, 3.6486e-02, 
 2DIAGNOSTIC,     6, -5.971374241297e-01, 1.797693134862e+308, 1.7647e+00, 3.7699e-02, 
 2DIAGNOSTIC,     7, -5.978849231821e-01, 1.797693134862e+308, 1.8025e+00, 3.7743e-02, 
 2DIAGNOSTIC,     8, -5.987634270347e-01, 1.797693134862e+308, 1.8583e+00, 5.5877e-02, 
 2DIAGNOSTIC,     9, -5.991833169394e-01, 1.797693134862e+308, 1.9237e+00, 6.5380e-02, 
 2DIAGNOSTIC,    10, -5.991932192570e-01, 7.515536433546e-04, 1.9607e+00, 3.6955e-02, 
 2DIAGNOSTIC,    11, -5.992235489350e-01, 5.761558142455e-04, 1.9976e+00, 3.6881e-02, 
 2DIAGNOSTIC,    12, -5.992905555160e-01, 4.220684162307e-04, 2.0338e+00, 3.6204e-02, 
 2DIAGNOSTIC,    13, -5.994137311575e-01, 3.078827338270e-04, 2.0704e+00, 3.6581e-02, 
 2DIAGNOSTIC,    14, -5.995131300489e-01, 2.145774620268e-04, 2.1033e+00, 3.2981e-02, 
 2DIAGNOSTIC,    15, -5.996373902272e-01, 1.427402995705e-04, 2.1396e+00, 3.6255e-02, 
 2DIAGNOSTIC,    16, -5.996993063439e-01, 8.888837083870e-05, 2.1793e+00, 3.9752e-02, 
 2DIAGNOSTIC,    17, -5.997780426327e-01, 5.593500960988e-05, 2.2215e+00, 4.2189e-02, 
 2DIAGNOSTIC,    18, -5.998254145574e-01, 4.575492990273e-05, 2.2618e+00, 4.0237e-02, 
 2DIAGNOSTIC,    19, -5.998327042525e-01, 4.324028301460e-05, 2.3099e+00, 4.8097e-02, 
 2DIAGNOSTIC,    20, -5.998116846554e-01, 3.687349998917e-05, 2.3505e+00, 4.0629e-02, 
 2DIAGNOSTIC,    21, -5.997987862900e-01, 2.824221119353e-05, 2.3914e+00, 4.0903e-02, 
 2DIAGNOSTIC,    22, -5.997769846556e-01, 1.884000989010e-05, 2.4293e+00, 3.7928e-02, 
 2DIAGNOSTIC,    23, -5.997396136245e-01, 1.037518125747e-05, 2.4703e+00, 4.0991e-02, 
 2DIAGNOSTIC,    24, -5.997214184491e-01, 3.359143827340e-06, 2.5105e+00, 4.0203e-02, 
DIAGNOSTIC,Iteration,metricValue,convergenceValue,ITERATION_TIME_INDEX,SINCE_LAST
 2DIAGNOSTIC,     1, -5.249679924820e-01, 1.797693134862e+308, 3.6240e+00, 1.1135e+00, 
 2DIAGNOSTIC,     2, -5.253038022502e-01, 1.797693134862e+308, 3.9227e+00, 2.9874e-01, 
 2DIAGNOSTIC,     3, -5.256203386138e-01, 1.797693134862e+308, 4.2031e+00, 2.8034e-01, 
 2DIAGNOSTIC,     4, -5.259030435660e-01, 1.797693134862e+308, 4.4889e+00, 2.8580e-01, 
 2DIAGNOSTIC,     5, -5.262736504996e-01, 1.797693134862e+308, 4.7725e+00, 2.8361e-01, 
 2DIAGNOSTIC,     6, -5.266230329698e-01, 1.797693134862e+308, 5.1040e+00, 3.3153e-01, 
 2DIAGNOSTIC,     7, -5.269818077856e-01, 1.797693134862e+308, 5.5362e+00, 4.3218e-01, 
 2DIAGNOSTIC,     8, -5.270001904399e-01, 1.797693134862e+308, 5.8064e+00, 2.7022e-01, 
 2DIAGNOSTIC,     9, -5.270771040479e-01, 1.797693134862e+308, 6.0687e+00, 2.6228e-01, 
 2DIAGNOSTIC,    10, -5.271644822645e-01, 2.880868119847e-04, 6.3335e+00, 2.6476e-01, 
 2DIAGNOSTIC,    11, -5.272456181131e-01, 2.244425210064e-04, 6.6019e+00, 2.6841e-01, 
 2DIAGNOSTIC,    12, -5.273212005588e-01, 1.697471892558e-04, 6.8637e+00, 2.6185e-01, 
 2DIAGNOSTIC,    13, -5.274125647061e-01, 1.253438291442e-04, 7.2530e+00, 3.8928e-01, 
 2DIAGNOSTIC,    14, -5.274537021737e-01, 8.851496162823e-05, 7.7129e+00, 4.5986e-01, 
 2DIAGNOSTIC,    15, -5.274563151146e-01, 6.193213117249e-05, 8.0511e+00, 3.3819e-01, 
 2DIAGNOSTIC,    16, -5.274611857385e-01, 4.484042664371e-05, 8.3679e+00, 3.1683e-01, 
 2DIAGNOSTIC,    17, -5.274701291484e-01, 3.750332246907e-05, 8.6766e+00, 3.0873e-01, 
 2DIAGNOSTIC,    18, -5.274872304801e-01, 2.869589406612e-05, 8.9725e+00, 2.9593e-01, 
 2DIAGNOSTIC,    19, -5.275127960959e-01, 2.118468809237e-05, 9.2679e+00, 2.9538e-01, 
 2DIAGNOSTIC,    20, -5.275505427991e-01, 1.597353249343e-05, 9.5585e+00, 2.9057e-01, 
 2DIAGNOSTIC,    21, -5.275967084703e-01, 1.316339151216e-05, 9.8482e+00, 2.8972e-01, 
 2DIAGNOSTIC,    22, -5.276583876357e-01, 1.281897297987e-05, 1.0137e+01, 2.8912e-01, 
 2DIAGNOSTIC,    23, -5.277250764163e-01, 1.509800010227e-05, 1.0431e+01, 2.9359e-01, 
 2DIAGNOSTIC,    24, -5.278592663786e-01, 1.982019769620e-05, 1.0821e+01, 3.9047e-01, 
 2DIAGNOSTIC,    25, -5.278626925569e-01, 2.249987710305e-05, 1.1205e+01, 3.8383e-01, 
 2DIAGNOSTIC,    26, -5.278614847208e-01, 2.309059115980e-05, 1.1523e+01, 3.1799e-01, 
 2DIAGNOSTIC,    27, -5.278613962108e-01, 2.177947404294e-05, 1.1827e+01, 3.0382e-01, 
 2DIAGNOSTIC,    28, -5.278610181889e-01, 1.891539757708e-05, 1.2109e+01, 2.8239e-01, 
 2DIAGNOSTIC,    29, -5.278619112669e-01, 1.502388143260e-05, 1.2417e+01, 3.0789e-01, 
 2DIAGNOSTIC,    30, -5.278625510494e-01, 1.076382744250e-05, 1.2690e+01, 2.7288e-01, 
 2DIAGNOSTIC,    31, -5.278634623612e-01, 6.700456895395e-06, 1.2985e+01, 2.9458e-01, 
 2DIAGNOSTIC,    32, -5.278633426981e-01, 3.386886514627e-06, 1.3256e+01, 2.7076e-01, 
 2DIAGNOSTIC,    33, -5.278593002935e-01, 1.008813722482e-06, 1.3562e+01, 3.0659e-01, 
DIAGNOSTIC,Iteration,metricValue,convergenceValue,ITERATION_TIME_INDEX,SINCE_LAST
 2DIAGNOSTIC,     1, -4.828136500944e-01, 1.797693134862e+308, 1.6441e+01, 2.8793e+00, 
