
##########################
# Experiment information #
##########################

EXPERIMENT_NAME: antsRegistration-r8-p7
VFC_BACKENDS: libinterflop_vprec.so --range-binary32=8 --precision-binary32=7 --range-binary64=8 --precision-binary64=7

SIF_IMG: /home/mdugre/projects/rrg-glatard/mdugre/containers/ants-vprec-no_metrics.simg

SUBJECT_ID: s035
INPUT_IMG: /home/mdugre/scratch/mri-registration-rp/datasets/ds004513/derivatives/mri-registration-rp/antsBrainExtraction/sub-s035/BrainExtractionBrain.nii.gz
OUTPUT_DIR: /home/mdugre/scratch/mri-registration-rp/datasets/ds004513/derivatives/mri-registration-rp/0001/antsRegistration-r8-p7/sub-s035

FIXED_IMG: /templateflow/tpl-MNI152NLin2009cAsym/tpl-MNI152NLin2009cAsym_res-01_desc-brain_T1w.nii.gz
DATA_DIR: /home/mdugre/scratch/mri-registration-rp/datasets/ds004513
TEMPLATEFLOW_DIR: /home/mdugre/projects/rrg-glatard/mdugre/templateflow
ITK_GLOBAL_DEFAULT_NUMBER_OF_THREADS: 16
##########################

Info [verificarlo]: loaded backend libinterflop_ieee.so
Info [interflop-ieee]: load backend with:
Info [interflop-ieee]: debug = false
Info [interflop-ieee]: debug-binary = false
Info [interflop-ieee]: no-backend-name = false
Info [interflop-ieee]: print-new-line = false
Info [interflop-ieee]: print-subnormal-normalized = false
Info [interflop-ieee]: count-op = false
All_Command_lines_OK
Using double precision for computations.
=============================================================================
The composite transform comprises the following transforms (in order): 
  1. Center of mass alignment using fixed image: /templateflow/tpl-MNI152NLin2009cAsym/tpl-MNI152NLin2009cAsym_res-01_desc-brain_T1w.nii.gz and moving image: /home/mdugre/scratch/mri-registration-rp/datasets/ds004513/derivatives/mri-registration-rp/antsBrainExtraction/sub-s035/BrainExtractionBrain.nii.gz (type = Euler3DTransform)
=============================================================================
  number of levels = 1
  fixed image: /templateflow/tpl-MNI152NLin2009cAsym/tpl-MNI152NLin2009cAsym_res-01_desc-brain_T1w.nii.gz
  moving image: /home/mdugre/scratch/mri-registration-rp/datasets/ds004513/derivatives/mri-registration-rp/antsBrainExtraction/sub-s035/BrainExtractionBrain.nii.gz
Dimension = 3
Number of stages = 1
Use histogram matching = false
Winsorize image intensities = true
  Lower quantile = 0.005
  Upper quantile = 0.995


Stage 1 State
   Image metric = MattesMI
     Fixed image = Image (0x4935bd0)
  RTTI typeinfo:   itk::Image<double, 3u>
  Reference Count: 2
  Modified Time: 2330
  Debug: Off
  Object Name: 
  Observers: 
    none
  Source: (none)
  Source output name: (none)
  Release Data: Off
  Data Released: False
  Global Release Data: Off
  PipelineMTime: 0
  UpdateMTime: 1941
  RealTimeStamp: 0 seconds 
  LargestPossibleRegion: 
    Dimension: 3
    Index: [0, 0, 0]
    Size: [193, 229, 193]
  BufferedRegion: 
    Dimension: 3
    Index: [0, 0, 0]
    Size: [193, 229, 193]
  RequestedRegion: 
    Dimension: 3
    Index: [0, 0, 0]
    Size: [193, 229, 193]
  Spacing: [1, 1, 1]
  Origin: [96, 132, -78]
  Direction: 
-1 0 0
0 -1 0
0 0 1

  IndexToPointMatrix: 
-1 0 0
0 -1 0
0 0 1

  PointToIndexMatrix: 
-1 0 0
0 -1 0
0 0 1

  Inverse Direction: 
-1 0 0
0 -1 0
0 0 1

  PixelContainer: 
    ImportImageContainer (0x493e9e0)
      RTTI typeinfo:   itk::ImportImageContainer<unsigned long, double>
      Reference Count: 1
      Modified Time: 1938
      Debug: Off
      Object Name: 
      Observers: 
        none
      Pointer: 0x146567893010
      Container manages memory: true
      Size: 8530021
      Capacity: 8530021

     Moving image = Image (0x493fd40)
  RTTI typeinfo:   itk::Image<double, 3u>
  Reference Count: 2
  Modified Time: 2331
  Debug: Off
  Object Name: 
  Observers: 
    none
  Source: (none)
  Source output name: (none)
  Release Data: Off
  Data Released: False
  Global Release Data: Off
  PipelineMTime: 0
  UpdateMTime: 2328
  RealTimeStamp: 0 seconds 
  LargestPossibleRegion: 
    Dimension: 3
    Index: [0, 0, 0]
    Size: [160, 240, 256]
  BufferedRegion: 
    Dimension: 3
    Index: [0, 0, 0]
    Size: [160, 240, 256]
  RequestedRegion: 
    Dimension: 3
    Index: [0, 0, 0]
    Size: [160, 240, 256]
  Spacing: [1, 1, 1]
  Origin: [98.6438, 87.6358, -117.989]
  Direction: 
-0.993515 -0.100993 -0.0522355
0.100854 -0.994887 0.00530255
-0.0525039 1.93537e-08 0.998621

  IndexToPointMatrix: 
-0.993515 -0.100993 -0.0522355
0.100854 -0.994887 0.00530255
-0.0525039 1.93537e-08 0.998621

  PointToIndexMatrix: 
-0.993515 0.100854 -0.0525039
-0.100993 -0.994887 1.93006e-08
-0.0522355 0.00530255 0.998621

  Inverse Direction: 
-0.993515 0.100854 -0.0525039
-0.100993 -0.994887 1.93006e-08
-0.0522355 0.00530255 0.998621

  PixelContainer: 
    ImportImageContainer (0x4965850)
      RTTI typeinfo:   itk::ImportImageContainer<unsigned long, double>
      Reference Count: 1
      Modified Time: 2325
      Debug: Off
      Object Name: 
      Observers: 
        none
      Pointer: 0x146562d92010
      Container manages memory: true
      Size: 9830400
      Capacity: 9830400

     Weighting = 1
     Sampling strategy = regular
     Number of bins = 32
     Radius = 4
     Sampling percentage  = 0.25
   Transform = Rigid
     Gradient step = 0.1
     Update field sigma (voxel space) = 0
     Total field sigma (voxel space) = 0
     Update field time sigma = 0
     Total field time sigma  = 0
     Number of time indices = 0
     Number of time point samples = 0
Registration using 1 total stages.

Stage 0
  iterations = 0
  convergence threshold = 1e-06
  convergence window size = 10
  number of levels = 1
  using the Mattes MI metric (number of bins = 32, weight = 1, use gradient filter = 0)
  preprocessing:  winsorizing the image intensities
  Shrink factors (level 1 out of 1): [1, 1, 1]
  smoothing sigmas per level: [0]
  regular sampling (percentage = 0.25)

*** Running Euler3DTransform registration ***

  Elapsed time (stage 0): 1.22636


Total elapsed time: 1.22869
Info [verificarlo]: loaded backend libinterflop_ieee.so
Info [interflop-ieee]: load backend with:
Info [interflop-ieee]: debug = false
Info [interflop-ieee]: debug-binary = false
Info [interflop-ieee]: no-backend-name = false
Info [interflop-ieee]: print-new-line = false
Info [interflop-ieee]: print-subnormal-normalized = false
Info [interflop-ieee]: count-op = false
All_Command_lines_OK
Using double precision for computations.
=============================================================================
The composite transform comprises the following transforms (in order): 
  1. /home/mdugre/scratch/mri-registration-rp/datasets/ds004513/derivatives/mri-registration-rp/0001/antsRegistration-r8-p7/sub-s035/align_Composite.h5[0] (type = Euler3DTransform)
  2. /home/mdugre/scratch/mri-registration-rp/datasets/ds004513/derivatives/mri-registration-rp/0001/antsRegistration-r8-p7/sub-s035/align_Composite.h5[1] (type = Euler3DTransform)
=============================================================================
  number of levels = 4
  fixed image: /templateflow/tpl-MNI152NLin2009cAsym/tpl-MNI152NLin2009cAsym_res-01_desc-brain_T1w.nii.gz
  moving image: /home/mdugre/scratch/mri-registration-rp/datasets/ds004513/derivatives/mri-registration-rp/antsBrainExtraction/sub-s035/BrainExtractionBrain.nii.gz
Dimension = 3
Number of stages = 1
Use histogram matching = false
Winsorize image intensities = true
  Lower quantile = 0.005
  Upper quantile = 0.995


Stage 1 State
   Image metric = MattesMI
     Fixed image = Image (0x4698530)
  RTTI typeinfo:   itk::Image<double, 3u>
  Reference Count: 2
  Modified Time: 1578
  Debug: Off
  Object Name: 
  Observers: 
    none
  Source: (none)
  Source output name: (none)
  Release Data: Off
  Data Released: False
  Global Release Data: Off
  PipelineMTime: 0
  UpdateMTime: 1189
  RealTimeStamp: 0 seconds 
  LargestPossibleRegion: 
    Dimension: 3
    Index: [0, 0, 0]
    Size: [193, 229, 193]
  BufferedRegion: 
    Dimension: 3
    Index: [0, 0, 0]
    Size: [193, 229, 193]
  RequestedRegion: 
    Dimension: 3
    Index: [0, 0, 0]
    Size: [193, 229, 193]
  Spacing: [1, 1, 1]
  Origin: [96, 132, -78]
  Direction: 
-1 0 0
0 -1 0
0 0 1

  IndexToPointMatrix: 
-1 0 0
0 -1 0
0 0 1

  PointToIndexMatrix: 
-1 0 0
0 -1 0
0 0 1

  Inverse Direction: 
-1 0 0
0 -1 0
0 0 1

  PixelContainer: 
    ImportImageContainer (0x4756d60)
      RTTI typeinfo:   itk::ImportImageContainer<unsigned long, double>
      Reference Count: 1
      Modified Time: 1186
      Debug: Off
      Object Name: 
      Observers: 
        none
      Pointer: 0x14c03488b010
      Container manages memory: true
      Size: 8530021
      Capacity: 8530021

     Moving image = Image (0x4748f60)
  RTTI typeinfo:   itk::Image<double, 3u>
  Reference Count: 2
  Modified Time: 1579
  Debug: Off
  Object Name: 
  Observers: 
    none
  Source: (none)
  Source output name: (none)
  Release Data: Off
  Data Released: False
  Global Release Data: Off
  PipelineMTime: 0
  UpdateMTime: 1576
  RealTimeStamp: 0 seconds 
  LargestPossibleRegion: 
    Dimension: 3
    Index: [0, 0, 0]
    Size: [160, 240, 256]
  BufferedRegion: 
    Dimension: 3
    Index: [0, 0, 0]
    Size: [160, 240, 256]
  RequestedRegion: 
    Dimension: 3
    Index: [0, 0, 0]
    Size: [160, 240, 256]
  Spacing: [1, 1, 1]
  Origin: [98.6438, 87.6358, -117.989]
  Direction: 
-0.993515 -0.100993 -0.0522355
0.100854 -0.994887 0.00530255
-0.0525039 1.93537e-08 0.998621

  IndexToPointMatrix: 
-0.993515 -0.100993 -0.0522355
0.100854 -0.994887 0.00530255
-0.0525039 1.93537e-08 0.998621

  PointToIndexMatrix: 
-0.993515 0.100854 -0.0525039
-0.100993 -0.994887 1.93006e-08
-0.0522355 0.00530255 0.998621

  Inverse Direction: 
-0.993515 0.100854 -0.0525039
-0.100993 -0.994887 1.93006e-08
-0.0522355 0.00530255 0.998621

  PixelContainer: 
    ImportImageContainer (0x473a6d0)
      RTTI typeinfo:   itk::ImportImageContainer<unsigned long, double>
      Reference Count: 1
      Modified Time: 1573
      Debug: Off
      Object Name: 
      Observers: 
        none
      Pointer: 0x14c02fd8a010
      Container manages memory: true
      Size: 9830400
      Capacity: 9830400

     Weighting = 1
     Sampling strategy = regular
     Number of bins = 32
     Radius = 4
     Sampling percentage  = 0.25
   Transform = Rigid
     Gradient step = 0.1
     Update field sigma (voxel space) = 0
     Total field sigma (voxel space) = 0
     Update field time sigma = 0
     Total field time sigma  = 0
     Number of time indices = 0
     Number of time point samples = 0
Registration using 1 total stages.

Stage 0
  iterations = 1000x500x250x100
  convergence threshold = 1e-06
  convergence window size = 10
  number of levels = 4
  using the Mattes MI metric (number of bins = 32, weight = 1, use gradient filter = 0)
  preprocessing:  winsorizing the image intensities
  Shrink factors (level 1 out of 4): [8, 8, 8]
  Shrink factors (level 2 out of 4): [4, 4, 4]
  Shrink factors (level 3 out of 4): [2, 2, 2]
  Shrink factors (level 4 out of 4): [1, 1, 1]
  smoothing sigmas per level: [3, 2, 1, 0]
  regular sampling (percentage = 0.25)

*** Running Euler3DTransform registration ***

DIAGNOSTIC,Iteration,metricValue,convergenceValue,ITERATION_TIME_INDEX,SINCE_LAST
 2DIAGNOSTIC,     1, -5.238630234552e-01, 1.797693134862e+308, 7.0817e-01, 7.0817e-01, 
 2DIAGNOSTIC,     2, -5.257885820767e-01, 1.797693134862e+308, 7.1274e-01, 4.5731e-03, 
 2DIAGNOSTIC,     3, -5.278597554839e-01, 1.797693134862e+308, 7.1713e-01, 4.3900e-03, 
 2DIAGNOSTIC,     4, -5.302176117225e-01, 1.797693134862e+308, 7.2173e-01, 4.5969e-03, 
 2DIAGNOSTIC,     5, -5.343462816845e-01, 1.797693134862e+308, 7.2572e-01, 3.9868e-03, 
 2DIAGNOSTIC,     6, -5.399239396740e-01, 1.797693134862e+308, 7.2967e-01, 3.9539e-03, 
 2DIAGNOSTIC,     7, -5.490554822001e-01, 1.797693134862e+308, 7.3357e-01, 3.8950e-03, 
 2DIAGNOSTIC,     8, -5.545204224448e-01, 1.797693134862e+308, 7.3912e-01, 5.5521e-03, 
 2DIAGNOSTIC,     9, -5.601437715553e-01, 1.797693134862e+308, 7.4323e-01, 4.1120e-03, 
 2DIAGNOSTIC,    10, -5.617741193774e-01, 5.067640484485e-03, 7.4760e-01, 4.3652e-03, 
 2DIAGNOSTIC,    11, -5.649562249041e-01, 4.796539612083e-03, 7.5278e-01, 5.1851e-03, 
 2DIAGNOSTIC,    12, -5.658710903081e-01, 4.260783098155e-03, 7.5744e-01, 4.6570e-03, 
 2DIAGNOSTIC,    13, -5.662828333056e-01, 3.524744036645e-03, 7.6158e-01, 4.1461e-03, 
 2DIAGNOSTIC,    14, -5.685908474577e-01, 2.751340472953e-03, 7.6637e-01, 4.7839e-03, 
 2DIAGNOSTIC,    15, -5.732745043306e-01, 2.134644679428e-03, 7.7260e-01, 6.2280e-03, 
 2DIAGNOSTIC,    16, -5.738084427845e-01, 1.591333148336e-03, 7.7770e-01, 5.1050e-03, 
 2DIAGNOSTIC,    17, -5.739093703465e-01, 1.247363567739e-03, 7.8181e-01, 4.1130e-03, 
 2DIAGNOSTIC,    18, -5.745773598458e-01, 1.002163966315e-03, 7.8595e-01, 4.1330e-03, 
 2DIAGNOSTIC,    19, -5.752045522723e-01, 8.579763081923e-04, 7.9031e-01, 4.3650e-03, 
 2DIAGNOSTIC,    20, -5.755578777727e-01, 6.955845773878e-04, 7.9456e-01, 4.2450e-03, 
 2DIAGNOSTIC,    21, -5.761681227725e-01, 5.767135182713e-04, 7.9882e-01, 4.2598e-03, 
 2DIAGNOSTIC,    22, -5.775610178281e-01, 4.707067062552e-04, 8.0309e-01, 4.2748e-03, 
 2DIAGNOSTIC,    23, -5.801876522133e-01, 3.965856196841e-04, 8.0757e-01, 4.4780e-03, 
 2DIAGNOSTIC,    24, -5.873578871765e-01, 4.881452204041e-04, 8.1355e-01, 5.9772e-03, 
 2DIAGNOSTIC,    25, -5.924052233487e-01, 7.199711435373e-04, 8.1933e-01, 5.7790e-03, 
 2DIAGNOSTIC,    26, -5.933789722535e-01, 8.944842700661e-04, 8.2456e-01, 5.2290e-03, 
 2DIAGNOSTIC,    27, -5.948140362554e-01, 1.002036484481e-03, 8.2925e-01, 4.6930e-03, 
 2DIAGNOSTIC,    28, -5.954370004542e-01, 1.029952320917e-03, 8.3341e-01, 4.1621e-03, 
 2DIAGNOSTIC,    29, -5.955619965623e-01, 9.699000563446e-04, 8.3759e-01, 4.1780e-03, 
 2DIAGNOSTIC,    30, -5.960977142438e-01, 8.366692960336e-04, 8.4176e-01, 4.1668e-03, 
 2DIAGNOSTIC,    31, -5.971105016169e-01, 6.606986235911e-04, 8.4654e-01, 4.7810e-03, 
 2DIAGNOSTIC,    32, -5.989728413271e-01, 4.853112632168e-04, 8.5285e-01, 6.3131e-03, 
 2DIAGNOSTIC,    33, -5.996340171307e-01, 3.222359248951e-04, 8.5702e-01, 4.1721e-03, 
 2DIAGNOSTIC,    34, -5.997688324955e-01, 2.443793017366e-04, 8.6116e-01, 4.1380e-03, 
 2DIAGNOSTIC,    35, -5.999328162904e-01, 2.224308792505e-04, 8.6628e-01, 5.1219e-03, 
 2DIAGNOSTIC,    36, -6.001598298668e-01, 1.965988112092e-04, 8.7045e-01, 4.1659e-03, 
 2DIAGNOSTIC,    37, -6.004938013085e-01, 1.767006122769e-04, 8.7509e-01, 4.6461e-03, 
 2DIAGNOSTIC,    38, -6.008280010325e-01, 1.536048166307e-04, 8.7937e-01, 4.2810e-03, 
 2DIAGNOSTIC,    39, -6.038559363744e-01, 1.574331427726e-04, 8.8431e-01, 4.9391e-03, 
 2DIAGNOSTIC,    40, -6.077047301251e-01, 1.993081221050e-04, 8.8883e-01, 4.5152e-03, 
 2DIAGNOSTIC,    41, -6.174632767284e-01, 3.481387884224e-04, 8.9453e-01, 5.7011e-03, 
 2DIAGNOSTIC,    42, -6.161977984169e-01, 4.608909061123e-04, 9.0300e-01, 8.4689e-03, 
 2DIAGNOSTIC,    43, -6.161564678770e-01, 5.335374248645e-04, 9.0715e-01, 4.1530e-03, 
 2DIAGNOSTIC,    44, -6.170772360750e-01, 5.644824770924e-04, 9.1129e-01, 4.1420e-03, 
 2DIAGNOSTIC,    45, -6.185357385257e-01, 5.560479729920e-04, 9.1535e-01, 4.0588e-03, 
 2DIAGNOSTIC,    46, -6.206472671382e-01, 5.180562010674e-04, 9.1941e-01, 4.0560e-03, 
 2DIAGNOSTIC,    47, -6.234100461048e-01, 4.649606794299e-04, 9.2348e-01, 4.0741e-03, 
 2DIAGNOSTIC,    48, -6.282459779372e-01, 4.232184577357e-04, 9.2759e-01, 4.1070e-03, 
 2DIAGNOSTIC,    49, -6.332856875227e-01, 4.219352175150e-04, 9.3180e-01, 4.2090e-03, 
 2DIAGNOSTIC,    50, -6.437673223672e-01, 5.158696621294e-04, 9.3598e-01, 4.1840e-03, 
 2DIAGNOSTIC,    51, -6.567709930602e-01, 7.709766847872e-04, 9.4030e-01, 4.3161e-03, 
 2DIAGNOSTIC,    52, -6.630139292355e-01, 9.856111015609e-04, 9.4506e-01, 4.7638e-03, 
 2DIAGNOSTIC,    53, -6.637658016721e-01, 1.103854526333e-03, 9.4923e-01, 4.1702e-03, 
 2DIAGNOSTIC,    54, -6.646848049558e-01, 1.129224359502e-03, 9.5345e-01, 4.2131e-03, 
 2DIAGNOSTIC,    55, -6.699954516990e-01, 1.103369919360e-03, 9.6098e-01, 7.5369e-03, 
 2DIAGNOSTIC,    56, -6.720089784198e-01, 1.005089491037e-03, 9.6714e-01, 6.1569e-03, 
 2DIAGNOSTIC,    57, -6.720481505881e-01, 8.375234597887e-04, 9.7123e-01, 4.0891e-03, 
 2DIAGNOSTIC,    58, -6.725919396880e-01, 6.425660881020e-04, 9.7529e-01, 4.0610e-03, 
 2DIAGNOSTIC,    59, -6.729036299099e-01, 4.360791223425e-04, 9.7935e-01, 4.0600e-03, 
 2DIAGNOSTIC,    60, -6.731488693628e-01, 2.773040214459e-04, 9.8344e-01, 4.0920e-03, 
 2DIAGNOSTIC,    61, -6.734259028293e-01, 1.993309300683e-04, 9.8749e-01, 4.0460e-03, 
 2DIAGNOSTIC,    62, -6.739132047079e-01, 1.568961763554e-04, 9.9158e-01, 4.0939e-03, 
 2DIAGNOSTIC,    63, -6.762843048926e-01, 1.247265469486e-04, 9.9718e-01, 5.5978e-03, 
 2DIAGNOSTIC,    64, -6.766381448395e-01, 8.969388165321e-05, 1.0013e+00, 4.0901e-03, 
 2DIAGNOSTIC,    65, -6.771215074791e-01, 8.898292198298e-05, 1.0054e+00, 4.0951e-03, 
 2DIAGNOSTIC,    66, -6.778537065140e-01, 9.953414881136e-05, 1.0101e+00, 4.7240e-03, 
 2DIAGNOSTIC,    67, -6.792268348102e-01, 1.098308371688e-04, 1.0158e+00, 5.7001e-03, 
 2DIAGNOSTIC,    68, -6.807680632322e-01, 1.231389278780e-04, 1.0199e+00, 4.1409e-03, 
 2DIAGNOSTIC,    69, -6.815199261565e-01, 1.312162224284e-04, 1.0240e+00, 4.0939e-03, 
 2DIAGNOSTIC,    70, -6.818104365848e-01, 1.303107205145e-04, 1.0296e+00, 5.5552e-03, 
 2DIAGNOSTIC,    71, -6.820509955481e-01, 1.205020265623e-04, 1.0336e+00, 4.0529e-03, 
 2DIAGNOSTIC,    72, -6.822316709260e-01, 1.032398657655e-04, 1.0378e+00, 4.1749e-03, 
 2DIAGNOSTIC,    73, -6.825798714343e-01, 9.372175779468e-05, 1.0434e+00, 5.5830e-03, 
 2DIAGNOSTIC,    74, -6.826264102172e-01, 7.797275003143e-05, 1.0475e+00, 4.1389e-03, 
 2DIAGNOSTIC,    75, -6.826914699633e-01, 5.871128731672e-05, 1.0516e+00, 4.0679e-03, 
 2DIAGNOSTIC,    76, -6.828123495543e-01, 3.951715784720e-05, 1.0557e+00, 4.0991e-03, 
 2DIAGNOSTIC,    77, -6.832345026684e-01, 2.762899975625e-05, 1.0599e+00, 4.2031e-03, 
 2DIAGNOSTIC,    78, -6.838171502534e-01, 2.580853274512e-05, 1.0660e+00, 6.0830e-03, 
 2DIAGNOSTIC,    79, -6.837376062882e-01, 2.542052238074e-05, 1.0701e+00, 4.0820e-03, 
 2DIAGNOSTIC,    80, -6.837940696276e-01, 2.471283658233e-05, 1.0742e+00, 4.0879e-03, 
 2DIAGNOSTIC,    81, -6.839726239046e-01, 2.406993011291e-05, 1.0783e+00, 4.1289e-03, 
 2DIAGNOSTIC,    82, -6.841107474534e-01, 2.280981637396e-05, 1.0824e+00, 4.1561e-03, 
 2DIAGNOSTIC,    83, -6.851045464944e-01, 2.675649723168e-05, 1.0882e+00, 5.7549e-03, 
 2DIAGNOSTIC,    84, -6.858177221368e-01, 3.208689506985e-05, 1.0933e+00, 5.0890e-03, 
 2DIAGNOSTIC,    85, -6.861555260178e-01, 3.640244423176e-05, 1.0998e+00, 6.5460e-03, 
 2DIAGNOSTIC,    86, -6.861558219451e-01, 3.780060063451e-05, 1.1039e+00, 4.0979e-03, 
 2DIAGNOSTIC,    87, -6.861668392400e-01, 3.777672479610e-05, 1.1081e+00, 4.1711e-03, 
 2DIAGNOSTIC,    88, -6.861798886362e-01, 3.717408792558e-05, 1.1122e+00, 4.0629e-03, 
 2DIAGNOSTIC,    89, -6.861875831334e-01, 3.259276109702e-05, 1.1167e+00, 4.5850e-03, 
 2DIAGNOSTIC,    90, -6.861914047114e-01, 2.533793080408e-05, 1.1208e+00, 4.0810e-03, 
 2DIAGNOSTIC,    91, -6.861983959261e-01, 1.686236606219e-05, 1.1249e+00, 4.0691e-03, 
 2DIAGNOSTIC,    92, -6.862112971469e-01, 7.666193615367e-06, 1.1289e+00, 4.0460e-03, 
 2DIAGNOSTIC,    93, -6.862267001489e-01, 2.806008985508e-06, 1.1330e+00, 4.0519e-03, 
 2DIAGNOSTIC,    94, -6.862421140925e-01, 1.277293602997e-06, 1.1376e+00, 4.5669e-03, 
 2DIAGNOSTIC,    95, -6.863402668587e-01, 1.767622628756e-06, 1.1426e+00, 5.0318e-03, 
 2DIAGNOSTIC,    96, -6.863402399049e-01, 2.100303026076e-06, 1.1467e+00, 4.0898e-03, 
 2DIAGNOSTIC,    97, -6.863404839275e-01, 2.313812900027e-06, 1.1508e+00, 4.0760e-03, 
 2DIAGNOSTIC,    98, -6.863412460322e-01, 2.402057709199e-06, 1.1553e+00, 4.5650e-03, 
 2DIAGNOSTIC,    99, -6.863464778149e-01, 2.346454284690e-06, 1.1614e+00, 6.0341e-03, 
 2DIAGNOSTIC,   100, -6.863467812661e-01, 2.109937070569e-06, 1.1669e+00, 5.5051e-03, 
 2DIAGNOSTIC,   101, -6.863467870997e-01, 1.737775391850e-06, 1.1797e+00, 1.2887e-02, 
 2DIAGNOSTIC,   102, -6.863467870996e-01, 1.301389301251e-06, 1.1883e+00, 8.5590e-03, 
DIAGNOSTIC,Iteration,metricValue,convergenceValue,ITERATION_TIME_INDEX,SINCE_LAST
 2DIAGNOSTIC,     1, -5.582110293781e-01, 1.797693134862e+308, 1.8783e+00, 6.9004e-01, 
 2DIAGNOSTIC,     2, -5.585589556702e-01, 1.797693134862e+308, 1.9091e+00, 3.0765e-02, 
 2DIAGNOSTIC,     3, -5.591021940800e-01, 1.797693134862e+308, 1.9409e+00, 3.1768e-02, 
 2DIAGNOSTIC,     4, -5.597970500645e-01, 1.797693134862e+308, 1.9720e+00, 3.1135e-02, 
 2DIAGNOSTIC,     5, -5.608404885730e-01, 1.797693134862e+308, 2.0067e+00, 3.4703e-02, 
 2DIAGNOSTIC,     6, -5.612106768351e-01, 1.797693134862e+308, 2.0389e+00, 3.2167e-02, 
 2DIAGNOSTIC,     7, -5.624344564653e-01, 1.797693134862e+308, 2.0788e+00, 3.9911e-02, 
 2DIAGNOSTIC,     8, -5.635461431974e-01, 1.797693134862e+308, 2.1095e+00, 3.0728e-02, 
 2DIAGNOSTIC,     9, -5.651798902375e-01, 1.797693134862e+308, 2.1447e+00, 3.5150e-02, 
 2DIAGNOSTIC,    10, -5.659761656896e-01, 9.123555252461e-04, 2.1820e+00, 3.7356e-02, 
 2DIAGNOSTIC,    11, -5.659936835461e-01, 8.620608600854e-04, 2.2166e+00, 3.4557e-02, 
 2DIAGNOSTIC,    12, -5.662257364986e-01, 7.684350127627e-04, 2.2589e+00, 4.2333e-02, 
 2DIAGNOSTIC,    13, -5.662002832059e-01, 6.393842868265e-04, 2.2933e+00, 3.4390e-02, 
 2DIAGNOSTIC,    14, -5.662088711920e-01, 4.951148207694e-04, 2.3288e+00, 3.5488e-02, 
 2DIAGNOSTIC,    15, -5.662076593730e-01, 3.604848340433e-04, 2.3648e+00, 3.6025e-02, 
 2DIAGNOSTIC,    16, -5.662134945974e-01, 2.217969073206e-04, 2.3997e+00, 3.4873e-02, 
 2DIAGNOSTIC,    17, -5.661992107896e-01, 1.150743106074e-04, 2.4311e+00, 3.1449e-02, 
 2DIAGNOSTIC,    18, -5.662051269515e-01, 4.008628946795e-05, 2.4658e+00, 3.4662e-02, 
 2DIAGNOSTIC,    19, -5.662008351195e-01, 1.220837011311e-05, 2.4968e+00, 3.0969e-02, 
 2DIAGNOSTIC,    20, -5.661907454151e-01, 6.012026528335e-06, 2.5323e+00, 3.5534e-02, 
DIAGNOSTIC,Iteration,metricValue,convergenceValue,ITERATION_TIME_INDEX,SINCE_LAST
 2DIAGNOSTIC,     1, -5.038154157609e-01, 1.797693134862e+308, 3.6620e+00, 1.1297e+00, 
 2DIAGNOSTIC,     2, -5.039977745578e-01, 1.797693134862e+308, 3.9048e+00, 2.4276e-01, 
 2DIAGNOSTIC,     3, -5.041338093617e-01, 1.797693134862e+308, 4.1588e+00, 2.5407e-01, 
 2DIAGNOSTIC,     4, -5.042436381254e-01, 1.797693134862e+308, 4.4028e+00, 2.4399e-01, 
 2DIAGNOSTIC,     5, -5.042894676807e-01, 1.797693134862e+308, 4.6748e+00, 2.7197e-01, 
 2DIAGNOSTIC,     6, -5.043389967249e-01, 1.797693134862e+308, 5.0571e+00, 3.8235e-01, 
 2DIAGNOSTIC,     7, -5.043471293365e-01, 1.797693134862e+308, 5.3225e+00, 2.6538e-01, 
 2DIAGNOSTIC,     8, -5.043534086864e-01, 1.797693134862e+308, 5.5755e+00, 2.5302e-01, 
 2DIAGNOSTIC,     9, -5.043606718725e-01, 1.797693134862e+308, 5.8346e+00, 2.5911e-01, 
 2DIAGNOSTIC,    10, -5.043645430866e-01, 6.387812082216e-05, 6.0820e+00, 2.4736e-01, 
 2DIAGNOSTIC,    11, -5.043777341460e-01, 3.849846050628e-05, 6.3104e+00, 2.2841e-01, 
 2DIAGNOSTIC,    12, -5.043916788572e-01, 2.326524632169e-05, 6.5770e+00, 2.6658e-01, 
 2DIAGNOSTIC,    13, -5.043860423348e-01, 1.407611706240e-05, 6.7990e+00, 2.2202e-01, 
 2DIAGNOSTIC,    14, -5.043972876055e-01, 1.000985863048e-05, 7.0221e+00, 2.2312e-01, 
 2DIAGNOSTIC,    15, -5.044526123748e-01, 9.522790929611e-06, 7.4503e+00, 4.2816e-01, 
 2DIAGNOSTIC,    16, -5.044512516512e-01, 1.004881137379e-05, 7.7425e+00, 2.9218e-01, 
 2DIAGNOSTIC,    17, -5.044483126031e-01, 9.962839975682e-06, 7.9975e+00, 2.5503e-01, 
 2DIAGNOSTIC,    18, -5.044502446598e-01, 9.428086324516e-06, 8.3088e+00, 3.1127e-01, 
 2DIAGNOSTIC,    19, -5.044513842571e-01, 8.482656843306e-06, 8.5930e+00, 2.8426e-01, 
 2DIAGNOSTIC,    20, -5.044514762378e-01, 7.073382222715e-06, 8.8159e+00, 2.2289e-01, 
 2DIAGNOSTIC,    21, -5.044497584470e-01, 5.584356608065e-06, 9.0635e+00, 2.4755e-01, 
 2DIAGNOSTIC,    22, -5.044490675444e-01, 4.223995706799e-06, 9.3507e+00, 2.8724e-01, 
 2DIAGNOSTIC,    23, -5.044474331434e-01, 2.551196661864e-06, 9.5953e+00, 2.4455e-01, 
 2DIAGNOSTIC,    24, -5.044460056822e-01, 1.099723596715e-06, 9.8521e+00, 2.5679e-01, 
 2DIAGNOSTIC,    25, -5.044476650249e-01, 1.071099631558e-06, 1.0137e+01, 2.8519e-01, 
 2DIAGNOSTIC,    26, -5.044474166631e-01, 1.030192249250e-06, 1.0469e+01, 3.3168e-01, 
DIAGNOSTIC,Iteration,metricValue,convergenceValue,ITERATION_TIME_INDEX,SINCE_LAST
 2DIAGNOSTIC,     1, -4.671139117715e-01, 1.797693134862e+308, 1.2951e+01, 2.4816e+00, 
 2DIAGNOSTIC,     2, -4.672494155129e-01, 1.797693134862e+308, 1.4349e+01, 1.3981e+00, 
 2DIAGNOSTIC,     3, -4.672712561300e-01, 1.797693134862e+308, 1.6378e+01, 2.0293e+00, 
 2DIAGNOSTIC,     4, -4.672693683825e-01, 1.797693134862e+308, 1.8383e+01, 2.0048e+00, 
 2DIAGNOSTIC,     5, -4.672697661640e-01, 1.797693134862e+308, 1.9931e+01, 1.5479e+00, 
 2DIAGNOSTIC,     6, -4.672696549523e-01, 1.797693134862e+308, 2.1722e+01, 1.7912e+00, 
 2DIAGNOSTIC,     7, -4.672685899962e-01, 1.797693134862e+308, 2.3259e+01, 1.5368e+00, 
 2DIAGNOSTIC,     8, -4.672689544244e-01, 1.797693134862e+308, 2.5442e+01, 2.1838e+00, 
 2DIAGNOSTIC,     9, -4.672687630256e-01, 1.797693134862e+308, 2.7182e+01, 1.7396e+00, 
 2DIAGNOSTIC,    10, -4.672686676390e-01, 1.350071680710e-05, 2.8710e+01, 1.5281e+00, 
 2DIAGNOSTIC,    11, -4.672684682133e-01, 3.766230790209e-06, 3.0052e+01, 1.3419e+00, 
 2DIAGNOSTIC,    12, -4.672686869369e-01, 2.423673104393e-06, 3.1647e+01, 1.5953e+00, 
 2DIAGNOSTIC,    13, -4.672685955061e-01, 2.327933406376e-06, 3.3121e+01, 1.4735e+00, 
 2DIAGNOSTIC,    14, -4.672687163147e-01, 2.178790990154e-06, 3.5171e+01, 2.0502e+00, 
 2DIAGNOSTIC,    15, -4.672686196582e-01, 2.070207238511e-06, 3.7308e+01, 2.1369e+00, 
 2DIAGNOSTIC,    16, -4.672685179446e-01, 1.973157251492e-06, 3.9056e+01, 1.7485e+00, 
 2DIAGNOSTIC,    17, -4.672684160415e-01, 1.846685191841e-06, 4.0551e+01, 1.4948e+00, 
 2DIAGNOSTIC,    18, -4.672683147116e-01, 1.745471765277e-06, 4.1921e+01, 1.3696e+00, 
 2DIAGNOSTIC,    19, -4.672682147168e-01, 1.647685336052e-06, 4.3432e+01, 1.5116e+00, 
 2DIAGNOSTIC,    20, -4.672681171278e-01, 1.556531876508e-06, 4.4956e+01, 1.5240e+00, 
 2DIAGNOSTIC,    21, -4.672681226207e-01, 1.471522189829e-06, 4.6274e+01, 1.3180e+00, 
 2DIAGNOSTIC,    22, -4.672680284606e-01, 1.401779943386e-06, 4.7813e+01, 1.5383e+00, 
 2DIAGNOSTIC,    23, -4.672680373916e-01, 1.339981009811e-06, 4.9900e+01, 2.0871e+00, 
 2DIAGNOSTIC,    24, -4.672678356177e-01, 1.285344421662e-06, 5.1734e+01, 1.8341e+00, 
 2DIAGNOSTIC,    25, -4.672678392493e-01, 1.236735060570e-06, 5.3277e+01, 1.5433e+00, 
 2DIAGNOSTIC,    26, -4.672677419270e-01, 1.190524940284e-06, 5.4900e+01, 1.6224e+00, 
 2DIAGNOSTIC,    27, -4.672677465235e-01, 1.148675876556e-06, 5.6375e+01, 1.4751e+00, 
 2DIAGNOSTIC,    28, -4.672678580648e-01, 1.112851311269e-06, 5.7914e+01, 1.5392e+00, 
 2DIAGNOSTIC,    29, -4.672679667455e-01, 1.081872702625e-06, 5.9418e+01, 1.5042e+00, 
 2DIAGNOSTIC,    30, -4.672678711585e-01, 1.050428398604e-06, 6.0941e+01, 1.5226e+00, 
 2DIAGNOSTIC,    31, -4.672677729125e-01, 1.020268542477e-06, 6.2295e+01, 1.3538e+00, 
  Elapsed time (stage 0): 6.3109e+01


Total elapsed time: 6.3112e+01
Info [verificarlo]: loaded backend libinterflop_ieee.so
Info [interflop-ieee]: load backend with:
Info [interflop-ieee]: debug = false
Info [interflop-ieee]: debug-binary = false
Info [interflop-ieee]: no-backend-name = false
Info [interflop-ieee]: print-new-line = false
Info [interflop-ieee]: print-subnormal-normalized = false
Info [interflop-ieee]: count-op = false
All_Command_lines_OK
Using double precision for computations.
=============================================================================
The composite transform comprises the following transforms (in order): 
  1. /home/mdugre/scratch/mri-registration-rp/datasets/ds004513/derivatives/mri-registration-rp/0001/antsRegistration-r8-p7/sub-s035/rigid_Composite.h5[0] (type = Euler3DTransform)
  2. /home/mdugre/scratch/mri-registration-rp/datasets/ds004513/derivatives/mri-registration-rp/0001/antsRegistration-r8-p7/sub-s035/rigid_Composite.h5[1] (type = Euler3DTransform)
  3. /home/mdugre/scratch/mri-registration-rp/datasets/ds004513/derivatives/mri-registration-rp/0001/antsRegistration-r8-p7/sub-s035/rigid_Composite.h5[2] (type = Euler3DTransform)
=============================================================================
  number of levels = 4
  fixed image: /templateflow/tpl-MNI152NLin2009cAsym/tpl-MNI152NLin2009cAsym_res-01_desc-brain_T1w.nii.gz
  moving image: /home/mdugre/scratch/mri-registration-rp/datasets/ds004513/derivatives/mri-registration-rp/antsBrainExtraction/sub-s035/BrainExtractionBrain.nii.gz
Dimension = 3
Number of stages = 1
Use histogram matching = false
Winsorize image intensities = true
  Lower quantile = 0.005
  Upper quantile = 0.995


Stage 1 State
   Image metric = MattesMI
     Fixed image = Image (0x51db530)
  RTTI typeinfo:   itk::Image<double, 3u>
  Reference Count: 2
  Modified Time: 1592
  Debug: Off
  Object Name: 
  Observers: 
    none
  Source: (none)
  Source output name: (none)
  Release Data: Off
  Data Released: False
  Global Release Data: Off
  PipelineMTime: 0
  UpdateMTime: 1203
  RealTimeStamp: 0 seconds 
  LargestPossibleRegion: 
    Dimension: 3
    Index: [0, 0, 0]
    Size: [193, 229, 193]
  BufferedRegion: 
    Dimension: 3
    Index: [0, 0, 0]
    Size: [193, 229, 193]
  RequestedRegion: 
    Dimension: 3
    Index: [0, 0, 0]
    Size: [193, 229, 193]
  Spacing: [1, 1, 1]
  Origin: [96, 132, -78]
  Direction: 
-1 0 0
0 -1 0
0 0 1

  IndexToPointMatrix: 
-1 0 0
0 -1 0
0 0 1

  PointToIndexMatrix: 
-1 0 0
0 -1 0
0 0 1

  Inverse Direction: 
-1 0 0
0 -1 0
0 0 1

  PixelContainer: 
    ImportImageContainer (0x52942a0)
      RTTI typeinfo:   itk::ImportImageContainer<unsigned long, double>
      Reference Count: 1
      Modified Time: 1200
      Debug: Off
      Object Name: 
      Observers: 
        none
      Pointer: 0x1468cd937010
      Container manages memory: true
      Size: 8530021
      Capacity: 8530021

     Moving image = Image (0x5296e60)
  RTTI typeinfo:   itk::Image<double, 3u>
  Reference Count: 2
  Modified Time: 1593
  Debug: Off
  Object Name: 
  Observers: 
    none
  Source: (none)
  Source output name: (none)
  Release Data: Off
  Data Released: False
  Global Release Data: Off
  PipelineMTime: 0
  UpdateMTime: 1590
  RealTimeStamp: 0 seconds 
  LargestPossibleRegion: 
    Dimension: 3
    Index: [0, 0, 0]
    Size: [160, 240, 256]
  BufferedRegion: 
    Dimension: 3
    Index: [0, 0, 0]
    Size: [160, 240, 256]
  RequestedRegion: 
    Dimension: 3
    Index: [0, 0, 0]
    Size: [160, 240, 256]
  Spacing: [1, 1, 1]
  Origin: [98.6438, 87.6358, -117.989]
  Direction: 
-0.993515 -0.100993 -0.0522355
0.100854 -0.994887 0.00530255
-0.0525039 1.93537e-08 0.998621

  IndexToPointMatrix: 
-0.993515 -0.100993 -0.0522355
0.100854 -0.994887 0.00530255
-0.0525039 1.93537e-08 0.998621

  PointToIndexMatrix: 
-0.993515 0.100854 -0.0525039
-0.100993 -0.994887 1.93006e-08
-0.0522355 0.00530255 0.998621

  Inverse Direction: 
-0.993515 0.100854 -0.0525039
-0.100993 -0.994887 1.93006e-08
-0.0522355 0.00530255 0.998621

  PixelContainer: 
    ImportImageContainer (0x52ca390)
      RTTI typeinfo:   itk::ImportImageContainer<unsigned long, double>
      Reference Count: 1
      Modified Time: 1587
      Debug: Off
      Object Name: 
      Observers: 
        none
      Pointer: 0x1468c8e36010
      Container manages memory: true
      Size: 9830400
      Capacity: 9830400

     Weighting = 1
     Sampling strategy = regular
     Number of bins = 32
     Radius = 4
     Sampling percentage  = 0.25
   Transform = Affine
     Gradient step = 0.1
     Update field sigma (voxel space) = 0
     Total field sigma (voxel space) = 0
     Update field time sigma = 0
     Total field time sigma  = 0
     Number of time indices = 0
     Number of time point samples = 0
Registration using 1 total stages.

Stage 0
  iterations = 1000x500x250x100
  convergence threshold = 1e-06
  convergence window size = 10
  number of levels = 4
  using the Mattes MI metric (number of bins = 32, weight = 1, use gradient filter = 0)
  preprocessing:  winsorizing the image intensities
  Shrink factors (level 1 out of 4): [8, 8, 8]
  Shrink factors (level 2 out of 4): [4, 4, 4]
  Shrink factors (level 3 out of 4): [2, 2, 2]
  Shrink factors (level 4 out of 4): [1, 1, 1]
  smoothing sigmas per level: [3, 2, 1, 0]
  regular sampling (percentage = 0.25)

*** Running AffineTransform registration ***

DIAGNOSTIC,Iteration,metricValue,convergenceValue,ITERATION_TIME_INDEX,SINCE_LAST
 2DIAGNOSTIC,     1, -6.778038987953e-01, 1.797693134862e+308, 7.7460e-01, 7.7460e-01, 
 2DIAGNOSTIC,     2, -6.798904269144e-01, 1.797693134862e+308, 7.7945e-01, 4.8480e-03, 
 2DIAGNOSTIC,     3, -6.837491832099e-01, 1.797693134862e+308, 7.8448e-01, 5.0340e-03, 
 2DIAGNOSTIC,     4, -6.905681546318e-01, 1.797693134862e+308, 7.9097e-01, 6.4831e-03, 
 2DIAGNOSTIC,     5, -7.011434644775e-01, 1.797693134862e+308, 7.9655e-01, 5.5861e-03, 
 2DIAGNOSTIC,     6, -7.131335342907e-01, 1.797693134862e+308, 8.0139e-01, 4.8370e-03, 
 2DIAGNOSTIC,     7, -7.303983195288e-01, 1.797693134862e+308, 8.0708e-01, 5.6911e-03, 
 2DIAGNOSTIC,     8, -7.337946841511e-01, 1.797693134862e+308, 8.1172e-01, 4.6401e-03, 
 2DIAGNOSTIC,     9, -7.370119980555e-01, 1.797693134862e+308, 8.1758e-01, 5.8610e-03, 
 2DIAGNOSTIC,    10, -7.386399538849e-01, 6.679174519550e-03, 8.2353e-01, 5.9531e-03, 
 2DIAGNOSTIC,    11, -7.385590446064e-01, 5.717374517319e-03, 8.2883e-01, 5.2991e-03, 
 2DIAGNOSTIC,    12, -7.385244696696e-01, 4.474521319585e-03, 8.3362e-01, 4.7820e-03, 
 2DIAGNOSTIC,    13, -7.394699081462e-01, 3.173413948487e-03, 8.3897e-01, 5.3580e-03, 
 2DIAGNOSTIC,    14, -7.407163783474e-01, 2.005211204549e-03, 8.4433e-01, 5.3530e-03, 
 2DIAGNOSTIC,    15, -7.408712913316e-01, 1.094001112936e-03, 8.4921e-01, 4.8840e-03, 
 2DIAGNOSTIC,    16, -7.409009056953e-01, 4.870351825136e-04, 8.5551e-01, 6.3040e-03, 
 2DIAGNOSTIC,    17, -7.412076180661e-01, 3.156404569781e-04, 8.6086e-01, 5.3430e-03, 
 2DIAGNOSTIC,    18, -7.413076993373e-01, 2.090422026833e-04, 8.6637e-01, 5.5099e-03, 
 2DIAGNOSTIC,    19, -7.418570863597e-01, 1.711272169003e-04, 8.7181e-01, 5.4431e-03, 
 2DIAGNOSTIC,    20, -7.416557468446e-01, 1.493609750828e-04, 8.7727e-01, 5.4560e-03, 
 2DIAGNOSTIC,    21, -7.415765234759e-01, 1.138102911838e-04, 8.8293e-01, 5.6660e-03, 
 2DIAGNOSTIC,    22, -7.415337096467e-01, 6.959825062566e-05, 8.8836e-01, 5.4300e-03, 
 2DIAGNOSTIC,    23, -7.416843602123e-01, 4.087423898611e-05, 8.9380e-01, 5.4350e-03, 
 2DIAGNOSTIC,    24, -7.414682576471e-01, 2.744042224160e-05, 8.9925e-01, 5.4560e-03, 
 2DIAGNOSTIC,    25, -7.414771124238e-01, 1.542018685676e-05, 9.0509e-01, 5.8379e-03, 
DIAGNOSTIC,Iteration,metricValue,convergenceValue,ITERATION_TIME_INDEX,SINCE_LAST
 2DIAGNOSTIC,     1, -6.095405727458e-01, 1.797693134862e+308, 1.6001e+00, 6.9504e-01, 
 2DIAGNOSTIC,     2, -6.099881259338e-01, 1.797693134862e+308, 1.6478e+00, 4.7626e-02, 
 2DIAGNOSTIC,     3, -6.106328060873e-01, 1.797693134862e+308, 1.6826e+00, 3.4833e-02, 
 2DIAGNOSTIC,     4, -6.113462178759e-01, 1.797693134862e+308, 1.7201e+00, 3.7495e-02, 
 2DIAGNOSTIC,     5, -6.117623316576e-01, 1.797693134862e+308, 1.7590e+00, 3.8878e-02, 
 2DIAGNOSTIC,     6, -6.117440003422e-01, 1.797693134862e+308, 1.8010e+00, 4.2016e-02, 
 2DIAGNOSTIC,     7, -6.117581126803e-01, 1.797693134862e+308, 1.8432e+00, 4.2197e-02, 
 2DIAGNOSTIC,     8, -6.117352508696e-01, 1.797693134862e+308, 1.8973e+00, 5.4160e-02, 
 2DIAGNOSTIC,     9, -6.117348264849e-01, 1.797693134862e+308, 1.9319e+00, 3.4532e-02, 
 2DIAGNOSTIC,    10, -6.117114474309e-01, 2.198804177152e-04, 1.9711e+00, 3.9221e-02, 
 2DIAGNOSTIC,    11, -6.117006179957e-01, 1.262094707031e-04, 2.0136e+00, 4.2484e-02, 
 2DIAGNOSTIC,    12, -6.117079351277e-01, 5.460636144099e-05, 2.0526e+00, 3.9006e-02, 
 2DIAGNOSTIC,    13, -6.116873989379e-01, 1.107998916593e-05, 2.0881e+00, 3.5518e-02, 
DIAGNOSTIC,Iteration,metricValue,convergenceValue,ITERATION_TIME_INDEX,SINCE_LAST
 2DIAGNOSTIC,     1, -5.350946351124e-01, 1.797693134862e+308, 3.1544e+00, 1.0663e+00, 
 2DIAGNOSTIC,     2, -5.354002340039e-01, 1.797693134862e+308, 3.4186e+00, 2.6419e-01, 
 2DIAGNOSTIC,     3, -5.356938312884e-01, 1.797693134862e+308, 3.7026e+00, 2.8409e-01, 
 2DIAGNOSTIC,     4, -5.357914886972e-01, 1.797693134862e+308, 4.0732e+00, 3.7052e-01, 
 2DIAGNOSTIC,     5, -5.357906165298e-01, 1.797693134862e+308, 4.4778e+00, 4.0466e-01, 
 2DIAGNOSTIC,     6, -5.357914018502e-01, 1.797693134862e+308, 4.7875e+00, 3.0967e-01, 
 2DIAGNOSTIC,     7, -5.357887802277e-01, 1.797693134862e+308, 5.1431e+00, 3.5563e-01, 
 2DIAGNOSTIC,     8, -5.357864792856e-01, 1.797693134862e+308, 5.4496e+00, 3.0651e-01, 
 2DIAGNOSTIC,     9, -5.357838617840e-01, 1.797693134862e+308, 5.7739e+00, 3.2424e-01, 
 2DIAGNOSTIC,    10, -5.357830579801e-01, 6.087884044860e-05, 6.1079e+00, 3.3405e-01, 
 2DIAGNOSTIC,    11, -5.357815159562e-01, 2.466951502630e-05, 6.4138e+00, 3.0589e-01, 
 2DIAGNOSTIC,    12, -5.357799607014e-01, 5.667078153165e-06, 6.7605e+00, 3.4670e-01, 
 2DIAGNOSTIC,    13, -5.357802748880e-01, 1.199811389102e-06, 7.0543e+00, 2.9374e-01, 
 2DIAGNOSTIC,    14, -5.357794391137e-01, 1.153041525967e-06, 7.3540e+00, 2.9972e-01, 
 2DIAGNOSTIC,    15, -5.357780993234e-01, 1.134346091572e-06, 7.7330e+00, 3.7904e-01, 
 2DIAGNOSTIC,    16, -5.357765738299e-01, 1.186340668410e-06, 8.0449e+00, 3.1183e-01, 
 2DIAGNOSTIC,    17, -5.357760398761e-01, 1.209636798512e-06, 8.4106e+00, 3.6579e-01, 
 2DIAGNOSTIC,    18, -5.357753435010e-01, 1.203696418713e-06, 8.7060e+00, 2.9536e-01, 
 2DIAGNOSTIC,    19, -5.357748513071e-01, 1.163390131620e-06, 8.9875e+00, 2.8155e-01, 
 2DIAGNOSTIC,    20, -5.357756947476e-01, 1.177214836202e-06, 9.3042e+00, 3.1668e-01, 
 2DIAGNOSTIC,    21, -5.357752463531e-01, 1.178614832911e-06, 9.6066e+00, 3.0240e-01, 
 2DIAGNOSTIC,    22, -5.357755973061e-01, 1.182036719692e-06, 9.9366e+00, 3.2998e-01, 
 2DIAGNOSTIC,    23, -5.357749147196e-01, 1.201291622052e-06, 1.0206e+01, 2.6927e-01, 
 2DIAGNOSTIC,    24, -5.357734538031e-01, 1.186008584689e-06, 1.0503e+01, 2.9738e-01, 
 2DIAGNOSTIC,    25, -5.357729227983e-01, 1.146507762159e-06, 1.0806e+01, 3.0249e-01, 
 2DIAGNOSTIC,    26, -5.357722282284e-01, 1.076360890667e-06, 1.1067e+01, 2.6126e-01, 
 2DIAGNOSTIC,    27, -5.357717385913e-01, 1.005472826707e-06, 1.1333e+01, 2.6591e-01, 
DIAGNOSTIC,Iteration,metricValue,convergenceValue,ITERATION_TIME_INDEX,SINCE_LAST
 2DIAGNOSTIC,     1, -4.914297049298e-01, 1.797693134862e+308, 1.4298e+01, 2.9646e+00, 
 2DIAGNOSTIC,     2, -4.916214425913e-01, 1.797693134862e+308, 1.6038e+01, 1.7401e+00, 
 2DIAGNOSTIC,     3, -4.918014037689e-01, 1.797693134862e+308, 1.7802e+01, 1.7649e+00, 
 2DIAGNOSTIC,     4, -4.919579408660e-01, 1.797693134862e+308, 1.9567e+01, 1.7646e+00, 
 2DIAGNOSTIC,     5, -4.921278470831e-01, 1.797693134862e+308, 2.1316e+01, 1.7492e+00, 
 2DIAGNOSTIC,     6, -4.922396065714e-01, 1.797693134862e+308, 2.4839e+01, 3.5230e+00, 
 2DIAGNOSTIC,     7, -4.922401860777e-01, 1.797693134862e+308, 2.7326e+01, 2.4866e+00, 
 2DIAGNOSTIC,     8, -4.922399241770e-01, 1.797693134862e+308, 2.9680e+01, 2.3543e+00, 
 2DIAGNOSTIC,     9, -4.922396437722e-01, 1.797693134862e+308, 3.1679e+01, 1.9988e+00, 
 2DIAGNOSTIC,    10, -4.922396195865e-01, 1.076256693609e-04, 3.3644e+01, 1.9653e+00, 
 2DIAGNOSTIC,    11, -4.922394865814e-01, 6.858806694621e-05, 3.5322e+01, 1.6782e+00, 
 2DIAGNOSTIC,    12, -4.922395208724e-01, 3.935473134466e-05, 3.7313e+01, 1.9901e+00, 
 2DIAGNOSTIC,    13, -4.922394460185e-01, 1.927143780900e-05, 3.9134e+01, 1.8219e+00, 
 2DIAGNOSTIC,    14, -4.922393710872e-01, 6.840171008909e-06, 4.0809e+01, 1.6749e+00, 
 2DIAGNOSTIC,    15, -4.922391805226e-01, 2.061510091314e-06, 4.2666e+01, 1.8567e+00, 
