
##########################
# Experiment information #
##########################

EXPERIMENT_NAME: antsRegistration-r7-p12
VFC_BACKENDS: libinterflop_vprec.so --range-binary32=7 --precision-binary32=12 --range-binary64=7 --precision-binary64=12

SIF_IMG: /home/mdugre/projects/rrg-glatard/mdugre/containers/ants-vprec-no_metrics.simg

SUBJECT_ID: s014
INPUT_IMG: /home/mdugre/scratch/mri-registration-rp/datasets/ds004513/derivatives/mri-registration-rp/antsBrainExtraction/sub-s014/BrainExtractionBrain.nii.gz
OUTPUT_DIR: /home/mdugre/scratch/mri-registration-rp/datasets/ds004513/derivatives/mri-registration-rp/0001/antsRegistration-r7-p12/sub-s014

FIXED_IMG: /templateflow/tpl-MNI152NLin2009cAsym/tpl-MNI152NLin2009cAsym_res-01_desc-brain_T1w.nii.gz
DATA_DIR: /home/mdugre/scratch/mri-registration-rp/datasets/ds004513
TEMPLATEFLOW_DIR: /home/mdugre/projects/rrg-glatard/mdugre/templateflow
ITK_GLOBAL_DEFAULT_NUMBER_OF_THREADS: 16
##########################

Info [verificarlo]: loaded backend libinterflop_ieee.so
Info [interflop-ieee]: load backend with:
Info [interflop-ieee]: debug = false
Info [interflop-ieee]: debug-binary = false
Info [interflop-ieee]: no-backend-name = false
Info [interflop-ieee]: print-new-line = false
Info [interflop-ieee]: print-subnormal-normalized = false
Info [interflop-ieee]: count-op = false
All_Command_lines_OK
Using double precision for computations.
=============================================================================
The composite transform comprises the following transforms (in order): 
  1. Center of mass alignment using fixed image: /templateflow/tpl-MNI152NLin2009cAsym/tpl-MNI152NLin2009cAsym_res-01_desc-brain_T1w.nii.gz and moving image: /home/mdugre/scratch/mri-registration-rp/datasets/ds004513/derivatives/mri-registration-rp/antsBrainExtraction/sub-s014/BrainExtractionBrain.nii.gz (type = Euler3DTransform)
=============================================================================
  number of levels = 1
  fixed image: /templateflow/tpl-MNI152NLin2009cAsym/tpl-MNI152NLin2009cAsym_res-01_desc-brain_T1w.nii.gz
  moving image: /home/mdugre/scratch/mri-registration-rp/datasets/ds004513/derivatives/mri-registration-rp/antsBrainExtraction/sub-s014/BrainExtractionBrain.nii.gz
Dimension = 3
Number of stages = 1
Use histogram matching = false
Winsorize image intensities = true
  Lower quantile = 0.005
  Upper quantile = 0.995


Stage 1 State
   Image metric = MattesMI
     Fixed image = Image (0x4ad4e70)
  RTTI typeinfo:   itk::Image<double, 3u>
  Reference Count: 2
  Modified Time: 2334
  Debug: Off
  Object Name: 
  Observers: 
    none
  Source: (none)
  Source output name: (none)
  Release Data: Off
  Data Released: False
  Global Release Data: Off
  PipelineMTime: 0
  UpdateMTime: 1943
  RealTimeStamp: 0 seconds 
  LargestPossibleRegion: 
    Dimension: 3
    Index: [0, 0, 0]
    Size: [193, 229, 193]
  BufferedRegion: 
    Dimension: 3
    Index: [0, 0, 0]
    Size: [193, 229, 193]
  RequestedRegion: 
    Dimension: 3
    Index: [0, 0, 0]
    Size: [193, 229, 193]
  Spacing: [1, 1, 1]
  Origin: [96, 132, -78]
  Direction: 
-1 0 0
0 -1 0
0 0 1

  IndexToPointMatrix: 
-1 0 0
0 -1 0
0 0 1

  PointToIndexMatrix: 
-1 0 0
0 -1 0
0 0 1

  Inverse Direction: 
-1 0 0
0 -1 0
0 0 1

  PixelContainer: 
    ImportImageContainer (0x4ae1140)
      RTTI typeinfo:   itk::ImportImageContainer<unsigned long, double>
      Reference Count: 1
      Modified Time: 1940
      Debug: Off
      Object Name: 
      Observers: 
        none
      Pointer: 0x1455c5d47010
      Container manages memory: true
      Size: 8530021
      Capacity: 8530021

     Moving image = Image (0x4ade310)
  RTTI typeinfo:   itk::Image<double, 3u>
  Reference Count: 2
  Modified Time: 2335
  Debug: Off
  Object Name: 
  Observers: 
    none
  Source: (none)
  Source output name: (none)
  Release Data: Off
  Data Released: False
  Global Release Data: Off
  PipelineMTime: 0
  UpdateMTime: 2332
  RealTimeStamp: 0 seconds 
  LargestPossibleRegion: 
    Dimension: 3
    Index: [0, 0, 0]
    Size: [160, 240, 256]
  BufferedRegion: 
    Dimension: 3
    Index: [0, 0, 0]
    Size: [160, 240, 256]
  RequestedRegion: 
    Dimension: 3
    Index: [0, 0, 0]
    Size: [160, 240, 256]
  Spacing: [0.999999, 1, 1]
  Origin: [84.1637, 106.709, -120.531]
  Direction: 
-0.999619 -0.0226874 -0.0157033
0.0226846 -0.999743 0.00035635
-0.0157073 -7.8229e-09 0.999877

  IndexToPointMatrix: 
-0.999619 -0.0226874 -0.0157033
0.0226845 -0.999743 0.00035635
-0.0157073 -7.8229e-09 0.999877

  PointToIndexMatrix: 
-0.99962 0.0226846 -0.0157073
-0.0226874 -0.999743 -7.83127e-09
-0.0157033 0.00035635 0.999877

  Inverse Direction: 
-0.999619 0.0226846 -0.0157073
-0.0226874 -0.999743 -7.83127e-09
-0.0157033 0.00035635 0.999877

  PixelContainer: 
    ImportImageContainer (0x4c09610)
      RTTI typeinfo:   itk::ImportImageContainer<unsigned long, double>
      Reference Count: 1
      Modified Time: 2329
      Debug: Off
      Object Name: 
      Observers: 
        none
      Pointer: 0x1455c1246010
      Container manages memory: true
      Size: 9830400
      Capacity: 9830400

     Weighting = 1
     Sampling strategy = regular
     Number of bins = 32
     Radius = 4
     Sampling percentage  = 0.25
   Transform = Rigid
     Gradient step = 0.1
     Update field sigma (voxel space) = 0
     Total field sigma (voxel space) = 0
     Update field time sigma = 0
     Total field time sigma  = 0
     Number of time indices = 0
     Number of time point samples = 0
Registration using 1 total stages.

Stage 0
  iterations = 0
  convergence threshold = 1e-06
  convergence window size = 10
  number of levels = 1
  using the Mattes MI metric (number of bins = 32, weight = 1, use gradient filter = 0)
  preprocessing:  winsorizing the image intensities
  Shrink factors (level 1 out of 1): [1, 1, 1]
  smoothing sigmas per level: [0]
  regular sampling (percentage = 0.25)

*** Running Euler3DTransform registration ***

  Elapsed time (stage 0): 1.12328


Total elapsed time: 1.12554
Info [verificarlo]: loaded backend libinterflop_ieee.so
Info [interflop-ieee]: load backend with:
Info [interflop-ieee]: debug = false
Info [interflop-ieee]: debug-binary = false
Info [interflop-ieee]: no-backend-name = false
Info [interflop-ieee]: print-new-line = false
Info [interflop-ieee]: print-subnormal-normalized = false
Info [interflop-ieee]: count-op = false
All_Command_lines_OK
Using double precision for computations.
=============================================================================
The composite transform comprises the following transforms (in order): 
  1. /home/mdugre/scratch/mri-registration-rp/datasets/ds004513/derivatives/mri-registration-rp/0001/antsRegistration-r7-p12/sub-s014/align_Composite.h5[0] (type = Euler3DTransform)
  2. /home/mdugre/scratch/mri-registration-rp/datasets/ds004513/derivatives/mri-registration-rp/0001/antsRegistration-r7-p12/sub-s014/align_Composite.h5[1] (type = Euler3DTransform)
=============================================================================
  number of levels = 4
  fixed image: /templateflow/tpl-MNI152NLin2009cAsym/tpl-MNI152NLin2009cAsym_res-01_desc-brain_T1w.nii.gz
  moving image: /home/mdugre/scratch/mri-registration-rp/datasets/ds004513/derivatives/mri-registration-rp/antsBrainExtraction/sub-s014/BrainExtractionBrain.nii.gz
Dimension = 3
Number of stages = 1
Use histogram matching = false
Winsorize image intensities = true
  Lower quantile = 0.005
  Upper quantile = 0.995


Stage 1 State
   Image metric = MattesMI
     Fixed image = Image (0x4fdf530)
  RTTI typeinfo:   itk::Image<double, 3u>
  Reference Count: 2
  Modified Time: 1580
  Debug: Off
  Object Name: 
  Observers: 
    none
  Source: (none)
  Source output name: (none)
  Release Data: Off
  Data Released: False
  Global Release Data: Off
  PipelineMTime: 0
  UpdateMTime: 1189
  RealTimeStamp: 0 seconds 
  LargestPossibleRegion: 
    Dimension: 3
    Index: [0, 0, 0]
    Size: [193, 229, 193]
  BufferedRegion: 
    Dimension: 3
    Index: [0, 0, 0]
    Size: [193, 229, 193]
  RequestedRegion: 
    Dimension: 3
    Index: [0, 0, 0]
    Size: [193, 229, 193]
  Spacing: [1, 1, 1]
  Origin: [96, 132, -78]
  Direction: 
-1 0 0
0 -1 0
0 0 1

  IndexToPointMatrix: 
-1 0 0
0 -1 0
0 0 1

  PointToIndexMatrix: 
-1 0 0
0 -1 0
0 0 1

  Inverse Direction: 
-1 0 0
0 -1 0
0 0 1

  PixelContainer: 
    ImportImageContainer (0x509dd60)
      RTTI typeinfo:   itk::ImportImageContainer<unsigned long, double>
      Reference Count: 1
      Modified Time: 1186
      Debug: Off
      Object Name: 
      Observers: 
        none
      Pointer: 0x14811526f010
      Container manages memory: true
      Size: 8530021
      Capacity: 8530021

     Moving image = Image (0x508ff60)
  RTTI typeinfo:   itk::Image<double, 3u>
  Reference Count: 2
  Modified Time: 1581
  Debug: Off
  Object Name: 
  Observers: 
    none
  Source: (none)
  Source output name: (none)
  Release Data: Off
  Data Released: False
  Global Release Data: Off
  PipelineMTime: 0
  UpdateMTime: 1578
  RealTimeStamp: 0 seconds 
  LargestPossibleRegion: 
    Dimension: 3
    Index: [0, 0, 0]
    Size: [160, 240, 256]
  BufferedRegion: 
    Dimension: 3
    Index: [0, 0, 0]
    Size: [160, 240, 256]
  RequestedRegion: 
    Dimension: 3
    Index: [0, 0, 0]
    Size: [160, 240, 256]
  Spacing: [0.999999, 1, 1]
  Origin: [84.1637, 106.709, -120.531]
  Direction: 
-0.999619 -0.0226874 -0.0157033
0.0226846 -0.999743 0.00035635
-0.0157073 -7.8229e-09 0.999877

  IndexToPointMatrix: 
-0.999619 -0.0226874 -0.0157033
0.0226845 -0.999743 0.00035635
-0.0157073 -7.8229e-09 0.999877

  PointToIndexMatrix: 
-0.99962 0.0226846 -0.0157073
-0.0226874 -0.999743 -7.83127e-09
-0.0157033 0.00035635 0.999877

  Inverse Direction: 
-0.999619 0.0226846 -0.0157073
-0.0226874 -0.999743 -7.83127e-09
-0.0157033 0.00035635 0.999877

  PixelContainer: 
    ImportImageContainer (0x50816d0)
      RTTI typeinfo:   itk::ImportImageContainer<unsigned long, double>
      Reference Count: 1
      Modified Time: 1575
      Debug: Off
      Object Name: 
      Observers: 
        none
      Pointer: 0x14811076e010
      Container manages memory: true
      Size: 9830400
      Capacity: 9830400

     Weighting = 1
     Sampling strategy = regular
     Number of bins = 32
     Radius = 4
     Sampling percentage  = 0.25
   Transform = Rigid
     Gradient step = 0.1
     Update field sigma (voxel space) = 0
     Total field sigma (voxel space) = 0
     Update field time sigma = 0
     Total field time sigma  = 0
     Number of time indices = 0
     Number of time point samples = 0
Registration using 1 total stages.

Stage 0
  iterations = 1000x500x250x100
  convergence threshold = 1e-06
  convergence window size = 10
  number of levels = 4
  using the Mattes MI metric (number of bins = 32, weight = 1, use gradient filter = 0)
  preprocessing:  winsorizing the image intensities
  Shrink factors (level 1 out of 4): [8, 8, 8]
  Shrink factors (level 2 out of 4): [4, 4, 4]
  Shrink factors (level 3 out of 4): [2, 2, 2]
  Shrink factors (level 4 out of 4): [1, 1, 1]
  smoothing sigmas per level: [3, 2, 1, 0]
  regular sampling (percentage = 0.25)

*** Running Euler3DTransform registration ***

DIAGNOSTIC,Iteration,metricValue,convergenceValue,ITERATION_TIME_INDEX,SINCE_LAST
 2DIAGNOSTIC,     1, -4.770821406565e-01, 1.797693134862e+308, 6.8689e-01, 6.8689e-01, 
 2DIAGNOSTIC,     2, -4.784216133942e-01, 1.797693134862e+308, 6.9107e-01, 4.1790e-03, 
 2DIAGNOSTIC,     3, -4.807043200681e-01, 1.797693134862e+308, 6.9527e-01, 4.1950e-03, 
 2DIAGNOSTIC,     4, -4.840264478065e-01, 1.797693134862e+308, 6.9929e-01, 4.0269e-03, 
 2DIAGNOSTIC,     5, -4.883050305770e-01, 1.797693134862e+308, 7.0344e-01, 4.1440e-03, 
 2DIAGNOSTIC,     6, -4.953560426371e-01, 1.797693134862e+308, 7.0816e-01, 4.7190e-03, 
 2DIAGNOSTIC,     7, -5.007350570384e-01, 1.797693134862e+308, 7.1225e-01, 4.0932e-03, 
 2DIAGNOSTIC,     8, -5.013278569503e-01, 1.797693134862e+308, 7.1651e-01, 4.2560e-03, 
 2DIAGNOSTIC,     9, -5.085255256006e-01, 1.797693134862e+308, 7.2140e-01, 4.8931e-03, 
 2DIAGNOSTIC,    10, -5.161992633656e-01, 5.125196520979e-03, 7.2760e-01, 6.2022e-03, 
 2DIAGNOSTIC,    11, -5.167072941437e-01, 4.879252931146e-03, 7.3194e-01, 4.3349e-03, 
 2DIAGNOSTIC,    12, -5.203629876260e-01, 4.481282734468e-03, 7.3632e-01, 4.3821e-03, 
 2DIAGNOSTIC,    13, -5.229718709777e-01, 3.958672533579e-03, 7.4064e-01, 4.3211e-03, 
 2DIAGNOSTIC,    14, -5.250338110829e-01, 3.368007801722e-03, 7.4556e-01, 4.9210e-03, 
 2DIAGNOSTIC,    15, -5.272078697647e-01, 2.786121483389e-03, 7.5195e-01, 6.3920e-03, 
 2DIAGNOSTIC,    16, -5.275715603977e-01, 2.284098302160e-03, 7.5616e-01, 4.2100e-03, 
 2DIAGNOSTIC,    17, -5.282507656510e-01, 1.839921123736e-03, 7.6032e-01, 4.1621e-03, 
 2DIAGNOSTIC,    18, -5.289722876065e-01, 1.313912041894e-03, 7.6504e-01, 4.7169e-03, 
 2DIAGNOSTIC,    19, -5.292207410111e-01, 9.370568707331e-04, 7.6971e-01, 4.6670e-03, 
 2DIAGNOSTIC,    20, -5.294476960672e-01, 7.341365573339e-04, 7.7437e-01, 4.6639e-03, 
 2DIAGNOSTIC,    21, -5.294955840903e-01, 4.966190831884e-04, 7.7853e-01, 4.1540e-03, 
 2DIAGNOSTIC,    22, -5.295366245031e-01, 3.281311959351e-04, 7.8343e-01, 4.9069e-03, 
 2DIAGNOSTIC,    23, -5.295376311909e-01, 2.063244245688e-04, 7.8811e-01, 4.6740e-03, 
 2DIAGNOSTIC,    24, -5.295911249027e-01, 1.234508389572e-04, 7.9284e-01, 4.7340e-03, 
 2DIAGNOSTIC,    25, -5.296271130646e-01, 8.499150549751e-05, 7.9763e-01, 4.7879e-03, 
 2DIAGNOSTIC,    26, -5.296539599385e-01, 4.983583932613e-05, 8.0192e-01, 4.2901e-03, 
 2DIAGNOSTIC,    27, -5.297704229811e-01, 2.877322816173e-05, 8.0622e-01, 4.3011e-03, 
 2DIAGNOSTIC,    28, -5.299884954873e-01, 2.504887533736e-05, 8.1195e-01, 5.7292e-03, 
 2DIAGNOSTIC,    29, -5.300854192463e-01, 2.569611954217e-05, 8.1663e-01, 4.6821e-03, 
 2DIAGNOSTIC,    30, -5.300410324623e-01, 2.732899346199e-05, 8.2086e-01, 4.2310e-03, 
 2DIAGNOSTIC,    31, -5.300376932143e-01, 2.724560550159e-05, 8.2508e-01, 4.2200e-03, 
 2DIAGNOSTIC,    32, -5.301686264233e-01, 2.763232920123e-05, 8.2935e-01, 4.2641e-03, 
 2DIAGNOSTIC,    33, -5.303926738417e-01, 2.905769096784e-05, 8.3457e-01, 5.2259e-03, 
 2DIAGNOSTIC,    34, -5.304519664598e-01, 2.945835347525e-05, 8.3980e-01, 5.2299e-03, 
 2DIAGNOSTIC,    35, -5.305073139181e-01, 2.868169326946e-05, 8.4401e-01, 4.2112e-03, 
 2DIAGNOSTIC,    36, -5.305686017146e-01, 2.670517371491e-05, 8.4825e-01, 4.2331e-03, 
 2DIAGNOSTIC,    37, -5.306602858939e-01, 2.533264910655e-05, 8.5411e-01, 5.8630e-03, 
 2DIAGNOSTIC,    38, -5.306881156229e-01, 2.512162423856e-05, 8.5829e-01, 4.1831e-03, 
 2DIAGNOSTIC,    39, -5.307317416633e-01, 2.461885297792e-05, 8.6250e-01, 4.2100e-03, 
 2DIAGNOSTIC,    40, -5.308225091353e-01, 2.257034275872e-05, 8.6821e-01, 5.7039e-03, 
 2DIAGNOSTIC,    41, -5.308460424124e-01, 1.877385526347e-05, 8.7243e-01, 4.2250e-03, 
 2DIAGNOSTIC,    42, -5.308561837321e-01, 1.520831957971e-05, 8.7660e-01, 4.1640e-03, 
 2DIAGNOSTIC,    43, -5.308777649273e-01, 1.355835178002e-05, 8.8081e-01, 4.2160e-03, 
 2DIAGNOSTIC,    44, -5.309114036110e-01, 1.190613945171e-05, 8.8499e-01, 4.1821e-03, 
 2DIAGNOSTIC,    45, -5.310262965518e-01, 1.129423567360e-05, 8.9169e-01, 6.6960e-03, 
 2DIAGNOSTIC,    46, -5.310374074445e-01, 1.049838942715e-05, 8.9589e-01, 4.2009e-03, 
 2DIAGNOSTIC,    47, -5.310434720121e-01, 9.962263455444e-06, 9.0012e-01, 4.2322e-03, 
 2DIAGNOSTIC,    48, -5.310518853633e-01, 8.989886110439e-06, 9.0432e-01, 4.2019e-03, 
 2DIAGNOSTIC,    49, -5.310584329536e-01, 7.783359503164e-06, 9.0956e-01, 5.2350e-03, 
 2DIAGNOSTIC,    50, -5.310645817646e-01, 6.973833584091e-06, 9.1525e-01, 5.6891e-03, 
 2DIAGNOSTIC,    51, -5.310656430617e-01, 5.851695600325e-06, 9.1954e-01, 4.2880e-03, 
 2DIAGNOSTIC,    52, -5.310738190001e-01, 4.481863509449e-06, 9.2459e-01, 5.0559e-03, 
 2DIAGNOSTIC,    53, -5.310768127969e-01, 3.049471521244e-06, 9.2907e-01, 4.4742e-03, 
 2DIAGNOSTIC,    54, -5.310775506016e-01, 1.750844720091e-06, 9.3355e-01, 4.4792e-03, 
 2DIAGNOSTIC,    55, -5.310817434211e-01, 1.565716412931e-06, 9.3806e-01, 4.5161e-03, 
 2DIAGNOSTIC,    56, -5.310870994121e-01, 1.452195857430e-06, 9.4314e-01, 5.0740e-03, 
 2DIAGNOSTIC,    57, -5.310885232962e-01, 1.327089154856e-06, 9.4803e-01, 4.8921e-03, 
 2DIAGNOSTIC,    58, -5.310914487850e-01, 1.238639650944e-06, 9.5287e-01, 4.8370e-03, 
 2DIAGNOSTIC,    59, -5.311015678587e-01, 1.240623596459e-06, 9.5822e-01, 5.3499e-03, 
 2DIAGNOSTIC,    60, -5.311021904297e-01, 1.235244578835e-06, 9.6268e-01, 4.4611e-03, 
 2DIAGNOSTIC,    61, -5.311059901820e-01, 1.204917779055e-06, 9.7625e-01, 1.3577e-02, 
 2DIAGNOSTIC,    62, -5.311059901659e-01, 1.182103197373e-06, 9.8915e-01, 1.2898e-02, 
 2DIAGNOSTIC,    63, -5.311059901659e-01, 1.122797857880e-06, 9.9372e-01, 4.5669e-03, 
 2DIAGNOSTIC,    64, -5.311059901659e-01, 1.011506956632e-06, 9.9825e-01, 4.5359e-03, 
DIAGNOSTIC,Iteration,metricValue,convergenceValue,ITERATION_TIME_INDEX,SINCE_LAST
 2DIAGNOSTIC,     1, -4.295258231625e-01, 1.797693134862e+308, 1.6920e+00, 6.9372e-01, 
 2DIAGNOSTIC,     2, -4.302859640431e-01, 1.797693134862e+308, 1.7195e+00, 2.7551e-02, 
 2DIAGNOSTIC,     3, -4.309651196675e-01, 1.797693134862e+308, 1.7482e+00, 2.8694e-02, 
 2DIAGNOSTIC,     4, -4.317164347764e-01, 1.797693134862e+308, 1.7810e+00, 3.2790e-02, 
 2DIAGNOSTIC,     5, -4.325561938345e-01, 1.797693134862e+308, 1.8084e+00, 2.7367e-02, 
 2DIAGNOSTIC,     6, -4.341819580778e-01, 1.797693134862e+308, 1.8369e+00, 2.8490e-02, 
 2DIAGNOSTIC,     7, -4.354327949460e-01, 1.797693134862e+308, 1.8670e+00, 3.0172e-02, 
 2DIAGNOSTIC,     8, -4.367134834399e-01, 1.797693134862e+308, 1.9012e+00, 3.4177e-02, 
 2DIAGNOSTIC,     9, -4.377076816051e-01, 1.797693134862e+308, 1.9439e+00, 4.2718e-02, 
 2DIAGNOSTIC,    10, -4.379510214292e-01, 1.375954781891e-03, 1.9750e+00, 3.1054e-02, 
 2DIAGNOSTIC,    11, -4.381306699706e-01, 1.211218579672e-03, 2.0069e+00, 3.1922e-02, 
 2DIAGNOSTIC,    12, -4.403708091228e-01, 1.128184042314e-03, 2.0441e+00, 3.7170e-02, 
 2DIAGNOSTIC,    13, -4.435986505934e-01, 1.148562288924e-03, 2.0830e+00, 3.8927e-02, 
 2DIAGNOSTIC,    14, -4.436199448401e-01, 1.094787364205e-03, 2.1136e+00, 3.0592e-02, 
 2DIAGNOSTIC,    15, -4.445052017920e-01, 1.025845796934e-03, 2.1502e+00, 3.6619e-02, 
 2DIAGNOSTIC,    16, -4.479362667439e-01, 1.077370595934e-03, 2.1960e+00, 4.5804e-02, 
 2DIAGNOSTIC,    17, -4.481475950968e-01, 1.073587593695e-03, 2.2271e+00, 3.1063e-02, 
 2DIAGNOSTIC,    18, -4.482020490564e-01, 1.018146305770e-03, 2.2641e+00, 3.7011e-02, 
 2DIAGNOSTIC,    19, -4.481966708853e-01, 9.107728248680e-04, 2.3257e+00, 6.1568e-02, 
 2DIAGNOSTIC,    20, -4.481953336215e-01, 7.394369060843e-04, 2.3561e+00, 3.0399e-02, 
 2DIAGNOSTIC,    21, -4.481954334411e-01, 5.189437695344e-04, 2.3922e+00, 3.6138e-02, 
 2DIAGNOSTIC,    22, -4.482018534082e-01, 3.337448800181e-04, 2.4284e+00, 3.6156e-02, 
 2DIAGNOSTIC,    23, -4.481921491937e-01, 2.259319876965e-04, 2.4571e+00, 2.8791e-02, 
 2DIAGNOSTIC,    24, -4.482074312947e-01, 1.077320600344e-04, 2.4895e+00, 3.2320e-02, 
 2DIAGNOSTIC,    25, -4.482144438981e-01, 9.691655350898e-06, 2.5204e+00, 3.0963e-02, 
 2DIAGNOSTIC,    26, -4.482116709876e-01, 3.273678239303e-06, 2.5519e+00, 3.1440e-02, 
 2DIAGNOSTIC,    27, -4.482088353341e-01, 2.084624240541e-06, 2.5966e+00, 4.4723e-02, 
 2DIAGNOSTIC,    28, -4.482139219711e-01, 2.274301615653e-06, 2.6268e+00, 3.0217e-02, 
 2DIAGNOSTIC,    29, -4.482420866039e-01, 2.842583321234e-06, 2.6608e+00, 3.3971e-02, 
 2DIAGNOSTIC,    30, -4.482455732313e-01, 3.232684012845e-06, 2.6947e+00, 3.3907e-02, 
 2DIAGNOSTIC,    31, -4.482405886060e-01, 3.298135858067e-06, 2.7240e+00, 2.9313e-02, 
 2DIAGNOSTIC,    32, -4.482290914469e-01, 3.068919437299e-06, 2.7543e+00, 3.0296e-02, 
 2DIAGNOSTIC,    33, -4.482261087037e-01, 2.406542452066e-06, 2.7882e+00, 3.3897e-02, 
 2DIAGNOSTIC,    34, -4.482147420872e-01, 1.704266688989e-06, 2.8213e+00, 3.3114e-02, 
 2DIAGNOSTIC,    35, -4.482170221244e-01, 1.142410628013e-06, 2.8515e+00, 3.0236e-02, 
DIAGNOSTIC,Iteration,metricValue,convergenceValue,ITERATION_TIME_INDEX,SINCE_LAST
 2DIAGNOSTIC,     1, -3.932184618207e-01, 1.797693134862e+308, 3.9563e+00, 1.1048e+00, 
 2DIAGNOSTIC,     2, -3.933350080170e-01, 1.797693134862e+308, 4.1902e+00, 2.3389e-01, 
 2DIAGNOSTIC,     3, -3.934316047102e-01, 1.797693134862e+308, 4.4427e+00, 2.5251e-01, 
 2DIAGNOSTIC,     4, -3.934445200994e-01, 1.797693134862e+308, 4.7435e+00, 3.0078e-01, 
 2DIAGNOSTIC,     5, -3.934561040684e-01, 1.797693134862e+308, 5.0280e+00, 2.8445e-01, 
 2DIAGNOSTIC,     6, -3.934557399725e-01, 1.797693134862e+308, 5.3352e+00, 3.0724e-01, 
 2DIAGNOSTIC,     7, -3.934568947168e-01, 1.797693134862e+308, 5.7554e+00, 4.2024e-01, 
 2DIAGNOSTIC,     8, -3.934560025984e-01, 1.797693134862e+308, 6.0441e+00, 2.8869e-01, 
 2DIAGNOSTIC,     9, -3.934553706691e-01, 1.797693134862e+308, 6.3933e+00, 3.4921e-01, 
 2DIAGNOSTIC,    10, -3.934548435074e-01, 2.950388295797e-05, 6.6795e+00, 2.8620e-01, 
 2DIAGNOSTIC,    11, -3.934535150112e-01, 1.251787714190e-05, 6.9841e+00, 3.0453e-01, 
 2DIAGNOSTIC,    12, -3.934529103032e-01, 4.334106867065e-06, 7.2853e+00, 3.0123e-01, 
 2DIAGNOSTIC,    13, -3.934523311596e-01, 2.580302137969e-06, 7.5354e+00, 2.5007e-01, 
 2DIAGNOSTIC,    14, -3.934518640153e-01, 1.691075432825e-06, 7.8532e+00, 3.1780e-01, 
 2DIAGNOSTIC,    15, -3.934519733686e-01, 1.537715201311e-06, 8.1109e+00, 2.5777e-01, 
 2DIAGNOSTIC,    16, -3.934513608805e-01, 1.410840027832e-06, 8.3593e+00, 2.4832e-01, 
 2DIAGNOSTIC,    17, -3.934508379519e-01, 1.380509601433e-06, 8.6384e+00, 2.7913e-01, 
 2DIAGNOSTIC,    18, -3.934502559007e-01, 1.340256960670e-06, 8.8671e+00, 2.2874e-01, 
 2DIAGNOSTIC,    19, -3.934497851001e-01, 1.301860499382e-06, 9.1426e+00, 2.7550e-01, 
 2DIAGNOSTIC,    20, -3.934499620878e-01, 1.290039412856e-06, 9.3845e+00, 2.4191e-01, 
 2DIAGNOSTIC,    21, -3.934502604175e-01, 1.271710320550e-06, 9.6653e+00, 2.8081e-01, 
 2DIAGNOSTIC,    22, -3.934498714844e-01, 1.245514227394e-06, 9.9492e+00, 2.8386e-01, 
 2DIAGNOSTIC,    23, -3.934501306481e-01, 1.231426925194e-06, 1.0251e+01, 3.0221e-01, 
 2DIAGNOSTIC,    24, -3.934495534950e-01, 1.200792374638e-06, 1.0489e+01, 2.3752e-01, 
 2DIAGNOSTIC,    25, -3.934490926862e-01, 1.174527761362e-06, 1.0728e+01, 2.3885e-01, 
 2DIAGNOSTIC,    26, -3.934495815539e-01, 1.156238083846e-06, 1.1009e+01, 2.8139e-01, 
 2DIAGNOSTIC,    27, -3.934510332134e-01, 1.170201586569e-06, 1.1305e+01, 2.9568e-01, 
 2DIAGNOSTIC,    28, -3.934498669505e-01, 1.138213948641e-06, 1.1562e+01, 2.5674e-01, 
 2DIAGNOSTIC,    29, -3.934494067166e-01, 1.086573176864e-06, 1.1840e+01, 2.7867e-01, 
 2DIAGNOSTIC,    30, -3.934490070244e-01, 1.034518144268e-06, 1.2127e+01, 2.8627e-01, 
 2DIAGNOSTIC,    31, -3.934493551463e-01, 1.002859530926e-06, 1.2385e+01, 2.5837e-01, 
 2DIAGNOSTIC,    32, -3.934514388238e-01, 1.012149846318e-06, 1.2678e+01, 2.9267e-01, 
 2DIAGNOSTIC,    33, -3.934519790919e-01, 1.036071878367e-06, 1.2927e+01, 2.4967e-01, 
 2DIAGNOSTIC,    34, -3.934514161295e-01, 1.029042878912e-06, 1.3187e+01, 2.5974e-01, 
 2DIAGNOSTIC,    35, -3.934525147675e-01, 1.027695381076e-06, 1.3474e+01, 2.8737e-01, 
 2DIAGNOSTIC,    36, -3.934539683268e-01, 1.051995538640e-06, 1.3805e+01, 3.3073e-01, 
 2DIAGNOSTIC,    37, -3.934536116711e-01, 1.079271385152e-06, 1.4101e+01, 2.9606e-01, 
 2DIAGNOSTIC,    38, -3.934525130101e-01, 1.042002308799e-06, 1.4381e+01, 2.7980e-01, 
DIAGNOSTIC,Iteration,metricValue,convergenceValue,ITERATION_TIME_INDEX,SINCE_LAST
 2DIAGNOSTIC,     1, -3.660000231599e-01, 1.797693134862e+308, 1.6979e+01, 2.5983e+00, 
 2DIAGNOSTIC,     2, -3.661006044535e-01, 1.797693134862e+308, 1.8566e+01, 1.5868e+00, 
 2DIAGNOSTIC,     3, -3.661940053278e-01, 1.797693134862e+308, 2.0102e+01, 1.5362e+00, 
 2DIAGNOSTIC,     4, -3.662025643783e-01, 1.797693134862e+308, 2.2749e+01, 2.6467e+00, 
 2DIAGNOSTIC,     5, -3.662022977202e-01, 1.797693134862e+308, 2.4596e+01, 1.8474e+00, 
 2DIAGNOSTIC,     6, -3.662022733067e-01, 1.797693134862e+308, 2.6161e+01, 1.5651e+00, 
 2DIAGNOSTIC,     7, -3.662021510226e-01, 1.797693134862e+308, 2.7701e+01, 1.5392e+00, 
 2DIAGNOSTIC,     8, -3.662021104587e-01, 1.797693134862e+308, 2.9368e+01, 1.6672e+00, 
 2DIAGNOSTIC,     9, -3.662019867429e-01, 1.797693134862e+308, 3.0973e+01, 1.6049e+00, 
 2DIAGNOSTIC,    10, -3.662019340487e-01, 2.615307450272e-05, 3.2401e+01, 1.4283e+00, 
 2DIAGNOSTIC,    11, -3.662019021213e-01, 1.049209203255e-05, 3.3965e+01, 1.5637e+00, 
 2DIAGNOSTIC,    12, -3.662017877661e-01, 3.091361935645e-06, 3.5561e+01, 1.5963e+00, 
 2DIAGNOSTIC,    13, -3.662019075505e-01, 2.358435323230e-06, 3.7237e+01, 1.6762e+00, 
 2DIAGNOSTIC,    14, -3.662018586928e-01, 2.210206261247e-06, 3.8747e+01, 1.5101e+00, 
 2DIAGNOSTIC,    15, -3.662018919956e-01, 2.075386456482e-06, 4.0326e+01, 1.5785e+00, 
 2DIAGNOSTIC,    16, -3.662018421199e-01, 1.958104276223e-06, 4.1727e+01, 1.4009e+00, 
 2DIAGNOSTIC,    17, -3.662017315481e-01, 1.846828502010e-06, 4.3064e+01, 1.3372e+00, 
 2DIAGNOSTIC,    18, -3.662016584366e-01, 1.745449658391e-06, 4.4715e+01, 1.6516e+00, 
 2DIAGNOSTIC,    19, -3.662015876145e-01, 1.648798700550e-06, 4.6402e+01, 1.6868e+00, 
 2DIAGNOSTIC,    20, -3.662013732744e-01, 1.553843687011e-06, 4.7934e+01, 1.5316e+00, 
 2DIAGNOSTIC,    21, -3.662013254754e-01, 1.468744399755e-06, 4.9781e+01, 1.8474e+00, 
 2DIAGNOSTIC,    22, -3.662011170181e-01, 1.384171148831e-06, 5.1415e+01, 1.6336e+00, 
 2DIAGNOSTIC,    23, -3.662008967080e-01, 1.309503376033e-06, 5.3015e+01, 1.6003e+00, 
 2DIAGNOSTIC,    24, -3.662008589098e-01, 1.245215993345e-06, 5.4649e+01, 1.6338e+00, 
 2DIAGNOSTIC,    25, -3.662009022341e-01, 1.195923254114e-06, 5.6326e+01, 1.6767e+00, 
 2DIAGNOSTIC,    26, -3.662008588444e-01, 1.154782418016e-06, 5.7784e+01, 1.4584e+00, 
 2DIAGNOSTIC,    27, -3.662010886767e-01, 1.126687573148e-06, 5.9455e+01, 1.6706e+00, 
 2DIAGNOSTIC,    28, -3.662011544814e-01, 1.105168417781e-06, 6.1080e+01, 1.6258e+00, 
 2DIAGNOSTIC,    29, -3.662007271055e-01, 1.074819768999e-06, 6.2957e+01, 1.8766e+00, 
 2DIAGNOSTIC,    30, -3.662006710110e-01, 1.041888221961e-06, 6.4447e+01, 1.4901e+00, 
 2DIAGNOSTIC,    31, -3.662006079267e-01, 1.010052151265e-06, 6.5942e+01, 1.4954e+00, 
  Elapsed time (stage 0): 6.6805e+01


Total elapsed time: 6.6808e+01
Info [verificarlo]: loaded backend libinterflop_ieee.so
Info [interflop-ieee]: load backend with:
Info [interflop-ieee]: debug = false
Info [interflop-ieee]: debug-binary = false
Info [interflop-ieee]: no-backend-name = false
Info [interflop-ieee]: print-new-line = false
Info [interflop-ieee]: print-subnormal-normalized = false
Info [interflop-ieee]: count-op = false
All_Command_lines_OK
Using double precision for computations.
=============================================================================
The composite transform comprises the following transforms (in order): 
  1. /home/mdugre/scratch/mri-registration-rp/datasets/ds004513/derivatives/mri-registration-rp/0001/antsRegistration-r7-p12/sub-s014/rigid_Composite.h5[0] (type = Euler3DTransform)
  2. /home/mdugre/scratch/mri-registration-rp/datasets/ds004513/derivatives/mri-registration-rp/0001/antsRegistration-r7-p12/sub-s014/rigid_Composite.h5[1] (type = Euler3DTransform)
  3. /home/mdugre/scratch/mri-registration-rp/datasets/ds004513/derivatives/mri-registration-rp/0001/antsRegistration-r7-p12/sub-s014/rigid_Composite.h5[2] (type = Euler3DTransform)
=============================================================================
  number of levels = 4
  fixed image: /templateflow/tpl-MNI152NLin2009cAsym/tpl-MNI152NLin2009cAsym_res-01_desc-brain_T1w.nii.gz
  moving image: /home/mdugre/scratch/mri-registration-rp/datasets/ds004513/derivatives/mri-registration-rp/antsBrainExtraction/sub-s014/BrainExtractionBrain.nii.gz
Dimension = 3
Number of stages = 1
Use histogram matching = false
Winsorize image intensities = true
  Lower quantile = 0.005
  Upper quantile = 0.995


Stage 1 State
   Image metric = MattesMI
     Fixed image = Image (0x47f57e0)
  RTTI typeinfo:   itk::Image<double, 3u>
  Reference Count: 2
  Modified Time: 1594
  Debug: Off
  Object Name: 
  Observers: 
    none
  Source: (none)
  Source output name: (none)
  Release Data: Off
  Data Released: False
  Global Release Data: Off
  PipelineMTime: 0
  UpdateMTime: 1203
  RealTimeStamp: 0 seconds 
  LargestPossibleRegion: 
    Dimension: 3
    Index: [0, 0, 0]
    Size: [193, 229, 193]
  BufferedRegion: 
    Dimension: 3
    Index: [0, 0, 0]
    Size: [193, 229, 193]
  RequestedRegion: 
    Dimension: 3
    Index: [0, 0, 0]
    Size: [193, 229, 193]
  Spacing: [1, 1, 1]
  Origin: [96, 132, -78]
  Direction: 
-1 0 0
0 -1 0
0 0 1

  IndexToPointMatrix: 
-1 0 0
0 -1 0
0 0 1

  PointToIndexMatrix: 
-1 0 0
0 -1 0
0 0 1

  Inverse Direction: 
-1 0 0
0 -1 0
0 0 1

  PixelContainer: 
    ImportImageContainer (0x48b5a20)
      RTTI typeinfo:   itk::ImportImageContainer<unsigned long, double>
      Reference Count: 1
      Modified Time: 1200
      Debug: Off
      Object Name: 
      Observers: 
        none
      Pointer: 0x148ff1d4a010
      Container manages memory: true
      Size: 8530021
      Capacity: 8530021

     Moving image = Image (0x48b0d70)
  RTTI typeinfo:   itk::Image<double, 3u>
  Reference Count: 2
  Modified Time: 1595
  Debug: Off
  Object Name: 
  Observers: 
    none
  Source: (none)
  Source output name: (none)
  Release Data: Off
  Data Released: False
  Global Release Data: Off
  PipelineMTime: 0
  UpdateMTime: 1592
  RealTimeStamp: 0 seconds 
  LargestPossibleRegion: 
    Dimension: 3
    Index: [0, 0, 0]
    Size: [160, 240, 256]
  BufferedRegion: 
    Dimension: 3
    Index: [0, 0, 0]
    Size: [160, 240, 256]
  RequestedRegion: 
    Dimension: 3
    Index: [0, 0, 0]
    Size: [160, 240, 256]
  Spacing: [0.999999, 1, 1]
  Origin: [84.1637, 106.709, -120.531]
  Direction: 
-0.999619 -0.0226874 -0.0157033
0.0226846 -0.999743 0.00035635
-0.0157073 -7.8229e-09 0.999877

  IndexToPointMatrix: 
-0.999619 -0.0226874 -0.0157033
0.0226845 -0.999743 0.00035635
-0.0157073 -7.8229e-09 0.999877

  PointToIndexMatrix: 
-0.99962 0.0226846 -0.0157073
-0.0226874 -0.999743 -7.83127e-09
-0.0157033 0.00035635 0.999877

  Inverse Direction: 
-0.999619 0.0226846 -0.0157073
-0.0226874 -0.999743 -7.83127e-09
-0.0157033 0.00035635 0.999877

  PixelContainer: 
    ImportImageContainer (0x4868c90)
      RTTI typeinfo:   itk::ImportImageContainer<unsigned long, double>
      Reference Count: 1
      Modified Time: 1589
      Debug: Off
      Object Name: 
      Observers: 
        none
      Pointer: 0x148fed249010
      Container manages memory: true
      Size: 9830400
      Capacity: 9830400

     Weighting = 1
     Sampling strategy = regular
     Number of bins = 32
     Radius = 4
     Sampling percentage  = 0.25
   Transform = Affine
     Gradient step = 0.1
     Update field sigma (voxel space) = 0
     Total field sigma (voxel space) = 0
     Update field time sigma = 0
     Total field time sigma  = 0
     Number of time indices = 0
     Number of time point samples = 0
Registration using 1 total stages.

Stage 0
  iterations = 1000x500x250x100
  convergence threshold = 1e-06
  convergence window size = 10
  number of levels = 4
  using the Mattes MI metric (number of bins = 32, weight = 1, use gradient filter = 0)
  preprocessing:  winsorizing the image intensities
  Shrink factors (level 1 out of 4): [8, 8, 8]
  Shrink factors (level 2 out of 4): [4, 4, 4]
  Shrink factors (level 3 out of 4): [2, 2, 2]
  Shrink factors (level 4 out of 4): [1, 1, 1]
  smoothing sigmas per level: [3, 2, 1, 0]
  regular sampling (percentage = 0.25)

*** Running AffineTransform registration ***

DIAGNOSTIC,Iteration,metricValue,convergenceValue,ITERATION_TIME_INDEX,SINCE_LAST
 2DIAGNOSTIC,     1, -5.239750080486e-01, 1.797693134862e+308, 7.1200e-01, 7.1200e-01, 
 2DIAGNOSTIC,     2, -5.258640011089e-01, 1.797693134862e+308, 7.1637e-01, 4.3681e-03, 
 2DIAGNOSTIC,     3, -5.291088178355e-01, 1.797693134862e+308, 7.2129e-01, 4.9241e-03, 
 2DIAGNOSTIC,     4, -5.347710738797e-01, 1.797693134862e+308, 7.2585e-01, 4.5550e-03, 
 2DIAGNOSTIC,     5, -5.449383435012e-01, 1.797693134862e+308, 7.3025e-01, 4.4048e-03, 
 2DIAGNOSTIC,     6, -6.215305921416e-01, 1.797693134862e+308, 7.3500e-01, 4.7479e-03, 
 2DIAGNOSTIC,     7, -6.633610696490e-01, 1.797693134862e+308, 7.3984e-01, 4.8401e-03, 
 2DIAGNOSTIC,     8, -7.298997251133e-01, 1.797693134862e+308, 7.4645e-01, 6.6111e-03, 
 2DIAGNOSTIC,     9, -7.422520595354e-01, 1.797693134862e+308, 7.5124e-01, 4.7958e-03, 
 2DIAGNOSTIC,    10, -7.541337867405e-01, 2.915589924932e-02, 7.5629e-01, 5.0409e-03, 
 2DIAGNOSTIC,    11, -7.649021572123e-01, 2.764846854023e-02, 7.6195e-01, 5.6610e-03, 
 2DIAGNOSTIC,    12, -7.741613163847e-01, 2.434790579178e-02, 7.6887e-01, 6.9201e-03, 
 2DIAGNOSTIC,    13, -7.770749611659e-01, 1.968341182822e-02, 7.7448e-01, 5.6181e-03, 
 2DIAGNOSTIC,    14, -7.814240440651e-01, 1.436951089672e-02, 7.7954e-01, 5.0590e-03, 
 2DIAGNOSTIC,    15, -7.874240646226e-01, 9.014356681758e-03, 7.8577e-01, 6.2289e-03, 
 2DIAGNOSTIC,    16, -7.920940485531e-01, 5.733376104470e-03, 7.9076e-01, 4.9901e-03, 
 2DIAGNOSTIC,    17, -7.957348515339e-01, 3.442742458629e-03, 7.9580e-01, 5.0421e-03, 
 2DIAGNOSTIC,    18, -8.010582517955e-01, 2.769039796137e-03, 8.0202e-01, 6.2180e-03, 
 2DIAGNOSTIC,    19, -8.020627028101e-01, 2.204718248617e-03, 8.0792e-01, 5.8930e-03, 
 2DIAGNOSTIC,    20, -8.025890644631e-01, 1.748795798372e-03, 8.1298e-01, 5.0669e-03, 
 2DIAGNOSTIC,    21, -8.047955201171e-01, 1.424948450918e-03, 8.1871e-01, 5.7318e-03, 
 2DIAGNOSTIC,    22, -8.088027595156e-01, 1.241494771601e-03, 8.2555e-01, 6.8400e-03, 
 2DIAGNOSTIC,    23, -8.108243690171e-01, 1.042956129580e-03, 8.3055e-01, 4.9989e-03, 
 2DIAGNOSTIC,    24, -8.126173607141e-01, 8.657354614333e-04, 8.3564e-01, 5.0838e-03, 
 2DIAGNOSTIC,    25, -8.155466164243e-01, 7.640115588139e-04, 8.4134e-01, 5.6989e-03, 
 2DIAGNOSTIC,    26, -8.215066508403e-01, 7.575375444175e-04, 8.4642e-01, 5.0800e-03, 
 2DIAGNOSTIC,    27, -8.250966767839e-01, 7.800311193690e-04, 8.5226e-01, 5.8429e-03, 
 2DIAGNOSTIC,    28, -8.289074877367e-01, 8.532815348801e-04, 8.5896e-01, 6.7000e-03, 
 2DIAGNOSTIC,    29, -8.295854107214e-01, 8.638454886555e-04, 8.6422e-01, 5.2631e-03, 
 2DIAGNOSTIC,    30, -8.372795430680e-01, 8.974621105822e-04, 8.7006e-01, 5.8351e-03, 
 2DIAGNOSTIC,    31, -8.403346720138e-01, 9.046810592867e-04, 8.7814e-01, 8.0800e-03, 
 2DIAGNOSTIC,    32, -8.402200156066e-01, 8.715391107903e-04, 8.8378e-01, 5.6410e-03, 
 2DIAGNOSTIC,    33, -8.408488047229e-01, 7.906997654476e-04, 8.8989e-01, 6.1100e-03, 
 2DIAGNOSTIC,    34, -8.411946405206e-01, 6.644451311316e-04, 8.9485e-01, 4.9660e-03, 
 2DIAGNOSTIC,    35, -8.414351163723e-01, 5.151593176938e-04, 9.0035e-01, 5.4951e-03, 
 2DIAGNOSTIC,    36, -8.416712761041e-01, 3.896348458484e-04, 9.0583e-01, 5.4851e-03, 
 2DIAGNOSTIC,    37, -8.415835395099e-01, 2.702719707018e-04, 9.1077e-01, 4.9400e-03, 
 2DIAGNOSTIC,    38, -8.417528196947e-01, 1.724945075146e-04, 9.1573e-01, 4.9529e-03, 
 2DIAGNOSTIC,    39, -8.419029988670e-01, 6.994694959276e-05, 9.2069e-01, 4.9670e-03, 
 2DIAGNOSTIC,    40, -8.420473712081e-01, 3.831099151299e-05, 9.2566e-01, 4.9682e-03, 
 2DIAGNOSTIC,    41, -8.423317541016e-01, 3.504634034382e-05, 9.3117e-01, 5.5051e-03, 
 2DIAGNOSTIC,    42, -8.424961833744e-01, 2.900872485229e-05, 9.3608e-01, 4.9100e-03, 
 2DIAGNOSTIC,    43, -8.423004302784e-01, 2.425590222112e-05, 9.4213e-01, 6.0480e-03, 
 2DIAGNOSTIC,    44, -8.422979323719e-01, 2.039461248818e-05, 9.5682e-01, 1.4691e-02, 
 2DIAGNOSTIC,    45, -8.422979187516e-01, 1.673704437389e-05, 9.6194e-01, 5.1248e-03, 
 2DIAGNOSTIC,    46, -8.422979220068e-01, 1.358917410486e-05, 9.6688e-01, 4.9360e-03, 
 2DIAGNOSTIC,    47, -8.422979275135e-01, 8.647520359679e-06, 9.7181e-01, 4.9341e-03, 
 2DIAGNOSTIC,    48, -8.422979368235e-01, 4.494608663690e-06, 9.7684e-01, 5.0309e-03, 
 2DIAGNOSTIC,    49, -8.422979525616e-01, 1.300046047988e-06, 9.8177e-01, 4.9288e-03, 
DIAGNOSTIC,Iteration,metricValue,convergenceValue,ITERATION_TIME_INDEX,SINCE_LAST
 2DIAGNOSTIC,     1, -6.880687158224e-01, 1.797693134862e+308, 1.7348e+00, 7.5299e-01, 
 2DIAGNOSTIC,     2, -6.886938849295e-01, 1.797693134862e+308, 1.7726e+00, 3.7815e-02, 
 2DIAGNOSTIC,     3, -6.892109994418e-01, 1.797693134862e+308, 1.8098e+00, 3.7213e-02, 
 2DIAGNOSTIC,     4, -6.897132495440e-01, 1.797693134862e+308, 1.8464e+00, 3.6588e-02, 
 2DIAGNOSTIC,     5, -6.905630539932e-01, 1.797693134862e+308, 1.8840e+00, 3.7662e-02, 
 2DIAGNOSTIC,     6, -6.916105863767e-01, 1.797693134862e+308, 1.9274e+00, 4.3333e-02, 
 2DIAGNOSTIC,     7, -6.932345373744e-01, 1.797693134862e+308, 1.9969e+00, 6.9506e-02, 
 2DIAGNOSTIC,     8, -6.932389822909e-01, 1.797693134862e+308, 2.0355e+00, 3.8571e-02, 
 2DIAGNOSTIC,     9, -6.932739153399e-01, 1.797693134862e+308, 2.0746e+00, 3.9113e-02, 
 2DIAGNOSTIC,    10, -6.933213595176e-01, 5.747661130966e-04, 2.1274e+00, 5.2836e-02, 
 2DIAGNOSTIC,    11, -6.933558121966e-01, 4.614998855563e-04, 2.1760e+00, 4.8555e-02, 
 2DIAGNOSTIC,    12, -6.933719162191e-01, 3.471233605405e-04, 2.2240e+00, 4.8054e-02, 
 2DIAGNOSTIC,    13, -6.934066218346e-01, 2.369667359683e-04, 2.2745e+00, 5.0489e-02, 
 2DIAGNOSTIC,    14, -6.934364164172e-01, 1.373042014386e-04, 2.3120e+00, 3.7496e-02, 
 2DIAGNOSTIC,    15, -6.935497390437e-01, 6.469219524920e-05, 2.3533e+00, 4.1285e-02, 
 2DIAGNOSTIC,    16, -6.936288997064e-01, 2.310284526837e-05, 2.3938e+00, 4.0479e-02, 
 2DIAGNOSTIC,    17, -6.936165085666e-01, 2.340706364827e-05, 2.4330e+00, 3.9257e-02, 
 2DIAGNOSTIC,    18, -6.936228547161e-01, 2.199235476795e-05, 2.4744e+00, 4.1422e-02, 
 2DIAGNOSTIC,    19, -6.936073546109e-01, 1.925624389778e-05, 2.5119e+00, 3.7431e-02, 
 2DIAGNOSTIC,    20, -6.936064761171e-01, 1.607094717394e-05, 2.5496e+00, 3.7763e-02, 
 2DIAGNOSTIC,    21, -6.936300495854e-01, 1.294920215936e-05, 2.5901e+00, 4.0514e-02, 
 2DIAGNOSTIC,    22, -6.935985530306e-01, 8.760357134270e-06, 2.6469e+00, 5.6758e-02, 
 2DIAGNOSTIC,    23, -6.935870099561e-01, 4.718636480973e-06, 2.6886e+00, 4.1705e-02, 
DIAGNOSTIC,Iteration,metricValue,convergenceValue,ITERATION_TIME_INDEX,SINCE_LAST
 2DIAGNOSTIC,     1, -5.884646137776e-01, 1.797693134862e+308, 3.8038e+00, 1.1152e+00, 
 2DIAGNOSTIC,     2, -5.891093102902e-01, 1.797693134862e+308, 4.0984e+00, 2.9461e-01, 
 2DIAGNOSTIC,     3, -5.898416122591e-01, 1.797693134862e+308, 4.3782e+00, 2.7983e-01, 
 2DIAGNOSTIC,     4, -5.906780502979e-01, 1.797693134862e+308, 4.6609e+00, 2.8272e-01, 
 2DIAGNOSTIC,     5, -5.918191562483e-01, 1.797693134862e+308, 5.0082e+00, 3.4728e-01, 
 2DIAGNOSTIC,     6, -5.938120983690e-01, 1.797693134862e+308, 5.4502e+00, 4.4201e-01, 
 2DIAGNOSTIC,     7, -5.938191132066e-01, 1.797693134862e+308, 6.0357e+00, 5.8542e-01, 
 2DIAGNOSTIC,     8, -5.938189538181e-01, 1.797693134862e+308, 6.3706e+00, 3.3494e-01, 
 2DIAGNOSTIC,     9, -5.938163027021e-01, 1.797693134862e+308, 6.6983e+00, 3.2773e-01, 
 2DIAGNOSTIC,    10, -5.938146093188e-01, 6.778323713862e-04, 7.0264e+00, 3.2804e-01, 
 2DIAGNOSTIC,    11, -5.938147379233e-01, 4.966399337759e-04, 7.3701e+00, 3.4378e-01, 
 2DIAGNOSTIC,    12, -5.938152288387e-01, 3.272709849949e-04, 7.7002e+00, 3.3009e-01, 
 2DIAGNOSTIC,    13, -5.938137805059e-01, 1.825149402994e-04, 8.0289e+00, 3.2868e-01, 
 2DIAGNOSTIC,    14, -5.938110853679e-01, 7.041265101297e-05, 8.3276e+00, 2.9870e-01, 
 2DIAGNOSTIC,    15, -5.938107471725e-01, 1.726270202104e-06, 8.6495e+00, 3.2186e-01, 
 2DIAGNOSTIC,    16, -5.938095544654e-01, 1.371758526103e-06, 8.9748e+00, 3.2532e-01, 
 2DIAGNOSTIC,    17, -5.938110503438e-01, 1.354165906534e-06, 9.3312e+00, 3.5641e-01, 
 2DIAGNOSTIC,    18, -5.938098268152e-01, 1.350519986523e-06, 9.6883e+00, 3.5707e-01, 
 2DIAGNOSTIC,    19, -5.938092695035e-01, 1.308833544010e-06, 1.0019e+01, 3.3114e-01, 
 2DIAGNOSTIC,    20, -5.938077686784e-01, 1.229560810806e-06, 1.0299e+01, 2.7979e-01, 
