
##########################
# Experiment information #
##########################

EXPERIMENT_NAME: antsRegistration-r8-p21
VFC_BACKENDS: libinterflop_vprec.so --range-binary32=8 --precision-binary32=21 --range-binary64=8 --precision-binary64=21

SIF_IMG: /home/mdugre/projects/rrg-glatard/mdugre/containers/ants-vprec-no_metrics.simg

SUBJECT_ID: s035
INPUT_IMG: /home/mdugre/scratch/mri-registration-rp/datasets/ds004513/derivatives/mri-registration-rp/antsBrainExtraction/sub-s035/BrainExtractionBrain.nii.gz
OUTPUT_DIR: /home/mdugre/scratch/mri-registration-rp/datasets/ds004513/derivatives/mri-registration-rp/0001/antsRegistration-r8-p21/sub-s035

FIXED_IMG: /templateflow/tpl-MNI152NLin2009cAsym/tpl-MNI152NLin2009cAsym_res-01_desc-brain_T1w.nii.gz
DATA_DIR: /home/mdugre/scratch/mri-registration-rp/datasets/ds004513
TEMPLATEFLOW_DIR: /home/mdugre/projects/rrg-glatard/mdugre/templateflow
ITK_GLOBAL_DEFAULT_NUMBER_OF_THREADS: 16
##########################

Info [verificarlo]: loaded backend libinterflop_ieee.so
Info [interflop-ieee]: load backend with:
Info [interflop-ieee]: debug = false
Info [interflop-ieee]: debug-binary = false
Info [interflop-ieee]: no-backend-name = false
Info [interflop-ieee]: print-new-line = false
Info [interflop-ieee]: print-subnormal-normalized = false
Info [interflop-ieee]: count-op = false
All_Command_lines_OK
Using double precision for computations.
=============================================================================
The composite transform comprises the following transforms (in order): 
  1. Center of mass alignment using fixed image: /templateflow/tpl-MNI152NLin2009cAsym/tpl-MNI152NLin2009cAsym_res-01_desc-brain_T1w.nii.gz and moving image: /home/mdugre/scratch/mri-registration-rp/datasets/ds004513/derivatives/mri-registration-rp/antsBrainExtraction/sub-s035/BrainExtractionBrain.nii.gz (type = Euler3DTransform)
=============================================================================
  number of levels = 1
  fixed image: /templateflow/tpl-MNI152NLin2009cAsym/tpl-MNI152NLin2009cAsym_res-01_desc-brain_T1w.nii.gz
  moving image: /home/mdugre/scratch/mri-registration-rp/datasets/ds004513/derivatives/mri-registration-rp/antsBrainExtraction/sub-s035/BrainExtractionBrain.nii.gz
Dimension = 3
Number of stages = 1
Use histogram matching = false
Winsorize image intensities = true
  Lower quantile = 0.005
  Upper quantile = 0.995


Stage 1 State
   Image metric = MattesMI
     Fixed image = Image (0x3c14e70)
  RTTI typeinfo:   itk::Image<double, 3u>
  Reference Count: 2
  Modified Time: 2330
  Debug: Off
  Object Name: 
  Observers: 
    none
  Source: (none)
  Source output name: (none)
  Release Data: Off
  Data Released: False
  Global Release Data: Off
  PipelineMTime: 0
  UpdateMTime: 1941
  RealTimeStamp: 0 seconds 
  LargestPossibleRegion: 
    Dimension: 3
    Index: [0, 0, 0]
    Size: [193, 229, 193]
  BufferedRegion: 
    Dimension: 3
    Index: [0, 0, 0]
    Size: [193, 229, 193]
  RequestedRegion: 
    Dimension: 3
    Index: [0, 0, 0]
    Size: [193, 229, 193]
  Spacing: [1, 1, 1]
  Origin: [96, 132, -78]
  Direction: 
-1 0 0
0 -1 0
0 0 1

  IndexToPointMatrix: 
-1 0 0
0 -1 0
0 0 1

  PointToIndexMatrix: 
-1 0 0
0 -1 0
0 0 1

  Inverse Direction: 
-1 0 0
0 -1 0
0 0 1

  PixelContainer: 
    ImportImageContainer (0x3c1dc60)
      RTTI typeinfo:   itk::ImportImageContainer<unsigned long, double>
      Reference Count: 1
      Modified Time: 1938
      Debug: Off
      Object Name: 
      Observers: 
        none
      Pointer: 0x14babded1010
      Container manages memory: true
      Size: 8530021
      Capacity: 8530021

     Moving image = Image (0x3cb1ec0)
  RTTI typeinfo:   itk::Image<double, 3u>
  Reference Count: 2
  Modified Time: 2331
  Debug: Off
  Object Name: 
  Observers: 
    none
  Source: (none)
  Source output name: (none)
  Release Data: Off
  Data Released: False
  Global Release Data: Off
  PipelineMTime: 0
  UpdateMTime: 2328
  RealTimeStamp: 0 seconds 
  LargestPossibleRegion: 
    Dimension: 3
    Index: [0, 0, 0]
    Size: [160, 240, 256]
  BufferedRegion: 
    Dimension: 3
    Index: [0, 0, 0]
    Size: [160, 240, 256]
  RequestedRegion: 
    Dimension: 3
    Index: [0, 0, 0]
    Size: [160, 240, 256]
  Spacing: [1, 1, 1]
  Origin: [98.6438, 87.6358, -117.989]
  Direction: 
-0.993515 -0.100993 -0.0522355
0.100854 -0.994887 0.00530255
-0.0525039 1.93537e-08 0.998621

  IndexToPointMatrix: 
-0.993515 -0.100993 -0.0522355
0.100854 -0.994887 0.00530255
-0.0525039 1.93537e-08 0.998621

  PointToIndexMatrix: 
-0.993515 0.100854 -0.0525039
-0.100993 -0.994887 1.93006e-08
-0.0522355 0.00530255 0.998621

  Inverse Direction: 
-0.993515 0.100854 -0.0525039
-0.100993 -0.994887 1.93006e-08
-0.0522355 0.00530255 0.998621

  PixelContainer: 
    ImportImageContainer (0x3d49610)
      RTTI typeinfo:   itk::ImportImageContainer<unsigned long, double>
      Reference Count: 1
      Modified Time: 2325
      Debug: Off
      Object Name: 
      Observers: 
        none
      Pointer: 0x14bab93d0010
      Container manages memory: true
      Size: 9830400
      Capacity: 9830400

     Weighting = 1
     Sampling strategy = regular
     Number of bins = 32
     Radius = 4
     Sampling percentage  = 0.25
   Transform = Rigid
     Gradient step = 0.1
     Update field sigma (voxel space) = 0
     Total field sigma (voxel space) = 0
     Update field time sigma = 0
     Total field time sigma  = 0
     Number of time indices = 0
     Number of time point samples = 0
Registration using 1 total stages.

Stage 0
  iterations = 0
  convergence threshold = 1e-06
  convergence window size = 10
  number of levels = 1
  using the Mattes MI metric (number of bins = 32, weight = 1, use gradient filter = 0)
  preprocessing:  winsorizing the image intensities
  Shrink factors (level 1 out of 1): [1, 1, 1]
  smoothing sigmas per level: [0]
  regular sampling (percentage = 0.25)

*** Running Euler3DTransform registration ***

  Elapsed time (stage 0): 1.09477


Total elapsed time: 1.09744
Info [verificarlo]: loaded backend libinterflop_ieee.so
Info [interflop-ieee]: load backend with:
Info [interflop-ieee]: debug = false
Info [interflop-ieee]: debug-binary = false
Info [interflop-ieee]: no-backend-name = false
Info [interflop-ieee]: print-new-line = false
Info [interflop-ieee]: print-subnormal-normalized = false
Info [interflop-ieee]: count-op = false
All_Command_lines_OK
Using double precision for computations.
=============================================================================
The composite transform comprises the following transforms (in order): 
  1. /home/mdugre/scratch/mri-registration-rp/datasets/ds004513/derivatives/mri-registration-rp/0001/antsRegistration-r8-p21/sub-s035/align_Composite.h5[0] (type = Euler3DTransform)
  2. /home/mdugre/scratch/mri-registration-rp/datasets/ds004513/derivatives/mri-registration-rp/0001/antsRegistration-r8-p21/sub-s035/align_Composite.h5[1] (type = Euler3DTransform)
=============================================================================
  number of levels = 4
  fixed image: /templateflow/tpl-MNI152NLin2009cAsym/tpl-MNI152NLin2009cAsym_res-01_desc-brain_T1w.nii.gz
  moving image: /home/mdugre/scratch/mri-registration-rp/datasets/ds004513/derivatives/mri-registration-rp/antsBrainExtraction/sub-s035/BrainExtractionBrain.nii.gz
Dimension = 3
Number of stages = 1
Use histogram matching = false
Winsorize image intensities = true
  Lower quantile = 0.005
  Upper quantile = 0.995


Stage 1 State
   Image metric = MattesMI
     Fixed image = Image (0x41a2530)
  RTTI typeinfo:   itk::Image<double, 3u>
  Reference Count: 2
  Modified Time: 1578
  Debug: Off
  Object Name: 
  Observers: 
    none
  Source: (none)
  Source output name: (none)
  Release Data: Off
  Data Released: False
  Global Release Data: Off
  PipelineMTime: 0
  UpdateMTime: 1189
  RealTimeStamp: 0 seconds 
  LargestPossibleRegion: 
    Dimension: 3
    Index: [0, 0, 0]
    Size: [193, 229, 193]
  BufferedRegion: 
    Dimension: 3
    Index: [0, 0, 0]
    Size: [193, 229, 193]
  RequestedRegion: 
    Dimension: 3
    Index: [0, 0, 0]
    Size: [193, 229, 193]
  Spacing: [1, 1, 1]
  Origin: [96, 132, -78]
  Direction: 
-1 0 0
0 -1 0
0 0 1

  IndexToPointMatrix: 
-1 0 0
0 -1 0
0 0 1

  PointToIndexMatrix: 
-1 0 0
0 -1 0
0 0 1

  Inverse Direction: 
-1 0 0
0 -1 0
0 0 1

  PixelContainer: 
    ImportImageContainer (0x4260d60)
      RTTI typeinfo:   itk::ImportImageContainer<unsigned long, double>
      Reference Count: 1
      Modified Time: 1186
      Debug: Off
      Object Name: 
      Observers: 
        none
      Pointer: 0x146ef6bea010
      Container manages memory: true
      Size: 8530021
      Capacity: 8530021

     Moving image = Image (0x4252f60)
  RTTI typeinfo:   itk::Image<double, 3u>
  Reference Count: 2
  Modified Time: 1579
  Debug: Off
  Object Name: 
  Observers: 
    none
  Source: (none)
  Source output name: (none)
  Release Data: Off
  Data Released: False
  Global Release Data: Off
  PipelineMTime: 0
  UpdateMTime: 1576
  RealTimeStamp: 0 seconds 
  LargestPossibleRegion: 
    Dimension: 3
    Index: [0, 0, 0]
    Size: [160, 240, 256]
  BufferedRegion: 
    Dimension: 3
    Index: [0, 0, 0]
    Size: [160, 240, 256]
  RequestedRegion: 
    Dimension: 3
    Index: [0, 0, 0]
    Size: [160, 240, 256]
  Spacing: [1, 1, 1]
  Origin: [98.6438, 87.6358, -117.989]
  Direction: 
-0.993515 -0.100993 -0.0522355
0.100854 -0.994887 0.00530255
-0.0525039 1.93537e-08 0.998621

  IndexToPointMatrix: 
-0.993515 -0.100993 -0.0522355
0.100854 -0.994887 0.00530255
-0.0525039 1.93537e-08 0.998621

  PointToIndexMatrix: 
-0.993515 0.100854 -0.0525039
-0.100993 -0.994887 1.93006e-08
-0.0522355 0.00530255 0.998621

  Inverse Direction: 
-0.993515 0.100854 -0.0525039
-0.100993 -0.994887 1.93006e-08
-0.0522355 0.00530255 0.998621

  PixelContainer: 
    ImportImageContainer (0x42446d0)
      RTTI typeinfo:   itk::ImportImageContainer<unsigned long, double>
      Reference Count: 1
      Modified Time: 1573
      Debug: Off
      Object Name: 
      Observers: 
        none
      Pointer: 0x146ef20e9010
      Container manages memory: true
      Size: 9830400
      Capacity: 9830400

     Weighting = 1
     Sampling strategy = regular
     Number of bins = 32
     Radius = 4
     Sampling percentage  = 0.25
   Transform = Rigid
     Gradient step = 0.1
     Update field sigma (voxel space) = 0
     Total field sigma (voxel space) = 0
     Update field time sigma = 0
     Total field time sigma  = 0
     Number of time indices = 0
     Number of time point samples = 0
Registration using 1 total stages.

Stage 0
  iterations = 1000x500x250x100
  convergence threshold = 1e-06
  convergence window size = 10
  number of levels = 4
  using the Mattes MI metric (number of bins = 32, weight = 1, use gradient filter = 0)
  preprocessing:  winsorizing the image intensities
  Shrink factors (level 1 out of 4): [8, 8, 8]
  Shrink factors (level 2 out of 4): [4, 4, 4]
  Shrink factors (level 3 out of 4): [2, 2, 2]
  Shrink factors (level 4 out of 4): [1, 1, 1]
  smoothing sigmas per level: [3, 2, 1, 0]
  regular sampling (percentage = 0.25)

*** Running Euler3DTransform registration ***

DIAGNOSTIC,Iteration,metricValue,convergenceValue,ITERATION_TIME_INDEX,SINCE_LAST
 2DIAGNOSTIC,     1, -5.238630234552e-01, 1.797693134862e+308, 7.2453e-01, 7.2453e-01, 
 2DIAGNOSTIC,     2, -5.257885820767e-01, 1.797693134862e+308, 7.2913e-01, 4.5991e-03, 
 2DIAGNOSTIC,     3, -5.278597554839e-01, 1.797693134862e+308, 7.3341e-01, 4.2779e-03, 
 2DIAGNOSTIC,     4, -5.302176117225e-01, 1.797693134862e+308, 7.3755e-01, 4.1411e-03, 
 2DIAGNOSTIC,     5, -5.343462816845e-01, 1.797693134862e+308, 7.4163e-01, 4.0801e-03, 
 2DIAGNOSTIC,     6, -5.399239396740e-01, 1.797693134862e+308, 7.4582e-01, 4.1950e-03, 
 2DIAGNOSTIC,     7, -5.490554822001e-01, 1.797693134862e+308, 7.4999e-01, 4.1640e-03, 
 2DIAGNOSTIC,     8, -5.545204224448e-01, 1.797693134862e+308, 7.5529e-01, 5.3051e-03, 
 2DIAGNOSTIC,     9, -5.601437715553e-01, 1.797693134862e+308, 7.5953e-01, 4.2410e-03, 
 2DIAGNOSTIC,    10, -5.617741193774e-01, 5.067640484485e-03, 7.6395e-01, 4.4219e-03, 
 2DIAGNOSTIC,    11, -5.649562249041e-01, 4.796539612083e-03, 7.6923e-01, 5.2738e-03, 
 2DIAGNOSTIC,    12, -5.658710903081e-01, 4.260783098155e-03, 7.7393e-01, 4.6990e-03, 
 2DIAGNOSTIC,    13, -5.662828333056e-01, 3.524744036645e-03, 7.7812e-01, 4.1971e-03, 
 2DIAGNOSTIC,    14, -5.685908474577e-01, 2.751340472953e-03, 7.8301e-01, 4.8840e-03, 
 2DIAGNOSTIC,    15, -5.732745043306e-01, 2.134644679428e-03, 7.8932e-01, 6.3140e-03, 
 2DIAGNOSTIC,    16, -5.738084427845e-01, 1.591333148336e-03, 7.9451e-01, 5.1851e-03, 
 2DIAGNOSTIC,    17, -5.739093703465e-01, 1.247363567740e-03, 7.9870e-01, 4.1962e-03, 
 2DIAGNOSTIC,    18, -5.745773598458e-01, 1.002163966316e-03, 8.0332e-01, 4.6160e-03, 
 2DIAGNOSTIC,    19, -5.752045522722e-01, 8.579763081920e-04, 8.0758e-01, 4.2610e-03, 
 2DIAGNOSTIC,    20, -5.755578777726e-01, 6.955845773868e-04, 8.1190e-01, 4.3230e-03, 
 2DIAGNOSTIC,    21, -5.761681227725e-01, 5.767135182697e-04, 8.1616e-01, 4.2570e-03, 
 2DIAGNOSTIC,    22, -5.775610178280e-01, 4.707067062531e-04, 8.2049e-01, 4.3330e-03, 
 2DIAGNOSTIC,    23, -5.801876522132e-01, 3.965856196785e-04, 8.2501e-01, 4.5121e-03, 
 2DIAGNOSTIC,    24, -5.873578871752e-01, 4.881452203721e-04, 8.3111e-01, 6.1040e-03, 
 2DIAGNOSTIC,    25, -5.924052233465e-01, 7.199711434667e-04, 8.3700e-01, 5.8880e-03, 
 2DIAGNOSTIC,    26, -5.933789722511e-01, 8.944842699620e-04, 8.4234e-01, 5.3420e-03, 
 2DIAGNOSTIC,    27, -5.948140362545e-01, 1.002036484385e-03, 8.4712e-01, 4.7772e-03, 
 2DIAGNOSTIC,    28, -5.954370004524e-01, 1.029952320820e-03, 8.5139e-01, 4.2689e-03, 
 2DIAGNOSTIC,    29, -5.955619965604e-01, 9.699000562534e-04, 8.5570e-01, 4.3120e-03, 
 2DIAGNOSTIC,    30, -5.960977142420e-01, 8.366692959596e-04, 8.5991e-01, 4.2140e-03, 
 2DIAGNOSTIC,    31, -5.971105016144e-01, 6.606986235296e-04, 8.6476e-01, 4.8521e-03, 
 2DIAGNOSTIC,    32, -5.989728413271e-01, 4.853112632100e-04, 8.7115e-01, 6.3889e-03, 
 2DIAGNOSTIC,    33, -5.996340171180e-01, 3.222359247455e-04, 8.7541e-01, 4.2548e-03, 
 2DIAGNOSTIC,    34, -5.997688324837e-01, 2.443793014705e-04, 8.7964e-01, 4.2369e-03, 
 2DIAGNOSTIC,    35, -5.999328162795e-01, 2.224308788985e-04, 8.8490e-01, 5.2590e-03, 
 2DIAGNOSTIC,    36, -6.001598298570e-01, 1.965988108181e-04, 8.8911e-01, 4.2100e-03, 
 2DIAGNOSTIC,    37, -6.004938013000e-01, 1.767006119238e-04, 8.9388e-01, 4.7681e-03, 
 2DIAGNOSTIC,    38, -6.008280010214e-01, 1.536048163043e-04, 8.9818e-01, 4.3032e-03, 
 2DIAGNOSTIC,    39, -6.038559363789e-01, 1.574331427007e-04, 9.0316e-01, 4.9760e-03, 
 2DIAGNOSTIC,    40, -6.077047302725e-01, 1.993081240381e-04, 9.0775e-01, 4.5919e-03, 
 2DIAGNOSTIC,    41, -6.174632741114e-01, 3.481387588117e-04, 9.1351e-01, 5.7621e-03, 
 2DIAGNOSTIC,    42, -6.161977901628e-01, 4.608907844394e-04, 9.2242e-01, 8.9040e-03, 
 2DIAGNOSTIC,    43, -6.161564576527e-01, 5.335372062287e-04, 9.2662e-01, 4.2000e-03, 
 2DIAGNOSTIC,    44, -6.170772268230e-01, 5.644821973036e-04, 9.3098e-01, 4.3662e-03, 
 2DIAGNOSTIC,    45, -6.185357311620e-01, 5.560476807587e-04, 9.3513e-01, 4.1490e-03, 
 2DIAGNOSTIC,    46, -6.206472625518e-01, 5.180559543534e-04, 9.3962e-01, 4.4901e-03, 
 2DIAGNOSTIC,    47, -6.234100435973e-01, 4.649605221694e-04, 9.4378e-01, 4.1521e-03, 
 2DIAGNOSTIC,    48, -6.282459769016e-01, 4.232184160956e-04, 9.4796e-01, 4.1790e-03, 
 2DIAGNOSTIC,    49, -6.332856911436e-01, 4.219353356966e-04, 9.5217e-01, 4.2138e-03, 
 2DIAGNOSTIC,    50, -6.437673283435e-01, 5.158699447813e-04, 9.5642e-01, 4.2489e-03, 
 2DIAGNOSTIC,    51, -6.567709935357e-01, 7.709770203782e-04, 9.6079e-01, 4.3728e-03, 
 2DIAGNOSTIC,    52, -6.630139282411e-01, 9.856113925137e-04, 9.6545e-01, 4.6639e-03, 
 2DIAGNOSTIC,    53, -6.637658019532e-01, 1.103854740363e-03, 9.6968e-01, 4.2300e-03, 
 2DIAGNOSTIC,    54, -6.646848068612e-01, 1.129224500407e-03, 9.7394e-01, 4.2601e-03, 
 2DIAGNOSTIC,    55, -6.699954699405e-01, 1.103370134082e-03, 9.8161e-01, 7.6630e-03, 
 2DIAGNOSTIC,    56, -6.720089889908e-01, 1.005089711896e-03, 9.8787e-01, 6.2580e-03, 
 2DIAGNOSTIC,    57, -6.720481629415e-01, 8.375237022575e-04, 9.9198e-01, 4.1151e-03, 
 2DIAGNOSTIC,    58, -6.725919500446e-01, 6.425663231524e-04, 9.9614e-01, 4.1590e-03, 
 2DIAGNOSTIC,    59, -6.729036349919e-01, 4.360793204800e-04, 1.0003e+00, 4.1831e-03, 
 2DIAGNOSTIC,    60, -6.731488715028e-01, 2.773041609199e-04, 1.0044e+00, 4.1220e-03, 
 2DIAGNOSTIC,    61, -6.734259050970e-01, 1.993309589043e-04, 1.0086e+00, 4.1320e-03, 
 2DIAGNOSTIC,    62, -6.739132079374e-01, 1.568960928704e-04, 1.0127e+00, 4.1540e-03, 
 2DIAGNOSTIC,    63, -6.762843105937e-01, 1.247263911862e-04, 1.0184e+00, 5.7099e-03, 
 2DIAGNOSTIC,    64, -6.766381477936e-01, 8.969365932189e-05, 1.0226e+00, 4.1511e-03, 
 2DIAGNOSTIC,    65, -6.771215109735e-01, 8.898278163212e-05, 1.0268e+00, 4.1699e-03, 
 2DIAGNOSTIC,    66, -6.778537114732e-01, 9.953405586153e-05, 1.0316e+00, 4.8418e-03, 
 2DIAGNOSTIC,    67, -6.792268360197e-01, 1.098307841093e-04, 1.0376e+00, 5.9841e-03, 
 2DIAGNOSTIC,    68, -6.807680673154e-01, 1.231389259932e-04, 1.0422e+00, 4.6129e-03, 
 2DIAGNOSTIC,    69, -6.815199340287e-01, 1.312162603968e-04, 1.0464e+00, 4.1928e-03, 
 2DIAGNOSTIC,    70, -6.818104469389e-01, 1.303107897278e-04, 1.0521e+00, 5.6899e-03, 
 2DIAGNOSTIC,    71, -6.820510027571e-01, 1.205020993975e-04, 1.0562e+00, 4.1609e-03, 
 2DIAGNOSTIC,    72, -6.822316776435e-01, 1.032399389867e-04, 1.0604e+00, 4.1401e-03, 
 2DIAGNOSTIC,    73, -6.825798726172e-01, 9.372180536174e-05, 1.0661e+00, 5.6901e-03, 
 2DIAGNOSTIC,    74, -6.826264047592e-01, 7.797270916058e-05, 1.0702e+00, 4.1449e-03, 
 2DIAGNOSTIC,    75, -6.826914650596e-01, 5.871117148629e-05, 1.0744e+00, 4.1361e-03, 
 2DIAGNOSTIC,    76, -6.828123432730e-01, 3.951698131183e-05, 1.0785e+00, 4.1530e-03, 
 2DIAGNOSTIC,    77, -6.832344994669e-01, 2.762877714654e-05, 1.0825e+00, 4.0231e-03, 
 2DIAGNOSTIC,    78, -6.838171552214e-01, 2.580835134102e-05, 1.0887e+00, 6.1438e-03, 
 2DIAGNOSTIC,    79, -6.837376116590e-01, 2.542042170882e-05, 1.0929e+00, 4.2009e-03, 
 2DIAGNOSTIC,    80, -6.837940747369e-01, 2.471283773259e-05, 1.0970e+00, 4.1251e-03, 
 2DIAGNOSTIC,    81, -6.839726285038e-01, 2.407000948049e-05, 1.1012e+00, 4.1900e-03, 
 2DIAGNOSTIC,    82, -6.841107524372e-01, 2.280996375464e-05, 1.1054e+00, 4.1990e-03, 
 2DIAGNOSTIC,    83, -6.851045460108e-01, 2.675663599267e-05, 1.1112e+00, 5.8501e-03, 
 2DIAGNOSTIC,    84, -6.858177295582e-01, 3.208701962618e-05, 1.1164e+00, 5.1751e-03, 
 2DIAGNOSTIC,    85, -6.861555212198e-01, 3.640247995663e-05, 1.1231e+00, 6.6791e-03, 
 2DIAGNOSTIC,    86, -6.861558174035e-01, 3.780054242510e-05, 1.1273e+00, 4.1831e-03, 
 2DIAGNOSTIC,    87, -6.861668343411e-01, 3.777659361065e-05, 1.1314e+00, 4.1511e-03, 
 2DIAGNOSTIC,    88, -6.861798832316e-01, 3.717393707228e-05, 1.1355e+00, 4.0619e-03, 
 2DIAGNOSTIC,    89, -6.861875783343e-01, 3.259261054934e-05, 1.1402e+00, 4.7109e-03, 
 2DIAGNOSTIC,    90, -6.861914006470e-01, 2.533779786803e-05, 1.1445e+00, 4.3349e-03, 
 2DIAGNOSTIC,    91, -6.861983923530e-01, 1.686226342780e-05, 1.1487e+00, 4.1158e-03, 
 2DIAGNOSTIC,    92, -6.862112940865e-01, 7.666135211326e-06, 1.1528e+00, 4.1282e-03, 
 2DIAGNOSTIC,    93, -6.862266985984e-01, 2.805978425818e-06, 1.1569e+00, 4.1440e-03, 
 2DIAGNOSTIC,    94, -6.862421136147e-01, 1.277337812904e-06, 1.1617e+00, 4.7951e-03, 
 2DIAGNOSTIC,    95, -6.863402693083e-01, 1.767691280909e-06, 1.1668e+00, 5.1169e-03, 
 2DIAGNOSTIC,    96, -6.863402442611e-01, 2.100398873217e-06, 1.1710e+00, 4.1151e-03, 
 2DIAGNOSTIC,    97, -6.863404872663e-01, 2.313919752266e-06, 1.1751e+00, 4.1041e-03, 
 2DIAGNOSTIC,    98, -6.863412464682e-01, 2.402149645484e-06, 1.1797e+00, 4.6139e-03, 
 2DIAGNOSTIC,    99, -6.863464715528e-01, 2.346495340422e-06, 1.1858e+00, 6.0859e-03, 
 2DIAGNOSTIC,   100, -6.863467753781e-01, 2.109929790687e-06, 1.1914e+00, 5.6038e-03, 
 2DIAGNOSTIC,   101, -6.863467810161e-01, 1.737722134658e-06, 1.2047e+00, 1.3345e-02, 
 2DIAGNOSTIC,   102, -6.863467810160e-01, 1.301298184118e-06, 1.2139e+00, 9.2170e-03, 
DIAGNOSTIC,Iteration,metricValue,convergenceValue,ITERATION_TIME_INDEX,SINCE_LAST
 2DIAGNOSTIC,     1, -5.582113358874e-01, 1.797693134862e+308, 1.9146e+00, 7.0065e-01, 
 2DIAGNOSTIC,     2, -5.585592492645e-01, 1.797693134862e+308, 1.9432e+00, 2.8653e-02, 
 2DIAGNOSTIC,     3, -5.591024874098e-01, 1.797693134862e+308, 1.9727e+00, 2.9496e-02, 
 2DIAGNOSTIC,     4, -5.597974000266e-01, 1.797693134862e+308, 2.0010e+00, 2.8310e-02, 
 2DIAGNOSTIC,     5, -5.608407808154e-01, 1.797693134862e+308, 2.0346e+00, 3.3614e-02, 
 2DIAGNOSTIC,     6, -5.612110151150e-01, 1.797693134862e+308, 2.0632e+00, 2.8588e-02, 
 2DIAGNOSTIC,     7, -5.624352375611e-01, 1.797693134862e+308, 2.1006e+00, 3.7410e-02, 
 2DIAGNOSTIC,     8, -5.635455112042e-01, 1.797693134862e+308, 2.1292e+00, 2.8598e-02, 
 2DIAGNOSTIC,     9, -5.652047772820e-01, 1.797693134862e+308, 2.1614e+00, 3.2142e-02, 
 2DIAGNOSTIC,    10, -5.659871787045e-01, 9.139563953994e-04, 2.2015e+00, 4.0102e-02, 
 2DIAGNOSTIC,    11, -5.659877781583e-01, 8.629779220625e-04, 2.2306e+00, 2.9087e-02, 
 2DIAGNOSTIC,    12, -5.662064898874e-01, 7.681702648589e-04, 2.2658e+00, 3.5205e-02, 
 2DIAGNOSTIC,    13, -5.661990528305e-01, 6.388376750080e-04, 2.2979e+00, 3.2130e-02, 
 2DIAGNOSTIC,    14, -5.661981790020e-01, 4.939903021686e-04, 2.3371e+00, 3.9174e-02, 
 2DIAGNOSTIC,    15, -5.661927651668e-01, 3.588342292491e-04, 2.3689e+00, 3.1795e-02, 
 2DIAGNOSTIC,    16, -5.661867768700e-01, 2.194999746507e-04, 2.4011e+00, 3.2239e-02, 
 2DIAGNOSTIC,    17, -5.661705905458e-01, 1.123892243533e-04, 2.4294e+00, 2.8298e-02, 
 2DIAGNOSTIC,    18, -5.661736916377e-01, 3.714227428554e-05, 2.4574e+00, 2.7970e-02, 
 2DIAGNOSTIC,    19, -5.661790408388e-01, 1.023734620804e-05, 2.4883e+00, 3.0964e-02, 
 2DIAGNOSTIC,    20, -5.661868414531e-01, 5.211580228787e-06, 2.5219e+00, 3.3519e-02, 
DIAGNOSTIC,Iteration,metricValue,convergenceValue,ITERATION_TIME_INDEX,SINCE_LAST
 2DIAGNOSTIC,     1, -5.037705011027e-01, 1.797693134862e+308, 3.5389e+00, 1.0171e+00, 
 2DIAGNOSTIC,     2, -5.039452852918e-01, 1.797693134862e+308, 3.7669e+00, 2.2800e-01, 
 2DIAGNOSTIC,     3, -5.040999504519e-01, 1.797693134862e+308, 3.9946e+00, 2.2763e-01, 
 2DIAGNOSTIC,     4, -5.042200095332e-01, 1.797693134862e+308, 4.2163e+00, 2.2178e-01, 
 2DIAGNOSTIC,     5, -5.042903287217e-01, 1.797693134862e+308, 4.5712e+00, 3.5483e-01, 
 2DIAGNOSTIC,     6, -5.043342413199e-01, 1.797693134862e+308, 4.9739e+00, 4.0277e-01, 
 2DIAGNOSTIC,     7, -5.043320320979e-01, 1.797693134862e+308, 5.2934e+00, 3.1944e-01, 
 2DIAGNOSTIC,     8, -5.043354635476e-01, 1.797693134862e+308, 5.5858e+00, 2.9248e-01, 
 2DIAGNOSTIC,     9, -5.043393692290e-01, 1.797693134862e+308, 5.8458e+00, 2.5997e-01, 
 2DIAGNOSTIC,    10, -5.043425579080e-01, 6.751116255953e-05, 6.0950e+00, 2.4924e-01, 
 2DIAGNOSTIC,    11, -5.043539123532e-01, 4.004702175575e-05, 6.3236e+00, 2.2856e-01, 
 2DIAGNOSTIC,    12, -5.043677102533e-01, 2.258437969854e-05, 6.5639e+00, 2.4030e-01, 
 2DIAGNOSTIC,    13, -5.043709350975e-01, 1.276172921551e-05, 6.7988e+00, 2.3492e-01, 
 2DIAGNOSTIC,    14, -5.043796879726e-01, 8.537168622119e-06, 7.0509e+00, 2.5209e-01, 
 2DIAGNOSTIC,    15, -5.043810457449e-01, 6.947465230070e-06, 7.2995e+00, 2.4859e-01, 
 2DIAGNOSTIC,    16, -5.043848146464e-01, 6.794689396114e-06, 7.5690e+00, 2.6952e-01, 
 2DIAGNOSTIC,    17, -5.043878304924e-01, 6.236364162047e-06, 7.9644e+00, 3.9540e-01, 
 2DIAGNOSTIC,    18, -5.043870831469e-01, 5.419463078291e-06, 8.2716e+00, 3.0712e-01, 
 2DIAGNOSTIC,    19, -5.043855110534e-01, 4.426055875917e-06, 8.6013e+00, 3.2973e-01, 
 2DIAGNOSTIC,    20, -5.043856724624e-01, 3.368150167708e-06, 8.8957e+00, 2.9437e-01, 
 2DIAGNOSTIC,    21, -5.043848560742e-01, 2.519404859243e-06, 9.1340e+00, 2.3835e-01, 
 2DIAGNOSTIC,    22, -5.043841242504e-01, 1.988070195837e-06, 9.4089e+00, 2.7487e-01, 
 2DIAGNOSTIC,    23, -5.043835299714e-01, 1.512969906199e-06, 9.6846e+00, 2.7578e-01, 
 2DIAGNOSTIC,    24, -5.043830002572e-01, 1.260267787434e-06, 9.9120e+00, 2.2733e-01, 
 2DIAGNOSTIC,    25, -5.043827482895e-01, 1.057010196669e-06, 1.0175e+01, 2.6257e-01, 
DIAGNOSTIC,Iteration,metricValue,convergenceValue,ITERATION_TIME_INDEX,SINCE_LAST
 2DIAGNOSTIC,     1, -4.670474980490e-01, 1.797693134862e+308, 1.2628e+01, 2.4538e+00, 
 2DIAGNOSTIC,     2, -4.671705994700e-01, 1.797693134862e+308, 1.4285e+01, 1.6567e+00, 
 2DIAGNOSTIC,     3, -4.671744372838e-01, 1.797693134862e+308, 1.5792e+01, 1.5072e+00, 
 2DIAGNOSTIC,     4, -4.671734670260e-01, 1.797693134862e+308, 1.7639e+01, 1.8471e+00, 
 2DIAGNOSTIC,     5, -4.671730500233e-01, 1.797693134862e+308, 1.9367e+01, 1.7279e+00, 
 2DIAGNOSTIC,     6, -4.671732466643e-01, 1.797693134862e+308, 2.1070e+01, 1.7028e+00, 
 2DIAGNOSTIC,     7, -4.671726185225e-01, 1.797693134862e+308, 2.2602e+01, 1.5324e+00, 
 2DIAGNOSTIC,     8, -4.671725824942e-01, 1.797693134862e+308, 2.4424e+01, 1.8213e+00, 
 2DIAGNOSTIC,     9, -4.671724157800e-01, 1.797693134862e+308, 2.8977e+01, 4.5538e+00, 
 2DIAGNOSTIC,    10, -4.671724157780e-01, 1.077597270488e-05, 3.3387e+01, 4.4092e+00, 
 2DIAGNOSTIC,    11, -4.671724157780e-01, 2.836031700371e-06, 3.5014e+01, 1.6269e+00, 
 2DIAGNOSTIC,    12, -4.671724157780e-01, 2.459301559246e-06, 3.6677e+01, 1.6636e+00, 
 2DIAGNOSTIC,    13, -4.671724157780e-01, 2.338817137196e-06, 3.8589e+01, 1.9121e+00, 
 2DIAGNOSTIC,    14, -4.671724157780e-01, 2.203510818560e-06, 4.0174e+01, 1.5843e+00, 
 2DIAGNOSTIC,    15, -4.671724157780e-01, 2.075067469784e-06, 4.1904e+01, 1.7305e+00, 
 2DIAGNOSTIC,    16, -4.671724157779e-01, 1.974906273336e-06, 4.3412e+01, 1.5079e+00, 
 2DIAGNOSTIC,    17, -4.671724157779e-01, 1.865234362963e-06, 4.4965e+01, 1.5532e+00, 
 2DIAGNOSTIC,    18, -4.671724157779e-01, 1.767243472034e-06, 4.6454e+01, 1.4892e+00, 
 2DIAGNOSTIC,    19, -4.671724157779e-01, 1.674229448245e-06, 4.7960e+01, 1.5053e+00, 
 2DIAGNOSTIC,    20, -4.671724157779e-01, 1.590516884337e-06, 4.9839e+01, 1.8797e+00, 
 2DIAGNOSTIC,    21, -4.671724157779e-01, 1.514777044548e-06, 5.1494e+01, 1.6544e+00, 
 2DIAGNOSTIC,    22, -4.671724157779e-01, 1.445922726349e-06, 5.3135e+01, 1.6409e+00, 
 2DIAGNOSTIC,    23, -4.671724157779e-01, 1.383055808088e-06, 5.4650e+01, 1.5158e+00, 
 2DIAGNOSTIC,    24, -4.671724157779e-01, 1.325427856615e-06, 5.5996e+01, 1.3459e+00, 
 2DIAGNOSTIC,    25, -4.671724157779e-01, 1.272410189330e-06, 5.7533e+01, 1.5366e+00, 
 2DIAGNOSTIC,    26, -4.671724157779e-01, 1.223470845059e-06, 5.9109e+01, 1.5762e+00, 
 2DIAGNOSTIC,    27, -4.671724157779e-01, 1.178156672395e-06, 6.0746e+01, 1.6366e+00, 
 2DIAGNOSTIC,    28, -4.671724157779e-01, 1.136079256496e-06, 6.2098e+01, 1.3520e+00, 
 2DIAGNOSTIC,    29, -4.671724157779e-01, 1.096903757478e-06, 6.3779e+01, 1.6809e+00, 
 2DIAGNOSTIC,    30, -4.671724157779e-01, 1.060339981068e-06, 6.5114e+01, 1.3350e+00, 
 2DIAGNOSTIC,    31, -4.671724157779e-01, 1.026135177835e-06, 6.6610e+01, 1.4967e+00, 
  Elapsed time (stage 0): 6.7447e+01


Total elapsed time: 6.7452e+01
Info [verificarlo]: loaded backend libinterflop_ieee.so
Info [interflop-ieee]: load backend with:
Info [interflop-ieee]: debug = false
Info [interflop-ieee]: debug-binary = false
Info [interflop-ieee]: no-backend-name = false
Info [interflop-ieee]: print-new-line = false
Info [interflop-ieee]: print-subnormal-normalized = false
Info [interflop-ieee]: count-op = false
All_Command_lines_OK
Using double precision for computations.
=============================================================================
The composite transform comprises the following transforms (in order): 
  1. /home/mdugre/scratch/mri-registration-rp/datasets/ds004513/derivatives/mri-registration-rp/0001/antsRegistration-r8-p21/sub-s035/rigid_Composite.h5[0] (type = Euler3DTransform)
  2. /home/mdugre/scratch/mri-registration-rp/datasets/ds004513/derivatives/mri-registration-rp/0001/antsRegistration-r8-p21/sub-s035/rigid_Composite.h5[1] (type = Euler3DTransform)
  3. /home/mdugre/scratch/mri-registration-rp/datasets/ds004513/derivatives/mri-registration-rp/0001/antsRegistration-r8-p21/sub-s035/rigid_Composite.h5[2] (type = Euler3DTransform)
=============================================================================
  number of levels = 4
  fixed image: /templateflow/tpl-MNI152NLin2009cAsym/tpl-MNI152NLin2009cAsym_res-01_desc-brain_T1w.nii.gz
  moving image: /home/mdugre/scratch/mri-registration-rp/datasets/ds004513/derivatives/mri-registration-rp/antsBrainExtraction/sub-s035/BrainExtractionBrain.nii.gz
Dimension = 3
Number of stages = 1
Use histogram matching = false
Winsorize image intensities = true
  Lower quantile = 0.005
  Upper quantile = 0.995


Stage 1 State
   Image metric = MattesMI
     Fixed image = Image (0x48887e0)
  RTTI typeinfo:   itk::Image<double, 3u>
  Reference Count: 2
  Modified Time: 1592
  Debug: Off
  Object Name: 
  Observers: 
    none
  Source: (none)
  Source output name: (none)
  Release Data: Off
  Data Released: False
  Global Release Data: Off
  PipelineMTime: 0
  UpdateMTime: 1203
  RealTimeStamp: 0 seconds 
  LargestPossibleRegion: 
    Dimension: 3
    Index: [0, 0, 0]
    Size: [193, 229, 193]
  BufferedRegion: 
    Dimension: 3
    Index: [0, 0, 0]
    Size: [193, 229, 193]
  RequestedRegion: 
    Dimension: 3
    Index: [0, 0, 0]
    Size: [193, 229, 193]
  Spacing: [1, 1, 1]
  Origin: [96, 132, -78]
  Direction: 
-1 0 0
0 -1 0
0 0 1

  IndexToPointMatrix: 
-1 0 0
0 -1 0
0 0 1

  PointToIndexMatrix: 
-1 0 0
0 -1 0
0 0 1

  Inverse Direction: 
-1 0 0
0 -1 0
0 0 1

  PixelContainer: 
    ImportImageContainer (0x4948a20)
      RTTI typeinfo:   itk::ImportImageContainer<unsigned long, double>
      Reference Count: 1
      Modified Time: 1200
      Debug: Off
      Object Name: 
      Observers: 
        none
      Pointer: 0x1485e3eb0010
      Container manages memory: true
      Size: 8530021
      Capacity: 8530021

     Moving image = Image (0x4943d70)
  RTTI typeinfo:   itk::Image<double, 3u>
  Reference Count: 2
  Modified Time: 1593
  Debug: Off
  Object Name: 
  Observers: 
    none
  Source: (none)
  Source output name: (none)
  Release Data: Off
  Data Released: False
  Global Release Data: Off
  PipelineMTime: 0
  UpdateMTime: 1590
  RealTimeStamp: 0 seconds 
  LargestPossibleRegion: 
    Dimension: 3
    Index: [0, 0, 0]
    Size: [160, 240, 256]
  BufferedRegion: 
    Dimension: 3
    Index: [0, 0, 0]
    Size: [160, 240, 256]
  RequestedRegion: 
    Dimension: 3
    Index: [0, 0, 0]
    Size: [160, 240, 256]
  Spacing: [1, 1, 1]
  Origin: [98.6438, 87.6358, -117.989]
  Direction: 
-0.993515 -0.100993 -0.0522355
0.100854 -0.994887 0.00530255
-0.0525039 1.93537e-08 0.998621

  IndexToPointMatrix: 
-0.993515 -0.100993 -0.0522355
0.100854 -0.994887 0.00530255
-0.0525039 1.93537e-08 0.998621

  PointToIndexMatrix: 
-0.993515 0.100854 -0.0525039
-0.100993 -0.994887 1.93006e-08
-0.0522355 0.00530255 0.998621

  Inverse Direction: 
-0.993515 0.100854 -0.0525039
-0.100993 -0.994887 1.93006e-08
-0.0522355 0.00530255 0.998621

  PixelContainer: 
    ImportImageContainer (0x48fbc90)
      RTTI typeinfo:   itk::ImportImageContainer<unsigned long, double>
      Reference Count: 1
      Modified Time: 1587
      Debug: Off
      Object Name: 
      Observers: 
        none
      Pointer: 0x1485df3af010
      Container manages memory: true
      Size: 9830400
      Capacity: 9830400

     Weighting = 1
     Sampling strategy = regular
     Number of bins = 32
     Radius = 4
     Sampling percentage  = 0.25
   Transform = Affine
     Gradient step = 0.1
     Update field sigma (voxel space) = 0
     Total field sigma (voxel space) = 0
     Update field time sigma = 0
     Total field time sigma  = 0
     Number of time indices = 0
     Number of time point samples = 0
Registration using 1 total stages.

Stage 0
  iterations = 1000x500x250x100
  convergence threshold = 1e-06
  convergence window size = 10
  number of levels = 4
  using the Mattes MI metric (number of bins = 32, weight = 1, use gradient filter = 0)
  preprocessing:  winsorizing the image intensities
  Shrink factors (level 1 out of 4): [8, 8, 8]
  Shrink factors (level 2 out of 4): [4, 4, 4]
  Shrink factors (level 3 out of 4): [2, 2, 2]
  Shrink factors (level 4 out of 4): [1, 1, 1]
  smoothing sigmas per level: [3, 2, 1, 0]
  regular sampling (percentage = 0.25)

*** Running AffineTransform registration ***

DIAGNOSTIC,Iteration,metricValue,convergenceValue,ITERATION_TIME_INDEX,SINCE_LAST
 2DIAGNOSTIC,     1, -6.788547362556e-01, 1.797693134862e+308, 7.4763e-01, 7.4763e-01, 
 2DIAGNOSTIC,     2, -6.809578375816e-01, 1.797693134862e+308, 7.5287e-01, 5.2359e-03, 
 2DIAGNOSTIC,     3, -6.851574341616e-01, 1.797693134862e+308, 7.5775e-01, 4.8790e-03, 
 2DIAGNOSTIC,     4, -6.936654603945e-01, 1.797693134862e+308, 7.6248e-01, 4.7269e-03, 
 2DIAGNOSTIC,     5, -7.033586445022e-01, 1.797693134862e+308, 7.6721e-01, 4.7359e-03, 
 2DIAGNOSTIC,     6, -7.152598405026e-01, 1.797693134862e+308, 7.7194e-01, 4.7309e-03, 
 2DIAGNOSTIC,     7, -7.330851810739e-01, 1.797693134862e+308, 7.7850e-01, 6.5541e-03, 
 2DIAGNOSTIC,     8, -7.382745277977e-01, 1.797693134862e+308, 7.8375e-01, 5.2540e-03, 
 2DIAGNOSTIC,     9, -7.390920843674e-01, 1.797693134862e+308, 7.8897e-01, 5.2140e-03, 
 2DIAGNOSTIC,    10, -7.396921442240e-01, 6.772649122494e-03, 7.9445e-01, 5.4889e-03, 
 2DIAGNOSTIC,    11, -7.397916740658e-01, 5.711472764596e-03, 7.9923e-01, 4.7750e-03, 
 2DIAGNOSTIC,    12, -7.402858890008e-01, 4.401734160147e-03, 8.0408e-01, 4.8530e-03, 
 2DIAGNOSTIC,    13, -7.419893033165e-01, 3.080185842127e-03, 8.0946e-01, 5.3761e-03, 
 2DIAGNOSTIC,    14, -7.417349268243e-01, 1.909704096185e-03, 8.1430e-01, 4.8461e-03, 
 2DIAGNOSTIC,    15, -7.435887505690e-01, 1.028849221782e-03, 8.2152e-01, 7.2141e-03, 
 2DIAGNOSTIC,    16, -7.445194873053e-01, 4.713120672760e-04, 8.2697e-01, 5.4512e-03, 
 2DIAGNOSTIC,    17, -7.445178021495e-01, 3.463121853373e-04, 8.3235e-01, 5.3761e-03, 
 2DIAGNOSTIC,    18, -7.447173886749e-01, 3.211259321526e-04, 8.3741e-01, 5.0659e-03, 
 2DIAGNOSTIC,    19, -7.447378046048e-01, 2.862214212865e-04, 8.4360e-01, 6.1898e-03, 
 2DIAGNOSTIC,    20, -7.445446913461e-01, 2.364265283493e-04, 8.4940e-01, 5.8019e-03, 
 2DIAGNOSTIC,    21, -7.445156196003e-01, 1.707339815962e-04, 8.5514e-01, 5.7340e-03, 
 2DIAGNOSTIC,    22, -7.443682482359e-01, 1.010365129678e-04, 8.6069e-01, 5.5549e-03, 
 2DIAGNOSTIC,    23, -7.443186152170e-01, 5.695940270520e-05, 8.6561e-01, 4.9210e-03, 
 2DIAGNOSTIC,    24, -7.444117765532e-01, 8.109396983820e-06, 8.7114e-01, 5.5230e-03, 
DIAGNOSTIC,Iteration,metricValue,convergenceValue,ITERATION_TIME_INDEX,SINCE_LAST
 2DIAGNOSTIC,     1, -6.084232584945e-01, 1.797693134862e+308, 1.6172e+00, 7.4607e-01, 
 2DIAGNOSTIC,     2, -6.090100180105e-01, 1.797693134862e+308, 1.6504e+00, 3.3209e-02, 
 2DIAGNOSTIC,     3, -6.100617951146e-01, 1.797693134862e+308, 1.6837e+00, 3.3233e-02, 
 2DIAGNOSTIC,     4, -6.113029621501e-01, 1.797693134862e+308, 1.7168e+00, 3.3133e-02, 
 2DIAGNOSTIC,     5, -6.120082069906e-01, 1.797693134862e+308, 1.7531e+00, 3.6317e-02, 
 2DIAGNOSTIC,     6, -6.123589149905e-01, 1.797693134862e+308, 1.7966e+00, 4.3492e-02, 
 2DIAGNOSTIC,     7, -6.123562250260e-01, 1.797693134862e+308, 1.8337e+00, 3.7133e-02, 
 2DIAGNOSTIC,     8, -6.123818467218e-01, 1.797693134862e+308, 1.8717e+00, 3.7933e-02, 
 2DIAGNOSTIC,     9, -6.123407383000e-01, 1.797693134862e+308, 1.9081e+00, 3.6451e-02, 
 2DIAGNOSTIC,    10, -6.123207967580e-01, 4.209921758322e-04, 1.9639e+00, 5.5838e-02, 
 2DIAGNOSTIC,    11, -6.123253400054e-01, 2.645572532522e-04, 2.0013e+00, 3.7313e-02, 
 2DIAGNOSTIC,    12, -6.123185137040e-01, 1.330019567937e-04, 2.0360e+00, 3.4700e-02, 
 2DIAGNOSTIC,    13, -6.123039500907e-01, 4.625116687847e-05, 2.0719e+00, 3.5912e-02, 
 2DIAGNOSTIC,    14, -6.123025074713e-01, 8.586612486136e-06, 2.1146e+00, 4.2752e-02, 
DIAGNOSTIC,Iteration,metricValue,convergenceValue,ITERATION_TIME_INDEX,SINCE_LAST
 2DIAGNOSTIC,     1, -5.351806224198e-01, 1.797693134862e+308, 3.1975e+00, 1.0829e+00, 
 2DIAGNOSTIC,     2, -5.354806494371e-01, 1.797693134862e+308, 3.4647e+00, 2.6720e-01, 
 2DIAGNOSTIC,     3, -5.357012513912e-01, 1.797693134862e+308, 3.7369e+00, 2.7218e-01, 
 2DIAGNOSTIC,     4, -5.357902466926e-01, 1.797693134862e+308, 4.1783e+00, 4.4143e-01, 
 2DIAGNOSTIC,     5, -5.357830591729e-01, 1.797693134862e+308, 4.7705e+00, 5.9217e-01, 
 2DIAGNOSTIC,     6, -5.357848251887e-01, 1.797693134862e+308, 5.1032e+00, 3.3270e-01, 
 2DIAGNOSTIC,     7, -5.357829876065e-01, 1.797693134862e+308, 5.4453e+00, 3.4209e-01, 
 2DIAGNOSTIC,     8, -5.357827270499e-01, 1.797693134862e+308, 5.7804e+00, 3.3511e-01, 
 2DIAGNOSTIC,     9, -5.357822071504e-01, 1.797693134862e+308, 6.1045e+00, 3.2414e-01, 
 2DIAGNOSTIC,    10, -5.357816326257e-01, 5.191559150447e-05, 6.4425e+00, 3.3797e-01, 
 2DIAGNOSTIC,    11, -5.357812352419e-01, 2.048204396481e-05, 6.7216e+00, 2.7915e-01, 
 2DIAGNOSTIC,    12, -5.357792624737e-01, 5.652002294340e-06, 7.0208e+00, 2.9912e-01, 
 2DIAGNOSTIC,    13, -5.357767180787e-01, 1.627606992807e-06, 7.3162e+00, 2.9540e-01, 
 2DIAGNOSTIC,    14, -5.357757561447e-01, 1.598205839878e-06, 7.6403e+00, 3.2416e-01, 
 2DIAGNOSTIC,    15, -5.357755645282e-01, 1.369780270169e-06, 7.9348e+00, 2.9444e-01, 
 2DIAGNOSTIC,    16, -5.357752770723e-01, 1.288140393685e-06, 8.2001e+00, 2.6535e-01, 
 2DIAGNOSTIC,    17, -5.357754715614e-01, 1.230114278605e-06, 8.5145e+00, 3.1442e-01, 
 2DIAGNOSTIC,    18, -5.357726913469e-01, 1.149433792390e-06, 8.8776e+00, 3.6305e-01, 
 2DIAGNOSTIC,    19, -5.357711809524e-01, 1.080144811282e-06, 9.2052e+00, 3.2759e-01, 
 2DIAGNOSTIC,    20, -5.357707493476e-01, 1.045435833714e-06, 9.5553e+00, 3.5013e-01, 
 2DIAGNOSTIC,    21, -5.357703166364e-01, 1.042938408725e-06, 9.8568e+00, 3.0154e-01, 
 2DIAGNOSTIC,    22, -5.357702646279e-01, 1.037089911587e-06, 1.0201e+01, 3.4373e-01, 
 2DIAGNOSTIC,    23, -5.357710886328e-01, 1.031749060819e-06, 1.0502e+01, 3.0175e-01, 
 2DIAGNOSTIC,    24, -5.357712706203e-01, 1.042805715702e-06, 1.0766e+01, 2.6342e-01, 
 2DIAGNOSTIC,    25, -5.357706810719e-01, 1.062601578422e-06, 1.1056e+01, 2.9048e-01, 
 2DIAGNOSTIC,    26, -5.357695966754e-01, 1.072171854667e-06, 1.1351e+01, 2.9442e-01, 
 2DIAGNOSTIC,    27, -5.357698759050e-01, 1.106184092416e-06, 1.1677e+01, 3.2685e-01, 
 2DIAGNOSTIC,    28, -5.357703883023e-01, 1.101328017797e-06, 1.1954e+01, 2.7621e-01, 
 2DIAGNOSTIC,    29, -5.357701859052e-01, 1.068275001313e-06, 1.2245e+01, 2.9133e-01, 
 2DIAGNOSTIC,    30, -5.357697647501e-01, 1.026031725949e-06, 1.2532e+01, 2.8733e-01, 
 2DIAGNOSTIC,    31, -5.357709900446e-01, 1.004214504517e-06, 1.2856e+01, 3.2406e-01, 
DIAGNOSTIC,Iteration,metricValue,convergenceValue,ITERATION_TIME_INDEX,SINCE_LAST
 2DIAGNOSTIC,     1, -4.914651680838e-01, 1.797693134862e+308, 1.5676e+01, 2.8199e+00, 
 2DIAGNOSTIC,     2, -4.916985267749e-01, 1.797693134862e+308, 1.7375e+01, 1.6991e+00, 
 2DIAGNOSTIC,     3, -4.919448769018e-01, 1.797693134862e+308, 1.9122e+01, 1.7470e+00, 
 2DIAGNOSTIC,     4, -4.920963647454e-01, 1.797693134862e+308, 2.0981e+01, 1.8588e+00, 
 2DIAGNOSTIC,     5, -4.921434481442e-01, 1.797693134862e+308, 2.3064e+01, 2.0826e+00, 
 2DIAGNOSTIC,     6, -4.921599516382e-01, 1.797693134862e+308, 2.5595e+01, 2.5312e+00, 
 2DIAGNOSTIC,     7, -4.921644860176e-01, 1.797693134862e+308, 2.7649e+01, 2.0539e+00, 
 2DIAGNOSTIC,     8, -4.921629466584e-01, 1.797693134862e+308, 3.0138e+01, 2.4888e+00, 
 2DIAGNOSTIC,     9, -4.921633831479e-01, 1.797693134862e+308, 3.2210e+01, 2.0719e+00, 
 2DIAGNOSTIC,    10, -4.921629598826e-01, 7.778561494454e-05, 3.4513e+01, 2.3037e+00, 
 2DIAGNOSTIC,    11, -4.921628331090e-01, 4.026618639034e-05, 3.6353e+01, 1.8401e+00, 
 2DIAGNOSTIC,    12, -4.921626568262e-01, 1.665339945318e-05, 3.8297e+01, 1.9438e+00, 
