
##########################
# Experiment information #
##########################

EXPERIMENT_NAME: antsRegistration-r8-p23
VFC_BACKENDS: libinterflop_vprec.so --range-binary32=8 --precision-binary32=23 --range-binary64=8 --precision-binary64=23

SIF_IMG: /home/mdugre/projects/rrg-glatard/mdugre/containers/ants-vprec-no_metrics.simg

SUBJECT_ID: s037
INPUT_IMG: /home/mdugre/scratch/mri-registration-rp/datasets/ds004513/derivatives/mri-registration-rp/antsBrainExtraction/sub-s037/BrainExtractionBrain.nii.gz
OUTPUT_DIR: /home/mdugre/scratch/mri-registration-rp/datasets/ds004513/derivatives/mri-registration-rp/0001/antsRegistration-r8-p23/sub-s037

FIXED_IMG: /templateflow/tpl-MNI152NLin2009cAsym/tpl-MNI152NLin2009cAsym_res-01_desc-brain_T1w.nii.gz
DATA_DIR: /home/mdugre/scratch/mri-registration-rp/datasets/ds004513
TEMPLATEFLOW_DIR: /home/mdugre/projects/rrg-glatard/mdugre/templateflow
ITK_GLOBAL_DEFAULT_NUMBER_OF_THREADS: 16
##########################

Info [verificarlo]: loaded backend libinterflop_ieee.so
Info [interflop-ieee]: load backend with:
Info [interflop-ieee]: debug = false
Info [interflop-ieee]: debug-binary = false
Info [interflop-ieee]: no-backend-name = false
Info [interflop-ieee]: print-new-line = false
Info [interflop-ieee]: print-subnormal-normalized = false
Info [interflop-ieee]: count-op = false
All_Command_lines_OK
Using double precision for computations.
=============================================================================
The composite transform comprises the following transforms (in order): 
  1. Center of mass alignment using fixed image: /templateflow/tpl-MNI152NLin2009cAsym/tpl-MNI152NLin2009cAsym_res-01_desc-brain_T1w.nii.gz and moving image: /home/mdugre/scratch/mri-registration-rp/datasets/ds004513/derivatives/mri-registration-rp/antsBrainExtraction/sub-s037/BrainExtractionBrain.nii.gz (type = Euler3DTransform)
=============================================================================
  number of levels = 1
  fixed image: /templateflow/tpl-MNI152NLin2009cAsym/tpl-MNI152NLin2009cAsym_res-01_desc-brain_T1w.nii.gz
  moving image: /home/mdugre/scratch/mri-registration-rp/datasets/ds004513/derivatives/mri-registration-rp/antsBrainExtraction/sub-s037/BrainExtractionBrain.nii.gz
Dimension = 3
Number of stages = 1
Use histogram matching = false
Winsorize image intensities = true
  Lower quantile = 0.005
  Upper quantile = 0.995


Stage 1 State
   Image metric = MattesMI
     Fixed image = Image (0x51a0e70)
  RTTI typeinfo:   itk::Image<double, 3u>
  Reference Count: 2
  Modified Time: 2330
  Debug: Off
  Object Name: 
  Observers: 
    none
  Source: (none)
  Source output name: (none)
  Release Data: Off
  Data Released: False
  Global Release Data: Off
  PipelineMTime: 0
  UpdateMTime: 1941
  RealTimeStamp: 0 seconds 
  LargestPossibleRegion: 
    Dimension: 3
    Index: [0, 0, 0]
    Size: [193, 229, 193]
  BufferedRegion: 
    Dimension: 3
    Index: [0, 0, 0]
    Size: [193, 229, 193]
  RequestedRegion: 
    Dimension: 3
    Index: [0, 0, 0]
    Size: [193, 229, 193]
  Spacing: [1, 1, 1]
  Origin: [96, 132, -78]
  Direction: 
-1 0 0
0 -1 0
0 0 1

  IndexToPointMatrix: 
-1 0 0
0 -1 0
0 0 1

  PointToIndexMatrix: 
-1 0 0
0 -1 0
0 0 1

  Inverse Direction: 
-1 0 0
0 -1 0
0 0 1

  PixelContainer: 
    ImportImageContainer (0x51a9c60)
      RTTI typeinfo:   itk::ImportImageContainer<unsigned long, double>
      Reference Count: 1
      Modified Time: 1938
      Debug: Off
      Object Name: 
      Observers: 
        none
      Pointer: 0x1554c4713010
      Container manages memory: true
      Size: 8530021
      Capacity: 8530021

     Moving image = Image (0x523dec0)
  RTTI typeinfo:   itk::Image<double, 3u>
  Reference Count: 2
  Modified Time: 2331
  Debug: Off
  Object Name: 
  Observers: 
    none
  Source: (none)
  Source output name: (none)
  Release Data: Off
  Data Released: False
  Global Release Data: Off
  PipelineMTime: 0
  UpdateMTime: 2328
  RealTimeStamp: 0 seconds 
  LargestPossibleRegion: 
    Dimension: 3
    Index: [0, 0, 0]
    Size: [160, 240, 256]
  BufferedRegion: 
    Dimension: 3
    Index: [0, 0, 0]
    Size: [160, 240, 256]
  RequestedRegion: 
    Dimension: 3
    Index: [0, 0, 0]
    Size: [160, 240, 256]
  Spacing: [1, 1, 1]
  Origin: [87.9508, 102.562, -147.639]
  Direction: 
-0.998659 -0.0436121 -0.0279129
0.043595 -0.999049 0.00121847
-0.0279395 -2.65543e-08 0.99961

  IndexToPointMatrix: 
-0.998659 -0.0436121 -0.0279129
0.043595 -0.999049 0.00121847
-0.0279395 -2.65543e-08 0.99961

  PointToIndexMatrix: 
-0.998659 0.043595 -0.0279395
-0.0436121 -0.999049 -2.65517e-08
-0.0279129 0.00121847 0.99961

  Inverse Direction: 
-0.998659 0.043595 -0.0279395
-0.0436121 -0.999049 -2.65517e-08
-0.0279129 0.00121847 0.99961

  PixelContainer: 
    ImportImageContainer (0x52d5610)
      RTTI typeinfo:   itk::ImportImageContainer<unsigned long, double>
      Reference Count: 1
      Modified Time: 2325
      Debug: Off
      Object Name: 
      Observers: 
        none
      Pointer: 0x1554bfc12010
      Container manages memory: true
      Size: 9830400
      Capacity: 9830400

     Weighting = 1
     Sampling strategy = regular
     Number of bins = 32
     Radius = 4
     Sampling percentage  = 0.25
   Transform = Rigid
     Gradient step = 0.1
     Update field sigma (voxel space) = 0
     Total field sigma (voxel space) = 0
     Update field time sigma = 0
     Total field time sigma  = 0
     Number of time indices = 0
     Number of time point samples = 0
Registration using 1 total stages.

Stage 0
  iterations = 0
  convergence threshold = 1e-06
  convergence window size = 10
  number of levels = 1
  using the Mattes MI metric (number of bins = 32, weight = 1, use gradient filter = 0)
  preprocessing:  winsorizing the image intensities
  Shrink factors (level 1 out of 1): [1, 1, 1]
  smoothing sigmas per level: [0]
  regular sampling (percentage = 0.25)

*** Running Euler3DTransform registration ***

  Elapsed time (stage 0): 1.08797


Total elapsed time: 1.09004
Info [verificarlo]: loaded backend libinterflop_ieee.so
Info [interflop-ieee]: load backend with:
Info [interflop-ieee]: debug = false
Info [interflop-ieee]: debug-binary = false
Info [interflop-ieee]: no-backend-name = false
Info [interflop-ieee]: print-new-line = false
Info [interflop-ieee]: print-subnormal-normalized = false
Info [interflop-ieee]: count-op = false
All_Command_lines_OK
Using double precision for computations.
=============================================================================
The composite transform comprises the following transforms (in order): 
  1. /home/mdugre/scratch/mri-registration-rp/datasets/ds004513/derivatives/mri-registration-rp/0001/antsRegistration-r8-p23/sub-s037/align_Composite.h5[0] (type = Euler3DTransform)
  2. /home/mdugre/scratch/mri-registration-rp/datasets/ds004513/derivatives/mri-registration-rp/0001/antsRegistration-r8-p23/sub-s037/align_Composite.h5[1] (type = Euler3DTransform)
=============================================================================
  number of levels = 4
  fixed image: /templateflow/tpl-MNI152NLin2009cAsym/tpl-MNI152NLin2009cAsym_res-01_desc-brain_T1w.nii.gz
  moving image: /home/mdugre/scratch/mri-registration-rp/datasets/ds004513/derivatives/mri-registration-rp/antsBrainExtraction/sub-s037/BrainExtractionBrain.nii.gz
Dimension = 3
Number of stages = 1
Use histogram matching = false
Winsorize image intensities = true
  Lower quantile = 0.005
  Upper quantile = 0.995


Stage 1 State
   Image metric = MattesMI
     Fixed image = Image (0x3823530)
  RTTI typeinfo:   itk::Image<double, 3u>
  Reference Count: 2
  Modified Time: 1578
  Debug: Off
  Object Name: 
  Observers: 
    none
  Source: (none)
  Source output name: (none)
  Release Data: Off
  Data Released: False
  Global Release Data: Off
  PipelineMTime: 0
  UpdateMTime: 1189
  RealTimeStamp: 0 seconds 
  LargestPossibleRegion: 
    Dimension: 3
    Index: [0, 0, 0]
    Size: [193, 229, 193]
  BufferedRegion: 
    Dimension: 3
    Index: [0, 0, 0]
    Size: [193, 229, 193]
  RequestedRegion: 
    Dimension: 3
    Index: [0, 0, 0]
    Size: [193, 229, 193]
  Spacing: [1, 1, 1]
  Origin: [96, 132, -78]
  Direction: 
-1 0 0
0 -1 0
0 0 1

  IndexToPointMatrix: 
-1 0 0
0 -1 0
0 0 1

  PointToIndexMatrix: 
-1 0 0
0 -1 0
0 0 1

  Inverse Direction: 
-1 0 0
0 -1 0
0 0 1

  PixelContainer: 
    ImportImageContainer (0x38e1d60)
      RTTI typeinfo:   itk::ImportImageContainer<unsigned long, double>
      Reference Count: 1
      Modified Time: 1186
      Debug: Off
      Object Name: 
      Observers: 
        none
      Pointer: 0x14da8fec8010
      Container manages memory: true
      Size: 8530021
      Capacity: 8530021

     Moving image = Image (0x38d3f60)
  RTTI typeinfo:   itk::Image<double, 3u>
  Reference Count: 2
  Modified Time: 1579
  Debug: Off
  Object Name: 
  Observers: 
    none
  Source: (none)
  Source output name: (none)
  Release Data: Off
  Data Released: False
  Global Release Data: Off
  PipelineMTime: 0
  UpdateMTime: 1576
  RealTimeStamp: 0 seconds 
  LargestPossibleRegion: 
    Dimension: 3
    Index: [0, 0, 0]
    Size: [160, 240, 256]
  BufferedRegion: 
    Dimension: 3
    Index: [0, 0, 0]
    Size: [160, 240, 256]
  RequestedRegion: 
    Dimension: 3
    Index: [0, 0, 0]
    Size: [160, 240, 256]
  Spacing: [1, 1, 1]
  Origin: [87.9508, 102.562, -147.639]
  Direction: 
-0.998659 -0.0436121 -0.0279129
0.043595 -0.999049 0.00121847
-0.0279395 -2.65543e-08 0.99961

  IndexToPointMatrix: 
-0.998659 -0.0436121 -0.0279129
0.043595 -0.999049 0.00121847
-0.0279395 -2.65543e-08 0.99961

  PointToIndexMatrix: 
-0.998659 0.043595 -0.0279395
-0.0436121 -0.999049 -2.65517e-08
-0.0279129 0.00121847 0.99961

  Inverse Direction: 
-0.998659 0.043595 -0.0279395
-0.0436121 -0.999049 -2.65517e-08
-0.0279129 0.00121847 0.99961

  PixelContainer: 
    ImportImageContainer (0x38c56d0)
      RTTI typeinfo:   itk::ImportImageContainer<unsigned long, double>
      Reference Count: 1
      Modified Time: 1573
      Debug: Off
      Object Name: 
      Observers: 
        none
      Pointer: 0x14da8b3c7010
      Container manages memory: true
      Size: 9830400
      Capacity: 9830400

     Weighting = 1
     Sampling strategy = regular
     Number of bins = 32
     Radius = 4
     Sampling percentage  = 0.25
   Transform = Rigid
     Gradient step = 0.1
     Update field sigma (voxel space) = 0
     Total field sigma (voxel space) = 0
     Update field time sigma = 0
     Total field time sigma  = 0
     Number of time indices = 0
     Number of time point samples = 0
Registration using 1 total stages.

Stage 0
  iterations = 1000x500x250x100
  convergence threshold = 1e-06
  convergence window size = 10
  number of levels = 4
  using the Mattes MI metric (number of bins = 32, weight = 1, use gradient filter = 0)
  preprocessing:  winsorizing the image intensities
  Shrink factors (level 1 out of 4): [8, 8, 8]
  Shrink factors (level 2 out of 4): [4, 4, 4]
  Shrink factors (level 3 out of 4): [2, 2, 2]
  Shrink factors (level 4 out of 4): [1, 1, 1]
  smoothing sigmas per level: [3, 2, 1, 0]
  regular sampling (percentage = 0.25)

*** Running Euler3DTransform registration ***

DIAGNOSTIC,Iteration,metricValue,convergenceValue,ITERATION_TIME_INDEX,SINCE_LAST
 2DIAGNOSTIC,     1, -4.299060189477e-01, 1.797693134862e+308, 6.1195e-01, 6.1195e-01, 
 2DIAGNOSTIC,     2, -4.311703807429e-01, 1.797693134862e+308, 6.1583e-01, 3.8838e-03, 
 2DIAGNOSTIC,     3, -4.334997061176e-01, 1.797693134862e+308, 6.2020e-01, 4.3640e-03, 
 2DIAGNOSTIC,     4, -4.389575130370e-01, 1.797693134862e+308, 6.2402e-01, 3.8211e-03, 
 2DIAGNOSTIC,     5, -4.438813134482e-01, 1.797693134862e+308, 6.2765e-01, 3.6302e-03, 
 2DIAGNOSTIC,     6, -4.461495460377e-01, 1.797693134862e+308, 6.3130e-01, 3.6500e-03, 
 2DIAGNOSTIC,     7, -4.511407144429e-01, 1.797693134862e+308, 6.3559e-01, 4.2870e-03, 
 2DIAGNOSTIC,     8, -4.667812032718e-01, 1.797693134862e+308, 6.4009e-01, 4.5059e-03, 
 2DIAGNOSTIC,     9, -4.753090114372e-01, 1.797693134862e+308, 6.4424e-01, 4.1449e-03, 
 2DIAGNOSTIC,    10, -4.802481719655e-01, 7.481707542057e-03, 6.4861e-01, 4.3750e-03, 
 2DIAGNOSTIC,    11, -4.821261368877e-01, 7.356704266140e-03, 6.5248e-01, 3.8731e-03, 
 2DIAGNOSTIC,    12, -4.837491005317e-01, 6.749992380109e-03, 6.5706e-01, 4.5722e-03, 
 2DIAGNOSTIC,    13, -5.028244927622e-01, 6.622215038800e-03, 6.6346e-01, 6.4061e-03, 
 2DIAGNOSTIC,    14, -5.042109134413e-01, 6.183615245773e-03, 6.6752e-01, 4.0541e-03, 
 2DIAGNOSTIC,    15, -5.066116081885e-01, 5.558135432514e-03, 6.7157e-01, 4.0569e-03, 
 2DIAGNOSTIC,    16, -5.083451635975e-01, 4.676295421897e-03, 6.7532e-01, 3.7451e-03, 
 2DIAGNOSTIC,    17, -5.184993492488e-01, 3.998770500431e-03, 6.8114e-01, 5.8169e-03, 
 2DIAGNOSTIC,    18, -5.256348856034e-01, 3.769024583788e-03, 6.8516e-01, 4.0240e-03, 
 2DIAGNOSTIC,    19, -5.260487280179e-01, 3.491513213083e-03, 6.8937e-01, 4.2129e-03, 
 2DIAGNOSTIC,    20, -5.292109543111e-01, 3.174906855563e-03, 6.9421e-01, 4.8370e-03, 
 2DIAGNOSTIC,    21, -5.301818238011e-01, 2.681599986927e-03, 6.9818e-01, 3.9759e-03, 
 2DIAGNOSTIC,    22, -5.312241330665e-01, 2.041188671001e-03, 7.0235e-01, 4.1602e-03, 
 2DIAGNOSTIC,    23, -5.321371280714e-01, 1.776978897041e-03, 7.0746e-01, 5.1131e-03, 
 2DIAGNOSTIC,    24, -5.330747162713e-01, 1.429097623356e-03, 7.1150e-01, 4.0369e-03, 
 2DIAGNOSTIC,    25, -5.340979392923e-01, 1.060387045711e-03, 7.1615e-01, 4.6511e-03, 
 2DIAGNOSTIC,    26, -5.353301676147e-01, 6.839341525154e-04, 7.2181e-01, 5.6639e-03, 
 2DIAGNOSTIC,    27, -5.359877709817e-01, 5.005573961074e-04, 7.2598e-01, 4.1671e-03, 
 2DIAGNOSTIC,    28, -5.363338755928e-01, 4.385705288180e-04, 7.3362e-01, 7.6411e-03, 
 2DIAGNOSTIC,    29, -5.373050601133e-01, 3.660290236349e-04, 7.3786e-01, 4.2460e-03, 
 2DIAGNOSTIC,    30, -5.398201316274e-01, 3.715995480857e-04, 7.4280e-01, 4.9310e-03, 
 2DIAGNOSTIC,    31, -5.446422306130e-01, 4.465293894967e-04, 7.5263e-01, 9.8372e-03, 
 2DIAGNOSTIC,    32, -5.446647017493e-01, 4.912691147032e-04, 7.5683e-01, 4.2012e-03, 
 2DIAGNOSTIC,    33, -5.447648270263e-01, 5.056541622403e-04, 7.6098e-01, 4.1440e-03, 
 2DIAGNOSTIC,    34, -5.449312067407e-01, 4.904195355253e-04, 7.6514e-01, 4.1661e-03, 
 2DIAGNOSTIC,    35, -5.452046036938e-01, 4.491631523794e-04, 7.6924e-01, 4.0951e-03, 
 2DIAGNOSTIC,    36, -5.456974808068e-01, 3.933161353554e-04, 7.7329e-01, 4.0519e-03, 
 2DIAGNOSTIC,    37, -5.462998547521e-01, 3.227912913384e-04, 7.7742e-01, 4.1311e-03, 
 2DIAGNOSTIC,    38, -5.470544388397e-01, 2.429330035094e-04, 7.8156e-01, 4.1420e-03, 
 2DIAGNOSTIC,    39, -5.483333944475e-01, 1.763325754854e-04, 7.8652e-01, 4.9601e-03, 
 2DIAGNOSTIC,    40, -5.485725950748e-01, 1.327570992418e-04, 7.9072e-01, 4.1928e-03, 
 2DIAGNOSTIC,    41, -5.488485920330e-01, 1.482681368829e-04, 7.9548e-01, 4.7588e-03, 
 2DIAGNOSTIC,    42, -5.491459631368e-01, 1.532223993630e-04, 8.0006e-01, 4.5891e-03, 
 2DIAGNOSTIC,    43, -5.501736593485e-01, 1.577433575584e-04, 8.0514e-01, 5.0762e-03, 
 2DIAGNOSTIC,    44, -5.634782437514e-01, 3.158801573929e-04, 8.1162e-01, 6.4828e-03, 
 2DIAGNOSTIC,    45, -5.665408481836e-01, 4.726059479909e-04, 8.1670e-01, 5.0800e-03, 
 2DIAGNOSTIC,    46, -5.687311614201e-01, 6.100134793657e-04, 8.2149e-01, 4.7839e-03, 
 2DIAGNOSTIC,    47, -5.690904281214e-01, 6.961159853831e-04, 8.2624e-01, 4.7500e-03, 
 2DIAGNOSTIC,    48, -5.694273796523e-01, 7.239141629496e-04, 8.3054e-01, 4.3030e-03, 
 2DIAGNOSTIC,    49, -5.697238556789e-01, 6.965773345174e-04, 8.3479e-01, 4.2531e-03, 
 2DIAGNOSTIC,    50, -5.705599020115e-01, 6.145395700722e-04, 8.4061e-01, 5.8160e-03, 
 2DIAGNOSTIC,    51, -5.709001091964e-01, 4.855193349882e-04, 8.4481e-01, 4.2028e-03, 
 2DIAGNOSTIC,    52, -5.713496115728e-01, 3.250912494543e-04, 8.4977e-01, 4.9560e-03, 
 2DIAGNOSTIC,    53, -5.717846428795e-01, 1.519842818231e-04, 8.5399e-01, 4.2181e-03, 
 2DIAGNOSTIC,    54, -5.727283399356e-01, 1.137818003692e-04, 8.5911e-01, 5.1222e-03, 
 2DIAGNOSTIC,    55, -5.756076838340e-01, 1.238931050396e-04, 8.6419e-01, 5.0809e-03, 
 2DIAGNOSTIC,    56, -5.781284997136e-01, 1.665002857437e-04, 8.6898e-01, 4.7860e-03, 
 2DIAGNOSTIC,    57, -5.809585202581e-01, 2.214754254096e-04, 8.7477e-01, 5.7931e-03, 
 2DIAGNOSTIC,    58, -5.812581219457e-01, 2.589921450894e-04, 8.7906e-01, 4.2908e-03, 
 2DIAGNOSTIC,    59, -5.817543644766e-01, 2.777576829799e-04, 8.8384e-01, 4.7770e-03, 
 2DIAGNOSTIC,    60, -5.820746623944e-01, 2.793507957755e-04, 8.8853e-01, 4.6940e-03, 
 2DIAGNOSTIC,    61, -5.821769653967e-01, 2.575151929765e-04, 8.9323e-01, 4.7009e-03, 
 2DIAGNOSTIC,    62, -5.827701437294e-01, 2.207230807674e-04, 9.0047e-01, 7.2389e-03, 
 2DIAGNOSTIC,    63, -5.827048300919e-01, 1.673587282881e-04, 9.0472e-01, 4.2470e-03, 
 2DIAGNOSTIC,    64, -5.827836203783e-01, 1.082482663880e-04, 9.0897e-01, 4.2541e-03, 
 2DIAGNOSTIC,    65, -5.828763050066e-01, 6.482969334748e-05, 9.1351e-01, 4.5431e-03, 
 2DIAGNOSTIC,    66, -5.829758641250e-01, 3.714738991206e-05, 9.1775e-01, 4.2331e-03, 
 2DIAGNOSTIC,    67, -5.831349210061e-01, 3.046691866532e-05, 9.2195e-01, 4.2071e-03, 
 2DIAGNOSTIC,    68, -5.831046023238e-01, 2.312423915806e-05, 9.2620e-01, 4.2441e-03, 
 2DIAGNOSTIC,    69, -5.831987406116e-01, 1.840301419034e-05, 9.3152e-01, 5.3172e-03, 
 2DIAGNOSTIC,    70, -5.832224068787e-01, 1.470685846101e-05, 9.3618e-01, 4.6611e-03, 
 2DIAGNOSTIC,    71, -5.832481735467e-01, 1.056475804104e-05, 9.4044e-01, 4.2660e-03, 
 2DIAGNOSTIC,    72, -5.835036607911e-01, 1.181425300750e-05, 9.4521e-01, 4.7641e-03, 
 2DIAGNOSTIC,    73, -5.836263300150e-01, 1.230095586190e-05, 9.4962e-01, 4.4162e-03, 
 2DIAGNOSTIC,    74, -5.836566808910e-01, 1.240665711878e-05, 9.5377e-01, 4.1511e-03, 
 2DIAGNOSTIC,    75, -5.837251885533e-01, 1.250582887675e-05, 9.5828e-01, 4.5040e-03, 
 2DIAGNOSTIC,    76, -5.845835437040e-01, 1.803094461984e-05, 9.6367e-01, 5.3880e-03, 
 2DIAGNOSTIC,    77, -5.846756727556e-01, 2.324254240603e-05, 9.6938e-01, 5.7170e-03, 
 2DIAGNOSTIC,    78, -5.852123105475e-01, 2.953848651222e-05, 9.7366e-01, 4.2751e-03, 
 2DIAGNOSTIC,    79, -5.857655563307e-01, 3.716188935712e-05, 9.7858e-01, 4.9241e-03, 
 2DIAGNOSTIC,    80, -5.862591958942e-01, 4.436595146233e-05, 9.8380e-01, 5.2140e-03, 
 2DIAGNOSTIC,    81, -5.865928168295e-01, 4.933292695102e-05, 9.8852e-01, 4.7240e-03, 
 2DIAGNOSTIC,    82, -5.868116218913e-01, 5.244649316153e-05, 9.9272e-01, 4.1950e-03, 
 2DIAGNOSTIC,    83, -5.868065877236e-01, 5.124759310684e-05, 9.9690e-01, 4.1819e-03, 
 2DIAGNOSTIC,    84, -5.868593797665e-01, 4.571692583468e-05, 1.0011e+00, 4.2341e-03, 
 2DIAGNOSTIC,    85, -5.869881355870e-01, 3.700911818677e-05, 1.0058e+00, 4.6840e-03, 
 2DIAGNOSTIC,    86, -5.872185167271e-01, 3.157825593836e-05, 1.0120e+00, 6.2160e-03, 
 2DIAGNOSTIC,    87, -5.872627188529e-01, 2.402540132093e-05, 1.0167e+00, 4.6790e-03, 
 2DIAGNOSTIC,    88, -5.871823310260e-01, 1.705574465085e-05, 1.0209e+00, 4.1580e-03, 
 2DIAGNOSTIC,    89, -5.871892241120e-01, 1.190186867779e-05, 1.0259e+00, 5.0249e-03, 
 2DIAGNOSTIC,    90, -5.871954474402e-01, 8.575966917087e-06, 1.0301e+00, 4.2491e-03, 
 2DIAGNOSTIC,    91, -5.871206514337e-01, 5.944743592558e-06, 1.0343e+00, 4.1468e-03, 
 2DIAGNOSTIC,    92, -5.871507494443e-01, 4.258899721441e-06, 1.0384e+00, 4.1029e-03, 
 2DIAGNOSTIC,    93, -5.871944039741e-01, 2.468970299518e-06, 1.0455e+00, 7.0581e-03, 
DIAGNOSTIC,Iteration,metricValue,convergenceValue,ITERATION_TIME_INDEX,SINCE_LAST
 2DIAGNOSTIC,     1, -4.735468580605e-01, 1.797693134862e+308, 1.7317e+00, 6.8620e-01, 
 2DIAGNOSTIC,     2, -4.742373781225e-01, 1.797693134862e+308, 1.7733e+00, 4.1629e-02, 
 2DIAGNOSTIC,     3, -4.752725451023e-01, 1.797693134862e+308, 1.8020e+00, 2.8746e-02, 
 2DIAGNOSTIC,     4, -4.771859856729e-01, 1.797693134862e+308, 1.8346e+00, 3.2565e-02, 
 2DIAGNOSTIC,     5, -4.804915712174e-01, 1.797693134862e+308, 1.8632e+00, 2.8580e-02, 
 2DIAGNOSTIC,     6, -4.820999856720e-01, 1.797693134862e+308, 1.8971e+00, 3.3933e-02, 
 2DIAGNOSTIC,     7, -4.833993514069e-01, 1.797693134862e+308, 1.9310e+00, 3.3905e-02, 
 2DIAGNOSTIC,     8, -4.835326967615e-01, 1.797693134862e+308, 1.9654e+00, 3.4436e-02, 
 2DIAGNOSTIC,     9, -4.835898402526e-01, 1.797693134862e+308, 1.9965e+00, 3.1064e-02, 
 2DIAGNOSTIC,    10, -4.838922140359e-01, 1.631320613287e-03, 2.0304e+00, 3.3838e-02, 
 2DIAGNOSTIC,    11, -4.847627604300e-01, 1.304299168873e-03, 2.0615e+00, 3.1141e-02, 
 2DIAGNOSTIC,    12, -4.856325383236e-01, 9.923362079399e-04, 2.1011e+00, 3.9607e-02, 
 2DIAGNOSTIC,    13, -4.892867261306e-01, 8.519126853508e-04, 2.1363e+00, 3.5240e-02, 
 2DIAGNOSTIC,    14, -4.908210361948e-01, 7.941058504054e-04, 2.1656e+00, 2.9234e-02, 
 2DIAGNOSTIC,    15, -4.919837677128e-01, 8.463565061952e-04, 2.1984e+00, 3.2856e-02, 
 2DIAGNOSTIC,    16, -4.924155655435e-01, 8.892499271305e-04, 2.2345e+00, 3.6073e-02, 
 2DIAGNOSTIC,    17, -4.924072993543e-01, 8.899227733270e-04, 2.2632e+00, 2.8699e-02, 
 2DIAGNOSTIC,    18, -4.926167308354e-01, 8.187396824591e-04, 2.2953e+00, 3.2135e-02, 
 2DIAGNOSTIC,    19, -4.927667927546e-01, 6.850848535035e-04, 2.3281e+00, 3.2762e-02, 
 2DIAGNOSTIC,    20, -4.928454183877e-01, 5.131861612763e-04, 2.3565e+00, 2.8433e-02, 
 2DIAGNOSTIC,    21, -4.930536699262e-01, 3.413400986660e-04, 2.4161e+00, 5.9545e-02, 
 2DIAGNOSTIC,    22, -4.930768339375e-01, 1.754663445898e-04, 2.4458e+00, 2.9717e-02, 
 2DIAGNOSTIC,    23, -4.931052993696e-01, 1.009459341553e-04, 2.4757e+00, 2.9878e-02, 
 2DIAGNOSTIC,    24, -4.931776935636e-01, 6.179995473396e-05, 2.5096e+00, 3.3927e-02, 
 2DIAGNOSTIC,    25, -4.932039749032e-01, 4.761844933391e-05, 2.5393e+00, 2.9669e-02, 
 2DIAGNOSTIC,    26, -4.932248290245e-01, 4.038964037860e-05, 2.5684e+00, 2.9157e-02, 
 2DIAGNOSTIC,    27, -4.933010687169e-01, 3.141407239857e-05, 2.5960e+00, 2.7585e-02, 
 2DIAGNOSTIC,    28, -4.933601465320e-01, 2.578144647382e-05, 2.6288e+00, 3.2770e-02, 
 2DIAGNOSTIC,    29, -4.933626584442e-01, 2.125825673852e-05, 2.6608e+00, 3.2024e-02, 
 2DIAGNOSTIC,    30, -4.933601065724e-01, 1.653256607782e-05, 2.6892e+00, 2.8421e-02, 
 2DIAGNOSTIC,    31, -4.933760537225e-01, 1.488638763989e-05, 2.7209e+00, 3.1650e-02, 
 2DIAGNOSTIC,    32, -4.933886364174e-01, 1.265450694938e-05, 2.7561e+00, 3.5183e-02, 
 2DIAGNOSTIC,    33, -4.933674726001e-01, 9.531929736815e-06, 2.7885e+00, 3.2416e-02, 
 2DIAGNOSTIC,    34, -4.933612200110e-01, 6.940192702108e-06, 2.8219e+00, 3.3438e-02, 
 2DIAGNOSTIC,    35, -4.933552120318e-01, 4.288458654019e-06, 2.8555e+00, 3.3562e-02, 
 2DIAGNOSTIC,    36, -4.933416644293e-01, 1.550871852243e-06, 2.8852e+00, 2.9718e-02, 
DIAGNOSTIC,Iteration,metricValue,convergenceValue,ITERATION_TIME_INDEX,SINCE_LAST
 2DIAGNOSTIC,     1, -4.340958139044e-01, 1.797693134862e+308, 3.9195e+00, 1.0343e+00, 
 2DIAGNOSTIC,     2, -4.342851991834e-01, 1.797693134862e+308, 4.1113e+00, 1.9183e-01, 
 2DIAGNOSTIC,     3, -4.343877849805e-01, 1.797693134862e+308, 4.3212e+00, 2.0992e-01, 
 2DIAGNOSTIC,     4, -4.344779239874e-01, 1.797693134862e+308, 4.5266e+00, 2.0538e-01, 
 2DIAGNOSTIC,     5, -4.345841082167e-01, 1.797693134862e+308, 4.7157e+00, 1.8915e-01, 
 2DIAGNOSTIC,     6, -4.347566617519e-01, 1.797693134862e+308, 5.0391e+00, 3.2337e-01, 
 2DIAGNOSTIC,     7, -4.348136852684e-01, 1.797693134862e+308, 5.2508e+00, 2.1169e-01, 
 2DIAGNOSTIC,     8, -4.348099907164e-01, 1.797693134862e+308, 5.4922e+00, 2.4138e-01, 
 2DIAGNOSTIC,     9, -4.348182926532e-01, 1.797693134862e+308, 5.6955e+00, 2.0330e-01, 
 2DIAGNOSTIC,    10, -4.348327177878e-01, 1.133317161628e-04, 5.8957e+00, 2.0025e-01, 
 2DIAGNOSTIC,    11, -4.348606205212e-01, 8.124438147622e-05, 6.1165e+00, 2.2075e-01, 
 2DIAGNOSTIC,    12, -4.348679445215e-01, 5.808154829684e-05, 6.3433e+00, 2.2684e-01, 
 2DIAGNOSTIC,    13, -4.348780298813e-01, 3.923146319160e-05, 6.6924e+00, 3.4905e-01, 
 2DIAGNOSTIC,    14, -4.348842487110e-01, 2.423681352748e-05, 7.0309e+00, 3.3852e-01, 
 2DIAGNOSTIC,    15, -4.348845782088e-01, 1.367794450990e-05, 7.2529e+00, 2.2199e-01, 
 2DIAGNOSTIC,    16, -4.348834319492e-01, 1.030780968321e-05, 7.5537e+00, 3.0081e-01, 
 2DIAGNOSTIC,    17, -4.348819562457e-01, 8.716842502150e-06, 7.7926e+00, 2.3894e-01, 
 2DIAGNOSTIC,    18, -4.348820726300e-01, 6.547824556793e-06, 8.0110e+00, 2.1832e-01, 
 2DIAGNOSTIC,    19, -4.348814010122e-01, 4.421953912988e-06, 8.2359e+00, 2.2499e-01, 
 2DIAGNOSTIC,    20, -4.348799863603e-01, 2.659947517150e-06, 8.4243e+00, 1.8831e-01, 
 2DIAGNOSTIC,    21, -4.348802368313e-01, 1.844872584075e-06, 8.6336e+00, 2.0937e-01, 
 2DIAGNOSTIC,    22, -4.348806261200e-01, 1.295948303517e-06, 8.8574e+00, 2.2375e-01, 
 2DIAGNOSTIC,    23, -4.348808861618e-01, 1.096690490893e-06, 9.0406e+00, 1.8326e-01, 
 2DIAGNOSTIC,    24, -4.348797119129e-01, 1.077519290085e-06, 9.2616e+00, 2.2093e-01, 
 2DIAGNOSTIC,    25, -4.348816057419e-01, 1.143564724540e-06, 9.4526e+00, 1.9106e-01, 
 2DIAGNOSTIC,    26, -4.348828506362e-01, 1.218360531137e-06, 9.7145e+00, 2.6189e-01, 
 2DIAGNOSTIC,    27, -4.348823022260e-01, 1.237305539824e-06, 9.9258e+00, 2.1131e-01, 
 2DIAGNOSTIC,    28, -4.348811396520e-01, 1.226472360796e-06, 1.0164e+01, 2.3853e-01, 
 2DIAGNOSTIC,    29, -4.348814978838e-01, 1.203257651343e-06, 1.0383e+01, 2.1874e-01, 
 2DIAGNOSTIC,    30, -4.348809296245e-01, 1.126965590757e-06, 1.0617e+01, 2.3349e-01, 
 2DIAGNOSTIC,    31, -4.348803299773e-01, 1.040861337440e-06, 1.0806e+01, 1.8950e-01, 
DIAGNOSTIC,Iteration,metricValue,convergenceValue,ITERATION_TIME_INDEX,SINCE_LAST
 2DIAGNOSTIC,     1, -4.013782339087e-01, 1.797693134862e+308, 1.3252e+01, 2.4454e+00, 
 2DIAGNOSTIC,     2, -4.015475545942e-01, 1.797693134862e+308, 1.4742e+01, 1.4900e+00, 
 2DIAGNOSTIC,     3, -4.016316548935e-01, 1.797693134862e+308, 1.6111e+01, 1.3693e+00, 
 2DIAGNOSTIC,     4, -4.016528897329e-01, 1.797693134862e+308, 1.7429e+01, 1.3185e+00, 
 2DIAGNOSTIC,     5, -4.016630972238e-01, 1.797693134862e+308, 1.8910e+01, 1.4805e+00, 
 2DIAGNOSTIC,     6, -4.016710504016e-01, 1.797693134862e+308, 2.0305e+01, 1.3956e+00, 
 2DIAGNOSTIC,     7, -4.016850987427e-01, 1.797693134862e+308, 2.1622e+01, 1.3162e+00, 
 2DIAGNOSTIC,     8, -4.017978394561e-01, 1.797693134862e+308, 2.3071e+01, 1.4498e+00, 
 2DIAGNOSTIC,     9, -4.019708585660e-01, 1.797693134862e+308, 2.5760e+01, 2.6890e+00, 
 2DIAGNOSTIC,    10, -4.019745061871e-01, 8.094444076875e-05, 2.7123e+01, 1.3624e+00, 
 2DIAGNOSTIC,    11, -4.019797126809e-01, 6.850507991313e-05, 2.8535e+01, 1.4119e+00, 
 2DIAGNOSTIC,    12, -4.019876377416e-01, 6.270859254588e-05, 2.9860e+01, 1.3257e+00, 
 2DIAGNOSTIC,    13, -4.019959165300e-01, 5.724198825427e-05, 3.1240e+01, 1.3800e+00, 
 2DIAGNOSTIC,    14, -4.020043647024e-01, 4.890906082891e-05, 3.2916e+01, 1.6754e+00, 
 2DIAGNOSTIC,    15, -4.020081500028e-01, 3.813901262807e-05, 3.4586e+01, 1.6706e+00, 
 2DIAGNOSTIC,    16, -4.020075642027e-01, 2.590576137439e-05, 3.5943e+01, 1.3568e+00, 
 2DIAGNOSTIC,    17, -4.020085227820e-01, 1.349041783322e-05, 3.7352e+01, 1.4087e+00, 
 2DIAGNOSTIC,    18, -4.020108209144e-01, 5.705413582129e-06, 3.8912e+01, 1.5599e+00, 
 2DIAGNOSTIC,    19, -4.020121721265e-01, 4.860148351563e-06, 4.0529e+01, 1.6171e+00, 
 2DIAGNOSTIC,    20, -4.020132424398e-01, 3.970036608486e-06, 4.2147e+01, 1.6183e+00, 
 2DIAGNOSTIC,    21, -4.020129508593e-01, 3.109506473024e-06, 4.3637e+01, 1.4902e+00, 
 2DIAGNOSTIC,    22, -4.020150299987e-01, 2.498281205660e-06, 4.5011e+01, 1.3739e+00, 
 2DIAGNOSTIC,    23, -4.020189669429e-01, 2.208224697868e-06, 4.6532e+01, 1.5206e+00, 
 2DIAGNOSTIC,    24, -4.020252880033e-01, 2.293526686459e-06, 4.8859e+01, 2.3268e+00, 
 2DIAGNOSTIC,    25, -4.020283442821e-01, 2.473093868097e-06, 5.0341e+01, 1.4825e+00, 
 2DIAGNOSTIC,    26, -4.020288874528e-01, 2.526652396001e-06, 5.1863e+01, 1.5222e+00, 
 2DIAGNOSTIC,    27, -4.020291136282e-01, 2.485697699235e-06, 5.3376e+01, 1.5127e+00, 
 2DIAGNOSTIC,    28, -4.020288194013e-01, 2.372999076496e-06, 5.4920e+01, 1.5443e+00, 
 2DIAGNOSTIC,    29, -4.020287119408e-01, 2.178860149429e-06, 5.6572e+01, 1.6515e+00, 
 2DIAGNOSTIC,    30, -4.020287056760e-01, 1.921031508673e-06, 5.8028e+01, 1.4564e+00, 
 2DIAGNOSTIC,    31, -4.020287874242e-01, 1.595061385161e-06, 6.2359e+01, 4.3312e+00, 
 2DIAGNOSTIC,    32, -4.020287874241e-01, 1.281626294855e-06, 6.6038e+01, 3.6787e+00, 
 2DIAGNOSTIC,    33, -4.020287874241e-01, 1.041515668897e-06, 6.7578e+01, 1.5394e+00, 
  Elapsed time (stage 0): 6.8433e+01


Total elapsed time: 6.8435e+01
Info [verificarlo]: loaded backend libinterflop_ieee.so
Info [interflop-ieee]: load backend with:
Info [interflop-ieee]: debug = false
Info [interflop-ieee]: debug-binary = false
Info [interflop-ieee]: no-backend-name = false
Info [interflop-ieee]: print-new-line = false
Info [interflop-ieee]: print-subnormal-normalized = false
Info [interflop-ieee]: count-op = false
All_Command_lines_OK
Using double precision for computations.
=============================================================================
The composite transform comprises the following transforms (in order): 
  1. /home/mdugre/scratch/mri-registration-rp/datasets/ds004513/derivatives/mri-registration-rp/0001/antsRegistration-r8-p23/sub-s037/rigid_Composite.h5[0] (type = Euler3DTransform)
  2. /home/mdugre/scratch/mri-registration-rp/datasets/ds004513/derivatives/mri-registration-rp/0001/antsRegistration-r8-p23/sub-s037/rigid_Composite.h5[1] (type = Euler3DTransform)
  3. /home/mdugre/scratch/mri-registration-rp/datasets/ds004513/derivatives/mri-registration-rp/0001/antsRegistration-r8-p23/sub-s037/rigid_Composite.h5[2] (type = Euler3DTransform)
=============================================================================
  number of levels = 4
  fixed image: /templateflow/tpl-MNI152NLin2009cAsym/tpl-MNI152NLin2009cAsym_res-01_desc-brain_T1w.nii.gz
  moving image: /home/mdugre/scratch/mri-registration-rp/datasets/ds004513/derivatives/mri-registration-rp/antsBrainExtraction/sub-s037/BrainExtractionBrain.nii.gz
Dimension = 3
Number of stages = 1
Use histogram matching = false
Winsorize image intensities = true
  Lower quantile = 0.005
  Upper quantile = 0.995


Stage 1 State
   Image metric = MattesMI
     Fixed image = Image (0x52657e0)
  RTTI typeinfo:   itk::Image<double, 3u>
  Reference Count: 2
  Modified Time: 1592
  Debug: Off
  Object Name: 
  Observers: 
    none
  Source: (none)
  Source output name: (none)
  Release Data: Off
  Data Released: False
  Global Release Data: Off
  PipelineMTime: 0
  UpdateMTime: 1203
  RealTimeStamp: 0 seconds 
  LargestPossibleRegion: 
    Dimension: 3
    Index: [0, 0, 0]
    Size: [193, 229, 193]
  BufferedRegion: 
    Dimension: 3
    Index: [0, 0, 0]
    Size: [193, 229, 193]
  RequestedRegion: 
    Dimension: 3
    Index: [0, 0, 0]
    Size: [193, 229, 193]
  Spacing: [1, 1, 1]
  Origin: [96, 132, -78]
  Direction: 
-1 0 0
0 -1 0
0 0 1

  IndexToPointMatrix: 
-1 0 0
0 -1 0
0 0 1

  PointToIndexMatrix: 
-1 0 0
0 -1 0
0 0 1

  Inverse Direction: 
-1 0 0
0 -1 0
0 0 1

  PixelContainer: 
    ImportImageContainer (0x5325a20)
      RTTI typeinfo:   itk::ImportImageContainer<unsigned long, double>
      Reference Count: 1
      Modified Time: 1200
      Debug: Off
      Object Name: 
      Observers: 
        none
      Pointer: 0x14e6f117a010
      Container manages memory: true
      Size: 8530021
      Capacity: 8530021

     Moving image = Image (0x5320d70)
  RTTI typeinfo:   itk::Image<double, 3u>
  Reference Count: 2
  Modified Time: 1593
  Debug: Off
  Object Name: 
  Observers: 
    none
  Source: (none)
  Source output name: (none)
  Release Data: Off
  Data Released: False
  Global Release Data: Off
  PipelineMTime: 0
  UpdateMTime: 1590
  RealTimeStamp: 0 seconds 
  LargestPossibleRegion: 
    Dimension: 3
    Index: [0, 0, 0]
    Size: [160, 240, 256]
  BufferedRegion: 
    Dimension: 3
    Index: [0, 0, 0]
    Size: [160, 240, 256]
  RequestedRegion: 
    Dimension: 3
    Index: [0, 0, 0]
    Size: [160, 240, 256]
  Spacing: [1, 1, 1]
  Origin: [87.9508, 102.562, -147.639]
  Direction: 
-0.998659 -0.0436121 -0.0279129
0.043595 -0.999049 0.00121847
-0.0279395 -2.65543e-08 0.99961

  IndexToPointMatrix: 
-0.998659 -0.0436121 -0.0279129
0.043595 -0.999049 0.00121847
-0.0279395 -2.65543e-08 0.99961

  PointToIndexMatrix: 
-0.998659 0.043595 -0.0279395
-0.0436121 -0.999049 -2.65517e-08
-0.0279129 0.00121847 0.99961

  Inverse Direction: 
-0.998659 0.043595 -0.0279395
-0.0436121 -0.999049 -2.65517e-08
-0.0279129 0.00121847 0.99961

  PixelContainer: 
    ImportImageContainer (0x52d8c90)
      RTTI typeinfo:   itk::ImportImageContainer<unsigned long, double>
      Reference Count: 1
      Modified Time: 1587
      Debug: Off
      Object Name: 
      Observers: 
        none
      Pointer: 0x14e6ec679010
      Container manages memory: true
      Size: 9830400
      Capacity: 9830400

     Weighting = 1
     Sampling strategy = regular
     Number of bins = 32
     Radius = 4
     Sampling percentage  = 0.25
   Transform = Affine
     Gradient step = 0.1
     Update field sigma (voxel space) = 0
     Total field sigma (voxel space) = 0
     Update field time sigma = 0
     Total field time sigma  = 0
     Number of time indices = 0
     Number of time point samples = 0
Registration using 1 total stages.

Stage 0
  iterations = 1000x500x250x100
  convergence threshold = 1e-06
  convergence window size = 10
  number of levels = 4
  using the Mattes MI metric (number of bins = 32, weight = 1, use gradient filter = 0)
  preprocessing:  winsorizing the image intensities
  Shrink factors (level 1 out of 4): [8, 8, 8]
  Shrink factors (level 2 out of 4): [4, 4, 4]
  Shrink factors (level 3 out of 4): [2, 2, 2]
  Shrink factors (level 4 out of 4): [1, 1, 1]
  smoothing sigmas per level: [3, 2, 1, 0]
  regular sampling (percentage = 0.25)

*** Running AffineTransform registration ***

DIAGNOSTIC,Iteration,metricValue,convergenceValue,ITERATION_TIME_INDEX,SINCE_LAST
 2DIAGNOSTIC,     1, -5.830095400406e-01, 1.797693134862e+308, 6.5578e-01, 6.5578e-01, 
 2DIAGNOSTIC,     2, -5.847432316020e-01, 1.797693134862e+308, 6.6013e-01, 4.3519e-03, 
 2DIAGNOSTIC,     3, -5.877023982868e-01, 1.797693134862e+308, 6.6422e-01, 4.0901e-03, 
 2DIAGNOSTIC,     4, -5.929728950558e-01, 1.797693134862e+308, 6.6828e-01, 4.0560e-03, 
 2DIAGNOSTIC,     5, -6.014857528377e-01, 1.797693134862e+308, 6.7231e-01, 4.0271e-03, 
 2DIAGNOSTIC,     6, -6.145411484580e-01, 1.797693134862e+308, 6.7690e-01, 4.5919e-03, 
 2DIAGNOSTIC,     7, -6.325901726753e-01, 1.797693134862e+308, 6.8152e-01, 4.6170e-03, 
 2DIAGNOSTIC,     8, -6.667751552138e-01, 1.797693134862e+308, 6.8674e-01, 5.2199e-03, 
 2DIAGNOSTIC,     9, -6.913924583054e-01, 1.797693134862e+308, 6.9359e-01, 6.8569e-03, 
 2DIAGNOSTIC,    10, -6.927542893052e-01, 1.269831581764e-02, 6.9906e-01, 5.4691e-03, 
 2DIAGNOSTIC,    11, -7.018889231949e-01, 1.274089637160e-02, 7.0399e-01, 4.9319e-03, 
 2DIAGNOSTIC,    12, -7.147873167210e-01, 1.215923761775e-02, 7.1025e-01, 6.2530e-03, 
 2DIAGNOSTIC,    13, -7.185932265241e-01, 1.078627087017e-02, 7.1610e-01, 5.8520e-03, 
 2DIAGNOSTIC,    14, -7.184155091356e-01, 8.813221435943e-03, 7.2179e-01, 5.6880e-03, 
 2DIAGNOSTIC,    15, -7.179094447863e-01, 6.576974646351e-03, 7.2768e-01, 5.8889e-03, 
 2DIAGNOSTIC,    16, -7.179901468199e-01, 4.404801202106e-03, 7.3352e-01, 5.8410e-03, 
 2DIAGNOSTIC,    17, -7.180085108161e-01, 2.539081965587e-03, 7.3894e-01, 5.4219e-03, 
 2DIAGNOSTIC,    18, -7.180429810959e-01, 1.460410523896e-03, 7.4420e-01, 5.2559e-03, 
 2DIAGNOSTIC,    19, -7.179241720455e-01, 9.239214575006e-04, 7.4973e-01, 5.5361e-03, 
 2DIAGNOSTIC,    20, -7.180329263941e-01, 3.900103900671e-04, 7.5513e-01, 5.3980e-03, 
 2DIAGNOSTIC,    21, -7.181664995817e-01, 5.412327939328e-05, 7.5997e-01, 4.8411e-03, 
DIAGNOSTIC,Iteration,metricValue,convergenceValue,ITERATION_TIME_INDEX,SINCE_LAST
 2DIAGNOSTIC,     1, -5.919555418940e-01, 1.797693134862e+308, 1.4794e+00, 7.1941e-01, 
 2DIAGNOSTIC,     2, -5.927905017080e-01, 1.797693134862e+308, 1.5136e+00, 3.4173e-02, 
 2DIAGNOSTIC,     3, -5.938725984543e-01, 1.797693134862e+308, 1.5481e+00, 3.4582e-02, 
 2DIAGNOSTIC,     4, -5.954665491004e-01, 1.797693134862e+308, 1.5830e+00, 3.4896e-02, 
 2DIAGNOSTIC,     5, -5.969818222772e-01, 1.797693134862e+308, 1.6174e+00, 3.4354e-02, 
 2DIAGNOSTIC,     6, -5.984756201389e-01, 1.797693134862e+308, 1.6500e+00, 3.2619e-02, 
 2DIAGNOSTIC,     7, -5.992683259285e-01, 1.797693134862e+308, 1.6930e+00, 4.2948e-02, 
 2DIAGNOSTIC,     8, -5.995013486912e-01, 1.797693134862e+308, 1.7279e+00, 3.4901e-02, 
 2DIAGNOSTIC,     9, -5.998420537311e-01, 1.797693134862e+308, 1.7610e+00, 3.3154e-02, 
 2DIAGNOSTIC,    10, -6.003724752640e-01, 9.817783041444e-04, 1.7964e+00, 3.5398e-02, 
 2DIAGNOSTIC,    11, -6.004997880190e-01, 7.715839793216e-04, 1.8475e+00, 5.1103e-02, 
 2DIAGNOSTIC,    12, -6.005092463843e-01, 5.612356742507e-04, 1.8982e+00, 5.0731e-02, 
 2DIAGNOSTIC,    13, -6.005128173467e-01, 3.726478854005e-04, 1.9300e+00, 3.1776e-02, 
 2DIAGNOSTIC,    14, -6.004991425194e-01, 2.305162285815e-04, 1.9651e+00, 3.5104e-02, 
 2DIAGNOSTIC,    15, -6.004951394421e-01, 1.332058287688e-04, 2.0114e+00, 4.6257e-02, 
 2DIAGNOSTIC,    16, -6.004868431232e-01, 7.964763713243e-05, 2.0462e+00, 3.4817e-02, 
 2DIAGNOSTIC,    17, -6.004780806359e-01, 4.732011149212e-05, 2.0807e+00, 3.4550e-02, 
 2DIAGNOSTIC,    18, -6.004697921409e-01, 2.029540278038e-05, 2.1149e+00, 3.4142e-02, 
 2DIAGNOSTIC,    19, -6.004622326831e-01, 2.401394630078e-06, 2.1526e+00, 3.7664e-02, 
DIAGNOSTIC,Iteration,metricValue,convergenceValue,ITERATION_TIME_INDEX,SINCE_LAST
 2DIAGNOSTIC,     1, -5.252232291706e-01, 1.797693134862e+308, 3.2169e+00, 1.0644e+00, 
 2DIAGNOSTIC,     2, -5.255857767716e-01, 1.797693134862e+308, 3.4739e+00, 2.5699e-01, 
 2DIAGNOSTIC,     3, -5.260051497515e-01, 1.797693134862e+308, 3.7353e+00, 2.6135e-01, 
 2DIAGNOSTIC,     4, -5.264630842074e-01, 1.797693134862e+308, 3.9865e+00, 2.5125e-01, 
 2DIAGNOSTIC,     5, -5.268863325228e-01, 1.797693134862e+308, 4.2357e+00, 2.4913e-01, 
 2DIAGNOSTIC,     6, -5.273355762401e-01, 1.797693134862e+308, 4.4911e+00, 2.5543e-01, 
 2DIAGNOSTIC,     7, -5.276285473456e-01, 1.797693134862e+308, 4.7739e+00, 2.8282e-01, 
 2DIAGNOSTIC,     8, -5.277827470327e-01, 1.797693134862e+308, 5.1903e+00, 4.1636e-01, 
 2DIAGNOSTIC,     9, -5.277960674295e-01, 1.797693134862e+308, 5.4459e+00, 2.5563e-01, 
 2DIAGNOSTIC,    10, -5.278274718350e-01, 3.485135844389e-04, 5.7156e+00, 2.6971e-01, 
 2DIAGNOSTIC,    11, -5.278590667639e-01, 2.611988045818e-04, 5.9659e+00, 2.5029e-01, 
 2DIAGNOSTIC,    12, -5.278807405386e-01, 1.822486914805e-04, 6.2393e+00, 2.7343e-01, 
 2DIAGNOSTIC,    13, -5.278883705735e-01, 1.167867550023e-04, 6.5055e+00, 2.6617e-01, 
 2DIAGNOSTIC,    14, -5.278899183333e-01, 6.791187610262e-05, 6.8765e+00, 3.7102e-01, 
 2DIAGNOSTIC,    15, -5.278906951606e-01, 3.455354284529e-05, 7.1511e+00, 2.7461e-01, 
 2DIAGNOSTIC,    16, -5.278887675999e-01, 1.723323469066e-05, 7.4001e+00, 2.4895e-01, 
 2DIAGNOSTIC,    17, -5.278874110310e-01, 9.663653768241e-06, 7.6666e+00, 2.6656e-01, 
 2DIAGNOSTIC,    18, -5.278882681130e-01, 6.869051068593e-06, 7.9130e+00, 2.4642e-01, 
 2DIAGNOSTIC,    19, -5.278867080024e-01, 4.221546823578e-06, 8.2709e+00, 3.5783e-01, 
 2DIAGNOSTIC,    20, -5.278870759572e-01, 2.445204584652e-06, 8.5166e+00, 2.4577e-01, 
 2DIAGNOSTIC,    21, -5.278847440111e-01, 1.497218396658e-06, 8.8025e+00, 2.8587e-01, 
 2DIAGNOSTIC,    22, -5.278841537220e-01, 1.150869279820e-06, 9.0895e+00, 2.8700e-01, 
 2DIAGNOSTIC,    23, -5.278835169480e-01, 1.024467675539e-06, 9.3268e+00, 2.3733e-01, 
DIAGNOSTIC,Iteration,metricValue,convergenceValue,ITERATION_TIME_INDEX,SINCE_LAST
 2DIAGNOSTIC,     1, -4.831334107716e-01, 1.797693134862e+308, 1.2151e+01, 2.8246e+00, 
 2DIAGNOSTIC,     2, -4.833999951595e-01, 1.797693134862e+308, 1.3915e+01, 1.7632e+00, 
 2DIAGNOSTIC,     3, -4.837642454819e-01, 1.797693134862e+308, 1.5626e+01, 1.7114e+00, 
