
##########################
# Experiment information #
##########################

EXPERIMENT_NAME: antsRegistration-r7-p14
VFC_BACKENDS: libinterflop_vprec.so --range-binary32=7 --precision-binary32=14 --range-binary64=7 --precision-binary64=14

SIF_IMG: /home/mdugre/projects/rrg-glatard/mdugre/containers/ants-vprec-no_metrics.simg

SUBJECT_ID: s020
INPUT_IMG: /home/mdugre/scratch/mri-registration-rp/datasets/ds004513/derivatives/mri-registration-rp/antsBrainExtraction/sub-s020/BrainExtractionBrain.nii.gz
OUTPUT_DIR: /home/mdugre/scratch/mri-registration-rp/datasets/ds004513/derivatives/mri-registration-rp/0001/antsRegistration-r7-p14/sub-s020

FIXED_IMG: /templateflow/tpl-MNI152NLin2009cAsym/tpl-MNI152NLin2009cAsym_res-01_desc-brain_T1w.nii.gz
DATA_DIR: /home/mdugre/scratch/mri-registration-rp/datasets/ds004513
TEMPLATEFLOW_DIR: /home/mdugre/projects/rrg-glatard/mdugre/templateflow
ITK_GLOBAL_DEFAULT_NUMBER_OF_THREADS: 16
##########################

Info [verificarlo]: loaded backend libinterflop_ieee.so
Info [interflop-ieee]: load backend with:
Info [interflop-ieee]: debug = false
Info [interflop-ieee]: debug-binary = false
Info [interflop-ieee]: no-backend-name = false
Info [interflop-ieee]: print-new-line = false
Info [interflop-ieee]: print-subnormal-normalized = false
Info [interflop-ieee]: count-op = false
All_Command_lines_OK
Using double precision for computations.
=============================================================================
The composite transform comprises the following transforms (in order): 
  1. Center of mass alignment using fixed image: /templateflow/tpl-MNI152NLin2009cAsym/tpl-MNI152NLin2009cAsym_res-01_desc-brain_T1w.nii.gz and moving image: /home/mdugre/scratch/mri-registration-rp/datasets/ds004513/derivatives/mri-registration-rp/antsBrainExtraction/sub-s020/BrainExtractionBrain.nii.gz (type = Euler3DTransform)
=============================================================================
  number of levels = 1
  fixed image: /templateflow/tpl-MNI152NLin2009cAsym/tpl-MNI152NLin2009cAsym_res-01_desc-brain_T1w.nii.gz
  moving image: /home/mdugre/scratch/mri-registration-rp/datasets/ds004513/derivatives/mri-registration-rp/antsBrainExtraction/sub-s020/BrainExtractionBrain.nii.gz
Dimension = 3
Number of stages = 1
Use histogram matching = false
Winsorize image intensities = true
  Lower quantile = 0.005
  Upper quantile = 0.995


Stage 1 State
   Image metric = MattesMI
     Fixed image = Image (0x3429e70)
  RTTI typeinfo:   itk::Image<double, 3u>
  Reference Count: 2
  Modified Time: 2334
  Debug: Off
  Object Name: 
  Observers: 
    none
  Source: (none)
  Source output name: (none)
  Release Data: Off
  Data Released: False
  Global Release Data: Off
  PipelineMTime: 0
  UpdateMTime: 1943
  RealTimeStamp: 0 seconds 
  LargestPossibleRegion: 
    Dimension: 3
    Index: [0, 0, 0]
    Size: [193, 229, 193]
  BufferedRegion: 
    Dimension: 3
    Index: [0, 0, 0]
    Size: [193, 229, 193]
  RequestedRegion: 
    Dimension: 3
    Index: [0, 0, 0]
    Size: [193, 229, 193]
  Spacing: [1, 1, 1]
  Origin: [96, 132, -78]
  Direction: 
-1 0 0
0 -1 0
0 0 1

  IndexToPointMatrix: 
-1 0 0
0 -1 0
0 0 1

  PointToIndexMatrix: 
-1 0 0
0 -1 0
0 0 1

  Inverse Direction: 
-1 0 0
0 -1 0
0 0 1

  PixelContainer: 
    ImportImageContainer (0x3432c60)
      RTTI typeinfo:   itk::ImportImageContainer<unsigned long, double>
      Reference Count: 1
      Modified Time: 1940
      Debug: Off
      Object Name: 
      Observers: 
        none
      Pointer: 0x147945c23010
      Container manages memory: true
      Size: 8530021
      Capacity: 8530021

     Moving image = Image (0x3435610)
  RTTI typeinfo:   itk::Image<double, 3u>
  Reference Count: 2
  Modified Time: 2335
  Debug: Off
  Object Name: 
  Observers: 
    none
  Source: (none)
  Source output name: (none)
  Release Data: Off
  Data Released: False
  Global Release Data: Off
  PipelineMTime: 0
  UpdateMTime: 2332
  RealTimeStamp: 0 seconds 
  LargestPossibleRegion: 
    Dimension: 3
    Index: [0, 0, 0]
    Size: [160, 240, 256]
  BufferedRegion: 
    Dimension: 3
    Index: [0, 0, 0]
    Size: [160, 240, 256]
  RequestedRegion: 
    Dimension: 3
    Index: [0, 0, 0]
    Size: [160, 240, 256]
  Spacing: [0.999995, 1, 1]
  Origin: [87.0906, 98.7205, -152.377]
  Direction: 
-0.996975 0.0261379 -0.0731913
-0.0260677 -0.999658 -0.00191374
-0.0732163 -2.46403e-08 0.997316

  IndexToPointMatrix: 
-0.996971 0.0261379 -0.0731913
-0.0260676 -0.999658 -0.00191374
-0.0732159 -2.46403e-08 0.997316

  PointToIndexMatrix: 
-0.99698 -0.0260679 -0.0732166
0.0261379 -0.999658 -2.46993e-08
-0.0731913 -0.00191374 0.997316

  Inverse Direction: 
-0.996975 -0.0260677 -0.0732163
0.0261379 -0.999658 -2.46993e-08
-0.0731913 -0.00191374 0.997316

  PixelContainer: 
    ImportImageContainer (0x34ceef0)
      RTTI typeinfo:   itk::ImportImageContainer<unsigned long, double>
      Reference Count: 1
      Modified Time: 2329
      Debug: Off
      Object Name: 
      Observers: 
        none
      Pointer: 0x147941122010
      Container manages memory: true
      Size: 9830400
      Capacity: 9830400

     Weighting = 1
     Sampling strategy = regular
     Number of bins = 32
     Radius = 4
     Sampling percentage  = 0.25
   Transform = Rigid
     Gradient step = 0.1
     Update field sigma (voxel space) = 0
     Total field sigma (voxel space) = 0
     Update field time sigma = 0
     Total field time sigma  = 0
     Number of time indices = 0
     Number of time point samples = 0
Registration using 1 total stages.

Stage 0
  iterations = 0
  convergence threshold = 1e-06
  convergence window size = 10
  number of levels = 1
  using the Mattes MI metric (number of bins = 32, weight = 1, use gradient filter = 0)
  preprocessing:  winsorizing the image intensities
  Shrink factors (level 1 out of 1): [1, 1, 1]
  smoothing sigmas per level: [0]
  regular sampling (percentage = 0.25)

*** Running Euler3DTransform registration ***

  Elapsed time (stage 0): 1.09871


Total elapsed time: 1.10483
Info [verificarlo]: loaded backend libinterflop_ieee.so
Info [interflop-ieee]: load backend with:
Info [interflop-ieee]: debug = false
Info [interflop-ieee]: debug-binary = false
Info [interflop-ieee]: no-backend-name = false
Info [interflop-ieee]: print-new-line = false
Info [interflop-ieee]: print-subnormal-normalized = false
Info [interflop-ieee]: count-op = false
All_Command_lines_OK
Using double precision for computations.
=============================================================================
The composite transform comprises the following transforms (in order): 
  1. /home/mdugre/scratch/mri-registration-rp/datasets/ds004513/derivatives/mri-registration-rp/0001/antsRegistration-r7-p14/sub-s020/align_Composite.h5[0] (type = Euler3DTransform)
  2. /home/mdugre/scratch/mri-registration-rp/datasets/ds004513/derivatives/mri-registration-rp/0001/antsRegistration-r7-p14/sub-s020/align_Composite.h5[1] (type = Euler3DTransform)
=============================================================================
  number of levels = 4
  fixed image: /templateflow/tpl-MNI152NLin2009cAsym/tpl-MNI152NLin2009cAsym_res-01_desc-brain_T1w.nii.gz
  moving image: /home/mdugre/scratch/mri-registration-rp/datasets/ds004513/derivatives/mri-registration-rp/antsBrainExtraction/sub-s020/BrainExtractionBrain.nii.gz
Dimension = 3
Number of stages = 1
Use histogram matching = false
Winsorize image intensities = true
  Lower quantile = 0.005
  Upper quantile = 0.995


Stage 1 State
   Image metric = MattesMI
     Fixed image = Image (0x4999530)
  RTTI typeinfo:   itk::Image<double, 3u>
  Reference Count: 2
  Modified Time: 1580
  Debug: Off
  Object Name: 
  Observers: 
    none
  Source: (none)
  Source output name: (none)
  Release Data: Off
  Data Released: False
  Global Release Data: Off
  PipelineMTime: 0
  UpdateMTime: 1189
  RealTimeStamp: 0 seconds 
  LargestPossibleRegion: 
    Dimension: 3
    Index: [0, 0, 0]
    Size: [193, 229, 193]
  BufferedRegion: 
    Dimension: 3
    Index: [0, 0, 0]
    Size: [193, 229, 193]
  RequestedRegion: 
    Dimension: 3
    Index: [0, 0, 0]
    Size: [193, 229, 193]
  Spacing: [1, 1, 1]
  Origin: [96, 132, -78]
  Direction: 
-1 0 0
0 -1 0
0 0 1

  IndexToPointMatrix: 
-1 0 0
0 -1 0
0 0 1

  PointToIndexMatrix: 
-1 0 0
0 -1 0
0 0 1

  Inverse Direction: 
-1 0 0
0 -1 0
0 0 1

  PixelContainer: 
    ImportImageContainer (0x4a57d60)
      RTTI typeinfo:   itk::ImportImageContainer<unsigned long, double>
      Reference Count: 1
      Modified Time: 1186
      Debug: Off
      Object Name: 
      Observers: 
        none
      Pointer: 0x152038451010
      Container manages memory: true
      Size: 8530021
      Capacity: 8530021

     Moving image = Image (0x4a49f60)
  RTTI typeinfo:   itk::Image<double, 3u>
  Reference Count: 2
  Modified Time: 1581
  Debug: Off
  Object Name: 
  Observers: 
    none
  Source: (none)
  Source output name: (none)
  Release Data: Off
  Data Released: False
  Global Release Data: Off
  PipelineMTime: 0
  UpdateMTime: 1578
  RealTimeStamp: 0 seconds 
  LargestPossibleRegion: 
    Dimension: 3
    Index: [0, 0, 0]
    Size: [160, 240, 256]
  BufferedRegion: 
    Dimension: 3
    Index: [0, 0, 0]
    Size: [160, 240, 256]
  RequestedRegion: 
    Dimension: 3
    Index: [0, 0, 0]
    Size: [160, 240, 256]
  Spacing: [0.999995, 1, 1]
  Origin: [87.0906, 98.7205, -152.377]
  Direction: 
-0.996975 0.0261379 -0.0731913
-0.0260677 -0.999658 -0.00191374
-0.0732163 -2.46403e-08 0.997316

  IndexToPointMatrix: 
-0.996971 0.0261379 -0.0731913
-0.0260676 -0.999658 -0.00191374
-0.0732159 -2.46403e-08 0.997316

  PointToIndexMatrix: 
-0.99698 -0.0260679 -0.0732166
0.0261379 -0.999658 -2.46993e-08
-0.0731913 -0.00191374 0.997316

  Inverse Direction: 
-0.996975 -0.0260677 -0.0732163
0.0261379 -0.999658 -2.46993e-08
-0.0731913 -0.00191374 0.997316

  PixelContainer: 
    ImportImageContainer (0x4a3b6d0)
      RTTI typeinfo:   itk::ImportImageContainer<unsigned long, double>
      Reference Count: 1
      Modified Time: 1575
      Debug: Off
      Object Name: 
      Observers: 
        none
      Pointer: 0x152033950010
      Container manages memory: true
      Size: 9830400
      Capacity: 9830400

     Weighting = 1
     Sampling strategy = regular
     Number of bins = 32
     Radius = 4
     Sampling percentage  = 0.25
   Transform = Rigid
     Gradient step = 0.1
     Update field sigma (voxel space) = 0
     Total field sigma (voxel space) = 0
     Update field time sigma = 0
     Total field time sigma  = 0
     Number of time indices = 0
     Number of time point samples = 0
Registration using 1 total stages.

Stage 0
  iterations = 1000x500x250x100
  convergence threshold = 1e-06
  convergence window size = 10
  number of levels = 4
  using the Mattes MI metric (number of bins = 32, weight = 1, use gradient filter = 0)
  preprocessing:  winsorizing the image intensities
  Shrink factors (level 1 out of 4): [8, 8, 8]
  Shrink factors (level 2 out of 4): [4, 4, 4]
  Shrink factors (level 3 out of 4): [2, 2, 2]
  Shrink factors (level 4 out of 4): [1, 1, 1]
  smoothing sigmas per level: [3, 2, 1, 0]
  regular sampling (percentage = 0.25)

*** Running Euler3DTransform registration ***

DIAGNOSTIC,Iteration,metricValue,convergenceValue,ITERATION_TIME_INDEX,SINCE_LAST
 2DIAGNOSTIC,     1, -3.791273390751e-01, 1.797693134862e+308, 6.9636e-01, 6.9636e-01, 
 2DIAGNOSTIC,     2, -3.803606001643e-01, 1.797693134862e+308, 7.0079e-01, 4.4260e-03, 
 2DIAGNOSTIC,     3, -3.828962034719e-01, 1.797693134862e+308, 7.0493e-01, 4.1370e-03, 
 2DIAGNOSTIC,     4, -3.876122532015e-01, 1.797693134862e+308, 7.0910e-01, 4.1771e-03, 
 2DIAGNOSTIC,     5, -3.904935334081e-01, 1.797693134862e+308, 7.1447e-01, 5.3620e-03, 
 2DIAGNOSTIC,     6, -3.911039700181e-01, 1.797693134862e+308, 7.1891e-01, 4.4420e-03, 
 2DIAGNOSTIC,     7, -3.914905453856e-01, 1.797693134862e+308, 7.2344e-01, 4.5309e-03, 
 2DIAGNOSTIC,     8, -3.925629083064e-01, 1.797693134862e+308, 7.2768e-01, 4.2400e-03, 
 2DIAGNOSTIC,     9, -3.981570789235e-01, 1.797693134862e+308, 7.3212e-01, 4.4420e-03, 
 2DIAGNOSTIC,    10, -4.079218556696e-01, 3.866687266231e-03, 7.3790e-01, 5.7800e-03, 
 2DIAGNOSTIC,    11, -4.246779602407e-01, 4.904320352956e-03, 7.4296e-01, 5.0559e-03, 
 2DIAGNOSTIC,    12, -4.297045200929e-01, 5.673254149495e-03, 7.4739e-01, 4.4339e-03, 
 2DIAGNOSTIC,    13, -4.335692915503e-01, 6.156954111612e-03, 7.5259e-01, 5.1970e-03, 
 2DIAGNOSTIC,    14, -4.439932007389e-01, 6.764094567488e-03, 7.5708e-01, 4.4911e-03, 
 2DIAGNOSTIC,    15, -4.466217673638e-01, 6.904768047052e-03, 7.6217e-01, 5.0960e-03, 
 2DIAGNOSTIC,    16, -4.513528166464e-01, 6.619270358050e-03, 7.6648e-01, 4.3080e-03, 
 2DIAGNOSTIC,    17, -4.528510999686e-01, 5.844785632054e-03, 7.7179e-01, 5.3031e-03, 
 2DIAGNOSTIC,    18, -4.555717392003e-01, 4.777374797963e-03, 7.7842e-01, 6.6330e-03, 
 2DIAGNOSTIC,    19, -4.559551113158e-01, 3.601534594358e-03, 7.8295e-01, 4.5280e-03, 
 2DIAGNOSTIC,    20, -4.573566176801e-01, 2.586715573556e-03, 7.8971e-01, 6.7670e-03, 
 2DIAGNOSTIC,    21, -4.575248369366e-01, 1.982972051193e-03, 7.9412e-01, 4.4041e-03, 
 2DIAGNOSTIC,    22, -4.577282903497e-01, 1.415638705859e-03, 7.9907e-01, 4.9489e-03, 
 2DIAGNOSTIC,    23, -4.579446630930e-01, 8.825833129879e-04, 8.0345e-01, 4.3809e-03, 
 2DIAGNOSTIC,    24, -4.580222315608e-01, 6.077367381591e-04, 8.0783e-01, 4.3809e-03, 
 2DIAGNOSTIC,    25, -4.581756400629e-01, 3.715365952274e-04, 8.1224e-01, 4.4160e-03, 
 2DIAGNOSTIC,    26, -4.586248190397e-01, 2.524103605940e-04, 8.1667e-01, 4.4289e-03, 
 2DIAGNOSTIC,    27, -4.589294017465e-01, 1.618677317562e-04, 8.2315e-01, 6.4819e-03, 
 2DIAGNOSTIC,    28, -4.591729125193e-01, 1.332919989393e-04, 8.2746e-01, 4.3039e-03, 
 2DIAGNOSTIC,    29, -4.592815434110e-01, 1.048166040294e-04, 8.3232e-01, 4.8649e-03, 
 2DIAGNOSTIC,    30, -4.597217539913e-01, 1.090676951795e-04, 8.3834e-01, 6.0198e-03, 
 2DIAGNOSTIC,    31, -4.598057315446e-01, 1.077863514327e-04, 8.4273e-01, 4.3890e-03, 
 2DIAGNOSTIC,    32, -4.606594522407e-01, 1.180532397316e-04, 8.4768e-01, 4.9510e-03, 
 2DIAGNOSTIC,    33, -4.610372551420e-01, 1.280764102655e-04, 8.5205e-01, 4.3631e-03, 
 2DIAGNOSTIC,    34, -4.611802848055e-01, 1.297211033909e-04, 8.5655e-01, 4.5080e-03, 
 2DIAGNOSTIC,    35, -4.615458756875e-01, 1.287479067673e-04, 8.6091e-01, 4.3550e-03, 
 2DIAGNOSTIC,    36, -4.621709356604e-01, 1.349019577536e-04, 8.6637e-01, 5.4650e-03, 
 2DIAGNOSTIC,    37, -4.629043811017e-01, 1.457626604550e-04, 8.7132e-01, 4.9438e-03, 
 2DIAGNOSTIC,    38, -4.631333837452e-01, 1.500770344064e-04, 8.7620e-01, 4.8819e-03, 
 2DIAGNOSTIC,    39, -4.635685419091e-01, 1.491559912816e-04, 8.8055e-01, 4.3499e-03, 
 2DIAGNOSTIC,    40, -4.640413397760e-01, 1.490530184185e-04, 8.8498e-01, 4.4270e-03, 
 2DIAGNOSTIC,    41, -4.650741744387e-01, 1.518527914570e-04, 8.8951e-01, 4.5300e-03, 
 2DIAGNOSTIC,    42, -4.683396292717e-01, 2.028470379537e-04, 8.9677e-01, 7.2660e-03, 
 2DIAGNOSTIC,    43, -4.698780931257e-01, 2.596852567969e-04, 9.0125e-01, 4.4782e-03, 
 2DIAGNOSTIC,    44, -4.706017401719e-01, 3.018908511113e-04, 9.0559e-01, 4.3380e-03, 
 2DIAGNOSTIC,    45, -4.707982103173e-01, 3.218253248568e-04, 9.1200e-01, 6.4151e-03, 
 2DIAGNOSTIC,    46, -4.709212517281e-01, 3.203896999896e-04, 9.1630e-01, 4.2961e-03, 
 2DIAGNOSTIC,    47, -4.713000985279e-01, 3.029673326308e-04, 9.2060e-01, 4.2980e-03, 
 2DIAGNOSTIC,    48, -4.716568054506e-01, 2.647151938943e-04, 9.2496e-01, 4.3581e-03, 
 2DIAGNOSTIC,    49, -4.723421170760e-01, 2.178504447644e-04, 9.2992e-01, 4.9629e-03, 
 2DIAGNOSTIC,    50, -4.731434083842e-01, 1.686882309433e-04, 9.3494e-01, 5.0180e-03, 
 2DIAGNOSTIC,    51, -4.735120099543e-01, 1.220416640807e-04, 9.4008e-01, 5.1420e-03, 
 2DIAGNOSTIC,    52, -4.754873253321e-01, 1.294622302153e-04, 9.4512e-01, 5.0378e-03, 
 2DIAGNOSTIC,    53, -4.766419924322e-01, 1.557588514765e-04, 9.4954e-01, 4.4241e-03, 
 2DIAGNOSTIC,    54, -4.768826931664e-01, 1.772830542638e-04, 9.5452e-01, 4.9801e-03, 
 2DIAGNOSTIC,    55, -4.771023202323e-01, 1.861560282243e-04, 9.5945e-01, 4.9272e-03, 
 2DIAGNOSTIC,    56, -4.772741402439e-01, 1.802610363287e-04, 9.6505e-01, 5.5990e-03, 
 2DIAGNOSTIC,    57, -4.777963500496e-01, 1.670495476138e-04, 9.6999e-01, 4.9450e-03, 
 2DIAGNOSTIC,    58, -4.778667459530e-01, 1.425458078776e-04, 9.7459e-01, 4.5929e-03, 
 2DIAGNOSTIC,    59, -4.779793896687e-01, 1.139515797825e-04, 9.7882e-01, 4.2300e-03, 
 2DIAGNOSTIC,    60, -4.781185611385e-01, 8.570875837354e-05, 9.8352e-01, 4.7050e-03, 
 2DIAGNOSTIC,    61, -4.784356775725e-01, 5.687250262501e-05, 9.8824e-01, 4.7209e-03, 
 2DIAGNOSTIC,    62, -4.807559378303e-01, 6.679545890079e-05, 9.9391e-01, 5.6710e-03, 
 2DIAGNOSTIC,    63, -4.819999516862e-01, 9.330056059122e-05, 9.9850e-01, 4.5888e-03, 
 2DIAGNOSTIC,    64, -4.831912510767e-01, 1.240426945884e-04, 1.0053e+00, 6.7580e-03, 
 2DIAGNOSTIC,    65, -4.836402815362e-01, 1.485122807901e-04, 1.0096e+00, 4.3309e-03, 
 2DIAGNOSTIC,    66, -4.849364231317e-01, 1.718352835089e-04, 1.0139e+00, 4.2739e-03, 
 2DIAGNOSTIC,    67, -4.858061082832e-01, 1.904069858976e-04, 1.0182e+00, 4.3499e-03, 
 2DIAGNOSTIC,    68, -4.872271398280e-01, 2.035222123676e-04, 1.0232e+00, 5.0189e-03, 
 2DIAGNOSTIC,    69, -4.889043132015e-01, 2.128957594752e-04, 1.0283e+00, 5.1100e-03, 
 2DIAGNOSTIC,    70, -4.908559482579e-01, 2.202021214219e-04, 1.0332e+00, 4.8599e-03, 
 2DIAGNOSTIC,    71, -4.937416498700e-01, 2.335954268925e-04, 1.0391e+00, 5.8641e-03, 
 2DIAGNOSTIC,    72, -4.941637237561e-01, 2.472288670941e-04, 1.0433e+00, 4.2429e-03, 
 2DIAGNOSTIC,    73, -4.944633616531e-01, 2.499425108601e-04, 1.0476e+00, 4.2522e-03, 
 2DIAGNOSTIC,    74, -4.946665507718e-01, 2.404004033952e-04, 1.0518e+00, 4.2748e-03, 
 2DIAGNOSTIC,    75, -4.949791697901e-01, 2.138969459275e-04, 1.0561e+00, 4.2701e-03, 
 2DIAGNOSTIC,    76, -4.956385989049e-01, 1.831892547962e-04, 1.0625e+00, 6.4301e-03, 
 2DIAGNOSTIC,    77, -4.960367821294e-01, 1.457561888658e-04, 1.0668e+00, 4.2319e-03, 
 2DIAGNOSTIC,    78, -4.965049866532e-01, 1.104567326742e-04, 1.0716e+00, 4.8490e-03, 
 2DIAGNOSTIC,    79, -4.966552425607e-01, 7.966218493922e-05, 1.0765e+00, 4.8470e-03, 
 2DIAGNOSTIC,    80, -4.968136533683e-01, 5.776831132465e-05, 1.0809e+00, 4.4320e-03, 
 2DIAGNOSTIC,    81, -4.971511555196e-01, 5.535690418679e-05, 1.0858e+00, 4.9009e-03, 
 2DIAGNOSTIC,    82, -4.973041219857e-01, 5.189669735526e-05, 1.0905e+00, 4.7450e-03, 
 2DIAGNOSTIC,    83, -4.976606966954e-01, 4.842983949715e-05, 1.0953e+00, 4.7722e-03, 
 2DIAGNOSTIC,    84, -4.978368788661e-01, 4.317588490508e-05, 1.1006e+00, 5.2550e-03, 
 2DIAGNOSTIC,    85, -4.978552844819e-01, 3.625058834370e-05, 1.1053e+00, 4.7760e-03, 
 2DIAGNOSTIC,    86, -4.977816322223e-01, 3.019737994637e-05, 1.1101e+00, 4.8001e-03, 
 2DIAGNOSTIC,    87, -4.977857693949e-01, 2.418747185600e-05, 1.1145e+00, 4.3309e-03, 
 2DIAGNOSTIC,    88, -4.977190483039e-01, 1.878723778102e-05, 1.1192e+00, 4.7679e-03, 
 2DIAGNOSTIC,    89, -4.977325665391e-01, 1.285482548625e-05, 1.1240e+00, 4.7579e-03, 
 2DIAGNOSTIC,    90, -4.978202835897e-01, 7.505363721461e-06, 1.1303e+00, 6.3038e-03, 
 2DIAGNOSTIC,    91, -4.978462974225e-01, 4.038468698241e-06, 1.1346e+00, 4.2570e-03, 
 2DIAGNOSTIC,    92, -4.978598503356e-01, 1.358435163440e-06, 1.1390e+00, 4.4138e-03, 
 2DIAGNOSTIC,    93, -4.979089238080e-01, 1.283209560861e-06, 1.1433e+00, 4.3550e-03, 
 2DIAGNOSTIC,    94, -4.984959093328e-01, 6.056875395972e-06, 1.1483e+00, 4.9250e-03, 
 2DIAGNOSTIC,    95, -4.985544701435e-01, 1.056004104332e-05, 1.1533e+00, 5.0001e-03, 
 2DIAGNOSTIC,    96, -4.990362364737e-01, 1.659474920599e-05, 1.1583e+00, 5.0189e-03, 
 2DIAGNOSTIC,    97, -4.994732444240e-01, 2.368983562381e-05, 1.1629e+00, 4.6580e-03, 
 2DIAGNOSTIC,    98, -4.996965448864e-01, 2.929562760019e-05, 1.1679e+00, 4.9698e-03, 
 2DIAGNOSTIC,    99, -4.999110592578e-01, 3.334491564429e-05, 1.1729e+00, 4.9958e-03, 
 2DIAGNOSTIC,   100, -5.001553168887e-01, 3.612329873155e-05, 1.1774e+00, 4.5309e-03, 
 2DIAGNOSTIC,   101, -5.009677196809e-01, 4.041115055527e-05, 1.1827e+00, 5.2469e-03, 
 2DIAGNOSTIC,   102, -5.017663988243e-01, 4.543884960770e-05, 1.1882e+00, 5.5559e-03, 
 2DIAGNOSTIC,   103, -5.023124484490e-01, 4.935839383618e-05, 1.1929e+00, 4.6821e-03, 
 2DIAGNOSTIC,   104, -5.026307570814e-01, 5.379895566128e-05, 1.1990e+00, 6.1080e-03, 
 2DIAGNOSTIC,   105, -5.025978270343e-01, 5.310589799519e-05, 1.2034e+00, 4.3721e-03, 
 2DIAGNOSTIC,   106, -5.027063692246e-01, 5.062547398346e-05, 1.2083e+00, 4.9279e-03, 
 2DIAGNOSTIC,   107, -5.028142275911e-01, 4.630654690097e-05, 1.2133e+00, 4.9729e-03, 
 2DIAGNOSTIC,   108, -5.026980526495e-01, 3.818670504675e-05, 1.2182e+00, 4.9069e-03, 
 2DIAGNOSTIC,   109, -5.027957118128e-01, 2.836918191122e-05, 1.2231e+00, 4.8549e-03, 
 2DIAGNOSTIC,   110, -5.028949872090e-01, 1.786317148901e-05, 1.2275e+00, 4.4169e-03, 
 2DIAGNOSTIC,   111, -5.029097817860e-01, 1.026043907918e-05, 1.2324e+00, 4.9510e-03, 
 2DIAGNOSTIC,   112, -5.029237571541e-01, 6.146761591551e-06, 1.2373e+00, 4.9028e-03, 
 2DIAGNOSTIC,   113, -5.029466004128e-01, 4.548691031947e-06, 1.2417e+00, 4.3831e-03, 
 2DIAGNOSTIC,   114, -5.028635195905e-01, 3.822235691654e-06, 1.2488e+00, 7.0419e-03, 
 2DIAGNOSTIC,   115, -5.028645002075e-01, 2.585189976059e-06, 1.2536e+00, 4.8289e-03, 
 2DIAGNOSTIC,   116, -5.028648914968e-01, 1.691448167564e-06, 1.2594e+00, 5.8279e-03, 
 2DIAGNOSTIC,   117, -5.028649056588e-01, 1.254858614434e-06, 1.2813e+00, 2.1845e-02, 
DIAGNOSTIC,Iteration,metricValue,convergenceValue,ITERATION_TIME_INDEX,SINCE_LAST
 2DIAGNOSTIC,     1, -4.050323279160e-01, 1.797693134862e+308, 1.9974e+00, 7.1612e-01, 
 2DIAGNOSTIC,     2, -4.055768725541e-01, 1.797693134862e+308, 2.0264e+00, 2.9001e-02, 
 2DIAGNOSTIC,     3, -4.064075581447e-01, 1.797693134862e+308, 2.0549e+00, 2.8562e-02, 
 2DIAGNOSTIC,     4, -4.068037211087e-01, 1.797693134862e+308, 2.0834e+00, 2.8434e-02, 
 2DIAGNOSTIC,     5, -4.070667971730e-01, 1.797693134862e+308, 2.1113e+00, 2.7932e-02, 
 2DIAGNOSTIC,     6, -4.074547532746e-01, 1.797693134862e+308, 2.1436e+00, 3.2316e-02, 
 2DIAGNOSTIC,     7, -4.086723072909e-01, 1.797693134862e+308, 2.1728e+00, 2.9191e-02, 
 2DIAGNOSTIC,     8, -4.096603157002e-01, 1.797693134862e+308, 2.2286e+00, 5.5750e-02, 
 2DIAGNOSTIC,     9, -4.097707075926e-01, 1.797693134862e+308, 2.2568e+00, 2.8263e-02, 
 2DIAGNOSTIC,    10, -4.102944113874e-01, 8.499465452213e-04, 2.2858e+00, 2.8961e-02, 
 2DIAGNOSTIC,    11, -4.109957506583e-01, 7.824580573002e-04, 2.3141e+00, 2.8312e-02, 
 2DIAGNOSTIC,    12, -4.121939736654e-01, 7.543211887024e-04, 2.3421e+00, 2.7954e-02, 
 2DIAGNOSTIC,    13, -4.128537257148e-01, 7.401982621061e-04, 2.3700e+00, 2.7951e-02, 
 2DIAGNOSTIC,    14, -4.132644800334e-01, 7.019725299149e-04, 2.3986e+00, 2.8610e-02, 
 2DIAGNOSTIC,    15, -4.145249959186e-01, 6.765400486684e-04, 2.4264e+00, 2.7799e-02, 
 2DIAGNOSTIC,    16, -4.150645316886e-01, 6.300942709993e-04, 2.4567e+00, 3.0280e-02, 
 2DIAGNOSTIC,    17, -4.157990595905e-01, 6.094039877026e-04, 2.5008e+00, 4.4134e-02, 
 2DIAGNOSTIC,    18, -4.162045287056e-01, 5.886749592180e-04, 2.5456e+00, 4.4807e-02, 
 2DIAGNOSTIC,    19, -4.162029932618e-01, 5.199542240446e-04, 2.5770e+00, 3.1386e-02, 
 2DIAGNOSTIC,    20, -4.162573645430e-01, 4.299516357245e-04, 2.6048e+00, 2.7796e-02, 
 2DIAGNOSTIC,    21, -4.162805419802e-01, 3.315585656161e-04, 2.6332e+00, 2.8386e-02, 
 2DIAGNOSTIC,    22, -4.163252374060e-01, 2.501432610949e-04, 2.6608e+00, 2.7632e-02, 
 2DIAGNOSTIC,    23, -4.163951572929e-01, 1.746068166976e-04, 2.6887e+00, 2.7887e-02, 
 2DIAGNOSTIC,    24, -4.164967511527e-01, 1.033460062529e-04, 2.7241e+00, 3.5354e-02, 
 2DIAGNOSTIC,    25, -4.165141701511e-01, 6.346336638437e-05, 2.7558e+00, 3.1730e-02, 
 2DIAGNOSTIC,    26, -4.165200648285e-01, 3.489670887467e-05, 2.7900e+00, 3.4234e-02, 
 2DIAGNOSTIC,    27, -4.166254917045e-01, 2.647668295725e-05, 2.8181e+00, 2.8076e-02, 
 2DIAGNOSTIC,    28, -4.169892788137e-01, 3.512277885862e-05, 2.8494e+00, 3.1252e-02, 
 2DIAGNOSTIC,    29, -4.170819062176e-01, 4.184533706156e-05, 2.8812e+00, 3.1878e-02, 
 2DIAGNOSTIC,    30, -4.171133742513e-01, 4.632051210098e-05, 2.9095e+00, 2.8288e-02, 
 2DIAGNOSTIC,    31, -4.172111428763e-01, 4.905743264454e-05, 2.9524e+00, 4.2859e-02, 
 2DIAGNOSTIC,    32, -4.172301142664e-01, 4.834287979236e-05, 2.9837e+00, 3.1335e-02, 
 2DIAGNOSTIC,    33, -4.172192356362e-01, 4.423984878322e-05, 3.0122e+00, 2.8491e-02, 
 2DIAGNOSTIC,    34, -4.172289259490e-01, 3.853170424296e-05, 3.0432e+00, 3.1030e-02, 
 2DIAGNOSTIC,    35, -4.172493968247e-01, 3.043779470249e-05, 3.0717e+00, 2.8446e-02, 
 2DIAGNOSTIC,    36, -4.172585560854e-01, 2.028559869846e-05, 3.1035e+00, 3.1808e-02, 
 2DIAGNOSTIC,    37, -4.172628673213e-01, 1.070625820941e-05, 3.1350e+00, 3.1536e-02, 
 2DIAGNOSTIC,    38, -4.172798070869e-01, 7.574698433356e-06, 3.1637e+00, 2.8623e-02, 
 2DIAGNOSTIC,    39, -4.172934292117e-01, 5.836274573068e-06, 3.1942e+00, 3.0543e-02, 
 2DIAGNOSTIC,    40, -4.172786180609e-01, 3.936924482563e-06, 3.2219e+00, 2.7664e-02, 
 2DIAGNOSTIC,    41, -4.173419236447e-01, 4.530045423608e-06, 3.2715e+00, 4.9604e-02, 
 2DIAGNOSTIC,    42, -4.173493179189e-01, 5.148486574680e-06, 3.3030e+00, 3.1549e-02, 
 2DIAGNOSTIC,    43, -4.173495096621e-01, 5.149710218120e-06, 3.3308e+00, 2.7749e-02, 
 2DIAGNOSTIC,    44, -4.173429918844e-01, 4.786749786035e-06, 3.3580e+00, 2.7219e-02, 
 2DIAGNOSTIC,    45, -4.173379697562e-01, 4.292532763812e-06, 3.3859e+00, 2.7910e-02, 
 2DIAGNOSTIC,    46, -4.173501136138e-01, 3.785020108348e-06, 3.4137e+00, 2.7773e-02, 
 2DIAGNOSTIC,    47, -4.173816557082e-01, 3.505654181415e-06, 3.4445e+00, 3.0788e-02, 
 2DIAGNOSTIC,    48, -4.174074088957e-01, 3.571905483623e-06, 3.4726e+00, 2.8104e-02, 
 2DIAGNOSTIC,    49, -4.174530886988e-01, 4.204633644457e-06, 3.5029e+00, 3.0314e-02, 
 2DIAGNOSTIC,    50, -4.175585816676e-01, 5.685170266688e-06, 3.5472e+00, 4.4319e-02, 
 2DIAGNOSTIC,    51, -4.175237906824e-01, 6.970899617081e-06, 3.5878e+00, 4.0652e-02, 
 2DIAGNOSTIC,    52, -4.175349085260e-01, 7.870938537820e-06, 3.6167e+00, 2.8842e-02, 
 2DIAGNOSTIC,    53, -4.175467721388e-01, 8.203958455268e-06, 3.6478e+00, 3.1124e-02, 
 2DIAGNOSTIC,    54, -4.175847351614e-01, 8.178296733895e-06, 3.6756e+00, 2.7759e-02, 
 2DIAGNOSTIC,    55, -4.176032636852e-01, 7.566860878046e-06, 3.7072e+00, 3.1647e-02, 
 2DIAGNOSTIC,    56, -4.176130600695e-01, 6.579920996338e-06, 3.7384e+00, 3.1210e-02, 
 2DIAGNOSTIC,    57, -4.176219344779e-01, 5.560021259253e-06, 3.7704e+00, 3.1986e-02, 
 2DIAGNOSTIC,    58, -4.176338578942e-01, 4.530132339545e-06, 3.8012e+00, 3.0779e-02, 
 2DIAGNOSTIC,    59, -4.177539016488e-01, 5.028445753164e-06, 3.8323e+00, 3.1063e-02, 
 2DIAGNOSTIC,    60, -4.178272598367e-01, 7.092863540864e-06, 3.8640e+00, 3.1713e-02, 
 2DIAGNOSTIC,    61, -4.178308059451e-01, 8.104348685242e-06, 3.8916e+00, 2.7583e-02, 
 2DIAGNOSTIC,    62, -4.178271519314e-01, 8.468344690302e-06, 3.9437e+00, 5.2159e-02, 
 2DIAGNOSTIC,    63, -4.178271450775e-01, 8.183564911834e-06, 3.9958e+00, 5.2125e-02, 
 2DIAGNOSTIC,    64, -4.178271454794e-01, 7.546875393259e-06, 4.0864e+00, 9.0518e-02, 
 2DIAGNOSTIC,    65, -4.178271454794e-01, 6.427993907293e-06, 4.1208e+00, 3.4454e-02, 
 2DIAGNOSTIC,    66, -4.178271454794e-01, 4.888829823965e-06, 4.1524e+00, 3.1570e-02, 
 2DIAGNOSTIC,    67, -4.178271454794e-01, 3.086176719569e-06, 4.1833e+00, 3.0870e-02, 
 2DIAGNOSTIC,    68, -4.178271454794e-01, 1.180384237746e-06, 4.2142e+00, 3.0899e-02, 
DIAGNOSTIC,Iteration,metricValue,convergenceValue,ITERATION_TIME_INDEX,SINCE_LAST
 2DIAGNOSTIC,     1, -3.571898454077e-01, 1.797693134862e+308, 5.3699e+00, 1.1558e+00, 
 2DIAGNOSTIC,     2, -3.573742916540e-01, 1.797693134862e+308, 5.6277e+00, 2.5779e-01, 
 2DIAGNOSTIC,     3, -3.576384092811e-01, 1.797693134862e+308, 5.8851e+00, 2.5736e-01, 
 2DIAGNOSTIC,     4, -3.580866783187e-01, 1.797693134862e+308, 6.1257e+00, 2.4066e-01, 
 2DIAGNOSTIC,     5, -3.586948283462e-01, 1.797693134862e+308, 6.3768e+00, 2.5109e-01, 
 2DIAGNOSTIC,     6, -3.587211633738e-01, 1.797693134862e+308, 6.6472e+00, 2.7039e-01, 
 2DIAGNOSTIC,     7, -3.587429833255e-01, 1.797693134862e+308, 6.8964e+00, 2.4922e-01, 
 2DIAGNOSTIC,     8, -3.588679139511e-01, 1.797693134862e+308, 7.1631e+00, 2.6666e-01, 
 2DIAGNOSTIC,     9, -3.589909836916e-01, 1.797693134862e+308, 7.7283e+00, 5.6521e-01, 
 2DIAGNOSTIC,    10, -3.589907031040e-01, 3.511542102888e-04, 8.0681e+00, 3.3985e-01, 
 2DIAGNOSTIC,    11, -3.589915241723e-01, 2.565141879397e-04, 8.4276e+00, 3.5948e-01, 
 2DIAGNOSTIC,    12, -3.589907225176e-01, 1.676499514632e-04, 8.7021e+00, 2.7448e-01, 
 2DIAGNOSTIC,    13, -3.589905021385e-01, 9.320401394614e-05, 8.9828e+00, 2.8069e-01, 
 2DIAGNOSTIC,    14, -3.589902175106e-01, 4.543869451834e-05, 9.2914e+00, 3.0858e-01, 
 2DIAGNOSTIC,    15, -3.589897332276e-01, 3.227831030404e-05, 9.5353e+00, 2.4389e-01, 
 2DIAGNOSTIC,    16, -3.589887101908e-01, 1.939663370798e-05, 9.7771e+00, 2.4184e-01, 
 2DIAGNOSTIC,    17, -3.589891658946e-01, 7.371583242738e-06, 1.0025e+01, 2.4787e-01, 
 2DIAGNOSTIC,    18, -3.589886377733e-01, 1.497209504972e-06, 1.0337e+01, 3.1197e-01, 
 2DIAGNOSTIC,    19, -3.589889470554e-01, 1.413609489978e-06, 1.0619e+01, 2.8217e-01, 
 2DIAGNOSTIC,    20, -3.589879238145e-01, 1.309836947030e-06, 1.0915e+01, 2.9569e-01, 
 2DIAGNOSTIC,    21, -3.589880722144e-01, 1.280983634347e-06, 1.1142e+01, 2.2731e-01, 
 2DIAGNOSTIC,    22, -3.589870159281e-01, 1.209128955092e-06, 1.1373e+01, 2.3128e-01, 
 2DIAGNOSTIC,    23, -3.589867725381e-01, 1.150056925948e-06, 1.1638e+01, 2.6483e-01, 
 2DIAGNOSTIC,    24, -3.589867105613e-01, 1.106618043874e-06, 1.1915e+01, 2.7652e-01, 
 2DIAGNOSTIC,    25, -3.589852076874e-01, 1.025064104022e-06, 1.2173e+01, 2.5804e-01, 
DIAGNOSTIC,Iteration,metricValue,convergenceValue,ITERATION_TIME_INDEX,SINCE_LAST
 2DIAGNOSTIC,     1, -3.301328800852e-01, 1.797693134862e+308, 1.4750e+01, 2.5773e+00, 
 2DIAGNOSTIC,     2, -3.303618993699e-01, 1.797693134862e+308, 1.6178e+01, 1.4281e+00, 
 2DIAGNOSTIC,     3, -3.307060932554e-01, 1.797693134862e+308, 1.7490e+01, 1.3120e+00, 
 2DIAGNOSTIC,     4, -3.309239884848e-01, 1.797693134862e+308, 1.8808e+01, 1.3182e+00, 
 2DIAGNOSTIC,     5, -3.310431040558e-01, 1.797693134862e+308, 2.0137e+01, 1.3291e+00, 
 2DIAGNOSTIC,     6, -3.314427912984e-01, 1.797693134862e+308, 2.1903e+01, 1.7658e+00, 
 2DIAGNOSTIC,     7, -3.315226180534e-01, 1.797693134862e+308, 2.3176e+01, 1.2723e+00, 
 2DIAGNOSTIC,     8, -3.315558002975e-01, 1.797693134862e+308, 2.4660e+01, 1.4846e+00, 
 2DIAGNOSTIC,     9, -3.315923030749e-01, 1.797693134862e+308, 2.6168e+01, 1.5074e+00, 
 2DIAGNOSTIC,    10, -3.316461583373e-01, 3.062196662405e-04, 2.7939e+01, 1.7719e+00, 
 2DIAGNOSTIC,    11, -3.316489803850e-01, 2.237085344611e-04, 2.9234e+01, 1.2944e+00, 
 2DIAGNOSTIC,    12, -3.316599562721e-01, 1.518258591277e-04, 3.0828e+01, 1.5944e+00, 
 2DIAGNOSTIC,    13, -3.316612811518e-01, 1.004414763495e-04, 3.2254e+01, 1.4260e+00, 
 2DIAGNOSTIC,    14, -3.316647735400e-01, 6.119133481881e-05, 3.3850e+01, 1.5956e+00, 
 2DIAGNOSTIC,    15, -3.316657702853e-01, 2.804742692260e-05, 3.5136e+01, 1.2863e+00, 
 2DIAGNOSTIC,    16, -3.316670146288e-01, 1.808692688912e-05, 3.6452e+01, 1.3156e+00, 
 2DIAGNOSTIC,    17, -3.316744007554e-01, 1.222833324662e-05, 3.8013e+01, 1.5611e+00, 
 2DIAGNOSTIC,    18, -3.316771324808e-01, 7.747159095961e-06, 3.9393e+01, 1.3804e+00, 
 2DIAGNOSTIC,    19, -3.316778982325e-01, 4.804795697172e-06, 4.0900e+01, 1.5068e+00, 
 2DIAGNOSTIC,    20, -3.316810713846e-01, 4.318998278172e-06, 4.2249e+01, 1.3492e+00, 
 2DIAGNOSTIC,    21, -3.316894185276e-01, 4.068056050091e-06, 4.4633e+01, 2.3831e+00, 
 2DIAGNOSTIC,    22, -3.316903730376e-01, 4.054763965256e-06, 4.6795e+01, 2.1626e+00, 
 2DIAGNOSTIC,    23, -3.316903032761e-01, 3.844725488124e-06, 5.1015e+01, 4.2197e+00, 
 2DIAGNOSTIC,    24, -3.316903032739e-01, 3.554249117993e-06, 5.5181e+01, 4.1663e+00, 
 2DIAGNOSTIC,    25, -3.316903032739e-01, 3.112877102564e-06, 5.6678e+01, 1.4969e+00, 
 2DIAGNOSTIC,    26, -3.316903032739e-01, 2.562830784827e-06, 5.8283e+01, 1.6047e+00, 
 2DIAGNOSTIC,    27, -3.316903032739e-01, 2.159997357441e-06, 5.9891e+01, 1.6080e+00, 
 2DIAGNOSTIC,    28, -3.316903032739e-01, 1.781672696467e-06, 6.1430e+01, 1.5394e+00, 
 2DIAGNOSTIC,    29, -3.316903032739e-01, 1.391950244366e-06, 6.2868e+01, 1.4378e+00, 
 2DIAGNOSTIC,    30, -3.316903032739e-01, 1.084536017930e-06, 6.4348e+01, 1.4803e+00, 
 2DIAGNOSTIC,    31, -3.316903032739e-01, 1.024816219178e-06, 6.5731e+01, 1.3833e+00, 
  Elapsed time (stage 0): 6.6574e+01


Total elapsed time: 6.6584e+01
Info [verificarlo]: loaded backend libinterflop_ieee.so
Info [interflop-ieee]: load backend with:
Info [interflop-ieee]: debug = false
Info [interflop-ieee]: debug-binary = false
Info [interflop-ieee]: no-backend-name = false
Info [interflop-ieee]: print-new-line = false
Info [interflop-ieee]: print-subnormal-normalized = false
Info [interflop-ieee]: count-op = false
All_Command_lines_OK
Using double precision for computations.
=============================================================================
The composite transform comprises the following transforms (in order): 
  1. /home/mdugre/scratch/mri-registration-rp/datasets/ds004513/derivatives/mri-registration-rp/0001/antsRegistration-r7-p14/sub-s020/rigid_Composite.h5[0] (type = Euler3DTransform)
  2. /home/mdugre/scratch/mri-registration-rp/datasets/ds004513/derivatives/mri-registration-rp/0001/antsRegistration-r7-p14/sub-s020/rigid_Composite.h5[1] (type = Euler3DTransform)
  3. /home/mdugre/scratch/mri-registration-rp/datasets/ds004513/derivatives/mri-registration-rp/0001/antsRegistration-r7-p14/sub-s020/rigid_Composite.h5[2] (type = Euler3DTransform)
=============================================================================
  number of levels = 4
  fixed image: /templateflow/tpl-MNI152NLin2009cAsym/tpl-MNI152NLin2009cAsym_res-01_desc-brain_T1w.nii.gz
  moving image: /home/mdugre/scratch/mri-registration-rp/datasets/ds004513/derivatives/mri-registration-rp/antsBrainExtraction/sub-s020/BrainExtractionBrain.nii.gz
Dimension = 3
Number of stages = 1
Use histogram matching = false
Winsorize image intensities = true
  Lower quantile = 0.005
  Upper quantile = 0.995


Stage 1 State
   Image metric = MattesMI
     Fixed image = Image (0x52767e0)
  RTTI typeinfo:   itk::Image<double, 3u>
  Reference Count: 2
  Modified Time: 1594
  Debug: Off
  Object Name: 
  Observers: 
    none
  Source: (none)
  Source output name: (none)
  Release Data: Off
  Data Released: False
  Global Release Data: Off
  PipelineMTime: 0
  UpdateMTime: 1203
  RealTimeStamp: 0 seconds 
  LargestPossibleRegion: 
    Dimension: 3
    Index: [0, 0, 0]
    Size: [193, 229, 193]
  BufferedRegion: 
    Dimension: 3
    Index: [0, 0, 0]
    Size: [193, 229, 193]
  RequestedRegion: 
    Dimension: 3
    Index: [0, 0, 0]
    Size: [193, 229, 193]
  Spacing: [1, 1, 1]
  Origin: [96, 132, -78]
  Direction: 
-1 0 0
0 -1 0
0 0 1

  IndexToPointMatrix: 
-1 0 0
0 -1 0
0 0 1

  PointToIndexMatrix: 
-1 0 0
0 -1 0
0 0 1

  Inverse Direction: 
-1 0 0
0 -1 0
0 0 1

  PixelContainer: 
    ImportImageContainer (0x5336a20)
      RTTI typeinfo:   itk::ImportImageContainer<unsigned long, double>
      Reference Count: 1
      Modified Time: 1200
      Debug: Off
      Object Name: 
      Observers: 
        none
      Pointer: 0x14e754784010
      Container manages memory: true
      Size: 8530021
      Capacity: 8530021

     Moving image = Image (0x5331d70)
  RTTI typeinfo:   itk::Image<double, 3u>
  Reference Count: 2
  Modified Time: 1595
  Debug: Off
  Object Name: 
  Observers: 
    none
  Source: (none)
  Source output name: (none)
  Release Data: Off
  Data Released: False
  Global Release Data: Off
  PipelineMTime: 0
  UpdateMTime: 1592
  RealTimeStamp: 0 seconds 
  LargestPossibleRegion: 
    Dimension: 3
    Index: [0, 0, 0]
    Size: [160, 240, 256]
  BufferedRegion: 
    Dimension: 3
    Index: [0, 0, 0]
    Size: [160, 240, 256]
  RequestedRegion: 
    Dimension: 3
    Index: [0, 0, 0]
    Size: [160, 240, 256]
  Spacing: [0.999995, 1, 1]
  Origin: [87.0906, 98.7205, -152.377]
  Direction: 
-0.996975 0.0261379 -0.0731913
-0.0260677 -0.999658 -0.00191374
-0.0732163 -2.46403e-08 0.997316

  IndexToPointMatrix: 
-0.996971 0.0261379 -0.0731913
-0.0260676 -0.999658 -0.00191374
-0.0732159 -2.46403e-08 0.997316

  PointToIndexMatrix: 
-0.99698 -0.0260679 -0.0732166
0.0261379 -0.999658 -2.46993e-08
-0.0731913 -0.00191374 0.997316

  Inverse Direction: 
-0.996975 -0.0260677 -0.0732163
0.0261379 -0.999658 -2.46993e-08
-0.0731913 -0.00191374 0.997316

  PixelContainer: 
    ImportImageContainer (0x52e9c90)
      RTTI typeinfo:   itk::ImportImageContainer<unsigned long, double>
      Reference Count: 1
      Modified Time: 1589
      Debug: Off
      Object Name: 
      Observers: 
        none
      Pointer: 0x14e74fc83010
      Container manages memory: true
      Size: 9830400
      Capacity: 9830400

     Weighting = 1
     Sampling strategy = regular
     Number of bins = 32
     Radius = 4
     Sampling percentage  = 0.25
   Transform = Affine
     Gradient step = 0.1
     Update field sigma (voxel space) = 0
     Total field sigma (voxel space) = 0
     Update field time sigma = 0
     Total field time sigma  = 0
     Number of time indices = 0
     Number of time point samples = 0
Registration using 1 total stages.

Stage 0
  iterations = 1000x500x250x100
  convergence threshold = 1e-06
  convergence window size = 10
  number of levels = 4
  using the Mattes MI metric (number of bins = 32, weight = 1, use gradient filter = 0)
  preprocessing:  winsorizing the image intensities
  Shrink factors (level 1 out of 4): [8, 8, 8]
  Shrink factors (level 2 out of 4): [4, 4, 4]
  Shrink factors (level 3 out of 4): [2, 2, 2]
  Shrink factors (level 4 out of 4): [1, 1, 1]
  smoothing sigmas per level: [3, 2, 1, 0]
  regular sampling (percentage = 0.25)

*** Running AffineTransform registration ***

DIAGNOSTIC,Iteration,metricValue,convergenceValue,ITERATION_TIME_INDEX,SINCE_LAST
 2DIAGNOSTIC,     1, -5.014053909708e-01, 1.797693134862e+308, 7.3192e-01, 7.3192e-01, 
 2DIAGNOSTIC,     2, -5.033804014107e-01, 1.797693134862e+308, 7.3664e-01, 4.7181e-03, 
 2DIAGNOSTIC,     3, -5.074397623827e-01, 1.797693134862e+308, 7.4106e-01, 4.4191e-03, 
 2DIAGNOSTIC,     4, -5.132949896822e-01, 1.797693134862e+308, 7.4586e-01, 4.7951e-03, 
 2DIAGNOSTIC,     5, -5.215027838229e-01, 1.797693134862e+308, 7.5029e-01, 4.4389e-03, 
 2DIAGNOSTIC,     6, -5.353782938980e-01, 1.797693134862e+308, 7.5501e-01, 4.7112e-03, 
 2DIAGNOSTIC,     7, -5.619226286101e-01, 1.797693134862e+308, 7.5973e-01, 4.7262e-03, 
 2DIAGNOSTIC,     8, -6.331749520362e-01, 1.797693134862e+308, 7.6520e-01, 5.4638e-03, 
 2DIAGNOSTIC,     9, -6.769080450456e-01, 1.797693134862e+308, 7.7088e-01, 5.6832e-03, 
 2DIAGNOSTIC,    10, -7.062454888604e-01, 2.358638540775e-02, 7.7778e-01, 6.8970e-03, 
 2DIAGNOSTIC,    11, -7.556775198984e-01, 2.646313454348e-02, 7.8297e-01, 5.1980e-03, 
 2DIAGNOSTIC,    12, -7.804445664746e-01, 2.734274988335e-02, 7.8957e-01, 6.5939e-03, 
 2DIAGNOSTIC,    13, -8.151655492649e-01, 2.686870548144e-02, 7.9554e-01, 5.9762e-03, 
 2DIAGNOSTIC,    14, -8.237363969883e-01, 2.451708422073e-02, 8.0066e-01, 5.1188e-03, 
 2DIAGNOSTIC,    15, -8.294889073735e-01, 2.079553100387e-02, 8.0656e-01, 5.8970e-03, 
 2DIAGNOSTIC,    16, -8.371981027827e-01, 1.636922822372e-02, 8.1237e-01, 5.8100e-03, 
 2DIAGNOSTIC,    17, -8.504394233479e-01, 1.205217477036e-02, 8.2029e-01, 7.9200e-03, 
 2DIAGNOSTIC,    18, -8.503989749645e-01, 8.875623398695e-03, 8.2688e-01, 6.5861e-03, 
 2DIAGNOSTIC,    19, -8.504798307199e-01, 6.258672839416e-03, 8.3193e-01, 5.0552e-03, 
 2DIAGNOSTIC,    20, -8.501937372354e-01, 3.971039474029e-03, 8.3857e-01, 6.6381e-03, 
 2DIAGNOSTIC,    21, -8.499835131099e-01, 2.522748427738e-03, 8.4360e-01, 5.0280e-03, 
