
##########################
# Experiment information #
##########################

EXPERIMENT_NAME: antsRegistration-r8-p14
VFC_BACKENDS: libinterflop_vprec.so --range-binary32=8 --precision-binary32=14 --range-binary64=8 --precision-binary64=14

SIF_IMG: /home/mdugre/projects/rrg-glatard/mdugre/containers/ants-vprec-no_metrics.simg

SUBJECT_ID: s032
INPUT_IMG: /home/mdugre/scratch/mri-registration-rp/datasets/ds004513/derivatives/mri-registration-rp/antsBrainExtraction/sub-s032/BrainExtractionBrain.nii.gz
OUTPUT_DIR: /home/mdugre/scratch/mri-registration-rp/datasets/ds004513/derivatives/mri-registration-rp/0001/antsRegistration-r8-p14/sub-s032

FIXED_IMG: /templateflow/tpl-MNI152NLin2009cAsym/tpl-MNI152NLin2009cAsym_res-01_desc-brain_T1w.nii.gz
DATA_DIR: /home/mdugre/scratch/mri-registration-rp/datasets/ds004513
TEMPLATEFLOW_DIR: /home/mdugre/projects/rrg-glatard/mdugre/templateflow
ITK_GLOBAL_DEFAULT_NUMBER_OF_THREADS: 16
##########################

Info [verificarlo]: loaded backend libinterflop_ieee.so
Info [interflop-ieee]: load backend with:
Info [interflop-ieee]: debug = false
Info [interflop-ieee]: debug-binary = false
Info [interflop-ieee]: no-backend-name = false
Info [interflop-ieee]: print-new-line = false
Info [interflop-ieee]: print-subnormal-normalized = false
Info [interflop-ieee]: count-op = false
All_Command_lines_OK
Using double precision for computations.
=============================================================================
The composite transform comprises the following transforms (in order): 
  1. Center of mass alignment using fixed image: /templateflow/tpl-MNI152NLin2009cAsym/tpl-MNI152NLin2009cAsym_res-01_desc-brain_T1w.nii.gz and moving image: /home/mdugre/scratch/mri-registration-rp/datasets/ds004513/derivatives/mri-registration-rp/antsBrainExtraction/sub-s032/BrainExtractionBrain.nii.gz (type = Euler3DTransform)
=============================================================================
  number of levels = 1
  fixed image: /templateflow/tpl-MNI152NLin2009cAsym/tpl-MNI152NLin2009cAsym_res-01_desc-brain_T1w.nii.gz
  moving image: /home/mdugre/scratch/mri-registration-rp/datasets/ds004513/derivatives/mri-registration-rp/antsBrainExtraction/sub-s032/BrainExtractionBrain.nii.gz
Dimension = 3
Number of stages = 1
Use histogram matching = false
Winsorize image intensities = true
  Lower quantile = 0.005
  Upper quantile = 0.995


Stage 1 State
   Image metric = MattesMI
     Fixed image = Image (0x4692e70)
  RTTI typeinfo:   itk::Image<double, 3u>
  Reference Count: 2
  Modified Time: 2330
  Debug: Off
  Object Name: 
  Observers: 
    none
  Source: (none)
  Source output name: (none)
  Release Data: Off
  Data Released: False
  Global Release Data: Off
  PipelineMTime: 0
  UpdateMTime: 1941
  RealTimeStamp: 0 seconds 
  LargestPossibleRegion: 
    Dimension: 3
    Index: [0, 0, 0]
    Size: [193, 229, 193]
  BufferedRegion: 
    Dimension: 3
    Index: [0, 0, 0]
    Size: [193, 229, 193]
  RequestedRegion: 
    Dimension: 3
    Index: [0, 0, 0]
    Size: [193, 229, 193]
  Spacing: [1, 1, 1]
  Origin: [96, 132, -78]
  Direction: 
-1 0 0
0 -1 0
0 0 1

  IndexToPointMatrix: 
-1 0 0
0 -1 0
0 0 1

  PointToIndexMatrix: 
-1 0 0
0 -1 0
0 0 1

  Inverse Direction: 
-1 0 0
0 -1 0
0 0 1

  PixelContainer: 
    ImportImageContainer (0x469bc60)
      RTTI typeinfo:   itk::ImportImageContainer<unsigned long, double>
      Reference Count: 1
      Modified Time: 1938
      Debug: Off
      Object Name: 
      Observers: 
        none
      Pointer: 0x14cd5a0ad010
      Container manages memory: true
      Size: 8530021
      Capacity: 8530021

     Moving image = Image (0x472fec0)
  RTTI typeinfo:   itk::Image<double, 3u>
  Reference Count: 2
  Modified Time: 2331
  Debug: Off
  Object Name: 
  Observers: 
    none
  Source: (none)
  Source output name: (none)
  Release Data: Off
  Data Released: False
  Global Release Data: Off
  PipelineMTime: 0
  UpdateMTime: 2328
  RealTimeStamp: 0 seconds 
  LargestPossibleRegion: 
    Dimension: 3
    Index: [0, 0, 0]
    Size: [160, 240, 256]
  BufferedRegion: 
    Dimension: 3
    Index: [0, 0, 0]
    Size: [160, 240, 256]
  RequestedRegion: 
    Dimension: 3
    Index: [0, 0, 0]
    Size: [160, 240, 256]
  Spacing: [1, 1, 1]
  Origin: [73.279, 104.707, -131.187]
  Direction: 
-0.997527 0.0645574 -0.0278053
-0.0645323 -0.997914 -0.00179875
-0.0278634 4.01097e-08 0.999612

  IndexToPointMatrix: 
-0.997527 0.0645574 -0.0278053
-0.0645323 -0.997914 -0.00179875
-0.0278634 4.01097e-08 0.999612

  PointToIndexMatrix: 
-0.997527 -0.0645323 -0.0278634
0.0645574 -0.997914 4.01049e-08
-0.0278053 -0.00179875 0.999612

  Inverse Direction: 
-0.997527 -0.0645323 -0.0278634
0.0645574 -0.997914 4.01049e-08
-0.0278053 -0.00179875 0.999612

  PixelContainer: 
    ImportImageContainer (0x47c7610)
      RTTI typeinfo:   itk::ImportImageContainer<unsigned long, double>
      Reference Count: 1
      Modified Time: 2325
      Debug: Off
      Object Name: 
      Observers: 
        none
      Pointer: 0x14cd555ac010
      Container manages memory: true
      Size: 9830400
      Capacity: 9830400

     Weighting = 1
     Sampling strategy = regular
     Number of bins = 32
     Radius = 4
     Sampling percentage  = 0.25
   Transform = Rigid
     Gradient step = 0.1
     Update field sigma (voxel space) = 0
     Total field sigma (voxel space) = 0
     Update field time sigma = 0
     Total field time sigma  = 0
     Number of time indices = 0
     Number of time point samples = 0
Registration using 1 total stages.

Stage 0
  iterations = 0
  convergence threshold = 1e-06
  convergence window size = 10
  number of levels = 1
  using the Mattes MI metric (number of bins = 32, weight = 1, use gradient filter = 0)
  preprocessing:  winsorizing the image intensities
  Shrink factors (level 1 out of 1): [1, 1, 1]
  smoothing sigmas per level: [0]
  regular sampling (percentage = 0.25)

*** Running Euler3DTransform registration ***

  Elapsed time (stage 0): 1.12384


Total elapsed time: 1.12706
Info [verificarlo]: loaded backend libinterflop_ieee.so
Info [interflop-ieee]: load backend with:
Info [interflop-ieee]: debug = false
Info [interflop-ieee]: debug-binary = false
Info [interflop-ieee]: no-backend-name = false
Info [interflop-ieee]: print-new-line = false
Info [interflop-ieee]: print-subnormal-normalized = false
Info [interflop-ieee]: count-op = false
All_Command_lines_OK
Using double precision for computations.
=============================================================================
The composite transform comprises the following transforms (in order): 
  1. /home/mdugre/scratch/mri-registration-rp/datasets/ds004513/derivatives/mri-registration-rp/0001/antsRegistration-r8-p14/sub-s032/align_Composite.h5[0] (type = Euler3DTransform)
  2. /home/mdugre/scratch/mri-registration-rp/datasets/ds004513/derivatives/mri-registration-rp/0001/antsRegistration-r8-p14/sub-s032/align_Composite.h5[1] (type = Euler3DTransform)
=============================================================================
  number of levels = 4
  fixed image: /templateflow/tpl-MNI152NLin2009cAsym/tpl-MNI152NLin2009cAsym_res-01_desc-brain_T1w.nii.gz
  moving image: /home/mdugre/scratch/mri-registration-rp/datasets/ds004513/derivatives/mri-registration-rp/antsBrainExtraction/sub-s032/BrainExtractionBrain.nii.gz
Dimension = 3
Number of stages = 1
Use histogram matching = false
Winsorize image intensities = true
  Lower quantile = 0.005
  Upper quantile = 0.995


Stage 1 State
   Image metric = MattesMI
     Fixed image = Image (0x4c9d530)
  RTTI typeinfo:   itk::Image<double, 3u>
  Reference Count: 2
  Modified Time: 1578
  Debug: Off
  Object Name: 
  Observers: 
    none
  Source: (none)
  Source output name: (none)
  Release Data: Off
  Data Released: False
  Global Release Data: Off
  PipelineMTime: 0
  UpdateMTime: 1189
  RealTimeStamp: 0 seconds 
  LargestPossibleRegion: 
    Dimension: 3
    Index: [0, 0, 0]
    Size: [193, 229, 193]
  BufferedRegion: 
    Dimension: 3
    Index: [0, 0, 0]
    Size: [193, 229, 193]
  RequestedRegion: 
    Dimension: 3
    Index: [0, 0, 0]
    Size: [193, 229, 193]
  Spacing: [1, 1, 1]
  Origin: [96, 132, -78]
  Direction: 
-1 0 0
0 -1 0
0 0 1

  IndexToPointMatrix: 
-1 0 0
0 -1 0
0 0 1

  PointToIndexMatrix: 
-1 0 0
0 -1 0
0 0 1

  Inverse Direction: 
-1 0 0
0 -1 0
0 0 1

  PixelContainer: 
    ImportImageContainer (0x4d5bd60)
      RTTI typeinfo:   itk::ImportImageContainer<unsigned long, double>
      Reference Count: 1
      Modified Time: 1186
      Debug: Off
      Object Name: 
      Observers: 
        none
      Pointer: 0x154315be5010
      Container manages memory: true
      Size: 8530021
      Capacity: 8530021

     Moving image = Image (0x4d4df60)
  RTTI typeinfo:   itk::Image<double, 3u>
  Reference Count: 2
  Modified Time: 1579
  Debug: Off
  Object Name: 
  Observers: 
    none
  Source: (none)
  Source output name: (none)
  Release Data: Off
  Data Released: False
  Global Release Data: Off
  PipelineMTime: 0
  UpdateMTime: 1576
  RealTimeStamp: 0 seconds 
  LargestPossibleRegion: 
    Dimension: 3
    Index: [0, 0, 0]
    Size: [160, 240, 256]
  BufferedRegion: 
    Dimension: 3
    Index: [0, 0, 0]
    Size: [160, 240, 256]
  RequestedRegion: 
    Dimension: 3
    Index: [0, 0, 0]
    Size: [160, 240, 256]
  Spacing: [1, 1, 1]
  Origin: [73.279, 104.707, -131.187]
  Direction: 
-0.997527 0.0645574 -0.0278053
-0.0645323 -0.997914 -0.00179875
-0.0278634 4.01097e-08 0.999612

  IndexToPointMatrix: 
-0.997527 0.0645574 -0.0278053
-0.0645323 -0.997914 -0.00179875
-0.0278634 4.01097e-08 0.999612

  PointToIndexMatrix: 
-0.997527 -0.0645323 -0.0278634
0.0645574 -0.997914 4.01049e-08
-0.0278053 -0.00179875 0.999612

  Inverse Direction: 
-0.997527 -0.0645323 -0.0278634
0.0645574 -0.997914 4.01049e-08
-0.0278053 -0.00179875 0.999612

  PixelContainer: 
    ImportImageContainer (0x4d3f6d0)
      RTTI typeinfo:   itk::ImportImageContainer<unsigned long, double>
      Reference Count: 1
      Modified Time: 1573
      Debug: Off
      Object Name: 
      Observers: 
        none
      Pointer: 0x1543110e4010
      Container manages memory: true
      Size: 9830400
      Capacity: 9830400

     Weighting = 1
     Sampling strategy = regular
     Number of bins = 32
     Radius = 4
     Sampling percentage  = 0.25
   Transform = Rigid
     Gradient step = 0.1
     Update field sigma (voxel space) = 0
     Total field sigma (voxel space) = 0
     Update field time sigma = 0
     Total field time sigma  = 0
     Number of time indices = 0
     Number of time point samples = 0
Registration using 1 total stages.

Stage 0
  iterations = 1000x500x250x100
  convergence threshold = 1e-06
  convergence window size = 10
  number of levels = 4
  using the Mattes MI metric (number of bins = 32, weight = 1, use gradient filter = 0)
  preprocessing:  winsorizing the image intensities
  Shrink factors (level 1 out of 4): [8, 8, 8]
  Shrink factors (level 2 out of 4): [4, 4, 4]
  Shrink factors (level 3 out of 4): [2, 2, 2]
  Shrink factors (level 4 out of 4): [1, 1, 1]
  smoothing sigmas per level: [3, 2, 1, 0]
  regular sampling (percentage = 0.25)

*** Running Euler3DTransform registration ***

DIAGNOSTIC,Iteration,metricValue,convergenceValue,ITERATION_TIME_INDEX,SINCE_LAST
 2DIAGNOSTIC,     1, -5.480496989617e-01, 1.797693134862e+308, 7.5026e-01, 7.5026e-01, 
 2DIAGNOSTIC,     2, -5.506811078454e-01, 1.797693134862e+308, 7.5503e-01, 4.7660e-03, 
 2DIAGNOSTIC,     3, -5.546514955662e-01, 1.797693134862e+308, 7.5930e-01, 4.2720e-03, 
 2DIAGNOSTIC,     4, -5.606863537750e-01, 1.797693134862e+308, 7.6349e-01, 4.1919e-03, 
 2DIAGNOSTIC,     5, -5.693661845193e-01, 1.797693134862e+308, 7.6769e-01, 4.2019e-03, 
 2DIAGNOSTIC,     6, -5.854078830086e-01, 1.797693134862e+308, 7.7208e-01, 4.3850e-03, 
 2DIAGNOSTIC,     7, -6.232769732918e-01, 1.797693134862e+308, 7.7671e-01, 4.6291e-03, 
 2DIAGNOSTIC,     8, -6.297683730473e-01, 1.797693134862e+308, 7.8204e-01, 5.3329e-03, 
 2DIAGNOSTIC,     9, -6.366738733405e-01, 1.797693134862e+308, 7.9113e-01, 9.0899e-03, 
 2DIAGNOSTIC,    10, -6.375630690827e-01, 1.201760866083e-02, 7.9596e-01, 4.8320e-03, 
 2DIAGNOSTIC,    11, -6.405337628679e-01, 1.087684809450e-02, 8.0055e-01, 4.5881e-03, 
 2DIAGNOSTIC,    12, -6.435528997438e-01, 9.167753354490e-03, 8.0646e-01, 5.9130e-03, 
 2DIAGNOSTIC,    13, -6.444720921444e-01, 7.089498731847e-03, 8.1093e-01, 4.4630e-03, 
 2DIAGNOSTIC,    14, -6.463616611293e-01, 4.967892496988e-03, 8.1582e-01, 4.8990e-03, 
 2DIAGNOSTIC,    15, -6.484646963404e-01, 3.033020789043e-03, 8.2304e-01, 7.2160e-03, 
 2DIAGNOSTIC,    16, -6.486009987994e-01, 1.520386367320e-03, 8.2732e-01, 4.2760e-03, 
 2DIAGNOSTIC,    17, -6.493699344760e-01, 1.108203205204e-03, 8.3150e-01, 4.1850e-03, 
 2DIAGNOSTIC,    18, -6.514578195065e-01, 8.586162135986e-04, 8.3562e-01, 4.1161e-03, 
 2DIAGNOSTIC,    19, -6.526592717406e-01, 7.533650369804e-04, 8.3971e-01, 4.0970e-03, 
 2DIAGNOSTIC,    20, -6.536191777189e-01, 6.303067369292e-04, 8.4399e-01, 4.2748e-03, 
 2DIAGNOSTIC,    21, -6.549162298979e-01, 5.534292205379e-04, 8.4815e-01, 4.1609e-03, 
 2DIAGNOSTIC,    22, -6.562385790832e-01, 5.226986103232e-04, 8.5336e-01, 5.2099e-03, 
 2DIAGNOSTIC,    23, -6.565000058113e-01, 4.680180012235e-04, 8.5806e-01, 4.7030e-03, 
 2DIAGNOSTIC,    24, -6.565387353854e-01, 4.101063704205e-04, 8.6281e-01, 4.7479e-03, 
 2DIAGNOSTIC,    25, -6.567702146893e-01, 3.618032093030e-04, 8.6757e-01, 4.7591e-03, 
 2DIAGNOSTIC,    26, -6.583507212369e-01, 3.132611037342e-04, 8.7172e-01, 4.1511e-03, 
 2DIAGNOSTIC,    27, -6.586527568469e-01, 2.554116018357e-04, 8.7587e-01, 4.1480e-03, 
 2DIAGNOSTIC,    28, -6.593310437738e-01, 2.225767143846e-04, 8.8102e-01, 5.1482e-03, 
 2DIAGNOSTIC,    29, -6.595734041655e-01, 1.939316665341e-04, 8.8570e-01, 4.6852e-03, 
 2DIAGNOSTIC,    30, -6.595955819569e-01, 1.634946778530e-04, 8.9033e-01, 4.6260e-03, 
 2DIAGNOSTIC,    31, -6.596949967568e-01, 1.392755860924e-04, 8.9442e-01, 4.0948e-03, 
 2DIAGNOSTIC,    32, -6.597157295313e-01, 1.221677497604e-04, 8.9916e-01, 4.7379e-03, 
 2DIAGNOSTIC,    33, -6.597001423846e-01, 9.820426862972e-05, 9.0578e-01, 6.6199e-03, 
 2DIAGNOSTIC,    34, -6.595254449704e-01, 6.486903007149e-05, 9.1011e-01, 4.3321e-03, 
 2DIAGNOSTIC,    35, -6.595295822811e-01, 3.010817890379e-05, 9.1464e-01, 4.5271e-03, 
 2DIAGNOSTIC,    36, -6.595351297937e-01, 1.424396566356e-05, 9.1873e-01, 4.0860e-03, 
 2DIAGNOSTIC,    37, -6.595409535782e-01, 1.474135173516e-06, 9.2281e-01, 4.0810e-03, 
DIAGNOSTIC,Iteration,metricValue,convergenceValue,ITERATION_TIME_INDEX,SINCE_LAST
 2DIAGNOSTIC,     1, -5.183739626513e-01, 1.797693134862e+308, 1.6332e+00, 7.1041e-01, 
 2DIAGNOSTIC,     2, -5.189226238270e-01, 1.797693134862e+308, 1.6647e+00, 3.1448e-02, 
 2DIAGNOSTIC,     3, -5.196899327334e-01, 1.797693134862e+308, 1.6950e+00, 3.0336e-02, 
 2DIAGNOSTIC,     4, -5.204463662984e-01, 1.797693134862e+308, 1.7258e+00, 3.0823e-02, 
 2DIAGNOSTIC,     5, -5.209979485278e-01, 1.797693134862e+308, 1.7554e+00, 2.9591e-02, 
 2DIAGNOSTIC,     6, -5.216357744162e-01, 1.797693134862e+308, 1.7830e+00, 2.7571e-02, 
 2DIAGNOSTIC,     7, -5.233753714782e-01, 1.797693134862e+308, 1.8102e+00, 2.7171e-02, 
 2DIAGNOSTIC,     8, -5.241119131283e-01, 1.797693134862e+308, 1.8448e+00, 3.4664e-02, 
 2DIAGNOSTIC,     9, -5.247293428649e-01, 1.797693134862e+308, 1.8794e+00, 3.4532e-02, 
 2DIAGNOSTIC,    10, -5.250028240869e-01, 8.899807884343e-04, 1.9073e+00, 2.7980e-02, 
 2DIAGNOSTIC,    11, -5.255570912308e-01, 7.959217807239e-04, 1.9392e+00, 3.1848e-02, 
 2DIAGNOSTIC,    12, -5.289098581320e-01, 8.211614631452e-04, 1.9697e+00, 3.0514e-02, 
 2DIAGNOSTIC,    13, -5.295596035626e-01, 8.231568887347e-04, 1.9965e+00, 2.6776e-02, 
 2DIAGNOSTIC,    14, -5.295253586874e-01, 7.798186460763e-04, 2.0245e+00, 2.8034e-02, 
 2DIAGNOSTIC,    15, -5.301734591220e-01, 7.172059554355e-04, 2.0531e+00, 2.8615e-02, 
 2DIAGNOSTIC,    16, -5.312974405858e-01, 6.544534749279e-04, 2.0819e+00, 2.8760e-02, 
 2DIAGNOSTIC,    17, -5.330531531442e-01, 6.473159225381e-04, 2.1305e+00, 4.8622e-02, 
 2DIAGNOSTIC,    18, -5.331722680046e-01, 6.054620791247e-04, 2.1611e+00, 3.0586e-02, 
 2DIAGNOSTIC,    19, -5.334118606457e-01, 5.389677534150e-04, 2.1897e+00, 2.8581e-02, 
 2DIAGNOSTIC,    20, -5.338315413558e-01, 4.491908457560e-04, 2.2172e+00, 2.7503e-02, 
 2DIAGNOSTIC,    21, -5.362228049116e-01, 3.988312257106e-04, 2.2564e+00, 3.9186e-02, 
 2DIAGNOSTIC,    22, -5.366147008921e-01, 4.053071178105e-04, 2.2872e+00, 3.0857e-02, 
 2DIAGNOSTIC,    23, -5.369782076653e-01, 3.981586357511e-04, 2.3199e+00, 3.2693e-02, 
 2DIAGNOSTIC,    24, -5.377761052189e-01, 3.726943179665e-04, 2.3500e+00, 3.0057e-02, 
 2DIAGNOSTIC,    25, -5.385524683813e-01, 3.442607956805e-04, 2.3899e+00, 3.9946e-02, 
 2DIAGNOSTIC,    26, -5.387600827561e-01, 3.113744385769e-04, 2.4172e+00, 2.7314e-02, 
 2DIAGNOSTIC,    27, -5.392350905269e-01, 2.962487259970e-04, 2.4491e+00, 3.1844e-02, 
 2DIAGNOSTIC,    28, -5.402506857733e-01, 2.766794225379e-04, 2.4875e+00, 3.8475e-02, 
 2DIAGNOSTIC,    29, -5.406205517844e-01, 2.434779303179e-04, 2.5166e+00, 2.9107e-02, 
 2DIAGNOSTIC,    30, -5.407285119203e-01, 1.978865655503e-04, 2.5455e+00, 2.8840e-02, 
 2DIAGNOSTIC,    31, -5.410689607933e-01, 1.841341546202e-04, 2.5738e+00, 2.8353e-02, 
 2DIAGNOSTIC,    32, -5.423588449063e-01, 1.819780761519e-04, 2.6091e+00, 3.5229e-02, 
 2DIAGNOSTIC,    33, -5.429422548798e-01, 1.771449972229e-04, 2.6373e+00, 2.8251e-02, 
 2DIAGNOSTIC,    34, -5.435462089007e-01, 1.776333444860e-04, 2.6690e+00, 3.1668e-02, 
 2DIAGNOSTIC,    35, -5.463724293153e-01, 2.166003250328e-04, 2.7039e+00, 3.4911e-02, 
 2DIAGNOSTIC,    36, -5.472389448812e-01, 2.477180772193e-04, 2.7321e+00, 2.8179e-02, 
 2DIAGNOSTIC,    37, -5.509365100380e-01, 3.132867343339e-04, 2.7607e+00, 2.8641e-02, 
 2DIAGNOSTIC,    38, -5.534426735891e-01, 3.938966674085e-04, 2.7945e+00, 3.3823e-02, 
 2DIAGNOSTIC,    39, -5.546179048329e-01, 4.536620137905e-04, 2.8337e+00, 3.9188e-02, 
 2DIAGNOSTIC,    40, -5.560256581256e-01, 4.875434319362e-04, 2.8639e+00, 3.0135e-02, 
 2DIAGNOSTIC,    41, -5.624975965116e-01, 5.607829809876e-04, 2.9033e+00, 3.9430e-02, 
 2DIAGNOSTIC,    42, -5.663861611768e-01, 6.398477749712e-04, 2.9407e+00, 3.7400e-02, 
 2DIAGNOSTIC,    43, -5.667331869533e-01, 6.650093880046e-04, 2.9820e+00, 4.1317e-02, 
 2DIAGNOSTIC,    44, -5.667464775785e-01, 6.341386584654e-04, 3.0119e+00, 2.9925e-02, 
 2DIAGNOSTIC,    45, -5.667371604443e-01, 5.781478756477e-04, 3.0452e+00, 3.3260e-02, 
 2DIAGNOSTIC,    46, -5.667825662662e-01, 4.779257133972e-04, 3.0822e+00, 3.7029e-02, 
 2DIAGNOSTIC,    47, -5.668360050657e-01, 3.771742639620e-04, 3.1155e+00, 3.3272e-02, 
 2DIAGNOSTIC,    48, -5.670072915950e-01, 2.749040426859e-04, 3.1530e+00, 3.7525e-02, 
 2DIAGNOSTIC,    49, -5.673820517636e-01, 1.684251413978e-04, 3.1940e+00, 4.0975e-02, 
 2DIAGNOSTIC,    50, -5.674031959339e-01, 6.387881841199e-05, 3.2320e+00, 3.8015e-02, 
 2DIAGNOSTIC,    51, -5.673802553687e-01, 2.288428593843e-05, 3.2652e+00, 3.3219e-02, 
 2DIAGNOSTIC,    52, -5.673809771880e-01, 2.057497498550e-05, 3.2988e+00, 3.3589e-02, 
 2DIAGNOSTIC,    53, -5.673732541173e-01, 1.975719490376e-05, 3.3323e+00, 3.3446e-02, 
 2DIAGNOSTIC,    54, -5.673651721787e-01, 1.713326896759e-05, 3.3693e+00, 3.6998e-02, 
 2DIAGNOSTIC,    55, -5.673651773552e-01, 1.294115261816e-05, 3.4039e+00, 3.4587e-02, 
 2DIAGNOSTIC,    56, -5.673570691932e-01, 8.131704336580e-06, 3.4433e+00, 3.9418e-02, 
 2DIAGNOSTIC,    57, -5.673570694321e-01, 3.265127437150e-06, 3.4776e+00, 3.4290e-02, 
DIAGNOSTIC,Iteration,metricValue,convergenceValue,ITERATION_TIME_INDEX,SINCE_LAST
 2DIAGNOSTIC,     1, -5.013056212373e-01, 1.797693134862e+308, 4.5729e+00, 1.0954e+00, 
 2DIAGNOSTIC,     2, -5.015937795731e-01, 1.797693134862e+308, 4.8125e+00, 2.3958e-01, 
 2DIAGNOSTIC,     3, -5.019367598593e-01, 1.797693134862e+308, 5.0556e+00, 2.4313e-01, 
 2DIAGNOSTIC,     4, -5.020974274030e-01, 1.797693134862e+308, 5.3181e+00, 2.6243e-01, 
 2DIAGNOSTIC,     5, -5.021447957241e-01, 1.797693134862e+308, 5.5604e+00, 2.4229e-01, 
 2DIAGNOSTIC,     6, -5.021667282504e-01, 1.797693134862e+308, 5.7992e+00, 2.3880e-01, 
 2DIAGNOSTIC,     7, -5.022129497889e-01, 1.797693134862e+308, 6.1082e+00, 3.0904e-01, 
 2DIAGNOSTIC,     8, -5.022317892030e-01, 1.797693134862e+308, 6.5851e+00, 4.7686e-01, 
 2DIAGNOSTIC,     9, -5.022347749779e-01, 1.797693134862e+308, 6.8395e+00, 2.5447e-01, 
 2DIAGNOSTIC,    10, -5.022401858223e-01, 1.027779006815e-04, 7.1371e+00, 2.9759e-01, 
 2DIAGNOSTIC,    11, -5.022399694876e-01, 5.723638895824e-05, 7.3894e+00, 2.5229e-01, 
 2DIAGNOSTIC,    12, -5.022416048786e-01, 2.771181280192e-05, 7.6148e+00, 2.2545e-01, 
 2DIAGNOSTIC,    13, -5.022431729804e-01, 1.529121572311e-05, 7.8846e+00, 2.6973e-01, 
 2DIAGNOSTIC,    14, -5.022433639991e-01, 9.962433388411e-06, 8.1535e+00, 2.6898e-01, 
 2DIAGNOSTIC,    15, -5.022484995188e-01, 6.630256717099e-06, 8.4222e+00, 2.6866e-01, 
 2DIAGNOSTIC,    16, -5.022478525389e-01, 4.012128259581e-06, 8.6949e+00, 2.7270e-01, 
 2DIAGNOSTIC,    17, -5.022452549951e-01, 2.956168888082e-06, 8.9707e+00, 2.7578e-01, 
 2DIAGNOSTIC,    18, -5.022502303337e-01, 2.669171203076e-06, 9.2452e+00, 2.7454e-01, 
 2DIAGNOSTIC,    19, -5.022502954951e-01, 2.409502908196e-06, 9.5139e+00, 2.6868e-01, 
 2DIAGNOSTIC,    20, -5.022481345007e-01, 2.198995249662e-06, 9.7953e+00, 2.8136e-01, 
 2DIAGNOSTIC,    21, -5.022478285261e-01, 1.941051541735e-06, 1.0048e+01, 2.5300e-01, 
 2DIAGNOSTIC,    22, -5.022491101566e-01, 1.743183714473e-06, 1.0325e+01, 2.7713e-01, 
 2DIAGNOSTIC,    23, -5.022505847000e-01, 1.607052631025e-06, 1.0649e+01, 3.2380e-01, 
 2DIAGNOSTIC,    24, -5.022503293387e-01, 1.454099096070e-06, 1.0920e+01, 2.7065e-01, 
 2DIAGNOSTIC,    25, -5.022499236323e-01, 1.411838928794e-06, 1.1173e+01, 2.5267e-01, 
 2DIAGNOSTIC,    26, -5.022495901364e-01, 1.342238632636e-06, 1.1408e+01, 2.3551e-01, 
 2DIAGNOSTIC,    27, -5.022504028588e-01, 1.224964705060e-06, 1.1704e+01, 2.9608e-01, 
 2DIAGNOSTIC,    28, -5.022507614273e-01, 1.217556909731e-06, 1.1970e+01, 2.6606e-01, 
 2DIAGNOSTIC,    29, -5.022493765823e-01, 1.178664645392e-06, 1.2209e+01, 2.3924e-01, 
 2DIAGNOSTIC,    30, -5.022488604955e-01, 1.086307054601e-06, 1.2487e+01, 2.7738e-01, 
DIAGNOSTIC,Iteration,metricValue,convergenceValue,ITERATION_TIME_INDEX,SINCE_LAST
 2DIAGNOSTIC,     1, -4.668101643539e-01, 1.797693134862e+308, 1.5026e+01, 2.5390e+00, 
 2DIAGNOSTIC,     2, -4.669083590867e-01, 1.797693134862e+308, 1.6339e+01, 1.3137e+00, 
 2DIAGNOSTIC,     3, -4.669714051776e-01, 1.797693134862e+308, 1.7981e+01, 1.6417e+00, 
 2DIAGNOSTIC,     4, -4.670023870836e-01, 1.797693134862e+308, 1.9904e+01, 1.9228e+00, 
 2DIAGNOSTIC,     5, -4.670022294980e-01, 1.797693134862e+308, 2.1500e+01, 1.5958e+00, 
 2DIAGNOSTIC,     6, -4.670099899519e-01, 1.797693134862e+308, 2.3430e+01, 1.9307e+00, 
 2DIAGNOSTIC,     7, -4.670114962949e-01, 1.797693134862e+308, 2.4987e+01, 1.5568e+00, 
 2DIAGNOSTIC,     8, -4.670108169847e-01, 1.797693134862e+308, 2.6502e+01, 1.5152e+00, 
 2DIAGNOSTIC,     9, -4.670108200260e-01, 1.797693134862e+308, 2.9184e+01, 2.6820e+00, 
 2DIAGNOSTIC,    10, -4.670109439001e-01, 2.286965577873e-05, 3.0858e+01, 1.6732e+00, 
 2DIAGNOSTIC,    11, -4.670109088548e-01, 1.104005812551e-05, 3.2341e+01, 1.4838e+00, 
 2DIAGNOSTIC,    12, -4.670108542497e-01, 5.353649939963e-06, 3.3975e+01, 1.6338e+00, 
 2DIAGNOSTIC,    13, -4.670108071264e-01, 3.212125788937e-06, 3.5420e+01, 1.4446e+00, 
 2DIAGNOSTIC,    14, -4.670106990721e-01, 2.654634140856e-06, 3.7030e+01, 1.6099e+00, 
 2DIAGNOSTIC,    15, -4.670106728356e-01, 2.120355131266e-06, 3.8363e+01, 1.3338e+00, 
 2DIAGNOSTIC,    16, -4.670106908292e-01, 1.946785784274e-06, 3.9812e+01, 1.4484e+00, 
 2DIAGNOSTIC,    17, -4.670106046493e-01, 1.849015849591e-06, 4.1297e+01, 1.4849e+00, 
 2DIAGNOSTIC,    18, -4.670105747238e-01, 1.740336287574e-06, 4.2653e+01, 1.3564e+00, 
 2DIAGNOSTIC,    19, -4.670105853990e-01, 1.645949375226e-06, 4.4291e+01, 1.6382e+00, 
 2DIAGNOSTIC,    20, -4.670106495332e-01, 1.569302431552e-06, 4.5933e+01, 1.6416e+00, 
 2DIAGNOSTIC,    21, -4.670105027224e-01, 1.496583103062e-06, 4.7375e+01, 1.4417e+00, 
 2DIAGNOSTIC,    22, -4.670104727585e-01, 1.430010819981e-06, 4.8866e+01, 1.4909e+00, 
 2DIAGNOSTIC,    23, -4.670104872259e-01, 1.369961144394e-06, 5.0495e+01, 1.6289e+00, 
 2DIAGNOSTIC,    24, -4.670104738964e-01, 1.312968797934e-06, 5.1974e+01, 1.4794e+00, 
 2DIAGNOSTIC,    25, -4.670103422564e-01, 1.257803399594e-06, 5.3310e+01, 1.3365e+00, 
 2DIAGNOSTIC,    26, -4.670104266462e-01, 1.210852539769e-06, 5.4784e+01, 1.4739e+00, 
 2DIAGNOSTIC,    27, -4.670105461628e-01, 1.169295057148e-06, 5.6218e+01, 1.4335e+00, 
 2DIAGNOSTIC,    28, -4.670103921406e-01, 1.127403432062e-06, 5.7494e+01, 1.2756e+00, 
 2DIAGNOSTIC,    29, -4.670105007875e-01, 1.091805671878e-06, 5.8958e+01, 1.4644e+00, 
 2DIAGNOSTIC,    30, -4.670104937122e-01, 1.060283835390e-06, 6.0501e+01, 1.5427e+00, 
 2DIAGNOSTIC,    31, -4.670102462175e-01, 1.023031297009e-06, 6.2128e+01, 1.6272e+00, 
  Elapsed time (stage 0): 6.2959e+01


Total elapsed time: 6.2962e+01
Info [verificarlo]: loaded backend libinterflop_ieee.so
Info [interflop-ieee]: load backend with:
Info [interflop-ieee]: debug = false
Info [interflop-ieee]: debug-binary = false
Info [interflop-ieee]: no-backend-name = false
Info [interflop-ieee]: print-new-line = false
Info [interflop-ieee]: print-subnormal-normalized = false
Info [interflop-ieee]: count-op = false
All_Command_lines_OK
Using double precision for computations.
=============================================================================
The composite transform comprises the following transforms (in order): 
  1. /home/mdugre/scratch/mri-registration-rp/datasets/ds004513/derivatives/mri-registration-rp/0001/antsRegistration-r8-p14/sub-s032/rigid_Composite.h5[0] (type = Euler3DTransform)
  2. /home/mdugre/scratch/mri-registration-rp/datasets/ds004513/derivatives/mri-registration-rp/0001/antsRegistration-r8-p14/sub-s032/rigid_Composite.h5[1] (type = Euler3DTransform)
  3. /home/mdugre/scratch/mri-registration-rp/datasets/ds004513/derivatives/mri-registration-rp/0001/antsRegistration-r8-p14/sub-s032/rigid_Composite.h5[2] (type = Euler3DTransform)
=============================================================================
  number of levels = 4
  fixed image: /templateflow/tpl-MNI152NLin2009cAsym/tpl-MNI152NLin2009cAsym_res-01_desc-brain_T1w.nii.gz
  moving image: /home/mdugre/scratch/mri-registration-rp/datasets/ds004513/derivatives/mri-registration-rp/antsBrainExtraction/sub-s032/BrainExtractionBrain.nii.gz
Dimension = 3
Number of stages = 1
Use histogram matching = false
Winsorize image intensities = true
  Lower quantile = 0.005
  Upper quantile = 0.995


Stage 1 State
   Image metric = MattesMI
     Fixed image = Image (0x3fce7e0)
  RTTI typeinfo:   itk::Image<double, 3u>
  Reference Count: 2
  Modified Time: 1592
  Debug: Off
  Object Name: 
  Observers: 
    none
  Source: (none)
  Source output name: (none)
  Release Data: Off
  Data Released: False
  Global Release Data: Off
  PipelineMTime: 0
  UpdateMTime: 1203
  RealTimeStamp: 0 seconds 
  LargestPossibleRegion: 
    Dimension: 3
    Index: [0, 0, 0]
    Size: [193, 229, 193]
  BufferedRegion: 
    Dimension: 3
    Index: [0, 0, 0]
    Size: [193, 229, 193]
  RequestedRegion: 
    Dimension: 3
    Index: [0, 0, 0]
    Size: [193, 229, 193]
  Spacing: [1, 1, 1]
  Origin: [96, 132, -78]
  Direction: 
-1 0 0
0 -1 0
0 0 1

  IndexToPointMatrix: 
-1 0 0
0 -1 0
0 0 1

  PointToIndexMatrix: 
-1 0 0
0 -1 0
0 0 1

  Inverse Direction: 
-1 0 0
0 -1 0
0 0 1

  PixelContainer: 
    ImportImageContainer (0x408ea20)
      RTTI typeinfo:   itk::ImportImageContainer<unsigned long, double>
      Reference Count: 1
      Modified Time: 1200
      Debug: Off
      Object Name: 
      Observers: 
        none
      Pointer: 0x15212684a010
      Container manages memory: true
      Size: 8530021
      Capacity: 8530021

     Moving image = Image (0x4089d70)
  RTTI typeinfo:   itk::Image<double, 3u>
  Reference Count: 2
  Modified Time: 1593
  Debug: Off
  Object Name: 
  Observers: 
    none
  Source: (none)
  Source output name: (none)
  Release Data: Off
  Data Released: False
  Global Release Data: Off
  PipelineMTime: 0
  UpdateMTime: 1590
  RealTimeStamp: 0 seconds 
  LargestPossibleRegion: 
    Dimension: 3
    Index: [0, 0, 0]
    Size: [160, 240, 256]
  BufferedRegion: 
    Dimension: 3
    Index: [0, 0, 0]
    Size: [160, 240, 256]
  RequestedRegion: 
    Dimension: 3
    Index: [0, 0, 0]
    Size: [160, 240, 256]
  Spacing: [1, 1, 1]
  Origin: [73.279, 104.707, -131.187]
  Direction: 
-0.997527 0.0645574 -0.0278053
-0.0645323 -0.997914 -0.00179875
-0.0278634 4.01097e-08 0.999612

  IndexToPointMatrix: 
-0.997527 0.0645574 -0.0278053
-0.0645323 -0.997914 -0.00179875
-0.0278634 4.01097e-08 0.999612

  PointToIndexMatrix: 
-0.997527 -0.0645323 -0.0278634
0.0645574 -0.997914 4.01049e-08
-0.0278053 -0.00179875 0.999612

  Inverse Direction: 
-0.997527 -0.0645323 -0.0278634
0.0645574 -0.997914 4.01049e-08
-0.0278053 -0.00179875 0.999612

  PixelContainer: 
    ImportImageContainer (0x4041c90)
      RTTI typeinfo:   itk::ImportImageContainer<unsigned long, double>
      Reference Count: 1
      Modified Time: 1587
      Debug: Off
      Object Name: 
      Observers: 
        none
      Pointer: 0x152121d49010
      Container manages memory: true
      Size: 9830400
      Capacity: 9830400

     Weighting = 1
     Sampling strategy = regular
     Number of bins = 32
     Radius = 4
     Sampling percentage  = 0.25
   Transform = Affine
     Gradient step = 0.1
     Update field sigma (voxel space) = 0
     Total field sigma (voxel space) = 0
     Update field time sigma = 0
     Total field time sigma  = 0
     Number of time indices = 0
     Number of time point samples = 0
Registration using 1 total stages.

Stage 0
  iterations = 1000x500x250x100
  convergence threshold = 1e-06
  convergence window size = 10
  number of levels = 4
  using the Mattes MI metric (number of bins = 32, weight = 1, use gradient filter = 0)
  preprocessing:  winsorizing the image intensities
  Shrink factors (level 1 out of 4): [8, 8, 8]
  Shrink factors (level 2 out of 4): [4, 4, 4]
  Shrink factors (level 3 out of 4): [2, 2, 2]
  Shrink factors (level 4 out of 4): [1, 1, 1]
  smoothing sigmas per level: [3, 2, 1, 0]
  regular sampling (percentage = 0.25)

*** Running AffineTransform registration ***

DIAGNOSTIC,Iteration,metricValue,convergenceValue,ITERATION_TIME_INDEX,SINCE_LAST
 2DIAGNOSTIC,     1, -6.843761531788e-01, 1.797693134862e+308, 6.6836e-01, 6.6836e-01, 
 2DIAGNOSTIC,     2, -6.860299067805e-01, 1.797693134862e+308, 6.7332e-01, 4.9639e-03, 
 2DIAGNOSTIC,     3, -6.886757881631e-01, 1.797693134862e+308, 6.7824e-01, 4.9210e-03, 
 2DIAGNOSTIC,     4, -6.930409493435e-01, 1.797693134862e+308, 6.8300e-01, 4.7629e-03, 
 2DIAGNOSTIC,     5, -7.009806470439e-01, 1.797693134862e+308, 6.8782e-01, 4.8110e-03, 
 2DIAGNOSTIC,     6, -7.127611554602e-01, 1.797693134862e+308, 6.9298e-01, 5.1630e-03, 
 2DIAGNOSTIC,     7, -7.227444776496e-01, 1.797693134862e+308, 6.9912e-01, 6.1419e-03, 
 2DIAGNOSTIC,     8, -7.266291841959e-01, 1.797693134862e+308, 7.0517e-01, 6.0449e-03, 
 2DIAGNOSTIC,     9, -7.275791026679e-01, 1.797693134862e+308, 7.1087e-01, 5.7051e-03, 
 2DIAGNOSTIC,    10, -7.280598658952e-01, 4.924698099114e-03, 7.1622e-01, 5.3461e-03, 
 2DIAGNOSTIC,    11, -7.298155252482e-01, 4.231619793034e-03, 7.2141e-01, 5.1970e-03, 
 2DIAGNOSTIC,    12, -7.309461544703e-01, 3.366215617121e-03, 7.2609e-01, 4.6780e-03, 
 2DIAGNOSTIC,    13, -7.310855281559e-01, 2.421400474359e-03, 7.3288e-01, 6.7902e-03, 
 2DIAGNOSTIC,    14, -7.312581182616e-01, 1.526903884020e-03, 7.3751e-01, 4.6279e-03, 
 2DIAGNOSTIC,    15, -7.314082893654e-01, 8.256198827856e-04, 7.4211e-01, 4.6051e-03, 
 2DIAGNOSTIC,    16, -7.316955694744e-01, 4.313887373876e-04, 7.4726e-01, 5.1501e-03, 
 2DIAGNOSTIC,    17, -7.318435336619e-01, 2.784015861576e-04, 7.5251e-01, 5.2500e-03, 
 2DIAGNOSTIC,    18, -7.319796280031e-01, 2.057081241313e-04, 7.5778e-01, 5.2660e-03, 
 2DIAGNOSTIC,    19, -7.322139470046e-01, 1.470907629229e-04, 7.6246e-01, 4.6761e-03, 
 2DIAGNOSTIC,    20, -7.323874668061e-01, 9.305181052276e-05, 7.6769e-01, 5.2299e-03, 
 2DIAGNOSTIC,    21, -7.325336009342e-01, 7.085480855531e-05, 7.7341e-01, 5.7189e-03, 
 2DIAGNOSTIC,    22, -7.324726128325e-01, 6.338973785349e-05, 7.7861e-01, 5.2052e-03, 
 2DIAGNOSTIC,    23, -7.325319175771e-01, 5.427082912133e-05, 7.8362e-01, 5.0042e-03, 
 2DIAGNOSTIC,    24, -7.328316231464e-01, 4.866314600634e-05, 7.8879e-01, 5.1799e-03, 
 2DIAGNOSTIC,    25, -7.329313183058e-01, 4.273003792934e-05, 7.9343e-01, 4.6380e-03, 
 2DIAGNOSTIC,    26, -7.330120571795e-01, 3.893445726680e-05, 7.9919e-01, 5.7530e-03, 
 2DIAGNOSTIC,    27, -7.331006547536e-01, 3.540480601585e-05, 8.0382e-01, 4.6320e-03, 
 2DIAGNOSTIC,    28, -7.333231132098e-01, 3.388066252625e-05, 8.1019e-01, 6.3679e-03, 
 2DIAGNOSTIC,    29, -7.334719110466e-01, 3.437534774963e-05, 8.1610e-01, 5.9171e-03, 
 2DIAGNOSTIC,    30, -7.334954496372e-01, 3.417761190076e-05, 8.2075e-01, 4.6492e-03, 
 2DIAGNOSTIC,    31, -7.333032396940e-01, 3.040456555176e-05, 8.2546e-01, 4.7059e-03, 
 2DIAGNOSTIC,    32, -7.332254670564e-01, 2.249927463049e-05, 8.3010e-01, 4.6411e-03, 
 2DIAGNOSTIC,    33, -7.334296287750e-01, 1.604775034771e-05, 8.3503e-01, 4.9279e-03, 
 2DIAGNOSTIC,    34, -7.337763143168e-01, 1.584361840043e-05, 8.3973e-01, 4.7019e-03, 
 2DIAGNOSTIC,    35, -7.340563507772e-01, 1.841417284636e-05, 8.4521e-01, 5.4810e-03, 
 2DIAGNOSTIC,    36, -7.341241947152e-01, 2.085385580246e-05, 8.5207e-01, 6.8638e-03, 
 2DIAGNOSTIC,    37, -7.341193140097e-01, 2.219113015103e-05, 8.5707e-01, 4.9980e-03, 
 2DIAGNOSTIC,    38, -7.342221556624e-01, 2.471618834923e-05, 8.6248e-01, 5.4080e-03, 
 2DIAGNOSTIC,    39, -7.342884105312e-01, 2.685542696114e-05, 8.6715e-01, 4.6711e-03, 
 2DIAGNOSTIC,    40, -7.353572861365e-01, 3.709768816386e-05, 8.7307e-01, 5.9209e-03, 
 2DIAGNOSTIC,    41, -7.355817943276e-01, 4.348953161041e-05, 8.8175e-01, 8.6761e-03, 
 2DIAGNOSTIC,    42, -7.353942103945e-01, 4.311844743697e-05, 8.8673e-01, 4.9849e-03, 
 2DIAGNOSTIC,    43, -7.354307135622e-01, 4.107172398038e-05, 8.9225e-01, 5.5149e-03, 
 2DIAGNOSTIC,    44, -7.352842506108e-01, 3.693342958330e-05, 8.9744e-01, 5.1939e-03, 
 2DIAGNOSTIC,    45, -7.353361858593e-01, 3.224665603574e-05, 9.0241e-01, 4.9732e-03, 
 2DIAGNOSTIC,    46, -7.353253744682e-01, 2.517170355552e-05, 9.0758e-01, 5.1701e-03, 
 2DIAGNOSTIC,    47, -7.353777469763e-01, 1.658626360313e-05, 9.1223e-01, 4.6470e-03, 
 2DIAGNOSTIC,    48, -7.353576562964e-01, 7.630685796133e-06, 9.1740e-01, 5.1639e-03, 
DIAGNOSTIC,Iteration,metricValue,convergenceValue,ITERATION_TIME_INDEX,SINCE_LAST
 2DIAGNOSTIC,     1, -5.928144200611e-01, 1.797693134862e+308, 1.6397e+00, 7.2235e-01, 
 2DIAGNOSTIC,     2, -5.934317073569e-01, 1.797693134862e+308, 1.6742e+00, 3.4414e-02, 
 2DIAGNOSTIC,     3, -5.942514448985e-01, 1.797693134862e+308, 1.7101e+00, 3.5965e-02, 
 2DIAGNOSTIC,     4, -5.951331419860e-01, 1.797693134862e+308, 1.7487e+00, 3.8542e-02, 
 2DIAGNOSTIC,     5, -5.970585763701e-01, 1.797693134862e+308, 1.7896e+00, 4.0966e-02, 
 2DIAGNOSTIC,     6, -5.971293523171e-01, 1.797693134862e+308, 1.8307e+00, 4.1106e-02, 
 2DIAGNOSTIC,     7, -5.970772071004e-01, 1.797693134862e+308, 1.8717e+00, 4.0974e-02, 
 2DIAGNOSTIC,     8, -5.970636143008e-01, 1.797693134862e+308, 1.9095e+00, 3.7773e-02, 
 2DIAGNOSTIC,     9, -5.970490167521e-01, 1.797693134862e+308, 1.9464e+00, 3.6934e-02, 
 2DIAGNOSTIC,    10, -5.970300201483e-01, 4.930523386735e-04, 1.9811e+00, 3.4702e-02, 
 2DIAGNOSTIC,    11, -5.970457923296e-01, 3.228931228530e-04, 2.0178e+00, 3.6704e-02, 
 2DIAGNOSTIC,    12, -5.971185856224e-01, 1.806019890440e-04, 2.0526e+00, 3.4811e-02, 
 2DIAGNOSTIC,    13, -5.972801204966e-01, 8.006453380012e-05, 2.0854e+00, 3.2805e-02, 
 2DIAGNOSTIC,    14, -5.976894908242e-01, 2.884010046980e-05, 2.1195e+00, 3.4085e-02, 
 2DIAGNOSTIC,    15, -5.984357248113e-01, 6.656456158113e-05, 2.1556e+00, 3.6064e-02, 
 2DIAGNOSTIC,    16, -6.027675422686e-01, 2.242554341995e-04, 2.2054e+00, 4.9781e-02, 
 2DIAGNOSTIC,    17, -6.032341031138e-01, 3.512704890300e-04, 2.2517e+00, 4.6364e-02, 
 2DIAGNOSTIC,    18, -6.032640098017e-01, 4.334479260831e-04, 2.2951e+00, 4.3392e-02, 
 2DIAGNOSTIC,    19, -6.032683225956e-01, 4.683332321014e-04, 2.3324e+00, 3.7252e-02, 
 2DIAGNOSTIC,    20, -6.032606022713e-01, 4.552579008145e-04, 2.3692e+00, 3.6802e-02, 
 2DIAGNOSTIC,    21, -6.032729760115e-01, 4.002400860239e-04, 2.4054e+00, 3.6228e-02, 
 2DIAGNOSTIC,    22, -6.032783013929e-01, 3.144731811351e-04, 2.4437e+00, 3.8280e-02, 
 2DIAGNOSTIC,    23, -6.032857737469e-01, 2.117840605338e-04, 2.4801e+00, 3.6461e-02, 
 2DIAGNOSTIC,    24, -6.032825919278e-01, 1.067878971607e-04, 2.5169e+00, 3.6746e-02, 
 2DIAGNOSTIC,    25, -6.032785784407e-01, 1.219931720796e-05, 2.5542e+00, 3.7268e-02, 
 2DIAGNOSTIC,    26, -6.032700506928e-01, 2.532613543896e-06, 2.5866e+00, 3.2475e-02, 
 2DIAGNOSTIC,    27, -6.032905189148e-01, 1.999941046639e-06, 2.6226e+00, 3.5983e-02, 
 2DIAGNOSTIC,    28, -6.033051424127e-01, 2.167367249874e-06, 2.6603e+00, 3.7714e-02, 
 2DIAGNOSTIC,    29, -6.032943199708e-01, 2.123157570560e-06, 2.6995e+00, 3.9188e-02, 
 2DIAGNOSTIC,    30, -6.033116506222e-01, 2.149332214374e-06, 2.7336e+00, 3.4031e-02, 
 2DIAGNOSTIC,    31, -6.033481756111e-01, 2.812150564607e-06, 2.7673e+00, 3.3769e-02, 
 2DIAGNOSTIC,    32, -6.034069735183e-01, 4.188607864698e-06, 2.8068e+00, 3.9458e-02, 
 2DIAGNOSTIC,    33, -6.034455595692e-01, 5.820495934908e-06, 2.8399e+00, 3.3144e-02, 
 2DIAGNOSTIC,    34, -6.040089994905e-01, 1.470552792807e-05, 2.8759e+00, 3.5943e-02, 
 2DIAGNOSTIC,    35, -6.053103527358e-01, 3.912235306001e-05, 2.9398e+00, 6.3965e-02, 
 2DIAGNOSTIC,    36, -6.053489644967e-01, 5.852328622136e-05, 2.9779e+00, 3.8080e-02, 
 2DIAGNOSTIC,    37, -6.053627321883e-01, 7.210526209591e-05, 3.0148e+00, 3.6895e-02, 
 2DIAGNOSTIC,    38, -6.053293182363e-01, 7.819119478029e-05, 3.0529e+00, 3.8105e-02, 
 2DIAGNOSTIC,    39, -6.053397101319e-01, 7.644280802565e-05, 3.0944e+00, 4.1505e-02, 
 2DIAGNOSTIC,    40, -6.053220312370e-01, 6.727937057507e-05, 3.1351e+00, 4.0704e-02, 
 2DIAGNOSTIC,    41, -6.053205154268e-01, 5.265523481670e-05, 3.1676e+00, 3.2517e-02, 
 2DIAGNOSTIC,    42, -6.053335558842e-01, 3.488844517030e-05, 3.2074e+00, 3.9798e-02, 
 2DIAGNOSTIC,    43, -6.053250092357e-01, 1.502336472716e-05, 3.2424e+00, 3.4949e-02, 
DIAGNOSTIC,Iteration,metricValue,convergenceValue,ITERATION_TIME_INDEX,SINCE_LAST
 2DIAGNOSTIC,     1, -5.409128312379e-01, 1.797693134862e+308, 4.3733e+00, 1.1309e+00, 
 2DIAGNOSTIC,     2, -5.412316565514e-01, 1.797693134862e+308, 4.6265e+00, 2.5321e-01, 
 2DIAGNOSTIC,     3, -5.416622308494e-01, 1.797693134862e+308, 4.8911e+00, 2.6460e-01, 
 2DIAGNOSTIC,     4, -5.422390708207e-01, 1.797693134862e+308, 5.1565e+00, 2.6547e-01, 
 2DIAGNOSTIC,     5, -5.442396239377e-01, 1.797693134862e+308, 5.5341e+00, 3.7760e-01, 
 2DIAGNOSTIC,     6, -5.442763079587e-01, 1.797693134862e+308, 6.0377e+00, 5.0356e-01, 
 2DIAGNOSTIC,     7, -5.442778464447e-01, 1.797693134862e+308, 6.3665e+00, 3.2881e-01, 
 2DIAGNOSTIC,     8, -5.442774634119e-01, 1.797693134862e+308, 6.6942e+00, 3.2764e-01, 
 2DIAGNOSTIC,     9, -5.442755047446e-01, 1.797693134862e+308, 6.9821e+00, 2.8792e-01, 
 2DIAGNOSTIC,    10, -5.442722522960e-01, 4.642947673483e-04, 7.3161e+00, 3.3403e-01, 
 2DIAGNOSTIC,    11, -5.442707689238e-01, 3.247342624837e-04, 7.6589e+00, 3.4280e-01, 
 2DIAGNOSTIC,    12, -5.442693724928e-01, 1.946359312364e-04, 7.9450e+00, 2.8606e-01, 
 2DIAGNOSTIC,    13, -5.442670900890e-01, 8.481079600484e-05, 8.2425e+00, 2.9759e-01, 
 2DIAGNOSTIC,    14, -5.442657993240e-01, 2.593334079953e-06, 8.5534e+00, 3.1084e-01, 
