
##########################
# Experiment information #
##########################

EXPERIMENT_NAME: antsRegistration-r8-p22
VFC_BACKENDS: libinterflop_vprec.so --range-binary32=8 --precision-binary32=22 --range-binary64=8 --precision-binary64=22

SIF_IMG: /home/mdugre/projects/rrg-glatard/mdugre/containers/ants-vprec-no_metrics.simg

SUBJECT_ID: s003
INPUT_IMG: /home/mdugre/scratch/mri-registration-rp/datasets/ds004513/derivatives/mri-registration-rp/antsBrainExtraction/sub-s003/BrainExtractionBrain.nii.gz
OUTPUT_DIR: /home/mdugre/scratch/mri-registration-rp/datasets/ds004513/derivatives/mri-registration-rp/0001/antsRegistration-r8-p22/sub-s003

FIXED_IMG: /templateflow/tpl-MNI152NLin2009cAsym/tpl-MNI152NLin2009cAsym_res-01_desc-brain_T1w.nii.gz
DATA_DIR: /home/mdugre/scratch/mri-registration-rp/datasets/ds004513
TEMPLATEFLOW_DIR: /home/mdugre/projects/rrg-glatard/mdugre/templateflow
ITK_GLOBAL_DEFAULT_NUMBER_OF_THREADS: 16
##########################

Info [verificarlo]: loaded backend libinterflop_ieee.so
Info [interflop-ieee]: load backend with:
Info [interflop-ieee]: debug = false
Info [interflop-ieee]: debug-binary = false
Info [interflop-ieee]: no-backend-name = false
Info [interflop-ieee]: print-new-line = false
Info [interflop-ieee]: print-subnormal-normalized = false
Info [interflop-ieee]: count-op = false
All_Command_lines_OK
Using double precision for computations.
=============================================================================
The composite transform comprises the following transforms (in order): 
  1. Center of mass alignment using fixed image: /templateflow/tpl-MNI152NLin2009cAsym/tpl-MNI152NLin2009cAsym_res-01_desc-brain_T1w.nii.gz and moving image: /home/mdugre/scratch/mri-registration-rp/datasets/ds004513/derivatives/mri-registration-rp/antsBrainExtraction/sub-s003/BrainExtractionBrain.nii.gz (type = Euler3DTransform)
=============================================================================
  number of levels = 1
  fixed image: /templateflow/tpl-MNI152NLin2009cAsym/tpl-MNI152NLin2009cAsym_res-01_desc-brain_T1w.nii.gz
  moving image: /home/mdugre/scratch/mri-registration-rp/datasets/ds004513/derivatives/mri-registration-rp/antsBrainExtraction/sub-s003/BrainExtractionBrain.nii.gz
Dimension = 3
Number of stages = 1
Use histogram matching = false
Winsorize image intensities = true
  Lower quantile = 0.005
  Upper quantile = 0.995


Stage 1 State
   Image metric = MattesMI
     Fixed image = Image (0x39cde70)
  RTTI typeinfo:   itk::Image<double, 3u>
  Reference Count: 2
  Modified Time: 2334
  Debug: Off
  Object Name: 
  Observers: 
    none
  Source: (none)
  Source output name: (none)
  Release Data: Off
  Data Released: False
  Global Release Data: Off
  PipelineMTime: 0
  UpdateMTime: 1943
  RealTimeStamp: 0 seconds 
  LargestPossibleRegion: 
    Dimension: 3
    Index: [0, 0, 0]
    Size: [193, 229, 193]
  BufferedRegion: 
    Dimension: 3
    Index: [0, 0, 0]
    Size: [193, 229, 193]
  RequestedRegion: 
    Dimension: 3
    Index: [0, 0, 0]
    Size: [193, 229, 193]
  Spacing: [1, 1, 1]
  Origin: [96, 132, -78]
  Direction: 
-1 0 0
0 -1 0
0 0 1

  IndexToPointMatrix: 
-1 0 0
0 -1 0
0 0 1

  PointToIndexMatrix: 
-1 0 0
0 -1 0
0 0 1

  Inverse Direction: 
-1 0 0
0 -1 0
0 0 1

  PixelContainer: 
    ImportImageContainer (0x39da140)
      RTTI typeinfo:   itk::ImportImageContainer<unsigned long, double>
      Reference Count: 1
      Modified Time: 1940
      Debug: Off
      Object Name: 
      Observers: 
        none
      Pointer: 0x14dd5447f010
      Container manages memory: true
      Size: 8530021
      Capacity: 8530021

     Moving image = Image (0x39d7310)
  RTTI typeinfo:   itk::Image<double, 3u>
  Reference Count: 2
  Modified Time: 2335
  Debug: Off
  Object Name: 
  Observers: 
    none
  Source: (none)
  Source output name: (none)
  Release Data: Off
  Data Released: False
  Global Release Data: Off
  PipelineMTime: 0
  UpdateMTime: 2332
  RealTimeStamp: 0 seconds 
  LargestPossibleRegion: 
    Dimension: 3
    Index: [0, 0, 0]
    Size: [176, 240, 256]
  BufferedRegion: 
    Dimension: 3
    Index: [0, 0, 0]
    Size: [176, 240, 256]
  RequestedRegion: 
    Dimension: 3
    Index: [0, 0, 0]
    Size: [176, 240, 256]
  Spacing: [0.999999, 1, 1]
  Origin: [93.3499, 86.9368, -128.957]
  Direction: 
-0.999513 -0.0279216 -0.0139567
0.0279189 -0.99961 0.000389866
-0.0139622 2.01492e-08 0.999903

  IndexToPointMatrix: 
-0.999512 -0.0279216 -0.0139567
0.0279189 -0.99961 0.000389866
-0.0139621 2.01492e-08 0.999903

  PointToIndexMatrix: 
-0.999514 0.0279189 -0.0139622
-0.0279216 -0.99961 2.01716e-08
-0.0139567 0.000389866 0.999903

  Inverse Direction: 
-0.999513 0.0279189 -0.0139622
-0.0279216 -0.99961 2.01716e-08
-0.0139567 0.000389866 0.999903

  PixelContainer: 
    ImportImageContainer (0x3b02610)
      RTTI typeinfo:   itk::ImportImageContainer<unsigned long, double>
      Reference Count: 1
      Modified Time: 2329
      Debug: Off
      Object Name: 
      Observers: 
        none
      Pointer: 0x14dd4f1fe010
      Container manages memory: true
      Size: 10813440
      Capacity: 10813440

     Weighting = 1
     Sampling strategy = regular
     Number of bins = 32
     Radius = 4
     Sampling percentage  = 0.25
   Transform = Rigid
     Gradient step = 0.1
     Update field sigma (voxel space) = 0
     Total field sigma (voxel space) = 0
     Update field time sigma = 0
     Total field time sigma  = 0
     Number of time indices = 0
     Number of time point samples = 0
Registration using 1 total stages.

Stage 0
  iterations = 0
  convergence threshold = 1e-06
  convergence window size = 10
  number of levels = 1
  using the Mattes MI metric (number of bins = 32, weight = 1, use gradient filter = 0)
  preprocessing:  winsorizing the image intensities
  Shrink factors (level 1 out of 1): [1, 1, 1]
  smoothing sigmas per level: [0]
  regular sampling (percentage = 0.25)

*** Running Euler3DTransform registration ***

  Elapsed time (stage 0): 1.14727


Total elapsed time: 1.14944
Info [verificarlo]: loaded backend libinterflop_ieee.so
Info [interflop-ieee]: load backend with:
Info [interflop-ieee]: debug = false
Info [interflop-ieee]: debug-binary = false
Info [interflop-ieee]: no-backend-name = false
Info [interflop-ieee]: print-new-line = false
Info [interflop-ieee]: print-subnormal-normalized = false
Info [interflop-ieee]: count-op = false
All_Command_lines_OK
Using double precision for computations.
=============================================================================
The composite transform comprises the following transforms (in order): 
  1. /home/mdugre/scratch/mri-registration-rp/datasets/ds004513/derivatives/mri-registration-rp/0001/antsRegistration-r8-p22/sub-s003/align_Composite.h5[0] (type = Euler3DTransform)
  2. /home/mdugre/scratch/mri-registration-rp/datasets/ds004513/derivatives/mri-registration-rp/0001/antsRegistration-r8-p22/sub-s003/align_Composite.h5[1] (type = Euler3DTransform)
=============================================================================
  number of levels = 4
  fixed image: /templateflow/tpl-MNI152NLin2009cAsym/tpl-MNI152NLin2009cAsym_res-01_desc-brain_T1w.nii.gz
  moving image: /home/mdugre/scratch/mri-registration-rp/datasets/ds004513/derivatives/mri-registration-rp/antsBrainExtraction/sub-s003/BrainExtractionBrain.nii.gz
Dimension = 3
Number of stages = 1
Use histogram matching = false
Winsorize image intensities = true
  Lower quantile = 0.005
  Upper quantile = 0.995


Stage 1 State
   Image metric = MattesMI
     Fixed image = Image (0x37b6530)
  RTTI typeinfo:   itk::Image<double, 3u>
  Reference Count: 2
  Modified Time: 1580
  Debug: Off
  Object Name: 
  Observers: 
    none
  Source: (none)
  Source output name: (none)
  Release Data: Off
  Data Released: False
  Global Release Data: Off
  PipelineMTime: 0
  UpdateMTime: 1189
  RealTimeStamp: 0 seconds 
  LargestPossibleRegion: 
    Dimension: 3
    Index: [0, 0, 0]
    Size: [193, 229, 193]
  BufferedRegion: 
    Dimension: 3
    Index: [0, 0, 0]
    Size: [193, 229, 193]
  RequestedRegion: 
    Dimension: 3
    Index: [0, 0, 0]
    Size: [193, 229, 193]
  Spacing: [1, 1, 1]
  Origin: [96, 132, -78]
  Direction: 
-1 0 0
0 -1 0
0 0 1

  IndexToPointMatrix: 
-1 0 0
0 -1 0
0 0 1

  PointToIndexMatrix: 
-1 0 0
0 -1 0
0 0 1

  Inverse Direction: 
-1 0 0
0 -1 0
0 0 1

  PixelContainer: 
    ImportImageContainer (0x3874d60)
      RTTI typeinfo:   itk::ImportImageContainer<unsigned long, double>
      Reference Count: 1
      Modified Time: 1186
      Debug: Off
      Object Name: 
      Observers: 
        none
      Pointer: 0x1476ec977010
      Container manages memory: true
      Size: 8530021
      Capacity: 8530021

     Moving image = Image (0x3866f60)
  RTTI typeinfo:   itk::Image<double, 3u>
  Reference Count: 2
  Modified Time: 1581
  Debug: Off
  Object Name: 
  Observers: 
    none
  Source: (none)
  Source output name: (none)
  Release Data: Off
  Data Released: False
  Global Release Data: Off
  PipelineMTime: 0
  UpdateMTime: 1578
  RealTimeStamp: 0 seconds 
  LargestPossibleRegion: 
    Dimension: 3
    Index: [0, 0, 0]
    Size: [176, 240, 256]
  BufferedRegion: 
    Dimension: 3
    Index: [0, 0, 0]
    Size: [176, 240, 256]
  RequestedRegion: 
    Dimension: 3
    Index: [0, 0, 0]
    Size: [176, 240, 256]
  Spacing: [0.999999, 1, 1]
  Origin: [93.3499, 86.9368, -128.957]
  Direction: 
-0.999513 -0.0279216 -0.0139567
0.0279189 -0.99961 0.000389866
-0.0139622 2.01492e-08 0.999903

  IndexToPointMatrix: 
-0.999512 -0.0279216 -0.0139567
0.0279189 -0.99961 0.000389866
-0.0139621 2.01492e-08 0.999903

  PointToIndexMatrix: 
-0.999514 0.0279189 -0.0139622
-0.0279216 -0.99961 2.01716e-08
-0.0139567 0.000389866 0.999903

  Inverse Direction: 
-0.999513 0.0279189 -0.0139622
-0.0279216 -0.99961 2.01716e-08
-0.0139567 0.000389866 0.999903

  PixelContainer: 
    ImportImageContainer (0x38586d0)
      RTTI typeinfo:   itk::ImportImageContainer<unsigned long, double>
      Reference Count: 1
      Modified Time: 1575
      Debug: Off
      Object Name: 
      Observers: 
        none
      Pointer: 0x1476e76f6010
      Container manages memory: true
      Size: 10813440
      Capacity: 10813440

     Weighting = 1
     Sampling strategy = regular
     Number of bins = 32
     Radius = 4
     Sampling percentage  = 0.25
   Transform = Rigid
     Gradient step = 0.1
     Update field sigma (voxel space) = 0
     Total field sigma (voxel space) = 0
     Update field time sigma = 0
     Total field time sigma  = 0
     Number of time indices = 0
     Number of time point samples = 0
Registration using 1 total stages.

Stage 0
  iterations = 1000x500x250x100
  convergence threshold = 1e-06
  convergence window size = 10
  number of levels = 4
  using the Mattes MI metric (number of bins = 32, weight = 1, use gradient filter = 0)
  preprocessing:  winsorizing the image intensities
  Shrink factors (level 1 out of 4): [8, 8, 8]
  Shrink factors (level 2 out of 4): [4, 4, 4]
  Shrink factors (level 3 out of 4): [2, 2, 2]
  Shrink factors (level 4 out of 4): [1, 1, 1]
  smoothing sigmas per level: [3, 2, 1, 0]
  regular sampling (percentage = 0.25)

*** Running Euler3DTransform registration ***

DIAGNOSTIC,Iteration,metricValue,convergenceValue,ITERATION_TIME_INDEX,SINCE_LAST
 2DIAGNOSTIC,     1, -4.871187133941e-01, 1.797693134862e+308, 8.3177e-01, 8.3177e-01, 
 2DIAGNOSTIC,     2, -4.887966556740e-01, 1.797693134862e+308, 8.3750e-01, 5.7311e-03, 
 2DIAGNOSTIC,     3, -4.919242839642e-01, 1.797693134862e+308, 8.4356e-01, 6.0580e-03, 
 2DIAGNOSTIC,     4, -5.019092629522e-01, 1.797693134862e+308, 8.4945e-01, 5.8880e-03, 
 2DIAGNOSTIC,     5, -5.198319788477e-01, 1.797693134862e+308, 8.5499e-01, 5.5449e-03, 
 2DIAGNOSTIC,     6, -5.251449584180e-01, 1.797693134862e+308, 8.6156e-01, 6.5629e-03, 
 2DIAGNOSTIC,     7, -5.365118080768e-01, 1.797693134862e+308, 8.6865e-01, 7.0920e-03, 
 2DIAGNOSTIC,     8, -5.564319077261e-01, 1.797693134862e+308, 8.7740e-01, 8.7531e-03, 
 2DIAGNOSTIC,     9, -5.572786469687e-01, 1.797693134862e+308, 8.8304e-01, 5.6410e-03, 
 2DIAGNOSTIC,    10, -5.597886110608e-01, 1.060089541986e-02, 8.8921e-01, 6.1679e-03, 
 2DIAGNOSTIC,    11, -5.645450860914e-01, 9.471656029002e-03, 8.9478e-01, 5.5680e-03, 
 2DIAGNOSTIC,    12, -5.675342641672e-01, 7.901754414630e-03, 9.0099e-01, 6.2158e-03, 
 2DIAGNOSTIC,    13, -5.685174641935e-01, 6.033280802480e-03, 9.0751e-01, 6.5150e-03, 
 2DIAGNOSTIC,    14, -5.693412095342e-01, 4.302087948770e-03, 9.1459e-01, 7.0772e-03, 
 2DIAGNOSTIC,    15, -5.718972801998e-01, 3.155204981954e-03, 9.2055e-01, 5.9612e-03, 
 2DIAGNOSTIC,    16, -5.734788767073e-01, 2.091398053252e-03, 9.2594e-01, 5.3952e-03, 
 2DIAGNOSTIC,    17, -5.737823402463e-01, 1.310029424174e-03, 9.3130e-01, 5.3589e-03, 
 2DIAGNOSTIC,    18, -5.749452616696e-01, 1.114936190120e-03, 9.3665e-01, 5.3451e-03, 
 2DIAGNOSTIC,    19, -5.774392255370e-01, 9.301256922490e-04, 9.4494e-01, 8.2910e-03, 
 2DIAGNOSTIC,    20, -5.782944999895e-01, 7.612328990488e-04, 9.5129e-01, 6.3481e-03, 
 2DIAGNOSTIC,    21, -5.788863756130e-01, 6.687985512954e-04, 9.5713e-01, 5.8451e-03, 
 2DIAGNOSTIC,    22, -5.857337702870e-01, 7.546209626718e-04, 9.6317e-01, 6.0339e-03, 
 2DIAGNOSTIC,    23, -6.028589201100e-01, 1.162232409574e-03, 9.6944e-01, 6.2780e-03, 
 2DIAGNOSTIC,    24, -6.086613837226e-01, 1.554691245317e-03, 9.7687e-01, 7.4298e-03, 
 2DIAGNOSTIC,    25, -6.127624307478e-01, 1.904928859949e-03, 9.8294e-01, 6.0630e-03, 
 2DIAGNOSTIC,    26, -6.171330102709e-01, 2.167612423911e-03, 9.8890e-01, 5.9600e-03, 
 2DIAGNOSTIC,    27, -6.180829716946e-01, 2.226134247350e-03, 9.9479e-01, 5.8980e-03, 
 2DIAGNOSTIC,    28, -6.204355229781e-01, 2.128618124377e-03, 1.0018e+00, 7.0012e-03, 
 2DIAGNOSTIC,    29, -6.216541943968e-01, 1.901236647232e-03, 1.0072e+00, 5.3620e-03, 
 2DIAGNOSTIC,    30, -6.252686884669e-01, 1.589741144673e-03, 1.0130e+00, 5.7931e-03, 
 2DIAGNOSTIC,    31, -6.305777098895e-01, 1.244380800943e-03, 1.0184e+00, 5.4710e-03, 
 2DIAGNOSTIC,    32, -6.437126359787e-01, 1.107470703715e-03, 1.0251e+00, 6.6960e-03, 
 2DIAGNOSTIC,    33, -6.470258932752e-01, 1.176384448426e-03, 1.0301e+00, 4.9870e-03, 
 2DIAGNOSTIC,    34, -6.489213651889e-01, 1.241892608906e-03, 1.0385e+00, 8.3501e-03, 
 2DIAGNOSTIC,    35, -6.509315183468e-01, 1.271883370094e-03, 1.0440e+00, 5.5130e-03, 
 2DIAGNOSTIC,    36, -6.520046844499e-01, 1.251974425336e-03, 1.0493e+00, 5.3499e-03, 
 2DIAGNOSTIC,    37, -6.528674554741e-01, 1.135508976229e-03, 1.0544e+00, 5.0831e-03, 
 2DIAGNOSTIC,    38, -6.532434257959e-01, 9.531149841466e-04, 1.0595e+00, 5.1129e-03, 
 2DIAGNOSTIC,    39, -6.541859654765e-01, 7.192299047945e-04, 1.0670e+00, 7.4990e-03, 
 2DIAGNOSTIC,    40, -6.542280536518e-01, 4.743035125441e-04, 1.0723e+00, 5.2779e-03, 
 2DIAGNOSTIC,    41, -6.546756397213e-01, 2.614973203816e-04, 1.0774e+00, 5.1210e-03, 
 2DIAGNOSTIC,    42, -6.552209263290e-01, 1.910085334017e-04, 1.0865e+00, 9.1009e-03, 
 2DIAGNOSTIC,    43, -6.554123553677e-01, 1.447045935638e-04, 1.0925e+00, 5.9991e-03, 
 2DIAGNOSTIC,    44, -6.553659161232e-01, 1.066696109109e-04, 1.0980e+00, 5.4910e-03, 
 2DIAGNOSTIC,    45, -6.555150940852e-01, 8.321003142092e-05, 1.1030e+00, 5.0151e-03, 
 2DIAGNOSTIC,    46, -6.555937624834e-01, 6.475454749862e-05, 1.1091e+00, 6.1281e-03, 
 2DIAGNOSTIC,    47, -6.556717027049e-01, 5.044016425925e-05, 1.1151e+00, 5.9838e-03, 
 2DIAGNOSTIC,    48, -6.557406160016e-01, 3.619410351490e-05, 1.1204e+00, 5.2350e-03, 
 2DIAGNOSTIC,    49, -6.557033492548e-01, 2.805955331359e-05, 1.1273e+00, 6.9480e-03, 
 2DIAGNOSTIC,    50, -6.556367014308e-01, 1.740600789487e-05, 1.1329e+00, 5.6350e-03, 
 2DIAGNOSTIC,    51, -6.556523855789e-01, 9.764603712548e-06, 1.1388e+00, 5.8990e-03, 
 2DIAGNOSTIC,    52, -6.557396090352e-01, 7.232616903267e-06, 1.1444e+00, 5.5809e-03, 
 2DIAGNOSTIC,    53, -6.559474584971e-01, 7.713415620805e-06, 1.1493e+00, 4.8649e-03, 
 2DIAGNOSTIC,    54, -6.559605399158e-01, 7.155241046143e-06, 1.1550e+00, 5.6581e-03, 
 2DIAGNOSTIC,    55, -6.558854933775e-01, 6.664601993778e-06, 1.1600e+00, 5.0430e-03, 
 2DIAGNOSTIC,    56, -6.558136627101e-01, 5.698608933302e-06, 1.1659e+00, 5.8999e-03, 
 2DIAGNOSTIC,    57, -6.556772743699e-01, 3.765491266888e-06, 1.1708e+00, 4.9369e-03, 
 2DIAGNOSTIC,    58, -6.558536936610e-01, 3.561738661367e-06, 1.1762e+00, 5.4030e-03, 
 2DIAGNOSTIC,    59, -6.559898891901e-01, 3.821536288032e-06, 1.1843e+00, 8.0860e-03, 
 2DIAGNOSTIC,    60, -6.561338547236e-01, 4.371880086434e-06, 1.1900e+00, 5.6581e-03, 
 2DIAGNOSTIC,    61, -6.559793902168e-01, 3.499895877782e-06, 1.1948e+00, 4.8008e-03, 
 2DIAGNOSTIC,    62, -6.559063785279e-01, 2.506212703493e-06, 1.2005e+00, 5.6920e-03, 
 2DIAGNOSTIC,    63, -6.559233597653e-01, 2.992394980420e-06, 1.2054e+00, 4.9732e-03, 
 2DIAGNOSTIC,    64, -6.560367185801e-01, 4.081513992196e-06, 1.2119e+00, 6.4270e-03, 
 2DIAGNOSTIC,    65, -6.561344240835e-01, 4.931146761741e-06, 1.2365e+00, 2.4588e-02, 
 2DIAGNOSTIC,    66, -6.561344217778e-01, 4.892061059848e-06, 1.2426e+00, 6.1059e-03, 
 2DIAGNOSTIC,    67, -6.561344265033e-01, 3.518206085861e-06, 1.2480e+00, 5.4512e-03, 
 2DIAGNOSTIC,    68, -6.561344344927e-01, 3.070535018721e-06, 1.2533e+00, 5.2500e-03, 
 2DIAGNOSTIC,    69, -6.561344479959e-01, 3.235291440071e-06, 1.2581e+00, 4.8120e-03, 
 2DIAGNOSTIC,    70, -6.561344708099e-01, 4.089526165332e-06, 1.2628e+00, 4.7359e-03, 
 2DIAGNOSTIC,    71, -6.561345093325e-01, 3.594400593842e-06, 1.2677e+00, 4.8680e-03, 
 2DIAGNOSTIC,    72, -6.561345743857e-01, 2.363336351096e-06, 1.2724e+00, 4.6990e-03, 
 2DIAGNOSTIC,    73, -6.561346839699e-01, 1.079921914844e-06, 1.2773e+00, 4.9188e-03, 
DIAGNOSTIC,Iteration,metricValue,convergenceValue,ITERATION_TIME_INDEX,SINCE_LAST
 2DIAGNOSTIC,     1, -5.254063560201e-01, 1.797693134862e+308, 2.0997e+00, 8.2237e-01, 
 2DIAGNOSTIC,     2, -5.260551239878e-01, 1.797693134862e+308, 2.1310e+00, 3.1289e-02, 
 2DIAGNOSTIC,     3, -5.268701685134e-01, 1.797693134862e+308, 2.1645e+00, 3.3516e-02, 
 2DIAGNOSTIC,     4, -5.277577080800e-01, 1.797693134862e+308, 2.1958e+00, 3.1281e-02, 
 2DIAGNOSTIC,     5, -5.283342600064e-01, 1.797693134862e+308, 2.2281e+00, 3.2318e-02, 
 2DIAGNOSTIC,     6, -5.286254417705e-01, 1.797693134862e+308, 2.2623e+00, 3.4261e-02, 
 2DIAGNOSTIC,     7, -5.292955853329e-01, 1.797693134862e+308, 2.2941e+00, 3.1777e-02, 
 2DIAGNOSTIC,     8, -5.307164008680e-01, 1.797693134862e+308, 2.3467e+00, 5.2623e-02, 
 2DIAGNOSTIC,     9, -5.308084478760e-01, 1.797693134862e+308, 2.3801e+00, 3.3342e-02, 
 2DIAGNOSTIC,    10, -5.308224509498e-01, 7.042198514868e-04, 2.4178e+00, 3.7762e-02, 
 2DIAGNOSTIC,    11, -5.308423340649e-01, 5.700250928652e-04, 2.4513e+00, 3.3428e-02, 
 2DIAGNOSTIC,    12, -5.308367910297e-01, 4.353605918488e-04, 2.4840e+00, 3.2711e-02, 
 2DIAGNOSTIC,    13, -5.309154847156e-01, 3.177073813251e-04, 2.5166e+00, 3.2642e-02, 
 2DIAGNOSTIC,    14, -5.310155043708e-01, 2.257515422696e-04, 2.5484e+00, 3.1740e-02, 
 2DIAGNOSTIC,    15, -5.313610590772e-01, 1.594262439358e-04, 2.5802e+00, 3.1831e-02, 
 2DIAGNOSTIC,    16, -5.319421770460e-01, 1.159782354925e-04, 2.6323e+00, 5.2149e-02, 
 2DIAGNOSTIC,    17, -5.322567465935e-01, 9.665919686674e-05, 2.6666e+00, 3.4271e-02, 
 2DIAGNOSTIC,    18, -5.324072664842e-01, 1.175668161922e-04, 2.6987e+00, 3.2052e-02, 
 2DIAGNOSTIC,    19, -5.330020475982e-01, 1.450669357190e-04, 2.7404e+00, 4.1739e-02, 
 2DIAGNOSTIC,    20, -5.333813435625e-01, 1.665409690701e-04, 2.7766e+00, 3.6242e-02, 
 2DIAGNOSTIC,    21, -5.335706910121e-01, 1.756585561273e-04, 2.8145e+00, 3.7841e-02, 
 2DIAGNOSTIC,    22, -5.343435988232e-01, 1.864945316579e-04, 2.8526e+00, 3.8136e-02, 
 2DIAGNOSTIC,    23, -5.350089645526e-01, 1.961841150777e-04, 2.8947e+00, 4.2062e-02, 
 2DIAGNOSTIC,    24, -5.353254031617e-01, 1.957248964675e-04, 2.9278e+00, 3.3159e-02, 
 2DIAGNOSTIC,    25, -5.356532495365e-01, 1.912903145587e-04, 2.9610e+00, 3.3184e-02, 
 2DIAGNOSTIC,    26, -5.359786872350e-01, 1.879890511989e-04, 3.0072e+00, 4.6181e-02, 
 2DIAGNOSTIC,    27, -5.360021625917e-01, 1.738980127640e-04, 3.0450e+00, 3.7815e-02, 
 2DIAGNOSTIC,    28, -5.360414370278e-01, 1.478521876891e-04, 3.0920e+00, 4.6982e-02, 
 2DIAGNOSTIC,    29, -5.360612100682e-01, 1.210811795742e-04, 3.1292e+00, 3.7249e-02, 
 2DIAGNOSTIC,    30, -5.360596755159e-01, 9.162240879018e-05, 3.1651e+00, 3.5889e-02, 
 2DIAGNOSTIC,    31, -5.360629523514e-01, 5.857209621143e-05, 3.1993e+00, 3.4181e-02, 
 2DIAGNOSTIC,    32, -5.360573866819e-01, 3.476704518948e-05, 3.2350e+00, 3.5639e-02, 
 2DIAGNOSTIC,    33, -5.360552964885e-01, 1.993766861086e-05, 3.2686e+00, 3.3685e-02, 
 2DIAGNOSTIC,    34, -5.360427104204e-01, 8.870510037270e-06, 3.3036e+00, 3.4960e-02, 
 2DIAGNOSTIC,    35, -5.360378377924e-01, 2.486608551313e-06, 3.3366e+00, 3.3000e-02, 
 2DIAGNOSTIC,    36, -5.360421781652e-01, 1.199401283816e-06, 3.3711e+00, 3.4483e-02, 
DIAGNOSTIC,Iteration,metricValue,convergenceValue,ITERATION_TIME_INDEX,SINCE_LAST
 2DIAGNOSTIC,     1, -4.753244319227e-01, 1.797693134862e+308, 4.5353e+00, 1.1642e+00, 
 2DIAGNOSTIC,     2, -4.754525616135e-01, 1.797693134862e+308, 4.7898e+00, 2.5451e-01, 
 2DIAGNOSTIC,     3, -4.756127618810e-01, 1.797693134862e+308, 5.0850e+00, 2.9516e-01, 
 2DIAGNOSTIC,     4, -4.758564422622e-01, 1.797693134862e+308, 5.4045e+00, 3.1949e-01, 
 2DIAGNOSTIC,     5, -4.759840555930e-01, 1.797693134862e+308, 5.6817e+00, 2.7726e-01, 
 2DIAGNOSTIC,     6, -4.761291286519e-01, 1.797693134862e+308, 6.0193e+00, 3.3757e-01, 
 2DIAGNOSTIC,     7, -4.764245444275e-01, 1.797693134862e+308, 6.3566e+00, 3.3727e-01, 
 2DIAGNOSTIC,     8, -4.765988508513e-01, 1.797693134862e+308, 6.6283e+00, 2.7174e-01, 
 2DIAGNOSTIC,     9, -4.776405766842e-01, 1.797693134862e+308, 7.0595e+00, 4.3122e-01, 
 2DIAGNOSTIC,    10, -4.778006045505e-01, 3.235670922149e-04, 7.5722e+00, 5.1266e-01, 
 2DIAGNOSTIC,    11, -4.778016724650e-01, 3.200962842806e-04, 7.8850e+00, 3.1278e-01, 
 2DIAGNOSTIC,    12, -4.777998519707e-01, 2.957008520743e-04, 8.1899e+00, 3.0492e-01, 
 2DIAGNOSTIC,    13, -4.777996002536e-01, 2.555658827749e-04, 8.5502e+00, 3.6033e-01, 
 2DIAGNOSTIC,    14, -4.777978239074e-01, 2.078153644225e-04, 8.8635e+00, 3.1326e-01, 
 2DIAGNOSTIC,    15, -4.777970821535e-01, 1.525521355257e-04, 9.1488e+00, 2.8535e-01, 
 2DIAGNOSTIC,    16, -4.777968233123e-01, 9.618502548245e-05, 9.4341e+00, 2.8529e-01, 
 2DIAGNOSTIC,    17, -4.777959995365e-01, 4.847480993243e-05, 9.7667e+00, 3.3263e-01, 
 2DIAGNOSTIC,    18, -4.777962821659e-01, 6.626497671185e-06, 1.0075e+01, 3.0795e-01, 
 2DIAGNOSTIC,    19, -4.777941766701e-01, 1.198446500171e-06, 1.0390e+01, 3.1535e-01, 
 2DIAGNOSTIC,    20, -4.777927210268e-01, 1.082636517123e-06, 1.0685e+01, 2.9515e-01, 
 2DIAGNOSTIC,    21, -4.777949957128e-01, 1.121691533462e-06, 1.0991e+01, 3.0561e-01, 
 2DIAGNOSTIC,    22, -4.777951389935e-01, 1.145184097419e-06, 1.1259e+01, 2.6857e-01, 
 2DIAGNOSTIC,    23, -4.777949289994e-01, 1.184132490561e-06, 1.1497e+01, 2.3768e-01, 
 2DIAGNOSTIC,    24, -4.777943440513e-01, 1.182272684350e-06, 1.1813e+01, 3.1636e-01, 
 2DIAGNOSTIC,    25, -4.777928552498e-01, 1.142041389686e-06, 1.2109e+01, 2.9563e-01, 
 2DIAGNOSTIC,    26, -4.777926367659e-01, 1.106188492021e-06, 1.2435e+01, 3.2573e-01, 
 2DIAGNOSTIC,    27, -4.777931976807e-01, 1.076426402277e-06, 1.2705e+01, 2.7032e-01, 
 2DIAGNOSTIC,    28, -4.777931943753e-01, 1.065354755407e-06, 1.3015e+01, 3.1003e-01, 
 2DIAGNOSTIC,    29, -4.777947495608e-01, 1.052414934130e-06, 1.3355e+01, 3.3980e-01, 
 2DIAGNOSTIC,    30, -4.777943825793e-01, 1.007008190002e-06, 1.3632e+01, 2.7755e-01, 
DIAGNOSTIC,Iteration,metricValue,convergenceValue,ITERATION_TIME_INDEX,SINCE_LAST
 2DIAGNOSTIC,     1, -4.446507744027e-01, 1.797693134862e+308, 1.6323e+01, 2.6905e+00, 
 2DIAGNOSTIC,     2, -4.447282814539e-01, 1.797693134862e+308, 1.7961e+01, 1.6380e+00, 
 2DIAGNOSTIC,     3, -4.447525913498e-01, 1.797693134862e+308, 1.9542e+01, 1.5807e+00, 
 2DIAGNOSTIC,     4, -4.448306416805e-01, 1.797693134862e+308, 2.1191e+01, 1.6495e+00, 
 2DIAGNOSTIC,     5, -4.449246828572e-01, 1.797693134862e+308, 2.3327e+01, 2.1362e+00, 
 2DIAGNOSTIC,     6, -4.449404374805e-01, 1.797693134862e+308, 2.4923e+01, 1.5954e+00, 
 2DIAGNOSTIC,     7, -4.449586721178e-01, 1.797693134862e+308, 2.6815e+01, 1.8917e+00, 
 2DIAGNOSTIC,     8, -4.450294896821e-01, 1.797693134862e+308, 2.8583e+01, 1.7689e+00, 
 2DIAGNOSTIC,     9, -4.450994384675e-01, 1.797693134862e+308, 3.0144e+01, 1.5606e+00, 
 2DIAGNOSTIC,    10, -4.452366133200e-01, 7.772011516927e-05, 3.2011e+01, 1.8673e+00, 
 2DIAGNOSTIC,    11, -4.452883231057e-01, 7.394078257897e-05, 3.4222e+01, 2.2108e+00, 
 2DIAGNOSTIC,    12, -4.453003176842e-01, 6.931620740402e-05, 3.5679e+01, 1.4571e+00, 
 2DIAGNOSTIC,    13, -4.453246993902e-01, 6.178356983380e-05, 3.7665e+01, 1.9853e+00, 
 2DIAGNOSTIC,    14, -4.453391729563e-01, 5.398208803099e-05, 3.9579e+01, 1.9147e+00, 
 2DIAGNOSTIC,    15, -4.453492236828e-01, 4.685702024723e-05, 4.1374e+01, 1.7950e+00, 
 2DIAGNOSTIC,    16, -4.453968618931e-01, 3.906366383662e-05, 4.3599e+01, 2.2251e+00, 
 2DIAGNOSTIC,    17, -4.453983436075e-01, 2.949872749213e-05, 4.6310e+01, 2.7110e+00, 
 2DIAGNOSTIC,    18, -4.453983610213e-01, 2.098192524739e-05, 4.7972e+01, 1.6613e+00, 
 2DIAGNOSTIC,    19, -4.453978374918e-01, 1.382426212842e-05, 4.9986e+01, 2.0142e+00, 
 2DIAGNOSTIC,    20, -4.453976626126e-01, 1.058579904521e-05, 5.1551e+01, 1.5649e+00, 
 2DIAGNOSTIC,    21, -4.453973126831e-01, 8.359436194545e-06, 5.3759e+01, 2.2084e+00, 
 2DIAGNOSTIC,    22, -4.453973129581e-01, 6.028268816863e-06, 5.5930e+01, 2.1705e+00, 
 2DIAGNOSTIC,    23, -4.453971370636e-01, 4.156266194835e-06, 5.8848e+01, 2.9181e+00, 
 2DIAGNOSTIC,    24, -4.453971370638e-01, 2.573944898637e-06, 6.2754e+01, 3.9058e+00, 
 2DIAGNOSTIC,    25, -4.453971370638e-01, 1.223426850903e-06, 6.4757e+01, 2.0034e+00, 
 2DIAGNOSTIC,    26, -4.453971370638e-01, 1.150033390490e-06, 6.6890e+01, 2.1332e+00, 
 2DIAGNOSTIC,    27, -4.453971370638e-01, 1.123898076341e-06, 6.8621e+01, 1.7312e+00, 
 2DIAGNOSTIC,    28, -4.453971370638e-01, 1.105423781129e-06, 7.0428e+01, 1.8069e+00, 
 2DIAGNOSTIC,    29, -4.453971370638e-01, 1.079670961197e-06, 7.2035e+01, 1.6064e+00, 
 2DIAGNOSTIC,    30, -4.453971370638e-01, 1.053737336630e-06, 7.4063e+01, 2.0284e+00, 
 2DIAGNOSTIC,    31, -4.453971370638e-01, 1.022891159122e-06, 7.5704e+01, 1.6412e+00, 
  Elapsed time (stage 0): 7.6597e+01


Total elapsed time: 7.6600e+01
Info [verificarlo]: loaded backend libinterflop_ieee.so
Info [interflop-ieee]: load backend with:
Info [interflop-ieee]: debug = false
Info [interflop-ieee]: debug-binary = false
Info [interflop-ieee]: no-backend-name = false
Info [interflop-ieee]: print-new-line = false
Info [interflop-ieee]: print-subnormal-normalized = false
Info [interflop-ieee]: count-op = false
All_Command_lines_OK
Using double precision for computations.
=============================================================================
The composite transform comprises the following transforms (in order): 
  1. /home/mdugre/scratch/mri-registration-rp/datasets/ds004513/derivatives/mri-registration-rp/0001/antsRegistration-r8-p22/sub-s003/rigid_Composite.h5[0] (type = Euler3DTransform)
  2. /home/mdugre/scratch/mri-registration-rp/datasets/ds004513/derivatives/mri-registration-rp/0001/antsRegistration-r8-p22/sub-s003/rigid_Composite.h5[1] (type = Euler3DTransform)
  3. /home/mdugre/scratch/mri-registration-rp/datasets/ds004513/derivatives/mri-registration-rp/0001/antsRegistration-r8-p22/sub-s003/rigid_Composite.h5[2] (type = Euler3DTransform)
=============================================================================
  number of levels = 4
  fixed image: /templateflow/tpl-MNI152NLin2009cAsym/tpl-MNI152NLin2009cAsym_res-01_desc-brain_T1w.nii.gz
  moving image: /home/mdugre/scratch/mri-registration-rp/datasets/ds004513/derivatives/mri-registration-rp/antsBrainExtraction/sub-s003/BrainExtractionBrain.nii.gz
Dimension = 3
Number of stages = 1
Use histogram matching = false
Winsorize image intensities = true
  Lower quantile = 0.005
  Upper quantile = 0.995


Stage 1 State
   Image metric = MattesMI
     Fixed image = Image (0x49d87e0)
  RTTI typeinfo:   itk::Image<double, 3u>
  Reference Count: 2
  Modified Time: 1594
  Debug: Off
  Object Name: 
  Observers: 
    none
  Source: (none)
  Source output name: (none)
  Release Data: Off
  Data Released: False
  Global Release Data: Off
  PipelineMTime: 0
  UpdateMTime: 1203
  RealTimeStamp: 0 seconds 
  LargestPossibleRegion: 
    Dimension: 3
    Index: [0, 0, 0]
    Size: [193, 229, 193]
  BufferedRegion: 
    Dimension: 3
    Index: [0, 0, 0]
    Size: [193, 229, 193]
  RequestedRegion: 
    Dimension: 3
    Index: [0, 0, 0]
    Size: [193, 229, 193]
  Spacing: [1, 1, 1]
  Origin: [96, 132, -78]
  Direction: 
-1 0 0
0 -1 0
0 0 1

  IndexToPointMatrix: 
-1 0 0
0 -1 0
0 0 1

  PointToIndexMatrix: 
-1 0 0
0 -1 0
0 0 1

  Inverse Direction: 
-1 0 0
0 -1 0
0 0 1

  PixelContainer: 
    ImportImageContainer (0x4a98a20)
      RTTI typeinfo:   itk::ImportImageContainer<unsigned long, double>
      Reference Count: 1
      Modified Time: 1200
      Debug: Off
      Object Name: 
      Observers: 
        none
      Pointer: 0x14a21ebb0010
      Container manages memory: true
      Size: 8530021
      Capacity: 8530021

     Moving image = Image (0x4a93d70)
  RTTI typeinfo:   itk::Image<double, 3u>
  Reference Count: 2
  Modified Time: 1595
  Debug: Off
  Object Name: 
  Observers: 
    none
  Source: (none)
  Source output name: (none)
  Release Data: Off
  Data Released: False
  Global Release Data: Off
  PipelineMTime: 0
  UpdateMTime: 1592
  RealTimeStamp: 0 seconds 
  LargestPossibleRegion: 
    Dimension: 3
    Index: [0, 0, 0]
    Size: [176, 240, 256]
  BufferedRegion: 
    Dimension: 3
    Index: [0, 0, 0]
    Size: [176, 240, 256]
  RequestedRegion: 
    Dimension: 3
    Index: [0, 0, 0]
    Size: [176, 240, 256]
  Spacing: [0.999999, 1, 1]
  Origin: [93.3499, 86.9368, -128.957]
  Direction: 
-0.999513 -0.0279216 -0.0139567
0.0279189 -0.99961 0.000389866
-0.0139622 2.01492e-08 0.999903

  IndexToPointMatrix: 
-0.999512 -0.0279216 -0.0139567
0.0279189 -0.99961 0.000389866
-0.0139621 2.01492e-08 0.999903

  PointToIndexMatrix: 
-0.999514 0.0279189 -0.0139622
-0.0279216 -0.99961 2.01716e-08
-0.0139567 0.000389866 0.999903

  Inverse Direction: 
-0.999513 0.0279189 -0.0139622
-0.0279216 -0.99961 2.01716e-08
-0.0139567 0.000389866 0.999903

  PixelContainer: 
    ImportImageContainer (0x4a4bc90)
      RTTI typeinfo:   itk::ImportImageContainer<unsigned long, double>
      Reference Count: 1
      Modified Time: 1589
      Debug: Off
      Object Name: 
      Observers: 
        none
      Pointer: 0x14a21992f010
      Container manages memory: true
      Size: 10813440
      Capacity: 10813440

     Weighting = 1
     Sampling strategy = regular
     Number of bins = 32
     Radius = 4
     Sampling percentage  = 0.25
   Transform = Affine
     Gradient step = 0.1
     Update field sigma (voxel space) = 0
     Total field sigma (voxel space) = 0
     Update field time sigma = 0
     Total field time sigma  = 0
     Number of time indices = 0
     Number of time point samples = 0
Registration using 1 total stages.

Stage 0
  iterations = 1000x500x250x100
  convergence threshold = 1e-06
  convergence window size = 10
  number of levels = 4
  using the Mattes MI metric (number of bins = 32, weight = 1, use gradient filter = 0)
  preprocessing:  winsorizing the image intensities
  Shrink factors (level 1 out of 4): [8, 8, 8]
  Shrink factors (level 2 out of 4): [4, 4, 4]
  Shrink factors (level 3 out of 4): [2, 2, 2]
  Shrink factors (level 4 out of 4): [1, 1, 1]
  smoothing sigmas per level: [3, 2, 1, 0]
  regular sampling (percentage = 0.25)

*** Running AffineTransform registration ***

DIAGNOSTIC,Iteration,metricValue,convergenceValue,ITERATION_TIME_INDEX,SINCE_LAST
 2DIAGNOSTIC,     1, -6.596318150181e-01, 1.797693134862e+308, 7.8568e-01, 7.8568e-01, 
 2DIAGNOSTIC,     2, -6.622561606880e-01, 1.797693134862e+308, 7.9150e-01, 5.8229e-03, 
 2DIAGNOSTIC,     3, -6.668098321237e-01, 1.797693134862e+308, 7.9784e-01, 6.3369e-03, 
 2DIAGNOSTIC,     4, -6.738521356216e-01, 1.797693134862e+308, 8.0334e-01, 5.4970e-03, 
 2DIAGNOSTIC,     5, -6.830825486387e-01, 1.797693134862e+308, 8.0892e-01, 5.5828e-03, 
 2DIAGNOSTIC,     6, -6.959396082966e-01, 1.797693134862e+308, 8.1440e-01, 5.4770e-03, 
 2DIAGNOSTIC,     7, -7.087934024465e-01, 1.797693134862e+308, 8.2167e-01, 7.2699e-03, 
 2DIAGNOSTIC,     8, -7.136826971271e-01, 1.797693134862e+308, 8.2722e-01, 5.5492e-03, 
 2DIAGNOSTIC,     9, -7.222607751092e-01, 1.797693134862e+308, 8.3289e-01, 5.6760e-03, 
 2DIAGNOSTIC,    10, -7.235481036393e-01, 6.900161883869e-03, 8.3965e-01, 6.7589e-03, 
 2DIAGNOSTIC,    11, -7.217442884594e-01, 5.941168029009e-03, 8.4560e-01, 5.9519e-03, 
 2DIAGNOSTIC,    12, -7.208453581239e-01, 4.677404879688e-03, 8.5236e-01, 6.7608e-03, 
 2DIAGNOSTIC,    13, -7.210757734479e-01, 3.342692663334e-03, 8.5862e-01, 6.2609e-03, 
 2DIAGNOSTIC,    14, -7.211062413188e-01, 2.103731556755e-03, 8.6458e-01, 5.9600e-03, 
 2DIAGNOSTIC,    15, -7.213803249909e-01, 1.094848457725e-03, 8.7095e-01, 6.3679e-03, 
 2DIAGNOSTIC,    16, -7.211242585421e-01, 4.305295877198e-04, 8.7800e-01, 7.0479e-03, 
 2DIAGNOSTIC,    17, -7.208911391428e-01, 1.072932436562e-04, 8.8517e-01, 7.1669e-03, 
DIAGNOSTIC,Iteration,metricValue,convergenceValue,ITERATION_TIME_INDEX,SINCE_LAST
 2DIAGNOSTIC,     1, -5.956899489524e-01, 1.797693134862e+308, 1.7028e+00, 8.1761e-01, 
 2DIAGNOSTIC,     2, -5.959251177314e-01, 1.797693134862e+308, 1.7563e+00, 5.3577e-02, 
 2DIAGNOSTIC,     3, -5.959807149854e-01, 1.797693134862e+308, 1.8242e+00, 6.7850e-02, 
 2DIAGNOSTIC,     4, -5.959927009702e-01, 1.797693134862e+308, 1.8694e+00, 4.5169e-02, 
 2DIAGNOSTIC,     5, -5.959718698349e-01, 1.797693134862e+308, 1.9223e+00, 5.2903e-02, 
 2DIAGNOSTIC,     6, -5.959642129910e-01, 1.797693134862e+308, 1.9664e+00, 4.4083e-02, 
 2DIAGNOSTIC,     7, -5.959527741316e-01, 1.797693134862e+308, 2.0108e+00, 4.4413e-02, 
 2DIAGNOSTIC,     8, -5.959596426762e-01, 1.797693134862e+308, 2.0541e+00, 4.3302e-02, 
 2DIAGNOSTIC,     9, -5.959511160597e-01, 1.797693134862e+308, 2.1010e+00, 4.6973e-02, 
 2DIAGNOSTIC,    10, -5.959574268686e-01, 1.536583924464e-05, 2.1494e+00, 4.8371e-02, 
 2DIAGNOSTIC,    11, -5.959446757766e-01, 1.262337545146e-06, 2.1952e+00, 4.5795e-02, 
DIAGNOSTIC,Iteration,metricValue,convergenceValue,ITERATION_TIME_INDEX,SINCE_LAST
 2DIAGNOSTIC,     1, -5.225114935363e-01, 1.797693134862e+308, 3.4399e+00, 1.2447e+00, 
 2DIAGNOSTIC,     2, -5.228843543758e-01, 1.797693134862e+308, 3.7734e+00, 3.3356e-01, 
 2DIAGNOSTIC,     3, -5.232815045491e-01, 1.797693134862e+308, 4.2050e+00, 4.3160e-01, 
 2DIAGNOSTIC,     4, -5.235259996672e-01, 1.797693134862e+308, 4.5908e+00, 3.8572e-01, 
 2DIAGNOSTIC,     5, -5.235604138899e-01, 1.797693134862e+308, 5.0845e+00, 4.9369e-01, 
 2DIAGNOSTIC,     6, -5.236040263677e-01, 1.797693134862e+308, 5.4695e+00, 3.8500e-01, 
 2DIAGNOSTIC,     7, -5.236152447535e-01, 1.797693134862e+308, 5.8596e+00, 3.9015e-01, 
 2DIAGNOSTIC,     8, -5.236054599673e-01, 1.797693134862e+308, 6.2642e+00, 4.0458e-01, 
 2DIAGNOSTIC,     9, -5.236031183622e-01, 1.797693134862e+308, 6.6384e+00, 3.7421e-01, 
 2DIAGNOSTIC,    10, -5.236118938623e-01, 1.120387405562e-04, 6.9659e+00, 3.2747e-01, 
 2DIAGNOSTIC,    11, -5.236264879869e-01, 5.757685102881e-05, 7.3617e+00, 3.9580e-01, 
 2DIAGNOSTIC,    12, -5.236270709463e-01, 2.380365150853e-05, 7.7614e+00, 3.9970e-01, 
 2DIAGNOSTIC,    13, -5.236518032126e-01, 1.071136920128e-05, 8.1344e+00, 3.7302e-01, 
 2DIAGNOSTIC,    14, -5.236415883232e-01, 7.798482741156e-06, 8.4783e+00, 3.4391e-01, 
 2DIAGNOSTIC,    15, -5.236270445493e-01, 5.457451176402e-06, 8.9435e+00, 4.6525e-01, 
 2DIAGNOSTIC,    16, -5.236237994127e-01, 4.470863300313e-06, 9.2879e+00, 3.4432e-01, 
 2DIAGNOSTIC,    17, -5.236250677589e-01, 3.770291294614e-06, 9.5918e+00, 3.0392e-01, 
 2DIAGNOSTIC,    18, -5.236280966454e-01, 2.759902472692e-06, 1.0147e+01, 5.5563e-01, 
 2DIAGNOSTIC,    19, -5.236270110202e-01, 1.664411994527e-06, 1.0494e+01, 3.4651e-01, 
DIAGNOSTIC,Iteration,metricValue,convergenceValue,ITERATION_TIME_INDEX,SINCE_LAST
 2DIAGNOSTIC,     1, -4.778086835621e-01, 1.797693134862e+308, 1.3607e+01, 3.1135e+00, 
 2DIAGNOSTIC,     2, -4.780602323385e-01, 1.797693134862e+308, 1.5424e+01, 1.8169e+00, 
 2DIAGNOSTIC,     3, -4.783566988571e-01, 1.797693134862e+308, 1.7330e+01, 1.9057e+00, 
 2DIAGNOSTIC,     4, -4.786523867756e-01, 1.797693134862e+308, 1.9219e+01, 1.8889e+00, 
 2DIAGNOSTIC,     5, -4.790229676964e-01, 1.797693134862e+308, 2.1106e+01, 1.8869e+00, 
 2DIAGNOSTIC,     6, -4.794682632442e-01, 1.797693134862e+308, 2.3025e+01, 1.9189e+00, 
 2DIAGNOSTIC,     7, -4.801881067173e-01, 1.797693134862e+308, 2.5363e+01, 2.3381e+00, 
 2DIAGNOSTIC,     8, -4.805785978104e-01, 1.797693134862e+308, 2.7328e+01, 1.9647e+00, 
 2DIAGNOSTIC,     9, -4.810948701220e-01, 1.797693134862e+308, 2.9357e+01, 2.0291e+00, 
 2DIAGNOSTIC,    10, -4.823913703828e-01, 5.711842105902e-04, 3.1902e+01, 2.5452e+00, 
 2DIAGNOSTIC,    11, -4.828342199779e-01, 5.875615432082e-04, 3.3799e+01, 1.8969e+00, 
 2DIAGNOSTIC,    12, -4.833874393038e-01, 5.883018881659e-04, 3.5629e+01, 1.8298e+00, 
 2DIAGNOSTIC,    13, -4.849633129011e-01, 6.212456056091e-04, 3.8237e+01, 2.6089e+00, 
 2DIAGNOSTIC,    14, -4.856155365224e-01, 6.315558293301e-04, 4.0114e+01, 1.8766e+00, 
 2DIAGNOSTIC,    15, -4.870545768660e-01, 6.536437733693e-04, 4.2272e+01, 2.1580e+00, 
 2DIAGNOSTIC,    16, -4.885215853884e-01, 6.825423137444e-04, 4.4526e+01, 2.2536e+00, 
 2DIAGNOSTIC,    17, -4.890049097033e-01, 6.865637203557e-04, 4.6775e+01, 2.2490e+00, 
 2DIAGNOSTIC,    18, -4.892538912906e-01, 6.479751271211e-04, 4.8770e+01, 1.9954e+00, 
 2DIAGNOSTIC,    19, -4.900819687208e-01, 5.945528686873e-04, 5.1051e+01, 2.2813e+00, 
 2DIAGNOSTIC,    20, -4.904277730316e-01, 5.390181246715e-04, 5.3109e+01, 2.0577e+00, 
 2DIAGNOSTIC,    21, -4.905261594119e-01, 4.535644643953e-04, 5.5707e+01, 2.5984e+00, 
 2DIAGNOSTIC,    22, -4.905493460335e-01, 3.488268667445e-04, 5.7638e+01, 1.9305e+00, 
 2DIAGNOSTIC,    23, -4.906043263734e-01, 2.629459665888e-04, 6.0800e+01, 3.1623e+00, 
 2DIAGNOSTIC,    24, -4.906048842317e-01, 1.749891829118e-04, 6.3060e+01, 2.2593e+00, 
 2DIAGNOSTIC,    25, -4.906042951034e-01, 1.106386276372e-04, 6.6233e+01, 3.1738e+00, 
 2DIAGNOSTIC,    26, -4.906044565671e-01, 7.409399902044e-05, 6.8193e+01, 1.9594e+00, 
 2DIAGNOSTIC,    27, -4.906043921928e-01, 4.407369942134e-05, 7.0731e+01, 2.5386e+00, 
 2DIAGNOSTIC,    28, -4.906042935738e-01, 1.698462913972e-05, 7.2756e+01, 2.0243e+00, 
 2DIAGNOSTIC,    29, -4.906041936292e-01, 6.825780165816e-06, 7.4751e+01, 1.9949e+00, 
 2DIAGNOSTIC,    30, -4.906040901792e-01, 3.520768601523e-06, 7.6773e+01, 2.0222e+00, 
 2DIAGNOSTIC,    31, -4.906039911258e-01, 2.053807780067e-06, 7.8765e+01, 1.9923e+00, 
  Elapsed time (stage 0): 8.0029e+01


Total elapsed time: 8.0032e+01
Info [verificarlo]: loaded backend libinterflop_vprec.so
Info [interflop-vprec]: load backend with: 
Info [interflop-vprec]: precision-binary32 = 22
Info [interflop-vprec]: range-binary32 = 8
Info [interflop-vprec]: precision-binary64 = 22
Info [interflop-vprec]: range-binary64 = 8
Info [interflop-vprec]: mode = ob
Info [interflop-vprec]: error-mode = rel
Info [interflop-vprec]: max-abs-error-exponent = -1022
Info [interflop-vprec]: daz = false
Info [interflop-vprec]: ftz = false
Info [interflop-vprec]: 	instrument = none
Info [interflop-vprec]: 	prec-input-file = (null)
Info [interflop-vprec]: 	prec-output-file = (null)
Info [interflop-vprec]: 	prec-log-file = (null)
All_Command_lines_OK
Using double precision for computations.
=============================================================================
The composite transform comprises the following transforms (in order): 
