
##########################
# Experiment information #
##########################

EXPERIMENT_NAME: antsRegistration-r8-p20
VFC_BACKENDS: libinterflop_vprec.so --range-binary32=8 --precision-binary32=20 --range-binary64=8 --precision-binary64=20

SIF_IMG: /home/mdugre/projects/rrg-glatard/mdugre/containers/ants-vprec-no_metrics.simg

SUBJECT_ID: s014
INPUT_IMG: /home/mdugre/scratch/mri-registration-rp/datasets/ds004513/derivatives/mri-registration-rp/antsBrainExtraction/sub-s014/BrainExtractionBrain.nii.gz
OUTPUT_DIR: /home/mdugre/scratch/mri-registration-rp/datasets/ds004513/derivatives/mri-registration-rp/0001/antsRegistration-r8-p20/sub-s014

FIXED_IMG: /templateflow/tpl-MNI152NLin2009cAsym/tpl-MNI152NLin2009cAsym_res-01_desc-brain_T1w.nii.gz
DATA_DIR: /home/mdugre/scratch/mri-registration-rp/datasets/ds004513
TEMPLATEFLOW_DIR: /home/mdugre/projects/rrg-glatard/mdugre/templateflow
ITK_GLOBAL_DEFAULT_NUMBER_OF_THREADS: 16
##########################

Info [verificarlo]: loaded backend libinterflop_ieee.so
Info [interflop-ieee]: load backend with:
Info [interflop-ieee]: debug = false
Info [interflop-ieee]: debug-binary = false
Info [interflop-ieee]: no-backend-name = false
Info [interflop-ieee]: print-new-line = false
Info [interflop-ieee]: print-subnormal-normalized = false
Info [interflop-ieee]: count-op = false
All_Command_lines_OK
Using double precision for computations.
=============================================================================
The composite transform comprises the following transforms (in order): 
  1. Center of mass alignment using fixed image: /templateflow/tpl-MNI152NLin2009cAsym/tpl-MNI152NLin2009cAsym_res-01_desc-brain_T1w.nii.gz and moving image: /home/mdugre/scratch/mri-registration-rp/datasets/ds004513/derivatives/mri-registration-rp/antsBrainExtraction/sub-s014/BrainExtractionBrain.nii.gz (type = Euler3DTransform)
=============================================================================
  number of levels = 1
  fixed image: /templateflow/tpl-MNI152NLin2009cAsym/tpl-MNI152NLin2009cAsym_res-01_desc-brain_T1w.nii.gz
  moving image: /home/mdugre/scratch/mri-registration-rp/datasets/ds004513/derivatives/mri-registration-rp/antsBrainExtraction/sub-s014/BrainExtractionBrain.nii.gz
Dimension = 3
Number of stages = 1
Use histogram matching = false
Winsorize image intensities = true
  Lower quantile = 0.005
  Upper quantile = 0.995


Stage 1 State
   Image metric = MattesMI
     Fixed image = Image (0x3c90e70)
  RTTI typeinfo:   itk::Image<double, 3u>
  Reference Count: 2
  Modified Time: 2334
  Debug: Off
  Object Name: 
  Observers: 
    none
  Source: (none)
  Source output name: (none)
  Release Data: Off
  Data Released: False
  Global Release Data: Off
  PipelineMTime: 0
  UpdateMTime: 1943
  RealTimeStamp: 0 seconds 
  LargestPossibleRegion: 
    Dimension: 3
    Index: [0, 0, 0]
    Size: [193, 229, 193]
  BufferedRegion: 
    Dimension: 3
    Index: [0, 0, 0]
    Size: [193, 229, 193]
  RequestedRegion: 
    Dimension: 3
    Index: [0, 0, 0]
    Size: [193, 229, 193]
  Spacing: [1, 1, 1]
  Origin: [96, 132, -78]
  Direction: 
-1 0 0
0 -1 0
0 0 1

  IndexToPointMatrix: 
-1 0 0
0 -1 0
0 0 1

  PointToIndexMatrix: 
-1 0 0
0 -1 0
0 0 1

  Inverse Direction: 
-1 0 0
0 -1 0
0 0 1

  PixelContainer: 
    ImportImageContainer (0x3c9d140)
      RTTI typeinfo:   itk::ImportImageContainer<unsigned long, double>
      Reference Count: 1
      Modified Time: 1940
      Debug: Off
      Object Name: 
      Observers: 
        none
      Pointer: 0x146bded69010
      Container manages memory: true
      Size: 8530021
      Capacity: 8530021

     Moving image = Image (0x3c9a310)
  RTTI typeinfo:   itk::Image<double, 3u>
  Reference Count: 2
  Modified Time: 2335
  Debug: Off
  Object Name: 
  Observers: 
    none
  Source: (none)
  Source output name: (none)
  Release Data: Off
  Data Released: False
  Global Release Data: Off
  PipelineMTime: 0
  UpdateMTime: 2332
  RealTimeStamp: 0 seconds 
  LargestPossibleRegion: 
    Dimension: 3
    Index: [0, 0, 0]
    Size: [160, 240, 256]
  BufferedRegion: 
    Dimension: 3
    Index: [0, 0, 0]
    Size: [160, 240, 256]
  RequestedRegion: 
    Dimension: 3
    Index: [0, 0, 0]
    Size: [160, 240, 256]
  Spacing: [0.999999, 1, 1]
  Origin: [84.1637, 106.709, -120.531]
  Direction: 
-0.999619 -0.0226874 -0.0157033
0.0226846 -0.999743 0.00035635
-0.0157073 -7.8229e-09 0.999877

  IndexToPointMatrix: 
-0.999619 -0.0226874 -0.0157033
0.0226845 -0.999743 0.00035635
-0.0157073 -7.8229e-09 0.999877

  PointToIndexMatrix: 
-0.99962 0.0226846 -0.0157073
-0.0226874 -0.999743 -7.83127e-09
-0.0157033 0.00035635 0.999877

  Inverse Direction: 
-0.999619 0.0226846 -0.0157073
-0.0226874 -0.999743 -7.83127e-09
-0.0157033 0.00035635 0.999877

  PixelContainer: 
    ImportImageContainer (0x3dc5610)
      RTTI typeinfo:   itk::ImportImageContainer<unsigned long, double>
      Reference Count: 1
      Modified Time: 2329
      Debug: Off
      Object Name: 
      Observers: 
        none
      Pointer: 0x146bda268010
      Container manages memory: true
      Size: 9830400
      Capacity: 9830400

     Weighting = 1
     Sampling strategy = regular
     Number of bins = 32
     Radius = 4
     Sampling percentage  = 0.25
   Transform = Rigid
     Gradient step = 0.1
     Update field sigma (voxel space) = 0
     Total field sigma (voxel space) = 0
     Update field time sigma = 0
     Total field time sigma  = 0
     Number of time indices = 0
     Number of time point samples = 0
Registration using 1 total stages.

Stage 0
  iterations = 0
  convergence threshold = 1e-06
  convergence window size = 10
  number of levels = 1
  using the Mattes MI metric (number of bins = 32, weight = 1, use gradient filter = 0)
  preprocessing:  winsorizing the image intensities
  Shrink factors (level 1 out of 1): [1, 1, 1]
  smoothing sigmas per level: [0]
  regular sampling (percentage = 0.25)

*** Running Euler3DTransform registration ***

  Elapsed time (stage 0): 1.17645


Total elapsed time: 1.18682
Info [verificarlo]: loaded backend libinterflop_ieee.so
Info [interflop-ieee]: load backend with:
Info [interflop-ieee]: debug = false
Info [interflop-ieee]: debug-binary = false
Info [interflop-ieee]: no-backend-name = false
Info [interflop-ieee]: print-new-line = false
Info [interflop-ieee]: print-subnormal-normalized = false
Info [interflop-ieee]: count-op = false
All_Command_lines_OK
Using double precision for computations.
=============================================================================
The composite transform comprises the following transforms (in order): 
  1. /home/mdugre/scratch/mri-registration-rp/datasets/ds004513/derivatives/mri-registration-rp/0001/antsRegistration-r8-p20/sub-s014/align_Composite.h5[0] (type = Euler3DTransform)
  2. /home/mdugre/scratch/mri-registration-rp/datasets/ds004513/derivatives/mri-registration-rp/0001/antsRegistration-r8-p20/sub-s014/align_Composite.h5[1] (type = Euler3DTransform)
=============================================================================
  number of levels = 4
  fixed image: /templateflow/tpl-MNI152NLin2009cAsym/tpl-MNI152NLin2009cAsym_res-01_desc-brain_T1w.nii.gz
  moving image: /home/mdugre/scratch/mri-registration-rp/datasets/ds004513/derivatives/mri-registration-rp/antsBrainExtraction/sub-s014/BrainExtractionBrain.nii.gz
Dimension = 3
Number of stages = 1
Use histogram matching = false
Winsorize image intensities = true
  Lower quantile = 0.005
  Upper quantile = 0.995


Stage 1 State
   Image metric = MattesMI
     Fixed image = Image (0x4e93530)
  RTTI typeinfo:   itk::Image<double, 3u>
  Reference Count: 2
  Modified Time: 1580
  Debug: Off
  Object Name: 
  Observers: 
    none
  Source: (none)
  Source output name: (none)
  Release Data: Off
  Data Released: False
  Global Release Data: Off
  PipelineMTime: 0
  UpdateMTime: 1189
  RealTimeStamp: 0 seconds 
  LargestPossibleRegion: 
    Dimension: 3
    Index: [0, 0, 0]
    Size: [193, 229, 193]
  BufferedRegion: 
    Dimension: 3
    Index: [0, 0, 0]
    Size: [193, 229, 193]
  RequestedRegion: 
    Dimension: 3
    Index: [0, 0, 0]
    Size: [193, 229, 193]
  Spacing: [1, 1, 1]
  Origin: [96, 132, -78]
  Direction: 
-1 0 0
0 -1 0
0 0 1

  IndexToPointMatrix: 
-1 0 0
0 -1 0
0 0 1

  PointToIndexMatrix: 
-1 0 0
0 -1 0
0 0 1

  Inverse Direction: 
-1 0 0
0 -1 0
0 0 1

  PixelContainer: 
    ImportImageContainer (0x4f51d60)
      RTTI typeinfo:   itk::ImportImageContainer<unsigned long, double>
      Reference Count: 1
      Modified Time: 1186
      Debug: Off
      Object Name: 
      Observers: 
        none
      Pointer: 0x1526d5258010
      Container manages memory: true
      Size: 8530021
      Capacity: 8530021

     Moving image = Image (0x4f43f60)
  RTTI typeinfo:   itk::Image<double, 3u>
  Reference Count: 2
  Modified Time: 1581
  Debug: Off
  Object Name: 
  Observers: 
    none
  Source: (none)
  Source output name: (none)
  Release Data: Off
  Data Released: False
  Global Release Data: Off
  PipelineMTime: 0
  UpdateMTime: 1578
  RealTimeStamp: 0 seconds 
  LargestPossibleRegion: 
    Dimension: 3
    Index: [0, 0, 0]
    Size: [160, 240, 256]
  BufferedRegion: 
    Dimension: 3
    Index: [0, 0, 0]
    Size: [160, 240, 256]
  RequestedRegion: 
    Dimension: 3
    Index: [0, 0, 0]
    Size: [160, 240, 256]
  Spacing: [0.999999, 1, 1]
  Origin: [84.1637, 106.709, -120.531]
  Direction: 
-0.999619 -0.0226874 -0.0157033
0.0226846 -0.999743 0.00035635
-0.0157073 -7.8229e-09 0.999877

  IndexToPointMatrix: 
-0.999619 -0.0226874 -0.0157033
0.0226845 -0.999743 0.00035635
-0.0157073 -7.8229e-09 0.999877

  PointToIndexMatrix: 
-0.99962 0.0226846 -0.0157073
-0.0226874 -0.999743 -7.83127e-09
-0.0157033 0.00035635 0.999877

  Inverse Direction: 
-0.999619 0.0226846 -0.0157073
-0.0226874 -0.999743 -7.83127e-09
-0.0157033 0.00035635 0.999877

  PixelContainer: 
    ImportImageContainer (0x4f356d0)
      RTTI typeinfo:   itk::ImportImageContainer<unsigned long, double>
      Reference Count: 1
      Modified Time: 1575
      Debug: Off
      Object Name: 
      Observers: 
        none
      Pointer: 0x1526d0757010
      Container manages memory: true
      Size: 9830400
      Capacity: 9830400

     Weighting = 1
     Sampling strategy = regular
     Number of bins = 32
     Radius = 4
     Sampling percentage  = 0.25
   Transform = Rigid
     Gradient step = 0.1
     Update field sigma (voxel space) = 0
     Total field sigma (voxel space) = 0
     Update field time sigma = 0
     Total field time sigma  = 0
     Number of time indices = 0
     Number of time point samples = 0
Registration using 1 total stages.

Stage 0
  iterations = 1000x500x250x100
  convergence threshold = 1e-06
  convergence window size = 10
  number of levels = 4
  using the Mattes MI metric (number of bins = 32, weight = 1, use gradient filter = 0)
  preprocessing:  winsorizing the image intensities
  Shrink factors (level 1 out of 4): [8, 8, 8]
  Shrink factors (level 2 out of 4): [4, 4, 4]
  Shrink factors (level 3 out of 4): [2, 2, 2]
  Shrink factors (level 4 out of 4): [1, 1, 1]
  smoothing sigmas per level: [3, 2, 1, 0]
  regular sampling (percentage = 0.25)

*** Running Euler3DTransform registration ***

DIAGNOSTIC,Iteration,metricValue,convergenceValue,ITERATION_TIME_INDEX,SINCE_LAST
 2DIAGNOSTIC,     1, -4.770821406565e-01, 1.797693134862e+308, 7.5351e-01, 7.5351e-01, 
 2DIAGNOSTIC,     2, -4.784216133942e-01, 1.797693134862e+308, 7.5967e-01, 6.1560e-03, 
 2DIAGNOSTIC,     3, -4.807043200681e-01, 1.797693134862e+308, 7.6601e-01, 6.3438e-03, 
 2DIAGNOSTIC,     4, -4.840264478065e-01, 1.797693134862e+308, 7.7149e-01, 5.4791e-03, 
 2DIAGNOSTIC,     5, -4.883050305770e-01, 1.797693134862e+308, 7.7685e-01, 5.3639e-03, 
 2DIAGNOSTIC,     6, -4.953560426371e-01, 1.797693134862e+308, 7.8345e-01, 6.5961e-03, 
 2DIAGNOSTIC,     7, -5.007350570384e-01, 1.797693134862e+308, 7.8900e-01, 5.5470e-03, 
 2DIAGNOSTIC,     8, -5.013278569503e-01, 1.797693134862e+308, 7.9364e-01, 4.6430e-03, 
 2DIAGNOSTIC,     9, -5.085255256006e-01, 1.797693134862e+308, 7.9986e-01, 6.2170e-03, 
 2DIAGNOSTIC,    10, -5.161992633656e-01, 5.125196520979e-03, 8.0734e-01, 7.4880e-03, 
 2DIAGNOSTIC,    11, -5.167072941437e-01, 4.879252931146e-03, 8.1224e-01, 4.8909e-03, 
 2DIAGNOSTIC,    12, -5.203629876260e-01, 4.481282734468e-03, 8.1788e-01, 5.6400e-03, 
 2DIAGNOSTIC,    13, -5.229718709777e-01, 3.958672533579e-03, 8.2312e-01, 5.2490e-03, 
 2DIAGNOSTIC,    14, -5.250338110829e-01, 3.368007801722e-03, 8.2920e-01, 6.0709e-03, 
 2DIAGNOSTIC,    15, -5.272078697647e-01, 2.786121483388e-03, 8.3837e-01, 9.1751e-03, 
 2DIAGNOSTIC,    16, -5.275715603977e-01, 2.284098302159e-03, 8.4375e-01, 5.3830e-03, 
 2DIAGNOSTIC,    17, -5.282507656510e-01, 1.839921123735e-03, 8.4935e-01, 5.5921e-03, 
 2DIAGNOSTIC,    18, -5.289722876065e-01, 1.313912041893e-03, 8.5527e-01, 5.9202e-03, 
 2DIAGNOSTIC,    19, -5.292207410111e-01, 9.370568707328e-04, 8.6157e-01, 6.3012e-03, 
 2DIAGNOSTIC,    20, -5.294476960672e-01, 7.341365573339e-04, 8.7268e-01, 1.1112e-02, 
 2DIAGNOSTIC,    21, -5.294955840903e-01, 4.966190831887e-04, 8.7814e-01, 5.4638e-03, 
 2DIAGNOSTIC,    22, -5.295366245031e-01, 3.281311959356e-04, 8.8335e-01, 5.2040e-03, 
 2DIAGNOSTIC,    23, -5.295376311909e-01, 2.063244245694e-04, 8.8871e-01, 5.3658e-03, 
 2DIAGNOSTIC,    24, -5.295911249027e-01, 1.234508389580e-04, 8.9388e-01, 5.1651e-03, 
 2DIAGNOSTIC,    25, -5.296271130646e-01, 8.499150549764e-05, 8.9920e-01, 5.3201e-03, 
 2DIAGNOSTIC,    26, -5.296539599385e-01, 4.983583932620e-05, 9.0398e-01, 4.7779e-03, 
 2DIAGNOSTIC,    27, -5.297704229812e-01, 2.877322816201e-05, 9.0898e-01, 5.0058e-03, 
 2DIAGNOSTIC,    28, -5.299884954874e-01, 2.504887533882e-05, 9.1545e-01, 6.4690e-03, 
 2DIAGNOSTIC,    29, -5.300854192463e-01, 2.569611954346e-05, 9.2073e-01, 5.2781e-03, 
 2DIAGNOSTIC,    30, -5.300410324623e-01, 2.732899346310e-05, 9.2550e-01, 4.7722e-03, 
 2DIAGNOSTIC,    31, -5.300376932143e-01, 2.724560550255e-05, 9.3022e-01, 4.7200e-03, 
 2DIAGNOSTIC,    32, -5.301686264232e-01, 2.763232920152e-05, 9.3513e-01, 4.9109e-03, 
 2DIAGNOSTIC,    33, -5.303926738417e-01, 2.905769096692e-05, 9.4084e-01, 5.7101e-03, 
 2DIAGNOSTIC,    34, -5.304519664597e-01, 2.945835347343e-05, 9.4652e-01, 5.6741e-03, 
 2DIAGNOSTIC,    35, -5.305073139181e-01, 2.868169326670e-05, 9.5119e-01, 4.6761e-03, 
 2DIAGNOSTIC,    36, -5.305686017145e-01, 2.670517371191e-05, 9.5903e-01, 7.8411e-03, 
 2DIAGNOSTIC,    37, -5.306602858939e-01, 2.533264910369e-05, 9.6527e-01, 6.2361e-03, 
 2DIAGNOSTIC,    38, -5.306881156228e-01, 2.512162423686e-05, 9.6980e-01, 4.5311e-03, 
 2DIAGNOSTIC,    39, -5.307317416633e-01, 2.461885297669e-05, 9.7441e-01, 4.6129e-03, 
 2DIAGNOSTIC,    40, -5.308225091352e-01, 2.257034275812e-05, 9.8060e-01, 6.1870e-03, 
 2DIAGNOSTIC,    41, -5.308460424124e-01, 1.877385526376e-05, 9.8515e-01, 4.5471e-03, 
 2DIAGNOSTIC,    42, -5.308561837321e-01, 1.520831958054e-05, 9.8976e-01, 4.6110e-03, 
 2DIAGNOSTIC,    43, -5.308777649273e-01, 1.355835178083e-05, 9.9437e-01, 4.6141e-03, 
 2DIAGNOSTIC,    44, -5.309114036110e-01, 1.190613945251e-05, 9.9898e-01, 4.6051e-03, 
 2DIAGNOSTIC,    45, -5.310262965518e-01, 1.129423567443e-05, 1.0063e+00, 7.2958e-03, 
 2DIAGNOSTIC,    46, -5.310374074445e-01, 1.049838942798e-05, 1.0108e+00, 4.4940e-03, 
 2DIAGNOSTIC,    47, -5.310434720121e-01, 9.962263456152e-06, 1.0153e+00, 4.5469e-03, 
 2DIAGNOSTIC,    48, -5.310518853633e-01, 8.989886111019e-06, 1.0199e+00, 4.5540e-03, 
 2DIAGNOSTIC,    49, -5.310584329536e-01, 7.783359503646e-06, 1.0260e+00, 6.1729e-03, 
 2DIAGNOSTIC,    50, -5.310645817646e-01, 6.973833584480e-06, 1.0325e+00, 6.4950e-03, 
 2DIAGNOSTIC,    51, -5.310656430617e-01, 5.851695600721e-06, 1.0373e+00, 4.7820e-03, 
 2DIAGNOSTIC,    52, -5.310738190001e-01, 4.481863509802e-06, 1.0564e+00, 1.9096e-02, 
 2DIAGNOSTIC,    53, -5.310768127969e-01, 3.049471521493e-06, 1.0612e+00, 4.7522e-03, 
 2DIAGNOSTIC,    54, -5.310775506016e-01, 1.750844720247e-06, 1.0662e+00, 5.0371e-03, 
 2DIAGNOSTIC,    55, -5.310817434211e-01, 1.565716413077e-06, 1.0710e+00, 4.8280e-03, 
 2DIAGNOSTIC,    56, -5.310870994121e-01, 1.452195857524e-06, 1.0766e+00, 5.5299e-03, 
 2DIAGNOSTIC,    57, -5.310885232961e-01, 1.327089154915e-06, 1.0819e+00, 5.2898e-03, 
 2DIAGNOSTIC,    58, -5.310914487850e-01, 1.238639650972e-06, 1.0871e+00, 5.2662e-03, 
 2DIAGNOSTIC,    59, -5.311015678587e-01, 1.240623596497e-06, 1.0930e+00, 5.8401e-03, 
 2DIAGNOSTIC,    60, -5.311021904297e-01, 1.235244578849e-06, 1.0977e+00, 4.6930e-03, 
 2DIAGNOSTIC,    61, -5.311059901820e-01, 1.204917779073e-06, 1.1127e+00, 1.5084e-02, 
 2DIAGNOSTIC,    62, -5.311059901659e-01, 1.182103197397e-06, 1.1277e+00, 1.4928e-02, 
 2DIAGNOSTIC,    63, -5.311059901659e-01, 1.122797857890e-06, 1.1377e+00, 1.0020e-02, 
 2DIAGNOSTIC,    64, -5.311059901659e-01, 1.011506956645e-06, 1.1436e+00, 5.9140e-03, 
DIAGNOSTIC,Iteration,metricValue,convergenceValue,ITERATION_TIME_INDEX,SINCE_LAST
 2DIAGNOSTIC,     1, -4.295258231625e-01, 1.797693134862e+308, 1.8629e+00, 7.1926e-01, 
 2DIAGNOSTIC,     2, -4.302859640431e-01, 1.797693134862e+308, 1.8942e+00, 3.1357e-02, 
 2DIAGNOSTIC,     3, -4.309651196675e-01, 1.797693134862e+308, 1.9271e+00, 3.2883e-02, 
 2DIAGNOSTIC,     4, -4.317164347764e-01, 1.797693134862e+308, 1.9606e+00, 3.3452e-02, 
 2DIAGNOSTIC,     5, -4.325561938345e-01, 1.797693134862e+308, 1.9930e+00, 3.2439e-02, 
 2DIAGNOSTIC,     6, -4.341819580778e-01, 1.797693134862e+308, 2.0256e+00, 3.2562e-02, 
 2DIAGNOSTIC,     7, -4.354327949460e-01, 1.797693134862e+308, 2.0586e+00, 3.3089e-02, 
 2DIAGNOSTIC,     8, -4.367134834399e-01, 1.797693134862e+308, 2.0938e+00, 3.5142e-02, 
 2DIAGNOSTIC,     9, -4.377076816052e-01, 1.797693134862e+308, 2.1367e+00, 4.2917e-02, 
 2DIAGNOSTIC,    10, -4.379510214292e-01, 1.375954781895e-03, 2.1672e+00, 3.0461e-02, 
 2DIAGNOSTIC,    11, -4.381306699706e-01, 1.211218579676e-03, 2.1976e+00, 3.0436e-02, 
 2DIAGNOSTIC,    12, -4.403708091227e-01, 1.128184042315e-03, 2.2336e+00, 3.5955e-02, 
 2DIAGNOSTIC,    13, -4.435986505944e-01, 1.148562288971e-03, 2.2745e+00, 4.0910e-02, 
 2DIAGNOSTIC,    14, -4.436199448436e-01, 1.094787364406e-03, 2.3047e+00, 3.0247e-02, 
 2DIAGNOSTIC,    15, -4.445052018124e-01, 1.025845797974e-03, 2.3394e+00, 3.4690e-02, 
 2DIAGNOSTIC,    16, -4.479362667478e-01, 1.077370596925e-03, 2.3817e+00, 4.2327e-02, 
 2DIAGNOSTIC,    17, -4.481475950978e-01, 1.073587594469e-03, 2.4121e+00, 3.0384e-02, 
 2DIAGNOSTIC,    18, -4.482020490598e-01, 1.018146306373e-03, 2.4459e+00, 3.3807e-02, 
 2DIAGNOSTIC,    19, -4.481966708880e-01, 9.107728252234e-04, 2.5002e+00, 5.4279e-02, 
 2DIAGNOSTIC,    20, -4.481953336256e-01, 7.394369062209e-04, 2.5297e+00, 2.9489e-02, 
 2DIAGNOSTIC,    21, -4.481954334428e-01, 5.189437693962e-04, 2.5659e+00, 3.6222e-02, 
 2DIAGNOSTIC,    22, -4.482018534098e-01, 3.337448796506e-04, 2.6001e+00, 3.4182e-02, 
 2DIAGNOSTIC,    23, -4.481921491950e-01, 2.259319871688e-04, 2.6292e+00, 2.9118e-02, 
 2DIAGNOSTIC,    24, -4.482074312948e-01, 1.077320594253e-04, 2.6655e+00, 3.6330e-02, 
 2DIAGNOSTIC,    25, -4.482144438970e-01, 9.691655139574e-06, 2.7011e+00, 3.5529e-02, 
 2DIAGNOSTIC,    26, -4.482116709851e-01, 3.273677974529e-06, 2.7362e+00, 3.5179e-02, 
 2DIAGNOSTIC,    27, -4.482088353308e-01, 2.084623862961e-06, 2.7715e+00, 3.5207e-02, 
 2DIAGNOSTIC,    28, -4.482139219675e-01, 2.274301219476e-06, 2.8020e+00, 3.0541e-02, 
 2DIAGNOSTIC,    29, -4.482420865995e-01, 2.842582907593e-06, 2.8368e+00, 3.4832e-02, 
 2DIAGNOSTIC,    30, -4.482455732262e-01, 3.232683641850e-06, 2.8741e+00, 3.7273e-02, 
 2DIAGNOSTIC,    31, -4.482405886008e-01, 3.298135509824e-06, 2.9058e+00, 3.1699e-02, 
 2DIAGNOSTIC,    32, -4.482290914416e-01, 3.068919137039e-06, 2.9390e+00, 3.3220e-02, 
 2DIAGNOSTIC,    33, -4.482261086988e-01, 2.406542229542e-06, 3.0126e+00, 7.3629e-02, 
 2DIAGNOSTIC,    34, -4.482147420824e-01, 1.704266539337e-06, 3.0483e+00, 3.5643e-02, 
 2DIAGNOSTIC,    35, -4.482170221197e-01, 1.142410540958e-06, 3.0798e+00, 3.1520e-02, 
DIAGNOSTIC,Iteration,metricValue,convergenceValue,ITERATION_TIME_INDEX,SINCE_LAST
 2DIAGNOSTIC,     1, -3.932184618133e-01, 1.797693134862e+308, 4.2143e+00, 1.1344e+00, 
 2DIAGNOSTIC,     2, -3.933350080105e-01, 1.797693134862e+308, 4.4613e+00, 2.4703e-01, 
 2DIAGNOSTIC,     3, -3.934316047053e-01, 1.797693134862e+308, 4.6938e+00, 2.3247e-01, 
 2DIAGNOSTIC,     4, -3.934445200924e-01, 1.797693134862e+308, 4.9966e+00, 3.0285e-01, 
 2DIAGNOSTIC,     5, -3.934561040610e-01, 1.797693134862e+308, 5.3119e+00, 3.1530e-01, 
 2DIAGNOSTIC,     6, -3.934557399649e-01, 1.797693134862e+308, 5.6468e+00, 3.3485e-01, 
 2DIAGNOSTIC,     7, -3.934568947090e-01, 1.797693134862e+308, 6.1153e+00, 4.6851e-01, 
 2DIAGNOSTIC,     8, -3.934560025906e-01, 1.797693134862e+308, 6.4112e+00, 2.9594e-01, 
 2DIAGNOSTIC,     9, -3.934553706613e-01, 1.797693134862e+308, 6.7514e+00, 3.4019e-01, 
 2DIAGNOSTIC,    10, -3.934548434996e-01, 2.950388267996e-05, 7.0626e+00, 3.1119e-01, 
 2DIAGNOSTIC,    11, -3.934535150035e-01, 1.251787685179e-05, 7.4088e+00, 3.4619e-01, 
 2DIAGNOSTIC,    12, -3.934529102955e-01, 4.334106636292e-06, 7.6999e+00, 2.9113e-01, 
 2DIAGNOSTIC,    13, -3.934523311519e-01, 2.580302074243e-06, 7.9595e+00, 2.5960e-01, 
 2DIAGNOSTIC,    14, -3.934518640076e-01, 1.691075412494e-06, 8.2931e+00, 3.3360e-01, 
 2DIAGNOSTIC,    15, -3.934519733609e-01, 1.537715203559e-06, 8.5521e+00, 2.5898e-01, 
 2DIAGNOSTIC,    16, -3.934513608728e-01, 1.410840040003e-06, 8.8124e+00, 2.6029e-01, 
 2DIAGNOSTIC,    17, -3.934508379443e-01, 1.380509618287e-06, 9.1163e+00, 3.0393e-01, 
 2DIAGNOSTIC,    18, -3.934502558931e-01, 1.340256983159e-06, 9.3470e+00, 2.3072e-01, 
 2DIAGNOSTIC,    19, -3.934497850925e-01, 1.301860520393e-06, 9.6218e+00, 2.7481e-01, 
 2DIAGNOSTIC,    20, -3.934499620802e-01, 1.290039431966e-06, 9.8550e+00, 2.3320e-01, 
 2DIAGNOSTIC,    21, -3.934502604100e-01, 1.271710337564e-06, 1.0078e+01, 2.2327e-01, 
 2DIAGNOSTIC,    22, -3.934498714769e-01, 1.245514241376e-06, 1.0338e+01, 2.5935e-01, 
 2DIAGNOSTIC,    23, -3.934501306405e-01, 1.231426936553e-06, 1.0603e+01, 2.6568e-01, 
 2DIAGNOSTIC,    24, -3.934495534875e-01, 1.200792383589e-06, 1.0852e+01, 2.4858e-01, 
 2DIAGNOSTIC,    25, -3.934490926786e-01, 1.174527766254e-06, 1.1096e+01, 2.4392e-01, 
 2DIAGNOSTIC,    26, -3.934495815462e-01, 1.156238084971e-06, 1.1359e+01, 2.6343e-01, 
 2DIAGNOSTIC,    27, -3.934510332057e-01, 1.170201583807e-06, 1.1673e+01, 3.1340e-01, 
 2DIAGNOSTIC,    28, -3.934498669429e-01, 1.138213944402e-06, 1.1970e+01, 2.9740e-01, 
 2DIAGNOSTIC,    29, -3.934494067090e-01, 1.086573169252e-06, 1.2219e+01, 2.4910e-01, 
 2DIAGNOSTIC,    30, -3.934490070165e-01, 1.034518129196e-06, 1.2501e+01, 2.8163e-01, 
 2DIAGNOSTIC,    31, -3.934493551384e-01, 1.002859511018e-06, 1.2732e+01, 2.3107e-01, 
 2DIAGNOSTIC,    32, -3.934514388160e-01, 1.012149825841e-06, 1.2992e+01, 2.5973e-01, 
 2DIAGNOSTIC,    33, -3.934519790839e-01, 1.036071856850e-06, 1.3243e+01, 2.5187e-01, 
 2DIAGNOSTIC,    34, -3.934514161215e-01, 1.029042858657e-06, 1.3525e+01, 2.8148e-01, 
 2DIAGNOSTIC,    35, -3.934525147595e-01, 1.027695360749e-06, 1.3808e+01, 2.8329e-01, 
 2DIAGNOSTIC,    36, -3.934539683187e-01, 1.051995519398e-06, 1.4133e+01, 3.2430e-01, 
 2DIAGNOSTIC,    37, -3.934536116631e-01, 1.079271367974e-06, 1.4411e+01, 2.7873e-01, 
 2DIAGNOSTIC,    38, -3.934525130021e-01, 1.042002295584e-06, 1.4710e+01, 2.9874e-01, 
DIAGNOSTIC,Iteration,metricValue,convergenceValue,ITERATION_TIME_INDEX,SINCE_LAST
 2DIAGNOSTIC,     1, -3.660000231549e-01, 1.797693134862e+308, 1.7251e+01, 2.5410e+00, 
 2DIAGNOSTIC,     2, -3.661006044490e-01, 1.797693134862e+308, 1.8862e+01, 1.6114e+00, 
 2DIAGNOSTIC,     3, -3.661940053251e-01, 1.797693134862e+308, 2.0558e+01, 1.6957e+00, 
 2DIAGNOSTIC,     4, -3.662025643765e-01, 1.797693134862e+308, 2.3530e+01, 2.9716e+00, 
 2DIAGNOSTIC,     5, -3.662022977184e-01, 1.797693134862e+308, 2.5685e+01, 2.1555e+00, 
 2DIAGNOSTIC,     6, -3.662022733048e-01, 1.797693134862e+308, 2.7210e+01, 1.5251e+00, 
 2DIAGNOSTIC,     7, -3.662021510208e-01, 1.797693134862e+308, 2.8764e+01, 1.5536e+00, 
 2DIAGNOSTIC,     8, -3.662021104568e-01, 1.797693134862e+308, 3.0536e+01, 1.7725e+00, 
 2DIAGNOSTIC,     9, -3.662019867411e-01, 1.797693134862e+308, 3.2336e+01, 1.7997e+00, 
 2DIAGNOSTIC,    10, -3.662019340469e-01, 2.615307497855e-05, 3.3929e+01, 1.5928e+00, 
 2DIAGNOSTIC,    11, -3.662019021195e-01, 1.049209228625e-05, 3.5700e+01, 1.7714e+00, 
 2DIAGNOSTIC,    12, -3.662017877643e-01, 3.091362011057e-06, 3.7320e+01, 1.6196e+00, 
 2DIAGNOSTIC,    13, -3.662019075487e-01, 2.358435340716e-06, 3.8793e+01, 1.4728e+00, 
 2DIAGNOSTIC,    14, -3.662018586910e-01, 2.210206274417e-06, 4.0422e+01, 1.6298e+00, 
 2DIAGNOSTIC,    15, -3.662018919938e-01, 2.075386465072e-06, 4.1974e+01, 1.5514e+00, 
 2DIAGNOSTIC,    16, -3.662018421181e-01, 1.958104281163e-06, 4.3397e+01, 1.4232e+00, 
 2DIAGNOSTIC,    17, -3.662017315463e-01, 1.846828504404e-06, 4.4790e+01, 1.3934e+00, 
 2DIAGNOSTIC,    18, -3.662016584348e-01, 1.745449661264e-06, 4.6312e+01, 1.5219e+00, 
 2DIAGNOSTIC,    19, -3.662015876127e-01, 1.648798701015e-06, 4.7933e+01, 1.6211e+00, 
 2DIAGNOSTIC,    20, -3.662013732725e-01, 1.553843681473e-06, 4.9441e+01, 1.5078e+00, 
 2DIAGNOSTIC,    21, -3.662013254736e-01, 1.468744392677e-06, 5.1348e+01, 1.9065e+00, 
 2DIAGNOSTIC,    22, -3.662011170162e-01, 1.384171140976e-06, 5.3000e+01, 1.6524e+00, 
 2DIAGNOSTIC,    23, -3.662008967060e-01, 1.309503360428e-06, 5.4409e+01, 1.4090e+00, 
 2DIAGNOSTIC,    24, -3.662008589078e-01, 1.245215973590e-06, 5.6204e+01, 1.7944e+00, 
 2DIAGNOSTIC,    25, -3.662009022321e-01, 1.195923233110e-06, 5.7798e+01, 1.5945e+00, 
 2DIAGNOSTIC,    26, -3.662008588424e-01, 1.154782398330e-06, 5.9194e+01, 1.3962e+00, 
 2DIAGNOSTIC,    27, -3.662010886747e-01, 1.126687556967e-06, 6.0695e+01, 1.5009e+00, 
 2DIAGNOSTIC,    28, -3.662011544794e-01, 1.105168404923e-06, 6.2193e+01, 1.4974e+00, 
 2DIAGNOSTIC,    29, -3.662007271034e-01, 1.074819758723e-06, 6.3870e+01, 1.6772e+00, 
 2DIAGNOSTIC,    30, -3.662006710089e-01, 1.041888213017e-06, 6.5430e+01, 1.5597e+00, 
 2DIAGNOSTIC,    31, -3.662006079247e-01, 1.010052146193e-06, 6.6980e+01, 1.5501e+00, 
  Elapsed time (stage 0): 6.7836e+01


Total elapsed time: 6.7875e+01
Info [verificarlo]: loaded backend libinterflop_ieee.so
Info [interflop-ieee]: load backend with:
Info [interflop-ieee]: debug = false
Info [interflop-ieee]: debug-binary = false
Info [interflop-ieee]: no-backend-name = false
Info [interflop-ieee]: print-new-line = false
Info [interflop-ieee]: print-subnormal-normalized = false
Info [interflop-ieee]: count-op = false
All_Command_lines_OK
Using double precision for computations.
=============================================================================
The composite transform comprises the following transforms (in order): 
  1. /home/mdugre/scratch/mri-registration-rp/datasets/ds004513/derivatives/mri-registration-rp/0001/antsRegistration-r8-p20/sub-s014/rigid_Composite.h5[0] (type = Euler3DTransform)
  2. /home/mdugre/scratch/mri-registration-rp/datasets/ds004513/derivatives/mri-registration-rp/0001/antsRegistration-r8-p20/sub-s014/rigid_Composite.h5[1] (type = Euler3DTransform)
  3. /home/mdugre/scratch/mri-registration-rp/datasets/ds004513/derivatives/mri-registration-rp/0001/antsRegistration-r8-p20/sub-s014/rigid_Composite.h5[2] (type = Euler3DTransform)
=============================================================================
  number of levels = 4
  fixed image: /templateflow/tpl-MNI152NLin2009cAsym/tpl-MNI152NLin2009cAsym_res-01_desc-brain_T1w.nii.gz
  moving image: /home/mdugre/scratch/mri-registration-rp/datasets/ds004513/derivatives/mri-registration-rp/antsBrainExtraction/sub-s014/BrainExtractionBrain.nii.gz
Dimension = 3
Number of stages = 1
Use histogram matching = false
Winsorize image intensities = true
  Lower quantile = 0.005
  Upper quantile = 0.995


Stage 1 State
   Image metric = MattesMI
     Fixed image = Image (0x3b8f7e0)
  RTTI typeinfo:   itk::Image<double, 3u>
  Reference Count: 2
  Modified Time: 1594
  Debug: Off
  Object Name: 
  Observers: 
    none
  Source: (none)
  Source output name: (none)
  Release Data: Off
  Data Released: False
  Global Release Data: Off
  PipelineMTime: 0
  UpdateMTime: 1203
  RealTimeStamp: 0 seconds 
  LargestPossibleRegion: 
    Dimension: 3
    Index: [0, 0, 0]
    Size: [193, 229, 193]
  BufferedRegion: 
    Dimension: 3
    Index: [0, 0, 0]
    Size: [193, 229, 193]
  RequestedRegion: 
    Dimension: 3
    Index: [0, 0, 0]
    Size: [193, 229, 193]
  Spacing: [1, 1, 1]
  Origin: [96, 132, -78]
  Direction: 
-1 0 0
0 -1 0
0 0 1

  IndexToPointMatrix: 
-1 0 0
0 -1 0
0 0 1

  PointToIndexMatrix: 
-1 0 0
0 -1 0
0 0 1

  Inverse Direction: 
-1 0 0
0 -1 0
0 0 1

  PixelContainer: 
    ImportImageContainer (0x3c4fa20)
      RTTI typeinfo:   itk::ImportImageContainer<unsigned long, double>
      Reference Count: 1
      Modified Time: 1200
      Debug: Off
      Object Name: 
      Observers: 
        none
      Pointer: 0x147b79bf1010
      Container manages memory: true
      Size: 8530021
      Capacity: 8530021

     Moving image = Image (0x3c4ad70)
  RTTI typeinfo:   itk::Image<double, 3u>
  Reference Count: 2
  Modified Time: 1595
  Debug: Off
  Object Name: 
  Observers: 
    none
  Source: (none)
  Source output name: (none)
  Release Data: Off
  Data Released: False
  Global Release Data: Off
  PipelineMTime: 0
  UpdateMTime: 1592
  RealTimeStamp: 0 seconds 
  LargestPossibleRegion: 
    Dimension: 3
    Index: [0, 0, 0]
    Size: [160, 240, 256]
  BufferedRegion: 
    Dimension: 3
    Index: [0, 0, 0]
    Size: [160, 240, 256]
  RequestedRegion: 
    Dimension: 3
    Index: [0, 0, 0]
    Size: [160, 240, 256]
  Spacing: [0.999999, 1, 1]
  Origin: [84.1637, 106.709, -120.531]
  Direction: 
-0.999619 -0.0226874 -0.0157033
0.0226846 -0.999743 0.00035635
-0.0157073 -7.8229e-09 0.999877

  IndexToPointMatrix: 
-0.999619 -0.0226874 -0.0157033
0.0226845 -0.999743 0.00035635
-0.0157073 -7.8229e-09 0.999877

  PointToIndexMatrix: 
-0.99962 0.0226846 -0.0157073
-0.0226874 -0.999743 -7.83127e-09
-0.0157033 0.00035635 0.999877

  Inverse Direction: 
-0.999619 0.0226846 -0.0157073
-0.0226874 -0.999743 -7.83127e-09
-0.0157033 0.00035635 0.999877

  PixelContainer: 
    ImportImageContainer (0x3c02c90)
      RTTI typeinfo:   itk::ImportImageContainer<unsigned long, double>
      Reference Count: 1
      Modified Time: 1589
      Debug: Off
      Object Name: 
      Observers: 
        none
      Pointer: 0x147b750f0010
      Container manages memory: true
      Size: 9830400
      Capacity: 9830400

     Weighting = 1
     Sampling strategy = regular
     Number of bins = 32
     Radius = 4
     Sampling percentage  = 0.25
   Transform = Affine
     Gradient step = 0.1
     Update field sigma (voxel space) = 0
     Total field sigma (voxel space) = 0
     Update field time sigma = 0
     Total field time sigma  = 0
     Number of time indices = 0
     Number of time point samples = 0
Registration using 1 total stages.

Stage 0
  iterations = 1000x500x250x100
  convergence threshold = 1e-06
  convergence window size = 10
  number of levels = 4
  using the Mattes MI metric (number of bins = 32, weight = 1, use gradient filter = 0)
  preprocessing:  winsorizing the image intensities
  Shrink factors (level 1 out of 4): [8, 8, 8]
  Shrink factors (level 2 out of 4): [4, 4, 4]
  Shrink factors (level 3 out of 4): [2, 2, 2]
  Shrink factors (level 4 out of 4): [1, 1, 1]
  smoothing sigmas per level: [3, 2, 1, 0]
  regular sampling (percentage = 0.25)

*** Running AffineTransform registration ***

DIAGNOSTIC,Iteration,metricValue,convergenceValue,ITERATION_TIME_INDEX,SINCE_LAST
 2DIAGNOSTIC,     1, -5.239750080197e-01, 1.797693134862e+308, 8.1291e-01, 8.1291e-01, 
 2DIAGNOSTIC,     2, -5.258640010774e-01, 1.797693134862e+308, 8.1849e-01, 5.5830e-03, 
 2DIAGNOSTIC,     3, -5.291088178071e-01, 1.797693134862e+308, 8.2401e-01, 5.5232e-03, 
 2DIAGNOSTIC,     4, -5.347710738452e-01, 1.797693134862e+308, 8.2934e-01, 5.3241e-03, 
 2DIAGNOSTIC,     5, -5.449383434708e-01, 1.797693134862e+308, 8.3472e-01, 5.3809e-03, 
 2DIAGNOSTIC,     6, -6.215305874692e-01, 1.797693134862e+308, 8.4027e-01, 5.5509e-03, 
 2DIAGNOSTIC,     7, -6.633610650592e-01, 1.797693134862e+308, 8.4580e-01, 5.5258e-03, 
 2DIAGNOSTIC,     8, -7.298997216739e-01, 1.797693134862e+308, 8.5405e-01, 8.2550e-03, 
 2DIAGNOSTIC,     9, -7.422520551216e-01, 1.797693134862e+308, 8.5958e-01, 5.5280e-03, 
 2DIAGNOSTIC,    10, -7.541337828249e-01, 2.915589875040e-02, 8.6577e-01, 6.1941e-03, 
 2DIAGNOSTIC,    11, -7.649021532685e-01, 2.764846815021e-02, 8.7298e-01, 7.2110e-03, 
 2DIAGNOSTIC,    12, -7.741613093676e-01, 2.434790542061e-02, 8.8167e-01, 8.6899e-03, 
 2DIAGNOSTIC,    13, -7.770749327510e-01, 1.968341083607e-02, 8.8883e-01, 7.1540e-03, 
 2DIAGNOSTIC,    14, -7.814240069337e-01, 1.436950921738e-02, 8.9507e-01, 6.2401e-03, 
 2DIAGNOSTIC,    15, -7.874240641046e-01, 9.014355553401e-03, 9.0337e-01, 8.2982e-03, 
 2DIAGNOSTIC,    16, -7.920940698791e-01, 5.733375975988e-03, 9.0991e-01, 6.5441e-03, 
 2DIAGNOSTIC,    17, -7.957348457733e-01, 3.442742569083e-03, 9.1648e-01, 6.5730e-03, 
 2DIAGNOSTIC,    18, -8.010582618320e-01, 2.769040547209e-03, 9.2457e-01, 8.0862e-03, 
 2DIAGNOSTIC,    19, -8.020627299911e-01, 2.204719832287e-03, 9.3221e-01, 7.6389e-03, 
 2DIAGNOSTIC,    20, -8.025891176037e-01, 1.748798472167e-03, 9.3900e-01, 6.7899e-03, 
 2DIAGNOSTIC,    21, -8.047956096470e-01, 1.424952524952e-03, 9.4755e-01, 8.5571e-03, 
 2DIAGNOSTIC,    22, -8.088029161746e-01, 1.241500898483e-03, 9.5722e-01, 9.6622e-03, 
 2DIAGNOSTIC,    23, -8.108246542717e-01, 1.042965376078e-03, 9.6440e-01, 7.1862e-03, 
 2DIAGNOSTIC,    24, -8.126176196544e-01, 8.657460344461e-04, 9.7133e-01, 6.9320e-03, 
 2DIAGNOSTIC,    25, -8.155465131057e-01, 7.640172814649e-04, 9.7879e-01, 7.4589e-03, 
 2DIAGNOSTIC,    26, -8.215072878241e-01, 7.575498959433e-04, 9.8574e-01, 6.9430e-03, 
 2DIAGNOSTIC,    27, -8.250975194076e-01, 7.800505448756e-04, 9.9309e-01, 7.3490e-03, 
 2DIAGNOSTIC,    28, -8.289095290078e-01, 8.533222793204e-04, 1.0011e+00, 7.9751e-03, 
 2DIAGNOSTIC,    29, -8.295871838725e-01, 8.638985009096e-04, 1.0070e+00, 5.9581e-03, 
 2DIAGNOSTIC,    30, -8.372792204723e-01, 8.974954625784e-04, 1.0136e+00, 6.6071e-03, 
 2DIAGNOSTIC,    31, -8.403352276983e-01, 9.047050264502e-04, 1.0229e+00, 9.2762e-03, 
 2DIAGNOSTIC,    32, -8.402221207550e-01, 8.715703303302e-04, 1.0291e+00, 6.2270e-03, 
 2DIAGNOSTIC,    33, -8.408505801860e-01, 7.907315830427e-04, 1.0360e+00, 6.8920e-03, 
 2DIAGNOSTIC,    34, -8.411957096644e-01, 6.644671959670e-04, 1.0420e+00, 5.9829e-03, 
 2DIAGNOSTIC,    35, -8.414354383520e-01, 5.151590561798e-04, 1.0485e+00, 6.4619e-03, 
 2DIAGNOSTIC,    36, -8.415414055306e-01, 3.882673089822e-04, 1.0553e+00, 6.8090e-03, 
 2DIAGNOSTIC,    37, -8.415835770730e-01, 2.690974521940e-04, 1.0611e+00, 5.7812e-03, 
 2DIAGNOSTIC,    38, -8.417528289491e-01, 1.715730696479e-04, 1.0668e+00, 5.7099e-03, 
 2DIAGNOSTIC,    39, -8.419030386941e-01, 6.934543270224e-05, 1.0725e+00, 5.7738e-03, 
 2DIAGNOSTIC,    40, -8.420474340470e-01, 3.807432725035e-05, 1.0786e+00, 6.0980e-03, 
 2DIAGNOSTIC,    41, -8.423318100289e-01, 3.520040405031e-05, 1.0854e+00, 6.7370e-03, 
 2DIAGNOSTIC,    42, -8.424962295013e-01, 2.951697762573e-05, 1.0914e+00, 5.9941e-03, 
 2DIAGNOSTIC,    43, -8.423003483426e-01, 2.502573729120e-05, 1.0984e+00, 7.0231e-03, 
 2DIAGNOSTIC,    44, -8.422985271387e-01, 2.134419425259e-05, 1.1159e+00, 1.7478e-02, 
 2DIAGNOSTIC,    45, -8.422985137124e-01, 1.780399294965e-05, 1.1216e+00, 5.6930e-03, 
 2DIAGNOSTIC,    46, -8.422985169754e-01, 1.360027800607e-05, 1.1277e+00, 6.0999e-03, 
 2DIAGNOSTIC,    47, -8.422985224954e-01, 8.660569166905e-06, 1.1338e+00, 6.1631e-03, 
 2DIAGNOSTIC,    48, -8.422985318299e-01, 4.508049348526e-06, 1.1396e+00, 5.8000e-03, 
 2DIAGNOSTIC,    49, -8.422985476101e-01, 1.312719569848e-06, 1.1454e+00, 5.7311e-03, 
DIAGNOSTIC,Iteration,metricValue,convergenceValue,ITERATION_TIME_INDEX,SINCE_LAST
 2DIAGNOSTIC,     1, -6.880687456861e-01, 1.797693134862e+308, 1.9651e+00, 8.1976e-01, 
 2DIAGNOSTIC,     2, -6.886938118333e-01, 1.797693134862e+308, 2.0049e+00, 3.9826e-02, 
 2DIAGNOSTIC,     3, -6.892108826983e-01, 1.797693134862e+308, 2.0477e+00, 4.2723e-02, 
 2DIAGNOSTIC,     4, -6.897132704497e-01, 1.797693134862e+308, 2.0917e+00, 4.4050e-02, 
 2DIAGNOSTIC,     5, -6.905633036343e-01, 1.797693134862e+308, 2.1310e+00, 3.9247e-02, 
 2DIAGNOSTIC,     6, -6.916109243557e-01, 1.797693134862e+308, 2.1740e+00, 4.3041e-02, 
 2DIAGNOSTIC,     7, -6.932349104619e-01, 1.797693134862e+308, 2.2469e+00, 7.2869e-02, 
 2DIAGNOSTIC,     8, -6.932393117371e-01, 1.797693134862e+308, 2.2860e+00, 3.9132e-02, 
 2DIAGNOSTIC,     9, -6.932742418932e-01, 1.797693134862e+308, 2.3275e+00, 4.1523e-02, 
 2DIAGNOSTIC,    10, -6.933216291010e-01, 5.748104306711e-04, 2.3713e+00, 4.3822e-02, 
 2DIAGNOSTIC,    11, -6.933560547554e-01, 4.615338080577e-04, 2.4139e+00, 4.2541e-02, 
 2DIAGNOSTIC,    12, -6.933721316761e-01, 3.471413296524e-04, 2.4562e+00, 4.2342e-02, 
 2DIAGNOSTIC,    13, -6.934068105926e-01, 2.369673755739e-04, 2.5003e+00, 4.4059e-02, 
 2DIAGNOSTIC,    14, -6.934365770277e-01, 1.372930128797e-04, 2.5418e+00, 4.1520e-02, 
 2DIAGNOSTIC,    15, -6.935498693852e-01, 6.467716209405e-05, 2.5869e+00, 4.5107e-02, 
 2DIAGNOSTIC,    16, -6.936288855992e-01, 2.308436169288e-05, 2.6308e+00, 4.3899e-02, 
 2DIAGNOSTIC,    17, -6.936162918887e-01, 2.338328585628e-05, 2.6698e+00, 3.8994e-02, 
 2DIAGNOSTIC,    18, -6.936226580200e-01, 2.196560107653e-05, 2.7092e+00, 3.9408e-02, 
 2DIAGNOSTIC,    19, -6.936195053651e-01, 1.949594593362e-05, 2.7486e+00, 3.9430e-02, 
 2DIAGNOSTIC,    20, -6.936063876955e-01, 1.626848608349e-05, 2.7871e+00, 3.8420e-02, 
 2DIAGNOSTIC,    21, -6.936300151818e-01, 1.310054566121e-05, 2.8289e+00, 4.1857e-02, 
 2DIAGNOSTIC,    22, -6.935985491399e-01, 8.856693483272e-06, 2.8886e+00, 5.9680e-02, 
 2DIAGNOSTIC,    23, -6.935870017957e-01, 4.750770067494e-06, 2.9311e+00, 4.2448e-02, 
DIAGNOSTIC,Iteration,metricValue,convergenceValue,ITERATION_TIME_INDEX,SINCE_LAST
 2DIAGNOSTIC,     1, -5.884646208115e-01, 1.797693134862e+308, 4.1106e+00, 1.1796e+00, 
 2DIAGNOSTIC,     2, -5.891093328412e-01, 1.797693134862e+308, 4.4620e+00, 3.5134e-01, 
 2DIAGNOSTIC,     3, -5.898416360990e-01, 1.797693134862e+308, 4.7762e+00, 3.1422e-01, 
 2DIAGNOSTIC,     4, -5.906780677172e-01, 1.797693134862e+308, 5.1274e+00, 3.5126e-01, 
 2DIAGNOSTIC,     5, -5.918204286078e-01, 1.797693134862e+308, 5.4757e+00, 3.4825e-01, 
 2DIAGNOSTIC,     6, -5.938132164222e-01, 1.797693134862e+308, 5.9075e+00, 4.3182e-01, 
 2DIAGNOSTIC,     7, -5.938187664499e-01, 1.797693134862e+308, 6.5534e+00, 6.4584e-01, 
 2DIAGNOSTIC,     8, -5.938192823662e-01, 1.797693134862e+308, 6.9256e+00, 3.7221e-01, 
 2DIAGNOSTIC,     9, -5.938165431601e-01, 1.797693134862e+308, 7.2721e+00, 3.4649e-01, 
 2DIAGNOSTIC,    10, -5.938147251514e-01, 6.778473069701e-04, 7.6214e+00, 3.4933e-01, 
 2DIAGNOSTIC,    11, -5.938147082940e-01, 4.966180017462e-04, 7.9958e+00, 3.7440e-01, 
 2DIAGNOSTIC,    12, -5.938149932640e-01, 3.272144540278e-04, 8.3142e+00, 3.1841e-01, 
 2DIAGNOSTIC,    13, -5.938138788549e-01, 1.824469305528e-04, 8.6415e+00, 3.2726e-01, 
 2DIAGNOSTIC,    14, -5.938114063722e-01, 7.034574725182e-05, 8.9907e+00, 3.4919e-01, 
 2DIAGNOSTIC,    15, -5.938111495205e-01, 1.708993164429e-06, 9.2904e+00, 2.9977e-01, 
 2DIAGNOSTIC,    16, -5.938096617526e-01, 1.387731214997e-06, 9.6460e+00, 3.5560e-01, 
 2DIAGNOSTIC,    17, -5.938091474602e-01, 1.299793014921e-06, 9.9364e+00, 2.9032e-01, 
 2DIAGNOSTIC,    18, -5.938091259199e-01, 1.289943386315e-06, 1.0308e+01, 3.7212e-01, 
 2DIAGNOSTIC,    19, -5.938100136357e-01, 1.280785818451e-06, 1.0613e+01, 3.0470e-01, 
 2DIAGNOSTIC,    20, -5.938102823308e-01, 1.271531291175e-06, 1.0957e+01, 3.4363e-01, 
