
##########################
# Experiment information #
##########################

EXPERIMENT_NAME: antsRegistration-r8-p13
VFC_BACKENDS: libinterflop_vprec.so --range-binary32=8 --precision-binary32=13 --range-binary64=8 --precision-binary64=13

SIF_IMG: /home/mdugre/projects/rrg-glatard/mdugre/containers/ants-vprec-no_metrics.simg

SUBJECT_ID: s035
INPUT_IMG: /home/mdugre/scratch/mri-registration-rp/datasets/ds004513/derivatives/mri-registration-rp/antsBrainExtraction/sub-s035/BrainExtractionBrain.nii.gz
OUTPUT_DIR: /home/mdugre/scratch/mri-registration-rp/datasets/ds004513/derivatives/mri-registration-rp/0001/antsRegistration-r8-p13/sub-s035

FIXED_IMG: /templateflow/tpl-MNI152NLin2009cAsym/tpl-MNI152NLin2009cAsym_res-01_desc-brain_T1w.nii.gz
DATA_DIR: /home/mdugre/scratch/mri-registration-rp/datasets/ds004513
TEMPLATEFLOW_DIR: /home/mdugre/projects/rrg-glatard/mdugre/templateflow
ITK_GLOBAL_DEFAULT_NUMBER_OF_THREADS: 16
##########################

Info [verificarlo]: loaded backend libinterflop_ieee.so
Info [interflop-ieee]: load backend with:
Info [interflop-ieee]: debug = false
Info [interflop-ieee]: debug-binary = false
Info [interflop-ieee]: no-backend-name = false
Info [interflop-ieee]: print-new-line = false
Info [interflop-ieee]: print-subnormal-normalized = false
Info [interflop-ieee]: count-op = false
All_Command_lines_OK
Using double precision for computations.
=============================================================================
The composite transform comprises the following transforms (in order): 
  1. Center of mass alignment using fixed image: /templateflow/tpl-MNI152NLin2009cAsym/tpl-MNI152NLin2009cAsym_res-01_desc-brain_T1w.nii.gz and moving image: /home/mdugre/scratch/mri-registration-rp/datasets/ds004513/derivatives/mri-registration-rp/antsBrainExtraction/sub-s035/BrainExtractionBrain.nii.gz (type = Euler3DTransform)
=============================================================================
  number of levels = 1
  fixed image: /templateflow/tpl-MNI152NLin2009cAsym/tpl-MNI152NLin2009cAsym_res-01_desc-brain_T1w.nii.gz
  moving image: /home/mdugre/scratch/mri-registration-rp/datasets/ds004513/derivatives/mri-registration-rp/antsBrainExtraction/sub-s035/BrainExtractionBrain.nii.gz
Dimension = 3
Number of stages = 1
Use histogram matching = false
Winsorize image intensities = true
  Lower quantile = 0.005
  Upper quantile = 0.995


Stage 1 State
   Image metric = MattesMI
     Fixed image = Image (0x40d2e70)
  RTTI typeinfo:   itk::Image<double, 3u>
  Reference Count: 2
  Modified Time: 2330
  Debug: Off
  Object Name: 
  Observers: 
    none
  Source: (none)
  Source output name: (none)
  Release Data: Off
  Data Released: False
  Global Release Data: Off
  PipelineMTime: 0
  UpdateMTime: 1941
  RealTimeStamp: 0 seconds 
  LargestPossibleRegion: 
    Dimension: 3
    Index: [0, 0, 0]
    Size: [193, 229, 193]
  BufferedRegion: 
    Dimension: 3
    Index: [0, 0, 0]
    Size: [193, 229, 193]
  RequestedRegion: 
    Dimension: 3
    Index: [0, 0, 0]
    Size: [193, 229, 193]
  Spacing: [1, 1, 1]
  Origin: [96, 132, -78]
  Direction: 
-1 0 0
0 -1 0
0 0 1

  IndexToPointMatrix: 
-1 0 0
0 -1 0
0 0 1

  PointToIndexMatrix: 
-1 0 0
0 -1 0
0 0 1

  Inverse Direction: 
-1 0 0
0 -1 0
0 0 1

  PixelContainer: 
    ImportImageContainer (0x40dbc60)
      RTTI typeinfo:   itk::ImportImageContainer<unsigned long, double>
      Reference Count: 1
      Modified Time: 1938
      Debug: Off
      Object Name: 
      Observers: 
        none
      Pointer: 0x1491dd766010
      Container manages memory: true
      Size: 8530021
      Capacity: 8530021

     Moving image = Image (0x416fec0)
  RTTI typeinfo:   itk::Image<double, 3u>
  Reference Count: 2
  Modified Time: 2331
  Debug: Off
  Object Name: 
  Observers: 
    none
  Source: (none)
  Source output name: (none)
  Release Data: Off
  Data Released: False
  Global Release Data: Off
  PipelineMTime: 0
  UpdateMTime: 2328
  RealTimeStamp: 0 seconds 
  LargestPossibleRegion: 
    Dimension: 3
    Index: [0, 0, 0]
    Size: [160, 240, 256]
  BufferedRegion: 
    Dimension: 3
    Index: [0, 0, 0]
    Size: [160, 240, 256]
  RequestedRegion: 
    Dimension: 3
    Index: [0, 0, 0]
    Size: [160, 240, 256]
  Spacing: [1, 1, 1]
  Origin: [98.6438, 87.6358, -117.989]
  Direction: 
-0.993515 -0.100993 -0.0522355
0.100854 -0.994887 0.00530255
-0.0525039 1.93537e-08 0.998621

  IndexToPointMatrix: 
-0.993515 -0.100993 -0.0522355
0.100854 -0.994887 0.00530255
-0.0525039 1.93537e-08 0.998621

  PointToIndexMatrix: 
-0.993515 0.100854 -0.0525039
-0.100993 -0.994887 1.93006e-08
-0.0522355 0.00530255 0.998621

  Inverse Direction: 
-0.993515 0.100854 -0.0525039
-0.100993 -0.994887 1.93006e-08
-0.0522355 0.00530255 0.998621

  PixelContainer: 
    ImportImageContainer (0x4207610)
      RTTI typeinfo:   itk::ImportImageContainer<unsigned long, double>
      Reference Count: 1
      Modified Time: 2325
      Debug: Off
      Object Name: 
      Observers: 
        none
      Pointer: 0x1491d8c65010
      Container manages memory: true
      Size: 9830400
      Capacity: 9830400

     Weighting = 1
     Sampling strategy = regular
     Number of bins = 32
     Radius = 4
     Sampling percentage  = 0.25
   Transform = Rigid
     Gradient step = 0.1
     Update field sigma (voxel space) = 0
     Total field sigma (voxel space) = 0
     Update field time sigma = 0
     Total field time sigma  = 0
     Number of time indices = 0
     Number of time point samples = 0
Registration using 1 total stages.

Stage 0
  iterations = 0
  convergence threshold = 1e-06
  convergence window size = 10
  number of levels = 1
  using the Mattes MI metric (number of bins = 32, weight = 1, use gradient filter = 0)
  preprocessing:  winsorizing the image intensities
  Shrink factors (level 1 out of 1): [1, 1, 1]
  smoothing sigmas per level: [0]
  regular sampling (percentage = 0.25)

*** Running Euler3DTransform registration ***

  Elapsed time (stage 0): 1.17157


Total elapsed time: 1.17368
Info [verificarlo]: loaded backend libinterflop_ieee.so
Info [interflop-ieee]: load backend with:
Info [interflop-ieee]: debug = false
Info [interflop-ieee]: debug-binary = false
Info [interflop-ieee]: no-backend-name = false
Info [interflop-ieee]: print-new-line = false
Info [interflop-ieee]: print-subnormal-normalized = false
Info [interflop-ieee]: count-op = false
All_Command_lines_OK
Using double precision for computations.
=============================================================================
The composite transform comprises the following transforms (in order): 
  1. /home/mdugre/scratch/mri-registration-rp/datasets/ds004513/derivatives/mri-registration-rp/0001/antsRegistration-r8-p13/sub-s035/align_Composite.h5[0] (type = Euler3DTransform)
  2. /home/mdugre/scratch/mri-registration-rp/datasets/ds004513/derivatives/mri-registration-rp/0001/antsRegistration-r8-p13/sub-s035/align_Composite.h5[1] (type = Euler3DTransform)
=============================================================================
  number of levels = 4
  fixed image: /templateflow/tpl-MNI152NLin2009cAsym/tpl-MNI152NLin2009cAsym_res-01_desc-brain_T1w.nii.gz
  moving image: /home/mdugre/scratch/mri-registration-rp/datasets/ds004513/derivatives/mri-registration-rp/antsBrainExtraction/sub-s035/BrainExtractionBrain.nii.gz
Dimension = 3
Number of stages = 1
Use histogram matching = false
Winsorize image intensities = true
  Lower quantile = 0.005
  Upper quantile = 0.995


Stage 1 State
   Image metric = MattesMI
     Fixed image = Image (0x3fde530)
  RTTI typeinfo:   itk::Image<double, 3u>
  Reference Count: 2
  Modified Time: 1578
  Debug: Off
  Object Name: 
  Observers: 
    none
  Source: (none)
  Source output name: (none)
  Release Data: Off
  Data Released: False
  Global Release Data: Off
  PipelineMTime: 0
  UpdateMTime: 1189
  RealTimeStamp: 0 seconds 
  LargestPossibleRegion: 
    Dimension: 3
    Index: [0, 0, 0]
    Size: [193, 229, 193]
  BufferedRegion: 
    Dimension: 3
    Index: [0, 0, 0]
    Size: [193, 229, 193]
  RequestedRegion: 
    Dimension: 3
    Index: [0, 0, 0]
    Size: [193, 229, 193]
  Spacing: [1, 1, 1]
  Origin: [96, 132, -78]
  Direction: 
-1 0 0
0 -1 0
0 0 1

  IndexToPointMatrix: 
-1 0 0
0 -1 0
0 0 1

  PointToIndexMatrix: 
-1 0 0
0 -1 0
0 0 1

  Inverse Direction: 
-1 0 0
0 -1 0
0 0 1

  PixelContainer: 
    ImportImageContainer (0x409cd60)
      RTTI typeinfo:   itk::ImportImageContainer<unsigned long, double>
      Reference Count: 1
      Modified Time: 1186
      Debug: Off
      Object Name: 
      Observers: 
        none
      Pointer: 0x14f0e31b9010
      Container manages memory: true
      Size: 8530021
      Capacity: 8530021

     Moving image = Image (0x408ef60)
  RTTI typeinfo:   itk::Image<double, 3u>
  Reference Count: 2
  Modified Time: 1579
  Debug: Off
  Object Name: 
  Observers: 
    none
  Source: (none)
  Source output name: (none)
  Release Data: Off
  Data Released: False
  Global Release Data: Off
  PipelineMTime: 0
  UpdateMTime: 1576
  RealTimeStamp: 0 seconds 
  LargestPossibleRegion: 
    Dimension: 3
    Index: [0, 0, 0]
    Size: [160, 240, 256]
  BufferedRegion: 
    Dimension: 3
    Index: [0, 0, 0]
    Size: [160, 240, 256]
  RequestedRegion: 
    Dimension: 3
    Index: [0, 0, 0]
    Size: [160, 240, 256]
  Spacing: [1, 1, 1]
  Origin: [98.6438, 87.6358, -117.989]
  Direction: 
-0.993515 -0.100993 -0.0522355
0.100854 -0.994887 0.00530255
-0.0525039 1.93537e-08 0.998621

  IndexToPointMatrix: 
-0.993515 -0.100993 -0.0522355
0.100854 -0.994887 0.00530255
-0.0525039 1.93537e-08 0.998621

  PointToIndexMatrix: 
-0.993515 0.100854 -0.0525039
-0.100993 -0.994887 1.93006e-08
-0.0522355 0.00530255 0.998621

  Inverse Direction: 
-0.993515 0.100854 -0.0525039
-0.100993 -0.994887 1.93006e-08
-0.0522355 0.00530255 0.998621

  PixelContainer: 
    ImportImageContainer (0x40806d0)
      RTTI typeinfo:   itk::ImportImageContainer<unsigned long, double>
      Reference Count: 1
      Modified Time: 1573
      Debug: Off
      Object Name: 
      Observers: 
        none
      Pointer: 0x14f0de6b8010
      Container manages memory: true
      Size: 9830400
      Capacity: 9830400

     Weighting = 1
     Sampling strategy = regular
     Number of bins = 32
     Radius = 4
     Sampling percentage  = 0.25
   Transform = Rigid
     Gradient step = 0.1
     Update field sigma (voxel space) = 0
     Total field sigma (voxel space) = 0
     Update field time sigma = 0
     Total field time sigma  = 0
     Number of time indices = 0
     Number of time point samples = 0
Registration using 1 total stages.

Stage 0
  iterations = 1000x500x250x100
  convergence threshold = 1e-06
  convergence window size = 10
  number of levels = 4
  using the Mattes MI metric (number of bins = 32, weight = 1, use gradient filter = 0)
  preprocessing:  winsorizing the image intensities
  Shrink factors (level 1 out of 4): [8, 8, 8]
  Shrink factors (level 2 out of 4): [4, 4, 4]
  Shrink factors (level 3 out of 4): [2, 2, 2]
  Shrink factors (level 4 out of 4): [1, 1, 1]
  smoothing sigmas per level: [3, 2, 1, 0]
  regular sampling (percentage = 0.25)

*** Running Euler3DTransform registration ***

DIAGNOSTIC,Iteration,metricValue,convergenceValue,ITERATION_TIME_INDEX,SINCE_LAST
 2DIAGNOSTIC,     1, -5.238630234552e-01, 1.797693134862e+308, 1.0738e+00, 1.0738e+00, 
 2DIAGNOSTIC,     2, -5.257885820767e-01, 1.797693134862e+308, 1.0785e+00, 4.6771e-03, 
 2DIAGNOSTIC,     3, -5.278597554839e-01, 1.797693134862e+308, 1.0829e+00, 4.4439e-03, 
 2DIAGNOSTIC,     4, -5.302176117225e-01, 1.797693134862e+308, 1.0874e+00, 4.4801e-03, 
 2DIAGNOSTIC,     5, -5.343462816845e-01, 1.797693134862e+308, 1.0920e+00, 4.6430e-03, 
 2DIAGNOSTIC,     6, -5.399239396740e-01, 1.797693134862e+308, 1.0966e+00, 4.5950e-03, 
 2DIAGNOSTIC,     7, -5.490554822001e-01, 1.797693134862e+308, 1.1013e+00, 4.6902e-03, 
 2DIAGNOSTIC,     8, -5.545204224448e-01, 1.797693134862e+308, 1.1074e+00, 6.0539e-03, 
 2DIAGNOSTIC,     9, -5.601437715553e-01, 1.797693134862e+308, 1.1121e+00, 4.6930e-03, 
 2DIAGNOSTIC,    10, -5.617741193774e-01, 5.067640484485e-03, 1.1170e+00, 4.9479e-03, 
 2DIAGNOSTIC,    11, -5.649562249041e-01, 4.796539612083e-03, 1.1230e+00, 5.9900e-03, 
 2DIAGNOSTIC,    12, -5.658710903081e-01, 4.260783098155e-03, 1.1284e+00, 5.3461e-03, 
 2DIAGNOSTIC,    13, -5.662828333056e-01, 3.524744036645e-03, 1.1331e+00, 4.7669e-03, 
 2DIAGNOSTIC,    14, -5.685908474577e-01, 2.751340472953e-03, 1.1388e+00, 5.6620e-03, 
 2DIAGNOSTIC,    15, -5.732745043306e-01, 2.134644679428e-03, 1.1463e+00, 7.5390e-03, 
 2DIAGNOSTIC,    16, -5.738084427845e-01, 1.591333148336e-03, 1.1522e+00, 5.9128e-03, 
 2DIAGNOSTIC,    17, -5.739093703464e-01, 1.247363567739e-03, 1.1570e+00, 4.7500e-03, 
 2DIAGNOSTIC,    18, -5.745773598458e-01, 1.002163966315e-03, 1.1620e+00, 4.9930e-03, 
 2DIAGNOSTIC,    19, -5.752045522723e-01, 8.579763081927e-04, 1.1669e+00, 4.8862e-03, 
 2DIAGNOSTIC,    20, -5.755578777727e-01, 6.955845773887e-04, 1.1718e+00, 4.9031e-03, 
 2DIAGNOSTIC,    21, -5.761681227726e-01, 5.767135182726e-04, 1.1766e+00, 4.8599e-03, 
 2DIAGNOSTIC,    22, -5.775610178281e-01, 4.707067062569e-04, 1.1816e+00, 4.9720e-03, 
 2DIAGNOSTIC,    23, -5.801876522135e-01, 3.965856196887e-04, 1.1869e+00, 5.2691e-03, 
 2DIAGNOSTIC,    24, -5.873578871777e-01, 4.881452204323e-04, 1.1939e+00, 7.0550e-03, 
 2DIAGNOSTIC,    25, -5.924052233504e-01, 7.199711435951e-04, 1.2009e+00, 6.9790e-03, 
 2DIAGNOSTIC,    26, -5.933789722552e-01, 8.944842701444e-04, 1.2069e+00, 5.9471e-03, 
 2DIAGNOSTIC,    27, -5.948140362559e-01, 1.002036484549e-03, 1.2123e+00, 5.4410e-03, 
 2DIAGNOSTIC,    28, -5.954370004557e-01, 1.029952320987e-03, 1.2171e+00, 4.7958e-03, 
 2DIAGNOSTIC,    29, -5.955619965639e-01, 9.699000564119e-04, 1.2219e+00, 4.7891e-03, 
 2DIAGNOSTIC,    30, -5.960977142454e-01, 8.366692960914e-04, 1.2267e+00, 4.7729e-03, 
 2DIAGNOSTIC,    31, -5.971105016184e-01, 6.606986236344e-04, 1.2322e+00, 5.5480e-03, 
 2DIAGNOSTIC,    32, -5.989728413264e-01, 4.853112632083e-04, 1.2395e+00, 7.2629e-03, 
 2DIAGNOSTIC,    33, -5.996340171342e-01, 3.222359249050e-04, 1.2442e+00, 4.7770e-03, 
 2DIAGNOSTIC,    34, -5.997688324987e-01, 2.443793017705e-04, 1.2491e+00, 4.8811e-03, 
 2DIAGNOSTIC,    35, -5.999328162941e-01, 2.224308793176e-04, 1.2551e+00, 6.0120e-03, 
 2DIAGNOSTIC,    36, -6.001598298696e-01, 1.965988112913e-04, 1.2599e+00, 4.7729e-03, 
 2DIAGNOSTIC,    37, -6.004938013115e-01, 1.767006123508e-04, 1.2652e+00, 5.3039e-03, 
 2DIAGNOSTIC,    38, -6.008280010306e-01, 1.536048166392e-04, 1.2701e+00, 4.8511e-03, 
 2DIAGNOSTIC,    39, -6.038559363523e-01, 1.574331424641e-04, 1.2756e+00, 5.5621e-03, 
 2DIAGNOSTIC,    40, -6.077047302213e-01, 1.993081229914e-04, 1.2806e+00, 4.9660e-03, 
 2DIAGNOSTIC,    41, -6.174632739024e-01, 3.481387552171e-04, 1.2869e+00, 6.3190e-03, 
 2DIAGNOSTIC,    42, -6.161977908362e-01, 4.608907890767e-04, 1.2968e+00, 9.9051e-03, 
 2DIAGNOSTIC,    43, -6.161564585393e-01, 5.335372205572e-04, 1.3017e+00, 4.8921e-03, 
 2DIAGNOSTIC,    44, -6.170772276489e-01, 5.644822188214e-04, 1.3066e+00, 4.8630e-03, 
 2DIAGNOSTIC,    45, -6.185357318546e-01, 5.560477058298e-04, 1.3114e+00, 4.7891e-03, 
 2DIAGNOSTIC,    46, -6.206472630946e-01, 5.180559788611e-04, 1.3162e+00, 4.8420e-03, 
 2DIAGNOSTIC,    47, -6.234100441768e-01, 4.649605440127e-04, 1.3210e+00, 4.8258e-03, 
 2DIAGNOSTIC,    48, -6.282459776115e-01, 4.232184344577e-04, 1.3258e+00, 4.7500e-03, 
 2DIAGNOSTIC,    49, -6.332856912183e-01, 4.219353423831e-04, 1.3307e+00, 4.8809e-03, 
 2DIAGNOSTIC,    50, -6.437673286021e-01, 5.158699415900e-04, 1.3356e+00, 4.9181e-03, 
 2DIAGNOSTIC,    51, -6.567709922070e-01, 7.709769911656e-04, 1.3407e+00, 5.1081e-03, 
 2DIAGNOSTIC,    52, -6.630139282393e-01, 9.856113619717e-04, 1.3465e+00, 5.8341e-03, 
 2DIAGNOSTIC,    53, -6.637658017859e-01, 1.103854711402e-03, 1.3515e+00, 4.9710e-03, 
 2DIAGNOSTIC,    54, -6.646848060972e-01, 1.129224469960e-03, 1.3564e+00, 4.9429e-03, 
 2DIAGNOSTIC,    55, -6.699954687709e-01, 1.103370100866e-03, 1.3654e+00, 8.9378e-03, 
 2DIAGNOSTIC,    56, -6.720089905153e-01, 1.005089700983e-03, 1.3728e+00, 7.3950e-03, 
 2DIAGNOSTIC,    57, -6.720481599843e-01, 8.375236757094e-04, 1.3779e+00, 5.0900e-03, 
 2DIAGNOSTIC,    58, -6.725919462454e-01, 6.425662794817e-04, 1.3826e+00, 4.7572e-03, 
 2DIAGNOSTIC,    59, -6.729036333974e-01, 4.360792773046e-04, 1.3874e+00, 4.8339e-03, 
 2DIAGNOSTIC,    60, -6.731488712007e-01, 2.773041333299e-04, 1.3924e+00, 4.9648e-03, 
 2DIAGNOSTIC,    61, -6.734259053501e-01, 1.993309401891e-04, 1.3974e+00, 5.0058e-03, 
 2DIAGNOSTIC,    62, -6.739132090411e-01, 1.568961018373e-04, 1.4025e+00, 5.0380e-03, 
 2DIAGNOSTIC,    63, -6.762843236323e-01, 1.247265146938e-04, 1.4093e+00, 6.8581e-03, 
 2DIAGNOSTIC,    64, -6.766381652108e-01, 8.969390645311e-05, 1.4143e+00, 4.9489e-03, 
 2DIAGNOSTIC,    65, -6.771215250602e-01, 8.898309630647e-05, 1.4193e+00, 5.0099e-03, 
 2DIAGNOSTIC,    66, -6.778537221968e-01, 9.953440416690e-05, 1.4249e+00, 5.6219e-03, 
 2DIAGNOSTIC,    67, -6.792267980839e-01, 1.098307611167e-04, 1.4320e+00, 7.0620e-03, 
 2DIAGNOSTIC,    68, -6.807681135709e-01, 1.231391259106e-04, 1.4370e+00, 5.0790e-03, 
 2DIAGNOSTIC,    69, -6.815199864867e-01, 1.312166921117e-04, 1.4420e+00, 4.9670e-03, 
 2DIAGNOSTIC,    70, -6.818105023886e-01, 1.303114346608e-04, 1.4488e+00, 6.8030e-03, 
 2DIAGNOSTIC,    71, -6.820510487048e-01, 1.205028420041e-04, 1.4539e+00, 5.0850e-03, 
 2DIAGNOSTIC,    72, -6.822317175011e-01, 1.032406747137e-04, 1.4588e+00, 4.8931e-03, 
 2DIAGNOSTIC,    73, -6.825798824034e-01, 9.372233966351e-05, 1.4654e+00, 6.6240e-03, 
 2DIAGNOSTIC,    74, -6.826263915339e-01, 7.797287673282e-05, 1.4703e+00, 4.9031e-03, 
 2DIAGNOSTIC,    75, -6.826914529917e-01, 5.871096002994e-05, 1.4756e+00, 5.2810e-03, 
 2DIAGNOSTIC,    76, -6.828123248825e-01, 3.951637485969e-05, 1.4806e+00, 4.9729e-03, 
 2DIAGNOSTIC,    77, -6.832344936767e-01, 2.762761637138e-05, 1.4854e+00, 4.8850e-03, 
 2DIAGNOSTIC,    78, -6.838171893459e-01, 2.580749544530e-05, 1.4927e+00, 7.2999e-03, 
 2DIAGNOSTIC,    79, -6.837376477198e-01, 2.541998682031e-05, 1.4977e+00, 4.9388e-03, 
 2DIAGNOSTIC,    80, -6.837941079593e-01, 2.471285752014e-05, 1.5026e+00, 4.9009e-03, 
 2DIAGNOSTIC,    81, -6.839726577088e-01, 2.407039453489e-05, 1.5075e+00, 4.8790e-03, 
 2DIAGNOSTIC,    82, -6.841107853319e-01, 2.281065579357e-05, 1.5124e+00, 4.9670e-03, 
 2DIAGNOSTIC,    83, -6.851047027851e-01, 2.675807469892e-05, 1.5193e+00, 6.8929e-03, 
 2DIAGNOSTIC,    84, -6.858177702192e-01, 3.208827043964e-05, 1.5259e+00, 6.5472e-03, 
 2DIAGNOSTIC,    85, -6.861556689570e-01, 3.640403934521e-05, 1.5418e+00, 1.5972e-02, 
 2DIAGNOSTIC,    86, -6.861559579217e-01, 3.780216838212e-05, 1.5478e+00, 5.9140e-03, 
 2DIAGNOSTIC,    87, -6.861669770634e-01, 3.777819394749e-05, 1.5534e+00, 5.5990e-03, 
 2DIAGNOSTIC,    88, -6.861800339385e-01, 3.717560403066e-05, 1.5585e+00, 5.1100e-03, 
 2DIAGNOSTIC,    89, -6.861877085952e-01, 3.259409145956e-05, 1.5640e+00, 5.5349e-03, 
 2DIAGNOSTIC,    90, -6.861915114692e-01, 2.533884977267e-05, 1.5689e+00, 4.9410e-03, 
 2DIAGNOSTIC,    91, -6.861984902824e-01, 1.686270903506e-05, 1.5738e+00, 4.8609e-03, 
 2DIAGNOSTIC,    92, -6.862113776637e-01, 7.665876465876e-06, 1.5784e+00, 4.6060e-03, 
 2DIAGNOSTIC,    93, -6.862267412534e-01, 2.805481389848e-06, 1.5830e+00, 4.5960e-03, 
 2DIAGNOSTIC,    94, -6.862421274933e-01, 1.275950351095e-06, 1.5882e+00, 5.2109e-03, 
 2DIAGNOSTIC,    95, -6.863402185710e-01, 1.765773985045e-06, 1.5945e+00, 6.2959e-03, 
 2DIAGNOSTIC,    96, -6.863401551372e-01, 2.097939120422e-06, 1.5991e+00, 4.5831e-03, 
 2DIAGNOSTIC,    97, -6.863402932668e-01, 2.310688527355e-06, 1.6037e+00, 4.5810e-03, 
 2DIAGNOSTIC,    98, -6.863407506898e-01, 2.397138839771e-06, 1.6082e+00, 4.5230e-03, 
 2DIAGNOSTIC,    99, -6.863418706337e-01, 2.321526540120e-06, 1.6128e+00, 4.5881e-03, 
 2DIAGNOSTIC,   100, -6.863433977953e-01, 2.073767634926e-06, 1.6271e+00, 1.4344e-02, 
 2DIAGNOSTIC,   101, -6.863433976416e-01, 1.693629129980e-06, 1.6418e+00, 1.4680e-02, 
 2DIAGNOSTIC,   102, -6.863433976416e-01, 1.253430356044e-06, 1.6486e+00, 6.7940e-03, 
DIAGNOSTIC,Iteration,metricValue,convergenceValue,ITERATION_TIME_INDEX,SINCE_LAST
 2DIAGNOSTIC,     1, -5.583128529973e-01, 1.797693134862e+308, 2.4062e+00, 7.5760e-01, 
 2DIAGNOSTIC,     2, -5.587683877364e-01, 1.797693134862e+308, 2.4392e+00, 3.2992e-02, 
 2DIAGNOSTIC,     3, -5.591010121682e-01, 1.797693134862e+308, 2.4722e+00, 3.2987e-02, 
 2DIAGNOSTIC,     4, -5.599291426146e-01, 1.797693134862e+308, 2.5060e+00, 3.3807e-02, 
 2DIAGNOSTIC,     5, -5.608878013975e-01, 1.797693134862e+308, 2.5463e+00, 4.0331e-02, 
 2DIAGNOSTIC,     6, -5.613230979339e-01, 1.797693134862e+308, 2.5801e+00, 3.3815e-02, 
 2DIAGNOSTIC,     7, -5.624628433497e-01, 1.797693134862e+308, 2.6163e+00, 3.6164e-02, 
 2DIAGNOSTIC,     8, -5.631236063641e-01, 1.797693134862e+308, 2.6550e+00, 3.8740e-02, 
 2DIAGNOSTIC,     9, -5.632651230865e-01, 1.797693134862e+308, 2.6886e+00, 3.3514e-02, 
 2DIAGNOSTIC,    10, -5.639244266340e-01, 6.930058421858e-04, 2.7193e+00, 3.0743e-02, 
 2DIAGNOSTIC,    11, -5.654827174126e-01, 6.702062343728e-04, 2.7541e+00, 3.4830e-02, 
 2DIAGNOSTIC,    12, -5.659954867484e-01, 6.304507675782e-04, 2.7919e+00, 3.7816e-02, 
 2DIAGNOSTIC,    13, -5.660995973594e-01, 5.569355131042e-04, 2.8296e+00, 3.7620e-02, 
 2DIAGNOSTIC,    14, -5.661246218690e-01, 4.750774162346e-04, 2.8710e+00, 4.1433e-02, 
 2DIAGNOSTIC,    15, -5.661515721079e-01, 3.943545914669e-04, 2.9045e+00, 3.3527e-02, 
 2DIAGNOSTIC,    16, -5.661476545187e-01, 2.998008956356e-04, 2.9489e+00, 4.4377e-02, 
 2DIAGNOSTIC,    17, -5.661333055160e-01, 2.218250230206e-04, 2.9818e+00, 3.2905e-02, 
 2DIAGNOSTIC,    18, -5.661381169356e-01, 1.516384655837e-04, 3.0112e+00, 2.9400e-02, 
 2DIAGNOSTIC,    19, -5.661266186173e-01, 7.862811226027e-05, 3.0451e+00, 3.3878e-02, 
 2DIAGNOSTIC,    20, -5.661225707030e-01, 2.138759566926e-05, 3.0751e+00, 2.9980e-02, 
 2DIAGNOSTIC,    21, -5.661194535496e-01, 4.805353070306e-06, 3.1092e+00, 3.4142e-02, 
DIAGNOSTIC,Iteration,metricValue,convergenceValue,ITERATION_TIME_INDEX,SINCE_LAST
 2DIAGNOSTIC,     1, -5.039787615615e-01, 1.797693134862e+308, 4.2712e+00, 1.1620e+00, 
 2DIAGNOSTIC,     2, -5.041439141233e-01, 1.797693134862e+308, 4.5447e+00, 2.7349e-01, 
 2DIAGNOSTIC,     3, -5.042464285397e-01, 1.797693134862e+308, 4.8239e+00, 2.7925e-01, 
 2DIAGNOSTIC,     4, -5.043032466362e-01, 1.797693134862e+308, 5.1212e+00, 2.9728e-01, 
 2DIAGNOSTIC,     5, -5.043351805226e-01, 1.797693134862e+308, 5.3669e+00, 2.4563e-01, 
 2DIAGNOSTIC,     6, -5.044315931969e-01, 1.797693134862e+308, 5.6400e+00, 2.7317e-01, 
 2DIAGNOSTIC,     7, -5.045699874194e-01, 1.797693134862e+308, 5.9626e+00, 3.2258e-01, 
 2DIAGNOSTIC,     8, -5.045883264275e-01, 1.797693134862e+308, 6.2502e+00, 2.8755e-01, 
 2DIAGNOSTIC,     9, -5.045806146041e-01, 1.797693134862e+308, 6.5386e+00, 2.8846e-01, 
 2DIAGNOSTIC,    10, -5.045869100608e-01, 8.038788146314e-05, 6.8540e+00, 3.1543e-01, 
 2DIAGNOSTIC,    11, -5.045962667935e-01, 5.850044926106e-05, 7.1337e+00, 2.7967e-01, 
 2DIAGNOSTIC,    12, -5.046341904477e-01, 4.458511867789e-05, 7.4585e+00, 3.2483e-01, 
 2DIAGNOSTIC,    13, -5.046362493369e-01, 3.349947538853e-05, 7.8316e+00, 3.7304e-01, 
 2DIAGNOSTIC,    14, -5.046373070798e-01, 2.363134107428e-05, 8.1413e+00, 3.0975e-01, 
 2DIAGNOSTIC,    15, -5.046364288105e-01, 1.428485759655e-05, 8.4186e+00, 2.7725e-01, 
 2DIAGNOSTIC,    16, -5.046345990453e-01, 8.176772162305e-06, 8.6840e+00, 2.6547e-01, 
 2DIAGNOSTIC,    17, -5.046355971904e-01, 6.799464594892e-06, 8.9889e+00, 3.0484e-01, 
 2DIAGNOSTIC,    18, -5.046356858396e-01, 5.703131338977e-06, 9.3196e+00, 3.3070e-01, 
 2DIAGNOSTIC,    19, -5.046347998705e-01, 4.117701038996e-06, 9.6264e+00, 3.0681e-01, 
 2DIAGNOSTIC,    20, -5.046338856676e-01, 2.623386009121e-06, 9.9201e+00, 2.9371e-01, 
 2DIAGNOSTIC,    21, -5.046329752337e-01, 1.375039350965e-06, 1.0189e+01, 2.6917e-01, 
 2DIAGNOSTIC,    22, -5.046320806193e-01, 1.199653398780e-06, 1.0467e+01, 2.7802e-01, 
 2DIAGNOSTIC,    23, -5.046321479771e-01, 1.112882911235e-06, 1.0770e+01, 3.0296e-01, 
 2DIAGNOSTIC,    24, -5.046321986293e-01, 1.084946516058e-06, 1.1062e+01, 2.9191e-01, 
 2DIAGNOSTIC,    25, -5.046313247441e-01, 1.044015405835e-06, 1.1339e+01, 2.7649e-01, 
DIAGNOSTIC,Iteration,metricValue,convergenceValue,ITERATION_TIME_INDEX,SINCE_LAST
 2DIAGNOSTIC,     1, -4.673714285342e-01, 1.797693134862e+308, 1.4092e+01, 2.7538e+00, 
 2DIAGNOSTIC,     2, -4.674222393895e-01, 1.797693134862e+308, 1.5975e+01, 1.8823e+00, 
 2DIAGNOSTIC,     3, -4.674225683144e-01, 1.797693134862e+308, 1.7647e+01, 1.6722e+00, 
 2DIAGNOSTIC,     4, -4.674219578733e-01, 1.797693134862e+308, 1.9494e+01, 1.8474e+00, 
 2DIAGNOSTIC,     5, -4.674211599873e-01, 1.797693134862e+308, 2.1190e+01, 1.6960e+00, 
 2DIAGNOSTIC,     6, -4.674213638500e-01, 1.797693134862e+308, 2.3147e+01, 1.9566e+00, 
 2DIAGNOSTIC,     7, -4.674214596629e-01, 1.797693134862e+308, 2.8032e+01, 4.8852e+00, 
 2DIAGNOSTIC,     8, -4.674214596592e-01, 1.797693134862e+308, 3.2505e+01, 4.4725e+00, 
 2DIAGNOSTIC,     9, -4.674214596592e-01, 1.797693134862e+308, 3.4364e+01, 1.8589e+00, 
 2DIAGNOSTIC,    10, -4.674214596592e-01, 6.122299304412e-06, 3.6085e+01, 1.7211e+00, 
 2DIAGNOSTIC,    11, -4.674214596592e-01, 2.784470762560e-06, 3.7714e+01, 1.6290e+00, 
 2DIAGNOSTIC,    12, -4.674214596592e-01, 2.585551931819e-06, 3.9615e+01, 1.9013e+00, 
 2DIAGNOSTIC,    13, -4.674214596592e-01, 2.439024262252e-06, 4.1318e+01, 1.7025e+00, 
 2DIAGNOSTIC,    14, -4.674214596592e-01, 2.288803963468e-06, 4.2996e+01, 1.6784e+00, 
 2DIAGNOSTIC,    15, -4.674214596592e-01, 2.124559670871e-06, 4.4670e+01, 1.6736e+00, 
 2DIAGNOSTIC,    16, -4.674214596592e-01, 1.988132812769e-06, 4.6201e+01, 1.5314e+00, 
 2DIAGNOSTIC,    17, -4.674214596592e-01, 1.871183249118e-06, 4.7934e+01, 1.7326e+00, 
 2DIAGNOSTIC,    18, -4.674214596592e-01, 1.767228030643e-06, 4.9603e+01, 1.6694e+00, 
 2DIAGNOSTIC,    19, -4.674214596592e-01, 1.674215525910e-06, 5.1408e+01, 1.8045e+00, 
 2DIAGNOSTIC,    20, -4.674214596592e-01, 1.590504319443e-06, 5.3512e+01, 2.1045e+00, 
 2DIAGNOSTIC,    21, -4.674214596592e-01, 1.514765647838e-06, 5.5148e+01, 1.6357e+00, 
 2DIAGNOSTIC,    22, -4.674214596592e-01, 1.445912342211e-06, 5.6743e+01, 1.5957e+00, 
 2DIAGNOSTIC,    23, -4.674214596592e-01, 1.383046307250e-06, 5.8404e+01, 1.6603e+00, 
 2DIAGNOSTIC,    24, -4.674214596592e-01, 1.325419131004e-06, 6.0097e+01, 1.6937e+00, 
 2DIAGNOSTIC,    25, -4.674214596592e-01, 1.272402147784e-06, 6.1672e+01, 1.5750e+00, 
 2DIAGNOSTIC,    26, -4.674214596592e-01, 1.223463410187e-06, 6.3426e+01, 1.7536e+00, 
 2DIAGNOSTIC,    27, -4.674214596592e-01, 1.178149778062e-06, 6.5138e+01, 1.7117e+00, 
 2DIAGNOSTIC,    28, -4.674214596592e-01, 1.136072845846e-06, 6.6644e+01, 1.5066e+00, 
 2DIAGNOSTIC,    29, -4.674214596592e-01, 1.096897781286e-06, 6.8226e+01, 1.5814e+00, 
 2DIAGNOSTIC,    30, -4.674214596592e-01, 1.060334396646e-06, 6.9815e+01, 1.5892e+00, 
 2DIAGNOSTIC,    31, -4.674214596592e-01, 1.026129947873e-06, 7.1463e+01, 1.6486e+00, 
  Elapsed time (stage 0): 7.2465e+01


Total elapsed time: 7.2468e+01
Info [verificarlo]: loaded backend libinterflop_ieee.so
Info [interflop-ieee]: load backend with:
Info [interflop-ieee]: debug = false
Info [interflop-ieee]: debug-binary = false
Info [interflop-ieee]: no-backend-name = false
Info [interflop-ieee]: print-new-line = false
Info [interflop-ieee]: print-subnormal-normalized = false
Info [interflop-ieee]: count-op = false
All_Command_lines_OK
Using double precision for computations.
=============================================================================
The composite transform comprises the following transforms (in order): 
  1. /home/mdugre/scratch/mri-registration-rp/datasets/ds004513/derivatives/mri-registration-rp/0001/antsRegistration-r8-p13/sub-s035/rigid_Composite.h5[0] (type = Euler3DTransform)
  2. /home/mdugre/scratch/mri-registration-rp/datasets/ds004513/derivatives/mri-registration-rp/0001/antsRegistration-r8-p13/sub-s035/rigid_Composite.h5[1] (type = Euler3DTransform)
  3. /home/mdugre/scratch/mri-registration-rp/datasets/ds004513/derivatives/mri-registration-rp/0001/antsRegistration-r8-p13/sub-s035/rigid_Composite.h5[2] (type = Euler3DTransform)
=============================================================================
  number of levels = 4
  fixed image: /templateflow/tpl-MNI152NLin2009cAsym/tpl-MNI152NLin2009cAsym_res-01_desc-brain_T1w.nii.gz
  moving image: /home/mdugre/scratch/mri-registration-rp/datasets/ds004513/derivatives/mri-registration-rp/antsBrainExtraction/sub-s035/BrainExtractionBrain.nii.gz
Dimension = 3
Number of stages = 1
Use histogram matching = false
Winsorize image intensities = true
  Lower quantile = 0.005
  Upper quantile = 0.995


Stage 1 State
   Image metric = MattesMI
     Fixed image = Image (0x4bfd7e0)
  RTTI typeinfo:   itk::Image<double, 3u>
  Reference Count: 2
  Modified Time: 1592
  Debug: Off
  Object Name: 
  Observers: 
    none
  Source: (none)
  Source output name: (none)
  Release Data: Off
  Data Released: False
  Global Release Data: Off
  PipelineMTime: 0
  UpdateMTime: 1203
  RealTimeStamp: 0 seconds 
  LargestPossibleRegion: 
    Dimension: 3
    Index: [0, 0, 0]
    Size: [193, 229, 193]
  BufferedRegion: 
    Dimension: 3
    Index: [0, 0, 0]
    Size: [193, 229, 193]
  RequestedRegion: 
    Dimension: 3
    Index: [0, 0, 0]
    Size: [193, 229, 193]
  Spacing: [1, 1, 1]
  Origin: [96, 132, -78]
  Direction: 
-1 0 0
0 -1 0
0 0 1

  IndexToPointMatrix: 
-1 0 0
0 -1 0
0 0 1

  PointToIndexMatrix: 
-1 0 0
0 -1 0
0 0 1

  Inverse Direction: 
-1 0 0
0 -1 0
0 0 1

  PixelContainer: 
    ImportImageContainer (0x4cbda20)
      RTTI typeinfo:   itk::ImportImageContainer<unsigned long, double>
      Reference Count: 1
      Modified Time: 1200
      Debug: Off
      Object Name: 
      Observers: 
        none
      Pointer: 0x14db3bc6a010
      Container manages memory: true
      Size: 8530021
      Capacity: 8530021

     Moving image = Image (0x4cb8d70)
  RTTI typeinfo:   itk::Image<double, 3u>
  Reference Count: 2
  Modified Time: 1593
  Debug: Off
  Object Name: 
  Observers: 
    none
  Source: (none)
  Source output name: (none)
  Release Data: Off
  Data Released: False
  Global Release Data: Off
  PipelineMTime: 0
  UpdateMTime: 1590
  RealTimeStamp: 0 seconds 
  LargestPossibleRegion: 
    Dimension: 3
    Index: [0, 0, 0]
    Size: [160, 240, 256]
  BufferedRegion: 
    Dimension: 3
    Index: [0, 0, 0]
    Size: [160, 240, 256]
  RequestedRegion: 
    Dimension: 3
    Index: [0, 0, 0]
    Size: [160, 240, 256]
  Spacing: [1, 1, 1]
  Origin: [98.6438, 87.6358, -117.989]
  Direction: 
-0.993515 -0.100993 -0.0522355
0.100854 -0.994887 0.00530255
-0.0525039 1.93537e-08 0.998621

  IndexToPointMatrix: 
-0.993515 -0.100993 -0.0522355
0.100854 -0.994887 0.00530255
-0.0525039 1.93537e-08 0.998621

  PointToIndexMatrix: 
-0.993515 0.100854 -0.0525039
-0.100993 -0.994887 1.93006e-08
-0.0522355 0.00530255 0.998621

  Inverse Direction: 
-0.993515 0.100854 -0.0525039
-0.100993 -0.994887 1.93006e-08
-0.0522355 0.00530255 0.998621

  PixelContainer: 
    ImportImageContainer (0x4c70c90)
      RTTI typeinfo:   itk::ImportImageContainer<unsigned long, double>
      Reference Count: 1
      Modified Time: 1587
      Debug: Off
      Object Name: 
      Observers: 
        none
      Pointer: 0x14db37169010
      Container manages memory: true
      Size: 9830400
      Capacity: 9830400

     Weighting = 1
     Sampling strategy = regular
     Number of bins = 32
     Radius = 4
     Sampling percentage  = 0.25
   Transform = Affine
     Gradient step = 0.1
     Update field sigma (voxel space) = 0
     Total field sigma (voxel space) = 0
     Update field time sigma = 0
     Total field time sigma  = 0
     Number of time indices = 0
     Number of time point samples = 0
Registration using 1 total stages.

Stage 0
  iterations = 1000x500x250x100
  convergence threshold = 1e-06
  convergence window size = 10
  number of levels = 4
  using the Mattes MI metric (number of bins = 32, weight = 1, use gradient filter = 0)
  preprocessing:  winsorizing the image intensities
  Shrink factors (level 1 out of 4): [8, 8, 8]
  Shrink factors (level 2 out of 4): [4, 4, 4]
  Shrink factors (level 3 out of 4): [2, 2, 2]
  Shrink factors (level 4 out of 4): [1, 1, 1]
  smoothing sigmas per level: [3, 2, 1, 0]
  regular sampling (percentage = 0.25)

*** Running AffineTransform registration ***

DIAGNOSTIC,Iteration,metricValue,convergenceValue,ITERATION_TIME_INDEX,SINCE_LAST
 2DIAGNOSTIC,     1, -6.761271615929e-01, 1.797693134862e+308, 8.2574e-01, 8.2574e-01, 
 2DIAGNOSTIC,     2, -6.785000422056e-01, 1.797693134862e+308, 8.3109e-01, 5.3501e-03, 
 2DIAGNOSTIC,     3, -6.823366837894e-01, 1.797693134862e+308, 8.3615e-01, 5.0609e-03, 
 2DIAGNOSTIC,     4, -6.889439227672e-01, 1.797693134862e+308, 8.4116e-01, 5.0101e-03, 
 2DIAGNOSTIC,     5, -7.003789905459e-01, 1.797693134862e+308, 8.4605e-01, 4.8909e-03, 
 2DIAGNOSTIC,     6, -7.128985704048e-01, 1.797693134862e+308, 8.5121e-01, 5.1601e-03, 
 2DIAGNOSTIC,     7, -7.310076400498e-01, 1.797693134862e+308, 8.5745e-01, 6.2430e-03, 
 2DIAGNOSTIC,     8, -7.348859146549e-01, 1.797693134862e+308, 8.6254e-01, 5.0890e-03, 
 2DIAGNOSTIC,     9, -7.369146132527e-01, 1.797693134862e+308, 8.6774e-01, 5.1992e-03, 
 2DIAGNOSTIC,    10, -7.432713373954e-01, 7.094184999107e-03, 8.7823e-01, 1.0489e-02, 
 2DIAGNOSTIC,    11, -7.434143163047e-01, 6.208301354595e-03, 8.8339e-01, 5.1620e-03, 
 2DIAGNOSTIC,    12, -7.437749932819e-01, 5.008667948865e-03, 8.8914e-01, 5.7480e-03, 
 2DIAGNOSTIC,    13, -7.438421454724e-01, 3.672335676111e-03, 8.9426e-01, 5.1169e-03, 
 2DIAGNOSTIC,    14, -7.440954457798e-01, 2.396379220603e-03, 9.0054e-01, 6.2821e-03, 
 2DIAGNOSTIC,    15, -7.442985887176e-01, 1.379154472341e-03, 9.0679e-01, 6.2530e-03, 
 2DIAGNOSTIC,    16, -7.442742443390e-01, 6.629961835465e-04, 9.1249e-01, 5.7030e-03, 
 2DIAGNOSTIC,    17, -7.441549427106e-01, 3.891329423756e-04, 9.1757e-01, 5.0778e-03, 
 2DIAGNOSTIC,    18, -7.440897810899e-01, 1.944652877100e-04, 9.2272e-01, 5.1508e-03, 
 2DIAGNOSTIC,    19, -7.440944908796e-01, 4.121561782118e-05, 9.2921e-01, 6.4878e-03, 
 2DIAGNOSTIC,    20, -7.441691372879e-01, 2.572673822333e-05, 9.3511e-01, 5.9011e-03, 
 2DIAGNOSTIC,    21, -7.441239179554e-01, 1.116779898441e-05, 9.4078e-01, 5.6691e-03, 
 2DIAGNOSTIC,    22, -7.440744123654e-01, 2.748359566554e-06, 9.4590e-01, 5.1160e-03, 
DIAGNOSTIC,Iteration,metricValue,convergenceValue,ITERATION_TIME_INDEX,SINCE_LAST
 2DIAGNOSTIC,     1, -6.117839731606e-01, 1.797693134862e+308, 1.6781e+00, 7.3221e-01, 
 2DIAGNOSTIC,     2, -6.120396312752e-01, 1.797693134862e+308, 1.7167e+00, 3.8582e-02, 
 2DIAGNOSTIC,     3, -6.123280473207e-01, 1.797693134862e+308, 1.7519e+00, 3.5201e-02, 
 2DIAGNOSTIC,     4, -6.126262327759e-01, 1.797693134862e+308, 1.7919e+00, 4.0040e-02, 
 2DIAGNOSTIC,     5, -6.127977856343e-01, 1.797693134862e+308, 1.8416e+00, 4.9634e-02, 
 2DIAGNOSTIC,     6, -6.128161069117e-01, 1.797693134862e+308, 1.8945e+00, 5.2901e-02, 
 2DIAGNOSTIC,     7, -6.128118540836e-01, 1.797693134862e+308, 1.9346e+00, 4.0156e-02, 
 2DIAGNOSTIC,     8, -6.128172170400e-01, 1.797693134862e+308, 1.9822e+00, 4.7554e-02, 
 2DIAGNOSTIC,     9, -6.128036825590e-01, 1.797693134862e+308, 2.0226e+00, 4.0463e-02, 
 2DIAGNOSTIC,    10, -6.127894459799e-01, 1.008979182093e-04, 2.0601e+00, 3.7491e-02, 
 2DIAGNOSTIC,    11, -6.127985868185e-01, 5.751201595278e-05, 2.1100e+00, 4.9831e-02, 
 2DIAGNOSTIC,    12, -6.128008380338e-01, 2.633486215770e-05, 2.1485e+00, 3.8536e-02, 
 2DIAGNOSTIC,    13, -6.127926670722e-01, 7.590198858931e-06, 2.1840e+00, 3.5487e-02, 
DIAGNOSTIC,Iteration,metricValue,convergenceValue,ITERATION_TIME_INDEX,SINCE_LAST
 2DIAGNOSTIC,     1, -5.362239603508e-01, 1.797693134862e+308, 3.2943e+00, 1.1103e+00, 
 2DIAGNOSTIC,     2, -5.365020632195e-01, 1.797693134862e+308, 3.5755e+00, 2.8124e-01, 
 2DIAGNOSTIC,     3, -5.367674185908e-01, 1.797693134862e+308, 3.8556e+00, 2.8012e-01, 
 2DIAGNOSTIC,     4, -5.369244600959e-01, 1.797693134862e+308, 4.3472e+00, 4.9160e-01, 
 2DIAGNOSTIC,     5, -5.369134716728e-01, 1.797693134862e+308, 4.6661e+00, 3.1886e-01, 
 2DIAGNOSTIC,     6, -5.369105524029e-01, 1.797693134862e+308, 5.0652e+00, 3.9909e-01, 
 2DIAGNOSTIC,     7, -5.369105516030e-01, 1.797693134862e+308, 5.5510e+00, 4.8583e-01, 
 2DIAGNOSTIC,     8, -5.369111925338e-01, 1.797693134862e+308, 5.9342e+00, 3.8321e-01, 
 2DIAGNOSTIC,     9, -5.369104483889e-01, 1.797693134862e+308, 6.2424e+00, 3.0813e-01, 
 2DIAGNOSTIC,    10, -5.369078137497e-01, 6.325373780636e-05, 6.5322e+00, 2.8987e-01, 
 2DIAGNOSTIC,    11, -5.369074299847e-01, 2.778149444947e-05, 6.8342e+00, 3.0197e-01, 
 2DIAGNOSTIC,    12, -5.369070455621e-01, 7.982619247629e-06, 7.1209e+00, 2.8676e-01, 
 2DIAGNOSTIC,    13, -5.369070846710e-01, 1.364752510419e-06, 7.5099e+00, 3.8894e-01, 
 2DIAGNOSTIC,    14, -5.369081254624e-01, 1.779786191938e-06, 7.9278e+00, 4.1793e-01, 
 2DIAGNOSTIC,    15, -5.369056136963e-01, 1.711756372036e-06, 8.2676e+00, 3.3983e-01, 
 2DIAGNOSTIC,    16, -5.369055733383e-01, 1.595083824635e-06, 8.5810e+00, 3.1338e-01, 
 2DIAGNOSTIC,    17, -5.369054185764e-01, 1.521177404158e-06, 8.9223e+00, 3.4131e-01, 
 2DIAGNOSTIC,    18, -5.369054244325e-01, 1.505190578968e-06, 9.2190e+00, 2.9671e-01, 
 2DIAGNOSTIC,    19, -5.369051646043e-01, 1.488711135124e-06, 9.5416e+00, 3.2259e-01, 
 2DIAGNOSTIC,    20, -5.369028173948e-01, 1.360605208875e-06, 9.8120e+00, 2.7039e-01, 
 2DIAGNOSTIC,    21, -5.369019211073e-01, 1.236467503413e-06, 1.0133e+01, 3.2103e-01, 
 2DIAGNOSTIC,    22, -5.369028928365e-01, 1.162935188814e-06, 1.0492e+01, 3.5894e-01, 
 2DIAGNOSTIC,    23, -5.369024228937e-01, 1.109235161098e-06, 1.0805e+01, 3.1263e-01, 
 2DIAGNOSTIC,    24, -5.369007653951e-01, 1.074132951015e-06, 1.1099e+01, 2.9452e-01, 
 2DIAGNOSTIC,    25, -5.369003434110e-01, 1.005457959564e-06, 1.1395e+01, 2.9623e-01, 
DIAGNOSTIC,Iteration,metricValue,convergenceValue,ITERATION_TIME_INDEX,SINCE_LAST
 2DIAGNOSTIC,     1, -4.925744085731e-01, 1.797693134862e+308, 1.4295e+01, 2.8996e+00, 
 2DIAGNOSTIC,     2, -4.926840229677e-01, 1.797693134862e+308, 1.6045e+01, 1.7504e+00, 
 2DIAGNOSTIC,     3, -4.927764748992e-01, 1.797693134862e+308, 2.0568e+01, 4.5222e+00, 
 2DIAGNOSTIC,     4, -4.927765115598e-01, 1.797693134862e+308, 2.2720e+01, 2.1527e+00, 
 2DIAGNOSTIC,     5, -4.927765997689e-01, 1.797693134862e+308, 2.5307e+01, 2.5864e+00, 
 2DIAGNOSTIC,     6, -4.927765204646e-01, 1.797693134862e+308, 2.7235e+01, 1.9288e+00, 
 2DIAGNOSTIC,     7, -4.927764411473e-01, 1.797693134862e+308, 2.9332e+01, 2.0967e+00, 
 2DIAGNOSTIC,     8, -4.927761392784e-01, 1.797693134862e+308, 3.1370e+01, 2.0378e+00, 
 2DIAGNOSTIC,     9, -4.927760748064e-01, 1.797693134862e+308, 3.3400e+01, 2.0302e+00, 
 2DIAGNOSTIC,    10, -4.927761038673e-01, 1.943629639045e-05, 3.5434e+01, 2.0341e+00, 
 2DIAGNOSTIC,    11, -4.927760131428e-01, 7.670438779833e-06, 3.7295e+01, 1.8606e+00, 
 2DIAGNOSTIC,    12, -4.927759353759e-01, 2.574965024399e-06, 3.9211e+01, 1.9164e+00, 
 2DIAGNOSTIC,    13, -4.927760984239e-01, 2.379685308890e-06, 4.1206e+01, 1.9944e+00, 
 2DIAGNOSTIC,    14, -4.927760652449e-01, 2.218162556911e-06, 4.3645e+01, 2.4397e+00, 
 2DIAGNOSTIC,    15, -4.927759745449e-01, 2.082945981544e-06, 4.5556e+01, 1.9104e+00, 
 2DIAGNOSTIC,    16, -4.927758874281e-01, 1.962248806581e-06, 4.7509e+01, 1.9533e+00, 
 2DIAGNOSTIC,    17, -4.927757976639e-01, 1.852751633544e-06, 4.9602e+01, 2.0933e+00, 
 2DIAGNOSTIC,    18, -4.927756068033e-01, 1.741290253265e-06, 5.1445e+01, 1.8428e+00, 
 2DIAGNOSTIC,    19, -4.927756543922e-01, 1.643458858565e-06, 5.3213e+01, 1.7683e+00, 
 2DIAGNOSTIC,    20, -4.927757349898e-01, 1.561469259559e-06, 5.5333e+01, 2.1199e+00, 
