
##########################
# Experiment information #
##########################

EXPERIMENT_NAME: antsRegistration-r8-p17
VFC_BACKENDS: libinterflop_vprec.so --range-binary32=8 --precision-binary32=17 --range-binary64=8 --precision-binary64=17

SIF_IMG: /home/mdugre/projects/rrg-glatard/mdugre/containers/ants-vprec-no_metrics.simg

SUBJECT_ID: s033
INPUT_IMG: /home/mdugre/scratch/mri-registration-rp/datasets/ds004513/derivatives/mri-registration-rp/antsBrainExtraction/sub-s033/BrainExtractionBrain.nii.gz
OUTPUT_DIR: /home/mdugre/scratch/mri-registration-rp/datasets/ds004513/derivatives/mri-registration-rp/0001/antsRegistration-r8-p17/sub-s033

FIXED_IMG: /templateflow/tpl-MNI152NLin2009cAsym/tpl-MNI152NLin2009cAsym_res-01_desc-brain_T1w.nii.gz
DATA_DIR: /home/mdugre/scratch/mri-registration-rp/datasets/ds004513
TEMPLATEFLOW_DIR: /home/mdugre/projects/rrg-glatard/mdugre/templateflow
ITK_GLOBAL_DEFAULT_NUMBER_OF_THREADS: 16
##########################

Info [verificarlo]: loaded backend libinterflop_ieee.so
Info [interflop-ieee]: load backend with:
Info [interflop-ieee]: debug = false
Info [interflop-ieee]: debug-binary = false
Info [interflop-ieee]: no-backend-name = false
Info [interflop-ieee]: print-new-line = false
Info [interflop-ieee]: print-subnormal-normalized = false
Info [interflop-ieee]: count-op = false
All_Command_lines_OK
Using double precision for computations.
=============================================================================
The composite transform comprises the following transforms (in order): 
  1. Center of mass alignment using fixed image: /templateflow/tpl-MNI152NLin2009cAsym/tpl-MNI152NLin2009cAsym_res-01_desc-brain_T1w.nii.gz and moving image: /home/mdugre/scratch/mri-registration-rp/datasets/ds004513/derivatives/mri-registration-rp/antsBrainExtraction/sub-s033/BrainExtractionBrain.nii.gz (type = Euler3DTransform)
=============================================================================
  number of levels = 1
  fixed image: /templateflow/tpl-MNI152NLin2009cAsym/tpl-MNI152NLin2009cAsym_res-01_desc-brain_T1w.nii.gz
  moving image: /home/mdugre/scratch/mri-registration-rp/datasets/ds004513/derivatives/mri-registration-rp/antsBrainExtraction/sub-s033/BrainExtractionBrain.nii.gz
Dimension = 3
Number of stages = 1
Use histogram matching = false
Winsorize image intensities = true
  Lower quantile = 0.005
  Upper quantile = 0.995


Stage 1 State
   Image metric = MattesMI
     Fixed image = Image (0x3644e70)
  RTTI typeinfo:   itk::Image<double, 3u>
  Reference Count: 2
  Modified Time: 2330
  Debug: Off
  Object Name: 
  Observers: 
    none
  Source: (none)
  Source output name: (none)
  Release Data: Off
  Data Released: False
  Global Release Data: Off
  PipelineMTime: 0
  UpdateMTime: 1941
  RealTimeStamp: 0 seconds 
  LargestPossibleRegion: 
    Dimension: 3
    Index: [0, 0, 0]
    Size: [193, 229, 193]
  BufferedRegion: 
    Dimension: 3
    Index: [0, 0, 0]
    Size: [193, 229, 193]
  RequestedRegion: 
    Dimension: 3
    Index: [0, 0, 0]
    Size: [193, 229, 193]
  Spacing: [1, 1, 1]
  Origin: [96, 132, -78]
  Direction: 
-1 0 0
0 -1 0
0 0 1

  IndexToPointMatrix: 
-1 0 0
0 -1 0
0 0 1

  PointToIndexMatrix: 
-1 0 0
0 -1 0
0 0 1

  Inverse Direction: 
-1 0 0
0 -1 0
0 0 1

  PixelContainer: 
    ImportImageContainer (0x364dc60)
      RTTI typeinfo:   itk::ImportImageContainer<unsigned long, double>
      Reference Count: 1
      Modified Time: 1938
      Debug: Off
      Object Name: 
      Observers: 
        none
      Pointer: 0x14fd88c8a010
      Container manages memory: true
      Size: 8530021
      Capacity: 8530021

     Moving image = Image (0x3647540)
  RTTI typeinfo:   itk::Image<double, 3u>
  Reference Count: 2
  Modified Time: 2331
  Debug: Off
  Object Name: 
  Observers: 
    none
  Source: (none)
  Source output name: (none)
  Release Data: Off
  Data Released: False
  Global Release Data: Off
  PipelineMTime: 0
  UpdateMTime: 2328
  RealTimeStamp: 0 seconds 
  LargestPossibleRegion: 
    Dimension: 3
    Index: [0, 0, 0]
    Size: [160, 240, 256]
  BufferedRegion: 
    Dimension: 3
    Index: [0, 0, 0]
    Size: [160, 240, 256]
  RequestedRegion: 
    Dimension: 3
    Index: [0, 0, 0]
    Size: [160, 240, 256]
  Spacing: [1, 1, 1]
  Origin: [91.5134, 94.282, -109.927]
  Direction: 
-0.99591 -0.0698718 -0.0572835
0.0697565 -0.997556 0.00401236
-0.0574239 5.01125e-08 0.99835

  IndexToPointMatrix: 
-0.99591 -0.0698718 -0.0572835
0.0697565 -0.997556 0.00401236
-0.0574239 5.01125e-08 0.99835

  PointToIndexMatrix: 
-0.99591 0.0697565 -0.0574239
-0.0698718 -0.997556 5.01483e-08
-0.0572835 0.00401236 0.99835

  Inverse Direction: 
-0.99591 0.0697565 -0.0574239
-0.0698718 -0.997556 5.01483e-08
-0.0572835 0.00401236 0.99835

  PixelContainer: 
    ImportImageContainer (0x3759610)
      RTTI typeinfo:   itk::ImportImageContainer<unsigned long, double>
      Reference Count: 1
      Modified Time: 2325
      Debug: Off
      Object Name: 
      Observers: 
        none
      Pointer: 0x14fd84189010
      Container manages memory: true
      Size: 9830400
      Capacity: 9830400

     Weighting = 1
     Sampling strategy = regular
     Number of bins = 32
     Radius = 4
     Sampling percentage  = 0.25
   Transform = Rigid
     Gradient step = 0.1
     Update field sigma (voxel space) = 0
     Total field sigma (voxel space) = 0
     Update field time sigma = 0
     Total field time sigma  = 0
     Number of time indices = 0
     Number of time point samples = 0
Registration using 1 total stages.

Stage 0
  iterations = 0
  convergence threshold = 1e-06
  convergence window size = 10
  number of levels = 1
  using the Mattes MI metric (number of bins = 32, weight = 1, use gradient filter = 0)
  preprocessing:  winsorizing the image intensities
  Shrink factors (level 1 out of 1): [1, 1, 1]
  smoothing sigmas per level: [0]
  regular sampling (percentage = 0.25)

*** Running Euler3DTransform registration ***

  Elapsed time (stage 0): 1.12709


Total elapsed time: 1.13234
Info [verificarlo]: loaded backend libinterflop_ieee.so
Info [interflop-ieee]: load backend with:
Info [interflop-ieee]: debug = false
Info [interflop-ieee]: debug-binary = false
Info [interflop-ieee]: no-backend-name = false
Info [interflop-ieee]: print-new-line = false
Info [interflop-ieee]: print-subnormal-normalized = false
Info [interflop-ieee]: count-op = false
All_Command_lines_OK
Using double precision for computations.
=============================================================================
The composite transform comprises the following transforms (in order): 
  1. /home/mdugre/scratch/mri-registration-rp/datasets/ds004513/derivatives/mri-registration-rp/0001/antsRegistration-r8-p17/sub-s033/align_Composite.h5[0] (type = Euler3DTransform)
  2. /home/mdugre/scratch/mri-registration-rp/datasets/ds004513/derivatives/mri-registration-rp/0001/antsRegistration-r8-p17/sub-s033/align_Composite.h5[1] (type = Euler3DTransform)
=============================================================================
  number of levels = 4
  fixed image: /templateflow/tpl-MNI152NLin2009cAsym/tpl-MNI152NLin2009cAsym_res-01_desc-brain_T1w.nii.gz
  moving image: /home/mdugre/scratch/mri-registration-rp/datasets/ds004513/derivatives/mri-registration-rp/antsBrainExtraction/sub-s033/BrainExtractionBrain.nii.gz
Dimension = 3
Number of stages = 1
Use histogram matching = false
Winsorize image intensities = true
  Lower quantile = 0.005
  Upper quantile = 0.995


Stage 1 State
   Image metric = MattesMI
     Fixed image = Image (0x36fe530)
  RTTI typeinfo:   itk::Image<double, 3u>
  Reference Count: 2
  Modified Time: 1578
  Debug: Off
  Object Name: 
  Observers: 
    none
  Source: (none)
  Source output name: (none)
  Release Data: Off
  Data Released: False
  Global Release Data: Off
  PipelineMTime: 0
  UpdateMTime: 1189
  RealTimeStamp: 0 seconds 
  LargestPossibleRegion: 
    Dimension: 3
    Index: [0, 0, 0]
    Size: [193, 229, 193]
  BufferedRegion: 
    Dimension: 3
    Index: [0, 0, 0]
    Size: [193, 229, 193]
  RequestedRegion: 
    Dimension: 3
    Index: [0, 0, 0]
    Size: [193, 229, 193]
  Spacing: [1, 1, 1]
  Origin: [96, 132, -78]
  Direction: 
-1 0 0
0 -1 0
0 0 1

  IndexToPointMatrix: 
-1 0 0
0 -1 0
0 0 1

  PointToIndexMatrix: 
-1 0 0
0 -1 0
0 0 1

  Inverse Direction: 
-1 0 0
0 -1 0
0 0 1

  PixelContainer: 
    ImportImageContainer (0x37bcd60)
      RTTI typeinfo:   itk::ImportImageContainer<unsigned long, double>
      Reference Count: 1
      Modified Time: 1186
      Debug: Off
      Object Name: 
      Observers: 
        none
      Pointer: 0x146d4b7b9010
      Container manages memory: true
      Size: 8530021
      Capacity: 8530021

     Moving image = Image (0x37aef60)
  RTTI typeinfo:   itk::Image<double, 3u>
  Reference Count: 2
  Modified Time: 1579
  Debug: Off
  Object Name: 
  Observers: 
    none
  Source: (none)
  Source output name: (none)
  Release Data: Off
  Data Released: False
  Global Release Data: Off
  PipelineMTime: 0
  UpdateMTime: 1576
  RealTimeStamp: 0 seconds 
  LargestPossibleRegion: 
    Dimension: 3
    Index: [0, 0, 0]
    Size: [160, 240, 256]
  BufferedRegion: 
    Dimension: 3
    Index: [0, 0, 0]
    Size: [160, 240, 256]
  RequestedRegion: 
    Dimension: 3
    Index: [0, 0, 0]
    Size: [160, 240, 256]
  Spacing: [1, 1, 1]
  Origin: [91.5134, 94.282, -109.927]
  Direction: 
-0.99591 -0.0698718 -0.0572835
0.0697565 -0.997556 0.00401236
-0.0574239 5.01125e-08 0.99835

  IndexToPointMatrix: 
-0.99591 -0.0698718 -0.0572835
0.0697565 -0.997556 0.00401236
-0.0574239 5.01125e-08 0.99835

  PointToIndexMatrix: 
-0.99591 0.0697565 -0.0574239
-0.0698718 -0.997556 5.01483e-08
-0.0572835 0.00401236 0.99835

  Inverse Direction: 
-0.99591 0.0697565 -0.0574239
-0.0698718 -0.997556 5.01483e-08
-0.0572835 0.00401236 0.99835

  PixelContainer: 
    ImportImageContainer (0x37a06d0)
      RTTI typeinfo:   itk::ImportImageContainer<unsigned long, double>
      Reference Count: 1
      Modified Time: 1573
      Debug: Off
      Object Name: 
      Observers: 
        none
      Pointer: 0x146d46cb8010
      Container manages memory: true
      Size: 9830400
      Capacity: 9830400

     Weighting = 1
     Sampling strategy = regular
     Number of bins = 32
     Radius = 4
     Sampling percentage  = 0.25
   Transform = Rigid
     Gradient step = 0.1
     Update field sigma (voxel space) = 0
     Total field sigma (voxel space) = 0
     Update field time sigma = 0
     Total field time sigma  = 0
     Number of time indices = 0
     Number of time point samples = 0
Registration using 1 total stages.

Stage 0
  iterations = 1000x500x250x100
  convergence threshold = 1e-06
  convergence window size = 10
  number of levels = 4
  using the Mattes MI metric (number of bins = 32, weight = 1, use gradient filter = 0)
  preprocessing:  winsorizing the image intensities
  Shrink factors (level 1 out of 4): [8, 8, 8]
  Shrink factors (level 2 out of 4): [4, 4, 4]
  Shrink factors (level 3 out of 4): [2, 2, 2]
  Shrink factors (level 4 out of 4): [1, 1, 1]
  smoothing sigmas per level: [3, 2, 1, 0]
  regular sampling (percentage = 0.25)

*** Running Euler3DTransform registration ***

DIAGNOSTIC,Iteration,metricValue,convergenceValue,ITERATION_TIME_INDEX,SINCE_LAST
 2DIAGNOSTIC,     1, -4.945365495269e-01, 1.797693134862e+308, 8.1677e-01, 8.1677e-01, 
 2DIAGNOSTIC,     2, -4.961551199262e-01, 1.797693134862e+308, 8.2145e-01, 4.6792e-03, 
 2DIAGNOSTIC,     3, -4.991207097076e-01, 1.797693134862e+308, 8.2608e-01, 4.6232e-03, 
 2DIAGNOSTIC,     4, -5.030359852117e-01, 1.797693134862e+308, 8.3077e-01, 4.6971e-03, 
 2DIAGNOSTIC,     5, -5.059125054655e-01, 1.797693134862e+308, 8.3528e-01, 4.5059e-03, 
 2DIAGNOSTIC,     6, -5.092815596254e-01, 1.797693134862e+308, 8.3977e-01, 4.4880e-03, 
 2DIAGNOSTIC,     7, -5.205915484568e-01, 1.797693134862e+308, 8.4487e-01, 5.1060e-03, 
 2DIAGNOSTIC,     8, -5.236677933913e-01, 1.797693134862e+308, 8.4932e-01, 4.4501e-03, 
 2DIAGNOSTIC,     9, -5.261653611514e-01, 1.797693134862e+308, 8.5381e-01, 4.4861e-03, 
 2DIAGNOSTIC,    10, -5.313843279548e-01, 4.956236851461e-03, 8.5866e-01, 4.8559e-03, 
 2DIAGNOSTIC,    11, -5.461121550605e-01, 5.255951709877e-03, 8.6475e-01, 6.0899e-03, 
 2DIAGNOSTIC,    12, -5.563506773259e-01, 5.544499219498e-03, 8.7633e-01, 1.1578e-02, 
 2DIAGNOSTIC,    13, -6.011783753088e-01, 7.240286203965e-03, 8.8722e-01, 1.0887e-02, 
 2DIAGNOSTIC,    14, -6.166052825026e-01, 8.701253899186e-03, 8.9881e-01, 1.1587e-02, 
 2DIAGNOSTIC,    15, -6.211428291645e-01, 9.416357351020e-03, 9.1925e-01, 2.0443e-02, 
 2DIAGNOSTIC,    16, -6.235432151621e-01, 9.368281935565e-03, 9.2484e-01, 5.5940e-03, 
 2DIAGNOSTIC,    17, -6.347577461728e-01, 9.145335028813e-03, 9.3134e-01, 6.4981e-03, 
 2DIAGNOSTIC,    18, -6.413138476724e-01, 8.359392953247e-03, 9.3793e-01, 6.5870e-03, 
 2DIAGNOSTIC,    19, -6.420802713611e-01, 6.980623460503e-03, 9.4396e-01, 6.0360e-03, 
 2DIAGNOSTIC,    20, -6.425493370003e-01, 5.272872586940e-03, 9.4853e-01, 4.5679e-03, 
 2DIAGNOSTIC,    21, -6.431795004343e-01, 3.641466669698e-03, 9.5371e-01, 5.1818e-03, 
 2DIAGNOSTIC,    22, -6.434078409973e-01, 2.049113986035e-03, 9.5831e-01, 4.5969e-03, 
 2DIAGNOSTIC,    23, -6.435083889712e-01, 1.381096892768e-03, 9.6340e-01, 5.0912e-03, 
 2DIAGNOSTIC,    24, -6.436807756577e-01, 9.688116306454e-04, 9.7368e-01, 1.0273e-02, 
 2DIAGNOSTIC,    25, -6.439989395086e-01, 6.014653694924e-04, 9.8115e-01, 7.4790e-03, 
 2DIAGNOSTIC,    26, -6.448361536390e-01, 2.655196663926e-04, 9.9464e-01, 1.3487e-02, 
 2DIAGNOSTIC,    27, -6.460796036376e-01, 1.536865465397e-04, 1.0003e+00, 5.7070e-03, 
 2DIAGNOSTIC,    28, -6.463976196323e-01, 1.550353411216e-04, 1.0049e+00, 4.5450e-03, 
 2DIAGNOSTIC,    29, -6.463935458182e-01, 1.547432186065e-04, 1.0094e+00, 4.5021e-03, 
 2DIAGNOSTIC,    30, -6.464392298254e-01, 1.482978534478e-04, 1.0145e+00, 5.1260e-03, 
 2DIAGNOSTIC,    31, -6.463723508679e-01, 1.368671540220e-04, 1.0191e+00, 4.5590e-03, 
 2DIAGNOSTIC,    32, -6.464254415996e-01, 1.173265733027e-04, 1.0301e+00, 1.1026e-02, 
 2DIAGNOSTIC,    33, -6.464354984499e-01, 8.969329021784e-05, 1.0566e+00, 2.6456e-02, 
 2DIAGNOSTIC,    34, -6.464354984170e-01, 5.811488190709e-05, 1.0720e+00, 1.5388e-02, 
 2DIAGNOSTIC,    35, -6.464354984170e-01, 2.735368196875e-05, 1.0791e+00, 7.1378e-03, 
 2DIAGNOSTIC,    36, -6.464354984170e-01, 6.561975217992e-06, 1.0846e+00, 5.5490e-03, 
 2DIAGNOSTIC,    37, -6.464354984170e-01, 2.244499104274e-06, 1.0938e+00, 9.1600e-03, 
 2DIAGNOSTIC,    38, -6.464354984170e-01, 1.990754355873e-06, 1.1003e+00, 6.5422e-03, 
 2DIAGNOSTIC,    39, -6.464354984170e-01, 1.582335742777e-06, 1.1059e+00, 5.5699e-03, 
 2DIAGNOSTIC,    40, -6.464354984170e-01, 1.698172955703e-06, 1.1113e+00, 5.4140e-03, 
DIAGNOSTIC,Iteration,metricValue,convergenceValue,ITERATION_TIME_INDEX,SINCE_LAST
 2DIAGNOSTIC,     1, -5.367244451932e-01, 1.797693134862e+308, 1.9357e+00, 8.2439e-01, 
 2DIAGNOSTIC,     2, -5.380313835664e-01, 1.797693134862e+308, 1.9774e+00, 4.1672e-02, 
 2DIAGNOSTIC,     3, -5.401731911310e-01, 1.797693134862e+308, 2.0092e+00, 3.1775e-02, 
 2DIAGNOSTIC,     4, -5.431881344894e-01, 1.797693134862e+308, 2.0488e+00, 3.9632e-02, 
 2DIAGNOSTIC,     5, -5.453557596731e-01, 1.797693134862e+308, 2.0855e+00, 3.6673e-02, 
 2DIAGNOSTIC,     6, -5.461088565396e-01, 1.797693134862e+308, 2.1186e+00, 3.3124e-02, 
 2DIAGNOSTIC,     7, -5.462086681099e-01, 1.797693134862e+308, 2.1587e+00, 4.0072e-02, 
 2DIAGNOSTIC,     8, -5.464869267640e-01, 1.797693134862e+308, 2.1993e+00, 4.0624e-02, 
 2DIAGNOSTIC,     9, -5.465850814327e-01, 1.797693134862e+308, 2.2588e+00, 5.9478e-02, 
 2DIAGNOSTIC,    10, -5.466464838664e-01, 1.224741206192e-03, 2.2987e+00, 3.9886e-02, 
 2DIAGNOSTIC,    11, -5.470487707275e-01, 8.391099592552e-04, 2.3372e+00, 3.8550e-02, 
 2DIAGNOSTIC,    12, -5.471506826564e-01, 5.042748147778e-04, 2.3747e+00, 3.7528e-02, 
 2DIAGNOSTIC,    13, -5.471747723919e-01, 2.608962770888e-04, 2.4198e+00, 4.5095e-02, 
 2DIAGNOSTIC,    14, -5.471893677774e-01, 1.401592643788e-04, 2.4530e+00, 3.3125e-02, 
 2DIAGNOSTIC,    15, -5.471839955871e-01, 9.761646658107e-05, 2.4948e+00, 4.1887e-02, 
 2DIAGNOSTIC,    16, -5.471599230304e-01, 7.527609357547e-05, 2.5310e+00, 3.6201e-02, 
 2DIAGNOSTIC,    17, -5.471662422333e-01, 5.183180770989e-05, 2.5631e+00, 3.2097e-02, 
 2DIAGNOSTIC,    18, -5.471747030087e-01, 3.478198619969e-05, 2.5981e+00, 3.5013e-02, 
 2DIAGNOSTIC,    19, -5.471813452918e-01, 1.945632012611e-05, 2.6353e+00, 3.7143e-02, 
 2DIAGNOSTIC,    20, -5.471662915646e-01, 4.969840557686e-06, 2.6686e+00, 3.3285e-02, 
 2DIAGNOSTIC,    21, -5.471844159919e-01, 1.951266781132e-06, 2.7340e+00, 6.5462e-02, 
 2DIAGNOSTIC,    22, -5.471946856454e-01, 1.794831473639e-06, 2.7658e+00, 3.1768e-02, 
 2DIAGNOSTIC,    23, -5.472309778460e-01, 2.955892138820e-06, 2.7970e+00, 3.1210e-02, 
 2DIAGNOSTIC,    24, -5.472460348033e-01, 4.500345904650e-06, 2.8342e+00, 3.7194e-02, 
 2DIAGNOSTIC,    25, -5.473225344904e-01, 7.130561956080e-06, 2.8686e+00, 3.4375e-02, 
 2DIAGNOSTIC,    26, -5.474469323170e-01, 1.098291056155e-05, 2.9093e+00, 4.0745e-02, 
 2DIAGNOSTIC,    27, -5.481013380502e-01, 2.630865648564e-05, 2.9494e+00, 4.0119e-02, 
 2DIAGNOSTIC,    28, -5.480678934986e-01, 3.738992978337e-05, 2.9924e+00, 4.2941e-02, 
 2DIAGNOSTIC,    29, -5.482084716639e-01, 4.712039714833e-05, 3.0312e+00, 3.8846e-02, 
 2DIAGNOSTIC,    30, -5.482082519064e-01, 5.166414440690e-05, 3.0666e+00, 3.5329e-02, 
 2DIAGNOSTIC,    31, -5.482014616252e-01, 5.125921272417e-05, 3.1270e+00, 6.0432e-02, 
 2DIAGNOSTIC,    32, -5.481815957396e-01, 4.582630611710e-05, 3.1587e+00, 3.1665e-02, 
 2DIAGNOSTIC,    33, -5.481718257594e-01, 3.689943061121e-05, 3.1901e+00, 3.1400e-02, 
 2DIAGNOSTIC,    34, -5.481825626866e-01, 2.560031599537e-05, 3.2202e+00, 3.0138e-02, 
 2DIAGNOSTIC,    35, -5.481838557806e-01, 1.379952391780e-05, 3.2511e+00, 3.0921e-02, 
 2DIAGNOSTIC,    36, -5.481854579995e-01, 3.009184778552e-06, 3.2813e+00, 3.0201e-02, 
 2DIAGNOSTIC,    37, -5.482631349723e-01, 2.936490479968e-06, 3.3177e+00, 3.6329e-02, 
 2DIAGNOSTIC,    38, -5.482856021614e-01, 2.436033026552e-06, 3.3568e+00, 3.9107e-02, 
 2DIAGNOSTIC,    39, -5.482706821635e-01, 3.481465669135e-06, 3.4069e+00, 5.0093e-02, 
 2DIAGNOSTIC,    40, -5.481987760878e-01, 3.305017050648e-06, 3.4471e+00, 4.0292e-02, 
 2DIAGNOSTIC,    41, -5.482804182543e-01, 3.879288914939e-06, 3.4843e+00, 3.7132e-02, 
 2DIAGNOSTIC,    42, -5.481859661350e-01, 2.660503849589e-06, 3.5229e+00, 3.8632e-02, 
 2DIAGNOSTIC,    43, -5.482756813678e-01, 2.303054556584e-06, 3.5648e+00, 4.1897e-02, 
 2DIAGNOSTIC,    44, -5.483025246923e-01, 2.248500632011e-06, 3.6007e+00, 3.5890e-02, 
 2DIAGNOSTIC,    45, -5.482811788771e-01, 1.830523785544e-06, 3.6390e+00, 3.8317e-02, 
 2DIAGNOSTIC,    46, -5.482645577024e-01, 1.147486318850e-06, 3.6792e+00, 4.0206e-02, 
 2DIAGNOSTIC,    47, -5.482548592998e-01, 1.197426472237e-06, 3.7736e+00, 9.4376e-02, 
 2DIAGNOSTIC,    48, -5.482548592986e-01, 1.431926244765e-06, 3.8610e+00, 8.7384e-02, 
 2DIAGNOSTIC,    49, -5.482548592986e-01, 1.429396267478e-06, 3.9033e+00, 4.2273e-02, 
DIAGNOSTIC,Iteration,metricValue,convergenceValue,ITERATION_TIME_INDEX,SINCE_LAST
 2DIAGNOSTIC,     1, -4.661873924019e-01, 1.797693134862e+308, 5.0677e+00, 1.1645e+00, 
 2DIAGNOSTIC,     2, -4.663634395047e-01, 1.797693134862e+308, 5.3049e+00, 2.3715e-01, 
 2DIAGNOSTIC,     3, -4.665065259413e-01, 1.797693134862e+308, 5.5470e+00, 2.4219e-01, 
 2DIAGNOSTIC,     4, -4.666272928834e-01, 1.797693134862e+308, 5.7808e+00, 2.3377e-01, 
 2DIAGNOSTIC,     5, -4.667166873122e-01, 1.797693134862e+308, 6.1144e+00, 3.3363e-01, 
 2DIAGNOSTIC,     6, -4.668667225551e-01, 1.797693134862e+308, 6.3848e+00, 2.7040e-01, 
 2DIAGNOSTIC,     7, -4.669697645083e-01, 1.797693134862e+308, 6.6941e+00, 3.0929e-01, 
 2DIAGNOSTIC,     8, -4.670258353494e-01, 1.797693134862e+308, 7.0624e+00, 3.6826e-01, 
 2DIAGNOSTIC,     9, -4.670791312177e-01, 1.797693134862e+308, 7.3196e+00, 2.5723e-01, 
 2DIAGNOSTIC,    10, -4.671177518030e-01, 1.313508943047e-04, 7.5921e+00, 2.7247e-01, 
 2DIAGNOSTIC,    11, -4.671984777967e-01, 1.051590677045e-04, 7.8646e+00, 2.7249e-01, 
 2DIAGNOSTIC,    12, -4.674361342071e-01, 9.491466320721e-05, 8.2725e+00, 4.0792e-01, 
 2DIAGNOSTIC,    13, -4.675162725067e-01, 8.805778281118e-05, 8.5167e+00, 2.4415e-01, 
 2DIAGNOSTIC,    14, -4.675732982605e-01, 8.220339556279e-05, 8.8729e+00, 3.5623e-01, 
 2DIAGNOSTIC,    15, -4.675740518888e-01, 7.348804892597e-05, 9.1581e+00, 2.8524e-01, 
 2DIAGNOSTIC,    16, -4.675763023712e-01, 6.504180337101e-05, 9.5817e+00, 4.2352e-01, 
 2DIAGNOSTIC,    17, -4.675763987152e-01, 5.533215162163e-05, 9.8243e+00, 2.4265e-01, 
 2DIAGNOSTIC,    18, -4.675746396447e-01, 4.352685747327e-05, 1.0030e+01, 2.0568e-01, 
 2DIAGNOSTIC,    19, -4.675729803709e-01, 3.083182439785e-05, 1.0273e+01, 2.4258e-01, 
 2DIAGNOSTIC,    20, -4.675713165020e-01, 1.787277427557e-05, 1.0486e+01, 2.1304e-01, 
 2DIAGNOSTIC,    21, -4.675679155279e-01, 6.728853153642e-06, 1.0704e+01, 2.1834e-01, 
 2DIAGNOSTIC,    22, -4.675676523689e-01, 2.633899534588e-06, 1.0925e+01, 2.2072e-01, 
DIAGNOSTIC,Iteration,metricValue,convergenceValue,ITERATION_TIME_INDEX,SINCE_LAST
 2DIAGNOSTIC,     1, -4.258650656703e-01, 1.797693134862e+308, 1.3490e+01, 2.5653e+00, 
 2DIAGNOSTIC,     2, -4.259686158317e-01, 1.797693134862e+308, 1.5065e+01, 1.5747e+00, 
 2DIAGNOSTIC,     3, -4.260095468841e-01, 1.797693134862e+308, 1.7296e+01, 2.2310e+00, 
 2DIAGNOSTIC,     4, -4.260079784069e-01, 1.797693134862e+308, 2.0143e+01, 2.8476e+00, 
 2DIAGNOSTIC,     5, -4.260082724480e-01, 1.797693134862e+308, 2.1833e+01, 1.6901e+00, 
 2DIAGNOSTIC,     6, -4.260081849917e-01, 1.797693134862e+308, 2.3723e+01, 1.8895e+00, 
 2DIAGNOSTIC,     7, -4.260082290162e-01, 1.797693134862e+308, 2.5412e+01, 1.6896e+00, 
 2DIAGNOSTIC,     8, -4.260082707605e-01, 1.797693134862e+308, 2.7142e+01, 1.7293e+00, 
 2DIAGNOSTIC,     9, -4.260078903659e-01, 1.797693134862e+308, 2.8833e+01, 1.6915e+00, 
 2DIAGNOSTIC,    10, -4.260080313444e-01, 1.495535292953e-05, 3.0502e+01, 1.6688e+00, 
 2DIAGNOSTIC,    11, -4.260076667893e-01, 5.176800072199e-06, 3.2103e+01, 1.6011e+00, 
 2DIAGNOSTIC,    12, -4.260078217170e-01, 2.523196597617e-06, 3.3686e+01, 1.5829e+00, 
 2DIAGNOSTIC,    13, -4.260075432698e-01, 2.377820759611e-06, 3.5571e+01, 1.8851e+00, 
 2DIAGNOSTIC,    14, -4.260073492347e-01, 2.175544830452e-06, 3.7304e+01, 1.7331e+00, 
 2DIAGNOSTIC,    15, -4.260072571417e-01, 2.018440986309e-06, 3.9104e+01, 1.7994e+00, 
 2DIAGNOSTIC,    16, -4.260070634790e-01, 1.878375660250e-06, 4.0635e+01, 1.5314e+00, 
 2DIAGNOSTIC,    17, -4.260070799534e-01, 1.767176449313e-06, 4.2197e+01, 1.5623e+00, 
 2DIAGNOSTIC,    18, -4.260077187762e-01, 1.703435062991e-06, 4.4010e+01, 1.8124e+00, 
 2DIAGNOSTIC,    19, -4.260078388975e-01, 1.642389224746e-06, 4.5791e+01, 1.7810e+00, 
 2DIAGNOSTIC,    20, -4.260077513441e-01, 1.592701495273e-06, 4.7354e+01, 1.5637e+00, 
 2DIAGNOSTIC,    21, -4.260076584958e-01, 1.533232981334e-06, 4.8838e+01, 1.4836e+00, 
 2DIAGNOSTIC,    22, -4.260075630292e-01, 1.479426233020e-06, 5.0341e+01, 1.5029e+00, 
 2DIAGNOSTIC,    23, -4.260074685588e-01, 1.416063153188e-06, 5.1645e+01, 1.3042e+00, 
 2DIAGNOSTIC,    24, -4.260071753735e-01, 1.341246778294e-06, 5.2956e+01, 1.3106e+00, 
 2DIAGNOSTIC,    25, -4.260072998696e-01, 1.272415813859e-06, 5.4622e+01, 1.6662e+00, 
 2DIAGNOSTIC,    26, -4.260077438359e-01, 1.215374213499e-06, 5.6113e+01, 1.4906e+00, 
 2DIAGNOSTIC,    27, -4.260075630141e-01, 1.158470788035e-06, 5.7461e+01, 1.3487e+00, 
 2DIAGNOSTIC,    28, -4.260077076557e-01, 1.126385369955e-06, 5.9105e+01, 1.6441e+00, 
 2DIAGNOSTIC,    29, -4.260078393743e-01, 1.103350965911e-06, 6.0978e+01, 1.8724e+00, 
 2DIAGNOSTIC,    30, -4.260076494886e-01, 1.074902932038e-06, 6.2915e+01, 1.9372e+00, 
 2DIAGNOSTIC,    31, -4.260075509180e-01, 1.042769517096e-06, 6.4522e+01, 1.6071e+00, 
 2DIAGNOSTIC,    32, -4.260074519527e-01, 1.007113536046e-06, 6.6071e+01, 1.5491e+00, 
  Elapsed time (stage 0): 6.6907e+01


Total elapsed time: 6.6917e+01
Info [verificarlo]: loaded backend libinterflop_ieee.so
Info [interflop-ieee]: load backend with:
Info [interflop-ieee]: debug = false
Info [interflop-ieee]: debug-binary = false
Info [interflop-ieee]: no-backend-name = false
Info [interflop-ieee]: print-new-line = false
Info [interflop-ieee]: print-subnormal-normalized = false
Info [interflop-ieee]: count-op = false
All_Command_lines_OK
Using double precision for computations.
=============================================================================
The composite transform comprises the following transforms (in order): 
  1. /home/mdugre/scratch/mri-registration-rp/datasets/ds004513/derivatives/mri-registration-rp/0001/antsRegistration-r8-p17/sub-s033/rigid_Composite.h5[0] (type = Euler3DTransform)
  2. /home/mdugre/scratch/mri-registration-rp/datasets/ds004513/derivatives/mri-registration-rp/0001/antsRegistration-r8-p17/sub-s033/rigid_Composite.h5[1] (type = Euler3DTransform)
  3. /home/mdugre/scratch/mri-registration-rp/datasets/ds004513/derivatives/mri-registration-rp/0001/antsRegistration-r8-p17/sub-s033/rigid_Composite.h5[2] (type = Euler3DTransform)
=============================================================================
  number of levels = 4
  fixed image: /templateflow/tpl-MNI152NLin2009cAsym/tpl-MNI152NLin2009cAsym_res-01_desc-brain_T1w.nii.gz
  moving image: /home/mdugre/scratch/mri-registration-rp/datasets/ds004513/derivatives/mri-registration-rp/antsBrainExtraction/sub-s033/BrainExtractionBrain.nii.gz
Dimension = 3
Number of stages = 1
Use histogram matching = false
Winsorize image intensities = true
  Lower quantile = 0.005
  Upper quantile = 0.995


Stage 1 State
   Image metric = MattesMI
     Fixed image = Image (0x34ee7e0)
  RTTI typeinfo:   itk::Image<double, 3u>
  Reference Count: 2
  Modified Time: 1592
  Debug: Off
  Object Name: 
  Observers: 
    none
  Source: (none)
  Source output name: (none)
  Release Data: Off
  Data Released: False
  Global Release Data: Off
  PipelineMTime: 0
  UpdateMTime: 1203
  RealTimeStamp: 0 seconds 
  LargestPossibleRegion: 
    Dimension: 3
    Index: [0, 0, 0]
    Size: [193, 229, 193]
  BufferedRegion: 
    Dimension: 3
    Index: [0, 0, 0]
    Size: [193, 229, 193]
  RequestedRegion: 
    Dimension: 3
    Index: [0, 0, 0]
    Size: [193, 229, 193]
  Spacing: [1, 1, 1]
  Origin: [96, 132, -78]
  Direction: 
-1 0 0
0 -1 0
0 0 1

  IndexToPointMatrix: 
-1 0 0
0 -1 0
0 0 1

  PointToIndexMatrix: 
-1 0 0
0 -1 0
0 0 1

  Inverse Direction: 
-1 0 0
0 -1 0
0 0 1

  PixelContainer: 
    ImportImageContainer (0x35aea20)
      RTTI typeinfo:   itk::ImportImageContainer<unsigned long, double>
      Reference Count: 1
      Modified Time: 1200
      Debug: Off
      Object Name: 
      Observers: 
        none
      Pointer: 0x14c5631f5010
      Container manages memory: true
      Size: 8530021
      Capacity: 8530021

     Moving image = Image (0x35a9d70)
  RTTI typeinfo:   itk::Image<double, 3u>
  Reference Count: 2
  Modified Time: 1593
  Debug: Off
  Object Name: 
  Observers: 
    none
  Source: (none)
  Source output name: (none)
  Release Data: Off
  Data Released: False
  Global Release Data: Off
  PipelineMTime: 0
  UpdateMTime: 1590
  RealTimeStamp: 0 seconds 
  LargestPossibleRegion: 
    Dimension: 3
    Index: [0, 0, 0]
    Size: [160, 240, 256]
  BufferedRegion: 
    Dimension: 3
    Index: [0, 0, 0]
    Size: [160, 240, 256]
  RequestedRegion: 
    Dimension: 3
    Index: [0, 0, 0]
    Size: [160, 240, 256]
  Spacing: [1, 1, 1]
  Origin: [91.5134, 94.282, -109.927]
  Direction: 
-0.99591 -0.0698718 -0.0572835
0.0697565 -0.997556 0.00401236
-0.0574239 5.01125e-08 0.99835

  IndexToPointMatrix: 
-0.99591 -0.0698718 -0.0572835
0.0697565 -0.997556 0.00401236
-0.0574239 5.01125e-08 0.99835

  PointToIndexMatrix: 
-0.99591 0.0697565 -0.0574239
-0.0698718 -0.997556 5.01483e-08
-0.0572835 0.00401236 0.99835

  Inverse Direction: 
-0.99591 0.0697565 -0.0574239
-0.0698718 -0.997556 5.01483e-08
-0.0572835 0.00401236 0.99835

  PixelContainer: 
    ImportImageContainer (0x3561c90)
      RTTI typeinfo:   itk::ImportImageContainer<unsigned long, double>
      Reference Count: 1
      Modified Time: 1587
      Debug: Off
      Object Name: 
      Observers: 
        none
      Pointer: 0x14c55e6f4010
      Container manages memory: true
      Size: 9830400
      Capacity: 9830400

     Weighting = 1
     Sampling strategy = regular
     Number of bins = 32
     Radius = 4
     Sampling percentage  = 0.25
   Transform = Affine
     Gradient step = 0.1
     Update field sigma (voxel space) = 0
     Total field sigma (voxel space) = 0
     Update field time sigma = 0
     Total field time sigma  = 0
     Number of time indices = 0
     Number of time point samples = 0
Registration using 1 total stages.

Stage 0
  iterations = 1000x500x250x100
  convergence threshold = 1e-06
  convergence window size = 10
  number of levels = 4
  using the Mattes MI metric (number of bins = 32, weight = 1, use gradient filter = 0)
  preprocessing:  winsorizing the image intensities
  Shrink factors (level 1 out of 4): [8, 8, 8]
  Shrink factors (level 2 out of 4): [4, 4, 4]
  Shrink factors (level 3 out of 4): [2, 2, 2]
  Shrink factors (level 4 out of 4): [1, 1, 1]
  smoothing sigmas per level: [3, 2, 1, 0]
  regular sampling (percentage = 0.25)

*** Running AffineTransform registration ***

DIAGNOSTIC,Iteration,metricValue,convergenceValue,ITERATION_TIME_INDEX,SINCE_LAST
 2DIAGNOSTIC,     1, -6.382810324561e-01, 1.797693134862e+308, 7.9095e-01, 7.9095e-01, 
 2DIAGNOSTIC,     2, -6.407465097012e-01, 1.797693134862e+308, 7.9661e-01, 5.6660e-03, 
 2DIAGNOSTIC,     3, -6.451565057870e-01, 1.797693134862e+308, 8.0230e-01, 5.6882e-03, 
 2DIAGNOSTIC,     4, -6.521823756169e-01, 1.797693134862e+308, 8.0793e-01, 5.6298e-03, 
 2DIAGNOSTIC,     5, -6.630833064164e-01, 1.797693134862e+308, 8.1316e-01, 5.2278e-03, 
 2DIAGNOSTIC,     6, -6.815409386363e-01, 1.797693134862e+308, 8.1883e-01, 5.6689e-03, 
 2DIAGNOSTIC,     7, -7.249755862947e-01, 1.797693134862e+308, 8.2873e-01, 9.9041e-03, 
 2DIAGNOSTIC,     8, -8.402356648057e-01, 1.797693134862e+308, 8.3508e-01, 6.3431e-03, 
 2DIAGNOSTIC,     9, -8.669937535372e-01, 1.797693134862e+308, 8.4442e-01, 9.3460e-03, 
 2DIAGNOSTIC,    10, -8.690219569668e-01, 2.370896364523e-02, 8.4986e-01, 5.4400e-03, 
 2DIAGNOSTIC,    11, -8.788619752590e-01, 2.366238463652e-02, 8.5960e-01, 9.7399e-03, 
 2DIAGNOSTIC,    12, -8.887430356974e-01, 2.187473210874e-02, 8.7349e-01, 1.3888e-02, 
 2DIAGNOSTIC,    13, -8.929110859368e-01, 1.864011268838e-02, 8.7996e-01, 6.4731e-03, 
 2DIAGNOSTIC,    14, -8.986824244564e-01, 1.459631715104e-02, 8.8962e-01, 9.6519e-03, 
 2DIAGNOSTIC,    15, -9.051774307125e-01, 1.031723908662e-02, 8.9766e-01, 8.0459e-03, 
 2DIAGNOSTIC,    16, -9.052612218630e-01, 6.142677474977e-03, 9.0447e-01, 6.8121e-03, 
 2DIAGNOSTIC,    17, -9.054082327513e-01, 2.822271530583e-03, 9.1064e-01, 6.1700e-03, 
 2DIAGNOSTIC,    18, -9.052651131634e-01, 1.920446786090e-03, 9.2313e-01, 1.2486e-02, 
 2DIAGNOSTIC,    19, -9.053415859973e-01, 1.448640185337e-03, 9.2873e-01, 5.6050e-03, 
 2DIAGNOSTIC,    20, -9.056304586961e-01, 9.325129635706e-04, 9.3434e-01, 5.6088e-03, 
 2DIAGNOSTIC,    21, -9.057900238651e-01, 5.478703931466e-04, 9.4048e-01, 6.1350e-03, 
 2DIAGNOSTIC,    22, -9.059075527979e-01, 3.096454461862e-04, 9.4594e-01, 5.4610e-03, 
 2DIAGNOSTIC,    23, -9.059069211647e-01, 1.268791493635e-04, 9.5146e-01, 5.5170e-03, 
 2DIAGNOSTIC,    24, -9.060841446836e-01, 3.174168050531e-05, 9.5673e-01, 5.2779e-03, 
 2DIAGNOSTIC,    25, -9.061395986456e-01, 3.166936996176e-05, 9.6215e-01, 5.4171e-03, 
 2DIAGNOSTIC,    26, -9.063733939800e-01, 3.282400806923e-05, 9.7730e-01, 1.5150e-02, 
 2DIAGNOSTIC,    27, -9.065862630112e-01, 3.551405882192e-05, 9.8421e-01, 6.9089e-03, 
 2DIAGNOSTIC,    28, -9.066217250338e-01, 3.347784382856e-05, 9.9212e-01, 7.9141e-03, 
 2DIAGNOSTIC,    29, -9.061325680278e-01, 2.371726015360e-05, 9.9842e-01, 6.2959e-03, 
 2DIAGNOSTIC,    30, -9.059996677322e-01, 1.442290864060e-05, 1.0047e+00, 6.3090e-03, 
 2DIAGNOSTIC,    31, -9.057796112162e-01, 3.785541241641e-06, 1.0122e+00, 7.4859e-03, 
DIAGNOSTIC,Iteration,metricValue,convergenceValue,ITERATION_TIME_INDEX,SINCE_LAST
 2DIAGNOSTIC,     1, -7.439600768768e-01, 1.797693134862e+308, 1.8112e+00, 7.9894e-01, 
 2DIAGNOSTIC,     2, -7.448096540242e-01, 1.797693134862e+308, 1.8510e+00, 3.9810e-02, 
 2DIAGNOSTIC,     3, -7.457624394841e-01, 1.797693134862e+308, 1.8939e+00, 4.2951e-02, 
 2DIAGNOSTIC,     4, -7.465208405204e-01, 1.797693134862e+308, 1.9392e+00, 4.5329e-02, 
 2DIAGNOSTIC,     5, -7.471935778758e-01, 1.797693134862e+308, 1.9947e+00, 5.5464e-02, 
 2DIAGNOSTIC,     6, -7.483572348925e-01, 1.797693134862e+308, 2.0794e+00, 8.4708e-02, 
 2DIAGNOSTIC,     7, -7.483853690052e-01, 1.797693134862e+308, 2.1308e+00, 5.1341e-02, 
 2DIAGNOSTIC,     8, -7.483799573997e-01, 1.797693134862e+308, 2.1742e+00, 4.3471e-02, 
 2DIAGNOSTIC,     9, -7.483654809403e-01, 1.797693134862e+308, 2.2218e+00, 4.7544e-02, 
 2DIAGNOSTIC,    10, -7.483783473233e-01, 3.998221542140e-04, 2.2615e+00, 3.9732e-02, 
 2DIAGNOSTIC,    11, -7.483835809938e-01, 2.696165920192e-04, 2.3057e+00, 4.4161e-02, 
 2DIAGNOSTIC,    12, -7.484127482154e-01, 1.646961821926e-04, 2.3439e+00, 3.8281e-02, 
 2DIAGNOSTIC,    13, -7.484380693858e-01, 9.006571104120e-05, 2.3878e+00, 4.3857e-02, 
 2DIAGNOSTIC,    14, -7.484579618896e-01, 3.916121841088e-05, 2.4264e+00, 3.8604e-02, 
 2DIAGNOSTIC,    15, -7.484718081258e-01, 8.250416105332e-06, 2.4696e+00, 4.3208e-02, 
 2DIAGNOSTIC,    16, -7.484889404445e-01, 8.678139660351e-06, 2.5122e+00, 4.2599e-02, 
 2DIAGNOSTIC,    17, -7.484998518933e-01, 9.303710067111e-06, 2.5594e+00, 4.7152e-02, 
 2DIAGNOSTIC,    18, -7.485241848907e-01, 9.576337495799e-06, 2.6143e+00, 5.4936e-02, 
 2DIAGNOSTIC,    19, -7.485569788745e-01, 9.451258773524e-06, 2.6625e+00, 4.8211e-02, 
 2DIAGNOSTIC,    20, -7.485826526507e-01, 9.344356718670e-06, 2.7121e+00, 4.9584e-02, 
 2DIAGNOSTIC,    21, -7.485579484966e-01, 8.163541922852e-06, 2.7576e+00, 4.5542e-02, 
 2DIAGNOSTIC,    22, -7.485681772022e-01, 7.166523200194e-06, 2.8021e+00, 4.4427e-02, 
 2DIAGNOSTIC,    23, -7.486415225172e-01, 7.337030999387e-06, 2.8458e+00, 4.3719e-02, 
 2DIAGNOSTIC,    24, -7.486597007884e-01, 7.488566154804e-06, 2.8944e+00, 4.8663e-02, 
 2DIAGNOSTIC,    25, -7.486543874186e-01, 7.180664606858e-06, 2.9439e+00, 4.9442e-02, 
 2DIAGNOSTIC,    26, -7.486291165481e-01, 6.256533205476e-06, 2.9883e+00, 4.4371e-02, 
 2DIAGNOSTIC,    27, -7.486463611427e-01, 5.333255858796e-06, 3.0470e+00, 5.8728e-02, 
 2DIAGNOSTIC,    28, -7.486372357186e-01, 4.246290248817e-06, 3.0948e+00, 4.7786e-02, 
 2DIAGNOSTIC,    29, -7.486235214360e-01, 3.172712782676e-06, 3.1331e+00, 3.8327e-02, 
 2DIAGNOSTIC,    30, -7.486102792321e-01, 2.166321711732e-06, 3.1746e+00, 4.1528e-02, 
DIAGNOSTIC,Iteration,metricValue,convergenceValue,ITERATION_TIME_INDEX,SINCE_LAST
 2DIAGNOSTIC,     1, -6.325630505097e-01, 1.797693134862e+308, 4.3883e+00, 1.2137e+00, 
 2DIAGNOSTIC,     2, -6.331633367938e-01, 1.797693134862e+308, 4.6781e+00, 2.8976e-01, 
 2DIAGNOSTIC,     3, -6.337952948814e-01, 1.797693134862e+308, 4.9654e+00, 2.8737e-01, 
 2DIAGNOSTIC,     4, -6.346536916940e-01, 1.797693134862e+308, 5.3020e+00, 3.3655e-01, 
 2DIAGNOSTIC,     5, -6.368484378744e-01, 1.797693134862e+308, 5.7414e+00, 4.3939e-01, 
 2DIAGNOSTIC,     6, -6.378393410544e-01, 1.797693134862e+308, 6.2328e+00, 4.9143e-01, 
 2DIAGNOSTIC,     7, -6.378587957223e-01, 1.797693134862e+308, 6.6260e+00, 3.9320e-01, 
 2DIAGNOSTIC,     8, -6.378495537273e-01, 1.797693134862e+308, 6.9722e+00, 3.4617e-01, 
 2DIAGNOSTIC,     9, -6.378471744891e-01, 1.797693134862e+308, 7.4780e+00, 5.0579e-01, 
 2DIAGNOSTIC,    10, -6.378482720406e-01, 6.235742666175e-04, 7.8165e+00, 3.3854e-01, 
 2DIAGNOSTIC,    11, -6.378456238246e-01, 4.470281693788e-04, 8.1588e+00, 3.4227e-01, 
 2DIAGNOSTIC,    12, -6.378438229036e-01, 2.833338050845e-04, 8.4724e+00, 3.1364e-01, 
 2DIAGNOSTIC,    13, -6.378441672698e-01, 1.418835880296e-04, 8.7998e+00, 3.2737e-01, 
 2DIAGNOSTIC,    14, -6.378440432402e-01, 3.377504841418e-05, 9.1397e+00, 3.3987e-01, 
 2DIAGNOSTIC,    15, -6.378437635318e-01, 1.700632997773e-06, 9.4790e+00, 3.3934e-01, 
 2DIAGNOSTIC,    16, -6.378408523146e-01, 1.226876925955e-06, 9.7645e+00, 2.8546e-01, 
 2DIAGNOSTIC,    17, -6.378431473325e-01, 1.460121436744e-06, 1.0088e+01, 3.2403e-01, 
 2DIAGNOSTIC,    18, -6.378437427920e-01, 1.489663209113e-06, 1.0535e+01, 4.4603e-01, 
 2DIAGNOSTIC,    19, -6.378431237323e-01, 1.468647389542e-06, 1.0886e+01, 3.5159e-01, 
 2DIAGNOSTIC,    20, -6.378412331554e-01, 1.454463943590e-06, 1.1234e+01, 3.4748e-01, 
 2DIAGNOSTIC,    21, -6.378397492300e-01, 1.369942746986e-06, 1.1568e+01, 3.3391e-01, 
 2DIAGNOSTIC,    22, -6.378374196140e-01, 1.222325287924e-06, 1.1908e+01, 3.4087e-01, 
 2DIAGNOSTIC,    23, -6.378391285825e-01, 1.147592706315e-06, 1.2217e+01, 3.0853e-01, 
 2DIAGNOSTIC,    24, -6.378383142657e-01, 1.082481399524e-06, 1.2580e+01, 3.6280e-01, 
 2DIAGNOSTIC,    25, -6.378378128260e-01, 1.034577256920e-06, 1.2927e+01, 3.4705e-01, 
DIAGNOSTIC,Iteration,metricValue,convergenceValue,ITERATION_TIME_INDEX,SINCE_LAST
 2DIAGNOSTIC,     1, -5.637366529312e-01, 1.797693134862e+308, 1.6001e+01, 3.0741e+00, 
 2DIAGNOSTIC,     2, -5.638455576459e-01, 1.797693134862e+308, 1.8094e+01, 2.0936e+00, 
 2DIAGNOSTIC,     3, -5.638597975587e-01, 1.797693134862e+308, 2.1479e+01, 3.3841e+00, 
 2DIAGNOSTIC,     4, -5.638598034356e-01, 1.797693134862e+308, 2.4494e+01, 3.0156e+00, 
 2DIAGNOSTIC,     5, -5.638598805568e-01, 1.797693134862e+308, 2.6394e+01, 1.8995e+00, 
 2DIAGNOSTIC,     6, -5.638597345718e-01, 1.797693134862e+308, 2.8854e+01, 2.4599e+00, 
 2DIAGNOSTIC,     7, -5.638596965312e-01, 1.797693134862e+308, 3.0698e+01, 1.8449e+00, 
 2DIAGNOSTIC,     8, -5.638596584827e-01, 1.797693134862e+308, 3.2828e+01, 2.1296e+00, 
 2DIAGNOSTIC,     9, -5.638594738750e-01, 1.797693134862e+308, 3.4933e+01, 2.1045e+00, 
 2DIAGNOSTIC,    10, -5.638592606201e-01, 9.965268899667e-06, 3.7011e+01, 2.0779e+00, 
 2DIAGNOSTIC,    11, -5.638591844175e-01, 3.479163465117e-06, 3.9107e+01, 2.0963e+00, 
 2DIAGNOSTIC,    12, -5.638589534005e-01, 2.569046846965e-06, 4.1153e+01, 2.0464e+00, 
 2DIAGNOSTIC,    13, -5.638588807417e-01, 2.355732631257e-06, 4.3091e+01, 1.9375e+00, 
 2DIAGNOSTIC,    14, -5.638586354405e-01, 2.172469463282e-06, 4.4897e+01, 1.8067e+00, 
 2DIAGNOSTIC,    15, -5.638584230748e-01, 2.018537920936e-06, 4.6698e+01, 1.8002e+00, 
 2DIAGNOSTIC,    16, -5.638583725500e-01, 1.887104433329e-06, 4.8741e+01, 2.0429e+00, 
 2DIAGNOSTIC,    17, -5.638584345088e-01, 1.780988962093e-06, 5.0457e+01, 1.7166e+00, 
 2DIAGNOSTIC,    18, -5.638582462422e-01, 1.688622836157e-06, 5.2365e+01, 1.9082e+00, 
 2DIAGNOSTIC,    19, -5.638585697622e-01, 1.617266410132e-06, 5.4460e+01, 2.0947e+00, 
 2DIAGNOSTIC,    20, -5.638585794008e-01, 1.553015406414e-06, 5.6547e+01, 2.0871e+00, 
 2DIAGNOSTIC,    21, -5.638586186750e-01, 1.497579665971e-06, 5.8916e+01, 2.3686e+00, 
 2DIAGNOSTIC,    22, -5.638585566430e-01, 1.442069957773e-06, 6.1066e+01, 2.1500e+00, 
 2DIAGNOSTIC,    23, -5.638581716938e-01, 1.381889720459e-06, 6.2949e+01, 1.8834e+00, 
 2DIAGNOSTIC,    24, -5.638582640375e-01, 1.323885904105e-06, 6.5065e+01, 2.1158e+00, 
 2DIAGNOSTIC,    25, -5.638582275495e-01, 1.265434103045e-06, 6.6984e+01, 1.9191e+00, 
 2DIAGNOSTIC,    26, -5.638581204815e-01, 1.209014420481e-06, 6.9100e+01, 2.1160e+00, 
 2DIAGNOSTIC,    27, -5.638579474823e-01, 1.156360120248e-06, 7.1183e+01, 2.0829e+00, 
 2DIAGNOSTIC,    28, -5.638579722176e-01, 1.106595170913e-06, 7.3110e+01, 1.9267e+00, 
 2DIAGNOSTIC,    29, -5.638579686453e-01, 1.068515134039e-06, 7.5194e+01, 2.0842e+00, 
 2DIAGNOSTIC,    30, -5.638579308745e-01, 1.035018840349e-06, 7.7306e+01, 2.1120e+00, 
