
##########################
# Experiment information #
##########################

EXPERIMENT_NAME: antsRegistration-r8-p7
VFC_BACKENDS: libinterflop_vprec.so --range-binary32=8 --precision-binary32=7 --range-binary64=8 --precision-binary64=7

SIF_IMG: /home/mdugre/projects/rrg-glatard/mdugre/containers/ants-vprec-no_metrics.simg

SUBJECT_ID: s014
INPUT_IMG: /home/mdugre/scratch/mri-registration-rp/datasets/ds004513/derivatives/mri-registration-rp/antsBrainExtraction/sub-s014/BrainExtractionBrain.nii.gz
OUTPUT_DIR: /home/mdugre/scratch/mri-registration-rp/datasets/ds004513/derivatives/mri-registration-rp/0001/antsRegistration-r8-p7/sub-s014

FIXED_IMG: /templateflow/tpl-MNI152NLin2009cAsym/tpl-MNI152NLin2009cAsym_res-01_desc-brain_T1w.nii.gz
DATA_DIR: /home/mdugre/scratch/mri-registration-rp/datasets/ds004513
TEMPLATEFLOW_DIR: /home/mdugre/projects/rrg-glatard/mdugre/templateflow
ITK_GLOBAL_DEFAULT_NUMBER_OF_THREADS: 16
##########################

Info [verificarlo]: loaded backend libinterflop_ieee.so
Info [interflop-ieee]: load backend with:
Info [interflop-ieee]: debug = false
Info [interflop-ieee]: debug-binary = false
Info [interflop-ieee]: no-backend-name = false
Info [interflop-ieee]: print-new-line = false
Info [interflop-ieee]: print-subnormal-normalized = false
Info [interflop-ieee]: count-op = false
All_Command_lines_OK
Using double precision for computations.
=============================================================================
The composite transform comprises the following transforms (in order): 
  1. Center of mass alignment using fixed image: /templateflow/tpl-MNI152NLin2009cAsym/tpl-MNI152NLin2009cAsym_res-01_desc-brain_T1w.nii.gz and moving image: /home/mdugre/scratch/mri-registration-rp/datasets/ds004513/derivatives/mri-registration-rp/antsBrainExtraction/sub-s014/BrainExtractionBrain.nii.gz (type = Euler3DTransform)
=============================================================================
  number of levels = 1
  fixed image: /templateflow/tpl-MNI152NLin2009cAsym/tpl-MNI152NLin2009cAsym_res-01_desc-brain_T1w.nii.gz
  moving image: /home/mdugre/scratch/mri-registration-rp/datasets/ds004513/derivatives/mri-registration-rp/antsBrainExtraction/sub-s014/BrainExtractionBrain.nii.gz
Dimension = 3
Number of stages = 1
Use histogram matching = false
Winsorize image intensities = true
  Lower quantile = 0.005
  Upper quantile = 0.995


Stage 1 State
   Image metric = MattesMI
     Fixed image = Image (0x4a9cbd0)
  RTTI typeinfo:   itk::Image<double, 3u>
  Reference Count: 2
  Modified Time: 2334
  Debug: Off
  Object Name: 
  Observers: 
    none
  Source: (none)
  Source output name: (none)
  Release Data: Off
  Data Released: False
  Global Release Data: Off
  PipelineMTime: 0
  UpdateMTime: 1943
  RealTimeStamp: 0 seconds 
  LargestPossibleRegion: 
    Dimension: 3
    Index: [0, 0, 0]
    Size: [193, 229, 193]
  BufferedRegion: 
    Dimension: 3
    Index: [0, 0, 0]
    Size: [193, 229, 193]
  RequestedRegion: 
    Dimension: 3
    Index: [0, 0, 0]
    Size: [193, 229, 193]
  Spacing: [1, 1, 1]
  Origin: [96, 132, -78]
  Direction: 
-1 0 0
0 -1 0
0 0 1

  IndexToPointMatrix: 
-1 0 0
0 -1 0
0 0 1

  PointToIndexMatrix: 
-1 0 0
0 -1 0
0 0 1

  Inverse Direction: 
-1 0 0
0 -1 0
0 0 1

  PixelContainer: 
    ImportImageContainer (0x4af4930)
      RTTI typeinfo:   itk::ImportImageContainer<unsigned long, double>
      Reference Count: 1
      Modified Time: 1940
      Debug: Off
      Object Name: 
      Observers: 
        none
      Pointer: 0x1517a78c6010
      Container manages memory: true
      Size: 8530021
      Capacity: 8530021

     Moving image = Image (0x4b8c610)
  RTTI typeinfo:   itk::Image<double, 3u>
  Reference Count: 2
  Modified Time: 2335
  Debug: Off
  Object Name: 
  Observers: 
    none
  Source: (none)
  Source output name: (none)
  Release Data: Off
  Data Released: False
  Global Release Data: Off
  PipelineMTime: 0
  UpdateMTime: 2332
  RealTimeStamp: 0 seconds 
  LargestPossibleRegion: 
    Dimension: 3
    Index: [0, 0, 0]
    Size: [160, 240, 256]
  BufferedRegion: 
    Dimension: 3
    Index: [0, 0, 0]
    Size: [160, 240, 256]
  RequestedRegion: 
    Dimension: 3
    Index: [0, 0, 0]
    Size: [160, 240, 256]
  Spacing: [0.999999, 1, 1]
  Origin: [84.1637, 106.709, -120.531]
  Direction: 
-0.999619 -0.0226874 -0.0157033
0.0226846 -0.999743 0.00035635
-0.0157073 -7.8229e-09 0.999877

  IndexToPointMatrix: 
-0.999619 -0.0226874 -0.0157033
0.0226845 -0.999743 0.00035635
-0.0157073 -7.8229e-09 0.999877

  PointToIndexMatrix: 
-0.99962 0.0226846 -0.0157073
-0.0226874 -0.999743 -7.83127e-09
-0.0157033 0.00035635 0.999877

  Inverse Direction: 
-0.999619 0.0226846 -0.0157073
-0.0226874 -0.999743 -7.83127e-09
-0.0157033 0.00035635 0.999877

  PixelContainer: 
    ImportImageContainer (0x4acc850)
      RTTI typeinfo:   itk::ImportImageContainer<unsigned long, double>
      Reference Count: 1
      Modified Time: 2329
      Debug: Off
      Object Name: 
      Observers: 
        none
      Pointer: 0x1517a2dc5010
      Container manages memory: true
      Size: 9830400
      Capacity: 9830400

     Weighting = 1
     Sampling strategy = regular
     Number of bins = 32
     Radius = 4
     Sampling percentage  = 0.25
   Transform = Rigid
     Gradient step = 0.1
     Update field sigma (voxel space) = 0
     Total field sigma (voxel space) = 0
     Update field time sigma = 0
     Total field time sigma  = 0
     Number of time indices = 0
     Number of time point samples = 0
Registration using 1 total stages.

Stage 0
  iterations = 0
  convergence threshold = 1e-06
  convergence window size = 10
  number of levels = 1
  using the Mattes MI metric (number of bins = 32, weight = 1, use gradient filter = 0)
  preprocessing:  winsorizing the image intensities
  Shrink factors (level 1 out of 1): [1, 1, 1]
  smoothing sigmas per level: [0]
  regular sampling (percentage = 0.25)

*** Running Euler3DTransform registration ***

  Elapsed time (stage 0): 1.17113


Total elapsed time: 1.17353
Info [verificarlo]: loaded backend libinterflop_ieee.so
Info [interflop-ieee]: load backend with:
Info [interflop-ieee]: debug = false
Info [interflop-ieee]: debug-binary = false
Info [interflop-ieee]: no-backend-name = false
Info [interflop-ieee]: print-new-line = false
Info [interflop-ieee]: print-subnormal-normalized = false
Info [interflop-ieee]: count-op = false
All_Command_lines_OK
Using double precision for computations.
=============================================================================
The composite transform comprises the following transforms (in order): 
  1. /home/mdugre/scratch/mri-registration-rp/datasets/ds004513/derivatives/mri-registration-rp/0001/antsRegistration-r8-p7/sub-s014/align_Composite.h5[0] (type = Euler3DTransform)
  2. /home/mdugre/scratch/mri-registration-rp/datasets/ds004513/derivatives/mri-registration-rp/0001/antsRegistration-r8-p7/sub-s014/align_Composite.h5[1] (type = Euler3DTransform)
=============================================================================
  number of levels = 4
  fixed image: /templateflow/tpl-MNI152NLin2009cAsym/tpl-MNI152NLin2009cAsym_res-01_desc-brain_T1w.nii.gz
  moving image: /home/mdugre/scratch/mri-registration-rp/datasets/ds004513/derivatives/mri-registration-rp/antsBrainExtraction/sub-s014/BrainExtractionBrain.nii.gz
Dimension = 3
Number of stages = 1
Use histogram matching = false
Winsorize image intensities = true
  Lower quantile = 0.005
  Upper quantile = 0.995


Stage 1 State
   Image metric = MattesMI
     Fixed image = Image (0x351b530)
  RTTI typeinfo:   itk::Image<double, 3u>
  Reference Count: 2
  Modified Time: 1580
  Debug: Off
  Object Name: 
  Observers: 
    none
  Source: (none)
  Source output name: (none)
  Release Data: Off
  Data Released: False
  Global Release Data: Off
  PipelineMTime: 0
  UpdateMTime: 1189
  RealTimeStamp: 0 seconds 
  LargestPossibleRegion: 
    Dimension: 3
    Index: [0, 0, 0]
    Size: [193, 229, 193]
  BufferedRegion: 
    Dimension: 3
    Index: [0, 0, 0]
    Size: [193, 229, 193]
  RequestedRegion: 
    Dimension: 3
    Index: [0, 0, 0]
    Size: [193, 229, 193]
  Spacing: [1, 1, 1]
  Origin: [96, 132, -78]
  Direction: 
-1 0 0
0 -1 0
0 0 1

  IndexToPointMatrix: 
-1 0 0
0 -1 0
0 0 1

  PointToIndexMatrix: 
-1 0 0
0 -1 0
0 0 1

  Inverse Direction: 
-1 0 0
0 -1 0
0 0 1

  PixelContainer: 
    ImportImageContainer (0x35d9d60)
      RTTI typeinfo:   itk::ImportImageContainer<unsigned long, double>
      Reference Count: 1
      Modified Time: 1186
      Debug: Off
      Object Name: 
      Observers: 
        none
      Pointer: 0x1493cab99010
      Container manages memory: true
      Size: 8530021
      Capacity: 8530021

     Moving image = Image (0x35cbf60)
  RTTI typeinfo:   itk::Image<double, 3u>
  Reference Count: 2
  Modified Time: 1581
  Debug: Off
  Object Name: 
  Observers: 
    none
  Source: (none)
  Source output name: (none)
  Release Data: Off
  Data Released: False
  Global Release Data: Off
  PipelineMTime: 0
  UpdateMTime: 1578
  RealTimeStamp: 0 seconds 
  LargestPossibleRegion: 
    Dimension: 3
    Index: [0, 0, 0]
    Size: [160, 240, 256]
  BufferedRegion: 
    Dimension: 3
    Index: [0, 0, 0]
    Size: [160, 240, 256]
  RequestedRegion: 
    Dimension: 3
    Index: [0, 0, 0]
    Size: [160, 240, 256]
  Spacing: [0.999999, 1, 1]
  Origin: [84.1637, 106.709, -120.531]
  Direction: 
-0.999619 -0.0226874 -0.0157033
0.0226846 -0.999743 0.00035635
-0.0157073 -7.8229e-09 0.999877

  IndexToPointMatrix: 
-0.999619 -0.0226874 -0.0157033
0.0226845 -0.999743 0.00035635
-0.0157073 -7.8229e-09 0.999877

  PointToIndexMatrix: 
-0.99962 0.0226846 -0.0157073
-0.0226874 -0.999743 -7.83127e-09
-0.0157033 0.00035635 0.999877

  Inverse Direction: 
-0.999619 0.0226846 -0.0157073
-0.0226874 -0.999743 -7.83127e-09
-0.0157033 0.00035635 0.999877

  PixelContainer: 
    ImportImageContainer (0x35bd6d0)
      RTTI typeinfo:   itk::ImportImageContainer<unsigned long, double>
      Reference Count: 1
      Modified Time: 1575
      Debug: Off
      Object Name: 
      Observers: 
        none
      Pointer: 0x1493c6098010
      Container manages memory: true
      Size: 9830400
      Capacity: 9830400

     Weighting = 1
     Sampling strategy = regular
     Number of bins = 32
     Radius = 4
     Sampling percentage  = 0.25
   Transform = Rigid
     Gradient step = 0.1
     Update field sigma (voxel space) = 0
     Total field sigma (voxel space) = 0
     Update field time sigma = 0
     Total field time sigma  = 0
     Number of time indices = 0
     Number of time point samples = 0
Registration using 1 total stages.

Stage 0
  iterations = 1000x500x250x100
  convergence threshold = 1e-06
  convergence window size = 10
  number of levels = 4
  using the Mattes MI metric (number of bins = 32, weight = 1, use gradient filter = 0)
  preprocessing:  winsorizing the image intensities
  Shrink factors (level 1 out of 4): [8, 8, 8]
  Shrink factors (level 2 out of 4): [4, 4, 4]
  Shrink factors (level 3 out of 4): [2, 2, 2]
  Shrink factors (level 4 out of 4): [1, 1, 1]
  smoothing sigmas per level: [3, 2, 1, 0]
  regular sampling (percentage = 0.25)

*** Running Euler3DTransform registration ***

DIAGNOSTIC,Iteration,metricValue,convergenceValue,ITERATION_TIME_INDEX,SINCE_LAST
 2DIAGNOSTIC,     1, -4.770821406565e-01, 1.797693134862e+308, 9.6459e-01, 9.6459e-01, 
 2DIAGNOSTIC,     2, -4.784216133942e-01, 1.797693134862e+308, 9.7099e-01, 6.4030e-03, 
 2DIAGNOSTIC,     3, -4.807043200681e-01, 1.797693134862e+308, 9.7673e-01, 5.7411e-03, 
 2DIAGNOSTIC,     4, -4.840264478065e-01, 1.797693134862e+308, 9.8325e-01, 6.5150e-03, 
 2DIAGNOSTIC,     5, -4.883050305770e-01, 1.797693134862e+308, 9.8865e-01, 5.4069e-03, 
 2DIAGNOSTIC,     6, -4.953560426371e-01, 1.797693134862e+308, 9.9573e-01, 7.0720e-03, 
 2DIAGNOSTIC,     7, -5.007350570384e-01, 1.797693134862e+308, 1.0005e+00, 4.7469e-03, 
 2DIAGNOSTIC,     8, -5.013278569503e-01, 1.797693134862e+308, 1.0059e+00, 5.4290e-03, 
 2DIAGNOSTIC,     9, -5.085255256006e-01, 1.797693134862e+308, 1.0136e+00, 7.6761e-03, 
 2DIAGNOSTIC,    10, -5.161992633656e-01, 5.125196520979e-03, 1.0223e+00, 8.7490e-03, 
 2DIAGNOSTIC,    11, -5.167072941437e-01, 4.879252931146e-03, 1.0274e+00, 5.0719e-03, 
 2DIAGNOSTIC,    12, -5.203629876260e-01, 4.481282734468e-03, 1.0326e+00, 5.2021e-03, 
 2DIAGNOSTIC,    13, -5.229718709777e-01, 3.958672533579e-03, 1.0377e+00, 5.1219e-03, 
 2DIAGNOSTIC,    14, -5.250338110829e-01, 3.368007801723e-03, 1.0436e+00, 5.8341e-03, 
 2DIAGNOSTIC,    15, -5.272078697647e-01, 2.786121483392e-03, 1.0513e+00, 7.7221e-03, 
 2DIAGNOSTIC,    16, -5.275715603977e-01, 2.284098302165e-03, 1.0562e+00, 4.9291e-03, 
 2DIAGNOSTIC,    17, -5.282507656511e-01, 1.839921123742e-03, 1.0610e+00, 4.8380e-03, 
 2DIAGNOSTIC,    18, -5.289722876066e-01, 1.313912041898e-03, 1.0665e+00, 5.4851e-03, 
 2DIAGNOSTIC,    19, -5.292207410111e-01, 9.370568707355e-04, 1.0725e+00, 5.9571e-03, 
 2DIAGNOSTIC,    20, -5.294476960672e-01, 7.341365573344e-04, 1.0780e+00, 5.4610e-03, 
 2DIAGNOSTIC,    21, -5.294955840903e-01, 4.966190831872e-04, 1.0828e+00, 4.8289e-03, 
 2DIAGNOSTIC,    22, -5.295366245031e-01, 3.281311959325e-04, 1.0881e+00, 5.3558e-03, 
 2DIAGNOSTIC,    23, -5.295376311909e-01, 2.063244245654e-04, 1.0935e+00, 5.3270e-03, 
 2DIAGNOSTIC,    24, -5.295911249027e-01, 1.234508389539e-04, 1.0989e+00, 5.4541e-03, 
 2DIAGNOSTIC,    25, -5.296271130648e-01, 8.499150549813e-05, 1.1051e+00, 6.2339e-03, 
 2DIAGNOSTIC,    26, -5.296539599384e-01, 4.983583932654e-05, 1.1101e+00, 4.9639e-03, 
 2DIAGNOSTIC,    27, -5.297704229810e-01, 2.877322816060e-05, 1.1151e+00, 5.0321e-03, 
 2DIAGNOSTIC,    28, -5.299884954870e-01, 2.504887532943e-05, 1.1219e+00, 6.7711e-03, 
 2DIAGNOSTIC,    29, -5.300854192462e-01, 2.569611953424e-05, 1.1272e+00, 5.2860e-03, 
 2DIAGNOSTIC,    30, -5.300410324622e-01, 2.732899345444e-05, 1.1321e+00, 4.8869e-03, 
 2DIAGNOSTIC,    31, -5.300376932142e-01, 2.724560549446e-05, 1.1369e+00, 4.7872e-03, 
 2DIAGNOSTIC,    32, -5.301686264233e-01, 2.763232919716e-05, 1.1416e+00, 4.7531e-03, 
 2DIAGNOSTIC,    33, -5.303926738419e-01, 2.905769096890e-05, 1.1479e+00, 6.2521e-03, 
 2DIAGNOSTIC,    34, -5.304519664599e-01, 2.945835348084e-05, 1.1537e+00, 5.8279e-03, 
 2DIAGNOSTIC,    35, -5.305073139182e-01, 2.868169328046e-05, 1.1585e+00, 4.7660e-03, 
 2DIAGNOSTIC,    36, -5.305686017146e-01, 2.670517372698e-05, 1.1633e+00, 4.7741e-03, 
 2DIAGNOSTIC,    37, -5.306602858941e-01, 2.533264911819e-05, 1.1696e+00, 6.3431e-03, 
 2DIAGNOSTIC,    38, -5.306881156229e-01, 2.512162424478e-05, 1.1746e+00, 4.9841e-03, 
 2DIAGNOSTIC,    39, -5.307317416634e-01, 2.461885298262e-05, 1.1793e+00, 4.7050e-03, 
 2DIAGNOSTIC,    40, -5.308225091353e-01, 2.257034276117e-05, 1.1857e+00, 6.4240e-03, 
 2DIAGNOSTIC,    41, -5.308460424125e-01, 1.877385526225e-05, 1.1907e+00, 5.0168e-03, 
 2DIAGNOSTIC,    42, -5.308561837321e-01, 1.520831957647e-05, 1.1954e+00, 4.6320e-03, 
 2DIAGNOSTIC,    43, -5.308777649273e-01, 1.355835177623e-05, 1.2001e+00, 4.7209e-03, 
 2DIAGNOSTIC,    44, -5.309114036110e-01, 1.190613944779e-05, 1.2047e+00, 4.6260e-03, 
 2DIAGNOSTIC,    45, -5.310262965518e-01, 1.129423566988e-05, 1.2123e+00, 7.5879e-03, 
 2DIAGNOSTIC,    46, -5.310374074445e-01, 1.049838942362e-05, 1.2169e+00, 4.6501e-03, 
 2DIAGNOSTIC,    47, -5.310434720121e-01, 9.962263452849e-06, 1.2218e+00, 4.8790e-03, 
 2DIAGNOSTIC,    48, -5.310518853633e-01, 8.989886108618e-06, 1.2269e+00, 5.0321e-03, 
 2DIAGNOSTIC,    49, -5.310584329536e-01, 7.783359502331e-06, 1.2330e+00, 6.1510e-03, 
 2DIAGNOSTIC,    50, -5.310645817646e-01, 6.973833584008e-06, 1.2395e+00, 6.4611e-03, 
 2DIAGNOSTIC,    51, -5.310656430618e-01, 5.851695600405e-06, 1.2445e+00, 4.9949e-03, 
 2DIAGNOSTIC,    52, -5.310738190002e-01, 4.481863509709e-06, 1.2497e+00, 5.2900e-03, 
 2DIAGNOSTIC,    53, -5.310768127969e-01, 3.049471521379e-06, 1.2549e+00, 5.1200e-03, 
 2DIAGNOSTIC,    54, -5.310775506016e-01, 1.750844720143e-06, 1.2596e+00, 4.7691e-03, 
 2DIAGNOSTIC,    55, -5.310817434211e-01, 1.565716413045e-06, 1.2642e+00, 4.5810e-03, 
 2DIAGNOSTIC,    56, -5.310870994121e-01, 1.452195857472e-06, 1.2694e+00, 5.1329e-03, 
 2DIAGNOSTIC,    57, -5.310885232962e-01, 1.327089154859e-06, 1.2745e+00, 5.1901e-03, 
 2DIAGNOSTIC,    58, -5.310914487850e-01, 1.238639651048e-06, 1.2797e+00, 5.1811e-03, 
 2DIAGNOSTIC,    59, -5.311015678587e-01, 1.240623596587e-06, 1.2856e+00, 5.9121e-03, 
 2DIAGNOSTIC,    60, -5.311021904297e-01, 1.235244578953e-06, 1.2901e+00, 4.5071e-03, 
 2DIAGNOSTIC,    61, -5.311059901820e-01, 1.204917779125e-06, 1.3044e+00, 1.4269e-02, 
 2DIAGNOSTIC,    62, -5.311059901659e-01, 1.182103197377e-06, 1.3187e+00, 1.4261e-02, 
 2DIAGNOSTIC,    63, -5.311059901659e-01, 1.122797857762e-06, 1.3238e+00, 5.1000e-03, 
 2DIAGNOSTIC,    64, -5.311059901659e-01, 1.011506956441e-06, 1.3289e+00, 5.1351e-03, 
DIAGNOSTIC,Iteration,metricValue,convergenceValue,ITERATION_TIME_INDEX,SINCE_LAST
 2DIAGNOSTIC,     1, -4.295258231625e-01, 1.797693134862e+308, 2.1084e+00, 7.7950e-01, 
 2DIAGNOSTIC,     2, -4.302859640432e-01, 1.797693134862e+308, 2.1432e+00, 3.4763e-02, 
 2DIAGNOSTIC,     3, -4.309651196675e-01, 1.797693134862e+308, 2.1760e+00, 3.2842e-02, 
 2DIAGNOSTIC,     4, -4.317164347764e-01, 1.797693134862e+308, 2.2079e+00, 3.1914e-02, 
 2DIAGNOSTIC,     5, -4.325561938345e-01, 1.797693134862e+308, 2.2398e+00, 3.1886e-02, 
 2DIAGNOSTIC,     6, -4.341819580778e-01, 1.797693134862e+308, 2.2716e+00, 3.1753e-02, 
 2DIAGNOSTIC,     7, -4.354327949460e-01, 1.797693134862e+308, 2.3056e+00, 3.3994e-02, 
 2DIAGNOSTIC,     8, -4.367134834400e-01, 1.797693134862e+308, 2.3456e+00, 4.0038e-02, 
 2DIAGNOSTIC,     9, -4.377076816052e-01, 1.797693134862e+308, 2.3999e+00, 5.4287e-02, 
 2DIAGNOSTIC,    10, -4.379510214292e-01, 1.375954781895e-03, 2.4295e+00, 2.9657e-02, 
 2DIAGNOSTIC,    11, -4.381306699705e-01, 1.211218579669e-03, 2.4606e+00, 3.1101e-02, 
 2DIAGNOSTIC,    12, -4.403708091232e-01, 1.128184042330e-03, 2.4950e+00, 3.4350e-02, 
 2DIAGNOSTIC,    13, -4.435986505899e-01, 1.148562288759e-03, 2.5387e+00, 4.3658e-02, 
 2DIAGNOSTIC,    14, -4.436199448262e-01, 1.094787363429e-03, 2.5692e+00, 3.0524e-02, 
 2DIAGNOSTIC,    15, -4.445052017182e-01, 1.025845793116e-03, 2.6076e+00, 3.8400e-02, 
 2DIAGNOSTIC,    16, -4.479362667307e-01, 1.077370592333e-03, 2.6519e+00, 4.4312e-02, 
 2DIAGNOSTIC,    17, -4.481475950960e-01, 1.073587590987e-03, 2.6810e+00, 2.9155e-02, 
 2DIAGNOSTIC,    18, -4.482020490466e-01, 1.018146303764e-03, 2.7143e+00, 3.3272e-02, 
 2DIAGNOSTIC,    19, -4.481966708741e-01, 9.107728236934e-04, 2.7701e+00, 5.5747e-02, 
 2DIAGNOSTIC,    20, -4.481953336049e-01, 7.394369056148e-04, 2.7997e+00, 2.9604e-02, 
 2DIAGNOSTIC,    21, -4.481954334338e-01, 5.189437699950e-04, 2.8362e+00, 3.6560e-02, 
 2DIAGNOSTIC,    22, -4.482018534016e-01, 3.337448812631e-04, 2.8697e+00, 3.3508e-02, 
 2DIAGNOSTIC,    23, -4.481921491882e-01, 2.259319894837e-04, 2.8992e+00, 2.9461e-02, 
 2DIAGNOSTIC,    24, -4.482074312942e-01, 1.077320620841e-04, 2.9321e+00, 3.2889e-02, 
 2DIAGNOSTIC,    25, -4.482144439023e-01, 9.691655977327e-06, 2.9657e+00, 3.3566e-02, 
 2DIAGNOSTIC,    26, -4.482116709973e-01, 3.273679117829e-06, 3.0062e+00, 4.0543e-02, 
 2DIAGNOSTIC,    27, -4.482088353468e-01, 2.084625635508e-06, 3.0441e+00, 3.7862e-02, 
 2DIAGNOSTIC,    28, -4.482139219848e-01, 2.274303180040e-06, 3.0769e+00, 3.2860e-02, 
 2DIAGNOSTIC,    29, -4.482420866212e-01, 2.842584951639e-06, 3.1135e+00, 3.6550e-02, 
 2DIAGNOSTIC,    30, -4.482455732507e-01, 3.232685472643e-06, 3.1516e+00, 3.8129e-02, 
 2DIAGNOSTIC,    31, -4.482405886259e-01, 3.298137221462e-06, 3.1849e+00, 3.3295e-02, 
 2DIAGNOSTIC,    32, -4.482290914675e-01, 3.068920608570e-06, 3.2213e+00, 3.6374e-02, 
 2DIAGNOSTIC,    33, -4.482261087223e-01, 2.406543316853e-06, 3.2605e+00, 3.9214e-02, 
 2DIAGNOSTIC,    34, -4.482147421054e-01, 1.704267268164e-06, 3.3059e+00, 4.5436e-02, 
 2DIAGNOSTIC,    35, -4.482170221425e-01, 1.142410962822e-06, 3.3371e+00, 3.1181e-02, 
DIAGNOSTIC,Iteration,metricValue,convergenceValue,ITERATION_TIME_INDEX,SINCE_LAST
 2DIAGNOSTIC,     1, -3.932184618489e-01, 1.797693134862e+308, 4.5050e+00, 1.1679e+00, 
 2DIAGNOSTIC,     2, -3.933350080421e-01, 1.797693134862e+308, 4.8187e+00, 3.1371e-01, 
 2DIAGNOSTIC,     3, -3.934316047290e-01, 1.797693134862e+308, 5.0953e+00, 2.7664e-01, 
 2DIAGNOSTIC,     4, -3.934445201265e-01, 1.797693134862e+308, 5.4393e+00, 3.4397e-01, 
 2DIAGNOSTIC,     5, -3.934561040969e-01, 1.797693134862e+308, 5.7210e+00, 2.8174e-01, 
 2DIAGNOSTIC,     6, -3.934557400021e-01, 1.797693134862e+308, 6.0455e+00, 3.2451e-01, 
 2DIAGNOSTIC,     7, -3.934568947467e-01, 1.797693134862e+308, 6.4645e+00, 4.1899e-01, 
 2DIAGNOSTIC,     8, -3.934560026282e-01, 1.797693134862e+308, 6.7159e+00, 2.5138e-01, 
 2DIAGNOSTIC,     9, -3.934553706992e-01, 1.797693134862e+308, 7.0343e+00, 3.1840e-01, 
 2DIAGNOSTIC,    10, -3.934548435375e-01, 2.950388408994e-05, 7.2951e+00, 2.6076e-01, 
 2DIAGNOSTIC,    11, -3.934535150412e-01, 1.251787829931e-05, 7.5621e+00, 2.6702e-01, 
 2DIAGNOSTIC,    12, -3.934529103331e-01, 4.334107769038e-06, 7.8502e+00, 2.8814e-01, 
 2DIAGNOSTIC,    13, -3.934523311895e-01, 2.580302380997e-06, 8.0981e+00, 2.4785e-01, 
 2DIAGNOSTIC,    14, -3.934518640451e-01, 1.691075510443e-06, 8.4786e+00, 3.8048e-01, 
 2DIAGNOSTIC,    15, -3.934519733983e-01, 1.537715193331e-06, 8.7510e+00, 2.7244e-01, 
 2DIAGNOSTIC,    16, -3.934513609099e-01, 1.410839981189e-06, 9.0168e+00, 2.6577e-01, 
 2DIAGNOSTIC,    17, -3.934508379812e-01, 1.380509536547e-06, 9.3247e+00, 3.0794e-01, 
 2DIAGNOSTIC,    18, -3.934502559298e-01, 1.340256873671e-06, 9.5725e+00, 2.4782e-01, 
 2DIAGNOSTIC,    19, -3.934497851294e-01, 1.301860418162e-06, 9.8536e+00, 2.8110e-01, 
 2DIAGNOSTIC,    20, -3.934499621170e-01, 1.290039338658e-06, 1.0099e+01, 2.4521e-01, 
 2DIAGNOSTIC,    21, -3.934502604467e-01, 1.271710254359e-06, 1.0394e+01, 2.9519e-01, 
 2DIAGNOSTIC,    22, -3.934498715136e-01, 1.245514172764e-06, 1.0685e+01, 2.9108e-01, 
 2DIAGNOSTIC,    23, -3.934501306771e-01, 1.231426880480e-06, 1.0961e+01, 2.7620e-01, 
 2DIAGNOSTIC,    24, -3.934495535240e-01, 1.200792339028e-06, 1.1202e+01, 2.4111e-01, 
 2DIAGNOSTIC,    25, -3.934490927153e-01, 1.174527741232e-06, 1.1440e+01, 2.3794e-01, 
 2DIAGNOSTIC,    26, -3.934495815833e-01, 1.156238078441e-06, 1.1713e+01, 2.7238e-01, 
 2DIAGNOSTIC,    27, -3.934510332429e-01, 1.170201596228e-06, 1.2017e+01, 3.0475e-01, 
 2DIAGNOSTIC,    28, -3.934498669799e-01, 1.138213964233e-06, 1.2291e+01, 2.7335e-01, 
 2DIAGNOSTIC,    29, -3.934494067463e-01, 1.086573205598e-06, 1.2530e+01, 2.3896e-01, 
 2DIAGNOSTIC,    30, -3.934490070550e-01, 1.034518201770e-06, 1.2808e+01, 2.7779e-01, 
 2DIAGNOSTIC,    31, -3.934493551768e-01, 1.002859607177e-06, 1.3050e+01, 2.4282e-01, 
 2DIAGNOSTIC,    32, -3.934514388540e-01, 1.012149925386e-06, 1.3323e+01, 2.7249e-01, 
 2DIAGNOSTIC,    33, -3.934519791225e-01, 1.036071961703e-06, 1.3558e+01, 2.3524e-01, 
 2DIAGNOSTIC,    34, -3.934514161602e-01, 1.029042957471e-06, 1.3836e+01, 2.7777e-01, 
 2DIAGNOSTIC,    35, -3.934525147987e-01, 1.027695459861e-06, 1.4082e+01, 2.4592e-01, 
 2DIAGNOSTIC,    36, -3.934539683578e-01, 1.051995613462e-06, 1.4394e+01, 3.1223e-01, 
 2DIAGNOSTIC,    37, -3.934536117022e-01, 1.079271452101e-06, 1.4659e+01, 2.6545e-01, 
 2DIAGNOSTIC,    38, -3.934525130412e-01, 1.042002360504e-06, 1.4937e+01, 2.7761e-01, 
DIAGNOSTIC,Iteration,metricValue,convergenceValue,ITERATION_TIME_INDEX,SINCE_LAST
 2DIAGNOSTIC,     1, -3.660000231785e-01, 1.797693134862e+308, 1.7518e+01, 2.5809e+00, 
 2DIAGNOSTIC,     2, -3.661006044706e-01, 1.797693134862e+308, 1.9104e+01, 1.5859e+00, 
 2DIAGNOSTIC,     3, -3.661940053381e-01, 1.797693134862e+308, 2.0596e+01, 1.4924e+00, 
 2DIAGNOSTIC,     4, -3.662025643854e-01, 1.797693134862e+308, 2.3509e+01, 2.9131e+00, 
 2DIAGNOSTIC,     5, -3.662022977275e-01, 1.797693134862e+308, 2.5627e+01, 2.1177e+00, 
 2DIAGNOSTIC,     6, -3.662022733140e-01, 1.797693134862e+308, 2.7283e+01, 1.6559e+00, 
 2DIAGNOSTIC,     7, -3.662021510299e-01, 1.797693134862e+308, 2.9022e+01, 1.7389e+00, 
 2DIAGNOSTIC,     8, -3.662021104656e-01, 1.797693134862e+308, 3.0689e+01, 1.6671e+00, 
 2DIAGNOSTIC,     9, -3.662019867498e-01, 1.797693134862e+308, 3.2215e+01, 1.5255e+00, 
 2DIAGNOSTIC,    10, -3.662019340555e-01, 2.615307272200e-05, 3.3869e+01, 1.6548e+00, 
 2DIAGNOSTIC,    11, -3.662019021281e-01, 1.049209107233e-05, 3.5599e+01, 1.7297e+00, 
 2DIAGNOSTIC,    12, -3.662017877729e-01, 3.091361656479e-06, 3.7235e+01, 1.6356e+00, 
 2DIAGNOSTIC,    13, -3.662019075575e-01, 2.358435257435e-06, 3.8948e+01, 1.7137e+00, 
 2DIAGNOSTIC,    14, -3.662018586999e-01, 2.210206211856e-06, 4.0749e+01, 1.8007e+00, 
 2DIAGNOSTIC,    15, -3.662018920025e-01, 2.075386423980e-06, 4.2540e+01, 1.7910e+00, 
 2DIAGNOSTIC,    16, -3.662018421266e-01, 1.958104257321e-06, 4.3990e+01, 1.4502e+00, 
 2DIAGNOSTIC,    17, -3.662017315548e-01, 1.846828492434e-06, 4.5296e+01, 1.3057e+00, 
 2DIAGNOSTIC,    18, -3.662016584433e-01, 1.745449646831e-06, 4.6765e+01, 1.4690e+00, 
 2DIAGNOSTIC,    19, -3.662015876215e-01, 1.648798698191e-06, 4.8260e+01, 1.4947e+00, 
 2DIAGNOSTIC,    20, -3.662013732819e-01, 1.553843707758e-06, 4.9747e+01, 1.4873e+00, 
 2DIAGNOSTIC,    21, -3.662013254826e-01, 1.468744426469e-06, 5.1838e+01, 2.0909e+00, 
 2DIAGNOSTIC,    22, -3.662011170253e-01, 1.384171179147e-06, 5.3355e+01, 1.5167e+00, 
 2DIAGNOSTIC,    23, -3.662008967159e-01, 1.309503435958e-06, 5.4911e+01, 1.5566e+00, 
 2DIAGNOSTIC,    24, -3.662008589174e-01, 1.245216069236e-06, 5.6628e+01, 1.7173e+00, 
 2DIAGNOSTIC,    25, -3.662009022418e-01, 1.195923334522e-06, 5.8355e+01, 1.7262e+00, 
 2DIAGNOSTIC,    26, -3.662008588522e-01, 1.154782493393e-06, 5.9775e+01, 1.4204e+00, 
 2DIAGNOSTIC,    27, -3.662010886844e-01, 1.126687634981e-06, 6.1429e+01, 1.6539e+00, 
 2DIAGNOSTIC,    28, -3.662011544894e-01, 1.105168466964e-06, 6.3009e+01, 1.5805e+00, 
 2DIAGNOSTIC,    29, -3.662007271134e-01, 1.074819808405e-06, 6.4715e+01, 1.7057e+00, 
 2DIAGNOSTIC,    30, -3.662006710187e-01, 1.041888256323e-06, 6.6468e+01, 1.7532e+00, 
 2DIAGNOSTIC,    31, -3.662006079345e-01, 1.010052170868e-06, 6.8201e+01, 1.7325e+00, 
  Elapsed time (stage 0): 6.9156e+01


Total elapsed time: 6.9159e+01
Info [verificarlo]: loaded backend libinterflop_ieee.so
Info [interflop-ieee]: load backend with:
Info [interflop-ieee]: debug = false
Info [interflop-ieee]: debug-binary = false
Info [interflop-ieee]: no-backend-name = false
Info [interflop-ieee]: print-new-line = false
Info [interflop-ieee]: print-subnormal-normalized = false
Info [interflop-ieee]: count-op = false
All_Command_lines_OK
Using double precision for computations.
=============================================================================
The composite transform comprises the following transforms (in order): 
  1. /home/mdugre/scratch/mri-registration-rp/datasets/ds004513/derivatives/mri-registration-rp/0001/antsRegistration-r8-p7/sub-s014/rigid_Composite.h5[0] (type = Euler3DTransform)
  2. /home/mdugre/scratch/mri-registration-rp/datasets/ds004513/derivatives/mri-registration-rp/0001/antsRegistration-r8-p7/sub-s014/rigid_Composite.h5[1] (type = Euler3DTransform)
  3. /home/mdugre/scratch/mri-registration-rp/datasets/ds004513/derivatives/mri-registration-rp/0001/antsRegistration-r8-p7/sub-s014/rigid_Composite.h5[2] (type = Euler3DTransform)
=============================================================================
  number of levels = 4
  fixed image: /templateflow/tpl-MNI152NLin2009cAsym/tpl-MNI152NLin2009cAsym_res-01_desc-brain_T1w.nii.gz
  moving image: /home/mdugre/scratch/mri-registration-rp/datasets/ds004513/derivatives/mri-registration-rp/antsBrainExtraction/sub-s014/BrainExtractionBrain.nii.gz
Dimension = 3
Number of stages = 1
Use histogram matching = false
Winsorize image intensities = true
  Lower quantile = 0.005
  Upper quantile = 0.995


Stage 1 State
   Image metric = MattesMI
     Fixed image = Image (0x5192530)
  RTTI typeinfo:   itk::Image<double, 3u>
  Reference Count: 2
  Modified Time: 1594
  Debug: Off
  Object Name: 
  Observers: 
    none
  Source: (none)
  Source output name: (none)
  Release Data: Off
  Data Released: False
  Global Release Data: Off
  PipelineMTime: 0
  UpdateMTime: 1203
  RealTimeStamp: 0 seconds 
  LargestPossibleRegion: 
    Dimension: 3
    Index: [0, 0, 0]
    Size: [193, 229, 193]
  BufferedRegion: 
    Dimension: 3
    Index: [0, 0, 0]
    Size: [193, 229, 193]
  RequestedRegion: 
    Dimension: 3
    Index: [0, 0, 0]
    Size: [193, 229, 193]
  Spacing: [1, 1, 1]
  Origin: [96, 132, -78]
  Direction: 
-1 0 0
0 -1 0
0 0 1

  IndexToPointMatrix: 
-1 0 0
0 -1 0
0 0 1

  PointToIndexMatrix: 
-1 0 0
0 -1 0
0 0 1

  Inverse Direction: 
-1 0 0
0 -1 0
0 0 1

  PixelContainer: 
    ImportImageContainer (0x524b2a0)
      RTTI typeinfo:   itk::ImportImageContainer<unsigned long, double>
      Reference Count: 1
      Modified Time: 1200
      Debug: Off
      Object Name: 
      Observers: 
        none
      Pointer: 0x1515e677e010
      Container manages memory: true
      Size: 8530021
      Capacity: 8530021

     Moving image = Image (0x524de60)
  RTTI typeinfo:   itk::Image<double, 3u>
  Reference Count: 2
  Modified Time: 1595
  Debug: Off
  Object Name: 
  Observers: 
    none
  Source: (none)
  Source output name: (none)
  Release Data: Off
  Data Released: False
  Global Release Data: Off
  PipelineMTime: 0
  UpdateMTime: 1592
  RealTimeStamp: 0 seconds 
  LargestPossibleRegion: 
    Dimension: 3
    Index: [0, 0, 0]
    Size: [160, 240, 256]
  BufferedRegion: 
    Dimension: 3
    Index: [0, 0, 0]
    Size: [160, 240, 256]
  RequestedRegion: 
    Dimension: 3
    Index: [0, 0, 0]
    Size: [160, 240, 256]
  Spacing: [0.999999, 1, 1]
  Origin: [84.1637, 106.709, -120.531]
  Direction: 
-0.999619 -0.0226874 -0.0157033
0.0226846 -0.999743 0.00035635
-0.0157073 -7.8229e-09 0.999877

  IndexToPointMatrix: 
-0.999619 -0.0226874 -0.0157033
0.0226845 -0.999743 0.00035635
-0.0157073 -7.8229e-09 0.999877

  PointToIndexMatrix: 
-0.99962 0.0226846 -0.0157073
-0.0226874 -0.999743 -7.83127e-09
-0.0157033 0.00035635 0.999877

  Inverse Direction: 
-0.999619 0.0226846 -0.0157073
-0.0226874 -0.999743 -7.83127e-09
-0.0157033 0.00035635 0.999877

  PixelContainer: 
    ImportImageContainer (0x5281390)
      RTTI typeinfo:   itk::ImportImageContainer<unsigned long, double>
      Reference Count: 1
      Modified Time: 1589
      Debug: Off
      Object Name: 
      Observers: 
        none
      Pointer: 0x1515e1c7d010
      Container manages memory: true
      Size: 9830400
      Capacity: 9830400

     Weighting = 1
     Sampling strategy = regular
     Number of bins = 32
     Radius = 4
     Sampling percentage  = 0.25
   Transform = Affine
     Gradient step = 0.1
     Update field sigma (voxel space) = 0
     Total field sigma (voxel space) = 0
     Update field time sigma = 0
     Total field time sigma  = 0
     Number of time indices = 0
     Number of time point samples = 0
Registration using 1 total stages.

Stage 0
  iterations = 1000x500x250x100
  convergence threshold = 1e-06
  convergence window size = 10
  number of levels = 4
  using the Mattes MI metric (number of bins = 32, weight = 1, use gradient filter = 0)
  preprocessing:  winsorizing the image intensities
  Shrink factors (level 1 out of 4): [8, 8, 8]
  Shrink factors (level 2 out of 4): [4, 4, 4]
  Shrink factors (level 3 out of 4): [2, 2, 2]
  Shrink factors (level 4 out of 4): [1, 1, 1]
  smoothing sigmas per level: [3, 2, 1, 0]
  regular sampling (percentage = 0.25)

*** Running AffineTransform registration ***

DIAGNOSTIC,Iteration,metricValue,convergenceValue,ITERATION_TIME_INDEX,SINCE_LAST
 2DIAGNOSTIC,     1, -5.239750081579e-01, 1.797693134862e+308, 8.1471e-01, 8.1471e-01, 
 2DIAGNOSTIC,     2, -5.258640012278e-01, 1.797693134862e+308, 8.2115e-01, 6.4390e-03, 
 2DIAGNOSTIC,     3, -5.291088179430e-01, 1.797693134862e+308, 8.2677e-01, 5.6241e-03, 
 2DIAGNOSTIC,     4, -5.347710740103e-01, 1.797693134862e+308, 8.3388e-01, 7.1139e-03, 
 2DIAGNOSTIC,     5, -5.449383436127e-01, 1.797693134862e+308, 8.3915e-01, 5.2669e-03, 
 2DIAGNOSTIC,     6, -6.215306095958e-01, 1.797693134862e+308, 8.4505e-01, 5.9021e-03, 
 2DIAGNOSTIC,     7, -6.633610868140e-01, 1.797693134862e+308, 8.5093e-01, 5.8799e-03, 
 2DIAGNOSTIC,     8, -7.298997377702e-01, 1.797693134862e+308, 8.5852e-01, 7.5920e-03, 
 2DIAGNOSTIC,     9, -7.422520757907e-01, 1.797693134862e+308, 8.6398e-01, 5.4560e-03, 
 2DIAGNOSTIC,    10, -7.541338012186e-01, 2.915590109344e-02, 8.6981e-01, 5.8270e-03, 
 2DIAGNOSTIC,    11, -7.649021717366e-01, 2.764846997601e-02, 8.7625e-01, 6.4459e-03, 
 2DIAGNOSTIC,    12, -7.741613423065e-01, 2.434790715500e-02, 8.8406e-01, 7.8061e-03, 
 2DIAGNOSTIC,    13, -7.770750663497e-01, 1.968341549060e-02, 8.9036e-01, 6.2990e-03, 
 2DIAGNOSTIC,    14, -7.814241811461e-01, 1.436951709356e-02, 8.9642e-01, 6.0620e-03, 
 2DIAGNOSTIC,    15, -7.874240637753e-01, 9.014360766958e-03, 9.0378e-01, 7.3631e-03, 
 2DIAGNOSTIC,    16, -7.920939699734e-01, 5.733376519933e-03, 9.0948e-01, 5.6961e-03, 
 2DIAGNOSTIC,    17, -7.957348723285e-01, 3.442741998899e-03, 9.1526e-01, 5.7781e-03, 
 2DIAGNOSTIC,    18, -8.010582139485e-01, 2.769036969302e-03, 9.2277e-01, 7.5109e-03, 
 2DIAGNOSTIC,    19, -8.020626019629e-01, 2.204712358762e-03, 9.2917e-01, 6.3999e-03, 
 2DIAGNOSTIC,    20, -8.025888687860e-01, 1.748785919505e-03, 9.3482e-01, 5.6560e-03, 
 2DIAGNOSTIC,    21, -8.047951905546e-01, 1.424933441386e-03, 9.4151e-01, 6.6822e-03, 
 2DIAGNOSTIC,    22, -8.088021800195e-01, 1.241472177244e-03, 9.4949e-01, 7.9792e-03, 
 2DIAGNOSTIC,    23, -8.108233207460e-01, 1.042922119583e-03, 9.5550e-01, 6.0182e-03, 
 2DIAGNOSTIC,    24, -8.126164088855e-01, 8.656966166493e-04, 9.6126e-01, 5.7511e-03, 
 2DIAGNOSTIC,    25, -8.155469916613e-01, 7.639904539251e-04, 9.6799e-01, 6.7310e-03, 
 2DIAGNOSTIC,    26, -8.215043106827e-01, 7.574921268524e-04, 9.7361e-01, 5.6250e-03, 
 2DIAGNOSTIC,    27, -8.250935779989e-01, 7.799597057440e-04, 9.8001e-01, 6.4032e-03, 
 2DIAGNOSTIC,    28, -8.288999952272e-01, 8.531319252405e-04, 9.8768e-01, 7.6661e-03, 
 2DIAGNOSTIC,    29, -8.297269752750e-01, 8.656108128524e-04, 9.9332e-01, 5.6431e-03, 
 2DIAGNOSTIC,    30, -8.333785604588e-01, 8.492786136997e-04, 9.9926e-01, 5.9340e-03, 
 2DIAGNOSTIC,    31, -8.366908521773e-01, 8.193304354836e-04, 1.0056e+00, 6.3500e-03, 
 2DIAGNOSTIC,    32, -8.378489243197e-01, 7.741344787327e-04, 1.0113e+00, 5.7089e-03, 
 2DIAGNOSTIC,    33, -8.386464973780e-01, 6.920514666808e-04, 1.0177e+00, 6.3672e-03, 
 2DIAGNOSTIC,    34, -8.393182743531e-01, 5.778828282251e-04, 1.0254e+00, 7.6671e-03, 
 2DIAGNOSTIC,    35, -8.396534246410e-01, 4.500083329947e-04, 1.0310e+00, 5.6438e-03, 
 2DIAGNOSTIC,    36, -8.402322429269e-01, 3.544457176013e-04, 1.0371e+00, 6.0589e-03, 
 2DIAGNOSTIC,    37, -8.406980100538e-01, 2.712754113206e-04, 1.0427e+00, 5.6331e-03, 
 2DIAGNOSTIC,    38, -8.411701299369e-01, 2.097775112873e-04, 1.0490e+00, 6.3438e-03, 
 2DIAGNOSTIC,    39, -8.414253357515e-01, 1.416493554346e-04, 1.0552e+00, 6.2089e-03, 
 2DIAGNOSTIC,    40, -8.415173311740e-01, 9.793039919423e-05, 1.0609e+00, 5.6551e-03, 
 2DIAGNOSTIC,    41, -8.423101528220e-01, 8.421485802184e-05, 1.0673e+00, 6.3739e-03, 
 2DIAGNOSTIC,    42, -8.422557769371e-01, 7.263889838546e-05, 1.0735e+00, 6.2292e-03, 
 2DIAGNOSTIC,    43, -8.422800196019e-01, 6.181500981728e-05, 1.0791e+00, 5.6241e-03, 
 2DIAGNOSTIC,    44, -8.430269929969e-01, 5.764813225700e-05, 1.0958e+00, 1.6713e-02, 
 2DIAGNOSTIC,    45, -8.430269858898e-01, 5.073814876616e-05, 1.1015e+00, 5.6169e-03, 
 2DIAGNOSTIC,    46, -8.430270274736e-01, 4.393090625259e-05, 1.1070e+00, 5.5699e-03, 
 2DIAGNOSTIC,    47, -8.430270977640e-01, 3.694357529610e-05, 1.1126e+00, 5.5909e-03, 
 2DIAGNOSTIC,    48, -8.430272165469e-01, 3.042827604054e-05, 1.1182e+00, 5.5778e-03, 
 2DIAGNOSTIC,    49, -8.430274171863e-01, 2.320798129935e-05, 1.1239e+00, 5.7139e-03, 
 2DIAGNOSTIC,    50, -8.430277558359e-01, 1.462933739476e-05, 1.1294e+00, 5.5280e-03, 
 2DIAGNOSTIC,    51, -8.430283266957e-01, 1.082831278476e-05, 1.1350e+00, 5.5251e-03, 
 2DIAGNOSTIC,    52, -8.430292869564e-01, 5.897015680399e-06, 1.1404e+00, 5.4669e-03, 
DIAGNOSTIC,Iteration,metricValue,convergenceValue,ITERATION_TIME_INDEX,SINCE_LAST
 2DIAGNOSTIC,     1, -6.886339873828e-01, 1.797693134862e+308, 1.9033e+00, 7.6283e-01, 
 2DIAGNOSTIC,     2, -6.892647061370e-01, 1.797693134862e+308, 1.9421e+00, 3.8892e-02, 
 2DIAGNOSTIC,     3, -6.897743980851e-01, 1.797693134862e+308, 1.9811e+00, 3.8979e-02, 
 2DIAGNOSTIC,     4, -6.903077632814e-01, 1.797693134862e+308, 2.0202e+00, 3.9099e-02, 
 2DIAGNOSTIC,     5, -6.913208268624e-01, 1.797693134862e+308, 2.0595e+00, 3.9261e-02, 
 2DIAGNOSTIC,     6, -6.930377302177e-01, 1.797693134862e+308, 2.1027e+00, 4.3184e-02, 
 2DIAGNOSTIC,     7, -6.932262300007e-01, 1.797693134862e+308, 2.1743e+00, 7.1668e-02, 
 2DIAGNOSTIC,     8, -6.932522076555e-01, 1.797693134862e+308, 2.2127e+00, 3.8320e-02, 
 2DIAGNOSTIC,     9, -6.932768287316e-01, 1.797693134862e+308, 2.2519e+00, 3.9196e-02, 
 2DIAGNOSTIC,    10, -6.933058134835e-01, 5.072441293736e-04, 2.2909e+00, 3.9095e-02, 
 2DIAGNOSTIC,    11, -6.933516404743e-01, 3.834999980156e-04, 2.3297e+00, 3.8719e-02, 
 2DIAGNOSTIC,    12, -6.934112534849e-01, 2.698689334262e-04, 2.3683e+00, 3.8621e-02, 
 2DIAGNOSTIC,    13, -6.934365357119e-01, 1.672618711559e-04, 2.4103e+00, 4.2043e-02, 
 2DIAGNOSTIC,    14, -6.934932706824e-01, 8.153234170975e-05, 2.4534e+00, 4.3114e-02, 
 2DIAGNOSTIC,    15, -6.935561411889e-01, 2.816851629145e-05, 2.4938e+00, 4.0388e-02, 
 2DIAGNOSTIC,    16, -6.935904663277e-01, 2.386850280206e-05, 2.5319e+00, 3.8027e-02, 
 2DIAGNOSTIC,    17, -6.936509020123e-01, 2.405922991706e-05, 2.5784e+00, 4.6511e-02, 
 2DIAGNOSTIC,    18, -6.936406428469e-01, 2.252054654623e-05, 2.6205e+00, 4.2103e-02, 
 2DIAGNOSTIC,    19, -6.936184945474e-01, 1.929617090425e-05, 2.6607e+00, 4.0248e-02, 
 2DIAGNOSTIC,    20, -6.936171108643e-01, 1.532210501102e-05, 2.7027e+00, 4.1990e-02, 
 2DIAGNOSTIC,    21, -6.936268353956e-01, 1.149626337470e-05, 2.7494e+00, 4.6709e-02, 
 2DIAGNOSTIC,    22, -6.936082058256e-01, 7.836892750204e-06, 2.7971e+00, 4.7682e-02, 
 2DIAGNOSTIC,    23, -6.935966165729e-01, 4.148908977430e-06, 2.8387e+00, 4.1550e-02, 
 2DIAGNOSTIC,    24, -6.935851824255e-01, 1.288774595612e-06, 2.8789e+00, 4.0256e-02, 
DIAGNOSTIC,Iteration,metricValue,convergenceValue,ITERATION_TIME_INDEX,SINCE_LAST
 2DIAGNOSTIC,     1, -5.885255734082e-01, 1.797693134862e+308, 4.0951e+00, 1.2161e+00, 
 2DIAGNOSTIC,     2, -5.891773863239e-01, 1.797693134862e+308, 4.3894e+00, 2.9432e-01, 
 2DIAGNOSTIC,     3, -5.899069011410e-01, 1.797693134862e+308, 4.6685e+00, 2.7915e-01, 
 2DIAGNOSTIC,     4, -5.907736316145e-01, 1.797693134862e+308, 4.9699e+00, 3.0139e-01, 
 2DIAGNOSTIC,     5, -5.918515626735e-01, 1.797693134862e+308, 5.2990e+00, 3.2913e-01, 
 2DIAGNOSTIC,     6, -5.937966536510e-01, 1.797693134862e+308, 5.6900e+00, 3.9093e-01, 
 2DIAGNOSTIC,     7, -5.938401951619e-01, 1.797693134862e+308, 6.0617e+00, 3.7177e-01, 
 2DIAGNOSTIC,     8, -5.938294476639e-01, 1.797693134862e+308, 6.3833e+00, 3.2155e-01, 
 2DIAGNOSTIC,     9, -5.938297552108e-01, 1.797693134862e+308, 6.7724e+00, 3.8917e-01, 
 2DIAGNOSTIC,    10, -5.938223364853e-01, 6.690476847354e-04, 7.0824e+00, 3.0999e-01, 
 2DIAGNOSTIC,    11, -5.938232449809e-01, 4.891188592308e-04, 7.5093e+00, 4.2691e-01, 
 2DIAGNOSTIC,    12, -5.938237479220e-01, 3.217179648896e-04, 7.8785e+00, 3.6916e-01, 
 2DIAGNOSTIC,    13, -5.938220191374e-01, 1.789211269723e-04, 8.2122e+00, 3.3372e-01, 
 2DIAGNOSTIC,    14, -5.938216582604e-01, 7.000354450637e-05, 8.5379e+00, 3.2570e-01, 
 2DIAGNOSTIC,    15, -5.938202331800e-01, 2.109729108662e-06, 8.8501e+00, 3.1216e-01, 
DIAGNOSTIC,Iteration,metricValue,convergenceValue,ITERATION_TIME_INDEX,SINCE_LAST
