
##########################
# Experiment information #
##########################

EXPERIMENT_NAME: antsRegistration-r8-p8
VFC_BACKENDS: libinterflop_vprec.so --range-binary32=8 --precision-binary32=8 --range-binary64=8 --precision-binary64=8

SIF_IMG: /home/mdugre/projects/rrg-glatard/mdugre/containers/ants-vprec-no_metrics.simg

SUBJECT_ID: s037
INPUT_IMG: /home/mdugre/scratch/mri-registration-rp/datasets/ds004513/derivatives/mri-registration-rp/antsBrainExtraction/sub-s037/BrainExtractionBrain.nii.gz
OUTPUT_DIR: /home/mdugre/scratch/mri-registration-rp/datasets/ds004513/derivatives/mri-registration-rp/0001/antsRegistration-r8-p8/sub-s037

FIXED_IMG: /templateflow/tpl-MNI152NLin2009cAsym/tpl-MNI152NLin2009cAsym_res-01_desc-brain_T1w.nii.gz
DATA_DIR: /home/mdugre/scratch/mri-registration-rp/datasets/ds004513
TEMPLATEFLOW_DIR: /home/mdugre/projects/rrg-glatard/mdugre/templateflow
ITK_GLOBAL_DEFAULT_NUMBER_OF_THREADS: 16
##########################

Info [verificarlo]: loaded backend libinterflop_ieee.so
Info [interflop-ieee]: load backend with:
Info [interflop-ieee]: debug = false
Info [interflop-ieee]: debug-binary = false
Info [interflop-ieee]: no-backend-name = false
Info [interflop-ieee]: print-new-line = false
Info [interflop-ieee]: print-subnormal-normalized = false
Info [interflop-ieee]: count-op = false
All_Command_lines_OK
Using double precision for computations.
=============================================================================
The composite transform comprises the following transforms (in order): 
  1. Center of mass alignment using fixed image: /templateflow/tpl-MNI152NLin2009cAsym/tpl-MNI152NLin2009cAsym_res-01_desc-brain_T1w.nii.gz and moving image: /home/mdugre/scratch/mri-registration-rp/datasets/ds004513/derivatives/mri-registration-rp/antsBrainExtraction/sub-s037/BrainExtractionBrain.nii.gz (type = Euler3DTransform)
=============================================================================
  number of levels = 1
  fixed image: /templateflow/tpl-MNI152NLin2009cAsym/tpl-MNI152NLin2009cAsym_res-01_desc-brain_T1w.nii.gz
  moving image: /home/mdugre/scratch/mri-registration-rp/datasets/ds004513/derivatives/mri-registration-rp/antsBrainExtraction/sub-s037/BrainExtractionBrain.nii.gz
Dimension = 3
Number of stages = 1
Use histogram matching = false
Winsorize image intensities = true
  Lower quantile = 0.005
  Upper quantile = 0.995


Stage 1 State
   Image metric = MattesMI
     Fixed image = Image (0x3e69bd0)
  RTTI typeinfo:   itk::Image<double, 3u>
  Reference Count: 2
  Modified Time: 2330
  Debug: Off
  Object Name: 
  Observers: 
    none
  Source: (none)
  Source output name: (none)
  Release Data: Off
  Data Released: False
  Global Release Data: Off
  PipelineMTime: 0
  UpdateMTime: 1941
  RealTimeStamp: 0 seconds 
  LargestPossibleRegion: 
    Dimension: 3
    Index: [0, 0, 0]
    Size: [193, 229, 193]
  BufferedRegion: 
    Dimension: 3
    Index: [0, 0, 0]
    Size: [193, 229, 193]
  RequestedRegion: 
    Dimension: 3
    Index: [0, 0, 0]
    Size: [193, 229, 193]
  Spacing: [1, 1, 1]
  Origin: [96, 132, -78]
  Direction: 
-1 0 0
0 -1 0
0 0 1

  IndexToPointMatrix: 
-1 0 0
0 -1 0
0 0 1

  PointToIndexMatrix: 
-1 0 0
0 -1 0
0 0 1

  Inverse Direction: 
-1 0 0
0 -1 0
0 0 1

  PixelContainer: 
    ImportImageContainer (0x3e729e0)
      RTTI typeinfo:   itk::ImportImageContainer<unsigned long, double>
      Reference Count: 1
      Modified Time: 1938
      Debug: Off
      Object Name: 
      Observers: 
        none
      Pointer: 0x15510fa90010
      Container manages memory: true
      Size: 8530021
      Capacity: 8530021

     Moving image = Image (0x3e73d40)
  RTTI typeinfo:   itk::Image<double, 3u>
  Reference Count: 2
  Modified Time: 2331
  Debug: Off
  Object Name: 
  Observers: 
    none
  Source: (none)
  Source output name: (none)
  Release Data: Off
  Data Released: False
  Global Release Data: Off
  PipelineMTime: 0
  UpdateMTime: 2328
  RealTimeStamp: 0 seconds 
  LargestPossibleRegion: 
    Dimension: 3
    Index: [0, 0, 0]
    Size: [160, 240, 256]
  BufferedRegion: 
    Dimension: 3
    Index: [0, 0, 0]
    Size: [160, 240, 256]
  RequestedRegion: 
    Dimension: 3
    Index: [0, 0, 0]
    Size: [160, 240, 256]
  Spacing: [1, 1, 1]
  Origin: [87.9508, 102.562, -147.639]
  Direction: 
-0.998659 -0.0436121 -0.0279129
0.043595 -0.999049 0.00121847
-0.0279395 -2.65543e-08 0.99961

  IndexToPointMatrix: 
-0.998659 -0.0436121 -0.0279129
0.043595 -0.999049 0.00121847
-0.0279395 -2.65543e-08 0.99961

  PointToIndexMatrix: 
-0.998659 0.043595 -0.0279395
-0.0436121 -0.999049 -2.65517e-08
-0.0279129 0.00121847 0.99961

  Inverse Direction: 
-0.998659 0.043595 -0.0279395
-0.0436121 -0.999049 -2.65517e-08
-0.0279129 0.00121847 0.99961

  PixelContainer: 
    ImportImageContainer (0x3e99850)
      RTTI typeinfo:   itk::ImportImageContainer<unsigned long, double>
      Reference Count: 1
      Modified Time: 2325
      Debug: Off
      Object Name: 
      Observers: 
        none
      Pointer: 0x15510af8f010
      Container manages memory: true
      Size: 9830400
      Capacity: 9830400

     Weighting = 1
     Sampling strategy = regular
     Number of bins = 32
     Radius = 4
     Sampling percentage  = 0.25
   Transform = Rigid
     Gradient step = 0.1
     Update field sigma (voxel space) = 0
     Total field sigma (voxel space) = 0
     Update field time sigma = 0
     Total field time sigma  = 0
     Number of time indices = 0
     Number of time point samples = 0
Registration using 1 total stages.

Stage 0
  iterations = 0
  convergence threshold = 1e-06
  convergence window size = 10
  number of levels = 1
  using the Mattes MI metric (number of bins = 32, weight = 1, use gradient filter = 0)
  preprocessing:  winsorizing the image intensities
  Shrink factors (level 1 out of 1): [1, 1, 1]
  smoothing sigmas per level: [0]
  regular sampling (percentage = 0.25)

*** Running Euler3DTransform registration ***

  Elapsed time (stage 0): 1.12149


Total elapsed time: 1.1304
Info [verificarlo]: loaded backend libinterflop_ieee.so
Info [interflop-ieee]: load backend with:
Info [interflop-ieee]: debug = false
Info [interflop-ieee]: debug-binary = false
Info [interflop-ieee]: no-backend-name = false
Info [interflop-ieee]: print-new-line = false
Info [interflop-ieee]: print-subnormal-normalized = false
Info [interflop-ieee]: count-op = false
All_Command_lines_OK
Using double precision for computations.
=============================================================================
The composite transform comprises the following transforms (in order): 
  1. /home/mdugre/scratch/mri-registration-rp/datasets/ds004513/derivatives/mri-registration-rp/0001/antsRegistration-r8-p8/sub-s037/align_Composite.h5[0] (type = Euler3DTransform)
  2. /home/mdugre/scratch/mri-registration-rp/datasets/ds004513/derivatives/mri-registration-rp/0001/antsRegistration-r8-p8/sub-s037/align_Composite.h5[1] (type = Euler3DTransform)
=============================================================================
  number of levels = 4
  fixed image: /templateflow/tpl-MNI152NLin2009cAsym/tpl-MNI152NLin2009cAsym_res-01_desc-brain_T1w.nii.gz
  moving image: /home/mdugre/scratch/mri-registration-rp/datasets/ds004513/derivatives/mri-registration-rp/antsBrainExtraction/sub-s037/BrainExtractionBrain.nii.gz
Dimension = 3
Number of stages = 1
Use histogram matching = false
Winsorize image intensities = true
  Lower quantile = 0.005
  Upper quantile = 0.995


Stage 1 State
   Image metric = MattesMI
     Fixed image = Image (0x523a530)
  RTTI typeinfo:   itk::Image<double, 3u>
  Reference Count: 2
  Modified Time: 1578
  Debug: Off
  Object Name: 
  Observers: 
    none
  Source: (none)
  Source output name: (none)
  Release Data: Off
  Data Released: False
  Global Release Data: Off
  PipelineMTime: 0
  UpdateMTime: 1189
  RealTimeStamp: 0 seconds 
  LargestPossibleRegion: 
    Dimension: 3
    Index: [0, 0, 0]
    Size: [193, 229, 193]
  BufferedRegion: 
    Dimension: 3
    Index: [0, 0, 0]
    Size: [193, 229, 193]
  RequestedRegion: 
    Dimension: 3
    Index: [0, 0, 0]
    Size: [193, 229, 193]
  Spacing: [1, 1, 1]
  Origin: [96, 132, -78]
  Direction: 
-1 0 0
0 -1 0
0 0 1

  IndexToPointMatrix: 
-1 0 0
0 -1 0
0 0 1

  PointToIndexMatrix: 
-1 0 0
0 -1 0
0 0 1

  Inverse Direction: 
-1 0 0
0 -1 0
0 0 1

  PixelContainer: 
    ImportImageContainer (0x52f8d60)
      RTTI typeinfo:   itk::ImportImageContainer<unsigned long, double>
      Reference Count: 1
      Modified Time: 1186
      Debug: Off
      Object Name: 
      Observers: 
        none
      Pointer: 0x149e5a9d7010
      Container manages memory: true
      Size: 8530021
      Capacity: 8530021

     Moving image = Image (0x52eaf60)
  RTTI typeinfo:   itk::Image<double, 3u>
  Reference Count: 2
  Modified Time: 1579
  Debug: Off
  Object Name: 
  Observers: 
    none
  Source: (none)
  Source output name: (none)
  Release Data: Off
  Data Released: False
  Global Release Data: Off
  PipelineMTime: 0
  UpdateMTime: 1576
  RealTimeStamp: 0 seconds 
  LargestPossibleRegion: 
    Dimension: 3
    Index: [0, 0, 0]
    Size: [160, 240, 256]
  BufferedRegion: 
    Dimension: 3
    Index: [0, 0, 0]
    Size: [160, 240, 256]
  RequestedRegion: 
    Dimension: 3
    Index: [0, 0, 0]
    Size: [160, 240, 256]
  Spacing: [1, 1, 1]
  Origin: [87.9508, 102.562, -147.639]
  Direction: 
-0.998659 -0.0436121 -0.0279129
0.043595 -0.999049 0.00121847
-0.0279395 -2.65543e-08 0.99961

  IndexToPointMatrix: 
-0.998659 -0.0436121 -0.0279129
0.043595 -0.999049 0.00121847
-0.0279395 -2.65543e-08 0.99961

  PointToIndexMatrix: 
-0.998659 0.043595 -0.0279395
-0.0436121 -0.999049 -2.65517e-08
-0.0279129 0.00121847 0.99961

  Inverse Direction: 
-0.998659 0.043595 -0.0279395
-0.0436121 -0.999049 -2.65517e-08
-0.0279129 0.00121847 0.99961

  PixelContainer: 
    ImportImageContainer (0x52dc6d0)
      RTTI typeinfo:   itk::ImportImageContainer<unsigned long, double>
      Reference Count: 1
      Modified Time: 1573
      Debug: Off
      Object Name: 
      Observers: 
        none
      Pointer: 0x149e55ed6010
      Container manages memory: true
      Size: 9830400
      Capacity: 9830400

     Weighting = 1
     Sampling strategy = regular
     Number of bins = 32
     Radius = 4
     Sampling percentage  = 0.25
   Transform = Rigid
     Gradient step = 0.1
     Update field sigma (voxel space) = 0
     Total field sigma (voxel space) = 0
     Update field time sigma = 0
     Total field time sigma  = 0
     Number of time indices = 0
     Number of time point samples = 0
Registration using 1 total stages.

Stage 0
  iterations = 1000x500x250x100
  convergence threshold = 1e-06
  convergence window size = 10
  number of levels = 4
  using the Mattes MI metric (number of bins = 32, weight = 1, use gradient filter = 0)
  preprocessing:  winsorizing the image intensities
  Shrink factors (level 1 out of 4): [8, 8, 8]
  Shrink factors (level 2 out of 4): [4, 4, 4]
  Shrink factors (level 3 out of 4): [2, 2, 2]
  Shrink factors (level 4 out of 4): [1, 1, 1]
  smoothing sigmas per level: [3, 2, 1, 0]
  regular sampling (percentage = 0.25)

*** Running Euler3DTransform registration ***

DIAGNOSTIC,Iteration,metricValue,convergenceValue,ITERATION_TIME_INDEX,SINCE_LAST
 2DIAGNOSTIC,     1, -4.299060189477e-01, 1.797693134862e+308, 7.1089e-01, 7.1089e-01, 
 2DIAGNOSTIC,     2, -4.311703807429e-01, 1.797693134862e+308, 7.1563e-01, 4.7400e-03, 
 2DIAGNOSTIC,     3, -4.334997061176e-01, 1.797693134862e+308, 7.2130e-01, 5.6632e-03, 
 2DIAGNOSTIC,     4, -4.389575130370e-01, 1.797693134862e+308, 7.2625e-01, 4.9589e-03, 
 2DIAGNOSTIC,     5, -4.438813134482e-01, 1.797693134862e+308, 7.3067e-01, 4.4191e-03, 
 2DIAGNOSTIC,     6, -4.461495460377e-01, 1.797693134862e+308, 7.3509e-01, 4.4160e-03, 
 2DIAGNOSTIC,     7, -4.511407144429e-01, 1.797693134862e+308, 7.4036e-01, 5.2669e-03, 
 2DIAGNOSTIC,     8, -4.667812032718e-01, 1.797693134862e+308, 7.4570e-01, 5.3449e-03, 
 2DIAGNOSTIC,     9, -4.753090114372e-01, 1.797693134862e+308, 7.5076e-01, 5.0569e-03, 
 2DIAGNOSTIC,    10, -4.802481719655e-01, 7.481707542057e-03, 7.5597e-01, 5.2121e-03, 
 2DIAGNOSTIC,    11, -4.821261368877e-01, 7.356704266140e-03, 7.6060e-01, 4.6299e-03, 
 2DIAGNOSTIC,    12, -4.837491005317e-01, 6.749992380108e-03, 7.6678e-01, 6.1791e-03, 
 2DIAGNOSTIC,    13, -5.028244927623e-01, 6.622215038803e-03, 7.7518e-01, 8.3961e-03, 
 2DIAGNOSTIC,    14, -5.042109134414e-01, 6.183615245778e-03, 7.8005e-01, 4.8759e-03, 
 2DIAGNOSTIC,    15, -5.066116081886e-01, 5.558135432523e-03, 7.8500e-01, 4.9510e-03, 
 2DIAGNOSTIC,    16, -5.083451635988e-01, 4.676295421953e-03, 7.8999e-01, 4.9851e-03, 
 2DIAGNOSTIC,    17, -5.184993492515e-01, 3.998770500571e-03, 7.9769e-01, 7.7040e-03, 
 2DIAGNOSTIC,    18, -5.256348856042e-01, 3.769024583926e-03, 8.0260e-01, 4.9078e-03, 
 2DIAGNOSTIC,    19, -5.260487280267e-01, 3.491513213454e-03, 8.0821e-01, 5.6069e-03, 
 2DIAGNOSTIC,    20, -5.292109543374e-01, 3.174906856614e-03, 8.1401e-01, 5.8060e-03, 
 2DIAGNOSTIC,    21, -5.301818236942e-01, 2.681599984771e-03, 8.1918e-01, 5.1641e-03, 
 2DIAGNOSTIC,    22, -5.312241328331e-01, 2.041188662904e-03, 8.2460e-01, 5.4200e-03, 
 2DIAGNOSTIC,    23, -5.321371277448e-01, 1.776978882027e-03, 8.3068e-01, 6.0802e-03, 
 2DIAGNOSTIC,    24, -5.330747160939e-01, 1.429097607017e-03, 8.3555e-01, 4.8730e-03, 
 2DIAGNOSTIC,    25, -5.340979391610e-01, 1.060387030589e-03, 8.4112e-01, 5.5749e-03, 
 2DIAGNOSTIC,    26, -5.353301671828e-01, 6.839341333214e-04, 8.4825e-01, 7.1242e-03, 
 2DIAGNOSTIC,    27, -5.359877704952e-01, 5.005573741657e-04, 8.5315e-01, 4.9040e-03, 
 2DIAGNOSTIC,    28, -5.363338751238e-01, 4.385705066983e-04, 8.5867e-01, 5.5149e-03, 
 2DIAGNOSTIC,    29, -5.373050594232e-01, 3.660289989835e-04, 8.6362e-01, 4.9551e-03, 
 2DIAGNOSTIC,    30, -5.398201316764e-01, 3.715995379362e-04, 8.7006e-01, 6.4340e-03, 
 2DIAGNOSTIC,    31, -5.446422356880e-01, 4.465294832805e-04, 8.8154e-01, 1.1487e-02, 
 2DIAGNOSTIC,    32, -5.446647095159e-01, 4.912693395485e-04, 8.8638e-01, 4.8380e-03, 
 2DIAGNOSTIC,    33, -5.447648341974e-01, 5.056544762113e-04, 8.9111e-01, 4.7238e-03, 
 2DIAGNOSTIC,    34, -5.449312123545e-01, 4.904198819434e-04, 8.9593e-01, 4.8239e-03, 
 2DIAGNOSTIC,    35, -5.452046072914e-01, 4.491634656739e-04, 9.0079e-01, 4.8611e-03, 
 2DIAGNOSTIC,    36, -5.456974819600e-01, 3.933163438451e-04, 9.0560e-01, 4.8132e-03, 
 2DIAGNOSTIC,    37, -5.462998543927e-01, 3.227913570620e-04, 9.1048e-01, 4.8749e-03, 
 2DIAGNOSTIC,    38, -5.470544391845e-01, 2.429329401343e-04, 9.1533e-01, 4.8540e-03, 
 2DIAGNOSTIC,    39, -5.483333983648e-01, 1.763324446842e-04, 9.2105e-01, 5.7139e-03, 
 2DIAGNOSTIC,    40, -5.485725943736e-01, 1.327568603547e-04, 9.2615e-01, 5.1031e-03, 
 2DIAGNOSTIC,    41, -5.488485943130e-01, 1.482679286708e-04, 9.3188e-01, 5.7299e-03, 
 2DIAGNOSTIC,    42, -5.491459718726e-01, 1.532223599096e-04, 9.3719e-01, 5.3070e-03, 
 2DIAGNOSTIC,    43, -5.501737187788e-01, 1.577441244879e-04, 9.4333e-01, 6.1450e-03, 
 2DIAGNOSTIC,    44, -5.634781774575e-01, 3.158800003153e-04, 9.5057e-01, 7.2389e-03, 
 2DIAGNOSTIC,    45, -5.665385204235e-01, 4.725772626740e-04, 9.5657e-01, 5.9991e-03, 
 2DIAGNOSTIC,    46, -5.687303206041e-01, 6.099789050331e-04, 9.6209e-01, 5.5180e-03, 
 2DIAGNOSTIC,    47, -5.690897887579e-01, 6.960805977741e-04, 9.6746e-01, 5.3730e-03, 
 2DIAGNOSTIC,    48, -5.694270099387e-01, 7.238841789659e-04, 9.7211e-01, 4.6480e-03, 
 2DIAGNOSTIC,    49, -5.697243163320e-01, 6.965650053460e-04, 9.7686e-01, 4.7519e-03, 
 2DIAGNOSTIC,    50, -5.705592402607e-01, 6.145332018887e-04, 9.8359e-01, 6.7289e-03, 
 2DIAGNOSTIC,    51, -5.708985734415e-01, 4.855102778404e-04, 9.8822e-01, 4.6291e-03, 
 2DIAGNOSTIC,    52, -5.713514184826e-01, 3.251152181873e-04, 9.9357e-01, 5.3539e-03, 
 2DIAGNOSTIC,    53, -5.717887591083e-01, 1.520604623408e-04, 9.9840e-01, 4.8270e-03, 
 2DIAGNOSTIC,    54, -5.727203405449e-01, 1.137782902704e-04, 1.0042e+00, 5.8022e-03, 
 2DIAGNOSTIC,    55, -5.755826829219e-01, 1.236279719740e-04, 1.0099e+00, 5.7111e-03, 
 2DIAGNOSTIC,    56, -5.778928561689e-01, 1.639963313391e-04, 1.0157e+00, 5.7960e-03, 
 2DIAGNOSTIC,    57, -5.806702012753e-01, 2.166167847023e-04, 1.0224e+00, 6.7320e-03, 
 2DIAGNOSTIC,    58, -5.812485327690e-01, 2.549100994113e-04, 1.0272e+00, 4.7460e-03, 
 2DIAGNOSTIC,    59, -5.817359943162e-01, 2.746363675021e-04, 1.0324e+00, 5.2350e-03, 
 2DIAGNOSTIC,    60, -5.819905858927e-01, 2.768935224854e-04, 1.0377e+00, 5.2481e-03, 
 2DIAGNOSTIC,    61, -5.821069006585e-01, 2.561360311073e-04, 1.0429e+00, 5.2698e-03, 
 2DIAGNOSTIC,    62, -5.822078741132e-01, 2.162925128737e-04, 1.0476e+00, 4.6749e-03, 
 2DIAGNOSTIC,    63, -5.823906125816e-01, 1.625740603475e-04, 1.0524e+00, 4.7951e-03, 
 2DIAGNOSTIC,    64, -5.828048160245e-01, 1.061373266695e-04, 1.0577e+00, 5.2700e-03, 
 2DIAGNOSTIC,    65, -5.832737519524e-01, 6.841961809032e-05, 1.0630e+00, 5.3320e-03, 
 2DIAGNOSTIC,    66, -5.832227599257e-01, 4.302773343901e-05, 1.0696e+00, 6.5401e-03, 
 2DIAGNOSTIC,    67, -5.833170974779e-01, 3.716653960704e-05, 1.0746e+00, 5.0509e-03, 
 2DIAGNOSTIC,    68, -5.833332820494e-01, 3.252613720854e-05, 1.0799e+00, 5.2629e-03, 
 2DIAGNOSTIC,    69, -5.833560243270e-01, 2.875934759815e-05, 1.0851e+00, 5.2779e-03, 
 2DIAGNOSTIC,    70, -5.836472113004e-01, 2.645673712864e-05, 1.0905e+00, 5.3680e-03, 
 2DIAGNOSTIC,    71, -5.836515021053e-01, 2.259892226765e-05, 1.1055e+00, 1.5024e-02, 
 2DIAGNOSTIC,    72, -5.836515015896e-01, 1.753791727206e-05, 1.1103e+00, 4.7300e-03, 
 2DIAGNOSTIC,    73, -5.836515076609e-01, 1.228111821983e-05, 1.1151e+00, 4.8010e-03, 
 2DIAGNOSTIC,    74, -5.836515179257e-01, 8.887165741281e-06, 1.1198e+00, 4.7030e-03, 
 2DIAGNOSTIC,    75, -5.836515352587e-01, 8.052430735787e-06, 1.1245e+00, 4.6930e-03, 
 2DIAGNOSTIC,    76, -5.836515644867e-01, 6.133935685002e-06, 1.1292e+00, 4.7109e-03, 
 2DIAGNOSTIC,    77, -5.836516138682e-01, 4.395427024600e-06, 1.1341e+00, 4.8950e-03, 
 2DIAGNOSTIC,    78, -5.836516972498e-01, 2.452899408091e-06, 1.1390e+00, 4.8912e-03, 
DIAGNOSTIC,Iteration,metricValue,convergenceValue,ITERATION_TIME_INDEX,SINCE_LAST
 2DIAGNOSTIC,     1, -4.693467984945e-01, 1.797693134862e+308, 1.9045e+00, 7.6553e-01, 
 2DIAGNOSTIC,     2, -4.701621894197e-01, 1.797693134862e+308, 1.9336e+00, 2.9112e-02, 
 2DIAGNOSTIC,     3, -4.716925609832e-01, 1.797693134862e+308, 1.9628e+00, 2.9217e-02, 
 2DIAGNOSTIC,     4, -4.735753966462e-01, 1.797693134862e+308, 1.9922e+00, 2.9388e-02, 
 2DIAGNOSTIC,     5, -4.750394404780e-01, 1.797693134862e+308, 2.0219e+00, 2.9650e-02, 
 2DIAGNOSTIC,     6, -4.765660948681e-01, 1.797693134862e+308, 2.0508e+00, 2.8948e-02, 
 2DIAGNOSTIC,     7, -4.790572476721e-01, 1.797693134862e+308, 2.0834e+00, 3.2630e-02, 
 2DIAGNOSTIC,     8, -4.797105572699e-01, 1.797693134862e+308, 2.1181e+00, 3.4710e-02, 
 2DIAGNOSTIC,     9, -4.803183890407e-01, 1.797693134862e+308, 2.1527e+00, 3.4505e-02, 
 2DIAGNOSTIC,    10, -4.809464225769e-01, 1.730824698506e-03, 2.1928e+00, 4.0117e-02, 
 2DIAGNOSTIC,    11, -4.814839820141e-01, 1.453420817460e-03, 2.2213e+00, 2.8573e-02, 
 2DIAGNOSTIC,    12, -4.826988423120e-01, 1.191161830933e-03, 2.2505e+00, 2.9193e-02, 
 2DIAGNOSTIC,    13, -4.835648638789e-01, 9.697782054249e-04, 2.2796e+00, 2.9029e-02, 
 2DIAGNOSTIC,    14, -4.839926001835e-01, 7.908013053204e-04, 2.3092e+00, 2.9652e-02, 
 2DIAGNOSTIC,    15, -4.849847584600e-01, 6.612960106372e-04, 2.3543e+00, 4.5045e-02, 
 2DIAGNOSTIC,    16, -4.853559103339e-01, 5.552832555980e-04, 2.3838e+00, 2.9496e-02, 
 2DIAGNOSTIC,    17, -4.854334142593e-01, 5.000018486218e-04, 2.4137e+00, 2.9945e-02, 
 2DIAGNOSTIC,    18, -4.855358286050e-01, 4.297294058640e-04, 2.4590e+00, 4.5336e-02, 
 2DIAGNOSTIC,    19, -4.855857632986e-01, 3.477633733498e-04, 2.4960e+00, 3.6938e-02, 
 2DIAGNOSTIC,    20, -4.855958456769e-01, 2.606828497484e-04, 2.5280e+00, 3.2032e-02, 
 2DIAGNOSTIC,    21, -4.855934893647e-01, 1.722220386554e-04, 2.5602e+00, 3.2178e-02, 
 2DIAGNOSTIC,    22, -4.855912508777e-01, 1.084082300119e-04, 2.5885e+00, 2.8365e-02, 
 2DIAGNOSTIC,    23, -4.855988986349e-01, 6.274978920708e-05, 2.6169e+00, 2.8364e-02, 
 2DIAGNOSTIC,    24, -4.856168181036e-01, 2.555948753302e-05, 2.6480e+00, 3.1055e-02, 
 2DIAGNOSTIC,    25, -4.856386360305e-01, 1.284744318376e-05, 2.6798e+00, 3.1852e-02, 
 2DIAGNOSTIC,    26, -4.856858178398e-01, 9.525329217476e-06, 2.7103e+00, 3.0498e-02, 
 2DIAGNOSTIC,    27, -4.857287717188e-01, 8.239745752009e-06, 2.7401e+00, 2.9785e-02, 
 2DIAGNOSTIC,    28, -4.858095684361e-01, 1.020406786861e-05, 2.7712e+00, 3.1067e-02, 
 2DIAGNOSTIC,    29, -4.861814283437e-01, 1.971934096692e-05, 2.8023e+00, 3.1154e-02, 
 2DIAGNOSTIC,    30, -4.868233381822e-01, 3.946442791883e-05, 2.8462e+00, 4.3862e-02, 
 2DIAGNOSTIC,    31, -4.868874205270e-01, 5.521337895514e-05, 2.8751e+00, 2.8897e-02, 
 2DIAGNOSTIC,    32, -4.869734630735e-01, 6.658380969607e-05, 2.9052e+00, 3.0086e-02, 
 2DIAGNOSTIC,    33, -4.872940083220e-01, 7.701107372473e-05, 2.9401e+00, 3.4897e-02, 
 2DIAGNOSTIC,    34, -4.877551460200e-01, 8.763030101258e-05, 2.9968e+00, 5.6713e-02, 
 2DIAGNOSTIC,    35, -4.878142493466e-01, 9.042803570251e-05, 3.0307e+00, 3.3900e-02, 
 2DIAGNOSTIC,    36, -4.878633756158e-01, 8.631440794529e-05, 3.0645e+00, 3.3852e-02, 
 2DIAGNOSTIC,    37, -4.879156694410e-01, 7.607573598923e-05, 3.0986e+00, 3.4043e-02, 
 2DIAGNOSTIC,    38, -4.879499903609e-01, 6.085851019959e-05, 3.1319e+00, 3.3295e-02, 
 2DIAGNOSTIC,    39, -4.879698115591e-01, 4.624050338428e-05, 3.1598e+00, 2.7923e-02, 
 2DIAGNOSTIC,    40, -4.880087085876e-01, 3.806958143824e-05, 3.1887e+00, 2.8916e-02, 
 2DIAGNOSTIC,    41, -4.880449047626e-01, 2.828855433631e-05, 3.2188e+00, 3.0057e-02, 
 2DIAGNOSTIC,    42, -4.881232636219e-01, 1.859456158982e-05, 3.2493e+00, 3.0570e-02, 
 2DIAGNOSTIC,    43, -4.883313123676e-01, 1.468732752016e-05, 3.2807e+00, 3.1361e-02, 
 2DIAGNOSTIC,    44, -4.886535377592e-01, 2.001448323511e-05, 3.3119e+00, 3.1160e-02, 
 2DIAGNOSTIC,    45, -4.893366402931e-01, 3.285850949150e-05, 3.3472e+00, 3.5296e-02, 
 2DIAGNOSTIC,    46, -4.898340332597e-01, 4.885743518636e-05, 3.3924e+00, 4.5283e-02, 
 2DIAGNOSTIC,    47, -4.906380912961e-01, 7.021147899213e-05, 3.4313e+00, 3.8841e-02, 
 2DIAGNOSTIC,    48, -4.909414581766e-01, 8.800670216842e-05, 3.4664e+00, 3.5107e-02, 
 2DIAGNOSTIC,    49, -4.922406786781e-01, 1.124952300669e-04, 3.5050e+00, 3.8636e-02, 
 2DIAGNOSTIC,    50, -4.926660712703e-01, 1.303426256599e-04, 3.5440e+00, 3.8933e-02, 
 2DIAGNOSTIC,    51, -4.926940662359e-01, 1.357824130729e-04, 3.5839e+00, 3.9933e-02, 
 2DIAGNOSTIC,    52, -4.928230492225e-01, 1.305868703772e-04, 3.6258e+00, 4.1890e-02, 
 2DIAGNOSTIC,    53, -4.928881895595e-01, 1.161149621520e-04, 3.6644e+00, 3.8622e-02, 
 2DIAGNOSTIC,    54, -4.930121351554e-01, 9.566921330256e-05, 3.7053e+00, 4.0862e-02, 
 2DIAGNOSTIC,    55, -4.930416052692e-01, 7.430377348347e-05, 3.7436e+00, 3.8339e-02, 
 2DIAGNOSTIC,    56, -4.930340401031e-01, 5.176289646141e-05, 3.7824e+00, 3.8772e-02, 
 2DIAGNOSTIC,    57, -4.930274867361e-01, 3.343785017878e-05, 3.8216e+00, 3.9201e-02, 
 2DIAGNOSTIC,    58, -4.930253317666e-01, 1.529878073631e-05, 3.8591e+00, 3.7490e-02, 
 2DIAGNOSTIC,    59, -4.930408486807e-01, 9.276826485549e-06, 3.8936e+00, 3.4530e-02, 
 2DIAGNOSTIC,    60, -4.930320544003e-01, 6.681865424459e-06, 3.9273e+00, 3.3663e-02, 
 2DIAGNOSTIC,    61, -4.930368883629e-01, 3.892508456702e-06, 3.9607e+00, 3.3422e-02, 
 2DIAGNOSTIC,    62, -4.930358520919e-01, 2.079321400034e-06, 3.9893e+00, 2.8591e-02, 
DIAGNOSTIC,Iteration,metricValue,convergenceValue,ITERATION_TIME_INDEX,SINCE_LAST
 2DIAGNOSTIC,     1, -4.343600730549e-01, 1.797693134862e+308, 5.1860e+00, 1.1968e+00, 
 2DIAGNOSTIC,     2, -4.345514864088e-01, 1.797693134862e+308, 5.4622e+00, 2.7615e-01, 
 2DIAGNOSTIC,     3, -4.346829016556e-01, 1.797693134862e+308, 5.7255e+00, 2.6332e-01, 
 2DIAGNOSTIC,     4, -4.347610289147e-01, 1.797693134862e+308, 6.0304e+00, 3.0486e-01, 
 2DIAGNOSTIC,     5, -4.347829058793e-01, 1.797693134862e+308, 6.3155e+00, 2.8511e-01, 
 2DIAGNOSTIC,     6, -4.348178756758e-01, 1.797693134862e+308, 6.5892e+00, 2.7369e-01, 
 2DIAGNOSTIC,     7, -4.348557956527e-01, 1.797693134862e+308, 6.8251e+00, 2.3589e-01, 
 2DIAGNOSTIC,     8, -4.348766877902e-01, 1.797693134862e+308, 7.2799e+00, 4.5488e-01, 
 2DIAGNOSTIC,     9, -4.348787510488e-01, 1.797693134862e+308, 7.5433e+00, 2.6333e-01, 
 2DIAGNOSTIC,    10, -4.348805029599e-01, 6.805896877865e-05, 7.8071e+00, 2.6387e-01, 
 2DIAGNOSTIC,    11, -4.348813497123e-01, 4.064079422772e-05, 8.1350e+00, 3.2783e-01, 
 2DIAGNOSTIC,    12, -4.348805072255e-01, 2.461121472928e-05, 8.4308e+00, 2.9578e-01, 
 2DIAGNOSTIC,    13, -4.348801056635e-01, 1.556066112424e-05, 8.6986e+00, 2.6786e-01, 
 2DIAGNOSTIC,    14, -4.348787778269e-01, 1.021257545619e-05, 8.9674e+00, 2.6877e-01, 
 2DIAGNOSTIC,    15, -4.348783327915e-01, 5.776971087515e-06, 9.2367e+00, 2.6931e-01, 
 2DIAGNOSTIC,    16, -4.348786250319e-01, 2.967386021888e-06, 9.5056e+00, 2.6894e-01, 
 2DIAGNOSTIC,    17, -4.348780190932e-01, 1.811164683480e-06, 9.7438e+00, 2.3815e-01, 
 2DIAGNOSTIC,    18, -4.348775330674e-01, 1.530192294853e-06, 9.9656e+00, 2.2187e-01, 
 2DIAGNOSTIC,    19, -4.348780322917e-01, 1.388368208531e-06, 1.0223e+01, 2.5732e-01, 
 2DIAGNOSTIC,    20, -4.348792430199e-01, 1.382189935090e-06, 1.0464e+01, 2.4114e-01, 
 2DIAGNOSTIC,    21, -4.348782426823e-01, 1.390008980057e-06, 1.0740e+01, 2.7584e-01, 
 2DIAGNOSTIC,    22, -4.348787934949e-01, 1.401619787587e-06, 1.1039e+01, 2.9868e-01, 
 2DIAGNOSTIC,    23, -4.348775657596e-01, 1.371162766002e-06, 1.1353e+01, 3.1462e-01, 
 2DIAGNOSTIC,    24, -4.348769613359e-01, 1.292315153854e-06, 1.1589e+01, 2.3534e-01, 
 2DIAGNOSTIC,    25, -4.348756891555e-01, 1.177203324675e-06, 1.1831e+01, 2.4286e-01, 
 2DIAGNOSTIC,    26, -4.348769705453e-01, 1.120453083585e-06, 1.2107e+01, 2.7541e-01, 
 2DIAGNOSTIC,    27, -4.348791138383e-01, 1.114279273746e-06, 1.2377e+01, 2.7034e-01, 
 2DIAGNOSTIC,    28, -4.348787951968e-01, 1.094358956823e-06, 1.2630e+01, 2.5250e-01, 
 2DIAGNOSTIC,    29, -4.348787864175e-01, 1.091664927878e-06, 1.2916e+01, 2.8611e-01, 
 2DIAGNOSTIC,    30, -4.348779497212e-01, 1.099233957573e-06, 1.3170e+01, 2.5405e-01, 
 2DIAGNOSTIC,    31, -4.348775856922e-01, 1.072890979274e-06, 1.3468e+01, 2.9839e-01, 
 2DIAGNOSTIC,    32, -4.348783759712e-01, 1.070502257221e-06, 1.3736e+01, 2.6738e-01, 
 2DIAGNOSTIC,    33, -4.348797514847e-01, 1.063538721285e-06, 1.4054e+01, 3.1814e-01, 
 2DIAGNOSTIC,    34, -4.348802804944e-01, 1.047156966534e-06, 1.4355e+01, 3.0141e-01, 
DIAGNOSTIC,Iteration,metricValue,convergenceValue,ITERATION_TIME_INDEX,SINCE_LAST
 2DIAGNOSTIC,     1, -4.015991863899e-01, 1.797693134862e+308, 1.7045e+01, 2.6895e+00, 
 2DIAGNOSTIC,     2, -4.016933696716e-01, 1.797693134862e+308, 1.8564e+01, 1.5193e+00, 
 2DIAGNOSTIC,     3, -4.017331399583e-01, 1.797693134862e+308, 2.0254e+01, 1.6901e+00, 
 2DIAGNOSTIC,     4, -4.017495447875e-01, 1.797693134862e+308, 2.1949e+01, 1.6951e+00, 
 2DIAGNOSTIC,     5, -4.017562371308e-01, 1.797693134862e+308, 2.3427e+01, 1.4776e+00, 
 2DIAGNOSTIC,     6, -4.017696762576e-01, 1.797693134862e+308, 2.5114e+01, 1.6875e+00, 
 2DIAGNOSTIC,     7, -4.017747391249e-01, 1.797693134862e+308, 2.6506e+01, 1.3913e+00, 
 2DIAGNOSTIC,     8, -4.017854604740e-01, 1.797693134862e+308, 2.8203e+01, 1.6972e+00, 
 2DIAGNOSTIC,     9, -4.017890798254e-01, 1.797693134862e+308, 2.9562e+01, 1.3591e+00, 
 2DIAGNOSTIC,    10, -4.017935205878e-01, 2.643209120171e-05, 3.0984e+01, 1.4225e+00, 
 2DIAGNOSTIC,    11, -4.018060644636e-01, 1.624816940246e-05, 3.2699e+01, 1.7152e+00, 
 2DIAGNOSTIC,    12, -4.018112050175e-01, 1.234549321662e-05, 3.4288e+01, 1.5881e+00, 
 2DIAGNOSTIC,    13, -4.018245073991e-01, 1.103923375598e-05, 3.5960e+01, 1.6721e+00, 
 2DIAGNOSTIC,    14, -4.018388235966e-01, 1.068239690441e-05, 3.7848e+01, 1.8883e+00, 
 2DIAGNOSTIC,    15, -4.018441021668e-01, 1.014864809708e-05, 3.9521e+01, 1.6730e+00, 
 2DIAGNOSTIC,    16, -4.018475540386e-01, 9.693747638234e-06, 4.1313e+01, 1.7916e+00, 
 2DIAGNOSTIC,    17, -4.018482079837e-01, 8.813523583069e-06, 4.2946e+01, 1.6330e+00, 
 2DIAGNOSTIC,    18, -4.018483969834e-01, 7.817218798535e-06, 4.5275e+01, 2.3295e+00, 
 2DIAGNOSTIC,    19, -4.018477935863e-01, 6.472090130868e-06, 4.6826e+01, 1.5511e+00, 
 2DIAGNOSTIC,    20, -4.018476205305e-01, 4.959317379608e-06, 5.1131e+01, 4.3044e+00, 
 2DIAGNOSTIC,    21, -4.018476205276e-01, 3.704968804627e-06, 5.5808e+01, 4.6777e+00, 
 2DIAGNOSTIC,    22, -4.018476205276e-01, 2.520343773203e-06, 5.7424e+01, 1.6159e+00, 
 2DIAGNOSTIC,    23, -4.018476205276e-01, 1.738208824723e-06, 5.9163e+01, 1.7391e+00, 
 2DIAGNOSTIC,    24, -4.018476205276e-01, 1.407295885020e-06, 6.0976e+01, 1.8126e+00, 
 2DIAGNOSTIC,    25, -4.018476205276e-01, 1.242190575089e-06, 6.2826e+01, 1.8498e+00, 
 2DIAGNOSTIC,    26, -4.018476205276e-01, 1.185852479851e-06, 6.4817e+01, 1.9917e+00, 
 2DIAGNOSTIC,    27, -4.018476205276e-01, 1.153968032901e-06, 6.6451e+01, 1.6337e+00, 
 2DIAGNOSTIC,    28, -4.018476205276e-01, 1.131812371345e-06, 6.8172e+01, 1.7208e+00, 
 2DIAGNOSTIC,    29, -4.018476205276e-01, 1.097001531794e-06, 6.9686e+01, 1.5137e+00, 
 2DIAGNOSTIC,    30, -4.018476205276e-01, 1.060431409516e-06, 7.1248e+01, 1.5626e+00, 
 2DIAGNOSTIC,    31, -4.018476205276e-01, 1.026220802523e-06, 7.2853e+01, 1.6043e+00, 
  Elapsed time (stage 0): 7.3786e+01


Total elapsed time: 7.3797e+01
Info [verificarlo]: loaded backend libinterflop_ieee.so
Info [interflop-ieee]: load backend with:
Info [interflop-ieee]: debug = false
Info [interflop-ieee]: debug-binary = false
Info [interflop-ieee]: no-backend-name = false
Info [interflop-ieee]: print-new-line = false
Info [interflop-ieee]: print-subnormal-normalized = false
Info [interflop-ieee]: count-op = false
All_Command_lines_OK
Using double precision for computations.
=============================================================================
The composite transform comprises the following transforms (in order): 
  1. /home/mdugre/scratch/mri-registration-rp/datasets/ds004513/derivatives/mri-registration-rp/0001/antsRegistration-r8-p8/sub-s037/rigid_Composite.h5[0] (type = Euler3DTransform)
  2. /home/mdugre/scratch/mri-registration-rp/datasets/ds004513/derivatives/mri-registration-rp/0001/antsRegistration-r8-p8/sub-s037/rigid_Composite.h5[1] (type = Euler3DTransform)
  3. /home/mdugre/scratch/mri-registration-rp/datasets/ds004513/derivatives/mri-registration-rp/0001/antsRegistration-r8-p8/sub-s037/rigid_Composite.h5[2] (type = Euler3DTransform)
=============================================================================
  number of levels = 4
  fixed image: /templateflow/tpl-MNI152NLin2009cAsym/tpl-MNI152NLin2009cAsym_res-01_desc-brain_T1w.nii.gz
  moving image: /home/mdugre/scratch/mri-registration-rp/datasets/ds004513/derivatives/mri-registration-rp/antsBrainExtraction/sub-s037/BrainExtractionBrain.nii.gz
Dimension = 3
Number of stages = 1
Use histogram matching = false
Winsorize image intensities = true
  Lower quantile = 0.005
  Upper quantile = 0.995


Stage 1 State
   Image metric = MattesMI
     Fixed image = Image (0x3ee0530)
  RTTI typeinfo:   itk::Image<double, 3u>
  Reference Count: 2
  Modified Time: 1592
  Debug: Off
  Object Name: 
  Observers: 
    none
  Source: (none)
  Source output name: (none)
  Release Data: Off
  Data Released: False
  Global Release Data: Off
  PipelineMTime: 0
  UpdateMTime: 1203
  RealTimeStamp: 0 seconds 
  LargestPossibleRegion: 
    Dimension: 3
    Index: [0, 0, 0]
    Size: [193, 229, 193]
  BufferedRegion: 
    Dimension: 3
    Index: [0, 0, 0]
    Size: [193, 229, 193]
  RequestedRegion: 
    Dimension: 3
    Index: [0, 0, 0]
    Size: [193, 229, 193]
  Spacing: [1, 1, 1]
  Origin: [96, 132, -78]
  Direction: 
-1 0 0
0 -1 0
0 0 1

  IndexToPointMatrix: 
-1 0 0
0 -1 0
0 0 1

  PointToIndexMatrix: 
-1 0 0
0 -1 0
0 0 1

  Inverse Direction: 
-1 0 0
0 -1 0
0 0 1

  PixelContainer: 
    ImportImageContainer (0x3f992a0)
      RTTI typeinfo:   itk::ImportImageContainer<unsigned long, double>
      Reference Count: 1
      Modified Time: 1200
      Debug: Off
      Object Name: 
      Observers: 
        none
      Pointer: 0x150a3ebaa010
      Container manages memory: true
      Size: 8530021
      Capacity: 8530021

     Moving image = Image (0x3f9be60)
  RTTI typeinfo:   itk::Image<double, 3u>
  Reference Count: 2
  Modified Time: 1593
  Debug: Off
  Object Name: 
  Observers: 
    none
  Source: (none)
  Source output name: (none)
  Release Data: Off
  Data Released: False
  Global Release Data: Off
  PipelineMTime: 0
  UpdateMTime: 1590
  RealTimeStamp: 0 seconds 
  LargestPossibleRegion: 
    Dimension: 3
    Index: [0, 0, 0]
    Size: [160, 240, 256]
  BufferedRegion: 
    Dimension: 3
    Index: [0, 0, 0]
    Size: [160, 240, 256]
  RequestedRegion: 
    Dimension: 3
    Index: [0, 0, 0]
    Size: [160, 240, 256]
  Spacing: [1, 1, 1]
  Origin: [87.9508, 102.562, -147.639]
  Direction: 
-0.998659 -0.0436121 -0.0279129
0.043595 -0.999049 0.00121847
-0.0279395 -2.65543e-08 0.99961

  IndexToPointMatrix: 
-0.998659 -0.0436121 -0.0279129
0.043595 -0.999049 0.00121847
-0.0279395 -2.65543e-08 0.99961

  PointToIndexMatrix: 
-0.998659 0.043595 -0.0279395
-0.0436121 -0.999049 -2.65517e-08
-0.0279129 0.00121847 0.99961

  Inverse Direction: 
-0.998659 0.043595 -0.0279395
-0.0436121 -0.999049 -2.65517e-08
-0.0279129 0.00121847 0.99961

  PixelContainer: 
    ImportImageContainer (0x3fcf390)
      RTTI typeinfo:   itk::ImportImageContainer<unsigned long, double>
      Reference Count: 1
      Modified Time: 1587
      Debug: Off
      Object Name: 
      Observers: 
        none
      Pointer: 0x150a3a0a9010
      Container manages memory: true
      Size: 9830400
      Capacity: 9830400

     Weighting = 1
     Sampling strategy = regular
     Number of bins = 32
     Radius = 4
     Sampling percentage  = 0.25
   Transform = Affine
     Gradient step = 0.1
     Update field sigma (voxel space) = 0
     Total field sigma (voxel space) = 0
     Update field time sigma = 0
     Total field time sigma  = 0
     Number of time indices = 0
     Number of time point samples = 0
Registration using 1 total stages.

Stage 0
  iterations = 1000x500x250x100
  convergence threshold = 1e-06
  convergence window size = 10
  number of levels = 4
  using the Mattes MI metric (number of bins = 32, weight = 1, use gradient filter = 0)
  preprocessing:  winsorizing the image intensities
  Shrink factors (level 1 out of 4): [8, 8, 8]
  Shrink factors (level 2 out of 4): [4, 4, 4]
  Shrink factors (level 3 out of 4): [2, 2, 2]
  Shrink factors (level 4 out of 4): [1, 1, 1]
  smoothing sigmas per level: [3, 2, 1, 0]
  regular sampling (percentage = 0.25)

*** Running AffineTransform registration ***

DIAGNOSTIC,Iteration,metricValue,convergenceValue,ITERATION_TIME_INDEX,SINCE_LAST
 2DIAGNOSTIC,     1, -5.854007474102e-01, 1.797693134862e+308, 6.8928e-01, 6.8928e-01, 
 2DIAGNOSTIC,     2, -5.867870168341e-01, 1.797693134862e+308, 6.9435e-01, 5.0659e-03, 
 2DIAGNOSTIC,     3, -5.891837936142e-01, 1.797693134862e+308, 7.0066e-01, 6.3140e-03, 
 2DIAGNOSTIC,     4, -5.942232306140e-01, 1.797693134862e+308, 7.0553e-01, 4.8649e-03, 
 2DIAGNOSTIC,     5, -6.043634531284e-01, 1.797693134862e+308, 7.1187e-01, 6.3429e-03, 
 2DIAGNOSTIC,     6, -6.142166017518e-01, 1.797693134862e+308, 7.1662e-01, 4.7469e-03, 
 2DIAGNOSTIC,     7, -6.354718850906e-01, 1.797693134862e+308, 7.2217e-01, 5.5528e-03, 
 2DIAGNOSTIC,     8, -6.946781557385e-01, 1.797693134862e+308, 7.3164e-01, 9.4690e-03, 
 2DIAGNOSTIC,     9, -6.953169952378e-01, 1.797693134862e+308, 7.3718e-01, 5.5392e-03, 
 2DIAGNOSTIC,    10, -6.965723319135e-01, 1.358772168765e-02, 7.4242e-01, 5.2459e-03, 
 2DIAGNOSTIC,    11, -6.997033177879e-01, 1.314043519986e-02, 7.4748e-01, 5.0609e-03, 
 2DIAGNOSTIC,    12, -7.034324987352e-01, 1.177011266797e-02, 7.5255e-01, 5.0631e-03, 
 2DIAGNOSTIC,    13, -7.065774442796e-01, 9.724847227901e-03, 7.5760e-01, 5.0550e-03, 
 2DIAGNOSTIC,    14, -7.103228982901e-01, 7.388676931548e-03, 7.6282e-01, 5.2149e-03, 
 2DIAGNOSTIC,    15, -7.166163447388e-01, 5.217851153255e-03, 7.7095e-01, 8.1360e-03, 
 2DIAGNOSTIC,    16, -7.185459956388e-01, 3.182207061726e-03, 7.7695e-01, 5.9950e-03, 
 2DIAGNOSTIC,    17, -7.188383567189e-01, 1.616034293688e-03, 7.8204e-01, 5.0890e-03, 
 2DIAGNOSTIC,    18, -7.198634468739e-01, 1.518955512950e-03, 7.8708e-01, 5.0440e-03, 
 2DIAGNOSTIC,    19, -7.207632627401e-01, 1.326517424430e-03, 7.9267e-01, 5.5900e-03, 
 2DIAGNOSTIC,    20, -7.206542978939e-01, 1.053630730081e-03, 7.9881e-01, 6.1419e-03, 
 2DIAGNOSTIC,    21, -7.207639203408e-01, 7.752596311782e-04, 8.0489e-01, 6.0802e-03, 
 2DIAGNOSTIC,    22, -7.206084473881e-01, 5.211477187039e-04, 8.1064e-01, 5.7468e-03, 
 2DIAGNOSTIC,    23, -7.206353370846e-01, 2.995299111714e-04, 8.1644e-01, 5.7971e-03, 
 2DIAGNOSTIC,    24, -7.205652592875e-01, 1.306582242077e-04, 8.2196e-01, 5.5280e-03, 
 2DIAGNOSTIC,    25, -7.204902478359e-01, 6.709342170091e-05, 8.2707e-01, 5.1029e-03, 
 2DIAGNOSTIC,    26, -7.204302313573e-01, 3.275795678145e-05, 8.3249e-01, 5.4178e-03, 
 2DIAGNOSTIC,    27, -7.204922846927e-01, 3.308921290718e-06, 8.3827e-01, 5.7890e-03, 
DIAGNOSTIC,Iteration,metricValue,convergenceValue,ITERATION_TIME_INDEX,SINCE_LAST
 2DIAGNOSTIC,     1, -5.941068730590e-01, 1.797693134862e+308, 1.6210e+00, 7.8273e-01, 
 2DIAGNOSTIC,     2, -5.948792197821e-01, 1.797693134862e+308, 1.6609e+00, 3.9940e-02, 
 2DIAGNOSTIC,     3, -5.959667141412e-01, 1.797693134862e+308, 1.6992e+00, 3.8229e-02, 
 2DIAGNOSTIC,     4, -5.970801451892e-01, 1.797693134862e+308, 1.7391e+00, 3.9949e-02, 
 2DIAGNOSTIC,     5, -5.980016013051e-01, 1.797693134862e+308, 1.7749e+00, 3.5777e-02, 
 2DIAGNOSTIC,     6, -5.986184911944e-01, 1.797693134862e+308, 1.8104e+00, 3.5520e-02, 
 2DIAGNOSTIC,     7, -5.990900122975e-01, 1.797693134862e+308, 1.8536e+00, 4.3152e-02, 
 2DIAGNOSTIC,     8, -5.999012447410e-01, 1.797693134862e+308, 1.9080e+00, 5.4463e-02, 
 2DIAGNOSTIC,     9, -5.999445119656e-01, 1.797693134862e+308, 1.9446e+00, 3.6555e-02, 
 2DIAGNOSTIC,    10, -6.000106518992e-01, 6.750834106379e-04, 1.9816e+00, 3.6973e-02, 
 2DIAGNOSTIC,    11, -6.001287820615e-01, 5.109421104037e-04, 2.0162e+00, 3.4590e-02, 
 2DIAGNOSTIC,    12, -6.003167624307e-01, 3.660130986941e-04, 2.0532e+00, 3.7052e-02, 
 2DIAGNOSTIC,    13, -6.003999122618e-01, 2.523582487298e-04, 2.0937e+00, 4.0492e-02, 
 2DIAGNOSTIC,    14, -6.008791687464e-01, 1.858530569415e-04, 2.1671e+00, 7.3358e-02, 
 2DIAGNOSTIC,    15, -6.008654982730e-01, 1.399025030319e-04, 2.2106e+00, 4.3582e-02, 
 2DIAGNOSTIC,    16, -6.008640464428e-01, 1.053858568434e-04, 2.2464e+00, 3.5750e-02, 
 2DIAGNOSTIC,    17, -6.008477422166e-01, 7.763357184145e-05, 2.2878e+00, 4.1416e-02, 
 2DIAGNOSTIC,    18, -6.008579920089e-01, 6.757127538741e-05, 2.3332e+00, 4.5382e-02, 
 2DIAGNOSTIC,    19, -6.008477156777e-01, 5.314218131817e-05, 2.3750e+00, 4.1838e-02, 
 2DIAGNOSTIC,    20, -6.008408775850e-01, 3.675678976511e-05, 2.4164e+00, 4.1337e-02, 
 2DIAGNOSTIC,    21, -6.008091376040e-01, 2.069767829647e-05, 2.4603e+00, 4.3901e-02, 
 2DIAGNOSTIC,    22, -6.007978380928e-01, 8.207387685595e-06, 2.5006e+00, 4.0333e-02, 
DIAGNOSTIC,Iteration,metricValue,convergenceValue,ITERATION_TIME_INDEX,SINCE_LAST
 2DIAGNOSTIC,     1, -5.254379898868e-01, 1.797693134862e+308, 3.6352e+00, 1.1346e+00, 
 2DIAGNOSTIC,     2, -5.256954822864e-01, 1.797693134862e+308, 3.9224e+00, 2.8718e-01, 
 2DIAGNOSTIC,     3, -5.260392507663e-01, 1.797693134862e+308, 4.1902e+00, 2.6774e-01, 
 2DIAGNOSTIC,     4, -5.264949538245e-01, 1.797693134862e+308, 4.4870e+00, 2.9685e-01, 
 2DIAGNOSTIC,     5, -5.269512710063e-01, 1.797693134862e+308, 4.7897e+00, 3.0271e-01, 
 2DIAGNOSTIC,     6, -5.273417330003e-01, 1.797693134862e+308, 5.0980e+00, 3.0829e-01, 
