
##########################
# Experiment information #
##########################

EXPERIMENT_NAME: antsRegistration-r7-p17
VFC_BACKENDS: libinterflop_vprec.so --range-binary32=7 --precision-binary32=17 --range-binary64=7 --precision-binary64=17

SIF_IMG: /home/mdugre/projects/rrg-glatard/mdugre/containers/ants-vprec-no_metrics.simg

SUBJECT_ID: s037
INPUT_IMG: /home/mdugre/scratch/mri-registration-rp/datasets/ds004513/derivatives/mri-registration-rp/antsBrainExtraction/sub-s037/BrainExtractionBrain.nii.gz
OUTPUT_DIR: /home/mdugre/scratch/mri-registration-rp/datasets/ds004513/derivatives/mri-registration-rp/0001/antsRegistration-r7-p17/sub-s037

FIXED_IMG: /templateflow/tpl-MNI152NLin2009cAsym/tpl-MNI152NLin2009cAsym_res-01_desc-brain_T1w.nii.gz
DATA_DIR: /home/mdugre/scratch/mri-registration-rp/datasets/ds004513
TEMPLATEFLOW_DIR: /home/mdugre/projects/rrg-glatard/mdugre/templateflow
ITK_GLOBAL_DEFAULT_NUMBER_OF_THREADS: 16
##########################

Info [verificarlo]: loaded backend libinterflop_ieee.so
Info [interflop-ieee]: load backend with:
Info [interflop-ieee]: debug = false
Info [interflop-ieee]: debug-binary = false
Info [interflop-ieee]: no-backend-name = false
Info [interflop-ieee]: print-new-line = false
Info [interflop-ieee]: print-subnormal-normalized = false
Info [interflop-ieee]: count-op = false
All_Command_lines_OK
Using double precision for computations.
=============================================================================
The composite transform comprises the following transforms (in order): 
  1. Center of mass alignment using fixed image: /templateflow/tpl-MNI152NLin2009cAsym/tpl-MNI152NLin2009cAsym_res-01_desc-brain_T1w.nii.gz and moving image: /home/mdugre/scratch/mri-registration-rp/datasets/ds004513/derivatives/mri-registration-rp/antsBrainExtraction/sub-s037/BrainExtractionBrain.nii.gz (type = Euler3DTransform)
=============================================================================
  number of levels = 1
  fixed image: /templateflow/tpl-MNI152NLin2009cAsym/tpl-MNI152NLin2009cAsym_res-01_desc-brain_T1w.nii.gz
  moving image: /home/mdugre/scratch/mri-registration-rp/datasets/ds004513/derivatives/mri-registration-rp/antsBrainExtraction/sub-s037/BrainExtractionBrain.nii.gz
Dimension = 3
Number of stages = 1
Use histogram matching = false
Winsorize image intensities = true
  Lower quantile = 0.005
  Upper quantile = 0.995


Stage 1 State
   Image metric = MattesMI
     Fixed image = Image (0x3f97e70)
  RTTI typeinfo:   itk::Image<double, 3u>
  Reference Count: 2
  Modified Time: 2330
  Debug: Off
  Object Name: 
  Observers: 
    none
  Source: (none)
  Source output name: (none)
  Release Data: Off
  Data Released: False
  Global Release Data: Off
  PipelineMTime: 0
  UpdateMTime: 1941
  RealTimeStamp: 0 seconds 
  LargestPossibleRegion: 
    Dimension: 3
    Index: [0, 0, 0]
    Size: [193, 229, 193]
  BufferedRegion: 
    Dimension: 3
    Index: [0, 0, 0]
    Size: [193, 229, 193]
  RequestedRegion: 
    Dimension: 3
    Index: [0, 0, 0]
    Size: [193, 229, 193]
  Spacing: [1, 1, 1]
  Origin: [96, 132, -78]
  Direction: 
-1 0 0
0 -1 0
0 0 1

  IndexToPointMatrix: 
-1 0 0
0 -1 0
0 0 1

  PointToIndexMatrix: 
-1 0 0
0 -1 0
0 0 1

  Inverse Direction: 
-1 0 0
0 -1 0
0 0 1

  PixelContainer: 
    ImportImageContainer (0x3fa0c60)
      RTTI typeinfo:   itk::ImportImageContainer<unsigned long, double>
      Reference Count: 1
      Modified Time: 1938
      Debug: Off
      Object Name: 
      Observers: 
        none
      Pointer: 0x14bc3e89e010
      Container manages memory: true
      Size: 8530021
      Capacity: 8530021

     Moving image = Image (0x4034ec0)
  RTTI typeinfo:   itk::Image<double, 3u>
  Reference Count: 2
  Modified Time: 2331
  Debug: Off
  Object Name: 
  Observers: 
    none
  Source: (none)
  Source output name: (none)
  Release Data: Off
  Data Released: False
  Global Release Data: Off
  PipelineMTime: 0
  UpdateMTime: 2328
  RealTimeStamp: 0 seconds 
  LargestPossibleRegion: 
    Dimension: 3
    Index: [0, 0, 0]
    Size: [160, 240, 256]
  BufferedRegion: 
    Dimension: 3
    Index: [0, 0, 0]
    Size: [160, 240, 256]
  RequestedRegion: 
    Dimension: 3
    Index: [0, 0, 0]
    Size: [160, 240, 256]
  Spacing: [1, 1, 1]
  Origin: [87.9508, 102.562, -147.639]
  Direction: 
-0.998659 -0.0436121 -0.0279129
0.043595 -0.999049 0.00121847
-0.0279395 -2.65543e-08 0.99961

  IndexToPointMatrix: 
-0.998659 -0.0436121 -0.0279129
0.043595 -0.999049 0.00121847
-0.0279395 -2.65543e-08 0.99961

  PointToIndexMatrix: 
-0.998659 0.043595 -0.0279395
-0.0436121 -0.999049 -2.65517e-08
-0.0279129 0.00121847 0.99961

  Inverse Direction: 
-0.998659 0.043595 -0.0279395
-0.0436121 -0.999049 -2.65517e-08
-0.0279129 0.00121847 0.99961

  PixelContainer: 
    ImportImageContainer (0x40cc610)
      RTTI typeinfo:   itk::ImportImageContainer<unsigned long, double>
      Reference Count: 1
      Modified Time: 2325
      Debug: Off
      Object Name: 
      Observers: 
        none
      Pointer: 0x14bc39d9d010
      Container manages memory: true
      Size: 9830400
      Capacity: 9830400

     Weighting = 1
     Sampling strategy = regular
     Number of bins = 32
     Radius = 4
     Sampling percentage  = 0.25
   Transform = Rigid
     Gradient step = 0.1
     Update field sigma (voxel space) = 0
     Total field sigma (voxel space) = 0
     Update field time sigma = 0
     Total field time sigma  = 0
     Number of time indices = 0
     Number of time point samples = 0
Registration using 1 total stages.

Stage 0
  iterations = 0
  convergence threshold = 1e-06
  convergence window size = 10
  number of levels = 1
  using the Mattes MI metric (number of bins = 32, weight = 1, use gradient filter = 0)
  preprocessing:  winsorizing the image intensities
  Shrink factors (level 1 out of 1): [1, 1, 1]
  smoothing sigmas per level: [0]
  regular sampling (percentage = 0.25)

*** Running Euler3DTransform registration ***

  Elapsed time (stage 0): 1.08066


Total elapsed time: 1.08297
Info [verificarlo]: loaded backend libinterflop_ieee.so
Info [interflop-ieee]: load backend with:
Info [interflop-ieee]: debug = false
Info [interflop-ieee]: debug-binary = false
Info [interflop-ieee]: no-backend-name = false
Info [interflop-ieee]: print-new-line = false
Info [interflop-ieee]: print-subnormal-normalized = false
Info [interflop-ieee]: count-op = false
All_Command_lines_OK
Using double precision for computations.
=============================================================================
The composite transform comprises the following transforms (in order): 
  1. /home/mdugre/scratch/mri-registration-rp/datasets/ds004513/derivatives/mri-registration-rp/0001/antsRegistration-r7-p17/sub-s037/align_Composite.h5[0] (type = Euler3DTransform)
  2. /home/mdugre/scratch/mri-registration-rp/datasets/ds004513/derivatives/mri-registration-rp/0001/antsRegistration-r7-p17/sub-s037/align_Composite.h5[1] (type = Euler3DTransform)
=============================================================================
  number of levels = 4
  fixed image: /templateflow/tpl-MNI152NLin2009cAsym/tpl-MNI152NLin2009cAsym_res-01_desc-brain_T1w.nii.gz
  moving image: /home/mdugre/scratch/mri-registration-rp/datasets/ds004513/derivatives/mri-registration-rp/antsBrainExtraction/sub-s037/BrainExtractionBrain.nii.gz
Dimension = 3
Number of stages = 1
Use histogram matching = false
Winsorize image intensities = true
  Lower quantile = 0.005
  Upper quantile = 0.995


Stage 1 State
   Image metric = MattesMI
     Fixed image = Image (0x3713530)
  RTTI typeinfo:   itk::Image<double, 3u>
  Reference Count: 2
  Modified Time: 1578
  Debug: Off
  Object Name: 
  Observers: 
    none
  Source: (none)
  Source output name: (none)
  Release Data: Off
  Data Released: False
  Global Release Data: Off
  PipelineMTime: 0
  UpdateMTime: 1189
  RealTimeStamp: 0 seconds 
  LargestPossibleRegion: 
    Dimension: 3
    Index: [0, 0, 0]
    Size: [193, 229, 193]
  BufferedRegion: 
    Dimension: 3
    Index: [0, 0, 0]
    Size: [193, 229, 193]
  RequestedRegion: 
    Dimension: 3
    Index: [0, 0, 0]
    Size: [193, 229, 193]
  Spacing: [1, 1, 1]
  Origin: [96, 132, -78]
  Direction: 
-1 0 0
0 -1 0
0 0 1

  IndexToPointMatrix: 
-1 0 0
0 -1 0
0 0 1

  PointToIndexMatrix: 
-1 0 0
0 -1 0
0 0 1

  Inverse Direction: 
-1 0 0
0 -1 0
0 0 1

  PixelContainer: 
    ImportImageContainer (0x37d1d60)
      RTTI typeinfo:   itk::ImportImageContainer<unsigned long, double>
      Reference Count: 1
      Modified Time: 1186
      Debug: Off
      Object Name: 
      Observers: 
        none
      Pointer: 0x154f970ba010
      Container manages memory: true
      Size: 8530021
      Capacity: 8530021

     Moving image = Image (0x37c3f60)
  RTTI typeinfo:   itk::Image<double, 3u>
  Reference Count: 2
  Modified Time: 1579
  Debug: Off
  Object Name: 
  Observers: 
    none
  Source: (none)
  Source output name: (none)
  Release Data: Off
  Data Released: False
  Global Release Data: Off
  PipelineMTime: 0
  UpdateMTime: 1576
  RealTimeStamp: 0 seconds 
  LargestPossibleRegion: 
    Dimension: 3
    Index: [0, 0, 0]
    Size: [160, 240, 256]
  BufferedRegion: 
    Dimension: 3
    Index: [0, 0, 0]
    Size: [160, 240, 256]
  RequestedRegion: 
    Dimension: 3
    Index: [0, 0, 0]
    Size: [160, 240, 256]
  Spacing: [1, 1, 1]
  Origin: [87.9508, 102.562, -147.639]
  Direction: 
-0.998659 -0.0436121 -0.0279129
0.043595 -0.999049 0.00121847
-0.0279395 -2.65543e-08 0.99961

  IndexToPointMatrix: 
-0.998659 -0.0436121 -0.0279129
0.043595 -0.999049 0.00121847
-0.0279395 -2.65543e-08 0.99961

  PointToIndexMatrix: 
-0.998659 0.043595 -0.0279395
-0.0436121 -0.999049 -2.65517e-08
-0.0279129 0.00121847 0.99961

  Inverse Direction: 
-0.998659 0.043595 -0.0279395
-0.0436121 -0.999049 -2.65517e-08
-0.0279129 0.00121847 0.99961

  PixelContainer: 
    ImportImageContainer (0x37b56d0)
      RTTI typeinfo:   itk::ImportImageContainer<unsigned long, double>
      Reference Count: 1
      Modified Time: 1573
      Debug: Off
      Object Name: 
      Observers: 
        none
      Pointer: 0x154f925b9010
      Container manages memory: true
      Size: 9830400
      Capacity: 9830400

     Weighting = 1
     Sampling strategy = regular
     Number of bins = 32
     Radius = 4
     Sampling percentage  = 0.25
   Transform = Rigid
     Gradient step = 0.1
     Update field sigma (voxel space) = 0
     Total field sigma (voxel space) = 0
     Update field time sigma = 0
     Total field time sigma  = 0
     Number of time indices = 0
     Number of time point samples = 0
Registration using 1 total stages.

Stage 0
  iterations = 1000x500x250x100
  convergence threshold = 1e-06
  convergence window size = 10
  number of levels = 4
  using the Mattes MI metric (number of bins = 32, weight = 1, use gradient filter = 0)
  preprocessing:  winsorizing the image intensities
  Shrink factors (level 1 out of 4): [8, 8, 8]
  Shrink factors (level 2 out of 4): [4, 4, 4]
  Shrink factors (level 3 out of 4): [2, 2, 2]
  Shrink factors (level 4 out of 4): [1, 1, 1]
  smoothing sigmas per level: [3, 2, 1, 0]
  regular sampling (percentage = 0.25)

*** Running Euler3DTransform registration ***

DIAGNOSTIC,Iteration,metricValue,convergenceValue,ITERATION_TIME_INDEX,SINCE_LAST
 2DIAGNOSTIC,     1, -4.299060189477e-01, 1.797693134862e+308, 7.4849e-01, 7.4849e-01, 
 2DIAGNOSTIC,     2, -4.311703807429e-01, 1.797693134862e+308, 7.5336e-01, 4.8699e-03, 
 2DIAGNOSTIC,     3, -4.334997061176e-01, 1.797693134862e+308, 7.5779e-01, 4.4291e-03, 
 2DIAGNOSTIC,     4, -4.389575130370e-01, 1.797693134862e+308, 7.6214e-01, 4.3519e-03, 
 2DIAGNOSTIC,     5, -4.438813134482e-01, 1.797693134862e+308, 7.6667e-01, 4.5290e-03, 
 2DIAGNOSTIC,     6, -4.461495460377e-01, 1.797693134862e+308, 7.7097e-01, 4.2961e-03, 
 2DIAGNOSTIC,     7, -4.511407144429e-01, 1.797693134862e+308, 7.7653e-01, 5.5621e-03, 
 2DIAGNOSTIC,     8, -4.667812032718e-01, 1.797693134862e+308, 7.8195e-01, 5.4140e-03, 
 2DIAGNOSTIC,     9, -4.753090114372e-01, 1.797693134862e+308, 7.8697e-01, 5.0201e-03, 
 2DIAGNOSTIC,    10, -4.802481719655e-01, 7.481707542057e-03, 7.9199e-01, 5.0261e-03, 
 2DIAGNOSTIC,    11, -4.821261368877e-01, 7.356704266140e-03, 7.9633e-01, 4.3399e-03, 
 2DIAGNOSTIC,    12, -4.837491005317e-01, 6.749992380108e-03, 8.0157e-01, 5.2431e-03, 
 2DIAGNOSTIC,    13, -5.028244927622e-01, 6.622215038800e-03, 8.0893e-01, 7.3509e-03, 
 2DIAGNOSTIC,    14, -5.042109134414e-01, 6.183615245776e-03, 8.1329e-01, 4.3619e-03, 
 2DIAGNOSTIC,    15, -5.066116081885e-01, 5.558135432516e-03, 8.1761e-01, 4.3249e-03, 
 2DIAGNOSTIC,    16, -5.083451635980e-01, 4.676295421918e-03, 8.2206e-01, 4.4460e-03, 
 2DIAGNOSTIC,    17, -5.184993492514e-01, 3.998770500538e-03, 8.2888e-01, 6.8250e-03, 
 2DIAGNOSTIC,    18, -5.256348856035e-01, 3.769024583879e-03, 8.3325e-01, 4.3681e-03, 
 2DIAGNOSTIC,    19, -5.260487280140e-01, 3.491513213030e-03, 8.3816e-01, 4.9121e-03, 
 2DIAGNOSTIC,    20, -5.292109542925e-01, 3.174906854957e-03, 8.4289e-01, 4.7300e-03, 
 2DIAGNOSTIC,    21, -5.301818238661e-01, 2.681599988216e-03, 8.4711e-01, 4.2171e-03, 
 2DIAGNOSTIC,    22, -5.312241332091e-01, 2.041188675868e-03, 8.5184e-01, 4.7259e-03, 
 2DIAGNOSTIC,    23, -5.321371282682e-01, 1.776978906030e-03, 8.5712e-01, 5.2879e-03, 
 2DIAGNOSTIC,    24, -5.330747163801e-01, 1.429097633156e-03, 8.6136e-01, 4.2310e-03, 
 2DIAGNOSTIC,    25, -5.340979393723e-01, 1.060387054770e-03, 8.6611e-01, 4.7500e-03, 
 2DIAGNOSTIC,    26, -5.353301678718e-01, 6.839341639612e-04, 8.7185e-01, 5.7449e-03, 
 2DIAGNOSTIC,    27, -5.359877712712e-01, 5.005574092104e-04, 8.7603e-01, 4.1790e-03, 
 2DIAGNOSTIC,    28, -5.363338758718e-01, 4.385705419690e-04, 8.8023e-01, 4.2050e-03, 
 2DIAGNOSTIC,    29, -5.373050605229e-01, 3.660290382406e-04, 8.8445e-01, 4.2129e-03, 
 2DIAGNOSTIC,    30, -5.398201315958e-01, 3.715995539080e-04, 8.8951e-01, 5.0652e-03, 
 2DIAGNOSTIC,    31, -5.446422276016e-01, 4.465293336306e-04, 8.9918e-01, 9.6650e-03, 
 2DIAGNOSTIC,    32, -5.446646971465e-01, 4.912689812165e-04, 9.0334e-01, 4.1640e-03, 
 2DIAGNOSTIC,    33, -5.447648227754e-01, 5.056539759687e-04, 9.0753e-01, 4.1900e-03, 
 2DIAGNOSTIC,    34, -5.449312034100e-01, 4.904193300371e-04, 9.1162e-01, 4.0929e-03, 
 2DIAGNOSTIC,    35, -5.452046015546e-01, 4.491629664782e-04, 9.1588e-01, 4.2589e-03, 
 2DIAGNOSTIC,    36, -5.456974801129e-01, 3.933160114792e-04, 9.2013e-01, 4.2450e-03, 
 2DIAGNOSTIC,    37, -5.462998549538e-01, 3.227912520046e-04, 9.2444e-01, 4.3120e-03, 
 2DIAGNOSTIC,    38, -5.470544386271e-01, 2.429330407012e-04, 9.2878e-01, 4.3399e-03, 
 2DIAGNOSTIC,    39, -5.483333921299e-01, 1.763326528566e-04, 9.3359e-01, 4.8139e-03, 
 2DIAGNOSTIC,    40, -5.485725954861e-01, 1.327572407286e-04, 9.3797e-01, 4.3769e-03, 
 2DIAGNOSTIC,    41, -5.488485906830e-01, 1.482682603198e-04, 9.4282e-01, 4.8459e-03, 
 2DIAGNOSTIC,    42, -5.491459579700e-01, 1.532224230725e-04, 9.4732e-01, 4.5071e-03, 
 2DIAGNOSTIC,    43, -5.501736242133e-01, 1.577429045653e-04, 9.5264e-01, 5.3151e-03, 
 2DIAGNOSTIC,    44, -5.634782822099e-01, 3.158802414314e-04, 9.5905e-01, 6.4070e-03, 
 2DIAGNOSTIC,    45, -5.665422254990e-01, 4.726229132381e-04, 9.6410e-01, 5.0528e-03, 
 2DIAGNOSTIC,    46, -5.687316622274e-01, 6.100339701423e-04, 9.6906e-01, 4.9579e-03, 
 2DIAGNOSTIC,    47, -5.690908075059e-01, 6.961369661726e-04, 9.7387e-01, 4.8161e-03, 
 2DIAGNOSTIC,    48, -5.694275999409e-01, 7.239319573669e-04, 9.7808e-01, 4.2062e-03, 
 2DIAGNOSTIC,    49, -5.697235816490e-01, 6.965846550436e-04, 9.8221e-01, 4.1301e-03, 
 2DIAGNOSTIC,    50, -5.705602958212e-01, 6.145433755061e-04, 9.8788e-01, 5.6691e-03, 
 2DIAGNOSTIC,    51, -5.709010256993e-01, 4.855247965119e-04, 9.9196e-01, 4.0801e-03, 
 2DIAGNOSTIC,    52, -5.711756130811e-01, 3.232695527560e-04, 9.9603e-01, 4.0720e-03, 
 2DIAGNOSTIC,    53, -5.714004331513e-01, 1.464811301769e-04, 1.0002e+00, 4.1599e-03, 
 2DIAGNOSTIC,    54, -5.723202920552e-01, 1.050739053958e-04, 1.0046e+00, 4.3988e-03, 
 2DIAGNOSTIC,    55, -5.761619007176e-01, 1.223783738777e-04, 1.0113e+00, 6.7279e-03, 
 2DIAGNOSTIC,    56, -5.786956757992e-01, 1.718630797818e-04, 1.0157e+00, 4.3771e-03, 
 2DIAGNOSTIC,    57, -5.818585187510e-01, 2.362163416660e-04, 1.0216e+00, 5.8851e-03, 
 2DIAGNOSTIC,    58, -5.828730434493e-01, 2.880633142413e-04, 1.0259e+00, 4.3011e-03, 
 2DIAGNOSTIC,    59, -5.831016151970e-01, 3.151935619262e-04, 1.0309e+00, 5.0690e-03, 
 2DIAGNOSTIC,    60, -5.831613870090e-01, 3.189263365505e-04, 1.0357e+00, 4.7519e-03, 
 2DIAGNOSTIC,    61, -5.832334928582e-01, 2.952048471291e-04, 1.0405e+00, 4.7700e-03, 
 2DIAGNOSTIC,    62, -5.832530997351e-01, 2.465765952478e-04, 1.0448e+00, 4.3271e-03, 
 2DIAGNOSTIC,    63, -5.833404901166e-01, 1.789167180910e-04, 1.0496e+00, 4.8270e-03, 
 2DIAGNOSTIC,    64, -5.835084453282e-01, 1.051740670935e-04, 1.0540e+00, 4.3690e-03, 
 2DIAGNOSTIC,    65, -5.836065225057e-01, 5.591989677432e-05, 1.0588e+00, 4.7779e-03, 
 2DIAGNOSTIC,    66, -5.837957263412e-01, 2.428874810965e-05, 1.0631e+00, 4.2861e-03, 
 2DIAGNOSTIC,    67, -5.845517771263e-01, 2.222888625570e-05, 1.0693e+00, 6.2070e-03, 
 2DIAGNOSTIC,    68, -5.853162946893e-01, 3.182184750328e-05, 1.0736e+00, 4.3170e-03, 
 2DIAGNOSTIC,    69, -5.854194043788e-01, 4.053659142709e-05, 1.0783e+00, 4.7610e-03, 
 2DIAGNOSTIC,    70, -5.855055600446e-01, 4.634182454741e-05, 1.0827e+00, 4.3550e-03, 
 2DIAGNOSTIC,    71, -5.857387714753e-01, 4.988363702841e-05, 1.0875e+00, 4.8008e-03, 
 2DIAGNOSTIC,    72, -5.861929142351e-01, 5.188873744259e-05, 1.0933e+00, 5.8179e-03, 
 2DIAGNOSTIC,    73, -5.862177128105e-01, 4.950634373726e-05, 1.0998e+00, 6.4590e-03, 
 2DIAGNOSTIC,    74, -5.862765754799e-01, 4.419023988261e-05, 1.1046e+00, 4.8270e-03, 
 2DIAGNOSTIC,    75, -5.864216690293e-01, 3.665291711965e-05, 1.1089e+00, 4.3240e-03, 
 2DIAGNOSTIC,    76, -5.866815097449e-01, 2.880542634259e-05, 1.1137e+00, 4.7600e-03, 
 2DIAGNOSTIC,    77, -5.868505471271e-01, 2.452196293980e-05, 1.1182e+00, 4.5300e-03, 
 2DIAGNOSTIC,    78, -5.869570819902e-01, 2.388606400384e-05, 1.1231e+00, 4.8380e-03, 
 2DIAGNOSTIC,    79, -5.870814769317e-01, 2.257438045295e-05, 1.1278e+00, 4.7619e-03, 
 2DIAGNOSTIC,    80, -5.870672991598e-01, 1.960615565527e-05, 1.1321e+00, 4.2510e-03, 
 2DIAGNOSTIC,    81, -5.869572570339e-01, 1.557210875313e-05, 1.1363e+00, 4.2460e-03, 
 2DIAGNOSTIC,    82, -5.870016580731e-01, 1.337382648445e-05, 1.1406e+00, 4.2379e-03, 
 2DIAGNOSTIC,    83, -5.870818225866e-01, 1.063191424483e-05, 1.1455e+00, 4.9078e-03, 
 2DIAGNOSTIC,    84, -5.873221662192e-01, 8.801859775642e-06, 1.1508e+00, 5.3449e-03, 
 2DIAGNOSTIC,    85, -5.871833610899e-01, 6.192837860127e-06, 1.1645e+00, 1.3660e-02, 
 2DIAGNOSTIC,    86, -5.871833608546e-01, 4.710986836706e-06, 1.1688e+00, 4.2899e-03, 
 2DIAGNOSTIC,    87, -5.871833640092e-01, 3.857104365021e-06, 1.1730e+00, 4.2911e-03, 
 2DIAGNOSTIC,    88, -5.871833693427e-01, 3.257303682027e-06, 1.1773e+00, 4.2400e-03, 
 2DIAGNOSTIC,    89, -5.871833783592e-01, 3.095997486371e-06, 1.1816e+00, 4.2989e-03, 
 2DIAGNOSTIC,    90, -5.871833935992e-01, 2.631820039246e-06, 1.1858e+00, 4.2291e-03, 
 2DIAGNOSTIC,    91, -5.871834193505e-01, 1.358306616968e-06, 1.1901e+00, 4.2489e-03, 
DIAGNOSTIC,Iteration,metricValue,convergenceValue,ITERATION_TIME_INDEX,SINCE_LAST
 2DIAGNOSTIC,     1, -4.732561000575e-01, 1.797693134862e+308, 1.9178e+00, 7.2773e-01, 
 2DIAGNOSTIC,     2, -4.739848270171e-01, 1.797693134862e+308, 1.9454e+00, 2.7658e-02, 
 2DIAGNOSTIC,     3, -4.750484826563e-01, 1.797693134862e+308, 1.9775e+00, 3.2096e-02, 
 2DIAGNOSTIC,     4, -4.770965494602e-01, 1.797693134862e+308, 2.0081e+00, 3.0585e-02, 
 2DIAGNOSTIC,     5, -4.805755492126e-01, 1.797693134862e+308, 2.0374e+00, 2.9229e-02, 
 2DIAGNOSTIC,     6, -4.822842461638e-01, 1.797693134862e+308, 2.0706e+00, 3.3287e-02, 
 2DIAGNOSTIC,     7, -4.830289575672e-01, 1.797693134862e+308, 2.0987e+00, 2.8090e-02, 
 2DIAGNOSTIC,     8, -4.831232952416e-01, 1.797693134862e+308, 2.1291e+00, 3.0401e-02, 
 2DIAGNOSTIC,     9, -4.833843444336e-01, 1.797693134862e+308, 2.1582e+00, 2.9115e-02, 
 2DIAGNOSTIC,    10, -4.848090467967e-01, 1.691028901263e-03, 2.2025e+00, 4.4299e-02, 
 2DIAGNOSTIC,    11, -4.853093820881e-01, 1.379243932822e-03, 2.2312e+00, 2.8682e-02, 
 2DIAGNOSTIC,    12, -4.854936147327e-01, 1.043499805536e-03, 2.2595e+00, 2.8265e-02, 
 2DIAGNOSTIC,    13, -4.857135209172e-01, 7.256529351858e-04, 2.2947e+00, 3.5168e-02, 
 2DIAGNOSTIC,    14, -4.857734868148e-01, 4.738056073941e-04, 2.3385e+00, 4.3788e-02, 
 2DIAGNOSTIC,    15, -4.857300384738e-01, 3.455418511749e-04, 2.3687e+00, 3.0278e-02, 
 2DIAGNOSTIC,    16, -4.858553840822e-01, 2.686466178934e-04, 2.3972e+00, 2.8498e-02, 
 2DIAGNOSTIC,    17, -4.860655512373e-01, 2.099479522104e-04, 2.4273e+00, 3.0023e-02, 
 2DIAGNOSTIC,    18, -4.861906462413e-01, 1.460519663122e-04, 2.4576e+00, 3.0338e-02, 
 2DIAGNOSTIC,    19, -4.863282062966e-01, 8.691548432945e-05, 2.4855e+00, 2.7914e-02, 
 2DIAGNOSTIC,    20, -4.865596395128e-01, 7.434550383168e-05, 2.5147e+00, 2.9193e-02, 
 2DIAGNOSTIC,    21, -4.869756997234e-01, 8.167842387345e-05, 2.5456e+00, 3.0875e-02, 
 2DIAGNOSTIC,    22, -4.872799291025e-01, 9.344400461544e-05, 2.5809e+00, 3.5320e-02, 
 2DIAGNOSTIC,    23, -4.883093259489e-01, 1.274100619105e-04, 2.6207e+00, 3.9859e-02, 
 2DIAGNOSTIC,    24, -4.888529740723e-01, 1.610798992806e-04, 2.6521e+00, 3.1397e-02, 
 2DIAGNOSTIC,    25, -4.892054486551e-01, 1.842146394633e-04, 2.6849e+00, 3.2748e-02, 
 2DIAGNOSTIC,    26, -4.894019790689e-01, 1.956623368542e-04, 2.7177e+00, 3.2829e-02, 
 2DIAGNOSTIC,    27, -4.894660800665e-01, 1.938807582711e-04, 2.7466e+00, 2.8896e-02, 
 2DIAGNOSTIC,    28, -4.909122655692e-01, 2.067775254108e-04, 2.7815e+00, 3.4917e-02, 
 2DIAGNOSTIC,    29, -4.922013659134e-01, 2.272066509550e-04, 2.8200e+00, 3.8461e-02, 
 2DIAGNOSTIC,    30, -4.929743821729e-01, 2.441288528255e-04, 2.8750e+00, 5.4984e-02, 
 2DIAGNOSTIC,    31, -4.931244321073e-01, 2.481048976104e-04, 2.9115e+00, 3.6471e-02, 
 2DIAGNOSTIC,    32, -4.931966330513e-01, 2.353416752774e-04, 2.9474e+00, 3.5976e-02, 
 2DIAGNOSTIC,    33, -4.931946051490e-01, 2.189138669651e-04, 2.9810e+00, 3.3561e-02, 
 2DIAGNOSTIC,    34, -4.931850420755e-01, 1.913972690966e-04, 3.0138e+00, 3.2800e-02, 
 2DIAGNOSTIC,    35, -4.931856093047e-01, 1.533115574274e-04, 3.0512e+00, 3.7412e-02, 
 2DIAGNOSTIC,    36, -4.931752268252e-01, 1.064056588529e-04, 3.0855e+00, 3.4345e-02, 
 2DIAGNOSTIC,    37, -4.931638631433e-01, 5.262839530493e-05, 3.1189e+00, 3.3359e-02, 
 2DIAGNOSTIC,    38, -4.931585549556e-01, 1.854392376284e-05, 3.1546e+00, 3.5668e-02, 
 2DIAGNOSTIC,    39, -4.931545418188e-01, 3.490199712866e-06, 3.1870e+00, 3.2432e-02, 
DIAGNOSTIC,Iteration,metricValue,convergenceValue,ITERATION_TIME_INDEX,SINCE_LAST
 2DIAGNOSTIC,     1, -4.341552927418e-01, 1.797693134862e+308, 4.2225e+00, 1.0355e+00, 
 2DIAGNOSTIC,     2, -4.343387049523e-01, 1.797693134862e+308, 4.4547e+00, 2.3214e-01, 
 2DIAGNOSTIC,     3, -4.345659711207e-01, 1.797693134862e+308, 4.6981e+00, 2.4347e-01, 
 2DIAGNOSTIC,     4, -4.347672675831e-01, 1.797693134862e+308, 4.9482e+00, 2.5009e-01, 
 2DIAGNOSTIC,     5, -4.349432496219e-01, 1.797693134862e+308, 5.2200e+00, 2.7179e-01, 
 2DIAGNOSTIC,     6, -4.349726732630e-01, 1.797693134862e+308, 5.5694e+00, 3.4938e-01, 
 2DIAGNOSTIC,     7, -4.349799301421e-01, 1.797693134862e+308, 5.8807e+00, 3.1126e-01, 
 2DIAGNOSTIC,     8, -4.349947807664e-01, 1.797693134862e+308, 6.1531e+00, 2.7239e-01, 
 2DIAGNOSTIC,     9, -4.349936211167e-01, 1.797693134862e+308, 6.3955e+00, 2.4246e-01, 
 2DIAGNOSTIC,    10, -4.349917443949e-01, 1.217501382036e-04, 6.6815e+00, 2.8600e-01, 
 2DIAGNOSTIC,    11, -4.349911078430e-01, 7.471001057871e-05, 6.9601e+00, 2.7857e-01, 
 2DIAGNOSTIC,    12, -4.349898833479e-01, 3.891448666946e-05, 7.2194e+00, 2.5929e-01, 
 2DIAGNOSTIC,    13, -4.349886809660e-01, 1.654692817767e-05, 7.5035e+00, 2.8416e-01, 
 2DIAGNOSTIC,    14, -4.349882457005e-01, 5.258311136555e-06, 7.8110e+00, 3.0750e-01, 
 2DIAGNOSTIC,    15, -4.349860707574e-01, 2.754395910895e-06, 8.0707e+00, 2.5967e-01, 
 2DIAGNOSTIC,    16, -4.349862059391e-01, 1.713439672549e-06, 8.3038e+00, 2.3309e-01, 
 2DIAGNOSTIC,    17, -4.349856465280e-01, 1.059357035871e-06, 8.5231e+00, 2.1930e-01, 
 2DIAGNOSTIC,    18, -4.349852333311e-01, 1.077545809802e-06, 8.7606e+00, 2.3752e-01, 
 2DIAGNOSTIC,    19, -4.349851219513e-01, 1.115894276711e-06, 8.9906e+00, 2.3003e-01, 
 2DIAGNOSTIC,    20, -4.349855194788e-01, 1.154343201970e-06, 9.2690e+00, 2.7838e-01, 
 2DIAGNOSTIC,    21, -4.349878961455e-01, 1.284010927347e-06, 9.5429e+00, 2.7386e-01, 
 2DIAGNOSTIC,    22, -4.349894007994e-01, 1.429981327163e-06, 9.7978e+00, 2.5494e-01, 
 2DIAGNOSTIC,    23, -4.349894673030e-01, 1.532218462726e-06, 1.0055e+01, 2.5721e-01, 
 2DIAGNOSTIC,    24, -4.349894278368e-01, 1.602095548843e-06, 1.0366e+01, 3.1069e-01, 
 2DIAGNOSTIC,    25, -4.349902582543e-01, 1.605118634715e-06, 1.0672e+01, 3.0604e-01, 
 2DIAGNOSTIC,    26, -4.349906953407e-01, 1.589486874169e-06, 1.0952e+01, 2.8038e-01, 
 2DIAGNOSTIC,    27, -4.349900780833e-01, 1.511578980914e-06, 1.1203e+01, 2.5048e-01, 
 2DIAGNOSTIC,    28, -4.349886130345e-01, 1.365760599101e-06, 1.1420e+01, 2.1752e-01, 
 2DIAGNOSTIC,    29, -4.349880110733e-01, 1.194071448253e-06, 1.1638e+01, 2.1807e-01, 
 2DIAGNOSTIC,    30, -4.349898953621e-01, 1.072729966939e-06, 1.1903e+01, 2.6509e-01, 
 2DIAGNOSTIC,    31, -4.349901655093e-01, 1.010985585366e-06, 1.2123e+01, 2.1943e-01, 
DIAGNOSTIC,Iteration,metricValue,convergenceValue,ITERATION_TIME_INDEX,SINCE_LAST
 2DIAGNOSTIC,     1, -4.014378290114e-01, 1.797693134862e+308, 1.4655e+01, 2.5322e+00, 
 2DIAGNOSTIC,     2, -4.015378586688e-01, 1.797693134862e+308, 1.6242e+01, 1.5875e+00, 
 2DIAGNOSTIC,     3, -4.015649578274e-01, 1.797693134862e+308, 1.7597e+01, 1.3545e+00, 
 2DIAGNOSTIC,     4, -4.015794843057e-01, 1.797693134862e+308, 1.8934e+01, 1.3371e+00, 
 2DIAGNOSTIC,     5, -4.015933160176e-01, 1.797693134862e+308, 2.0446e+01, 1.5122e+00, 
 2DIAGNOSTIC,     6, -4.016223092546e-01, 1.797693134862e+308, 2.1875e+01, 1.4289e+00, 
 2DIAGNOSTIC,     7, -4.016363838112e-01, 1.797693134862e+308, 2.3396e+01, 1.5208e+00, 
 2DIAGNOSTIC,     8, -4.016604310056e-01, 1.797693134862e+308, 2.4884e+01, 1.4877e+00, 
 2DIAGNOSTIC,     9, -4.016714395998e-01, 1.797693134862e+308, 2.6422e+01, 1.5382e+00, 
 2DIAGNOSTIC,    10, -4.016718560786e-01, 3.496467857500e-05, 2.8049e+01, 1.6269e+00, 
 2DIAGNOSTIC,    11, -4.016737455333e-01, 2.396135957738e-05, 2.9558e+01, 1.5096e+00, 
 2DIAGNOSTIC,    12, -4.017044808454e-01, 2.057423476469e-05, 3.0937e+01, 1.3789e+00, 
 2DIAGNOSTIC,    13, -4.017934211513e-01, 2.234482530031e-05, 3.2715e+01, 1.7775e+00, 
 2DIAGNOSTIC,    14, -4.018119628680e-01, 2.361340176882e-05, 3.4268e+01, 1.5536e+00, 
 2DIAGNOSTIC,    15, -4.018890209182e-01, 2.708546533838e-05, 3.5988e+01, 1.7198e+00, 
 2DIAGNOSTIC,    16, -4.019039597726e-01, 2.974969497942e-05, 3.7363e+01, 1.3752e+00, 
 2DIAGNOSTIC,    17, -4.019450087064e-01, 3.181341896163e-05, 3.8879e+01, 1.5152e+00, 
 2DIAGNOSTIC,    18, -4.019573613090e-01, 3.224551929402e-05, 4.0611e+01, 1.7328e+00, 
 2DIAGNOSTIC,    19, -4.019626643395e-01, 3.041379820657e-05, 4.1920e+01, 1.3089e+00, 
 2DIAGNOSTIC,    20, -4.019940614890e-01, 2.725576710846e-05, 4.3527e+01, 1.6071e+00, 
 2DIAGNOSTIC,    21, -4.020655708561e-01, 2.445212366060e-05, 4.4861e+01, 1.3334e+00, 
 2DIAGNOSTIC,    22, -4.021082406627e-01, 2.201146587198e-05, 4.6196e+01, 1.3356e+00, 
 2DIAGNOSTIC,    23, -4.022751740555e-01, 2.574076489292e-05, 4.8110e+01, 1.9139e+00, 
 2DIAGNOSTIC,    24, -4.022883282112e-01, 2.767118969325e-05, 4.9744e+01, 1.6338e+00, 
 2DIAGNOSTIC,    25, -4.022906709780e-01, 2.927003263316e-05, 5.1144e+01, 1.3995e+00, 
 2DIAGNOSTIC,    26, -4.023149621394e-01, 2.919028240590e-05, 5.2584e+01, 1.4406e+00, 
 2DIAGNOSTIC,    27, -4.023529565858e-01, 2.850433307883e-05, 5.4281e+01, 1.6967e+00, 
 2DIAGNOSTIC,    28, -4.023785906732e-01, 2.618925493028e-05, 5.5815e+01, 1.5345e+00, 
 2DIAGNOSTIC,    29, -4.023955901643e-01, 2.221001687468e-05, 5.7602e+01, 1.7863e+00, 
 2DIAGNOSTIC,    30, -4.024253135512e-01, 1.797497899192e-05, 5.9182e+01, 1.5805e+00, 
 2DIAGNOSTIC,    31, -4.024249942172e-01, 1.404128801582e-05, 6.0756e+01, 1.5742e+00, 
 2DIAGNOSTIC,    32, -4.024248594841e-01, 9.954958759897e-06, 6.2261e+01, 1.5040e+00, 
 2DIAGNOSTIC,    33, -4.024243723727e-01, 8.830725294479e-06, 6.4877e+01, 2.6163e+00, 
 2DIAGNOSTIC,    34, -4.024243905590e-01, 7.307320474232e-06, 6.6558e+01, 1.6817e+00, 
 2DIAGNOSTIC,    35, -4.024243791663e-01, 5.304890582914e-06, 6.8003e+01, 1.4447e+00, 
 2DIAGNOSTIC,    36, -4.024242529461e-01, 3.458330968212e-06, 6.9556e+01, 1.5526e+00, 
 2DIAGNOSTIC,    37, -4.024242076554e-01, 2.191152994171e-06, 7.0923e+01, 1.3670e+00, 
 2DIAGNOSTIC,    38, -4.024241922098e-01, 1.338277227543e-06, 7.2469e+01, 1.5459e+00, 
  Elapsed time (stage 0): 7.3280e+01


Total elapsed time: 7.3283e+01
Info [verificarlo]: loaded backend libinterflop_ieee.so
Info [interflop-ieee]: load backend with:
Info [interflop-ieee]: debug = false
Info [interflop-ieee]: debug-binary = false
Info [interflop-ieee]: no-backend-name = false
Info [interflop-ieee]: print-new-line = false
Info [interflop-ieee]: print-subnormal-normalized = false
Info [interflop-ieee]: count-op = false
All_Command_lines_OK
Using double precision for computations.
=============================================================================
The composite transform comprises the following transforms (in order): 
  1. /home/mdugre/scratch/mri-registration-rp/datasets/ds004513/derivatives/mri-registration-rp/0001/antsRegistration-r7-p17/sub-s037/rigid_Composite.h5[0] (type = Euler3DTransform)
  2. /home/mdugre/scratch/mri-registration-rp/datasets/ds004513/derivatives/mri-registration-rp/0001/antsRegistration-r7-p17/sub-s037/rigid_Composite.h5[1] (type = Euler3DTransform)
  3. /home/mdugre/scratch/mri-registration-rp/datasets/ds004513/derivatives/mri-registration-rp/0001/antsRegistration-r7-p17/sub-s037/rigid_Composite.h5[2] (type = Euler3DTransform)
=============================================================================
  number of levels = 4
  fixed image: /templateflow/tpl-MNI152NLin2009cAsym/tpl-MNI152NLin2009cAsym_res-01_desc-brain_T1w.nii.gz
  moving image: /home/mdugre/scratch/mri-registration-rp/datasets/ds004513/derivatives/mri-registration-rp/antsBrainExtraction/sub-s037/BrainExtractionBrain.nii.gz
Dimension = 3
Number of stages = 1
Use histogram matching = false
Winsorize image intensities = true
  Lower quantile = 0.005
  Upper quantile = 0.995


Stage 1 State
   Image metric = MattesMI
     Fixed image = Image (0x44807e0)
  RTTI typeinfo:   itk::Image<double, 3u>
  Reference Count: 2
  Modified Time: 1592
  Debug: Off
  Object Name: 
  Observers: 
    none
  Source: (none)
  Source output name: (none)
  Release Data: Off
  Data Released: False
  Global Release Data: Off
  PipelineMTime: 0
  UpdateMTime: 1203
  RealTimeStamp: 0 seconds 
  LargestPossibleRegion: 
    Dimension: 3
    Index: [0, 0, 0]
    Size: [193, 229, 193]
  BufferedRegion: 
    Dimension: 3
    Index: [0, 0, 0]
    Size: [193, 229, 193]
  RequestedRegion: 
    Dimension: 3
    Index: [0, 0, 0]
    Size: [193, 229, 193]
  Spacing: [1, 1, 1]
  Origin: [96, 132, -78]
  Direction: 
-1 0 0
0 -1 0
0 0 1

  IndexToPointMatrix: 
-1 0 0
0 -1 0
0 0 1

  PointToIndexMatrix: 
-1 0 0
0 -1 0
0 0 1

  Inverse Direction: 
-1 0 0
0 -1 0
0 0 1

  PixelContainer: 
    ImportImageContainer (0x4540a20)
      RTTI typeinfo:   itk::ImportImageContainer<unsigned long, double>
      Reference Count: 1
      Modified Time: 1200
      Debug: Off
      Object Name: 
      Observers: 
        none
      Pointer: 0x14ab7cbc8010
      Container manages memory: true
      Size: 8530021
      Capacity: 8530021

     Moving image = Image (0x453bd70)
  RTTI typeinfo:   itk::Image<double, 3u>
  Reference Count: 2
  Modified Time: 1593
  Debug: Off
  Object Name: 
  Observers: 
    none
  Source: (none)
  Source output name: (none)
  Release Data: Off
  Data Released: False
  Global Release Data: Off
  PipelineMTime: 0
  UpdateMTime: 1590
  RealTimeStamp: 0 seconds 
  LargestPossibleRegion: 
    Dimension: 3
    Index: [0, 0, 0]
    Size: [160, 240, 256]
  BufferedRegion: 
    Dimension: 3
    Index: [0, 0, 0]
    Size: [160, 240, 256]
  RequestedRegion: 
    Dimension: 3
    Index: [0, 0, 0]
    Size: [160, 240, 256]
  Spacing: [1, 1, 1]
  Origin: [87.9508, 102.562, -147.639]
  Direction: 
-0.998659 -0.0436121 -0.0279129
0.043595 -0.999049 0.00121847
-0.0279395 -2.65543e-08 0.99961

  IndexToPointMatrix: 
-0.998659 -0.0436121 -0.0279129
0.043595 -0.999049 0.00121847
-0.0279395 -2.65543e-08 0.99961

  PointToIndexMatrix: 
-0.998659 0.043595 -0.0279395
-0.0436121 -0.999049 -2.65517e-08
-0.0279129 0.00121847 0.99961

  Inverse Direction: 
-0.998659 0.043595 -0.0279395
-0.0436121 -0.999049 -2.65517e-08
-0.0279129 0.00121847 0.99961

  PixelContainer: 
    ImportImageContainer (0x44f3c90)
      RTTI typeinfo:   itk::ImportImageContainer<unsigned long, double>
      Reference Count: 1
      Modified Time: 1587
      Debug: Off
      Object Name: 
      Observers: 
        none
      Pointer: 0x14ab780c7010
      Container manages memory: true
      Size: 9830400
      Capacity: 9830400

     Weighting = 1
     Sampling strategy = regular
     Number of bins = 32
     Radius = 4
     Sampling percentage  = 0.25
   Transform = Affine
     Gradient step = 0.1
     Update field sigma (voxel space) = 0
     Total field sigma (voxel space) = 0
     Update field time sigma = 0
     Total field time sigma  = 0
     Number of time indices = 0
     Number of time point samples = 0
Registration using 1 total stages.

Stage 0
  iterations = 1000x500x250x100
  convergence threshold = 1e-06
  convergence window size = 10
  number of levels = 4
  using the Mattes MI metric (number of bins = 32, weight = 1, use gradient filter = 0)
  preprocessing:  winsorizing the image intensities
  Shrink factors (level 1 out of 4): [8, 8, 8]
  Shrink factors (level 2 out of 4): [4, 4, 4]
  Shrink factors (level 3 out of 4): [2, 2, 2]
  Shrink factors (level 4 out of 4): [1, 1, 1]
  smoothing sigmas per level: [3, 2, 1, 0]
  regular sampling (percentage = 0.25)

*** Running AffineTransform registration ***

DIAGNOSTIC,Iteration,metricValue,convergenceValue,ITERATION_TIME_INDEX,SINCE_LAST
 2DIAGNOSTIC,     1, -5.820447619225e-01, 1.797693134862e+308, 6.9498e-01, 6.9498e-01, 
 2DIAGNOSTIC,     2, -5.838113694645e-01, 1.797693134862e+308, 7.0080e-01, 5.8270e-03, 
 2DIAGNOSTIC,     3, -5.871237644299e-01, 1.797693134862e+308, 7.0648e-01, 5.6801e-03, 
 2DIAGNOSTIC,     4, -5.935348959914e-01, 1.797693134862e+308, 7.1248e-01, 5.9938e-03, 
 2DIAGNOSTIC,     5, -6.059349259385e-01, 1.797693134862e+308, 7.1776e-01, 5.2791e-03, 
 2DIAGNOSTIC,     6, -6.191322118500e-01, 1.797693134862e+308, 7.2295e-01, 5.1939e-03, 
 2DIAGNOSTIC,     7, -6.407414216461e-01, 1.797693134862e+308, 7.2852e-01, 5.5659e-03, 
 2DIAGNOSTIC,     8, -6.777972141649e-01, 1.797693134862e+308, 7.3448e-01, 5.9609e-03, 
 2DIAGNOSTIC,     9, -6.945979712246e-01, 1.797693134862e+308, 7.3972e-01, 5.2431e-03, 
 2DIAGNOSTIC,    10, -7.011259799720e-01, 1.373694063179e-02, 7.4610e-01, 6.3820e-03, 
 2DIAGNOSTIC,    11, -7.054629376910e-01, 1.339048183015e-02, 7.5576e-01, 9.6529e-03, 
 2DIAGNOSTIC,    12, -7.053602052934e-01, 1.197447920744e-02, 7.6136e-01, 5.6000e-03, 
 2DIAGNOSTIC,    13, -7.073290851710e-01, 9.885414736334e-03, 7.6697e-01, 5.6150e-03, 
 2DIAGNOSTIC,    14, -7.093161513750e-01, 7.480723248524e-03, 7.7251e-01, 5.5370e-03, 
 2DIAGNOSTIC,    15, -7.120560950493e-01, 5.188860691296e-03, 7.7960e-01, 7.0951e-03, 
 2DIAGNOSTIC,    16, -7.158485882901e-01, 3.190283892658e-03, 7.8754e-01, 7.9379e-03, 
 2DIAGNOSTIC,    17, -7.161730171736e-01, 1.686917157595e-03, 7.9338e-01, 5.8351e-03, 
 2DIAGNOSTIC,    18, -7.175949447429e-01, 1.114710633073e-03, 7.9967e-01, 6.2940e-03, 
 2DIAGNOSTIC,    19, -7.196934171499e-01, 9.238987282974e-04, 8.0664e-01, 6.9671e-03, 
 2DIAGNOSTIC,    20, -7.203660543815e-01, 8.165057363715e-04, 8.1500e-01, 8.3630e-03, 
 2DIAGNOSTIC,    21, -7.203605027765e-01, 7.317670816609e-04, 8.2207e-01, 7.0720e-03, 
 2DIAGNOSTIC,    22, -7.202273161571e-01, 5.833473447604e-04, 8.2968e-01, 7.6041e-03, 
 2DIAGNOSTIC,    23, -7.200534647687e-01, 4.274899853779e-04, 8.3676e-01, 7.0870e-03, 
 2DIAGNOSTIC,    24, -7.199751799361e-01, 2.776902348864e-04, 8.4295e-01, 6.1901e-03, 
 2DIAGNOSTIC,    25, -7.199100011312e-01, 1.576441199587e-04, 8.4913e-01, 6.1772e-03, 
 2DIAGNOSTIC,    26, -7.198631103486e-01, 9.331190972050e-05, 8.5604e-01, 6.9079e-03, 
 2DIAGNOSTIC,    27, -7.199040548980e-01, 3.093957050918e-05, 8.6231e-01, 6.2740e-03, 
DIAGNOSTIC,Iteration,metricValue,convergenceValue,ITERATION_TIME_INDEX,SINCE_LAST
 2DIAGNOSTIC,     1, -5.931582193581e-01, 1.797693134862e+308, 1.5873e+00, 7.2496e-01, 
 2DIAGNOSTIC,     2, -5.938259688911e-01, 1.797693134862e+308, 1.6238e+00, 3.6506e-02, 
 2DIAGNOSTIC,     3, -5.947552225238e-01, 1.797693134862e+308, 1.6612e+00, 3.7431e-02, 
 2DIAGNOSTIC,     4, -5.959868766191e-01, 1.797693134862e+308, 1.6997e+00, 3.8487e-02, 
 2DIAGNOSTIC,     5, -5.970871268376e-01, 1.797693134862e+308, 1.7399e+00, 4.0152e-02, 
 2DIAGNOSTIC,     6, -5.981194350034e-01, 1.797693134862e+308, 1.7832e+00, 4.3381e-02, 
 2DIAGNOSTIC,     7, -5.984582786717e-01, 1.797693134862e+308, 1.8233e+00, 4.0055e-02, 
 2DIAGNOSTIC,     8, -5.995541951269e-01, 1.797693134862e+308, 1.8774e+00, 5.4063e-02, 
 2DIAGNOSTIC,     9, -5.999306489259e-01, 1.797693134862e+308, 1.9182e+00, 4.0858e-02, 
 2DIAGNOSTIC,    10, -5.999631332765e-01, 8.043741710244e-04, 1.9551e+00, 3.6912e-02, 
 2DIAGNOSTIC,    11, -6.002016039731e-01, 6.474337135435e-04, 1.9913e+00, 3.6145e-02, 
 2DIAGNOSTIC,    12, -6.003552679052e-01, 4.912269496589e-04, 2.0406e+00, 4.9374e-02, 
 2DIAGNOSTIC,    13, -6.003401868082e-01, 3.474863701187e-04, 2.0823e+00, 4.1677e-02, 
 2DIAGNOSTIC,    14, -6.003032020955e-01, 2.329770880239e-04, 2.1256e+00, 4.3301e-02, 
 2DIAGNOSTIC,    15, -6.002931056332e-01, 1.470411128306e-04, 2.1692e+00, 4.3576e-02, 
 2DIAGNOSTIC,    16, -6.002902806770e-01, 8.929658038906e-05, 2.2116e+00, 4.2413e-02, 
 2DIAGNOSTIC,    17, -6.002858721916e-01, 3.882447151659e-05, 2.2529e+00, 4.1326e-02, 
 2DIAGNOSTIC,    18, -6.002787026226e-01, 1.910824650720e-05, 2.2960e+00, 4.3047e-02, 
 2DIAGNOSTIC,    19, -6.002585416566e-01, 8.902229551348e-06, 2.3392e+00, 4.3231e-02, 
DIAGNOSTIC,Iteration,metricValue,convergenceValue,ITERATION_TIME_INDEX,SINCE_LAST
 2DIAGNOSTIC,     1, -5.251117761046e-01, 1.797693134862e+308, 3.5000e+00, 1.1608e+00, 
 2DIAGNOSTIC,     2, -5.253767603038e-01, 1.797693134862e+308, 3.8432e+00, 3.4323e-01, 
 2DIAGNOSTIC,     3, -5.256972169514e-01, 1.797693134862e+308, 4.1606e+00, 3.1735e-01, 
 2DIAGNOSTIC,     4, -5.260617791283e-01, 1.797693134862e+308, 4.4418e+00, 2.8119e-01, 
 2DIAGNOSTIC,     5, -5.265618752992e-01, 1.797693134862e+308, 4.7474e+00, 3.0559e-01, 
 2DIAGNOSTIC,     6, -5.269835277531e-01, 1.797693134862e+308, 5.0546e+00, 3.0726e-01, 
 2DIAGNOSTIC,     7, -5.276343848373e-01, 1.797693134862e+308, 5.6381e+00, 5.8348e-01, 
 2DIAGNOSTIC,     8, -5.276367723789e-01, 1.797693134862e+308, 6.0917e+00, 4.5354e-01, 
 2DIAGNOSTIC,     9, -5.276369808671e-01, 1.797693134862e+308, 6.4681e+00, 3.7648e-01, 
 2DIAGNOSTIC,    10, -5.276368557943e-01, 3.628856137934e-04, 6.7755e+00, 3.0733e-01, 
 2DIAGNOSTIC,    11, -5.276354478335e-01, 2.809498275741e-04, 7.0260e+00, 2.5052e-01, 
 2DIAGNOSTIC,    12, -5.276363776766e-01, 1.993068821398e-04, 7.3533e+00, 3.2728e-01, 
 2DIAGNOSTIC,    13, -5.276347414308e-01, 1.257151714247e-04, 7.6792e+00, 3.2594e-01, 
 2DIAGNOSTIC,    14, -5.276352712974e-01, 6.557521062345e-05, 8.0302e+00, 3.5095e-01, 
 2DIAGNOSTIC,    15, -5.276347595973e-01, 2.549676376903e-05, 8.3627e+00, 3.3256e-01, 
