
##########################
# Experiment information #
##########################

EXPERIMENT_NAME: antsRegistration-r8-p19
VFC_BACKENDS: libinterflop_vprec.so --range-binary32=8 --precision-binary32=19 --range-binary64=8 --precision-binary64=19

SIF_IMG: /home/mdugre/projects/rrg-glatard/mdugre/containers/ants-vprec-no_metrics.simg

SUBJECT_ID: s035
INPUT_IMG: /home/mdugre/scratch/mri-registration-rp/datasets/ds004513/derivatives/mri-registration-rp/antsBrainExtraction/sub-s035/BrainExtractionBrain.nii.gz
OUTPUT_DIR: /home/mdugre/scratch/mri-registration-rp/datasets/ds004513/derivatives/mri-registration-rp/0001/antsRegistration-r8-p19/sub-s035

FIXED_IMG: /templateflow/tpl-MNI152NLin2009cAsym/tpl-MNI152NLin2009cAsym_res-01_desc-brain_T1w.nii.gz
DATA_DIR: /home/mdugre/scratch/mri-registration-rp/datasets/ds004513
TEMPLATEFLOW_DIR: /home/mdugre/projects/rrg-glatard/mdugre/templateflow
ITK_GLOBAL_DEFAULT_NUMBER_OF_THREADS: 16
##########################

Info [verificarlo]: loaded backend libinterflop_ieee.so
Info [interflop-ieee]: load backend with:
Info [interflop-ieee]: debug = false
Info [interflop-ieee]: debug-binary = false
Info [interflop-ieee]: no-backend-name = false
Info [interflop-ieee]: print-new-line = false
Info [interflop-ieee]: print-subnormal-normalized = false
Info [interflop-ieee]: count-op = false
All_Command_lines_OK
Using double precision for computations.
=============================================================================
The composite transform comprises the following transforms (in order): 
  1. Center of mass alignment using fixed image: /templateflow/tpl-MNI152NLin2009cAsym/tpl-MNI152NLin2009cAsym_res-01_desc-brain_T1w.nii.gz and moving image: /home/mdugre/scratch/mri-registration-rp/datasets/ds004513/derivatives/mri-registration-rp/antsBrainExtraction/sub-s035/BrainExtractionBrain.nii.gz (type = Euler3DTransform)
=============================================================================
  number of levels = 1
  fixed image: /templateflow/tpl-MNI152NLin2009cAsym/tpl-MNI152NLin2009cAsym_res-01_desc-brain_T1w.nii.gz
  moving image: /home/mdugre/scratch/mri-registration-rp/datasets/ds004513/derivatives/mri-registration-rp/antsBrainExtraction/sub-s035/BrainExtractionBrain.nii.gz
Dimension = 3
Number of stages = 1
Use histogram matching = false
Winsorize image intensities = true
  Lower quantile = 0.005
  Upper quantile = 0.995


Stage 1 State
   Image metric = MattesMI
     Fixed image = Image (0x50b1e70)
  RTTI typeinfo:   itk::Image<double, 3u>
  Reference Count: 2
  Modified Time: 2330
  Debug: Off
  Object Name: 
  Observers: 
    none
  Source: (none)
  Source output name: (none)
  Release Data: Off
  Data Released: False
  Global Release Data: Off
  PipelineMTime: 0
  UpdateMTime: 1941
  RealTimeStamp: 0 seconds 
  LargestPossibleRegion: 
    Dimension: 3
    Index: [0, 0, 0]
    Size: [193, 229, 193]
  BufferedRegion: 
    Dimension: 3
    Index: [0, 0, 0]
    Size: [193, 229, 193]
  RequestedRegion: 
    Dimension: 3
    Index: [0, 0, 0]
    Size: [193, 229, 193]
  Spacing: [1, 1, 1]
  Origin: [96, 132, -78]
  Direction: 
-1 0 0
0 -1 0
0 0 1

  IndexToPointMatrix: 
-1 0 0
0 -1 0
0 0 1

  PointToIndexMatrix: 
-1 0 0
0 -1 0
0 0 1

  Inverse Direction: 
-1 0 0
0 -1 0
0 0 1

  PixelContainer: 
    ImportImageContainer (0x50bac60)
      RTTI typeinfo:   itk::ImportImageContainer<unsigned long, double>
      Reference Count: 1
      Modified Time: 1938
      Debug: Off
      Object Name: 
      Observers: 
        none
      Pointer: 0x146fd2d73010
      Container manages memory: true
      Size: 8530021
      Capacity: 8530021

     Moving image = Image (0x514eec0)
  RTTI typeinfo:   itk::Image<double, 3u>
  Reference Count: 2
  Modified Time: 2331
  Debug: Off
  Object Name: 
  Observers: 
    none
  Source: (none)
  Source output name: (none)
  Release Data: Off
  Data Released: False
  Global Release Data: Off
  PipelineMTime: 0
  UpdateMTime: 2328
  RealTimeStamp: 0 seconds 
  LargestPossibleRegion: 
    Dimension: 3
    Index: [0, 0, 0]
    Size: [160, 240, 256]
  BufferedRegion: 
    Dimension: 3
    Index: [0, 0, 0]
    Size: [160, 240, 256]
  RequestedRegion: 
    Dimension: 3
    Index: [0, 0, 0]
    Size: [160, 240, 256]
  Spacing: [1, 1, 1]
  Origin: [98.6438, 87.6358, -117.989]
  Direction: 
-0.993515 -0.100993 -0.0522355
0.100854 -0.994887 0.00530255
-0.0525039 1.93537e-08 0.998621

  IndexToPointMatrix: 
-0.993515 -0.100993 -0.0522355
0.100854 -0.994887 0.00530255
-0.0525039 1.93537e-08 0.998621

  PointToIndexMatrix: 
-0.993515 0.100854 -0.0525039
-0.100993 -0.994887 1.93006e-08
-0.0522355 0.00530255 0.998621

  Inverse Direction: 
-0.993515 0.100854 -0.0525039
-0.100993 -0.994887 1.93006e-08
-0.0522355 0.00530255 0.998621

  PixelContainer: 
    ImportImageContainer (0x51e6610)
      RTTI typeinfo:   itk::ImportImageContainer<unsigned long, double>
      Reference Count: 1
      Modified Time: 2325
      Debug: Off
      Object Name: 
      Observers: 
        none
      Pointer: 0x146fce272010
      Container manages memory: true
      Size: 9830400
      Capacity: 9830400

     Weighting = 1
     Sampling strategy = regular
     Number of bins = 32
     Radius = 4
     Sampling percentage  = 0.25
   Transform = Rigid
     Gradient step = 0.1
     Update field sigma (voxel space) = 0
     Total field sigma (voxel space) = 0
     Update field time sigma = 0
     Total field time sigma  = 0
     Number of time indices = 0
     Number of time point samples = 0
Registration using 1 total stages.

Stage 0
  iterations = 0
  convergence threshold = 1e-06
  convergence window size = 10
  number of levels = 1
  using the Mattes MI metric (number of bins = 32, weight = 1, use gradient filter = 0)
  preprocessing:  winsorizing the image intensities
  Shrink factors (level 1 out of 1): [1, 1, 1]
  smoothing sigmas per level: [0]
  regular sampling (percentage = 0.25)

*** Running Euler3DTransform registration ***

  Elapsed time (stage 0): 1.12069


Total elapsed time: 1.1227
Info [verificarlo]: loaded backend libinterflop_ieee.so
Info [interflop-ieee]: load backend with:
Info [interflop-ieee]: debug = false
Info [interflop-ieee]: debug-binary = false
Info [interflop-ieee]: no-backend-name = false
Info [interflop-ieee]: print-new-line = false
Info [interflop-ieee]: print-subnormal-normalized = false
Info [interflop-ieee]: count-op = false
All_Command_lines_OK
Using double precision for computations.
=============================================================================
The composite transform comprises the following transforms (in order): 
  1. /home/mdugre/scratch/mri-registration-rp/datasets/ds004513/derivatives/mri-registration-rp/0001/antsRegistration-r8-p19/sub-s035/align_Composite.h5[0] (type = Euler3DTransform)
  2. /home/mdugre/scratch/mri-registration-rp/datasets/ds004513/derivatives/mri-registration-rp/0001/antsRegistration-r8-p19/sub-s035/align_Composite.h5[1] (type = Euler3DTransform)
=============================================================================
  number of levels = 4
  fixed image: /templateflow/tpl-MNI152NLin2009cAsym/tpl-MNI152NLin2009cAsym_res-01_desc-brain_T1w.nii.gz
  moving image: /home/mdugre/scratch/mri-registration-rp/datasets/ds004513/derivatives/mri-registration-rp/antsBrainExtraction/sub-s035/BrainExtractionBrain.nii.gz
Dimension = 3
Number of stages = 1
Use histogram matching = false
Winsorize image intensities = true
  Lower quantile = 0.005
  Upper quantile = 0.995


Stage 1 State
   Image metric = MattesMI
     Fixed image = Image (0x39d8530)
  RTTI typeinfo:   itk::Image<double, 3u>
  Reference Count: 2
  Modified Time: 1578
  Debug: Off
  Object Name: 
  Observers: 
    none
  Source: (none)
  Source output name: (none)
  Release Data: Off
  Data Released: False
  Global Release Data: Off
  PipelineMTime: 0
  UpdateMTime: 1189
  RealTimeStamp: 0 seconds 
  LargestPossibleRegion: 
    Dimension: 3
    Index: [0, 0, 0]
    Size: [193, 229, 193]
  BufferedRegion: 
    Dimension: 3
    Index: [0, 0, 0]
    Size: [193, 229, 193]
  RequestedRegion: 
    Dimension: 3
    Index: [0, 0, 0]
    Size: [193, 229, 193]
  Spacing: [1, 1, 1]
  Origin: [96, 132, -78]
  Direction: 
-1 0 0
0 -1 0
0 0 1

  IndexToPointMatrix: 
-1 0 0
0 -1 0
0 0 1

  PointToIndexMatrix: 
-1 0 0
0 -1 0
0 0 1

  Inverse Direction: 
-1 0 0
0 -1 0
0 0 1

  PixelContainer: 
    ImportImageContainer (0x3a96d60)
      RTTI typeinfo:   itk::ImportImageContainer<unsigned long, double>
      Reference Count: 1
      Modified Time: 1186
      Debug: Off
      Object Name: 
      Observers: 
        none
      Pointer: 0x1529f6a30010
      Container manages memory: true
      Size: 8530021
      Capacity: 8530021

     Moving image = Image (0x3a88f60)
  RTTI typeinfo:   itk::Image<double, 3u>
  Reference Count: 2
  Modified Time: 1579
  Debug: Off
  Object Name: 
  Observers: 
    none
  Source: (none)
  Source output name: (none)
  Release Data: Off
  Data Released: False
  Global Release Data: Off
  PipelineMTime: 0
  UpdateMTime: 1576
  RealTimeStamp: 0 seconds 
  LargestPossibleRegion: 
    Dimension: 3
    Index: [0, 0, 0]
    Size: [160, 240, 256]
  BufferedRegion: 
    Dimension: 3
    Index: [0, 0, 0]
    Size: [160, 240, 256]
  RequestedRegion: 
    Dimension: 3
    Index: [0, 0, 0]
    Size: [160, 240, 256]
  Spacing: [1, 1, 1]
  Origin: [98.6438, 87.6358, -117.989]
  Direction: 
-0.993515 -0.100993 -0.0522355
0.100854 -0.994887 0.00530255
-0.0525039 1.93537e-08 0.998621

  IndexToPointMatrix: 
-0.993515 -0.100993 -0.0522355
0.100854 -0.994887 0.00530255
-0.0525039 1.93537e-08 0.998621

  PointToIndexMatrix: 
-0.993515 0.100854 -0.0525039
-0.100993 -0.994887 1.93006e-08
-0.0522355 0.00530255 0.998621

  Inverse Direction: 
-0.993515 0.100854 -0.0525039
-0.100993 -0.994887 1.93006e-08
-0.0522355 0.00530255 0.998621

  PixelContainer: 
    ImportImageContainer (0x3a7a6d0)
      RTTI typeinfo:   itk::ImportImageContainer<unsigned long, double>
      Reference Count: 1
      Modified Time: 1573
      Debug: Off
      Object Name: 
      Observers: 
        none
      Pointer: 0x1529f1f2f010
      Container manages memory: true
      Size: 9830400
      Capacity: 9830400

     Weighting = 1
     Sampling strategy = regular
     Number of bins = 32
     Radius = 4
     Sampling percentage  = 0.25
   Transform = Rigid
     Gradient step = 0.1
     Update field sigma (voxel space) = 0
     Total field sigma (voxel space) = 0
     Update field time sigma = 0
     Total field time sigma  = 0
     Number of time indices = 0
     Number of time point samples = 0
Registration using 1 total stages.

Stage 0
  iterations = 1000x500x250x100
  convergence threshold = 1e-06
  convergence window size = 10
  number of levels = 4
  using the Mattes MI metric (number of bins = 32, weight = 1, use gradient filter = 0)
  preprocessing:  winsorizing the image intensities
  Shrink factors (level 1 out of 4): [8, 8, 8]
  Shrink factors (level 2 out of 4): [4, 4, 4]
  Shrink factors (level 3 out of 4): [2, 2, 2]
  Shrink factors (level 4 out of 4): [1, 1, 1]
  smoothing sigmas per level: [3, 2, 1, 0]
  regular sampling (percentage = 0.25)

*** Running Euler3DTransform registration ***

DIAGNOSTIC,Iteration,metricValue,convergenceValue,ITERATION_TIME_INDEX,SINCE_LAST
 2DIAGNOSTIC,     1, -5.238630234552e-01, 1.797693134862e+308, 8.6133e-01, 8.6133e-01, 
 2DIAGNOSTIC,     2, -5.257885820767e-01, 1.797693134862e+308, 8.6587e-01, 4.5371e-03, 
 2DIAGNOSTIC,     3, -5.278597554839e-01, 1.797693134862e+308, 8.7077e-01, 4.9021e-03, 
 2DIAGNOSTIC,     4, -5.302176117225e-01, 1.797693134862e+308, 8.7569e-01, 4.9248e-03, 
 2DIAGNOSTIC,     5, -5.343462816845e-01, 1.797693134862e+308, 8.8006e-01, 4.3709e-03, 
 2DIAGNOSTIC,     6, -5.399239396740e-01, 1.797693134862e+308, 8.8445e-01, 4.3850e-03, 
 2DIAGNOSTIC,     7, -5.490554822001e-01, 1.797693134862e+308, 8.8908e-01, 4.6351e-03, 
 2DIAGNOSTIC,     8, -5.545204224448e-01, 1.797693134862e+308, 8.9500e-01, 5.9180e-03, 
 2DIAGNOSTIC,     9, -5.601437715553e-01, 1.797693134862e+308, 8.9956e-01, 4.5612e-03, 
 2DIAGNOSTIC,    10, -5.617741193774e-01, 5.067640484485e-03, 9.0435e-01, 4.7839e-03, 
 2DIAGNOSTIC,    11, -5.649562249041e-01, 4.796539612083e-03, 9.1017e-01, 5.8210e-03, 
 2DIAGNOSTIC,    12, -5.658710903081e-01, 4.260783098155e-03, 9.1525e-01, 5.0831e-03, 
 2DIAGNOSTIC,    13, -5.662828333056e-01, 3.524744036645e-03, 9.1982e-01, 4.5731e-03, 
 2DIAGNOSTIC,    14, -5.685908474577e-01, 2.751340472953e-03, 9.2508e-01, 5.2600e-03, 
 2DIAGNOSTIC,    15, -5.732745043306e-01, 2.134644679428e-03, 9.3203e-01, 6.9492e-03, 
 2DIAGNOSTIC,    16, -5.738084427846e-01, 1.591333148336e-03, 9.3804e-01, 6.0101e-03, 
 2DIAGNOSTIC,    17, -5.739093703465e-01, 1.247363567740e-03, 9.4288e-01, 4.8370e-03, 
 2DIAGNOSTIC,    18, -5.745773598458e-01, 1.002163966316e-03, 9.4756e-01, 4.6830e-03, 
 2DIAGNOSTIC,    19, -5.752045522723e-01, 8.579763081921e-04, 9.5222e-01, 4.6530e-03, 
 2DIAGNOSTIC,    20, -5.755578777726e-01, 6.955845773870e-04, 9.5691e-01, 4.6911e-03, 
 2DIAGNOSTIC,    21, -5.761681227725e-01, 5.767135182701e-04, 9.6159e-01, 4.6811e-03, 
 2DIAGNOSTIC,    22, -5.775610178281e-01, 4.707067062535e-04, 9.6629e-01, 4.7021e-03, 
 2DIAGNOSTIC,    23, -5.801876522132e-01, 3.965856196797e-04, 9.7127e-01, 4.9798e-03, 
 2DIAGNOSTIC,    24, -5.873578871755e-01, 4.881452203789e-04, 9.7841e-01, 7.1399e-03, 
 2DIAGNOSTIC,    25, -5.924052233468e-01, 7.199711434802e-04, 9.8496e-01, 6.5489e-03, 
 2DIAGNOSTIC,    26, -5.933789722514e-01, 8.944842699794e-04, 9.9070e-01, 5.7452e-03, 
 2DIAGNOSTIC,    27, -5.948140362546e-01, 1.002036484399e-03, 9.9588e-01, 5.1761e-03, 
 2DIAGNOSTIC,    28, -5.954370004528e-01, 1.029952320835e-03, 1.0005e+00, 4.5910e-03, 
 2DIAGNOSTIC,    29, -5.955619965608e-01, 9.699000562682e-04, 1.0051e+00, 4.6070e-03, 
 2DIAGNOSTIC,    30, -5.960977142424e-01, 8.366692959727e-04, 1.0096e+00, 4.5490e-03, 
 2DIAGNOSTIC,    31, -5.971105016147e-01, 6.606986235389e-04, 1.0150e+00, 5.3761e-03, 
 2DIAGNOSTIC,    32, -5.989728413268e-01, 4.853112632064e-04, 1.0220e+00, 6.9530e-03, 
 2DIAGNOSTIC,    33, -5.996340171180e-01, 3.222359247348e-04, 1.0265e+00, 4.5671e-03, 
 2DIAGNOSTIC,    34, -5.997688324837e-01, 2.443793014572e-04, 1.0311e+00, 4.5910e-03, 
 2DIAGNOSTIC,    35, -5.999328162798e-01, 2.224308788886e-04, 1.0369e+00, 5.7650e-03, 
 2DIAGNOSTIC,    36, -6.001598298571e-01, 1.965988108098e-04, 1.0414e+00, 4.5500e-03, 
 2DIAGNOSTIC,    37, -6.004938013002e-01, 1.767006119162e-04, 1.0466e+00, 5.1661e-03, 
 2DIAGNOSTIC,    38, -6.008280010197e-01, 1.536048162766e-04, 1.0513e+00, 4.7059e-03, 
 2DIAGNOSTIC,    39, -6.038559363716e-01, 1.574331425868e-04, 1.0568e+00, 5.5130e-03, 
 2DIAGNOSTIC,    40, -6.077047303198e-01, 1.993081245278e-04, 1.0618e+00, 4.9770e-03, 
 2DIAGNOSTIC,    41, -6.174632728837e-01, 3.481387444933e-04, 1.0680e+00, 6.2280e-03, 
 2DIAGNOSTIC,    42, -6.161977867534e-01, 4.608907323446e-04, 1.0774e+00, 9.4061e-03, 
 2DIAGNOSTIC,    43, -6.161564534477e-01, 5.335371147014e-04, 1.0820e+00, 4.5791e-03, 
 2DIAGNOSTIC,    44, -6.170772230261e-01, 5.644820812809e-04, 1.0865e+00, 4.4580e-03, 
 2DIAGNOSTIC,    45, -6.185357281523e-01, 5.560475604773e-04, 1.0909e+00, 4.4770e-03, 
 2DIAGNOSTIC,    46, -6.206472607159e-01, 5.180558539682e-04, 1.0954e+00, 4.4720e-03, 
 2DIAGNOSTIC,    47, -6.234100426918e-01, 4.649604603429e-04, 1.0998e+00, 4.4332e-03, 
 2DIAGNOSTIC,    48, -6.282459766911e-01, 4.232184040940e-04, 1.1044e+00, 4.5490e-03, 
 2DIAGNOSTIC,    49, -6.332856927678e-01, 4.219353901837e-04, 1.1090e+00, 4.6551e-03, 
 2DIAGNOSTIC,    50, -6.437673310712e-01, 5.158700684334e-04, 1.1137e+00, 4.6520e-03, 
 2DIAGNOSTIC,    51, -6.567709932840e-01, 7.709771583586e-04, 1.1185e+00, 4.7650e-03, 
 2DIAGNOSTIC,    52, -6.630139278016e-01, 9.856115103293e-04, 1.1238e+00, 5.2931e-03, 
 2DIAGNOSTIC,    53, -6.637658020192e-01, 1.103854824774e-03, 1.1284e+00, 4.6520e-03, 
 2DIAGNOSTIC,    54, -6.646848074368e-01, 1.129224552025e-03, 1.1332e+00, 4.7498e-03, 
 2DIAGNOSTIC,    55, -6.699954775860e-01, 1.103370217322e-03, 1.1419e+00, 8.7268e-03, 
 2DIAGNOSTIC,    56, -6.720089941866e-01, 1.005089805594e-03, 1.1486e+00, 6.7019e-03, 
 2DIAGNOSTIC,    57, -6.720481673674e-01, 8.375238000658e-04, 1.1530e+00, 4.4138e-03, 
 2DIAGNOSTIC,    58, -6.725919532964e-01, 6.425664117390e-04, 1.1575e+00, 4.5421e-03, 
 2DIAGNOSTIC,    59, -6.729036366812e-01, 4.360793929436e-04, 1.1619e+00, 4.3621e-03, 
 2DIAGNOSTIC,    60, -6.731488723423e-01, 2.773042129007e-04, 1.1663e+00, 4.3499e-03, 
 2DIAGNOSTIC,    61, -6.734259061858e-01, 1.993309651300e-04, 1.1706e+00, 4.3428e-03, 
 2DIAGNOSTIC,    62, -6.739132097462e-01, 1.568960591311e-04, 1.1750e+00, 4.4150e-03, 
 2DIAGNOSTIC,    63, -6.762843176388e-01, 1.247263653261e-04, 1.1811e+00, 6.0911e-03, 
 2DIAGNOSTIC,    64, -6.766381551470e-01, 8.969364701591e-05, 1.1855e+00, 4.3931e-03, 
 2DIAGNOSTIC,    65, -6.771215174086e-01, 8.898282897167e-05, 1.1900e+00, 4.5409e-03, 
 2DIAGNOSTIC,    66, -6.778537173867e-01, 9.953413580731e-05, 1.1951e+00, 5.0631e-03, 
 2DIAGNOSTIC,    67, -6.792268233775e-01, 1.098307527042e-04, 1.2036e+00, 8.5101e-03, 
 2DIAGNOSTIC,    68, -6.807680851829e-01, 1.231389945965e-04, 1.2081e+00, 4.4971e-03, 
 2DIAGNOSTIC,    69, -6.815199557230e-01, 1.312164270981e-04, 1.2127e+00, 4.5390e-03, 
 2DIAGNOSTIC,    70, -6.818104707662e-01, 1.303110442638e-04, 1.2188e+00, 6.1431e-03, 
 2DIAGNOSTIC,    71, -6.820510218979e-01, 1.205023894592e-04, 1.2236e+00, 4.8451e-03, 
 2DIAGNOSTIC,    72, -6.822316944515e-01, 1.032402268287e-04, 1.2281e+00, 4.4942e-03, 
 2DIAGNOSTIC,    73, -6.825798765381e-01, 9.372201192356e-05, 1.2342e+00, 6.0930e-03, 
 2DIAGNOSTIC,    74, -6.826263977604e-01, 7.797274934257e-05, 1.2390e+00, 4.7741e-03, 
 2DIAGNOSTIC,    75, -6.826914587065e-01, 5.871104695571e-05, 1.2435e+00, 4.5500e-03, 
 2DIAGNOSTIC,    76, -6.828123341170e-01, 3.951669281800e-05, 1.2481e+00, 4.5600e-03, 
 2DIAGNOSTIC,    77, -6.832344960469e-01, 2.762827580378e-05, 1.2527e+00, 4.5409e-03, 
 2DIAGNOSTIC,    78, -6.838171692648e-01, 2.580797405047e-05, 1.2596e+00, 6.9220e-03, 
 2DIAGNOSTIC,    79, -6.837376265524e-01, 2.542022624593e-05, 1.2642e+00, 4.6279e-03, 
 2DIAGNOSTIC,    80, -6.837940885290e-01, 2.471284508960e-05, 1.2687e+00, 4.5321e-03, 
 2DIAGNOSTIC,    81, -6.839726406755e-01, 2.407017819931e-05, 1.2733e+00, 4.5900e-03, 
 2DIAGNOSTIC,    82, -6.841107660600e-01, 2.281026909028e-05, 1.2780e+00, 4.6408e-03, 
 2DIAGNOSTIC,    83, -6.851046002698e-01, 2.675719696928e-05, 1.2845e+00, 6.4869e-03, 
 2DIAGNOSTIC,    84, -6.858177469769e-01, 3.208750919348e-05, 1.2902e+00, 5.7442e-03, 
 2DIAGNOSTIC,    85, -6.861555704484e-01, 3.640303765973e-05, 1.2975e+00, 7.3400e-03, 
 2DIAGNOSTIC,    86, -6.861558642364e-01, 3.780108191925e-05, 1.3021e+00, 4.6141e-03, 
 2DIAGNOSTIC,    87, -6.861668817811e-01, 3.777709207854e-05, 1.3067e+00, 4.5130e-03, 
 2DIAGNOSTIC,    88, -6.861799332205e-01, 3.717444999064e-05, 1.3111e+00, 4.4858e-03, 
 2DIAGNOSTIC,    89, -6.861876214864e-01, 3.259305890871e-05, 1.3163e+00, 5.1630e-03, 
 2DIAGNOSTIC,    90, -6.861914373722e-01, 2.533810488273e-05, 1.3209e+00, 4.5481e-03, 
 2DIAGNOSTIC,    91, -6.861984248076e-01, 1.686237304600e-05, 1.3255e+00, 4.6041e-03, 
 2DIAGNOSTIC,    92, -6.862113217872e-01, 7.666019534999e-06, 1.3302e+00, 4.7081e-03, 
 2DIAGNOSTIC,    93, -6.862267128001e-01, 2.805792447916e-06, 1.3346e+00, 4.4742e-03, 
 2DIAGNOSTIC,    94, -6.862421182941e-01, 1.276875709657e-06, 1.3397e+00, 5.0790e-03, 
 2DIAGNOSTIC,    95, -6.863402517390e-01, 1.767050900436e-06, 1.3459e+00, 6.2051e-03, 
 2DIAGNOSTIC,    96, -6.863402136082e-01, 2.099574982603e-06, 1.3504e+00, 4.4971e-03, 
 2DIAGNOSTIC,    97, -6.863403452977e-01, 2.312481303370e-06, 1.3550e+00, 4.6010e-03, 
 2DIAGNOSTIC,    98, -6.863407909516e-01, 2.398834995620e-06, 1.3595e+00, 4.5161e-03, 
 2DIAGNOSTIC,    99, -6.863418464740e-01, 2.322733201927e-06, 1.3642e+00, 4.6411e-03, 
 2DIAGNOSTIC,   100, -6.863433071347e-01, 2.074143001188e-06, 1.3790e+00, 1.4771e-02, 
 2DIAGNOSTIC,   101, -6.863433070024e-01, 1.693196435533e-06, 1.3936e+00, 1.4683e-02, 
 2DIAGNOSTIC,   102, -6.863433070024e-01, 1.252283555169e-06, 1.4010e+00, 7.3500e-03, 
DIAGNOSTIC,Iteration,metricValue,convergenceValue,ITERATION_TIME_INDEX,SINCE_LAST
 2DIAGNOSTIC,     1, -5.583137128380e-01, 1.797693134862e+308, 2.1251e+00, 7.2413e-01, 
 2DIAGNOSTIC,     2, -5.587691873420e-01, 1.797693134862e+308, 2.1533e+00, 2.8139e-02, 
 2DIAGNOSTIC,     3, -5.591104680046e-01, 1.797693134862e+308, 2.1826e+00, 2.9326e-02, 
 2DIAGNOSTIC,     4, -5.599295588430e-01, 1.797693134862e+308, 2.2119e+00, 2.9336e-02, 
 2DIAGNOSTIC,     5, -5.608881181715e-01, 1.797693134862e+308, 2.2447e+00, 3.2806e-02, 
 2DIAGNOSTIC,     6, -5.613235082080e-01, 1.797693134862e+308, 2.2746e+00, 2.9840e-02, 
 2DIAGNOSTIC,     7, -5.624613693086e-01, 1.797693134862e+308, 2.3079e+00, 3.3383e-02, 
 2DIAGNOSTIC,     8, -5.631245774585e-01, 1.797693134862e+308, 2.3456e+00, 3.7643e-02, 
 2DIAGNOSTIC,     9, -5.632669274758e-01, 1.797693134862e+308, 2.3790e+00, 3.3387e-02, 
 2DIAGNOSTIC,    10, -5.639215410453e-01, 6.925135561963e-04, 2.4079e+00, 2.8959e-02, 
 2DIAGNOSTIC,    11, -5.654851353955e-01, 6.698278056904e-04, 2.4405e+00, 3.2600e-02, 
 2DIAGNOSTIC,    12, -5.659978268896e-01, 6.301727501396e-04, 2.4724e+00, 3.1915e-02, 
 2DIAGNOSTIC,    13, -5.660890352364e-01, 5.566115559107e-04, 2.5055e+00, 3.3065e-02, 
 2DIAGNOSTIC,    14, -5.661592924251e-01, 4.760619773056e-04, 2.5485e+00, 4.2944e-02, 
 2DIAGNOSTIC,    15, -5.661528795885e-01, 3.952112046699e-04, 2.5815e+00, 3.2998e-02, 
 2DIAGNOSTIC,    16, -5.661555275223e-01, 3.007183951188e-04, 2.6139e+00, 3.2415e-02, 
 2DIAGNOSTIC,    17, -5.661540034109e-01, 2.230373887109e-04, 2.6461e+00, 3.2273e-02, 
 2DIAGNOSTIC,    18, -5.661304947811e-01, 1.522542819961e-04, 2.6787e+00, 3.2601e-02, 
 2DIAGNOSTIC,    19, -5.661244129195e-01, 7.883717588483e-05, 2.7131e+00, 3.4384e-02, 
 2DIAGNOSTIC,    20, -5.660988511924e-01, 2.054341169041e-05, 2.7425e+00, 2.9382e-02, 
 2DIAGNOSTIC,    21, -5.660919377701e-01, 3.141675931129e-06, 2.7749e+00, 3.2438e-02, 
DIAGNOSTIC,Iteration,metricValue,convergenceValue,ITERATION_TIME_INDEX,SINCE_LAST
 2DIAGNOSTIC,     1, -5.040117978296e-01, 1.797693134862e+308, 3.7925e+00, 1.0175e+00, 
 2DIAGNOSTIC,     2, -5.041728833151e-01, 1.797693134862e+308, 4.0296e+00, 2.3711e-01, 
 2DIAGNOSTIC,     3, -5.042645176118e-01, 1.797693134862e+308, 4.2471e+00, 2.1748e-01, 
 2DIAGNOSTIC,     4, -5.043249834224e-01, 1.797693134862e+308, 4.4733e+00, 2.2621e-01, 
 2DIAGNOSTIC,     5, -5.043580437004e-01, 1.797693134862e+308, 4.7384e+00, 2.6510e-01, 
 2DIAGNOSTIC,     6, -5.045481267217e-01, 1.797693134862e+308, 5.1234e+00, 3.8501e-01, 
 2DIAGNOSTIC,     7, -5.045596355241e-01, 1.797693134862e+308, 5.3941e+00, 2.7074e-01, 
 2DIAGNOSTIC,     8, -5.045571807262e-01, 1.797693134862e+308, 5.6722e+00, 2.7804e-01, 
 2DIAGNOSTIC,     9, -5.045562393838e-01, 1.797693134862e+308, 6.0456e+00, 3.7343e-01, 
 2DIAGNOSTIC,    10, -5.045561201928e-01, 7.224399413400e-05, 6.3801e+00, 3.3450e-01, 
 2DIAGNOSTIC,    11, -5.045564799238e-01, 4.876604060941e-05, 6.6697e+00, 2.8958e-01, 
 2DIAGNOSTIC,    12, -5.045549428381e-01, 3.247306919282e-05, 6.9687e+00, 2.9906e-01, 
 2DIAGNOSTIC,    13, -5.045542980782e-01, 2.001691076414e-05, 7.2224e+00, 2.5372e-01, 
 2DIAGNOSTIC,    14, -5.045557080902e-01, 1.029788852397e-05, 7.4718e+00, 2.4932e-01, 
 2DIAGNOSTIC,    15, -5.045545677310e-01, 2.137661311005e-06, 7.7533e+00, 2.8154e-01, 
 2DIAGNOSTIC,    16, -5.045533328455e-01, 1.634192139888e-06, 8.0145e+00, 2.6116e-01, 
 2DIAGNOSTIC,    17, -5.045530837250e-01, 1.600007444195e-06, 8.2574e+00, 2.4291e-01, 
 2DIAGNOSTIC,    18, -5.045533431566e-01, 1.526504654001e-06, 8.5766e+00, 3.1918e-01, 
 2DIAGNOSTIC,    19, -5.045545557118e-01, 1.489190778685e-06, 8.8580e+00, 2.8148e-01, 
 2DIAGNOSTIC,    20, -5.045539614701e-01, 1.451142985366e-06, 9.1772e+00, 3.1919e-01, 
 2DIAGNOSTIC,    21, -5.045531563559e-01, 1.421028503430e-06, 9.4391e+00, 2.6183e-01, 
 2DIAGNOSTIC,    22, -5.045523724569e-01, 1.344537088208e-06, 9.7081e+00, 2.6907e-01, 
 2DIAGNOSTIC,    23, -5.045515860135e-01, 1.247203855595e-06, 9.9505e+00, 2.4237e-01, 
 2DIAGNOSTIC,    24, -5.045499607889e-01, 1.165554509679e-06, 1.0235e+01, 2.8448e-01, 
 2DIAGNOSTIC,    25, -5.045493039262e-01, 1.066529408789e-06, 1.0541e+01, 3.0611e-01, 
DIAGNOSTIC,Iteration,metricValue,convergenceValue,ITERATION_TIME_INDEX,SINCE_LAST
 2DIAGNOSTIC,     1, -4.672848470028e-01, 1.797693134862e+308, 1.3114e+01, 2.5733e+00, 
 2DIAGNOSTIC,     2, -4.673625240941e-01, 1.797693134862e+308, 1.4837e+01, 1.7228e+00, 
 2DIAGNOSTIC,     3, -4.673612539707e-01, 1.797693134862e+308, 1.6685e+01, 1.8477e+00, 
 2DIAGNOSTIC,     4, -4.673603163143e-01, 1.797693134862e+308, 1.8191e+01, 1.5062e+00, 
 2DIAGNOSTIC,     5, -4.673592245753e-01, 1.797693134862e+308, 1.9711e+01, 1.5196e+00, 
 2DIAGNOSTIC,     6, -4.673594812110e-01, 1.797693134862e+308, 2.1212e+01, 1.5011e+00, 
 2DIAGNOSTIC,     7, -4.673589433797e-01, 1.797693134862e+308, 2.3033e+01, 1.8210e+00, 
 2DIAGNOSTIC,     8, -4.673586121483e-01, 1.797693134862e+308, 2.4546e+01, 1.5131e+00, 
 2DIAGNOSTIC,     9, -4.673588926777e-01, 1.797693134862e+308, 2.6129e+01, 1.5832e+00, 
 2DIAGNOSTIC,    10, -4.673584665731e-01, 7.315944608621e-06, 2.7637e+01, 1.5080e+00, 
 2DIAGNOSTIC,    11, -4.673575266729e-01, 2.404974727269e-06, 2.9145e+01, 1.5077e+00, 
 2DIAGNOSTIC,    12, -4.673575435525e-01, 2.295663848684e-06, 3.0831e+01, 1.6867e+00, 
 2DIAGNOSTIC,    13, -4.673575684432e-01, 2.177257231353e-06, 3.5234e+01, 4.4027e+00, 
 2DIAGNOSTIC,    14, -4.673575684406e-01, 2.059875372287e-06, 3.9970e+01, 4.7357e+00, 
 2DIAGNOSTIC,    15, -4.673575684406e-01, 1.932898556170e-06, 4.1640e+01, 1.6697e+00, 
 2DIAGNOSTIC,    16, -4.673575684406e-01, 1.850052536223e-06, 4.3653e+01, 2.0134e+00, 
 2DIAGNOSTIC,    17, -4.673575684406e-01, 1.770750916168e-06, 4.5211e+01, 1.5584e+00, 
 2DIAGNOSTIC,    18, -4.673575684406e-01, 1.697368533005e-06, 4.6752e+01, 1.5410e+00, 
 2DIAGNOSTIC,    19, -4.673575684406e-01, 1.647197448731e-06, 4.8390e+01, 1.6373e+00, 
 2DIAGNOSTIC,    20, -4.673575684406e-01, 1.592436167333e-06, 4.9952e+01, 1.5622e+00, 
 2DIAGNOSTIC,    21, -4.673575684406e-01, 1.515487094539e-06, 5.1456e+01, 1.5039e+00, 
 2DIAGNOSTIC,    22, -4.673575684406e-01, 1.445912995043e-06, 5.3076e+01, 1.6202e+00, 
 2DIAGNOSTIC,    23, -4.673575684406e-01, 1.383046970588e-06, 5.4541e+01, 1.4649e+00, 
 2DIAGNOSTIC,    24, -4.673575684406e-01, 1.325419740218e-06, 5.6025e+01, 1.4842e+00, 
 2DIAGNOSTIC,    25, -4.673575684406e-01, 1.272402709251e-06, 5.7547e+01, 1.5223e+00, 
 2DIAGNOSTIC,    26, -4.673575684406e-01, 1.223463929299e-06, 5.9062e+01, 1.5152e+00, 
 2DIAGNOSTIC,    27, -4.673575684406e-01, 1.178150259455e-06, 6.0731e+01, 1.6686e+00, 
 2DIAGNOSTIC,    28, -4.673575684406e-01, 1.136073293426e-06, 6.2306e+01, 1.5747e+00, 
 2DIAGNOSTIC,    29, -4.673575684406e-01, 1.096898198522e-06, 6.3980e+01, 1.6748e+00, 
 2DIAGNOSTIC,    30, -4.673575684406e-01, 1.060334786536e-06, 6.5333e+01, 1.3523e+00, 
 2DIAGNOSTIC,    31, -4.673575684406e-01, 1.026130313005e-06, 6.6837e+01, 1.5046e+00, 
  Elapsed time (stage 0): 6.7652e+01


Total elapsed time: 6.7656e+01
Info [verificarlo]: loaded backend libinterflop_ieee.so
Info [interflop-ieee]: load backend with:
Info [interflop-ieee]: debug = false
Info [interflop-ieee]: debug-binary = false
Info [interflop-ieee]: no-backend-name = false
Info [interflop-ieee]: print-new-line = false
Info [interflop-ieee]: print-subnormal-normalized = false
Info [interflop-ieee]: count-op = false
All_Command_lines_OK
Using double precision for computations.
=============================================================================
The composite transform comprises the following transforms (in order): 
  1. /home/mdugre/scratch/mri-registration-rp/datasets/ds004513/derivatives/mri-registration-rp/0001/antsRegistration-r8-p19/sub-s035/rigid_Composite.h5[0] (type = Euler3DTransform)
  2. /home/mdugre/scratch/mri-registration-rp/datasets/ds004513/derivatives/mri-registration-rp/0001/antsRegistration-r8-p19/sub-s035/rigid_Composite.h5[1] (type = Euler3DTransform)
  3. /home/mdugre/scratch/mri-registration-rp/datasets/ds004513/derivatives/mri-registration-rp/0001/antsRegistration-r8-p19/sub-s035/rigid_Composite.h5[2] (type = Euler3DTransform)
=============================================================================
  number of levels = 4
  fixed image: /templateflow/tpl-MNI152NLin2009cAsym/tpl-MNI152NLin2009cAsym_res-01_desc-brain_T1w.nii.gz
  moving image: /home/mdugre/scratch/mri-registration-rp/datasets/ds004513/derivatives/mri-registration-rp/antsBrainExtraction/sub-s035/BrainExtractionBrain.nii.gz
Dimension = 3
Number of stages = 1
Use histogram matching = false
Winsorize image intensities = true
  Lower quantile = 0.005
  Upper quantile = 0.995


Stage 1 State
   Image metric = MattesMI
     Fixed image = Image (0x4b177e0)
  RTTI typeinfo:   itk::Image<double, 3u>
  Reference Count: 2
  Modified Time: 1592
  Debug: Off
  Object Name: 
  Observers: 
    none
  Source: (none)
  Source output name: (none)
  Release Data: Off
  Data Released: False
  Global Release Data: Off
  PipelineMTime: 0
  UpdateMTime: 1203
  RealTimeStamp: 0 seconds 
  LargestPossibleRegion: 
    Dimension: 3
    Index: [0, 0, 0]
    Size: [193, 229, 193]
  BufferedRegion: 
    Dimension: 3
    Index: [0, 0, 0]
    Size: [193, 229, 193]
  RequestedRegion: 
    Dimension: 3
    Index: [0, 0, 0]
    Size: [193, 229, 193]
  Spacing: [1, 1, 1]
  Origin: [96, 132, -78]
  Direction: 
-1 0 0
0 -1 0
0 0 1

  IndexToPointMatrix: 
-1 0 0
0 -1 0
0 0 1

  PointToIndexMatrix: 
-1 0 0
0 -1 0
0 0 1

  Inverse Direction: 
-1 0 0
0 -1 0
0 0 1

  PixelContainer: 
    ImportImageContainer (0x4bd7a20)
      RTTI typeinfo:   itk::ImportImageContainer<unsigned long, double>
      Reference Count: 1
      Modified Time: 1200
      Debug: Off
      Object Name: 
      Observers: 
        none
      Pointer: 0x147aeb0f4010
      Container manages memory: true
      Size: 8530021
      Capacity: 8530021

     Moving image = Image (0x4bd2d70)
  RTTI typeinfo:   itk::Image<double, 3u>
  Reference Count: 2
  Modified Time: 1593
  Debug: Off
  Object Name: 
  Observers: 
    none
  Source: (none)
  Source output name: (none)
  Release Data: Off
  Data Released: False
  Global Release Data: Off
  PipelineMTime: 0
  UpdateMTime: 1590
  RealTimeStamp: 0 seconds 
  LargestPossibleRegion: 
    Dimension: 3
    Index: [0, 0, 0]
    Size: [160, 240, 256]
  BufferedRegion: 
    Dimension: 3
    Index: [0, 0, 0]
    Size: [160, 240, 256]
  RequestedRegion: 
    Dimension: 3
    Index: [0, 0, 0]
    Size: [160, 240, 256]
  Spacing: [1, 1, 1]
  Origin: [98.6438, 87.6358, -117.989]
  Direction: 
-0.993515 -0.100993 -0.0522355
0.100854 -0.994887 0.00530255
-0.0525039 1.93537e-08 0.998621

  IndexToPointMatrix: 
-0.993515 -0.100993 -0.0522355
0.100854 -0.994887 0.00530255
-0.0525039 1.93537e-08 0.998621

  PointToIndexMatrix: 
-0.993515 0.100854 -0.0525039
-0.100993 -0.994887 1.93006e-08
-0.0522355 0.00530255 0.998621

  Inverse Direction: 
-0.993515 0.100854 -0.0525039
-0.100993 -0.994887 1.93006e-08
-0.0522355 0.00530255 0.998621

  PixelContainer: 
    ImportImageContainer (0x4b8ac90)
      RTTI typeinfo:   itk::ImportImageContainer<unsigned long, double>
      Reference Count: 1
      Modified Time: 1587
      Debug: Off
      Object Name: 
      Observers: 
        none
      Pointer: 0x147ae65f3010
      Container manages memory: true
      Size: 9830400
      Capacity: 9830400

     Weighting = 1
     Sampling strategy = regular
     Number of bins = 32
     Radius = 4
     Sampling percentage  = 0.25
   Transform = Affine
     Gradient step = 0.1
     Update field sigma (voxel space) = 0
     Total field sigma (voxel space) = 0
     Update field time sigma = 0
     Total field time sigma  = 0
     Number of time indices = 0
     Number of time point samples = 0
Registration using 1 total stages.

Stage 0
  iterations = 1000x500x250x100
  convergence threshold = 1e-06
  convergence window size = 10
  number of levels = 4
  using the Mattes MI metric (number of bins = 32, weight = 1, use gradient filter = 0)
  preprocessing:  winsorizing the image intensities
  Shrink factors (level 1 out of 4): [8, 8, 8]
  Shrink factors (level 2 out of 4): [4, 4, 4]
  Shrink factors (level 3 out of 4): [2, 2, 2]
  Shrink factors (level 4 out of 4): [1, 1, 1]
  smoothing sigmas per level: [3, 2, 1, 0]
  regular sampling (percentage = 0.25)

*** Running AffineTransform registration ***

DIAGNOSTIC,Iteration,metricValue,convergenceValue,ITERATION_TIME_INDEX,SINCE_LAST
 2DIAGNOSTIC,     1, -6.771056754985e-01, 1.797693134862e+308, 1.4542e+00, 1.4542e+00, 
 2DIAGNOSTIC,     2, -6.791183905020e-01, 1.797693134862e+308, 1.4608e+00, 6.5351e-03, 
 2DIAGNOSTIC,     3, -6.830895108547e-01, 1.797693134862e+308, 1.4669e+00, 6.0689e-03, 
 2DIAGNOSTIC,     4, -6.902072496527e-01, 1.797693134862e+308, 1.4728e+00, 5.9538e-03, 
 2DIAGNOSTIC,     5, -7.004370190424e-01, 1.797693134862e+308, 1.4786e+00, 5.7509e-03, 
 2DIAGNOSTIC,     6, -7.123406164829e-01, 1.797693134862e+308, 1.4845e+00, 5.9760e-03, 
 2DIAGNOSTIC,     7, -7.363379891798e-01, 1.797693134862e+308, 1.4944e+00, 9.8610e-03, 
 2DIAGNOSTIC,     8, -7.363571471881e-01, 1.797693134862e+308, 1.5012e+00, 6.8069e-03, 
 2DIAGNOSTIC,     9, -7.368941744835e-01, 1.797693134862e+308, 1.5080e+00, 6.7849e-03, 
 2DIAGNOSTIC,    10, -7.371394449646e-01, 6.875238087645e-03, 1.5151e+00, 7.0860e-03, 
 2DIAGNOSTIC,    11, -7.373111497811e-01, 5.774239606648e-03, 1.5234e+00, 8.3001e-03, 
 2DIAGNOSTIC,    12, -7.373329876119e-01, 4.404340618020e-03, 1.5302e+00, 6.8090e-03, 
 2DIAGNOSTIC,    13, -7.372329036459e-01, 2.974345712884e-03, 1.5368e+00, 6.6328e-03, 
 2DIAGNOSTIC,    14, -7.370849728223e-01, 1.689141306917e-03, 1.5428e+00, 5.9979e-03, 
 2DIAGNOSTIC,    15, -7.370779390318e-01, 6.942486480607e-04, 1.5494e+00, 6.5620e-03, 
 2DIAGNOSTIC,    16, -7.368406019479e-01, 3.446424685088e-05, 1.5552e+00, 5.8599e-03, 
 2DIAGNOSTIC,    17, -7.369608566118e-01, 1.100100213161e-05, 1.5615e+00, 6.3040e-03, 
DIAGNOSTIC,Iteration,metricValue,convergenceValue,ITERATION_TIME_INDEX,SINCE_LAST
 2DIAGNOSTIC,     1, -6.031620345458e-01, 1.797693134862e+308, 2.3549e+00, 7.9334e-01, 
 2DIAGNOSTIC,     2, -6.044393408942e-01, 1.797693134862e+308, 2.3910e+00, 3.6150e-02, 
 2DIAGNOSTIC,     3, -6.062354516424e-01, 1.797693134862e+308, 2.4271e+00, 3.6094e-02, 
 2DIAGNOSTIC,     4, -6.080048640116e-01, 1.797693134862e+308, 2.4626e+00, 3.5516e-02, 
 2DIAGNOSTIC,     5, -6.088612944328e-01, 1.797693134862e+308, 2.4985e+00, 3.5912e-02, 
 2DIAGNOSTIC,     6, -6.093842731550e-01, 1.797693134862e+308, 2.5337e+00, 3.5145e-02, 
 2DIAGNOSTIC,     7, -6.096416332224e-01, 1.797693134862e+308, 2.5843e+00, 5.0573e-02, 
 2DIAGNOSTIC,     8, -6.097432578190e-01, 1.797693134862e+308, 2.6226e+00, 3.8311e-02, 
 2DIAGNOSTIC,     9, -6.100514486488e-01, 1.797693134862e+308, 2.6615e+00, 3.8927e-02, 
 2DIAGNOSTIC,    10, -6.101575515890e-01, 7.142923749424e-04, 2.6970e+00, 3.5466e-02, 
 2DIAGNOSTIC,    11, -6.102738442064e-01, 4.766686681165e-04, 2.7407e+00, 4.3724e-02, 
 2DIAGNOSTIC,    12, -6.102819348029e-01, 2.855730883702e-04, 2.7834e+00, 4.2715e-02, 
 2DIAGNOSTIC,    13, -6.102148296538e-01, 1.593662619160e-04, 2.8397e+00, 5.6258e-02, 
 2DIAGNOSTIC,    14, -6.102191693896e-01, 9.561334044664e-05, 2.8765e+00, 3.6880e-02, 
 2DIAGNOSTIC,    15, -6.102194925041e-01, 5.808071911578e-05, 2.9162e+00, 3.9609e-02, 
 2DIAGNOSTIC,    16, -6.102040131384e-01, 3.479382952584e-05, 2.9573e+00, 4.1187e-02, 
 2DIAGNOSTIC,    17, -6.101996417994e-01, 1.825424461123e-05, 3.0005e+00, 4.3123e-02, 
 2DIAGNOSTIC,    18, -6.101920310376e-01, 4.360617668328e-06, 3.0420e+00, 4.1531e-02, 
DIAGNOSTIC,Iteration,metricValue,convergenceValue,ITERATION_TIME_INDEX,SINCE_LAST
 2DIAGNOSTIC,     1, -5.337334670545e-01, 1.797693134862e+308, 4.1940e+00, 1.1520e+00, 
 2DIAGNOSTIC,     2, -5.341846167976e-01, 1.797693134862e+308, 4.5043e+00, 3.1025e-01, 
 2DIAGNOSTIC,     3, -5.345590551790e-01, 1.797693134862e+308, 4.7822e+00, 2.7789e-01, 
 2DIAGNOSTIC,     4, -5.347811007514e-01, 1.797693134862e+308, 5.0513e+00, 2.6913e-01, 
 2DIAGNOSTIC,     5, -5.350204492447e-01, 1.797693134862e+308, 5.3691e+00, 3.1776e-01, 
 2DIAGNOSTIC,     6, -5.357395051278e-01, 1.797693134862e+308, 5.7577e+00, 3.8861e-01, 
 2DIAGNOSTIC,     7, -5.357503653058e-01, 1.797693134862e+308, 6.0865e+00, 3.2886e-01, 
 2DIAGNOSTIC,     8, -5.357573289478e-01, 1.797693134862e+308, 6.3886e+00, 3.0205e-01, 
 2DIAGNOSTIC,     9, -5.357806928588e-01, 1.797693134862e+308, 6.6843e+00, 2.9572e-01, 
 2DIAGNOSTIC,    10, -5.358678708587e-01, 2.656268686451e-04, 7.0187e+00, 3.3437e-01, 
 2DIAGNOSTIC,    11, -5.359619468453e-01, 1.944692535929e-04, 7.3413e+00, 3.2262e-01, 
 2DIAGNOSTIC,    12, -5.360680155162e-01, 1.422963637994e-04, 7.6961e+00, 3.5480e-01, 
 2DIAGNOSTIC,    13, -5.362192714490e-01, 1.073276143701e-04, 8.0379e+00, 3.4176e-01, 
 2DIAGNOSTIC,    14, -5.368142086476e-01, 9.879519299429e-05, 8.4096e+00, 3.7171e-01, 
 2DIAGNOSTIC,    15, -5.370390072370e-01, 9.774656244887e-05, 9.0308e+00, 6.2123e-01, 
 2DIAGNOSTIC,    16, -5.370394658012e-01, 1.119574366758e-04, 9.3674e+00, 3.3659e-01, 
 2DIAGNOSTIC,    17, -5.370352515141e-01, 1.149268116142e-04, 9.7077e+00, 3.4034e-01, 
 2DIAGNOSTIC,    18, -5.370343999129e-01, 1.073183916116e-04, 1.0042e+01, 3.3452e-01, 
 2DIAGNOSTIC,    19, -5.370342423167e-01, 9.107089694095e-05, 1.0346e+01, 3.0421e-01, 
 2DIAGNOSTIC,    20, -5.370346598944e-01, 7.033422977890e-05, 1.0646e+01, 2.9933e-01, 
 2DIAGNOSTIC,    21, -5.370313290490e-01, 4.765717971993e-05, 1.0947e+01, 3.0141e-01, 
 2DIAGNOSTIC,    22, -5.370317084625e-01, 2.546425973982e-05, 1.1336e+01, 3.8877e-01, 
 2DIAGNOSTIC,    23, -5.370315050140e-01, 6.108814181227e-06, 1.1661e+01, 3.2464e-01, 
DIAGNOSTIC,Iteration,metricValue,convergenceValue,ITERATION_TIME_INDEX,SINCE_LAST
 2DIAGNOSTIC,     1, -4.919454213838e-01, 1.797693134862e+308, 1.4567e+01, 2.9059e+00, 
 2DIAGNOSTIC,     2, -4.921171741696e-01, 1.797693134862e+308, 1.6273e+01, 1.7067e+00, 
 2DIAGNOSTIC,     3, -4.922643881606e-01, 1.797693134862e+308, 1.8115e+01, 1.8421e+00, 
 2DIAGNOSTIC,     4, -4.924231364036e-01, 1.797693134862e+308, 1.9963e+01, 1.8480e+00, 
 2DIAGNOSTIC,     5, -4.924392331424e-01, 1.797693134862e+308, 2.1749e+01, 1.7858e+00, 
 2DIAGNOSTIC,     6, -4.925025383513e-01, 1.797693134862e+308, 2.4574e+01, 2.8253e+00, 
 2DIAGNOSTIC,     7, -4.925118151158e-01, 1.797693134862e+308, 2.8174e+01, 3.5999e+00, 
 2DIAGNOSTIC,     8, -4.925116400824e-01, 1.797693134862e+308, 3.0231e+01, 2.0566e+00, 
 2DIAGNOSTIC,     9, -4.925115541862e-01, 1.797693134862e+308, 3.2118e+01, 1.8874e+00, 
 2DIAGNOSTIC,    10, -4.925112596864e-01, 6.874452441367e-05, 3.3753e+01, 1.6351e+00, 
 2DIAGNOSTIC,    11, -4.925112998470e-01, 4.000132087793e-05, 3.5618e+01, 1.8643e+00, 
 2DIAGNOSTIC,    12, -4.925111211937e-01, 2.085758708352e-05, 3.7359e+01, 1.7417e+00, 
 2DIAGNOSTIC,    13, -4.925111883701e-01, 9.405946507487e-06, 3.9239e+01, 1.8792e+00, 
 2DIAGNOSTIC,    14, -4.925110354164e-01, 5.515648676679e-06, 4.1120e+01, 1.8815e+00, 
 2DIAGNOSTIC,    15, -4.925109678321e-01, 2.399473927925e-06, 4.3032e+01, 1.9114e+00, 
 2DIAGNOSTIC,    16, -4.925108846514e-01, 1.918311480054e-06, 4.4974e+01, 1.9421e+00, 
 2DIAGNOSTIC,    17, -4.925107025526e-01, 1.809022292923e-06, 4.6830e+01, 1.8565e+00, 
 2DIAGNOSTIC,    18, -4.925103267907e-01, 1.700077089280e-06, 4.8744e+01, 1.9137e+00, 
 2DIAGNOSTIC,    19, -4.925103667121e-01, 1.607931572674e-06, 5.0625e+01, 1.8815e+00, 
 2DIAGNOSTIC,    20, -4.925102967616e-01, 1.520411697667e-06, 5.2487e+01, 1.8615e+00, 
 2DIAGNOSTIC,    21, -4.925103635234e-01, 1.450774695169e-06, 5.4775e+01, 2.2881e+00, 
 2DIAGNOSTIC,    22, -4.925103905777e-01, 1.389427726789e-06, 5.6686e+01, 1.9114e+00, 
