
##########################
# Experiment information #
##########################

EXPERIMENT_NAME: antsRegistration-r7-p6
VFC_BACKENDS: libinterflop_vprec.so --range-binary32=7 --precision-binary32=6 --range-binary64=7 --precision-binary64=6

SIF_IMG: /home/mdugre/projects/rrg-glatard/mdugre/containers/ants-vprec-no_metrics.simg

SUBJECT_ID: s017
INPUT_IMG: /home/mdugre/scratch/mri-registration-rp/datasets/ds004513/derivatives/mri-registration-rp/antsBrainExtraction/sub-s017/BrainExtractionBrain.nii.gz
OUTPUT_DIR: /home/mdugre/scratch/mri-registration-rp/datasets/ds004513/derivatives/mri-registration-rp/0001/antsRegistration-r7-p6/sub-s017

FIXED_IMG: /templateflow/tpl-MNI152NLin2009cAsym/tpl-MNI152NLin2009cAsym_res-01_desc-brain_T1w.nii.gz
DATA_DIR: /home/mdugre/scratch/mri-registration-rp/datasets/ds004513
TEMPLATEFLOW_DIR: /home/mdugre/projects/rrg-glatard/mdugre/templateflow
ITK_GLOBAL_DEFAULT_NUMBER_OF_THREADS: 16
##########################

Info [verificarlo]: loaded backend libinterflop_ieee.so
Info [interflop-ieee]: load backend with:
Info [interflop-ieee]: debug = false
Info [interflop-ieee]: debug-binary = false
Info [interflop-ieee]: no-backend-name = false
Info [interflop-ieee]: print-new-line = false
Info [interflop-ieee]: print-subnormal-normalized = false
Info [interflop-ieee]: count-op = false
All_Command_lines_OK
Using double precision for computations.
=============================================================================
The composite transform comprises the following transforms (in order): 
  1. Center of mass alignment using fixed image: /templateflow/tpl-MNI152NLin2009cAsym/tpl-MNI152NLin2009cAsym_res-01_desc-brain_T1w.nii.gz and moving image: /home/mdugre/scratch/mri-registration-rp/datasets/ds004513/derivatives/mri-registration-rp/antsBrainExtraction/sub-s017/BrainExtractionBrain.nii.gz (type = Euler3DTransform)
=============================================================================
  number of levels = 1
  fixed image: /templateflow/tpl-MNI152NLin2009cAsym/tpl-MNI152NLin2009cAsym_res-01_desc-brain_T1w.nii.gz
  moving image: /home/mdugre/scratch/mri-registration-rp/datasets/ds004513/derivatives/mri-registration-rp/antsBrainExtraction/sub-s017/BrainExtractionBrain.nii.gz
Dimension = 3
Number of stages = 1
Use histogram matching = false
Winsorize image intensities = true
  Lower quantile = 0.005
  Upper quantile = 0.995


Stage 1 State
   Image metric = MattesMI
     Fixed image = Image (0x44fdbd0)
  RTTI typeinfo:   itk::Image<double, 3u>
  Reference Count: 2
  Modified Time: 2334
  Debug: Off
  Object Name: 
  Observers: 
    none
  Source: (none)
  Source output name: (none)
  Release Data: Off
  Data Released: False
  Global Release Data: Off
  PipelineMTime: 0
  UpdateMTime: 1943
  RealTimeStamp: 0 seconds 
  LargestPossibleRegion: 
    Dimension: 3
    Index: [0, 0, 0]
    Size: [193, 229, 193]
  BufferedRegion: 
    Dimension: 3
    Index: [0, 0, 0]
    Size: [193, 229, 193]
  RequestedRegion: 
    Dimension: 3
    Index: [0, 0, 0]
    Size: [193, 229, 193]
  Spacing: [1, 1, 1]
  Origin: [96, 132, -78]
  Direction: 
-1 0 0
0 -1 0
0 0 1

  IndexToPointMatrix: 
-1 0 0
0 -1 0
0 0 1

  PointToIndexMatrix: 
-1 0 0
0 -1 0
0 0 1

  Inverse Direction: 
-1 0 0
0 -1 0
0 0 1

  PixelContainer: 
    ImportImageContainer (0x45069e0)
      RTTI typeinfo:   itk::ImportImageContainer<unsigned long, double>
      Reference Count: 1
      Modified Time: 1940
      Debug: Off
      Object Name: 
      Observers: 
        none
      Pointer: 0x14928a983010
      Container manages memory: true
      Size: 8530021
      Capacity: 8530021

     Moving image = Image (0x4507bd0)
  RTTI typeinfo:   itk::Image<double, 3u>
  Reference Count: 2
  Modified Time: 2335
  Debug: Off
  Object Name: 
  Observers: 
    none
  Source: (none)
  Source output name: (none)
  Release Data: Off
  Data Released: False
  Global Release Data: Off
  PipelineMTime: 0
  UpdateMTime: 2332
  RealTimeStamp: 0 seconds 
  LargestPossibleRegion: 
    Dimension: 3
    Index: [0, 0, 0]
    Size: [160, 240, 256]
  BufferedRegion: 
    Dimension: 3
    Index: [0, 0, 0]
    Size: [160, 240, 256]
  RequestedRegion: 
    Dimension: 3
    Index: [0, 0, 0]
    Size: [160, 240, 256]
  Spacing: [1, 1, 1]
  Origin: [91.3357, 102.231, -120.042]
  Direction: 
-0.997442 -5.36781e-05 -0.0714818
5.35416e-05 -1 3.82465e-06
-0.0714818 -1.23894e-08 0.997442

  IndexToPointMatrix: 
-0.997444 -5.36781e-05 -0.0714818
5.35418e-05 -1 3.82465e-06
-0.0714819 -1.23894e-08 0.997442

  PointToIndexMatrix: 
-0.99744 5.35415e-05 -0.0714816
-5.36781e-05 -1 -1.23894e-08
-0.0714818 3.82465e-06 0.997442

  Inverse Direction: 
-0.997442 5.35416e-05 -0.0714818
-5.36781e-05 -1 -1.23894e-08
-0.0714818 3.82465e-06 0.997442

  PixelContainer: 
    ImportImageContainer (0x468db50)
      RTTI typeinfo:   itk::ImportImageContainer<unsigned long, double>
      Reference Count: 1
      Modified Time: 2329
      Debug: Off
      Object Name: 
      Observers: 
        none
      Pointer: 0x149285e82010
      Container manages memory: true
      Size: 9830400
      Capacity: 9830400

     Weighting = 1
     Sampling strategy = regular
     Number of bins = 32
     Radius = 4
     Sampling percentage  = 0.25
   Transform = Rigid
     Gradient step = 0.1
     Update field sigma (voxel space) = 0
     Total field sigma (voxel space) = 0
     Update field time sigma = 0
     Total field time sigma  = 0
     Number of time indices = 0
     Number of time point samples = 0
Registration using 1 total stages.

Stage 0
  iterations = 0
  convergence threshold = 1e-06
  convergence window size = 10
  number of levels = 1
  using the Mattes MI metric (number of bins = 32, weight = 1, use gradient filter = 0)
  preprocessing:  winsorizing the image intensities
  Shrink factors (level 1 out of 1): [1, 1, 1]
  smoothing sigmas per level: [0]
  regular sampling (percentage = 0.25)

*** Running Euler3DTransform registration ***

  Elapsed time (stage 0): 1.07971


Total elapsed time: 1.08194
Info [verificarlo]: loaded backend libinterflop_ieee.so
Info [interflop-ieee]: load backend with:
Info [interflop-ieee]: debug = false
Info [interflop-ieee]: debug-binary = false
Info [interflop-ieee]: no-backend-name = false
Info [interflop-ieee]: print-new-line = false
Info [interflop-ieee]: print-subnormal-normalized = false
Info [interflop-ieee]: count-op = false
All_Command_lines_OK
Using double precision for computations.
=============================================================================
The composite transform comprises the following transforms (in order): 
  1. /home/mdugre/scratch/mri-registration-rp/datasets/ds004513/derivatives/mri-registration-rp/0001/antsRegistration-r7-p6/sub-s017/align_Composite.h5[0] (type = Euler3DTransform)
  2. /home/mdugre/scratch/mri-registration-rp/datasets/ds004513/derivatives/mri-registration-rp/0001/antsRegistration-r7-p6/sub-s017/align_Composite.h5[1] (type = Euler3DTransform)
=============================================================================
  number of levels = 4
  fixed image: /templateflow/tpl-MNI152NLin2009cAsym/tpl-MNI152NLin2009cAsym_res-01_desc-brain_T1w.nii.gz
  moving image: /home/mdugre/scratch/mri-registration-rp/datasets/ds004513/derivatives/mri-registration-rp/antsBrainExtraction/sub-s017/BrainExtractionBrain.nii.gz
Dimension = 3
Number of stages = 1
Use histogram matching = false
Winsorize image intensities = true
  Lower quantile = 0.005
  Upper quantile = 0.995


Stage 1 State
   Image metric = MattesMI
     Fixed image = Image (0x4b2b530)
  RTTI typeinfo:   itk::Image<double, 3u>
  Reference Count: 2
  Modified Time: 1580
  Debug: Off
  Object Name: 
  Observers: 
    none
  Source: (none)
  Source output name: (none)
  Release Data: Off
  Data Released: False
  Global Release Data: Off
  PipelineMTime: 0
  UpdateMTime: 1189
  RealTimeStamp: 0 seconds 
  LargestPossibleRegion: 
    Dimension: 3
    Index: [0, 0, 0]
    Size: [193, 229, 193]
  BufferedRegion: 
    Dimension: 3
    Index: [0, 0, 0]
    Size: [193, 229, 193]
  RequestedRegion: 
    Dimension: 3
    Index: [0, 0, 0]
    Size: [193, 229, 193]
  Spacing: [1, 1, 1]
  Origin: [96, 132, -78]
  Direction: 
-1 0 0
0 -1 0
0 0 1

  IndexToPointMatrix: 
-1 0 0
0 -1 0
0 0 1

  PointToIndexMatrix: 
-1 0 0
0 -1 0
0 0 1

  Inverse Direction: 
-1 0 0
0 -1 0
0 0 1

  PixelContainer: 
    ImportImageContainer (0x4be9d60)
      RTTI typeinfo:   itk::ImportImageContainer<unsigned long, double>
      Reference Count: 1
      Modified Time: 1186
      Debug: Off
      Object Name: 
      Observers: 
        none
      Pointer: 0x146d2f6d3010
      Container manages memory: true
      Size: 8530021
      Capacity: 8530021

     Moving image = Image (0x4bdbf60)
  RTTI typeinfo:   itk::Image<double, 3u>
  Reference Count: 2
  Modified Time: 1581
  Debug: Off
  Object Name: 
  Observers: 
    none
  Source: (none)
  Source output name: (none)
  Release Data: Off
  Data Released: False
  Global Release Data: Off
  PipelineMTime: 0
  UpdateMTime: 1578
  RealTimeStamp: 0 seconds 
  LargestPossibleRegion: 
    Dimension: 3
    Index: [0, 0, 0]
    Size: [160, 240, 256]
  BufferedRegion: 
    Dimension: 3
    Index: [0, 0, 0]
    Size: [160, 240, 256]
  RequestedRegion: 
    Dimension: 3
    Index: [0, 0, 0]
    Size: [160, 240, 256]
  Spacing: [1, 1, 1]
  Origin: [91.3357, 102.231, -120.042]
  Direction: 
-0.997442 -5.36781e-05 -0.0714818
5.35416e-05 -1 3.82465e-06
-0.0714818 -1.23894e-08 0.997442

  IndexToPointMatrix: 
-0.997444 -5.36781e-05 -0.0714818
5.35418e-05 -1 3.82465e-06
-0.0714819 -1.23894e-08 0.997442

  PointToIndexMatrix: 
-0.99744 5.35415e-05 -0.0714816
-5.36781e-05 -1 -1.23894e-08
-0.0714818 3.82465e-06 0.997442

  Inverse Direction: 
-0.997442 5.35416e-05 -0.0714818
-5.36781e-05 -1 -1.23894e-08
-0.0714818 3.82465e-06 0.997442

  PixelContainer: 
    ImportImageContainer (0x4bcd6d0)
      RTTI typeinfo:   itk::ImportImageContainer<unsigned long, double>
      Reference Count: 1
      Modified Time: 1575
      Debug: Off
      Object Name: 
      Observers: 
        none
      Pointer: 0x146d2abd2010
      Container manages memory: true
      Size: 9830400
      Capacity: 9830400

     Weighting = 1
     Sampling strategy = regular
     Number of bins = 32
     Radius = 4
     Sampling percentage  = 0.25
   Transform = Rigid
     Gradient step = 0.1
     Update field sigma (voxel space) = 0
     Total field sigma (voxel space) = 0
     Update field time sigma = 0
     Total field time sigma  = 0
     Number of time indices = 0
     Number of time point samples = 0
Registration using 1 total stages.

Stage 0
  iterations = 1000x500x250x100
  convergence threshold = 1e-06
  convergence window size = 10
  number of levels = 4
  using the Mattes MI metric (number of bins = 32, weight = 1, use gradient filter = 0)
  preprocessing:  winsorizing the image intensities
  Shrink factors (level 1 out of 4): [8, 8, 8]
  Shrink factors (level 2 out of 4): [4, 4, 4]
  Shrink factors (level 3 out of 4): [2, 2, 2]
  Shrink factors (level 4 out of 4): [1, 1, 1]
  smoothing sigmas per level: [3, 2, 1, 0]
  regular sampling (percentage = 0.25)

*** Running Euler3DTransform registration ***

DIAGNOSTIC,Iteration,metricValue,convergenceValue,ITERATION_TIME_INDEX,SINCE_LAST
 2DIAGNOSTIC,     1, -5.567767283252e-01, 1.797693134862e+308, 7.1229e-01, 7.1229e-01, 
 2DIAGNOSTIC,     2, -5.584239703569e-01, 1.797693134862e+308, 7.1706e-01, 4.7739e-03, 
 2DIAGNOSTIC,     3, -5.612715515272e-01, 1.797693134862e+308, 7.2121e-01, 4.1440e-03, 
 2DIAGNOSTIC,     4, -5.637780194106e-01, 1.797693134862e+308, 7.2612e-01, 4.9109e-03, 
 2DIAGNOSTIC,     5, -5.658229214212e-01, 1.797693134862e+308, 7.3080e-01, 4.6811e-03, 
 2DIAGNOSTIC,     6, -5.696445468689e-01, 1.797693134862e+308, 7.3608e-01, 5.2838e-03, 
 2DIAGNOSTIC,     7, -5.734118275242e-01, 1.797693134862e+308, 7.4072e-01, 4.6360e-03, 
 2DIAGNOSTIC,     8, -5.754533484979e-01, 1.797693134862e+308, 7.4708e-01, 6.3581e-03, 
 2DIAGNOSTIC,     9, -5.763021950250e-01, 1.797693134862e+308, 7.5128e-01, 4.1990e-03, 
 2DIAGNOSTIC,    10, -5.771142770255e-01, 2.558085388189e-03, 7.5685e-01, 5.5768e-03, 
 2DIAGNOSTIC,    11, -5.785125587612e-01, 2.176117873031e-03, 7.6185e-01, 5.0020e-03, 
 2DIAGNOSTIC,    12, -5.799413348090e-01, 1.786767970983e-03, 7.6704e-01, 5.1889e-03, 
 2DIAGNOSTIC,    13, -5.809477908980e-01, 1.443124036835e-03, 7.7252e-01, 5.4741e-03, 
 2DIAGNOSTIC,    14, -5.814655964876e-01, 1.127354078216e-03, 7.7718e-01, 4.6589e-03, 
 2DIAGNOSTIC,    15, -5.819093877219e-01, 8.331089413526e-04, 7.8206e-01, 4.8811e-03, 
 2DIAGNOSTIC,    16, -5.822326442998e-01, 6.258215683233e-04, 7.8690e-01, 4.8399e-03, 
 2DIAGNOSTIC,    17, -5.825793599843e-01, 5.040365830240e-04, 7.9143e-01, 4.5302e-03, 
 2DIAGNOSTIC,    18, -5.863713925916e-01, 5.095725576650e-04, 7.9588e-01, 4.4510e-03, 
 2DIAGNOSTIC,    19, -5.901617810168e-01, 5.855607354912e-04, 8.0377e-01, 7.8881e-03, 
 2DIAGNOSTIC,    20, -5.906016223816e-01, 6.286272500313e-04, 8.0908e-01, 5.3110e-03, 
 2DIAGNOSTIC,    21, -5.907365705867e-01, 6.467002963841e-04, 8.1380e-01, 4.7259e-03, 
 2DIAGNOSTIC,    22, -5.906256574994e-01, 6.330265936384e-04, 8.1854e-01, 4.7369e-03, 
 2DIAGNOSTIC,    23, -5.906307681711e-01, 5.816453055182e-04, 8.2272e-01, 4.1740e-03, 
 2DIAGNOSTIC,    24, -5.905636622010e-01, 4.878472529225e-04, 8.2709e-01, 4.3700e-03, 
 2DIAGNOSTIC,    25, -5.906024985370e-01, 3.662279783962e-04, 8.3195e-01, 4.8640e-03, 
 2DIAGNOSTIC,    26, -5.906025304324e-01, 2.276984665075e-04, 8.3613e-01, 4.1771e-03, 
 2DIAGNOSTIC,    27, -5.906211320574e-01, 8.394584288787e-05, 8.4030e-01, 4.1711e-03, 
 2DIAGNOSTIC,    28, -5.908796758314e-01, 1.198925031227e-05, 8.4456e-01, 4.2620e-03, 
 2DIAGNOSTIC,    29, -5.911411552395e-01, 1.217108543288e-05, 8.4925e-01, 4.6868e-03, 
 2DIAGNOSTIC,    30, -5.915241330962e-01, 2.456301684484e-05, 8.5559e-01, 6.3469e-03, 
 2DIAGNOSTIC,    31, -5.916229825992e-01, 3.758205306200e-05, 8.6004e-01, 4.4460e-03, 
 2DIAGNOSTIC,    32, -5.916651208817e-01, 4.532975449081e-05, 8.6433e-01, 4.2958e-03, 
 2DIAGNOSTIC,    33, -5.916874987632e-01, 4.885284294540e-05, 8.6854e-01, 4.2028e-03, 
 2DIAGNOSTIC,    34, -5.917053822200e-01, 4.682712858672e-05, 8.7335e-01, 4.8110e-03, 
 2DIAGNOSTIC,    35, -5.917390904868e-01, 4.153275817273e-05, 8.8525e-01, 1.1898e-02, 
 2DIAGNOSTIC,    36, -5.917390912695e-01, 3.272086429348e-05, 8.8980e-01, 4.5559e-03, 
 2DIAGNOSTIC,    37, -5.917391070342e-01, 2.163060314789e-05, 8.9382e-01, 4.0169e-03, 
 2DIAGNOSTIC,    38, -5.917391330930e-01, 1.245673595314e-05, 8.9805e-01, 4.2329e-03, 
 2DIAGNOSTIC,    39, -5.917391754735e-01, 5.801896389847e-06, 9.0209e-01, 4.0419e-03, 
 2DIAGNOSTIC,    40, -5.917392424311e-01, 3.643428652281e-06, 9.0613e-01, 4.0362e-03, 
 2DIAGNOSTIC,    41, -5.917393428829e-01, 2.487109299142e-06, 9.1016e-01, 4.0269e-03, 
 2DIAGNOSTIC,    42, -5.917394845334e-01, 1.715730317792e-06, 9.1422e-01, 4.0610e-03, 
 2DIAGNOSTIC,    43, -5.917396625587e-01, 1.144189314971e-06, 9.1826e-01, 4.0450e-03, 
DIAGNOSTIC,Iteration,metricValue,convergenceValue,ITERATION_TIME_INDEX,SINCE_LAST
 2DIAGNOSTIC,     1, -4.784004501423e-01, 1.797693134862e+308, 1.6289e+00, 7.1067e-01, 
 2DIAGNOSTIC,     2, -4.783999131492e-01, 1.797693134862e+308, 1.6557e+00, 2.6788e-02, 
 2DIAGNOSTIC,     3, -4.784190365429e-01, 1.797693134862e+308, 1.6855e+00, 2.9737e-02, 
 2DIAGNOSTIC,     4, -4.785028756515e-01, 1.797693134862e+308, 1.7132e+00, 2.7716e-02, 
 2DIAGNOSTIC,     5, -4.786647485435e-01, 1.797693134862e+308, 1.7400e+00, 2.6866e-02, 
 2DIAGNOSTIC,     6, -4.788099932964e-01, 1.797693134862e+308, 1.7663e+00, 2.6235e-02, 
 2DIAGNOSTIC,     7, -4.794645847222e-01, 1.797693134862e+308, 1.7934e+00, 2.7105e-02, 
 2DIAGNOSTIC,     8, -4.813619171754e-01, 1.797693134862e+308, 1.8316e+00, 3.8260e-02, 
 2DIAGNOSTIC,     9, -4.817935635329e-01, 1.797693134862e+308, 1.8614e+00, 2.9737e-02, 
 2DIAGNOSTIC,    10, -4.822647496889e-01, 5.583367504091e-04, 1.8889e+00, 2.7549e-02, 
 2DIAGNOSTIC,    11, -4.831344909908e-01, 6.366384574167e-04, 1.9197e+00, 3.0774e-02, 
 2DIAGNOSTIC,    12, -4.835768992590e-01, 6.653898034867e-04, 1.9658e+00, 4.6119e-02, 
 2DIAGNOSTIC,    13, -4.835677565326e-01, 6.290342969117e-04, 2.0003e+00, 3.4458e-02, 
 2DIAGNOSTIC,    14, -4.835733047843e-01, 5.452729208053e-04, 2.0383e+00, 3.8013e-02, 
 2DIAGNOSTIC,    15, -4.835701547254e-01, 4.305772096242e-04, 2.0744e+00, 3.6090e-02, 
 2DIAGNOSTIC,    16, -4.835566913009e-01, 2.956272804382e-04, 2.1143e+00, 3.9924e-02, 
 2DIAGNOSTIC,    17, -4.835523104090e-01, 1.703980275474e-04, 2.1495e+00, 3.5223e-02, 
 2DIAGNOSTIC,    18, -4.835483887835e-01, 1.058854946250e-04, 2.1832e+00, 3.3656e-02, 
 2DIAGNOSTIC,    19, -4.835469915473e-01, 5.203914177550e-05, 2.2140e+00, 3.0812e-02, 
 2DIAGNOSTIC,    20, -4.835401827380e-01, 1.204163304374e-05, 2.2482e+00, 3.4181e-02, 
DIAGNOSTIC,Iteration,metricValue,convergenceValue,ITERATION_TIME_INDEX,SINCE_LAST
 2DIAGNOSTIC,     1, -4.161561167870e-01, 1.797693134862e+308, 3.3221e+00, 1.0739e+00, 
 2DIAGNOSTIC,     2, -4.161756893438e-01, 1.797693134862e+308, 3.6189e+00, 2.9682e-01, 
 2DIAGNOSTIC,     3, -4.161696114508e-01, 1.797693134862e+308, 3.8746e+00, 2.5574e-01, 
 2DIAGNOSTIC,     4, -4.161681503552e-01, 1.797693134862e+308, 4.2572e+00, 3.8255e-01, 
 2DIAGNOSTIC,     5, -4.161678896602e-01, 1.797693134862e+308, 4.5179e+00, 2.6071e-01, 
 2DIAGNOSTIC,     6, -4.161669123584e-01, 1.797693134862e+308, 4.7693e+00, 2.5148e-01, 
 2DIAGNOSTIC,     7, -4.161667485643e-01, 1.797693134862e+308, 5.0509e+00, 2.8152e-01, 
 2DIAGNOSTIC,     8, -4.161656816015e-01, 1.797693134862e+308, 5.2711e+00, 2.2025e-01, 
 2DIAGNOSTIC,     9, -4.161650043538e-01, 1.797693134862e+308, 5.5193e+00, 2.4819e-01, 
 2DIAGNOSTIC,    10, -4.161655463814e-01, 2.943366620822e-06, 5.8039e+00, 2.8463e-01, 
 2DIAGNOSTIC,    11, -4.161636420994e-01, 1.720591496335e-06, 6.0545e+00, 2.5061e-01, 
 2DIAGNOSTIC,    12, -4.161624970809e-01, 1.867462473534e-06, 6.3210e+00, 2.6650e-01, 
 2DIAGNOSTIC,    13, -4.161615819744e-01, 1.698398060412e-06, 6.5763e+00, 2.5520e-01, 
 2DIAGNOSTIC,    14, -4.161624603295e-01, 1.592444846599e-06, 6.8324e+00, 2.5611e-01, 
 2DIAGNOSTIC,    15, -4.161620529814e-01, 1.530180436610e-06, 7.0896e+00, 2.5719e-01, 
 2DIAGNOSTIC,    16, -4.161603835106e-01, 1.417836918149e-06, 7.3131e+00, 2.2357e-01, 
 2DIAGNOSTIC,    17, -4.161625251481e-01, 1.455414118702e-06, 7.5690e+00, 2.5584e-01, 
 2DIAGNOSTIC,    18, -4.161617349625e-01, 1.453854862332e-06, 7.7947e+00, 2.2572e-01, 
 2DIAGNOSTIC,    19, -4.161656140594e-01, 1.594928503192e-06, 8.0401e+00, 2.4536e-01, 
 2DIAGNOSTIC,    20, -4.161678254530e-01, 1.821576326659e-06, 8.3736e+00, 3.3351e-01, 
 2DIAGNOSTIC,    21, -4.161672172260e-01, 1.924327024873e-06, 8.6160e+00, 2.4242e-01, 
 2DIAGNOSTIC,    22, -4.161665846124e-01, 1.927748310697e-06, 8.8392e+00, 2.2323e-01, 
 2DIAGNOSTIC,    23, -4.161660793966e-01, 1.843028034958e-06, 9.0865e+00, 2.4729e-01, 
 2DIAGNOSTIC,    24, -4.161655365533e-01, 1.730448867560e-06, 9.3010e+00, 2.1446e-01, 
 2DIAGNOSTIC,    25, -4.161651834947e-01, 1.568353733307e-06, 9.5372e+00, 2.3622e-01, 
 2DIAGNOSTIC,    26, -4.161660037665e-01, 1.368374529603e-06, 9.7809e+00, 2.4371e-01, 
 2DIAGNOSTIC,    27, -4.161651045496e-01, 1.203105050765e-06, 1.0013e+01, 2.3197e-01, 
 2DIAGNOSTIC,    28, -4.161679884898e-01, 1.097088640822e-06, 1.0230e+01, 2.1672e-01, 
 2DIAGNOSTIC,    29, -4.161710849647e-01, 1.162831217261e-06, 1.0483e+01, 2.5321e-01, 
 2DIAGNOSTIC,    30, -4.161703640305e-01, 1.250475691543e-06, 1.0738e+01, 2.5570e-01, 
 2DIAGNOSTIC,    31, -4.161708142911e-01, 1.313167808333e-06, 1.1004e+01, 2.6528e-01, 
 2DIAGNOSTIC,    32, -4.161710089264e-01, 1.336085266465e-06, 1.1243e+01, 2.3916e-01, 
 2DIAGNOSTIC,    33, -4.161749613448e-01, 1.395595230873e-06, 1.1494e+01, 2.5067e-01, 
 2DIAGNOSTIC,    34, -4.161777487505e-01, 1.452526298393e-06, 1.1714e+01, 2.2054e-01, 
 2DIAGNOSTIC,    35, -4.161792220177e-01, 1.478601718258e-06, 1.1967e+01, 2.5291e-01, 
 2DIAGNOSTIC,    36, -4.161806859648e-01, 1.495439427068e-06, 1.2222e+01, 2.5527e-01, 
 2DIAGNOSTIC,    37, -4.161791778425e-01, 1.407680680330e-06, 1.2443e+01, 2.2099e-01, 
 2DIAGNOSTIC,    38, -4.161838486866e-01, 1.406626888464e-06, 1.2728e+01, 2.8476e-01, 
 2DIAGNOSTIC,    39, -4.161849953099e-01, 1.422742193787e-06, 1.3018e+01, 2.9009e-01, 
 2DIAGNOSTIC,    40, -4.161860914890e-01, 1.386764652538e-06, 1.3362e+01, 3.4343e-01, 
 2DIAGNOSTIC,    41, -4.161854987576e-01, 1.295749593344e-06, 1.3613e+01, 2.5099e-01, 
 2DIAGNOSTIC,    42, -4.161840259988e-01, 1.138573354539e-06, 1.3829e+01, 2.1644e-01, 
 2DIAGNOSTIC,    43, -4.161834049860e-01, 1.004201841997e-06, 1.4043e+01, 2.1406e-01, 
DIAGNOSTIC,Iteration,metricValue,convergenceValue,ITERATION_TIME_INDEX,SINCE_LAST
 2DIAGNOSTIC,     1, -3.834265912348e-01, 1.797693134862e+308, 1.6551e+01, 2.5083e+00, 
 2DIAGNOSTIC,     2, -3.834925053364e-01, 1.797693134862e+308, 1.8052e+01, 1.5003e+00, 
 2DIAGNOSTIC,     3, -3.834978116487e-01, 1.797693134862e+308, 1.9623e+01, 1.5714e+00, 
 2DIAGNOSTIC,     4, -3.835004127734e-01, 1.797693134862e+308, 2.1303e+01, 1.6803e+00, 
 2DIAGNOSTIC,     5, -3.835019582513e-01, 1.797693134862e+308, 2.3196e+01, 1.8926e+00, 
 2DIAGNOSTIC,     6, -3.835049957419e-01, 1.797693134862e+308, 2.5138e+01, 1.9425e+00, 
 2DIAGNOSTIC,     7, -3.835058343721e-01, 1.797693134862e+308, 2.7090e+01, 1.9512e+00, 
 2DIAGNOSTIC,     8, -3.835066498254e-01, 1.797693134862e+308, 2.9233e+01, 2.1429e+00, 
 2DIAGNOSTIC,     9, -3.835062955321e-01, 1.797693134862e+308, 3.1203e+01, 1.9699e+00, 
 2DIAGNOSTIC,    10, -3.835063108996e-01, 1.066660728434e-05, 3.3125e+01, 1.9225e+00, 
 2DIAGNOSTIC,    11, -3.835061571790e-01, 4.747040573475e-06, 3.5366e+01, 2.2409e+00, 
 2DIAGNOSTIC,    12, -3.835060832648e-01, 3.706200550138e-06, 3.6742e+01, 1.3764e+00, 
 2DIAGNOSTIC,    13, -3.835060190720e-01, 3.027826049953e-06, 3.8351e+01, 1.6083e+00, 
 2DIAGNOSTIC,    14, -3.835058638477e-01, 2.523467038065e-06, 3.9889e+01, 1.5383e+00, 
 2DIAGNOSTIC,    15, -3.835058006963e-01, 2.133709254407e-06, 4.1495e+01, 1.6057e+00, 
 2DIAGNOSTIC,    16, -3.835056463970e-01, 1.924177719853e-06, 4.3455e+01, 1.9607e+00, 
 2DIAGNOSTIC,    17, -3.835054775128e-01, 1.773328557074e-06, 4.5054e+01, 1.5982e+00, 
 2DIAGNOSTIC,    18, -3.835053086121e-01, 1.675385376682e-06, 4.6550e+01, 1.4969e+00, 
 2DIAGNOSTIC,    19, -3.835051448143e-01, 1.576051817054e-06, 4.8027e+01, 1.4770e+00, 
 2DIAGNOSTIC,    20, -3.835051658765e-01, 1.497295073496e-06, 4.9474e+01, 1.4462e+00, 
 2DIAGNOSTIC,    21, -3.835053779574e-01, 1.436675313035e-06, 5.1083e+01, 1.6096e+00, 
 2DIAGNOSTIC,    22, -3.835055901413e-01, 1.393331720667e-06, 5.2696e+01, 1.6128e+00, 
 2DIAGNOSTIC,    23, -3.835055251005e-01, 1.354581542060e-06, 5.4370e+01, 1.6745e+00, 
 2DIAGNOSTIC,    24, -3.835054518284e-01, 1.314933130304e-06, 5.6072e+01, 1.7016e+00, 
 2DIAGNOSTIC,    25, -3.835053813424e-01, 1.275595340862e-06, 5.7636e+01, 1.5641e+00, 
 2DIAGNOSTIC,    26, -3.835053141618e-01, 1.232550094869e-06, 5.9352e+01, 1.7159e+00, 
 2DIAGNOSTIC,    27, -3.835053494676e-01, 1.188143193151e-06, 6.1085e+01, 1.7327e+00, 
 2DIAGNOSTIC,    28, -3.835054089355e-01, 1.143229098950e-06, 6.2950e+01, 1.8656e+00, 
 2DIAGNOSTIC,    29, -3.835055814680e-01, 1.101082728702e-06, 6.4529e+01, 1.5787e+00, 
 2DIAGNOSTIC,    30, -3.835053714643e-01, 1.056523026899e-06, 6.6788e+01, 2.2589e+00, 
 2DIAGNOSTIC,    31, -3.835053052290e-01, 1.018740040201e-06, 6.8437e+01, 1.6489e+00, 
  Elapsed time (stage 0): 6.9270e+01


Total elapsed time: 6.9273e+01
Info [verificarlo]: loaded backend libinterflop_ieee.so
Info [interflop-ieee]: load backend with:
Info [interflop-ieee]: debug = false
Info [interflop-ieee]: debug-binary = false
Info [interflop-ieee]: no-backend-name = false
Info [interflop-ieee]: print-new-line = false
Info [interflop-ieee]: print-subnormal-normalized = false
Info [interflop-ieee]: count-op = false
All_Command_lines_OK
Using double precision for computations.
=============================================================================
The composite transform comprises the following transforms (in order): 
  1. /home/mdugre/scratch/mri-registration-rp/datasets/ds004513/derivatives/mri-registration-rp/0001/antsRegistration-r7-p6/sub-s017/rigid_Composite.h5[0] (type = Euler3DTransform)
  2. /home/mdugre/scratch/mri-registration-rp/datasets/ds004513/derivatives/mri-registration-rp/0001/antsRegistration-r7-p6/sub-s017/rigid_Composite.h5[1] (type = Euler3DTransform)
  3. /home/mdugre/scratch/mri-registration-rp/datasets/ds004513/derivatives/mri-registration-rp/0001/antsRegistration-r7-p6/sub-s017/rigid_Composite.h5[2] (type = Euler3DTransform)
=============================================================================
  number of levels = 4
  fixed image: /templateflow/tpl-MNI152NLin2009cAsym/tpl-MNI152NLin2009cAsym_res-01_desc-brain_T1w.nii.gz
  moving image: /home/mdugre/scratch/mri-registration-rp/datasets/ds004513/derivatives/mri-registration-rp/antsBrainExtraction/sub-s017/BrainExtractionBrain.nii.gz
Dimension = 3
Number of stages = 1
Use histogram matching = false
Winsorize image intensities = true
  Lower quantile = 0.005
  Upper quantile = 0.995


Stage 1 State
   Image metric = MattesMI
     Fixed image = Image (0x4f1a530)
  RTTI typeinfo:   itk::Image<double, 3u>
  Reference Count: 2
  Modified Time: 1594
  Debug: Off
  Object Name: 
  Observers: 
    none
  Source: (none)
  Source output name: (none)
  Release Data: Off
  Data Released: False
  Global Release Data: Off
  PipelineMTime: 0
  UpdateMTime: 1203
  RealTimeStamp: 0 seconds 
  LargestPossibleRegion: 
    Dimension: 3
    Index: [0, 0, 0]
    Size: [193, 229, 193]
  BufferedRegion: 
    Dimension: 3
    Index: [0, 0, 0]
    Size: [193, 229, 193]
  RequestedRegion: 
    Dimension: 3
    Index: [0, 0, 0]
    Size: [193, 229, 193]
  Spacing: [1, 1, 1]
  Origin: [96, 132, -78]
  Direction: 
-1 0 0
0 -1 0
0 0 1

  IndexToPointMatrix: 
-1 0 0
0 -1 0
0 0 1

  PointToIndexMatrix: 
-1 0 0
0 -1 0
0 0 1

  Inverse Direction: 
-1 0 0
0 -1 0
0 0 1

  PixelContainer: 
    ImportImageContainer (0x4fd32a0)
      RTTI typeinfo:   itk::ImportImageContainer<unsigned long, double>
      Reference Count: 1
      Modified Time: 1200
      Debug: Off
      Object Name: 
      Observers: 
        none
      Pointer: 0x14c2b58a1010
      Container manages memory: true
      Size: 8530021
      Capacity: 8530021

     Moving image = Image (0x4fd5e60)
  RTTI typeinfo:   itk::Image<double, 3u>
  Reference Count: 2
  Modified Time: 1595
  Debug: Off
  Object Name: 
  Observers: 
    none
  Source: (none)
  Source output name: (none)
  Release Data: Off
  Data Released: False
  Global Release Data: Off
  PipelineMTime: 0
  UpdateMTime: 1592
  RealTimeStamp: 0 seconds 
  LargestPossibleRegion: 
    Dimension: 3
    Index: [0, 0, 0]
    Size: [160, 240, 256]
  BufferedRegion: 
    Dimension: 3
    Index: [0, 0, 0]
    Size: [160, 240, 256]
  RequestedRegion: 
    Dimension: 3
    Index: [0, 0, 0]
    Size: [160, 240, 256]
  Spacing: [1, 1, 1]
  Origin: [91.3357, 102.231, -120.042]
  Direction: 
-0.997442 -5.36781e-05 -0.0714818
5.35416e-05 -1 3.82465e-06
-0.0714818 -1.23894e-08 0.997442

  IndexToPointMatrix: 
-0.997444 -5.36781e-05 -0.0714818
5.35418e-05 -1 3.82465e-06
-0.0714819 -1.23894e-08 0.997442

  PointToIndexMatrix: 
-0.99744 5.35415e-05 -0.0714816
-5.36781e-05 -1 -1.23894e-08
-0.0714818 3.82465e-06 0.997442

  Inverse Direction: 
-0.997442 5.35416e-05 -0.0714818
-5.36781e-05 -1 -1.23894e-08
-0.0714818 3.82465e-06 0.997442

  PixelContainer: 
    ImportImageContainer (0x5009390)
      RTTI typeinfo:   itk::ImportImageContainer<unsigned long, double>
      Reference Count: 1
      Modified Time: 1589
      Debug: Off
      Object Name: 
      Observers: 
        none
      Pointer: 0x14c2b0da0010
      Container manages memory: true
      Size: 9830400
      Capacity: 9830400

     Weighting = 1
     Sampling strategy = regular
     Number of bins = 32
     Radius = 4
     Sampling percentage  = 0.25
   Transform = Affine
     Gradient step = 0.1
     Update field sigma (voxel space) = 0
     Total field sigma (voxel space) = 0
     Update field time sigma = 0
     Total field time sigma  = 0
     Number of time indices = 0
     Number of time point samples = 0
Registration using 1 total stages.

Stage 0
  iterations = 1000x500x250x100
  convergence threshold = 1e-06
  convergence window size = 10
  number of levels = 4
  using the Mattes MI metric (number of bins = 32, weight = 1, use gradient filter = 0)
  preprocessing:  winsorizing the image intensities
  Shrink factors (level 1 out of 4): [8, 8, 8]
  Shrink factors (level 2 out of 4): [4, 4, 4]
  Shrink factors (level 3 out of 4): [2, 2, 2]
  Shrink factors (level 4 out of 4): [1, 1, 1]
  smoothing sigmas per level: [3, 2, 1, 0]
  regular sampling (percentage = 0.25)

*** Running AffineTransform registration ***

DIAGNOSTIC,Iteration,metricValue,convergenceValue,ITERATION_TIME_INDEX,SINCE_LAST
 2DIAGNOSTIC,     1, -5.806290998415e-01, 1.797693134862e+308, 8.6937e-01, 8.6937e-01, 
 2DIAGNOSTIC,     2, -5.832407507914e-01, 1.797693134862e+308, 8.7481e-01, 5.4400e-03, 
 2DIAGNOSTIC,     3, -5.883921006197e-01, 1.797693134862e+308, 8.7994e-01, 5.1200e-03, 
 2DIAGNOSTIC,     4, -5.973582020956e-01, 1.797693134862e+308, 8.8533e-01, 5.3921e-03, 
 2DIAGNOSTIC,     5, -6.166279651453e-01, 1.797693134862e+308, 8.9101e-01, 5.6801e-03, 
 2DIAGNOSTIC,     6, -6.406440244517e-01, 1.797693134862e+308, 8.9668e-01, 5.6679e-03, 
 2DIAGNOSTIC,     7, -7.009864255731e-01, 1.797693134862e+308, 9.0265e-01, 5.9721e-03, 
 2DIAGNOSTIC,     8, -7.630482513555e-01, 1.797693134862e+308, 9.0804e-01, 5.3880e-03, 
 2DIAGNOSTIC,     9, -8.423469021862e-01, 1.797693134862e+308, 9.1739e-01, 9.3532e-03, 
 2DIAGNOSTIC,    10, -8.569694551317e-01, 2.845116130248e-02, 9.2310e-01, 5.7101e-03, 
 2DIAGNOSTIC,    11, -8.701917123074e-01, 2.871708895466e-02, 9.3028e-01, 7.1840e-03, 
 2DIAGNOSTIC,    12, -8.814645613953e-01, 2.683607374020e-02, 9.4002e-01, 9.7330e-03, 
 2DIAGNOSTIC,    13, -8.822368116977e-01, 2.307206284281e-02, 9.4599e-01, 5.9750e-03, 
 2DIAGNOSTIC,    14, -8.834458719710e-01, 1.815384141294e-02, 9.5202e-01, 6.0339e-03, 
 2DIAGNOSTIC,    15, -8.851322802419e-01, 1.292532926986e-02, 9.5816e-01, 6.1362e-03, 
 2DIAGNOSTIC,    16, -8.870480809816e-01, 7.902435077581e-03, 9.6382e-01, 5.6620e-03, 
 2DIAGNOSTIC,    17, -8.886777819926e-01, 4.189413183245e-03, 9.7073e-01, 6.9101e-03, 
 2DIAGNOSTIC,    18, -8.889448810728e-01, 1.810422432513e-03, 9.7766e-01, 6.9280e-03, 
 2DIAGNOSTIC,    19, -8.890594323640e-01, 1.083853135273e-03, 9.8433e-01, 6.6669e-03, 
 2DIAGNOSTIC,    20, -8.887882561956e-01, 5.969783269132e-04, 9.9057e-01, 6.2420e-03, 
 2DIAGNOSTIC,    21, -8.886098615913e-01, 3.264824909696e-04, 9.9802e-01, 7.4480e-03, 
 2DIAGNOSTIC,    22, -8.885249832712e-01, 2.361096520622e-04, 1.0046e+00, 6.5939e-03, 
 2DIAGNOSTIC,    23, -8.882875303032e-01, 1.410432908994e-04, 1.0112e+00, 6.6011e-03, 
 2DIAGNOSTIC,    24, -8.882052345385e-01, 5.851496536789e-05, 1.0171e+00, 5.9099e-03, 
DIAGNOSTIC,Iteration,metricValue,convergenceValue,ITERATION_TIME_INDEX,SINCE_LAST
 2DIAGNOSTIC,     1, -7.469015879710e-01, 1.797693134862e+308, 1.9595e+00, 9.4242e-01, 
 2DIAGNOSTIC,     2, -7.476337610461e-01, 1.797693134862e+308, 2.0063e+00, 4.6742e-02, 
 2DIAGNOSTIC,     3, -7.481984149320e-01, 1.797693134862e+308, 2.0515e+00, 4.5268e-02, 
 2DIAGNOSTIC,     4, -7.485348956992e-01, 1.797693134862e+308, 2.0974e+00, 4.5803e-02, 
 2DIAGNOSTIC,     5, -7.488723349308e-01, 1.797693134862e+308, 2.1420e+00, 4.4602e-02, 
 2DIAGNOSTIC,     6, -7.493028718372e-01, 1.797693134862e+308, 2.1975e+00, 5.5570e-02, 
 2DIAGNOSTIC,     7, -7.498240981586e-01, 1.797693134862e+308, 2.2522e+00, 5.4631e-02, 
 2DIAGNOSTIC,     8, -7.499189037949e-01, 1.797693134862e+308, 2.2993e+00, 4.7140e-02, 
 2DIAGNOSTIC,     9, -7.503981904074e-01, 1.797693134862e+308, 2.3572e+00, 5.7887e-02, 
 2DIAGNOSTIC,    10, -7.505578656726e-01, 3.049238824758e-04, 2.4014e+00, 4.4267e-02, 
 2DIAGNOSTIC,    11, -7.505227890110e-01, 2.385634264232e-04, 2.4581e+00, 5.6664e-02, 
 2DIAGNOSTIC,    12, -7.505011734263e-01, 1.844045618350e-04, 2.5057e+00, 4.7577e-02, 
 2DIAGNOSTIC,    13, -7.505088021150e-01, 1.388455002023e-04, 2.5576e+00, 5.1899e-02, 
 2DIAGNOSTIC,    14, -7.504878836940e-01, 9.580050903212e-05, 2.5998e+00, 4.2181e-02, 
 2DIAGNOSTIC,    15, -7.504848086763e-01, 5.820152882056e-05, 2.6454e+00, 4.5616e-02, 
 2DIAGNOSTIC,    16, -7.504811132292e-01, 3.014018328690e-05, 2.6827e+00, 3.7308e-02, 
 2DIAGNOSTIC,    17, -7.505241476775e-01, 1.550749279025e-05, 2.7284e+00, 4.5751e-02, 
 2DIAGNOSTIC,    18, -7.505179085461e-01, 2.820146390400e-06, 2.7710e+00, 4.2561e-02, 
DIAGNOSTIC,Iteration,metricValue,convergenceValue,ITERATION_TIME_INDEX,SINCE_LAST
 2DIAGNOSTIC,     1, -6.294203912751e-01, 1.797693134862e+308, 3.9035e+00, 1.1325e+00, 
 2DIAGNOSTIC,     2, -6.299360831181e-01, 1.797693134862e+308, 4.1785e+00, 2.7505e-01, 
 2DIAGNOSTIC,     3, -6.304673519142e-01, 1.797693134862e+308, 4.4651e+00, 2.8656e-01, 
 2DIAGNOSTIC,     4, -6.311514353184e-01, 1.797693134862e+308, 4.7385e+00, 2.7344e-01, 
 2DIAGNOSTIC,     5, -6.319702681993e-01, 1.797693134862e+308, 5.0068e+00, 2.6826e-01, 
 2DIAGNOSTIC,     6, -6.327349058013e-01, 1.797693134862e+308, 5.5144e+00, 5.0756e-01, 
 2DIAGNOSTIC,     7, -6.327262345597e-01, 1.797693134862e+308, 5.8958e+00, 3.8149e-01, 
 2DIAGNOSTIC,     8, -6.327233168898e-01, 1.797693134862e+308, 6.2169e+00, 3.2105e-01, 
 2DIAGNOSTIC,     9, -6.327209142199e-01, 1.797693134862e+308, 6.6049e+00, 3.8799e-01, 
 2DIAGNOSTIC,    10, -6.327171668780e-01, 3.710164724476e-04, 6.9096e+00, 3.0476e-01, 
 2DIAGNOSTIC,    11, -6.327147598945e-01, 2.563048516361e-04, 7.2158e+00, 3.0621e-01, 
 2DIAGNOSTIC,    12, -6.327139076367e-01, 1.574547231195e-04, 7.4929e+00, 2.7703e-01, 
 2DIAGNOSTIC,    13, -6.327092409606e-01, 7.817078973170e-05, 7.8029e+00, 3.1001e-01, 
 2DIAGNOSTIC,    14, -6.327084294943e-01, 2.484079933235e-05, 8.1158e+00, 3.1296e-01, 
DIAGNOSTIC,Iteration,metricValue,convergenceValue,ITERATION_TIME_INDEX,SINCE_LAST
 2DIAGNOSTIC,     1, -5.635833751764e-01, 1.797693134862e+308, 1.0970e+01, 2.8540e+00, 
 2DIAGNOSTIC,     2, -5.640382245489e-01, 1.797693134862e+308, 1.2685e+01, 1.7154e+00, 
 2DIAGNOSTIC,     3, -5.644828392344e-01, 1.797693134862e+308, 1.4394e+01, 1.7085e+00, 
 2DIAGNOSTIC,     4, -5.656655296145e-01, 1.797693134862e+308, 1.9464e+01, 5.0707e+00, 
 2DIAGNOSTIC,     5, -5.656655750660e-01, 1.797693134862e+308, 2.1465e+01, 2.0010e+00, 
 2DIAGNOSTIC,     6, -5.656654726243e-01, 1.797693134862e+308, 2.3356e+01, 1.8903e+00, 
 2DIAGNOSTIC,     7, -5.656653700352e-01, 1.797693134862e+308, 2.5295e+01, 1.9394e+00, 
 2DIAGNOSTIC,     8, -5.656652673412e-01, 1.797693134862e+308, 2.7090e+01, 1.7946e+00, 
 2DIAGNOSTIC,     9, -5.656651957609e-01, 1.797693134862e+308, 2.9033e+01, 1.9438e+00, 
 2DIAGNOSTIC,    10, -5.656650972738e-01, 2.210887845679e-04, 3.0758e+01, 1.7249e+00, 
 2DIAGNOSTIC,    11, -5.656650323792e-01, 1.244475766065e-04, 3.2648e+01, 1.8892e+00, 
 2DIAGNOSTIC,    12, -5.656649381757e-01, 5.214412291810e-05, 3.4417e+01, 1.7690e+00, 
 2DIAGNOSTIC,    13, -5.656648807875e-01, 2.384598294228e-06, 3.6362e+01, 1.9450e+00, 
 2DIAGNOSTIC,    14, -5.656649389625e-01, 2.216719497294e-06, 3.8290e+01, 1.9287e+00, 
 2DIAGNOSTIC,    15, -5.656647411408e-01, 2.071261666750e-06, 4.0412e+01, 2.1219e+00, 
 2DIAGNOSTIC,    16, -5.656645181572e-01, 1.938657955947e-06, 4.2952e+01, 2.5401e+00, 
 2DIAGNOSTIC,    17, -5.656643907919e-01, 1.819736057715e-06, 4.4907e+01, 1.9545e+00, 
 2DIAGNOSTIC,    18, -5.656641195151e-01, 1.708392153750e-06, 4.6907e+01, 2.0008e+00, 
 2DIAGNOSTIC,    19, -5.656640125899e-01, 1.609662502199e-06, 4.9235e+01, 2.3276e+00, 
 2DIAGNOSTIC,    20, -5.656638762637e-01, 1.521013669716e-06, 5.1246e+01, 2.0106e+00, 
 2DIAGNOSTIC,    21, -5.656637358849e-01, 1.442581207607e-06, 5.3180e+01, 1.9346e+00, 
 2DIAGNOSTIC,    22, -5.656635986489e-01, 1.372877087118e-06, 5.5415e+01, 2.2352e+00, 
 2DIAGNOSTIC,    23, -5.656634686630e-01, 1.311978834732e-06, 5.7438e+01, 2.0221e+00, 
 2DIAGNOSTIC,    24, -5.656633509890e-01, 1.261705173644e-06, 5.9395e+01, 1.9572e+00, 
 2DIAGNOSTIC,    25, -5.656633703626e-01, 1.217958943575e-06, 6.1307e+01, 1.9119e+00, 
 2DIAGNOSTIC,    26, -5.656631023054e-01, 1.173208315025e-06, 6.3105e+01, 1.7982e+00, 
 2DIAGNOSTIC,    27, -5.656631486617e-01, 1.135289602647e-06, 6.5040e+01, 1.9356e+00, 
 2DIAGNOSTIC,    28, -5.656631784345e-01, 1.099787705461e-06, 6.6966e+01, 1.9256e+00, 
 2DIAGNOSTIC,    29, -5.656630660300e-01, 1.066353672613e-06, 6.8703e+01, 1.7369e+00, 
 2DIAGNOSTIC,    30, -5.656628301890e-01, 1.031928557181e-06, 7.0644e+01, 1.9411e+00, 
  Elapsed time (stage 0): 7.1847e+01


Total elapsed time: 7.1849e+01
Info [verificarlo]: loaded backend libinterflop_vprec.so
Info [interflop-vprec]: load backend with: 
Info [interflop-vprec]: precision-binary32 = 6
Info [interflop-vprec]: range-binary32 = 7
Info [interflop-vprec]: precision-binary64 = 6
Info [interflop-vprec]: range-binary64 = 7
Info [interflop-vprec]: mode = ob
Info [interflop-vprec]: error-mode = rel
Info [interflop-vprec]: max-abs-error-exponent = -1022
Info [interflop-vprec]: daz = false
Info [interflop-vprec]: ftz = false
Info [interflop-vprec]: 	instrument = none
Info [interflop-vprec]: 	prec-input-file = (null)
Info [interflop-vprec]: 	prec-output-file = (null)
Info [interflop-vprec]: 	prec-log-file = (null)
All_Command_lines_OK
Using double precision for computations.
=============================================================================
The composite transform comprises the following transforms (in order): 
  1. /home/mdugre/scratch/mri-registration-rp/datasets/ds004513/derivatives/mri-registration-rp/0001/antsRegistration-r7-p6/sub-s017/affine_Composite.h5[0] (type = Euler3DTransform)
  2. /home/mdugre/scratch/mri-registration-rp/datasets/ds004513/derivatives/mri-registration-rp/0001/antsRegistration-r7-p6/sub-s017/affine_Composite.h5[1] (type = Euler3DTransform)
  3. /home/mdugre/scratch/mri-registration-rp/datasets/ds004513/derivatives/mri-registration-rp/0001/antsRegistration-r7-p6/sub-s017/affine_Composite.h5[2] (type = Euler3DTransform)
  4. /home/mdugre/scratch/mri-registration-rp/datasets/ds004513/derivatives/mri-registration-rp/0001/antsRegistration-r7-p6/sub-s017/affine_Composite.h5[3] (type = AffineTransform)
=============================================================================
  number of levels = 4
  fixed image: /templateflow/tpl-MNI152NLin2009cAsym/tpl-MNI152NLin2009cAsym_res-01_desc-brain_T1w.nii.gz
  moving image: /home/mdugre/scratch/mri-registration-rp/datasets/ds004513/derivatives/mri-registration-rp/antsBrainExtraction/sub-s017/BrainExtractionBrain.nii.gz
Dimension = 3
Number of stages = 1
Use histogram matching = false
Winsorize image intensities = true
  Lower quantile = 0.005
  Upper quantile = 0.995


Stage 1 State
   Image metric = CC
     Fixed image = Image (0x50ad6f0)
  RTTI typeinfo:   itk::Image<double, 3u>
  Reference Count: 2
  Modified Time: 1606
  Debug: Off
  Object Name: 
  Observers: 
    none
  Source: (none)
  Source output name: (none)
  Release Data: Off
  Data Released: False
  Global Release Data: Off
  PipelineMTime: 0
  UpdateMTime: 1217
  RealTimeStamp: 0 seconds 
  LargestPossibleRegion: 
    Dimension: 3
    Index: [0, 0, 0]
    Size: [193, 229, 193]
  BufferedRegion: 
    Dimension: 3
    Index: [0, 0, 0]
    Size: [193, 229, 193]
  RequestedRegion: 
    Dimension: 3
    Index: [0, 0, 0]
    Size: [193, 229, 193]
  Spacing: [1, 1, 1]
  Origin: [96, 132, -78]
  Direction: 
-1 0 0
0 -1 0
0 0 1

  IndexToPointMatrix: 
-1 0 0
0 -1 0
0 0 1

  PointToIndexMatrix: 
-1 0 0
0 -1 0
0 0 1

  Inverse Direction: 
-1 0 0
0 -1 0
0 0 1

  PixelContainer: 
    ImportImageContainer (0x517b8b0)
