
##########################
# Experiment information #
##########################

EXPERIMENT_NAME: antsRegistration-r7-p11
VFC_BACKENDS: libinterflop_vprec.so --range-binary32=7 --precision-binary32=11 --range-binary64=7 --precision-binary64=11

SIF_IMG: /home/mdugre/projects/rrg-glatard/mdugre/containers/ants-vprec-no_metrics.simg

SUBJECT_ID: s025
INPUT_IMG: /home/mdugre/scratch/mri-registration-rp/datasets/ds004513/derivatives/mri-registration-rp/antsBrainExtraction/sub-s025/BrainExtractionBrain.nii.gz
OUTPUT_DIR: /home/mdugre/scratch/mri-registration-rp/datasets/ds004513/derivatives/mri-registration-rp/0001/antsRegistration-r7-p11/sub-s025

FIXED_IMG: /templateflow/tpl-MNI152NLin2009cAsym/tpl-MNI152NLin2009cAsym_res-01_desc-brain_T1w.nii.gz
DATA_DIR: /home/mdugre/scratch/mri-registration-rp/datasets/ds004513
TEMPLATEFLOW_DIR: /home/mdugre/projects/rrg-glatard/mdugre/templateflow
ITK_GLOBAL_DEFAULT_NUMBER_OF_THREADS: 16
##########################

Info [verificarlo]: loaded backend libinterflop_ieee.so
Info [interflop-ieee]: load backend with:
Info [interflop-ieee]: debug = false
Info [interflop-ieee]: debug-binary = false
Info [interflop-ieee]: no-backend-name = false
Info [interflop-ieee]: print-new-line = false
Info [interflop-ieee]: print-subnormal-normalized = false
Info [interflop-ieee]: count-op = false
All_Command_lines_OK
Using double precision for computations.
=============================================================================
The composite transform comprises the following transforms (in order): 
  1. Center of mass alignment using fixed image: /templateflow/tpl-MNI152NLin2009cAsym/tpl-MNI152NLin2009cAsym_res-01_desc-brain_T1w.nii.gz and moving image: /home/mdugre/scratch/mri-registration-rp/datasets/ds004513/derivatives/mri-registration-rp/antsBrainExtraction/sub-s025/BrainExtractionBrain.nii.gz (type = Euler3DTransform)
=============================================================================
  number of levels = 1
  fixed image: /templateflow/tpl-MNI152NLin2009cAsym/tpl-MNI152NLin2009cAsym_res-01_desc-brain_T1w.nii.gz
  moving image: /home/mdugre/scratch/mri-registration-rp/datasets/ds004513/derivatives/mri-registration-rp/antsBrainExtraction/sub-s025/BrainExtractionBrain.nii.gz
Dimension = 3
Number of stages = 1
Use histogram matching = false
Winsorize image intensities = true
  Lower quantile = 0.005
  Upper quantile = 0.995


Stage 1 State
   Image metric = MattesMI
     Fixed image = Image (0x3b10e70)
  RTTI typeinfo:   itk::Image<double, 3u>
  Reference Count: 2
  Modified Time: 2334
  Debug: Off
  Object Name: 
  Observers: 
    none
  Source: (none)
  Source output name: (none)
  Release Data: Off
  Data Released: False
  Global Release Data: Off
  PipelineMTime: 0
  UpdateMTime: 1943
  RealTimeStamp: 0 seconds 
  LargestPossibleRegion: 
    Dimension: 3
    Index: [0, 0, 0]
    Size: [193, 229, 193]
  BufferedRegion: 
    Dimension: 3
    Index: [0, 0, 0]
    Size: [193, 229, 193]
  RequestedRegion: 
    Dimension: 3
    Index: [0, 0, 0]
    Size: [193, 229, 193]
  Spacing: [1, 1, 1]
  Origin: [96, 132, -78]
  Direction: 
-1 0 0
0 -1 0
0 0 1

  IndexToPointMatrix: 
-1 0 0
0 -1 0
0 0 1

  PointToIndexMatrix: 
-1 0 0
0 -1 0
0 0 1

  Inverse Direction: 
-1 0 0
0 -1 0
0 0 1

  PixelContainer: 
    ImportImageContainer (0x3b19c60)
      RTTI typeinfo:   itk::ImportImageContainer<unsigned long, double>
      Reference Count: 1
      Modified Time: 1940
      Debug: Off
      Object Name: 
      Observers: 
        none
      Pointer: 0x155386736010
      Container manages memory: true
      Size: 8530021
      Capacity: 8530021

     Moving image = Image (0x3b1c610)
  RTTI typeinfo:   itk::Image<double, 3u>
  Reference Count: 2
  Modified Time: 2335
  Debug: Off
  Object Name: 
  Observers: 
    none
  Source: (none)
  Source output name: (none)
  Release Data: Off
  Data Released: False
  Global Release Data: Off
  PipelineMTime: 0
  UpdateMTime: 2332
  RealTimeStamp: 0 seconds 
  LargestPossibleRegion: 
    Dimension: 3
    Index: [0, 0, 0]
    Size: [176, 240, 256]
  BufferedRegion: 
    Dimension: 3
    Index: [0, 0, 0]
    Size: [176, 240, 256]
  RequestedRegion: 
    Dimension: 3
    Index: [0, 0, 0]
    Size: [176, 240, 256]
  Spacing: [0.999999, 1, 1]
  Origin: [90.3778, 84.5091, -154.071]
  Direction: 
-0.999391 7.48184e-06 -0.0348969
-7.47664e-06 -1 -2.7953e-07
-0.0348969 -1.84481e-08 0.999391

  IndexToPointMatrix: 
-0.99939 7.48184e-06 -0.0348969
-7.47663e-06 -1 -2.7953e-07
-0.0348968 -1.84481e-08 0.999391

  PointToIndexMatrix: 
-0.999392 -7.47665e-06 -0.0348969
7.48184e-06 -1 -1.84481e-08
-0.0348969 -2.7953e-07 0.999391

  Inverse Direction: 
-0.999391 -7.47664e-06 -0.0348969
7.48184e-06 -1 -1.84481e-08
-0.0348969 -2.7953e-07 0.999391

  PixelContainer: 
    ImportImageContainer (0x3bb5ef0)
      RTTI typeinfo:   itk::ImportImageContainer<unsigned long, double>
      Reference Count: 1
      Modified Time: 2329
      Debug: Off
      Object Name: 
      Observers: 
        none
      Pointer: 0x1553814b5010
      Container manages memory: true
      Size: 10813440
      Capacity: 10813440

     Weighting = 1
     Sampling strategy = regular
     Number of bins = 32
     Radius = 4
     Sampling percentage  = 0.25
   Transform = Rigid
     Gradient step = 0.1
     Update field sigma (voxel space) = 0
     Total field sigma (voxel space) = 0
     Update field time sigma = 0
     Total field time sigma  = 0
     Number of time indices = 0
     Number of time point samples = 0
Registration using 1 total stages.

Stage 0
  iterations = 0
  convergence threshold = 1e-06
  convergence window size = 10
  number of levels = 1
  using the Mattes MI metric (number of bins = 32, weight = 1, use gradient filter = 0)
  preprocessing:  winsorizing the image intensities
  Shrink factors (level 1 out of 1): [1, 1, 1]
  smoothing sigmas per level: [0]
  regular sampling (percentage = 0.25)

*** Running Euler3DTransform registration ***

  Elapsed time (stage 0): 1.14015


Total elapsed time: 1.14255
Info [verificarlo]: loaded backend libinterflop_ieee.so
Info [interflop-ieee]: load backend with:
Info [interflop-ieee]: debug = false
Info [interflop-ieee]: debug-binary = false
Info [interflop-ieee]: no-backend-name = false
Info [interflop-ieee]: print-new-line = false
Info [interflop-ieee]: print-subnormal-normalized = false
Info [interflop-ieee]: count-op = false
All_Command_lines_OK
Using double precision for computations.
=============================================================================
The composite transform comprises the following transforms (in order): 
  1. /home/mdugre/scratch/mri-registration-rp/datasets/ds004513/derivatives/mri-registration-rp/0001/antsRegistration-r7-p11/sub-s025/align_Composite.h5[0] (type = Euler3DTransform)
  2. /home/mdugre/scratch/mri-registration-rp/datasets/ds004513/derivatives/mri-registration-rp/0001/antsRegistration-r7-p11/sub-s025/align_Composite.h5[1] (type = Euler3DTransform)
=============================================================================
  number of levels = 4
  fixed image: /templateflow/tpl-MNI152NLin2009cAsym/tpl-MNI152NLin2009cAsym_res-01_desc-brain_T1w.nii.gz
  moving image: /home/mdugre/scratch/mri-registration-rp/datasets/ds004513/derivatives/mri-registration-rp/antsBrainExtraction/sub-s025/BrainExtractionBrain.nii.gz
Dimension = 3
Number of stages = 1
Use histogram matching = false
Winsorize image intensities = true
  Lower quantile = 0.005
  Upper quantile = 0.995


Stage 1 State
   Image metric = MattesMI
     Fixed image = Image (0x4e79530)
  RTTI typeinfo:   itk::Image<double, 3u>
  Reference Count: 2
  Modified Time: 1580
  Debug: Off
  Object Name: 
  Observers: 
    none
  Source: (none)
  Source output name: (none)
  Release Data: Off
  Data Released: False
  Global Release Data: Off
  PipelineMTime: 0
  UpdateMTime: 1189
  RealTimeStamp: 0 seconds 
  LargestPossibleRegion: 
    Dimension: 3
    Index: [0, 0, 0]
    Size: [193, 229, 193]
  BufferedRegion: 
    Dimension: 3
    Index: [0, 0, 0]
    Size: [193, 229, 193]
  RequestedRegion: 
    Dimension: 3
    Index: [0, 0, 0]
    Size: [193, 229, 193]
  Spacing: [1, 1, 1]
  Origin: [96, 132, -78]
  Direction: 
-1 0 0
0 -1 0
0 0 1

  IndexToPointMatrix: 
-1 0 0
0 -1 0
0 0 1

  PointToIndexMatrix: 
-1 0 0
0 -1 0
0 0 1

  Inverse Direction: 
-1 0 0
0 -1 0
0 0 1

  PixelContainer: 
    ImportImageContainer (0x4f37d60)
      RTTI typeinfo:   itk::ImportImageContainer<unsigned long, double>
      Reference Count: 1
      Modified Time: 1186
      Debug: Off
      Object Name: 
      Observers: 
        none
      Pointer: 0x148076f9a010
      Container manages memory: true
      Size: 8530021
      Capacity: 8530021

     Moving image = Image (0x4f29f60)
  RTTI typeinfo:   itk::Image<double, 3u>
  Reference Count: 2
  Modified Time: 1581
  Debug: Off
  Object Name: 
  Observers: 
    none
  Source: (none)
  Source output name: (none)
  Release Data: Off
  Data Released: False
  Global Release Data: Off
  PipelineMTime: 0
  UpdateMTime: 1578
  RealTimeStamp: 0 seconds 
  LargestPossibleRegion: 
    Dimension: 3
    Index: [0, 0, 0]
    Size: [176, 240, 256]
  BufferedRegion: 
    Dimension: 3
    Index: [0, 0, 0]
    Size: [176, 240, 256]
  RequestedRegion: 
    Dimension: 3
    Index: [0, 0, 0]
    Size: [176, 240, 256]
  Spacing: [0.999999, 1, 1]
  Origin: [90.3778, 84.5091, -154.071]
  Direction: 
-0.999391 7.48184e-06 -0.0348969
-7.47664e-06 -1 -2.7953e-07
-0.0348969 -1.84481e-08 0.999391

  IndexToPointMatrix: 
-0.99939 7.48184e-06 -0.0348969
-7.47663e-06 -1 -2.7953e-07
-0.0348968 -1.84481e-08 0.999391

  PointToIndexMatrix: 
-0.999392 -7.47665e-06 -0.0348969
7.48184e-06 -1 -1.84481e-08
-0.0348969 -2.7953e-07 0.999391

  Inverse Direction: 
-0.999391 -7.47664e-06 -0.0348969
7.48184e-06 -1 -1.84481e-08
-0.0348969 -2.7953e-07 0.999391

  PixelContainer: 
    ImportImageContainer (0x4f1b6d0)
      RTTI typeinfo:   itk::ImportImageContainer<unsigned long, double>
      Reference Count: 1
      Modified Time: 1575
      Debug: Off
      Object Name: 
      Observers: 
        none
      Pointer: 0x148071d19010
      Container manages memory: true
      Size: 10813440
      Capacity: 10813440

     Weighting = 1
     Sampling strategy = regular
     Number of bins = 32
     Radius = 4
     Sampling percentage  = 0.25
   Transform = Rigid
     Gradient step = 0.1
     Update field sigma (voxel space) = 0
     Total field sigma (voxel space) = 0
     Update field time sigma = 0
     Total field time sigma  = 0
     Number of time indices = 0
     Number of time point samples = 0
Registration using 1 total stages.

Stage 0
  iterations = 1000x500x250x100
  convergence threshold = 1e-06
  convergence window size = 10
  number of levels = 4
  using the Mattes MI metric (number of bins = 32, weight = 1, use gradient filter = 0)
  preprocessing:  winsorizing the image intensities
  Shrink factors (level 1 out of 4): [8, 8, 8]
  Shrink factors (level 2 out of 4): [4, 4, 4]
  Shrink factors (level 3 out of 4): [2, 2, 2]
  Shrink factors (level 4 out of 4): [1, 1, 1]
  smoothing sigmas per level: [3, 2, 1, 0]
  regular sampling (percentage = 0.25)

*** Running Euler3DTransform registration ***

DIAGNOSTIC,Iteration,metricValue,convergenceValue,ITERATION_TIME_INDEX,SINCE_LAST
 2DIAGNOSTIC,     1, -5.323241903179e-01, 1.797693134862e+308, 7.2262e-01, 7.2262e-01, 
 2DIAGNOSTIC,     2, -5.346190553927e-01, 1.797693134862e+308, 7.2720e-01, 4.5869e-03, 
 2DIAGNOSTIC,     3, -5.378036555361e-01, 1.797693134862e+308, 7.3216e-01, 4.9539e-03, 
 2DIAGNOSTIC,     4, -5.422949451405e-01, 1.797693134862e+308, 7.3648e-01, 4.3230e-03, 
 2DIAGNOSTIC,     5, -5.486805952477e-01, 1.797693134862e+308, 7.4055e-01, 4.0751e-03, 
 2DIAGNOSTIC,     6, -5.542790085272e-01, 1.797693134862e+308, 7.4638e-01, 5.8279e-03, 
 2DIAGNOSTIC,     7, -5.627123115611e-01, 1.797693134862e+308, 7.5122e-01, 4.8389e-03, 
 2DIAGNOSTIC,     8, -5.766609943856e-01, 1.797693134862e+308, 7.5531e-01, 4.0870e-03, 
 2DIAGNOSTIC,     9, -5.881111419397e-01, 1.797693134862e+308, 7.5993e-01, 4.6210e-03, 
 2DIAGNOSTIC,    10, -6.012927005665e-01, 7.820055967720e-03, 7.6568e-01, 5.7468e-03, 
 2DIAGNOSTIC,    11, -6.192402913590e-01, 8.564422673934e-03, 7.7396e-01, 8.2860e-03, 
 2DIAGNOSTIC,    12, -6.197111897443e-01, 8.513711436503e-03, 7.7851e-01, 4.5509e-03, 
 2DIAGNOSTIC,    13, -6.223136777510e-01, 7.932305190648e-03, 7.8277e-01, 4.2589e-03, 
 2DIAGNOSTIC,    14, -6.239859078532e-01, 6.938967258809e-03, 7.8730e-01, 4.5259e-03, 
 2DIAGNOSTIC,    15, -6.258731029036e-01, 5.722268374540e-03, 7.9180e-01, 4.5040e-03, 
 2DIAGNOSTIC,    16, -6.290042957044e-01, 4.404898010725e-03, 7.9606e-01, 4.2620e-03, 
 2DIAGNOSTIC,    17, -6.327399548177e-01, 3.192249458033e-03, 8.0146e-01, 5.3930e-03, 
 2DIAGNOSTIC,    18, -6.361770329221e-01, 2.298162514679e-03, 8.0683e-01, 5.3711e-03, 
 2DIAGNOSTIC,    19, -6.381920795180e-01, 1.629119691957e-03, 8.1209e-01, 5.2600e-03, 
 2DIAGNOSTIC,    20, -6.414786468595e-01, 1.264281191449e-03, 8.1654e-01, 4.4520e-03, 
 2DIAGNOSTIC,    21, -6.422621311526e-01, 1.244231354647e-03, 8.2084e-01, 4.2989e-03, 
 2DIAGNOSTIC,    22, -6.443386369705e-01, 1.164065699420e-03, 8.2513e-01, 4.2889e-03, 
 2DIAGNOSTIC,    23, -6.458367311035e-01, 1.066297095707e-03, 8.2961e-01, 4.4808e-03, 
 2DIAGNOSTIC,    24, -6.528535015438e-01, 1.047817942118e-03, 8.3470e-01, 5.0890e-03, 
 2DIAGNOSTIC,    25, -6.591704564762e-01, 1.083081262741e-03, 8.4081e-01, 6.1169e-03, 
 2DIAGNOSTIC,    26, -6.605963660425e-01, 1.093549174723e-03, 8.4570e-01, 4.8869e-03, 
 2DIAGNOSTIC,    27, -6.608439807171e-01, 1.070984914492e-03, 8.5010e-01, 4.3988e-03, 
 2DIAGNOSTIC,    28, -6.615671820546e-01, 1.019502611764e-03, 8.5444e-01, 4.3349e-03, 
 2DIAGNOSTIC,    29, -6.628794591359e-01, 9.260606988476e-04, 8.5882e-01, 4.3831e-03, 
 2DIAGNOSTIC,    30, -6.728295027243e-01, 9.537370379286e-04, 8.6474e-01, 5.9190e-03, 
 2DIAGNOSTIC,    31, -6.735478469709e-01, 9.084145063119e-04, 8.6902e-01, 4.2858e-03, 
 2DIAGNOSTIC,    32, -6.743491943289e-01, 8.254120643828e-04, 8.7334e-01, 4.3190e-03, 
 2DIAGNOSTIC,    33, -6.778518399109e-01, 7.396594124652e-04, 8.7780e-01, 4.4549e-03, 
 2DIAGNOSTIC,    34, -6.872952802725e-01, 8.064171171607e-04, 8.8660e-01, 8.8072e-03, 
 2DIAGNOSTIC,    35, -6.877320986905e-01, 8.751588320690e-04, 8.9087e-01, 4.2679e-03, 
 2DIAGNOSTIC,    36, -6.893213094272e-01, 8.964214964418e-04, 8.9529e-01, 4.4160e-03, 
 2DIAGNOSTIC,    37, -6.927376925340e-01, 8.791281990017e-04, 8.9966e-01, 4.3681e-03, 
 2DIAGNOSTIC,    38, -7.010216294393e-01, 8.853051952172e-04, 9.0400e-01, 4.3440e-03, 
 2DIAGNOSTIC,    39, -7.063994321068e-01, 8.771224122041e-04, 9.0834e-01, 4.3409e-03, 
 2DIAGNOSTIC,    40, -7.084308504767e-01, 9.204428197785e-04, 9.1288e-01, 4.5359e-03, 
 2DIAGNOSTIC,    41, -7.160951273438e-01, 9.681037774030e-04, 9.1785e-01, 4.9732e-03, 
 2DIAGNOSTIC,    42, -7.193344812984e-01, 9.620043071269e-04, 9.2389e-01, 6.0351e-03, 
 2DIAGNOSTIC,    43, -7.222197795605e-01, 9.267013617951e-04, 9.2827e-01, 4.3800e-03, 
 2DIAGNOSTIC,    44, -7.285984948777e-01, 9.642932654778e-04, 9.3262e-01, 4.3521e-03, 
 2DIAGNOSTIC,    45, -7.389251356546e-01, 1.012979156895e-03, 9.3700e-01, 4.3831e-03, 
 2DIAGNOSTIC,    46, -7.435778821213e-01, 1.020072145907e-03, 9.4141e-01, 4.4069e-03, 
 2DIAGNOSTIC,    47, -7.509280709500e-01, 1.028525943047e-03, 9.4831e-01, 6.8989e-03, 
 2DIAGNOSTIC,    48, -7.533336118873e-01, 1.035068678899e-03, 9.5256e-01, 4.2548e-03, 
 2DIAGNOSTIC,    49, -7.543097260366e-01, 9.992216081951e-04, 9.5684e-01, 4.2760e-03, 
 2DIAGNOSTIC,    50, -7.572149346889e-01, 9.104387853066e-04, 9.6100e-01, 4.1592e-03, 
 2DIAGNOSTIC,    51, -7.588492305673e-01, 8.165049010642e-04, 9.6825e-01, 7.2489e-03, 
 2DIAGNOSTIC,    52, -7.590537767299e-01, 6.774323995221e-04, 9.7292e-01, 4.6771e-03, 
 2DIAGNOSTIC,    53, -7.590340844778e-01, 5.029662084652e-04, 9.7702e-01, 4.0998e-03, 
 2DIAGNOSTIC,    54, -7.590016771775e-01, 3.372651755379e-04, 9.8166e-01, 4.6370e-03, 
 2DIAGNOSTIC,    55, -7.590380553578e-01, 2.264174928421e-04, 9.8584e-01, 4.1831e-03, 
 2DIAGNOSTIC,    56, -7.589726694076e-01, 1.318588306627e-04, 9.8994e-01, 4.1022e-03, 
 2DIAGNOSTIC,    57, -7.590561645537e-01, 8.392386454841e-05, 9.9403e-01, 4.0889e-03, 
 2DIAGNOSTIC,    58, -7.591955886544e-01, 4.875171747007e-05, 9.9870e-01, 4.6690e-03, 
 2DIAGNOSTIC,    59, -7.591872493313e-01, 1.680919028992e-05, 1.0033e+00, 4.5531e-03, 
 2DIAGNOSTIC,    60, -7.591718952628e-01, 4.599463385879e-06, 1.0073e+00, 4.0460e-03, 
 2DIAGNOSTIC,    61, -7.592145530661e-01, 4.040366226345e-06, 1.0114e+00, 4.0789e-03, 
 2DIAGNOSTIC,    62, -7.595976168375e-01, 7.146260291965e-06, 1.0155e+00, 4.1330e-03, 
 2DIAGNOSTIC,    63, -7.601030518242e-01, 1.266506453335e-05, 1.0202e+00, 4.7319e-03, 
 2DIAGNOSTIC,    64, -7.605119606916e-01, 1.923103408605e-05, 1.0275e+00, 7.2439e-03, 
 2DIAGNOSTIC,    65, -7.606267296298e-01, 2.478760350147e-05, 1.0320e+00, 4.5481e-03, 
 2DIAGNOSTIC,    66, -7.605733615827e-01, 2.711663877649e-05, 1.0361e+00, 4.0779e-03, 
 2DIAGNOSTIC,    67, -7.604965727085e-01, 2.683295602877e-05, 1.0404e+00, 4.2360e-03, 
 2DIAGNOSTIC,    68, -7.605363240536e-01, 2.508081668286e-05, 1.0443e+00, 3.9880e-03, 
 2DIAGNOSTIC,    69, -7.606796698806e-01, 2.180554791941e-05, 1.0485e+00, 4.1559e-03, 
 2DIAGNOSTIC,    70, -7.617912538018e-01, 2.310792779821e-05, 1.0537e+00, 5.1560e-03, 
 2DIAGNOSTIC,    71, -7.620891555727e-01, 2.402478985800e-05, 1.0582e+00, 4.5691e-03, 
 2DIAGNOSTIC,    72, -7.620925555274e-01, 2.487442904262e-05, 1.0627e+00, 4.5271e-03, 
 2DIAGNOSTIC,    73, -7.620936161683e-01, 2.627081771051e-05, 1.0666e+00, 3.8831e-03, 
 2DIAGNOSTIC,    74, -7.620938941709e-01, 2.738346373501e-05, 1.0710e+00, 4.3561e-03, 
 2DIAGNOSTIC,    75, -7.619743919314e-01, 2.573926763262e-05, 1.0748e+00, 3.8600e-03, 
 2DIAGNOSTIC,    76, -7.619751580989e-01, 2.141788062092e-05, 1.0787e+00, 3.8919e-03, 
 2DIAGNOSTIC,    77, -7.618574018472e-01, 1.424711960514e-05, 1.0831e+00, 4.3552e-03, 
 2DIAGNOSTIC,    78, -7.620952491828e-01, 7.491314418556e-06, 1.0884e+00, 5.3508e-03, 
DIAGNOSTIC,Iteration,metricValue,convergenceValue,ITERATION_TIME_INDEX,SINCE_LAST
 2DIAGNOSTIC,     1, -6.046427255966e-01, 1.797693134862e+308, 1.8121e+00, 7.2369e-01, 
 2DIAGNOSTIC,     2, -6.055224799471e-01, 1.797693134862e+308, 1.8397e+00, 2.7587e-02, 
 2DIAGNOSTIC,     3, -6.068171001542e-01, 1.797693134862e+308, 1.8669e+00, 2.7176e-02, 
 2DIAGNOSTIC,     4, -6.082598436024e-01, 1.797693134862e+308, 1.8950e+00, 2.8145e-02, 
 2DIAGNOSTIC,     5, -6.094870407996e-01, 1.797693134862e+308, 1.9236e+00, 2.8609e-02, 
 2DIAGNOSTIC,     6, -6.106880940024e-01, 1.797693134862e+308, 1.9536e+00, 2.9950e-02, 
 2DIAGNOSTIC,     7, -6.123881084871e-01, 1.797693134862e+308, 1.9855e+00, 3.1920e-02, 
 2DIAGNOSTIC,     8, -6.141197434901e-01, 1.797693134862e+308, 2.0196e+00, 3.4066e-02, 
 2DIAGNOSTIC,     9, -6.150194709909e-01, 1.797693134862e+308, 2.0551e+00, 3.5542e-02, 
 2DIAGNOSTIC,    10, -6.158675810781e-01, 1.250080021985e-03, 2.0828e+00, 2.7675e-02, 
 2DIAGNOSTIC,    11, -6.168498897971e-01, 1.120487886976e-03, 2.1102e+00, 2.7360e-02, 
 2DIAGNOSTIC,    12, -6.193922280203e-01, 1.043114940702e-03, 2.1524e+00, 4.2229e-02, 
 2DIAGNOSTIC,    13, -6.196492341167e-01, 9.359941852681e-04, 2.1835e+00, 3.1124e-02, 
 2DIAGNOSTIC,    14, -6.196775086912e-01, 8.090754003295e-04, 2.2183e+00, 3.4778e-02, 
 2DIAGNOSTIC,    15, -6.196940149399e-01, 6.652188777989e-04, 2.2471e+00, 2.8814e-02, 
 2DIAGNOSTIC,    16, -6.197180372864e-01, 5.131066034497e-04, 2.2754e+00, 2.8327e-02, 
 2DIAGNOSTIC,    17, -6.197599590666e-01, 3.774879482562e-04, 2.3074e+00, 3.1916e-02, 
 2DIAGNOSTIC,    18, -6.198397135447e-01, 2.685838966903e-04, 2.3354e+00, 2.8026e-02, 
 2DIAGNOSTIC,    19, -6.199395805878e-01, 1.714920337335e-04, 2.3671e+00, 3.1688e-02, 
 2DIAGNOSTIC,    20, -6.200327819110e-01, 9.028724495731e-05, 2.3944e+00, 2.7325e-02, 
 2DIAGNOSTIC,    21, -6.201528888405e-01, 3.133166242666e-05, 2.4235e+00, 2.9112e-02, 
 2DIAGNOSTIC,    22, -6.208173766651e-01, 4.213794775765e-05, 2.4606e+00, 3.7072e-02, 
 2DIAGNOSTIC,    23, -6.210292915573e-01, 5.723931471303e-05, 2.4956e+00, 3.5070e-02, 
 2DIAGNOSTIC,    24, -6.210513256943e-01, 6.684565502033e-05, 2.5321e+00, 3.6427e-02, 
 2DIAGNOSTIC,    25, -6.210180474053e-01, 6.943016311061e-05, 2.5608e+00, 2.8727e-02, 
 2DIAGNOSTIC,    26, -6.210972196503e-01, 6.725783212252e-05, 2.5932e+00, 3.2432e-02, 
 2DIAGNOSTIC,    27, -6.211493870304e-01, 6.039225155907e-05, 2.6213e+00, 2.8089e-02, 
 2DIAGNOSTIC,    28, -6.211982554978e-01, 5.043953667039e-05, 2.6489e+00, 2.7554e-02, 
 2DIAGNOSTIC,    29, -6.214097336880e-01, 4.161492731436e-05, 2.6806e+00, 3.1708e-02, 
 2DIAGNOSTIC,    30, -6.215765754853e-01, 3.360156146576e-05, 2.7322e+00, 5.1662e-02, 
 2DIAGNOSTIC,    31, -6.215921418364e-01, 2.476382934008e-05, 2.7682e+00, 3.5948e-02, 
 2DIAGNOSTIC,    32, -6.215858727955e-01, 2.366684086347e-05, 2.8011e+00, 3.2895e-02, 
 2DIAGNOSTIC,    33, -6.215661825884e-01, 2.319036356426e-05, 2.8298e+00, 2.8671e-02, 
 2DIAGNOSTIC,    34, -6.215703089014e-01, 2.097527305996e-05, 2.8608e+00, 3.1053e-02, 
 2DIAGNOSTIC,    35, -6.215615053769e-01, 1.636571113435e-05, 2.8890e+00, 2.8177e-02, 
 2DIAGNOSTIC,    36, -6.215540076116e-01, 1.148197482970e-05, 2.9185e+00, 2.9487e-02, 
 2DIAGNOSTIC,    37, -6.215704026438e-01, 6.760107236908e-06, 2.9487e+00, 3.0239e-02, 
 2DIAGNOSTIC,    38, -6.215770410220e-01, 2.348341215985e-06, 2.9812e+00, 3.2480e-02, 
DIAGNOSTIC,Iteration,metricValue,convergenceValue,ITERATION_TIME_INDEX,SINCE_LAST
 2DIAGNOSTIC,     1, -5.346689118784e-01, 1.797693134862e+308, 4.1240e+00, 1.1428e+00, 
 2DIAGNOSTIC,     2, -5.350019878922e-01, 1.797693134862e+308, 4.3449e+00, 2.2091e-01, 
 2DIAGNOSTIC,     3, -5.352343146210e-01, 1.797693134862e+308, 4.5994e+00, 2.5449e-01, 
 2DIAGNOSTIC,     4, -5.353876681695e-01, 1.797693134862e+308, 4.8411e+00, 2.4174e-01, 
 2DIAGNOSTIC,     5, -5.355676413389e-01, 1.797693134862e+308, 5.0907e+00, 2.4959e-01, 
 2DIAGNOSTIC,     6, -5.356199533774e-01, 1.797693134862e+308, 5.3463e+00, 2.5563e-01, 
 2DIAGNOSTIC,     7, -5.358829384871e-01, 1.797693134862e+308, 5.6898e+00, 3.4349e-01, 
 2DIAGNOSTIC,     8, -5.359069899359e-01, 1.797693134862e+308, 6.1224e+00, 4.3253e-01, 
 2DIAGNOSTIC,     9, -5.359087474562e-01, 1.797693134862e+308, 6.3260e+00, 2.0365e-01, 
 2DIAGNOSTIC,    10, -5.359061964497e-01, 1.486845538852e-04, 6.5718e+00, 2.4580e-01, 
 2DIAGNOSTIC,    11, -5.359046933196e-01, 1.021522777089e-04, 6.8203e+00, 2.4853e-01, 
 2DIAGNOSTIC,    12, -5.359032751837e-01, 6.885726779847e-05, 7.0600e+00, 2.3969e-01, 
 2DIAGNOSTIC,    13, -5.359027999572e-01, 4.405978052560e-05, 7.2928e+00, 2.3280e-01, 
 2DIAGNOSTIC,    14, -5.359033312219e-01, 2.484533690798e-05, 7.5099e+00, 2.1712e-01, 
 2DIAGNOSTIC,    15, -5.359030698403e-01, 1.256336888140e-05, 7.7391e+00, 2.2912e-01, 
 2DIAGNOSTIC,    16, -5.359046941707e-01, 2.410454226540e-06, 7.9879e+00, 2.4881e-01, 
 2DIAGNOSTIC,    17, -5.359038095840e-01, 1.571402152734e-06, 8.2386e+00, 2.5071e-01, 
 2DIAGNOSTIC,    18, -5.359028482372e-01, 1.532389749238e-06, 8.4641e+00, 2.2552e-01, 
 2DIAGNOSTIC,    19, -5.359018840361e-01, 1.543394065086e-06, 8.6978e+00, 2.3368e-01, 
 2DIAGNOSTIC,    20, -5.359009716620e-01, 1.474069910960e-06, 8.9705e+00, 2.7269e-01, 
 2DIAGNOSTIC,    21, -5.358989088732e-01, 1.332655265626e-06, 9.1926e+00, 2.2211e-01, 
 2DIAGNOSTIC,    22, -5.359012636408e-01, 1.245194498123e-06, 9.4852e+00, 2.9259e-01, 
 2DIAGNOSTIC,    23, -5.359013928138e-01, 1.174435067010e-06, 9.7593e+00, 2.7413e-01, 
 2DIAGNOSTIC,    24, -5.359015411993e-01, 1.144789524510e-06, 9.9993e+00, 2.4001e-01, 
 2DIAGNOSTIC,    25, -5.359017899095e-01, 1.134023989012e-06, 1.0299e+01, 2.9979e-01, 
 2DIAGNOSTIC,    26, -5.359018838124e-01, 1.172687128806e-06, 1.0585e+01, 2.8606e-01, 
 2DIAGNOSTIC,    27, -5.359009274109e-01, 1.176567325331e-06, 1.0869e+01, 2.8372e-01, 
 2DIAGNOSTIC,    28, -5.358999644943e-01, 1.143968328524e-06, 1.1091e+01, 2.2216e-01, 
 2DIAGNOSTIC,    29, -5.358990768879e-01, 1.080002425533e-06, 1.1350e+01, 2.5921e-01, 
DIAGNOSTIC,Iteration,metricValue,convergenceValue,ITERATION_TIME_INDEX,SINCE_LAST
 2DIAGNOSTIC,     1, -4.895910283951e-01, 1.797693134862e+308, 1.3904e+01, 2.5540e+00, 
 2DIAGNOSTIC,     2, -4.895977639291e-01, 1.797693134862e+308, 1.6021e+01, 2.1166e+00, 
 2DIAGNOSTIC,     3, -4.895948462923e-01, 1.797693134862e+308, 1.7585e+01, 1.5644e+00, 
 2DIAGNOSTIC,     4, -4.895968371333e-01, 1.797693134862e+308, 1.9645e+01, 2.0596e+00, 
 2DIAGNOSTIC,     5, -4.895969241591e-01, 1.797693134862e+308, 2.2181e+01, 2.5365e+00, 
 2DIAGNOSTIC,     6, -4.895968922004e-01, 1.797693134862e+308, 2.3947e+01, 1.7660e+00, 
 2DIAGNOSTIC,     7, -4.895969306785e-01, 1.797693134862e+308, 2.5500e+01, 1.5529e+00, 
 2DIAGNOSTIC,     8, -4.895968426352e-01, 1.797693134862e+308, 2.7021e+01, 1.5205e+00, 
 2DIAGNOSTIC,     9, -4.895967545349e-01, 1.797693134862e+308, 2.8368e+01, 1.3469e+00, 
 2DIAGNOSTIC,    10, -4.895965692125e-01, 3.535074692501e-06, 2.9747e+01, 1.3796e+00, 
 2DIAGNOSTIC,    11, -4.895966486885e-01, 2.907648882527e-06, 3.1322e+01, 1.5746e+00, 
 2DIAGNOSTIC,    12, -4.895967065432e-01, 2.716985321768e-06, 3.2856e+01, 1.5340e+00, 
 2DIAGNOSTIC,    13, -4.895965110277e-01, 2.408050196995e-06, 3.4383e+01, 1.5277e+00, 
 2DIAGNOSTIC,    14, -4.895965480288e-01, 2.231187252233e-06, 3.5987e+01, 1.6040e+00, 
 2DIAGNOSTIC,    15, -4.895964642000e-01, 2.081793015044e-06, 3.7391e+01, 1.4036e+00, 
 2DIAGNOSTIC,    16, -4.895962865482e-01, 1.946858451798e-06, 3.9009e+01, 1.6175e+00, 
 2DIAGNOSTIC,    17, -4.895963348402e-01, 1.834648026430e-06, 4.0480e+01, 1.4719e+00, 
 2DIAGNOSTIC,    18, -4.895962995737e-01, 1.734291337693e-06, 4.2002e+01, 1.5218e+00, 
 2DIAGNOSTIC,    19, -4.895965306187e-01, 1.652110400631e-06, 4.3570e+01, 1.5674e+00, 
 2DIAGNOSTIC,    20, -4.895963425360e-01, 1.569099745788e-06, 4.5198e+01, 1.6280e+00, 
 2DIAGNOSTIC,    21, -4.895963001328e-01, 1.497214827541e-06, 4.6895e+01, 1.6973e+00, 
 2DIAGNOSTIC,    22, -4.895960267793e-01, 1.428011939517e-06, 4.8755e+01, 1.8604e+00, 
 2DIAGNOSTIC,    23, -4.895959315899e-01, 1.359133877554e-06, 5.0274e+01, 1.5185e+00, 
 2DIAGNOSTIC,    24, -4.895957125425e-01, 1.293754565791e-06, 5.1647e+01, 1.3733e+00, 
 2DIAGNOSTIC,    25, -4.895956191641e-01, 1.232654746691e-06, 5.2995e+01, 1.3477e+00, 
 2DIAGNOSTIC,    26, -4.895955415716e-01, 1.174358493568e-06, 5.4538e+01, 1.5437e+00, 
 2DIAGNOSTIC,    27, -4.895954592213e-01, 1.124345740164e-06, 5.6007e+01, 1.4682e+00, 
 2DIAGNOSTIC,    28, -4.895951671552e-01, 1.076064493746e-06, 5.7502e+01, 1.4953e+00, 
 2DIAGNOSTIC,    29, -4.895953789896e-01, 1.045863438819e-06, 5.9032e+01, 1.5302e+00, 
 2DIAGNOSTIC,    30, -4.895952298711e-01, 1.015746613549e-06, 6.0642e+01, 1.6101e+00, 
  Elapsed time (stage 0): 6.1511e+01


Total elapsed time: 6.1514e+01
Info [verificarlo]: loaded backend libinterflop_ieee.so
Info [interflop-ieee]: load backend with:
Info [interflop-ieee]: debug = false
Info [interflop-ieee]: debug-binary = false
Info [interflop-ieee]: no-backend-name = false
Info [interflop-ieee]: print-new-line = false
Info [interflop-ieee]: print-subnormal-normalized = false
Info [interflop-ieee]: count-op = false
All_Command_lines_OK
Using double precision for computations.
=============================================================================
The composite transform comprises the following transforms (in order): 
  1. /home/mdugre/scratch/mri-registration-rp/datasets/ds004513/derivatives/mri-registration-rp/0001/antsRegistration-r7-p11/sub-s025/rigid_Composite.h5[0] (type = Euler3DTransform)
  2. /home/mdugre/scratch/mri-registration-rp/datasets/ds004513/derivatives/mri-registration-rp/0001/antsRegistration-r7-p11/sub-s025/rigid_Composite.h5[1] (type = Euler3DTransform)
  3. /home/mdugre/scratch/mri-registration-rp/datasets/ds004513/derivatives/mri-registration-rp/0001/antsRegistration-r7-p11/sub-s025/rigid_Composite.h5[2] (type = Euler3DTransform)
=============================================================================
  number of levels = 4
  fixed image: /templateflow/tpl-MNI152NLin2009cAsym/tpl-MNI152NLin2009cAsym_res-01_desc-brain_T1w.nii.gz
  moving image: /home/mdugre/scratch/mri-registration-rp/datasets/ds004513/derivatives/mri-registration-rp/antsBrainExtraction/sub-s025/BrainExtractionBrain.nii.gz
Dimension = 3
Number of stages = 1
Use histogram matching = false
Winsorize image intensities = true
  Lower quantile = 0.005
  Upper quantile = 0.995


Stage 1 State
   Image metric = MattesMI
     Fixed image = Image (0x34127e0)
  RTTI typeinfo:   itk::Image<double, 3u>
  Reference Count: 2
  Modified Time: 1594
  Debug: Off
  Object Name: 
  Observers: 
    none
  Source: (none)
  Source output name: (none)
  Release Data: Off
  Data Released: False
  Global Release Data: Off
  PipelineMTime: 0
  UpdateMTime: 1203
  RealTimeStamp: 0 seconds 
  LargestPossibleRegion: 
    Dimension: 3
    Index: [0, 0, 0]
    Size: [193, 229, 193]
  BufferedRegion: 
    Dimension: 3
    Index: [0, 0, 0]
    Size: [193, 229, 193]
  RequestedRegion: 
    Dimension: 3
    Index: [0, 0, 0]
    Size: [193, 229, 193]
  Spacing: [1, 1, 1]
  Origin: [96, 132, -78]
  Direction: 
-1 0 0
0 -1 0
0 0 1

  IndexToPointMatrix: 
-1 0 0
0 -1 0
0 0 1

  PointToIndexMatrix: 
-1 0 0
0 -1 0
0 0 1

  Inverse Direction: 
-1 0 0
0 -1 0
0 0 1

  PixelContainer: 
    ImportImageContainer (0x34d2a20)
      RTTI typeinfo:   itk::ImportImageContainer<unsigned long, double>
      Reference Count: 1
      Modified Time: 1200
      Debug: Off
      Object Name: 
      Observers: 
        none
      Pointer: 0x1471ceee1010
      Container manages memory: true
      Size: 8530021
      Capacity: 8530021

     Moving image = Image (0x34cdd70)
  RTTI typeinfo:   itk::Image<double, 3u>
  Reference Count: 2
  Modified Time: 1595
  Debug: Off
  Object Name: 
  Observers: 
    none
  Source: (none)
  Source output name: (none)
  Release Data: Off
  Data Released: False
  Global Release Data: Off
  PipelineMTime: 0
  UpdateMTime: 1592
  RealTimeStamp: 0 seconds 
  LargestPossibleRegion: 
    Dimension: 3
    Index: [0, 0, 0]
    Size: [176, 240, 256]
  BufferedRegion: 
    Dimension: 3
    Index: [0, 0, 0]
    Size: [176, 240, 256]
  RequestedRegion: 
    Dimension: 3
    Index: [0, 0, 0]
    Size: [176, 240, 256]
  Spacing: [0.999999, 1, 1]
  Origin: [90.3778, 84.5091, -154.071]
  Direction: 
-0.999391 7.48184e-06 -0.0348969
-7.47664e-06 -1 -2.7953e-07
-0.0348969 -1.84481e-08 0.999391

  IndexToPointMatrix: 
-0.99939 7.48184e-06 -0.0348969
-7.47663e-06 -1 -2.7953e-07
-0.0348968 -1.84481e-08 0.999391

  PointToIndexMatrix: 
-0.999392 -7.47665e-06 -0.0348969
7.48184e-06 -1 -1.84481e-08
-0.0348969 -2.7953e-07 0.999391

  Inverse Direction: 
-0.999391 -7.47664e-06 -0.0348969
7.48184e-06 -1 -1.84481e-08
-0.0348969 -2.7953e-07 0.999391

  PixelContainer: 
    ImportImageContainer (0x3485c90)
      RTTI typeinfo:   itk::ImportImageContainer<unsigned long, double>
      Reference Count: 1
      Modified Time: 1589
      Debug: Off
      Object Name: 
      Observers: 
        none
      Pointer: 0x1471c9c60010
      Container manages memory: true
      Size: 10813440
      Capacity: 10813440

     Weighting = 1
     Sampling strategy = regular
     Number of bins = 32
     Radius = 4
     Sampling percentage  = 0.25
   Transform = Affine
     Gradient step = 0.1
     Update field sigma (voxel space) = 0
     Total field sigma (voxel space) = 0
     Update field time sigma = 0
     Total field time sigma  = 0
     Number of time indices = 0
     Number of time point samples = 0
Registration using 1 total stages.

Stage 0
  iterations = 1000x500x250x100
  convergence threshold = 1e-06
  convergence window size = 10
  number of levels = 4
  using the Mattes MI metric (number of bins = 32, weight = 1, use gradient filter = 0)
  preprocessing:  winsorizing the image intensities
  Shrink factors (level 1 out of 4): [8, 8, 8]
  Shrink factors (level 2 out of 4): [4, 4, 4]
  Shrink factors (level 3 out of 4): [2, 2, 2]
  Shrink factors (level 4 out of 4): [1, 1, 1]
  smoothing sigmas per level: [3, 2, 1, 0]
  regular sampling (percentage = 0.25)

*** Running AffineTransform registration ***

DIAGNOSTIC,Iteration,metricValue,convergenceValue,ITERATION_TIME_INDEX,SINCE_LAST
 2DIAGNOSTIC,     1, -7.478855490426e-01, 1.797693134862e+308, 7.2174e-01, 7.2174e-01, 
 2DIAGNOSTIC,     2, -7.500801277106e-01, 1.797693134862e+308, 7.2590e-01, 4.1618e-03, 
 2DIAGNOSTIC,     3, -7.535336554681e-01, 1.797693134862e+308, 7.3026e-01, 4.3509e-03, 
 2DIAGNOSTIC,     4, -7.592678842623e-01, 1.797693134862e+308, 7.3516e-01, 4.9040e-03, 
 2DIAGNOSTIC,     5, -7.686971323256e-01, 1.797693134862e+308, 7.3955e-01, 4.3859e-03, 
 2DIAGNOSTIC,     6, -7.846728693211e-01, 1.797693134862e+308, 7.4396e-01, 4.4131e-03, 
 2DIAGNOSTIC,     7, -8.098737316644e-01, 1.797693134862e+308, 7.4926e-01, 5.3039e-03, 
 2DIAGNOSTIC,     8, -8.697487835333e-01, 1.797693134862e+308, 7.5520e-01, 5.9359e-03, 
 2DIAGNOSTIC,     9, -9.100282888996e-01, 1.797693134862e+308, 7.5998e-01, 4.7851e-03, 
 2DIAGNOSTIC,    10, -9.245806464770e-01, 1.493033246641e-02, 7.6621e-01, 6.2239e-03, 
 2DIAGNOSTIC,    11, -9.288603497810e-01, 1.531897666028e-02, 7.7150e-01, 5.2969e-03, 
 2DIAGNOSTIC,    12, -9.303312894198e-01, 1.438311581275e-02, 7.7632e-01, 4.8151e-03, 
 2DIAGNOSTIC,    13, -9.330145463267e-01, 1.245778373838e-02, 7.8223e-01, 5.9099e-03, 
 2DIAGNOSTIC,    14, -9.351973997314e-01, 9.888816524694e-03, 7.8742e-01, 5.1880e-03, 
 2DIAGNOSTIC,    15, -9.360357569465e-01, 7.038494446222e-03, 7.9312e-01, 5.7011e-03, 
 2DIAGNOSTIC,    16, -9.366477682473e-01, 4.293471285031e-03, 7.9836e-01, 5.2390e-03, 
 2DIAGNOSTIC,    17, -9.371478733241e-01, 1.987383654331e-03, 8.0308e-01, 4.7240e-03, 
 2DIAGNOSTIC,    18, -9.373446138552e-01, 8.568675775633e-04, 8.0884e-01, 5.7609e-03, 
 2DIAGNOSTIC,    19, -9.375391335232e-01, 4.669903522010e-04, 8.1367e-01, 4.8239e-03, 
 2DIAGNOSTIC,    20, -9.377756614277e-01, 3.158537491534e-04, 8.1902e-01, 5.3520e-03, 
 2DIAGNOSTIC,    21, -9.382403569876e-01, 2.245472903658e-04, 8.2516e-01, 6.1369e-03, 
 2DIAGNOSTIC,    22, -9.382720747166e-01, 1.426728039729e-04, 8.2977e-01, 4.6160e-03, 
 2DIAGNOSTIC,    23, -9.383724456846e-01, 9.374474713249e-05, 8.3489e-01, 5.1229e-03, 
 2DIAGNOSTIC,    24, -9.385329635227e-01, 7.185680502542e-05, 8.4002e-01, 5.1239e-03, 
 2DIAGNOSTIC,    25, -9.382513273351e-01, 5.215480159762e-05, 8.4676e-01, 6.7430e-03, 
 2DIAGNOSTIC,    26, -9.383024765123e-01, 3.738850422391e-05, 8.5136e-01, 4.6022e-03, 
 2DIAGNOSTIC,    27, -9.381725415189e-01, 2.471752858885e-05, 8.5595e-01, 4.5850e-03, 
 2DIAGNOSTIC,    28, -9.382287707039e-01, 1.369852499046e-05, 8.6064e-01, 4.6961e-03, 
 2DIAGNOSTIC,    29, -9.381453542572e-01, 3.465491326814e-06, 8.6680e-01, 6.1600e-03, 
DIAGNOSTIC,Iteration,metricValue,convergenceValue,ITERATION_TIME_INDEX,SINCE_LAST
 2DIAGNOSTIC,     1, -7.505260062983e-01, 1.797693134862e+308, 1.6208e+00, 7.5395e-01, 
 2DIAGNOSTIC,     2, -7.509408996672e-01, 1.797693134862e+308, 1.6587e+00, 3.7910e-02, 
 2DIAGNOSTIC,     3, -7.512846637615e-01, 1.797693134862e+308, 1.6952e+00, 3.6551e-02, 
 2DIAGNOSTIC,     4, -7.518584155453e-01, 1.797693134862e+308, 1.7297e+00, 3.4450e-02, 
 2DIAGNOSTIC,     5, -7.527995584438e-01, 1.797693134862e+308, 1.7644e+00, 3.4684e-02, 
 2DIAGNOSTIC,     6, -7.541666034641e-01, 1.797693134862e+308, 1.7990e+00, 3.4653e-02, 
 2DIAGNOSTIC,     7, -7.546849221761e-01, 1.797693134862e+308, 1.8594e+00, 6.0379e-02, 
 2DIAGNOSTIC,     8, -7.547218913038e-01, 1.797693134862e+308, 1.8979e+00, 3.8482e-02, 
 2DIAGNOSTIC,     9, -7.547110625902e-01, 1.797693134862e+308, 1.9383e+00, 4.0414e-02, 
 2DIAGNOSTIC,    10, -7.546984533867e-01, 4.343755248803e-04, 1.9755e+00, 3.7198e-02, 
 2DIAGNOSTIC,    11, -7.546990729163e-01, 3.365479124769e-04, 2.0137e+00, 3.8198e-02, 
 2DIAGNOSTIC,    12, -7.546608611758e-01, 2.369257928855e-04, 2.0502e+00, 3.6524e-02, 
 2DIAGNOSTIC,    13, -7.546348030974e-01, 1.411767064663e-04, 2.0835e+00, 3.3308e-02, 
 2DIAGNOSTIC,    14, -7.546207245353e-01, 6.156166296521e-05, 2.1195e+00, 3.6017e-02, 
 2DIAGNOSTIC,    15, -7.546140905347e-01, 9.840779119627e-06, 2.1538e+00, 3.4253e-02, 
DIAGNOSTIC,Iteration,metricValue,convergenceValue,ITERATION_TIME_INDEX,SINCE_LAST
 2DIAGNOSTIC,     1, -6.415033781547e-01, 1.797693134862e+308, 3.2604e+00, 1.1066e+00, 
 2DIAGNOSTIC,     2, -6.419042906352e-01, 1.797693134862e+308, 3.5186e+00, 2.5820e-01, 
 2DIAGNOSTIC,     3, -6.423935898234e-01, 1.797693134862e+308, 3.7690e+00, 2.5040e-01, 
 2DIAGNOSTIC,     4, -6.429868765560e-01, 1.797693134862e+308, 4.0105e+00, 2.4152e-01, 
 2DIAGNOSTIC,     5, -6.439959114396e-01, 1.797693134862e+308, 4.2608e+00, 2.5026e-01, 
 2DIAGNOSTIC,     6, -6.443062170547e-01, 1.797693134862e+308, 4.6062e+00, 3.4543e-01, 
 2DIAGNOSTIC,     7, -6.443536198377e-01, 1.797693134862e+308, 4.8430e+00, 2.3684e-01, 
 2DIAGNOSTIC,     8, -6.444520782797e-01, 1.797693134862e+308, 5.1027e+00, 2.5972e-01, 
 2DIAGNOSTIC,     9, -6.447134648724e-01, 1.797693134862e+308, 5.3818e+00, 2.7901e-01, 
 2DIAGNOSTIC,    10, -6.448412377824e-01, 3.532439909411e-04, 5.9547e+00, 5.7290e-01, 
 2DIAGNOSTIC,    11, -6.448539258341e-01, 2.646540278177e-04, 6.2788e+00, 3.2414e-01, 
 2DIAGNOSTIC,    12, -6.448508328576e-01, 1.824898728977e-04, 6.5807e+00, 3.0188e-01, 
 2DIAGNOSTIC,    13, -6.448505006518e-01, 1.133442703149e-04, 6.8444e+00, 2.6373e-01, 
 2DIAGNOSTIC,    14, -6.448498376869e-01, 6.177312879233e-05, 7.0888e+00, 2.4439e-01, 
 2DIAGNOSTIC,    15, -6.448467670718e-01, 4.096137522776e-05, 7.3879e+00, 2.9915e-01, 
 2DIAGNOSTIC,    16, -6.448457887502e-01, 2.782081201388e-05, 7.6559e+00, 2.6798e-01, 
 2DIAGNOSTIC,    17, -6.448447979338e-01, 1.511719440492e-05, 7.9151e+00, 2.5921e-01, 
 2DIAGNOSTIC,    18, -6.448426526624e-01, 4.822944587680e-06, 8.2257e+00, 3.1054e-01, 
 2DIAGNOSTIC,    19, -6.448430917324e-01, 1.329098193677e-06, 8.5164e+00, 2.9075e-01, 
 2DIAGNOSTIC,    20, -6.448420506130e-01, 1.003943016775e-06, 8.7999e+00, 2.8350e-01, 
DIAGNOSTIC,Iteration,metricValue,convergenceValue,ITERATION_TIME_INDEX,SINCE_LAST
 2DIAGNOSTIC,     1, -5.760835608273e-01, 1.797693134862e+308, 1.1582e+01, 2.7823e+00, 
 2DIAGNOSTIC,     2, -5.766102186254e-01, 1.797693134862e+308, 1.3328e+01, 1.7457e+00, 
 2DIAGNOSTIC,     3, -5.771710310583e-01, 1.797693134862e+308, 1.4965e+01, 1.6368e+00, 
 2DIAGNOSTIC,     4, -5.778091772630e-01, 1.797693134862e+308, 1.6619e+01, 1.6539e+00, 
 2DIAGNOSTIC,     5, -5.793899472763e-01, 1.797693134862e+308, 2.1003e+01, 4.3845e+00, 
 2DIAGNOSTIC,     6, -5.793898693917e-01, 1.797693134862e+308, 2.2802e+01, 1.7989e+00, 
 2DIAGNOSTIC,     7, -5.793897663473e-01, 1.797693134862e+308, 2.4453e+01, 1.6506e+00, 
 2DIAGNOSTIC,     8, -5.793896956713e-01, 1.797693134862e+308, 2.6119e+01, 1.6663e+00, 
 2DIAGNOSTIC,     9, -5.793896788678e-01, 1.797693134862e+308, 2.8432e+01, 2.3128e+00, 
 2DIAGNOSTIC,    10, -5.793897161788e-01, 3.977485211167e-04, 3.0262e+01, 1.8307e+00, 
 2DIAGNOSTIC,    11, -5.793894531493e-01, 2.631549447931e-04, 3.2083e+01, 1.8207e+00, 
 2DIAGNOSTIC,    12, -5.793891972626e-01, 1.499540500296e-04, 3.3922e+01, 1.8392e+00, 
 2DIAGNOSTIC,    13, -5.793890862389e-01, 6.210704356066e-05, 3.5506e+01, 1.5836e+00, 
 2DIAGNOSTIC,    14, -5.793890018562e-01, 2.199969611580e-06, 3.7476e+01, 1.9699e+00, 
 2DIAGNOSTIC,    15, -5.793884668749e-01, 2.032500791227e-06, 3.9057e+01, 1.5812e+00, 
 2DIAGNOSTIC,    16, -5.793884272112e-01, 1.891285729347e-06, 4.0924e+01, 1.8665e+00, 
 2DIAGNOSTIC,    17, -5.793881072592e-01, 1.763635277305e-06, 4.2806e+01, 1.8822e+00, 
 2DIAGNOSTIC,    18, -5.793879592935e-01, 1.654318001726e-06, 4.4930e+01, 2.1240e+00, 
 2DIAGNOSTIC,    19, -5.793878773784e-01, 1.564459136391e-06, 4.6734e+01, 1.8041e+00, 
 2DIAGNOSTIC,    20, -5.793872413412e-01, 1.479418133464e-06, 4.8528e+01, 1.7943e+00, 
