
##########################
# Experiment information #
##########################

EXPERIMENT_NAME: antsRegistration-r7-p19
VFC_BACKENDS: libinterflop_vprec.so --range-binary32=7 --precision-binary32=19 --range-binary64=7 --precision-binary64=19

SIF_IMG: /home/mdugre/projects/rrg-glatard/mdugre/containers/ants-vprec-no_metrics.simg

SUBJECT_ID: s017
INPUT_IMG: /home/mdugre/scratch/mri-registration-rp/datasets/ds004513/derivatives/mri-registration-rp/antsBrainExtraction/sub-s017/BrainExtractionBrain.nii.gz
OUTPUT_DIR: /home/mdugre/scratch/mri-registration-rp/datasets/ds004513/derivatives/mri-registration-rp/0001/antsRegistration-r7-p19/sub-s017

FIXED_IMG: /templateflow/tpl-MNI152NLin2009cAsym/tpl-MNI152NLin2009cAsym_res-01_desc-brain_T1w.nii.gz
DATA_DIR: /home/mdugre/scratch/mri-registration-rp/datasets/ds004513
TEMPLATEFLOW_DIR: /home/mdugre/projects/rrg-glatard/mdugre/templateflow
ITK_GLOBAL_DEFAULT_NUMBER_OF_THREADS: 16
##########################

Info [verificarlo]: loaded backend libinterflop_ieee.so
Info [interflop-ieee]: load backend with:
Info [interflop-ieee]: debug = false
Info [interflop-ieee]: debug-binary = false
Info [interflop-ieee]: no-backend-name = false
Info [interflop-ieee]: print-new-line = false
Info [interflop-ieee]: print-subnormal-normalized = false
Info [interflop-ieee]: count-op = false
All_Command_lines_OK
Using double precision for computations.
=============================================================================
The composite transform comprises the following transforms (in order): 
  1. Center of mass alignment using fixed image: /templateflow/tpl-MNI152NLin2009cAsym/tpl-MNI152NLin2009cAsym_res-01_desc-brain_T1w.nii.gz and moving image: /home/mdugre/scratch/mri-registration-rp/datasets/ds004513/derivatives/mri-registration-rp/antsBrainExtraction/sub-s017/BrainExtractionBrain.nii.gz (type = Euler3DTransform)
=============================================================================
  number of levels = 1
  fixed image: /templateflow/tpl-MNI152NLin2009cAsym/tpl-MNI152NLin2009cAsym_res-01_desc-brain_T1w.nii.gz
  moving image: /home/mdugre/scratch/mri-registration-rp/datasets/ds004513/derivatives/mri-registration-rp/antsBrainExtraction/sub-s017/BrainExtractionBrain.nii.gz
Dimension = 3
Number of stages = 1
Use histogram matching = false
Winsorize image intensities = true
  Lower quantile = 0.005
  Upper quantile = 0.995


Stage 1 State
   Image metric = MattesMI
     Fixed image = Image (0x42c5e70)
  RTTI typeinfo:   itk::Image<double, 3u>
  Reference Count: 2
  Modified Time: 2334
  Debug: Off
  Object Name: 
  Observers: 
    none
  Source: (none)
  Source output name: (none)
  Release Data: Off
  Data Released: False
  Global Release Data: Off
  PipelineMTime: 0
  UpdateMTime: 1943
  RealTimeStamp: 0 seconds 
  LargestPossibleRegion: 
    Dimension: 3
    Index: [0, 0, 0]
    Size: [193, 229, 193]
  BufferedRegion: 
    Dimension: 3
    Index: [0, 0, 0]
    Size: [193, 229, 193]
  RequestedRegion: 
    Dimension: 3
    Index: [0, 0, 0]
    Size: [193, 229, 193]
  Spacing: [1, 1, 1]
  Origin: [96, 132, -78]
  Direction: 
-1 0 0
0 -1 0
0 0 1

  IndexToPointMatrix: 
-1 0 0
0 -1 0
0 0 1

  PointToIndexMatrix: 
-1 0 0
0 -1 0
0 0 1

  Inverse Direction: 
-1 0 0
0 -1 0
0 0 1

  PixelContainer: 
    ImportImageContainer (0x42cec60)
      RTTI typeinfo:   itk::ImportImageContainer<unsigned long, double>
      Reference Count: 1
      Modified Time: 1940
      Debug: Off
      Object Name: 
      Observers: 
        none
      Pointer: 0x14a0ca150010
      Container manages memory: true
      Size: 8530021
      Capacity: 8530021

     Moving image = Image (0x42d1610)
  RTTI typeinfo:   itk::Image<double, 3u>
  Reference Count: 2
  Modified Time: 2335
  Debug: Off
  Object Name: 
  Observers: 
    none
  Source: (none)
  Source output name: (none)
  Release Data: Off
  Data Released: False
  Global Release Data: Off
  PipelineMTime: 0
  UpdateMTime: 2332
  RealTimeStamp: 0 seconds 
  LargestPossibleRegion: 
    Dimension: 3
    Index: [0, 0, 0]
    Size: [160, 240, 256]
  BufferedRegion: 
    Dimension: 3
    Index: [0, 0, 0]
    Size: [160, 240, 256]
  RequestedRegion: 
    Dimension: 3
    Index: [0, 0, 0]
    Size: [160, 240, 256]
  Spacing: [1, 1, 1]
  Origin: [91.3357, 102.231, -120.042]
  Direction: 
-0.997442 -5.36781e-05 -0.0714818
5.35416e-05 -1 3.82465e-06
-0.0714818 -1.23894e-08 0.997442

  IndexToPointMatrix: 
-0.997444 -5.36781e-05 -0.0714818
5.35418e-05 -1 3.82465e-06
-0.0714819 -1.23894e-08 0.997442

  PointToIndexMatrix: 
-0.99744 5.35415e-05 -0.0714816
-5.36781e-05 -1 -1.23894e-08
-0.0714818 3.82465e-06 0.997442

  Inverse Direction: 
-0.997442 5.35416e-05 -0.0714818
-5.36781e-05 -1 -1.23894e-08
-0.0714818 3.82465e-06 0.997442

  PixelContainer: 
    ImportImageContainer (0x436aef0)
      RTTI typeinfo:   itk::ImportImageContainer<unsigned long, double>
      Reference Count: 1
      Modified Time: 2329
      Debug: Off
      Object Name: 
      Observers: 
        none
      Pointer: 0x14a0c564f010
      Container manages memory: true
      Size: 9830400
      Capacity: 9830400

     Weighting = 1
     Sampling strategy = regular
     Number of bins = 32
     Radius = 4
     Sampling percentage  = 0.25
   Transform = Rigid
     Gradient step = 0.1
     Update field sigma (voxel space) = 0
     Total field sigma (voxel space) = 0
     Update field time sigma = 0
     Total field time sigma  = 0
     Number of time indices = 0
     Number of time point samples = 0
Registration using 1 total stages.

Stage 0
  iterations = 0
  convergence threshold = 1e-06
  convergence window size = 10
  number of levels = 1
  using the Mattes MI metric (number of bins = 32, weight = 1, use gradient filter = 0)
  preprocessing:  winsorizing the image intensities
  Shrink factors (level 1 out of 1): [1, 1, 1]
  smoothing sigmas per level: [0]
  regular sampling (percentage = 0.25)

*** Running Euler3DTransform registration ***

  Elapsed time (stage 0): 1.15959


Total elapsed time: 1.16185
Info [verificarlo]: loaded backend libinterflop_ieee.so
Info [interflop-ieee]: load backend with:
Info [interflop-ieee]: debug = false
Info [interflop-ieee]: debug-binary = false
Info [interflop-ieee]: no-backend-name = false
Info [interflop-ieee]: print-new-line = false
Info [interflop-ieee]: print-subnormal-normalized = false
Info [interflop-ieee]: count-op = false
All_Command_lines_OK
Using double precision for computations.
=============================================================================
The composite transform comprises the following transforms (in order): 
  1. /home/mdugre/scratch/mri-registration-rp/datasets/ds004513/derivatives/mri-registration-rp/0001/antsRegistration-r7-p19/sub-s017/align_Composite.h5[0] (type = Euler3DTransform)
  2. /home/mdugre/scratch/mri-registration-rp/datasets/ds004513/derivatives/mri-registration-rp/0001/antsRegistration-r7-p19/sub-s017/align_Composite.h5[1] (type = Euler3DTransform)
=============================================================================
  number of levels = 4
  fixed image: /templateflow/tpl-MNI152NLin2009cAsym/tpl-MNI152NLin2009cAsym_res-01_desc-brain_T1w.nii.gz
  moving image: /home/mdugre/scratch/mri-registration-rp/datasets/ds004513/derivatives/mri-registration-rp/antsBrainExtraction/sub-s017/BrainExtractionBrain.nii.gz
Dimension = 3
Number of stages = 1
Use histogram matching = false
Winsorize image intensities = true
  Lower quantile = 0.005
  Upper quantile = 0.995


Stage 1 State
   Image metric = MattesMI
     Fixed image = Image (0x48c1530)
  RTTI typeinfo:   itk::Image<double, 3u>
  Reference Count: 2
  Modified Time: 1580
  Debug: Off
  Object Name: 
  Observers: 
    none
  Source: (none)
  Source output name: (none)
  Release Data: Off
  Data Released: False
  Global Release Data: Off
  PipelineMTime: 0
  UpdateMTime: 1189
  RealTimeStamp: 0 seconds 
  LargestPossibleRegion: 
    Dimension: 3
    Index: [0, 0, 0]
    Size: [193, 229, 193]
  BufferedRegion: 
    Dimension: 3
    Index: [0, 0, 0]
    Size: [193, 229, 193]
  RequestedRegion: 
    Dimension: 3
    Index: [0, 0, 0]
    Size: [193, 229, 193]
  Spacing: [1, 1, 1]
  Origin: [96, 132, -78]
  Direction: 
-1 0 0
0 -1 0
0 0 1

  IndexToPointMatrix: 
-1 0 0
0 -1 0
0 0 1

  PointToIndexMatrix: 
-1 0 0
0 -1 0
0 0 1

  Inverse Direction: 
-1 0 0
0 -1 0
0 0 1

  PixelContainer: 
    ImportImageContainer (0x497fd60)
      RTTI typeinfo:   itk::ImportImageContainer<unsigned long, double>
      Reference Count: 1
      Modified Time: 1186
      Debug: Off
      Object Name: 
      Observers: 
        none
      Pointer: 0x14e023b0b010
      Container manages memory: true
      Size: 8530021
      Capacity: 8530021

     Moving image = Image (0x4971f60)
  RTTI typeinfo:   itk::Image<double, 3u>
  Reference Count: 2
  Modified Time: 1581
  Debug: Off
  Object Name: 
  Observers: 
    none
  Source: (none)
  Source output name: (none)
  Release Data: Off
  Data Released: False
  Global Release Data: Off
  PipelineMTime: 0
  UpdateMTime: 1578
  RealTimeStamp: 0 seconds 
  LargestPossibleRegion: 
    Dimension: 3
    Index: [0, 0, 0]
    Size: [160, 240, 256]
  BufferedRegion: 
    Dimension: 3
    Index: [0, 0, 0]
    Size: [160, 240, 256]
  RequestedRegion: 
    Dimension: 3
    Index: [0, 0, 0]
    Size: [160, 240, 256]
  Spacing: [1, 1, 1]
  Origin: [91.3357, 102.231, -120.042]
  Direction: 
-0.997442 -5.36781e-05 -0.0714818
5.35416e-05 -1 3.82465e-06
-0.0714818 -1.23894e-08 0.997442

  IndexToPointMatrix: 
-0.997444 -5.36781e-05 -0.0714818
5.35418e-05 -1 3.82465e-06
-0.0714819 -1.23894e-08 0.997442

  PointToIndexMatrix: 
-0.99744 5.35415e-05 -0.0714816
-5.36781e-05 -1 -1.23894e-08
-0.0714818 3.82465e-06 0.997442

  Inverse Direction: 
-0.997442 5.35416e-05 -0.0714818
-5.36781e-05 -1 -1.23894e-08
-0.0714818 3.82465e-06 0.997442

  PixelContainer: 
    ImportImageContainer (0x49636d0)
      RTTI typeinfo:   itk::ImportImageContainer<unsigned long, double>
      Reference Count: 1
      Modified Time: 1575
      Debug: Off
      Object Name: 
      Observers: 
        none
      Pointer: 0x14e01f00a010
      Container manages memory: true
      Size: 9830400
      Capacity: 9830400

     Weighting = 1
     Sampling strategy = regular
     Number of bins = 32
     Radius = 4
     Sampling percentage  = 0.25
   Transform = Rigid
     Gradient step = 0.1
     Update field sigma (voxel space) = 0
     Total field sigma (voxel space) = 0
     Update field time sigma = 0
     Total field time sigma  = 0
     Number of time indices = 0
     Number of time point samples = 0
Registration using 1 total stages.

Stage 0
  iterations = 1000x500x250x100
  convergence threshold = 1e-06
  convergence window size = 10
  number of levels = 4
  using the Mattes MI metric (number of bins = 32, weight = 1, use gradient filter = 0)
  preprocessing:  winsorizing the image intensities
  Shrink factors (level 1 out of 4): [8, 8, 8]
  Shrink factors (level 2 out of 4): [4, 4, 4]
  Shrink factors (level 3 out of 4): [2, 2, 2]
  Shrink factors (level 4 out of 4): [1, 1, 1]
  smoothing sigmas per level: [3, 2, 1, 0]
  regular sampling (percentage = 0.25)

*** Running Euler3DTransform registration ***

DIAGNOSTIC,Iteration,metricValue,convergenceValue,ITERATION_TIME_INDEX,SINCE_LAST
 2DIAGNOSTIC,     1, -5.567767283252e-01, 1.797693134862e+308, 7.5953e-01, 7.5953e-01, 
 2DIAGNOSTIC,     2, -5.584239703569e-01, 1.797693134862e+308, 7.6382e-01, 4.2939e-03, 
 2DIAGNOSTIC,     3, -5.612715515272e-01, 1.797693134862e+308, 7.6820e-01, 4.3750e-03, 
 2DIAGNOSTIC,     4, -5.637780194106e-01, 1.797693134862e+308, 7.7214e-01, 3.9401e-03, 
 2DIAGNOSTIC,     5, -5.658229214212e-01, 1.797693134862e+308, 7.7608e-01, 3.9392e-03, 
 2DIAGNOSTIC,     6, -5.696445468689e-01, 1.797693134862e+308, 7.8050e-01, 4.4219e-03, 
 2DIAGNOSTIC,     7, -5.734118275242e-01, 1.797693134862e+308, 7.8491e-01, 4.4100e-03, 
 2DIAGNOSTIC,     8, -5.754533484979e-01, 1.797693134862e+308, 7.9067e-01, 5.7569e-03, 
 2DIAGNOSTIC,     9, -5.763021950250e-01, 1.797693134862e+308, 7.9475e-01, 4.0848e-03, 
 2DIAGNOSTIC,    10, -5.771142770255e-01, 2.558085388189e-03, 8.0052e-01, 5.7659e-03, 
 2DIAGNOSTIC,    11, -5.785125587612e-01, 2.176117873031e-03, 8.0457e-01, 4.0569e-03, 
 2DIAGNOSTIC,    12, -5.799413348090e-01, 1.786767970983e-03, 8.0985e-01, 5.2719e-03, 
 2DIAGNOSTIC,    13, -5.809477908980e-01, 1.443124036835e-03, 8.1470e-01, 4.8580e-03, 
 2DIAGNOSTIC,    14, -5.814655964876e-01, 1.127354078216e-03, 8.1914e-01, 4.4401e-03, 
 2DIAGNOSTIC,    15, -5.819093877219e-01, 8.331089413526e-04, 8.2427e-01, 5.1210e-03, 
 2DIAGNOSTIC,    16, -5.822326442998e-01, 6.258215683233e-04, 8.2927e-01, 5.0070e-03, 
 2DIAGNOSTIC,    17, -5.825793599843e-01, 5.040365830239e-04, 8.3329e-01, 4.0140e-03, 
 2DIAGNOSTIC,    18, -5.863713925916e-01, 5.095725576648e-04, 8.3849e-01, 5.2071e-03, 
 2DIAGNOSTIC,    19, -5.901617810168e-01, 5.855607354910e-04, 8.4731e-01, 8.8141e-03, 
 2DIAGNOSTIC,    20, -5.906016223816e-01, 6.286272500312e-04, 8.5273e-01, 5.4228e-03, 
 2DIAGNOSTIC,    21, -5.907365705867e-01, 6.467002963840e-04, 8.5740e-01, 4.6709e-03, 
 2DIAGNOSTIC,    22, -5.906256574994e-01, 6.330265936382e-04, 8.6197e-01, 4.5679e-03, 
 2DIAGNOSTIC,    23, -5.906307681711e-01, 5.816453055180e-04, 8.6609e-01, 4.1218e-03, 
 2DIAGNOSTIC,    24, -5.905636622010e-01, 4.878472529223e-04, 8.6986e-01, 3.7699e-03, 
 2DIAGNOSTIC,    25, -5.906024985370e-01, 3.662279783959e-04, 8.7439e-01, 4.5269e-03, 
 2DIAGNOSTIC,    26, -5.906025304324e-01, 2.276984665072e-04, 8.7888e-01, 4.4930e-03, 
 2DIAGNOSTIC,    27, -5.906211320574e-01, 8.394584288758e-05, 8.8331e-01, 4.4250e-03, 
 2DIAGNOSTIC,    28, -5.908796758314e-01, 1.198925031195e-05, 8.8768e-01, 4.3750e-03, 
 2DIAGNOSTIC,    29, -5.911411552395e-01, 1.217108543260e-05, 8.9264e-01, 4.9622e-03, 
 2DIAGNOSTIC,    30, -5.915241330962e-01, 2.456301684457e-05, 8.9898e-01, 6.3329e-03, 
 2DIAGNOSTIC,    31, -5.916229825992e-01, 3.758205306208e-05, 9.0291e-01, 3.9370e-03, 
 2DIAGNOSTIC,    32, -5.916651208817e-01, 4.532975449112e-05, 9.0682e-01, 3.9101e-03, 
 2DIAGNOSTIC,    33, -5.916874987632e-01, 4.885284294586e-05, 9.1071e-01, 3.8841e-03, 
 2DIAGNOSTIC,    34, -5.917053822200e-01, 4.682712858720e-05, 9.1511e-01, 4.3991e-03, 
 2DIAGNOSTIC,    35, -5.917390904868e-01, 4.153275817314e-05, 9.2589e-01, 1.0781e-02, 
 2DIAGNOSTIC,    36, -5.917390912695e-01, 3.272086429382e-05, 9.2986e-01, 3.9709e-03, 
 2DIAGNOSTIC,    37, -5.917391070342e-01, 2.163060314809e-05, 9.3385e-01, 3.9940e-03, 
 2DIAGNOSTIC,    38, -5.917391330930e-01, 1.245673595319e-05, 9.3800e-01, 4.1509e-03, 
 2DIAGNOSTIC,    39, -5.917391754735e-01, 5.801896389771e-06, 9.4197e-01, 3.9699e-03, 
 2DIAGNOSTIC,    40, -5.917392424311e-01, 3.643428652011e-06, 9.4630e-01, 4.3290e-03, 
 2DIAGNOSTIC,    41, -5.917393428829e-01, 2.487109298965e-06, 9.5035e-01, 4.0479e-03, 
 2DIAGNOSTIC,    42, -5.917394845334e-01, 1.715730317684e-06, 9.5461e-01, 4.2570e-03, 
 2DIAGNOSTIC,    43, -5.917396625587e-01, 1.144189314919e-06, 9.5877e-01, 4.1680e-03, 
DIAGNOSTIC,Iteration,metricValue,convergenceValue,ITERATION_TIME_INDEX,SINCE_LAST
 2DIAGNOSTIC,     1, -4.784004501422e-01, 1.797693134862e+308, 1.6618e+00, 7.0305e-01, 
 2DIAGNOSTIC,     2, -4.783999131491e-01, 1.797693134862e+308, 1.6901e+00, 2.8242e-02, 
 2DIAGNOSTIC,     3, -4.784190365429e-01, 1.797693134862e+308, 1.7195e+00, 2.9480e-02, 
 2DIAGNOSTIC,     4, -4.785028756515e-01, 1.797693134862e+308, 1.7463e+00, 2.6775e-02, 
 2DIAGNOSTIC,     5, -4.786647485434e-01, 1.797693134862e+308, 1.7724e+00, 2.6067e-02, 
 2DIAGNOSTIC,     6, -4.788099932963e-01, 1.797693134862e+308, 1.7992e+00, 2.6779e-02, 
 2DIAGNOSTIC,     7, -4.794645847221e-01, 1.797693134862e+308, 1.8258e+00, 2.6597e-02, 
 2DIAGNOSTIC,     8, -4.813619171753e-01, 1.797693134862e+308, 1.8623e+00, 3.6504e-02, 
 2DIAGNOSTIC,     9, -4.817935635329e-01, 1.797693134862e+308, 1.8919e+00, 2.9651e-02, 
 2DIAGNOSTIC,    10, -4.822647496892e-01, 5.583367504245e-04, 1.9186e+00, 2.6709e-02, 
 2DIAGNOSTIC,    11, -4.831344909908e-01, 6.366384574325e-04, 1.9485e+00, 2.9868e-02, 
 2DIAGNOSTIC,    12, -4.835768992587e-01, 6.653898034851e-04, 1.9913e+00, 4.2847e-02, 
 2DIAGNOSTIC,    13, -4.835677565326e-01, 6.290342969081e-04, 2.0243e+00, 3.2984e-02, 
 2DIAGNOSTIC,    14, -4.835733047843e-01, 5.452729207996e-04, 2.0636e+00, 3.9311e-02, 
 2DIAGNOSTIC,    15, -4.835701547253e-01, 4.305772096166e-04, 2.0952e+00, 3.1530e-02, 
 2DIAGNOSTIC,    16, -4.835566913008e-01, 2.956272804301e-04, 2.1288e+00, 3.3628e-02, 
 2DIAGNOSTIC,    17, -4.835523104089e-01, 1.703980275397e-04, 2.1597e+00, 3.0891e-02, 
 2DIAGNOSTIC,    18, -4.835483887834e-01, 1.058854946179e-04, 2.1900e+00, 3.0299e-02, 
 2DIAGNOSTIC,    19, -4.835469915473e-01, 5.203914177246e-05, 2.2194e+00, 2.9413e-02, 
 2DIAGNOSTIC,    20, -4.835401827380e-01, 1.204163305318e-05, 2.2517e+00, 3.2257e-02, 
DIAGNOSTIC,Iteration,metricValue,convergenceValue,ITERATION_TIME_INDEX,SINCE_LAST
 2DIAGNOSTIC,     1, -4.161561167871e-01, 1.797693134862e+308, 3.3778e+00, 1.1261e+00, 
 2DIAGNOSTIC,     2, -4.161756893438e-01, 1.797693134862e+308, 3.6502e+00, 2.7237e-01, 
 2DIAGNOSTIC,     3, -4.161696114508e-01, 1.797693134862e+308, 3.8973e+00, 2.4714e-01, 
 2DIAGNOSTIC,     4, -4.161681503552e-01, 1.797693134862e+308, 4.3046e+00, 4.0734e-01, 
 2DIAGNOSTIC,     5, -4.161678896602e-01, 1.797693134862e+308, 4.5745e+00, 2.6982e-01, 
 2DIAGNOSTIC,     6, -4.161669123584e-01, 1.797693134862e+308, 4.8435e+00, 2.6901e-01, 
 2DIAGNOSTIC,     7, -4.161667485642e-01, 1.797693134862e+308, 5.1573e+00, 3.1385e-01, 
 2DIAGNOSTIC,     8, -4.161656816015e-01, 1.797693134862e+308, 5.3945e+00, 2.3715e-01, 
 2DIAGNOSTIC,     9, -4.161650043537e-01, 1.797693134862e+308, 5.6863e+00, 2.9185e-01, 
 2DIAGNOSTIC,    10, -4.161655463813e-01, 2.943366614647e-06, 5.9824e+00, 2.9608e-01, 
 2DIAGNOSTIC,    11, -4.161636420994e-01, 1.720591495225e-06, 6.2567e+00, 2.7426e-01, 
 2DIAGNOSTIC,    12, -4.161624970809e-01, 1.867462473631e-06, 6.5217e+00, 2.6504e-01, 
 2DIAGNOSTIC,    13, -4.161615819744e-01, 1.698398060801e-06, 6.8043e+00, 2.8257e-01, 
 2DIAGNOSTIC,    14, -4.161624603294e-01, 1.592444846724e-06, 7.0874e+00, 2.8313e-01, 
 2DIAGNOSTIC,    15, -4.161620529813e-01, 1.530180436179e-06, 7.3655e+00, 2.7808e-01, 
 2DIAGNOSTIC,    16, -4.161603835106e-01, 1.417836917567e-06, 7.6071e+00, 2.4162e-01, 
 2DIAGNOSTIC,    17, -4.161625251481e-01, 1.455414117842e-06, 7.9131e+00, 3.0596e-01, 
 2DIAGNOSTIC,    18, -4.161617349625e-01, 1.453854861458e-06, 8.1516e+00, 2.3856e-01, 
 2DIAGNOSTIC,    19, -4.161656140594e-01, 1.594928502345e-06, 8.4242e+00, 2.7254e-01, 
 2DIAGNOSTIC,    20, -4.161678254530e-01, 1.821576325590e-06, 8.8215e+00, 3.9733e-01, 
 2DIAGNOSTIC,    21, -4.161672172260e-01, 1.924327023957e-06, 9.1160e+00, 2.9455e-01, 
 2DIAGNOSTIC,    22, -4.161665846123e-01, 1.927748310135e-06, 9.3614e+00, 2.4540e-01, 
 2DIAGNOSTIC,    23, -4.161660793966e-01, 1.843028034618e-06, 9.6180e+00, 2.5651e-01, 
 2DIAGNOSTIC,    24, -4.161655365533e-01, 1.730448867129e-06, 9.8536e+00, 2.3565e-01, 
 2DIAGNOSTIC,    25, -4.161651834946e-01, 1.568353732939e-06, 1.0079e+01, 2.2555e-01, 
 2DIAGNOSTIC,    26, -4.161660037665e-01, 1.368374529624e-06, 1.0333e+01, 2.5386e-01, 
 2DIAGNOSTIC,    27, -4.161651045496e-01, 1.203105051154e-06, 1.0559e+01, 2.2558e-01, 
 2DIAGNOSTIC,    28, -4.161679884897e-01, 1.097088641447e-06, 1.0781e+01, 2.2288e-01, 
 2DIAGNOSTIC,    29, -4.161710849647e-01, 1.162831218274e-06, 1.1038e+01, 2.5608e-01, 
 2DIAGNOSTIC,    30, -4.161703640305e-01, 1.250475692605e-06, 1.1292e+01, 2.5459e-01, 
 2DIAGNOSTIC,    31, -4.161708142910e-01, 1.313167809255e-06, 1.1549e+01, 2.5660e-01, 
 2DIAGNOSTIC,    32, -4.161710089264e-01, 1.336085267090e-06, 1.1785e+01, 2.3589e-01, 
 2DIAGNOSTIC,    33, -4.161749613448e-01, 1.395595231109e-06, 1.2036e+01, 2.5103e-01, 
 2DIAGNOSTIC,    34, -4.161777487504e-01, 1.452526297959e-06, 1.2258e+01, 2.2189e-01, 
 2DIAGNOSTIC,    35, -4.161792220176e-01, 1.478601716919e-06, 1.2530e+01, 2.7233e-01, 
 2DIAGNOSTIC,    36, -4.161806859647e-01, 1.495439424987e-06, 1.2793e+01, 2.6311e-01, 
 2DIAGNOSTIC,    37, -4.161791778424e-01, 1.407680677874e-06, 1.3021e+01, 2.2769e-01, 
 2DIAGNOSTIC,    38, -4.161838486865e-01, 1.406626885653e-06, 1.3306e+01, 2.8517e-01, 
 2DIAGNOSTIC,    39, -4.161849953099e-01, 1.422742190844e-06, 1.3579e+01, 2.7271e-01, 
 2DIAGNOSTIC,    40, -4.161860914889e-01, 1.386764649853e-06, 1.3920e+01, 3.4162e-01, 
 2DIAGNOSTIC,    41, -4.161854987575e-01, 1.295749591040e-06, 1.4168e+01, 2.4819e-01, 
 2DIAGNOSTIC,    42, -4.161840259987e-01, 1.138573352794e-06, 1.4425e+01, 2.5639e-01, 
 2DIAGNOSTIC,    43, -4.161834049859e-01, 1.004201840869e-06, 1.4648e+01, 2.2337e-01, 
DIAGNOSTIC,Iteration,metricValue,convergenceValue,ITERATION_TIME_INDEX,SINCE_LAST
 2DIAGNOSTIC,     1, -3.834265912344e-01, 1.797693134862e+308, 1.7079e+01, 2.4314e+00, 
 2DIAGNOSTIC,     2, -3.834925053361e-01, 1.797693134862e+308, 1.8650e+01, 1.5703e+00, 
 2DIAGNOSTIC,     3, -3.834978116483e-01, 1.797693134862e+308, 2.0182e+01, 1.5323e+00, 
 2DIAGNOSTIC,     4, -3.835004127732e-01, 1.797693134862e+308, 2.1686e+01, 1.5044e+00, 
 2DIAGNOSTIC,     5, -3.835019582512e-01, 1.797693134862e+308, 2.3392e+01, 1.7057e+00, 
 2DIAGNOSTIC,     6, -3.835049957418e-01, 1.797693134862e+308, 2.5118e+01, 1.7261e+00, 
 2DIAGNOSTIC,     7, -3.835058343720e-01, 1.797693134862e+308, 2.6764e+01, 1.6455e+00, 
 2DIAGNOSTIC,     8, -3.835066498253e-01, 1.797693134862e+308, 2.8588e+01, 1.8246e+00, 
 2DIAGNOSTIC,     9, -3.835062955320e-01, 1.797693134862e+308, 3.0290e+01, 1.7014e+00, 
 2DIAGNOSTIC,    10, -3.835063108995e-01, 1.066660734167e-05, 3.2018e+01, 1.7283e+00, 
 2DIAGNOSTIC,    11, -3.835061571789e-01, 4.747040613623e-06, 3.4203e+01, 2.1845e+00, 
 2DIAGNOSTIC,    12, -3.835060832648e-01, 3.706200583084e-06, 3.5692e+01, 1.4891e+00, 
 2DIAGNOSTIC,    13, -3.835060190719e-01, 3.027826067939e-06, 3.7374e+01, 1.6823e+00, 
 2DIAGNOSTIC,    14, -3.835058638477e-01, 2.523467046073e-06, 3.9023e+01, 1.6488e+00, 
 2DIAGNOSTIC,    15, -3.835058006962e-01, 2.133709260443e-06, 4.0775e+01, 1.7521e+00, 
 2DIAGNOSTIC,    16, -3.835056463969e-01, 1.924177721671e-06, 4.2761e+01, 1.9859e+00, 
 2DIAGNOSTIC,    17, -3.835054775127e-01, 1.773328557782e-06, 4.4406e+01, 1.6453e+00, 
 2DIAGNOSTIC,    18, -3.835053086120e-01, 1.675385377015e-06, 4.5877e+01, 1.4712e+00, 
 2DIAGNOSTIC,    19, -3.835051448142e-01, 1.576051817290e-06, 4.7364e+01, 1.4864e+00, 
 2DIAGNOSTIC,    20, -3.835051658764e-01, 1.497295073809e-06, 4.8898e+01, 1.5340e+00, 
 2DIAGNOSTIC,    21, -3.835053779573e-01, 1.436675313209e-06, 5.0431e+01, 1.5333e+00, 
 2DIAGNOSTIC,    22, -3.835055901413e-01, 1.393331720743e-06, 5.2037e+01, 1.6060e+00, 
 2DIAGNOSTIC,    23, -3.835055251004e-01, 1.354581542129e-06, 5.3521e+01, 1.4842e+00, 
 2DIAGNOSTIC,    24, -3.835054518283e-01, 1.314933130436e-06, 5.5041e+01, 1.5195e+00, 
 2DIAGNOSTIC,    25, -3.835053813424e-01, 1.275595340938e-06, 5.6371e+01, 1.3304e+00, 
 2DIAGNOSTIC,    26, -3.835053141617e-01, 1.232550094966e-06, 5.7712e+01, 1.3407e+00, 
 2DIAGNOSTIC,    27, -3.835053494676e-01, 1.188143193331e-06, 5.9130e+01, 1.4182e+00, 
 2DIAGNOSTIC,    28, -3.835054089354e-01, 1.143229099144e-06, 6.0758e+01, 1.6279e+00, 
 2DIAGNOSTIC,    29, -3.835055814679e-01, 1.101082728973e-06, 6.2194e+01, 1.4362e+00, 
 2DIAGNOSTIC,    30, -3.835053714642e-01, 1.056523027218e-06, 6.4357e+01, 2.1624e+00, 
 2DIAGNOSTIC,    31, -3.835053052289e-01, 1.018740040472e-06, 6.5907e+01, 1.5502e+00, 
  Elapsed time (stage 0): 6.6703e+01


Total elapsed time: 6.6705e+01
Info [verificarlo]: loaded backend libinterflop_ieee.so
Info [interflop-ieee]: load backend with:
Info [interflop-ieee]: debug = false
Info [interflop-ieee]: debug-binary = false
Info [interflop-ieee]: no-backend-name = false
Info [interflop-ieee]: print-new-line = false
Info [interflop-ieee]: print-subnormal-normalized = false
Info [interflop-ieee]: count-op = false
All_Command_lines_OK
Using double precision for computations.
=============================================================================
The composite transform comprises the following transforms (in order): 
  1. /home/mdugre/scratch/mri-registration-rp/datasets/ds004513/derivatives/mri-registration-rp/0001/antsRegistration-r7-p19/sub-s017/rigid_Composite.h5[0] (type = Euler3DTransform)
  2. /home/mdugre/scratch/mri-registration-rp/datasets/ds004513/derivatives/mri-registration-rp/0001/antsRegistration-r7-p19/sub-s017/rigid_Composite.h5[1] (type = Euler3DTransform)
  3. /home/mdugre/scratch/mri-registration-rp/datasets/ds004513/derivatives/mri-registration-rp/0001/antsRegistration-r7-p19/sub-s017/rigid_Composite.h5[2] (type = Euler3DTransform)
=============================================================================
  number of levels = 4
  fixed image: /templateflow/tpl-MNI152NLin2009cAsym/tpl-MNI152NLin2009cAsym_res-01_desc-brain_T1w.nii.gz
  moving image: /home/mdugre/scratch/mri-registration-rp/datasets/ds004513/derivatives/mri-registration-rp/antsBrainExtraction/sub-s017/BrainExtractionBrain.nii.gz
Dimension = 3
Number of stages = 1
Use histogram matching = false
Winsorize image intensities = true
  Lower quantile = 0.005
  Upper quantile = 0.995


Stage 1 State
   Image metric = MattesMI
     Fixed image = Image (0x39d97e0)
  RTTI typeinfo:   itk::Image<double, 3u>
  Reference Count: 2
  Modified Time: 1594
  Debug: Off
  Object Name: 
  Observers: 
    none
  Source: (none)
  Source output name: (none)
  Release Data: Off
  Data Released: False
  Global Release Data: Off
  PipelineMTime: 0
  UpdateMTime: 1203
  RealTimeStamp: 0 seconds 
  LargestPossibleRegion: 
    Dimension: 3
    Index: [0, 0, 0]
    Size: [193, 229, 193]
  BufferedRegion: 
    Dimension: 3
    Index: [0, 0, 0]
    Size: [193, 229, 193]
  RequestedRegion: 
    Dimension: 3
    Index: [0, 0, 0]
    Size: [193, 229, 193]
  Spacing: [1, 1, 1]
  Origin: [96, 132, -78]
  Direction: 
-1 0 0
0 -1 0
0 0 1

  IndexToPointMatrix: 
-1 0 0
0 -1 0
0 0 1

  PointToIndexMatrix: 
-1 0 0
0 -1 0
0 0 1

  Inverse Direction: 
-1 0 0
0 -1 0
0 0 1

  PixelContainer: 
    ImportImageContainer (0x3a99a20)
      RTTI typeinfo:   itk::ImportImageContainer<unsigned long, double>
      Reference Count: 1
      Modified Time: 1200
      Debug: Off
      Object Name: 
      Observers: 
        none
      Pointer: 0x1531a5e94010
      Container manages memory: true
      Size: 8530021
      Capacity: 8530021

     Moving image = Image (0x3a94d70)
  RTTI typeinfo:   itk::Image<double, 3u>
  Reference Count: 2
  Modified Time: 1595
  Debug: Off
  Object Name: 
  Observers: 
    none
  Source: (none)
  Source output name: (none)
  Release Data: Off
  Data Released: False
  Global Release Data: Off
  PipelineMTime: 0
  UpdateMTime: 1592
  RealTimeStamp: 0 seconds 
  LargestPossibleRegion: 
    Dimension: 3
    Index: [0, 0, 0]
    Size: [160, 240, 256]
  BufferedRegion: 
    Dimension: 3
    Index: [0, 0, 0]
    Size: [160, 240, 256]
  RequestedRegion: 
    Dimension: 3
    Index: [0, 0, 0]
    Size: [160, 240, 256]
  Spacing: [1, 1, 1]
  Origin: [91.3357, 102.231, -120.042]
  Direction: 
-0.997442 -5.36781e-05 -0.0714818
5.35416e-05 -1 3.82465e-06
-0.0714818 -1.23894e-08 0.997442

  IndexToPointMatrix: 
-0.997444 -5.36781e-05 -0.0714818
5.35418e-05 -1 3.82465e-06
-0.0714819 -1.23894e-08 0.997442

  PointToIndexMatrix: 
-0.99744 5.35415e-05 -0.0714816
-5.36781e-05 -1 -1.23894e-08
-0.0714818 3.82465e-06 0.997442

  Inverse Direction: 
-0.997442 5.35416e-05 -0.0714818
-5.36781e-05 -1 -1.23894e-08
-0.0714818 3.82465e-06 0.997442

  PixelContainer: 
    ImportImageContainer (0x3a4cc90)
      RTTI typeinfo:   itk::ImportImageContainer<unsigned long, double>
      Reference Count: 1
      Modified Time: 1589
      Debug: Off
      Object Name: 
      Observers: 
        none
      Pointer: 0x1531a1393010
      Container manages memory: true
      Size: 9830400
      Capacity: 9830400

     Weighting = 1
     Sampling strategy = regular
     Number of bins = 32
     Radius = 4
     Sampling percentage  = 0.25
   Transform = Affine
     Gradient step = 0.1
     Update field sigma (voxel space) = 0
     Total field sigma (voxel space) = 0
     Update field time sigma = 0
     Total field time sigma  = 0
     Number of time indices = 0
     Number of time point samples = 0
Registration using 1 total stages.

Stage 0
  iterations = 1000x500x250x100
  convergence threshold = 1e-06
  convergence window size = 10
  number of levels = 4
  using the Mattes MI metric (number of bins = 32, weight = 1, use gradient filter = 0)
  preprocessing:  winsorizing the image intensities
  Shrink factors (level 1 out of 4): [8, 8, 8]
  Shrink factors (level 2 out of 4): [4, 4, 4]
  Shrink factors (level 3 out of 4): [2, 2, 2]
  Shrink factors (level 4 out of 4): [1, 1, 1]
  smoothing sigmas per level: [3, 2, 1, 0]
  regular sampling (percentage = 0.25)

*** Running AffineTransform registration ***

DIAGNOSTIC,Iteration,metricValue,convergenceValue,ITERATION_TIME_INDEX,SINCE_LAST
 2DIAGNOSTIC,     1, -5.806290998422e-01, 1.797693134862e+308, 7.9889e-01, 7.9889e-01, 
 2DIAGNOSTIC,     2, -5.832407507921e-01, 1.797693134862e+308, 8.0380e-01, 4.9081e-03, 
 2DIAGNOSTIC,     3, -5.883921006174e-01, 1.797693134862e+308, 8.0852e-01, 4.7178e-03, 
 2DIAGNOSTIC,     4, -5.973582020897e-01, 1.797693134862e+308, 8.1324e-01, 4.7269e-03, 
 2DIAGNOSTIC,     5, -6.166279651582e-01, 1.797693134862e+308, 8.1866e-01, 5.4209e-03, 
 2DIAGNOSTIC,     6, -6.406440244754e-01, 1.797693134862e+308, 8.2399e-01, 5.3282e-03, 
 2DIAGNOSTIC,     7, -7.009864256531e-01, 1.797693134862e+308, 8.3040e-01, 6.4092e-03, 
 2DIAGNOSTIC,     8, -7.630482514741e-01, 1.797693134862e+308, 8.3589e-01, 5.4901e-03, 
 2DIAGNOSTIC,     9, -8.423469021528e-01, 1.797693134862e+308, 8.4413e-01, 8.2359e-03, 
 2DIAGNOSTIC,    10, -8.569694551833e-01, 2.845116130765e-02, 8.4988e-01, 5.7480e-03, 
 2DIAGNOSTIC,    11, -8.701917123390e-01, 2.871708895798e-02, 8.5685e-01, 6.9790e-03, 
 2DIAGNOSTIC,    12, -8.814645613761e-01, 2.683607374014e-02, 8.6625e-01, 9.3999e-03, 
 2DIAGNOSTIC,    13, -8.822368116703e-01, 2.307206283976e-02, 8.7141e-01, 5.1529e-03, 
 2DIAGNOSTIC,    14, -8.834458719547e-01, 1.815384140787e-02, 8.7790e-01, 6.4940e-03, 
 2DIAGNOSTIC,    15, -8.851322802312e-01, 1.292532926409e-02, 8.8372e-01, 5.8150e-03, 
 2DIAGNOSTIC,    16, -8.870480809754e-01, 7.902435071974e-03, 8.8869e-01, 4.9710e-03, 
 2DIAGNOSTIC,    17, -8.886777819888e-01, 4.189413179536e-03, 8.9527e-01, 6.5830e-03, 
 2DIAGNOSTIC,    18, -8.889448810647e-01, 1.810422431586e-03, 9.0162e-01, 6.3510e-03, 
 2DIAGNOSTIC,    19, -8.890594323545e-01, 1.083853133826e-03, 9.0833e-01, 6.7079e-03, 
 2DIAGNOSTIC,    20, -8.887882561868e-01, 5.969783266900e-04, 9.1458e-01, 6.2459e-03, 
 2DIAGNOSTIC,    21, -8.886098615830e-01, 3.264824915421e-04, 9.2161e-01, 7.0360e-03, 
 2DIAGNOSTIC,    22, -8.885249832630e-01, 2.361096524718e-04, 9.2807e-01, 6.4602e-03, 
 2DIAGNOSTIC,    23, -8.882875302950e-01, 1.410432909957e-04, 9.3406e-01, 5.9850e-03, 
 2DIAGNOSTIC,    24, -8.882052345304e-01, 5.851496533456e-05, 9.3952e-01, 5.4669e-03, 
DIAGNOSTIC,Iteration,metricValue,convergenceValue,ITERATION_TIME_INDEX,SINCE_LAST
 2DIAGNOSTIC,     1, -7.469015879648e-01, 1.797693134862e+308, 1.7193e+00, 7.7975e-01, 
 2DIAGNOSTIC,     2, -7.476337610410e-01, 1.797693134862e+308, 1.7541e+00, 3.4861e-02, 
 2DIAGNOSTIC,     3, -7.481984149280e-01, 1.797693134862e+308, 1.7880e+00, 3.3904e-02, 
 2DIAGNOSTIC,     4, -7.485348956956e-01, 1.797693134862e+308, 1.8235e+00, 3.5450e-02, 
 2DIAGNOSTIC,     5, -7.488723349278e-01, 1.797693134862e+308, 1.8615e+00, 3.8035e-02, 
 2DIAGNOSTIC,     6, -7.493028718305e-01, 1.797693134862e+308, 1.9031e+00, 4.1570e-02, 
 2DIAGNOSTIC,     7, -7.498240981559e-01, 1.797693134862e+308, 1.9478e+00, 4.4665e-02, 
 2DIAGNOSTIC,     8, -7.499189037902e-01, 1.797693134862e+308, 1.9836e+00, 3.5886e-02, 
 2DIAGNOSTIC,     9, -7.503981904093e-01, 1.797693134862e+308, 2.0275e+00, 4.3842e-02, 
 2DIAGNOSTIC,    10, -7.505578656706e-01, 3.049238828434e-04, 2.0662e+00, 3.8746e-02, 
 2DIAGNOSTIC,    11, -7.505341234006e-01, 2.389539905579e-04, 2.1083e+00, 4.2100e-02, 
 2DIAGNOSTIC,    12, -7.505061914040e-01, 1.848758139645e-04, 2.1475e+00, 3.9152e-02, 
 2DIAGNOSTIC,    13, -7.505141121036e-01, 1.393602382940e-04, 2.1894e+00, 4.1902e-02, 
 2DIAGNOSTIC,    14, -7.505102732883e-01, 9.677096751333e-05, 2.2298e+00, 4.0399e-02, 
 2DIAGNOSTIC,    15, -7.505029862816e-01, 5.935599136427e-05, 2.2713e+00, 4.1483e-02, 
 2DIAGNOSTIC,    16, -7.504912485456e-01, 3.116311033112e-05, 2.3122e+00, 4.0931e-02, 
 2DIAGNOSTIC,    17, -7.504804688806e-01, 1.513171414643e-05, 2.3489e+00, 3.6749e-02, 
 2DIAGNOSTIC,    18, -7.504860792651e-01, 1.517274441781e-06, 2.3822e+00, 3.3280e-02, 
DIAGNOSTIC,Iteration,metricValue,convergenceValue,ITERATION_TIME_INDEX,SINCE_LAST
 2DIAGNOSTIC,     1, -6.294116115695e-01, 1.797693134862e+308, 3.5685e+00, 1.1862e+00, 
 2DIAGNOSTIC,     2, -6.299274337730e-01, 1.797693134862e+308, 3.9017e+00, 3.3326e-01, 
 2DIAGNOSTIC,     3, -6.304606937591e-01, 1.797693134862e+308, 4.2343e+00, 3.3256e-01, 
 2DIAGNOSTIC,     4, -6.311440983255e-01, 1.797693134862e+308, 4.5683e+00, 3.3403e-01, 
 2DIAGNOSTIC,     5, -6.319613521830e-01, 1.797693134862e+308, 4.8803e+00, 3.1197e-01, 
 2DIAGNOSTIC,     6, -6.326508619657e-01, 1.797693134862e+308, 5.4330e+00, 5.5268e-01, 
 2DIAGNOSTIC,     7, -6.326442431801e-01, 1.797693134862e+308, 5.8663e+00, 4.3338e-01, 
 2DIAGNOSTIC,     8, -6.326421030306e-01, 1.797693134862e+308, 6.1747e+00, 3.0831e-01, 
 2DIAGNOSTIC,     9, -6.326413590417e-01, 1.797693134862e+308, 6.5299e+00, 3.5524e-01, 
 2DIAGNOSTIC,    10, -6.326405356615e-01, 3.607193936557e-04, 6.9282e+00, 3.9834e-01, 
 2DIAGNOSTIC,    11, -6.326380581045e-01, 2.475998145236e-04, 7.2619e+00, 3.3368e-01, 
 2DIAGNOSTIC,    12, -6.326382568654e-01, 1.509095224935e-04, 7.5486e+00, 2.8671e-01, 
 2DIAGNOSTIC,    13, -6.326371996904e-01, 7.419551186362e-05, 7.8765e+00, 3.2787e-01, 
 2DIAGNOSTIC,    14, -6.326376013453e-01, 2.341664838847e-05, 8.2203e+00, 3.4381e-01, 
 2DIAGNOSTIC,    15, -6.326364676304e-01, 1.358505347604e-06, 8.5288e+00, 3.0853e-01, 
 2DIAGNOSTIC,    16, -6.326355130286e-01, 1.489403002555e-06, 8.8627e+00, 3.3391e-01, 
 2DIAGNOSTIC,    17, -6.326348603516e-01, 1.460469330507e-06, 9.2508e+00, 3.8806e-01, 
 2DIAGNOSTIC,    18, -6.326337609392e-01, 1.391313741543e-06, 9.5681e+00, 3.1733e-01, 
 2DIAGNOSTIC,    19, -6.326327161634e-01, 1.322246830679e-06, 9.8579e+00, 2.8980e-01, 
 2DIAGNOSTIC,    20, -6.326305164370e-01, 1.226844804886e-06, 1.0171e+01, 3.1301e-01, 
 2DIAGNOSTIC,    21, -6.326298185449e-01, 1.107474500224e-06, 1.0486e+01, 3.1527e-01, 
 2DIAGNOSTIC,    22, -6.326281932615e-01, 1.008190472038e-06, 1.0789e+01, 3.0285e-01, 
DIAGNOSTIC,Iteration,metricValue,convergenceValue,ITERATION_TIME_INDEX,SINCE_LAST
 2DIAGNOSTIC,     1, -5.634463072695e-01, 1.797693134862e+308, 1.3769e+01, 2.9799e+00, 
 2DIAGNOSTIC,     2, -5.639251008415e-01, 1.797693134862e+308, 1.5578e+01, 1.8094e+00, 
 2DIAGNOSTIC,     3, -5.643935835593e-01, 1.797693134862e+308, 1.7384e+01, 1.8061e+00, 
 2DIAGNOSTIC,     4, -5.653421951948e-01, 1.797693134862e+308, 1.9374e+01, 1.9900e+00, 
 2DIAGNOSTIC,     5, -5.666806374548e-01, 1.797693134862e+308, 2.2499e+01, 3.1246e+00, 
 2DIAGNOSTIC,     6, -5.666788466782e-01, 1.797693134862e+308, 2.5069e+01, 2.5699e+00, 
 2DIAGNOSTIC,     7, -5.666781277853e-01, 1.797693134862e+308, 2.7124e+01, 2.0555e+00, 
 2DIAGNOSTIC,     8, -5.666783388418e-01, 1.797693134862e+308, 2.9927e+01, 2.8024e+00, 
 2DIAGNOSTIC,     9, -5.666783737944e-01, 1.797693134862e+308, 3.2559e+01, 2.6326e+00, 
 2DIAGNOSTIC,    10, -5.666783780701e-01, 3.983051315154e-04, 3.4715e+01, 2.1555e+00, 
 2DIAGNOSTIC,    11, -5.666784958067e-01, 2.625633071279e-04, 3.7137e+01, 2.4220e+00, 
 2DIAGNOSTIC,    12, -5.666783039100e-01, 1.470594475919e-04, 3.9298e+01, 2.1611e+00, 
 2DIAGNOSTIC,    13, -5.666782331177e-01, 5.397796987376e-05, 4.1231e+01, 1.9328e+00, 
 2DIAGNOSTIC,    14, -5.666781623226e-01, 2.173980611281e-06, 4.3139e+01, 1.9079e+00, 
 2DIAGNOSTIC,    15, -5.666779423032e-01, 2.090872017621e-06, 4.5141e+01, 2.0018e+00, 
 2DIAGNOSTIC,    16, -5.666778864540e-01, 1.964007716640e-06, 4.7140e+01, 1.9990e+00, 
 2DIAGNOSTIC,    17, -5.666778195728e-01, 1.831153003479e-06, 4.9080e+01, 1.9400e+00, 
 2DIAGNOSTIC,    18, -5.666778095801e-01, 1.722573038404e-06, 5.1049e+01, 1.9696e+00, 
 2DIAGNOSTIC,    19, -5.666778957242e-01, 1.632897430867e-06, 5.2883e+01, 1.8336e+00, 
 2DIAGNOSTIC,    20, -5.666781444113e-01, 1.562363891656e-06, 5.5131e+01, 2.2479e+00, 
 2DIAGNOSTIC,    21, -5.666783611474e-01, 1.509276581539e-06, 5.7199e+01, 2.0684e+00, 
 2DIAGNOSTIC,    22, -5.666780536208e-01, 1.450186553502e-06, 5.9134e+01, 1.9347e+00, 
 2DIAGNOSTIC,    23, -5.666782904629e-01, 1.399871556923e-06, 6.1525e+01, 2.3917e+00, 
 2DIAGNOSTIC,    24, -5.666783981683e-01, 1.352942739966e-06, 6.3589e+01, 2.0635e+00, 
 2DIAGNOSTIC,    25, -5.666783076476e-01, 1.300840106327e-06, 6.5298e+01, 1.7087e+00, 
 2DIAGNOSTIC,    26, -5.666781084502e-01, 1.245376327633e-06, 6.7301e+01, 2.0039e+00, 
 2DIAGNOSTIC,    27, -5.666779092498e-01, 1.187371692600e-06, 6.9267e+01, 1.9659e+00, 
 2DIAGNOSTIC,    28, -5.666778592403e-01, 1.131684270170e-06, 7.1181e+01, 1.9139e+00, 
 2DIAGNOSTIC,    29, -5.666776789193e-01, 1.078410175166e-06, 7.3071e+01, 1.8896e+00, 
 2DIAGNOSTIC,    30, -5.666776703313e-01, 1.034465996766e-06, 7.4933e+01, 1.8617e+00, 
  Elapsed time (stage 0): 7.6018e+01


Total elapsed time: 7.6021e+01
Info [verificarlo]: loaded backend libinterflop_vprec.so
Info [interflop-vprec]: load backend with: 
Info [interflop-vprec]: precision-binary32 = 19
Info [interflop-vprec]: range-binary32 = 7
Info [interflop-vprec]: precision-binary64 = 19
Info [interflop-vprec]: range-binary64 = 7
Info [interflop-vprec]: mode = ob
Info [interflop-vprec]: error-mode = rel
Info [interflop-vprec]: max-abs-error-exponent = -1022
Info [interflop-vprec]: daz = false
Info [interflop-vprec]: ftz = false
Info [interflop-vprec]: 	instrument = none
Info [interflop-vprec]: 	prec-input-file = (null)
Info [interflop-vprec]: 	prec-output-file = (null)
Info [interflop-vprec]: 	prec-log-file = (null)
All_Command_lines_OK
Using double precision for computations.
=============================================================================
The composite transform comprises the following transforms (in order): 
  1. /home/mdugre/scratch/mri-registration-rp/datasets/ds004513/derivatives/mri-registration-rp/0001/antsRegistration-r7-p19/sub-s017/affine_Composite.h5[0] (type = Euler3DTransform)
  2. /home/mdugre/scratch/mri-registration-rp/datasets/ds004513/derivatives/mri-registration-rp/0001/antsRegistration-r7-p19/sub-s017/affine_Composite.h5[1] (type = Euler3DTransform)
  3. /home/mdugre/scratch/mri-registration-rp/datasets/ds004513/derivatives/mri-registration-rp/0001/antsRegistration-r7-p19/sub-s017/affine_Composite.h5[2] (type = Euler3DTransform)
  4. /home/mdugre/scratch/mri-registration-rp/datasets/ds004513/derivatives/mri-registration-rp/0001/antsRegistration-r7-p19/sub-s017/affine_Composite.h5[3] (type = AffineTransform)
=============================================================================
  number of levels = 4
  fixed image: /templateflow/tpl-MNI152NLin2009cAsym/tpl-MNI152NLin2009cAsym_res-01_desc-brain_T1w.nii.gz
  moving image: /home/mdugre/scratch/mri-registration-rp/datasets/ds004513/derivatives/mri-registration-rp/antsBrainExtraction/sub-s017/BrainExtractionBrain.nii.gz
Dimension = 3
Number of stages = 1
Use histogram matching = false
Winsorize image intensities = true
  Lower quantile = 0.005
  Upper quantile = 0.995


Stage 1 State
   Image metric = CC
     Fixed image = Image (0x4a076f0)
  RTTI typeinfo:   itk::Image<double, 3u>
  Reference Count: 2
  Modified Time: 1608
  Debug: Off
  Object Name: 
  Observers: 
    none
  Source: (none)
  Source output name: (none)
