
##########################
# Experiment information #
##########################

EXPERIMENT_NAME: antsRegistration-r8-p14
VFC_BACKENDS: libinterflop_vprec.so --range-binary32=8 --precision-binary32=14 --range-binary64=8 --precision-binary64=14

SIF_IMG: /home/mdugre/projects/rrg-glatard/mdugre/containers/ants-vprec-no_metrics.simg

SUBJECT_ID: s003
INPUT_IMG: /home/mdugre/scratch/mri-registration-rp/datasets/ds004513/derivatives/mri-registration-rp/antsBrainExtraction/sub-s003/BrainExtractionBrain.nii.gz
OUTPUT_DIR: /home/mdugre/scratch/mri-registration-rp/datasets/ds004513/derivatives/mri-registration-rp/0001/antsRegistration-r8-p14/sub-s003

FIXED_IMG: /templateflow/tpl-MNI152NLin2009cAsym/tpl-MNI152NLin2009cAsym_res-01_desc-brain_T1w.nii.gz
DATA_DIR: /home/mdugre/scratch/mri-registration-rp/datasets/ds004513
TEMPLATEFLOW_DIR: /home/mdugre/projects/rrg-glatard/mdugre/templateflow
ITK_GLOBAL_DEFAULT_NUMBER_OF_THREADS: 16
##########################

Info [verificarlo]: loaded backend libinterflop_ieee.so
Info [interflop-ieee]: load backend with:
Info [interflop-ieee]: debug = false
Info [interflop-ieee]: debug-binary = false
Info [interflop-ieee]: no-backend-name = false
Info [interflop-ieee]: print-new-line = false
Info [interflop-ieee]: print-subnormal-normalized = false
Info [interflop-ieee]: count-op = false
All_Command_lines_OK
Using double precision for computations.
=============================================================================
The composite transform comprises the following transforms (in order): 
  1. Center of mass alignment using fixed image: /templateflow/tpl-MNI152NLin2009cAsym/tpl-MNI152NLin2009cAsym_res-01_desc-brain_T1w.nii.gz and moving image: /home/mdugre/scratch/mri-registration-rp/datasets/ds004513/derivatives/mri-registration-rp/antsBrainExtraction/sub-s003/BrainExtractionBrain.nii.gz (type = Euler3DTransform)
=============================================================================
  number of levels = 1
  fixed image: /templateflow/tpl-MNI152NLin2009cAsym/tpl-MNI152NLin2009cAsym_res-01_desc-brain_T1w.nii.gz
  moving image: /home/mdugre/scratch/mri-registration-rp/datasets/ds004513/derivatives/mri-registration-rp/antsBrainExtraction/sub-s003/BrainExtractionBrain.nii.gz
Dimension = 3
Number of stages = 1
Use histogram matching = false
Winsorize image intensities = true
  Lower quantile = 0.005
  Upper quantile = 0.995


Stage 1 State
   Image metric = MattesMI
     Fixed image = Image (0x3d16e70)
  RTTI typeinfo:   itk::Image<double, 3u>
  Reference Count: 2
  Modified Time: 2334
  Debug: Off
  Object Name: 
  Observers: 
    none
  Source: (none)
  Source output name: (none)
  Release Data: Off
  Data Released: False
  Global Release Data: Off
  PipelineMTime: 0
  UpdateMTime: 1943
  RealTimeStamp: 0 seconds 
  LargestPossibleRegion: 
    Dimension: 3
    Index: [0, 0, 0]
    Size: [193, 229, 193]
  BufferedRegion: 
    Dimension: 3
    Index: [0, 0, 0]
    Size: [193, 229, 193]
  RequestedRegion: 
    Dimension: 3
    Index: [0, 0, 0]
    Size: [193, 229, 193]
  Spacing: [1, 1, 1]
  Origin: [96, 132, -78]
  Direction: 
-1 0 0
0 -1 0
0 0 1

  IndexToPointMatrix: 
-1 0 0
0 -1 0
0 0 1

  PointToIndexMatrix: 
-1 0 0
0 -1 0
0 0 1

  Inverse Direction: 
-1 0 0
0 -1 0
0 0 1

  PixelContainer: 
    ImportImageContainer (0x3d23140)
      RTTI typeinfo:   itk::ImportImageContainer<unsigned long, double>
      Reference Count: 1
      Modified Time: 1940
      Debug: Off
      Object Name: 
      Observers: 
        none
      Pointer: 0x14e4fd42d010
      Container manages memory: true
      Size: 8530021
      Capacity: 8530021

     Moving image = Image (0x3d20310)
  RTTI typeinfo:   itk::Image<double, 3u>
  Reference Count: 2
  Modified Time: 2335
  Debug: Off
  Object Name: 
  Observers: 
    none
  Source: (none)
  Source output name: (none)
  Release Data: Off
  Data Released: False
  Global Release Data: Off
  PipelineMTime: 0
  UpdateMTime: 2332
  RealTimeStamp: 0 seconds 
  LargestPossibleRegion: 
    Dimension: 3
    Index: [0, 0, 0]
    Size: [176, 240, 256]
  BufferedRegion: 
    Dimension: 3
    Index: [0, 0, 0]
    Size: [176, 240, 256]
  RequestedRegion: 
    Dimension: 3
    Index: [0, 0, 0]
    Size: [176, 240, 256]
  Spacing: [0.999999, 1, 1]
  Origin: [93.3499, 86.9368, -128.957]
  Direction: 
-0.999513 -0.0279216 -0.0139567
0.0279189 -0.99961 0.000389866
-0.0139622 2.01492e-08 0.999903

  IndexToPointMatrix: 
-0.999512 -0.0279216 -0.0139567
0.0279189 -0.99961 0.000389866
-0.0139621 2.01492e-08 0.999903

  PointToIndexMatrix: 
-0.999514 0.0279189 -0.0139622
-0.0279216 -0.99961 2.01716e-08
-0.0139567 0.000389866 0.999903

  Inverse Direction: 
-0.999513 0.0279189 -0.0139622
-0.0279216 -0.99961 2.01716e-08
-0.0139567 0.000389866 0.999903

  PixelContainer: 
    ImportImageContainer (0x3e4b610)
      RTTI typeinfo:   itk::ImportImageContainer<unsigned long, double>
      Reference Count: 1
      Modified Time: 2329
      Debug: Off
      Object Name: 
      Observers: 
        none
      Pointer: 0x14e4f81ac010
      Container manages memory: true
      Size: 10813440
      Capacity: 10813440

     Weighting = 1
     Sampling strategy = regular
     Number of bins = 32
     Radius = 4
     Sampling percentage  = 0.25
   Transform = Rigid
     Gradient step = 0.1
     Update field sigma (voxel space) = 0
     Total field sigma (voxel space) = 0
     Update field time sigma = 0
     Total field time sigma  = 0
     Number of time indices = 0
     Number of time point samples = 0
Registration using 1 total stages.

Stage 0
  iterations = 0
  convergence threshold = 1e-06
  convergence window size = 10
  number of levels = 1
  using the Mattes MI metric (number of bins = 32, weight = 1, use gradient filter = 0)
  preprocessing:  winsorizing the image intensities
  Shrink factors (level 1 out of 1): [1, 1, 1]
  smoothing sigmas per level: [0]
  regular sampling (percentage = 0.25)

*** Running Euler3DTransform registration ***

  Elapsed time (stage 0): 1.1808


Total elapsed time: 1.18321
Info [verificarlo]: loaded backend libinterflop_ieee.so
Info [interflop-ieee]: load backend with:
Info [interflop-ieee]: debug = false
Info [interflop-ieee]: debug-binary = false
Info [interflop-ieee]: no-backend-name = false
Info [interflop-ieee]: print-new-line = false
Info [interflop-ieee]: print-subnormal-normalized = false
Info [interflop-ieee]: count-op = false
All_Command_lines_OK
Using double precision for computations.
=============================================================================
The composite transform comprises the following transforms (in order): 
  1. /home/mdugre/scratch/mri-registration-rp/datasets/ds004513/derivatives/mri-registration-rp/0001/antsRegistration-r8-p14/sub-s003/align_Composite.h5[0] (type = Euler3DTransform)
  2. /home/mdugre/scratch/mri-registration-rp/datasets/ds004513/derivatives/mri-registration-rp/0001/antsRegistration-r8-p14/sub-s003/align_Composite.h5[1] (type = Euler3DTransform)
=============================================================================
  number of levels = 4
  fixed image: /templateflow/tpl-MNI152NLin2009cAsym/tpl-MNI152NLin2009cAsym_res-01_desc-brain_T1w.nii.gz
  moving image: /home/mdugre/scratch/mri-registration-rp/datasets/ds004513/derivatives/mri-registration-rp/antsBrainExtraction/sub-s003/BrainExtractionBrain.nii.gz
Dimension = 3
Number of stages = 1
Use histogram matching = false
Winsorize image intensities = true
  Lower quantile = 0.005
  Upper quantile = 0.995


Stage 1 State
   Image metric = MattesMI
     Fixed image = Image (0x3c12530)
  RTTI typeinfo:   itk::Image<double, 3u>
  Reference Count: 2
  Modified Time: 1580
  Debug: Off
  Object Name: 
  Observers: 
    none
  Source: (none)
  Source output name: (none)
  Release Data: Off
  Data Released: False
  Global Release Data: Off
  PipelineMTime: 0
  UpdateMTime: 1189
  RealTimeStamp: 0 seconds 
  LargestPossibleRegion: 
    Dimension: 3
    Index: [0, 0, 0]
    Size: [193, 229, 193]
  BufferedRegion: 
    Dimension: 3
    Index: [0, 0, 0]
    Size: [193, 229, 193]
  RequestedRegion: 
    Dimension: 3
    Index: [0, 0, 0]
    Size: [193, 229, 193]
  Spacing: [1, 1, 1]
  Origin: [96, 132, -78]
  Direction: 
-1 0 0
0 -1 0
0 0 1

  IndexToPointMatrix: 
-1 0 0
0 -1 0
0 0 1

  PointToIndexMatrix: 
-1 0 0
0 -1 0
0 0 1

  Inverse Direction: 
-1 0 0
0 -1 0
0 0 1

  PixelContainer: 
    ImportImageContainer (0x3cd0d60)
      RTTI typeinfo:   itk::ImportImageContainer<unsigned long, double>
      Reference Count: 1
      Modified Time: 1186
      Debug: Off
      Object Name: 
      Observers: 
        none
      Pointer: 0x1478f69f8010
      Container manages memory: true
      Size: 8530021
      Capacity: 8530021

     Moving image = Image (0x3cc2f60)
  RTTI typeinfo:   itk::Image<double, 3u>
  Reference Count: 2
  Modified Time: 1581
  Debug: Off
  Object Name: 
  Observers: 
    none
  Source: (none)
  Source output name: (none)
  Release Data: Off
  Data Released: False
  Global Release Data: Off
  PipelineMTime: 0
  UpdateMTime: 1578
  RealTimeStamp: 0 seconds 
  LargestPossibleRegion: 
    Dimension: 3
    Index: [0, 0, 0]
    Size: [176, 240, 256]
  BufferedRegion: 
    Dimension: 3
    Index: [0, 0, 0]
    Size: [176, 240, 256]
  RequestedRegion: 
    Dimension: 3
    Index: [0, 0, 0]
    Size: [176, 240, 256]
  Spacing: [0.999999, 1, 1]
  Origin: [93.3499, 86.9368, -128.957]
  Direction: 
-0.999513 -0.0279216 -0.0139567
0.0279189 -0.99961 0.000389866
-0.0139622 2.01492e-08 0.999903

  IndexToPointMatrix: 
-0.999512 -0.0279216 -0.0139567
0.0279189 -0.99961 0.000389866
-0.0139621 2.01492e-08 0.999903

  PointToIndexMatrix: 
-0.999514 0.0279189 -0.0139622
-0.0279216 -0.99961 2.01716e-08
-0.0139567 0.000389866 0.999903

  Inverse Direction: 
-0.999513 0.0279189 -0.0139622
-0.0279216 -0.99961 2.01716e-08
-0.0139567 0.000389866 0.999903

  PixelContainer: 
    ImportImageContainer (0x3cb46d0)
      RTTI typeinfo:   itk::ImportImageContainer<unsigned long, double>
      Reference Count: 1
      Modified Time: 1575
      Debug: Off
      Object Name: 
      Observers: 
        none
      Pointer: 0x1478f1777010
      Container manages memory: true
      Size: 10813440
      Capacity: 10813440

     Weighting = 1
     Sampling strategy = regular
     Number of bins = 32
     Radius = 4
     Sampling percentage  = 0.25
   Transform = Rigid
     Gradient step = 0.1
     Update field sigma (voxel space) = 0
     Total field sigma (voxel space) = 0
     Update field time sigma = 0
     Total field time sigma  = 0
     Number of time indices = 0
     Number of time point samples = 0
Registration using 1 total stages.

Stage 0
  iterations = 1000x500x250x100
  convergence threshold = 1e-06
  convergence window size = 10
  number of levels = 4
  using the Mattes MI metric (number of bins = 32, weight = 1, use gradient filter = 0)
  preprocessing:  winsorizing the image intensities
  Shrink factors (level 1 out of 4): [8, 8, 8]
  Shrink factors (level 2 out of 4): [4, 4, 4]
  Shrink factors (level 3 out of 4): [2, 2, 2]
  Shrink factors (level 4 out of 4): [1, 1, 1]
  smoothing sigmas per level: [3, 2, 1, 0]
  regular sampling (percentage = 0.25)

*** Running Euler3DTransform registration ***

DIAGNOSTIC,Iteration,metricValue,convergenceValue,ITERATION_TIME_INDEX,SINCE_LAST
 2DIAGNOSTIC,     1, -4.871187133941e-01, 1.797693134862e+308, 9.1759e-01, 9.1759e-01, 
 2DIAGNOSTIC,     2, -4.887966556740e-01, 1.797693134862e+308, 9.2348e-01, 5.8892e-03, 
 2DIAGNOSTIC,     3, -4.919242839642e-01, 1.797693134862e+308, 9.2932e-01, 5.8389e-03, 
 2DIAGNOSTIC,     4, -5.019092629522e-01, 1.797693134862e+308, 9.3428e-01, 4.9570e-03, 
 2DIAGNOSTIC,     5, -5.198319788477e-01, 1.797693134862e+308, 9.3993e-01, 5.6481e-03, 
 2DIAGNOSTIC,     6, -5.251449584180e-01, 1.797693134862e+308, 9.4653e-01, 6.6049e-03, 
 2DIAGNOSTIC,     7, -5.365118080768e-01, 1.797693134862e+308, 9.5166e-01, 5.1272e-03, 
 2DIAGNOSTIC,     8, -5.564319077261e-01, 1.797693134862e+308, 9.6052e-01, 8.8620e-03, 
 2DIAGNOSTIC,     9, -5.572786469687e-01, 1.797693134862e+308, 9.6544e-01, 4.9231e-03, 
 2DIAGNOSTIC,    10, -5.597886110608e-01, 1.060089541986e-02, 9.7084e-01, 5.3961e-03, 
 2DIAGNOSTIC,    11, -5.645450860914e-01, 9.471656029002e-03, 9.7559e-01, 4.7522e-03, 
 2DIAGNOSTIC,    12, -5.675342641672e-01, 7.901754414630e-03, 9.8090e-01, 5.3079e-03, 
 2DIAGNOSTIC,    13, -5.685174641935e-01, 6.033280802480e-03, 9.8618e-01, 5.2819e-03, 
 2DIAGNOSTIC,    14, -5.693412095342e-01, 4.302087948771e-03, 9.9207e-01, 5.8908e-03, 
 2DIAGNOSTIC,    15, -5.718972801998e-01, 3.155204981958e-03, 9.9747e-01, 5.3928e-03, 
 2DIAGNOSTIC,    16, -5.734788767073e-01, 2.091398053255e-03, 1.0022e+00, 4.7588e-03, 
 2DIAGNOSTIC,    17, -5.737823402463e-01, 1.310029424176e-03, 1.0070e+00, 4.7910e-03, 
 2DIAGNOSTIC,    18, -5.749452616696e-01, 1.114936190122e-03, 1.0119e+00, 4.8459e-03, 
 2DIAGNOSTIC,    19, -5.774392255374e-01, 9.301256922607e-04, 1.0192e+00, 7.3559e-03, 
 2DIAGNOSTIC,    20, -5.782944999924e-01, 7.612328991320e-04, 1.0248e+00, 5.5959e-03, 
 2DIAGNOSTIC,    21, -5.788863756077e-01, 6.687985512330e-04, 1.0297e+00, 4.9131e-03, 
 2DIAGNOSTIC,    22, -5.857337702167e-01, 7.546209609681e-04, 1.0346e+00, 4.8900e-03, 
 2DIAGNOSTIC,    23, -6.028589200356e-01, 1.162232406498e-03, 1.0403e+00, 5.6388e-03, 
 2DIAGNOSTIC,    24, -6.086613849289e-01, 1.554691268446e-03, 1.0560e+00, 1.5783e-02, 
 2DIAGNOSTIC,    25, -6.127624320122e-01, 1.904928905150e-03, 1.0621e+00, 6.1030e-03, 
 2DIAGNOSTIC,    26, -6.171330104000e-01, 2.167612463271e-03, 1.0670e+00, 4.9019e-03, 
 2DIAGNOSTIC,    27, -6.180829712207e-01, 2.226134267470e-03, 1.0714e+00, 4.3609e-03, 
 2DIAGNOSTIC,    28, -6.204355231351e-01, 2.128618136135e-03, 1.0763e+00, 4.8840e-03, 
 2DIAGNOSTIC,    29, -6.216541955563e-01, 1.901236666238e-03, 1.0806e+00, 4.3540e-03, 
 2DIAGNOSTIC,    30, -6.252686896949e-01, 1.589741169247e-03, 1.0857e+00, 5.0161e-03, 
 2DIAGNOSTIC,    31, -6.305777513529e-01, 1.244381473704e-03, 1.0902e+00, 4.5462e-03, 
 2DIAGNOSTIC,    32, -6.437128087552e-01, 1.107473927885e-03, 1.0958e+00, 5.6250e-03, 
 2DIAGNOSTIC,    33, -6.470251791593e-01, 1.176376451246e-03, 1.1002e+00, 4.3480e-03, 
 2DIAGNOSTIC,    34, -6.489207121808e-01, 1.241876196796e-03, 1.1073e+00, 7.0789e-03, 
 2DIAGNOSTIC,    35, -6.509315383237e-01, 1.271869900477e-03, 1.1115e+00, 4.2710e-03, 
 2DIAGNOSTIC,    36, -6.520053277072e-01, 1.251972951406e-03, 1.1158e+00, 4.2510e-03, 
 2DIAGNOSTIC,    37, -6.528675660313e-01, 1.135511813258e-03, 1.1200e+00, 4.2398e-03, 
 2DIAGNOSTIC,    38, -6.532427819454e-01, 9.531126222792e-04, 1.1243e+00, 4.3108e-03, 
 2DIAGNOSTIC,    39, -6.541833351313e-01, 7.191985890547e-04, 1.1302e+00, 5.8570e-03, 
 2DIAGNOSTIC,    40, -6.542236798774e-01, 4.742268936636e-04, 1.1344e+00, 4.2260e-03, 
 2DIAGNOSTIC,    41, -6.546719234274e-01, 2.613931530932e-04, 1.1386e+00, 4.2181e-03, 
 2DIAGNOSTIC,    42, -6.552165034106e-01, 1.908813591943e-04, 1.1444e+00, 5.7821e-03, 
 2DIAGNOSTIC,    43, -6.554092924267e-01, 1.445734179530e-04, 1.1493e+00, 4.9222e-03, 
 2DIAGNOSTIC,    44, -6.554503374880e-01, 1.074982848815e-04, 1.1537e+00, 4.3271e-03, 
 2DIAGNOSTIC,    45, -6.555126252783e-01, 8.393214576979e-05, 1.1579e+00, 4.2520e-03, 
 2DIAGNOSTIC,    46, -6.555919734017e-01, 6.535626300450e-05, 1.1627e+00, 4.7889e-03, 
 2DIAGNOSTIC,    47, -6.557563196747e-01, 5.174096211469e-05, 1.1675e+00, 4.8351e-03, 
 2DIAGNOSTIC,    48, -6.557081732599e-01, 3.683274613651e-05, 1.1723e+00, 4.7741e-03, 
 2DIAGNOSTIC,    49, -6.556644653953e-01, 2.795482332944e-05, 1.1766e+00, 4.3149e-03, 
 2DIAGNOSTIC,    50, -6.556361806119e-01, 1.695867993573e-05, 1.1809e+00, 4.2830e-03, 
 2DIAGNOSTIC,    51, -6.558740314878e-01, 1.107742473723e-05, 1.1857e+00, 4.7979e-03, 
 2DIAGNOSTIC,    52, -6.560334492994e-01, 1.068637820238e-05, 1.1905e+00, 4.7750e-03, 
 2DIAGNOSTIC,    53, -6.560458555597e-01, 1.116271579669e-05, 1.1953e+00, 4.7801e-03, 
 2DIAGNOSTIC,    54, -6.558831315222e-01, 9.627276668929e-06, 1.1995e+00, 4.2250e-03, 
 2DIAGNOSTIC,    55, -6.559075948577e-01, 8.081015756767e-06, 1.2043e+00, 4.7698e-03, 
 2DIAGNOSTIC,    56, -6.557494845483e-01, 5.112786216357e-06, 1.2090e+00, 4.7519e-03, 
 2DIAGNOSTIC,    57, -6.556790858760e-01, 2.586438163976e-06, 1.2133e+00, 4.2410e-03, 
DIAGNOSTIC,Iteration,metricValue,convergenceValue,ITERATION_TIME_INDEX,SINCE_LAST
 2DIAGNOSTIC,     1, -5.251955245738e-01, 1.797693134862e+308, 1.9741e+00, 7.6085e-01, 
 2DIAGNOSTIC,     2, -5.258260060650e-01, 1.797693134862e+308, 2.0038e+00, 2.9729e-02, 
 2DIAGNOSTIC,     3, -5.265954534324e-01, 1.797693134862e+308, 2.0342e+00, 3.0334e-02, 
 2DIAGNOSTIC,     4, -5.273734138111e-01, 1.797693134862e+308, 2.0636e+00, 2.9395e-02, 
 2DIAGNOSTIC,     5, -5.278755134005e-01, 1.797693134862e+308, 2.0931e+00, 2.9546e-02, 
 2DIAGNOSTIC,     6, -5.282159865804e-01, 1.797693134862e+308, 2.1237e+00, 3.0554e-02, 
 2DIAGNOSTIC,     7, -5.295932015005e-01, 1.797693134862e+308, 2.1536e+00, 2.9954e-02, 
 2DIAGNOSTIC,     8, -5.310062518723e-01, 1.797693134862e+308, 2.1984e+00, 4.4816e-02, 
 2DIAGNOSTIC,     9, -5.321908774851e-01, 1.797693134862e+308, 2.2301e+00, 3.1628e-02, 
 2DIAGNOSTIC,    10, -5.326090634664e-01, 9.259104358511e-04, 2.2596e+00, 2.9535e-02, 
 2DIAGNOSTIC,    11, -5.330157014054e-01, 8.582741400394e-04, 2.2926e+00, 3.2989e-02, 
 2DIAGNOSTIC,    12, -5.334237110499e-01, 7.707854269961e-04, 2.3373e+00, 4.4705e-02, 
 2DIAGNOSTIC,    13, -5.335135804450e-01, 6.611722686721e-04, 2.3664e+00, 2.9072e-02, 
 2DIAGNOSTIC,    14, -5.338086730547e-01, 5.483831959683e-04, 2.3992e+00, 3.2811e-02, 
 2DIAGNOSTIC,    15, -5.338273838094e-01, 4.200865773522e-04, 2.4319e+00, 3.2771e-02, 
 2DIAGNOSTIC,    16, -5.338433029826e-01, 2.812611746034e-04, 2.4720e+00, 4.0031e-02, 
 2DIAGNOSTIC,    17, -5.338472392542e-01, 1.759324549426e-04, 2.5055e+00, 3.3540e-02, 
 2DIAGNOSTIC,    18, -5.338371617633e-01, 1.072518132310e-04, 2.5418e+00, 3.6314e-02, 
 2DIAGNOSTIC,    19, -5.338396553325e-01, 6.936076888933e-05, 2.5757e+00, 3.3848e-02, 
 2DIAGNOSTIC,    20, -5.338334729171e-01, 3.982891549788e-05, 2.6062e+00, 3.0538e-02, 
 2DIAGNOSTIC,    21, -5.338282492491e-01, 1.963213154545e-05, 2.6353e+00, 2.9067e-02, 
 2DIAGNOSTIC,    22, -5.338321351378e-01, 9.634473267857e-06, 2.6650e+00, 2.9710e-02, 
 2DIAGNOSTIC,    23, -5.338382376449e-01, 1.787337678395e-06, 2.6966e+00, 3.1627e-02, 
 2DIAGNOSTIC,    24, -5.338397771767e-01, 1.156755386172e-06, 2.7344e+00, 3.7742e-02, 
 2DIAGNOSTIC,    25, -5.338423772442e-01, 1.041002822416e-06, 2.7757e+00, 4.1305e-02, 
 2DIAGNOSTIC,    26, -5.338670812919e-01, 1.790350850878e-06, 2.8104e+00, 3.4770e-02, 
 2DIAGNOSTIC,    27, -5.338930726626e-01, 3.013419507335e-06, 2.8469e+00, 3.6451e-02, 
 2DIAGNOSTIC,    28, -5.339358739612e-01, 4.586067783620e-06, 2.8823e+00, 3.5426e-02, 
 2DIAGNOSTIC,    29, -5.339929983674e-01, 6.815494817569e-06, 2.9188e+00, 3.6504e-02, 
 2DIAGNOSTIC,    30, -5.340825212471e-01, 9.829626347498e-06, 2.9758e+00, 5.6995e-02, 
 2DIAGNOSTIC,    31, -5.340707157211e-01, 1.149609024320e-05, 3.0097e+00, 3.3870e-02, 
 2DIAGNOSTIC,    32, -5.340665842346e-01, 1.208798732392e-05, 3.0477e+00, 3.8062e-02, 
 2DIAGNOSTIC,    33, -5.340878308171e-01, 1.204735626988e-05, 3.0798e+00, 3.2068e-02, 
 2DIAGNOSTIC,    34, -5.341128045731e-01, 1.134748765560e-05, 3.1177e+00, 3.7921e-02, 
 2DIAGNOSTIC,    35, -5.341346668221e-01, 1.004287647943e-05, 3.1565e+00, 3.8745e-02, 
 2DIAGNOSTIC,    36, -5.343280126467e-01, 1.118470568167e-05, 3.2009e+00, 4.4376e-02, 
 2DIAGNOSTIC,    37, -5.344404971501e-01, 1.322579658193e-05, 3.2418e+00, 4.0966e-02, 
 2DIAGNOSTIC,    38, -5.347278641705e-01, 1.859428616780e-05, 3.3005e+00, 5.8641e-02, 
 2DIAGNOSTIC,    39, -5.348355297304e-01, 2.415232515230e-05, 3.3403e+00, 3.9808e-02, 
 2DIAGNOSTIC,    40, -5.348572803091e-01, 2.871267315598e-05, 3.3819e+00, 4.1643e-02, 
 2DIAGNOSTIC,    41, -5.348561810562e-01, 3.024905437094e-05, 3.4246e+00, 4.2734e-02, 
 2DIAGNOSTIC,    42, -5.348758145003e-01, 2.907467690676e-05, 3.4614e+00, 3.6797e-02, 
 2DIAGNOSTIC,    43, -5.348869357688e-01, 2.561211405135e-05, 3.4957e+00, 3.4214e-02, 
 2DIAGNOSTIC,    44, -5.349406674973e-01, 2.089002933888e-05, 3.5292e+00, 3.3594e-02, 
 2DIAGNOSTIC,    45, -5.352522182284e-01, 1.838536474106e-05, 3.5653e+00, 3.6055e-02, 
 2DIAGNOSTIC,    46, -5.352935254418e-01, 1.694698413577e-05, 3.5959e+00, 3.0570e-02, 
 2DIAGNOSTIC,    47, -5.353580760656e-01, 1.598287544962e-05, 3.6273e+00, 3.1383e-02, 
 2DIAGNOSTIC,    48, -5.356016159968e-01, 1.949510718321e-05, 3.6706e+00, 4.3302e-02, 
 2DIAGNOSTIC,    49, -5.356287915656e-01, 2.243976658459e-05, 3.7124e+00, 4.1861e-02, 
 2DIAGNOSTIC,    50, -5.356957375316e-01, 2.410244723638e-05, 3.7442e+00, 3.1806e-02, 
 2DIAGNOSTIC,    51, -5.357765982435e-01, 2.429076373872e-05, 3.7749e+00, 3.0668e-02, 
 2DIAGNOSTIC,    52, -5.362269429814e-01, 2.704051190145e-05, 3.8082e+00, 3.3315e-02, 
 2DIAGNOSTIC,    53, -5.363266660697e-01, 2.814005366693e-05, 3.8424e+00, 3.4223e-02, 
 2DIAGNOSTIC,    54, -5.364042232026e-01, 2.780013217000e-05, 3.8763e+00, 3.3873e-02, 
 2DIAGNOSTIC,    55, -5.363926016790e-01, 2.784629602259e-05, 3.9129e+00, 3.6597e-02, 
 2DIAGNOSTIC,    56, -5.363982273729e-01, 2.572878072086e-05, 3.9461e+00, 3.3181e-02, 
 2DIAGNOSTIC,    57, -5.363972442242e-01, 2.174228429499e-05, 3.9784e+00, 3.2298e-02, 
 2DIAGNOSTIC,    58, -5.364104603385e-01, 1.819372128211e-05, 4.0072e+00, 2.8829e-02, 
 2DIAGNOSTIC,    59, -5.364259233811e-01, 1.349494760369e-05, 4.0398e+00, 3.2546e-02, 
 2DIAGNOSTIC,    60, -5.364411453772e-01, 8.475468344656e-06, 4.0731e+00, 3.3348e-02, 
 2DIAGNOSTIC,    61, -5.364432840618e-01, 3.489905214555e-06, 4.1017e+00, 2.8621e-02, 
 2DIAGNOSTIC,    62, -5.364536148010e-01, 2.321382223374e-06, 4.1302e+00, 2.8446e-02, 
 2DIAGNOSTIC,    63, -5.364886908932e-01, 2.133749616575e-06, 4.1590e+00, 2.8814e-02, 
 2DIAGNOSTIC,    64, -5.365790430679e-01, 3.185213026807e-06, 4.1892e+00, 3.0265e-02, 
 2DIAGNOSTIC,    65, -5.370000510322e-01, 7.279357155100e-06, 4.2392e+00, 4.9978e-02, 
 2DIAGNOSTIC,    66, -5.370733122382e-01, 1.114985689755e-05, 4.2724e+00, 3.3142e-02, 
 2DIAGNOSTIC,    67, -5.370970463744e-01, 1.409057693860e-05, 4.3070e+00, 3.4641e-02, 
 2DIAGNOSTIC,    68, -5.371059486371e-01, 1.585146298228e-05, 4.3418e+00, 3.4769e-02, 
 2DIAGNOSTIC,    69, -5.371107488804e-01, 1.621729517318e-05, 4.3756e+00, 3.3791e-02, 
 2DIAGNOSTIC,    70, -5.370986150932e-01, 1.502617803014e-05, 4.4092e+00, 3.3601e-02, 
 2DIAGNOSTIC,    71, -5.370960191342e-01, 1.245478048041e-05, 4.4455e+00, 3.6373e-02, 
 2DIAGNOSTIC,    72, -5.370926772058e-01, 8.895191726661e-06, 4.4776e+00, 3.2088e-02, 
 2DIAGNOSTIC,    73, -5.370998532340e-01, 4.950255974155e-06, 4.5156e+00, 3.7927e-02, 
 2DIAGNOSTIC,    74, -5.371091969242e-01, 1.313541025056e-06, 4.5526e+00, 3.7045e-02, 
DIAGNOSTIC,Iteration,metricValue,convergenceValue,ITERATION_TIME_INDEX,SINCE_LAST
 2DIAGNOSTIC,     1, -4.772764655331e-01, 1.797693134862e+308, 5.7189e+00, 1.1663e+00, 
 2DIAGNOSTIC,     2, -4.775027653458e-01, 1.797693134862e+308, 5.9814e+00, 2.6249e-01, 
 2DIAGNOSTIC,     3, -4.776166598400e-01, 1.797693134862e+308, 6.2209e+00, 2.3952e-01, 
 2DIAGNOSTIC,     4, -4.776715979674e-01, 1.797693134862e+308, 6.5138e+00, 2.9285e-01, 
 2DIAGNOSTIC,     5, -4.776784943460e-01, 1.797693134862e+308, 6.7772e+00, 2.6344e-01, 
 2DIAGNOSTIC,     6, -4.776981769217e-01, 1.797693134862e+308, 7.0179e+00, 2.4066e-01, 
 2DIAGNOSTIC,     7, -4.777934668208e-01, 1.797693134862e+308, 7.2429e+00, 2.2498e-01, 
 2DIAGNOSTIC,     8, -4.779894345795e-01, 1.797693134862e+308, 7.5622e+00, 3.1934e-01, 
 2DIAGNOSTIC,     9, -4.779966712164e-01, 1.797693134862e+308, 7.8069e+00, 2.4469e-01, 
 2DIAGNOSTIC,    10, -4.781755119839e-01, 1.014837526926e-04, 8.0675e+00, 2.6064e-01, 
 2DIAGNOSTIC,    11, -4.783452961666e-01, 9.589510290724e-05, 8.4243e+00, 3.5682e-01, 
 2DIAGNOSTIC,    12, -4.784969292777e-01, 1.012586486163e-04, 8.6716e+00, 2.4727e-01, 
 2DIAGNOSTIC,    13, -4.785643649463e-01, 1.049938156976e-04, 8.8969e+00, 2.2532e-01, 
 2DIAGNOSTIC,    14, -4.786971141298e-01, 1.069669778749e-04, 9.2681e+00, 3.7114e-01, 
 2DIAGNOSTIC,    15, -4.786986539098e-01, 9.943781583323e-05, 9.5727e+00, 3.0463e-01, 
 2DIAGNOSTIC,    16, -4.786960395396e-01, 8.449883742964e-05, 9.8780e+00, 3.0532e-01, 
 2DIAGNOSTIC,    17, -4.786976641432e-01, 6.698013868156e-05, 1.0156e+01, 2.7767e-01, 
 2DIAGNOSTIC,    18, -4.786931397654e-01, 5.179942817035e-05, 1.0445e+01, 2.8935e-01, 
 2DIAGNOSTIC,    19, -4.786925210761e-01, 3.369579789396e-05, 1.0739e+01, 2.9387e-01, 
 2DIAGNOSTIC,    20, -4.786917570120e-01, 1.964793662495e-05, 1.0981e+01, 2.4187e-01, 
 2DIAGNOSTIC,    21, -4.786938632048e-01, 1.008251620456e-05, 1.1254e+01, 2.7275e-01, 
 2DIAGNOSTIC,    22, -4.786951193838e-01, 4.707321550744e-06, 1.1495e+01, 2.4115e-01, 
 2DIAGNOSTIC,    23, -4.786963140225e-01, 1.170513019698e-06, 1.1790e+01, 2.9542e-01, 
 2DIAGNOSTIC,    24, -4.786996626779e-01, 1.318481570076e-06, 1.2041e+01, 2.5119e-01, 
 2DIAGNOSTIC,    25, -4.787033336448e-01, 1.578434276221e-06, 1.2316e+01, 2.7422e-01, 
 2DIAGNOSTIC,    26, -4.787085732060e-01, 1.845255911667e-06, 1.2576e+01, 2.6038e-01, 
 2DIAGNOSTIC,    27, -4.787146663121e-01, 2.204217518030e-06, 1.2815e+01, 2.3872e-01, 
 2DIAGNOSTIC,    28, -4.787216672569e-01, 2.492402841697e-06, 1.3055e+01, 2.4077e-01, 
 2DIAGNOSTIC,    29, -4.787417582916e-01, 3.030627629907e-06, 1.3293e+01, 2.3739e-01, 
 2DIAGNOSTIC,    30, -4.787681721627e-01, 3.848019864534e-06, 1.3538e+01, 2.4522e-01, 
 2DIAGNOSTIC,    31, -4.787889776546e-01, 4.778502460882e-06, 1.3769e+01, 2.3102e-01, 
 2DIAGNOSTIC,    32, -4.788136523744e-01, 5.776097497447e-06, 1.4005e+01, 2.3555e-01, 
 2DIAGNOSTIC,    33, -4.789098463730e-01, 8.009074345790e-06, 1.4500e+01, 4.9591e-01, 
 2DIAGNOSTIC,    34, -4.789179539539e-01, 9.597909135170e-06, 1.4773e+01, 2.7254e-01, 
 2DIAGNOSTIC,    35, -4.789197586872e-01, 1.037882284009e-05, 1.5148e+01, 3.7506e-01, 
 2DIAGNOSTIC,    36, -4.789169958534e-01, 1.027829883602e-05, 1.5418e+01, 2.7033e-01, 
 2DIAGNOSTIC,    37, -4.789149676635e-01, 9.352039500470e-06, 1.5689e+01, 2.7108e-01, 
 2DIAGNOSTIC,    38, -4.789144377208e-01, 7.741845983764e-06, 1.6023e+01, 3.3397e-01, 
 2DIAGNOSTIC,    39, -4.789145016979e-01, 5.853176705452e-06, 1.6292e+01, 2.6853e-01, 
 2DIAGNOSTIC,    40, -4.789138016192e-01, 3.977999814303e-06, 1.6532e+01, 2.4002e-01, 
 2DIAGNOSTIC,    41, -4.789123674576e-01, 2.180677644174e-06, 1.6761e+01, 2.2880e-01, 
DIAGNOSTIC,Iteration,metricValue,convergenceValue,ITERATION_TIME_INDEX,SINCE_LAST
 2DIAGNOSTIC,     1, -4.452973815463e-01, 1.797693134862e+308, 1.9248e+01, 2.4877e+00, 
 2DIAGNOSTIC,     2, -4.453152334952e-01, 1.797693134862e+308, 2.0862e+01, 1.6136e+00, 
 2DIAGNOSTIC,     3, -4.453253892105e-01, 1.797693134862e+308, 2.2463e+01, 1.6004e+00, 
 2DIAGNOSTIC,     4, -4.453261210579e-01, 1.797693134862e+308, 2.3933e+01, 1.4707e+00, 
 2DIAGNOSTIC,     5, -4.453393781121e-01, 1.797693134862e+308, 2.5618e+01, 1.6849e+00, 
 2DIAGNOSTIC,     6, -4.453669942730e-01, 1.797693134862e+308, 2.7554e+01, 1.9359e+00, 
 2DIAGNOSTIC,     7, -4.453666766464e-01, 1.797693134862e+308, 2.9975e+01, 2.4211e+00, 
 2DIAGNOSTIC,     8, -4.453664200566e-01, 1.797693134862e+308, 3.1660e+01, 1.6850e+00, 
 2DIAGNOSTIC,     9, -4.453664190913e-01, 1.797693134862e+308, 3.3201e+01, 1.5404e+00, 
 2DIAGNOSTIC,    10, -4.453662682525e-01, 1.376889287824e-05, 3.4573e+01, 1.3729e+00, 
 2DIAGNOSTIC,    11, -4.453664617913e-01, 1.030670999089e-05, 3.6292e+01, 1.7184e+00, 
 2DIAGNOSTIC,    12, -4.453664509499e-01, 7.696463149701e-06, 3.7863e+01, 1.5713e+00, 
 2DIAGNOSTIC,    13, -4.453665188163e-01, 5.563333957820e-06, 3.9667e+01, 1.8044e+00, 
 2DIAGNOSTIC,    14, -4.453663742631e-01, 3.476402013841e-06, 4.1387e+01, 1.7191e+00, 
 2DIAGNOSTIC,    15, -4.453662430883e-01, 2.082482439297e-06, 4.2890e+01, 1.5039e+00, 
 2DIAGNOSTIC,    16, -4.453662293096e-01, 1.967512548509e-06, 4.4473e+01, 1.5825e+00, 
 2DIAGNOSTIC,    17, -4.453663029557e-01, 1.858833338114e-06, 4.5870e+01, 1.3972e+00, 
 2DIAGNOSTIC,    18, -4.453662524065e-01, 1.752358047308e-06, 4.7476e+01, 1.6060e+00, 
 2DIAGNOSTIC,    19, -4.453661693566e-01, 1.656029323976e-06, 4.9490e+01, 2.0139e+00, 
 2DIAGNOSTIC,    20, -4.453661972574e-01, 1.567142439325e-06, 5.1118e+01, 1.6279e+00, 
 2DIAGNOSTIC,    21, -4.453661374631e-01, 1.492861515510e-06, 5.2651e+01, 1.5331e+00, 
 2DIAGNOSTIC,    22, -4.453660835665e-01, 1.425325607027e-06, 5.4032e+01, 1.3814e+00, 
 2DIAGNOSTIC,    23, -4.453660366178e-01, 1.366296518937e-06, 5.5392e+01, 1.3595e+00, 
 2DIAGNOSTIC,    24, -4.453660171693e-01, 1.309557752106e-06, 5.6875e+01, 1.4831e+00, 
 2DIAGNOSTIC,    25, -4.453661332292e-01, 1.258454437734e-06, 5.8695e+01, 1.8197e+00, 
 2DIAGNOSTIC,    26, -4.453661799238e-01, 1.213224913192e-06, 6.0333e+01, 1.6383e+00, 
 2DIAGNOSTIC,    27, -4.453660603938e-01, 1.171273896927e-06, 6.1734e+01, 1.4005e+00, 
 2DIAGNOSTIC,    28, -4.453660687957e-01, 1.132206899533e-06, 6.3790e+01, 2.0565e+00, 
 2DIAGNOSTIC,    29, -4.453661014008e-01, 1.095019192668e-06, 6.5191e+01, 1.4007e+00, 
 2DIAGNOSTIC,    30, -4.453659805375e-01, 1.058415796125e-06, 6.6753e+01, 1.5625e+00, 
 2DIAGNOSTIC,    31, -4.453660582797e-01, 1.024806041659e-06, 6.8461e+01, 1.7080e+00, 
  Elapsed time (stage 0): 6.9374e+01


Total elapsed time: 6.9377e+01
Info [verificarlo]: loaded backend libinterflop_ieee.so
Info [interflop-ieee]: load backend with:
Info [interflop-ieee]: debug = false
Info [interflop-ieee]: debug-binary = false
Info [interflop-ieee]: no-backend-name = false
Info [interflop-ieee]: print-new-line = false
Info [interflop-ieee]: print-subnormal-normalized = false
Info [interflop-ieee]: count-op = false
All_Command_lines_OK
Using double precision for computations.
=============================================================================
The composite transform comprises the following transforms (in order): 
  1. /home/mdugre/scratch/mri-registration-rp/datasets/ds004513/derivatives/mri-registration-rp/0001/antsRegistration-r8-p14/sub-s003/rigid_Composite.h5[0] (type = Euler3DTransform)
  2. /home/mdugre/scratch/mri-registration-rp/datasets/ds004513/derivatives/mri-registration-rp/0001/antsRegistration-r8-p14/sub-s003/rigid_Composite.h5[1] (type = Euler3DTransform)
  3. /home/mdugre/scratch/mri-registration-rp/datasets/ds004513/derivatives/mri-registration-rp/0001/antsRegistration-r8-p14/sub-s003/rigid_Composite.h5[2] (type = Euler3DTransform)
=============================================================================
  number of levels = 4
  fixed image: /templateflow/tpl-MNI152NLin2009cAsym/tpl-MNI152NLin2009cAsym_res-01_desc-brain_T1w.nii.gz
  moving image: /home/mdugre/scratch/mri-registration-rp/datasets/ds004513/derivatives/mri-registration-rp/antsBrainExtraction/sub-s003/BrainExtractionBrain.nii.gz
Dimension = 3
Number of stages = 1
Use histogram matching = false
Winsorize image intensities = true
  Lower quantile = 0.005
  Upper quantile = 0.995


Stage 1 State
   Image metric = MattesMI
     Fixed image = Image (0x37517e0)
  RTTI typeinfo:   itk::Image<double, 3u>
  Reference Count: 2
  Modified Time: 1594
  Debug: Off
  Object Name: 
  Observers: 
    none
  Source: (none)
  Source output name: (none)
  Release Data: Off
  Data Released: False
  Global Release Data: Off
  PipelineMTime: 0
  UpdateMTime: 1203
  RealTimeStamp: 0 seconds 
  LargestPossibleRegion: 
    Dimension: 3
    Index: [0, 0, 0]
    Size: [193, 229, 193]
  BufferedRegion: 
    Dimension: 3
    Index: [0, 0, 0]
    Size: [193, 229, 193]
  RequestedRegion: 
    Dimension: 3
    Index: [0, 0, 0]
    Size: [193, 229, 193]
  Spacing: [1, 1, 1]
  Origin: [96, 132, -78]
  Direction: 
-1 0 0
0 -1 0
0 0 1

  IndexToPointMatrix: 
-1 0 0
0 -1 0
0 0 1

  PointToIndexMatrix: 
-1 0 0
0 -1 0
0 0 1

  Inverse Direction: 
-1 0 0
0 -1 0
0 0 1

  PixelContainer: 
    ImportImageContainer (0x3811a20)
      RTTI typeinfo:   itk::ImportImageContainer<unsigned long, double>
      Reference Count: 1
      Modified Time: 1200
      Debug: Off
      Object Name: 
      Observers: 
        none
      Pointer: 0x14daea87e010
      Container manages memory: true
      Size: 8530021
      Capacity: 8530021

     Moving image = Image (0x380cd70)
  RTTI typeinfo:   itk::Image<double, 3u>
  Reference Count: 2
  Modified Time: 1595
  Debug: Off
  Object Name: 
  Observers: 
    none
  Source: (none)
  Source output name: (none)
  Release Data: Off
  Data Released: False
  Global Release Data: Off
  PipelineMTime: 0
  UpdateMTime: 1592
  RealTimeStamp: 0 seconds 
  LargestPossibleRegion: 
    Dimension: 3
    Index: [0, 0, 0]
    Size: [176, 240, 256]
  BufferedRegion: 
    Dimension: 3
    Index: [0, 0, 0]
    Size: [176, 240, 256]
  RequestedRegion: 
    Dimension: 3
    Index: [0, 0, 0]
    Size: [176, 240, 256]
  Spacing: [0.999999, 1, 1]
  Origin: [93.3499, 86.9368, -128.957]
  Direction: 
-0.999513 -0.0279216 -0.0139567
0.0279189 -0.99961 0.000389866
-0.0139622 2.01492e-08 0.999903

  IndexToPointMatrix: 
-0.999512 -0.0279216 -0.0139567
0.0279189 -0.99961 0.000389866
-0.0139621 2.01492e-08 0.999903

  PointToIndexMatrix: 
-0.999514 0.0279189 -0.0139622
-0.0279216 -0.99961 2.01716e-08
-0.0139567 0.000389866 0.999903

  Inverse Direction: 
-0.999513 0.0279189 -0.0139622
-0.0279216 -0.99961 2.01716e-08
-0.0139567 0.000389866 0.999903

  PixelContainer: 
    ImportImageContainer (0x37c4c90)
      RTTI typeinfo:   itk::ImportImageContainer<unsigned long, double>
      Reference Count: 1
      Modified Time: 1589
      Debug: Off
      Object Name: 
      Observers: 
        none
      Pointer: 0x14dae55fd010
      Container manages memory: true
      Size: 10813440
      Capacity: 10813440

     Weighting = 1
     Sampling strategy = regular
     Number of bins = 32
     Radius = 4
     Sampling percentage  = 0.25
   Transform = Affine
     Gradient step = 0.1
     Update field sigma (voxel space) = 0
     Total field sigma (voxel space) = 0
     Update field time sigma = 0
     Total field time sigma  = 0
     Number of time indices = 0
     Number of time point samples = 0
Registration using 1 total stages.

Stage 0
  iterations = 1000x500x250x100
  convergence threshold = 1e-06
  convergence window size = 10
  number of levels = 4
  using the Mattes MI metric (number of bins = 32, weight = 1, use gradient filter = 0)
  preprocessing:  winsorizing the image intensities
  Shrink factors (level 1 out of 4): [8, 8, 8]
  Shrink factors (level 2 out of 4): [4, 4, 4]
  Shrink factors (level 3 out of 4): [2, 2, 2]
  Shrink factors (level 4 out of 4): [1, 1, 1]
  smoothing sigmas per level: [3, 2, 1, 0]
  regular sampling (percentage = 0.25)

*** Running AffineTransform registration ***

DIAGNOSTIC,Iteration,metricValue,convergenceValue,ITERATION_TIME_INDEX,SINCE_LAST
 2DIAGNOSTIC,     1, -6.599464419168e-01, 1.797693134862e+308, 1.0757e+00, 1.0757e+00, 
 2DIAGNOSTIC,     2, -6.626090364798e-01, 1.797693134862e+308, 1.0828e+00, 7.1480e-03, 
 2DIAGNOSTIC,     3, -6.666154540720e-01, 1.797693134862e+308, 1.0890e+00, 6.1910e-03, 
 2DIAGNOSTIC,     4, -6.726177353781e-01, 1.797693134862e+308, 1.0946e+00, 5.5759e-03, 
 2DIAGNOSTIC,     5, -6.804858955865e-01, 1.797693134862e+308, 1.1000e+00, 5.4109e-03, 
 2DIAGNOSTIC,     6, -6.924481515733e-01, 1.797693134862e+308, 1.1058e+00, 5.7480e-03, 
 2DIAGNOSTIC,     7, -7.130326083006e-01, 1.797693134862e+308, 1.1143e+00, 8.5039e-03, 
 2DIAGNOSTIC,     8, -7.205170818365e-01, 1.797693134862e+308, 1.1199e+00, 5.6598e-03, 
 2DIAGNOSTIC,     9, -7.209595379077e-01, 1.797693134862e+308, 1.1263e+00, 6.3839e-03, 
 2DIAGNOSTIC,    10, -7.214708302655e-01, 7.043519362894e-03, 1.1329e+00, 6.6130e-03, 
 2DIAGNOSTIC,    11, -7.216378715652e-01, 6.071976783969e-03, 1.1394e+00, 6.4740e-03, 
 2DIAGNOSTIC,    12, -7.218200376525e-01, 4.811513106188e-03, 1.1481e+00, 8.6739e-03, 
 2DIAGNOSTIC,    13, -7.217114761072e-01, 3.438102485815e-03, 1.1559e+00, 7.8349e-03, 
 2DIAGNOSTIC,    14, -7.216846031538e-01, 2.135595101325e-03, 1.1628e+00, 6.8562e-03, 
 2DIAGNOSTIC,    15, -7.215318269921e-01, 1.026435255454e-03, 1.1696e+00, 6.8591e-03, 
 2DIAGNOSTIC,    16, -7.214987084048e-01, 2.549895988499e-04, 1.1769e+00, 7.3040e-03, 
 2DIAGNOSTIC,    17, -7.213419870749e-01, 3.381814798827e-05, 1.1830e+00, 6.0501e-03, 
 2DIAGNOSTIC,    18, -7.214127303415e-01, 4.139424928461e-06, 1.1893e+00, 6.2981e-03, 
DIAGNOSTIC,Iteration,metricValue,convergenceValue,ITERATION_TIME_INDEX,SINCE_LAST
 2DIAGNOSTIC,     1, -5.945825186439e-01, 1.797693134862e+308, 2.0040e+00, 8.1470e-01, 
 2DIAGNOSTIC,     2, -5.946602534442e-01, 1.797693134862e+308, 2.0466e+00, 4.2664e-02, 
 2DIAGNOSTIC,     3, -5.948134021277e-01, 1.797693134862e+308, 2.0858e+00, 3.9122e-02, 
 2DIAGNOSTIC,     4, -5.950256980150e-01, 1.797693134862e+308, 2.1240e+00, 3.8222e-02, 
 2DIAGNOSTIC,     5, -5.952908761623e-01, 1.797693134862e+308, 2.1619e+00, 3.7904e-02, 
 2DIAGNOSTIC,     6, -5.958068458171e-01, 1.797693134862e+308, 2.1988e+00, 3.6950e-02, 
 2DIAGNOSTIC,     7, -5.965104706874e-01, 1.797693134862e+308, 2.2353e+00, 3.6454e-02, 
 2DIAGNOSTIC,     8, -5.978798176586e-01, 1.797693134862e+308, 2.2733e+00, 3.7986e-02, 
 2DIAGNOSTIC,     9, -5.995875023489e-01, 1.797693134862e+308, 2.3105e+00, 3.7227e-02, 
 2DIAGNOSTIC,    10, -6.007296772196e-01, 6.408385752097e-04, 2.3659e+00, 5.5384e-02, 
 2DIAGNOSTIC,    11, -6.009295653849e-01, 6.939854049180e-04, 2.4059e+00, 4.0008e-02, 
 2DIAGNOSTIC,    12, -6.009764525393e-01, 6.819965586519e-04, 2.4449e+00, 3.9017e-02, 
 2DIAGNOSTIC,    13, -6.010243321493e-01, 6.176515007462e-04, 2.4824e+00, 3.7452e-02, 
 2DIAGNOSTIC,    14, -6.011840283635e-01, 5.184450938613e-04, 2.5213e+00, 3.8963e-02, 
 2DIAGNOSTIC,    15, -6.013232499397e-01, 3.978061402806e-04, 2.5808e+00, 5.9456e-02, 
 2DIAGNOSTIC,    16, -6.013234538279e-01, 2.718275969072e-04, 2.6218e+00, 4.0978e-02, 
 2DIAGNOSTIC,    17, -6.013442850026e-01, 1.562180829445e-04, 2.6575e+00, 3.5760e-02, 
 2DIAGNOSTIC,    18, -6.013950652878e-01, 7.587961304899e-05, 2.6951e+00, 3.7533e-02, 
 2DIAGNOSTIC,    19, -6.014411596640e-01, 4.013218855528e-05, 2.7296e+00, 3.4508e-02, 
 2DIAGNOSTIC,    20, -6.015128623286e-01, 3.302394942303e-05, 2.7660e+00, 3.6384e-02, 
 2DIAGNOSTIC,    21, -6.016069598609e-01, 3.032336368463e-05, 2.8008e+00, 3.4830e-02, 
 2DIAGNOSTIC,    22, -6.017972219461e-01, 3.031956201004e-05, 2.8358e+00, 3.5063e-02, 
 2DIAGNOSTIC,    23, -6.019131249785e-01, 3.084535968938e-05, 2.8907e+00, 5.4804e-02, 
 2DIAGNOSTIC,    24, -6.019168813193e-01, 3.170940052773e-05, 2.9320e+00, 4.1304e-02, 
 2DIAGNOSTIC,    25, -6.019005180493e-01, 3.205255228747e-05, 2.9665e+00, 3.4591e-02, 
 2DIAGNOSTIC,    26, -6.018948729010e-01, 2.938683882449e-05, 3.0013e+00, 3.4730e-02, 
 2DIAGNOSTIC,    27, -6.019108710507e-01, 2.484883289096e-05, 3.0358e+00, 3.4554e-02, 
 2DIAGNOSTIC,    28, -6.019705430827e-01, 2.023291689880e-05, 3.0706e+00, 3.4801e-02, 
 2DIAGNOSTIC,    29, -6.022684608334e-01, 1.975621870132e-05, 3.1213e+00, 5.0710e-02, 
 2DIAGNOSTIC,    30, -6.022593130101e-01, 1.844449491847e-05, 3.1559e+00, 3.4561e-02, 
 2DIAGNOSTIC,    31, -6.022689692287e-01, 1.717223285502e-05, 3.1941e+00, 3.8163e-02, 
 2DIAGNOSTIC,    32, -6.023039989784e-01, 1.779164145806e-05, 3.2329e+00, 3.8790e-02, 
 2DIAGNOSTIC,    33, -6.023657009029e-01, 1.927745658763e-05, 3.2825e+00, 4.9643e-02, 
 2DIAGNOSTIC,    34, -6.023684696601e-01, 1.894839894600e-05, 3.3213e+00, 3.8840e-02, 
 2DIAGNOSTIC,    35, -6.023806812138e-01, 1.689205085700e-05, 3.3640e+00, 4.2658e-02, 
 2DIAGNOSTIC,    36, -6.023762161052e-01, 1.337084752853e-05, 3.4024e+00, 3.8383e-02, 
 2DIAGNOSTIC,    37, -6.023611623152e-01, 8.879939526106e-06, 3.4408e+00, 3.8437e-02, 
 2DIAGNOSTIC,    38, -6.023555816444e-01, 4.423053852551e-06, 3.4808e+00, 3.9945e-02, 
 2DIAGNOSTIC,    39, -6.023495698845e-01, 3.403121523450e-06, 3.5172e+00, 3.6399e-02, 
 2DIAGNOSTIC,    40, -6.023269619002e-01, 1.821718697077e-06, 3.5611e+00, 4.3929e-02, 
