
##########################
# Experiment information #
##########################

EXPERIMENT_NAME: antsRegistration-r7-p18
VFC_BACKENDS: libinterflop_vprec.so --range-binary32=7 --precision-binary32=18 --range-binary64=7 --precision-binary64=18

SIF_IMG: /home/mdugre/projects/rrg-glatard/mdugre/containers/ants-vprec-no_metrics.simg

SUBJECT_ID: s003
INPUT_IMG: /home/mdugre/scratch/mri-registration-rp/datasets/ds004513/derivatives/mri-registration-rp/antsBrainExtraction/sub-s003/BrainExtractionBrain.nii.gz
OUTPUT_DIR: /home/mdugre/scratch/mri-registration-rp/datasets/ds004513/derivatives/mri-registration-rp/0001/antsRegistration-r7-p18/sub-s003

FIXED_IMG: /templateflow/tpl-MNI152NLin2009cAsym/tpl-MNI152NLin2009cAsym_res-01_desc-brain_T1w.nii.gz
DATA_DIR: /home/mdugre/scratch/mri-registration-rp/datasets/ds004513
TEMPLATEFLOW_DIR: /home/mdugre/projects/rrg-glatard/mdugre/templateflow
ITK_GLOBAL_DEFAULT_NUMBER_OF_THREADS: 16
##########################

Info [verificarlo]: loaded backend libinterflop_ieee.so
Info [interflop-ieee]: load backend with:
Info [interflop-ieee]: debug = false
Info [interflop-ieee]: debug-binary = false
Info [interflop-ieee]: no-backend-name = false
Info [interflop-ieee]: print-new-line = false
Info [interflop-ieee]: print-subnormal-normalized = false
Info [interflop-ieee]: count-op = false
All_Command_lines_OK
Using double precision for computations.
=============================================================================
The composite transform comprises the following transforms (in order): 
  1. Center of mass alignment using fixed image: /templateflow/tpl-MNI152NLin2009cAsym/tpl-MNI152NLin2009cAsym_res-01_desc-brain_T1w.nii.gz and moving image: /home/mdugre/scratch/mri-registration-rp/datasets/ds004513/derivatives/mri-registration-rp/antsBrainExtraction/sub-s003/BrainExtractionBrain.nii.gz (type = Euler3DTransform)
=============================================================================
  number of levels = 1
  fixed image: /templateflow/tpl-MNI152NLin2009cAsym/tpl-MNI152NLin2009cAsym_res-01_desc-brain_T1w.nii.gz
  moving image: /home/mdugre/scratch/mri-registration-rp/datasets/ds004513/derivatives/mri-registration-rp/antsBrainExtraction/sub-s003/BrainExtractionBrain.nii.gz
Dimension = 3
Number of stages = 1
Use histogram matching = false
Winsorize image intensities = true
  Lower quantile = 0.005
  Upper quantile = 0.995


Stage 1 State
   Image metric = MattesMI
     Fixed image = Image (0x39f7e70)
  RTTI typeinfo:   itk::Image<double, 3u>
  Reference Count: 2
  Modified Time: 2334
  Debug: Off
  Object Name: 
  Observers: 
    none
  Source: (none)
  Source output name: (none)
  Release Data: Off
  Data Released: False
  Global Release Data: Off
  PipelineMTime: 0
  UpdateMTime: 1943
  RealTimeStamp: 0 seconds 
  LargestPossibleRegion: 
    Dimension: 3
    Index: [0, 0, 0]
    Size: [193, 229, 193]
  BufferedRegion: 
    Dimension: 3
    Index: [0, 0, 0]
    Size: [193, 229, 193]
  RequestedRegion: 
    Dimension: 3
    Index: [0, 0, 0]
    Size: [193, 229, 193]
  Spacing: [1, 1, 1]
  Origin: [96, 132, -78]
  Direction: 
-1 0 0
0 -1 0
0 0 1

  IndexToPointMatrix: 
-1 0 0
0 -1 0
0 0 1

  PointToIndexMatrix: 
-1 0 0
0 -1 0
0 0 1

  Inverse Direction: 
-1 0 0
0 -1 0
0 0 1

  PixelContainer: 
    ImportImageContainer (0x3a04140)
      RTTI typeinfo:   itk::ImportImageContainer<unsigned long, double>
      Reference Count: 1
      Modified Time: 1940
      Debug: Off
      Object Name: 
      Observers: 
        none
      Pointer: 0x1527c3db8010
      Container manages memory: true
      Size: 8530021
      Capacity: 8530021

     Moving image = Image (0x3a01310)
  RTTI typeinfo:   itk::Image<double, 3u>
  Reference Count: 2
  Modified Time: 2335
  Debug: Off
  Object Name: 
  Observers: 
    none
  Source: (none)
  Source output name: (none)
  Release Data: Off
  Data Released: False
  Global Release Data: Off
  PipelineMTime: 0
  UpdateMTime: 2332
  RealTimeStamp: 0 seconds 
  LargestPossibleRegion: 
    Dimension: 3
    Index: [0, 0, 0]
    Size: [176, 240, 256]
  BufferedRegion: 
    Dimension: 3
    Index: [0, 0, 0]
    Size: [176, 240, 256]
  RequestedRegion: 
    Dimension: 3
    Index: [0, 0, 0]
    Size: [176, 240, 256]
  Spacing: [0.999999, 1, 1]
  Origin: [93.3499, 86.9368, -128.957]
  Direction: 
-0.999513 -0.0279216 -0.0139567
0.0279189 -0.99961 0.000389866
-0.0139622 2.01492e-08 0.999903

  IndexToPointMatrix: 
-0.999512 -0.0279216 -0.0139567
0.0279189 -0.99961 0.000389866
-0.0139621 2.01492e-08 0.999903

  PointToIndexMatrix: 
-0.999514 0.0279189 -0.0139622
-0.0279216 -0.99961 2.01716e-08
-0.0139567 0.000389866 0.999903

  Inverse Direction: 
-0.999513 0.0279189 -0.0139622
-0.0279216 -0.99961 2.01716e-08
-0.0139567 0.000389866 0.999903

  PixelContainer: 
    ImportImageContainer (0x3b2c610)
      RTTI typeinfo:   itk::ImportImageContainer<unsigned long, double>
      Reference Count: 1
      Modified Time: 2329
      Debug: Off
      Object Name: 
      Observers: 
        none
      Pointer: 0x1527beb37010
      Container manages memory: true
      Size: 10813440
      Capacity: 10813440

     Weighting = 1
     Sampling strategy = regular
     Number of bins = 32
     Radius = 4
     Sampling percentage  = 0.25
   Transform = Rigid
     Gradient step = 0.1
     Update field sigma (voxel space) = 0
     Total field sigma (voxel space) = 0
     Update field time sigma = 0
     Total field time sigma  = 0
     Number of time indices = 0
     Number of time point samples = 0
Registration using 1 total stages.

Stage 0
  iterations = 0
  convergence threshold = 1e-06
  convergence window size = 10
  number of levels = 1
  using the Mattes MI metric (number of bins = 32, weight = 1, use gradient filter = 0)
  preprocessing:  winsorizing the image intensities
  Shrink factors (level 1 out of 1): [1, 1, 1]
  smoothing sigmas per level: [0]
  regular sampling (percentage = 0.25)

*** Running Euler3DTransform registration ***

  Elapsed time (stage 0): 1.15994


Total elapsed time: 1.16243
Info [verificarlo]: loaded backend libinterflop_ieee.so
Info [interflop-ieee]: load backend with:
Info [interflop-ieee]: debug = false
Info [interflop-ieee]: debug-binary = false
Info [interflop-ieee]: no-backend-name = false
Info [interflop-ieee]: print-new-line = false
Info [interflop-ieee]: print-subnormal-normalized = false
Info [interflop-ieee]: count-op = false
All_Command_lines_OK
Using double precision for computations.
=============================================================================
The composite transform comprises the following transforms (in order): 
  1. /home/mdugre/scratch/mri-registration-rp/datasets/ds004513/derivatives/mri-registration-rp/0001/antsRegistration-r7-p18/sub-s003/align_Composite.h5[0] (type = Euler3DTransform)
  2. /home/mdugre/scratch/mri-registration-rp/datasets/ds004513/derivatives/mri-registration-rp/0001/antsRegistration-r7-p18/sub-s003/align_Composite.h5[1] (type = Euler3DTransform)
=============================================================================
  number of levels = 4
  fixed image: /templateflow/tpl-MNI152NLin2009cAsym/tpl-MNI152NLin2009cAsym_res-01_desc-brain_T1w.nii.gz
  moving image: /home/mdugre/scratch/mri-registration-rp/datasets/ds004513/derivatives/mri-registration-rp/antsBrainExtraction/sub-s003/BrainExtractionBrain.nii.gz
Dimension = 3
Number of stages = 1
Use histogram matching = false
Winsorize image intensities = true
  Lower quantile = 0.005
  Upper quantile = 0.995


Stage 1 State
   Image metric = MattesMI
     Fixed image = Image (0x3423530)
  RTTI typeinfo:   itk::Image<double, 3u>
  Reference Count: 2
  Modified Time: 1580
  Debug: Off
  Object Name: 
  Observers: 
    none
  Source: (none)
  Source output name: (none)
  Release Data: Off
  Data Released: False
  Global Release Data: Off
  PipelineMTime: 0
  UpdateMTime: 1189
  RealTimeStamp: 0 seconds 
  LargestPossibleRegion: 
    Dimension: 3
    Index: [0, 0, 0]
    Size: [193, 229, 193]
  BufferedRegion: 
    Dimension: 3
    Index: [0, 0, 0]
    Size: [193, 229, 193]
  RequestedRegion: 
    Dimension: 3
    Index: [0, 0, 0]
    Size: [193, 229, 193]
  Spacing: [1, 1, 1]
  Origin: [96, 132, -78]
  Direction: 
-1 0 0
0 -1 0
0 0 1

  IndexToPointMatrix: 
-1 0 0
0 -1 0
0 0 1

  PointToIndexMatrix: 
-1 0 0
0 -1 0
0 0 1

  Inverse Direction: 
-1 0 0
0 -1 0
0 0 1

  PixelContainer: 
    ImportImageContainer (0x34e1d60)
      RTTI typeinfo:   itk::ImportImageContainer<unsigned long, double>
      Reference Count: 1
      Modified Time: 1186
      Debug: Off
      Object Name: 
      Observers: 
        none
      Pointer: 0x1466ee8d4010
      Container manages memory: true
      Size: 8530021
      Capacity: 8530021

     Moving image = Image (0x34d3f60)
  RTTI typeinfo:   itk::Image<double, 3u>
  Reference Count: 2
  Modified Time: 1581
  Debug: Off
  Object Name: 
  Observers: 
    none
  Source: (none)
  Source output name: (none)
  Release Data: Off
  Data Released: False
  Global Release Data: Off
  PipelineMTime: 0
  UpdateMTime: 1578
  RealTimeStamp: 0 seconds 
  LargestPossibleRegion: 
    Dimension: 3
    Index: [0, 0, 0]
    Size: [176, 240, 256]
  BufferedRegion: 
    Dimension: 3
    Index: [0, 0, 0]
    Size: [176, 240, 256]
  RequestedRegion: 
    Dimension: 3
    Index: [0, 0, 0]
    Size: [176, 240, 256]
  Spacing: [0.999999, 1, 1]
  Origin: [93.3499, 86.9368, -128.957]
  Direction: 
-0.999513 -0.0279216 -0.0139567
0.0279189 -0.99961 0.000389866
-0.0139622 2.01492e-08 0.999903

  IndexToPointMatrix: 
-0.999512 -0.0279216 -0.0139567
0.0279189 -0.99961 0.000389866
-0.0139621 2.01492e-08 0.999903

  PointToIndexMatrix: 
-0.999514 0.0279189 -0.0139622
-0.0279216 -0.99961 2.01716e-08
-0.0139567 0.000389866 0.999903

  Inverse Direction: 
-0.999513 0.0279189 -0.0139622
-0.0279216 -0.99961 2.01716e-08
-0.0139567 0.000389866 0.999903

  PixelContainer: 
    ImportImageContainer (0x34c56d0)
      RTTI typeinfo:   itk::ImportImageContainer<unsigned long, double>
      Reference Count: 1
      Modified Time: 1575
      Debug: Off
      Object Name: 
      Observers: 
        none
      Pointer: 0x1466e9653010
      Container manages memory: true
      Size: 10813440
      Capacity: 10813440

     Weighting = 1
     Sampling strategy = regular
     Number of bins = 32
     Radius = 4
     Sampling percentage  = 0.25
   Transform = Rigid
     Gradient step = 0.1
     Update field sigma (voxel space) = 0
     Total field sigma (voxel space) = 0
     Update field time sigma = 0
     Total field time sigma  = 0
     Number of time indices = 0
     Number of time point samples = 0
Registration using 1 total stages.

Stage 0
  iterations = 1000x500x250x100
  convergence threshold = 1e-06
  convergence window size = 10
  number of levels = 4
  using the Mattes MI metric (number of bins = 32, weight = 1, use gradient filter = 0)
  preprocessing:  winsorizing the image intensities
  Shrink factors (level 1 out of 4): [8, 8, 8]
  Shrink factors (level 2 out of 4): [4, 4, 4]
  Shrink factors (level 3 out of 4): [2, 2, 2]
  Shrink factors (level 4 out of 4): [1, 1, 1]
  smoothing sigmas per level: [3, 2, 1, 0]
  regular sampling (percentage = 0.25)

*** Running Euler3DTransform registration ***

DIAGNOSTIC,Iteration,metricValue,convergenceValue,ITERATION_TIME_INDEX,SINCE_LAST
 2DIAGNOSTIC,     1, -4.871187133941e-01, 1.797693134862e+308, 1.0471e+00, 1.0471e+00, 
 2DIAGNOSTIC,     2, -4.887966556740e-01, 1.797693134862e+308, 1.0517e+00, 4.5650e-03, 
 2DIAGNOSTIC,     3, -4.919242839642e-01, 1.797693134862e+308, 1.0561e+00, 4.4930e-03, 
 2DIAGNOSTIC,     4, -5.019092629522e-01, 1.797693134862e+308, 1.0607e+00, 4.5419e-03, 
 2DIAGNOSTIC,     5, -5.198319788477e-01, 1.797693134862e+308, 1.0653e+00, 4.6031e-03, 
 2DIAGNOSTIC,     6, -5.251449584180e-01, 1.797693134862e+308, 1.0697e+00, 4.3938e-03, 
 2DIAGNOSTIC,     7, -5.365118080768e-01, 1.797693134862e+308, 1.0742e+00, 4.4930e-03, 
 2DIAGNOSTIC,     8, -5.564319077261e-01, 1.797693134862e+308, 1.0810e+00, 6.7818e-03, 
 2DIAGNOSTIC,     9, -5.572786469687e-01, 1.797693134862e+308, 1.0851e+00, 4.0948e-03, 
 2DIAGNOSTIC,    10, -5.597886110608e-01, 1.060089541986e-02, 1.0899e+00, 4.8852e-03, 
 2DIAGNOSTIC,    11, -5.645450860914e-01, 9.471656029002e-03, 1.0943e+00, 4.3700e-03, 
 2DIAGNOSTIC,    12, -5.675342641672e-01, 7.901754414629e-03, 1.0994e+00, 5.0640e-03, 
 2DIAGNOSTIC,    13, -5.685174641934e-01, 6.033280802479e-03, 1.1043e+00, 4.9570e-03, 
 2DIAGNOSTIC,    14, -5.693412095342e-01, 4.302087948768e-03, 1.1099e+00, 5.6028e-03, 
 2DIAGNOSTIC,    15, -5.718972801997e-01, 3.155204981951e-03, 1.1149e+00, 5.0011e-03, 
 2DIAGNOSTIC,    16, -5.734788767073e-01, 2.091398053250e-03, 1.1194e+00, 4.4830e-03, 
 2DIAGNOSTIC,    17, -5.737823402463e-01, 1.310029424173e-03, 1.1238e+00, 4.4250e-03, 
 2DIAGNOSTIC,    18, -5.749452616695e-01, 1.114936190119e-03, 1.1287e+00, 4.8211e-03, 
 2DIAGNOSTIC,    19, -5.774392255369e-01, 9.301256922474e-04, 1.1358e+00, 7.1390e-03, 
 2DIAGNOSTIC,    20, -5.782944999891e-01, 7.612328990381e-04, 1.1412e+00, 5.4209e-03, 
 2DIAGNOSTIC,    21, -5.788863756140e-01, 6.687985513107e-04, 1.1458e+00, 4.6141e-03, 
 2DIAGNOSTIC,    22, -5.857337702982e-01, 7.546209629472e-04, 1.1505e+00, 4.6089e-03, 
 2DIAGNOSTIC,    23, -6.028589201208e-01, 1.162232410045e-03, 1.1556e+00, 5.1479e-03, 
 2DIAGNOSTIC,    24, -6.086613835499e-01, 1.554691242029e-03, 1.1620e+00, 6.3560e-03, 
 2DIAGNOSTIC,    25, -6.127624305695e-01, 1.904928853547e-03, 1.1670e+00, 5.0230e-03, 
 2DIAGNOSTIC,    26, -6.171330102513e-01, 2.167612418305e-03, 1.1719e+00, 4.9381e-03, 
 2DIAGNOSTIC,    27, -6.180829717600e-01, 2.226134244438e-03, 1.1763e+00, 4.4110e-03, 
 2DIAGNOSTIC,    28, -6.204355229571e-01, 2.128618122679e-03, 1.1812e+00, 4.9062e-03, 
 2DIAGNOSTIC,    29, -6.216541942353e-01, 1.901236644561e-03, 1.1857e+00, 4.4539e-03, 
 2DIAGNOSTIC,    30, -6.252686883002e-01, 1.589741141336e-03, 1.1908e+00, 5.1200e-03, 
 2DIAGNOSTIC,    31, -6.305777041009e-01, 1.244380707132e-03, 1.1953e+00, 4.5102e-03, 
 2DIAGNOSTIC,    32, -6.437126118433e-01, 1.107470253510e-03, 1.2010e+00, 5.6820e-03, 
 2DIAGNOSTIC,    33, -6.470259931190e-01, 1.176385567050e-03, 1.2054e+00, 4.3912e-03, 
 2DIAGNOSTIC,    34, -6.489214560282e-01, 1.241894897233e-03, 1.2126e+00, 7.1969e-03, 
 2DIAGNOSTIC,    35, -6.509315149005e-01, 1.271885238765e-03, 1.2169e+00, 4.3020e-03, 
 2DIAGNOSTIC,    36, -6.520045938075e-01, 1.251974609764e-03, 1.2212e+00, 4.2889e-03, 
 2DIAGNOSTIC,    37, -6.528674397882e-01, 1.135508559495e-03, 1.2258e+00, 4.6082e-03, 
 2DIAGNOSTIC,    38, -6.532435154333e-01, 9.531152955476e-04, 1.2304e+00, 4.6439e-03, 
 2DIAGNOSTIC,    39, -6.541863383369e-01, 7.192343355076e-04, 1.2449e+00, 1.4481e-02, 
 2DIAGNOSTIC,    40, -6.542286759666e-01, 4.743144066084e-04, 1.2501e+00, 5.1699e-03, 
 2DIAGNOSTIC,    41, -6.546761676271e-01, 2.615121409064e-04, 1.2543e+00, 4.2312e-03, 
 2DIAGNOSTIC,    42, -6.552215531631e-01, 1.910266210962e-04, 1.2598e+00, 5.4560e-03, 
 2DIAGNOSTIC,    43, -6.554127944461e-01, 1.447232862620e-04, 1.2637e+00, 3.9139e-03, 
 2DIAGNOSTIC,    44, -6.553663376097e-01, 1.066868252116e-04, 1.2676e+00, 3.8991e-03, 
 2DIAGNOSTIC,    45, -6.555154450826e-01, 8.322244846575e-05, 1.2714e+00, 3.8450e-03, 
 2DIAGNOSTIC,    46, -6.555940194378e-01, 6.475936242462e-05, 1.2757e+00, 4.2942e-03, 
 2DIAGNOSTIC,    47, -6.556719805213e-01, 5.043829401852e-05, 1.2795e+00, 3.8221e-03, 
 2DIAGNOSTIC,    48, -6.557410697348e-01, 3.618874361900e-05, 1.2834e+00, 3.8209e-03, 
 2DIAGNOSTIC,    49, -6.557035054581e-01, 2.805111977396e-05, 1.2886e+00, 5.2252e-03, 
 2DIAGNOSTIC,    50, -6.556369458205e-01, 1.739875878383e-05, 1.2929e+00, 4.2782e-03, 
 2DIAGNOSTIC,    51, -6.556524667526e-01, 9.756736225695e-06, 1.2974e+00, 4.5049e-03, 
 2DIAGNOSTIC,    52, -6.557396060385e-01, 7.225081549524e-06, 1.3017e+00, 4.3638e-03, 
 2DIAGNOSTIC,    53, -6.559472522145e-01, 7.703435199839e-06, 1.3056e+00, 3.8290e-03, 
 2DIAGNOSTIC,    54, -6.559603366193e-01, 7.143807636695e-06, 1.3098e+00, 4.2639e-03, 
 2DIAGNOSTIC,    55, -6.558870536011e-01, 6.667311255430e-06, 1.3136e+00, 3.7858e-03, 
 2DIAGNOSTIC,    56, -6.559056008113e-01, 6.468553178495e-06, 1.3188e+00, 5.2121e-03, 
 2DIAGNOSTIC,    57, -6.557456459350e-01, 4.985710698496e-06, 1.3233e+00, 4.4410e-03, 
 2DIAGNOSTIC,    58, -6.555943564363e-01, 2.477803581150e-06, 1.3271e+00, 3.8190e-03, 
DIAGNOSTIC,Iteration,metricValue,convergenceValue,ITERATION_TIME_INDEX,SINCE_LAST
 2DIAGNOSTIC,     1, -5.251718191910e-01, 1.797693134862e+308, 2.1151e+00, 7.8806e-01, 
 2DIAGNOSTIC,     2, -5.257858843925e-01, 1.797693134862e+308, 2.1443e+00, 2.9134e-02, 
 2DIAGNOSTIC,     3, -5.265575740193e-01, 1.797693134862e+308, 2.1744e+00, 3.0077e-02, 
 2DIAGNOSTIC,     4, -5.273173878832e-01, 1.797693134862e+308, 2.2042e+00, 2.9813e-02, 
 2DIAGNOSTIC,     5, -5.278518335229e-01, 1.797693134862e+308, 2.2341e+00, 2.9943e-02, 
 2DIAGNOSTIC,     6, -5.281804379186e-01, 1.797693134862e+308, 2.2643e+00, 3.0183e-02, 
 2DIAGNOSTIC,     7, -5.295047726713e-01, 1.797693134862e+308, 2.2978e+00, 3.3462e-02, 
 2DIAGNOSTIC,     8, -5.309918134350e-01, 1.797693134862e+308, 2.3482e+00, 5.0486e-02, 
 2DIAGNOSTIC,     9, -5.314380624337e-01, 1.797693134862e+308, 2.3803e+00, 3.2057e-02, 
 2DIAGNOSTIC,    10, -5.315080818744e-01, 8.348354787242e-04, 2.4094e+00, 2.9096e-02, 
 2DIAGNOSTIC,    11, -5.317672156424e-01, 7.302209235797e-04, 2.4391e+00, 2.9735e-02, 
 2DIAGNOSTIC,    12, -5.329528785964e-01, 6.569399541965e-04, 2.4765e+00, 3.7351e-02, 
 2DIAGNOSTIC,    13, -5.336132699806e-01, 5.921035183203e-04, 2.5099e+00, 3.3427e-02, 
 2DIAGNOSTIC,    14, -5.337366138916e-01, 5.167722443444e-04, 2.5432e+00, 3.3247e-02, 
 2DIAGNOSTIC,    15, -5.339216851498e-01, 4.321347764042e-04, 2.5760e+00, 3.2834e-02, 
 2DIAGNOSTIC,    16, -5.339808955416e-01, 3.312255599621e-04, 2.6098e+00, 3.3811e-02, 
 2DIAGNOSTIC,    17, -5.339865524928e-01, 2.520868647578e-04, 2.6392e+00, 2.9429e-02, 
 2DIAGNOSTIC,    18, -5.340174458588e-01, 2.032516858437e-04, 2.6684e+00, 2.9217e-02, 
 2DIAGNOSTIC,    19, -5.340662758117e-01, 1.553057005932e-04, 2.7014e+00, 3.2960e-02, 
 2DIAGNOSTIC,    20, -5.340874423430e-01, 1.006960233643e-04, 2.7348e+00, 3.3383e-02, 
 2DIAGNOSTIC,    21, -5.340870048971e-01, 4.803464670960e-05, 2.7677e+00, 3.2953e-02, 
 2DIAGNOSTIC,    22, -5.340898300616e-01, 2.440670507863e-05, 2.7968e+00, 2.9045e-02, 
 2DIAGNOSTIC,    23, -5.340847002115e-01, 1.591442958582e-05, 2.8300e+00, 3.3196e-02, 
 2DIAGNOSTIC,    24, -5.340989290122e-01, 9.717851890419e-06, 2.8647e+00, 3.4765e-02, 
 2DIAGNOSTIC,    25, -5.341024008341e-01, 7.219106018107e-06, 2.8940e+00, 2.9286e-02, 
 2DIAGNOSTIC,    26, -5.341553811459e-01, 6.679843645281e-06, 2.9231e+00, 2.9086e-02, 
 2DIAGNOSTIC,    27, -5.345002868834e-01, 1.258126667485e-05, 2.9634e+00, 4.0257e-02, 
 2DIAGNOSTIC,    28, -5.347337968798e-01, 2.183259405214e-05, 2.9918e+00, 2.8372e-02, 
 2DIAGNOSTIC,    29, -5.349705450473e-01, 3.370337435864e-05, 3.0250e+00, 3.3243e-02, 
 2DIAGNOSTIC,    30, -5.350498070855e-01, 4.350760663035e-05, 3.0573e+00, 3.2307e-02, 
 2DIAGNOSTIC,    31, -5.350626128246e-01, 4.891130082002e-05, 3.0965e+00, 3.9181e-02, 
 2DIAGNOSTIC,    32, -5.351416506518e-01, 5.077021357407e-05, 3.1279e+00, 3.1383e-02, 
 2DIAGNOSTIC,    33, -5.353712446279e-01, 5.132172589663e-05, 3.1627e+00, 3.4818e-02, 
 2DIAGNOSTIC,    34, -5.356338303253e-01, 5.133620428375e-05, 3.1941e+00, 3.1368e-02, 
 2DIAGNOSTIC,    35, -5.358985453827e-01, 5.066096768115e-05, 3.2259e+00, 3.1881e-02, 
 2DIAGNOSTIC,    36, -5.360473625592e-01, 4.821409678145e-05, 3.2698e+00, 4.3877e-02, 
 2DIAGNOSTIC,    37, -5.364050719016e-01, 5.150267815137e-05, 3.3048e+00, 3.5001e-02, 
 2DIAGNOSTIC,    38, -5.368831203408e-01, 5.957085249306e-05, 3.3399e+00, 3.5041e-02, 
 2DIAGNOSTIC,    39, -5.370001739011e-01, 6.627072320844e-05, 3.3831e+00, 4.3244e-02, 
 2DIAGNOSTIC,    40, -5.370186189810e-01, 6.778198071095e-05, 3.4181e+00, 3.5030e-02, 
 2DIAGNOSTIC,    41, -5.370261139621e-01, 6.320392242771e-05, 3.4531e+00, 3.5008e-02, 
 2DIAGNOSTIC,    42, -5.370404935309e-01, 5.400041208189e-05, 3.4884e+00, 3.5317e-02, 
 2DIAGNOSTIC,    43, -5.370402350081e-01, 4.283821175065e-05, 3.5230e+00, 3.4574e-02, 
 2DIAGNOSTIC,    44, -5.370365673741e-01, 3.125619402818e-05, 3.5568e+00, 3.3795e-02, 
 2DIAGNOSTIC,    45, -5.370489975778e-01, 2.064113201228e-05, 3.5932e+00, 3.6376e-02, 
 2DIAGNOSTIC,    46, -5.370379047019e-01, 1.014088480785e-05, 3.6229e+00, 2.9700e-02, 
 2DIAGNOSTIC,    47, -5.370426039199e-01, 3.157986677556e-06, 3.6524e+00, 2.9507e-02, 
 2DIAGNOSTIC,    48, -5.370347244945e-01, 1.411591852688e-06, 3.6811e+00, 2.8720e-02, 
DIAGNOSTIC,Iteration,metricValue,convergenceValue,ITERATION_TIME_INDEX,SINCE_LAST
 2DIAGNOSTIC,     1, -4.771582413482e-01, 1.797693134862e+308, 4.8619e+00, 1.1807e+00, 
 2DIAGNOSTIC,     2, -4.773479419596e-01, 1.797693134862e+308, 5.1381e+00, 2.7623e-01, 
 2DIAGNOSTIC,     3, -4.774251825473e-01, 1.797693134862e+308, 5.4246e+00, 2.8651e-01, 
 2DIAGNOSTIC,     4, -4.775112357551e-01, 1.797693134862e+308, 5.7227e+00, 2.9807e-01, 
 2DIAGNOSTIC,     5, -4.775167825725e-01, 1.797693134862e+308, 6.0029e+00, 2.8017e-01, 
 2DIAGNOSTIC,     6, -4.775525134000e-01, 1.797693134862e+308, 6.2950e+00, 2.9211e-01, 
 2DIAGNOSTIC,     7, -4.776642881061e-01, 1.797693134862e+308, 6.5878e+00, 2.9283e-01, 
 2DIAGNOSTIC,     8, -4.780771753411e-01, 1.797693134862e+308, 6.9794e+00, 3.9162e-01, 
 2DIAGNOSTIC,     9, -4.781160181270e-01, 1.797693134862e+308, 7.2939e+00, 3.1451e-01, 
 2DIAGNOSTIC,    10, -4.781480790388e-01, 1.338465900871e-04, 7.5219e+00, 2.2796e-01, 
 2DIAGNOSTIC,    11, -4.782290192105e-01, 1.228172154815e-04, 7.8811e+00, 3.5919e-01, 
 2DIAGNOSTIC,    12, -4.784886696385e-01, 1.248510374496e-04, 8.1819e+00, 3.0083e-01, 
 2DIAGNOSTIC,    13, -4.787976678349e-01, 1.325053045950e-04, 8.5597e+00, 3.7776e-01, 
 2DIAGNOSTIC,    14, -4.788299594913e-01, 1.320829890440e-04, 8.8539e+00, 2.9419e-01, 
 2DIAGNOSTIC,    15, -4.788371700719e-01, 1.208926369668e-04, 9.1372e+00, 2.8332e-01, 
 2DIAGNOSTIC,    16, -4.788314930008e-01, 1.015220121954e-04, 9.4687e+00, 3.3147e-01, 
 2DIAGNOSTIC,    17, -4.788331784239e-01, 7.868266818403e-05, 9.7327e+00, 2.6400e-01, 
 2DIAGNOSTIC,    18, -4.788263371007e-01, 6.451032294837e-05, 1.0064e+01, 3.3177e-01, 
 2DIAGNOSTIC,    19, -4.788265304539e-01, 4.732342159695e-05, 1.0324e+01, 2.5988e-01, 
 2DIAGNOSTIC,    20, -4.788259164098e-01, 2.871604001532e-05, 1.0592e+01, 2.6774e-01, 
 2DIAGNOSTIC,    21, -4.788252276930e-01, 1.153635197720e-05, 1.0881e+01, 2.8916e-01, 
 2DIAGNOSTIC,    22, -4.788245027267e-01, 1.754278202613e-06, 1.1164e+01, 2.8310e-01, 
DIAGNOSTIC,Iteration,metricValue,convergenceValue,ITERATION_TIME_INDEX,SINCE_LAST
 2DIAGNOSTIC,     1, -4.453439510418e-01, 1.797693134862e+308, 1.3630e+01, 2.4659e+00, 
 2DIAGNOSTIC,     2, -4.453832835477e-01, 1.797693134862e+308, 1.6977e+01, 3.3468e+00, 
 2DIAGNOSTIC,     3, -4.453832356614e-01, 1.797693134862e+308, 1.8684e+01, 1.7071e+00, 
 2DIAGNOSTIC,     4, -4.453830824762e-01, 1.797693134862e+308, 2.0466e+01, 1.7815e+00, 
 2DIAGNOSTIC,     5, -4.453828928110e-01, 1.797693134862e+308, 2.2013e+01, 1.5470e+00, 
 2DIAGNOSTIC,     6, -4.453828951158e-01, 1.797693134862e+308, 2.3727e+01, 1.7149e+00, 
 2DIAGNOSTIC,     7, -4.453830329372e-01, 1.797693134862e+308, 2.6030e+01, 2.3021e+00, 
 2DIAGNOSTIC,     8, -4.453829927467e-01, 1.797693134862e+308, 2.7702e+01, 1.6729e+00, 
 2DIAGNOSTIC,     9, -4.453829467908e-01, 1.797693134862e+308, 2.9098e+01, 1.3954e+00, 
 2DIAGNOSTIC,    10, -4.453827328068e-01, 5.624699304971e-06, 3.0457e+01, 1.3596e+00, 
 2DIAGNOSTIC,    11, -4.453828161879e-01, 2.837738937181e-06, 3.2161e+01, 1.7031e+00, 
 2DIAGNOSTIC,    12, -4.453826941010e-01, 2.604631226866e-06, 3.3660e+01, 1.4995e+00, 
 2DIAGNOSTIC,    13, -4.453826091105e-01, 2.405207889758e-06, 3.5279e+01, 1.6190e+00, 
 2DIAGNOSTIC,    14, -4.453826494755e-01, 2.233457355852e-06, 3.6868e+01, 1.5890e+00, 
 2DIAGNOSTIC,    15, -4.453827778987e-01, 2.085544018759e-06, 3.8977e+01, 2.1091e+00, 
 2DIAGNOSTIC,    16, -4.453827260913e-01, 1.956972277589e-06, 4.0638e+01, 1.6607e+00, 
 2DIAGNOSTIC,    17, -4.453826741965e-01, 1.849728018526e-06, 4.2191e+01, 1.5530e+00, 
 2DIAGNOSTIC,    18, -4.453826291941e-01, 1.753531384908e-06, 4.3731e+01, 1.5405e+00, 
 2DIAGNOSTIC,    19, -4.453825256803e-01, 1.663848387949e-06, 4.5392e+01, 1.6610e+00, 
 2DIAGNOSTIC,    20, -4.453825231277e-01, 1.577002912902e-06, 4.7028e+01, 1.6357e+00, 
 2DIAGNOSTIC,    21, -4.453824973884e-01, 1.501492748121e-06, 4.8584e+01, 1.5561e+00, 
 2DIAGNOSTIC,    22, -4.453823953710e-01, 1.427739113706e-06, 5.0142e+01, 1.5576e+00, 
 2DIAGNOSTIC,    23, -4.453823949427e-01, 1.359824948519e-06, 5.1670e+01, 1.5288e+00, 
 2DIAGNOSTIC,    24, -4.453824315671e-01, 1.301664515563e-06, 5.3234e+01, 1.5637e+00, 
 2DIAGNOSTIC,    25, -4.453824913315e-01, 1.255138241549e-06, 5.4766e+01, 1.5321e+00, 
 2DIAGNOSTIC,    26, -4.453824010242e-01, 1.210297420388e-06, 5.6276e+01, 1.5094e+00, 
 2DIAGNOSTIC,    27, -4.453826456407e-01, 1.174707885909e-06, 5.7955e+01, 1.6790e+00, 
 2DIAGNOSTIC,    28, -4.453827799611e-01, 1.143921584526e-06, 5.9474e+01, 1.5199e+00, 
 2DIAGNOSTIC,    29, -4.453826765692e-01, 1.109851982109e-06, 6.1003e+01, 1.5283e+00, 
 2DIAGNOSTIC,    30, -4.453827811518e-01, 1.079153275255e-06, 6.2592e+01, 1.5890e+00, 
 2DIAGNOSTIC,    31, -4.453827706073e-01, 1.047944842687e-06, 6.4292e+01, 1.7001e+00, 
 2DIAGNOSTIC,    32, -4.453827951241e-01, 1.015014683213e-06, 6.5907e+01, 1.6155e+00, 
  Elapsed time (stage 0): 6.6899e+01


Total elapsed time: 6.6901e+01
Info [verificarlo]: loaded backend libinterflop_ieee.so
Info [interflop-ieee]: load backend with:
Info [interflop-ieee]: debug = false
Info [interflop-ieee]: debug-binary = false
Info [interflop-ieee]: no-backend-name = false
Info [interflop-ieee]: print-new-line = false
Info [interflop-ieee]: print-subnormal-normalized = false
Info [interflop-ieee]: count-op = false
All_Command_lines_OK
Using double precision for computations.
=============================================================================
The composite transform comprises the following transforms (in order): 
  1. /home/mdugre/scratch/mri-registration-rp/datasets/ds004513/derivatives/mri-registration-rp/0001/antsRegistration-r7-p18/sub-s003/rigid_Composite.h5[0] (type = Euler3DTransform)
  2. /home/mdugre/scratch/mri-registration-rp/datasets/ds004513/derivatives/mri-registration-rp/0001/antsRegistration-r7-p18/sub-s003/rigid_Composite.h5[1] (type = Euler3DTransform)
  3. /home/mdugre/scratch/mri-registration-rp/datasets/ds004513/derivatives/mri-registration-rp/0001/antsRegistration-r7-p18/sub-s003/rigid_Composite.h5[2] (type = Euler3DTransform)
=============================================================================
  number of levels = 4
  fixed image: /templateflow/tpl-MNI152NLin2009cAsym/tpl-MNI152NLin2009cAsym_res-01_desc-brain_T1w.nii.gz
  moving image: /home/mdugre/scratch/mri-registration-rp/datasets/ds004513/derivatives/mri-registration-rp/antsBrainExtraction/sub-s003/BrainExtractionBrain.nii.gz
Dimension = 3
Number of stages = 1
Use histogram matching = false
Winsorize image intensities = true
  Lower quantile = 0.005
  Upper quantile = 0.995


Stage 1 State
   Image metric = MattesMI
     Fixed image = Image (0x3f107e0)
  RTTI typeinfo:   itk::Image<double, 3u>
  Reference Count: 2
  Modified Time: 1594
  Debug: Off
  Object Name: 
  Observers: 
    none
  Source: (none)
  Source output name: (none)
  Release Data: Off
  Data Released: False
  Global Release Data: Off
  PipelineMTime: 0
  UpdateMTime: 1203
  RealTimeStamp: 0 seconds 
  LargestPossibleRegion: 
    Dimension: 3
    Index: [0, 0, 0]
    Size: [193, 229, 193]
  BufferedRegion: 
    Dimension: 3
    Index: [0, 0, 0]
    Size: [193, 229, 193]
  RequestedRegion: 
    Dimension: 3
    Index: [0, 0, 0]
    Size: [193, 229, 193]
  Spacing: [1, 1, 1]
  Origin: [96, 132, -78]
  Direction: 
-1 0 0
0 -1 0
0 0 1

  IndexToPointMatrix: 
-1 0 0
0 -1 0
0 0 1

  PointToIndexMatrix: 
-1 0 0
0 -1 0
0 0 1

  Inverse Direction: 
-1 0 0
0 -1 0
0 0 1

  PixelContainer: 
    ImportImageContainer (0x3fd0a20)
      RTTI typeinfo:   itk::ImportImageContainer<unsigned long, double>
      Reference Count: 1
      Modified Time: 1200
      Debug: Off
      Object Name: 
      Observers: 
        none
      Pointer: 0x14bbb7f9a010
      Container manages memory: true
      Size: 8530021
      Capacity: 8530021

     Moving image = Image (0x3fcbd70)
  RTTI typeinfo:   itk::Image<double, 3u>
  Reference Count: 2
  Modified Time: 1595
  Debug: Off
  Object Name: 
  Observers: 
    none
  Source: (none)
  Source output name: (none)
  Release Data: Off
  Data Released: False
  Global Release Data: Off
  PipelineMTime: 0
  UpdateMTime: 1592
  RealTimeStamp: 0 seconds 
  LargestPossibleRegion: 
    Dimension: 3
    Index: [0, 0, 0]
    Size: [176, 240, 256]
  BufferedRegion: 
    Dimension: 3
    Index: [0, 0, 0]
    Size: [176, 240, 256]
  RequestedRegion: 
    Dimension: 3
    Index: [0, 0, 0]
    Size: [176, 240, 256]
  Spacing: [0.999999, 1, 1]
  Origin: [93.3499, 86.9368, -128.957]
  Direction: 
-0.999513 -0.0279216 -0.0139567
0.0279189 -0.99961 0.000389866
-0.0139622 2.01492e-08 0.999903

  IndexToPointMatrix: 
-0.999512 -0.0279216 -0.0139567
0.0279189 -0.99961 0.000389866
-0.0139621 2.01492e-08 0.999903

  PointToIndexMatrix: 
-0.999514 0.0279189 -0.0139622
-0.0279216 -0.99961 2.01716e-08
-0.0139567 0.000389866 0.999903

  Inverse Direction: 
-0.999513 0.0279189 -0.0139622
-0.0279216 -0.99961 2.01716e-08
-0.0139567 0.000389866 0.999903

  PixelContainer: 
    ImportImageContainer (0x3f83c90)
      RTTI typeinfo:   itk::ImportImageContainer<unsigned long, double>
      Reference Count: 1
      Modified Time: 1589
      Debug: Off
      Object Name: 
      Observers: 
        none
      Pointer: 0x14bbb2d19010
      Container manages memory: true
      Size: 10813440
      Capacity: 10813440

     Weighting = 1
     Sampling strategy = regular
     Number of bins = 32
     Radius = 4
     Sampling percentage  = 0.25
   Transform = Affine
     Gradient step = 0.1
     Update field sigma (voxel space) = 0
     Total field sigma (voxel space) = 0
     Update field time sigma = 0
     Total field time sigma  = 0
     Number of time indices = 0
     Number of time point samples = 0
Registration using 1 total stages.

Stage 0
  iterations = 1000x500x250x100
  convergence threshold = 1e-06
  convergence window size = 10
  number of levels = 4
  using the Mattes MI metric (number of bins = 32, weight = 1, use gradient filter = 0)
  preprocessing:  winsorizing the image intensities
  Shrink factors (level 1 out of 4): [8, 8, 8]
  Shrink factors (level 2 out of 4): [4, 4, 4]
  Shrink factors (level 3 out of 4): [2, 2, 2]
  Shrink factors (level 4 out of 4): [1, 1, 1]
  smoothing sigmas per level: [3, 2, 1, 0]
  regular sampling (percentage = 0.25)

*** Running AffineTransform registration ***

DIAGNOSTIC,Iteration,metricValue,convergenceValue,ITERATION_TIME_INDEX,SINCE_LAST
 2DIAGNOSTIC,     1, -6.602693028971e-01, 1.797693134862e+308, 6.7822e-01, 6.7822e-01, 
 2DIAGNOSTIC,     2, -6.628234795302e-01, 1.797693134862e+308, 6.8292e-01, 4.7040e-03, 
 2DIAGNOSTIC,     3, -6.667056611684e-01, 1.797693134862e+308, 6.8775e-01, 4.8201e-03, 
 2DIAGNOSTIC,     4, -6.724885391166e-01, 1.797693134862e+308, 6.9213e-01, 4.3881e-03, 
 2DIAGNOSTIC,     5, -6.805352423788e-01, 1.797693134862e+308, 6.9649e-01, 4.3600e-03, 
 2DIAGNOSTIC,     6, -6.922078812541e-01, 1.797693134862e+308, 7.0104e-01, 4.5421e-03, 
 2DIAGNOSTIC,     7, -7.097999561702e-01, 1.797693134862e+308, 7.0676e-01, 5.7280e-03, 
 2DIAGNOSTIC,     8, -7.195463678093e-01, 1.797693134862e+308, 7.1214e-01, 5.3771e-03, 
 2DIAGNOSTIC,     9, -7.202687381993e-01, 1.797693134862e+308, 7.1749e-01, 5.3470e-03, 
 2DIAGNOSTIC,    10, -7.202148757174e-01, 6.859689641606e-03, 7.2251e-01, 5.0189e-03, 
 2DIAGNOSTIC,    11, -7.226861519530e-01, 6.012174181078e-03, 7.2791e-01, 5.3990e-03, 
 2DIAGNOSTIC,    12, -7.244071272745e-01, 4.907120131514e-03, 7.3431e-01, 6.4030e-03, 
 2DIAGNOSTIC,    13, -7.248664781793e-01, 3.668654015722e-03, 7.3965e-01, 5.3401e-03, 
 2DIAGNOSTIC,    14, -7.255271228603e-01, 2.473639588476e-03, 7.4458e-01, 4.9360e-03, 
 2DIAGNOSTIC,    15, -7.257868641990e-01, 1.443544731400e-03, 7.4969e-01, 5.1010e-03, 
 2DIAGNOSTIC,    16, -7.263860870058e-01, 7.138156918143e-04, 7.5517e-01, 5.4820e-03, 
 2DIAGNOSTIC,    17, -7.265405268560e-01, 4.206756455416e-04, 7.6201e-01, 6.8440e-03, 
 2DIAGNOSTIC,    18, -7.265590022668e-01, 3.410396527084e-04, 7.6672e-01, 4.7131e-03, 
 2DIAGNOSTIC,    19, -7.265970613250e-01, 2.559165901809e-04, 7.7154e-01, 4.8170e-03, 
 2DIAGNOSTIC,    20, -7.266212808849e-01, 1.543396135227e-04, 7.7686e-01, 5.3220e-03, 
 2DIAGNOSTIC,    21, -7.265321233138e-01, 9.309451023241e-05, 7.8172e-01, 4.8549e-03, 
 2DIAGNOSTIC,    22, -7.264448859022e-01, 5.870543625841e-05, 7.8701e-01, 5.2869e-03, 
 2DIAGNOSTIC,    23, -7.264596266973e-01, 3.017984618154e-05, 7.9524e-01, 8.2331e-03, 
 2DIAGNOSTIC,    24, -7.264599639309e-01, 1.237214557662e-05, 8.0007e-01, 4.8332e-03, 
DIAGNOSTIC,Iteration,metricValue,convergenceValue,ITERATION_TIME_INDEX,SINCE_LAST
 2DIAGNOSTIC,     1, -5.970567380916e-01, 1.797693134862e+308, 1.5517e+00, 7.5165e-01, 
 2DIAGNOSTIC,     2, -5.975189531262e-01, 1.797693134862e+308, 1.5894e+00, 3.7683e-02, 
 2DIAGNOSTIC,     3, -5.980659684693e-01, 1.797693134862e+308, 1.6243e+00, 3.4900e-02, 
 2DIAGNOSTIC,     4, -5.986973993426e-01, 1.797693134862e+308, 1.6584e+00, 3.4047e-02, 
 2DIAGNOSTIC,     5, -5.992356476619e-01, 1.797693134862e+308, 1.6935e+00, 3.5160e-02, 
 2DIAGNOSTIC,     6, -5.998265859654e-01, 1.797693134862e+308, 1.7354e+00, 4.1917e-02, 
 2DIAGNOSTIC,     7, -6.005791084997e-01, 1.797693134862e+308, 1.7852e+00, 4.9762e-02, 
 2DIAGNOSTIC,     8, -6.005817175922e-01, 1.797693134862e+308, 1.8315e+00, 4.6270e-02, 
 2DIAGNOSTIC,     9, -6.005879951594e-01, 1.797693134862e+308, 1.8654e+00, 3.3950e-02, 
 2DIAGNOSTIC,    10, -6.006014009665e-01, 4.285061040067e-04, 1.8993e+00, 3.3925e-02, 
 2DIAGNOSTIC,    11, -6.006226121869e-01, 3.218219563145e-04, 1.9326e+00, 3.3289e-02, 
 2DIAGNOSTIC,    12, -6.006551836641e-01, 2.233316876100e-04, 1.9660e+00, 3.3366e-02, 
 2DIAGNOSTIC,    13, -6.007014646939e-01, 1.415359199446e-04, 1.9993e+00, 3.3332e-02, 
 2DIAGNOSTIC,    14, -6.007926164116e-01, 8.338336509095e-05, 2.0349e+00, 3.5564e-02, 
 2DIAGNOSTIC,    15, -6.009039337126e-01, 4.580867440303e-05, 2.0684e+00, 3.3464e-02, 
 2DIAGNOSTIC,    16, -6.010433506136e-01, 2.987118965636e-05, 2.1045e+00, 3.6182e-02, 
 2DIAGNOSTIC,    17, -6.014913884075e-01, 4.665172992388e-05, 2.1420e+00, 3.7491e-02, 
 2DIAGNOSTIC,    18, -6.015284774267e-01, 5.820228162847e-05, 2.1759e+00, 3.3858e-02, 
 2DIAGNOSTIC,    19, -6.016136507291e-01, 6.570605984699e-05, 2.2255e+00, 4.9574e-02, 
 2DIAGNOSTIC,    20, -6.016436588659e-01, 6.760992984850e-05, 2.2657e+00, 4.0269e-02, 
 2DIAGNOSTIC,    21, -6.016587363313e-01, 6.394295379635e-05, 2.3002e+00, 3.4447e-02, 
 2DIAGNOSTIC,    22, -6.017026563407e-01, 5.631364694047e-05, 2.3343e+00, 3.4123e-02, 
 2DIAGNOSTIC,    23, -6.017258978320e-01, 4.560169562527e-05, 2.3724e+00, 3.8085e-02, 
 2DIAGNOSTIC,    24, -6.017483965170e-01, 3.396451314513e-05, 2.4058e+00, 3.3400e-02, 
 2DIAGNOSTIC,    25, -6.017730030774e-01, 2.279709673275e-05, 2.4460e+00, 4.0186e-02, 
 2DIAGNOSTIC,    26, -6.018351770994e-01, 1.392455797705e-05, 2.4836e+00, 3.7592e-02, 
 2DIAGNOSTIC,    27, -6.019237598550e-01, 1.389242214254e-05, 2.5304e+00, 4.6874e-02, 
 2DIAGNOSTIC,    28, -6.019041149877e-01, 1.289326478485e-05, 2.5715e+00, 4.1097e-02, 
 2DIAGNOSTIC,    29, -6.019049121493e-01, 1.229029546697e-05, 2.6109e+00, 3.9407e-02, 
 2DIAGNOSTIC,    30, -6.019007140027e-01, 1.109114794944e-05, 2.6432e+00, 3.2312e-02, 
 2DIAGNOSTIC,    31, -6.018983221492e-01, 9.179083943593e-06, 2.6824e+00, 3.9146e-02, 
 2DIAGNOSTIC,    32, -6.018916387216e-01, 7.140981376025e-06, 2.7180e+00, 3.5607e-02, 
 2DIAGNOSTIC,    33, -6.018667332523e-01, 4.630765252735e-06, 2.7512e+00, 3.3220e-02, 
 2DIAGNOSTIC,    34, -6.018501313400e-01, 2.032577062799e-06, 2.7920e+00, 4.0778e-02, 
DIAGNOSTIC,Iteration,metricValue,convergenceValue,ITERATION_TIME_INDEX,SINCE_LAST
 2DIAGNOSTIC,     1, -5.253155539178e-01, 1.797693134862e+308, 3.9463e+00, 1.1543e+00, 
 2DIAGNOSTIC,     2, -5.256030082692e-01, 1.797693134862e+308, 4.2349e+00, 2.8865e-01, 
 2DIAGNOSTIC,     3, -5.258850296375e-01, 1.797693134862e+308, 4.5162e+00, 2.8132e-01, 
 2DIAGNOSTIC,     4, -5.261295807680e-01, 1.797693134862e+308, 4.8154e+00, 2.9917e-01, 
 2DIAGNOSTIC,     5, -5.265349129571e-01, 1.797693134862e+308, 5.1077e+00, 2.9230e-01, 
 2DIAGNOSTIC,     6, -5.270703165788e-01, 1.797693134862e+308, 5.3993e+00, 2.9162e-01, 
 2DIAGNOSTIC,     7, -5.296165217608e-01, 1.797693134862e+308, 5.7611e+00, 3.6173e-01, 
 2DIAGNOSTIC,     8, -5.298954113375e-01, 1.797693134862e+308, 6.3178e+00, 5.5677e-01, 
 2DIAGNOSTIC,     9, -5.298944048071e-01, 1.797693134862e+308, 6.8845e+00, 5.6666e-01, 
 2DIAGNOSTIC,    10, -5.298950613785e-01, 6.959769327122e-04, 7.1991e+00, 3.1463e-01, 
 2DIAGNOSTIC,    11, -5.298917783076e-01, 6.111355691787e-04, 7.5322e+00, 3.3303e-01, 
 2DIAGNOSTIC,    12, -5.298926008157e-01, 4.969054606103e-04, 7.8694e+00, 3.3722e-01, 
 2DIAGNOSTIC,    13, -5.298914023846e-01, 3.670005812400e-04, 8.2278e+00, 3.5843e-01, 
 2DIAGNOSTIC,    14, -5.298908350173e-01, 2.333420806807e-04, 8.5574e+00, 3.2957e-01, 
 2DIAGNOSTIC,    15, -5.298885074934e-01, 1.116327470109e-04, 8.8593e+00, 3.0193e-01, 
 2DIAGNOSTIC,    16, -5.298881091808e-01, 1.078281553220e-05, 9.1862e+00, 3.2686e-01, 
 2DIAGNOSTIC,    17, -5.298881054764e-01, 1.305145515967e-06, 9.6001e+00, 4.1395e-01, 
 2DIAGNOSTIC,    18, -5.298884287092e-01, 1.274673306219e-06, 9.9761e+00, 3.7594e-01, 
 2DIAGNOSTIC,    19, -5.298877012684e-01, 1.243315571643e-06, 1.0283e+01, 3.0720e-01, 
 2DIAGNOSTIC,    20, -5.298852072046e-01, 1.210197355384e-06, 1.0649e+01, 3.6564e-01, 
 2DIAGNOSTIC,    21, -5.298848140827e-01, 1.122820210697e-06, 1.0998e+01, 3.4920e-01, 
 2DIAGNOSTIC,    22, -5.298813215632e-01, 1.014071316106e-06, 1.1312e+01, 3.1371e-01, 
DIAGNOSTIC,Iteration,metricValue,convergenceValue,ITERATION_TIME_INDEX,SINCE_LAST
 2DIAGNOSTIC,     1, -4.850517627302e-01, 1.797693134862e+308, 1.4245e+01, 2.9329e+00, 
 2DIAGNOSTIC,     2, -4.852056171638e-01, 1.797693134862e+308, 1.5913e+01, 1.6680e+00, 
 2DIAGNOSTIC,     3, -4.854150188718e-01, 1.797693134862e+308, 1.7627e+01, 1.7141e+00, 
 2DIAGNOSTIC,     4, -4.856109104705e-01, 1.797693134862e+308, 1.9393e+01, 1.7661e+00, 
 2DIAGNOSTIC,     5, -4.857512029339e-01, 1.797693134862e+308, 2.1311e+01, 1.9182e+00, 
 2DIAGNOSTIC,     6, -4.858168624901e-01, 1.797693134862e+308, 2.3008e+01, 1.6969e+00, 
 2DIAGNOSTIC,     7, -4.863197423370e-01, 1.797693134862e+308, 2.4679e+01, 1.6715e+00, 
 2DIAGNOSTIC,     8, -4.884334037643e-01, 1.797693134862e+308, 2.6719e+01, 2.0393e+00, 
 2DIAGNOSTIC,     9, -4.913293564622e-01, 1.797693134862e+308, 2.9110e+01, 2.3911e+00, 
 2DIAGNOSTIC,    10, -4.916622932803e-01, 8.446865864359e-04, 3.1029e+01, 1.9195e+00, 
 2DIAGNOSTIC,    11, -4.917594165082e-01, 9.230913046209e-04, 3.2876e+01, 1.8469e+00, 
 2DIAGNOSTIC,    12, -4.918927710981e-01, 9.212746263700e-04, 3.5778e+01, 2.9021e+00, 
 2DIAGNOSTIC,    13, -4.918938179953e-01, 8.441024988785e-04, 3.7744e+01, 1.9655e+00, 
 2DIAGNOSTIC,    14, -4.918943699198e-01, 7.077205399146e-04, 3.9703e+01, 1.9590e+00, 
 2DIAGNOSTIC,    15, -4.918929076974e-01, 5.315836036911e-04, 4.2151e+01, 2.4485e+00, 
 2DIAGNOSTIC,    16, -4.918921742752e-01, 3.334254850830e-04, 4.4346e+01, 2.1941e+00, 
 2DIAGNOSTIC,    17, -4.918919418915e-01, 1.446169666760e-04, 4.6604e+01, 2.2589e+00, 
 2DIAGNOSTIC,    18, -4.918918228395e-01, 2.942002556594e-05, 4.8789e+01, 2.1846e+00, 
 2DIAGNOSTIC,    19, -4.918917742979e-01, 1.218465954001e-05, 5.0739e+01, 1.9498e+00, 
