
##########################
# Experiment information #
##########################

EXPERIMENT_NAME: antsRegistration-r8-p8
VFC_BACKENDS: libinterflop_vprec.so --range-binary32=8 --precision-binary32=8 --range-binary64=8 --precision-binary64=8

SIF_IMG: /home/mdugre/projects/rrg-glatard/mdugre/containers/ants-vprec-no_metrics.simg

SUBJECT_ID: s003
INPUT_IMG: /home/mdugre/scratch/mri-registration-rp/datasets/ds004513/derivatives/mri-registration-rp/antsBrainExtraction/sub-s003/BrainExtractionBrain.nii.gz
OUTPUT_DIR: /home/mdugre/scratch/mri-registration-rp/datasets/ds004513/derivatives/mri-registration-rp/0001/antsRegistration-r8-p8/sub-s003

FIXED_IMG: /templateflow/tpl-MNI152NLin2009cAsym/tpl-MNI152NLin2009cAsym_res-01_desc-brain_T1w.nii.gz
DATA_DIR: /home/mdugre/scratch/mri-registration-rp/datasets/ds004513
TEMPLATEFLOW_DIR: /home/mdugre/projects/rrg-glatard/mdugre/templateflow
ITK_GLOBAL_DEFAULT_NUMBER_OF_THREADS: 16
##########################

Info [verificarlo]: loaded backend libinterflop_ieee.so
Info [interflop-ieee]: load backend with:
Info [interflop-ieee]: debug = false
Info [interflop-ieee]: debug-binary = false
Info [interflop-ieee]: no-backend-name = false
Info [interflop-ieee]: print-new-line = false
Info [interflop-ieee]: print-subnormal-normalized = false
Info [interflop-ieee]: count-op = false
All_Command_lines_OK
Using double precision for computations.
=============================================================================
The composite transform comprises the following transforms (in order): 
  1. Center of mass alignment using fixed image: /templateflow/tpl-MNI152NLin2009cAsym/tpl-MNI152NLin2009cAsym_res-01_desc-brain_T1w.nii.gz and moving image: /home/mdugre/scratch/mri-registration-rp/datasets/ds004513/derivatives/mri-registration-rp/antsBrainExtraction/sub-s003/BrainExtractionBrain.nii.gz (type = Euler3DTransform)
=============================================================================
  number of levels = 1
  fixed image: /templateflow/tpl-MNI152NLin2009cAsym/tpl-MNI152NLin2009cAsym_res-01_desc-brain_T1w.nii.gz
  moving image: /home/mdugre/scratch/mri-registration-rp/datasets/ds004513/derivatives/mri-registration-rp/antsBrainExtraction/sub-s003/BrainExtractionBrain.nii.gz
Dimension = 3
Number of stages = 1
Use histogram matching = false
Winsorize image intensities = true
  Lower quantile = 0.005
  Upper quantile = 0.995


Stage 1 State
   Image metric = MattesMI
     Fixed image = Image (0x3a3ebd0)
  RTTI typeinfo:   itk::Image<double, 3u>
  Reference Count: 2
  Modified Time: 2334
  Debug: Off
  Object Name: 
  Observers: 
    none
  Source: (none)
  Source output name: (none)
  Release Data: Off
  Data Released: False
  Global Release Data: Off
  PipelineMTime: 0
  UpdateMTime: 1943
  RealTimeStamp: 0 seconds 
  LargestPossibleRegion: 
    Dimension: 3
    Index: [0, 0, 0]
    Size: [193, 229, 193]
  BufferedRegion: 
    Dimension: 3
    Index: [0, 0, 0]
    Size: [193, 229, 193]
  RequestedRegion: 
    Dimension: 3
    Index: [0, 0, 0]
    Size: [193, 229, 193]
  Spacing: [1, 1, 1]
  Origin: [96, 132, -78]
  Direction: 
-1 0 0
0 -1 0
0 0 1

  IndexToPointMatrix: 
-1 0 0
0 -1 0
0 0 1

  PointToIndexMatrix: 
-1 0 0
0 -1 0
0 0 1

  Inverse Direction: 
-1 0 0
0 -1 0
0 0 1

  PixelContainer: 
    ImportImageContainer (0x3a96930)
      RTTI typeinfo:   itk::ImportImageContainer<unsigned long, double>
      Reference Count: 1
      Modified Time: 1940
      Debug: Off
      Object Name: 
      Observers: 
        none
      Pointer: 0x14adb0523010
      Container manages memory: true
      Size: 8530021
      Capacity: 8530021

     Moving image = Image (0x3b2e610)
  RTTI typeinfo:   itk::Image<double, 3u>
  Reference Count: 2
  Modified Time: 2335
  Debug: Off
  Object Name: 
  Observers: 
    none
  Source: (none)
  Source output name: (none)
  Release Data: Off
  Data Released: False
  Global Release Data: Off
  PipelineMTime: 0
  UpdateMTime: 2332
  RealTimeStamp: 0 seconds 
  LargestPossibleRegion: 
    Dimension: 3
    Index: [0, 0, 0]
    Size: [176, 240, 256]
  BufferedRegion: 
    Dimension: 3
    Index: [0, 0, 0]
    Size: [176, 240, 256]
  RequestedRegion: 
    Dimension: 3
    Index: [0, 0, 0]
    Size: [176, 240, 256]
  Spacing: [0.999999, 1, 1]
  Origin: [93.3499, 86.9368, -128.957]
  Direction: 
-0.999513 -0.0279216 -0.0139567
0.0279189 -0.99961 0.000389866
-0.0139622 2.01492e-08 0.999903

  IndexToPointMatrix: 
-0.999512 -0.0279216 -0.0139567
0.0279189 -0.99961 0.000389866
-0.0139621 2.01492e-08 0.999903

  PointToIndexMatrix: 
-0.999514 0.0279189 -0.0139622
-0.0279216 -0.99961 2.01716e-08
-0.0139567 0.000389866 0.999903

  Inverse Direction: 
-0.999513 0.0279189 -0.0139622
-0.0279216 -0.99961 2.01716e-08
-0.0139567 0.000389866 0.999903

  PixelContainer: 
    ImportImageContainer (0x3a6e850)
      RTTI typeinfo:   itk::ImportImageContainer<unsigned long, double>
      Reference Count: 1
      Modified Time: 2329
      Debug: Off
      Object Name: 
      Observers: 
        none
      Pointer: 0x14adab2a2010
      Container manages memory: true
      Size: 10813440
      Capacity: 10813440

     Weighting = 1
     Sampling strategy = regular
     Number of bins = 32
     Radius = 4
     Sampling percentage  = 0.25
   Transform = Rigid
     Gradient step = 0.1
     Update field sigma (voxel space) = 0
     Total field sigma (voxel space) = 0
     Update field time sigma = 0
     Total field time sigma  = 0
     Number of time indices = 0
     Number of time point samples = 0
Registration using 1 total stages.

Stage 0
  iterations = 0
  convergence threshold = 1e-06
  convergence window size = 10
  number of levels = 1
  using the Mattes MI metric (number of bins = 32, weight = 1, use gradient filter = 0)
  preprocessing:  winsorizing the image intensities
  Shrink factors (level 1 out of 1): [1, 1, 1]
  smoothing sigmas per level: [0]
  regular sampling (percentage = 0.25)

*** Running Euler3DTransform registration ***

  Elapsed time (stage 0): 1.09288


Total elapsed time: 1.09528
Info [verificarlo]: loaded backend libinterflop_ieee.so
Info [interflop-ieee]: load backend with:
Info [interflop-ieee]: debug = false
Info [interflop-ieee]: debug-binary = false
Info [interflop-ieee]: no-backend-name = false
Info [interflop-ieee]: print-new-line = false
Info [interflop-ieee]: print-subnormal-normalized = false
Info [interflop-ieee]: count-op = false
All_Command_lines_OK
Using double precision for computations.
=============================================================================
The composite transform comprises the following transforms (in order): 
  1. /home/mdugre/scratch/mri-registration-rp/datasets/ds004513/derivatives/mri-registration-rp/0001/antsRegistration-r8-p8/sub-s003/align_Composite.h5[0] (type = Euler3DTransform)
  2. /home/mdugre/scratch/mri-registration-rp/datasets/ds004513/derivatives/mri-registration-rp/0001/antsRegistration-r8-p8/sub-s003/align_Composite.h5[1] (type = Euler3DTransform)
=============================================================================
  number of levels = 4
  fixed image: /templateflow/tpl-MNI152NLin2009cAsym/tpl-MNI152NLin2009cAsym_res-01_desc-brain_T1w.nii.gz
  moving image: /home/mdugre/scratch/mri-registration-rp/datasets/ds004513/derivatives/mri-registration-rp/antsBrainExtraction/sub-s003/BrainExtractionBrain.nii.gz
Dimension = 3
Number of stages = 1
Use histogram matching = false
Winsorize image intensities = true
  Lower quantile = 0.005
  Upper quantile = 0.995


Stage 1 State
   Image metric = MattesMI
     Fixed image = Image (0x4253530)
  RTTI typeinfo:   itk::Image<double, 3u>
  Reference Count: 2
  Modified Time: 1580
  Debug: Off
  Object Name: 
  Observers: 
    none
  Source: (none)
  Source output name: (none)
  Release Data: Off
  Data Released: False
  Global Release Data: Off
  PipelineMTime: 0
  UpdateMTime: 1189
  RealTimeStamp: 0 seconds 
  LargestPossibleRegion: 
    Dimension: 3
    Index: [0, 0, 0]
    Size: [193, 229, 193]
  BufferedRegion: 
    Dimension: 3
    Index: [0, 0, 0]
    Size: [193, 229, 193]
  RequestedRegion: 
    Dimension: 3
    Index: [0, 0, 0]
    Size: [193, 229, 193]
  Spacing: [1, 1, 1]
  Origin: [96, 132, -78]
  Direction: 
-1 0 0
0 -1 0
0 0 1

  IndexToPointMatrix: 
-1 0 0
0 -1 0
0 0 1

  PointToIndexMatrix: 
-1 0 0
0 -1 0
0 0 1

  Inverse Direction: 
-1 0 0
0 -1 0
0 0 1

  PixelContainer: 
    ImportImageContainer (0x4311d60)
      RTTI typeinfo:   itk::ImportImageContainer<unsigned long, double>
      Reference Count: 1
      Modified Time: 1186
      Debug: Off
      Object Name: 
      Observers: 
        none
      Pointer: 0x14d51dca1010
      Container manages memory: true
      Size: 8530021
      Capacity: 8530021

     Moving image = Image (0x4303f60)
  RTTI typeinfo:   itk::Image<double, 3u>
  Reference Count: 2
  Modified Time: 1581
  Debug: Off
  Object Name: 
  Observers: 
    none
  Source: (none)
  Source output name: (none)
  Release Data: Off
  Data Released: False
  Global Release Data: Off
  PipelineMTime: 0
  UpdateMTime: 1578
  RealTimeStamp: 0 seconds 
  LargestPossibleRegion: 
    Dimension: 3
    Index: [0, 0, 0]
    Size: [176, 240, 256]
  BufferedRegion: 
    Dimension: 3
    Index: [0, 0, 0]
    Size: [176, 240, 256]
  RequestedRegion: 
    Dimension: 3
    Index: [0, 0, 0]
    Size: [176, 240, 256]
  Spacing: [0.999999, 1, 1]
  Origin: [93.3499, 86.9368, -128.957]
  Direction: 
-0.999513 -0.0279216 -0.0139567
0.0279189 -0.99961 0.000389866
-0.0139622 2.01492e-08 0.999903

  IndexToPointMatrix: 
-0.999512 -0.0279216 -0.0139567
0.0279189 -0.99961 0.000389866
-0.0139621 2.01492e-08 0.999903

  PointToIndexMatrix: 
-0.999514 0.0279189 -0.0139622
-0.0279216 -0.99961 2.01716e-08
-0.0139567 0.000389866 0.999903

  Inverse Direction: 
-0.999513 0.0279189 -0.0139622
-0.0279216 -0.99961 2.01716e-08
-0.0139567 0.000389866 0.999903

  PixelContainer: 
    ImportImageContainer (0x42f56d0)
      RTTI typeinfo:   itk::ImportImageContainer<unsigned long, double>
      Reference Count: 1
      Modified Time: 1575
      Debug: Off
      Object Name: 
      Observers: 
        none
      Pointer: 0x14d518a20010
      Container manages memory: true
      Size: 10813440
      Capacity: 10813440

     Weighting = 1
     Sampling strategy = regular
     Number of bins = 32
     Radius = 4
     Sampling percentage  = 0.25
   Transform = Rigid
     Gradient step = 0.1
     Update field sigma (voxel space) = 0
     Total field sigma (voxel space) = 0
     Update field time sigma = 0
     Total field time sigma  = 0
     Number of time indices = 0
     Number of time point samples = 0
Registration using 1 total stages.

Stage 0
  iterations = 1000x500x250x100
  convergence threshold = 1e-06
  convergence window size = 10
  number of levels = 4
  using the Mattes MI metric (number of bins = 32, weight = 1, use gradient filter = 0)
  preprocessing:  winsorizing the image intensities
  Shrink factors (level 1 out of 4): [8, 8, 8]
  Shrink factors (level 2 out of 4): [4, 4, 4]
  Shrink factors (level 3 out of 4): [2, 2, 2]
  Shrink factors (level 4 out of 4): [1, 1, 1]
  smoothing sigmas per level: [3, 2, 1, 0]
  regular sampling (percentage = 0.25)

*** Running Euler3DTransform registration ***

DIAGNOSTIC,Iteration,metricValue,convergenceValue,ITERATION_TIME_INDEX,SINCE_LAST
 2DIAGNOSTIC,     1, -4.871187133941e-01, 1.797693134862e+308, 7.2884e-01, 7.2884e-01, 
 2DIAGNOSTIC,     2, -4.887966556740e-01, 1.797693134862e+308, 7.3289e-01, 4.0450e-03, 
 2DIAGNOSTIC,     3, -4.919242839642e-01, 1.797693134862e+308, 7.3674e-01, 3.8481e-03, 
 2DIAGNOSTIC,     4, -5.019092629522e-01, 1.797693134862e+308, 7.4036e-01, 3.6199e-03, 
 2DIAGNOSTIC,     5, -5.198319788477e-01, 1.797693134862e+308, 7.4403e-01, 3.6781e-03, 
 2DIAGNOSTIC,     6, -5.251449584180e-01, 1.797693134862e+308, 7.4774e-01, 3.7022e-03, 
 2DIAGNOSTIC,     7, -5.365118080768e-01, 1.797693134862e+308, 7.5146e-01, 3.7251e-03, 
 2DIAGNOSTIC,     8, -5.564319077261e-01, 1.797693134862e+308, 7.5696e-01, 5.4960e-03, 
 2DIAGNOSTIC,     9, -5.572786469687e-01, 1.797693134862e+308, 7.6063e-01, 3.6709e-03, 
 2DIAGNOSTIC,    10, -5.597886110608e-01, 1.060089541986e-02, 7.6563e-01, 5.0001e-03, 
 2DIAGNOSTIC,    11, -5.645450860914e-01, 9.471656029002e-03, 7.7001e-01, 4.3809e-03, 
 2DIAGNOSTIC,    12, -5.675342641672e-01, 7.901754414630e-03, 7.7488e-01, 4.8711e-03, 
 2DIAGNOSTIC,    13, -5.685174641935e-01, 6.033280802479e-03, 7.8021e-01, 5.3258e-03, 
 2DIAGNOSTIC,    14, -5.693412095342e-01, 4.302087948769e-03, 7.8600e-01, 5.7890e-03, 
 2DIAGNOSTIC,    15, -5.718972801998e-01, 3.155204981953e-03, 7.9083e-01, 4.8392e-03, 
 2DIAGNOSTIC,    16, -5.734788767073e-01, 2.091398053251e-03, 7.9503e-01, 4.1969e-03, 
 2DIAGNOSTIC,    17, -5.737823402463e-01, 1.310029424174e-03, 7.9994e-01, 4.9131e-03, 
 2DIAGNOSTIC,    18, -5.749452616695e-01, 1.114936190119e-03, 8.0440e-01, 4.4570e-03, 
 2DIAGNOSTIC,    19, -5.774392255369e-01, 9.301256922477e-04, 8.1151e-01, 7.1049e-03, 
 2DIAGNOSTIC,    20, -5.782944999892e-01, 7.612328990402e-04, 8.1648e-01, 4.9729e-03, 
 2DIAGNOSTIC,    21, -5.788863756137e-01, 6.687985513047e-04, 8.2145e-01, 4.9660e-03, 
 2DIAGNOSTIC,    22, -5.857337702951e-01, 7.546209628693e-04, 8.2581e-01, 4.3640e-03, 
 2DIAGNOSTIC,    23, -6.028589201181e-01, 1.162232409920e-03, 8.3054e-01, 4.7281e-03, 
 2DIAGNOSTIC,    24, -6.086613835918e-01, 1.554691242819e-03, 8.3671e-01, 6.1741e-03, 
 2DIAGNOSTIC,    25, -6.127624306118e-01, 1.904928855076e-03, 8.4272e-01, 6.0048e-03, 
 2DIAGNOSTIC,    26, -6.171330102565e-01, 2.167612419656e-03, 8.4785e-01, 5.1332e-03, 
 2DIAGNOSTIC,    27, -6.180829717450e-01, 2.226134245156e-03, 8.5225e-01, 4.4050e-03, 
 2DIAGNOSTIC,    28, -6.204355229616e-01, 2.128618123097e-03, 8.5706e-01, 4.8008e-03, 
 2DIAGNOSTIC,    29, -6.216541942729e-01, 1.901236645192e-03, 8.6139e-01, 4.3349e-03, 
 2DIAGNOSTIC,    30, -6.252686883374e-01, 1.589741142082e-03, 8.6654e-01, 5.1539e-03, 
 2DIAGNOSTIC,    31, -6.305777054538e-01, 1.244380729016e-03, 8.7106e-01, 4.5130e-03, 
 2DIAGNOSTIC,    32, -6.437126174876e-01, 1.107470358733e-03, 8.7760e-01, 6.5439e-03, 
 2DIAGNOSTIC,    33, -6.470259697204e-01, 1.176385304656e-03, 8.8189e-01, 4.2920e-03, 
 2DIAGNOSTIC,    34, -6.489214348384e-01, 1.241894362219e-03, 8.9008e-01, 8.1830e-03, 
 2DIAGNOSTIC,    35, -6.509315157116e-01, 1.271884802001e-03, 8.9482e-01, 4.7419e-03, 
 2DIAGNOSTIC,    36, -6.520046151206e-01, 1.251974568475e-03, 9.0018e-01, 5.3630e-03, 
 2DIAGNOSTIC,    37, -6.528674435648e-01, 1.135508659997e-03, 9.0505e-01, 4.8659e-03, 
 2DIAGNOSTIC,    38, -6.532434945341e-01, 9.531152260467e-04, 9.1012e-01, 5.0740e-03, 
 2DIAGNOSTIC,    39, -6.541862512202e-01, 7.192333028474e-04, 9.1702e-01, 6.8970e-03, 
 2DIAGNOSTIC,    40, -6.542285304688e-01, 4.743118616997e-04, 9.2161e-01, 4.5900e-03, 
 2DIAGNOSTIC,    41, -6.546760442102e-01, 2.615086768408e-04, 9.2618e-01, 4.5760e-03, 
 2DIAGNOSTIC,    42, -6.552214064821e-01, 1.910223904770e-04, 9.3311e-01, 6.9301e-03, 
 2DIAGNOSTIC,    43, -6.554126917478e-01, 1.447189121525e-04, 9.3845e-01, 5.3411e-03, 
 2DIAGNOSTIC,    44, -6.553662390288e-01, 1.066827963323e-04, 9.4333e-01, 4.8730e-03, 
 2DIAGNOSTIC,    45, -6.555153629911e-01, 8.321954077403e-05, 9.4841e-01, 5.0850e-03, 
 2DIAGNOSTIC,    46, -6.555939593449e-01, 6.475823348363e-05, 9.5399e-01, 5.5821e-03, 
 2DIAGNOSTIC,    47, -6.556719155992e-01, 5.043873008135e-05, 9.5929e-01, 5.2991e-03, 
 2DIAGNOSTIC,    48, -6.557409642345e-01, 3.619000251084e-05, 9.6423e-01, 4.9310e-03, 
 2DIAGNOSTIC,    49, -6.557034688619e-01, 2.805309686112e-05, 9.7130e-01, 7.0782e-03, 
 2DIAGNOSTIC,    50, -6.556368889171e-01, 1.740046066237e-05, 9.7665e-01, 5.3420e-03, 
 2DIAGNOSTIC,    51, -6.556524468539e-01, 9.758573006082e-06, 9.8210e-01, 5.4510e-03, 
 2DIAGNOSTIC,    52, -6.557396056866e-01, 7.226829432230e-06, 9.8795e-01, 5.8560e-03, 
 2DIAGNOSTIC,    53, -6.559472992677e-01, 7.705744844651e-06, 9.9290e-01, 4.9469e-03, 
 2DIAGNOSTIC,    54, -6.559603818770e-01, 7.146440199963e-06, 9.9835e-01, 5.4500e-03, 
 2DIAGNOSTIC,    55, -6.558870917890e-01, 6.670077918960e-06, 1.0031e+00, 4.7162e-03, 
 2DIAGNOSTIC,    56, -6.559056273773e-01, 6.471279341887e-06, 1.0095e+00, 6.4371e-03, 
 2DIAGNOSTIC,    57, -6.557456716756e-01, 4.988100037163e-06, 1.0148e+00, 5.3160e-03, 
 2DIAGNOSTIC,    58, -6.555944094795e-01, 2.479510555545e-06, 1.0197e+00, 4.8461e-03, 
DIAGNOSTIC,Iteration,metricValue,convergenceValue,ITERATION_TIME_INDEX,SINCE_LAST
 2DIAGNOSTIC,     1, -5.251718691146e-01, 1.797693134862e+308, 1.7509e+00, 7.3120e-01, 
 2DIAGNOSTIC,     2, -5.257859459148e-01, 1.797693134862e+308, 1.7919e+00, 4.1023e-02, 
 2DIAGNOSTIC,     3, -5.265576473837e-01, 1.797693134862e+308, 1.8231e+00, 3.1228e-02, 
 2DIAGNOSTIC,     4, -5.273175003345e-01, 1.797693134862e+308, 1.8551e+00, 3.2030e-02, 
 2DIAGNOSTIC,     5, -5.278519242451e-01, 1.797693134862e+308, 1.8876e+00, 3.2480e-02, 
 2DIAGNOSTIC,     6, -5.281805270857e-01, 1.797693134862e+308, 1.9181e+00, 3.0426e-02, 
 2DIAGNOSTIC,     7, -5.295049304849e-01, 1.797693134862e+308, 1.9489e+00, 3.0863e-02, 
 2DIAGNOSTIC,     8, -5.309913653993e-01, 1.797693134862e+308, 1.9984e+00, 4.9505e-02, 
 2DIAGNOSTIC,     9, -5.314460165133e-01, 1.797693134862e+308, 2.0282e+00, 2.9760e-02, 
 2DIAGNOSTIC,    10, -5.315085675541e-01, 8.352097973424e-04, 2.0569e+00, 2.8748e-02, 
 2DIAGNOSTIC,    11, -5.317674615173e-01, 7.305038202383e-04, 2.0848e+00, 2.7866e-02, 
 2DIAGNOSTIC,    12, -5.329541933012e-01, 6.571719261198e-04, 2.1208e+00, 3.6027e-02, 
 2DIAGNOSTIC,    13, -5.336158141745e-01, 5.923152120108e-04, 2.1538e+00, 3.3019e-02, 
 2DIAGNOSTIC,    14, -5.337394891428e-01, 5.169562846943e-04, 2.1857e+00, 3.1892e-02, 
 2DIAGNOSTIC,    15, -5.339209951491e-01, 4.321539248578e-04, 2.2173e+00, 3.1561e-02, 
 2DIAGNOSTIC,    16, -5.339811419299e-01, 3.311394747175e-04, 2.2497e+00, 3.2415e-02, 
 2DIAGNOSTIC,    17, -5.339868340083e-01, 2.519163021090e-04, 2.2787e+00, 2.8943e-02, 
 2DIAGNOSTIC,    18, -5.340177446869e-01, 2.029920836941e-04, 2.3071e+00, 2.8494e-02, 
 2DIAGNOSTIC,    19, -5.340663488311e-01, 1.552278655302e-04, 2.3423e+00, 3.5200e-02, 
 2DIAGNOSTIC,    20, -5.340830819550e-01, 1.004731800784e-04, 2.3708e+00, 2.8423e-02, 
 2DIAGNOSTIC,    21, -5.340740245870e-01, 4.747852473156e-05, 2.3992e+00, 2.8386e-02, 
 2DIAGNOSTIC,    22, -5.340954346869e-01, 2.407974767041e-05, 2.4314e+00, 3.2281e-02, 
 2DIAGNOSTIC,    23, -5.340886570483e-01, 1.580017126028e-05, 2.4638e+00, 3.2413e-02, 
 2DIAGNOSTIC,    24, -5.340790954726e-01, 9.292484533040e-06, 2.4988e+00, 3.4937e-02, 
 2DIAGNOSTIC,    25, -5.340805801274e-01, 6.451181435184e-06, 2.5270e+00, 2.8252e-02, 
 2DIAGNOSTIC,    26, -5.340876297909e-01, 4.739646511452e-06, 2.5592e+00, 3.2178e-02, 
 2DIAGNOSTIC,    27, -5.341170266453e-01, 3.506055505448e-06, 2.5879e+00, 2.8643e-02, 
 2DIAGNOSTIC,    28, -5.343814190100e-01, 7.738672574156e-06, 2.6198e+00, 3.1917e-02, 
 2DIAGNOSTIC,    29, -5.345568804339e-01, 1.505075977084e-05, 2.6550e+00, 3.5241e-02, 
 2DIAGNOSTIC,    30, -5.346489389439e-01, 2.247405642991e-05, 2.6925e+00, 3.7523e-02, 
 2DIAGNOSTIC,    31, -5.347742032692e-01, 2.943817493641e-05, 2.7224e+00, 2.9823e-02, 
 2DIAGNOSTIC,    32, -5.352820229519e-01, 4.208583897481e-05, 2.7642e+00, 4.1848e-02, 
 2DIAGNOSTIC,    33, -5.353299801199e-01, 5.046805259174e-05, 2.8059e+00, 4.1740e-02, 
 2DIAGNOSTIC,    34, -5.353293232119e-01, 5.354273703043e-05, 2.8406e+00, 3.4696e-02, 
 2DIAGNOSTIC,    35, -5.353280369116e-01, 5.160876062367e-05, 2.8747e+00, 3.4068e-02, 
 2DIAGNOSTIC,    36, -5.353295398004e-01, 4.511361326876e-05, 2.9108e+00, 3.6063e-02, 
 2DIAGNOSTIC,    37, -5.353383695558e-01, 3.512300650664e-05, 2.9458e+00, 3.4991e-02, 
 2DIAGNOSTIC,    38, -5.353425530269e-01, 2.610069849902e-05, 2.9770e+00, 3.1211e-02, 
 2DIAGNOSTIC,    39, -5.353525799812e-01, 1.776881131581e-05, 3.0086e+00, 3.1659e-02, 
 2DIAGNOSTIC,    40, -5.354099763924e-01, 1.027508032379e-05, 3.0413e+00, 3.2710e-02, 
 2DIAGNOSTIC,    41, -5.355147225835e-01, 5.034363881721e-06, 3.0741e+00, 3.2765e-02, 
 2DIAGNOSTIC,    42, -5.355475873751e-01, 6.455267079274e-06, 3.1133e+00, 3.9195e-02, 
 2DIAGNOSTIC,    43, -5.355683601735e-01, 8.132133144816e-06, 3.1501e+00, 3.6816e-02, 
 2DIAGNOSTIC,    44, -5.358717593592e-01, 1.270968066035e-05, 3.1910e+00, 4.0837e-02, 
 2DIAGNOSTIC,    45, -5.358681654046e-01, 1.577049916103e-05, 3.2257e+00, 3.4697e-02, 
 2DIAGNOSTIC,    46, -5.358939424051e-01, 1.759528721614e-05, 3.2553e+00, 2.9679e-02, 
 2DIAGNOSTIC,    47, -5.359334862592e-01, 1.831892493852e-05, 3.2873e+00, 3.2008e-02, 
 2DIAGNOSTIC,    48, -5.359150527836e-01, 1.716061065415e-05, 3.3171e+00, 2.9757e-02, 
 2DIAGNOSTIC,    49, -5.359362943584e-01, 1.477022692713e-05, 3.3441e+00, 2.7004e-02, 
 2DIAGNOSTIC,    50, -5.359743327432e-01, 1.210083796698e-05, 3.3710e+00, 2.6924e-02, 
 2DIAGNOSTIC,    51, -5.362074618893e-01, 1.199324120161e-05, 3.4103e+00, 3.9311e-02, 
 2DIAGNOSTIC,    52, -5.363204236976e-01, 1.225672738280e-05, 3.4407e+00, 3.0345e-02, 
 2DIAGNOSTIC,    53, -5.363201299498e-01, 1.151799762488e-05, 3.4771e+00, 3.6376e-02, 
 2DIAGNOSTIC,    54, -5.363189403261e-01, 1.279654593457e-05, 3.5091e+00, 3.2008e-02, 
 2DIAGNOSTIC,    55, -5.363913983382e-01, 1.352023871654e-05, 3.5394e+00, 3.0367e-02, 
 2DIAGNOSTIC,    56, -5.364626072044e-01, 1.382484945727e-05, 3.5662e+00, 2.6794e-02, 
 2DIAGNOSTIC,    57, -5.364875283877e-01, 1.342334457962e-05, 3.5932e+00, 2.7018e-02, 
 2DIAGNOSTIC,    58, -5.365071051218e-01, 1.185175468872e-05, 3.6256e+00, 3.2313e-02, 
 2DIAGNOSTIC,    59, -5.364987986166e-01, 9.401858362394e-06, 3.7218e+00, 9.6265e-02, 
 2DIAGNOSTIC,    60, -5.364987978634e-01, 6.466659496485e-06, 3.7505e+00, 2.8660e-02, 
 2DIAGNOSTIC,    61, -5.364987996379e-01, 5.051126561146e-06, 3.7786e+00, 2.8140e-02, 
 2DIAGNOSTIC,    62, -5.364988026376e-01, 4.217858589940e-06, 3.8057e+00, 2.7063e-02, 
 2DIAGNOSTIC,    63, -5.364988077069e-01, 3.066507824258e-06, 3.8331e+00, 2.7444e-02, 
 2DIAGNOSTIC,    64, -5.364988162688e-01, 1.688860312217e-06, 3.8613e+00, 2.8203e-02, 
DIAGNOSTIC,Iteration,metricValue,convergenceValue,ITERATION_TIME_INDEX,SINCE_LAST
 2DIAGNOSTIC,     1, -4.762100250047e-01, 1.797693134862e+308, 4.8833e+00, 1.0219e+00, 
 2DIAGNOSTIC,     2, -4.764042942839e-01, 1.797693134862e+308, 5.1022e+00, 2.1891e-01, 
 2DIAGNOSTIC,     3, -4.765644348432e-01, 1.797693134862e+308, 5.3264e+00, 2.2418e-01, 
 2DIAGNOSTIC,     4, -4.767224075492e-01, 1.797693134862e+308, 5.5867e+00, 2.6030e-01, 
 2DIAGNOSTIC,     5, -4.767365090893e-01, 1.797693134862e+308, 5.8279e+00, 2.4125e-01, 
 2DIAGNOSTIC,     6, -4.767463052879e-01, 1.797693134862e+308, 6.0440e+00, 2.1606e-01, 
 2DIAGNOSTIC,     7, -4.767766579768e-01, 1.797693134862e+308, 6.2695e+00, 2.2550e-01, 
 2DIAGNOSTIC,     8, -4.768495892201e-01, 1.797693134862e+308, 6.4734e+00, 2.0388e-01, 
 2DIAGNOSTIC,     9, -4.769543445773e-01, 1.797693134862e+308, 6.6774e+00, 2.0401e-01, 
 2DIAGNOSTIC,    10, -4.775086754818e-01, 1.227859091700e-04, 6.9517e+00, 2.7433e-01, 
 2DIAGNOSTIC,    11, -4.776457739447e-01, 1.268123279239e-04, 7.2009e+00, 2.4920e-01, 
 2DIAGNOSTIC,    12, -4.776630365703e-01, 1.296208820133e-04, 7.4518e+00, 2.5091e-01, 
 2DIAGNOSTIC,    13, -4.777153766342e-01, 1.304674135017e-04, 7.6781e+00, 2.2628e-01, 
 2DIAGNOSTIC,    14, -4.777423223986e-01, 1.273091136130e-04, 7.9001e+00, 2.2201e-01, 
 2DIAGNOSTIC,    15, -4.778393321193e-01, 1.172188060780e-04, 8.1496e+00, 2.4949e-01, 
 2DIAGNOSTIC,    16, -4.779365768493e-01, 1.016604018317e-04, 8.4453e+00, 2.9565e-01, 
 2DIAGNOSTIC,    17, -4.779707394340e-01, 8.123198396574e-05, 8.6779e+00, 2.3268e-01, 
 2DIAGNOSTIC,    18, -4.780388026725e-01, 6.063065724948e-05, 8.8894e+00, 2.1142e-01, 
 2DIAGNOSTIC,    19, -4.781976578985e-01, 4.454055890055e-05, 9.1272e+00, 2.3787e-01, 
 2DIAGNOSTIC,    20, -4.782965819170e-01, 4.528512917976e-05, 9.3844e+00, 2.5720e-01, 
 2DIAGNOSTIC,    21, -4.785862062914e-01, 5.394613092196e-05, 9.6719e+00, 2.8752e-01, 
 2DIAGNOSTIC,    22, -4.786224126901e-01, 5.822654570286e-05, 9.9055e+00, 2.3354e-01, 
 2DIAGNOSTIC,    23, -4.786918716985e-01, 6.008176555716e-05, 1.0164e+01, 2.5862e-01, 
 2DIAGNOSTIC,    24, -4.787141159460e-01, 5.747065468419e-05, 1.0395e+01, 2.3043e-01, 
 2DIAGNOSTIC,    25, -4.787547101402e-01, 5.298153104322e-05, 1.0623e+01, 2.2867e-01, 
 2DIAGNOSTIC,    26, -4.788246748960e-01, 4.773996074700e-05, 1.0876e+01, 2.5255e-01, 
 2DIAGNOSTIC,    27, -4.789192690789e-01, 4.130984407114e-05, 1.1381e+01, 5.0562e-01, 
 2DIAGNOSTIC,    28, -4.789243137963e-01, 3.308262070517e-05, 1.1619e+01, 2.3774e-01, 
 2DIAGNOSTIC,    29, -4.789207537252e-01, 2.564623169959e-05, 1.1831e+01, 2.1214e-01, 
 2DIAGNOSTIC,    30, -4.789174254871e-01, 1.816108247878e-05, 1.2064e+01, 2.3235e-01, 
 2DIAGNOSTIC,    31, -4.789171896894e-01, 1.506706088423e-05, 1.2296e+01, 2.3195e-01, 
 2DIAGNOSTIC,    32, -4.789169491418e-01, 1.144876111697e-05, 1.2553e+01, 2.5757e-01, 
 2DIAGNOSTIC,    33, -4.789157231948e-01, 8.297748318564e-06, 1.2842e+01, 2.8876e-01, 
 2DIAGNOSTIC,    34, -4.789158584861e-01, 5.050666419367e-06, 1.3102e+01, 2.6015e-01, 
 2DIAGNOSTIC,    35, -4.789152039349e-01, 2.264723946398e-06, 1.3328e+01, 2.2586e-01, 
DIAGNOSTIC,Iteration,metricValue,convergenceValue,ITERATION_TIME_INDEX,SINCE_LAST
 2DIAGNOSTIC,     1, -4.452951143730e-01, 1.797693134862e+308, 1.5851e+01, 2.5236e+00, 
 2DIAGNOSTIC,     2, -4.453198104377e-01, 1.797693134862e+308, 1.7383e+01, 1.5312e+00, 
 2DIAGNOSTIC,     3, -4.453431217608e-01, 1.797693134862e+308, 1.9034e+01, 1.6511e+00, 
 2DIAGNOSTIC,     4, -4.453436251218e-01, 1.797693134862e+308, 2.0554e+01, 1.5199e+00, 
 2DIAGNOSTIC,     5, -4.453459832362e-01, 1.797693134862e+308, 2.2082e+01, 1.5287e+00, 
 2DIAGNOSTIC,     6, -4.453453988758e-01, 1.797693134862e+308, 2.3525e+01, 1.4424e+00, 
 2DIAGNOSTIC,     7, -4.453479173456e-01, 1.797693134862e+308, 2.4955e+01, 1.4301e+00, 
 2DIAGNOSTIC,     8, -4.453571544829e-01, 1.797693134862e+308, 2.6582e+01, 1.6276e+00, 
 2DIAGNOSTIC,     9, -4.453649275136e-01, 1.797693134862e+308, 2.8814e+01, 2.2318e+00, 
 2DIAGNOSTIC,    10, -4.453650099898e-01, 1.090737072251e-05, 3.0447e+01, 1.6330e+00, 
 2DIAGNOSTIC,    11, -4.453657011868e-01, 7.858131049754e-06, 3.1882e+01, 1.4346e+00, 
 2DIAGNOSTIC,    12, -4.453653179948e-01, 6.133387856599e-06, 3.3520e+01, 1.6386e+00, 
 2DIAGNOSTIC,    13, -4.453653916470e-01, 5.499228577996e-06, 3.5443e+01, 1.9231e+00, 
 2DIAGNOSTIC,    14, -4.453652815637e-01, 4.687469578490e-06, 3.7303e+01, 1.8596e+00, 
 2DIAGNOSTIC,    15, -4.453652182880e-01, 3.867992059314e-06, 3.9044e+01, 1.7412e+00, 
 2DIAGNOSTIC,    16, -4.453650060744e-01, 2.965220557469e-06, 4.0600e+01, 1.5557e+00, 
 2DIAGNOSTIC,    17, -4.453648160799e-01, 2.160013513101e-06, 4.2302e+01, 1.7020e+00, 
 2DIAGNOSTIC,    18, -4.453648559637e-01, 1.739122333110e-06, 4.3849e+01, 1.5467e+00, 
 2DIAGNOSTIC,    19, -4.453648031489e-01, 1.624270216660e-06, 4.5306e+01, 1.4572e+00, 
 2DIAGNOSTIC,    20, -4.453646862778e-01, 1.523746416501e-06, 4.6848e+01, 1.5425e+00, 
 2DIAGNOSTIC,    21, -4.453646570648e-01, 1.459681494703e-06, 4.8473e+01, 1.6244e+00, 
 2DIAGNOSTIC,    22, -4.453645643706e-01, 1.392722774933e-06, 5.0020e+01, 1.5477e+00, 
 2DIAGNOSTIC,    23, -4.453646177919e-01, 1.340079294643e-06, 5.1484e+01, 1.4635e+00, 
 2DIAGNOSTIC,    24, -4.453642692798e-01, 1.283505227004e-06, 5.3156e+01, 1.6720e+00, 
 2DIAGNOSTIC,    25, -4.453642226679e-01, 1.232993846766e-06, 5.4720e+01, 1.5635e+00, 
 2DIAGNOSTIC,    26, -4.453640770080e-01, 1.181399403395e-06, 5.6135e+01, 1.4154e+00, 
 2DIAGNOSTIC,    27, -4.453639517418e-01, 1.130037816877e-06, 5.7636e+01, 1.5008e+00, 
 2DIAGNOSTIC,    28, -4.453639893329e-01, 1.088683381417e-06, 5.9204e+01, 1.5678e+00, 
 2DIAGNOSTIC,    29, -4.453638672007e-01, 1.050860633289e-06, 6.0594e+01, 1.3908e+00, 
 2DIAGNOSTIC,    30, -4.453637820661e-01, 1.015726036460e-06, 6.2152e+01, 1.5581e+00, 
  Elapsed time (stage 0): 6.2975e+01


Total elapsed time: 6.2977e+01
Info [verificarlo]: loaded backend libinterflop_ieee.so
Info [interflop-ieee]: load backend with:
Info [interflop-ieee]: debug = false
Info [interflop-ieee]: debug-binary = false
Info [interflop-ieee]: no-backend-name = false
Info [interflop-ieee]: print-new-line = false
Info [interflop-ieee]: print-subnormal-normalized = false
Info [interflop-ieee]: count-op = false
All_Command_lines_OK
Using double precision for computations.
=============================================================================
The composite transform comprises the following transforms (in order): 
  1. /home/mdugre/scratch/mri-registration-rp/datasets/ds004513/derivatives/mri-registration-rp/0001/antsRegistration-r8-p8/sub-s003/rigid_Composite.h5[0] (type = Euler3DTransform)
  2. /home/mdugre/scratch/mri-registration-rp/datasets/ds004513/derivatives/mri-registration-rp/0001/antsRegistration-r8-p8/sub-s003/rigid_Composite.h5[1] (type = Euler3DTransform)
  3. /home/mdugre/scratch/mri-registration-rp/datasets/ds004513/derivatives/mri-registration-rp/0001/antsRegistration-r8-p8/sub-s003/rigid_Composite.h5[2] (type = Euler3DTransform)
=============================================================================
  number of levels = 4
  fixed image: /templateflow/tpl-MNI152NLin2009cAsym/tpl-MNI152NLin2009cAsym_res-01_desc-brain_T1w.nii.gz
  moving image: /home/mdugre/scratch/mri-registration-rp/datasets/ds004513/derivatives/mri-registration-rp/antsBrainExtraction/sub-s003/BrainExtractionBrain.nii.gz
Dimension = 3
Number of stages = 1
Use histogram matching = false
Winsorize image intensities = true
  Lower quantile = 0.005
  Upper quantile = 0.995


Stage 1 State
   Image metric = MattesMI
     Fixed image = Image (0x3720530)
  RTTI typeinfo:   itk::Image<double, 3u>
  Reference Count: 2
  Modified Time: 1594
  Debug: Off
  Object Name: 
  Observers: 
    none
  Source: (none)
  Source output name: (none)
  Release Data: Off
  Data Released: False
  Global Release Data: Off
  PipelineMTime: 0
  UpdateMTime: 1203
  RealTimeStamp: 0 seconds 
  LargestPossibleRegion: 
    Dimension: 3
    Index: [0, 0, 0]
    Size: [193, 229, 193]
  BufferedRegion: 
    Dimension: 3
    Index: [0, 0, 0]
    Size: [193, 229, 193]
  RequestedRegion: 
    Dimension: 3
    Index: [0, 0, 0]
    Size: [193, 229, 193]
  Spacing: [1, 1, 1]
  Origin: [96, 132, -78]
  Direction: 
-1 0 0
0 -1 0
0 0 1

  IndexToPointMatrix: 
-1 0 0
0 -1 0
0 0 1

  PointToIndexMatrix: 
-1 0 0
0 -1 0
0 0 1

  Inverse Direction: 
-1 0 0
0 -1 0
0 0 1

  PixelContainer: 
    ImportImageContainer (0x37d92a0)
      RTTI typeinfo:   itk::ImportImageContainer<unsigned long, double>
      Reference Count: 1
      Modified Time: 1200
      Debug: Off
      Object Name: 
      Observers: 
        none
      Pointer: 0x149919910010
      Container manages memory: true
      Size: 8530021
      Capacity: 8530021

     Moving image = Image (0x37dbe60)
  RTTI typeinfo:   itk::Image<double, 3u>
  Reference Count: 2
  Modified Time: 1595
  Debug: Off
  Object Name: 
  Observers: 
    none
  Source: (none)
  Source output name: (none)
  Release Data: Off
  Data Released: False
  Global Release Data: Off
  PipelineMTime: 0
  UpdateMTime: 1592
  RealTimeStamp: 0 seconds 
  LargestPossibleRegion: 
    Dimension: 3
    Index: [0, 0, 0]
    Size: [176, 240, 256]
  BufferedRegion: 
    Dimension: 3
    Index: [0, 0, 0]
    Size: [176, 240, 256]
  RequestedRegion: 
    Dimension: 3
    Index: [0, 0, 0]
    Size: [176, 240, 256]
  Spacing: [0.999999, 1, 1]
  Origin: [93.3499, 86.9368, -128.957]
  Direction: 
-0.999513 -0.0279216 -0.0139567
0.0279189 -0.99961 0.000389866
-0.0139622 2.01492e-08 0.999903

  IndexToPointMatrix: 
-0.999512 -0.0279216 -0.0139567
0.0279189 -0.99961 0.000389866
-0.0139621 2.01492e-08 0.999903

  PointToIndexMatrix: 
-0.999514 0.0279189 -0.0139622
-0.0279216 -0.99961 2.01716e-08
-0.0139567 0.000389866 0.999903

  Inverse Direction: 
-0.999513 0.0279189 -0.0139622
-0.0279216 -0.99961 2.01716e-08
-0.0139567 0.000389866 0.999903

  PixelContainer: 
    ImportImageContainer (0x380f390)
      RTTI typeinfo:   itk::ImportImageContainer<unsigned long, double>
      Reference Count: 1
      Modified Time: 1589
      Debug: Off
      Object Name: 
      Observers: 
        none
      Pointer: 0x14991468f010
      Container manages memory: true
      Size: 10813440
      Capacity: 10813440

     Weighting = 1
     Sampling strategy = regular
     Number of bins = 32
     Radius = 4
     Sampling percentage  = 0.25
   Transform = Affine
     Gradient step = 0.1
     Update field sigma (voxel space) = 0
     Total field sigma (voxel space) = 0
     Update field time sigma = 0
     Total field time sigma  = 0
     Number of time indices = 0
     Number of time point samples = 0
Registration using 1 total stages.

Stage 0
  iterations = 1000x500x250x100
  convergence threshold = 1e-06
  convergence window size = 10
  number of levels = 4
  using the Mattes MI metric (number of bins = 32, weight = 1, use gradient filter = 0)
  preprocessing:  winsorizing the image intensities
  Shrink factors (level 1 out of 4): [8, 8, 8]
  Shrink factors (level 2 out of 4): [4, 4, 4]
  Shrink factors (level 3 out of 4): [2, 2, 2]
  Shrink factors (level 4 out of 4): [1, 1, 1]
  smoothing sigmas per level: [3, 2, 1, 0]
  regular sampling (percentage = 0.25)

*** Running AffineTransform registration ***

DIAGNOSTIC,Iteration,metricValue,convergenceValue,ITERATION_TIME_INDEX,SINCE_LAST
 2DIAGNOSTIC,     1, -6.597169791053e-01, 1.797693134862e+308, 9.2894e-01, 9.2894e-01, 
 2DIAGNOSTIC,     2, -6.623699133636e-01, 1.797693134862e+308, 9.3315e-01, 4.2160e-03, 
 2DIAGNOSTIC,     3, -6.662925951992e-01, 1.797693134862e+308, 9.3717e-01, 4.0190e-03, 
 2DIAGNOSTIC,     4, -6.722170045955e-01, 1.797693134862e+308, 9.4135e-01, 4.1800e-03, 
 2DIAGNOSTIC,     5, -6.802890269816e-01, 1.797693134862e+308, 9.4567e-01, 4.3180e-03, 
 2DIAGNOSTIC,     6, -6.921085650968e-01, 1.797693134862e+308, 9.4959e-01, 3.9182e-03, 
 2DIAGNOSTIC,     7, -7.122056143166e-01, 1.797693134862e+308, 9.5612e-01, 6.5320e-03, 
 2DIAGNOSTIC,     8, -7.197403868955e-01, 1.797693134862e+308, 9.6126e-01, 5.1389e-03, 
 2DIAGNOSTIC,     9, -7.194838955970e-01, 1.797693134862e+308, 9.6601e-01, 4.7529e-03, 
 2DIAGNOSTIC,    10, -7.213717220519e-01, 6.987156124052e-03, 9.7134e-01, 5.3232e-03, 
 2DIAGNOSTIC,    11, -7.218307518599e-01, 6.057891197308e-03, 9.7657e-01, 5.2328e-03, 
 2DIAGNOSTIC,    12, -7.217476777643e-01, 4.825020305148e-03, 9.8095e-01, 4.3850e-03, 
 2DIAGNOSTIC,    13, -7.215924684952e-01, 3.470934610203e-03, 9.8587e-01, 4.9162e-03, 
 2DIAGNOSTIC,    14, -7.218302174648e-01, 2.187281295518e-03, 9.9069e-01, 4.8180e-03, 
 2DIAGNOSTIC,    15, -7.217358250657e-01, 1.096028321585e-03, 9.9780e-01, 7.1130e-03, 
 2DIAGNOSTIC,    16, -7.217732166179e-01, 3.320720716265e-04, 1.0029e+00, 5.0511e-03, 
 2DIAGNOSTIC,    17, -7.216179886529e-01, 9.953669416811e-05, 1.0080e+00, 5.1730e-03, 
 2DIAGNOSTIC,    18, -7.215464786774e-01, 5.271666267447e-05, 1.0132e+00, 5.1880e-03, 
DIAGNOSTIC,Iteration,metricValue,convergenceValue,ITERATION_TIME_INDEX,SINCE_LAST
 2DIAGNOSTIC,     1, -5.944969788919e-01, 1.797693134862e+308, 1.7578e+00, 7.4461e-01, 
 2DIAGNOSTIC,     2, -5.945934261642e-01, 1.797693134862e+308, 1.7901e+00, 3.2242e-02, 
 2DIAGNOSTIC,     3, -5.946811278289e-01, 1.797693134862e+308, 1.8233e+00, 3.3236e-02, 
 2DIAGNOSTIC,     4, -5.948707146033e-01, 1.797693134862e+308, 1.8608e+00, 3.7544e-02, 
 2DIAGNOSTIC,     5, -5.950814952017e-01, 1.797693134862e+308, 1.8928e+00, 3.1920e-02, 
 2DIAGNOSTIC,     6, -5.953218992826e-01, 1.797693134862e+308, 1.9243e+00, 3.1552e-02, 
 2DIAGNOSTIC,     7, -5.957168169564e-01, 1.797693134862e+308, 1.9566e+00, 3.2331e-02, 
 2DIAGNOSTIC,     8, -5.964807571160e-01, 1.797693134862e+308, 1.9880e+00, 3.1331e-02, 
 2DIAGNOSTIC,     9, -5.979725956293e-01, 1.797693134862e+308, 2.0268e+00, 3.8846e-02, 
 2DIAGNOSTIC,    10, -5.997433128669e-01, 4.751895028534e-04, 2.0629e+00, 3.6076e-02, 
 2DIAGNOSTIC,    11, -6.006204989292e-01, 5.811276963861e-04, 2.1059e+00, 4.2982e-02, 
 2DIAGNOSTIC,    12, -6.008969679696e-01, 6.327845996914e-04, 2.1379e+00, 3.1981e-02, 
 2DIAGNOSTIC,    13, -6.010198422540e-01, 6.277400816376e-04, 2.1717e+00, 3.3841e-02, 
 2DIAGNOSTIC,    14, -6.011292506039e-01, 5.762208728238e-04, 2.2129e+00, 4.1199e-02, 
 2DIAGNOSTIC,    15, -6.012173559324e-01, 4.878972302205e-04, 2.2465e+00, 3.3559e-02, 
 2DIAGNOSTIC,    16, -6.012979217922e-01, 3.756977819200e-04, 2.2798e+00, 3.3329e-02, 
 2DIAGNOSTIC,    17, -6.013462900915e-01, 2.552475842742e-04, 2.3236e+00, 4.3778e-02, 
 2DIAGNOSTIC,    18, -6.014888417433e-01, 1.485218599444e-04, 2.3615e+00, 3.7926e-02, 
 2DIAGNOSTIC,    19, -6.015588522806e-01, 7.752322026206e-05, 2.4127e+00, 5.1234e-02, 
 2DIAGNOSTIC,    20, -6.015627383477e-01, 4.823518877903e-05, 2.4510e+00, 3.8264e-02, 
 2DIAGNOSTIC,    21, -6.015894469142e-01, 3.776048164830e-05, 2.4868e+00, 3.5768e-02, 
 2DIAGNOSTIC,    22, -6.016669746437e-01, 3.245301898791e-05, 2.5206e+00, 3.3837e-02, 
 2DIAGNOSTIC,    23, -6.017337305775e-01, 2.850901941807e-05, 2.5531e+00, 3.2474e-02, 
 2DIAGNOSTIC,    24, -6.018154315900e-01, 2.607088831167e-05, 2.5869e+00, 3.3852e-02, 
 2DIAGNOSTIC,    25, -6.018788696111e-01, 2.437914634078e-05, 2.6208e+00, 3.3857e-02, 
 2DIAGNOSTIC,    26, -6.019804169817e-01, 2.398502801555e-05, 2.6544e+00, 3.3632e-02, 
 2DIAGNOSTIC,    27, -6.023218127244e-01, 2.822189844023e-05, 2.7159e+00, 6.1493e-02, 
 2DIAGNOSTIC,    28, -6.023215348063e-01, 3.183155909094e-05, 2.7638e+00, 4.7921e-02, 
 2DIAGNOSTIC,    29, -6.023275852969e-01, 3.362427766894e-05, 2.8005e+00, 3.6689e-02, 
 2DIAGNOSTIC,    30, -6.023218640123e-01, 3.227047197503e-05, 2.8360e+00, 3.5490e-02, 
 2DIAGNOSTIC,    31, -6.023150334266e-01, 2.830748685755e-05, 2.8709e+00, 3.4922e-02, 
 2DIAGNOSTIC,    32, -6.023091444652e-01, 2.298351325192e-05, 2.9021e+00, 3.1149e-02, 
 2DIAGNOSTIC,    33, -6.023052413066e-01, 1.678301493352e-05, 2.9368e+00, 3.4746e-02, 
 2DIAGNOSTIC,    34, -6.023089695013e-01, 1.070471546030e-05, 2.9685e+00, 3.1709e-02, 
 2DIAGNOSTIC,    35, -6.023053775380e-01, 4.871267316651e-06, 3.0074e+00, 3.8882e-02, 
DIAGNOSTIC,Iteration,metricValue,convergenceValue,ITERATION_TIME_INDEX,SINCE_LAST
 2DIAGNOSTIC,     1, -5.259110213134e-01, 1.797693134862e+308, 4.1812e+00, 1.1737e+00, 
 2DIAGNOSTIC,     2, -5.262216403805e-01, 1.797693134862e+308, 4.4494e+00, 2.6824e-01, 
 2DIAGNOSTIC,     3, -5.265256479468e-01, 1.797693134862e+308, 4.7038e+00, 2.5440e-01, 
 2DIAGNOSTIC,     4, -5.267578908608e-01, 1.797693134862e+308, 4.9927e+00, 2.8891e-01, 
 2DIAGNOSTIC,     5, -5.270273729502e-01, 1.797693134862e+308, 5.2454e+00, 2.5269e-01, 
 2DIAGNOSTIC,     6, -5.275672447776e-01, 1.797693134862e+308, 5.5157e+00, 2.7033e-01, 
 2DIAGNOSTIC,     7, -5.286377705167e-01, 1.797693134862e+308, 5.8921e+00, 3.7641e-01, 
 2DIAGNOSTIC,     8, -5.340964397913e-01, 1.797693134862e+308, 6.3954e+00, 5.0323e-01, 
 2DIAGNOSTIC,     9, -5.341358957703e-01, 1.797693134862e+308, 6.7965e+00, 4.0111e-01, 
 2DIAGNOSTIC,    10, -5.341416054357e-01, 1.154168006477e-03, 7.1096e+00, 3.1317e-01, 
 2DIAGNOSTIC,    11, -5.341359576296e-01, 1.136028150463e-03, 7.5503e+00, 4.4066e-01, 
 2DIAGNOSTIC,    12, -5.341377407189e-01, 1.031524980013e-03, 7.9853e+00, 4.3504e-01, 
 2DIAGNOSTIC,    13, -5.341388757469e-01, 8.592116225836e-04, 8.3061e+00, 3.2072e-01, 
 2DIAGNOSTIC,    14, -5.341378544169e-01, 6.425583821296e-04, 8.5937e+00, 2.8761e-01, 
 2DIAGNOSTIC,    15, -5.341364907200e-01, 4.092004742106e-04, 8.8831e+00, 2.8941e-01, 
 2DIAGNOSTIC,    16, -5.341349069066e-01, 1.870785986325e-04, 9.1732e+00, 2.9013e-01, 
 2DIAGNOSTIC,    17, -5.341344908524e-01, 2.972751087488e-06, 9.4439e+00, 2.7065e-01, 
 2DIAGNOSTIC,    18, -5.341334799929e-01, 1.475776766444e-06, 9.7171e+00, 2.7325e-01, 
 2DIAGNOSTIC,    19, -5.341326551050e-01, 1.247027950679e-06, 9.9852e+00, 2.6811e-01, 
 2DIAGNOSTIC,    20, -5.341320512900e-01, 1.224606108956e-06, 1.0265e+01, 2.8008e-01, 
