
##########################
# Experiment information #
##########################

EXPERIMENT_NAME: antsRegistration-r7-p22
VFC_BACKENDS: libinterflop_vprec.so --range-binary32=7 --precision-binary32=22 --range-binary64=7 --precision-binary64=22

SIF_IMG: /home/mdugre/projects/rrg-glatard/mdugre/containers/ants-vprec-no_metrics.simg

SUBJECT_ID: s003
INPUT_IMG: /home/mdugre/scratch/mri-registration-rp/datasets/ds004513/derivatives/mri-registration-rp/antsBrainExtraction/sub-s003/BrainExtractionBrain.nii.gz
OUTPUT_DIR: /home/mdugre/scratch/mri-registration-rp/datasets/ds004513/derivatives/mri-registration-rp/0001/antsRegistration-r7-p22/sub-s003

FIXED_IMG: /templateflow/tpl-MNI152NLin2009cAsym/tpl-MNI152NLin2009cAsym_res-01_desc-brain_T1w.nii.gz
DATA_DIR: /home/mdugre/scratch/mri-registration-rp/datasets/ds004513
TEMPLATEFLOW_DIR: /home/mdugre/projects/rrg-glatard/mdugre/templateflow
ITK_GLOBAL_DEFAULT_NUMBER_OF_THREADS: 16
##########################

Info [verificarlo]: loaded backend libinterflop_ieee.so
Info [interflop-ieee]: load backend with:
Info [interflop-ieee]: debug = false
Info [interflop-ieee]: debug-binary = false
Info [interflop-ieee]: no-backend-name = false
Info [interflop-ieee]: print-new-line = false
Info [interflop-ieee]: print-subnormal-normalized = false
Info [interflop-ieee]: count-op = false
All_Command_lines_OK
Using double precision for computations.
=============================================================================
The composite transform comprises the following transforms (in order): 
  1. Center of mass alignment using fixed image: /templateflow/tpl-MNI152NLin2009cAsym/tpl-MNI152NLin2009cAsym_res-01_desc-brain_T1w.nii.gz and moving image: /home/mdugre/scratch/mri-registration-rp/datasets/ds004513/derivatives/mri-registration-rp/antsBrainExtraction/sub-s003/BrainExtractionBrain.nii.gz (type = Euler3DTransform)
=============================================================================
  number of levels = 1
  fixed image: /templateflow/tpl-MNI152NLin2009cAsym/tpl-MNI152NLin2009cAsym_res-01_desc-brain_T1w.nii.gz
  moving image: /home/mdugre/scratch/mri-registration-rp/datasets/ds004513/derivatives/mri-registration-rp/antsBrainExtraction/sub-s003/BrainExtractionBrain.nii.gz
Dimension = 3
Number of stages = 1
Use histogram matching = false
Winsorize image intensities = true
  Lower quantile = 0.005
  Upper quantile = 0.995


Stage 1 State
   Image metric = MattesMI
     Fixed image = Image (0x4a68e70)
  RTTI typeinfo:   itk::Image<double, 3u>
  Reference Count: 2
  Modified Time: 2334
  Debug: Off
  Object Name: 
  Observers: 
    none
  Source: (none)
  Source output name: (none)
  Release Data: Off
  Data Released: False
  Global Release Data: Off
  PipelineMTime: 0
  UpdateMTime: 1943
  RealTimeStamp: 0 seconds 
  LargestPossibleRegion: 
    Dimension: 3
    Index: [0, 0, 0]
    Size: [193, 229, 193]
  BufferedRegion: 
    Dimension: 3
    Index: [0, 0, 0]
    Size: [193, 229, 193]
  RequestedRegion: 
    Dimension: 3
    Index: [0, 0, 0]
    Size: [193, 229, 193]
  Spacing: [1, 1, 1]
  Origin: [96, 132, -78]
  Direction: 
-1 0 0
0 -1 0
0 0 1

  IndexToPointMatrix: 
-1 0 0
0 -1 0
0 0 1

  PointToIndexMatrix: 
-1 0 0
0 -1 0
0 0 1

  Inverse Direction: 
-1 0 0
0 -1 0
0 0 1

  PixelContainer: 
    ImportImageContainer (0x4a75140)
      RTTI typeinfo:   itk::ImportImageContainer<unsigned long, double>
      Reference Count: 1
      Modified Time: 1940
      Debug: Off
      Object Name: 
      Observers: 
        none
      Pointer: 0x146430881010
      Container manages memory: true
      Size: 8530021
      Capacity: 8530021

     Moving image = Image (0x4a72310)
  RTTI typeinfo:   itk::Image<double, 3u>
  Reference Count: 2
  Modified Time: 2335
  Debug: Off
  Object Name: 
  Observers: 
    none
  Source: (none)
  Source output name: (none)
  Release Data: Off
  Data Released: False
  Global Release Data: Off
  PipelineMTime: 0
  UpdateMTime: 2332
  RealTimeStamp: 0 seconds 
  LargestPossibleRegion: 
    Dimension: 3
    Index: [0, 0, 0]
    Size: [176, 240, 256]
  BufferedRegion: 
    Dimension: 3
    Index: [0, 0, 0]
    Size: [176, 240, 256]
  RequestedRegion: 
    Dimension: 3
    Index: [0, 0, 0]
    Size: [176, 240, 256]
  Spacing: [0.999999, 1, 1]
  Origin: [93.3499, 86.9368, -128.957]
  Direction: 
-0.999513 -0.0279216 -0.0139567
0.0279189 -0.99961 0.000389866
-0.0139622 2.01492e-08 0.999903

  IndexToPointMatrix: 
-0.999512 -0.0279216 -0.0139567
0.0279189 -0.99961 0.000389866
-0.0139621 2.01492e-08 0.999903

  PointToIndexMatrix: 
-0.999514 0.0279189 -0.0139622
-0.0279216 -0.99961 2.01716e-08
-0.0139567 0.000389866 0.999903

  Inverse Direction: 
-0.999513 0.0279189 -0.0139622
-0.0279216 -0.99961 2.01716e-08
-0.0139567 0.000389866 0.999903

  PixelContainer: 
    ImportImageContainer (0x4b9d610)
      RTTI typeinfo:   itk::ImportImageContainer<unsigned long, double>
      Reference Count: 1
      Modified Time: 2329
      Debug: Off
      Object Name: 
      Observers: 
        none
      Pointer: 0x14642b600010
      Container manages memory: true
      Size: 10813440
      Capacity: 10813440

     Weighting = 1
     Sampling strategy = regular
     Number of bins = 32
     Radius = 4
     Sampling percentage  = 0.25
   Transform = Rigid
     Gradient step = 0.1
     Update field sigma (voxel space) = 0
     Total field sigma (voxel space) = 0
     Update field time sigma = 0
     Total field time sigma  = 0
     Number of time indices = 0
     Number of time point samples = 0
Registration using 1 total stages.

Stage 0
  iterations = 0
  convergence threshold = 1e-06
  convergence window size = 10
  number of levels = 1
  using the Mattes MI metric (number of bins = 32, weight = 1, use gradient filter = 0)
  preprocessing:  winsorizing the image intensities
  Shrink factors (level 1 out of 1): [1, 1, 1]
  smoothing sigmas per level: [0]
  regular sampling (percentage = 0.25)

*** Running Euler3DTransform registration ***

  Elapsed time (stage 0): 1.10505


Total elapsed time: 1.11042
Info [verificarlo]: loaded backend libinterflop_ieee.so
Info [interflop-ieee]: load backend with:
Info [interflop-ieee]: debug = false
Info [interflop-ieee]: debug-binary = false
Info [interflop-ieee]: no-backend-name = false
Info [interflop-ieee]: print-new-line = false
Info [interflop-ieee]: print-subnormal-normalized = false
Info [interflop-ieee]: count-op = false
All_Command_lines_OK
Using double precision for computations.
=============================================================================
The composite transform comprises the following transforms (in order): 
  1. /home/mdugre/scratch/mri-registration-rp/datasets/ds004513/derivatives/mri-registration-rp/0001/antsRegistration-r7-p22/sub-s003/align_Composite.h5[0] (type = Euler3DTransform)
  2. /home/mdugre/scratch/mri-registration-rp/datasets/ds004513/derivatives/mri-registration-rp/0001/antsRegistration-r7-p22/sub-s003/align_Composite.h5[1] (type = Euler3DTransform)
=============================================================================
  number of levels = 4
  fixed image: /templateflow/tpl-MNI152NLin2009cAsym/tpl-MNI152NLin2009cAsym_res-01_desc-brain_T1w.nii.gz
  moving image: /home/mdugre/scratch/mri-registration-rp/datasets/ds004513/derivatives/mri-registration-rp/antsBrainExtraction/sub-s003/BrainExtractionBrain.nii.gz
Dimension = 3
Number of stages = 1
Use histogram matching = false
Winsorize image intensities = true
  Lower quantile = 0.005
  Upper quantile = 0.995


Stage 1 State
   Image metric = MattesMI
     Fixed image = Image (0x3bda530)
  RTTI typeinfo:   itk::Image<double, 3u>
  Reference Count: 2
  Modified Time: 1580
  Debug: Off
  Object Name: 
  Observers: 
    none
  Source: (none)
  Source output name: (none)
  Release Data: Off
  Data Released: False
  Global Release Data: Off
  PipelineMTime: 0
  UpdateMTime: 1189
  RealTimeStamp: 0 seconds 
  LargestPossibleRegion: 
    Dimension: 3
    Index: [0, 0, 0]
    Size: [193, 229, 193]
  BufferedRegion: 
    Dimension: 3
    Index: [0, 0, 0]
    Size: [193, 229, 193]
  RequestedRegion: 
    Dimension: 3
    Index: [0, 0, 0]
    Size: [193, 229, 193]
  Spacing: [1, 1, 1]
  Origin: [96, 132, -78]
  Direction: 
-1 0 0
0 -1 0
0 0 1

  IndexToPointMatrix: 
-1 0 0
0 -1 0
0 0 1

  PointToIndexMatrix: 
-1 0 0
0 -1 0
0 0 1

  Inverse Direction: 
-1 0 0
0 -1 0
0 0 1

  PixelContainer: 
    ImportImageContainer (0x3c98d60)
      RTTI typeinfo:   itk::ImportImageContainer<unsigned long, double>
      Reference Count: 1
      Modified Time: 1186
      Debug: Off
      Object Name: 
      Observers: 
        none
      Pointer: 0x14e8b371c010
      Container manages memory: true
      Size: 8530021
      Capacity: 8530021

     Moving image = Image (0x3c8af60)
  RTTI typeinfo:   itk::Image<double, 3u>
  Reference Count: 2
  Modified Time: 1581
  Debug: Off
  Object Name: 
  Observers: 
    none
  Source: (none)
  Source output name: (none)
  Release Data: Off
  Data Released: False
  Global Release Data: Off
  PipelineMTime: 0
  UpdateMTime: 1578
  RealTimeStamp: 0 seconds 
  LargestPossibleRegion: 
    Dimension: 3
    Index: [0, 0, 0]
    Size: [176, 240, 256]
  BufferedRegion: 
    Dimension: 3
    Index: [0, 0, 0]
    Size: [176, 240, 256]
  RequestedRegion: 
    Dimension: 3
    Index: [0, 0, 0]
    Size: [176, 240, 256]
  Spacing: [0.999999, 1, 1]
  Origin: [93.3499, 86.9368, -128.957]
  Direction: 
-0.999513 -0.0279216 -0.0139567
0.0279189 -0.99961 0.000389866
-0.0139622 2.01492e-08 0.999903

  IndexToPointMatrix: 
-0.999512 -0.0279216 -0.0139567
0.0279189 -0.99961 0.000389866
-0.0139621 2.01492e-08 0.999903

  PointToIndexMatrix: 
-0.999514 0.0279189 -0.0139622
-0.0279216 -0.99961 2.01716e-08
-0.0139567 0.000389866 0.999903

  Inverse Direction: 
-0.999513 0.0279189 -0.0139622
-0.0279216 -0.99961 2.01716e-08
-0.0139567 0.000389866 0.999903

  PixelContainer: 
    ImportImageContainer (0x3c7c6d0)
      RTTI typeinfo:   itk::ImportImageContainer<unsigned long, double>
      Reference Count: 1
      Modified Time: 1575
      Debug: Off
      Object Name: 
      Observers: 
        none
      Pointer: 0x14e8ae49b010
      Container manages memory: true
      Size: 10813440
      Capacity: 10813440

     Weighting = 1
     Sampling strategy = regular
     Number of bins = 32
     Radius = 4
     Sampling percentage  = 0.25
   Transform = Rigid
     Gradient step = 0.1
     Update field sigma (voxel space) = 0
     Total field sigma (voxel space) = 0
     Update field time sigma = 0
     Total field time sigma  = 0
     Number of time indices = 0
     Number of time point samples = 0
Registration using 1 total stages.

Stage 0
  iterations = 1000x500x250x100
  convergence threshold = 1e-06
  convergence window size = 10
  number of levels = 4
  using the Mattes MI metric (number of bins = 32, weight = 1, use gradient filter = 0)
  preprocessing:  winsorizing the image intensities
  Shrink factors (level 1 out of 4): [8, 8, 8]
  Shrink factors (level 2 out of 4): [4, 4, 4]
  Shrink factors (level 3 out of 4): [2, 2, 2]
  Shrink factors (level 4 out of 4): [1, 1, 1]
  smoothing sigmas per level: [3, 2, 1, 0]
  regular sampling (percentage = 0.25)

*** Running Euler3DTransform registration ***

DIAGNOSTIC,Iteration,metricValue,convergenceValue,ITERATION_TIME_INDEX,SINCE_LAST
 2DIAGNOSTIC,     1, -4.871187133941e-01, 1.797693134862e+308, 7.9526e-01, 7.9526e-01, 
 2DIAGNOSTIC,     2, -4.887966556740e-01, 1.797693134862e+308, 8.0028e-01, 5.0180e-03, 
 2DIAGNOSTIC,     3, -4.919242839642e-01, 1.797693134862e+308, 8.0567e-01, 5.3918e-03, 
 2DIAGNOSTIC,     4, -5.019092629522e-01, 1.797693134862e+308, 8.1067e-01, 5.0030e-03, 
 2DIAGNOSTIC,     5, -5.198319788477e-01, 1.797693134862e+308, 8.1773e-01, 7.0529e-03, 
 2DIAGNOSTIC,     6, -5.251449584180e-01, 1.797693134862e+308, 8.2296e-01, 5.2369e-03, 
 2DIAGNOSTIC,     7, -5.365118080768e-01, 1.797693134862e+308, 8.2822e-01, 5.2562e-03, 
 2DIAGNOSTIC,     8, -5.564319077261e-01, 1.797693134862e+308, 8.3676e-01, 8.5421e-03, 
 2DIAGNOSTIC,     9, -5.572786469687e-01, 1.797693134862e+308, 8.4197e-01, 5.2102e-03, 
 2DIAGNOSTIC,    10, -5.597886110608e-01, 1.060089541986e-02, 8.4828e-01, 6.3040e-03, 
 2DIAGNOSTIC,    11, -5.645450860914e-01, 9.471656029002e-03, 8.5416e-01, 5.8801e-03, 
 2DIAGNOSTIC,    12, -5.675342641672e-01, 7.901754414630e-03, 8.6032e-01, 6.1638e-03, 
 2DIAGNOSTIC,    13, -5.685174641935e-01, 6.033280802481e-03, 8.6641e-01, 6.0871e-03, 
 2DIAGNOSTIC,    14, -5.693412095343e-01, 4.302087948774e-03, 8.7375e-01, 7.3459e-03, 
 2DIAGNOSTIC,    15, -5.718972801999e-01, 3.155204981964e-03, 8.7962e-01, 5.8661e-03, 
 2DIAGNOSTIC,    16, -5.734788767073e-01, 2.091398053259e-03, 8.8508e-01, 5.4650e-03, 
 2DIAGNOSTIC,    17, -5.737823402463e-01, 1.310029424178e-03, 8.9104e-01, 5.9590e-03, 
 2DIAGNOSTIC,    18, -5.749452616697e-01, 1.114936190125e-03, 8.9671e-01, 5.6629e-03, 
 2DIAGNOSTIC,    19, -5.774392255379e-01, 9.301256922762e-04, 9.0547e-01, 8.7678e-03, 
 2DIAGNOSTIC,    20, -5.782944999961e-01, 7.612328992387e-04, 9.1245e-01, 6.9721e-03, 
 2DIAGNOSTIC,    21, -5.788863756010e-01, 6.687985511535e-04, 9.1855e-01, 6.1080e-03, 
 2DIAGNOSTIC,    22, -5.857337701270e-01, 7.546209587944e-04, 9.2487e-01, 6.3150e-03, 
 2DIAGNOSTIC,    23, -6.028589199414e-01, 1.162232402589e-03, 9.3193e-01, 7.0581e-03, 
 2DIAGNOSTIC,    24, -6.086613864544e-01, 1.554691297678e-03, 9.4028e-01, 8.3520e-03, 
 2DIAGNOSTIC,    25, -6.127624336089e-01, 1.904928962255e-03, 9.4710e-01, 6.8250e-03, 
 2DIAGNOSTIC,    26, -6.171330105641e-01, 2.167612513018e-03, 9.5357e-01, 6.4671e-03, 
 2DIAGNOSTIC,    27, -6.180829706232e-01, 2.226134292933e-03, 9.6009e-01, 6.5141e-03, 
 2DIAGNOSTIC,    28, -6.204355233326e-01, 2.128618151010e-03, 9.6658e-01, 6.4981e-03, 
 2DIAGNOSTIC,    29, -6.216541970191e-01, 1.901236690228e-03, 9.7233e-01, 5.7480e-03, 
 2DIAGNOSTIC,    30, -6.252686912393e-01, 1.589741200153e-03, 9.7929e-01, 6.9580e-03, 
 2DIAGNOSTIC,    31, -6.305778036552e-01, 1.244382322227e-03, 9.8563e-01, 6.3362e-03, 
 2DIAGNOSTIC,    32, -6.437130266277e-01, 1.107477993686e-03, 9.9350e-01, 7.8721e-03, 
 2DIAGNOSTIC,    33, -6.470242779664e-01, 1.176366356520e-03, 9.9907e-01, 5.5768e-03, 
 2DIAGNOSTIC,    34, -6.489198862608e-01, 1.241855456719e-03, 1.0076e+00, 8.5239e-03, 
 2DIAGNOSTIC,    35, -6.509315524746e-01, 1.271852724153e-03, 1.0131e+00, 5.4791e-03, 
 2DIAGNOSTIC,    36, -6.520061323921e-01, 1.251970847042e-03, 1.0180e+00, 4.9360e-03, 
 2DIAGNOSTIC,    37, -6.528677080074e-01, 1.135515232063e-03, 1.0230e+00, 5.0170e-03, 
 2DIAGNOSTIC,    38, -6.532419650077e-01, 9.531094812212e-04, 1.0281e+00, 5.1060e-03, 
 2DIAGNOSTIC,    39, -6.541800758099e-01, 7.191597303415e-04, 1.0352e+00, 7.0200e-03, 
 2DIAGNOSTIC,    40, -6.542183108137e-01, 4.741326483909e-04, 1.0403e+00, 5.1749e-03, 
 2DIAGNOSTIC,    41, -6.546674179254e-01, 2.612659735901e-04, 1.0453e+00, 4.9720e-03, 
 2DIAGNOSTIC,    42, -6.552110862991e-01, 1.907262530873e-04, 1.0520e+00, 6.6569e-03, 
 2DIAGNOSTIC,    43, -6.553182296680e-01, 1.434402456042e-04, 1.0577e+00, 5.7740e-03, 
 2DIAGNOSTIC,    44, -6.554467772360e-01, 1.065225528504e-04, 1.0625e+00, 4.7848e-03, 
 2DIAGNOSTIC,    45, -6.554222095239e-01, 8.224978775416e-05, 1.0671e+00, 4.5910e-03, 
 2DIAGNOSTIC,    46, -6.555897953357e-01, 6.410476499672e-05, 1.0724e+00, 5.2619e-03, 
 2DIAGNOSTIC,    47, -6.557531051760e-01, 5.098404349626e-05, 1.0776e+00, 5.1861e-03, 
 2DIAGNOSTIC,    48, -6.557035383048e-01, 3.660515649903e-05, 1.0832e+00, 5.6770e-03, 
 2DIAGNOSTIC,    49, -6.557494875437e-01, 2.910386310630e-05, 1.0887e+00, 5.4629e-03, 
 2DIAGNOSTIC,    50, -6.556028643874e-01, 1.814594950249e-05, 1.0936e+00, 4.9379e-03, 
 2DIAGNOSTIC,    51, -6.556236717534e-01, 1.022294663407e-05, 1.0988e+00, 5.1548e-03, 
 2DIAGNOSTIC,    52, -6.556516830580e-01, 6.832043467547e-06, 1.1044e+00, 5.6419e-03, 
 2DIAGNOSTIC,    53, -6.557683494967e-01, 4.937152850805e-06, 1.1101e+00, 5.7039e-03, 
 2DIAGNOSTIC,    54, -6.559494097583e-01, 5.421581223655e-06, 1.1160e+00, 5.8782e-03, 
 2DIAGNOSTIC,    55, -6.559049618313e-01, 4.799848207511e-06, 1.1220e+00, 5.9431e-03, 
 2DIAGNOSTIC,    56, -6.558119287504e-01, 4.432306832072e-06, 1.1288e+00, 6.8738e-03, 
 2DIAGNOSTIC,    57, -6.559429625892e-01, 6.155206745510e-06, 1.1350e+00, 6.1350e-03, 
 2DIAGNOSTIC,    58, -6.559969017221e-01, 7.226894928877e-06, 1.1399e+00, 4.9658e-03, 
 2DIAGNOSTIC,    59, -6.560342878798e-01, 8.281308523348e-06, 1.1451e+00, 5.1601e-03, 
 2DIAGNOSTIC,    60, -6.560547306215e-01, 7.608600579082e-06, 1.1513e+00, 6.1638e-03, 
 2DIAGNOSTIC,    61, -6.560696778074e-01, 6.597878815510e-06, 1.1564e+00, 5.1301e-03, 
 2DIAGNOSTIC,    62, -6.565957141131e-01, 9.164412660436e-06, 1.1632e+00, 6.8619e-03, 
 2DIAGNOSTIC,    63, -6.567978291677e-01, 1.299036751180e-05, 1.1694e+00, 6.1228e-03, 
 2DIAGNOSTIC,    64, -6.568058010076e-01, 1.687504399598e-05, 1.1752e+00, 5.7831e-03, 
 2DIAGNOSTIC,    65, -6.568178202525e-01, 1.893810991159e-05, 1.1801e+00, 4.9019e-03, 
 2DIAGNOSTIC,    66, -6.569940965910e-01, 1.973287015294e-05, 1.1852e+00, 5.1260e-03, 
 2DIAGNOSTIC,    67, -6.574294607293e-01, 2.245116820668e-05, 1.1940e+00, 8.8301e-03, 
 2DIAGNOSTIC,    68, -6.583124491675e-01, 2.921753247579e-05, 1.2007e+00, 6.7210e-03, 
 2DIAGNOSTIC,    69, -6.584368871811e-01, 3.402352696283e-05, 1.2060e+00, 5.2629e-03, 
 2DIAGNOSTIC,    70, -6.589470652504e-01, 3.909057580231e-05, 1.2117e+00, 5.7180e-03, 
 2DIAGNOSTIC,    71, -6.597794285641e-01, 4.567132235479e-05, 1.2188e+00, 7.0970e-03, 
 2DIAGNOSTIC,    72, -6.599832537329e-01, 5.215278086906e-05, 1.2242e+00, 5.3751e-03, 
 2DIAGNOSTIC,    73, -6.599576628286e-01, 5.456308758212e-05, 1.2301e+00, 5.8899e-03, 
 2DIAGNOSTIC,    74, -6.599798351169e-01, 5.198872149434e-05, 1.2363e+00, 6.1970e-03, 
 2DIAGNOSTIC,    75, -6.601000649151e-01, 4.535556860490e-05, 1.2422e+00, 5.9340e-03, 
 2DIAGNOSTIC,    76, -6.603242476295e-01, 3.686861541937e-05, 1.2483e+00, 6.0601e-03, 
 2DIAGNOSTIC,    77, -6.603512468548e-01, 2.769185934089e-05, 1.2540e+00, 5.6899e-03, 
 2DIAGNOSTIC,    78, -6.603610445687e-01, 2.148336458268e-05, 1.2635e+00, 9.5739e-03, 
 2DIAGNOSTIC,    79, -6.603630333115e-01, 1.415118792029e-05, 1.2688e+00, 5.3179e-03, 
 2DIAGNOSTIC,    80, -6.603681409083e-01, 8.490309466477e-06, 1.2747e+00, 5.8970e-03, 
 2DIAGNOSTIC,    81, -6.604073277655e-01, 7.049571248082e-06, 1.2813e+00, 6.5880e-03, 
 2DIAGNOSTIC,    82, -6.603609983787e-01, 5.884350334226e-06, 1.2876e+00, 6.2311e-03, 
 2DIAGNOSTIC,    83, -6.603624628178e-01, 4.121224722662e-06, 1.2935e+00, 5.9621e-03, 
 2DIAGNOSTIC,    84, -6.603647971236e-01, 2.174481956949e-06, 1.3124e+00, 1.8832e-02, 
DIAGNOSTIC,Iteration,metricValue,convergenceValue,ITERATION_TIME_INDEX,SINCE_LAST
 2DIAGNOSTIC,     1, -5.279735114830e-01, 1.797693134862e+308, 2.1661e+00, 8.5369e-01, 
 2DIAGNOSTIC,     2, -5.286304532227e-01, 1.797693134862e+308, 2.2007e+00, 3.4636e-02, 
 2DIAGNOSTIC,     3, -5.292793915433e-01, 1.797693134862e+308, 2.2411e+00, 4.0366e-02, 
 2DIAGNOSTIC,     4, -5.297106806387e-01, 1.797693134862e+308, 2.2741e+00, 3.3057e-02, 
 2DIAGNOSTIC,     5, -5.299896648415e-01, 1.797693134862e+308, 2.3104e+00, 3.6314e-02, 
 2DIAGNOSTIC,     6, -5.302535960774e-01, 1.797693134862e+308, 2.3485e+00, 3.8052e-02, 
 2DIAGNOSTIC,     7, -5.304861809671e-01, 1.797693134862e+308, 2.3822e+00, 3.3730e-02, 
 2DIAGNOSTIC,     8, -5.306349129346e-01, 1.797693134862e+308, 2.4182e+00, 3.6028e-02, 
 2DIAGNOSTIC,     9, -5.310617939608e-01, 1.797693134862e+308, 2.4662e+00, 4.7915e-02, 
 2DIAGNOSTIC,    10, -5.312858855703e-01, 3.675400205901e-04, 2.5011e+00, 3.4914e-02, 
 2DIAGNOSTIC,    11, -5.316312095152e-01, 2.973877621499e-04, 2.5342e+00, 3.3117e-02, 
 2DIAGNOSTIC,    12, -5.322631587172e-01, 2.694556670182e-04, 2.5975e+00, 6.3282e-02, 
 2DIAGNOSTIC,    13, -5.322919545608e-01, 2.488640413034e-04, 2.6315e+00, 3.4081e-02, 
 2DIAGNOSTIC,    14, -5.323734652516e-01, 2.285736965099e-04, 2.6668e+00, 3.5246e-02, 
 2DIAGNOSTIC,    15, -5.325054927063e-01, 2.049884211771e-04, 2.7070e+00, 4.0205e-02, 
 2DIAGNOSTIC,    16, -5.325833600789e-01, 1.768876497120e-04, 2.7424e+00, 3.5427e-02, 
 2DIAGNOSTIC,    17, -5.326801702655e-01, 1.461610651113e-04, 2.7869e+00, 4.4431e-02, 
 2DIAGNOSTIC,    18, -5.328471462734e-01, 1.147168352792e-04, 2.8216e+00, 3.4757e-02, 
 2DIAGNOSTIC,    19, -5.332129209558e-01, 9.855406835844e-05, 2.8549e+00, 3.3314e-02, 
 2DIAGNOSTIC,    20, -5.337325018007e-01, 9.459301319662e-05, 2.9036e+00, 4.8696e-02, 
 2DIAGNOSTIC,    21, -5.338735853733e-01, 9.406514441708e-05, 2.9380e+00, 3.4381e-02, 
 2DIAGNOSTIC,    22, -5.339343027306e-01, 1.019746798583e-04, 2.9782e+00, 4.0204e-02, 
 2DIAGNOSTIC,    23, -5.339270101636e-01, 1.003922629914e-04, 3.0186e+00, 4.0381e-02, 
 2DIAGNOSTIC,    24, -5.339266317844e-01, 9.131928202129e-05, 3.0548e+00, 3.6187e-02, 
 2DIAGNOSTIC,    25, -5.339156034252e-01, 7.693986734077e-05, 3.0871e+00, 3.2349e-02, 
 2DIAGNOSTIC,    26, -5.339302990860e-01, 5.847498560924e-05, 3.1210e+00, 3.3839e-02, 
 2DIAGNOSTIC,    27, -5.339336154637e-01, 3.809170441455e-05, 3.1549e+00, 3.3897e-02, 
 2DIAGNOSTIC,    28, -5.339498711771e-01, 1.914392348210e-05, 3.1863e+00, 3.1460e-02, 
 2DIAGNOSTIC,    29, -5.339887141292e-01, 7.032785700606e-06, 3.2222e+00, 3.5854e-02, 
 2DIAGNOSTIC,    30, -5.340153849396e-01, 4.821422849410e-06, 3.2599e+00, 3.7699e-02, 
 2DIAGNOSTIC,    31, -5.340425812026e-01, 5.260440183799e-06, 3.3027e+00, 4.2877e-02, 
 2DIAGNOSTIC,    32, -5.340548339876e-01, 6.489105941192e-06, 3.3455e+00, 4.2716e-02, 
 2DIAGNOSTIC,    33, -5.340684315426e-01, 7.225770058954e-06, 3.3779e+00, 3.2388e-02, 
 2DIAGNOSTIC,    34, -5.340966089125e-01, 7.760224850818e-06, 3.4100e+00, 3.2146e-02, 
 2DIAGNOSTIC,    35, -5.341561999729e-01, 8.337312059441e-06, 3.4611e+00, 5.1110e-02, 
 2DIAGNOSTIC,    36, -5.341593651600e-01, 8.425916978375e-06, 3.4968e+00, 3.5659e-02, 
 2DIAGNOSTIC,    37, -5.341378331527e-01, 7.546281773546e-06, 3.5305e+00, 3.3754e-02, 
 2DIAGNOSTIC,    38, -5.341180771128e-01, 6.039968341903e-06, 3.5644e+00, 3.3831e-02, 
 2DIAGNOSTIC,    39, -5.341096643219e-01, 4.523259205507e-06, 3.5978e+00, 3.3460e-02, 
 2DIAGNOSTIC,    40, -5.341277007038e-01, 3.300505222802e-06, 3.6298e+00, 3.2024e-02, 
 2DIAGNOSTIC,    41, -5.344136998526e-01, 5.962940275866e-06, 3.6727e+00, 4.2868e-02, 
 2DIAGNOSTIC,    42, -5.346425113108e-01, 1.097923103717e-05, 3.7036e+00, 3.0884e-02, 
 2DIAGNOSTIC,    43, -5.349130971502e-01, 1.828050988775e-05, 3.7337e+00, 3.0128e-02, 
 2DIAGNOSTIC,    44, -5.351253056657e-01, 2.645939474709e-05, 3.7676e+00, 3.3852e-02, 
 2DIAGNOSTIC,    45, -5.356573001281e-01, 3.880949411060e-05, 3.8141e+00, 4.6564e-02, 
 2DIAGNOSTIC,    46, -5.359336263172e-01, 5.005449758908e-05, 3.8485e+00, 3.4401e-02, 
 2DIAGNOSTIC,    47, -5.359194738888e-01, 5.565211164816e-05, 3.8862e+00, 3.7630e-02, 
 2DIAGNOSTIC,    48, -5.359212137831e-01, 5.567623000005e-05, 3.9161e+00, 2.9893e-02, 
 2DIAGNOSTIC,    49, -5.359202306839e-01, 5.037398377326e-05, 3.9483e+00, 3.2206e-02, 
 2DIAGNOSTIC,    50, -5.359379865171e-01, 4.077252063164e-05, 3.9797e+00, 3.1433e-02, 
 2DIAGNOSTIC,    51, -5.359809906430e-01, 3.106685598869e-05, 4.0119e+00, 3.2204e-02, 
 2DIAGNOSTIC,    52, -5.360877970236e-01, 2.227258449251e-05, 4.0443e+00, 3.2438e-02, 
 2DIAGNOSTIC,    53, -5.364186119767e-01, 1.780601165841e-05, 4.0888e+00, 4.4440e-02, 
 2DIAGNOSTIC,    54, -5.364391023387e-01, 1.395614678257e-05, 4.1211e+00, 3.2279e-02, 
 2DIAGNOSTIC,    55, -5.364527871485e-01, 1.421653234823e-05, 4.1539e+00, 3.2881e-02, 
 2DIAGNOSTIC,    56, -5.365170280099e-01, 1.643978653173e-05, 4.1916e+00, 3.7620e-02, 
 2DIAGNOSTIC,    57, -5.365947541211e-01, 1.761341114392e-05, 4.2298e+00, 3.8281e-02, 
 2DIAGNOSTIC,    58, -5.367538825859e-01, 1.852608490133e-05, 4.2722e+00, 4.2348e-02, 
 2DIAGNOSTIC,    59, -5.367587526902e-01, 1.769232748792e-05, 4.3161e+00, 4.3915e-02, 
 2DIAGNOSTIC,    60, -5.367386931404e-01, 1.528716642529e-05, 4.3751e+00, 5.8972e-02, 
 2DIAGNOSTIC,    61, -5.367449190932e-01, 1.199830121523e-05, 4.4124e+00, 3.7350e-02, 
 2DIAGNOSTIC,    62, -5.367564254635e-01, 8.629065291720e-06, 4.4465e+00, 3.4037e-02, 
 2DIAGNOSTIC,    63, -5.367629823448e-01, 7.412216927623e-06, 4.4883e+00, 4.1876e-02, 
 2DIAGNOSTIC,    64, -5.367673740036e-01, 5.784901196806e-06, 4.5286e+00, 4.0304e-02, 
 2DIAGNOSTIC,    65, -5.367566706315e-01, 3.740776572156e-06, 4.5650e+00, 3.6369e-02, 
 2DIAGNOSTIC,    66, -5.367530357805e-01, 1.935982520272e-06, 4.6006e+00, 3.5544e-02, 
DIAGNOSTIC,Iteration,metricValue,convergenceValue,ITERATION_TIME_INDEX,SINCE_LAST
 2DIAGNOSTIC,     1, -4.758388388098e-01, 1.797693134862e+308, 5.8196e+00, 1.2190e+00, 
 2DIAGNOSTIC,     2, -4.761003514358e-01, 1.797693134862e+308, 6.0932e+00, 2.7356e-01, 
 2DIAGNOSTIC,     3, -4.763628442129e-01, 1.797693134862e+308, 6.3744e+00, 2.8129e-01, 
 2DIAGNOSTIC,     4, -4.765866457424e-01, 1.797693134862e+308, 6.6378e+00, 2.6331e-01, 
 2DIAGNOSTIC,     5, -4.767158721640e-01, 1.797693134862e+308, 6.9902e+00, 3.5240e-01, 
 2DIAGNOSTIC,     6, -4.767556691169e-01, 1.797693134862e+308, 7.2408e+00, 2.5069e-01, 
 2DIAGNOSTIC,     7, -4.768141982813e-01, 1.797693134862e+308, 7.5140e+00, 2.7320e-01, 
 2DIAGNOSTIC,     8, -4.769454031557e-01, 1.797693134862e+308, 7.8255e+00, 3.1150e-01, 
 2DIAGNOSTIC,     9, -4.771977170051e-01, 1.797693134862e+308, 8.2008e+00, 3.7526e-01, 
 2DIAGNOSTIC,    10, -4.772072386035e-01, 1.730493565246e-04, 8.4599e+00, 2.5909e-01, 
 2DIAGNOSTIC,    11, -4.775693199078e-01, 1.520678983157e-04, 8.7415e+00, 2.8160e-01, 
 2DIAGNOSTIC,    12, -4.776827081371e-01, 1.393142537612e-04, 9.0409e+00, 2.9939e-01, 
 2DIAGNOSTIC,    13, -4.777008981354e-01, 1.287661118158e-04, 9.4843e+00, 4.4346e-01, 
 2DIAGNOSTIC,    14, -4.777026190025e-01, 1.178416632878e-04, 9.8031e+00, 3.1879e-01, 
 2DIAGNOSTIC,    15, -4.777024532680e-01, 1.030028059554e-04, 1.0095e+01, 2.9187e-01, 
 2DIAGNOSTIC,    16, -4.777025334920e-01, 8.217338214185e-05, 1.0408e+01, 3.1306e-01, 
 2DIAGNOSTIC,    17, -4.777014768308e-01, 5.829451851800e-05, 1.0676e+01, 2.6806e-01, 
 2DIAGNOSTIC,    18, -4.777031928460e-01, 3.619540435129e-05, 1.0983e+01, 3.0691e-01, 
 2DIAGNOSTIC,    19, -4.777058997287e-01, 2.141158783590e-05, 1.1297e+01, 3.1369e-01, 
 2DIAGNOSTIC,    20, -4.777070197305e-01, 6.328900405986e-06, 1.1601e+01, 3.0468e-01, 
 2DIAGNOSTIC,    21, -4.777069860130e-01, 2.426755783928e-06, 1.1865e+01, 2.6347e-01, 
 2DIAGNOSTIC,    22, -4.777103259431e-01, 1.942878730989e-06, 1.2100e+01, 2.3561e-01, 
 2DIAGNOSTIC,    23, -4.777241954234e-01, 2.280628662699e-06, 1.2342e+01, 2.4159e-01, 
 2DIAGNOSTIC,    24, -4.777381867216e-01, 2.885499938064e-06, 1.2630e+01, 2.8757e-01, 
 2DIAGNOSTIC,    25, -4.777542005293e-01, 3.668396093191e-06, 1.2894e+01, 2.6474e-01, 
 2DIAGNOSTIC,    26, -4.777608297861e-01, 4.319792500568e-06, 1.3136e+01, 2.4133e-01, 
 2DIAGNOSTIC,    27, -4.777947568365e-01, 5.358954415606e-06, 1.3395e+01, 2.5938e-01, 
 2DIAGNOSTIC,    28, -4.778366793738e-01, 6.836376054913e-06, 1.3648e+01, 2.5321e-01, 
 2DIAGNOSTIC,    29, -4.780792630049e-01, 1.268839175220e-05, 1.4031e+01, 3.8305e-01, 
 2DIAGNOSTIC,    30, -4.781190192970e-01, 1.774669216332e-05, 1.4280e+01, 2.4859e-01, 
 2DIAGNOSTIC,    31, -4.782061672067e-01, 2.261894955559e-05, 1.4532e+01, 2.5183e-01, 
 2DIAGNOSTIC,    32, -4.783125689083e-01, 2.720419450961e-05, 1.4828e+01, 2.9605e-01, 
 2DIAGNOSTIC,    33, -4.783987076771e-01, 3.077135632480e-05, 1.5155e+01, 3.2705e-01, 
 2DIAGNOSTIC,    34, -4.784206176885e-01, 3.185740215821e-05, 1.5392e+01, 2.3687e-01, 
 2DIAGNOSTIC,    35, -4.785335727030e-01, 3.215552722903e-05, 1.5672e+01, 2.8042e-01, 
 2DIAGNOSTIC,    36, -4.785917725401e-01, 3.053593390436e-05, 1.5897e+01, 2.2500e-01, 
 2DIAGNOSTIC,    37, -4.786272220136e-01, 2.729774168382e-05, 1.6158e+01, 2.6127e-01, 
 2DIAGNOSTIC,    38, -4.786714174432e-01, 2.297559193079e-05, 1.6476e+01, 3.1758e-01, 
 2DIAGNOSTIC,    39, -4.786882001912e-01, 2.073279884257e-05, 1.6729e+01, 2.5274e-01, 
 2DIAGNOSTIC,    40, -4.787375517162e-01, 1.800790129146e-05, 1.7020e+01, 2.9149e-01, 
 2DIAGNOSTIC,    41, -4.789054908295e-01, 1.742178231388e-05, 1.7456e+01, 4.3589e-01, 
 2DIAGNOSTIC,    42, -4.789095724170e-01, 1.676459740306e-05, 1.7754e+01, 2.9762e-01, 
 2DIAGNOSTIC,    43, -4.789076191617e-01, 1.582139114771e-05, 1.7980e+01, 2.2580e-01, 
 2DIAGNOSTIC,    44, -4.789026889134e-01, 1.371262579259e-05, 1.8269e+01, 2.8904e-01, 
 2DIAGNOSTIC,    45, -4.789003747486e-01, 1.189350138854e-05, 1.8580e+01, 3.1126e-01, 
 2DIAGNOSTIC,    46, -4.788986374272e-01, 9.771240391476e-06, 1.8824e+01, 2.4405e-01, 
 2DIAGNOSTIC,    47, -4.788954569984e-01, 7.265986240169e-06, 1.9212e+01, 3.8827e-01, 
 2DIAGNOSTIC,    48, -4.788947621942e-01, 4.809603435699e-06, 1.9568e+01, 3.5601e-01, 
 2DIAGNOSTIC,    49, -4.788940815747e-01, 2.260767216239e-06, 1.9916e+01, 3.4739e-01, 
DIAGNOSTIC,Iteration,metricValue,convergenceValue,ITERATION_TIME_INDEX,SINCE_LAST
 2DIAGNOSTIC,     1, -4.453278704004e-01, 1.797693134862e+308, 2.2549e+01, 2.6338e+00, 
 2DIAGNOSTIC,     2, -4.453510096590e-01, 1.797693134862e+308, 2.4173e+01, 1.6234e+00, 
 2DIAGNOSTIC,     3, -4.453576595470e-01, 1.797693134862e+308, 2.5899e+01, 1.7263e+00, 
 2DIAGNOSTIC,     4, -4.453593696080e-01, 1.797693134862e+308, 2.8514e+01, 2.6154e+00, 
 2DIAGNOSTIC,     5, -4.453594173322e-01, 1.797693134862e+308, 3.0250e+01, 1.7354e+00, 
 2DIAGNOSTIC,     6, -4.453593762722e-01, 1.797693134862e+308, 3.1915e+01, 1.6652e+00, 
 2DIAGNOSTIC,     7, -4.453592365297e-01, 1.797693134862e+308, 3.3639e+01, 1.7241e+00, 
 2DIAGNOSTIC,     8, -4.453594028209e-01, 1.797693134862e+308, 3.5783e+01, 2.1437e+00, 
 2DIAGNOSTIC,     9, -4.453594536686e-01, 1.797693134862e+308, 3.7560e+01, 1.7768e+00, 
 2DIAGNOSTIC,    10, -4.453594032825e-01, 5.737781425222e-06, 3.9251e+01, 1.6916e+00, 
 2DIAGNOSTIC,    11, -4.453592651244e-01, 3.460835448568e-06, 4.0823e+01, 1.5717e+00, 
 2DIAGNOSTIC,    12, -4.453590653182e-01, 2.723612145192e-06, 4.2537e+01, 1.7141e+00, 
 2DIAGNOSTIC,    13, -4.453591122212e-01, 2.419606080190e-06, 4.4345e+01, 1.8083e+00, 
 2DIAGNOSTIC,    14, -4.453589619617e-01, 2.232091633206e-06, 4.5910e+01, 1.5645e+00, 
 2DIAGNOSTIC,    15, -4.453589169953e-01, 2.073566151700e-06, 4.7725e+01, 1.8153e+00, 
 2DIAGNOSTIC,    16, -4.453589780258e-01, 1.940385710456e-06, 4.9432e+01, 1.7068e+00, 
 2DIAGNOSTIC,    17, -4.453590386801e-01, 1.824074783927e-06, 5.0917e+01, 1.4848e+00, 
 2DIAGNOSTIC,    18, -4.453589654365e-01, 1.728142202541e-06, 5.2580e+01, 1.6629e+00, 
 2DIAGNOSTIC,    19, -4.453590567429e-01, 1.650800370713e-06, 5.4153e+01, 1.5734e+00, 
 2DIAGNOSTIC,    20, -4.453590361612e-01, 1.581132969677e-06, 5.5731e+01, 1.5777e+00, 
 2DIAGNOSTIC,    21, -4.453589916609e-01, 1.513521572391e-06, 5.7308e+01, 1.5771e+00, 
 2DIAGNOSTIC,    22, -4.453589419408e-01, 1.444866397568e-06, 5.9033e+01, 1.7247e+00, 
 2DIAGNOSTIC,    23, -4.453588993904e-01, 1.382565643457e-06, 6.0727e+01, 1.6941e+00, 
 2DIAGNOSTIC,    24, -4.453588514223e-01, 1.320276497983e-06, 6.2399e+01, 1.6720e+00, 
 2DIAGNOSTIC,    25, -4.453588040797e-01, 1.261046129922e-06, 6.4010e+01, 1.6111e+00, 
 2DIAGNOSTIC,    26, -4.453587745612e-01, 1.208212515209e-06, 6.5638e+01, 1.6280e+00, 
 2DIAGNOSTIC,    27, -4.453586500251e-01, 1.159302457303e-06, 6.7017e+01, 1.3797e+00, 
 2DIAGNOSTIC,    28, -4.453588234945e-01, 1.117946005769e-06, 6.8667e+01, 1.6491e+00, 
 2DIAGNOSTIC,    29, -4.453589449988e-01, 1.085692287531e-06, 7.0444e+01, 1.7775e+00, 
 2DIAGNOSTIC,    30, -4.453587303771e-01, 1.051595378068e-06, 7.2194e+01, 1.7502e+00, 
 2DIAGNOSTIC,    31, -4.453586242570e-01, 1.017665792247e-06, 7.3957e+01, 1.7624e+00, 
  Elapsed time (stage 0): 7.4931e+01


Total elapsed time: 7.4938e+01
Info [verificarlo]: loaded backend libinterflop_ieee.so
Info [interflop-ieee]: load backend with:
Info [interflop-ieee]: debug = false
Info [interflop-ieee]: debug-binary = false
Info [interflop-ieee]: no-backend-name = false
Info [interflop-ieee]: print-new-line = false
Info [interflop-ieee]: print-subnormal-normalized = false
Info [interflop-ieee]: count-op = false
All_Command_lines_OK
Using double precision for computations.
=============================================================================
The composite transform comprises the following transforms (in order): 
  1. /home/mdugre/scratch/mri-registration-rp/datasets/ds004513/derivatives/mri-registration-rp/0001/antsRegistration-r7-p22/sub-s003/rigid_Composite.h5[0] (type = Euler3DTransform)
  2. /home/mdugre/scratch/mri-registration-rp/datasets/ds004513/derivatives/mri-registration-rp/0001/antsRegistration-r7-p22/sub-s003/rigid_Composite.h5[1] (type = Euler3DTransform)
  3. /home/mdugre/scratch/mri-registration-rp/datasets/ds004513/derivatives/mri-registration-rp/0001/antsRegistration-r7-p22/sub-s003/rigid_Composite.h5[2] (type = Euler3DTransform)
=============================================================================
  number of levels = 4
  fixed image: /templateflow/tpl-MNI152NLin2009cAsym/tpl-MNI152NLin2009cAsym_res-01_desc-brain_T1w.nii.gz
  moving image: /home/mdugre/scratch/mri-registration-rp/datasets/ds004513/derivatives/mri-registration-rp/antsBrainExtraction/sub-s003/BrainExtractionBrain.nii.gz
Dimension = 3
Number of stages = 1
Use histogram matching = false
Winsorize image intensities = true
  Lower quantile = 0.005
  Upper quantile = 0.995


Stage 1 State
   Image metric = MattesMI
     Fixed image = Image (0x46a77e0)
  RTTI typeinfo:   itk::Image<double, 3u>
  Reference Count: 2
  Modified Time: 1594
  Debug: Off
  Object Name: 
  Observers: 
    none
  Source: (none)
  Source output name: (none)
  Release Data: Off
  Data Released: False
  Global Release Data: Off
  PipelineMTime: 0
  UpdateMTime: 1203
  RealTimeStamp: 0 seconds 
  LargestPossibleRegion: 
    Dimension: 3
    Index: [0, 0, 0]
    Size: [193, 229, 193]
  BufferedRegion: 
    Dimension: 3
    Index: [0, 0, 0]
    Size: [193, 229, 193]
  RequestedRegion: 
    Dimension: 3
    Index: [0, 0, 0]
    Size: [193, 229, 193]
  Spacing: [1, 1, 1]
  Origin: [96, 132, -78]
  Direction: 
-1 0 0
0 -1 0
0 0 1

  IndexToPointMatrix: 
-1 0 0
0 -1 0
0 0 1

  PointToIndexMatrix: 
-1 0 0
0 -1 0
0 0 1

  Inverse Direction: 
-1 0 0
0 -1 0
0 0 1

  PixelContainer: 
    ImportImageContainer (0x4767a20)
      RTTI typeinfo:   itk::ImportImageContainer<unsigned long, double>
      Reference Count: 1
      Modified Time: 1200
      Debug: Off
      Object Name: 
      Observers: 
        none
      Pointer: 0x14a54c3b3010
      Container manages memory: true
      Size: 8530021
      Capacity: 8530021

     Moving image = Image (0x4762d70)
  RTTI typeinfo:   itk::Image<double, 3u>
  Reference Count: 2
  Modified Time: 1595
  Debug: Off
  Object Name: 
  Observers: 
    none
  Source: (none)
  Source output name: (none)
  Release Data: Off
  Data Released: False
  Global Release Data: Off
  PipelineMTime: 0
  UpdateMTime: 1592
  RealTimeStamp: 0 seconds 
  LargestPossibleRegion: 
    Dimension: 3
    Index: [0, 0, 0]
    Size: [176, 240, 256]
  BufferedRegion: 
    Dimension: 3
    Index: [0, 0, 0]
    Size: [176, 240, 256]
  RequestedRegion: 
    Dimension: 3
    Index: [0, 0, 0]
    Size: [176, 240, 256]
  Spacing: [0.999999, 1, 1]
  Origin: [93.3499, 86.9368, -128.957]
  Direction: 
-0.999513 -0.0279216 -0.0139567
0.0279189 -0.99961 0.000389866
-0.0139622 2.01492e-08 0.999903

  IndexToPointMatrix: 
-0.999512 -0.0279216 -0.0139567
0.0279189 -0.99961 0.000389866
-0.0139621 2.01492e-08 0.999903

  PointToIndexMatrix: 
-0.999514 0.0279189 -0.0139622
-0.0279216 -0.99961 2.01716e-08
-0.0139567 0.000389866 0.999903

  Inverse Direction: 
-0.999513 0.0279189 -0.0139622
-0.0279216 -0.99961 2.01716e-08
-0.0139567 0.000389866 0.999903

  PixelContainer: 
    ImportImageContainer (0x471ac90)
      RTTI typeinfo:   itk::ImportImageContainer<unsigned long, double>
      Reference Count: 1
      Modified Time: 1589
      Debug: Off
      Object Name: 
      Observers: 
        none
      Pointer: 0x14a547132010
      Container manages memory: true
      Size: 10813440
      Capacity: 10813440

     Weighting = 1
     Sampling strategy = regular
     Number of bins = 32
     Radius = 4
     Sampling percentage  = 0.25
   Transform = Affine
     Gradient step = 0.1
     Update field sigma (voxel space) = 0
     Total field sigma (voxel space) = 0
     Update field time sigma = 0
     Total field time sigma  = 0
     Number of time indices = 0
     Number of time point samples = 0
Registration using 1 total stages.

Stage 0
  iterations = 1000x500x250x100
  convergence threshold = 1e-06
  convergence window size = 10
  number of levels = 4
  using the Mattes MI metric (number of bins = 32, weight = 1, use gradient filter = 0)
  preprocessing:  winsorizing the image intensities
  Shrink factors (level 1 out of 4): [8, 8, 8]
  Shrink factors (level 2 out of 4): [4, 4, 4]
  Shrink factors (level 3 out of 4): [2, 2, 2]
  Shrink factors (level 4 out of 4): [1, 1, 1]
  smoothing sigmas per level: [3, 2, 1, 0]
  regular sampling (percentage = 0.25)

*** Running AffineTransform registration ***

DIAGNOSTIC,Iteration,metricValue,convergenceValue,ITERATION_TIME_INDEX,SINCE_LAST
 2DIAGNOSTIC,     1, -6.596083651288e-01, 1.797693134862e+308, 7.9720e-01, 7.9720e-01, 
 2DIAGNOSTIC,     2, -6.622966591675e-01, 1.797693134862e+308, 8.0302e-01, 5.8200e-03, 
 2DIAGNOSTIC,     3, -6.665402875928e-01, 1.797693134862e+308, 8.0923e-01, 6.2070e-03, 
 2DIAGNOSTIC,     4, -6.724232758967e-01, 1.797693134862e+308, 8.1582e-01, 6.5880e-03, 
 2DIAGNOSTIC,     5, -6.805969029062e-01, 1.797693134862e+308, 8.2123e-01, 5.4090e-03, 
 2DIAGNOSTIC,     6, -6.917850059211e-01, 1.797693134862e+308, 8.2773e-01, 6.4971e-03, 
 2DIAGNOSTIC,     7, -7.154885660517e-01, 1.797693134862e+308, 8.3737e-01, 9.6469e-03, 
 2DIAGNOSTIC,     8, -7.211489167837e-01, 1.797693134862e+308, 8.4390e-01, 6.5269e-03, 
 2DIAGNOSTIC,     9, -7.210085865934e-01, 1.797693134862e+308, 8.5012e-01, 6.2232e-03, 
 2DIAGNOSTIC,    10, -7.213129636406e-01, 7.128388878729e-03, 8.5665e-01, 6.5310e-03, 
 2DIAGNOSTIC,    11, -7.216224150448e-01, 6.113770529106e-03, 8.6404e-01, 7.3891e-03, 
 2DIAGNOSTIC,    12, -7.215165143773e-01, 4.803006283260e-03, 8.7129e-01, 7.2520e-03, 
 2DIAGNOSTIC,    13, -7.213428656906e-01, 3.394034008968e-03, 8.7841e-01, 7.1130e-03, 
 2DIAGNOSTIC,    14, -7.210102402725e-01, 2.054272797226e-03, 8.8787e-01, 9.4619e-03, 
 2DIAGNOSTIC,    15, -7.210558776694e-01, 9.348501624017e-04, 8.9465e-01, 6.7770e-03, 
 2DIAGNOSTIC,    16, -7.208861060013e-01, 1.364105098710e-04, 9.0124e-01, 6.5951e-03, 
DIAGNOSTIC,Iteration,metricValue,convergenceValue,ITERATION_TIME_INDEX,SINCE_LAST
 2DIAGNOSTIC,     1, -5.940971374738e-01, 1.797693134862e+308, 1.6832e+00, 7.8201e-01, 
 2DIAGNOSTIC,     2, -5.944061539809e-01, 1.797693134862e+308, 1.7254e+00, 4.2176e-02, 
 2DIAGNOSTIC,     3, -5.946686644703e-01, 1.797693134862e+308, 1.7818e+00, 5.6416e-02, 
 2DIAGNOSTIC,     4, -5.947116164047e-01, 1.797693134862e+308, 1.8244e+00, 4.2576e-02, 
 2DIAGNOSTIC,     5, -5.946988439799e-01, 1.797693134862e+308, 1.8669e+00, 4.2494e-02, 
 2DIAGNOSTIC,     6, -5.946528967849e-01, 1.797693134862e+308, 1.9091e+00, 4.2232e-02, 
 2DIAGNOSTIC,     7, -5.946643488927e-01, 1.797693134862e+308, 1.9514e+00, 4.2212e-02, 
 2DIAGNOSTIC,     8, -5.946929888191e-01, 1.797693134862e+308, 2.0004e+00, 4.9032e-02, 
 2DIAGNOSTIC,     9, -5.946404692065e-01, 1.797693134862e+308, 2.0514e+00, 5.1061e-02, 
 2DIAGNOSTIC,    10, -5.946689916846e-01, 3.969816736918e-05, 2.1020e+00, 5.0579e-02, 
 2DIAGNOSTIC,    11, -5.946694296793e-01, 1.213708580586e-05, 2.1468e+00, 4.4790e-02, 
DIAGNOSTIC,Iteration,metricValue,convergenceValue,ITERATION_TIME_INDEX,SINCE_LAST
 2DIAGNOSTIC,     1, -5.230058243062e-01, 1.797693134862e+308, 3.3424e+00, 1.1955e+00, 
 2DIAGNOSTIC,     2, -5.232975588791e-01, 1.797693134862e+308, 3.6551e+00, 3.1277e-01, 
 2DIAGNOSTIC,     3, -5.236269079212e-01, 1.797693134862e+308, 4.0256e+00, 3.7051e-01, 
