
##########################
# Experiment information #
##########################

EXPERIMENT_NAME: antsRegistration-r8-p21
VFC_BACKENDS: libinterflop_vprec.so --range-binary32=8 --precision-binary32=21 --range-binary64=8 --precision-binary64=21

SIF_IMG: /home/mdugre/projects/rrg-glatard/mdugre/containers/ants-vprec-no_metrics.simg

SUBJECT_ID: s032
INPUT_IMG: /home/mdugre/scratch/mri-registration-rp/datasets/ds004513/derivatives/mri-registration-rp/antsBrainExtraction/sub-s032/BrainExtractionBrain.nii.gz
OUTPUT_DIR: /home/mdugre/scratch/mri-registration-rp/datasets/ds004513/derivatives/mri-registration-rp/0001/antsRegistration-r8-p21/sub-s032

FIXED_IMG: /templateflow/tpl-MNI152NLin2009cAsym/tpl-MNI152NLin2009cAsym_res-01_desc-brain_T1w.nii.gz
DATA_DIR: /home/mdugre/scratch/mri-registration-rp/datasets/ds004513
TEMPLATEFLOW_DIR: /home/mdugre/projects/rrg-glatard/mdugre/templateflow
ITK_GLOBAL_DEFAULT_NUMBER_OF_THREADS: 16
##########################

Info [verificarlo]: loaded backend libinterflop_ieee.so
Info [interflop-ieee]: load backend with:
Info [interflop-ieee]: debug = false
Info [interflop-ieee]: debug-binary = false
Info [interflop-ieee]: no-backend-name = false
Info [interflop-ieee]: print-new-line = false
Info [interflop-ieee]: print-subnormal-normalized = false
Info [interflop-ieee]: count-op = false
All_Command_lines_OK
Using double precision for computations.
=============================================================================
The composite transform comprises the following transforms (in order): 
  1. Center of mass alignment using fixed image: /templateflow/tpl-MNI152NLin2009cAsym/tpl-MNI152NLin2009cAsym_res-01_desc-brain_T1w.nii.gz and moving image: /home/mdugre/scratch/mri-registration-rp/datasets/ds004513/derivatives/mri-registration-rp/antsBrainExtraction/sub-s032/BrainExtractionBrain.nii.gz (type = Euler3DTransform)
=============================================================================
  number of levels = 1
  fixed image: /templateflow/tpl-MNI152NLin2009cAsym/tpl-MNI152NLin2009cAsym_res-01_desc-brain_T1w.nii.gz
  moving image: /home/mdugre/scratch/mri-registration-rp/datasets/ds004513/derivatives/mri-registration-rp/antsBrainExtraction/sub-s032/BrainExtractionBrain.nii.gz
Dimension = 3
Number of stages = 1
Use histogram matching = false
Winsorize image intensities = true
  Lower quantile = 0.005
  Upper quantile = 0.995


Stage 1 State
   Image metric = MattesMI
     Fixed image = Image (0x4e3fe70)
  RTTI typeinfo:   itk::Image<double, 3u>
  Reference Count: 2
  Modified Time: 2330
  Debug: Off
  Object Name: 
  Observers: 
    none
  Source: (none)
  Source output name: (none)
  Release Data: Off
  Data Released: False
  Global Release Data: Off
  PipelineMTime: 0
  UpdateMTime: 1941
  RealTimeStamp: 0 seconds 
  LargestPossibleRegion: 
    Dimension: 3
    Index: [0, 0, 0]
    Size: [193, 229, 193]
  BufferedRegion: 
    Dimension: 3
    Index: [0, 0, 0]
    Size: [193, 229, 193]
  RequestedRegion: 
    Dimension: 3
    Index: [0, 0, 0]
    Size: [193, 229, 193]
  Spacing: [1, 1, 1]
  Origin: [96, 132, -78]
  Direction: 
-1 0 0
0 -1 0
0 0 1

  IndexToPointMatrix: 
-1 0 0
0 -1 0
0 0 1

  PointToIndexMatrix: 
-1 0 0
0 -1 0
0 0 1

  Inverse Direction: 
-1 0 0
0 -1 0
0 0 1

  PixelContainer: 
    ImportImageContainer (0x4e48c60)
      RTTI typeinfo:   itk::ImportImageContainer<unsigned long, double>
      Reference Count: 1
      Modified Time: 1938
      Debug: Off
      Object Name: 
      Observers: 
        none
      Pointer: 0x14f934b2e010
      Container manages memory: true
      Size: 8530021
      Capacity: 8530021

     Moving image = Image (0x4edcec0)
  RTTI typeinfo:   itk::Image<double, 3u>
  Reference Count: 2
  Modified Time: 2331
  Debug: Off
  Object Name: 
  Observers: 
    none
  Source: (none)
  Source output name: (none)
  Release Data: Off
  Data Released: False
  Global Release Data: Off
  PipelineMTime: 0
  UpdateMTime: 2328
  RealTimeStamp: 0 seconds 
  LargestPossibleRegion: 
    Dimension: 3
    Index: [0, 0, 0]
    Size: [160, 240, 256]
  BufferedRegion: 
    Dimension: 3
    Index: [0, 0, 0]
    Size: [160, 240, 256]
  RequestedRegion: 
    Dimension: 3
    Index: [0, 0, 0]
    Size: [160, 240, 256]
  Spacing: [1, 1, 1]
  Origin: [73.279, 104.707, -131.187]
  Direction: 
-0.997527 0.0645574 -0.0278053
-0.0645323 -0.997914 -0.00179875
-0.0278634 4.01097e-08 0.999612

  IndexToPointMatrix: 
-0.997527 0.0645574 -0.0278053
-0.0645323 -0.997914 -0.00179875
-0.0278634 4.01097e-08 0.999612

  PointToIndexMatrix: 
-0.997527 -0.0645323 -0.0278634
0.0645574 -0.997914 4.01049e-08
-0.0278053 -0.00179875 0.999612

  Inverse Direction: 
-0.997527 -0.0645323 -0.0278634
0.0645574 -0.997914 4.01049e-08
-0.0278053 -0.00179875 0.999612

  PixelContainer: 
    ImportImageContainer (0x4f74610)
      RTTI typeinfo:   itk::ImportImageContainer<unsigned long, double>
      Reference Count: 1
      Modified Time: 2325
      Debug: Off
      Object Name: 
      Observers: 
        none
      Pointer: 0x14f93002d010
      Container manages memory: true
      Size: 9830400
      Capacity: 9830400

     Weighting = 1
     Sampling strategy = regular
     Number of bins = 32
     Radius = 4
     Sampling percentage  = 0.25
   Transform = Rigid
     Gradient step = 0.1
     Update field sigma (voxel space) = 0
     Total field sigma (voxel space) = 0
     Update field time sigma = 0
     Total field time sigma  = 0
     Number of time indices = 0
     Number of time point samples = 0
Registration using 1 total stages.

Stage 0
  iterations = 0
  convergence threshold = 1e-06
  convergence window size = 10
  number of levels = 1
  using the Mattes MI metric (number of bins = 32, weight = 1, use gradient filter = 0)
  preprocessing:  winsorizing the image intensities
  Shrink factors (level 1 out of 1): [1, 1, 1]
  smoothing sigmas per level: [0]
  regular sampling (percentage = 0.25)

*** Running Euler3DTransform registration ***

  Elapsed time (stage 0): 1.11989


Total elapsed time: 1.12211
Info [verificarlo]: loaded backend libinterflop_ieee.so
Info [interflop-ieee]: load backend with:
Info [interflop-ieee]: debug = false
Info [interflop-ieee]: debug-binary = false
Info [interflop-ieee]: no-backend-name = false
Info [interflop-ieee]: print-new-line = false
Info [interflop-ieee]: print-subnormal-normalized = false
Info [interflop-ieee]: count-op = false
All_Command_lines_OK
Using double precision for computations.
=============================================================================
The composite transform comprises the following transforms (in order): 
  1. /home/mdugre/scratch/mri-registration-rp/datasets/ds004513/derivatives/mri-registration-rp/0001/antsRegistration-r8-p21/sub-s032/align_Composite.h5[0] (type = Euler3DTransform)
  2. /home/mdugre/scratch/mri-registration-rp/datasets/ds004513/derivatives/mri-registration-rp/0001/antsRegistration-r8-p21/sub-s032/align_Composite.h5[1] (type = Euler3DTransform)
=============================================================================
  number of levels = 4
  fixed image: /templateflow/tpl-MNI152NLin2009cAsym/tpl-MNI152NLin2009cAsym_res-01_desc-brain_T1w.nii.gz
  moving image: /home/mdugre/scratch/mri-registration-rp/datasets/ds004513/derivatives/mri-registration-rp/antsBrainExtraction/sub-s032/BrainExtractionBrain.nii.gz
Dimension = 3
Number of stages = 1
Use histogram matching = false
Winsorize image intensities = true
  Lower quantile = 0.005
  Upper quantile = 0.995


Stage 1 State
   Image metric = MattesMI
     Fixed image = Image (0x4f2b530)
  RTTI typeinfo:   itk::Image<double, 3u>
  Reference Count: 2
  Modified Time: 1578
  Debug: Off
  Object Name: 
  Observers: 
    none
  Source: (none)
  Source output name: (none)
  Release Data: Off
  Data Released: False
  Global Release Data: Off
  PipelineMTime: 0
  UpdateMTime: 1189
  RealTimeStamp: 0 seconds 
  LargestPossibleRegion: 
    Dimension: 3
    Index: [0, 0, 0]
    Size: [193, 229, 193]
  BufferedRegion: 
    Dimension: 3
    Index: [0, 0, 0]
    Size: [193, 229, 193]
  RequestedRegion: 
    Dimension: 3
    Index: [0, 0, 0]
    Size: [193, 229, 193]
  Spacing: [1, 1, 1]
  Origin: [96, 132, -78]
  Direction: 
-1 0 0
0 -1 0
0 0 1

  IndexToPointMatrix: 
-1 0 0
0 -1 0
0 0 1

  PointToIndexMatrix: 
-1 0 0
0 -1 0
0 0 1

  Inverse Direction: 
-1 0 0
0 -1 0
0 0 1

  PixelContainer: 
    ImportImageContainer (0x4fe9d60)
      RTTI typeinfo:   itk::ImportImageContainer<unsigned long, double>
      Reference Count: 1
      Modified Time: 1186
      Debug: Off
      Object Name: 
      Observers: 
        none
      Pointer: 0x14cff73e0010
      Container manages memory: true
      Size: 8530021
      Capacity: 8530021

     Moving image = Image (0x4fdbf60)
  RTTI typeinfo:   itk::Image<double, 3u>
  Reference Count: 2
  Modified Time: 1579
  Debug: Off
  Object Name: 
  Observers: 
    none
  Source: (none)
  Source output name: (none)
  Release Data: Off
  Data Released: False
  Global Release Data: Off
  PipelineMTime: 0
  UpdateMTime: 1576
  RealTimeStamp: 0 seconds 
  LargestPossibleRegion: 
    Dimension: 3
    Index: [0, 0, 0]
    Size: [160, 240, 256]
  BufferedRegion: 
    Dimension: 3
    Index: [0, 0, 0]
    Size: [160, 240, 256]
  RequestedRegion: 
    Dimension: 3
    Index: [0, 0, 0]
    Size: [160, 240, 256]
  Spacing: [1, 1, 1]
  Origin: [73.279, 104.707, -131.187]
  Direction: 
-0.997527 0.0645574 -0.0278053
-0.0645323 -0.997914 -0.00179875
-0.0278634 4.01097e-08 0.999612

  IndexToPointMatrix: 
-0.997527 0.0645574 -0.0278053
-0.0645323 -0.997914 -0.00179875
-0.0278634 4.01097e-08 0.999612

  PointToIndexMatrix: 
-0.997527 -0.0645323 -0.0278634
0.0645574 -0.997914 4.01049e-08
-0.0278053 -0.00179875 0.999612

  Inverse Direction: 
-0.997527 -0.0645323 -0.0278634
0.0645574 -0.997914 4.01049e-08
-0.0278053 -0.00179875 0.999612

  PixelContainer: 
    ImportImageContainer (0x4fcd6d0)
      RTTI typeinfo:   itk::ImportImageContainer<unsigned long, double>
      Reference Count: 1
      Modified Time: 1573
      Debug: Off
      Object Name: 
      Observers: 
        none
      Pointer: 0x14cff28df010
      Container manages memory: true
      Size: 9830400
      Capacity: 9830400

     Weighting = 1
     Sampling strategy = regular
     Number of bins = 32
     Radius = 4
     Sampling percentage  = 0.25
   Transform = Rigid
     Gradient step = 0.1
     Update field sigma (voxel space) = 0
     Total field sigma (voxel space) = 0
     Update field time sigma = 0
     Total field time sigma  = 0
     Number of time indices = 0
     Number of time point samples = 0
Registration using 1 total stages.

Stage 0
  iterations = 1000x500x250x100
  convergence threshold = 1e-06
  convergence window size = 10
  number of levels = 4
  using the Mattes MI metric (number of bins = 32, weight = 1, use gradient filter = 0)
  preprocessing:  winsorizing the image intensities
  Shrink factors (level 1 out of 4): [8, 8, 8]
  Shrink factors (level 2 out of 4): [4, 4, 4]
  Shrink factors (level 3 out of 4): [2, 2, 2]
  Shrink factors (level 4 out of 4): [1, 1, 1]
  smoothing sigmas per level: [3, 2, 1, 0]
  regular sampling (percentage = 0.25)

*** Running Euler3DTransform registration ***

DIAGNOSTIC,Iteration,metricValue,convergenceValue,ITERATION_TIME_INDEX,SINCE_LAST
 2DIAGNOSTIC,     1, -5.480496989617e-01, 1.797693134862e+308, 8.5219e-01, 8.5219e-01, 
 2DIAGNOSTIC,     2, -5.506811078454e-01, 1.797693134862e+308, 8.5714e-01, 4.9522e-03, 
 2DIAGNOSTIC,     3, -5.546514955662e-01, 1.797693134862e+308, 8.6161e-01, 4.4651e-03, 
 2DIAGNOSTIC,     4, -5.606863537750e-01, 1.797693134862e+308, 8.6641e-01, 4.7989e-03, 
 2DIAGNOSTIC,     5, -5.693661845193e-01, 1.797693134862e+308, 8.7102e-01, 4.6120e-03, 
 2DIAGNOSTIC,     6, -5.854078830086e-01, 1.797693134862e+308, 8.7644e-01, 5.4200e-03, 
 2DIAGNOSTIC,     7, -6.232769732918e-01, 1.797693134862e+308, 8.8111e-01, 4.6680e-03, 
 2DIAGNOSTIC,     8, -6.297683730473e-01, 1.797693134862e+308, 8.8623e-01, 5.1179e-03, 
 2DIAGNOSTIC,     9, -6.366738733405e-01, 1.797693134862e+308, 8.9468e-01, 8.4560e-03, 
 2DIAGNOSTIC,    10, -6.375630690827e-01, 1.201760866083e-02, 8.9958e-01, 4.9012e-03, 
 2DIAGNOSTIC,    11, -6.405337628679e-01, 1.087684809450e-02, 9.0466e-01, 5.0788e-03, 
 2DIAGNOSTIC,    12, -6.435528997438e-01, 9.167753354490e-03, 9.1004e-01, 5.3749e-03, 
 2DIAGNOSTIC,    13, -6.444720921444e-01, 7.089498731847e-03, 9.1469e-01, 4.6482e-03, 
 2DIAGNOSTIC,    14, -6.463616611293e-01, 4.967892496988e-03, 9.1999e-01, 5.3060e-03, 
 2DIAGNOSTIC,    15, -6.484646963404e-01, 3.033020789043e-03, 9.2818e-01, 8.1930e-03, 
 2DIAGNOSTIC,    16, -6.486009987994e-01, 1.520386367320e-03, 9.3290e-01, 4.7190e-03, 
 2DIAGNOSTIC,    17, -6.493699344760e-01, 1.108203205204e-03, 9.3767e-01, 4.7681e-03, 
 2DIAGNOSTIC,    18, -6.514578195065e-01, 8.586162135985e-04, 9.4254e-01, 4.8680e-03, 
 2DIAGNOSTIC,    19, -6.526592717406e-01, 7.533650369805e-04, 9.4737e-01, 4.8289e-03, 
 2DIAGNOSTIC,    20, -6.536191777189e-01, 6.303067369293e-04, 9.5198e-01, 4.6120e-03, 
 2DIAGNOSTIC,    21, -6.549162298979e-01, 5.534292205380e-04, 9.5656e-01, 4.5819e-03, 
 2DIAGNOSTIC,    22, -6.562385790832e-01, 5.226986103234e-04, 9.6230e-01, 5.7399e-03, 
 2DIAGNOSTIC,    23, -6.565000058113e-01, 4.680180012237e-04, 9.6775e-01, 5.4479e-03, 
 2DIAGNOSTIC,    24, -6.565387353854e-01, 4.101063704207e-04, 9.7313e-01, 5.3790e-03, 
 2DIAGNOSTIC,    25, -6.567702146894e-01, 3.618032093044e-04, 9.7847e-01, 5.3360e-03, 
 2DIAGNOSTIC,    26, -6.583507212369e-01, 3.132611037350e-04, 9.8329e-01, 4.8289e-03, 
 2DIAGNOSTIC,    27, -6.586527568469e-01, 2.554116018362e-04, 9.8792e-01, 4.6241e-03, 
 2DIAGNOSTIC,    28, -6.593310437738e-01, 2.225767143841e-04, 9.9376e-01, 5.8410e-03, 
 2DIAGNOSTIC,    29, -6.595734041655e-01, 1.939316665335e-04, 9.9926e-01, 5.5008e-03, 
 2DIAGNOSTIC,    30, -6.595955819569e-01, 1.634946778526e-04, 1.0049e+00, 5.6410e-03, 
 2DIAGNOSTIC,    31, -6.596949967568e-01, 1.392755860911e-04, 1.0097e+00, 4.8020e-03, 
 2DIAGNOSTIC,    32, -6.597157295313e-01, 1.221677497587e-04, 1.0151e+00, 5.3952e-03, 
 2DIAGNOSTIC,    33, -6.597001423845e-01, 9.820426862655e-05, 1.0226e+00, 7.5021e-03, 
 2DIAGNOSTIC,    34, -6.595254449701e-01, 6.486903006458e-05, 1.0270e+00, 4.4410e-03, 
 2DIAGNOSTIC,    35, -6.595295822809e-01, 3.010817889647e-05, 1.0319e+00, 4.8499e-03, 
 2DIAGNOSTIC,    36, -6.595351297935e-01, 1.424396565583e-05, 1.0368e+00, 4.8940e-03, 
 2DIAGNOSTIC,    37, -6.595409535780e-01, 1.474135166876e-06, 1.0415e+00, 4.7209e-03, 
DIAGNOSTIC,Iteration,metricValue,convergenceValue,ITERATION_TIME_INDEX,SINCE_LAST
 2DIAGNOSTIC,     1, -5.183739626532e-01, 1.797693134862e+308, 1.8412e+00, 7.9973e-01, 
 2DIAGNOSTIC,     2, -5.189226238289e-01, 1.797693134862e+308, 1.8721e+00, 3.0914e-02, 
 2DIAGNOSTIC,     3, -5.196899327356e-01, 1.797693134862e+308, 1.9062e+00, 3.4057e-02, 
 2DIAGNOSTIC,     4, -5.204463663000e-01, 1.797693134862e+308, 1.9370e+00, 3.0831e-02, 
 2DIAGNOSTIC,     5, -5.209979485298e-01, 1.797693134862e+308, 1.9684e+00, 3.1348e-02, 
 2DIAGNOSTIC,     6, -5.216357744181e-01, 1.797693134862e+308, 1.9986e+00, 3.0192e-02, 
 2DIAGNOSTIC,     7, -5.233753714534e-01, 1.797693134862e+308, 2.0289e+00, 3.0283e-02, 
 2DIAGNOSTIC,     8, -5.241119131120e-01, 1.797693134862e+308, 2.0680e+00, 3.9114e-02, 
 2DIAGNOSTIC,     9, -5.247293428562e-01, 1.797693134862e+308, 2.1081e+00, 4.0084e-02, 
 2DIAGNOSTIC,    10, -5.250028241372e-01, 8.899807891893e-04, 2.1438e+00, 3.5759e-02, 
 2DIAGNOSTIC,    11, -5.254483053928e-01, 7.905532309028e-04, 2.1803e+00, 3.6480e-02, 
 2DIAGNOSTIC,    12, -5.277635687256e-01, 7.650652089424e-04, 2.2173e+00, 3.6976e-02, 
 2DIAGNOSTIC,    13, -5.283161385004e-01, 7.264279395720e-04, 2.2499e+00, 3.2590e-02, 
 2DIAGNOSTIC,    14, -5.288222936277e-01, 6.775649923643e-04, 2.2834e+00, 3.3562e-02, 
 2DIAGNOSTIC,    15, -5.289976642199e-01, 6.012605050700e-04, 2.3157e+00, 3.2294e-02, 
 2DIAGNOSTIC,    16, -5.298475138592e-01, 5.287513293580e-04, 2.3554e+00, 3.9655e-02, 
 2DIAGNOSTIC,    17, -5.313522152643e-01, 5.176189404135e-04, 2.3908e+00, 3.5424e-02, 
 2DIAGNOSTIC,    18, -5.317212137326e-01, 4.916469252666e-04, 2.4272e+00, 3.6363e-02, 
 2DIAGNOSTIC,    19, -5.322490405181e-01, 4.569583673640e-04, 2.4665e+00, 3.9328e-02, 
 2DIAGNOSTIC,    20, -5.323376841449e-01, 3.940997585179e-04, 2.4968e+00, 3.0342e-02, 
 2DIAGNOSTIC,    21, -5.325910155372e-01, 3.171269341295e-04, 2.5295e+00, 3.2664e-02, 
 2DIAGNOSTIC,    22, -5.334985468489e-01, 2.960182082463e-04, 2.5624e+00, 3.2906e-02, 
 2DIAGNOSTIC,    23, -5.343136276476e-01, 2.804990860152e-04, 2.5946e+00, 3.2192e-02, 
 2DIAGNOSTIC,    24, -5.358579125682e-01, 2.864243066784e-04, 2.6358e+00, 4.1173e-02, 
 2DIAGNOSTIC,    25, -5.371567632075e-01, 2.963386715387e-04, 2.6660e+00, 3.0242e-02, 
 2DIAGNOSTIC,    26, -5.415461247869e-01, 3.852142601145e-04, 2.6970e+00, 3.1036e-02, 
 2DIAGNOSTIC,    27, -5.439908906282e-01, 5.076522488037e-04, 2.7310e+00, 3.4000e-02, 
 2DIAGNOSTIC,    28, -5.456492914239e-01, 6.116464072850e-04, 2.7797e+00, 4.8664e-02, 
 2DIAGNOSTIC,    29, -5.459588654368e-01, 6.667821441289e-04, 2.8079e+00, 2.8158e-02, 
 2DIAGNOSTIC,    30, -5.471138294794e-01, 6.778445736639e-04, 2.8367e+00, 2.8813e-02, 
 2DIAGNOSTIC,    31, -5.479702753250e-01, 6.418990983537e-04, 2.8650e+00, 2.8306e-02, 
 2DIAGNOSTIC,    32, -5.484241020451e-01, 5.694518319852e-04, 2.8942e+00, 2.9181e-02, 
 2DIAGNOSTIC,    33, -5.488190951750e-01, 4.675814980450e-04, 2.9242e+00, 3.0008e-02, 
 2DIAGNOSTIC,    34, -5.501212101373e-01, 3.730350300146e-04, 2.9539e+00, 2.9719e-02, 
 2DIAGNOSTIC,    35, -5.571331352601e-01, 3.733958021481e-04, 2.9972e+00, 4.3277e-02, 
 2DIAGNOSTIC,    36, -5.580192307041e-01, 4.127367225830e-04, 3.0263e+00, 2.9131e-02, 
 2DIAGNOSTIC,    37, -5.586190393023e-01, 4.550610902384e-04, 3.0544e+00, 2.8117e-02, 
 2DIAGNOSTIC,    38, -5.594530561409e-01, 4.882498171462e-04, 3.0875e+00, 3.3048e-02, 
 2DIAGNOSTIC,    39, -5.611260851580e-01, 4.992676891249e-04, 3.1197e+00, 3.2212e-02, 
 2DIAGNOSTIC,    40, -5.623746592227e-01, 4.918165334945e-04, 3.1582e+00, 3.8549e-02, 
 2DIAGNOSTIC,    41, -5.624623529531e-01, 4.497068735879e-04, 3.1865e+00, 2.8320e-02, 
 2DIAGNOSTIC,    42, -5.628939098097e-01, 3.797971360547e-04, 3.2152e+00, 2.8614e-02, 
 2DIAGNOSTIC,    43, -5.633829170926e-01, 2.885515680404e-04, 3.2431e+00, 2.7906e-02, 
 2DIAGNOSTIC,    44, -5.642250218512e-01, 1.971644647484e-04, 3.2861e+00, 4.3005e-02, 
 2DIAGNOSTIC,    45, -5.644110877741e-01, 1.750022834282e-04, 3.3147e+00, 2.8606e-02, 
 2DIAGNOSTIC,    46, -5.645742281542e-01, 1.494772888693e-04, 3.3432e+00, 2.8535e-02, 
 2DIAGNOSTIC,    47, -5.648711398026e-01, 1.210940012224e-04, 3.3718e+00, 2.8590e-02, 
 2DIAGNOSTIC,    48, -5.656064142232e-01, 9.906716831401e-05, 3.4082e+00, 3.6416e-02, 
 2DIAGNOSTIC,    49, -5.661686561603e-01, 9.186022787769e-05, 3.4559e+00, 4.7707e-02, 
 2DIAGNOSTIC,    50, -5.662616571920e-01, 9.030074197329e-05, 3.4839e+00, 2.7945e-02, 
 2DIAGNOSTIC,    51, -5.664551813672e-01, 8.329683286716e-05, 3.5120e+00, 2.8166e-02, 
 2DIAGNOSTIC,    52, -5.667417426903e-01, 7.583283800186e-05, 3.5440e+00, 3.1948e-02, 
 2DIAGNOSTIC,    53, -5.668388231345e-01, 6.684674282529e-05, 3.5870e+00, 4.3051e-02, 
 2DIAGNOSTIC,    54, -5.668454451568e-01, 5.999589204027e-05, 3.6254e+00, 3.8374e-02, 
 2DIAGNOSTIC,    55, -5.668487432649e-01, 4.961848865017e-05, 3.6556e+00, 3.0207e-02, 
 2DIAGNOSTIC,    56, -5.668377602959e-01, 3.639826303289e-05, 3.6860e+00, 3.0392e-02, 
 2DIAGNOSTIC,    57, -5.668374751342e-01, 2.276758149788e-05, 3.7159e+00, 2.9908e-02, 
 2DIAGNOSTIC,    58, -5.668324330204e-01, 1.392100769982e-05, 3.7495e+00, 3.3547e-02, 
 2DIAGNOSTIC,    59, -5.668304876306e-01, 9.080382523438e-06, 3.7789e+00, 2.9393e-02, 
 2DIAGNOSTIC,    60, -5.668482121106e-01, 4.543400148504e-06, 3.8123e+00, 3.3473e-02, 
 2DIAGNOSTIC,    61, -5.668624433446e-01, 1.484662724701e-06, 3.8417e+00, 2.9334e-02, 
DIAGNOSTIC,Iteration,metricValue,convergenceValue,ITERATION_TIME_INDEX,SINCE_LAST
 2DIAGNOSTIC,     1, -5.013839695192e-01, 1.797693134862e+308, 4.9175e+00, 1.0758e+00, 
 2DIAGNOSTIC,     2, -5.017535808673e-01, 1.797693134862e+308, 5.1601e+00, 2.4263e-01, 
 2DIAGNOSTIC,     3, -5.021031563647e-01, 1.797693134862e+308, 5.3993e+00, 2.3920e-01, 
 2DIAGNOSTIC,     4, -5.022790474549e-01, 1.797693134862e+308, 5.6685e+00, 2.6918e-01, 
 2DIAGNOSTIC,     5, -5.023697143746e-01, 1.797693134862e+308, 5.9562e+00, 2.8770e-01, 
 2DIAGNOSTIC,     6, -5.023862954466e-01, 1.797693134862e+308, 6.2476e+00, 2.9142e-01, 
 2DIAGNOSTIC,     7, -5.023895588199e-01, 1.797693134862e+308, 6.4950e+00, 2.4742e-01, 
 2DIAGNOSTIC,     8, -5.024320634843e-01, 1.797693134862e+308, 6.7723e+00, 2.7727e-01, 
 2DIAGNOSTIC,     9, -5.024733704502e-01, 1.797693134862e+308, 7.0570e+00, 2.8467e-01, 
 2DIAGNOSTIC,    10, -5.025437905703e-01, 1.205458900989e-04, 7.4710e+00, 4.1401e-01, 
 2DIAGNOSTIC,    11, -5.025869112498e-01, 7.410806509937e-05, 7.8801e+00, 4.0911e-01, 
 2DIAGNOSTIC,    12, -5.025887739940e-01, 4.624361654150e-05, 8.1221e+00, 2.4194e-01, 
 2DIAGNOSTIC,    13, -5.025883421632e-01, 3.380064860485e-05, 8.3688e+00, 2.4677e-01, 
 2DIAGNOSTIC,    14, -5.025850016629e-01, 2.715173239920e-05, 8.6422e+00, 2.7334e-01, 
 2DIAGNOSTIC,    15, -5.025853421462e-01, 2.250873087793e-05, 8.9087e+00, 2.6650e-01, 
 2DIAGNOSTIC,    16, -5.025830994309e-01, 1.708521457836e-05, 9.1359e+00, 2.2725e-01, 
 2DIAGNOSTIC,    17, -5.025808919767e-01, 1.095374681834e-05, 9.3897e+00, 2.5377e-01, 
 2DIAGNOSTIC,    18, -5.025812475717e-01, 6.025215035857e-06, 9.6433e+00, 2.5362e-01, 
 2DIAGNOSTIC,    19, -5.025799438687e-01, 2.368016401931e-06, 9.8733e+00, 2.2996e-01, 
DIAGNOSTIC,Iteration,metricValue,convergenceValue,ITERATION_TIME_INDEX,SINCE_LAST
 2DIAGNOSTIC,     1, -4.668147928688e-01, 1.797693134862e+308, 1.2437e+01, 2.5640e+00, 
 2DIAGNOSTIC,     2, -4.669518535246e-01, 1.797693134862e+308, 1.3974e+01, 1.5371e+00, 
 2DIAGNOSTIC,     3, -4.670199990703e-01, 1.797693134862e+308, 1.5624e+01, 1.6495e+00, 
 2DIAGNOSTIC,     4, -4.670427627015e-01, 1.797693134862e+308, 1.7730e+01, 2.1065e+00, 
 2DIAGNOSTIC,     5, -4.670430416088e-01, 1.797693134862e+308, 1.9260e+01, 1.5296e+00, 
 2DIAGNOSTIC,     6, -4.670414838586e-01, 1.797693134862e+308, 2.1286e+01, 2.0264e+00, 
 2DIAGNOSTIC,     7, -4.670413757373e-01, 1.797693134862e+308, 2.5749e+01, 4.4628e+00, 
 2DIAGNOSTIC,     8, -4.670413757371e-01, 1.797693134862e+308, 2.8837e+01, 3.0876e+00, 
 2DIAGNOSTIC,     9, -4.670413757371e-01, 1.797693134862e+308, 3.0603e+01, 1.7661e+00, 
 2DIAGNOSTIC,    10, -4.670413757371e-01, 2.258809346885e-05, 3.2553e+01, 1.9502e+00, 
 2DIAGNOSTIC,    11, -4.670413757371e-01, 8.779974766365e-06, 3.4119e+01, 1.5663e+00, 
 2DIAGNOSTIC,    12, -4.670413757371e-01, 3.611752196028e-06, 3.5510e+01, 1.3905e+00, 
 2DIAGNOSTIC,    13, -4.670413757371e-01, 2.310449817952e-06, 3.7253e+01, 1.7433e+00, 
 2DIAGNOSTIC,    14, -4.670413757371e-01, 2.195734461641e-06, 3.8775e+01, 1.5214e+00, 
 2DIAGNOSTIC,    15, -4.670413757371e-01, 2.116376146763e-06, 4.0469e+01, 1.6947e+00, 
 2DIAGNOSTIC,    16, -4.670413757371e-01, 1.988209128154e-06, 4.2198e+01, 1.7283e+00, 
 2DIAGNOSTIC,    17, -4.670413757371e-01, 1.871250730097e-06, 4.3947e+01, 1.7497e+00, 
 2DIAGNOSTIC,    18, -4.670413757371e-01, 1.767288221877e-06, 4.5668e+01, 1.7210e+00, 
 2DIAGNOSTIC,    19, -4.670413757371e-01, 1.674269547801e-06, 4.7379e+01, 1.7107e+00, 
 2DIAGNOSTIC,    20, -4.670413757371e-01, 1.590553074055e-06, 4.9083e+01, 1.7040e+00, 
 2DIAGNOSTIC,    21, -4.670413757371e-01, 1.514809869610e-06, 5.0713e+01, 1.6302e+00, 
 2DIAGNOSTIC,    22, -4.670413757371e-01, 1.445952635099e-06, 5.2556e+01, 1.8430e+00, 
 2DIAGNOSTIC,    23, -4.670413757371e-01, 1.383083172546e-06, 5.4067e+01, 1.5107e+00, 
 2DIAGNOSTIC,    24, -4.670413757371e-01, 1.325452988178e-06, 5.5655e+01, 1.5884e+00, 
 2DIAGNOSTIC,    25, -4.670413757371e-01, 1.272433350581e-06, 5.7178e+01, 1.5229e+00, 
 2DIAGNOSTIC,    26, -4.670413757371e-01, 1.223492258909e-06, 5.8766e+01, 1.5874e+00, 
 2DIAGNOSTIC,    27, -4.670413757371e-01, 1.178176529372e-06, 6.0494e+01, 1.7281e+00, 
 2DIAGNOSTIC,    28, -4.670413757371e-01, 1.136097720421e-06, 6.2019e+01, 1.5250e+00, 
 2DIAGNOSTIC,    29, -4.670413757371e-01, 1.096920969938e-06, 6.3581e+01, 1.5625e+00, 
 2DIAGNOSTIC,    30, -4.670413757371e-01, 1.060356065119e-06, 6.5158e+01, 1.5767e+00, 
 2DIAGNOSTIC,    31, -4.670413757371e-01, 1.026150240897e-06, 6.6820e+01, 1.6617e+00, 
  Elapsed time (stage 0): 6.7641e+01


Total elapsed time: 6.7643e+01
Info [verificarlo]: loaded backend libinterflop_ieee.so
Info [interflop-ieee]: load backend with:
Info [interflop-ieee]: debug = false
Info [interflop-ieee]: debug-binary = false
Info [interflop-ieee]: no-backend-name = false
Info [interflop-ieee]: print-new-line = false
Info [interflop-ieee]: print-subnormal-normalized = false
Info [interflop-ieee]: count-op = false
All_Command_lines_OK
Using double precision for computations.
=============================================================================
The composite transform comprises the following transforms (in order): 
  1. /home/mdugre/scratch/mri-registration-rp/datasets/ds004513/derivatives/mri-registration-rp/0001/antsRegistration-r8-p21/sub-s032/rigid_Composite.h5[0] (type = Euler3DTransform)
  2. /home/mdugre/scratch/mri-registration-rp/datasets/ds004513/derivatives/mri-registration-rp/0001/antsRegistration-r8-p21/sub-s032/rigid_Composite.h5[1] (type = Euler3DTransform)
  3. /home/mdugre/scratch/mri-registration-rp/datasets/ds004513/derivatives/mri-registration-rp/0001/antsRegistration-r8-p21/sub-s032/rigid_Composite.h5[2] (type = Euler3DTransform)
=============================================================================
  number of levels = 4
  fixed image: /templateflow/tpl-MNI152NLin2009cAsym/tpl-MNI152NLin2009cAsym_res-01_desc-brain_T1w.nii.gz
  moving image: /home/mdugre/scratch/mri-registration-rp/datasets/ds004513/derivatives/mri-registration-rp/antsBrainExtraction/sub-s032/BrainExtractionBrain.nii.gz
Dimension = 3
Number of stages = 1
Use histogram matching = false
Winsorize image intensities = true
  Lower quantile = 0.005
  Upper quantile = 0.995


Stage 1 State
   Image metric = MattesMI
     Fixed image = Image (0x36e17e0)
  RTTI typeinfo:   itk::Image<double, 3u>
  Reference Count: 2
  Modified Time: 1592
  Debug: Off
  Object Name: 
  Observers: 
    none
  Source: (none)
  Source output name: (none)
  Release Data: Off
  Data Released: False
  Global Release Data: Off
  PipelineMTime: 0
  UpdateMTime: 1203
  RealTimeStamp: 0 seconds 
  LargestPossibleRegion: 
    Dimension: 3
    Index: [0, 0, 0]
    Size: [193, 229, 193]
  BufferedRegion: 
    Dimension: 3
    Index: [0, 0, 0]
    Size: [193, 229, 193]
  RequestedRegion: 
    Dimension: 3
    Index: [0, 0, 0]
    Size: [193, 229, 193]
  Spacing: [1, 1, 1]
  Origin: [96, 132, -78]
  Direction: 
-1 0 0
0 -1 0
0 0 1

  IndexToPointMatrix: 
-1 0 0
0 -1 0
0 0 1

  PointToIndexMatrix: 
-1 0 0
0 -1 0
0 0 1

  Inverse Direction: 
-1 0 0
0 -1 0
0 0 1

  PixelContainer: 
    ImportImageContainer (0x37a1a20)
      RTTI typeinfo:   itk::ImportImageContainer<unsigned long, double>
      Reference Count: 1
      Modified Time: 1200
      Debug: Off
      Object Name: 
      Observers: 
        none
      Pointer: 0x14c2427ae010
      Container manages memory: true
      Size: 8530021
      Capacity: 8530021

     Moving image = Image (0x379cd70)
  RTTI typeinfo:   itk::Image<double, 3u>
  Reference Count: 2
  Modified Time: 1593
  Debug: Off
  Object Name: 
  Observers: 
    none
  Source: (none)
  Source output name: (none)
  Release Data: Off
  Data Released: False
  Global Release Data: Off
  PipelineMTime: 0
  UpdateMTime: 1590
  RealTimeStamp: 0 seconds 
  LargestPossibleRegion: 
    Dimension: 3
    Index: [0, 0, 0]
    Size: [160, 240, 256]
  BufferedRegion: 
    Dimension: 3
    Index: [0, 0, 0]
    Size: [160, 240, 256]
  RequestedRegion: 
    Dimension: 3
    Index: [0, 0, 0]
    Size: [160, 240, 256]
  Spacing: [1, 1, 1]
  Origin: [73.279, 104.707, -131.187]
  Direction: 
-0.997527 0.0645574 -0.0278053
-0.0645323 -0.997914 -0.00179875
-0.0278634 4.01097e-08 0.999612

  IndexToPointMatrix: 
-0.997527 0.0645574 -0.0278053
-0.0645323 -0.997914 -0.00179875
-0.0278634 4.01097e-08 0.999612

  PointToIndexMatrix: 
-0.997527 -0.0645323 -0.0278634
0.0645574 -0.997914 4.01049e-08
-0.0278053 -0.00179875 0.999612

  Inverse Direction: 
-0.997527 -0.0645323 -0.0278634
0.0645574 -0.997914 4.01049e-08
-0.0278053 -0.00179875 0.999612

  PixelContainer: 
    ImportImageContainer (0x3754c90)
      RTTI typeinfo:   itk::ImportImageContainer<unsigned long, double>
      Reference Count: 1
      Modified Time: 1587
      Debug: Off
      Object Name: 
      Observers: 
        none
      Pointer: 0x14c23dcad010
      Container manages memory: true
      Size: 9830400
      Capacity: 9830400

     Weighting = 1
     Sampling strategy = regular
     Number of bins = 32
     Radius = 4
     Sampling percentage  = 0.25
   Transform = Affine
     Gradient step = 0.1
     Update field sigma (voxel space) = 0
     Total field sigma (voxel space) = 0
     Update field time sigma = 0
     Total field time sigma  = 0
     Number of time indices = 0
     Number of time point samples = 0
Registration using 1 total stages.

Stage 0
  iterations = 1000x500x250x100
  convergence threshold = 1e-06
  convergence window size = 10
  number of levels = 4
  using the Mattes MI metric (number of bins = 32, weight = 1, use gradient filter = 0)
  preprocessing:  winsorizing the image intensities
  Shrink factors (level 1 out of 4): [8, 8, 8]
  Shrink factors (level 2 out of 4): [4, 4, 4]
  Shrink factors (level 3 out of 4): [2, 2, 2]
  Shrink factors (level 4 out of 4): [1, 1, 1]
  smoothing sigmas per level: [3, 2, 1, 0]
  regular sampling (percentage = 0.25)

*** Running AffineTransform registration ***

DIAGNOSTIC,Iteration,metricValue,convergenceValue,ITERATION_TIME_INDEX,SINCE_LAST
 2DIAGNOSTIC,     1, -6.865112893337e-01, 1.797693134862e+308, 8.8004e-01, 8.8004e-01, 
 2DIAGNOSTIC,     2, -6.882325576502e-01, 1.797693134862e+308, 8.8513e-01, 5.0850e-03, 
 2DIAGNOSTIC,     3, -6.911286805298e-01, 1.797693134862e+308, 8.8987e-01, 4.7369e-03, 
 2DIAGNOSTIC,     4, -6.958471388451e-01, 1.797693134862e+308, 8.9477e-01, 4.9038e-03, 
 2DIAGNOSTIC,     5, -7.085922895147e-01, 1.797693134862e+308, 9.0024e-01, 5.4710e-03, 
 2DIAGNOSTIC,     6, -7.199124445186e-01, 1.797693134862e+308, 9.0568e-01, 5.4359e-03, 
 2DIAGNOSTIC,     7, -7.196945178456e-01, 1.797693134862e+308, 9.1046e-01, 4.7851e-03, 
 2DIAGNOSTIC,     8, -7.212250626251e-01, 1.797693134862e+308, 9.1514e-01, 4.6811e-03, 
 2DIAGNOSTIC,     9, -7.229020261691e-01, 1.797693134862e+308, 9.1989e-01, 4.7441e-03, 
 2DIAGNOSTIC,    10, -7.274376572855e-01, 4.231261552296e-03, 9.2509e-01, 5.2049e-03, 
 2DIAGNOSTIC,    11, -7.328087601129e-01, 3.681898490374e-03, 9.3241e-01, 7.3149e-03, 
 2DIAGNOSTIC,    12, -7.344514678286e-01, 3.011189012015e-03, 9.3956e-01, 7.1559e-03, 
 2DIAGNOSTIC,    13, -7.349083674049e-01, 2.286218825161e-03, 9.4439e-01, 4.8299e-03, 
 2DIAGNOSTIC,    14, -7.355642831217e-01, 1.607595025925e-03, 9.4920e-01, 4.8020e-03, 
 2DIAGNOSTIC,    15, -7.365409167511e-01, 1.227669251863e-03, 9.5396e-01, 4.7669e-03, 
 2DIAGNOSTIC,    16, -7.369930833014e-01, 1.073507258097e-03, 9.5896e-01, 4.9930e-03, 
 2DIAGNOSTIC,    17, -7.369317841473e-01, 8.331877875446e-04, 9.6513e-01, 6.1750e-03, 
 2DIAGNOSTIC,    18, -7.369459377311e-01, 5.795646536486e-04, 9.7080e-01, 5.6660e-03, 
 2DIAGNOSTIC,    19, -7.370319480074e-01, 3.352962251156e-04, 9.7564e-01, 4.8392e-03, 
 2DIAGNOSTIC,    20, -7.370378015396e-01, 1.714133099414e-04, 9.8121e-01, 5.5730e-03, 
 2DIAGNOSTIC,    21, -7.372684987966e-01, 1.117744976414e-04, 9.8707e-01, 5.8632e-03, 
 2DIAGNOSTIC,    22, -7.376928515302e-01, 8.437635517435e-05, 9.9175e-01, 4.6821e-03, 
 2DIAGNOSTIC,    23, -7.378162191897e-01, 6.140011676611e-05, 9.9643e-01, 4.6730e-03, 
 2DIAGNOSTIC,    24, -7.380526147697e-01, 4.901309384120e-05, 1.0012e+00, 4.8141e-03, 
 2DIAGNOSTIC,    25, -7.382256708360e-01, 5.097906098604e-05, 1.0074e+00, 6.1340e-03, 
 2DIAGNOSTIC,    26, -7.382796964737e-01, 5.571189619647e-05, 1.0133e+00, 5.8961e-03, 
 2DIAGNOSTIC,    27, -7.382270118061e-01, 5.326020673015e-05, 1.0194e+00, 6.1281e-03, 
 2DIAGNOSTIC,    28, -7.381409304516e-01, 4.509897252979e-05, 1.0247e+00, 5.2662e-03, 
 2DIAGNOSTIC,    29, -7.381687196517e-01, 3.499156328231e-05, 1.0293e+00, 4.6499e-03, 
 2DIAGNOSTIC,    30, -7.381003240303e-01, 2.147124068576e-05, 1.0350e+00, 5.7218e-03, 
 2DIAGNOSTIC,    31, -7.380208119666e-01, 8.718771905017e-06, 1.0409e+00, 5.8630e-03, 
 2DIAGNOSTIC,    32, -7.380521989412e-01, 1.668446921010e-06, 1.0474e+00, 6.4549e-03, 
DIAGNOSTIC,Iteration,metricValue,convergenceValue,ITERATION_TIME_INDEX,SINCE_LAST
 2DIAGNOSTIC,     1, -5.969871628181e-01, 1.797693134862e+308, 1.7354e+00, 6.8800e-01, 
 2DIAGNOSTIC,     2, -5.973668702944e-01, 1.797693134862e+308, 1.7742e+00, 3.8889e-02, 
 2DIAGNOSTIC,     3, -5.979140609986e-01, 1.797693134862e+308, 1.8106e+00, 3.6334e-02, 
 2DIAGNOSTIC,     4, -5.985646113060e-01, 1.797693134862e+308, 1.8444e+00, 3.3814e-02, 
 2DIAGNOSTIC,     5, -5.994523776343e-01, 1.797693134862e+308, 1.8812e+00, 3.6822e-02, 
 2DIAGNOSTIC,     6, -6.003079518003e-01, 1.797693134862e+308, 1.9211e+00, 3.9864e-02, 
 2DIAGNOSTIC,     7, -6.016232717040e-01, 1.797693134862e+308, 1.9622e+00, 4.1125e-02, 
 2DIAGNOSTIC,     8, -6.032687328733e-01, 1.797693134862e+308, 2.0056e+00, 4.3441e-02, 
 2DIAGNOSTIC,     9, -6.048908174341e-01, 1.797693134862e+308, 2.0618e+00, 5.6190e-02, 
 2DIAGNOSTIC,    10, -6.049749680750e-01, 9.444795556550e-04, 2.0961e+00, 3.4316e-02, 
 2DIAGNOSTIC,    11, -6.052425670433e-01, 8.836078314753e-04, 2.1329e+00, 3.6761e-02, 
 2DIAGNOSTIC,    12, -6.053880835357e-01, 7.744951207912e-04, 2.1732e+00, 4.0316e-02, 
 2DIAGNOSTIC,    13, -6.054514616357e-01, 6.336256100852e-04, 2.2097e+00, 3.6448e-02, 
 2DIAGNOSTIC,    14, -6.055189445152e-01, 4.791254436739e-04, 2.2494e+00, 3.9758e-02, 
 2DIAGNOSTIC,    15, -6.055725321582e-01, 3.317837290074e-04, 2.2854e+00, 3.5990e-02, 
 2DIAGNOSTIC,    16, -6.055979083245e-01, 1.988190192074e-04, 2.3262e+00, 4.0825e-02, 
 2DIAGNOSTIC,    17, -6.056062332778e-01, 9.938320053136e-05, 2.3668e+00, 4.0531e-02, 
 2DIAGNOSTIC,    18, -6.056009344644e-01, 4.390724575366e-05, 2.4116e+00, 4.4789e-02, 
 2DIAGNOSTIC,    19, -6.055734364688e-01, 3.001399123210e-05, 2.4473e+00, 3.5724e-02, 
 2DIAGNOSTIC,    20, -6.055458940907e-01, 1.609336577405e-05, 2.4827e+00, 3.5364e-02, 
 2DIAGNOSTIC,    21, -6.055472555238e-01, 8.130480915559e-06, 2.5220e+00, 3.9358e-02, 
 2DIAGNOSTIC,    22, -6.055291916851e-01, 2.981706978766e-06, 2.5604e+00, 3.8414e-02, 
DIAGNOSTIC,Iteration,metricValue,convergenceValue,ITERATION_TIME_INDEX,SINCE_LAST
 2DIAGNOSTIC,     1, -5.406761889438e-01, 1.797693134862e+308, 3.6628e+00, 1.1023e+00, 
 2DIAGNOSTIC,     2, -5.409839958134e-01, 1.797693134862e+308, 3.9073e+00, 2.4457e-01, 
 2DIAGNOSTIC,     3, -5.413962443392e-01, 1.797693134862e+308, 4.1586e+00, 2.5126e-01, 
 2DIAGNOSTIC,     4, -5.420134421462e-01, 1.797693134862e+308, 4.3986e+00, 2.4003e-01, 
 2DIAGNOSTIC,     5, -5.427020756975e-01, 1.797693134862e+308, 4.6501e+00, 2.5147e-01, 
 2DIAGNOSTIC,     6, -5.439446269226e-01, 1.797693134862e+308, 4.9391e+00, 2.8897e-01, 
 2DIAGNOSTIC,     7, -5.453155534176e-01, 1.797693134862e+308, 5.3173e+00, 3.7822e-01, 
 2DIAGNOSTIC,     8, -5.453815339931e-01, 1.797693134862e+308, 5.6395e+00, 3.2226e-01, 
 2DIAGNOSTIC,     9, -5.453732330104e-01, 1.797693134862e+308, 5.9570e+00, 3.1745e-01, 
 2DIAGNOSTIC,    10, -5.453602162525e-01, 6.865384299533e-04, 6.4294e+00, 4.7244e-01, 
 2DIAGNOSTIC,    11, -5.453603658378e-01, 5.579415644653e-04, 6.6974e+00, 2.6793e-01, 
 2DIAGNOSTIC,    12, -5.453601061319e-01, 4.135540356034e-04, 6.9944e+00, 2.9706e-01, 
 2DIAGNOSTIC,    13, -5.453585771822e-01, 2.710437493742e-04, 7.2469e+00, 2.5245e-01, 
 2DIAGNOSTIC,    14, -5.453573806305e-01, 1.482042006916e-04, 7.5294e+00, 2.8251e-01, 
 2DIAGNOSTIC,    15, -5.453560873527e-01, 5.178561952897e-05, 7.8140e+00, 2.8466e-01, 
 2DIAGNOSTIC,    16, -5.453557973990e-01, 2.191131625834e-06, 8.1316e+00, 3.1761e-01, 
DIAGNOSTIC,Iteration,metricValue,convergenceValue,ITERATION_TIME_INDEX,SINCE_LAST
 2DIAGNOSTIC,     1, -5.006853959474e-01, 1.797693134862e+308, 1.0866e+01, 2.7344e+00, 
 2DIAGNOSTIC,     2, -5.008216222042e-01, 1.797693134862e+308, 1.2442e+01, 1.5757e+00, 
 2DIAGNOSTIC,     3, -5.008898651227e-01, 1.797693134862e+308, 1.4026e+01, 1.5840e+00, 
 2DIAGNOSTIC,     4, -5.009339728527e-01, 1.797693134862e+308, 1.5716e+01, 1.6903e+00, 
 2DIAGNOSTIC,     5, -5.009636056145e-01, 1.797693134862e+308, 1.8331e+01, 2.6154e+00, 
 2DIAGNOSTIC,     6, -5.009621701585e-01, 1.797693134862e+308, 2.0680e+01, 2.3481e+00, 
 2DIAGNOSTIC,     7, -5.009612212406e-01, 1.797693134862e+308, 2.3032e+01, 2.3521e+00, 
 2DIAGNOSTIC,     8, -5.009613952454e-01, 1.797693134862e+308, 2.4792e+01, 1.7607e+00, 
 2DIAGNOSTIC,     9, -5.009611425770e-01, 1.797693134862e+308, 2.6483e+01, 1.6909e+00, 
 2DIAGNOSTIC,    10, -5.009610417434e-01, 2.929433787240e-05, 2.8195e+01, 1.7114e+00, 
 2DIAGNOSTIC,    11, -5.009607442758e-01, 1.419786988074e-05, 3.0043e+01, 1.8487e+00, 
 2DIAGNOSTIC,    12, -5.009603373143e-01, 6.982316166443e-06, 3.1737e+01, 1.6940e+00, 
 2DIAGNOSTIC,    13, -5.009602404733e-01, 3.419755884249e-06, 3.3700e+01, 1.9626e+00, 
 2DIAGNOSTIC,    14, -5.009602823773e-01, 2.031165554237e-06, 3.5662e+01, 1.9623e+00, 
 2DIAGNOSTIC,    15, -5.009600536456e-01, 1.962977806205e-06, 3.7517e+01, 1.8548e+00, 
 2DIAGNOSTIC,    16, -5.009600424006e-01, 1.867819103621e-06, 3.9316e+01, 1.7987e+00, 
 2DIAGNOSTIC,    17, -5.009599963649e-01, 1.761633739640e-06, 4.1084e+01, 1.7677e+00, 
 2DIAGNOSTIC,    18, -5.009599336651e-01, 1.680936791218e-06, 4.2772e+01, 1.6882e+00, 
 2DIAGNOSTIC,    19, -5.009599029876e-01, 1.608106192715e-06, 4.4670e+01, 1.8978e+00, 
 2DIAGNOSTIC,    20, -5.009599533171e-01, 1.547423010430e-06, 4.6610e+01, 1.9400e+00, 
 2DIAGNOSTIC,    21, -5.009600133323e-01, 1.490382838309e-06, 4.8330e+01, 1.7202e+00, 
 2DIAGNOSTIC,    22, -5.009600058680e-01, 1.430097471458e-06, 4.9902e+01, 1.5720e+00, 
 2DIAGNOSTIC,    23, -5.009605027493e-01, 1.386381473664e-06, 5.1973e+01, 2.0711e+00, 
 2DIAGNOSTIC,    24, -5.009605502586e-01, 1.347947260089e-06, 5.3677e+01, 1.7042e+00, 
 2DIAGNOSTIC,    25, -5.009604829767e-01, 1.303811391892e-06, 5.5427e+01, 1.7500e+00, 
 2DIAGNOSTIC,    26, -5.009602958605e-01, 1.255999621259e-06, 5.7010e+01, 1.5831e+00, 
 2DIAGNOSTIC,    27, -5.009601297243e-01, 1.204328239315e-06, 5.8534e+01, 1.5237e+00, 
 2DIAGNOSTIC,    28, -5.009602165509e-01, 1.154276601426e-06, 6.0614e+01, 2.0802e+00, 
 2DIAGNOSTIC,    29, -5.009601291155e-01, 1.103439380964e-06, 6.2408e+01, 1.7943e+00, 
 2DIAGNOSTIC,    30, -5.009600416609e-01, 1.054840349374e-06, 6.4123e+01, 1.7144e+00, 
 2DIAGNOSTIC,    31, -5.009599466113e-01, 1.009512771932e-06, 6.5673e+01, 1.5499e+00, 
  Elapsed time (stage 0): 6.6697e+01


Total elapsed time: 6.6700e+01
Info [verificarlo]: loaded backend libinterflop_vprec.so
Info [interflop-vprec]: load backend with: 
Info [interflop-vprec]: precision-binary32 = 21
Info [interflop-vprec]: range-binary32 = 8
Info [interflop-vprec]: precision-binary64 = 21
Info [interflop-vprec]: range-binary64 = 8
Info [interflop-vprec]: mode = ob
Info [interflop-vprec]: error-mode = rel
Info [interflop-vprec]: max-abs-error-exponent = -1022
Info [interflop-vprec]: daz = false
Info [interflop-vprec]: ftz = false
Info [interflop-vprec]: 	instrument = none
Info [interflop-vprec]: 	prec-input-file = (null)
Info [interflop-vprec]: 	prec-output-file = (null)
Info [interflop-vprec]: 	prec-log-file = (null)
All_Command_lines_OK
Using double precision for computations.
=============================================================================
