
##########################
# Experiment information #
##########################

EXPERIMENT_NAME: antsRegistration-r8-p11
VFC_BACKENDS: libinterflop_vprec.so --range-binary32=8 --precision-binary32=11 --range-binary64=8 --precision-binary64=11

SIF_IMG: /home/mdugre/projects/rrg-glatard/mdugre/containers/ants-vprec-no_metrics.simg

SUBJECT_ID: s035
INPUT_IMG: /home/mdugre/scratch/mri-registration-rp/datasets/ds004513/derivatives/mri-registration-rp/antsBrainExtraction/sub-s035/BrainExtractionBrain.nii.gz
OUTPUT_DIR: /home/mdugre/scratch/mri-registration-rp/datasets/ds004513/derivatives/mri-registration-rp/0001/antsRegistration-r8-p11/sub-s035

FIXED_IMG: /templateflow/tpl-MNI152NLin2009cAsym/tpl-MNI152NLin2009cAsym_res-01_desc-brain_T1w.nii.gz
DATA_DIR: /home/mdugre/scratch/mri-registration-rp/datasets/ds004513
TEMPLATEFLOW_DIR: /home/mdugre/projects/rrg-glatard/mdugre/templateflow
ITK_GLOBAL_DEFAULT_NUMBER_OF_THREADS: 16
##########################

Info [verificarlo]: loaded backend libinterflop_ieee.so
Info [interflop-ieee]: load backend with:
Info [interflop-ieee]: debug = false
Info [interflop-ieee]: debug-binary = false
Info [interflop-ieee]: no-backend-name = false
Info [interflop-ieee]: print-new-line = false
Info [interflop-ieee]: print-subnormal-normalized = false
Info [interflop-ieee]: count-op = false
All_Command_lines_OK
Using double precision for computations.
=============================================================================
The composite transform comprises the following transforms (in order): 
  1. Center of mass alignment using fixed image: /templateflow/tpl-MNI152NLin2009cAsym/tpl-MNI152NLin2009cAsym_res-01_desc-brain_T1w.nii.gz and moving image: /home/mdugre/scratch/mri-registration-rp/datasets/ds004513/derivatives/mri-registration-rp/antsBrainExtraction/sub-s035/BrainExtractionBrain.nii.gz (type = Euler3DTransform)
=============================================================================
  number of levels = 1
  fixed image: /templateflow/tpl-MNI152NLin2009cAsym/tpl-MNI152NLin2009cAsym_res-01_desc-brain_T1w.nii.gz
  moving image: /home/mdugre/scratch/mri-registration-rp/datasets/ds004513/derivatives/mri-registration-rp/antsBrainExtraction/sub-s035/BrainExtractionBrain.nii.gz
Dimension = 3
Number of stages = 1
Use histogram matching = false
Winsorize image intensities = true
  Lower quantile = 0.005
  Upper quantile = 0.995


Stage 1 State
   Image metric = MattesMI
     Fixed image = Image (0x3797e70)
  RTTI typeinfo:   itk::Image<double, 3u>
  Reference Count: 2
  Modified Time: 2330
  Debug: Off
  Object Name: 
  Observers: 
    none
  Source: (none)
  Source output name: (none)
  Release Data: Off
  Data Released: False
  Global Release Data: Off
  PipelineMTime: 0
  UpdateMTime: 1941
  RealTimeStamp: 0 seconds 
  LargestPossibleRegion: 
    Dimension: 3
    Index: [0, 0, 0]
    Size: [193, 229, 193]
  BufferedRegion: 
    Dimension: 3
    Index: [0, 0, 0]
    Size: [193, 229, 193]
  RequestedRegion: 
    Dimension: 3
    Index: [0, 0, 0]
    Size: [193, 229, 193]
  Spacing: [1, 1, 1]
  Origin: [96, 132, -78]
  Direction: 
-1 0 0
0 -1 0
0 0 1

  IndexToPointMatrix: 
-1 0 0
0 -1 0
0 0 1

  PointToIndexMatrix: 
-1 0 0
0 -1 0
0 0 1

  Inverse Direction: 
-1 0 0
0 -1 0
0 0 1

  PixelContainer: 
    ImportImageContainer (0x37a0c60)
      RTTI typeinfo:   itk::ImportImageContainer<unsigned long, double>
      Reference Count: 1
      Modified Time: 1938
      Debug: Off
      Object Name: 
      Observers: 
        none
      Pointer: 0x14ea33657010
      Container manages memory: true
      Size: 8530021
      Capacity: 8530021

     Moving image = Image (0x3834ec0)
  RTTI typeinfo:   itk::Image<double, 3u>
  Reference Count: 2
  Modified Time: 2331
  Debug: Off
  Object Name: 
  Observers: 
    none
  Source: (none)
  Source output name: (none)
  Release Data: Off
  Data Released: False
  Global Release Data: Off
  PipelineMTime: 0
  UpdateMTime: 2328
  RealTimeStamp: 0 seconds 
  LargestPossibleRegion: 
    Dimension: 3
    Index: [0, 0, 0]
    Size: [160, 240, 256]
  BufferedRegion: 
    Dimension: 3
    Index: [0, 0, 0]
    Size: [160, 240, 256]
  RequestedRegion: 
    Dimension: 3
    Index: [0, 0, 0]
    Size: [160, 240, 256]
  Spacing: [1, 1, 1]
  Origin: [98.6438, 87.6358, -117.989]
  Direction: 
-0.993515 -0.100993 -0.0522355
0.100854 -0.994887 0.00530255
-0.0525039 1.93537e-08 0.998621

  IndexToPointMatrix: 
-0.993515 -0.100993 -0.0522355
0.100854 -0.994887 0.00530255
-0.0525039 1.93537e-08 0.998621

  PointToIndexMatrix: 
-0.993515 0.100854 -0.0525039
-0.100993 -0.994887 1.93006e-08
-0.0522355 0.00530255 0.998621

  Inverse Direction: 
-0.993515 0.100854 -0.0525039
-0.100993 -0.994887 1.93006e-08
-0.0522355 0.00530255 0.998621

  PixelContainer: 
    ImportImageContainer (0x38cc610)
      RTTI typeinfo:   itk::ImportImageContainer<unsigned long, double>
      Reference Count: 1
      Modified Time: 2325
      Debug: Off
      Object Name: 
      Observers: 
        none
      Pointer: 0x14ea2eb56010
      Container manages memory: true
      Size: 9830400
      Capacity: 9830400

     Weighting = 1
     Sampling strategy = regular
     Number of bins = 32
     Radius = 4
     Sampling percentage  = 0.25
   Transform = Rigid
     Gradient step = 0.1
     Update field sigma (voxel space) = 0
     Total field sigma (voxel space) = 0
     Update field time sigma = 0
     Total field time sigma  = 0
     Number of time indices = 0
     Number of time point samples = 0
Registration using 1 total stages.

Stage 0
  iterations = 0
  convergence threshold = 1e-06
  convergence window size = 10
  number of levels = 1
  using the Mattes MI metric (number of bins = 32, weight = 1, use gradient filter = 0)
  preprocessing:  winsorizing the image intensities
  Shrink factors (level 1 out of 1): [1, 1, 1]
  smoothing sigmas per level: [0]
  regular sampling (percentage = 0.25)

*** Running Euler3DTransform registration ***

  Elapsed time (stage 0): 1.07651


Total elapsed time: 1.0791
Info [verificarlo]: loaded backend libinterflop_ieee.so
Info [interflop-ieee]: load backend with:
Info [interflop-ieee]: debug = false
Info [interflop-ieee]: debug-binary = false
Info [interflop-ieee]: no-backend-name = false
Info [interflop-ieee]: print-new-line = false
Info [interflop-ieee]: print-subnormal-normalized = false
Info [interflop-ieee]: count-op = false
All_Command_lines_OK
Using double precision for computations.
=============================================================================
The composite transform comprises the following transforms (in order): 
  1. /home/mdugre/scratch/mri-registration-rp/datasets/ds004513/derivatives/mri-registration-rp/0001/antsRegistration-r8-p11/sub-s035/align_Composite.h5[0] (type = Euler3DTransform)
  2. /home/mdugre/scratch/mri-registration-rp/datasets/ds004513/derivatives/mri-registration-rp/0001/antsRegistration-r8-p11/sub-s035/align_Composite.h5[1] (type = Euler3DTransform)
=============================================================================
  number of levels = 4
  fixed image: /templateflow/tpl-MNI152NLin2009cAsym/tpl-MNI152NLin2009cAsym_res-01_desc-brain_T1w.nii.gz
  moving image: /home/mdugre/scratch/mri-registration-rp/datasets/ds004513/derivatives/mri-registration-rp/antsBrainExtraction/sub-s035/BrainExtractionBrain.nii.gz
Dimension = 3
Number of stages = 1
Use histogram matching = false
Winsorize image intensities = true
  Lower quantile = 0.005
  Upper quantile = 0.995


Stage 1 State
   Image metric = MattesMI
     Fixed image = Image (0x3876530)
  RTTI typeinfo:   itk::Image<double, 3u>
  Reference Count: 2
  Modified Time: 1578
  Debug: Off
  Object Name: 
  Observers: 
    none
  Source: (none)
  Source output name: (none)
  Release Data: Off
  Data Released: False
  Global Release Data: Off
  PipelineMTime: 0
  UpdateMTime: 1189
  RealTimeStamp: 0 seconds 
  LargestPossibleRegion: 
    Dimension: 3
    Index: [0, 0, 0]
    Size: [193, 229, 193]
  BufferedRegion: 
    Dimension: 3
    Index: [0, 0, 0]
    Size: [193, 229, 193]
  RequestedRegion: 
    Dimension: 3
    Index: [0, 0, 0]
    Size: [193, 229, 193]
  Spacing: [1, 1, 1]
  Origin: [96, 132, -78]
  Direction: 
-1 0 0
0 -1 0
0 0 1

  IndexToPointMatrix: 
-1 0 0
0 -1 0
0 0 1

  PointToIndexMatrix: 
-1 0 0
0 -1 0
0 0 1

  Inverse Direction: 
-1 0 0
0 -1 0
0 0 1

  PixelContainer: 
    ImportImageContainer (0x3934d60)
      RTTI typeinfo:   itk::ImportImageContainer<unsigned long, double>
      Reference Count: 1
      Modified Time: 1186
      Debug: Off
      Object Name: 
      Observers: 
        none
      Pointer: 0x151181a9f010
      Container manages memory: true
      Size: 8530021
      Capacity: 8530021

     Moving image = Image (0x3926f60)
  RTTI typeinfo:   itk::Image<double, 3u>
  Reference Count: 2
  Modified Time: 1579
  Debug: Off
  Object Name: 
  Observers: 
    none
  Source: (none)
  Source output name: (none)
  Release Data: Off
  Data Released: False
  Global Release Data: Off
  PipelineMTime: 0
  UpdateMTime: 1576
  RealTimeStamp: 0 seconds 
  LargestPossibleRegion: 
    Dimension: 3
    Index: [0, 0, 0]
    Size: [160, 240, 256]
  BufferedRegion: 
    Dimension: 3
    Index: [0, 0, 0]
    Size: [160, 240, 256]
  RequestedRegion: 
    Dimension: 3
    Index: [0, 0, 0]
    Size: [160, 240, 256]
  Spacing: [1, 1, 1]
  Origin: [98.6438, 87.6358, -117.989]
  Direction: 
-0.993515 -0.100993 -0.0522355
0.100854 -0.994887 0.00530255
-0.0525039 1.93537e-08 0.998621

  IndexToPointMatrix: 
-0.993515 -0.100993 -0.0522355
0.100854 -0.994887 0.00530255
-0.0525039 1.93537e-08 0.998621

  PointToIndexMatrix: 
-0.993515 0.100854 -0.0525039
-0.100993 -0.994887 1.93006e-08
-0.0522355 0.00530255 0.998621

  Inverse Direction: 
-0.993515 0.100854 -0.0525039
-0.100993 -0.994887 1.93006e-08
-0.0522355 0.00530255 0.998621

  PixelContainer: 
    ImportImageContainer (0x39186d0)
      RTTI typeinfo:   itk::ImportImageContainer<unsigned long, double>
      Reference Count: 1
      Modified Time: 1573
      Debug: Off
      Object Name: 
      Observers: 
        none
      Pointer: 0x15117cf9e010
      Container manages memory: true
      Size: 9830400
      Capacity: 9830400

     Weighting = 1
     Sampling strategy = regular
     Number of bins = 32
     Radius = 4
     Sampling percentage  = 0.25
   Transform = Rigid
     Gradient step = 0.1
     Update field sigma (voxel space) = 0
     Total field sigma (voxel space) = 0
     Update field time sigma = 0
     Total field time sigma  = 0
     Number of time indices = 0
     Number of time point samples = 0
Registration using 1 total stages.

Stage 0
  iterations = 1000x500x250x100
  convergence threshold = 1e-06
  convergence window size = 10
  number of levels = 4
  using the Mattes MI metric (number of bins = 32, weight = 1, use gradient filter = 0)
  preprocessing:  winsorizing the image intensities
  Shrink factors (level 1 out of 4): [8, 8, 8]
  Shrink factors (level 2 out of 4): [4, 4, 4]
  Shrink factors (level 3 out of 4): [2, 2, 2]
  Shrink factors (level 4 out of 4): [1, 1, 1]
  smoothing sigmas per level: [3, 2, 1, 0]
  regular sampling (percentage = 0.25)

*** Running Euler3DTransform registration ***

DIAGNOSTIC,Iteration,metricValue,convergenceValue,ITERATION_TIME_INDEX,SINCE_LAST
 2DIAGNOSTIC,     1, -5.238630234552e-01, 1.797693134862e+308, 6.1209e-01, 6.1209e-01, 
 2DIAGNOSTIC,     2, -5.257885820767e-01, 1.797693134862e+308, 6.1606e-01, 3.9742e-03, 
 2DIAGNOSTIC,     3, -5.278597554839e-01, 1.797693134862e+308, 6.2010e-01, 4.0338e-03, 
 2DIAGNOSTIC,     4, -5.302176117225e-01, 1.797693134862e+308, 6.2423e-01, 4.1299e-03, 
 2DIAGNOSTIC,     5, -5.343462816845e-01, 1.797693134862e+308, 6.2818e-01, 3.9558e-03, 
 2DIAGNOSTIC,     6, -5.399239396740e-01, 1.797693134862e+308, 6.3213e-01, 3.9449e-03, 
 2DIAGNOSTIC,     7, -5.490554822001e-01, 1.797693134862e+308, 6.3629e-01, 4.1602e-03, 
 2DIAGNOSTIC,     8, -5.545204224448e-01, 1.797693134862e+308, 6.4100e-01, 4.7181e-03, 
 2DIAGNOSTIC,     9, -5.601437715553e-01, 1.797693134862e+308, 6.4513e-01, 4.1230e-03, 
 2DIAGNOSTIC,    10, -5.617741193774e-01, 5.067640484485e-03, 6.4914e-01, 4.0150e-03, 
 2DIAGNOSTIC,    11, -5.649562249041e-01, 4.796539612083e-03, 6.5418e-01, 5.0361e-03, 
 2DIAGNOSTIC,    12, -5.658710903081e-01, 4.260783098155e-03, 6.5849e-01, 4.3130e-03, 
 2DIAGNOSTIC,    13, -5.662828333056e-01, 3.524744036645e-03, 6.6273e-01, 4.2379e-03, 
 2DIAGNOSTIC,    14, -5.685908474577e-01, 2.751340472953e-03, 6.6702e-01, 4.2920e-03, 
 2DIAGNOSTIC,    15, -5.732745043306e-01, 2.134644679428e-03, 6.7296e-01, 5.9359e-03, 
 2DIAGNOSTIC,    16, -5.738084427846e-01, 1.591333148336e-03, 6.7784e-01, 4.8859e-03, 
 2DIAGNOSTIC,    17, -5.739093703465e-01, 1.247363567741e-03, 6.8161e-01, 3.7618e-03, 
 2DIAGNOSTIC,    18, -5.745773598458e-01, 1.002163966316e-03, 6.8563e-01, 4.0219e-03, 
 2DIAGNOSTIC,    19, -5.752045522722e-01, 8.579763081915e-04, 6.8959e-01, 3.9608e-03, 
 2DIAGNOSTIC,    20, -5.755578777726e-01, 6.955845773851e-04, 6.9335e-01, 3.7630e-03, 
 2DIAGNOSTIC,    21, -5.761681227725e-01, 5.767135182671e-04, 6.9721e-01, 3.8610e-03, 
 2DIAGNOSTIC,    22, -5.775610178280e-01, 4.707067062495e-04, 7.0115e-01, 3.9351e-03, 
 2DIAGNOSTIC,    23, -5.801876522129e-01, 3.965856196696e-04, 7.0524e-01, 4.0960e-03, 
 2DIAGNOSTIC,    24, -5.873578871731e-01, 4.881452203201e-04, 7.1104e-01, 5.8000e-03, 
 2DIAGNOSTIC,    25, -5.924052233428e-01, 7.199711433503e-04, 7.1690e-01, 5.8560e-03, 
 2DIAGNOSTIC,    26, -5.933789722469e-01, 8.944842697875e-04, 7.2207e-01, 5.1739e-03, 
 2DIAGNOSTIC,    27, -5.948140362529e-01, 1.002036484221e-03, 7.2680e-01, 4.7309e-03, 
 2DIAGNOSTIC,    28, -5.954370004494e-01, 1.029952320655e-03, 7.3090e-01, 4.0970e-03, 
 2DIAGNOSTIC,    29, -5.955619965572e-01, 9.699000560997e-04, 7.3498e-01, 4.0791e-03, 
 2DIAGNOSTIC,    30, -5.960977142390e-01, 8.366692958358e-04, 7.3911e-01, 4.1261e-03, 
 2DIAGNOSTIC,    31, -5.971105016103e-01, 6.606986234261e-04, 7.4377e-01, 4.6589e-03, 
 2DIAGNOSTIC,    32, -5.989728413269e-01, 4.853112631958e-04, 7.5009e-01, 6.3200e-03, 
 2DIAGNOSTIC,    33, -5.996340170952e-01, 3.222359244713e-04, 7.5419e-01, 4.1091e-03, 
 2DIAGNOSTIC,    34, -5.997688324626e-01, 2.443793009863e-04, 7.5828e-01, 4.0872e-03, 
 2DIAGNOSTIC,    35, -5.999328162602e-01, 2.224308782630e-04, 7.6346e-01, 5.1742e-03, 
 2DIAGNOSTIC,    36, -6.001598298396e-01, 1.965988101132e-04, 7.6764e-01, 4.1859e-03, 
 2DIAGNOSTIC,    37, -6.004938012849e-01, 1.767006112870e-04, 7.7233e-01, 4.6859e-03, 
 2DIAGNOSTIC,    38, -6.008280010004e-01, 1.536048157014e-04, 7.7681e-01, 4.4861e-03, 
 2DIAGNOSTIC,    39, -6.038559363819e-01, 1.574331424934e-04, 7.8183e-01, 5.0170e-03, 
 2DIAGNOSTIC,    40, -6.077047305687e-01, 1.993081278332e-04, 7.8619e-01, 4.3590e-03, 
 2DIAGNOSTIC,    41, -6.174632685834e-01, 3.481386959701e-04, 7.9137e-01, 5.1770e-03, 
 2DIAGNOSTIC,    42, -6.161977730469e-01, 4.608905308669e-04, 7.9954e-01, 8.1739e-03, 
 2DIAGNOSTIC,    43, -6.161564364637e-01, 5.335367520171e-04, 8.0350e-01, 3.9561e-03, 
 2DIAGNOSTIC,    44, -6.170772076547e-01, 5.644816168099e-04, 8.0747e-01, 3.9740e-03, 
 2DIAGNOSTIC,    45, -6.185357159143e-01, 5.560470750673e-04, 8.1147e-01, 3.9990e-03, 
 2DIAGNOSTIC,    46, -6.206472530816e-01, 5.180554438070e-04, 8.1518e-01, 3.7079e-03, 
 2DIAGNOSTIC,    47, -6.234100384876e-01, 4.649601982269e-04, 8.1928e-01, 4.0998e-03, 
 2DIAGNOSTIC,    48, -6.282459749040e-01, 4.232183333335e-04, 8.2340e-01, 4.1199e-03, 
 2DIAGNOSTIC,    49, -6.332856987408e-01, 4.219355846726e-04, 8.2751e-01, 4.1170e-03, 
 2DIAGNOSTIC,    50, -6.437673409147e-01, 5.158705356560e-04, 8.3176e-01, 4.2441e-03, 
 2DIAGNOSTIC,    51, -6.567709942124e-01, 7.709777158295e-04, 8.3608e-01, 4.3249e-03, 
 2DIAGNOSTIC,    52, -6.630139261594e-01, 9.856119942116e-04, 8.4093e-01, 4.8420e-03, 
 2DIAGNOSTIC,    53, -6.637658025016e-01, 1.103855181427e-03, 8.4515e-01, 4.2281e-03, 
 2DIAGNOSTIC,    54, -6.646848106666e-01, 1.129224788053e-03, 8.4939e-01, 4.2410e-03, 
 2DIAGNOSTIC,    55, -6.699955078443e-01, 1.103370575588e-03, 8.5700e-01, 7.6020e-03, 
 2DIAGNOSTIC,    56, -6.720090114857e-01, 1.005090171613e-03, 8.6445e-01, 7.4492e-03, 
 2DIAGNOSTIC,    57, -6.720481880948e-01, 8.375242034909e-04, 8.6878e-01, 4.3359e-03, 
 2DIAGNOSTIC,    58, -6.725919708146e-01, 6.425668047602e-04, 8.7356e-01, 4.7829e-03, 
 2DIAGNOSTIC,    59, -6.729036452472e-01, 4.360797249213e-04, 8.7772e-01, 4.1521e-03, 
 2DIAGNOSTIC,    60, -6.731488759087e-01, 2.773044462718e-04, 8.8185e-01, 4.1308e-03, 
 2DIAGNOSTIC,    61, -6.734259099034e-01, 1.993310147662e-04, 8.8622e-01, 4.3740e-03, 
 2DIAGNOSTIC,    62, -6.739132149604e-01, 1.568959202255e-04, 8.9080e-01, 4.5800e-03, 
 2DIAGNOSTIC,    63, -6.762843256457e-01, 1.247260946377e-04, 8.9652e-01, 5.7139e-03, 
 2DIAGNOSTIC,    64, -6.766381581412e-01, 8.969325298421e-05, 9.0069e-01, 4.1728e-03, 
 2DIAGNOSTIC,    65, -6.771215216564e-01, 8.898256305308e-05, 9.0486e-01, 4.1699e-03, 
 2DIAGNOSTIC,    66, -6.778537244176e-01, 9.953394457241e-05, 9.0961e-01, 4.7481e-03, 
 2DIAGNOSTIC,    67, -6.792268294721e-01, 1.098306675024e-04, 9.1540e-01, 5.7919e-03, 
 2DIAGNOSTIC,    68, -6.807680869293e-01, 1.231389698680e-04, 9.1954e-01, 4.1459e-03, 
 2DIAGNOSTIC,    69, -6.815199630571e-01, 1.312164431659e-04, 9.2371e-01, 4.1678e-03, 
 2DIAGNOSTIC,    70, -6.818104818777e-01, 1.303110889210e-04, 9.2932e-01, 5.6131e-03, 
 2DIAGNOSTIC,    71, -6.820510288397e-01, 1.205024295530e-04, 9.3343e-01, 4.1080e-03, 
 2DIAGNOSTIC,    72, -6.822317012399e-01, 1.032402683109e-04, 9.3757e-01, 4.1380e-03, 
 2DIAGNOSTIC,    73, -6.825798774333e-01, 9.372203279265e-05, 9.4325e-01, 5.6751e-03, 
 2DIAGNOSTIC,    74, -6.826263901685e-01, 7.797266371324e-05, 9.4737e-01, 4.1270e-03, 
 2DIAGNOSTIC,    75, -6.826914519032e-01, 5.871087841940e-05, 9.5149e-01, 4.1220e-03, 
 2DIAGNOSTIC,    76, -6.828123257231e-01, 3.951646666491e-05, 9.5566e-01, 4.1699e-03, 
 2DIAGNOSTIC,    77, -6.832344913867e-01, 2.762803346908e-05, 9.5979e-01, 4.1251e-03, 
 2DIAGNOSTIC,    78, -6.838171737698e-01, 2.580776678502e-05, 9.6592e-01, 6.1302e-03, 
 2DIAGNOSTIC,    79, -6.837376315134e-01, 2.542010680074e-05, 9.7001e-01, 4.0901e-03, 
 2DIAGNOSTIC,    80, -6.837940933659e-01, 2.471284469024e-05, 9.7412e-01, 4.1101e-03, 
 2DIAGNOSTIC,    81, -6.839726451055e-01, 2.407026753127e-05, 9.7823e-01, 4.1120e-03, 
 2DIAGNOSTIC,    82, -6.841107707251e-01, 2.281043760591e-05, 9.8229e-01, 4.0622e-03, 
 2DIAGNOSTIC,    83, -6.851045824780e-01, 2.675727036838e-05, 9.8806e-01, 5.7688e-03, 
 2DIAGNOSTIC,    84, -6.858177548264e-01, 3.208757946167e-05, 9.9370e-01, 5.6319e-03, 
 2DIAGNOSTIC,    85, -6.861555465171e-01, 3.640292774867e-05, 1.0009e+00, 7.2069e-03, 
 2DIAGNOSTIC,    86, -6.861558415107e-01, 3.780080961480e-05, 1.0054e+00, 4.5400e-03, 
 2DIAGNOSTIC,    87, -6.861668582267e-01, 3.777670205029e-05, 1.0100e+00, 4.5528e-03, 
 2DIAGNOSTIC,    88, -6.861799079662e-01, 3.717402027304e-05, 1.0144e+00, 4.4181e-03, 
 2DIAGNOSTIC,    89, -6.861875994472e-01, 3.259264986308e-05, 1.0196e+00, 5.1980e-03, 
 2DIAGNOSTIC,    90, -6.861914186516e-01, 2.533777140494e-05, 1.0241e+00, 4.4911e-03, 
 2DIAGNOSTIC,    91, -6.861984082974e-01, 1.686215531120e-05, 1.0288e+00, 4.6532e-03, 
 2DIAGNOSTIC,    92, -6.862113076762e-01, 7.665951153885e-06, 1.0329e+00, 4.1749e-03, 
 2DIAGNOSTIC,    93, -6.862267056000e-01, 2.805795750635e-06, 1.0371e+00, 4.1709e-03, 
 2DIAGNOSTIC,    94, -6.862421159816e-01, 1.277098881964e-06, 1.0417e+00, 4.6449e-03, 
 2DIAGNOSTIC,    95, -6.863402616172e-01, 1.767373466816e-06, 1.0469e+00, 5.1610e-03, 
 2DIAGNOSTIC,    96, -6.863402304549e-01, 2.100001036171e-06, 1.0510e+00, 4.1249e-03, 
 2DIAGNOSTIC,    97, -6.863404766318e-01, 2.313495546533e-06, 1.0551e+00, 4.0810e-03, 
 2DIAGNOSTIC,    98, -6.863412449522e-01, 2.401785735401e-06, 1.0597e+00, 4.5950e-03, 
 2DIAGNOSTIC,    99, -6.863464915622e-01, 2.346306215810e-06, 1.0658e+00, 6.0759e-03, 
 2DIAGNOSTIC,   100, -6.863467941023e-01, 2.109908777701e-06, 1.0709e+00, 5.0991e-03, 
 2DIAGNOSTIC,   101, -6.863468003060e-01, 1.737863175946e-06, 1.0839e+00, 1.2987e-02, 
 2DIAGNOSTIC,   102, -6.863468003058e-01, 1.301574815720e-06, 1.0939e+00, 1.0079e-02, 
DIAGNOSTIC,Iteration,metricValue,convergenceValue,ITERATION_TIME_INDEX,SINCE_LAST
 2DIAGNOSTIC,     1, -5.582107285792e-01, 1.797693134862e+308, 1.7471e+00, 6.5314e-01, 
 2DIAGNOSTIC,     2, -5.585586560057e-01, 1.797693134862e+308, 1.7755e+00, 2.8360e-02, 
 2DIAGNOSTIC,     3, -5.591019820351e-01, 1.797693134862e+308, 1.8050e+00, 2.9583e-02, 
 2DIAGNOSTIC,     4, -5.597970099052e-01, 1.797693134862e+308, 1.8339e+00, 2.8904e-02, 
 2DIAGNOSTIC,     5, -5.608403980588e-01, 1.797693134862e+308, 1.8657e+00, 3.1790e-02, 
 2DIAGNOSTIC,     6, -5.612105402758e-01, 1.797693134862e+308, 1.8923e+00, 2.6565e-02, 
 2DIAGNOSTIC,     7, -5.624339913563e-01, 1.797693134862e+308, 1.9280e+00, 3.5700e-02, 
 2DIAGNOSTIC,     8, -5.635103648502e-01, 1.797693134862e+308, 1.9572e+00, 2.9161e-02, 
 2DIAGNOSTIC,     9, -5.652737185947e-01, 1.797693134862e+308, 1.9897e+00, 3.2553e-02, 
 2DIAGNOSTIC,    10, -5.660143056633e-01, 9.171729916534e-04, 2.0313e+00, 4.1597e-02, 
 2DIAGNOSTIC,    11, -5.660022676055e-01, 8.662585871982e-04, 2.0616e+00, 3.0340e-02, 
 2DIAGNOSTIC,    12, -5.661158267416e-01, 7.668648421701e-04, 2.0977e+00, 3.6043e-02, 
 2DIAGNOSTIC,    13, -5.660964502194e-01, 6.334031356458e-04, 2.1323e+00, 3.4634e-02, 
 2DIAGNOSTIC,    14, -5.660750340793e-01, 4.846806409920e-04, 2.1597e+00, 2.7382e-02, 
 2DIAGNOSTIC,    15, -5.660869194906e-01, 3.475483445132e-04, 2.1875e+00, 2.7757e-02, 
 2DIAGNOSTIC,    16, -5.661312080389e-01, 2.091362026426e-04, 2.2171e+00, 2.9619e-02, 
 2DIAGNOSTIC,    17, -5.661428444928e-01, 1.046503795558e-04, 2.2457e+00, 2.8608e-02, 
 2DIAGNOSTIC,    18, -5.661157131490e-01, 3.057255895244e-05, 2.2770e+00, 3.1307e-02, 
 2DIAGNOSTIC,    19, -5.661213660998e-01, 8.138403566497e-06, 2.3051e+00, 2.8147e-02, 
 2DIAGNOSTIC,    20, -5.661216471051e-01, 6.051099371927e-06, 2.3326e+00, 2.7456e-02, 
 2DIAGNOSTIC,    21, -5.661547555975e-01, 4.132786233936e-06, 2.3617e+00, 2.9095e-02, 
 2DIAGNOSTIC,    22, -5.661588827923e-01, 4.827066495870e-06, 2.3972e+00, 3.5482e-02, 
 2DIAGNOSTIC,    23, -5.661661862334e-01, 4.927758887455e-06, 2.4286e+00, 3.1413e-02, 
 2DIAGNOSTIC,    24, -5.661643333235e-01, 4.216011381744e-06, 2.4567e+00, 2.8150e-02, 
 2DIAGNOSTIC,    25, -5.661583008481e-01, 3.377836010794e-06, 2.4890e+00, 3.2309e-02, 
 2DIAGNOSTIC,    26, -5.661718848124e-01, 3.510769710308e-06, 2.5185e+00, 2.9426e-02, 
 2DIAGNOSTIC,    27, -5.661684599211e-01, 3.574498883073e-06, 2.5539e+00, 3.5418e-02, 
 2DIAGNOSTIC,    28, -5.661685065547e-01, 2.928390134271e-06, 2.5856e+00, 3.1734e-02, 
 2DIAGNOSTIC,    29, -5.661495634909e-01, 1.938860511662e-06, 2.6158e+00, 3.0218e-02, 
DIAGNOSTIC,Iteration,metricValue,convergenceValue,ITERATION_TIME_INDEX,SINCE_LAST
 2DIAGNOSTIC,     1, -5.037016218205e-01, 1.797693134862e+308, 3.5564e+00, 9.4053e-01, 
 2DIAGNOSTIC,     2, -5.038817494509e-01, 1.797693134862e+308, 3.7479e+00, 1.9150e-01, 
 2DIAGNOSTIC,     3, -5.040479627748e-01, 1.797693134862e+308, 3.9360e+00, 1.8812e-01, 
 2DIAGNOSTIC,     4, -5.041782967353e-01, 1.797693134862e+308, 4.1515e+00, 2.1550e-01, 
 2DIAGNOSTIC,     5, -5.042620132441e-01, 1.797693134862e+308, 4.3871e+00, 2.3564e-01, 
 2DIAGNOSTIC,     6, -5.043352781085e-01, 1.797693134862e+308, 4.6617e+00, 2.7459e-01, 
 2DIAGNOSTIC,     7, -5.043681160893e-01, 1.797693134862e+308, 4.8437e+00, 1.8192e-01, 
 2DIAGNOSTIC,     8, -5.045315773938e-01, 1.797693134862e+308, 5.0733e+00, 2.2962e-01, 
 2DIAGNOSTIC,     9, -5.046089272189e-01, 1.797693134862e+308, 5.3197e+00, 2.4642e-01, 
 2DIAGNOSTIC,    10, -5.046098526708e-01, 1.149923508985e-04, 5.5611e+00, 2.4136e-01, 
 2DIAGNOSTIC,    11, -5.046113615314e-01, 8.764100165014e-05, 5.7778e+00, 2.1673e-01, 
 2DIAGNOSTIC,    12, -5.046058818994e-01, 6.535854899797e-05, 5.9821e+00, 2.0428e-01, 
 2DIAGNOSTIC,    13, -5.046044051041e-01, 4.778989710782e-05, 6.2227e+00, 2.4069e-01, 
 2DIAGNOSTIC,    14, -5.046039564332e-01, 3.372528521337e-05, 6.4389e+00, 2.1620e-01, 
 2DIAGNOSTIC,    15, -5.046034523658e-01, 2.181235274093e-05, 6.6283e+00, 1.8939e-01, 
 2DIAGNOSTIC,    16, -5.046050964433e-01, 1.230151749840e-05, 6.8381e+00, 2.0974e-01, 
 2DIAGNOSTIC,    17, -5.046055439618e-01, 3.941031664165e-06, 7.0240e+00, 1.8590e-01, 
 2DIAGNOSTIC,    18, -5.046062799941e-01, 1.391674958419e-06, 7.2347e+00, 2.1070e-01, 
 2DIAGNOSTIC,    19, -5.046051044989e-01, 1.402444738660e-06, 7.4788e+00, 2.4411e-01, 
 2DIAGNOSTIC,    20, -5.046026759496e-01, 1.392861547891e-06, 7.6879e+00, 2.0908e-01, 
 2DIAGNOSTIC,    21, -5.046010441468e-01, 1.403966727570e-06, 7.8731e+00, 1.8526e-01, 
 2DIAGNOSTIC,    22, -5.045995615826e-01, 1.246423397917e-06, 8.1160e+00, 2.4292e-01, 
 2DIAGNOSTIC,    23, -5.046006494632e-01, 1.111935253949e-06, 8.3175e+00, 2.0143e-01, 
DIAGNOSTIC,Iteration,metricValue,convergenceValue,ITERATION_TIME_INDEX,SINCE_LAST
 2DIAGNOSTIC,     1, -4.673347670898e-01, 1.797693134862e+308, 1.0715e+01, 2.3973e+00, 
 2DIAGNOSTIC,     2, -4.674199518162e-01, 1.797693134862e+308, 1.3274e+01, 2.5592e+00, 
 2DIAGNOSTIC,     3, -4.674204109259e-01, 1.797693134862e+308, 1.4956e+01, 1.6823e+00, 
 2DIAGNOSTIC,     4, -4.674205283564e-01, 1.797693134862e+308, 1.6388e+01, 1.4321e+00, 
 2DIAGNOSTIC,     5, -4.674203855899e-01, 1.797693134862e+308, 1.7862e+01, 1.4731e+00, 
 2DIAGNOSTIC,     6, -4.674201331751e-01, 1.797693134862e+308, 2.2123e+01, 4.2613e+00, 
 2DIAGNOSTIC,     7, -4.674201331702e-01, 1.797693134862e+308, 2.6456e+01, 4.3329e+00, 
 2DIAGNOSTIC,     8, -4.674201331702e-01, 1.797693134862e+308, 2.7891e+01, 1.4350e+00, 
 2DIAGNOSTIC,     9, -4.674201331702e-01, 1.797693134862e+308, 2.9584e+01, 1.6936e+00, 
 2DIAGNOSTIC,    10, -4.674201331702e-01, 8.355770652835e-06, 3.1133e+01, 1.5481e+00, 
 2DIAGNOSTIC,    11, -4.674201331702e-01, 2.866618913924e-06, 3.2584e+01, 1.4512e+00, 
 2DIAGNOSTIC,    12, -4.674201331702e-01, 2.610318550880e-06, 3.4031e+01, 1.4477e+00, 
 2DIAGNOSTIC,    13, -4.674201331702e-01, 2.418154034137e-06, 3.5460e+01, 1.4290e+00, 
 2DIAGNOSTIC,    14, -4.674201331702e-01, 2.261203438811e-06, 3.6782e+01, 1.3220e+00, 
 2DIAGNOSTIC,    15, -4.674201331702e-01, 2.120686921361e-06, 3.8294e+01, 1.5113e+00, 
 2DIAGNOSTIC,    16, -4.674201331702e-01, 1.988142678488e-06, 3.9907e+01, 1.6128e+00, 
 2DIAGNOSTIC,    17, -4.674201331702e-01, 1.871191863748e-06, 4.1311e+01, 1.4045e+00, 
 2DIAGNOSTIC,    18, -4.674201331702e-01, 1.767235714614e-06, 4.2943e+01, 1.6321e+00, 
 2DIAGNOSTIC,    19, -4.674201331702e-01, 1.674222422317e-06, 4.4373e+01, 1.4292e+00, 
 2DIAGNOSTIC,    20, -4.674201331702e-01, 1.590510543381e-06, 4.5636e+01, 1.2637e+00, 
 2DIAGNOSTIC,    21, -4.674201331702e-01, 1.514771293162e-06, 4.6919e+01, 1.2833e+00, 
 2DIAGNOSTIC,    22, -4.674201331702e-01, 1.445917485937e-06, 4.8337e+01, 1.4177e+00, 
 2DIAGNOSTIC,    23, -4.674201331702e-01, 1.383051013486e-06, 4.9814e+01, 1.4765e+00, 
 2DIAGNOSTIC,    24, -4.674201331702e-01, 1.325423453220e-06, 5.1271e+01, 1.4575e+00, 
 2DIAGNOSTIC,    25, -4.674201331702e-01, 1.272406131174e-06, 5.2530e+01, 1.2582e+00, 
 2DIAGNOSTIC,    26, -4.674201331702e-01, 1.223467093053e-06, 5.4024e+01, 1.4942e+00, 
 2DIAGNOSTIC,    27, -4.674201331702e-01, 1.178153193192e-06, 5.5597e+01, 1.5731e+00, 
 2DIAGNOSTIC,    28, -4.674201331702e-01, 1.136076021362e-06, 5.7094e+01, 1.4974e+00, 
 2DIAGNOSTIC,    29, -4.674201331702e-01, 1.096900741585e-06, 5.8560e+01, 1.4653e+00, 
 2DIAGNOSTIC,    30, -4.674201331702e-01, 1.060337162857e-06, 6.0131e+01, 1.5711e+00, 
 2DIAGNOSTIC,    31, -4.674201331702e-01, 1.026132538474e-06, 6.1588e+01, 1.4577e+00, 
  Elapsed time (stage 0): 6.2399e+01


Total elapsed time: 6.2402e+01
Info [verificarlo]: loaded backend libinterflop_ieee.so
Info [interflop-ieee]: load backend with:
Info [interflop-ieee]: debug = false
Info [interflop-ieee]: debug-binary = false
Info [interflop-ieee]: no-backend-name = false
Info [interflop-ieee]: print-new-line = false
Info [interflop-ieee]: print-subnormal-normalized = false
Info [interflop-ieee]: count-op = false
All_Command_lines_OK
Using double precision for computations.
=============================================================================
The composite transform comprises the following transforms (in order): 
  1. /home/mdugre/scratch/mri-registration-rp/datasets/ds004513/derivatives/mri-registration-rp/0001/antsRegistration-r8-p11/sub-s035/rigid_Composite.h5[0] (type = Euler3DTransform)
  2. /home/mdugre/scratch/mri-registration-rp/datasets/ds004513/derivatives/mri-registration-rp/0001/antsRegistration-r8-p11/sub-s035/rigid_Composite.h5[1] (type = Euler3DTransform)
  3. /home/mdugre/scratch/mri-registration-rp/datasets/ds004513/derivatives/mri-registration-rp/0001/antsRegistration-r8-p11/sub-s035/rigid_Composite.h5[2] (type = Euler3DTransform)
=============================================================================
  number of levels = 4
  fixed image: /templateflow/tpl-MNI152NLin2009cAsym/tpl-MNI152NLin2009cAsym_res-01_desc-brain_T1w.nii.gz
  moving image: /home/mdugre/scratch/mri-registration-rp/datasets/ds004513/derivatives/mri-registration-rp/antsBrainExtraction/sub-s035/BrainExtractionBrain.nii.gz
Dimension = 3
Number of stages = 1
Use histogram matching = false
Winsorize image intensities = true
  Lower quantile = 0.005
  Upper quantile = 0.995


Stage 1 State
   Image metric = MattesMI
     Fixed image = Image (0x333b7e0)
  RTTI typeinfo:   itk::Image<double, 3u>
  Reference Count: 2
  Modified Time: 1592
  Debug: Off
  Object Name: 
  Observers: 
    none
  Source: (none)
  Source output name: (none)
  Release Data: Off
  Data Released: False
  Global Release Data: Off
  PipelineMTime: 0
  UpdateMTime: 1203
  RealTimeStamp: 0 seconds 
  LargestPossibleRegion: 
    Dimension: 3
    Index: [0, 0, 0]
    Size: [193, 229, 193]
  BufferedRegion: 
    Dimension: 3
    Index: [0, 0, 0]
    Size: [193, 229, 193]
  RequestedRegion: 
    Dimension: 3
    Index: [0, 0, 0]
    Size: [193, 229, 193]
  Spacing: [1, 1, 1]
  Origin: [96, 132, -78]
  Direction: 
-1 0 0
0 -1 0
0 0 1

  IndexToPointMatrix: 
-1 0 0
0 -1 0
0 0 1

  PointToIndexMatrix: 
-1 0 0
0 -1 0
0 0 1

  Inverse Direction: 
-1 0 0
0 -1 0
0 0 1

  PixelContainer: 
    ImportImageContainer (0x33fba20)
      RTTI typeinfo:   itk::ImportImageContainer<unsigned long, double>
      Reference Count: 1
      Modified Time: 1200
      Debug: Off
      Object Name: 
      Observers: 
        none
      Pointer: 0x14bd5cb2f010
      Container manages memory: true
      Size: 8530021
      Capacity: 8530021

     Moving image = Image (0x33f6d70)
  RTTI typeinfo:   itk::Image<double, 3u>
  Reference Count: 2
  Modified Time: 1593
  Debug: Off
  Object Name: 
  Observers: 
    none
  Source: (none)
  Source output name: (none)
  Release Data: Off
  Data Released: False
  Global Release Data: Off
  PipelineMTime: 0
  UpdateMTime: 1590
  RealTimeStamp: 0 seconds 
  LargestPossibleRegion: 
    Dimension: 3
    Index: [0, 0, 0]
    Size: [160, 240, 256]
  BufferedRegion: 
    Dimension: 3
    Index: [0, 0, 0]
    Size: [160, 240, 256]
  RequestedRegion: 
    Dimension: 3
    Index: [0, 0, 0]
    Size: [160, 240, 256]
  Spacing: [1, 1, 1]
  Origin: [98.6438, 87.6358, -117.989]
  Direction: 
-0.993515 -0.100993 -0.0522355
0.100854 -0.994887 0.00530255
-0.0525039 1.93537e-08 0.998621

  IndexToPointMatrix: 
-0.993515 -0.100993 -0.0522355
0.100854 -0.994887 0.00530255
-0.0525039 1.93537e-08 0.998621

  PointToIndexMatrix: 
-0.993515 0.100854 -0.0525039
-0.100993 -0.994887 1.93006e-08
-0.0522355 0.00530255 0.998621

  Inverse Direction: 
-0.993515 0.100854 -0.0525039
-0.100993 -0.994887 1.93006e-08
-0.0522355 0.00530255 0.998621

  PixelContainer: 
    ImportImageContainer (0x33aec90)
      RTTI typeinfo:   itk::ImportImageContainer<unsigned long, double>
      Reference Count: 1
      Modified Time: 1587
      Debug: Off
      Object Name: 
      Observers: 
        none
      Pointer: 0x14bd5802e010
      Container manages memory: true
      Size: 9830400
      Capacity: 9830400

     Weighting = 1
     Sampling strategy = regular
     Number of bins = 32
     Radius = 4
     Sampling percentage  = 0.25
   Transform = Affine
     Gradient step = 0.1
     Update field sigma (voxel space) = 0
     Total field sigma (voxel space) = 0
     Update field time sigma = 0
     Total field time sigma  = 0
     Number of time indices = 0
     Number of time point samples = 0
Registration using 1 total stages.

Stage 0
  iterations = 1000x500x250x100
  convergence threshold = 1e-06
  convergence window size = 10
  number of levels = 4
  using the Mattes MI metric (number of bins = 32, weight = 1, use gradient filter = 0)
  preprocessing:  winsorizing the image intensities
  Shrink factors (level 1 out of 4): [8, 8, 8]
  Shrink factors (level 2 out of 4): [4, 4, 4]
  Shrink factors (level 3 out of 4): [2, 2, 2]
  Shrink factors (level 4 out of 4): [1, 1, 1]
  smoothing sigmas per level: [3, 2, 1, 0]
  regular sampling (percentage = 0.25)

*** Running AffineTransform registration ***

DIAGNOSTIC,Iteration,metricValue,convergenceValue,ITERATION_TIME_INDEX,SINCE_LAST
 2DIAGNOSTIC,     1, -6.756009252753e-01, 1.797693134862e+308, 6.0982e-01, 6.0982e-01, 
 2DIAGNOSTIC,     2, -6.777717666964e-01, 1.797693134862e+308, 6.1414e-01, 4.3201e-03, 
 2DIAGNOSTIC,     3, -6.812815828730e-01, 1.797693134862e+308, 6.1865e-01, 4.5118e-03, 
 2DIAGNOSTIC,     4, -6.866974731006e-01, 1.797693134862e+308, 6.2349e-01, 4.8392e-03, 
 2DIAGNOSTIC,     5, -6.972121982655e-01, 1.797693134862e+308, 6.2876e-01, 5.2741e-03, 
 2DIAGNOSTIC,     6, -7.096695845014e-01, 1.797693134862e+308, 6.3336e-01, 4.5938e-03, 
 2DIAGNOSTIC,     7, -7.240390019919e-01, 1.797693134862e+308, 6.3999e-01, 6.6299e-03, 
 2DIAGNOSTIC,     8, -7.323671953963e-01, 1.797693134862e+308, 6.4881e-01, 8.8229e-03, 
 2DIAGNOSTIC,     9, -7.326987385253e-01, 1.797693134862e+308, 6.5365e-01, 4.8409e-03, 
 2DIAGNOSTIC,    10, -7.337042245300e-01, 6.510725357727e-03, 6.5891e-01, 5.2590e-03, 
 2DIAGNOSTIC,    11, -7.357614852074e-01, 5.655538500337e-03, 6.6383e-01, 4.9241e-03, 
 2DIAGNOSTIC,    12, -7.375191242123e-01, 4.565373598799e-03, 6.6871e-01, 4.8761e-03, 
 2DIAGNOSTIC,    13, -7.384611528208e-01, 3.373411460292e-03, 6.7360e-01, 4.8859e-03, 
 2DIAGNOSTIC,    14, -7.393557544794e-01, 2.233212516885e-03, 6.7953e-01, 5.9369e-03, 
 2DIAGNOSTIC,    15, -7.397410958720e-01, 1.333562463060e-03, 6.8427e-01, 4.7410e-03, 
 2DIAGNOSTIC,    16, -7.404824220411e-01, 7.463413869461e-04, 6.9011e-01, 5.8401e-03, 
 2DIAGNOSTIC,    17, -7.407642883921e-01, 4.964660938657e-04, 6.9623e-01, 6.1209e-03, 
 2DIAGNOSTIC,    18, -7.409335040576e-01, 4.162051903708e-04, 7.0206e-01, 5.8250e-03, 
 2DIAGNOSTIC,    19, -7.411448294504e-01, 3.178483755233e-04, 7.0844e-01, 6.3841e-03, 
 2DIAGNOSTIC,    20, -7.413250154853e-01, 2.228922594876e-04, 7.1349e-01, 5.0490e-03, 
 2DIAGNOSTIC,    21, -7.413385966615e-01, 1.546352950627e-04, 7.1934e-01, 5.8439e-03, 
 2DIAGNOSTIC,    22, -7.412830176827e-01, 1.085932901958e-04, 7.2397e-01, 4.6349e-03, 
 2DIAGNOSTIC,    23, -7.412130199745e-01, 7.134958900984e-05, 7.2888e-01, 4.9129e-03, 
 2DIAGNOSTIC,    24, -7.411423313525e-01, 4.416261725181e-05, 7.3360e-01, 4.7140e-03, 
 2DIAGNOSTIC,    25, -7.410665855245e-01, 1.973365042558e-05, 7.3806e-01, 4.4580e-03, 
 2DIAGNOSTIC,    26, -7.410114008375e-01, 5.763063401533e-06, 7.4222e-01, 4.1652e-03, 
DIAGNOSTIC,Iteration,metricValue,convergenceValue,ITERATION_TIME_INDEX,SINCE_LAST
 2DIAGNOSTIC,     1, -6.124209502722e-01, 1.797693134862e+308, 1.3869e+00, 6.4472e-01, 
 2DIAGNOSTIC,     2, -6.127792475540e-01, 1.797693134862e+308, 1.4187e+00, 3.1745e-02, 
 2DIAGNOSTIC,     3, -6.130892083917e-01, 1.797693134862e+308, 1.4554e+00, 3.6744e-02, 
 2DIAGNOSTIC,     4, -6.132767595166e-01, 1.797693134862e+308, 1.4890e+00, 3.3535e-02, 
 2DIAGNOSTIC,     5, -6.133297293445e-01, 1.797693134862e+308, 1.5321e+00, 4.3133e-02, 
 2DIAGNOSTIC,     6, -6.132542948044e-01, 1.797693134862e+308, 1.5827e+00, 5.0575e-02, 
 2DIAGNOSTIC,     7, -6.132651061660e-01, 1.797693134862e+308, 1.6266e+00, 4.3953e-02, 
 2DIAGNOSTIC,     8, -6.132496193430e-01, 1.797693134862e+308, 1.6616e+00, 3.5006e-02, 
 2DIAGNOSTIC,     9, -6.132358893166e-01, 1.797693134862e+308, 1.6969e+00, 3.5266e-02, 
 2DIAGNOSTIC,    10, -6.132410907309e-01, 6.408177174912e-05, 1.7353e+00, 3.8439e-02, 
 2DIAGNOSTIC,    11, -6.132340691531e-01, 2.493986387475e-05, 1.7689e+00, 3.3564e-02, 
 2DIAGNOSTIC,    12, -6.132262946616e-01, 3.670916691678e-06, 1.8070e+00, 3.8109e-02, 
DIAGNOSTIC,Iteration,metricValue,convergenceValue,ITERATION_TIME_INDEX,SINCE_LAST
 2DIAGNOSTIC,     1, -5.365389878865e-01, 1.797693134862e+308, 2.7828e+00, 9.7581e-01, 
 2DIAGNOSTIC,     2, -5.368053347546e-01, 1.797693134862e+308, 3.0050e+00, 2.2223e-01, 
 2DIAGNOSTIC,     3, -5.370062345139e-01, 1.797693134862e+308, 3.2504e+00, 2.4539e-01, 
 2DIAGNOSTIC,     4, -5.370293863336e-01, 1.797693134862e+308, 3.7869e+00, 5.3642e-01, 
 2DIAGNOSTIC,     5, -5.370281902241e-01, 1.797693134862e+308, 4.0181e+00, 2.3124e-01, 
 2DIAGNOSTIC,     6, -5.370281456680e-01, 1.797693134862e+308, 4.2424e+00, 2.2429e-01, 
 2DIAGNOSTIC,     7, -5.370272809239e-01, 1.797693134862e+308, 4.4910e+00, 2.4856e-01, 
 2DIAGNOSTIC,     8, -5.370270116647e-01, 1.797693134862e+308, 4.7557e+00, 2.6474e-01, 
 2DIAGNOSTIC,     9, -5.370258785087e-01, 1.797693134862e+308, 5.0012e+00, 2.4549e-01, 
 2DIAGNOSTIC,    10, -5.370254366966e-01, 3.984595174895e-05, 5.2635e+00, 2.6232e-01, 
 2DIAGNOSTIC,    11, -5.370247990531e-01, 1.410749383082e-05, 5.4925e+00, 2.2900e-01, 
 2DIAGNOSTIC,    12, -5.370244107263e-01, 3.142167129641e-06, 5.7133e+00, 2.2077e-01, 
 2DIAGNOSTIC,    13, -5.370254414181e-01, 2.013777449045e-06, 5.9709e+00, 2.5760e-01, 
 2DIAGNOSTIC,    14, -5.370256656353e-01, 1.969597888035e-06, 6.2705e+00, 2.9965e-01, 
 2DIAGNOSTIC,    15, -5.370261573391e-01, 1.934101743345e-06, 6.5315e+00, 2.6100e-01, 
 2DIAGNOSTIC,    16, -5.370244741577e-01, 1.863758409618e-06, 6.7570e+00, 2.2548e-01, 
 2DIAGNOSTIC,    17, -5.370250098542e-01, 1.804455089190e-06, 7.0405e+00, 2.8345e-01, 
 2DIAGNOSTIC,    18, -5.370252233523e-01, 1.755467717739e-06, 7.2925e+00, 2.5202e-01, 
 2DIAGNOSTIC,    19, -5.370234362314e-01, 1.630335595686e-06, 7.5397e+00, 2.4718e-01, 
 2DIAGNOSTIC,    20, -5.370227401118e-01, 1.494074758454e-06, 7.8066e+00, 2.6696e-01, 
 2DIAGNOSTIC,    21, -5.370221736437e-01, 1.350787990594e-06, 8.0277e+00, 2.2105e-01, 
 2DIAGNOSTIC,    22, -5.370219055322e-01, 1.219003927383e-06, 8.2847e+00, 2.5706e-01, 
 2DIAGNOSTIC,    23, -5.370226361997e-01, 1.159588286469e-06, 8.5310e+00, 2.4626e-01, 
 2DIAGNOSTIC,    24, -5.370222820639e-01, 1.122615970357e-06, 8.7867e+00, 2.5573e-01, 
 2DIAGNOSTIC,    25, -5.370220488901e-01, 1.115101167987e-06, 9.0371e+00, 2.5041e-01, 
 2DIAGNOSTIC,    26, -5.370219578471e-01, 1.086554112524e-06, 9.2684e+00, 2.3127e-01, 
 2DIAGNOSTIC,    27, -5.370224893410e-01, 1.093135459457e-06, 9.5322e+00, 2.6379e-01, 
 2DIAGNOSTIC,    28, -5.370230139547e-01, 1.121288398097e-06, 9.7902e+00, 2.5806e-01, 
 2DIAGNOSTIC,    29, -5.370221292003e-01, 1.100189454754e-06, 1.0020e+01, 2.2998e-01, 
 2DIAGNOSTIC,    30, -5.370230161505e-01, 1.084805219174e-06, 1.0308e+01, 2.8731e-01, 
 2DIAGNOSTIC,    31, -5.370230412527e-01, 1.058579462559e-06, 1.0606e+01, 2.9841e-01, 
 2DIAGNOSTIC,    32, -5.370222926574e-01, 1.013377584271e-06, 1.0855e+01, 2.4880e-01, 
DIAGNOSTIC,Iteration,metricValue,convergenceValue,ITERATION_TIME_INDEX,SINCE_LAST
 2DIAGNOSTIC,     1, -4.922973500375e-01, 1.797693134862e+308, 1.3584e+01, 2.7293e+00, 
 2DIAGNOSTIC,     2, -4.924713744460e-01, 1.797693134862e+308, 1.5215e+01, 1.6312e+00, 
 2DIAGNOSTIC,     3, -4.925604636398e-01, 1.797693134862e+308, 1.7141e+01, 1.9261e+00, 
 2DIAGNOSTIC,     4, -4.925673350427e-01, 1.797693134862e+308, 1.9238e+01, 2.0965e+00, 
