
##########################
# Experiment information #
##########################

EXPERIMENT_NAME: antsRegistration-r7-p20
VFC_BACKENDS: libinterflop_vprec.so --range-binary32=7 --precision-binary32=20 --range-binary64=7 --precision-binary64=20

SIF_IMG: /home/mdugre/projects/rrg-glatard/mdugre/containers/ants-vprec-no_metrics.simg

SUBJECT_ID: s020
INPUT_IMG: /home/mdugre/scratch/mri-registration-rp/datasets/ds004513/derivatives/mri-registration-rp/antsBrainExtraction/sub-s020/BrainExtractionBrain.nii.gz
OUTPUT_DIR: /home/mdugre/scratch/mri-registration-rp/datasets/ds004513/derivatives/mri-registration-rp/0001/antsRegistration-r7-p20/sub-s020

FIXED_IMG: /templateflow/tpl-MNI152NLin2009cAsym/tpl-MNI152NLin2009cAsym_res-01_desc-brain_T1w.nii.gz
DATA_DIR: /home/mdugre/scratch/mri-registration-rp/datasets/ds004513
TEMPLATEFLOW_DIR: /home/mdugre/projects/rrg-glatard/mdugre/templateflow
ITK_GLOBAL_DEFAULT_NUMBER_OF_THREADS: 16
##########################

Info [verificarlo]: loaded backend libinterflop_ieee.so
Info [interflop-ieee]: load backend with:
Info [interflop-ieee]: debug = false
Info [interflop-ieee]: debug-binary = false
Info [interflop-ieee]: no-backend-name = false
Info [interflop-ieee]: print-new-line = false
Info [interflop-ieee]: print-subnormal-normalized = false
Info [interflop-ieee]: count-op = false
All_Command_lines_OK
Using double precision for computations.
=============================================================================
The composite transform comprises the following transforms (in order): 
  1. Center of mass alignment using fixed image: /templateflow/tpl-MNI152NLin2009cAsym/tpl-MNI152NLin2009cAsym_res-01_desc-brain_T1w.nii.gz and moving image: /home/mdugre/scratch/mri-registration-rp/datasets/ds004513/derivatives/mri-registration-rp/antsBrainExtraction/sub-s020/BrainExtractionBrain.nii.gz (type = Euler3DTransform)
=============================================================================
  number of levels = 1
  fixed image: /templateflow/tpl-MNI152NLin2009cAsym/tpl-MNI152NLin2009cAsym_res-01_desc-brain_T1w.nii.gz
  moving image: /home/mdugre/scratch/mri-registration-rp/datasets/ds004513/derivatives/mri-registration-rp/antsBrainExtraction/sub-s020/BrainExtractionBrain.nii.gz
Dimension = 3
Number of stages = 1
Use histogram matching = false
Winsorize image intensities = true
  Lower quantile = 0.005
  Upper quantile = 0.995


Stage 1 State
   Image metric = MattesMI
     Fixed image = Image (0x44ede70)
  RTTI typeinfo:   itk::Image<double, 3u>
  Reference Count: 2
  Modified Time: 2334
  Debug: Off
  Object Name: 
  Observers: 
    none
  Source: (none)
  Source output name: (none)
  Release Data: Off
  Data Released: False
  Global Release Data: Off
  PipelineMTime: 0
  UpdateMTime: 1943
  RealTimeStamp: 0 seconds 
  LargestPossibleRegion: 
    Dimension: 3
    Index: [0, 0, 0]
    Size: [193, 229, 193]
  BufferedRegion: 
    Dimension: 3
    Index: [0, 0, 0]
    Size: [193, 229, 193]
  RequestedRegion: 
    Dimension: 3
    Index: [0, 0, 0]
    Size: [193, 229, 193]
  Spacing: [1, 1, 1]
  Origin: [96, 132, -78]
  Direction: 
-1 0 0
0 -1 0
0 0 1

  IndexToPointMatrix: 
-1 0 0
0 -1 0
0 0 1

  PointToIndexMatrix: 
-1 0 0
0 -1 0
0 0 1

  Inverse Direction: 
-1 0 0
0 -1 0
0 0 1

  PixelContainer: 
    ImportImageContainer (0x44f6c60)
      RTTI typeinfo:   itk::ImportImageContainer<unsigned long, double>
      Reference Count: 1
      Modified Time: 1940
      Debug: Off
      Object Name: 
      Observers: 
        none
      Pointer: 0x149e2d547010
      Container manages memory: true
      Size: 8530021
      Capacity: 8530021

     Moving image = Image (0x44f9610)
  RTTI typeinfo:   itk::Image<double, 3u>
  Reference Count: 2
  Modified Time: 2335
  Debug: Off
  Object Name: 
  Observers: 
    none
  Source: (none)
  Source output name: (none)
  Release Data: Off
  Data Released: False
  Global Release Data: Off
  PipelineMTime: 0
  UpdateMTime: 2332
  RealTimeStamp: 0 seconds 
  LargestPossibleRegion: 
    Dimension: 3
    Index: [0, 0, 0]
    Size: [160, 240, 256]
  BufferedRegion: 
    Dimension: 3
    Index: [0, 0, 0]
    Size: [160, 240, 256]
  RequestedRegion: 
    Dimension: 3
    Index: [0, 0, 0]
    Size: [160, 240, 256]
  Spacing: [0.999995, 1, 1]
  Origin: [87.0906, 98.7205, -152.377]
  Direction: 
-0.996975 0.0261379 -0.0731913
-0.0260677 -0.999658 -0.00191374
-0.0732163 -2.46403e-08 0.997316

  IndexToPointMatrix: 
-0.996971 0.0261379 -0.0731913
-0.0260676 -0.999658 -0.00191374
-0.0732159 -2.46403e-08 0.997316

  PointToIndexMatrix: 
-0.99698 -0.0260679 -0.0732166
0.0261379 -0.999658 -2.46993e-08
-0.0731913 -0.00191374 0.997316

  Inverse Direction: 
-0.996975 -0.0260677 -0.0732163
0.0261379 -0.999658 -2.46993e-08
-0.0731913 -0.00191374 0.997316

  PixelContainer: 
    ImportImageContainer (0x4592ef0)
      RTTI typeinfo:   itk::ImportImageContainer<unsigned long, double>
      Reference Count: 1
      Modified Time: 2329
      Debug: Off
      Object Name: 
      Observers: 
        none
      Pointer: 0x149e28a46010
      Container manages memory: true
      Size: 9830400
      Capacity: 9830400

     Weighting = 1
     Sampling strategy = regular
     Number of bins = 32
     Radius = 4
     Sampling percentage  = 0.25
   Transform = Rigid
     Gradient step = 0.1
     Update field sigma (voxel space) = 0
     Total field sigma (voxel space) = 0
     Update field time sigma = 0
     Total field time sigma  = 0
     Number of time indices = 0
     Number of time point samples = 0
Registration using 1 total stages.

Stage 0
  iterations = 0
  convergence threshold = 1e-06
  convergence window size = 10
  number of levels = 1
  using the Mattes MI metric (number of bins = 32, weight = 1, use gradient filter = 0)
  preprocessing:  winsorizing the image intensities
  Shrink factors (level 1 out of 1): [1, 1, 1]
  smoothing sigmas per level: [0]
  regular sampling (percentage = 0.25)

*** Running Euler3DTransform registration ***

  Elapsed time (stage 0): 1.16008


Total elapsed time: 1.16868
Info [verificarlo]: loaded backend libinterflop_ieee.so
Info [interflop-ieee]: load backend with:
Info [interflop-ieee]: debug = false
Info [interflop-ieee]: debug-binary = false
Info [interflop-ieee]: no-backend-name = false
Info [interflop-ieee]: print-new-line = false
Info [interflop-ieee]: print-subnormal-normalized = false
Info [interflop-ieee]: count-op = false
All_Command_lines_OK
Using double precision for computations.
=============================================================================
The composite transform comprises the following transforms (in order): 
  1. /home/mdugre/scratch/mri-registration-rp/datasets/ds004513/derivatives/mri-registration-rp/0001/antsRegistration-r7-p20/sub-s020/align_Composite.h5[0] (type = Euler3DTransform)
  2. /home/mdugre/scratch/mri-registration-rp/datasets/ds004513/derivatives/mri-registration-rp/0001/antsRegistration-r7-p20/sub-s020/align_Composite.h5[1] (type = Euler3DTransform)
=============================================================================
  number of levels = 4
  fixed image: /templateflow/tpl-MNI152NLin2009cAsym/tpl-MNI152NLin2009cAsym_res-01_desc-brain_T1w.nii.gz
  moving image: /home/mdugre/scratch/mri-registration-rp/datasets/ds004513/derivatives/mri-registration-rp/antsBrainExtraction/sub-s020/BrainExtractionBrain.nii.gz
Dimension = 3
Number of stages = 1
Use histogram matching = false
Winsorize image intensities = true
  Lower quantile = 0.005
  Upper quantile = 0.995


Stage 1 State
   Image metric = MattesMI
     Fixed image = Image (0x3c01530)
  RTTI typeinfo:   itk::Image<double, 3u>
  Reference Count: 2
  Modified Time: 1580
  Debug: Off
  Object Name: 
  Observers: 
    none
  Source: (none)
  Source output name: (none)
  Release Data: Off
  Data Released: False
  Global Release Data: Off
  PipelineMTime: 0
  UpdateMTime: 1189
  RealTimeStamp: 0 seconds 
  LargestPossibleRegion: 
    Dimension: 3
    Index: [0, 0, 0]
    Size: [193, 229, 193]
  BufferedRegion: 
    Dimension: 3
    Index: [0, 0, 0]
    Size: [193, 229, 193]
  RequestedRegion: 
    Dimension: 3
    Index: [0, 0, 0]
    Size: [193, 229, 193]
  Spacing: [1, 1, 1]
  Origin: [96, 132, -78]
  Direction: 
-1 0 0
0 -1 0
0 0 1

  IndexToPointMatrix: 
-1 0 0
0 -1 0
0 0 1

  PointToIndexMatrix: 
-1 0 0
0 -1 0
0 0 1

  Inverse Direction: 
-1 0 0
0 -1 0
0 0 1

  PixelContainer: 
    ImportImageContainer (0x3cbfd60)
      RTTI typeinfo:   itk::ImportImageContainer<unsigned long, double>
      Reference Count: 1
      Modified Time: 1186
      Debug: Off
      Object Name: 
      Observers: 
        none
      Pointer: 0x14bf02a22010
      Container manages memory: true
      Size: 8530021
      Capacity: 8530021

     Moving image = Image (0x3cb1f60)
  RTTI typeinfo:   itk::Image<double, 3u>
  Reference Count: 2
  Modified Time: 1581
  Debug: Off
  Object Name: 
  Observers: 
    none
  Source: (none)
  Source output name: (none)
  Release Data: Off
  Data Released: False
  Global Release Data: Off
  PipelineMTime: 0
  UpdateMTime: 1578
  RealTimeStamp: 0 seconds 
  LargestPossibleRegion: 
    Dimension: 3
    Index: [0, 0, 0]
    Size: [160, 240, 256]
  BufferedRegion: 
    Dimension: 3
    Index: [0, 0, 0]
    Size: [160, 240, 256]
  RequestedRegion: 
    Dimension: 3
    Index: [0, 0, 0]
    Size: [160, 240, 256]
  Spacing: [0.999995, 1, 1]
  Origin: [87.0906, 98.7205, -152.377]
  Direction: 
-0.996975 0.0261379 -0.0731913
-0.0260677 -0.999658 -0.00191374
-0.0732163 -2.46403e-08 0.997316

  IndexToPointMatrix: 
-0.996971 0.0261379 -0.0731913
-0.0260676 -0.999658 -0.00191374
-0.0732159 -2.46403e-08 0.997316

  PointToIndexMatrix: 
-0.99698 -0.0260679 -0.0732166
0.0261379 -0.999658 -2.46993e-08
-0.0731913 -0.00191374 0.997316

  Inverse Direction: 
-0.996975 -0.0260677 -0.0732163
0.0261379 -0.999658 -2.46993e-08
-0.0731913 -0.00191374 0.997316

  PixelContainer: 
    ImportImageContainer (0x3ca36d0)
      RTTI typeinfo:   itk::ImportImageContainer<unsigned long, double>
      Reference Count: 1
      Modified Time: 1575
      Debug: Off
      Object Name: 
      Observers: 
        none
      Pointer: 0x14befdf21010
      Container manages memory: true
      Size: 9830400
      Capacity: 9830400

     Weighting = 1
     Sampling strategy = regular
     Number of bins = 32
     Radius = 4
     Sampling percentage  = 0.25
   Transform = Rigid
     Gradient step = 0.1
     Update field sigma (voxel space) = 0
     Total field sigma (voxel space) = 0
     Update field time sigma = 0
     Total field time sigma  = 0
     Number of time indices = 0
     Number of time point samples = 0
Registration using 1 total stages.

Stage 0
  iterations = 1000x500x250x100
  convergence threshold = 1e-06
  convergence window size = 10
  number of levels = 4
  using the Mattes MI metric (number of bins = 32, weight = 1, use gradient filter = 0)
  preprocessing:  winsorizing the image intensities
  Shrink factors (level 1 out of 4): [8, 8, 8]
  Shrink factors (level 2 out of 4): [4, 4, 4]
  Shrink factors (level 3 out of 4): [2, 2, 2]
  Shrink factors (level 4 out of 4): [1, 1, 1]
  smoothing sigmas per level: [3, 2, 1, 0]
  regular sampling (percentage = 0.25)

*** Running Euler3DTransform registration ***

DIAGNOSTIC,Iteration,metricValue,convergenceValue,ITERATION_TIME_INDEX,SINCE_LAST
 2DIAGNOSTIC,     1, -3.791273390751e-01, 1.797693134862e+308, 7.6436e-01, 7.6436e-01, 
 2DIAGNOSTIC,     2, -3.803606001643e-01, 1.797693134862e+308, 7.6897e-01, 4.6139e-03, 
 2DIAGNOSTIC,     3, -3.828962034719e-01, 1.797693134862e+308, 7.7409e-01, 5.1150e-03, 
 2DIAGNOSTIC,     4, -3.876122532015e-01, 1.797693134862e+308, 7.7936e-01, 5.2781e-03, 
 2DIAGNOSTIC,     5, -3.904935334081e-01, 1.797693134862e+308, 7.8425e-01, 4.8840e-03, 
 2DIAGNOSTIC,     6, -3.911039700181e-01, 1.797693134862e+308, 7.8909e-01, 4.8411e-03, 
 2DIAGNOSTIC,     7, -3.914905453856e-01, 1.797693134862e+308, 7.9386e-01, 4.7741e-03, 
 2DIAGNOSTIC,     8, -3.925629083064e-01, 1.797693134862e+308, 7.9834e-01, 4.4780e-03, 
 2DIAGNOSTIC,     9, -3.981570789235e-01, 1.797693134862e+308, 8.0351e-01, 5.1639e-03, 
 2DIAGNOSTIC,    10, -4.079218556696e-01, 3.866687266231e-03, 8.0942e-01, 5.9109e-03, 
 2DIAGNOSTIC,    11, -4.246779602407e-01, 4.904320352957e-03, 8.1458e-01, 5.1641e-03, 
 2DIAGNOSTIC,    12, -4.297045200929e-01, 5.673254149498e-03, 8.1917e-01, 4.5860e-03, 
 2DIAGNOSTIC,    13, -4.335692915518e-01, 6.156954111693e-03, 8.2439e-01, 5.2269e-03, 
 2DIAGNOSTIC,    14, -4.439932007372e-01, 6.764094567471e-03, 8.2891e-01, 4.5209e-03, 
 2DIAGNOSTIC,    15, -4.466217674691e-01, 6.904768051839e-03, 8.3412e-01, 5.2078e-03, 
 2DIAGNOSTIC,    16, -4.513528166462e-01, 6.619270361918e-03, 8.3863e-01, 4.5090e-03, 
 2DIAGNOSTIC,    17, -4.528510993298e-01, 5.844785609489e-03, 8.4402e-01, 5.3930e-03, 
 2DIAGNOSTIC,    18, -4.555717392133e-01, 4.777374779329e-03, 8.5086e-01, 6.8371e-03, 
 2DIAGNOSTIC,    19, -4.559551097861e-01, 3.601534525102e-03, 8.5534e-01, 4.4811e-03, 
 2DIAGNOSTIC,    20, -4.573566854687e-01, 2.586717803597e-03, 8.6213e-01, 6.7880e-03, 
 2DIAGNOSTIC,    21, -4.575250491592e-01, 1.982980704622e-03, 8.6669e-01, 4.5650e-03, 
 2DIAGNOSTIC,    22, -4.577284459839e-01, 1.415650535503e-03, 8.7173e-01, 5.0349e-03, 
 2DIAGNOSTIC,    23, -4.579446166164e-01, 8.825911708742e-04, 8.7610e-01, 4.3700e-03, 
 2DIAGNOSTIC,    24, -4.580221649170e-01, 6.077398698893e-04, 8.8047e-01, 4.3662e-03, 
 2DIAGNOSTIC,    25, -4.581755371768e-01, 3.715340249825e-04, 8.8486e-01, 4.3981e-03, 
 2DIAGNOSTIC,    26, -4.586245707215e-01, 2.523989440262e-04, 8.8939e-01, 4.5280e-03, 
 2DIAGNOSTIC,    27, -4.589284810156e-01, 1.618328416070e-04, 8.9604e-01, 6.6438e-03, 
 2DIAGNOSTIC,    28, -4.591711919727e-01, 1.332203843029e-04, 9.0051e-01, 4.4711e-03, 
 2DIAGNOSTIC,    29, -4.592801718308e-01, 1.047259038671e-04, 9.0492e-01, 4.4150e-03, 
 2DIAGNOSTIC,    30, -4.596801415989e-01, 1.080849692639e-04, 9.1141e-01, 6.4890e-03, 
 2DIAGNOSTIC,    31, -4.599400921865e-01, 1.098242745007e-04, 9.1582e-01, 4.4081e-03, 
 2DIAGNOSTIC,    32, -4.599350911328e-01, 1.050017667148e-04, 9.2016e-01, 4.3380e-03, 
 2DIAGNOSTIC,    33, -4.600736832649e-01, 9.790918236257e-05, 9.2461e-01, 4.4549e-03, 
 2DIAGNOSTIC,    34, -4.601771153917e-01, 8.559307724113e-05, 9.2955e-01, 4.9400e-03, 
 2DIAGNOSTIC,    35, -4.602316379881e-01, 6.959704133477e-05, 9.3553e-01, 5.9760e-03, 
 2DIAGNOSTIC,    36, -4.602528639307e-01, 5.639166936097e-05, 9.3998e-01, 4.4470e-03, 
 2DIAGNOSTIC,    37, -4.604055816869e-01, 4.671996417166e-05, 9.4439e-01, 4.4100e-03, 
 2DIAGNOSTIC,    38, -4.610443080400e-01, 4.829787720706e-05, 9.4932e-01, 4.9300e-03, 
 2DIAGNOSTIC,    39, -4.612221895495e-01, 4.960131206099e-05, 9.5367e-01, 4.3499e-03, 
 2DIAGNOSTIC,    40, -4.612072583235e-01, 5.240665368323e-05, 9.5917e-01, 5.5079e-03, 
 2DIAGNOSTIC,    41, -4.615216334687e-01, 5.946025108431e-05, 9.6361e-01, 4.4379e-03, 
 2DIAGNOSTIC,    42, -4.616712289567e-01, 6.259037130322e-05, 9.6856e-01, 4.9450e-03, 
 2DIAGNOSTIC,    43, -4.620579625900e-01, 6.733616120514e-05, 9.7358e-01, 5.0271e-03, 
 2DIAGNOSTIC,    44, -4.631180053158e-01, 8.242704299165e-05, 9.7920e-01, 5.6169e-03, 
 2DIAGNOSTIC,    45, -4.648473133428e-01, 1.143473063706e-04, 9.8361e-01, 4.4141e-03, 
 2DIAGNOSTIC,    46, -4.649555921379e-01, 1.353404547706e-04, 9.8819e-01, 4.5719e-03, 
 2DIAGNOSTIC,    47, -4.651793377577e-01, 1.478509819002e-04, 9.9264e-01, 4.4580e-03, 
 2DIAGNOSTIC,    48, -4.675086679131e-01, 1.855670907652e-04, 9.9877e-01, 6.1290e-03, 
 2DIAGNOSTIC,    49, -4.680873069425e-01, 2.127941568762e-04, 1.0033e+00, 4.5760e-03, 
 2DIAGNOSTIC,    50, -4.682315364599e-01, 2.199698224975e-04, 1.0083e+00, 4.9710e-03, 
 2DIAGNOSTIC,    51, -4.687426889268e-01, 2.168094229880e-04, 1.0137e+00, 5.3968e-03, 
 2DIAGNOSTIC,    52, -4.691396732273e-01, 1.999416235981e-04, 1.0181e+00, 4.4069e-03, 
 2DIAGNOSTIC,    53, -4.700838392870e-01, 1.800223082555e-04, 1.0226e+00, 4.5011e-03, 
 2DIAGNOSTIC,    54, -4.710442230814e-01, 1.666117165241e-04, 1.0293e+00, 6.7129e-03, 
 2DIAGNOSTIC,    55, -4.713135540772e-01, 1.611846014993e-04, 1.0339e+00, 4.5140e-03, 
 2DIAGNOSTIC,    56, -4.722617581712e-01, 1.530011427835e-04, 1.0383e+00, 4.4050e-03, 
 2DIAGNOSTIC,    57, -4.725766548146e-01, 1.356267709794e-04, 1.0426e+00, 4.3688e-03, 
 2DIAGNOSTIC,    58, -4.733754907680e-01, 1.399349229240e-04, 1.0471e+00, 4.5109e-03, 
 2DIAGNOSTIC,    59, -4.741265516682e-01, 1.448244173818e-04, 1.0516e+00, 4.5040e-03, 
 2DIAGNOSTIC,    60, -4.756380305662e-01, 1.530229200257e-04, 1.0577e+00, 6.1040e-03, 
 2DIAGNOSTIC,    61, -4.759481550774e-01, 1.545586147554e-04, 1.0716e+00, 1.3900e-02, 
 2DIAGNOSTIC,    62, -4.759481273589e-01, 1.452700027011e-04, 1.0760e+00, 4.3361e-03, 
 2DIAGNOSTIC,    63, -4.759481795726e-01, 1.318657362134e-04, 1.0803e+00, 4.3051e-03, 
 2DIAGNOSTIC,    64, -4.759482678505e-01, 1.156709586523e-04, 1.0846e+00, 4.3621e-03, 
 2DIAGNOSTIC,    65, -4.759484170509e-01, 9.115086194433e-05, 1.0889e+00, 4.2851e-03, 
 2DIAGNOSTIC,    66, -4.759486691291e-01, 6.776639669873e-05, 1.0934e+00, 4.4601e-03, 
 2DIAGNOSTIC,    67, -4.759490947686e-01, 4.169678743227e-05, 1.0978e+00, 4.3690e-03, 
 2DIAGNOSTIC,    68, -4.759498127468e-01, 1.988211883728e-05, 1.1021e+00, 4.3409e-03, 
 2DIAGNOSTIC,    69, -4.759510218118e-01, 3.358936702075e-06, 1.1064e+00, 4.3380e-03, 
DIAGNOSTIC,Iteration,metricValue,convergenceValue,ITERATION_TIME_INDEX,SINCE_LAST
 2DIAGNOSTIC,     1, -3.882578938373e-01, 1.797693134862e+308, 1.9053e+00, 7.9887e-01, 
 2DIAGNOSTIC,     2, -3.885837606433e-01, 1.797693134862e+308, 1.9368e+00, 3.1534e-02, 
 2DIAGNOSTIC,     3, -3.890335002883e-01, 1.797693134862e+308, 1.9682e+00, 3.1303e-02, 
 2DIAGNOSTIC,     4, -3.896642808960e-01, 1.797693134862e+308, 1.9990e+00, 3.0825e-02, 
 2DIAGNOSTIC,     5, -3.906707719640e-01, 1.797693134862e+308, 2.0301e+00, 3.1095e-02, 
 2DIAGNOSTIC,     6, -3.917428508429e-01, 1.797693134862e+308, 2.0659e+00, 3.5843e-02, 
 2DIAGNOSTIC,     7, -3.927482267921e-01, 1.797693134862e+308, 2.1052e+00, 3.9255e-02, 
 2DIAGNOSTIC,     8, -3.934672263239e-01, 1.797693134862e+308, 2.1358e+00, 3.0658e-02, 
 2DIAGNOSTIC,     9, -3.941237731661e-01, 1.797693134862e+308, 2.1669e+00, 3.1101e-02, 
 2DIAGNOSTIC,    10, -3.950461386610e-01, 1.191184723231e-03, 2.1972e+00, 3.0261e-02, 
 2DIAGNOSTIC,    11, -3.972955436569e-01, 1.227063164221e-03, 2.2331e+00, 3.5863e-02, 
 2DIAGNOSTIC,    12, -3.986262217980e-01, 1.243573511309e-03, 2.2696e+00, 3.6584e-02, 
 2DIAGNOSTIC,    13, -4.007372880349e-01, 1.287396723118e-03, 2.3037e+00, 3.4024e-02, 
 2DIAGNOSTIC,    14, -4.059782712005e-01, 1.508423625941e-03, 2.3357e+00, 3.2061e-02, 
 2DIAGNOSTIC,    15, -4.112670647946e-01, 1.855849791088e-03, 2.3838e+00, 4.8045e-02, 
 2DIAGNOSTIC,    16, -4.136078314927e-01, 2.135959199246e-03, 2.4150e+00, 3.1269e-02, 
 2DIAGNOSTIC,    17, -4.170823313141e-01, 2.375012146666e-03, 2.4522e+00, 3.7143e-02, 
 2DIAGNOSTIC,    18, -4.178513380820e-01, 2.425677168220e-03, 2.4850e+00, 3.2780e-02, 
 2DIAGNOSTIC,    19, -4.180088028599e-01, 2.275800945881e-03, 2.5145e+00, 2.9548e-02, 
 2DIAGNOSTIC,    20, -4.184100590228e-01, 1.975090843403e-03, 2.5444e+00, 2.9889e-02, 
 2DIAGNOSTIC,    21, -4.187733678468e-01, 1.608897229148e-03, 2.5737e+00, 2.9316e-02, 
 2DIAGNOSTIC,    22, -4.193686503520e-01, 1.189853465068e-03, 2.6077e+00, 3.3941e-02, 
 2DIAGNOSTIC,    23, -4.198156454654e-01, 7.736517082391e-04, 2.6526e+00, 4.4939e-02, 
 2DIAGNOSTIC,    24, -4.203564011093e-01, 4.886475457342e-04, 2.6900e+00, 3.7399e-02, 
 2DIAGNOSTIC,    25, -4.204559984620e-01, 3.325086717435e-04, 2.7231e+00, 3.3151e-02, 
 2DIAGNOSTIC,    26, -4.204766307015e-01, 2.191209301023e-04, 2.7527e+00, 2.9589e-02, 
 2DIAGNOSTIC,    27, -4.207604341397e-01, 1.910257882588e-04, 2.7873e+00, 3.4570e-02, 
 2DIAGNOSTIC,    28, -4.209451681154e-01, 1.706664779967e-04, 2.8342e+00, 4.6943e-02, 
 2DIAGNOSTIC,    29, -4.209383190038e-01, 1.391591673965e-04, 2.8674e+00, 3.3112e-02, 
 2DIAGNOSTIC,    30, -4.209869261584e-01, 1.074243439267e-04, 2.8960e+00, 2.8628e-02, 
 2DIAGNOSTIC,    31, -4.210467379409e-01, 7.719639909966e-05, 2.9280e+00, 3.2010e-02, 
 2DIAGNOSTIC,    32, -4.211977083201e-01, 5.770366892310e-05, 2.9659e+00, 3.7922e-02, 
 2DIAGNOSTIC,    33, -4.213378177805e-01, 4.599629358007e-05, 2.9953e+00, 2.9404e-02, 
 2DIAGNOSTIC,    34, -4.215045399767e-01, 4.519608932724e-05, 3.0323e+00, 3.6993e-02, 
 2DIAGNOSTIC,    35, -4.221432238260e-01, 5.497524708322e-05, 3.0769e+00, 4.4572e-02, 
 2DIAGNOSTIC,    36, -4.222096125572e-01, 6.031766119132e-05, 3.1120e+00, 3.5074e-02, 
 2DIAGNOSTIC,    37, -4.224889126975e-01, 7.027566531575e-05, 3.1458e+00, 3.3847e-02, 
 2DIAGNOSTIC,    38, -4.228013092440e-01, 8.217761910003e-05, 3.1798e+00, 3.4006e-02, 
 2DIAGNOSTIC,    39, -4.235355087711e-01, 9.846209253318e-05, 3.2482e+00, 6.8405e-02, 
 2DIAGNOSTIC,    40, -4.235523629283e-01, 1.053569294358e-04, 3.2820e+00, 3.3812e-02, 
 2DIAGNOSTIC,    41, -4.235837111058e-01, 1.036242558550e-04, 3.3152e+00, 3.3170e-02, 
 2DIAGNOSTIC,    42, -4.236183512973e-01, 9.543972099937e-05, 3.3448e+00, 2.9559e-02, 
 2DIAGNOSTIC,    43, -4.236754691778e-01, 8.168728341038e-05, 3.3744e+00, 2.9635e-02, 
 2DIAGNOSTIC,    44, -4.237507119612e-01, 6.421146050755e-05, 3.4019e+00, 2.7557e-02, 
 2DIAGNOSTIC,    45, -4.238520708595e-01, 5.284055372700e-05, 3.4294e+00, 2.7468e-02, 
 2DIAGNOSTIC,    46, -4.240059262015e-01, 4.038057397346e-05, 3.4608e+00, 3.1356e-02, 
 2DIAGNOSTIC,    47, -4.240725422545e-01, 2.969667866758e-05, 3.4921e+00, 3.1356e-02, 
 2DIAGNOSTIC,    48, -4.240860156808e-01, 2.107631458317e-05, 3.5290e+00, 3.6884e-02, 
 2DIAGNOSTIC,    49, -4.240803602271e-01, 2.110940072883e-05, 3.5624e+00, 3.3348e-02, 
 2DIAGNOSTIC,    50, -4.240670426928e-01, 1.922132539455e-05, 3.5952e+00, 3.2845e-02, 
 2DIAGNOSTIC,    51, -4.240616525578e-01, 1.595511930465e-05, 3.6281e+00, 3.2868e-02, 
 2DIAGNOSTIC,    52, -4.240569959538e-01, 1.173267050701e-05, 3.6631e+00, 3.5017e-02, 
 2DIAGNOSTIC,    53, -4.240596074936e-01, 7.394040523901e-06, 3.6965e+00, 3.3374e-02, 
 2DIAGNOSTIC,    54, -4.240615368116e-01, 3.548580233000e-06, 3.7296e+00, 3.3168e-02, 
DIAGNOSTIC,Iteration,metricValue,convergenceValue,ITERATION_TIME_INDEX,SINCE_LAST
 2DIAGNOSTIC,     1, -3.616246615005e-01, 1.797693134862e+308, 4.9226e+00, 1.1930e+00, 
 2DIAGNOSTIC,     2, -3.616419194300e-01, 1.797693134862e+308, 5.2357e+00, 3.1308e-01, 
 2DIAGNOSTIC,     3, -3.616420502870e-01, 1.797693134862e+308, 5.5073e+00, 2.7161e-01, 
 2DIAGNOSTIC,     4, -3.616407037744e-01, 1.797693134862e+308, 5.8436e+00, 3.3630e-01, 
 2DIAGNOSTIC,     5, -3.616402385028e-01, 1.797693134862e+308, 6.1800e+00, 3.3640e-01, 
 2DIAGNOSTIC,     6, -3.616395201678e-01, 1.797693134862e+308, 6.4880e+00, 3.0801e-01, 
 2DIAGNOSTIC,     7, -3.616385575134e-01, 1.797693134862e+308, 6.7343e+00, 2.4623e-01, 
 2DIAGNOSTIC,     8, -3.616368935569e-01, 1.797693134862e+308, 7.0464e+00, 3.1214e-01, 
 2DIAGNOSTIC,     9, -3.616362239884e-01, 1.797693134862e+308, 7.2929e+00, 2.4649e-01, 
 2DIAGNOSTIC,    10, -3.616363332886e-01, 3.334628254192e-06, 7.5210e+00, 2.2805e-01, 
 2DIAGNOSTIC,    11, -3.616356724339e-01, 1.741032938429e-06, 7.7855e+00, 2.6454e-01, 
 2DIAGNOSTIC,    12, -3.616364854244e-01, 1.700162663140e-06, 8.2086e+00, 4.2309e-01, 
 2DIAGNOSTIC,    13, -3.616356474235e-01, 1.710244703121e-06, 8.5557e+00, 3.4711e-01, 
 2DIAGNOSTIC,    14, -3.616345614934e-01, 1.650886241891e-06, 8.8373e+00, 2.8162e-01, 
 2DIAGNOSTIC,    15, -3.616327598296e-01, 1.538397677650e-06, 9.0787e+00, 2.4137e-01, 
 2DIAGNOSTIC,    16, -3.616323479952e-01, 1.439279988913e-06, 9.3241e+00, 2.4538e-01, 
 2DIAGNOSTIC,    17, -3.616333927320e-01, 1.406406379093e-06, 9.5689e+00, 2.4482e-01, 
 2DIAGNOSTIC,    18, -3.616334188852e-01, 1.346895369320e-06, 9.8444e+00, 2.7549e-01, 
 2DIAGNOSTIC,    19, -3.616325544225e-01, 1.270616255801e-06, 1.0083e+01, 2.3888e-01, 
 2DIAGNOSTIC,    20, -3.616332799314e-01, 1.275930798343e-06, 1.0321e+01, 2.3740e-01, 
 2DIAGNOSTIC,    21, -3.616332518012e-01, 1.281560061038e-06, 1.0560e+01, 2.3970e-01, 
 2DIAGNOSTIC,    22, -3.616347789891e-01, 1.390646338077e-06, 1.0834e+01, 2.7404e-01, 
 2DIAGNOSTIC,    23, -3.616348583721e-01, 1.468449049559e-06, 1.1102e+01, 2.6753e-01, 
 2DIAGNOSTIC,    24, -3.616331181848e-01, 1.442205381209e-06, 1.1410e+01, 3.0772e-01, 
 2DIAGNOSTIC,    25, -3.616335684830e-01, 1.367489717130e-06, 1.1789e+01, 3.7962e-01, 
 2DIAGNOSTIC,    26, -3.616336824586e-01, 1.278025399183e-06, 1.2061e+01, 2.7172e-01, 
 2DIAGNOSTIC,    27, -3.616324835845e-01, 1.184064157840e-06, 1.2329e+01, 2.6763e-01, 
 2DIAGNOSTIC,    28, -3.616319295925e-01, 1.083561440032e-06, 1.2636e+01, 3.0716e-01, 
DIAGNOSTIC,Iteration,metricValue,convergenceValue,ITERATION_TIME_INDEX,SINCE_LAST
 2DIAGNOSTIC,     1, -3.324144244782e-01, 1.797693134862e+308, 1.5301e+01, 2.6651e+00, 
 2DIAGNOSTIC,     2, -3.324331809418e-01, 1.797693134862e+308, 1.7061e+01, 1.7604e+00, 
 2DIAGNOSTIC,     3, -3.324773527752e-01, 1.797693134862e+308, 1.8546e+01, 1.4844e+00, 
 2DIAGNOSTIC,     4, -3.324859699970e-01, 1.797693134862e+308, 2.0042e+01, 1.4961e+00, 
 2DIAGNOSTIC,     5, -3.324954545947e-01, 1.797693134862e+308, 2.1496e+01, 1.4539e+00, 
 2DIAGNOSTIC,     6, -3.325701603114e-01, 1.797693134862e+308, 2.3776e+01, 2.2804e+00, 
 2DIAGNOSTIC,     7, -3.325878761089e-01, 1.797693134862e+308, 2.7441e+01, 3.6650e+00, 
 2DIAGNOSTIC,     8, -3.325877393607e-01, 1.797693134862e+308, 2.8793e+01, 1.3522e+00, 
 2DIAGNOSTIC,     9, -3.325877582970e-01, 1.797693134862e+308, 3.0245e+01, 1.4520e+00, 
 2DIAGNOSTIC,    10, -3.325877899763e-01, 4.128619272503e-05, 3.1714e+01, 1.4685e+00, 
 2DIAGNOSTIC,    11, -3.325878438555e-01, 3.153322792798e-05, 3.3331e+01, 1.6174e+00, 
 2DIAGNOSTIC,    12, -3.325879778633e-01, 2.207032358892e-05, 3.4740e+01, 1.4091e+00, 
 2DIAGNOSTIC,    13, -3.325878776677e-01, 1.527454243570e-05, 3.6222e+01, 1.4819e+00, 
 2DIAGNOSTIC,    14, -3.325881993986e-01, 8.886711679743e-06, 3.7629e+01, 1.4067e+00, 
 2DIAGNOSTIC,    15, -3.325885923721e-01, 3.199109346583e-06, 3.9452e+01, 1.8236e+00, 
 2DIAGNOSTIC,    16, -3.325887355076e-01, 2.093985582943e-06, 4.1169e+01, 1.7169e+00, 
 2DIAGNOSTIC,    17, -3.325885592445e-01, 1.991358934229e-06, 4.2518e+01, 1.3487e+00, 
 2DIAGNOSTIC,    18, -3.325884053105e-01, 1.875910681466e-06, 4.3998e+01, 1.4801e+00, 
 2DIAGNOSTIC,    19, -3.325885529791e-01, 1.770056071763e-06, 4.5282e+01, 1.2836e+00, 
 2DIAGNOSTIC,    20, -3.325888215293e-01, 1.677918947326e-06, 4.6624e+01, 1.3420e+00, 
 2DIAGNOSTIC,    21, -3.325891751733e-01, 1.602546671538e-06, 4.7951e+01, 1.3275e+00, 
 2DIAGNOSTIC,    22, -3.325897385138e-01, 1.553386864625e-06, 4.9404e+01, 1.4529e+00, 
 2DIAGNOSTIC,    23, -3.325905827674e-01, 1.525846721070e-06, 5.1050e+01, 1.6460e+00, 
 2DIAGNOSTIC,    24, -3.325910641278e-01, 1.514863910333e-06, 5.2373e+01, 1.3226e+00, 
 2DIAGNOSTIC,    25, -3.325918162551e-01, 1.525796820577e-06, 5.3836e+01, 1.4638e+00, 
 2DIAGNOSTIC,    26, -3.325947639089e-01, 1.613474887092e-06, 5.5277e+01, 1.4403e+00, 
 2DIAGNOSTIC,    27, -3.325991325206e-01, 1.788378557223e-06, 5.6718e+01, 1.4409e+00, 
 2DIAGNOSTIC,    28, -3.326018548937e-01, 1.968863821908e-06, 5.8157e+01, 1.4397e+00, 
 2DIAGNOSTIC,    29, -3.326068331454e-01, 2.209732477713e-06, 5.9620e+01, 1.4631e+00, 
 2DIAGNOSTIC,    30, -3.326120824383e-01, 2.484978482181e-06, 6.1019e+01, 1.3989e+00, 
 2DIAGNOSTIC,    31, -3.326238518627e-01, 2.938689916583e-06, 6.2494e+01, 1.4744e+00, 
 2DIAGNOSTIC,    32, -3.326466757633e-01, 3.799525263144e-06, 6.4717e+01, 2.2236e+00, 
 2DIAGNOSTIC,    33, -3.326520769162e-01, 4.491824063674e-06, 6.6224e+01, 1.5064e+00, 
 2DIAGNOSTIC,    34, -3.326528232884e-01, 4.846461515010e-06, 6.8029e+01, 1.8054e+00, 
 2DIAGNOSTIC,    35, -3.326526877144e-01, 4.831045717076e-06, 6.9911e+01, 1.8819e+00, 
 2DIAGNOSTIC,    36, -3.326526385113e-01, 4.507222733728e-06, 7.1524e+01, 1.6133e+00, 
 2DIAGNOSTIC,    37, -3.326524621001e-01, 3.944339783905e-06, 7.2799e+01, 1.2748e+00, 
 2DIAGNOSTIC,    38, -3.326522417422e-01, 3.172128730956e-06, 7.4359e+01, 1.5597e+00, 
 2DIAGNOSTIC,    39, -3.326527126432e-01, 2.343728538513e-06, 7.6004e+01, 1.6453e+00, 
 2DIAGNOSTIC,    40, -3.326526344907e-01, 1.521649501370e-06, 7.7441e+01, 1.4364e+00, 
  Elapsed time (stage 0): 7.8269e+01


Total elapsed time: 7.8280e+01
Info [verificarlo]: loaded backend libinterflop_ieee.so
Info [interflop-ieee]: load backend with:
Info [interflop-ieee]: debug = false
Info [interflop-ieee]: debug-binary = false
Info [interflop-ieee]: no-backend-name = false
Info [interflop-ieee]: print-new-line = false
Info [interflop-ieee]: print-subnormal-normalized = false
Info [interflop-ieee]: count-op = false
All_Command_lines_OK
Using double precision for computations.
=============================================================================
The composite transform comprises the following transforms (in order): 
  1. /home/mdugre/scratch/mri-registration-rp/datasets/ds004513/derivatives/mri-registration-rp/0001/antsRegistration-r7-p20/sub-s020/rigid_Composite.h5[0] (type = Euler3DTransform)
  2. /home/mdugre/scratch/mri-registration-rp/datasets/ds004513/derivatives/mri-registration-rp/0001/antsRegistration-r7-p20/sub-s020/rigid_Composite.h5[1] (type = Euler3DTransform)
  3. /home/mdugre/scratch/mri-registration-rp/datasets/ds004513/derivatives/mri-registration-rp/0001/antsRegistration-r7-p20/sub-s020/rigid_Composite.h5[2] (type = Euler3DTransform)
=============================================================================
  number of levels = 4
  fixed image: /templateflow/tpl-MNI152NLin2009cAsym/tpl-MNI152NLin2009cAsym_res-01_desc-brain_T1w.nii.gz
  moving image: /home/mdugre/scratch/mri-registration-rp/datasets/ds004513/derivatives/mri-registration-rp/antsBrainExtraction/sub-s020/BrainExtractionBrain.nii.gz
Dimension = 3
Number of stages = 1
Use histogram matching = false
Winsorize image intensities = true
  Lower quantile = 0.005
  Upper quantile = 0.995


Stage 1 State
   Image metric = MattesMI
     Fixed image = Image (0x365f7e0)
  RTTI typeinfo:   itk::Image<double, 3u>
  Reference Count: 2
  Modified Time: 1594
  Debug: Off
  Object Name: 
  Observers: 
    none
  Source: (none)
  Source output name: (none)
  Release Data: Off
  Data Released: False
  Global Release Data: Off
  PipelineMTime: 0
  UpdateMTime: 1203
  RealTimeStamp: 0 seconds 
  LargestPossibleRegion: 
    Dimension: 3
    Index: [0, 0, 0]
    Size: [193, 229, 193]
  BufferedRegion: 
    Dimension: 3
    Index: [0, 0, 0]
    Size: [193, 229, 193]
  RequestedRegion: 
    Dimension: 3
    Index: [0, 0, 0]
    Size: [193, 229, 193]
  Spacing: [1, 1, 1]
  Origin: [96, 132, -78]
  Direction: 
-1 0 0
0 -1 0
0 0 1

  IndexToPointMatrix: 
-1 0 0
0 -1 0
0 0 1

  PointToIndexMatrix: 
-1 0 0
0 -1 0
0 0 1

  Inverse Direction: 
-1 0 0
0 -1 0
0 0 1

  PixelContainer: 
    ImportImageContainer (0x371fa20)
      RTTI typeinfo:   itk::ImportImageContainer<unsigned long, double>
      Reference Count: 1
      Modified Time: 1200
      Debug: Off
      Object Name: 
      Observers: 
        none
      Pointer: 0x1482f5c0d010
      Container manages memory: true
      Size: 8530021
      Capacity: 8530021

     Moving image = Image (0x371ad70)
  RTTI typeinfo:   itk::Image<double, 3u>
  Reference Count: 2
  Modified Time: 1595
  Debug: Off
  Object Name: 
  Observers: 
    none
  Source: (none)
  Source output name: (none)
  Release Data: Off
  Data Released: False
  Global Release Data: Off
  PipelineMTime: 0
  UpdateMTime: 1592
  RealTimeStamp: 0 seconds 
  LargestPossibleRegion: 
    Dimension: 3
    Index: [0, 0, 0]
    Size: [160, 240, 256]
  BufferedRegion: 
    Dimension: 3
    Index: [0, 0, 0]
    Size: [160, 240, 256]
  RequestedRegion: 
    Dimension: 3
    Index: [0, 0, 0]
    Size: [160, 240, 256]
  Spacing: [0.999995, 1, 1]
  Origin: [87.0906, 98.7205, -152.377]
  Direction: 
-0.996975 0.0261379 -0.0731913
-0.0260677 -0.999658 -0.00191374
-0.0732163 -2.46403e-08 0.997316

  IndexToPointMatrix: 
-0.996971 0.0261379 -0.0731913
-0.0260676 -0.999658 -0.00191374
-0.0732159 -2.46403e-08 0.997316

  PointToIndexMatrix: 
-0.99698 -0.0260679 -0.0732166
0.0261379 -0.999658 -2.46993e-08
-0.0731913 -0.00191374 0.997316

  Inverse Direction: 
-0.996975 -0.0260677 -0.0732163
0.0261379 -0.999658 -2.46993e-08
-0.0731913 -0.00191374 0.997316

  PixelContainer: 
    ImportImageContainer (0x36d2c90)
      RTTI typeinfo:   itk::ImportImageContainer<unsigned long, double>
      Reference Count: 1
      Modified Time: 1589
      Debug: Off
      Object Name: 
      Observers: 
        none
      Pointer: 0x1482f110c010
      Container manages memory: true
      Size: 9830400
      Capacity: 9830400

     Weighting = 1
     Sampling strategy = regular
     Number of bins = 32
     Radius = 4
     Sampling percentage  = 0.25
   Transform = Affine
     Gradient step = 0.1
     Update field sigma (voxel space) = 0
     Total field sigma (voxel space) = 0
     Update field time sigma = 0
     Total field time sigma  = 0
     Number of time indices = 0
     Number of time point samples = 0
Registration using 1 total stages.

Stage 0
  iterations = 1000x500x250x100
  convergence threshold = 1e-06
  convergence window size = 10
  number of levels = 4
  using the Mattes MI metric (number of bins = 32, weight = 1, use gradient filter = 0)
  preprocessing:  winsorizing the image intensities
  Shrink factors (level 1 out of 4): [8, 8, 8]
  Shrink factors (level 2 out of 4): [4, 4, 4]
  Shrink factors (level 3 out of 4): [2, 2, 2]
  Shrink factors (level 4 out of 4): [1, 1, 1]
  smoothing sigmas per level: [3, 2, 1, 0]
  regular sampling (percentage = 0.25)

*** Running AffineTransform registration ***

DIAGNOSTIC,Iteration,metricValue,convergenceValue,ITERATION_TIME_INDEX,SINCE_LAST
 2DIAGNOSTIC,     1, -5.128337702476e-01, 1.797693134862e+308, 9.2183e-01, 9.2183e-01, 
 2DIAGNOSTIC,     2, -5.143825765831e-01, 1.797693134862e+308, 9.2704e-01, 5.2040e-03, 
 2DIAGNOSTIC,     3, -5.174516817056e-01, 1.797693134862e+308, 9.3198e-01, 4.9410e-03, 
 2DIAGNOSTIC,     4, -5.216455903408e-01, 1.797693134862e+308, 9.3678e-01, 4.8008e-03, 
 2DIAGNOSTIC,     5, -5.278571760422e-01, 1.797693134862e+308, 9.4155e-01, 4.7691e-03, 
 2DIAGNOSTIC,     6, -5.396190685757e-01, 1.797693134862e+308, 9.4637e-01, 4.8201e-03, 
 2DIAGNOSTIC,     7, -5.744962383222e-01, 1.797693134862e+308, 9.5151e-01, 5.1470e-03, 
 2DIAGNOSTIC,     8, -6.212166884125e-01, 1.797693134862e+308, 9.5667e-01, 5.1582e-03, 
 2DIAGNOSTIC,     9, -6.973868111453e-01, 1.797693134862e+308, 9.6321e-01, 6.5379e-03, 
 2DIAGNOSTIC,    10, -7.377569136556e-01, 2.387834452147e-02, 9.7192e-01, 8.7080e-03, 
 2DIAGNOSTIC,    11, -7.425299643541e-01, 2.591821007601e-02, 9.7730e-01, 5.3799e-03, 
 2DIAGNOSTIC,    12, -7.558682418060e-01, 2.583424655001e-02, 9.8339e-01, 6.0911e-03, 
 2DIAGNOSTIC,    13, -7.744064172516e-01, 2.416182510394e-02, 9.8900e-01, 5.6109e-03, 
 2DIAGNOSTIC,    14, -7.934101029028e-01, 2.128595964084e-02, 9.9464e-01, 5.6400e-03, 
 2DIAGNOSTIC,    15, -8.229482308145e-01, 1.796742215938e-02, 1.0019e+00, 7.2730e-03, 
 2DIAGNOSTIC,    16, -8.364620359792e-01, 1.422401062158e-02, 1.0094e+00, 7.5021e-03, 
 2DIAGNOSTIC,    17, -8.410392491882e-01, 1.073588300274e-02, 1.0160e+00, 6.6218e-03, 
 2DIAGNOSTIC,    18, -8.414199530371e-01, 7.815943197946e-03, 1.0214e+00, 5.3499e-03, 
 2DIAGNOSTIC,    19, -8.413754521206e-01, 6.196730666503e-03, 1.0269e+00, 5.4901e-03, 
 2DIAGNOSTIC,    20, -8.435399429807e-01, 5.072345551777e-03, 1.0329e+00, 6.0089e-03, 
 2DIAGNOSTIC,    21, -8.473261583031e-01, 3.768929727840e-03, 1.0396e+00, 6.6979e-03, 
 2DIAGNOSTIC,    22, -8.489429808175e-01, 2.531563312168e-03, 1.0456e+00, 6.0160e-03, 
 2DIAGNOSTIC,    23, -8.505508482755e-01, 1.537286793485e-03, 1.0515e+00, 5.9121e-03, 
 2DIAGNOSTIC,    24, -8.509228359079e-01, 8.077437483779e-04, 1.0580e+00, 6.5210e-03, 
 2DIAGNOSTIC,    25, -8.507806608271e-01, 5.276833059089e-04, 1.0641e+00, 6.0749e-03, 
 2DIAGNOSTIC,    26, -8.509750739156e-01, 4.265564756501e-04, 1.0703e+00, 6.1612e-03, 
 2DIAGNOSTIC,    27, -8.508923562425e-01, 3.584528543797e-04, 1.0757e+00, 5.4300e-03, 
 2DIAGNOSTIC,    28, -8.511776305131e-01, 2.724106734076e-04, 1.0809e+00, 5.2152e-03, 
 2DIAGNOSTIC,    29, -8.517396179423e-01, 1.744387223692e-04, 1.0865e+00, 5.5861e-03, 
 2DIAGNOSTIC,    30, -8.523661568192e-01, 1.021303833203e-04, 1.0925e+00, 6.0120e-03, 
 2DIAGNOSTIC,    31, -8.531584881989e-01, 8.130548671318e-05, 1.0979e+00, 5.4250e-03, 
 2DIAGNOSTIC,    32, -8.577586316454e-01, 1.271842966693e-04, 1.1048e+00, 6.8941e-03, 
 2DIAGNOSTIC,    33, -8.579559238156e-01, 1.771218593450e-04, 1.1119e+00, 7.0460e-03, 
 2DIAGNOSTIC,    34, -8.579510941604e-01, 2.117417963690e-04, 1.1180e+00, 6.1250e-03, 
 2DIAGNOSTIC,    35, -8.579637965371e-01, 2.234457832956e-04, 1.1242e+00, 6.2170e-03, 
 2DIAGNOSTIC,    36, -8.578350107646e-01, 2.138632834618e-04, 1.1302e+00, 5.9490e-03, 
 2DIAGNOSTIC,    37, -8.578369833865e-01, 1.831703565093e-04, 1.1362e+00, 6.0310e-03, 
 2DIAGNOSTIC,    38, -8.578319071665e-01, 1.395335436724e-04, 1.1421e+00, 5.9309e-03, 
 2DIAGNOSTIC,    39, -8.576486406945e-01, 8.939868933305e-05, 1.1481e+00, 5.9650e-03, 
 2DIAGNOSTIC,    40, -8.576309663497e-01, 3.960215621408e-05, 1.1534e+00, 5.3430e-03, 
DIAGNOSTIC,Iteration,metricValue,convergenceValue,ITERATION_TIME_INDEX,SINCE_LAST
 2DIAGNOSTIC,     1, -7.197423762035e-01, 1.797693134862e+308, 1.9312e+00, 7.7772e-01, 
 2DIAGNOSTIC,     2, -7.202775606609e-01, 1.797693134862e+308, 1.9687e+00, 3.7548e-02, 
 2DIAGNOSTIC,     3, -7.205096289797e-01, 1.797693134862e+308, 2.0386e+00, 6.9843e-02, 
 2DIAGNOSTIC,     4, -7.205162783707e-01, 1.797693134862e+308, 2.0774e+00, 3.8826e-02, 
 2DIAGNOSTIC,     5, -7.204945408566e-01, 1.797693134862e+308, 2.1151e+00, 3.7690e-02, 
 2DIAGNOSTIC,     6, -7.204843544528e-01, 1.797693134862e+308, 2.1492e+00, 3.4152e-02, 
 2DIAGNOSTIC,     7, -7.204762953445e-01, 1.797693134862e+308, 2.1869e+00, 3.7726e-02, 
 2DIAGNOSTIC,     8, -7.204824886648e-01, 1.797693134862e+308, 2.2260e+00, 3.9080e-02, 
 2DIAGNOSTIC,     9, -7.204613270815e-01, 1.797693134862e+308, 2.2695e+00, 4.3456e-02, 
 2DIAGNOSTIC,    10, -7.204515281268e-01, 3.593747570914e-05, 2.3036e+00, 3.4101e-02, 
 2DIAGNOSTIC,    11, -7.204441168745e-01, 5.411890254603e-06, 2.3461e+00, 4.2517e-02, 
DIAGNOSTIC,Iteration,metricValue,convergenceValue,ITERATION_TIME_INDEX,SINCE_LAST
 2DIAGNOSTIC,     1, -5.958494896254e-01, 1.797693134862e+308, 3.5235e+00, 1.1774e+00, 
 2DIAGNOSTIC,     2, -5.961124304161e-01, 1.797693134862e+308, 3.8523e+00, 3.2879e-01, 
 2DIAGNOSTIC,     3, -5.963447445299e-01, 1.797693134862e+308, 4.1627e+00, 3.1038e-01, 
 2DIAGNOSTIC,     4, -5.966122818397e-01, 1.797693134862e+308, 4.4735e+00, 3.1087e-01, 
 2DIAGNOSTIC,     5, -5.969273916429e-01, 1.797693134862e+308, 4.8410e+00, 3.6744e-01, 
 2DIAGNOSTIC,     6, -5.972137082211e-01, 1.797693134862e+308, 5.4854e+00, 6.4438e-01, 
 2DIAGNOSTIC,     7, -5.972196821876e-01, 1.797693134862e+308, 5.8157e+00, 3.3037e-01, 
 2DIAGNOSTIC,     8, -5.972251424918e-01, 1.797693134862e+308, 6.1131e+00, 2.9736e-01, 
 2DIAGNOSTIC,     9, -5.972316942193e-01, 1.797693134862e+308, 6.4509e+00, 3.3781e-01, 
 2DIAGNOSTIC,    10, -5.972394067957e-01, 1.611324737283e-04, 6.7797e+00, 3.2882e-01, 
 2DIAGNOSTIC,    11, -5.972412469771e-01, 1.104815074221e-04, 7.1314e+00, 3.5164e-01, 
 2DIAGNOSTIC,    12, -5.972413872229e-01, 6.909646803986e-05, 7.5507e+00, 4.1930e-01, 
 2DIAGNOSTIC,    13, -5.972415022096e-01, 3.662539812690e-05, 7.8721e+00, 3.2148e-01, 
 2DIAGNOSTIC,    14, -5.972412419026e-01, 1.459008853553e-05, 8.2042e+00, 3.3207e-01, 
 2DIAGNOSTIC,    15, -5.972407175733e-01, 4.094670809099e-06, 8.5329e+00, 3.2868e-01, 
 2DIAGNOSTIC,    16, -5.972405060835e-01, 3.242812829665e-06, 8.8676e+00, 3.3474e-01, 
 2DIAGNOSTIC,    17, -5.972401623839e-01, 2.534422301595e-06, 9.2067e+00, 3.3910e-01, 
