
##########################
# Experiment information #
##########################

EXPERIMENT_NAME: antsRegistration-r8-p16
VFC_BACKENDS: libinterflop_vprec.so --range-binary32=8 --precision-binary32=16 --range-binary64=8 --precision-binary64=16

SIF_IMG: /home/mdugre/projects/rrg-glatard/mdugre/containers/ants-vprec-no_metrics.simg

SUBJECT_ID: s003
INPUT_IMG: /home/mdugre/scratch/mri-registration-rp/datasets/ds004513/derivatives/mri-registration-rp/antsBrainExtraction/sub-s003/BrainExtractionBrain.nii.gz
OUTPUT_DIR: /home/mdugre/scratch/mri-registration-rp/datasets/ds004513/derivatives/mri-registration-rp/0001/antsRegistration-r8-p16/sub-s003

FIXED_IMG: /templateflow/tpl-MNI152NLin2009cAsym/tpl-MNI152NLin2009cAsym_res-01_desc-brain_T1w.nii.gz
DATA_DIR: /home/mdugre/scratch/mri-registration-rp/datasets/ds004513
TEMPLATEFLOW_DIR: /home/mdugre/projects/rrg-glatard/mdugre/templateflow
ITK_GLOBAL_DEFAULT_NUMBER_OF_THREADS: 16
##########################

Info [verificarlo]: loaded backend libinterflop_ieee.so
Info [interflop-ieee]: load backend with:
Info [interflop-ieee]: debug = false
Info [interflop-ieee]: debug-binary = false
Info [interflop-ieee]: no-backend-name = false
Info [interflop-ieee]: print-new-line = false
Info [interflop-ieee]: print-subnormal-normalized = false
Info [interflop-ieee]: count-op = false
All_Command_lines_OK
Using double precision for computations.
=============================================================================
The composite transform comprises the following transforms (in order): 
  1. Center of mass alignment using fixed image: /templateflow/tpl-MNI152NLin2009cAsym/tpl-MNI152NLin2009cAsym_res-01_desc-brain_T1w.nii.gz and moving image: /home/mdugre/scratch/mri-registration-rp/datasets/ds004513/derivatives/mri-registration-rp/antsBrainExtraction/sub-s003/BrainExtractionBrain.nii.gz (type = Euler3DTransform)
=============================================================================
  number of levels = 1
  fixed image: /templateflow/tpl-MNI152NLin2009cAsym/tpl-MNI152NLin2009cAsym_res-01_desc-brain_T1w.nii.gz
  moving image: /home/mdugre/scratch/mri-registration-rp/datasets/ds004513/derivatives/mri-registration-rp/antsBrainExtraction/sub-s003/BrainExtractionBrain.nii.gz
Dimension = 3
Number of stages = 1
Use histogram matching = false
Winsorize image intensities = true
  Lower quantile = 0.005
  Upper quantile = 0.995


Stage 1 State
   Image metric = MattesMI
     Fixed image = Image (0x444ee70)
  RTTI typeinfo:   itk::Image<double, 3u>
  Reference Count: 2
  Modified Time: 2334
  Debug: Off
  Object Name: 
  Observers: 
    none
  Source: (none)
  Source output name: (none)
  Release Data: Off
  Data Released: False
  Global Release Data: Off
  PipelineMTime: 0
  UpdateMTime: 1943
  RealTimeStamp: 0 seconds 
  LargestPossibleRegion: 
    Dimension: 3
    Index: [0, 0, 0]
    Size: [193, 229, 193]
  BufferedRegion: 
    Dimension: 3
    Index: [0, 0, 0]
    Size: [193, 229, 193]
  RequestedRegion: 
    Dimension: 3
    Index: [0, 0, 0]
    Size: [193, 229, 193]
  Spacing: [1, 1, 1]
  Origin: [96, 132, -78]
  Direction: 
-1 0 0
0 -1 0
0 0 1

  IndexToPointMatrix: 
-1 0 0
0 -1 0
0 0 1

  PointToIndexMatrix: 
-1 0 0
0 -1 0
0 0 1

  Inverse Direction: 
-1 0 0
0 -1 0
0 0 1

  PixelContainer: 
    ImportImageContainer (0x445b140)
      RTTI typeinfo:   itk::ImportImageContainer<unsigned long, double>
      Reference Count: 1
      Modified Time: 1940
      Debug: Off
      Object Name: 
      Observers: 
        none
      Pointer: 0x149e9b28d010
      Container manages memory: true
      Size: 8530021
      Capacity: 8530021

     Moving image = Image (0x4458310)
  RTTI typeinfo:   itk::Image<double, 3u>
  Reference Count: 2
  Modified Time: 2335
  Debug: Off
  Object Name: 
  Observers: 
    none
  Source: (none)
  Source output name: (none)
  Release Data: Off
  Data Released: False
  Global Release Data: Off
  PipelineMTime: 0
  UpdateMTime: 2332
  RealTimeStamp: 0 seconds 
  LargestPossibleRegion: 
    Dimension: 3
    Index: [0, 0, 0]
    Size: [176, 240, 256]
  BufferedRegion: 
    Dimension: 3
    Index: [0, 0, 0]
    Size: [176, 240, 256]
  RequestedRegion: 
    Dimension: 3
    Index: [0, 0, 0]
    Size: [176, 240, 256]
  Spacing: [0.999999, 1, 1]
  Origin: [93.3499, 86.9368, -128.957]
  Direction: 
-0.999513 -0.0279216 -0.0139567
0.0279189 -0.99961 0.000389866
-0.0139622 2.01492e-08 0.999903

  IndexToPointMatrix: 
-0.999512 -0.0279216 -0.0139567
0.0279189 -0.99961 0.000389866
-0.0139621 2.01492e-08 0.999903

  PointToIndexMatrix: 
-0.999514 0.0279189 -0.0139622
-0.0279216 -0.99961 2.01716e-08
-0.0139567 0.000389866 0.999903

  Inverse Direction: 
-0.999513 0.0279189 -0.0139622
-0.0279216 -0.99961 2.01716e-08
-0.0139567 0.000389866 0.999903

  PixelContainer: 
    ImportImageContainer (0x4583610)
      RTTI typeinfo:   itk::ImportImageContainer<unsigned long, double>
      Reference Count: 1
      Modified Time: 2329
      Debug: Off
      Object Name: 
      Observers: 
        none
      Pointer: 0x149e9600c010
      Container manages memory: true
      Size: 10813440
      Capacity: 10813440

     Weighting = 1
     Sampling strategy = regular
     Number of bins = 32
     Radius = 4
     Sampling percentage  = 0.25
   Transform = Rigid
     Gradient step = 0.1
     Update field sigma (voxel space) = 0
     Total field sigma (voxel space) = 0
     Update field time sigma = 0
     Total field time sigma  = 0
     Number of time indices = 0
     Number of time point samples = 0
Registration using 1 total stages.

Stage 0
  iterations = 0
  convergence threshold = 1e-06
  convergence window size = 10
  number of levels = 1
  using the Mattes MI metric (number of bins = 32, weight = 1, use gradient filter = 0)
  preprocessing:  winsorizing the image intensities
  Shrink factors (level 1 out of 1): [1, 1, 1]
  smoothing sigmas per level: [0]
  regular sampling (percentage = 0.25)

*** Running Euler3DTransform registration ***

  Elapsed time (stage 0): 1.11915


Total elapsed time: 1.12112
Info [verificarlo]: loaded backend libinterflop_ieee.so
Info [interflop-ieee]: load backend with:
Info [interflop-ieee]: debug = false
Info [interflop-ieee]: debug-binary = false
Info [interflop-ieee]: no-backend-name = false
Info [interflop-ieee]: print-new-line = false
Info [interflop-ieee]: print-subnormal-normalized = false
Info [interflop-ieee]: count-op = false
All_Command_lines_OK
Using double precision for computations.
=============================================================================
The composite transform comprises the following transforms (in order): 
  1. /home/mdugre/scratch/mri-registration-rp/datasets/ds004513/derivatives/mri-registration-rp/0001/antsRegistration-r8-p16/sub-s003/align_Composite.h5[0] (type = Euler3DTransform)
  2. /home/mdugre/scratch/mri-registration-rp/datasets/ds004513/derivatives/mri-registration-rp/0001/antsRegistration-r8-p16/sub-s003/align_Composite.h5[1] (type = Euler3DTransform)
=============================================================================
  number of levels = 4
  fixed image: /templateflow/tpl-MNI152NLin2009cAsym/tpl-MNI152NLin2009cAsym_res-01_desc-brain_T1w.nii.gz
  moving image: /home/mdugre/scratch/mri-registration-rp/datasets/ds004513/derivatives/mri-registration-rp/antsBrainExtraction/sub-s003/BrainExtractionBrain.nii.gz
Dimension = 3
Number of stages = 1
Use histogram matching = false
Winsorize image intensities = true
  Lower quantile = 0.005
  Upper quantile = 0.995


Stage 1 State
   Image metric = MattesMI
     Fixed image = Image (0x3d7b530)
  RTTI typeinfo:   itk::Image<double, 3u>
  Reference Count: 2
  Modified Time: 1580
  Debug: Off
  Object Name: 
  Observers: 
    none
  Source: (none)
  Source output name: (none)
  Release Data: Off
  Data Released: False
  Global Release Data: Off
  PipelineMTime: 0
  UpdateMTime: 1189
  RealTimeStamp: 0 seconds 
  LargestPossibleRegion: 
    Dimension: 3
    Index: [0, 0, 0]
    Size: [193, 229, 193]
  BufferedRegion: 
    Dimension: 3
    Index: [0, 0, 0]
    Size: [193, 229, 193]
  RequestedRegion: 
    Dimension: 3
    Index: [0, 0, 0]
    Size: [193, 229, 193]
  Spacing: [1, 1, 1]
  Origin: [96, 132, -78]
  Direction: 
-1 0 0
0 -1 0
0 0 1

  IndexToPointMatrix: 
-1 0 0
0 -1 0
0 0 1

  PointToIndexMatrix: 
-1 0 0
0 -1 0
0 0 1

  Inverse Direction: 
-1 0 0
0 -1 0
0 0 1

  PixelContainer: 
    ImportImageContainer (0x3e39d60)
      RTTI typeinfo:   itk::ImportImageContainer<unsigned long, double>
      Reference Count: 1
      Modified Time: 1186
      Debug: Off
      Object Name: 
      Observers: 
        none
      Pointer: 0x14579c2b0010
      Container manages memory: true
      Size: 8530021
      Capacity: 8530021

     Moving image = Image (0x3e2bf60)
  RTTI typeinfo:   itk::Image<double, 3u>
  Reference Count: 2
  Modified Time: 1581
  Debug: Off
  Object Name: 
  Observers: 
    none
  Source: (none)
  Source output name: (none)
  Release Data: Off
  Data Released: False
  Global Release Data: Off
  PipelineMTime: 0
  UpdateMTime: 1578
  RealTimeStamp: 0 seconds 
  LargestPossibleRegion: 
    Dimension: 3
    Index: [0, 0, 0]
    Size: [176, 240, 256]
  BufferedRegion: 
    Dimension: 3
    Index: [0, 0, 0]
    Size: [176, 240, 256]
  RequestedRegion: 
    Dimension: 3
    Index: [0, 0, 0]
    Size: [176, 240, 256]
  Spacing: [0.999999, 1, 1]
  Origin: [93.3499, 86.9368, -128.957]
  Direction: 
-0.999513 -0.0279216 -0.0139567
0.0279189 -0.99961 0.000389866
-0.0139622 2.01492e-08 0.999903

  IndexToPointMatrix: 
-0.999512 -0.0279216 -0.0139567
0.0279189 -0.99961 0.000389866
-0.0139621 2.01492e-08 0.999903

  PointToIndexMatrix: 
-0.999514 0.0279189 -0.0139622
-0.0279216 -0.99961 2.01716e-08
-0.0139567 0.000389866 0.999903

  Inverse Direction: 
-0.999513 0.0279189 -0.0139622
-0.0279216 -0.99961 2.01716e-08
-0.0139567 0.000389866 0.999903

  PixelContainer: 
    ImportImageContainer (0x3e1d6d0)
      RTTI typeinfo:   itk::ImportImageContainer<unsigned long, double>
      Reference Count: 1
      Modified Time: 1575
      Debug: Off
      Object Name: 
      Observers: 
        none
      Pointer: 0x14579702f010
      Container manages memory: true
      Size: 10813440
      Capacity: 10813440

     Weighting = 1
     Sampling strategy = regular
     Number of bins = 32
     Radius = 4
     Sampling percentage  = 0.25
   Transform = Rigid
     Gradient step = 0.1
     Update field sigma (voxel space) = 0
     Total field sigma (voxel space) = 0
     Update field time sigma = 0
     Total field time sigma  = 0
     Number of time indices = 0
     Number of time point samples = 0
Registration using 1 total stages.

Stage 0
  iterations = 1000x500x250x100
  convergence threshold = 1e-06
  convergence window size = 10
  number of levels = 4
  using the Mattes MI metric (number of bins = 32, weight = 1, use gradient filter = 0)
  preprocessing:  winsorizing the image intensities
  Shrink factors (level 1 out of 4): [8, 8, 8]
  Shrink factors (level 2 out of 4): [4, 4, 4]
  Shrink factors (level 3 out of 4): [2, 2, 2]
  Shrink factors (level 4 out of 4): [1, 1, 1]
  smoothing sigmas per level: [3, 2, 1, 0]
  regular sampling (percentage = 0.25)

*** Running Euler3DTransform registration ***

DIAGNOSTIC,Iteration,metricValue,convergenceValue,ITERATION_TIME_INDEX,SINCE_LAST
 2DIAGNOSTIC,     1, -4.871187133941e-01, 1.797693134862e+308, 8.1734e-01, 8.1734e-01, 
 2DIAGNOSTIC,     2, -4.887966556740e-01, 1.797693134862e+308, 8.2143e-01, 4.0879e-03, 
 2DIAGNOSTIC,     3, -4.919242839642e-01, 1.797693134862e+308, 8.2542e-01, 3.9890e-03, 
 2DIAGNOSTIC,     4, -5.019092629522e-01, 1.797693134862e+308, 8.2947e-01, 4.0469e-03, 
 2DIAGNOSTIC,     5, -5.198319788477e-01, 1.797693134862e+308, 8.3349e-01, 4.0219e-03, 
 2DIAGNOSTIC,     6, -5.251449584180e-01, 1.797693134862e+308, 8.3754e-01, 4.0500e-03, 
 2DIAGNOSTIC,     7, -5.365118080768e-01, 1.797693134862e+308, 8.4149e-01, 3.9532e-03, 
 2DIAGNOSTIC,     8, -5.564319077261e-01, 1.797693134862e+308, 8.4722e-01, 5.7309e-03, 
 2DIAGNOSTIC,     9, -5.572786469687e-01, 1.797693134862e+308, 8.5090e-01, 3.6750e-03, 
 2DIAGNOSTIC,    10, -5.597886110608e-01, 1.060089541986e-02, 8.5530e-01, 4.3979e-03, 
 2DIAGNOSTIC,    11, -5.645450860914e-01, 9.471656029002e-03, 8.5922e-01, 3.9220e-03, 
 2DIAGNOSTIC,    12, -5.675342641672e-01, 7.901754414630e-03, 8.6403e-01, 4.8108e-03, 
 2DIAGNOSTIC,    13, -5.685174641935e-01, 6.033280802480e-03, 8.6883e-01, 4.7979e-03, 
 2DIAGNOSTIC,    14, -5.693412095343e-01, 4.302087948772e-03, 8.7415e-01, 5.3239e-03, 
 2DIAGNOSTIC,    15, -5.718972801998e-01, 3.155204981958e-03, 8.7882e-01, 4.6711e-03, 
 2DIAGNOSTIC,    16, -5.734788767073e-01, 2.091398053255e-03, 8.8278e-01, 3.9601e-03, 
 2DIAGNOSTIC,    17, -5.737823402463e-01, 1.310029424176e-03, 8.8684e-01, 4.0610e-03, 
 2DIAGNOSTIC,    18, -5.749452616696e-01, 1.114936190122e-03, 8.9094e-01, 4.0920e-03, 
 2DIAGNOSTIC,    19, -5.774392255374e-01, 9.301256922605e-04, 8.9719e-01, 6.2549e-03, 
 2DIAGNOSTIC,    20, -5.782944999923e-01, 7.612328991297e-04, 9.0183e-01, 4.6442e-03, 
 2DIAGNOSTIC,    21, -5.788863756079e-01, 6.687985512355e-04, 9.0612e-01, 4.2841e-03, 
 2DIAGNOSTIC,    22, -5.857337702190e-01, 7.546209610240e-04, 9.1018e-01, 4.0610e-03, 
 2DIAGNOSTIC,    23, -6.028589200383e-01, 1.162232406605e-03, 9.1472e-01, 4.5440e-03, 
 2DIAGNOSTIC,    24, -6.086613848842e-01, 1.554691267584e-03, 9.2030e-01, 5.5768e-03, 
 2DIAGNOSTIC,    25, -6.127624319645e-01, 1.904928903455e-03, 9.2478e-01, 4.4839e-03, 
 2DIAGNOSTIC,    26, -6.171330103956e-01, 2.167612461803e-03, 9.2925e-01, 4.4639e-03, 
 2DIAGNOSTIC,    27, -6.180829712389e-01, 2.226134266732e-03, 9.3338e-01, 4.1339e-03, 
 2DIAGNOSTIC,    28, -6.204355231289e-01, 2.128618135702e-03, 9.3783e-01, 4.4460e-03, 
 2DIAGNOSTIC,    29, -6.216541955120e-01, 1.901236665517e-03, 9.4177e-01, 3.9411e-03, 
 2DIAGNOSTIC,    30, -6.252686896458e-01, 1.589741168265e-03, 9.4633e-01, 4.5621e-03, 
 2DIAGNOSTIC,    31, -6.305777497677e-01, 1.244381447938e-03, 9.5037e-01, 4.0369e-03, 
 2DIAGNOSTIC,    32, -6.437128021596e-01, 1.107473804722e-03, 9.5547e-01, 5.1031e-03, 
 2DIAGNOSTIC,    33, -6.470252063890e-01, 1.176376755994e-03, 9.5950e-01, 4.0309e-03, 
 2DIAGNOSTIC,    34, -6.489207371987e-01, 1.241876824185e-03, 9.6620e-01, 6.6929e-03, 
 2DIAGNOSTIC,    35, -6.509315377115e-01, 1.271870417556e-03, 9.7016e-01, 3.9599e-03, 
 2DIAGNOSTIC,    36, -6.520053033460e-01, 1.251973012761e-03, 9.7409e-01, 3.9382e-03, 
 2DIAGNOSTIC,    37, -6.528675618735e-01, 1.135511709916e-03, 9.7799e-01, 3.8950e-03, 
 2DIAGNOSTIC,    38, -6.532428066368e-01, 9.531127175108e-04, 9.8191e-01, 3.9210e-03, 
 2DIAGNOSTIC,    39, -6.541834359347e-01, 7.191997926102e-04, 9.8728e-01, 5.3699e-03, 
 2DIAGNOSTIC,    40, -6.542238446900e-01, 4.742297978674e-04, 9.9120e-01, 3.9189e-03, 
 2DIAGNOSTIC,    41, -6.546720634494e-01, 2.613970881960e-04, 9.9508e-01, 3.8862e-03, 
 2DIAGNOSTIC,    42, -6.552166693934e-01, 1.908861449555e-04, 1.0004e+00, 5.3561e-03, 
 2DIAGNOSTIC,    43, -6.554094061025e-01, 1.445783320071e-04, 1.0043e+00, 3.8900e-03, 
 2DIAGNOSTIC,    44, -6.554504485068e-01, 1.075028049565e-04, 1.0082e+00, 3.8791e-03, 
 2DIAGNOSTIC,    45, -6.555127175683e-01, 8.393538889032e-05, 1.0121e+00, 3.8800e-03, 
 2DIAGNOSTIC,    46, -6.555920409181e-01, 6.535748563969e-05, 1.0165e+00, 4.3650e-03, 
 2DIAGNOSTIC,    47, -6.557563944593e-01, 5.174043354376e-05, 1.0209e+00, 4.4138e-03, 
 2DIAGNOSTIC,    48, -6.557083098866e-01, 3.683147445774e-05, 1.0257e+00, 4.8499e-03, 
 2DIAGNOSTIC,    49, -6.557460473039e-01, 2.874027815692e-05, 1.0304e+00, 4.6480e-03, 
 2DIAGNOSTIC,    50, -6.556022285406e-01, 1.730850867755e-05, 1.0347e+00, 4.3180e-03, 
 2DIAGNOSTIC,    51, -6.556233709583e-01, 9.012255567861e-06, 1.0389e+00, 4.1771e-03, 
 2DIAGNOSTIC,    52, -6.556510012994e-01, 5.367494643901e-06, 1.0435e+00, 4.6079e-03, 
 2DIAGNOSTIC,    53, -6.557675278985e-01, 4.146669542026e-06, 1.0481e+00, 4.6360e-03, 
 2DIAGNOSTIC,    54, -6.559559030496e-01, 4.627294445229e-06, 1.0527e+00, 4.6201e-03, 
 2DIAGNOSTIC,    55, -6.558835678515e-01, 4.600233185412e-06, 1.0575e+00, 4.7569e-03, 
 2DIAGNOSTIC,    56, -6.559078123364e-01, 5.071999524004e-06, 1.0621e+00, 4.6570e-03, 
 2DIAGNOSTIC,    57, -6.557490411239e-01, 5.143968111649e-06, 1.0672e+00, 5.0871e-03, 
 2DIAGNOSTIC,    58, -6.556807517458e-01, 3.828087921591e-06, 1.0723e+00, 5.1231e-03, 
 2DIAGNOSTIC,    59, -6.555183029723e-01, 1.279409572195e-06, 1.0771e+00, 4.7951e-03, 
DIAGNOSTIC,Iteration,metricValue,convergenceValue,ITERATION_TIME_INDEX,SINCE_LAST
 2DIAGNOSTIC,     1, -5.251518026623e-01, 1.797693134862e+308, 1.8100e+00, 7.3289e-01, 
 2DIAGNOSTIC,     2, -5.257813426815e-01, 1.797693134862e+308, 1.8382e+00, 2.8115e-02, 
 2DIAGNOSTIC,     3, -5.265380848051e-01, 1.797693134862e+308, 1.8664e+00, 2.8277e-02, 
 2DIAGNOSTIC,     4, -5.273009341995e-01, 1.797693134862e+308, 1.8944e+00, 2.7963e-02, 
 2DIAGNOSTIC,     5, -5.278378723521e-01, 1.797693134862e+308, 1.9221e+00, 2.7729e-02, 
 2DIAGNOSTIC,     6, -5.281618107432e-01, 1.797693134862e+308, 1.9500e+00, 2.7869e-02, 
 2DIAGNOSTIC,     7, -5.294619420323e-01, 1.797693134862e+308, 1.9782e+00, 2.8214e-02, 
 2DIAGNOSTIC,     8, -5.311499267256e-01, 1.797693134862e+308, 2.0243e+00, 4.6097e-02, 
 2DIAGNOSTIC,     9, -5.314542686058e-01, 1.797693134862e+308, 2.0520e+00, 2.7661e-02, 
 2DIAGNOSTIC,    10, -5.315117902613e-01, 8.430848138579e-04, 2.0799e+00, 2.7906e-02, 
 2DIAGNOSTIC,    11, -5.317610456807e-01, 7.359766132483e-04, 2.1077e+00, 2.7826e-02, 
 2DIAGNOSTIC,    12, -5.329735716938e-01, 6.619051636823e-04, 2.1425e+00, 3.4767e-02, 
 2DIAGNOSTIC,    13, -5.337030021501e-01, 5.980149481549e-04, 2.1738e+00, 3.1348e-02, 
 2DIAGNOSTIC,    14, -5.337818272847e-01, 5.213463996975e-04, 2.2050e+00, 3.1184e-02, 
 2DIAGNOSTIC,    15, -5.338258982470e-01, 4.304206139420e-04, 2.2370e+00, 3.2047e-02, 
 2DIAGNOSTIC,    16, -5.338463814737e-01, 3.229025538684e-04, 2.2701e+00, 3.3033e-02, 
 2DIAGNOSTIC,    17, -5.339234055611e-01, 2.398805473769e-04, 2.2981e+00, 2.8068e-02, 
 2DIAGNOSTIC,    18, -5.339823619819e-01, 1.954725426863e-04, 2.3330e+00, 3.4849e-02, 
 2DIAGNOSTIC,    19, -5.340761965129e-01, 1.495059960549e-04, 2.3611e+00, 2.8093e-02, 
 2DIAGNOSTIC,    20, -5.341050010025e-01, 9.720964145700e-05, 2.3925e+00, 3.1440e-02, 
 2DIAGNOSTIC,    21, -5.341020009760e-01, 4.667432626686e-05, 2.4228e+00, 3.0290e-02, 
 2DIAGNOSTIC,    22, -5.340997217362e-01, 2.551102431299e-05, 2.4539e+00, 3.1128e-02, 
 2DIAGNOSTIC,    23, -5.340787764757e-01, 2.036233475096e-05, 2.4838e+00, 2.9818e-02, 
 2DIAGNOSTIC,    24, -5.340774586258e-01, 1.556784961929e-05, 2.5118e+00, 2.8027e-02, 
 2DIAGNOSTIC,    25, -5.341829889353e-01, 1.302581145971e-05, 2.5506e+00, 3.8847e-02, 
 2DIAGNOSTIC,    26, -5.342299198123e-01, 1.089160329956e-05, 2.5822e+00, 3.1555e-02, 
 2DIAGNOSTIC,    27, -5.342460025754e-01, 9.847974516433e-06, 2.6103e+00, 2.8093e-02, 
 2DIAGNOSTIC,    28, -5.342594472863e-01, 9.439854339918e-06, 2.6386e+00, 2.8320e-02, 
 2DIAGNOSTIC,    29, -5.343119935036e-01, 1.096143206476e-05, 2.6665e+00, 2.7902e-02, 
 2DIAGNOSTIC,    30, -5.344873189844e-01, 1.502426631221e-05, 2.6982e+00, 3.1666e-02, 
 2DIAGNOSTIC,    31, -5.348722913662e-01, 2.398564606389e-05, 2.7404e+00, 4.2217e-02, 
 2DIAGNOSTIC,    32, -5.349570741033e-01, 3.148184583014e-05, 2.7684e+00, 2.7991e-02, 
 2DIAGNOSTIC,    33, -5.350252877691e-01, 3.650287421614e-05, 2.7964e+00, 2.8027e-02, 
 2DIAGNOSTIC,    34, -5.350568828141e-01, 3.835362933167e-05, 2.8240e+00, 2.7613e-02, 
 2DIAGNOSTIC,    35, -5.353060712763e-01, 4.188750155698e-05, 2.8625e+00, 3.8479e-02, 
 2DIAGNOSTIC,    36, -5.353383252643e-01, 4.231577070414e-05, 2.8936e+00, 3.1133e-02, 
 2DIAGNOSTIC,    37, -5.353187361839e-01, 3.876508204284e-05, 2.9287e+00, 3.5066e-02, 
 2DIAGNOSTIC,    38, -5.353443849405e-01, 3.248642923743e-05, 2.9602e+00, 3.1509e-02, 
 2DIAGNOSTIC,    39, -5.353395510071e-01, 2.415219043717e-05, 2.9874e+00, 2.7150e-02, 
 2DIAGNOSTIC,    40, -5.353355488686e-01, 1.611982146500e-05, 3.0150e+00, 2.7665e-02, 
 2DIAGNOSTIC,    41, -5.353488509687e-01, 1.217335932834e-05, 3.0437e+00, 2.8724e-02, 
 2DIAGNOSTIC,    42, -5.353581167358e-01, 8.548473203269e-06, 3.0716e+00, 2.7864e-02, 
 2DIAGNOSTIC,    43, -5.353983349596e-01, 5.719685874775e-06, 3.1000e+00, 2.8427e-02, 
 2DIAGNOSTIC,    44, -5.354679685433e-01, 3.675168199234e-06, 3.1316e+00, 3.1561e-02, 
 2DIAGNOSTIC,    45, -5.355389351518e-01, 5.208074554553e-06, 3.1648e+00, 3.3205e-02, 
 2DIAGNOSTIC,    46, -5.355604614763e-01, 6.866984769274e-06, 3.2059e+00, 4.1068e-02, 
 2DIAGNOSTIC,    47, -5.355946235020e-01, 8.031148957321e-06, 3.2360e+00, 3.0126e-02, 
 2DIAGNOSTIC,    48, -5.357697280260e-01, 1.066877966370e-05, 3.2737e+00, 3.7731e-02, 
 2DIAGNOSTIC,    49, -5.357887148803e-01, 1.233490565269e-05, 3.3076e+00, 3.3880e-02, 
 2DIAGNOSTIC,    50, -5.357918586165e-01, 1.281546296826e-05, 3.3391e+00, 3.1502e-02, 
 2DIAGNOSTIC,    51, -5.357956631376e-01, 1.232570542843e-05, 3.3691e+00, 2.9957e-02, 
 2DIAGNOSTIC,    52, -5.358079416028e-01, 1.095090878266e-05, 3.3993e+00, 3.0245e-02, 
 2DIAGNOSTIC,    53, -5.358503409202e-01, 9.424455996481e-06, 3.4295e+00, 3.0185e-02, 
 2DIAGNOSTIC,    54, -5.359260451073e-01, 8.509792054398e-06, 3.4631e+00, 3.3629e-02, 
 2DIAGNOSTIC,    55, -5.359464804509e-01, 7.763498389744e-06, 3.5043e+00, 4.1192e-02, 
 2DIAGNOSTIC,    56, -5.359880731616e-01, 6.976468178065e-06, 3.5456e+00, 4.1301e-02, 
 2DIAGNOSTIC,    57, -5.359953920328e-01, 5.943990541407e-06, 3.5762e+00, 3.0602e-02, 
 2DIAGNOSTIC,    58, -5.360911935432e-01, 6.908897371528e-06, 3.6102e+00, 3.3988e-02, 
 2DIAGNOSTIC,    59, -5.361100284301e-01, 7.540872097415e-06, 3.6404e+00, 3.0151e-02, 
 2DIAGNOSTIC,    60, -5.361493562062e-01, 7.861366522414e-06, 3.6704e+00, 3.0011e-02, 
 2DIAGNOSTIC,    61, -5.362386680347e-01, 8.289749973370e-06, 3.7008e+00, 3.0409e-02, 
 2DIAGNOSTIC,    62, -5.363777902729e-01, 9.236273861835e-06, 3.7515e+00, 5.0720e-02, 
 2DIAGNOSTIC,    63, -5.364383743530e-01, 1.013911155682e-05, 3.7946e+00, 4.3126e-02, 
 2DIAGNOSTIC,    64, -5.364366809991e-01, 1.070679535918e-05, 3.8336e+00, 3.8963e-02, 
 2DIAGNOSTIC,    65, -5.364156755565e-01, 1.028917827341e-05, 3.8674e+00, 3.3807e-02, 
 2DIAGNOSTIC,    66, -5.364179516020e-01, 9.299398732704e-06, 3.9025e+00, 3.5075e-02, 
 2DIAGNOSTIC,    67, -5.364278024606e-01, 7.585526709770e-06, 3.9365e+00, 3.3984e-02, 
 2DIAGNOSTIC,    68, -5.364375454026e-01, 6.057269556981e-06, 3.9705e+00, 3.4050e-02, 
 2DIAGNOSTIC,    69, -5.364624270448e-01, 4.387237579676e-06, 4.0053e+00, 3.4779e-02, 
 2DIAGNOSTIC,    70, -5.364728063243e-01, 2.764744177585e-06, 4.0454e+00, 4.0152e-02, 
 2DIAGNOSTIC,    71, -5.365159949583e-01, 1.934959846692e-06, 4.0933e+00, 4.7877e-02, 
 2DIAGNOSTIC,    72, -5.364976936936e-01, 1.855490836016e-06, 4.1364e+00, 4.3114e-02, 
 2DIAGNOSTIC,    73, -5.364991760838e-01, 2.099741361044e-06, 4.1690e+00, 3.2566e-02, 
 2DIAGNOSTIC,    74, -5.365049298914e-01, 2.211459410938e-06, 4.1999e+00, 3.0939e-02, 
 2DIAGNOSTIC,    75, -5.365228298565e-01, 2.121683457621e-06, 4.2571e+00, 5.7196e-02, 
 2DIAGNOSTIC,    76, -5.365229864967e-01, 1.881485985695e-06, 4.2967e+00, 3.9561e-02, 
 2DIAGNOSTIC,    77, -5.365153098861e-01, 1.525890480388e-06, 4.3284e+00, 3.1670e-02, 
 2DIAGNOSTIC,    78, -5.365153314865e-01, 1.143174776995e-06, 4.3600e+00, 3.1657e-02, 
DIAGNOSTIC,Iteration,metricValue,convergenceValue,ITERATION_TIME_INDEX,SINCE_LAST
 2DIAGNOSTIC,     1, -4.762586300325e-01, 1.797693134862e+308, 5.4320e+00, 1.0720e+00, 
 2DIAGNOSTIC,     2, -4.764379338944e-01, 1.797693134862e+308, 5.6586e+00, 2.2652e-01, 
 2DIAGNOSTIC,     3, -4.766073196268e-01, 1.797693134862e+308, 5.8889e+00, 2.3032e-01, 
 2DIAGNOSTIC,     4, -4.767393571218e-01, 1.797693134862e+308, 6.1524e+00, 2.6354e-01, 
 2DIAGNOSTIC,     5, -4.768074335235e-01, 1.797693134862e+308, 6.4172e+00, 2.6483e-01, 
 2DIAGNOSTIC,     6, -4.768389064032e-01, 1.797693134862e+308, 6.6603e+00, 2.4304e-01, 
 2DIAGNOSTIC,     7, -4.768894906343e-01, 1.797693134862e+308, 6.8685e+00, 2.0818e-01, 
 2DIAGNOSTIC,     8, -4.770996394803e-01, 1.797693134862e+308, 7.0934e+00, 2.2491e-01, 
 2DIAGNOSTIC,     9, -4.776265473495e-01, 1.797693134862e+308, 7.4139e+00, 3.2052e-01, 
 2DIAGNOSTIC,    10, -4.777135131886e-01, 1.768516050665e-04, 7.6389e+00, 2.2500e-01, 
 2DIAGNOSTIC,    11, -4.777650073090e-01, 1.687109200431e-04, 7.8489e+00, 2.1000e-01, 
 2DIAGNOSTIC,    12, -4.780399819591e-01, 1.698192757119e-04, 8.1204e+00, 2.7154e-01, 
 2DIAGNOSTIC,    13, -4.785978121919e-01, 1.883268035542e-04, 8.4317e+00, 3.1133e-01, 
 2DIAGNOSTIC,    14, -4.788098613609e-01, 2.009732336545e-04, 8.6586e+00, 2.2684e-01, 
 2DIAGNOSTIC,    15, -4.788729760148e-01, 1.991811869632e-04, 8.9742e+00, 3.1557e-01, 
 2DIAGNOSTIC,    16, -4.789135067067e-01, 1.828675833940e-04, 9.2910e+00, 3.1687e-01, 
 2DIAGNOSTIC,    17, -4.789150975926e-01, 1.535817718206e-04, 9.5479e+00, 2.5683e-01, 
 2DIAGNOSTIC,    18, -4.789103089256e-01, 1.195743806326e-04, 9.8112e+00, 2.6337e-01, 
 2DIAGNOSTIC,    19, -4.789107720209e-01, 9.467593175683e-05, 1.0064e+01, 2.5253e-01, 
 2DIAGNOSTIC,    20, -4.789103777384e-01, 6.647145179540e-05, 1.0417e+01, 3.5318e-01, 
 2DIAGNOSTIC,    21, -4.789092938163e-01, 3.638094015684e-05, 1.0730e+01, 3.1319e-01, 
 2DIAGNOSTIC,    22, -4.789086236262e-01, 1.285328710627e-05, 1.0968e+01, 2.3832e-01, 
 2DIAGNOSTIC,    23, -4.789080053951e-01, 4.597031499902e-06, 1.1168e+01, 1.9981e-01, 
 2DIAGNOSTIC,    24, -4.789067140973e-01, 1.918847674212e-06, 1.1395e+01, 2.2650e-01, 
DIAGNOSTIC,Iteration,metricValue,convergenceValue,ITERATION_TIME_INDEX,SINCE_LAST
 2DIAGNOSTIC,     1, -4.452276420300e-01, 1.797693134862e+308, 1.3910e+01, 2.5156e+00, 
 2DIAGNOSTIC,     2, -4.452672743395e-01, 1.797693134862e+308, 1.5431e+01, 1.5207e+00, 
 2DIAGNOSTIC,     3, -4.452819563315e-01, 1.797693134862e+308, 1.7168e+01, 1.7367e+00, 
 2DIAGNOSTIC,     4, -4.452834732830e-01, 1.797693134862e+308, 1.8671e+01, 1.5031e+00, 
 2DIAGNOSTIC,     5, -4.452848419830e-01, 1.797693134862e+308, 2.0022e+01, 1.3514e+00, 
 2DIAGNOSTIC,     6, -4.452864028879e-01, 1.797693134862e+308, 2.1384e+01, 1.3618e+00, 
 2DIAGNOSTIC,     7, -4.452926387148e-01, 1.797693134862e+308, 2.3203e+01, 1.8187e+00, 
 2DIAGNOSTIC,     8, -4.452974411150e-01, 1.797693134862e+308, 2.4556e+01, 1.3532e+00, 
 2DIAGNOSTIC,     9, -4.452992825961e-01, 1.797693134862e+308, 2.5919e+01, 1.3629e+00, 
 2DIAGNOSTIC,    10, -4.453063417605e-01, 1.097236327580e-05, 2.7262e+01, 1.3428e+00, 
 2DIAGNOSTIC,    11, -4.453236745386e-01, 8.445568383156e-06, 2.8614e+01, 1.3526e+00, 
 2DIAGNOSTIC,    12, -4.453810048256e-01, 1.095166480884e-05, 3.0517e+01, 1.9027e+00, 
 2DIAGNOSTIC,    13, -4.453830462604e-01, 1.307358710471e-05, 3.2020e+01, 1.5028e+00, 
 2DIAGNOSTIC,    14, -4.453803983126e-01, 1.391756323778e-05, 3.3584e+01, 1.5640e+00, 
 2DIAGNOSTIC,    15, -4.453802264257e-01, 1.367731181710e-05, 3.5194e+01, 1.6106e+00, 
 2DIAGNOSTIC,    16, -4.453804038045e-01, 1.245199707842e-05, 3.6847e+01, 1.6527e+00, 
 2DIAGNOSTIC,    17, -4.453801157757e-01, 1.058993161632e-05, 3.9253e+01, 2.4060e+00, 
 2DIAGNOSTIC,    18, -4.453800848133e-01, 8.301473868350e-06, 4.0725e+01, 1.4723e+00, 
 2DIAGNOSTIC,    19, -4.453800325015e-01, 5.741452603063e-06, 4.2319e+01, 1.5931e+00, 
 2DIAGNOSTIC,    20, -4.453799675774e-01, 3.290259149413e-06, 4.3852e+01, 1.5335e+00, 
 2DIAGNOSTIC,    21, -4.453798119861e-01, 1.385683178215e-06, 4.5474e+01, 1.6222e+00, 
 2DIAGNOSTIC,    22, -4.453797388820e-01, 1.324807554104e-06, 4.6817e+01, 1.3429e+00, 
 2DIAGNOSTIC,    23, -4.453795002705e-01, 1.332751259769e-06, 4.8338e+01, 1.5205e+00, 
 2DIAGNOSTIC,    24, -4.453795358051e-01, 1.275478987636e-06, 4.9997e+01, 1.6590e+00, 
 2DIAGNOSTIC,    25, -4.453794898310e-01, 1.221615098315e-06, 5.1518e+01, 1.5215e+00, 
 2DIAGNOSTIC,    26, -4.453793556502e-01, 1.177939634035e-06, 5.3033e+01, 1.5148e+00, 
 2DIAGNOSTIC,    27, -4.453791507885e-01, 1.130283863802e-06, 5.4362e+01, 1.3289e+00, 
 2DIAGNOSTIC,    28, -4.453791610184e-01, 1.090216535000e-06, 5.6032e+01, 1.6703e+00, 
 2DIAGNOSTIC,    29, -4.453791994296e-01, 1.056820740281e-06, 5.7543e+01, 1.5112e+00, 
 2DIAGNOSTIC,    30, -4.453790689152e-01, 1.025217323203e-06, 5.9141e+01, 1.5979e+00, 
  Elapsed time (stage 0): 5.9978e+01


Total elapsed time: 5.9980e+01
Info [verificarlo]: loaded backend libinterflop_ieee.so
Info [interflop-ieee]: load backend with:
Info [interflop-ieee]: debug = false
Info [interflop-ieee]: debug-binary = false
Info [interflop-ieee]: no-backend-name = false
Info [interflop-ieee]: print-new-line = false
Info [interflop-ieee]: print-subnormal-normalized = false
Info [interflop-ieee]: count-op = false
All_Command_lines_OK
Using double precision for computations.
=============================================================================
The composite transform comprises the following transforms (in order): 
  1. /home/mdugre/scratch/mri-registration-rp/datasets/ds004513/derivatives/mri-registration-rp/0001/antsRegistration-r8-p16/sub-s003/rigid_Composite.h5[0] (type = Euler3DTransform)
  2. /home/mdugre/scratch/mri-registration-rp/datasets/ds004513/derivatives/mri-registration-rp/0001/antsRegistration-r8-p16/sub-s003/rigid_Composite.h5[1] (type = Euler3DTransform)
  3. /home/mdugre/scratch/mri-registration-rp/datasets/ds004513/derivatives/mri-registration-rp/0001/antsRegistration-r8-p16/sub-s003/rigid_Composite.h5[2] (type = Euler3DTransform)
=============================================================================
  number of levels = 4
  fixed image: /templateflow/tpl-MNI152NLin2009cAsym/tpl-MNI152NLin2009cAsym_res-01_desc-brain_T1w.nii.gz
  moving image: /home/mdugre/scratch/mri-registration-rp/datasets/ds004513/derivatives/mri-registration-rp/antsBrainExtraction/sub-s003/BrainExtractionBrain.nii.gz
Dimension = 3
Number of stages = 1
Use histogram matching = false
Winsorize image intensities = true
  Lower quantile = 0.005
  Upper quantile = 0.995


Stage 1 State
   Image metric = MattesMI
     Fixed image = Image (0x4e157e0)
  RTTI typeinfo:   itk::Image<double, 3u>
  Reference Count: 2
  Modified Time: 1594
  Debug: Off
  Object Name: 
  Observers: 
    none
  Source: (none)
  Source output name: (none)
  Release Data: Off
  Data Released: False
  Global Release Data: Off
  PipelineMTime: 0
  UpdateMTime: 1203
  RealTimeStamp: 0 seconds 
  LargestPossibleRegion: 
    Dimension: 3
    Index: [0, 0, 0]
    Size: [193, 229, 193]
  BufferedRegion: 
    Dimension: 3
    Index: [0, 0, 0]
    Size: [193, 229, 193]
  RequestedRegion: 
    Dimension: 3
    Index: [0, 0, 0]
    Size: [193, 229, 193]
  Spacing: [1, 1, 1]
  Origin: [96, 132, -78]
  Direction: 
-1 0 0
0 -1 0
0 0 1

  IndexToPointMatrix: 
-1 0 0
0 -1 0
0 0 1

  PointToIndexMatrix: 
-1 0 0
0 -1 0
0 0 1

  Inverse Direction: 
-1 0 0
0 -1 0
0 0 1

  PixelContainer: 
    ImportImageContainer (0x4ed5a20)
      RTTI typeinfo:   itk::ImportImageContainer<unsigned long, double>
      Reference Count: 1
      Modified Time: 1200
      Debug: Off
      Object Name: 
      Observers: 
        none
      Pointer: 0x14e457f88010
      Container manages memory: true
      Size: 8530021
      Capacity: 8530021

     Moving image = Image (0x4ed0d70)
  RTTI typeinfo:   itk::Image<double, 3u>
  Reference Count: 2
  Modified Time: 1595
  Debug: Off
  Object Name: 
  Observers: 
    none
  Source: (none)
  Source output name: (none)
  Release Data: Off
  Data Released: False
  Global Release Data: Off
  PipelineMTime: 0
  UpdateMTime: 1592
  RealTimeStamp: 0 seconds 
  LargestPossibleRegion: 
    Dimension: 3
    Index: [0, 0, 0]
    Size: [176, 240, 256]
  BufferedRegion: 
    Dimension: 3
    Index: [0, 0, 0]
    Size: [176, 240, 256]
  RequestedRegion: 
    Dimension: 3
    Index: [0, 0, 0]
    Size: [176, 240, 256]
  Spacing: [0.999999, 1, 1]
  Origin: [93.3499, 86.9368, -128.957]
  Direction: 
-0.999513 -0.0279216 -0.0139567
0.0279189 -0.99961 0.000389866
-0.0139622 2.01492e-08 0.999903

  IndexToPointMatrix: 
-0.999512 -0.0279216 -0.0139567
0.0279189 -0.99961 0.000389866
-0.0139621 2.01492e-08 0.999903

  PointToIndexMatrix: 
-0.999514 0.0279189 -0.0139622
-0.0279216 -0.99961 2.01716e-08
-0.0139567 0.000389866 0.999903

  Inverse Direction: 
-0.999513 0.0279189 -0.0139622
-0.0279216 -0.99961 2.01716e-08
-0.0139567 0.000389866 0.999903

  PixelContainer: 
    ImportImageContainer (0x4e88c90)
      RTTI typeinfo:   itk::ImportImageContainer<unsigned long, double>
      Reference Count: 1
      Modified Time: 1589
      Debug: Off
      Object Name: 
      Observers: 
        none
      Pointer: 0x14e452d07010
      Container manages memory: true
      Size: 10813440
      Capacity: 10813440

     Weighting = 1
     Sampling strategy = regular
     Number of bins = 32
     Radius = 4
     Sampling percentage  = 0.25
   Transform = Affine
     Gradient step = 0.1
     Update field sigma (voxel space) = 0
     Total field sigma (voxel space) = 0
     Update field time sigma = 0
     Total field time sigma  = 0
     Number of time indices = 0
     Number of time point samples = 0
Registration using 1 total stages.

Stage 0
  iterations = 1000x500x250x100
  convergence threshold = 1e-06
  convergence window size = 10
  number of levels = 4
  using the Mattes MI metric (number of bins = 32, weight = 1, use gradient filter = 0)
  preprocessing:  winsorizing the image intensities
  Shrink factors (level 1 out of 4): [8, 8, 8]
  Shrink factors (level 2 out of 4): [4, 4, 4]
  Shrink factors (level 3 out of 4): [2, 2, 2]
  Shrink factors (level 4 out of 4): [1, 1, 1]
  smoothing sigmas per level: [3, 2, 1, 0]
  regular sampling (percentage = 0.25)

*** Running AffineTransform registration ***

DIAGNOSTIC,Iteration,metricValue,convergenceValue,ITERATION_TIME_INDEX,SINCE_LAST
 2DIAGNOSTIC,     1, -6.596134782410e-01, 1.797693134862e+308, 7.1040e-01, 7.1040e-01, 
 2DIAGNOSTIC,     2, -6.621890270233e-01, 1.797693134862e+308, 7.1470e-01, 4.2980e-03, 
 2DIAGNOSTIC,     3, -6.662358066106e-01, 1.797693134862e+308, 7.1899e-01, 4.2908e-03, 
 2DIAGNOSTIC,     4, -6.721891900591e-01, 1.797693134862e+308, 7.2354e-01, 4.5481e-03, 
 2DIAGNOSTIC,     5, -6.805006984686e-01, 1.797693134862e+308, 7.2888e-01, 5.3399e-03, 
 2DIAGNOSTIC,     6, -6.922505296212e-01, 1.797693134862e+308, 7.3317e-01, 4.2908e-03, 
 2DIAGNOSTIC,     7, -7.073308213289e-01, 1.797693134862e+308, 7.3812e-01, 4.9462e-03, 
 2DIAGNOSTIC,     8, -7.195324538675e-01, 1.797693134862e+308, 7.4385e-01, 5.7359e-03, 
 2DIAGNOSTIC,     9, -7.204676151451e-01, 1.797693134862e+308, 7.4838e-01, 4.5252e-03, 
 2DIAGNOSTIC,    10, -7.204889047770e-01, 6.904010006287e-03, 7.5334e-01, 4.9651e-03, 
 2DIAGNOSTIC,    11, -7.240941370599e-01, 6.112537363081e-03, 7.5913e-01, 5.7878e-03, 
 2DIAGNOSTIC,    12, -7.250256864710e-01, 5.019799482751e-03, 7.6452e-01, 5.3852e-03, 
 2DIAGNOSTIC,    13, -7.257014715948e-01, 3.793747574321e-03, 7.7234e-01, 7.8251e-03, 
 2DIAGNOSTIC,    14, -7.258030817727e-01, 2.585429674056e-03, 7.7776e-01, 5.4209e-03, 
 2DIAGNOSTIC,    15, -7.259929395721e-01, 1.539236600785e-03, 7.8304e-01, 5.2760e-03, 
 2DIAGNOSTIC,    16, -7.259077915346e-01, 7.737100110523e-04, 7.8797e-01, 4.9310e-03, 
 2DIAGNOSTIC,    17, -7.259728567236e-01, 3.807500974325e-04, 7.9300e-01, 5.0321e-03, 
 2DIAGNOSTIC,    18, -7.261823212742e-01, 2.757692323794e-04, 7.9830e-01, 5.3000e-03, 
 2DIAGNOSTIC,    19, -7.263202443627e-01, 1.804800474979e-04, 8.0361e-01, 5.3101e-03, 
 2DIAGNOSTIC,    20, -7.262809655612e-01, 7.631667114855e-05, 8.0840e-01, 4.7848e-03, 
 2DIAGNOSTIC,    21, -7.262557850988e-01, 4.353391314919e-05, 8.1315e-01, 4.7541e-03, 
 2DIAGNOSTIC,    22, -7.263318829580e-01, 2.797408065531e-05, 8.1815e-01, 5.0001e-03, 
 2DIAGNOSTIC,    23, -7.263913654620e-01, 2.394857285039e-05, 8.2290e-01, 4.7491e-03, 
 2DIAGNOSTIC,    24, -7.264461252813e-01, 2.060041943035e-05, 8.2853e-01, 5.6331e-03, 
 2DIAGNOSTIC,    25, -7.265771321391e-01, 2.096204521818e-05, 8.3337e-01, 4.8380e-03, 
 2DIAGNOSTIC,    26, -7.265202982962e-01, 1.728477814647e-05, 8.3813e-01, 4.7569e-03, 
 2DIAGNOSTIC,    27, -7.265733447193e-01, 1.408613666963e-05, 8.4292e-01, 4.7882e-03, 
 2DIAGNOSTIC,    28, -7.266265852306e-01, 1.355339848699e-05, 8.4798e-01, 5.0631e-03, 
 2DIAGNOSTIC,    29, -7.266637484806e-01, 1.427337460172e-05, 8.5273e-01, 4.7541e-03, 
 2DIAGNOSTIC,    30, -7.265905380115e-01, 1.222029126729e-05, 8.5910e-01, 6.3660e-03, 
 2DIAGNOSTIC,    31, -7.267006496963e-01, 1.037734082508e-05, 8.6507e-01, 5.9700e-03, 
 2DIAGNOSTIC,    32, -7.267979201087e-01, 9.881334997595e-06, 8.7961e-01, 1.4543e-02, 
 2DIAGNOSTIC,    33, -7.267979196863e-01, 9.233276786320e-06, 8.8439e-01, 4.7770e-03, 
 2DIAGNOSTIC,    34, -7.267979220442e-01, 8.466824774296e-06, 8.8935e-01, 4.9589e-03, 
 2DIAGNOSTIC,    35, -7.267979260306e-01, 8.578211619075e-06, 8.9412e-01, 4.7760e-03, 
 2DIAGNOSTIC,    36, -7.267979327693e-01, 7.304714616622e-06, 8.9889e-01, 4.7688e-03, 
 2DIAGNOSTIC,    37, -7.267979441576e-01, 6.013844633335e-06, 9.0386e-01, 4.9701e-03, 
 2DIAGNOSTIC,    38, -7.267979633962e-01, 4.852675373514e-06, 9.0900e-01, 5.1358e-03, 
 2DIAGNOSTIC,    39, -7.267979958744e-01, 3.799395401780e-06, 9.1407e-01, 5.0669e-03, 
 2DIAGNOSTIC,    40, -7.267980506404e-01, 1.771728133971e-06, 9.1901e-01, 4.9412e-03, 
DIAGNOSTIC,Iteration,metricValue,convergenceValue,ITERATION_TIME_INDEX,SINCE_LAST
 2DIAGNOSTIC,     1, -5.971343464859e-01, 1.797693134862e+308, 1.6215e+00, 7.0248e-01, 
 2DIAGNOSTIC,     2, -5.976241508751e-01, 1.797693134862e+308, 1.6573e+00, 3.5854e-02, 
 2DIAGNOSTIC,     3, -5.982801002002e-01, 1.797693134862e+308, 1.6933e+00, 3.6004e-02, 
 2DIAGNOSTIC,     4, -5.989435591830e-01, 1.797693134862e+308, 1.7292e+00, 3.5840e-02, 
 2DIAGNOSTIC,     5, -5.995113075930e-01, 1.797693134862e+308, 1.7654e+00, 3.6182e-02, 
 2DIAGNOSTIC,     6, -6.000881865397e-01, 1.797693134862e+308, 1.8053e+00, 3.9943e-02, 
 2DIAGNOSTIC,     7, -6.007581655231e-01, 1.797693134862e+308, 1.8796e+00, 7.4299e-02, 
 2DIAGNOSTIC,     8, -6.007705350196e-01, 1.797693134862e+308, 1.9163e+00, 3.6660e-02, 
 2DIAGNOSTIC,     9, -6.007843558592e-01, 1.797693134862e+308, 1.9525e+00, 3.6198e-02, 
 2DIAGNOSTIC,    10, -6.007822208236e-01, 4.346005591564e-04, 1.9868e+00, 3.4301e-02, 
 2DIAGNOSTIC,    11, -6.007932099433e-01, 3.194435120342e-04, 2.0253e+00, 3.8500e-02, 
 2DIAGNOSTIC,    12, -6.008031688821e-01, 2.142744991658e-04, 2.0590e+00, 3.3712e-02, 
 2DIAGNOSTIC,    13, -6.008186593718e-01, 1.304735923878e-04, 2.0947e+00, 3.5759e-02, 
 2DIAGNOSTIC,    14, -6.008413089828e-01, 7.029679231810e-05, 2.1281e+00, 3.3352e-02, 
 2DIAGNOSTIC,    15, -6.009003054510e-01, 3.146874707492e-05, 2.1618e+00, 3.3693e-02, 
 2DIAGNOSTIC,    16, -6.009627076063e-01, 1.313881581942e-05, 2.1955e+00, 3.3742e-02, 
 2DIAGNOSTIC,    17, -6.010120820407e-01, 1.595144613872e-05, 2.2286e+00, 3.3103e-02, 
 2DIAGNOSTIC,    18, -6.011371665853e-01, 2.075836309609e-05, 2.2620e+00, 3.3387e-02, 
 2DIAGNOSTIC,    19, -6.013289161516e-01, 2.836536365485e-05, 2.2976e+00, 3.5545e-02, 
 2DIAGNOSTIC,    20, -6.016428372173e-01, 4.000583835048e-05, 2.3517e+00, 5.4133e-02, 
 2DIAGNOSTIC,    21, -6.016482263031e-01, 4.719528051278e-05, 2.3925e+00, 4.0821e-02, 
 2DIAGNOSTIC,    22, -6.016684450630e-01, 5.024377289058e-05, 2.4262e+00, 3.3667e-02, 
 2DIAGNOSTIC,    23, -6.016580479716e-01, 4.862141137675e-05, 2.4634e+00, 3.7177e-02, 
 2DIAGNOSTIC,    24, -6.017346994201e-01, 4.457843542713e-05, 2.4995e+00, 3.6111e-02, 
 2DIAGNOSTIC,    25, -6.017350329062e-01, 3.778583981749e-05, 2.5345e+00, 3.4994e-02, 
 2DIAGNOSTIC,    26, -6.017583233156e-01, 2.969030000512e-05, 2.5759e+00, 4.1411e-02, 
 2DIAGNOSTIC,    27, -6.017680692680e-01, 2.062275127482e-05, 2.6125e+00, 3.6599e-02, 
 2DIAGNOSTIC,    28, -6.017647183137e-01, 1.239691607578e-05, 2.6479e+00, 3.5403e-02, 
 2DIAGNOSTIC,    29, -6.017740714933e-01, 6.805834794510e-06, 2.6813e+00, 3.3454e-02, 
 2DIAGNOSTIC,    30, -6.017783088291e-01, 6.056268029617e-06, 2.7160e+00, 3.4674e-02, 
