
##########################
# Experiment information #
##########################

EXPERIMENT_NAME: antsRegistration-r7-p19
VFC_BACKENDS: libinterflop_vprec.so --range-binary32=7 --precision-binary32=19 --range-binary64=7 --precision-binary64=19

SIF_IMG: /home/mdugre/projects/rrg-glatard/mdugre/containers/ants-vprec-no_metrics.simg

SUBJECT_ID: s025
INPUT_IMG: /home/mdugre/scratch/mri-registration-rp/datasets/ds004513/derivatives/mri-registration-rp/antsBrainExtraction/sub-s025/BrainExtractionBrain.nii.gz
OUTPUT_DIR: /home/mdugre/scratch/mri-registration-rp/datasets/ds004513/derivatives/mri-registration-rp/0001/antsRegistration-r7-p19/sub-s025

FIXED_IMG: /templateflow/tpl-MNI152NLin2009cAsym/tpl-MNI152NLin2009cAsym_res-01_desc-brain_T1w.nii.gz
DATA_DIR: /home/mdugre/scratch/mri-registration-rp/datasets/ds004513
TEMPLATEFLOW_DIR: /home/mdugre/projects/rrg-glatard/mdugre/templateflow
ITK_GLOBAL_DEFAULT_NUMBER_OF_THREADS: 16
##########################

Info [verificarlo]: loaded backend libinterflop_ieee.so
Info [interflop-ieee]: load backend with:
Info [interflop-ieee]: debug = false
Info [interflop-ieee]: debug-binary = false
Info [interflop-ieee]: no-backend-name = false
Info [interflop-ieee]: print-new-line = false
Info [interflop-ieee]: print-subnormal-normalized = false
Info [interflop-ieee]: count-op = false
All_Command_lines_OK
Using double precision for computations.
=============================================================================
The composite transform comprises the following transforms (in order): 
  1. Center of mass alignment using fixed image: /templateflow/tpl-MNI152NLin2009cAsym/tpl-MNI152NLin2009cAsym_res-01_desc-brain_T1w.nii.gz and moving image: /home/mdugre/scratch/mri-registration-rp/datasets/ds004513/derivatives/mri-registration-rp/antsBrainExtraction/sub-s025/BrainExtractionBrain.nii.gz (type = Euler3DTransform)
=============================================================================
  number of levels = 1
  fixed image: /templateflow/tpl-MNI152NLin2009cAsym/tpl-MNI152NLin2009cAsym_res-01_desc-brain_T1w.nii.gz
  moving image: /home/mdugre/scratch/mri-registration-rp/datasets/ds004513/derivatives/mri-registration-rp/antsBrainExtraction/sub-s025/BrainExtractionBrain.nii.gz
Dimension = 3
Number of stages = 1
Use histogram matching = false
Winsorize image intensities = true
  Lower quantile = 0.005
  Upper quantile = 0.995


Stage 1 State
   Image metric = MattesMI
     Fixed image = Image (0x4f90e70)
  RTTI typeinfo:   itk::Image<double, 3u>
  Reference Count: 2
  Modified Time: 2334
  Debug: Off
  Object Name: 
  Observers: 
    none
  Source: (none)
  Source output name: (none)
  Release Data: Off
  Data Released: False
  Global Release Data: Off
  PipelineMTime: 0
  UpdateMTime: 1943
  RealTimeStamp: 0 seconds 
  LargestPossibleRegion: 
    Dimension: 3
    Index: [0, 0, 0]
    Size: [193, 229, 193]
  BufferedRegion: 
    Dimension: 3
    Index: [0, 0, 0]
    Size: [193, 229, 193]
  RequestedRegion: 
    Dimension: 3
    Index: [0, 0, 0]
    Size: [193, 229, 193]
  Spacing: [1, 1, 1]
  Origin: [96, 132, -78]
  Direction: 
-1 0 0
0 -1 0
0 0 1

  IndexToPointMatrix: 
-1 0 0
0 -1 0
0 0 1

  PointToIndexMatrix: 
-1 0 0
0 -1 0
0 0 1

  Inverse Direction: 
-1 0 0
0 -1 0
0 0 1

  PixelContainer: 
    ImportImageContainer (0x4f99c60)
      RTTI typeinfo:   itk::ImportImageContainer<unsigned long, double>
      Reference Count: 1
      Modified Time: 1940
      Debug: Off
      Object Name: 
      Observers: 
        none
      Pointer: 0x14b2f226f010
      Container manages memory: true
      Size: 8530021
      Capacity: 8530021

     Moving image = Image (0x4f9c610)
  RTTI typeinfo:   itk::Image<double, 3u>
  Reference Count: 2
  Modified Time: 2335
  Debug: Off
  Object Name: 
  Observers: 
    none
  Source: (none)
  Source output name: (none)
  Release Data: Off
  Data Released: False
  Global Release Data: Off
  PipelineMTime: 0
  UpdateMTime: 2332
  RealTimeStamp: 0 seconds 
  LargestPossibleRegion: 
    Dimension: 3
    Index: [0, 0, 0]
    Size: [176, 240, 256]
  BufferedRegion: 
    Dimension: 3
    Index: [0, 0, 0]
    Size: [176, 240, 256]
  RequestedRegion: 
    Dimension: 3
    Index: [0, 0, 0]
    Size: [176, 240, 256]
  Spacing: [0.999999, 1, 1]
  Origin: [90.3778, 84.5091, -154.071]
  Direction: 
-0.999391 7.48184e-06 -0.0348969
-7.47664e-06 -1 -2.7953e-07
-0.0348969 -1.84481e-08 0.999391

  IndexToPointMatrix: 
-0.99939 7.48184e-06 -0.0348969
-7.47663e-06 -1 -2.7953e-07
-0.0348968 -1.84481e-08 0.999391

  PointToIndexMatrix: 
-0.999392 -7.47665e-06 -0.0348969
7.48184e-06 -1 -1.84481e-08
-0.0348969 -2.7953e-07 0.999391

  Inverse Direction: 
-0.999391 -7.47664e-06 -0.0348969
7.48184e-06 -1 -1.84481e-08
-0.0348969 -2.7953e-07 0.999391

  PixelContainer: 
    ImportImageContainer (0x5035ef0)
      RTTI typeinfo:   itk::ImportImageContainer<unsigned long, double>
      Reference Count: 1
      Modified Time: 2329
      Debug: Off
      Object Name: 
      Observers: 
        none
      Pointer: 0x14b2ecfee010
      Container manages memory: true
      Size: 10813440
      Capacity: 10813440

     Weighting = 1
     Sampling strategy = regular
     Number of bins = 32
     Radius = 4
     Sampling percentage  = 0.25
   Transform = Rigid
     Gradient step = 0.1
     Update field sigma (voxel space) = 0
     Total field sigma (voxel space) = 0
     Update field time sigma = 0
     Total field time sigma  = 0
     Number of time indices = 0
     Number of time point samples = 0
Registration using 1 total stages.

Stage 0
  iterations = 0
  convergence threshold = 1e-06
  convergence window size = 10
  number of levels = 1
  using the Mattes MI metric (number of bins = 32, weight = 1, use gradient filter = 0)
  preprocessing:  winsorizing the image intensities
  Shrink factors (level 1 out of 1): [1, 1, 1]
  smoothing sigmas per level: [0]
  regular sampling (percentage = 0.25)

*** Running Euler3DTransform registration ***

  Elapsed time (stage 0): 1.10851


Total elapsed time: 1.11069
Info [verificarlo]: loaded backend libinterflop_ieee.so
Info [interflop-ieee]: load backend with:
Info [interflop-ieee]: debug = false
Info [interflop-ieee]: debug-binary = false
Info [interflop-ieee]: no-backend-name = false
Info [interflop-ieee]: print-new-line = false
Info [interflop-ieee]: print-subnormal-normalized = false
Info [interflop-ieee]: count-op = false
All_Command_lines_OK
Using double precision for computations.
=============================================================================
The composite transform comprises the following transforms (in order): 
  1. /home/mdugre/scratch/mri-registration-rp/datasets/ds004513/derivatives/mri-registration-rp/0001/antsRegistration-r7-p19/sub-s025/align_Composite.h5[0] (type = Euler3DTransform)
  2. /home/mdugre/scratch/mri-registration-rp/datasets/ds004513/derivatives/mri-registration-rp/0001/antsRegistration-r7-p19/sub-s025/align_Composite.h5[1] (type = Euler3DTransform)
=============================================================================
  number of levels = 4
  fixed image: /templateflow/tpl-MNI152NLin2009cAsym/tpl-MNI152NLin2009cAsym_res-01_desc-brain_T1w.nii.gz
  moving image: /home/mdugre/scratch/mri-registration-rp/datasets/ds004513/derivatives/mri-registration-rp/antsBrainExtraction/sub-s025/BrainExtractionBrain.nii.gz
Dimension = 3
Number of stages = 1
Use histogram matching = false
Winsorize image intensities = true
  Lower quantile = 0.005
  Upper quantile = 0.995


Stage 1 State
   Image metric = MattesMI
     Fixed image = Image (0x3824530)
  RTTI typeinfo:   itk::Image<double, 3u>
  Reference Count: 2
  Modified Time: 1580
  Debug: Off
  Object Name: 
  Observers: 
    none
  Source: (none)
  Source output name: (none)
  Release Data: Off
  Data Released: False
  Global Release Data: Off
  PipelineMTime: 0
  UpdateMTime: 1189
  RealTimeStamp: 0 seconds 
  LargestPossibleRegion: 
    Dimension: 3
    Index: [0, 0, 0]
    Size: [193, 229, 193]
  BufferedRegion: 
    Dimension: 3
    Index: [0, 0, 0]
    Size: [193, 229, 193]
  RequestedRegion: 
    Dimension: 3
    Index: [0, 0, 0]
    Size: [193, 229, 193]
  Spacing: [1, 1, 1]
  Origin: [96, 132, -78]
  Direction: 
-1 0 0
0 -1 0
0 0 1

  IndexToPointMatrix: 
-1 0 0
0 -1 0
0 0 1

  PointToIndexMatrix: 
-1 0 0
0 -1 0
0 0 1

  Inverse Direction: 
-1 0 0
0 -1 0
0 0 1

  PixelContainer: 
    ImportImageContainer (0x38e2d60)
      RTTI typeinfo:   itk::ImportImageContainer<unsigned long, double>
      Reference Count: 1
      Modified Time: 1186
      Debug: Off
      Object Name: 
      Observers: 
        none
      Pointer: 0x14a2c8221010
      Container manages memory: true
      Size: 8530021
      Capacity: 8530021

     Moving image = Image (0x38d4f60)
  RTTI typeinfo:   itk::Image<double, 3u>
  Reference Count: 2
  Modified Time: 1581
  Debug: Off
  Object Name: 
  Observers: 
    none
  Source: (none)
  Source output name: (none)
  Release Data: Off
  Data Released: False
  Global Release Data: Off
  PipelineMTime: 0
  UpdateMTime: 1578
  RealTimeStamp: 0 seconds 
  LargestPossibleRegion: 
    Dimension: 3
    Index: [0, 0, 0]
    Size: [176, 240, 256]
  BufferedRegion: 
    Dimension: 3
    Index: [0, 0, 0]
    Size: [176, 240, 256]
  RequestedRegion: 
    Dimension: 3
    Index: [0, 0, 0]
    Size: [176, 240, 256]
  Spacing: [0.999999, 1, 1]
  Origin: [90.3778, 84.5091, -154.071]
  Direction: 
-0.999391 7.48184e-06 -0.0348969
-7.47664e-06 -1 -2.7953e-07
-0.0348969 -1.84481e-08 0.999391

  IndexToPointMatrix: 
-0.99939 7.48184e-06 -0.0348969
-7.47663e-06 -1 -2.7953e-07
-0.0348968 -1.84481e-08 0.999391

  PointToIndexMatrix: 
-0.999392 -7.47665e-06 -0.0348969
7.48184e-06 -1 -1.84481e-08
-0.0348969 -2.7953e-07 0.999391

  Inverse Direction: 
-0.999391 -7.47664e-06 -0.0348969
7.48184e-06 -1 -1.84481e-08
-0.0348969 -2.7953e-07 0.999391

  PixelContainer: 
    ImportImageContainer (0x38c66d0)
      RTTI typeinfo:   itk::ImportImageContainer<unsigned long, double>
      Reference Count: 1
      Modified Time: 1575
      Debug: Off
      Object Name: 
      Observers: 
        none
      Pointer: 0x14a2c2fa0010
      Container manages memory: true
      Size: 10813440
      Capacity: 10813440

     Weighting = 1
     Sampling strategy = regular
     Number of bins = 32
     Radius = 4
     Sampling percentage  = 0.25
   Transform = Rigid
     Gradient step = 0.1
     Update field sigma (voxel space) = 0
     Total field sigma (voxel space) = 0
     Update field time sigma = 0
     Total field time sigma  = 0
     Number of time indices = 0
     Number of time point samples = 0
Registration using 1 total stages.

Stage 0
  iterations = 1000x500x250x100
  convergence threshold = 1e-06
  convergence window size = 10
  number of levels = 4
  using the Mattes MI metric (number of bins = 32, weight = 1, use gradient filter = 0)
  preprocessing:  winsorizing the image intensities
  Shrink factors (level 1 out of 4): [8, 8, 8]
  Shrink factors (level 2 out of 4): [4, 4, 4]
  Shrink factors (level 3 out of 4): [2, 2, 2]
  Shrink factors (level 4 out of 4): [1, 1, 1]
  smoothing sigmas per level: [3, 2, 1, 0]
  regular sampling (percentage = 0.25)

*** Running Euler3DTransform registration ***

DIAGNOSTIC,Iteration,metricValue,convergenceValue,ITERATION_TIME_INDEX,SINCE_LAST
 2DIAGNOSTIC,     1, -5.323241903179e-01, 1.797693134862e+308, 8.7478e-01, 8.7477e-01, 
 2DIAGNOSTIC,     2, -5.346190553927e-01, 1.797693134862e+308, 8.7968e-01, 4.9078e-03, 
 2DIAGNOSTIC,     3, -5.378036555361e-01, 1.797693134862e+308, 8.8494e-01, 5.2578e-03, 
 2DIAGNOSTIC,     4, -5.422949451405e-01, 1.797693134862e+308, 8.9099e-01, 6.0441e-03, 
 2DIAGNOSTIC,     5, -5.486805952477e-01, 1.797693134862e+308, 8.9597e-01, 4.9858e-03, 
 2DIAGNOSTIC,     6, -5.542790085272e-01, 1.797693134862e+308, 9.0214e-01, 6.1669e-03, 
 2DIAGNOSTIC,     7, -5.627123115611e-01, 1.797693134862e+308, 9.0717e-01, 5.0328e-03, 
 2DIAGNOSTIC,     8, -5.766609943856e-01, 1.797693134862e+308, 9.1204e-01, 4.8659e-03, 
 2DIAGNOSTIC,     9, -5.881111419397e-01, 1.797693134862e+308, 9.1772e-01, 5.6860e-03, 
 2DIAGNOSTIC,    10, -6.012927005665e-01, 7.820055967720e-03, 9.2583e-01, 8.1100e-03, 
 2DIAGNOSTIC,    11, -6.192402913591e-01, 8.564422673941e-03, 9.3589e-01, 1.0054e-02, 
 2DIAGNOSTIC,    12, -6.197111897446e-01, 8.513711436521e-03, 9.4121e-01, 5.3229e-03, 
 2DIAGNOSTIC,    13, -6.223136777510e-01, 7.932305190660e-03, 9.4681e-01, 5.6009e-03, 
 2DIAGNOSTIC,    14, -6.239859078529e-01, 6.938967258808e-03, 9.5181e-01, 4.9949e-03, 
 2DIAGNOSTIC,    15, -6.258731029034e-01, 5.722268374530e-03, 9.5691e-01, 5.1088e-03, 
 2DIAGNOSTIC,    16, -6.290042957039e-01, 4.404898010699e-03, 9.6193e-01, 5.0149e-03, 
 2DIAGNOSTIC,    17, -6.327399548154e-01, 3.192249457946e-03, 9.6787e-01, 5.9450e-03, 
 2DIAGNOSTIC,    18, -6.361770329220e-01, 2.298162514605e-03, 9.7377e-01, 5.8990e-03, 
 2DIAGNOSTIC,    19, -6.381920795341e-01, 1.629119692305e-03, 9.7899e-01, 5.2211e-03, 
 2DIAGNOSTIC,    20, -6.414786468503e-01, 1.264281191528e-03, 9.8389e-01, 4.8981e-03, 
 2DIAGNOSTIC,    21, -6.422621311427e-01, 1.244231354489e-03, 9.8917e-01, 5.2741e-03, 
 2DIAGNOSTIC,    22, -6.443386369619e-01, 1.164065699093e-03, 9.9433e-01, 5.1599e-03, 
 2DIAGNOSTIC,    23, -6.458367310977e-01, 1.066297095297e-03, 9.9975e-01, 5.4228e-03, 
 2DIAGNOSTIC,    24, -6.528535013898e-01, 1.047817938757e-03, 1.0057e+00, 5.9900e-03, 
 2DIAGNOSTIC,    25, -6.591704562432e-01, 1.083081255612e-03, 1.0126e+00, 6.8700e-03, 
 2DIAGNOSTIC,    26, -6.605963654863e-01, 1.093549159023e-03, 1.0181e+00, 5.4519e-03, 
 2DIAGNOSTIC,    27, -6.608439809968e-01, 1.070984906856e-03, 1.0231e+00, 5.0430e-03, 
 2DIAGNOSTIC,    28, -6.615671825410e-01, 1.019502615263e-03, 1.0282e+00, 5.0569e-03, 
 2DIAGNOSTIC,    29, -6.628794522541e-01, 9.260605950850e-04, 1.0332e+00, 5.0170e-03, 
 2DIAGNOSTIC,    30, -6.728295466513e-01, 9.537376285611e-04, 1.0400e+00, 6.7971e-03, 
 2DIAGNOSTIC,    31, -6.735478841305e-01, 9.084155634055e-04, 1.0446e+00, 4.6391e-03, 
 2DIAGNOSTIC,    32, -6.743492400085e-01, 8.254135879775e-04, 1.0492e+00, 4.6341e-03, 
 2DIAGNOSTIC,    33, -6.778518577170e-01, 7.396608483560e-04, 1.0541e+00, 4.8211e-03, 
 2DIAGNOSTIC,    34, -6.872952512035e-01, 8.064177126348e-04, 1.0646e+00, 1.0562e-02, 
 2DIAGNOSTIC,    35, -6.877316295816e-01, 8.751528763805e-04, 1.0695e+00, 4.8630e-03, 
 2DIAGNOSTIC,    36, -6.893207906095e-01, 8.964094711569e-04, 1.0743e+00, 4.7729e-03, 
 2DIAGNOSTIC,    37, -6.927366202453e-01, 8.791048174657e-04, 1.0790e+00, 4.7240e-03, 
 2DIAGNOSTIC,    38, -7.010174204854e-01, 8.852363099836e-04, 1.0838e+00, 4.7698e-03, 
 2DIAGNOSTIC,    39, -7.064012016274e-01, 8.770868753157e-04, 1.0885e+00, 4.7598e-03, 
 2DIAGNOSTIC,    40, -7.084339034085e-01, 9.204547370952e-04, 1.0935e+00, 4.9429e-03, 
 2DIAGNOSTIC,    41, -7.160848117393e-01, 9.680138237762e-04, 1.0990e+00, 5.5110e-03, 
 2DIAGNOSTIC,    42, -7.193143892762e-01, 9.617285959528e-04, 1.1057e+00, 6.7091e-03, 
 2DIAGNOSTIC,    43, -7.221895455536e-01, 9.261728875072e-04, 1.1103e+00, 4.6051e-03, 
 2DIAGNOSTIC,    44, -7.284729197702e-01, 9.626169526192e-04, 1.1151e+00, 4.7741e-03, 
 2DIAGNOSTIC,    45, -7.388175405764e-01, 1.010569647408e-03, 1.1197e+00, 4.6418e-03, 
 2DIAGNOSTIC,    46, -7.433737377811e-01, 1.016261540031e-03, 1.1244e+00, 4.7390e-03, 
 2DIAGNOSTIC,    47, -7.508429355082e-01, 1.024868198476e-03, 1.1321e+00, 7.6182e-03, 
 2DIAGNOSTIC,    48, -7.533682480377e-01, 1.032928962582e-03, 1.1367e+00, 4.6220e-03, 
 2DIAGNOSTIC,    49, -7.542504945443e-01, 9.979342078359e-04, 1.1418e+00, 5.1589e-03, 
 2DIAGNOSTIC,    50, -7.570879524564e-01, 9.095697140503e-04, 1.1470e+00, 5.1959e-03, 
 2DIAGNOSTIC,    51, -7.588533553010e-01, 8.171369617694e-04, 1.1542e+00, 7.1979e-03, 
 2DIAGNOSTIC,    52, -7.589728345614e-01, 6.785809005188e-04, 1.1697e+00, 1.5453e-02, 
 2DIAGNOSTIC,    53, -7.589727865053e-01, 5.045933486800e-04, 1.1746e+00, 4.9341e-03, 
 2DIAGNOSTIC,    54, -7.589729266869e-01, 3.387136290796e-04, 1.1794e+00, 4.7719e-03, 
 2DIAGNOSTIC,    55, -7.589731636999e-01, 2.274562942205e-04, 1.1841e+00, 4.7309e-03, 
 2DIAGNOSTIC,    56, -7.589735643897e-01, 1.321450459819e-04, 1.1890e+00, 4.8308e-03, 
 2DIAGNOSTIC,    57, -7.589742416775e-01, 8.368305977203e-05, 1.1940e+00, 5.0180e-03, 
 2DIAGNOSTIC,    58, -7.589753861828e-01, 4.793986684860e-05, 1.1987e+00, 4.7190e-03, 
 2DIAGNOSTIC,    59, -7.589773195489e-01, 1.496596803433e-05, 1.2038e+00, 5.1029e-03, 
 2DIAGNOSTIC,    60, -7.589805835395e-01, 1.541532708572e-06, 1.2089e+00, 5.0640e-03, 
DIAGNOSTIC,Iteration,metricValue,convergenceValue,ITERATION_TIME_INDEX,SINCE_LAST
 2DIAGNOSTIC,     1, -6.009882514748e-01, 1.797693134862e+308, 2.1316e+00, 9.2275e-01, 
 2DIAGNOSTIC,     2, -6.022283486448e-01, 1.797693134862e+308, 2.1650e+00, 3.3348e-02, 
 2DIAGNOSTIC,     3, -6.039159526928e-01, 1.797693134862e+308, 2.1984e+00, 3.3415e-02, 
 2DIAGNOSTIC,     4, -6.057265381552e-01, 1.797693134862e+308, 2.2362e+00, 3.7796e-02, 
 2DIAGNOSTIC,     5, -6.073011307606e-01, 1.797693134862e+308, 2.2690e+00, 3.2804e-02, 
 2DIAGNOSTIC,     6, -6.085782255194e-01, 1.797693134862e+308, 2.3013e+00, 3.2285e-02, 
 2DIAGNOSTIC,     7, -6.099156167167e-01, 1.797693134862e+308, 2.3343e+00, 3.3011e-02, 
 2DIAGNOSTIC,     8, -6.130729562638e-01, 1.797693134862e+308, 2.3687e+00, 3.4453e-02, 
 2DIAGNOSTIC,     9, -6.197516380647e-01, 1.797693134862e+308, 2.4223e+00, 5.3615e-02, 
 2DIAGNOSTIC,    10, -6.204220836902e-01, 2.025051571113e-03, 2.4700e+00, 4.7636e-02, 
 2DIAGNOSTIC,    11, -6.204564851122e-01, 1.925670878931e-03, 2.5111e+00, 4.1150e-02, 
 2DIAGNOSTIC,    12, -6.204637836061e-01, 1.722232570719e-03, 2.5571e+00, 4.5961e-02, 
 2DIAGNOSTIC,    13, -6.204572978542e-01, 1.452519555499e-03, 2.5934e+00, 3.6343e-02, 
 2DIAGNOSTIC,    14, -6.204495013536e-01, 1.145586789508e-03, 2.6250e+00, 3.1587e-02, 
 2DIAGNOSTIC,    15, -6.204438697217e-01, 8.241321171152e-04, 2.6550e+00, 2.9985e-02, 
 2DIAGNOSTIC,    16, -6.204411217048e-01, 5.079569659646e-04, 2.6892e+00, 3.4233e-02, 
 2DIAGNOSTIC,    17, -6.204617120374e-01, 2.198342283495e-04, 2.7190e+00, 2.9772e-02, 
 2DIAGNOSTIC,    18, -6.204759741612e-01, 2.074651487011e-05, 2.7495e+00, 3.0475e-02, 
 2DIAGNOSTIC,    19, -6.204794541124e-01, 3.259375799043e-06, 2.7843e+00, 3.4796e-02, 
 2DIAGNOSTIC,    20, -6.204717724529e-01, 2.699172471268e-06, 2.8181e+00, 3.3817e-02, 
 2DIAGNOSTIC,    21, -6.204700905697e-01, 2.812362208594e-06, 2.8480e+00, 2.9933e-02, 
 2DIAGNOSTIC,    22, -6.204738685594e-01, 3.019904387766e-06, 2.8810e+00, 3.3006e-02, 
 2DIAGNOSTIC,    23, -6.204743465830e-01, 2.933059896126e-06, 2.9130e+00, 3.1922e-02, 
 2DIAGNOSTIC,    24, -6.204808856993e-01, 2.692513354698e-06, 2.9441e+00, 3.1153e-02, 
 2DIAGNOSTIC,    25, -6.205299533132e-01, 3.155987102613e-06, 2.9805e+00, 3.6372e-02, 
 2DIAGNOSTIC,    26, -6.205684629722e-01, 4.012744119437e-06, 3.0148e+00, 3.4365e-02, 
 2DIAGNOSTIC,    27, -6.206384054926e-01, 6.073658182539e-06, 3.0493e+00, 3.4431e-02, 
 2DIAGNOSTIC,    28, -6.208089753804e-01, 1.055213827562e-05, 3.0864e+00, 3.7110e-02, 
 2DIAGNOSTIC,    29, -6.208965989938e-01, 1.522446259656e-05, 3.1215e+00, 3.5114e-02, 
 2DIAGNOSTIC,    30, -6.215131975134e-01, 2.759712122929e-05, 3.1807e+00, 5.9164e-02, 
 2DIAGNOSTIC,    31, -6.215481314262e-01, 3.692774626487e-05, 3.2143e+00, 3.3642e-02, 
 2DIAGNOSTIC,    32, -6.215648544684e-01, 4.266271127455e-05, 3.2481e+00, 3.3807e-02, 
 2DIAGNOSTIC,    33, -6.215444187926e-01, 4.392386348450e-05, 3.3004e+00, 5.2326e-02, 
 2DIAGNOSTIC,    34, -6.215479752443e-01, 4.113082612938e-05, 3.3372e+00, 3.6717e-02, 
 2DIAGNOSTIC,    35, -6.215394108824e-01, 3.510246026732e-05, 3.3754e+00, 3.8282e-02, 
 2DIAGNOSTIC,    36, -6.215305523229e-01, 2.651999432806e-05, 3.4119e+00, 3.6486e-02, 
 2DIAGNOSTIC,    37, -6.215233193232e-01, 1.682107801878e-05, 3.4505e+00, 3.8554e-02, 
 2DIAGNOSTIC,    38, -6.215261550914e-01, 8.284913165825e-06, 3.4837e+00, 3.3256e-02, 
DIAGNOSTIC,Iteration,metricValue,convergenceValue,ITERATION_TIME_INDEX,SINCE_LAST
 2DIAGNOSTIC,     1, -5.350461777069e-01, 1.797693134862e+308, 4.7819e+00, 1.2981e+00, 
 2DIAGNOSTIC,     2, -5.352471543880e-01, 1.797693134862e+308, 5.0417e+00, 2.5982e-01, 
 2DIAGNOSTIC,     3, -5.353408117671e-01, 1.797693134862e+308, 5.3209e+00, 2.7922e-01, 
 2DIAGNOSTIC,     4, -5.354005425128e-01, 1.797693134862e+308, 5.6049e+00, 2.8399e-01, 
 2DIAGNOSTIC,     5, -5.356575430096e-01, 1.797693134862e+308, 5.9642e+00, 3.5928e-01, 
 2DIAGNOSTIC,     6, -5.356835644555e-01, 1.797693134862e+308, 6.2683e+00, 3.0414e-01, 
 2DIAGNOSTIC,     7, -5.357643289985e-01, 1.797693134862e+308, 6.6172e+00, 3.4890e-01, 
 2DIAGNOSTIC,     8, -5.358464655271e-01, 1.797693134862e+308, 7.0723e+00, 4.5504e-01, 
 2DIAGNOSTIC,     9, -5.358543408987e-01, 1.797693134862e+308, 7.3439e+00, 2.7163e-01, 
 2DIAGNOSTIC,    10, -5.358494111678e-01, 1.020356954369e-04, 7.6732e+00, 3.2934e-01, 
 2DIAGNOSTIC,    11, -5.358528597342e-01, 7.381553730992e-05, 8.0193e+00, 3.4608e-01, 
 2DIAGNOSTIC,    12, -5.358556155942e-01, 5.296951602574e-05, 8.3048e+00, 2.8551e-01, 
 2DIAGNOSTIC,    13, -5.358524059728e-01, 3.447949412458e-05, 8.6429e+00, 3.3810e-01, 
 2DIAGNOSTIC,    14, -5.358543795747e-01, 1.783444478885e-05, 9.0488e+00, 4.0584e-01, 
 2DIAGNOSTIC,    15, -5.358518894273e-01, 1.104646837224e-05, 9.4228e+00, 3.7405e-01, 
 2DIAGNOSTIC,    16, -5.358539960534e-01, 5.181620766861e-06, 9.7364e+00, 3.1363e-01, 
 2DIAGNOSTIC,    17, -5.358520164289e-01, 2.095491088080e-06, 1.0101e+01, 3.6418e-01, 
 2DIAGNOSTIC,    18, -5.358538714444e-01, 1.802860749439e-06, 1.0472e+01, 3.7155e-01, 
 2DIAGNOSTIC,    19, -5.358536710609e-01, 1.756942283160e-06, 1.0864e+01, 3.9144e-01, 
 2DIAGNOSTIC,    20, -5.358509779184e-01, 1.503232163663e-06, 1.1208e+01, 3.4429e-01, 
 2DIAGNOSTIC,    21, -5.358516234526e-01, 1.385302392624e-06, 1.1523e+01, 3.1484e-01, 
 2DIAGNOSTIC,    22, -5.358548549056e-01, 1.435548877438e-06, 1.1842e+01, 3.1972e-01, 
 2DIAGNOSTIC,    23, -5.358591335630e-01, 1.502377316588e-06, 1.2149e+01, 3.0657e-01, 
 2DIAGNOSTIC,    24, -5.358575747145e-01, 1.561608413803e-06, 1.2489e+01, 3.4013e-01, 
 2DIAGNOSTIC,    25, -5.358571865796e-01, 1.535810782591e-06, 1.2810e+01, 3.2133e-01, 
 2DIAGNOSTIC,    26, -5.358594111612e-01, 1.578170476982e-06, 1.3178e+01, 3.6786e-01, 
 2DIAGNOSTIC,    27, -5.358581856245e-01, 1.515799916252e-06, 1.3548e+01, 3.6933e-01, 
 2DIAGNOSTIC,    28, -5.358604984348e-01, 1.504280375889e-06, 1.3881e+01, 3.3359e-01, 
 2DIAGNOSTIC,    29, -5.358648420567e-01, 1.536505027912e-06, 1.4238e+01, 3.5673e-01, 
 2DIAGNOSTIC,    30, -5.358635165206e-01, 1.453584109697e-06, 1.4610e+01, 3.7177e-01, 
 2DIAGNOSTIC,    31, -5.358620989737e-01, 1.326111092534e-06, 1.4892e+01, 2.8261e-01, 
 2DIAGNOSTIC,    32, -5.358643023728e-01, 1.267481750652e-06, 1.5243e+01, 3.5030e-01, 
 2DIAGNOSTIC,    33, -5.358627040716e-01, 1.228352956850e-06, 1.5583e+01, 3.4014e-01, 
 2DIAGNOSTIC,    34, -5.358619960874e-01, 1.130918853464e-06, 1.5852e+01, 2.6868e-01, 
 2DIAGNOSTIC,    35, -5.358647173943e-01, 1.055980157955e-06, 1.6136e+01, 2.8453e-01, 
 2DIAGNOSTIC,    36, -5.358655521181e-01, 1.016927024283e-06, 1.6410e+01, 2.7433e-01, 
 2DIAGNOSTIC,    37, -5.358774978681e-01, 1.120078445726e-06, 1.6732e+01, 3.2187e-01, 
 2DIAGNOSTIC,    38, -5.358752953840e-01, 1.188562929799e-06, 1.7102e+01, 3.6990e-01, 
 2DIAGNOSTIC,    39, -5.358776997507e-01, 1.315709121218e-06, 1.7413e+01, 3.1076e-01, 
 2DIAGNOSTIC,    40, -5.358766846627e-01, 1.359028655272e-06, 1.7703e+01, 2.8984e-01, 
 2DIAGNOSTIC,    41, -5.358746130123e-01, 1.299477256991e-06, 1.8061e+01, 3.5823e-01, 
 2DIAGNOSTIC,    42, -5.358747200559e-01, 1.221596801573e-06, 1.8355e+01, 2.9358e-01, 
 2DIAGNOSTIC,    43, -5.358736978229e-01, 1.070738654550e-06, 1.8661e+01, 3.0687e-01, 
DIAGNOSTIC,Iteration,metricValue,convergenceValue,ITERATION_TIME_INDEX,SINCE_LAST
 2DIAGNOSTIC,     1, -4.895789617522e-01, 1.797693134862e+308, 2.2252e+01, 3.5908e+00, 
 2DIAGNOSTIC,     2, -4.895813711359e-01, 1.797693134862e+308, 2.4654e+01, 2.4015e+00, 
 2DIAGNOSTIC,     3, -4.895819579343e-01, 1.797693134862e+308, 2.6775e+01, 2.1212e+00, 
 2DIAGNOSTIC,     4, -4.895814002478e-01, 1.797693134862e+308, 2.9396e+01, 2.6216e+00, 
 2DIAGNOSTIC,     5, -4.895811724672e-01, 1.797693134862e+308, 3.1500e+01, 2.1040e+00, 
 2DIAGNOSTIC,     6, -4.895809880309e-01, 1.797693134862e+308, 3.3371e+01, 1.8708e+00, 
 2DIAGNOSTIC,     7, -4.895809139043e-01, 1.797693134862e+308, 3.5099e+01, 1.7279e+00, 
 2DIAGNOSTIC,     8, -4.895807232768e-01, 1.797693134862e+308, 3.7039e+01, 1.9403e+00, 
 2DIAGNOSTIC,     9, -4.895807736495e-01, 1.797693134862e+308, 3.8840e+01, 1.8007e+00, 
 2DIAGNOSTIC,    10, -4.895807290840e-01, 3.188008982496e-06, 4.0712e+01, 1.8722e+00, 
 2DIAGNOSTIC,    11, -4.895805679293e-01, 2.757840749434e-06, 4.2407e+01, 1.6950e+00, 
 2DIAGNOSTIC,    12, -4.895805716470e-01, 2.527163062316e-06, 4.4378e+01, 1.9702e+00, 
 2DIAGNOSTIC,    13, -4.895805984038e-01, 2.371019182629e-06, 4.6330e+01, 1.9523e+00, 
 2DIAGNOSTIC,    14, -4.895804709160e-01, 2.215655497573e-06, 4.8219e+01, 1.8893e+00, 
 2DIAGNOSTIC,    15, -4.895804803474e-01, 2.077963872860e-06, 5.0180e+01, 1.9610e+00, 
 2DIAGNOSTIC,    16, -4.895799078613e-01, 1.934015179075e-06, 5.2012e+01, 1.8324e+00, 
 2DIAGNOSTIC,    17, -4.895796398212e-01, 1.800988194155e-06, 5.3773e+01, 1.7601e+00, 
 2DIAGNOSTIC,    18, -4.895796993523e-01, 1.684878871151e-06, 5.5568e+01, 1.7959e+00, 
 2DIAGNOSTIC,    19, -4.895794349158e-01, 1.581688721719e-06, 5.7120e+01, 1.5518e+00, 
 2DIAGNOSTIC,    20, -4.895792295280e-01, 1.490493140473e-06, 5.8939e+01, 1.8186e+00, 
 2DIAGNOSTIC,    21, -4.895792020071e-01, 1.412426323018e-06, 6.0912e+01, 1.9732e+00, 
 2DIAGNOSTIC,    22, -4.895791785448e-01, 1.350444996176e-06, 6.2592e+01, 1.6804e+00, 
 2DIAGNOSTIC,    23, -4.895792382609e-01, 1.304775854361e-06, 6.4163e+01, 1.5705e+00, 
 2DIAGNOSTIC,    24, -4.895789905052e-01, 1.260955341226e-06, 6.6114e+01, 1.9508e+00, 
 2DIAGNOSTIC,    25, -4.895787072069e-01, 1.220940901235e-06, 6.7949e+01, 1.8353e+00, 
 2DIAGNOSTIC,    26, -4.895790511632e-01, 1.183997825824e-06, 7.0087e+01, 2.1376e+00, 
 2DIAGNOSTIC,    27, -4.895790068375e-01, 1.146248795950e-06, 7.1733e+01, 1.6460e+00, 
 2DIAGNOSTIC,    28, -4.895790110212e-01, 1.115638707944e-06, 7.3647e+01, 1.9146e+00, 
 2DIAGNOSTIC,    29, -4.895793276246e-01, 1.090416110731e-06, 7.5854e+01, 2.2063e+00, 
 2DIAGNOSTIC,    30, -4.895792039246e-01, 1.061045225161e-06, 7.7563e+01, 1.7096e+00, 
 2DIAGNOSTIC,    31, -4.895791525633e-01, 1.032028086982e-06, 7.9734e+01, 2.1710e+00, 
  Elapsed time (stage 0): 8.0768e+01


Total elapsed time: 8.0771e+01
Info [verificarlo]: loaded backend libinterflop_ieee.so
Info [interflop-ieee]: load backend with:
Info [interflop-ieee]: debug = false
Info [interflop-ieee]: debug-binary = false
Info [interflop-ieee]: no-backend-name = false
Info [interflop-ieee]: print-new-line = false
Info [interflop-ieee]: print-subnormal-normalized = false
Info [interflop-ieee]: count-op = false
All_Command_lines_OK
Using double precision for computations.
=============================================================================
The composite transform comprises the following transforms (in order): 
  1. /home/mdugre/scratch/mri-registration-rp/datasets/ds004513/derivatives/mri-registration-rp/0001/antsRegistration-r7-p19/sub-s025/rigid_Composite.h5[0] (type = Euler3DTransform)
  2. /home/mdugre/scratch/mri-registration-rp/datasets/ds004513/derivatives/mri-registration-rp/0001/antsRegistration-r7-p19/sub-s025/rigid_Composite.h5[1] (type = Euler3DTransform)
  3. /home/mdugre/scratch/mri-registration-rp/datasets/ds004513/derivatives/mri-registration-rp/0001/antsRegistration-r7-p19/sub-s025/rigid_Composite.h5[2] (type = Euler3DTransform)
=============================================================================
  number of levels = 4
  fixed image: /templateflow/tpl-MNI152NLin2009cAsym/tpl-MNI152NLin2009cAsym_res-01_desc-brain_T1w.nii.gz
  moving image: /home/mdugre/scratch/mri-registration-rp/datasets/ds004513/derivatives/mri-registration-rp/antsBrainExtraction/sub-s025/BrainExtractionBrain.nii.gz
Dimension = 3
Number of stages = 1
Use histogram matching = false
Winsorize image intensities = true
  Lower quantile = 0.005
  Upper quantile = 0.995


Stage 1 State
   Image metric = MattesMI
     Fixed image = Image (0x4dff7e0)
  RTTI typeinfo:   itk::Image<double, 3u>
  Reference Count: 2
  Modified Time: 1594
  Debug: Off
  Object Name: 
  Observers: 
    none
  Source: (none)
  Source output name: (none)
  Release Data: Off
  Data Released: False
  Global Release Data: Off
  PipelineMTime: 0
  UpdateMTime: 1203
  RealTimeStamp: 0 seconds 
  LargestPossibleRegion: 
    Dimension: 3
    Index: [0, 0, 0]
    Size: [193, 229, 193]
  BufferedRegion: 
    Dimension: 3
    Index: [0, 0, 0]
    Size: [193, 229, 193]
  RequestedRegion: 
    Dimension: 3
    Index: [0, 0, 0]
    Size: [193, 229, 193]
  Spacing: [1, 1, 1]
  Origin: [96, 132, -78]
  Direction: 
-1 0 0
0 -1 0
0 0 1

  IndexToPointMatrix: 
-1 0 0
0 -1 0
0 0 1

  PointToIndexMatrix: 
-1 0 0
0 -1 0
0 0 1

  Inverse Direction: 
-1 0 0
0 -1 0
0 0 1

  PixelContainer: 
    ImportImageContainer (0x4ebfa20)
      RTTI typeinfo:   itk::ImportImageContainer<unsigned long, double>
      Reference Count: 1
      Modified Time: 1200
      Debug: Off
      Object Name: 
      Observers: 
        none
      Pointer: 0x149338e05010
      Container manages memory: true
      Size: 8530021
      Capacity: 8530021

     Moving image = Image (0x4ebad70)
  RTTI typeinfo:   itk::Image<double, 3u>
  Reference Count: 2
  Modified Time: 1595
  Debug: Off
  Object Name: 
  Observers: 
    none
  Source: (none)
  Source output name: (none)
  Release Data: Off
  Data Released: False
  Global Release Data: Off
  PipelineMTime: 0
  UpdateMTime: 1592
  RealTimeStamp: 0 seconds 
  LargestPossibleRegion: 
    Dimension: 3
    Index: [0, 0, 0]
    Size: [176, 240, 256]
  BufferedRegion: 
    Dimension: 3
    Index: [0, 0, 0]
    Size: [176, 240, 256]
  RequestedRegion: 
    Dimension: 3
    Index: [0, 0, 0]
    Size: [176, 240, 256]
  Spacing: [0.999999, 1, 1]
  Origin: [90.3778, 84.5091, -154.071]
  Direction: 
-0.999391 7.48184e-06 -0.0348969
-7.47664e-06 -1 -2.7953e-07
-0.0348969 -1.84481e-08 0.999391

  IndexToPointMatrix: 
-0.99939 7.48184e-06 -0.0348969
-7.47663e-06 -1 -2.7953e-07
-0.0348968 -1.84481e-08 0.999391

  PointToIndexMatrix: 
-0.999392 -7.47665e-06 -0.0348969
7.48184e-06 -1 -1.84481e-08
-0.0348969 -2.7953e-07 0.999391

  Inverse Direction: 
-0.999391 -7.47664e-06 -0.0348969
7.48184e-06 -1 -1.84481e-08
-0.0348969 -2.7953e-07 0.999391

  PixelContainer: 
    ImportImageContainer (0x4e72c90)
      RTTI typeinfo:   itk::ImportImageContainer<unsigned long, double>
      Reference Count: 1
      Modified Time: 1589
      Debug: Off
      Object Name: 
      Observers: 
        none
      Pointer: 0x149333b84010
      Container manages memory: true
      Size: 10813440
      Capacity: 10813440

     Weighting = 1
     Sampling strategy = regular
     Number of bins = 32
     Radius = 4
     Sampling percentage  = 0.25
   Transform = Affine
     Gradient step = 0.1
     Update field sigma (voxel space) = 0
     Total field sigma (voxel space) = 0
     Update field time sigma = 0
     Total field time sigma  = 0
     Number of time indices = 0
     Number of time point samples = 0
Registration using 1 total stages.

Stage 0
  iterations = 1000x500x250x100
  convergence threshold = 1e-06
  convergence window size = 10
  number of levels = 4
  using the Mattes MI metric (number of bins = 32, weight = 1, use gradient filter = 0)
  preprocessing:  winsorizing the image intensities
  Shrink factors (level 1 out of 4): [8, 8, 8]
  Shrink factors (level 2 out of 4): [4, 4, 4]
  Shrink factors (level 3 out of 4): [2, 2, 2]
  Shrink factors (level 4 out of 4): [1, 1, 1]
  smoothing sigmas per level: [3, 2, 1, 0]
  regular sampling (percentage = 0.25)

*** Running AffineTransform registration ***

DIAGNOSTIC,Iteration,metricValue,convergenceValue,ITERATION_TIME_INDEX,SINCE_LAST
 2DIAGNOSTIC,     1, -7.483053943514e-01, 1.797693134862e+308, 8.1425e-01, 8.1425e-01, 
 2DIAGNOSTIC,     2, -7.502568332815e-01, 1.797693134862e+308, 8.2068e-01, 6.4261e-03, 
 2DIAGNOSTIC,     3, -7.535455190664e-01, 1.797693134862e+308, 8.2757e-01, 6.8910e-03, 
 2DIAGNOSTIC,     4, -7.598357289328e-01, 1.797693134862e+308, 8.3314e-01, 5.5749e-03, 
 2DIAGNOSTIC,     5, -7.699912001855e-01, 1.797693134862e+308, 8.3828e-01, 5.1398e-03, 
 2DIAGNOSTIC,     6, -7.846693999725e-01, 1.797693134862e+308, 8.4493e-01, 6.6490e-03, 
 2DIAGNOSTIC,     7, -8.106513156799e-01, 1.797693134862e+308, 8.5026e-01, 5.3260e-03, 
 2DIAGNOSTIC,     8, -8.890143033827e-01, 1.797693134862e+308, 8.5682e-01, 6.5660e-03, 
 2DIAGNOSTIC,     9, -9.220522963918e-01, 1.797693134862e+308, 8.6218e-01, 5.3589e-03, 
 2DIAGNOSTIC,    10, -9.298087071797e-01, 1.585719187766e-02, 8.6879e-01, 6.6049e-03, 
 2DIAGNOSTIC,    11, -9.314406294606e-01, 1.598605396848e-02, 8.7662e-01, 7.8330e-03, 
 2DIAGNOSTIC,    12, -9.320925948525e-01, 1.474496322695e-02, 8.8220e-01, 5.5819e-03, 
 2DIAGNOSTIC,    13, -9.335552096482e-01, 1.248692497883e-02, 8.8777e-01, 5.5690e-03, 
 2DIAGNOSTIC,    14, -9.354267117645e-01, 9.640131631119e-03, 8.9438e-01, 6.6111e-03, 
 2DIAGNOSTIC,    15, -9.357922896107e-01, 6.589466255844e-03, 9.0019e-01, 5.8081e-03, 
 2DIAGNOSTIC,    16, -9.362891605388e-01, 3.683485054475e-03, 9.0597e-01, 5.7840e-03, 
 2DIAGNOSTIC,    17, -9.372424845848e-01, 1.300333597101e-03, 9.1168e-01, 5.7070e-03, 
 2DIAGNOSTIC,    18, -9.384152103095e-01, 5.175003396813e-04, 9.1812e-01, 6.4392e-03, 
 2DIAGNOSTIC,    19, -9.386376474544e-01, 3.433679771669e-04, 9.2661e-01, 8.4920e-03, 
 2DIAGNOSTIC,    20, -9.386198049953e-01, 2.820684373130e-04, 9.3180e-01, 5.1849e-03, 
 2DIAGNOSTIC,    21, -9.386010982780e-01, 2.264844220805e-04, 9.3760e-01, 5.8069e-03, 
 2DIAGNOSTIC,    22, -9.386443492858e-01, 1.651054968754e-04, 9.4282e-01, 5.2152e-03, 
 2DIAGNOSTIC,    23, -9.385424172410e-01, 1.122650383059e-04, 9.4821e-01, 5.3871e-03, 
 2DIAGNOSTIC,    24, -9.384620625909e-01, 7.779876172349e-05, 9.5418e-01, 5.9769e-03, 
 2DIAGNOSTIC,    25, -9.385264313391e-01, 4.483330984771e-05, 9.5934e-01, 5.1608e-03, 
 2DIAGNOSTIC,    26, -9.384709594654e-01, 1.572403000878e-05, 9.6539e-01, 6.0511e-03, 
 2DIAGNOSTIC,    27, -9.387067872370e-01, 1.225653787053e-06, 9.7108e-01, 5.6870e-03, 
DIAGNOSTIC,Iteration,metricValue,convergenceValue,ITERATION_TIME_INDEX,SINCE_LAST
 2DIAGNOSTIC,     1, -7.503372891921e-01, 1.797693134862e+308, 1.8918e+00, 9.2073e-01, 
 2DIAGNOSTIC,     2, -7.508300035621e-01, 1.797693134862e+308, 1.9302e+00, 3.8383e-02, 
 2DIAGNOSTIC,     3, -7.512290548318e-01, 1.797693134862e+308, 1.9705e+00, 4.0296e-02, 
 2DIAGNOSTIC,     4, -7.518244138113e-01, 1.797693134862e+308, 2.0080e+00, 3.7561e-02, 
 2DIAGNOSTIC,     5, -7.531330158730e-01, 1.797693134862e+308, 2.0561e+00, 4.8064e-02, 
 2DIAGNOSTIC,     6, -7.542551747892e-01, 1.797693134862e+308, 2.1338e+00, 7.7672e-02, 
 2DIAGNOSTIC,     7, -7.542650303629e-01, 1.797693134862e+308, 2.1720e+00, 3.8208e-02, 
 2DIAGNOSTIC,     8, -7.542710275490e-01, 1.797693134862e+308, 2.2131e+00, 4.1105e-02, 
 2DIAGNOSTIC,     9, -7.542814416320e-01, 1.797693134862e+308, 2.2532e+00, 4.0120e-02, 
 2DIAGNOSTIC,    10, -7.542978426427e-01, 3.971562649558e-04, 2.2910e+00, 3.7821e-02, 
 2DIAGNOSTIC,    11, -7.543369907083e-01, 2.926933706539e-04, 2.3327e+00, 4.1684e-02, 
 2DIAGNOSTIC,    12, -7.543556358798e-01, 1.961444141169e-04, 2.3695e+00, 3.6816e-02, 
 2DIAGNOSTIC,    13, -7.543829460934e-01, 1.098730016636e-04, 2.4128e+00, 4.3218e-02, 
 2DIAGNOSTIC,    14, -7.544025760793e-01, 4.211395158264e-05, 2.4522e+00, 3.9470e-02, 
 2DIAGNOSTIC,    15, -7.544163043363e-01, 1.220788151120e-05, 2.4900e+00, 3.7786e-02, 
 2DIAGNOSTIC,    16, -7.544999985003e-01, 1.353654217028e-05, 2.5361e+00, 4.6067e-02, 
 2DIAGNOSTIC,    17, -7.544839081424e-01, 1.345759373114e-05, 2.5802e+00, 4.4126e-02, 
 2DIAGNOSTIC,    18, -7.544640270236e-01, 1.206052778299e-05, 2.6177e+00, 3.7482e-02, 
 2DIAGNOSTIC,    19, -7.544641927636e-01, 1.009804396358e-05, 2.6562e+00, 3.8487e-02, 
 2DIAGNOSTIC,    20, -7.544865644748e-01, 8.250730054164e-06, 2.6925e+00, 3.6357e-02, 
 2DIAGNOSTIC,    21, -7.544616115566e-01, 6.173817169643e-06, 2.7319e+00, 3.9325e-02, 
 2DIAGNOSTIC,    22, -7.544603595736e-01, 4.161074650025e-06, 2.7769e+00, 4.4996e-02, 
 2DIAGNOSTIC,    23, -7.544544114498e-01, 2.443814920171e-06, 2.8250e+00, 4.8191e-02, 
DIAGNOSTIC,Iteration,metricValue,convergenceValue,ITERATION_TIME_INDEX,SINCE_LAST
 2DIAGNOSTIC,     1, -6.414795338792e-01, 1.797693134862e+308, 4.1461e+00, 1.3211e+00, 
 2DIAGNOSTIC,     2, -6.419372218263e-01, 1.797693134862e+308, 4.4430e+00, 2.9688e-01, 
 2DIAGNOSTIC,     3, -6.424164733662e-01, 1.797693134862e+308, 4.7264e+00, 2.8337e-01, 
 2DIAGNOSTIC,     4, -6.429476468450e-01, 1.797693134862e+308, 5.0091e+00, 2.8275e-01, 
 2DIAGNOSTIC,     5, -6.436856532146e-01, 1.797693134862e+308, 5.3047e+00, 2.9563e-01, 
 2DIAGNOSTIC,     6, -6.448665724776e-01, 1.797693134862e+308, 5.8523e+00, 5.4756e-01, 
 2DIAGNOSTIC,     7, -6.448658342987e-01, 1.797693134862e+308, 6.3118e+00, 4.5946e-01, 
 2DIAGNOSTIC,     8, -6.448670735248e-01, 1.797693134862e+308, 6.8300e+00, 5.1824e-01, 
 2DIAGNOSTIC,     9, -6.448678845297e-01, 1.797693134862e+308, 7.2852e+00, 4.5521e-01, 
 2DIAGNOSTIC,    10, -6.448653531347e-01, 3.898519377604e-04, 7.6702e+00, 3.8494e-01, 
 2DIAGNOSTIC,    11, -6.448641626738e-01, 2.824589517101e-04, 7.9800e+00, 3.0980e-01, 
 2DIAGNOSTIC,    12, -6.448631344802e-01, 1.847370642784e-04, 8.3114e+00, 3.3145e-01, 
 2DIAGNOSTIC,    13, -6.448638080909e-01, 1.023629278091e-04, 8.6898e+00, 3.7845e-01, 
 2DIAGNOSTIC,    14, -6.448644005616e-01, 3.923971989794e-05, 9.1050e+00, 4.1512e-01, 
 2DIAGNOSTIC,    15, -6.448620679041e-01, 1.815441248235e-06, 9.4099e+00, 3.0495e-01, 
 2DIAGNOSTIC,    16, -6.448629493630e-01, 1.698218119559e-06, 9.7647e+00, 3.5474e-01, 
 2DIAGNOSTIC,    17, -6.448623992071e-01, 1.585889473986e-06, 1.0121e+01, 3.5682e-01, 
 2DIAGNOSTIC,    18, -6.448604149903e-01, 1.492018301533e-06, 1.0445e+01, 3.2339e-01, 
 2DIAGNOSTIC,    19, -6.448604461588e-01, 1.455632845322e-06, 1.0776e+01, 3.3102e-01, 
 2DIAGNOSTIC,    20, -6.448657285042e-01, 1.504743116533e-06, 1.1154e+01, 3.7813e-01, 
 2DIAGNOSTIC,    21, -6.448657033615e-01, 1.528826171125e-06, 1.1620e+01, 4.6569e-01, 
 2DIAGNOSTIC,    22, -6.448643606332e-01, 1.502555631833e-06, 1.1962e+01, 3.4205e-01, 
 2DIAGNOSTIC,    23, -6.448653269114e-01, 1.507303582809e-06, 1.2332e+01, 3.6985e-01, 
 2DIAGNOSTIC,    24, -6.448642833186e-01, 1.492030741561e-06, 1.2629e+01, 2.9785e-01, 
 2DIAGNOSTIC,    25, -6.448620773791e-01, 1.380001831593e-06, 1.2925e+01, 2.9559e-01, 
 2DIAGNOSTIC,    26, -6.448645978534e-01, 1.325020094978e-06, 1.3256e+01, 3.3104e-01, 
 2DIAGNOSTIC,    27, -6.448652993086e-01, 1.267866001742e-06, 1.3565e+01, 3.0884e-01, 
 2DIAGNOSTIC,    28, -6.448659999443e-01, 1.186655977585e-06, 1.3901e+01, 3.3644e-01, 
 2DIAGNOSTIC,    29, -6.448637682380e-01, 1.071026653608e-06, 1.4181e+01, 2.7920e-01, 
 2DIAGNOSTIC,    30, -6.448633871944e-01, 1.039371068025e-06, 1.4497e+01, 3.1657e-01, 
 2DIAGNOSTIC,    31, -6.448627260821e-01, 1.001924940909e-06, 1.4809e+01, 3.1167e-01, 
DIAGNOSTIC,Iteration,metricValue,convergenceValue,ITERATION_TIME_INDEX,SINCE_LAST
 2DIAGNOSTIC,     1, -5.762066711424e-01, 1.797693134862e+308, 1.7760e+01, 2.9517e+00, 
 2DIAGNOSTIC,     2, -5.766586924854e-01, 1.797693134862e+308, 1.9574e+01, 1.8139e+00, 
 2DIAGNOSTIC,     3, -5.771715472407e-01, 1.797693134862e+308, 2.1451e+01, 1.8770e+00, 
 2DIAGNOSTIC,     4, -5.776838849481e-01, 1.797693134862e+308, 2.3389e+01, 1.9378e+00, 
 2DIAGNOSTIC,     5, -5.783748610811e-01, 1.797693134862e+308, 2.5301e+01, 1.9117e+00, 
 2DIAGNOSTIC,     6, -5.792636577944e-01, 1.797693134862e+308, 2.9603e+01, 4.3021e+00, 
