
##########################
# Experiment information #
##########################

EXPERIMENT_NAME: antsRegistration-r7-p14
VFC_BACKENDS: libinterflop_vprec.so --range-binary32=7 --precision-binary32=14 --range-binary64=7 --precision-binary64=14

SIF_IMG: /home/mdugre/projects/rrg-glatard/mdugre/containers/ants-vprec-no_metrics.simg

SUBJECT_ID: s032
INPUT_IMG: /home/mdugre/scratch/mri-registration-rp/datasets/ds004513/derivatives/mri-registration-rp/antsBrainExtraction/sub-s032/BrainExtractionBrain.nii.gz
OUTPUT_DIR: /home/mdugre/scratch/mri-registration-rp/datasets/ds004513/derivatives/mri-registration-rp/0001/antsRegistration-r7-p14/sub-s032

FIXED_IMG: /templateflow/tpl-MNI152NLin2009cAsym/tpl-MNI152NLin2009cAsym_res-01_desc-brain_T1w.nii.gz
DATA_DIR: /home/mdugre/scratch/mri-registration-rp/datasets/ds004513
TEMPLATEFLOW_DIR: /home/mdugre/projects/rrg-glatard/mdugre/templateflow
ITK_GLOBAL_DEFAULT_NUMBER_OF_THREADS: 16
##########################

Info [verificarlo]: loaded backend libinterflop_ieee.so
Info [interflop-ieee]: load backend with:
Info [interflop-ieee]: debug = false
Info [interflop-ieee]: debug-binary = false
Info [interflop-ieee]: no-backend-name = false
Info [interflop-ieee]: print-new-line = false
Info [interflop-ieee]: print-subnormal-normalized = false
Info [interflop-ieee]: count-op = false
All_Command_lines_OK
Using double precision for computations.
=============================================================================
The composite transform comprises the following transforms (in order): 
  1. Center of mass alignment using fixed image: /templateflow/tpl-MNI152NLin2009cAsym/tpl-MNI152NLin2009cAsym_res-01_desc-brain_T1w.nii.gz and moving image: /home/mdugre/scratch/mri-registration-rp/datasets/ds004513/derivatives/mri-registration-rp/antsBrainExtraction/sub-s032/BrainExtractionBrain.nii.gz (type = Euler3DTransform)
=============================================================================
  number of levels = 1
  fixed image: /templateflow/tpl-MNI152NLin2009cAsym/tpl-MNI152NLin2009cAsym_res-01_desc-brain_T1w.nii.gz
  moving image: /home/mdugre/scratch/mri-registration-rp/datasets/ds004513/derivatives/mri-registration-rp/antsBrainExtraction/sub-s032/BrainExtractionBrain.nii.gz
Dimension = 3
Number of stages = 1
Use histogram matching = false
Winsorize image intensities = true
  Lower quantile = 0.005
  Upper quantile = 0.995


Stage 1 State
   Image metric = MattesMI
     Fixed image = Image (0x3fcde70)
  RTTI typeinfo:   itk::Image<double, 3u>
  Reference Count: 2
  Modified Time: 2330
  Debug: Off
  Object Name: 
  Observers: 
    none
  Source: (none)
  Source output name: (none)
  Release Data: Off
  Data Released: False
  Global Release Data: Off
  PipelineMTime: 0
  UpdateMTime: 1941
  RealTimeStamp: 0 seconds 
  LargestPossibleRegion: 
    Dimension: 3
    Index: [0, 0, 0]
    Size: [193, 229, 193]
  BufferedRegion: 
    Dimension: 3
    Index: [0, 0, 0]
    Size: [193, 229, 193]
  RequestedRegion: 
    Dimension: 3
    Index: [0, 0, 0]
    Size: [193, 229, 193]
  Spacing: [1, 1, 1]
  Origin: [96, 132, -78]
  Direction: 
-1 0 0
0 -1 0
0 0 1

  IndexToPointMatrix: 
-1 0 0
0 -1 0
0 0 1

  PointToIndexMatrix: 
-1 0 0
0 -1 0
0 0 1

  Inverse Direction: 
-1 0 0
0 -1 0
0 0 1

  PixelContainer: 
    ImportImageContainer (0x3fd6c60)
      RTTI typeinfo:   itk::ImportImageContainer<unsigned long, double>
      Reference Count: 1
      Modified Time: 1938
      Debug: Off
      Object Name: 
      Observers: 
        none
      Pointer: 0x1530f2d5a010
      Container manages memory: true
      Size: 8530021
      Capacity: 8530021

     Moving image = Image (0x406aec0)
  RTTI typeinfo:   itk::Image<double, 3u>
  Reference Count: 2
  Modified Time: 2331
  Debug: Off
  Object Name: 
  Observers: 
    none
  Source: (none)
  Source output name: (none)
  Release Data: Off
  Data Released: False
  Global Release Data: Off
  PipelineMTime: 0
  UpdateMTime: 2328
  RealTimeStamp: 0 seconds 
  LargestPossibleRegion: 
    Dimension: 3
    Index: [0, 0, 0]
    Size: [160, 240, 256]
  BufferedRegion: 
    Dimension: 3
    Index: [0, 0, 0]
    Size: [160, 240, 256]
  RequestedRegion: 
    Dimension: 3
    Index: [0, 0, 0]
    Size: [160, 240, 256]
  Spacing: [1, 1, 1]
  Origin: [73.279, 104.707, -131.187]
  Direction: 
-0.997527 0.0645574 -0.0278053
-0.0645323 -0.997914 -0.00179875
-0.0278634 4.01097e-08 0.999612

  IndexToPointMatrix: 
-0.997527 0.0645574 -0.0278053
-0.0645323 -0.997914 -0.00179875
-0.0278634 4.01097e-08 0.999612

  PointToIndexMatrix: 
-0.997527 -0.0645323 -0.0278634
0.0645574 -0.997914 4.01049e-08
-0.0278053 -0.00179875 0.999612

  Inverse Direction: 
-0.997527 -0.0645323 -0.0278634
0.0645574 -0.997914 4.01049e-08
-0.0278053 -0.00179875 0.999612

  PixelContainer: 
    ImportImageContainer (0x4102610)
      RTTI typeinfo:   itk::ImportImageContainer<unsigned long, double>
      Reference Count: 1
      Modified Time: 2325
      Debug: Off
      Object Name: 
      Observers: 
        none
      Pointer: 0x1530ee259010
      Container manages memory: true
      Size: 9830400
      Capacity: 9830400

     Weighting = 1
     Sampling strategy = regular
     Number of bins = 32
     Radius = 4
     Sampling percentage  = 0.25
   Transform = Rigid
     Gradient step = 0.1
     Update field sigma (voxel space) = 0
     Total field sigma (voxel space) = 0
     Update field time sigma = 0
     Total field time sigma  = 0
     Number of time indices = 0
     Number of time point samples = 0
Registration using 1 total stages.

Stage 0
  iterations = 0
  convergence threshold = 1e-06
  convergence window size = 10
  number of levels = 1
  using the Mattes MI metric (number of bins = 32, weight = 1, use gradient filter = 0)
  preprocessing:  winsorizing the image intensities
  Shrink factors (level 1 out of 1): [1, 1, 1]
  smoothing sigmas per level: [0]
  regular sampling (percentage = 0.25)

*** Running Euler3DTransform registration ***

  Elapsed time (stage 0): 1.16852


Total elapsed time: 1.17098
Info [verificarlo]: loaded backend libinterflop_ieee.so
Info [interflop-ieee]: load backend with:
Info [interflop-ieee]: debug = false
Info [interflop-ieee]: debug-binary = false
Info [interflop-ieee]: no-backend-name = false
Info [interflop-ieee]: print-new-line = false
Info [interflop-ieee]: print-subnormal-normalized = false
Info [interflop-ieee]: count-op = false
All_Command_lines_OK
Using double precision for computations.
=============================================================================
The composite transform comprises the following transforms (in order): 
  1. /home/mdugre/scratch/mri-registration-rp/datasets/ds004513/derivatives/mri-registration-rp/0001/antsRegistration-r7-p14/sub-s032/align_Composite.h5[0] (type = Euler3DTransform)
  2. /home/mdugre/scratch/mri-registration-rp/datasets/ds004513/derivatives/mri-registration-rp/0001/antsRegistration-r7-p14/sub-s032/align_Composite.h5[1] (type = Euler3DTransform)
=============================================================================
  number of levels = 4
  fixed image: /templateflow/tpl-MNI152NLin2009cAsym/tpl-MNI152NLin2009cAsym_res-01_desc-brain_T1w.nii.gz
  moving image: /home/mdugre/scratch/mri-registration-rp/datasets/ds004513/derivatives/mri-registration-rp/antsBrainExtraction/sub-s032/BrainExtractionBrain.nii.gz
Dimension = 3
Number of stages = 1
Use histogram matching = false
Winsorize image intensities = true
  Lower quantile = 0.005
  Upper quantile = 0.995


Stage 1 State
   Image metric = MattesMI
     Fixed image = Image (0x4dad530)
  RTTI typeinfo:   itk::Image<double, 3u>
  Reference Count: 2
  Modified Time: 1578
  Debug: Off
  Object Name: 
  Observers: 
    none
  Source: (none)
  Source output name: (none)
  Release Data: Off
  Data Released: False
  Global Release Data: Off
  PipelineMTime: 0
  UpdateMTime: 1189
  RealTimeStamp: 0 seconds 
  LargestPossibleRegion: 
    Dimension: 3
    Index: [0, 0, 0]
    Size: [193, 229, 193]
  BufferedRegion: 
    Dimension: 3
    Index: [0, 0, 0]
    Size: [193, 229, 193]
  RequestedRegion: 
    Dimension: 3
    Index: [0, 0, 0]
    Size: [193, 229, 193]
  Spacing: [1, 1, 1]
  Origin: [96, 132, -78]
  Direction: 
-1 0 0
0 -1 0
0 0 1

  IndexToPointMatrix: 
-1 0 0
0 -1 0
0 0 1

  PointToIndexMatrix: 
-1 0 0
0 -1 0
0 0 1

  Inverse Direction: 
-1 0 0
0 -1 0
0 0 1

  PixelContainer: 
    ImportImageContainer (0x4e6bd60)
      RTTI typeinfo:   itk::ImportImageContainer<unsigned long, double>
      Reference Count: 1
      Modified Time: 1186
      Debug: Off
      Object Name: 
      Observers: 
        none
      Pointer: 0x14db9dbd0010
      Container manages memory: true
      Size: 8530021
      Capacity: 8530021

     Moving image = Image (0x4e5df60)
  RTTI typeinfo:   itk::Image<double, 3u>
  Reference Count: 2
  Modified Time: 1579
  Debug: Off
  Object Name: 
  Observers: 
    none
  Source: (none)
  Source output name: (none)
  Release Data: Off
  Data Released: False
  Global Release Data: Off
  PipelineMTime: 0
  UpdateMTime: 1576
  RealTimeStamp: 0 seconds 
  LargestPossibleRegion: 
    Dimension: 3
    Index: [0, 0, 0]
    Size: [160, 240, 256]
  BufferedRegion: 
    Dimension: 3
    Index: [0, 0, 0]
    Size: [160, 240, 256]
  RequestedRegion: 
    Dimension: 3
    Index: [0, 0, 0]
    Size: [160, 240, 256]
  Spacing: [1, 1, 1]
  Origin: [73.279, 104.707, -131.187]
  Direction: 
-0.997527 0.0645574 -0.0278053
-0.0645323 -0.997914 -0.00179875
-0.0278634 4.01097e-08 0.999612

  IndexToPointMatrix: 
-0.997527 0.0645574 -0.0278053
-0.0645323 -0.997914 -0.00179875
-0.0278634 4.01097e-08 0.999612

  PointToIndexMatrix: 
-0.997527 -0.0645323 -0.0278634
0.0645574 -0.997914 4.01049e-08
-0.0278053 -0.00179875 0.999612

  Inverse Direction: 
-0.997527 -0.0645323 -0.0278634
0.0645574 -0.997914 4.01049e-08
-0.0278053 -0.00179875 0.999612

  PixelContainer: 
    ImportImageContainer (0x4e4f6d0)
      RTTI typeinfo:   itk::ImportImageContainer<unsigned long, double>
      Reference Count: 1
      Modified Time: 1573
      Debug: Off
      Object Name: 
      Observers: 
        none
      Pointer: 0x14db990cf010
      Container manages memory: true
      Size: 9830400
      Capacity: 9830400

     Weighting = 1
     Sampling strategy = regular
     Number of bins = 32
     Radius = 4
     Sampling percentage  = 0.25
   Transform = Rigid
     Gradient step = 0.1
     Update field sigma (voxel space) = 0
     Total field sigma (voxel space) = 0
     Update field time sigma = 0
     Total field time sigma  = 0
     Number of time indices = 0
     Number of time point samples = 0
Registration using 1 total stages.

Stage 0
  iterations = 1000x500x250x100
  convergence threshold = 1e-06
  convergence window size = 10
  number of levels = 4
  using the Mattes MI metric (number of bins = 32, weight = 1, use gradient filter = 0)
  preprocessing:  winsorizing the image intensities
  Shrink factors (level 1 out of 4): [8, 8, 8]
  Shrink factors (level 2 out of 4): [4, 4, 4]
  Shrink factors (level 3 out of 4): [2, 2, 2]
  Shrink factors (level 4 out of 4): [1, 1, 1]
  smoothing sigmas per level: [3, 2, 1, 0]
  regular sampling (percentage = 0.25)

*** Running Euler3DTransform registration ***

DIAGNOSTIC,Iteration,metricValue,convergenceValue,ITERATION_TIME_INDEX,SINCE_LAST
 2DIAGNOSTIC,     1, -5.480496989617e-01, 1.797693134862e+308, 7.1212e-01, 7.1212e-01, 
 2DIAGNOSTIC,     2, -5.506811078454e-01, 1.797693134862e+308, 7.1670e-01, 4.5791e-03, 
 2DIAGNOSTIC,     3, -5.546514955662e-01, 1.797693134862e+308, 7.2103e-01, 4.3280e-03, 
 2DIAGNOSTIC,     4, -5.606863537750e-01, 1.797693134862e+308, 7.2535e-01, 4.3180e-03, 
 2DIAGNOSTIC,     5, -5.693661845193e-01, 1.797693134862e+308, 7.2984e-01, 4.4971e-03, 
 2DIAGNOSTIC,     6, -5.854078830086e-01, 1.797693134862e+308, 7.3457e-01, 4.7221e-03, 
 2DIAGNOSTIC,     7, -6.232769732918e-01, 1.797693134862e+308, 7.3893e-01, 4.3590e-03, 
 2DIAGNOSTIC,     8, -6.297683730473e-01, 1.797693134862e+308, 7.4388e-01, 4.9520e-03, 
 2DIAGNOSTIC,     9, -6.366738733405e-01, 1.797693134862e+308, 7.5153e-01, 7.6568e-03, 
 2DIAGNOSTIC,    10, -6.375630690827e-01, 1.201760866083e-02, 7.5599e-01, 4.4560e-03, 
 2DIAGNOSTIC,    11, -6.405337628679e-01, 1.087684809450e-02, 7.6030e-01, 4.3099e-03, 
 2DIAGNOSTIC,    12, -6.435528997438e-01, 9.167753354490e-03, 7.6530e-01, 5.0049e-03, 
 2DIAGNOSTIC,    13, -6.444720921444e-01, 7.089498731847e-03, 7.6977e-01, 4.4632e-03, 
 2DIAGNOSTIC,    14, -6.463616611293e-01, 4.967892496988e-03, 7.7464e-01, 4.8761e-03, 
 2DIAGNOSTIC,    15, -6.484646963404e-01, 3.033020789043e-03, 7.8220e-01, 7.5588e-03, 
 2DIAGNOSTIC,    16, -6.486009987994e-01, 1.520386367320e-03, 7.8640e-01, 4.2000e-03, 
 2DIAGNOSTIC,    17, -6.493699344760e-01, 1.108203205204e-03, 7.9062e-01, 4.2212e-03, 
 2DIAGNOSTIC,    18, -6.514578195065e-01, 8.586162135985e-04, 7.9489e-01, 4.2641e-03, 
 2DIAGNOSTIC,    19, -6.526592717406e-01, 7.533650369804e-04, 7.9912e-01, 4.2338e-03, 
 2DIAGNOSTIC,    20, -6.536191777189e-01, 6.303067369293e-04, 8.0373e-01, 4.6101e-03, 
 2DIAGNOSTIC,    21, -6.549162298979e-01, 5.534292205379e-04, 8.0819e-01, 4.4589e-03, 
 2DIAGNOSTIC,    22, -6.562385790832e-01, 5.226986103232e-04, 8.1359e-01, 5.4030e-03, 
 2DIAGNOSTIC,    23, -6.565000058113e-01, 4.680180012235e-04, 8.1856e-01, 4.9639e-03, 
 2DIAGNOSTIC,    24, -6.565387353854e-01, 4.101063704205e-04, 8.2363e-01, 5.0690e-03, 
 2DIAGNOSTIC,    25, -6.567702146893e-01, 3.618032093032e-04, 8.2859e-01, 4.9582e-03, 
 2DIAGNOSTIC,    26, -6.583507212369e-01, 3.132611037343e-04, 8.3287e-01, 4.2870e-03, 
 2DIAGNOSTIC,    27, -6.586527568469e-01, 2.554116018357e-04, 8.3748e-01, 4.6120e-03, 
 2DIAGNOSTIC,    28, -6.593310437738e-01, 2.225767143844e-04, 8.4282e-01, 5.3320e-03, 
 2DIAGNOSTIC,    29, -6.595734041655e-01, 1.939316665340e-04, 8.4763e-01, 4.8130e-03, 
 2DIAGNOSTIC,    30, -6.595955819569e-01, 1.634946778529e-04, 8.5271e-01, 5.0838e-03, 
 2DIAGNOSTIC,    31, -6.596949967568e-01, 1.392755860922e-04, 8.5700e-01, 4.2889e-03, 
 2DIAGNOSTIC,    32, -6.597157295313e-01, 1.221677497601e-04, 8.6192e-01, 4.9179e-03, 
 2DIAGNOSTIC,    33, -6.597001423846e-01, 9.820426862924e-05, 8.6871e-01, 6.7871e-03, 
 2DIAGNOSTIC,    34, -6.595254449703e-01, 6.486903007036e-05, 8.7309e-01, 4.3800e-03, 
 2DIAGNOSTIC,    35, -6.595295822811e-01, 3.010817890260e-05, 8.7731e-01, 4.2250e-03, 
 2DIAGNOSTIC,    36, -6.595351297936e-01, 1.424396566226e-05, 8.8165e-01, 4.3402e-03, 
 2DIAGNOSTIC,    37, -6.595409535782e-01, 1.474135172364e-06, 8.8606e-01, 4.4110e-03, 
DIAGNOSTIC,Iteration,metricValue,convergenceValue,ITERATION_TIME_INDEX,SINCE_LAST
 2DIAGNOSTIC,     1, -5.183739626517e-01, 1.797693134862e+308, 1.6627e+00, 7.7666e-01, 
 2DIAGNOSTIC,     2, -5.189226238273e-01, 1.797693134862e+308, 1.6925e+00, 2.9802e-02, 
 2DIAGNOSTIC,     3, -5.196899327338e-01, 1.797693134862e+308, 1.7220e+00, 2.9426e-02, 
 2DIAGNOSTIC,     4, -5.204463662987e-01, 1.797693134862e+308, 1.7537e+00, 3.1747e-02, 
 2DIAGNOSTIC,     5, -5.209979485282e-01, 1.797693134862e+308, 1.7867e+00, 3.3007e-02, 
 2DIAGNOSTIC,     6, -5.216357744165e-01, 1.797693134862e+308, 1.8226e+00, 3.5855e-02, 
 2DIAGNOSTIC,     7, -5.233753714738e-01, 1.797693134862e+308, 1.8533e+00, 3.0727e-02, 
 2DIAGNOSTIC,     8, -5.241119131254e-01, 1.797693134862e+308, 1.8932e+00, 3.9899e-02, 
 2DIAGNOSTIC,     9, -5.247293428633e-01, 1.797693134862e+308, 1.9319e+00, 3.8743e-02, 
 2DIAGNOSTIC,    10, -5.250028240959e-01, 8.899807885689e-04, 1.9721e+00, 4.0176e-02, 
 2DIAGNOSTIC,    11, -5.254483051461e-01, 7.905532179166e-04, 2.0211e+00, 4.9041e-02, 
 2DIAGNOSTIC,    12, -5.277635690456e-01, 7.650652126750e-04, 2.0617e+00, 4.0573e-02, 
 2DIAGNOSTIC,    13, -5.283161389642e-01, 7.264279622620e-04, 2.1020e+00, 4.0260e-02, 
 2DIAGNOSTIC,    14, -5.288222938994e-01, 6.775650218066e-04, 2.1374e+00, 3.5448e-02, 
 2DIAGNOSTIC,    15, -5.289976643198e-01, 6.012605321116e-04, 2.1704e+00, 3.2990e-02, 
 2DIAGNOSTIC,    16, -5.298475147242e-01, 5.287513778940e-04, 2.2129e+00, 4.2503e-02, 
 2DIAGNOSTIC,    17, -5.313522125079e-01, 5.176188877138e-04, 2.2515e+00, 3.8613e-02, 
 2DIAGNOSTIC,    18, -5.317211971363e-01, 4.916463749319e-04, 2.2858e+00, 3.4223e-02, 
 2DIAGNOSTIC,    19, -5.322490388318e-01, 4.569578577560e-04, 2.3248e+00, 3.9057e-02, 
 2DIAGNOSTIC,    20, -5.323376774242e-01, 3.940991784517e-04, 2.3564e+00, 3.1599e-02, 
 2DIAGNOSTIC,    21, -5.325910111087e-01, 3.171264001092e-04, 2.3895e+00, 3.3088e-02, 
 2DIAGNOSTIC,    22, -5.334985622009e-01, 2.960182702930e-04, 2.4229e+00, 3.3382e-02, 
 2DIAGNOSTIC,    23, -5.343210716139e-01, 2.806737772365e-04, 2.4570e+00, 3.4150e-02, 
 2DIAGNOSTIC,    24, -5.358686548008e-01, 2.868116934483e-04, 2.4980e+00, 4.1013e-02, 
 2DIAGNOSTIC,    25, -5.371441801979e-01, 2.963827528695e-04, 2.5275e+00, 2.9423e-02, 
 2DIAGNOSTIC,    26, -5.416251007663e-01, 3.868477847805e-04, 2.5580e+00, 3.0569e-02, 
 2DIAGNOSTIC,    27, -5.440692412405e-01, 5.105290447871e-04, 2.5888e+00, 3.0780e-02, 
 2DIAGNOSTIC,    28, -5.457414475980e-01, 6.156776334148e-04, 2.6514e+00, 6.2607e-02, 
 2DIAGNOSTIC,    29, -5.458614634206e-01, 6.680268877429e-04, 2.6825e+00, 3.1081e-02, 
 2DIAGNOSTIC,    30, -5.461627961978e-01, 6.612680558570e-04, 2.7157e+00, 3.3233e-02, 
 2DIAGNOSTIC,    31, -5.465747757014e-01, 6.029574957332e-04, 2.7471e+00, 3.1408e-02, 
 2DIAGNOSTIC,    32, -5.469395545415e-01, 5.117534278347e-04, 2.7774e+00, 3.0229e-02, 
 2DIAGNOSTIC,    33, -5.473863095675e-01, 3.984677589407e-04, 2.8073e+00, 2.9956e-02, 
 2DIAGNOSTIC,    34, -5.479904535806e-01, 2.888346188815e-04, 2.8376e+00, 3.0281e-02, 
 2DIAGNOSTIC,    35, -5.483682847144e-01, 1.822162042187e-04, 2.8681e+00, 3.0532e-02, 
 2DIAGNOSTIC,    36, -5.488327266156e-01, 1.368822894345e-04, 2.8977e+00, 2.9602e-02, 
 2DIAGNOSTIC,    37, -5.494482858111e-01, 1.244551885772e-04, 2.9465e+00, 4.8759e-02, 
 2DIAGNOSTIC,    38, -5.495416310223e-01, 1.255221393089e-04, 2.9840e+00, 3.7482e-02, 
 2DIAGNOSTIC,    39, -5.495726861240e-01, 1.167377132749e-04, 3.0202e+00, 3.6194e-02, 
 2DIAGNOSTIC,    40, -5.495885114338e-01, 1.015686523683e-04, 3.0562e+00, 3.5981e-02, 
 2DIAGNOSTIC,    41, -5.495808615951e-01, 8.271840672873e-05, 3.0945e+00, 3.8299e-02, 
 2DIAGNOSTIC,    42, -5.496072449311e-01, 6.177588180817e-05, 3.1315e+00, 3.7027e-02, 
 2DIAGNOSTIC,    43, -5.496577734432e-01, 4.202033387878e-05, 3.1719e+00, 4.0434e-02, 
 2DIAGNOSTIC,    44, -5.497195816274e-01, 2.729676642002e-05, 3.2117e+00, 3.9778e-02, 
 2DIAGNOSTIC,    45, -5.499238305017e-01, 1.749281974485e-05, 3.2419e+00, 3.0176e-02, 
 2DIAGNOSTIC,    46, -5.501748833405e-01, 1.452259370262e-05, 3.2722e+00, 3.0282e-02, 
 2DIAGNOSTIC,    47, -5.509272193666e-01, 2.568771321012e-05, 3.3022e+00, 3.0042e-02, 
 2DIAGNOSTIC,    48, -5.522299871664e-01, 4.917300905252e-05, 3.3401e+00, 3.7888e-02, 
 2DIAGNOSTIC,    49, -5.529777275340e-01, 7.514491287910e-05, 3.3701e+00, 3.0012e-02, 
 2DIAGNOSTIC,    50, -5.539673470386e-01, 1.035662059391e-04, 3.4098e+00, 3.9674e-02, 
 2DIAGNOSTIC,    51, -5.546236433204e-01, 1.276358711354e-04, 3.4386e+00, 2.8798e-02, 
 2DIAGNOSTIC,    52, -5.586404517317e-01, 1.794620780241e-04, 3.4713e+00, 3.2705e-02, 
 2DIAGNOSTIC,    53, -5.589241918266e-01, 2.143033677947e-04, 3.5014e+00, 3.0074e-02, 
 2DIAGNOSTIC,    54, -5.591659632157e-01, 2.306487890899e-04, 3.5305e+00, 2.9153e-02, 
 2DIAGNOSTIC,    55, -5.602877060420e-01, 2.375869266312e-04, 3.5630e+00, 3.2479e-02, 
 2DIAGNOSTIC,    56, -5.607540320101e-01, 2.277991858240e-04, 3.5935e+00, 3.0503e-02, 
 2DIAGNOSTIC,    57, -5.623804510763e-01, 2.177413122330e-04, 3.6274e+00, 3.3861e-02, 
 2DIAGNOSTIC,    58, -5.647831428781e-01, 2.203419431238e-04, 3.6749e+00, 4.7538e-02, 
 2DIAGNOSTIC,    59, -5.650062553550e-01, 2.103167556168e-04, 3.7046e+00, 2.9712e-02, 
 2DIAGNOSTIC,    60, -5.650868707815e-01, 1.903735218262e-04, 3.7332e+00, 2.8570e-02, 
 2DIAGNOSTIC,    61, -5.653177061998e-01, 1.597391560746e-04, 3.7626e+00, 2.9400e-02, 
 2DIAGNOSTIC,    62, -5.658386917064e-01, 1.529252296159e-04, 3.7958e+00, 3.3211e-02, 
 2DIAGNOSTIC,    63, -5.667619950991e-01, 1.413344660184e-04, 3.8428e+00, 4.6992e-02, 
 2DIAGNOSTIC,    64, -5.668934984848e-01, 1.193816801076e-04, 3.8756e+00, 3.2847e-02, 
 2DIAGNOSTIC,    65, -5.670547610958e-01, 9.747703140930e-05, 3.9082e+00, 3.2602e-02, 
 2DIAGNOSTIC,    66, -5.672140273432e-01, 7.181489132005e-05, 3.9418e+00, 3.3611e-02, 
 2DIAGNOSTIC,    67, -5.672326481304e-01, 5.228837468648e-05, 3.9742e+00, 3.2361e-02, 
 2DIAGNOSTIC,    68, -5.672240149785e-01, 4.661711671993e-05, 4.0096e+00, 3.5434e-02, 
 2DIAGNOSTIC,    69, -5.672337702340e-01, 3.847558874465e-05, 4.0420e+00, 3.2367e-02, 
 2DIAGNOSTIC,    70, -5.672243002048e-01, 2.752479085385e-05, 4.0707e+00, 2.8687e-02, 
 2DIAGNOSTIC,    71, -5.672349994436e-01, 1.602373410972e-05, 4.1036e+00, 3.2937e-02, 
 2DIAGNOSTIC,    72, -5.672628316640e-01, 7.152786019307e-06, 4.1380e+00, 3.4383e-02, 
 2DIAGNOSTIC,    73, -5.672659028714e-01, 4.490019741860e-06, 4.1673e+00, 2.9261e-02, 
 2DIAGNOSTIC,    74, -5.672751147362e-01, 2.486629645970e-06, 4.1994e+00, 3.2122e-02, 
 2DIAGNOSTIC,    75, -5.672704580788e-01, 1.398006518253e-06, 4.2276e+00, 2.8216e-02, 
 2DIAGNOSTIC,    76, -5.672894697128e-01, 1.462093720640e-06, 4.2551e+00, 2.7509e-02, 
 2DIAGNOSTIC,    77, -5.673180259198e-01, 1.738192915594e-06, 4.3037e+00, 4.8589e-02, 
 2DIAGNOSTIC,    78, -5.673404964022e-01, 1.965418189608e-06, 4.3364e+00, 3.2748e-02, 
 2DIAGNOSTIC,    79, -5.673302539164e-01, 2.039246182603e-06, 4.3667e+00, 3.0224e-02, 
 2DIAGNOSTIC,    80, -5.673235893269e-01, 1.856964133989e-06, 4.4047e+00, 3.8026e-02, 
 2DIAGNOSTIC,    81, -5.673027631171e-01, 1.471207351318e-06, 4.4366e+00, 3.1922e-02, 
 2DIAGNOSTIC,    82, -5.673061890045e-01, 1.187626799281e-06, 4.4686e+00, 3.1980e-02, 
DIAGNOSTIC,Iteration,metricValue,convergenceValue,ITERATION_TIME_INDEX,SINCE_LAST
 2DIAGNOSTIC,     1, -5.014546822127e-01, 1.797693134862e+308, 5.6142e+00, 1.1456e+00, 
 2DIAGNOSTIC,     2, -5.016784014495e-01, 1.797693134862e+308, 5.8505e+00, 2.3629e-01, 
 2DIAGNOSTIC,     3, -5.019589236275e-01, 1.797693134862e+308, 6.0880e+00, 2.3746e-01, 
 2DIAGNOSTIC,     4, -5.020927959572e-01, 1.797693134862e+308, 6.3526e+00, 2.6463e-01, 
 2DIAGNOSTIC,     5, -5.021679488213e-01, 1.797693134862e+308, 6.6215e+00, 2.6895e-01, 
 2DIAGNOSTIC,     6, -5.021971917123e-01, 1.797693134862e+308, 6.9009e+00, 2.7934e-01, 
 2DIAGNOSTIC,     7, -5.022261495511e-01, 1.797693134862e+308, 7.1492e+00, 2.4834e-01, 
 2DIAGNOSTIC,     8, -5.022641734208e-01, 1.797693134862e+308, 7.4111e+00, 2.6191e-01, 
 2DIAGNOSTIC,     9, -5.024357539457e-01, 1.797693134862e+308, 7.6801e+00, 2.6894e-01, 
 2DIAGNOSTIC,    10, -5.025235304269e-01, 1.170607750546e-04, 8.0057e+00, 3.2558e-01, 
 2DIAGNOSTIC,    11, -5.025269841570e-01, 8.688328429020e-05, 8.3365e+00, 3.3080e-01, 
 2DIAGNOSTIC,    12, -5.025252038471e-01, 6.457266567797e-05, 8.6442e+00, 3.0776e-01, 
 2DIAGNOSTIC,    13, -5.025249815831e-01, 5.220711985963e-05, 9.0397e+00, 3.9549e-01, 
 2DIAGNOSTIC,    14, -5.025236972849e-01, 4.226110528953e-05, 9.3206e+00, 2.8089e-01, 
 2DIAGNOSTIC,    15, -5.025230650155e-01, 3.272726213471e-05, 9.5467e+00, 2.2605e-01, 
 2DIAGNOSTIC,    16, -5.025217334806e-01, 2.263872463569e-05, 9.7634e+00, 2.1678e-01, 
 2DIAGNOSTIC,    17, -5.025214312548e-01, 1.287162923728e-05, 1.0041e+01, 2.7797e-01, 
 2DIAGNOSTIC,    18, -5.025208943153e-01, 4.232829402977e-06, 1.0287e+01, 2.4568e-01, 
 2DIAGNOSTIC,    19, -5.025203557780e-01, 1.294836584273e-06, 1.0558e+01, 2.7069e-01, 
 2DIAGNOSTIC,    20, -5.025196871872e-01, 1.147573794429e-06, 1.0968e+01, 4.1040e-01, 
 2DIAGNOSTIC,    21, -5.025189775569e-01, 1.131141332558e-06, 1.1306e+01, 3.3772e-01, 
 2DIAGNOSTIC,    22, -5.025174943479e-01, 1.068050241276e-06, 1.1581e+01, 2.7486e-01, 
 2DIAGNOSTIC,    23, -5.025177649257e-01, 1.048088654573e-06, 1.1876e+01, 2.9486e-01, 
 2DIAGNOSTIC,    24, -5.025171391377e-01, 1.015586039467e-06, 1.2183e+01, 3.0730e-01, 
DIAGNOSTIC,Iteration,metricValue,convergenceValue,ITERATION_TIME_INDEX,SINCE_LAST
 2DIAGNOSTIC,     1, -4.668975877406e-01, 1.797693134862e+308, 1.4798e+01, 2.6152e+00, 
 2DIAGNOSTIC,     2, -4.670049594927e-01, 1.797693134862e+308, 1.6392e+01, 1.5934e+00, 
 2DIAGNOSTIC,     3, -4.670193804898e-01, 1.797693134862e+308, 1.7826e+01, 1.4349e+00, 
 2DIAGNOSTIC,     4, -4.670412816565e-01, 1.797693134862e+308, 2.0694e+01, 2.8677e+00, 
 2DIAGNOSTIC,     5, -4.670430133080e-01, 1.797693134862e+308, 2.3407e+01, 2.7127e+00, 
 2DIAGNOSTIC,     6, -4.670433480687e-01, 1.797693134862e+308, 2.4914e+01, 1.5070e+00, 
 2DIAGNOSTIC,     7, -4.670432417471e-01, 1.797693134862e+308, 2.6853e+01, 1.9388e+00, 
 2DIAGNOSTIC,     8, -4.670430902518e-01, 1.797693134862e+308, 2.8728e+01, 1.8749e+00, 
 2DIAGNOSTIC,     9, -4.670431068064e-01, 1.797693134862e+308, 3.0304e+01, 1.5764e+00, 
 2DIAGNOSTIC,    10, -4.670429449125e-01, 1.512718049373e-05, 3.1683e+01, 1.3793e+00, 
 2DIAGNOSTIC,    11, -4.670428872052e-01, 6.200898651665e-06, 3.3561e+01, 1.8783e+00, 
 2DIAGNOSTIC,    12, -4.670430169452e-01, 3.911304539417e-06, 3.5048e+01, 1.4861e+00, 
 2DIAGNOSTIC,    13, -4.670429729601e-01, 2.504814823889e-06, 3.6734e+01, 1.6868e+00, 
 2DIAGNOSTIC,    14, -4.670428377112e-01, 2.238189559828e-06, 3.8415e+01, 1.6806e+00, 
 2DIAGNOSTIC,    15, -4.670425297126e-01, 2.067775883643e-06, 4.0266e+01, 1.8513e+00, 
 2DIAGNOSTIC,    16, -4.670424679043e-01, 1.934245677973e-06, 4.1777e+01, 1.5103e+00, 
 2DIAGNOSTIC,    17, -4.670423349867e-01, 1.812681357106e-06, 4.3478e+01, 1.7016e+00, 
 2DIAGNOSTIC,    18, -4.670423792807e-01, 1.706253499635e-06, 4.4998e+01, 1.5201e+00, 
 2DIAGNOSTIC,    19, -4.670425502287e-01, 1.622872948116e-06, 4.6834e+01, 1.8359e+00, 
 2DIAGNOSTIC,    20, -4.670425819776e-01, 1.548702587381e-06, 4.8566e+01, 1.7313e+00, 
 2DIAGNOSTIC,    21, -4.670424535510e-01, 1.480044549293e-06, 5.0202e+01, 1.6368e+00, 
 2DIAGNOSTIC,    22, -4.670424518561e-01, 1.424518099272e-06, 5.1927e+01, 1.7251e+00, 
 2DIAGNOSTIC,    23, -4.670421040661e-01, 1.365386687532e-06, 5.3833e+01, 1.9056e+00, 
 2DIAGNOSTIC,    24, -4.670420613744e-01, 1.308596733272e-06, 5.5541e+01, 1.7076e+00, 
 2DIAGNOSTIC,    25, -4.670418212193e-01, 1.244520532635e-06, 5.7173e+01, 1.6326e+00, 
 2DIAGNOSTIC,    26, -4.670418668395e-01, 1.187849286086e-06, 5.8797e+01, 1.6235e+00, 
 2DIAGNOSTIC,    27, -4.670420345576e-01, 1.139476361496e-06, 6.0751e+01, 1.9543e+00, 
 2DIAGNOSTIC,    28, -4.670419741706e-01, 1.097667963530e-06, 6.2458e+01, 1.7068e+00, 
 2DIAGNOSTIC,    29, -4.670419032873e-01, 1.064574580371e-06, 6.3892e+01, 1.4339e+00, 
 2DIAGNOSTIC,    30, -4.670418462572e-01, 1.036355042852e-06, 6.5556e+01, 1.6641e+00, 
 2DIAGNOSTIC,    31, -4.670419030168e-01, 1.010711244608e-06, 6.7803e+01, 2.2474e+00, 
  Elapsed time (stage 0): 6.8880e+01


Total elapsed time: 6.8883e+01
Info [verificarlo]: loaded backend libinterflop_ieee.so
Info [interflop-ieee]: load backend with:
Info [interflop-ieee]: debug = false
Info [interflop-ieee]: debug-binary = false
Info [interflop-ieee]: no-backend-name = false
Info [interflop-ieee]: print-new-line = false
Info [interflop-ieee]: print-subnormal-normalized = false
Info [interflop-ieee]: count-op = false
All_Command_lines_OK
Using double precision for computations.
=============================================================================
The composite transform comprises the following transforms (in order): 
  1. /home/mdugre/scratch/mri-registration-rp/datasets/ds004513/derivatives/mri-registration-rp/0001/antsRegistration-r7-p14/sub-s032/rigid_Composite.h5[0] (type = Euler3DTransform)
  2. /home/mdugre/scratch/mri-registration-rp/datasets/ds004513/derivatives/mri-registration-rp/0001/antsRegistration-r7-p14/sub-s032/rigid_Composite.h5[1] (type = Euler3DTransform)
  3. /home/mdugre/scratch/mri-registration-rp/datasets/ds004513/derivatives/mri-registration-rp/0001/antsRegistration-r7-p14/sub-s032/rigid_Composite.h5[2] (type = Euler3DTransform)
=============================================================================
  number of levels = 4
  fixed image: /templateflow/tpl-MNI152NLin2009cAsym/tpl-MNI152NLin2009cAsym_res-01_desc-brain_T1w.nii.gz
  moving image: /home/mdugre/scratch/mri-registration-rp/datasets/ds004513/derivatives/mri-registration-rp/antsBrainExtraction/sub-s032/BrainExtractionBrain.nii.gz
Dimension = 3
Number of stages = 1
Use histogram matching = false
Winsorize image intensities = true
  Lower quantile = 0.005
  Upper quantile = 0.995


Stage 1 State
   Image metric = MattesMI
     Fixed image = Image (0x4d3a7e0)
  RTTI typeinfo:   itk::Image<double, 3u>
  Reference Count: 2
  Modified Time: 1592
  Debug: Off
  Object Name: 
  Observers: 
    none
  Source: (none)
  Source output name: (none)
  Release Data: Off
  Data Released: False
  Global Release Data: Off
  PipelineMTime: 0
  UpdateMTime: 1203
  RealTimeStamp: 0 seconds 
  LargestPossibleRegion: 
    Dimension: 3
    Index: [0, 0, 0]
    Size: [193, 229, 193]
  BufferedRegion: 
    Dimension: 3
    Index: [0, 0, 0]
    Size: [193, 229, 193]
  RequestedRegion: 
    Dimension: 3
    Index: [0, 0, 0]
    Size: [193, 229, 193]
  Spacing: [1, 1, 1]
  Origin: [96, 132, -78]
  Direction: 
-1 0 0
0 -1 0
0 0 1

  IndexToPointMatrix: 
-1 0 0
0 -1 0
0 0 1

  PointToIndexMatrix: 
-1 0 0
0 -1 0
0 0 1

  Inverse Direction: 
-1 0 0
0 -1 0
0 0 1

  PixelContainer: 
    ImportImageContainer (0x4dfaa20)
      RTTI typeinfo:   itk::ImportImageContainer<unsigned long, double>
      Reference Count: 1
      Modified Time: 1200
      Debug: Off
      Object Name: 
      Observers: 
        none
      Pointer: 0x146e8cdbf010
      Container manages memory: true
      Size: 8530021
      Capacity: 8530021

     Moving image = Image (0x4df5d70)
  RTTI typeinfo:   itk::Image<double, 3u>
  Reference Count: 2
  Modified Time: 1593
  Debug: Off
  Object Name: 
  Observers: 
    none
  Source: (none)
  Source output name: (none)
  Release Data: Off
  Data Released: False
  Global Release Data: Off
  PipelineMTime: 0
  UpdateMTime: 1590
  RealTimeStamp: 0 seconds 
  LargestPossibleRegion: 
    Dimension: 3
    Index: [0, 0, 0]
    Size: [160, 240, 256]
  BufferedRegion: 
    Dimension: 3
    Index: [0, 0, 0]
    Size: [160, 240, 256]
  RequestedRegion: 
    Dimension: 3
    Index: [0, 0, 0]
    Size: [160, 240, 256]
  Spacing: [1, 1, 1]
  Origin: [73.279, 104.707, -131.187]
  Direction: 
-0.997527 0.0645574 -0.0278053
-0.0645323 -0.997914 -0.00179875
-0.0278634 4.01097e-08 0.999612

  IndexToPointMatrix: 
-0.997527 0.0645574 -0.0278053
-0.0645323 -0.997914 -0.00179875
-0.0278634 4.01097e-08 0.999612

  PointToIndexMatrix: 
-0.997527 -0.0645323 -0.0278634
0.0645574 -0.997914 4.01049e-08
-0.0278053 -0.00179875 0.999612

  Inverse Direction: 
-0.997527 -0.0645323 -0.0278634
0.0645574 -0.997914 4.01049e-08
-0.0278053 -0.00179875 0.999612

  PixelContainer: 
    ImportImageContainer (0x4dadc90)
      RTTI typeinfo:   itk::ImportImageContainer<unsigned long, double>
      Reference Count: 1
      Modified Time: 1587
      Debug: Off
      Object Name: 
      Observers: 
        none
      Pointer: 0x146e882be010
      Container manages memory: true
      Size: 9830400
      Capacity: 9830400

     Weighting = 1
     Sampling strategy = regular
     Number of bins = 32
     Radius = 4
     Sampling percentage  = 0.25
   Transform = Affine
     Gradient step = 0.1
     Update field sigma (voxel space) = 0
     Total field sigma (voxel space) = 0
     Update field time sigma = 0
     Total field time sigma  = 0
     Number of time indices = 0
     Number of time point samples = 0
Registration using 1 total stages.

Stage 0
  iterations = 1000x500x250x100
  convergence threshold = 1e-06
  convergence window size = 10
  number of levels = 4
  using the Mattes MI metric (number of bins = 32, weight = 1, use gradient filter = 0)
  preprocessing:  winsorizing the image intensities
  Shrink factors (level 1 out of 4): [8, 8, 8]
  Shrink factors (level 2 out of 4): [4, 4, 4]
  Shrink factors (level 3 out of 4): [2, 2, 2]
  Shrink factors (level 4 out of 4): [1, 1, 1]
  smoothing sigmas per level: [3, 2, 1, 0]
  regular sampling (percentage = 0.25)

*** Running AffineTransform registration ***

DIAGNOSTIC,Iteration,metricValue,convergenceValue,ITERATION_TIME_INDEX,SINCE_LAST
 2DIAGNOSTIC,     1, -6.855178123261e-01, 1.797693134862e+308, 8.0228e-01, 8.0228e-01, 
 2DIAGNOSTIC,     2, -6.874919842033e-01, 1.797693134862e+308, 8.0841e-01, 6.1359e-03, 
 2DIAGNOSTIC,     3, -6.923683231662e-01, 1.797693134862e+308, 8.1549e-01, 7.0710e-03, 
 2DIAGNOSTIC,     4, -6.973051711681e-01, 1.797693134862e+308, 8.2095e-01, 5.4679e-03, 
 2DIAGNOSTIC,     5, -7.107461660648e-01, 1.797693134862e+308, 8.2755e-01, 6.6001e-03, 
 2DIAGNOSTIC,     6, -7.170281479279e-01, 1.797693134862e+308, 8.3415e-01, 6.5999e-03, 
 2DIAGNOSTIC,     7, -7.175129944196e-01, 1.797693134862e+308, 8.3955e-01, 5.3968e-03, 
 2DIAGNOSTIC,     8, -7.195297399565e-01, 1.797693134862e+308, 8.4475e-01, 5.2021e-03, 
 2DIAGNOSTIC,     9, -7.214494184919e-01, 1.797693134862e+308, 8.5035e-01, 5.6021e-03, 
 2DIAGNOSTIC,    10, -7.250947328306e-01, 3.971987704255e-03, 8.5577e-01, 5.4121e-03, 
 2DIAGNOSTIC,    11, -7.288530480542e-01, 3.320527812666e-03, 8.6180e-01, 6.0332e-03, 
 2DIAGNOSTIC,    12, -7.333123277951e-01, 2.698721591901e-03, 8.6810e-01, 6.3021e-03, 
 2DIAGNOSTIC,    13, -7.353989709627e-01, 2.147202396893e-03, 8.7572e-01, 7.6139e-03, 
 2DIAGNOSTIC,    14, -7.365213261898e-01, 1.645752144275e-03, 8.8225e-01, 6.5320e-03, 
 2DIAGNOSTIC,    15, -7.372976205881e-01, 1.435083813179e-03, 8.8963e-01, 7.3841e-03, 
 2DIAGNOSTIC,    16, -7.373696501366e-01, 1.276905449621e-03, 8.9609e-01, 6.4561e-03, 
 2DIAGNOSTIC,    17, -7.373695170807e-01, 1.030823174275e-03, 9.0152e-01, 5.4309e-03, 
 2DIAGNOSTIC,    18, -7.374004740065e-01, 7.629107729496e-04, 9.0724e-01, 5.7249e-03, 
 2DIAGNOSTIC,    19, -7.376038641974e-01, 4.971331614519e-04, 9.1360e-01, 6.3591e-03, 
 2DIAGNOSTIC,    20, -7.378154723648e-01, 2.876374295570e-04, 9.1968e-01, 6.0780e-03, 
 2DIAGNOSTIC,    21, -7.378226685716e-01, 1.407292663937e-04, 9.2507e-01, 5.3880e-03, 
 2DIAGNOSTIC,    22, -7.378936509816e-01, 7.489175739212e-05, 9.3140e-01, 6.3338e-03, 
 2DIAGNOSTIC,    23, -7.380081687191e-01, 4.524253804580e-05, 9.3754e-01, 6.1378e-03, 
 2DIAGNOSTIC,    24, -7.380040884258e-01, 3.182857379573e-05, 9.4383e-01, 6.2900e-03, 
 2DIAGNOSTIC,    25, -7.379680421405e-01, 2.820505192134e-05, 9.5054e-01, 6.7129e-03, 
 2DIAGNOSTIC,    26, -7.379533495496e-01, 2.328067456114e-05, 9.5639e-01, 5.8470e-03, 
 2DIAGNOSTIC,    27, -7.379996168765e-01, 1.736935346837e-05, 9.6172e-01, 5.3301e-03, 
 2DIAGNOSTIC,    28, -7.381241669326e-01, 1.243184835951e-05, 9.6758e-01, 5.8560e-03, 
 2DIAGNOSTIC,    29, -7.382460678449e-01, 1.105053579251e-05, 9.7290e-01, 5.3201e-03, 
 2DIAGNOSTIC,    30, -7.383096589356e-01, 1.243484403952e-05, 9.7826e-01, 5.3620e-03, 
 2DIAGNOSTIC,    31, -7.385603383961e-01, 1.591818369352e-05, 9.8654e-01, 8.2829e-03, 
 2DIAGNOSTIC,    32, -7.384826805739e-01, 1.757390656370e-05, 9.9233e-01, 5.7881e-03, 
 2DIAGNOSTIC,    33, -7.383960052266e-01, 1.792204688277e-05, 9.9779e-01, 5.4631e-03, 
 2DIAGNOSTIC,    34, -7.385188446678e-01, 1.805543118600e-05, 1.0041e+00, 6.2649e-03, 
 2DIAGNOSTIC,    35, -7.386475939684e-01, 1.753014466158e-05, 1.0101e+00, 6.0458e-03, 
 2DIAGNOSTIC,    36, -7.385718567843e-01, 1.441539428472e-05, 1.0159e+00, 5.7888e-03, 
 2DIAGNOSTIC,    37, -7.385132326531e-01, 1.011108612708e-05, 1.0213e+00, 5.4059e-03, 
 2DIAGNOSTIC,    38, -7.387034502264e-01, 8.439825106950e-06, 1.0297e+00, 8.4481e-03, 
 2DIAGNOSTIC,    39, -7.387119774086e-01, 7.337776132533e-06, 1.0351e+00, 5.3551e-03, 
 2DIAGNOSTIC,    40, -7.386214244553e-01, 5.303150194917e-06, 1.0405e+00, 5.3980e-03, 
 2DIAGNOSTIC,    41, -7.386565624423e-01, 5.747980080732e-06, 1.0460e+00, 5.4650e-03, 
 2DIAGNOSTIC,    42, -7.387558753835e-01, 5.941421757898e-06, 1.0514e+00, 5.4469e-03, 
 2DIAGNOSTIC,    43, -7.389105325269e-01, 6.154831299211e-06, 1.0588e+00, 7.4151e-03, 
 2DIAGNOSTIC,    44, -7.390359110337e-01, 7.958434420609e-06, 1.0659e+00, 7.1201e-03, 
 2DIAGNOSTIC,    45, -7.389431114329e-01, 9.350941718174e-06, 1.0744e+00, 8.4460e-03, 
 2DIAGNOSTIC,    46, -7.390023742886e-01, 9.802758864617e-06, 1.0797e+00, 5.3191e-03, 
 2DIAGNOSTIC,    47, -7.390590353634e-01, 9.264941480524e-06, 1.0853e+00, 5.6000e-03, 
 2DIAGNOSTIC,    48, -7.393616206135e-01, 1.186326936595e-05, 1.0922e+00, 6.8889e-03, 
 2DIAGNOSTIC,    49, -7.394062840546e-01, 1.366640842491e-05, 1.0981e+00, 5.8620e-03, 
 2DIAGNOSTIC,    50, -7.394746889664e-01, 1.403106949908e-05, 1.1048e+00, 6.7451e-03, 
 2DIAGNOSTIC,    51, -7.396095530333e-01, 1.442014144224e-05, 1.1115e+00, 6.7079e-03, 
 2DIAGNOSTIC,    52, -7.396479990383e-01, 1.443222376927e-05, 1.1170e+00, 5.4410e-03, 
 2DIAGNOSTIC,    53, -7.398211467319e-01, 1.546327267910e-05, 1.1226e+00, 5.6391e-03, 
 2DIAGNOSTIC,    54, -7.406762697014e-01, 2.207419944731e-05, 1.1304e+00, 7.8471e-03, 
 2DIAGNOSTIC,    55, -7.410465072694e-01, 2.819779499464e-05, 1.1371e+00, 6.6111e-03, 
 2DIAGNOSTIC,    56, -7.411665444358e-01, 3.270788356706e-05, 1.1431e+00, 6.0489e-03, 
 2DIAGNOSTIC,    57, -7.410904797128e-01, 3.388033326293e-05, 1.1485e+00, 5.3689e-03, 
 2DIAGNOSTIC,    58, -7.410202561881e-01, 3.339751606721e-05, 1.1538e+00, 5.3461e-03, 
 2DIAGNOSTIC,    59, -7.410572307188e-01, 3.022385165909e-05, 1.1592e+00, 5.3811e-03, 
 2DIAGNOSTIC,    60, -7.411050948978e-01, 2.496592401818e-05, 1.1645e+00, 5.2769e-03, 
 2DIAGNOSTIC,    61, -7.411734501321e-01, 1.888498398874e-05, 1.1698e+00, 5.3709e-03, 
 2DIAGNOSTIC,    62, -7.414919778960e-01, 1.353964917709e-05, 1.1758e+00, 5.9960e-03, 
 2DIAGNOSTIC,    63, -7.415498526722e-01, 8.383850250981e-06, 1.1922e+00, 1.6364e-02, 
 2DIAGNOSTIC,    64, -7.418107823518e-01, 9.340741242723e-06, 1.2101e+00, 1.7847e-02, 
 2DIAGNOSTIC,    65, -7.418107821074e-01, 1.157324986448e-05, 1.2156e+00, 5.5280e-03, 
 2DIAGNOSTIC,    66, -7.418107840249e-01, 1.339501954922e-05, 1.2212e+00, 5.6159e-03, 
 2DIAGNOSTIC,    67, -7.418107872671e-01, 1.348830804665e-05, 1.2265e+00, 5.3480e-03, 
 2DIAGNOSTIC,    68, -7.418107927494e-01, 1.191121548906e-05, 1.2319e+00, 5.3949e-03, 
 2DIAGNOSTIC,    69, -7.418108020187e-01, 9.485411991361e-06, 1.2372e+00, 5.2772e-03, 
 2DIAGNOSTIC,    70, -7.418108176901e-01, 6.534942011785e-06, 1.2425e+00, 5.2710e-03, 
 2DIAGNOSTIC,    71, -7.418108441819e-01, 3.432382832593e-06, 1.2478e+00, 5.2650e-03, 
 2DIAGNOSTIC,    72, -7.418108889552e-01, 1.849110623937e-06, 1.2531e+00, 5.3489e-03, 
DIAGNOSTIC,Iteration,metricValue,convergenceValue,ITERATION_TIME_INDEX,SINCE_LAST
 2DIAGNOSTIC,     1, -5.958871047662e-01, 1.797693134862e+308, 2.0639e+00, 8.1084e-01, 
 2DIAGNOSTIC,     2, -5.965932794405e-01, 1.797693134862e+308, 2.1025e+00, 3.8543e-02, 
 2DIAGNOSTIC,     3, -5.975150715007e-01, 1.797693134862e+308, 2.1387e+00, 3.6247e-02, 
 2DIAGNOSTIC,     4, -5.988533107414e-01, 1.797693134862e+308, 2.1736e+00, 3.4850e-02, 
 2DIAGNOSTIC,     5, -6.008064669790e-01, 1.797693134862e+308, 2.2082e+00, 3.4658e-02, 
 2DIAGNOSTIC,     6, -6.023224508143e-01, 1.797693134862e+308, 2.2452e+00, 3.6974e-02, 
 2DIAGNOSTIC,     7, -6.033233741853e-01, 1.797693134862e+308, 2.3025e+00, 5.7236e-02, 
 2DIAGNOSTIC,     8, -6.038232538617e-01, 1.797693134862e+308, 2.3443e+00, 4.1800e-02, 
 2DIAGNOSTIC,     9, -6.039457869037e-01, 1.797693134862e+308, 2.3797e+00, 3.5484e-02, 
 2DIAGNOSTIC,    10, -6.046084790033e-01, 1.039741567804e-03, 2.4168e+00, 3.7033e-02, 
 2DIAGNOSTIC,    11, -6.052732762998e-01, 8.635720776369e-04, 2.4498e+00, 3.3015e-02, 
 2DIAGNOSTIC,    12, -6.055838776936e-01, 6.793554007905e-04, 2.4844e+00, 3.4652e-02, 
 2DIAGNOSTIC,    13, -6.058121620401e-01, 5.046096510384e-04, 2.5303e+00, 4.5862e-02, 
 2DIAGNOSTIC,    14, -6.058415135429e-01, 3.548284882627e-04, 2.5828e+00, 5.2518e-02, 
 2DIAGNOSTIC,    15, -6.058420104172e-01, 2.534514753032e-04, 2.6173e+00, 3.4460e-02, 
