
##########################
# Experiment information #
##########################

EXPERIMENT_NAME: antsRegistration-r8-p18
VFC_BACKENDS: libinterflop_vprec.so --range-binary32=8 --precision-binary32=18 --range-binary64=8 --precision-binary64=18

SIF_IMG: /home/mdugre/projects/rrg-glatard/mdugre/containers/ants-vprec-no_metrics.simg

SUBJECT_ID: s035
INPUT_IMG: /home/mdugre/scratch/mri-registration-rp/datasets/ds004513/derivatives/mri-registration-rp/antsBrainExtraction/sub-s035/BrainExtractionBrain.nii.gz
OUTPUT_DIR: /home/mdugre/scratch/mri-registration-rp/datasets/ds004513/derivatives/mri-registration-rp/0001/antsRegistration-r8-p18/sub-s035

FIXED_IMG: /templateflow/tpl-MNI152NLin2009cAsym/tpl-MNI152NLin2009cAsym_res-01_desc-brain_T1w.nii.gz
DATA_DIR: /home/mdugre/scratch/mri-registration-rp/datasets/ds004513
TEMPLATEFLOW_DIR: /home/mdugre/projects/rrg-glatard/mdugre/templateflow
ITK_GLOBAL_DEFAULT_NUMBER_OF_THREADS: 16
##########################

Info [verificarlo]: loaded backend libinterflop_ieee.so
Info [interflop-ieee]: load backend with:
Info [interflop-ieee]: debug = false
Info [interflop-ieee]: debug-binary = false
Info [interflop-ieee]: no-backend-name = false
Info [interflop-ieee]: print-new-line = false
Info [interflop-ieee]: print-subnormal-normalized = false
Info [interflop-ieee]: count-op = false
All_Command_lines_OK
Using double precision for computations.
=============================================================================
The composite transform comprises the following transforms (in order): 
  1. Center of mass alignment using fixed image: /templateflow/tpl-MNI152NLin2009cAsym/tpl-MNI152NLin2009cAsym_res-01_desc-brain_T1w.nii.gz and moving image: /home/mdugre/scratch/mri-registration-rp/datasets/ds004513/derivatives/mri-registration-rp/antsBrainExtraction/sub-s035/BrainExtractionBrain.nii.gz (type = Euler3DTransform)
=============================================================================
  number of levels = 1
  fixed image: /templateflow/tpl-MNI152NLin2009cAsym/tpl-MNI152NLin2009cAsym_res-01_desc-brain_T1w.nii.gz
  moving image: /home/mdugre/scratch/mri-registration-rp/datasets/ds004513/derivatives/mri-registration-rp/antsBrainExtraction/sub-s035/BrainExtractionBrain.nii.gz
Dimension = 3
Number of stages = 1
Use histogram matching = false
Winsorize image intensities = true
  Lower quantile = 0.005
  Upper quantile = 0.995


Stage 1 State
   Image metric = MattesMI
     Fixed image = Image (0x41e3e70)
  RTTI typeinfo:   itk::Image<double, 3u>
  Reference Count: 2
  Modified Time: 2330
  Debug: Off
  Object Name: 
  Observers: 
    none
  Source: (none)
  Source output name: (none)
  Release Data: Off
  Data Released: False
  Global Release Data: Off
  PipelineMTime: 0
  UpdateMTime: 1941
  RealTimeStamp: 0 seconds 
  LargestPossibleRegion: 
    Dimension: 3
    Index: [0, 0, 0]
    Size: [193, 229, 193]
  BufferedRegion: 
    Dimension: 3
    Index: [0, 0, 0]
    Size: [193, 229, 193]
  RequestedRegion: 
    Dimension: 3
    Index: [0, 0, 0]
    Size: [193, 229, 193]
  Spacing: [1, 1, 1]
  Origin: [96, 132, -78]
  Direction: 
-1 0 0
0 -1 0
0 0 1

  IndexToPointMatrix: 
-1 0 0
0 -1 0
0 0 1

  PointToIndexMatrix: 
-1 0 0
0 -1 0
0 0 1

  Inverse Direction: 
-1 0 0
0 -1 0
0 0 1

  PixelContainer: 
    ImportImageContainer (0x41ecc60)
      RTTI typeinfo:   itk::ImportImageContainer<unsigned long, double>
      Reference Count: 1
      Modified Time: 1938
      Debug: Off
      Object Name: 
      Observers: 
        none
      Pointer: 0x14ffa9458010
      Container manages memory: true
      Size: 8530021
      Capacity: 8530021

     Moving image = Image (0x4280ec0)
  RTTI typeinfo:   itk::Image<double, 3u>
  Reference Count: 2
  Modified Time: 2331
  Debug: Off
  Object Name: 
  Observers: 
    none
  Source: (none)
  Source output name: (none)
  Release Data: Off
  Data Released: False
  Global Release Data: Off
  PipelineMTime: 0
  UpdateMTime: 2328
  RealTimeStamp: 0 seconds 
  LargestPossibleRegion: 
    Dimension: 3
    Index: [0, 0, 0]
    Size: [160, 240, 256]
  BufferedRegion: 
    Dimension: 3
    Index: [0, 0, 0]
    Size: [160, 240, 256]
  RequestedRegion: 
    Dimension: 3
    Index: [0, 0, 0]
    Size: [160, 240, 256]
  Spacing: [1, 1, 1]
  Origin: [98.6438, 87.6358, -117.989]
  Direction: 
-0.993515 -0.100993 -0.0522355
0.100854 -0.994887 0.00530255
-0.0525039 1.93537e-08 0.998621

  IndexToPointMatrix: 
-0.993515 -0.100993 -0.0522355
0.100854 -0.994887 0.00530255
-0.0525039 1.93537e-08 0.998621

  PointToIndexMatrix: 
-0.993515 0.100854 -0.0525039
-0.100993 -0.994887 1.93006e-08
-0.0522355 0.00530255 0.998621

  Inverse Direction: 
-0.993515 0.100854 -0.0525039
-0.100993 -0.994887 1.93006e-08
-0.0522355 0.00530255 0.998621

  PixelContainer: 
    ImportImageContainer (0x4318610)
      RTTI typeinfo:   itk::ImportImageContainer<unsigned long, double>
      Reference Count: 1
      Modified Time: 2325
      Debug: Off
      Object Name: 
      Observers: 
        none
      Pointer: 0x14ffa4957010
      Container manages memory: true
      Size: 9830400
      Capacity: 9830400

     Weighting = 1
     Sampling strategy = regular
     Number of bins = 32
     Radius = 4
     Sampling percentage  = 0.25
   Transform = Rigid
     Gradient step = 0.1
     Update field sigma (voxel space) = 0
     Total field sigma (voxel space) = 0
     Update field time sigma = 0
     Total field time sigma  = 0
     Number of time indices = 0
     Number of time point samples = 0
Registration using 1 total stages.

Stage 0
  iterations = 0
  convergence threshold = 1e-06
  convergence window size = 10
  number of levels = 1
  using the Mattes MI metric (number of bins = 32, weight = 1, use gradient filter = 0)
  preprocessing:  winsorizing the image intensities
  Shrink factors (level 1 out of 1): [1, 1, 1]
  smoothing sigmas per level: [0]
  regular sampling (percentage = 0.25)

*** Running Euler3DTransform registration ***

  Elapsed time (stage 0): 1.11301


Total elapsed time: 1.11519
Info [verificarlo]: loaded backend libinterflop_ieee.so
Info [interflop-ieee]: load backend with:
Info [interflop-ieee]: debug = false
Info [interflop-ieee]: debug-binary = false
Info [interflop-ieee]: no-backend-name = false
Info [interflop-ieee]: print-new-line = false
Info [interflop-ieee]: print-subnormal-normalized = false
Info [interflop-ieee]: count-op = false
All_Command_lines_OK
Using double precision for computations.
=============================================================================
The composite transform comprises the following transforms (in order): 
  1. /home/mdugre/scratch/mri-registration-rp/datasets/ds004513/derivatives/mri-registration-rp/0001/antsRegistration-r8-p18/sub-s035/align_Composite.h5[0] (type = Euler3DTransform)
  2. /home/mdugre/scratch/mri-registration-rp/datasets/ds004513/derivatives/mri-registration-rp/0001/antsRegistration-r8-p18/sub-s035/align_Composite.h5[1] (type = Euler3DTransform)
=============================================================================
  number of levels = 4
  fixed image: /templateflow/tpl-MNI152NLin2009cAsym/tpl-MNI152NLin2009cAsym_res-01_desc-brain_T1w.nii.gz
  moving image: /home/mdugre/scratch/mri-registration-rp/datasets/ds004513/derivatives/mri-registration-rp/antsBrainExtraction/sub-s035/BrainExtractionBrain.nii.gz
Dimension = 3
Number of stages = 1
Use histogram matching = false
Winsorize image intensities = true
  Lower quantile = 0.005
  Upper quantile = 0.995


Stage 1 State
   Image metric = MattesMI
     Fixed image = Image (0x364b530)
  RTTI typeinfo:   itk::Image<double, 3u>
  Reference Count: 2
  Modified Time: 1578
  Debug: Off
  Object Name: 
  Observers: 
    none
  Source: (none)
  Source output name: (none)
  Release Data: Off
  Data Released: False
  Global Release Data: Off
  PipelineMTime: 0
  UpdateMTime: 1189
  RealTimeStamp: 0 seconds 
  LargestPossibleRegion: 
    Dimension: 3
    Index: [0, 0, 0]
    Size: [193, 229, 193]
  BufferedRegion: 
    Dimension: 3
    Index: [0, 0, 0]
    Size: [193, 229, 193]
  RequestedRegion: 
    Dimension: 3
    Index: [0, 0, 0]
    Size: [193, 229, 193]
  Spacing: [1, 1, 1]
  Origin: [96, 132, -78]
  Direction: 
-1 0 0
0 -1 0
0 0 1

  IndexToPointMatrix: 
-1 0 0
0 -1 0
0 0 1

  PointToIndexMatrix: 
-1 0 0
0 -1 0
0 0 1

  Inverse Direction: 
-1 0 0
0 -1 0
0 0 1

  PixelContainer: 
    ImportImageContainer (0x3709d60)
      RTTI typeinfo:   itk::ImportImageContainer<unsigned long, double>
      Reference Count: 1
      Modified Time: 1186
      Debug: Off
      Object Name: 
      Observers: 
        none
      Pointer: 0x14a30b90e010
      Container manages memory: true
      Size: 8530021
      Capacity: 8530021

     Moving image = Image (0x36fbf60)
  RTTI typeinfo:   itk::Image<double, 3u>
  Reference Count: 2
  Modified Time: 1579
  Debug: Off
  Object Name: 
  Observers: 
    none
  Source: (none)
  Source output name: (none)
  Release Data: Off
  Data Released: False
  Global Release Data: Off
  PipelineMTime: 0
  UpdateMTime: 1576
  RealTimeStamp: 0 seconds 
  LargestPossibleRegion: 
    Dimension: 3
    Index: [0, 0, 0]
    Size: [160, 240, 256]
  BufferedRegion: 
    Dimension: 3
    Index: [0, 0, 0]
    Size: [160, 240, 256]
  RequestedRegion: 
    Dimension: 3
    Index: [0, 0, 0]
    Size: [160, 240, 256]
  Spacing: [1, 1, 1]
  Origin: [98.6438, 87.6358, -117.989]
  Direction: 
-0.993515 -0.100993 -0.0522355
0.100854 -0.994887 0.00530255
-0.0525039 1.93537e-08 0.998621

  IndexToPointMatrix: 
-0.993515 -0.100993 -0.0522355
0.100854 -0.994887 0.00530255
-0.0525039 1.93537e-08 0.998621

  PointToIndexMatrix: 
-0.993515 0.100854 -0.0525039
-0.100993 -0.994887 1.93006e-08
-0.0522355 0.00530255 0.998621

  Inverse Direction: 
-0.993515 0.100854 -0.0525039
-0.100993 -0.994887 1.93006e-08
-0.0522355 0.00530255 0.998621

  PixelContainer: 
    ImportImageContainer (0x36ed6d0)
      RTTI typeinfo:   itk::ImportImageContainer<unsigned long, double>
      Reference Count: 1
      Modified Time: 1573
      Debug: Off
      Object Name: 
      Observers: 
        none
      Pointer: 0x14a306e0d010
      Container manages memory: true
      Size: 9830400
      Capacity: 9830400

     Weighting = 1
     Sampling strategy = regular
     Number of bins = 32
     Radius = 4
     Sampling percentage  = 0.25
   Transform = Rigid
     Gradient step = 0.1
     Update field sigma (voxel space) = 0
     Total field sigma (voxel space) = 0
     Update field time sigma = 0
     Total field time sigma  = 0
     Number of time indices = 0
     Number of time point samples = 0
Registration using 1 total stages.

Stage 0
  iterations = 1000x500x250x100
  convergence threshold = 1e-06
  convergence window size = 10
  number of levels = 4
  using the Mattes MI metric (number of bins = 32, weight = 1, use gradient filter = 0)
  preprocessing:  winsorizing the image intensities
  Shrink factors (level 1 out of 4): [8, 8, 8]
  Shrink factors (level 2 out of 4): [4, 4, 4]
  Shrink factors (level 3 out of 4): [2, 2, 2]
  Shrink factors (level 4 out of 4): [1, 1, 1]
  smoothing sigmas per level: [3, 2, 1, 0]
  regular sampling (percentage = 0.25)

*** Running Euler3DTransform registration ***

DIAGNOSTIC,Iteration,metricValue,convergenceValue,ITERATION_TIME_INDEX,SINCE_LAST
 2DIAGNOSTIC,     1, -5.238630234552e-01, 1.797693134862e+308, 7.2918e-01, 7.2918e-01, 
 2DIAGNOSTIC,     2, -5.257885820767e-01, 1.797693134862e+308, 7.3475e-01, 5.5680e-03, 
 2DIAGNOSTIC,     3, -5.278597554839e-01, 1.797693134862e+308, 7.3979e-01, 5.0371e-03, 
 2DIAGNOSTIC,     4, -5.302176117225e-01, 1.797693134862e+308, 7.4503e-01, 5.2440e-03, 
 2DIAGNOSTIC,     5, -5.343462816845e-01, 1.797693134862e+308, 7.4954e-01, 4.5080e-03, 
 2DIAGNOSTIC,     6, -5.399239396740e-01, 1.797693134862e+308, 7.5451e-01, 4.9641e-03, 
 2DIAGNOSTIC,     7, -5.490554822001e-01, 1.797693134862e+308, 7.5964e-01, 5.1310e-03, 
 2DIAGNOSTIC,     8, -5.545204224448e-01, 1.797693134862e+308, 7.6582e-01, 6.1829e-03, 
 2DIAGNOSTIC,     9, -5.601437715553e-01, 1.797693134862e+308, 7.7071e-01, 4.8900e-03, 
 2DIAGNOSTIC,    10, -5.617741193774e-01, 5.067640484485e-03, 7.7584e-01, 5.1250e-03, 
 2DIAGNOSTIC,    11, -5.649562249041e-01, 4.796539612083e-03, 7.8182e-01, 5.9881e-03, 
 2DIAGNOSTIC,    12, -5.658710903081e-01, 4.260783098155e-03, 7.8706e-01, 5.2330e-03, 
 2DIAGNOSTIC,    13, -5.662828333056e-01, 3.524744036645e-03, 7.9255e-01, 5.4939e-03, 
 2DIAGNOSTIC,    14, -5.685908474577e-01, 2.751340472953e-03, 7.9793e-01, 5.3830e-03, 
 2DIAGNOSTIC,    15, -5.732745043306e-01, 2.134644679428e-03, 8.0553e-01, 7.6010e-03, 
 2DIAGNOSTIC,    16, -5.738084427846e-01, 1.591333148337e-03, 8.1127e-01, 5.7371e-03, 
 2DIAGNOSTIC,    17, -5.739093703465e-01, 1.247363567740e-03, 8.1634e-01, 5.0659e-03, 
 2DIAGNOSTIC,    18, -5.745773598458e-01, 1.002163966316e-03, 8.2178e-01, 5.4410e-03, 
 2DIAGNOSTIC,    19, -5.752045522722e-01, 8.579763081917e-04, 8.2682e-01, 5.0440e-03, 
 2DIAGNOSTIC,    20, -5.755578777726e-01, 6.955845773855e-04, 8.3152e-01, 4.7002e-03, 
 2DIAGNOSTIC,    21, -5.761681227725e-01, 5.767135182677e-04, 8.3733e-01, 5.8069e-03, 
 2DIAGNOSTIC,    22, -5.775610178280e-01, 4.707067062503e-04, 8.4284e-01, 5.5060e-03, 
 2DIAGNOSTIC,    23, -5.801876522130e-01, 3.965856196716e-04, 8.4824e-01, 5.4090e-03, 
 2DIAGNOSTIC,    24, -5.873578871736e-01, 4.881452203317e-04, 8.5510e-01, 6.8560e-03, 
 2DIAGNOSTIC,    25, -5.924052233437e-01, 7.199711433778e-04, 8.6176e-01, 6.6600e-03, 
 2DIAGNOSTIC,    26, -5.933789722480e-01, 8.944842698311e-04, 8.6778e-01, 6.0160e-03, 
 2DIAGNOSTIC,    27, -5.948140362534e-01, 1.002036484264e-03, 8.7321e-01, 5.4340e-03, 
 2DIAGNOSTIC,    28, -5.954370004502e-01, 1.029952320697e-03, 8.7828e-01, 5.0669e-03, 
 2DIAGNOSTIC,    29, -5.955619965579e-01, 9.699000561387e-04, 8.8321e-01, 4.9319e-03, 
 2DIAGNOSTIC,    30, -5.960977142397e-01, 8.366692958664e-04, 8.8791e-01, 4.7019e-03, 
 2DIAGNOSTIC,    31, -5.971105016114e-01, 6.606986234527e-04, 8.9333e-01, 5.4240e-03, 
 2DIAGNOSTIC,    32, -5.989728413271e-01, 4.853112632027e-04, 9.0087e-01, 7.5400e-03, 
 2DIAGNOSTIC,    33, -5.996340171024e-01, 3.222359245654e-04, 9.0563e-01, 4.7519e-03, 
 2DIAGNOSTIC,    34, -5.997688324693e-01, 2.443793011487e-04, 9.1039e-01, 4.7650e-03, 
 2DIAGNOSTIC,    35, -5.999328162662e-01, 2.224308784710e-04, 9.1654e-01, 6.1510e-03, 
 2DIAGNOSTIC,    36, -6.001598298451e-01, 1.965988103425e-04, 9.2153e-01, 4.9870e-03, 
 2DIAGNOSTIC,    37, -6.004938012895e-01, 1.767006114943e-04, 9.2687e-01, 5.3380e-03, 
 2DIAGNOSTIC,    38, -6.008280010082e-01, 1.536048159118e-04, 9.3180e-01, 4.9350e-03, 
 2DIAGNOSTIC,    39, -6.038559363859e-01, 1.574331426368e-04, 9.3744e-01, 5.6329e-03, 
 2DIAGNOSTIC,    40, -6.077047304425e-01, 1.993081262951e-04, 9.4250e-01, 5.0678e-03, 
 2DIAGNOSTIC,    41, -6.174632711742e-01, 3.481387256681e-04, 9.4898e-01, 6.4719e-03, 
 2DIAGNOSTIC,    42, -6.161977808017e-01, 4.608906468335e-04, 9.5888e-01, 9.9010e-03, 
 2DIAGNOSTIC,    43, -6.161564460532e-01, 5.335369585256e-04, 9.6368e-01, 4.8079e-03, 
 2DIAGNOSTIC,    44, -6.170772163249e-01, 5.644818800851e-04, 9.6847e-01, 4.7841e-03, 
 2DIAGNOSTIC,    45, -6.185357228040e-01, 5.560473492414e-04, 9.7317e-01, 4.7030e-03, 
 2DIAGNOSTIC,    46, -6.206472573379e-01, 5.180556742307e-04, 9.7782e-01, 4.6530e-03, 
 2DIAGNOSTIC,    47, -6.234100407262e-01, 4.649603431599e-04, 9.8250e-01, 4.6721e-03, 
 2DIAGNOSTIC,    48, -6.282459756816e-01, 4.232183677797e-04, 9.8716e-01, 4.6620e-03, 
 2DIAGNOSTIC,    49, -6.332856952232e-01, 4.219354685380e-04, 9.9211e-01, 4.9541e-03, 
 2DIAGNOSTIC,    50, -6.437673350669e-01, 5.158702638933e-04, 9.9687e-01, 4.7591e-03, 
 2DIAGNOSTIC,    51, -6.567709941688e-01, 7.709774011111e-04, 1.0019e+00, 5.0662e-03, 
 2DIAGNOSTIC,    52, -6.630139271195e-01, 9.856117229841e-04, 1.0074e+00, 5.4181e-03, 
 2DIAGNOSTIC,    53, -6.637658022826e-01, 1.103854983936e-03, 1.0120e+00, 4.6580e-03, 
 2DIAGNOSTIC,    54, -6.646848090665e-01, 1.129224661591e-03, 1.0174e+00, 5.3740e-03, 
 2DIAGNOSTIC,    55, -6.699954906058e-01, 1.103370378750e-03, 1.0259e+00, 8.5039e-03, 
 2DIAGNOSTIC,    56, -6.720090008066e-01, 1.005089961871e-03, 1.0333e+00, 7.3960e-03, 
 2DIAGNOSTIC,    57, -6.720481770952e-01, 8.375239777619e-04, 1.0380e+00, 4.6771e-03, 
 2DIAGNOSTIC,    58, -6.725919620062e-01, 6.425665915366e-04, 1.0426e+00, 4.5991e-03, 
 2DIAGNOSTIC,    59, -6.729036408414e-01, 4.360795471767e-04, 1.0472e+00, 4.6020e-03, 
 2DIAGNOSTIC,    60, -6.731488739387e-01, 2.773043202875e-04, 1.0518e+00, 4.6759e-03, 
 2DIAGNOSTIC,    61, -6.734259076366e-01, 1.993309927951e-04, 1.0565e+00, 4.6532e-03, 
 2DIAGNOSTIC,    62, -6.739132115000e-01, 1.568959980158e-04, 1.0611e+00, 4.6370e-03, 
 2DIAGNOSTIC,    63, -6.762843160738e-01, 1.247262064251e-04, 1.0676e+00, 6.4430e-03, 
 2DIAGNOSTIC,    64, -6.766381498542e-01, 8.969339042814e-05, 1.0725e+00, 4.8869e-03, 
 2DIAGNOSTIC,    65, -6.771215138872e-01, 8.898260029731e-05, 1.0772e+00, 4.7419e-03, 
 2DIAGNOSTIC,    66, -6.778537162848e-01, 9.953392555819e-05, 1.0826e+00, 5.3470e-03, 
 2DIAGNOSTIC,    67, -6.792268401513e-01, 1.098307259105e-04, 1.0892e+00, 6.6690e-03, 
 2DIAGNOSTIC,    68, -6.807680685468e-01, 1.231389092753e-04, 1.0939e+00, 4.7190e-03, 
 2DIAGNOSTIC,    69, -6.815199390819e-01, 1.312162717322e-04, 1.0987e+00, 4.7119e-03, 
 2DIAGNOSTIC,    70, -6.818104545748e-01, 1.303108207651e-04, 1.1051e+00, 6.4650e-03, 
 2DIAGNOSTIC,    71, -6.820510075370e-01, 1.205021273963e-04, 1.1098e+00, 4.7021e-03, 
 2DIAGNOSTIC,    72, -6.822316823136e-01, 1.032399679259e-04, 1.1145e+00, 4.6561e-03, 
 2DIAGNOSTIC,    73, -6.825798732373e-01, 9.372182005416e-05, 1.1208e+00, 6.2971e-03, 
 2DIAGNOSTIC,    74, -6.826263995635e-01, 7.797265081393e-05, 1.1255e+00, 4.7061e-03, 
 2DIAGNOSTIC,    75, -6.826914604036e-01, 5.871105620139e-05, 1.1307e+00, 5.1830e-03, 
 2DIAGNOSTIC,    76, -6.828123375253e-01, 3.951682634805e-05, 1.1353e+00, 4.6740e-03, 
 2DIAGNOSTIC,    77, -6.832344962797e-01, 2.762861067048e-05, 1.1400e+00, 4.6380e-03, 
 2DIAGNOSTIC,    78, -6.838171583288e-01, 2.580820907784e-05, 1.1470e+00, 7.0069e-03, 
 2DIAGNOSTIC,    79, -6.837376150794e-01, 2.542033978335e-05, 1.1517e+00, 4.7300e-03, 
 2DIAGNOSTIC,    80, -6.837940780700e-01, 2.471283749809e-05, 1.1566e+00, 4.8611e-03, 
 2DIAGNOSTIC,    81, -6.839726315553e-01, 2.407007083658e-05, 1.1616e+00, 5.0390e-03, 
 2DIAGNOSTIC,    82, -6.841107556526e-01, 2.281007944777e-05, 1.1665e+00, 4.9350e-03, 
 2DIAGNOSTIC,    83, -6.851045339980e-01, 2.675668737656e-05, 1.1732e+00, 6.6252e-03, 
 2DIAGNOSTIC,    84, -6.858177349390e-01, 3.208706861911e-05, 1.1791e+00, 5.9371e-03, 
 2DIAGNOSTIC,    85, -6.861555049981e-01, 3.640240613794e-05, 1.1868e+00, 7.6830e-03, 
 2DIAGNOSTIC,    86, -6.861558019990e-01, 3.780035774196e-05, 1.1915e+00, 4.7281e-03, 
 2DIAGNOSTIC,    87, -6.861668183733e-01, 3.777632850294e-05, 1.1963e+00, 4.7531e-03, 
 2DIAGNOSTIC,    88, -6.861798661106e-01, 3.717364493405e-05, 1.2009e+00, 4.6110e-03, 
 2DIAGNOSTIC,    89, -6.861875633914e-01, 3.259233239622e-05, 1.2062e+00, 5.2760e-03, 
 2DIAGNOSTIC,    90, -6.861913879537e-01, 2.533757098697e-05, 1.2108e+00, 4.6649e-03, 
 2DIAGNOSTIC,    91, -6.861983811586e-01, 1.686211510634e-05, 1.2156e+00, 4.7672e-03, 
 2DIAGNOSTIC,    92, -6.862112845186e-01, 7.666088320308e-06, 1.2203e+00, 4.7550e-03, 
 2DIAGNOSTIC,    93, -6.862266937135e-01, 2.805980323102e-06, 1.2251e+00, 4.7522e-03, 
 2DIAGNOSTIC,    94, -6.862421120437e-01, 1.277489048317e-06, 1.2303e+00, 5.2180e-03, 
 2DIAGNOSTIC,    95, -6.863402760092e-01, 1.767909942533e-06, 1.2362e+00, 5.9302e-03, 
 2DIAGNOSTIC,    96, -6.863402562467e-01, 2.100690367659e-06, 1.2408e+00, 4.5900e-03, 
 2DIAGNOSTIC,    97, -6.863404964707e-01, 2.314238943930e-06, 1.2459e+00, 5.0349e-03, 
 2DIAGNOSTIC,    98, -6.863412477017e-01, 2.402423924111e-06, 1.2512e+00, 5.3689e-03, 
 2DIAGNOSTIC,    99, -6.863464538474e-01, 2.346623742452e-06, 1.2582e+00, 6.9499e-03, 
 2DIAGNOSTIC,   100, -6.863467590379e-01, 2.109920562475e-06, 1.2646e+00, 6.4600e-03, 
 2DIAGNOSTIC,   101, -6.863467641470e-01, 1.737581465515e-06, 1.2795e+00, 1.4855e-02, 
 2DIAGNOSTIC,   102, -6.863467641469e-01, 1.301048841527e-06, 1.2893e+00, 9.7859e-03, 
DIAGNOSTIC,Iteration,metricValue,convergenceValue,ITERATION_TIME_INDEX,SINCE_LAST
 2DIAGNOSTIC,     1, -5.582121791528e-01, 1.797693134862e+308, 2.0644e+00, 7.7515e-01, 
 2DIAGNOSTIC,     2, -5.585600572393e-01, 1.797693134862e+308, 2.1053e+00, 4.0815e-02, 
 2DIAGNOSTIC,     3, -5.591032946280e-01, 1.797693134862e+308, 2.1359e+00, 3.0609e-02, 
 2DIAGNOSTIC,     4, -5.597983629821e-01, 1.797693134862e+308, 2.1662e+00, 3.0347e-02, 
 2DIAGNOSTIC,     5, -5.608415839910e-01, 1.797693134862e+308, 2.2005e+00, 3.4317e-02, 
 2DIAGNOSTIC,     6, -5.612119441727e-01, 1.797693134862e+308, 2.2316e+00, 3.1112e-02, 
 2DIAGNOSTIC,     7, -5.624373693824e-01, 1.797693134862e+308, 2.2713e+00, 3.9630e-02, 
 2DIAGNOSTIC,     8, -5.635258626477e-01, 1.797693134862e+308, 2.3019e+00, 3.0582e-02, 
 2DIAGNOSTIC,     9, -5.652319286312e-01, 1.797693134862e+308, 2.3368e+00, 3.4913e-02, 
 2DIAGNOSTIC,    10, -5.659908047485e-01, 9.145605185292e-04, 2.3832e+00, 4.6392e-02, 
 2DIAGNOSTIC,    11, -5.660000840534e-01, 8.640315561673e-04, 2.4172e+00, 3.4001e-02, 
 2DIAGNOSTIC,    12, -5.660821759567e-01, 7.637752794971e-04, 2.4510e+00, 3.3872e-02, 
 2DIAGNOSTIC,    13, -5.660782804381e-01, 6.305162569220e-04, 2.4896e+00, 3.8536e-02, 
 2DIAGNOSTIC,    14, -5.660863497413e-01, 4.833075221255e-04, 2.5238e+00, 3.4245e-02, 
 2DIAGNOSTIC,    15, -5.660728967646e-01, 3.467170880852e-04, 2.5568e+00, 3.2976e-02, 
 2DIAGNOSTIC,    16, -5.660694896002e-01, 2.073641967773e-04, 2.5926e+00, 3.5825e-02, 
 2DIAGNOSTIC,    17, -5.660548575549e-01, 1.015259598173e-04, 2.6265e+00, 3.3838e-02, 
 2DIAGNOSTIC,    18, -5.660694020669e-01, 2.809001111969e-05, 2.6570e+00, 3.0557e-02, 
 2DIAGNOSTIC,    19, -5.660690017115e-01, 4.686395156842e-06, 2.6861e+00, 2.9065e-02, 
 2DIAGNOSTIC,    20, -5.660909909049e-01, 3.056446814809e-06, 2.7208e+00, 3.4727e-02, 
 2DIAGNOSTIC,    21, -5.661096843942e-01, 2.057674044591e-06, 2.7558e+00, 3.4985e-02, 
 2DIAGNOSTIC,    22, -5.661213179276e-01, 3.244873086505e-06, 2.7896e+00, 3.3832e-02, 
 2DIAGNOSTIC,    23, -5.661138198700e-01, 3.902622011713e-06, 2.8196e+00, 2.9941e-02, 
 2DIAGNOSTIC,    24, -5.661127964993e-01, 4.430902240504e-06, 2.8531e+00, 3.3552e-02, 
 2DIAGNOSTIC,    25, -5.661443460666e-01, 4.987131086980e-06, 2.8829e+00, 2.9810e-02, 
 2DIAGNOSTIC,    26, -5.661678762515e-01, 5.524020935128e-06, 2.9189e+00, 3.6001e-02, 
 2DIAGNOSTIC,    27, -5.661794961651e-01, 5.548766435687e-06, 2.9577e+00, 3.8737e-02, 
 2DIAGNOSTIC,    28, -5.661662192184e-01, 5.203079773926e-06, 2.9956e+00, 3.7936e-02, 
 2DIAGNOSTIC,    29, -5.661557169022e-01, 4.318966141233e-06, 3.0306e+00, 3.4965e-02, 
 2DIAGNOSTIC,    30, -5.661419591297e-01, 3.314257810159e-06, 3.0631e+00, 3.2553e-02, 
 2DIAGNOSTIC,    31, -5.661488534698e-01, 2.561553557115e-06, 3.0984e+00, 3.5243e-02, 
 2DIAGNOSTIC,    32, -5.661409690714e-01, 1.768970420625e-06, 3.1332e+00, 3.4889e-02, 
DIAGNOSTIC,Iteration,metricValue,convergenceValue,ITERATION_TIME_INDEX,SINCE_LAST
 2DIAGNOSTIC,     1, -5.036946482370e-01, 1.797693134862e+308, 4.2924e+00, 1.1592e+00, 
 2DIAGNOSTIC,     2, -5.038769181147e-01, 1.797693134862e+308, 4.5288e+00, 2.3644e-01, 
 2DIAGNOSTIC,     3, -5.040475152333e-01, 1.797693134862e+308, 4.7496e+00, 2.2080e-01, 
 2DIAGNOSTIC,     4, -5.041791927842e-01, 1.797693134862e+308, 5.0032e+00, 2.5352e-01, 
 2DIAGNOSTIC,     5, -5.042613682633e-01, 1.797693134862e+308, 5.3455e+00, 3.4236e-01, 
 2DIAGNOSTIC,     6, -5.043045218200e-01, 1.797693134862e+308, 5.6011e+00, 2.5558e-01, 
 2DIAGNOSTIC,     7, -5.044534028977e-01, 1.797693134862e+308, 5.8881e+00, 2.8701e-01, 
 2DIAGNOSTIC,     8, -5.046017126157e-01, 1.797693134862e+308, 6.1992e+00, 3.1114e-01, 
 2DIAGNOSTIC,     9, -5.046199837814e-01, 1.797693134862e+308, 6.6001e+00, 4.0090e-01, 
 2DIAGNOSTIC,    10, -5.046186473485e-01, 1.213934754876e-04, 6.9864e+00, 3.8629e-01, 
 2DIAGNOSTIC,    11, -5.046196425456e-01, 9.176514705767e-05, 7.2607e+00, 2.7422e-01, 
 2DIAGNOSTIC,    12, -5.046187397452e-01, 6.739487503316e-05, 7.5438e+00, 2.8314e-01, 
 2DIAGNOSTIC,    13, -5.046169168067e-01, 4.802127990315e-05, 7.8100e+00, 2.6620e-01, 
 2DIAGNOSTIC,    14, -5.046151118885e-01, 3.249641997800e-05, 8.1629e+00, 3.5291e-01, 
 2DIAGNOSTIC,    15, -5.046142112003e-01, 1.944701866734e-05, 8.4216e+00, 2.5867e-01, 
 2DIAGNOSTIC,    16, -5.046133353110e-01, 7.851550807195e-06, 8.7082e+00, 2.8662e-01, 
 2DIAGNOSTIC,    17, -5.046133859295e-01, 1.883026147335e-06, 8.9531e+00, 2.4493e-01, 
 2DIAGNOSTIC,    18, -5.046134556406e-01, 1.205541441618e-06, 9.1947e+00, 2.4159e-01, 
 2DIAGNOSTIC,    19, -5.046135951607e-01, 1.199256719930e-06, 9.4728e+00, 2.7806e-01, 
 2DIAGNOSTIC,    20, -5.046146648861e-01, 1.228973908272e-06, 9.7518e+00, 2.7902e-01, 
 2DIAGNOSTIC,    21, -5.046138187007e-01, 1.292639713504e-06, 1.0043e+01, 2.9105e-01, 
 2DIAGNOSTIC,    22, -5.046129556726e-01, 1.327549672039e-06, 1.0271e+01, 2.2796e-01, 
 2DIAGNOSTIC,    23, -5.046121566592e-01, 1.307701865447e-06, 1.0490e+01, 2.1875e-01, 
 2DIAGNOSTIC,    24, -5.046086624013e-01, 1.172408571483e-06, 1.0757e+01, 2.6742e-01, 
 2DIAGNOSTIC,    25, -5.046097967340e-01, 1.069585006848e-06, 1.1055e+01, 2.9779e-01, 
DIAGNOSTIC,Iteration,metricValue,convergenceValue,ITERATION_TIME_INDEX,SINCE_LAST
 2DIAGNOSTIC,     1, -4.671553465045e-01, 1.797693134862e+308, 1.3491e+01, 2.4361e+00, 
 2DIAGNOSTIC,     2, -4.672596878799e-01, 1.797693134862e+308, 1.4962e+01, 1.4714e+00, 
 2DIAGNOSTIC,     3, -4.673636985157e-01, 1.797693134862e+308, 1.7144e+01, 2.1814e+00, 
 2DIAGNOSTIC,     4, -4.673629643831e-01, 1.797693134862e+308, 1.8886e+01, 1.7423e+00, 
 2DIAGNOSTIC,     5, -4.673624320523e-01, 1.797693134862e+308, 2.0969e+01, 2.0835e+00, 
 2DIAGNOSTIC,     6, -4.673622533714e-01, 1.797693134862e+308, 2.2250e+01, 1.2807e+00, 
 2DIAGNOSTIC,     7, -4.673620805979e-01, 1.797693134862e+308, 2.3722e+01, 1.4716e+00, 
 2DIAGNOSTIC,     8, -4.673620121327e-01, 1.797693134862e+308, 2.5341e+01, 1.6189e+00, 
 2DIAGNOSTIC,     9, -4.673619305213e-01, 1.797693134862e+308, 2.6832e+01, 1.4911e+00, 
 2DIAGNOSTIC,    10, -4.673617426416e-01, 2.106581208015e-05, 2.8457e+01, 1.6253e+00, 
 2DIAGNOSTIC,    11, -4.673615581956e-01, 8.377037170590e-06, 3.0014e+01, 1.5573e+00, 
 2DIAGNOSTIC,    12, -4.673612681469e-01, 2.432806468430e-06, 3.1520e+01, 1.5059e+00, 
 2DIAGNOSTIC,    13, -4.673611988068e-01, 2.286035937230e-06, 3.2854e+01, 1.3340e+00, 
 2DIAGNOSTIC,    14, -4.673612569878e-01, 2.145847046553e-06, 3.4363e+01, 1.5085e+00, 
 2DIAGNOSTIC,    15, -4.673614109627e-01, 2.020503992922e-06, 3.5893e+01, 1.5302e+00, 
 2DIAGNOSTIC,    16, -4.673613696248e-01, 1.911769070315e-06, 3.7397e+01, 1.5036e+00, 
 2DIAGNOSTIC,    17, -4.673613303893e-01, 1.815556251554e-06, 3.8733e+01, 1.3365e+00, 
 2DIAGNOSTIC,    18, -4.673615406090e-01, 1.740043083065e-06, 4.0226e+01, 1.4924e+00, 
 2DIAGNOSTIC,    19, -4.673616474197e-01, 1.675488525262e-06, 4.2030e+01, 1.8047e+00, 
 2DIAGNOSTIC,    20, -4.673615798433e-01, 1.609412188262e-06, 4.3555e+01, 1.5243e+00, 
 2DIAGNOSTIC,    21, -4.673613962057e-01, 1.537656954341e-06, 4.5210e+01, 1.6557e+00, 
 2DIAGNOSTIC,    22, -4.673612063558e-01, 1.457341354587e-06, 4.6600e+01, 1.3896e+00, 
 2DIAGNOSTIC,    23, -4.673611311131e-01, 1.379063748988e-06, 4.8274e+01, 1.6743e+00, 
 2DIAGNOSTIC,    24, -4.673612587273e-01, 1.312114240516e-06, 4.9716e+01, 1.4413e+00, 
 2DIAGNOSTIC,    25, -4.673610925517e-01, 1.251425794629e-06, 5.1384e+01, 1.6686e+00, 
 2DIAGNOSTIC,    26, -4.673613466497e-01, 1.202697216630e-06, 5.2986e+01, 1.6020e+00, 
 2DIAGNOSTIC,    27, -4.673612858514e-01, 1.157084131162e-06, 5.4799e+01, 1.8126e+00, 
 2DIAGNOSTIC,    28, -4.673613088273e-01, 1.121711818770e-06, 5.6147e+01, 1.3487e+00, 
 2DIAGNOSTIC,    29, -4.673612444315e-01, 1.090987791511e-06, 5.7917e+01, 1.7694e+00, 
 2DIAGNOSTIC,    30, -4.673611695298e-01, 1.060070695787e-06, 5.9617e+01, 1.7001e+00, 
 2DIAGNOSTIC,    31, -4.673609909600e-01, 1.024166432141e-06, 6.1137e+01, 1.5200e+00, 
  Elapsed time (stage 0): 6.2000e+01


Total elapsed time: 6.2002e+01
Info [verificarlo]: loaded backend libinterflop_ieee.so
Info [interflop-ieee]: load backend with:
Info [interflop-ieee]: debug = false
Info [interflop-ieee]: debug-binary = false
Info [interflop-ieee]: no-backend-name = false
Info [interflop-ieee]: print-new-line = false
Info [interflop-ieee]: print-subnormal-normalized = false
Info [interflop-ieee]: count-op = false
All_Command_lines_OK
Using double precision for computations.
=============================================================================
The composite transform comprises the following transforms (in order): 
  1. /home/mdugre/scratch/mri-registration-rp/datasets/ds004513/derivatives/mri-registration-rp/0001/antsRegistration-r8-p18/sub-s035/rigid_Composite.h5[0] (type = Euler3DTransform)
  2. /home/mdugre/scratch/mri-registration-rp/datasets/ds004513/derivatives/mri-registration-rp/0001/antsRegistration-r8-p18/sub-s035/rigid_Composite.h5[1] (type = Euler3DTransform)
  3. /home/mdugre/scratch/mri-registration-rp/datasets/ds004513/derivatives/mri-registration-rp/0001/antsRegistration-r8-p18/sub-s035/rigid_Composite.h5[2] (type = Euler3DTransform)
=============================================================================
  number of levels = 4
  fixed image: /templateflow/tpl-MNI152NLin2009cAsym/tpl-MNI152NLin2009cAsym_res-01_desc-brain_T1w.nii.gz
  moving image: /home/mdugre/scratch/mri-registration-rp/datasets/ds004513/derivatives/mri-registration-rp/antsBrainExtraction/sub-s035/BrainExtractionBrain.nii.gz
Dimension = 3
Number of stages = 1
Use histogram matching = false
Winsorize image intensities = true
  Lower quantile = 0.005
  Upper quantile = 0.995


Stage 1 State
   Image metric = MattesMI
     Fixed image = Image (0x4d097e0)
  RTTI typeinfo:   itk::Image<double, 3u>
  Reference Count: 2
  Modified Time: 1592
  Debug: Off
  Object Name: 
  Observers: 
    none
  Source: (none)
  Source output name: (none)
  Release Data: Off
  Data Released: False
  Global Release Data: Off
  PipelineMTime: 0
  UpdateMTime: 1203
  RealTimeStamp: 0 seconds 
  LargestPossibleRegion: 
    Dimension: 3
    Index: [0, 0, 0]
    Size: [193, 229, 193]
  BufferedRegion: 
    Dimension: 3
    Index: [0, 0, 0]
    Size: [193, 229, 193]
  RequestedRegion: 
    Dimension: 3
    Index: [0, 0, 0]
    Size: [193, 229, 193]
  Spacing: [1, 1, 1]
  Origin: [96, 132, -78]
  Direction: 
-1 0 0
0 -1 0
0 0 1

  IndexToPointMatrix: 
-1 0 0
0 -1 0
0 0 1

  PointToIndexMatrix: 
-1 0 0
0 -1 0
0 0 1

  Inverse Direction: 
-1 0 0
0 -1 0
0 0 1

  PixelContainer: 
    ImportImageContainer (0x4dc9a20)
      RTTI typeinfo:   itk::ImportImageContainer<unsigned long, double>
      Reference Count: 1
      Modified Time: 1200
      Debug: Off
      Object Name: 
      Observers: 
        none
      Pointer: 0x14f984bc0010
      Container manages memory: true
      Size: 8530021
      Capacity: 8530021

     Moving image = Image (0x4dc4d70)
  RTTI typeinfo:   itk::Image<double, 3u>
  Reference Count: 2
  Modified Time: 1593
  Debug: Off
  Object Name: 
  Observers: 
    none
  Source: (none)
  Source output name: (none)
  Release Data: Off
  Data Released: False
  Global Release Data: Off
  PipelineMTime: 0
  UpdateMTime: 1590
  RealTimeStamp: 0 seconds 
  LargestPossibleRegion: 
    Dimension: 3
    Index: [0, 0, 0]
    Size: [160, 240, 256]
  BufferedRegion: 
    Dimension: 3
    Index: [0, 0, 0]
    Size: [160, 240, 256]
  RequestedRegion: 
    Dimension: 3
    Index: [0, 0, 0]
    Size: [160, 240, 256]
  Spacing: [1, 1, 1]
  Origin: [98.6438, 87.6358, -117.989]
  Direction: 
-0.993515 -0.100993 -0.0522355
0.100854 -0.994887 0.00530255
-0.0525039 1.93537e-08 0.998621

  IndexToPointMatrix: 
-0.993515 -0.100993 -0.0522355
0.100854 -0.994887 0.00530255
-0.0525039 1.93537e-08 0.998621

  PointToIndexMatrix: 
-0.993515 0.100854 -0.0525039
-0.100993 -0.994887 1.93006e-08
-0.0522355 0.00530255 0.998621

  Inverse Direction: 
-0.993515 0.100854 -0.0525039
-0.100993 -0.994887 1.93006e-08
-0.0522355 0.00530255 0.998621

  PixelContainer: 
    ImportImageContainer (0x4d7cc90)
      RTTI typeinfo:   itk::ImportImageContainer<unsigned long, double>
      Reference Count: 1
      Modified Time: 1587
      Debug: Off
      Object Name: 
      Observers: 
        none
      Pointer: 0x14f9800bf010
      Container manages memory: true
      Size: 9830400
      Capacity: 9830400

     Weighting = 1
     Sampling strategy = regular
     Number of bins = 32
     Radius = 4
     Sampling percentage  = 0.25
   Transform = Affine
     Gradient step = 0.1
     Update field sigma (voxel space) = 0
     Total field sigma (voxel space) = 0
     Update field time sigma = 0
     Total field time sigma  = 0
     Number of time indices = 0
     Number of time point samples = 0
Registration using 1 total stages.

Stage 0
  iterations = 1000x500x250x100
  convergence threshold = 1e-06
  convergence window size = 10
  number of levels = 4
  using the Mattes MI metric (number of bins = 32, weight = 1, use gradient filter = 0)
  preprocessing:  winsorizing the image intensities
  Shrink factors (level 1 out of 4): [8, 8, 8]
  Shrink factors (level 2 out of 4): [4, 4, 4]
  Shrink factors (level 3 out of 4): [2, 2, 2]
  Shrink factors (level 4 out of 4): [1, 1, 1]
  smoothing sigmas per level: [3, 2, 1, 0]
  regular sampling (percentage = 0.25)

*** Running AffineTransform registration ***

DIAGNOSTIC,Iteration,metricValue,convergenceValue,ITERATION_TIME_INDEX,SINCE_LAST
 2DIAGNOSTIC,     1, -6.758947668964e-01, 1.797693134862e+308, 8.0018e-01, 8.0018e-01, 
 2DIAGNOSTIC,     2, -6.779073102219e-01, 1.797693134862e+308, 8.0528e-01, 5.1060e-03, 
 2DIAGNOSTIC,     3, -6.813932949755e-01, 1.797693134862e+308, 8.1009e-01, 4.8089e-03, 
 2DIAGNOSTIC,     4, -6.863924217617e-01, 1.797693134862e+308, 8.1485e-01, 4.7610e-03, 
 2DIAGNOSTIC,     5, -6.943507618636e-01, 1.797693134862e+308, 8.1966e-01, 4.8060e-03, 
 2DIAGNOSTIC,     6, -7.057575417929e-01, 1.797693134862e+308, 8.2466e-01, 5.0030e-03, 
 2DIAGNOSTIC,     7, -7.176619489740e-01, 1.797693134862e+308, 8.3045e-01, 5.7871e-03, 
 2DIAGNOSTIC,     8, -7.357621404189e-01, 1.797693134862e+308, 8.4132e-01, 1.0873e-02, 
 2DIAGNOSTIC,     9, -7.358806407956e-01, 1.797693134862e+308, 8.4670e-01, 5.3821e-03, 
 2DIAGNOSTIC,    10, -7.358581541340e-01, 6.668639328821e-03, 8.5235e-01, 5.6500e-03, 
 2DIAGNOSTIC,    11, -7.358347698012e-01, 5.902571596777e-03, 8.5800e-01, 5.6500e-03, 
 2DIAGNOSTIC,    12, -7.357997982080e-01, 4.800308746492e-03, 8.6329e-01, 5.2900e-03, 
 2DIAGNOSTIC,    13, -7.357627405714e-01, 3.540803373410e-03, 8.6871e-01, 5.4131e-03, 
 2DIAGNOSTIC,    14, -7.357358950598e-01, 2.288640228728e-03, 8.7354e-01, 4.8349e-03, 
 2DIAGNOSTIC,    15, -7.357585890463e-01, 1.214398827605e-03, 8.7870e-01, 5.1570e-03, 
 2DIAGNOSTIC,    16, -7.358796390214e-01, 4.499352394702e-04, 8.8344e-01, 4.7412e-03, 
DIAGNOSTIC,Iteration,metricValue,convergenceValue,ITERATION_TIME_INDEX,SINCE_LAST
 2DIAGNOSTIC,     1, -6.054042191882e-01, 1.797693134862e+308, 1.6632e+00, 7.7980e-01, 
 2DIAGNOSTIC,     2, -6.062888461981e-01, 1.797693134862e+308, 1.7055e+00, 4.2234e-02, 
 2DIAGNOSTIC,     3, -6.075530568433e-01, 1.797693134862e+308, 1.7420e+00, 3.6518e-02, 
 2DIAGNOSTIC,     4, -6.090553561493e-01, 1.797693134862e+308, 1.7783e+00, 3.6303e-02, 
 2DIAGNOSTIC,     5, -6.101915425074e-01, 1.797693134862e+308, 1.8157e+00, 3.7432e-02, 
 2DIAGNOSTIC,     6, -6.106143375091e-01, 1.797693134862e+308, 1.8597e+00, 4.3990e-02, 
 2DIAGNOSTIC,     7, -6.108935767077e-01, 1.797693134862e+308, 1.9044e+00, 4.4719e-02, 
 2DIAGNOSTIC,     8, -6.109707818498e-01, 1.797693134862e+308, 1.9464e+00, 4.1988e-02, 
 2DIAGNOSTIC,     9, -6.109727120618e-01, 1.797693134862e+308, 1.9884e+00, 4.2002e-02, 
 2DIAGNOSTIC,    10, -6.109571065701e-01, 6.082958219759e-04, 2.0311e+00, 4.2726e-02, 
 2DIAGNOSTIC,    11, -6.109399316606e-01, 4.006042003043e-04, 2.0913e+00, 6.0147e-02, 
 2DIAGNOSTIC,    12, -6.109368819259e-01, 2.259786242285e-04, 2.1384e+00, 4.7121e-02, 
 2DIAGNOSTIC,    13, -6.108981610145e-01, 1.011551243050e-04, 2.1821e+00, 4.3633e-02, 
 2DIAGNOSTIC,    14, -6.109047881734e-01, 3.472427474159e-05, 2.2269e+00, 4.4847e-02, 
 2DIAGNOSTIC,    15, -6.108819404174e-01, 8.550807295088e-06, 2.2664e+00, 3.9546e-02, 
DIAGNOSTIC,Iteration,metricValue,convergenceValue,ITERATION_TIME_INDEX,SINCE_LAST
 2DIAGNOSTIC,     1, -5.351213005237e-01, 1.797693134862e+308, 3.4196e+00, 1.1531e+00, 
 2DIAGNOSTIC,     2, -5.355374226095e-01, 1.797693134862e+308, 3.6850e+00, 2.6540e-01, 
 2DIAGNOSTIC,     3, -5.358877964183e-01, 1.797693134862e+308, 3.9841e+00, 2.9908e-01, 
 2DIAGNOSTIC,     4, -5.360801096476e-01, 1.797693134862e+308, 4.2804e+00, 2.9636e-01, 
 2DIAGNOSTIC,     5, -5.360784556347e-01, 1.797693134862e+308, 4.5792e+00, 2.9877e-01, 
 2DIAGNOSTIC,     6, -5.360621213863e-01, 1.797693134862e+308, 5.0648e+00, 4.8565e-01, 
 2DIAGNOSTIC,     7, -5.360660219626e-01, 1.797693134862e+308, 5.4279e+00, 3.6303e-01, 
 2DIAGNOSTIC,     8, -5.360659790297e-01, 1.797693134862e+308, 5.7760e+00, 3.4817e-01, 
 2DIAGNOSTIC,     9, -5.360651168768e-01, 1.797693134862e+308, 6.1373e+00, 3.6124e-01, 
 2DIAGNOSTIC,    10, -5.360657353469e-01, 8.385943847988e-05, 6.4182e+00, 2.8095e-01, 
 2DIAGNOSTIC,    11, -5.360647805257e-01, 3.505350342015e-05, 6.7762e+00, 3.5795e-01, 
 2DIAGNOSTIC,    12, -5.360653486177e-01, 9.572935668486e-06, 7.1060e+00, 3.2981e-01, 
 2DIAGNOSTIC,    13, -5.360647664272e-01, 1.419476389999e-06, 7.4583e+00, 3.5236e-01, 
 2DIAGNOSTIC,    14, -5.360633620994e-01, 1.753207520924e-06, 7.7896e+00, 3.3124e-01, 
 2DIAGNOSTIC,    15, -5.360628874395e-01, 2.034170662621e-06, 8.1179e+00, 3.2831e-01, 
 2DIAGNOSTIC,    16, -5.360616380186e-01, 1.700982048866e-06, 8.4402e+00, 3.2233e-01, 
 2DIAGNOSTIC,    17, -5.360601241178e-01, 1.508048374163e-06, 8.6918e+00, 2.5154e-01, 
 2DIAGNOSTIC,    18, -5.360609433773e-01, 1.394475129604e-06, 8.9629e+00, 2.7110e-01, 
 2DIAGNOSTIC,    19, -5.360613259474e-01, 1.312524228581e-06, 9.2905e+00, 3.2759e-01, 
 2DIAGNOSTIC,    20, -5.360572990186e-01, 1.182489234017e-06, 9.6101e+00, 3.1969e-01, 
 2DIAGNOSTIC,    21, -5.360580327729e-01, 1.100202428633e-06, 9.9255e+00, 3.1536e-01, 
 2DIAGNOSTIC,    22, -5.360590935258e-01, 1.102318276526e-06, 1.0273e+01, 3.4771e-01, 
 2DIAGNOSTIC,    23, -5.360594223202e-01, 1.128669559744e-06, 1.0592e+01, 3.1895e-01, 
 2DIAGNOSTIC,    24, -5.360570046765e-01, 1.092132044196e-06, 1.0919e+01, 3.2642e-01, 
 2DIAGNOSTIC,    25, -5.360573965650e-01, 1.082606618900e-06, 1.1219e+01, 3.0077e-01, 
 2DIAGNOSTIC,    26, -5.360567849767e-01, 1.054201055270e-06, 1.1487e+01, 2.6763e-01, 
DIAGNOSTIC,Iteration,metricValue,convergenceValue,ITERATION_TIME_INDEX,SINCE_LAST
 2DIAGNOSTIC,     1, -4.911991643083e-01, 1.797693134862e+308, 1.4314e+01, 2.8270e+00, 
 2DIAGNOSTIC,     2, -4.914376140043e-01, 1.797693134862e+308, 1.6099e+01, 1.7855e+00, 
 2DIAGNOSTIC,     3, -4.917047380313e-01, 1.797693134862e+308, 1.7869e+01, 1.7692e+00, 
 2DIAGNOSTIC,     4, -4.919520123513e-01, 1.797693134862e+308, 1.9504e+01, 1.6351e+00, 
 2DIAGNOSTIC,     5, -4.920878112775e-01, 1.797693134862e+308, 2.1369e+01, 1.8647e+00, 
 2DIAGNOSTIC,     6, -4.922456968518e-01, 1.797693134862e+308, 2.4175e+01, 2.8067e+00, 
 2DIAGNOSTIC,     7, -4.922564169082e-01, 1.797693134862e+308, 2.5924e+01, 1.7488e+00, 
 2DIAGNOSTIC,     8, -4.922797361382e-01, 1.797693134862e+308, 2.7867e+01, 1.9427e+00, 
 2DIAGNOSTIC,     9, -4.922929207609e-01, 1.797693134862e+308, 3.0254e+01, 2.3874e+00, 
 2DIAGNOSTIC,    10, -4.922918118217e-01, 1.425073960961e-04, 3.3447e+01, 3.1933e+00, 
 2DIAGNOSTIC,    11, -4.922918965472e-01, 9.205526659564e-05, 3.5394e+01, 1.9469e+00, 
 2DIAGNOSTIC,    12, -4.922917516299e-01, 5.334259547338e-05, 3.7271e+01, 1.8766e+00, 
