
##########################
# Experiment information #
##########################

EXPERIMENT_NAME: antsRegistration-r8-p9
VFC_BACKENDS: libinterflop_vprec.so --range-binary32=8 --precision-binary32=9 --range-binary64=8 --precision-binary64=9

SIF_IMG: /home/mdugre/projects/rrg-glatard/mdugre/containers/ants-vprec-no_metrics.simg

SUBJECT_ID: s014
INPUT_IMG: /home/mdugre/scratch/mri-registration-rp/datasets/ds004513/derivatives/mri-registration-rp/antsBrainExtraction/sub-s014/BrainExtractionBrain.nii.gz
OUTPUT_DIR: /home/mdugre/scratch/mri-registration-rp/datasets/ds004513/derivatives/mri-registration-rp/0001/antsRegistration-r8-p9/sub-s014

FIXED_IMG: /templateflow/tpl-MNI152NLin2009cAsym/tpl-MNI152NLin2009cAsym_res-01_desc-brain_T1w.nii.gz
DATA_DIR: /home/mdugre/scratch/mri-registration-rp/datasets/ds004513
TEMPLATEFLOW_DIR: /home/mdugre/projects/rrg-glatard/mdugre/templateflow
ITK_GLOBAL_DEFAULT_NUMBER_OF_THREADS: 16
##########################

Info [verificarlo]: loaded backend libinterflop_ieee.so
Info [interflop-ieee]: load backend with:
Info [interflop-ieee]: debug = false
Info [interflop-ieee]: debug-binary = false
Info [interflop-ieee]: no-backend-name = false
Info [interflop-ieee]: print-new-line = false
Info [interflop-ieee]: print-subnormal-normalized = false
Info [interflop-ieee]: count-op = false
All_Command_lines_OK
Using double precision for computations.
=============================================================================
The composite transform comprises the following transforms (in order): 
  1. Center of mass alignment using fixed image: /templateflow/tpl-MNI152NLin2009cAsym/tpl-MNI152NLin2009cAsym_res-01_desc-brain_T1w.nii.gz and moving image: /home/mdugre/scratch/mri-registration-rp/datasets/ds004513/derivatives/mri-registration-rp/antsBrainExtraction/sub-s014/BrainExtractionBrain.nii.gz (type = Euler3DTransform)
=============================================================================
  number of levels = 1
  fixed image: /templateflow/tpl-MNI152NLin2009cAsym/tpl-MNI152NLin2009cAsym_res-01_desc-brain_T1w.nii.gz
  moving image: /home/mdugre/scratch/mri-registration-rp/datasets/ds004513/derivatives/mri-registration-rp/antsBrainExtraction/sub-s014/BrainExtractionBrain.nii.gz
Dimension = 3
Number of stages = 1
Use histogram matching = false
Winsorize image intensities = true
  Lower quantile = 0.005
  Upper quantile = 0.995


Stage 1 State
   Image metric = MattesMI
     Fixed image = Image (0x4cefbd0)
  RTTI typeinfo:   itk::Image<double, 3u>
  Reference Count: 2
  Modified Time: 2334
  Debug: Off
  Object Name: 
  Observers: 
    none
  Source: (none)
  Source output name: (none)
  Release Data: Off
  Data Released: False
  Global Release Data: Off
  PipelineMTime: 0
  UpdateMTime: 1943
  RealTimeStamp: 0 seconds 
  LargestPossibleRegion: 
    Dimension: 3
    Index: [0, 0, 0]
    Size: [193, 229, 193]
  BufferedRegion: 
    Dimension: 3
    Index: [0, 0, 0]
    Size: [193, 229, 193]
  RequestedRegion: 
    Dimension: 3
    Index: [0, 0, 0]
    Size: [193, 229, 193]
  Spacing: [1, 1, 1]
  Origin: [96, 132, -78]
  Direction: 
-1 0 0
0 -1 0
0 0 1

  IndexToPointMatrix: 
-1 0 0
0 -1 0
0 0 1

  PointToIndexMatrix: 
-1 0 0
0 -1 0
0 0 1

  Inverse Direction: 
-1 0 0
0 -1 0
0 0 1

  PixelContainer: 
    ImportImageContainer (0x4d47930)
      RTTI typeinfo:   itk::ImportImageContainer<unsigned long, double>
      Reference Count: 1
      Modified Time: 1940
      Debug: Off
      Object Name: 
      Observers: 
        none
      Pointer: 0x146b4cc96010
      Container manages memory: true
      Size: 8530021
      Capacity: 8530021

     Moving image = Image (0x4ddf610)
  RTTI typeinfo:   itk::Image<double, 3u>
  Reference Count: 2
  Modified Time: 2335
  Debug: Off
  Object Name: 
  Observers: 
    none
  Source: (none)
  Source output name: (none)
  Release Data: Off
  Data Released: False
  Global Release Data: Off
  PipelineMTime: 0
  UpdateMTime: 2332
  RealTimeStamp: 0 seconds 
  LargestPossibleRegion: 
    Dimension: 3
    Index: [0, 0, 0]
    Size: [160, 240, 256]
  BufferedRegion: 
    Dimension: 3
    Index: [0, 0, 0]
    Size: [160, 240, 256]
  RequestedRegion: 
    Dimension: 3
    Index: [0, 0, 0]
    Size: [160, 240, 256]
  Spacing: [0.999999, 1, 1]
  Origin: [84.1637, 106.709, -120.531]
  Direction: 
-0.999619 -0.0226874 -0.0157033
0.0226846 -0.999743 0.00035635
-0.0157073 -7.8229e-09 0.999877

  IndexToPointMatrix: 
-0.999619 -0.0226874 -0.0157033
0.0226845 -0.999743 0.00035635
-0.0157073 -7.8229e-09 0.999877

  PointToIndexMatrix: 
-0.99962 0.0226846 -0.0157073
-0.0226874 -0.999743 -7.83127e-09
-0.0157033 0.00035635 0.999877

  Inverse Direction: 
-0.999619 0.0226846 -0.0157073
-0.0226874 -0.999743 -7.83127e-09
-0.0157033 0.00035635 0.999877

  PixelContainer: 
    ImportImageContainer (0x4d1f850)
      RTTI typeinfo:   itk::ImportImageContainer<unsigned long, double>
      Reference Count: 1
      Modified Time: 2329
      Debug: Off
      Object Name: 
      Observers: 
        none
      Pointer: 0x146b48195010
      Container manages memory: true
      Size: 9830400
      Capacity: 9830400

     Weighting = 1
     Sampling strategy = regular
     Number of bins = 32
     Radius = 4
     Sampling percentage  = 0.25
   Transform = Rigid
     Gradient step = 0.1
     Update field sigma (voxel space) = 0
     Total field sigma (voxel space) = 0
     Update field time sigma = 0
     Total field time sigma  = 0
     Number of time indices = 0
     Number of time point samples = 0
Registration using 1 total stages.

Stage 0
  iterations = 0
  convergence threshold = 1e-06
  convergence window size = 10
  number of levels = 1
  using the Mattes MI metric (number of bins = 32, weight = 1, use gradient filter = 0)
  preprocessing:  winsorizing the image intensities
  Shrink factors (level 1 out of 1): [1, 1, 1]
  smoothing sigmas per level: [0]
  regular sampling (percentage = 0.25)

*** Running Euler3DTransform registration ***

  Elapsed time (stage 0): 1.12089


Total elapsed time: 1.1234
Info [verificarlo]: loaded backend libinterflop_ieee.so
Info [interflop-ieee]: load backend with:
Info [interflop-ieee]: debug = false
Info [interflop-ieee]: debug-binary = false
Info [interflop-ieee]: no-backend-name = false
Info [interflop-ieee]: print-new-line = false
Info [interflop-ieee]: print-subnormal-normalized = false
Info [interflop-ieee]: count-op = false
All_Command_lines_OK
Using double precision for computations.
=============================================================================
The composite transform comprises the following transforms (in order): 
  1. /home/mdugre/scratch/mri-registration-rp/datasets/ds004513/derivatives/mri-registration-rp/0001/antsRegistration-r8-p9/sub-s014/align_Composite.h5[0] (type = Euler3DTransform)
  2. /home/mdugre/scratch/mri-registration-rp/datasets/ds004513/derivatives/mri-registration-rp/0001/antsRegistration-r8-p9/sub-s014/align_Composite.h5[1] (type = Euler3DTransform)
=============================================================================
  number of levels = 4
  fixed image: /templateflow/tpl-MNI152NLin2009cAsym/tpl-MNI152NLin2009cAsym_res-01_desc-brain_T1w.nii.gz
  moving image: /home/mdugre/scratch/mri-registration-rp/datasets/ds004513/derivatives/mri-registration-rp/antsBrainExtraction/sub-s014/BrainExtractionBrain.nii.gz
Dimension = 3
Number of stages = 1
Use histogram matching = false
Winsorize image intensities = true
  Lower quantile = 0.005
  Upper quantile = 0.995


Stage 1 State
   Image metric = MattesMI
     Fixed image = Image (0x4cc1530)
  RTTI typeinfo:   itk::Image<double, 3u>
  Reference Count: 2
  Modified Time: 1580
  Debug: Off
  Object Name: 
  Observers: 
    none
  Source: (none)
  Source output name: (none)
  Release Data: Off
  Data Released: False
  Global Release Data: Off
  PipelineMTime: 0
  UpdateMTime: 1189
  RealTimeStamp: 0 seconds 
  LargestPossibleRegion: 
    Dimension: 3
    Index: [0, 0, 0]
    Size: [193, 229, 193]
  BufferedRegion: 
    Dimension: 3
    Index: [0, 0, 0]
    Size: [193, 229, 193]
  RequestedRegion: 
    Dimension: 3
    Index: [0, 0, 0]
    Size: [193, 229, 193]
  Spacing: [1, 1, 1]
  Origin: [96, 132, -78]
  Direction: 
-1 0 0
0 -1 0
0 0 1

  IndexToPointMatrix: 
-1 0 0
0 -1 0
0 0 1

  PointToIndexMatrix: 
-1 0 0
0 -1 0
0 0 1

  Inverse Direction: 
-1 0 0
0 -1 0
0 0 1

  PixelContainer: 
    ImportImageContainer (0x4d7fd60)
      RTTI typeinfo:   itk::ImportImageContainer<unsigned long, double>
      Reference Count: 1
      Modified Time: 1186
      Debug: Off
      Object Name: 
      Observers: 
        none
      Pointer: 0x15070642f010
      Container manages memory: true
      Size: 8530021
      Capacity: 8530021

     Moving image = Image (0x4d71f60)
  RTTI typeinfo:   itk::Image<double, 3u>
  Reference Count: 2
  Modified Time: 1581
  Debug: Off
  Object Name: 
  Observers: 
    none
  Source: (none)
  Source output name: (none)
  Release Data: Off
  Data Released: False
  Global Release Data: Off
  PipelineMTime: 0
  UpdateMTime: 1578
  RealTimeStamp: 0 seconds 
  LargestPossibleRegion: 
    Dimension: 3
    Index: [0, 0, 0]
    Size: [160, 240, 256]
  BufferedRegion: 
    Dimension: 3
    Index: [0, 0, 0]
    Size: [160, 240, 256]
  RequestedRegion: 
    Dimension: 3
    Index: [0, 0, 0]
    Size: [160, 240, 256]
  Spacing: [0.999999, 1, 1]
  Origin: [84.1637, 106.709, -120.531]
  Direction: 
-0.999619 -0.0226874 -0.0157033
0.0226846 -0.999743 0.00035635
-0.0157073 -7.8229e-09 0.999877

  IndexToPointMatrix: 
-0.999619 -0.0226874 -0.0157033
0.0226845 -0.999743 0.00035635
-0.0157073 -7.8229e-09 0.999877

  PointToIndexMatrix: 
-0.99962 0.0226846 -0.0157073
-0.0226874 -0.999743 -7.83127e-09
-0.0157033 0.00035635 0.999877

  Inverse Direction: 
-0.999619 0.0226846 -0.0157073
-0.0226874 -0.999743 -7.83127e-09
-0.0157033 0.00035635 0.999877

  PixelContainer: 
    ImportImageContainer (0x4d636d0)
      RTTI typeinfo:   itk::ImportImageContainer<unsigned long, double>
      Reference Count: 1
      Modified Time: 1575
      Debug: Off
      Object Name: 
      Observers: 
        none
      Pointer: 0x15070192e010
      Container manages memory: true
      Size: 9830400
      Capacity: 9830400

     Weighting = 1
     Sampling strategy = regular
     Number of bins = 32
     Radius = 4
     Sampling percentage  = 0.25
   Transform = Rigid
     Gradient step = 0.1
     Update field sigma (voxel space) = 0
     Total field sigma (voxel space) = 0
     Update field time sigma = 0
     Total field time sigma  = 0
     Number of time indices = 0
     Number of time point samples = 0
Registration using 1 total stages.

Stage 0
  iterations = 1000x500x250x100
  convergence threshold = 1e-06
  convergence window size = 10
  number of levels = 4
  using the Mattes MI metric (number of bins = 32, weight = 1, use gradient filter = 0)
  preprocessing:  winsorizing the image intensities
  Shrink factors (level 1 out of 4): [8, 8, 8]
  Shrink factors (level 2 out of 4): [4, 4, 4]
  Shrink factors (level 3 out of 4): [2, 2, 2]
  Shrink factors (level 4 out of 4): [1, 1, 1]
  smoothing sigmas per level: [3, 2, 1, 0]
  regular sampling (percentage = 0.25)

*** Running Euler3DTransform registration ***

DIAGNOSTIC,Iteration,metricValue,convergenceValue,ITERATION_TIME_INDEX,SINCE_LAST
 2DIAGNOSTIC,     1, -4.770821406565e-01, 1.797693134862e+308, 7.0822e-01, 7.0822e-01, 
 2DIAGNOSTIC,     2, -4.784216133942e-01, 1.797693134862e+308, 7.1269e-01, 4.4699e-03, 
 2DIAGNOSTIC,     3, -4.807043200681e-01, 1.797693134862e+308, 7.1699e-01, 4.2961e-03, 
 2DIAGNOSTIC,     4, -4.840264478065e-01, 1.797693134862e+308, 7.2100e-01, 4.0100e-03, 
 2DIAGNOSTIC,     5, -4.883050305770e-01, 1.797693134862e+308, 7.2515e-01, 4.1571e-03, 
 2DIAGNOSTIC,     6, -4.953560426371e-01, 1.797693134862e+308, 7.3022e-01, 5.0640e-03, 
 2DIAGNOSTIC,     7, -5.007350570384e-01, 1.797693134862e+308, 7.3445e-01, 4.2360e-03, 
 2DIAGNOSTIC,     8, -5.013278569503e-01, 1.797693134862e+308, 7.3893e-01, 4.4742e-03, 
 2DIAGNOSTIC,     9, -5.085255256006e-01, 1.797693134862e+308, 7.4390e-01, 4.9760e-03, 
 2DIAGNOSTIC,    10, -5.161992633656e-01, 5.125196520979e-03, 7.5026e-01, 6.3550e-03, 
 2DIAGNOSTIC,    11, -5.167072941437e-01, 4.879252931146e-03, 7.5468e-01, 4.4231e-03, 
 2DIAGNOSTIC,    12, -5.203629876260e-01, 4.481282734468e-03, 7.5911e-01, 4.4301e-03, 
 2DIAGNOSTIC,    13, -5.229718709777e-01, 3.958672533579e-03, 7.6351e-01, 4.3950e-03, 
 2DIAGNOSTIC,    14, -5.250338110829e-01, 3.368007801722e-03, 7.6855e-01, 5.0478e-03, 
 2DIAGNOSTIC,    15, -5.272078697647e-01, 2.786121483390e-03, 7.7511e-01, 6.5579e-03, 
 2DIAGNOSTIC,    16, -5.275715603977e-01, 2.284098302163e-03, 7.7947e-01, 4.3561e-03, 
 2DIAGNOSTIC,    17, -5.282507656511e-01, 1.839921123739e-03, 7.8377e-01, 4.3001e-03, 
 2DIAGNOSTIC,    18, -5.289722876065e-01, 1.313912041896e-03, 7.8870e-01, 4.9298e-03, 
 2DIAGNOSTIC,    19, -5.292207410111e-01, 9.370568707345e-04, 7.9343e-01, 4.7359e-03, 
 2DIAGNOSTIC,    20, -5.294476960672e-01, 7.341365573343e-04, 7.9815e-01, 4.7159e-03, 
 2DIAGNOSTIC,    21, -5.294955840903e-01, 4.966190831879e-04, 8.0244e-01, 4.2889e-03, 
 2DIAGNOSTIC,    22, -5.295366245031e-01, 3.281311959339e-04, 8.0718e-01, 4.7431e-03, 
 2DIAGNOSTIC,    23, -5.295376311909e-01, 2.063244245671e-04, 8.1184e-01, 4.6570e-03, 
 2DIAGNOSTIC,    24, -5.295911249027e-01, 1.234508389556e-04, 8.1655e-01, 4.7081e-03, 
 2DIAGNOSTIC,    25, -5.296271130647e-01, 8.499150549789e-05, 8.2127e-01, 4.7250e-03, 
 2DIAGNOSTIC,    26, -5.296539599385e-01, 4.983583932638e-05, 8.2546e-01, 4.1909e-03, 
 2DIAGNOSTIC,    27, -5.297704229811e-01, 2.877322816126e-05, 8.2968e-01, 4.2179e-03, 
 2DIAGNOSTIC,    28, -5.299884954871e-01, 2.504887533359e-05, 8.3545e-01, 5.7712e-03, 
 2DIAGNOSTIC,    29, -5.300854192463e-01, 2.569611953831e-05, 8.4009e-01, 4.6329e-03, 
 2DIAGNOSTIC,    30, -5.300410324622e-01, 2.732899345825e-05, 8.4426e-01, 4.1709e-03, 
 2DIAGNOSTIC,    31, -5.300376932143e-01, 2.724560549798e-05, 8.4849e-01, 4.2329e-03, 
 2DIAGNOSTIC,    32, -5.301686264233e-01, 2.763232919904e-05, 8.5277e-01, 4.2820e-03, 
 2DIAGNOSTIC,    33, -5.303926738418e-01, 2.905769096793e-05, 8.5810e-01, 5.3301e-03, 
 2DIAGNOSTIC,    34, -5.304519664598e-01, 2.945835347748e-05, 8.6356e-01, 5.4579e-03, 
 2DIAGNOSTIC,    35, -5.305073139181e-01, 2.868169327433e-05, 8.6782e-01, 4.2629e-03, 
 2DIAGNOSTIC,    36, -5.305686017146e-01, 2.670517372024e-05, 8.7235e-01, 4.5302e-03, 
 2DIAGNOSTIC,    37, -5.306602858940e-01, 2.533264911170e-05, 8.7817e-01, 5.8150e-03, 
 2DIAGNOSTIC,    38, -5.306881156229e-01, 2.512162424126e-05, 8.8249e-01, 4.3249e-03, 
 2DIAGNOSTIC,    39, -5.307317416633e-01, 2.461885297999e-05, 8.8675e-01, 4.2610e-03, 
 2DIAGNOSTIC,    40, -5.308225091353e-01, 2.257034275981e-05, 8.9263e-01, 5.8770e-03, 
 2DIAGNOSTIC,    41, -5.308460424124e-01, 1.877385526292e-05, 8.9704e-01, 4.4150e-03, 
 2DIAGNOSTIC,    42, -5.308561837321e-01, 1.520831957827e-05, 9.0146e-01, 4.4129e-03, 
 2DIAGNOSTIC,    43, -5.308777649273e-01, 1.355835177826e-05, 9.0565e-01, 4.1928e-03, 
 2DIAGNOSTIC,    44, -5.309114036110e-01, 1.190613944986e-05, 9.0989e-01, 4.2419e-03, 
 2DIAGNOSTIC,    45, -5.310262965518e-01, 1.129423567190e-05, 9.1699e-01, 7.1011e-03, 
 2DIAGNOSTIC,    46, -5.310374074445e-01, 1.049838942555e-05, 9.2118e-01, 4.1881e-03, 
 2DIAGNOSTIC,    47, -5.310434720121e-01, 9.962263454320e-06, 9.2546e-01, 4.2820e-03, 
 2DIAGNOSTIC,    48, -5.310518853633e-01, 8.989886109714e-06, 9.2971e-01, 4.2429e-03, 
 2DIAGNOSTIC,    49, -5.310584329536e-01, 7.783359502966e-06, 9.3528e-01, 5.5699e-03, 
 2DIAGNOSTIC,    50, -5.310645817646e-01, 6.973833584265e-06, 9.4104e-01, 5.7621e-03, 
 2DIAGNOSTIC,    51, -5.310656430617e-01, 5.851695600589e-06, 9.4536e-01, 4.3201e-03, 
 2DIAGNOSTIC,    52, -5.310738190001e-01, 4.481863509792e-06, 9.5032e-01, 4.9610e-03, 
 2DIAGNOSTIC,    53, -5.310768127969e-01, 3.049471521473e-06, 9.5469e-01, 4.3721e-03, 
 2DIAGNOSTIC,    54, -5.310775506016e-01, 1.750844720223e-06, 9.5912e-01, 4.4329e-03, 
 2DIAGNOSTIC,    55, -5.310817434211e-01, 1.565716413080e-06, 9.6348e-01, 4.3559e-03, 
 2DIAGNOSTIC,    56, -5.310870994121e-01, 1.452195857503e-06, 9.6826e-01, 4.7798e-03, 
 2DIAGNOSTIC,    57, -5.310885232962e-01, 1.327089154894e-06, 9.7314e-01, 4.8759e-03, 
 2DIAGNOSTIC,    58, -5.310914487850e-01, 1.238639651024e-06, 9.7800e-01, 4.8649e-03, 
 2DIAGNOSTIC,    59, -5.311015678587e-01, 1.240623596556e-06, 9.8337e-01, 5.3730e-03, 
 2DIAGNOSTIC,    60, -5.311021904297e-01, 1.235244578904e-06, 9.8778e-01, 4.4091e-03, 
 2DIAGNOSTIC,    61, -5.311059901820e-01, 1.204917779100e-06, 1.0016e+00, 1.3776e-02, 
 2DIAGNOSTIC,    62, -5.311059901659e-01, 1.182103197384e-06, 1.0152e+00, 1.3643e-02, 
 2DIAGNOSTIC,    63, -5.311059901659e-01, 1.122797857814e-06, 1.0200e+00, 4.8420e-03, 
 2DIAGNOSTIC,    64, -5.311059901659e-01, 1.011506956517e-06, 1.0264e+00, 6.3181e-03, 
DIAGNOSTIC,Iteration,metricValue,convergenceValue,ITERATION_TIME_INDEX,SINCE_LAST
 2DIAGNOSTIC,     1, -4.295258231625e-01, 1.797693134862e+308, 1.7695e+00, 7.4313e-01, 
 2DIAGNOSTIC,     2, -4.302859640432e-01, 1.797693134862e+308, 1.7994e+00, 2.9858e-02, 
 2DIAGNOSTIC,     3, -4.309651196675e-01, 1.797693134862e+308, 1.8309e+00, 3.1574e-02, 
 2DIAGNOSTIC,     4, -4.317164347764e-01, 1.797693134862e+308, 1.8618e+00, 3.0853e-02, 
 2DIAGNOSTIC,     5, -4.325561938345e-01, 1.797693134862e+308, 1.8932e+00, 3.1466e-02, 
 2DIAGNOSTIC,     6, -4.341819580778e-01, 1.797693134862e+308, 1.9258e+00, 3.2574e-02, 
 2DIAGNOSTIC,     7, -4.354327949460e-01, 1.797693134862e+308, 1.9601e+00, 3.4310e-02, 
 2DIAGNOSTIC,     8, -4.367134834400e-01, 1.797693134862e+308, 1.9989e+00, 3.8741e-02, 
 2DIAGNOSTIC,     9, -4.377076816052e-01, 1.797693134862e+308, 2.0447e+00, 4.5805e-02, 
 2DIAGNOSTIC,    10, -4.379510214292e-01, 1.375954781895e-03, 2.0764e+00, 3.1724e-02, 
 2DIAGNOSTIC,    11, -4.381306699705e-01, 1.211218579673e-03, 2.1117e+00, 3.5314e-02, 
 2DIAGNOSTIC,    12, -4.403708091230e-01, 1.128184042322e-03, 2.1489e+00, 3.7206e-02, 
 2DIAGNOSTIC,    13, -4.435986505924e-01, 1.148562288877e-03, 2.1898e+00, 4.0850e-02, 
 2DIAGNOSTIC,    14, -4.436199448359e-01, 1.094787363971e-03, 2.2175e+00, 2.7699e-02, 
 2DIAGNOSTIC,    15, -4.445052017710e-01, 1.025845795832e-03, 2.2491e+00, 3.1657e-02, 
 2DIAGNOSTIC,    16, -4.479362667404e-01, 1.077370594906e-03, 2.2958e+00, 4.6672e-02, 
 2DIAGNOSTIC,    17, -4.481475950972e-01, 1.073587592945e-03, 2.3324e+00, 3.6603e-02, 
 2DIAGNOSTIC,    18, -4.482020490542e-01, 1.018146305240e-03, 2.3664e+00, 3.3969e-02, 
 2DIAGNOSTIC,    19, -4.481966708818e-01, 9.107728245596e-04, 2.4195e+00, 5.3093e-02, 
 2DIAGNOSTIC,    20, -4.481953336164e-01, 7.394369059578e-04, 2.4548e+00, 3.5346e-02, 
 2DIAGNOSTIC,    21, -4.481954334388e-01, 5.189437696585e-04, 2.4932e+00, 3.8395e-02, 
 2DIAGNOSTIC,    22, -4.482018534062e-01, 3.337448803554e-04, 2.5272e+00, 3.4039e-02, 
 2DIAGNOSTIC,    23, -4.481921491919e-01, 2.259319881790e-04, 2.5588e+00, 3.1574e-02, 
 2DIAGNOSTIC,    24, -4.482074312945e-01, 1.077320605836e-04, 2.5927e+00, 3.3918e-02, 
 2DIAGNOSTIC,    25, -4.482144438993e-01, 9.691655497399e-06, 2.6259e+00, 3.3201e-02, 
 2DIAGNOSTIC,    26, -4.482116709905e-01, 3.273678471374e-06, 2.6555e+00, 2.9534e-02, 
 2DIAGNOSTIC,    27, -4.482088353379e-01, 2.084624643399e-06, 2.6903e+00, 3.4816e-02, 
 2DIAGNOSTIC,    28, -4.482139219751e-01, 2.274302089315e-06, 2.7218e+00, 3.1552e-02, 
 2DIAGNOSTIC,    29, -4.482420866091e-01, 2.842583814257e-06, 2.7564e+00, 3.4585e-02, 
 2DIAGNOSTIC,    30, -4.482455732371e-01, 3.232684453763e-06, 2.7911e+00, 3.4712e-02, 
 2DIAGNOSTIC,    31, -4.482405886119e-01, 3.298136268509e-06, 2.8235e+00, 3.2342e-02, 
 2DIAGNOSTIC,    32, -4.482290914530e-01, 3.068919789039e-06, 2.8539e+00, 3.0376e-02, 
 2DIAGNOSTIC,    33, -4.482261087092e-01, 2.406542711109e-06, 2.8879e+00, 3.4020e-02, 
 2DIAGNOSTIC,    34, -4.482147420926e-01, 1.704266861947e-06, 2.9219e+00, 3.4006e-02, 
 2DIAGNOSTIC,    35, -4.482170221298e-01, 1.142410727538e-06, 2.9520e+00, 3.0137e-02, 
DIAGNOSTIC,Iteration,metricValue,convergenceValue,ITERATION_TIME_INDEX,SINCE_LAST
 2DIAGNOSTIC,     1, -3.932184618290e-01, 1.797693134862e+308, 4.0517e+00, 1.0997e+00, 
 2DIAGNOSTIC,     2, -3.933350080244e-01, 1.797693134862e+308, 4.2932e+00, 2.4151e-01, 
 2DIAGNOSTIC,     3, -3.934316047158e-01, 1.797693134862e+308, 4.5420e+00, 2.4876e-01, 
 2DIAGNOSTIC,     4, -3.934445201075e-01, 1.797693134862e+308, 4.8651e+00, 3.2314e-01, 
 2DIAGNOSTIC,     5, -3.934561040769e-01, 1.797693134862e+308, 5.1705e+00, 3.0538e-01, 
 2DIAGNOSTIC,     6, -3.934557399814e-01, 1.797693134862e+308, 5.5378e+00, 3.6730e-01, 
 2DIAGNOSTIC,     7, -3.934568947257e-01, 1.797693134862e+308, 6.0041e+00, 4.6635e-01, 
 2DIAGNOSTIC,     8, -3.934560026073e-01, 1.797693134862e+308, 6.3365e+00, 3.3236e-01, 
 2DIAGNOSTIC,     9, -3.934553706781e-01, 1.797693134862e+308, 6.7219e+00, 3.8540e-01, 
 2DIAGNOSTIC,    10, -3.934548435163e-01, 2.950388330833e-05, 7.0330e+00, 3.1112e-01, 
 2DIAGNOSTIC,    11, -3.934535150201e-01, 1.251787749447e-05, 7.3279e+00, 2.9489e-01, 
 2DIAGNOSTIC,    12, -3.934529103121e-01, 4.334107137821e-06, 7.6354e+00, 3.0747e-01, 
 2DIAGNOSTIC,    13, -3.934523311685e-01, 2.580302209537e-06, 7.8903e+00, 2.5491e-01, 
 2DIAGNOSTIC,    14, -3.934518640242e-01, 1.691075455723e-06, 8.2051e+00, 3.1481e-01, 
 2DIAGNOSTIC,    15, -3.934519733774e-01, 1.537715199035e-06, 8.4610e+00, 2.5590e-01, 
 2DIAGNOSTIC,    16, -3.934513608892e-01, 1.410840013927e-06, 8.7205e+00, 2.5952e-01, 
 2DIAGNOSTIC,    17, -3.934508379606e-01, 1.380509582039e-06, 9.0078e+00, 2.8728e-01, 
 2DIAGNOSTIC,    18, -3.934502559094e-01, 1.340256934601e-06, 9.2587e+00, 2.5091e-01, 
 2DIAGNOSTIC,    19, -3.934497851088e-01, 1.301860475061e-06, 9.5363e+00, 2.7758e-01, 
 2DIAGNOSTIC,    20, -3.934499620965e-01, 1.290039390568e-06, 9.7826e+00, 2.4627e-01, 
 2DIAGNOSTIC,    21, -3.934502604262e-01, 1.271710300677e-06, 1.0089e+01, 3.0612e-01, 
 2DIAGNOSTIC,    22, -3.934498714931e-01, 1.245514210921e-06, 1.0358e+01, 2.6889e-01, 
 2DIAGNOSTIC,    23, -3.934501306567e-01, 1.231426911642e-06, 1.0646e+01, 2.8834e-01, 
 2DIAGNOSTIC,    24, -3.934495535037e-01, 1.200792363813e-06, 1.0878e+01, 2.3166e-01, 
 2DIAGNOSTIC,    25, -3.934490926949e-01, 1.174527755138e-06, 1.1109e+01, 2.3185e-01, 
 2DIAGNOSTIC,    26, -3.934495815626e-01, 1.156238082049e-06, 1.1382e+01, 2.7264e-01, 
 2DIAGNOSTIC,    27, -3.934510332222e-01, 1.170201589247e-06, 1.1671e+01, 2.8928e-01, 
 2DIAGNOSTIC,    28, -3.934498669593e-01, 1.138213953124e-06, 1.1937e+01, 2.6525e-01, 
 2DIAGNOSTIC,    29, -3.934494067255e-01, 1.086573185295e-06, 1.2171e+01, 2.3406e-01, 
 2DIAGNOSTIC,    30, -3.934490070335e-01, 1.034518161240e-06, 1.2445e+01, 2.7390e-01, 
 2DIAGNOSTIC,    31, -3.934493551554e-01, 1.002859553491e-06, 1.2702e+01, 2.5730e-01, 
 2DIAGNOSTIC,    32, -3.934514388328e-01, 1.012149869833e-06, 1.3013e+01, 3.1163e-01, 
 2DIAGNOSTIC,    33, -3.934519791010e-01, 1.036071903195e-06, 1.3261e+01, 2.4730e-01, 
 2DIAGNOSTIC,    34, -3.934514161386e-01, 1.029042902324e-06, 1.3506e+01, 2.4538e-01, 
 2DIAGNOSTIC,    35, -3.934525147768e-01, 1.027695404551e-06, 1.3773e+01, 2.6731e-01, 
 2DIAGNOSTIC,    36, -3.934539683360e-01, 1.051995560979e-06, 1.4086e+01, 3.1219e-01, 
 2DIAGNOSTIC,    37, -3.934536116804e-01, 1.079271405170e-06, 1.4378e+01, 2.9198e-01, 
 2DIAGNOSTIC,    38, -3.934525130194e-01, 1.042002324293e-06, 1.4671e+01, 2.9298e-01, 
DIAGNOSTIC,Iteration,metricValue,convergenceValue,ITERATION_TIME_INDEX,SINCE_LAST
 2DIAGNOSTIC,     1, -3.660000231654e-01, 1.797693134862e+308, 1.7223e+01, 2.5522e+00, 
 2DIAGNOSTIC,     2, -3.661006044586e-01, 1.797693134862e+308, 1.8827e+01, 1.6038e+00, 
 2DIAGNOSTIC,     3, -3.661940053308e-01, 1.797693134862e+308, 2.0423e+01, 1.5964e+00, 
 2DIAGNOSTIC,     4, -3.662025643804e-01, 1.797693134862e+308, 2.3078e+01, 2.6547e+00, 
 2DIAGNOSTIC,     5, -3.662022977224e-01, 1.797693134862e+308, 2.5120e+01, 2.0421e+00, 
 2DIAGNOSTIC,     6, -3.662022733088e-01, 1.797693134862e+308, 2.6741e+01, 1.6208e+00, 
 2DIAGNOSTIC,     7, -3.662021510248e-01, 1.797693134862e+308, 2.8408e+01, 1.6671e+00, 
 2DIAGNOSTIC,     8, -3.662021104607e-01, 1.797693134862e+308, 3.0255e+01, 1.8475e+00, 
 2DIAGNOSTIC,     9, -3.662019867450e-01, 1.797693134862e+308, 3.2068e+01, 1.8130e+00, 
 2DIAGNOSTIC,    10, -3.662019340507e-01, 2.615307398099e-05, 3.3719e+01, 1.6510e+00, 
 2DIAGNOSTIC,    11, -3.662019021233e-01, 1.049209174805e-05, 3.5555e+01, 1.8356e+00, 
 2DIAGNOSTIC,    12, -3.662017877681e-01, 3.091361853724e-06, 3.7317e+01, 1.7623e+00, 
 2DIAGNOSTIC,    13, -3.662019075526e-01, 2.358435304065e-06, 3.9126e+01, 1.8086e+00, 
 2DIAGNOSTIC,    14, -3.662018586949e-01, 2.210206246869e-06, 4.0802e+01, 1.6760e+00, 
 2DIAGNOSTIC,    15, -3.662018919976e-01, 2.075386446976e-06, 4.2375e+01, 1.5736e+00, 
 2DIAGNOSTIC,    16, -3.662018421219e-01, 1.958104270713e-06, 4.3816e+01, 1.4404e+00, 
 2DIAGNOSTIC,    17, -3.662017315501e-01, 1.846828499158e-06, 4.5275e+01, 1.4597e+00, 
 2DIAGNOSTIC,    18, -3.662016584386e-01, 1.745449654852e-06, 4.7038e+01, 1.7630e+00, 
 2DIAGNOSTIC,    19, -3.662015876166e-01, 1.648798699731e-06, 4.8698e+01, 1.6600e+00, 
 2DIAGNOSTIC,    20, -3.662013732766e-01, 1.553843693082e-06, 5.0369e+01, 1.6710e+00, 
 2DIAGNOSTIC,    21, -3.662013254776e-01, 1.468744407651e-06, 5.2502e+01, 2.1325e+00, 
 2DIAGNOSTIC,    22, -3.662011170202e-01, 1.384171157900e-06, 5.4399e+01, 1.8967e+00, 
 2DIAGNOSTIC,    23, -3.662008967104e-01, 1.309503393908e-06, 5.6065e+01, 1.6665e+00, 
 2DIAGNOSTIC,    24, -3.662008589121e-01, 1.245216015966e-06, 5.7697e+01, 1.6319e+00, 
 2DIAGNOSTIC,    25, -3.662009022364e-01, 1.195923278026e-06, 5.9394e+01, 1.6969e+00, 
 2DIAGNOSTIC,    26, -3.662008588467e-01, 1.154782440407e-06, 6.0939e+01, 1.5449e+00, 
 2DIAGNOSTIC,    27, -3.662010886790e-01, 1.126687591509e-06, 6.2553e+01, 1.6144e+00, 
 2DIAGNOSTIC,    28, -3.662011544838e-01, 1.105168432360e-06, 6.4343e+01, 1.7902e+00, 
 2DIAGNOSTIC,    29, -3.662007271078e-01, 1.074819780705e-06, 6.6256e+01, 1.9128e+00, 
 2DIAGNOSTIC,    30, -3.662006710133e-01, 1.041888232196e-06, 6.7884e+01, 1.6279e+00, 
 2DIAGNOSTIC,    31, -3.662006079290e-01, 1.010052157135e-06, 6.9548e+01, 1.6640e+00, 
  Elapsed time (stage 0): 7.0547e+01


Total elapsed time: 7.0549e+01
Info [verificarlo]: loaded backend libinterflop_ieee.so
Info [interflop-ieee]: load backend with:
Info [interflop-ieee]: debug = false
Info [interflop-ieee]: debug-binary = false
Info [interflop-ieee]: no-backend-name = false
Info [interflop-ieee]: print-new-line = false
Info [interflop-ieee]: print-subnormal-normalized = false
Info [interflop-ieee]: count-op = false
All_Command_lines_OK
Using double precision for computations.
=============================================================================
The composite transform comprises the following transforms (in order): 
  1. /home/mdugre/scratch/mri-registration-rp/datasets/ds004513/derivatives/mri-registration-rp/0001/antsRegistration-r8-p9/sub-s014/rigid_Composite.h5[0] (type = Euler3DTransform)
  2. /home/mdugre/scratch/mri-registration-rp/datasets/ds004513/derivatives/mri-registration-rp/0001/antsRegistration-r8-p9/sub-s014/rigid_Composite.h5[1] (type = Euler3DTransform)
  3. /home/mdugre/scratch/mri-registration-rp/datasets/ds004513/derivatives/mri-registration-rp/0001/antsRegistration-r8-p9/sub-s014/rigid_Composite.h5[2] (type = Euler3DTransform)
=============================================================================
  number of levels = 4
  fixed image: /templateflow/tpl-MNI152NLin2009cAsym/tpl-MNI152NLin2009cAsym_res-01_desc-brain_T1w.nii.gz
  moving image: /home/mdugre/scratch/mri-registration-rp/datasets/ds004513/derivatives/mri-registration-rp/antsBrainExtraction/sub-s014/BrainExtractionBrain.nii.gz
Dimension = 3
Number of stages = 1
Use histogram matching = false
Winsorize image intensities = true
  Lower quantile = 0.005
  Upper quantile = 0.995


Stage 1 State
   Image metric = MattesMI
     Fixed image = Image (0x3951530)
  RTTI typeinfo:   itk::Image<double, 3u>
  Reference Count: 2
  Modified Time: 1594
  Debug: Off
  Object Name: 
  Observers: 
    none
  Source: (none)
  Source output name: (none)
  Release Data: Off
  Data Released: False
  Global Release Data: Off
  PipelineMTime: 0
  UpdateMTime: 1203
  RealTimeStamp: 0 seconds 
  LargestPossibleRegion: 
    Dimension: 3
    Index: [0, 0, 0]
    Size: [193, 229, 193]
  BufferedRegion: 
    Dimension: 3
    Index: [0, 0, 0]
    Size: [193, 229, 193]
  RequestedRegion: 
    Dimension: 3
    Index: [0, 0, 0]
    Size: [193, 229, 193]
  Spacing: [1, 1, 1]
  Origin: [96, 132, -78]
  Direction: 
-1 0 0
0 -1 0
0 0 1

  IndexToPointMatrix: 
-1 0 0
0 -1 0
0 0 1

  PointToIndexMatrix: 
-1 0 0
0 -1 0
0 0 1

  Inverse Direction: 
-1 0 0
0 -1 0
0 0 1

  PixelContainer: 
    ImportImageContainer (0x3a0a2a0)
      RTTI typeinfo:   itk::ImportImageContainer<unsigned long, double>
      Reference Count: 1
      Modified Time: 1200
      Debug: Off
      Object Name: 
      Observers: 
        none
      Pointer: 0x14a488094010
      Container manages memory: true
      Size: 8530021
      Capacity: 8530021

     Moving image = Image (0x3a0ce60)
  RTTI typeinfo:   itk::Image<double, 3u>
  Reference Count: 2
  Modified Time: 1595
  Debug: Off
  Object Name: 
  Observers: 
    none
  Source: (none)
  Source output name: (none)
  Release Data: Off
  Data Released: False
  Global Release Data: Off
  PipelineMTime: 0
  UpdateMTime: 1592
  RealTimeStamp: 0 seconds 
  LargestPossibleRegion: 
    Dimension: 3
    Index: [0, 0, 0]
    Size: [160, 240, 256]
  BufferedRegion: 
    Dimension: 3
    Index: [0, 0, 0]
    Size: [160, 240, 256]
  RequestedRegion: 
    Dimension: 3
    Index: [0, 0, 0]
    Size: [160, 240, 256]
  Spacing: [0.999999, 1, 1]
  Origin: [84.1637, 106.709, -120.531]
  Direction: 
-0.999619 -0.0226874 -0.0157033
0.0226846 -0.999743 0.00035635
-0.0157073 -7.8229e-09 0.999877

  IndexToPointMatrix: 
-0.999619 -0.0226874 -0.0157033
0.0226845 -0.999743 0.00035635
-0.0157073 -7.8229e-09 0.999877

  PointToIndexMatrix: 
-0.99962 0.0226846 -0.0157073
-0.0226874 -0.999743 -7.83127e-09
-0.0157033 0.00035635 0.999877

  Inverse Direction: 
-0.999619 0.0226846 -0.0157073
-0.0226874 -0.999743 -7.83127e-09
-0.0157033 0.00035635 0.999877

  PixelContainer: 
    ImportImageContainer (0x3a40390)
      RTTI typeinfo:   itk::ImportImageContainer<unsigned long, double>
      Reference Count: 1
      Modified Time: 1589
      Debug: Off
      Object Name: 
      Observers: 
        none
      Pointer: 0x14a483593010
      Container manages memory: true
      Size: 9830400
      Capacity: 9830400

     Weighting = 1
     Sampling strategy = regular
     Number of bins = 32
     Radius = 4
     Sampling percentage  = 0.25
   Transform = Affine
     Gradient step = 0.1
     Update field sigma (voxel space) = 0
     Total field sigma (voxel space) = 0
     Update field time sigma = 0
     Total field time sigma  = 0
     Number of time indices = 0
     Number of time point samples = 0
Registration using 1 total stages.

Stage 0
  iterations = 1000x500x250x100
  convergence threshold = 1e-06
  convergence window size = 10
  number of levels = 4
  using the Mattes MI metric (number of bins = 32, weight = 1, use gradient filter = 0)
  preprocessing:  winsorizing the image intensities
  Shrink factors (level 1 out of 4): [8, 8, 8]
  Shrink factors (level 2 out of 4): [4, 4, 4]
  Shrink factors (level 3 out of 4): [2, 2, 2]
  Shrink factors (level 4 out of 4): [1, 1, 1]
  smoothing sigmas per level: [3, 2, 1, 0]
  regular sampling (percentage = 0.25)

*** Running AffineTransform registration ***

DIAGNOSTIC,Iteration,metricValue,convergenceValue,ITERATION_TIME_INDEX,SINCE_LAST
 2DIAGNOSTIC,     1, -5.239750080808e-01, 1.797693134862e+308, 7.7726e-01, 7.7726e-01, 
 2DIAGNOSTIC,     2, -5.258640011440e-01, 1.797693134862e+308, 7.8244e-01, 5.1858e-03, 
 2DIAGNOSTIC,     3, -5.291088178672e-01, 1.797693134862e+308, 7.8788e-01, 5.4410e-03, 
 2DIAGNOSTIC,     4, -5.347710739181e-01, 1.797693134862e+308, 7.9316e-01, 5.2731e-03, 
 2DIAGNOSTIC,     5, -5.449383435330e-01, 1.797693134862e+308, 7.9847e-01, 5.3170e-03, 
 2DIAGNOSTIC,     6, -6.215305972869e-01, 1.797693134862e+308, 8.0376e-01, 5.2869e-03, 
 2DIAGNOSTIC,     7, -6.633610747103e-01, 1.797693134862e+308, 8.0941e-01, 5.6510e-03, 
 2DIAGNOSTIC,     8, -7.298997288174e-01, 1.797693134862e+308, 8.1703e-01, 7.6141e-03, 
 2DIAGNOSTIC,     9, -7.422520642900e-01, 1.797693134862e+308, 8.2243e-01, 5.4002e-03, 
 2DIAGNOSTIC,    10, -7.541337909828e-01, 2.915589978985e-02, 8.2819e-01, 5.7600e-03, 
 2DIAGNOSTIC,    11, -7.649021614606e-01, 2.764846896013e-02, 8.3452e-01, 6.3300e-03, 
 2DIAGNOSTIC,    12, -7.741613239794e-01, 2.434790618994e-02, 8.4200e-01, 7.4792e-03, 
 2DIAGNOSTIC,    13, -7.770749920235e-01, 1.968341290099e-02, 8.4803e-01, 6.0360e-03, 
 2DIAGNOSTIC,    14, -7.814240842155e-01, 1.436951271138e-02, 8.5375e-01, 5.7158e-03, 
 2DIAGNOSTIC,    15, -7.874240639159e-01, 9.014357865011e-03, 8.6041e-01, 6.6650e-03, 
 2DIAGNOSTIC,    16, -7.920940255631e-01, 5.733376216433e-03, 8.6586e-01, 5.4491e-03, 
 2DIAGNOSTIC,    17, -7.957348575441e-01, 3.442742315260e-03, 8.7132e-01, 5.4550e-03, 
 2DIAGNOSTIC,    18, -8.010582405901e-01, 2.769038959459e-03, 8.7803e-01, 6.7081e-03, 
 2DIAGNOSTIC,    19, -8.020626732108e-01, 2.204716516987e-03, 8.8405e-01, 6.0260e-03, 
 2DIAGNOSTIC,    20, -8.025890072256e-01, 1.748792903921e-03, 8.8939e-01, 5.3399e-03, 
 2DIAGNOSTIC,    21, -8.047954236776e-01, 1.424944058660e-03, 8.9527e-01, 5.8751e-03, 
 2DIAGNOSTIC,    22, -8.088025896634e-01, 1.241488158113e-03, 9.0245e-01, 7.1840e-03, 
 2DIAGNOSTIC,    23, -8.108240624781e-01, 1.042946184021e-03, 9.0772e-01, 5.2700e-03, 
 2DIAGNOSTIC,    24, -8.126170824237e-01, 8.657241078911e-04, 9.1308e-01, 5.3639e-03, 
 2DIAGNOSTIC,    25, -8.155467260537e-01, 7.640053868372e-04, 9.1908e-01, 5.9969e-03, 
 2DIAGNOSTIC,    26, -8.215059669233e-01, 7.575242718202e-04, 9.2455e-01, 5.4710e-03, 
 2DIAGNOSTIC,    27, -8.250957715289e-01, 7.800102585991e-04, 9.3057e-01, 6.0141e-03, 
 2DIAGNOSTIC,    28, -8.289052965810e-01, 8.532378023291e-04, 9.3719e-01, 6.6190e-03, 
 2DIAGNOSTIC,    29, -8.295835076578e-01, 8.637886020555e-04, 9.4268e-01, 5.4920e-03, 
 2DIAGNOSTIC,    30, -8.372798079588e-01, 8.974253024321e-04, 9.4909e-01, 6.4089e-03, 
 2DIAGNOSTIC,    31, -8.403340579629e-01, 9.046542806822e-04, 9.5735e-01, 8.2672e-03, 
 2DIAGNOSTIC,    32, -8.402177379931e-01, 8.715045515655e-04, 9.6321e-01, 5.8541e-03, 
 2DIAGNOSTIC,    33, -8.408468958278e-01, 7.906648460995e-04, 9.6948e-01, 6.2692e-03, 
 2DIAGNOSTIC,    34, -8.411934805403e-01, 6.644209244305e-04, 9.7461e-01, 5.1341e-03, 
 2DIAGNOSTIC,    35, -8.414347508104e-01, 5.151592794112e-04, 9.8016e-01, 5.5530e-03, 
 2DIAGNOSTIC,    36, -8.416710954026e-01, 3.896511852824e-04, 9.8583e-01, 5.6670e-03, 
 2DIAGNOSTIC,    37, -8.415834419715e-01, 2.703020132763e-04, 9.9087e-01, 5.0409e-03, 
 2DIAGNOSTIC,    38, -8.417527765702e-01, 1.725226761320e-04, 9.9597e-01, 5.1000e-03, 
 2DIAGNOSTIC,    39, -8.419029369491e-01, 6.997215338007e-05, 1.0010e+00, 5.0659e-03, 
 2DIAGNOSTIC,    40, -8.420472921216e-01, 3.835093802298e-05, 1.0061e+00, 5.0459e-03, 
 2DIAGNOSTIC,    41, -8.423316881133e-01, 3.508917192006e-05, 1.0117e+00, 5.6350e-03, 
 2DIAGNOSTIC,    42, -8.424961341424e-01, 2.903581105154e-05, 1.0168e+00, 5.0740e-03, 
 2DIAGNOSTIC,    43, -8.423005184706e-01, 2.426970573934e-05, 1.0229e+00, 6.1400e-03, 
 2DIAGNOSTIC,    44, -8.422972762796e-01, 2.039432659266e-05, 1.0379e+00, 1.4925e-02, 
 2DIAGNOSTIC,    45, -8.422972625246e-01, 1.673001591953e-05, 1.0430e+00, 5.1661e-03, 
 2DIAGNOSTIC,    46, -8.422972658021e-01, 1.357779314441e-05, 1.0478e+00, 4.7660e-03, 
 2DIAGNOSTIC,    47, -8.422972713465e-01, 8.633604580085e-06, 1.0524e+00, 4.6599e-03, 
 2DIAGNOSTIC,    48, -8.422972807203e-01, 4.480024633418e-06, 1.0572e+00, 4.7381e-03, 
 2DIAGNOSTIC,    49, -8.422972965663e-01, 1.286176165204e-06, 1.0619e+00, 4.6909e-03, 
DIAGNOSTIC,Iteration,metricValue,convergenceValue,ITERATION_TIME_INDEX,SINCE_LAST
 2DIAGNOSTIC,     1, -6.880686994512e-01, 1.797693134862e+308, 1.8104e+00, 7.4852e-01, 
 2DIAGNOSTIC,     2, -6.886939784589e-01, 1.797693134862e+308, 1.8514e+00, 4.0982e-02, 
 2DIAGNOSTIC,     3, -6.892111395972e-01, 1.797693134862e+308, 1.8920e+00, 4.0608e-02, 
 2DIAGNOSTIC,     4, -6.897132415553e-01, 1.797693134862e+308, 1.9327e+00, 4.0717e-02, 
 2DIAGNOSTIC,     5, -6.905627998183e-01, 1.797693134862e+308, 1.9737e+00, 4.1025e-02, 
 2DIAGNOSTIC,     6, -6.916102350497e-01, 1.797693134862e+308, 2.0190e+00, 4.5309e-02, 
 2DIAGNOSTIC,     7, -6.932341420638e-01, 1.797693134862e+308, 2.0911e+00, 7.2073e-02, 
 2DIAGNOSTIC,     8, -6.932386166853e-01, 1.797693134862e+308, 2.1327e+00, 4.1582e-02, 
 2DIAGNOSTIC,     9, -6.932735530756e-01, 1.797693134862e+308, 2.1743e+00, 4.1566e-02, 
 2DIAGNOSTIC,    10, -6.933210599852e-01, 5.747155430960e-04, 2.2222e+00, 4.7963e-02, 
 2DIAGNOSTIC,    11, -6.933555439433e-01, 4.614606198394e-04, 2.2674e+00, 4.5182e-02, 
 2DIAGNOSTIC,    12, -6.933716786719e-01, 3.471016348000e-04, 2.3163e+00, 4.8911e-02, 
 2DIAGNOSTIC,    13, -6.934064138445e-01, 2.369642131874e-04, 2.3572e+00, 4.0903e-02, 
 2DIAGNOSTIC,    14, -6.934311827505e-01, 1.371667476045e-04, 2.3984e+00, 4.1165e-02, 
 2DIAGNOSTIC,    15, -6.936020811700e-01, 6.602391687761e-05, 2.4515e+00, 5.3148e-02, 
 2DIAGNOSTIC,    16, -6.936233459843e-01, 2.406567511974e-05, 2.5047e+00, 5.3144e-02, 
 2DIAGNOSTIC,    17, -6.936071396375e-01, 2.391724743525e-05, 2.5445e+00, 3.9847e-02, 
 2DIAGNOSTIC,    18, -6.936085147680e-01, 2.194889252459e-05, 2.5864e+00, 4.1901e-02, 
 2DIAGNOSTIC,    19, -6.936106136739e-01, 1.908068230378e-05, 2.6275e+00, 4.1115e-02, 
 2DIAGNOSTIC,    20, -6.936138744938e-01, 1.585117634485e-05, 2.6723e+00, 4.4767e-02, 
 2DIAGNOSTIC,    21, -6.936056923965e-01, 1.210361432067e-05, 2.7200e+00, 4.7648e-02, 
 2DIAGNOSTIC,    22, -6.936094134048e-01, 8.127666472443e-06, 2.7598e+00, 3.9856e-02, 
 2DIAGNOSTIC,    23, -6.936023684360e-01, 4.395371924093e-06, 2.8128e+00, 5.2952e-02, 
 2DIAGNOSTIC,    24, -6.936179773885e-01, 1.299964166618e-06, 2.8574e+00, 4.4679e-02, 
 2DIAGNOSTIC,    25, -6.936075683287e-01, 1.068468063969e-06, 2.8981e+00, 4.0622e-02, 
 2DIAGNOSTIC,    26, -6.936104085781e-01, 1.270356448951e-06, 2.9431e+00, 4.5078e-02, 
 2DIAGNOSTIC,    27, -6.936256408501e-01, 1.439442201961e-06, 2.9841e+00, 4.1004e-02, 
 2DIAGNOSTIC,    28, -6.936295203601e-01, 1.638986887653e-06, 3.0326e+00, 4.8463e-02, 
 2DIAGNOSTIC,    29, -6.936313819570e-01, 1.830460240403e-06, 3.0766e+00, 4.4011e-02, 
 2DIAGNOSTIC,    30, -6.936081474326e-01, 1.673802320440e-06, 3.1203e+00, 4.3695e-02, 
 2DIAGNOSTIC,    31, -6.935848802564e-01, 1.063022728350e-06, 3.1644e+00, 4.4035e-02, 
DIAGNOSTIC,Iteration,metricValue,convergenceValue,ITERATION_TIME_INDEX,SINCE_LAST
 2DIAGNOSTIC,     1, -5.884337666265e-01, 1.797693134862e+308, 4.3898e+00, 1.2254e+00, 
 2DIAGNOSTIC,     2, -5.890916693367e-01, 1.797693134862e+308, 4.6751e+00, 2.8535e-01, 
 2DIAGNOSTIC,     3, -5.898316398627e-01, 1.797693134862e+308, 4.9846e+00, 3.0949e-01, 
 2DIAGNOSTIC,     4, -5.906621030101e-01, 1.797693134862e+308, 5.2764e+00, 2.9177e-01, 
 2DIAGNOSTIC,     5, -5.917960540804e-01, 1.797693134862e+308, 5.6301e+00, 3.5373e-01, 
 2DIAGNOSTIC,     6, -5.938098894796e-01, 1.797693134862e+308, 6.0945e+00, 4.6438e-01, 
 2DIAGNOSTIC,     7, -5.938293772843e-01, 1.797693134862e+308, 6.6021e+00, 5.0757e-01, 
 2DIAGNOSTIC,     8, -5.938303685451e-01, 1.797693134862e+308, 6.9475e+00, 3.4541e-01, 
 2DIAGNOSTIC,     9, -5.938280437298e-01, 1.797693134862e+308, 7.3065e+00, 3.5904e-01, 
 2DIAGNOSTIC,    10, -5.938246321560e-01, 6.825081022213e-04, 7.6619e+00, 3.5538e-01, 
 2DIAGNOSTIC,    11, -5.938212678852e-01, 5.001022710344e-04, 8.0540e+00, 3.9211e-01, 
 2DIAGNOSTIC,    12, -5.938170601269e-01, 3.297288592003e-04, 8.3982e+00, 3.4421e-01, 
