
##########################
# Experiment information #
##########################

EXPERIMENT_NAME: antsRegistration-r8-p22
VFC_BACKENDS: libinterflop_vprec.so --range-binary32=8 --precision-binary32=22 --range-binary64=8 --precision-binary64=22

SIF_IMG: /home/mdugre/projects/rrg-glatard/mdugre/containers/ants-vprec-no_metrics.simg

SUBJECT_ID: s032
INPUT_IMG: /home/mdugre/scratch/mri-registration-rp/datasets/ds004513/derivatives/mri-registration-rp/antsBrainExtraction/sub-s032/BrainExtractionBrain.nii.gz
OUTPUT_DIR: /home/mdugre/scratch/mri-registration-rp/datasets/ds004513/derivatives/mri-registration-rp/0001/antsRegistration-r8-p22/sub-s032

FIXED_IMG: /templateflow/tpl-MNI152NLin2009cAsym/tpl-MNI152NLin2009cAsym_res-01_desc-brain_T1w.nii.gz
DATA_DIR: /home/mdugre/scratch/mri-registration-rp/datasets/ds004513
TEMPLATEFLOW_DIR: /home/mdugre/projects/rrg-glatard/mdugre/templateflow
ITK_GLOBAL_DEFAULT_NUMBER_OF_THREADS: 16
##########################

Info [verificarlo]: loaded backend libinterflop_ieee.so
Info [interflop-ieee]: load backend with:
Info [interflop-ieee]: debug = false
Info [interflop-ieee]: debug-binary = false
Info [interflop-ieee]: no-backend-name = false
Info [interflop-ieee]: print-new-line = false
Info [interflop-ieee]: print-subnormal-normalized = false
Info [interflop-ieee]: count-op = false
All_Command_lines_OK
Using double precision for computations.
=============================================================================
The composite transform comprises the following transforms (in order): 
  1. Center of mass alignment using fixed image: /templateflow/tpl-MNI152NLin2009cAsym/tpl-MNI152NLin2009cAsym_res-01_desc-brain_T1w.nii.gz and moving image: /home/mdugre/scratch/mri-registration-rp/datasets/ds004513/derivatives/mri-registration-rp/antsBrainExtraction/sub-s032/BrainExtractionBrain.nii.gz (type = Euler3DTransform)
=============================================================================
  number of levels = 1
  fixed image: /templateflow/tpl-MNI152NLin2009cAsym/tpl-MNI152NLin2009cAsym_res-01_desc-brain_T1w.nii.gz
  moving image: /home/mdugre/scratch/mri-registration-rp/datasets/ds004513/derivatives/mri-registration-rp/antsBrainExtraction/sub-s032/BrainExtractionBrain.nii.gz
Dimension = 3
Number of stages = 1
Use histogram matching = false
Winsorize image intensities = true
  Lower quantile = 0.005
  Upper quantile = 0.995


Stage 1 State
   Image metric = MattesMI
     Fixed image = Image (0x3b8fe70)
  RTTI typeinfo:   itk::Image<double, 3u>
  Reference Count: 2
  Modified Time: 2330
  Debug: Off
  Object Name: 
  Observers: 
    none
  Source: (none)
  Source output name: (none)
  Release Data: Off
  Data Released: False
  Global Release Data: Off
  PipelineMTime: 0
  UpdateMTime: 1941
  RealTimeStamp: 0 seconds 
  LargestPossibleRegion: 
    Dimension: 3
    Index: [0, 0, 0]
    Size: [193, 229, 193]
  BufferedRegion: 
    Dimension: 3
    Index: [0, 0, 0]
    Size: [193, 229, 193]
  RequestedRegion: 
    Dimension: 3
    Index: [0, 0, 0]
    Size: [193, 229, 193]
  Spacing: [1, 1, 1]
  Origin: [96, 132, -78]
  Direction: 
-1 0 0
0 -1 0
0 0 1

  IndexToPointMatrix: 
-1 0 0
0 -1 0
0 0 1

  PointToIndexMatrix: 
-1 0 0
0 -1 0
0 0 1

  Inverse Direction: 
-1 0 0
0 -1 0
0 0 1

  PixelContainer: 
    ImportImageContainer (0x3b98c60)
      RTTI typeinfo:   itk::ImportImageContainer<unsigned long, double>
      Reference Count: 1
      Modified Time: 1938
      Debug: Off
      Object Name: 
      Observers: 
        none
      Pointer: 0x1530c1274010
      Container manages memory: true
      Size: 8530021
      Capacity: 8530021

     Moving image = Image (0x3c2cec0)
  RTTI typeinfo:   itk::Image<double, 3u>
  Reference Count: 2
  Modified Time: 2331
  Debug: Off
  Object Name: 
  Observers: 
    none
  Source: (none)
  Source output name: (none)
  Release Data: Off
  Data Released: False
  Global Release Data: Off
  PipelineMTime: 0
  UpdateMTime: 2328
  RealTimeStamp: 0 seconds 
  LargestPossibleRegion: 
    Dimension: 3
    Index: [0, 0, 0]
    Size: [160, 240, 256]
  BufferedRegion: 
    Dimension: 3
    Index: [0, 0, 0]
    Size: [160, 240, 256]
  RequestedRegion: 
    Dimension: 3
    Index: [0, 0, 0]
    Size: [160, 240, 256]
  Spacing: [1, 1, 1]
  Origin: [73.279, 104.707, -131.187]
  Direction: 
-0.997527 0.0645574 -0.0278053
-0.0645323 -0.997914 -0.00179875
-0.0278634 4.01097e-08 0.999612

  IndexToPointMatrix: 
-0.997527 0.0645574 -0.0278053
-0.0645323 -0.997914 -0.00179875
-0.0278634 4.01097e-08 0.999612

  PointToIndexMatrix: 
-0.997527 -0.0645323 -0.0278634
0.0645574 -0.997914 4.01049e-08
-0.0278053 -0.00179875 0.999612

  Inverse Direction: 
-0.997527 -0.0645323 -0.0278634
0.0645574 -0.997914 4.01049e-08
-0.0278053 -0.00179875 0.999612

  PixelContainer: 
    ImportImageContainer (0x3cc4610)
      RTTI typeinfo:   itk::ImportImageContainer<unsigned long, double>
      Reference Count: 1
      Modified Time: 2325
      Debug: Off
      Object Name: 
      Observers: 
        none
      Pointer: 0x1530bc773010
      Container manages memory: true
      Size: 9830400
      Capacity: 9830400

     Weighting = 1
     Sampling strategy = regular
     Number of bins = 32
     Radius = 4
     Sampling percentage  = 0.25
   Transform = Rigid
     Gradient step = 0.1
     Update field sigma (voxel space) = 0
     Total field sigma (voxel space) = 0
     Update field time sigma = 0
     Total field time sigma  = 0
     Number of time indices = 0
     Number of time point samples = 0
Registration using 1 total stages.

Stage 0
  iterations = 0
  convergence threshold = 1e-06
  convergence window size = 10
  number of levels = 1
  using the Mattes MI metric (number of bins = 32, weight = 1, use gradient filter = 0)
  preprocessing:  winsorizing the image intensities
  Shrink factors (level 1 out of 1): [1, 1, 1]
  smoothing sigmas per level: [0]
  regular sampling (percentage = 0.25)

*** Running Euler3DTransform registration ***

  Elapsed time (stage 0): 1.12705


Total elapsed time: 1.12912
Info [verificarlo]: loaded backend libinterflop_ieee.so
Info [interflop-ieee]: load backend with:
Info [interflop-ieee]: debug = false
Info [interflop-ieee]: debug-binary = false
Info [interflop-ieee]: no-backend-name = false
Info [interflop-ieee]: print-new-line = false
Info [interflop-ieee]: print-subnormal-normalized = false
Info [interflop-ieee]: count-op = false
All_Command_lines_OK
Using double precision for computations.
=============================================================================
The composite transform comprises the following transforms (in order): 
  1. /home/mdugre/scratch/mri-registration-rp/datasets/ds004513/derivatives/mri-registration-rp/0001/antsRegistration-r8-p22/sub-s032/align_Composite.h5[0] (type = Euler3DTransform)
  2. /home/mdugre/scratch/mri-registration-rp/datasets/ds004513/derivatives/mri-registration-rp/0001/antsRegistration-r8-p22/sub-s032/align_Composite.h5[1] (type = Euler3DTransform)
=============================================================================
  number of levels = 4
  fixed image: /templateflow/tpl-MNI152NLin2009cAsym/tpl-MNI152NLin2009cAsym_res-01_desc-brain_T1w.nii.gz
  moving image: /home/mdugre/scratch/mri-registration-rp/datasets/ds004513/derivatives/mri-registration-rp/antsBrainExtraction/sub-s032/BrainExtractionBrain.nii.gz
Dimension = 3
Number of stages = 1
Use histogram matching = false
Winsorize image intensities = true
  Lower quantile = 0.005
  Upper quantile = 0.995


Stage 1 State
   Image metric = MattesMI
     Fixed image = Image (0x37ad530)
  RTTI typeinfo:   itk::Image<double, 3u>
  Reference Count: 2
  Modified Time: 1578
  Debug: Off
  Object Name: 
  Observers: 
    none
  Source: (none)
  Source output name: (none)
  Release Data: Off
  Data Released: False
  Global Release Data: Off
  PipelineMTime: 0
  UpdateMTime: 1189
  RealTimeStamp: 0 seconds 
  LargestPossibleRegion: 
    Dimension: 3
    Index: [0, 0, 0]
    Size: [193, 229, 193]
  BufferedRegion: 
    Dimension: 3
    Index: [0, 0, 0]
    Size: [193, 229, 193]
  RequestedRegion: 
    Dimension: 3
    Index: [0, 0, 0]
    Size: [193, 229, 193]
  Spacing: [1, 1, 1]
  Origin: [96, 132, -78]
  Direction: 
-1 0 0
0 -1 0
0 0 1

  IndexToPointMatrix: 
-1 0 0
0 -1 0
0 0 1

  PointToIndexMatrix: 
-1 0 0
0 -1 0
0 0 1

  Inverse Direction: 
-1 0 0
0 -1 0
0 0 1

  PixelContainer: 
    ImportImageContainer (0x386bd60)
      RTTI typeinfo:   itk::ImportImageContainer<unsigned long, double>
      Reference Count: 1
      Modified Time: 1186
      Debug: Off
      Object Name: 
      Observers: 
        none
      Pointer: 0x1529f19b4010
      Container manages memory: true
      Size: 8530021
      Capacity: 8530021

     Moving image = Image (0x385df60)
  RTTI typeinfo:   itk::Image<double, 3u>
  Reference Count: 2
  Modified Time: 1579
  Debug: Off
  Object Name: 
  Observers: 
    none
  Source: (none)
  Source output name: (none)
  Release Data: Off
  Data Released: False
  Global Release Data: Off
  PipelineMTime: 0
  UpdateMTime: 1576
  RealTimeStamp: 0 seconds 
  LargestPossibleRegion: 
    Dimension: 3
    Index: [0, 0, 0]
    Size: [160, 240, 256]
  BufferedRegion: 
    Dimension: 3
    Index: [0, 0, 0]
    Size: [160, 240, 256]
  RequestedRegion: 
    Dimension: 3
    Index: [0, 0, 0]
    Size: [160, 240, 256]
  Spacing: [1, 1, 1]
  Origin: [73.279, 104.707, -131.187]
  Direction: 
-0.997527 0.0645574 -0.0278053
-0.0645323 -0.997914 -0.00179875
-0.0278634 4.01097e-08 0.999612

  IndexToPointMatrix: 
-0.997527 0.0645574 -0.0278053
-0.0645323 -0.997914 -0.00179875
-0.0278634 4.01097e-08 0.999612

  PointToIndexMatrix: 
-0.997527 -0.0645323 -0.0278634
0.0645574 -0.997914 4.01049e-08
-0.0278053 -0.00179875 0.999612

  Inverse Direction: 
-0.997527 -0.0645323 -0.0278634
0.0645574 -0.997914 4.01049e-08
-0.0278053 -0.00179875 0.999612

  PixelContainer: 
    ImportImageContainer (0x384f6d0)
      RTTI typeinfo:   itk::ImportImageContainer<unsigned long, double>
      Reference Count: 1
      Modified Time: 1573
      Debug: Off
      Object Name: 
      Observers: 
        none
      Pointer: 0x1529eceb3010
      Container manages memory: true
      Size: 9830400
      Capacity: 9830400

     Weighting = 1
     Sampling strategy = regular
     Number of bins = 32
     Radius = 4
     Sampling percentage  = 0.25
   Transform = Rigid
     Gradient step = 0.1
     Update field sigma (voxel space) = 0
     Total field sigma (voxel space) = 0
     Update field time sigma = 0
     Total field time sigma  = 0
     Number of time indices = 0
     Number of time point samples = 0
Registration using 1 total stages.

Stage 0
  iterations = 1000x500x250x100
  convergence threshold = 1e-06
  convergence window size = 10
  number of levels = 4
  using the Mattes MI metric (number of bins = 32, weight = 1, use gradient filter = 0)
  preprocessing:  winsorizing the image intensities
  Shrink factors (level 1 out of 4): [8, 8, 8]
  Shrink factors (level 2 out of 4): [4, 4, 4]
  Shrink factors (level 3 out of 4): [2, 2, 2]
  Shrink factors (level 4 out of 4): [1, 1, 1]
  smoothing sigmas per level: [3, 2, 1, 0]
  regular sampling (percentage = 0.25)

*** Running Euler3DTransform registration ***

DIAGNOSTIC,Iteration,metricValue,convergenceValue,ITERATION_TIME_INDEX,SINCE_LAST
 2DIAGNOSTIC,     1, -5.480496989617e-01, 1.797693134862e+308, 6.3109e-01, 6.3109e-01, 
 2DIAGNOSTIC,     2, -5.506811078454e-01, 1.797693134862e+308, 6.3494e-01, 3.8512e-03, 
 2DIAGNOSTIC,     3, -5.546514955662e-01, 1.797693134862e+308, 6.3890e-01, 3.9570e-03, 
 2DIAGNOSTIC,     4, -5.606863537750e-01, 1.797693134862e+308, 6.4278e-01, 3.8869e-03, 
 2DIAGNOSTIC,     5, -5.693661845193e-01, 1.797693134862e+308, 6.4677e-01, 3.9899e-03, 
 2DIAGNOSTIC,     6, -5.854078830086e-01, 1.797693134862e+308, 6.5102e-01, 4.2429e-03, 
 2DIAGNOSTIC,     7, -6.232769732918e-01, 1.797693134862e+308, 6.5511e-01, 4.0920e-03, 
 2DIAGNOSTIC,     8, -6.297683730473e-01, 1.797693134862e+308, 6.5990e-01, 4.7879e-03, 
 2DIAGNOSTIC,     9, -6.366738733405e-01, 1.797693134862e+308, 6.6687e-01, 6.9759e-03, 
 2DIAGNOSTIC,    10, -6.375630690827e-01, 1.201760866083e-02, 6.7086e-01, 3.9871e-03, 
 2DIAGNOSTIC,    11, -6.405337628679e-01, 1.087684809450e-02, 6.7496e-01, 4.1020e-03, 
 2DIAGNOSTIC,    12, -6.435528997438e-01, 9.167753354490e-03, 6.7958e-01, 4.6189e-03, 
 2DIAGNOSTIC,    13, -6.444720921444e-01, 7.089498731847e-03, 6.8367e-01, 4.0870e-03, 
 2DIAGNOSTIC,    14, -6.463616611293e-01, 4.967892496988e-03, 6.8826e-01, 4.5960e-03, 
 2DIAGNOSTIC,    15, -6.484646963404e-01, 3.033020789043e-03, 6.9534e-01, 7.0760e-03, 
 2DIAGNOSTIC,    16, -6.486009987994e-01, 1.520386367320e-03, 6.9958e-01, 4.2439e-03, 
 2DIAGNOSTIC,    17, -6.493699344760e-01, 1.108203205204e-03, 7.0364e-01, 4.0591e-03, 
 2DIAGNOSTIC,    18, -6.514578195065e-01, 8.586162135984e-04, 7.0831e-01, 4.6670e-03, 
 2DIAGNOSTIC,    19, -6.526592717406e-01, 7.533650369803e-04, 7.1236e-01, 4.0500e-03, 
 2DIAGNOSTIC,    20, -6.536191777189e-01, 6.303067369291e-04, 7.1641e-01, 4.0550e-03, 
 2DIAGNOSTIC,    21, -6.549162298979e-01, 5.534292205378e-04, 7.2042e-01, 4.0052e-03, 
 2DIAGNOSTIC,    22, -6.562385790832e-01, 5.226986103232e-04, 7.2567e-01, 5.2509e-03, 
 2DIAGNOSTIC,    23, -6.565000058113e-01, 4.680180012236e-04, 7.3025e-01, 4.5829e-03, 
 2DIAGNOSTIC,    24, -6.565387353854e-01, 4.101063704206e-04, 7.3489e-01, 4.6332e-03, 
 2DIAGNOSTIC,    25, -6.567702146893e-01, 3.618032093025e-04, 7.3955e-01, 4.6608e-03, 
 2DIAGNOSTIC,    26, -6.583507212369e-01, 3.132611037335e-04, 7.4364e-01, 4.0979e-03, 
 2DIAGNOSTIC,    27, -6.586527568469e-01, 2.554116018348e-04, 7.4773e-01, 4.0851e-03, 
 2DIAGNOSTIC,    28, -6.593310437738e-01, 2.225767143841e-04, 7.5286e-01, 5.1310e-03, 
 2DIAGNOSTIC,    29, -6.595734041655e-01, 1.939316665340e-04, 7.5746e-01, 4.6000e-03, 
 2DIAGNOSTIC,    30, -6.595955819569e-01, 1.634946778530e-04, 7.6201e-01, 4.5521e-03, 
 2DIAGNOSTIC,    31, -6.596949967569e-01, 1.392755860930e-04, 7.6604e-01, 4.0281e-03, 
 2DIAGNOSTIC,    32, -6.597157295314e-01, 1.221677497616e-04, 7.7058e-01, 4.5409e-03, 
 2DIAGNOSTIC,    33, -6.597001423847e-01, 9.820426863178e-05, 7.7885e-01, 8.2650e-03, 
 2DIAGNOSTIC,    34, -6.595254449705e-01, 6.486903007539e-05, 7.8297e-01, 4.1280e-03, 
 2DIAGNOSTIC,    35, -6.595295822812e-01, 3.010817890789e-05, 7.8729e-01, 4.3168e-03, 
 2DIAGNOSTIC,    36, -6.595351297938e-01, 1.424396566749e-05, 7.9266e-01, 5.3699e-03, 
 2DIAGNOSTIC,    37, -6.595409535782e-01, 1.474135176698e-06, 7.9679e-01, 4.1320e-03, 
DIAGNOSTIC,Iteration,metricValue,convergenceValue,ITERATION_TIME_INDEX,SINCE_LAST
 2DIAGNOSTIC,     1, -5.183739626506e-01, 1.797693134862e+308, 1.5289e+00, 7.3210e-01, 
 2DIAGNOSTIC,     2, -5.189226238262e-01, 1.797693134862e+308, 1.5591e+00, 3.0256e-02, 
 2DIAGNOSTIC,     3, -5.196899327325e-01, 1.797693134862e+308, 1.5889e+00, 2.9801e-02, 
 2DIAGNOSTIC,     4, -5.204463662977e-01, 1.797693134862e+308, 1.6200e+00, 3.1005e-02, 
 2DIAGNOSTIC,     5, -5.209979485269e-01, 1.797693134862e+308, 1.6508e+00, 3.0840e-02, 
 2DIAGNOSTIC,     6, -5.216357744154e-01, 1.797693134862e+308, 1.6820e+00, 3.1170e-02, 
 2DIAGNOSTIC,     7, -5.233753714894e-01, 1.797693134862e+308, 1.7125e+00, 3.0555e-02, 
 2DIAGNOSTIC,     8, -5.241119131356e-01, 1.797693134862e+308, 1.7494e+00, 3.6890e-02, 
 2DIAGNOSTIC,     9, -5.247293428688e-01, 1.797693134862e+308, 1.7858e+00, 3.6382e-02, 
 2DIAGNOSTIC,    10, -5.250028240641e-01, 8.899807880769e-04, 1.8161e+00, 3.0343e-02, 
 2DIAGNOSTIC,    11, -5.255570910425e-01, 7.959217709711e-04, 1.8503e+00, 3.4133e-02, 
 2DIAGNOSTIC,    12, -5.289098581489e-01, 8.211614559229e-04, 1.8835e+00, 3.3277e-02, 
 2DIAGNOSTIC,    13, -5.295596041719e-01, 8.231569086326e-04, 1.9159e+00, 3.2318e-02, 
 2DIAGNOSTIC,    14, -5.295253593930e-01, 7.798186904531e-04, 1.9453e+00, 2.9447e-02, 
 2DIAGNOSTIC,    15, -5.301734613522e-01, 7.172060722327e-04, 1.9753e+00, 2.9997e-02, 
 2DIAGNOSTIC,    16, -5.312974351924e-01, 6.544533856533e-04, 2.0058e+00, 3.0535e-02, 
 2DIAGNOSTIC,    17, -5.330531358835e-01, 6.473152907490e-04, 2.0695e+00, 6.3664e-02, 
 2DIAGNOSTIC,    18, -5.331722576854e-01, 6.054612400385e-04, 2.1009e+00, 3.1396e-02, 
 2DIAGNOSTIC,    19, -5.334117844807e-01, 5.389649240225e-04, 2.1328e+00, 3.1861e-02, 
 2DIAGNOSTIC,    20, -5.338314889923e-01, 4.491871791644e-04, 2.1640e+00, 3.1229e-02, 
 2DIAGNOSTIC,    21, -5.362089277946e-01, 3.984724313767e-04, 2.2048e+00, 4.0821e-02, 
 2DIAGNOSTIC,    22, -5.365939418980e-01, 4.045008819058e-04, 2.2341e+00, 2.9273e-02, 
 2DIAGNOSTIC,    23, -5.369798674574e-01, 3.975450257588e-04, 2.2640e+00, 2.9885e-02, 
 2DIAGNOSTIC,    24, -5.377757458004e-01, 3.722480737597e-04, 2.2925e+00, 2.8544e-02, 
 2DIAGNOSTIC,    25, -5.385262633417e-01, 3.434607648405e-04, 2.3336e+00, 4.1113e-02, 
 2DIAGNOSTIC,    26, -5.386745068302e-01, 3.091253070362e-04, 2.3656e+00, 3.1959e-02, 
 2DIAGNOSTIC,    27, -5.388664246916e-01, 2.872755979271e-04, 2.3945e+00, 2.8932e-02, 
 2DIAGNOSTIC,    28, -5.421167343404e-01, 3.052219270354e-04, 2.4278e+00, 3.3234e-02, 
 2DIAGNOSTIC,    29, -5.477624084182e-01, 4.003221957209e-04, 2.4689e+00, 4.1134e-02, 
 2DIAGNOSTIC,    30, -5.532680668546e-01, 5.532787453463e-04, 2.5008e+00, 3.1875e-02, 
 2DIAGNOSTIC,    31, -5.608832018621e-01, 8.150367892645e-04, 2.5355e+00, 3.4774e-02, 
 2DIAGNOSTIC,    32, -5.636243623332e-01, 1.033428608495e-03, 2.5702e+00, 3.4714e-02, 
 2DIAGNOSTIC,    33, -5.643507842200e-01, 1.158229608162e-03, 2.6196e+00, 4.9317e-02, 
 2DIAGNOSTIC,    34, -5.644271235295e-01, 1.179098657714e-03, 2.6576e+00, 3.8067e-02, 
 2DIAGNOSTIC,    35, -5.643923819764e-01, 1.097181190746e-03, 2.6884e+00, 3.0730e-02, 
 2DIAGNOSTIC,    36, -5.643742683964e-01, 9.175795117170e-04, 2.7224e+00, 3.4066e-02, 
 2DIAGNOSTIC,    37, -5.644070297660e-01, 6.641043122303e-04, 2.7525e+00, 3.0083e-02, 
 2DIAGNOSTIC,    38, -5.644581976974e-01, 4.074991475821e-04, 2.7838e+00, 3.1250e-02, 
 2DIAGNOSTIC,    39, -5.645421131266e-01, 2.031313407602e-04, 2.8249e+00, 4.1170e-02, 
 2DIAGNOSTIC,    40, -5.646037510132e-01, 6.124138712470e-05, 2.8586e+00, 3.3647e-02, 
 2DIAGNOSTIC,    41, -5.646491252770e-01, 1.830515043227e-05, 2.8896e+00, 3.1012e-02, 
 2DIAGNOSTIC,    42, -5.648141035079e-01, 1.196390319049e-05, 2.9214e+00, 3.1849e-02, 
 2DIAGNOSTIC,    43, -5.650999634778e-01, 1.713904026154e-05, 2.9508e+00, 2.9325e-02, 
 2DIAGNOSTIC,    44, -5.654083134162e-01, 2.502164424879e-05, 2.9834e+00, 3.2610e-02, 
 2DIAGNOSTIC,    45, -5.654755996174e-01, 3.057049225094e-05, 3.0173e+00, 3.3944e-02, 
 2DIAGNOSTIC,    46, -5.655865416053e-01, 3.413943579238e-05, 3.0512e+00, 3.3867e-02, 
 2DIAGNOSTIC,    47, -5.658458588457e-01, 3.759582287987e-05, 3.0838e+00, 3.2602e-02, 
 2DIAGNOSTIC,    48, -5.665536379087e-01, 4.550012024436e-05, 3.1280e+00, 4.4216e-02, 
 2DIAGNOSTIC,    49, -5.668085812561e-01, 5.217287791392e-05, 3.1606e+00, 3.2586e-02, 
 2DIAGNOSTIC,    50, -5.669053703948e-01, 5.537336034356e-05, 3.1930e+00, 3.2416e-02, 
 2DIAGNOSTIC,    51, -5.670474105479e-01, 5.524435676698e-05, 3.2206e+00, 2.7603e-02, 
 2DIAGNOSTIC,    52, -5.671046648792e-01, 5.201765906996e-05, 3.2511e+00, 3.0500e-02, 
 2DIAGNOSTIC,    53, -5.671235487412e-01, 4.680255738125e-05, 3.2830e+00, 3.1872e-02, 
 2DIAGNOSTIC,    54, -5.671956517949e-01, 4.101150249311e-05, 3.3118e+00, 2.8802e-02, 
 2DIAGNOSTIC,    55, -5.672352289781e-01, 3.264243821914e-05, 3.3432e+00, 3.1431e-02, 
 2DIAGNOSTIC,    56, -5.673740845400e-01, 2.384615815111e-05, 3.3977e+00, 5.4443e-02, 
 2DIAGNOSTIC,    57, -5.674129898981e-01, 1.567485595345e-05, 3.4286e+00, 3.0898e-02, 
 2DIAGNOSTIC,    58, -5.674067557256e-01, 1.259089426509e-05, 3.4606e+00, 3.2082e-02, 
 2DIAGNOSTIC,    59, -5.674027347923e-01, 1.067710746291e-05, 3.4903e+00, 2.9702e-02, 
 2DIAGNOSTIC,    60, -5.673947909022e-01, 8.590688147448e-06, 3.5266e+00, 3.6240e-02, 
 2DIAGNOSTIC,    61, -5.673912736850e-01, 6.954214686654e-06, 3.5614e+00, 3.4797e-02, 
 2DIAGNOSTIC,    62, -5.673786100280e-01, 5.125596595264e-06, 3.5911e+00, 2.9687e-02, 
 2DIAGNOSTIC,    63, -5.673755627829e-01, 3.051773439608e-06, 3.6215e+00, 3.0474e-02, 
 2DIAGNOSTIC,    64, -5.673819485358e-01, 1.445063864562e-06, 3.6535e+00, 3.1983e-02, 
DIAGNOSTIC,Iteration,metricValue,convergenceValue,ITERATION_TIME_INDEX,SINCE_LAST
 2DIAGNOSTIC,     1, -5.013752231373e-01, 1.797693134862e+308, 4.8480e+00, 1.1945e+00, 
 2DIAGNOSTIC,     2, -5.016190374735e-01, 1.797693134862e+308, 5.0669e+00, 2.1891e-01, 
 2DIAGNOSTIC,     3, -5.019220082271e-01, 1.797693134862e+308, 5.2810e+00, 2.1410e-01, 
 2DIAGNOSTIC,     4, -5.021306894279e-01, 1.797693134862e+308, 5.4976e+00, 2.1660e-01, 
 2DIAGNOSTIC,     5, -5.021420927822e-01, 1.797693134862e+308, 5.7442e+00, 2.4662e-01, 
 2DIAGNOSTIC,     6, -5.021734036019e-01, 1.797693134862e+308, 5.9550e+00, 2.1080e-01, 
 2DIAGNOSTIC,     7, -5.022445845962e-01, 1.797693134862e+308, 6.1868e+00, 2.3183e-01, 
 2DIAGNOSTIC,     8, -5.023704522609e-01, 1.797693134862e+308, 6.5743e+00, 3.8749e-01, 
 2DIAGNOSTIC,     9, -5.024040619702e-01, 1.797693134862e+308, 6.8251e+00, 2.5081e-01, 
 2DIAGNOSTIC,    10, -5.024095895814e-01, 1.216804933906e-04, 7.1691e+00, 3.4393e-01, 
 2DIAGNOSTIC,    11, -5.024096880414e-01, 8.146271166570e-05, 7.4212e+00, 2.5217e-01, 
 2DIAGNOSTIC,    12, -5.024092690188e-01, 5.204925649417e-05, 7.6673e+00, 2.4602e-01, 
 2DIAGNOSTIC,    13, -5.024078813503e-01, 3.549592540585e-05, 7.8824e+00, 2.1510e-01, 
 2DIAGNOSTIC,    14, -5.024066791907e-01, 2.670195368816e-05, 8.1235e+00, 2.4112e-01, 
 2DIAGNOSTIC,    15, -5.024063172439e-01, 1.733554537685e-05, 8.3992e+00, 2.7576e-01, 
 2DIAGNOSTIC,    16, -5.024048600167e-01, 8.800425334937e-06, 8.6350e+00, 2.3579e-01, 
 2DIAGNOSTIC,    17, -5.024050871317e-01, 2.917176905960e-06, 8.8584e+00, 2.2340e-01, 
 2DIAGNOSTIC,    18, -5.024045860102e-01, 1.504527819302e-06, 9.1632e+00, 3.0473e-01, 
 2DIAGNOSTIC,    19, -5.024038437538e-01, 1.239659945237e-06, 9.4140e+00, 2.5086e-01, 
 2DIAGNOSTIC,    20, -5.024031009948e-01, 1.177230984924e-06, 9.6357e+00, 2.2173e-01, 
 2DIAGNOSTIC,    21, -5.024015948941e-01, 1.121497932507e-06, 9.8553e+00, 2.1960e-01, 
 2DIAGNOSTIC,    22, -5.024018277999e-01, 1.103962906132e-06, 1.0077e+01, 2.2196e-01, 
 2DIAGNOSTIC,    23, -5.024013420737e-01, 1.073398849416e-06, 1.0323e+01, 2.4531e-01, 
 2DIAGNOSTIC,    24, -5.024008545071e-01, 1.034743226935e-06, 1.0562e+01, 2.3956e-01, 
 2DIAGNOSTIC,    25, -5.024002452018e-01, 1.006092624628e-06, 1.0800e+01, 2.3794e-01, 
DIAGNOSTIC,Iteration,metricValue,convergenceValue,ITERATION_TIME_INDEX,SINCE_LAST
 2DIAGNOSTIC,     1, -4.668988872004e-01, 1.797693134862e+308, 1.3315e+01, 2.5150e+00, 
 2DIAGNOSTIC,     2, -4.669852377212e-01, 1.797693134862e+308, 1.4674e+01, 1.3584e+00, 
 2DIAGNOSTIC,     3, -4.670076987569e-01, 1.797693134862e+308, 1.6003e+01, 1.3295e+00, 
 2DIAGNOSTIC,     4, -4.670095880525e-01, 1.797693134862e+308, 1.8303e+01, 2.3004e+00, 
 2DIAGNOSTIC,     5, -4.670190160612e-01, 1.797693134862e+308, 1.9699e+01, 1.3960e+00, 
 2DIAGNOSTIC,     6, -4.670445485884e-01, 1.797693134862e+308, 2.1135e+01, 1.4359e+00, 
 2DIAGNOSTIC,     7, -4.670612379194e-01, 1.797693134862e+308, 2.2544e+01, 1.4088e+00, 
 2DIAGNOSTIC,     8, -4.670788601293e-01, 1.797693134862e+308, 2.4468e+01, 1.9239e+00, 
 2DIAGNOSTIC,     9, -4.670837013222e-01, 1.797693134862e+308, 2.7406e+01, 2.9384e+00, 
 2DIAGNOSTIC,    10, -4.670841000225e-01, 2.445147876866e-05, 2.9033e+01, 1.6261e+00, 
 2DIAGNOSTIC,    11, -4.670840365417e-01, 1.662704335685e-05, 3.0670e+01, 1.6372e+00, 
 2DIAGNOSTIC,    12, -4.670839774675e-01, 1.320939253703e-05, 3.2493e+01, 1.8228e+00, 
 2DIAGNOSTIC,    13, -4.670839941747e-01, 1.042138803967e-05, 3.3978e+01, 1.4855e+00, 
 2DIAGNOSTIC,    14, -4.670837360844e-01, 7.385195091567e-06, 3.5314e+01, 1.3362e+00, 
 2DIAGNOSTIC,    15, -4.670837604010e-01, 4.659939224910e-06, 3.7110e+01, 1.7959e+00, 
 2DIAGNOSTIC,    16, -4.670836807460e-01, 3.003308585714e-06, 3.8931e+01, 1.8208e+00, 
 2DIAGNOSTIC,    17, -4.670835949319e-01, 2.026688135356e-06, 4.0512e+01, 1.5814e+00, 
 2DIAGNOSTIC,    18, -4.670834165055e-01, 1.729478264857e-06, 4.1857e+01, 1.3442e+00, 
 2DIAGNOSTIC,    19, -4.670833310824e-01, 1.619179621305e-06, 4.3328e+01, 1.4716e+00, 
 2DIAGNOSTIC,    20, -4.670833358183e-01, 1.537344069047e-06, 4.4778e+01, 1.4496e+00, 
 2DIAGNOSTIC,    21, -4.670833439762e-01, 1.466520658820e-06, 4.6449e+01, 1.6706e+00, 
 2DIAGNOSTIC,    22, -4.670831740318e-01, 1.400248829886e-06, 4.7837e+01, 1.3881e+00, 
 2DIAGNOSTIC,    23, -4.670832849591e-01, 1.347794913391e-06, 4.9286e+01, 1.4497e+00, 
 2DIAGNOSTIC,    24, -4.670834999695e-01, 1.301777023156e-06, 5.0900e+01, 1.6135e+00, 
 2DIAGNOSTIC,    25, -4.670834380111e-01, 1.260530462351e-06, 5.2270e+01, 1.3704e+00, 
 2DIAGNOSTIC,    26, -4.670833984927e-01, 1.220919928366e-06, 5.3974e+01, 1.7039e+00, 
 2DIAGNOSTIC,    27, -4.670837426739e-01, 1.190546546403e-06, 5.5328e+01, 1.3539e+00, 
 2DIAGNOSTIC,    28, -4.670840460093e-01, 1.163659105297e-06, 5.7304e+01, 1.9762e+00, 
 2DIAGNOSTIC,    29, -4.670838943765e-01, 1.130803601895e-06, 5.8854e+01, 1.5499e+00, 
 2DIAGNOSTIC,    30, -4.670837436385e-01, 1.094249353212e-06, 6.0484e+01, 1.6297e+00, 
 2DIAGNOSTIC,    31, -4.670836947970e-01, 1.056377126656e-06, 6.1991e+01, 1.5068e+00, 
 2DIAGNOSTIC,    32, -4.670836422463e-01, 1.013563822767e-06, 6.3454e+01, 1.4634e+00, 
  Elapsed time (stage 0): 6.4245e+01


Total elapsed time: 6.4248e+01
Info [verificarlo]: loaded backend libinterflop_ieee.so
Info [interflop-ieee]: load backend with:
Info [interflop-ieee]: debug = false
Info [interflop-ieee]: debug-binary = false
Info [interflop-ieee]: no-backend-name = false
Info [interflop-ieee]: print-new-line = false
Info [interflop-ieee]: print-subnormal-normalized = false
Info [interflop-ieee]: count-op = false
All_Command_lines_OK
Using double precision for computations.
=============================================================================
The composite transform comprises the following transforms (in order): 
  1. /home/mdugre/scratch/mri-registration-rp/datasets/ds004513/derivatives/mri-registration-rp/0001/antsRegistration-r8-p22/sub-s032/rigid_Composite.h5[0] (type = Euler3DTransform)
  2. /home/mdugre/scratch/mri-registration-rp/datasets/ds004513/derivatives/mri-registration-rp/0001/antsRegistration-r8-p22/sub-s032/rigid_Composite.h5[1] (type = Euler3DTransform)
  3. /home/mdugre/scratch/mri-registration-rp/datasets/ds004513/derivatives/mri-registration-rp/0001/antsRegistration-r8-p22/sub-s032/rigid_Composite.h5[2] (type = Euler3DTransform)
=============================================================================
  number of levels = 4
  fixed image: /templateflow/tpl-MNI152NLin2009cAsym/tpl-MNI152NLin2009cAsym_res-01_desc-brain_T1w.nii.gz
  moving image: /home/mdugre/scratch/mri-registration-rp/datasets/ds004513/derivatives/mri-registration-rp/antsBrainExtraction/sub-s032/BrainExtractionBrain.nii.gz
Dimension = 3
Number of stages = 1
Use histogram matching = false
Winsorize image intensities = true
  Lower quantile = 0.005
  Upper quantile = 0.995


Stage 1 State
   Image metric = MattesMI
     Fixed image = Image (0x40787e0)
  RTTI typeinfo:   itk::Image<double, 3u>
  Reference Count: 2
  Modified Time: 1592
  Debug: Off
  Object Name: 
  Observers: 
    none
  Source: (none)
  Source output name: (none)
  Release Data: Off
  Data Released: False
  Global Release Data: Off
  PipelineMTime: 0
  UpdateMTime: 1203
  RealTimeStamp: 0 seconds 
  LargestPossibleRegion: 
    Dimension: 3
    Index: [0, 0, 0]
    Size: [193, 229, 193]
  BufferedRegion: 
    Dimension: 3
    Index: [0, 0, 0]
    Size: [193, 229, 193]
  RequestedRegion: 
    Dimension: 3
    Index: [0, 0, 0]
    Size: [193, 229, 193]
  Spacing: [1, 1, 1]
  Origin: [96, 132, -78]
  Direction: 
-1 0 0
0 -1 0
0 0 1

  IndexToPointMatrix: 
-1 0 0
0 -1 0
0 0 1

  PointToIndexMatrix: 
-1 0 0
0 -1 0
0 0 1

  Inverse Direction: 
-1 0 0
0 -1 0
0 0 1

  PixelContainer: 
    ImportImageContainer (0x4138a20)
      RTTI typeinfo:   itk::ImportImageContainer<unsigned long, double>
      Reference Count: 1
      Modified Time: 1200
      Debug: Off
      Object Name: 
      Observers: 
        none
      Pointer: 0x14f582894010
      Container manages memory: true
      Size: 8530021
      Capacity: 8530021

     Moving image = Image (0x4133d70)
  RTTI typeinfo:   itk::Image<double, 3u>
  Reference Count: 2
  Modified Time: 1593
  Debug: Off
  Object Name: 
  Observers: 
    none
  Source: (none)
  Source output name: (none)
  Release Data: Off
  Data Released: False
  Global Release Data: Off
  PipelineMTime: 0
  UpdateMTime: 1590
  RealTimeStamp: 0 seconds 
  LargestPossibleRegion: 
    Dimension: 3
    Index: [0, 0, 0]
    Size: [160, 240, 256]
  BufferedRegion: 
    Dimension: 3
    Index: [0, 0, 0]
    Size: [160, 240, 256]
  RequestedRegion: 
    Dimension: 3
    Index: [0, 0, 0]
    Size: [160, 240, 256]
  Spacing: [1, 1, 1]
  Origin: [73.279, 104.707, -131.187]
  Direction: 
-0.997527 0.0645574 -0.0278053
-0.0645323 -0.997914 -0.00179875
-0.0278634 4.01097e-08 0.999612

  IndexToPointMatrix: 
-0.997527 0.0645574 -0.0278053
-0.0645323 -0.997914 -0.00179875
-0.0278634 4.01097e-08 0.999612

  PointToIndexMatrix: 
-0.997527 -0.0645323 -0.0278634
0.0645574 -0.997914 4.01049e-08
-0.0278053 -0.00179875 0.999612

  Inverse Direction: 
-0.997527 -0.0645323 -0.0278634
0.0645574 -0.997914 4.01049e-08
-0.0278053 -0.00179875 0.999612

  PixelContainer: 
    ImportImageContainer (0x40ebc90)
      RTTI typeinfo:   itk::ImportImageContainer<unsigned long, double>
      Reference Count: 1
      Modified Time: 1587
      Debug: Off
      Object Name: 
      Observers: 
        none
      Pointer: 0x14f57dd93010
      Container manages memory: true
      Size: 9830400
      Capacity: 9830400

     Weighting = 1
     Sampling strategy = regular
     Number of bins = 32
     Radius = 4
     Sampling percentage  = 0.25
   Transform = Affine
     Gradient step = 0.1
     Update field sigma (voxel space) = 0
     Total field sigma (voxel space) = 0
     Update field time sigma = 0
     Total field time sigma  = 0
     Number of time indices = 0
     Number of time point samples = 0
Registration using 1 total stages.

Stage 0
  iterations = 1000x500x250x100
  convergence threshold = 1e-06
  convergence window size = 10
  number of levels = 4
  using the Mattes MI metric (number of bins = 32, weight = 1, use gradient filter = 0)
  preprocessing:  winsorizing the image intensities
  Shrink factors (level 1 out of 4): [8, 8, 8]
  Shrink factors (level 2 out of 4): [4, 4, 4]
  Shrink factors (level 3 out of 4): [2, 2, 2]
  Shrink factors (level 4 out of 4): [1, 1, 1]
  smoothing sigmas per level: [3, 2, 1, 0]
  regular sampling (percentage = 0.25)

*** Running AffineTransform registration ***

DIAGNOSTIC,Iteration,metricValue,convergenceValue,ITERATION_TIME_INDEX,SINCE_LAST
 2DIAGNOSTIC,     1, -6.845206479654e-01, 1.797693134862e+308, 6.4069e-01, 6.4069e-01, 
 2DIAGNOSTIC,     2, -6.864586965398e-01, 1.797693134862e+308, 6.4551e-01, 4.8141e-03, 
 2DIAGNOSTIC,     3, -6.891019823932e-01, 1.797693134862e+308, 6.5085e-01, 5.3411e-03, 
 2DIAGNOSTIC,     4, -6.931160166757e-01, 1.797693134862e+308, 6.5624e-01, 5.3959e-03, 
 2DIAGNOSTIC,     5, -7.089573672500e-01, 1.797693134862e+308, 6.6160e-01, 5.3580e-03, 
 2DIAGNOSTIC,     6, -7.217534988982e-01, 1.797693134862e+308, 6.6648e-01, 4.8790e-03, 
 2DIAGNOSTIC,     7, -7.211509511623e-01, 1.797693134862e+308, 6.7168e-01, 5.1970e-03, 
 2DIAGNOSTIC,     8, -7.217221333437e-01, 1.797693134862e+308, 6.7631e-01, 4.6341e-03, 
 2DIAGNOSTIC,     9, -7.228028849047e-01, 1.797693134862e+308, 6.8099e-01, 4.6771e-03, 
 2DIAGNOSTIC,    10, -7.249541600184e-01, 4.433908239948e-03, 6.8561e-01, 4.6232e-03, 
 2DIAGNOSTIC,    11, -7.276453496976e-01, 3.616873555988e-03, 6.9036e-01, 4.7469e-03, 
 2DIAGNOSTIC,    12, -7.288800950842e-01, 2.726459246871e-03, 6.9577e-01, 5.4111e-03, 
 2DIAGNOSTIC,    13, -7.321101880584e-01, 1.919732836988e-03, 7.0259e-01, 6.8250e-03, 
 2DIAGNOSTIC,    14, -7.335019211278e-01, 1.200350694296e-03, 7.0708e-01, 4.4911e-03, 
 2DIAGNOSTIC,    15, -7.346680743206e-01, 9.100301004154e-04, 7.1245e-01, 5.3670e-03, 
 2DIAGNOSTIC,    16, -7.355321652880e-01, 9.128191048366e-04, 7.1865e-01, 6.1970e-03, 
 2DIAGNOSTIC,    17, -7.359003866915e-01, 8.260854432744e-04, 7.2434e-01, 5.6901e-03, 
 2DIAGNOSTIC,    18, -7.360724993138e-01, 6.893588583685e-04, 7.2873e-01, 4.3871e-03, 
 2DIAGNOSTIC,    19, -7.363014780375e-01, 5.301915620247e-04, 7.3458e-01, 5.8560e-03, 
 2DIAGNOSTIC,    20, -7.365002424017e-01, 3.838615257231e-04, 7.4062e-01, 6.0401e-03, 
 2DIAGNOSTIC,    21, -7.366615255694e-01, 2.698133828998e-04, 7.4572e-01, 5.0950e-03, 
 2DIAGNOSTIC,    22, -7.367594553640e-01, 1.639916140073e-04, 7.5030e-01, 4.5850e-03, 
 2DIAGNOSTIC,    23, -7.367676647567e-01, 1.074809827061e-04, 7.5493e-01, 4.6248e-03, 
 2DIAGNOSTIC,    24, -7.367526853519e-01, 6.806766992052e-05, 7.5932e-01, 4.3900e-03, 
 2DIAGNOSTIC,    25, -7.368397860335e-01, 4.496939632580e-05, 7.6391e-01, 4.5960e-03, 
 2DIAGNOSTIC,    26, -7.369269218614e-01, 3.376128460455e-05, 7.6923e-01, 5.3189e-03, 
 2DIAGNOSTIC,    27, -7.370358914255e-01, 2.722437379110e-05, 7.7469e-01, 5.4581e-03, 
 2DIAGNOSTIC,    28, -7.372749434532e-01, 2.442595319720e-05, 7.7933e-01, 4.6370e-03, 
 2DIAGNOSTIC,    29, -7.372354088596e-01, 2.209968371015e-05, 7.8416e-01, 4.8301e-03, 
 2DIAGNOSTIC,    30, -7.375023907264e-01, 2.403408379806e-05, 7.9044e-01, 6.2799e-03, 
 2DIAGNOSTIC,    31, -7.374534242489e-01, 2.496903958363e-05, 7.9514e-01, 4.7040e-03, 
 2DIAGNOSTIC,    32, -7.377030446677e-01, 2.784869790631e-05, 8.0083e-01, 5.6882e-03, 
 2DIAGNOSTIC,    33, -7.378309164741e-01, 2.956183065792e-05, 8.0547e-01, 4.6399e-03, 
 2DIAGNOSTIC,    34, -7.378822119382e-01, 2.885037714211e-05, 8.1011e-01, 4.6442e-03, 
 2DIAGNOSTIC,    35, -7.379476470641e-01, 2.726198149373e-05, 8.1476e-01, 4.6432e-03, 
 2DIAGNOSTIC,    36, -7.382019150855e-01, 2.694825446354e-05, 8.2149e-01, 6.7289e-03, 
 2DIAGNOSTIC,    37, -7.382935808472e-01, 2.615069042456e-05, 8.2621e-01, 4.7228e-03, 
 2DIAGNOSTIC,    38, -7.383303534546e-01, 2.583863659935e-05, 8.3160e-01, 5.3968e-03, 
 2DIAGNOSTIC,    39, -7.384953002640e-01, 2.439993824876e-05, 8.3626e-01, 4.6561e-03, 
 2DIAGNOSTIC,    40, -7.384643227404e-01, 2.310103928192e-05, 8.4093e-01, 4.6680e-03, 
 2DIAGNOSTIC,    41, -7.386749065098e-01, 2.121646419397e-05, 8.4583e-01, 4.9050e-03, 
 2DIAGNOSTIC,    42, -7.387940487082e-01, 2.081575102793e-05, 8.5292e-01, 7.0908e-03, 
 2DIAGNOSTIC,    43, -7.388241516012e-01, 1.995438486688e-05, 8.5770e-01, 4.7731e-03, 
 2DIAGNOSTIC,    44, -7.388490178173e-01, 1.800562265187e-05, 8.6237e-01, 4.6699e-03, 
 2DIAGNOSTIC,    45, -7.393443985369e-01, 1.930127668612e-05, 8.6726e-01, 4.8940e-03, 
 2DIAGNOSTIC,    46, -7.394867038034e-01, 2.197494252413e-05, 8.7255e-01, 5.2841e-03, 
 2DIAGNOSTIC,    47, -7.395222827621e-01, 2.354894892683e-05, 8.7939e-01, 6.8409e-03, 
 2DIAGNOSTIC,    48, -7.395415299356e-01, 2.337023369317e-05, 8.8418e-01, 4.7939e-03, 
 2DIAGNOSTIC,    49, -7.395931631978e-01, 2.278404687506e-05, 8.8888e-01, 4.6952e-03, 
 2DIAGNOSTIC,    50, -7.396264428075e-01, 2.001187559254e-05, 8.9353e-01, 4.6589e-03, 
 2DIAGNOSTIC,    51, -7.396535668368e-01, 1.725041720279e-05, 8.9874e-01, 5.2030e-03, 
 2DIAGNOSTIC,    52, -7.396787518408e-01, 1.413145055236e-05, 9.0383e-01, 5.0960e-03, 
 2DIAGNOSTIC,    53, -7.396464558667e-01, 9.870759463144e-06, 9.0862e-01, 4.7860e-03, 
 2DIAGNOSTIC,    54, -7.399057035544e-01, 6.842494719710e-06, 9.1389e-01, 5.2681e-03, 
 2DIAGNOSTIC,    55, -7.401282879288e-01, 8.313070229894e-06, 9.1873e-01, 4.8380e-03, 
 2DIAGNOSTIC,    56, -7.401916985495e-01, 1.038399501243e-05, 9.2361e-01, 4.8802e-03, 
 2DIAGNOSTIC,    57, -7.405367096398e-01, 1.406667768688e-05, 9.2949e-01, 5.8830e-03, 
 2DIAGNOSTIC,    58, -7.405809337182e-01, 1.670348364963e-05, 9.3452e-01, 5.0261e-03, 
 2DIAGNOSTIC,    59, -7.406369669681e-01, 1.839632676847e-05, 9.3921e-01, 4.6990e-03, 
 2DIAGNOSTIC,    60, -7.407732458923e-01, 1.940250853653e-05, 9.4443e-01, 5.2140e-03, 
 2DIAGNOSTIC,    61, -7.408189677166e-01, 1.900718329665e-05, 9.4911e-01, 4.6830e-03, 
 2DIAGNOSTIC,    62, -7.407791129237e-01, 1.677179062443e-05, 9.5380e-01, 4.6849e-03, 
 2DIAGNOSTIC,    63, -7.409956709054e-01, 1.416507073465e-05, 9.5851e-01, 4.7102e-03, 
 2DIAGNOSTIC,    64, -7.411238454062e-01, 1.262714355147e-05, 9.6371e-01, 5.1999e-03, 
 2DIAGNOSTIC,    65, -7.412871263829e-01, 1.226250119758e-05, 9.6896e-01, 5.2550e-03, 
 2DIAGNOSTIC,    66, -7.412835778874e-01, 1.107319610485e-05, 9.7417e-01, 5.2061e-03, 
 2DIAGNOSTIC,    67, -7.414321740885e-01, 1.178614286371e-05, 9.8047e-01, 6.3009e-03, 
 2DIAGNOSTIC,    68, -7.414544961586e-01, 1.173998817207e-05, 9.8497e-01, 4.5030e-03, 
 2DIAGNOSTIC,    69, -7.413687543339e-01, 1.040595961704e-05, 9.8960e-01, 4.6301e-03, 
 2DIAGNOSTIC,    70, -7.413118485629e-01, 8.611611983055e-06, 9.9379e-01, 4.1869e-03, 
 2DIAGNOSTIC,    71, -7.412531446735e-01, 6.042466759362e-06, 9.9968e-01, 5.8949e-03, 
 2DIAGNOSTIC,    72, -7.412729256199e-01, 2.871524939932e-06, 1.0040e+00, 4.3559e-03, 
DIAGNOSTIC,Iteration,metricValue,convergenceValue,ITERATION_TIME_INDEX,SINCE_LAST
 2DIAGNOSTIC,     1, -5.981170063431e-01, 1.797693134862e+308, 1.7005e+00, 6.9642e-01, 
 2DIAGNOSTIC,     2, -5.986760251354e-01, 1.797693134862e+308, 1.7372e+00, 3.6792e-02, 
 2DIAGNOSTIC,     3, -5.994117398231e-01, 1.797693134862e+308, 1.7748e+00, 3.7598e-02, 
 2DIAGNOSTIC,     4, -5.999910120605e-01, 1.797693134862e+308, 1.8069e+00, 3.2022e-02, 
 2DIAGNOSTIC,     5, -6.006109230529e-01, 1.797693134862e+308, 1.8395e+00, 3.2588e-02, 
 2DIAGNOSTIC,     6, -6.014522007294e-01, 1.797693134862e+308, 1.8722e+00, 3.2701e-02, 
 2DIAGNOSTIC,     7, -6.027288120555e-01, 1.797693134862e+308, 1.9122e+00, 4.0058e-02, 
 2DIAGNOSTIC,     8, -6.033257159272e-01, 1.797693134862e+308, 1.9608e+00, 4.8588e-02, 
 2DIAGNOSTIC,     9, -6.034252560487e-01, 1.797693134862e+308, 1.9929e+00, 3.2111e-02, 
 2DIAGNOSTIC,    10, -6.034627598949e-01, 6.490230476861e-04, 2.0291e+00, 3.6218e-02, 
 2DIAGNOSTIC,    11, -6.036198757512e-01, 5.344826501173e-04, 2.0663e+00, 3.7154e-02, 
 2DIAGNOSTIC,    12, -6.040153295794e-01, 4.276923374336e-04, 2.1062e+00, 3.9936e-02, 
 2DIAGNOSTIC,    13, -6.043424678034e-01, 3.369209370308e-04, 2.1410e+00, 3.4746e-02, 
 2DIAGNOSTIC,    14, -6.048857164798e-01, 2.668755292221e-04, 2.1799e+00, 3.8932e-02, 
 2DIAGNOSTIC,    15, -6.054759591394e-01, 2.199429626889e-04, 2.2612e+00, 8.1285e-02, 
 2DIAGNOSTIC,    16, -6.054344375943e-01, 1.814281567007e-04, 2.3000e+00, 3.8782e-02, 
 2DIAGNOSTIC,    17, -6.054267713859e-01, 1.659718693973e-04, 2.3524e+00, 5.2390e-02, 
 2DIAGNOSTIC,    18, -6.054240778813e-01, 1.526625270325e-04, 2.3924e+00, 4.0012e-02, 
 2DIAGNOSTIC,    19, -6.054100402518e-01, 1.287526612647e-04, 2.4331e+00, 4.0779e-02, 
 2DIAGNOSTIC,    20, -6.054072948051e-01, 9.611537881440e-05, 2.4873e+00, 5.4186e-02, 
 2DIAGNOSTIC,    21, -6.054000616913e-01, 6.115421872683e-05, 2.5335e+00, 4.6169e-02, 
 2DIAGNOSTIC,    22, -6.053842980494e-01, 3.209755311627e-05, 2.5754e+00, 4.1864e-02, 
 2DIAGNOSTIC,    23, -6.053792054816e-01, 9.126940169128e-06, 2.6167e+00, 4.1329e-02, 
DIAGNOSTIC,Iteration,metricValue,convergenceValue,ITERATION_TIME_INDEX,SINCE_LAST
 2DIAGNOSTIC,     1, -5.406069186478e-01, 1.797693134862e+308, 3.7152e+00, 1.0985e+00, 
 2DIAGNOSTIC,     2, -5.410478015768e-01, 1.797693134862e+308, 3.9478e+00, 2.3256e-01, 
 2DIAGNOSTIC,     3, -5.416149806947e-01, 1.797693134862e+308, 4.1906e+00, 2.4279e-01, 
 2DIAGNOSTIC,     4, -5.423316441018e-01, 1.797693134862e+308, 4.4561e+00, 2.6555e-01, 
 2DIAGNOSTIC,     5, -5.432235292324e-01, 1.797693134862e+308, 4.6899e+00, 2.3377e-01, 
 2DIAGNOSTIC,     6, -5.437143685819e-01, 1.797693134862e+308, 4.9702e+00, 2.8026e-01, 
 2DIAGNOSTIC,     7, -5.437982963416e-01, 1.797693134862e+308, 5.3456e+00, 3.7549e-01, 
