
##########################
# Experiment information #
##########################

EXPERIMENT_NAME: antsRegistration-r8-p19
VFC_BACKENDS: libinterflop_vprec.so --range-binary32=8 --precision-binary32=19 --range-binary64=8 --precision-binary64=19

SIF_IMG: /home/mdugre/projects/rrg-glatard/mdugre/containers/ants-vprec-no_metrics.simg

SUBJECT_ID: s025
INPUT_IMG: /home/mdugre/scratch/mri-registration-rp/datasets/ds004513/derivatives/mri-registration-rp/antsBrainExtraction/sub-s025/BrainExtractionBrain.nii.gz
OUTPUT_DIR: /home/mdugre/scratch/mri-registration-rp/datasets/ds004513/derivatives/mri-registration-rp/0001/antsRegistration-r8-p19/sub-s025

FIXED_IMG: /templateflow/tpl-MNI152NLin2009cAsym/tpl-MNI152NLin2009cAsym_res-01_desc-brain_T1w.nii.gz
DATA_DIR: /home/mdugre/scratch/mri-registration-rp/datasets/ds004513
TEMPLATEFLOW_DIR: /home/mdugre/projects/rrg-glatard/mdugre/templateflow
ITK_GLOBAL_DEFAULT_NUMBER_OF_THREADS: 16
##########################

Info [verificarlo]: loaded backend libinterflop_ieee.so
Info [interflop-ieee]: load backend with:
Info [interflop-ieee]: debug = false
Info [interflop-ieee]: debug-binary = false
Info [interflop-ieee]: no-backend-name = false
Info [interflop-ieee]: print-new-line = false
Info [interflop-ieee]: print-subnormal-normalized = false
Info [interflop-ieee]: count-op = false
All_Command_lines_OK
Using double precision for computations.
=============================================================================
The composite transform comprises the following transforms (in order): 
  1. Center of mass alignment using fixed image: /templateflow/tpl-MNI152NLin2009cAsym/tpl-MNI152NLin2009cAsym_res-01_desc-brain_T1w.nii.gz and moving image: /home/mdugre/scratch/mri-registration-rp/datasets/ds004513/derivatives/mri-registration-rp/antsBrainExtraction/sub-s025/BrainExtractionBrain.nii.gz (type = Euler3DTransform)
=============================================================================
  number of levels = 1
  fixed image: /templateflow/tpl-MNI152NLin2009cAsym/tpl-MNI152NLin2009cAsym_res-01_desc-brain_T1w.nii.gz
  moving image: /home/mdugre/scratch/mri-registration-rp/datasets/ds004513/derivatives/mri-registration-rp/antsBrainExtraction/sub-s025/BrainExtractionBrain.nii.gz
Dimension = 3
Number of stages = 1
Use histogram matching = false
Winsorize image intensities = true
  Lower quantile = 0.005
  Upper quantile = 0.995


Stage 1 State
   Image metric = MattesMI
     Fixed image = Image (0x4a5ee70)
  RTTI typeinfo:   itk::Image<double, 3u>
  Reference Count: 2
  Modified Time: 2334
  Debug: Off
  Object Name: 
  Observers: 
    none
  Source: (none)
  Source output name: (none)
  Release Data: Off
  Data Released: False
  Global Release Data: Off
  PipelineMTime: 0
  UpdateMTime: 1943
  RealTimeStamp: 0 seconds 
  LargestPossibleRegion: 
    Dimension: 3
    Index: [0, 0, 0]
    Size: [193, 229, 193]
  BufferedRegion: 
    Dimension: 3
    Index: [0, 0, 0]
    Size: [193, 229, 193]
  RequestedRegion: 
    Dimension: 3
    Index: [0, 0, 0]
    Size: [193, 229, 193]
  Spacing: [1, 1, 1]
  Origin: [96, 132, -78]
  Direction: 
-1 0 0
0 -1 0
0 0 1

  IndexToPointMatrix: 
-1 0 0
0 -1 0
0 0 1

  PointToIndexMatrix: 
-1 0 0
0 -1 0
0 0 1

  Inverse Direction: 
-1 0 0
0 -1 0
0 0 1

  PixelContainer: 
    ImportImageContainer (0x4a67c60)
      RTTI typeinfo:   itk::ImportImageContainer<unsigned long, double>
      Reference Count: 1
      Modified Time: 1940
      Debug: Off
      Object Name: 
      Observers: 
        none
      Pointer: 0x153b143ce010
      Container manages memory: true
      Size: 8530021
      Capacity: 8530021

     Moving image = Image (0x4a6a610)
  RTTI typeinfo:   itk::Image<double, 3u>
  Reference Count: 2
  Modified Time: 2335
  Debug: Off
  Object Name: 
  Observers: 
    none
  Source: (none)
  Source output name: (none)
  Release Data: Off
  Data Released: False
  Global Release Data: Off
  PipelineMTime: 0
  UpdateMTime: 2332
  RealTimeStamp: 0 seconds 
  LargestPossibleRegion: 
    Dimension: 3
    Index: [0, 0, 0]
    Size: [176, 240, 256]
  BufferedRegion: 
    Dimension: 3
    Index: [0, 0, 0]
    Size: [176, 240, 256]
  RequestedRegion: 
    Dimension: 3
    Index: [0, 0, 0]
    Size: [176, 240, 256]
  Spacing: [0.999999, 1, 1]
  Origin: [90.3778, 84.5091, -154.071]
  Direction: 
-0.999391 7.48184e-06 -0.0348969
-7.47664e-06 -1 -2.7953e-07
-0.0348969 -1.84481e-08 0.999391

  IndexToPointMatrix: 
-0.99939 7.48184e-06 -0.0348969
-7.47663e-06 -1 -2.7953e-07
-0.0348968 -1.84481e-08 0.999391

  PointToIndexMatrix: 
-0.999392 -7.47665e-06 -0.0348969
7.48184e-06 -1 -1.84481e-08
-0.0348969 -2.7953e-07 0.999391

  Inverse Direction: 
-0.999391 -7.47664e-06 -0.0348969
7.48184e-06 -1 -1.84481e-08
-0.0348969 -2.7953e-07 0.999391

  PixelContainer: 
    ImportImageContainer (0x4b03ef0)
      RTTI typeinfo:   itk::ImportImageContainer<unsigned long, double>
      Reference Count: 1
      Modified Time: 2329
      Debug: Off
      Object Name: 
      Observers: 
        none
      Pointer: 0x153b0f14d010
      Container manages memory: true
      Size: 10813440
      Capacity: 10813440

     Weighting = 1
     Sampling strategy = regular
     Number of bins = 32
     Radius = 4
     Sampling percentage  = 0.25
   Transform = Rigid
     Gradient step = 0.1
     Update field sigma (voxel space) = 0
     Total field sigma (voxel space) = 0
     Update field time sigma = 0
     Total field time sigma  = 0
     Number of time indices = 0
     Number of time point samples = 0
Registration using 1 total stages.

Stage 0
  iterations = 0
  convergence threshold = 1e-06
  convergence window size = 10
  number of levels = 1
  using the Mattes MI metric (number of bins = 32, weight = 1, use gradient filter = 0)
  preprocessing:  winsorizing the image intensities
  Shrink factors (level 1 out of 1): [1, 1, 1]
  smoothing sigmas per level: [0]
  regular sampling (percentage = 0.25)

*** Running Euler3DTransform registration ***

  Elapsed time (stage 0): 1.14031


Total elapsed time: 1.14282
Info [verificarlo]: loaded backend libinterflop_ieee.so
Info [interflop-ieee]: load backend with:
Info [interflop-ieee]: debug = false
Info [interflop-ieee]: debug-binary = false
Info [interflop-ieee]: no-backend-name = false
Info [interflop-ieee]: print-new-line = false
Info [interflop-ieee]: print-subnormal-normalized = false
Info [interflop-ieee]: count-op = false
All_Command_lines_OK
Using double precision for computations.
=============================================================================
The composite transform comprises the following transforms (in order): 
  1. /home/mdugre/scratch/mri-registration-rp/datasets/ds004513/derivatives/mri-registration-rp/0001/antsRegistration-r8-p19/sub-s025/align_Composite.h5[0] (type = Euler3DTransform)
  2. /home/mdugre/scratch/mri-registration-rp/datasets/ds004513/derivatives/mri-registration-rp/0001/antsRegistration-r8-p19/sub-s025/align_Composite.h5[1] (type = Euler3DTransform)
=============================================================================
  number of levels = 4
  fixed image: /templateflow/tpl-MNI152NLin2009cAsym/tpl-MNI152NLin2009cAsym_res-01_desc-brain_T1w.nii.gz
  moving image: /home/mdugre/scratch/mri-registration-rp/datasets/ds004513/derivatives/mri-registration-rp/antsBrainExtraction/sub-s025/BrainExtractionBrain.nii.gz
Dimension = 3
Number of stages = 1
Use histogram matching = false
Winsorize image intensities = true
  Lower quantile = 0.005
  Upper quantile = 0.995


Stage 1 State
   Image metric = MattesMI
     Fixed image = Image (0x51a6530)
  RTTI typeinfo:   itk::Image<double, 3u>
  Reference Count: 2
  Modified Time: 1580
  Debug: Off
  Object Name: 
  Observers: 
    none
  Source: (none)
  Source output name: (none)
  Release Data: Off
  Data Released: False
  Global Release Data: Off
  PipelineMTime: 0
  UpdateMTime: 1189
  RealTimeStamp: 0 seconds 
  LargestPossibleRegion: 
    Dimension: 3
    Index: [0, 0, 0]
    Size: [193, 229, 193]
  BufferedRegion: 
    Dimension: 3
    Index: [0, 0, 0]
    Size: [193, 229, 193]
  RequestedRegion: 
    Dimension: 3
    Index: [0, 0, 0]
    Size: [193, 229, 193]
  Spacing: [1, 1, 1]
  Origin: [96, 132, -78]
  Direction: 
-1 0 0
0 -1 0
0 0 1

  IndexToPointMatrix: 
-1 0 0
0 -1 0
0 0 1

  PointToIndexMatrix: 
-1 0 0
0 -1 0
0 0 1

  Inverse Direction: 
-1 0 0
0 -1 0
0 0 1

  PixelContainer: 
    ImportImageContainer (0x5264d60)
      RTTI typeinfo:   itk::ImportImageContainer<unsigned long, double>
      Reference Count: 1
      Modified Time: 1186
      Debug: Off
      Object Name: 
      Observers: 
        none
      Pointer: 0x1468d2c07010
      Container manages memory: true
      Size: 8530021
      Capacity: 8530021

     Moving image = Image (0x5256f60)
  RTTI typeinfo:   itk::Image<double, 3u>
  Reference Count: 2
  Modified Time: 1581
  Debug: Off
  Object Name: 
  Observers: 
    none
  Source: (none)
  Source output name: (none)
  Release Data: Off
  Data Released: False
  Global Release Data: Off
  PipelineMTime: 0
  UpdateMTime: 1578
  RealTimeStamp: 0 seconds 
  LargestPossibleRegion: 
    Dimension: 3
    Index: [0, 0, 0]
    Size: [176, 240, 256]
  BufferedRegion: 
    Dimension: 3
    Index: [0, 0, 0]
    Size: [176, 240, 256]
  RequestedRegion: 
    Dimension: 3
    Index: [0, 0, 0]
    Size: [176, 240, 256]
  Spacing: [0.999999, 1, 1]
  Origin: [90.3778, 84.5091, -154.071]
  Direction: 
-0.999391 7.48184e-06 -0.0348969
-7.47664e-06 -1 -2.7953e-07
-0.0348969 -1.84481e-08 0.999391

  IndexToPointMatrix: 
-0.99939 7.48184e-06 -0.0348969
-7.47663e-06 -1 -2.7953e-07
-0.0348968 -1.84481e-08 0.999391

  PointToIndexMatrix: 
-0.999392 -7.47665e-06 -0.0348969
7.48184e-06 -1 -1.84481e-08
-0.0348969 -2.7953e-07 0.999391

  Inverse Direction: 
-0.999391 -7.47664e-06 -0.0348969
7.48184e-06 -1 -1.84481e-08
-0.0348969 -2.7953e-07 0.999391

  PixelContainer: 
    ImportImageContainer (0x52486d0)
      RTTI typeinfo:   itk::ImportImageContainer<unsigned long, double>
      Reference Count: 1
      Modified Time: 1575
      Debug: Off
      Object Name: 
      Observers: 
        none
      Pointer: 0x1468cd986010
      Container manages memory: true
      Size: 10813440
      Capacity: 10813440

     Weighting = 1
     Sampling strategy = regular
     Number of bins = 32
     Radius = 4
     Sampling percentage  = 0.25
   Transform = Rigid
     Gradient step = 0.1
     Update field sigma (voxel space) = 0
     Total field sigma (voxel space) = 0
     Update field time sigma = 0
     Total field time sigma  = 0
     Number of time indices = 0
     Number of time point samples = 0
Registration using 1 total stages.

Stage 0
  iterations = 1000x500x250x100
  convergence threshold = 1e-06
  convergence window size = 10
  number of levels = 4
  using the Mattes MI metric (number of bins = 32, weight = 1, use gradient filter = 0)
  preprocessing:  winsorizing the image intensities
  Shrink factors (level 1 out of 4): [8, 8, 8]
  Shrink factors (level 2 out of 4): [4, 4, 4]
  Shrink factors (level 3 out of 4): [2, 2, 2]
  Shrink factors (level 4 out of 4): [1, 1, 1]
  smoothing sigmas per level: [3, 2, 1, 0]
  regular sampling (percentage = 0.25)

*** Running Euler3DTransform registration ***

DIAGNOSTIC,Iteration,metricValue,convergenceValue,ITERATION_TIME_INDEX,SINCE_LAST
 2DIAGNOSTIC,     1, -5.323241903179e-01, 1.797693134862e+308, 8.1131e-01, 8.1131e-01, 
 2DIAGNOSTIC,     2, -5.346190553927e-01, 1.797693134862e+308, 8.1632e-01, 5.0170e-03, 
 2DIAGNOSTIC,     3, -5.378036555361e-01, 1.797693134862e+308, 8.2078e-01, 4.4551e-03, 
 2DIAGNOSTIC,     4, -5.422949451405e-01, 1.797693134862e+308, 8.2513e-01, 4.3461e-03, 
 2DIAGNOSTIC,     5, -5.486805952477e-01, 1.797693134862e+308, 8.2947e-01, 4.3390e-03, 
 2DIAGNOSTIC,     6, -5.542790085272e-01, 1.797693134862e+308, 8.3406e-01, 4.5900e-03, 
 2DIAGNOSTIC,     7, -5.627123115611e-01, 1.797693134862e+308, 8.3852e-01, 4.4661e-03, 
 2DIAGNOSTIC,     8, -5.766609943856e-01, 1.797693134862e+308, 8.4323e-01, 4.7050e-03, 
 2DIAGNOSTIC,     9, -5.881111419397e-01, 1.797693134862e+308, 8.4783e-01, 4.6051e-03, 
 2DIAGNOSTIC,    10, -6.012927005665e-01, 7.820055967720e-03, 8.5410e-01, 6.2730e-03, 
 2DIAGNOSTIC,    11, -6.192402913591e-01, 8.564422673938e-03, 8.6202e-01, 7.9181e-03, 
 2DIAGNOSTIC,    12, -6.197111897444e-01, 8.513711436511e-03, 8.6664e-01, 4.6210e-03, 
 2DIAGNOSTIC,    13, -6.223136777510e-01, 7.932305190654e-03, 8.7107e-01, 4.4229e-03, 
 2DIAGNOSTIC,    14, -6.239859078530e-01, 6.938967258809e-03, 8.7553e-01, 4.4649e-03, 
 2DIAGNOSTIC,    15, -6.258731029035e-01, 5.722268374535e-03, 8.7995e-01, 4.4219e-03, 
 2DIAGNOSTIC,    16, -6.290042957041e-01, 4.404898010713e-03, 8.8458e-01, 4.6260e-03, 
 2DIAGNOSTIC,    17, -6.327399548166e-01, 3.192249457991e-03, 8.9030e-01, 5.7249e-03, 
 2DIAGNOSTIC,    18, -6.361770329221e-01, 2.298162514644e-03, 8.9592e-01, 5.6190e-03, 
 2DIAGNOSTIC,    19, -6.381920795256e-01, 1.629119692122e-03, 9.0095e-01, 5.0240e-03, 
 2DIAGNOSTIC,    20, -6.414786468551e-01, 1.264281191486e-03, 9.0547e-01, 4.5249e-03, 
 2DIAGNOSTIC,    21, -6.422621311479e-01, 1.244231354572e-03, 9.0987e-01, 4.4019e-03, 
 2DIAGNOSTIC,    22, -6.443386369664e-01, 1.164065699265e-03, 9.1434e-01, 4.4661e-03, 
 2DIAGNOSTIC,    23, -6.458367311008e-01, 1.066297095512e-03, 9.1899e-01, 4.6492e-03, 
 2DIAGNOSTIC,    24, -6.528535014708e-01, 1.047817940526e-03, 9.2428e-01, 5.2900e-03, 
 2DIAGNOSTIC,    25, -6.591704563659e-01, 1.083081259364e-03, 9.3049e-01, 6.2060e-03, 
 2DIAGNOSTIC,    26, -6.605963657790e-01, 1.093549167286e-03, 9.3545e-01, 4.9682e-03, 
 2DIAGNOSTIC,    27, -6.608439808496e-01, 1.070984910875e-03, 9.3994e-01, 4.4899e-03, 
 2DIAGNOSTIC,    28, -6.615671822850e-01, 1.019502613421e-03, 9.4443e-01, 4.4880e-03, 
 2DIAGNOSTIC,    29, -6.628794558760e-01, 9.260606496951e-04, 9.4905e-01, 4.6179e-03, 
 2DIAGNOSTIC,    30, -6.728295235313e-01, 9.537373176929e-04, 9.5583e-01, 6.7801e-03, 
 2DIAGNOSTIC,    31, -6.735478645721e-01, 9.084150070219e-04, 9.6036e-01, 4.5261e-03, 
 2DIAGNOSTIC,    32, -6.743492159657e-01, 8.254127860579e-04, 9.6495e-01, 4.5929e-03, 
 2DIAGNOSTIC,    33, -6.778518483454e-01, 7.396600926030e-04, 9.6978e-01, 4.8270e-03, 
 2DIAGNOSTIC,    34, -6.872952665231e-01, 8.064173994838e-04, 9.7916e-01, 9.3861e-03, 
 2DIAGNOSTIC,    35, -6.877318765112e-01, 8.751560115681e-04, 9.8375e-01, 4.5850e-03, 
 2DIAGNOSTIC,    36, -6.893210636531e-01, 8.964158005369e-04, 9.8823e-01, 4.4839e-03, 
 2DIAGNOSTIC,    37, -6.927371842073e-01, 8.791171188396e-04, 9.9276e-01, 4.5280e-03, 
 2DIAGNOSTIC,    38, -7.010196334382e-01, 8.852725342189e-04, 9.9726e-01, 4.5040e-03, 
 2DIAGNOSTIC,    39, -7.064002728722e-01, 8.771055822692e-04, 1.0018e+00, 4.5300e-03, 
 2DIAGNOSTIC,    40, -7.084322974465e-01, 9.204484791805e-04, 1.0063e+00, 4.4641e-03, 
 2DIAGNOSTIC,    41, -7.160902516910e-01, 9.680612991022e-04, 1.0113e+00, 5.0929e-03, 
 2DIAGNOSTIC,    42, -7.193249415479e-01, 9.618735834409e-04, 1.0174e+00, 6.0618e-03, 
 2DIAGNOSTIC,    43, -7.222053757560e-01, 9.264500715584e-04, 1.0219e+00, 4.4880e-03, 
 2DIAGNOSTIC,    44, -7.284803777619e-01, 9.629098185809e-04, 1.0267e+00, 4.8130e-03, 
 2DIAGNOSTIC,    45, -7.389311372238e-01, 1.011893622817e-03, 1.0313e+00, 4.5409e-03, 
 2DIAGNOSTIC,    46, -7.434790327318e-01, 1.018328421835e-03, 1.0359e+00, 4.6170e-03, 
 2DIAGNOSTIC,    47, -7.509524453062e-01, 1.027495570832e-03, 1.0432e+00, 7.3462e-03, 
 2DIAGNOSTIC,    48, -7.532955169847e-01, 1.034213580660e-03, 1.0482e+00, 4.9410e-03, 
 2DIAGNOSTIC,    49, -7.541558865881e-01, 9.976390649264e-04, 1.0525e+00, 4.3380e-03, 
 2DIAGNOSTIC,    50, -7.565403950682e-01, 9.038384763799e-04, 1.0578e+00, 5.3241e-03, 
 2DIAGNOSTIC,    51, -7.578938832752e-01, 8.034122957005e-04, 1.0632e+00, 5.3940e-03, 
 2DIAGNOSTIC,    52, -7.587068409987e-01, 6.643784635851e-04, 1.0681e+00, 4.8780e-03, 
 2DIAGNOSTIC,    53, -7.590193017592e-01, 4.936442029072e-04, 1.0724e+00, 4.3509e-03, 
 2DIAGNOSTIC,    54, -7.603461264717e-01, 3.423383156558e-04, 1.0793e+00, 6.8412e-03, 
 2DIAGNOSTIC,    55, -7.603404160254e-01, 2.453646790480e-04, 1.0841e+00, 4.8501e-03, 
 2DIAGNOSTIC,    56, -7.603817168599e-01, 1.624807657626e-04, 1.0884e+00, 4.2999e-03, 
 2DIAGNOSTIC,    57, -7.603173967876e-01, 1.226380516979e-04, 1.0935e+00, 5.0168e-03, 
 2DIAGNOSTIC,    58, -7.603500519203e-01, 9.017447228308e-05, 1.0983e+00, 4.8530e-03, 
 2DIAGNOSTIC,    59, -7.602649204519e-01, 5.548367733720e-05, 1.1026e+00, 4.2880e-03, 
 2DIAGNOSTIC,    60, -7.601932442897e-01, 3.295032601849e-05, 1.1069e+00, 4.2970e-03, 
 2DIAGNOSTIC,    61, -7.602609831990e-01, 1.800245996271e-05, 1.1111e+00, 4.2422e-03, 
 2DIAGNOSTIC,    62, -7.603534951727e-01, 8.101706371558e-06, 1.1159e+00, 4.7641e-03, 
DIAGNOSTIC,Iteration,metricValue,convergenceValue,ITERATION_TIME_INDEX,SINCE_LAST
 2DIAGNOSTIC,     1, -6.043915522523e-01, 1.797693134862e+308, 1.9558e+00, 8.3992e-01, 
 2DIAGNOSTIC,     2, -6.052382530674e-01, 1.797693134862e+308, 1.9945e+00, 3.8709e-02, 
 2DIAGNOSTIC,     3, -6.063302173983e-01, 1.797693134862e+308, 2.0280e+00, 3.3496e-02, 
 2DIAGNOSTIC,     4, -6.074848211772e-01, 1.797693134862e+308, 2.0687e+00, 4.0691e-02, 
 2DIAGNOSTIC,     5, -6.085318856517e-01, 1.797693134862e+308, 2.1006e+00, 3.1878e-02, 
 2DIAGNOSTIC,     6, -6.096467030550e-01, 1.797693134862e+308, 2.1340e+00, 3.3403e-02, 
 2DIAGNOSTIC,     7, -6.112579897555e-01, 1.797693134862e+308, 2.1721e+00, 3.8142e-02, 
 2DIAGNOSTIC,     8, -6.137028488600e-01, 1.797693134862e+308, 2.2104e+00, 3.8252e-02, 
 2DIAGNOSTIC,     9, -6.149381545331e-01, 1.797693134862e+308, 2.2556e+00, 4.5227e-02, 
 2DIAGNOSTIC,    10, -6.156672812704e-01, 1.255764646794e-03, 2.2896e+00, 3.4034e-02, 
 2DIAGNOSTIC,    11, -6.166242712848e-01, 1.165176189232e-03, 2.3270e+00, 3.7342e-02, 
 2DIAGNOSTIC,    12, -6.192101263504e-01, 1.116865268917e-03, 2.3686e+00, 4.1598e-02, 
 2DIAGNOSTIC,    13, -6.199980867671e-01, 1.038918384056e-03, 2.4053e+00, 3.6727e-02, 
 2DIAGNOSTIC,    14, -6.210791298381e-01, 9.522287533184e-04, 2.4462e+00, 4.0861e-02, 
 2DIAGNOSTIC,    15, -6.212607938686e-01, 8.294202477802e-04, 2.4818e+00, 3.5600e-02, 
 2DIAGNOSTIC,    16, -6.212425042585e-01, 6.779736875563e-04, 2.5139e+00, 3.2080e-02, 
 2DIAGNOSTIC,    17, -6.213142151385e-01, 5.262006610627e-04, 2.5454e+00, 3.1569e-02, 
 2DIAGNOSTIC,    18, -6.214027097051e-01, 4.072163783640e-04, 2.5811e+00, 3.5689e-02, 
 2DIAGNOSTIC,    19, -6.215491089957e-01, 2.971776040628e-04, 2.6166e+00, 3.5473e-02, 
 2DIAGNOSTIC,    20, -6.215307841331e-01, 1.874112096319e-04, 2.6555e+00, 3.8873e-02, 
 2DIAGNOSTIC,    21, -6.215549044376e-01, 9.151105030202e-05, 2.6914e+00, 3.5947e-02, 
 2DIAGNOSTIC,    22, -6.216192401454e-01, 5.148152206497e-05, 2.7261e+00, 3.4724e-02, 
 2DIAGNOSTIC,    23, -6.217058380399e-01, 2.716346411062e-05, 2.7611e+00, 3.4950e-02, 
 2DIAGNOSTIC,    24, -6.217051774684e-01, 2.307841081231e-05, 2.7973e+00, 3.6264e-02, 
 2DIAGNOSTIC,    25, -6.216941048469e-01, 2.051330208275e-05, 2.8432e+00, 4.5888e-02, 
 2DIAGNOSTIC,    26, -6.216843213890e-01, 1.588643005277e-05, 2.8878e+00, 4.4551e-02, 
 2DIAGNOSTIC,    27, -6.216988278133e-01, 1.165493713379e-05, 2.9214e+00, 3.3612e-02, 
 2DIAGNOSTIC,    28, -6.217230395890e-01, 8.489180000799e-06, 2.9626e+00, 4.1247e-02, 
 2DIAGNOSTIC,    29, -6.217366058037e-01, 7.404689044130e-06, 3.0041e+00, 4.1467e-02, 
 2DIAGNOSTIC,    30, -6.217398295587e-01, 5.594327999764e-06, 3.0348e+00, 3.0653e-02, 
 2DIAGNOSTIC,    31, -6.217324330323e-01, 3.718651002703e-06, 3.0722e+00, 3.7437e-02, 
 2DIAGNOSTIC,    32, -6.217007182383e-01, 2.139778737802e-06, 3.1069e+00, 3.4668e-02, 
 2DIAGNOSTIC,    33, -6.216674940438e-01, 1.294529370741e-06, 3.1367e+00, 2.9855e-02, 
DIAGNOSTIC,Iteration,metricValue,convergenceValue,ITERATION_TIME_INDEX,SINCE_LAST
 2DIAGNOSTIC,     1, -5.349008392876e-01, 1.797693134862e+308, 4.2285e+00, 1.0917e+00, 
 2DIAGNOSTIC,     2, -5.351834398237e-01, 1.797693134862e+308, 4.4590e+00, 2.3052e-01, 
 2DIAGNOSTIC,     3, -5.354006592368e-01, 1.797693134862e+308, 4.6828e+00, 2.2383e-01, 
 2DIAGNOSTIC,     4, -5.355857603684e-01, 1.797693134862e+308, 4.9259e+00, 2.4307e-01, 
 2DIAGNOSTIC,     5, -5.356476797447e-01, 1.797693134862e+308, 5.2010e+00, 2.7513e-01, 
 2DIAGNOSTIC,     6, -5.359275357767e-01, 1.797693134862e+308, 5.7223e+00, 5.2129e-01, 
 2DIAGNOSTIC,     7, -5.359475056761e-01, 1.797693134862e+308, 5.9858e+00, 2.6348e-01, 
 2DIAGNOSTIC,     8, -5.359412425093e-01, 1.797693134862e+308, 6.4094e+00, 4.2367e-01, 
 2DIAGNOSTIC,     9, -5.359410404378e-01, 1.797693134862e+308, 6.7290e+00, 3.1958e-01, 
 2DIAGNOSTIC,    10, -5.359396716309e-01, 1.249724910686e-04, 7.0994e+00, 3.7039e-01, 
 2DIAGNOSTIC,    11, -5.359387692225e-01, 8.083763448409e-05, 7.3957e+00, 2.9625e-01, 
 2DIAGNOSTIC,    12, -5.359367101613e-01, 4.928470653466e-05, 7.7255e+00, 3.2982e-01, 
 2DIAGNOSTIC,    13, -5.359357836305e-01, 2.720713139007e-05, 8.0061e+00, 2.8059e-01, 
 2DIAGNOSTIC,    14, -5.359349563704e-01, 1.309247165537e-05, 8.3321e+00, 3.2606e-01, 
 2DIAGNOSTIC,    15, -5.359352465366e-01, 1.794126742394e-06, 8.6305e+00, 2.9833e-01, 
 2DIAGNOSTIC,    16, -5.359345436805e-01, 1.172276695757e-06, 8.9584e+00, 3.2790e-01, 
 2DIAGNOSTIC,    17, -5.359337007502e-01, 1.302075015829e-06, 9.2634e+00, 3.0510e-01, 
 2DIAGNOSTIC,    18, -5.359327665575e-01, 1.258598159505e-06, 9.5018e+00, 2.3839e-01, 
 2DIAGNOSTIC,    19, -5.359297606832e-01, 1.177774845686e-06, 9.8074e+00, 3.0553e-01, 
 2DIAGNOSTIC,    20, -5.359277401345e-01, 1.062584855369e-06, 1.0081e+01, 2.7325e-01, 
 2DIAGNOSTIC,    21, -5.359290673085e-01, 1.019694563925e-06, 1.0402e+01, 3.2170e-01, 
DIAGNOSTIC,Iteration,metricValue,convergenceValue,ITERATION_TIME_INDEX,SINCE_LAST
 2DIAGNOSTIC,     1, -4.896994105471e-01, 1.797693134862e+308, 1.3341e+01, 2.9383e+00, 
 2DIAGNOSTIC,     2, -4.897008900926e-01, 1.797693134862e+308, 1.5811e+01, 2.4709e+00, 
 2DIAGNOSTIC,     3, -4.897012461783e-01, 1.797693134862e+308, 1.7418e+01, 1.6068e+00, 
 2DIAGNOSTIC,     4, -4.897009879720e-01, 1.797693134862e+308, 1.9152e+01, 1.7338e+00, 
 2DIAGNOSTIC,     5, -4.897006524732e-01, 1.797693134862e+308, 2.0827e+01, 1.6751e+00, 
 2DIAGNOSTIC,     6, -4.897005645930e-01, 1.797693134862e+308, 2.2347e+01, 1.5201e+00, 
 2DIAGNOSTIC,     7, -4.897004275338e-01, 1.797693134862e+308, 2.3857e+01, 1.5094e+00, 
 2DIAGNOSTIC,     8, -4.897002906843e-01, 1.797693134862e+308, 2.5377e+01, 1.5204e+00, 
 2DIAGNOSTIC,     9, -4.897002361587e-01, 1.797693134862e+308, 2.6912e+01, 1.5352e+00, 
 2DIAGNOSTIC,    10, -4.897000488851e-01, 3.129919930248e-06, 2.8420e+01, 1.5075e+00, 
 2DIAGNOSTIC,    11, -4.896999618300e-01, 2.749692486301e-06, 2.9978e+01, 1.5583e+00, 
 2DIAGNOSTIC,    12, -4.896998949816e-01, 2.513115667777e-06, 3.1456e+01, 1.4780e+00, 
 2DIAGNOSTIC,    13, -4.896997459781e-01, 2.334738024995e-06, 3.3022e+01, 1.5660e+00, 
 2DIAGNOSTIC,    14, -4.896998077833e-01, 2.184325133478e-06, 3.4415e+01, 1.3926e+00, 
 2DIAGNOSTIC,    15, -4.896999126126e-01, 2.052968669564e-06, 3.5832e+01, 1.4166e+00, 
 2DIAGNOSTIC,    16, -4.897002061231e-01, 1.951666121575e-06, 3.7168e+01, 1.3363e+00, 
 2DIAGNOSTIC,    17, -4.897000672198e-01, 1.856083411904e-06, 3.8667e+01, 1.4992e+00, 
 2DIAGNOSTIC,    18, -4.896999284039e-01, 1.763937295993e-06, 4.0311e+01, 1.6444e+00, 
 2DIAGNOSTIC,    19, -4.897001132546e-01, 1.686063545878e-06, 4.1837e+01, 1.5254e+00, 
 2DIAGNOSTIC,    20, -4.896999106585e-01, 1.603182813475e-06, 4.3330e+01, 1.4935e+00, 
 2DIAGNOSTIC,    21, -4.896999087064e-01, 1.524610747553e-06, 4.4828e+01, 1.4978e+00, 
 2DIAGNOSTIC,    22, -4.897000565933e-01, 1.454639837375e-06, 4.6350e+01, 1.5220e+00, 
 2DIAGNOSTIC,    23, -4.896999539663e-01, 1.383558655990e-06, 4.8342e+01, 1.9919e+00, 
 2DIAGNOSTIC,    24, -4.896997651141e-01, 1.315307231180e-06, 4.9912e+01, 1.5701e+00, 
 2DIAGNOSTIC,    25, -4.896996925400e-01, 1.254142840676e-06, 5.1225e+01, 1.3130e+00, 
 2DIAGNOSTIC,    26, -4.896995335481e-01, 1.202485471218e-06, 5.2777e+01, 1.5523e+00, 
 2DIAGNOSTIC,    27, -4.896994056893e-01, 1.150926039077e-06, 5.4398e+01, 1.6204e+00, 
 2DIAGNOSTIC,    28, -4.896993814425e-01, 1.102126252740e-06, 5.6058e+01, 1.6602e+00, 
 2DIAGNOSTIC,    29, -4.896991132877e-01, 1.058402741838e-06, 5.7729e+01, 1.6714e+00, 
 2DIAGNOSTIC,    30, -4.896990490837e-01, 1.016226652176e-06, 5.9207e+01, 1.4782e+00, 
  Elapsed time (stage 0): 6.0058e+01


Total elapsed time: 6.0061e+01
Info [verificarlo]: loaded backend libinterflop_ieee.so
Info [interflop-ieee]: load backend with:
Info [interflop-ieee]: debug = false
Info [interflop-ieee]: debug-binary = false
Info [interflop-ieee]: no-backend-name = false
Info [interflop-ieee]: print-new-line = false
Info [interflop-ieee]: print-subnormal-normalized = false
Info [interflop-ieee]: count-op = false
All_Command_lines_OK
Using double precision for computations.
=============================================================================
The composite transform comprises the following transforms (in order): 
  1. /home/mdugre/scratch/mri-registration-rp/datasets/ds004513/derivatives/mri-registration-rp/0001/antsRegistration-r8-p19/sub-s025/rigid_Composite.h5[0] (type = Euler3DTransform)
  2. /home/mdugre/scratch/mri-registration-rp/datasets/ds004513/derivatives/mri-registration-rp/0001/antsRegistration-r8-p19/sub-s025/rigid_Composite.h5[1] (type = Euler3DTransform)
  3. /home/mdugre/scratch/mri-registration-rp/datasets/ds004513/derivatives/mri-registration-rp/0001/antsRegistration-r8-p19/sub-s025/rigid_Composite.h5[2] (type = Euler3DTransform)
=============================================================================
  number of levels = 4
  fixed image: /templateflow/tpl-MNI152NLin2009cAsym/tpl-MNI152NLin2009cAsym_res-01_desc-brain_T1w.nii.gz
  moving image: /home/mdugre/scratch/mri-registration-rp/datasets/ds004513/derivatives/mri-registration-rp/antsBrainExtraction/sub-s025/BrainExtractionBrain.nii.gz
Dimension = 3
Number of stages = 1
Use histogram matching = false
Winsorize image intensities = true
  Lower quantile = 0.005
  Upper quantile = 0.995


Stage 1 State
   Image metric = MattesMI
     Fixed image = Image (0x4fc17e0)
  RTTI typeinfo:   itk::Image<double, 3u>
  Reference Count: 2
  Modified Time: 1594
  Debug: Off
  Object Name: 
  Observers: 
    none
  Source: (none)
  Source output name: (none)
  Release Data: Off
  Data Released: False
  Global Release Data: Off
  PipelineMTime: 0
  UpdateMTime: 1203
  RealTimeStamp: 0 seconds 
  LargestPossibleRegion: 
    Dimension: 3
    Index: [0, 0, 0]
    Size: [193, 229, 193]
  BufferedRegion: 
    Dimension: 3
    Index: [0, 0, 0]
    Size: [193, 229, 193]
  RequestedRegion: 
    Dimension: 3
    Index: [0, 0, 0]
    Size: [193, 229, 193]
  Spacing: [1, 1, 1]
  Origin: [96, 132, -78]
  Direction: 
-1 0 0
0 -1 0
0 0 1

  IndexToPointMatrix: 
-1 0 0
0 -1 0
0 0 1

  PointToIndexMatrix: 
-1 0 0
0 -1 0
0 0 1

  Inverse Direction: 
-1 0 0
0 -1 0
0 0 1

  PixelContainer: 
    ImportImageContainer (0x5081a20)
      RTTI typeinfo:   itk::ImportImageContainer<unsigned long, double>
      Reference Count: 1
      Modified Time: 1200
      Debug: Off
      Object Name: 
      Observers: 
        none
      Pointer: 0x14b31e72c010
      Container manages memory: true
      Size: 8530021
      Capacity: 8530021

     Moving image = Image (0x507cd70)
  RTTI typeinfo:   itk::Image<double, 3u>
  Reference Count: 2
  Modified Time: 1595
  Debug: Off
  Object Name: 
  Observers: 
    none
  Source: (none)
  Source output name: (none)
  Release Data: Off
  Data Released: False
  Global Release Data: Off
  PipelineMTime: 0
  UpdateMTime: 1592
  RealTimeStamp: 0 seconds 
  LargestPossibleRegion: 
    Dimension: 3
    Index: [0, 0, 0]
    Size: [176, 240, 256]
  BufferedRegion: 
    Dimension: 3
    Index: [0, 0, 0]
    Size: [176, 240, 256]
  RequestedRegion: 
    Dimension: 3
    Index: [0, 0, 0]
    Size: [176, 240, 256]
  Spacing: [0.999999, 1, 1]
  Origin: [90.3778, 84.5091, -154.071]
  Direction: 
-0.999391 7.48184e-06 -0.0348969
-7.47664e-06 -1 -2.7953e-07
-0.0348969 -1.84481e-08 0.999391

  IndexToPointMatrix: 
-0.99939 7.48184e-06 -0.0348969
-7.47663e-06 -1 -2.7953e-07
-0.0348968 -1.84481e-08 0.999391

  PointToIndexMatrix: 
-0.999392 -7.47665e-06 -0.0348969
7.48184e-06 -1 -1.84481e-08
-0.0348969 -2.7953e-07 0.999391

  Inverse Direction: 
-0.999391 -7.47664e-06 -0.0348969
7.48184e-06 -1 -1.84481e-08
-0.0348969 -2.7953e-07 0.999391

  PixelContainer: 
    ImportImageContainer (0x5034c90)
      RTTI typeinfo:   itk::ImportImageContainer<unsigned long, double>
      Reference Count: 1
      Modified Time: 1589
      Debug: Off
      Object Name: 
      Observers: 
        none
      Pointer: 0x14b3194ab010
      Container manages memory: true
      Size: 10813440
      Capacity: 10813440

     Weighting = 1
     Sampling strategy = regular
     Number of bins = 32
     Radius = 4
     Sampling percentage  = 0.25
   Transform = Affine
     Gradient step = 0.1
     Update field sigma (voxel space) = 0
     Total field sigma (voxel space) = 0
     Update field time sigma = 0
     Total field time sigma  = 0
     Number of time indices = 0
     Number of time point samples = 0
Registration using 1 total stages.

Stage 0
  iterations = 1000x500x250x100
  convergence threshold = 1e-06
  convergence window size = 10
  number of levels = 4
  using the Mattes MI metric (number of bins = 32, weight = 1, use gradient filter = 0)
  preprocessing:  winsorizing the image intensities
  Shrink factors (level 1 out of 4): [8, 8, 8]
  Shrink factors (level 2 out of 4): [4, 4, 4]
  Shrink factors (level 3 out of 4): [2, 2, 2]
  Shrink factors (level 4 out of 4): [1, 1, 1]
  smoothing sigmas per level: [3, 2, 1, 0]
  regular sampling (percentage = 0.25)

*** Running AffineTransform registration ***

DIAGNOSTIC,Iteration,metricValue,convergenceValue,ITERATION_TIME_INDEX,SINCE_LAST
 2DIAGNOSTIC,     1, -7.477754478204e-01, 1.797693134862e+308, 7.9385e-01, 7.9385e-01, 
 2DIAGNOSTIC,     2, -7.499593763598e-01, 1.797693134862e+308, 7.9934e-01, 5.4920e-03, 
 2DIAGNOSTIC,     3, -7.530222501790e-01, 1.797693134862e+308, 8.0429e-01, 4.9441e-03, 
 2DIAGNOSTIC,     4, -7.592158303577e-01, 1.797693134862e+308, 8.0908e-01, 4.7991e-03, 
 2DIAGNOSTIC,     5, -7.708603578656e-01, 1.797693134862e+308, 8.1387e-01, 4.7851e-03, 
 2DIAGNOSTIC,     6, -7.861325449011e-01, 1.797693134862e+308, 8.1873e-01, 4.8640e-03, 
 2DIAGNOSTIC,     7, -8.181233354168e-01, 1.797693134862e+308, 8.2373e-01, 4.9942e-03, 
 2DIAGNOSTIC,     8, -8.963704421941e-01, 1.797693134862e+308, 8.2996e-01, 6.2320e-03, 
 2DIAGNOSTIC,     9, -9.179207722673e-01, 1.797693134862e+308, 8.3546e-01, 5.5029e-03, 
 2DIAGNOSTIC,    10, -9.251818961511e-01, 1.591330082725e-02, 8.4234e-01, 6.8800e-03, 
 2DIAGNOSTIC,    11, -9.286237906319e-01, 1.583685057745e-02, 8.4788e-01, 5.5411e-03, 
 2DIAGNOSTIC,    12, -9.340380936469e-01, 1.456770466645e-02, 8.5349e-01, 5.6109e-03, 
 2DIAGNOSTIC,    13, -9.363345755734e-01, 1.231577173444e-02, 8.5902e-01, 5.5270e-03, 
 2DIAGNOSTIC,    14, -9.369669065597e-01, 9.467002030062e-03, 8.6458e-01, 5.5590e-03, 
 2DIAGNOSTIC,    15, -9.379241504592e-01, 6.481312307380e-03, 8.7051e-01, 5.9280e-03, 
 2DIAGNOSTIC,    16, -9.384952941518e-01, 3.646519795920e-03, 8.7614e-01, 5.6322e-03, 
 2DIAGNOSTIC,    17, -9.379485397185e-01, 1.411416944970e-03, 8.8290e-01, 6.7570e-03, 
 2DIAGNOSTIC,    18, -9.382658509522e-01, 7.363689085540e-04, 8.8805e-01, 5.1479e-03, 
 2DIAGNOSTIC,    19, -9.383870238391e-01, 4.403630622025e-04, 8.9294e-01, 4.8921e-03, 
 2DIAGNOSTIC,    20, -9.385074169916e-01, 2.550621325391e-04, 8.9849e-01, 5.5540e-03, 
 2DIAGNOSTIC,    21, -9.386218241287e-01, 1.180284613284e-04, 9.0390e-01, 5.4131e-03, 
 2DIAGNOSTIC,    22, -9.385224688629e-01, 6.090151667539e-05, 9.0933e-01, 5.4300e-03, 
 2DIAGNOSTIC,    23, -9.384047070096e-01, 3.408440167292e-05, 9.1474e-01, 5.4059e-03, 
 2DIAGNOSTIC,    24, -9.381492916206e-01, 1.124016244642e-05, 9.2122e-01, 6.4762e-03, 
DIAGNOSTIC,Iteration,metricValue,convergenceValue,ITERATION_TIME_INDEX,SINCE_LAST
 2DIAGNOSTIC,     1, -7.506759377094e-01, 1.797693134862e+308, 1.7120e+00, 7.9074e-01, 
 2DIAGNOSTIC,     2, -7.510218652477e-01, 1.797693134862e+308, 1.7493e+00, 3.7309e-02, 
 2DIAGNOSTIC,     3, -7.514882903485e-01, 1.797693134862e+308, 1.7872e+00, 3.7905e-02, 
 2DIAGNOSTIC,     4, -7.521190069647e-01, 1.797693134862e+308, 1.8288e+00, 4.1677e-02, 
 2DIAGNOSTIC,     5, -7.534971803508e-01, 1.797693134862e+308, 1.8668e+00, 3.7922e-02, 
 2DIAGNOSTIC,     6, -7.542487569917e-01, 1.797693134862e+308, 1.9403e+00, 7.3518e-02, 
 2DIAGNOSTIC,     7, -7.542739539242e-01, 1.797693134862e+308, 1.9813e+00, 4.1017e-02, 
 2DIAGNOSTIC,     8, -7.542543660663e-01, 1.797693134862e+308, 2.0207e+00, 3.9355e-02, 
 2DIAGNOSTIC,     9, -7.542599535710e-01, 1.797693134862e+308, 2.0600e+00, 3.9318e-02, 
 2DIAGNOSTIC,    10, -7.542520469239e-01, 3.608830868713e-04, 2.1014e+00, 4.1462e-02, 
 2DIAGNOSTIC,    11, -7.542341545214e-01, 2.597719492160e-04, 2.1376e+00, 3.6174e-02, 
 2DIAGNOSTIC,    12, -7.542696953846e-01, 1.649415140402e-04, 2.1784e+00, 4.0790e-02, 
 2DIAGNOSTIC,    13, -7.542902189407e-01, 8.447967735659e-05, 2.2189e+00, 4.0487e-02, 
 2DIAGNOSTIC,    14, -7.542785792131e-01, 2.393685182039e-05, 2.2648e+00, 4.5933e-02, 
 2DIAGNOSTIC,    15, -7.542579797263e-01, 3.129760146298e-06, 2.3003e+00, 3.5493e-02, 
 2DIAGNOSTIC,    16, -7.542568871050e-01, 2.529126618009e-06, 2.3358e+00, 3.5473e-02, 
 2DIAGNOSTIC,    17, -7.542925839805e-01, 3.289160263702e-06, 2.3739e+00, 3.8076e-02, 
 2DIAGNOSTIC,    18, -7.542958855457e-01, 3.443296691087e-06, 2.4165e+00, 4.2679e-02, 
 2DIAGNOSTIC,    19, -7.543144772248e-01, 3.927888982277e-06, 2.4528e+00, 3.6290e-02, 
 2DIAGNOSTIC,    20, -7.543149969108e-01, 4.048639208512e-06, 2.4928e+00, 3.9986e-02, 
 2DIAGNOSTIC,    21, -7.543629633072e-01, 4.455772996736e-06, 2.5300e+00, 3.7171e-02, 
 2DIAGNOSTIC,    22, -7.544870031275e-01, 7.239554132649e-06, 2.5658e+00, 3.5814e-02, 
 2DIAGNOSTIC,    23, -7.545578055489e-01, 1.068452017723e-05, 2.6058e+00, 4.0035e-02, 
 2DIAGNOSTIC,    24, -7.545829696446e-01, 1.319980503823e-05, 2.6456e+00, 3.9757e-02, 
 2DIAGNOSTIC,    25, -7.545373855015e-01, 1.343709603603e-05, 2.6956e+00, 4.9978e-02, 
 2DIAGNOSTIC,    26, -7.545411366940e-01, 1.256231564781e-05, 2.7333e+00, 3.7696e-02, 
 2DIAGNOSTIC,    27, -7.545023519477e-01, 1.060446645458e-05, 2.7714e+00, 3.8085e-02, 
 2DIAGNOSTIC,    28, -7.544907310536e-01, 7.770936425538e-06, 2.8088e+00, 3.7408e-02, 
 2DIAGNOSTIC,    29, -7.544655400718e-01, 4.446621335488e-06, 2.8452e+00, 3.6470e-02, 
DIAGNOSTIC,Iteration,metricValue,convergenceValue,ITERATION_TIME_INDEX,SINCE_LAST
 2DIAGNOSTIC,     1, -6.419733875836e-01, 1.797693134862e+308, 4.0569e+00, 1.2117e+00, 
 2DIAGNOSTIC,     2, -6.424176072061e-01, 1.797693134862e+308, 4.3424e+00, 2.8551e-01, 
 2DIAGNOSTIC,     3, -6.428596665806e-01, 1.797693134862e+308, 4.6600e+00, 3.1764e-01, 
 2DIAGNOSTIC,     4, -6.433118035147e-01, 1.797693134862e+308, 4.9202e+00, 2.6014e-01, 
 2DIAGNOSTIC,     5, -6.440952470275e-01, 1.797693134862e+308, 5.2589e+00, 3.3869e-01, 
 2DIAGNOSTIC,     6, -6.449038637675e-01, 1.797693134862e+308, 5.7224e+00, 4.6351e-01, 
 2DIAGNOSTIC,     7, -6.449183616136e-01, 1.797693134862e+308, 6.1157e+00, 3.9335e-01, 
 2DIAGNOSTIC,     8, -6.449273532206e-01, 1.797693134862e+308, 6.5323e+00, 4.1659e-01, 
 2DIAGNOSTIC,     9, -6.449276106099e-01, 1.797693134862e+308, 6.9379e+00, 4.0561e-01, 
 2DIAGNOSTIC,    10, -6.449251904834e-01, 3.333244404913e-04, 7.2373e+00, 2.9940e-01, 
 2DIAGNOSTIC,    11, -6.449255763245e-01, 2.370991325218e-04, 7.5644e+00, 3.2711e-01, 
 2DIAGNOSTIC,    12, -6.449231384140e-01, 1.522607743792e-04, 7.9059e+00, 3.4143e-01, 
 2DIAGNOSTIC,    13, -6.449214671482e-01, 8.225211138076e-05, 8.1826e+00, 2.7673e-01, 
 2DIAGNOSTIC,    14, -6.449206034924e-01, 2.883531559031e-05, 8.4862e+00, 3.0365e-01, 
 2DIAGNOSTIC,    15, -6.449220040848e-01, 2.532863639590e-06, 8.8633e+00, 3.7703e-01, 
 2DIAGNOSTIC,    16, -6.449200973260e-01, 1.714387502461e-06, 9.1454e+00, 2.8209e-01, 
 2DIAGNOSTIC,    17, -6.449202697587e-01, 1.393352218958e-06, 9.4396e+00, 2.9421e-01, 
 2DIAGNOSTIC,    18, -6.449193099651e-01, 1.349254271678e-06, 9.7794e+00, 3.3984e-01, 
 2DIAGNOSTIC,    19, -6.449187425585e-01, 1.342597598000e-06, 1.0092e+01, 3.1221e-01, 
 2DIAGNOSTIC,    20, -6.449178689772e-01, 1.293296777713e-06, 1.0351e+01, 2.5928e-01, 
 2DIAGNOSTIC,    21, -6.449173764839e-01, 1.275607519099e-06, 1.0608e+01, 2.5710e-01, 
 2DIAGNOSTIC,    22, -6.449189528091e-01, 1.265941052216e-06, 1.0978e+01, 3.7016e-01, 
 2DIAGNOSTIC,    23, -6.449193979431e-01, 1.249828443330e-06, 1.1288e+01, 3.0936e-01, 
 2DIAGNOSTIC,    24, -6.449211152741e-01, 1.262477984272e-06, 1.1599e+01, 3.1104e-01, 
 2DIAGNOSTIC,    25, -6.449224273376e-01, 1.328687452097e-06, 1.1887e+01, 2.8846e-01, 
 2DIAGNOSTIC,    26, -6.449242316528e-01, 1.382337930400e-06, 1.2184e+01, 2.9669e-01, 
 2DIAGNOSTIC,    27, -6.449260069474e-01, 1.448469527425e-06, 1.2502e+01, 3.1871e-01, 
 2DIAGNOSTIC,    28, -6.449220297850e-01, 1.406229551297e-06, 1.2881e+01, 3.7905e-01, 
 2DIAGNOSTIC,    29, -6.449227197508e-01, 1.345954625823e-06, 1.3213e+01, 3.3196e-01, 
 2DIAGNOSTIC,    30, -6.449219800782e-01, 1.242001271211e-06, 1.3553e+01, 3.3946e-01, 
 2DIAGNOSTIC,    31, -6.449213699090e-01, 1.110661231693e-06, 1.3835e+01, 2.8215e-01, 
 2DIAGNOSTIC,    32, -6.449213213731e-01, 1.000999845804e-06, 1.4185e+01, 3.5042e-01, 
DIAGNOSTIC,Iteration,metricValue,convergenceValue,ITERATION_TIME_INDEX,SINCE_LAST
 2DIAGNOSTIC,     1, -5.763284396888e-01, 1.797693134862e+308, 1.6941e+01, 2.7557e+00, 
 2DIAGNOSTIC,     2, -5.767603658401e-01, 1.797693134862e+308, 1.8538e+01, 1.5970e+00, 
 2DIAGNOSTIC,     3, -5.772973587790e-01, 1.797693134862e+308, 2.0272e+01, 1.7336e+00, 
 2DIAGNOSTIC,     4, -5.778838858953e-01, 1.797693134862e+308, 2.1958e+01, 1.6862e+00, 
 2DIAGNOSTIC,     5, -5.787744246459e-01, 1.797693134862e+308, 2.3848e+01, 1.8899e+00, 
 2DIAGNOSTIC,     6, -5.798754028116e-01, 1.797693134862e+308, 2.6454e+01, 2.6066e+00, 
 2DIAGNOSTIC,     7, -5.798955098941e-01, 1.797693134862e+308, 3.0114e+01, 3.6592e+00, 
 2DIAGNOSTIC,     8, -5.798954134973e-01, 1.797693134862e+308, 3.1902e+01, 1.7887e+00, 
 2DIAGNOSTIC,     9, -5.798949576341e-01, 1.797693134862e+308, 3.4484e+01, 2.5818e+00, 
 2DIAGNOSTIC,    10, -5.798948874949e-01, 4.575070228841e-04, 3.6514e+01, 2.0296e+00, 
 2DIAGNOSTIC,    11, -5.798947352634e-01, 3.306681651536e-04, 3.8418e+01, 1.9047e+00, 
 2DIAGNOSTIC,    12, -5.798946810398e-01, 2.133629089281e-04, 4.0115e+01, 1.6971e+00, 
 2DIAGNOSTIC,    13, -5.798946935026e-01, 1.158366171290e-04, 4.1725e+01, 1.6099e+00, 
 2DIAGNOSTIC,    14, -5.798946677995e-01, 4.211181395811e-05, 4.3748e+01, 2.0229e+00, 
 2DIAGNOSTIC,    15, -5.798946424036e-01, 2.707571231247e-06, 4.5538e+01, 1.7901e+00, 
 2DIAGNOSTIC,    16, -5.798944216567e-01, 1.927456632980e-06, 4.7289e+01, 1.7506e+00, 
 2DIAGNOSTIC,    17, -5.798944077019e-01, 1.825171138073e-06, 4.9057e+01, 1.7676e+00, 
 2DIAGNOSTIC,    18, -5.798944882528e-01, 1.738495203261e-06, 5.1125e+01, 2.0684e+00, 
 2DIAGNOSTIC,    19, -5.798946143567e-01, 1.655131755637e-06, 5.2882e+01, 1.7569e+00, 
 2DIAGNOSTIC,    20, -5.798942877509e-01, 1.572388574615e-06, 5.4675e+01, 1.7927e+00, 
 2DIAGNOSTIC,    21, -5.798942182835e-01, 1.494605145619e-06, 5.6228e+01, 1.5537e+00, 
 2DIAGNOSTIC,    22, -5.798942050433e-01, 1.424416954991e-06, 5.8056e+01, 1.8281e+00, 
 2DIAGNOSTIC,    23, -5.798943689219e-01, 1.366012355189e-06, 5.9696e+01, 1.6398e+00, 
 2DIAGNOSTIC,    24, -5.798944949853e-01, 1.316056624970e-06, 6.1341e+01, 1.6448e+00, 
 2DIAGNOSTIC,    25, -5.798949633035e-01, 1.279995302805e-06, 6.3383e+01, 2.0421e+00, 
 2DIAGNOSTIC,    26, -5.798949993397e-01, 1.242550943949e-06, 6.5312e+01, 1.9288e+00, 
 2DIAGNOSTIC,    27, -5.798947825478e-01, 1.201995233603e-06, 6.7249e+01, 1.9373e+00, 
 2DIAGNOSTIC,    28, -5.798945146842e-01, 1.158938395418e-06, 6.9025e+01, 1.7756e+00, 
