
##########################
# Experiment information #
##########################

EXPERIMENT_NAME: antsRegistration-r7-p14
VFC_BACKENDS: libinterflop_vprec.so --range-binary32=7 --precision-binary32=14 --range-binary64=7 --precision-binary64=14

SIF_IMG: /home/mdugre/projects/rrg-glatard/mdugre/containers/ants-vprec-no_metrics.simg

SUBJECT_ID: s003
INPUT_IMG: /home/mdugre/scratch/mri-registration-rp/datasets/ds004513/derivatives/mri-registration-rp/antsBrainExtraction/sub-s003/BrainExtractionBrain.nii.gz
OUTPUT_DIR: /home/mdugre/scratch/mri-registration-rp/datasets/ds004513/derivatives/mri-registration-rp/0001/antsRegistration-r7-p14/sub-s003

FIXED_IMG: /templateflow/tpl-MNI152NLin2009cAsym/tpl-MNI152NLin2009cAsym_res-01_desc-brain_T1w.nii.gz
DATA_DIR: /home/mdugre/scratch/mri-registration-rp/datasets/ds004513
TEMPLATEFLOW_DIR: /home/mdugre/projects/rrg-glatard/mdugre/templateflow
ITK_GLOBAL_DEFAULT_NUMBER_OF_THREADS: 16
##########################

Info [verificarlo]: loaded backend libinterflop_ieee.so
Info [interflop-ieee]: load backend with:
Info [interflop-ieee]: debug = false
Info [interflop-ieee]: debug-binary = false
Info [interflop-ieee]: no-backend-name = false
Info [interflop-ieee]: print-new-line = false
Info [interflop-ieee]: print-subnormal-normalized = false
Info [interflop-ieee]: count-op = false
All_Command_lines_OK
Using double precision for computations.
=============================================================================
The composite transform comprises the following transforms (in order): 
  1. Center of mass alignment using fixed image: /templateflow/tpl-MNI152NLin2009cAsym/tpl-MNI152NLin2009cAsym_res-01_desc-brain_T1w.nii.gz and moving image: /home/mdugre/scratch/mri-registration-rp/datasets/ds004513/derivatives/mri-registration-rp/antsBrainExtraction/sub-s003/BrainExtractionBrain.nii.gz (type = Euler3DTransform)
=============================================================================
  number of levels = 1
  fixed image: /templateflow/tpl-MNI152NLin2009cAsym/tpl-MNI152NLin2009cAsym_res-01_desc-brain_T1w.nii.gz
  moving image: /home/mdugre/scratch/mri-registration-rp/datasets/ds004513/derivatives/mri-registration-rp/antsBrainExtraction/sub-s003/BrainExtractionBrain.nii.gz
Dimension = 3
Number of stages = 1
Use histogram matching = false
Winsorize image intensities = true
  Lower quantile = 0.005
  Upper quantile = 0.995


Stage 1 State
   Image metric = MattesMI
     Fixed image = Image (0x5209e70)
  RTTI typeinfo:   itk::Image<double, 3u>
  Reference Count: 2
  Modified Time: 2334
  Debug: Off
  Object Name: 
  Observers: 
    none
  Source: (none)
  Source output name: (none)
  Release Data: Off
  Data Released: False
  Global Release Data: Off
  PipelineMTime: 0
  UpdateMTime: 1943
  RealTimeStamp: 0 seconds 
  LargestPossibleRegion: 
    Dimension: 3
    Index: [0, 0, 0]
    Size: [193, 229, 193]
  BufferedRegion: 
    Dimension: 3
    Index: [0, 0, 0]
    Size: [193, 229, 193]
  RequestedRegion: 
    Dimension: 3
    Index: [0, 0, 0]
    Size: [193, 229, 193]
  Spacing: [1, 1, 1]
  Origin: [96, 132, -78]
  Direction: 
-1 0 0
0 -1 0
0 0 1

  IndexToPointMatrix: 
-1 0 0
0 -1 0
0 0 1

  PointToIndexMatrix: 
-1 0 0
0 -1 0
0 0 1

  Inverse Direction: 
-1 0 0
0 -1 0
0 0 1

  PixelContainer: 
    ImportImageContainer (0x5216140)
      RTTI typeinfo:   itk::ImportImageContainer<unsigned long, double>
      Reference Count: 1
      Modified Time: 1940
      Debug: Off
      Object Name: 
      Observers: 
        none
      Pointer: 0x1540461b4010
      Container manages memory: true
      Size: 8530021
      Capacity: 8530021

     Moving image = Image (0x5213310)
  RTTI typeinfo:   itk::Image<double, 3u>
  Reference Count: 2
  Modified Time: 2335
  Debug: Off
  Object Name: 
  Observers: 
    none
  Source: (none)
  Source output name: (none)
  Release Data: Off
  Data Released: False
  Global Release Data: Off
  PipelineMTime: 0
  UpdateMTime: 2332
  RealTimeStamp: 0 seconds 
  LargestPossibleRegion: 
    Dimension: 3
    Index: [0, 0, 0]
    Size: [176, 240, 256]
  BufferedRegion: 
    Dimension: 3
    Index: [0, 0, 0]
    Size: [176, 240, 256]
  RequestedRegion: 
    Dimension: 3
    Index: [0, 0, 0]
    Size: [176, 240, 256]
  Spacing: [0.999999, 1, 1]
  Origin: [93.3499, 86.9368, -128.957]
  Direction: 
-0.999513 -0.0279216 -0.0139567
0.0279189 -0.99961 0.000389866
-0.0139622 2.01492e-08 0.999903

  IndexToPointMatrix: 
-0.999512 -0.0279216 -0.0139567
0.0279189 -0.99961 0.000389866
-0.0139621 2.01492e-08 0.999903

  PointToIndexMatrix: 
-0.999514 0.0279189 -0.0139622
-0.0279216 -0.99961 2.01716e-08
-0.0139567 0.000389866 0.999903

  Inverse Direction: 
-0.999513 0.0279189 -0.0139622
-0.0279216 -0.99961 2.01716e-08
-0.0139567 0.000389866 0.999903

  PixelContainer: 
    ImportImageContainer (0x533e610)
      RTTI typeinfo:   itk::ImportImageContainer<unsigned long, double>
      Reference Count: 1
      Modified Time: 2329
      Debug: Off
      Object Name: 
      Observers: 
        none
      Pointer: 0x154040f33010
      Container manages memory: true
      Size: 10813440
      Capacity: 10813440

     Weighting = 1
     Sampling strategy = regular
     Number of bins = 32
     Radius = 4
     Sampling percentage  = 0.25
   Transform = Rigid
     Gradient step = 0.1
     Update field sigma (voxel space) = 0
     Total field sigma (voxel space) = 0
     Update field time sigma = 0
     Total field time sigma  = 0
     Number of time indices = 0
     Number of time point samples = 0
Registration using 1 total stages.

Stage 0
  iterations = 0
  convergence threshold = 1e-06
  convergence window size = 10
  number of levels = 1
  using the Mattes MI metric (number of bins = 32, weight = 1, use gradient filter = 0)
  preprocessing:  winsorizing the image intensities
  Shrink factors (level 1 out of 1): [1, 1, 1]
  smoothing sigmas per level: [0]
  regular sampling (percentage = 0.25)

*** Running Euler3DTransform registration ***

  Elapsed time (stage 0): 1.10562


Total elapsed time: 1.10912
Info [verificarlo]: loaded backend libinterflop_ieee.so
Info [interflop-ieee]: load backend with:
Info [interflop-ieee]: debug = false
Info [interflop-ieee]: debug-binary = false
Info [interflop-ieee]: no-backend-name = false
Info [interflop-ieee]: print-new-line = false
Info [interflop-ieee]: print-subnormal-normalized = false
Info [interflop-ieee]: count-op = false
All_Command_lines_OK
Using double precision for computations.
=============================================================================
The composite transform comprises the following transforms (in order): 
  1. /home/mdugre/scratch/mri-registration-rp/datasets/ds004513/derivatives/mri-registration-rp/0001/antsRegistration-r7-p14/sub-s003/align_Composite.h5[0] (type = Euler3DTransform)
  2. /home/mdugre/scratch/mri-registration-rp/datasets/ds004513/derivatives/mri-registration-rp/0001/antsRegistration-r7-p14/sub-s003/align_Composite.h5[1] (type = Euler3DTransform)
=============================================================================
  number of levels = 4
  fixed image: /templateflow/tpl-MNI152NLin2009cAsym/tpl-MNI152NLin2009cAsym_res-01_desc-brain_T1w.nii.gz
  moving image: /home/mdugre/scratch/mri-registration-rp/datasets/ds004513/derivatives/mri-registration-rp/antsBrainExtraction/sub-s003/BrainExtractionBrain.nii.gz
Dimension = 3
Number of stages = 1
Use histogram matching = false
Winsorize image intensities = true
  Lower quantile = 0.005
  Upper quantile = 0.995


Stage 1 State
   Image metric = MattesMI
     Fixed image = Image (0x4356530)
  RTTI typeinfo:   itk::Image<double, 3u>
  Reference Count: 2
  Modified Time: 1580
  Debug: Off
  Object Name: 
  Observers: 
    none
  Source: (none)
  Source output name: (none)
  Release Data: Off
  Data Released: False
  Global Release Data: Off
  PipelineMTime: 0
  UpdateMTime: 1189
  RealTimeStamp: 0 seconds 
  LargestPossibleRegion: 
    Dimension: 3
    Index: [0, 0, 0]
    Size: [193, 229, 193]
  BufferedRegion: 
    Dimension: 3
    Index: [0, 0, 0]
    Size: [193, 229, 193]
  RequestedRegion: 
    Dimension: 3
    Index: [0, 0, 0]
    Size: [193, 229, 193]
  Spacing: [1, 1, 1]
  Origin: [96, 132, -78]
  Direction: 
-1 0 0
0 -1 0
0 0 1

  IndexToPointMatrix: 
-1 0 0
0 -1 0
0 0 1

  PointToIndexMatrix: 
-1 0 0
0 -1 0
0 0 1

  Inverse Direction: 
-1 0 0
0 -1 0
0 0 1

  PixelContainer: 
    ImportImageContainer (0x4414d60)
      RTTI typeinfo:   itk::ImportImageContainer<unsigned long, double>
      Reference Count: 1
      Modified Time: 1186
      Debug: Off
      Object Name: 
      Observers: 
        none
      Pointer: 0x154c9abd2010
      Container manages memory: true
      Size: 8530021
      Capacity: 8530021

     Moving image = Image (0x4406f60)
  RTTI typeinfo:   itk::Image<double, 3u>
  Reference Count: 2
  Modified Time: 1581
  Debug: Off
  Object Name: 
  Observers: 
    none
  Source: (none)
  Source output name: (none)
  Release Data: Off
  Data Released: False
  Global Release Data: Off
  PipelineMTime: 0
  UpdateMTime: 1578
  RealTimeStamp: 0 seconds 
  LargestPossibleRegion: 
    Dimension: 3
    Index: [0, 0, 0]
    Size: [176, 240, 256]
  BufferedRegion: 
    Dimension: 3
    Index: [0, 0, 0]
    Size: [176, 240, 256]
  RequestedRegion: 
    Dimension: 3
    Index: [0, 0, 0]
    Size: [176, 240, 256]
  Spacing: [0.999999, 1, 1]
  Origin: [93.3499, 86.9368, -128.957]
  Direction: 
-0.999513 -0.0279216 -0.0139567
0.0279189 -0.99961 0.000389866
-0.0139622 2.01492e-08 0.999903

  IndexToPointMatrix: 
-0.999512 -0.0279216 -0.0139567
0.0279189 -0.99961 0.000389866
-0.0139621 2.01492e-08 0.999903

  PointToIndexMatrix: 
-0.999514 0.0279189 -0.0139622
-0.0279216 -0.99961 2.01716e-08
-0.0139567 0.000389866 0.999903

  Inverse Direction: 
-0.999513 0.0279189 -0.0139622
-0.0279216 -0.99961 2.01716e-08
-0.0139567 0.000389866 0.999903

  PixelContainer: 
    ImportImageContainer (0x43f86d0)
      RTTI typeinfo:   itk::ImportImageContainer<unsigned long, double>
      Reference Count: 1
      Modified Time: 1575
      Debug: Off
      Object Name: 
      Observers: 
        none
      Pointer: 0x154c95951010
      Container manages memory: true
      Size: 10813440
      Capacity: 10813440

     Weighting = 1
     Sampling strategy = regular
     Number of bins = 32
     Radius = 4
     Sampling percentage  = 0.25
   Transform = Rigid
     Gradient step = 0.1
     Update field sigma (voxel space) = 0
     Total field sigma (voxel space) = 0
     Update field time sigma = 0
     Total field time sigma  = 0
     Number of time indices = 0
     Number of time point samples = 0
Registration using 1 total stages.

Stage 0
  iterations = 1000x500x250x100
  convergence threshold = 1e-06
  convergence window size = 10
  number of levels = 4
  using the Mattes MI metric (number of bins = 32, weight = 1, use gradient filter = 0)
  preprocessing:  winsorizing the image intensities
  Shrink factors (level 1 out of 4): [8, 8, 8]
  Shrink factors (level 2 out of 4): [4, 4, 4]
  Shrink factors (level 3 out of 4): [2, 2, 2]
  Shrink factors (level 4 out of 4): [1, 1, 1]
  smoothing sigmas per level: [3, 2, 1, 0]
  regular sampling (percentage = 0.25)

*** Running Euler3DTransform registration ***

DIAGNOSTIC,Iteration,metricValue,convergenceValue,ITERATION_TIME_INDEX,SINCE_LAST
 2DIAGNOSTIC,     1, -4.871187133941e-01, 1.797693134862e+308, 7.4838e-01, 7.4838e-01, 
 2DIAGNOSTIC,     2, -4.887966556740e-01, 1.797693134862e+308, 7.5375e-01, 5.3661e-03, 
 2DIAGNOSTIC,     3, -4.919242839642e-01, 1.797693134862e+308, 7.5950e-01, 5.7540e-03, 
 2DIAGNOSTIC,     4, -5.019092629522e-01, 1.797693134862e+308, 7.6412e-01, 4.6210e-03, 
 2DIAGNOSTIC,     5, -5.198319788477e-01, 1.797693134862e+308, 7.6849e-01, 4.3690e-03, 
 2DIAGNOSTIC,     6, -5.251449584180e-01, 1.797693134862e+308, 7.7277e-01, 4.2779e-03, 
 2DIAGNOSTIC,     7, -5.365118080768e-01, 1.797693134862e+308, 7.7707e-01, 4.2992e-03, 
 2DIAGNOSTIC,     8, -5.564319077261e-01, 1.797693134862e+308, 7.8363e-01, 6.5570e-03, 
 2DIAGNOSTIC,     9, -5.572786469687e-01, 1.797693134862e+308, 7.8765e-01, 4.0262e-03, 
 2DIAGNOSTIC,    10, -5.597886110608e-01, 1.060089541986e-02, 7.9251e-01, 4.8599e-03, 
 2DIAGNOSTIC,    11, -5.645450860914e-01, 9.471656029003e-03, 7.9675e-01, 4.2400e-03, 
 2DIAGNOSTIC,    12, -5.675342641672e-01, 7.901754414630e-03, 8.0160e-01, 4.8501e-03, 
 2DIAGNOSTIC,    13, -5.685174641935e-01, 6.033280802480e-03, 8.0638e-01, 4.7832e-03, 
 2DIAGNOSTIC,    14, -5.693412095342e-01, 4.302087948769e-03, 8.1179e-01, 5.4049e-03, 
 2DIAGNOSTIC,    15, -5.718972801997e-01, 3.155204981952e-03, 8.1655e-01, 4.7572e-03, 
 2DIAGNOSTIC,    16, -5.734788767073e-01, 2.091398053251e-03, 8.2072e-01, 4.1761e-03, 
 2DIAGNOSTIC,    17, -5.737823402464e-01, 1.310029424173e-03, 8.2495e-01, 4.2288e-03, 
 2DIAGNOSTIC,    18, -5.749452616695e-01, 1.114936190118e-03, 8.2915e-01, 4.1990e-03, 
 2DIAGNOSTIC,    19, -5.774392255364e-01, 9.301256922322e-04, 8.3555e-01, 6.3982e-03, 
 2DIAGNOSTIC,    20, -5.782944999854e-01, 7.612328989288e-04, 8.4060e-01, 5.0511e-03, 
 2DIAGNOSTIC,    21, -5.788863756205e-01, 6.687985513822e-04, 8.4513e-01, 4.5280e-03, 
 2DIAGNOSTIC,    22, -5.857337703874e-01, 7.546209651036e-04, 8.4949e-01, 4.3631e-03, 
 2DIAGNOSTIC,    23, -6.028589202172e-01, 1.162232413987e-03, 8.5431e-01, 4.8170e-03, 
 2DIAGNOSTIC,    24, -6.086613819807e-01, 1.554691211899e-03, 8.6068e-01, 6.3748e-03, 
 2DIAGNOSTIC,    25, -6.127624289193e-01, 1.904928794612e-03, 8.6541e-01, 4.7221e-03, 
 2DIAGNOSTIC,    26, -6.171330100856e-01, 2.167612367048e-03, 8.7012e-01, 4.7171e-03, 
 2DIAGNOSTIC,    27, -6.180829723812e-01, 2.226134218327e-03, 8.7429e-01, 4.1721e-03, 
 2DIAGNOSTIC,    28, -6.204355227499e-01, 2.128618107413e-03, 8.7902e-01, 4.7240e-03, 
 2DIAGNOSTIC,    29, -6.216541927117e-01, 1.901236619624e-03, 8.8329e-01, 4.2720e-03, 
 2DIAGNOSTIC,    30, -6.252686863922e-01, 1.589741104062e-03, 8.8809e-01, 4.7998e-03, 
 2DIAGNOSTIC,    31, -6.305776476031e-01, 1.244379786518e-03, 8.9252e-01, 4.4329e-03, 
 2DIAGNOSTIC,    32, -6.437123777082e-01, 1.107465876339e-03, 8.9794e-01, 5.4171e-03, 
 2DIAGNOSTIC,    33, -6.470269537696e-01, 1.176396292124e-03, 9.0235e-01, 4.4098e-03, 
 2DIAGNOSTIC,    34, -6.489223279345e-01, 1.241916857392e-03, 9.0918e-01, 6.8300e-03, 
 2DIAGNOSTIC,    35, -6.509314733731e-01, 1.271903061785e-03, 9.1330e-01, 4.1189e-03, 
 2DIAGNOSTIC,    36, -6.520037250337e-01, 1.251976310143e-03, 9.1745e-01, 4.1490e-03, 
 2DIAGNOSTIC,    37, -6.528672968338e-01, 1.135504614727e-03, 9.2161e-01, 4.1580e-03, 
 2DIAGNOSTIC,    38, -6.532443735215e-01, 9.531183225176e-04, 9.2569e-01, 4.0889e-03, 
 2DIAGNOSTIC,    39, -6.541901316998e-01, 7.192795758189e-04, 9.3253e-01, 6.8369e-03, 
 2DIAGNOSTIC,    40, -6.543497932595e-01, 4.758100602034e-04, 9.3664e-01, 4.1099e-03, 
 2DIAGNOSTIC,    41, -6.543552410768e-01, 2.590090143552e-04, 9.4081e-01, 4.1690e-03, 
 2DIAGNOSTIC,    42, -6.545494327876e-01, 1.811136368563e-04, 9.4541e-01, 4.6041e-03, 
 2DIAGNOSTIC,    43, -6.547215036961e-01, 1.285972506710e-04, 9.5006e-01, 4.6480e-03, 
 2DIAGNOSTIC,    44, -6.549038731008e-01, 8.855828411810e-05, 9.5421e-01, 4.1490e-03, 
 2DIAGNOSTIC,    45, -6.550454747747e-01, 6.469531127883e-05, 9.5836e-01, 4.1518e-03, 
 2DIAGNOSTIC,    46, -6.553624639401e-01, 5.019549617417e-05, 9.6318e-01, 4.8180e-03, 
 2DIAGNOSTIC,    47, -6.558791224480e-01, 4.555190525807e-05, 9.6778e-01, 4.6020e-03, 
 2DIAGNOSTIC,    48, -6.561666214872e-01, 4.302651305199e-05, 9.7258e-01, 4.7970e-03, 
 2DIAGNOSTIC,    49, -6.562572760396e-01, 4.655652363313e-05, 9.7666e-01, 4.0810e-03, 
 2DIAGNOSTIC,    50, -6.561933565697e-01, 4.654523851005e-05, 9.8229e-01, 5.6319e-03, 
 2DIAGNOSTIC,    51, -6.562115803781e-01, 4.235727239897e-05, 9.8686e-01, 4.5650e-03, 
 2DIAGNOSTIC,    52, -6.561363226457e-01, 3.532819406569e-05, 9.9146e-01, 4.5991e-03, 
 2DIAGNOSTIC,    53, -6.560593725825e-01, 2.607263964042e-05, 9.9600e-01, 4.5440e-03, 
 2DIAGNOSTIC,    54, -6.559838571217e-01, 1.574488078238e-05, 1.0006e+00, 4.5891e-03, 
 2DIAGNOSTIC,    55, -6.558217050753e-01, 4.221018273298e-06, 1.0046e+00, 4.0510e-03, 
DIAGNOSTIC,Iteration,metricValue,convergenceValue,ITERATION_TIME_INDEX,SINCE_LAST
 2DIAGNOSTIC,     1, -5.253182329655e-01, 1.797693134862e+308, 1.7778e+00, 7.7312e-01, 
 2DIAGNOSTIC,     2, -5.259573772623e-01, 1.797693134862e+308, 1.8072e+00, 2.9430e-02, 
 2DIAGNOSTIC,     3, -5.267027006225e-01, 1.797693134862e+308, 1.8369e+00, 2.9728e-02, 
 2DIAGNOSTIC,     4, -5.275088331162e-01, 1.797693134862e+308, 1.8670e+00, 3.0060e-02, 
 2DIAGNOSTIC,     5, -5.280191275325e-01, 1.797693134862e+308, 1.8966e+00, 2.9608e-02, 
 2DIAGNOSTIC,     6, -5.283360040208e-01, 1.797693134862e+308, 1.9263e+00, 2.9742e-02, 
 2DIAGNOSTIC,     7, -5.296494245768e-01, 1.797693134862e+308, 1.9600e+00, 3.3627e-02, 
 2DIAGNOSTIC,     8, -5.317730043482e-01, 1.797693134862e+308, 2.0034e+00, 4.3423e-02, 
 2DIAGNOSTIC,     9, -5.328928764083e-01, 1.797693134862e+308, 2.0344e+00, 3.1046e-02, 
 2DIAGNOSTIC,    10, -5.332935704473e-01, 1.005053144009e-03, 2.0643e+00, 2.9845e-02, 
 2DIAGNOSTIC,    11, -5.338797313826e-01, 9.511771474866e-04, 2.1044e+00, 4.0158e-02, 
 2DIAGNOSTIC,    12, -5.340067786778e-01, 8.543538055101e-04, 2.1335e+00, 2.9099e-02, 
 2DIAGNOSTIC,    13, -5.342463423981e-01, 7.343456918617e-04, 2.1666e+00, 3.3070e-02, 
 2DIAGNOSTIC,    14, -5.343147864567e-01, 5.981157374744e-04, 2.1989e+00, 3.2299e-02, 
 2DIAGNOSTIC,    15, -5.343091621170e-01, 4.449383986233e-04, 2.2499e+00, 5.0974e-02, 
 2DIAGNOSTIC,    16, -5.343136101523e-01, 2.811671367932e-04, 2.2793e+00, 2.9410e-02, 
 2DIAGNOSTIC,    17, -5.342904804197e-01, 1.502822847377e-04, 2.3150e+00, 3.5683e-02, 
 2DIAGNOSTIC,    18, -5.342937207948e-01, 8.287549735073e-05, 2.3472e+00, 3.2265e-02, 
 2DIAGNOSTIC,    19, -5.342819540588e-01, 4.614728636668e-05, 2.3825e+00, 3.5297e-02, 
 2DIAGNOSTIC,    20, -5.342773904033e-01, 1.926055569814e-05, 2.4158e+00, 3.3324e-02, 
 2DIAGNOSTIC,    21, -5.342825491327e-01, 8.364030906274e-06, 2.4508e+00, 3.4961e-02, 
DIAGNOSTIC,Iteration,metricValue,convergenceValue,ITERATION_TIME_INDEX,SINCE_LAST
 2DIAGNOSTIC,     1, -4.722182680760e-01, 1.797693134862e+308, 3.5027e+00, 1.0519e+00, 
 2DIAGNOSTIC,     2, -4.723371248468e-01, 1.797693134862e+308, 3.7485e+00, 2.4577e-01, 
 2DIAGNOSTIC,     3, -4.725258752713e-01, 1.797693134862e+308, 4.0010e+00, 2.5254e-01, 
 2DIAGNOSTIC,     4, -4.728195451431e-01, 1.797693134862e+308, 4.2231e+00, 2.2214e-01, 
 2DIAGNOSTIC,     5, -4.732814141986e-01, 1.797693134862e+308, 4.5026e+00, 2.7949e-01, 
 2DIAGNOSTIC,     6, -4.736701792825e-01, 1.797693134862e+308, 4.7363e+00, 2.3370e-01, 
 2DIAGNOSTIC,     7, -4.752883565431e-01, 1.797693134862e+308, 5.0184e+00, 2.8203e-01, 
 2DIAGNOSTIC,     8, -4.764251165055e-01, 1.797693134862e+308, 5.2897e+00, 2.7130e-01, 
 2DIAGNOSTIC,     9, -4.772511057528e-01, 1.797693134862e+308, 5.5058e+00, 2.1614e-01, 
 2DIAGNOSTIC,    10, -4.776563452414e-01, 8.231561925496e-04, 5.7707e+00, 2.6493e-01, 
 2DIAGNOSTIC,    11, -4.779621825774e-01, 8.168375861514e-04, 6.0420e+00, 2.7133e-01, 
 2DIAGNOSTIC,    12, -4.782406812925e-01, 7.575315716792e-04, 6.3569e+00, 3.1480e-01, 
 2DIAGNOSTIC,    13, -4.784190519888e-01, 6.551182555713e-04, 6.6429e+00, 2.8606e-01, 
 2DIAGNOSTIC,    14, -4.784251955403e-01, 5.210327015189e-04, 6.8846e+00, 2.4168e-01, 
 2DIAGNOSTIC,    15, -4.784303813483e-01, 3.770834827594e-04, 7.1347e+00, 2.5008e-01, 
 2DIAGNOSTIC,    16, -4.784285365048e-01, 2.303980852456e-04, 7.3984e+00, 2.6375e-01, 
 2DIAGNOSTIC,    17, -4.784277424046e-01, 1.360614615666e-04, 7.6660e+00, 2.6752e-01, 
 2DIAGNOSTIC,    18, -4.784293942354e-01, 7.702718110742e-05, 7.9612e+00, 2.9525e-01, 
 2DIAGNOSTIC,    19, -4.784275292006e-01, 4.301479072202e-05, 8.2540e+00, 2.9277e-01, 
 2DIAGNOSTIC,    20, -4.784256722903e-01, 2.053613563660e-05, 8.5054e+00, 2.5143e-01, 
 2DIAGNOSTIC,    21, -4.784248023458e-01, 6.945073983439e-06, 8.7695e+00, 2.6406e-01, 
 2DIAGNOSTIC,    22, -4.784261107926e-01, 1.538672578724e-06, 9.0165e+00, 2.4703e-01, 
 2DIAGNOSTIC,    23, -4.784274248793e-01, 1.248319944393e-06, 9.2450e+00, 2.2849e-01, 
 2DIAGNOSTIC,    24, -4.784275285141e-01, 1.145896610336e-06, 9.5210e+00, 2.7600e-01, 
 2DIAGNOSTIC,    25, -4.784291881210e-01, 1.235709367928e-06, 9.7852e+00, 2.6420e-01, 
 2DIAGNOSTIC,    26, -4.784307195619e-01, 1.315366872319e-06, 1.0020e+01, 2.3480e-01, 
 2DIAGNOSTIC,    27, -4.784312126435e-01, 1.370966757425e-06, 1.0282e+01, 2.6201e-01, 
 2DIAGNOSTIC,    28, -4.784323260568e-01, 1.464048088040e-06, 1.0577e+01, 2.9521e-01, 
 2DIAGNOSTIC,    29, -4.784317448860e-01, 1.470825729447e-06, 1.0842e+01, 2.6497e-01, 
 2DIAGNOSTIC,    30, -4.784284634135e-01, 1.341380325738e-06, 1.1078e+01, 2.3619e-01, 
 2DIAGNOSTIC,    31, -4.784331365562e-01, 1.268061109810e-06, 1.1333e+01, 2.5457e-01, 
 2DIAGNOSTIC,    32, -4.784353718406e-01, 1.238735467236e-06, 1.1593e+01, 2.5990e-01, 
 2DIAGNOSTIC,    33, -4.784368038720e-01, 1.237128526968e-06, 1.1842e+01, 2.4881e-01, 
 2DIAGNOSTIC,    34, -4.784369174200e-01, 1.214762310693e-06, 1.2051e+01, 2.0985e-01, 
 2DIAGNOSTIC,    35, -4.784392431075e-01, 1.236388116783e-06, 1.2353e+01, 3.0159e-01, 
 2DIAGNOSTIC,    36, -4.784396299239e-01, 1.255511114087e-06, 1.2597e+01, 2.4391e-01, 
 2DIAGNOSTIC,    37, -4.784384544050e-01, 1.225266883082e-06, 1.2852e+01, 2.5481e-01, 
 2DIAGNOSTIC,    38, -4.784380150936e-01, 1.174074533653e-06, 1.3067e+01, 2.1555e-01, 
 2DIAGNOSTIC,    39, -4.784370286775e-01, 1.072333504149e-06, 1.3313e+01, 2.4551e-01, 
DIAGNOSTIC,Iteration,metricValue,convergenceValue,ITERATION_TIME_INDEX,SINCE_LAST
 2DIAGNOSTIC,     1, -4.446184887009e-01, 1.797693134862e+308, 1.5885e+01, 2.5722e+00, 
 2DIAGNOSTIC,     2, -4.446585921959e-01, 1.797693134862e+308, 1.7663e+01, 1.7775e+00, 
 2DIAGNOSTIC,     3, -4.446596449213e-01, 1.797693134862e+308, 1.9280e+01, 1.6173e+00, 
 2DIAGNOSTIC,     4, -4.446616885260e-01, 1.797693134862e+308, 2.0720e+01, 1.4397e+00, 
 2DIAGNOSTIC,     5, -4.446630593505e-01, 1.797693134862e+308, 2.2278e+01, 1.5586e+00, 
 2DIAGNOSTIC,     6, -4.446732212450e-01, 1.797693134862e+308, 2.3789e+01, 1.5105e+00, 
 2DIAGNOSTIC,     7, -4.447096657241e-01, 1.797693134862e+308, 2.5336e+01, 1.5470e+00, 
 2DIAGNOSTIC,     8, -4.447310936227e-01, 1.797693134862e+308, 2.7047e+01, 1.7114e+00, 
 2DIAGNOSTIC,     9, -4.447528667967e-01, 1.797693134862e+308, 2.8427e+01, 1.3804e+00, 
 2DIAGNOSTIC,    10, -4.447671193591e-01, 2.268885304994e-05, 2.9800e+01, 1.3730e+00, 
 2DIAGNOSTIC,    11, -4.447967492515e-01, 2.228857684351e-05, 3.1326e+01, 1.5251e+00, 
 2DIAGNOSTIC,    12, -4.448865826977e-01, 2.708016741471e-05, 3.2847e+01, 1.5215e+00, 
 2DIAGNOSTIC,    13, -4.449639715608e-01, 3.266442439698e-05, 3.4362e+01, 1.5146e+00, 
 2DIAGNOSTIC,    14, -4.450644990518e-01, 3.936562151470e-05, 3.5995e+01, 1.6338e+00, 
 2DIAGNOSTIC,    15, -4.450903122373e-01, 4.292672343739e-05, 3.8419e+01, 2.4231e+00, 
 2DIAGNOSTIC,    16, -4.451881937544e-01, 4.663099554017e-05, 4.0043e+01, 1.6246e+00, 
 2DIAGNOSTIC,    17, -4.453181618206e-01, 5.193434303154e-05, 4.1606e+01, 1.5633e+00, 
 2DIAGNOSTIC,    18, -4.453645558314e-01, 5.428436426280e-05, 4.3149e+01, 1.5426e+00, 
 2DIAGNOSTIC,    19, -4.453816124411e-01, 5.286515466656e-05, 4.4698e+01, 1.5491e+00, 
 2DIAGNOSTIC,    20, -4.453857920216e-01, 4.750016796461e-05, 4.7376e+01, 2.6780e+00, 
 2DIAGNOSTIC,    21, -4.453852420864e-01, 3.921216716118e-05, 4.9193e+01, 1.8170e+00, 
 2DIAGNOSTIC,    22, -4.453851145483e-01, 3.067690267514e-05, 5.1662e+01, 2.4686e+00, 
 2DIAGNOSTIC,    23, -4.453851234750e-01, 2.223679997854e-05, 5.3238e+01, 1.5764e+00, 
 2DIAGNOSTIC,    24, -4.453850444344e-01, 1.527425753150e-05, 5.4774e+01, 1.5355e+00, 
 2DIAGNOSTIC,    25, -4.453849671109e-01, 8.201240940281e-06, 5.6395e+01, 1.6213e+00, 
 2DIAGNOSTIC,    26, -4.453848942679e-01, 3.352568931525e-06, 5.7961e+01, 1.5659e+00, 
 2DIAGNOSTIC,    27, -4.453848240304e-01, 1.710414488244e-06, 5.9649e+01, 1.6879e+00, 
 2DIAGNOSTIC,    28, -4.453847490771e-01, 1.181737369668e-06, 6.1111e+01, 1.4624e+00, 
 2DIAGNOSTIC,    29, -4.453845952950e-01, 1.054724881121e-06, 6.2667e+01, 1.5558e+00, 
 2DIAGNOSTIC,    30, -4.453846142499e-01, 1.030012958363e-06, 6.4264e+01, 1.5970e+00, 
  Elapsed time (stage 0): 6.5112e+01


Total elapsed time: 6.5118e+01
Info [verificarlo]: loaded backend libinterflop_ieee.so
Info [interflop-ieee]: load backend with:
Info [interflop-ieee]: debug = false
Info [interflop-ieee]: debug-binary = false
Info [interflop-ieee]: no-backend-name = false
Info [interflop-ieee]: print-new-line = false
Info [interflop-ieee]: print-subnormal-normalized = false
Info [interflop-ieee]: count-op = false
All_Command_lines_OK
Using double precision for computations.
=============================================================================
The composite transform comprises the following transforms (in order): 
  1. /home/mdugre/scratch/mri-registration-rp/datasets/ds004513/derivatives/mri-registration-rp/0001/antsRegistration-r7-p14/sub-s003/rigid_Composite.h5[0] (type = Euler3DTransform)
  2. /home/mdugre/scratch/mri-registration-rp/datasets/ds004513/derivatives/mri-registration-rp/0001/antsRegistration-r7-p14/sub-s003/rigid_Composite.h5[1] (type = Euler3DTransform)
  3. /home/mdugre/scratch/mri-registration-rp/datasets/ds004513/derivatives/mri-registration-rp/0001/antsRegistration-r7-p14/sub-s003/rigid_Composite.h5[2] (type = Euler3DTransform)
=============================================================================
  number of levels = 4
  fixed image: /templateflow/tpl-MNI152NLin2009cAsym/tpl-MNI152NLin2009cAsym_res-01_desc-brain_T1w.nii.gz
  moving image: /home/mdugre/scratch/mri-registration-rp/datasets/ds004513/derivatives/mri-registration-rp/antsBrainExtraction/sub-s003/BrainExtractionBrain.nii.gz
Dimension = 3
Number of stages = 1
Use histogram matching = false
Winsorize image intensities = true
  Lower quantile = 0.005
  Upper quantile = 0.995


Stage 1 State
   Image metric = MattesMI
     Fixed image = Image (0x459c7e0)
  RTTI typeinfo:   itk::Image<double, 3u>
  Reference Count: 2
  Modified Time: 1594
  Debug: Off
  Object Name: 
  Observers: 
    none
  Source: (none)
  Source output name: (none)
  Release Data: Off
  Data Released: False
  Global Release Data: Off
  PipelineMTime: 0
  UpdateMTime: 1203
  RealTimeStamp: 0 seconds 
  LargestPossibleRegion: 
    Dimension: 3
    Index: [0, 0, 0]
    Size: [193, 229, 193]
  BufferedRegion: 
    Dimension: 3
    Index: [0, 0, 0]
    Size: [193, 229, 193]
  RequestedRegion: 
    Dimension: 3
    Index: [0, 0, 0]
    Size: [193, 229, 193]
  Spacing: [1, 1, 1]
  Origin: [96, 132, -78]
  Direction: 
-1 0 0
0 -1 0
0 0 1

  IndexToPointMatrix: 
-1 0 0
0 -1 0
0 0 1

  PointToIndexMatrix: 
-1 0 0
0 -1 0
0 0 1

  Inverse Direction: 
-1 0 0
0 -1 0
0 0 1

  PixelContainer: 
    ImportImageContainer (0x465ca20)
      RTTI typeinfo:   itk::ImportImageContainer<unsigned long, double>
      Reference Count: 1
      Modified Time: 1200
      Debug: Off
      Object Name: 
      Observers: 
        none
      Pointer: 0x14a39ad63010
      Container manages memory: true
      Size: 8530021
      Capacity: 8530021

     Moving image = Image (0x4657d70)
  RTTI typeinfo:   itk::Image<double, 3u>
  Reference Count: 2
  Modified Time: 1595
  Debug: Off
  Object Name: 
  Observers: 
    none
  Source: (none)
  Source output name: (none)
  Release Data: Off
  Data Released: False
  Global Release Data: Off
  PipelineMTime: 0
  UpdateMTime: 1592
  RealTimeStamp: 0 seconds 
  LargestPossibleRegion: 
    Dimension: 3
    Index: [0, 0, 0]
    Size: [176, 240, 256]
  BufferedRegion: 
    Dimension: 3
    Index: [0, 0, 0]
    Size: [176, 240, 256]
  RequestedRegion: 
    Dimension: 3
    Index: [0, 0, 0]
    Size: [176, 240, 256]
  Spacing: [0.999999, 1, 1]
  Origin: [93.3499, 86.9368, -128.957]
  Direction: 
-0.999513 -0.0279216 -0.0139567
0.0279189 -0.99961 0.000389866
-0.0139622 2.01492e-08 0.999903

  IndexToPointMatrix: 
-0.999512 -0.0279216 -0.0139567
0.0279189 -0.99961 0.000389866
-0.0139621 2.01492e-08 0.999903

  PointToIndexMatrix: 
-0.999514 0.0279189 -0.0139622
-0.0279216 -0.99961 2.01716e-08
-0.0139567 0.000389866 0.999903

  Inverse Direction: 
-0.999513 0.0279189 -0.0139622
-0.0279216 -0.99961 2.01716e-08
-0.0139567 0.000389866 0.999903

  PixelContainer: 
    ImportImageContainer (0x460fc90)
      RTTI typeinfo:   itk::ImportImageContainer<unsigned long, double>
      Reference Count: 1
      Modified Time: 1589
      Debug: Off
      Object Name: 
      Observers: 
        none
      Pointer: 0x14a395ae2010
      Container manages memory: true
      Size: 10813440
      Capacity: 10813440

     Weighting = 1
     Sampling strategy = regular
     Number of bins = 32
     Radius = 4
     Sampling percentage  = 0.25
   Transform = Affine
     Gradient step = 0.1
     Update field sigma (voxel space) = 0
     Total field sigma (voxel space) = 0
     Update field time sigma = 0
     Total field time sigma  = 0
     Number of time indices = 0
     Number of time point samples = 0
Registration using 1 total stages.

Stage 0
  iterations = 1000x500x250x100
  convergence threshold = 1e-06
  convergence window size = 10
  number of levels = 4
  using the Mattes MI metric (number of bins = 32, weight = 1, use gradient filter = 0)
  preprocessing:  winsorizing the image intensities
  Shrink factors (level 1 out of 4): [8, 8, 8]
  Shrink factors (level 2 out of 4): [4, 4, 4]
  Shrink factors (level 3 out of 4): [2, 2, 2]
  Shrink factors (level 4 out of 4): [1, 1, 1]
  smoothing sigmas per level: [3, 2, 1, 0]
  regular sampling (percentage = 0.25)

*** Running AffineTransform registration ***

DIAGNOSTIC,Iteration,metricValue,convergenceValue,ITERATION_TIME_INDEX,SINCE_LAST
 2DIAGNOSTIC,     1, -6.603648310533e-01, 1.797693134862e+308, 7.8113e-01, 7.8113e-01, 
 2DIAGNOSTIC,     2, -6.630784739158e-01, 1.797693134862e+308, 7.8590e-01, 4.7691e-03, 
 2DIAGNOSTIC,     3, -6.671621830973e-01, 1.797693134862e+308, 7.9062e-01, 4.7219e-03, 
 2DIAGNOSTIC,     4, -6.732837259930e-01, 1.797693134862e+308, 7.9620e-01, 5.5790e-03, 
 2DIAGNOSTIC,     5, -6.820565494745e-01, 1.797693134862e+308, 8.0120e-01, 5.0061e-03, 
 2DIAGNOSTIC,     6, -6.951547819010e-01, 1.797693134862e+308, 8.0583e-01, 4.6270e-03, 
 2DIAGNOSTIC,     7, -7.065149341585e-01, 1.797693134862e+308, 8.1158e-01, 5.7449e-03, 
 2DIAGNOSTIC,     8, -7.140395103403e-01, 1.797693134862e+308, 8.1663e-01, 5.0561e-03, 
 2DIAGNOSTIC,     9, -7.232305932825e-01, 1.797693134862e+308, 8.2319e-01, 6.5610e-03, 
 2DIAGNOSTIC,    10, -7.239842114278e-01, 6.863172703412e-03, 8.3616e-01, 1.2971e-02, 
 2DIAGNOSTIC,    11, -7.240094321184e-01, 6.051677925782e-03, 8.4092e-01, 4.7519e-03, 
 2DIAGNOSTIC,    12, -7.239250313271e-01, 4.929485156302e-03, 8.4566e-01, 4.7460e-03, 
 2DIAGNOSTIC,    13, -7.238514118573e-01, 3.666843871829e-03, 8.5091e-01, 5.2459e-03, 
 2DIAGNOSTIC,    14, -7.238746426666e-01, 2.434098340818e-03, 8.5618e-01, 5.2700e-03, 
 2DIAGNOSTIC,    15, -7.237946976716e-01, 1.379542212738e-03, 8.6100e-01, 4.8211e-03, 
 2DIAGNOSTIC,    16, -7.236285104908e-01, 6.590567976216e-04, 8.6626e-01, 5.2631e-03, 
 2DIAGNOSTIC,    17, -7.236693060346e-01, 2.337696293712e-04, 8.7124e-01, 4.9732e-03, 
DIAGNOSTIC,Iteration,metricValue,convergenceValue,ITERATION_TIME_INDEX,SINCE_LAST
 2DIAGNOSTIC,     1, -5.937080026526e-01, 1.797693134862e+308, 1.6025e+00, 7.3124e-01, 
 2DIAGNOSTIC,     2, -5.943418509666e-01, 1.797693134862e+308, 1.6381e+00, 3.5629e-02, 
 2DIAGNOSTIC,     3, -5.950949958775e-01, 1.797693134862e+308, 1.6788e+00, 4.0655e-02, 
 2DIAGNOSTIC,     4, -5.953985306042e-01, 1.797693134862e+308, 1.7112e+00, 3.2424e-02, 
 2DIAGNOSTIC,     5, -5.955665821815e-01, 1.797693134862e+308, 1.7529e+00, 4.1697e-02, 
 2DIAGNOSTIC,     6, -5.957256744927e-01, 1.797693134862e+308, 1.7926e+00, 3.9712e-02, 
 2DIAGNOSTIC,     7, -5.956467192124e-01, 1.797693134862e+308, 1.8360e+00, 4.3443e-02, 
 2DIAGNOSTIC,     8, -5.956323786288e-01, 1.797693134862e+308, 1.8743e+00, 3.8242e-02, 
 2DIAGNOSTIC,     9, -5.955383878249e-01, 1.797693134862e+308, 1.9107e+00, 3.6435e-02, 
 2DIAGNOSTIC,    10, -5.955148935747e-01, 1.641739938789e-04, 1.9501e+00, 3.9420e-02, 
 2DIAGNOSTIC,    11, -5.954970437028e-01, 7.398675452708e-05, 1.9856e+00, 3.5470e-02, 
 2DIAGNOSTIC,    12, -5.955049955266e-01, 1.737275157900e-05, 2.0221e+00, 3.6450e-02, 
DIAGNOSTIC,Iteration,metricValue,convergenceValue,ITERATION_TIME_INDEX,SINCE_LAST
 2DIAGNOSTIC,     1, -5.236902358318e-01, 1.797693134862e+308, 3.1358e+00, 1.1138e+00, 
 2DIAGNOSTIC,     2, -5.238362163356e-01, 1.797693134862e+308, 3.4363e+00, 3.0045e-01, 
 2DIAGNOSTIC,     3, -5.239272059089e-01, 1.797693134862e+308, 3.7726e+00, 3.3628e-01, 
 2DIAGNOSTIC,     4, -5.239414818921e-01, 1.797693134862e+308, 4.0686e+00, 2.9606e-01, 
 2DIAGNOSTIC,     5, -5.239374624608e-01, 1.797693134862e+308, 4.3776e+00, 3.0900e-01, 
 2DIAGNOSTIC,     6, -5.239299576056e-01, 1.797693134862e+308, 4.6602e+00, 2.8260e-01, 
 2DIAGNOSTIC,     7, -5.239291960114e-01, 1.797693134862e+308, 4.9409e+00, 2.8067e-01, 
 2DIAGNOSTIC,     8, -5.239261609705e-01, 1.797693134862e+308, 5.4074e+00, 4.6648e-01, 
 2DIAGNOSTIC,     9, -5.239305602365e-01, 1.797693134862e+308, 5.7862e+00, 3.7882e-01, 
 2DIAGNOSTIC,    10, -5.239288278082e-01, 2.017714185264e-05, 6.1043e+00, 3.1811e-01, 
 2DIAGNOSTIC,    11, -5.239273015917e-01, 6.809326683330e-06, 6.3860e+00, 2.8174e-01, 
 2DIAGNOSTIC,    12, -5.239276523247e-01, 1.827065079521e-06, 6.6708e+00, 2.8479e-01, 
 2DIAGNOSTIC,    13, -5.239278502861e-01, 1.465933806150e-06, 6.9553e+00, 2.8445e-01, 
 2DIAGNOSTIC,    14, -5.239257676595e-01, 1.715267799546e-06, 7.2178e+00, 2.6257e-01, 
 2DIAGNOSTIC,    15, -5.239251307620e-01, 1.822580875860e-06, 7.5500e+00, 3.3213e-01, 
 2DIAGNOSTIC,    16, -5.239252879908e-01, 1.697556584371e-06, 7.8478e+00, 2.9784e-01, 
 2DIAGNOSTIC,    17, -5.239249739986e-01, 1.581742962546e-06, 8.1422e+00, 2.9439e-01, 
 2DIAGNOSTIC,    18, -5.239258961895e-01, 1.436791509740e-06, 8.4292e+00, 2.8696e-01, 
 2DIAGNOSTIC,    19, -5.239244486715e-01, 1.423320456849e-06, 8.7413e+00, 3.1216e-01, 
 2DIAGNOSTIC,    20, -5.239241322676e-01, 1.382104673056e-06, 9.0248e+00, 2.8348e-01, 
 2DIAGNOSTIC,    21, -5.239235953230e-01, 1.310055593354e-06, 9.2822e+00, 2.5737e-01, 
 2DIAGNOSTIC,    22, -5.239223972245e-01, 1.241497485448e-06, 9.5366e+00, 2.5443e-01, 
 2DIAGNOSTIC,    23, -5.239226073440e-01, 1.209265207483e-06, 9.8143e+00, 2.7769e-01, 
 2DIAGNOSTIC,    24, -5.239236202883e-01, 1.172012213099e-06, 1.0098e+01, 2.8397e-01, 
 2DIAGNOSTIC,    25, -5.239241271172e-01, 1.148750489489e-06, 1.0427e+01, 3.2905e-01, 
 2DIAGNOSTIC,    26, -5.239229074779e-01, 1.117003084229e-06, 1.0711e+01, 2.8384e-01, 
 2DIAGNOSTIC,    27, -5.239226266538e-01, 1.086285950656e-06, 1.0993e+01, 2.8219e-01, 
 2DIAGNOSTIC,    28, -5.239221126250e-01, 1.074873742242e-06, 1.1263e+01, 2.6936e-01, 
 2DIAGNOSTIC,    29, -5.239218919062e-01, 1.037976578834e-06, 1.1543e+01, 2.8000e-01, 
DIAGNOSTIC,Iteration,metricValue,convergenceValue,ITERATION_TIME_INDEX,SINCE_LAST
 2DIAGNOSTIC,     1, -4.777102084148e-01, 1.797693134862e+308, 1.4498e+01, 2.9554e+00, 
 2DIAGNOSTIC,     2, -4.779940141862e-01, 1.797693134862e+308, 1.6296e+01, 1.7982e+00, 
 2DIAGNOSTIC,     3, -4.783846533626e-01, 1.797693134862e+308, 1.8068e+01, 1.7716e+00, 
 2DIAGNOSTIC,     4, -4.789029235327e-01, 1.797693134862e+308, 1.9745e+01, 1.6769e+00, 
 2DIAGNOSTIC,     5, -4.794038641964e-01, 1.797693134862e+308, 2.1561e+01, 1.8161e+00, 
 2DIAGNOSTIC,     6, -4.798471689163e-01, 1.797693134862e+308, 2.3279e+01, 1.7182e+00, 
 2DIAGNOSTIC,     7, -4.802823443603e-01, 1.797693134862e+308, 2.5129e+01, 1.8500e+00, 
 2DIAGNOSTIC,     8, -4.813838891908e-01, 1.797693134862e+308, 2.7636e+01, 2.5072e+00, 
 2DIAGNOSTIC,     9, -4.821253766183e-01, 1.797693134862e+308, 2.9419e+01, 1.7830e+00, 
 2DIAGNOSTIC,    10, -4.825715731344e-01, 6.720742628819e-04, 3.1110e+01, 1.6902e+00, 
 2DIAGNOSTIC,    11, -4.836845597455e-01, 6.812047037724e-04, 3.2900e+01, 1.7904e+00, 
 2DIAGNOSTIC,    12, -4.871202376496e-01, 8.096701503160e-04, 3.5154e+01, 2.2540e+00, 
 2DIAGNOSTIC,    13, -4.879544057000e-01, 8.962166399715e-04, 3.6954e+01, 1.8001e+00, 
 2DIAGNOSTIC,    14, -4.881263832598e-01, 9.188526792291e-04, 3.8677e+01, 1.7229e+00, 
 2DIAGNOSTIC,    15, -4.883104506465e-01, 8.839660439591e-04, 4.1613e+01, 2.9361e+00, 
 2DIAGNOSTIC,    16, -4.883127675895e-01, 7.887196906717e-04, 4.3292e+01, 1.6790e+00, 
 2DIAGNOSTIC,    17, -4.883549944417e-01, 6.463297316682e-04, 4.5088e+01, 1.7954e+00, 
 2DIAGNOSTIC,    18, -4.884069215445e-01, 4.973445955379e-04, 4.6868e+01, 1.7808e+00, 
 2DIAGNOSTIC,    19, -4.884566464690e-01, 3.442936105546e-04, 4.8591e+01, 1.7226e+00, 
 2DIAGNOSTIC,    20, -4.885105289394e-01, 1.901285541571e-04, 5.0302e+01, 1.7113e+00, 
 2DIAGNOSTIC,    21, -4.887324759402e-01, 6.812991918856e-05, 5.2007e+01, 1.7049e+00, 
 2DIAGNOSTIC,    22, -4.890490191330e-01, 5.055196908552e-05, 5.4135e+01, 2.1276e+00, 
 2DIAGNOSTIC,    23, -4.893353436997e-01, 5.826408247290e-05, 5.6200e+01, 2.0651e+00, 
 2DIAGNOSTIC,    24, -4.893549004603e-01, 6.451817484097e-05, 5.7924e+01, 1.7238e+00, 
 2DIAGNOSTIC,    25, -4.894891737969e-01, 7.197347299157e-05, 5.9787e+01, 1.8630e+00, 
 2DIAGNOSTIC,    26, -4.895480548103e-01, 7.349593290415e-05, 6.1867e+01, 2.0801e+00, 
 2DIAGNOSTIC,    27, -4.896333575428e-01, 7.071447000331e-05, 6.4008e+01, 2.1409e+00, 
 2DIAGNOSTIC,    28, -4.896517845331e-01, 6.299055262160e-05, 6.5803e+01, 1.7948e+00, 
 2DIAGNOSTIC,    29, -4.897625321817e-01, 5.332140274629e-05, 6.8061e+01, 2.2588e+00, 
 2DIAGNOSTIC,    30, -4.898001156636e-01, 4.111169173278e-05, 7.0498e+01, 2.4363e+00, 
 2DIAGNOSTIC,    31, -4.898012504330e-01, 2.999283627956e-05, 7.3319e+01, 2.8217e+00, 
 2DIAGNOSTIC,    32, -4.898012784563e-01, 2.252051939174e-05, 7.5746e+01, 2.4265e+00, 
 2DIAGNOSTIC,    33, -4.898011773398e-01, 1.856394275816e-05, 7.7723e+01, 1.9773e+00, 
 2DIAGNOSTIC,    34, -4.898010150921e-01, 1.344004466205e-05, 7.9793e+01, 2.0700e+00, 
 2DIAGNOSTIC,    35, -4.898008073005e-01, 9.639074915295e-06, 8.1752e+01, 1.9590e+00, 
 2DIAGNOSTIC,    36, -4.898006653343e-01, 6.165446450903e-06, 8.3710e+01, 1.9579e+00, 
 2DIAGNOSTIC,    37, -4.898007724530e-01, 3.749884831372e-06, 8.5805e+01, 2.0949e+00, 
 2DIAGNOSTIC,    38, -4.898005966472e-01, 1.426554360234e-06, 8.7742e+01, 1.9369e+00, 
  Elapsed time (stage 0): 8.8893e+01


Total elapsed time: 8.8897e+01
Info [verificarlo]: loaded backend libinterflop_vprec.so
Info [interflop-vprec]: load backend with: 
Info [interflop-vprec]: precision-binary32 = 14
Info [interflop-vprec]: range-binary32 = 7
Info [interflop-vprec]: precision-binary64 = 14
Info [interflop-vprec]: range-binary64 = 7
Info [interflop-vprec]: mode = ob
Info [interflop-vprec]: error-mode = rel
Info [interflop-vprec]: max-abs-error-exponent = -1022
Info [interflop-vprec]: daz = false
Info [interflop-vprec]: ftz = false
Info [interflop-vprec]: 	instrument = none
Info [interflop-vprec]: 	prec-input-file = (null)
Info [interflop-vprec]: 	prec-output-file = (null)
Info [interflop-vprec]: 	prec-log-file = (null)
All_Command_lines_OK
Using double precision for computations.
=============================================================================
The composite transform comprises the following transforms (in order): 
  1. /home/mdugre/scratch/mri-registration-rp/datasets/ds004513/derivatives/mri-registration-rp/0001/antsRegistration-r7-p14/sub-s003/affine_Composite.h5[0] (type = Euler3DTransform)
  2. /home/mdugre/scratch/mri-registration-rp/datasets/ds004513/derivatives/mri-registration-rp/0001/antsRegistration-r7-p14/sub-s003/affine_Composite.h5[1] (type = Euler3DTransform)
  3. /home/mdugre/scratch/mri-registration-rp/datasets/ds004513/derivatives/mri-registration-rp/0001/antsRegistration-r7-p14/sub-s003/affine_Composite.h5[2] (type = Euler3DTransform)
