
##########################
# Experiment information #
##########################

EXPERIMENT_NAME: antsRegistration-r7-p8
VFC_BACKENDS: libinterflop_vprec.so --range-binary32=7 --precision-binary32=8 --range-binary64=7 --precision-binary64=8

SIF_IMG: /home/mdugre/projects/rrg-glatard/mdugre/containers/ants-vprec-no_metrics.simg

SUBJECT_ID: s032
INPUT_IMG: /home/mdugre/scratch/mri-registration-rp/datasets/ds004513/derivatives/mri-registration-rp/antsBrainExtraction/sub-s032/BrainExtractionBrain.nii.gz
OUTPUT_DIR: /home/mdugre/scratch/mri-registration-rp/datasets/ds004513/derivatives/mri-registration-rp/0001/antsRegistration-r7-p8/sub-s032

FIXED_IMG: /templateflow/tpl-MNI152NLin2009cAsym/tpl-MNI152NLin2009cAsym_res-01_desc-brain_T1w.nii.gz
DATA_DIR: /home/mdugre/scratch/mri-registration-rp/datasets/ds004513
TEMPLATEFLOW_DIR: /home/mdugre/projects/rrg-glatard/mdugre/templateflow
ITK_GLOBAL_DEFAULT_NUMBER_OF_THREADS: 16
##########################

Info [verificarlo]: loaded backend libinterflop_ieee.so
Info [interflop-ieee]: load backend with:
Info [interflop-ieee]: debug = false
Info [interflop-ieee]: debug-binary = false
Info [interflop-ieee]: no-backend-name = false
Info [interflop-ieee]: print-new-line = false
Info [interflop-ieee]: print-subnormal-normalized = false
Info [interflop-ieee]: count-op = false
All_Command_lines_OK
Using double precision for computations.
=============================================================================
The composite transform comprises the following transforms (in order): 
  1. Center of mass alignment using fixed image: /templateflow/tpl-MNI152NLin2009cAsym/tpl-MNI152NLin2009cAsym_res-01_desc-brain_T1w.nii.gz and moving image: /home/mdugre/scratch/mri-registration-rp/datasets/ds004513/derivatives/mri-registration-rp/antsBrainExtraction/sub-s032/BrainExtractionBrain.nii.gz (type = Euler3DTransform)
=============================================================================
  number of levels = 1
  fixed image: /templateflow/tpl-MNI152NLin2009cAsym/tpl-MNI152NLin2009cAsym_res-01_desc-brain_T1w.nii.gz
  moving image: /home/mdugre/scratch/mri-registration-rp/datasets/ds004513/derivatives/mri-registration-rp/antsBrainExtraction/sub-s032/BrainExtractionBrain.nii.gz
Dimension = 3
Number of stages = 1
Use histogram matching = false
Winsorize image intensities = true
  Lower quantile = 0.005
  Upper quantile = 0.995


Stage 1 State
   Image metric = MattesMI
     Fixed image = Image (0x3bd3bd0)
  RTTI typeinfo:   itk::Image<double, 3u>
  Reference Count: 2
  Modified Time: 2330
  Debug: Off
  Object Name: 
  Observers: 
    none
  Source: (none)
  Source output name: (none)
  Release Data: Off
  Data Released: False
  Global Release Data: Off
  PipelineMTime: 0
  UpdateMTime: 1941
  RealTimeStamp: 0 seconds 
  LargestPossibleRegion: 
    Dimension: 3
    Index: [0, 0, 0]
    Size: [193, 229, 193]
  BufferedRegion: 
    Dimension: 3
    Index: [0, 0, 0]
    Size: [193, 229, 193]
  RequestedRegion: 
    Dimension: 3
    Index: [0, 0, 0]
    Size: [193, 229, 193]
  Spacing: [1, 1, 1]
  Origin: [96, 132, -78]
  Direction: 
-1 0 0
0 -1 0
0 0 1

  IndexToPointMatrix: 
-1 0 0
0 -1 0
0 0 1

  PointToIndexMatrix: 
-1 0 0
0 -1 0
0 0 1

  Inverse Direction: 
-1 0 0
0 -1 0
0 0 1

  PixelContainer: 
    ImportImageContainer (0x3bdc9e0)
      RTTI typeinfo:   itk::ImportImageContainer<unsigned long, double>
      Reference Count: 1
      Modified Time: 1938
      Debug: Off
      Object Name: 
      Observers: 
        none
      Pointer: 0x1515fc9c9010
      Container manages memory: true
      Size: 8530021
      Capacity: 8530021

     Moving image = Image (0x3bddd40)
  RTTI typeinfo:   itk::Image<double, 3u>
  Reference Count: 2
  Modified Time: 2331
  Debug: Off
  Object Name: 
  Observers: 
    none
  Source: (none)
  Source output name: (none)
  Release Data: Off
  Data Released: False
  Global Release Data: Off
  PipelineMTime: 0
  UpdateMTime: 2328
  RealTimeStamp: 0 seconds 
  LargestPossibleRegion: 
    Dimension: 3
    Index: [0, 0, 0]
    Size: [160, 240, 256]
  BufferedRegion: 
    Dimension: 3
    Index: [0, 0, 0]
    Size: [160, 240, 256]
  RequestedRegion: 
    Dimension: 3
    Index: [0, 0, 0]
    Size: [160, 240, 256]
  Spacing: [1, 1, 1]
  Origin: [73.279, 104.707, -131.187]
  Direction: 
-0.997527 0.0645574 -0.0278053
-0.0645323 -0.997914 -0.00179875
-0.0278634 4.01097e-08 0.999612

  IndexToPointMatrix: 
-0.997527 0.0645574 -0.0278053
-0.0645323 -0.997914 -0.00179875
-0.0278634 4.01097e-08 0.999612

  PointToIndexMatrix: 
-0.997527 -0.0645323 -0.0278634
0.0645574 -0.997914 4.01049e-08
-0.0278053 -0.00179875 0.999612

  Inverse Direction: 
-0.997527 -0.0645323 -0.0278634
0.0645574 -0.997914 4.01049e-08
-0.0278053 -0.00179875 0.999612

  PixelContainer: 
    ImportImageContainer (0x3c03850)
      RTTI typeinfo:   itk::ImportImageContainer<unsigned long, double>
      Reference Count: 1
      Modified Time: 2325
      Debug: Off
      Object Name: 
      Observers: 
        none
      Pointer: 0x1515f7ec8010
      Container manages memory: true
      Size: 9830400
      Capacity: 9830400

     Weighting = 1
     Sampling strategy = regular
     Number of bins = 32
     Radius = 4
     Sampling percentage  = 0.25
   Transform = Rigid
     Gradient step = 0.1
     Update field sigma (voxel space) = 0
     Total field sigma (voxel space) = 0
     Update field time sigma = 0
     Total field time sigma  = 0
     Number of time indices = 0
     Number of time point samples = 0
Registration using 1 total stages.

Stage 0
  iterations = 0
  convergence threshold = 1e-06
  convergence window size = 10
  number of levels = 1
  using the Mattes MI metric (number of bins = 32, weight = 1, use gradient filter = 0)
  preprocessing:  winsorizing the image intensities
  Shrink factors (level 1 out of 1): [1, 1, 1]
  smoothing sigmas per level: [0]
  regular sampling (percentage = 0.25)

*** Running Euler3DTransform registration ***

  Elapsed time (stage 0): 1.22388


Total elapsed time: 1.22631
Info [verificarlo]: loaded backend libinterflop_ieee.so
Info [interflop-ieee]: load backend with:
Info [interflop-ieee]: debug = false
Info [interflop-ieee]: debug-binary = false
Info [interflop-ieee]: no-backend-name = false
Info [interflop-ieee]: print-new-line = false
Info [interflop-ieee]: print-subnormal-normalized = false
Info [interflop-ieee]: count-op = false
All_Command_lines_OK
Using double precision for computations.
=============================================================================
The composite transform comprises the following transforms (in order): 
  1. /home/mdugre/scratch/mri-registration-rp/datasets/ds004513/derivatives/mri-registration-rp/0001/antsRegistration-r7-p8/sub-s032/align_Composite.h5[0] (type = Euler3DTransform)
  2. /home/mdugre/scratch/mri-registration-rp/datasets/ds004513/derivatives/mri-registration-rp/0001/antsRegistration-r7-p8/sub-s032/align_Composite.h5[1] (type = Euler3DTransform)
=============================================================================
  number of levels = 4
  fixed image: /templateflow/tpl-MNI152NLin2009cAsym/tpl-MNI152NLin2009cAsym_res-01_desc-brain_T1w.nii.gz
  moving image: /home/mdugre/scratch/mri-registration-rp/datasets/ds004513/derivatives/mri-registration-rp/antsBrainExtraction/sub-s032/BrainExtractionBrain.nii.gz
Dimension = 3
Number of stages = 1
Use histogram matching = false
Winsorize image intensities = true
  Lower quantile = 0.005
  Upper quantile = 0.995


Stage 1 State
   Image metric = MattesMI
     Fixed image = Image (0x4032530)
  RTTI typeinfo:   itk::Image<double, 3u>
  Reference Count: 2
  Modified Time: 1578
  Debug: Off
  Object Name: 
  Observers: 
    none
  Source: (none)
  Source output name: (none)
  Release Data: Off
  Data Released: False
  Global Release Data: Off
  PipelineMTime: 0
  UpdateMTime: 1189
  RealTimeStamp: 0 seconds 
  LargestPossibleRegion: 
    Dimension: 3
    Index: [0, 0, 0]
    Size: [193, 229, 193]
  BufferedRegion: 
    Dimension: 3
    Index: [0, 0, 0]
    Size: [193, 229, 193]
  RequestedRegion: 
    Dimension: 3
    Index: [0, 0, 0]
    Size: [193, 229, 193]
  Spacing: [1, 1, 1]
  Origin: [96, 132, -78]
  Direction: 
-1 0 0
0 -1 0
0 0 1

  IndexToPointMatrix: 
-1 0 0
0 -1 0
0 0 1

  PointToIndexMatrix: 
-1 0 0
0 -1 0
0 0 1

  Inverse Direction: 
-1 0 0
0 -1 0
0 0 1

  PixelContainer: 
    ImportImageContainer (0x40f0d60)
      RTTI typeinfo:   itk::ImportImageContainer<unsigned long, double>
      Reference Count: 1
      Modified Time: 1186
      Debug: Off
      Object Name: 
      Observers: 
        none
      Pointer: 0x149ad1095010
      Container manages memory: true
      Size: 8530021
      Capacity: 8530021

     Moving image = Image (0x40e2f60)
  RTTI typeinfo:   itk::Image<double, 3u>
  Reference Count: 2
  Modified Time: 1579
  Debug: Off
  Object Name: 
  Observers: 
    none
  Source: (none)
  Source output name: (none)
  Release Data: Off
  Data Released: False
  Global Release Data: Off
  PipelineMTime: 0
  UpdateMTime: 1576
  RealTimeStamp: 0 seconds 
  LargestPossibleRegion: 
    Dimension: 3
    Index: [0, 0, 0]
    Size: [160, 240, 256]
  BufferedRegion: 
    Dimension: 3
    Index: [0, 0, 0]
    Size: [160, 240, 256]
  RequestedRegion: 
    Dimension: 3
    Index: [0, 0, 0]
    Size: [160, 240, 256]
  Spacing: [1, 1, 1]
  Origin: [73.279, 104.707, -131.187]
  Direction: 
-0.997527 0.0645574 -0.0278053
-0.0645323 -0.997914 -0.00179875
-0.0278634 4.01097e-08 0.999612

  IndexToPointMatrix: 
-0.997527 0.0645574 -0.0278053
-0.0645323 -0.997914 -0.00179875
-0.0278634 4.01097e-08 0.999612

  PointToIndexMatrix: 
-0.997527 -0.0645323 -0.0278634
0.0645574 -0.997914 4.01049e-08
-0.0278053 -0.00179875 0.999612

  Inverse Direction: 
-0.997527 -0.0645323 -0.0278634
0.0645574 -0.997914 4.01049e-08
-0.0278053 -0.00179875 0.999612

  PixelContainer: 
    ImportImageContainer (0x40d46d0)
      RTTI typeinfo:   itk::ImportImageContainer<unsigned long, double>
      Reference Count: 1
      Modified Time: 1573
      Debug: Off
      Object Name: 
      Observers: 
        none
      Pointer: 0x149acc594010
      Container manages memory: true
      Size: 9830400
      Capacity: 9830400

     Weighting = 1
     Sampling strategy = regular
     Number of bins = 32
     Radius = 4
     Sampling percentage  = 0.25
   Transform = Rigid
     Gradient step = 0.1
     Update field sigma (voxel space) = 0
     Total field sigma (voxel space) = 0
     Update field time sigma = 0
     Total field time sigma  = 0
     Number of time indices = 0
     Number of time point samples = 0
Registration using 1 total stages.

Stage 0
  iterations = 1000x500x250x100
  convergence threshold = 1e-06
  convergence window size = 10
  number of levels = 4
  using the Mattes MI metric (number of bins = 32, weight = 1, use gradient filter = 0)
  preprocessing:  winsorizing the image intensities
  Shrink factors (level 1 out of 4): [8, 8, 8]
  Shrink factors (level 2 out of 4): [4, 4, 4]
  Shrink factors (level 3 out of 4): [2, 2, 2]
  Shrink factors (level 4 out of 4): [1, 1, 1]
  smoothing sigmas per level: [3, 2, 1, 0]
  regular sampling (percentage = 0.25)

*** Running Euler3DTransform registration ***

DIAGNOSTIC,Iteration,metricValue,convergenceValue,ITERATION_TIME_INDEX,SINCE_LAST
 2DIAGNOSTIC,     1, -5.480496989617e-01, 1.797693134862e+308, 7.1704e-01, 7.1704e-01, 
 2DIAGNOSTIC,     2, -5.506811078454e-01, 1.797693134862e+308, 7.2187e-01, 4.8270e-03, 
 2DIAGNOSTIC,     3, -5.546514955662e-01, 1.797693134862e+308, 7.2661e-01, 4.7479e-03, 
 2DIAGNOSTIC,     4, -5.606863537750e-01, 1.797693134862e+308, 7.3161e-01, 4.9939e-03, 
 2DIAGNOSTIC,     5, -5.693661845193e-01, 1.797693134862e+308, 7.3642e-01, 4.8089e-03, 
 2DIAGNOSTIC,     6, -5.854078830086e-01, 1.797693134862e+308, 7.4197e-01, 5.5559e-03, 
 2DIAGNOSTIC,     7, -6.232769732918e-01, 1.797693134862e+308, 7.4700e-01, 5.0280e-03, 
 2DIAGNOSTIC,     8, -6.297683730473e-01, 1.797693134862e+308, 7.5238e-01, 5.3759e-03, 
 2DIAGNOSTIC,     9, -6.366738733405e-01, 1.797693134862e+308, 7.6125e-01, 8.8711e-03, 
 2DIAGNOSTIC,    10, -6.375630690827e-01, 1.201760866083e-02, 7.6651e-01, 5.2590e-03, 
 2DIAGNOSTIC,    11, -6.405337628679e-01, 1.087684809450e-02, 7.7166e-01, 5.1548e-03, 
 2DIAGNOSTIC,    12, -6.435528997438e-01, 9.167753354490e-03, 7.7770e-01, 6.0329e-03, 
 2DIAGNOSTIC,    13, -6.444720921444e-01, 7.089498731847e-03, 7.8337e-01, 5.6701e-03, 
 2DIAGNOSTIC,    14, -6.463616611293e-01, 4.967892496988e-03, 7.8985e-01, 6.4878e-03, 
 2DIAGNOSTIC,    15, -6.484646963404e-01, 3.033020789043e-03, 8.0080e-01, 1.0942e-02, 
 2DIAGNOSTIC,    16, -6.486009987994e-01, 1.520386367320e-03, 8.0591e-01, 5.1148e-03, 
 2DIAGNOSTIC,    17, -6.493699344760e-01, 1.108203205204e-03, 8.1060e-01, 4.6921e-03, 
 2DIAGNOSTIC,    18, -6.514578195065e-01, 8.586162135987e-04, 8.1530e-01, 4.6930e-03, 
 2DIAGNOSTIC,    19, -6.526592717406e-01, 7.533650369804e-04, 8.2002e-01, 4.7240e-03, 
 2DIAGNOSTIC,    20, -6.536191777189e-01, 6.303067369291e-04, 8.2473e-01, 4.7131e-03, 
 2DIAGNOSTIC,    21, -6.549162298979e-01, 5.534292205377e-04, 8.2993e-01, 5.1990e-03, 
 2DIAGNOSTIC,    22, -6.562385790832e-01, 5.226986103230e-04, 8.3588e-01, 5.9521e-03, 
 2DIAGNOSTIC,    23, -6.565000058113e-01, 4.680180012232e-04, 8.4118e-01, 5.2991e-03, 
 2DIAGNOSTIC,    24, -6.565387353854e-01, 4.101063704198e-04, 8.4668e-01, 5.4951e-03, 
 2DIAGNOSTIC,    25, -6.567702146892e-01, 3.618032093006e-04, 8.5210e-01, 5.4178e-03, 
 2DIAGNOSTIC,    26, -6.583507212369e-01, 3.132611037332e-04, 8.5693e-01, 4.8368e-03, 
 2DIAGNOSTIC,    27, -6.586527568469e-01, 2.554116018355e-04, 8.6179e-01, 4.8530e-03, 
 2DIAGNOSTIC,    28, -6.593310437739e-01, 2.225767143858e-04, 8.6764e-01, 5.8529e-03, 
 2DIAGNOSTIC,    29, -6.595734041655e-01, 1.939316665353e-04, 8.7308e-01, 5.4440e-03, 
 2DIAGNOSTIC,    30, -6.595955819569e-01, 1.634946778537e-04, 8.7922e-01, 6.1350e-03, 
 2DIAGNOSTIC,    31, -6.596949967569e-01, 1.392755860944e-04, 8.8435e-01, 5.1329e-03, 
 2DIAGNOSTIC,    32, -6.597157295314e-01, 1.221677497631e-04, 8.8998e-01, 5.6341e-03, 
 2DIAGNOSTIC,    33, -6.597001423848e-01, 9.820426863466e-05, 8.9820e-01, 8.2181e-03, 
 2DIAGNOSTIC,    34, -6.595254449709e-01, 6.486903008238e-05, 9.0326e-01, 5.0590e-03, 
 2DIAGNOSTIC,    35, -6.595295822815e-01, 3.010817891538e-05, 9.0848e-01, 5.2221e-03, 
 2DIAGNOSTIC,    36, -6.595351297939e-01, 1.424396567600e-05, 9.1334e-01, 4.8609e-03, 
 2DIAGNOSTIC,    37, -6.595409535784e-01, 1.474135184296e-06, 9.1844e-01, 5.0979e-03, 
DIAGNOSTIC,Iteration,metricValue,convergenceValue,ITERATION_TIME_INDEX,SINCE_LAST
 2DIAGNOSTIC,     1, -5.183739626482e-01, 1.797693134862e+308, 1.6589e+00, 7.4050e-01, 
 2DIAGNOSTIC,     2, -5.189226238239e-01, 1.797693134862e+308, 1.6975e+00, 3.8557e-02, 
 2DIAGNOSTIC,     3, -5.196899327298e-01, 1.797693134862e+308, 1.7342e+00, 3.6721e-02, 
 2DIAGNOSTIC,     4, -5.204463662957e-01, 1.797693134862e+308, 1.7663e+00, 3.2056e-02, 
 2DIAGNOSTIC,     5, -5.209979485245e-01, 1.797693134862e+308, 1.8008e+00, 3.4500e-02, 
 2DIAGNOSTIC,     6, -5.216357744131e-01, 1.797693134862e+308, 1.8351e+00, 3.4300e-02, 
 2DIAGNOSTIC,     7, -5.233753715187e-01, 1.797693134862e+308, 1.8691e+00, 3.4027e-02, 
 2DIAGNOSTIC,     8, -5.241119131548e-01, 1.797693134862e+308, 1.9103e+00, 4.1145e-02, 
 2DIAGNOSTIC,     9, -5.247293428792e-01, 1.797693134862e+308, 1.9490e+00, 3.8702e-02, 
 2DIAGNOSTIC,    10, -5.250028240047e-01, 8.899807872127e-04, 1.9808e+00, 3.1812e-02, 
 2DIAGNOSTIC,    11, -5.254483046014e-01, 7.905531892573e-04, 2.0128e+00, 3.1986e-02, 
 2DIAGNOSTIC,    12, -5.277635697521e-01, 7.650652209149e-04, 2.0475e+00, 3.4744e-02, 
 2DIAGNOSTIC,    13, -5.283161399878e-01, 7.264280123413e-04, 2.0790e+00, 3.1482e-02, 
 2DIAGNOSTIC,    14, -5.288222944991e-01, 6.775650867862e-04, 2.1121e+00, 3.3078e-02, 
 2DIAGNOSTIC,    15, -5.289976645400e-01, 6.012605917899e-04, 2.1441e+00, 3.2087e-02, 
 2DIAGNOSTIC,    16, -5.298475166338e-01, 5.287514850244e-04, 2.1845e+00, 4.0365e-02, 
 2DIAGNOSTIC,    17, -5.313522064221e-01, 5.176187713441e-04, 2.2184e+00, 3.3925e-02, 
 2DIAGNOSTIC,    18, -5.317211604940e-01, 4.916451598604e-04, 2.2493e+00, 3.0903e-02, 
 2DIAGNOSTIC,    19, -5.322490351328e-01, 4.569567333006e-04, 2.2915e+00, 4.2137e-02, 
 2DIAGNOSTIC,    20, -5.323326683546e-01, 3.939630909102e-04, 2.3220e+00, 3.0477e-02, 
 2DIAGNOSTIC,    21, -5.323870013176e-01, 3.117705861362e-04, 2.3492e+00, 2.7280e-02, 
 2DIAGNOSTIC,    22, -5.325994538046e-01, 2.695180140943e-04, 2.3839e+00, 3.4716e-02, 
 2DIAGNOSTIC,    23, -5.331717035931e-01, 2.319113173346e-04, 2.4201e+00, 3.6140e-02, 
 2DIAGNOSTIC,    24, -5.338198481740e-01, 2.019513138751e-04, 2.4612e+00, 4.1159e-02, 
 2DIAGNOSTIC,    25, -5.347522221563e-01, 1.792053760723e-04, 2.5024e+00, 4.1165e-02, 
 2DIAGNOSTIC,    26, -5.360163938347e-01, 1.844334023478e-04, 2.5340e+00, 3.1548e-02, 
 2DIAGNOSTIC,    27, -5.368144295724e-01, 2.174660588695e-04, 2.5666e+00, 3.2592e-02, 
 2DIAGNOSTIC,    28, -5.377400450061e-01, 2.522175315880e-04, 2.6131e+00, 4.6571e-02, 
 2DIAGNOSTIC,    29, -5.382298419448e-01, 2.794870401300e-04, 2.6626e+00, 4.9471e-02, 
 2DIAGNOSTIC,    30, -5.388924825426e-01, 2.919113654212e-04, 2.6952e+00, 3.2631e-02, 
 2DIAGNOSTIC,    31, -5.432084922151e-01, 3.513639080115e-04, 2.7261e+00, 3.0861e-02, 
 2DIAGNOSTIC,    32, -5.482535560800e-01, 4.597737539782e-04, 2.7574e+00, 3.1337e-02, 
 2DIAGNOSTIC,    33, -5.488969271959e-01, 5.361996655193e-04, 2.7949e+00, 3.7444e-02, 
 2DIAGNOSTIC,    34, -5.512033573459e-01, 6.052159527313e-04, 2.8310e+00, 3.6108e-02, 
 2DIAGNOSTIC,    35, -5.541859570112e-01, 6.722086173333e-04, 2.8734e+00, 4.2430e-02, 
 2DIAGNOSTIC,    36, -5.640166619101e-01, 8.334847042431e-04, 2.9149e+00, 4.1511e-02, 
 2DIAGNOSTIC,    37, -5.659606530068e-01, 9.411919144867e-04, 2.9492e+00, 3.4318e-02, 
 2DIAGNOSTIC,    38, -5.664122711545e-01, 9.746557294629e-04, 2.9788e+00, 2.9563e-02, 
 2DIAGNOSTIC,    39, -5.666287396719e-01, 9.264219418860e-04, 3.0087e+00, 2.9890e-02, 
 2DIAGNOSTIC,    40, -5.669328092666e-01, 8.038385754224e-04, 3.0548e+00, 4.6086e-02, 
 2DIAGNOSTIC,    41, -5.670643738170e-01, 6.648249324565e-04, 3.0874e+00, 3.2646e-02, 
 2DIAGNOSTIC,    42, -5.671431674177e-01, 5.338450853989e-04, 3.1170e+00, 2.9582e-02, 
 2DIAGNOSTIC,    43, -5.672095638487e-01, 3.685936242577e-04, 3.1507e+00, 3.3677e-02, 
 2DIAGNOSTIC,    44, -5.673431791203e-01, 2.060864344503e-04, 3.1922e+00, 4.1554e-02, 
 2DIAGNOSTIC,    45, -5.673257533726e-01, 6.323205906178e-05, 3.2244e+00, 3.2201e-02, 
 2DIAGNOSTIC,    46, -5.673328558812e-01, 3.291376391994e-05, 3.2527e+00, 2.8240e-02, 
 2DIAGNOSTIC,    47, -5.673408586452e-01, 2.263596021176e-05, 3.2859e+00, 3.3235e-02, 
 2DIAGNOSTIC,    48, -5.673867254835e-01, 1.612088119830e-05, 3.3198e+00, 3.3866e-02, 
 2DIAGNOSTIC,    49, -5.673857353706e-01, 1.061376860219e-05, 3.3506e+00, 3.0861e-02, 
 2DIAGNOSTIC,    50, -5.673620222284e-01, 7.310880208448e-06, 3.3842e+00, 3.3559e-02, 
 2DIAGNOSTIC,    51, -5.674397080818e-01, 5.675841502448e-06, 3.4395e+00, 5.5319e-02, 
 2DIAGNOSTIC,    52, -5.674410856111e-01, 4.396888987387e-06, 3.4696e+00, 3.0068e-02, 
 2DIAGNOSTIC,    53, -5.674414943376e-01, 3.425180056641e-06, 3.4996e+00, 3.0027e-02, 
 2DIAGNOSTIC,    54, -5.674421382396e-01, 3.539550442598e-06, 3.5295e+00, 2.9874e-02, 
 2DIAGNOSTIC,    55, -5.674350204744e-01, 3.143216814522e-06, 3.5629e+00, 3.3446e-02, 
 2DIAGNOSTIC,    56, -5.674355853909e-01, 2.582599638153e-06, 3.5974e+00, 3.4440e-02, 
 2DIAGNOSTIC,    57, -5.674278020105e-01, 1.833836376940e-06, 3.6268e+00, 2.9471e-02, 
 2DIAGNOSTIC,    58, -5.674201954449e-01, 1.344978118371e-06, 3.6585e+00, 3.1626e-02, 
DIAGNOSTIC,Iteration,metricValue,convergenceValue,ITERATION_TIME_INDEX,SINCE_LAST
 2DIAGNOSTIC,     1, -5.013519940260e-01, 1.797693134862e+308, 4.7806e+00, 1.1222e+00, 
 2DIAGNOSTIC,     2, -5.016066732615e-01, 1.797693134862e+308, 5.0168e+00, 2.3623e-01, 
 2DIAGNOSTIC,     3, -5.019261890825e-01, 1.797693134862e+308, 5.2638e+00, 2.4694e-01, 
 2DIAGNOSTIC,     4, -5.020944509939e-01, 1.797693134862e+308, 5.5231e+00, 2.5933e-01, 
 2DIAGNOSTIC,     5, -5.021273399129e-01, 1.797693134862e+308, 5.7881e+00, 2.6496e-01, 
 2DIAGNOSTIC,     6, -5.021693761113e-01, 1.797693134862e+308, 6.0399e+00, 2.5183e-01, 
 2DIAGNOSTIC,     7, -5.022043766661e-01, 1.797693134862e+308, 6.2586e+00, 2.1869e-01, 
 2DIAGNOSTIC,     8, -5.022960032470e-01, 1.797693134862e+308, 6.5846e+00, 3.2604e-01, 
 2DIAGNOSTIC,     9, -5.023011909590e-01, 1.797693134862e+308, 6.8254e+00, 2.4077e-01, 
 2DIAGNOSTIC,    10, -5.023143543093e-01, 1.100072247918e-04, 7.1075e+00, 2.8208e-01, 
 2DIAGNOSTIC,    11, -5.023490182516e-01, 7.036447772170e-05, 7.3928e+00, 2.8529e-01, 
 2DIAGNOSTIC,    12, -5.023409025699e-01, 4.251542580287e-05, 7.6322e+00, 2.3940e-01, 
 2DIAGNOSTIC,    13, -5.023503284554e-01, 2.947681234758e-05, 7.9842e+00, 3.5201e-01, 
 2DIAGNOSTIC,    14, -5.023575322056e-01, 2.293469669064e-05, 8.2663e+00, 2.8214e-01, 
 2DIAGNOSTIC,    15, -5.023652666562e-01, 1.691612846175e-05, 8.5193e+00, 2.5295e-01, 
 2DIAGNOSTIC,    16, -5.024035036448e-01, 1.311887793629e-05, 8.8129e+00, 2.9366e-01, 
 2DIAGNOSTIC,    17, -5.024105002590e-01, 1.003348794491e-05, 9.1698e+00, 3.5687e-01, 
 2DIAGNOSTIC,    18, -5.024108547293e-01, 9.454482207447e-06, 9.4039e+00, 2.3413e-01, 
 2DIAGNOSTIC,    19, -5.024098680931e-01, 8.361806017203e-06, 9.7031e+00, 2.9919e-01, 
 2DIAGNOSTIC,    20, -5.024121255645e-01, 7.162481234876e-06, 9.9983e+00, 2.9519e-01, 
 2DIAGNOSTIC,    21, -5.024107659791e-01, 6.447635493741e-06, 1.0278e+01, 2.7920e-01, 
 2DIAGNOSTIC,    22, -5.024105724208e-01, 5.116590381223e-06, 1.0511e+01, 2.3318e-01, 
 2DIAGNOSTIC,    23, -5.024107119151e-01, 3.805782548882e-06, 1.0787e+01, 2.7641e-01, 
 2DIAGNOSTIC,    24, -5.024110452639e-01, 2.562719500790e-06, 1.1050e+01, 2.6275e-01, 
 2DIAGNOSTIC,    25, -5.024105383236e-01, 1.442891906650e-06, 1.1308e+01, 2.5860e-01, 
 2DIAGNOSTIC,    26, -5.024102227372e-01, 1.214718822827e-06, 1.1556e+01, 2.4725e-01, 
 2DIAGNOSTIC,    27, -5.024085705750e-01, 1.116969575228e-06, 1.1830e+01, 2.7415e-01, 
 2DIAGNOSTIC,    28, -5.024084726427e-01, 1.038518313262e-06, 1.2095e+01, 2.6547e-01, 
DIAGNOSTIC,Iteration,metricValue,convergenceValue,ITERATION_TIME_INDEX,SINCE_LAST
 2DIAGNOSTIC,     1, -4.669620178902e-01, 1.797693134862e+308, 1.4777e+01, 2.6817e+00, 
 2DIAGNOSTIC,     2, -4.669736545412e-01, 1.797693134862e+308, 1.6312e+01, 1.5349e+00, 
 2DIAGNOSTIC,     3, -4.669772260542e-01, 1.797693134862e+308, 1.7636e+01, 1.3237e+00, 
 2DIAGNOSTIC,     4, -4.669779542672e-01, 1.797693134862e+308, 1.9250e+01, 1.6143e+00, 
 2DIAGNOSTIC,     5, -4.669788330112e-01, 1.797693134862e+308, 2.0903e+01, 1.6532e+00, 
 2DIAGNOSTIC,     6, -4.669781552432e-01, 1.797693134862e+308, 2.2655e+01, 1.7519e+00, 
 2DIAGNOSTIC,     7, -4.669781023607e-01, 1.797693134862e+308, 2.4554e+01, 1.8987e+00, 
 2DIAGNOSTIC,     8, -4.669781057245e-01, 1.797693134862e+308, 2.6019e+01, 1.4657e+00, 
 2DIAGNOSTIC,     9, -4.669778008456e-01, 1.797693134862e+308, 2.7478e+01, 1.4586e+00, 
 2DIAGNOSTIC,    10, -4.669774847495e-01, 4.377768975383e-06, 2.9039e+01, 1.5614e+00, 
 2DIAGNOSTIC,    11, -4.669776064831e-01, 3.097758408871e-06, 3.0802e+01, 1.7626e+00, 
 2DIAGNOSTIC,    12, -4.669776203188e-01, 2.599039829645e-06, 3.2257e+01, 1.4545e+00, 
 2DIAGNOSTIC,    13, -4.669775518973e-01, 2.344597890891e-06, 3.3896e+01, 1.6393e+00, 
 2DIAGNOSTIC,    14, -4.669774751514e-01, 2.163085106019e-06, 3.5499e+01, 1.6028e+00, 
 2DIAGNOSTIC,    15, -4.669771310140e-01, 2.038496584367e-06, 3.6997e+01, 1.4980e+00, 
 2DIAGNOSTIC,    16, -4.669773319977e-01, 1.919012073012e-06, 3.8342e+01, 1.3455e+00, 
 2DIAGNOSTIC,    17, -4.669775498080e-01, 1.825117214325e-06, 3.9970e+01, 1.6280e+00, 
 2DIAGNOSTIC,    18, -4.669774780248e-01, 1.743559287788e-06, 4.1578e+01, 1.6081e+00, 
 2DIAGNOSTIC,    19, -4.669773194006e-01, 1.658622759887e-06, 4.3138e+01, 1.5594e+00, 
 2DIAGNOSTIC,    20, -4.669772435427e-01, 1.571947813694e-06, 4.4915e+01, 1.7773e+00, 
 2DIAGNOSTIC,    21, -4.669771596033e-01, 1.496168611968e-06, 4.6554e+01, 1.6391e+00, 
 2DIAGNOSTIC,    22, -4.669770732892e-01, 1.426737306361e-06, 4.7959e+01, 1.4052e+00, 
 2DIAGNOSTIC,    23, -4.669769902689e-01, 1.361196977759e-06, 4.9310e+01, 1.3508e+00, 
 2DIAGNOSTIC,    24, -4.669770034260e-01, 1.302036368736e-06, 5.0645e+01, 1.3348e+00, 
 2DIAGNOSTIC,    25, -4.669767524981e-01, 1.235198166208e-06, 5.2020e+01, 1.3751e+00, 
 2DIAGNOSTIC,    26, -4.669768812842e-01, 1.184679679009e-06, 5.3422e+01, 1.4019e+00, 
 2DIAGNOSTIC,    27, -4.669770363270e-01, 1.149836564698e-06, 5.4949e+01, 1.5272e+00, 
 2DIAGNOSTIC,    28, -4.669773044768e-01, 1.124354538362e-06, 5.6434e+01, 1.4845e+00, 
 2DIAGNOSTIC,    29, -4.669777577054e-01, 1.107857565498e-06, 5.7782e+01, 1.3483e+00, 
 2DIAGNOSTIC,    30, -4.669779051780e-01, 1.092805674750e-06, 5.9282e+01, 1.4997e+00, 
 2DIAGNOSTIC,    31, -4.669779115886e-01, 1.074236607279e-06, 6.0816e+01, 1.5346e+00, 
 2DIAGNOSTIC,    32, -4.669776948304e-01, 1.046568519757e-06, 6.2329e+01, 1.5126e+00, 
 2DIAGNOSTIC,    33, -4.669778315055e-01, 1.016596814334e-06, 6.3858e+01, 1.5297e+00, 
  Elapsed time (stage 0): 6.4645e+01


Total elapsed time: 6.4648e+01
Info [verificarlo]: loaded backend libinterflop_ieee.so
Info [interflop-ieee]: load backend with:
Info [interflop-ieee]: debug = false
Info [interflop-ieee]: debug-binary = false
Info [interflop-ieee]: no-backend-name = false
Info [interflop-ieee]: print-new-line = false
Info [interflop-ieee]: print-subnormal-normalized = false
Info [interflop-ieee]: count-op = false
All_Command_lines_OK
Using double precision for computations.
=============================================================================
The composite transform comprises the following transforms (in order): 
  1. /home/mdugre/scratch/mri-registration-rp/datasets/ds004513/derivatives/mri-registration-rp/0001/antsRegistration-r7-p8/sub-s032/rigid_Composite.h5[0] (type = Euler3DTransform)
  2. /home/mdugre/scratch/mri-registration-rp/datasets/ds004513/derivatives/mri-registration-rp/0001/antsRegistration-r7-p8/sub-s032/rigid_Composite.h5[1] (type = Euler3DTransform)
  3. /home/mdugre/scratch/mri-registration-rp/datasets/ds004513/derivatives/mri-registration-rp/0001/antsRegistration-r7-p8/sub-s032/rigid_Composite.h5[2] (type = Euler3DTransform)
=============================================================================
  number of levels = 4
  fixed image: /templateflow/tpl-MNI152NLin2009cAsym/tpl-MNI152NLin2009cAsym_res-01_desc-brain_T1w.nii.gz
  moving image: /home/mdugre/scratch/mri-registration-rp/datasets/ds004513/derivatives/mri-registration-rp/antsBrainExtraction/sub-s032/BrainExtractionBrain.nii.gz
Dimension = 3
Number of stages = 1
Use histogram matching = false
Winsorize image intensities = true
  Lower quantile = 0.005
  Upper quantile = 0.995


Stage 1 State
   Image metric = MattesMI
     Fixed image = Image (0x4c77530)
  RTTI typeinfo:   itk::Image<double, 3u>
  Reference Count: 2
  Modified Time: 1592
  Debug: Off
  Object Name: 
  Observers: 
    none
  Source: (none)
  Source output name: (none)
  Release Data: Off
  Data Released: False
  Global Release Data: Off
  PipelineMTime: 0
  UpdateMTime: 1203
  RealTimeStamp: 0 seconds 
  LargestPossibleRegion: 
    Dimension: 3
    Index: [0, 0, 0]
    Size: [193, 229, 193]
  BufferedRegion: 
    Dimension: 3
    Index: [0, 0, 0]
    Size: [193, 229, 193]
  RequestedRegion: 
    Dimension: 3
    Index: [0, 0, 0]
    Size: [193, 229, 193]
  Spacing: [1, 1, 1]
  Origin: [96, 132, -78]
  Direction: 
-1 0 0
0 -1 0
0 0 1

  IndexToPointMatrix: 
-1 0 0
0 -1 0
0 0 1

  PointToIndexMatrix: 
-1 0 0
0 -1 0
0 0 1

  Inverse Direction: 
-1 0 0
0 -1 0
0 0 1

  PixelContainer: 
    ImportImageContainer (0x4d302a0)
      RTTI typeinfo:   itk::ImportImageContainer<unsigned long, double>
      Reference Count: 1
      Modified Time: 1200
      Debug: Off
      Object Name: 
      Observers: 
        none
      Pointer: 0x152c38e45010
      Container manages memory: true
      Size: 8530021
      Capacity: 8530021

     Moving image = Image (0x4d32e60)
  RTTI typeinfo:   itk::Image<double, 3u>
  Reference Count: 2
  Modified Time: 1593
  Debug: Off
  Object Name: 
  Observers: 
    none
  Source: (none)
  Source output name: (none)
  Release Data: Off
  Data Released: False
  Global Release Data: Off
  PipelineMTime: 0
  UpdateMTime: 1590
  RealTimeStamp: 0 seconds 
  LargestPossibleRegion: 
    Dimension: 3
    Index: [0, 0, 0]
    Size: [160, 240, 256]
  BufferedRegion: 
    Dimension: 3
    Index: [0, 0, 0]
    Size: [160, 240, 256]
  RequestedRegion: 
    Dimension: 3
    Index: [0, 0, 0]
    Size: [160, 240, 256]
  Spacing: [1, 1, 1]
  Origin: [73.279, 104.707, -131.187]
  Direction: 
-0.997527 0.0645574 -0.0278053
-0.0645323 -0.997914 -0.00179875
-0.0278634 4.01097e-08 0.999612

  IndexToPointMatrix: 
-0.997527 0.0645574 -0.0278053
-0.0645323 -0.997914 -0.00179875
-0.0278634 4.01097e-08 0.999612

  PointToIndexMatrix: 
-0.997527 -0.0645323 -0.0278634
0.0645574 -0.997914 4.01049e-08
-0.0278053 -0.00179875 0.999612

  Inverse Direction: 
-0.997527 -0.0645323 -0.0278634
0.0645574 -0.997914 4.01049e-08
-0.0278053 -0.00179875 0.999612

  PixelContainer: 
    ImportImageContainer (0x4d66390)
      RTTI typeinfo:   itk::ImportImageContainer<unsigned long, double>
      Reference Count: 1
      Modified Time: 1587
      Debug: Off
      Object Name: 
      Observers: 
        none
      Pointer: 0x152c34344010
      Container manages memory: true
      Size: 9830400
      Capacity: 9830400

     Weighting = 1
     Sampling strategy = regular
     Number of bins = 32
     Radius = 4
     Sampling percentage  = 0.25
   Transform = Affine
     Gradient step = 0.1
     Update field sigma (voxel space) = 0
     Total field sigma (voxel space) = 0
     Update field time sigma = 0
     Total field time sigma  = 0
     Number of time indices = 0
     Number of time point samples = 0
Registration using 1 total stages.

Stage 0
  iterations = 1000x500x250x100
  convergence threshold = 1e-06
  convergence window size = 10
  number of levels = 4
  using the Mattes MI metric (number of bins = 32, weight = 1, use gradient filter = 0)
  preprocessing:  winsorizing the image intensities
  Shrink factors (level 1 out of 4): [8, 8, 8]
  Shrink factors (level 2 out of 4): [4, 4, 4]
  Shrink factors (level 3 out of 4): [2, 2, 2]
  Shrink factors (level 4 out of 4): [1, 1, 1]
  smoothing sigmas per level: [3, 2, 1, 0]
  regular sampling (percentage = 0.25)

*** Running AffineTransform registration ***

DIAGNOSTIC,Iteration,metricValue,convergenceValue,ITERATION_TIME_INDEX,SINCE_LAST
 2DIAGNOSTIC,     1, -6.840671633368e-01, 1.797693134862e+308, 8.4967e-01, 8.4967e-01, 
 2DIAGNOSTIC,     2, -6.859225074142e-01, 1.797693134862e+308, 8.5529e-01, 5.6190e-03, 
 2DIAGNOSTIC,     3, -6.890443473051e-01, 1.797693134862e+308, 8.6096e-01, 5.6779e-03, 
 2DIAGNOSTIC,     4, -6.933490022866e-01, 1.797693134862e+308, 8.6663e-01, 5.6648e-03, 
 2DIAGNOSTIC,     5, -7.068042901257e-01, 1.797693134862e+308, 8.7221e-01, 5.5771e-03, 
 2DIAGNOSTIC,     6, -7.175200229045e-01, 1.797693134862e+308, 8.7845e-01, 6.2490e-03, 
 2DIAGNOSTIC,     7, -7.221015689991e-01, 1.797693134862e+308, 8.8519e-01, 6.7348e-03, 
 2DIAGNOSTIC,     8, -7.232180584908e-01, 1.797693134862e+308, 8.9068e-01, 5.4920e-03, 
 2DIAGNOSTIC,     9, -7.264233879341e-01, 1.797693134862e+308, 8.9571e-01, 5.0330e-03, 
 2DIAGNOSTIC,    10, -7.297199206987e-01, 4.830439886494e-03, 9.0352e-01, 7.8101e-03, 
 2DIAGNOSTIC,    11, -7.323040178376e-01, 4.135107416447e-03, 9.0935e-01, 5.8239e-03, 
 2DIAGNOSTIC,    12, -7.329141013594e-01, 3.273834002050e-03, 9.1445e-01, 5.1029e-03, 
 2DIAGNOSTIC,    13, -7.335249466942e-01, 2.375313273133e-03, 9.2015e-01, 5.7030e-03, 
 2DIAGNOSTIC,    14, -7.343300047198e-01, 1.532066989404e-03, 9.2809e-01, 7.9331e-03, 
 2DIAGNOSTIC,    15, -7.344089041716e-01, 1.014241437813e-03, 9.3376e-01, 5.6729e-03, 
 2DIAGNOSTIC,    16, -7.346829182349e-01, 7.394228830129e-04, 9.3965e-01, 5.8920e-03, 
 2DIAGNOSTIC,    17, -7.347781688194e-01, 5.397166265145e-04, 9.4491e-01, 5.2590e-03, 
 2DIAGNOSTIC,    18, -7.347476770071e-01, 3.363653766476e-04, 9.5040e-01, 5.4910e-03, 
 2DIAGNOSTIC,    19, -7.346654366977e-01, 1.874350704537e-04, 9.5617e-01, 5.7709e-03, 
 2DIAGNOSTIC,    20, -7.347583950988e-01, 1.020916878889e-04, 9.6135e-01, 5.1761e-03, 
 2DIAGNOSTIC,    21, -7.347958984151e-01, 6.471999426862e-05, 9.6696e-01, 5.6131e-03, 
 2DIAGNOSTIC,    22, -7.349976339330e-01, 3.924664054043e-05, 9.7305e-01, 6.0921e-03, 
 2DIAGNOSTIC,    23, -7.350573361824e-01, 2.359879810791e-05, 9.7832e-01, 5.2612e-03, 
 2DIAGNOSTIC,    24, -7.353059219363e-01, 2.453054404489e-05, 9.8408e-01, 5.7631e-03, 
 2DIAGNOSTIC,    25, -7.358661763814e-01, 3.306476302616e-05, 9.9075e-01, 6.6731e-03, 
 2DIAGNOSTIC,    26, -7.357592756430e-01, 4.019287751508e-05, 9.9618e-01, 5.4231e-03, 
 2DIAGNOSTIC,    27, -7.362684367545e-01, 5.206258650654e-05, 1.0020e+00, 5.8200e-03, 
 2DIAGNOSTIC,    28, -7.365196244657e-01, 6.129019800663e-05, 1.0076e+00, 5.6140e-03, 
 2DIAGNOSTIC,    29, -7.367897015245e-01, 6.662029347914e-05, 1.0146e+00, 6.9621e-03, 
 2DIAGNOSTIC,    30, -7.373967108002e-01, 7.447874890963e-05, 1.0195e+00, 4.9729e-03, 
 2DIAGNOSTIC,    31, -7.374041436994e-01, 7.527773386704e-05, 1.0245e+00, 4.9870e-03, 
 2DIAGNOSTIC,    32, -7.374858440098e-01, 7.261526778714e-05, 1.0294e+00, 4.8540e-03, 
 2DIAGNOSTIC,    33, -7.377161666546e-01, 6.674329186635e-05, 1.0343e+00, 4.9551e-03, 
 2DIAGNOSTIC,    34, -7.387517916719e-01, 6.948058723915e-05, 1.0400e+00, 5.6450e-03, 
 2DIAGNOSTIC,    35, -7.388872851075e-01, 7.305173751916e-05, 1.0489e+00, 8.9092e-03, 
 2DIAGNOSTIC,    36, -7.388888524212e-01, 6.844951220335e-05, 1.0539e+00, 4.9639e-03, 
 2DIAGNOSTIC,    37, -7.389365924077e-01, 6.378046856046e-05, 1.0590e+00, 5.1761e-03, 
 2DIAGNOSTIC,    38, -7.389883596663e-01, 5.640410573360e-05, 1.0648e+00, 5.7170e-03, 
 2DIAGNOSTIC,    39, -7.390183341673e-01, 4.676153053933e-05, 1.0697e+00, 4.9109e-03, 
 2DIAGNOSTIC,    40, -7.389425000180e-01, 3.839429879694e-05, 1.0747e+00, 5.0778e-03, 
 2DIAGNOSTIC,    41, -7.389653304347e-01, 2.733231870554e-05, 1.0802e+00, 5.4109e-03, 
 2DIAGNOSTIC,    42, -7.389774489063e-01, 1.519583584218e-05, 1.0851e+00, 4.9381e-03, 
 2DIAGNOSTIC,    43, -7.388971434308e-01, 3.335226884355e-06, 1.0903e+00, 5.1711e-03, 
 2DIAGNOSTIC,    44, -7.389341661232e-01, 1.258643163991e-06, 1.0954e+00, 5.1579e-03, 
DIAGNOSTIC,Iteration,metricValue,convergenceValue,ITERATION_TIME_INDEX,SINCE_LAST
 2DIAGNOSTIC,     1, -5.959225859519e-01, 1.797693134862e+308, 1.8312e+00, 7.3583e-01, 
 2DIAGNOSTIC,     2, -5.962664198056e-01, 1.797693134862e+308, 1.8676e+00, 3.6370e-02, 
 2DIAGNOSTIC,     3, -5.968062865566e-01, 1.797693134862e+308, 1.9039e+00, 3.6325e-02, 
 2DIAGNOSTIC,     4, -5.975607144834e-01, 1.797693134862e+308, 1.9399e+00, 3.5998e-02, 
 2DIAGNOSTIC,     5, -5.987064118902e-01, 1.797693134862e+308, 1.9761e+00, 3.6163e-02, 
 2DIAGNOSTIC,     6, -6.001899012262e-01, 1.797693134862e+308, 2.0123e+00, 3.6147e-02, 
 2DIAGNOSTIC,     7, -6.024630043398e-01, 1.797693134862e+308, 2.0701e+00, 5.7891e-02, 
 2DIAGNOSTIC,     8, -6.030686797047e-01, 1.797693134862e+308, 2.1080e+00, 3.7892e-02, 
 2DIAGNOSTIC,     9, -6.040234897595e-01, 1.797693134862e+308, 2.1448e+00, 3.6812e-02, 
 2DIAGNOSTIC,    10, -6.061182172824e-01, 1.135199776812e-03, 2.1951e+00, 5.0237e-02, 
 2DIAGNOSTIC,    11, -6.061010328769e-01, 1.074795191241e-03, 2.2486e+00, 5.3553e-02, 
 2DIAGNOSTIC,    12, -6.060612942470e-01, 9.407829590988e-04, 2.2882e+00, 3.9543e-02, 
 2DIAGNOSTIC,    13, -6.060488353721e-01, 7.631235089117e-04, 2.3296e+00, 4.1425e-02, 
 2DIAGNOSTIC,    14, -6.060493495661e-01, 5.672826115767e-04, 2.3727e+00, 4.3072e-02, 
 2DIAGNOSTIC,    15, -6.060279921025e-01, 3.801379364038e-04, 2.4134e+00, 4.0738e-02, 
 2DIAGNOSTIC,    16, -6.060246194886e-01, 2.240741455758e-04, 2.4526e+00, 3.9178e-02, 
 2DIAGNOSTIC,    17, -6.060109780356e-01, 1.295325115666e-04, 2.4890e+00, 3.6361e-02, 
 2DIAGNOSTIC,    18, -6.060008966874e-01, 4.931214263437e-05, 2.5348e+00, 4.5834e-02, 
DIAGNOSTIC,Iteration,metricValue,convergenceValue,ITERATION_TIME_INDEX,SINCE_LAST
 2DIAGNOSTIC,     1, -5.414032674087e-01, 1.797693134862e+308, 3.7143e+00, 1.1795e+00, 
 2DIAGNOSTIC,     2, -5.416375516904e-01, 1.797693134862e+308, 3.9992e+00, 2.8497e-01, 
 2DIAGNOSTIC,     3, -5.419702653004e-01, 1.797693134862e+308, 4.3074e+00, 3.0813e-01, 
 2DIAGNOSTIC,     4, -5.423439809404e-01, 1.797693134862e+308, 4.5717e+00, 2.6438e-01, 
 2DIAGNOSTIC,     5, -5.440358754320e-01, 1.797693134862e+308, 5.1095e+00, 5.3781e-01, 
 2DIAGNOSTIC,     6, -5.440418968007e-01, 1.797693134862e+308, 5.4644e+00, 3.5486e-01, 
 2DIAGNOSTIC,     7, -5.440314331239e-01, 1.797693134862e+308, 5.8446e+00, 3.8014e-01, 
 2DIAGNOSTIC,     8, -5.440280194683e-01, 1.797693134862e+308, 6.2015e+00, 3.5696e-01, 
 2DIAGNOSTIC,     9, -5.440243627083e-01, 1.797693134862e+308, 6.5132e+00, 3.1171e-01, 
 2DIAGNOSTIC,    10, -5.440255162844e-01, 3.663687490020e-04, 6.8277e+00, 3.1445e-01, 
 2DIAGNOSTIC,    11, -5.440195462768e-01, 2.574491295178e-04, 7.1478e+00, 3.2016e-01, 
 2DIAGNOSTIC,    12, -5.440199647332e-01, 1.551130578599e-04, 7.5336e+00, 3.8578e-01, 
 2DIAGNOSTIC,    13, -5.440205167821e-01, 6.858068947062e-05, 7.8995e+00, 3.6591e-01, 
DIAGNOSTIC,Iteration,metricValue,convergenceValue,ITERATION_TIME_INDEX,SINCE_LAST
 2DIAGNOSTIC,     1, -4.995340091666e-01, 1.797693134862e+308, 1.0729e+01, 2.8294e+00, 
 2DIAGNOSTIC,     2, -4.998051339400e-01, 1.797693134862e+308, 1.2370e+01, 1.6408e+00, 
 2DIAGNOSTIC,     3, -4.999851135864e-01, 1.797693134862e+308, 1.4160e+01, 1.7904e+00, 
 2DIAGNOSTIC,     4, -5.001265512470e-01, 1.797693134862e+308, 1.6235e+01, 2.0746e+00, 
 2DIAGNOSTIC,     5, -5.003903465894e-01, 1.797693134862e+308, 2.0096e+01, 3.8615e+00, 
 2DIAGNOSTIC,     6, -5.003913251502e-01, 1.797693134862e+308, 2.3510e+01, 3.4133e+00, 
 2DIAGNOSTIC,     7, -5.003914155361e-01, 1.797693134862e+308, 2.5416e+01, 1.9062e+00, 
 2DIAGNOSTIC,     8, -5.003912438367e-01, 1.797693134862e+308, 2.7038e+01, 1.6225e+00, 
 2DIAGNOSTIC,     9, -5.003912101053e-01, 1.797693134862e+308, 2.8820e+01, 1.7812e+00, 
 2DIAGNOSTIC,    10, -5.003906714397e-01, 1.041882079035e-04, 3.0657e+01, 1.8372e+00, 
 2DIAGNOSTIC,    11, -5.003907055798e-01, 6.106230861617e-05, 3.2514e+01, 1.8574e+00, 
 2DIAGNOSTIC,    12, -5.003908472436e-01, 3.279447376037e-05, 3.4495e+01, 1.9811e+00, 
 2DIAGNOSTIC,    13, -5.003906140124e-01, 1.397318097728e-05, 3.6460e+01, 1.9650e+00, 
 2DIAGNOSTIC,    14, -5.003905283344e-01, 2.224985065788e-06, 3.8477e+01, 2.0163e+00, 
 2DIAGNOSTIC,    15, -5.003903899961e-01, 2.033532242443e-06, 4.0564e+01, 2.0877e+00, 
 2DIAGNOSTIC,    16, -5.003904451564e-01, 1.910583201342e-06, 4.2528e+01, 1.9639e+00, 
 2DIAGNOSTIC,    17, -5.003902092292e-01, 1.804072698980e-06, 4.4446e+01, 1.9182e+00, 
 2DIAGNOSTIC,    18, -5.003902270710e-01, 1.710908184224e-06, 4.6263e+01, 1.8164e+00, 
 2DIAGNOSTIC,    19, -5.003903317522e-01, 1.635485165692e-06, 4.8233e+01, 1.9706e+00, 
 2DIAGNOSTIC,    20, -5.003898272858e-01, 1.541403288272e-06, 5.0012e+01, 1.7789e+00, 
 2DIAGNOSTIC,    21, -5.003899899965e-01, 1.466434176284e-06, 5.1971e+01, 1.9584e+00, 
 2DIAGNOSTIC,    22, -5.003901524162e-01, 1.410624265084e-06, 5.3765e+01, 1.7943e+00, 
 2DIAGNOSTIC,    23, -5.003901488769e-01, 1.356924084990e-06, 5.5550e+01, 1.7849e+00, 
 2DIAGNOSTIC,    24, -5.003901176990e-01, 1.307537193809e-06, 5.7242e+01, 1.6917e+00, 
 2DIAGNOSTIC,    25, -5.003900313632e-01, 1.258853044910e-06, 5.8848e+01, 1.6061e+00, 
 2DIAGNOSTIC,    26, -5.003901426741e-01, 1.219047904351e-06, 6.0643e+01, 1.7953e+00, 
 2DIAGNOSTIC,    27, -5.003900678818e-01, 1.175761422702e-06, 6.2409e+01, 1.7661e+00, 
 2DIAGNOSTIC,    28, -5.003900925430e-01, 1.136574465398e-06, 6.4214e+01, 1.8052e+00, 
