
##########################
# Experiment information #
##########################

EXPERIMENT_NAME: antsRegistration-r7-p17
VFC_BACKENDS: libinterflop_vprec.so --range-binary32=7 --precision-binary32=17 --range-binary64=7 --precision-binary64=17

SIF_IMG: /home/mdugre/projects/rrg-glatard/mdugre/containers/ants-vprec-no_metrics.simg

SUBJECT_ID: s032
INPUT_IMG: /home/mdugre/scratch/mri-registration-rp/datasets/ds004513/derivatives/mri-registration-rp/antsBrainExtraction/sub-s032/BrainExtractionBrain.nii.gz
OUTPUT_DIR: /home/mdugre/scratch/mri-registration-rp/datasets/ds004513/derivatives/mri-registration-rp/0001/antsRegistration-r7-p17/sub-s032

FIXED_IMG: /templateflow/tpl-MNI152NLin2009cAsym/tpl-MNI152NLin2009cAsym_res-01_desc-brain_T1w.nii.gz
DATA_DIR: /home/mdugre/scratch/mri-registration-rp/datasets/ds004513
TEMPLATEFLOW_DIR: /home/mdugre/projects/rrg-glatard/mdugre/templateflow
ITK_GLOBAL_DEFAULT_NUMBER_OF_THREADS: 16
##########################

Info [verificarlo]: loaded backend libinterflop_ieee.so
Info [interflop-ieee]: load backend with:
Info [interflop-ieee]: debug = false
Info [interflop-ieee]: debug-binary = false
Info [interflop-ieee]: no-backend-name = false
Info [interflop-ieee]: print-new-line = false
Info [interflop-ieee]: print-subnormal-normalized = false
Info [interflop-ieee]: count-op = false
All_Command_lines_OK
Using double precision for computations.
=============================================================================
The composite transform comprises the following transforms (in order): 
  1. Center of mass alignment using fixed image: /templateflow/tpl-MNI152NLin2009cAsym/tpl-MNI152NLin2009cAsym_res-01_desc-brain_T1w.nii.gz and moving image: /home/mdugre/scratch/mri-registration-rp/datasets/ds004513/derivatives/mri-registration-rp/antsBrainExtraction/sub-s032/BrainExtractionBrain.nii.gz (type = Euler3DTransform)
=============================================================================
  number of levels = 1
  fixed image: /templateflow/tpl-MNI152NLin2009cAsym/tpl-MNI152NLin2009cAsym_res-01_desc-brain_T1w.nii.gz
  moving image: /home/mdugre/scratch/mri-registration-rp/datasets/ds004513/derivatives/mri-registration-rp/antsBrainExtraction/sub-s032/BrainExtractionBrain.nii.gz
Dimension = 3
Number of stages = 1
Use histogram matching = false
Winsorize image intensities = true
  Lower quantile = 0.005
  Upper quantile = 0.995


Stage 1 State
   Image metric = MattesMI
     Fixed image = Image (0x3a18e70)
  RTTI typeinfo:   itk::Image<double, 3u>
  Reference Count: 2
  Modified Time: 2330
  Debug: Off
  Object Name: 
  Observers: 
    none
  Source: (none)
  Source output name: (none)
  Release Data: Off
  Data Released: False
  Global Release Data: Off
  PipelineMTime: 0
  UpdateMTime: 1941
  RealTimeStamp: 0 seconds 
  LargestPossibleRegion: 
    Dimension: 3
    Index: [0, 0, 0]
    Size: [193, 229, 193]
  BufferedRegion: 
    Dimension: 3
    Index: [0, 0, 0]
    Size: [193, 229, 193]
  RequestedRegion: 
    Dimension: 3
    Index: [0, 0, 0]
    Size: [193, 229, 193]
  Spacing: [1, 1, 1]
  Origin: [96, 132, -78]
  Direction: 
-1 0 0
0 -1 0
0 0 1

  IndexToPointMatrix: 
-1 0 0
0 -1 0
0 0 1

  PointToIndexMatrix: 
-1 0 0
0 -1 0
0 0 1

  Inverse Direction: 
-1 0 0
0 -1 0
0 0 1

  PixelContainer: 
    ImportImageContainer (0x3a21c60)
      RTTI typeinfo:   itk::ImportImageContainer<unsigned long, double>
      Reference Count: 1
      Modified Time: 1938
      Debug: Off
      Object Name: 
      Observers: 
        none
      Pointer: 0x14ea994c8010
      Container manages memory: true
      Size: 8530021
      Capacity: 8530021

     Moving image = Image (0x3ab5ec0)
  RTTI typeinfo:   itk::Image<double, 3u>
  Reference Count: 2
  Modified Time: 2331
  Debug: Off
  Object Name: 
  Observers: 
    none
  Source: (none)
  Source output name: (none)
  Release Data: Off
  Data Released: False
  Global Release Data: Off
  PipelineMTime: 0
  UpdateMTime: 2328
  RealTimeStamp: 0 seconds 
  LargestPossibleRegion: 
    Dimension: 3
    Index: [0, 0, 0]
    Size: [160, 240, 256]
  BufferedRegion: 
    Dimension: 3
    Index: [0, 0, 0]
    Size: [160, 240, 256]
  RequestedRegion: 
    Dimension: 3
    Index: [0, 0, 0]
    Size: [160, 240, 256]
  Spacing: [1, 1, 1]
  Origin: [73.279, 104.707, -131.187]
  Direction: 
-0.997527 0.0645574 -0.0278053
-0.0645323 -0.997914 -0.00179875
-0.0278634 4.01097e-08 0.999612

  IndexToPointMatrix: 
-0.997527 0.0645574 -0.0278053
-0.0645323 -0.997914 -0.00179875
-0.0278634 4.01097e-08 0.999612

  PointToIndexMatrix: 
-0.997527 -0.0645323 -0.0278634
0.0645574 -0.997914 4.01049e-08
-0.0278053 -0.00179875 0.999612

  Inverse Direction: 
-0.997527 -0.0645323 -0.0278634
0.0645574 -0.997914 4.01049e-08
-0.0278053 -0.00179875 0.999612

  PixelContainer: 
    ImportImageContainer (0x3b4d610)
      RTTI typeinfo:   itk::ImportImageContainer<unsigned long, double>
      Reference Count: 1
      Modified Time: 2325
      Debug: Off
      Object Name: 
      Observers: 
        none
      Pointer: 0x14ea949c7010
      Container manages memory: true
      Size: 9830400
      Capacity: 9830400

     Weighting = 1
     Sampling strategy = regular
     Number of bins = 32
     Radius = 4
     Sampling percentage  = 0.25
   Transform = Rigid
     Gradient step = 0.1
     Update field sigma (voxel space) = 0
     Total field sigma (voxel space) = 0
     Update field time sigma = 0
     Total field time sigma  = 0
     Number of time indices = 0
     Number of time point samples = 0
Registration using 1 total stages.

Stage 0
  iterations = 0
  convergence threshold = 1e-06
  convergence window size = 10
  number of levels = 1
  using the Mattes MI metric (number of bins = 32, weight = 1, use gradient filter = 0)
  preprocessing:  winsorizing the image intensities
  Shrink factors (level 1 out of 1): [1, 1, 1]
  smoothing sigmas per level: [0]
  regular sampling (percentage = 0.25)

*** Running Euler3DTransform registration ***

  Elapsed time (stage 0): 1.12999


Total elapsed time: 1.13209
Info [verificarlo]: loaded backend libinterflop_ieee.so
Info [interflop-ieee]: load backend with:
Info [interflop-ieee]: debug = false
Info [interflop-ieee]: debug-binary = false
Info [interflop-ieee]: no-backend-name = false
Info [interflop-ieee]: print-new-line = false
Info [interflop-ieee]: print-subnormal-normalized = false
Info [interflop-ieee]: count-op = false
All_Command_lines_OK
Using double precision for computations.
=============================================================================
The composite transform comprises the following transforms (in order): 
  1. /home/mdugre/scratch/mri-registration-rp/datasets/ds004513/derivatives/mri-registration-rp/0001/antsRegistration-r7-p17/sub-s032/align_Composite.h5[0] (type = Euler3DTransform)
  2. /home/mdugre/scratch/mri-registration-rp/datasets/ds004513/derivatives/mri-registration-rp/0001/antsRegistration-r7-p17/sub-s032/align_Composite.h5[1] (type = Euler3DTransform)
=============================================================================
  number of levels = 4
  fixed image: /templateflow/tpl-MNI152NLin2009cAsym/tpl-MNI152NLin2009cAsym_res-01_desc-brain_T1w.nii.gz
  moving image: /home/mdugre/scratch/mri-registration-rp/datasets/ds004513/derivatives/mri-registration-rp/antsBrainExtraction/sub-s032/BrainExtractionBrain.nii.gz
Dimension = 3
Number of stages = 1
Use histogram matching = false
Winsorize image intensities = true
  Lower quantile = 0.005
  Upper quantile = 0.995


Stage 1 State
   Image metric = MattesMI
     Fixed image = Image (0x4234530)
  RTTI typeinfo:   itk::Image<double, 3u>
  Reference Count: 2
  Modified Time: 1578
  Debug: Off
  Object Name: 
  Observers: 
    none
  Source: (none)
  Source output name: (none)
  Release Data: Off
  Data Released: False
  Global Release Data: Off
  PipelineMTime: 0
  UpdateMTime: 1189
  RealTimeStamp: 0 seconds 
  LargestPossibleRegion: 
    Dimension: 3
    Index: [0, 0, 0]
    Size: [193, 229, 193]
  BufferedRegion: 
    Dimension: 3
    Index: [0, 0, 0]
    Size: [193, 229, 193]
  RequestedRegion: 
    Dimension: 3
    Index: [0, 0, 0]
    Size: [193, 229, 193]
  Spacing: [1, 1, 1]
  Origin: [96, 132, -78]
  Direction: 
-1 0 0
0 -1 0
0 0 1

  IndexToPointMatrix: 
-1 0 0
0 -1 0
0 0 1

  PointToIndexMatrix: 
-1 0 0
0 -1 0
0 0 1

  Inverse Direction: 
-1 0 0
0 -1 0
0 0 1

  PixelContainer: 
    ImportImageContainer (0x42f2d60)
      RTTI typeinfo:   itk::ImportImageContainer<unsigned long, double>
      Reference Count: 1
      Modified Time: 1186
      Debug: Off
      Object Name: 
      Observers: 
        none
      Pointer: 0x14588e1cd010
      Container manages memory: true
      Size: 8530021
      Capacity: 8530021

     Moving image = Image (0x42e4f60)
  RTTI typeinfo:   itk::Image<double, 3u>
  Reference Count: 2
  Modified Time: 1579
  Debug: Off
  Object Name: 
  Observers: 
    none
  Source: (none)
  Source output name: (none)
  Release Data: Off
  Data Released: False
  Global Release Data: Off
  PipelineMTime: 0
  UpdateMTime: 1576
  RealTimeStamp: 0 seconds 
  LargestPossibleRegion: 
    Dimension: 3
    Index: [0, 0, 0]
    Size: [160, 240, 256]
  BufferedRegion: 
    Dimension: 3
    Index: [0, 0, 0]
    Size: [160, 240, 256]
  RequestedRegion: 
    Dimension: 3
    Index: [0, 0, 0]
    Size: [160, 240, 256]
  Spacing: [1, 1, 1]
  Origin: [73.279, 104.707, -131.187]
  Direction: 
-0.997527 0.0645574 -0.0278053
-0.0645323 -0.997914 -0.00179875
-0.0278634 4.01097e-08 0.999612

  IndexToPointMatrix: 
-0.997527 0.0645574 -0.0278053
-0.0645323 -0.997914 -0.00179875
-0.0278634 4.01097e-08 0.999612

  PointToIndexMatrix: 
-0.997527 -0.0645323 -0.0278634
0.0645574 -0.997914 4.01049e-08
-0.0278053 -0.00179875 0.999612

  Inverse Direction: 
-0.997527 -0.0645323 -0.0278634
0.0645574 -0.997914 4.01049e-08
-0.0278053 -0.00179875 0.999612

  PixelContainer: 
    ImportImageContainer (0x42d66d0)
      RTTI typeinfo:   itk::ImportImageContainer<unsigned long, double>
      Reference Count: 1
      Modified Time: 1573
      Debug: Off
      Object Name: 
      Observers: 
        none
      Pointer: 0x1458896cc010
      Container manages memory: true
      Size: 9830400
      Capacity: 9830400

     Weighting = 1
     Sampling strategy = regular
     Number of bins = 32
     Radius = 4
     Sampling percentage  = 0.25
   Transform = Rigid
     Gradient step = 0.1
     Update field sigma (voxel space) = 0
     Total field sigma (voxel space) = 0
     Update field time sigma = 0
     Total field time sigma  = 0
     Number of time indices = 0
     Number of time point samples = 0
Registration using 1 total stages.

Stage 0
  iterations = 1000x500x250x100
  convergence threshold = 1e-06
  convergence window size = 10
  number of levels = 4
  using the Mattes MI metric (number of bins = 32, weight = 1, use gradient filter = 0)
  preprocessing:  winsorizing the image intensities
  Shrink factors (level 1 out of 4): [8, 8, 8]
  Shrink factors (level 2 out of 4): [4, 4, 4]
  Shrink factors (level 3 out of 4): [2, 2, 2]
  Shrink factors (level 4 out of 4): [1, 1, 1]
  smoothing sigmas per level: [3, 2, 1, 0]
  regular sampling (percentage = 0.25)

*** Running Euler3DTransform registration ***

DIAGNOSTIC,Iteration,metricValue,convergenceValue,ITERATION_TIME_INDEX,SINCE_LAST
 2DIAGNOSTIC,     1, -5.480496989617e-01, 1.797693134862e+308, 7.9014e-01, 7.9014e-01, 
 2DIAGNOSTIC,     2, -5.506811078454e-01, 1.797693134862e+308, 7.9455e-01, 4.4110e-03, 
 2DIAGNOSTIC,     3, -5.546514955662e-01, 1.797693134862e+308, 7.9873e-01, 4.1809e-03, 
 2DIAGNOSTIC,     4, -5.606863537750e-01, 1.797693134862e+308, 8.0277e-01, 4.0331e-03, 
 2DIAGNOSTIC,     5, -5.693661845193e-01, 1.797693134862e+308, 8.0684e-01, 4.0751e-03, 
 2DIAGNOSTIC,     6, -5.854078830086e-01, 1.797693134862e+308, 8.1093e-01, 4.0910e-03, 
 2DIAGNOSTIC,     7, -6.232769732918e-01, 1.797693134862e+308, 8.1506e-01, 4.1289e-03, 
 2DIAGNOSTIC,     8, -6.297683730473e-01, 1.797693134862e+308, 8.1971e-01, 4.6542e-03, 
 2DIAGNOSTIC,     9, -6.366738733405e-01, 1.797693134862e+308, 8.2686e-01, 7.1499e-03, 
 2DIAGNOSTIC,    10, -6.375630690827e-01, 1.201760866083e-02, 8.3111e-01, 4.2410e-03, 
 2DIAGNOSTIC,    11, -6.405337628679e-01, 1.087684809450e-02, 8.3524e-01, 4.1351e-03, 
 2DIAGNOSTIC,    12, -6.435528997438e-01, 9.167753354490e-03, 8.3983e-01, 4.5929e-03, 
 2DIAGNOSTIC,    13, -6.444720921444e-01, 7.089498731847e-03, 8.4398e-01, 4.1440e-03, 
 2DIAGNOSTIC,    14, -6.463616611293e-01, 4.967892496988e-03, 8.4861e-01, 4.6370e-03, 
 2DIAGNOSTIC,    15, -6.484646963404e-01, 3.033020789043e-03, 8.5578e-01, 7.1700e-03, 
 2DIAGNOSTIC,    16, -6.486009987994e-01, 1.520386367320e-03, 8.5991e-01, 4.1211e-03, 
 2DIAGNOSTIC,    17, -6.493699344760e-01, 1.108203205204e-03, 8.6402e-01, 4.1101e-03, 
 2DIAGNOSTIC,    18, -6.514578195065e-01, 8.586162135987e-04, 8.6810e-01, 4.0801e-03, 
 2DIAGNOSTIC,    19, -6.526592717406e-01, 7.533650369804e-04, 8.7227e-01, 4.1711e-03, 
 2DIAGNOSTIC,    20, -6.536191777189e-01, 6.303067369291e-04, 8.7631e-01, 4.0390e-03, 
 2DIAGNOSTIC,    21, -6.549162298979e-01, 5.534292205377e-04, 8.8037e-01, 4.0650e-03, 
 2DIAGNOSTIC,    22, -6.562385790832e-01, 5.226986103230e-04, 8.8543e-01, 5.0590e-03, 
 2DIAGNOSTIC,    23, -6.565000058113e-01, 4.680180012233e-04, 8.8997e-01, 4.5412e-03, 
 2DIAGNOSTIC,    24, -6.565387353854e-01, 4.101063704200e-04, 8.9500e-01, 5.0309e-03, 
 2DIAGNOSTIC,    25, -6.567702146892e-01, 3.618032093014e-04, 8.9964e-01, 4.6370e-03, 
 2DIAGNOSTIC,    26, -6.583507212369e-01, 3.132611037338e-04, 9.0377e-01, 4.1339e-03, 
 2DIAGNOSTIC,    27, -6.586527568469e-01, 2.554116018360e-04, 9.0811e-01, 4.3399e-03, 
 2DIAGNOSTIC,    28, -6.593310437739e-01, 2.225767143857e-04, 9.1338e-01, 5.2700e-03, 
 2DIAGNOSTIC,    29, -6.595734041655e-01, 1.939316665352e-04, 9.1792e-01, 4.5381e-03, 
 2DIAGNOSTIC,    30, -6.595955819569e-01, 1.634946778535e-04, 9.2248e-01, 4.5581e-03, 
 2DIAGNOSTIC,    31, -6.596949967569e-01, 1.392755860936e-04, 9.2653e-01, 4.0522e-03, 
 2DIAGNOSTIC,    32, -6.597157295314e-01, 1.221677497620e-04, 9.3110e-01, 4.5681e-03, 
 2DIAGNOSTIC,    33, -6.597001423847e-01, 9.820426863250e-05, 9.3754e-01, 6.4430e-03, 
 2DIAGNOSTIC,    34, -6.595254449707e-01, 6.486903007782e-05, 9.4158e-01, 4.0390e-03, 
 2DIAGNOSTIC,    35, -6.595295822813e-01, 3.010817891049e-05, 9.4564e-01, 4.0572e-03, 
 2DIAGNOSTIC,    36, -6.595351297938e-01, 1.424396567099e-05, 9.4973e-01, 4.0879e-03, 
 2DIAGNOSTIC,    37, -6.595409535783e-01, 1.474135180032e-06, 9.5379e-01, 4.0689e-03, 
DIAGNOSTIC,Iteration,metricValue,convergenceValue,ITERATION_TIME_INDEX,SINCE_LAST
 2DIAGNOSTIC,     1, -5.183739626493e-01, 1.797693134862e+308, 1.7243e+00, 7.7053e-01, 
 2DIAGNOSTIC,     2, -5.189226238250e-01, 1.797693134862e+308, 1.7506e+00, 2.6294e-02, 
 2DIAGNOSTIC,     3, -5.196899327311e-01, 1.797693134862e+308, 1.7777e+00, 2.7062e-02, 
 2DIAGNOSTIC,     4, -5.204463662967e-01, 1.797693134862e+308, 1.8034e+00, 2.5686e-02, 
 2DIAGNOSTIC,     5, -5.209979485257e-01, 1.797693134862e+308, 1.8297e+00, 2.6349e-02, 
 2DIAGNOSTIC,     6, -5.216357744142e-01, 1.797693134862e+308, 1.8567e+00, 2.6964e-02, 
 2DIAGNOSTIC,     7, -5.233753715033e-01, 1.797693134862e+308, 1.8832e+00, 2.6486e-02, 
 2DIAGNOSTIC,     8, -5.241119131447e-01, 1.797693134862e+308, 1.9166e+00, 3.3432e-02, 
 2DIAGNOSTIC,     9, -5.247293428737e-01, 1.797693134862e+308, 1.9501e+00, 3.3510e-02, 
 2DIAGNOSTIC,    10, -5.250028240361e-01, 8.899807876889e-04, 1.9803e+00, 3.0215e-02, 
 2DIAGNOSTIC,    11, -5.254483047889e-01, 7.905531991293e-04, 2.0102e+00, 2.9890e-02, 
 2DIAGNOSTIC,    12, -5.277635695088e-01, 7.650652180792e-04, 2.0402e+00, 2.9942e-02, 
 2DIAGNOSTIC,    13, -5.283161396354e-01, 7.264279950963e-04, 2.0666e+00, 2.6422e-02, 
 2DIAGNOSTIC,    14, -5.288222942926e-01, 6.775650644086e-04, 2.0930e+00, 2.6397e-02, 
 2DIAGNOSTIC,    15, -5.289976644642e-01, 6.012605712370e-04, 2.1192e+00, 2.6221e-02, 
 2DIAGNOSTIC,    16, -5.298475159763e-01, 5.287514481320e-04, 2.1543e+00, 3.5070e-02, 
 2DIAGNOSTIC,    17, -5.313522085167e-01, 5.176188113823e-04, 2.1843e+00, 3.0047e-02, 
 2DIAGNOSTIC,    18, -5.317211731061e-01, 4.916455780741e-04, 2.2147e+00, 3.0406e-02, 
 2DIAGNOSTIC,    19, -5.322490363886e-01, 4.569571198361e-04, 2.2492e+00, 3.4451e-02, 
 2DIAGNOSTIC,    20, -5.323376676932e-01, 3.940983385378e-04, 2.2777e+00, 2.8561e-02, 
 2DIAGNOSTIC,    21, -5.325910047205e-01, 3.171256275013e-04, 2.3099e+00, 3.2140e-02, 
 2DIAGNOSTIC,    22, -5.334985843506e-01, 2.960183587200e-04, 2.3424e+00, 3.2508e-02, 
 2DIAGNOSTIC,    23, -5.343211064506e-01, 2.806749309063e-04, 2.3747e+00, 3.2330e-02, 
 2DIAGNOSTIC,    24, -5.358631598354e-01, 2.866895966859e-04, 2.4142e+00, 3.9506e-02, 
 2DIAGNOSTIC,    25, -5.371561298248e-01, 2.965378760258e-04, 2.4433e+00, 2.9039e-02, 
 2DIAGNOSTIC,    26, -5.417038048116e-01, 3.886118504170e-04, 2.4705e+00, 2.7254e-02, 
 2DIAGNOSTIC,    27, -5.441661639905e-01, 5.139381531594e-04, 2.4972e+00, 2.6739e-02, 
 2DIAGNOSTIC,    28, -5.460220596763e-01, 6.238132171427e-04, 2.5498e+00, 5.2559e-02, 
 2DIAGNOSTIC,    29, -5.461933357503e-01, 6.806561349507e-04, 2.5764e+00, 2.6549e-02, 
 2DIAGNOSTIC,    30, -5.466092813628e-01, 6.789393101307e-04, 2.6035e+00, 2.7159e-02, 
 2DIAGNOSTIC,    31, -5.470031811563e-01, 6.233360704459e-04, 2.6302e+00, 2.6694e-02, 
 2DIAGNOSTIC,    32, -5.474265360302e-01, 5.337426799545e-04, 2.6575e+00, 2.7330e-02, 
 2DIAGNOSTIC,    33, -5.480138611048e-01, 4.221265758883e-04, 2.6856e+00, 2.8042e-02, 
 2DIAGNOSTIC,    34, -5.484248529367e-01, 3.086241124314e-04, 2.7137e+00, 2.8073e-02, 
 2DIAGNOSTIC,    35, -5.488120755420e-01, 1.970063545787e-04, 2.7418e+00, 2.8105e-02, 
 2DIAGNOSTIC,    36, -5.497286939227e-01, 1.532467815172e-04, 2.7689e+00, 2.7120e-02, 
 2DIAGNOSTIC,    37, -5.503988991406e-01, 1.414991953975e-04, 2.8043e+00, 3.5424e-02, 
 2DIAGNOSTIC,    38, -5.509459277877e-01, 1.505243076026e-04, 2.8359e+00, 3.1557e-02, 
 2DIAGNOSTIC,    39, -5.521779095715e-01, 1.638863401313e-04, 2.8739e+00, 3.8037e-02, 
 2DIAGNOSTIC,    40, -5.540082097451e-01, 1.904832138066e-04, 2.9016e+00, 2.7662e-02, 
 2DIAGNOSTIC,    41, -5.542584276730e-01, 2.053867909238e-04, 2.9295e+00, 2.7957e-02, 
 2DIAGNOSTIC,    42, -5.546597957183e-01, 2.106018978617e-04, 2.9566e+00, 2.7082e-02, 
 2DIAGNOSTIC,    43, -5.550235656151e-01, 2.074060684466e-04, 2.9973e+00, 4.0725e-02, 
 2DIAGNOSTIC,    44, -5.551943418039e-01, 1.913741067840e-04, 3.0241e+00, 2.6761e-02, 
 2DIAGNOSTIC,    45, -5.553824048624e-01, 1.641531972509e-04, 3.0560e+00, 3.1965e-02, 
 2DIAGNOSTIC,    46, -5.558279800061e-01, 1.381455176613e-04, 3.0887e+00, 3.2622e-02, 
 2DIAGNOSTIC,    47, -5.562012784176e-01, 1.119935360911e-04, 3.1246e+00, 3.5922e-02, 
 2DIAGNOSTIC,    48, -5.572785040093e-01, 9.395030921222e-05, 3.1539e+00, 2.9318e-02, 
 2DIAGNOSTIC,    49, -5.575159399083e-01, 8.282999887972e-05, 3.1862e+00, 3.2279e-02, 
 2DIAGNOSTIC,    50, -5.576477896069e-01, 8.508669446743e-05, 3.2150e+00, 2.8859e-02, 
 2DIAGNOSTIC,    51, -5.585182979005e-01, 9.075694306311e-05, 3.2444e+00, 2.9328e-02, 
 2DIAGNOSTIC,    52, -5.611829655774e-01, 1.182050764640e-04, 3.2820e+00, 3.7628e-02, 
 2DIAGNOSTIC,    53, -5.623977236753e-01, 1.481680820481e-04, 3.3132e+00, 3.1158e-02, 
 2DIAGNOSTIC,    54, -5.626766108124e-01, 1.672842390903e-04, 3.3506e+00, 3.7460e-02, 
 2DIAGNOSTIC,    55, -5.627744365204e-01, 1.729168051918e-04, 3.3815e+00, 3.0839e-02, 
 2DIAGNOSTIC,    56, -5.628007959527e-01, 1.662310170142e-04, 3.4091e+00, 2.7673e-02, 
 2DIAGNOSTIC,    57, -5.628334647691e-01, 1.469374471102e-04, 3.4363e+00, 2.7213e-02, 
 2DIAGNOSTIC,    58, -5.628978541169e-01, 1.243907626391e-04, 3.4673e+00, 3.0955e-02, 
 2DIAGNOSTIC,    59, -5.631753788662e-01, 9.565739187734e-05, 3.4949e+00, 2.7591e-02, 
 2DIAGNOSTIC,    60, -5.638074129690e-01, 6.558884817575e-05, 3.5368e+00, 4.1931e-02, 
 2DIAGNOSTIC,    61, -5.642298928850e-01, 4.075648136191e-05, 3.5749e+00, 3.8028e-02, 
 2DIAGNOSTIC,    62, -5.643876712640e-01, 3.641742555309e-05, 3.6026e+00, 2.7727e-02, 
 2DIAGNOSTIC,    63, -5.650138729121e-01, 4.404760501896e-05, 3.6287e+00, 2.6139e-02, 
 2DIAGNOSTIC,    64, -5.656659508369e-01, 5.468322815494e-05, 3.6544e+00, 2.5729e-02, 
 2DIAGNOSTIC,    65, -5.658040205731e-01, 6.148842715826e-05, 3.6803e+00, 2.5819e-02, 
 2DIAGNOSTIC,    66, -5.659215867727e-01, 6.341134526278e-05, 3.7144e+00, 3.4140e-02, 
 2DIAGNOSTIC,    67, -5.659395196785e-01, 5.971964706544e-05, 3.7406e+00, 2.6239e-02, 
 2DIAGNOSTIC,    68, -5.659643030656e-01, 5.108847630977e-05, 3.7693e+00, 2.8654e-02, 
 2DIAGNOSTIC,    69, -5.660060269933e-01, 4.007630803494e-05, 3.7966e+00, 2.7281e-02, 
 2DIAGNOSTIC,    70, -5.660943475295e-01, 3.088367648790e-05, 3.8420e+00, 4.5459e-02, 
 2DIAGNOSTIC,    71, -5.661293782475e-01, 2.244728494547e-05, 3.8719e+00, 2.9846e-02, 
 2DIAGNOSTIC,    72, -5.661254998040e-01, 1.318752209812e-05, 3.9006e+00, 2.8717e-02, 
 2DIAGNOSTIC,    73, -5.661510457453e-01, 7.501794272637e-06, 3.9327e+00, 3.2118e-02, 
 2DIAGNOSTIC,    74, -5.661898718413e-01, 6.116911141638e-06, 3.9618e+00, 2.9061e-02, 
 2DIAGNOSTIC,    75, -5.662957704511e-01, 5.873638800544e-06, 3.9901e+00, 2.8365e-02, 
 2DIAGNOSTIC,    76, -5.664044107818e-01, 6.638687646145e-06, 4.0172e+00, 2.7028e-02, 
 2DIAGNOSTIC,    77, -5.665382346850e-01, 7.805188125471e-06, 4.0691e+00, 5.1929e-02, 
 2DIAGNOSTIC,    78, -5.665352617191e-01, 8.367464779047e-06, 4.0999e+00, 3.0763e-02, 
 2DIAGNOSTIC,    79, -5.665328221731e-01, 8.406479608029e-06, 4.1297e+00, 2.9867e-02, 
 2DIAGNOSTIC,    80, -5.665301932678e-01, 8.222683488379e-06, 4.1601e+00, 3.0359e-02, 
 2DIAGNOSTIC,    81, -5.665259757714e-01, 7.475282265867e-06, 4.1871e+00, 2.7052e-02, 
 2DIAGNOSTIC,    82, -5.665241637512e-01, 6.020705639815e-06, 4.2185e+00, 3.1382e-02, 
 2DIAGNOSTIC,    83, -5.665279157440e-01, 4.250911148336e-06, 4.2468e+00, 2.8249e-02, 
 2DIAGNOSTIC,    84, -5.665340404283e-01, 2.430653594700e-06, 4.2754e+00, 2.8674e-02, 
 2DIAGNOSTIC,    85, -5.665367932846e-01, 1.108022289463e-06, 4.3031e+00, 2.7638e-02, 
DIAGNOSTIC,Iteration,metricValue,convergenceValue,ITERATION_TIME_INDEX,SINCE_LAST
 2DIAGNOSTIC,     1, -5.012573632303e-01, 1.797693134862e+308, 5.4063e+00, 1.1032e+00, 
 2DIAGNOSTIC,     2, -5.014640424670e-01, 1.797693134862e+308, 5.6381e+00, 2.3184e-01, 
 2DIAGNOSTIC,     3, -5.016790476117e-01, 1.797693134862e+308, 5.8596e+00, 2.2154e-01, 
 2DIAGNOSTIC,     4, -5.019161845830e-01, 1.797693134862e+308, 6.0640e+00, 2.0442e-01, 
 2DIAGNOSTIC,     5, -5.020338516703e-01, 1.797693134862e+308, 6.2822e+00, 2.1814e-01, 
 2DIAGNOSTIC,     6, -5.021405908823e-01, 1.797693134862e+308, 6.5795e+00, 2.9726e-01, 
 2DIAGNOSTIC,     7, -5.021654210164e-01, 1.797693134862e+308, 6.8077e+00, 2.2824e-01, 
 2DIAGNOSTIC,     8, -5.021670359823e-01, 1.797693134862e+308, 7.1355e+00, 3.2783e-01, 
 2DIAGNOSTIC,     9, -5.021681376060e-01, 1.797693134862e+308, 7.4066e+00, 2.7104e-01, 
 2DIAGNOSTIC,    10, -5.021666726442e-01, 1.164899962613e-04, 7.6529e+00, 2.4632e-01, 
 2DIAGNOSTIC,    11, -5.021681066503e-01, 7.357923414560e-05, 7.9357e+00, 2.8287e-01, 
 2DIAGNOSTIC,    12, -5.021674548527e-01, 4.110025672859e-05, 8.1360e+00, 2.0022e-01, 
 2DIAGNOSTIC,    13, -5.021660976247e-01, 1.929000732109e-05, 8.3435e+00, 2.0755e-01, 
 2DIAGNOSTIC,    14, -5.021649263453e-01, 8.542919245555e-06, 8.5429e+00, 1.9940e-01, 
 2DIAGNOSTIC,    15, -5.021648728531e-01, 2.993602499501e-06, 8.8193e+00, 2.7644e-01, 
 2DIAGNOSTIC,    16, -5.021636418195e-01, 1.765819011623e-06, 9.0372e+00, 2.1782e-01, 
 2DIAGNOSTIC,    17, -5.021643423615e-01, 1.552243441803e-06, 9.2641e+00, 2.2697e-01, 
 2DIAGNOSTIC,    18, -5.021649572504e-01, 1.461047221034e-06, 9.4962e+00, 2.3206e-01, 
 2DIAGNOSTIC,    19, -5.021684131990e-01, 1.544987136844e-06, 9.7411e+00, 2.4493e-01, 
 2DIAGNOSTIC,    20, -5.021682193494e-01, 1.581629769161e-06, 9.9957e+00, 2.5457e-01, 
 2DIAGNOSTIC,    21, -5.021683124218e-01, 1.658394003429e-06, 1.0219e+01, 2.2287e-01, 
 2DIAGNOSTIC,    22, -5.021690787110e-01, 1.719438306638e-06, 1.0498e+01, 2.7926e-01, 
 2DIAGNOSTIC,    23, -5.021747497479e-01, 1.854866390268e-06, 1.0759e+01, 2.6152e-01, 
 2DIAGNOSTIC,    24, -5.021740686454e-01, 1.886087978957e-06, 1.0981e+01, 2.2123e-01, 
 2DIAGNOSTIC,    25, -5.021708906567e-01, 1.792282541400e-06, 1.1209e+01, 2.2805e-01, 
 2DIAGNOSTIC,    26, -5.021690232640e-01, 1.594048007571e-06, 1.1449e+01, 2.4082e-01, 
 2DIAGNOSTIC,    27, -5.021698428311e-01, 1.407281747905e-06, 1.1641e+01, 1.9163e-01, 
 2DIAGNOSTIC,    28, -5.021712161300e-01, 1.246524625700e-06, 1.1858e+01, 2.1723e-01, 
 2DIAGNOSTIC,    29, -5.021733484822e-01, 1.194771092179e-06, 1.2105e+01, 2.4708e-01, 
 2DIAGNOSTIC,    30, -5.021737202076e-01, 1.143063533764e-06, 1.2343e+01, 2.3812e-01, 
 2DIAGNOSTIC,    31, -5.021771217153e-01, 1.152751488723e-06, 1.2543e+01, 1.9917e-01, 
 2DIAGNOSTIC,    32, -5.021892852828e-01, 1.373382808284e-06, 1.2799e+01, 2.5667e-01, 
 2DIAGNOSTIC,    33, -5.021948769490e-01, 1.731270582075e-06, 1.3054e+01, 2.5495e-01, 
 2DIAGNOSTIC,    34, -5.021976106730e-01, 2.030797704104e-06, 1.3299e+01, 2.4466e-01, 
 2DIAGNOSTIC,    35, -5.021972136252e-01, 2.155318933713e-06, 1.3584e+01, 2.8549e-01, 
 2DIAGNOSTIC,    36, -5.021969027992e-01, 2.121075244849e-06, 1.3864e+01, 2.8002e-01, 
 2DIAGNOSTIC,    37, -5.021945618678e-01, 1.944627055675e-06, 1.4118e+01, 2.5355e-01, 
 2DIAGNOSTIC,    38, -5.021938659067e-01, 1.682833187019e-06, 1.4362e+01, 2.4384e-01, 
 2DIAGNOSTIC,    39, -5.021924034330e-01, 1.365774139089e-06, 1.4579e+01, 2.1710e-01, 
 2DIAGNOSTIC,    40, -5.021927101816e-01, 1.023603070690e-06, 1.4855e+01, 2.7615e-01, 
DIAGNOSTIC,Iteration,metricValue,convergenceValue,ITERATION_TIME_INDEX,SINCE_LAST
 2DIAGNOSTIC,     1, -4.666784559404e-01, 1.797693134862e+308, 1.7248e+01, 2.3924e+00, 
 2DIAGNOSTIC,     2, -4.667365608191e-01, 1.797693134862e+308, 1.8558e+01, 1.3104e+00, 
 2DIAGNOSTIC,     3, -4.668020208862e-01, 1.797693134862e+308, 2.0373e+01, 1.8149e+00, 
 2DIAGNOSTIC,     4, -4.668120517270e-01, 1.797693134862e+308, 2.2095e+01, 1.7224e+00, 
 2DIAGNOSTIC,     5, -4.668231242459e-01, 1.797693134862e+308, 2.3442e+01, 1.3464e+00, 
 2DIAGNOSTIC,     6, -4.668378090200e-01, 1.797693134862e+308, 2.4811e+01, 1.3690e+00, 
 2DIAGNOSTIC,     7, -4.668467566348e-01, 1.797693134862e+308, 2.6147e+01, 1.3360e+00, 
 2DIAGNOSTIC,     8, -4.668873920296e-01, 1.797693134862e+308, 2.7487e+01, 1.3400e+00, 
 2DIAGNOSTIC,     9, -4.669258116214e-01, 1.797693134862e+308, 2.8978e+01, 1.4912e+00, 
 2DIAGNOSTIC,    10, -4.669289054899e-01, 3.327728259761e-05, 3.0389e+01, 1.4108e+00, 
 2DIAGNOSTIC,    11, -4.669532727969e-01, 2.718370353821e-05, 3.2264e+01, 1.8753e+00, 
 2DIAGNOSTIC,    12, -4.669603437098e-01, 2.313452988516e-05, 3.4531e+01, 2.2674e+00, 
 2DIAGNOSTIC,    13, -4.669601604811e-01, 2.088604940718e-05, 3.6074e+01, 1.5429e+00, 
 2DIAGNOSTIC,    14, -4.669596947995e-01, 1.768615829673e-05, 3.7621e+01, 1.5468e+00, 
 2DIAGNOSTIC,    15, -4.669595887046e-01, 1.395851293318e-05, 3.9135e+01, 1.5141e+00, 
 2DIAGNOSTIC,    16, -4.669592040198e-01, 1.017089545592e-05, 4.0449e+01, 1.3136e+00, 
 2DIAGNOSTIC,    17, -4.669598549949e-01, 6.388597685765e-06, 4.1996e+01, 1.5475e+00, 
 2DIAGNOSTIC,    18, -4.669598194224e-01, 3.958220369145e-06, 4.3522e+01, 1.5256e+00, 
 2DIAGNOSTIC,    19, -4.669592236007e-01, 2.803156856794e-06, 4.4889e+01, 1.3671e+00, 
 2DIAGNOSTIC,    20, -4.669592831444e-01, 1.736924495357e-06, 4.6390e+01, 1.5009e+00, 
 2DIAGNOSTIC,    21, -4.669595340300e-01, 1.465925590756e-06, 4.8150e+01, 1.7600e+00, 
 2DIAGNOSTIC,    22, -4.669589316356e-01, 1.402357867421e-06, 4.9772e+01, 1.6223e+00, 
 2DIAGNOSTIC,    23, -4.669587700672e-01, 1.340010639332e-06, 5.1129e+01, 1.3571e+00, 
 2DIAGNOSTIC,    24, -4.669588984682e-01, 1.278872646039e-06, 5.2710e+01, 1.5803e+00, 
 2DIAGNOSTIC,    25, -4.669589270746e-01, 1.225201197615e-06, 5.4210e+01, 1.5000e+00, 
 2DIAGNOSTIC,    26, -4.669588596495e-01, 1.168756007065e-06, 5.5785e+01, 1.5757e+00, 
 2DIAGNOSTIC,    27, -4.669586009510e-01, 1.130704151850e-06, 5.7275e+01, 1.4899e+00, 
 2DIAGNOSTIC,    28, -4.669584315895e-01, 1.096129149530e-06, 5.8870e+01, 1.5948e+00, 
 2DIAGNOSTIC,    29, -4.669582581058e-01, 1.051373863907e-06, 6.0245e+01, 1.3746e+00, 
 2DIAGNOSTIC,    30, -4.669582714439e-01, 1.015007785939e-06, 6.1869e+01, 1.6240e+00, 
  Elapsed time (stage 0): 6.2723e+01


Total elapsed time: 6.2725e+01
Info [verificarlo]: loaded backend libinterflop_ieee.so
Info [interflop-ieee]: load backend with:
Info [interflop-ieee]: debug = false
Info [interflop-ieee]: debug-binary = false
Info [interflop-ieee]: no-backend-name = false
Info [interflop-ieee]: print-new-line = false
Info [interflop-ieee]: print-subnormal-normalized = false
Info [interflop-ieee]: count-op = false
All_Command_lines_OK
Using double precision for computations.
=============================================================================
The composite transform comprises the following transforms (in order): 
  1. /home/mdugre/scratch/mri-registration-rp/datasets/ds004513/derivatives/mri-registration-rp/0001/antsRegistration-r7-p17/sub-s032/rigid_Composite.h5[0] (type = Euler3DTransform)
  2. /home/mdugre/scratch/mri-registration-rp/datasets/ds004513/derivatives/mri-registration-rp/0001/antsRegistration-r7-p17/sub-s032/rigid_Composite.h5[1] (type = Euler3DTransform)
  3. /home/mdugre/scratch/mri-registration-rp/datasets/ds004513/derivatives/mri-registration-rp/0001/antsRegistration-r7-p17/sub-s032/rigid_Composite.h5[2] (type = Euler3DTransform)
=============================================================================
  number of levels = 4
  fixed image: /templateflow/tpl-MNI152NLin2009cAsym/tpl-MNI152NLin2009cAsym_res-01_desc-brain_T1w.nii.gz
  moving image: /home/mdugre/scratch/mri-registration-rp/datasets/ds004513/derivatives/mri-registration-rp/antsBrainExtraction/sub-s032/BrainExtractionBrain.nii.gz
Dimension = 3
Number of stages = 1
Use histogram matching = false
Winsorize image intensities = true
  Lower quantile = 0.005
  Upper quantile = 0.995


Stage 1 State
   Image metric = MattesMI
     Fixed image = Image (0x385b7e0)
  RTTI typeinfo:   itk::Image<double, 3u>
  Reference Count: 2
  Modified Time: 1592
  Debug: Off
  Object Name: 
  Observers: 
    none
  Source: (none)
  Source output name: (none)
  Release Data: Off
  Data Released: False
  Global Release Data: Off
  PipelineMTime: 0
  UpdateMTime: 1203
  RealTimeStamp: 0 seconds 
  LargestPossibleRegion: 
    Dimension: 3
    Index: [0, 0, 0]
    Size: [193, 229, 193]
  BufferedRegion: 
    Dimension: 3
    Index: [0, 0, 0]
    Size: [193, 229, 193]
  RequestedRegion: 
    Dimension: 3
    Index: [0, 0, 0]
    Size: [193, 229, 193]
  Spacing: [1, 1, 1]
  Origin: [96, 132, -78]
  Direction: 
-1 0 0
0 -1 0
0 0 1

  IndexToPointMatrix: 
-1 0 0
0 -1 0
0 0 1

  PointToIndexMatrix: 
-1 0 0
0 -1 0
0 0 1

  Inverse Direction: 
-1 0 0
0 -1 0
0 0 1

  PixelContainer: 
    ImportImageContainer (0x391ba20)
      RTTI typeinfo:   itk::ImportImageContainer<unsigned long, double>
      Reference Count: 1
      Modified Time: 1200
      Debug: Off
      Object Name: 
      Observers: 
        none
      Pointer: 0x14e1dc50c010
      Container manages memory: true
      Size: 8530021
      Capacity: 8530021

     Moving image = Image (0x3916d70)
  RTTI typeinfo:   itk::Image<double, 3u>
  Reference Count: 2
  Modified Time: 1593
  Debug: Off
  Object Name: 
  Observers: 
    none
  Source: (none)
  Source output name: (none)
  Release Data: Off
  Data Released: False
  Global Release Data: Off
  PipelineMTime: 0
  UpdateMTime: 1590
  RealTimeStamp: 0 seconds 
  LargestPossibleRegion: 
    Dimension: 3
    Index: [0, 0, 0]
    Size: [160, 240, 256]
  BufferedRegion: 
    Dimension: 3
    Index: [0, 0, 0]
    Size: [160, 240, 256]
  RequestedRegion: 
    Dimension: 3
    Index: [0, 0, 0]
    Size: [160, 240, 256]
  Spacing: [1, 1, 1]
  Origin: [73.279, 104.707, -131.187]
  Direction: 
-0.997527 0.0645574 -0.0278053
-0.0645323 -0.997914 -0.00179875
-0.0278634 4.01097e-08 0.999612

  IndexToPointMatrix: 
-0.997527 0.0645574 -0.0278053
-0.0645323 -0.997914 -0.00179875
-0.0278634 4.01097e-08 0.999612

  PointToIndexMatrix: 
-0.997527 -0.0645323 -0.0278634
0.0645574 -0.997914 4.01049e-08
-0.0278053 -0.00179875 0.999612

  Inverse Direction: 
-0.997527 -0.0645323 -0.0278634
0.0645574 -0.997914 4.01049e-08
-0.0278053 -0.00179875 0.999612

  PixelContainer: 
    ImportImageContainer (0x38cec90)
      RTTI typeinfo:   itk::ImportImageContainer<unsigned long, double>
      Reference Count: 1
      Modified Time: 1587
      Debug: Off
      Object Name: 
      Observers: 
        none
      Pointer: 0x14e1d7a0b010
      Container manages memory: true
      Size: 9830400
      Capacity: 9830400

     Weighting = 1
     Sampling strategy = regular
     Number of bins = 32
     Radius = 4
     Sampling percentage  = 0.25
   Transform = Affine
     Gradient step = 0.1
     Update field sigma (voxel space) = 0
     Total field sigma (voxel space) = 0
     Update field time sigma = 0
     Total field time sigma  = 0
     Number of time indices = 0
     Number of time point samples = 0
Registration using 1 total stages.

Stage 0
  iterations = 1000x500x250x100
  convergence threshold = 1e-06
  convergence window size = 10
  number of levels = 4
  using the Mattes MI metric (number of bins = 32, weight = 1, use gradient filter = 0)
  preprocessing:  winsorizing the image intensities
  Shrink factors (level 1 out of 4): [8, 8, 8]
  Shrink factors (level 2 out of 4): [4, 4, 4]
  Shrink factors (level 3 out of 4): [2, 2, 2]
  Shrink factors (level 4 out of 4): [1, 1, 1]
  smoothing sigmas per level: [3, 2, 1, 0]
  regular sampling (percentage = 0.25)

*** Running AffineTransform registration ***

DIAGNOSTIC,Iteration,metricValue,convergenceValue,ITERATION_TIME_INDEX,SINCE_LAST
 2DIAGNOSTIC,     1, -6.834299794278e-01, 1.797693134862e+308, 7.2189e-01, 7.2189e-01, 
 2DIAGNOSTIC,     2, -6.850663722343e-01, 1.797693134862e+308, 7.2667e-01, 4.7710e-03, 
 2DIAGNOSTIC,     3, -6.877625161388e-01, 1.797693134862e+308, 7.3153e-01, 4.8668e-03, 
 2DIAGNOSTIC,     4, -6.925766384718e-01, 1.797693134862e+308, 7.3646e-01, 4.9281e-03, 
 2DIAGNOSTIC,     5, -7.011077922493e-01, 1.797693134862e+308, 7.4169e-01, 5.2309e-03, 
 2DIAGNOSTIC,     6, -7.092657893331e-01, 1.797693134862e+308, 7.4689e-01, 5.1951e-03, 
 2DIAGNOSTIC,     7, -7.201054788013e-01, 1.797693134862e+308, 7.5270e-01, 5.8169e-03, 
 2DIAGNOSTIC,     8, -7.257049660342e-01, 1.797693134862e+308, 7.5731e-01, 4.6098e-03, 
 2DIAGNOSTIC,     9, -7.283008652963e-01, 1.797693134862e+308, 7.6300e-01, 5.6880e-03, 
 2DIAGNOSTIC,    10, -7.298383800940e-01, 5.033701299149e-03, 7.6792e-01, 4.9169e-03, 
 2DIAGNOSTIC,    11, -7.309447534310e-01, 4.414893061491e-03, 7.7668e-01, 8.7600e-03, 
 2DIAGNOSTIC,    12, -7.310058828941e-01, 3.561364025812e-03, 7.8186e-01, 5.1820e-03, 
 2DIAGNOSTIC,    13, -7.309767247690e-01, 2.603628864118e-03, 7.8715e-01, 5.2881e-03, 
 2DIAGNOSTIC,    14, -7.308097250383e-01, 1.681976202857e-03, 7.9182e-01, 4.6670e-03, 
 2DIAGNOSTIC,    15, -7.308603434517e-01, 9.592567238749e-04, 7.9697e-01, 5.1529e-03, 
 2DIAGNOSTIC,    16, -7.309110453650e-01, 4.392476949770e-04, 8.0231e-01, 5.3430e-03, 
 2DIAGNOSTIC,    17, -7.308725587942e-01, 1.908645674669e-04, 8.0711e-01, 4.8010e-03, 
 2DIAGNOSTIC,    18, -7.308578319295e-01, 7.535269003404e-05, 8.1203e-01, 4.9181e-03, 
 2DIAGNOSTIC,    19, -7.308730888661e-01, 1.926508919142e-05, 8.1683e-01, 4.8010e-03, 
DIAGNOSTIC,Iteration,metricValue,convergenceValue,ITERATION_TIME_INDEX,SINCE_LAST
 2DIAGNOSTIC,     1, -5.905000926031e-01, 1.797693134862e+308, 1.5272e+00, 7.1033e-01, 
 2DIAGNOSTIC,     2, -5.906763305790e-01, 1.797693134862e+308, 1.5640e+00, 3.6840e-02, 
 2DIAGNOSTIC,     3, -5.909344632978e-01, 1.797693134862e+308, 1.5956e+00, 3.1554e-02, 
 2DIAGNOSTIC,     4, -5.909727928156e-01, 1.797693134862e+308, 1.6269e+00, 3.1350e-02, 
 2DIAGNOSTIC,     5, -5.913732967470e-01, 1.797693134862e+308, 1.6592e+00, 3.2271e-02, 
 2DIAGNOSTIC,     6, -5.920460561093e-01, 1.797693134862e+308, 1.6911e+00, 3.1901e-02, 
 2DIAGNOSTIC,     7, -5.931305041775e-01, 1.797693134862e+308, 1.7229e+00, 3.1780e-02, 
 2DIAGNOSTIC,     8, -5.953968234238e-01, 1.797693134862e+308, 1.7591e+00, 3.6256e-02, 
 2DIAGNOSTIC,     9, -5.963954519206e-01, 1.797693134862e+308, 1.7967e+00, 3.7556e-02, 
 2DIAGNOSTIC,    10, -5.970210975364e-01, 7.591413753915e-04, 1.8516e+00, 5.4968e-02, 
 2DIAGNOSTIC,    11, -5.970892015491e-01, 7.692194554499e-04, 1.8841e+00, 3.2472e-02, 
 2DIAGNOSTIC,    12, -5.975552737348e-01, 7.342001613271e-04, 1.9173e+00, 3.3212e-02, 
 2DIAGNOSTIC,    13, -5.985198506881e-01, 6.822686488488e-04, 1.9486e+00, 3.1291e-02, 
 2DIAGNOSTIC,    14, -5.994227976375e-01, 6.070123658173e-04, 1.9803e+00, 3.1644e-02, 
 2DIAGNOSTIC,    15, -6.001194809430e-01, 5.219138582994e-04, 2.0139e+00, 3.3632e-02, 
 2DIAGNOSTIC,    16, -6.019358108008e-01, 4.745275717683e-04, 2.0546e+00, 4.0758e-02, 
 2DIAGNOSTIC,    17, -6.041628801839e-01, 4.798106471528e-04, 2.1192e+00, 6.4515e-02, 
 2DIAGNOSTIC,    18, -6.041888917139e-01, 4.991884561978e-04, 2.1593e+00, 4.0162e-02, 
 2DIAGNOSTIC,    19, -6.042146550097e-01, 4.967420003854e-04, 2.1958e+00, 3.6507e-02, 
 2DIAGNOSTIC,    20, -6.043053113572e-01, 4.664095664907e-04, 2.2300e+00, 3.4186e-02, 
 2DIAGNOSTIC,    21, -6.044954565595e-01, 4.008788324956e-04, 2.2661e+00, 3.6116e-02, 
 2DIAGNOSTIC,    22, -6.046649061583e-01, 3.166759936195e-04, 2.3041e+00, 3.7921e-02, 
 2DIAGNOSTIC,    23, -6.047320767955e-01, 2.317629255538e-04, 2.3363e+00, 3.2237e-02, 
 2DIAGNOSTIC,    24, -6.047326461574e-01, 1.511056161489e-04, 2.3760e+00, 3.9705e-02, 
 2DIAGNOSTIC,    25, -6.047687664512e-01, 7.638060521892e-05, 2.4161e+00, 4.0126e-02, 
 2DIAGNOSTIC,    26, -6.047703559642e-01, 3.236108663503e-05, 2.4530e+00, 3.6890e-02, 
 2DIAGNOSTIC,    27, -6.047609352389e-01, 2.763247110175e-05, 2.4902e+00, 3.7219e-02, 
 2DIAGNOSTIC,    28, -6.047609702359e-01, 2.123605690969e-05, 2.5230e+00, 3.2798e-02, 
 2DIAGNOSTIC,    29, -6.047485374007e-01, 1.363822269573e-05, 2.5590e+00, 3.5996e-02, 
 2DIAGNOSTIC,    30, -6.047509129392e-01, 6.793568257946e-06, 2.5911e+00, 3.2087e-02, 
 2DIAGNOSTIC,    31, -6.047611555313e-01, 2.848753502628e-06, 2.6296e+00, 3.8456e-02, 
 2DIAGNOSTIC,    32, -6.047693636805e-01, 1.586541603503e-06, 2.6699e+00, 4.0305e-02, 
 2DIAGNOSTIC,    33, -6.047524889776e-01, 1.074439440599e-06, 2.7045e+00, 3.4610e-02, 
DIAGNOSTIC,Iteration,metricValue,convergenceValue,ITERATION_TIME_INDEX,SINCE_LAST
 2DIAGNOSTIC,     1, -5.402263943700e-01, 1.797693134862e+308, 3.7959e+00, 1.0914e+00, 
 2DIAGNOSTIC,     2, -5.406498561113e-01, 1.797693134862e+308, 4.0436e+00, 2.4772e-01, 
 2DIAGNOSTIC,     3, -5.410933362500e-01, 1.797693134862e+308, 4.2929e+00, 2.4934e-01, 
 2DIAGNOSTIC,     4, -5.415940379493e-01, 1.797693134862e+308, 4.5720e+00, 2.7904e-01, 
 2DIAGNOSTIC,     5, -5.420779248467e-01, 1.797693134862e+308, 4.8514e+00, 2.7941e-01, 
 2DIAGNOSTIC,     6, -5.426133442224e-01, 1.797693134862e+308, 5.1045e+00, 2.5315e-01, 
 2DIAGNOSTIC,     7, -5.440153117068e-01, 1.797693134862e+308, 5.4514e+00, 3.4688e-01, 
 2DIAGNOSTIC,     8, -5.443860084278e-01, 1.797693134862e+308, 5.7494e+00, 2.9796e-01, 
 2DIAGNOSTIC,     9, -5.444635501596e-01, 1.797693134862e+308, 6.0996e+00, 3.5022e-01, 
 2DIAGNOSTIC,    10, -5.444898854715e-01, 5.859850951423e-04, 6.3553e+00, 2.5571e-01, 
 2DIAGNOSTIC,    11, -5.445341398544e-01, 4.872985235961e-04, 6.6083e+00, 2.5302e-01, 
 2DIAGNOSTIC,    12, -5.446345860927e-01, 3.834248791308e-04, 6.8368e+00, 2.2843e-01, 
 2DIAGNOSTIC,    13, -5.447107552669e-01, 2.815812370952e-04, 7.1555e+00, 3.1869e-01, 
 2DIAGNOSTIC,    14, -5.447464571248e-01, 1.894919427076e-04, 7.4050e+00, 2.4954e-01, 
 2DIAGNOSTIC,    15, -5.447550372510e-01, 1.100889890840e-04, 7.6626e+00, 2.5759e-01, 
 2DIAGNOSTIC,    16, -5.447595057923e-01, 4.726747505135e-05, 8.0563e+00, 3.9369e-01, 
