
##########################
# Experiment information #
##########################

EXPERIMENT_NAME: antsRegistration-r8-p22
VFC_BACKENDS: libinterflop_vprec.so --range-binary32=8 --precision-binary32=22 --range-binary64=8 --precision-binary64=22

SIF_IMG: /home/mdugre/projects/rrg-glatard/mdugre/containers/ants-vprec-no_metrics.simg

SUBJECT_ID: s035
INPUT_IMG: /home/mdugre/scratch/mri-registration-rp/datasets/ds004513/derivatives/mri-registration-rp/antsBrainExtraction/sub-s035/BrainExtractionBrain.nii.gz
OUTPUT_DIR: /home/mdugre/scratch/mri-registration-rp/datasets/ds004513/derivatives/mri-registration-rp/0001/antsRegistration-r8-p22/sub-s035

FIXED_IMG: /templateflow/tpl-MNI152NLin2009cAsym/tpl-MNI152NLin2009cAsym_res-01_desc-brain_T1w.nii.gz
DATA_DIR: /home/mdugre/scratch/mri-registration-rp/datasets/ds004513
TEMPLATEFLOW_DIR: /home/mdugre/projects/rrg-glatard/mdugre/templateflow
ITK_GLOBAL_DEFAULT_NUMBER_OF_THREADS: 16
##########################

Info [verificarlo]: loaded backend libinterflop_ieee.so
Info [interflop-ieee]: load backend with:
Info [interflop-ieee]: debug = false
Info [interflop-ieee]: debug-binary = false
Info [interflop-ieee]: no-backend-name = false
Info [interflop-ieee]: print-new-line = false
Info [interflop-ieee]: print-subnormal-normalized = false
Info [interflop-ieee]: count-op = false
All_Command_lines_OK
Using double precision for computations.
=============================================================================
The composite transform comprises the following transforms (in order): 
  1. Center of mass alignment using fixed image: /templateflow/tpl-MNI152NLin2009cAsym/tpl-MNI152NLin2009cAsym_res-01_desc-brain_T1w.nii.gz and moving image: /home/mdugre/scratch/mri-registration-rp/datasets/ds004513/derivatives/mri-registration-rp/antsBrainExtraction/sub-s035/BrainExtractionBrain.nii.gz (type = Euler3DTransform)
=============================================================================
  number of levels = 1
  fixed image: /templateflow/tpl-MNI152NLin2009cAsym/tpl-MNI152NLin2009cAsym_res-01_desc-brain_T1w.nii.gz
  moving image: /home/mdugre/scratch/mri-registration-rp/datasets/ds004513/derivatives/mri-registration-rp/antsBrainExtraction/sub-s035/BrainExtractionBrain.nii.gz
Dimension = 3
Number of stages = 1
Use histogram matching = false
Winsorize image intensities = true
  Lower quantile = 0.005
  Upper quantile = 0.995


Stage 1 State
   Image metric = MattesMI
     Fixed image = Image (0x39c9e70)
  RTTI typeinfo:   itk::Image<double, 3u>
  Reference Count: 2
  Modified Time: 2330
  Debug: Off
  Object Name: 
  Observers: 
    none
  Source: (none)
  Source output name: (none)
  Release Data: Off
  Data Released: False
  Global Release Data: Off
  PipelineMTime: 0
  UpdateMTime: 1941
  RealTimeStamp: 0 seconds 
  LargestPossibleRegion: 
    Dimension: 3
    Index: [0, 0, 0]
    Size: [193, 229, 193]
  BufferedRegion: 
    Dimension: 3
    Index: [0, 0, 0]
    Size: [193, 229, 193]
  RequestedRegion: 
    Dimension: 3
    Index: [0, 0, 0]
    Size: [193, 229, 193]
  Spacing: [1, 1, 1]
  Origin: [96, 132, -78]
  Direction: 
-1 0 0
0 -1 0
0 0 1

  IndexToPointMatrix: 
-1 0 0
0 -1 0
0 0 1

  PointToIndexMatrix: 
-1 0 0
0 -1 0
0 0 1

  Inverse Direction: 
-1 0 0
0 -1 0
0 0 1

  PixelContainer: 
    ImportImageContainer (0x39d2c60)
      RTTI typeinfo:   itk::ImportImageContainer<unsigned long, double>
      Reference Count: 1
      Modified Time: 1938
      Debug: Off
      Object Name: 
      Observers: 
        none
      Pointer: 0x14deb7d05010
      Container manages memory: true
      Size: 8530021
      Capacity: 8530021

     Moving image = Image (0x3a66ec0)
  RTTI typeinfo:   itk::Image<double, 3u>
  Reference Count: 2
  Modified Time: 2331
  Debug: Off
  Object Name: 
  Observers: 
    none
  Source: (none)
  Source output name: (none)
  Release Data: Off
  Data Released: False
  Global Release Data: Off
  PipelineMTime: 0
  UpdateMTime: 2328
  RealTimeStamp: 0 seconds 
  LargestPossibleRegion: 
    Dimension: 3
    Index: [0, 0, 0]
    Size: [160, 240, 256]
  BufferedRegion: 
    Dimension: 3
    Index: [0, 0, 0]
    Size: [160, 240, 256]
  RequestedRegion: 
    Dimension: 3
    Index: [0, 0, 0]
    Size: [160, 240, 256]
  Spacing: [1, 1, 1]
  Origin: [98.6438, 87.6358, -117.989]
  Direction: 
-0.993515 -0.100993 -0.0522355
0.100854 -0.994887 0.00530255
-0.0525039 1.93537e-08 0.998621

  IndexToPointMatrix: 
-0.993515 -0.100993 -0.0522355
0.100854 -0.994887 0.00530255
-0.0525039 1.93537e-08 0.998621

  PointToIndexMatrix: 
-0.993515 0.100854 -0.0525039
-0.100993 -0.994887 1.93006e-08
-0.0522355 0.00530255 0.998621

  Inverse Direction: 
-0.993515 0.100854 -0.0525039
-0.100993 -0.994887 1.93006e-08
-0.0522355 0.00530255 0.998621

  PixelContainer: 
    ImportImageContainer (0x3afe610)
      RTTI typeinfo:   itk::ImportImageContainer<unsigned long, double>
      Reference Count: 1
      Modified Time: 2325
      Debug: Off
      Object Name: 
      Observers: 
        none
      Pointer: 0x14deb3204010
      Container manages memory: true
      Size: 9830400
      Capacity: 9830400

     Weighting = 1
     Sampling strategy = regular
     Number of bins = 32
     Radius = 4
     Sampling percentage  = 0.25
   Transform = Rigid
     Gradient step = 0.1
     Update field sigma (voxel space) = 0
     Total field sigma (voxel space) = 0
     Update field time sigma = 0
     Total field time sigma  = 0
     Number of time indices = 0
     Number of time point samples = 0
Registration using 1 total stages.

Stage 0
  iterations = 0
  convergence threshold = 1e-06
  convergence window size = 10
  number of levels = 1
  using the Mattes MI metric (number of bins = 32, weight = 1, use gradient filter = 0)
  preprocessing:  winsorizing the image intensities
  Shrink factors (level 1 out of 1): [1, 1, 1]
  smoothing sigmas per level: [0]
  regular sampling (percentage = 0.25)

*** Running Euler3DTransform registration ***

  Elapsed time (stage 0): 1.14366


Total elapsed time: 1.14597
Info [verificarlo]: loaded backend libinterflop_ieee.so
Info [interflop-ieee]: load backend with:
Info [interflop-ieee]: debug = false
Info [interflop-ieee]: debug-binary = false
Info [interflop-ieee]: no-backend-name = false
Info [interflop-ieee]: print-new-line = false
Info [interflop-ieee]: print-subnormal-normalized = false
Info [interflop-ieee]: count-op = false
All_Command_lines_OK
Using double precision for computations.
=============================================================================
The composite transform comprises the following transforms (in order): 
  1. /home/mdugre/scratch/mri-registration-rp/datasets/ds004513/derivatives/mri-registration-rp/0001/antsRegistration-r8-p22/sub-s035/align_Composite.h5[0] (type = Euler3DTransform)
  2. /home/mdugre/scratch/mri-registration-rp/datasets/ds004513/derivatives/mri-registration-rp/0001/antsRegistration-r8-p22/sub-s035/align_Composite.h5[1] (type = Euler3DTransform)
=============================================================================
  number of levels = 4
  fixed image: /templateflow/tpl-MNI152NLin2009cAsym/tpl-MNI152NLin2009cAsym_res-01_desc-brain_T1w.nii.gz
  moving image: /home/mdugre/scratch/mri-registration-rp/datasets/ds004513/derivatives/mri-registration-rp/antsBrainExtraction/sub-s035/BrainExtractionBrain.nii.gz
Dimension = 3
Number of stages = 1
Use histogram matching = false
Winsorize image intensities = true
  Lower quantile = 0.005
  Upper quantile = 0.995


Stage 1 State
   Image metric = MattesMI
     Fixed image = Image (0x49ba530)
  RTTI typeinfo:   itk::Image<double, 3u>
  Reference Count: 2
  Modified Time: 1578
  Debug: Off
  Object Name: 
  Observers: 
    none
  Source: (none)
  Source output name: (none)
  Release Data: Off
  Data Released: False
  Global Release Data: Off
  PipelineMTime: 0
  UpdateMTime: 1189
  RealTimeStamp: 0 seconds 
  LargestPossibleRegion: 
    Dimension: 3
    Index: [0, 0, 0]
    Size: [193, 229, 193]
  BufferedRegion: 
    Dimension: 3
    Index: [0, 0, 0]
    Size: [193, 229, 193]
  RequestedRegion: 
    Dimension: 3
    Index: [0, 0, 0]
    Size: [193, 229, 193]
  Spacing: [1, 1, 1]
  Origin: [96, 132, -78]
  Direction: 
-1 0 0
0 -1 0
0 0 1

  IndexToPointMatrix: 
-1 0 0
0 -1 0
0 0 1

  PointToIndexMatrix: 
-1 0 0
0 -1 0
0 0 1

  Inverse Direction: 
-1 0 0
0 -1 0
0 0 1

  PixelContainer: 
    ImportImageContainer (0x4a78d60)
      RTTI typeinfo:   itk::ImportImageContainer<unsigned long, double>
      Reference Count: 1
      Modified Time: 1186
      Debug: Off
      Object Name: 
      Observers: 
        none
      Pointer: 0x1536e1db9010
      Container manages memory: true
      Size: 8530021
      Capacity: 8530021

     Moving image = Image (0x4a6af60)
  RTTI typeinfo:   itk::Image<double, 3u>
  Reference Count: 2
  Modified Time: 1579
  Debug: Off
  Object Name: 
  Observers: 
    none
  Source: (none)
  Source output name: (none)
  Release Data: Off
  Data Released: False
  Global Release Data: Off
  PipelineMTime: 0
  UpdateMTime: 1576
  RealTimeStamp: 0 seconds 
  LargestPossibleRegion: 
    Dimension: 3
    Index: [0, 0, 0]
    Size: [160, 240, 256]
  BufferedRegion: 
    Dimension: 3
    Index: [0, 0, 0]
    Size: [160, 240, 256]
  RequestedRegion: 
    Dimension: 3
    Index: [0, 0, 0]
    Size: [160, 240, 256]
  Spacing: [1, 1, 1]
  Origin: [98.6438, 87.6358, -117.989]
  Direction: 
-0.993515 -0.100993 -0.0522355
0.100854 -0.994887 0.00530255
-0.0525039 1.93537e-08 0.998621

  IndexToPointMatrix: 
-0.993515 -0.100993 -0.0522355
0.100854 -0.994887 0.00530255
-0.0525039 1.93537e-08 0.998621

  PointToIndexMatrix: 
-0.993515 0.100854 -0.0525039
-0.100993 -0.994887 1.93006e-08
-0.0522355 0.00530255 0.998621

  Inverse Direction: 
-0.993515 0.100854 -0.0525039
-0.100993 -0.994887 1.93006e-08
-0.0522355 0.00530255 0.998621

  PixelContainer: 
    ImportImageContainer (0x4a5c6d0)
      RTTI typeinfo:   itk::ImportImageContainer<unsigned long, double>
      Reference Count: 1
      Modified Time: 1573
      Debug: Off
      Object Name: 
      Observers: 
        none
      Pointer: 0x1536dd2b8010
      Container manages memory: true
      Size: 9830400
      Capacity: 9830400

     Weighting = 1
     Sampling strategy = regular
     Number of bins = 32
     Radius = 4
     Sampling percentage  = 0.25
   Transform = Rigid
     Gradient step = 0.1
     Update field sigma (voxel space) = 0
     Total field sigma (voxel space) = 0
     Update field time sigma = 0
     Total field time sigma  = 0
     Number of time indices = 0
     Number of time point samples = 0
Registration using 1 total stages.

Stage 0
  iterations = 1000x500x250x100
  convergence threshold = 1e-06
  convergence window size = 10
  number of levels = 4
  using the Mattes MI metric (number of bins = 32, weight = 1, use gradient filter = 0)
  preprocessing:  winsorizing the image intensities
  Shrink factors (level 1 out of 4): [8, 8, 8]
  Shrink factors (level 2 out of 4): [4, 4, 4]
  Shrink factors (level 3 out of 4): [2, 2, 2]
  Shrink factors (level 4 out of 4): [1, 1, 1]
  smoothing sigmas per level: [3, 2, 1, 0]
  regular sampling (percentage = 0.25)

*** Running Euler3DTransform registration ***

DIAGNOSTIC,Iteration,metricValue,convergenceValue,ITERATION_TIME_INDEX,SINCE_LAST
 2DIAGNOSTIC,     1, -5.238630234552e-01, 1.797693134862e+308, 8.6949e-01, 8.6949e-01, 
 2DIAGNOSTIC,     2, -5.257885820767e-01, 1.797693134862e+308, 8.7396e-01, 4.4699e-03, 
 2DIAGNOSTIC,     3, -5.278597554839e-01, 1.797693134862e+308, 8.7848e-01, 4.5171e-03, 
 2DIAGNOSTIC,     4, -5.302176117225e-01, 1.797693134862e+308, 8.8393e-01, 5.4541e-03, 
 2DIAGNOSTIC,     5, -5.343462816845e-01, 1.797693134862e+308, 8.8833e-01, 4.3979e-03, 
 2DIAGNOSTIC,     6, -5.399239396740e-01, 1.797693134862e+308, 8.9293e-01, 4.6070e-03, 
 2DIAGNOSTIC,     7, -5.490554822001e-01, 1.797693134862e+308, 8.9763e-01, 4.6971e-03, 
 2DIAGNOSTIC,     8, -5.545204224448e-01, 1.797693134862e+308, 9.0432e-01, 6.6910e-03, 
 2DIAGNOSTIC,     9, -5.601437715553e-01, 1.797693134862e+308, 9.0880e-01, 4.4730e-03, 
 2DIAGNOSTIC,    10, -5.617741193774e-01, 5.067640484485e-03, 9.1387e-01, 5.0750e-03, 
 2DIAGNOSTIC,    11, -5.649562249041e-01, 4.796539612083e-03, 9.2040e-01, 6.5310e-03, 
 2DIAGNOSTIC,    12, -5.658710903081e-01, 4.260783098155e-03, 9.2584e-01, 5.4379e-03, 
 2DIAGNOSTIC,    13, -5.662828333056e-01, 3.524744036646e-03, 9.3031e-01, 4.4751e-03, 
 2DIAGNOSTIC,    14, -5.685908474577e-01, 2.751340472953e-03, 9.3579e-01, 5.4781e-03, 
 2DIAGNOSTIC,    15, -5.732745043306e-01, 2.134644679428e-03, 9.4362e-01, 7.8292e-03, 
 2DIAGNOSTIC,    16, -5.738084427845e-01, 1.591333148336e-03, 9.4984e-01, 6.2189e-03, 
 2DIAGNOSTIC,    17, -5.739093703465e-01, 1.247363567739e-03, 9.5417e-01, 4.3340e-03, 
 2DIAGNOSTIC,    18, -5.745773598458e-01, 1.002163966315e-03, 9.5891e-01, 4.7381e-03, 
 2DIAGNOSTIC,    19, -5.752045522723e-01, 8.579763081923e-04, 9.6369e-01, 4.7760e-03, 
 2DIAGNOSTIC,    20, -5.755578777727e-01, 6.955845773875e-04, 9.6842e-01, 4.7321e-03, 
 2DIAGNOSTIC,    21, -5.761681227725e-01, 5.767135182709e-04, 9.7308e-01, 4.6580e-03, 
 2DIAGNOSTIC,    22, -5.775610178281e-01, 4.707067062546e-04, 9.7773e-01, 4.6539e-03, 
 2DIAGNOSTIC,    23, -5.801876522133e-01, 3.965856196825e-04, 9.8264e-01, 4.9031e-03, 
 2DIAGNOSTIC,    24, -5.873578871762e-01, 4.881452203950e-04, 9.8917e-01, 6.5341e-03, 
 2DIAGNOSTIC,    25, -5.924052233479e-01, 7.199711435143e-04, 9.9556e-01, 6.3920e-03, 
 2DIAGNOSTIC,    26, -5.933789722525e-01, 8.944842700280e-04, 1.0014e+00, 5.7940e-03, 
 2DIAGNOSTIC,    27, -5.948140362549e-01, 1.002036484443e-03, 1.0065e+00, 5.1382e-03, 
 2DIAGNOSTIC,    28, -5.954370004536e-01, 1.029952320879e-03, 1.0110e+00, 4.5331e-03, 
 2DIAGNOSTIC,    29, -5.955619965617e-01, 9.699000563102e-04, 1.0157e+00, 4.6780e-03, 
 2DIAGNOSTIC,    30, -5.960977142433e-01, 8.366692960075e-04, 1.0204e+00, 4.6718e-03, 
 2DIAGNOSTIC,    31, -5.971105016158e-01, 6.606986235670e-04, 1.0256e+00, 5.2249e-03, 
 2DIAGNOSTIC,    32, -5.989728413267e-01, 4.853112632070e-04, 1.0323e+00, 6.7360e-03, 
 2DIAGNOSTIC,    33, -5.996340171227e-01, 3.222359247843e-04, 1.0369e+00, 4.5431e-03, 
 2DIAGNOSTIC,    34, -5.997688324881e-01, 2.443793015482e-04, 1.0415e+00, 4.6592e-03, 
 2DIAGNOSTIC,    35, -5.999328162839e-01, 2.224308790135e-04, 1.0471e+00, 5.5840e-03, 
 2DIAGNOSTIC,    36, -6.001598298607e-01, 1.965988109498e-04, 1.0516e+00, 4.5130e-03, 
 2DIAGNOSTIC,    37, -6.004938013035e-01, 1.767006120424e-04, 1.0566e+00, 5.0089e-03, 
 2DIAGNOSTIC,    38, -6.008280010228e-01, 1.536048163810e-04, 1.0613e+00, 4.6351e-03, 
 2DIAGNOSTIC,    39, -6.038559363657e-01, 1.574331425465e-04, 1.0666e+00, 5.3401e-03, 
 2DIAGNOSTIC,    40, -6.077047302929e-01, 1.993081240994e-04, 1.0717e+00, 5.0941e-03, 
 2DIAGNOSTIC,    41, -6.174632731326e-01, 3.481387470595e-04, 1.0778e+00, 6.1259e-03, 
 2DIAGNOSTIC,    42, -6.161977878095e-01, 4.608907468371e-04, 1.0871e+00, 9.2130e-03, 
 2DIAGNOSTIC,    43, -6.161564547666e-01, 5.335371419628e-04, 1.0916e+00, 4.5221e-03, 
 2DIAGNOSTIC,    44, -6.170772242244e-01, 5.644821168146e-04, 1.0960e+00, 4.4460e-03, 
 2DIAGNOSTIC,    45, -6.185357291132e-01, 5.560475981195e-04, 1.1005e+00, 4.4539e-03, 
 2DIAGNOSTIC,    46, -6.206472613370e-01, 5.180558864268e-04, 1.1050e+00, 4.5419e-03, 
 2DIAGNOSTIC,    47, -6.234100430889e-01, 4.649604822981e-04, 1.1095e+00, 4.5111e-03, 
 2DIAGNOSTIC,    48, -6.282459769508e-01, 4.232184124658e-04, 1.1140e+00, 4.4360e-03, 
 2DIAGNOSTIC,    49, -6.332856923798e-01, 4.219353783831e-04, 1.1184e+00, 4.4279e-03, 
 2DIAGNOSTIC,    50, -6.437673304583e-01, 5.158700363084e-04, 1.1229e+00, 4.4980e-03, 
 2DIAGNOSTIC,    51, -6.567709929608e-01, 7.709771150457e-04, 1.1275e+00, 4.6201e-03, 
 2DIAGNOSTIC,    52, -6.630139279120e-01, 9.856114717170e-04, 1.1326e+00, 5.1231e-03, 
 2DIAGNOSTIC,    53, -6.637658019538e-01, 1.103854795050e-03, 1.1372e+00, 4.5519e-03, 
 2DIAGNOSTIC,    54, -6.646848070693e-01, 1.129224530142e-03, 1.1418e+00, 4.6110e-03, 
 2DIAGNOSTIC,    55, -6.699954753168e-01, 1.103370186655e-03, 1.1502e+00, 8.3749e-03, 
 2DIAGNOSTIC,    56, -6.720089933194e-01, 1.005089778779e-03, 1.1571e+00, 6.8848e-03, 
 2DIAGNOSTIC,    57, -6.720481653902e-01, 8.375237676642e-04, 1.1615e+00, 4.4880e-03, 
 2DIAGNOSTIC,    58, -6.725919513704e-01, 6.425663766807e-04, 1.1661e+00, 4.5180e-03, 
 2DIAGNOSTIC,    59, -6.729036357909e-01, 4.360793620970e-04, 1.1706e+00, 4.5261e-03, 
 2DIAGNOSTIC,    60, -6.731488720426e-01, 2.773041917572e-04, 1.1751e+00, 4.4811e-03, 
 2DIAGNOSTIC,    61, -6.734259059848e-01, 1.993309581125e-04, 1.1794e+00, 4.3590e-03, 
 2DIAGNOSTIC,    62, -6.739132096110e-01, 1.568960702525e-04, 1.1839e+00, 4.4732e-03, 
 2DIAGNOSTIC,    63, -6.762843196560e-01, 1.247264077940e-04, 1.1901e+00, 6.2280e-03, 
 2DIAGNOSTIC,    64, -6.766381583607e-01, 8.969372204188e-05, 1.1947e+00, 4.5700e-03, 
 2DIAGNOSTIC,    65, -6.771215198847e-01, 8.898290860682e-05, 1.1993e+00, 4.5671e-03, 
 2DIAGNOSTIC,    66, -6.778537190157e-01, 9.953421700408e-05, 1.2044e+00, 5.1520e-03, 
 2DIAGNOSTIC,    67, -6.792268155269e-01, 1.098307539372e-04, 1.2108e+00, 6.3751e-03, 
 2DIAGNOSTIC,    68, -6.807680941364e-01, 1.231390354686e-04, 1.2154e+00, 4.5631e-03, 
 2DIAGNOSTIC,    69, -6.815199655162e-01, 1.312165106789e-04, 1.2198e+00, 4.4110e-03, 
 2DIAGNOSTIC,    70, -6.818104808909e-01, 1.303111677283e-04, 1.2258e+00, 6.0499e-03, 
 2DIAGNOSTIC,    71, -6.820510304409e-01, 1.205025323883e-04, 1.2302e+00, 4.3650e-03, 
 2DIAGNOSTIC,    72, -6.822317018102e-01, 1.032403683152e-04, 1.2346e+00, 4.3910e-03, 
 2DIAGNOSTIC,    73, -6.825798783969e-01, 9.372211529938e-05, 1.2407e+00, 6.1128e-03, 
 2DIAGNOSTIC,    74, -6.826263956801e-01, 7.797278798776e-05, 1.2451e+00, 4.4389e-03, 
 2DIAGNOSTIC,    75, -6.826914567998e-01, 5.871101686598e-05, 1.2495e+00, 4.3581e-03, 
 2DIAGNOSTIC,    76, -6.828123310778e-01, 3.951658915636e-05, 1.2540e+00, 4.5352e-03, 
 2DIAGNOSTIC,    77, -6.832344952265e-01, 2.762806452466e-05, 1.2584e+00, 4.3900e-03, 
 2DIAGNOSTIC,    78, -6.838171756531e-01, 2.580782018963e-05, 1.2650e+00, 6.5660e-03, 
 2DIAGNOSTIC,    79, -6.837376332895e-01, 2.542014901982e-05, 1.2695e+00, 4.4951e-03, 
 2DIAGNOSTIC,    80, -6.837940947179e-01, 2.471284899146e-05, 1.2739e+00, 4.4570e-03, 
 2DIAGNOSTIC,    81, -6.839726461040e-01, 2.407024767636e-05, 1.2784e+00, 4.4889e-03, 
 2DIAGNOSTIC,    82, -6.841107721962e-01, 2.281039342413e-05, 1.2829e+00, 4.4611e-03, 
 2DIAGNOSTIC,    83, -6.851046322238e-01, 2.675747419332e-05, 1.2891e+00, 6.2032e-03, 
 2DIAGNOSTIC,    84, -6.858177544041e-01, 3.208774968438e-05, 1.2945e+00, 5.4350e-03, 
 2DIAGNOSTIC,    85, -6.861556010457e-01, 3.640335088308e-05, 1.3015e+00, 6.9790e-03, 
 2DIAGNOSTIC,    86, -6.861558933359e-01, 3.780141920526e-05, 1.3059e+00, 4.4389e-03, 
 2DIAGNOSTIC,    87, -6.861669113695e-01, 3.777743233050e-05, 1.3103e+00, 4.3781e-03, 
 2DIAGNOSTIC,    88, -6.861799644902e-01, 3.717480602534e-05, 1.3148e+00, 4.4920e-03, 
 2DIAGNOSTIC,    89, -6.861876485283e-01, 3.259337708373e-05, 1.3199e+00, 5.0511e-03, 
 2DIAGNOSTIC,    90, -6.861914603780e-01, 2.533833383109e-05, 1.3245e+00, 4.6101e-03, 
 2DIAGNOSTIC,    91, -6.861984451352e-01, 1.686247526707e-05, 1.3289e+00, 4.4789e-03, 
 2DIAGNOSTIC,    92, -6.862113391352e-01, 7.665973502526e-06, 1.3334e+00, 4.4980e-03, 
 2DIAGNOSTIC,    93, -6.862267216461e-01, 2.805694789939e-06, 1.3380e+00, 4.5409e-03, 
 2DIAGNOSTIC,    94, -6.862421211633e-01, 1.276588390879e-06, 1.3430e+00, 5.0571e-03, 
 2DIAGNOSTIC,    95, -6.863402413097e-01, 1.766653844954e-06, 1.3491e+00, 6.0990e-03, 
 2DIAGNOSTIC,    96, -6.863401952176e-01, 2.099065492266e-06, 1.3537e+00, 4.5230e-03, 
 2DIAGNOSTIC,    97, -6.863403289343e-01, 2.311922384719e-06, 1.3582e+00, 4.4899e-03, 
 2DIAGNOSTIC,    98, -6.863407782846e-01, 2.398305748059e-06, 1.3626e+00, 4.4861e-03, 
 2DIAGNOSTIC,    99, -6.863418537056e-01, 2.322355377235e-06, 1.3671e+00, 4.5090e-03, 
 2DIAGNOSTIC,   100, -6.863433356733e-01, 2.074026054422e-06, 1.3919e+00, 2.4769e-02, 
 2DIAGNOSTIC,   101, -6.863433355344e-01, 1.693333050999e-06, 1.4061e+00, 1.4150e-02, 
 2DIAGNOSTIC,   102, -6.863433355344e-01, 1.252644302048e-06, 1.4124e+00, 6.3679e-03, 
DIAGNOSTIC,Iteration,metricValue,convergenceValue,ITERATION_TIME_INDEX,SINCE_LAST
 2DIAGNOSTIC,     1, -5.583134364593e-01, 1.797693134862e+308, 2.1523e+00, 7.3988e-01, 
 2DIAGNOSTIC,     2, -5.587689321143e-01, 1.797693134862e+308, 2.1811e+00, 2.8823e-02, 
 2DIAGNOSTIC,     3, -5.591102652402e-01, 1.797693134862e+308, 2.2102e+00, 2.9095e-02, 
 2DIAGNOSTIC,     4, -5.599294186373e-01, 1.797693134862e+308, 2.2389e+00, 2.8669e-02, 
 2DIAGNOSTIC,     5, -5.608880071625e-01, 1.797693134862e+308, 2.2707e+00, 3.1800e-02, 
 2DIAGNOSTIC,     6, -5.613233700148e-01, 1.797693134862e+308, 2.2989e+00, 2.8218e-02, 
 2DIAGNOSTIC,     7, -5.624617583687e-01, 1.797693134862e+308, 2.3312e+00, 3.2317e-02, 
 2DIAGNOSTIC,     8, -5.631242737690e-01, 1.797693134862e+308, 2.3672e+00, 3.5971e-02, 
 2DIAGNOSTIC,     9, -5.632663820049e-01, 1.797693134862e+308, 2.4007e+00, 3.3472e-02, 
 2DIAGNOSTIC,    10, -5.639227003937e-01, 6.925821770481e-04, 2.4311e+00, 3.0424e-02, 
 2DIAGNOSTIC,    11, -5.654841797175e-01, 6.698372528583e-04, 2.4639e+00, 3.2777e-02, 
 2DIAGNOSTIC,    12, -5.660108896718e-01, 6.307255385485e-04, 2.4929e+00, 2.9036e-02, 
 2DIAGNOSTIC,    13, -5.661383022940e-01, 5.589657040839e-04, 2.5838e+00, 9.0871e-02, 
 2DIAGNOSTIC,    14, -5.661383012529e-01, 4.771840712814e-04, 2.6124e+00, 2.8623e-02, 
 2DIAGNOSTIC,    15, -5.661383420976e-01, 3.954706782352e-04, 2.6406e+00, 2.8203e-02, 
 2DIAGNOSTIC,    16, -5.661384111505e-01, 3.001018937532e-04, 2.6691e+00, 2.8513e-02, 
 2DIAGNOSTIC,    17, -5.661385276319e-01, 2.217302195009e-04, 2.6977e+00, 2.8568e-02, 
 2DIAGNOSTIC,    18, -5.661387244171e-01, 1.510881453680e-04, 2.7269e+00, 2.9240e-02, 
 2DIAGNOSTIC,    19, -5.661390581640e-01, 7.808184612156e-05, 2.7555e+00, 2.8547e-02, 
 2DIAGNOSTIC,    20, -5.661396194744e-01, 2.095761499424e-05, 2.7870e+00, 3.1550e-02, 
 2DIAGNOSTIC,    21, -5.661402877739e-01, 4.673093216105e-06, 2.8156e+00, 2.8587e-02, 
 2DIAGNOSTIC,    22, -5.661323897047e-01, 1.384371257948e-06, 2.8441e+00, 2.8446e-02, 
 2DIAGNOSTIC,    23, -5.661343111980e-01, 1.228372789777e-06, 2.8725e+00, 2.8441e-02, 
 2DIAGNOSTIC,    24, -5.661374836336e-01, 1.163945641966e-06, 2.9012e+00, 2.8743e-02, 
 2DIAGNOSTIC,    25, -5.661424906832e-01, 1.217877441860e-06, 2.9299e+00, 2.8651e-02, 
 2DIAGNOSTIC,    26, -5.661504925346e-01, 1.428553856847e-06, 2.9612e+00, 3.1334e-02, 
 2DIAGNOSTIC,    27, -5.661580336567e-01, 1.747771541397e-06, 2.9946e+00, 3.3409e-02, 
 2DIAGNOSTIC,    28, -5.661503067776e-01, 1.854533765597e-06, 3.0279e+00, 3.3298e-02, 
 2DIAGNOSTIC,    29, -5.661438569560e-01, 1.784133733231e-06, 3.0574e+00, 2.9479e-02, 
 2DIAGNOSTIC,    30, -5.661446284054e-01, 1.676239133233e-06, 3.0879e+00, 3.0474e-02, 
 2DIAGNOSTIC,    31, -5.661641158605e-01, 1.842944106656e-06, 3.1210e+00, 3.3099e-02, 
 2DIAGNOSTIC,    32, -5.661524331381e-01, 1.602780746207e-06, 3.1528e+00, 3.1814e-02, 
 2DIAGNOSTIC,    33, -5.661438505555e-01, 1.230462964089e-06, 3.1810e+00, 2.8210e-02, 
 2DIAGNOSTIC,    34, -5.661529600520e-01, 1.046248604142e-06, 3.2162e+00, 3.5221e-02, 
DIAGNOSTIC,Iteration,metricValue,convergenceValue,ITERATION_TIME_INDEX,SINCE_LAST
 2DIAGNOSTIC,     1, -5.039546201828e-01, 1.797693134862e+308, 4.2730e+00, 1.0568e+00, 
 2DIAGNOSTIC,     2, -5.041042368233e-01, 1.797693134862e+308, 4.5009e+00, 2.2785e-01, 
 2DIAGNOSTIC,     3, -5.041889698649e-01, 1.797693134862e+308, 4.7168e+00, 2.1591e-01, 
 2DIAGNOSTIC,     4, -5.042450353113e-01, 1.797693134862e+308, 4.9364e+00, 2.1963e-01, 
 2DIAGNOSTIC,     5, -5.043467397098e-01, 1.797693134862e+308, 5.3214e+00, 3.8499e-01, 
 2DIAGNOSTIC,     6, -5.043440760703e-01, 1.797693134862e+308, 5.7565e+00, 4.3515e-01, 
 2DIAGNOSTIC,     7, -5.043437004490e-01, 1.797693134862e+308, 6.0317e+00, 2.7516e-01, 
 2DIAGNOSTIC,     8, -5.043434021839e-01, 1.797693134862e+308, 6.3100e+00, 2.7826e-01, 
 2DIAGNOSTIC,     9, -5.043432029156e-01, 1.797693134862e+308, 6.5496e+00, 2.3963e-01, 
 2DIAGNOSTIC,    10, -5.043412618540e-01, 4.542186095376e-05, 6.8230e+00, 2.7338e-01, 
 2DIAGNOSTIC,    11, -5.043434296566e-01, 2.541353171491e-05, 7.1230e+00, 3.0004e-01, 
 2DIAGNOSTIC,    12, -5.043429858084e-01, 1.371952035960e-05, 7.3837e+00, 2.6066e-01, 
 2DIAGNOSTIC,    13, -5.043426311331e-01, 6.465801524913e-06, 7.6515e+00, 2.6781e-01, 
 2DIAGNOSTIC,    14, -5.043441469443e-01, 2.084621668327e-06, 7.8928e+00, 2.4127e-01, 
 2DIAGNOSTIC,    15, -5.043442107466e-01, 2.129931306188e-06, 8.1183e+00, 2.2551e-01, 
 2DIAGNOSTIC,    16, -5.043467967482e-01, 2.165551724997e-06, 8.3429e+00, 2.2460e-01, 
 2DIAGNOSTIC,    17, -5.043504204526e-01, 2.285910580387e-06, 8.6500e+00, 3.0717e-01, 
 2DIAGNOSTIC,    18, -5.043509353519e-01, 2.359758959965e-06, 8.9205e+00, 2.7042e-01, 
 2DIAGNOSTIC,    19, -5.043494059692e-01, 2.323263034981e-06, 9.1895e+00, 2.6902e-01, 
 2DIAGNOSTIC,    20, -5.043465043080e-01, 2.094202615439e-06, 9.4661e+00, 2.7662e-01, 
 2DIAGNOSTIC,    21, -5.043486181660e-01, 1.956257311454e-06, 9.7573e+00, 2.9115e-01, 
 2DIAGNOSTIC,    22, -5.043481576927e-01, 1.762287872881e-06, 1.0025e+01, 2.6792e-01, 
 2DIAGNOSTIC,    23, -5.043476404215e-01, 1.533601594439e-06, 1.0324e+01, 2.9844e-01, 
 2DIAGNOSTIC,    24, -5.043482364464e-01, 1.363380370753e-06, 1.0630e+01, 3.0638e-01, 
 2DIAGNOSTIC,    25, -5.043470790093e-01, 1.178432063591e-06, 1.0931e+01, 3.0063e-01, 
 2DIAGNOSTIC,    26, -5.043475964598e-01, 1.081359112684e-06, 1.1152e+01, 2.2095e-01, 
 2DIAGNOSTIC,    27, -5.043475260349e-01, 1.076995056054e-06, 1.1386e+01, 2.3460e-01, 
 2DIAGNOSTIC,    28, -5.043490002393e-01, 1.123348531654e-06, 1.1671e+01, 2.8517e-01, 
 2DIAGNOSTIC,    29, -5.043490124833e-01, 1.139452988200e-06, 1.1929e+01, 2.5743e-01, 
 2DIAGNOSTIC,    30, -5.043490087434e-01, 1.095079491698e-06, 1.2191e+01, 2.6234e-01, 
 2DIAGNOSTIC,    31, -5.043475140815e-01, 1.062214009924e-06, 1.2435e+01, 2.4339e-01, 
 2DIAGNOSTIC,    32, -5.043471908251e-01, 1.014886661155e-06, 1.2725e+01, 2.9015e-01, 
DIAGNOSTIC,Iteration,metricValue,convergenceValue,ITERATION_TIME_INDEX,SINCE_LAST
 2DIAGNOSTIC,     1, -4.670292048113e-01, 1.797693134862e+308, 1.5184e+01, 2.4591e+00, 
 2DIAGNOSTIC,     2, -4.671070127600e-01, 1.797693134862e+308, 1.6654e+01, 1.4703e+00, 
 2DIAGNOSTIC,     3, -4.671363894926e-01, 1.797693134862e+308, 1.8326e+01, 1.6716e+00, 
 2DIAGNOSTIC,     4, -4.671478028646e-01, 1.797693134862e+308, 2.0816e+01, 2.4902e+00, 
 2DIAGNOSTIC,     5, -4.671472990237e-01, 1.797693134862e+308, 2.2371e+01, 1.5557e+00, 
 2DIAGNOSTIC,     6, -4.671467298369e-01, 1.797693134862e+308, 2.3872e+01, 1.5001e+00, 
 2DIAGNOSTIC,     7, -4.671465101555e-01, 1.797693134862e+308, 2.6494e+01, 2.6221e+00, 
 2DIAGNOSTIC,     8, -4.671466040461e-01, 1.797693134862e+308, 3.1114e+01, 4.6201e+00, 
 2DIAGNOSTIC,     9, -4.671466040458e-01, 1.797693134862e+308, 3.4910e+01, 3.7963e+00, 
 2DIAGNOSTIC,    10, -4.671466040458e-01, 1.282202829812e-05, 3.6513e+01, 1.6025e+00, 
 2DIAGNOSTIC,    11, -4.671466040458e-01, 5.508712567368e-06, 3.8015e+01, 1.5023e+00, 
 2DIAGNOSTIC,    12, -4.671466040458e-01, 3.088766593481e-06, 3.9580e+01, 1.5651e+00, 
 2DIAGNOSTIC,    13, -4.671466040458e-01, 2.360382483316e-06, 4.1573e+01, 1.9925e+00, 
 2DIAGNOSTIC,    14, -4.671466040458e-01, 2.240082890723e-06, 4.3436e+01, 1.8636e+00, 
 2DIAGNOSTIC,    15, -4.671466040458e-01, 2.118935895162e-06, 4.4962e+01, 1.5261e+00, 
 2DIAGNOSTIC,    16, -4.671466040458e-01, 1.991734378232e-06, 4.6482e+01, 1.5200e+00, 
 2DIAGNOSTIC,    17, -4.671466040458e-01, 1.871210869267e-06, 4.8289e+01, 1.8064e+00, 
 2DIAGNOSTIC,    18, -4.671466040458e-01, 1.767252676949e-06, 4.9815e+01, 1.5266e+00, 
 2DIAGNOSTIC,    19, -4.671466040458e-01, 1.674237646146e-06, 5.1503e+01, 1.6882e+00, 
 2DIAGNOSTIC,    20, -4.671466040458e-01, 1.590524282932e-06, 5.3187e+01, 1.6836e+00, 
 2DIAGNOSTIC,    21, -4.671466040458e-01, 1.514783755305e-06, 5.4827e+01, 1.6402e+00, 
 2DIAGNOSTIC,    22, -4.671466040458e-01, 1.445928840896e-06, 5.6366e+01, 1.5390e+00, 
 2DIAGNOSTIC,    23, -4.671466040458e-01, 1.383061402467e-06, 5.8051e+01, 1.6843e+00, 
 2DIAGNOSTIC,    24, -4.671466040458e-01, 1.325432994484e-06, 5.9643e+01, 1.5928e+00, 
 2DIAGNOSTIC,    25, -4.671466040458e-01, 1.272414924418e-06, 6.1151e+01, 1.5075e+00, 
 2DIAGNOSTIC,    26, -4.671466040458e-01, 1.223475222897e-06, 6.2563e+01, 1.4125e+00, 
 2DIAGNOSTIC,    27, -4.671466040458e-01, 1.178160731960e-06, 6.4302e+01, 1.7384e+00, 
 2DIAGNOSTIC,    28, -4.671466040458e-01, 1.136083031268e-06, 6.6353e+01, 2.0509e+00, 
 2DIAGNOSTIC,    29, -4.671466040458e-01, 1.096907276406e-06, 6.7842e+01, 1.4896e+00, 
 2DIAGNOSTIC,    30, -4.671466040458e-01, 1.060343269299e-06, 6.9522e+01, 1.6801e+00, 
 2DIAGNOSTIC,    31, -4.671466040458e-01, 1.026138257317e-06, 7.1068e+01, 1.5460e+00, 
  Elapsed time (stage 0): 7.2011e+01


Total elapsed time: 7.2014e+01
Info [verificarlo]: loaded backend libinterflop_ieee.so
Info [interflop-ieee]: load backend with:
Info [interflop-ieee]: debug = false
Info [interflop-ieee]: debug-binary = false
Info [interflop-ieee]: no-backend-name = false
Info [interflop-ieee]: print-new-line = false
Info [interflop-ieee]: print-subnormal-normalized = false
Info [interflop-ieee]: count-op = false
All_Command_lines_OK
Using double precision for computations.
=============================================================================
The composite transform comprises the following transforms (in order): 
  1. /home/mdugre/scratch/mri-registration-rp/datasets/ds004513/derivatives/mri-registration-rp/0001/antsRegistration-r8-p22/sub-s035/rigid_Composite.h5[0] (type = Euler3DTransform)
  2. /home/mdugre/scratch/mri-registration-rp/datasets/ds004513/derivatives/mri-registration-rp/0001/antsRegistration-r8-p22/sub-s035/rigid_Composite.h5[1] (type = Euler3DTransform)
  3. /home/mdugre/scratch/mri-registration-rp/datasets/ds004513/derivatives/mri-registration-rp/0001/antsRegistration-r8-p22/sub-s035/rigid_Composite.h5[2] (type = Euler3DTransform)
=============================================================================
  number of levels = 4
  fixed image: /templateflow/tpl-MNI152NLin2009cAsym/tpl-MNI152NLin2009cAsym_res-01_desc-brain_T1w.nii.gz
  moving image: /home/mdugre/scratch/mri-registration-rp/datasets/ds004513/derivatives/mri-registration-rp/antsBrainExtraction/sub-s035/BrainExtractionBrain.nii.gz
Dimension = 3
Number of stages = 1
Use histogram matching = false
Winsorize image intensities = true
  Lower quantile = 0.005
  Upper quantile = 0.995


Stage 1 State
   Image metric = MattesMI
     Fixed image = Image (0x4c317e0)
  RTTI typeinfo:   itk::Image<double, 3u>
  Reference Count: 2
  Modified Time: 1592
  Debug: Off
  Object Name: 
  Observers: 
    none
  Source: (none)
  Source output name: (none)
  Release Data: Off
  Data Released: False
  Global Release Data: Off
  PipelineMTime: 0
  UpdateMTime: 1203
  RealTimeStamp: 0 seconds 
  LargestPossibleRegion: 
    Dimension: 3
    Index: [0, 0, 0]
    Size: [193, 229, 193]
  BufferedRegion: 
    Dimension: 3
    Index: [0, 0, 0]
    Size: [193, 229, 193]
  RequestedRegion: 
    Dimension: 3
    Index: [0, 0, 0]
    Size: [193, 229, 193]
  Spacing: [1, 1, 1]
  Origin: [96, 132, -78]
  Direction: 
-1 0 0
0 -1 0
0 0 1

  IndexToPointMatrix: 
-1 0 0
0 -1 0
0 0 1

  PointToIndexMatrix: 
-1 0 0
0 -1 0
0 0 1

  Inverse Direction: 
-1 0 0
0 -1 0
0 0 1

  PixelContainer: 
    ImportImageContainer (0x4cf1a20)
      RTTI typeinfo:   itk::ImportImageContainer<unsigned long, double>
      Reference Count: 1
      Modified Time: 1200
      Debug: Off
      Object Name: 
      Observers: 
        none
      Pointer: 0x147891a1d010
      Container manages memory: true
      Size: 8530021
      Capacity: 8530021

     Moving image = Image (0x4cecd70)
  RTTI typeinfo:   itk::Image<double, 3u>
  Reference Count: 2
  Modified Time: 1593
  Debug: Off
  Object Name: 
  Observers: 
    none
  Source: (none)
  Source output name: (none)
  Release Data: Off
  Data Released: False
  Global Release Data: Off
  PipelineMTime: 0
  UpdateMTime: 1590
  RealTimeStamp: 0 seconds 
  LargestPossibleRegion: 
    Dimension: 3
    Index: [0, 0, 0]
    Size: [160, 240, 256]
  BufferedRegion: 
    Dimension: 3
    Index: [0, 0, 0]
    Size: [160, 240, 256]
  RequestedRegion: 
    Dimension: 3
    Index: [0, 0, 0]
    Size: [160, 240, 256]
  Spacing: [1, 1, 1]
  Origin: [98.6438, 87.6358, -117.989]
  Direction: 
-0.993515 -0.100993 -0.0522355
0.100854 -0.994887 0.00530255
-0.0525039 1.93537e-08 0.998621

  IndexToPointMatrix: 
-0.993515 -0.100993 -0.0522355
0.100854 -0.994887 0.00530255
-0.0525039 1.93537e-08 0.998621

  PointToIndexMatrix: 
-0.993515 0.100854 -0.0525039
-0.100993 -0.994887 1.93006e-08
-0.0522355 0.00530255 0.998621

  Inverse Direction: 
-0.993515 0.100854 -0.0525039
-0.100993 -0.994887 1.93006e-08
-0.0522355 0.00530255 0.998621

  PixelContainer: 
    ImportImageContainer (0x4ca4c90)
      RTTI typeinfo:   itk::ImportImageContainer<unsigned long, double>
      Reference Count: 1
      Modified Time: 1587
      Debug: Off
      Object Name: 
      Observers: 
        none
      Pointer: 0x14788cf1c010
      Container manages memory: true
      Size: 9830400
      Capacity: 9830400

     Weighting = 1
     Sampling strategy = regular
     Number of bins = 32
     Radius = 4
     Sampling percentage  = 0.25
   Transform = Affine
     Gradient step = 0.1
     Update field sigma (voxel space) = 0
     Total field sigma (voxel space) = 0
     Update field time sigma = 0
     Total field time sigma  = 0
     Number of time indices = 0
     Number of time point samples = 0
Registration using 1 total stages.

Stage 0
  iterations = 1000x500x250x100
  convergence threshold = 1e-06
  convergence window size = 10
  number of levels = 4
  using the Mattes MI metric (number of bins = 32, weight = 1, use gradient filter = 0)
  preprocessing:  winsorizing the image intensities
  Shrink factors (level 1 out of 4): [8, 8, 8]
  Shrink factors (level 2 out of 4): [4, 4, 4]
  Shrink factors (level 3 out of 4): [2, 2, 2]
  Shrink factors (level 4 out of 4): [1, 1, 1]
  smoothing sigmas per level: [3, 2, 1, 0]
  regular sampling (percentage = 0.25)

*** Running AffineTransform registration ***

DIAGNOSTIC,Iteration,metricValue,convergenceValue,ITERATION_TIME_INDEX,SINCE_LAST
 2DIAGNOSTIC,     1, -6.791513554348e-01, 1.797693134862e+308, 7.2877e-01, 7.2877e-01, 
 2DIAGNOSTIC,     2, -6.814396441290e-01, 1.797693134862e+308, 7.3344e-01, 4.6630e-03, 
 2DIAGNOSTIC,     3, -6.856705402058e-01, 1.797693134862e+308, 7.3835e-01, 4.9131e-03, 
 2DIAGNOSTIC,     4, -6.942884468359e-01, 1.797693134862e+308, 7.4295e-01, 4.6039e-03, 
 2DIAGNOSTIC,     5, -7.033862066277e-01, 1.797693134862e+308, 7.4751e-01, 4.5531e-03, 
 2DIAGNOSTIC,     6, -7.161408858362e-01, 1.797693134862e+308, 7.5227e-01, 4.7681e-03, 
 2DIAGNOSTIC,     7, -7.349613628928e-01, 1.797693134862e+308, 7.5864e-01, 6.3670e-03, 
 2DIAGNOSTIC,     8, -7.386610867513e-01, 1.797693134862e+308, 7.6322e-01, 4.5760e-03, 
 2DIAGNOSTIC,     9, -7.392553074146e-01, 1.797693134862e+308, 7.6832e-01, 5.0988e-03, 
 2DIAGNOSTIC,    10, -7.410001958458e-01, 6.821148948938e-03, 7.7420e-01, 5.8870e-03, 
 2DIAGNOSTIC,    11, -7.404926068709e-01, 5.739584652602e-03, 7.7952e-01, 5.3132e-03, 
 2DIAGNOSTIC,    12, -7.406694579306e-01, 4.406309402160e-03, 7.8537e-01, 5.8510e-03, 
 2DIAGNOSTIC,    13, -7.404604346325e-01, 3.009084235875e-03, 7.9112e-01, 5.7552e-03, 
 2DIAGNOSTIC,    14, -7.405871657162e-01, 1.796145165732e-03, 7.9696e-01, 5.8401e-03, 
 2DIAGNOSTIC,    15, -7.405375412948e-01, 8.206629994713e-04, 8.0271e-01, 5.7449e-03, 
 2DIAGNOSTIC,    16, -7.404531596859e-01, 1.949263276349e-04, 8.0792e-01, 5.2090e-03, 
 2DIAGNOSTIC,    17, -7.403782825570e-01, 5.849581291251e-05, 8.1315e-01, 5.2290e-03, 
 2DIAGNOSTIC,    18, -7.402921504411e-01, 1.107751068690e-05, 8.1834e-01, 5.1939e-03, 
DIAGNOSTIC,Iteration,metricValue,convergenceValue,ITERATION_TIME_INDEX,SINCE_LAST
 2DIAGNOSTIC,     1, -6.097579109716e-01, 1.797693134862e+308, 1.5586e+00, 7.4030e-01, 
 2DIAGNOSTIC,     2, -6.100016487829e-01, 1.797693134862e+308, 1.5938e+00, 3.5154e-02, 
 2DIAGNOSTIC,     3, -6.103471475618e-01, 1.797693134862e+308, 1.6282e+00, 3.4436e-02, 
 2DIAGNOSTIC,     4, -6.106731217430e-01, 1.797693134862e+308, 1.6664e+00, 3.8158e-02, 
 2DIAGNOSTIC,     5, -6.106355294158e-01, 1.797693134862e+308, 1.7006e+00, 3.4253e-02, 
 2DIAGNOSTIC,     6, -6.108657296174e-01, 1.797693134862e+308, 1.7391e+00, 3.8475e-02, 
 2DIAGNOSTIC,     7, -6.110961690304e-01, 1.797693134862e+308, 1.7775e+00, 3.8333e-02, 
 2DIAGNOSTIC,     8, -6.111123381210e-01, 1.797693134862e+308, 1.8176e+00, 4.0155e-02, 
 2DIAGNOSTIC,     9, -6.111607261055e-01, 1.797693134862e+308, 1.8540e+00, 3.6430e-02, 
 2DIAGNOSTIC,    10, -6.111823054697e-01, 1.525626106553e-04, 1.8937e+00, 3.9680e-02, 
 2DIAGNOSTIC,    11, -6.112653148061e-01, 1.127274906915e-04, 1.9528e+00, 5.9084e-02, 
 2DIAGNOSTIC,    12, -6.112724698170e-01, 7.892459978552e-05, 1.9930e+00, 4.0199e-02, 
 2DIAGNOSTIC,    13, -6.112688481392e-01, 5.545352943626e-05, 2.0342e+00, 4.1189e-02, 
 2DIAGNOSTIC,    14, -6.112516320629e-01, 4.105733866917e-05, 2.0745e+00, 4.0275e-02, 
 2DIAGNOSTIC,    15, -6.112384038497e-01, 2.334550093888e-05, 2.1099e+00, 3.5456e-02, 
 2DIAGNOSTIC,    16, -6.112484430487e-01, 1.268400977647e-05, 2.1569e+00, 4.6941e-02, 
 2DIAGNOSTIC,    17, -6.112645311305e-01, 9.020868728574e-06, 2.1994e+00, 4.2546e-02, 
 2DIAGNOSTIC,    18, -6.112313759300e-01, 4.659703660224e-06, 2.2396e+00, 4.0168e-02, 
 2DIAGNOSTIC,    19, -6.112331889561e-01, 1.771815226391e-06, 2.2952e+00, 5.5577e-02, 
DIAGNOSTIC,Iteration,metricValue,convergenceValue,ITERATION_TIME_INDEX,SINCE_LAST
 2DIAGNOSTIC,     1, -5.344383042146e-01, 1.797693134862e+308, 3.3839e+00, 1.0888e+00, 
 2DIAGNOSTIC,     2, -5.347597470093e-01, 1.797693134862e+308, 3.6462e+00, 2.6223e-01, 
 2DIAGNOSTIC,     3, -5.351324410907e-01, 1.797693134862e+308, 3.9235e+00, 2.7727e-01, 
 2DIAGNOSTIC,     4, -5.352938687370e-01, 1.797693134862e+308, 4.2754e+00, 3.5196e-01, 
 2DIAGNOSTIC,     5, -5.352894544791e-01, 1.797693134862e+308, 4.5852e+00, 3.0982e-01, 
 2DIAGNOSTIC,     6, -5.352843269905e-01, 1.797693134862e+308, 4.9398e+00, 3.5460e-01, 
 2DIAGNOSTIC,     7, -5.352811393259e-01, 1.797693134862e+308, 5.4071e+00, 4.6725e-01, 
 2DIAGNOSTIC,     8, -5.352820817061e-01, 1.797693134862e+308, 5.7661e+00, 3.5901e-01, 
 2DIAGNOSTIC,     9, -5.352802590634e-01, 1.797693134862e+308, 6.0760e+00, 3.0995e-01, 
 2DIAGNOSTIC,    10, -5.352801188197e-01, 7.725963434087e-05, 6.4139e+00, 3.3791e-01, 
 2DIAGNOSTIC,    11, -5.352791430366e-01, 3.354453379982e-05, 6.7725e+00, 3.5859e-01, 
 2DIAGNOSTIC,    12, -5.352777033165e-01, 8.143697936433e-06, 7.0828e+00, 3.1024e-01, 
 2DIAGNOSTIC,    13, -5.352776422734e-01, 1.184741394281e-06, 7.3862e+00, 3.0337e-01, 
 2DIAGNOSTIC,    14, -5.352792193243e-01, 1.518397388184e-06, 7.8084e+00, 4.2227e-01, 
 2DIAGNOSTIC,    15, -5.352796064216e-01, 1.736225527738e-06, 8.1604e+00, 3.5203e-01, 
 2DIAGNOSTIC,    16, -5.352789979602e-01, 1.775129290449e-06, 8.4836e+00, 3.2319e-01, 
 2DIAGNOSTIC,    17, -5.352776618556e-01, 1.688554110854e-06, 8.7948e+00, 3.1115e-01, 
 2DIAGNOSTIC,    18, -5.352787710213e-01, 1.691156050060e-06, 9.0733e+00, 2.7846e-01, 
 2DIAGNOSTIC,    19, -5.352780946772e-01, 1.627449758138e-06, 9.4155e+00, 3.4223e-01, 
 2DIAGNOSTIC,    20, -5.352786632840e-01, 1.586130845339e-06, 9.7546e+00, 3.3910e-01, 
 2DIAGNOSTIC,    21, -5.352786743371e-01, 1.526645282246e-06, 1.0115e+01, 3.6010e-01, 
 2DIAGNOSTIC,    22, -5.352781127481e-01, 1.424214294422e-06, 1.0451e+01, 3.3628e-01, 
 2DIAGNOSTIC,    23, -5.352773799077e-01, 1.313574547752e-06, 1.0729e+01, 2.7824e-01, 
 2DIAGNOSTIC,    24, -5.352785170678e-01, 1.278276097146e-06, 1.1090e+01, 3.6109e-01, 
