
##########################
# Experiment information #
##########################

EXPERIMENT_NAME: antsRegistration-r8-p18
VFC_BACKENDS: libinterflop_vprec.so --range-binary32=8 --precision-binary32=18 --range-binary64=8 --precision-binary64=18

SIF_IMG: /home/mdugre/projects/rrg-glatard/mdugre/containers/ants-vprec-no_metrics.simg

SUBJECT_ID: s032
INPUT_IMG: /home/mdugre/scratch/mri-registration-rp/datasets/ds004513/derivatives/mri-registration-rp/antsBrainExtraction/sub-s032/BrainExtractionBrain.nii.gz
OUTPUT_DIR: /home/mdugre/scratch/mri-registration-rp/datasets/ds004513/derivatives/mri-registration-rp/0001/antsRegistration-r8-p18/sub-s032

FIXED_IMG: /templateflow/tpl-MNI152NLin2009cAsym/tpl-MNI152NLin2009cAsym_res-01_desc-brain_T1w.nii.gz
DATA_DIR: /home/mdugre/scratch/mri-registration-rp/datasets/ds004513
TEMPLATEFLOW_DIR: /home/mdugre/projects/rrg-glatard/mdugre/templateflow
ITK_GLOBAL_DEFAULT_NUMBER_OF_THREADS: 16
##########################

Info [verificarlo]: loaded backend libinterflop_ieee.so
Info [interflop-ieee]: load backend with:
Info [interflop-ieee]: debug = false
Info [interflop-ieee]: debug-binary = false
Info [interflop-ieee]: no-backend-name = false
Info [interflop-ieee]: print-new-line = false
Info [interflop-ieee]: print-subnormal-normalized = false
Info [interflop-ieee]: count-op = false
All_Command_lines_OK
Using double precision for computations.
=============================================================================
The composite transform comprises the following transforms (in order): 
  1. Center of mass alignment using fixed image: /templateflow/tpl-MNI152NLin2009cAsym/tpl-MNI152NLin2009cAsym_res-01_desc-brain_T1w.nii.gz and moving image: /home/mdugre/scratch/mri-registration-rp/datasets/ds004513/derivatives/mri-registration-rp/antsBrainExtraction/sub-s032/BrainExtractionBrain.nii.gz (type = Euler3DTransform)
=============================================================================
  number of levels = 1
  fixed image: /templateflow/tpl-MNI152NLin2009cAsym/tpl-MNI152NLin2009cAsym_res-01_desc-brain_T1w.nii.gz
  moving image: /home/mdugre/scratch/mri-registration-rp/datasets/ds004513/derivatives/mri-registration-rp/antsBrainExtraction/sub-s032/BrainExtractionBrain.nii.gz
Dimension = 3
Number of stages = 1
Use histogram matching = false
Winsorize image intensities = true
  Lower quantile = 0.005
  Upper quantile = 0.995


Stage 1 State
   Image metric = MattesMI
     Fixed image = Image (0x39f2e70)
  RTTI typeinfo:   itk::Image<double, 3u>
  Reference Count: 2
  Modified Time: 2330
  Debug: Off
  Object Name: 
  Observers: 
    none
  Source: (none)
  Source output name: (none)
  Release Data: Off
  Data Released: False
  Global Release Data: Off
  PipelineMTime: 0
  UpdateMTime: 1941
  RealTimeStamp: 0 seconds 
  LargestPossibleRegion: 
    Dimension: 3
    Index: [0, 0, 0]
    Size: [193, 229, 193]
  BufferedRegion: 
    Dimension: 3
    Index: [0, 0, 0]
    Size: [193, 229, 193]
  RequestedRegion: 
    Dimension: 3
    Index: [0, 0, 0]
    Size: [193, 229, 193]
  Spacing: [1, 1, 1]
  Origin: [96, 132, -78]
  Direction: 
-1 0 0
0 -1 0
0 0 1

  IndexToPointMatrix: 
-1 0 0
0 -1 0
0 0 1

  PointToIndexMatrix: 
-1 0 0
0 -1 0
0 0 1

  Inverse Direction: 
-1 0 0
0 -1 0
0 0 1

  PixelContainer: 
    ImportImageContainer (0x39fbc60)
      RTTI typeinfo:   itk::ImportImageContainer<unsigned long, double>
      Reference Count: 1
      Modified Time: 1938
      Debug: Off
      Object Name: 
      Observers: 
        none
      Pointer: 0x15379e319010
      Container manages memory: true
      Size: 8530021
      Capacity: 8530021

     Moving image = Image (0x3a8fec0)
  RTTI typeinfo:   itk::Image<double, 3u>
  Reference Count: 2
  Modified Time: 2331
  Debug: Off
  Object Name: 
  Observers: 
    none
  Source: (none)
  Source output name: (none)
  Release Data: Off
  Data Released: False
  Global Release Data: Off
  PipelineMTime: 0
  UpdateMTime: 2328
  RealTimeStamp: 0 seconds 
  LargestPossibleRegion: 
    Dimension: 3
    Index: [0, 0, 0]
    Size: [160, 240, 256]
  BufferedRegion: 
    Dimension: 3
    Index: [0, 0, 0]
    Size: [160, 240, 256]
  RequestedRegion: 
    Dimension: 3
    Index: [0, 0, 0]
    Size: [160, 240, 256]
  Spacing: [1, 1, 1]
  Origin: [73.279, 104.707, -131.187]
  Direction: 
-0.997527 0.0645574 -0.0278053
-0.0645323 -0.997914 -0.00179875
-0.0278634 4.01097e-08 0.999612

  IndexToPointMatrix: 
-0.997527 0.0645574 -0.0278053
-0.0645323 -0.997914 -0.00179875
-0.0278634 4.01097e-08 0.999612

  PointToIndexMatrix: 
-0.997527 -0.0645323 -0.0278634
0.0645574 -0.997914 4.01049e-08
-0.0278053 -0.00179875 0.999612

  Inverse Direction: 
-0.997527 -0.0645323 -0.0278634
0.0645574 -0.997914 4.01049e-08
-0.0278053 -0.00179875 0.999612

  PixelContainer: 
    ImportImageContainer (0x3b27610)
      RTTI typeinfo:   itk::ImportImageContainer<unsigned long, double>
      Reference Count: 1
      Modified Time: 2325
      Debug: Off
      Object Name: 
      Observers: 
        none
      Pointer: 0x153799818010
      Container manages memory: true
      Size: 9830400
      Capacity: 9830400

     Weighting = 1
     Sampling strategy = regular
     Number of bins = 32
     Radius = 4
     Sampling percentage  = 0.25
   Transform = Rigid
     Gradient step = 0.1
     Update field sigma (voxel space) = 0
     Total field sigma (voxel space) = 0
     Update field time sigma = 0
     Total field time sigma  = 0
     Number of time indices = 0
     Number of time point samples = 0
Registration using 1 total stages.

Stage 0
  iterations = 0
  convergence threshold = 1e-06
  convergence window size = 10
  number of levels = 1
  using the Mattes MI metric (number of bins = 32, weight = 1, use gradient filter = 0)
  preprocessing:  winsorizing the image intensities
  Shrink factors (level 1 out of 1): [1, 1, 1]
  smoothing sigmas per level: [0]
  regular sampling (percentage = 0.25)

*** Running Euler3DTransform registration ***

  Elapsed time (stage 0): 1.09481


Total elapsed time: 1.0969
Info [verificarlo]: loaded backend libinterflop_ieee.so
Info [interflop-ieee]: load backend with:
Info [interflop-ieee]: debug = false
Info [interflop-ieee]: debug-binary = false
Info [interflop-ieee]: no-backend-name = false
Info [interflop-ieee]: print-new-line = false
Info [interflop-ieee]: print-subnormal-normalized = false
Info [interflop-ieee]: count-op = false
All_Command_lines_OK
Using double precision for computations.
=============================================================================
The composite transform comprises the following transforms (in order): 
  1. /home/mdugre/scratch/mri-registration-rp/datasets/ds004513/derivatives/mri-registration-rp/0001/antsRegistration-r8-p18/sub-s032/align_Composite.h5[0] (type = Euler3DTransform)
  2. /home/mdugre/scratch/mri-registration-rp/datasets/ds004513/derivatives/mri-registration-rp/0001/antsRegistration-r8-p18/sub-s032/align_Composite.h5[1] (type = Euler3DTransform)
=============================================================================
  number of levels = 4
  fixed image: /templateflow/tpl-MNI152NLin2009cAsym/tpl-MNI152NLin2009cAsym_res-01_desc-brain_T1w.nii.gz
  moving image: /home/mdugre/scratch/mri-registration-rp/datasets/ds004513/derivatives/mri-registration-rp/antsBrainExtraction/sub-s032/BrainExtractionBrain.nii.gz
Dimension = 3
Number of stages = 1
Use histogram matching = false
Winsorize image intensities = true
  Lower quantile = 0.005
  Upper quantile = 0.995


Stage 1 State
   Image metric = MattesMI
     Fixed image = Image (0x416b530)
  RTTI typeinfo:   itk::Image<double, 3u>
  Reference Count: 2
  Modified Time: 1578
  Debug: Off
  Object Name: 
  Observers: 
    none
  Source: (none)
  Source output name: (none)
  Release Data: Off
  Data Released: False
  Global Release Data: Off
  PipelineMTime: 0
  UpdateMTime: 1189
  RealTimeStamp: 0 seconds 
  LargestPossibleRegion: 
    Dimension: 3
    Index: [0, 0, 0]
    Size: [193, 229, 193]
  BufferedRegion: 
    Dimension: 3
    Index: [0, 0, 0]
    Size: [193, 229, 193]
  RequestedRegion: 
    Dimension: 3
    Index: [0, 0, 0]
    Size: [193, 229, 193]
  Spacing: [1, 1, 1]
  Origin: [96, 132, -78]
  Direction: 
-1 0 0
0 -1 0
0 0 1

  IndexToPointMatrix: 
-1 0 0
0 -1 0
0 0 1

  PointToIndexMatrix: 
-1 0 0
0 -1 0
0 0 1

  Inverse Direction: 
-1 0 0
0 -1 0
0 0 1

  PixelContainer: 
    ImportImageContainer (0x4229d60)
      RTTI typeinfo:   itk::ImportImageContainer<unsigned long, double>
      Reference Count: 1
      Modified Time: 1186
      Debug: Off
      Object Name: 
      Observers: 
        none
      Pointer: 0x153168503010
      Container manages memory: true
      Size: 8530021
      Capacity: 8530021

     Moving image = Image (0x421bf60)
  RTTI typeinfo:   itk::Image<double, 3u>
  Reference Count: 2
  Modified Time: 1579
  Debug: Off
  Object Name: 
  Observers: 
    none
  Source: (none)
  Source output name: (none)
  Release Data: Off
  Data Released: False
  Global Release Data: Off
  PipelineMTime: 0
  UpdateMTime: 1576
  RealTimeStamp: 0 seconds 
  LargestPossibleRegion: 
    Dimension: 3
    Index: [0, 0, 0]
    Size: [160, 240, 256]
  BufferedRegion: 
    Dimension: 3
    Index: [0, 0, 0]
    Size: [160, 240, 256]
  RequestedRegion: 
    Dimension: 3
    Index: [0, 0, 0]
    Size: [160, 240, 256]
  Spacing: [1, 1, 1]
  Origin: [73.279, 104.707, -131.187]
  Direction: 
-0.997527 0.0645574 -0.0278053
-0.0645323 -0.997914 -0.00179875
-0.0278634 4.01097e-08 0.999612

  IndexToPointMatrix: 
-0.997527 0.0645574 -0.0278053
-0.0645323 -0.997914 -0.00179875
-0.0278634 4.01097e-08 0.999612

  PointToIndexMatrix: 
-0.997527 -0.0645323 -0.0278634
0.0645574 -0.997914 4.01049e-08
-0.0278053 -0.00179875 0.999612

  Inverse Direction: 
-0.997527 -0.0645323 -0.0278634
0.0645574 -0.997914 4.01049e-08
-0.0278053 -0.00179875 0.999612

  PixelContainer: 
    ImportImageContainer (0x420d6d0)
      RTTI typeinfo:   itk::ImportImageContainer<unsigned long, double>
      Reference Count: 1
      Modified Time: 1573
      Debug: Off
      Object Name: 
      Observers: 
        none
      Pointer: 0x153163a02010
      Container manages memory: true
      Size: 9830400
      Capacity: 9830400

     Weighting = 1
     Sampling strategy = regular
     Number of bins = 32
     Radius = 4
     Sampling percentage  = 0.25
   Transform = Rigid
     Gradient step = 0.1
     Update field sigma (voxel space) = 0
     Total field sigma (voxel space) = 0
     Update field time sigma = 0
     Total field time sigma  = 0
     Number of time indices = 0
     Number of time point samples = 0
Registration using 1 total stages.

Stage 0
  iterations = 1000x500x250x100
  convergence threshold = 1e-06
  convergence window size = 10
  number of levels = 4
  using the Mattes MI metric (number of bins = 32, weight = 1, use gradient filter = 0)
  preprocessing:  winsorizing the image intensities
  Shrink factors (level 1 out of 4): [8, 8, 8]
  Shrink factors (level 2 out of 4): [4, 4, 4]
  Shrink factors (level 3 out of 4): [2, 2, 2]
  Shrink factors (level 4 out of 4): [1, 1, 1]
  smoothing sigmas per level: [3, 2, 1, 0]
  regular sampling (percentage = 0.25)

*** Running Euler3DTransform registration ***

DIAGNOSTIC,Iteration,metricValue,convergenceValue,ITERATION_TIME_INDEX,SINCE_LAST
 2DIAGNOSTIC,     1, -5.480496989617e-01, 1.797693134862e+308, 7.4741e-01, 7.4741e-01, 
 2DIAGNOSTIC,     2, -5.506811078454e-01, 1.797693134862e+308, 7.5119e-01, 3.7842e-03, 
 2DIAGNOSTIC,     3, -5.546514955662e-01, 1.797693134862e+308, 7.5478e-01, 3.5870e-03, 
 2DIAGNOSTIC,     4, -5.606863537750e-01, 1.797693134862e+308, 7.5914e-01, 4.3600e-03, 
 2DIAGNOSTIC,     5, -5.693661845193e-01, 1.797693134862e+308, 7.6313e-01, 3.9930e-03, 
 2DIAGNOSTIC,     6, -5.854078830086e-01, 1.797693134862e+308, 7.6724e-01, 4.1049e-03, 
 2DIAGNOSTIC,     7, -6.232769732918e-01, 1.797693134862e+308, 7.7082e-01, 3.5830e-03, 
 2DIAGNOSTIC,     8, -6.297683730473e-01, 1.797693134862e+308, 7.7490e-01, 4.0829e-03, 
 2DIAGNOSTIC,     9, -6.366738733405e-01, 1.797693134862e+308, 7.8143e-01, 6.5310e-03, 
 2DIAGNOSTIC,    10, -6.375630690827e-01, 1.201760866083e-02, 7.8573e-01, 4.2989e-03, 
 2DIAGNOSTIC,    11, -6.405337628679e-01, 1.087684809450e-02, 7.8970e-01, 3.9690e-03, 
 2DIAGNOSTIC,    12, -6.435528997438e-01, 9.167753354490e-03, 7.9390e-01, 4.2019e-03, 
 2DIAGNOSTIC,    13, -6.444720921444e-01, 7.089498731847e-03, 7.9797e-01, 4.0669e-03, 
 2DIAGNOSTIC,    14, -6.463616611293e-01, 4.967892496988e-03, 8.0250e-01, 4.5290e-03, 
 2DIAGNOSTIC,    15, -6.484646963404e-01, 3.033020789043e-03, 8.0896e-01, 6.4619e-03, 
 2DIAGNOSTIC,    16, -6.486009987994e-01, 1.520386367320e-03, 8.1270e-01, 3.7379e-03, 
 2DIAGNOSTIC,    17, -6.493699344760e-01, 1.108203205204e-03, 8.1631e-01, 3.6099e-03, 
 2DIAGNOSTIC,    18, -6.514578195065e-01, 8.586162135985e-04, 8.1993e-01, 3.6218e-03, 
 2DIAGNOSTIC,    19, -6.526592717406e-01, 7.533650369804e-04, 8.2396e-01, 4.0290e-03, 
 2DIAGNOSTIC,    20, -6.536191777189e-01, 6.303067369293e-04, 8.2808e-01, 4.1189e-03, 
 2DIAGNOSTIC,    21, -6.549162298979e-01, 5.534292205380e-04, 8.3261e-01, 4.5331e-03, 
 2DIAGNOSTIC,    22, -6.562385790832e-01, 5.226986103233e-04, 8.3762e-01, 5.0070e-03, 
 2DIAGNOSTIC,    23, -6.565000058113e-01, 4.680180012235e-04, 8.4305e-01, 5.4369e-03, 
 2DIAGNOSTIC,    24, -6.565387353854e-01, 4.101063704204e-04, 8.4769e-01, 4.6380e-03, 
 2DIAGNOSTIC,    25, -6.567702146893e-01, 3.618032093024e-04, 8.5217e-01, 4.4761e-03, 
 2DIAGNOSTIC,    26, -6.583507212369e-01, 3.132611037336e-04, 8.5654e-01, 4.3688e-03, 
 2DIAGNOSTIC,    27, -6.586527568469e-01, 2.554116018351e-04, 8.6044e-01, 3.9060e-03, 
 2DIAGNOSTIC,    28, -6.593310437738e-01, 2.225767143844e-04, 8.6610e-01, 5.6551e-03, 
 2DIAGNOSTIC,    29, -6.595734041655e-01, 1.939316665341e-04, 8.7173e-01, 5.6350e-03, 
 2DIAGNOSTIC,    30, -6.595955819569e-01, 1.634946778531e-04, 8.7611e-01, 4.3731e-03, 
 2DIAGNOSTIC,    31, -6.596949967569e-01, 1.392755860930e-04, 8.7996e-01, 3.8550e-03, 
 2DIAGNOSTIC,    32, -6.597157295314e-01, 1.221677497614e-04, 8.8428e-01, 4.3221e-03, 
 2DIAGNOSTIC,    33, -6.597001423847e-01, 9.820426863152e-05, 8.9050e-01, 6.2160e-03, 
 2DIAGNOSTIC,    34, -6.595254449705e-01, 6.486903007510e-05, 8.9437e-01, 3.8738e-03, 
 2DIAGNOSTIC,    35, -6.595295822812e-01, 3.010817890762e-05, 8.9821e-01, 3.8409e-03, 
 2DIAGNOSTIC,    36, -6.595351297938e-01, 1.424396566741e-05, 9.0203e-01, 3.8202e-03, 
 2DIAGNOSTIC,    37, -6.595409535782e-01, 1.474135176743e-06, 9.0588e-01, 3.8459e-03, 
DIAGNOSTIC,Iteration,metricValue,convergenceValue,ITERATION_TIME_INDEX,SINCE_LAST
 2DIAGNOSTIC,     1, -5.183739626505e-01, 1.797693134862e+308, 1.5765e+00, 6.7062e-01, 
 2DIAGNOSTIC,     2, -5.189226238261e-01, 1.797693134862e+308, 1.6027e+00, 2.6158e-02, 
 2DIAGNOSTIC,     3, -5.196899327324e-01, 1.797693134862e+308, 1.6288e+00, 2.6110e-02, 
 2DIAGNOSTIC,     4, -5.204463662976e-01, 1.797693134862e+308, 1.6549e+00, 2.6177e-02, 
 2DIAGNOSTIC,     5, -5.209979485269e-01, 1.797693134862e+308, 1.6810e+00, 2.6035e-02, 
 2DIAGNOSTIC,     6, -5.216357744153e-01, 1.797693134862e+308, 1.7073e+00, 2.6351e-02, 
 2DIAGNOSTIC,     7, -5.233753714898e-01, 1.797693134862e+308, 1.7337e+00, 2.6415e-02, 
 2DIAGNOSTIC,     8, -5.241119131359e-01, 1.797693134862e+308, 1.7674e+00, 3.3694e-02, 
 2DIAGNOSTIC,     9, -5.247293428690e-01, 1.797693134862e+308, 1.8003e+00, 3.2808e-02, 
 2DIAGNOSTIC,    10, -5.250028240633e-01, 8.899807880730e-04, 1.8269e+00, 2.6688e-02, 
 2DIAGNOSTIC,    11, -5.255570910356e-01, 7.959217706218e-04, 1.8571e+00, 3.0195e-02, 
 2DIAGNOSTIC,    12, -5.289098581495e-01, 8.211614556636e-04, 1.8872e+00, 3.0076e-02, 
 2DIAGNOSTIC,    13, -5.295596041939e-01, 8.231569093492e-04, 1.9138e+00, 2.6631e-02, 
 2DIAGNOSTIC,    14, -5.295253594182e-01, 7.798186920453e-04, 1.9404e+00, 2.6532e-02, 
 2DIAGNOSTIC,    15, -5.301734614322e-01, 7.172060764248e-04, 1.9668e+00, 2.6417e-02, 
 2DIAGNOSTIC,    16, -5.312974349986e-01, 6.544533824412e-04, 1.9934e+00, 2.6653e-02, 
 2DIAGNOSTIC,    17, -5.330531352621e-01, 6.473152680073e-04, 2.0409e+00, 4.7492e-02, 
 2DIAGNOSTIC,    18, -5.331722573144e-01, 6.054612098502e-04, 2.0672e+00, 2.6272e-02, 
 2DIAGNOSTIC,    19, -5.334117817527e-01, 5.389648225782e-04, 2.0935e+00, 2.6295e-02, 
 2DIAGNOSTIC,    20, -5.338314871139e-01, 4.491870476908e-04, 2.1200e+00, 2.6490e-02, 
 2DIAGNOSTIC,    21, -5.362087015581e-01, 3.984665278148e-04, 2.1575e+00, 3.7540e-02, 
 2DIAGNOSTIC,    22, -5.365937383636e-01, 4.044910044635e-04, 2.1842e+00, 2.6712e-02, 
 2DIAGNOSTIC,    23, -5.369796591496e-01, 3.975322613801e-04, 2.2110e+00, 2.6729e-02, 
 2DIAGNOSTIC,    24, -5.377755239931e-01, 3.722334895744e-04, 2.2381e+00, 2.7103e-02, 
 2DIAGNOSTIC,    25, -5.385268913723e-01, 3.434641725935e-04, 2.2728e+00, 3.4702e-02, 
 2DIAGNOSTIC,    26, -5.386747034379e-01, 3.091356362856e-04, 2.3039e+00, 3.1110e-02, 
 2DIAGNOSTIC,    27, -5.388779349235e-01, 2.875165865519e-04, 2.3351e+00, 3.1229e-02, 
 2DIAGNOSTIC,    28, -5.421287644149e-01, 3.056578049499e-04, 2.3699e+00, 3.4775e-02, 
 2DIAGNOSTIC,    29, -5.476248072651e-01, 3.981383965451e-04, 2.4121e+00, 4.2248e-02, 
 2DIAGNOSTIC,    30, -5.529583580358e-01, 5.458815372892e-04, 2.4423e+00, 3.0167e-02, 
 2DIAGNOSTIC,    31, -5.609892950109e-01, 8.106864088866e-04, 2.4764e+00, 3.4082e-02, 
 2DIAGNOSTIC,    32, -5.640458869650e-01, 1.037294606091e-03, 2.5103e+00, 3.3894e-02, 
 2DIAGNOSTIC,    33, -5.652200254839e-01, 1.176500203044e-03, 2.5439e+00, 3.3586e-02, 
 2DIAGNOSTIC,    34, -5.654062804934e-01, 1.210866580152e-03, 2.5738e+00, 2.9928e-02, 
 2DIAGNOSTIC,    35, -5.654638207115e-01, 1.140169852097e-03, 2.6064e+00, 3.2644e-02, 
 2DIAGNOSTIC,    36, -5.656039421952e-01, 9.693131798512e-04, 2.6350e+00, 2.8580e-02, 
 2DIAGNOSTIC,    37, -5.658313890728e-01, 7.219179202106e-04, 2.6636e+00, 2.8621e-02, 
 2DIAGNOSTIC,    38, -5.668178813822e-01, 4.785273605812e-04, 2.7179e+00, 5.4302e-02, 
 2DIAGNOSTIC,    39, -5.668572020562e-01, 2.771484078749e-04, 2.7606e+00, 4.2675e-02, 
 2DIAGNOSTIC,    40, -5.668629254174e-01, 1.281985393123e-04, 2.7965e+00, 3.5909e-02, 
 2DIAGNOSTIC,    41, -5.668569466082e-01, 7.695454450405e-05, 2.8290e+00, 3.2450e-02, 
 2DIAGNOSTIC,    42, -5.668506720150e-01, 5.869336830073e-05, 2.8585e+00, 2.9553e-02, 
 2DIAGNOSTIC,    43, -5.668455788205e-01, 4.982256829327e-05, 2.8927e+00, 3.4162e-02, 
 2DIAGNOSTIC,    44, -5.668484774540e-01, 3.893553482825e-05, 2.9223e+00, 2.9624e-02, 
 2DIAGNOSTIC,    45, -5.668450446939e-01, 2.570280189096e-05, 2.9563e+00, 3.3956e-02, 
 2DIAGNOSTIC,    46, -5.668502291904e-01, 1.240690929455e-05, 2.9903e+00, 3.4028e-02, 
DIAGNOSTIC,Iteration,metricValue,convergenceValue,ITERATION_TIME_INDEX,SINCE_LAST
 2DIAGNOSTIC,     1, -5.016835567418e-01, 1.797693134862e+308, 4.0541e+00, 1.0638e+00, 
 2DIAGNOSTIC,     2, -5.019551816062e-01, 1.797693134862e+308, 4.2740e+00, 2.1994e-01, 
 2DIAGNOSTIC,     3, -5.021900109719e-01, 1.797693134862e+308, 4.5092e+00, 2.3520e-01, 
 2DIAGNOSTIC,     4, -5.023404215301e-01, 1.797693134862e+308, 4.7725e+00, 2.6327e-01, 
 2DIAGNOSTIC,     5, -5.023587346224e-01, 1.797693134862e+308, 5.1066e+00, 3.3418e-01, 
 2DIAGNOSTIC,     6, -5.023658540801e-01, 1.797693134862e+308, 5.5407e+00, 4.3404e-01, 
 2DIAGNOSTIC,     7, -5.023652615015e-01, 1.797693134862e+308, 5.8357e+00, 2.9500e-01, 
 2DIAGNOSTIC,     8, -5.023645455405e-01, 1.797693134862e+308, 6.0809e+00, 2.4521e-01, 
 2DIAGNOSTIC,     9, -5.023629692067e-01, 1.797693134862e+308, 6.3069e+00, 2.2602e-01, 
 2DIAGNOSTIC,    10, -5.023622444500e-01, 6.940456444374e-05, 6.5299e+00, 2.2297e-01, 
 2DIAGNOSTIC,    11, -5.023624082657e-01, 3.253024866777e-05, 6.8079e+00, 2.7797e-01, 
 2DIAGNOSTIC,    12, -5.023624965697e-01, 1.173788076246e-05, 7.0281e+00, 2.2020e-01, 
 2DIAGNOSTIC,    13, -5.023610005993e-01, 3.308227232560e-06, 7.2733e+00, 2.4520e-01, 
 2DIAGNOSTIC,    14, -5.023603894902e-01, 2.044445178304e-06, 7.5469e+00, 2.7367e-01, 
 2DIAGNOSTIC,    15, -5.023604858361e-01, 1.656759905003e-06, 7.7695e+00, 2.2253e-01, 
 2DIAGNOSTIC,    16, -5.023590014942e-01, 1.557556641524e-06, 8.0238e+00, 2.5435e-01, 
 2DIAGNOSTIC,    17, -5.023600084589e-01, 1.524378049886e-06, 8.2732e+00, 2.4939e-01, 
 2DIAGNOSTIC,    18, -5.023586231323e-01, 1.461564529313e-06, 8.5016e+00, 2.2838e-01, 
 2DIAGNOSTIC,    19, -5.023590576428e-01, 1.401710374785e-06, 8.7149e+00, 2.1332e-01, 
 2DIAGNOSTIC,    20, -5.023597674574e-01, 1.371785114938e-06, 8.9690e+00, 2.5411e-01, 
 2DIAGNOSTIC,    21, -5.023589052509e-01, 1.345012068249e-06, 9.2423e+00, 2.7327e-01, 
 2DIAGNOSTIC,    22, -5.023575558430e-01, 1.305937786328e-06, 9.4734e+00, 2.3114e-01, 
 2DIAGNOSTIC,    23, -5.023569171306e-01, 1.232142482099e-06, 9.6993e+00, 2.2588e-01, 
 2DIAGNOSTIC,    24, -5.023562542545e-01, 1.148125234093e-06, 9.8984e+00, 1.9912e-01, 
 2DIAGNOSTIC,    25, -5.023573529677e-01, 1.114785488164e-06, 1.0146e+01, 2.4782e-01, 
 2DIAGNOSTIC,    26, -5.023575271310e-01, 1.068780920661e-06, 1.0389e+01, 2.4252e-01, 
 2DIAGNOSTIC,    27, -5.023561298315e-01, 1.034312757782e-06, 1.0631e+01, 2.4248e-01, 
DIAGNOSTIC,Iteration,metricValue,convergenceValue,ITERATION_TIME_INDEX,SINCE_LAST
 2DIAGNOSTIC,     1, -4.667875128036e-01, 1.797693134862e+308, 1.3013e+01, 2.3813e+00, 
 2DIAGNOSTIC,     2, -4.668861840838e-01, 1.797693134862e+308, 1.4372e+01, 1.3590e+00, 
 2DIAGNOSTIC,     3, -4.669706178689e-01, 1.797693134862e+308, 1.6131e+01, 1.7598e+00, 
 2DIAGNOSTIC,     4, -4.669713139311e-01, 1.797693134862e+308, 1.7580e+01, 1.4489e+00, 
 2DIAGNOSTIC,     5, -4.669686069907e-01, 1.797693134862e+308, 1.9084e+01, 1.5040e+00, 
 2DIAGNOSTIC,     6, -4.669677307333e-01, 1.797693134862e+308, 2.0607e+01, 1.5224e+00, 
 2DIAGNOSTIC,     7, -4.669679534505e-01, 1.797693134862e+308, 2.1895e+01, 1.2884e+00, 
 2DIAGNOSTIC,     8, -4.669688929498e-01, 1.797693134862e+308, 2.3187e+01, 1.2915e+00, 
 2DIAGNOSTIC,     9, -4.669732098546e-01, 1.797693134862e+308, 2.4669e+01, 1.4829e+00, 
 2DIAGNOSTIC,    10, -4.669783024315e-01, 1.924264109492e-05, 2.7054e+01, 2.3842e+00, 
 2DIAGNOSTIC,    11, -4.669780776632e-01, 8.431169801607e-06, 2.9036e+01, 1.9822e+00, 
 2DIAGNOSTIC,    12, -4.669780522729e-01, 3.810649749719e-06, 3.0510e+01, 1.4740e+00, 
 2DIAGNOSTIC,    13, -4.669780265149e-01, 3.747353185493e-06, 3.1939e+01, 1.4290e+00, 
 2DIAGNOSTIC,    14, -4.669779776206e-01, 3.601911835099e-06, 3.3393e+01, 1.4543e+00, 
 2DIAGNOSTIC,    15, -4.669777419133e-01, 3.232741349224e-06, 3.4696e+01, 1.3025e+00, 
 2DIAGNOSTIC,    16, -4.669777856123e-01, 2.778582217658e-06, 3.6151e+01, 1.4551e+00, 
 2DIAGNOSTIC,    17, -4.669777332916e-01, 2.314941034934e-06, 3.7656e+01, 1.5054e+00, 
 2DIAGNOSTIC,    18, -4.669775763914e-01, 1.886020352282e-06, 3.9118e+01, 1.4620e+00, 
 2DIAGNOSTIC,    19, -4.669774128853e-01, 1.619722754760e-06, 4.0468e+01, 1.3496e+00, 
 2DIAGNOSTIC,    20, -4.669773529283e-01, 1.538631495782e-06, 4.1776e+01, 1.3078e+00, 
 2DIAGNOSTIC,    21, -4.669774048904e-01, 1.465009363190e-06, 4.3225e+01, 1.4496e+00, 
 2DIAGNOSTIC,    22, -4.669774382451e-01, 1.402749598027e-06, 4.4687e+01, 1.4617e+00, 
 2DIAGNOSTIC,    23, -4.669773810305e-01, 1.347788176974e-06, 4.5982e+01, 1.2948e+00, 
 2DIAGNOSTIC,    24, -4.669776195039e-01, 1.305849823829e-06, 4.7412e+01, 1.4306e+00, 
 2DIAGNOSTIC,    25, -4.669777001136e-01, 1.265088471196e-06, 4.9030e+01, 1.6181e+00, 
 2DIAGNOSTIC,    26, -4.669774168108e-01, 1.222446601779e-06, 5.0497e+01, 1.4670e+00, 
 2DIAGNOSTIC,    27, -4.669772244583e-01, 1.177861587570e-06, 5.1970e+01, 1.4730e+00, 
 2DIAGNOSTIC,    28, -4.669768651926e-01, 1.125448808363e-06, 5.3266e+01, 1.2958e+00, 
 2DIAGNOSTIC,    29, -4.669768443423e-01, 1.073831768082e-06, 5.4810e+01, 1.5438e+00, 
 2DIAGNOSTIC,    30, -4.669773475330e-01, 1.036626329914e-06, 5.6684e+01, 1.8739e+00, 
 2DIAGNOSTIC,    31, -4.669773130883e-01, 1.004155132628e-06, 5.8169e+01, 1.4855e+00, 
  Elapsed time (stage 0): 5.8985e+01


Total elapsed time: 5.8987e+01
Info [verificarlo]: loaded backend libinterflop_ieee.so
Info [interflop-ieee]: load backend with:
Info [interflop-ieee]: debug = false
Info [interflop-ieee]: debug-binary = false
Info [interflop-ieee]: no-backend-name = false
Info [interflop-ieee]: print-new-line = false
Info [interflop-ieee]: print-subnormal-normalized = false
Info [interflop-ieee]: count-op = false
All_Command_lines_OK
Using double precision for computations.
=============================================================================
The composite transform comprises the following transforms (in order): 
  1. /home/mdugre/scratch/mri-registration-rp/datasets/ds004513/derivatives/mri-registration-rp/0001/antsRegistration-r8-p18/sub-s032/rigid_Composite.h5[0] (type = Euler3DTransform)
  2. /home/mdugre/scratch/mri-registration-rp/datasets/ds004513/derivatives/mri-registration-rp/0001/antsRegistration-r8-p18/sub-s032/rigid_Composite.h5[1] (type = Euler3DTransform)
  3. /home/mdugre/scratch/mri-registration-rp/datasets/ds004513/derivatives/mri-registration-rp/0001/antsRegistration-r8-p18/sub-s032/rigid_Composite.h5[2] (type = Euler3DTransform)
=============================================================================
  number of levels = 4
  fixed image: /templateflow/tpl-MNI152NLin2009cAsym/tpl-MNI152NLin2009cAsym_res-01_desc-brain_T1w.nii.gz
  moving image: /home/mdugre/scratch/mri-registration-rp/datasets/ds004513/derivatives/mri-registration-rp/antsBrainExtraction/sub-s032/BrainExtractionBrain.nii.gz
Dimension = 3
Number of stages = 1
Use histogram matching = false
Winsorize image intensities = true
  Lower quantile = 0.005
  Upper quantile = 0.995


Stage 1 State
   Image metric = MattesMI
     Fixed image = Image (0x45d37e0)
  RTTI typeinfo:   itk::Image<double, 3u>
  Reference Count: 2
  Modified Time: 1592
  Debug: Off
  Object Name: 
  Observers: 
    none
  Source: (none)
  Source output name: (none)
  Release Data: Off
  Data Released: False
  Global Release Data: Off
  PipelineMTime: 0
  UpdateMTime: 1203
  RealTimeStamp: 0 seconds 
  LargestPossibleRegion: 
    Dimension: 3
    Index: [0, 0, 0]
    Size: [193, 229, 193]
  BufferedRegion: 
    Dimension: 3
    Index: [0, 0, 0]
    Size: [193, 229, 193]
  RequestedRegion: 
    Dimension: 3
    Index: [0, 0, 0]
    Size: [193, 229, 193]
  Spacing: [1, 1, 1]
  Origin: [96, 132, -78]
  Direction: 
-1 0 0
0 -1 0
0 0 1

  IndexToPointMatrix: 
-1 0 0
0 -1 0
0 0 1

  PointToIndexMatrix: 
-1 0 0
0 -1 0
0 0 1

  Inverse Direction: 
-1 0 0
0 -1 0
0 0 1

  PixelContainer: 
    ImportImageContainer (0x4693a20)
      RTTI typeinfo:   itk::ImportImageContainer<unsigned long, double>
      Reference Count: 1
      Modified Time: 1200
      Debug: Off
      Object Name: 
      Observers: 
        none
      Pointer: 0x149527d8b010
      Container manages memory: true
      Size: 8530021
      Capacity: 8530021

     Moving image = Image (0x468ed70)
  RTTI typeinfo:   itk::Image<double, 3u>
  Reference Count: 2
  Modified Time: 1593
  Debug: Off
  Object Name: 
  Observers: 
    none
  Source: (none)
  Source output name: (none)
  Release Data: Off
  Data Released: False
  Global Release Data: Off
  PipelineMTime: 0
  UpdateMTime: 1590
  RealTimeStamp: 0 seconds 
  LargestPossibleRegion: 
    Dimension: 3
    Index: [0, 0, 0]
    Size: [160, 240, 256]
  BufferedRegion: 
    Dimension: 3
    Index: [0, 0, 0]
    Size: [160, 240, 256]
  RequestedRegion: 
    Dimension: 3
    Index: [0, 0, 0]
    Size: [160, 240, 256]
  Spacing: [1, 1, 1]
  Origin: [73.279, 104.707, -131.187]
  Direction: 
-0.997527 0.0645574 -0.0278053
-0.0645323 -0.997914 -0.00179875
-0.0278634 4.01097e-08 0.999612

  IndexToPointMatrix: 
-0.997527 0.0645574 -0.0278053
-0.0645323 -0.997914 -0.00179875
-0.0278634 4.01097e-08 0.999612

  PointToIndexMatrix: 
-0.997527 -0.0645323 -0.0278634
0.0645574 -0.997914 4.01049e-08
-0.0278053 -0.00179875 0.999612

  Inverse Direction: 
-0.997527 -0.0645323 -0.0278634
0.0645574 -0.997914 4.01049e-08
-0.0278053 -0.00179875 0.999612

  PixelContainer: 
    ImportImageContainer (0x4646c90)
      RTTI typeinfo:   itk::ImportImageContainer<unsigned long, double>
      Reference Count: 1
      Modified Time: 1587
      Debug: Off
      Object Name: 
      Observers: 
        none
      Pointer: 0x14952328a010
      Container manages memory: true
      Size: 9830400
      Capacity: 9830400

     Weighting = 1
     Sampling strategy = regular
     Number of bins = 32
     Radius = 4
     Sampling percentage  = 0.25
   Transform = Affine
     Gradient step = 0.1
     Update field sigma (voxel space) = 0
     Total field sigma (voxel space) = 0
     Update field time sigma = 0
     Total field time sigma  = 0
     Number of time indices = 0
     Number of time point samples = 0
Registration using 1 total stages.

Stage 0
  iterations = 1000x500x250x100
  convergence threshold = 1e-06
  convergence window size = 10
  number of levels = 4
  using the Mattes MI metric (number of bins = 32, weight = 1, use gradient filter = 0)
  preprocessing:  winsorizing the image intensities
  Shrink factors (level 1 out of 4): [8, 8, 8]
  Shrink factors (level 2 out of 4): [4, 4, 4]
  Shrink factors (level 3 out of 4): [2, 2, 2]
  Shrink factors (level 4 out of 4): [1, 1, 1]
  smoothing sigmas per level: [3, 2, 1, 0]
  regular sampling (percentage = 0.25)

*** Running AffineTransform registration ***

DIAGNOSTIC,Iteration,metricValue,convergenceValue,ITERATION_TIME_INDEX,SINCE_LAST
 2DIAGNOSTIC,     1, -6.837654764929e-01, 1.797693134862e+308, 6.6309e-01, 6.6309e-01, 
 2DIAGNOSTIC,     2, -6.854840215348e-01, 1.797693134862e+308, 6.6780e-01, 4.7069e-03, 
 2DIAGNOSTIC,     3, -6.883803218899e-01, 1.797693134862e+308, 6.7212e-01, 4.3199e-03, 
 2DIAGNOSTIC,     4, -6.926559616872e-01, 1.797693134862e+308, 6.7617e-01, 4.0519e-03, 
 2DIAGNOSTIC,     5, -7.022305574762e-01, 1.797693134862e+308, 6.8015e-01, 3.9861e-03, 
 2DIAGNOSTIC,     6, -7.126495614868e-01, 1.797693134862e+308, 6.8483e-01, 4.6721e-03, 
 2DIAGNOSTIC,     7, -7.224176140773e-01, 1.797693134862e+308, 6.8955e-01, 4.7252e-03, 
 2DIAGNOSTIC,     8, -7.260020766048e-01, 1.797693134862e+308, 6.9391e-01, 4.3559e-03, 
 2DIAGNOSTIC,     9, -7.274856817954e-01, 1.797693134862e+308, 6.9857e-01, 4.6611e-03, 
 2DIAGNOSTIC,    10, -7.287325447896e-01, 4.975602628217e-03, 7.0414e-01, 5.5759e-03, 
 2DIAGNOSTIC,    11, -7.322738908086e-01, 4.345363035093e-03, 7.0896e-01, 4.8161e-03, 
 2DIAGNOSTIC,    12, -7.339374399785e-01, 3.541751180417e-03, 7.1408e-01, 5.1231e-03, 
 2DIAGNOSTIC,    13, -7.350635232088e-01, 2.671935570813e-03, 7.1850e-01, 4.4141e-03, 
 2DIAGNOSTIC,    14, -7.356106840718e-01, 1.825232468980e-03, 7.2361e-01, 5.1081e-03, 
 2DIAGNOSTIC,    15, -7.359815626549e-01, 1.187843005952e-03, 7.2826e-01, 4.6561e-03, 
 2DIAGNOSTIC,    16, -7.361671555461e-01, 7.795429866073e-04, 7.4069e-01, 1.2430e-02, 
 2DIAGNOSTIC,    17, -7.361671193100e-01, 5.738887794192e-04, 7.4487e-01, 4.1800e-03, 
 2DIAGNOSTIC,    18, -7.361672395880e-01, 4.177557103153e-04, 7.4900e-01, 4.1258e-03, 
 2DIAGNOSTIC,    19, -7.361674429412e-01, 2.711922473463e-04, 7.5316e-01, 4.1580e-03, 
 2DIAGNOSTIC,    20, -7.361677866918e-01, 1.377297601510e-04, 7.5744e-01, 4.2820e-03, 
 2DIAGNOSTIC,    21, -7.361683676357e-01, 7.040844396318e-05, 7.6205e-01, 4.6110e-03, 
 2DIAGNOSTIC,    22, -7.361693490520e-01, 3.229581896099e-05, 7.6669e-01, 4.6442e-03, 
 2DIAGNOSTIC,    23, -7.361710058966e-01, 1.380629207442e-05, 7.7100e-01, 4.3030e-03, 
 2DIAGNOSTIC,    24, -7.361737997611e-01, 4.584240256456e-06, 7.7564e-01, 4.6399e-03, 
 2DIAGNOSTIC,    25, -7.361785016231e-01, 1.620187734738e-06, 7.8031e-01, 4.6699e-03, 
 2DIAGNOSTIC,    26, -7.361863895524e-01, 1.774475206925e-06, 7.8496e-01, 4.6580e-03, 
 2DIAGNOSTIC,    27, -7.361994850882e-01, 2.054617337988e-06, 7.8928e-01, 4.3201e-03, 
 2DIAGNOSTIC,    28, -7.362208781517e-01, 2.531203062803e-06, 7.9390e-01, 4.6210e-03, 
 2DIAGNOSTIC,    29, -7.362556673427e-01, 3.311619664527e-06, 7.9857e-01, 4.6649e-03, 
 2DIAGNOSTIC,    30, -7.363103032641e-01, 4.540570965543e-06, 8.0301e-01, 4.4360e-03, 
 2DIAGNOSTIC,    31, -7.363932863316e-01, 6.403638137434e-06, 8.0731e-01, 4.3061e-03, 
 2DIAGNOSTIC,    32, -7.365088274800e-01, 9.047156354205e-06, 8.1200e-01, 4.6921e-03, 
 2DIAGNOSTIC,    33, -7.366503445152e-01, 1.243987580103e-05, 8.1632e-01, 4.3139e-03, 
 2DIAGNOSTIC,    34, -7.367998782091e-01, 1.626991018892e-05, 8.2092e-01, 4.5989e-03, 
 2DIAGNOSTIC,    35, -7.369339180824e-01, 1.995122719062e-05, 8.2522e-01, 4.3032e-03, 
 2DIAGNOSTIC,    36, -7.370702695411e-01, 2.316619360030e-05, 8.3005e-01, 4.8308e-03, 
 2DIAGNOSTIC,    37, -7.371891242925e-01, 2.545755894637e-05, 8.3442e-01, 4.3709e-03, 
 2DIAGNOSTIC,    38, -7.373094767099e-01, 2.672118747915e-05, 8.3924e-01, 4.8170e-03, 
 2DIAGNOSTIC,    39, -7.373313072990e-01, 2.599998143784e-05, 8.4408e-01, 4.8368e-03, 
 2DIAGNOSTIC,    40, -7.374564149491e-01, 2.467436869451e-05, 8.4890e-01, 4.8230e-03, 
 2DIAGNOSTIC,    41, -7.375667779799e-01, 2.293920365157e-05, 8.5422e-01, 5.3210e-03, 
 2DIAGNOSTIC,    42, -7.375110907422e-01, 1.968795924748e-05, 8.5905e-01, 4.8270e-03, 
 2DIAGNOSTIC,    43, -7.374845896934e-01, 1.584208640100e-05, 8.6390e-01, 4.8490e-03, 
 2DIAGNOSTIC,    44, -7.375407296941e-01, 1.255398972617e-05, 8.6874e-01, 4.8430e-03, 
 2DIAGNOSTIC,    45, -7.374903494729e-01, 8.955516574937e-06, 8.7510e-01, 6.3591e-03, 
 2DIAGNOSTIC,    46, -7.374547430905e-01, 5.562126008350e-06, 8.7993e-01, 4.8301e-03, 
 2DIAGNOSTIC,    47, -7.373641828146e-01, 2.090084972244e-06, 8.8426e-01, 4.3352e-03, 
DIAGNOSTIC,Iteration,metricValue,convergenceValue,ITERATION_TIME_INDEX,SINCE_LAST
 2DIAGNOSTIC,     1, -5.979829126330e-01, 1.797693134862e+308, 1.6249e+00, 7.4059e-01, 
 2DIAGNOSTIC,     2, -5.981414751599e-01, 1.797693134862e+308, 1.6606e+00, 3.5758e-02, 
 2DIAGNOSTIC,     3, -5.982337095389e-01, 1.797693134862e+308, 1.6977e+00, 3.7090e-02, 
 2DIAGNOSTIC,     4, -5.982120507727e-01, 1.797693134862e+308, 1.7324e+00, 3.4700e-02, 
 2DIAGNOSTIC,     5, -5.981920226658e-01, 1.797693134862e+308, 1.7665e+00, 3.4120e-02, 
 2DIAGNOSTIC,     6, -5.981458181654e-01, 1.797693134862e+308, 1.8167e+00, 5.0228e-02, 
 2DIAGNOSTIC,     7, -5.981483159522e-01, 1.797693134862e+308, 1.8543e+00, 3.7586e-02, 
 2DIAGNOSTIC,     8, -5.981414281193e-01, 1.797693134862e+308, 1.8914e+00, 3.7075e-02, 
 2DIAGNOSTIC,     9, -5.981279516896e-01, 1.797693134862e+308, 1.9251e+00, 3.3657e-02, 
 2DIAGNOSTIC,    10, -5.981322953716e-01, 4.862056031479e-06, 1.9553e+00, 3.0276e-02, 
DIAGNOSTIC,Iteration,metricValue,convergenceValue,ITERATION_TIME_INDEX,SINCE_LAST
 2DIAGNOSTIC,     1, -5.330359596067e-01, 1.797693134862e+308, 3.0424e+00, 1.0870e+00, 
 2DIAGNOSTIC,     2, -5.334745499960e-01, 1.797693134862e+308, 3.2850e+00, 2.4263e-01, 
 2DIAGNOSTIC,     3, -5.339010057280e-01, 1.797693134862e+308, 3.5371e+00, 2.5208e-01, 
 2DIAGNOSTIC,     4, -5.341897227246e-01, 1.797693134862e+308, 3.7794e+00, 2.4229e-01, 
 2DIAGNOSTIC,     5, -5.345149519266e-01, 1.797693134862e+308, 4.0150e+00, 2.3567e-01, 
 2DIAGNOSTIC,     6, -5.350345193905e-01, 1.797693134862e+308, 4.2696e+00, 2.5452e-01, 
 2DIAGNOSTIC,     7, -5.359448872915e-01, 1.797693134862e+308, 4.5054e+00, 2.3585e-01, 
 2DIAGNOSTIC,     8, -5.393237404337e-01, 1.797693134862e+308, 4.8227e+00, 3.1724e-01, 
 2DIAGNOSTIC,     9, -5.407528452424e-01, 1.797693134862e+308, 5.0983e+00, 2.7564e-01, 
 2DIAGNOSTIC,    10, -5.411957453465e-01, 1.022625986845e-03, 5.3886e+00, 2.9033e-01, 
 2DIAGNOSTIC,    11, -5.419627234354e-01, 1.055527878520e-03, 5.6980e+00, 3.0942e-01, 
 2DIAGNOSTIC,    12, -5.433616678835e-01, 1.068204486427e-03, 5.9280e+00, 2.2993e-01, 
 2DIAGNOSTIC,    13, -5.435389875886e-01, 1.003845316167e-03, 6.1653e+00, 2.3729e-01, 
 2DIAGNOSTIC,    14, -5.438364196465e-01, 8.798760448282e-04, 6.8505e+00, 6.8526e-01, 
 2DIAGNOSTIC,    15, -5.438392373662e-01, 7.059044337605e-04, 7.0920e+00, 2.4143e-01, 
 2DIAGNOSTIC,    16, -5.438391492352e-01, 5.073143891690e-04, 7.3373e+00, 2.4536e-01, 
 2DIAGNOSTIC,    17, -5.438416625847e-01, 3.111670067961e-04, 7.5818e+00, 2.4448e-01, 
 2DIAGNOSTIC,    18, -5.438442360686e-01, 2.064622724931e-04, 7.8555e+00, 2.7371e-01, 
 2DIAGNOSTIC,    19, -5.438511560549e-01, 1.340886460432e-04, 8.1284e+00, 2.7292e-01, 
 2DIAGNOSTIC,    20, -5.438541281576e-01, 6.835109771441e-05, 8.3953e+00, 2.6681e-01, 
 2DIAGNOSTIC,    21, -5.438603789728e-01, 2.125012199069e-05, 8.6699e+00, 2.7468e-01, 
 2DIAGNOSTIC,    22, -5.438669679215e-01, 1.019355126788e-05, 8.9143e+00, 2.4434e-01, 
 2DIAGNOSTIC,    23, -5.438687133088e-01, 3.184435591136e-06, 9.1618e+00, 2.4754e-01, 
 2DIAGNOSTIC,    24, -5.438833826904e-01, 3.431675932530e-06, 9.4059e+00, 2.4405e-01, 
 2DIAGNOSTIC,    25, -5.438991944309e-01, 3.847112943003e-06, 9.6414e+00, 2.3557e-01, 
 2DIAGNOSTIC,    26, -5.439190664799e-01, 4.382497209611e-06, 9.8705e+00, 2.2905e-01, 
 2DIAGNOSTIC,    27, -5.439590905821e-01, 5.404613817733e-06, 1.0107e+01, 2.3604e-01, 
 2DIAGNOSTIC,    28, -5.440141257752e-01, 7.020809615725e-06, 1.0347e+01, 2.3998e-01, 
 2DIAGNOSTIC,    29, -5.440961539120e-01, 9.562906009890e-06, 1.0589e+01, 2.4281e-01, 
 2DIAGNOSTIC,    30, -5.442359592295e-01, 1.360759613112e-05, 1.0838e+01, 2.4851e-01, 
 2DIAGNOSTIC,    31, -5.443937260211e-01, 1.893673080866e-05, 1.1114e+01, 2.7650e-01, 
 2DIAGNOSTIC,    32, -5.445239078055e-01, 2.444409537490e-05, 1.1527e+01, 4.1269e-01, 
 2DIAGNOSTIC,    33, -5.445285086567e-01, 2.748006433931e-05, 1.1830e+01, 3.0317e-01, 
 2DIAGNOSTIC,    34, -5.445213350900e-01, 2.797165393289e-05, 1.2100e+01, 2.6953e-01, 
 2DIAGNOSTIC,    35, -5.445225741524e-01, 2.612147500549e-05, 1.2385e+01, 2.8533e-01, 
 2DIAGNOSTIC,    36, -5.445167996899e-01, 2.214135029732e-05, 1.2693e+01, 3.0764e-01, 
 2DIAGNOSTIC,    37, -5.445137575524e-01, 1.686436061957e-05, 1.3014e+01, 3.2169e-01, 
 2DIAGNOSTIC,    38, -5.445130030869e-01, 1.111127306759e-05, 1.3241e+01, 2.2646e-01, 
 2DIAGNOSTIC,    39, -5.445112976749e-01, 5.755989611458e-06, 1.3480e+01, 2.3889e-01, 
 2DIAGNOSTIC,    40, -5.445107699509e-01, 1.987116101165e-06, 1.3765e+01, 2.8497e-01, 
DIAGNOSTIC,Iteration,metricValue,convergenceValue,ITERATION_TIME_INDEX,SINCE_LAST
 2DIAGNOSTIC,     1, -4.996031840248e-01, 1.797693134862e+308, 1.6478e+01, 2.7136e+00, 
 2DIAGNOSTIC,     2, -4.998063879239e-01, 1.797693134862e+308, 1.8069e+01, 1.5906e+00, 
 2DIAGNOSTIC,     3, -5.001354557136e-01, 1.797693134862e+308, 1.9627e+01, 1.5578e+00, 
 2DIAGNOSTIC,     4, -5.003595048026e-01, 1.797693134862e+308, 2.1210e+01, 1.5837e+00, 
 2DIAGNOSTIC,     5, -5.009397227059e-01, 1.797693134862e+308, 2.4506e+01, 3.2953e+00, 
 2DIAGNOSTIC,     6, -5.009413359771e-01, 1.797693134862e+308, 2.6654e+01, 2.1487e+00, 
 2DIAGNOSTIC,     7, -5.009416068327e-01, 1.797693134862e+308, 2.8571e+01, 1.9169e+00, 
 2DIAGNOSTIC,     8, -5.009413346010e-01, 1.797693134862e+308, 3.0739e+01, 2.1677e+00, 
 2DIAGNOSTIC,     9, -5.009414209730e-01, 1.797693134862e+308, 3.2481e+01, 1.7424e+00, 
 2DIAGNOSTIC,    10, -5.009412193878e-01, 1.830241307673e-04, 3.4207e+01, 1.7256e+00, 
 2DIAGNOSTIC,    11, -5.009411109321e-01, 1.189235753684e-04, 3.5946e+01, 1.7389e+00, 
 2DIAGNOSTIC,    12, -5.009410818544e-01, 6.485108494457e-05, 3.7856e+01, 1.9099e+00, 
 2DIAGNOSTIC,    13, -5.009410673497e-01, 2.788196604944e-05, 3.9632e+01, 1.7762e+00, 
 2DIAGNOSTIC,    14, -5.009411280708e-01, 2.300325205068e-06, 4.1319e+01, 1.6866e+00, 
 2DIAGNOSTIC,    15, -5.009410730247e-01, 2.082204529338e-06, 4.3042e+01, 1.7236e+00, 
 2DIAGNOSTIC,    16, -5.009410555504e-01, 1.951429045591e-06, 4.5149e+01, 2.1069e+00, 
 2DIAGNOSTIC,    17, -5.009408876602e-01, 1.843195072446e-06, 4.7051e+01, 1.9022e+00, 
 2DIAGNOSTIC,    18, -5.009407292365e-01, 1.735985263915e-06, 4.8683e+01, 1.6319e+00, 
 2DIAGNOSTIC,    19, -5.009406114459e-01, 1.642254260241e-06, 5.0400e+01, 1.7169e+00, 
 2DIAGNOSTIC,    20, -5.009407101019e-01, 1.558068080672e-06, 5.1964e+01, 1.5636e+00, 
 2DIAGNOSTIC,    21, -5.009407670717e-01, 1.483479732188e-06, 5.3751e+01, 1.7876e+00, 
