
##########################
# Experiment information #
##########################

EXPERIMENT_NAME: antsRegistration-r8-p11
VFC_BACKENDS: libinterflop_vprec.so --range-binary32=8 --precision-binary32=11 --range-binary64=8 --precision-binary64=11

SIF_IMG: /home/mdugre/projects/rrg-glatard/mdugre/containers/ants-vprec-no_metrics.simg

SUBJECT_ID: s003
INPUT_IMG: /home/mdugre/scratch/mri-registration-rp/datasets/ds004513/derivatives/mri-registration-rp/antsBrainExtraction/sub-s003/BrainExtractionBrain.nii.gz
OUTPUT_DIR: /home/mdugre/scratch/mri-registration-rp/datasets/ds004513/derivatives/mri-registration-rp/0001/antsRegistration-r8-p11/sub-s003

FIXED_IMG: /templateflow/tpl-MNI152NLin2009cAsym/tpl-MNI152NLin2009cAsym_res-01_desc-brain_T1w.nii.gz
DATA_DIR: /home/mdugre/scratch/mri-registration-rp/datasets/ds004513
TEMPLATEFLOW_DIR: /home/mdugre/projects/rrg-glatard/mdugre/templateflow
ITK_GLOBAL_DEFAULT_NUMBER_OF_THREADS: 16
##########################

Info [verificarlo]: loaded backend libinterflop_ieee.so
Info [interflop-ieee]: load backend with:
Info [interflop-ieee]: debug = false
Info [interflop-ieee]: debug-binary = false
Info [interflop-ieee]: no-backend-name = false
Info [interflop-ieee]: print-new-line = false
Info [interflop-ieee]: print-subnormal-normalized = false
Info [interflop-ieee]: count-op = false
All_Command_lines_OK
Using double precision for computations.
=============================================================================
The composite transform comprises the following transforms (in order): 
  1. Center of mass alignment using fixed image: /templateflow/tpl-MNI152NLin2009cAsym/tpl-MNI152NLin2009cAsym_res-01_desc-brain_T1w.nii.gz and moving image: /home/mdugre/scratch/mri-registration-rp/datasets/ds004513/derivatives/mri-registration-rp/antsBrainExtraction/sub-s003/BrainExtractionBrain.nii.gz (type = Euler3DTransform)
=============================================================================
  number of levels = 1
  fixed image: /templateflow/tpl-MNI152NLin2009cAsym/tpl-MNI152NLin2009cAsym_res-01_desc-brain_T1w.nii.gz
  moving image: /home/mdugre/scratch/mri-registration-rp/datasets/ds004513/derivatives/mri-registration-rp/antsBrainExtraction/sub-s003/BrainExtractionBrain.nii.gz
Dimension = 3
Number of stages = 1
Use histogram matching = false
Winsorize image intensities = true
  Lower quantile = 0.005
  Upper quantile = 0.995


Stage 1 State
   Image metric = MattesMI
     Fixed image = Image (0x4febe70)
  RTTI typeinfo:   itk::Image<double, 3u>
  Reference Count: 2
  Modified Time: 2334
  Debug: Off
  Object Name: 
  Observers: 
    none
  Source: (none)
  Source output name: (none)
  Release Data: Off
  Data Released: False
  Global Release Data: Off
  PipelineMTime: 0
  UpdateMTime: 1943
  RealTimeStamp: 0 seconds 
  LargestPossibleRegion: 
    Dimension: 3
    Index: [0, 0, 0]
    Size: [193, 229, 193]
  BufferedRegion: 
    Dimension: 3
    Index: [0, 0, 0]
    Size: [193, 229, 193]
  RequestedRegion: 
    Dimension: 3
    Index: [0, 0, 0]
    Size: [193, 229, 193]
  Spacing: [1, 1, 1]
  Origin: [96, 132, -78]
  Direction: 
-1 0 0
0 -1 0
0 0 1

  IndexToPointMatrix: 
-1 0 0
0 -1 0
0 0 1

  PointToIndexMatrix: 
-1 0 0
0 -1 0
0 0 1

  Inverse Direction: 
-1 0 0
0 -1 0
0 0 1

  PixelContainer: 
    ImportImageContainer (0x4ff8140)
      RTTI typeinfo:   itk::ImportImageContainer<unsigned long, double>
      Reference Count: 1
      Modified Time: 1940
      Debug: Off
      Object Name: 
      Observers: 
        none
      Pointer: 0x152e8059a010
      Container manages memory: true
      Size: 8530021
      Capacity: 8530021

     Moving image = Image (0x4ff5310)
  RTTI typeinfo:   itk::Image<double, 3u>
  Reference Count: 2
  Modified Time: 2335
  Debug: Off
  Object Name: 
  Observers: 
    none
  Source: (none)
  Source output name: (none)
  Release Data: Off
  Data Released: False
  Global Release Data: Off
  PipelineMTime: 0
  UpdateMTime: 2332
  RealTimeStamp: 0 seconds 
  LargestPossibleRegion: 
    Dimension: 3
    Index: [0, 0, 0]
    Size: [176, 240, 256]
  BufferedRegion: 
    Dimension: 3
    Index: [0, 0, 0]
    Size: [176, 240, 256]
  RequestedRegion: 
    Dimension: 3
    Index: [0, 0, 0]
    Size: [176, 240, 256]
  Spacing: [0.999999, 1, 1]
  Origin: [93.3499, 86.9368, -128.957]
  Direction: 
-0.999513 -0.0279216 -0.0139567
0.0279189 -0.99961 0.000389866
-0.0139622 2.01492e-08 0.999903

  IndexToPointMatrix: 
-0.999512 -0.0279216 -0.0139567
0.0279189 -0.99961 0.000389866
-0.0139621 2.01492e-08 0.999903

  PointToIndexMatrix: 
-0.999514 0.0279189 -0.0139622
-0.0279216 -0.99961 2.01716e-08
-0.0139567 0.000389866 0.999903

  Inverse Direction: 
-0.999513 0.0279189 -0.0139622
-0.0279216 -0.99961 2.01716e-08
-0.0139567 0.000389866 0.999903

  PixelContainer: 
    ImportImageContainer (0x5120610)
      RTTI typeinfo:   itk::ImportImageContainer<unsigned long, double>
      Reference Count: 1
      Modified Time: 2329
      Debug: Off
      Object Name: 
      Observers: 
        none
      Pointer: 0x152e7b319010
      Container manages memory: true
      Size: 10813440
      Capacity: 10813440

     Weighting = 1
     Sampling strategy = regular
     Number of bins = 32
     Radius = 4
     Sampling percentage  = 0.25
   Transform = Rigid
     Gradient step = 0.1
     Update field sigma (voxel space) = 0
     Total field sigma (voxel space) = 0
     Update field time sigma = 0
     Total field time sigma  = 0
     Number of time indices = 0
     Number of time point samples = 0
Registration using 1 total stages.

Stage 0
  iterations = 0
  convergence threshold = 1e-06
  convergence window size = 10
  number of levels = 1
  using the Mattes MI metric (number of bins = 32, weight = 1, use gradient filter = 0)
  preprocessing:  winsorizing the image intensities
  Shrink factors (level 1 out of 1): [1, 1, 1]
  smoothing sigmas per level: [0]
  regular sampling (percentage = 0.25)

*** Running Euler3DTransform registration ***

  Elapsed time (stage 0): 1.15982


Total elapsed time: 1.1622
Info [verificarlo]: loaded backend libinterflop_ieee.so
Info [interflop-ieee]: load backend with:
Info [interflop-ieee]: debug = false
Info [interflop-ieee]: debug-binary = false
Info [interflop-ieee]: no-backend-name = false
Info [interflop-ieee]: print-new-line = false
Info [interflop-ieee]: print-subnormal-normalized = false
Info [interflop-ieee]: count-op = false
All_Command_lines_OK
Using double precision for computations.
=============================================================================
The composite transform comprises the following transforms (in order): 
  1. /home/mdugre/scratch/mri-registration-rp/datasets/ds004513/derivatives/mri-registration-rp/0001/antsRegistration-r8-p11/sub-s003/align_Composite.h5[0] (type = Euler3DTransform)
  2. /home/mdugre/scratch/mri-registration-rp/datasets/ds004513/derivatives/mri-registration-rp/0001/antsRegistration-r8-p11/sub-s003/align_Composite.h5[1] (type = Euler3DTransform)
=============================================================================
  number of levels = 4
  fixed image: /templateflow/tpl-MNI152NLin2009cAsym/tpl-MNI152NLin2009cAsym_res-01_desc-brain_T1w.nii.gz
  moving image: /home/mdugre/scratch/mri-registration-rp/datasets/ds004513/derivatives/mri-registration-rp/antsBrainExtraction/sub-s003/BrainExtractionBrain.nii.gz
Dimension = 3
Number of stages = 1
Use histogram matching = false
Winsorize image intensities = true
  Lower quantile = 0.005
  Upper quantile = 0.995


Stage 1 State
   Image metric = MattesMI
     Fixed image = Image (0x3766530)
  RTTI typeinfo:   itk::Image<double, 3u>
  Reference Count: 2
  Modified Time: 1580
  Debug: Off
  Object Name: 
  Observers: 
    none
  Source: (none)
  Source output name: (none)
  Release Data: Off
  Data Released: False
  Global Release Data: Off
  PipelineMTime: 0
  UpdateMTime: 1189
  RealTimeStamp: 0 seconds 
  LargestPossibleRegion: 
    Dimension: 3
    Index: [0, 0, 0]
    Size: [193, 229, 193]
  BufferedRegion: 
    Dimension: 3
    Index: [0, 0, 0]
    Size: [193, 229, 193]
  RequestedRegion: 
    Dimension: 3
    Index: [0, 0, 0]
    Size: [193, 229, 193]
  Spacing: [1, 1, 1]
  Origin: [96, 132, -78]
  Direction: 
-1 0 0
0 -1 0
0 0 1

  IndexToPointMatrix: 
-1 0 0
0 -1 0
0 0 1

  PointToIndexMatrix: 
-1 0 0
0 -1 0
0 0 1

  Inverse Direction: 
-1 0 0
0 -1 0
0 0 1

  PixelContainer: 
    ImportImageContainer (0x3824d60)
      RTTI typeinfo:   itk::ImportImageContainer<unsigned long, double>
      Reference Count: 1
      Modified Time: 1186
      Debug: Off
      Object Name: 
      Observers: 
        none
      Pointer: 0x151a8904f010
      Container manages memory: true
      Size: 8530021
      Capacity: 8530021

     Moving image = Image (0x3816f60)
  RTTI typeinfo:   itk::Image<double, 3u>
  Reference Count: 2
  Modified Time: 1581
  Debug: Off
  Object Name: 
  Observers: 
    none
  Source: (none)
  Source output name: (none)
  Release Data: Off
  Data Released: False
  Global Release Data: Off
  PipelineMTime: 0
  UpdateMTime: 1578
  RealTimeStamp: 0 seconds 
  LargestPossibleRegion: 
    Dimension: 3
    Index: [0, 0, 0]
    Size: [176, 240, 256]
  BufferedRegion: 
    Dimension: 3
    Index: [0, 0, 0]
    Size: [176, 240, 256]
  RequestedRegion: 
    Dimension: 3
    Index: [0, 0, 0]
    Size: [176, 240, 256]
  Spacing: [0.999999, 1, 1]
  Origin: [93.3499, 86.9368, -128.957]
  Direction: 
-0.999513 -0.0279216 -0.0139567
0.0279189 -0.99961 0.000389866
-0.0139622 2.01492e-08 0.999903

  IndexToPointMatrix: 
-0.999512 -0.0279216 -0.0139567
0.0279189 -0.99961 0.000389866
-0.0139621 2.01492e-08 0.999903

  PointToIndexMatrix: 
-0.999514 0.0279189 -0.0139622
-0.0279216 -0.99961 2.01716e-08
-0.0139567 0.000389866 0.999903

  Inverse Direction: 
-0.999513 0.0279189 -0.0139622
-0.0279216 -0.99961 2.01716e-08
-0.0139567 0.000389866 0.999903

  PixelContainer: 
    ImportImageContainer (0x38086d0)
      RTTI typeinfo:   itk::ImportImageContainer<unsigned long, double>
      Reference Count: 1
      Modified Time: 1575
      Debug: Off
      Object Name: 
      Observers: 
        none
      Pointer: 0x151a83dce010
      Container manages memory: true
      Size: 10813440
      Capacity: 10813440

     Weighting = 1
     Sampling strategy = regular
     Number of bins = 32
     Radius = 4
     Sampling percentage  = 0.25
   Transform = Rigid
     Gradient step = 0.1
     Update field sigma (voxel space) = 0
     Total field sigma (voxel space) = 0
     Update field time sigma = 0
     Total field time sigma  = 0
     Number of time indices = 0
     Number of time point samples = 0
Registration using 1 total stages.

Stage 0
  iterations = 1000x500x250x100
  convergence threshold = 1e-06
  convergence window size = 10
  number of levels = 4
  using the Mattes MI metric (number of bins = 32, weight = 1, use gradient filter = 0)
  preprocessing:  winsorizing the image intensities
  Shrink factors (level 1 out of 4): [8, 8, 8]
  Shrink factors (level 2 out of 4): [4, 4, 4]
  Shrink factors (level 3 out of 4): [2, 2, 2]
  Shrink factors (level 4 out of 4): [1, 1, 1]
  smoothing sigmas per level: [3, 2, 1, 0]
  regular sampling (percentage = 0.25)

*** Running Euler3DTransform registration ***

DIAGNOSTIC,Iteration,metricValue,convergenceValue,ITERATION_TIME_INDEX,SINCE_LAST
 2DIAGNOSTIC,     1, -4.871187133941e-01, 1.797693134862e+308, 8.3534e-01, 8.3534e-01, 
 2DIAGNOSTIC,     2, -4.887966556740e-01, 1.797693134862e+308, 8.4062e-01, 5.2779e-03, 
 2DIAGNOSTIC,     3, -4.919242839642e-01, 1.797693134862e+308, 8.4555e-01, 4.9338e-03, 
 2DIAGNOSTIC,     4, -5.019092629522e-01, 1.797693134862e+308, 8.5082e-01, 5.2640e-03, 
 2DIAGNOSTIC,     5, -5.198319788477e-01, 1.797693134862e+308, 8.5538e-01, 4.5600e-03, 
 2DIAGNOSTIC,     6, -5.251449584180e-01, 1.797693134862e+308, 8.6002e-01, 4.6439e-03, 
 2DIAGNOSTIC,     7, -5.365118080768e-01, 1.797693134862e+308, 8.6458e-01, 4.5578e-03, 
 2DIAGNOSTIC,     8, -5.564319077261e-01, 1.797693134862e+308, 8.7209e-01, 7.5140e-03, 
 2DIAGNOSTIC,     9, -5.572786469687e-01, 1.797693134862e+308, 8.7645e-01, 4.3559e-03, 
 2DIAGNOSTIC,    10, -5.597886110608e-01, 1.060089541986e-02, 8.8172e-01, 5.2741e-03, 
 2DIAGNOSTIC,    11, -5.645450860914e-01, 9.471656029002e-03, 8.8746e-01, 5.7342e-03, 
 2DIAGNOSTIC,    12, -5.675342641672e-01, 7.901754414630e-03, 8.9363e-01, 6.1719e-03, 
 2DIAGNOSTIC,    13, -5.685174641935e-01, 6.033280802480e-03, 8.9898e-01, 5.3489e-03, 
 2DIAGNOSTIC,    14, -5.693412095342e-01, 4.302087948771e-03, 9.0541e-01, 6.4352e-03, 
 2DIAGNOSTIC,    15, -5.718972801998e-01, 3.155204981957e-03, 9.1085e-01, 5.4352e-03, 
 2DIAGNOSTIC,    16, -5.734788767073e-01, 2.091398053254e-03, 9.1628e-01, 5.4281e-03, 
 2DIAGNOSTIC,    17, -5.737823402463e-01, 1.310029424175e-03, 9.2139e-01, 5.1150e-03, 
 2DIAGNOSTIC,    18, -5.749452616696e-01, 1.114936190122e-03, 9.2652e-01, 5.1281e-03, 
 2DIAGNOSTIC,    19, -5.774392255373e-01, 9.301256922598e-04, 9.3455e-01, 8.0330e-03, 
 2DIAGNOSTIC,    20, -5.782944999922e-01, 7.612328991250e-04, 9.3997e-01, 5.4219e-03, 
 2DIAGNOSTIC,    21, -5.788863756083e-01, 6.687985512410e-04, 9.4474e-01, 4.7638e-03, 
 2DIAGNOSTIC,    22, -5.857337702235e-01, 7.546209611346e-04, 9.4974e-01, 5.0011e-03, 
 2DIAGNOSTIC,    23, -6.028589200425e-01, 1.162232406791e-03, 9.5587e-01, 6.1281e-03, 
 2DIAGNOSTIC,    24, -6.086613848174e-01, 1.554691266314e-03, 9.6312e-01, 7.2482e-03, 
 2DIAGNOSTIC,    25, -6.127624318960e-01, 1.904928900990e-03, 9.6875e-01, 5.6360e-03, 
 2DIAGNOSTIC,    26, -6.171330103878e-01, 2.167612459640e-03, 9.7578e-01, 7.0250e-03, 
 2DIAGNOSTIC,    27, -6.180829712638e-01, 2.226134265601e-03, 9.8171e-01, 5.9330e-03, 
 2DIAGNOSTIC,    28, -6.204355231210e-01, 2.128618135043e-03, 9.8787e-01, 6.1619e-03, 
 2DIAGNOSTIC,    29, -6.216541954503e-01, 1.901236664494e-03, 9.9321e-01, 5.3411e-03, 
 2DIAGNOSTIC,    30, -6.252686895836e-01, 1.589741167020e-03, 9.9912e-01, 5.9111e-03, 
 2DIAGNOSTIC,    31, -6.305777475579e-01, 1.244381412156e-03, 1.0044e+00, 5.2609e-03, 
 2DIAGNOSTIC,    32, -6.437127929425e-01, 1.107473632837e-03, 1.0116e+00, 7.2250e-03, 
 2DIAGNOSTIC,    33, -6.470252445742e-01, 1.176377184058e-03, 1.0168e+00, 5.2290e-03, 
 2DIAGNOSTIC,    34, -6.489207720647e-01, 1.241877701328e-03, 1.0253e+00, 8.5092e-03, 
 2DIAGNOSTIC,    35, -6.509315368681e-01, 1.271871140471e-03, 1.0306e+00, 5.2052e-03, 
 2DIAGNOSTIC,    36, -6.520052690336e-01, 1.251973094879e-03, 1.0357e+00, 5.0991e-03, 
 2DIAGNOSTIC,    37, -6.528675558045e-01, 1.135511558728e-03, 1.0405e+00, 4.8239e-03, 
 2DIAGNOSTIC,    38, -6.532428410788e-01, 9.531128439693e-04, 1.0455e+00, 5.0650e-03, 
 2DIAGNOSTIC,    39, -6.541835744862e-01, 7.192014406339e-04, 1.0526e+00, 7.1020e-03, 
 2DIAGNOSTIC,    40, -6.542240745882e-01, 4.742338236957e-04, 1.0577e+00, 5.0681e-03, 
 2DIAGNOSTIC,    41, -6.546722587209e-01, 2.614025582222e-04, 1.0631e+00, 5.3401e-03, 
 2DIAGNOSTIC,    42, -6.552169012797e-01, 1.908928134654e-04, 1.0701e+00, 7.0271e-03, 
 2DIAGNOSTIC,    43, -6.554095651212e-01, 1.445851952480e-04, 1.0757e+00, 5.6000e-03, 
 2DIAGNOSTIC,    44, -6.554506038116e-01, 1.075091304260e-04, 1.0813e+00, 5.6250e-03, 
 2DIAGNOSTIC,    45, -6.555128466723e-01, 8.393994199837e-05, 1.0865e+00, 5.2309e-03, 
 2DIAGNOSTIC,    46, -6.555921353689e-01, 6.535922110520e-05, 1.0924e+00, 5.8699e-03, 
 2DIAGNOSTIC,    47, -6.557564989304e-01, 5.173972346663e-05, 1.0982e+00, 5.8072e-03, 
 2DIAGNOSTIC,    48, -6.557084973723e-01, 3.682969392753e-05, 1.1047e+00, 6.5000e-03, 
 2DIAGNOSTIC,    49, -6.557463205863e-01, 2.873943244064e-05, 1.1106e+00, 5.8432e-03, 
 2DIAGNOSTIC,    50, -6.556028316813e-01, 1.731261348686e-05, 1.1161e+00, 5.5790e-03, 
 2DIAGNOSTIC,    51, -6.556238808401e-01, 9.019446625042e-06, 1.1213e+00, 5.1329e-03, 
 2DIAGNOSTIC,    52, -6.556515041889e-01, 5.377306468667e-06, 1.1271e+00, 5.8141e-03, 
 2DIAGNOSTIC,    53, -6.557673852942e-01, 4.151700727414e-06, 1.1327e+00, 5.5778e-03, 
 2DIAGNOSTIC,    54, -6.558737003201e-01, 3.914194941858e-06, 1.1385e+00, 5.7971e-03, 
 2DIAGNOSTIC,    55, -6.559098519899e-01, 4.209577235788e-06, 1.1445e+00, 6.0260e-03, 
 2DIAGNOSTIC,    56, -6.556808072834e-01, 2.877939612709e-06, 1.1505e+00, 6.0120e-03, 
 2DIAGNOSTIC,    57, -6.556144267824e-01, 2.241893724244e-06, 1.1559e+00, 5.4049e-03, 
 2DIAGNOSTIC,    58, -6.558054031646e-01, 2.580411921464e-06, 1.1626e+00, 6.6588e-03, 
 2DIAGNOSTIC,    59, -6.558219734702e-01, 3.085596482575e-06, 1.1699e+00, 7.3431e-03, 
 2DIAGNOSTIC,    60, -6.558239755693e-01, 2.251562325754e-06, 1.1755e+00, 5.5869e-03, 
 2DIAGNOSTIC,    61, -6.558270255452e-01, 1.541823706968e-06, 1.1812e+00, 5.6801e-03, 
DIAGNOSTIC,Iteration,metricValue,convergenceValue,ITERATION_TIME_INDEX,SINCE_LAST
 2DIAGNOSTIC,     1, -5.252419525692e-01, 1.797693134862e+308, 2.0044e+00, 8.2328e-01, 
 2DIAGNOSTIC,     2, -5.258426144196e-01, 1.797693134862e+308, 2.0422e+00, 3.7766e-02, 
 2DIAGNOSTIC,     3, -5.266286696565e-01, 1.797693134862e+308, 2.0739e+00, 3.1637e-02, 
 2DIAGNOSTIC,     4, -5.274051988167e-01, 1.797693134862e+308, 2.1047e+00, 3.0860e-02, 
 2DIAGNOSTIC,     5, -5.279230243716e-01, 1.797693134862e+308, 2.1357e+00, 3.0990e-02, 
 2DIAGNOSTIC,     6, -5.282674235835e-01, 1.797693134862e+308, 2.1658e+00, 3.0106e-02, 
 2DIAGNOSTIC,     7, -5.295871398590e-01, 1.797693134862e+308, 2.1953e+00, 2.9491e-02, 
 2DIAGNOSTIC,     8, -5.312146298424e-01, 1.797693134862e+308, 2.2392e+00, 4.3893e-02, 
 2DIAGNOSTIC,     9, -5.317505096889e-01, 1.797693134862e+308, 2.2687e+00, 2.9483e-02, 
 2DIAGNOSTIC,    10, -5.319230435932e-01, 8.708874056394e-04, 2.2978e+00, 2.9101e-02, 
 2DIAGNOSTIC,    11, -5.322239587849e-01, 7.753191950297e-04, 2.3318e+00, 3.4056e-02, 
 2DIAGNOSTIC,    12, -5.326057985537e-01, 6.690393115343e-04, 2.3742e+00, 4.2356e-02, 
 2DIAGNOSTIC,    13, -5.329882586439e-01, 5.652487042600e-04, 2.4085e+00, 3.4277e-02, 
 2DIAGNOSTIC,    14, -5.332067298460e-01, 4.631521780449e-04, 2.4403e+00, 3.1807e-02, 
 2DIAGNOSTIC,    15, -5.338331974459e-01, 3.746841988582e-04, 2.4728e+00, 3.2537e-02, 
 2DIAGNOSTIC,    16, -5.349256449402e-01, 3.104292886267e-04, 2.5104e+00, 3.7553e-02, 
 2DIAGNOSTIC,    17, -5.355668280328e-01, 2.850799022178e-04, 2.5621e+00, 5.1713e-02, 
 2DIAGNOSTIC,    18, -5.357669621055e-01, 2.904108923557e-04, 2.5935e+00, 3.1427e-02, 
 2DIAGNOSTIC,    19, -5.358718772474e-01, 2.869691835789e-04, 2.6246e+00, 3.1086e-02, 
 2DIAGNOSTIC,    20, -5.359526124224e-01, 2.640551928198e-04, 2.6541e+00, 2.9547e-02, 
 2DIAGNOSTIC,    21, -5.360244123797e-01, 2.277834167008e-04, 2.6835e+00, 2.9370e-02, 
 2DIAGNOSTIC,    22, -5.362047108029e-01, 1.870489460517e-04, 2.7142e+00, 3.0650e-02, 
 2DIAGNOSTIC,    23, -5.369104478114e-01, 1.580208979842e-04, 2.7542e+00, 4.0049e-02, 
 2DIAGNOSTIC,    24, -5.370232973032e-01, 1.238147614018e-04, 2.8025e+00, 4.8251e-02, 
 2DIAGNOSTIC,    25, -5.370441263582e-01, 9.438907240251e-05, 2.8438e+00, 4.1331e-02, 
 2DIAGNOSTIC,    26, -5.370491393727e-01, 8.092767562554e-05, 2.8867e+00, 4.2914e-02, 
 2DIAGNOSTIC,    27, -5.370397318868e-01, 7.330658738000e-05, 2.9228e+00, 3.6083e-02, 
 2DIAGNOSTIC,    28, -5.370436450627e-01, 6.306821586055e-05, 2.9605e+00, 3.7747e-02, 
 2DIAGNOSTIC,    29, -5.370307408013e-01, 4.932558641064e-05, 2.9944e+00, 3.3901e-02, 
 2DIAGNOSTIC,    30, -5.370347323807e-01, 3.364966121299e-05, 3.0267e+00, 3.2317e-02, 
 2DIAGNOSTIC,    31, -5.370412955172e-01, 1.733887407247e-05, 3.0620e+00, 3.5217e-02, 
 2DIAGNOSTIC,    32, -5.370511872957e-01, 3.363519514854e-06, 3.0951e+00, 3.3175e-02, 
 2DIAGNOSTIC,    33, -5.370491051625e-01, 1.325283502794e-06, 3.1302e+00, 3.5049e-02, 
 2DIAGNOSTIC,    34, -5.370432389574e-01, 1.046282392461e-06, 3.1600e+00, 2.9794e-02, 
 2DIAGNOSTIC,    35, -5.370468925343e-01, 1.146830042102e-06, 3.1953e+00, 3.5361e-02, 
 2DIAGNOSTIC,    36, -5.370459779619e-01, 1.276340682432e-06, 3.2258e+00, 3.0448e-02, 
 2DIAGNOSTIC,    37, -5.370473913951e-01, 1.241013652870e-06, 3.2600e+00, 3.4253e-02, 
 2DIAGNOSTIC,    38, -5.370550331508e-01, 1.341293640964e-06, 3.2920e+00, 3.1922e-02, 
 2DIAGNOSTIC,    39, -5.370690355387e-01, 1.403815225835e-06, 3.3232e+00, 3.1259e-02, 
 2DIAGNOSTIC,    40, -5.371051577351e-01, 1.935419312576e-06, 3.3543e+00, 3.1113e-02, 
 2DIAGNOSTIC,    41, -5.371703927469e-01, 3.249199364515e-06, 3.3895e+00, 3.5139e-02, 
 2DIAGNOSTIC,    42, -5.371898279577e-01, 4.620497243518e-06, 3.4243e+00, 3.4847e-02, 
 2DIAGNOSTIC,    43, -5.371999879678e-01, 5.669178607975e-06, 3.5120e+00, 8.7668e-02, 
 2DIAGNOSTIC,    44, -5.371999895537e-01, 6.134481570691e-06, 3.5616e+00, 4.9649e-02, 
 2DIAGNOSTIC,    45, -5.371999895773e-01, 6.101463036770e-06, 3.6138e+00, 5.2131e-02, 
 2DIAGNOSTIC,    46, -5.371999895782e-01, 5.533529766129e-06, 3.6645e+00, 5.0768e-02, 
 2DIAGNOSTIC,    47, -5.371999895782e-01, 4.541873394510e-06, 3.7198e+00, 5.5257e-02, 
 2DIAGNOSTIC,    48, -5.371999895782e-01, 3.315966406722e-06, 3.7550e+00, 3.5172e-02, 
 2DIAGNOSTIC,    49, -5.371999895782e-01, 2.038614340266e-06, 3.7855e+00, 3.0488e-02, 
 2DIAGNOSTIC,    50, -5.371999895782e-01, 1.047996722698e-06, 3.8199e+00, 3.4441e-02, 
DIAGNOSTIC,Iteration,metricValue,convergenceValue,ITERATION_TIME_INDEX,SINCE_LAST
 2DIAGNOSTIC,     1, -4.771279462203e-01, 1.797693134862e+308, 5.0480e+00, 1.2281e+00, 
 2DIAGNOSTIC,     2, -4.773079668487e-01, 1.797693134862e+308, 5.3076e+00, 2.5955e-01, 
 2DIAGNOSTIC,     3, -4.775276098170e-01, 1.797693134862e+308, 5.5770e+00, 2.6946e-01, 
 2DIAGNOSTIC,     4, -4.776342775731e-01, 1.797693134862e+308, 5.8956e+00, 3.1855e-01, 
 2DIAGNOSTIC,     5, -4.776638400012e-01, 1.797693134862e+308, 6.1824e+00, 2.8679e-01, 
 2DIAGNOSTIC,     6, -4.776747668431e-01, 1.797693134862e+308, 6.4759e+00, 2.9349e-01, 
 2DIAGNOSTIC,     7, -4.776915089961e-01, 1.797693134862e+308, 6.7367e+00, 2.6084e-01, 
 2DIAGNOSTIC,     8, -4.777342802717e-01, 1.797693134862e+308, 6.9909e+00, 2.5420e-01, 
 2DIAGNOSTIC,     9, -4.777957141124e-01, 1.797693134862e+308, 7.2527e+00, 2.6182e-01, 
 2DIAGNOSTIC,    10, -4.778971784282e-01, 8.464353081790e-05, 7.5721e+00, 3.1940e-01, 
 2DIAGNOSTIC,    11, -4.782356792186e-01, 7.859478266485e-05, 7.8414e+00, 2.6927e-01, 
 2DIAGNOSTIC,    12, -4.785659051830e-01, 9.144126796000e-05, 8.1973e+00, 3.5590e-01, 
 2DIAGNOSTIC,    13, -4.787870692356e-01, 1.141257963057e-04, 8.4646e+00, 2.6729e-01, 
 2DIAGNOSTIC,    14, -4.788237846512e-01, 1.295606542857e-04, 8.8341e+00, 3.6950e-01, 
 2DIAGNOSTIC,    15, -4.788549658015e-01, 1.338953499522e-04, 9.1713e+00, 3.3722e-01, 
 2DIAGNOSTIC,    16, -4.788517019103e-01, 1.257731139064e-04, 9.6182e+00, 4.4693e-01, 
 2DIAGNOSTIC,    17, -4.788504746073e-01, 1.075660733211e-04, 9.9345e+00, 3.1630e-01, 
 2DIAGNOSTIC,    18, -4.788490786557e-01, 8.300105925464e-05, 1.0276e+01, 3.4168e-01, 
 2DIAGNOSTIC,    19, -4.788494526476e-01, 5.558766329834e-05, 1.0587e+01, 3.1037e-01, 
 2DIAGNOSTIC,    20, -4.788491920278e-01, 2.883399810676e-05, 1.0895e+01, 3.0862e-01, 
 2DIAGNOSTIC,    21, -4.788474471130e-01, 1.144712570855e-05, 1.1212e+01, 3.1675e-01, 
 2DIAGNOSTIC,    22, -4.788473712905e-01, 3.490900050543e-06, 1.1535e+01, 3.2348e-01, 
 2DIAGNOSTIC,    23, -4.788461821573e-01, 1.700940835334e-06, 1.1867e+01, 3.3179e-01, 
DIAGNOSTIC,Iteration,metricValue,convergenceValue,ITERATION_TIME_INDEX,SINCE_LAST
 2DIAGNOSTIC,     1, -4.452960075484e-01, 1.797693134862e+308, 1.4517e+01, 2.6498e+00, 
 2DIAGNOSTIC,     2, -4.453402370501e-01, 1.797693134862e+308, 1.6051e+01, 1.5345e+00, 
 2DIAGNOSTIC,     3, -4.453548930852e-01, 1.797693134862e+308, 1.7810e+01, 1.7585e+00, 
 2DIAGNOSTIC,     4, -4.453577661873e-01, 1.797693134862e+308, 1.9506e+01, 1.6961e+00, 
 2DIAGNOSTIC,     5, -4.453559366022e-01, 1.797693134862e+308, 2.1199e+01, 1.6934e+00, 
 2DIAGNOSTIC,     6, -4.453562081241e-01, 1.797693134862e+308, 2.2974e+01, 1.7746e+00, 
 2DIAGNOSTIC,     7, -4.453556563521e-01, 1.797693134862e+308, 2.5146e+01, 2.1717e+00, 
 2DIAGNOSTIC,     8, -4.453556856229e-01, 1.797693134862e+308, 2.7396e+01, 2.2500e+00, 
 2DIAGNOSTIC,     9, -4.453556390087e-01, 1.797693134862e+308, 2.9471e+01, 2.0754e+00, 
 2DIAGNOSTIC,    10, -4.453554286034e-01, 7.807286834333e-06, 3.1175e+01, 1.7041e+00, 
 2DIAGNOSTIC,    11, -4.453553876002e-01, 3.699207653515e-06, 3.3167e+01, 1.9915e+00, 
 2DIAGNOSTIC,    12, -4.453553210293e-01, 2.530286513397e-06, 3.4900e+01, 1.7336e+00, 
 2DIAGNOSTIC,    13, -4.453552544076e-01, 2.263363164320e-06, 3.6428e+01, 1.5278e+00, 
 2DIAGNOSTIC,    14, -4.453552022149e-01, 2.182052299071e-06, 3.8174e+01, 1.7456e+00, 
 2DIAGNOSTIC,    15, -4.453551569385e-01, 2.039598080178e-06, 3.9884e+01, 1.7102e+00, 
 2DIAGNOSTIC,    16, -4.453553056114e-01, 1.939813303056e-06, 4.1638e+01, 1.7542e+00, 
 2DIAGNOSTIC,    17, -4.453552898364e-01, 1.834575484992e-06, 4.3579e+01, 1.9411e+00, 
 2DIAGNOSTIC,    18, -4.453552409785e-01, 1.743761626996e-06, 4.5232e+01, 1.6531e+00, 
 2DIAGNOSTIC,    19, -4.453551783811e-01, 1.661329399980e-06, 4.6750e+01, 1.5179e+00, 
 2DIAGNOSTIC,    20, -4.453549575267e-01, 1.574597910836e-06, 4.8248e+01, 1.4980e+00, 
 2DIAGNOSTIC,    21, -4.453549951329e-01, 1.497588823569e-06, 4.9736e+01, 1.4879e+00, 
 2DIAGNOSTIC,    22, -4.453549705595e-01, 1.426415471850e-06, 5.1107e+01, 1.3704e+00, 
 2DIAGNOSTIC,    23, -4.453548133301e-01, 1.357101602435e-06, 5.2586e+01, 1.4795e+00, 
 2DIAGNOSTIC,    24, -4.453549909462e-01, 1.299589441429e-06, 5.4344e+01, 1.7581e+00, 
 2DIAGNOSTIC,    25, -4.453548496918e-01, 1.244117796277e-06, 5.6167e+01, 1.8230e+00, 
 2DIAGNOSTIC,    26, -4.453548082448e-01, 1.198272964867e-06, 5.7979e+01, 1.8116e+00, 
 2DIAGNOSTIC,    27, -4.453548072866e-01, 1.157808281811e-06, 5.9716e+01, 1.7371e+00, 
 2DIAGNOSTIC,    28, -4.453547547741e-01, 1.119820635526e-06, 6.1459e+01, 1.7435e+00, 
 2DIAGNOSTIC,    29, -4.453544936380e-01, 1.078981382907e-06, 6.3174e+01, 1.7145e+00, 
 2DIAGNOSTIC,    30, -4.453544967347e-01, 1.038027755799e-06, 6.4878e+01, 1.7041e+00, 
 2DIAGNOSTIC,    31, -4.453545556692e-01, 1.003791585699e-06, 6.6617e+01, 1.7390e+00, 
  Elapsed time (stage 0): 6.7529e+01


Total elapsed time: 6.7532e+01
Info [verificarlo]: loaded backend libinterflop_ieee.so
Info [interflop-ieee]: load backend with:
Info [interflop-ieee]: debug = false
Info [interflop-ieee]: debug-binary = false
Info [interflop-ieee]: no-backend-name = false
Info [interflop-ieee]: print-new-line = false
Info [interflop-ieee]: print-subnormal-normalized = false
Info [interflop-ieee]: count-op = false
All_Command_lines_OK
Using double precision for computations.
=============================================================================
The composite transform comprises the following transforms (in order): 
  1. /home/mdugre/scratch/mri-registration-rp/datasets/ds004513/derivatives/mri-registration-rp/0001/antsRegistration-r8-p11/sub-s003/rigid_Composite.h5[0] (type = Euler3DTransform)
  2. /home/mdugre/scratch/mri-registration-rp/datasets/ds004513/derivatives/mri-registration-rp/0001/antsRegistration-r8-p11/sub-s003/rigid_Composite.h5[1] (type = Euler3DTransform)
  3. /home/mdugre/scratch/mri-registration-rp/datasets/ds004513/derivatives/mri-registration-rp/0001/antsRegistration-r8-p11/sub-s003/rigid_Composite.h5[2] (type = Euler3DTransform)
=============================================================================
  number of levels = 4
  fixed image: /templateflow/tpl-MNI152NLin2009cAsym/tpl-MNI152NLin2009cAsym_res-01_desc-brain_T1w.nii.gz
  moving image: /home/mdugre/scratch/mri-registration-rp/datasets/ds004513/derivatives/mri-registration-rp/antsBrainExtraction/sub-s003/BrainExtractionBrain.nii.gz
Dimension = 3
Number of stages = 1
Use histogram matching = false
Winsorize image intensities = true
  Lower quantile = 0.005
  Upper quantile = 0.995


Stage 1 State
   Image metric = MattesMI
     Fixed image = Image (0x3bed7e0)
  RTTI typeinfo:   itk::Image<double, 3u>
  Reference Count: 2
  Modified Time: 1594
  Debug: Off
  Object Name: 
  Observers: 
    none
  Source: (none)
  Source output name: (none)
  Release Data: Off
  Data Released: False
  Global Release Data: Off
  PipelineMTime: 0
  UpdateMTime: 1203
  RealTimeStamp: 0 seconds 
  LargestPossibleRegion: 
    Dimension: 3
    Index: [0, 0, 0]
    Size: [193, 229, 193]
  BufferedRegion: 
    Dimension: 3
    Index: [0, 0, 0]
    Size: [193, 229, 193]
  RequestedRegion: 
    Dimension: 3
    Index: [0, 0, 0]
    Size: [193, 229, 193]
  Spacing: [1, 1, 1]
  Origin: [96, 132, -78]
  Direction: 
-1 0 0
0 -1 0
0 0 1

  IndexToPointMatrix: 
-1 0 0
0 -1 0
0 0 1

  PointToIndexMatrix: 
-1 0 0
0 -1 0
0 0 1

  Inverse Direction: 
-1 0 0
0 -1 0
0 0 1

  PixelContainer: 
    ImportImageContainer (0x3cada20)
      RTTI typeinfo:   itk::ImportImageContainer<unsigned long, double>
      Reference Count: 1
      Modified Time: 1200
      Debug: Off
      Object Name: 
      Observers: 
        none
      Pointer: 0x14e29a434010
      Container manages memory: true
      Size: 8530021
      Capacity: 8530021

     Moving image = Image (0x3ca8d70)
  RTTI typeinfo:   itk::Image<double, 3u>
  Reference Count: 2
  Modified Time: 1595
  Debug: Off
  Object Name: 
  Observers: 
    none
  Source: (none)
  Source output name: (none)
  Release Data: Off
  Data Released: False
  Global Release Data: Off
  PipelineMTime: 0
  UpdateMTime: 1592
  RealTimeStamp: 0 seconds 
  LargestPossibleRegion: 
    Dimension: 3
    Index: [0, 0, 0]
    Size: [176, 240, 256]
  BufferedRegion: 
    Dimension: 3
    Index: [0, 0, 0]
    Size: [176, 240, 256]
  RequestedRegion: 
    Dimension: 3
    Index: [0, 0, 0]
    Size: [176, 240, 256]
  Spacing: [0.999999, 1, 1]
  Origin: [93.3499, 86.9368, -128.957]
  Direction: 
-0.999513 -0.0279216 -0.0139567
0.0279189 -0.99961 0.000389866
-0.0139622 2.01492e-08 0.999903

  IndexToPointMatrix: 
-0.999512 -0.0279216 -0.0139567
0.0279189 -0.99961 0.000389866
-0.0139621 2.01492e-08 0.999903

  PointToIndexMatrix: 
-0.999514 0.0279189 -0.0139622
-0.0279216 -0.99961 2.01716e-08
-0.0139567 0.000389866 0.999903

  Inverse Direction: 
-0.999513 0.0279189 -0.0139622
-0.0279216 -0.99961 2.01716e-08
-0.0139567 0.000389866 0.999903

  PixelContainer: 
    ImportImageContainer (0x3c60c90)
      RTTI typeinfo:   itk::ImportImageContainer<unsigned long, double>
      Reference Count: 1
      Modified Time: 1589
      Debug: Off
      Object Name: 
      Observers: 
        none
      Pointer: 0x14e2951b3010
      Container manages memory: true
      Size: 10813440
      Capacity: 10813440

     Weighting = 1
     Sampling strategy = regular
     Number of bins = 32
     Radius = 4
     Sampling percentage  = 0.25
   Transform = Affine
     Gradient step = 0.1
     Update field sigma (voxel space) = 0
     Total field sigma (voxel space) = 0
     Update field time sigma = 0
     Total field time sigma  = 0
     Number of time indices = 0
     Number of time point samples = 0
Registration using 1 total stages.

Stage 0
  iterations = 1000x500x250x100
  convergence threshold = 1e-06
  convergence window size = 10
  number of levels = 4
  using the Mattes MI metric (number of bins = 32, weight = 1, use gradient filter = 0)
  preprocessing:  winsorizing the image intensities
  Shrink factors (level 1 out of 4): [8, 8, 8]
  Shrink factors (level 2 out of 4): [4, 4, 4]
  Shrink factors (level 3 out of 4): [2, 2, 2]
  Shrink factors (level 4 out of 4): [1, 1, 1]
  smoothing sigmas per level: [3, 2, 1, 0]
  regular sampling (percentage = 0.25)

*** Running AffineTransform registration ***

DIAGNOSTIC,Iteration,metricValue,convergenceValue,ITERATION_TIME_INDEX,SINCE_LAST
 2DIAGNOSTIC,     1, -6.605677679598e-01, 1.797693134862e+308, 9.3538e-01, 9.3538e-01, 
 2DIAGNOSTIC,     2, -6.632151031460e-01, 1.797693134862e+308, 9.4113e-01, 5.7528e-03, 
 2DIAGNOSTIC,     3, -6.673509390334e-01, 1.797693134862e+308, 9.4733e-01, 6.2022e-03, 
 2DIAGNOSTIC,     4, -6.728237920261e-01, 1.797693134862e+308, 9.5297e-01, 5.6400e-03, 
 2DIAGNOSTIC,     5, -6.805628710491e-01, 1.797693134862e+308, 9.5838e-01, 5.4059e-03, 
 2DIAGNOSTIC,     6, -6.933596497228e-01, 1.797693134862e+308, 9.6427e-01, 5.8882e-03, 
 2DIAGNOSTIC,     7, -7.136955327073e-01, 1.797693134862e+308, 9.7348e-01, 9.2139e-03, 
 2DIAGNOSTIC,     8, -7.196894994059e-01, 1.797693134862e+308, 9.7956e-01, 6.0811e-03, 
 2DIAGNOSTIC,     9, -7.208177707014e-01, 1.797693134862e+308, 9.8595e-01, 6.3851e-03, 
 2DIAGNOSTIC,    10, -7.211788409720e-01, 6.945817248839e-03, 9.9263e-01, 6.6841e-03, 
 2DIAGNOSTIC,    11, -7.210674794623e-01, 5.966847112432e-03, 9.9914e-01, 6.5100e-03, 
 2DIAGNOSTIC,    12, -7.213000028928e-01, 4.710977529815e-03, 1.0051e+00, 6.0050e-03, 
 2DIAGNOSTIC,    13, -7.210879941041e-01, 3.352486445850e-03, 1.0124e+00, 7.2958e-03, 
 2DIAGNOSTIC,    14, -7.210129585700e-01, 2.053607590202e-03, 1.0192e+00, 6.7661e-03, 
 2DIAGNOSTIC,    15, -7.208126195718e-01, 9.487866073146e-04, 1.0259e+00, 6.7310e-03, 
 2DIAGNOSTIC,    16, -7.208438626173e-01, 2.109748704747e-04, 1.0343e+00, 8.3301e-03, 
 2DIAGNOSTIC,    17, -7.207290316037e-01, 1.961252844765e-05, 1.0412e+00, 6.9380e-03, 
DIAGNOSTIC,Iteration,metricValue,convergenceValue,ITERATION_TIME_INDEX,SINCE_LAST
 2DIAGNOSTIC,     1, -5.941354242965e-01, 1.797693134862e+308, 1.9254e+00, 8.8419e-01, 
 2DIAGNOSTIC,     2, -5.944305310397e-01, 1.797693134862e+308, 1.9662e+00, 4.0812e-02, 
 2DIAGNOSTIC,     3, -5.946663448257e-01, 1.797693134862e+308, 2.0033e+00, 3.7042e-02, 
 2DIAGNOSTIC,     4, -5.949012278600e-01, 1.797693134862e+308, 2.0393e+00, 3.6090e-02, 
 2DIAGNOSTIC,     5, -5.954277363344e-01, 1.797693134862e+308, 2.0775e+00, 3.8112e-02, 
 2DIAGNOSTIC,     6, -5.963685844629e-01, 1.797693134862e+308, 2.1193e+00, 4.1795e-02, 
 2DIAGNOSTIC,     7, -5.987101330326e-01, 1.797693134862e+308, 2.1677e+00, 4.8401e-02, 
 2DIAGNOSTIC,     8, -6.006314535636e-01, 1.797693134862e+308, 2.2438e+00, 7.6185e-02, 
 2DIAGNOSTIC,     9, -6.006853751010e-01, 1.797693134862e+308, 2.2882e+00, 4.4374e-02, 
 2DIAGNOSTIC,    10, -6.006882350054e-01, 8.666201125159e-04, 2.3285e+00, 4.0335e-02, 
 2DIAGNOSTIC,    11, -6.007036409932e-01, 7.991773010679e-04, 2.3658e+00, 3.7218e-02, 
 2DIAGNOSTIC,    12, -6.007312325842e-01, 6.826646357344e-04, 2.4031e+00, 3.7331e-02, 
 2DIAGNOSTIC,    13, -6.007820708366e-01, 5.322781062915e-04, 2.4401e+00, 3.6997e-02, 
 2DIAGNOSTIC,    14, -6.008275178231e-01, 3.657403598747e-04, 2.4777e+00, 3.7562e-02, 
 2DIAGNOSTIC,    15, -6.008782023184e-01, 2.076222043678e-04, 2.5155e+00, 3.7869e-02, 
 2DIAGNOSTIC,    16, -6.009075715988e-01, 7.801360898145e-05, 2.5513e+00, 3.5771e-02, 
 2DIAGNOSTIC,    17, -6.009799481703e-01, 2.260670421841e-05, 2.5909e+00, 3.9594e-02, 
 2DIAGNOSTIC,    18, -6.011517573481e-01, 2.657509694162e-05, 2.6348e+00, 4.3941e-02, 
 2DIAGNOSTIC,    19, -6.013776480761e-01, 3.471058549918e-05, 2.6803e+00, 4.5499e-02, 
 2DIAGNOSTIC,    20, -6.015187124779e-01, 4.228829627398e-05, 2.7543e+00, 7.3946e-02, 
 2DIAGNOSTIC,    21, -6.016387240575e-01, 4.843444861152e-05, 2.8010e+00, 4.6717e-02, 
 2DIAGNOSTIC,    22, -6.017069122018e-01, 5.170218693820e-05, 2.8527e+00, 5.1686e-02, 
 2DIAGNOSTIC,    23, -6.017563153912e-01, 5.200003819669e-05, 2.9068e+00, 5.4134e-02, 
 2DIAGNOSTIC,    24, -6.018473223335e-01, 5.015462221258e-05, 2.9667e+00, 5.9857e-02, 
 2DIAGNOSTIC,    25, -6.019726773067e-01, 4.717771031952e-05, 3.0171e+00, 5.0381e-02, 
 2DIAGNOSTIC,    26, -6.019759457498e-01, 4.069434004603e-05, 3.0780e+00, 6.0942e-02, 
 2DIAGNOSTIC,    27, -6.019648017914e-01, 3.207205161349e-05, 3.1366e+00, 5.8632e-02, 
 2DIAGNOSTIC,    28, -6.019561481241e-01, 2.388425395825e-05, 3.1877e+00, 5.1112e-02, 
 2DIAGNOSTIC,    29, -6.019565836476e-01, 1.775530269722e-05, 3.2386e+00, 5.0882e-02, 
 2DIAGNOSTIC,    30, -6.019478093292e-01, 1.247826170520e-05, 3.2860e+00, 4.7373e-02, 
 2DIAGNOSTIC,    31, -6.019486826979e-01, 8.305661960833e-06, 3.3334e+00, 4.7439e-02, 
 2DIAGNOSTIC,    32, -6.019500291243e-01, 4.761146765356e-06, 3.3736e+00, 4.0138e-02, 
 2DIAGNOSTIC,    33, -6.019518203458e-01, 1.794982445000e-06, 3.4129e+00, 3.9306e-02, 
DIAGNOSTIC,Iteration,metricValue,convergenceValue,ITERATION_TIME_INDEX,SINCE_LAST
 2DIAGNOSTIC,     1, -5.256794566724e-01, 1.797693134862e+308, 4.6552e+00, 1.2424e+00, 
 2DIAGNOSTIC,     2, -5.259911820379e-01, 1.797693134862e+308, 4.9651e+00, 3.0983e-01, 
 2DIAGNOSTIC,     3, -5.262823388292e-01, 1.797693134862e+308, 5.2712e+00, 3.0609e-01, 
 2DIAGNOSTIC,     4, -5.265182898636e-01, 1.797693134862e+308, 5.5820e+00, 3.1083e-01, 
 2DIAGNOSTIC,     5, -5.268233209720e-01, 1.797693134862e+308, 5.8972e+00, 3.1518e-01, 
 2DIAGNOSTIC,     6, -5.273025114034e-01, 1.797693134862e+308, 6.2004e+00, 3.0320e-01, 
 2DIAGNOSTIC,     7, -5.280415083010e-01, 1.797693134862e+308, 6.5152e+00, 3.1484e-01, 
 2DIAGNOSTIC,     8, -5.303010929891e-01, 1.797693134862e+308, 6.8968e+00, 3.8155e-01, 
 2DIAGNOSTIC,     9, -5.312310317872e-01, 1.797693134862e+308, 7.3540e+00, 4.5724e-01, 
 2DIAGNOSTIC,    10, -5.318805864216e-01, 7.777905158469e-04, 8.0720e+00, 7.1795e-01, 
 2DIAGNOSTIC,    11, -5.318807707556e-01, 7.772312825592e-04, 8.4287e+00, 3.5679e-01, 
 2DIAGNOSTIC,    12, -5.318871130308e-01, 7.216096395894e-04, 8.7758e+00, 3.4707e-01, 
 2DIAGNOSTIC,    13, -5.318866271964e-01, 6.205157957441e-04, 9.1225e+00, 3.4666e-01, 
 2DIAGNOSTIC,    14, -5.318898198392e-01, 4.863308335437e-04, 9.4695e+00, 3.4706e-01, 
 2DIAGNOSTIC,    15, -5.318916549730e-01, 3.375636278729e-04, 9.8097e+00, 3.4013e-01, 
 2DIAGNOSTIC,    16, -5.318877883965e-01, 1.933026285810e-04, 1.0164e+01, 3.5386e-01, 
 2DIAGNOSTIC,    17, -5.318884751813e-01, 7.047472926361e-05, 1.0476e+01, 3.1202e-01, 
 2DIAGNOSTIC,    18, -5.318847115113e-01, 2.168961140397e-05, 1.0819e+01, 3.4365e-01, 
 2DIAGNOSTIC,    19, -5.318843626141e-01, 1.935329478321e-06, 1.1193e+01, 3.7376e-01, 
 2DIAGNOSTIC,    20, -5.318841329269e-01, 1.552012610519e-06, 1.1512e+01, 3.1949e-01, 
 2DIAGNOSTIC,    21, -5.318817691938e-01, 1.150262637896e-06, 1.2005e+01, 4.9215e-01, 
DIAGNOSTIC,Iteration,metricValue,convergenceValue,ITERATION_TIME_INDEX,SINCE_LAST
 2DIAGNOSTIC,     1, -4.877179070194e-01, 1.797693134862e+308, 1.5053e+01, 3.0480e+00, 
 2DIAGNOSTIC,     2, -4.880219061791e-01, 1.797693134862e+308, 1.6961e+01, 1.9080e+00, 
 2DIAGNOSTIC,     3, -4.882509153604e-01, 1.797693134862e+308, 1.8911e+01, 1.9507e+00, 
 2DIAGNOSTIC,     4, -4.884176416757e-01, 1.797693134862e+308, 2.0843e+01, 1.9321e+00, 
 2DIAGNOSTIC,     5, -4.886197314868e-01, 1.797693134862e+308, 2.2778e+01, 1.9350e+00, 
 2DIAGNOSTIC,     6, -4.887550193581e-01, 1.797693134862e+308, 2.4724e+01, 1.9455e+00, 
 2DIAGNOSTIC,     7, -4.892834967541e-01, 1.797693134862e+308, 2.7001e+01, 2.2776e+00, 
 2DIAGNOSTIC,     8, -4.899931981128e-01, 1.797693134862e+308, 2.9297e+01, 2.2956e+00, 
 2DIAGNOSTIC,     9, -4.900703081772e-01, 1.797693134862e+308, 3.1647e+01, 2.3502e+00, 
 2DIAGNOSTIC,    10, -4.900790899938e-01, 3.403690971493e-04, 3.4594e+01, 2.9470e+00, 
 2DIAGNOSTIC,    11, -4.900790622349e-01, 2.957596351956e-04, 3.6979e+01, 2.3845e+00, 
 2DIAGNOSTIC,    12, -4.900789579590e-01, 2.464799731520e-04, 3.9831e+01, 2.8523e+00, 
 2DIAGNOSTIC,    13, -4.900790003746e-01, 1.923840579672e-04, 4.1862e+01, 2.0315e+00, 
 2DIAGNOSTIC,    14, -4.900789992575e-01, 1.357168244905e-04, 4.4119e+01, 2.2570e+00, 
 2DIAGNOSTIC,    15, -4.900789285813e-01, 8.278666038611e-05, 4.6421e+01, 2.3015e+00, 
 2DIAGNOSTIC,    16, -4.900787901476e-01, 3.379721516032e-05, 4.8332e+01, 1.9113e+00, 
 2DIAGNOSTIC,    17, -4.900788177308e-01, 5.047081854691e-06, 5.0692e+01, 2.3600e+00, 
 2DIAGNOSTIC,    18, -4.900788723543e-01, 2.031540761512e-06, 5.2577e+01, 1.8843e+00, 
 2DIAGNOSTIC,    19, -4.900788172996e-01, 1.656523575873e-06, 5.4247e+01, 1.6705e+00, 
 2DIAGNOSTIC,    20, -4.900787996523e-01, 1.575453649302e-06, 5.6192e+01, 1.9449e+00, 
 2DIAGNOSTIC,    21, -4.900787992404e-01, 1.503096561321e-06, 5.8063e+01, 1.8711e+00, 
 2DIAGNOSTIC,    22, -4.900787366823e-01, 1.434074247963e-06, 6.0097e+01, 2.0343e+00, 
 2DIAGNOSTIC,    23, -4.900788930754e-01, 1.377269597390e-06, 6.2453e+01, 2.3556e+00, 
