
##########################
# Experiment information #
##########################

EXPERIMENT_NAME: antsRegistration-r8-p22
VFC_BACKENDS: libinterflop_vprec.so --range-binary32=8 --precision-binary32=22 --range-binary64=8 --precision-binary64=22

SIF_IMG: /home/mdugre/projects/rrg-glatard/mdugre/containers/ants-vprec-no_metrics.simg

SUBJECT_ID: s014
INPUT_IMG: /home/mdugre/scratch/mri-registration-rp/datasets/ds004513/derivatives/mri-registration-rp/antsBrainExtraction/sub-s014/BrainExtractionBrain.nii.gz
OUTPUT_DIR: /home/mdugre/scratch/mri-registration-rp/datasets/ds004513/derivatives/mri-registration-rp/0001/antsRegistration-r8-p22/sub-s014

FIXED_IMG: /templateflow/tpl-MNI152NLin2009cAsym/tpl-MNI152NLin2009cAsym_res-01_desc-brain_T1w.nii.gz
DATA_DIR: /home/mdugre/scratch/mri-registration-rp/datasets/ds004513
TEMPLATEFLOW_DIR: /home/mdugre/projects/rrg-glatard/mdugre/templateflow
ITK_GLOBAL_DEFAULT_NUMBER_OF_THREADS: 16
##########################

Info [verificarlo]: loaded backend libinterflop_ieee.so
Info [interflop-ieee]: load backend with:
Info [interflop-ieee]: debug = false
Info [interflop-ieee]: debug-binary = false
Info [interflop-ieee]: no-backend-name = false
Info [interflop-ieee]: print-new-line = false
Info [interflop-ieee]: print-subnormal-normalized = false
Info [interflop-ieee]: count-op = false
All_Command_lines_OK
Using double precision for computations.
=============================================================================
The composite transform comprises the following transforms (in order): 
  1. Center of mass alignment using fixed image: /templateflow/tpl-MNI152NLin2009cAsym/tpl-MNI152NLin2009cAsym_res-01_desc-brain_T1w.nii.gz and moving image: /home/mdugre/scratch/mri-registration-rp/datasets/ds004513/derivatives/mri-registration-rp/antsBrainExtraction/sub-s014/BrainExtractionBrain.nii.gz (type = Euler3DTransform)
=============================================================================
  number of levels = 1
  fixed image: /templateflow/tpl-MNI152NLin2009cAsym/tpl-MNI152NLin2009cAsym_res-01_desc-brain_T1w.nii.gz
  moving image: /home/mdugre/scratch/mri-registration-rp/datasets/ds004513/derivatives/mri-registration-rp/antsBrainExtraction/sub-s014/BrainExtractionBrain.nii.gz
Dimension = 3
Number of stages = 1
Use histogram matching = false
Winsorize image intensities = true
  Lower quantile = 0.005
  Upper quantile = 0.995


Stage 1 State
   Image metric = MattesMI
     Fixed image = Image (0x367ee70)
  RTTI typeinfo:   itk::Image<double, 3u>
  Reference Count: 2
  Modified Time: 2334
  Debug: Off
  Object Name: 
  Observers: 
    none
  Source: (none)
  Source output name: (none)
  Release Data: Off
  Data Released: False
  Global Release Data: Off
  PipelineMTime: 0
  UpdateMTime: 1943
  RealTimeStamp: 0 seconds 
  LargestPossibleRegion: 
    Dimension: 3
    Index: [0, 0, 0]
    Size: [193, 229, 193]
  BufferedRegion: 
    Dimension: 3
    Index: [0, 0, 0]
    Size: [193, 229, 193]
  RequestedRegion: 
    Dimension: 3
    Index: [0, 0, 0]
    Size: [193, 229, 193]
  Spacing: [1, 1, 1]
  Origin: [96, 132, -78]
  Direction: 
-1 0 0
0 -1 0
0 0 1

  IndexToPointMatrix: 
-1 0 0
0 -1 0
0 0 1

  PointToIndexMatrix: 
-1 0 0
0 -1 0
0 0 1

  Inverse Direction: 
-1 0 0
0 -1 0
0 0 1

  PixelContainer: 
    ImportImageContainer (0x368b140)
      RTTI typeinfo:   itk::ImportImageContainer<unsigned long, double>
      Reference Count: 1
      Modified Time: 1940
      Debug: Off
      Object Name: 
      Observers: 
        none
      Pointer: 0x1456f76b2010
      Container manages memory: true
      Size: 8530021
      Capacity: 8530021

     Moving image = Image (0x3688310)
  RTTI typeinfo:   itk::Image<double, 3u>
  Reference Count: 2
  Modified Time: 2335
  Debug: Off
  Object Name: 
  Observers: 
    none
  Source: (none)
  Source output name: (none)
  Release Data: Off
  Data Released: False
  Global Release Data: Off
  PipelineMTime: 0
  UpdateMTime: 2332
  RealTimeStamp: 0 seconds 
  LargestPossibleRegion: 
    Dimension: 3
    Index: [0, 0, 0]
    Size: [160, 240, 256]
  BufferedRegion: 
    Dimension: 3
    Index: [0, 0, 0]
    Size: [160, 240, 256]
  RequestedRegion: 
    Dimension: 3
    Index: [0, 0, 0]
    Size: [160, 240, 256]
  Spacing: [0.999999, 1, 1]
  Origin: [84.1637, 106.709, -120.531]
  Direction: 
-0.999619 -0.0226874 -0.0157033
0.0226846 -0.999743 0.00035635
-0.0157073 -7.8229e-09 0.999877

  IndexToPointMatrix: 
-0.999619 -0.0226874 -0.0157033
0.0226845 -0.999743 0.00035635
-0.0157073 -7.8229e-09 0.999877

  PointToIndexMatrix: 
-0.99962 0.0226846 -0.0157073
-0.0226874 -0.999743 -7.83127e-09
-0.0157033 0.00035635 0.999877

  Inverse Direction: 
-0.999619 0.0226846 -0.0157073
-0.0226874 -0.999743 -7.83127e-09
-0.0157033 0.00035635 0.999877

  PixelContainer: 
    ImportImageContainer (0x37b3610)
      RTTI typeinfo:   itk::ImportImageContainer<unsigned long, double>
      Reference Count: 1
      Modified Time: 2329
      Debug: Off
      Object Name: 
      Observers: 
        none
      Pointer: 0x1456f2bb1010
      Container manages memory: true
      Size: 9830400
      Capacity: 9830400

     Weighting = 1
     Sampling strategy = regular
     Number of bins = 32
     Radius = 4
     Sampling percentage  = 0.25
   Transform = Rigid
     Gradient step = 0.1
     Update field sigma (voxel space) = 0
     Total field sigma (voxel space) = 0
     Update field time sigma = 0
     Total field time sigma  = 0
     Number of time indices = 0
     Number of time point samples = 0
Registration using 1 total stages.

Stage 0
  iterations = 0
  convergence threshold = 1e-06
  convergence window size = 10
  number of levels = 1
  using the Mattes MI metric (number of bins = 32, weight = 1, use gradient filter = 0)
  preprocessing:  winsorizing the image intensities
  Shrink factors (level 1 out of 1): [1, 1, 1]
  smoothing sigmas per level: [0]
  regular sampling (percentage = 0.25)

*** Running Euler3DTransform registration ***

  Elapsed time (stage 0): 1.10756


Total elapsed time: 1.10978
Info [verificarlo]: loaded backend libinterflop_ieee.so
Info [interflop-ieee]: load backend with:
Info [interflop-ieee]: debug = false
Info [interflop-ieee]: debug-binary = false
Info [interflop-ieee]: no-backend-name = false
Info [interflop-ieee]: print-new-line = false
Info [interflop-ieee]: print-subnormal-normalized = false
Info [interflop-ieee]: count-op = false
All_Command_lines_OK
Using double precision for computations.
=============================================================================
The composite transform comprises the following transforms (in order): 
  1. /home/mdugre/scratch/mri-registration-rp/datasets/ds004513/derivatives/mri-registration-rp/0001/antsRegistration-r8-p22/sub-s014/align_Composite.h5[0] (type = Euler3DTransform)
  2. /home/mdugre/scratch/mri-registration-rp/datasets/ds004513/derivatives/mri-registration-rp/0001/antsRegistration-r8-p22/sub-s014/align_Composite.h5[1] (type = Euler3DTransform)
=============================================================================
  number of levels = 4
  fixed image: /templateflow/tpl-MNI152NLin2009cAsym/tpl-MNI152NLin2009cAsym_res-01_desc-brain_T1w.nii.gz
  moving image: /home/mdugre/scratch/mri-registration-rp/datasets/ds004513/derivatives/mri-registration-rp/antsBrainExtraction/sub-s014/BrainExtractionBrain.nii.gz
Dimension = 3
Number of stages = 1
Use histogram matching = false
Winsorize image intensities = true
  Lower quantile = 0.005
  Upper quantile = 0.995


Stage 1 State
   Image metric = MattesMI
     Fixed image = Image (0x3f41530)
  RTTI typeinfo:   itk::Image<double, 3u>
  Reference Count: 2
  Modified Time: 1580
  Debug: Off
  Object Name: 
  Observers: 
    none
  Source: (none)
  Source output name: (none)
  Release Data: Off
  Data Released: False
  Global Release Data: Off
  PipelineMTime: 0
  UpdateMTime: 1189
  RealTimeStamp: 0 seconds 
  LargestPossibleRegion: 
    Dimension: 3
    Index: [0, 0, 0]
    Size: [193, 229, 193]
  BufferedRegion: 
    Dimension: 3
    Index: [0, 0, 0]
    Size: [193, 229, 193]
  RequestedRegion: 
    Dimension: 3
    Index: [0, 0, 0]
    Size: [193, 229, 193]
  Spacing: [1, 1, 1]
  Origin: [96, 132, -78]
  Direction: 
-1 0 0
0 -1 0
0 0 1

  IndexToPointMatrix: 
-1 0 0
0 -1 0
0 0 1

  PointToIndexMatrix: 
-1 0 0
0 -1 0
0 0 1

  Inverse Direction: 
-1 0 0
0 -1 0
0 0 1

  PixelContainer: 
    ImportImageContainer (0x3fffd60)
      RTTI typeinfo:   itk::ImportImageContainer<unsigned long, double>
      Reference Count: 1
      Modified Time: 1186
      Debug: Off
      Object Name: 
      Observers: 
        none
      Pointer: 0x150a9333b010
      Container manages memory: true
      Size: 8530021
      Capacity: 8530021

     Moving image = Image (0x3ff1f60)
  RTTI typeinfo:   itk::Image<double, 3u>
  Reference Count: 2
  Modified Time: 1581
  Debug: Off
  Object Name: 
  Observers: 
    none
  Source: (none)
  Source output name: (none)
  Release Data: Off
  Data Released: False
  Global Release Data: Off
  PipelineMTime: 0
  UpdateMTime: 1578
  RealTimeStamp: 0 seconds 
  LargestPossibleRegion: 
    Dimension: 3
    Index: [0, 0, 0]
    Size: [160, 240, 256]
  BufferedRegion: 
    Dimension: 3
    Index: [0, 0, 0]
    Size: [160, 240, 256]
  RequestedRegion: 
    Dimension: 3
    Index: [0, 0, 0]
    Size: [160, 240, 256]
  Spacing: [0.999999, 1, 1]
  Origin: [84.1637, 106.709, -120.531]
  Direction: 
-0.999619 -0.0226874 -0.0157033
0.0226846 -0.999743 0.00035635
-0.0157073 -7.8229e-09 0.999877

  IndexToPointMatrix: 
-0.999619 -0.0226874 -0.0157033
0.0226845 -0.999743 0.00035635
-0.0157073 -7.8229e-09 0.999877

  PointToIndexMatrix: 
-0.99962 0.0226846 -0.0157073
-0.0226874 -0.999743 -7.83127e-09
-0.0157033 0.00035635 0.999877

  Inverse Direction: 
-0.999619 0.0226846 -0.0157073
-0.0226874 -0.999743 -7.83127e-09
-0.0157033 0.00035635 0.999877

  PixelContainer: 
    ImportImageContainer (0x3fe36d0)
      RTTI typeinfo:   itk::ImportImageContainer<unsigned long, double>
      Reference Count: 1
      Modified Time: 1575
      Debug: Off
      Object Name: 
      Observers: 
        none
      Pointer: 0x150a8e83a010
      Container manages memory: true
      Size: 9830400
      Capacity: 9830400

     Weighting = 1
     Sampling strategy = regular
     Number of bins = 32
     Radius = 4
     Sampling percentage  = 0.25
   Transform = Rigid
     Gradient step = 0.1
     Update field sigma (voxel space) = 0
     Total field sigma (voxel space) = 0
     Update field time sigma = 0
     Total field time sigma  = 0
     Number of time indices = 0
     Number of time point samples = 0
Registration using 1 total stages.

Stage 0
  iterations = 1000x500x250x100
  convergence threshold = 1e-06
  convergence window size = 10
  number of levels = 4
  using the Mattes MI metric (number of bins = 32, weight = 1, use gradient filter = 0)
  preprocessing:  winsorizing the image intensities
  Shrink factors (level 1 out of 4): [8, 8, 8]
  Shrink factors (level 2 out of 4): [4, 4, 4]
  Shrink factors (level 3 out of 4): [2, 2, 2]
  Shrink factors (level 4 out of 4): [1, 1, 1]
  smoothing sigmas per level: [3, 2, 1, 0]
  regular sampling (percentage = 0.25)

*** Running Euler3DTransform registration ***

DIAGNOSTIC,Iteration,metricValue,convergenceValue,ITERATION_TIME_INDEX,SINCE_LAST
 2DIAGNOSTIC,     1, -4.770821406565e-01, 1.797693134862e+308, 6.8978e-01, 6.8978e-01, 
 2DIAGNOSTIC,     2, -4.784216133942e-01, 1.797693134862e+308, 6.9371e-01, 3.9270e-03, 
 2DIAGNOSTIC,     3, -4.807043200681e-01, 1.797693134862e+308, 6.9792e-01, 4.2140e-03, 
 2DIAGNOSTIC,     4, -4.840264478065e-01, 1.797693134862e+308, 7.0164e-01, 3.7160e-03, 
 2DIAGNOSTIC,     5, -4.883050305770e-01, 1.797693134862e+308, 7.0527e-01, 3.6302e-03, 
 2DIAGNOSTIC,     6, -4.953560426371e-01, 1.797693134862e+308, 7.0979e-01, 4.5199e-03, 
 2DIAGNOSTIC,     7, -5.007350570384e-01, 1.797693134862e+308, 7.1397e-01, 4.1828e-03, 
 2DIAGNOSTIC,     8, -5.013278569503e-01, 1.797693134862e+308, 7.1795e-01, 3.9790e-03, 
 2DIAGNOSTIC,     9, -5.085255256006e-01, 1.797693134862e+308, 7.2259e-01, 4.6401e-03, 
 2DIAGNOSTIC,    10, -5.161992633656e-01, 5.125196520979e-03, 7.2799e-01, 5.3961e-03, 
 2DIAGNOSTIC,    11, -5.167072941437e-01, 4.879252931146e-03, 7.3198e-01, 3.9968e-03, 
 2DIAGNOSTIC,    12, -5.203629876260e-01, 4.481282734469e-03, 7.3585e-01, 3.8691e-03, 
 2DIAGNOSTIC,    13, -5.229718709777e-01, 3.958672533580e-03, 7.3969e-01, 3.8359e-03, 
 2DIAGNOSTIC,    14, -5.250338110830e-01, 3.368007801725e-03, 7.4399e-01, 4.3049e-03, 
 2DIAGNOSTIC,    15, -5.272078697649e-01, 2.786121483398e-03, 7.5035e-01, 6.3598e-03, 
 2DIAGNOSTIC,    16, -5.275715603979e-01, 2.284098302175e-03, 7.5455e-01, 4.1940e-03, 
 2DIAGNOSTIC,    17, -5.282507656512e-01, 1.839921123753e-03, 7.5879e-01, 4.2448e-03, 
 2DIAGNOSTIC,    18, -5.289722876066e-01, 1.313912041907e-03, 7.6340e-01, 4.6070e-03, 
 2DIAGNOSTIC,    19, -5.292207410111e-01, 9.370568707403e-04, 7.6849e-01, 5.0919e-03, 
 2DIAGNOSTIC,    20, -5.294476960672e-01, 7.341365573353e-04, 7.7315e-01, 4.6599e-03, 
 2DIAGNOSTIC,    21, -5.294955840903e-01, 4.966190831844e-04, 7.7724e-01, 4.0908e-03, 
 2DIAGNOSTIC,    22, -5.295366245031e-01, 3.281311959272e-04, 7.8187e-01, 4.6301e-03, 
 2DIAGNOSTIC,    23, -5.295376311909e-01, 2.063244245585e-04, 7.8641e-01, 4.5400e-03, 
 2DIAGNOSTIC,    24, -5.295911249027e-01, 1.234508389469e-04, 7.9098e-01, 4.5671e-03, 
 2DIAGNOSTIC,    25, -5.296271130650e-01, 8.499150549916e-05, 7.9561e-01, 4.6329e-03, 
 2DIAGNOSTIC,    26, -5.296539599383e-01, 4.983583932723e-05, 7.9999e-01, 4.3800e-03, 
 2DIAGNOSTIC,    27, -5.297704229808e-01, 2.877322815822e-05, 8.0400e-01, 4.0109e-03, 
 2DIAGNOSTIC,    28, -5.299884954863e-01, 2.504887531309e-05, 8.0944e-01, 5.4390e-03, 
 2DIAGNOSTIC,    29, -5.300854192462e-01, 2.569611951815e-05, 8.1412e-01, 4.6761e-03, 
 2DIAGNOSTIC,    30, -5.300410324621e-01, 2.732899343923e-05, 8.1830e-01, 4.1831e-03, 
 2DIAGNOSTIC,    31, -5.300376932141e-01, 2.724560548021e-05, 8.2238e-01, 4.0751e-03, 
 2DIAGNOSTIC,    32, -5.301686264233e-01, 2.763232918937e-05, 8.2644e-01, 4.0631e-03, 
 2DIAGNOSTIC,    33, -5.303926738421e-01, 2.905769097199e-05, 8.3153e-01, 5.0871e-03, 
 2DIAGNOSTIC,    34, -5.304519664602e-01, 2.945835349331e-05, 8.3656e-01, 5.0371e-03, 
 2DIAGNOSTIC,    35, -5.305073139184e-01, 2.868169330404e-05, 8.4063e-01, 4.0700e-03, 
 2DIAGNOSTIC,    36, -5.305686017148e-01, 2.670517375287e-05, 8.4472e-01, 4.0829e-03, 
 2DIAGNOSTIC,    37, -5.306602858943e-01, 2.533264914313e-05, 8.5026e-01, 5.5461e-03, 
 2DIAGNOSTIC,    38, -5.306881156231e-01, 2.512162425836e-05, 8.5432e-01, 4.0560e-03, 
 2DIAGNOSTIC,    39, -5.307317416636e-01, 2.461885299283e-05, 8.5837e-01, 4.0479e-03, 
 2DIAGNOSTIC,    40, -5.308225091355e-01, 2.257034276641e-05, 8.6389e-01, 5.5230e-03, 
 2DIAGNOSTIC,    41, -5.308460424125e-01, 1.877385525965e-05, 8.6794e-01, 4.0522e-03, 
 2DIAGNOSTIC,    42, -5.308561837321e-01, 1.520831956947e-05, 8.7202e-01, 4.0801e-03, 
 2DIAGNOSTIC,    43, -5.308777649273e-01, 1.355835176826e-05, 8.7612e-01, 4.0991e-03, 
 2DIAGNOSTIC,    44, -5.309114036110e-01, 1.190613943958e-05, 8.8017e-01, 4.0500e-03, 
 2DIAGNOSTIC,    45, -5.310262965518e-01, 1.129423566203e-05, 8.8670e-01, 6.5320e-03, 
 2DIAGNOSTIC,    46, -5.310374074445e-01, 1.049838941612e-05, 8.9074e-01, 4.0331e-03, 
 2DIAGNOSTIC,    47, -5.310434720121e-01, 9.962263447228e-06, 8.9480e-01, 4.0679e-03, 
 2DIAGNOSTIC,    48, -5.310518853633e-01, 8.989886104559e-06, 8.9896e-01, 4.1549e-03, 
 2DIAGNOSTIC,    49, -5.310584329537e-01, 7.783359500232e-06, 9.0401e-01, 5.0530e-03, 
 2DIAGNOSTIC,    50, -5.310645817646e-01, 6.973833583331e-06, 9.0954e-01, 5.5270e-03, 
 2DIAGNOSTIC,    51, -5.310656430618e-01, 5.851695600037e-06, 9.1377e-01, 4.2310e-03, 
 2DIAGNOSTIC,    52, -5.310738190002e-01, 4.481863509750e-06, 9.1831e-01, 4.5440e-03, 
 2DIAGNOSTIC,    53, -5.310768127969e-01, 3.049471521355e-06, 9.2238e-01, 4.0700e-03, 
 2DIAGNOSTIC,    54, -5.310775506016e-01, 1.750844720060e-06, 9.2643e-01, 4.0441e-03, 
 2DIAGNOSTIC,    55, -5.310817434211e-01, 1.565716413111e-06, 9.3049e-01, 4.0641e-03, 
 2DIAGNOSTIC,    56, -5.310870994121e-01, 1.452195857433e-06, 9.3512e-01, 4.6270e-03, 
 2DIAGNOSTIC,    57, -5.310885232962e-01, 1.327089154776e-06, 9.3969e-01, 4.5669e-03, 
 2DIAGNOSTIC,    58, -5.310914487851e-01, 1.238639651180e-06, 9.4429e-01, 4.6072e-03, 
 2DIAGNOSTIC,    59, -5.311015678587e-01, 1.240623596716e-06, 9.4933e-01, 5.0321e-03, 
 2DIAGNOSTIC,    60, -5.311021904297e-01, 1.235244579050e-06, 9.5339e-01, 4.0662e-03, 
 2DIAGNOSTIC,    61, -5.311059901820e-01, 1.204917779149e-06, 9.6620e-01, 1.2806e-02, 
 2DIAGNOSTIC,    62, -5.311059901659e-01, 1.182103197314e-06, 9.7885e-01, 1.2648e-02, 
 2DIAGNOSTIC,    63, -5.311059901659e-01, 1.122797857543e-06, 9.8341e-01, 4.5650e-03, 
 2DIAGNOSTIC,    64, -5.311059901659e-01, 1.011506956094e-06, 9.8847e-01, 5.0581e-03, 
DIAGNOSTIC,Iteration,metricValue,convergenceValue,ITERATION_TIME_INDEX,SINCE_LAST
 2DIAGNOSTIC,     1, -4.295258231625e-01, 1.797693134862e+308, 1.6737e+00, 6.8522e-01, 
 2DIAGNOSTIC,     2, -4.302859640432e-01, 1.797693134862e+308, 1.7026e+00, 2.8867e-02, 
 2DIAGNOSTIC,     3, -4.309651196675e-01, 1.797693134862e+308, 1.7314e+00, 2.8809e-02, 
 2DIAGNOSTIC,     4, -4.317164347764e-01, 1.797693134862e+308, 1.7604e+00, 2.9080e-02, 
 2DIAGNOSTIC,     5, -4.325561938345e-01, 1.797693134862e+308, 1.7899e+00, 2.9463e-02, 
 2DIAGNOSTIC,     6, -4.341819580779e-01, 1.797693134862e+308, 1.8191e+00, 2.9170e-02, 
 2DIAGNOSTIC,     7, -4.354327949460e-01, 1.797693134862e+308, 1.8478e+00, 2.8730e-02, 
 2DIAGNOSTIC,     8, -4.367134834401e-01, 1.797693134862e+308, 1.8805e+00, 3.2727e-02, 
 2DIAGNOSTIC,     9, -4.377076816053e-01, 1.797693134862e+308, 1.9204e+00, 3.9909e-02, 
 2DIAGNOSTIC,    10, -4.379510214291e-01, 1.375954781894e-03, 1.9499e+00, 2.9459e-02, 
 2DIAGNOSTIC,    11, -4.381306699704e-01, 1.211218579658e-03, 1.9792e+00, 2.9274e-02, 
 2DIAGNOSTIC,    12, -4.403708091238e-01, 1.128184042352e-03, 2.0118e+00, 3.2652e-02, 
 2DIAGNOSTIC,    13, -4.435986505839e-01, 1.148562288473e-03, 2.0492e+00, 3.7335e-02, 
 2DIAGNOSTIC,    14, -4.436199448029e-01, 1.094787362114e-03, 2.0751e+00, 2.5895e-02, 
 2DIAGNOSTIC,    15, -4.445052015930e-01, 1.025845786640e-03, 2.1052e+00, 3.0181e-02, 
 2DIAGNOSTIC,    16, -4.479362667083e-01, 1.077370586226e-03, 2.1404e+00, 3.5135e-02, 
 2DIAGNOSTIC,    17, -4.481475950941e-01, 1.073587586376e-03, 2.1657e+00, 2.5280e-02, 
 2DIAGNOSTIC,    18, -4.482020490294e-01, 1.018146300330e-03, 2.1943e+00, 2.8638e-02, 
 2DIAGNOSTIC,    19, -4.481966708554e-01, 9.107728216804e-04, 2.2479e+00, 5.3584e-02, 
 2DIAGNOSTIC,    20, -4.481953335772e-01, 7.394369048156e-04, 2.2731e+00, 2.5257e-02, 
 2DIAGNOSTIC,    21, -4.481954334216e-01, 5.189437707865e-04, 2.3086e+00, 3.5471e-02, 
 2DIAGNOSTIC,    22, -4.482018533905e-01, 3.337448833943e-04, 2.3414e+00, 3.2836e-02, 
 2DIAGNOSTIC,    23, -4.481921491790e-01, 2.259319925391e-04, 2.3696e+00, 2.8181e-02, 
 2DIAGNOSTIC,    24, -4.482074312934e-01, 1.077320655888e-04, 2.4012e+00, 3.1560e-02, 
 2DIAGNOSTIC,    25, -4.482144439092e-01, 9.691657061925e-06, 2.4326e+00, 3.1440e-02, 
 2DIAGNOSTIC,    26, -4.482116710137e-01, 3.273680622896e-06, 2.4644e+00, 3.1776e-02, 
 2DIAGNOSTIC,    27, -4.482088353680e-01, 2.084627995523e-06, 2.4965e+00, 3.2090e-02, 
 2DIAGNOSTIC,    28, -4.482139220079e-01, 2.274305808549e-06, 2.5245e+00, 2.7969e-02, 
 2DIAGNOSTIC,    29, -4.482420866504e-01, 2.842587691038e-06, 2.5559e+00, 3.1464e-02, 
 2DIAGNOSTIC,    30, -4.482455732834e-01, 3.232687925639e-06, 2.5874e+00, 3.1454e-02, 
 2DIAGNOSTIC,    31, -4.482405886596e-01, 3.298139513774e-06, 2.6152e+00, 2.7872e-02, 
 2DIAGNOSTIC,    32, -4.482290915021e-01, 3.068922578592e-06, 2.6433e+00, 2.8030e-02, 
 2DIAGNOSTIC,    33, -4.482261087537e-01, 2.406544771856e-06, 2.6748e+00, 3.1523e-02, 
 2DIAGNOSTIC,    34, -4.482147421360e-01, 1.704268242905e-06, 2.7064e+00, 3.1644e-02, 
 2DIAGNOSTIC,    35, -4.482170221729e-01, 1.142411526725e-06, 2.7343e+00, 2.7901e-02, 
DIAGNOSTIC,Iteration,metricValue,convergenceValue,ITERATION_TIME_INDEX,SINCE_LAST
 2DIAGNOSTIC,     1, -3.932184618962e-01, 1.797693134862e+308, 3.7015e+00, 9.6715e-01, 
 2DIAGNOSTIC,     2, -3.933350080843e-01, 1.797693134862e+308, 3.8951e+00, 1.9360e-01, 
 2DIAGNOSTIC,     3, -3.934316047607e-01, 1.797693134862e+308, 4.0801e+00, 1.8499e-01, 
 2DIAGNOSTIC,     4, -3.934445201721e-01, 1.797693134862e+308, 4.3093e+00, 2.2919e-01, 
 2DIAGNOSTIC,     5, -3.934561041449e-01, 1.797693134862e+308, 4.5418e+00, 2.3251e-01, 
 2DIAGNOSTIC,     6, -3.934557400519e-01, 1.797693134862e+308, 4.7951e+00, 2.5333e-01, 
 2DIAGNOSTIC,     7, -3.934568947971e-01, 1.797693134862e+308, 5.1577e+00, 3.6254e-01, 
 2DIAGNOSTIC,     8, -3.934560026784e-01, 1.797693134862e+308, 5.3898e+00, 2.3210e-01, 
 2DIAGNOSTIC,     9, -3.934553707500e-01, 1.797693134862e+308, 5.6785e+00, 2.8870e-01, 
 2DIAGNOSTIC,    10, -3.934548435881e-01, 2.950388598814e-05, 5.9000e+00, 2.2155e-01, 
 2DIAGNOSTIC,    11, -3.934535150916e-01, 1.251788023915e-05, 6.1189e+00, 2.1885e-01, 
 2DIAGNOSTIC,    12, -3.934529103834e-01, 4.334109282383e-06, 6.3638e+00, 2.4493e-01, 
 2DIAGNOSTIC,    13, -3.934523312397e-01, 2.580302789226e-06, 6.5660e+00, 2.0223e-01, 
 2DIAGNOSTIC,    14, -3.934518640952e-01, 1.691075640853e-06, 6.8486e+00, 2.8256e-01, 
 2DIAGNOSTIC,    15, -3.934519734483e-01, 1.537715179550e-06, 7.0473e+00, 1.9875e-01, 
 2DIAGNOSTIC,    16, -3.934513609594e-01, 1.410839902266e-06, 7.2457e+00, 1.9837e-01, 
 2DIAGNOSTIC,    17, -3.934508380305e-01, 1.380509426933e-06, 7.4792e+00, 2.3349e-01, 
 2DIAGNOSTIC,    18, -3.934502559789e-01, 1.340256726982e-06, 7.6829e+00, 2.0371e-01, 
 2DIAGNOSTIC,    19, -3.934497851787e-01, 1.301860281161e-06, 7.9152e+00, 2.3234e-01, 
 2DIAGNOSTIC,    20, -3.934499621661e-01, 1.290039213647e-06, 8.1238e+00, 2.0860e-01, 
 2DIAGNOSTIC,    21, -3.934502604958e-01, 1.271710142775e-06, 8.3481e+00, 2.2427e-01, 
 2DIAGNOSTIC,    22, -3.934498715627e-01, 1.245514080685e-06, 8.5611e+00, 2.1294e-01, 
 2DIAGNOSTIC,    23, -3.934501307259e-01, 1.231426805179e-06, 8.7959e+00, 2.3486e-01, 
 2DIAGNOSTIC,    24, -3.934495535728e-01, 1.200792279152e-06, 8.9925e+00, 1.9663e-01, 
 2DIAGNOSTIC,    25, -3.934490927644e-01, 1.174527707565e-06, 9.1872e+00, 1.9463e-01, 
 2DIAGNOSTIC,    26, -3.934495816328e-01, 1.156238069455e-06, 9.4010e+00, 2.1388e-01, 
 2DIAGNOSTIC,    27, -3.934510332927e-01, 1.170201612520e-06, 9.6478e+00, 2.4672e-01, 
 2DIAGNOSTIC,    28, -3.934498670295e-01, 1.138213990531e-06, 9.8852e+00, 2.3745e-01, 
 2DIAGNOSTIC,    29, -3.934494067961e-01, 1.086573253983e-06, 1.0112e+01, 2.2717e-01, 
 2DIAGNOSTIC,    30, -3.934490071064e-01, 1.034518298582e-06, 1.0356e+01, 2.4319e-01, 
 2DIAGNOSTIC,    31, -3.934493552281e-01, 1.002859735449e-06, 1.0555e+01, 1.9991e-01, 
 2DIAGNOSTIC,    32, -3.934514389047e-01, 1.012150058176e-06, 1.0773e+01, 2.1780e-01, 
 2DIAGNOSTIC,    33, -3.934519791741e-01, 1.036072101557e-06, 1.0959e+01, 1.8606e-01, 
 2DIAGNOSTIC,    34, -3.934514162118e-01, 1.029043089209e-06, 1.1184e+01, 2.2463e-01, 
 2DIAGNOSTIC,    35, -3.934525148510e-01, 1.027695591974e-06, 1.1425e+01, 2.4063e-01, 
 2DIAGNOSTIC,    36, -3.934539684101e-01, 1.051995738861e-06, 1.1693e+01, 2.6833e-01, 
 2DIAGNOSTIC,    37, -3.934536117544e-01, 1.079271564276e-06, 1.1920e+01, 2.2720e-01, 
 2DIAGNOSTIC,    38, -3.934525130935e-01, 1.042002447132e-06, 1.2134e+01, 2.1408e-01, 
DIAGNOSTIC,Iteration,metricValue,convergenceValue,ITERATION_TIME_INDEX,SINCE_LAST
 2DIAGNOSTIC,     1, -3.660000232100e-01, 1.797693134862e+308, 1.4645e+01, 2.5103e+00, 
 2DIAGNOSTIC,     2, -3.661006044994e-01, 1.797693134862e+308, 1.6185e+01, 1.5408e+00, 
 2DIAGNOSTIC,     3, -3.661940053555e-01, 1.797693134862e+308, 1.7646e+01, 1.4604e+00, 
 2DIAGNOSTIC,     4, -3.662025643974e-01, 1.797693134862e+308, 2.0204e+01, 2.5585e+00, 
 2DIAGNOSTIC,     5, -3.662022977397e-01, 1.797693134862e+308, 2.2017e+01, 1.8130e+00, 
 2DIAGNOSTIC,     6, -3.662022733263e-01, 1.797693134862e+308, 2.3511e+01, 1.4937e+00, 
 2DIAGNOSTIC,     7, -3.662021510420e-01, 1.797693134862e+308, 2.5106e+01, 1.5949e+00, 
 2DIAGNOSTIC,     8, -3.662021104774e-01, 1.797693134862e+308, 2.6605e+01, 1.4989e+00, 
 2DIAGNOSTIC,     9, -3.662019867614e-01, 1.797693134862e+308, 2.8067e+01, 1.4619e+00, 
 2DIAGNOSTIC,    10, -3.662019340670e-01, 2.615306970326e-05, 2.9437e+01, 1.3707e+00, 
 2DIAGNOSTIC,    11, -3.662019021395e-01, 1.049208944247e-05, 3.0937e+01, 1.4995e+00, 
 2DIAGNOSTIC,    12, -3.662017877843e-01, 3.091361178528e-06, 3.2422e+01, 1.4847e+00, 
 2DIAGNOSTIC,    13, -3.662019075692e-01, 2.358435146607e-06, 3.4091e+01, 1.6698e+00, 
 2DIAGNOSTIC,    14, -3.662018587118e-01, 2.210206128631e-06, 3.5591e+01, 1.4996e+00, 
 2DIAGNOSTIC,    15, -3.662018920140e-01, 2.075386369246e-06, 3.7120e+01, 1.5286e+00, 
 2DIAGNOSTIC,    16, -3.662018421379e-01, 1.958104225638e-06, 3.8462e+01, 1.3423e+00, 
 2DIAGNOSTIC,    17, -3.662017315661e-01, 1.846828476634e-06, 3.9918e+01, 1.4558e+00, 
 2DIAGNOSTIC,    18, -3.662016584546e-01, 1.745449627569e-06, 4.1448e+01, 1.5305e+00, 
 2DIAGNOSTIC,    19, -3.662015876334e-01, 1.648798694402e-06, 4.2947e+01, 1.4987e+00, 
 2DIAGNOSTIC,    20, -3.662013732945e-01, 1.553843743049e-06, 4.4522e+01, 1.5752e+00, 
 2DIAGNOSTIC,    21, -3.662013254947e-01, 1.468744471787e-06, 4.6438e+01, 1.9161e+00, 
 2DIAGNOSTIC,    22, -3.662011170373e-01, 1.384171230308e-06, 4.7989e+01, 1.5509e+00, 
 2DIAGNOSTIC,    23, -3.662008967291e-01, 1.309503537106e-06, 4.9310e+01, 1.3211e+00, 
 2DIAGNOSTIC,    24, -3.662008589303e-01, 1.245216197293e-06, 5.0883e+01, 1.5725e+00, 
 2DIAGNOSTIC,    25, -3.662009022548e-01, 1.195923470282e-06, 5.2352e+01, 1.4697e+00, 
 2DIAGNOSTIC,    26, -3.662008588653e-01, 1.154782620680e-06, 5.3813e+01, 1.4601e+00, 
 2DIAGNOSTIC,    27, -3.662010886974e-01, 1.126687739432e-06, 5.5401e+01, 1.5880e+00, 
 2DIAGNOSTIC,    28, -3.662011545028e-01, 1.105168549988e-06, 5.6895e+01, 1.4948e+00, 
 2DIAGNOSTIC,    29, -3.662007271267e-01, 1.074819874942e-06, 5.8553e+01, 1.6574e+00, 
 2DIAGNOSTIC,    30, -3.662006710317e-01, 1.041888314429e-06, 6.0070e+01, 1.5174e+00, 
 2DIAGNOSTIC,    31, -3.662006079475e-01, 1.010052204084e-06, 6.1569e+01, 1.4988e+00, 
  Elapsed time (stage 0): 6.2387e+01


Total elapsed time: 6.2389e+01
Info [verificarlo]: loaded backend libinterflop_ieee.so
Info [interflop-ieee]: load backend with:
Info [interflop-ieee]: debug = false
Info [interflop-ieee]: debug-binary = false
Info [interflop-ieee]: no-backend-name = false
Info [interflop-ieee]: print-new-line = false
Info [interflop-ieee]: print-subnormal-normalized = false
Info [interflop-ieee]: count-op = false
All_Command_lines_OK
Using double precision for computations.
=============================================================================
The composite transform comprises the following transforms (in order): 
  1. /home/mdugre/scratch/mri-registration-rp/datasets/ds004513/derivatives/mri-registration-rp/0001/antsRegistration-r8-p22/sub-s014/rigid_Composite.h5[0] (type = Euler3DTransform)
  2. /home/mdugre/scratch/mri-registration-rp/datasets/ds004513/derivatives/mri-registration-rp/0001/antsRegistration-r8-p22/sub-s014/rigid_Composite.h5[1] (type = Euler3DTransform)
  3. /home/mdugre/scratch/mri-registration-rp/datasets/ds004513/derivatives/mri-registration-rp/0001/antsRegistration-r8-p22/sub-s014/rigid_Composite.h5[2] (type = Euler3DTransform)
=============================================================================
  number of levels = 4
  fixed image: /templateflow/tpl-MNI152NLin2009cAsym/tpl-MNI152NLin2009cAsym_res-01_desc-brain_T1w.nii.gz
  moving image: /home/mdugre/scratch/mri-registration-rp/datasets/ds004513/derivatives/mri-registration-rp/antsBrainExtraction/sub-s014/BrainExtractionBrain.nii.gz
Dimension = 3
Number of stages = 1
Use histogram matching = false
Winsorize image intensities = true
  Lower quantile = 0.005
  Upper quantile = 0.995


Stage 1 State
   Image metric = MattesMI
     Fixed image = Image (0x4e7b7e0)
  RTTI typeinfo:   itk::Image<double, 3u>
  Reference Count: 2
  Modified Time: 1594
  Debug: Off
  Object Name: 
  Observers: 
    none
  Source: (none)
  Source output name: (none)
  Release Data: Off
  Data Released: False
  Global Release Data: Off
  PipelineMTime: 0
  UpdateMTime: 1203
  RealTimeStamp: 0 seconds 
  LargestPossibleRegion: 
    Dimension: 3
    Index: [0, 0, 0]
    Size: [193, 229, 193]
  BufferedRegion: 
    Dimension: 3
    Index: [0, 0, 0]
    Size: [193, 229, 193]
  RequestedRegion: 
    Dimension: 3
    Index: [0, 0, 0]
    Size: [193, 229, 193]
  Spacing: [1, 1, 1]
  Origin: [96, 132, -78]
  Direction: 
-1 0 0
0 -1 0
0 0 1

  IndexToPointMatrix: 
-1 0 0
0 -1 0
0 0 1

  PointToIndexMatrix: 
-1 0 0
0 -1 0
0 0 1

  Inverse Direction: 
-1 0 0
0 -1 0
0 0 1

  PixelContainer: 
    ImportImageContainer (0x4f3ba20)
      RTTI typeinfo:   itk::ImportImageContainer<unsigned long, double>
      Reference Count: 1
      Modified Time: 1200
      Debug: Off
      Object Name: 
      Observers: 
        none
      Pointer: 0x149f429d5010
      Container manages memory: true
      Size: 8530021
      Capacity: 8530021

     Moving image = Image (0x4f36d70)
  RTTI typeinfo:   itk::Image<double, 3u>
  Reference Count: 2
  Modified Time: 1595
  Debug: Off
  Object Name: 
  Observers: 
    none
  Source: (none)
  Source output name: (none)
  Release Data: Off
  Data Released: False
  Global Release Data: Off
  PipelineMTime: 0
  UpdateMTime: 1592
  RealTimeStamp: 0 seconds 
  LargestPossibleRegion: 
    Dimension: 3
    Index: [0, 0, 0]
    Size: [160, 240, 256]
  BufferedRegion: 
    Dimension: 3
    Index: [0, 0, 0]
    Size: [160, 240, 256]
  RequestedRegion: 
    Dimension: 3
    Index: [0, 0, 0]
    Size: [160, 240, 256]
  Spacing: [0.999999, 1, 1]
  Origin: [84.1637, 106.709, -120.531]
  Direction: 
-0.999619 -0.0226874 -0.0157033
0.0226846 -0.999743 0.00035635
-0.0157073 -7.8229e-09 0.999877

  IndexToPointMatrix: 
-0.999619 -0.0226874 -0.0157033
0.0226845 -0.999743 0.00035635
-0.0157073 -7.8229e-09 0.999877

  PointToIndexMatrix: 
-0.99962 0.0226846 -0.0157073
-0.0226874 -0.999743 -7.83127e-09
-0.0157033 0.00035635 0.999877

  Inverse Direction: 
-0.999619 0.0226846 -0.0157073
-0.0226874 -0.999743 -7.83127e-09
-0.0157033 0.00035635 0.999877

  PixelContainer: 
    ImportImageContainer (0x4eeec90)
      RTTI typeinfo:   itk::ImportImageContainer<unsigned long, double>
      Reference Count: 1
      Modified Time: 1589
      Debug: Off
      Object Name: 
      Observers: 
        none
      Pointer: 0x149f3ded4010
      Container manages memory: true
      Size: 9830400
      Capacity: 9830400

     Weighting = 1
     Sampling strategy = regular
     Number of bins = 32
     Radius = 4
     Sampling percentage  = 0.25
   Transform = Affine
     Gradient step = 0.1
     Update field sigma (voxel space) = 0
     Total field sigma (voxel space) = 0
     Update field time sigma = 0
     Total field time sigma  = 0
     Number of time indices = 0
     Number of time point samples = 0
Registration using 1 total stages.

Stage 0
  iterations = 1000x500x250x100
  convergence threshold = 1e-06
  convergence window size = 10
  number of levels = 4
  using the Mattes MI metric (number of bins = 32, weight = 1, use gradient filter = 0)
  preprocessing:  winsorizing the image intensities
  Shrink factors (level 1 out of 4): [8, 8, 8]
  Shrink factors (level 2 out of 4): [4, 4, 4]
  Shrink factors (level 3 out of 4): [2, 2, 2]
  Shrink factors (level 4 out of 4): [1, 1, 1]
  smoothing sigmas per level: [3, 2, 1, 0]
  regular sampling (percentage = 0.25)

*** Running AffineTransform registration ***

DIAGNOSTIC,Iteration,metricValue,convergenceValue,ITERATION_TIME_INDEX,SINCE_LAST
 2DIAGNOSTIC,     1, -5.239750083426e-01, 1.797693134862e+308, 6.6426e-01, 6.6425e-01, 
 2DIAGNOSTIC,     2, -5.258640014290e-01, 1.797693134862e+308, 6.6858e-01, 4.3290e-03, 
 2DIAGNOSTIC,     3, -5.291088181247e-01, 1.797693134862e+308, 6.7313e-01, 4.5471e-03, 
 2DIAGNOSTIC,     4, -5.347710742307e-01, 1.797693134862e+308, 6.7760e-01, 4.4701e-03, 
 2DIAGNOSTIC,     5, -5.449383438001e-01, 1.797693134862e+308, 6.8221e-01, 4.6110e-03, 
 2DIAGNOSTIC,     6, -6.215306393786e-01, 1.797693134862e+308, 6.8698e-01, 4.7679e-03, 
 2DIAGNOSTIC,     7, -6.633611160853e-01, 1.797693134862e+308, 6.9174e-01, 4.7591e-03, 
 2DIAGNOSTIC,     8, -7.298997594744e-01, 1.797693134862e+308, 6.9833e-01, 6.5880e-03, 
 2DIAGNOSTIC,     9, -7.422521036368e-01, 1.797693134862e+308, 7.0315e-01, 4.8220e-03, 
 2DIAGNOSTIC,    10, -7.541338259838e-01, 2.915590424951e-02, 7.0834e-01, 5.1942e-03, 
 2DIAGNOSTIC,    11, -7.649021966173e-01, 2.764847243604e-02, 7.1361e-01, 5.2681e-03, 
 2DIAGNOSTIC,    12, -7.741613866718e-01, 2.434790949212e-02, 7.2039e-01, 6.7821e-03, 
 2DIAGNOSTIC,    13, -7.770752462749e-01, 1.968342176027e-02, 7.2607e-01, 5.6739e-03, 
 2DIAGNOSTIC,    14, -7.814244160287e-01, 1.436952770937e-02, 7.3113e-01, 5.0569e-03, 
 2DIAGNOSTIC,    15, -7.874240647995e-01, 9.014367835349e-03, 7.3699e-01, 5.8670e-03, 
 2DIAGNOSTIC,    16, -7.920938350146e-01, 5.733377279444e-03, 7.4199e-01, 4.9951e-03, 
 2DIAGNOSTIC,    17, -7.957349083404e-01, 3.442741255144e-03, 7.4706e-01, 5.0721e-03, 
 2DIAGNOSTIC,    18, -8.010581495897e-01, 2.769032168027e-03, 7.5328e-01, 6.2189e-03, 
 2DIAGNOSTIC,    19, -8.020624290621e-01, 2.204702289535e-03, 7.5883e-01, 5.5499e-03, 
 2DIAGNOSTIC,    20, -8.025885327282e-01, 1.748768981388e-03, 7.6381e-01, 4.9860e-03, 
 2DIAGNOSTIC,    21, -8.047946261132e-01, 1.424907703997e-03, 7.6934e-01, 5.5239e-03, 
 2DIAGNOSTIC,    22, -8.088011944979e-01, 1.241433566861e-03, 7.7601e-01, 6.6760e-03, 
 2DIAGNOSTIC,    23, -8.108215191055e-01, 1.042863820615e-03, 7.8094e-01, 4.9210e-03, 
 2DIAGNOSTIC,    24, -8.126147714413e-01, 8.656299134104e-04, 7.8591e-01, 4.9772e-03, 
 2DIAGNOSTIC,    25, -8.155476433492e-01, 7.639543307193e-04, 7.9148e-01, 5.5699e-03, 
 2DIAGNOSTIC,    26, -8.215002862412e-01, 7.574141051383e-04, 7.9648e-01, 4.9942e-03, 
 2DIAGNOSTIC,    27, -8.250882384259e-01, 7.798367416761e-04, 8.0204e-01, 5.5649e-03, 
 2DIAGNOSTIC,    28, -8.288871954589e-01, 8.528756151225e-04, 8.0877e-01, 6.7301e-03, 
 2DIAGNOSTIC,    29, -8.297135652791e-01, 8.652475921519e-04, 8.1340e-01, 4.6279e-03, 
 2DIAGNOSTIC,    30, -8.333723725729e-01, 8.489391347305e-04, 8.1787e-01, 4.4701e-03, 
 2DIAGNOSTIC,    31, -8.366873238749e-01, 8.190718586261e-04, 8.2277e-01, 4.9021e-03, 
 2DIAGNOSTIC,    32, -8.378452463652e-01, 7.739704666584e-04, 8.2715e-01, 4.3800e-03, 
 2DIAGNOSTIC,    33, -8.386437104647e-01, 6.919947014876e-04, 8.3217e-01, 5.0159e-03, 
 2DIAGNOSTIC,    34, -8.393205297169e-01, 5.779881187674e-04, 8.3883e-01, 6.6590e-03, 
 2DIAGNOSTIC,    35, -8.396564188737e-01, 4.502851752478e-04, 8.4376e-01, 4.9322e-03, 
 2DIAGNOSTIC,    36, -8.402329884836e-01, 3.547844960428e-04, 8.4871e-01, 4.9541e-03, 
 2DIAGNOSTIC,    37, -8.406979206877e-01, 2.716233720495e-04, 8.5370e-01, 4.9839e-03, 
 2DIAGNOSTIC,    38, -8.411693903365e-01, 2.100227550862e-04, 8.5914e-01, 5.4440e-03, 
 2DIAGNOSTIC,    39, -8.413404828489e-01, 1.409638303008e-04, 8.6382e-01, 4.6830e-03, 
 2DIAGNOSTIC,    40, -8.419740989887e-01, 1.015411351737e-04, 8.6934e-01, 5.5130e-03, 
 2DIAGNOSTIC,    41, -8.420475042071e-01, 8.493180132330e-05, 8.7376e-01, 4.4229e-03, 
 2DIAGNOSTIC,    42, -8.422139271200e-01, 7.271080547123e-05, 8.7870e-01, 4.9400e-03, 
 2DIAGNOSTIC,    43, -8.428786906224e-01, 6.671175498290e-05, 8.8380e-01, 5.0960e-03, 
 2DIAGNOSTIC,    44, -8.433453646752e-01, 6.412900193021e-05, 8.8985e-01, 6.0570e-03, 
 2DIAGNOSTIC,    45, -8.434580527993e-01, 5.914094811920e-05, 8.9488e-01, 5.0299e-03, 
 2DIAGNOSTIC,    46, -8.431358171120e-01, 5.087244602631e-05, 8.9983e-01, 4.9460e-03, 
 2DIAGNOSTIC,    47, -8.430429457133e-01, 4.117954476230e-05, 9.0425e-01, 4.4219e-03, 
 2DIAGNOSTIC,    48, -8.428317083413e-01, 2.996691180648e-05, 9.0934e-01, 5.0850e-03, 
 2DIAGNOSTIC,    49, -8.428560653290e-01, 1.771300008519e-05, 9.1377e-01, 4.4351e-03, 
 2DIAGNOSTIC,    50, -8.427632556120e-01, 8.320107588201e-06, 9.1923e-01, 5.4569e-03, 
DIAGNOSTIC,Iteration,metricValue,convergenceValue,ITERATION_TIME_INDEX,SINCE_LAST
 2DIAGNOSTIC,     1, -6.903252007984e-01, 1.797693134862e+308, 1.5690e+00, 6.4973e-01, 
 2DIAGNOSTIC,     2, -6.911317797304e-01, 1.797693134862e+308, 1.6038e+00, 3.4809e-02, 
 2DIAGNOSTIC,     3, -6.916121375986e-01, 1.797693134862e+308, 1.6368e+00, 3.3029e-02, 
 2DIAGNOSTIC,     4, -6.918728725772e-01, 1.797693134862e+308, 1.6698e+00, 3.3004e-02, 
 2DIAGNOSTIC,     5, -6.922956169177e-01, 1.797693134862e+308, 1.7014e+00, 3.1609e-02, 
 2DIAGNOSTIC,     6, -6.926840673414e-01, 1.797693134862e+308, 1.7341e+00, 3.2682e-02, 
 2DIAGNOSTIC,     7, -6.933938300798e-01, 1.797693134862e+308, 1.7802e+00, 4.6083e-02, 
 2DIAGNOSTIC,     8, -6.936990270196e-01, 1.797693134862e+308, 1.8331e+00, 5.2908e-02, 
 2DIAGNOSTIC,     9, -6.936696194285e-01, 1.797693134862e+308, 1.8782e+00, 4.5134e-02, 
 2DIAGNOSTIC,    10, -6.936498473692e-01, 3.225609866555e-04, 1.9233e+00, 4.5109e-02, 
 2DIAGNOSTIC,    11, -6.936436361304e-01, 2.389026226648e-04, 1.9658e+00, 4.2440e-02, 
 2DIAGNOSTIC,    12, -6.936366425803e-01, 1.747458126002e-04, 2.0024e+00, 3.6617e-02, 
 2DIAGNOSTIC,    13, -6.936195680442e-01, 1.194330732168e-04, 2.0389e+00, 3.6566e-02, 
 2DIAGNOSTIC,    14, -6.936292991668e-01, 6.944609969238e-05, 2.0812e+00, 4.2271e-02, 
 2DIAGNOSTIC,    15, -6.936341483475e-01, 3.175549766352e-05, 2.1184e+00, 3.7183e-02, 
 2DIAGNOSTIC,    16, -6.936159854088e-01, 5.114877237589e-06, 2.1561e+00, 3.7698e-02, 
DIAGNOSTIC,Iteration,metricValue,convergenceValue,ITERATION_TIME_INDEX,SINCE_LAST
 2DIAGNOSTIC,     1, -5.886886989229e-01, 1.797693134862e+308, 3.2096e+00, 1.0535e+00, 
 2DIAGNOSTIC,     2, -5.893179243327e-01, 1.797693134862e+308, 3.4610e+00, 2.5142e-01, 
 2DIAGNOSTIC,     3, -5.900207327645e-01, 1.797693134862e+308, 3.7365e+00, 2.7549e-01, 
 2DIAGNOSTIC,     4, -5.908329356978e-01, 1.797693134862e+308, 3.9941e+00, 2.5762e-01, 
 2DIAGNOSTIC,     5, -5.918195378564e-01, 1.797693134862e+308, 4.2638e+00, 2.6969e-01, 
 2DIAGNOSTIC,     6, -5.938551713131e-01, 1.797693134862e+308, 4.6330e+00, 3.6928e-01, 
 2DIAGNOSTIC,     7, -5.938820021099e-01, 1.797693134862e+308, 5.0124e+00, 3.7934e-01, 
 2DIAGNOSTIC,     8, -5.938714408567e-01, 1.797693134862e+308, 5.3955e+00, 3.8313e-01, 
 2DIAGNOSTIC,     9, -5.938715121218e-01, 1.797693134862e+308, 5.6869e+00, 2.9140e-01, 
 2DIAGNOSTIC,    10, -5.938701991138e-01, 6.571998327262e-04, 5.9627e+00, 2.7580e-01, 
 2DIAGNOSTIC,    11, -5.938678716697e-01, 4.832148149251e-04, 6.2373e+00, 2.7459e-01, 
 2DIAGNOSTIC,    12, -5.938690685881e-01, 3.203632384436e-04, 6.4710e+00, 2.3366e-01, 
 2DIAGNOSTIC,    13, -5.938661689625e-01, 1.805792798357e-04, 6.7951e+00, 3.2418e-01, 
 2DIAGNOSTIC,    14, -5.938670842212e-01, 7.238126220428e-05, 7.1020e+00, 3.0687e-01, 
 2DIAGNOSTIC,    15, -5.938652154978e-01, 1.862489569376e-06, 7.3604e+00, 2.5836e-01, 
 2DIAGNOSTIC,    16, -5.938649830272e-01, 1.175365213518e-06, 7.6380e+00, 2.7765e-01, 
 2DIAGNOSTIC,    17, -5.938643965928e-01, 1.392511492157e-06, 7.9491e+00, 3.1109e-01, 
 2DIAGNOSTIC,    18, -5.938646530994e-01, 1.354729292649e-06, 8.2308e+00, 2.8167e-01, 
 2DIAGNOSTIC,    19, -5.938624996137e-01, 1.307244331346e-06, 8.4734e+00, 2.4265e-01, 
 2DIAGNOSTIC,    20, -5.938617863934e-01, 1.253135130774e-06, 8.7452e+00, 2.7175e-01, 
 2DIAGNOSTIC,    21, -5.938626585451e-01, 1.201656955593e-06, 9.0452e+00, 2.9997e-01, 
 2DIAGNOSTIC,    22, -5.938639013262e-01, 1.237561163506e-06, 9.3131e+00, 2.6795e-01, 
 2DIAGNOSTIC,    23, -5.938625364599e-01, 1.199435057199e-06, 9.5986e+00, 2.8551e-01, 
 2DIAGNOSTIC,    24, -5.938584228030e-01, 1.120963561245e-06, 9.8692e+00, 2.7058e-01, 
 2DIAGNOSTIC,    25, -5.938585516585e-01, 1.037511723638e-06, 1.0167e+01, 2.9762e-01, 
DIAGNOSTIC,Iteration,metricValue,convergenceValue,ITERATION_TIME_INDEX,SINCE_LAST
