
##########################
# Experiment information #
##########################

EXPERIMENT_NAME: antsRegistration-r8-p12
VFC_BACKENDS: libinterflop_vprec.so --range-binary32=8 --precision-binary32=12 --range-binary64=8 --precision-binary64=12

SIF_IMG: /home/mdugre/projects/rrg-glatard/mdugre/containers/ants-vprec-no_metrics.simg

SUBJECT_ID: s033
INPUT_IMG: /home/mdugre/scratch/mri-registration-rp/datasets/ds004513/derivatives/mri-registration-rp/antsBrainExtraction/sub-s033/BrainExtractionBrain.nii.gz
OUTPUT_DIR: /home/mdugre/scratch/mri-registration-rp/datasets/ds004513/derivatives/mri-registration-rp/0001/antsRegistration-r8-p12/sub-s033

FIXED_IMG: /templateflow/tpl-MNI152NLin2009cAsym/tpl-MNI152NLin2009cAsym_res-01_desc-brain_T1w.nii.gz
DATA_DIR: /home/mdugre/scratch/mri-registration-rp/datasets/ds004513
TEMPLATEFLOW_DIR: /home/mdugre/projects/rrg-glatard/mdugre/templateflow
ITK_GLOBAL_DEFAULT_NUMBER_OF_THREADS: 16
##########################

Info [verificarlo]: loaded backend libinterflop_ieee.so
Info [interflop-ieee]: load backend with:
Info [interflop-ieee]: debug = false
Info [interflop-ieee]: debug-binary = false
Info [interflop-ieee]: no-backend-name = false
Info [interflop-ieee]: print-new-line = false
Info [interflop-ieee]: print-subnormal-normalized = false
Info [interflop-ieee]: count-op = false
All_Command_lines_OK
Using double precision for computations.
=============================================================================
The composite transform comprises the following transforms (in order): 
  1. Center of mass alignment using fixed image: /templateflow/tpl-MNI152NLin2009cAsym/tpl-MNI152NLin2009cAsym_res-01_desc-brain_T1w.nii.gz and moving image: /home/mdugre/scratch/mri-registration-rp/datasets/ds004513/derivatives/mri-registration-rp/antsBrainExtraction/sub-s033/BrainExtractionBrain.nii.gz (type = Euler3DTransform)
=============================================================================
  number of levels = 1
  fixed image: /templateflow/tpl-MNI152NLin2009cAsym/tpl-MNI152NLin2009cAsym_res-01_desc-brain_T1w.nii.gz
  moving image: /home/mdugre/scratch/mri-registration-rp/datasets/ds004513/derivatives/mri-registration-rp/antsBrainExtraction/sub-s033/BrainExtractionBrain.nii.gz
Dimension = 3
Number of stages = 1
Use histogram matching = false
Winsorize image intensities = true
  Lower quantile = 0.005
  Upper quantile = 0.995


Stage 1 State
   Image metric = MattesMI
     Fixed image = Image (0x50c6e70)
  RTTI typeinfo:   itk::Image<double, 3u>
  Reference Count: 2
  Modified Time: 2330
  Debug: Off
  Object Name: 
  Observers: 
    none
  Source: (none)
  Source output name: (none)
  Release Data: Off
  Data Released: False
  Global Release Data: Off
  PipelineMTime: 0
  UpdateMTime: 1941
  RealTimeStamp: 0 seconds 
  LargestPossibleRegion: 
    Dimension: 3
    Index: [0, 0, 0]
    Size: [193, 229, 193]
  BufferedRegion: 
    Dimension: 3
    Index: [0, 0, 0]
    Size: [193, 229, 193]
  RequestedRegion: 
    Dimension: 3
    Index: [0, 0, 0]
    Size: [193, 229, 193]
  Spacing: [1, 1, 1]
  Origin: [96, 132, -78]
  Direction: 
-1 0 0
0 -1 0
0 0 1

  IndexToPointMatrix: 
-1 0 0
0 -1 0
0 0 1

  PointToIndexMatrix: 
-1 0 0
0 -1 0
0 0 1

  Inverse Direction: 
-1 0 0
0 -1 0
0 0 1

  PixelContainer: 
    ImportImageContainer (0x50cfc60)
      RTTI typeinfo:   itk::ImportImageContainer<unsigned long, double>
      Reference Count: 1
      Modified Time: 1938
      Debug: Off
      Object Name: 
      Observers: 
        none
      Pointer: 0x1493c1051010
      Container manages memory: true
      Size: 8530021
      Capacity: 8530021

     Moving image = Image (0x50c9540)
  RTTI typeinfo:   itk::Image<double, 3u>
  Reference Count: 2
  Modified Time: 2331
  Debug: Off
  Object Name: 
  Observers: 
    none
  Source: (none)
  Source output name: (none)
  Release Data: Off
  Data Released: False
  Global Release Data: Off
  PipelineMTime: 0
  UpdateMTime: 2328
  RealTimeStamp: 0 seconds 
  LargestPossibleRegion: 
    Dimension: 3
    Index: [0, 0, 0]
    Size: [160, 240, 256]
  BufferedRegion: 
    Dimension: 3
    Index: [0, 0, 0]
    Size: [160, 240, 256]
  RequestedRegion: 
    Dimension: 3
    Index: [0, 0, 0]
    Size: [160, 240, 256]
  Spacing: [1, 1, 1]
  Origin: [91.5134, 94.282, -109.927]
  Direction: 
-0.99591 -0.0698718 -0.0572835
0.0697565 -0.997556 0.00401236
-0.0574239 5.01125e-08 0.99835

  IndexToPointMatrix: 
-0.99591 -0.0698718 -0.0572835
0.0697565 -0.997556 0.00401236
-0.0574239 5.01125e-08 0.99835

  PointToIndexMatrix: 
-0.99591 0.0697565 -0.0574239
-0.0698718 -0.997556 5.01483e-08
-0.0572835 0.00401236 0.99835

  Inverse Direction: 
-0.99591 0.0697565 -0.0574239
-0.0698718 -0.997556 5.01483e-08
-0.0572835 0.00401236 0.99835

  PixelContainer: 
    ImportImageContainer (0x51db610)
      RTTI typeinfo:   itk::ImportImageContainer<unsigned long, double>
      Reference Count: 1
      Modified Time: 2325
      Debug: Off
      Object Name: 
      Observers: 
        none
      Pointer: 0x1493bc550010
      Container manages memory: true
      Size: 9830400
      Capacity: 9830400

     Weighting = 1
     Sampling strategy = regular
     Number of bins = 32
     Radius = 4
     Sampling percentage  = 0.25
   Transform = Rigid
     Gradient step = 0.1
     Update field sigma (voxel space) = 0
     Total field sigma (voxel space) = 0
     Update field time sigma = 0
     Total field time sigma  = 0
     Number of time indices = 0
     Number of time point samples = 0
Registration using 1 total stages.

Stage 0
  iterations = 0
  convergence threshold = 1e-06
  convergence window size = 10
  number of levels = 1
  using the Mattes MI metric (number of bins = 32, weight = 1, use gradient filter = 0)
  preprocessing:  winsorizing the image intensities
  Shrink factors (level 1 out of 1): [1, 1, 1]
  smoothing sigmas per level: [0]
  regular sampling (percentage = 0.25)

*** Running Euler3DTransform registration ***

  Elapsed time (stage 0): 1.08044


Total elapsed time: 1.08275
Info [verificarlo]: loaded backend libinterflop_ieee.so
Info [interflop-ieee]: load backend with:
Info [interflop-ieee]: debug = false
Info [interflop-ieee]: debug-binary = false
Info [interflop-ieee]: no-backend-name = false
Info [interflop-ieee]: print-new-line = false
Info [interflop-ieee]: print-subnormal-normalized = false
Info [interflop-ieee]: count-op = false
All_Command_lines_OK
Using double precision for computations.
=============================================================================
The composite transform comprises the following transforms (in order): 
  1. /home/mdugre/scratch/mri-registration-rp/datasets/ds004513/derivatives/mri-registration-rp/0001/antsRegistration-r8-p12/sub-s033/align_Composite.h5[0] (type = Euler3DTransform)
  2. /home/mdugre/scratch/mri-registration-rp/datasets/ds004513/derivatives/mri-registration-rp/0001/antsRegistration-r8-p12/sub-s033/align_Composite.h5[1] (type = Euler3DTransform)
=============================================================================
  number of levels = 4
  fixed image: /templateflow/tpl-MNI152NLin2009cAsym/tpl-MNI152NLin2009cAsym_res-01_desc-brain_T1w.nii.gz
  moving image: /home/mdugre/scratch/mri-registration-rp/datasets/ds004513/derivatives/mri-registration-rp/antsBrainExtraction/sub-s033/BrainExtractionBrain.nii.gz
Dimension = 3
Number of stages = 1
Use histogram matching = false
Winsorize image intensities = true
  Lower quantile = 0.005
  Upper quantile = 0.995


Stage 1 State
   Image metric = MattesMI
     Fixed image = Image (0x4b07530)
  RTTI typeinfo:   itk::Image<double, 3u>
  Reference Count: 2
  Modified Time: 1578
  Debug: Off
  Object Name: 
  Observers: 
    none
  Source: (none)
  Source output name: (none)
  Release Data: Off
  Data Released: False
  Global Release Data: Off
  PipelineMTime: 0
  UpdateMTime: 1189
  RealTimeStamp: 0 seconds 
  LargestPossibleRegion: 
    Dimension: 3
    Index: [0, 0, 0]
    Size: [193, 229, 193]
  BufferedRegion: 
    Dimension: 3
    Index: [0, 0, 0]
    Size: [193, 229, 193]
  RequestedRegion: 
    Dimension: 3
    Index: [0, 0, 0]
    Size: [193, 229, 193]
  Spacing: [1, 1, 1]
  Origin: [96, 132, -78]
  Direction: 
-1 0 0
0 -1 0
0 0 1

  IndexToPointMatrix: 
-1 0 0
0 -1 0
0 0 1

  PointToIndexMatrix: 
-1 0 0
0 -1 0
0 0 1

  Inverse Direction: 
-1 0 0
0 -1 0
0 0 1

  PixelContainer: 
    ImportImageContainer (0x4bc5d60)
      RTTI typeinfo:   itk::ImportImageContainer<unsigned long, double>
      Reference Count: 1
      Modified Time: 1186
      Debug: Off
      Object Name: 
      Observers: 
        none
      Pointer: 0x14aba7249010
      Container manages memory: true
      Size: 8530021
      Capacity: 8530021

     Moving image = Image (0x4bb7f60)
  RTTI typeinfo:   itk::Image<double, 3u>
  Reference Count: 2
  Modified Time: 1579
  Debug: Off
  Object Name: 
  Observers: 
    none
  Source: (none)
  Source output name: (none)
  Release Data: Off
  Data Released: False
  Global Release Data: Off
  PipelineMTime: 0
  UpdateMTime: 1576
  RealTimeStamp: 0 seconds 
  LargestPossibleRegion: 
    Dimension: 3
    Index: [0, 0, 0]
    Size: [160, 240, 256]
  BufferedRegion: 
    Dimension: 3
    Index: [0, 0, 0]
    Size: [160, 240, 256]
  RequestedRegion: 
    Dimension: 3
    Index: [0, 0, 0]
    Size: [160, 240, 256]
  Spacing: [1, 1, 1]
  Origin: [91.5134, 94.282, -109.927]
  Direction: 
-0.99591 -0.0698718 -0.0572835
0.0697565 -0.997556 0.00401236
-0.0574239 5.01125e-08 0.99835

  IndexToPointMatrix: 
-0.99591 -0.0698718 -0.0572835
0.0697565 -0.997556 0.00401236
-0.0574239 5.01125e-08 0.99835

  PointToIndexMatrix: 
-0.99591 0.0697565 -0.0574239
-0.0698718 -0.997556 5.01483e-08
-0.0572835 0.00401236 0.99835

  Inverse Direction: 
-0.99591 0.0697565 -0.0574239
-0.0698718 -0.997556 5.01483e-08
-0.0572835 0.00401236 0.99835

  PixelContainer: 
    ImportImageContainer (0x4ba96d0)
      RTTI typeinfo:   itk::ImportImageContainer<unsigned long, double>
      Reference Count: 1
      Modified Time: 1573
      Debug: Off
      Object Name: 
      Observers: 
        none
      Pointer: 0x14aba2748010
      Container manages memory: true
      Size: 9830400
      Capacity: 9830400

     Weighting = 1
     Sampling strategy = regular
     Number of bins = 32
     Radius = 4
     Sampling percentage  = 0.25
   Transform = Rigid
     Gradient step = 0.1
     Update field sigma (voxel space) = 0
     Total field sigma (voxel space) = 0
     Update field time sigma = 0
     Total field time sigma  = 0
     Number of time indices = 0
     Number of time point samples = 0
Registration using 1 total stages.

Stage 0
  iterations = 1000x500x250x100
  convergence threshold = 1e-06
  convergence window size = 10
  number of levels = 4
  using the Mattes MI metric (number of bins = 32, weight = 1, use gradient filter = 0)
  preprocessing:  winsorizing the image intensities
  Shrink factors (level 1 out of 4): [8, 8, 8]
  Shrink factors (level 2 out of 4): [4, 4, 4]
  Shrink factors (level 3 out of 4): [2, 2, 2]
  Shrink factors (level 4 out of 4): [1, 1, 1]
  smoothing sigmas per level: [3, 2, 1, 0]
  regular sampling (percentage = 0.25)

*** Running Euler3DTransform registration ***

DIAGNOSTIC,Iteration,metricValue,convergenceValue,ITERATION_TIME_INDEX,SINCE_LAST
 2DIAGNOSTIC,     1, -4.945365495269e-01, 1.797693134862e+308, 7.7794e-01, 7.7794e-01, 
 2DIAGNOSTIC,     2, -4.961551199262e-01, 1.797693134862e+308, 7.8267e-01, 4.7271e-03, 
 2DIAGNOSTIC,     3, -4.991207097076e-01, 1.797693134862e+308, 7.8765e-01, 4.9779e-03, 
 2DIAGNOSTIC,     4, -5.030359852117e-01, 1.797693134862e+308, 7.9185e-01, 4.2028e-03, 
 2DIAGNOSTIC,     5, -5.059125054655e-01, 1.797693134862e+308, 7.9605e-01, 4.2038e-03, 
 2DIAGNOSTIC,     6, -5.092815596254e-01, 1.797693134862e+308, 8.0032e-01, 4.2679e-03, 
 2DIAGNOSTIC,     7, -5.205915484568e-01, 1.797693134862e+308, 8.0516e-01, 4.8389e-03, 
 2DIAGNOSTIC,     8, -5.236677933913e-01, 1.797693134862e+308, 8.0979e-01, 4.6320e-03, 
 2DIAGNOSTIC,     9, -5.261653611514e-01, 1.797693134862e+308, 8.1462e-01, 4.8270e-03, 
 2DIAGNOSTIC,    10, -5.313843279548e-01, 4.956236851461e-03, 8.1914e-01, 4.5230e-03, 
 2DIAGNOSTIC,    11, -5.461121550605e-01, 5.255951709876e-03, 8.2471e-01, 5.5630e-03, 
 2DIAGNOSTIC,    12, -5.563506773257e-01, 5.544499219491e-03, 8.2914e-01, 4.4351e-03, 
 2DIAGNOSTIC,    13, -6.011783753096e-01, 7.240286203992e-03, 8.3468e-01, 5.5401e-03, 
 2DIAGNOSTIC,    14, -6.166052825038e-01, 8.701253899252e-03, 8.3918e-01, 4.4980e-03, 
 2DIAGNOSTIC,    15, -6.211428291618e-01, 9.416357350980e-03, 8.4377e-01, 4.5860e-03, 
 2DIAGNOSTIC,    16, -6.235432150963e-01, 9.368281933443e-03, 8.4930e-01, 5.5330e-03, 
 2DIAGNOSTIC,    17, -6.347577459544e-01, 9.145335020636e-03, 8.5597e-01, 6.6710e-03, 
 2DIAGNOSTIC,    18, -6.413138475894e-01, 8.359392944385e-03, 8.6121e-01, 5.2440e-03, 
 2DIAGNOSTIC,    19, -6.420802707265e-01, 6.980623437230e-03, 8.6698e-01, 5.7700e-03, 
 2DIAGNOSTIC,    20, -6.425493363370e-01, 5.272872552580e-03, 8.7158e-01, 4.5919e-03, 
 2DIAGNOSTIC,    21, -6.431795002173e-01, 3.641466639024e-03, 8.7681e-01, 5.2359e-03, 
 2DIAGNOSTIC,    22, -6.434078408252e-01, 2.049113962074e-03, 8.8138e-01, 4.5729e-03, 
 2DIAGNOSTIC,    23, -6.435083887125e-01, 1.381096875462e-03, 8.8663e-01, 5.2500e-03, 
 2DIAGNOSTIC,    24, -6.436807748549e-01, 9.688116102137e-04, 8.9243e-01, 5.7929e-03, 
 2DIAGNOSTIC,    25, -6.439989358721e-01, 6.014652927918e-04, 8.9894e-01, 6.5100e-03, 
 2DIAGNOSTIC,    26, -6.448361504506e-01, 2.655195536967e-04, 9.0357e-01, 4.6301e-03, 
 2DIAGNOSTIC,    27, -6.460796040534e-01, 1.536864724724e-04, 9.0880e-01, 5.2311e-03, 
 2DIAGNOSTIC,    28, -6.463976199448e-01, 1.550353081912e-04, 9.1356e-01, 4.7591e-03, 
 2DIAGNOSTIC,    29, -6.463935459991e-01, 1.547432167507e-04, 9.1810e-01, 4.5459e-03, 
 2DIAGNOSTIC,    30, -6.464392299247e-01, 1.482978803397e-04, 9.2341e-01, 5.3070e-03, 
 2DIAGNOSTIC,    31, -6.463723509108e-01, 1.368672107970e-04, 9.2845e-01, 5.0349e-03, 
 2DIAGNOSTIC,    32, -6.464254414567e-01, 1.173266487477e-04, 9.3444e-01, 5.9988e-03, 
 2DIAGNOSTIC,    33, -6.464354984889e-01, 8.969337706706e-05, 9.4998e-01, 1.5535e-02, 
 2DIAGNOSTIC,    34, -6.464354984560e-01, 5.811496554598e-05, 9.6545e-01, 1.5474e-02, 
 2DIAGNOSTIC,    35, -6.464354984560e-01, 2.735371657472e-05, 9.7142e-01, 5.9710e-03, 
 2DIAGNOSTIC,    36, -6.464354984560e-01, 6.561965015646e-06, 9.7701e-01, 5.5830e-03, 
 2DIAGNOSTIC,    37, -6.464354984560e-01, 2.244493837036e-06, 9.8237e-01, 5.3668e-03, 
 2DIAGNOSTIC,    38, -6.464354984560e-01, 1.990752957221e-06, 9.8804e-01, 5.6660e-03, 
 2DIAGNOSTIC,    39, -6.464354984560e-01, 1.582336516974e-06, 9.9339e-01, 5.3470e-03, 
 2DIAGNOSTIC,    40, -6.464354984560e-01, 1.698174779921e-06, 9.9872e-01, 5.3351e-03, 
DIAGNOSTIC,Iteration,metricValue,convergenceValue,ITERATION_TIME_INDEX,SINCE_LAST
 2DIAGNOSTIC,     1, -5.367244446535e-01, 1.797693134862e+308, 1.7892e+00, 7.9048e-01, 
 2DIAGNOSTIC,     2, -5.380313829408e-01, 1.797693134862e+308, 1.8184e+00, 2.9239e-02, 
 2DIAGNOSTIC,     3, -5.401731904716e-01, 1.797693134862e+308, 1.8475e+00, 2.9019e-02, 
 2DIAGNOSTIC,     4, -5.431881339503e-01, 1.797693134862e+308, 1.8763e+00, 2.8829e-02, 
 2DIAGNOSTIC,     5, -5.453557593112e-01, 1.797693134862e+308, 1.9054e+00, 2.9147e-02, 
 2DIAGNOSTIC,     6, -5.461088563559e-01, 1.797693134862e+308, 1.9348e+00, 2.9324e-02, 
 2DIAGNOSTIC,     7, -5.462086679289e-01, 1.797693134862e+308, 1.9660e+00, 3.1214e-02, 
 2DIAGNOSTIC,     8, -5.464869265737e-01, 1.797693134862e+308, 1.9995e+00, 3.3495e-02, 
 2DIAGNOSTIC,     9, -5.465850811999e-01, 1.797693134862e+308, 2.0367e+00, 3.7195e-02, 
 2DIAGNOSTIC,    10, -5.466464834242e-01, 1.224741257622e-03, 2.0637e+00, 2.6999e-02, 
 2DIAGNOSTIC,    11, -5.470487704024e-01, 8.391099971849e-04, 2.0962e+00, 3.2524e-02, 
 2DIAGNOSTIC,    12, -5.471506827385e-01, 5.042748519915e-04, 2.1293e+00, 3.3110e-02, 
 2DIAGNOSTIC,    13, -5.471747725362e-01, 2.608963110935e-04, 2.1696e+00, 4.0275e-02, 
 2DIAGNOSTIC,    14, -5.471893679281e-01, 1.401592974946e-04, 2.2011e+00, 3.1485e-02, 
 2DIAGNOSTIC,    15, -5.471839957488e-01, 9.761650268195e-05, 2.2322e+00, 3.1150e-02, 
 2DIAGNOSTIC,    16, -5.471599231992e-01, 7.527613493542e-05, 2.2627e+00, 3.0503e-02, 
 2DIAGNOSTIC,    17, -5.471662424061e-01, 5.183184976595e-05, 2.2902e+00, 2.7480e-02, 
 2DIAGNOSTIC,    18, -5.471747031904e-01, 3.478202493165e-05, 2.3215e+00, 3.1325e-02, 
 2DIAGNOSTIC,    19, -5.471813454780e-01, 1.945635162753e-05, 2.3522e+00, 3.0641e-02, 
 2DIAGNOSTIC,    20, -5.471662917552e-01, 4.969857348457e-06, 2.3798e+00, 2.7617e-02, 
 2DIAGNOSTIC,    21, -5.471844161852e-01, 1.951271409027e-06, 2.4106e+00, 3.0792e-02, 
 2DIAGNOSTIC,    22, -5.471946858280e-01, 1.794833969962e-06, 2.4379e+00, 2.7338e-02, 
 2DIAGNOSTIC,    23, -5.472309780210e-01, 2.955893695568e-06, 2.4670e+00, 2.9135e-02, 
 2DIAGNOSTIC,    24, -5.472460349598e-01, 4.500346191968e-06, 2.5009e+00, 3.3893e-02, 
 2DIAGNOSTIC,    25, -5.473225346446e-01, 7.130561234470e-06, 2.5299e+00, 2.8939e-02, 
 2DIAGNOSTIC,    26, -5.474469324973e-01, 1.098290963465e-05, 2.5590e+00, 2.9080e-02, 
 2DIAGNOSTIC,    27, -5.481013381191e-01, 2.630865336695e-05, 2.5905e+00, 3.1543e-02, 
 2DIAGNOSTIC,    28, -5.480678930700e-01, 3.738991591143e-05, 2.6276e+00, 3.7089e-02, 
 2DIAGNOSTIC,    29, -5.482084716902e-01, 4.712038306307e-05, 2.6620e+00, 3.4443e-02, 
 2DIAGNOSTIC,    30, -5.482082519685e-01, 5.166413178220e-05, 2.6933e+00, 3.1256e-02, 
 2DIAGNOSTIC,    31, -5.482014616950e-01, 5.125920277375e-05, 2.7237e+00, 3.0425e-02, 
 2DIAGNOSTIC,    32, -5.481815957979e-01, 4.582629943727e-05, 2.7505e+00, 2.6809e-02, 
 2DIAGNOSTIC,    33, -5.481718258202e-01, 3.689942769633e-05, 2.7785e+00, 2.8014e-02, 
 2DIAGNOSTIC,    34, -5.481825627578e-01, 2.560031666453e-05, 2.8051e+00, 2.6518e-02, 
 2DIAGNOSTIC,    35, -5.481838558387e-01, 1.379952748077e-05, 2.8324e+00, 2.7316e-02, 
 2DIAGNOSTIC,    36, -5.481854580273e-01, 3.009190746226e-06, 2.8594e+00, 2.7071e-02, 
 2DIAGNOSTIC,    37, -5.482631349711e-01, 2.936496481393e-06, 2.8904e+00, 3.0959e-02, 
 2DIAGNOSTIC,    38, -5.482856021731e-01, 2.436031688549e-06, 2.9207e+00, 3.0319e-02, 
 2DIAGNOSTIC,    39, -5.482706829414e-01, 3.481473744016e-06, 2.9547e+00, 3.4016e-02, 
 2DIAGNOSTIC,    40, -5.481987810358e-01, 3.305087671938e-06, 2.9851e+00, 3.0378e-02, 
 2DIAGNOSTIC,    41, -5.482804435759e-01, 3.879669332026e-06, 3.0156e+00, 3.0520e-02, 
 2DIAGNOSTIC,    42, -5.481860535684e-01, 2.661905126943e-06, 3.0494e+00, 3.3753e-02, 
 2DIAGNOSTIC,    43, -5.482756835808e-01, 2.304247350322e-06, 3.0868e+00, 3.7429e-02, 
 2DIAGNOSTIC,    44, -5.483025270251e-01, 2.249423174061e-06, 3.1177e+00, 3.0918e-02, 
 2DIAGNOSTIC,    45, -5.482811792301e-01, 1.831074953693e-06, 3.1488e+00, 3.1076e-02, 
 2DIAGNOSTIC,    46, -5.482645576525e-01, 1.147603083576e-06, 3.1827e+00, 3.3881e-02, 
 2DIAGNOSTIC,    47, -5.482548592637e-01, 1.197107873444e-06, 3.2826e+00, 9.9948e-02, 
 2DIAGNOSTIC,    48, -5.482548592625e-01, 1.431237640501e-06, 3.3671e+00, 8.4497e-02, 
 2DIAGNOSTIC,    49, -5.482548592625e-01, 1.428442370374e-06, 3.4013e+00, 3.4162e-02, 
DIAGNOSTIC,Iteration,metricValue,convergenceValue,ITERATION_TIME_INDEX,SINCE_LAST
 2DIAGNOSTIC,     1, -4.661873893795e-01, 1.797693134862e+308, 4.4697e+00, 1.0684e+00, 
 2DIAGNOSTIC,     2, -4.663634375434e-01, 1.797693134862e+308, 4.6874e+00, 2.1767e-01, 
 2DIAGNOSTIC,     3, -4.665065245459e-01, 1.797693134862e+308, 4.9056e+00, 2.1821e-01, 
 2DIAGNOSTIC,     4, -4.666272914102e-01, 1.797693134862e+308, 5.1167e+00, 2.1112e-01, 
 2DIAGNOSTIC,     5, -4.667166857886e-01, 1.797693134862e+308, 5.3352e+00, 2.1848e-01, 
 2DIAGNOSTIC,     6, -4.668667197759e-01, 1.797693134862e+308, 5.5596e+00, 2.2436e-01, 
 2DIAGNOSTIC,     7, -4.669697631337e-01, 1.797693134862e+308, 5.7942e+00, 2.3464e-01, 
 2DIAGNOSTIC,     8, -4.670258382180e-01, 1.797693134862e+308, 6.0900e+00, 2.9580e-01, 
 2DIAGNOSTIC,     9, -4.670791296754e-01, 1.797693134862e+308, 6.2869e+00, 1.9685e-01, 
 2DIAGNOSTIC,    10, -4.671177507148e-01, 1.313512072555e-04, 6.4903e+00, 2.0341e-01, 
 2DIAGNOSTIC,    11, -4.671984764051e-01, 1.051592380114e-04, 6.6952e+00, 2.0497e-01, 
 2DIAGNOSTIC,    12, -4.674361652900e-01, 9.491639457809e-05, 7.0271e+00, 3.3181e-01, 
 2DIAGNOSTIC,    13, -4.675162741082e-01, 8.805927801088e-05, 7.2424e+00, 2.1538e-01, 
 2DIAGNOSTIC,    14, -4.675732966567e-01, 8.220446616587e-05, 7.5285e+00, 2.8608e-01, 
 2DIAGNOSTIC,    15, -4.675740509809e-01, 7.348869620871e-05, 7.7870e+00, 2.5845e-01, 
 2DIAGNOSTIC,    16, -4.675763007032e-01, 6.504191692837e-05, 8.1074e+00, 3.2039e-01, 
 2DIAGNOSTIC,    17, -4.675746325073e-01, 5.526866475142e-05, 8.3498e+00, 2.4245e-01, 
 2DIAGNOSTIC,    18, -4.675729967339e-01, 4.341873865363e-05, 8.6144e+00, 2.6465e-01, 
 2DIAGNOSTIC,    19, -4.675711847224e-01, 3.068798729710e-05, 8.8637e+00, 2.4921e-01, 
 2DIAGNOSTIC,    20, -4.675703874904e-01, 1.773583113471e-05, 9.0839e+00, 2.2028e-01, 
 2DIAGNOSTIC,    21, -4.675677814174e-01, 6.633362789520e-06, 9.3329e+00, 2.4899e-01, 
 2DIAGNOSTIC,    22, -4.675680919250e-01, 2.602194710814e-06, 9.5380e+00, 2.0509e-01, 
DIAGNOSTIC,Iteration,metricValue,convergenceValue,ITERATION_TIME_INDEX,SINCE_LAST
 2DIAGNOSTIC,     1, -4.258650624888e-01, 1.797693134862e+308, 1.1913e+01, 2.3753e+00, 
 2DIAGNOSTIC,     2, -4.259686024472e-01, 1.797693134862e+308, 1.3250e+01, 1.3369e+00, 
 2DIAGNOSTIC,     3, -4.260095390681e-01, 1.797693134862e+308, 1.5058e+01, 1.8075e+00, 
 2DIAGNOSTIC,     4, -4.260079696441e-01, 1.797693134862e+308, 1.7315e+01, 2.2571e+00, 
 2DIAGNOSTIC,     5, -4.260082631478e-01, 1.797693134862e+308, 1.8867e+01, 1.5526e+00, 
 2DIAGNOSTIC,     6, -4.260081762060e-01, 1.797693134862e+308, 2.0550e+01, 1.6829e+00, 
 2DIAGNOSTIC,     7, -4.260081185168e-01, 1.797693134862e+308, 2.1970e+01, 1.4193e+00, 
 2DIAGNOSTIC,     8, -4.260081549466e-01, 1.797693134862e+308, 2.3662e+01, 1.6922e+00, 
 2DIAGNOSTIC,     9, -4.260078640685e-01, 1.797693134862e+308, 2.5160e+01, 1.4979e+00, 
 2DIAGNOSTIC,    10, -4.260077800442e-01, 1.492982625911e-05, 2.6481e+01, 1.3218e+00, 
 2DIAGNOSTIC,    11, -4.260079124283e-01, 5.174827612628e-06, 2.8120e+01, 1.6388e+00, 
 2DIAGNOSTIC,    12, -4.260079237925e-01, 2.531708549941e-06, 2.9632e+01, 1.5121e+00, 
 2DIAGNOSTIC,    13, -4.260077293751e-01, 2.399371793332e-06, 3.1137e+01, 1.5048e+00, 
 2DIAGNOSTIC,    14, -4.260077428808e-01, 2.216239970293e-06, 3.2712e+01, 1.5747e+00, 
 2DIAGNOSTIC,    15, -4.260076582288e-01, 2.072007961956e-06, 3.4019e+01, 1.3073e+00, 
 2DIAGNOSTIC,    16, -4.260077902918e-01, 1.951936977468e-06, 3.5542e+01, 1.5232e+00, 
 2DIAGNOSTIC,    17, -4.260079129030e-01, 1.851465475322e-06, 3.7160e+01, 1.6182e+00, 
 2DIAGNOSTIC,    18, -4.260077163386e-01, 1.758395125208e-06, 3.8526e+01, 1.3654e+00, 
 2DIAGNOSTIC,    19, -4.260074222273e-01, 1.655903389595e-06, 4.0024e+01, 1.4984e+00, 
 2DIAGNOSTIC,    20, -4.260075340423e-01, 1.566361787678e-06, 4.1518e+01, 1.4936e+00, 
 2DIAGNOSTIC,    21, -4.260074431368e-01, 1.488448302479e-06, 4.3546e+01, 2.0283e+00, 
 2DIAGNOSTIC,    22, -4.260073438731e-01, 1.417462972747e-06, 4.5166e+01, 1.6203e+00, 
 2DIAGNOSTIC,    23, -4.260072451644e-01, 1.347051462507e-06, 4.6564e+01, 1.3976e+00, 
 2DIAGNOSTIC,    24, -4.260070467042e-01, 1.281060428009e-06, 4.7956e+01, 1.3924e+00, 
 2DIAGNOSTIC,    25, -4.260070562130e-01, 1.222428045865e-06, 4.9249e+01, 1.2928e+00, 
 2DIAGNOSTIC,    26, -4.260071736074e-01, 1.179062827865e-06, 5.0565e+01, 1.3156e+00, 
 2DIAGNOSTIC,    27, -4.260078106289e-01, 1.161858524341e-06, 5.2202e+01, 1.6375e+00, 
 2DIAGNOSTIC,    28, -4.260078202791e-01, 1.142834839096e-06, 5.3688e+01, 1.4854e+00, 
 2DIAGNOSTIC,    29, -4.260078293140e-01, 1.118090039026e-06, 5.5131e+01, 1.4434e+00, 
 2DIAGNOSTIC,    30, -4.260077329525e-01, 1.093562487543e-06, 5.6452e+01, 1.3212e+00, 
 2DIAGNOSTIC,    31, -4.260076420966e-01, 1.063497440036e-06, 5.7984e+01, 1.5318e+00, 
 2DIAGNOSTIC,    32, -4.260076499184e-01, 1.029676626609e-06, 5.9485e+01, 1.5010e+00, 
  Elapsed time (stage 0): 6.0253e+01


Total elapsed time: 6.0255e+01
Info [verificarlo]: loaded backend libinterflop_ieee.so
Info [interflop-ieee]: load backend with:
Info [interflop-ieee]: debug = false
Info [interflop-ieee]: debug-binary = false
Info [interflop-ieee]: no-backend-name = false
Info [interflop-ieee]: print-new-line = false
Info [interflop-ieee]: print-subnormal-normalized = false
Info [interflop-ieee]: count-op = false
All_Command_lines_OK
Using double precision for computations.
=============================================================================
The composite transform comprises the following transforms (in order): 
  1. /home/mdugre/scratch/mri-registration-rp/datasets/ds004513/derivatives/mri-registration-rp/0001/antsRegistration-r8-p12/sub-s033/rigid_Composite.h5[0] (type = Euler3DTransform)
  2. /home/mdugre/scratch/mri-registration-rp/datasets/ds004513/derivatives/mri-registration-rp/0001/antsRegistration-r8-p12/sub-s033/rigid_Composite.h5[1] (type = Euler3DTransform)
  3. /home/mdugre/scratch/mri-registration-rp/datasets/ds004513/derivatives/mri-registration-rp/0001/antsRegistration-r8-p12/sub-s033/rigid_Composite.h5[2] (type = Euler3DTransform)
=============================================================================
  number of levels = 4
  fixed image: /templateflow/tpl-MNI152NLin2009cAsym/tpl-MNI152NLin2009cAsym_res-01_desc-brain_T1w.nii.gz
  moving image: /home/mdugre/scratch/mri-registration-rp/datasets/ds004513/derivatives/mri-registration-rp/antsBrainExtraction/sub-s033/BrainExtractionBrain.nii.gz
Dimension = 3
Number of stages = 1
Use histogram matching = false
Winsorize image intensities = true
  Lower quantile = 0.005
  Upper quantile = 0.995


Stage 1 State
   Image metric = MattesMI
     Fixed image = Image (0x37ea7e0)
  RTTI typeinfo:   itk::Image<double, 3u>
  Reference Count: 2
  Modified Time: 1592
  Debug: Off
  Object Name: 
  Observers: 
    none
  Source: (none)
  Source output name: (none)
  Release Data: Off
  Data Released: False
  Global Release Data: Off
  PipelineMTime: 0
  UpdateMTime: 1203
  RealTimeStamp: 0 seconds 
  LargestPossibleRegion: 
    Dimension: 3
    Index: [0, 0, 0]
    Size: [193, 229, 193]
  BufferedRegion: 
    Dimension: 3
    Index: [0, 0, 0]
    Size: [193, 229, 193]
  RequestedRegion: 
    Dimension: 3
    Index: [0, 0, 0]
    Size: [193, 229, 193]
  Spacing: [1, 1, 1]
  Origin: [96, 132, -78]
  Direction: 
-1 0 0
0 -1 0
0 0 1

  IndexToPointMatrix: 
-1 0 0
0 -1 0
0 0 1

  PointToIndexMatrix: 
-1 0 0
0 -1 0
0 0 1

  Inverse Direction: 
-1 0 0
0 -1 0
0 0 1

  PixelContainer: 
    ImportImageContainer (0x38aaa20)
      RTTI typeinfo:   itk::ImportImageContainer<unsigned long, double>
      Reference Count: 1
      Modified Time: 1200
      Debug: Off
      Object Name: 
      Observers: 
        none
      Pointer: 0x147dbf641010
      Container manages memory: true
      Size: 8530021
      Capacity: 8530021

     Moving image = Image (0x38a5d70)
  RTTI typeinfo:   itk::Image<double, 3u>
  Reference Count: 2
  Modified Time: 1593
  Debug: Off
  Object Name: 
  Observers: 
    none
  Source: (none)
  Source output name: (none)
  Release Data: Off
  Data Released: False
  Global Release Data: Off
  PipelineMTime: 0
  UpdateMTime: 1590
  RealTimeStamp: 0 seconds 
  LargestPossibleRegion: 
    Dimension: 3
    Index: [0, 0, 0]
    Size: [160, 240, 256]
  BufferedRegion: 
    Dimension: 3
    Index: [0, 0, 0]
    Size: [160, 240, 256]
  RequestedRegion: 
    Dimension: 3
    Index: [0, 0, 0]
    Size: [160, 240, 256]
  Spacing: [1, 1, 1]
  Origin: [91.5134, 94.282, -109.927]
  Direction: 
-0.99591 -0.0698718 -0.0572835
0.0697565 -0.997556 0.00401236
-0.0574239 5.01125e-08 0.99835

  IndexToPointMatrix: 
-0.99591 -0.0698718 -0.0572835
0.0697565 -0.997556 0.00401236
-0.0574239 5.01125e-08 0.99835

  PointToIndexMatrix: 
-0.99591 0.0697565 -0.0574239
-0.0698718 -0.997556 5.01483e-08
-0.0572835 0.00401236 0.99835

  Inverse Direction: 
-0.99591 0.0697565 -0.0574239
-0.0698718 -0.997556 5.01483e-08
-0.0572835 0.00401236 0.99835

  PixelContainer: 
    ImportImageContainer (0x385dc90)
      RTTI typeinfo:   itk::ImportImageContainer<unsigned long, double>
      Reference Count: 1
      Modified Time: 1587
      Debug: Off
      Object Name: 
      Observers: 
        none
      Pointer: 0x147dbab40010
      Container manages memory: true
      Size: 9830400
      Capacity: 9830400

     Weighting = 1
     Sampling strategy = regular
     Number of bins = 32
     Radius = 4
     Sampling percentage  = 0.25
   Transform = Affine
     Gradient step = 0.1
     Update field sigma (voxel space) = 0
     Total field sigma (voxel space) = 0
     Update field time sigma = 0
     Total field time sigma  = 0
     Number of time indices = 0
     Number of time point samples = 0
Registration using 1 total stages.

Stage 0
  iterations = 1000x500x250x100
  convergence threshold = 1e-06
  convergence window size = 10
  number of levels = 4
  using the Mattes MI metric (number of bins = 32, weight = 1, use gradient filter = 0)
  preprocessing:  winsorizing the image intensities
  Shrink factors (level 1 out of 4): [8, 8, 8]
  Shrink factors (level 2 out of 4): [4, 4, 4]
  Shrink factors (level 3 out of 4): [2, 2, 2]
  Shrink factors (level 4 out of 4): [1, 1, 1]
  smoothing sigmas per level: [3, 2, 1, 0]
  regular sampling (percentage = 0.25)

*** Running AffineTransform registration ***

DIAGNOSTIC,Iteration,metricValue,convergenceValue,ITERATION_TIME_INDEX,SINCE_LAST
 2DIAGNOSTIC,     1, -6.382808661454e-01, 1.797693134862e+308, 6.3938e-01, 6.3938e-01, 
 2DIAGNOSTIC,     2, -6.407463257407e-01, 1.797693134862e+308, 6.4380e-01, 4.4200e-03, 
 2DIAGNOSTIC,     3, -6.451563433788e-01, 1.797693134862e+308, 6.4831e-01, 4.5111e-03, 
 2DIAGNOSTIC,     4, -6.521822444045e-01, 1.797693134862e+308, 6.5259e-01, 4.2770e-03, 
 2DIAGNOSTIC,     5, -6.630833217172e-01, 1.797693134862e+308, 6.5663e-01, 4.0429e-03, 
 2DIAGNOSTIC,     6, -6.815412185748e-01, 1.797693134862e+308, 6.6090e-01, 4.2698e-03, 
 2DIAGNOSTIC,     7, -7.249744748865e-01, 1.797693134862e+308, 6.6603e-01, 5.1339e-03, 
 2DIAGNOSTIC,     8, -8.402270108476e-01, 1.797693134862e+308, 6.7054e-01, 4.5090e-03, 
 2DIAGNOSTIC,     9, -8.670093812903e-01, 1.797693134862e+308, 6.7803e-01, 7.4921e-03, 
 2DIAGNOSTIC,    10, -8.690433854445e-01, 2.371001753327e-02, 6.8256e-01, 4.5240e-03, 
 2DIAGNOSTIC,    11, -8.788739968881e-01, 2.366359900182e-02, 6.8714e-01, 4.5860e-03, 
 2DIAGNOSTIC,    12, -8.887397621408e-01, 2.187554502723e-02, 6.9186e-01, 4.7181e-03, 
 2DIAGNOSTIC,    13, -8.929104615137e-01, 1.864060486431e-02, 6.9682e-01, 4.9610e-03, 
 2DIAGNOSTIC,    14, -8.986924679984e-01, 1.459673921551e-02, 7.0192e-01, 5.1029e-03, 
 2DIAGNOSTIC,    15, -9.051774857999e-01, 1.031731554393e-02, 7.0856e-01, 6.6330e-03, 
 2DIAGNOSTIC,    16, -9.052619931267e-01, 6.142491402883e-03, 7.1378e-01, 5.2271e-03, 
 2DIAGNOSTIC,    17, -9.054082846882e-01, 2.821845688853e-03, 7.1923e-01, 5.4410e-03, 
 2DIAGNOSTIC,    18, -9.053914243326e-01, 1.922148910636e-03, 7.2418e-01, 4.9529e-03, 
 2DIAGNOSTIC,    19, -9.051680757974e-01, 1.446899583662e-03, 7.2853e-01, 4.3490e-03, 
 2DIAGNOSTIC,    20, -9.052884154356e-01, 9.252026471503e-04, 7.3305e-01, 4.5249e-03, 
 2DIAGNOSTIC,    21, -9.054639104075e-01, 5.364164351760e-04, 7.3812e-01, 5.0690e-03, 
 2DIAGNOSTIC,    22, -9.056611098033e-01, 2.964128527572e-04, 7.4232e-01, 4.1959e-03, 
 2DIAGNOSTIC,    23, -9.057496483857e-01, 1.145533622360e-04, 7.4659e-01, 4.2679e-03, 
 2DIAGNOSTIC,    24, -9.059294108263e-01, 2.164270465978e-05, 7.5088e-01, 4.2942e-03, 
 2DIAGNOSTIC,    25, -9.059766899720e-01, 2.441650571588e-05, 7.5605e-01, 5.1751e-03, 
 2DIAGNOSTIC,    26, -9.061315026103e-01, 2.781115955287e-05, 7.6054e-01, 4.4870e-03, 
 2DIAGNOSTIC,    27, -9.061745686264e-01, 3.076380097607e-05, 7.6528e-01, 4.7381e-03, 
 2DIAGNOSTIC,    28, -9.064750497952e-01, 3.426248492187e-05, 7.7113e-01, 5.8520e-03, 
 2DIAGNOSTIC,    29, -9.066317840869e-01, 3.352848645560e-05, 7.7796e-01, 6.8321e-03, 
 2DIAGNOSTIC,    30, -9.067509014342e-01, 3.245075281362e-05, 7.8558e-01, 7.6160e-03, 
 2DIAGNOSTIC,    31, -9.064766393777e-01, 2.740607460448e-05, 7.9086e-01, 5.2841e-03, 
 2DIAGNOSTIC,    32, -9.065572120197e-01, 2.322929945307e-05, 7.9565e-01, 4.7901e-03, 
 2DIAGNOSTIC,    33, -9.066473097401e-01, 1.892152964290e-05, 8.0103e-01, 5.3790e-03, 
 2DIAGNOSTIC,    34, -9.065472662389e-01, 1.388361102694e-05, 8.0627e-01, 5.2359e-03, 
 2DIAGNOSTIC,    35, -9.064123516674e-01, 7.139102959137e-06, 8.1098e-01, 4.7150e-03, 
DIAGNOSTIC,Iteration,metricValue,convergenceValue,ITERATION_TIME_INDEX,SINCE_LAST
 2DIAGNOSTIC,     1, -7.442994748932e-01, 1.797693134862e+308, 1.5464e+00, 7.3545e-01, 
 2DIAGNOSTIC,     2, -7.450910588683e-01, 1.797693134862e+308, 1.5809e+00, 3.4458e-02, 
 2DIAGNOSTIC,     3, -7.459151960145e-01, 1.797693134862e+308, 1.6158e+00, 3.4933e-02, 
 2DIAGNOSTIC,     4, -7.466477137828e-01, 1.797693134862e+308, 1.6508e+00, 3.4993e-02, 
 2DIAGNOSTIC,     5, -7.473888654309e-01, 1.797693134862e+308, 1.6861e+00, 3.5282e-02, 
 2DIAGNOSTIC,     6, -7.484010314996e-01, 1.797693134862e+308, 1.7469e+00, 6.0789e-02, 
 2DIAGNOSTIC,     7, -7.483880832078e-01, 1.797693134862e+308, 1.7800e+00, 3.3151e-02, 
 2DIAGNOSTIC,     8, -7.484148814983e-01, 1.797693134862e+308, 1.8261e+00, 4.6061e-02, 
 2DIAGNOSTIC,     9, -7.484239488243e-01, 1.797693134862e+308, 1.8605e+00, 3.4378e-02, 
 2DIAGNOSTIC,    10, -7.484159044576e-01, 3.745598526853e-04, 1.8983e+00, 3.7851e-02, 
 2DIAGNOSTIC,    11, -7.484099834532e-01, 2.527942983741e-04, 1.9366e+00, 3.8290e-02, 
 2DIAGNOSTIC,    12, -7.484067008477e-01, 1.537338840981e-04, 1.9732e+00, 3.6562e-02, 
 2DIAGNOSTIC,    13, -7.484235213359e-01, 8.100545020295e-05, 2.0116e+00, 3.8441e-02, 
 2DIAGNOSTIC,    14, -7.484449473566e-01, 3.174637884173e-05, 2.0482e+00, 3.6608e-02, 
 2DIAGNOSTIC,    15, -7.484609897248e-01, 4.826616294043e-06, 2.0841e+00, 3.5900e-02, 
 2DIAGNOSTIC,    16, -7.484879238669e-01, 5.741260644593e-06, 2.1192e+00, 3.5052e-02, 
 2DIAGNOSTIC,    17, -7.485383745873e-01, 7.018930127507e-06, 2.1588e+00, 3.9587e-02, 
 2DIAGNOSTIC,    18, -7.485718559726e-01, 8.916888961694e-06, 2.1971e+00, 3.8368e-02, 
 2DIAGNOSTIC,    19, -7.485604599689e-01, 9.900157087010e-06, 2.2362e+00, 3.9032e-02, 
 2DIAGNOSTIC,    20, -7.485557957247e-01, 9.807885684193e-06, 2.2712e+00, 3.5066e-02, 
 2DIAGNOSTIC,    21, -7.485702192593e-01, 9.121686822426e-06, 2.3099e+00, 3.8639e-02, 
 2DIAGNOSTIC,    22, -7.486016619116e-01, 8.244950818456e-06, 2.3448e+00, 3.4972e-02, 
 2DIAGNOSTIC,    23, -7.486392552314e-01, 7.682824070508e-06, 2.3841e+00, 3.9210e-02, 
 2DIAGNOSTIC,    24, -7.486777579764e-01, 7.530899447709e-06, 2.4212e+00, 3.7177e-02, 
 2DIAGNOSTIC,    25, -7.486553861414e-01, 6.717150513424e-06, 2.4605e+00, 3.9301e-02, 
 2DIAGNOSTIC,    26, -7.486363485275e-01, 5.571586325540e-06, 2.4967e+00, 3.6160e-02, 
 2DIAGNOSTIC,    27, -7.486391905831e-01, 4.837406104567e-06, 2.5365e+00, 3.9803e-02, 
 2DIAGNOSTIC,    28, -7.486187336006e-01, 3.972936077706e-06, 2.5835e+00, 4.6956e-02, 
 2DIAGNOSTIC,    29, -7.486194229868e-01, 2.765575807660e-06, 2.6348e+00, 5.1388e-02, 
 2DIAGNOSTIC,    30, -7.486194823308e-01, 1.431144884899e-06, 2.6697e+00, 3.4859e-02, 
DIAGNOSTIC,Iteration,metricValue,convergenceValue,ITERATION_TIME_INDEX,SINCE_LAST
 2DIAGNOSTIC,     1, -6.324384043251e-01, 1.797693134862e+308, 3.7203e+00, 1.0506e+00, 
 2DIAGNOSTIC,     2, -6.330367186153e-01, 1.797693134862e+308, 3.9871e+00, 2.6682e-01, 
 2DIAGNOSTIC,     3, -6.336877359767e-01, 1.797693134862e+308, 4.2642e+00, 2.7711e-01, 
 2DIAGNOSTIC,     4, -6.345183002982e-01, 1.797693134862e+308, 4.5242e+00, 2.6006e-01, 
 2DIAGNOSTIC,     5, -6.368038364165e-01, 1.797693134862e+308, 5.0603e+00, 5.3605e-01, 
 2DIAGNOSTIC,     6, -6.367988102565e-01, 1.797693134862e+308, 5.3803e+00, 3.1996e-01, 
 2DIAGNOSTIC,     7, -6.367950168363e-01, 1.797693134862e+308, 5.7010e+00, 3.2070e-01, 
 2DIAGNOSTIC,     8, -6.367928502858e-01, 1.797693134862e+308, 6.0225e+00, 3.2150e-01, 
 2DIAGNOSTIC,     9, -6.367920603501e-01, 1.797693134862e+308, 6.3752e+00, 3.5271e-01, 
 2DIAGNOSTIC,    10, -6.367889109770e-01, 4.895037682141e-04, 6.7098e+00, 3.3460e-01, 
 2DIAGNOSTIC,    11, -6.367880905007e-01, 3.302051339492e-04, 7.0184e+00, 3.0859e-01, 
 2DIAGNOSTIC,    12, -6.367857805689e-01, 1.914352366442e-04, 7.3438e+00, 3.2545e-01, 
 2DIAGNOSTIC,    13, -6.367851037332e-01, 7.949805900463e-05, 7.6669e+00, 3.2307e-01, 
DIAGNOSTIC,Iteration,metricValue,convergenceValue,ITERATION_TIME_INDEX,SINCE_LAST
 2DIAGNOSTIC,     1, -5.628249364727e-01, 1.797693134862e+308, 1.0509e+01, 2.8417e+00, 
 2DIAGNOSTIC,     2, -5.630112250725e-01, 1.797693134862e+308, 1.2331e+01, 1.8223e+00, 
 2DIAGNOSTIC,     3, -5.631923051450e-01, 1.797693134862e+308, 1.4042e+01, 1.7110e+00, 
 2DIAGNOSTIC,     4, -5.635014781347e-01, 1.797693134862e+308, 1.6005e+01, 1.9628e+00, 
 2DIAGNOSTIC,     5, -5.639484596360e-01, 1.797693134862e+308, 1.9111e+01, 3.1059e+00, 
 2DIAGNOSTIC,     6, -5.639545774826e-01, 1.797693134862e+308, 2.0938e+01, 1.8276e+00, 
 2DIAGNOSTIC,     7, -5.639576228039e-01, 1.797693134862e+308, 2.2941e+01, 2.0023e+00, 
 2DIAGNOSTIC,     8, -5.639574829225e-01, 1.797693134862e+308, 2.5031e+01, 2.0905e+00, 
 2DIAGNOSTIC,     9, -5.639575139357e-01, 1.797693134862e+308, 2.7072e+01, 2.0413e+00, 
 2DIAGNOSTIC,    10, -5.639573343815e-01, 1.398481907401e-04, 2.8971e+01, 1.8988e+00, 
 2DIAGNOSTIC,    11, -5.639572735021e-01, 9.178828360862e-05, 3.1039e+01, 2.0675e+00, 
 2DIAGNOSTIC,    12, -5.639569039279e-01, 5.182539184979e-05, 3.3222e+01, 2.1829e+00, 
 2DIAGNOSTIC,    13, -5.639570671435e-01, 2.047183309643e-05, 3.5172e+01, 1.9505e+00, 
 2DIAGNOSTIC,    14, -5.639569655596e-01, 2.634952824682e-06, 3.6888e+01, 1.7162e+00, 
 2DIAGNOSTIC,    15, -5.639569028697e-01, 2.160631981787e-06, 3.8839e+01, 1.9505e+00, 
 2DIAGNOSTIC,    16, -5.639571772434e-01, 1.940855223106e-06, 4.0617e+01, 1.7787e+00, 
 2DIAGNOSTIC,    17, -5.639580947810e-01, 1.868790652441e-06, 4.2504e+01, 1.8870e+00, 
 2DIAGNOSTIC,    18, -5.639586005473e-01, 1.814450468547e-06, 4.4313e+01, 1.8085e+00, 
 2DIAGNOSTIC,    19, -5.639583276001e-01, 1.755110915380e-06, 4.6856e+01, 2.5430e+00, 
 2DIAGNOSTIC,    20, -5.639583668626e-01, 1.691437537359e-06, 4.8459e+01, 1.6028e+00, 
 2DIAGNOSTIC,    21, -5.639581471145e-01, 1.617899828242e-06, 5.0417e+01, 1.9583e+00, 
 2DIAGNOSTIC,    22, -5.639580741665e-01, 1.530791519024e-06, 5.2694e+01, 2.2775e+00, 
 2DIAGNOSTIC,    23, -5.639579816670e-01, 1.444811080484e-06, 5.4494e+01, 1.7993e+00, 
 2DIAGNOSTIC,    24, -5.639577525930e-01, 1.353732725737e-06, 5.6383e+01, 1.8890e+00, 
 2DIAGNOSTIC,    25, -5.639576980207e-01, 1.265289792392e-06, 5.8211e+01, 1.8278e+00, 
 2DIAGNOSTIC,    26, -5.639577072184e-01, 1.189389580068e-06, 6.0178e+01, 1.9678e+00, 
 2DIAGNOSTIC,    27, -5.639578080276e-01, 1.140997204906e-06, 6.1914e+01, 1.7360e+00, 
 2DIAGNOSTIC,    28, -5.639578313648e-01, 1.109182809780e-06, 6.3861e+01, 1.9472e+00, 
 2DIAGNOSTIC,    29, -5.639578543475e-01, 1.077782463076e-06, 6.6119e+01, 2.2580e+00, 
 2DIAGNOSTIC,    30, -5.639577751526e-01, 1.049749516452e-06, 6.7967e+01, 1.8476e+00, 
 2DIAGNOSTIC,    31, -5.639576960776e-01, 1.019685328882e-06, 6.9600e+01, 1.6325e+00, 
  Elapsed time (stage 0): 7.0691e+01


Total elapsed time: 7.0693e+01
Info [verificarlo]: loaded backend libinterflop_vprec.so
Info [interflop-vprec]: load backend with: 
Info [interflop-vprec]: precision-binary32 = 12
Info [interflop-vprec]: range-binary32 = 8
Info [interflop-vprec]: precision-binary64 = 12
Info [interflop-vprec]: range-binary64 = 8
Info [interflop-vprec]: mode = ob
Info [interflop-vprec]: error-mode = rel
Info [interflop-vprec]: max-abs-error-exponent = -1022
Info [interflop-vprec]: daz = false
Info [interflop-vprec]: ftz = false
Info [interflop-vprec]: 	instrument = none
Info [interflop-vprec]: 	prec-input-file = (null)
