
##########################
# Experiment information #
##########################

EXPERIMENT_NAME: antsRegistration-r7-p20
VFC_BACKENDS: libinterflop_vprec.so --range-binary32=7 --precision-binary32=20 --range-binary64=7 --precision-binary64=20

SIF_IMG: /home/mdugre/projects/rrg-glatard/mdugre/containers/ants-vprec-no_metrics.simg

SUBJECT_ID: s003
INPUT_IMG: /home/mdugre/scratch/mri-registration-rp/datasets/ds004513/derivatives/mri-registration-rp/antsBrainExtraction/sub-s003/BrainExtractionBrain.nii.gz
OUTPUT_DIR: /home/mdugre/scratch/mri-registration-rp/datasets/ds004513/derivatives/mri-registration-rp/0001/antsRegistration-r7-p20/sub-s003

FIXED_IMG: /templateflow/tpl-MNI152NLin2009cAsym/tpl-MNI152NLin2009cAsym_res-01_desc-brain_T1w.nii.gz
DATA_DIR: /home/mdugre/scratch/mri-registration-rp/datasets/ds004513
TEMPLATEFLOW_DIR: /home/mdugre/projects/rrg-glatard/mdugre/templateflow
ITK_GLOBAL_DEFAULT_NUMBER_OF_THREADS: 16
##########################

Info [verificarlo]: loaded backend libinterflop_ieee.so
Info [interflop-ieee]: load backend with:
Info [interflop-ieee]: debug = false
Info [interflop-ieee]: debug-binary = false
Info [interflop-ieee]: no-backend-name = false
Info [interflop-ieee]: print-new-line = false
Info [interflop-ieee]: print-subnormal-normalized = false
Info [interflop-ieee]: count-op = false
All_Command_lines_OK
Using double precision for computations.
=============================================================================
The composite transform comprises the following transforms (in order): 
  1. Center of mass alignment using fixed image: /templateflow/tpl-MNI152NLin2009cAsym/tpl-MNI152NLin2009cAsym_res-01_desc-brain_T1w.nii.gz and moving image: /home/mdugre/scratch/mri-registration-rp/datasets/ds004513/derivatives/mri-registration-rp/antsBrainExtraction/sub-s003/BrainExtractionBrain.nii.gz (type = Euler3DTransform)
=============================================================================
  number of levels = 1
  fixed image: /templateflow/tpl-MNI152NLin2009cAsym/tpl-MNI152NLin2009cAsym_res-01_desc-brain_T1w.nii.gz
  moving image: /home/mdugre/scratch/mri-registration-rp/datasets/ds004513/derivatives/mri-registration-rp/antsBrainExtraction/sub-s003/BrainExtractionBrain.nii.gz
Dimension = 3
Number of stages = 1
Use histogram matching = false
Winsorize image intensities = true
  Lower quantile = 0.005
  Upper quantile = 0.995


Stage 1 State
   Image metric = MattesMI
     Fixed image = Image (0x381ae70)
  RTTI typeinfo:   itk::Image<double, 3u>
  Reference Count: 2
  Modified Time: 2334
  Debug: Off
  Object Name: 
  Observers: 
    none
  Source: (none)
  Source output name: (none)
  Release Data: Off
  Data Released: False
  Global Release Data: Off
  PipelineMTime: 0
  UpdateMTime: 1943
  RealTimeStamp: 0 seconds 
  LargestPossibleRegion: 
    Dimension: 3
    Index: [0, 0, 0]
    Size: [193, 229, 193]
  BufferedRegion: 
    Dimension: 3
    Index: [0, 0, 0]
    Size: [193, 229, 193]
  RequestedRegion: 
    Dimension: 3
    Index: [0, 0, 0]
    Size: [193, 229, 193]
  Spacing: [1, 1, 1]
  Origin: [96, 132, -78]
  Direction: 
-1 0 0
0 -1 0
0 0 1

  IndexToPointMatrix: 
-1 0 0
0 -1 0
0 0 1

  PointToIndexMatrix: 
-1 0 0
0 -1 0
0 0 1

  Inverse Direction: 
-1 0 0
0 -1 0
0 0 1

  PixelContainer: 
    ImportImageContainer (0x3827140)
      RTTI typeinfo:   itk::ImportImageContainer<unsigned long, double>
      Reference Count: 1
      Modified Time: 1940
      Debug: Off
      Object Name: 
      Observers: 
        none
      Pointer: 0x149b135a2010
      Container manages memory: true
      Size: 8530021
      Capacity: 8530021

     Moving image = Image (0x3824310)
  RTTI typeinfo:   itk::Image<double, 3u>
  Reference Count: 2
  Modified Time: 2335
  Debug: Off
  Object Name: 
  Observers: 
    none
  Source: (none)
  Source output name: (none)
  Release Data: Off
  Data Released: False
  Global Release Data: Off
  PipelineMTime: 0
  UpdateMTime: 2332
  RealTimeStamp: 0 seconds 
  LargestPossibleRegion: 
    Dimension: 3
    Index: [0, 0, 0]
    Size: [176, 240, 256]
  BufferedRegion: 
    Dimension: 3
    Index: [0, 0, 0]
    Size: [176, 240, 256]
  RequestedRegion: 
    Dimension: 3
    Index: [0, 0, 0]
    Size: [176, 240, 256]
  Spacing: [0.999999, 1, 1]
  Origin: [93.3499, 86.9368, -128.957]
  Direction: 
-0.999513 -0.0279216 -0.0139567
0.0279189 -0.99961 0.000389866
-0.0139622 2.01492e-08 0.999903

  IndexToPointMatrix: 
-0.999512 -0.0279216 -0.0139567
0.0279189 -0.99961 0.000389866
-0.0139621 2.01492e-08 0.999903

  PointToIndexMatrix: 
-0.999514 0.0279189 -0.0139622
-0.0279216 -0.99961 2.01716e-08
-0.0139567 0.000389866 0.999903

  Inverse Direction: 
-0.999513 0.0279189 -0.0139622
-0.0279216 -0.99961 2.01716e-08
-0.0139567 0.000389866 0.999903

  PixelContainer: 
    ImportImageContainer (0x394f610)
      RTTI typeinfo:   itk::ImportImageContainer<unsigned long, double>
      Reference Count: 1
      Modified Time: 2329
      Debug: Off
      Object Name: 
      Observers: 
        none
      Pointer: 0x149b0e321010
      Container manages memory: true
      Size: 10813440
      Capacity: 10813440

     Weighting = 1
     Sampling strategy = regular
     Number of bins = 32
     Radius = 4
     Sampling percentage  = 0.25
   Transform = Rigid
     Gradient step = 0.1
     Update field sigma (voxel space) = 0
     Total field sigma (voxel space) = 0
     Update field time sigma = 0
     Total field time sigma  = 0
     Number of time indices = 0
     Number of time point samples = 0
Registration using 1 total stages.

Stage 0
  iterations = 0
  convergence threshold = 1e-06
  convergence window size = 10
  number of levels = 1
  using the Mattes MI metric (number of bins = 32, weight = 1, use gradient filter = 0)
  preprocessing:  winsorizing the image intensities
  Shrink factors (level 1 out of 1): [1, 1, 1]
  smoothing sigmas per level: [0]
  regular sampling (percentage = 0.25)

*** Running Euler3DTransform registration ***

  Elapsed time (stage 0): 1.13466


Total elapsed time: 1.13695
Info [verificarlo]: loaded backend libinterflop_ieee.so
Info [interflop-ieee]: load backend with:
Info [interflop-ieee]: debug = false
Info [interflop-ieee]: debug-binary = false
Info [interflop-ieee]: no-backend-name = false
Info [interflop-ieee]: print-new-line = false
Info [interflop-ieee]: print-subnormal-normalized = false
Info [interflop-ieee]: count-op = false
All_Command_lines_OK
Using double precision for computations.
=============================================================================
The composite transform comprises the following transforms (in order): 
  1. /home/mdugre/scratch/mri-registration-rp/datasets/ds004513/derivatives/mri-registration-rp/0001/antsRegistration-r7-p20/sub-s003/align_Composite.h5[0] (type = Euler3DTransform)
  2. /home/mdugre/scratch/mri-registration-rp/datasets/ds004513/derivatives/mri-registration-rp/0001/antsRegistration-r7-p20/sub-s003/align_Composite.h5[1] (type = Euler3DTransform)
=============================================================================
  number of levels = 4
  fixed image: /templateflow/tpl-MNI152NLin2009cAsym/tpl-MNI152NLin2009cAsym_res-01_desc-brain_T1w.nii.gz
  moving image: /home/mdugre/scratch/mri-registration-rp/datasets/ds004513/derivatives/mri-registration-rp/antsBrainExtraction/sub-s003/BrainExtractionBrain.nii.gz
Dimension = 3
Number of stages = 1
Use histogram matching = false
Winsorize image intensities = true
  Lower quantile = 0.005
  Upper quantile = 0.995


Stage 1 State
   Image metric = MattesMI
     Fixed image = Image (0x4d4b530)
  RTTI typeinfo:   itk::Image<double, 3u>
  Reference Count: 2
  Modified Time: 1580
  Debug: Off
  Object Name: 
  Observers: 
    none
  Source: (none)
  Source output name: (none)
  Release Data: Off
  Data Released: False
  Global Release Data: Off
  PipelineMTime: 0
  UpdateMTime: 1189
  RealTimeStamp: 0 seconds 
  LargestPossibleRegion: 
    Dimension: 3
    Index: [0, 0, 0]
    Size: [193, 229, 193]
  BufferedRegion: 
    Dimension: 3
    Index: [0, 0, 0]
    Size: [193, 229, 193]
  RequestedRegion: 
    Dimension: 3
    Index: [0, 0, 0]
    Size: [193, 229, 193]
  Spacing: [1, 1, 1]
  Origin: [96, 132, -78]
  Direction: 
-1 0 0
0 -1 0
0 0 1

  IndexToPointMatrix: 
-1 0 0
0 -1 0
0 0 1

  PointToIndexMatrix: 
-1 0 0
0 -1 0
0 0 1

  Inverse Direction: 
-1 0 0
0 -1 0
0 0 1

  PixelContainer: 
    ImportImageContainer (0x4e09d60)
      RTTI typeinfo:   itk::ImportImageContainer<unsigned long, double>
      Reference Count: 1
      Modified Time: 1186
      Debug: Off
      Object Name: 
      Observers: 
        none
      Pointer: 0x14b3e98b1010
      Container manages memory: true
      Size: 8530021
      Capacity: 8530021

     Moving image = Image (0x4dfbf60)
  RTTI typeinfo:   itk::Image<double, 3u>
  Reference Count: 2
  Modified Time: 1581
  Debug: Off
  Object Name: 
  Observers: 
    none
  Source: (none)
  Source output name: (none)
  Release Data: Off
  Data Released: False
  Global Release Data: Off
  PipelineMTime: 0
  UpdateMTime: 1578
  RealTimeStamp: 0 seconds 
  LargestPossibleRegion: 
    Dimension: 3
    Index: [0, 0, 0]
    Size: [176, 240, 256]
  BufferedRegion: 
    Dimension: 3
    Index: [0, 0, 0]
    Size: [176, 240, 256]
  RequestedRegion: 
    Dimension: 3
    Index: [0, 0, 0]
    Size: [176, 240, 256]
  Spacing: [0.999999, 1, 1]
  Origin: [93.3499, 86.9368, -128.957]
  Direction: 
-0.999513 -0.0279216 -0.0139567
0.0279189 -0.99961 0.000389866
-0.0139622 2.01492e-08 0.999903

  IndexToPointMatrix: 
-0.999512 -0.0279216 -0.0139567
0.0279189 -0.99961 0.000389866
-0.0139621 2.01492e-08 0.999903

  PointToIndexMatrix: 
-0.999514 0.0279189 -0.0139622
-0.0279216 -0.99961 2.01716e-08
-0.0139567 0.000389866 0.999903

  Inverse Direction: 
-0.999513 0.0279189 -0.0139622
-0.0279216 -0.99961 2.01716e-08
-0.0139567 0.000389866 0.999903

  PixelContainer: 
    ImportImageContainer (0x4ded6d0)
      RTTI typeinfo:   itk::ImportImageContainer<unsigned long, double>
      Reference Count: 1
      Modified Time: 1575
      Debug: Off
      Object Name: 
      Observers: 
        none
      Pointer: 0x14b3e4630010
      Container manages memory: true
      Size: 10813440
      Capacity: 10813440

     Weighting = 1
     Sampling strategy = regular
     Number of bins = 32
     Radius = 4
     Sampling percentage  = 0.25
   Transform = Rigid
     Gradient step = 0.1
     Update field sigma (voxel space) = 0
     Total field sigma (voxel space) = 0
     Update field time sigma = 0
     Total field time sigma  = 0
     Number of time indices = 0
     Number of time point samples = 0
Registration using 1 total stages.

Stage 0
  iterations = 1000x500x250x100
  convergence threshold = 1e-06
  convergence window size = 10
  number of levels = 4
  using the Mattes MI metric (number of bins = 32, weight = 1, use gradient filter = 0)
  preprocessing:  winsorizing the image intensities
  Shrink factors (level 1 out of 4): [8, 8, 8]
  Shrink factors (level 2 out of 4): [4, 4, 4]
  Shrink factors (level 3 out of 4): [2, 2, 2]
  Shrink factors (level 4 out of 4): [1, 1, 1]
  smoothing sigmas per level: [3, 2, 1, 0]
  regular sampling (percentage = 0.25)

*** Running Euler3DTransform registration ***

DIAGNOSTIC,Iteration,metricValue,convergenceValue,ITERATION_TIME_INDEX,SINCE_LAST
 2DIAGNOSTIC,     1, -4.871187133941e-01, 1.797693134862e+308, 7.7487e-01, 7.7487e-01, 
 2DIAGNOSTIC,     2, -4.887966556740e-01, 1.797693134862e+308, 7.7933e-01, 4.4560e-03, 
 2DIAGNOSTIC,     3, -4.919242839642e-01, 1.797693134862e+308, 7.8421e-01, 4.8850e-03, 
 2DIAGNOSTIC,     4, -5.019092629522e-01, 1.797693134862e+308, 7.8877e-01, 4.5590e-03, 
 2DIAGNOSTIC,     5, -5.198319788477e-01, 1.797693134862e+308, 7.9320e-01, 4.4270e-03, 
 2DIAGNOSTIC,     6, -5.251449584180e-01, 1.797693134862e+308, 7.9749e-01, 4.2880e-03, 
 2DIAGNOSTIC,     7, -5.365118080768e-01, 1.797693134862e+308, 8.0200e-01, 4.5090e-03, 
 2DIAGNOSTIC,     8, -5.564319077261e-01, 1.797693134862e+308, 8.0836e-01, 6.3629e-03, 
 2DIAGNOSTIC,     9, -5.572786469687e-01, 1.797693134862e+308, 8.1240e-01, 4.0450e-03, 
 2DIAGNOSTIC,    10, -5.597886110608e-01, 1.060089541986e-02, 8.1722e-01, 4.8130e-03, 
 2DIAGNOSTIC,    11, -5.645450860914e-01, 9.471656029002e-03, 8.2160e-01, 4.3859e-03, 
 2DIAGNOSTIC,    12, -5.675342641672e-01, 7.901754414630e-03, 8.2653e-01, 4.9250e-03, 
 2DIAGNOSTIC,    13, -5.685174641935e-01, 6.033280802480e-03, 8.3128e-01, 4.7560e-03, 
 2DIAGNOSTIC,    14, -5.693412095343e-01, 4.302087948772e-03, 8.3670e-01, 5.4131e-03, 
 2DIAGNOSTIC,    15, -5.718972801998e-01, 3.155204981958e-03, 8.4161e-01, 4.9140e-03, 
 2DIAGNOSTIC,    16, -5.734788767073e-01, 2.091398053255e-03, 8.4579e-01, 4.1790e-03, 
 2DIAGNOSTIC,    17, -5.737823402463e-01, 1.310029424176e-03, 8.5009e-01, 4.2958e-03, 
 2DIAGNOSTIC,    18, -5.749452616696e-01, 1.114936190122e-03, 8.5463e-01, 4.5478e-03, 
 2DIAGNOSTIC,    19, -5.774392255373e-01, 9.301256922599e-04, 8.6131e-01, 6.6750e-03, 
 2DIAGNOSTIC,    20, -5.782944999921e-01, 7.612328991239e-04, 8.6654e-01, 5.2299e-03, 
 2DIAGNOSTIC,    21, -5.788863756084e-01, 6.687985512416e-04, 8.7095e-01, 4.4141e-03, 
 2DIAGNOSTIC,    22, -5.857337702245e-01, 7.546209611578e-04, 8.7558e-01, 4.6220e-03, 
 2DIAGNOSTIC,    23, -6.028589200443e-01, 1.162232406849e-03, 8.8050e-01, 4.9231e-03, 
 2DIAGNOSTIC,    24, -6.086613847872e-01, 1.554691265719e-03, 8.8670e-01, 6.2010e-03, 
 2DIAGNOSTIC,    25, -6.127624318623e-01, 1.904928899805e-03, 8.9144e-01, 4.7381e-03, 
 2DIAGNOSTIC,    26, -6.171330103854e-01, 2.167612458630e-03, 8.9614e-01, 4.6980e-03, 
 2DIAGNOSTIC,    27, -6.180829712774e-01, 2.226134265117e-03, 9.0031e-01, 4.1709e-03, 
 2DIAGNOSTIC,    28, -6.204355231160e-01, 2.128618134757e-03, 9.0498e-01, 4.6740e-03, 
 2DIAGNOSTIC,    29, -6.216541954179e-01, 1.901236663976e-03, 9.0917e-01, 4.1900e-03, 
 2DIAGNOSTIC,    30, -6.252686895446e-01, 1.589741166241e-03, 9.1403e-01, 4.8640e-03, 
 2DIAGNOSTIC,    31, -6.305777464000e-01, 1.244381393264e-03, 9.1831e-01, 4.2758e-03, 
 2DIAGNOSTIC,    32, -6.437127881342e-01, 1.107473542936e-03, 9.2375e-01, 5.4419e-03, 
 2DIAGNOSTIC,    33, -6.470252643514e-01, 1.176377405019e-03, 9.2798e-01, 4.2281e-03, 
 2DIAGNOSTIC,    34, -6.489207903555e-01, 1.241878158483e-03, 9.3476e-01, 6.7809e-03, 
 2DIAGNOSTIC,    35, -6.509315363947e-01, 1.271871516959e-03, 9.3898e-01, 4.2179e-03, 
 2DIAGNOSTIC,    36, -6.520052514079e-01, 1.251973141162e-03, 9.4309e-01, 4.1091e-03, 
 2DIAGNOSTIC,    37, -6.528675529194e-01, 1.135511486807e-03, 9.4717e-01, 4.0789e-03, 
 2DIAGNOSTIC,    38, -6.532428590890e-01, 9.531129165080e-04, 9.5127e-01, 4.1010e-03, 
 2DIAGNOSTIC,    39, -6.541836474637e-01, 7.192023142048e-04, 9.5707e-01, 5.8050e-03, 
 2DIAGNOSTIC,    40, -6.542241950081e-01, 4.742359403607e-04, 9.6132e-01, 4.2489e-03, 
 2DIAGNOSTIC,    41, -6.546723610715e-01, 2.614054292750e-04, 9.6537e-01, 4.0491e-03, 
 2DIAGNOSTIC,    42, -6.552170227304e-01, 1.908963091926e-04, 9.7096e-01, 5.5859e-03, 
 2DIAGNOSTIC,    43, -6.554096487450e-01, 1.445887908465e-04, 9.7548e-01, 4.5240e-03, 
 2DIAGNOSTIC,    44, -6.554506854790e-01, 1.075124447828e-04, 9.7959e-01, 4.1080e-03, 
 2DIAGNOSTIC,    45, -6.555129145622e-01, 8.394232702022e-05, 9.8381e-01, 4.2181e-03, 
 2DIAGNOSTIC,    46, -6.555921850331e-01, 6.536013258730e-05, 9.8833e-01, 4.5180e-03, 
 2DIAGNOSTIC,    47, -6.557565538430e-01, 5.173935552247e-05, 9.9316e-01, 4.8389e-03, 
 2DIAGNOSTIC,    48, -6.557085954704e-01, 3.682876000167e-05, 9.9842e-01, 5.2540e-03, 
 2DIAGNOSTIC,    49, -6.557464641104e-01, 2.873899230799e-05, 1.0030e+00, 4.5850e-03, 
 2DIAGNOSTIC,    50, -6.556031519138e-01, 1.731480328591e-05, 1.0071e+00, 4.0700e-03, 
 2DIAGNOSTIC,    51, -6.556241656625e-01, 9.023408414442e-06, 1.0112e+00, 4.1211e-03, 
 2DIAGNOSTIC,    52, -6.556517701883e-01, 5.382630217685e-06, 1.0158e+00, 4.5831e-03, 
 2DIAGNOSTIC,    53, -6.557673313506e-01, 4.154662359927e-06, 1.0198e+00, 4.0698e-03, 
 2DIAGNOSTIC,    54, -6.559545644906e-01, 4.617876162308e-06, 1.0252e+00, 5.3582e-03, 
 2DIAGNOSTIC,    55, -6.559076270699e-01, 4.791167126563e-06, 1.0293e+00, 4.0829e-03, 
 2DIAGNOSTIC,    56, -6.557400648579e-01, 3.827889629500e-06, 1.0336e+00, 4.3118e-03, 
 2DIAGNOSTIC,    57, -6.557526014672e-01, 4.090299899052e-06, 1.0399e+00, 6.3052e-03, 
 2DIAGNOSTIC,    58, -6.557646282610e-01, 3.651613822878e-06, 1.0440e+00, 4.0929e-03, 
 2DIAGNOSTIC,    59, -6.557799062275e-01, 3.342709161910e-06, 1.0486e+00, 4.6020e-03, 
 2DIAGNOSTIC,    60, -6.557953367620e-01, 1.804798307841e-06, 1.0537e+00, 5.0800e-03, 
DIAGNOSTIC,Iteration,metricValue,convergenceValue,ITERATION_TIME_INDEX,SINCE_LAST
 2DIAGNOSTIC,     1, -5.252013794559e-01, 1.797693134862e+308, 1.8024e+00, 7.4873e-01, 
 2DIAGNOSTIC,     2, -5.258088832931e-01, 1.797693134862e+308, 1.8318e+00, 2.9347e-02, 
 2DIAGNOSTIC,     3, -5.265909820446e-01, 1.797693134862e+308, 1.8620e+00, 3.0232e-02, 
 2DIAGNOSTIC,     4, -5.273331757758e-01, 1.797693134862e+308, 1.8928e+00, 3.0811e-02, 
 2DIAGNOSTIC,     5, -5.278727756825e-01, 1.797693134862e+308, 1.9225e+00, 2.9672e-02, 
 2DIAGNOSTIC,     6, -5.282100549449e-01, 1.797693134862e+308, 1.9535e+00, 3.1032e-02, 
 2DIAGNOSTIC,     7, -5.295436033485e-01, 1.797693134862e+308, 1.9847e+00, 3.1170e-02, 
 2DIAGNOSTIC,     8, -5.310022051353e-01, 1.797693134862e+308, 2.0296e+00, 4.4973e-02, 
 2DIAGNOSTIC,     9, -5.316097892208e-01, 1.797693134862e+308, 2.0591e+00, 2.9479e-02, 
 2DIAGNOSTIC,    10, -5.317857905988e-01, 8.548498987857e-04, 2.0891e+00, 3.0014e-02, 
 2DIAGNOSTIC,    11, -5.321449820069e-01, 7.630359529016e-04, 2.1319e+00, 4.2728e-02, 
 2DIAGNOSTIC,    12, -5.325092594177e-01, 6.605123014909e-04, 2.1657e+00, 3.3850e-02, 
 2DIAGNOSTIC,    13, -5.331625950594e-01, 5.718757256077e-04, 2.2039e+00, 3.8139e-02, 
 2DIAGNOSTIC,    14, -5.338011060676e-01, 4.966062287481e-04, 2.2441e+00, 4.0289e-02, 
 2DIAGNOSTIC,    15, -5.347587259509e-01, 4.404909223395e-04, 2.3019e+00, 5.7757e-02, 
 2DIAGNOSTIC,    16, -5.349013015092e-01, 3.664027678420e-04, 2.3415e+00, 3.9550e-02, 
 2DIAGNOSTIC,    17, -5.354906858775e-01, 3.273823721462e-04, 2.3828e+00, 4.1297e-02, 
 2DIAGNOSTIC,    18, -5.358573582184e-01, 3.162402356866e-04, 2.4169e+00, 3.4165e-02, 
 2DIAGNOSTIC,    19, -5.360235821584e-01, 2.985822378149e-04, 2.4532e+00, 3.6320e-02, 
 2DIAGNOSTIC,    20, -5.360654367502e-01, 2.608170935306e-04, 2.5085e+00, 5.5236e-02, 
 2DIAGNOSTIC,    21, -5.360612465407e-01, 2.117395353770e-04, 2.5502e+00, 4.1684e-02, 
 2DIAGNOSTIC,    22, -5.360570909785e-01, 1.561892925324e-04, 2.5924e+00, 4.2195e-02, 
 2DIAGNOSTIC,    23, -5.360373340585e-01, 1.054524620733e-04, 2.6327e+00, 4.0343e-02, 
 2DIAGNOSTIC,    24, -5.360345881837e-01, 6.292222809957e-05, 2.6797e+00, 4.7005e-02, 
 2DIAGNOSTIC,    25, -5.360314413492e-01, 3.857649653161e-05, 2.7175e+00, 3.7837e-02, 
 2DIAGNOSTIC,    26, -5.360210200116e-01, 1.511421421906e-05, 2.7617e+00, 4.4121e-02, 
 2DIAGNOSTIC,    27, -5.360153895044e-01, 3.482137072908e-06, 2.7988e+00, 3.7120e-02, 
DIAGNOSTIC,Iteration,metricValue,convergenceValue,ITERATION_TIME_INDEX,SINCE_LAST
 2DIAGNOSTIC,     1, -4.752621246145e-01, 1.797693134862e+308, 4.0315e+00, 1.2328e+00, 
 2DIAGNOSTIC,     2, -4.755528469774e-01, 1.797693134862e+308, 4.2902e+00, 2.5864e-01, 
 2DIAGNOSTIC,     3, -4.758032716005e-01, 1.797693134862e+308, 4.5619e+00, 2.7169e-01, 
 2DIAGNOSTIC,     4, -4.760693064862e-01, 1.797693134862e+308, 4.8526e+00, 2.9076e-01, 
 2DIAGNOSTIC,     5, -4.763310327133e-01, 1.797693134862e+308, 5.1699e+00, 3.1727e-01, 
 2DIAGNOSTIC,     6, -4.764015925961e-01, 1.797693134862e+308, 5.4300e+00, 2.6004e-01, 
 2DIAGNOSTIC,     7, -4.764758312808e-01, 1.797693134862e+308, 5.7135e+00, 2.8351e-01, 
 2DIAGNOSTIC,     8, -4.767228714119e-01, 1.797693134862e+308, 6.0231e+00, 3.0968e-01, 
 2DIAGNOSTIC,     9, -4.769202602404e-01, 1.797693134862e+308, 6.5022e+00, 4.7909e-01, 
 2DIAGNOSTIC,    10, -4.770819971606e-01, 2.336202056803e-04, 6.8122e+00, 3.1000e-01, 
 2DIAGNOSTIC,    11, -4.771627285124e-01, 1.938009507281e-04, 7.1874e+00, 3.7518e-01, 
 2DIAGNOSTIC,    12, -4.773015559282e-01, 1.648989888339e-04, 7.5648e+00, 3.7739e-01, 
 2DIAGNOSTIC,    13, -4.774750489702e-01, 1.448425666863e-04, 7.8752e+00, 3.1041e-01, 
 2DIAGNOSTIC,    14, -4.775884479674e-01, 1.303625473934e-04, 8.1911e+00, 3.1584e-01, 
 2DIAGNOSTIC,    15, -4.777056383652e-01, 1.211946990537e-04, 8.5565e+00, 3.6544e-01, 
 2DIAGNOSTIC,    16, -4.777550945651e-01, 1.068190364529e-04, 8.8992e+00, 3.4273e-01, 
 2DIAGNOSTIC,    17, -4.778026688209e-01, 8.863605574413e-05, 9.2087e+00, 3.0952e-01, 
 2DIAGNOSTIC,    18, -4.778510242174e-01, 7.407440901142e-05, 9.5509e+00, 3.4218e-01, 
 2DIAGNOSTIC,    19, -4.779115145631e-01, 6.229896849813e-05, 1.0078e+01, 5.2725e-01, 
 2DIAGNOSTIC,    20, -4.779373255801e-01, 5.163548263829e-05, 1.0600e+01, 5.2187e-01, 
 2DIAGNOSTIC,    21, -4.780255497276e-01, 4.210118887720e-05, 1.1133e+01, 5.3286e-01, 
 2DIAGNOSTIC,    22, -4.780997187132e-01, 3.530332914969e-05, 1.1509e+01, 3.7632e-01, 
 2DIAGNOSTIC,    23, -4.781764530211e-01, 3.233629998522e-05, 1.1812e+01, 3.0280e-01, 
 2DIAGNOSTIC,    24, -4.782766800917e-01, 3.193932191303e-05, 1.2121e+01, 3.0875e-01, 
 2DIAGNOSTIC,    25, -4.784483633856e-01, 3.553869651349e-05, 1.2464e+01, 3.4299e-01, 
 2DIAGNOSTIC,    26, -4.784907048391e-01, 3.764648740319e-05, 1.2925e+01, 4.6073e-01, 
 2DIAGNOSTIC,    27, -4.785623905434e-01, 3.880587279112e-05, 1.3215e+01, 2.9030e-01, 
 2DIAGNOSTIC,    28, -4.786031256303e-01, 3.821360230215e-05, 1.3485e+01, 2.6991e-01, 
 2DIAGNOSTIC,    29, -4.786495860877e-01, 3.634215181655e-05, 1.3833e+01, 3.4834e-01, 
 2DIAGNOSTIC,    30, -4.788824504961e-01, 3.632662249270e-05, 1.4325e+01, 4.9207e-01, 
 2DIAGNOSTIC,    31, -4.789014357904e-01, 3.490545822464e-05, 1.4710e+01, 3.8510e-01, 
 2DIAGNOSTIC,    32, -4.789010693962e-01, 3.179769483667e-05, 1.5099e+01, 3.8881e-01, 
 2DIAGNOSTIC,    33, -4.788994531950e-01, 2.736251302297e-05, 1.5689e+01, 5.9034e-01, 
 2DIAGNOSTIC,    34, -4.788987831740e-01, 2.234319116465e-05, 1.6047e+01, 3.5795e-01, 
 2DIAGNOSTIC,    35, -4.788981265634e-01, 1.841949352351e-05, 1.6392e+01, 3.4439e-01, 
 2DIAGNOSTIC,    36, -4.788959831194e-01, 1.368046785791e-05, 1.6688e+01, 2.9602e-01, 
 2DIAGNOSTIC,    37, -4.788963442024e-01, 9.190120633745e-06, 1.7020e+01, 3.3197e-01, 
 2DIAGNOSTIC,    38, -4.788958224383e-01, 4.800775346567e-06, 1.7308e+01, 2.8864e-01, 
DIAGNOSTIC,Iteration,metricValue,convergenceValue,ITERATION_TIME_INDEX,SINCE_LAST
 2DIAGNOSTIC,     1, -4.453216911582e-01, 1.797693134862e+308, 2.0113e+01, 2.8047e+00, 
 2DIAGNOSTIC,     2, -4.453321012477e-01, 1.797693134862e+308, 2.2623e+01, 2.5100e+00, 
 2DIAGNOSTIC,     3, -4.453319648709e-01, 1.797693134862e+308, 2.5108e+01, 2.4847e+00, 
 2DIAGNOSTIC,     4, -4.453318891531e-01, 1.797693134862e+308, 2.7310e+01, 2.2023e+00, 
 2DIAGNOSTIC,     5, -4.453319497734e-01, 1.797693134862e+308, 2.9056e+01, 1.7460e+00, 
 2DIAGNOSTIC,     6, -4.453317813434e-01, 1.797693134862e+308, 3.1158e+01, 2.1023e+00, 
 2DIAGNOSTIC,     7, -4.453318082050e-01, 1.797693134862e+308, 3.2697e+01, 1.5387e+00, 
 2DIAGNOSTIC,     8, -4.453317377528e-01, 1.797693134862e+308, 3.4696e+01, 1.9988e+00, 
 2DIAGNOSTIC,     9, -4.453316652211e-01, 1.797693134862e+308, 3.6345e+01, 1.6496e+00, 
 2DIAGNOSTIC,    10, -4.453316031777e-01, 3.774910580803e-06, 3.7992e+01, 1.6462e+00, 
 2DIAGNOSTIC,    11, -4.453315592516e-01, 2.827433434757e-06, 3.9537e+01, 1.5450e+00, 
 2DIAGNOSTIC,    12, -4.453315464411e-01, 2.596804733065e-06, 4.1469e+01, 1.9324e+00, 
 2DIAGNOSTIC,    13, -4.453315874963e-01, 2.401872584851e-06, 4.3212e+01, 1.7427e+00, 
 2DIAGNOSTIC,    14, -4.453315261484e-01, 2.232464877322e-06, 4.4563e+01, 1.3510e+00, 
 2DIAGNOSTIC,    15, -4.453314829210e-01, 2.090327480234e-06, 4.5940e+01, 1.3776e+00, 
 2DIAGNOSTIC,    16, -4.453315578490e-01, 1.964984947325e-06, 4.7428e+01, 1.4874e+00, 
 2DIAGNOSTIC,    17, -4.453317716676e-01, 1.865429694187e-06, 4.9133e+01, 1.7051e+00, 
 2DIAGNOSTIC,    18, -4.453319708320e-01, 1.781827445237e-06, 5.1345e+01, 2.2120e+00, 
 2DIAGNOSTIC,    19, -4.453318226735e-01, 1.698265433746e-06, 5.3091e+01, 1.7464e+00, 
 2DIAGNOSTIC,    20, -4.453318427863e-01, 1.619887333201e-06, 5.4879e+01, 1.7871e+00, 
 2DIAGNOSTIC,    21, -4.453317836146e-01, 1.543067713057e-06, 5.6464e+01, 1.5854e+00, 
 2DIAGNOSTIC,    22, -4.453316563141e-01, 1.466299777091e-06, 5.7927e+01, 1.4634e+00, 
 2DIAGNOSTIC,    23, -4.453317374552e-01, 1.397748492955e-06, 5.9611e+01, 1.6838e+00, 
 2DIAGNOSTIC,    24, -4.453317815817e-01, 1.333139314191e-06, 6.1331e+01, 1.7202e+00, 
 2DIAGNOSTIC,    25, -4.453316453770e-01, 1.268438049644e-06, 6.2765e+01, 1.4334e+00, 
 2DIAGNOSTIC,    26, -4.453315368521e-01, 1.208286330760e-06, 6.4383e+01, 1.6185e+00, 
 2DIAGNOSTIC,    27, -4.453316908230e-01, 1.162643631217e-06, 6.5858e+01, 1.4747e+00, 
 2DIAGNOSTIC,    28, -4.453317142415e-01, 1.126672191099e-06, 6.7418e+01, 1.5602e+00, 
 2DIAGNOSTIC,    29, -4.453317947079e-01, 1.092480520958e-06, 6.9107e+01, 1.6884e+00, 
 2DIAGNOSTIC,    30, -4.453317583763e-01, 1.060736758179e-06, 7.0717e+01, 1.6100e+00, 
 2DIAGNOSTIC,    31, -4.453316696539e-01, 1.028153604858e-06, 7.2575e+01, 1.8581e+00, 
  Elapsed time (stage 0): 7.3542e+01


Total elapsed time: 7.3545e+01
Info [verificarlo]: loaded backend libinterflop_ieee.so
Info [interflop-ieee]: load backend with:
Info [interflop-ieee]: debug = false
Info [interflop-ieee]: debug-binary = false
Info [interflop-ieee]: no-backend-name = false
Info [interflop-ieee]: print-new-line = false
Info [interflop-ieee]: print-subnormal-normalized = false
Info [interflop-ieee]: count-op = false
All_Command_lines_OK
Using double precision for computations.
=============================================================================
The composite transform comprises the following transforms (in order): 
  1. /home/mdugre/scratch/mri-registration-rp/datasets/ds004513/derivatives/mri-registration-rp/0001/antsRegistration-r7-p20/sub-s003/rigid_Composite.h5[0] (type = Euler3DTransform)
  2. /home/mdugre/scratch/mri-registration-rp/datasets/ds004513/derivatives/mri-registration-rp/0001/antsRegistration-r7-p20/sub-s003/rigid_Composite.h5[1] (type = Euler3DTransform)
  3. /home/mdugre/scratch/mri-registration-rp/datasets/ds004513/derivatives/mri-registration-rp/0001/antsRegistration-r7-p20/sub-s003/rigid_Composite.h5[2] (type = Euler3DTransform)
=============================================================================
  number of levels = 4
  fixed image: /templateflow/tpl-MNI152NLin2009cAsym/tpl-MNI152NLin2009cAsym_res-01_desc-brain_T1w.nii.gz
  moving image: /home/mdugre/scratch/mri-registration-rp/datasets/ds004513/derivatives/mri-registration-rp/antsBrainExtraction/sub-s003/BrainExtractionBrain.nii.gz
Dimension = 3
Number of stages = 1
Use histogram matching = false
Winsorize image intensities = true
  Lower quantile = 0.005
  Upper quantile = 0.995


Stage 1 State
   Image metric = MattesMI
     Fixed image = Image (0x50f77e0)
  RTTI typeinfo:   itk::Image<double, 3u>
  Reference Count: 2
  Modified Time: 1594
  Debug: Off
  Object Name: 
  Observers: 
    none
  Source: (none)
  Source output name: (none)
  Release Data: Off
  Data Released: False
  Global Release Data: Off
  PipelineMTime: 0
  UpdateMTime: 1203
  RealTimeStamp: 0 seconds 
  LargestPossibleRegion: 
    Dimension: 3
    Index: [0, 0, 0]
    Size: [193, 229, 193]
  BufferedRegion: 
    Dimension: 3
    Index: [0, 0, 0]
    Size: [193, 229, 193]
  RequestedRegion: 
    Dimension: 3
    Index: [0, 0, 0]
    Size: [193, 229, 193]
  Spacing: [1, 1, 1]
  Origin: [96, 132, -78]
  Direction: 
-1 0 0
0 -1 0
0 0 1

  IndexToPointMatrix: 
-1 0 0
0 -1 0
0 0 1

  PointToIndexMatrix: 
-1 0 0
0 -1 0
0 0 1

  Inverse Direction: 
-1 0 0
0 -1 0
0 0 1

  PixelContainer: 
    ImportImageContainer (0x51b7a20)
      RTTI typeinfo:   itk::ImportImageContainer<unsigned long, double>
      Reference Count: 1
      Modified Time: 1200
      Debug: Off
      Object Name: 
      Observers: 
        none
      Pointer: 0x14c4ef02a010
      Container manages memory: true
      Size: 8530021
      Capacity: 8530021

     Moving image = Image (0x51b2d70)
  RTTI typeinfo:   itk::Image<double, 3u>
  Reference Count: 2
  Modified Time: 1595
  Debug: Off
  Object Name: 
  Observers: 
    none
  Source: (none)
  Source output name: (none)
  Release Data: Off
  Data Released: False
  Global Release Data: Off
  PipelineMTime: 0
  UpdateMTime: 1592
  RealTimeStamp: 0 seconds 
  LargestPossibleRegion: 
    Dimension: 3
    Index: [0, 0, 0]
    Size: [176, 240, 256]
  BufferedRegion: 
    Dimension: 3
    Index: [0, 0, 0]
    Size: [176, 240, 256]
  RequestedRegion: 
    Dimension: 3
    Index: [0, 0, 0]
    Size: [176, 240, 256]
  Spacing: [0.999999, 1, 1]
  Origin: [93.3499, 86.9368, -128.957]
  Direction: 
-0.999513 -0.0279216 -0.0139567
0.0279189 -0.99961 0.000389866
-0.0139622 2.01492e-08 0.999903

  IndexToPointMatrix: 
-0.999512 -0.0279216 -0.0139567
0.0279189 -0.99961 0.000389866
-0.0139621 2.01492e-08 0.999903

  PointToIndexMatrix: 
-0.999514 0.0279189 -0.0139622
-0.0279216 -0.99961 2.01716e-08
-0.0139567 0.000389866 0.999903

  Inverse Direction: 
-0.999513 0.0279189 -0.0139622
-0.0279216 -0.99961 2.01716e-08
-0.0139567 0.000389866 0.999903

  PixelContainer: 
    ImportImageContainer (0x516ac90)
      RTTI typeinfo:   itk::ImportImageContainer<unsigned long, double>
      Reference Count: 1
      Modified Time: 1589
      Debug: Off
      Object Name: 
      Observers: 
        none
      Pointer: 0x14c4e9da9010
      Container manages memory: true
      Size: 10813440
      Capacity: 10813440

     Weighting = 1
     Sampling strategy = regular
     Number of bins = 32
     Radius = 4
     Sampling percentage  = 0.25
   Transform = Affine
     Gradient step = 0.1
     Update field sigma (voxel space) = 0
     Total field sigma (voxel space) = 0
     Update field time sigma = 0
     Total field time sigma  = 0
     Number of time indices = 0
     Number of time point samples = 0
Registration using 1 total stages.

Stage 0
  iterations = 1000x500x250x100
  convergence threshold = 1e-06
  convergence window size = 10
  number of levels = 4
  using the Mattes MI metric (number of bins = 32, weight = 1, use gradient filter = 0)
  preprocessing:  winsorizing the image intensities
  Shrink factors (level 1 out of 4): [8, 8, 8]
  Shrink factors (level 2 out of 4): [4, 4, 4]
  Shrink factors (level 3 out of 4): [2, 2, 2]
  Shrink factors (level 4 out of 4): [1, 1, 1]
  smoothing sigmas per level: [3, 2, 1, 0]
  regular sampling (percentage = 0.25)

*** Running AffineTransform registration ***

DIAGNOSTIC,Iteration,metricValue,convergenceValue,ITERATION_TIME_INDEX,SINCE_LAST
 2DIAGNOSTIC,     1, -6.595067454907e-01, 1.797693134862e+308, 9.7700e-01, 9.7700e-01, 
 2DIAGNOSTIC,     2, -6.620688835353e-01, 1.797693134862e+308, 9.8215e-01, 5.1460e-03, 
 2DIAGNOSTIC,     3, -6.659830206736e-01, 1.797693134862e+308, 9.8732e-01, 5.1751e-03, 
 2DIAGNOSTIC,     4, -6.718146218184e-01, 1.797693134862e+308, 9.9252e-01, 5.1980e-03, 
 2DIAGNOSTIC,     5, -6.799336545244e-01, 1.797693134862e+308, 9.9738e-01, 4.8561e-03, 
 2DIAGNOSTIC,     6, -6.908227113177e-01, 1.797693134862e+308, 1.0033e+00, 5.8751e-03, 
 2DIAGNOSTIC,     7, -7.119157871305e-01, 1.797693134862e+308, 1.0111e+00, 7.8959e-03, 
 2DIAGNOSTIC,     8, -7.194055827366e-01, 1.797693134862e+308, 1.0162e+00, 5.0509e-03, 
 2DIAGNOSTIC,     9, -7.206226437666e-01, 1.797693134862e+308, 1.0212e+00, 4.9648e-03, 
 2DIAGNOSTIC,    10, -7.213335954072e-01, 7.043536712289e-03, 1.0270e+00, 5.8780e-03, 
 2DIAGNOSTIC,    11, -7.211839336544e-01, 6.103093730095e-03, 1.0330e+00, 5.9781e-03, 
 2DIAGNOSTIC,    12, -7.210340239513e-01, 4.852023115725e-03, 1.0383e+00, 5.3182e-03, 
 2DIAGNOSTIC,    13, -7.211476439967e-01, 3.486784628617e-03, 1.0437e+00, 5.3201e-03, 
 2DIAGNOSTIC,    14, -7.221749547071e-01, 2.211277267402e-03, 1.0506e+00, 6.9451e-03, 
 2DIAGNOSTIC,    15, -7.223490661006e-01, 1.134516765794e-03, 1.0582e+00, 7.6411e-03, 
 2DIAGNOSTIC,    16, -7.224302770261e-01, 3.578658238169e-04, 1.0642e+00, 5.9581e-03, 
 2DIAGNOSTIC,    17, -7.223444946292e-01, 1.377096615555e-04, 1.0701e+00, 5.9280e-03, 
 2DIAGNOSTIC,    18, -7.221197196072e-01, 9.235397302442e-05, 1.0756e+00, 5.4750e-03, 
 2DIAGNOSTIC,    19, -7.219409670328e-01, 6.475969501453e-05, 1.0815e+00, 5.9021e-03, 
 2DIAGNOSTIC,    20, -7.219166626070e-01, 4.791880340068e-05, 1.0880e+00, 6.5260e-03, 
 2DIAGNOSTIC,    21, -7.217875493611e-01, 2.336958187626e-05, 1.0946e+00, 6.5379e-03, 
DIAGNOSTIC,Iteration,metricValue,convergenceValue,ITERATION_TIME_INDEX,SINCE_LAST
 2DIAGNOSTIC,     1, -5.952483104525e-01, 1.797693134862e+308, 1.8940e+00, 7.9943e-01, 
 2DIAGNOSTIC,     2, -5.954499087962e-01, 1.797693134862e+308, 1.9322e+00, 3.8214e-02, 
 2DIAGNOSTIC,     3, -5.958034312992e-01, 1.797693134862e+308, 1.9760e+00, 4.3754e-02, 
 2DIAGNOSTIC,     4, -5.963544841534e-01, 1.797693134862e+308, 2.0138e+00, 3.7855e-02, 
 2DIAGNOSTIC,     5, -5.970875491624e-01, 1.797693134862e+308, 2.0522e+00, 3.8414e-02, 
 2DIAGNOSTIC,     6, -5.983417394031e-01, 1.797693134862e+308, 2.0904e+00, 3.8192e-02, 
 2DIAGNOSTIC,     7, -6.008973662221e-01, 1.797693134862e+308, 2.1349e+00, 4.4494e-02, 
 2DIAGNOSTIC,     8, -6.012139339494e-01, 1.797693134862e+308, 2.1849e+00, 4.9972e-02, 
 2DIAGNOSTIC,     9, -6.013157150651e-01, 1.797693134862e+308, 2.2260e+00, 4.1111e-02, 
 2DIAGNOSTIC,    10, -6.013364880422e-01, 8.268457753031e-04, 2.2676e+00, 4.1563e-02, 
 2DIAGNOSTIC,    11, -6.013612418983e-01, 7.184305131411e-04, 2.3075e+00, 3.9977e-02, 
 2DIAGNOSTIC,    12, -6.013682676952e-01, 5.707240722077e-04, 2.3431e+00, 3.5595e-02, 
 2DIAGNOSTIC,    13, -6.013683967982e-01, 4.074131131118e-04, 2.3852e+00, 4.2094e-02, 
 2DIAGNOSTIC,    14, -6.013665408240e-01, 2.504812660777e-04, 2.4212e+00, 3.5956e-02, 
 2DIAGNOSTIC,    15, -6.014080932295e-01, 1.163591951025e-04, 2.4659e+00, 4.4695e-02, 
 2DIAGNOSTIC,    16, -6.014322502063e-01, 2.440300006749e-05, 2.5076e+00, 4.1731e-02, 
 2DIAGNOSTIC,    17, -6.014509657720e-01, 1.279619514455e-05, 2.5453e+00, 3.7668e-02, 
 2DIAGNOSTIC,    18, -6.014607744674e-01, 1.001888641076e-05, 2.5806e+00, 3.5366e-02, 
 2DIAGNOSTIC,    19, -6.015256716169e-01, 1.092828304943e-05, 2.6162e+00, 3.5577e-02, 
 2DIAGNOSTIC,    20, -6.016699509549e-01, 1.472951702393e-05, 2.6514e+00, 3.5134e-02, 
 2DIAGNOSTIC,    21, -6.019096446224e-01, 2.281768461331e-05, 2.6910e+00, 3.9658e-02, 
 2DIAGNOSTIC,    22, -6.021737410986e-01, 3.393313188452e-05, 2.7464e+00, 5.5359e-02, 
 2DIAGNOSTIC,    23, -6.021617831178e-01, 4.075856511084e-05, 2.7844e+00, 3.8043e-02, 
 2DIAGNOSTIC,    24, -6.021459845595e-01, 4.307681009330e-05, 2.8242e+00, 3.9821e-02, 
 2DIAGNOSTIC,    25, -6.021443223255e-01, 4.205848964808e-05, 2.8660e+00, 4.1755e-02, 
 2DIAGNOSTIC,    26, -6.021397875820e-01, 3.754466860018e-05, 2.9058e+00, 3.9764e-02, 
 2DIAGNOSTIC,    27, -6.021332842692e-01, 3.011413329932e-05, 2.9405e+00, 3.4755e-02, 
 2DIAGNOSTIC,    28, -6.021185239281e-01, 2.045682106937e-05, 2.9747e+00, 3.4220e-02, 
 2DIAGNOSTIC,    29, -6.021231467740e-01, 1.083698304269e-05, 3.0132e+00, 3.8502e-02, 
 2DIAGNOSTIC,    30, -6.021273814044e-01, 3.215785226343e-06, 3.0604e+00, 4.7207e-02, 
DIAGNOSTIC,Iteration,metricValue,convergenceValue,ITERATION_TIME_INDEX,SINCE_LAST
 2DIAGNOSTIC,     1, -5.260761196044e-01, 1.797693134862e+308, 4.2933e+00, 1.2328e+00, 
 2DIAGNOSTIC,     2, -5.263905641591e-01, 1.797693134862e+308, 4.5809e+00, 2.8768e-01, 
 2DIAGNOSTIC,     3, -5.266894812872e-01, 1.797693134862e+308, 4.8696e+00, 2.8870e-01, 
 2DIAGNOSTIC,     4, -5.269493995033e-01, 1.797693134862e+308, 5.1744e+00, 3.0478e-01, 
 2DIAGNOSTIC,     5, -5.272264124449e-01, 1.797693134862e+308, 5.4810e+00, 3.0661e-01, 
 2DIAGNOSTIC,     6, -5.277011329843e-01, 1.797693134862e+308, 5.7773e+00, 2.9624e-01, 
 2DIAGNOSTIC,     7, -5.282977069545e-01, 1.797693134862e+308, 6.0826e+00, 3.0529e-01, 
 2DIAGNOSTIC,     8, -5.324321134663e-01, 1.797693134862e+308, 6.6901e+00, 6.0749e-01, 
 2DIAGNOSTIC,     9, -5.324234523715e-01, 1.797693134862e+308, 7.0303e+00, 3.4023e-01, 
 2DIAGNOSTIC,    10, -5.324316294397e-01, 8.830319217010e-04, 7.4134e+00, 3.8313e-01, 
 2DIAGNOSTIC,    11, -5.324243418450e-01, 8.538179484420e-04, 7.7673e+00, 3.5389e-01, 
 2DIAGNOSTIC,    12, -5.324232559716e-01, 7.660081552505e-04, 8.1108e+00, 3.4350e-01, 
 2DIAGNOSTIC,    13, -5.324174528027e-01, 6.321751981647e-04, 8.4591e+00, 3.4827e-01, 
 2DIAGNOSTIC,    14, -5.324146131055e-01, 4.699340004223e-04, 8.9678e+00, 5.0877e-01, 
 2DIAGNOSTIC,    15, -5.324150868932e-01, 2.988479166990e-04, 9.3151e+00, 3.4728e-01, 
 2DIAGNOSTIC,    16, -5.324120931674e-01, 1.389397643321e-04, 9.6642e+00, 3.4907e-01, 
DIAGNOSTIC,Iteration,metricValue,convergenceValue,ITERATION_TIME_INDEX,SINCE_LAST
 2DIAGNOSTIC,     1, -4.877154942281e-01, 1.797693134862e+308, 1.2679e+01, 3.0149e+00, 
 2DIAGNOSTIC,     2, -4.878499536484e-01, 1.797693134862e+308, 1.4466e+01, 1.7872e+00, 
 2DIAGNOSTIC,     3, -4.879653804833e-01, 1.797693134862e+308, 1.6598e+01, 2.1322e+00, 
 2DIAGNOSTIC,     4, -4.880187803428e-01, 1.797693134862e+308, 1.8554e+01, 1.9559e+00, 
 2DIAGNOSTIC,     5, -4.881232736563e-01, 1.797693134862e+308, 2.0490e+01, 1.9353e+00, 
 2DIAGNOSTIC,     6, -4.883649735460e-01, 1.797693134862e+308, 2.3929e+01, 3.4389e+00, 
 2DIAGNOSTIC,     7, -4.884330525530e-01, 1.797693134862e+308, 2.6459e+01, 2.5304e+00, 
 2DIAGNOSTIC,     8, -4.885658184274e-01, 1.797693134862e+308, 2.8730e+01, 2.2713e+00, 
 2DIAGNOSTIC,     9, -4.886410118104e-01, 1.797693134862e+308, 3.2179e+01, 3.4483e+00, 
 2DIAGNOSTIC,    10, -4.886412423586e-01, 1.354238466295e-04, 3.5559e+01, 3.3806e+00, 
 2DIAGNOSTIC,    11, -4.886412995584e-01, 1.106564063077e-04, 3.7811e+01, 2.2517e+00, 
 2DIAGNOSTIC,    12, -4.886412593090e-01, 8.676653317384e-05, 3.9953e+01, 2.1418e+00, 
 2DIAGNOSTIC,    13, -4.886409069877e-01, 6.415217246829e-05, 4.2054e+01, 2.1011e+00, 
 2DIAGNOSTIC,    14, -4.886408792688e-01, 4.135453311686e-05, 4.4392e+01, 2.3386e+00, 
 2DIAGNOSTIC,    15, -4.886408077161e-01, 2.191745760802e-05, 4.6465e+01, 2.0722e+00, 
 2DIAGNOSTIC,    16, -4.886406531769e-01, 1.191296391530e-05, 4.8857e+01, 2.3924e+00, 
 2DIAGNOSTIC,    17, -4.886404026353e-01, 4.395281119222e-06, 5.1176e+01, 2.3191e+00, 
 2DIAGNOSTIC,    18, -4.886403600311e-01, 1.701619684970e-06, 5.4089e+01, 2.9132e+00, 
 2DIAGNOSTIC,    19, -4.886402817170e-01, 1.597973439037e-06, 5.6457e+01, 2.3672e+00, 
 2DIAGNOSTIC,    20, -4.886401927922e-01, 1.515726289765e-06, 5.8498e+01, 2.0416e+00, 
 2DIAGNOSTIC,    21, -4.886401171090e-01, 1.447863038996e-06, 6.0583e+01, 2.0846e+00, 
 2DIAGNOSTIC,    22, -4.886400637095e-01, 1.390350876269e-06, 6.2559e+01, 1.9767e+00, 
 2DIAGNOSTIC,    23, -4.886400498953e-01, 1.333791190002e-06, 6.4467e+01, 1.9075e+00, 
 2DIAGNOSTIC,    24, -4.886402099353e-01, 1.289731307183e-06, 6.6611e+01, 2.1443e+00, 
 2DIAGNOSTIC,    25, -4.886401534188e-01, 1.249545177502e-06, 6.8714e+01, 2.1030e+00, 
 2DIAGNOSTIC,    26, -4.886400399494e-01, 1.208878689520e-06, 7.0474e+01, 1.7597e+00, 
 2DIAGNOSTIC,    27, -4.886399468215e-01, 1.165343053819e-06, 7.2589e+01, 2.1154e+00, 
 2DIAGNOSTIC,    28, -4.886398766662e-01, 1.123819950863e-06, 7.4826e+01, 2.2371e+00, 
 2DIAGNOSTIC,    29, -4.886395902478e-01, 1.078980204357e-06, 7.6916e+01, 2.0900e+00, 
 2DIAGNOSTIC,    30, -4.886395909401e-01, 1.037296437578e-06, 7.9070e+01, 2.1536e+00, 
  Elapsed time (stage 0): 8.0380e+01


Total elapsed time: 8.0383e+01
Info [verificarlo]: loaded backend libinterflop_vprec.so
Info [interflop-vprec]: load backend with: 
Info [interflop-vprec]: precision-binary32 = 20
Info [interflop-vprec]: range-binary32 = 7
Info [interflop-vprec]: precision-binary64 = 20
Info [interflop-vprec]: range-binary64 = 7
Info [interflop-vprec]: mode = ob
Info [interflop-vprec]: error-mode = rel
Info [interflop-vprec]: max-abs-error-exponent = -1022
Info [interflop-vprec]: daz = false
