
##########################
# Experiment information #
##########################

EXPERIMENT_NAME: antsRegistration-r7-p19
VFC_BACKENDS: libinterflop_vprec.so --range-binary32=7 --precision-binary32=19 --range-binary64=7 --precision-binary64=19

SIF_IMG: /home/mdugre/projects/rrg-glatard/mdugre/containers/ants-vprec-no_metrics.simg

SUBJECT_ID: s014
INPUT_IMG: /home/mdugre/scratch/mri-registration-rp/datasets/ds004513/derivatives/mri-registration-rp/antsBrainExtraction/sub-s014/BrainExtractionBrain.nii.gz
OUTPUT_DIR: /home/mdugre/scratch/mri-registration-rp/datasets/ds004513/derivatives/mri-registration-rp/0001/antsRegistration-r7-p19/sub-s014

FIXED_IMG: /templateflow/tpl-MNI152NLin2009cAsym/tpl-MNI152NLin2009cAsym_res-01_desc-brain_T1w.nii.gz
DATA_DIR: /home/mdugre/scratch/mri-registration-rp/datasets/ds004513
TEMPLATEFLOW_DIR: /home/mdugre/projects/rrg-glatard/mdugre/templateflow
ITK_GLOBAL_DEFAULT_NUMBER_OF_THREADS: 16
##########################

Info [verificarlo]: loaded backend libinterflop_ieee.so
Info [interflop-ieee]: load backend with:
Info [interflop-ieee]: debug = false
Info [interflop-ieee]: debug-binary = false
Info [interflop-ieee]: no-backend-name = false
Info [interflop-ieee]: print-new-line = false
Info [interflop-ieee]: print-subnormal-normalized = false
Info [interflop-ieee]: count-op = false
All_Command_lines_OK
Using double precision for computations.
=============================================================================
The composite transform comprises the following transforms (in order): 
  1. Center of mass alignment using fixed image: /templateflow/tpl-MNI152NLin2009cAsym/tpl-MNI152NLin2009cAsym_res-01_desc-brain_T1w.nii.gz and moving image: /home/mdugre/scratch/mri-registration-rp/datasets/ds004513/derivatives/mri-registration-rp/antsBrainExtraction/sub-s014/BrainExtractionBrain.nii.gz (type = Euler3DTransform)
=============================================================================
  number of levels = 1
  fixed image: /templateflow/tpl-MNI152NLin2009cAsym/tpl-MNI152NLin2009cAsym_res-01_desc-brain_T1w.nii.gz
  moving image: /home/mdugre/scratch/mri-registration-rp/datasets/ds004513/derivatives/mri-registration-rp/antsBrainExtraction/sub-s014/BrainExtractionBrain.nii.gz
Dimension = 3
Number of stages = 1
Use histogram matching = false
Winsorize image intensities = true
  Lower quantile = 0.005
  Upper quantile = 0.995


Stage 1 State
   Image metric = MattesMI
     Fixed image = Image (0x3515e70)
  RTTI typeinfo:   itk::Image<double, 3u>
  Reference Count: 2
  Modified Time: 2334
  Debug: Off
  Object Name: 
  Observers: 
    none
  Source: (none)
  Source output name: (none)
  Release Data: Off
  Data Released: False
  Global Release Data: Off
  PipelineMTime: 0
  UpdateMTime: 1943
  RealTimeStamp: 0 seconds 
  LargestPossibleRegion: 
    Dimension: 3
    Index: [0, 0, 0]
    Size: [193, 229, 193]
  BufferedRegion: 
    Dimension: 3
    Index: [0, 0, 0]
    Size: [193, 229, 193]
  RequestedRegion: 
    Dimension: 3
    Index: [0, 0, 0]
    Size: [193, 229, 193]
  Spacing: [1, 1, 1]
  Origin: [96, 132, -78]
  Direction: 
-1 0 0
0 -1 0
0 0 1

  IndexToPointMatrix: 
-1 0 0
0 -1 0
0 0 1

  PointToIndexMatrix: 
-1 0 0
0 -1 0
0 0 1

  Inverse Direction: 
-1 0 0
0 -1 0
0 0 1

  PixelContainer: 
    ImportImageContainer (0x3522140)
      RTTI typeinfo:   itk::ImportImageContainer<unsigned long, double>
      Reference Count: 1
      Modified Time: 1940
      Debug: Off
      Object Name: 
      Observers: 
        none
      Pointer: 0x147335d9d010
      Container manages memory: true
      Size: 8530021
      Capacity: 8530021

     Moving image = Image (0x351f310)
  RTTI typeinfo:   itk::Image<double, 3u>
  Reference Count: 2
  Modified Time: 2335
  Debug: Off
  Object Name: 
  Observers: 
    none
  Source: (none)
  Source output name: (none)
  Release Data: Off
  Data Released: False
  Global Release Data: Off
  PipelineMTime: 0
  UpdateMTime: 2332
  RealTimeStamp: 0 seconds 
  LargestPossibleRegion: 
    Dimension: 3
    Index: [0, 0, 0]
    Size: [160, 240, 256]
  BufferedRegion: 
    Dimension: 3
    Index: [0, 0, 0]
    Size: [160, 240, 256]
  RequestedRegion: 
    Dimension: 3
    Index: [0, 0, 0]
    Size: [160, 240, 256]
  Spacing: [0.999999, 1, 1]
  Origin: [84.1637, 106.709, -120.531]
  Direction: 
-0.999619 -0.0226874 -0.0157033
0.0226846 -0.999743 0.00035635
-0.0157073 -7.8229e-09 0.999877

  IndexToPointMatrix: 
-0.999619 -0.0226874 -0.0157033
0.0226845 -0.999743 0.00035635
-0.0157073 -7.8229e-09 0.999877

  PointToIndexMatrix: 
-0.99962 0.0226846 -0.0157073
-0.0226874 -0.999743 -7.83127e-09
-0.0157033 0.00035635 0.999877

  Inverse Direction: 
-0.999619 0.0226846 -0.0157073
-0.0226874 -0.999743 -7.83127e-09
-0.0157033 0.00035635 0.999877

  PixelContainer: 
    ImportImageContainer (0x364a610)
      RTTI typeinfo:   itk::ImportImageContainer<unsigned long, double>
      Reference Count: 1
      Modified Time: 2329
      Debug: Off
      Object Name: 
      Observers: 
        none
      Pointer: 0x14733129c010
      Container manages memory: true
      Size: 9830400
      Capacity: 9830400

     Weighting = 1
     Sampling strategy = regular
     Number of bins = 32
     Radius = 4
     Sampling percentage  = 0.25
   Transform = Rigid
     Gradient step = 0.1
     Update field sigma (voxel space) = 0
     Total field sigma (voxel space) = 0
     Update field time sigma = 0
     Total field time sigma  = 0
     Number of time indices = 0
     Number of time point samples = 0
Registration using 1 total stages.

Stage 0
  iterations = 0
  convergence threshold = 1e-06
  convergence window size = 10
  number of levels = 1
  using the Mattes MI metric (number of bins = 32, weight = 1, use gradient filter = 0)
  preprocessing:  winsorizing the image intensities
  Shrink factors (level 1 out of 1): [1, 1, 1]
  smoothing sigmas per level: [0]
  regular sampling (percentage = 0.25)

*** Running Euler3DTransform registration ***

  Elapsed time (stage 0): 1.08837


Total elapsed time: 1.09053
Info [verificarlo]: loaded backend libinterflop_ieee.so
Info [interflop-ieee]: load backend with:
Info [interflop-ieee]: debug = false
Info [interflop-ieee]: debug-binary = false
Info [interflop-ieee]: no-backend-name = false
Info [interflop-ieee]: print-new-line = false
Info [interflop-ieee]: print-subnormal-normalized = false
Info [interflop-ieee]: count-op = false
All_Command_lines_OK
Using double precision for computations.
=============================================================================
The composite transform comprises the following transforms (in order): 
  1. /home/mdugre/scratch/mri-registration-rp/datasets/ds004513/derivatives/mri-registration-rp/0001/antsRegistration-r7-p19/sub-s014/align_Composite.h5[0] (type = Euler3DTransform)
  2. /home/mdugre/scratch/mri-registration-rp/datasets/ds004513/derivatives/mri-registration-rp/0001/antsRegistration-r7-p19/sub-s014/align_Composite.h5[1] (type = Euler3DTransform)
=============================================================================
  number of levels = 4
  fixed image: /templateflow/tpl-MNI152NLin2009cAsym/tpl-MNI152NLin2009cAsym_res-01_desc-brain_T1w.nii.gz
  moving image: /home/mdugre/scratch/mri-registration-rp/datasets/ds004513/derivatives/mri-registration-rp/antsBrainExtraction/sub-s014/BrainExtractionBrain.nii.gz
Dimension = 3
Number of stages = 1
Use histogram matching = false
Winsorize image intensities = true
  Lower quantile = 0.005
  Upper quantile = 0.995


Stage 1 State
   Image metric = MattesMI
     Fixed image = Image (0x3b79530)
  RTTI typeinfo:   itk::Image<double, 3u>
  Reference Count: 2
  Modified Time: 1580
  Debug: Off
  Object Name: 
  Observers: 
    none
  Source: (none)
  Source output name: (none)
  Release Data: Off
  Data Released: False
  Global Release Data: Off
  PipelineMTime: 0
  UpdateMTime: 1189
  RealTimeStamp: 0 seconds 
  LargestPossibleRegion: 
    Dimension: 3
    Index: [0, 0, 0]
    Size: [193, 229, 193]
  BufferedRegion: 
    Dimension: 3
    Index: [0, 0, 0]
    Size: [193, 229, 193]
  RequestedRegion: 
    Dimension: 3
    Index: [0, 0, 0]
    Size: [193, 229, 193]
  Spacing: [1, 1, 1]
  Origin: [96, 132, -78]
  Direction: 
-1 0 0
0 -1 0
0 0 1

  IndexToPointMatrix: 
-1 0 0
0 -1 0
0 0 1

  PointToIndexMatrix: 
-1 0 0
0 -1 0
0 0 1

  Inverse Direction: 
-1 0 0
0 -1 0
0 0 1

  PixelContainer: 
    ImportImageContainer (0x3c37d60)
      RTTI typeinfo:   itk::ImportImageContainer<unsigned long, double>
      Reference Count: 1
      Modified Time: 1186
      Debug: Off
      Object Name: 
      Observers: 
        none
      Pointer: 0x1534cd54c010
      Container manages memory: true
      Size: 8530021
      Capacity: 8530021

     Moving image = Image (0x3c29f60)
  RTTI typeinfo:   itk::Image<double, 3u>
  Reference Count: 2
  Modified Time: 1581
  Debug: Off
  Object Name: 
  Observers: 
    none
  Source: (none)
  Source output name: (none)
  Release Data: Off
  Data Released: False
  Global Release Data: Off
  PipelineMTime: 0
  UpdateMTime: 1578
  RealTimeStamp: 0 seconds 
  LargestPossibleRegion: 
    Dimension: 3
    Index: [0, 0, 0]
    Size: [160, 240, 256]
  BufferedRegion: 
    Dimension: 3
    Index: [0, 0, 0]
    Size: [160, 240, 256]
  RequestedRegion: 
    Dimension: 3
    Index: [0, 0, 0]
    Size: [160, 240, 256]
  Spacing: [0.999999, 1, 1]
  Origin: [84.1637, 106.709, -120.531]
  Direction: 
-0.999619 -0.0226874 -0.0157033
0.0226846 -0.999743 0.00035635
-0.0157073 -7.8229e-09 0.999877

  IndexToPointMatrix: 
-0.999619 -0.0226874 -0.0157033
0.0226845 -0.999743 0.00035635
-0.0157073 -7.8229e-09 0.999877

  PointToIndexMatrix: 
-0.99962 0.0226846 -0.0157073
-0.0226874 -0.999743 -7.83127e-09
-0.0157033 0.00035635 0.999877

  Inverse Direction: 
-0.999619 0.0226846 -0.0157073
-0.0226874 -0.999743 -7.83127e-09
-0.0157033 0.00035635 0.999877

  PixelContainer: 
    ImportImageContainer (0x3c1b6d0)
      RTTI typeinfo:   itk::ImportImageContainer<unsigned long, double>
      Reference Count: 1
      Modified Time: 1575
      Debug: Off
      Object Name: 
      Observers: 
        none
      Pointer: 0x1534c8a4b010
      Container manages memory: true
      Size: 9830400
      Capacity: 9830400

     Weighting = 1
     Sampling strategy = regular
     Number of bins = 32
     Radius = 4
     Sampling percentage  = 0.25
   Transform = Rigid
     Gradient step = 0.1
     Update field sigma (voxel space) = 0
     Total field sigma (voxel space) = 0
     Update field time sigma = 0
     Total field time sigma  = 0
     Number of time indices = 0
     Number of time point samples = 0
Registration using 1 total stages.

Stage 0
  iterations = 1000x500x250x100
  convergence threshold = 1e-06
  convergence window size = 10
  number of levels = 4
  using the Mattes MI metric (number of bins = 32, weight = 1, use gradient filter = 0)
  preprocessing:  winsorizing the image intensities
  Shrink factors (level 1 out of 4): [8, 8, 8]
  Shrink factors (level 2 out of 4): [4, 4, 4]
  Shrink factors (level 3 out of 4): [2, 2, 2]
  Shrink factors (level 4 out of 4): [1, 1, 1]
  smoothing sigmas per level: [3, 2, 1, 0]
  regular sampling (percentage = 0.25)

*** Running Euler3DTransform registration ***

DIAGNOSTIC,Iteration,metricValue,convergenceValue,ITERATION_TIME_INDEX,SINCE_LAST
 2DIAGNOSTIC,     1, -4.770821406565e-01, 1.797693134862e+308, 7.7034e-01, 7.7034e-01, 
 2DIAGNOSTIC,     2, -4.784216133942e-01, 1.797693134862e+308, 7.7442e-01, 4.0741e-03, 
 2DIAGNOSTIC,     3, -4.807043200681e-01, 1.797693134862e+308, 7.7833e-01, 3.9160e-03, 
 2DIAGNOSTIC,     4, -4.840264478065e-01, 1.797693134862e+308, 7.8222e-01, 3.8879e-03, 
 2DIAGNOSTIC,     5, -4.883050305770e-01, 1.797693134862e+308, 7.8630e-01, 4.0841e-03, 
 2DIAGNOSTIC,     6, -4.953560426371e-01, 1.797693134862e+308, 7.9080e-01, 4.4980e-03, 
 2DIAGNOSTIC,     7, -5.007350570384e-01, 1.797693134862e+308, 7.9470e-01, 3.9020e-03, 
 2DIAGNOSTIC,     8, -5.013278569503e-01, 1.797693134862e+308, 7.9866e-01, 3.9580e-03, 
 2DIAGNOSTIC,     9, -5.085255256006e-01, 1.797693134862e+308, 8.0378e-01, 5.1138e-03, 
 2DIAGNOSTIC,    10, -5.161992633656e-01, 5.125196520979e-03, 8.0974e-01, 5.9650e-03, 
 2DIAGNOSTIC,    11, -5.167072941437e-01, 4.879252931146e-03, 8.1387e-01, 4.1301e-03, 
 2DIAGNOSTIC,    12, -5.203629876260e-01, 4.481282734468e-03, 8.1802e-01, 4.1490e-03, 
 2DIAGNOSTIC,    13, -5.229718709777e-01, 3.958672533579e-03, 8.2223e-01, 4.2090e-03, 
 2DIAGNOSTIC,    14, -5.250338110830e-01, 3.368007801723e-03, 8.2701e-01, 4.7851e-03, 
 2DIAGNOSTIC,    15, -5.272078697648e-01, 2.786121483394e-03, 8.3316e-01, 6.1431e-03, 
 2DIAGNOSTIC,    16, -5.275715603978e-01, 2.284098302168e-03, 8.3722e-01, 4.0622e-03, 
 2DIAGNOSTIC,    17, -5.282507656511e-01, 1.839921123745e-03, 8.4135e-01, 4.1320e-03, 
 2DIAGNOSTIC,    18, -5.289722876066e-01, 1.313912041901e-03, 8.4585e-01, 4.4980e-03, 
 2DIAGNOSTIC,    19, -5.292207410111e-01, 9.370568707372e-04, 8.5085e-01, 5.0011e-03, 
 2DIAGNOSTIC,    20, -5.294476960672e-01, 7.341365573348e-04, 8.5530e-01, 4.4460e-03, 
 2DIAGNOSTIC,    21, -5.294955840903e-01, 4.966190831862e-04, 8.5938e-01, 4.0801e-03, 
 2DIAGNOSTIC,    22, -5.295366245031e-01, 3.281311959307e-04, 8.6413e-01, 4.7531e-03, 
 2DIAGNOSTIC,    23, -5.295376311909e-01, 2.063244245630e-04, 8.6865e-01, 4.5190e-03, 
 2DIAGNOSTIC,    24, -5.295911249027e-01, 1.234508389516e-04, 8.7317e-01, 4.5240e-03, 
 2DIAGNOSTIC,    25, -5.296271130649e-01, 8.499150549866e-05, 8.7776e-01, 4.5922e-03, 
 2DIAGNOSTIC,    26, -5.296539599384e-01, 4.983583932690e-05, 8.8181e-01, 4.0460e-03, 
 2DIAGNOSTIC,    27, -5.297704229810e-01, 2.877322815981e-05, 8.8590e-01, 4.0872e-03, 
 2DIAGNOSTIC,    28, -5.299884954867e-01, 2.504887532376e-05, 8.9142e-01, 5.5261e-03, 
 2DIAGNOSTIC,    29, -5.300854192462e-01, 2.569611952858e-05, 8.9600e-01, 4.5769e-03, 
 2DIAGNOSTIC,    30, -5.300410324622e-01, 2.732899344904e-05, 9.0006e-01, 4.0629e-03, 
 2DIAGNOSTIC,    31, -5.300376932142e-01, 2.724560548932e-05, 9.0424e-01, 4.1780e-03, 
 2DIAGNOSTIC,    32, -5.301686264233e-01, 2.763232919420e-05, 9.0828e-01, 4.0390e-03, 
 2DIAGNOSTIC,    33, -5.303926738419e-01, 2.905769096948e-05, 9.1333e-01, 5.0461e-03, 
 2DIAGNOSTIC,    34, -5.304519664600e-01, 2.945835348461e-05, 9.1837e-01, 5.0421e-03, 
 2DIAGNOSTIC,    35, -5.305073139183e-01, 2.868169328808e-05, 9.2242e-01, 4.0531e-03, 
 2DIAGNOSTIC,    36, -5.305686017147e-01, 2.670517373535e-05, 9.2649e-01, 4.0679e-03, 
 2DIAGNOSTIC,    37, -5.306602858941e-01, 2.533264912626e-05, 9.3202e-01, 5.5270e-03, 
 2DIAGNOSTIC,    38, -5.306881156230e-01, 2.512162424904e-05, 9.3608e-01, 4.0588e-03, 
 2DIAGNOSTIC,    39, -5.307317416634e-01, 2.461885298585e-05, 9.4018e-01, 4.1091e-03, 
 2DIAGNOSTIC,    40, -5.308225091354e-01, 2.257034276284e-05, 9.4570e-01, 5.5151e-03, 
 2DIAGNOSTIC,    41, -5.308460424125e-01, 1.877385526137e-05, 9.4987e-01, 4.1659e-03, 
 2DIAGNOSTIC,    42, -5.308561837321e-01, 1.520831957419e-05, 9.5394e-01, 4.0720e-03, 
 2DIAGNOSTIC,    43, -5.308777649273e-01, 1.355835177352e-05, 9.5804e-01, 4.1060e-03, 
 2DIAGNOSTIC,    44, -5.309114036110e-01, 1.190613944497e-05, 9.6207e-01, 4.0290e-03, 
 2DIAGNOSTIC,    45, -5.310262965518e-01, 1.129423566726e-05, 9.6860e-01, 6.5300e-03, 
 2DIAGNOSTIC,    46, -5.310374074445e-01, 1.049838942116e-05, 9.7265e-01, 4.0491e-03, 
 2DIAGNOSTIC,    47, -5.310434720121e-01, 9.962263451069e-06, 9.7675e-01, 4.0970e-03, 
 2DIAGNOSTIC,    48, -5.310518853633e-01, 8.989886107421e-06, 9.8079e-01, 4.0431e-03, 
 2DIAGNOSTIC,    49, -5.310584329536e-01, 7.783359501884e-06, 9.8588e-01, 5.0931e-03, 
 2DIAGNOSTIC,    50, -5.310645817646e-01, 6.973833584084e-06, 9.9145e-01, 5.5690e-03, 
 2DIAGNOSTIC,    51, -5.310656430618e-01, 5.851695600599e-06, 9.9552e-01, 4.0660e-03, 
 2DIAGNOSTIC,    52, -5.310738190002e-01, 4.481863510042e-06, 1.0001e+00, 4.5841e-03, 
 2DIAGNOSTIC,    53, -5.310768127969e-01, 3.049471521594e-06, 1.0042e+00, 4.0519e-03, 
 2DIAGNOSTIC,    54, -5.310775506016e-01, 1.750844720261e-06, 1.0082e+00, 4.0901e-03, 
 2DIAGNOSTIC,    55, -5.310817434211e-01, 1.565716413188e-06, 1.0123e+00, 4.0560e-03, 
 2DIAGNOSTIC,    56, -5.310870994121e-01, 1.452195857520e-06, 1.0169e+00, 4.5729e-03, 
 2DIAGNOSTIC,    57, -5.310885232962e-01, 1.327089154863e-06, 1.0214e+00, 4.5590e-03, 
 2DIAGNOSTIC,    58, -5.310914487850e-01, 1.238639651128e-06, 1.0260e+00, 4.5431e-03, 
 2DIAGNOSTIC,    59, -5.311015678587e-01, 1.240623596667e-06, 1.0311e+00, 5.1222e-03, 
 2DIAGNOSTIC,    60, -5.311021904297e-01, 1.235244579009e-06, 1.0353e+00, 4.1831e-03, 
 2DIAGNOSTIC,    61, -5.311059901820e-01, 1.204917779149e-06, 1.0481e+00, 1.2824e-02, 
 2DIAGNOSTIC,    62, -5.311059901659e-01, 1.182103197377e-06, 1.0609e+00, 1.2814e-02, 
 2DIAGNOSTIC,    63, -5.311059901659e-01, 1.122797857692e-06, 1.0655e+00, 4.5369e-03, 
 2DIAGNOSTIC,    64, -5.311059901659e-01, 1.011506956316e-06, 1.0700e+00, 4.5030e-03, 
DIAGNOSTIC,Iteration,metricValue,convergenceValue,ITERATION_TIME_INDEX,SINCE_LAST
 2DIAGNOSTIC,     1, -4.295258231625e-01, 1.797693134862e+308, 1.7806e+00, 7.1067e-01, 
 2DIAGNOSTIC,     2, -4.302859640432e-01, 1.797693134862e+308, 1.8129e+00, 3.2314e-02, 
 2DIAGNOSTIC,     3, -4.309651196675e-01, 1.797693134862e+308, 1.8426e+00, 2.9684e-02, 
 2DIAGNOSTIC,     4, -4.317164347764e-01, 1.797693134862e+308, 1.8720e+00, 2.9416e-02, 
 2DIAGNOSTIC,     5, -4.325561938345e-01, 1.797693134862e+308, 1.9017e+00, 2.9620e-02, 
 2DIAGNOSTIC,     6, -4.341819580779e-01, 1.797693134862e+308, 1.9307e+00, 2.9081e-02, 
 2DIAGNOSTIC,     7, -4.354327949460e-01, 1.797693134862e+308, 1.9596e+00, 2.8868e-02, 
 2DIAGNOSTIC,     8, -4.367134834400e-01, 1.797693134862e+308, 1.9924e+00, 3.2797e-02, 
 2DIAGNOSTIC,     9, -4.377076816052e-01, 1.797693134862e+308, 2.0321e+00, 3.9723e-02, 
 2DIAGNOSTIC,    10, -4.379510214291e-01, 1.375954781891e-03, 2.0614e+00, 2.9229e-02, 
 2DIAGNOSTIC,    11, -4.381306699704e-01, 1.211218579656e-03, 2.0908e+00, 2.9401e-02, 
 2DIAGNOSTIC,    12, -4.403708091237e-01, 1.128184042345e-03, 2.1238e+00, 3.3038e-02, 
 2DIAGNOSTIC,    13, -4.435986505843e-01, 1.148562288490e-03, 2.1591e+00, 3.5260e-02, 
 2DIAGNOSTIC,    14, -4.436199448045e-01, 1.094787362202e-03, 2.1876e+00, 2.8574e-02, 
 2DIAGNOSTIC,    15, -4.445052016000e-01, 1.025845787015e-03, 2.2164e+00, 2.8715e-02, 
 2DIAGNOSTIC,    16, -4.479362667093e-01, 1.077370586566e-03, 2.2548e+00, 3.8467e-02, 
 2DIAGNOSTIC,    17, -4.481475950935e-01, 1.073587586604e-03, 2.2828e+00, 2.8008e-02, 
 2DIAGNOSTIC,    18, -4.482020490296e-01, 1.018146300470e-03, 2.3142e+00, 3.1394e-02, 
 2DIAGNOSTIC,    19, -4.481966708569e-01, 9.107728217615e-04, 2.3666e+00, 5.2395e-02, 
 2DIAGNOSTIC,    20, -4.481953335792e-01, 7.394369048537e-04, 2.3947e+00, 2.8069e-02, 
 2DIAGNOSTIC,    21, -4.481954334226e-01, 5.189437707545e-04, 2.4298e+00, 3.5132e-02, 
 2DIAGNOSTIC,    22, -4.482018533914e-01, 3.337448833006e-04, 2.4625e+00, 3.2682e-02, 
 2DIAGNOSTIC,    23, -4.481921491798e-01, 2.259319924059e-04, 2.4905e+00, 2.8009e-02, 
 2DIAGNOSTIC,    24, -4.482074312936e-01, 1.077320654401e-04, 2.5222e+00, 3.1713e-02, 
 2DIAGNOSTIC,    25, -4.482144439088e-01, 9.691657042149e-06, 2.5537e+00, 3.1504e-02, 
 2DIAGNOSTIC,    26, -4.482116710127e-01, 3.273680561848e-06, 2.5832e+00, 2.9461e-02, 
 2DIAGNOSTIC,    27, -4.482088353667e-01, 2.084627858022e-06, 2.6135e+00, 3.0318e-02, 
 2DIAGNOSTIC,    28, -4.482139220064e-01, 2.274305627853e-06, 2.6410e+00, 2.7458e-02, 
 2DIAGNOSTIC,    29, -4.482420866485e-01, 2.842587503812e-06, 2.6715e+00, 3.0569e-02, 
 2DIAGNOSTIC,    30, -4.482455732813e-01, 3.232687758793e-06, 2.7025e+00, 3.0999e-02, 
 2DIAGNOSTIC,    31, -4.482405886574e-01, 3.298139359606e-06, 2.7305e+00, 2.7978e-02, 
 2DIAGNOSTIC,    32, -4.482290914999e-01, 3.068922447211e-06, 2.7582e+00, 2.7691e-02, 
 2DIAGNOSTIC,    33, -4.482261087517e-01, 2.406544675676e-06, 2.7897e+00, 3.1540e-02, 
 2DIAGNOSTIC,    34, -4.482147421340e-01, 1.704268179130e-06, 2.8214e+00, 3.1689e-02, 
 2DIAGNOSTIC,    35, -4.482170221710e-01, 1.142411490278e-06, 2.8502e+00, 2.8726e-02, 
DIAGNOSTIC,Iteration,metricValue,convergenceValue,ITERATION_TIME_INDEX,SINCE_LAST
 2DIAGNOSTIC,     1, -3.932184618933e-01, 1.797693134862e+308, 3.8866e+00, 1.0364e+00, 
 2DIAGNOSTIC,     2, -3.933350080817e-01, 1.797693134862e+308, 4.1139e+00, 2.2731e-01, 
 2DIAGNOSTIC,     3, -3.934316047587e-01, 1.797693134862e+308, 4.3164e+00, 2.0253e-01, 
 2DIAGNOSTIC,     4, -3.934445201691e-01, 1.797693134862e+308, 4.5999e+00, 2.8354e-01, 
 2DIAGNOSTIC,     5, -3.934561041418e-01, 1.797693134862e+308, 4.8729e+00, 2.7299e-01, 
 2DIAGNOSTIC,     6, -3.934557400487e-01, 1.797693134862e+308, 5.1554e+00, 2.8249e-01, 
 2DIAGNOSTIC,     7, -3.934568947939e-01, 1.797693134862e+308, 5.5657e+00, 4.1032e-01, 
 2DIAGNOSTIC,     8, -3.934560026752e-01, 1.797693134862e+308, 5.8005e+00, 2.3477e-01, 
 2DIAGNOSTIC,     9, -3.934553707467e-01, 1.797693134862e+308, 6.1509e+00, 3.5037e-01, 
 2DIAGNOSTIC,    10, -3.934548435849e-01, 2.950388584846e-05, 6.4583e+00, 3.0739e-01, 
 2DIAGNOSTIC,    11, -3.934535150883e-01, 1.251788010516e-05, 6.7457e+00, 2.8745e-01, 
 2DIAGNOSTIC,    12, -3.934529103802e-01, 4.334109183365e-06, 7.0313e+00, 2.8558e-01, 
 2DIAGNOSTIC,    13, -3.934523312365e-01, 2.580302764343e-06, 7.2606e+00, 2.2928e-01, 
 2DIAGNOSTIC,    14, -3.934518640919e-01, 1.691075632942e-06, 7.5162e+00, 2.5563e-01, 
 2DIAGNOSTIC,    15, -3.934519734450e-01, 1.537715180397e-06, 7.7456e+00, 2.2941e-01, 
 2DIAGNOSTIC,    16, -3.934513609562e-01, 1.410839907373e-06, 8.0261e+00, 2.8046e-01, 
 2DIAGNOSTIC,    17, -3.934508380273e-01, 1.380509434101e-06, 8.2962e+00, 2.7012e-01, 
 2DIAGNOSTIC,    18, -3.934502559757e-01, 1.340256736530e-06, 8.5516e+00, 2.5541e-01, 
 2DIAGNOSTIC,    19, -3.934497851755e-01, 1.301860290091e-06, 8.8239e+00, 2.7224e-01, 
 2DIAGNOSTIC,    20, -3.934499621629e-01, 1.290039221905e-06, 9.0354e+00, 2.1151e-01, 
 2DIAGNOSTIC,    21, -3.934502604926e-01, 1.271710150172e-06, 9.2970e+00, 2.6166e-01, 
 2DIAGNOSTIC,    22, -3.934498715595e-01, 1.245514086916e-06, 9.5660e+00, 2.6896e-01, 
 2DIAGNOSTIC,    23, -3.934501307228e-01, 1.231426810314e-06, 9.8539e+00, 2.8797e-01, 
 2DIAGNOSTIC,    24, -3.934495535697e-01, 1.200792283343e-06, 1.0094e+01, 2.3981e-01, 
 2DIAGNOSTIC,    25, -3.934490927613e-01, 1.174527710056e-06, 1.0340e+01, 2.4633e-01, 
 2DIAGNOSTIC,    26, -3.934495816296e-01, 1.156238070343e-06, 1.0600e+01, 2.6035e-01, 
 2DIAGNOSTIC,    27, -3.934510332895e-01, 1.170201611764e-06, 1.0857e+01, 2.5704e-01, 
 2DIAGNOSTIC,    28, -3.934498670263e-01, 1.138213989088e-06, 1.1115e+01, 2.5761e-01, 
 2DIAGNOSTIC,    29, -3.934494067929e-01, 1.086573251069e-06, 1.1342e+01, 2.2696e-01, 
 2DIAGNOSTIC,    30, -3.934490071031e-01, 1.034518292607e-06, 1.1595e+01, 2.5262e-01, 
 2DIAGNOSTIC,    31, -3.934493552248e-01, 1.002859727414e-06, 1.1824e+01, 2.2885e-01, 
 2DIAGNOSTIC,    32, -3.934514389014e-01, 1.012150049787e-06, 1.2085e+01, 2.6108e-01, 
 2DIAGNOSTIC,    33, -3.934519791708e-01, 1.036072092668e-06, 1.2308e+01, 2.2329e-01, 
 2DIAGNOSTIC,    34, -3.934514162085e-01, 1.029043080844e-06, 1.2564e+01, 2.5586e-01, 
 2DIAGNOSTIC,    35, -3.934525148477e-01, 1.027695583598e-06, 1.2818e+01, 2.5405e-01, 
 2DIAGNOSTIC,    36, -3.934539684067e-01, 1.051995730878e-06, 1.3103e+01, 2.8556e-01, 
 2DIAGNOSTIC,    37, -3.934536117510e-01, 1.079271557087e-06, 1.3341e+01, 2.3781e-01, 
 2DIAGNOSTIC,    38, -3.934525130901e-01, 1.042002441512e-06, 1.3603e+01, 2.6218e-01, 
DIAGNOSTIC,Iteration,metricValue,convergenceValue,ITERATION_TIME_INDEX,SINCE_LAST
 2DIAGNOSTIC,     1, -3.660000232081e-01, 1.797693134862e+308, 1.6007e+01, 2.4037e+00, 
 2DIAGNOSTIC,     2, -3.661006044976e-01, 1.797693134862e+308, 1.7719e+01, 1.7123e+00, 
 2DIAGNOSTIC,     3, -3.661940053544e-01, 1.797693134862e+308, 1.9223e+01, 1.5036e+00, 
 2DIAGNOSTIC,     4, -3.662025643966e-01, 1.797693134862e+308, 2.1923e+01, 2.6996e+00, 
 2DIAGNOSTIC,     5, -3.662022977390e-01, 1.797693134862e+308, 2.4155e+01, 2.2320e+00, 
 2DIAGNOSTIC,     6, -3.662022733255e-01, 1.797693134862e+308, 2.5643e+01, 1.4885e+00, 
 2DIAGNOSTIC,     7, -3.662021510412e-01, 1.797693134862e+308, 2.7334e+01, 1.6909e+00, 
 2DIAGNOSTIC,     8, -3.662021104766e-01, 1.797693134862e+308, 2.8918e+01, 1.5835e+00, 
 2DIAGNOSTIC,     9, -3.662019867607e-01, 1.797693134862e+308, 3.0434e+01, 1.5163e+00, 
 2DIAGNOSTIC,    10, -3.662019340663e-01, 2.615306988943e-05, 3.1907e+01, 1.4731e+00, 
 2DIAGNOSTIC,    11, -3.662019021387e-01, 1.049208954786e-05, 3.3562e+01, 1.6552e+00, 
 2DIAGNOSTIC,    12, -3.662017877836e-01, 3.091361209323e-06, 3.5241e+01, 1.6789e+00, 
 2DIAGNOSTIC,    13, -3.662019075685e-01, 2.358435153116e-06, 3.6935e+01, 1.6941e+00, 
 2DIAGNOSTIC,    14, -3.662018587110e-01, 2.210206133738e-06, 3.8586e+01, 1.6514e+00, 
 2DIAGNOSTIC,    15, -3.662018920133e-01, 2.075386372660e-06, 4.0173e+01, 1.5862e+00, 
 2DIAGNOSTIC,    16, -3.662018421372e-01, 1.958104227665e-06, 4.1645e+01, 1.4726e+00, 
 2DIAGNOSTIC,    17, -3.662017315654e-01, 1.846828477751e-06, 4.3134e+01, 1.4886e+00, 
 2DIAGNOSTIC,    18, -3.662016584538e-01, 1.745449628950e-06, 4.4788e+01, 1.6538e+00, 
 2DIAGNOSTIC,    19, -3.662015876326e-01, 1.648798694735e-06, 4.6243e+01, 1.4551e+00, 
 2DIAGNOSTIC,    20, -3.662013732937e-01, 1.553843740745e-06, 4.7720e+01, 1.4768e+00, 
 2DIAGNOSTIC,    21, -3.662013254940e-01, 1.468744468797e-06, 4.9644e+01, 1.9242e+00, 
 2DIAGNOSTIC,    22, -3.662011170366e-01, 1.384171226845e-06, 5.1329e+01, 1.6857e+00, 
 2DIAGNOSTIC,    23, -3.662008967282e-01, 1.309503530479e-06, 5.2870e+01, 1.5401e+00, 
 2DIAGNOSTIC,    24, -3.662008589295e-01, 1.245216188953e-06, 5.4459e+01, 1.5896e+00, 
 2DIAGNOSTIC,    25, -3.662009022540e-01, 1.195923461456e-06, 5.5912e+01, 1.4527e+00, 
 2DIAGNOSTIC,    26, -3.662008588645e-01, 1.154782612450e-06, 5.7311e+01, 1.3988e+00, 
 2DIAGNOSTIC,    27, -3.662010886966e-01, 1.126687732722e-06, 5.8953e+01, 1.6425e+00, 
 2DIAGNOSTIC,    28, -3.662011545019e-01, 1.105168544686e-06, 6.0598e+01, 1.6445e+00, 
 2DIAGNOSTIC,    29, -3.662007271259e-01, 1.074819870668e-06, 6.2537e+01, 1.9394e+00, 
 2DIAGNOSTIC,    30, -3.662006710309e-01, 1.041888310647e-06, 6.4139e+01, 1.6021e+00, 
 2DIAGNOSTIC,    31, -3.662006079467e-01, 1.010052201850e-06, 6.5829e+01, 1.6896e+00, 
  Elapsed time (stage 0): 6.6732e+01


Total elapsed time: 6.6734e+01
Info [verificarlo]: loaded backend libinterflop_ieee.so
Info [interflop-ieee]: load backend with:
Info [interflop-ieee]: debug = false
Info [interflop-ieee]: debug-binary = false
Info [interflop-ieee]: no-backend-name = false
Info [interflop-ieee]: print-new-line = false
Info [interflop-ieee]: print-subnormal-normalized = false
Info [interflop-ieee]: count-op = false
All_Command_lines_OK
Using double precision for computations.
=============================================================================
The composite transform comprises the following transforms (in order): 
  1. /home/mdugre/scratch/mri-registration-rp/datasets/ds004513/derivatives/mri-registration-rp/0001/antsRegistration-r7-p19/sub-s014/rigid_Composite.h5[0] (type = Euler3DTransform)
  2. /home/mdugre/scratch/mri-registration-rp/datasets/ds004513/derivatives/mri-registration-rp/0001/antsRegistration-r7-p19/sub-s014/rigid_Composite.h5[1] (type = Euler3DTransform)
  3. /home/mdugre/scratch/mri-registration-rp/datasets/ds004513/derivatives/mri-registration-rp/0001/antsRegistration-r7-p19/sub-s014/rigid_Composite.h5[2] (type = Euler3DTransform)
=============================================================================
  number of levels = 4
  fixed image: /templateflow/tpl-MNI152NLin2009cAsym/tpl-MNI152NLin2009cAsym_res-01_desc-brain_T1w.nii.gz
  moving image: /home/mdugre/scratch/mri-registration-rp/datasets/ds004513/derivatives/mri-registration-rp/antsBrainExtraction/sub-s014/BrainExtractionBrain.nii.gz
Dimension = 3
Number of stages = 1
Use histogram matching = false
Winsorize image intensities = true
  Lower quantile = 0.005
  Upper quantile = 0.995


Stage 1 State
   Image metric = MattesMI
     Fixed image = Image (0x35e87e0)
  RTTI typeinfo:   itk::Image<double, 3u>
  Reference Count: 2
  Modified Time: 1594
  Debug: Off
  Object Name: 
  Observers: 
    none
  Source: (none)
  Source output name: (none)
  Release Data: Off
  Data Released: False
  Global Release Data: Off
  PipelineMTime: 0
  UpdateMTime: 1203
  RealTimeStamp: 0 seconds 
  LargestPossibleRegion: 
    Dimension: 3
    Index: [0, 0, 0]
    Size: [193, 229, 193]
  BufferedRegion: 
    Dimension: 3
    Index: [0, 0, 0]
    Size: [193, 229, 193]
  RequestedRegion: 
    Dimension: 3
    Index: [0, 0, 0]
    Size: [193, 229, 193]
  Spacing: [1, 1, 1]
  Origin: [96, 132, -78]
  Direction: 
-1 0 0
0 -1 0
0 0 1

  IndexToPointMatrix: 
-1 0 0
0 -1 0
0 0 1

  PointToIndexMatrix: 
-1 0 0
0 -1 0
0 0 1

  Inverse Direction: 
-1 0 0
0 -1 0
0 0 1

  PixelContainer: 
    ImportImageContainer (0x36a8a20)
      RTTI typeinfo:   itk::ImportImageContainer<unsigned long, double>
      Reference Count: 1
      Modified Time: 1200
      Debug: Off
      Object Name: 
      Observers: 
        none
      Pointer: 0x14e744743010
      Container manages memory: true
      Size: 8530021
      Capacity: 8530021

     Moving image = Image (0x36a3d70)
  RTTI typeinfo:   itk::Image<double, 3u>
  Reference Count: 2
  Modified Time: 1595
  Debug: Off
  Object Name: 
  Observers: 
    none
  Source: (none)
  Source output name: (none)
  Release Data: Off
  Data Released: False
  Global Release Data: Off
  PipelineMTime: 0
  UpdateMTime: 1592
  RealTimeStamp: 0 seconds 
  LargestPossibleRegion: 
    Dimension: 3
    Index: [0, 0, 0]
    Size: [160, 240, 256]
  BufferedRegion: 
    Dimension: 3
    Index: [0, 0, 0]
    Size: [160, 240, 256]
  RequestedRegion: 
    Dimension: 3
    Index: [0, 0, 0]
    Size: [160, 240, 256]
  Spacing: [0.999999, 1, 1]
  Origin: [84.1637, 106.709, -120.531]
  Direction: 
-0.999619 -0.0226874 -0.0157033
0.0226846 -0.999743 0.00035635
-0.0157073 -7.8229e-09 0.999877

  IndexToPointMatrix: 
-0.999619 -0.0226874 -0.0157033
0.0226845 -0.999743 0.00035635
-0.0157073 -7.8229e-09 0.999877

  PointToIndexMatrix: 
-0.99962 0.0226846 -0.0157073
-0.0226874 -0.999743 -7.83127e-09
-0.0157033 0.00035635 0.999877

  Inverse Direction: 
-0.999619 0.0226846 -0.0157073
-0.0226874 -0.999743 -7.83127e-09
-0.0157033 0.00035635 0.999877

  PixelContainer: 
    ImportImageContainer (0x365bc90)
      RTTI typeinfo:   itk::ImportImageContainer<unsigned long, double>
      Reference Count: 1
      Modified Time: 1589
      Debug: Off
      Object Name: 
      Observers: 
        none
      Pointer: 0x14e73fc42010
      Container manages memory: true
      Size: 9830400
      Capacity: 9830400

     Weighting = 1
     Sampling strategy = regular
     Number of bins = 32
     Radius = 4
     Sampling percentage  = 0.25
   Transform = Affine
     Gradient step = 0.1
     Update field sigma (voxel space) = 0
     Total field sigma (voxel space) = 0
     Update field time sigma = 0
     Total field time sigma  = 0
     Number of time indices = 0
     Number of time point samples = 0
Registration using 1 total stages.

Stage 0
  iterations = 1000x500x250x100
  convergence threshold = 1e-06
  convergence window size = 10
  number of levels = 4
  using the Mattes MI metric (number of bins = 32, weight = 1, use gradient filter = 0)
  preprocessing:  winsorizing the image intensities
  Shrink factors (level 1 out of 4): [8, 8, 8]
  Shrink factors (level 2 out of 4): [4, 4, 4]
  Shrink factors (level 3 out of 4): [2, 2, 2]
  Shrink factors (level 4 out of 4): [1, 1, 1]
  smoothing sigmas per level: [3, 2, 1, 0]
  regular sampling (percentage = 0.25)

*** Running AffineTransform registration ***

DIAGNOSTIC,Iteration,metricValue,convergenceValue,ITERATION_TIME_INDEX,SINCE_LAST
 2DIAGNOSTIC,     1, -5.239750083310e-01, 1.797693134862e+308, 7.4420e-01, 7.4420e-01, 
 2DIAGNOSTIC,     2, -5.258640014163e-01, 1.797693134862e+308, 7.4852e-01, 4.3161e-03, 
 2DIAGNOSTIC,     3, -5.291088181133e-01, 1.797693134862e+308, 7.5276e-01, 4.2460e-03, 
 2DIAGNOSTIC,     4, -5.347710742172e-01, 1.797693134862e+308, 7.5692e-01, 4.1580e-03, 
 2DIAGNOSTIC,     5, -5.449383437901e-01, 1.797693134862e+308, 7.6101e-01, 4.0920e-03, 
 2DIAGNOSTIC,     6, -6.215306374485e-01, 1.797693134862e+308, 7.6525e-01, 4.2341e-03, 
 2DIAGNOSTIC,     7, -6.633611141908e-01, 1.797693134862e+308, 7.6969e-01, 4.4470e-03, 
 2DIAGNOSTIC,     8, -7.298997580805e-01, 1.797693134862e+308, 7.7560e-01, 5.9021e-03, 
 2DIAGNOSTIC,     9, -7.422521018588e-01, 1.797693134862e+308, 7.8003e-01, 4.4382e-03, 
 2DIAGNOSTIC,    10, -7.541338244006e-01, 2.915590404712e-02, 7.8467e-01, 4.6399e-03, 
 2DIAGNOSTIC,    11, -7.649021950287e-01, 2.764847227893e-02, 7.8992e-01, 5.2481e-03, 
 2DIAGNOSTIC,    12, -7.741613838306e-01, 2.434790934327e-02, 7.9671e-01, 6.7911e-03, 
 2DIAGNOSTIC,    13, -7.770752347173e-01, 1.968342135871e-02, 8.0159e-01, 4.8761e-03, 
 2DIAGNOSTIC,    14, -7.814244009602e-01, 1.436952702901e-02, 8.0608e-01, 4.4870e-03, 
 2DIAGNOSTIC,    15, -7.874240649017e-01, 9.014367387166e-03, 8.1161e-01, 5.5292e-03, 
 2DIAGNOSTIC,    16, -7.920938436910e-01, 5.733377235015e-03, 8.1638e-01, 4.7760e-03, 
 2DIAGNOSTIC,    17, -7.957349060685e-01, 3.442741306603e-03, 8.2154e-01, 5.1539e-03, 
 2DIAGNOSTIC,    18, -8.010581537777e-01, 2.769032479768e-03, 8.2763e-01, 6.0911e-03, 
 2DIAGNOSTIC,    19, -8.020624402202e-01, 2.204702939148e-03, 8.3307e-01, 5.4460e-03, 
 2DIAGNOSTIC,    20, -8.025885543174e-01, 1.748770070422e-03, 8.3823e-01, 5.1539e-03, 
 2DIAGNOSTIC,    21, -8.047946623336e-01, 1.424909355916e-03, 8.4372e-01, 5.4951e-03, 
 2DIAGNOSTIC,    22, -8.088012576694e-01, 1.241436041988e-03, 8.5024e-01, 6.5200e-03, 
 2DIAGNOSTIC,    23, -8.108216347499e-01, 1.042867558269e-03, 8.5516e-01, 4.9212e-03, 
 2DIAGNOSTIC,    24, -8.126148765873e-01, 8.656341905910e-04, 8.6014e-01, 4.9760e-03, 
 2DIAGNOSTIC,    25, -8.155476016281e-01, 7.639566491394e-04, 8.6571e-01, 5.5699e-03, 
 2DIAGNOSTIC,    26, -8.215005444743e-01, 7.574191114537e-04, 8.7066e-01, 4.9469e-03, 
 2DIAGNOSTIC,    27, -8.250885813963e-01, 7.798446366441e-04, 8.7625e-01, 5.5890e-03, 
 2DIAGNOSTIC,    28, -8.288880128094e-01, 8.528920111328e-04, 8.8298e-01, 6.7399e-03, 
 2DIAGNOSTIC,    29, -8.297144229929e-01, 8.652708196993e-04, 8.8804e-01, 5.0509e-03, 
 2DIAGNOSTIC,    30, -8.333727656960e-01, 8.489608034563e-04, 8.9296e-01, 4.9272e-03, 
 2DIAGNOSTIC,    31, -8.366875475634e-01, 8.190883286222e-04, 8.9847e-01, 5.5041e-03, 
 2DIAGNOSTIC,    32, -8.378454800219e-01, 7.739808765832e-04, 9.0341e-01, 4.9479e-03, 
 2DIAGNOSTIC,    33, -8.386438866568e-01, 6.919982463088e-04, 9.0893e-01, 5.5149e-03, 
 2DIAGNOSTIC,    34, -8.393203868801e-01, 5.779813406198e-04, 9.1558e-01, 6.6502e-03, 
 2DIAGNOSTIC,    35, -8.396562291636e-01, 4.502674661721e-04, 9.2054e-01, 4.9641e-03, 
 2DIAGNOSTIC,    36, -8.402329411642e-01, 3.547628587631e-04, 9.2543e-01, 4.8850e-03, 
 2DIAGNOSTIC,    37, -8.406979260305e-01, 2.716011760865e-04, 9.3032e-01, 4.8881e-03, 
 2DIAGNOSTIC,    38, -8.411694360863e-01, 2.100071108298e-04, 9.3576e-01, 5.4400e-03, 
 2DIAGNOSTIC,    39, -8.413405366216e-01, 1.409564965759e-04, 9.4064e-01, 4.8819e-03, 
 2DIAGNOSTIC,    40, -8.419742593033e-01, 1.015390880887e-04, 9.4662e-01, 5.9779e-03, 
 2DIAGNOSTIC,    41, -8.420476240002e-01, 8.493295577165e-05, 9.5150e-01, 4.8881e-03, 
 2DIAGNOSTIC,    42, -8.422139074520e-01, 7.271372774956e-05, 9.5699e-01, 5.4822e-03, 
 2DIAGNOSTIC,    43, -8.428782109986e-01, 6.671177264921e-05, 9.6246e-01, 5.4729e-03, 
 2DIAGNOSTIC,    44, -8.433446734601e-01, 6.412193959216e-05, 9.6902e-01, 6.5620e-03, 
 2DIAGNOSTIC,    45, -8.434572892841e-01, 5.912679962412e-05, 9.7448e-01, 5.4560e-03, 
 2DIAGNOSTIC,    46, -8.432658440246e-01, 5.189513497939e-05, 9.7998e-01, 5.4982e-03, 
 2DIAGNOSTIC,    47, -8.430427871270e-01, 4.205239951013e-05, 9.8487e-01, 4.8890e-03, 
 2DIAGNOSTIC,    48, -8.428317334971e-01, 3.065528451978e-05, 9.8976e-01, 4.8950e-03, 
 2DIAGNOSTIC,    49, -8.427640240521e-01, 1.747888790045e-05, 9.9519e-01, 5.4309e-03, 
 2DIAGNOSTIC,    50, -8.424433618836e-01, 5.568964951470e-06, 1.0001e+00, 4.9522e-03, 
DIAGNOSTIC,Iteration,metricValue,convergenceValue,ITERATION_TIME_INDEX,SINCE_LAST
 2DIAGNOSTIC,     1, -6.903291956001e-01, 1.797693134862e+308, 1.7164e+00, 7.1630e-01, 
 2DIAGNOSTIC,     2, -6.911354285869e-01, 1.797693134862e+308, 1.7536e+00, 3.7180e-02, 
 2DIAGNOSTIC,     3, -6.916155171683e-01, 1.797693134862e+308, 1.7907e+00, 3.7027e-02, 
 2DIAGNOSTIC,     4, -6.918758416177e-01, 1.797693134862e+308, 1.8272e+00, 3.6573e-02, 
 2DIAGNOSTIC,     5, -6.922974463380e-01, 1.797693134862e+308, 1.8628e+00, 3.5624e-02, 
 2DIAGNOSTIC,     6, -6.926865970322e-01, 1.797693134862e+308, 1.8955e+00, 3.2656e-02, 
 2DIAGNOSTIC,     7, -6.933687823013e-01, 1.797693134862e+308, 1.9348e+00, 3.9297e-02, 
 2DIAGNOSTIC,     8, -6.936811549274e-01, 1.797693134862e+308, 1.9748e+00, 4.0043e-02, 
 2DIAGNOSTIC,     9, -6.935973793620e-01, 1.797693134862e+308, 2.0182e+00, 4.3339e-02, 
 2DIAGNOSTIC,    10, -6.936116039043e-01, 3.169679970054e-04, 2.0547e+00, 3.6498e-02, 
 2DIAGNOSTIC,    11, -6.936216780724e-01, 2.341118026233e-04, 2.0885e+00, 3.3802e-02, 
 2DIAGNOSTIC,    12, -6.936144969048e-01, 1.710170652743e-04, 2.1244e+00, 3.5925e-02, 
 2DIAGNOSTIC,    13, -6.935914874028e-01, 1.167739655672e-04, 2.1610e+00, 3.6613e-02, 
 2DIAGNOSTIC,    14, -6.935926725603e-01, 6.770583279894e-05, 2.1976e+00, 3.6562e-02, 
 2DIAGNOSTIC,    15, -6.935944048878e-01, 3.084045747687e-05, 2.2381e+00, 4.0493e-02, 
 2DIAGNOSTIC,    16, -6.935957922363e-01, 5.511594607557e-06, 2.2786e+00, 4.0566e-02, 
DIAGNOSTIC,Iteration,metricValue,convergenceValue,ITERATION_TIME_INDEX,SINCE_LAST
 2DIAGNOSTIC,     1, -5.885752257107e-01, 1.797693134862e+308, 3.3818e+00, 1.1032e+00, 
 2DIAGNOSTIC,     2, -5.892326329638e-01, 1.797693134862e+308, 3.6556e+00, 2.7379e-01, 
 2DIAGNOSTIC,     3, -5.899503245903e-01, 1.797693134862e+308, 3.9017e+00, 2.4612e-01, 
 2DIAGNOSTIC,     4, -5.907309566761e-01, 1.797693134862e+308, 4.1491e+00, 2.4741e-01, 
 2DIAGNOSTIC,     5, -5.917726428231e-01, 1.797693134862e+308, 4.4358e+00, 2.8667e-01, 
 2DIAGNOSTIC,     6, -5.938658017407e-01, 1.797693134862e+308, 4.9040e+00, 4.6816e-01, 
 2DIAGNOSTIC,     7, -5.938745834220e-01, 1.797693134862e+308, 5.1713e+00, 2.6733e-01, 
 2DIAGNOSTIC,     8, -5.938718367657e-01, 1.797693134862e+308, 5.5294e+00, 3.5808e-01, 
 2DIAGNOSTIC,     9, -5.938673421180e-01, 1.797693134862e+308, 5.8678e+00, 3.3843e-01, 
 2DIAGNOSTIC,    10, -5.938684056421e-01, 6.709731696167e-04, 6.1821e+00, 3.1428e-01, 
 2DIAGNOSTIC,    11, -5.938682123784e-01, 4.934277605467e-04, 6.4824e+00, 3.0033e-01, 
 2DIAGNOSTIC,    12, -5.938665137022e-01, 3.277117386513e-04, 6.7952e+00, 3.1275e-01, 
 2DIAGNOSTIC,    13, -5.938677946401e-01, 1.856443293579e-04, 7.1025e+00, 3.0732e-01, 
 2DIAGNOSTIC,    14, -5.938666135598e-01, 7.383567078716e-05, 7.4222e+00, 3.1969e-01, 
 2DIAGNOSTIC,    15, -5.938666593676e-01, 1.825892774726e-06, 7.7510e+00, 3.2879e-01, 
 2DIAGNOSTIC,    16, -5.938660156328e-01, 1.567490131166e-06, 8.0853e+00, 3.3431e-01, 
 2DIAGNOSTIC,    17, -5.938655086862e-01, 1.613886592873e-06, 8.3684e+00, 2.8310e-01, 
 2DIAGNOSTIC,    18, -5.938647452137e-01, 1.589323656424e-06, 8.6357e+00, 2.6734e-01, 
 2DIAGNOSTIC,    19, -5.938643025792e-01, 1.458536142467e-06, 8.9290e+00, 2.9332e-01, 
 2DIAGNOSTIC,    20, -5.938648810289e-01, 1.400677187735e-06, 9.1837e+00, 2.5466e-01, 
 2DIAGNOSTIC,    21, -5.938621697132e-01, 1.300493574163e-06, 9.5024e+00, 3.1869e-01, 
 2DIAGNOSTIC,    22, -5.938613297287e-01, 1.175237421186e-06, 9.8164e+00, 3.1401e-01, 
 2DIAGNOSTIC,    23, -5.938605638429e-01, 1.097998483475e-06, 1.0096e+01, 2.7922e-01, 
DIAGNOSTIC,Iteration,metricValue,convergenceValue,ITERATION_TIME_INDEX,SINCE_LAST
 2DIAGNOSTIC,     1, -5.278973336347e-01, 1.797693134862e+308, 1.3299e+01, 3.2031e+00, 
 2DIAGNOSTIC,     2, -5.279671159366e-01, 1.797693134862e+308, 1.5612e+01, 2.3134e+00, 
