
##########################
# Experiment information #
##########################

EXPERIMENT_NAME: antsRegistration-r7-p10
VFC_BACKENDS: libinterflop_vprec.so --range-binary32=7 --precision-binary32=10 --range-binary64=7 --precision-binary64=10

SIF_IMG: /home/mdugre/projects/rrg-glatard/mdugre/containers/ants-vprec-no_metrics.simg

SUBJECT_ID: s035
INPUT_IMG: /home/mdugre/scratch/mri-registration-rp/datasets/ds004513/derivatives/mri-registration-rp/antsBrainExtraction/sub-s035/BrainExtractionBrain.nii.gz
OUTPUT_DIR: /home/mdugre/scratch/mri-registration-rp/datasets/ds004513/derivatives/mri-registration-rp/0001/antsRegistration-r7-p10/sub-s035

FIXED_IMG: /templateflow/tpl-MNI152NLin2009cAsym/tpl-MNI152NLin2009cAsym_res-01_desc-brain_T1w.nii.gz
DATA_DIR: /home/mdugre/scratch/mri-registration-rp/datasets/ds004513
TEMPLATEFLOW_DIR: /home/mdugre/projects/rrg-glatard/mdugre/templateflow
ITK_GLOBAL_DEFAULT_NUMBER_OF_THREADS: 16
##########################

Info [verificarlo]: loaded backend libinterflop_ieee.so
Info [interflop-ieee]: load backend with:
Info [interflop-ieee]: debug = false
Info [interflop-ieee]: debug-binary = false
Info [interflop-ieee]: no-backend-name = false
Info [interflop-ieee]: print-new-line = false
Info [interflop-ieee]: print-subnormal-normalized = false
Info [interflop-ieee]: count-op = false
All_Command_lines_OK
Using double precision for computations.
=============================================================================
The composite transform comprises the following transforms (in order): 
  1. Center of mass alignment using fixed image: /templateflow/tpl-MNI152NLin2009cAsym/tpl-MNI152NLin2009cAsym_res-01_desc-brain_T1w.nii.gz and moving image: /home/mdugre/scratch/mri-registration-rp/datasets/ds004513/derivatives/mri-registration-rp/antsBrainExtraction/sub-s035/BrainExtractionBrain.nii.gz (type = Euler3DTransform)
=============================================================================
  number of levels = 1
  fixed image: /templateflow/tpl-MNI152NLin2009cAsym/tpl-MNI152NLin2009cAsym_res-01_desc-brain_T1w.nii.gz
  moving image: /home/mdugre/scratch/mri-registration-rp/datasets/ds004513/derivatives/mri-registration-rp/antsBrainExtraction/sub-s035/BrainExtractionBrain.nii.gz
Dimension = 3
Number of stages = 1
Use histogram matching = false
Winsorize image intensities = true
  Lower quantile = 0.005
  Upper quantile = 0.995


Stage 1 State
   Image metric = MattesMI
     Fixed image = Image (0x4d1fe70)
  RTTI typeinfo:   itk::Image<double, 3u>
  Reference Count: 2
  Modified Time: 2330
  Debug: Off
  Object Name: 
  Observers: 
    none
  Source: (none)
  Source output name: (none)
  Release Data: Off
  Data Released: False
  Global Release Data: Off
  PipelineMTime: 0
  UpdateMTime: 1941
  RealTimeStamp: 0 seconds 
  LargestPossibleRegion: 
    Dimension: 3
    Index: [0, 0, 0]
    Size: [193, 229, 193]
  BufferedRegion: 
    Dimension: 3
    Index: [0, 0, 0]
    Size: [193, 229, 193]
  RequestedRegion: 
    Dimension: 3
    Index: [0, 0, 0]
    Size: [193, 229, 193]
  Spacing: [1, 1, 1]
  Origin: [96, 132, -78]
  Direction: 
-1 0 0
0 -1 0
0 0 1

  IndexToPointMatrix: 
-1 0 0
0 -1 0
0 0 1

  PointToIndexMatrix: 
-1 0 0
0 -1 0
0 0 1

  Inverse Direction: 
-1 0 0
0 -1 0
0 0 1

  PixelContainer: 
    ImportImageContainer (0x4d28c60)
      RTTI typeinfo:   itk::ImportImageContainer<unsigned long, double>
      Reference Count: 1
      Modified Time: 1938
      Debug: Off
      Object Name: 
      Observers: 
        none
      Pointer: 0x15167c585010
      Container manages memory: true
      Size: 8530021
      Capacity: 8530021

     Moving image = Image (0x4dbcec0)
  RTTI typeinfo:   itk::Image<double, 3u>
  Reference Count: 2
  Modified Time: 2331
  Debug: Off
  Object Name: 
  Observers: 
    none
  Source: (none)
  Source output name: (none)
  Release Data: Off
  Data Released: False
  Global Release Data: Off
  PipelineMTime: 0
  UpdateMTime: 2328
  RealTimeStamp: 0 seconds 
  LargestPossibleRegion: 
    Dimension: 3
    Index: [0, 0, 0]
    Size: [160, 240, 256]
  BufferedRegion: 
    Dimension: 3
    Index: [0, 0, 0]
    Size: [160, 240, 256]
  RequestedRegion: 
    Dimension: 3
    Index: [0, 0, 0]
    Size: [160, 240, 256]
  Spacing: [1, 1, 1]
  Origin: [98.6438, 87.6358, -117.989]
  Direction: 
-0.993515 -0.100993 -0.0522355
0.100854 -0.994887 0.00530255
-0.0525039 1.93537e-08 0.998621

  IndexToPointMatrix: 
-0.993515 -0.100993 -0.0522355
0.100854 -0.994887 0.00530255
-0.0525039 1.93537e-08 0.998621

  PointToIndexMatrix: 
-0.993515 0.100854 -0.0525039
-0.100993 -0.994887 1.93006e-08
-0.0522355 0.00530255 0.998621

  Inverse Direction: 
-0.993515 0.100854 -0.0525039
-0.100993 -0.994887 1.93006e-08
-0.0522355 0.00530255 0.998621

  PixelContainer: 
    ImportImageContainer (0x4e54610)
      RTTI typeinfo:   itk::ImportImageContainer<unsigned long, double>
      Reference Count: 1
      Modified Time: 2325
      Debug: Off
      Object Name: 
      Observers: 
        none
      Pointer: 0x151677a84010
      Container manages memory: true
      Size: 9830400
      Capacity: 9830400

     Weighting = 1
     Sampling strategy = regular
     Number of bins = 32
     Radius = 4
     Sampling percentage  = 0.25
   Transform = Rigid
     Gradient step = 0.1
     Update field sigma (voxel space) = 0
     Total field sigma (voxel space) = 0
     Update field time sigma = 0
     Total field time sigma  = 0
     Number of time indices = 0
     Number of time point samples = 0
Registration using 1 total stages.

Stage 0
  iterations = 0
  convergence threshold = 1e-06
  convergence window size = 10
  number of levels = 1
  using the Mattes MI metric (number of bins = 32, weight = 1, use gradient filter = 0)
  preprocessing:  winsorizing the image intensities
  Shrink factors (level 1 out of 1): [1, 1, 1]
  smoothing sigmas per level: [0]
  regular sampling (percentage = 0.25)

*** Running Euler3DTransform registration ***

  Elapsed time (stage 0): 1.11818


Total elapsed time: 1.12042
Info [verificarlo]: loaded backend libinterflop_ieee.so
Info [interflop-ieee]: load backend with:
Info [interflop-ieee]: debug = false
Info [interflop-ieee]: debug-binary = false
Info [interflop-ieee]: no-backend-name = false
Info [interflop-ieee]: print-new-line = false
Info [interflop-ieee]: print-subnormal-normalized = false
Info [interflop-ieee]: count-op = false
All_Command_lines_OK
Using double precision for computations.
=============================================================================
The composite transform comprises the following transforms (in order): 
  1. /home/mdugre/scratch/mri-registration-rp/datasets/ds004513/derivatives/mri-registration-rp/0001/antsRegistration-r7-p10/sub-s035/align_Composite.h5[0] (type = Euler3DTransform)
  2. /home/mdugre/scratch/mri-registration-rp/datasets/ds004513/derivatives/mri-registration-rp/0001/antsRegistration-r7-p10/sub-s035/align_Composite.h5[1] (type = Euler3DTransform)
=============================================================================
  number of levels = 4
  fixed image: /templateflow/tpl-MNI152NLin2009cAsym/tpl-MNI152NLin2009cAsym_res-01_desc-brain_T1w.nii.gz
  moving image: /home/mdugre/scratch/mri-registration-rp/datasets/ds004513/derivatives/mri-registration-rp/antsBrainExtraction/sub-s035/BrainExtractionBrain.nii.gz
Dimension = 3
Number of stages = 1
Use histogram matching = false
Winsorize image intensities = true
  Lower quantile = 0.005
  Upper quantile = 0.995


Stage 1 State
   Image metric = MattesMI
     Fixed image = Image (0x40d9530)
  RTTI typeinfo:   itk::Image<double, 3u>
  Reference Count: 2
  Modified Time: 1578
  Debug: Off
  Object Name: 
  Observers: 
    none
  Source: (none)
  Source output name: (none)
  Release Data: Off
  Data Released: False
  Global Release Data: Off
  PipelineMTime: 0
  UpdateMTime: 1189
  RealTimeStamp: 0 seconds 
  LargestPossibleRegion: 
    Dimension: 3
    Index: [0, 0, 0]
    Size: [193, 229, 193]
  BufferedRegion: 
    Dimension: 3
    Index: [0, 0, 0]
    Size: [193, 229, 193]
  RequestedRegion: 
    Dimension: 3
    Index: [0, 0, 0]
    Size: [193, 229, 193]
  Spacing: [1, 1, 1]
  Origin: [96, 132, -78]
  Direction: 
-1 0 0
0 -1 0
0 0 1

  IndexToPointMatrix: 
-1 0 0
0 -1 0
0 0 1

  PointToIndexMatrix: 
-1 0 0
0 -1 0
0 0 1

  Inverse Direction: 
-1 0 0
0 -1 0
0 0 1

  PixelContainer: 
    ImportImageContainer (0x4197d60)
      RTTI typeinfo:   itk::ImportImageContainer<unsigned long, double>
      Reference Count: 1
      Modified Time: 1186
      Debug: Off
      Object Name: 
      Observers: 
        none
      Pointer: 0x146d12ef3010
      Container manages memory: true
      Size: 8530021
      Capacity: 8530021

     Moving image = Image (0x4189f60)
  RTTI typeinfo:   itk::Image<double, 3u>
  Reference Count: 2
  Modified Time: 1579
  Debug: Off
  Object Name: 
  Observers: 
    none
  Source: (none)
  Source output name: (none)
  Release Data: Off
  Data Released: False
  Global Release Data: Off
  PipelineMTime: 0
  UpdateMTime: 1576
  RealTimeStamp: 0 seconds 
  LargestPossibleRegion: 
    Dimension: 3
    Index: [0, 0, 0]
    Size: [160, 240, 256]
  BufferedRegion: 
    Dimension: 3
    Index: [0, 0, 0]
    Size: [160, 240, 256]
  RequestedRegion: 
    Dimension: 3
    Index: [0, 0, 0]
    Size: [160, 240, 256]
  Spacing: [1, 1, 1]
  Origin: [98.6438, 87.6358, -117.989]
  Direction: 
-0.993515 -0.100993 -0.0522355
0.100854 -0.994887 0.00530255
-0.0525039 1.93537e-08 0.998621

  IndexToPointMatrix: 
-0.993515 -0.100993 -0.0522355
0.100854 -0.994887 0.00530255
-0.0525039 1.93537e-08 0.998621

  PointToIndexMatrix: 
-0.993515 0.100854 -0.0525039
-0.100993 -0.994887 1.93006e-08
-0.0522355 0.00530255 0.998621

  Inverse Direction: 
-0.993515 0.100854 -0.0525039
-0.100993 -0.994887 1.93006e-08
-0.0522355 0.00530255 0.998621

  PixelContainer: 
    ImportImageContainer (0x417b6d0)
      RTTI typeinfo:   itk::ImportImageContainer<unsigned long, double>
      Reference Count: 1
      Modified Time: 1573
      Debug: Off
      Object Name: 
      Observers: 
        none
      Pointer: 0x146d0e3f2010
      Container manages memory: true
      Size: 9830400
      Capacity: 9830400

     Weighting = 1
     Sampling strategy = regular
     Number of bins = 32
     Radius = 4
     Sampling percentage  = 0.25
   Transform = Rigid
     Gradient step = 0.1
     Update field sigma (voxel space) = 0
     Total field sigma (voxel space) = 0
     Update field time sigma = 0
     Total field time sigma  = 0
     Number of time indices = 0
     Number of time point samples = 0
Registration using 1 total stages.

Stage 0
  iterations = 1000x500x250x100
  convergence threshold = 1e-06
  convergence window size = 10
  number of levels = 4
  using the Mattes MI metric (number of bins = 32, weight = 1, use gradient filter = 0)
  preprocessing:  winsorizing the image intensities
  Shrink factors (level 1 out of 4): [8, 8, 8]
  Shrink factors (level 2 out of 4): [4, 4, 4]
  Shrink factors (level 3 out of 4): [2, 2, 2]
  Shrink factors (level 4 out of 4): [1, 1, 1]
  smoothing sigmas per level: [3, 2, 1, 0]
  regular sampling (percentage = 0.25)

*** Running Euler3DTransform registration ***

DIAGNOSTIC,Iteration,metricValue,convergenceValue,ITERATION_TIME_INDEX,SINCE_LAST
 2DIAGNOSTIC,     1, -5.238630234552e-01, 1.797693134862e+308, 8.3223e-01, 8.3223e-01, 
 2DIAGNOSTIC,     2, -5.257885820767e-01, 1.797693134862e+308, 8.3748e-01, 5.2521e-03, 
 2DIAGNOSTIC,     3, -5.278597554839e-01, 1.797693134862e+308, 8.4200e-01, 4.5178e-03, 
 2DIAGNOSTIC,     4, -5.302176117225e-01, 1.797693134862e+308, 8.4642e-01, 4.4260e-03, 
 2DIAGNOSTIC,     5, -5.343462816845e-01, 1.797693134862e+308, 8.5093e-01, 4.5090e-03, 
 2DIAGNOSTIC,     6, -5.399239396740e-01, 1.797693134862e+308, 8.5585e-01, 4.9150e-03, 
 2DIAGNOSTIC,     7, -5.490554822001e-01, 1.797693134862e+308, 8.6062e-01, 4.7700e-03, 
 2DIAGNOSTIC,     8, -5.545204224448e-01, 1.797693134862e+308, 8.6654e-01, 5.9218e-03, 
 2DIAGNOSTIC,     9, -5.601437715553e-01, 1.797693134862e+308, 8.7112e-01, 4.5800e-03, 
 2DIAGNOSTIC,    10, -5.617741193774e-01, 5.067640484485e-03, 8.7592e-01, 4.8060e-03, 
 2DIAGNOSTIC,    11, -5.649562249041e-01, 4.796539612083e-03, 8.8163e-01, 5.7020e-03, 
 2DIAGNOSTIC,    12, -5.658710903081e-01, 4.260783098155e-03, 8.8673e-01, 5.1079e-03, 
 2DIAGNOSTIC,    13, -5.662828333056e-01, 3.524744036645e-03, 8.9135e-01, 4.6170e-03, 
 2DIAGNOSTIC,    14, -5.685908474577e-01, 2.751340472953e-03, 8.9655e-01, 5.1961e-03, 
 2DIAGNOSTIC,    15, -5.732745043306e-01, 2.134644679428e-03, 9.0339e-01, 6.8450e-03, 
 2DIAGNOSTIC,    16, -5.738084427845e-01, 1.591333148336e-03, 9.0912e-01, 5.7330e-03, 
 2DIAGNOSTIC,    17, -5.739093703464e-01, 1.247363567739e-03, 9.1407e-01, 4.9479e-03, 
 2DIAGNOSTIC,    18, -5.745773598458e-01, 1.002163966315e-03, 9.1881e-01, 4.7381e-03, 
 2DIAGNOSTIC,    19, -5.752045522723e-01, 8.579763081928e-04, 9.2353e-01, 4.7200e-03, 
 2DIAGNOSTIC,    20, -5.755578777727e-01, 6.955845773888e-04, 9.2832e-01, 4.7939e-03, 
 2DIAGNOSTIC,    21, -5.761681227726e-01, 5.767135182727e-04, 9.3330e-01, 4.9779e-03, 
 2DIAGNOSTIC,    22, -5.775610178281e-01, 4.707067062570e-04, 9.3795e-01, 4.6511e-03, 
 2DIAGNOSTIC,    23, -5.801876522135e-01, 3.965856196892e-04, 9.4287e-01, 4.9160e-03, 
 2DIAGNOSTIC,    24, -5.873578871779e-01, 4.881452204369e-04, 9.4963e-01, 6.7589e-03, 
 2DIAGNOSTIC,    25, -5.924052233510e-01, 7.199711436105e-04, 9.5599e-01, 6.3591e-03, 
 2DIAGNOSTIC,    26, -5.933789722561e-01, 8.944842701748e-04, 9.6174e-01, 5.7511e-03, 
 2DIAGNOSTIC,    27, -5.948140362564e-01, 1.002036484583e-03, 9.6684e-01, 5.0981e-03, 
 2DIAGNOSTIC,    28, -5.954370004561e-01, 1.029952321020e-03, 9.7154e-01, 4.6999e-03, 
 2DIAGNOSTIC,    29, -5.955619965644e-01, 9.699000564409e-04, 9.7616e-01, 4.6270e-03, 
 2DIAGNOSTIC,    30, -5.960977142458e-01, 8.366692961124e-04, 9.8065e-01, 4.4899e-03, 
 2DIAGNOSTIC,    31, -5.971105016193e-01, 6.606986236544e-04, 9.8577e-01, 5.1169e-03, 
 2DIAGNOSTIC,    32, -5.989728413269e-01, 4.853112632198e-04, 9.9239e-01, 6.6171e-03, 
 2DIAGNOSTIC,    33, -5.996340171424e-01, 3.222359250238e-04, 9.9690e-01, 4.5140e-03, 
 2DIAGNOSTIC,    34, -5.997688325064e-01, 2.443793019700e-04, 1.0013e+00, 4.4041e-03, 
 2DIAGNOSTIC,    35, -5.999328163006e-01, 2.224308795653e-04, 1.0068e+00, 5.4932e-03, 
 2DIAGNOSTIC,    36, -6.001598298758e-01, 1.965988115621e-04, 1.0113e+00, 4.5421e-03, 
 2DIAGNOSTIC,    37, -6.004938013165e-01, 1.767006125964e-04, 1.0164e+00, 5.0950e-03, 
 2DIAGNOSTIC,    38, -6.008280010415e-01, 1.536048169114e-04, 1.0210e+00, 4.6110e-03, 
 2DIAGNOSTIC,    39, -6.038559363651e-01, 1.574331427579e-04, 1.0263e+00, 5.2240e-03, 
 2DIAGNOSTIC,    40, -6.077047300234e-01, 1.993081206776e-04, 1.0310e+00, 4.7789e-03, 
 2DIAGNOSTIC,    41, -6.174632782581e-01, 3.481388054254e-04, 1.0371e+00, 6.0270e-03, 
 2DIAGNOSTIC,    42, -6.161978035727e-01, 4.608909808000e-04, 1.0461e+00, 8.9829e-03, 
 2DIAGNOSTIC,    43, -6.161564742766e-01, 5.335375605612e-04, 1.0505e+00, 4.4651e-03, 
 2DIAGNOSTIC,    44, -6.170772418719e-01, 5.644826515345e-04, 1.0550e+00, 4.4570e-03, 
 2DIAGNOSTIC,    45, -6.185357431482e-01, 5.560481558382e-04, 1.0594e+00, 4.4131e-03, 
 2DIAGNOSTIC,    46, -6.206472700449e-01, 5.180563562631e-04, 1.0638e+00, 4.4172e-03, 
 2DIAGNOSTIC,    47, -6.234100477642e-01, 4.649607799006e-04, 1.0683e+00, 4.5180e-03, 
 2DIAGNOSTIC,    48, -6.282459787394e-01, 4.232184874636e-04, 1.0728e+00, 4.4920e-03, 
 2DIAGNOSTIC,    49, -6.332856853528e-01, 4.219351477506e-04, 1.0775e+00, 4.6961e-03, 
 2DIAGNOSTIC,    50, -6.437673188196e-01, 5.158694905099e-04, 1.0822e+00, 4.6570e-03, 
 2DIAGNOSTIC,    51, -6.567709924430e-01, 7.709764747099e-04, 1.0871e+00, 4.8759e-03, 
 2DIAGNOSTIC,    52, -6.630139298359e-01, 9.856109181309e-04, 1.0923e+00, 5.2860e-03, 
 2DIAGNOSTIC,    53, -6.637658014606e-01, 1.103854389786e-03, 1.0969e+00, 4.6110e-03, 
 2DIAGNOSTIC,    54, -6.646848036146e-01, 1.129224266780e-03, 1.1016e+00, 4.6301e-03, 
 2DIAGNOSTIC,    55, -6.699954403840e-01, 1.103369781339e-03, 1.1101e+00, 8.5511e-03, 
 2DIAGNOSTIC,    56, -6.720089724099e-01, 1.005089354848e-03, 1.1168e+00, 6.6760e-03, 
 2DIAGNOSTIC,    57, -6.720481423884e-01, 8.375233066619e-04, 1.1213e+00, 4.4692e-03, 
 2DIAGNOSTIC,    58, -6.725919324857e-01, 6.425659352089e-04, 1.1257e+00, 4.4651e-03, 
 2DIAGNOSTIC,    59, -6.729036264421e-01, 4.360789918763e-04, 1.1302e+00, 4.4930e-03, 
 2DIAGNOSTIC,    60, -6.731488679943e-01, 2.773039303011e-04, 1.1347e+00, 4.4730e-03, 
 2DIAGNOSTIC,    61, -6.734259015214e-01, 1.993309079903e-04, 1.1392e+00, 4.4649e-03, 
 2DIAGNOSTIC,    62, -6.739132030300e-01, 1.568962290317e-04, 1.1437e+00, 4.4930e-03, 
 2DIAGNOSTIC,    63, -6.762843046832e-01, 1.247266717377e-04, 1.1498e+00, 6.1381e-03, 
 2DIAGNOSTIC,    64, -6.766381473782e-01, 8.969407736741e-05, 1.1544e+00, 4.6070e-03, 
 2DIAGNOSTIC,    65, -6.771215088636e-01, 8.898308491524e-05, 1.1589e+00, 4.4820e-03, 
 2DIAGNOSTIC,    66, -6.778537061783e-01, 9.953429144551e-05, 1.1641e+00, 5.1911e-03, 
 2DIAGNOSTIC,    67, -6.792268246621e-01, 1.098308635289e-04, 1.1704e+00, 6.3460e-03, 
 2DIAGNOSTIC,    68, -6.807680722427e-01, 1.231389786175e-04, 1.1749e+00, 4.5028e-03, 
 2DIAGNOSTIC,    69, -6.815199344161e-01, 1.312163065932e-04, 1.1795e+00, 4.5490e-03, 
 2DIAGNOSTIC,    70, -6.818104440885e-01, 1.303108387133e-04, 1.1857e+00, 6.2389e-03, 
 2DIAGNOSTIC,    71, -6.820510025926e-01, 1.205021668048e-04, 1.1903e+00, 4.5412e-03, 
 2DIAGNOSTIC,    72, -6.822316767572e-01, 1.032400040723e-04, 1.1948e+00, 4.4930e-03, 
 2DIAGNOSTIC,    73, -6.825798731475e-01, 9.372186162711e-05, 1.2009e+00, 6.1350e-03, 
 2DIAGNOSTIC,    74, -6.826264102301e-01, 7.797281629928e-05, 1.2054e+00, 4.5259e-03, 
 2DIAGNOSTIC,    75, -6.826914699314e-01, 5.871130483559e-05, 1.2101e+00, 4.6790e-03, 
 2DIAGNOSTIC,    76, -6.828123487832e-01, 3.951711402127e-05, 1.2145e+00, 4.3840e-03, 
 2DIAGNOSTIC,    77, -6.832345031575e-01, 2.762884615601e-05, 1.2188e+00, 4.3190e-03, 
 2DIAGNOSTIC,    78, -6.838171557311e-01, 2.580842998743e-05, 1.2255e+00, 6.7201e-03, 
 2DIAGNOSTIC,    79, -6.837376120037e-01, 2.542047539209e-05, 1.2300e+00, 4.4630e-03, 
 2DIAGNOSTIC,    80, -6.837940747960e-01, 2.471284096802e-05, 1.2345e+00, 4.5710e-03, 
 2DIAGNOSTIC,    81, -6.839726283833e-01, 2.406997791655e-05, 1.2392e+00, 4.6051e-03, 
 2DIAGNOSTIC,    82, -6.841107526161e-01, 2.280989928706e-05, 1.2438e+00, 4.6401e-03, 
 2DIAGNOSTIC,    83, -6.851045856741e-01, 2.675677049100e-05, 1.2503e+00, 6.5420e-03, 
 2DIAGNOSTIC,    84, -6.858177277780e-01, 3.208713040134e-05, 1.2559e+00, 5.5590e-03, 
 2DIAGNOSTIC,    85, -6.861555655484e-01, 3.640280956287e-05, 1.2715e+00, 1.5578e-02, 
 2DIAGNOSTIC,    86, -6.861558595311e-01, 3.780103901321e-05, 1.2769e+00, 5.4519e-03, 
 2DIAGNOSTIC,    87, -6.861668775862e-01, 3.777720066956e-05, 1.2815e+00, 4.5581e-03, 
 2DIAGNOSTIC,    88, -6.861799292647e-01, 3.717459210459e-05, 1.2862e+00, 4.7081e-03, 
 2DIAGNOSTIC,    89, -6.861876183276e-01, 3.259321890404e-05, 1.2920e+00, 5.8300e-03, 
 2DIAGNOSTIC,    90, -6.861914346454e-01, 2.533827159158e-05, 1.2973e+00, 5.2309e-03, 
 2DIAGNOSTIC,    91, -6.861984223622e-01, 1.686253820861e-05, 1.3024e+00, 5.1129e-03, 
 2DIAGNOSTIC,    92, -6.862113197205e-01, 7.666164461764e-06, 1.3075e+00, 5.0881e-03, 
 2DIAGNOSTIC,    93, -6.862267117046e-01, 2.805904200157e-06, 1.3125e+00, 5.0268e-03, 
 2DIAGNOSTIC,    94, -6.862421178696e-01, 1.276923288003e-06, 1.3180e+00, 5.5630e-03, 
 2DIAGNOSTIC,    95, -6.863402520664e-01, 1.767102645924e-06, 1.3249e+00, 6.8691e-03, 
 2DIAGNOSTIC,    96, -6.863402142574e-01, 2.099628202664e-06, 1.3299e+00, 4.9832e-03, 
 2DIAGNOSTIC,    97, -6.863403458814e-01, 2.312532928862e-06, 1.3349e+00, 4.9970e-03, 
 2DIAGNOSTIC,    98, -6.863407914094e-01, 2.398880517325e-06, 1.3399e+00, 4.9899e-03, 
 2DIAGNOSTIC,    99, -6.863418462788e-01, 2.322768946961e-06, 1.3449e+00, 5.0309e-03, 
 2DIAGNOSTIC,   100, -6.863433061269e-01, 2.074164068316e-06, 1.3605e+00, 1.5573e-02, 
 2DIAGNOSTIC,   101, -6.863433059949e-01, 1.693202428913e-06, 1.3764e+00, 1.5916e-02, 
 2DIAGNOSTIC,   102, -6.863433059949e-01, 1.252275759487e-06, 1.3837e+00, 7.2980e-03, 
DIAGNOSTIC,Iteration,metricValue,convergenceValue,ITERATION_TIME_INDEX,SINCE_LAST
 2DIAGNOSTIC,     1, -5.583137220128e-01, 1.797693134862e+308, 2.1395e+00, 7.5584e-01, 
 2DIAGNOSTIC,     2, -5.587691957650e-01, 1.797693134862e+308, 2.1689e+00, 2.9383e-02, 
 2DIAGNOSTIC,     3, -5.591104745996e-01, 1.797693134862e+308, 2.1997e+00, 3.0726e-02, 
 2DIAGNOSTIC,     4, -5.599295632453e-01, 1.797693134862e+308, 2.2294e+00, 2.9783e-02, 
 2DIAGNOSTIC,     5, -5.608881216087e-01, 1.797693134862e+308, 2.2625e+00, 3.3067e-02, 
 2DIAGNOSTIC,     6, -5.613235125736e-01, 1.797693134862e+308, 2.2931e+00, 3.0627e-02, 
 2DIAGNOSTIC,     7, -5.624613556253e-01, 1.797693134862e+308, 2.3288e+00, 3.5696e-02, 
 2DIAGNOSTIC,     8, -5.631245875218e-01, 1.797693134862e+308, 2.3666e+00, 3.7733e-02, 
 2DIAGNOSTIC,     9, -5.632669462894e-01, 1.797693134862e+308, 2.4016e+00, 3.5031e-02, 
 2DIAGNOSTIC,    10, -5.639215090607e-01, 6.925116324882e-04, 2.4323e+00, 3.0669e-02, 
 2DIAGNOSTIC,    11, -5.654851618362e-01, 6.698275497259e-04, 2.4668e+00, 3.4518e-02, 
 2DIAGNOSTIC,    12, -5.659978516022e-01, 6.301737197017e-04, 2.5011e+00, 3.4328e-02, 
 2DIAGNOSTIC,    13, -5.660889800714e-01, 5.566102881974e-04, 2.5348e+00, 3.3701e-02, 
 2DIAGNOSTIC,    14, -5.661592435889e-01, 4.760591619868e-04, 2.5806e+00, 4.5767e-02, 
 2DIAGNOSTIC,    15, -5.661528550909e-01, 3.952080770189e-04, 2.6111e+00, 3.0545e-02, 
 2DIAGNOSTIC,    16, -5.661555216490e-01, 3.007158414702e-04, 2.6445e+00, 3.3355e-02, 
 2DIAGNOSTIC,    17, -5.661540005264e-01, 2.230350867532e-04, 2.6784e+00, 3.3936e-02, 
 2DIAGNOSTIC,    18, -5.661309771000e-01, 1.522667292507e-04, 2.7117e+00, 3.3327e-02, 
 2DIAGNOSTIC,    19, -5.661243653595e-01, 7.884753497948e-05, 2.7452e+00, 3.3419e-02, 
 2DIAGNOSTIC,    20, -5.660987514935e-01, 2.054877566478e-05, 2.7748e+00, 2.9663e-02, 
 2DIAGNOSTIC,    21, -5.660917703484e-01, 3.141841196104e-06, 2.8098e+00, 3.4970e-02, 
DIAGNOSTIC,Iteration,metricValue,convergenceValue,ITERATION_TIME_INDEX,SINCE_LAST
 2DIAGNOSTIC,     1, -5.040118641256e-01, 1.797693134862e+308, 3.9698e+00, 1.1600e+00, 
 2DIAGNOSTIC,     2, -5.041729421177e-01, 1.797693134862e+308, 4.2226e+00, 2.5277e-01, 
 2DIAGNOSTIC,     3, -5.042645586321e-01, 1.797693134862e+308, 4.4731e+00, 2.5049e-01, 
 2DIAGNOSTIC,     4, -5.043250241259e-01, 1.797693134862e+308, 4.7257e+00, 2.5262e-01, 
 2DIAGNOSTIC,     5, -5.043580905180e-01, 1.797693134862e+308, 5.0204e+00, 2.9467e-01, 
 2DIAGNOSTIC,     6, -5.045500433212e-01, 1.797693134862e+308, 5.4434e+00, 4.2300e-01, 
 2DIAGNOSTIC,     7, -5.045586372845e-01, 1.797693134862e+308, 5.7304e+00, 2.8709e-01, 
 2DIAGNOSTIC,     8, -5.045536234050e-01, 1.797693134862e+308, 6.0405e+00, 3.1008e-01, 
 2DIAGNOSTIC,     9, -5.045550530937e-01, 1.797693134862e+308, 6.2942e+00, 2.5372e-01, 
 2DIAGNOSTIC,    10, -5.045537325234e-01, 7.189221663463e-05, 6.5670e+00, 2.7272e-01, 
 2DIAGNOSTIC,    11, -5.045517039644e-01, 4.825483280245e-05, 7.0081e+00, 4.4115e-01, 
 2DIAGNOSTIC,    12, -5.045518682511e-01, 3.196115600990e-05, 7.2631e+00, 2.5495e-01, 
 2DIAGNOSTIC,    13, -5.045501010855e-01, 1.950028902395e-05, 7.5300e+00, 2.6697e-01, 
 2DIAGNOSTIC,    14, -5.045493344873e-01, 9.735046090753e-06, 7.8125e+00, 2.8244e-01, 
 2DIAGNOSTIC,    15, -5.045494410501e-01, 1.631933297150e-06, 8.0626e+00, 2.5011e-01, 
 2DIAGNOSTIC,    16, -5.045486306260e-01, 1.307368565587e-06, 8.3361e+00, 2.7354e-01, 
 2DIAGNOSTIC,    17, -5.045469623755e-01, 1.318631387359e-06, 8.6834e+00, 3.4726e-01, 
 2DIAGNOSTIC,    18, -5.045452023454e-01, 1.167127693241e-06, 8.9288e+00, 2.4544e-01, 
 2DIAGNOSTIC,    19, -5.045453835650e-01, 1.136527493228e-06, 9.1894e+00, 2.6055e-01, 
 2DIAGNOSTIC,    20, -5.045465284097e-01, 1.153514578314e-06, 9.4180e+00, 2.2867e-01, 
 2DIAGNOSTIC,    21, -5.045449996765e-01, 1.112083671012e-06, 9.7006e+00, 2.8252e-01, 
 2DIAGNOSTIC,    22, -5.045433472176e-01, 1.077552170665e-06, 9.9326e+00, 2.3207e-01, 
 2DIAGNOSTIC,    23, -5.045437168074e-01, 1.048546326564e-06, 1.0219e+01, 2.8595e-01, 
 2DIAGNOSTIC,    24, -5.045449548085e-01, 1.062136403260e-06, 1.0467e+01, 2.4827e-01, 
 2DIAGNOSTIC,    25, -5.045445072852e-01, 1.089492411552e-06, 1.0690e+01, 2.2361e-01, 
 2DIAGNOSTIC,    26, -5.045462094726e-01, 1.153253704075e-06, 1.0984e+01, 2.9353e-01, 
 2DIAGNOSTIC,    27, -5.045491222629e-01, 1.246336022651e-06, 1.1235e+01, 2.5139e-01, 
 2DIAGNOSTIC,    28, -5.045492459020e-01, 1.291592444837e-06, 1.1535e+01, 2.9930e-01, 
 2DIAGNOSTIC,    29, -5.045488062905e-01, 1.313264727437e-06, 1.1815e+01, 2.8035e-01, 
 2DIAGNOSTIC,    30, -5.045455831595e-01, 1.275672034555e-06, 1.2080e+01, 2.6541e-01, 
 2DIAGNOSTIC,    31, -5.045460359554e-01, 1.202812194623e-06, 1.2337e+01, 2.5651e-01, 
 2DIAGNOSTIC,    32, -5.045426714573e-01, 1.027378706150e-06, 1.2654e+01, 3.1692e-01, 
DIAGNOSTIC,Iteration,metricValue,convergenceValue,ITERATION_TIME_INDEX,SINCE_LAST
 2DIAGNOSTIC,     1, -4.672763301445e-01, 1.797693134862e+308, 1.5178e+01, 2.5245e+00, 
 2DIAGNOSTIC,     2, -4.673601417928e-01, 1.797693134862e+308, 1.6926e+01, 1.7473e+00, 
 2DIAGNOSTIC,     3, -4.673597057333e-01, 1.797693134862e+308, 2.0282e+01, 3.3560e+00, 
 2DIAGNOSTIC,     4, -4.673597950948e-01, 1.797693134862e+308, 2.3010e+01, 2.7283e+00, 
 2DIAGNOSTIC,     5, -4.673596185705e-01, 1.797693134862e+308, 2.5240e+01, 2.2299e+00, 
 2DIAGNOSTIC,     6, -4.673594743420e-01, 1.797693134862e+308, 3.0128e+01, 4.8884e+00, 
 2DIAGNOSTIC,     7, -4.673594743373e-01, 1.797693134862e+308, 3.5060e+01, 4.9314e+00, 
 2DIAGNOSTIC,     8, -4.673594743373e-01, 1.797693134862e+308, 3.7323e+01, 2.2632e+00, 
 2DIAGNOSTIC,     9, -4.673594743373e-01, 1.797693134862e+308, 3.9568e+01, 2.2456e+00, 
 2DIAGNOSTIC,    10, -4.673594743373e-01, 8.181408109306e-06, 4.1625e+01, 2.0568e+00, 
 2DIAGNOSTIC,    11, -4.673594743373e-01, 2.827607769998e-06, 4.3522e+01, 1.8969e+00, 
 2DIAGNOSTIC,    12, -4.673594743373e-01, 2.619806562160e-06, 4.5364e+01, 1.8417e+00, 
 2DIAGNOSTIC,    13, -4.673594743373e-01, 2.426051573176e-06, 4.7238e+01, 1.8745e+00, 
 2DIAGNOSTIC,    14, -4.673594743373e-01, 2.265900418366e-06, 4.8866e+01, 1.6275e+00, 
 2DIAGNOSTIC,    15, -4.673594743373e-01, 2.120686078036e-06, 5.0621e+01, 1.7551e+00, 
 2DIAGNOSTIC,    16, -4.673594743373e-01, 1.988141925743e-06, 5.2422e+01, 1.8011e+00, 
 2DIAGNOSTIC,    17, -4.673594743373e-01, 1.871191197017e-06, 5.4199e+01, 1.7769e+00, 
 2DIAGNOSTIC,    18, -4.673594743373e-01, 1.767235119965e-06, 5.5925e+01, 1.7259e+00, 
 2DIAGNOSTIC,    19, -4.673594743373e-01, 1.674221888619e-06, 5.7673e+01, 1.7479e+00, 
 2DIAGNOSTIC,    20, -4.673594743373e-01, 1.590510061766e-06, 5.9382e+01, 1.7091e+00, 
 2DIAGNOSTIC,    21, -4.673594743373e-01, 1.514770856297e-06, 6.1152e+01, 1.7703e+00, 
 2DIAGNOSTIC,    22, -4.673594743373e-01, 1.445917087908e-06, 6.2723e+01, 1.5709e+00, 
 2DIAGNOSTIC,    23, -4.673594743373e-01, 1.383050649284e-06, 6.4497e+01, 1.7737e+00, 
 2DIAGNOSTIC,    24, -4.673594743373e-01, 1.325423118724e-06, 6.6383e+01, 1.8859e+00, 
 2DIAGNOSTIC,    25, -4.673594743373e-01, 1.272405822893e-06, 6.8392e+01, 2.0094e+00, 
 2DIAGNOSTIC,    26, -4.673594743373e-01, 1.223466808052e-06, 7.0500e+01, 2.1077e+00, 
 2DIAGNOSTIC,    27, -4.673594743373e-01, 1.178152928938e-06, 7.2263e+01, 1.7629e+00, 
 2DIAGNOSTIC,    28, -4.673594743373e-01, 1.136075775683e-06, 7.4432e+01, 2.1695e+00, 
 2DIAGNOSTIC,    29, -4.673594743373e-01, 1.096900512546e-06, 7.6284e+01, 1.8516e+00, 
 2DIAGNOSTIC,    30, -4.673594743373e-01, 1.060336948855e-06, 7.7971e+01, 1.6871e+00, 
 2DIAGNOSTIC,    31, -4.673594743373e-01, 1.026132338072e-06, 7.9615e+01, 1.6443e+00, 
  Elapsed time (stage 0): 8.0601e+01


Total elapsed time: 8.0604e+01
Info [verificarlo]: loaded backend libinterflop_ieee.so
Info [interflop-ieee]: load backend with:
Info [interflop-ieee]: debug = false
Info [interflop-ieee]: debug-binary = false
Info [interflop-ieee]: no-backend-name = false
Info [interflop-ieee]: print-new-line = false
Info [interflop-ieee]: print-subnormal-normalized = false
Info [interflop-ieee]: count-op = false
All_Command_lines_OK
Using double precision for computations.
=============================================================================
The composite transform comprises the following transforms (in order): 
  1. /home/mdugre/scratch/mri-registration-rp/datasets/ds004513/derivatives/mri-registration-rp/0001/antsRegistration-r7-p10/sub-s035/rigid_Composite.h5[0] (type = Euler3DTransform)
  2. /home/mdugre/scratch/mri-registration-rp/datasets/ds004513/derivatives/mri-registration-rp/0001/antsRegistration-r7-p10/sub-s035/rigid_Composite.h5[1] (type = Euler3DTransform)
  3. /home/mdugre/scratch/mri-registration-rp/datasets/ds004513/derivatives/mri-registration-rp/0001/antsRegistration-r7-p10/sub-s035/rigid_Composite.h5[2] (type = Euler3DTransform)
=============================================================================
  number of levels = 4
  fixed image: /templateflow/tpl-MNI152NLin2009cAsym/tpl-MNI152NLin2009cAsym_res-01_desc-brain_T1w.nii.gz
  moving image: /home/mdugre/scratch/mri-registration-rp/datasets/ds004513/derivatives/mri-registration-rp/antsBrainExtraction/sub-s035/BrainExtractionBrain.nii.gz
Dimension = 3
Number of stages = 1
Use histogram matching = false
Winsorize image intensities = true
  Lower quantile = 0.005
  Upper quantile = 0.995


Stage 1 State
   Image metric = MattesMI
     Fixed image = Image (0x40e17e0)
  RTTI typeinfo:   itk::Image<double, 3u>
  Reference Count: 2
  Modified Time: 1592
  Debug: Off
  Object Name: 
  Observers: 
    none
  Source: (none)
  Source output name: (none)
  Release Data: Off
  Data Released: False
  Global Release Data: Off
  PipelineMTime: 0
  UpdateMTime: 1203
  RealTimeStamp: 0 seconds 
  LargestPossibleRegion: 
    Dimension: 3
    Index: [0, 0, 0]
    Size: [193, 229, 193]
  BufferedRegion: 
    Dimension: 3
    Index: [0, 0, 0]
    Size: [193, 229, 193]
  RequestedRegion: 
    Dimension: 3
    Index: [0, 0, 0]
    Size: [193, 229, 193]
  Spacing: [1, 1, 1]
  Origin: [96, 132, -78]
  Direction: 
-1 0 0
0 -1 0
0 0 1

  IndexToPointMatrix: 
-1 0 0
0 -1 0
0 0 1

  PointToIndexMatrix: 
-1 0 0
0 -1 0
0 0 1

  Inverse Direction: 
-1 0 0
0 -1 0
0 0 1

  PixelContainer: 
    ImportImageContainer (0x41a1a20)
      RTTI typeinfo:   itk::ImportImageContainer<unsigned long, double>
      Reference Count: 1
      Modified Time: 1200
      Debug: Off
      Object Name: 
      Observers: 
        none
      Pointer: 0x14c0febf0010
      Container manages memory: true
      Size: 8530021
      Capacity: 8530021

     Moving image = Image (0x419cd70)
  RTTI typeinfo:   itk::Image<double, 3u>
  Reference Count: 2
  Modified Time: 1593
  Debug: Off
  Object Name: 
  Observers: 
    none
  Source: (none)
  Source output name: (none)
  Release Data: Off
  Data Released: False
  Global Release Data: Off
  PipelineMTime: 0
  UpdateMTime: 1590
  RealTimeStamp: 0 seconds 
  LargestPossibleRegion: 
    Dimension: 3
    Index: [0, 0, 0]
    Size: [160, 240, 256]
  BufferedRegion: 
    Dimension: 3
    Index: [0, 0, 0]
    Size: [160, 240, 256]
  RequestedRegion: 
    Dimension: 3
    Index: [0, 0, 0]
    Size: [160, 240, 256]
  Spacing: [1, 1, 1]
  Origin: [98.6438, 87.6358, -117.989]
  Direction: 
-0.993515 -0.100993 -0.0522355
0.100854 -0.994887 0.00530255
-0.0525039 1.93537e-08 0.998621

  IndexToPointMatrix: 
-0.993515 -0.100993 -0.0522355
0.100854 -0.994887 0.00530255
-0.0525039 1.93537e-08 0.998621

  PointToIndexMatrix: 
-0.993515 0.100854 -0.0525039
-0.100993 -0.994887 1.93006e-08
-0.0522355 0.00530255 0.998621

  Inverse Direction: 
-0.993515 0.100854 -0.0525039
-0.100993 -0.994887 1.93006e-08
-0.0522355 0.00530255 0.998621

  PixelContainer: 
    ImportImageContainer (0x4154c90)
      RTTI typeinfo:   itk::ImportImageContainer<unsigned long, double>
      Reference Count: 1
      Modified Time: 1587
      Debug: Off
      Object Name: 
      Observers: 
        none
      Pointer: 0x14c0fa0ef010
      Container manages memory: true
      Size: 9830400
      Capacity: 9830400

     Weighting = 1
     Sampling strategy = regular
     Number of bins = 32
     Radius = 4
     Sampling percentage  = 0.25
   Transform = Affine
     Gradient step = 0.1
     Update field sigma (voxel space) = 0
     Total field sigma (voxel space) = 0
     Update field time sigma = 0
     Total field time sigma  = 0
     Number of time indices = 0
     Number of time point samples = 0
Registration using 1 total stages.

Stage 0
  iterations = 1000x500x250x100
  convergence threshold = 1e-06
  convergence window size = 10
  number of levels = 4
  using the Mattes MI metric (number of bins = 32, weight = 1, use gradient filter = 0)
  preprocessing:  winsorizing the image intensities
  Shrink factors (level 1 out of 4): [8, 8, 8]
  Shrink factors (level 2 out of 4): [4, 4, 4]
  Shrink factors (level 3 out of 4): [2, 2, 2]
  Shrink factors (level 4 out of 4): [1, 1, 1]
  smoothing sigmas per level: [3, 2, 1, 0]
  regular sampling (percentage = 0.25)

*** Running AffineTransform registration ***

DIAGNOSTIC,Iteration,metricValue,convergenceValue,ITERATION_TIME_INDEX,SINCE_LAST
 2DIAGNOSTIC,     1, -6.771096742412e-01, 1.797693134862e+308, 7.2994e-01, 7.2994e-01, 
 2DIAGNOSTIC,     2, -6.792242558028e-01, 1.797693134862e+308, 7.3543e-01, 5.4851e-03, 
 2DIAGNOSTIC,     3, -6.830996902616e-01, 1.797693134862e+308, 7.4061e-01, 5.1801e-03, 
 2DIAGNOSTIC,     4, -6.902326180830e-01, 1.797693134862e+308, 7.4542e-01, 4.8158e-03, 
 2DIAGNOSTIC,     5, -7.004396282981e-01, 1.797693134862e+308, 7.5007e-01, 4.6430e-03, 
 2DIAGNOSTIC,     6, -7.123596325276e-01, 1.797693134862e+308, 7.5483e-01, 4.7669e-03, 
 2DIAGNOSTIC,     7, -7.364549218575e-01, 1.797693134862e+308, 7.6281e-01, 7.9739e-03, 
 2DIAGNOSTIC,     8, -7.363291421765e-01, 1.797693134862e+308, 7.6816e-01, 5.3561e-03, 
 2DIAGNOSTIC,     9, -7.369989873053e-01, 1.797693134862e+308, 7.7340e-01, 5.2400e-03, 
 2DIAGNOSTIC,    10, -7.374092107145e-01, 6.885990341511e-03, 7.7960e-01, 6.1979e-03, 
 2DIAGNOSTIC,    11, -7.375310892664e-01, 5.788083021163e-03, 7.8511e-01, 5.5101e-03, 
 2DIAGNOSTIC,    12, -7.374438067479e-01, 4.419586325871e-03, 7.9045e-01, 5.3389e-03, 
 2DIAGNOSTIC,    13, -7.373428089435e-01, 2.986636171976e-03, 7.9519e-01, 4.7369e-03, 
 2DIAGNOSTIC,    14, -7.372968218546e-01, 1.701023035859e-03, 8.0051e-01, 5.3248e-03, 
 2DIAGNOSTIC,    15, -7.372836430704e-01, 7.036743552050e-04, 8.0581e-01, 5.2929e-03, 
 2DIAGNOSTIC,    16, -7.373339069917e-01, 4.835687981011e-05, 8.1143e-01, 5.6250e-03, 
 2DIAGNOSTIC,    17, -7.373129057553e-01, 2.655389779940e-05, 8.1636e-01, 4.9241e-03, 
 2DIAGNOSTIC,    18, -7.373363347555e-01, 2.514629509918e-06, 8.2179e-01, 5.4321e-03, 
DIAGNOSTIC,Iteration,metricValue,convergenceValue,ITERATION_TIME_INDEX,SINCE_LAST
 2DIAGNOSTIC,     1, -6.016507359386e-01, 1.797693134862e+308, 1.5677e+00, 7.4593e-01, 
 2DIAGNOSTIC,     2, -6.031105012898e-01, 1.797693134862e+308, 1.6036e+00, 3.5891e-02, 
 2DIAGNOSTIC,     3, -6.051696223250e-01, 1.797693134862e+308, 1.6402e+00, 3.6582e-02, 
 2DIAGNOSTIC,     4, -6.075416413456e-01, 1.797693134862e+308, 1.6749e+00, 3.4671e-02, 
 2DIAGNOSTIC,     5, -6.088182818680e-01, 1.797693134862e+308, 1.7110e+00, 3.6102e-02, 
 2DIAGNOSTIC,     6, -6.093602858099e-01, 1.797693134862e+308, 1.7513e+00, 4.0305e-02, 
 2DIAGNOSTIC,     7, -6.096985856482e-01, 1.797693134862e+308, 1.7873e+00, 3.6052e-02, 
 2DIAGNOSTIC,     8, -6.102052563266e-01, 1.797693134862e+308, 1.8272e+00, 3.9867e-02, 
 2DIAGNOSTIC,     9, -6.104541741357e-01, 1.797693134862e+308, 1.8790e+00, 5.1808e-02, 
 2DIAGNOSTIC,    10, -6.104266301228e-01, 9.303809512433e-04, 1.9224e+00, 4.3367e-02, 
 2DIAGNOSTIC,    11, -6.104439760021e-01, 6.265938644578e-04, 1.9653e+00, 4.2971e-02, 
 2DIAGNOSTIC,    12, -6.104402310404e-01, 3.738121125778e-04, 2.0217e+00, 5.6359e-02, 
 2DIAGNOSTIC,    13, -6.104451209413e-01, 1.987721693197e-04, 2.0652e+00, 4.3469e-02, 
 2DIAGNOSTIC,    14, -6.104324346620e-01, 1.086966257638e-04, 2.1063e+00, 4.1180e-02, 
 2DIAGNOSTIC,    15, -6.104224389521e-01, 6.028526553768e-05, 2.1532e+00, 4.6861e-02, 
 2DIAGNOSTIC,    16, -6.104071480188e-01, 2.799600660462e-05, 2.1880e+00, 3.4833e-02, 
 2DIAGNOSTIC,    17, -6.103848901835e-01, 5.474670603564e-06, 2.2252e+00, 3.7157e-02, 
DIAGNOSTIC,Iteration,metricValue,convergenceValue,ITERATION_TIME_INDEX,SINCE_LAST
 2DIAGNOSTIC,     1, -5.339464277996e-01, 1.797693134862e+308, 3.3982e+00, 1.1730e+00, 
 2DIAGNOSTIC,     2, -5.343641600794e-01, 1.797693134862e+308, 3.7464e+00, 3.4813e-01, 
 2DIAGNOSTIC,     3, -5.347388974460e-01, 1.797693134862e+308, 4.0811e+00, 3.3473e-01, 
 2DIAGNOSTIC,     4, -5.349096334323e-01, 1.797693134862e+308, 4.4505e+00, 3.6944e-01, 
 2DIAGNOSTIC,     5, -5.350802289069e-01, 1.797693134862e+308, 4.7509e+00, 3.0034e-01, 
 2DIAGNOSTIC,     6, -5.353876885405e-01, 1.797693134862e+308, 5.0765e+00, 3.2561e-01, 
 2DIAGNOSTIC,     7, -5.355467001281e-01, 1.797693134862e+308, 5.4608e+00, 3.8434e-01, 
 2DIAGNOSTIC,     8, -5.357903202129e-01, 1.797693134862e+308, 6.0301e+00, 5.6932e-01, 
 2DIAGNOSTIC,     9, -5.358296952081e-01, 1.797693134862e+308, 6.3777e+00, 3.4757e-01, 
 2DIAGNOSTIC,    10, -5.359691322833e-01, 2.362951144896e-04, 6.7584e+00, 3.8064e-01, 
 2DIAGNOSTIC,    11, -5.360525442617e-01, 1.847287130822e-04, 7.1955e+00, 4.3710e-01, 
 2DIAGNOSTIC,    12, -5.360534149917e-01, 1.435130800045e-04, 7.5799e+00, 3.8446e-01, 
 2DIAGNOSTIC,    13, -5.360557693888e-01, 1.113520249754e-04, 7.9475e+00, 3.6755e-01, 
 2DIAGNOSTIC,    14, -5.360577914512e-01, 8.047366790533e-05, 8.3277e+00, 3.8023e-01, 
 2DIAGNOSTIC,    15, -5.360613309428e-01, 5.253666247569e-05, 8.6437e+00, 3.1602e-01, 
 2DIAGNOSTIC,    16, -5.360645643783e-01, 3.368096683702e-05, 9.0250e+00, 3.8130e-01, 
 2DIAGNOSTIC,    17, -5.360732390970e-01, 1.921999239728e-05, 9.3472e+00, 3.2221e-01, 
 2DIAGNOSTIC,    18, -5.360866021440e-01, 1.239173779936e-05, 9.7433e+00, 3.9612e-01, 
 2DIAGNOSTIC,    19, -5.360921459433e-01, 6.462053464613e-06, 1.0225e+01, 4.8147e-01, 
 2DIAGNOSTIC,    20, -5.360934639919e-01, 4.355079576891e-06, 1.0768e+01, 5.4287e-01, 
 2DIAGNOSTIC,    21, -5.360940562317e-01, 4.318683033716e-06, 1.1238e+01, 4.7050e-01, 
 2DIAGNOSTIC,    22, -5.360917675213e-01, 3.987203457012e-06, 1.1675e+01, 4.3713e-01, 
 2DIAGNOSTIC,    23, -5.360913961452e-01, 3.489264484513e-06, 1.2274e+01, 5.9901e-01, 
 2DIAGNOSTIC,    24, -5.360922877544e-01, 2.898228088653e-06, 1.2870e+01, 5.9595e-01, 
 2DIAGNOSTIC,    25, -5.360925646197e-01, 2.290390120792e-06, 1.3558e+01, 6.8732e-01, 
 2DIAGNOSTIC,    26, -5.360928298368e-01, 1.704933575160e-06, 1.3972e+01, 4.1412e-01, 
 2DIAGNOSTIC,    27, -5.360911499400e-01, 1.250189635656e-06, 1.4343e+01, 3.7153e-01, 
 2DIAGNOSTIC,    28, -5.360904670952e-01, 1.060213690708e-06, 1.4657e+01, 3.1337e-01, 
DIAGNOSTIC,Iteration,metricValue,convergenceValue,ITERATION_TIME_INDEX,SINCE_LAST
 2DIAGNOSTIC,     1, -4.909425692094e-01, 1.797693134862e+308, 1.8093e+01, 3.4360e+00, 
 2DIAGNOSTIC,     2, -4.913799419791e-01, 1.797693134862e+308, 2.0238e+01, 2.1458e+00, 
 2DIAGNOSTIC,     3, -4.917706269182e-01, 1.797693134862e+308, 2.2719e+01, 2.4805e+00, 
 2DIAGNOSTIC,     4, -4.920625635707e-01, 1.797693134862e+308, 2.4693e+01, 1.9744e+00, 
 2DIAGNOSTIC,     5, -4.922196672754e-01, 1.797693134862e+308, 2.6607e+01, 1.9134e+00, 
 2DIAGNOSTIC,     6, -4.925516653341e-01, 1.797693134862e+308, 2.8478e+01, 1.8710e+00, 
 2DIAGNOSTIC,     7, -4.926886657415e-01, 1.797693134862e+308, 3.1047e+01, 2.5689e+00, 
 2DIAGNOSTIC,     8, -4.927308954782e-01, 1.797693134862e+308, 3.3969e+01, 2.9219e+00, 
 2DIAGNOSTIC,     9, -4.927305103256e-01, 1.797693134862e+308, 3.7311e+01, 3.3428e+00, 
 2DIAGNOSTIC,    10, -4.927304557523e-01, 2.335338361809e-04, 3.9257e+01, 1.9451e+00, 
