
##########################
# Experiment information #
##########################

EXPERIMENT_NAME: antsRegistration-r8-p11
VFC_BACKENDS: libinterflop_vprec.so --range-binary32=8 --precision-binary32=11 --range-binary64=8 --precision-binary64=11

SIF_IMG: /home/mdugre/projects/rrg-glatard/mdugre/containers/ants-vprec-no_metrics.simg

SUBJECT_ID: s014
INPUT_IMG: /home/mdugre/scratch/mri-registration-rp/datasets/ds004513/derivatives/mri-registration-rp/antsBrainExtraction/sub-s014/BrainExtractionBrain.nii.gz
OUTPUT_DIR: /home/mdugre/scratch/mri-registration-rp/datasets/ds004513/derivatives/mri-registration-rp/0001/antsRegistration-r8-p11/sub-s014

FIXED_IMG: /templateflow/tpl-MNI152NLin2009cAsym/tpl-MNI152NLin2009cAsym_res-01_desc-brain_T1w.nii.gz
DATA_DIR: /home/mdugre/scratch/mri-registration-rp/datasets/ds004513
TEMPLATEFLOW_DIR: /home/mdugre/projects/rrg-glatard/mdugre/templateflow
ITK_GLOBAL_DEFAULT_NUMBER_OF_THREADS: 16
##########################

Info [verificarlo]: loaded backend libinterflop_ieee.so
Info [interflop-ieee]: load backend with:
Info [interflop-ieee]: debug = false
Info [interflop-ieee]: debug-binary = false
Info [interflop-ieee]: no-backend-name = false
Info [interflop-ieee]: print-new-line = false
Info [interflop-ieee]: print-subnormal-normalized = false
Info [interflop-ieee]: count-op = false
All_Command_lines_OK
Using double precision for computations.
=============================================================================
The composite transform comprises the following transforms (in order): 
  1. Center of mass alignment using fixed image: /templateflow/tpl-MNI152NLin2009cAsym/tpl-MNI152NLin2009cAsym_res-01_desc-brain_T1w.nii.gz and moving image: /home/mdugre/scratch/mri-registration-rp/datasets/ds004513/derivatives/mri-registration-rp/antsBrainExtraction/sub-s014/BrainExtractionBrain.nii.gz (type = Euler3DTransform)
=============================================================================
  number of levels = 1
  fixed image: /templateflow/tpl-MNI152NLin2009cAsym/tpl-MNI152NLin2009cAsym_res-01_desc-brain_T1w.nii.gz
  moving image: /home/mdugre/scratch/mri-registration-rp/datasets/ds004513/derivatives/mri-registration-rp/antsBrainExtraction/sub-s014/BrainExtractionBrain.nii.gz
Dimension = 3
Number of stages = 1
Use histogram matching = false
Winsorize image intensities = true
  Lower quantile = 0.005
  Upper quantile = 0.995


Stage 1 State
   Image metric = MattesMI
     Fixed image = Image (0x3a61e70)
  RTTI typeinfo:   itk::Image<double, 3u>
  Reference Count: 2
  Modified Time: 2334
  Debug: Off
  Object Name: 
  Observers: 
    none
  Source: (none)
  Source output name: (none)
  Release Data: Off
  Data Released: False
  Global Release Data: Off
  PipelineMTime: 0
  UpdateMTime: 1943
  RealTimeStamp: 0 seconds 
  LargestPossibleRegion: 
    Dimension: 3
    Index: [0, 0, 0]
    Size: [193, 229, 193]
  BufferedRegion: 
    Dimension: 3
    Index: [0, 0, 0]
    Size: [193, 229, 193]
  RequestedRegion: 
    Dimension: 3
    Index: [0, 0, 0]
    Size: [193, 229, 193]
  Spacing: [1, 1, 1]
  Origin: [96, 132, -78]
  Direction: 
-1 0 0
0 -1 0
0 0 1

  IndexToPointMatrix: 
-1 0 0
0 -1 0
0 0 1

  PointToIndexMatrix: 
-1 0 0
0 -1 0
0 0 1

  Inverse Direction: 
-1 0 0
0 -1 0
0 0 1

  PixelContainer: 
    ImportImageContainer (0x3a6e140)
      RTTI typeinfo:   itk::ImportImageContainer<unsigned long, double>
      Reference Count: 1
      Modified Time: 1940
      Debug: Off
      Object Name: 
      Observers: 
        none
      Pointer: 0x145d435fa010
      Container manages memory: true
      Size: 8530021
      Capacity: 8530021

     Moving image = Image (0x3a6b310)
  RTTI typeinfo:   itk::Image<double, 3u>
  Reference Count: 2
  Modified Time: 2335
  Debug: Off
  Object Name: 
  Observers: 
    none
  Source: (none)
  Source output name: (none)
  Release Data: Off
  Data Released: False
  Global Release Data: Off
  PipelineMTime: 0
  UpdateMTime: 2332
  RealTimeStamp: 0 seconds 
  LargestPossibleRegion: 
    Dimension: 3
    Index: [0, 0, 0]
    Size: [160, 240, 256]
  BufferedRegion: 
    Dimension: 3
    Index: [0, 0, 0]
    Size: [160, 240, 256]
  RequestedRegion: 
    Dimension: 3
    Index: [0, 0, 0]
    Size: [160, 240, 256]
  Spacing: [0.999999, 1, 1]
  Origin: [84.1637, 106.709, -120.531]
  Direction: 
-0.999619 -0.0226874 -0.0157033
0.0226846 -0.999743 0.00035635
-0.0157073 -7.8229e-09 0.999877

  IndexToPointMatrix: 
-0.999619 -0.0226874 -0.0157033
0.0226845 -0.999743 0.00035635
-0.0157073 -7.8229e-09 0.999877

  PointToIndexMatrix: 
-0.99962 0.0226846 -0.0157073
-0.0226874 -0.999743 -7.83127e-09
-0.0157033 0.00035635 0.999877

  Inverse Direction: 
-0.999619 0.0226846 -0.0157073
-0.0226874 -0.999743 -7.83127e-09
-0.0157033 0.00035635 0.999877

  PixelContainer: 
    ImportImageContainer (0x3b96610)
      RTTI typeinfo:   itk::ImportImageContainer<unsigned long, double>
      Reference Count: 1
      Modified Time: 2329
      Debug: Off
      Object Name: 
      Observers: 
        none
      Pointer: 0x145d3eaf9010
      Container manages memory: true
      Size: 9830400
      Capacity: 9830400

     Weighting = 1
     Sampling strategy = regular
     Number of bins = 32
     Radius = 4
     Sampling percentage  = 0.25
   Transform = Rigid
     Gradient step = 0.1
     Update field sigma (voxel space) = 0
     Total field sigma (voxel space) = 0
     Update field time sigma = 0
     Total field time sigma  = 0
     Number of time indices = 0
     Number of time point samples = 0
Registration using 1 total stages.

Stage 0
  iterations = 0
  convergence threshold = 1e-06
  convergence window size = 10
  number of levels = 1
  using the Mattes MI metric (number of bins = 32, weight = 1, use gradient filter = 0)
  preprocessing:  winsorizing the image intensities
  Shrink factors (level 1 out of 1): [1, 1, 1]
  smoothing sigmas per level: [0]
  regular sampling (percentage = 0.25)

*** Running Euler3DTransform registration ***

  Elapsed time (stage 0): 1.15502


Total elapsed time: 1.15723
Info [verificarlo]: loaded backend libinterflop_ieee.so
Info [interflop-ieee]: load backend with:
Info [interflop-ieee]: debug = false
Info [interflop-ieee]: debug-binary = false
Info [interflop-ieee]: no-backend-name = false
Info [interflop-ieee]: print-new-line = false
Info [interflop-ieee]: print-subnormal-normalized = false
Info [interflop-ieee]: count-op = false
All_Command_lines_OK
Using double precision for computations.
=============================================================================
The composite transform comprises the following transforms (in order): 
  1. /home/mdugre/scratch/mri-registration-rp/datasets/ds004513/derivatives/mri-registration-rp/0001/antsRegistration-r8-p11/sub-s014/align_Composite.h5[0] (type = Euler3DTransform)
  2. /home/mdugre/scratch/mri-registration-rp/datasets/ds004513/derivatives/mri-registration-rp/0001/antsRegistration-r8-p11/sub-s014/align_Composite.h5[1] (type = Euler3DTransform)
=============================================================================
  number of levels = 4
  fixed image: /templateflow/tpl-MNI152NLin2009cAsym/tpl-MNI152NLin2009cAsym_res-01_desc-brain_T1w.nii.gz
  moving image: /home/mdugre/scratch/mri-registration-rp/datasets/ds004513/derivatives/mri-registration-rp/antsBrainExtraction/sub-s014/BrainExtractionBrain.nii.gz
Dimension = 3
Number of stages = 1
Use histogram matching = false
Winsorize image intensities = true
  Lower quantile = 0.005
  Upper quantile = 0.995


Stage 1 State
   Image metric = MattesMI
     Fixed image = Image (0x32b0530)
  RTTI typeinfo:   itk::Image<double, 3u>
  Reference Count: 2
  Modified Time: 1580
  Debug: Off
  Object Name: 
  Observers: 
    none
  Source: (none)
  Source output name: (none)
  Release Data: Off
  Data Released: False
  Global Release Data: Off
  PipelineMTime: 0
  UpdateMTime: 1189
  RealTimeStamp: 0 seconds 
  LargestPossibleRegion: 
    Dimension: 3
    Index: [0, 0, 0]
    Size: [193, 229, 193]
  BufferedRegion: 
    Dimension: 3
    Index: [0, 0, 0]
    Size: [193, 229, 193]
  RequestedRegion: 
    Dimension: 3
    Index: [0, 0, 0]
    Size: [193, 229, 193]
  Spacing: [1, 1, 1]
  Origin: [96, 132, -78]
  Direction: 
-1 0 0
0 -1 0
0 0 1

  IndexToPointMatrix: 
-1 0 0
0 -1 0
0 0 1

  PointToIndexMatrix: 
-1 0 0
0 -1 0
0 0 1

  Inverse Direction: 
-1 0 0
0 -1 0
0 0 1

  PixelContainer: 
    ImportImageContainer (0x336ed60)
      RTTI typeinfo:   itk::ImportImageContainer<unsigned long, double>
      Reference Count: 1
      Modified Time: 1186
      Debug: Off
      Object Name: 
      Observers: 
        none
      Pointer: 0x14c0073c4010
      Container manages memory: true
      Size: 8530021
      Capacity: 8530021

     Moving image = Image (0x3360f60)
  RTTI typeinfo:   itk::Image<double, 3u>
  Reference Count: 2
  Modified Time: 1581
  Debug: Off
  Object Name: 
  Observers: 
    none
  Source: (none)
  Source output name: (none)
  Release Data: Off
  Data Released: False
  Global Release Data: Off
  PipelineMTime: 0
  UpdateMTime: 1578
  RealTimeStamp: 0 seconds 
  LargestPossibleRegion: 
    Dimension: 3
    Index: [0, 0, 0]
    Size: [160, 240, 256]
  BufferedRegion: 
    Dimension: 3
    Index: [0, 0, 0]
    Size: [160, 240, 256]
  RequestedRegion: 
    Dimension: 3
    Index: [0, 0, 0]
    Size: [160, 240, 256]
  Spacing: [0.999999, 1, 1]
  Origin: [84.1637, 106.709, -120.531]
  Direction: 
-0.999619 -0.0226874 -0.0157033
0.0226846 -0.999743 0.00035635
-0.0157073 -7.8229e-09 0.999877

  IndexToPointMatrix: 
-0.999619 -0.0226874 -0.0157033
0.0226845 -0.999743 0.00035635
-0.0157073 -7.8229e-09 0.999877

  PointToIndexMatrix: 
-0.99962 0.0226846 -0.0157073
-0.0226874 -0.999743 -7.83127e-09
-0.0157033 0.00035635 0.999877

  Inverse Direction: 
-0.999619 0.0226846 -0.0157073
-0.0226874 -0.999743 -7.83127e-09
-0.0157033 0.00035635 0.999877

  PixelContainer: 
    ImportImageContainer (0x33526d0)
      RTTI typeinfo:   itk::ImportImageContainer<unsigned long, double>
      Reference Count: 1
      Modified Time: 1575
      Debug: Off
      Object Name: 
      Observers: 
        none
      Pointer: 0x14c0028c3010
      Container manages memory: true
      Size: 9830400
      Capacity: 9830400

     Weighting = 1
     Sampling strategy = regular
     Number of bins = 32
     Radius = 4
     Sampling percentage  = 0.25
   Transform = Rigid
     Gradient step = 0.1
     Update field sigma (voxel space) = 0
     Total field sigma (voxel space) = 0
     Update field time sigma = 0
     Total field time sigma  = 0
     Number of time indices = 0
     Number of time point samples = 0
Registration using 1 total stages.

Stage 0
  iterations = 1000x500x250x100
  convergence threshold = 1e-06
  convergence window size = 10
  number of levels = 4
  using the Mattes MI metric (number of bins = 32, weight = 1, use gradient filter = 0)
  preprocessing:  winsorizing the image intensities
  Shrink factors (level 1 out of 4): [8, 8, 8]
  Shrink factors (level 2 out of 4): [4, 4, 4]
  Shrink factors (level 3 out of 4): [2, 2, 2]
  Shrink factors (level 4 out of 4): [1, 1, 1]
  smoothing sigmas per level: [3, 2, 1, 0]
  regular sampling (percentage = 0.25)

*** Running Euler3DTransform registration ***

DIAGNOSTIC,Iteration,metricValue,convergenceValue,ITERATION_TIME_INDEX,SINCE_LAST
 2DIAGNOSTIC,     1, -4.770821406565e-01, 1.797693134862e+308, 7.4744e-01, 7.4744e-01, 
 2DIAGNOSTIC,     2, -4.784216133942e-01, 1.797693134862e+308, 7.5206e-01, 4.6160e-03, 
 2DIAGNOSTIC,     3, -4.807043200681e-01, 1.797693134862e+308, 7.5635e-01, 4.2958e-03, 
 2DIAGNOSTIC,     4, -4.840264478065e-01, 1.797693134862e+308, 7.6107e-01, 4.7209e-03, 
 2DIAGNOSTIC,     5, -4.883050305770e-01, 1.797693134862e+308, 7.6568e-01, 4.6060e-03, 
 2DIAGNOSTIC,     6, -4.953560426371e-01, 1.797693134862e+308, 7.7101e-01, 5.3279e-03, 
 2DIAGNOSTIC,     7, -5.007350570384e-01, 1.797693134862e+308, 7.7570e-01, 4.6909e-03, 
 2DIAGNOSTIC,     8, -5.013278569503e-01, 1.797693134862e+308, 7.8047e-01, 4.7710e-03, 
 2DIAGNOSTIC,     9, -5.085255256006e-01, 1.797693134862e+308, 7.8666e-01, 6.1882e-03, 
 2DIAGNOSTIC,    10, -5.161992633656e-01, 5.125196520979e-03, 7.9362e-01, 6.9680e-03, 
 2DIAGNOSTIC,    11, -5.167072941437e-01, 4.879252931146e-03, 7.9841e-01, 4.7820e-03, 
 2DIAGNOSTIC,    12, -5.203629876260e-01, 4.481282734468e-03, 8.0311e-01, 4.7009e-03, 
 2DIAGNOSTIC,    13, -5.229718709777e-01, 3.958672533579e-03, 8.0775e-01, 4.6449e-03, 
 2DIAGNOSTIC,    14, -5.250338110830e-01, 3.368007801723e-03, 8.1313e-01, 5.3799e-03, 
 2DIAGNOSTIC,    15, -5.272078697648e-01, 2.786121483394e-03, 8.2010e-01, 6.9659e-03, 
 2DIAGNOSTIC,    16, -5.275715603978e-01, 2.284098302167e-03, 8.2487e-01, 4.7729e-03, 
 2DIAGNOSTIC,    17, -5.282507656511e-01, 1.839921123745e-03, 8.3065e-01, 5.7790e-03, 
 2DIAGNOSTIC,    18, -5.289722876066e-01, 1.313912041901e-03, 8.3588e-01, 5.2261e-03, 
 2DIAGNOSTIC,    19, -5.292207410111e-01, 9.370568707370e-04, 8.4142e-01, 5.5401e-03, 
 2DIAGNOSTIC,    20, -5.294476960672e-01, 7.341365573348e-04, 8.4636e-01, 4.9481e-03, 
 2DIAGNOSTIC,    21, -5.294955840903e-01, 4.966190831865e-04, 8.5084e-01, 4.4811e-03, 
 2DIAGNOSTIC,    22, -5.295366245031e-01, 3.281311959311e-04, 8.5582e-01, 4.9739e-03, 
 2DIAGNOSTIC,    23, -5.295376311909e-01, 2.063244245636e-04, 8.6078e-01, 4.9589e-03, 
 2DIAGNOSTIC,    24, -5.295911249027e-01, 1.234508389521e-04, 8.6578e-01, 5.0049e-03, 
 2DIAGNOSTIC,    25, -5.296271130648e-01, 8.499150549850e-05, 8.7095e-01, 5.1670e-03, 
 2DIAGNOSTIC,    26, -5.296539599384e-01, 4.983583932680e-05, 8.7583e-01, 4.8840e-03, 
 2DIAGNOSTIC,    27, -5.297704229810e-01, 2.877322816002e-05, 8.8039e-01, 4.5609e-03, 
 2DIAGNOSTIC,    28, -5.299884954868e-01, 2.504887532517e-05, 8.8655e-01, 6.1560e-03, 
 2DIAGNOSTIC,    29, -5.300854192462e-01, 2.569611952997e-05, 8.9162e-01, 5.0709e-03, 
 2DIAGNOSTIC,    30, -5.300410324622e-01, 2.732899345033e-05, 8.9643e-01, 4.8041e-03, 
 2DIAGNOSTIC,    31, -5.300376932142e-01, 2.724560549056e-05, 9.0119e-01, 4.7672e-03, 
 2DIAGNOSTIC,    32, -5.301686264233e-01, 2.763232919490e-05, 9.0565e-01, 4.4551e-03, 
 2DIAGNOSTIC,    33, -5.303926738419e-01, 2.905769096929e-05, 9.1118e-01, 5.5282e-03, 
 2DIAGNOSTIC,    34, -5.304519664600e-01, 2.945835348362e-05, 9.1667e-01, 5.4939e-03, 
 2DIAGNOSTIC,    35, -5.305073139182e-01, 2.868169328613e-05, 9.2108e-01, 4.4119e-03, 
 2DIAGNOSTIC,    36, -5.305686017147e-01, 2.670517373321e-05, 9.2564e-01, 4.5562e-03, 
 2DIAGNOSTIC,    37, -5.306602858941e-01, 2.533264912418e-05, 9.3184e-01, 6.2029e-03, 
 2DIAGNOSTIC,    38, -5.306881156230e-01, 2.512162424793e-05, 9.3643e-01, 4.5919e-03, 
 2DIAGNOSTIC,    39, -5.307317416634e-01, 2.461885298502e-05, 9.4107e-01, 4.6401e-03, 
 2DIAGNOSTIC,    40, -5.308225091354e-01, 2.257034276238e-05, 9.4748e-01, 6.4120e-03, 
 2DIAGNOSTIC,    41, -5.308460424125e-01, 1.877385526158e-05, 9.5205e-01, 4.5609e-03, 
 2DIAGNOSTIC,    42, -5.308561837321e-01, 1.520831957476e-05, 9.5666e-01, 4.6120e-03, 
 2DIAGNOSTIC,    43, -5.308777649273e-01, 1.355835177419e-05, 9.6125e-01, 4.5900e-03, 
 2DIAGNOSTIC,    44, -5.309114036110e-01, 1.190613944568e-05, 9.6587e-01, 4.6182e-03, 
 2DIAGNOSTIC,    45, -5.310262965518e-01, 1.129423566791e-05, 9.7315e-01, 7.2870e-03, 
 2DIAGNOSTIC,    46, -5.310374074445e-01, 1.049838942177e-05, 9.7776e-01, 4.6070e-03, 
 2DIAGNOSTIC,    47, -5.310434720121e-01, 9.962263451516e-06, 9.8232e-01, 4.5629e-03, 
 2DIAGNOSTIC,    48, -5.310518853633e-01, 8.989886107740e-06, 9.8689e-01, 4.5631e-03, 
 2DIAGNOSTIC,    49, -5.310584329536e-01, 7.783359502023e-06, 9.9255e-01, 5.6620e-03, 
 2DIAGNOSTIC,    50, -5.310645817646e-01, 6.973833584077e-06, 9.9875e-01, 6.2060e-03, 
 2DIAGNOSTIC,    51, -5.310656430618e-01, 5.851695600585e-06, 1.0038e+00, 5.0890e-03, 
 2DIAGNOSTIC,    52, -5.310738190002e-01, 4.481863509990e-06, 1.0090e+00, 5.2040e-03, 
 2DIAGNOSTIC,    53, -5.310768127969e-01, 3.049471521570e-06, 1.0136e+00, 4.5302e-03, 
 2DIAGNOSTIC,    54, -5.310775506016e-01, 1.750844720240e-06, 1.0182e+00, 4.6031e-03, 
 2DIAGNOSTIC,    55, -5.310817434211e-01, 1.565716413177e-06, 1.0227e+00, 4.5550e-03, 
 2DIAGNOSTIC,    56, -5.310870994121e-01, 1.452195857513e-06, 1.0279e+00, 5.1861e-03, 
 2DIAGNOSTIC,    57, -5.310885232962e-01, 1.327089154870e-06, 1.0332e+00, 5.2431e-03, 
 2DIAGNOSTIC,    58, -5.310914487850e-01, 1.238639651114e-06, 1.0385e+00, 5.2989e-03, 
 2DIAGNOSTIC,    59, -5.311015678587e-01, 1.240623596646e-06, 1.0441e+00, 5.6670e-03, 
 2DIAGNOSTIC,    60, -5.311021904297e-01, 1.235244578988e-06, 1.0490e+00, 4.8718e-03, 
 2DIAGNOSTIC,    61, -5.311059901820e-01, 1.204917779146e-06, 1.0634e+00, 1.4385e-02, 
 2DIAGNOSTIC,    62, -5.311059901659e-01, 1.182103197390e-06, 1.0780e+00, 1.4575e-02, 
 2DIAGNOSTIC,    63, -5.311059901659e-01, 1.122797857724e-06, 1.0834e+00, 5.3921e-03, 
 2DIAGNOSTIC,    64, -5.311059901659e-01, 1.011506956344e-06, 1.0885e+00, 5.1460e-03, 
DIAGNOSTIC,Iteration,metricValue,convergenceValue,ITERATION_TIME_INDEX,SINCE_LAST
 2DIAGNOSTIC,     1, -4.295258231625e-01, 1.797693134862e+308, 1.8012e+00, 7.1268e-01, 
 2DIAGNOSTIC,     2, -4.302859640432e-01, 1.797693134862e+308, 1.8317e+00, 3.0491e-02, 
 2DIAGNOSTIC,     3, -4.309651196675e-01, 1.797693134862e+308, 1.8631e+00, 3.1397e-02, 
 2DIAGNOSTIC,     4, -4.317164347764e-01, 1.797693134862e+308, 1.8943e+00, 3.1204e-02, 
 2DIAGNOSTIC,     5, -4.325561938345e-01, 1.797693134862e+308, 1.9259e+00, 3.1586e-02, 
 2DIAGNOSTIC,     6, -4.341819580778e-01, 1.797693134862e+308, 1.9597e+00, 3.3861e-02, 
 2DIAGNOSTIC,     7, -4.354327949460e-01, 1.797693134862e+308, 1.9915e+00, 3.1766e-02, 
 2DIAGNOSTIC,     8, -4.367134834400e-01, 1.797693134862e+308, 2.0264e+00, 3.4872e-02, 
 2DIAGNOSTIC,     9, -4.377076816052e-01, 1.797693134862e+308, 2.0687e+00, 4.2302e-02, 
 2DIAGNOSTIC,    10, -4.379510214291e-01, 1.375954781892e-03, 2.0988e+00, 3.0119e-02, 
 2DIAGNOSTIC,    11, -4.381306699704e-01, 1.211218579662e-03, 2.1317e+00, 3.2940e-02, 
 2DIAGNOSTIC,    12, -4.403708091234e-01, 1.128184042337e-03, 2.1689e+00, 3.7186e-02, 
 2DIAGNOSTIC,    13, -4.435986505873e-01, 1.148562288635e-03, 2.2102e+00, 4.1348e-02, 
 2DIAGNOSTIC,    14, -4.436199448164e-01, 1.094787362870e-03, 2.2436e+00, 3.3330e-02, 
 2DIAGNOSTIC,    15, -4.445052016647e-01, 1.025845790350e-03, 2.2803e+00, 3.6732e-02, 
 2DIAGNOSTIC,    16, -4.479362667211e-01, 1.077370589723e-03, 2.3279e+00, 4.7598e-02, 
 2DIAGNOSTIC,    17, -4.481475950949e-01, 1.073587589007e-03, 2.3590e+00, 3.1073e-02, 
 2DIAGNOSTIC,    18, -4.482020490390e-01, 1.018146302281e-03, 2.3930e+00, 3.4047e-02, 
 2DIAGNOSTIC,    19, -4.481966708663e-01, 9.107728228245e-04, 2.4486e+00, 5.5566e-02, 
 2DIAGNOSTIC,    20, -4.481953335933e-01, 7.394369052736e-04, 2.4781e+00, 2.9554e-02, 
 2DIAGNOSTIC,    21, -4.481954334287e-01, 5.189437703401e-04, 2.5136e+00, 3.5474e-02, 
 2DIAGNOSTIC,    22, -4.482018533970e-01, 3.337448821849e-04, 2.5466e+00, 3.2992e-02, 
 2DIAGNOSTIC,    23, -4.481921491844e-01, 2.259319908035e-04, 2.5751e+00, 2.8485e-02, 
 2DIAGNOSTIC,    24, -4.482074312939e-01, 1.077320635980e-04, 2.6072e+00, 3.2090e-02, 
 2DIAGNOSTIC,    25, -4.482144439052e-01, 9.691656453412e-06, 2.6420e+00, 3.4768e-02, 
 2DIAGNOSTIC,    26, -4.482116710043e-01, 3.273679768351e-06, 2.6764e+00, 3.4480e-02, 
 2DIAGNOSTIC,    27, -4.482088353558e-01, 2.084626641398e-06, 2.7113e+00, 3.4880e-02, 
 2DIAGNOSTIC,    28, -4.482139219946e-01, 2.274304290943e-06, 2.7419e+00, 3.0610e-02, 
 2DIAGNOSTIC,    29, -4.482420866336e-01, 2.842586109768e-06, 2.7770e+00, 3.5042e-02, 
 2DIAGNOSTIC,    30, -4.482455732646e-01, 3.232686509973e-06, 2.8110e+00, 3.4077e-02, 
 2DIAGNOSTIC,    31, -4.482405886402e-01, 3.298138191478e-06, 2.8399e+00, 2.8850e-02, 
 2DIAGNOSTIC,    32, -4.482290914822e-01, 3.068921442584e-06, 2.8694e+00, 2.9551e-02, 
 2DIAGNOSTIC,    33, -4.482261087356e-01, 2.406543933083e-06, 2.9021e+00, 3.2635e-02, 
 2DIAGNOSTIC,    34, -4.482147421184e-01, 1.704267681146e-06, 2.9352e+00, 3.3086e-02, 
 2DIAGNOSTIC,    35, -4.482170221554e-01, 1.142411201860e-06, 2.9641e+00, 2.8925e-02, 
DIAGNOSTIC,Iteration,metricValue,convergenceValue,ITERATION_TIME_INDEX,SINCE_LAST
 2DIAGNOSTIC,     1, -3.932184618690e-01, 1.797693134862e+308, 4.1386e+00, 1.1745e+00, 
 2DIAGNOSTIC,     2, -3.933350080600e-01, 1.797693134862e+308, 4.4001e+00, 2.6145e-01, 
 2DIAGNOSTIC,     3, -3.934316047425e-01, 1.797693134862e+308, 4.6541e+00, 2.5402e-01, 
 2DIAGNOSTIC,     4, -3.934445201458e-01, 1.797693134862e+308, 4.9801e+00, 3.2603e-01, 
 2DIAGNOSTIC,     5, -3.934561041172e-01, 1.797693134862e+308, 5.2561e+00, 2.7598e-01, 
 2DIAGNOSTIC,     6, -3.934557400233e-01, 1.797693134862e+308, 5.5872e+00, 3.3106e-01, 
 2DIAGNOSTIC,     7, -3.934568947681e-01, 1.797693134862e+308, 6.0510e+00, 4.6380e-01, 
 2DIAGNOSTIC,     8, -3.934560026495e-01, 1.797693134862e+308, 6.3372e+00, 2.8626e-01, 
 2DIAGNOSTIC,     9, -3.934553707208e-01, 1.797693134862e+308, 6.6881e+00, 3.5085e-01, 
 2DIAGNOSTIC,    10, -3.934548435590e-01, 2.950388489006e-05, 6.9799e+00, 2.9183e-01, 
 2DIAGNOSTIC,    11, -3.934535150625e-01, 1.251787911911e-05, 7.2704e+00, 2.9047e-01, 
 2DIAGNOSTIC,    12, -3.934529103545e-01, 4.334108410234e-06, 7.5604e+00, 2.9005e-01, 
 2DIAGNOSTIC,    13, -3.934523312108e-01, 2.580302554456e-06, 7.8164e+00, 2.5603e-01, 
 2DIAGNOSTIC,    14, -3.934518640663e-01, 1.691075565857e-06, 8.1133e+00, 2.9683e-01, 
 2DIAGNOSTIC,    15, -3.934519734195e-01, 1.537715187377e-06, 8.3781e+00, 2.6485e-01, 
 2DIAGNOSTIC,    16, -3.934513609309e-01, 1.410839947549e-06, 8.6254e+00, 2.4731e-01, 
 2DIAGNOSTIC,    17, -3.934508380021e-01, 1.380509489952e-06, 8.9171e+00, 2.9169e-01, 
 2DIAGNOSTIC,    18, -3.934502559506e-01, 1.340256811394e-06, 9.1877e+00, 2.7056e-01, 
 2DIAGNOSTIC,    19, -3.934497851503e-01, 1.301860360008e-06, 9.4861e+00, 2.9839e-01, 
 2DIAGNOSTIC,    20, -3.934499621378e-01, 1.290039285652e-06, 9.7342e+00, 2.4810e-01, 
 2DIAGNOSTIC,    21, -3.934502604675e-01, 1.271710207099e-06, 1.0006e+01, 2.7148e-01, 
 2DIAGNOSTIC,    22, -3.934498715344e-01, 1.245514133802e-06, 1.0298e+01, 2.9199e-01, 
 2DIAGNOSTIC,    23, -3.934501306978e-01, 1.231426848630e-06, 1.0593e+01, 2.9497e-01, 
 2DIAGNOSTIC,    24, -3.934495535447e-01, 1.200792313721e-06, 1.0853e+01, 2.6033e-01, 
 2DIAGNOSTIC,    25, -3.934490927362e-01, 1.174527727049e-06, 1.1098e+01, 2.4480e-01, 
 2DIAGNOSTIC,    26, -3.934495816043e-01, 1.156238074694e-06, 1.1369e+01, 2.7084e-01, 
 2DIAGNOSTIC,    27, -3.934510332640e-01, 1.170201603208e-06, 1.1680e+01, 3.1172e-01, 
 2DIAGNOSTIC,    28, -3.934498670010e-01, 1.138213975425e-06, 1.1957e+01, 2.7688e-01, 
 2DIAGNOSTIC,    29, -3.934494067674e-01, 1.086573226186e-06, 1.2254e+01, 2.9688e-01, 
 2DIAGNOSTIC,    30, -3.934490070768e-01, 1.034518242918e-06, 1.2519e+01, 2.6543e-01, 
 2DIAGNOSTIC,    31, -3.934493551986e-01, 1.002859661668e-06, 1.2788e+01, 2.6811e-01, 
 2DIAGNOSTIC,    32, -3.934514388755e-01, 1.012149981751e-06, 1.3075e+01, 2.8715e-01, 
 2DIAGNOSTIC,    33, -3.934519791444e-01, 1.036072021031e-06, 1.3307e+01, 2.3232e-01, 
 2DIAGNOSTIC,    34, -3.934514161821e-01, 1.029043013346e-06, 1.3579e+01, 2.7166e-01, 
 2DIAGNOSTIC,    35, -3.934525148209e-01, 1.027695515899e-06, 1.3837e+01, 2.5826e-01, 
 2DIAGNOSTIC,    36, -3.934539683800e-01, 1.051995666624e-06, 1.4144e+01, 3.0726e-01, 
 2DIAGNOSTIC,    37, -3.934536117243e-01, 1.079271499647e-06, 1.4406e+01, 2.6211e-01, 
 2DIAGNOSTIC,    38, -3.934525130634e-01, 1.042002397193e-06, 1.4681e+01, 2.7421e-01, 
DIAGNOSTIC,Iteration,metricValue,convergenceValue,ITERATION_TIME_INDEX,SINCE_LAST
 2DIAGNOSTIC,     1, -3.660000231919e-01, 1.797693134862e+308, 1.7189e+01, 2.5083e+00, 
 2DIAGNOSTIC,     2, -3.661006044828e-01, 1.797693134862e+308, 1.8712e+01, 1.5233e+00, 
 2DIAGNOSTIC,     3, -3.661940053455e-01, 1.797693134862e+308, 2.0292e+01, 1.5794e+00, 
 2DIAGNOSTIC,     4, -3.662025643905e-01, 1.797693134862e+308, 2.2883e+01, 2.5911e+00, 
 2DIAGNOSTIC,     5, -3.662022977327e-01, 1.797693134862e+308, 2.4857e+01, 1.9740e+00, 
 2DIAGNOSTIC,     6, -3.662022733192e-01, 1.797693134862e+308, 2.6438e+01, 1.5819e+00, 
 2DIAGNOSTIC,     7, -3.662021510350e-01, 1.797693134862e+308, 2.8031e+01, 1.5927e+00, 
 2DIAGNOSTIC,     8, -3.662021104706e-01, 1.797693134862e+308, 2.9605e+01, 1.5735e+00, 
 2DIAGNOSTIC,     9, -3.662019867547e-01, 1.797693134862e+308, 3.1171e+01, 1.5661e+00, 
 2DIAGNOSTIC,    10, -3.662019340604e-01, 2.615307143608e-05, 3.2693e+01, 1.5218e+00, 
 2DIAGNOSTIC,    11, -3.662019021329e-01, 1.049209037887e-05, 3.4246e+01, 1.5530e+00, 
 2DIAGNOSTIC,    12, -3.662017877777e-01, 3.091361452587e-06, 3.5769e+01, 1.5230e+00, 
 2DIAGNOSTIC,    13, -3.662019075625e-01, 2.358435210167e-06, 3.7372e+01, 1.6031e+00, 
 2DIAGNOSTIC,    14, -3.662018587049e-01, 2.210206176412e-06, 3.8893e+01, 1.5214e+00, 
 2DIAGNOSTIC,    15, -3.662018920074e-01, 2.075386400638e-06, 4.0485e+01, 1.5921e+00, 
 2DIAGNOSTIC,    16, -3.662018421314e-01, 1.958104243874e-06, 4.1866e+01, 1.3804e+00, 
 2DIAGNOSTIC,    17, -3.662017315596e-01, 1.846828485835e-06, 4.3283e+01, 1.4170e+00, 
 2DIAGNOSTIC,    18, -3.662016584481e-01, 1.745449638782e-06, 4.4881e+01, 1.5985e+00, 
 2DIAGNOSTIC,    19, -3.662015876266e-01, 1.648798696650e-06, 4.6449e+01, 1.5678e+00, 
 2DIAGNOSTIC,    20, -3.662013732872e-01, 1.553843722815e-06, 4.8127e+01, 1.6776e+00, 
 2DIAGNOSTIC,    21, -3.662013254878e-01, 1.468744445815e-06, 5.0010e+01, 1.8832e+00, 
 2DIAGNOSTIC,    22, -3.662011170304e-01, 1.384171200908e-06, 5.1517e+01, 1.5069e+00, 
 2DIAGNOSTIC,    23, -3.662008967215e-01, 1.309503478895e-06, 5.2886e+01, 1.3694e+00, 
 2DIAGNOSTIC,    24, -3.662008589229e-01, 1.245216123588e-06, 5.4433e+01, 1.5471e+00, 
 2DIAGNOSTIC,    25, -3.662009022474e-01, 1.195923392143e-06, 5.6097e+01, 1.6635e+00, 
 2DIAGNOSTIC,    26, -3.662008588578e-01, 1.154782547447e-06, 5.7565e+01, 1.4681e+00, 
 2DIAGNOSTIC,    27, -3.662010886900e-01, 1.126687679341e-06, 5.9160e+01, 1.5954e+00, 
 2DIAGNOSTIC,    28, -3.662011544951e-01, 1.105168502241e-06, 6.0821e+01, 1.6608e+00, 
 2DIAGNOSTIC,    29, -3.662007271191e-01, 1.074819836654e-06, 6.2531e+01, 1.7096e+00, 
 2DIAGNOSTIC,    30, -3.662006710242e-01, 1.041888280998e-06, 6.4092e+01, 1.5610e+00, 
 2DIAGNOSTIC,    31, -3.662006079400e-01, 1.010052184960e-06, 6.5645e+01, 1.5531e+00, 
  Elapsed time (stage 0): 6.6497e+01


Total elapsed time: 6.6499e+01
Info [verificarlo]: loaded backend libinterflop_ieee.so
Info [interflop-ieee]: load backend with:
Info [interflop-ieee]: debug = false
Info [interflop-ieee]: debug-binary = false
Info [interflop-ieee]: no-backend-name = false
Info [interflop-ieee]: print-new-line = false
Info [interflop-ieee]: print-subnormal-normalized = false
Info [interflop-ieee]: count-op = false
All_Command_lines_OK
Using double precision for computations.
=============================================================================
The composite transform comprises the following transforms (in order): 
  1. /home/mdugre/scratch/mri-registration-rp/datasets/ds004513/derivatives/mri-registration-rp/0001/antsRegistration-r8-p11/sub-s014/rigid_Composite.h5[0] (type = Euler3DTransform)
  2. /home/mdugre/scratch/mri-registration-rp/datasets/ds004513/derivatives/mri-registration-rp/0001/antsRegistration-r8-p11/sub-s014/rigid_Composite.h5[1] (type = Euler3DTransform)
  3. /home/mdugre/scratch/mri-registration-rp/datasets/ds004513/derivatives/mri-registration-rp/0001/antsRegistration-r8-p11/sub-s014/rigid_Composite.h5[2] (type = Euler3DTransform)
=============================================================================
  number of levels = 4
  fixed image: /templateflow/tpl-MNI152NLin2009cAsym/tpl-MNI152NLin2009cAsym_res-01_desc-brain_T1w.nii.gz
  moving image: /home/mdugre/scratch/mri-registration-rp/datasets/ds004513/derivatives/mri-registration-rp/antsBrainExtraction/sub-s014/BrainExtractionBrain.nii.gz
Dimension = 3
Number of stages = 1
Use histogram matching = false
Winsorize image intensities = true
  Lower quantile = 0.005
  Upper quantile = 0.995


Stage 1 State
   Image metric = MattesMI
     Fixed image = Image (0x442e7e0)
  RTTI typeinfo:   itk::Image<double, 3u>
  Reference Count: 2
  Modified Time: 1594
  Debug: Off
  Object Name: 
  Observers: 
    none
  Source: (none)
  Source output name: (none)
  Release Data: Off
  Data Released: False
  Global Release Data: Off
  PipelineMTime: 0
  UpdateMTime: 1203
  RealTimeStamp: 0 seconds 
  LargestPossibleRegion: 
    Dimension: 3
    Index: [0, 0, 0]
    Size: [193, 229, 193]
  BufferedRegion: 
    Dimension: 3
    Index: [0, 0, 0]
    Size: [193, 229, 193]
  RequestedRegion: 
    Dimension: 3
    Index: [0, 0, 0]
    Size: [193, 229, 193]
  Spacing: [1, 1, 1]
  Origin: [96, 132, -78]
  Direction: 
-1 0 0
0 -1 0
0 0 1

  IndexToPointMatrix: 
-1 0 0
0 -1 0
0 0 1

  PointToIndexMatrix: 
-1 0 0
0 -1 0
0 0 1

  Inverse Direction: 
-1 0 0
0 -1 0
0 0 1

  PixelContainer: 
    ImportImageContainer (0x44eea20)
      RTTI typeinfo:   itk::ImportImageContainer<unsigned long, double>
      Reference Count: 1
      Modified Time: 1200
      Debug: Off
      Object Name: 
      Observers: 
        none
      Pointer: 0x14bef4bca010
      Container manages memory: true
      Size: 8530021
      Capacity: 8530021

     Moving image = Image (0x44e9d70)
  RTTI typeinfo:   itk::Image<double, 3u>
  Reference Count: 2
  Modified Time: 1595
  Debug: Off
  Object Name: 
  Observers: 
    none
  Source: (none)
  Source output name: (none)
  Release Data: Off
  Data Released: False
  Global Release Data: Off
  PipelineMTime: 0
  UpdateMTime: 1592
  RealTimeStamp: 0 seconds 
  LargestPossibleRegion: 
    Dimension: 3
    Index: [0, 0, 0]
    Size: [160, 240, 256]
  BufferedRegion: 
    Dimension: 3
    Index: [0, 0, 0]
    Size: [160, 240, 256]
  RequestedRegion: 
    Dimension: 3
    Index: [0, 0, 0]
    Size: [160, 240, 256]
  Spacing: [0.999999, 1, 1]
  Origin: [84.1637, 106.709, -120.531]
  Direction: 
-0.999619 -0.0226874 -0.0157033
0.0226846 -0.999743 0.00035635
-0.0157073 -7.8229e-09 0.999877

  IndexToPointMatrix: 
-0.999619 -0.0226874 -0.0157033
0.0226845 -0.999743 0.00035635
-0.0157073 -7.8229e-09 0.999877

  PointToIndexMatrix: 
-0.99962 0.0226846 -0.0157073
-0.0226874 -0.999743 -7.83127e-09
-0.0157033 0.00035635 0.999877

  Inverse Direction: 
-0.999619 0.0226846 -0.0157073
-0.0226874 -0.999743 -7.83127e-09
-0.0157033 0.00035635 0.999877

  PixelContainer: 
    ImportImageContainer (0x44a1c90)
      RTTI typeinfo:   itk::ImportImageContainer<unsigned long, double>
      Reference Count: 1
      Modified Time: 1589
      Debug: Off
      Object Name: 
      Observers: 
        none
      Pointer: 0x14bef00c9010
      Container manages memory: true
      Size: 9830400
      Capacity: 9830400

     Weighting = 1
     Sampling strategy = regular
     Number of bins = 32
     Radius = 4
     Sampling percentage  = 0.25
   Transform = Affine
     Gradient step = 0.1
     Update field sigma (voxel space) = 0
     Total field sigma (voxel space) = 0
     Update field time sigma = 0
     Total field time sigma  = 0
     Number of time indices = 0
     Number of time point samples = 0
Registration using 1 total stages.

Stage 0
  iterations = 1000x500x250x100
  convergence threshold = 1e-06
  convergence window size = 10
  number of levels = 4
  using the Mattes MI metric (number of bins = 32, weight = 1, use gradient filter = 0)
  preprocessing:  winsorizing the image intensities
  Shrink factors (level 1 out of 4): [8, 8, 8]
  Shrink factors (level 2 out of 4): [4, 4, 4]
  Shrink factors (level 3 out of 4): [2, 2, 2]
  Shrink factors (level 4 out of 4): [1, 1, 1]
  smoothing sigmas per level: [3, 2, 1, 0]
  regular sampling (percentage = 0.25)

*** Running AffineTransform registration ***

DIAGNOSTIC,Iteration,metricValue,convergenceValue,ITERATION_TIME_INDEX,SINCE_LAST
 2DIAGNOSTIC,     1, -5.239750082365e-01, 1.797693134862e+308, 8.9752e-01, 8.9752e-01, 
 2DIAGNOSTIC,     2, -5.258640013134e-01, 1.797693134862e+308, 9.0288e-01, 5.3561e-03, 
 2DIAGNOSTIC,     3, -5.291088180203e-01, 1.797693134862e+308, 9.0800e-01, 5.1248e-03, 
 2DIAGNOSTIC,     4, -5.347710741041e-01, 1.797693134862e+308, 9.1312e-01, 5.1141e-03, 
 2DIAGNOSTIC,     5, -5.449383436927e-01, 1.797693134862e+308, 9.1872e-01, 5.6019e-03, 
 2DIAGNOSTIC,     6, -6.215306222855e-01, 1.797693134862e+308, 9.2401e-01, 5.2922e-03, 
 2DIAGNOSTIC,     7, -6.633610992840e-01, 1.797693134862e+308, 9.2949e-01, 5.4789e-03, 
 2DIAGNOSTIC,     8, -7.298997470348e-01, 1.797693134862e+308, 9.3710e-01, 7.6141e-03, 
 2DIAGNOSTIC,     9, -7.422520876755e-01, 1.797693134862e+308, 9.4240e-01, 5.3000e-03, 
 2DIAGNOSTIC,    10, -7.541338117833e-01, 2.915590243988e-02, 9.4833e-01, 5.9240e-03, 
 2DIAGNOSTIC,    11, -7.649021823558e-01, 2.764847102601e-02, 9.5473e-01, 6.3999e-03, 
 2DIAGNOSTIC,    12, -7.741613612350e-01, 2.434790815283e-02, 9.6260e-01, 7.8690e-03, 
 2DIAGNOSTIC,    13, -7.770751430977e-01, 1.968341816585e-02, 9.6906e-01, 6.4609e-03, 
 2DIAGNOSTIC,    14, -7.814242813488e-01, 1.436952162294e-02, 9.7521e-01, 6.1491e-03, 
 2DIAGNOSTIC,    15, -7.874240643565e-01, 9.014363786921e-03, 9.8222e-01, 7.0140e-03, 
 2DIAGNOSTIC,    16, -7.920939124020e-01, 5.733376847373e-03, 9.8953e-01, 7.3080e-03, 
 2DIAGNOSTIC,    17, -7.957348877188e-01, 3.442741684428e-03, 9.9520e-01, 5.6729e-03, 
 2DIAGNOSTIC,    18, -8.010581865579e-01, 2.769034924440e-03, 1.0022e+00, 6.9692e-03, 
 2DIAGNOSTIC,    19, -8.020625282949e-01, 2.204708067257e-03, 1.0085e+00, 6.3369e-03, 
 2DIAGNOSTIC,    20, -8.025887254446e-01, 1.748778696368e-03, 1.0142e+00, 5.6610e-03, 
 2DIAGNOSTIC,    21, -8.047949495418e-01, 1.424922458577e-03, 1.0204e+00, 6.1889e-03, 
 2DIAGNOSTIC,    22, -8.088017580630e-01, 1.241455674247e-03, 1.0281e+00, 7.7872e-03, 
 2DIAGNOSTIC,    23, -8.108225523399e-01, 1.042897224317e-03, 1.0337e+00, 5.5630e-03, 
 2DIAGNOSTIC,    24, -8.126157107678e-01, 8.656681476099e-04, 1.0396e+00, 5.8830e-03, 
 2DIAGNOSTIC,    25, -8.155472684334e-01, 7.639750183766e-04, 1.0463e+00, 6.7270e-03, 
 2DIAGNOSTIC,    26, -8.215025942437e-01, 7.574588324160e-04, 1.0520e+00, 5.6691e-03, 
 2DIAGNOSTIC,    27, -8.250913019707e-01, 7.799072740857e-04, 1.0583e+00, 6.2821e-03, 
 2DIAGNOSTIC,    28, -8.288945204686e-01, 8.530224144138e-04, 1.0664e+00, 8.1010e-03, 
 2DIAGNOSTIC,    29, -8.297212469964e-01, 8.654556280227e-04, 1.0726e+00, 6.1791e-03, 
 2DIAGNOSTIC,    30, -8.333759081920e-01, 8.491334502077e-04, 1.0782e+00, 5.6829e-03, 
 2DIAGNOSTIC,    31, -8.366893384858e-01, 8.192197640240e-04, 1.0849e+00, 6.6428e-03, 
 2DIAGNOSTIC,    32, -8.378473480411e-01, 7.740641616221e-04, 1.0907e+00, 5.8448e-03, 
 2DIAGNOSTIC,    33, -8.386452996536e-01, 6.920269499772e-04, 1.0969e+00, 6.2189e-03, 
 2DIAGNOSTIC,    34, -8.393192421100e-01, 5.779276834088e-04, 1.1045e+00, 7.5119e-03, 
 2DIAGNOSTIC,    35, -8.396547086650e-01, 4.501265883907e-04, 1.1103e+00, 5.8711e-03, 
 2DIAGNOSTIC,    36, -8.402325630206e-01, 3.545905514355e-04, 1.1159e+00, 5.5809e-03, 
 2DIAGNOSTIC,    37, -8.406979713369e-01, 2.714242762981e-04, 1.1214e+00, 5.5301e-03, 
 2DIAGNOSTIC,    38, -8.411698096001e-01, 2.098824218843e-04, 1.1275e+00, 6.1150e-03, 
 2DIAGNOSTIC,    39, -8.413409731161e-01, 1.408979729034e-04, 1.1331e+00, 5.5661e-03, 
 2DIAGNOSTIC,    40, -8.419755584866e-01, 1.015229658819e-04, 1.1399e+00, 6.8090e-03, 
 2DIAGNOSTIC,    41, -8.420485942583e-01, 8.494251440667e-05, 1.1454e+00, 5.5161e-03, 
 2DIAGNOSTIC,    42, -8.422137239762e-01, 7.273710522228e-05, 1.1517e+00, 6.2230e-03, 
 2DIAGNOSTIC,    43, -8.428733410670e-01, 6.670303177392e-05, 1.1596e+00, 7.9861e-03, 
 2DIAGNOSTIC,    44, -8.426843409156e-01, 5.858678511482e-05, 1.1658e+00, 6.1340e-03, 
 2DIAGNOSTIC,    45, -8.427641570210e-01, 4.874221848088e-05, 1.1713e+00, 5.4901e-03, 
 2DIAGNOSTIC,    46, -8.428023783843e-01, 3.966325082302e-05, 1.1768e+00, 5.4829e-03, 
 2DIAGNOSTIC,    47, -8.428384849618e-01, 3.110920902221e-05, 1.1835e+00, 6.7430e-03, 
 2DIAGNOSTIC,    48, -8.429222916930e-01, 2.421317336705e-05, 1.1891e+00, 5.5630e-03, 
 2DIAGNOSTIC,    49, -8.426102881959e-01, 1.421097636927e-05, 1.1960e+00, 6.9070e-03, 
 2DIAGNOSTIC,    50, -8.425539222919e-01, 7.702663811126e-06, 1.2021e+00, 6.1791e-03, 
DIAGNOSTIC,Iteration,metricValue,convergenceValue,ITERATION_TIME_INDEX,SINCE_LAST
 2DIAGNOSTIC,     1, -6.904387128120e-01, 1.797693134862e+308, 1.9291e+00, 7.2698e-01, 
 2DIAGNOSTIC,     2, -6.912880867853e-01, 1.797693134862e+308, 1.9682e+00, 3.9028e-02, 
 2DIAGNOSTIC,     3, -6.917531820859e-01, 1.797693134862e+308, 2.0057e+00, 3.7522e-02, 
 2DIAGNOSTIC,     4, -6.919545780865e-01, 1.797693134862e+308, 2.0434e+00, 3.7675e-02, 
 2DIAGNOSTIC,     5, -6.923454032726e-01, 1.797693134862e+308, 2.0812e+00, 3.7880e-02, 
 2DIAGNOSTIC,     6, -6.927453402046e-01, 1.797693134862e+308, 2.1192e+00, 3.7993e-02, 
 2DIAGNOSTIC,     7, -6.933013571247e-01, 1.797693134862e+308, 2.1820e+00, 6.2781e-02, 
 2DIAGNOSTIC,     8, -6.932799592105e-01, 1.797693134862e+308, 2.2207e+00, 3.8703e-02, 
 2DIAGNOSTIC,     9, -6.932879705646e-01, 1.797693134862e+308, 2.2587e+00, 3.7954e-02, 
 2DIAGNOSTIC,    10, -6.933275271029e-01, 2.660030270179e-04, 2.2973e+00, 3.8671e-02, 
 2DIAGNOSTIC,    11, -6.935011427428e-01, 1.914203799197e-04, 2.3369e+00, 3.9547e-02, 
 2DIAGNOSTIC,    12, -6.936437389847e-01, 1.456305165344e-04, 2.4019e+00, 6.5013e-02, 
 2DIAGNOSTIC,    13, -6.936499797904e-01, 1.089385514283e-04, 2.4481e+00, 4.6224e-02, 
 2DIAGNOSTIC,    14, -6.936458276126e-01, 7.380515965168e-05, 2.4917e+00, 4.3553e-02, 
 2DIAGNOSTIC,    15, -6.936376908447e-01, 4.719071211959e-05, 2.5339e+00, 4.2183e-02, 
 2DIAGNOSTIC,    16, -6.936285669210e-01, 2.929674723028e-05, 2.5705e+00, 3.6639e-02, 
 2DIAGNOSTIC,    17, -6.936208314794e-01, 2.418639372268e-05, 2.6079e+00, 3.7427e-02, 
 2DIAGNOSTIC,    18, -6.936267040486e-01, 1.728485986988e-05, 2.6453e+00, 3.7350e-02, 
 2DIAGNOSTIC,    19, -6.936212097899e-01, 9.790838991046e-06, 2.6864e+00, 4.1149e-02, 
 2DIAGNOSTIC,    20, -6.935999437420e-01, 2.609098253115e-06, 2.7257e+00, 3.9296e-02, 
DIAGNOSTIC,Iteration,metricValue,convergenceValue,ITERATION_TIME_INDEX,SINCE_LAST
 2DIAGNOSTIC,     1, -5.885503300158e-01, 1.797693134862e+308, 3.8736e+00, 1.1479e+00, 
 2DIAGNOSTIC,     2, -5.891739584376e-01, 1.797693134862e+308, 4.2348e+00, 3.6118e-01, 
 2DIAGNOSTIC,     3, -5.899307871037e-01, 1.797693134862e+308, 4.5460e+00, 3.1116e-01, 
 2DIAGNOSTIC,     4, -5.908597474191e-01, 1.797693134862e+308, 4.8589e+00, 3.1290e-01, 
 2DIAGNOSTIC,     5, -5.919738946788e-01, 1.797693134862e+308, 5.2174e+00, 3.5857e-01, 
 2DIAGNOSTIC,     6, -5.938035670506e-01, 1.797693134862e+308, 5.6428e+00, 4.2535e-01, 
 2DIAGNOSTIC,     7, -5.938487229749e-01, 1.797693134862e+308, 6.1172e+00, 4.7436e-01, 
 2DIAGNOSTIC,     8, -5.938455192969e-01, 1.797693134862e+308, 6.4635e+00, 3.4635e-01, 
 2DIAGNOSTIC,     9, -5.938446590740e-01, 1.797693134862e+308, 6.9358e+00, 4.7230e-01, 
 2DIAGNOSTIC,    10, -5.938463966834e-01, 6.668286044149e-04, 7.3441e+00, 4.0832e-01, 
 2DIAGNOSTIC,    11, -5.938448820589e-01, 4.858589848601e-04, 7.7310e+00, 3.8691e-01, 
 2DIAGNOSTIC,    12, -5.938452586383e-01, 3.167933334962e-04, 8.0990e+00, 3.6798e-01, 
 2DIAGNOSTIC,    13, -5.938433362362e-01, 1.739126863188e-04, 8.4056e+00, 3.0663e-01, 
 2DIAGNOSTIC,    14, -5.938442434838e-01, 6.746690158924e-05, 8.7537e+00, 3.4807e-01, 
 2DIAGNOSTIC,    15, -5.938440937381e-01, 3.247736276552e-06, 9.0970e+00, 3.4333e-01, 
 2DIAGNOSTIC,    16, -5.938441486486e-01, 1.767947110931e-06, 9.4475e+00, 3.5049e-01, 
 2DIAGNOSTIC,    17, -5.938405118857e-01, 1.657864829634e-06, 9.7915e+00, 3.4394e-01, 
 2DIAGNOSTIC,    18, -5.938401091080e-01, 1.488016128745e-06, 1.0139e+01, 3.4801e-01, 
 2DIAGNOSTIC,    19, -5.938361739136e-01, 1.238699876477e-06, 1.0431e+01, 2.9132e-01, 
 2DIAGNOSTIC,    20, -5.938378345942e-01, 1.138057840140e-06, 1.0738e+01, 3.0706e-01, 
 2DIAGNOSTIC,    21, -5.938376751932e-01, 1.048735535629e-06, 1.1022e+01, 2.8387e-01, 
 2DIAGNOSTIC,    22, -5.938370230527e-01, 1.007152169767e-06, 1.1370e+01, 3.4868e-01, 
