
##########################
# Experiment information #
##########################

EXPERIMENT_NAME: antsRegistration-r8-p15
VFC_BACKENDS: libinterflop_vprec.so --range-binary32=8 --precision-binary32=15 --range-binary64=8 --precision-binary64=15

SIF_IMG: /home/mdugre/projects/rrg-glatard/mdugre/containers/ants-vprec-no_metrics.simg

SUBJECT_ID: s003
INPUT_IMG: /home/mdugre/scratch/mri-registration-rp/datasets/ds004513/derivatives/mri-registration-rp/antsBrainExtraction/sub-s003/BrainExtractionBrain.nii.gz
OUTPUT_DIR: /home/mdugre/scratch/mri-registration-rp/datasets/ds004513/derivatives/mri-registration-rp/0001/antsRegistration-r8-p15/sub-s003

FIXED_IMG: /templateflow/tpl-MNI152NLin2009cAsym/tpl-MNI152NLin2009cAsym_res-01_desc-brain_T1w.nii.gz
DATA_DIR: /home/mdugre/scratch/mri-registration-rp/datasets/ds004513
TEMPLATEFLOW_DIR: /home/mdugre/projects/rrg-glatard/mdugre/templateflow
ITK_GLOBAL_DEFAULT_NUMBER_OF_THREADS: 16
##########################

Info [verificarlo]: loaded backend libinterflop_ieee.so
Info [interflop-ieee]: load backend with:
Info [interflop-ieee]: debug = false
Info [interflop-ieee]: debug-binary = false
Info [interflop-ieee]: no-backend-name = false
Info [interflop-ieee]: print-new-line = false
Info [interflop-ieee]: print-subnormal-normalized = false
Info [interflop-ieee]: count-op = false
All_Command_lines_OK
Using double precision for computations.
=============================================================================
The composite transform comprises the following transforms (in order): 
  1. Center of mass alignment using fixed image: /templateflow/tpl-MNI152NLin2009cAsym/tpl-MNI152NLin2009cAsym_res-01_desc-brain_T1w.nii.gz and moving image: /home/mdugre/scratch/mri-registration-rp/datasets/ds004513/derivatives/mri-registration-rp/antsBrainExtraction/sub-s003/BrainExtractionBrain.nii.gz (type = Euler3DTransform)
=============================================================================
  number of levels = 1
  fixed image: /templateflow/tpl-MNI152NLin2009cAsym/tpl-MNI152NLin2009cAsym_res-01_desc-brain_T1w.nii.gz
  moving image: /home/mdugre/scratch/mri-registration-rp/datasets/ds004513/derivatives/mri-registration-rp/antsBrainExtraction/sub-s003/BrainExtractionBrain.nii.gz
Dimension = 3
Number of stages = 1
Use histogram matching = false
Winsorize image intensities = true
  Lower quantile = 0.005
  Upper quantile = 0.995


Stage 1 State
   Image metric = MattesMI
     Fixed image = Image (0x3833e70)
  RTTI typeinfo:   itk::Image<double, 3u>
  Reference Count: 2
  Modified Time: 2334
  Debug: Off
  Object Name: 
  Observers: 
    none
  Source: (none)
  Source output name: (none)
  Release Data: Off
  Data Released: False
  Global Release Data: Off
  PipelineMTime: 0
  UpdateMTime: 1943
  RealTimeStamp: 0 seconds 
  LargestPossibleRegion: 
    Dimension: 3
    Index: [0, 0, 0]
    Size: [193, 229, 193]
  BufferedRegion: 
    Dimension: 3
    Index: [0, 0, 0]
    Size: [193, 229, 193]
  RequestedRegion: 
    Dimension: 3
    Index: [0, 0, 0]
    Size: [193, 229, 193]
  Spacing: [1, 1, 1]
  Origin: [96, 132, -78]
  Direction: 
-1 0 0
0 -1 0
0 0 1

  IndexToPointMatrix: 
-1 0 0
0 -1 0
0 0 1

  PointToIndexMatrix: 
-1 0 0
0 -1 0
0 0 1

  Inverse Direction: 
-1 0 0
0 -1 0
0 0 1

  PixelContainer: 
    ImportImageContainer (0x3840140)
      RTTI typeinfo:   itk::ImportImageContainer<unsigned long, double>
      Reference Count: 1
      Modified Time: 1940
      Debug: Off
      Object Name: 
      Observers: 
        none
      Pointer: 0x1539e4484010
      Container manages memory: true
      Size: 8530021
      Capacity: 8530021

     Moving image = Image (0x383d310)
  RTTI typeinfo:   itk::Image<double, 3u>
  Reference Count: 2
  Modified Time: 2335
  Debug: Off
  Object Name: 
  Observers: 
    none
  Source: (none)
  Source output name: (none)
  Release Data: Off
  Data Released: False
  Global Release Data: Off
  PipelineMTime: 0
  UpdateMTime: 2332
  RealTimeStamp: 0 seconds 
  LargestPossibleRegion: 
    Dimension: 3
    Index: [0, 0, 0]
    Size: [176, 240, 256]
  BufferedRegion: 
    Dimension: 3
    Index: [0, 0, 0]
    Size: [176, 240, 256]
  RequestedRegion: 
    Dimension: 3
    Index: [0, 0, 0]
    Size: [176, 240, 256]
  Spacing: [0.999999, 1, 1]
  Origin: [93.3499, 86.9368, -128.957]
  Direction: 
-0.999513 -0.0279216 -0.0139567
0.0279189 -0.99961 0.000389866
-0.0139622 2.01492e-08 0.999903

  IndexToPointMatrix: 
-0.999512 -0.0279216 -0.0139567
0.0279189 -0.99961 0.000389866
-0.0139621 2.01492e-08 0.999903

  PointToIndexMatrix: 
-0.999514 0.0279189 -0.0139622
-0.0279216 -0.99961 2.01716e-08
-0.0139567 0.000389866 0.999903

  Inverse Direction: 
-0.999513 0.0279189 -0.0139622
-0.0279216 -0.99961 2.01716e-08
-0.0139567 0.000389866 0.999903

  PixelContainer: 
    ImportImageContainer (0x3968610)
      RTTI typeinfo:   itk::ImportImageContainer<unsigned long, double>
      Reference Count: 1
      Modified Time: 2329
      Debug: Off
      Object Name: 
      Observers: 
        none
      Pointer: 0x1539df203010
      Container manages memory: true
      Size: 10813440
      Capacity: 10813440

     Weighting = 1
     Sampling strategy = regular
     Number of bins = 32
     Radius = 4
     Sampling percentage  = 0.25
   Transform = Rigid
     Gradient step = 0.1
     Update field sigma (voxel space) = 0
     Total field sigma (voxel space) = 0
     Update field time sigma = 0
     Total field time sigma  = 0
     Number of time indices = 0
     Number of time point samples = 0
Registration using 1 total stages.

Stage 0
  iterations = 0
  convergence threshold = 1e-06
  convergence window size = 10
  number of levels = 1
  using the Mattes MI metric (number of bins = 32, weight = 1, use gradient filter = 0)
  preprocessing:  winsorizing the image intensities
  Shrink factors (level 1 out of 1): [1, 1, 1]
  smoothing sigmas per level: [0]
  regular sampling (percentage = 0.25)

*** Running Euler3DTransform registration ***

  Elapsed time (stage 0): 1.16377


Total elapsed time: 1.16632
Info [verificarlo]: loaded backend libinterflop_ieee.so
Info [interflop-ieee]: load backend with:
Info [interflop-ieee]: debug = false
Info [interflop-ieee]: debug-binary = false
Info [interflop-ieee]: no-backend-name = false
Info [interflop-ieee]: print-new-line = false
Info [interflop-ieee]: print-subnormal-normalized = false
Info [interflop-ieee]: count-op = false
All_Command_lines_OK
Using double precision for computations.
=============================================================================
The composite transform comprises the following transforms (in order): 
  1. /home/mdugre/scratch/mri-registration-rp/datasets/ds004513/derivatives/mri-registration-rp/0001/antsRegistration-r8-p15/sub-s003/align_Composite.h5[0] (type = Euler3DTransform)
  2. /home/mdugre/scratch/mri-registration-rp/datasets/ds004513/derivatives/mri-registration-rp/0001/antsRegistration-r8-p15/sub-s003/align_Composite.h5[1] (type = Euler3DTransform)
=============================================================================
  number of levels = 4
  fixed image: /templateflow/tpl-MNI152NLin2009cAsym/tpl-MNI152NLin2009cAsym_res-01_desc-brain_T1w.nii.gz
  moving image: /home/mdugre/scratch/mri-registration-rp/datasets/ds004513/derivatives/mri-registration-rp/antsBrainExtraction/sub-s003/BrainExtractionBrain.nii.gz
Dimension = 3
Number of stages = 1
Use histogram matching = false
Winsorize image intensities = true
  Lower quantile = 0.005
  Upper quantile = 0.995


Stage 1 State
   Image metric = MattesMI
     Fixed image = Image (0x435d530)
  RTTI typeinfo:   itk::Image<double, 3u>
  Reference Count: 2
  Modified Time: 1580
  Debug: Off
  Object Name: 
  Observers: 
    none
  Source: (none)
  Source output name: (none)
  Release Data: Off
  Data Released: False
  Global Release Data: Off
  PipelineMTime: 0
  UpdateMTime: 1189
  RealTimeStamp: 0 seconds 
  LargestPossibleRegion: 
    Dimension: 3
    Index: [0, 0, 0]
    Size: [193, 229, 193]
  BufferedRegion: 
    Dimension: 3
    Index: [0, 0, 0]
    Size: [193, 229, 193]
  RequestedRegion: 
    Dimension: 3
    Index: [0, 0, 0]
    Size: [193, 229, 193]
  Spacing: [1, 1, 1]
  Origin: [96, 132, -78]
  Direction: 
-1 0 0
0 -1 0
0 0 1

  IndexToPointMatrix: 
-1 0 0
0 -1 0
0 0 1

  PointToIndexMatrix: 
-1 0 0
0 -1 0
0 0 1

  Inverse Direction: 
-1 0 0
0 -1 0
0 0 1

  PixelContainer: 
    ImportImageContainer (0x441bd60)
      RTTI typeinfo:   itk::ImportImageContainer<unsigned long, double>
      Reference Count: 1
      Modified Time: 1186
      Debug: Off
      Object Name: 
      Observers: 
        none
      Pointer: 0x14eb12cdc010
      Container manages memory: true
      Size: 8530021
      Capacity: 8530021

     Moving image = Image (0x440df60)
  RTTI typeinfo:   itk::Image<double, 3u>
  Reference Count: 2
  Modified Time: 1581
  Debug: Off
  Object Name: 
  Observers: 
    none
  Source: (none)
  Source output name: (none)
  Release Data: Off
  Data Released: False
  Global Release Data: Off
  PipelineMTime: 0
  UpdateMTime: 1578
  RealTimeStamp: 0 seconds 
  LargestPossibleRegion: 
    Dimension: 3
    Index: [0, 0, 0]
    Size: [176, 240, 256]
  BufferedRegion: 
    Dimension: 3
    Index: [0, 0, 0]
    Size: [176, 240, 256]
  RequestedRegion: 
    Dimension: 3
    Index: [0, 0, 0]
    Size: [176, 240, 256]
  Spacing: [0.999999, 1, 1]
  Origin: [93.3499, 86.9368, -128.957]
  Direction: 
-0.999513 -0.0279216 -0.0139567
0.0279189 -0.99961 0.000389866
-0.0139622 2.01492e-08 0.999903

  IndexToPointMatrix: 
-0.999512 -0.0279216 -0.0139567
0.0279189 -0.99961 0.000389866
-0.0139621 2.01492e-08 0.999903

  PointToIndexMatrix: 
-0.999514 0.0279189 -0.0139622
-0.0279216 -0.99961 2.01716e-08
-0.0139567 0.000389866 0.999903

  Inverse Direction: 
-0.999513 0.0279189 -0.0139622
-0.0279216 -0.99961 2.01716e-08
-0.0139567 0.000389866 0.999903

  PixelContainer: 
    ImportImageContainer (0x43ff6d0)
      RTTI typeinfo:   itk::ImportImageContainer<unsigned long, double>
      Reference Count: 1
      Modified Time: 1575
      Debug: Off
      Object Name: 
      Observers: 
        none
      Pointer: 0x14eb0da5b010
      Container manages memory: true
      Size: 10813440
      Capacity: 10813440

     Weighting = 1
     Sampling strategy = regular
     Number of bins = 32
     Radius = 4
     Sampling percentage  = 0.25
   Transform = Rigid
     Gradient step = 0.1
     Update field sigma (voxel space) = 0
     Total field sigma (voxel space) = 0
     Update field time sigma = 0
     Total field time sigma  = 0
     Number of time indices = 0
     Number of time point samples = 0
Registration using 1 total stages.

Stage 0
  iterations = 1000x500x250x100
  convergence threshold = 1e-06
  convergence window size = 10
  number of levels = 4
  using the Mattes MI metric (number of bins = 32, weight = 1, use gradient filter = 0)
  preprocessing:  winsorizing the image intensities
  Shrink factors (level 1 out of 4): [8, 8, 8]
  Shrink factors (level 2 out of 4): [4, 4, 4]
  Shrink factors (level 3 out of 4): [2, 2, 2]
  Shrink factors (level 4 out of 4): [1, 1, 1]
  smoothing sigmas per level: [3, 2, 1, 0]
  regular sampling (percentage = 0.25)

*** Running Euler3DTransform registration ***

DIAGNOSTIC,Iteration,metricValue,convergenceValue,ITERATION_TIME_INDEX,SINCE_LAST
 2DIAGNOSTIC,     1, -4.871187133941e-01, 1.797693134862e+308, 8.5903e-01, 8.5903e-01, 
 2DIAGNOSTIC,     2, -4.887966556740e-01, 1.797693134862e+308, 8.6396e-01, 4.9391e-03, 
 2DIAGNOSTIC,     3, -4.919242839642e-01, 1.797693134862e+308, 8.6859e-01, 4.6210e-03, 
 2DIAGNOSTIC,     4, -5.019092629522e-01, 1.797693134862e+308, 8.7380e-01, 5.2171e-03, 
 2DIAGNOSTIC,     5, -5.198319788477e-01, 1.797693134862e+308, 8.7905e-01, 5.2500e-03, 
 2DIAGNOSTIC,     6, -5.251449584180e-01, 1.797693134862e+308, 8.8425e-01, 5.1949e-03, 
 2DIAGNOSTIC,     7, -5.365118080768e-01, 1.797693134862e+308, 8.8955e-01, 5.3060e-03, 
 2DIAGNOSTIC,     8, -5.564319077261e-01, 1.797693134862e+308, 8.9765e-01, 8.0929e-03, 
 2DIAGNOSTIC,     9, -5.572786469687e-01, 1.797693134862e+308, 9.0255e-01, 4.9050e-03, 
 2DIAGNOSTIC,    10, -5.597886110608e-01, 1.060089541986e-02, 9.0847e-01, 5.9152e-03, 
 2DIAGNOSTIC,    11, -5.645450860914e-01, 9.471656029002e-03, 9.1404e-01, 5.5759e-03, 
 2DIAGNOSTIC,    12, -5.675342641672e-01, 7.901754414630e-03, 9.1990e-01, 5.8570e-03, 
 2DIAGNOSTIC,    13, -5.685174641935e-01, 6.033280802480e-03, 9.2580e-01, 5.9052e-03, 
 2DIAGNOSTIC,    14, -5.693412095343e-01, 4.302087948773e-03, 9.3301e-01, 7.2010e-03, 
 2DIAGNOSTIC,    15, -5.718972801999e-01, 3.155204981962e-03, 9.4016e-01, 7.1590e-03, 
 2DIAGNOSTIC,    16, -5.734788767073e-01, 2.091398053258e-03, 9.4591e-01, 5.7509e-03, 
 2DIAGNOSTIC,    17, -5.737823402463e-01, 1.310029424177e-03, 9.5361e-01, 7.6919e-03, 
 2DIAGNOSTIC,    18, -5.749452616697e-01, 1.114936190124e-03, 9.5864e-01, 5.0371e-03, 
 2DIAGNOSTIC,    19, -5.774392255378e-01, 9.301256922734e-04, 9.6672e-01, 8.0712e-03, 
 2DIAGNOSTIC,    20, -5.782944999955e-01, 7.612328992208e-04, 9.7275e-01, 6.0329e-03, 
 2DIAGNOSTIC,    21, -5.788863756022e-01, 6.687985511685e-04, 9.7835e-01, 5.6040e-03, 
 2DIAGNOSTIC,    22, -5.857337701424e-01, 7.546209591690e-04, 9.8438e-01, 6.0258e-03, 
 2DIAGNOSTIC,    23, -6.028589199570e-01, 1.162232403249e-03, 9.9059e-01, 6.2110e-03, 
 2DIAGNOSTIC,    24, -6.086613862034e-01, 1.554691292881e-03, 9.9794e-01, 7.3481e-03, 
 2DIAGNOSTIC,    25, -6.127624333479e-01, 1.904928952900e-03, 1.0039e+00, 6.0129e-03, 
 2DIAGNOSTIC,    26, -6.171330105365e-01, 2.167612504850e-03, 1.0095e+00, 5.5902e-03, 
 2DIAGNOSTIC,    27, -6.180829707201e-01, 2.226134288726e-03, 1.0147e+00, 5.1281e-03, 
 2DIAGNOSTIC,    28, -6.204355233010e-01, 2.128618148555e-03, 1.0204e+00, 5.7180e-03, 
 2DIAGNOSTIC,    29, -6.216541967811e-01, 1.901236686313e-03, 1.0255e+00, 5.1620e-03, 
 2DIAGNOSTIC,    30, -6.252686909915e-01, 1.589741195191e-03, 1.0318e+00, 6.2032e-03, 
 2DIAGNOSTIC,    31, -6.305777951425e-01, 1.244382184200e-03, 1.0372e+00, 5.4631e-03, 
 2DIAGNOSTIC,    32, -6.437129911629e-01, 1.107477331971e-03, 1.0438e+00, 6.5720e-03, 
 2DIAGNOSTIC,    33, -6.470244247244e-01, 1.176368000772e-03, 1.0489e+00, 5.1408e-03, 
 2DIAGNOSTIC,    34, -6.489200198427e-01, 1.241858821187e-03, 1.0575e+00, 8.5740e-03, 
 2DIAGNOSTIC,    35, -6.509315509609e-01, 1.271855521257e-03, 1.0629e+00, 5.4471e-03, 
 2DIAGNOSTIC,    36, -6.520060008108e-01, 1.251971183063e-03, 1.0680e+00, 5.0910e-03, 
 2DIAGNOSTIC,    37, -6.528676829537e-01, 1.135514645328e-03, 1.0729e+00, 4.8928e-03, 
 2DIAGNOSTIC,    38, -6.532420979905e-01, 9.531099683072e-04, 1.0780e+00, 5.0209e-03, 
 2DIAGNOSTIC,    39, -6.541805810235e-01, 7.191657243413e-04, 1.0850e+00, 7.0100e-03, 
 2DIAGNOSTIC,    40, -6.542191640325e-01, 4.741474630223e-04, 1.0901e+00, 5.1730e-03, 
 2DIAGNOSTIC,    41, -6.546681303328e-01, 2.612860070013e-04, 1.0954e+00, 5.2831e-03, 
 2DIAGNOSTIC,    42, -6.552119530910e-01, 1.907508264939e-04, 1.1023e+00, 6.8531e-03, 
 2DIAGNOSTIC,    43, -6.553188142524e-01, 1.434655770787e-04, 1.1077e+00, 5.4450e-03, 
 2DIAGNOSTIC,    44, -6.554473434725e-01, 1.065458824485e-04, 1.1126e+00, 4.8709e-03, 
 2DIAGNOSTIC,    45, -6.554226861589e-01, 8.226660758317e-05, 1.1174e+00, 4.8141e-03, 
 2DIAGNOSTIC,    46, -6.555901394263e-01, 6.411109264561e-05, 1.1229e+00, 5.5139e-03, 
 2DIAGNOSTIC,    47, -6.557534612415e-01, 5.098103142816e-05, 1.1286e+00, 5.6810e-03, 
 2DIAGNOSTIC,    48, -6.557042593547e-01, 3.659860649044e-05, 1.1343e+00, 5.7030e-03, 
 2DIAGNOSTIC,    49, -6.557456738157e-01, 2.905416312954e-05, 1.1398e+00, 5.4519e-03, 
 2DIAGNOSTIC,    50, -6.556018412296e-01, 1.809068803284e-05, 1.1448e+00, 5.0058e-03, 
 2DIAGNOSTIC,    51, -6.556329337122e-01, 1.026021227407e-05, 1.1496e+00, 4.8730e-03, 
 2DIAGNOSTIC,    52, -6.557691735590e-01, 7.932690023991e-06, 1.1545e+00, 4.8599e-03, 
 2DIAGNOSTIC,    53, -6.559340456266e-01, 7.351338401716e-06, 1.1601e+00, 5.6510e-03, 
 2DIAGNOSTIC,    54, -6.560737618021e-01, 8.507095702482e-06, 1.1692e+00, 9.1000e-03, 
 2DIAGNOSTIC,    55, -6.561096104466e-01, 8.947302763247e-06, 1.1748e+00, 5.5468e-03, 
 2DIAGNOSTIC,    56, -6.560483173426e-01, 9.444667821868e-06, 1.1806e+00, 5.7890e-03, 
 2DIAGNOSTIC,    57, -6.559687300115e-01, 9.770332883088e-06, 1.1856e+00, 5.0528e-03, 
 2DIAGNOSTIC,    58, -6.558023627070e-01, 7.436403005063e-06, 1.1904e+00, 4.7810e-03, 
 2DIAGNOSTIC,    59, -6.558103716694e-01, 4.971160644164e-06, 1.1953e+00, 4.8728e-03, 
 2DIAGNOSTIC,    60, -6.559062341346e-01, 1.792493789878e-06, 1.2008e+00, 5.5070e-03, 
DIAGNOSTIC,Iteration,metricValue,convergenceValue,ITERATION_TIME_INDEX,SINCE_LAST
 2DIAGNOSTIC,     1, -5.250488143697e-01, 1.797693134862e+308, 1.9922e+00, 7.9142e-01, 
 2DIAGNOSTIC,     2, -5.257071712875e-01, 1.797693134862e+308, 2.0223e+00, 3.0064e-02, 
 2DIAGNOSTIC,     3, -5.264629086261e-01, 1.797693134862e+308, 2.0535e+00, 3.1218e-02, 
 2DIAGNOSTIC,     4, -5.272946499334e-01, 1.797693134862e+308, 2.0841e+00, 3.0593e-02, 
 2DIAGNOSTIC,     5, -5.278344549344e-01, 1.797693134862e+308, 2.1140e+00, 2.9942e-02, 
 2DIAGNOSTIC,     6, -5.281555975505e-01, 1.797693134862e+308, 2.1444e+00, 3.0390e-02, 
 2DIAGNOSTIC,     7, -5.292621450967e-01, 1.797693134862e+308, 2.1759e+00, 3.1503e-02, 
 2DIAGNOSTIC,     8, -5.321008951054e-01, 1.797693134862e+308, 2.2183e+00, 4.2423e-02, 
 2DIAGNOSTIC,     9, -5.328257281109e-01, 1.797693134862e+308, 2.2494e+00, 3.1032e-02, 
 2DIAGNOSTIC,    10, -5.333831953697e-01, 1.050329029646e-03, 2.2902e+00, 4.0786e-02, 
 2DIAGNOSTIC,    11, -5.335781448120e-01, 9.780403637910e-04, 2.3236e+00, 3.3473e-02, 
 2DIAGNOSTIC,    12, -5.336650182283e-01, 8.629166775686e-04, 2.3575e+00, 3.3867e-02, 
 2DIAGNOSTIC,    13, -5.337035477406e-01, 7.183770212025e-04, 2.3907e+00, 3.3185e-02, 
 2DIAGNOSTIC,    14, -5.337634019487e-01, 5.631731144032e-04, 2.4202e+00, 2.9487e-02, 
 2DIAGNOSTIC,    15, -5.338988013374e-01, 4.030697522535e-04, 2.4519e+00, 3.1692e-02, 
 2DIAGNOSTIC,    16, -5.344479743334e-01, 2.556687084022e-04, 2.4904e+00, 3.8568e-02, 
 2DIAGNOSTIC,    17, -5.344795784033e-01, 1.357317763488e-04, 2.5216e+00, 3.1129e-02, 
 2DIAGNOSTIC,    18, -5.346571406433e-01, 1.063903437479e-04, 2.5705e+00, 4.8894e-02, 
 2DIAGNOSTIC,    19, -5.347895320493e-01, 9.432779550533e-05, 2.6036e+00, 3.3187e-02, 
 2DIAGNOSTIC,    20, -5.348756333281e-01, 9.182188767630e-05, 2.6352e+00, 3.1543e-02, 
 2DIAGNOSTIC,    21, -5.349880125067e-01, 8.874922431527e-05, 2.6731e+00, 3.7919e-02, 
 2DIAGNOSTIC,    22, -5.351265974296e-01, 8.325586554189e-05, 2.7170e+00, 4.3893e-02, 
 2DIAGNOSTIC,    23, -5.352340341248e-01, 7.407565385456e-05, 2.7487e+00, 3.1730e-02, 
 2DIAGNOSTIC,    24, -5.352748619995e-01, 6.110394362151e-05, 2.7810e+00, 3.2246e-02, 
 2DIAGNOSTIC,    25, -5.353592609826e-01, 4.799289880843e-05, 2.8210e+00, 4.0005e-02, 
 2DIAGNOSTIC,    26, -5.354744743974e-01, 4.515518509524e-05, 2.8532e+00, 3.2253e-02, 
 2DIAGNOSTIC,    27, -5.355012649485e-01, 3.941085733136e-05, 2.8892e+00, 3.5966e-02, 
 2DIAGNOSTIC,    28, -5.355266853532e-01, 3.431577641656e-05, 2.9267e+00, 3.7462e-02, 
 2DIAGNOSTIC,    29, -5.355245085752e-01, 2.885949766363e-05, 2.9580e+00, 3.1320e-02, 
 2DIAGNOSTIC,    30, -5.355235215661e-01, 2.264035681251e-05, 2.9884e+00, 3.0365e-02, 
 2DIAGNOSTIC,    31, -5.356940516544e-01, 1.958158583194e-05, 3.0230e+00, 3.4600e-02, 
 2DIAGNOSTIC,    32, -5.357571495831e-01, 1.819969163066e-05, 3.0564e+00, 3.3433e-02, 
 2DIAGNOSTIC,    33, -5.357826110963e-01, 1.744114930625e-05, 3.0899e+00, 3.3547e-02, 
 2DIAGNOSTIC,    34, -5.358172917328e-01, 1.638158415746e-05, 3.1236e+00, 3.3666e-02, 
 2DIAGNOSTIC,    35, -5.358225905192e-01, 1.523856612577e-05, 3.1612e+00, 3.7632e-02, 
 2DIAGNOSTIC,    36, -5.358763820940e-01, 1.525579190734e-05, 3.1930e+00, 3.1815e-02, 
 2DIAGNOSTIC,    37, -5.359329465835e-01, 1.505509579422e-05, 3.2211e+00, 2.8099e-02, 
 2DIAGNOSTIC,    38, -5.360630222379e-01, 1.570979086659e-05, 3.2572e+00, 3.6090e-02, 
 2DIAGNOSTIC,    39, -5.364157908971e-01, 1.970575981652e-05, 3.3193e+00, 6.2078e-02, 
 2DIAGNOSTIC,    40, -5.364243557735e-01, 2.164455876654e-05, 3.3575e+00, 3.8174e-02, 
 2DIAGNOSTIC,    41, -5.364306524471e-01, 2.384879602059e-05, 3.3900e+00, 3.2518e-02, 
 2DIAGNOSTIC,    42, -5.364412554574e-01, 2.472766051501e-05, 3.4198e+00, 2.9766e-02, 
 2DIAGNOSTIC,    43, -5.364483710031e-01, 2.363132433054e-05, 3.4518e+00, 3.2020e-02, 
 2DIAGNOSTIC,    44, -5.364558497770e-01, 2.084673110744e-05, 3.4883e+00, 3.6517e-02, 
 2DIAGNOSTIC,    45, -5.364516606338e-01, 1.627326236948e-05, 3.5181e+00, 2.9750e-02, 
 2DIAGNOSTIC,    46, -5.364418481026e-01, 1.098708993898e-05, 3.5522e+00, 3.4108e-02, 
 2DIAGNOSTIC,    47, -5.364468652512e-01, 5.647898962340e-06, 3.5865e+00, 3.4301e-02, 
 2DIAGNOSTIC,    48, -5.364419345085e-01, 1.328243574641e-06, 3.6258e+00, 3.9364e-02, 
DIAGNOSTIC,Iteration,metricValue,convergenceValue,ITERATION_TIME_INDEX,SINCE_LAST
 2DIAGNOSTIC,     1, -4.760989766696e-01, 1.797693134862e+308, 4.8111e+00, 1.1852e+00, 
 2DIAGNOSTIC,     2, -4.762609695194e-01, 1.797693134862e+308, 5.0727e+00, 2.6165e-01, 
 2DIAGNOSTIC,     3, -4.764903532614e-01, 1.797693134862e+308, 5.3358e+00, 2.6310e-01, 
 2DIAGNOSTIC,     4, -4.767018262992e-01, 1.797693134862e+308, 5.6642e+00, 3.2839e-01, 
 2DIAGNOSTIC,     5, -4.767304724070e-01, 1.797693134862e+308, 5.9496e+00, 2.8545e-01, 
 2DIAGNOSTIC,     6, -4.767312742381e-01, 1.797693134862e+308, 6.3232e+00, 3.7354e-01, 
 2DIAGNOSTIC,     7, -4.767332243588e-01, 1.797693134862e+308, 6.6396e+00, 3.1642e-01, 
 2DIAGNOSTIC,     8, -4.767337624197e-01, 1.797693134862e+308, 6.8864e+00, 2.4680e-01, 
 2DIAGNOSTIC,     9, -4.767389240370e-01, 1.797693134862e+308, 7.1685e+00, 2.8214e-01, 
 2DIAGNOSTIC,    10, -4.767505744434e-01, 7.801124969962e-05, 7.4453e+00, 2.7674e-01, 
 2DIAGNOSTIC,    11, -4.767779710008e-01, 4.475456728950e-05, 7.7520e+00, 3.0675e-01, 
 2DIAGNOSTIC,    12, -4.768490315243e-01, 2.466264043215e-05, 8.0719e+00, 3.1983e-01, 
 2DIAGNOSTIC,    13, -4.769932048417e-01, 2.247602322727e-05, 8.3309e+00, 2.5903e-01, 
 2DIAGNOSTIC,    14, -4.772766644347e-01, 3.969964371729e-05, 8.5825e+00, 2.5165e-01, 
 2DIAGNOSTIC,    15, -4.779108801661e-01, 7.732470518347e-05, 8.9508e+00, 3.6825e-01, 
 2DIAGNOSTIC,    16, -4.780529378545e-01, 1.081721125304e-04, 9.2332e+00, 2.8242e-01, 
 2DIAGNOSTIC,    17, -4.781743882641e-01, 1.301626501616e-04, 9.5039e+00, 2.7070e-01, 
 2DIAGNOSTIC,    18, -4.784882441170e-01, 1.484287468637e-04, 1.0002e+01, 4.9788e-01, 
 2DIAGNOSTIC,    19, -4.785174612662e-01, 1.518872376415e-04, 1.0338e+01, 3.3665e-01, 
 2DIAGNOSTIC,    20, -4.785126530418e-01, 1.410993488708e-04, 1.0624e+01, 2.8578e-01, 
 2DIAGNOSTIC,    21, -4.785519160857e-01, 1.203703333371e-04, 1.0899e+01, 2.7433e-01, 
 2DIAGNOSTIC,    22, -4.786115333537e-01, 9.411097596330e-05, 1.1174e+01, 2.7563e-01, 
 2DIAGNOSTIC,    23, -4.786927776714e-01, 6.716892393407e-05, 1.1455e+01, 2.8111e-01, 
 2DIAGNOSTIC,    24, -4.788768651369e-01, 4.748405186095e-05, 1.2170e+01, 7.1424e-01, 
 2DIAGNOSTIC,    25, -4.788764278622e-01, 4.011124007767e-05, 1.2457e+01, 2.8720e-01, 
 2DIAGNOSTIC,    26, -4.788759751424e-01, 3.297568118883e-05, 1.2765e+01, 3.0793e-01, 
 2DIAGNOSTIC,    27, -4.788753324557e-01, 2.588436097314e-05, 1.3009e+01, 2.4478e-01, 
 2DIAGNOSTIC,    28, -4.788732132514e-01, 2.354196853665e-05, 1.3272e+01, 2.6274e-01, 
 2DIAGNOSTIC,    29, -4.788728212817e-01, 1.980082717946e-05, 1.3573e+01, 3.0053e-01, 
 2DIAGNOSTIC,    30, -4.788733632424e-01, 1.446111841526e-05, 1.3843e+01, 2.7004e-01, 
 2DIAGNOSTIC,    31, -4.788728982381e-01, 8.985854238641e-06, 1.4125e+01, 2.8238e-01, 
 2DIAGNOSTIC,    32, -4.788724860116e-01, 4.198606471058e-06, 1.4358e+01, 2.3277e-01, 
DIAGNOSTIC,Iteration,metricValue,convergenceValue,ITERATION_TIME_INDEX,SINCE_LAST
 2DIAGNOSTIC,     1, -4.453477919408e-01, 1.797693134862e+308, 1.7397e+01, 3.0388e+00, 
 2DIAGNOSTIC,     2, -4.453967923426e-01, 1.797693134862e+308, 1.9775e+01, 2.3786e+00, 
 2DIAGNOSTIC,     3, -4.454014503322e-01, 1.797693134862e+308, 2.1795e+01, 2.0201e+00, 
 2DIAGNOSTIC,     4, -4.454007201300e-01, 1.797693134862e+308, 2.3641e+01, 1.8454e+00, 
 2DIAGNOSTIC,     5, -4.454003940711e-01, 1.797693134862e+308, 2.5305e+01, 1.6639e+00, 
 2DIAGNOSTIC,     6, -4.454005966346e-01, 1.797693134862e+308, 2.7027e+01, 1.7224e+00, 
 2DIAGNOSTIC,     7, -4.454006338148e-01, 1.797693134862e+308, 2.9933e+01, 2.9056e+00, 
 2DIAGNOSTIC,     8, -4.454007307033e-01, 1.797693134862e+308, 3.1925e+01, 1.9918e+00, 
 2DIAGNOSTIC,     9, -4.454006552416e-01, 1.797693134862e+308, 3.3501e+01, 1.5761e+00, 
 2DIAGNOSTIC,    10, -4.454006674485e-01, 6.737696285244e-06, 3.4940e+01, 1.4396e+00, 
 2DIAGNOSTIC,    11, -4.454005706638e-01, 3.078180252372e-06, 3.6875e+01, 1.9350e+00, 
 2DIAGNOSTIC,    12, -4.454004609865e-01, 2.603819001801e-06, 3.8477e+01, 1.6021e+00, 
 2DIAGNOSTIC,    13, -4.454004520878e-01, 2.435915892149e-06, 4.0435e+01, 1.9580e+00, 
 2DIAGNOSTIC,    14, -4.454002960369e-01, 2.253090266260e-06, 4.2181e+01, 1.7459e+00, 
 2DIAGNOSTIC,    15, -4.454002226241e-01, 2.079355930967e-06, 4.3678e+01, 1.4964e+00, 
 2DIAGNOSTIC,    16, -4.454001591554e-01, 1.936713026160e-06, 4.5248e+01, 1.5703e+00, 
 2DIAGNOSTIC,    17, -4.454001748773e-01, 1.817464194413e-06, 4.6699e+01, 1.4516e+00, 
 2DIAGNOSTIC,    18, -4.454001135208e-01, 1.717669087041e-06, 4.8190e+01, 1.4905e+00, 
 2DIAGNOSTIC,    19, -4.454001581486e-01, 1.631954044998e-06, 4.9693e+01, 1.5034e+00, 
 2DIAGNOSTIC,    20, -4.454000575969e-01, 1.555970722218e-06, 5.1287e+01, 1.5934e+00, 
 2DIAGNOSTIC,    21, -4.454000585930e-01, 1.487657834524e-06, 5.2707e+01, 1.4199e+00, 
 2DIAGNOSTIC,    22, -4.453999449868e-01, 1.421519369584e-06, 5.4276e+01, 1.5689e+00, 
 2DIAGNOSTIC,    23, -4.453999529271e-01, 1.363526072003e-06, 5.5874e+01, 1.5987e+00, 
 2DIAGNOSTIC,    24, -4.453999265569e-01, 1.307341945631e-06, 5.7675e+01, 1.8009e+00, 
 2DIAGNOSTIC,    25, -4.453999510668e-01, 1.256140914077e-06, 5.9279e+01, 1.6040e+00, 
 2DIAGNOSTIC,    26, -4.453998847935e-01, 1.207209943510e-06, 6.0703e+01, 1.4235e+00, 
 2DIAGNOSTIC,    27, -4.453998333529e-01, 1.162691983907e-06, 6.2285e+01, 1.5821e+00, 
 2DIAGNOSTIC,    28, -4.453998767409e-01, 1.122379299272e-06, 6.3694e+01, 1.4089e+00, 
 2DIAGNOSTIC,    29, -4.453998618906e-01, 1.086760611627e-06, 6.5254e+01, 1.5604e+00, 
 2DIAGNOSTIC,    30, -4.453997597311e-01, 1.050137374455e-06, 6.6948e+01, 1.6937e+00, 
 2DIAGNOSTIC,    31, -4.453997451402e-01, 1.016718627254e-06, 6.8422e+01, 1.4749e+00, 
  Elapsed time (stage 0): 6.9389e+01


Total elapsed time: 6.9392e+01
Info [verificarlo]: loaded backend libinterflop_ieee.so
Info [interflop-ieee]: load backend with:
Info [interflop-ieee]: debug = false
Info [interflop-ieee]: debug-binary = false
Info [interflop-ieee]: no-backend-name = false
Info [interflop-ieee]: print-new-line = false
Info [interflop-ieee]: print-subnormal-normalized = false
Info [interflop-ieee]: count-op = false
All_Command_lines_OK
Using double precision for computations.
=============================================================================
The composite transform comprises the following transforms (in order): 
  1. /home/mdugre/scratch/mri-registration-rp/datasets/ds004513/derivatives/mri-registration-rp/0001/antsRegistration-r8-p15/sub-s003/rigid_Composite.h5[0] (type = Euler3DTransform)
  2. /home/mdugre/scratch/mri-registration-rp/datasets/ds004513/derivatives/mri-registration-rp/0001/antsRegistration-r8-p15/sub-s003/rigid_Composite.h5[1] (type = Euler3DTransform)
  3. /home/mdugre/scratch/mri-registration-rp/datasets/ds004513/derivatives/mri-registration-rp/0001/antsRegistration-r8-p15/sub-s003/rigid_Composite.h5[2] (type = Euler3DTransform)
=============================================================================
  number of levels = 4
  fixed image: /templateflow/tpl-MNI152NLin2009cAsym/tpl-MNI152NLin2009cAsym_res-01_desc-brain_T1w.nii.gz
  moving image: /home/mdugre/scratch/mri-registration-rp/datasets/ds004513/derivatives/mri-registration-rp/antsBrainExtraction/sub-s003/BrainExtractionBrain.nii.gz
Dimension = 3
Number of stages = 1
Use histogram matching = false
Winsorize image intensities = true
  Lower quantile = 0.005
  Upper quantile = 0.995


Stage 1 State
   Image metric = MattesMI
     Fixed image = Image (0x51d37e0)
  RTTI typeinfo:   itk::Image<double, 3u>
  Reference Count: 2
  Modified Time: 1594
  Debug: Off
  Object Name: 
  Observers: 
    none
  Source: (none)
  Source output name: (none)
  Release Data: Off
  Data Released: False
  Global Release Data: Off
  PipelineMTime: 0
  UpdateMTime: 1203
  RealTimeStamp: 0 seconds 
  LargestPossibleRegion: 
    Dimension: 3
    Index: [0, 0, 0]
    Size: [193, 229, 193]
  BufferedRegion: 
    Dimension: 3
    Index: [0, 0, 0]
    Size: [193, 229, 193]
  RequestedRegion: 
    Dimension: 3
    Index: [0, 0, 0]
    Size: [193, 229, 193]
  Spacing: [1, 1, 1]
  Origin: [96, 132, -78]
  Direction: 
-1 0 0
0 -1 0
0 0 1

  IndexToPointMatrix: 
-1 0 0
0 -1 0
0 0 1

  PointToIndexMatrix: 
-1 0 0
0 -1 0
0 0 1

  Inverse Direction: 
-1 0 0
0 -1 0
0 0 1

  PixelContainer: 
    ImportImageContainer (0x5293a20)
      RTTI typeinfo:   itk::ImportImageContainer<unsigned long, double>
      Reference Count: 1
      Modified Time: 1200
      Debug: Off
      Object Name: 
      Observers: 
        none
      Pointer: 0x149c67202010
      Container manages memory: true
      Size: 8530021
      Capacity: 8530021

     Moving image = Image (0x528ed70)
  RTTI typeinfo:   itk::Image<double, 3u>
  Reference Count: 2
  Modified Time: 1595
  Debug: Off
  Object Name: 
  Observers: 
    none
  Source: (none)
  Source output name: (none)
  Release Data: Off
  Data Released: False
  Global Release Data: Off
  PipelineMTime: 0
  UpdateMTime: 1592
  RealTimeStamp: 0 seconds 
  LargestPossibleRegion: 
    Dimension: 3
    Index: [0, 0, 0]
    Size: [176, 240, 256]
  BufferedRegion: 
    Dimension: 3
    Index: [0, 0, 0]
    Size: [176, 240, 256]
  RequestedRegion: 
    Dimension: 3
    Index: [0, 0, 0]
    Size: [176, 240, 256]
  Spacing: [0.999999, 1, 1]
  Origin: [93.3499, 86.9368, -128.957]
  Direction: 
-0.999513 -0.0279216 -0.0139567
0.0279189 -0.99961 0.000389866
-0.0139622 2.01492e-08 0.999903

  IndexToPointMatrix: 
-0.999512 -0.0279216 -0.0139567
0.0279189 -0.99961 0.000389866
-0.0139621 2.01492e-08 0.999903

  PointToIndexMatrix: 
-0.999514 0.0279189 -0.0139622
-0.0279216 -0.99961 2.01716e-08
-0.0139567 0.000389866 0.999903

  Inverse Direction: 
-0.999513 0.0279189 -0.0139622
-0.0279216 -0.99961 2.01716e-08
-0.0139567 0.000389866 0.999903

  PixelContainer: 
    ImportImageContainer (0x5246c90)
      RTTI typeinfo:   itk::ImportImageContainer<unsigned long, double>
      Reference Count: 1
      Modified Time: 1589
      Debug: Off
      Object Name: 
      Observers: 
        none
      Pointer: 0x149c61f81010
      Container manages memory: true
      Size: 10813440
      Capacity: 10813440

     Weighting = 1
     Sampling strategy = regular
     Number of bins = 32
     Radius = 4
     Sampling percentage  = 0.25
   Transform = Affine
     Gradient step = 0.1
     Update field sigma (voxel space) = 0
     Total field sigma (voxel space) = 0
     Update field time sigma = 0
     Total field time sigma  = 0
     Number of time indices = 0
     Number of time point samples = 0
Registration using 1 total stages.

Stage 0
  iterations = 1000x500x250x100
  convergence threshold = 1e-06
  convergence window size = 10
  number of levels = 4
  using the Mattes MI metric (number of bins = 32, weight = 1, use gradient filter = 0)
  preprocessing:  winsorizing the image intensities
  Shrink factors (level 1 out of 4): [8, 8, 8]
  Shrink factors (level 2 out of 4): [4, 4, 4]
  Shrink factors (level 3 out of 4): [2, 2, 2]
  Shrink factors (level 4 out of 4): [1, 1, 1]
  smoothing sigmas per level: [3, 2, 1, 0]
  regular sampling (percentage = 0.25)

*** Running AffineTransform registration ***

DIAGNOSTIC,Iteration,metricValue,convergenceValue,ITERATION_TIME_INDEX,SINCE_LAST
 2DIAGNOSTIC,     1, -6.606077138427e-01, 1.797693134862e+308, 9.8313e-01, 9.8313e-01, 
 2DIAGNOSTIC,     2, -6.631192903663e-01, 1.797693134862e+308, 9.8880e-01, 5.6660e-03, 
 2DIAGNOSTIC,     3, -6.669464693377e-01, 1.797693134862e+308, 9.9399e-01, 5.1911e-03, 
 2DIAGNOSTIC,     4, -6.728801693576e-01, 1.797693134862e+308, 9.9927e-01, 5.2769e-03, 
 2DIAGNOSTIC,     5, -6.807836896407e-01, 1.797693134862e+308, 1.0043e+00, 5.0828e-03, 
 2DIAGNOSTIC,     6, -6.935006283940e-01, 1.797693134862e+308, 1.0095e+00, 5.1880e-03, 
 2DIAGNOSTIC,     7, -7.139953958522e-01, 1.797693134862e+308, 1.0179e+00, 8.4100e-03, 
 2DIAGNOSTIC,     8, -7.192037746378e-01, 1.797693134862e+308, 1.0241e+00, 6.1700e-03, 
 2DIAGNOSTIC,     9, -7.201897511347e-01, 1.797693134862e+308, 1.0305e+00, 6.4061e-03, 
 2DIAGNOSTIC,    10, -7.207191054360e-01, 6.909260006611e-03, 1.0378e+00, 7.2300e-03, 
 2DIAGNOSTIC,    11, -7.205497483444e-01, 5.921572858735e-03, 1.0437e+00, 5.9249e-03, 
 2DIAGNOSTIC,    12, -7.204047541200e-01, 4.645861307489e-03, 1.0497e+00, 6.0320e-03, 
 2DIAGNOSTIC,    13, -7.204203945631e-01, 3.274193065548e-03, 1.0566e+00, 6.8481e-03, 
 2DIAGNOSTIC,    14, -7.204046421568e-01, 1.985904083126e-03, 1.0634e+00, 6.7999e-03, 
 2DIAGNOSTIC,    15, -7.203585775481e-01, 9.045755603986e-04, 1.0688e+00, 5.4200e-03, 
 2DIAGNOSTIC,    16, -7.203484175867e-01, 1.879636494860e-04, 1.0749e+00, 6.0852e-03, 
 2DIAGNOSTIC,    17, -7.203058095185e-01, 2.384354459795e-05, 1.0810e+00, 6.1221e-03, 
DIAGNOSTIC,Iteration,metricValue,convergenceValue,ITERATION_TIME_INDEX,SINCE_LAST
 2DIAGNOSTIC,     1, -5.940217533916e-01, 1.797693134862e+308, 1.9199e+00, 8.3888e-01, 
 2DIAGNOSTIC,     2, -5.942501710635e-01, 1.797693134862e+308, 1.9706e+00, 5.0740e-02, 
 2DIAGNOSTIC,     3, -5.944418371391e-01, 1.797693134862e+308, 2.0142e+00, 4.3629e-02, 
 2DIAGNOSTIC,     4, -5.944682601904e-01, 1.797693134862e+308, 2.0548e+00, 4.0596e-02, 
 2DIAGNOSTIC,     5, -5.945012540452e-01, 1.797693134862e+308, 2.1109e+00, 5.6032e-02, 
 2DIAGNOSTIC,     6, -5.945011917495e-01, 1.797693134862e+308, 2.1551e+00, 4.4245e-02, 
 2DIAGNOSTIC,     7, -5.945299100928e-01, 1.797693134862e+308, 2.1966e+00, 4.1527e-02, 
 2DIAGNOSTIC,     8, -5.945615450838e-01, 1.797693134862e+308, 2.2360e+00, 3.9388e-02, 
 2DIAGNOSTIC,     9, -5.947408366825e-01, 1.797693134862e+308, 2.2793e+00, 4.3234e-02, 
 2DIAGNOSTIC,    10, -5.949481888299e-01, 7.335494769198e-05, 2.3221e+00, 4.2892e-02, 
 2DIAGNOSTIC,    11, -5.951821500966e-01, 7.236074997674e-05, 2.3631e+00, 4.0920e-02, 
 2DIAGNOSTIC,    12, -5.960577082514e-01, 1.090028624320e-04, 2.4011e+00, 3.8080e-02, 
 2DIAGNOSTIC,    13, -5.979230439466e-01, 2.051965189882e-04, 2.4438e+00, 4.2668e-02, 
 2DIAGNOSTIC,    14, -6.003944396799e-01, 3.527895578158e-04, 2.4959e+00, 5.2047e-02, 
 2DIAGNOSTIC,    15, -6.006492427972e-01, 4.564945215508e-04, 2.5412e+00, 4.5363e-02, 
 2DIAGNOSTIC,    16, -6.008330352629e-01, 5.123678049490e-04, 2.5897e+00, 4.8515e-02, 
 2DIAGNOSTIC,    17, -6.012159338995e-01, 5.267376774371e-04, 2.6304e+00, 4.0663e-02, 
 2DIAGNOSTIC,    18, -6.012941327612e-01, 4.926810933376e-04, 2.6840e+00, 5.3631e-02, 
 2DIAGNOSTIC,    19, -6.013368063116e-01, 4.214960585022e-04, 2.7294e+00, 4.5321e-02, 
 2DIAGNOSTIC,    20, -6.013901981994e-01, 3.253067415655e-04, 2.7740e+00, 4.4605e-02, 
 2DIAGNOSTIC,    21, -6.014314094912e-01, 2.151663606029e-04, 2.8176e+00, 4.3670e-02, 
 2DIAGNOSTIC,    22, -6.015068285709e-01, 1.151460445868e-04, 2.8557e+00, 3.8109e-02, 
 2DIAGNOSTIC,    23, -6.016158519758e-01, 5.265067367859e-05, 2.8933e+00, 3.7529e-02, 
 2DIAGNOSTIC,    24, -6.018081614184e-01, 4.332619238174e-05, 2.9424e+00, 4.9094e-02, 
 2DIAGNOSTIC,    25, -6.021491491881e-01, 4.206841951494e-05, 3.0012e+00, 5.8841e-02, 
 2DIAGNOSTIC,    26, -6.023266617003e-01, 4.337935475585e-05, 3.0387e+00, 3.7511e-02, 
 2DIAGNOSTIC,    27, -6.024147770583e-01, 4.890061116556e-05, 3.0769e+00, 3.8187e-02, 
 2DIAGNOSTIC,    28, -6.024900364157e-01, 5.216899498520e-05, 3.1195e+00, 4.2554e-02, 
 2DIAGNOSTIC,    29, -6.027082866854e-01, 5.461555159314e-05, 3.1701e+00, 5.0631e-02, 
 2DIAGNOSTIC,    30, -6.035595353378e-01, 6.599843296356e-05, 3.2141e+00, 4.3977e-02, 
 2DIAGNOSTIC,    31, -6.040452865985e-01, 7.821147862097e-05, 3.2796e+00, 6.5545e-02, 
 2DIAGNOSTIC,    32, -6.041591859469e-01, 8.518278080574e-05, 3.3214e+00, 4.1800e-02, 
 2DIAGNOSTIC,    33, -6.046381408382e-01, 9.241653949076e-05, 3.3653e+00, 4.3845e-02, 
 2DIAGNOSTIC,    34, -6.050103593149e-01, 9.816417567965e-05, 3.4104e+00, 4.5143e-02, 
 2DIAGNOSTIC,    35, -6.051665951051e-01, 1.007687304548e-04, 3.4738e+00, 6.3395e-02, 
 2DIAGNOSTIC,    36, -6.051741172996e-01, 9.614247178759e-05, 3.5176e+00, 4.3761e-02, 
 2DIAGNOSTIC,    37, -6.051630033794e-01, 8.390324800106e-05, 3.5604e+00, 4.2824e-02, 
 2DIAGNOSTIC,    38, -6.051938227197e-01, 6.579117457603e-05, 3.5956e+00, 3.5213e-02, 
 2DIAGNOSTIC,    39, -6.052209053336e-01, 4.508709872501e-05, 3.6346e+00, 3.9040e-02, 
 2DIAGNOSTIC,    40, -6.052338392880e-01, 3.132339552836e-05, 3.6765e+00, 4.1862e-02, 
 2DIAGNOSTIC,    41, -6.052913922163e-01, 2.169337408885e-05, 3.7192e+00, 4.2668e-02, 
 2DIAGNOSTIC,    42, -6.052763497363e-01, 1.155629770527e-05, 3.7646e+00, 4.5485e-02, 
 2DIAGNOSTIC,    43, -6.052773707593e-01, 6.057892247013e-06, 3.8057e+00, 4.1088e-02, 
 2DIAGNOSTIC,    44, -6.052699125811e-01, 4.177437405127e-06, 3.8421e+00, 3.6395e-02, 
 2DIAGNOSTIC,    45, -6.052681810803e-01, 3.671150615902e-06, 3.8884e+00, 4.6273e-02, 
 2DIAGNOSTIC,    46, -6.052673082553e-01, 2.973793436948e-06, 3.9341e+00, 4.5728e-02, 
 2DIAGNOSTIC,    47, -6.052609196399e-01, 1.907918959654e-06, 3.9878e+00, 5.3643e-02, 
DIAGNOSTIC,Iteration,metricValue,convergenceValue,ITERATION_TIME_INDEX,SINCE_LAST
 2DIAGNOSTIC,     1, -5.312367050261e-01, 1.797693134862e+308, 5.2553e+00, 1.2675e+00, 
 2DIAGNOSTIC,     2, -5.313468992741e-01, 1.797693134862e+308, 5.5616e+00, 3.0628e-01, 
 2DIAGNOSTIC,     3, -5.314005691463e-01, 1.797693134862e+308, 5.8642e+00, 3.0257e-01, 
 2DIAGNOSTIC,     4, -5.314563473124e-01, 1.797693134862e+308, 6.1643e+00, 3.0009e-01, 
 2DIAGNOSTIC,     5, -5.315805721141e-01, 1.797693134862e+308, 6.4701e+00, 3.0581e-01, 
 2DIAGNOSTIC,     6, -5.317724886739e-01, 1.797693134862e+308, 6.7630e+00, 2.9298e-01, 
 2DIAGNOSTIC,     7, -5.320660157943e-01, 1.797693134862e+308, 7.1616e+00, 3.9853e-01, 
 2DIAGNOSTIC,     8, -5.322657016884e-01, 1.797693134862e+308, 7.7196e+00, 5.5803e-01, 
 2DIAGNOSTIC,     9, -5.322833673997e-01, 1.797693134862e+308, 8.0380e+00, 3.1843e-01, 
 2DIAGNOSTIC,    10, -5.324105947022e-01, 1.590129106233e-04, 8.3286e+00, 2.9053e-01, 
 2DIAGNOSTIC,    11, -5.325459142761e-01, 1.501074921563e-04, 8.6192e+00, 2.9064e-01, 
 2DIAGNOSTIC,    12, -5.326428150775e-01, 1.383831728018e-04, 8.9970e+00, 3.7778e-01, 
 2DIAGNOSTIC,    13, -5.326680781335e-01, 1.194307064657e-04, 9.3391e+00, 3.4209e-01, 
 2DIAGNOSTIC,    14, -5.326730011559e-01, 9.505878927195e-05, 9.7141e+00, 3.7499e-01, 
 2DIAGNOSTIC,    15, -5.326642662552e-01, 6.959412788482e-05, 1.0136e+01, 4.2162e-01, 
 2DIAGNOSTIC,    16, -5.326598934799e-01, 4.711856687731e-05, 1.0497e+01, 3.6152e-01, 
 2DIAGNOSTIC,    17, -5.326608953977e-01, 3.221352286639e-05, 1.0844e+01, 3.4651e-01, 
 2DIAGNOSTIC,    18, -5.326605488905e-01, 2.214316988369e-05, 1.1148e+01, 3.0434e-01, 
 2DIAGNOSTIC,    19, -5.326599721889e-01, 1.170843911032e-05, 1.1501e+01, 3.5274e-01, 
 2DIAGNOSTIC,    20, -5.326592084158e-01, 4.705687072101e-06, 1.1783e+01, 2.8250e-01, 
 2DIAGNOSTIC,    21, -5.326576106346e-01, 1.422602643665e-06, 1.2064e+01, 2.8079e-01, 
DIAGNOSTIC,Iteration,metricValue,convergenceValue,ITERATION_TIME_INDEX,SINCE_LAST
 2DIAGNOSTIC,     1, -4.891492150711e-01, 1.797693134862e+308, 1.4865e+01, 2.8009e+00, 
 2DIAGNOSTIC,     2, -4.893011416676e-01, 1.797693134862e+308, 1.6659e+01, 1.7944e+00, 
 2DIAGNOSTIC,     3, -4.894139656159e-01, 1.797693134862e+308, 1.8403e+01, 1.7437e+00, 
