
##########################
# Experiment information #
##########################

EXPERIMENT_NAME: antsRegistration-r8-p9
VFC_BACKENDS: libinterflop_vprec.so --range-binary32=8 --precision-binary32=9 --range-binary64=8 --precision-binary64=9

SIF_IMG: /home/mdugre/projects/rrg-glatard/mdugre/containers/ants-vprec-no_metrics.simg

SUBJECT_ID: s033
INPUT_IMG: /home/mdugre/scratch/mri-registration-rp/datasets/ds004513/derivatives/mri-registration-rp/antsBrainExtraction/sub-s033/BrainExtractionBrain.nii.gz
OUTPUT_DIR: /home/mdugre/scratch/mri-registration-rp/datasets/ds004513/derivatives/mri-registration-rp/0001/antsRegistration-r8-p9/sub-s033

FIXED_IMG: /templateflow/tpl-MNI152NLin2009cAsym/tpl-MNI152NLin2009cAsym_res-01_desc-brain_T1w.nii.gz
DATA_DIR: /home/mdugre/scratch/mri-registration-rp/datasets/ds004513
TEMPLATEFLOW_DIR: /home/mdugre/projects/rrg-glatard/mdugre/templateflow
ITK_GLOBAL_DEFAULT_NUMBER_OF_THREADS: 16
##########################

Info [verificarlo]: loaded backend libinterflop_ieee.so
Info [interflop-ieee]: load backend with:
Info [interflop-ieee]: debug = false
Info [interflop-ieee]: debug-binary = false
Info [interflop-ieee]: no-backend-name = false
Info [interflop-ieee]: print-new-line = false
Info [interflop-ieee]: print-subnormal-normalized = false
Info [interflop-ieee]: count-op = false
All_Command_lines_OK
Using double precision for computations.
=============================================================================
The composite transform comprises the following transforms (in order): 
  1. Center of mass alignment using fixed image: /templateflow/tpl-MNI152NLin2009cAsym/tpl-MNI152NLin2009cAsym_res-01_desc-brain_T1w.nii.gz and moving image: /home/mdugre/scratch/mri-registration-rp/datasets/ds004513/derivatives/mri-registration-rp/antsBrainExtraction/sub-s033/BrainExtractionBrain.nii.gz (type = Euler3DTransform)
=============================================================================
  number of levels = 1
  fixed image: /templateflow/tpl-MNI152NLin2009cAsym/tpl-MNI152NLin2009cAsym_res-01_desc-brain_T1w.nii.gz
  moving image: /home/mdugre/scratch/mri-registration-rp/datasets/ds004513/derivatives/mri-registration-rp/antsBrainExtraction/sub-s033/BrainExtractionBrain.nii.gz
Dimension = 3
Number of stages = 1
Use histogram matching = false
Winsorize image intensities = true
  Lower quantile = 0.005
  Upper quantile = 0.995


Stage 1 State
   Image metric = MattesMI
     Fixed image = Image (0x4489bd0)
  RTTI typeinfo:   itk::Image<double, 3u>
  Reference Count: 2
  Modified Time: 2330
  Debug: Off
  Object Name: 
  Observers: 
    none
  Source: (none)
  Source output name: (none)
  Release Data: Off
  Data Released: False
  Global Release Data: Off
  PipelineMTime: 0
  UpdateMTime: 1941
  RealTimeStamp: 0 seconds 
  LargestPossibleRegion: 
    Dimension: 3
    Index: [0, 0, 0]
    Size: [193, 229, 193]
  BufferedRegion: 
    Dimension: 3
    Index: [0, 0, 0]
    Size: [193, 229, 193]
  RequestedRegion: 
    Dimension: 3
    Index: [0, 0, 0]
    Size: [193, 229, 193]
  Spacing: [1, 1, 1]
  Origin: [96, 132, -78]
  Direction: 
-1 0 0
0 -1 0
0 0 1

  IndexToPointMatrix: 
-1 0 0
0 -1 0
0 0 1

  PointToIndexMatrix: 
-1 0 0
0 -1 0
0 0 1

  Inverse Direction: 
-1 0 0
0 -1 0
0 0 1

  PixelContainer: 
    ImportImageContainer (0x44929e0)
      RTTI typeinfo:   itk::ImportImageContainer<unsigned long, double>
      Reference Count: 1
      Modified Time: 1938
      Debug: Off
      Object Name: 
      Observers: 
        none
      Pointer: 0x152f2f13b010
      Container manages memory: true
      Size: 8530021
      Capacity: 8530021

     Moving image = Image (0x4493910)
  RTTI typeinfo:   itk::Image<double, 3u>
  Reference Count: 2
  Modified Time: 2331
  Debug: Off
  Object Name: 
  Observers: 
    none
  Source: (none)
  Source output name: (none)
  Release Data: Off
  Data Released: False
  Global Release Data: Off
  PipelineMTime: 0
  UpdateMTime: 2328
  RealTimeStamp: 0 seconds 
  LargestPossibleRegion: 
    Dimension: 3
    Index: [0, 0, 0]
    Size: [160, 240, 256]
  BufferedRegion: 
    Dimension: 3
    Index: [0, 0, 0]
    Size: [160, 240, 256]
  RequestedRegion: 
    Dimension: 3
    Index: [0, 0, 0]
    Size: [160, 240, 256]
  Spacing: [1, 1, 1]
  Origin: [91.5134, 94.282, -109.927]
  Direction: 
-0.99591 -0.0698718 -0.0572835
0.0697565 -0.997556 0.00401236
-0.0574239 5.01125e-08 0.99835

  IndexToPointMatrix: 
-0.99591 -0.0698718 -0.0572835
0.0697565 -0.997556 0.00401236
-0.0574239 5.01125e-08 0.99835

  PointToIndexMatrix: 
-0.99591 0.0697565 -0.0574239
-0.0698718 -0.997556 5.01483e-08
-0.0572835 0.00401236 0.99835

  Inverse Direction: 
-0.99591 0.0697565 -0.0574239
-0.0698718 -0.997556 5.01483e-08
-0.0572835 0.00401236 0.99835

  PixelContainer: 
    ImportImageContainer (0x4579a50)
      RTTI typeinfo:   itk::ImportImageContainer<unsigned long, double>
      Reference Count: 1
      Modified Time: 2325
      Debug: Off
      Object Name: 
      Observers: 
        none
      Pointer: 0x152f2a63a010
      Container manages memory: true
      Size: 9830400
      Capacity: 9830400

     Weighting = 1
     Sampling strategy = regular
     Number of bins = 32
     Radius = 4
     Sampling percentage  = 0.25
   Transform = Rigid
     Gradient step = 0.1
     Update field sigma (voxel space) = 0
     Total field sigma (voxel space) = 0
     Update field time sigma = 0
     Total field time sigma  = 0
     Number of time indices = 0
     Number of time point samples = 0
Registration using 1 total stages.

Stage 0
  iterations = 0
  convergence threshold = 1e-06
  convergence window size = 10
  number of levels = 1
  using the Mattes MI metric (number of bins = 32, weight = 1, use gradient filter = 0)
  preprocessing:  winsorizing the image intensities
  Shrink factors (level 1 out of 1): [1, 1, 1]
  smoothing sigmas per level: [0]
  regular sampling (percentage = 0.25)

*** Running Euler3DTransform registration ***

  Elapsed time (stage 0): 1.09285


Total elapsed time: 1.097
Info [verificarlo]: loaded backend libinterflop_ieee.so
Info [interflop-ieee]: load backend with:
Info [interflop-ieee]: debug = false
Info [interflop-ieee]: debug-binary = false
Info [interflop-ieee]: no-backend-name = false
Info [interflop-ieee]: print-new-line = false
Info [interflop-ieee]: print-subnormal-normalized = false
Info [interflop-ieee]: count-op = false
All_Command_lines_OK
Using double precision for computations.
=============================================================================
The composite transform comprises the following transforms (in order): 
  1. /home/mdugre/scratch/mri-registration-rp/datasets/ds004513/derivatives/mri-registration-rp/0001/antsRegistration-r8-p9/sub-s033/align_Composite.h5[0] (type = Euler3DTransform)
  2. /home/mdugre/scratch/mri-registration-rp/datasets/ds004513/derivatives/mri-registration-rp/0001/antsRegistration-r8-p9/sub-s033/align_Composite.h5[1] (type = Euler3DTransform)
=============================================================================
  number of levels = 4
  fixed image: /templateflow/tpl-MNI152NLin2009cAsym/tpl-MNI152NLin2009cAsym_res-01_desc-brain_T1w.nii.gz
  moving image: /home/mdugre/scratch/mri-registration-rp/datasets/ds004513/derivatives/mri-registration-rp/antsBrainExtraction/sub-s033/BrainExtractionBrain.nii.gz
Dimension = 3
Number of stages = 1
Use histogram matching = false
Winsorize image intensities = true
  Lower quantile = 0.005
  Upper quantile = 0.995


Stage 1 State
   Image metric = MattesMI
     Fixed image = Image (0x4efa530)
  RTTI typeinfo:   itk::Image<double, 3u>
  Reference Count: 2
  Modified Time: 1578
  Debug: Off
  Object Name: 
  Observers: 
    none
  Source: (none)
  Source output name: (none)
  Release Data: Off
  Data Released: False
  Global Release Data: Off
  PipelineMTime: 0
  UpdateMTime: 1189
  RealTimeStamp: 0 seconds 
  LargestPossibleRegion: 
    Dimension: 3
    Index: [0, 0, 0]
    Size: [193, 229, 193]
  BufferedRegion: 
    Dimension: 3
    Index: [0, 0, 0]
    Size: [193, 229, 193]
  RequestedRegion: 
    Dimension: 3
    Index: [0, 0, 0]
    Size: [193, 229, 193]
  Spacing: [1, 1, 1]
  Origin: [96, 132, -78]
  Direction: 
-1 0 0
0 -1 0
0 0 1

  IndexToPointMatrix: 
-1 0 0
0 -1 0
0 0 1

  PointToIndexMatrix: 
-1 0 0
0 -1 0
0 0 1

  Inverse Direction: 
-1 0 0
0 -1 0
0 0 1

  PixelContainer: 
    ImportImageContainer (0x4fb8d60)
      RTTI typeinfo:   itk::ImportImageContainer<unsigned long, double>
      Reference Count: 1
      Modified Time: 1186
      Debug: Off
      Object Name: 
      Observers: 
        none
      Pointer: 0x1514b9d3a010
      Container manages memory: true
      Size: 8530021
      Capacity: 8530021

     Moving image = Image (0x4faaf60)
  RTTI typeinfo:   itk::Image<double, 3u>
  Reference Count: 2
  Modified Time: 1579
  Debug: Off
  Object Name: 
  Observers: 
    none
  Source: (none)
  Source output name: (none)
  Release Data: Off
  Data Released: False
  Global Release Data: Off
  PipelineMTime: 0
  UpdateMTime: 1576
  RealTimeStamp: 0 seconds 
  LargestPossibleRegion: 
    Dimension: 3
    Index: [0, 0, 0]
    Size: [160, 240, 256]
  BufferedRegion: 
    Dimension: 3
    Index: [0, 0, 0]
    Size: [160, 240, 256]
  RequestedRegion: 
    Dimension: 3
    Index: [0, 0, 0]
    Size: [160, 240, 256]
  Spacing: [1, 1, 1]
  Origin: [91.5134, 94.282, -109.927]
  Direction: 
-0.99591 -0.0698718 -0.0572835
0.0697565 -0.997556 0.00401236
-0.0574239 5.01125e-08 0.99835

  IndexToPointMatrix: 
-0.99591 -0.0698718 -0.0572835
0.0697565 -0.997556 0.00401236
-0.0574239 5.01125e-08 0.99835

  PointToIndexMatrix: 
-0.99591 0.0697565 -0.0574239
-0.0698718 -0.997556 5.01483e-08
-0.0572835 0.00401236 0.99835

  Inverse Direction: 
-0.99591 0.0697565 -0.0574239
-0.0698718 -0.997556 5.01483e-08
-0.0572835 0.00401236 0.99835

  PixelContainer: 
    ImportImageContainer (0x4f9c6d0)
      RTTI typeinfo:   itk::ImportImageContainer<unsigned long, double>
      Reference Count: 1
      Modified Time: 1573
      Debug: Off
      Object Name: 
      Observers: 
        none
      Pointer: 0x1514b5239010
      Container manages memory: true
      Size: 9830400
      Capacity: 9830400

     Weighting = 1
     Sampling strategy = regular
     Number of bins = 32
     Radius = 4
     Sampling percentage  = 0.25
   Transform = Rigid
     Gradient step = 0.1
     Update field sigma (voxel space) = 0
     Total field sigma (voxel space) = 0
     Update field time sigma = 0
     Total field time sigma  = 0
     Number of time indices = 0
     Number of time point samples = 0
Registration using 1 total stages.

Stage 0
  iterations = 1000x500x250x100
  convergence threshold = 1e-06
  convergence window size = 10
  number of levels = 4
  using the Mattes MI metric (number of bins = 32, weight = 1, use gradient filter = 0)
  preprocessing:  winsorizing the image intensities
  Shrink factors (level 1 out of 4): [8, 8, 8]
  Shrink factors (level 2 out of 4): [4, 4, 4]
  Shrink factors (level 3 out of 4): [2, 2, 2]
  Shrink factors (level 4 out of 4): [1, 1, 1]
  smoothing sigmas per level: [3, 2, 1, 0]
  regular sampling (percentage = 0.25)

*** Running Euler3DTransform registration ***

DIAGNOSTIC,Iteration,metricValue,convergenceValue,ITERATION_TIME_INDEX,SINCE_LAST
 2DIAGNOSTIC,     1, -4.945365495269e-01, 1.797693134862e+308, 8.0493e-01, 8.0493e-01, 
 2DIAGNOSTIC,     2, -4.961551199262e-01, 1.797693134862e+308, 8.1014e-01, 5.2061e-03, 
 2DIAGNOSTIC,     3, -4.991207097076e-01, 1.797693134862e+308, 8.1562e-01, 5.4772e-03, 
 2DIAGNOSTIC,     4, -5.030359852117e-01, 1.797693134862e+308, 8.2065e-01, 5.0309e-03, 
 2DIAGNOSTIC,     5, -5.059125054655e-01, 1.797693134862e+308, 8.2521e-01, 4.5600e-03, 
 2DIAGNOSTIC,     6, -5.092815596254e-01, 1.797693134862e+308, 8.3034e-01, 5.1270e-03, 
 2DIAGNOSTIC,     7, -5.205915484568e-01, 1.797693134862e+308, 8.3623e-01, 5.8992e-03, 
 2DIAGNOSTIC,     8, -5.236677933913e-01, 1.797693134862e+308, 8.4149e-01, 5.2531e-03, 
 2DIAGNOSTIC,     9, -5.261653611514e-01, 1.797693134862e+308, 8.4635e-01, 4.8649e-03, 
 2DIAGNOSTIC,    10, -5.313843279548e-01, 4.956236851461e-03, 8.5149e-01, 5.1382e-03, 
 2DIAGNOSTIC,    11, -5.461121550605e-01, 5.255951709878e-03, 8.5799e-01, 6.5000e-03, 
 2DIAGNOSTIC,    12, -5.563506773259e-01, 5.544499219500e-03, 8.6301e-01, 5.0199e-03, 
 2DIAGNOSTIC,    13, -6.011783753090e-01, 7.240286203976e-03, 8.6977e-01, 6.7580e-03, 
 2DIAGNOSTIC,    14, -6.166052825029e-01, 8.701253899204e-03, 8.7464e-01, 4.8699e-03, 
 2DIAGNOSTIC,    15, -6.211428291641e-01, 9.416357351019e-03, 8.8011e-01, 5.4700e-03, 
 2DIAGNOSTIC,    16, -6.235432151517e-01, 9.368281935233e-03, 8.8594e-01, 5.8339e-03, 
 2DIAGNOSTIC,    17, -6.347577461424e-01, 9.145335027643e-03, 8.9330e-01, 7.3550e-03, 
 2DIAGNOSTIC,    18, -6.413138476638e-01, 8.359392952070e-03, 8.9881e-01, 5.5110e-03, 
 2DIAGNOSTIC,    19, -6.420802712912e-01, 6.980623457795e-03, 9.0477e-01, 5.9590e-03, 
 2DIAGNOSTIC,    20, -6.425493369323e-01, 5.272872583200e-03, 9.0946e-01, 4.6930e-03, 
 2DIAGNOSTIC,    21, -6.431795004059e-01, 3.641466666309e-03, 9.1493e-01, 5.4688e-03, 
 2DIAGNOSTIC,    22, -6.434078409759e-01, 2.049113983390e-03, 9.1957e-01, 4.6401e-03, 
 2DIAGNOSTIC,    23, -6.435083889447e-01, 1.381096890954e-03, 9.2480e-01, 5.2330e-03, 
 2DIAGNOSTIC,    24, -6.436807755618e-01, 9.688116283647e-04, 9.3065e-01, 5.8460e-03, 
 2DIAGNOSTIC,    25, -6.439989390118e-01, 6.014653591679e-04, 9.3718e-01, 6.5351e-03, 
 2DIAGNOSTIC,    26, -6.448361531905e-01, 2.655196505618e-04, 9.4177e-01, 4.5831e-03, 
 2DIAGNOSTIC,    27, -6.460796037093e-01, 1.536865360097e-04, 9.4689e-01, 5.1279e-03, 
 2DIAGNOSTIC,    28, -6.463976196905e-01, 1.550353363064e-04, 9.5147e-01, 4.5760e-03, 
 2DIAGNOSTIC,    29, -6.463935458552e-01, 1.547432183284e-04, 9.5633e-01, 4.8552e-03, 
 2DIAGNOSTIC,    30, -6.464392298446e-01, 1.482978573806e-04, 9.6138e-01, 5.0530e-03, 
 2DIAGNOSTIC,    31, -6.463723508765e-01, 1.368671619095e-04, 9.6591e-01, 4.5331e-03, 
 2DIAGNOSTIC,    32, -6.464254415805e-01, 1.173265835739e-04, 9.7150e-01, 5.5850e-03, 
 2DIAGNOSTIC,    33, -6.464354984555e-01, 8.969330198019e-05, 9.8588e-01, 1.4386e-02, 
 2DIAGNOSTIC,    34, -6.464354984226e-01, 5.811489325701e-05, 1.0003e+00, 1.4376e-02, 
 2DIAGNOSTIC,    35, -6.464354984226e-01, 2.735368647556e-05, 1.0054e+00, 5.0960e-03, 
 2DIAGNOSTIC,    36, -6.464354984226e-01, 6.561973307298e-06, 1.0104e+00, 4.9961e-03, 
 2DIAGNOSTIC,    37, -6.464354984226e-01, 2.244497992413e-06, 1.0167e+00, 6.3951e-03, 
 2DIAGNOSTIC,    38, -6.464354984226e-01, 1.990753934741e-06, 1.0225e+00, 5.7859e-03, 
 2DIAGNOSTIC,    39, -6.464354984226e-01, 1.582335756572e-06, 1.0277e+00, 5.1222e-03, 
 2DIAGNOSTIC,    40, -6.464354984226e-01, 1.698173174226e-06, 1.0328e+00, 5.1191e-03, 
DIAGNOSTIC,Iteration,metricValue,convergenceValue,ITERATION_TIME_INDEX,SINCE_LAST
 2DIAGNOSTIC,     1, -5.367244451051e-01, 1.797693134862e+308, 1.7924e+00, 7.5963e-01, 
 2DIAGNOSTIC,     2, -5.380313834636e-01, 1.797693134862e+308, 1.8275e+00, 3.5107e-02, 
 2DIAGNOSTIC,     3, -5.401731910196e-01, 1.797693134862e+308, 1.8679e+00, 4.0347e-02, 
 2DIAGNOSTIC,     4, -5.431881343962e-01, 1.797693134862e+308, 1.9004e+00, 3.2532e-02, 
 2DIAGNOSTIC,     5, -5.453557596087e-01, 1.797693134862e+308, 1.9337e+00, 3.3351e-02, 
 2DIAGNOSTIC,     6, -5.461088565070e-01, 1.797693134862e+308, 1.9663e+00, 3.2549e-02, 
 2DIAGNOSTIC,     7, -5.462086680772e-01, 1.797693134862e+308, 1.9992e+00, 3.2949e-02, 
 2DIAGNOSTIC,     8, -5.464869267288e-01, 1.797693134862e+308, 2.0404e+00, 4.1183e-02, 
 2DIAGNOSTIC,     9, -5.465850813848e-01, 1.797693134862e+308, 2.0913e+00, 5.0929e-02, 
 2DIAGNOSTIC,    10, -5.466464837746e-01, 1.224741213210e-03, 2.1262e+00, 3.4823e-02, 
 2DIAGNOSTIC,    11, -5.470487706615e-01, 8.391099640747e-04, 2.1593e+00, 3.3109e-02, 
 2DIAGNOSTIC,    12, -5.471758935468e-01, 5.053701441831e-04, 2.1970e+00, 3.7674e-02, 
 2DIAGNOSTIC,    13, -5.471428458166e-01, 2.604988549064e-04, 2.2269e+00, 2.9977e-02, 
 2DIAGNOSTIC,    14, -5.471835674719e-01, 1.395636876003e-04, 2.2610e+00, 3.4069e-02, 
 2DIAGNOSTIC,    15, -5.472405831650e-01, 9.903713802667e-05, 2.2948e+00, 3.3841e-02, 
 2DIAGNOSTIC,    16, -5.472598770790e-01, 7.966181849849e-05, 2.3300e+00, 3.5200e-02, 
 2DIAGNOSTIC,    17, -5.472729366875e-01, 5.862742743353e-05, 2.3605e+00, 3.0489e-02, 
 2DIAGNOSTIC,    18, -5.473059248301e-01, 4.386275635876e-05, 2.4043e+00, 4.3753e-02, 
 2DIAGNOSTIC,    19, -5.473435927358e-01, 3.059172842359e-05, 2.4335e+00, 2.9265e-02, 
 2DIAGNOSTIC,    20, -5.474644647718e-01, 2.039757196856e-05, 2.4626e+00, 2.9069e-02, 
 2DIAGNOSTIC,    21, -5.476672301961e-01, 2.427778240068e-05, 2.4948e+00, 3.2208e-02, 
 2DIAGNOSTIC,    22, -5.482405840293e-01, 4.222047569211e-05, 2.5427e+00, 4.7908e-02, 
 2DIAGNOSTIC,    23, -5.482883006551e-01, 5.482203465737e-05, 2.5761e+00, 3.3375e-02, 
 2DIAGNOSTIC,    24, -5.483174314062e-01, 6.301594485442e-05, 2.6115e+00, 3.5352e-02, 
 2DIAGNOSTIC,    25, -5.482954930766e-01, 6.562159162361e-05, 2.6484e+00, 3.6920e-02, 
 2DIAGNOSTIC,    26, -5.482908936294e-01, 6.219654571893e-05, 2.6901e+00, 4.1720e-02, 
 2DIAGNOSTIC,    27, -5.482929904900e-01, 5.340707344546e-05, 2.7230e+00, 3.2916e-02, 
 2DIAGNOSTIC,    28, -5.482861413916e-01, 4.081103553443e-05, 2.7601e+00, 3.7042e-02, 
 2DIAGNOSTIC,    29, -5.482735820098e-01, 2.593280881408e-05, 2.7945e+00, 3.4442e-02, 
 2DIAGNOSTIC,    30, -5.483198833789e-01, 1.264380360975e-05, 2.8467e+00, 5.2167e-02, 
 2DIAGNOSTIC,    31, -5.482930784379e-01, 1.789244711274e-06, 2.8888e+00, 4.2126e-02, 
DIAGNOSTIC,Iteration,metricValue,convergenceValue,ITERATION_TIME_INDEX,SINCE_LAST
 2DIAGNOSTIC,     1, -4.662378234397e-01, 1.797693134862e+308, 4.0734e+00, 1.1846e+00, 
 2DIAGNOSTIC,     2, -4.664224839267e-01, 1.797693134862e+308, 4.3091e+00, 2.3573e-01, 
 2DIAGNOSTIC,     3, -4.665513776246e-01, 1.797693134862e+308, 4.5890e+00, 2.7987e-01, 
 2DIAGNOSTIC,     4, -4.666538099935e-01, 1.797693134862e+308, 4.8303e+00, 2.4126e-01, 
 2DIAGNOSTIC,     5, -4.667429515616e-01, 1.797693134862e+308, 5.0718e+00, 2.4149e-01, 
 2DIAGNOSTIC,     6, -4.668835222249e-01, 1.797693134862e+308, 5.3082e+00, 2.3648e-01, 
 2DIAGNOSTIC,     7, -4.673059663597e-01, 1.797693134862e+308, 5.5821e+00, 2.7387e-01, 
 2DIAGNOSTIC,     8, -4.674348689050e-01, 1.797693134862e+308, 5.9924e+00, 4.1029e-01, 
 2DIAGNOSTIC,     9, -4.674483331175e-01, 1.797693134862e+308, 6.2833e+00, 2.9094e-01, 
 2DIAGNOSTIC,    10, -4.674386219097e-01, 1.885293988663e-04, 6.6003e+00, 3.1697e-01, 
 2DIAGNOSTIC,    11, -4.674401617756e-01, 1.546899452572e-04, 6.9670e+00, 3.6668e-01, 
 2DIAGNOSTIC,    12, -4.674394007571e-01, 1.217520449027e-04, 7.3040e+00, 3.3697e-01, 
 2DIAGNOSTIC,    13, -4.674385288677e-01, 8.896210623570e-05, 7.6008e+00, 2.9682e-01, 
 2DIAGNOSTIC,    14, -4.674376461455e-01, 5.765116415178e-05, 7.8866e+00, 2.8585e-01, 
 2DIAGNOSTIC,    15, -4.674367341222e-01, 2.917465537544e-05, 8.1333e+00, 2.4667e-01, 
 2DIAGNOSTIC,    16, -4.674358519257e-01, 6.698894597368e-06, 8.4063e+00, 2.7303e-01, 
 2DIAGNOSTIC,    17, -4.674359019690e-01, 1.424569446372e-06, 8.6413e+00, 2.3495e-01, 
 2DIAGNOSTIC,    18, -4.674350258656e-01, 1.088932290810e-06, 8.9113e+00, 2.7006e-01, 
 2DIAGNOSTIC,    19, -4.674341662893e-01, 1.265369422063e-06, 9.1894e+00, 2.7806e-01, 
 2DIAGNOSTIC,    20, -4.674333529347e-01, 1.141165258907e-06, 9.4407e+00, 2.5133e-01, 
 2DIAGNOSTIC,    21, -4.674316773478e-01, 1.067202448482e-06, 9.7303e+00, 2.8959e-01, 
 2DIAGNOSTIC,    22, -4.674309234491e-01, 1.000751982269e-06, 9.9867e+00, 2.5641e-01, 
 2DIAGNOSTIC,    23, -4.674332129690e-01, 1.019446095735e-06, 1.0248e+01, 2.6144e-01, 
 2DIAGNOSTIC,    24, -4.674357187780e-01, 1.110223097955e-06, 1.0540e+01, 2.9224e-01, 
 2DIAGNOSTIC,    25, -4.674371979398e-01, 1.227273657999e-06, 1.0812e+01, 2.7186e-01, 
 2DIAGNOSTIC,    26, -4.674369434306e-01, 1.313800197883e-06, 1.1142e+01, 3.2991e-01, 
 2DIAGNOSTIC,    27, -4.674391839180e-01, 1.438808289650e-06, 1.1416e+01, 2.7336e-01, 
 2DIAGNOSTIC,    28, -4.674365065083e-01, 1.450963466883e-06, 1.1662e+01, 2.4602e-01, 
 2DIAGNOSTIC,    29, -4.674368370036e-01, 1.422195476185e-06, 1.1933e+01, 2.7106e-01, 
 2DIAGNOSTIC,    30, -4.674352099878e-01, 1.315916129369e-06, 1.2213e+01, 2.8054e-01, 
 2DIAGNOSTIC,    31, -4.674354637703e-01, 1.166155253689e-06, 1.2492e+01, 2.7859e-01, 
 2DIAGNOSTIC,    32, -4.674357525879e-01, 1.002552511391e-06, 1.2755e+01, 2.6332e-01, 
DIAGNOSTIC,Iteration,metricValue,convergenceValue,ITERATION_TIME_INDEX,SINCE_LAST
 2DIAGNOSTIC,     1, -4.256749837057e-01, 1.797693134862e+308, 1.5364e+01, 2.6088e+00, 
 2DIAGNOSTIC,     2, -4.257695094032e-01, 1.797693134862e+308, 1.6822e+01, 1.4587e+00, 
 2DIAGNOSTIC,     3, -4.258606720715e-01, 1.797693134862e+308, 1.8289e+01, 1.4664e+00, 
 2DIAGNOSTIC,     4, -4.260323485993e-01, 1.797693134862e+308, 1.9673e+01, 1.3837e+00, 
 2DIAGNOSTIC,     5, -4.260523983529e-01, 1.797693134862e+308, 2.2465e+01, 2.7924e+00, 
 2DIAGNOSTIC,     6, -4.260611179038e-01, 1.797693134862e+308, 2.4381e+01, 1.9157e+00, 
 2DIAGNOSTIC,     7, -4.260595743521e-01, 1.797693134862e+308, 2.5999e+01, 1.6184e+00, 
 2DIAGNOSTIC,     8, -4.260583971994e-01, 1.797693134862e+308, 2.7696e+01, 1.6973e+00, 
 2DIAGNOSTIC,     9, -4.260583316008e-01, 1.797693134862e+308, 2.9415e+01, 1.7189e+00, 
 2DIAGNOSTIC,    10, -4.260580770034e-01, 5.578389834766e-05, 3.1516e+01, 2.1010e+00, 
 2DIAGNOSTIC,    11, -4.260579713031e-01, 3.210883454441e-05, 3.2989e+01, 1.4729e+00, 
 2DIAGNOSTIC,    12, -4.260578292575e-01, 1.499602919301e-05, 3.4465e+01, 1.4758e+00, 
 2DIAGNOSTIC,    13, -4.260577525998e-01, 3.844714461132e-06, 3.5942e+01, 1.4768e+00, 
 2DIAGNOSTIC,    14, -4.260576755273e-01, 2.313992594552e-06, 3.7609e+01, 1.6671e+00, 
 2DIAGNOSTIC,    15, -4.260577094168e-01, 1.864245709429e-06, 3.9333e+01, 1.7240e+00, 
 2DIAGNOSTIC,    16, -4.260576322608e-01, 1.855845265950e-06, 4.0806e+01, 1.4733e+00, 
 2DIAGNOSTIC,    17, -4.260573052600e-01, 1.788531815233e-06, 4.2466e+01, 1.6602e+00, 
 2DIAGNOSTIC,    18, -4.260572554075e-01, 1.691179811268e-06, 4.4103e+01, 1.6370e+00, 
 2DIAGNOSTIC,    19, -4.260571992685e-01, 1.606916354466e-06, 4.5612e+01, 1.5087e+00, 
 2DIAGNOSTIC,    20, -4.260570718191e-01, 1.524464576463e-06, 4.7299e+01, 1.6875e+00, 
 2DIAGNOSTIC,    21, -4.260572638400e-01, 1.458979791660e-06, 4.8934e+01, 1.6351e+00, 
 2DIAGNOSTIC,    22, -4.260572204109e-01, 1.399042490073e-06, 5.0471e+01, 1.5363e+00, 
 2DIAGNOSTIC,    23, -4.260573194165e-01, 1.349511536311e-06, 5.2178e+01, 1.7070e+00, 
 2DIAGNOSTIC,    24, -4.260574388734e-01, 1.308278662931e-06, 5.3841e+01, 1.6629e+00, 
 2DIAGNOSTIC,    25, -4.260575569777e-01, 1.275917873328e-06, 5.5687e+01, 1.8460e+00, 
 2DIAGNOSTIC,    26, -4.260575079860e-01, 1.242615475565e-06, 5.7340e+01, 1.6534e+00, 
 2DIAGNOSTIC,    27, -4.260574585638e-01, 1.200760382965e-06, 5.8728e+01, 1.3883e+00, 
 2DIAGNOSTIC,    28, -4.260574448297e-01, 1.158350916741e-06, 6.0389e+01, 1.6600e+00, 
 2DIAGNOSTIC,    29, -4.260573054971e-01, 1.112306457787e-06, 6.1889e+01, 1.5010e+00, 
 2DIAGNOSTIC,    30, -4.260573113875e-01, 1.065097456274e-06, 6.3261e+01, 1.3715e+00, 
 2DIAGNOSTIC,    31, -4.260573905183e-01, 1.026387313745e-06, 6.4945e+01, 1.6840e+00, 
  Elapsed time (stage 0): 6.5888e+01


Total elapsed time: 6.5894e+01
Info [verificarlo]: loaded backend libinterflop_ieee.so
Info [interflop-ieee]: load backend with:
Info [interflop-ieee]: debug = false
Info [interflop-ieee]: debug-binary = false
Info [interflop-ieee]: no-backend-name = false
Info [interflop-ieee]: print-new-line = false
Info [interflop-ieee]: print-subnormal-normalized = false
Info [interflop-ieee]: count-op = false
All_Command_lines_OK
Using double precision for computations.
=============================================================================
The composite transform comprises the following transforms (in order): 
  1. /home/mdugre/scratch/mri-registration-rp/datasets/ds004513/derivatives/mri-registration-rp/0001/antsRegistration-r8-p9/sub-s033/rigid_Composite.h5[0] (type = Euler3DTransform)
  2. /home/mdugre/scratch/mri-registration-rp/datasets/ds004513/derivatives/mri-registration-rp/0001/antsRegistration-r8-p9/sub-s033/rigid_Composite.h5[1] (type = Euler3DTransform)
  3. /home/mdugre/scratch/mri-registration-rp/datasets/ds004513/derivatives/mri-registration-rp/0001/antsRegistration-r8-p9/sub-s033/rigid_Composite.h5[2] (type = Euler3DTransform)
=============================================================================
  number of levels = 4
  fixed image: /templateflow/tpl-MNI152NLin2009cAsym/tpl-MNI152NLin2009cAsym_res-01_desc-brain_T1w.nii.gz
  moving image: /home/mdugre/scratch/mri-registration-rp/datasets/ds004513/derivatives/mri-registration-rp/antsBrainExtraction/sub-s033/BrainExtractionBrain.nii.gz
Dimension = 3
Number of stages = 1
Use histogram matching = false
Winsorize image intensities = true
  Lower quantile = 0.005
  Upper quantile = 0.995


Stage 1 State
   Image metric = MattesMI
     Fixed image = Image (0x39f0530)
  RTTI typeinfo:   itk::Image<double, 3u>
  Reference Count: 2
  Modified Time: 1592
  Debug: Off
  Object Name: 
  Observers: 
    none
  Source: (none)
  Source output name: (none)
  Release Data: Off
  Data Released: False
  Global Release Data: Off
  PipelineMTime: 0
  UpdateMTime: 1203
  RealTimeStamp: 0 seconds 
  LargestPossibleRegion: 
    Dimension: 3
    Index: [0, 0, 0]
    Size: [193, 229, 193]
  BufferedRegion: 
    Dimension: 3
    Index: [0, 0, 0]
    Size: [193, 229, 193]
  RequestedRegion: 
    Dimension: 3
    Index: [0, 0, 0]
    Size: [193, 229, 193]
  Spacing: [1, 1, 1]
  Origin: [96, 132, -78]
  Direction: 
-1 0 0
0 -1 0
0 0 1

  IndexToPointMatrix: 
-1 0 0
0 -1 0
0 0 1

  PointToIndexMatrix: 
-1 0 0
0 -1 0
0 0 1

  Inverse Direction: 
-1 0 0
0 -1 0
0 0 1

  PixelContainer: 
    ImportImageContainer (0x3aa92a0)
      RTTI typeinfo:   itk::ImportImageContainer<unsigned long, double>
      Reference Count: 1
      Modified Time: 1200
      Debug: Off
      Object Name: 
      Observers: 
        none
      Pointer: 0x1471b00d0010
      Container manages memory: true
      Size: 8530021
      Capacity: 8530021

     Moving image = Image (0x3aabe60)
  RTTI typeinfo:   itk::Image<double, 3u>
  Reference Count: 2
  Modified Time: 1593
  Debug: Off
  Object Name: 
  Observers: 
    none
  Source: (none)
  Source output name: (none)
  Release Data: Off
  Data Released: False
  Global Release Data: Off
  PipelineMTime: 0
  UpdateMTime: 1590
  RealTimeStamp: 0 seconds 
  LargestPossibleRegion: 
    Dimension: 3
    Index: [0, 0, 0]
    Size: [160, 240, 256]
  BufferedRegion: 
    Dimension: 3
    Index: [0, 0, 0]
    Size: [160, 240, 256]
  RequestedRegion: 
    Dimension: 3
    Index: [0, 0, 0]
    Size: [160, 240, 256]
  Spacing: [1, 1, 1]
  Origin: [91.5134, 94.282, -109.927]
  Direction: 
-0.99591 -0.0698718 -0.0572835
0.0697565 -0.997556 0.00401236
-0.0574239 5.01125e-08 0.99835

  IndexToPointMatrix: 
-0.99591 -0.0698718 -0.0572835
0.0697565 -0.997556 0.00401236
-0.0574239 5.01125e-08 0.99835

  PointToIndexMatrix: 
-0.99591 0.0697565 -0.0574239
-0.0698718 -0.997556 5.01483e-08
-0.0572835 0.00401236 0.99835

  Inverse Direction: 
-0.99591 0.0697565 -0.0574239
-0.0698718 -0.997556 5.01483e-08
-0.0572835 0.00401236 0.99835

  PixelContainer: 
    ImportImageContainer (0x3adf390)
      RTTI typeinfo:   itk::ImportImageContainer<unsigned long, double>
      Reference Count: 1
      Modified Time: 1587
      Debug: Off
      Object Name: 
      Observers: 
        none
      Pointer: 0x1471ab5cf010
      Container manages memory: true
      Size: 9830400
      Capacity: 9830400

     Weighting = 1
     Sampling strategy = regular
     Number of bins = 32
     Radius = 4
     Sampling percentage  = 0.25
   Transform = Affine
     Gradient step = 0.1
     Update field sigma (voxel space) = 0
     Total field sigma (voxel space) = 0
     Update field time sigma = 0
     Total field time sigma  = 0
     Number of time indices = 0
     Number of time point samples = 0
Registration using 1 total stages.

Stage 0
  iterations = 1000x500x250x100
  convergence threshold = 1e-06
  convergence window size = 10
  number of levels = 4
  using the Mattes MI metric (number of bins = 32, weight = 1, use gradient filter = 0)
  preprocessing:  winsorizing the image intensities
  Shrink factors (level 1 out of 4): [8, 8, 8]
  Shrink factors (level 2 out of 4): [4, 4, 4]
  Shrink factors (level 3 out of 4): [2, 2, 2]
  Shrink factors (level 4 out of 4): [1, 1, 1]
  smoothing sigmas per level: [3, 2, 1, 0]
  regular sampling (percentage = 0.25)

*** Running AffineTransform registration ***

DIAGNOSTIC,Iteration,metricValue,convergenceValue,ITERATION_TIME_INDEX,SINCE_LAST
 2DIAGNOSTIC,     1, -6.365739256213e-01, 1.797693134862e+308, 7.2456e-01, 7.2456e-01, 
 2DIAGNOSTIC,     2, -6.391591670070e-01, 1.797693134862e+308, 7.3009e-01, 5.5311e-03, 
 2DIAGNOSTIC,     3, -6.433719057046e-01, 1.797693134862e+308, 7.3625e-01, 6.1612e-03, 
 2DIAGNOSTIC,     4, -6.509780966671e-01, 1.797693134862e+308, 7.4277e-01, 6.5191e-03, 
 2DIAGNOSTIC,     5, -6.629588046067e-01, 1.797693134862e+308, 7.4864e-01, 5.8680e-03, 
 2DIAGNOSTIC,     6, -6.850428040509e-01, 1.797693134862e+308, 7.5527e-01, 6.6369e-03, 
 2DIAGNOSTIC,     7, -7.187494539162e-01, 1.797693134862e+308, 7.6177e-01, 6.4991e-03, 
 2DIAGNOSTIC,     8, -8.328138341113e-01, 1.797693134862e+308, 7.6941e-01, 7.6389e-03, 
 2DIAGNOSTIC,     9, -8.661013185555e-01, 1.797693134862e+308, 7.7589e-01, 6.4821e-03, 
 2DIAGNOSTIC,    10, -8.886967935644e-01, 2.434228476087e-02, 7.8387e-01, 7.9811e-03, 
 2DIAGNOSTIC,    11, -8.997701277011e-01, 2.486997769308e-02, 7.9051e-01, 6.6328e-03, 
 2DIAGNOSTIC,    12, -9.068425139232e-01, 2.337534147491e-02, 7.9795e-01, 7.4470e-03, 
 2DIAGNOSTIC,    13, -9.074151668859e-01, 2.016616280919e-02, 8.0549e-01, 7.5331e-03, 
 2DIAGNOSTIC,    14, -9.074137645176e-01, 1.587671864190e-02, 8.1304e-01, 7.5562e-03, 
 2DIAGNOSTIC,    15, -9.077680219996e-01, 1.114390686619e-02, 8.2043e-01, 7.3838e-03, 
 2DIAGNOSTIC,    16, -9.077048937986e-01, 6.587049275545e-03, 8.2752e-01, 7.0910e-03, 
 2DIAGNOSTIC,    17, -9.075808666938e-01, 2.686595945964e-03, 8.3469e-01, 7.1731e-03, 
 2DIAGNOSTIC,    18, -9.074490727736e-01, 1.255490290279e-03, 8.4015e-01, 5.4629e-03, 
 2DIAGNOSTIC,    19, -9.073224102968e-01, 4.830618863662e-04, 8.4558e-01, 5.4269e-03, 
 2DIAGNOSTIC,    20, -9.074981698495e-01, 1.454993876666e-04, 8.5359e-01, 8.0121e-03, 
 2DIAGNOSTIC,    21, -9.076695901640e-01, 1.268511031929e-05, 8.6251e-01, 8.9190e-03, 
DIAGNOSTIC,Iteration,metricValue,convergenceValue,ITERATION_TIME_INDEX,SINCE_LAST
 2DIAGNOSTIC,     1, -7.448113229497e-01, 1.797693134862e+308, 1.6809e+00, 8.1838e-01, 
 2DIAGNOSTIC,     2, -7.453713302602e-01, 1.797693134862e+308, 1.7198e+00, 3.8932e-02, 
 2DIAGNOSTIC,     3, -7.460894717632e-01, 1.797693134862e+308, 1.7602e+00, 4.0362e-02, 
 2DIAGNOSTIC,     4, -7.469822574762e-01, 1.797693134862e+308, 1.8111e+00, 5.0904e-02, 
 2DIAGNOSTIC,     5, -7.479531510710e-01, 1.797693134862e+308, 1.8620e+00, 5.0902e-02, 
 2DIAGNOSTIC,     6, -7.485578606054e-01, 1.797693134862e+308, 1.9265e+00, 6.4498e-02, 
 2DIAGNOSTIC,     7, -7.485254174364e-01, 1.797693134862e+308, 1.9678e+00, 4.1338e-02, 
 2DIAGNOSTIC,     8, -7.485576805235e-01, 1.797693134862e+308, 2.0173e+00, 4.9494e-02, 
 2DIAGNOSTIC,     9, -7.485674157367e-01, 1.797693134862e+308, 2.0543e+00, 3.6983e-02, 
 2DIAGNOSTIC,    10, -7.485703624969e-01, 3.493942016544e-04, 2.0953e+00, 4.1039e-02, 
 2DIAGNOSTIC,    11, -7.485866337423e-01, 2.369811107693e-04, 2.1377e+00, 4.2338e-02, 
 2DIAGNOSTIC,    12, -7.485867141751e-01, 1.402087917950e-04, 2.1811e+00, 4.3382e-02, 
 2DIAGNOSTIC,    13, -7.485532572208e-01, 6.582053376607e-05, 2.2207e+00, 3.9606e-02, 
 2DIAGNOSTIC,    14, -7.485534690076e-01, 2.001283005941e-05, 2.2638e+00, 4.3124e-02, 
 2DIAGNOSTIC,    15, -7.485687717028e-01, 3.237814628021e-06, 2.3252e+00, 6.1362e-02, 
 2DIAGNOSTIC,    16, -7.485822897169e-01, 3.149079200362e-06, 2.3657e+00, 4.0545e-02, 
 2DIAGNOSTIC,    17, -7.485877772317e-01, 2.341511681866e-06, 2.4064e+00, 4.0709e-02, 
 2DIAGNOSTIC,    18, -7.486285892649e-01, 3.140853799759e-06, 2.4467e+00, 4.0263e-02, 
 2DIAGNOSTIC,    19, -7.486459149320e-01, 4.255951880597e-06, 2.4882e+00, 4.1568e-02, 
 2DIAGNOSTIC,    20, -7.486789935822e-01, 5.680583586569e-06, 2.5300e+00, 4.1771e-02, 
 2DIAGNOSTIC,    21, -7.486817040352e-01, 6.917845073923e-06, 2.5717e+00, 4.1663e-02, 
 2DIAGNOSTIC,    22, -7.486770700752e-01, 7.485773563451e-06, 2.6076e+00, 3.5972e-02, 
 2DIAGNOSTIC,    23, -7.486760879486e-01, 6.875872876934e-06, 2.6472e+00, 3.9592e-02, 
 2DIAGNOSTIC,    24, -7.486887078758e-01, 5.993446024893e-06, 2.6905e+00, 4.3223e-02, 
 2DIAGNOSTIC,    25, -7.486887544254e-01, 4.965472101638e-06, 2.7365e+00, 4.5989e-02, 
 2DIAGNOSTIC,    26, -7.486671177422e-01, 3.559536087890e-06, 2.7820e+00, 4.5557e-02, 
 2DIAGNOSTIC,    27, -7.486595022507e-01, 2.014600521912e-06, 2.8214e+00, 3.9359e-02, 
DIAGNOSTIC,Iteration,metricValue,convergenceValue,ITERATION_TIME_INDEX,SINCE_LAST
 2DIAGNOSTIC,     1, -6.325343213417e-01, 1.797693134862e+308, 3.9859e+00, 1.1646e+00, 
 2DIAGNOSTIC,     2, -6.331214325708e-01, 1.797693134862e+308, 4.2772e+00, 2.9128e-01, 
 2DIAGNOSTIC,     3, -6.337880099766e-01, 1.797693134862e+308, 4.5729e+00, 2.9566e-01, 
 2DIAGNOSTIC,     4, -6.346204206779e-01, 1.797693134862e+308, 4.8930e+00, 3.2014e-01, 
 2DIAGNOSTIC,     5, -6.367359435577e-01, 1.797693134862e+308, 5.3108e+00, 4.1780e-01, 
 2DIAGNOSTIC,     6, -6.378276023974e-01, 1.797693134862e+308, 5.7756e+00, 4.6479e-01, 
 2DIAGNOSTIC,     7, -6.378360903862e-01, 1.797693134862e+308, 6.1266e+00, 3.5104e-01, 
 2DIAGNOSTIC,     8, -6.378392244318e-01, 1.797693134862e+308, 6.5402e+00, 4.1357e-01, 
 2DIAGNOSTIC,     9, -6.378435128072e-01, 1.797693134862e+308, 6.9560e+00, 4.1576e-01, 
 2DIAGNOSTIC,    10, -6.378426194230e-01, 6.269945022668e-04, 7.3033e+00, 3.4738e-01, 
 2DIAGNOSTIC,    11, -6.378425585376e-01, 4.513886492982e-04, 7.6613e+00, 3.5795e-01, 
 2DIAGNOSTIC,    12, -6.378405615526e-01, 2.874855345934e-04, 8.0057e+00, 3.4438e-01, 
 2DIAGNOSTIC,    13, -6.378371295250e-01, 1.465879108200e-04, 8.3546e+00, 3.4894e-01, 
 2DIAGNOSTIC,    14, -6.378366670665e-01, 3.779280814964e-05, 8.6608e+00, 3.0618e-01, 
 2DIAGNOSTIC,    15, -6.378364243835e-01, 2.317231071983e-06, 8.9664e+00, 3.0562e-01, 
 2DIAGNOSTIC,    16, -6.378403430559e-01, 1.827291973705e-06, 9.2998e+00, 3.3341e-01, 
 2DIAGNOSTIC,    17, -6.378332900671e-01, 1.444539149499e-06, 9.6423e+00, 3.4252e-01, 
 2DIAGNOSTIC,    18, -6.378341567819e-01, 1.247676051898e-06, 9.9328e+00, 2.9047e-01, 
 2DIAGNOSTIC,    19, -6.378356826789e-01, 1.255780223135e-06, 1.0228e+01, 2.9562e-01, 
 2DIAGNOSTIC,    20, -6.378418094460e-01, 1.413693098008e-06, 1.0580e+01, 3.5119e-01, 
 2DIAGNOSTIC,    21, -6.378378999534e-01, 1.485198061757e-06, 1.0957e+01, 3.7784e-01, 
 2DIAGNOSTIC,    22, -6.378357259690e-01, 1.476679514112e-06, 1.1388e+01, 4.3078e-01, 
 2DIAGNOSTIC,    23, -6.378351674792e-01, 1.392584611792e-06, 1.1728e+01, 3.3932e-01, 
 2DIAGNOSTIC,    24, -6.378364002139e-01, 1.325617884677e-06, 1.2066e+01, 3.3892e-01, 
 2DIAGNOSTIC,    25, -6.378346384647e-01, 1.222044133921e-06, 1.2389e+01, 3.2245e-01, 
 2DIAGNOSTIC,    26, -6.378333371810e-01, 1.182143283006e-06, 1.2749e+01, 3.6012e-01, 
 2DIAGNOSTIC,    27, -6.378326946501e-01, 1.025108342101e-06, 1.3087e+01, 3.3805e-01, 
DIAGNOSTIC,Iteration,metricValue,convergenceValue,ITERATION_TIME_INDEX,SINCE_LAST
 2DIAGNOSTIC,     1, -5.637246475482e-01, 1.797693134862e+308, 1.6025e+01, 2.9375e+00, 
 2DIAGNOSTIC,     2, -5.638440589239e-01, 1.797693134862e+308, 1.8333e+01, 2.3080e+00, 
 2DIAGNOSTIC,     3, -5.638458794703e-01, 1.797693134862e+308, 2.0368e+01, 2.0351e+00, 
 2DIAGNOSTIC,     4, -5.638431681547e-01, 1.797693134862e+308, 2.2333e+01, 1.9650e+00, 
 2DIAGNOSTIC,     5, -5.638462189066e-01, 1.797693134862e+308, 2.4899e+01, 2.5668e+00, 
 2DIAGNOSTIC,     6, -5.638448372062e-01, 1.797693134862e+308, 2.7156e+01, 2.2564e+00, 
 2DIAGNOSTIC,     7, -5.638446116638e-01, 1.797693134862e+308, 2.9196e+01, 2.0396e+00, 
 2DIAGNOSTIC,     8, -5.638441985198e-01, 1.797693134862e+308, 3.1475e+01, 2.2797e+00, 
 2DIAGNOSTIC,     9, -5.638439693808e-01, 1.797693134862e+308, 3.3658e+01, 2.1826e+00, 
 2DIAGNOSTIC,    10, -5.638438246084e-01, 9.147399529424e-06, 3.5786e+01, 2.1282e+00, 
 2DIAGNOSTIC,    11, -5.638437482865e-01, 2.776251699893e-06, 3.7743e+01, 1.9573e+00, 
 2DIAGNOSTIC,    12, -5.638434681217e-01, 2.480354655610e-06, 3.9667e+01, 1.9238e+00, 
 2DIAGNOSTIC,    13, -5.638434808113e-01, 2.320547228291e-06, 4.1584e+01, 1.9172e+00, 
 2DIAGNOSTIC,    14, -5.638434933138e-01, 2.094033729208e-06, 4.3499e+01, 1.9146e+00, 
 2DIAGNOSTIC,    15, -5.638433899136e-01, 2.014003402565e-06, 4.5515e+01, 2.0163e+00, 
 2DIAGNOSTIC,    16, -5.638433828402e-01, 1.910132656394e-06, 4.7622e+01, 2.1070e+00, 
 2DIAGNOSTIC,    17, -5.638432887140e-01, 1.816507344141e-06, 4.9613e+01, 1.9911e+00, 
 2DIAGNOSTIC,    18, -5.638431241240e-01, 1.722306734613e-06, 5.1698e+01, 2.0850e+00, 
 2DIAGNOSTIC,    19, -5.638431059791e-01, 1.635684939473e-06, 5.3463e+01, 1.7643e+00, 
 2DIAGNOSTIC,    20, -5.638430301901e-01, 1.555690881269e-06, 5.5590e+01, 2.1273e+00, 
 2DIAGNOSTIC,    21, -5.638429825243e-01, 1.483787600204e-06, 5.7341e+01, 1.7512e+00, 
 2DIAGNOSTIC,    22, -5.638427101688e-01, 1.408666112174e-06, 5.9388e+01, 2.0470e+00, 
 2DIAGNOSTIC,    23, -5.638425250535e-01, 1.339947025072e-06, 6.1215e+01, 1.8270e+00, 
 2DIAGNOSTIC,    24, -5.638424142427e-01, 1.279010074483e-06, 6.3058e+01, 1.8434e+00, 
 2DIAGNOSTIC,    25, -5.638425962118e-01, 1.228777613313e-06, 6.5022e+01, 1.9637e+00, 
 2DIAGNOSTIC,    26, -5.638425671910e-01, 1.185676667778e-06, 6.6897e+01, 1.8751e+00, 
 2DIAGNOSTIC,    27, -5.638423261642e-01, 1.143256903868e-06, 6.9120e+01, 2.2230e+00, 
 2DIAGNOSTIC,    28, -5.638422876700e-01, 1.103734841190e-06, 7.1112e+01, 1.9923e+00, 
 2DIAGNOSTIC,    29, -5.638422109030e-01, 1.068286773827e-06, 7.3103e+01, 1.9909e+00, 
 2DIAGNOSTIC,    30, -5.638420173450e-01, 1.033219387013e-06, 7.5094e+01, 1.9908e+00, 
  Elapsed time (stage 0): 7.6278e+01


Total elapsed time: 7.6284e+01
Info [verificarlo]: loaded backend libinterflop_vprec.so
Info [interflop-vprec]: load backend with: 
Info [interflop-vprec]: precision-binary32 = 9
Info [interflop-vprec]: range-binary32 = 8
Info [interflop-vprec]: precision-binary64 = 9
Info [interflop-vprec]: range-binary64 = 8
Info [interflop-vprec]: mode = ob
Info [interflop-vprec]: error-mode = rel
Info [interflop-vprec]: max-abs-error-exponent = -1022
Info [interflop-vprec]: daz = false
Info [interflop-vprec]: ftz = false
Info [interflop-vprec]: 	instrument = none
Info [interflop-vprec]: 	prec-input-file = (null)
Info [interflop-vprec]: 	prec-output-file = (null)
Info [interflop-vprec]: 	prec-log-file = (null)
All_Command_lines_OK
Using double precision for computations.
=============================================================================
The composite transform comprises the following transforms (in order): 
  1. /home/mdugre/scratch/mri-registration-rp/datasets/ds004513/derivatives/mri-registration-rp/0001/antsRegistration-r8-p9/sub-s033/affine_Composite.h5[0] (type = Euler3DTransform)
  2. /home/mdugre/scratch/mri-registration-rp/datasets/ds004513/derivatives/mri-registration-rp/0001/antsRegistration-r8-p9/sub-s033/affine_Composite.h5[1] (type = Euler3DTransform)
  3. /home/mdugre/scratch/mri-registration-rp/datasets/ds004513/derivatives/mri-registration-rp/0001/antsRegistration-r8-p9/sub-s033/affine_Composite.h5[2] (type = Euler3DTransform)
  4. /home/mdugre/scratch/mri-registration-rp/datasets/ds004513/derivatives/mri-registration-rp/0001/antsRegistration-r8-p9/sub-s033/affine_Composite.h5[3] (type = AffineTransform)
=============================================================================
  number of levels = 4
