
##########################
# Experiment information #
##########################

EXPERIMENT_NAME: antsRegistration-r7-p7
VFC_BACKENDS: libinterflop_vprec.so --range-binary32=7 --precision-binary32=7 --range-binary64=7 --precision-binary64=7

SIF_IMG: /home/mdugre/projects/rrg-glatard/mdugre/containers/ants-vprec-no_metrics.simg

SUBJECT_ID: s035
INPUT_IMG: /home/mdugre/scratch/mri-registration-rp/datasets/ds004513/derivatives/mri-registration-rp/antsBrainExtraction/sub-s035/BrainExtractionBrain.nii.gz
OUTPUT_DIR: /home/mdugre/scratch/mri-registration-rp/datasets/ds004513/derivatives/mri-registration-rp/0001/antsRegistration-r7-p7/sub-s035

FIXED_IMG: /templateflow/tpl-MNI152NLin2009cAsym/tpl-MNI152NLin2009cAsym_res-01_desc-brain_T1w.nii.gz
DATA_DIR: /home/mdugre/scratch/mri-registration-rp/datasets/ds004513
TEMPLATEFLOW_DIR: /home/mdugre/projects/rrg-glatard/mdugre/templateflow
ITK_GLOBAL_DEFAULT_NUMBER_OF_THREADS: 16
##########################

Info [verificarlo]: loaded backend libinterflop_ieee.so
Info [interflop-ieee]: load backend with:
Info [interflop-ieee]: debug = false
Info [interflop-ieee]: debug-binary = false
Info [interflop-ieee]: no-backend-name = false
Info [interflop-ieee]: print-new-line = false
Info [interflop-ieee]: print-subnormal-normalized = false
Info [interflop-ieee]: count-op = false
All_Command_lines_OK
Using double precision for computations.
=============================================================================
The composite transform comprises the following transforms (in order): 
  1. Center of mass alignment using fixed image: /templateflow/tpl-MNI152NLin2009cAsym/tpl-MNI152NLin2009cAsym_res-01_desc-brain_T1w.nii.gz and moving image: /home/mdugre/scratch/mri-registration-rp/datasets/ds004513/derivatives/mri-registration-rp/antsBrainExtraction/sub-s035/BrainExtractionBrain.nii.gz (type = Euler3DTransform)
=============================================================================
  number of levels = 1
  fixed image: /templateflow/tpl-MNI152NLin2009cAsym/tpl-MNI152NLin2009cAsym_res-01_desc-brain_T1w.nii.gz
  moving image: /home/mdugre/scratch/mri-registration-rp/datasets/ds004513/derivatives/mri-registration-rp/antsBrainExtraction/sub-s035/BrainExtractionBrain.nii.gz
Dimension = 3
Number of stages = 1
Use histogram matching = false
Winsorize image intensities = true
  Lower quantile = 0.005
  Upper quantile = 0.995


Stage 1 State
   Image metric = MattesMI
     Fixed image = Image (0x49efbd0)
  RTTI typeinfo:   itk::Image<double, 3u>
  Reference Count: 2
  Modified Time: 2330
  Debug: Off
  Object Name: 
  Observers: 
    none
  Source: (none)
  Source output name: (none)
  Release Data: Off
  Data Released: False
  Global Release Data: Off
  PipelineMTime: 0
  UpdateMTime: 1941
  RealTimeStamp: 0 seconds 
  LargestPossibleRegion: 
    Dimension: 3
    Index: [0, 0, 0]
    Size: [193, 229, 193]
  BufferedRegion: 
    Dimension: 3
    Index: [0, 0, 0]
    Size: [193, 229, 193]
  RequestedRegion: 
    Dimension: 3
    Index: [0, 0, 0]
    Size: [193, 229, 193]
  Spacing: [1, 1, 1]
  Origin: [96, 132, -78]
  Direction: 
-1 0 0
0 -1 0
0 0 1

  IndexToPointMatrix: 
-1 0 0
0 -1 0
0 0 1

  PointToIndexMatrix: 
-1 0 0
0 -1 0
0 0 1

  Inverse Direction: 
-1 0 0
0 -1 0
0 0 1

  PixelContainer: 
    ImportImageContainer (0x49f89e0)
      RTTI typeinfo:   itk::ImportImageContainer<unsigned long, double>
      Reference Count: 1
      Modified Time: 1938
      Debug: Off
      Object Name: 
      Observers: 
        none
      Pointer: 0x145f3f20f010
      Container manages memory: true
      Size: 8530021
      Capacity: 8530021

     Moving image = Image (0x49f9d40)
  RTTI typeinfo:   itk::Image<double, 3u>
  Reference Count: 2
  Modified Time: 2331
  Debug: Off
  Object Name: 
  Observers: 
    none
  Source: (none)
  Source output name: (none)
  Release Data: Off
  Data Released: False
  Global Release Data: Off
  PipelineMTime: 0
  UpdateMTime: 2328
  RealTimeStamp: 0 seconds 
  LargestPossibleRegion: 
    Dimension: 3
    Index: [0, 0, 0]
    Size: [160, 240, 256]
  BufferedRegion: 
    Dimension: 3
    Index: [0, 0, 0]
    Size: [160, 240, 256]
  RequestedRegion: 
    Dimension: 3
    Index: [0, 0, 0]
    Size: [160, 240, 256]
  Spacing: [1, 1, 1]
  Origin: [98.6438, 87.6358, -117.989]
  Direction: 
-0.993515 -0.100993 -0.0522355
0.100854 -0.994887 0.00530255
-0.0525039 1.93537e-08 0.998621

  IndexToPointMatrix: 
-0.993515 -0.100993 -0.0522355
0.100854 -0.994887 0.00530255
-0.0525039 1.93537e-08 0.998621

  PointToIndexMatrix: 
-0.993515 0.100854 -0.0525039
-0.100993 -0.994887 1.93006e-08
-0.0522355 0.00530255 0.998621

  Inverse Direction: 
-0.993515 0.100854 -0.0525039
-0.100993 -0.994887 1.93006e-08
-0.0522355 0.00530255 0.998621

  PixelContainer: 
    ImportImageContainer (0x4a1f850)
      RTTI typeinfo:   itk::ImportImageContainer<unsigned long, double>
      Reference Count: 1
      Modified Time: 2325
      Debug: Off
      Object Name: 
      Observers: 
        none
      Pointer: 0x145f3a70e010
      Container manages memory: true
      Size: 9830400
      Capacity: 9830400

     Weighting = 1
     Sampling strategy = regular
     Number of bins = 32
     Radius = 4
     Sampling percentage  = 0.25
   Transform = Rigid
     Gradient step = 0.1
     Update field sigma (voxel space) = 0
     Total field sigma (voxel space) = 0
     Update field time sigma = 0
     Total field time sigma  = 0
     Number of time indices = 0
     Number of time point samples = 0
Registration using 1 total stages.

Stage 0
  iterations = 0
  convergence threshold = 1e-06
  convergence window size = 10
  number of levels = 1
  using the Mattes MI metric (number of bins = 32, weight = 1, use gradient filter = 0)
  preprocessing:  winsorizing the image intensities
  Shrink factors (level 1 out of 1): [1, 1, 1]
  smoothing sigmas per level: [0]
  regular sampling (percentage = 0.25)

*** Running Euler3DTransform registration ***

  Elapsed time (stage 0): 1.10037


Total elapsed time: 1.10476
Info [verificarlo]: loaded backend libinterflop_ieee.so
Info [interflop-ieee]: load backend with:
Info [interflop-ieee]: debug = false
Info [interflop-ieee]: debug-binary = false
Info [interflop-ieee]: no-backend-name = false
Info [interflop-ieee]: print-new-line = false
Info [interflop-ieee]: print-subnormal-normalized = false
Info [interflop-ieee]: count-op = false
All_Command_lines_OK
Using double precision for computations.
=============================================================================
The composite transform comprises the following transforms (in order): 
  1. /home/mdugre/scratch/mri-registration-rp/datasets/ds004513/derivatives/mri-registration-rp/0001/antsRegistration-r7-p7/sub-s035/align_Composite.h5[0] (type = Euler3DTransform)
  2. /home/mdugre/scratch/mri-registration-rp/datasets/ds004513/derivatives/mri-registration-rp/0001/antsRegistration-r7-p7/sub-s035/align_Composite.h5[1] (type = Euler3DTransform)
=============================================================================
  number of levels = 4
  fixed image: /templateflow/tpl-MNI152NLin2009cAsym/tpl-MNI152NLin2009cAsym_res-01_desc-brain_T1w.nii.gz
  moving image: /home/mdugre/scratch/mri-registration-rp/datasets/ds004513/derivatives/mri-registration-rp/antsBrainExtraction/sub-s035/BrainExtractionBrain.nii.gz
Dimension = 3
Number of stages = 1
Use histogram matching = false
Winsorize image intensities = true
  Lower quantile = 0.005
  Upper quantile = 0.995


Stage 1 State
   Image metric = MattesMI
     Fixed image = Image (0x4c88530)
  RTTI typeinfo:   itk::Image<double, 3u>
  Reference Count: 2
  Modified Time: 1578
  Debug: Off
  Object Name: 
  Observers: 
    none
  Source: (none)
  Source output name: (none)
  Release Data: Off
  Data Released: False
  Global Release Data: Off
  PipelineMTime: 0
  UpdateMTime: 1189
  RealTimeStamp: 0 seconds 
  LargestPossibleRegion: 
    Dimension: 3
    Index: [0, 0, 0]
    Size: [193, 229, 193]
  BufferedRegion: 
    Dimension: 3
    Index: [0, 0, 0]
    Size: [193, 229, 193]
  RequestedRegion: 
    Dimension: 3
    Index: [0, 0, 0]
    Size: [193, 229, 193]
  Spacing: [1, 1, 1]
  Origin: [96, 132, -78]
  Direction: 
-1 0 0
0 -1 0
0 0 1

  IndexToPointMatrix: 
-1 0 0
0 -1 0
0 0 1

  PointToIndexMatrix: 
-1 0 0
0 -1 0
0 0 1

  Inverse Direction: 
-1 0 0
0 -1 0
0 0 1

  PixelContainer: 
    ImportImageContainer (0x4d46d60)
      RTTI typeinfo:   itk::ImportImageContainer<unsigned long, double>
      Reference Count: 1
      Modified Time: 1186
      Debug: Off
      Object Name: 
      Observers: 
        none
      Pointer: 0x1476d386a010
      Container manages memory: true
      Size: 8530021
      Capacity: 8530021

     Moving image = Image (0x4d38f60)
  RTTI typeinfo:   itk::Image<double, 3u>
  Reference Count: 2
  Modified Time: 1579
  Debug: Off
  Object Name: 
  Observers: 
    none
  Source: (none)
  Source output name: (none)
  Release Data: Off
  Data Released: False
  Global Release Data: Off
  PipelineMTime: 0
  UpdateMTime: 1576
  RealTimeStamp: 0 seconds 
  LargestPossibleRegion: 
    Dimension: 3
    Index: [0, 0, 0]
    Size: [160, 240, 256]
  BufferedRegion: 
    Dimension: 3
    Index: [0, 0, 0]
    Size: [160, 240, 256]
  RequestedRegion: 
    Dimension: 3
    Index: [0, 0, 0]
    Size: [160, 240, 256]
  Spacing: [1, 1, 1]
  Origin: [98.6438, 87.6358, -117.989]
  Direction: 
-0.993515 -0.100993 -0.0522355
0.100854 -0.994887 0.00530255
-0.0525039 1.93537e-08 0.998621

  IndexToPointMatrix: 
-0.993515 -0.100993 -0.0522355
0.100854 -0.994887 0.00530255
-0.0525039 1.93537e-08 0.998621

  PointToIndexMatrix: 
-0.993515 0.100854 -0.0525039
-0.100993 -0.994887 1.93006e-08
-0.0522355 0.00530255 0.998621

  Inverse Direction: 
-0.993515 0.100854 -0.0525039
-0.100993 -0.994887 1.93006e-08
-0.0522355 0.00530255 0.998621

  PixelContainer: 
    ImportImageContainer (0x4d2a6d0)
      RTTI typeinfo:   itk::ImportImageContainer<unsigned long, double>
      Reference Count: 1
      Modified Time: 1573
      Debug: Off
      Object Name: 
      Observers: 
        none
      Pointer: 0x1476ced69010
      Container manages memory: true
      Size: 9830400
      Capacity: 9830400

     Weighting = 1
     Sampling strategy = regular
     Number of bins = 32
     Radius = 4
     Sampling percentage  = 0.25
   Transform = Rigid
     Gradient step = 0.1
     Update field sigma (voxel space) = 0
     Total field sigma (voxel space) = 0
     Update field time sigma = 0
     Total field time sigma  = 0
     Number of time indices = 0
     Number of time point samples = 0
Registration using 1 total stages.

Stage 0
  iterations = 1000x500x250x100
  convergence threshold = 1e-06
  convergence window size = 10
  number of levels = 4
  using the Mattes MI metric (number of bins = 32, weight = 1, use gradient filter = 0)
  preprocessing:  winsorizing the image intensities
  Shrink factors (level 1 out of 4): [8, 8, 8]
  Shrink factors (level 2 out of 4): [4, 4, 4]
  Shrink factors (level 3 out of 4): [2, 2, 2]
  Shrink factors (level 4 out of 4): [1, 1, 1]
  smoothing sigmas per level: [3, 2, 1, 0]
  regular sampling (percentage = 0.25)

*** Running Euler3DTransform registration ***

DIAGNOSTIC,Iteration,metricValue,convergenceValue,ITERATION_TIME_INDEX,SINCE_LAST
 2DIAGNOSTIC,     1, -5.238630234552e-01, 1.797693134862e+308, 7.3443e-01, 7.3443e-01, 
 2DIAGNOSTIC,     2, -5.257885820767e-01, 1.797693134862e+308, 7.3869e-01, 4.2591e-03, 
 2DIAGNOSTIC,     3, -5.278597554839e-01, 1.797693134862e+308, 7.4272e-01, 4.0340e-03, 
 2DIAGNOSTIC,     4, -5.302176117225e-01, 1.797693134862e+308, 7.4717e-01, 4.4510e-03, 
 2DIAGNOSTIC,     5, -5.343462816845e-01, 1.797693134862e+308, 7.5166e-01, 4.4870e-03, 
 2DIAGNOSTIC,     6, -5.399239396740e-01, 1.797693134862e+308, 7.5618e-01, 4.5140e-03, 
 2DIAGNOSTIC,     7, -5.490554822001e-01, 1.797693134862e+308, 7.6056e-01, 4.3828e-03, 
 2DIAGNOSTIC,     8, -5.545204224448e-01, 1.797693134862e+308, 7.6911e-01, 8.5471e-03, 
 2DIAGNOSTIC,     9, -5.601437715553e-01, 1.797693134862e+308, 7.7572e-01, 6.6140e-03, 
 2DIAGNOSTIC,    10, -5.617741193774e-01, 5.067640484485e-03, 7.8126e-01, 5.5389e-03, 
 2DIAGNOSTIC,    11, -5.649562249041e-01, 4.796539612083e-03, 7.8755e-01, 6.2871e-03, 
 2DIAGNOSTIC,    12, -5.658710903081e-01, 4.260783098155e-03, 7.9255e-01, 5.0030e-03, 
 2DIAGNOSTIC,    13, -5.662828333056e-01, 3.524744036645e-03, 7.9752e-01, 4.9691e-03, 
 2DIAGNOSTIC,    14, -5.685908474577e-01, 2.751340472953e-03, 8.0279e-01, 5.2710e-03, 
 2DIAGNOSTIC,    15, -5.732745043306e-01, 2.134644679428e-03, 8.0954e-01, 6.7480e-03, 
 2DIAGNOSTIC,    16, -5.738084427845e-01, 1.591333148336e-03, 8.1511e-01, 5.5690e-03, 
 2DIAGNOSTIC,    17, -5.739093703465e-01, 1.247363567739e-03, 8.1935e-01, 4.2450e-03, 
 2DIAGNOSTIC,    18, -5.745773598458e-01, 1.002163966315e-03, 8.2356e-01, 4.2090e-03, 
 2DIAGNOSTIC,    19, -5.752045522723e-01, 8.579763081922e-04, 8.2777e-01, 4.2129e-03, 
 2DIAGNOSTIC,    20, -5.755578777727e-01, 6.955845773875e-04, 8.3202e-01, 4.2491e-03, 
 2DIAGNOSTIC,    21, -5.761681227725e-01, 5.767135182708e-04, 8.3625e-01, 4.2329e-03, 
 2DIAGNOSTIC,    22, -5.775610178281e-01, 4.707067062546e-04, 8.4100e-01, 4.7419e-03, 
 2DIAGNOSTIC,    23, -5.801876522133e-01, 3.965856196826e-04, 8.4537e-01, 4.3728e-03, 
 2DIAGNOSTIC,    24, -5.873578871762e-01, 4.881452203955e-04, 8.5133e-01, 5.9619e-03, 
 2DIAGNOSTIC,    25, -5.924052233482e-01, 7.199711435205e-04, 8.5721e-01, 5.8770e-03, 
 2DIAGNOSTIC,    26, -5.933789722531e-01, 8.944842700443e-04, 8.6259e-01, 5.3790e-03, 
 2DIAGNOSTIC,    27, -5.948140362553e-01, 1.002036484463e-03, 8.6772e-01, 5.1310e-03, 
 2DIAGNOSTIC,    28, -5.954370004538e-01, 1.029952320898e-03, 8.7217e-01, 4.4541e-03, 
 2DIAGNOSTIC,    29, -5.955619965619e-01, 9.699000563263e-04, 8.7643e-01, 4.2531e-03, 
 2DIAGNOSTIC,    30, -5.960977142434e-01, 8.366692960176e-04, 8.8086e-01, 4.4360e-03, 
 2DIAGNOSTIC,    31, -5.971105016165e-01, 6.606986235792e-04, 8.8610e-01, 5.2431e-03, 
 2DIAGNOSTIC,    32, -5.989728413273e-01, 4.853112632200e-04, 8.9314e-01, 7.0312e-03, 
 2DIAGNOSTIC,    33, -5.996340171302e-01, 3.222359248994e-04, 8.9744e-01, 4.3001e-03, 
 2DIAGNOSTIC,    34, -5.997688324950e-01, 2.443793017387e-04, 9.0222e-01, 4.7851e-03, 
 2DIAGNOSTIC,    35, -5.999328162898e-01, 2.224308792455e-04, 9.0776e-01, 5.5411e-03, 
 2DIAGNOSTIC,    36, -6.001598298663e-01, 1.965988112013e-04, 9.1229e-01, 4.5252e-03, 
 2DIAGNOSTIC,    37, -6.004938013079e-01, 1.767006122699e-04, 9.1703e-01, 4.7472e-03, 
 2DIAGNOSTIC,    38, -6.008280010338e-01, 1.536048166453e-04, 9.2142e-01, 4.3821e-03, 
 2DIAGNOSTIC,    39, -6.038559363819e-01, 1.574331428849e-04, 9.2631e-01, 4.8909e-03, 
 2DIAGNOSTIC,    40, -6.077047300835e-01, 1.993081216899e-04, 9.3080e-01, 4.4940e-03, 
 2DIAGNOSTIC,    41, -6.174632778616e-01, 3.481388016755e-04, 9.3637e-01, 5.5649e-03, 
 2DIAGNOSTIC,    42, -6.161978015232e-01, 4.608909537577e-04, 9.4482e-01, 8.4500e-03, 
 2DIAGNOSTIC,    43, -6.161564717063e-01, 5.335375083746e-04, 9.4895e-01, 4.1330e-03, 
 2DIAGNOSTIC,    44, -6.170772395319e-01, 5.644825828439e-04, 9.5306e-01, 4.1070e-03, 
 2DIAGNOSTIC,    45, -6.185357412647e-01, 5.560480825359e-04, 9.5718e-01, 4.1199e-03, 
 2DIAGNOSTIC,    46, -6.206472688050e-01, 5.180562923754e-04, 9.6127e-01, 4.0948e-03, 
 2DIAGNOSTIC,    47, -6.234100469168e-01, 4.649607354477e-04, 9.6545e-01, 4.1800e-03, 
 2DIAGNOSTIC,    48, -6.282459781074e-01, 4.232184681532e-04, 9.6957e-01, 4.1192e-03, 
 2DIAGNOSTIC,    49, -6.332856860301e-01, 4.219351673088e-04, 9.7374e-01, 4.1680e-03, 
 2DIAGNOSTIC,    50, -6.437673198563e-01, 5.158695487858e-04, 9.7803e-01, 4.2961e-03, 
 2DIAGNOSTIC,    51, -6.567709933341e-01, 7.709765591395e-04, 9.8227e-01, 4.2400e-03, 
 2DIAGNOSTIC,    52, -6.630139296388e-01, 9.856109944565e-04, 9.8710e-01, 4.8261e-03, 
 2DIAGNOSTIC,    53, -6.637658016170e-01, 1.103854449825e-03, 9.9127e-01, 4.1649e-03, 
 2DIAGNOSTIC,    54, -6.646848044525e-01, 1.129224313128e-03, 9.9550e-01, 4.2338e-03, 
 2DIAGNOSTIC,    55, -6.699954447226e-01, 1.103369844067e-03, 1.0030e+00, 7.5049e-03, 
 2DIAGNOSTIC,    56, -6.720089736039e-01, 1.005089405430e-03, 1.0113e+00, 8.3430e-03, 
 2DIAGNOSTIC,    57, -6.720481466239e-01, 8.375233709216e-04, 1.0155e+00, 4.1330e-03, 
 2DIAGNOSTIC,    58, -6.725919368279e-01, 6.425660082507e-04, 1.0196e+00, 4.1010e-03, 
 2DIAGNOSTIC,    59, -6.729036284112e-01, 4.360790572613e-04, 1.0237e+00, 4.0760e-03, 
 2DIAGNOSTIC,    60, -6.731488686021e-01, 2.773039746481e-04, 1.0278e+00, 4.1521e-03, 
 2DIAGNOSTIC,    61, -6.734259018220e-01, 1.993309249574e-04, 1.0319e+00, 4.0569e-03, 
 2DIAGNOSTIC,    62, -6.739132030125e-01, 1.568962070112e-04, 1.0360e+00, 4.0860e-03, 
 2DIAGNOSTIC,    63, -6.762842980059e-01, 1.247265666589e-04, 1.0417e+00, 5.7299e-03, 
 2DIAGNOSTIC,    64, -6.766381375256e-01, 8.969388490106e-05, 1.0458e+00, 4.1039e-03, 
 2DIAGNOSTIC,    65, -6.771215011177e-01, 8.898286831823e-05, 1.0499e+00, 4.1399e-03, 
 2DIAGNOSTIC,    66, -6.778537007404e-01, 9.953406414808e-05, 1.0546e+00, 4.7059e-03, 
 2DIAGNOSTIC,    67, -6.792268476349e-01, 1.098308666886e-04, 1.0603e+00, 5.6951e-03, 
 2DIAGNOSTIC,    68, -6.807680453447e-01, 1.231388584644e-04, 1.0645e+00, 4.1280e-03, 
 2DIAGNOSTIC,    69, -6.815199045571e-01, 1.312160555396e-04, 1.0686e+00, 4.1711e-03, 
 2DIAGNOSTIC,    70, -6.818104129321e-01, 1.303104661690e-04, 1.0742e+00, 5.5821e-03, 
 2DIAGNOSTIC,    71, -6.820509765018e-01, 1.205017364793e-04, 1.0783e+00, 4.0741e-03, 
 2DIAGNOSTIC,    72, -6.822316542168e-01, 1.032395779495e-04, 1.0824e+00, 4.0841e-03, 
 2DIAGNOSTIC,    73, -6.825798675205e-01, 9.372155105598e-05, 1.0880e+00, 5.5871e-03, 
 2DIAGNOSTIC,    74, -6.826264170634e-01, 7.797270775350e-05, 1.0920e+00, 4.0681e-03, 
 2DIAGNOSTIC,    75, -6.826914761753e-01, 5.871140835469e-05, 1.0961e+00, 4.0920e-03, 
 2DIAGNOSTIC,    76, -6.828123585462e-01, 3.951744206580e-05, 1.1002e+00, 4.0760e-03, 
 2DIAGNOSTIC,    77, -6.832345060032e-01, 2.762949724601e-05, 1.1044e+00, 4.1988e-03, 
 2DIAGNOSTIC,    78, -6.838171362477e-01, 2.580890647037e-05, 1.1105e+00, 6.0868e-03, 
 2DIAGNOSTIC,    79, -6.837375914358e-01, 2.542071557117e-05, 1.1145e+00, 4.0529e-03, 
 2DIAGNOSTIC,    80, -6.837940558781e-01, 2.471282891877e-05, 1.1186e+00, 4.0870e-03, 
 2DIAGNOSTIC,    81, -6.839726117748e-01, 2.406976256212e-05, 1.1227e+00, 4.0870e-03, 
 2DIAGNOSTIC,    82, -6.841107338702e-01, 2.280951353507e-05, 1.1271e+00, 4.4279e-03, 
 2DIAGNOSTIC,    83, -6.851044914354e-01, 2.675593468634e-05, 1.1329e+00, 5.7638e-03, 
 2DIAGNOSTIC,    84, -6.858177049419e-01, 3.208640495421e-05, 1.1387e+00, 5.8100e-03, 
 2DIAGNOSTIC,    85, -6.861554757840e-01, 3.640188030254e-05, 1.1452e+00, 6.4540e-03, 
 2DIAGNOSTIC,    86, -6.861557741627e-01, 3.780005033253e-05, 1.1491e+00, 3.9799e-03, 
 2DIAGNOSTIC,    87, -6.861667908094e-01, 3.777621229560e-05, 1.1531e+00, 3.9580e-03, 
 2DIAGNOSTIC,    88, -6.861798375836e-01, 3.717355940187e-05, 1.1607e+00, 7.6070e-03, 
 2DIAGNOSTIC,    89, -6.861875390100e-01, 3.259229755721e-05, 1.1687e+00, 8.0330e-03, 
 2DIAGNOSTIC,    90, -6.861913671912e-01, 2.533761138049e-05, 1.1727e+00, 3.9608e-03, 
 2DIAGNOSTIC,    91, -6.861983627714e-01, 1.686224843512e-05, 1.1767e+00, 3.9608e-03, 
 2DIAGNOSTIC,    92, -6.862112688482e-01, 7.666306931851e-06, 1.1806e+00, 3.9868e-03, 
 2DIAGNOSTIC,    93, -6.862266856302e-01, 2.806195432538e-06, 1.1851e+00, 4.4580e-03, 
 2DIAGNOSTIC,    94, -6.862421093030e-01, 1.277764942506e-06, 1.1897e+00, 4.6401e-03, 
 2DIAGNOSTIC,    95, -6.863402848547e-01, 1.768276592994e-06, 1.1948e+00, 5.0991e-03, 
 2DIAGNOSTIC,    96, -6.863402722444e-01, 2.101149572198e-06, 1.1991e+00, 4.2470e-03, 
 2DIAGNOSTIC,    97, -6.863405087347e-01, 2.314728491361e-06, 1.2035e+00, 4.3900e-03, 
 2DIAGNOSTIC,    98, -6.863412493128e-01, 2.402843303854e-06, 1.2085e+00, 5.0530e-03, 
 2DIAGNOSTIC,    99, -6.863464293850e-01, 2.346835163359e-06, 1.2149e+00, 6.3422e-03, 
 2DIAGNOSTIC,   100, -6.863467368617e-01, 2.109936418913e-06, 1.2205e+00, 5.6431e-03, 
 2DIAGNOSTIC,   101, -6.863467412982e-01, 1.737409311631e-06, 1.2337e+00, 1.3230e-02, 
 2DIAGNOSTIC,   102, -6.863467412981e-01, 1.300720106973e-06, 1.2433e+00, 9.5439e-03, 
DIAGNOSTIC,Iteration,metricValue,convergenceValue,ITERATION_TIME_INDEX,SINCE_LAST
 2DIAGNOSTIC,     1, -5.582133088989e-01, 1.797693134862e+308, 1.9397e+00, 6.9646e-01, 
 2DIAGNOSTIC,     2, -5.585611407784e-01, 1.797693134862e+308, 1.9680e+00, 2.8297e-02, 
 2DIAGNOSTIC,     3, -5.591043761404e-01, 1.797693134862e+308, 1.9957e+00, 2.7669e-02, 
 2DIAGNOSTIC,     4, -5.598085013362e-01, 1.797693134862e+308, 2.0251e+00, 2.9397e-02, 
 2DIAGNOSTIC,     5, -5.608426993876e-01, 1.797693134862e+308, 2.0588e+00, 3.3716e-02, 
 2DIAGNOSTIC,     6, -5.612132160233e-01, 1.797693134862e+308, 2.0886e+00, 2.9796e-02, 
 2DIAGNOSTIC,     7, -5.624401266521e-01, 1.797693134862e+308, 2.1264e+00, 3.7749e-02, 
 2DIAGNOSTIC,     8, -5.635137468972e-01, 1.797693134862e+308, 2.1560e+00, 2.9673e-02, 
 2DIAGNOSTIC,     9, -5.652768581840e-01, 1.797693134862e+308, 2.1883e+00, 3.2210e-02, 
 2DIAGNOSTIC,    10, -5.660091601497e-01, 9.167175307938e-04, 2.2302e+00, 4.1924e-02, 
 2DIAGNOSTIC,    11, -5.659938145511e-01, 8.652294026792e-04, 2.2615e+00, 3.1340e-02, 
 2DIAGNOSTIC,    12, -5.661200666117e-01, 7.659752588258e-04, 2.2898e+00, 2.8313e-02, 
 2DIAGNOSTIC,    13, -5.661229187550e-01, 6.335364018262e-04, 2.3262e+00, 3.6353e-02, 
 2DIAGNOSTIC,    14, -5.661384332691e-01, 4.873302140671e-04, 2.3599e+00, 3.3677e-02, 
 2DIAGNOSTIC,    15, -5.661265066867e-01, 3.510119480890e-04, 2.3920e+00, 3.2175e-02, 
 2DIAGNOSTIC,    16, -5.661302747390e-01, 2.117734224983e-04, 2.4235e+00, 3.1420e-02, 
 2DIAGNOSTIC,    17, -5.661442992624e-01, 1.065223011322e-04, 2.4519e+00, 2.8436e-02, 
 2DIAGNOSTIC,    18, -5.661566325642e-01, 3.257321447881e-05, 2.4838e+00, 3.1860e-02, 
 2DIAGNOSTIC,    19, -5.661651784404e-01, 1.008619268379e-05, 2.5158e+00, 3.2016e-02, 
 2DIAGNOSTIC,    20, -5.661706015880e-01, 7.727529236806e-06, 2.5481e+00, 3.2286e-02, 
 2DIAGNOSTIC,    21, -5.661679124730e-01, 4.512451527071e-06, 2.5799e+00, 3.1843e-02, 
 2DIAGNOSTIC,    22, -5.661683700114e-01, 4.211280365748e-06, 2.6126e+00, 3.2738e-02, 
 2DIAGNOSTIC,    23, -5.661498024352e-01, 3.316964429456e-06, 2.6444e+00, 3.1735e-02, 
 2DIAGNOSTIC,    24, -5.661404513621e-01, 2.464865338968e-06, 2.6765e+00, 3.2153e-02, 
 2DIAGNOSTIC,    25, -5.661294851680e-01, 1.117430502115e-06, 2.7042e+00, 2.7700e-02, 
DIAGNOSTIC,Iteration,metricValue,convergenceValue,ITERATION_TIME_INDEX,SINCE_LAST
 2DIAGNOSTIC,     1, -5.037008989084e-01, 1.797693134862e+308, 3.7928e+00, 1.0885e+00, 
 2DIAGNOSTIC,     2, -5.038817152680e-01, 1.797693134862e+308, 4.0338e+00, 2.4101e-01, 
 2DIAGNOSTIC,     3, -5.040520276466e-01, 1.797693134862e+308, 4.2387e+00, 2.0495e-01, 
 2DIAGNOSTIC,     4, -5.041785166283e-01, 1.797693134862e+308, 4.4895e+00, 2.5077e-01, 
 2DIAGNOSTIC,     5, -5.042623488048e-01, 1.797693134862e+308, 4.7414e+00, 2.5190e-01, 
 2DIAGNOSTIC,     6, -5.043359896880e-01, 1.797693134862e+308, 5.0533e+00, 3.1188e-01, 
 2DIAGNOSTIC,     7, -5.043659055963e-01, 1.797693134862e+308, 5.2707e+00, 2.1746e-01, 
 2DIAGNOSTIC,     8, -5.045466943706e-01, 1.797693134862e+308, 5.4677e+00, 1.9702e-01, 
 2DIAGNOSTIC,     9, -5.046052155265e-01, 1.797693134862e+308, 5.6861e+00, 2.1838e-01, 
 2DIAGNOSTIC,    10, -5.046037488851e-01, 1.148849404648e-04, 6.0172e+00, 3.3112e-01, 
 2DIAGNOSTIC,    11, -5.046059245408e-01, 8.709627120390e-05, 6.2397e+00, 2.2241e-01, 
 2DIAGNOSTIC,    12, -5.046042527120e-01, 6.468425056015e-05, 6.4846e+00, 2.4495e-01, 
 2DIAGNOSTIC,    13, -5.046026529699e-01, 4.722913366295e-05, 6.7255e+00, 2.4095e-01, 
 2DIAGNOSTIC,    14, -5.046019823219e-01, 3.316013098002e-05, 6.9584e+00, 2.3284e-01, 
 2DIAGNOSTIC,    15, -5.046032850931e-01, 2.138267905111e-05, 7.2085e+00, 2.5008e-01, 
 2DIAGNOSTIC,    16, -5.046006212837e-01, 1.188825115668e-05, 7.4577e+00, 2.4921e-01, 
 2DIAGNOSTIC,    17, -5.045997994834e-01, 3.418554937344e-06, 7.6776e+00, 2.1996e-01, 
 2DIAGNOSTIC,    18, -5.045999895483e-01, 1.362123761575e-06, 7.9350e+00, 2.5735e-01, 
 2DIAGNOSTIC,    19, -5.046011924914e-01, 1.330786917206e-06, 8.1872e+00, 2.5223e-01, 
 2DIAGNOSTIC,    20, -5.045995695100e-01, 1.242907193250e-06, 8.4320e+00, 2.4480e-01, 
 2DIAGNOSTIC,    21, -5.045978992650e-01, 1.212741720165e-06, 8.7161e+00, 2.8405e-01, 
 2DIAGNOSTIC,    22, -5.045970540424e-01, 1.152433777310e-06, 8.9644e+00, 2.4836e-01, 
 2DIAGNOSTIC,    23, -5.045952783393e-01, 1.041317137372e-06, 9.1913e+00, 2.2689e-01, 
DIAGNOSTIC,Iteration,metricValue,convergenceValue,ITERATION_TIME_INDEX,SINCE_LAST
 2DIAGNOSTIC,     1, -4.672466012784e-01, 1.797693134862e+308, 1.1674e+01, 2.4828e+00, 
 2DIAGNOSTIC,     2, -4.673972342056e-01, 1.797693134862e+308, 1.3863e+01, 2.1892e+00, 
 2DIAGNOSTIC,     3, -4.673988267168e-01, 1.797693134862e+308, 1.5856e+01, 1.9931e+00, 
 2DIAGNOSTIC,     4, -4.673988375993e-01, 1.797693134862e+308, 1.7419e+01, 1.5629e+00, 
 2DIAGNOSTIC,     5, -4.673985870465e-01, 1.797693134862e+308, 1.9052e+01, 1.6325e+00, 
 2DIAGNOSTIC,     6, -4.673984753092e-01, 1.797693134862e+308, 2.0640e+01, 1.5880e+00, 
 2DIAGNOSTIC,     7, -4.673980871552e-01, 1.797693134862e+308, 2.2045e+01, 1.4047e+00, 
 2DIAGNOSTIC,     8, -4.673982862138e-01, 1.797693134862e+308, 2.4235e+01, 2.1900e+00, 
 2DIAGNOSTIC,     9, -4.673985412438e-01, 1.797693134862e+308, 2.6127e+01, 1.8928e+00, 
 2DIAGNOSTIC,    10, -4.673986308727e-01, 1.244976929478e-05, 3.0621e+01, 4.4938e+00, 
 2DIAGNOSTIC,    11, -4.673986308722e-01, 2.936834578818e-06, 3.4692e+01, 4.0710e+00, 
 2DIAGNOSTIC,    12, -4.673986308722e-01, 2.636610730064e-06, 3.6496e+01, 1.8035e+00, 
 2DIAGNOSTIC,    13, -4.673986308722e-01, 2.458050806731e-06, 3.8493e+01, 1.9975e+00, 
 2DIAGNOSTIC,    14, -4.673986308722e-01, 2.304211730517e-06, 4.0202e+01, 1.7091e+00, 
 2DIAGNOSTIC,    15, -4.673986308722e-01, 2.157776198330e-06, 4.1967e+01, 1.7650e+00, 
 2DIAGNOSTIC,    16, -4.673986308722e-01, 2.022659300285e-06, 4.3771e+01, 1.8035e+00, 
 2DIAGNOSTIC,    17, -4.673986308722e-01, 1.886336897419e-06, 4.5439e+01, 1.6680e+00, 
 2DIAGNOSTIC,    18, -4.673986308722e-01, 1.770278162588e-06, 4.6901e+01, 1.4619e+00, 
 2DIAGNOSTIC,    19, -4.673986308722e-01, 1.674235525773e-06, 4.8854e+01, 1.9531e+00, 
 2DIAGNOSTIC,    20, -4.673986308722e-01, 1.590522382806e-06, 5.0444e+01, 1.5903e+00, 
 2DIAGNOSTIC,    21, -4.673986308722e-01, 1.514782031843e-06, 5.2621e+01, 2.1764e+00, 
 2DIAGNOSTIC,    22, -4.673986308722e-01, 1.445927270610e-06, 5.3961e+01, 1.3405e+00, 
 2DIAGNOSTIC,    23, -4.673986308722e-01, 1.383059965755e-06, 5.5627e+01, 1.6655e+00, 
 2DIAGNOSTIC,    24, -4.673986308722e-01, 1.325431675026e-06, 5.7213e+01, 1.5865e+00, 
 2DIAGNOSTIC,    25, -4.673986308722e-01, 1.272413708349e-06, 5.8797e+01, 1.5843e+00, 
 2DIAGNOSTIC,    26, -4.673986308722e-01, 1.223474098574e-06, 6.0332e+01, 1.5346e+00, 
 2DIAGNOSTIC,    27, -4.673986308722e-01, 1.178159689377e-06, 6.1972e+01, 1.6398e+00, 
 2DIAGNOSTIC,    28, -4.673986308722e-01, 1.136082061808e-06, 6.3608e+01, 1.6365e+00, 
 2DIAGNOSTIC,    29, -4.673986308722e-01, 1.096906372615e-06, 6.5342e+01, 1.7334e+00, 
 2DIAGNOSTIC,    30, -4.673986308722e-01, 1.060342424759e-06, 6.7048e+01, 1.7065e+00, 
 2DIAGNOSTIC,    31, -4.673986308722e-01, 1.026137466394e-06, 6.8725e+01, 1.6765e+00, 
  Elapsed time (stage 0): 6.9659e+01


Total elapsed time: 6.9666e+01
Info [verificarlo]: loaded backend libinterflop_ieee.so
Info [interflop-ieee]: load backend with:
Info [interflop-ieee]: debug = false
Info [interflop-ieee]: debug-binary = false
Info [interflop-ieee]: no-backend-name = false
Info [interflop-ieee]: print-new-line = false
Info [interflop-ieee]: print-subnormal-normalized = false
Info [interflop-ieee]: count-op = false
All_Command_lines_OK
Using double precision for computations.
=============================================================================
The composite transform comprises the following transforms (in order): 
  1. /home/mdugre/scratch/mri-registration-rp/datasets/ds004513/derivatives/mri-registration-rp/0001/antsRegistration-r7-p7/sub-s035/rigid_Composite.h5[0] (type = Euler3DTransform)
  2. /home/mdugre/scratch/mri-registration-rp/datasets/ds004513/derivatives/mri-registration-rp/0001/antsRegistration-r7-p7/sub-s035/rigid_Composite.h5[1] (type = Euler3DTransform)
  3. /home/mdugre/scratch/mri-registration-rp/datasets/ds004513/derivatives/mri-registration-rp/0001/antsRegistration-r7-p7/sub-s035/rigid_Composite.h5[2] (type = Euler3DTransform)
=============================================================================
  number of levels = 4
  fixed image: /templateflow/tpl-MNI152NLin2009cAsym/tpl-MNI152NLin2009cAsym_res-01_desc-brain_T1w.nii.gz
  moving image: /home/mdugre/scratch/mri-registration-rp/datasets/ds004513/derivatives/mri-registration-rp/antsBrainExtraction/sub-s035/BrainExtractionBrain.nii.gz
Dimension = 3
Number of stages = 1
Use histogram matching = false
Winsorize image intensities = true
  Lower quantile = 0.005
  Upper quantile = 0.995


Stage 1 State
   Image metric = MattesMI
     Fixed image = Image (0x49cf530)
  RTTI typeinfo:   itk::Image<double, 3u>
  Reference Count: 2
  Modified Time: 1592
  Debug: Off
  Object Name: 
  Observers: 
    none
  Source: (none)
  Source output name: (none)
  Release Data: Off
  Data Released: False
  Global Release Data: Off
  PipelineMTime: 0
  UpdateMTime: 1203
  RealTimeStamp: 0 seconds 
  LargestPossibleRegion: 
    Dimension: 3
    Index: [0, 0, 0]
    Size: [193, 229, 193]
  BufferedRegion: 
    Dimension: 3
    Index: [0, 0, 0]
    Size: [193, 229, 193]
  RequestedRegion: 
    Dimension: 3
    Index: [0, 0, 0]
    Size: [193, 229, 193]
  Spacing: [1, 1, 1]
  Origin: [96, 132, -78]
  Direction: 
-1 0 0
0 -1 0
0 0 1

  IndexToPointMatrix: 
-1 0 0
0 -1 0
0 0 1

  PointToIndexMatrix: 
-1 0 0
0 -1 0
0 0 1

  Inverse Direction: 
-1 0 0
0 -1 0
0 0 1

  PixelContainer: 
    ImportImageContainer (0x4a882a0)
      RTTI typeinfo:   itk::ImportImageContainer<unsigned long, double>
      Reference Count: 1
      Modified Time: 1200
      Debug: Off
      Object Name: 
      Observers: 
        none
      Pointer: 0x150035a8c010
      Container manages memory: true
      Size: 8530021
      Capacity: 8530021

     Moving image = Image (0x4a8ae60)
  RTTI typeinfo:   itk::Image<double, 3u>
  Reference Count: 2
  Modified Time: 1593
  Debug: Off
  Object Name: 
  Observers: 
    none
  Source: (none)
  Source output name: (none)
  Release Data: Off
  Data Released: False
  Global Release Data: Off
  PipelineMTime: 0
  UpdateMTime: 1590
  RealTimeStamp: 0 seconds 
  LargestPossibleRegion: 
    Dimension: 3
    Index: [0, 0, 0]
    Size: [160, 240, 256]
  BufferedRegion: 
    Dimension: 3
    Index: [0, 0, 0]
    Size: [160, 240, 256]
  RequestedRegion: 
    Dimension: 3
    Index: [0, 0, 0]
    Size: [160, 240, 256]
  Spacing: [1, 1, 1]
  Origin: [98.6438, 87.6358, -117.989]
  Direction: 
-0.993515 -0.100993 -0.0522355
0.100854 -0.994887 0.00530255
-0.0525039 1.93537e-08 0.998621

  IndexToPointMatrix: 
-0.993515 -0.100993 -0.0522355
0.100854 -0.994887 0.00530255
-0.0525039 1.93537e-08 0.998621

  PointToIndexMatrix: 
-0.993515 0.100854 -0.0525039
-0.100993 -0.994887 1.93006e-08
-0.0522355 0.00530255 0.998621

  Inverse Direction: 
-0.993515 0.100854 -0.0525039
-0.100993 -0.994887 1.93006e-08
-0.0522355 0.00530255 0.998621

  PixelContainer: 
    ImportImageContainer (0x4abe390)
      RTTI typeinfo:   itk::ImportImageContainer<unsigned long, double>
      Reference Count: 1
      Modified Time: 1587
      Debug: Off
      Object Name: 
      Observers: 
        none
      Pointer: 0x150030f8b010
      Container manages memory: true
      Size: 9830400
      Capacity: 9830400

     Weighting = 1
     Sampling strategy = regular
     Number of bins = 32
     Radius = 4
     Sampling percentage  = 0.25
   Transform = Affine
     Gradient step = 0.1
     Update field sigma (voxel space) = 0
     Total field sigma (voxel space) = 0
     Update field time sigma = 0
     Total field time sigma  = 0
     Number of time indices = 0
     Number of time point samples = 0
Registration using 1 total stages.

Stage 0
  iterations = 1000x500x250x100
  convergence threshold = 1e-06
  convergence window size = 10
  number of levels = 4
  using the Mattes MI metric (number of bins = 32, weight = 1, use gradient filter = 0)
  preprocessing:  winsorizing the image intensities
  Shrink factors (level 1 out of 4): [8, 8, 8]
  Shrink factors (level 2 out of 4): [4, 4, 4]
  Shrink factors (level 3 out of 4): [2, 2, 2]
  Shrink factors (level 4 out of 4): [1, 1, 1]
  smoothing sigmas per level: [3, 2, 1, 0]
  regular sampling (percentage = 0.25)

*** Running AffineTransform registration ***

DIAGNOSTIC,Iteration,metricValue,convergenceValue,ITERATION_TIME_INDEX,SINCE_LAST
 2DIAGNOSTIC,     1, -6.758263577565e-01, 1.797693134862e+308, 6.9511e-01, 6.9511e-01, 
 2DIAGNOSTIC,     2, -6.780317751936e-01, 1.797693134862e+308, 7.0027e-01, 5.1579e-03, 
 2DIAGNOSTIC,     3, -6.815410584542e-01, 1.797693134862e+308, 7.0519e-01, 4.9241e-03, 
 2DIAGNOSTIC,     4, -6.869689949617e-01, 1.797693134862e+308, 7.0999e-01, 4.7989e-03, 
 2DIAGNOSTIC,     5, -6.975424611797e-01, 1.797693134862e+308, 7.1481e-01, 4.8170e-03, 
 2DIAGNOSTIC,     6, -7.096721217149e-01, 1.797693134862e+308, 7.1999e-01, 5.1780e-03, 
 2DIAGNOSTIC,     7, -7.243916303912e-01, 1.797693134862e+308, 7.2579e-01, 5.8019e-03, 
 2DIAGNOSTIC,     8, -7.341096502949e-01, 1.797693134862e+308, 7.3153e-01, 5.7371e-03, 
 2DIAGNOSTIC,     9, -7.362708125215e-01, 1.797693134862e+308, 7.3692e-01, 5.3911e-03, 
 2DIAGNOSTIC,    10, -7.375986354643e-01, 6.806021741607e-03, 7.4268e-01, 5.7580e-03, 
 2DIAGNOSTIC,    11, -7.395152521686e-01, 5.998429044084e-03, 7.4864e-01, 5.9600e-03, 
 2DIAGNOSTIC,    12, -7.398561263270e-01, 4.873006497779e-03, 7.5559e-01, 6.9520e-03, 
 2DIAGNOSTIC,    13, -7.398428983521e-01, 3.594967850856e-03, 7.6081e-01, 5.2259e-03, 
 2DIAGNOSTIC,    14, -7.411161595899e-01, 2.371101513551e-03, 7.6708e-01, 6.2621e-03, 
 2DIAGNOSTIC,    15, -7.415227974209e-01, 1.387778489400e-03, 7.7283e-01, 5.7540e-03, 
 2DIAGNOSTIC,    16, -7.418500124190e-01, 7.045753065757e-04, 7.7946e-01, 6.6259e-03, 
 2DIAGNOSTIC,    17, -7.431747504061e-01, 4.065709146953e-04, 7.8704e-01, 7.5881e-03, 
 2DIAGNOSTIC,    18, -7.432560182960e-01, 3.186612344772e-04, 7.9339e-01, 6.3479e-03, 
 2DIAGNOSTIC,    19, -7.432446316270e-01, 2.551564901516e-04, 7.9971e-01, 6.3200e-03, 
 2DIAGNOSTIC,    20, -7.431967579052e-01, 1.989741511786e-04, 8.0602e-01, 6.3071e-03, 
 2DIAGNOSTIC,    21, -7.430597929112e-01, 1.631727698899e-04, 8.1238e-01, 6.3632e-03, 
 2DIAGNOSTIC,    22, -7.431310120350e-01, 1.229959458544e-04, 8.1854e-01, 6.1531e-03, 
 2DIAGNOSTIC,    23, -7.429616475016e-01, 7.130025351858e-05, 8.2352e-01, 4.9870e-03, 
 2DIAGNOSTIC,    24, -7.429296936644e-01, 3.796212141230e-05, 8.2937e-01, 5.8441e-03, 
 2DIAGNOSTIC,    25, -7.427158655750e-01, 7.069863338989e-06, 8.3558e-01, 6.2091e-03, 
DIAGNOSTIC,Iteration,metricValue,convergenceValue,ITERATION_TIME_INDEX,SINCE_LAST
 2DIAGNOSTIC,     1, -6.096288066108e-01, 1.797693134862e+308, 1.6046e+00, 7.6899e-01, 
 2DIAGNOSTIC,     2, -6.100880537114e-01, 1.797693134862e+308, 1.6412e+00, 3.6584e-02, 
 2DIAGNOSTIC,     3, -6.107833683701e-01, 1.797693134862e+308, 1.6775e+00, 3.6320e-02, 
 2DIAGNOSTIC,     4, -6.115352803933e-01, 1.797693134862e+308, 1.7120e+00, 3.4562e-02, 
 2DIAGNOSTIC,     5, -6.122987320823e-01, 1.797693134862e+308, 1.7540e+00, 4.1980e-02, 
 2DIAGNOSTIC,     6, -6.124934536656e-01, 1.797693134862e+308, 1.7932e+00, 3.9189e-02, 
 2DIAGNOSTIC,     7, -6.124669309262e-01, 1.797693134862e+308, 1.8331e+00, 3.9846e-02, 
 2DIAGNOSTIC,     8, -6.124504170222e-01, 1.797693134862e+308, 1.8768e+00, 4.3706e-02, 
 2DIAGNOSTIC,     9, -6.124463385405e-01, 1.797693134862e+308, 1.9203e+00, 4.3495e-02, 
 2DIAGNOSTIC,    10, -6.124289288144e-01, 3.051085411386e-04, 1.9634e+00, 4.3140e-02, 
 2DIAGNOSTIC,    11, -6.124201216169e-01, 1.919333485360e-04, 2.0250e+00, 6.1607e-02, 
 2DIAGNOSTIC,    12, -6.124238993353e-01, 9.866839746062e-05, 2.0633e+00, 3.8261e-02, 
 2DIAGNOSTIC,    13, -6.124088262643e-01, 3.507187769060e-05, 2.1012e+00, 3.7978e-02, 
 2DIAGNOSTIC,    14, -6.124054345622e-01, 1.794524302226e-06, 2.1415e+00, 4.0225e-02, 
DIAGNOSTIC,Iteration,metricValue,convergenceValue,ITERATION_TIME_INDEX,SINCE_LAST
 2DIAGNOSTIC,     1, -5.360750771995e-01, 1.797693134862e+308, 3.2260e+00, 1.0846e+00, 
 2DIAGNOSTIC,     2, -5.363196962275e-01, 1.797693134862e+308, 3.5051e+00, 2.7905e-01, 
 2DIAGNOSTIC,     3, -5.365223844960e-01, 1.797693134862e+308, 3.8106e+00, 3.0553e-01, 
 2DIAGNOSTIC,     4, -5.365692614527e-01, 1.797693134862e+308, 4.2422e+00, 4.3161e-01, 
 2DIAGNOSTIC,     5, -5.365688083978e-01, 1.797693134862e+308, 4.5532e+00, 3.1098e-01, 
 2DIAGNOSTIC,     6, -5.365658559666e-01, 1.797693134862e+308, 4.8746e+00, 3.2136e-01, 
 2DIAGNOSTIC,     7, -5.365631530533e-01, 1.797693134862e+308, 5.1684e+00, 2.9384e-01, 
 2DIAGNOSTIC,     8, -5.365661081318e-01, 1.797693134862e+308, 5.6326e+00, 4.6418e-01, 
 2DIAGNOSTIC,     9, -5.365668857427e-01, 1.797693134862e+308, 5.9805e+00, 3.4787e-01, 
 2DIAGNOSTIC,    10, -5.365668532972e-01, 4.212235830781e-05, 6.2953e+00, 3.1486e-01, 
 2DIAGNOSTIC,    11, -5.365642472167e-01, 1.637777211938e-05, 6.5791e+00, 2.8372e-01, 
 2DIAGNOSTIC,    12, -5.365631418273e-01, 4.239221081129e-06, 6.8822e+00, 3.0309e-01, 
 2DIAGNOSTIC,    13, -5.365626444123e-01, 2.005412120740e-06, 7.1746e+00, 2.9247e-01, 
 2DIAGNOSTIC,    14, -5.365629624069e-01, 1.911654629747e-06, 7.5009e+00, 3.2630e-01, 
 2DIAGNOSTIC,    15, -5.365611347455e-01, 1.785423250383e-06, 7.8156e+00, 3.1463e-01, 
 2DIAGNOSTIC,    16, -5.365599949878e-01, 1.577599980818e-06, 8.1368e+00, 3.2126e-01, 
 2DIAGNOSTIC,    17, -5.365586308373e-01, 1.304376991709e-06, 8.4321e+00, 2.9533e-01, 
 2DIAGNOSTIC,    18, -5.365581856610e-01, 1.186036473706e-06, 8.6818e+00, 2.4963e-01, 
 2DIAGNOSTIC,    19, -5.365561309600e-01, 1.096539249179e-06, 8.9905e+00, 3.0877e-01, 
 2DIAGNOSTIC,    20, -5.365552429437e-01, 1.048438722416e-06, 9.3292e+00, 3.3863e-01, 
DIAGNOSTIC,Iteration,metricValue,convergenceValue,ITERATION_TIME_INDEX,SINCE_LAST
 2DIAGNOSTIC,     1, -4.918381772667e-01, 1.797693134862e+308, 1.2214e+01, 2.8846e+00, 
 2DIAGNOSTIC,     2, -4.920316336694e-01, 1.797693134862e+308, 1.3998e+01, 1.7841e+00, 
 2DIAGNOSTIC,     3, -4.922132339169e-01, 1.797693134862e+308, 1.5606e+01, 1.6083e+00, 
 2DIAGNOSTIC,     4, -4.922763403454e-01, 1.797693134862e+308, 1.7359e+01, 1.7530e+00, 
 2DIAGNOSTIC,     5, -4.923356224060e-01, 1.797693134862e+308, 1.9156e+01, 1.7967e+00, 
 2DIAGNOSTIC,     6, -4.924341109856e-01, 1.797693134862e+308, 2.1581e+01, 2.4255e+00, 
 2DIAGNOSTIC,     7, -4.924589056007e-01, 1.797693134862e+308, 2.4545e+01, 2.9634e+00, 
 2DIAGNOSTIC,     8, -4.924606614075e-01, 1.797693134862e+308, 2.6500e+01, 1.9554e+00, 
 2DIAGNOSTIC,     9, -4.924606251470e-01, 1.797693134862e+308, 2.9151e+01, 2.6513e+00, 
 2DIAGNOSTIC,    10, -4.924607065077e-01, 7.664544225948e-05, 3.1191e+01, 2.0397e+00, 
 2DIAGNOSTIC,    11, -4.924604968577e-01, 4.681482612658e-05, 3.3185e+01, 1.9938e+00, 
 2DIAGNOSTIC,    12, -4.924604253510e-01, 2.711699546794e-05, 3.5315e+01, 2.1306e+00, 
 2DIAGNOSTIC,    13, -4.924604454122e-01, 1.632364067215e-05, 3.7183e+01, 1.8676e+00, 
 2DIAGNOSTIC,    14, -4.924604644362e-01, 8.410160744543e-06, 3.8985e+01, 1.8015e+00, 
 2DIAGNOSTIC,    15, -4.924604378094e-01, 3.175918564066e-06, 4.0716e+01, 1.7315e+00, 
 2DIAGNOSTIC,    16, -4.924602492158e-01, 2.021066781918e-06, 4.2488e+01, 1.7722e+00, 
 2DIAGNOSTIC,    17, -4.924603874229e-01, 1.844275137483e-06, 4.4254e+01, 1.7653e+00, 
 2DIAGNOSTIC,    18, -4.924603334636e-01, 1.743961724435e-06, 4.6060e+01, 1.8069e+00, 
 2DIAGNOSTIC,    19, -4.924603492818e-01, 1.655585579456e-06, 4.7987e+01, 1.9266e+00, 
