
##########################
# Experiment information #
##########################

EXPERIMENT_NAME: antsRegistration-r8-p17
VFC_BACKENDS: libinterflop_vprec.so --range-binary32=8 --precision-binary32=17 --range-binary64=8 --precision-binary64=17

SIF_IMG: /home/mdugre/projects/rrg-glatard/mdugre/containers/ants-vprec-no_metrics.simg

SUBJECT_ID: s020
INPUT_IMG: /home/mdugre/scratch/mri-registration-rp/datasets/ds004513/derivatives/mri-registration-rp/antsBrainExtraction/sub-s020/BrainExtractionBrain.nii.gz
OUTPUT_DIR: /home/mdugre/scratch/mri-registration-rp/datasets/ds004513/derivatives/mri-registration-rp/0001/antsRegistration-r8-p17/sub-s020

FIXED_IMG: /templateflow/tpl-MNI152NLin2009cAsym/tpl-MNI152NLin2009cAsym_res-01_desc-brain_T1w.nii.gz
DATA_DIR: /home/mdugre/scratch/mri-registration-rp/datasets/ds004513
TEMPLATEFLOW_DIR: /home/mdugre/projects/rrg-glatard/mdugre/templateflow
ITK_GLOBAL_DEFAULT_NUMBER_OF_THREADS: 16
##########################

Info [verificarlo]: loaded backend libinterflop_ieee.so
Info [interflop-ieee]: load backend with:
Info [interflop-ieee]: debug = false
Info [interflop-ieee]: debug-binary = false
Info [interflop-ieee]: no-backend-name = false
Info [interflop-ieee]: print-new-line = false
Info [interflop-ieee]: print-subnormal-normalized = false
Info [interflop-ieee]: count-op = false
All_Command_lines_OK
Using double precision for computations.
=============================================================================
The composite transform comprises the following transforms (in order): 
  1. Center of mass alignment using fixed image: /templateflow/tpl-MNI152NLin2009cAsym/tpl-MNI152NLin2009cAsym_res-01_desc-brain_T1w.nii.gz and moving image: /home/mdugre/scratch/mri-registration-rp/datasets/ds004513/derivatives/mri-registration-rp/antsBrainExtraction/sub-s020/BrainExtractionBrain.nii.gz (type = Euler3DTransform)
=============================================================================
  number of levels = 1
  fixed image: /templateflow/tpl-MNI152NLin2009cAsym/tpl-MNI152NLin2009cAsym_res-01_desc-brain_T1w.nii.gz
  moving image: /home/mdugre/scratch/mri-registration-rp/datasets/ds004513/derivatives/mri-registration-rp/antsBrainExtraction/sub-s020/BrainExtractionBrain.nii.gz
Dimension = 3
Number of stages = 1
Use histogram matching = false
Winsorize image intensities = true
  Lower quantile = 0.005
  Upper quantile = 0.995


Stage 1 State
   Image metric = MattesMI
     Fixed image = Image (0x3bdde70)
  RTTI typeinfo:   itk::Image<double, 3u>
  Reference Count: 2
  Modified Time: 2334
  Debug: Off
  Object Name: 
  Observers: 
    none
  Source: (none)
  Source output name: (none)
  Release Data: Off
  Data Released: False
  Global Release Data: Off
  PipelineMTime: 0
  UpdateMTime: 1943
  RealTimeStamp: 0 seconds 
  LargestPossibleRegion: 
    Dimension: 3
    Index: [0, 0, 0]
    Size: [193, 229, 193]
  BufferedRegion: 
    Dimension: 3
    Index: [0, 0, 0]
    Size: [193, 229, 193]
  RequestedRegion: 
    Dimension: 3
    Index: [0, 0, 0]
    Size: [193, 229, 193]
  Spacing: [1, 1, 1]
  Origin: [96, 132, -78]
  Direction: 
-1 0 0
0 -1 0
0 0 1

  IndexToPointMatrix: 
-1 0 0
0 -1 0
0 0 1

  PointToIndexMatrix: 
-1 0 0
0 -1 0
0 0 1

  Inverse Direction: 
-1 0 0
0 -1 0
0 0 1

  PixelContainer: 
    ImportImageContainer (0x3be6c60)
      RTTI typeinfo:   itk::ImportImageContainer<unsigned long, double>
      Reference Count: 1
      Modified Time: 1940
      Debug: Off
      Object Name: 
      Observers: 
        none
      Pointer: 0x14bca9521010
      Container manages memory: true
      Size: 8530021
      Capacity: 8530021

     Moving image = Image (0x3be9610)
  RTTI typeinfo:   itk::Image<double, 3u>
  Reference Count: 2
  Modified Time: 2335
  Debug: Off
  Object Name: 
  Observers: 
    none
  Source: (none)
  Source output name: (none)
  Release Data: Off
  Data Released: False
  Global Release Data: Off
  PipelineMTime: 0
  UpdateMTime: 2332
  RealTimeStamp: 0 seconds 
  LargestPossibleRegion: 
    Dimension: 3
    Index: [0, 0, 0]
    Size: [160, 240, 256]
  BufferedRegion: 
    Dimension: 3
    Index: [0, 0, 0]
    Size: [160, 240, 256]
  RequestedRegion: 
    Dimension: 3
    Index: [0, 0, 0]
    Size: [160, 240, 256]
  Spacing: [0.999995, 1, 1]
  Origin: [87.0906, 98.7205, -152.377]
  Direction: 
-0.996975 0.0261379 -0.0731913
-0.0260677 -0.999658 -0.00191374
-0.0732163 -2.46403e-08 0.997316

  IndexToPointMatrix: 
-0.996971 0.0261379 -0.0731913
-0.0260676 -0.999658 -0.00191374
-0.0732159 -2.46403e-08 0.997316

  PointToIndexMatrix: 
-0.99698 -0.0260679 -0.0732166
0.0261379 -0.999658 -2.46993e-08
-0.0731913 -0.00191374 0.997316

  Inverse Direction: 
-0.996975 -0.0260677 -0.0732163
0.0261379 -0.999658 -2.46993e-08
-0.0731913 -0.00191374 0.997316

  PixelContainer: 
    ImportImageContainer (0x3c82ef0)
      RTTI typeinfo:   itk::ImportImageContainer<unsigned long, double>
      Reference Count: 1
      Modified Time: 2329
      Debug: Off
      Object Name: 
      Observers: 
        none
      Pointer: 0x14bca4a20010
      Container manages memory: true
      Size: 9830400
      Capacity: 9830400

     Weighting = 1
     Sampling strategy = regular
     Number of bins = 32
     Radius = 4
     Sampling percentage  = 0.25
   Transform = Rigid
     Gradient step = 0.1
     Update field sigma (voxel space) = 0
     Total field sigma (voxel space) = 0
     Update field time sigma = 0
     Total field time sigma  = 0
     Number of time indices = 0
     Number of time point samples = 0
Registration using 1 total stages.

Stage 0
  iterations = 0
  convergence threshold = 1e-06
  convergence window size = 10
  number of levels = 1
  using the Mattes MI metric (number of bins = 32, weight = 1, use gradient filter = 0)
  preprocessing:  winsorizing the image intensities
  Shrink factors (level 1 out of 1): [1, 1, 1]
  smoothing sigmas per level: [0]
  regular sampling (percentage = 0.25)

*** Running Euler3DTransform registration ***

  Elapsed time (stage 0): 1.10485


Total elapsed time: 1.10728
Info [verificarlo]: loaded backend libinterflop_ieee.so
Info [interflop-ieee]: load backend with:
Info [interflop-ieee]: debug = false
Info [interflop-ieee]: debug-binary = false
Info [interflop-ieee]: no-backend-name = false
Info [interflop-ieee]: print-new-line = false
Info [interflop-ieee]: print-subnormal-normalized = false
Info [interflop-ieee]: count-op = false
All_Command_lines_OK
Using double precision for computations.
=============================================================================
The composite transform comprises the following transforms (in order): 
  1. /home/mdugre/scratch/mri-registration-rp/datasets/ds004513/derivatives/mri-registration-rp/0001/antsRegistration-r8-p17/sub-s020/align_Composite.h5[0] (type = Euler3DTransform)
  2. /home/mdugre/scratch/mri-registration-rp/datasets/ds004513/derivatives/mri-registration-rp/0001/antsRegistration-r8-p17/sub-s020/align_Composite.h5[1] (type = Euler3DTransform)
=============================================================================
  number of levels = 4
  fixed image: /templateflow/tpl-MNI152NLin2009cAsym/tpl-MNI152NLin2009cAsym_res-01_desc-brain_T1w.nii.gz
  moving image: /home/mdugre/scratch/mri-registration-rp/datasets/ds004513/derivatives/mri-registration-rp/antsBrainExtraction/sub-s020/BrainExtractionBrain.nii.gz
Dimension = 3
Number of stages = 1
Use histogram matching = false
Winsorize image intensities = true
  Lower quantile = 0.005
  Upper quantile = 0.995


Stage 1 State
   Image metric = MattesMI
     Fixed image = Image (0x46d3530)
  RTTI typeinfo:   itk::Image<double, 3u>
  Reference Count: 2
  Modified Time: 1580
  Debug: Off
  Object Name: 
  Observers: 
    none
  Source: (none)
  Source output name: (none)
  Release Data: Off
  Data Released: False
  Global Release Data: Off
  PipelineMTime: 0
  UpdateMTime: 1189
  RealTimeStamp: 0 seconds 
  LargestPossibleRegion: 
    Dimension: 3
    Index: [0, 0, 0]
    Size: [193, 229, 193]
  BufferedRegion: 
    Dimension: 3
    Index: [0, 0, 0]
    Size: [193, 229, 193]
  RequestedRegion: 
    Dimension: 3
    Index: [0, 0, 0]
    Size: [193, 229, 193]
  Spacing: [1, 1, 1]
  Origin: [96, 132, -78]
  Direction: 
-1 0 0
0 -1 0
0 0 1

  IndexToPointMatrix: 
-1 0 0
0 -1 0
0 0 1

  PointToIndexMatrix: 
-1 0 0
0 -1 0
0 0 1

  Inverse Direction: 
-1 0 0
0 -1 0
0 0 1

  PixelContainer: 
    ImportImageContainer (0x4791d60)
      RTTI typeinfo:   itk::ImportImageContainer<unsigned long, double>
      Reference Count: 1
      Modified Time: 1186
      Debug: Off
      Object Name: 
      Observers: 
        none
      Pointer: 0x15023814d010
      Container manages memory: true
      Size: 8530021
      Capacity: 8530021

     Moving image = Image (0x4783f60)
  RTTI typeinfo:   itk::Image<double, 3u>
  Reference Count: 2
  Modified Time: 1581
  Debug: Off
  Object Name: 
  Observers: 
    none
  Source: (none)
  Source output name: (none)
  Release Data: Off
  Data Released: False
  Global Release Data: Off
  PipelineMTime: 0
  UpdateMTime: 1578
  RealTimeStamp: 0 seconds 
  LargestPossibleRegion: 
    Dimension: 3
    Index: [0, 0, 0]
    Size: [160, 240, 256]
  BufferedRegion: 
    Dimension: 3
    Index: [0, 0, 0]
    Size: [160, 240, 256]
  RequestedRegion: 
    Dimension: 3
    Index: [0, 0, 0]
    Size: [160, 240, 256]
  Spacing: [0.999995, 1, 1]
  Origin: [87.0906, 98.7205, -152.377]
  Direction: 
-0.996975 0.0261379 -0.0731913
-0.0260677 -0.999658 -0.00191374
-0.0732163 -2.46403e-08 0.997316

  IndexToPointMatrix: 
-0.996971 0.0261379 -0.0731913
-0.0260676 -0.999658 -0.00191374
-0.0732159 -2.46403e-08 0.997316

  PointToIndexMatrix: 
-0.99698 -0.0260679 -0.0732166
0.0261379 -0.999658 -2.46993e-08
-0.0731913 -0.00191374 0.997316

  Inverse Direction: 
-0.996975 -0.0260677 -0.0732163
0.0261379 -0.999658 -2.46993e-08
-0.0731913 -0.00191374 0.997316

  PixelContainer: 
    ImportImageContainer (0x47756d0)
      RTTI typeinfo:   itk::ImportImageContainer<unsigned long, double>
      Reference Count: 1
      Modified Time: 1575
      Debug: Off
      Object Name: 
      Observers: 
        none
      Pointer: 0x15023364c010
      Container manages memory: true
      Size: 9830400
      Capacity: 9830400

     Weighting = 1
     Sampling strategy = regular
     Number of bins = 32
     Radius = 4
     Sampling percentage  = 0.25
   Transform = Rigid
     Gradient step = 0.1
     Update field sigma (voxel space) = 0
     Total field sigma (voxel space) = 0
     Update field time sigma = 0
     Total field time sigma  = 0
     Number of time indices = 0
     Number of time point samples = 0
Registration using 1 total stages.

Stage 0
  iterations = 1000x500x250x100
  convergence threshold = 1e-06
  convergence window size = 10
  number of levels = 4
  using the Mattes MI metric (number of bins = 32, weight = 1, use gradient filter = 0)
  preprocessing:  winsorizing the image intensities
  Shrink factors (level 1 out of 4): [8, 8, 8]
  Shrink factors (level 2 out of 4): [4, 4, 4]
  Shrink factors (level 3 out of 4): [2, 2, 2]
  Shrink factors (level 4 out of 4): [1, 1, 1]
  smoothing sigmas per level: [3, 2, 1, 0]
  regular sampling (percentage = 0.25)

*** Running Euler3DTransform registration ***

DIAGNOSTIC,Iteration,metricValue,convergenceValue,ITERATION_TIME_INDEX,SINCE_LAST
 2DIAGNOSTIC,     1, -3.791273390751e-01, 1.797693134862e+308, 7.4224e-01, 7.4224e-01, 
 2DIAGNOSTIC,     2, -3.803606001643e-01, 1.797693134862e+308, 7.4700e-01, 4.7569e-03, 
 2DIAGNOSTIC,     3, -3.828962034719e-01, 1.797693134862e+308, 7.5133e-01, 4.3311e-03, 
 2DIAGNOSTIC,     4, -3.876122532015e-01, 1.797693134862e+308, 7.5559e-01, 4.2632e-03, 
 2DIAGNOSTIC,     5, -3.904935334081e-01, 1.797693134862e+308, 7.6031e-01, 4.7212e-03, 
 2DIAGNOSTIC,     6, -3.911039700181e-01, 1.797693134862e+308, 7.6450e-01, 4.1809e-03, 
 2DIAGNOSTIC,     7, -3.914905453856e-01, 1.797693134862e+308, 7.6854e-01, 4.0491e-03, 
 2DIAGNOSTIC,     8, -3.925629083064e-01, 1.797693134862e+308, 7.7277e-01, 4.2219e-03, 
 2DIAGNOSTIC,     9, -3.981570789235e-01, 1.797693134862e+308, 7.7730e-01, 4.5362e-03, 
 2DIAGNOSTIC,    10, -4.079218556696e-01, 3.866687266231e-03, 7.8316e-01, 5.8610e-03, 
 2DIAGNOSTIC,    11, -4.246779602407e-01, 4.904320352955e-03, 7.8830e-01, 5.1351e-03, 
 2DIAGNOSTIC,    12, -4.297045200929e-01, 5.673254149494e-03, 7.9281e-01, 4.5130e-03, 
 2DIAGNOSTIC,    13, -4.335692915497e-01, 6.156954111578e-03, 7.9805e-01, 5.2340e-03, 
 2DIAGNOSTIC,    14, -4.439932007395e-01, 6.764094567494e-03, 8.0260e-01, 4.5581e-03, 
 2DIAGNOSTIC,    15, -4.466217673209e-01, 6.904768045107e-03, 8.0782e-01, 5.2152e-03, 
 2DIAGNOSTIC,    16, -4.513528166465e-01, 6.619270356477e-03, 8.1232e-01, 4.4990e-03, 
 2DIAGNOSTIC,    17, -4.528511002289e-01, 5.844785641252e-03, 8.1739e-01, 5.0690e-03, 
 2DIAGNOSTIC,    18, -4.555717391933e-01, 4.777374805496e-03, 8.2430e-01, 6.9170e-03, 
 2DIAGNOSTIC,    19, -4.559551119360e-01, 3.601534622417e-03, 8.2890e-01, 4.5979e-03, 
 2DIAGNOSTIC,    20, -4.573565900391e-01, 2.586714664103e-03, 8.3572e-01, 6.8181e-03, 
 2DIAGNOSTIC,    21, -4.575247503947e-01, 1.982968522384e-03, 8.4036e-01, 4.6389e-03, 
 2DIAGNOSTIC,    22, -4.577282268524e-01, 1.415633880896e-03, 8.4556e-01, 5.2009e-03, 
 2DIAGNOSTIC,    23, -4.579446820345e-01, 8.825801075305e-04, 8.5020e-01, 4.6380e-03, 
 2DIAGNOSTIC,    24, -4.580222587332e-01, 6.077354601217e-04, 8.5487e-01, 4.6690e-03, 
 2DIAGNOSTIC,    25, -4.581756820102e-01, 3.715376424879e-04, 8.5984e-01, 4.9698e-03, 
 2DIAGNOSTIC,    26, -4.586249200352e-01, 2.524150088848e-04, 8.6467e-01, 4.8370e-03, 
 2DIAGNOSTIC,    27, -4.589297806476e-01, 1.618820382770e-04, 8.7148e-01, 6.8021e-03, 
 2DIAGNOSTIC,    28, -4.591736158457e-01, 1.333213097798e-04, 8.7598e-01, 4.5071e-03, 
 2DIAGNOSTIC,    29, -4.592821030366e-01, 1.048536842161e-04, 8.8119e-01, 5.2080e-03, 
 2DIAGNOSTIC,    30, -4.597221049336e-01, 1.091036236191e-04, 8.8757e-01, 6.3760e-03, 
 2DIAGNOSTIC,    31, -4.598059350862e-01, 1.078136050678e-04, 8.9205e-01, 4.4880e-03, 
 2DIAGNOSTIC,    32, -4.606634875556e-01, 1.181486478360e-04, 8.9720e-01, 5.1410e-03, 
 2DIAGNOSTIC,    33, -4.610337401088e-01, 1.280760211675e-04, 9.0180e-01, 4.6010e-03, 
 2DIAGNOSTIC,    34, -4.611752842362e-01, 1.296076652451e-04, 9.0635e-01, 4.5578e-03, 
 2DIAGNOSTIC,    35, -4.615380346897e-01, 1.284868437394e-04, 9.1103e-01, 4.6780e-03, 
 2DIAGNOSTIC,    36, -4.621702806756e-01, 1.346564091814e-04, 9.1734e-01, 6.3050e-03, 
 2DIAGNOSTIC,    37, -4.629362120950e-01, 1.461252048399e-04, 9.2189e-01, 4.5509e-03, 
 2DIAGNOSTIC,    38, -4.632894773132e-01, 1.530939747786e-04, 9.2641e-01, 4.5261e-03, 
 2DIAGNOSTIC,    39, -4.639368063991e-01, 1.578705942824e-04, 9.3120e-01, 4.7841e-03, 
 2DIAGNOSTIC,    40, -4.659884653692e-01, 1.878008120710e-04, 9.3678e-01, 5.5799e-03, 
 2DIAGNOSTIC,    41, -4.813761216892e-01, 4.406751966747e-04, 9.4234e-01, 5.5580e-03, 
 2DIAGNOSTIC,    42, -4.869886823422e-01, 7.310356234633e-04, 9.4716e-01, 4.8249e-03, 
 2DIAGNOSTIC,    43, -4.999870275998e-01, 1.136804143115e-03, 9.5361e-01, 6.4459e-03, 
 2DIAGNOSTIC,    44, -5.044201842349e-01, 1.478835549684e-03, 9.5800e-01, 4.3941e-03, 
 2DIAGNOSTIC,    45, -5.084700759705e-01, 1.725275586983e-03, 9.6337e-01, 5.3670e-03, 
 2DIAGNOSTIC,    46, -5.102344531204e-01, 1.825980604707e-03, 9.6761e-01, 4.2460e-03, 
 2DIAGNOSTIC,    47, -5.108139836210e-01, 1.764359059926e-03, 9.7320e-01, 5.5869e-03, 
 2DIAGNOSTIC,    48, -5.133596490631e-01, 1.576169248472e-03, 9.7933e-01, 6.1259e-03, 
 2DIAGNOSTIC,    49, -5.134528580748e-01, 1.256274298569e-03, 9.8381e-01, 4.4870e-03, 
 2DIAGNOSTIC,    50, -5.135893183861e-01, 8.556855665307e-04, 9.8871e-01, 4.8909e-03, 
 2DIAGNOSTIC,    51, -5.138975345899e-01, 5.848199931811e-04, 9.9295e-01, 4.2410e-03, 
 2DIAGNOSTIC,    52, -5.143631530581e-01, 3.395092588153e-04, 9.9725e-01, 4.3080e-03, 
 2DIAGNOSTIC,    53, -5.153137741048e-01, 2.351833435400e-04, 1.0015e+00, 4.2901e-03, 
 2DIAGNOSTIC,    54, -5.168481575826e-01, 1.802061987810e-04, 1.0059e+00, 4.3571e-03, 
 2DIAGNOSTIC,    55, -5.175436761115e-01, 1.634926437941e-04, 1.0127e+00, 6.7489e-03, 
 2DIAGNOSTIC,    56, -5.178824021617e-01, 1.553466604623e-04, 1.0195e+00, 6.8278e-03, 
 2DIAGNOSTIC,    57, -5.179086338306e-01, 1.386206034947e-04, 1.0237e+00, 4.2629e-03, 
 2DIAGNOSTIC,    58, -5.185091255116e-01, 1.426959071351e-04, 1.0280e+00, 4.2791e-03, 
 2DIAGNOSTIC,    59, -5.197102127457e-01, 1.460974648074e-04, 1.0323e+00, 4.3149e-03, 
 2DIAGNOSTIC,    60, -5.210063393844e-01, 1.497184491186e-04, 1.0367e+00, 4.3240e-03, 
 2DIAGNOSTIC,    61, -5.217533963008e-01, 1.495016434864e-04, 1.0416e+00, 4.8981e-03, 
 2DIAGNOSTIC,    62, -5.223175879573e-01, 1.452650300547e-04, 1.0466e+00, 5.0530e-03, 
 2DIAGNOSTIC,    63, -5.226134341865e-01, 1.390509212088e-04, 1.0521e+00, 5.5211e-03, 
 2DIAGNOSTIC,    64, -5.225593431306e-01, 1.335248035989e-04, 1.0573e+00, 5.1320e-03, 
 2DIAGNOSTIC,    65, -5.226669445242e-01, 1.227813075508e-04, 1.0622e+00, 4.9648e-03, 
 2DIAGNOSTIC,    66, -5.230625862885e-01, 1.074670867004e-04, 1.0672e+00, 4.9720e-03, 
 2DIAGNOSTIC,    67, -5.231032406911e-01, 8.292819270115e-05, 1.0716e+00, 4.3890e-03, 
 2DIAGNOSTIC,    68, -5.230370588835e-01, 5.594379908761e-05, 1.0759e+00, 4.3411e-03, 
 2DIAGNOSTIC,    69, -5.230478777296e-01, 3.500483383522e-05, 1.0809e+00, 4.9491e-03, 
 2DIAGNOSTIC,    70, -5.229901248946e-01, 2.195842676493e-05, 1.0858e+00, 4.8780e-03, 
 2DIAGNOSTIC,    71, -5.230255329118e-01, 1.371649020032e-05, 1.0907e+00, 4.9591e-03, 
 2DIAGNOSTIC,    72, -5.229937795570e-01, 8.808229162962e-06, 1.0956e+00, 4.9310e-03, 
 2DIAGNOSTIC,    73, -5.229499263914e-01, 5.405835216004e-06, 1.1007e+00, 5.0430e-03, 
 2DIAGNOSTIC,    74, -5.229245056733e-01, 1.019466917281e-06, 1.1069e+00, 6.1691e-03, 
DIAGNOSTIC,Iteration,metricValue,convergenceValue,ITERATION_TIME_INDEX,SINCE_LAST
 2DIAGNOSTIC,     1, -4.143222158455e-01, 1.797693134862e+308, 1.7848e+00, 6.7792e-01, 
 2DIAGNOSTIC,     2, -4.146740143721e-01, 1.797693134862e+308, 1.8121e+00, 2.7277e-02, 
 2DIAGNOSTIC,     3, -4.150478282051e-01, 1.797693134862e+308, 1.8403e+00, 2.8193e-02, 
 2DIAGNOSTIC,     4, -4.152427138666e-01, 1.797693134862e+308, 1.8676e+00, 2.7365e-02, 
 2DIAGNOSTIC,     5, -4.155345169314e-01, 1.797693134862e+308, 1.8949e+00, 2.7315e-02, 
 2DIAGNOSTIC,     6, -4.158594890351e-01, 1.797693134862e+308, 1.9257e+00, 3.0777e-02, 
 2DIAGNOSTIC,     7, -4.169275253002e-01, 1.797693134862e+308, 1.9571e+00, 3.1362e-02, 
 2DIAGNOSTIC,     8, -4.173207155687e-01, 1.797693134862e+308, 1.9843e+00, 2.7237e-02, 
 2DIAGNOSTIC,     9, -4.180113829433e-01, 1.797693134862e+308, 2.0142e+00, 2.9940e-02, 
 2DIAGNOSTIC,    10, -4.198210221858e-01, 7.439743349631e-04, 2.0594e+00, 4.5135e-02, 
 2DIAGNOSTIC,    11, -4.201095583792e-01, 7.817857879202e-04, 2.0930e+00, 3.3642e-02, 
 2DIAGNOSTIC,    12, -4.201743402152e-01, 7.671406233290e-04, 2.1212e+00, 2.8183e-02, 
 2DIAGNOSTIC,    13, -4.202718900961e-01, 7.115762918339e-04, 2.1504e+00, 2.9147e-02, 
 2DIAGNOSTIC,    14, -4.207971222021e-01, 6.343883842675e-04, 2.1804e+00, 3.0032e-02, 
 2DIAGNOSTIC,    15, -4.229718827377e-01, 6.198912941146e-04, 2.2156e+00, 3.5190e-02, 
 2DIAGNOSTIC,    16, -4.235396689307e-01, 5.850648190667e-04, 2.2502e+00, 3.4656e-02, 
 2DIAGNOSTIC,    17, -4.238453279380e-01, 5.573026853000e-04, 2.2785e+00, 2.8307e-02, 
 2DIAGNOSTIC,    18, -4.239596654627e-01, 5.018886057433e-04, 2.3139e+00, 3.5377e-02, 
 2DIAGNOSTIC,    19, -4.240178712648e-01, 4.308224250932e-04, 2.3450e+00, 3.1079e-02, 
 2DIAGNOSTIC,    20, -4.240189985594e-01, 3.870314051746e-04, 2.3723e+00, 2.7314e-02, 
 2DIAGNOSTIC,    21, -4.240137352741e-01, 3.204338026798e-04, 2.3991e+00, 2.6793e-02, 
 2DIAGNOSTIC,    22, -4.240337603346e-01, 2.337975065713e-04, 2.4299e+00, 3.0768e-02, 
 2DIAGNOSTIC,    23, -4.240761486123e-01, 1.376427886022e-04, 2.4607e+00, 3.0837e-02, 
 2DIAGNOSTIC,    24, -4.241216395391e-01, 5.140307808910e-05, 2.4940e+00, 3.3319e-02, 
 2DIAGNOSTIC,    25, -4.241806729298e-01, 2.754150364052e-05, 2.5425e+00, 4.8432e-02, 
 2DIAGNOSTIC,    26, -4.241845469933e-01, 1.774755830482e-05, 2.5774e+00, 3.4938e-02, 
 2DIAGNOSTIC,    27, -4.241861671471e-01, 1.477887753369e-05, 2.6088e+00, 3.1435e-02, 
 2DIAGNOSTIC,    28, -4.241806886235e-01, 1.332703235193e-05, 2.6365e+00, 2.7690e-02, 
 2DIAGNOSTIC,    29, -4.241829121788e-01, 1.221751663973e-05, 2.6640e+00, 2.7470e-02, 
 2DIAGNOSTIC,    30, -4.241858768741e-01, 1.021972210583e-05, 2.6943e+00, 3.0325e-02, 
 2DIAGNOSTIC,    31, -4.241955742153e-01, 7.587470478840e-06, 2.7218e+00, 2.7456e-02, 
 2DIAGNOSTIC,    32, -4.241838268761e-01, 4.676110805790e-06, 2.7525e+00, 3.0745e-02, 
 2DIAGNOSTIC,    33, -4.241850828020e-01, 2.487317693214e-06, 2.7799e+00, 2.7430e-02, 
 2DIAGNOSTIC,    34, -4.242001755514e-01, 1.453132824437e-06, 2.8108e+00, 3.0894e-02, 
 2DIAGNOSTIC,    35, -4.242009983037e-01, 1.566280750133e-06, 2.8388e+00, 2.7924e-02, 
 2DIAGNOSTIC,    36, -4.241874395459e-01, 1.429249198080e-06, 2.8698e+00, 3.1068e-02, 
 2DIAGNOSTIC,    37, -4.241877726060e-01, 1.302704973363e-06, 2.8977e+00, 2.7876e-02, 
DIAGNOSTIC,Iteration,metricValue,convergenceValue,ITERATION_TIME_INDEX,SINCE_LAST
 2DIAGNOSTIC,     1, -3.617722044061e-01, 1.797693134862e+308, 3.9217e+00, 1.0240e+00, 
 2DIAGNOSTIC,     2, -3.618820833704e-01, 1.797693134862e+308, 4.2602e+00, 3.3854e-01, 
 2DIAGNOSTIC,     3, -3.619118818049e-01, 1.797693134862e+308, 4.4978e+00, 2.3756e-01, 
 2DIAGNOSTIC,     4, -3.619246818084e-01, 1.797693134862e+308, 4.8946e+00, 3.9685e-01, 
 2DIAGNOSTIC,     5, -3.619250240788e-01, 1.797693134862e+308, 5.1531e+00, 2.5847e-01, 
 2DIAGNOSTIC,     6, -3.619247742463e-01, 1.797693134862e+308, 5.5610e+00, 4.0787e-01, 
 2DIAGNOSTIC,     7, -3.619252490900e-01, 1.797693134862e+308, 5.8409e+00, 2.7988e-01, 
 2DIAGNOSTIC,     8, -3.619250826153e-01, 1.797693134862e+308, 6.1083e+00, 2.6741e-01, 
 2DIAGNOSTIC,     9, -3.619243519790e-01, 1.797693134862e+308, 6.3331e+00, 2.2480e-01, 
 2DIAGNOSTIC,    10, -3.619246604287e-01, 1.879901668003e-05, 6.5849e+00, 2.5187e-01, 
 2DIAGNOSTIC,    11, -3.619245265098e-01, 6.709991116627e-06, 6.8631e+00, 2.7812e-01, 
 2DIAGNOSTIC,    12, -3.619236929506e-01, 3.383621896919e-06, 7.1127e+00, 2.4968e-01, 
 2DIAGNOSTIC,    13, -3.619229574020e-01, 2.238217465020e-06, 7.3899e+00, 2.7712e-01, 
 2DIAGNOSTIC,    14, -3.619235144950e-01, 2.025527450794e-06, 7.6672e+00, 2.7739e-01, 
 2DIAGNOSTIC,    15, -3.619227726419e-01, 1.841222987853e-06, 7.9377e+00, 2.7045e-01, 
 2DIAGNOSTIC,    16, -3.619218288390e-01, 1.646644213246e-06, 8.2100e+00, 2.7225e-01, 
 2DIAGNOSTIC,    17, -3.619216016349e-01, 1.519940298171e-06, 8.4845e+00, 2.7458e-01, 
 2DIAGNOSTIC,    18, -3.619215590321e-01, 1.431473032242e-06, 8.7229e+00, 2.3835e-01, 
 2DIAGNOSTIC,    19, -3.619219343670e-01, 1.366897843344e-06, 9.0013e+00, 2.7837e-01, 
 2DIAGNOSTIC,    20, -3.619223099049e-01, 1.363443373883e-06, 9.2730e+00, 2.7174e-01, 
 2DIAGNOSTIC,    21, -3.619228995354e-01, 1.399888568877e-06, 9.5773e+00, 3.0432e-01, 
 2DIAGNOSTIC,    22, -3.619227402299e-01, 1.408916733961e-06, 9.8521e+00, 2.7477e-01, 
 2DIAGNOSTIC,    23, -3.619225751700e-01, 1.389110012018e-06, 1.0138e+01, 2.8599e-01, 
 2DIAGNOSTIC,    24, -3.619223530653e-01, 1.381709681801e-06, 1.0382e+01, 2.4434e-01, 
 2DIAGNOSTIC,    25, -3.619230542503e-01, 1.368823980802e-06, 1.0647e+01, 2.6424e-01, 
 2DIAGNOSTIC,    26, -3.619233815643e-01, 1.328515731633e-06, 1.0885e+01, 2.3841e-01, 
 2DIAGNOSTIC,    27, -3.619213198009e-01, 1.214973551440e-06, 1.1134e+01, 2.4938e-01, 
 2DIAGNOSTIC,    28, -3.619220528075e-01, 1.127730042391e-06, 1.1511e+01, 3.7677e-01, 
 2DIAGNOSTIC,    29, -3.619222276748e-01, 1.060973194321e-06, 1.1763e+01, 2.5190e-01, 
DIAGNOSTIC,Iteration,metricValue,convergenceValue,ITERATION_TIME_INDEX,SINCE_LAST
 2DIAGNOSTIC,     1, -3.325856022294e-01, 1.797693134862e+308, 1.4205e+01, 2.4415e+00, 
 2DIAGNOSTIC,     2, -3.326438715717e-01, 1.797693134862e+308, 1.6047e+01, 1.8426e+00, 
 2DIAGNOSTIC,     3, -3.326837978275e-01, 1.797693134862e+308, 1.7519e+01, 1.4717e+00, 
 2DIAGNOSTIC,     4, -3.326951529034e-01, 1.797693134862e+308, 1.9023e+01, 1.5043e+00, 
 2DIAGNOSTIC,     5, -3.327108850016e-01, 1.797693134862e+308, 2.1222e+01, 2.1988e+00, 
 2DIAGNOSTIC,     6, -3.327111940655e-01, 1.797693134862e+308, 2.2494e+01, 1.2723e+00, 
 2DIAGNOSTIC,     7, -3.327129591754e-01, 1.797693134862e+308, 2.3766e+01, 1.2719e+00, 
 2DIAGNOSTIC,     8, -3.327161552077e-01, 1.797693134862e+308, 2.5222e+01, 1.4554e+00, 
 2DIAGNOSTIC,     9, -3.327173436130e-01, 1.797693134862e+308, 2.6541e+01, 1.3196e+00, 
 2DIAGNOSTIC,    10, -3.327184700175e-01, 2.267005658316e-05, 2.7992e+01, 1.4508e+00, 
 2DIAGNOSTIC,    11, -3.327203764800e-01, 1.260953909123e-05, 2.9506e+01, 1.5135e+00, 
 2DIAGNOSTIC,    12, -3.327201456229e-01, 7.428205208965e-06, 3.0795e+01, 1.2894e+00, 
 2DIAGNOSTIC,    13, -3.327215492622e-01, 5.318883158884e-06, 3.2166e+01, 1.3706e+00, 
 2DIAGNOSTIC,    14, -3.327234233328e-01, 4.028804612449e-06, 3.3464e+01, 1.2987e+00, 
 2DIAGNOSTIC,    15, -3.327272729760e-01, 3.865190156188e-06, 3.4914e+01, 1.4499e+00, 
 2DIAGNOSTIC,    16, -3.327313947996e-01, 3.793664826474e-06, 3.6293e+01, 1.3786e+00, 
 2DIAGNOSTIC,    17, -3.327368492035e-01, 3.921659434261e-06, 3.7666e+01, 1.3735e+00, 
 2DIAGNOSTIC,    18, -3.327444609249e-01, 4.355926828320e-06, 3.9106e+01, 1.4396e+00, 
 2DIAGNOSTIC,    19, -3.327614658355e-01, 5.315811267406e-06, 4.1260e+01, 2.1541e+00, 
 2DIAGNOSTIC,    20, -3.327649911747e-01, 6.021720514636e-06, 4.2702e+01, 1.4420e+00, 
 2DIAGNOSTIC,    21, -3.327644786253e-01, 6.311538256115e-06, 4.4091e+01, 1.3892e+00, 
 2DIAGNOSTIC,    22, -3.327649936884e-01, 6.147635051031e-06, 4.5699e+01, 1.6073e+00, 
 2DIAGNOSTIC,    23, -3.327653122203e-01, 5.617735850276e-06, 4.7273e+01, 1.5744e+00, 
 2DIAGNOSTIC,    24, -3.327653921500e-01, 4.793515062933e-06, 4.8761e+01, 1.4884e+00, 
 2DIAGNOSTIC,    25, -3.327653356418e-01, 3.837837608218e-06, 5.0760e+01, 1.9981e+00, 
 2DIAGNOSTIC,    26, -3.327653838340e-01, 2.858439542910e-06, 5.2211e+01, 1.4512e+00, 
 2DIAGNOSTIC,    27, -3.327652081622e-01, 1.965735350794e-06, 5.3659e+01, 1.4480e+00, 
 2DIAGNOSTIC,    28, -3.327651221144e-01, 1.278186243757e-06, 5.5365e+01, 1.7059e+00, 
 2DIAGNOSTIC,    29, -3.327651087494e-01, 1.122179422795e-06, 5.7068e+01, 1.7030e+00, 
 2DIAGNOSTIC,    30, -3.327649997360e-01, 1.072123021716e-06, 5.8728e+01, 1.6607e+00, 
 2DIAGNOSTIC,    31, -3.327649496660e-01, 1.008467616595e-06, 6.0247e+01, 1.5183e+00, 
  Elapsed time (stage 0): 6.1050e+01


Total elapsed time: 6.1053e+01
Info [verificarlo]: loaded backend libinterflop_ieee.so
Info [interflop-ieee]: load backend with:
Info [interflop-ieee]: debug = false
Info [interflop-ieee]: debug-binary = false
Info [interflop-ieee]: no-backend-name = false
Info [interflop-ieee]: print-new-line = false
Info [interflop-ieee]: print-subnormal-normalized = false
Info [interflop-ieee]: count-op = false
All_Command_lines_OK
Using double precision for computations.
=============================================================================
The composite transform comprises the following transforms (in order): 
  1. /home/mdugre/scratch/mri-registration-rp/datasets/ds004513/derivatives/mri-registration-rp/0001/antsRegistration-r8-p17/sub-s020/rigid_Composite.h5[0] (type = Euler3DTransform)
  2. /home/mdugre/scratch/mri-registration-rp/datasets/ds004513/derivatives/mri-registration-rp/0001/antsRegistration-r8-p17/sub-s020/rigid_Composite.h5[1] (type = Euler3DTransform)
  3. /home/mdugre/scratch/mri-registration-rp/datasets/ds004513/derivatives/mri-registration-rp/0001/antsRegistration-r8-p17/sub-s020/rigid_Composite.h5[2] (type = Euler3DTransform)
=============================================================================
  number of levels = 4
  fixed image: /templateflow/tpl-MNI152NLin2009cAsym/tpl-MNI152NLin2009cAsym_res-01_desc-brain_T1w.nii.gz
  moving image: /home/mdugre/scratch/mri-registration-rp/datasets/ds004513/derivatives/mri-registration-rp/antsBrainExtraction/sub-s020/BrainExtractionBrain.nii.gz
Dimension = 3
Number of stages = 1
Use histogram matching = false
Winsorize image intensities = true
  Lower quantile = 0.005
  Upper quantile = 0.995


Stage 1 State
   Image metric = MattesMI
     Fixed image = Image (0x44ee7e0)
  RTTI typeinfo:   itk::Image<double, 3u>
  Reference Count: 2
  Modified Time: 1594
  Debug: Off
  Object Name: 
  Observers: 
    none
  Source: (none)
  Source output name: (none)
  Release Data: Off
  Data Released: False
  Global Release Data: Off
  PipelineMTime: 0
  UpdateMTime: 1203
  RealTimeStamp: 0 seconds 
  LargestPossibleRegion: 
    Dimension: 3
    Index: [0, 0, 0]
    Size: [193, 229, 193]
  BufferedRegion: 
    Dimension: 3
    Index: [0, 0, 0]
    Size: [193, 229, 193]
  RequestedRegion: 
    Dimension: 3
    Index: [0, 0, 0]
    Size: [193, 229, 193]
  Spacing: [1, 1, 1]
  Origin: [96, 132, -78]
  Direction: 
-1 0 0
0 -1 0
0 0 1

  IndexToPointMatrix: 
-1 0 0
0 -1 0
0 0 1

  PointToIndexMatrix: 
-1 0 0
0 -1 0
0 0 1

  Inverse Direction: 
-1 0 0
0 -1 0
0 0 1

  PixelContainer: 
    ImportImageContainer (0x45aea20)
      RTTI typeinfo:   itk::ImportImageContainer<unsigned long, double>
      Reference Count: 1
      Modified Time: 1200
      Debug: Off
      Object Name: 
      Observers: 
        none
      Pointer: 0x152fdc84f010
      Container manages memory: true
      Size: 8530021
      Capacity: 8530021

     Moving image = Image (0x45a9d70)
  RTTI typeinfo:   itk::Image<double, 3u>
  Reference Count: 2
  Modified Time: 1595
  Debug: Off
  Object Name: 
  Observers: 
    none
  Source: (none)
  Source output name: (none)
  Release Data: Off
  Data Released: False
  Global Release Data: Off
  PipelineMTime: 0
  UpdateMTime: 1592
  RealTimeStamp: 0 seconds 
  LargestPossibleRegion: 
    Dimension: 3
    Index: [0, 0, 0]
    Size: [160, 240, 256]
  BufferedRegion: 
    Dimension: 3
    Index: [0, 0, 0]
    Size: [160, 240, 256]
  RequestedRegion: 
    Dimension: 3
    Index: [0, 0, 0]
    Size: [160, 240, 256]
  Spacing: [0.999995, 1, 1]
  Origin: [87.0906, 98.7205, -152.377]
  Direction: 
-0.996975 0.0261379 -0.0731913
-0.0260677 -0.999658 -0.00191374
-0.0732163 -2.46403e-08 0.997316

  IndexToPointMatrix: 
-0.996971 0.0261379 -0.0731913
-0.0260676 -0.999658 -0.00191374
-0.0732159 -2.46403e-08 0.997316

  PointToIndexMatrix: 
-0.99698 -0.0260679 -0.0732166
0.0261379 -0.999658 -2.46993e-08
-0.0731913 -0.00191374 0.997316

  Inverse Direction: 
-0.996975 -0.0260677 -0.0732163
0.0261379 -0.999658 -2.46993e-08
-0.0731913 -0.00191374 0.997316

  PixelContainer: 
    ImportImageContainer (0x4561c90)
      RTTI typeinfo:   itk::ImportImageContainer<unsigned long, double>
      Reference Count: 1
      Modified Time: 1589
      Debug: Off
      Object Name: 
      Observers: 
        none
      Pointer: 0x152fd7d4e010
      Container manages memory: true
      Size: 9830400
      Capacity: 9830400

     Weighting = 1
     Sampling strategy = regular
     Number of bins = 32
     Radius = 4
     Sampling percentage  = 0.25
   Transform = Affine
     Gradient step = 0.1
     Update field sigma (voxel space) = 0
     Total field sigma (voxel space) = 0
     Update field time sigma = 0
     Total field time sigma  = 0
     Number of time indices = 0
     Number of time point samples = 0
Registration using 1 total stages.

Stage 0
  iterations = 1000x500x250x100
  convergence threshold = 1e-06
  convergence window size = 10
  number of levels = 4
  using the Mattes MI metric (number of bins = 32, weight = 1, use gradient filter = 0)
  preprocessing:  winsorizing the image intensities
  Shrink factors (level 1 out of 4): [8, 8, 8]
  Shrink factors (level 2 out of 4): [4, 4, 4]
  Shrink factors (level 3 out of 4): [2, 2, 2]
  Shrink factors (level 4 out of 4): [1, 1, 1]
  smoothing sigmas per level: [3, 2, 1, 0]
  regular sampling (percentage = 0.25)

*** Running AffineTransform registration ***

DIAGNOSTIC,Iteration,metricValue,convergenceValue,ITERATION_TIME_INDEX,SINCE_LAST
 2DIAGNOSTIC,     1, -5.149433698612e-01, 1.797693134862e+308, 7.5438e-01, 7.5438e-01, 
 2DIAGNOSTIC,     2, -5.168958364945e-01, 1.797693134862e+308, 7.5944e-01, 5.0650e-03, 
 2DIAGNOSTIC,     3, -5.199064698167e-01, 1.797693134862e+308, 7.6395e-01, 4.5071e-03, 
 2DIAGNOSTIC,     4, -5.245620155675e-01, 1.797693134862e+308, 7.6823e-01, 4.2801e-03, 
 2DIAGNOSTIC,     5, -5.321911035027e-01, 1.797693134862e+308, 7.7261e-01, 4.3769e-03, 
 2DIAGNOSTIC,     6, -5.538524256034e-01, 1.797693134862e+308, 7.7719e-01, 4.5841e-03, 
 2DIAGNOSTIC,     7, -6.169197468770e-01, 1.797693134862e+308, 7.8186e-01, 4.6620e-03, 
 2DIAGNOSTIC,     8, -6.702524749660e-01, 1.797693134862e+308, 7.8790e-01, 6.0470e-03, 
 2DIAGNOSTIC,     9, -6.979746663993e-01, 1.797693134862e+308, 7.9544e-01, 7.5409e-03, 
 2DIAGNOSTIC,    10, -7.119730263074e-01, 2.461803087543e-02, 8.0061e-01, 5.1632e-03, 
 2DIAGNOSTIC,    11, -7.390508872878e-01, 2.526773645002e-02, 8.0577e-01, 5.1589e-03, 
 2DIAGNOSTIC,    12, -7.689675591380e-01, 2.464366912245e-02, 8.1101e-01, 5.2431e-03, 
 2DIAGNOSTIC,    13, -7.905038840432e-01, 2.270944848258e-02, 8.1688e-01, 5.8680e-03, 
 2DIAGNOSTIC,    14, -8.143239574741e-01, 1.996039452230e-02, 8.2369e-01, 6.8109e-03, 
 2DIAGNOSTIC,    15, -8.206509640063e-01, 1.629222672159e-02, 8.2932e-01, 5.6300e-03, 
 2DIAGNOSTIC,    16, -8.302604846735e-01, 1.252362795911e-02, 8.3444e-01, 5.1239e-03, 
 2DIAGNOSTIC,    17, -8.479368880945e-01, 1.011703767432e-02, 8.3998e-01, 5.5389e-03, 
 2DIAGNOSTIC,    18, -8.505225591963e-01, 8.384866379703e-03, 8.4489e-01, 4.9109e-03, 
 2DIAGNOSTIC,    19, -8.517648767096e-01, 6.738050849135e-03, 8.4982e-01, 4.9331e-03, 
 2DIAGNOSTIC,    20, -8.534232425336e-01, 4.988801181073e-03, 8.5528e-01, 5.4610e-03, 
 2DIAGNOSTIC,    21, -8.543500647452e-01, 3.506403556024e-03, 8.6130e-01, 6.0120e-03, 
 2DIAGNOSTIC,    22, -8.547668260050e-01, 2.398526527009e-03, 8.6888e-01, 7.5798e-03, 
 2DIAGNOSTIC,    23, -8.546694131177e-01, 1.540486284057e-03, 8.7372e-01, 4.8420e-03, 
 2DIAGNOSTIC,    24, -8.556965305198e-01, 1.031507316806e-03, 8.7919e-01, 5.4760e-03, 
 2DIAGNOSTIC,    25, -8.563889583315e-01, 5.818242629313e-04, 8.8400e-01, 4.8060e-03, 
 2DIAGNOSTIC,    26, -8.565815916037e-01, 2.562788759578e-04, 8.8936e-01, 5.3551e-03, 
 2DIAGNOSTIC,    27, -8.566567924600e-01, 1.864708161629e-04, 8.9414e-01, 4.7851e-03, 
 2DIAGNOSTIC,    28, -8.566759958291e-01, 1.405956493115e-04, 8.9907e-01, 4.9310e-03, 
 2DIAGNOSTIC,    29, -8.567569722788e-01, 1.019606973661e-04, 9.0395e-01, 4.8771e-03, 
 2DIAGNOSTIC,    30, -8.569744823284e-01, 7.987708587585e-05, 9.0934e-01, 5.3880e-03, 
 2DIAGNOSTIC,    31, -8.576723345213e-01, 7.159781248346e-05, 9.1473e-01, 5.3918e-03, 
 2DIAGNOSTIC,    32, -8.574382128273e-01, 5.949130911291e-05, 9.2174e-01, 7.0081e-03, 
 2DIAGNOSTIC,    33, -8.573102303742e-01, 4.014662191960e-05, 9.2718e-01, 5.4479e-03, 
 2DIAGNOSTIC,    34, -8.571821824390e-01, 2.813444939451e-05, 9.3209e-01, 4.9078e-03, 
 2DIAGNOSTIC,    35, -8.570537377021e-01, 2.015520416857e-05, 9.3752e-01, 5.4250e-03, 
 2DIAGNOSTIC,    36, -8.570591833659e-01, 1.275926523894e-05, 9.4237e-01, 4.8509e-03, 
 2DIAGNOSTIC,    37, -8.569314379890e-01, 4.186916488506e-06, 9.4721e-01, 4.8449e-03, 
DIAGNOSTIC,Iteration,metricValue,convergenceValue,ITERATION_TIME_INDEX,SINCE_LAST
 2DIAGNOSTIC,     1, -7.169651361882e-01, 1.797693134862e+308, 1.6874e+00, 7.4022e-01, 
 2DIAGNOSTIC,     2, -7.176698742286e-01, 1.797693134862e+308, 1.7241e+00, 3.6689e-02, 
 2DIAGNOSTIC,     3, -7.182379228125e-01, 1.797693134862e+308, 1.7642e+00, 4.0089e-02, 
 2DIAGNOSTIC,     4, -7.183061693645e-01, 1.797693134862e+308, 1.8077e+00, 4.3497e-02, 
 2DIAGNOSTIC,     5, -7.181971951281e-01, 1.797693134862e+308, 1.8585e+00, 5.0804e-02, 
 2DIAGNOSTIC,     6, -7.182234533434e-01, 1.797693134862e+308, 1.8987e+00, 4.0169e-02, 
 2DIAGNOSTIC,     7, -7.181586275389e-01, 1.797693134862e+308, 1.9411e+00, 4.2442e-02, 
 2DIAGNOSTIC,     8, -7.181661067017e-01, 1.797693134862e+308, 1.9800e+00, 3.8842e-02, 
 2DIAGNOSTIC,     9, -7.181707752664e-01, 1.797693134862e+308, 2.0196e+00, 3.9655e-02, 
 2DIAGNOSTIC,    10, -7.181689306425e-01, 6.359932341585e-05, 2.0631e+00, 4.3438e-02, 
 2DIAGNOSTIC,    11, -7.181470556867e-01, 1.356517235639e-05, 2.1028e+00, 3.9736e-02, 
DIAGNOSTIC,Iteration,metricValue,convergenceValue,ITERATION_TIME_INDEX,SINCE_LAST
 2DIAGNOSTIC,     1, -5.956347776703e-01, 1.797693134862e+308, 3.1915e+00, 1.0887e+00, 
 2DIAGNOSTIC,     2, -5.959909639467e-01, 1.797693134862e+308, 3.4891e+00, 2.9755e-01, 
 2DIAGNOSTIC,     3, -5.962303584453e-01, 1.797693134862e+308, 3.7734e+00, 2.8436e-01, 
 2DIAGNOSTIC,     4, -5.965336816769e-01, 1.797693134862e+308, 4.1133e+00, 3.3989e-01, 
 2DIAGNOSTIC,     5, -5.970675325948e-01, 1.797693134862e+308, 4.4549e+00, 3.4161e-01, 
 2DIAGNOSTIC,     6, -5.971980174729e-01, 1.797693134862e+308, 4.9723e+00, 5.1732e-01, 
 2DIAGNOSTIC,     7, -5.971965145623e-01, 1.797693134862e+308, 5.2978e+00, 3.2553e-01, 
 2DIAGNOSTIC,     8, -5.972129021852e-01, 1.797693134862e+308, 5.6632e+00, 3.6540e-01, 
 2DIAGNOSTIC,     9, -5.972153750104e-01, 1.797693134862e+308, 6.1319e+00, 4.6875e-01, 
 2DIAGNOSTIC,    10, -5.972136462327e-01, 1.779406295209e-04, 6.4857e+00, 3.5378e-01, 
 2DIAGNOSTIC,    11, -5.972132529566e-01, 1.166498797324e-04, 6.7934e+00, 3.0768e-01, 
 2DIAGNOSTIC,    12, -5.972125433249e-01, 6.968677298937e-05, 7.0706e+00, 2.7720e-01, 
 2DIAGNOSTIC,    13, -5.972121782161e-01, 3.264061391262e-05, 7.3754e+00, 3.0480e-01, 
 2DIAGNOSTIC,    14, -5.972130381239e-01, 8.021654722676e-06, 7.6749e+00, 2.9947e-01, 
 2DIAGNOSTIC,    15, -5.972119481014e-01, 2.961963288570e-06, 8.0140e+00, 3.3909e-01, 
 2DIAGNOSTIC,    16, -5.972103138102e-01, 2.302207419050e-06, 8.3527e+00, 3.3870e-01, 
 2DIAGNOSTIC,    17, -5.972088061646e-01, 1.595596534558e-06, 8.6829e+00, 3.3024e-01, 
 2DIAGNOSTIC,    18, -5.972094147369e-01, 1.440316891324e-06, 9.0167e+00, 3.3382e-01, 
 2DIAGNOSTIC,    19, -5.972091705042e-01, 1.386643300551e-06, 9.3532e+00, 3.3647e-01, 
 2DIAGNOSTIC,    20, -5.972098022100e-01, 1.339193695042e-06, 9.6341e+00, 2.8088e-01, 
 2DIAGNOSTIC,    21, -5.972096142315e-01, 1.307829757644e-06, 9.9700e+00, 3.3594e-01, 
 2DIAGNOSTIC,    22, -5.972094086607e-01, 1.279780725470e-06, 1.0271e+01, 3.0093e-01, 
 2DIAGNOSTIC,    23, -5.972098366016e-01, 1.269939320231e-06, 1.0573e+01, 3.0169e-01, 
 2DIAGNOSTIC,    24, -5.972097623520e-01, 1.286525321359e-06, 1.0907e+01, 3.3434e-01, 
 2DIAGNOSTIC,    25, -5.972086107297e-01, 1.263430037486e-06, 1.1201e+01, 2.9413e-01, 
 2DIAGNOSTIC,    26, -5.972095758831e-01, 1.232335851142e-06, 1.1537e+01, 3.3605e-01, 
 2DIAGNOSTIC,    27, -5.972086163568e-01, 1.158360598066e-06, 1.1942e+01, 4.0526e-01, 
 2DIAGNOSTIC,    28, -5.972078663443e-01, 1.089601018606e-06, 1.2276e+01, 3.3374e-01, 
DIAGNOSTIC,Iteration,metricValue,convergenceValue,ITERATION_TIME_INDEX,SINCE_LAST
 2DIAGNOSTIC,     1, -5.293775803578e-01, 1.797693134862e+308, 1.5166e+01, 2.8898e+00, 
 2DIAGNOSTIC,     2, -5.296815763102e-01, 1.797693134862e+308, 1.6841e+01, 1.6754e+00, 
 2DIAGNOSTIC,     3, -5.299656275347e-01, 1.797693134862e+308, 1.8518e+01, 1.6767e+00, 
 2DIAGNOSTIC,     4, -5.302603697550e-01, 1.797693134862e+308, 2.0557e+01, 2.0387e+00, 
 2DIAGNOSTIC,     5, -5.307253024282e-01, 1.797693134862e+308, 2.3495e+01, 2.9382e+00, 
 2DIAGNOSTIC,     6, -5.307312243705e-01, 1.797693134862e+308, 2.6892e+01, 3.3971e+00, 
 2DIAGNOSTIC,     7, -5.307311303325e-01, 1.797693134862e+308, 2.8872e+01, 1.9804e+00, 
 2DIAGNOSTIC,     8, -5.307311652811e-01, 1.797693134862e+308, 3.0796e+01, 1.9238e+00, 
 2DIAGNOSTIC,     9, -5.307309410267e-01, 1.797693134862e+308, 3.2761e+01, 1.9651e+00, 
 2DIAGNOSTIC,    10, -5.307303594488e-01, 1.654308032798e-04, 3.5006e+01, 2.2451e+00, 
 2DIAGNOSTIC,    11, -5.307304376746e-01, 1.027581998951e-04, 3.7154e+01, 2.1476e+00, 
