
##########################
# Experiment information #
##########################

EXPERIMENT_NAME: antsRegistration-r7-p11
VFC_BACKENDS: libinterflop_vprec.so --range-binary32=7 --precision-binary32=11 --range-binary64=7 --precision-binary64=11

SIF_IMG: /home/mdugre/projects/rrg-glatard/mdugre/containers/ants-vprec-no_metrics.simg

SUBJECT_ID: s032
INPUT_IMG: /home/mdugre/scratch/mri-registration-rp/datasets/ds004513/derivatives/mri-registration-rp/antsBrainExtraction/sub-s032/BrainExtractionBrain.nii.gz
OUTPUT_DIR: /home/mdugre/scratch/mri-registration-rp/datasets/ds004513/derivatives/mri-registration-rp/0001/antsRegistration-r7-p11/sub-s032

FIXED_IMG: /templateflow/tpl-MNI152NLin2009cAsym/tpl-MNI152NLin2009cAsym_res-01_desc-brain_T1w.nii.gz
DATA_DIR: /home/mdugre/scratch/mri-registration-rp/datasets/ds004513
TEMPLATEFLOW_DIR: /home/mdugre/projects/rrg-glatard/mdugre/templateflow
ITK_GLOBAL_DEFAULT_NUMBER_OF_THREADS: 16
##########################

Info [verificarlo]: loaded backend libinterflop_ieee.so
Info [interflop-ieee]: load backend with:
Info [interflop-ieee]: debug = false
Info [interflop-ieee]: debug-binary = false
Info [interflop-ieee]: no-backend-name = false
Info [interflop-ieee]: print-new-line = false
Info [interflop-ieee]: print-subnormal-normalized = false
Info [interflop-ieee]: count-op = false
All_Command_lines_OK
Using double precision for computations.
=============================================================================
The composite transform comprises the following transforms (in order): 
  1. Center of mass alignment using fixed image: /templateflow/tpl-MNI152NLin2009cAsym/tpl-MNI152NLin2009cAsym_res-01_desc-brain_T1w.nii.gz and moving image: /home/mdugre/scratch/mri-registration-rp/datasets/ds004513/derivatives/mri-registration-rp/antsBrainExtraction/sub-s032/BrainExtractionBrain.nii.gz (type = Euler3DTransform)
=============================================================================
  number of levels = 1
  fixed image: /templateflow/tpl-MNI152NLin2009cAsym/tpl-MNI152NLin2009cAsym_res-01_desc-brain_T1w.nii.gz
  moving image: /home/mdugre/scratch/mri-registration-rp/datasets/ds004513/derivatives/mri-registration-rp/antsBrainExtraction/sub-s032/BrainExtractionBrain.nii.gz
Dimension = 3
Number of stages = 1
Use histogram matching = false
Winsorize image intensities = true
  Lower quantile = 0.005
  Upper quantile = 0.995


Stage 1 State
   Image metric = MattesMI
     Fixed image = Image (0x3d7ee70)
  RTTI typeinfo:   itk::Image<double, 3u>
  Reference Count: 2
  Modified Time: 2330
  Debug: Off
  Object Name: 
  Observers: 
    none
  Source: (none)
  Source output name: (none)
  Release Data: Off
  Data Released: False
  Global Release Data: Off
  PipelineMTime: 0
  UpdateMTime: 1941
  RealTimeStamp: 0 seconds 
  LargestPossibleRegion: 
    Dimension: 3
    Index: [0, 0, 0]
    Size: [193, 229, 193]
  BufferedRegion: 
    Dimension: 3
    Index: [0, 0, 0]
    Size: [193, 229, 193]
  RequestedRegion: 
    Dimension: 3
    Index: [0, 0, 0]
    Size: [193, 229, 193]
  Spacing: [1, 1, 1]
  Origin: [96, 132, -78]
  Direction: 
-1 0 0
0 -1 0
0 0 1

  IndexToPointMatrix: 
-1 0 0
0 -1 0
0 0 1

  PointToIndexMatrix: 
-1 0 0
0 -1 0
0 0 1

  Inverse Direction: 
-1 0 0
0 -1 0
0 0 1

  PixelContainer: 
    ImportImageContainer (0x3d87c60)
      RTTI typeinfo:   itk::ImportImageContainer<unsigned long, double>
      Reference Count: 1
      Modified Time: 1938
      Debug: Off
      Object Name: 
      Observers: 
        none
      Pointer: 0x1508de7a7010
      Container manages memory: true
      Size: 8530021
      Capacity: 8530021

     Moving image = Image (0x3e1bec0)
  RTTI typeinfo:   itk::Image<double, 3u>
  Reference Count: 2
  Modified Time: 2331
  Debug: Off
  Object Name: 
  Observers: 
    none
  Source: (none)
  Source output name: (none)
  Release Data: Off
  Data Released: False
  Global Release Data: Off
  PipelineMTime: 0
  UpdateMTime: 2328
  RealTimeStamp: 0 seconds 
  LargestPossibleRegion: 
    Dimension: 3
    Index: [0, 0, 0]
    Size: [160, 240, 256]
  BufferedRegion: 
    Dimension: 3
    Index: [0, 0, 0]
    Size: [160, 240, 256]
  RequestedRegion: 
    Dimension: 3
    Index: [0, 0, 0]
    Size: [160, 240, 256]
  Spacing: [1, 1, 1]
  Origin: [73.279, 104.707, -131.187]
  Direction: 
-0.997527 0.0645574 -0.0278053
-0.0645323 -0.997914 -0.00179875
-0.0278634 4.01097e-08 0.999612

  IndexToPointMatrix: 
-0.997527 0.0645574 -0.0278053
-0.0645323 -0.997914 -0.00179875
-0.0278634 4.01097e-08 0.999612

  PointToIndexMatrix: 
-0.997527 -0.0645323 -0.0278634
0.0645574 -0.997914 4.01049e-08
-0.0278053 -0.00179875 0.999612

  Inverse Direction: 
-0.997527 -0.0645323 -0.0278634
0.0645574 -0.997914 4.01049e-08
-0.0278053 -0.00179875 0.999612

  PixelContainer: 
    ImportImageContainer (0x3eb3610)
      RTTI typeinfo:   itk::ImportImageContainer<unsigned long, double>
      Reference Count: 1
      Modified Time: 2325
      Debug: Off
      Object Name: 
      Observers: 
        none
      Pointer: 0x1508d9ca6010
      Container manages memory: true
      Size: 9830400
      Capacity: 9830400

     Weighting = 1
     Sampling strategy = regular
     Number of bins = 32
     Radius = 4
     Sampling percentage  = 0.25
   Transform = Rigid
     Gradient step = 0.1
     Update field sigma (voxel space) = 0
     Total field sigma (voxel space) = 0
     Update field time sigma = 0
     Total field time sigma  = 0
     Number of time indices = 0
     Number of time point samples = 0
Registration using 1 total stages.

Stage 0
  iterations = 0
  convergence threshold = 1e-06
  convergence window size = 10
  number of levels = 1
  using the Mattes MI metric (number of bins = 32, weight = 1, use gradient filter = 0)
  preprocessing:  winsorizing the image intensities
  Shrink factors (level 1 out of 1): [1, 1, 1]
  smoothing sigmas per level: [0]
  regular sampling (percentage = 0.25)

*** Running Euler3DTransform registration ***

  Elapsed time (stage 0): 1.12144


Total elapsed time: 1.12472
Info [verificarlo]: loaded backend libinterflop_ieee.so
Info [interflop-ieee]: load backend with:
Info [interflop-ieee]: debug = false
Info [interflop-ieee]: debug-binary = false
Info [interflop-ieee]: no-backend-name = false
Info [interflop-ieee]: print-new-line = false
Info [interflop-ieee]: print-subnormal-normalized = false
Info [interflop-ieee]: count-op = false
All_Command_lines_OK
Using double precision for computations.
=============================================================================
The composite transform comprises the following transforms (in order): 
  1. /home/mdugre/scratch/mri-registration-rp/datasets/ds004513/derivatives/mri-registration-rp/0001/antsRegistration-r7-p11/sub-s032/align_Composite.h5[0] (type = Euler3DTransform)
  2. /home/mdugre/scratch/mri-registration-rp/datasets/ds004513/derivatives/mri-registration-rp/0001/antsRegistration-r7-p11/sub-s032/align_Composite.h5[1] (type = Euler3DTransform)
=============================================================================
  number of levels = 4
  fixed image: /templateflow/tpl-MNI152NLin2009cAsym/tpl-MNI152NLin2009cAsym_res-01_desc-brain_T1w.nii.gz
  moving image: /home/mdugre/scratch/mri-registration-rp/datasets/ds004513/derivatives/mri-registration-rp/antsBrainExtraction/sub-s032/BrainExtractionBrain.nii.gz
Dimension = 3
Number of stages = 1
Use histogram matching = false
Winsorize image intensities = true
  Lower quantile = 0.005
  Upper quantile = 0.995


Stage 1 State
   Image metric = MattesMI
     Fixed image = Image (0x4e73530)
  RTTI typeinfo:   itk::Image<double, 3u>
  Reference Count: 2
  Modified Time: 1578
  Debug: Off
  Object Name: 
  Observers: 
    none
  Source: (none)
  Source output name: (none)
  Release Data: Off
  Data Released: False
  Global Release Data: Off
  PipelineMTime: 0
  UpdateMTime: 1189
  RealTimeStamp: 0 seconds 
  LargestPossibleRegion: 
    Dimension: 3
    Index: [0, 0, 0]
    Size: [193, 229, 193]
  BufferedRegion: 
    Dimension: 3
    Index: [0, 0, 0]
    Size: [193, 229, 193]
  RequestedRegion: 
    Dimension: 3
    Index: [0, 0, 0]
    Size: [193, 229, 193]
  Spacing: [1, 1, 1]
  Origin: [96, 132, -78]
  Direction: 
-1 0 0
0 -1 0
0 0 1

  IndexToPointMatrix: 
-1 0 0
0 -1 0
0 0 1

  PointToIndexMatrix: 
-1 0 0
0 -1 0
0 0 1

  Inverse Direction: 
-1 0 0
0 -1 0
0 0 1

  PixelContainer: 
    ImportImageContainer (0x4f31d60)
      RTTI typeinfo:   itk::ImportImageContainer<unsigned long, double>
      Reference Count: 1
      Modified Time: 1186
      Debug: Off
      Object Name: 
      Observers: 
        none
      Pointer: 0x1549eb8b6010
      Container manages memory: true
      Size: 8530021
      Capacity: 8530021

     Moving image = Image (0x4f23f60)
  RTTI typeinfo:   itk::Image<double, 3u>
  Reference Count: 2
  Modified Time: 1579
  Debug: Off
  Object Name: 
  Observers: 
    none
  Source: (none)
  Source output name: (none)
  Release Data: Off
  Data Released: False
  Global Release Data: Off
  PipelineMTime: 0
  UpdateMTime: 1576
  RealTimeStamp: 0 seconds 
  LargestPossibleRegion: 
    Dimension: 3
    Index: [0, 0, 0]
    Size: [160, 240, 256]
  BufferedRegion: 
    Dimension: 3
    Index: [0, 0, 0]
    Size: [160, 240, 256]
  RequestedRegion: 
    Dimension: 3
    Index: [0, 0, 0]
    Size: [160, 240, 256]
  Spacing: [1, 1, 1]
  Origin: [73.279, 104.707, -131.187]
  Direction: 
-0.997527 0.0645574 -0.0278053
-0.0645323 -0.997914 -0.00179875
-0.0278634 4.01097e-08 0.999612

  IndexToPointMatrix: 
-0.997527 0.0645574 -0.0278053
-0.0645323 -0.997914 -0.00179875
-0.0278634 4.01097e-08 0.999612

  PointToIndexMatrix: 
-0.997527 -0.0645323 -0.0278634
0.0645574 -0.997914 4.01049e-08
-0.0278053 -0.00179875 0.999612

  Inverse Direction: 
-0.997527 -0.0645323 -0.0278634
0.0645574 -0.997914 4.01049e-08
-0.0278053 -0.00179875 0.999612

  PixelContainer: 
    ImportImageContainer (0x4f156d0)
      RTTI typeinfo:   itk::ImportImageContainer<unsigned long, double>
      Reference Count: 1
      Modified Time: 1573
      Debug: Off
      Object Name: 
      Observers: 
        none
      Pointer: 0x1549e6db5010
      Container manages memory: true
      Size: 9830400
      Capacity: 9830400

     Weighting = 1
     Sampling strategy = regular
     Number of bins = 32
     Radius = 4
     Sampling percentage  = 0.25
   Transform = Rigid
     Gradient step = 0.1
     Update field sigma (voxel space) = 0
     Total field sigma (voxel space) = 0
     Update field time sigma = 0
     Total field time sigma  = 0
     Number of time indices = 0
     Number of time point samples = 0
Registration using 1 total stages.

Stage 0
  iterations = 1000x500x250x100
  convergence threshold = 1e-06
  convergence window size = 10
  number of levels = 4
  using the Mattes MI metric (number of bins = 32, weight = 1, use gradient filter = 0)
  preprocessing:  winsorizing the image intensities
  Shrink factors (level 1 out of 4): [8, 8, 8]
  Shrink factors (level 2 out of 4): [4, 4, 4]
  Shrink factors (level 3 out of 4): [2, 2, 2]
  Shrink factors (level 4 out of 4): [1, 1, 1]
  smoothing sigmas per level: [3, 2, 1, 0]
  regular sampling (percentage = 0.25)

*** Running Euler3DTransform registration ***

DIAGNOSTIC,Iteration,metricValue,convergenceValue,ITERATION_TIME_INDEX,SINCE_LAST
 2DIAGNOSTIC,     1, -5.480496989617e-01, 1.797693134862e+308, 8.9836e-01, 8.9836e-01, 
 2DIAGNOSTIC,     2, -5.506811078454e-01, 1.797693134862e+308, 9.0363e-01, 5.2750e-03, 
 2DIAGNOSTIC,     3, -5.546514955662e-01, 1.797693134862e+308, 9.0821e-01, 4.5791e-03, 
 2DIAGNOSTIC,     4, -5.606863537750e-01, 1.797693134862e+308, 9.1289e-01, 4.6771e-03, 
 2DIAGNOSTIC,     5, -5.693661845193e-01, 1.797693134862e+308, 9.1738e-01, 4.4930e-03, 
 2DIAGNOSTIC,     6, -5.854078830086e-01, 1.797693134862e+308, 9.2207e-01, 4.6880e-03, 
 2DIAGNOSTIC,     7, -6.232769732918e-01, 1.797693134862e+308, 9.2681e-01, 4.7381e-03, 
 2DIAGNOSTIC,     8, -6.297683730473e-01, 1.797693134862e+308, 9.3173e-01, 4.9231e-03, 
 2DIAGNOSTIC,     9, -6.366738733405e-01, 1.797693134862e+308, 9.3942e-01, 7.6859e-03, 
 2DIAGNOSTIC,    10, -6.375630690827e-01, 1.201760866083e-02, 9.4409e-01, 4.6730e-03, 
 2DIAGNOSTIC,    11, -6.405337628679e-01, 1.087684809450e-02, 9.4832e-01, 4.2279e-03, 
 2DIAGNOSTIC,    12, -6.435528997438e-01, 9.167753354490e-03, 9.5303e-01, 4.7090e-03, 
 2DIAGNOSTIC,    13, -6.444720921444e-01, 7.089498731847e-03, 9.5722e-01, 4.1919e-03, 
 2DIAGNOSTIC,    14, -6.463616611293e-01, 4.967892496988e-03, 9.6190e-01, 4.6830e-03, 
 2DIAGNOSTIC,    15, -6.484646963404e-01, 3.033020789043e-03, 9.6964e-01, 7.7350e-03, 
 2DIAGNOSTIC,    16, -6.486009987994e-01, 1.520386367320e-03, 9.7380e-01, 4.1630e-03, 
 2DIAGNOSTIC,    17, -6.493699344760e-01, 1.108203205204e-03, 9.7840e-01, 4.6060e-03, 
 2DIAGNOSTIC,    18, -6.514578195065e-01, 8.586162135984e-04, 9.8301e-01, 4.6031e-03, 
 2DIAGNOSTIC,    19, -6.526592717406e-01, 7.533650369804e-04, 9.8760e-01, 4.5891e-03, 
 2DIAGNOSTIC,    20, -6.536191777189e-01, 6.303067369292e-04, 9.9189e-01, 4.2892e-03, 
 2DIAGNOSTIC,    21, -6.549162298979e-01, 5.534292205379e-04, 9.9637e-01, 4.4849e-03, 
 2DIAGNOSTIC,    22, -6.562385790832e-01, 5.226986103233e-04, 1.0017e+00, 5.3589e-03, 
 2DIAGNOSTIC,    23, -6.565000058113e-01, 4.680180012237e-04, 1.0065e+00, 4.7960e-03, 
 2DIAGNOSTIC,    24, -6.565387353854e-01, 4.101063704208e-04, 1.0114e+00, 4.8780e-03, 
 2DIAGNOSTIC,    25, -6.567702146893e-01, 3.618032093041e-04, 1.0163e+00, 4.9372e-03, 
 2DIAGNOSTIC,    26, -6.583507212369e-01, 3.132611037346e-04, 1.0210e+00, 4.6151e-03, 
 2DIAGNOSTIC,    27, -6.586527568469e-01, 2.554116018357e-04, 1.0252e+00, 4.2310e-03, 
 2DIAGNOSTIC,    28, -6.593310437738e-01, 2.225767143839e-04, 1.0304e+00, 5.2578e-03, 
 2DIAGNOSTIC,    29, -6.595734041655e-01, 1.939316665335e-04, 1.0354e+00, 4.9071e-03, 
 2DIAGNOSTIC,    30, -6.595955819569e-01, 1.634946778527e-04, 1.0400e+00, 4.6539e-03, 
 2DIAGNOSTIC,    31, -6.596949967568e-01, 1.392755860916e-04, 1.0442e+00, 4.1659e-03, 
 2DIAGNOSTIC,    32, -6.597157295313e-01, 1.221677497594e-04, 1.0488e+00, 4.6651e-03, 
 2DIAGNOSTIC,    33, -6.597001423845e-01, 9.820426862783e-05, 1.0556e+00, 6.7542e-03, 
 2DIAGNOSTIC,    34, -6.595254449702e-01, 6.486903006708e-05, 1.0598e+00, 4.1840e-03, 
 2DIAGNOSTIC,    35, -6.595295822810e-01, 3.010817889908e-05, 1.0639e+00, 4.1592e-03, 
 2DIAGNOSTIC,    36, -6.595351297936e-01, 1.424396565839e-05, 1.0681e+00, 4.1211e-03, 
 2DIAGNOSTIC,    37, -6.595409535781e-01, 1.474135168968e-06, 1.0722e+00, 4.1101e-03, 
DIAGNOSTIC,Iteration,metricValue,convergenceValue,ITERATION_TIME_INDEX,SINCE_LAST
 2DIAGNOSTIC,     1, -5.183739626527e-01, 1.797693134862e+308, 1.8159e+00, 7.4372e-01, 
 2DIAGNOSTIC,     2, -5.189226238284e-01, 1.797693134862e+308, 1.8435e+00, 2.7628e-02, 
 2DIAGNOSTIC,     3, -5.196899327349e-01, 1.797693134862e+308, 1.8732e+00, 2.9707e-02, 
 2DIAGNOSTIC,     4, -5.204463662995e-01, 1.797693134862e+308, 1.9020e+00, 2.8755e-02, 
 2DIAGNOSTIC,     5, -5.209979485292e-01, 1.797693134862e+308, 1.9292e+00, 2.7226e-02, 
 2DIAGNOSTIC,     6, -5.216357744175e-01, 1.797693134862e+308, 1.9581e+00, 2.8872e-02, 
 2DIAGNOSTIC,     7, -5.233753714609e-01, 1.797693134862e+308, 1.9907e+00, 3.2626e-02, 
 2DIAGNOSTIC,     8, -5.241119131170e-01, 1.797693134862e+308, 2.0299e+00, 3.9173e-02, 
 2DIAGNOSTIC,     9, -5.247293428588e-01, 1.797693134862e+308, 2.0677e+00, 3.7867e-02, 
 2DIAGNOSTIC,    10, -5.250028241219e-01, 8.899807889519e-04, 2.1026e+00, 3.4822e-02, 
 2DIAGNOSTIC,    11, -5.254483053011e-01, 7.905532260747e-04, 2.1450e+00, 4.2407e-02, 
 2DIAGNOSTIC,    12, -5.277635688445e-01, 7.650652103286e-04, 2.1768e+00, 3.1809e-02, 
 2DIAGNOSTIC,    13, -5.283161386728e-01, 7.264279480050e-04, 2.2064e+00, 2.9639e-02, 
 2DIAGNOSTIC,    14, -5.288222937287e-01, 6.775650033082e-04, 2.2403e+00, 3.3897e-02, 
 2DIAGNOSTIC,    15, -5.289976642571e-01, 6.012605151224e-04, 2.2710e+00, 3.0651e-02, 
 2DIAGNOSTIC,    16, -5.298475141806e-01, 5.287513473970e-04, 2.3066e+00, 3.5663e-02, 
 2DIAGNOSTIC,    17, -5.313522142407e-01, 5.176189208506e-04, 2.3409e+00, 3.4222e-02, 
 2DIAGNOSTIC,    18, -5.317212075689e-01, 4.916467208841e-04, 2.3893e+00, 4.8475e-02, 
 2DIAGNOSTIC,    19, -5.322490398918e-01, 4.569581781027e-04, 2.4312e+00, 4.1856e-02, 
 2DIAGNOSTIC,    20, -5.323376816483e-01, 3.940995430697e-04, 2.4634e+00, 3.2172e-02, 
 2DIAGNOSTIC,    21, -5.325910138872e-01, 3.171267356452e-04, 2.4996e+00, 3.6222e-02, 
 2DIAGNOSTIC,    22, -5.334985525582e-01, 2.960182313502e-04, 2.5375e+00, 3.7945e-02, 
 2DIAGNOSTIC,    23, -5.343136379562e-01, 2.804994144770e-04, 2.5740e+00, 3.6524e-02, 
 2DIAGNOSTIC,    24, -5.358639185011e-01, 2.865594388975e-04, 2.6175e+00, 4.3438e-02, 
 2DIAGNOSTIC,    25, -5.371525097836e-01, 2.963603667546e-04, 2.6474e+00, 2.9920e-02, 
 2DIAGNOSTIC,    26, -5.415830431898e-01, 3.859880954741e-04, 2.6764e+00, 2.9030e-02, 
 2DIAGNOSTIC,    27, -5.440280487004e-01, 5.090281194267e-04, 2.7117e+00, 3.5284e-02, 
 2DIAGNOSTIC,    28, -5.456606683127e-01, 6.129618059776e-04, 2.7491e+00, 3.7346e-02, 
 2DIAGNOSTIC,    29, -5.466795253652e-01, 6.810300868154e-04, 2.7822e+00, 3.3102e-02, 
 2DIAGNOSTIC,    30, -5.486249899521e-01, 7.164990388785e-04, 2.8152e+00, 3.2999e-02, 
 2DIAGNOSTIC,    31, -5.506630353463e-01, 7.197607920770e-04, 2.8513e+00, 3.6182e-02, 
 2DIAGNOSTIC,    32, -5.517581478820e-01, 6.870903714114e-04, 2.8954e+00, 4.4061e-02, 
 2DIAGNOSTIC,    33, -5.520876574893e-01, 6.104256291976e-04, 2.9236e+00, 2.8152e-02, 
 2DIAGNOSTIC,    34, -5.525595762026e-01, 5.133233843214e-04, 2.9531e+00, 2.9505e-02, 
 2DIAGNOSTIC,    35, -5.530313209792e-01, 3.984882541412e-04, 2.9798e+00, 2.6722e-02, 
 2DIAGNOSTIC,    36, -5.535695683025e-01, 3.247156114417e-04, 3.0092e+00, 2.9423e-02, 
 2DIAGNOSTIC,    37, -5.561527996779e-01, 2.960263470581e-04, 3.0456e+00, 3.6413e-02, 
 2DIAGNOSTIC,    38, -5.566096286591e-01, 2.694057198731e-04, 3.0802e+00, 3.4531e-02, 
 2DIAGNOSTIC,    39, -5.567430507562e-01, 2.343395424527e-04, 3.1113e+00, 3.1097e-02, 
 2DIAGNOSTIC,    40, -5.569203514938e-01, 2.068622919991e-04, 3.1427e+00, 3.1457e-02, 
 2DIAGNOSTIC,    41, -5.581302861578e-01, 2.025890915587e-04, 3.1790e+00, 3.6270e-02, 
 2DIAGNOSTIC,    42, -5.585978900079e-01, 1.980237703512e-04, 3.2282e+00, 4.9243e-02, 
 2DIAGNOSTIC,    43, -5.587747030781e-01, 1.809136656958e-04, 3.2582e+00, 2.9939e-02, 
 2DIAGNOSTIC,    44, -5.593041890628e-01, 1.600251853013e-04, 3.2886e+00, 3.0448e-02, 
 2DIAGNOSTIC,    45, -5.595245763060e-01, 1.331051500189e-04, 3.3154e+00, 2.6768e-02, 
 2DIAGNOSTIC,    46, -5.597345781046e-01, 1.023262888422e-04, 3.3465e+00, 3.1098e-02, 
 2DIAGNOSTIC,    47, -5.603737262966e-01, 9.910114971669e-05, 3.3907e+00, 4.4196e-02, 
 2DIAGNOSTIC,    48, -5.609462076825e-01, 9.786915770878e-05, 3.4249e+00, 3.4273e-02, 
 2DIAGNOSTIC,    49, -5.610177331386e-01, 8.959896203600e-05, 3.4587e+00, 3.3761e-02, 
 2DIAGNOSTIC,    50, -5.610362270218e-01, 7.502796855002e-05, 3.4864e+00, 2.7683e-02, 
 2DIAGNOSTIC,    51, -5.611490303691e-01, 6.753928666118e-05, 3.5138e+00, 2.7452e-02, 
 2DIAGNOSTIC,    52, -5.617851228482e-01, 6.496061803102e-05, 3.5454e+00, 3.1516e-02, 
 2DIAGNOSTIC,    53, -5.623064193749e-01, 6.284132729197e-05, 3.5768e+00, 3.1416e-02, 
 2DIAGNOSTIC,    54, -5.623615302737e-01, 6.048344486730e-05, 3.6145e+00, 3.7776e-02, 
 2DIAGNOSTIC,    55, -5.624015234549e-01, 5.518500499473e-05, 3.6488e+00, 3.4297e-02, 
 2DIAGNOSTIC,    56, -5.623806063061e-01, 4.654642180535e-05, 3.6762e+00, 2.7394e-02, 
 2DIAGNOSTIC,    57, -5.624311562014e-01, 3.989137505183e-05, 3.7032e+00, 2.7008e-02, 
 2DIAGNOSTIC,    58, -5.625159151740e-01, 3.550538913951e-05, 3.7310e+00, 2.7757e-02, 
 2DIAGNOSTIC,    59, -5.627795415183e-01, 3.093460181320e-05, 3.7595e+00, 2.8505e-02, 
 2DIAGNOSTIC,    60, -5.632955592170e-01, 2.830576471101e-05, 3.7883e+00, 2.8818e-02, 
 2DIAGNOSTIC,    61, -5.640024419089e-01, 2.992320964222e-05, 3.8327e+00, 4.4378e-02, 
 2DIAGNOSTIC,    62, -5.643346428569e-01, 3.659578840956e-05, 3.8636e+00, 3.0854e-02, 
 2DIAGNOSTIC,    63, -5.646201081155e-01, 4.627849643671e-05, 3.8968e+00, 3.3286e-02, 
 2DIAGNOSTIC,    64, -5.653679180152e-01, 5.777651952503e-05, 3.9403e+00, 4.3427e-02, 
 2DIAGNOSTIC,    65, -5.664286931578e-01, 7.202832638006e-05, 3.9729e+00, 3.2646e-02, 
 2DIAGNOSTIC,    66, -5.671915405748e-01, 8.457099726882e-05, 4.0105e+00, 3.7600e-02, 
 2DIAGNOSTIC,    67, -5.672975982868e-01, 8.986690076690e-05, 4.0508e+00, 4.0282e-02, 
 2DIAGNOSTIC,    68, -5.673314257742e-01, 8.748737892179e-05, 4.0852e+00, 3.4409e-02, 
 2DIAGNOSTIC,    69, -5.673821544365e-01, 7.911878733980e-05, 4.1264e+00, 4.1164e-02, 
 2DIAGNOSTIC,    70, -5.673980345738e-01, 6.710692245262e-05, 4.1624e+00, 3.5994e-02, 
 2DIAGNOSTIC,    71, -5.673944248678e-01, 5.408398920441e-05, 4.2017e+00, 3.9294e-02, 
 2DIAGNOSTIC,    72, -5.673898072699e-01, 3.872893129032e-05, 4.2358e+00, 3.4115e-02, 
 2DIAGNOSTIC,    73, -5.673836670984e-01, 2.212244082904e-05, 4.2685e+00, 3.2716e-02, 
 2DIAGNOSTIC,    74, -5.673771949407e-01, 8.935308845839e-06, 4.3016e+00, 3.3083e-02, 
 2DIAGNOSTIC,    75, -5.673701138804e-01, 2.424737780544e-06, 4.3324e+00, 3.0801e-02, 
 2DIAGNOSTIC,    76, -5.673636447029e-01, 1.037638944955e-06, 4.3749e+00, 4.2561e-02, 
DIAGNOSTIC,Iteration,metricValue,convergenceValue,ITERATION_TIME_INDEX,SINCE_LAST
 2DIAGNOSTIC,     1, -5.010657032261e-01, 1.797693134862e+308, 5.4931e+00, 1.1182e+00, 
 2DIAGNOSTIC,     2, -5.013116968739e-01, 1.797693134862e+308, 5.7185e+00, 2.2539e-01, 
 2DIAGNOSTIC,     3, -5.015409305566e-01, 1.797693134862e+308, 5.9414e+00, 2.2287e-01, 
 2DIAGNOSTIC,     4, -5.016789422677e-01, 1.797693134862e+308, 6.1740e+00, 2.3262e-01, 
 2DIAGNOSTIC,     5, -5.018374508760e-01, 1.797693134862e+308, 6.4055e+00, 2.3150e-01, 
 2DIAGNOSTIC,     6, -5.020756695495e-01, 1.797693134862e+308, 6.6624e+00, 2.5695e-01, 
 2DIAGNOSTIC,     7, -5.022067801048e-01, 1.797693134862e+308, 6.9152e+00, 2.5275e-01, 
 2DIAGNOSTIC,     8, -5.023024047705e-01, 1.797693134862e+308, 7.2905e+00, 3.7528e-01, 
 2DIAGNOSTIC,     9, -5.023109096020e-01, 1.797693134862e+308, 7.5242e+00, 2.3371e-01, 
 2DIAGNOSTIC,    10, -5.023337062793e-01, 1.708840769244e-04, 7.8499e+00, 3.2576e-01, 
 2DIAGNOSTIC,    11, -5.023409228711e-01, 1.266575730144e-04, 8.1168e+00, 2.6688e-01, 
 2DIAGNOSTIC,    12, -5.023388370802e-01, 8.995687969904e-05, 8.3359e+00, 2.1907e-01, 
 2DIAGNOSTIC,    13, -5.023425194487e-01, 6.117784562981e-05, 8.6290e+00, 2.9311e-01, 
 2DIAGNOSTIC,    14, -5.023449289435e-01, 3.685191565318e-05, 8.9240e+00, 2.9501e-01, 
 2DIAGNOSTIC,    15, -5.023456861687e-01, 1.846756923864e-05, 9.2200e+00, 2.9596e-01, 
 2DIAGNOSTIC,    16, -5.023468181689e-01, 9.260371859443e-06, 9.4666e+00, 2.4664e-01, 
 2DIAGNOSTIC,    17, -5.023467233938e-01, 4.755149645985e-06, 9.7380e+00, 2.7139e-01, 
 2DIAGNOSTIC,    18, -5.023468555384e-01, 3.499421091901e-06, 9.9951e+00, 2.5710e-01, 
 2DIAGNOSTIC,    19, -5.023459203376e-01, 2.421827517606e-06, 1.0375e+01, 3.8009e-01, 
 2DIAGNOSTIC,    20, -5.023460086771e-01, 2.025491594095e-06, 1.0616e+01, 2.4111e-01, 
 2DIAGNOSTIC,    21, -5.023452842071e-01, 1.804428074306e-06, 1.0887e+01, 2.7109e-01, 
 2DIAGNOSTIC,    22, -5.023437146627e-01, 1.480881878874e-06, 1.1173e+01, 2.8549e-01, 
 2DIAGNOSTIC,    23, -5.023430291985e-01, 1.255963366704e-06, 1.1550e+01, 3.7686e-01, 
 2DIAGNOSTIC,    24, -5.023438933846e-01, 1.138826943241e-06, 1.1836e+01, 2.8655e-01, 
 2DIAGNOSTIC,    25, -5.023422921176e-01, 1.027598136499e-06, 1.2109e+01, 2.7322e-01, 
DIAGNOSTIC,Iteration,metricValue,convergenceValue,ITERATION_TIME_INDEX,SINCE_LAST
 2DIAGNOSTIC,     1, -4.667011729334e-01, 1.797693134862e+308, 1.4593e+01, 2.4834e+00, 
 2DIAGNOSTIC,     2, -4.668448960027e-01, 1.797693134862e+308, 1.6083e+01, 1.4900e+00, 
 2DIAGNOSTIC,     3, -4.669335464668e-01, 1.797693134862e+308, 1.7549e+01, 1.4663e+00, 
 2DIAGNOSTIC,     4, -4.669408692115e-01, 1.797693134862e+308, 2.0424e+01, 2.8745e+00, 
 2DIAGNOSTIC,     5, -4.669405892323e-01, 1.797693134862e+308, 2.2081e+01, 1.6572e+00, 
 2DIAGNOSTIC,     6, -4.669396568929e-01, 1.797693134862e+308, 2.3606e+01, 1.5249e+00, 
 2DIAGNOSTIC,     7, -4.669390935738e-01, 1.797693134862e+308, 2.5089e+01, 1.4828e+00, 
 2DIAGNOSTIC,     8, -4.669391722140e-01, 1.797693134862e+308, 2.7537e+01, 2.4478e+00, 
 2DIAGNOSTIC,     9, -4.669391724440e-01, 1.797693134862e+308, 2.9089e+01, 1.5519e+00, 
 2DIAGNOSTIC,    10, -4.669390817766e-01, 2.285645431002e-05, 3.0652e+01, 1.5635e+00, 
 2DIAGNOSTIC,    11, -4.669389911598e-01, 8.258814663570e-06, 3.2325e+01, 1.6727e+00, 
 2DIAGNOSTIC,    12, -4.669388098333e-01, 2.770246382192e-06, 3.3823e+01, 1.4980e+00, 
 2DIAGNOSTIC,    13, -4.669388105123e-01, 2.255731142112e-06, 3.5347e+01, 1.5239e+00, 
 2DIAGNOSTIC,    14, -4.669388114194e-01, 2.149822733971e-06, 3.6897e+01, 1.5508e+00, 
 2DIAGNOSTIC,    15, -4.669387224447e-01, 2.055058049136e-06, 3.8384e+01, 1.4862e+00, 
 2DIAGNOSTIC,    16, -4.669386341186e-01, 1.940180750337e-06, 4.0041e+01, 1.6573e+00, 
 2DIAGNOSTIC,    17, -4.669385446576e-01, 1.819908064651e-06, 4.1364e+01, 1.3233e+00, 
 2DIAGNOSTIC,    18, -4.669384561216e-01, 1.717344865350e-06, 4.2910e+01, 1.5461e+00, 
 2DIAGNOSTIC,    19, -4.669384586215e-01, 1.630257786892e-06, 4.4486e+01, 1.5753e+00, 
 2DIAGNOSTIC,    20, -4.669382790596e-01, 1.547734897148e-06, 4.5951e+01, 1.4650e+00, 
 2DIAGNOSTIC,    21, -4.669380999705e-01, 1.469564962664e-06, 4.7316e+01, 1.3657e+00, 
 2DIAGNOSTIC,    22, -4.669384663402e-01, 1.407947869299e-06, 4.8984e+01, 1.6679e+00, 
 2DIAGNOSTIC,    23, -4.669385573357e-01, 1.357239789189e-06, 5.0516e+01, 1.5313e+00, 
 2DIAGNOSTIC,    24, -4.669380076047e-01, 1.299258497518e-06, 5.5006e+01, 4.4902e+00, 
 2DIAGNOSTIC,    25, -4.669380076045e-01, 1.246854111035e-06, 5.9350e+01, 4.3440e+00, 
 2DIAGNOSTIC,    26, -4.669380076045e-01, 1.198788732275e-06, 6.0987e+01, 1.6376e+00, 
 2DIAGNOSTIC,    27, -4.669380076045e-01, 1.154251845062e-06, 6.2621e+01, 1.6335e+00, 
 2DIAGNOSTIC,    28, -4.669380076045e-01, 1.113097632108e-06, 6.4288e+01, 1.6672e+00, 
 2DIAGNOSTIC,    29, -4.669380076045e-01, 1.077381792419e-06, 6.5977e+01, 1.6892e+00, 
 2DIAGNOSTIC,    30, -4.669380076045e-01, 1.042517139921e-06, 6.7530e+01, 1.5532e+00, 
 2DIAGNOSTIC,    31, -4.669380076045e-01, 1.007713134653e-06, 6.9075e+01, 1.5448e+00, 
  Elapsed time (stage 0): 6.9975e+01


Total elapsed time: 6.9979e+01
Info [verificarlo]: loaded backend libinterflop_ieee.so
Info [interflop-ieee]: load backend with:
Info [interflop-ieee]: debug = false
Info [interflop-ieee]: debug-binary = false
Info [interflop-ieee]: no-backend-name = false
Info [interflop-ieee]: print-new-line = false
Info [interflop-ieee]: print-subnormal-normalized = false
Info [interflop-ieee]: count-op = false
All_Command_lines_OK
Using double precision for computations.
=============================================================================
The composite transform comprises the following transforms (in order): 
  1. /home/mdugre/scratch/mri-registration-rp/datasets/ds004513/derivatives/mri-registration-rp/0001/antsRegistration-r7-p11/sub-s032/rigid_Composite.h5[0] (type = Euler3DTransform)
  2. /home/mdugre/scratch/mri-registration-rp/datasets/ds004513/derivatives/mri-registration-rp/0001/antsRegistration-r7-p11/sub-s032/rigid_Composite.h5[1] (type = Euler3DTransform)
  3. /home/mdugre/scratch/mri-registration-rp/datasets/ds004513/derivatives/mri-registration-rp/0001/antsRegistration-r7-p11/sub-s032/rigid_Composite.h5[2] (type = Euler3DTransform)
=============================================================================
  number of levels = 4
  fixed image: /templateflow/tpl-MNI152NLin2009cAsym/tpl-MNI152NLin2009cAsym_res-01_desc-brain_T1w.nii.gz
  moving image: /home/mdugre/scratch/mri-registration-rp/datasets/ds004513/derivatives/mri-registration-rp/antsBrainExtraction/sub-s032/BrainExtractionBrain.nii.gz
Dimension = 3
Number of stages = 1
Use histogram matching = false
Winsorize image intensities = true
  Lower quantile = 0.005
  Upper quantile = 0.995


Stage 1 State
   Image metric = MattesMI
     Fixed image = Image (0x45507e0)
  RTTI typeinfo:   itk::Image<double, 3u>
  Reference Count: 2
  Modified Time: 1592
  Debug: Off
  Object Name: 
  Observers: 
    none
  Source: (none)
  Source output name: (none)
  Release Data: Off
  Data Released: False
  Global Release Data: Off
  PipelineMTime: 0
  UpdateMTime: 1203
  RealTimeStamp: 0 seconds 
  LargestPossibleRegion: 
    Dimension: 3
    Index: [0, 0, 0]
    Size: [193, 229, 193]
  BufferedRegion: 
    Dimension: 3
    Index: [0, 0, 0]
    Size: [193, 229, 193]
  RequestedRegion: 
    Dimension: 3
    Index: [0, 0, 0]
    Size: [193, 229, 193]
  Spacing: [1, 1, 1]
  Origin: [96, 132, -78]
  Direction: 
-1 0 0
0 -1 0
0 0 1

  IndexToPointMatrix: 
-1 0 0
0 -1 0
0 0 1

  PointToIndexMatrix: 
-1 0 0
0 -1 0
0 0 1

  Inverse Direction: 
-1 0 0
0 -1 0
0 0 1

  PixelContainer: 
    ImportImageContainer (0x4610a20)
      RTTI typeinfo:   itk::ImportImageContainer<unsigned long, double>
      Reference Count: 1
      Modified Time: 1200
      Debug: Off
      Object Name: 
      Observers: 
        none
      Pointer: 0x14976a18b010
      Container manages memory: true
      Size: 8530021
      Capacity: 8530021

     Moving image = Image (0x460bd70)
  RTTI typeinfo:   itk::Image<double, 3u>
  Reference Count: 2
  Modified Time: 1593
  Debug: Off
  Object Name: 
  Observers: 
    none
  Source: (none)
  Source output name: (none)
  Release Data: Off
  Data Released: False
  Global Release Data: Off
  PipelineMTime: 0
  UpdateMTime: 1590
  RealTimeStamp: 0 seconds 
  LargestPossibleRegion: 
    Dimension: 3
    Index: [0, 0, 0]
    Size: [160, 240, 256]
  BufferedRegion: 
    Dimension: 3
    Index: [0, 0, 0]
    Size: [160, 240, 256]
  RequestedRegion: 
    Dimension: 3
    Index: [0, 0, 0]
    Size: [160, 240, 256]
  Spacing: [1, 1, 1]
  Origin: [73.279, 104.707, -131.187]
  Direction: 
-0.997527 0.0645574 -0.0278053
-0.0645323 -0.997914 -0.00179875
-0.0278634 4.01097e-08 0.999612

  IndexToPointMatrix: 
-0.997527 0.0645574 -0.0278053
-0.0645323 -0.997914 -0.00179875
-0.0278634 4.01097e-08 0.999612

  PointToIndexMatrix: 
-0.997527 -0.0645323 -0.0278634
0.0645574 -0.997914 4.01049e-08
-0.0278053 -0.00179875 0.999612

  Inverse Direction: 
-0.997527 -0.0645323 -0.0278634
0.0645574 -0.997914 4.01049e-08
-0.0278053 -0.00179875 0.999612

  PixelContainer: 
    ImportImageContainer (0x45c3c90)
      RTTI typeinfo:   itk::ImportImageContainer<unsigned long, double>
      Reference Count: 1
      Modified Time: 1587
      Debug: Off
      Object Name: 
      Observers: 
        none
      Pointer: 0x14976568a010
      Container manages memory: true
      Size: 9830400
      Capacity: 9830400

     Weighting = 1
     Sampling strategy = regular
     Number of bins = 32
     Radius = 4
     Sampling percentage  = 0.25
   Transform = Affine
     Gradient step = 0.1
     Update field sigma (voxel space) = 0
     Total field sigma (voxel space) = 0
     Update field time sigma = 0
     Total field time sigma  = 0
     Number of time indices = 0
     Number of time point samples = 0
Registration using 1 total stages.

Stage 0
  iterations = 1000x500x250x100
  convergence threshold = 1e-06
  convergence window size = 10
  number of levels = 4
  using the Mattes MI metric (number of bins = 32, weight = 1, use gradient filter = 0)
  preprocessing:  winsorizing the image intensities
  Shrink factors (level 1 out of 4): [8, 8, 8]
  Shrink factors (level 2 out of 4): [4, 4, 4]
  Shrink factors (level 3 out of 4): [2, 2, 2]
  Shrink factors (level 4 out of 4): [1, 1, 1]
  smoothing sigmas per level: [3, 2, 1, 0]
  regular sampling (percentage = 0.25)

*** Running AffineTransform registration ***

DIAGNOSTIC,Iteration,metricValue,convergenceValue,ITERATION_TIME_INDEX,SINCE_LAST
 2DIAGNOSTIC,     1, -6.843438053033e-01, 1.797693134862e+308, 6.9802e-01, 6.9802e-01, 
 2DIAGNOSTIC,     2, -6.861841423025e-01, 1.797693134862e+308, 7.0382e-01, 5.7969e-03, 
 2DIAGNOSTIC,     3, -6.892375843625e-01, 1.797693134862e+308, 7.0879e-01, 4.9779e-03, 
 2DIAGNOSTIC,     4, -6.955854404361e-01, 1.797693134862e+308, 7.1355e-01, 4.7600e-03, 
 2DIAGNOSTIC,     5, -7.050854928169e-01, 1.797693134862e+308, 7.1864e-01, 5.0910e-03, 
 2DIAGNOSTIC,     6, -7.176101843781e-01, 1.797693134862e+308, 7.2477e-01, 6.1219e-03, 
 2DIAGNOSTIC,     7, -7.246952809819e-01, 1.797693134862e+308, 7.3536e-01, 1.0594e-02, 
 2DIAGNOSTIC,     8, -7.247029012059e-01, 1.797693134862e+308, 7.4020e-01, 4.8440e-03, 
 2DIAGNOSTIC,     9, -7.247858348146e-01, 1.797693134862e+308, 7.4533e-01, 5.1250e-03, 
 2DIAGNOSTIC,    10, -7.249214300905e-01, 4.615845056702e-03, 7.5041e-01, 5.0838e-03, 
 2DIAGNOSTIC,    11, -7.251393483966e-01, 3.680530391156e-03, 7.5546e-01, 5.0509e-03, 
 2DIAGNOSTIC,    12, -7.255759251426e-01, 2.650039847716e-03, 7.6055e-01, 5.0859e-03, 
 2DIAGNOSTIC,    13, -7.260829362963e-01, 1.654907583066e-03, 7.6568e-01, 5.1301e-03, 
 2DIAGNOSTIC,    14, -7.266600816504e-01, 8.514772926527e-04, 7.7075e-01, 5.0650e-03, 
 2DIAGNOSTIC,    15, -7.275793997528e-01, 3.487700432903e-04, 7.7592e-01, 5.1720e-03, 
 2DIAGNOSTIC,    16, -7.281759504161e-01, 1.989373942647e-04, 7.8117e-01, 5.2509e-03, 
 2DIAGNOSTIC,    17, -7.287224728822e-01, 2.271419333009e-04, 7.8624e-01, 5.0759e-03, 
 2DIAGNOSTIC,    18, -7.298465327243e-01, 2.562268894579e-04, 7.9140e-01, 5.1532e-03, 
 2DIAGNOSTIC,    19, -7.304126791445e-01, 2.716466168448e-04, 7.9752e-01, 6.1269e-03, 
 2DIAGNOSTIC,    20, -7.312244501518e-01, 2.790489587125e-04, 8.0342e-01, 5.8968e-03, 
 2DIAGNOSTIC,    21, -7.332148191158e-01, 3.012679076947e-04, 8.1087e-01, 7.4470e-03, 
 2DIAGNOSTIC,    22, -7.345426965871e-01, 3.243033552943e-04, 8.1746e-01, 6.5899e-03, 
 2DIAGNOSTIC,    23, -7.350363957821e-01, 3.319464733601e-04, 8.2272e-01, 5.2640e-03, 
 2DIAGNOSTIC,    24, -7.362983319436e-01, 3.382985062020e-04, 8.2855e-01, 5.8320e-03, 
 2DIAGNOSTIC,    25, -7.368080009486e-01, 3.346539395194e-04, 8.3461e-01, 6.0570e-03, 
 2DIAGNOSTIC,    26, -7.370280571409e-01, 3.119385718362e-04, 8.3974e-01, 5.1260e-03, 
 2DIAGNOSTIC,    27, -7.375250384088e-01, 2.765519217261e-04, 8.4926e-01, 9.5232e-03, 
 2DIAGNOSTIC,    28, -7.375420718793e-01, 2.338766193938e-04, 8.5485e-01, 5.5940e-03, 
 2DIAGNOSTIC,    29, -7.376236458464e-01, 1.810978663258e-04, 8.6047e-01, 5.6119e-03, 
 2DIAGNOSTIC,    30, -7.377293395942e-01, 1.263623347273e-04, 8.6639e-01, 5.9230e-03, 
 2DIAGNOSTIC,    31, -7.378446671085e-01, 8.975550958047e-05, 8.7209e-01, 5.6989e-03, 
 2DIAGNOSTIC,    32, -7.379583953147e-01, 6.473232672764e-05, 8.7884e-01, 6.7499e-03, 
 2DIAGNOSTIC,    33, -7.380747802003e-01, 4.211091552454e-05, 8.8570e-01, 6.8591e-03, 
 2DIAGNOSTIC,    34, -7.382194025102e-01, 3.307640236421e-05, 8.9168e-01, 5.9831e-03, 
 2DIAGNOSTIC,    35, -7.386967186718e-01, 3.251576933638e-05, 8.9724e-01, 5.5590e-03, 
 2DIAGNOSTIC,    36, -7.391560369162e-01, 3.608990839865e-05, 9.0398e-01, 6.7382e-03, 
 2DIAGNOSTIC,    37, -7.392046850089e-01, 4.182780604085e-05, 9.1056e-01, 6.5820e-03, 
 2DIAGNOSTIC,    38, -7.392324553974e-01, 4.392161553730e-05, 9.1627e-01, 5.7092e-03, 
 2DIAGNOSTIC,    39, -7.392859672055e-01, 4.318464742201e-05, 9.2242e-01, 6.1510e-03, 
 2DIAGNOSTIC,    40, -7.392233747238e-01, 3.876316393745e-05, 9.2862e-01, 6.1989e-03, 
 2DIAGNOSTIC,    41, -7.392588754837e-01, 3.231592755153e-05, 9.3445e-01, 5.8341e-03, 
 2DIAGNOSTIC,    42, -7.392792993529e-01, 2.444209170026e-05, 9.4014e-01, 5.6880e-03, 
 2DIAGNOSTIC,    43, -7.392987141104e-01, 1.597520609560e-05, 9.4617e-01, 6.0329e-03, 
 2DIAGNOSTIC,    44, -7.394108576622e-01, 8.650114904009e-06, 9.5298e-01, 6.8080e-03, 
 2DIAGNOSTIC,    45, -7.394196279741e-01, 4.988040367099e-06, 9.5834e-01, 5.3630e-03, 
 2DIAGNOSTIC,    46, -7.394326236881e-01, 5.087465133044e-06, 9.6390e-01, 5.5549e-03, 
 2DIAGNOSTIC,    47, -7.394366067303e-01, 5.197798498859e-06, 9.6945e-01, 5.5511e-03, 
 2DIAGNOSTIC,    48, -7.394448593685e-01, 5.144724439181e-06, 9.7638e-01, 6.9280e-03, 
 2DIAGNOSTIC,    49, -7.394509124948e-01, 5.143374032950e-06, 9.8167e-01, 5.2960e-03, 
 2DIAGNOSTIC,    50, -7.394633504371e-01, 4.313242918028e-06, 9.8830e-01, 6.6230e-03, 
 2DIAGNOSTIC,    51, -7.394645652673e-01, 3.452650605851e-06, 9.9406e-01, 5.7640e-03, 
 2DIAGNOSTIC,    52, -7.394659800215e-01, 2.525947872766e-06, 1.0000e+00, 5.9381e-03, 
 2DIAGNOSTIC,    53, -7.394678347007e-01, 1.586554695628e-06, 1.0055e+00, 5.5459e-03, 
 2DIAGNOSTIC,    54, -7.394703892255e-01, 1.412913339934e-06, 1.0108e+00, 5.2278e-03, 
DIAGNOSTIC,Iteration,metricValue,convergenceValue,ITERATION_TIME_INDEX,SINCE_LAST
 2DIAGNOSTIC,     1, -5.926151393034e-01, 1.797693134862e+308, 1.7969e+00, 7.8611e-01, 
 2DIAGNOSTIC,     2, -5.929755143419e-01, 1.797693134862e+308, 1.8336e+00, 3.6751e-02, 
 2DIAGNOSTIC,     3, -5.934578709555e-01, 1.797693134862e+308, 1.8717e+00, 3.8054e-02, 
 2DIAGNOSTIC,     4, -5.941601762664e-01, 1.797693134862e+308, 1.9055e+00, 3.3850e-02, 
 2DIAGNOSTIC,     5, -5.952119310860e-01, 1.797693134862e+308, 1.9410e+00, 3.5478e-02, 
 2DIAGNOSTIC,     6, -5.975034419063e-01, 1.797693134862e+308, 1.9769e+00, 3.5849e-02, 
 2DIAGNOSTIC,     7, -5.996454286223e-01, 1.797693134862e+308, 2.0264e+00, 4.9499e-02, 
 2DIAGNOSTIC,     8, -5.997774770224e-01, 1.797693134862e+308, 2.0618e+00, 3.5411e-02, 
 2DIAGNOSTIC,     9, -6.002286764851e-01, 1.797693134862e+308, 2.0984e+00, 3.6594e-02, 
 2DIAGNOSTIC,    10, -6.004151817046e-01, 1.028019071613e-03, 2.1317e+00, 3.3328e-02, 
 2DIAGNOSTIC,    11, -6.018382125276e-01, 9.413468080588e-04, 2.2042e+00, 7.2463e-02, 
 2DIAGNOSTIC,    12, -6.018957823273e-01, 7.991400838009e-04, 2.2393e+00, 3.5192e-02, 
 2DIAGNOSTIC,    13, -6.019505939635e-01, 6.280606825841e-04, 2.2820e+00, 4.2674e-02, 
 2DIAGNOSTIC,    14, -6.020052231864e-01, 4.520304580870e-04, 2.3150e+00, 3.2991e-02, 
 2DIAGNOSTIC,    15, -6.020475077212e-01, 2.916957062418e-04, 2.3477e+00, 3.2642e-02, 
 2DIAGNOSTIC,    16, -6.021783176178e-01, 1.945651278733e-04, 2.3809e+00, 3.3205e-02, 
 2DIAGNOSTIC,    17, -6.023377209448e-01, 1.553356429818e-04, 2.4130e+00, 3.2153e-02, 
 2DIAGNOSTIC,    18, -6.026062844540e-01, 1.171076585305e-04, 2.4454e+00, 3.2389e-02, 
 2DIAGNOSTIC,    19, -6.029296402788e-01, 9.176982642704e-05, 2.4796e+00, 3.4210e-02, 
 2DIAGNOSTIC,    20, -6.032307460341e-01, 7.112507368886e-05, 2.5146e+00, 3.4997e-02, 
 2DIAGNOSTIC,    21, -6.036336581550e-01, 8.711548986978e-05, 2.5513e+00, 3.6671e-02, 
 2DIAGNOSTIC,    22, -6.041549336154e-01, 1.059641943495e-04, 2.5897e+00, 3.8376e-02, 
 2DIAGNOSTIC,    23, -6.043484611425e-01, 1.182854051199e-04, 2.6261e+00, 3.6488e-02, 
 2DIAGNOSTIC,    24, -6.051757669936e-01, 1.360628267268e-04, 2.6977e+00, 7.1536e-02, 
 2DIAGNOSTIC,    25, -6.051904345960e-01, 1.404952952426e-04, 2.7388e+00, 4.1150e-02, 
 2DIAGNOSTIC,    26, -6.051686254741e-01, 1.336014521319e-04, 2.7786e+00, 3.9758e-02, 
 2DIAGNOSTIC,    27, -6.051743537793e-01, 1.177267223647e-04, 2.8174e+00, 3.8768e-02, 
 2DIAGNOSTIC,    28, -6.051788465064e-01, 9.648797371659e-05, 2.8571e+00, 3.9772e-02, 
 2DIAGNOSTIC,    29, -6.051122613686e-01, 7.173824406333e-05, 2.9075e+00, 5.0415e-02, 
 2DIAGNOSTIC,    30, -6.051069508494e-01, 4.658004209151e-05, 2.9464e+00, 3.8842e-02, 
 2DIAGNOSTIC,    31, -6.050976134928e-01, 2.475694250172e-05, 2.9857e+00, 3.9300e-02, 
 2DIAGNOSTIC,    32, -6.050963135102e-01, 9.791747325336e-06, 3.0258e+00, 4.0087e-02, 
DIAGNOSTIC,Iteration,metricValue,convergenceValue,ITERATION_TIME_INDEX,SINCE_LAST
 2DIAGNOSTIC,     1, -5.400970390292e-01, 1.797693134862e+308, 4.1666e+00, 1.1408e+00, 
 2DIAGNOSTIC,     2, -5.404200263360e-01, 1.797693134862e+308, 4.4413e+00, 2.7465e-01, 
 2DIAGNOSTIC,     3, -5.408293436013e-01, 1.797693134862e+308, 4.7326e+00, 2.9130e-01, 
 2DIAGNOSTIC,     4, -5.413190904568e-01, 1.797693134862e+308, 5.0124e+00, 2.7984e-01, 
 2DIAGNOSTIC,     5, -5.419427776637e-01, 1.797693134862e+308, 5.2894e+00, 2.7700e-01, 
