
##########################
# Experiment information #
##########################

EXPERIMENT_NAME: antsRegistration-r8-p12
VFC_BACKENDS: libinterflop_vprec.so --range-binary32=8 --precision-binary32=12 --range-binary64=8 --precision-binary64=12

SIF_IMG: /home/mdugre/projects/rrg-glatard/mdugre/containers/ants-vprec-no_metrics.simg

SUBJECT_ID: s035
INPUT_IMG: /home/mdugre/scratch/mri-registration-rp/datasets/ds004513/derivatives/mri-registration-rp/antsBrainExtraction/sub-s035/BrainExtractionBrain.nii.gz
OUTPUT_DIR: /home/mdugre/scratch/mri-registration-rp/datasets/ds004513/derivatives/mri-registration-rp/0001/antsRegistration-r8-p12/sub-s035

FIXED_IMG: /templateflow/tpl-MNI152NLin2009cAsym/tpl-MNI152NLin2009cAsym_res-01_desc-brain_T1w.nii.gz
DATA_DIR: /home/mdugre/scratch/mri-registration-rp/datasets/ds004513
TEMPLATEFLOW_DIR: /home/mdugre/projects/rrg-glatard/mdugre/templateflow
ITK_GLOBAL_DEFAULT_NUMBER_OF_THREADS: 16
##########################

Info [verificarlo]: loaded backend libinterflop_ieee.so
Info [interflop-ieee]: load backend with:
Info [interflop-ieee]: debug = false
Info [interflop-ieee]: debug-binary = false
Info [interflop-ieee]: no-backend-name = false
Info [interflop-ieee]: print-new-line = false
Info [interflop-ieee]: print-subnormal-normalized = false
Info [interflop-ieee]: count-op = false
All_Command_lines_OK
Using double precision for computations.
=============================================================================
The composite transform comprises the following transforms (in order): 
  1. Center of mass alignment using fixed image: /templateflow/tpl-MNI152NLin2009cAsym/tpl-MNI152NLin2009cAsym_res-01_desc-brain_T1w.nii.gz and moving image: /home/mdugre/scratch/mri-registration-rp/datasets/ds004513/derivatives/mri-registration-rp/antsBrainExtraction/sub-s035/BrainExtractionBrain.nii.gz (type = Euler3DTransform)
=============================================================================
  number of levels = 1
  fixed image: /templateflow/tpl-MNI152NLin2009cAsym/tpl-MNI152NLin2009cAsym_res-01_desc-brain_T1w.nii.gz
  moving image: /home/mdugre/scratch/mri-registration-rp/datasets/ds004513/derivatives/mri-registration-rp/antsBrainExtraction/sub-s035/BrainExtractionBrain.nii.gz
Dimension = 3
Number of stages = 1
Use histogram matching = false
Winsorize image intensities = true
  Lower quantile = 0.005
  Upper quantile = 0.995


Stage 1 State
   Image metric = MattesMI
     Fixed image = Image (0x4972e70)
  RTTI typeinfo:   itk::Image<double, 3u>
  Reference Count: 2
  Modified Time: 2330
  Debug: Off
  Object Name: 
  Observers: 
    none
  Source: (none)
  Source output name: (none)
  Release Data: Off
  Data Released: False
  Global Release Data: Off
  PipelineMTime: 0
  UpdateMTime: 1941
  RealTimeStamp: 0 seconds 
  LargestPossibleRegion: 
    Dimension: 3
    Index: [0, 0, 0]
    Size: [193, 229, 193]
  BufferedRegion: 
    Dimension: 3
    Index: [0, 0, 0]
    Size: [193, 229, 193]
  RequestedRegion: 
    Dimension: 3
    Index: [0, 0, 0]
    Size: [193, 229, 193]
  Spacing: [1, 1, 1]
  Origin: [96, 132, -78]
  Direction: 
-1 0 0
0 -1 0
0 0 1

  IndexToPointMatrix: 
-1 0 0
0 -1 0
0 0 1

  PointToIndexMatrix: 
-1 0 0
0 -1 0
0 0 1

  Inverse Direction: 
-1 0 0
0 -1 0
0 0 1

  PixelContainer: 
    ImportImageContainer (0x497bc60)
      RTTI typeinfo:   itk::ImportImageContainer<unsigned long, double>
      Reference Count: 1
      Modified Time: 1938
      Debug: Off
      Object Name: 
      Observers: 
        none
      Pointer: 0x14f52e5d4010
      Container manages memory: true
      Size: 8530021
      Capacity: 8530021

     Moving image = Image (0x4a0fec0)
  RTTI typeinfo:   itk::Image<double, 3u>
  Reference Count: 2
  Modified Time: 2331
  Debug: Off
  Object Name: 
  Observers: 
    none
  Source: (none)
  Source output name: (none)
  Release Data: Off
  Data Released: False
  Global Release Data: Off
  PipelineMTime: 0
  UpdateMTime: 2328
  RealTimeStamp: 0 seconds 
  LargestPossibleRegion: 
    Dimension: 3
    Index: [0, 0, 0]
    Size: [160, 240, 256]
  BufferedRegion: 
    Dimension: 3
    Index: [0, 0, 0]
    Size: [160, 240, 256]
  RequestedRegion: 
    Dimension: 3
    Index: [0, 0, 0]
    Size: [160, 240, 256]
  Spacing: [1, 1, 1]
  Origin: [98.6438, 87.6358, -117.989]
  Direction: 
-0.993515 -0.100993 -0.0522355
0.100854 -0.994887 0.00530255
-0.0525039 1.93537e-08 0.998621

  IndexToPointMatrix: 
-0.993515 -0.100993 -0.0522355
0.100854 -0.994887 0.00530255
-0.0525039 1.93537e-08 0.998621

  PointToIndexMatrix: 
-0.993515 0.100854 -0.0525039
-0.100993 -0.994887 1.93006e-08
-0.0522355 0.00530255 0.998621

  Inverse Direction: 
-0.993515 0.100854 -0.0525039
-0.100993 -0.994887 1.93006e-08
-0.0522355 0.00530255 0.998621

  PixelContainer: 
    ImportImageContainer (0x4aa7610)
      RTTI typeinfo:   itk::ImportImageContainer<unsigned long, double>
      Reference Count: 1
      Modified Time: 2325
      Debug: Off
      Object Name: 
      Observers: 
        none
      Pointer: 0x14f529ad3010
      Container manages memory: true
      Size: 9830400
      Capacity: 9830400

     Weighting = 1
     Sampling strategy = regular
     Number of bins = 32
     Radius = 4
     Sampling percentage  = 0.25
   Transform = Rigid
     Gradient step = 0.1
     Update field sigma (voxel space) = 0
     Total field sigma (voxel space) = 0
     Update field time sigma = 0
     Total field time sigma  = 0
     Number of time indices = 0
     Number of time point samples = 0
Registration using 1 total stages.

Stage 0
  iterations = 0
  convergence threshold = 1e-06
  convergence window size = 10
  number of levels = 1
  using the Mattes MI metric (number of bins = 32, weight = 1, use gradient filter = 0)
  preprocessing:  winsorizing the image intensities
  Shrink factors (level 1 out of 1): [1, 1, 1]
  smoothing sigmas per level: [0]
  regular sampling (percentage = 0.25)

*** Running Euler3DTransform registration ***

  Elapsed time (stage 0): 1.19514


Total elapsed time: 1.19755
Info [verificarlo]: loaded backend libinterflop_ieee.so
Info [interflop-ieee]: load backend with:
Info [interflop-ieee]: debug = false
Info [interflop-ieee]: debug-binary = false
Info [interflop-ieee]: no-backend-name = false
Info [interflop-ieee]: print-new-line = false
Info [interflop-ieee]: print-subnormal-normalized = false
Info [interflop-ieee]: count-op = false
All_Command_lines_OK
Using double precision for computations.
=============================================================================
The composite transform comprises the following transforms (in order): 
  1. /home/mdugre/scratch/mri-registration-rp/datasets/ds004513/derivatives/mri-registration-rp/0001/antsRegistration-r8-p12/sub-s035/align_Composite.h5[0] (type = Euler3DTransform)
  2. /home/mdugre/scratch/mri-registration-rp/datasets/ds004513/derivatives/mri-registration-rp/0001/antsRegistration-r8-p12/sub-s035/align_Composite.h5[1] (type = Euler3DTransform)
=============================================================================
  number of levels = 4
  fixed image: /templateflow/tpl-MNI152NLin2009cAsym/tpl-MNI152NLin2009cAsym_res-01_desc-brain_T1w.nii.gz
  moving image: /home/mdugre/scratch/mri-registration-rp/datasets/ds004513/derivatives/mri-registration-rp/antsBrainExtraction/sub-s035/BrainExtractionBrain.nii.gz
Dimension = 3
Number of stages = 1
Use histogram matching = false
Winsorize image intensities = true
  Lower quantile = 0.005
  Upper quantile = 0.995


Stage 1 State
   Image metric = MattesMI
     Fixed image = Image (0x36c1530)
  RTTI typeinfo:   itk::Image<double, 3u>
  Reference Count: 2
  Modified Time: 1578
  Debug: Off
  Object Name: 
  Observers: 
    none
  Source: (none)
  Source output name: (none)
  Release Data: Off
  Data Released: False
  Global Release Data: Off
  PipelineMTime: 0
  UpdateMTime: 1189
  RealTimeStamp: 0 seconds 
  LargestPossibleRegion: 
    Dimension: 3
    Index: [0, 0, 0]
    Size: [193, 229, 193]
  BufferedRegion: 
    Dimension: 3
    Index: [0, 0, 0]
    Size: [193, 229, 193]
  RequestedRegion: 
    Dimension: 3
    Index: [0, 0, 0]
    Size: [193, 229, 193]
  Spacing: [1, 1, 1]
  Origin: [96, 132, -78]
  Direction: 
-1 0 0
0 -1 0
0 0 1

  IndexToPointMatrix: 
-1 0 0
0 -1 0
0 0 1

  PointToIndexMatrix: 
-1 0 0
0 -1 0
0 0 1

  Inverse Direction: 
-1 0 0
0 -1 0
0 0 1

  PixelContainer: 
    ImportImageContainer (0x377fd60)
      RTTI typeinfo:   itk::ImportImageContainer<unsigned long, double>
      Reference Count: 1
      Modified Time: 1186
      Debug: Off
      Object Name: 
      Observers: 
        none
      Pointer: 0x153ecba3d010
      Container manages memory: true
      Size: 8530021
      Capacity: 8530021

     Moving image = Image (0x3771f60)
  RTTI typeinfo:   itk::Image<double, 3u>
  Reference Count: 2
  Modified Time: 1579
  Debug: Off
  Object Name: 
  Observers: 
    none
  Source: (none)
  Source output name: (none)
  Release Data: Off
  Data Released: False
  Global Release Data: Off
  PipelineMTime: 0
  UpdateMTime: 1576
  RealTimeStamp: 0 seconds 
  LargestPossibleRegion: 
    Dimension: 3
    Index: [0, 0, 0]
    Size: [160, 240, 256]
  BufferedRegion: 
    Dimension: 3
    Index: [0, 0, 0]
    Size: [160, 240, 256]
  RequestedRegion: 
    Dimension: 3
    Index: [0, 0, 0]
    Size: [160, 240, 256]
  Spacing: [1, 1, 1]
  Origin: [98.6438, 87.6358, -117.989]
  Direction: 
-0.993515 -0.100993 -0.0522355
0.100854 -0.994887 0.00530255
-0.0525039 1.93537e-08 0.998621

  IndexToPointMatrix: 
-0.993515 -0.100993 -0.0522355
0.100854 -0.994887 0.00530255
-0.0525039 1.93537e-08 0.998621

  PointToIndexMatrix: 
-0.993515 0.100854 -0.0525039
-0.100993 -0.994887 1.93006e-08
-0.0522355 0.00530255 0.998621

  Inverse Direction: 
-0.993515 0.100854 -0.0525039
-0.100993 -0.994887 1.93006e-08
-0.0522355 0.00530255 0.998621

  PixelContainer: 
    ImportImageContainer (0x37636d0)
      RTTI typeinfo:   itk::ImportImageContainer<unsigned long, double>
      Reference Count: 1
      Modified Time: 1573
      Debug: Off
      Object Name: 
      Observers: 
        none
      Pointer: 0x153ec6f3c010
      Container manages memory: true
      Size: 9830400
      Capacity: 9830400

     Weighting = 1
     Sampling strategy = regular
     Number of bins = 32
     Radius = 4
     Sampling percentage  = 0.25
   Transform = Rigid
     Gradient step = 0.1
     Update field sigma (voxel space) = 0
     Total field sigma (voxel space) = 0
     Update field time sigma = 0
     Total field time sigma  = 0
     Number of time indices = 0
     Number of time point samples = 0
Registration using 1 total stages.

Stage 0
  iterations = 1000x500x250x100
  convergence threshold = 1e-06
  convergence window size = 10
  number of levels = 4
  using the Mattes MI metric (number of bins = 32, weight = 1, use gradient filter = 0)
  preprocessing:  winsorizing the image intensities
  Shrink factors (level 1 out of 4): [8, 8, 8]
  Shrink factors (level 2 out of 4): [4, 4, 4]
  Shrink factors (level 3 out of 4): [2, 2, 2]
  Shrink factors (level 4 out of 4): [1, 1, 1]
  smoothing sigmas per level: [3, 2, 1, 0]
  regular sampling (percentage = 0.25)

*** Running Euler3DTransform registration ***

DIAGNOSTIC,Iteration,metricValue,convergenceValue,ITERATION_TIME_INDEX,SINCE_LAST
 2DIAGNOSTIC,     1, -5.238630234552e-01, 1.797693134862e+308, 8.1887e-01, 8.1887e-01, 
 2DIAGNOSTIC,     2, -5.257885820767e-01, 1.797693134862e+308, 8.2361e-01, 4.7371e-03, 
 2DIAGNOSTIC,     3, -5.278597554839e-01, 1.797693134862e+308, 8.2813e-01, 4.5240e-03, 
 2DIAGNOSTIC,     4, -5.302176117225e-01, 1.797693134862e+308, 8.3305e-01, 4.9138e-03, 
 2DIAGNOSTIC,     5, -5.343462816845e-01, 1.797693134862e+308, 8.3781e-01, 4.7588e-03, 
 2DIAGNOSTIC,     6, -5.399239396740e-01, 1.797693134862e+308, 8.4331e-01, 5.5010e-03, 
 2DIAGNOSTIC,     7, -5.490554822001e-01, 1.797693134862e+308, 8.4942e-01, 6.1131e-03, 
 2DIAGNOSTIC,     8, -5.545204224448e-01, 1.797693134862e+308, 8.5790e-01, 8.4820e-03, 
 2DIAGNOSTIC,     9, -5.601437715553e-01, 1.797693134862e+308, 8.6289e-01, 4.9920e-03, 
 2DIAGNOSTIC,    10, -5.617741193774e-01, 5.067640484485e-03, 8.6858e-01, 5.6839e-03, 
 2DIAGNOSTIC,    11, -5.649562249041e-01, 4.796539612083e-03, 8.7537e-01, 6.7930e-03, 
 2DIAGNOSTIC,    12, -5.658710903081e-01, 4.260783098155e-03, 8.8176e-01, 6.3879e-03, 
 2DIAGNOSTIC,    13, -5.662828333056e-01, 3.524744036645e-03, 8.8760e-01, 5.8420e-03, 
 2DIAGNOSTIC,    14, -5.685908474577e-01, 2.751340472953e-03, 8.9457e-01, 6.9680e-03, 
 2DIAGNOSTIC,    15, -5.732745043306e-01, 2.134644679428e-03, 9.0312e-01, 8.5502e-03, 
 2DIAGNOSTIC,    16, -5.738084427846e-01, 1.591333148336e-03, 9.0934e-01, 6.2230e-03, 
 2DIAGNOSTIC,    17, -5.739093703465e-01, 1.247363567740e-03, 9.1433e-01, 4.9920e-03, 
 2DIAGNOSTIC,    18, -5.745773598458e-01, 1.002163966316e-03, 9.1891e-01, 4.5810e-03, 
 2DIAGNOSTIC,    19, -5.752045522723e-01, 8.579763081922e-04, 9.2347e-01, 4.5581e-03, 
 2DIAGNOSTIC,    20, -5.755578777727e-01, 6.955845773872e-04, 9.2828e-01, 4.8041e-03, 
 2DIAGNOSTIC,    21, -5.761681227725e-01, 5.767135182703e-04, 9.3296e-01, 4.6840e-03, 
 2DIAGNOSTIC,    22, -5.775610178281e-01, 4.707067062538e-04, 9.3764e-01, 4.6792e-03, 
 2DIAGNOSTIC,    23, -5.801876522132e-01, 3.965856196807e-04, 9.4256e-01, 4.9191e-03, 
 2DIAGNOSTIC,    24, -5.873578871757e-01, 4.881452203848e-04, 9.4918e-01, 6.6161e-03, 
 2DIAGNOSTIC,    25, -5.924052233473e-01, 7.199711434939e-04, 9.5570e-01, 6.5210e-03, 
 2DIAGNOSTIC,    26, -5.933789722520e-01, 8.944842700007e-04, 9.6167e-01, 5.9719e-03, 
 2DIAGNOSTIC,    27, -5.948140362548e-01, 1.002036484420e-03, 9.6727e-01, 5.6062e-03, 
 2DIAGNOSTIC,    28, -5.954370004531e-01, 1.029952320855e-03, 9.7206e-01, 4.7839e-03, 
 2DIAGNOSTIC,    29, -5.955619965611e-01, 9.699000562870e-04, 9.7700e-01, 4.9460e-03, 
 2DIAGNOSTIC,    30, -5.960977142427e-01, 8.366692959874e-04, 9.8184e-01, 4.8349e-03, 
 2DIAGNOSTIC,    31, -5.971105016153e-01, 6.606986235521e-04, 9.8726e-01, 5.4240e-03, 
 2DIAGNOSTIC,    32, -5.989728413270e-01, 4.853112632105e-04, 9.9430e-01, 7.0410e-03, 
 2DIAGNOSTIC,    33, -5.996340171218e-01, 3.222359247855e-04, 9.9928e-01, 4.9801e-03, 
 2DIAGNOSTIC,    34, -5.997688324872e-01, 2.443793015442e-04, 1.0039e+00, 4.6360e-03, 
 2DIAGNOSTIC,    35, -5.999328162829e-01, 2.224308789994e-04, 1.0097e+00, 5.8100e-03, 
 2DIAGNOSTIC,    36, -6.001598298600e-01, 1.965988109312e-04, 1.0144e+00, 4.6568e-03, 
 2DIAGNOSTIC,    37, -6.004938013026e-01, 1.767006120257e-04, 1.0197e+00, 5.3561e-03, 
 2DIAGNOSTIC,    38, -6.008280010240e-01, 1.536048163892e-04, 1.0245e+00, 4.7760e-03, 
 2DIAGNOSTIC,    39, -6.038559363743e-01, 1.574331426709e-04, 1.0301e+00, 5.5799e-03, 
 2DIAGNOSTIC,    40, -6.077047302498e-01, 1.993081236811e-04, 1.0352e+00, 5.0769e-03, 
 2DIAGNOSTIC,    41, -6.174632743408e-01, 3.481387612148e-04, 1.0419e+00, 6.6969e-03, 
 2DIAGNOSTIC,    42, -6.161977910942e-01, 4.608907973429e-04, 1.0515e+00, 9.6591e-03, 
 2DIAGNOSTIC,    43, -6.161564588145e-01, 5.335372303509e-04, 1.0562e+00, 4.6861e-03, 
 2DIAGNOSTIC,    44, -6.170772278780e-01, 5.644822286694e-04, 1.0609e+00, 4.6420e-03, 
 2DIAGNOSTIC,    45, -6.185357320072e-01, 5.560477139248e-04, 1.0655e+00, 4.6051e-03, 
 2DIAGNOSTIC,    46, -6.206472630956e-01, 5.180559828750e-04, 1.0702e+00, 4.6990e-03, 
 2DIAGNOSTIC,    47, -6.234100439388e-01, 4.649605413206e-04, 1.0749e+00, 4.6880e-03, 
 2DIAGNOSTIC,    48, -6.282459771161e-01, 4.232184231296e-04, 1.0798e+00, 4.9670e-03, 
 2DIAGNOSTIC,    49, -6.332856907928e-01, 4.219353249098e-04, 1.0846e+00, 4.7340e-03, 
 2DIAGNOSTIC,    50, -6.437673277856e-01, 5.158699159890e-04, 1.0894e+00, 4.8289e-03, 
 2DIAGNOSTIC,    51, -6.567709932807e-01, 7.709769822254e-04, 1.0944e+00, 4.9860e-03, 
 2DIAGNOSTIC,    52, -6.630139283404e-01, 9.856113586220e-04, 1.0999e+00, 5.5089e-03, 
 2DIAGNOSTIC,    53, -6.637658018990e-01, 1.103854714418e-03, 1.1047e+00, 4.8051e-03, 
 2DIAGNOSTIC,    54, -6.646848065512e-01, 1.129224481550e-03, 1.1095e+00, 4.8101e-03, 
 2DIAGNOSTIC,    55, -6.699954679320e-01, 1.103370107404e-03, 1.1180e+00, 8.4929e-03, 
 2DIAGNOSTIC,    56, -6.720089881705e-01, 1.005089688084e-03, 1.1250e+00, 6.9730e-03, 
 2DIAGNOSTIC,    57, -6.720481612434e-01, 8.375236738427e-04, 1.1296e+00, 4.5938e-03, 
 2DIAGNOSTIC,    58, -6.725919484150e-01, 6.425662928080e-04, 1.1343e+00, 4.7579e-03, 
 2DIAGNOSTIC,    59, -6.729036342343e-01, 4.360792939080e-04, 1.1389e+00, 4.5769e-03, 
 2DIAGNOSTIC,    60, -6.731488712414e-01, 2.773041426525e-04, 1.1436e+00, 4.6661e-03, 
 2DIAGNOSTIC,    61, -6.734259049095e-01, 1.993309530969e-04, 1.1480e+00, 4.4961e-03, 
 2DIAGNOSTIC,    62, -6.739132077864e-01, 1.568961026270e-04, 1.1528e+00, 4.7789e-03, 
 2DIAGNOSTIC,    63, -6.762843120580e-01, 1.247264260544e-04, 1.1591e+00, 6.3090e-03, 
 2DIAGNOSTIC,    64, -6.766381502167e-01, 8.969372015144e-05, 1.1637e+00, 4.6060e-03, 
 2DIAGNOSTIC,    65, -6.771215128223e-01, 8.898284479679e-05, 1.1684e+00, 4.6859e-03, 
 2DIAGNOSTIC,    66, -6.778537126504e-01, 9.953411952935e-05, 1.1737e+00, 5.3170e-03, 
 2DIAGNOSTIC,    67, -6.792268299785e-01, 1.098307858379e-04, 1.1803e+00, 6.5310e-03, 
 2DIAGNOSTIC,    68, -6.807680741242e-01, 1.231389573762e-04, 1.1848e+00, 4.5581e-03, 
 2DIAGNOSTIC,    69, -6.815199414262e-01, 1.312163239559e-04, 1.1894e+00, 4.6031e-03, 
 2DIAGNOSTIC,    70, -6.818104545539e-01, 1.303108834206e-04, 1.1959e+00, 6.5112e-03, 
 2DIAGNOSTIC,    71, -6.820510092053e-01, 1.205022079686e-04, 1.2007e+00, 4.7312e-03, 
 2DIAGNOSTIC,    72, -6.822316831903e-01, 1.032400464447e-04, 1.2053e+00, 4.6501e-03, 
 2DIAGNOSTIC,    73, -6.825798740259e-01, 9.372188396141e-05, 1.2117e+00, 6.3548e-03, 
 2DIAGNOSTIC,    74, -6.826264032443e-01, 7.797273941256e-05, 1.2166e+00, 4.8890e-03, 
 2DIAGNOSTIC,    75, -6.826914636699e-01, 5.871115011648e-05, 1.2213e+00, 4.7550e-03, 
 2DIAGNOSTIC,    76, -6.828123410347e-01, 3.951690439845e-05, 1.2264e+00, 5.1131e-03, 
 2DIAGNOSTIC,    77, -6.832344988850e-01, 2.762861834414e-05, 1.2318e+00, 5.3320e-03, 
 2DIAGNOSTIC,    78, -6.838171600508e-01, 2.580823598676e-05, 1.2401e+00, 8.3599e-03, 
 2DIAGNOSTIC,    79, -6.837376167501e-01, 2.542036396265e-05, 1.2458e+00, 5.6620e-03, 
 2DIAGNOSTIC,    80, -6.837940794111e-01, 2.471284072729e-05, 1.2513e+00, 5.5311e-03, 
 2DIAGNOSTIC,    81, -6.839726326020e-01, 2.407006163070e-05, 1.2560e+00, 4.6530e-03, 
 2DIAGNOSTIC,    82, -6.841107570727e-01, 2.281005698609e-05, 1.2616e+00, 5.6129e-03, 
 2DIAGNOSTIC,    83, -6.851045705389e-01, 2.675684666840e-05, 1.2682e+00, 6.5730e-03, 
 2DIAGNOSTIC,    84, -6.858177351799e-01, 3.208720249632e-05, 1.2742e+00, 6.0179e-03, 
 2DIAGNOSTIC,    85, -6.861555447736e-01, 3.640271994659e-05, 1.2816e+00, 7.3700e-03, 
 2DIAGNOSTIC,    86, -6.861558398043e-01, 3.780080225570e-05, 1.2861e+00, 4.5402e-03, 
 2DIAGNOSTIC,    87, -6.861668571209e-01, 3.777685675821e-05, 1.2907e+00, 4.6220e-03, 
 2DIAGNOSTIC,    88, -6.861799073072e-01, 3.717421256412e-05, 1.2952e+00, 4.5230e-03, 
 2DIAGNOSTIC,    89, -6.861875991571e-01, 3.259285692286e-05, 1.3003e+00, 5.0752e-03, 
 2DIAGNOSTIC,    90, -6.861914183628e-01, 2.533797545875e-05, 1.3047e+00, 4.4279e-03, 
 2DIAGNOSTIC,    91, -6.861984080033e-01, 1.686234326578e-05, 1.3092e+00, 4.4920e-03, 
 2DIAGNOSTIC,    92, -6.862113074474e-01, 7.666100608421e-06, 1.3212e+00, 1.1962e-02, 
 2DIAGNOSTIC,    93, -6.862267054434e-01, 2.805903928932e-06, 1.3267e+00, 5.4729e-03, 
 2DIAGNOSTIC,    94, -6.862421158606e-01, 1.277116969683e-06, 1.3317e+00, 5.0368e-03, 
 2DIAGNOSTIC,    95, -6.863402606901e-01, 1.767383071337e-06, 1.3372e+00, 5.4848e-03, 
 2DIAGNOSTIC,    96, -6.863402289070e-01, 2.099998767697e-06, 1.3416e+00, 4.3769e-03, 
 2DIAGNOSTIC,    97, -6.863404754254e-01, 2.313486261160e-06, 1.3460e+00, 4.3869e-03, 
 2DIAGNOSTIC,    98, -6.863412448334e-01, 2.401777337317e-06, 1.3509e+00, 4.9281e-03, 
 2DIAGNOSTIC,    99, -6.863464935856e-01, 2.346310749560e-06, 1.3573e+00, 6.4299e-03, 
 2DIAGNOSTIC,   100, -6.863467960425e-01, 2.109925045410e-06, 1.3627e+00, 5.3899e-03, 
 2DIAGNOSTIC,   101, -6.863468024660e-01, 1.737890561584e-06, 1.3762e+00, 1.3505e-02, 
 2DIAGNOSTIC,   102, -6.863468024659e-01, 1.301610744605e-06, 1.3861e+00, 9.9170e-03, 
DIAGNOSTIC,Iteration,metricValue,convergenceValue,ITERATION_TIME_INDEX,SINCE_LAST
 2DIAGNOSTIC,     1, -5.582106184187e-01, 1.797693134862e+308, 2.1264e+00, 7.4026e-01, 
 2DIAGNOSTIC,     2, -5.585585501407e-01, 1.797693134862e+308, 2.1621e+00, 3.5721e-02, 
 2DIAGNOSTIC,     3, -5.591018764284e-01, 1.797693134862e+308, 2.1934e+00, 3.1347e-02, 
 2DIAGNOSTIC,     4, -5.597968845365e-01, 1.797693134862e+308, 2.2236e+00, 3.0161e-02, 
 2DIAGNOSTIC,     5, -5.608402930466e-01, 1.797693134862e+308, 2.2564e+00, 3.2805e-02, 
 2DIAGNOSTIC,     6, -5.612104186781e-01, 1.797693134862e+308, 2.2886e+00, 3.2212e-02, 
 2DIAGNOSTIC,     7, -5.624337139463e-01, 1.797693134862e+308, 2.3284e+00, 3.9821e-02, 
 2DIAGNOSTIC,     8, -5.635105975056e-01, 1.797693134862e+308, 2.3607e+00, 3.2230e-02, 
 2DIAGNOSTIC,     9, -5.652715900135e-01, 1.797693134862e+308, 2.3962e+00, 3.5531e-02, 
 2DIAGNOSTIC,    10, -5.660143907874e-01, 9.171021839967e-04, 2.4429e+00, 4.6662e-02, 
 2DIAGNOSTIC,    11, -5.659995025781e-01, 8.660861225213e-04, 2.4780e+00, 3.5134e-02, 
 2DIAGNOSTIC,    12, -5.660833850412e-01, 7.653796865585e-04, 2.5142e+00, 3.6168e-02, 
 2DIAGNOSTIC,    13, -5.660912863821e-01, 6.320325211237e-04, 2.5534e+00, 3.9246e-02, 
 2DIAGNOSTIC,    14, -5.660825101300e-01, 4.839452729801e-04, 2.5884e+00, 3.4948e-02, 
 2DIAGNOSTIC,    15, -5.660792489168e-01, 3.469045211113e-04, 2.6191e+00, 3.0687e-02, 
 2DIAGNOSTIC,    16, -5.660787900215e-01, 2.072570287646e-04, 2.6499e+00, 3.0834e-02, 
 2DIAGNOSTIC,    17, -5.660922034617e-01, 1.019527153496e-04, 2.6808e+00, 3.0910e-02, 
 2DIAGNOSTIC,    18, -5.661287832970e-01, 2.916253903942e-05, 2.7191e+00, 3.8304e-02, 
 2DIAGNOSTIC,    19, -5.661352865714e-01, 7.881778210858e-06, 2.7571e+00, 3.8001e-02, 
 2DIAGNOSTIC,    20, -5.661289389402e-01, 6.778078459314e-06, 2.7903e+00, 3.3225e-02, 
 2DIAGNOSTIC,    21, -5.661225396811e-01, 4.747382463373e-06, 2.8182e+00, 2.7911e-02, 
 2DIAGNOSTIC,    22, -5.661091262804e-01, 4.202638462319e-06, 2.8544e+00, 3.6165e-02, 
 2DIAGNOSTIC,    23, -5.661144306882e-01, 3.731113315884e-06, 2.8854e+00, 3.0974e-02, 
 2DIAGNOSTIC,    24, -5.661140904029e-01, 2.881039264192e-06, 2.9166e+00, 3.1262e-02, 
 2DIAGNOSTIC,    25, -5.661377162907e-01, 2.378612476955e-06, 2.9563e+00, 3.9699e-02, 
 2DIAGNOSTIC,    26, -5.661526917640e-01, 2.087684909773e-06, 2.9902e+00, 3.3880e-02, 
 2DIAGNOSTIC,    27, -5.661480592237e-01, 1.882597747908e-06, 3.0219e+00, 3.1679e-02, 
 2DIAGNOSTIC,    28, -5.661462534842e-01, 2.256697846661e-06, 3.0531e+00, 3.1177e-02, 
 2DIAGNOSTIC,    29, -5.661573754189e-01, 2.805788996606e-06, 3.0879e+00, 3.4861e-02, 
 2DIAGNOSTIC,    30, -5.661693092610e-01, 3.237867511663e-06, 3.1185e+00, 3.0568e-02, 
 2DIAGNOSTIC,    31, -5.661707405698e-01, 3.353591754150e-06, 3.1484e+00, 2.9882e-02, 
 2DIAGNOSTIC,    32, -5.661652769696e-01, 2.953416709625e-06, 3.1855e+00, 3.7073e-02, 
 2DIAGNOSTIC,    33, -5.661675672776e-01, 2.521719508181e-06, 3.2265e+00, 4.1070e-02, 
 2DIAGNOSTIC,    34, -5.661474897674e-01, 1.652225157737e-06, 3.2573e+00, 3.0790e-02, 
DIAGNOSTIC,Iteration,metricValue,convergenceValue,ITERATION_TIME_INDEX,SINCE_LAST
 2DIAGNOSTIC,     1, -5.036952181782e-01, 1.797693134862e+308, 4.3870e+00, 1.1297e+00, 
 2DIAGNOSTIC,     2, -5.038781078019e-01, 1.797693134862e+308, 4.6418e+00, 2.5477e-01, 
 2DIAGNOSTIC,     3, -5.040506469204e-01, 1.797693134862e+308, 4.8994e+00, 2.5759e-01, 
 2DIAGNOSTIC,     4, -5.041784749788e-01, 1.797693134862e+308, 5.1597e+00, 2.6036e-01, 
 2DIAGNOSTIC,     5, -5.042589568045e-01, 1.797693134862e+308, 5.4520e+00, 2.9224e-01, 
 2DIAGNOSTIC,     6, -5.043181597908e-01, 1.797693134862e+308, 5.8366e+00, 3.8466e-01, 
 2DIAGNOSTIC,     7, -5.042979468474e-01, 1.797693134862e+308, 6.1178e+00, 2.8116e-01, 
 2DIAGNOSTIC,     8, -5.044315818021e-01, 1.797693134862e+308, 6.3765e+00, 2.5867e-01, 
 2DIAGNOSTIC,     9, -5.045526300368e-01, 1.797693134862e+308, 6.6730e+00, 2.9648e-01, 
 2DIAGNOSTIC,    10, -5.045944484669e-01, 1.058520132443e-04, 6.9758e+00, 3.0284e-01, 
 2DIAGNOSTIC,    11, -5.045982883456e-01, 8.155272856120e-05, 7.3108e+00, 3.3504e-01, 
 2DIAGNOSTIC,    12, -5.046015052773e-01, 6.298859032892e-05, 7.6840e+00, 3.7314e-01, 
 2DIAGNOSTIC,    13, -5.045997719928e-01, 4.907754108922e-05, 7.9434e+00, 2.5945e-01, 
 2DIAGNOSTIC,    14, -5.045971731122e-01, 3.778046516004e-05, 8.2216e+00, 2.7816e-01, 
 2DIAGNOSTIC,    15, -5.045964271173e-01, 2.771321320692e-05, 8.4822e+00, 2.6066e-01, 
 2DIAGNOSTIC,    16, -5.045937894297e-01, 1.868751574556e-05, 8.7475e+00, 2.6525e-01, 
 2DIAGNOSTIC,    17, -5.045949843841e-01, 8.499182688838e-06, 9.0507e+00, 3.0320e-01, 
 2DIAGNOSTIC,    18, -5.045943025568e-01, 2.900568863318e-06, 9.3475e+00, 2.9683e-01, 
 2DIAGNOSTIC,    19, -5.045944725274e-01, 1.350047364221e-06, 9.6389e+00, 2.9135e-01, 
 2DIAGNOSTIC,    20, -5.045927333516e-01, 1.112235180886e-06, 9.8940e+00, 2.5512e-01, 
 2DIAGNOSTIC,    21, -5.045939031776e-01, 1.074162903243e-06, 1.0190e+01, 2.9626e-01, 
 2DIAGNOSTIC,    22, -5.045968986973e-01, 1.238480057432e-06, 1.0541e+01, 3.5098e-01, 
 2DIAGNOSTIC,    23, -5.045951072990e-01, 1.319874950924e-06, 1.0850e+01, 3.0847e-01, 
 2DIAGNOSTIC,    24, -5.045942399196e-01, 1.321932271280e-06, 1.1108e+01, 2.5871e-01, 
 2DIAGNOSTIC,    25, -5.045943516058e-01, 1.313393777555e-06, 1.1391e+01, 2.8222e-01, 
 2DIAGNOSTIC,    26, -5.045973433694e-01, 1.307041434993e-06, 1.1633e+01, 2.4263e-01, 
 2DIAGNOSTIC,    27, -5.046004553033e-01, 1.379987979680e-06, 1.1867e+01, 2.3361e-01, 
 2DIAGNOSTIC,    28, -5.046026753448e-01, 1.458945503047e-06, 1.2142e+01, 2.7484e-01, 
 2DIAGNOSTIC,    29, -5.046058839083e-01, 1.570665468770e-06, 1.2451e+01, 3.0937e-01, 
 2DIAGNOSTIC,    30, -5.046051035678e-01, 1.581897127144e-06, 1.2728e+01, 2.7707e-01, 
 2DIAGNOSTIC,    31, -5.046033382175e-01, 1.530654529902e-06, 1.2996e+01, 2.6820e-01, 
 2DIAGNOSTIC,    32, -5.046015448920e-01, 1.457125545862e-06, 1.3280e+01, 2.8335e-01, 
 2DIAGNOSTIC,    33, -5.046006588176e-01, 1.298977059014e-06, 1.3522e+01, 2.4222e-01, 
 2DIAGNOSTIC,    34, -5.045997825097e-01, 1.089440176138e-06, 1.3741e+01, 2.1875e-01, 
DIAGNOSTIC,Iteration,metricValue,convergenceValue,ITERATION_TIME_INDEX,SINCE_LAST
 2DIAGNOSTIC,     1, -4.673525728931e-01, 1.797693134862e+308, 1.6358e+01, 2.6174e+00, 
 2DIAGNOSTIC,     2, -4.673986981785e-01, 1.797693134862e+308, 1.7913e+01, 1.5546e+00, 
 2DIAGNOSTIC,     3, -4.674044114276e-01, 1.797693134862e+308, 2.0182e+01, 2.2694e+00, 
 2DIAGNOSTIC,     4, -4.674039648818e-01, 1.797693134862e+308, 2.2251e+01, 2.0688e+00, 
 2DIAGNOSTIC,     5, -4.674044796019e-01, 1.797693134862e+308, 2.3829e+01, 1.5782e+00, 
 2DIAGNOSTIC,     6, -4.674038701971e-01, 1.797693134862e+308, 2.5599e+01, 1.7694e+00, 
 2DIAGNOSTIC,     7, -4.674034138207e-01, 1.797693134862e+308, 2.7325e+01, 1.7260e+00, 
 2DIAGNOSTIC,     8, -4.674033510798e-01, 1.797693134862e+308, 2.9474e+01, 2.1496e+00, 
 2DIAGNOSTIC,     9, -4.674031561950e-01, 1.797693134862e+308, 3.1410e+01, 1.9364e+00, 
 2DIAGNOSTIC,    10, -4.674031622269e-01, 6.426955384276e-06, 3.3057e+01, 1.6466e+00, 
 2DIAGNOSTIC,    11, -4.674030629643e-01, 3.008124409676e-06, 3.4838e+01, 1.7806e+00, 
 2DIAGNOSTIC,    12, -4.674029640454e-01, 2.473296441319e-06, 3.6528e+01, 1.6907e+00, 
 2DIAGNOSTIC,    13, -4.674029697903e-01, 2.304954264745e-06, 3.8140e+01, 1.6121e+00, 
 2DIAGNOSTIC,    14, -4.674028702556e-01, 2.148578478203e-06, 3.9753e+01, 1.6128e+00, 
 2DIAGNOSTIC,    15, -4.674029775758e-01, 2.050088148117e-06, 4.1291e+01, 1.5376e+00, 
 2DIAGNOSTIC,    16, -4.674029847505e-01, 1.947761123167e-06, 4.2692e+01, 1.4016e+00, 
 2DIAGNOSTIC,    17, -4.674029980563e-01, 1.845378224286e-06, 4.4415e+01, 1.7229e+00, 
 2DIAGNOSTIC,    18, -4.674028000538e-01, 1.748154911468e-06, 4.5849e+01, 1.4336e+00, 
 2DIAGNOSTIC,    19, -4.674024008515e-01, 1.644055567816e-06, 4.7544e+01, 1.6948e+00, 
 2DIAGNOSTIC,    20, -4.674024168237e-01, 1.554127546786e-06, 4.9017e+01, 1.4730e+00, 
 2DIAGNOSTIC,    21, -4.674025466257e-01, 1.476811517617e-06, 5.1004e+01, 1.9872e+00, 
 2DIAGNOSTIC,    22, -4.674024581359e-01, 1.404635365375e-06, 5.2826e+01, 1.8219e+00, 
 2DIAGNOSTIC,    23, -4.674023624524e-01, 1.340574263500e-06, 5.4415e+01, 1.5892e+00, 
 2DIAGNOSTIC,    24, -4.674021666364e-01, 1.278563546897e-06, 5.6077e+01, 1.6615e+00, 
 2DIAGNOSTIC,    25, -4.674019667910e-01, 1.223674709942e-06, 5.7696e+01, 1.6197e+00, 
 2DIAGNOSTIC,    26, -4.674019749900e-01, 1.177730636327e-06, 5.9466e+01, 1.7696e+00, 
 2DIAGNOSTIC,    27, -4.674018789423e-01, 1.137558751522e-06, 6.1098e+01, 1.6323e+00, 
 2DIAGNOSTIC,    28, -4.674018907216e-01, 1.100388737345e-06, 6.2884e+01, 1.7855e+00, 
 2DIAGNOSTIC,    29, -4.674017971770e-01, 1.058877383768e-06, 6.4555e+01, 1.6717e+00, 
 2DIAGNOSTIC,    30, -4.674019163590e-01, 1.026446857282e-06, 6.5975e+01, 1.4199e+00, 
 2DIAGNOSTIC,    31, -4.674023563316e-01, 1.010390442563e-06, 6.7615e+01, 1.6398e+00, 
  Elapsed time (stage 0): 6.8631e+01


Total elapsed time: 6.8633e+01
Info [verificarlo]: loaded backend libinterflop_ieee.so
Info [interflop-ieee]: load backend with:
Info [interflop-ieee]: debug = false
Info [interflop-ieee]: debug-binary = false
Info [interflop-ieee]: no-backend-name = false
Info [interflop-ieee]: print-new-line = false
Info [interflop-ieee]: print-subnormal-normalized = false
Info [interflop-ieee]: count-op = false
All_Command_lines_OK
Using double precision for computations.
=============================================================================
The composite transform comprises the following transforms (in order): 
  1. /home/mdugre/scratch/mri-registration-rp/datasets/ds004513/derivatives/mri-registration-rp/0001/antsRegistration-r8-p12/sub-s035/rigid_Composite.h5[0] (type = Euler3DTransform)
  2. /home/mdugre/scratch/mri-registration-rp/datasets/ds004513/derivatives/mri-registration-rp/0001/antsRegistration-r8-p12/sub-s035/rigid_Composite.h5[1] (type = Euler3DTransform)
  3. /home/mdugre/scratch/mri-registration-rp/datasets/ds004513/derivatives/mri-registration-rp/0001/antsRegistration-r8-p12/sub-s035/rigid_Composite.h5[2] (type = Euler3DTransform)
=============================================================================
  number of levels = 4
  fixed image: /templateflow/tpl-MNI152NLin2009cAsym/tpl-MNI152NLin2009cAsym_res-01_desc-brain_T1w.nii.gz
  moving image: /home/mdugre/scratch/mri-registration-rp/datasets/ds004513/derivatives/mri-registration-rp/antsBrainExtraction/sub-s035/BrainExtractionBrain.nii.gz
Dimension = 3
Number of stages = 1
Use histogram matching = false
Winsorize image intensities = true
  Lower quantile = 0.005
  Upper quantile = 0.995


Stage 1 State
   Image metric = MattesMI
     Fixed image = Image (0x39837e0)
  RTTI typeinfo:   itk::Image<double, 3u>
  Reference Count: 2
  Modified Time: 1592
  Debug: Off
  Object Name: 
  Observers: 
    none
  Source: (none)
  Source output name: (none)
  Release Data: Off
  Data Released: False
  Global Release Data: Off
  PipelineMTime: 0
  UpdateMTime: 1203
  RealTimeStamp: 0 seconds 
  LargestPossibleRegion: 
    Dimension: 3
    Index: [0, 0, 0]
    Size: [193, 229, 193]
  BufferedRegion: 
    Dimension: 3
    Index: [0, 0, 0]
    Size: [193, 229, 193]
  RequestedRegion: 
    Dimension: 3
    Index: [0, 0, 0]
    Size: [193, 229, 193]
  Spacing: [1, 1, 1]
  Origin: [96, 132, -78]
  Direction: 
-1 0 0
0 -1 0
0 0 1

  IndexToPointMatrix: 
-1 0 0
0 -1 0
0 0 1

  PointToIndexMatrix: 
-1 0 0
0 -1 0
0 0 1

  Inverse Direction: 
-1 0 0
0 -1 0
0 0 1

  PixelContainer: 
    ImportImageContainer (0x3a43a20)
      RTTI typeinfo:   itk::ImportImageContainer<unsigned long, double>
      Reference Count: 1
      Modified Time: 1200
      Debug: Off
      Object Name: 
      Observers: 
        none
      Pointer: 0x152691d0c010
      Container manages memory: true
      Size: 8530021
      Capacity: 8530021

     Moving image = Image (0x3a3ed70)
  RTTI typeinfo:   itk::Image<double, 3u>
  Reference Count: 2
  Modified Time: 1593
  Debug: Off
  Object Name: 
  Observers: 
    none
  Source: (none)
  Source output name: (none)
  Release Data: Off
  Data Released: False
  Global Release Data: Off
  PipelineMTime: 0
  UpdateMTime: 1590
  RealTimeStamp: 0 seconds 
  LargestPossibleRegion: 
    Dimension: 3
    Index: [0, 0, 0]
    Size: [160, 240, 256]
  BufferedRegion: 
    Dimension: 3
    Index: [0, 0, 0]
    Size: [160, 240, 256]
  RequestedRegion: 
    Dimension: 3
    Index: [0, 0, 0]
    Size: [160, 240, 256]
  Spacing: [1, 1, 1]
  Origin: [98.6438, 87.6358, -117.989]
  Direction: 
-0.993515 -0.100993 -0.0522355
0.100854 -0.994887 0.00530255
-0.0525039 1.93537e-08 0.998621

  IndexToPointMatrix: 
-0.993515 -0.100993 -0.0522355
0.100854 -0.994887 0.00530255
-0.0525039 1.93537e-08 0.998621

  PointToIndexMatrix: 
-0.993515 0.100854 -0.0525039
-0.100993 -0.994887 1.93006e-08
-0.0522355 0.00530255 0.998621

  Inverse Direction: 
-0.993515 0.100854 -0.0525039
-0.100993 -0.994887 1.93006e-08
-0.0522355 0.00530255 0.998621

  PixelContainer: 
    ImportImageContainer (0x39f6c90)
      RTTI typeinfo:   itk::ImportImageContainer<unsigned long, double>
      Reference Count: 1
      Modified Time: 1587
      Debug: Off
      Object Name: 
      Observers: 
        none
      Pointer: 0x15268d20b010
      Container manages memory: true
      Size: 9830400
      Capacity: 9830400

     Weighting = 1
     Sampling strategy = regular
     Number of bins = 32
     Radius = 4
     Sampling percentage  = 0.25
   Transform = Affine
     Gradient step = 0.1
     Update field sigma (voxel space) = 0
     Total field sigma (voxel space) = 0
     Update field time sigma = 0
     Total field time sigma  = 0
     Number of time indices = 0
     Number of time point samples = 0
Registration using 1 total stages.

Stage 0
  iterations = 1000x500x250x100
  convergence threshold = 1e-06
  convergence window size = 10
  number of levels = 4
  using the Mattes MI metric (number of bins = 32, weight = 1, use gradient filter = 0)
  preprocessing:  winsorizing the image intensities
  Shrink factors (level 1 out of 4): [8, 8, 8]
  Shrink factors (level 2 out of 4): [4, 4, 4]
  Shrink factors (level 3 out of 4): [2, 2, 2]
  Shrink factors (level 4 out of 4): [1, 1, 1]
  smoothing sigmas per level: [3, 2, 1, 0]
  regular sampling (percentage = 0.25)

*** Running AffineTransform registration ***

DIAGNOSTIC,Iteration,metricValue,convergenceValue,ITERATION_TIME_INDEX,SINCE_LAST
 2DIAGNOSTIC,     1, -6.763730661370e-01, 1.797693134862e+308, 7.0354e-01, 7.0354e-01, 
 2DIAGNOSTIC,     2, -6.783753397193e-01, 1.797693134862e+308, 7.0821e-01, 4.6740e-03, 
 2DIAGNOSTIC,     3, -6.820636313023e-01, 1.797693134862e+308, 7.1306e-01, 4.8449e-03, 
 2DIAGNOSTIC,     4, -6.884995647676e-01, 1.797693134862e+308, 7.1788e-01, 4.8192e-03, 
 2DIAGNOSTIC,     5, -7.010519993935e-01, 1.797693134862e+308, 7.2260e-01, 4.7240e-03, 
 2DIAGNOSTIC,     6, -7.128151785443e-01, 1.797693134862e+308, 7.2730e-01, 4.6949e-03, 
 2DIAGNOSTIC,     7, -7.282199952002e-01, 1.797693134862e+308, 7.3326e-01, 5.9640e-03, 
 2DIAGNOSTIC,     8, -7.323421790268e-01, 1.797693134862e+308, 7.3808e-01, 4.8180e-03, 
 2DIAGNOSTIC,     9, -7.357170980973e-01, 1.797693134862e+308, 7.4299e-01, 4.9069e-03, 
 2DIAGNOSTIC,    10, -7.378127930452e-01, 6.726309700322e-03, 7.5029e-01, 7.2989e-03, 
 2DIAGNOSTIC,    11, -7.375940193517e-01, 5.760261035691e-03, 7.5518e-01, 4.8950e-03, 
 2DIAGNOSTIC,    12, -7.380438072727e-01, 4.525770739336e-03, 7.6010e-01, 4.9200e-03, 
 2DIAGNOSTIC,    13, -7.384085510322e-01, 3.205277626925e-03, 7.6513e-01, 5.0251e-03, 
 2DIAGNOSTIC,    14, -7.395444076008e-01, 2.001928638910e-03, 7.7409e-01, 8.9641e-03, 
 2DIAGNOSTIC,    15, -7.396536685315e-01, 1.111950004571e-03, 7.7967e-01, 5.5790e-03, 
 2DIAGNOSTIC,    16, -7.395457223180e-01, 5.146526827886e-04, 7.8523e-01, 5.5652e-03, 
 2DIAGNOSTIC,    17, -7.393102198547e-01, 2.937976403884e-04, 7.9035e-01, 5.1160e-03, 
 2DIAGNOSTIC,    18, -7.392304015725e-01, 1.578977045386e-04, 7.9591e-01, 5.5561e-03, 
 2DIAGNOSTIC,    19, -7.392520837547e-01, 9.090495613930e-05, 8.0087e-01, 4.9679e-03, 
 2DIAGNOSTIC,    20, -7.392489886970e-01, 6.373150592162e-05, 8.0583e-01, 4.9560e-03, 
 2DIAGNOSTIC,    21, -7.394840476769e-01, 3.393764577830e-05, 8.1135e-01, 5.5201e-03, 
 2DIAGNOSTIC,    22, -7.394289008036e-01, 1.098074803477e-05, 8.1690e-01, 5.5530e-03, 
DIAGNOSTIC,Iteration,metricValue,convergenceValue,ITERATION_TIME_INDEX,SINCE_LAST
 2DIAGNOSTIC,     1, -6.095450017344e-01, 1.797693134862e+308, 1.5911e+00, 7.7424e-01, 
 2DIAGNOSTIC,     2, -6.098996537305e-01, 1.797693134862e+308, 1.6321e+00, 4.0952e-02, 
 2DIAGNOSTIC,     3, -6.103631975919e-01, 1.797693134862e+308, 1.6820e+00, 4.9923e-02, 
 2DIAGNOSTIC,     4, -6.110924856800e-01, 1.797693134862e+308, 1.7165e+00, 3.4525e-02, 
 2DIAGNOSTIC,     5, -6.115001944168e-01, 1.797693134862e+308, 1.7659e+00, 4.9369e-02, 
 2DIAGNOSTIC,     6, -6.115263854453e-01, 1.797693134862e+308, 1.8163e+00, 5.0334e-02, 
 2DIAGNOSTIC,     7, -6.115290079603e-01, 1.797693134862e+308, 1.8531e+00, 3.6860e-02, 
 2DIAGNOSTIC,     8, -6.115134403974e-01, 1.797693134862e+308, 1.8911e+00, 3.8017e-02, 
 2DIAGNOSTIC,     9, -6.115089791437e-01, 1.797693134862e+308, 1.9352e+00, 4.4060e-02, 
 2DIAGNOSTIC,    10, -6.115082665211e-01, 2.071494965134e-04, 1.9768e+00, 4.1614e-02, 
 2DIAGNOSTIC,    11, -6.115073816416e-01, 1.258161394746e-04, 2.0247e+00, 4.7884e-02, 
 2DIAGNOSTIC,    12, -6.114985065706e-01, 6.050625091461e-05, 2.0646e+00, 3.9886e-02, 
 2DIAGNOSTIC,    13, -6.114927072002e-01, 1.586339167095e-05, 2.1096e+00, 4.5071e-02, 
DIAGNOSTIC,Iteration,metricValue,convergenceValue,ITERATION_TIME_INDEX,SINCE_LAST
 2DIAGNOSTIC,     1, -5.355519901550e-01, 1.797693134862e+308, 3.3286e+00, 1.2190e+00, 
 2DIAGNOSTIC,     2, -5.358228917641e-01, 1.797693134862e+308, 3.6156e+00, 2.8698e-01, 
 2DIAGNOSTIC,     3, -5.360462971965e-01, 1.797693134862e+308, 3.9519e+00, 3.3627e-01, 
 2DIAGNOSTIC,     4, -5.361212876564e-01, 1.797693134862e+308, 4.2789e+00, 3.2706e-01, 
 2DIAGNOSTIC,     5, -5.361177918461e-01, 1.797693134862e+308, 4.6886e+00, 4.0960e-01, 
 2DIAGNOSTIC,     6, -5.361131044814e-01, 1.797693134862e+308, 5.1537e+00, 4.6517e-01, 
 2DIAGNOSTIC,     7, -5.361114966374e-01, 1.797693134862e+308, 5.4680e+00, 3.1427e-01, 
 2DIAGNOSTIC,     8, -5.361108632379e-01, 1.797693134862e+308, 5.7967e+00, 3.2874e-01, 
 2DIAGNOSTIC,     9, -5.361110226002e-01, 1.797693134862e+308, 6.1477e+00, 3.5093e-01, 
 2DIAGNOSTIC,    10, -5.361109182551e-01, 4.828288375465e-05, 6.4817e+00, 3.3405e-01, 
 2DIAGNOSTIC,    11, -5.361101692350e-01, 1.894404442923e-05, 6.8214e+00, 3.3973e-01, 
 2DIAGNOSTIC,    12, -5.361108271386e-01, 4.812422654613e-06, 7.1938e+00, 3.7235e-01, 
 2DIAGNOSTIC,    13, -5.361102753068e-01, 1.655963268135e-06, 7.5425e+00, 3.4866e-01, 
 2DIAGNOSTIC,    14, -5.361088607301e-01, 1.809860997667e-06, 7.8582e+00, 3.1577e-01, 
 2DIAGNOSTIC,    15, -5.361082887777e-01, 1.847101073496e-06, 8.1741e+00, 3.1584e-01, 
 2DIAGNOSTIC,    16, -5.361080075829e-01, 1.741540567354e-06, 8.4540e+00, 2.7997e-01, 
 2DIAGNOSTIC,    17, -5.361082182940e-01, 1.627242549651e-06, 8.7795e+00, 3.2549e-01, 
 2DIAGNOSTIC,    18, -5.361076609166e-01, 1.512397844669e-06, 9.1170e+00, 3.3745e-01, 
 2DIAGNOSTIC,    19, -5.361073707754e-01, 1.430924290148e-06, 9.4221e+00, 3.0512e-01, 
 2DIAGNOSTIC,    20, -5.361082434430e-01, 1.401683788697e-06, 9.7532e+00, 3.3109e-01, 
 2DIAGNOSTIC,    21, -5.361063501002e-01, 1.324100587917e-06, 1.0120e+01, 3.6685e-01, 
 2DIAGNOSTIC,    22, -5.361020142782e-01, 1.183934259796e-06, 1.0526e+01, 4.0585e-01, 
 2DIAGNOSTIC,    23, -5.361001566850e-01, 1.028493424565e-06, 1.0853e+01, 3.2685e-01, 
DIAGNOSTIC,Iteration,metricValue,convergenceValue,ITERATION_TIME_INDEX,SINCE_LAST
