
##########################
# Experiment information #
##########################

EXPERIMENT_NAME: antsRegistration-r7-p10
VFC_BACKENDS: libinterflop_vprec.so --range-binary32=7 --precision-binary32=10 --range-binary64=7 --precision-binary64=10

SIF_IMG: /home/mdugre/projects/rrg-glatard/mdugre/containers/ants-vprec-no_metrics.simg

SUBJECT_ID: s025
INPUT_IMG: /home/mdugre/scratch/mri-registration-rp/datasets/ds004513/derivatives/mri-registration-rp/antsBrainExtraction/sub-s025/BrainExtractionBrain.nii.gz
OUTPUT_DIR: /home/mdugre/scratch/mri-registration-rp/datasets/ds004513/derivatives/mri-registration-rp/0001/antsRegistration-r7-p10/sub-s025

FIXED_IMG: /templateflow/tpl-MNI152NLin2009cAsym/tpl-MNI152NLin2009cAsym_res-01_desc-brain_T1w.nii.gz
DATA_DIR: /home/mdugre/scratch/mri-registration-rp/datasets/ds004513
TEMPLATEFLOW_DIR: /home/mdugre/projects/rrg-glatard/mdugre/templateflow
ITK_GLOBAL_DEFAULT_NUMBER_OF_THREADS: 16
##########################

Info [verificarlo]: loaded backend libinterflop_ieee.so
Info [interflop-ieee]: load backend with:
Info [interflop-ieee]: debug = false
Info [interflop-ieee]: debug-binary = false
Info [interflop-ieee]: no-backend-name = false
Info [interflop-ieee]: print-new-line = false
Info [interflop-ieee]: print-subnormal-normalized = false
Info [interflop-ieee]: count-op = false
All_Command_lines_OK
Using double precision for computations.
=============================================================================
The composite transform comprises the following transforms (in order): 
  1. Center of mass alignment using fixed image: /templateflow/tpl-MNI152NLin2009cAsym/tpl-MNI152NLin2009cAsym_res-01_desc-brain_T1w.nii.gz and moving image: /home/mdugre/scratch/mri-registration-rp/datasets/ds004513/derivatives/mri-registration-rp/antsBrainExtraction/sub-s025/BrainExtractionBrain.nii.gz (type = Euler3DTransform)
=============================================================================
  number of levels = 1
  fixed image: /templateflow/tpl-MNI152NLin2009cAsym/tpl-MNI152NLin2009cAsym_res-01_desc-brain_T1w.nii.gz
  moving image: /home/mdugre/scratch/mri-registration-rp/datasets/ds004513/derivatives/mri-registration-rp/antsBrainExtraction/sub-s025/BrainExtractionBrain.nii.gz
Dimension = 3
Number of stages = 1
Use histogram matching = false
Winsorize image intensities = true
  Lower quantile = 0.005
  Upper quantile = 0.995


Stage 1 State
   Image metric = MattesMI
     Fixed image = Image (0x4fa6e70)
  RTTI typeinfo:   itk::Image<double, 3u>
  Reference Count: 2
  Modified Time: 2334
  Debug: Off
  Object Name: 
  Observers: 
    none
  Source: (none)
  Source output name: (none)
  Release Data: Off
  Data Released: False
  Global Release Data: Off
  PipelineMTime: 0
  UpdateMTime: 1943
  RealTimeStamp: 0 seconds 
  LargestPossibleRegion: 
    Dimension: 3
    Index: [0, 0, 0]
    Size: [193, 229, 193]
  BufferedRegion: 
    Dimension: 3
    Index: [0, 0, 0]
    Size: [193, 229, 193]
  RequestedRegion: 
    Dimension: 3
    Index: [0, 0, 0]
    Size: [193, 229, 193]
  Spacing: [1, 1, 1]
  Origin: [96, 132, -78]
  Direction: 
-1 0 0
0 -1 0
0 0 1

  IndexToPointMatrix: 
-1 0 0
0 -1 0
0 0 1

  PointToIndexMatrix: 
-1 0 0
0 -1 0
0 0 1

  Inverse Direction: 
-1 0 0
0 -1 0
0 0 1

  PixelContainer: 
    ImportImageContainer (0x4fafc60)
      RTTI typeinfo:   itk::ImportImageContainer<unsigned long, double>
      Reference Count: 1
      Modified Time: 1940
      Debug: Off
      Object Name: 
      Observers: 
        none
      Pointer: 0x148b985a0010
      Container manages memory: true
      Size: 8530021
      Capacity: 8530021

     Moving image = Image (0x4fb2610)
  RTTI typeinfo:   itk::Image<double, 3u>
  Reference Count: 2
  Modified Time: 2335
  Debug: Off
  Object Name: 
  Observers: 
    none
  Source: (none)
  Source output name: (none)
  Release Data: Off
  Data Released: False
  Global Release Data: Off
  PipelineMTime: 0
  UpdateMTime: 2332
  RealTimeStamp: 0 seconds 
  LargestPossibleRegion: 
    Dimension: 3
    Index: [0, 0, 0]
    Size: [176, 240, 256]
  BufferedRegion: 
    Dimension: 3
    Index: [0, 0, 0]
    Size: [176, 240, 256]
  RequestedRegion: 
    Dimension: 3
    Index: [0, 0, 0]
    Size: [176, 240, 256]
  Spacing: [0.999999, 1, 1]
  Origin: [90.3778, 84.5091, -154.071]
  Direction: 
-0.999391 7.48184e-06 -0.0348969
-7.47664e-06 -1 -2.7953e-07
-0.0348969 -1.84481e-08 0.999391

  IndexToPointMatrix: 
-0.99939 7.48184e-06 -0.0348969
-7.47663e-06 -1 -2.7953e-07
-0.0348968 -1.84481e-08 0.999391

  PointToIndexMatrix: 
-0.999392 -7.47665e-06 -0.0348969
7.48184e-06 -1 -1.84481e-08
-0.0348969 -2.7953e-07 0.999391

  Inverse Direction: 
-0.999391 -7.47664e-06 -0.0348969
7.48184e-06 -1 -1.84481e-08
-0.0348969 -2.7953e-07 0.999391

  PixelContainer: 
    ImportImageContainer (0x504bef0)
      RTTI typeinfo:   itk::ImportImageContainer<unsigned long, double>
      Reference Count: 1
      Modified Time: 2329
      Debug: Off
      Object Name: 
      Observers: 
        none
      Pointer: 0x148b9331f010
      Container manages memory: true
      Size: 10813440
      Capacity: 10813440

     Weighting = 1
     Sampling strategy = regular
     Number of bins = 32
     Radius = 4
     Sampling percentage  = 0.25
   Transform = Rigid
     Gradient step = 0.1
     Update field sigma (voxel space) = 0
     Total field sigma (voxel space) = 0
     Update field time sigma = 0
     Total field time sigma  = 0
     Number of time indices = 0
     Number of time point samples = 0
Registration using 1 total stages.

Stage 0
  iterations = 0
  convergence threshold = 1e-06
  convergence window size = 10
  number of levels = 1
  using the Mattes MI metric (number of bins = 32, weight = 1, use gradient filter = 0)
  preprocessing:  winsorizing the image intensities
  Shrink factors (level 1 out of 1): [1, 1, 1]
  smoothing sigmas per level: [0]
  regular sampling (percentage = 0.25)

*** Running Euler3DTransform registration ***

  Elapsed time (stage 0): 1.10805


Total elapsed time: 1.11019
Info [verificarlo]: loaded backend libinterflop_ieee.so
Info [interflop-ieee]: load backend with:
Info [interflop-ieee]: debug = false
Info [interflop-ieee]: debug-binary = false
Info [interflop-ieee]: no-backend-name = false
Info [interflop-ieee]: print-new-line = false
Info [interflop-ieee]: print-subnormal-normalized = false
Info [interflop-ieee]: count-op = false
All_Command_lines_OK
Using double precision for computations.
=============================================================================
The composite transform comprises the following transforms (in order): 
  1. /home/mdugre/scratch/mri-registration-rp/datasets/ds004513/derivatives/mri-registration-rp/0001/antsRegistration-r7-p10/sub-s025/align_Composite.h5[0] (type = Euler3DTransform)
  2. /home/mdugre/scratch/mri-registration-rp/datasets/ds004513/derivatives/mri-registration-rp/0001/antsRegistration-r7-p10/sub-s025/align_Composite.h5[1] (type = Euler3DTransform)
=============================================================================
  number of levels = 4
  fixed image: /templateflow/tpl-MNI152NLin2009cAsym/tpl-MNI152NLin2009cAsym_res-01_desc-brain_T1w.nii.gz
  moving image: /home/mdugre/scratch/mri-registration-rp/datasets/ds004513/derivatives/mri-registration-rp/antsBrainExtraction/sub-s025/BrainExtractionBrain.nii.gz
Dimension = 3
Number of stages = 1
Use histogram matching = false
Winsorize image intensities = true
  Lower quantile = 0.005
  Upper quantile = 0.995


Stage 1 State
   Image metric = MattesMI
     Fixed image = Image (0x4eca530)
  RTTI typeinfo:   itk::Image<double, 3u>
  Reference Count: 2
  Modified Time: 1580
  Debug: Off
  Object Name: 
  Observers: 
    none
  Source: (none)
  Source output name: (none)
  Release Data: Off
  Data Released: False
  Global Release Data: Off
  PipelineMTime: 0
  UpdateMTime: 1189
  RealTimeStamp: 0 seconds 
  LargestPossibleRegion: 
    Dimension: 3
    Index: [0, 0, 0]
    Size: [193, 229, 193]
  BufferedRegion: 
    Dimension: 3
    Index: [0, 0, 0]
    Size: [193, 229, 193]
  RequestedRegion: 
    Dimension: 3
    Index: [0, 0, 0]
    Size: [193, 229, 193]
  Spacing: [1, 1, 1]
  Origin: [96, 132, -78]
  Direction: 
-1 0 0
0 -1 0
0 0 1

  IndexToPointMatrix: 
-1 0 0
0 -1 0
0 0 1

  PointToIndexMatrix: 
-1 0 0
0 -1 0
0 0 1

  Inverse Direction: 
-1 0 0
0 -1 0
0 0 1

  PixelContainer: 
    ImportImageContainer (0x4f88d60)
      RTTI typeinfo:   itk::ImportImageContainer<unsigned long, double>
      Reference Count: 1
      Modified Time: 1186
      Debug: Off
      Object Name: 
      Observers: 
        none
      Pointer: 0x14b48ef58010
      Container manages memory: true
      Size: 8530021
      Capacity: 8530021

     Moving image = Image (0x4f7af60)
  RTTI typeinfo:   itk::Image<double, 3u>
  Reference Count: 2
  Modified Time: 1581
  Debug: Off
  Object Name: 
  Observers: 
    none
  Source: (none)
  Source output name: (none)
  Release Data: Off
  Data Released: False
  Global Release Data: Off
  PipelineMTime: 0
  UpdateMTime: 1578
  RealTimeStamp: 0 seconds 
  LargestPossibleRegion: 
    Dimension: 3
    Index: [0, 0, 0]
    Size: [176, 240, 256]
  BufferedRegion: 
    Dimension: 3
    Index: [0, 0, 0]
    Size: [176, 240, 256]
  RequestedRegion: 
    Dimension: 3
    Index: [0, 0, 0]
    Size: [176, 240, 256]
  Spacing: [0.999999, 1, 1]
  Origin: [90.3778, 84.5091, -154.071]
  Direction: 
-0.999391 7.48184e-06 -0.0348969
-7.47664e-06 -1 -2.7953e-07
-0.0348969 -1.84481e-08 0.999391

  IndexToPointMatrix: 
-0.99939 7.48184e-06 -0.0348969
-7.47663e-06 -1 -2.7953e-07
-0.0348968 -1.84481e-08 0.999391

  PointToIndexMatrix: 
-0.999392 -7.47665e-06 -0.0348969
7.48184e-06 -1 -1.84481e-08
-0.0348969 -2.7953e-07 0.999391

  Inverse Direction: 
-0.999391 -7.47664e-06 -0.0348969
7.48184e-06 -1 -1.84481e-08
-0.0348969 -2.7953e-07 0.999391

  PixelContainer: 
    ImportImageContainer (0x4f6c6d0)
      RTTI typeinfo:   itk::ImportImageContainer<unsigned long, double>
      Reference Count: 1
      Modified Time: 1575
      Debug: Off
      Object Name: 
      Observers: 
        none
      Pointer: 0x14b489cd7010
      Container manages memory: true
      Size: 10813440
      Capacity: 10813440

     Weighting = 1
     Sampling strategy = regular
     Number of bins = 32
     Radius = 4
     Sampling percentage  = 0.25
   Transform = Rigid
     Gradient step = 0.1
     Update field sigma (voxel space) = 0
     Total field sigma (voxel space) = 0
     Update field time sigma = 0
     Total field time sigma  = 0
     Number of time indices = 0
     Number of time point samples = 0
Registration using 1 total stages.

Stage 0
  iterations = 1000x500x250x100
  convergence threshold = 1e-06
  convergence window size = 10
  number of levels = 4
  using the Mattes MI metric (number of bins = 32, weight = 1, use gradient filter = 0)
  preprocessing:  winsorizing the image intensities
  Shrink factors (level 1 out of 4): [8, 8, 8]
  Shrink factors (level 2 out of 4): [4, 4, 4]
  Shrink factors (level 3 out of 4): [2, 2, 2]
  Shrink factors (level 4 out of 4): [1, 1, 1]
  smoothing sigmas per level: [3, 2, 1, 0]
  regular sampling (percentage = 0.25)

*** Running Euler3DTransform registration ***

DIAGNOSTIC,Iteration,metricValue,convergenceValue,ITERATION_TIME_INDEX,SINCE_LAST
 2DIAGNOSTIC,     1, -5.323241903179e-01, 1.797693134862e+308, 8.5122e-01, 8.5122e-01, 
 2DIAGNOSTIC,     2, -5.346190553927e-01, 1.797693134862e+308, 8.5608e-01, 4.8580e-03, 
 2DIAGNOSTIC,     3, -5.378036555361e-01, 1.797693134862e+308, 8.6038e-01, 4.3049e-03, 
 2DIAGNOSTIC,     4, -5.422949451405e-01, 1.797693134862e+308, 8.6450e-01, 4.1149e-03, 
 2DIAGNOSTIC,     5, -5.486805952477e-01, 1.797693134862e+308, 8.6852e-01, 4.0181e-03, 
 2DIAGNOSTIC,     6, -5.542790085272e-01, 1.797693134862e+308, 8.7259e-01, 4.0741e-03, 
 2DIAGNOSTIC,     7, -5.627123115611e-01, 1.797693134862e+308, 8.7676e-01, 4.1659e-03, 
 2DIAGNOSTIC,     8, -5.766609943856e-01, 1.797693134862e+308, 8.8094e-01, 4.1838e-03, 
 2DIAGNOSTIC,     9, -5.881111419397e-01, 1.797693134862e+308, 8.8507e-01, 4.1320e-03, 
 2DIAGNOSTIC,    10, -6.012927005665e-01, 7.820055967720e-03, 8.9069e-01, 5.6150e-03, 
 2DIAGNOSTIC,    11, -6.192402913590e-01, 8.564422673935e-03, 8.9806e-01, 7.3760e-03, 
 2DIAGNOSTIC,    12, -6.197111897443e-01, 8.513711436504e-03, 9.0235e-01, 4.2920e-03, 
 2DIAGNOSTIC,    13, -6.223136777510e-01, 7.932305190648e-03, 9.0669e-01, 4.3359e-03, 
 2DIAGNOSTIC,    14, -6.239859078531e-01, 6.938967258809e-03, 9.1077e-01, 4.0760e-03, 
 2DIAGNOSTIC,    15, -6.258731029036e-01, 5.722268374539e-03, 9.1489e-01, 4.1211e-03, 
 2DIAGNOSTIC,    16, -6.290042957044e-01, 4.404898010724e-03, 9.1904e-01, 4.1571e-03, 
 2DIAGNOSTIC,    17, -6.327399548177e-01, 3.192249458033e-03, 9.2421e-01, 5.1639e-03, 
 2DIAGNOSTIC,    18, -6.361770329221e-01, 2.298162514679e-03, 9.2944e-01, 5.2309e-03, 
 2DIAGNOSTIC,    19, -6.381920795179e-01, 1.629119691954e-03, 9.3412e-01, 4.6790e-03, 
 2DIAGNOSTIC,    20, -6.414786468596e-01, 1.264281191448e-03, 9.3815e-01, 4.0269e-03, 
 2DIAGNOSTIC,    21, -6.422621311527e-01, 1.244231354648e-03, 9.4256e-01, 4.4169e-03, 
 2DIAGNOSTIC,    22, -6.443386369705e-01, 1.164065699423e-03, 9.4682e-01, 4.2560e-03, 
 2DIAGNOSTIC,    23, -6.458367311035e-01, 1.066297095710e-03, 9.5143e-01, 4.6110e-03, 
 2DIAGNOSTIC,    24, -6.528535015446e-01, 1.047817942137e-03, 9.5654e-01, 5.1119e-03, 
 2DIAGNOSTIC,    25, -6.591704564775e-01, 1.083081262780e-03, 9.6265e-01, 6.1040e-03, 
 2DIAGNOSTIC,    26, -6.605963660455e-01, 1.093549174807e-03, 9.6760e-01, 4.9500e-03, 
 2DIAGNOSTIC,    27, -6.608439807156e-01, 1.070984914533e-03, 9.7195e-01, 4.3519e-03, 
 2DIAGNOSTIC,    28, -6.615671820521e-01, 1.019502611745e-03, 9.7632e-01, 4.3769e-03, 
 2DIAGNOSTIC,    29, -6.628794591724e-01, 9.260606993962e-04, 9.8084e-01, 4.5130e-03, 
 2DIAGNOSTIC,    30, -6.728295024920e-01, 9.537370348056e-04, 9.8701e-01, 6.1691e-03, 
 2DIAGNOSTIC,    31, -6.735478467745e-01, 9.084145007236e-04, 9.9148e-01, 4.4770e-03, 
 2DIAGNOSTIC,    32, -6.743491940875e-01, 8.254120563288e-04, 9.9589e-01, 4.4072e-03, 
 2DIAGNOSTIC,    33, -6.778518398168e-01, 7.396594048750e-04, 1.0005e+00, 4.6260e-03, 
 2DIAGNOSTIC,    34, -6.872952804244e-01, 8.064171139898e-04, 1.0097e+00, 9.1991e-03, 
 2DIAGNOSTIC,    35, -6.877321011696e-01, 8.751588635240e-04, 1.0141e+00, 4.3790e-03, 
 2DIAGNOSTIC,    36, -6.893213121689e-01, 8.964215599762e-04, 1.0188e+00, 4.6620e-03, 
 2DIAGNOSTIC,    37, -6.927376982110e-01, 8.791283226817e-04, 1.0230e+00, 4.2279e-03, 
 2DIAGNOSTIC,    38, -7.010216517300e-01, 8.853055599230e-04, 1.0272e+00, 4.1962e-03, 
 2DIAGNOSTIC,    39, -7.063994227130e-01, 8.771226000846e-04, 1.0314e+00, 4.2169e-03, 
 2DIAGNOSTIC,    40, -7.084308342981e-01, 9.204427563204e-04, 1.0357e+00, 4.2660e-03, 
 2DIAGNOSTIC,    41, -7.160951820098e-01, 9.681042539476e-04, 1.0405e+00, 4.8220e-03, 
 2DIAGNOSTIC,    42, -7.193345882375e-01, 9.620057731396e-04, 1.0464e+00, 5.9440e-03, 
 2DIAGNOSTIC,    43, -7.222199411342e-01, 9.267041806457e-04, 1.0508e+00, 4.3612e-03, 
 2DIAGNOSTIC,    44, -7.285985703299e-01, 9.642962415056e-04, 1.0554e+00, 4.5779e-03, 
 2DIAGNOSTIC,    45, -7.389262867725e-01, 1.012992580534e-03, 1.0597e+00, 4.3740e-03, 
 2DIAGNOSTIC,    46, -7.435788770345e-01, 1.020092408615e-03, 1.0641e+00, 4.4041e-03, 
 2DIAGNOSTIC,    47, -7.509293980271e-01, 1.028554006509e-03, 1.0712e+00, 7.0381e-03, 
 2DIAGNOSTIC,    48, -7.533340079201e-01, 1.035093242235e-03, 1.0754e+00, 4.2050e-03, 
 2DIAGNOSTIC,    49, -7.543105233369e-01, 9.992439982998e-04, 1.0796e+00, 4.2341e-03, 
 2DIAGNOSTIC,    50, -7.572149797780e-01, 9.104500804427e-04, 1.0838e+00, 4.1850e-03, 
 2DIAGNOSTIC,    51, -7.588482039515e-01, 8.164960924555e-04, 1.0914e+00, 7.6270e-03, 
 2DIAGNOSTIC,    52, -7.590534671572e-01, 6.774119279060e-04, 1.0963e+00, 4.8919e-03, 
 2DIAGNOSTIC,    53, -7.590340948031e-01, 5.029394089554e-04, 1.1007e+00, 4.3340e-03, 
 2DIAGNOSTIC,    54, -7.590018420675e-01, 3.372350555699e-04, 1.1055e+00, 4.8752e-03, 
 2DIAGNOSTIC,    55, -7.590382659303e-01, 2.263959490680e-04, 1.1099e+00, 4.3559e-03, 
 2DIAGNOSTIC,    56, -7.589729114595e-01, 1.318466981143e-04, 1.1143e+00, 4.3628e-03, 
 2DIAGNOSTIC,    57, -7.590564247638e-01, 8.392463386445e-05, 1.1189e+00, 4.6289e-03, 
 2DIAGNOSTIC,    58, -7.591958565833e-01, 4.875770406496e-05, 1.1238e+00, 4.9362e-03, 
 2DIAGNOSTIC,    59, -7.591875252773e-01, 1.682268177434e-05, 1.1288e+00, 4.9820e-03, 
 2DIAGNOSTIC,    60, -7.591721604837e-01, 4.613805139657e-06, 1.1332e+00, 4.4429e-03, 
 2DIAGNOSTIC,    61, -7.592148014801e-01, 4.046514696095e-06, 1.1377e+00, 4.4749e-03, 
 2DIAGNOSTIC,    62, -7.595978504225e-01, 7.148649402041e-06, 1.1422e+00, 4.4439e-03, 
 2DIAGNOSTIC,    63, -7.601032976103e-01, 1.266579123031e-05, 1.1471e+00, 4.9639e-03, 
 2DIAGNOSTIC,    64, -7.605128866727e-01, 1.923554935860e-05, 1.1549e+00, 7.7462e-03, 
 2DIAGNOSTIC,    65, -7.606270226425e-01, 2.479143014576e-05, 1.1598e+00, 4.9312e-03, 
 2DIAGNOSTIC,    66, -7.605735737766e-01, 2.711928815751e-05, 1.1642e+00, 4.3828e-03, 
 2DIAGNOSTIC,    67, -7.604967498216e-01, 2.683414296085e-05, 1.1688e+00, 4.6258e-03, 
 2DIAGNOSTIC,    68, -7.605365073601e-01, 2.508047645861e-05, 1.1731e+00, 4.3311e-03, 
 2DIAGNOSTIC,    69, -7.606797944474e-01, 2.180338928430e-05, 1.1777e+00, 4.5800e-03, 
 2DIAGNOSTIC,    70, -7.617949539951e-01, 2.312542080477e-05, 1.1833e+00, 5.5881e-03, 
 2DIAGNOSTIC,    71, -7.620892768839e-01, 2.403813021832e-05, 1.1884e+00, 5.0640e-03, 
 2DIAGNOSTIC,    72, -7.620927386068e-01, 2.488355065899e-05, 1.1941e+00, 5.7371e-03, 
 2DIAGNOSTIC,    73, -7.620937751323e-01, 2.627481807653e-05, 1.1987e+00, 4.6060e-03, 
 2DIAGNOSTIC,    74, -7.620941212334e-01, 2.738598911023e-05, 1.2041e+00, 5.3530e-03, 
 2DIAGNOSTIC,    75, -7.620944386647e-01, 2.639474208255e-05, 1.2088e+00, 4.7190e-03, 
 2DIAGNOSTIC,    76, -7.619750489734e-01, 2.197481298831e-05, 1.2136e+00, 4.8342e-03, 
 2DIAGNOSTIC,    77, -7.619757531250e-01, 1.531315477681e-05, 1.2184e+00, 4.7822e-03, 
 2DIAGNOSTIC,    78, -7.619772962105e-01, 7.690599122158e-06, 1.2239e+00, 5.5180e-03, 
DIAGNOSTIC,Iteration,metricValue,convergenceValue,ITERATION_TIME_INDEX,SINCE_LAST
 2DIAGNOSTIC,     1, -6.046396161117e-01, 1.797693134862e+308, 2.0177e+00, 7.9381e-01, 
 2DIAGNOSTIC,     2, -6.055082962920e-01, 1.797693134862e+308, 2.0458e+00, 2.8055e-02, 
 2DIAGNOSTIC,     3, -6.068021559336e-01, 1.797693134862e+308, 2.0751e+00, 2.9267e-02, 
 2DIAGNOSTIC,     4, -6.081991390830e-01, 1.797693134862e+308, 2.1034e+00, 2.8359e-02, 
 2DIAGNOSTIC,     5, -6.094452987760e-01, 1.797693134862e+308, 2.1318e+00, 2.8382e-02, 
 2DIAGNOSTIC,     6, -6.106645935392e-01, 1.797693134862e+308, 2.1622e+00, 3.0397e-02, 
 2DIAGNOSTIC,     7, -6.123470416373e-01, 1.797693134862e+308, 2.1941e+00, 3.1919e-02, 
 2DIAGNOSTIC,     8, -6.140507584299e-01, 1.797693134862e+308, 2.2300e+00, 3.5915e-02, 
 2DIAGNOSTIC,     9, -6.149187120659e-01, 1.797693134862e+308, 2.2857e+00, 5.5710e-02, 
 2DIAGNOSTIC,    10, -6.152209559928e-01, 1.215592236919e-03, 2.3160e+00, 3.0290e-02, 
 2DIAGNOSTIC,    11, -6.165203521646e-01, 1.082177543323e-03, 2.3486e+00, 3.2534e-02, 
 2DIAGNOSTIC,    12, -6.192929496383e-01, 1.012926700113e-03, 2.3798e+00, 3.1274e-02, 
 2DIAGNOSTIC,    13, -6.201736363063e-01, 9.372455132765e-04, 2.4140e+00, 3.4176e-02, 
 2DIAGNOSTIC,    14, -6.209758380345e-01, 8.609172133685e-04, 2.4642e+00, 5.0227e-02, 
 2DIAGNOSTIC,    15, -6.210413742730e-01, 7.581036552602e-04, 2.4945e+00, 3.0286e-02, 
 2DIAGNOSTIC,    16, -6.211142953186e-01, 6.356956103620e-04, 2.5275e+00, 3.3001e-02, 
 2DIAGNOSTIC,    17, -6.211214605626e-01, 5.134538611736e-04, 2.5633e+00, 3.5766e-02, 
 2DIAGNOSTIC,    18, -6.211201381508e-01, 4.007595096096e-04, 2.5957e+00, 3.2371e-02, 
 2DIAGNOSTIC,    19, -6.211001540557e-01, 2.846086390761e-04, 2.6311e+00, 3.5400e-02, 
 2DIAGNOSTIC,    20, -6.210986926364e-01, 1.610103227876e-04, 2.6651e+00, 3.4015e-02, 
 2DIAGNOSTIC,    21, -6.210801759145e-01, 6.134381113798e-05, 2.6966e+00, 3.1502e-02, 
 2DIAGNOSTIC,    22, -6.210735704134e-01, 2.295138638087e-05, 2.7241e+00, 2.7539e-02, 
 2DIAGNOSTIC,    23, -6.210701287597e-01, 3.089892416701e-06, 2.7518e+00, 2.7689e-02, 
DIAGNOSTIC,Iteration,metricValue,convergenceValue,ITERATION_TIME_INDEX,SINCE_LAST
 2DIAGNOSTIC,     1, -5.348872120010e-01, 1.797693134862e+308, 3.8777e+00, 1.1259e+00, 
 2DIAGNOSTIC,     2, -5.350397352146e-01, 1.797693134862e+308, 4.1183e+00, 2.4055e-01, 
 2DIAGNOSTIC,     3, -5.351072720346e-01, 1.797693134862e+308, 4.3668e+00, 2.4858e-01, 
 2DIAGNOSTIC,     4, -5.351141869225e-01, 1.797693134862e+308, 4.6485e+00, 2.8162e-01, 
 2DIAGNOSTIC,     5, -5.351185223410e-01, 1.797693134862e+308, 4.9656e+00, 3.1711e-01, 
 2DIAGNOSTIC,     6, -5.351188299155e-01, 1.797693134862e+308, 5.2354e+00, 2.6981e-01, 
 2DIAGNOSTIC,     7, -5.351182962216e-01, 1.797693134862e+308, 5.5835e+00, 3.4811e-01, 
 2DIAGNOSTIC,     8, -5.351182224368e-01, 1.797693134862e+308, 5.8702e+00, 2.8666e-01, 
 2DIAGNOSTIC,     9, -5.351176981355e-01, 1.797693134862e+308, 6.1320e+00, 2.6184e-01, 
 2DIAGNOSTIC,    10, -5.351159455235e-01, 1.946058226945e-05, 6.3719e+00, 2.3990e-01, 
 2DIAGNOSTIC,    11, -5.351155633004e-01, 7.027297820747e-06, 6.6034e+00, 2.3152e-01, 
 2DIAGNOSTIC,    12, -5.351156809572e-01, 2.972350109168e-06, 6.9026e+00, 2.9915e-01, 
 2DIAGNOSTIC,    13, -5.351161629115e-01, 2.284258592902e-06, 7.1626e+00, 2.6007e-01, 
 2DIAGNOSTIC,    14, -5.351143079347e-01, 1.896207417015e-06, 7.3826e+00, 2.1996e-01, 
 2DIAGNOSTIC,    15, -5.351159179825e-01, 1.807484919680e-06, 7.6164e+00, 2.3382e-01, 
 2DIAGNOSTIC,    16, -5.351168073024e-01, 1.796913494292e-06, 7.8920e+00, 2.7560e-01, 
 2DIAGNOSTIC,    17, -5.351163765542e-01, 1.772831593687e-06, 8.1348e+00, 2.4275e-01, 
 2DIAGNOSTIC,    18, -5.351174771887e-01, 1.791857786031e-06, 8.3660e+00, 2.3126e-01, 
 2DIAGNOSTIC,    19, -5.351182770984e-01, 1.815671134664e-06, 8.6073e+00, 2.4124e-01, 
 2DIAGNOSTIC,    20, -5.351160194779e-01, 1.716937836446e-06, 8.8415e+00, 2.3426e-01, 
 2DIAGNOSTIC,    21, -5.351180907600e-01, 1.659685899595e-06, 9.0760e+00, 2.3445e-01, 
 2DIAGNOSTIC,    22, -5.351236020538e-01, 1.727984226318e-06, 9.3443e+00, 2.6832e-01, 
 2DIAGNOSTIC,    23, -5.351296135157e-01, 1.911537207473e-06, 9.6483e+00, 3.0404e-01, 
 2DIAGNOSTIC,    24, -5.351374886354e-01, 2.160746552189e-06, 9.8962e+00, 2.4784e-01, 
 2DIAGNOSTIC,    25, -5.351470515630e-01, 2.547915352070e-06, 1.0152e+01, 2.5558e-01, 
 2DIAGNOSTIC,    26, -5.351736765138e-01, 3.345549375124e-06, 1.0413e+01, 2.6163e-01, 
 2DIAGNOSTIC,    27, -5.352003214542e-01, 4.386083590747e-06, 1.0670e+01, 2.5623e-01, 
 2DIAGNOSTIC,    28, -5.352699597778e-01, 6.382843230728e-06, 1.0891e+01, 2.2111e-01, 
 2DIAGNOSTIC,    29, -5.356825564559e-01, 1.529379676771e-05, 1.1202e+01, 3.1105e-01, 
 2DIAGNOSTIC,    30, -5.357766588293e-01, 2.370387335659e-05, 1.1510e+01, 3.0862e-01, 
 2DIAGNOSTIC,    31, -5.358338393509e-01, 3.049154511725e-05, 1.1746e+01, 2.3582e-01, 
 2DIAGNOSTIC,    32, -5.360532482948e-01, 3.788556035294e-05, 1.2180e+01, 4.3425e-01, 
 2DIAGNOSTIC,    33, -5.360609225086e-01, 4.144652748318e-05, 1.2441e+01, 2.6084e-01, 
 2DIAGNOSTIC,    34, -5.360572342285e-01, 4.096168356476e-05, 1.2797e+01, 3.5530e-01, 
 2DIAGNOSTIC,    35, -5.360592712138e-01, 3.689443262777e-05, 1.3043e+01, 2.4624e-01, 
 2DIAGNOSTIC,    36, -5.360579687485e-01, 3.007408587096e-05, 1.3408e+01, 3.6557e-01, 
 2DIAGNOSTIC,    37, -5.360585041418e-01, 2.124322978055e-05, 1.3698e+01, 2.8997e-01, 
 2DIAGNOSTIC,    38, -5.360577630644e-01, 1.174961706178e-05, 1.3977e+01, 2.7862e-01, 
 2DIAGNOSTIC,    39, -5.360547263313e-01, 7.300413262940e-06, 1.4257e+01, 2.7979e-01, 
 2DIAGNOSTIC,    40, -5.360549246736e-01, 3.723082269161e-06, 1.4564e+01, 3.0672e-01, 
DIAGNOSTIC,Iteration,metricValue,convergenceValue,ITERATION_TIME_INDEX,SINCE_LAST
 2DIAGNOSTIC,     1, -4.896250293677e-01, 1.797693134862e+308, 1.7343e+01, 2.7790e+00, 
 2DIAGNOSTIC,     2, -4.896374777385e-01, 1.797693134862e+308, 1.9475e+01, 2.1326e+00, 
 2DIAGNOSTIC,     3, -4.896374085969e-01, 1.797693134862e+308, 2.1138e+01, 1.6628e+00, 
 2DIAGNOSTIC,     4, -4.896368084321e-01, 1.797693134862e+308, 2.2740e+01, 1.6019e+00, 
 2DIAGNOSTIC,     5, -4.896349973505e-01, 1.797693134862e+308, 2.4647e+01, 1.9067e+00, 
 2DIAGNOSTIC,     6, -4.896351052095e-01, 1.797693134862e+308, 2.6507e+01, 1.8609e+00, 
 2DIAGNOSTIC,     7, -4.896350865538e-01, 1.797693134862e+308, 2.8146e+01, 1.6387e+00, 
 2DIAGNOSTIC,     8, -4.896351734224e-01, 1.797693134862e+308, 2.9760e+01, 1.6134e+00, 
 2DIAGNOSTIC,     9, -4.896347855633e-01, 1.797693134862e+308, 3.1506e+01, 1.7463e+00, 
 2DIAGNOSTIC,    10, -4.896346099451e-01, 3.463878317664e-06, 3.3553e+01, 2.0475e+00, 
 2DIAGNOSTIC,    11, -4.896345892260e-01, 2.539596900414e-06, 3.5243e+01, 1.6893e+00, 
 2DIAGNOSTIC,    12, -4.896343756635e-01, 2.390673415092e-06, 3.7319e+01, 2.0763e+00, 
 2DIAGNOSTIC,    13, -4.896341887533e-01, 2.276727077213e-06, 3.8975e+01, 1.6556e+00, 
 2DIAGNOSTIC,    14, -4.896342183478e-01, 2.173441242398e-06, 4.0390e+01, 1.4150e+00, 
 2DIAGNOSTIC,    15, -4.896340361877e-01, 2.015651006521e-06, 4.2066e+01, 1.6766e+00, 
 2DIAGNOSTIC,    16, -4.896340732433e-01, 1.892456368141e-06, 4.3465e+01, 1.3983e+00, 
 2DIAGNOSTIC,    17, -4.896340193399e-01, 1.789797108215e-06, 4.4929e+01, 1.4649e+00, 
 2DIAGNOSTIC,    18, -4.896341247748e-01, 1.712634744806e-06, 4.6307e+01, 1.3778e+00, 
 2DIAGNOSTIC,    19, -4.896341850032e-01, 1.638616917557e-06, 4.8010e+01, 1.7029e+00, 
 2DIAGNOSTIC,    20, -4.896341383527e-01, 1.568754397586e-06, 4.9552e+01, 1.5417e+00, 
 2DIAGNOSTIC,    21, -4.896340669612e-01, 1.505256905183e-06, 5.0939e+01, 1.3871e+00, 
 2DIAGNOSTIC,    22, -4.896340270107e-01, 1.441877468707e-06, 5.2626e+01, 1.6875e+00, 
 2DIAGNOSTIC,    23, -4.896340685873e-01, 1.380599080197e-06, 5.3987e+01, 1.3609e+00, 
 2DIAGNOSTIC,    24, -4.896337901746e-01, 1.318655925238e-06, 5.5358e+01, 1.3702e+00, 
 2DIAGNOSTIC,    25, -4.896339097546e-01, 1.261050313089e-06, 5.7046e+01, 1.6889e+00, 
 2DIAGNOSTIC,    26, -4.896339573973e-01, 1.210816751078e-06, 5.8585e+01, 1.5384e+00, 
 2DIAGNOSTIC,    27, -4.896338717742e-01, 1.162350616021e-06, 5.9999e+01, 1.4145e+00, 
 2DIAGNOSTIC,    28, -4.896338071459e-01, 1.119723816528e-06, 6.1460e+01, 1.4603e+00, 
 2DIAGNOSTIC,    29, -4.896336614457e-01, 1.079979935516e-06, 6.2837e+01, 1.3771e+00, 
 2DIAGNOSTIC,    30, -4.896335750278e-01, 1.041969979090e-06, 6.4254e+01, 1.4171e+00, 
 2DIAGNOSTIC,    31, -4.896337056758e-01, 1.009181698035e-06, 6.6284e+01, 2.0304e+00, 
  Elapsed time (stage 0): 6.7183e+01


Total elapsed time: 6.7186e+01
Info [verificarlo]: loaded backend libinterflop_ieee.so
Info [interflop-ieee]: load backend with:
Info [interflop-ieee]: debug = false
Info [interflop-ieee]: debug-binary = false
Info [interflop-ieee]: no-backend-name = false
Info [interflop-ieee]: print-new-line = false
Info [interflop-ieee]: print-subnormal-normalized = false
Info [interflop-ieee]: count-op = false
All_Command_lines_OK
Using double precision for computations.
=============================================================================
The composite transform comprises the following transforms (in order): 
  1. /home/mdugre/scratch/mri-registration-rp/datasets/ds004513/derivatives/mri-registration-rp/0001/antsRegistration-r7-p10/sub-s025/rigid_Composite.h5[0] (type = Euler3DTransform)
  2. /home/mdugre/scratch/mri-registration-rp/datasets/ds004513/derivatives/mri-registration-rp/0001/antsRegistration-r7-p10/sub-s025/rigid_Composite.h5[1] (type = Euler3DTransform)
  3. /home/mdugre/scratch/mri-registration-rp/datasets/ds004513/derivatives/mri-registration-rp/0001/antsRegistration-r7-p10/sub-s025/rigid_Composite.h5[2] (type = Euler3DTransform)
=============================================================================
  number of levels = 4
  fixed image: /templateflow/tpl-MNI152NLin2009cAsym/tpl-MNI152NLin2009cAsym_res-01_desc-brain_T1w.nii.gz
  moving image: /home/mdugre/scratch/mri-registration-rp/datasets/ds004513/derivatives/mri-registration-rp/antsBrainExtraction/sub-s025/BrainExtractionBrain.nii.gz
Dimension = 3
Number of stages = 1
Use histogram matching = false
Winsorize image intensities = true
  Lower quantile = 0.005
  Upper quantile = 0.995


Stage 1 State
   Image metric = MattesMI
     Fixed image = Image (0x34877e0)
  RTTI typeinfo:   itk::Image<double, 3u>
  Reference Count: 2
  Modified Time: 1594
  Debug: Off
  Object Name: 
  Observers: 
    none
  Source: (none)
  Source output name: (none)
  Release Data: Off
  Data Released: False
  Global Release Data: Off
  PipelineMTime: 0
  UpdateMTime: 1203
  RealTimeStamp: 0 seconds 
  LargestPossibleRegion: 
    Dimension: 3
    Index: [0, 0, 0]
    Size: [193, 229, 193]
  BufferedRegion: 
    Dimension: 3
    Index: [0, 0, 0]
    Size: [193, 229, 193]
  RequestedRegion: 
    Dimension: 3
    Index: [0, 0, 0]
    Size: [193, 229, 193]
  Spacing: [1, 1, 1]
  Origin: [96, 132, -78]
  Direction: 
-1 0 0
0 -1 0
0 0 1

  IndexToPointMatrix: 
-1 0 0
0 -1 0
0 0 1

  PointToIndexMatrix: 
-1 0 0
0 -1 0
0 0 1

  Inverse Direction: 
-1 0 0
0 -1 0
0 0 1

  PixelContainer: 
    ImportImageContainer (0x3547a20)
      RTTI typeinfo:   itk::ImportImageContainer<unsigned long, double>
      Reference Count: 1
      Modified Time: 1200
      Debug: Off
      Object Name: 
      Observers: 
        none
      Pointer: 0x14e2225b2010
      Container manages memory: true
      Size: 8530021
      Capacity: 8530021

     Moving image = Image (0x3542d70)
  RTTI typeinfo:   itk::Image<double, 3u>
  Reference Count: 2
  Modified Time: 1595
  Debug: Off
  Object Name: 
  Observers: 
    none
  Source: (none)
  Source output name: (none)
  Release Data: Off
  Data Released: False
  Global Release Data: Off
  PipelineMTime: 0
  UpdateMTime: 1592
  RealTimeStamp: 0 seconds 
  LargestPossibleRegion: 
    Dimension: 3
    Index: [0, 0, 0]
    Size: [176, 240, 256]
  BufferedRegion: 
    Dimension: 3
    Index: [0, 0, 0]
    Size: [176, 240, 256]
  RequestedRegion: 
    Dimension: 3
    Index: [0, 0, 0]
    Size: [176, 240, 256]
  Spacing: [0.999999, 1, 1]
  Origin: [90.3778, 84.5091, -154.071]
  Direction: 
-0.999391 7.48184e-06 -0.0348969
-7.47664e-06 -1 -2.7953e-07
-0.0348969 -1.84481e-08 0.999391

  IndexToPointMatrix: 
-0.99939 7.48184e-06 -0.0348969
-7.47663e-06 -1 -2.7953e-07
-0.0348968 -1.84481e-08 0.999391

  PointToIndexMatrix: 
-0.999392 -7.47665e-06 -0.0348969
7.48184e-06 -1 -1.84481e-08
-0.0348969 -2.7953e-07 0.999391

  Inverse Direction: 
-0.999391 -7.47664e-06 -0.0348969
7.48184e-06 -1 -1.84481e-08
-0.0348969 -2.7953e-07 0.999391

  PixelContainer: 
    ImportImageContainer (0x34fac90)
      RTTI typeinfo:   itk::ImportImageContainer<unsigned long, double>
      Reference Count: 1
      Modified Time: 1589
      Debug: Off
      Object Name: 
      Observers: 
        none
      Pointer: 0x14e21d331010
      Container manages memory: true
      Size: 10813440
      Capacity: 10813440

     Weighting = 1
     Sampling strategy = regular
     Number of bins = 32
     Radius = 4
     Sampling percentage  = 0.25
   Transform = Affine
     Gradient step = 0.1
     Update field sigma (voxel space) = 0
     Total field sigma (voxel space) = 0
     Update field time sigma = 0
     Total field time sigma  = 0
     Number of time indices = 0
     Number of time point samples = 0
Registration using 1 total stages.

Stage 0
  iterations = 1000x500x250x100
  convergence threshold = 1e-06
  convergence window size = 10
  number of levels = 4
  using the Mattes MI metric (number of bins = 32, weight = 1, use gradient filter = 0)
  preprocessing:  winsorizing the image intensities
  Shrink factors (level 1 out of 4): [8, 8, 8]
  Shrink factors (level 2 out of 4): [4, 4, 4]
  Shrink factors (level 3 out of 4): [2, 2, 2]
  Shrink factors (level 4 out of 4): [1, 1, 1]
  smoothing sigmas per level: [3, 2, 1, 0]
  regular sampling (percentage = 0.25)

*** Running AffineTransform registration ***

DIAGNOSTIC,Iteration,metricValue,convergenceValue,ITERATION_TIME_INDEX,SINCE_LAST
 2DIAGNOSTIC,     1, -7.484407289919e-01, 1.797693134862e+308, 9.0258e-01, 9.0258e-01, 
 2DIAGNOSTIC,     2, -7.507502745262e-01, 1.797693134862e+308, 9.0873e-01, 6.1491e-03, 
 2DIAGNOSTIC,     3, -7.543420360083e-01, 1.797693134862e+308, 9.1406e-01, 5.3341e-03, 
 2DIAGNOSTIC,     4, -7.613189987376e-01, 1.797693134862e+308, 9.1917e-01, 5.1100e-03, 
 2DIAGNOSTIC,     5, -7.758850832379e-01, 1.797693134862e+308, 9.2433e-01, 5.1570e-03, 
 2DIAGNOSTIC,     6, -7.911375866326e-01, 1.797693134862e+308, 9.2956e-01, 5.2359e-03, 
 2DIAGNOSTIC,     7, -8.352422867907e-01, 1.797693134862e+308, 9.3539e-01, 5.8300e-03, 
 2DIAGNOSTIC,     8, -8.729993233659e-01, 1.797693134862e+308, 9.4601e-01, 1.0618e-02, 
 2DIAGNOSTIC,     9, -8.771547845304e-01, 1.797693134862e+308, 9.5180e-01, 5.7938e-03, 
 2DIAGNOSTIC,    10, -8.938747538322e-01, 1.326695065199e-02, 9.5800e-01, 6.1929e-03, 
 2DIAGNOSTIC,    11, -9.135919712425e-01, 1.326193410583e-02, 9.6398e-01, 5.9810e-03, 
 2DIAGNOSTIC,    12, -9.188509540248e-01, 1.226246362363e-02, 9.7064e-01, 6.6650e-03, 
 2DIAGNOSTIC,    13, -9.262736749429e-01, 1.061166936362e-02, 9.7743e-01, 6.7849e-03, 
 2DIAGNOSTIC,    14, -9.306805084094e-01, 8.546840803204e-03, 9.8434e-01, 6.9101e-03, 
 2DIAGNOSTIC,    15, -9.322617772953e-01, 6.380439417037e-03, 9.9013e-01, 5.7909e-03, 
 2DIAGNOSTIC,    16, -9.339507957614e-01, 4.261214138232e-03, 9.9685e-01, 6.7158e-03, 
 2DIAGNOSTIC,    17, -9.372980581522e-01, 2.932611663790e-03, 1.0042e+00, 7.3850e-03, 
 2DIAGNOSTIC,    18, -9.377019976106e-01, 2.199069330095e-03, 1.0100e+00, 5.8081e-03, 
 2DIAGNOSTIC,    19, -9.379606060492e-01, 1.419350941263e-03, 1.0177e+00, 7.6320e-03, 
 2DIAGNOSTIC,    20, -9.383049017852e-01, 8.657158625056e-04, 1.0247e+00, 7.0221e-03, 
 2DIAGNOSTIC,    21, -9.382545066871e-01, 5.934197920485e-04, 1.0316e+00, 6.9571e-03, 
 2DIAGNOSTIC,    22, -9.382260166801e-01, 3.670740902425e-04, 1.0380e+00, 6.3949e-03, 
 2DIAGNOSTIC,    23, -9.380426981412e-01, 2.282989599079e-04, 1.0438e+00, 5.7862e-03, 
 2DIAGNOSTIC,    24, -9.381043134586e-01, 1.411360348706e-04, 1.0498e+00, 6.0031e-03, 
 2DIAGNOSTIC,    25, -9.380783593020e-01, 6.817886258305e-05, 1.0553e+00, 5.4440e-03, 
 2DIAGNOSTIC,    26, -9.381375053213e-01, 1.541189626122e-05, 1.0607e+00, 5.3971e-03, 
 2DIAGNOSTIC,    27, -9.384836979030e-01, 9.282057410007e-06, 1.0672e+00, 6.5649e-03, 
 2DIAGNOSTIC,    28, -9.386740957605e-01, 9.526633262175e-06, 1.0732e+00, 5.9769e-03, 
 2DIAGNOSTIC,    29, -9.386021607820e-01, 1.089727846780e-05, 1.0795e+00, 6.3140e-03, 
 2DIAGNOSTIC,    30, -9.385096528592e-01, 1.401344287263e-05, 1.0848e+00, 5.2712e-03, 
 2DIAGNOSTIC,    31, -9.384550870591e-01, 1.464578428202e-05, 1.0903e+00, 5.4851e-03, 
 2DIAGNOSTIC,    32, -9.386022107208e-01, 1.511154240962e-05, 1.0958e+00, 5.5010e-03, 
 2DIAGNOSTIC,    33, -9.384925631259e-01, 1.128648967291e-05, 1.1021e+00, 6.3591e-03, 
 2DIAGNOSTIC,    34, -9.383288008610e-01, 5.882412935101e-06, 1.1085e+00, 6.3610e-03, 
DIAGNOSTIC,Iteration,metricValue,convergenceValue,ITERATION_TIME_INDEX,SINCE_LAST
 2DIAGNOSTIC,     1, -7.506501383610e-01, 1.797693134862e+308, 1.8814e+00, 7.7290e-01, 
 2DIAGNOSTIC,     2, -7.511236217539e-01, 1.797693134862e+308, 1.9157e+00, 3.4300e-02, 
 2DIAGNOSTIC,     3, -7.515449825816e-01, 1.797693134862e+308, 1.9498e+00, 3.4082e-02, 
 2DIAGNOSTIC,     4, -7.521159244587e-01, 1.797693134862e+308, 1.9841e+00, 3.4284e-02, 
 2DIAGNOSTIC,     5, -7.533321867723e-01, 1.797693134862e+308, 2.0272e+00, 4.3167e-02, 
 2DIAGNOSTIC,     6, -7.541945487448e-01, 1.797693134862e+308, 2.0849e+00, 5.7636e-02, 
 2DIAGNOSTIC,     7, -7.542413494119e-01, 1.797693134862e+308, 2.1211e+00, 3.6206e-02, 
 2DIAGNOSTIC,     8, -7.542551539662e-01, 1.797693134862e+308, 2.1558e+00, 3.4682e-02, 
 2DIAGNOSTIC,     9, -7.543115521098e-01, 1.797693134862e+308, 2.1895e+00, 3.3701e-02, 
 2DIAGNOSTIC,    10, -7.543761570931e-01, 3.635740245881e-04, 2.2268e+00, 3.7303e-02, 
 2DIAGNOSTIC,    11, -7.544178285800e-01, 2.686890275178e-04, 2.2626e+00, 3.5861e-02, 
 2DIAGNOSTIC,    12, -7.544145844999e-01, 1.809475273682e-04, 2.3013e+00, 3.8715e-02, 
 2DIAGNOSTIC,    13, -7.544442908339e-01, 1.041060056357e-04, 2.3420e+00, 4.0645e-02, 
 2DIAGNOSTIC,    14, -7.544574994076e-01, 4.408590940454e-05, 2.3809e+00, 3.8870e-02, 
 2DIAGNOSTIC,    15, -7.544626522408e-01, 1.833535734502e-05, 2.4196e+00, 3.8764e-02, 
 2DIAGNOSTIC,    16, -7.544195683223e-01, 1.361725189944e-05, 2.4654e+00, 4.5726e-02, 
 2DIAGNOSTIC,    17, -7.544238992100e-01, 9.577261229715e-06, 2.4991e+00, 3.3766e-02, 
 2DIAGNOSTIC,    18, -7.544147137071e-01, 5.345429336556e-06, 2.5329e+00, 3.3740e-02, 
 2DIAGNOSTIC,    19, -7.543792383969e-01, 1.600817200201e-06, 2.5667e+00, 3.3870e-02, 
DIAGNOSTIC,Iteration,metricValue,convergenceValue,ITERATION_TIME_INDEX,SINCE_LAST
 2DIAGNOSTIC,     1, -6.417254596707e-01, 1.797693134862e+308, 3.7438e+00, 1.1771e+00, 
 2DIAGNOSTIC,     2, -6.421329590466e-01, 1.797693134862e+308, 4.0475e+00, 3.0371e-01, 
 2DIAGNOSTIC,     3, -6.425782571991e-01, 1.797693134862e+308, 4.3364e+00, 2.8895e-01, 
 2DIAGNOSTIC,     4, -6.430894965431e-01, 1.797693134862e+308, 4.6326e+00, 2.9619e-01, 
 2DIAGNOSTIC,     5, -6.439075705623e-01, 1.797693134862e+308, 4.8976e+00, 2.6498e-01, 
 2DIAGNOSTIC,     6, -6.450119787950e-01, 1.797693134862e+308, 5.3065e+00, 4.0890e-01, 
 2DIAGNOSTIC,     7, -6.450080976065e-01, 1.797693134862e+308, 5.6103e+00, 3.0376e-01, 
 2DIAGNOSTIC,     8, -6.450114828560e-01, 1.797693134862e+308, 5.8995e+00, 2.8927e-01, 
 2DIAGNOSTIC,     9, -6.449993727836e-01, 1.797693134862e+308, 6.2358e+00, 3.3623e-01, 
 2DIAGNOSTIC,    10, -6.449794527280e-01, 3.803681340833e-04, 6.7330e+00, 4.9720e-01, 
 2DIAGNOSTIC,    11, -6.449676103831e-01, 2.752515790463e-04, 7.1117e+00, 3.7876e-01, 
 2DIAGNOSTIC,    12, -6.449687480715e-01, 1.783835803591e-04, 7.5095e+00, 3.9775e-01, 
 2DIAGNOSTIC,    13, -6.449666054145e-01, 9.604685815140e-05, 7.8260e+00, 3.1656e-01, 
 2DIAGNOSTIC,    14, -6.449656993337e-01, 3.275274832827e-05, 8.1409e+00, 3.1482e-01, 
DIAGNOSTIC,Iteration,metricValue,convergenceValue,ITERATION_TIME_INDEX,SINCE_LAST
 2DIAGNOSTIC,     1, -5.763744808074e-01, 1.797693134862e+308, 1.1038e+01, 2.8973e+00, 
 2DIAGNOSTIC,     2, -5.768100736674e-01, 1.797693134862e+308, 1.2690e+01, 1.6522e+00, 
 2DIAGNOSTIC,     3, -5.773079596105e-01, 1.797693134862e+308, 1.4343e+01, 1.6526e+00, 
 2DIAGNOSTIC,     4, -5.778574496356e-01, 1.797693134862e+308, 1.6030e+01, 1.6873e+00, 
 2DIAGNOSTIC,     5, -5.789055374321e-01, 1.797693134862e+308, 1.7893e+01, 1.8625e+00, 
 2DIAGNOSTIC,     6, -5.799087801429e-01, 1.797693134862e+308, 2.0499e+01, 2.6061e+00, 
 2DIAGNOSTIC,     7, -5.799168435336e-01, 1.797693134862e+308, 2.3971e+01, 3.4722e+00, 
 2DIAGNOSTIC,     8, -5.799167206033e-01, 1.797693134862e+308, 2.6488e+01, 2.5166e+00, 
 2DIAGNOSTIC,     9, -5.799165609691e-01, 1.797693134862e+308, 2.8453e+01, 1.9653e+00, 
 2DIAGNOSTIC,    10, -5.799165522818e-01, 4.557488121879e-04, 3.0347e+01, 1.8940e+00, 
 2DIAGNOSTIC,    11, -5.799165706635e-01, 3.289669437774e-04, 3.2718e+01, 2.3705e+00, 
 2DIAGNOSTIC,    12, -5.799164549531e-01, 2.121639673820e-04, 3.4696e+01, 1.9788e+00, 
 2DIAGNOSTIC,    13, -5.799160523966e-01, 1.137305428800e-04, 3.6535e+01, 1.8392e+00, 
 2DIAGNOSTIC,    14, -5.799161122785e-01, 3.791658614945e-05, 3.8416e+01, 1.8801e+00, 
 2DIAGNOSTIC,    15, -5.799158490592e-01, 2.317187246775e-06, 4.0080e+01, 1.6641e+00, 
 2DIAGNOSTIC,    16, -5.799157635232e-01, 1.916883917152e-06, 4.1734e+01, 1.6544e+00, 
 2DIAGNOSTIC,    17, -5.799157231415e-01, 1.802265767757e-06, 4.3662e+01, 1.9280e+00, 
 2DIAGNOSTIC,    18, -5.799157299349e-01, 1.704021079740e-06, 4.5482e+01, 1.8200e+00, 
 2DIAGNOSTIC,    19, -5.799156531120e-01, 1.616021515313e-06, 4.7481e+01, 1.9990e+00, 
 2DIAGNOSTIC,    20, -5.799157429286e-01, 1.544344786018e-06, 4.9509e+01, 2.0284e+00, 
