
##########################
# Experiment information #
##########################

EXPERIMENT_NAME: antsRegistration-r7-p14
VFC_BACKENDS: libinterflop_vprec.so --range-binary32=7 --precision-binary32=14 --range-binary64=7 --precision-binary64=14

SIF_IMG: /home/mdugre/projects/rrg-glatard/mdugre/containers/ants-vprec-no_metrics.simg

SUBJECT_ID: s017
INPUT_IMG: /home/mdugre/scratch/mri-registration-rp/datasets/ds004513/derivatives/mri-registration-rp/antsBrainExtraction/sub-s017/BrainExtractionBrain.nii.gz
OUTPUT_DIR: /home/mdugre/scratch/mri-registration-rp/datasets/ds004513/derivatives/mri-registration-rp/0001/antsRegistration-r7-p14/sub-s017

FIXED_IMG: /templateflow/tpl-MNI152NLin2009cAsym/tpl-MNI152NLin2009cAsym_res-01_desc-brain_T1w.nii.gz
DATA_DIR: /home/mdugre/scratch/mri-registration-rp/datasets/ds004513
TEMPLATEFLOW_DIR: /home/mdugre/projects/rrg-glatard/mdugre/templateflow
ITK_GLOBAL_DEFAULT_NUMBER_OF_THREADS: 16
##########################

Info [verificarlo]: loaded backend libinterflop_ieee.so
Info [interflop-ieee]: load backend with:
Info [interflop-ieee]: debug = false
Info [interflop-ieee]: debug-binary = false
Info [interflop-ieee]: no-backend-name = false
Info [interflop-ieee]: print-new-line = false
Info [interflop-ieee]: print-subnormal-normalized = false
Info [interflop-ieee]: count-op = false
All_Command_lines_OK
Using double precision for computations.
=============================================================================
The composite transform comprises the following transforms (in order): 
  1. Center of mass alignment using fixed image: /templateflow/tpl-MNI152NLin2009cAsym/tpl-MNI152NLin2009cAsym_res-01_desc-brain_T1w.nii.gz and moving image: /home/mdugre/scratch/mri-registration-rp/datasets/ds004513/derivatives/mri-registration-rp/antsBrainExtraction/sub-s017/BrainExtractionBrain.nii.gz (type = Euler3DTransform)
=============================================================================
  number of levels = 1
  fixed image: /templateflow/tpl-MNI152NLin2009cAsym/tpl-MNI152NLin2009cAsym_res-01_desc-brain_T1w.nii.gz
  moving image: /home/mdugre/scratch/mri-registration-rp/datasets/ds004513/derivatives/mri-registration-rp/antsBrainExtraction/sub-s017/BrainExtractionBrain.nii.gz
Dimension = 3
Number of stages = 1
Use histogram matching = false
Winsorize image intensities = true
  Lower quantile = 0.005
  Upper quantile = 0.995


Stage 1 State
   Image metric = MattesMI
     Fixed image = Image (0x38d6e70)
  RTTI typeinfo:   itk::Image<double, 3u>
  Reference Count: 2
  Modified Time: 2334
  Debug: Off
  Object Name: 
  Observers: 
    none
  Source: (none)
  Source output name: (none)
  Release Data: Off
  Data Released: False
  Global Release Data: Off
  PipelineMTime: 0
  UpdateMTime: 1943
  RealTimeStamp: 0 seconds 
  LargestPossibleRegion: 
    Dimension: 3
    Index: [0, 0, 0]
    Size: [193, 229, 193]
  BufferedRegion: 
    Dimension: 3
    Index: [0, 0, 0]
    Size: [193, 229, 193]
  RequestedRegion: 
    Dimension: 3
    Index: [0, 0, 0]
    Size: [193, 229, 193]
  Spacing: [1, 1, 1]
  Origin: [96, 132, -78]
  Direction: 
-1 0 0
0 -1 0
0 0 1

  IndexToPointMatrix: 
-1 0 0
0 -1 0
0 0 1

  PointToIndexMatrix: 
-1 0 0
0 -1 0
0 0 1

  Inverse Direction: 
-1 0 0
0 -1 0
0 0 1

  PixelContainer: 
    ImportImageContainer (0x38dfc60)
      RTTI typeinfo:   itk::ImportImageContainer<unsigned long, double>
      Reference Count: 1
      Modified Time: 1940
      Debug: Off
      Object Name: 
      Observers: 
        none
      Pointer: 0x14af58245010
      Container manages memory: true
      Size: 8530021
      Capacity: 8530021

     Moving image = Image (0x38e2610)
  RTTI typeinfo:   itk::Image<double, 3u>
  Reference Count: 2
  Modified Time: 2335
  Debug: Off
  Object Name: 
  Observers: 
    none
  Source: (none)
  Source output name: (none)
  Release Data: Off
  Data Released: False
  Global Release Data: Off
  PipelineMTime: 0
  UpdateMTime: 2332
  RealTimeStamp: 0 seconds 
  LargestPossibleRegion: 
    Dimension: 3
    Index: [0, 0, 0]
    Size: [160, 240, 256]
  BufferedRegion: 
    Dimension: 3
    Index: [0, 0, 0]
    Size: [160, 240, 256]
  RequestedRegion: 
    Dimension: 3
    Index: [0, 0, 0]
    Size: [160, 240, 256]
  Spacing: [1, 1, 1]
  Origin: [91.3357, 102.231, -120.042]
  Direction: 
-0.997442 -5.36781e-05 -0.0714818
5.35416e-05 -1 3.82465e-06
-0.0714818 -1.23894e-08 0.997442

  IndexToPointMatrix: 
-0.997444 -5.36781e-05 -0.0714818
5.35418e-05 -1 3.82465e-06
-0.0714819 -1.23894e-08 0.997442

  PointToIndexMatrix: 
-0.99744 5.35415e-05 -0.0714816
-5.36781e-05 -1 -1.23894e-08
-0.0714818 3.82465e-06 0.997442

  Inverse Direction: 
-0.997442 5.35416e-05 -0.0714818
-5.36781e-05 -1 -1.23894e-08
-0.0714818 3.82465e-06 0.997442

  PixelContainer: 
    ImportImageContainer (0x397bef0)
      RTTI typeinfo:   itk::ImportImageContainer<unsigned long, double>
      Reference Count: 1
      Modified Time: 2329
      Debug: Off
      Object Name: 
      Observers: 
        none
      Pointer: 0x14af53744010
      Container manages memory: true
      Size: 9830400
      Capacity: 9830400

     Weighting = 1
     Sampling strategy = regular
     Number of bins = 32
     Radius = 4
     Sampling percentage  = 0.25
   Transform = Rigid
     Gradient step = 0.1
     Update field sigma (voxel space) = 0
     Total field sigma (voxel space) = 0
     Update field time sigma = 0
     Total field time sigma  = 0
     Number of time indices = 0
     Number of time point samples = 0
Registration using 1 total stages.

Stage 0
  iterations = 0
  convergence threshold = 1e-06
  convergence window size = 10
  number of levels = 1
  using the Mattes MI metric (number of bins = 32, weight = 1, use gradient filter = 0)
  preprocessing:  winsorizing the image intensities
  Shrink factors (level 1 out of 1): [1, 1, 1]
  smoothing sigmas per level: [0]
  regular sampling (percentage = 0.25)

*** Running Euler3DTransform registration ***

  Elapsed time (stage 0): 1.10702


Total elapsed time: 1.11032
Info [verificarlo]: loaded backend libinterflop_ieee.so
Info [interflop-ieee]: load backend with:
Info [interflop-ieee]: debug = false
Info [interflop-ieee]: debug-binary = false
Info [interflop-ieee]: no-backend-name = false
Info [interflop-ieee]: print-new-line = false
Info [interflop-ieee]: print-subnormal-normalized = false
Info [interflop-ieee]: count-op = false
All_Command_lines_OK
Using double precision for computations.
=============================================================================
The composite transform comprises the following transforms (in order): 
  1. /home/mdugre/scratch/mri-registration-rp/datasets/ds004513/derivatives/mri-registration-rp/0001/antsRegistration-r7-p14/sub-s017/align_Composite.h5[0] (type = Euler3DTransform)
  2. /home/mdugre/scratch/mri-registration-rp/datasets/ds004513/derivatives/mri-registration-rp/0001/antsRegistration-r7-p14/sub-s017/align_Composite.h5[1] (type = Euler3DTransform)
=============================================================================
  number of levels = 4
  fixed image: /templateflow/tpl-MNI152NLin2009cAsym/tpl-MNI152NLin2009cAsym_res-01_desc-brain_T1w.nii.gz
  moving image: /home/mdugre/scratch/mri-registration-rp/datasets/ds004513/derivatives/mri-registration-rp/antsBrainExtraction/sub-s017/BrainExtractionBrain.nii.gz
Dimension = 3
Number of stages = 1
Use histogram matching = false
Winsorize image intensities = true
  Lower quantile = 0.005
  Upper quantile = 0.995


Stage 1 State
   Image metric = MattesMI
     Fixed image = Image (0x43a9530)
  RTTI typeinfo:   itk::Image<double, 3u>
  Reference Count: 2
  Modified Time: 1580
  Debug: Off
  Object Name: 
  Observers: 
    none
  Source: (none)
  Source output name: (none)
  Release Data: Off
  Data Released: False
  Global Release Data: Off
  PipelineMTime: 0
  UpdateMTime: 1189
  RealTimeStamp: 0 seconds 
  LargestPossibleRegion: 
    Dimension: 3
    Index: [0, 0, 0]
    Size: [193, 229, 193]
  BufferedRegion: 
    Dimension: 3
    Index: [0, 0, 0]
    Size: [193, 229, 193]
  RequestedRegion: 
    Dimension: 3
    Index: [0, 0, 0]
    Size: [193, 229, 193]
  Spacing: [1, 1, 1]
  Origin: [96, 132, -78]
  Direction: 
-1 0 0
0 -1 0
0 0 1

  IndexToPointMatrix: 
-1 0 0
0 -1 0
0 0 1

  PointToIndexMatrix: 
-1 0 0
0 -1 0
0 0 1

  Inverse Direction: 
-1 0 0
0 -1 0
0 0 1

  PixelContainer: 
    ImportImageContainer (0x4467d60)
      RTTI typeinfo:   itk::ImportImageContainer<unsigned long, double>
      Reference Count: 1
      Modified Time: 1186
      Debug: Off
      Object Name: 
      Observers: 
        none
      Pointer: 0x14ca7f0fd010
      Container manages memory: true
      Size: 8530021
      Capacity: 8530021

     Moving image = Image (0x4459f60)
  RTTI typeinfo:   itk::Image<double, 3u>
  Reference Count: 2
  Modified Time: 1581
  Debug: Off
  Object Name: 
  Observers: 
    none
  Source: (none)
  Source output name: (none)
  Release Data: Off
  Data Released: False
  Global Release Data: Off
  PipelineMTime: 0
  UpdateMTime: 1578
  RealTimeStamp: 0 seconds 
  LargestPossibleRegion: 
    Dimension: 3
    Index: [0, 0, 0]
    Size: [160, 240, 256]
  BufferedRegion: 
    Dimension: 3
    Index: [0, 0, 0]
    Size: [160, 240, 256]
  RequestedRegion: 
    Dimension: 3
    Index: [0, 0, 0]
    Size: [160, 240, 256]
  Spacing: [1, 1, 1]
  Origin: [91.3357, 102.231, -120.042]
  Direction: 
-0.997442 -5.36781e-05 -0.0714818
5.35416e-05 -1 3.82465e-06
-0.0714818 -1.23894e-08 0.997442

  IndexToPointMatrix: 
-0.997444 -5.36781e-05 -0.0714818
5.35418e-05 -1 3.82465e-06
-0.0714819 -1.23894e-08 0.997442

  PointToIndexMatrix: 
-0.99744 5.35415e-05 -0.0714816
-5.36781e-05 -1 -1.23894e-08
-0.0714818 3.82465e-06 0.997442

  Inverse Direction: 
-0.997442 5.35416e-05 -0.0714818
-5.36781e-05 -1 -1.23894e-08
-0.0714818 3.82465e-06 0.997442

  PixelContainer: 
    ImportImageContainer (0x444b6d0)
      RTTI typeinfo:   itk::ImportImageContainer<unsigned long, double>
      Reference Count: 1
      Modified Time: 1575
      Debug: Off
      Object Name: 
      Observers: 
        none
      Pointer: 0x14ca7a5fc010
      Container manages memory: true
      Size: 9830400
      Capacity: 9830400

     Weighting = 1
     Sampling strategy = regular
     Number of bins = 32
     Radius = 4
     Sampling percentage  = 0.25
   Transform = Rigid
     Gradient step = 0.1
     Update field sigma (voxel space) = 0
     Total field sigma (voxel space) = 0
     Update field time sigma = 0
     Total field time sigma  = 0
     Number of time indices = 0
     Number of time point samples = 0
Registration using 1 total stages.

Stage 0
  iterations = 1000x500x250x100
  convergence threshold = 1e-06
  convergence window size = 10
  number of levels = 4
  using the Mattes MI metric (number of bins = 32, weight = 1, use gradient filter = 0)
  preprocessing:  winsorizing the image intensities
  Shrink factors (level 1 out of 4): [8, 8, 8]
  Shrink factors (level 2 out of 4): [4, 4, 4]
  Shrink factors (level 3 out of 4): [2, 2, 2]
  Shrink factors (level 4 out of 4): [1, 1, 1]
  smoothing sigmas per level: [3, 2, 1, 0]
  regular sampling (percentage = 0.25)

*** Running Euler3DTransform registration ***

DIAGNOSTIC,Iteration,metricValue,convergenceValue,ITERATION_TIME_INDEX,SINCE_LAST
 2DIAGNOSTIC,     1, -5.567767283252e-01, 1.797693134862e+308, 6.9919e-01, 6.9919e-01, 
 2DIAGNOSTIC,     2, -5.584239703569e-01, 1.797693134862e+308, 7.0407e-01, 4.8780e-03, 
 2DIAGNOSTIC,     3, -5.612715515272e-01, 1.797693134862e+308, 7.0828e-01, 4.2150e-03, 
 2DIAGNOSTIC,     4, -5.637780194106e-01, 1.797693134862e+308, 7.1242e-01, 4.1370e-03, 
 2DIAGNOSTIC,     5, -5.658229214212e-01, 1.797693134862e+308, 7.1660e-01, 4.1850e-03, 
 2DIAGNOSTIC,     6, -5.696445468689e-01, 1.797693134862e+308, 7.2110e-01, 4.4980e-03, 
 2DIAGNOSTIC,     7, -5.734118275242e-01, 1.797693134862e+308, 7.2532e-01, 4.2160e-03, 
 2DIAGNOSTIC,     8, -5.754533484979e-01, 1.797693134862e+308, 7.3109e-01, 5.7769e-03, 
 2DIAGNOSTIC,     9, -5.763021950250e-01, 1.797693134862e+308, 7.3516e-01, 4.0619e-03, 
 2DIAGNOSTIC,    10, -5.771142770255e-01, 2.558085388189e-03, 7.4063e-01, 5.4729e-03, 
 2DIAGNOSTIC,    11, -5.785125587612e-01, 2.176117873031e-03, 7.4484e-01, 4.2100e-03, 
 2DIAGNOSTIC,    12, -5.799413348090e-01, 1.786767970983e-03, 7.4963e-01, 4.7879e-03, 
 2DIAGNOSTIC,    13, -5.809477908980e-01, 1.443124036835e-03, 7.5444e-01, 4.8130e-03, 
 2DIAGNOSTIC,    14, -5.814655964876e-01, 1.127354078216e-03, 7.5869e-01, 4.2529e-03, 
 2DIAGNOSTIC,    15, -5.819093877219e-01, 8.331089413526e-04, 7.6348e-01, 4.7898e-03, 
 2DIAGNOSTIC,    16, -5.822326442998e-01, 6.258215683232e-04, 7.6821e-01, 4.7300e-03, 
 2DIAGNOSTIC,    17, -5.825793599843e-01, 5.040365830237e-04, 7.7252e-01, 4.3061e-03, 
 2DIAGNOSTIC,    18, -5.863713925916e-01, 5.095725576646e-04, 7.7693e-01, 4.4160e-03, 
 2DIAGNOSTIC,    19, -5.901617810168e-01, 5.855607354915e-04, 7.8471e-01, 7.7751e-03, 
 2DIAGNOSTIC,    20, -5.906016223816e-01, 6.286272500323e-04, 7.9027e-01, 5.5602e-03, 
 2DIAGNOSTIC,    21, -5.907365705867e-01, 6.467002963855e-04, 7.9523e-01, 4.9620e-03, 
 2DIAGNOSTIC,    22, -5.906256574995e-01, 6.330265936401e-04, 8.0013e-01, 4.8962e-03, 
 2DIAGNOSTIC,    23, -5.906307681711e-01, 5.816453055199e-04, 8.0472e-01, 4.5900e-03, 
 2DIAGNOSTIC,    24, -5.905636622010e-01, 4.878472529241e-04, 8.0914e-01, 4.4179e-03, 
 2DIAGNOSTIC,    25, -5.906024985370e-01, 3.662279783974e-04, 8.1407e-01, 4.9362e-03, 
 2DIAGNOSTIC,    26, -5.906025304325e-01, 2.276984665082e-04, 8.1841e-01, 4.3399e-03, 
 2DIAGNOSTIC,    27, -5.906211320574e-01, 8.394584288799e-05, 8.2277e-01, 4.3550e-03, 
 2DIAGNOSTIC,    28, -5.908796758314e-01, 1.198925031172e-05, 8.2716e-01, 4.3910e-03, 
 2DIAGNOSTIC,    29, -5.911411552396e-01, 1.217108543235e-05, 8.3207e-01, 4.9140e-03, 
 2DIAGNOSTIC,    30, -5.915241330962e-01, 2.456301684459e-05, 8.3870e-01, 6.6290e-03, 
 2DIAGNOSTIC,    31, -5.916229825992e-01, 3.758205306122e-05, 8.4313e-01, 4.4260e-03, 
 2DIAGNOSTIC,    32, -5.916651208816e-01, 4.532975448971e-05, 8.4766e-01, 4.5369e-03, 
 2DIAGNOSTIC,    33, -5.916874987632e-01, 4.885284294419e-05, 8.5197e-01, 4.3070e-03, 
 2DIAGNOSTIC,    34, -5.917053822200e-01, 4.682712858559e-05, 8.5677e-01, 4.8020e-03, 
 2DIAGNOSTIC,    35, -5.917390904868e-01, 4.153275817185e-05, 8.6846e-01, 1.1684e-02, 
 2DIAGNOSTIC,    36, -5.917390912695e-01, 3.272086429290e-05, 8.7278e-01, 4.3259e-03, 
 2DIAGNOSTIC,    37, -5.917391070342e-01, 2.163060314763e-05, 8.7706e-01, 4.2751e-03, 
 2DIAGNOSTIC,    38, -5.917391330930e-01, 1.245673595314e-05, 8.8133e-01, 4.2720e-03, 
 2DIAGNOSTIC,    39, -5.917391754735e-01, 5.801896390153e-06, 8.8568e-01, 4.3480e-03, 
 2DIAGNOSTIC,    40, -5.917392424312e-01, 3.643428653020e-06, 8.9002e-01, 4.3411e-03, 
 2DIAGNOSTIC,    41, -5.917393428829e-01, 2.487109299641e-06, 8.9430e-01, 4.2770e-03, 
 2DIAGNOSTIC,    42, -5.917394845334e-01, 1.715730318080e-06, 8.9861e-01, 4.3099e-03, 
 2DIAGNOSTIC,    43, -5.917396625587e-01, 1.144189315135e-06, 9.0292e-01, 4.3159e-03, 
DIAGNOSTIC,Iteration,metricValue,convergenceValue,ITERATION_TIME_INDEX,SINCE_LAST
 2DIAGNOSTIC,     1, -4.784004501425e-01, 1.797693134862e+308, 1.6763e+00, 7.7335e-01, 
 2DIAGNOSTIC,     2, -4.783999131494e-01, 1.797693134862e+308, 1.7069e+00, 3.0628e-02, 
 2DIAGNOSTIC,     3, -4.784190365431e-01, 1.797693134862e+308, 1.7384e+00, 3.1524e-02, 
 2DIAGNOSTIC,     4, -4.785028756517e-01, 1.797693134862e+308, 1.7664e+00, 2.7981e-02, 
 2DIAGNOSTIC,     5, -4.786647485436e-01, 1.797693134862e+308, 1.7941e+00, 2.7670e-02, 
 2DIAGNOSTIC,     6, -4.788099932965e-01, 1.797693134862e+308, 1.8224e+00, 2.8296e-02, 
 2DIAGNOSTIC,     7, -4.794645847224e-01, 1.797693134862e+308, 1.8502e+00, 2.7788e-02, 
 2DIAGNOSTIC,     8, -4.813619171757e-01, 1.797693134862e+308, 1.8881e+00, 3.7911e-02, 
 2DIAGNOSTIC,     9, -4.817935635330e-01, 1.797693134862e+308, 1.9193e+00, 3.1237e-02, 
 2DIAGNOSTIC,    10, -4.822647496884e-01, 5.583367503680e-04, 1.9467e+00, 2.7403e-02, 
 2DIAGNOSTIC,    11, -4.831344909909e-01, 6.366384573748e-04, 1.9775e+00, 3.0817e-02, 
 2DIAGNOSTIC,    12, -4.835768992599e-01, 6.653898034906e-04, 2.0223e+00, 4.4738e-02, 
 2DIAGNOSTIC,    13, -4.835677565329e-01, 6.290342969212e-04, 2.0569e+00, 3.4626e-02, 
 2DIAGNOSTIC,    14, -4.835733047846e-01, 5.452729208201e-04, 2.0945e+00, 3.7650e-02, 
 2DIAGNOSTIC,    15, -4.835701547257e-01, 4.305772096438e-04, 2.1254e+00, 3.0866e-02, 
 2DIAGNOSTIC,    16, -4.835566913011e-01, 2.956272804592e-04, 2.1583e+00, 3.2938e-02, 
 2DIAGNOSTIC,    17, -4.835523104092e-01, 1.703980275676e-04, 2.1903e+00, 3.1975e-02, 
 2DIAGNOSTIC,    18, -4.835483887836e-01, 1.058854946437e-04, 2.2178e+00, 2.7438e-02, 
 2DIAGNOSTIC,    19, -4.835469915474e-01, 5.203914178338e-05, 2.2447e+00, 2.6977e-02, 
 2DIAGNOSTIC,    20, -4.835401827380e-01, 1.204163301857e-05, 2.2755e+00, 3.0794e-02, 
DIAGNOSTIC,Iteration,metricValue,convergenceValue,ITERATION_TIME_INDEX,SINCE_LAST
 2DIAGNOSTIC,     1, -4.161561167869e-01, 1.797693134862e+308, 3.3829e+00, 1.1074e+00, 
 2DIAGNOSTIC,     2, -4.161756893439e-01, 1.797693134862e+308, 3.6910e+00, 3.0805e-01, 
 2DIAGNOSTIC,     3, -4.161696114509e-01, 1.797693134862e+308, 3.9631e+00, 2.7216e-01, 
 2DIAGNOSTIC,     4, -4.161681503553e-01, 1.797693134862e+308, 4.3446e+00, 3.8145e-01, 
 2DIAGNOSTIC,     5, -4.161678896602e-01, 1.797693134862e+308, 4.6160e+00, 2.7147e-01, 
 2DIAGNOSTIC,     6, -4.161669123585e-01, 1.797693134862e+308, 4.8713e+00, 2.5521e-01, 
 2DIAGNOSTIC,     7, -4.161667485643e-01, 1.797693134862e+308, 5.1382e+00, 2.6696e-01, 
 2DIAGNOSTIC,     8, -4.161656816016e-01, 1.797693134862e+308, 5.3678e+00, 2.2956e-01, 
 2DIAGNOSTIC,     9, -4.161650043538e-01, 1.797693134862e+308, 5.6181e+00, 2.5027e-01, 
 2DIAGNOSTIC,    10, -4.161655463814e-01, 2.943366637212e-06, 5.9199e+00, 3.0189e-01, 
 2DIAGNOSTIC,    11, -4.161636420995e-01, 1.720591499263e-06, 6.1703e+00, 2.5035e-01, 
 2DIAGNOSTIC,    12, -4.161624970809e-01, 1.867462473187e-06, 6.4153e+00, 2.4501e-01, 
 2DIAGNOSTIC,    13, -4.161615819745e-01, 1.698398059413e-06, 6.6771e+00, 2.6177e-01, 
 2DIAGNOSTIC,    14, -4.161624603295e-01, 1.592444846335e-06, 6.9302e+00, 2.5317e-01, 
 2DIAGNOSTIC,    15, -4.161620529814e-01, 1.530180437734e-06, 7.1877e+00, 2.5748e-01, 
 2DIAGNOSTIC,    16, -4.161603835107e-01, 1.417836919690e-06, 7.4030e+00, 2.1530e-01, 
 2DIAGNOSTIC,    17, -4.161625251482e-01, 1.455414121047e-06, 7.6698e+00, 2.6680e-01, 
 2DIAGNOSTIC,    18, -4.161617349626e-01, 1.453854864761e-06, 7.8889e+00, 2.1911e-01, 
 2DIAGNOSTIC,    19, -4.161656140595e-01, 1.594928505495e-06, 8.1397e+00, 2.5078e-01, 
 2DIAGNOSTIC,    20, -4.161678254531e-01, 1.821576329414e-06, 8.4961e+00, 3.5636e-01, 
 2DIAGNOSTIC,    21, -4.161672172261e-01, 1.924327027204e-06, 8.7445e+00, 2.4839e-01, 
 2DIAGNOSTIC,    22, -4.161665846125e-01, 1.927748312126e-06, 8.9659e+00, 2.2142e-01, 
 2DIAGNOSTIC,    23, -4.161660793967e-01, 1.843028035985e-06, 9.2230e+00, 2.5714e-01, 
 2DIAGNOSTIC,    24, -4.161655365534e-01, 1.730448868760e-06, 9.4460e+00, 2.2301e-01, 
 2DIAGNOSTIC,    25, -4.161651834947e-01, 1.568353734216e-06, 9.6669e+00, 2.2086e-01, 
 2DIAGNOSTIC,    26, -4.161660037666e-01, 1.368374529617e-06, 9.9245e+00, 2.5760e-01, 
 2DIAGNOSTIC,    27, -4.161651045497e-01, 1.203105049780e-06, 1.0153e+01, 2.2804e-01, 
 2DIAGNOSTIC,    28, -4.161679884898e-01, 1.097088639351e-06, 1.0404e+01, 2.5166e-01, 
 2DIAGNOSTIC,    29, -4.161710849648e-01, 1.162831214721e-06, 1.0654e+01, 2.4935e-01, 
 2DIAGNOSTIC,    30, -4.161703640306e-01, 1.250475688767e-06, 1.0905e+01, 2.5121e-01, 
 2DIAGNOSTIC,    31, -4.161708142911e-01, 1.313167805883e-06, 1.1166e+01, 2.6134e-01, 
 2DIAGNOSTIC,    32, -4.161710089265e-01, 1.336085264737e-06, 1.1398e+01, 2.3168e-01, 
 2DIAGNOSTIC,    33, -4.161749613449e-01, 1.395595230172e-06, 1.1650e+01, 2.5217e-01, 
 2DIAGNOSTIC,    34, -4.161777487506e-01, 1.452526299378e-06, 1.1876e+01, 2.2570e-01, 
 2DIAGNOSTIC,    35, -4.161792220179e-01, 1.478601721661e-06, 1.2136e+01, 2.6060e-01, 
 2DIAGNOSTIC,    36, -4.161806859649e-01, 1.495439432606e-06, 1.2390e+01, 2.5398e-01, 
 2DIAGNOSTIC,    37, -4.161791778426e-01, 1.407680686839e-06, 1.2616e+01, 2.2605e-01, 
 2DIAGNOSTIC,    38, -4.161838486868e-01, 1.406626895947e-06, 1.2916e+01, 2.9983e-01, 
 2DIAGNOSTIC,    39, -4.161849953102e-01, 1.422742201704e-06, 1.3197e+01, 2.8088e-01, 
 2DIAGNOSTIC,    40, -4.161860914892e-01, 1.386764659821e-06, 1.3553e+01, 3.5643e-01, 
 2DIAGNOSTIC,    41, -4.161854987578e-01, 1.295749599575e-06, 1.3799e+01, 2.4590e-01, 
 2DIAGNOSTIC,    42, -4.161840259990e-01, 1.138573359236e-06, 1.4065e+01, 2.6530e-01, 
 2DIAGNOSTIC,    43, -4.161834049862e-01, 1.004201844932e-06, 1.4289e+01, 2.2440e-01, 
DIAGNOSTIC,Iteration,metricValue,convergenceValue,ITERATION_TIME_INDEX,SINCE_LAST
 2DIAGNOSTIC,     1, -3.834265912360e-01, 1.797693134862e+308, 1.6721e+01, 2.4320e+00, 
 2DIAGNOSTIC,     2, -3.834925053371e-01, 1.797693134862e+308, 1.8232e+01, 1.5114e+00, 
 2DIAGNOSTIC,     3, -3.834978116496e-01, 1.797693134862e+308, 1.9749e+01, 1.5169e+00, 
 2DIAGNOSTIC,     4, -3.835004127742e-01, 1.797693134862e+308, 2.1271e+01, 1.5215e+00, 
 2DIAGNOSTIC,     5, -3.835019582517e-01, 1.797693134862e+308, 2.2792e+01, 1.5209e+00, 
 2DIAGNOSTIC,     6, -3.835049957424e-01, 1.797693134862e+308, 2.4486e+01, 1.6947e+00, 
 2DIAGNOSTIC,     7, -3.835058343724e-01, 1.797693134862e+308, 2.6187e+01, 1.7006e+00, 
 2DIAGNOSTIC,     8, -3.835066498256e-01, 1.797693134862e+308, 2.8163e+01, 1.9760e+00, 
 2DIAGNOSTIC,     9, -3.835062955324e-01, 1.797693134862e+308, 2.9854e+01, 1.6913e+00, 
 2DIAGNOSTIC,    10, -3.835063108998e-01, 1.066660713092e-05, 3.1534e+01, 1.6795e+00, 
 2DIAGNOSTIC,    11, -3.835061571792e-01, 4.747040466352e-06, 3.3676e+01, 2.1422e+00, 
 2DIAGNOSTIC,    12, -3.835060832651e-01, 3.706200462306e-06, 3.5017e+01, 1.3414e+00, 
 2DIAGNOSTIC,    13, -3.835060190722e-01, 3.027826002117e-06, 3.6658e+01, 1.6403e+00, 
 2DIAGNOSTIC,    14, -3.835058638480e-01, 2.523467016916e-06, 3.8111e+01, 1.4530e+00, 
 2DIAGNOSTIC,    15, -3.835058006965e-01, 2.133709238406e-06, 3.9715e+01, 1.6046e+00, 
 2DIAGNOSTIC,    16, -3.835056463972e-01, 1.924177715093e-06, 4.1594e+01, 1.8786e+00, 
 2DIAGNOSTIC,    17, -3.835054775130e-01, 1.773328555291e-06, 4.3118e+01, 1.5244e+00, 
 2DIAGNOSTIC,    18, -3.835053086123e-01, 1.675385375745e-06, 4.4492e+01, 1.3739e+00, 
 2DIAGNOSTIC,    19, -3.835051448145e-01, 1.576051816402e-06, 4.5871e+01, 1.3786e+00, 
 2DIAGNOSTIC,    20, -3.835051658767e-01, 1.497295072782e-06, 4.7330e+01, 1.4596e+00, 
 2DIAGNOSTIC,    21, -3.835053779576e-01, 1.436675312612e-06, 4.8870e+01, 1.5397e+00, 
 2DIAGNOSTIC,    22, -3.835055901416e-01, 1.393331720528e-06, 5.0395e+01, 1.5252e+00, 
 2DIAGNOSTIC,    23, -3.835055251007e-01, 1.354581541976e-06, 5.1935e+01, 1.5398e+00, 
 2DIAGNOSTIC,    24, -3.835054518286e-01, 1.314933130256e-06, 5.3488e+01, 1.5529e+00, 
 2DIAGNOSTIC,    25, -3.835053813427e-01, 1.275595340709e-06, 5.4996e+01, 1.5084e+00, 
 2DIAGNOSTIC,    26, -3.835053141620e-01, 1.232550094557e-06, 5.6377e+01, 1.3806e+00, 
 2DIAGNOSTIC,    27, -3.835053494679e-01, 1.188143192672e-06, 5.7790e+01, 1.4134e+00, 
 2DIAGNOSTIC,    28, -3.835054089357e-01, 1.143229098215e-06, 5.9300e+01, 1.5099e+00, 
 2DIAGNOSTIC,    29, -3.835055814682e-01, 1.101082727765e-06, 6.0637e+01, 1.3366e+00, 
 2DIAGNOSTIC,    30, -3.835053714645e-01, 1.056523025893e-06, 6.2718e+01, 2.0806e+00, 
 2DIAGNOSTIC,    31, -3.835053052292e-01, 1.018740039362e-06, 6.4260e+01, 1.5422e+00, 
  Elapsed time (stage 0): 6.5095e+01


Total elapsed time: 6.5100e+01
Info [verificarlo]: loaded backend libinterflop_ieee.so
Info [interflop-ieee]: load backend with:
Info [interflop-ieee]: debug = false
Info [interflop-ieee]: debug-binary = false
Info [interflop-ieee]: no-backend-name = false
Info [interflop-ieee]: print-new-line = false
Info [interflop-ieee]: print-subnormal-normalized = false
Info [interflop-ieee]: count-op = false
All_Command_lines_OK
Using double precision for computations.
=============================================================================
The composite transform comprises the following transforms (in order): 
  1. /home/mdugre/scratch/mri-registration-rp/datasets/ds004513/derivatives/mri-registration-rp/0001/antsRegistration-r7-p14/sub-s017/rigid_Composite.h5[0] (type = Euler3DTransform)
  2. /home/mdugre/scratch/mri-registration-rp/datasets/ds004513/derivatives/mri-registration-rp/0001/antsRegistration-r7-p14/sub-s017/rigid_Composite.h5[1] (type = Euler3DTransform)
  3. /home/mdugre/scratch/mri-registration-rp/datasets/ds004513/derivatives/mri-registration-rp/0001/antsRegistration-r7-p14/sub-s017/rigid_Composite.h5[2] (type = Euler3DTransform)
=============================================================================
  number of levels = 4
  fixed image: /templateflow/tpl-MNI152NLin2009cAsym/tpl-MNI152NLin2009cAsym_res-01_desc-brain_T1w.nii.gz
  moving image: /home/mdugre/scratch/mri-registration-rp/datasets/ds004513/derivatives/mri-registration-rp/antsBrainExtraction/sub-s017/BrainExtractionBrain.nii.gz
Dimension = 3
Number of stages = 1
Use histogram matching = false
Winsorize image intensities = true
  Lower quantile = 0.005
  Upper quantile = 0.995


Stage 1 State
   Image metric = MattesMI
     Fixed image = Image (0x41447e0)
  RTTI typeinfo:   itk::Image<double, 3u>
  Reference Count: 2
  Modified Time: 1594
  Debug: Off
  Object Name: 
  Observers: 
    none
  Source: (none)
  Source output name: (none)
  Release Data: Off
  Data Released: False
  Global Release Data: Off
  PipelineMTime: 0
  UpdateMTime: 1203
  RealTimeStamp: 0 seconds 
  LargestPossibleRegion: 
    Dimension: 3
    Index: [0, 0, 0]
    Size: [193, 229, 193]
  BufferedRegion: 
    Dimension: 3
    Index: [0, 0, 0]
    Size: [193, 229, 193]
  RequestedRegion: 
    Dimension: 3
    Index: [0, 0, 0]
    Size: [193, 229, 193]
  Spacing: [1, 1, 1]
  Origin: [96, 132, -78]
  Direction: 
-1 0 0
0 -1 0
0 0 1

  IndexToPointMatrix: 
-1 0 0
0 -1 0
0 0 1

  PointToIndexMatrix: 
-1 0 0
0 -1 0
0 0 1

  Inverse Direction: 
-1 0 0
0 -1 0
0 0 1

  PixelContainer: 
    ImportImageContainer (0x4204a20)
      RTTI typeinfo:   itk::ImportImageContainer<unsigned long, double>
      Reference Count: 1
      Modified Time: 1200
      Debug: Off
      Object Name: 
      Observers: 
        none
      Pointer: 0x153750577010
      Container manages memory: true
      Size: 8530021
      Capacity: 8530021

     Moving image = Image (0x41ffd70)
  RTTI typeinfo:   itk::Image<double, 3u>
  Reference Count: 2
  Modified Time: 1595
  Debug: Off
  Object Name: 
  Observers: 
    none
  Source: (none)
  Source output name: (none)
  Release Data: Off
  Data Released: False
  Global Release Data: Off
  PipelineMTime: 0
  UpdateMTime: 1592
  RealTimeStamp: 0 seconds 
  LargestPossibleRegion: 
    Dimension: 3
    Index: [0, 0, 0]
    Size: [160, 240, 256]
  BufferedRegion: 
    Dimension: 3
    Index: [0, 0, 0]
    Size: [160, 240, 256]
  RequestedRegion: 
    Dimension: 3
    Index: [0, 0, 0]
    Size: [160, 240, 256]
  Spacing: [1, 1, 1]
  Origin: [91.3357, 102.231, -120.042]
  Direction: 
-0.997442 -5.36781e-05 -0.0714818
5.35416e-05 -1 3.82465e-06
-0.0714818 -1.23894e-08 0.997442

  IndexToPointMatrix: 
-0.997444 -5.36781e-05 -0.0714818
5.35418e-05 -1 3.82465e-06
-0.0714819 -1.23894e-08 0.997442

  PointToIndexMatrix: 
-0.99744 5.35415e-05 -0.0714816
-5.36781e-05 -1 -1.23894e-08
-0.0714818 3.82465e-06 0.997442

  Inverse Direction: 
-0.997442 5.35416e-05 -0.0714818
-5.36781e-05 -1 -1.23894e-08
-0.0714818 3.82465e-06 0.997442

  PixelContainer: 
    ImportImageContainer (0x41b7c90)
      RTTI typeinfo:   itk::ImportImageContainer<unsigned long, double>
      Reference Count: 1
      Modified Time: 1589
      Debug: Off
      Object Name: 
      Observers: 
        none
      Pointer: 0x15374ba76010
      Container manages memory: true
      Size: 9830400
      Capacity: 9830400

     Weighting = 1
     Sampling strategy = regular
     Number of bins = 32
     Radius = 4
     Sampling percentage  = 0.25
   Transform = Affine
     Gradient step = 0.1
     Update field sigma (voxel space) = 0
     Total field sigma (voxel space) = 0
     Update field time sigma = 0
     Total field time sigma  = 0
     Number of time indices = 0
     Number of time point samples = 0
Registration using 1 total stages.

Stage 0
  iterations = 1000x500x250x100
  convergence threshold = 1e-06
  convergence window size = 10
  number of levels = 4
  using the Mattes MI metric (number of bins = 32, weight = 1, use gradient filter = 0)
  preprocessing:  winsorizing the image intensities
  Shrink factors (level 1 out of 4): [8, 8, 8]
  Shrink factors (level 2 out of 4): [4, 4, 4]
  Shrink factors (level 3 out of 4): [2, 2, 2]
  Shrink factors (level 4 out of 4): [1, 1, 1]
  smoothing sigmas per level: [3, 2, 1, 0]
  regular sampling (percentage = 0.25)

*** Running AffineTransform registration ***

DIAGNOSTIC,Iteration,metricValue,convergenceValue,ITERATION_TIME_INDEX,SINCE_LAST
 2DIAGNOSTIC,     1, -5.806290998396e-01, 1.797693134862e+308, 7.3938e-01, 7.3938e-01, 
 2DIAGNOSTIC,     2, -5.832407507896e-01, 1.797693134862e+308, 7.4631e-01, 6.9280e-03, 
 2DIAGNOSTIC,     3, -5.883921006258e-01, 1.797693134862e+308, 7.5142e-01, 5.1100e-03, 
 2DIAGNOSTIC,     4, -5.973582021115e-01, 1.797693134862e+308, 7.5623e-01, 4.8161e-03, 
 2DIAGNOSTIC,     5, -6.166279651103e-01, 1.797693134862e+308, 7.6070e-01, 4.4682e-03, 
 2DIAGNOSTIC,     6, -6.406440243880e-01, 1.797693134862e+308, 7.6519e-01, 4.4861e-03, 
 2DIAGNOSTIC,     7, -7.009864253575e-01, 1.797693134862e+308, 7.6979e-01, 4.6022e-03, 
 2DIAGNOSTIC,     8, -7.630482510360e-01, 1.797693134862e+308, 7.7450e-01, 4.7109e-03, 
 2DIAGNOSTIC,     9, -8.423469022759e-01, 1.797693134862e+308, 7.8189e-01, 7.3841e-03, 
 2DIAGNOSTIC,    10, -8.569694549924e-01, 2.845116128853e-02, 7.8706e-01, 5.1761e-03, 
 2DIAGNOSTIC,    11, -8.701917122219e-01, 2.871708894570e-02, 7.9275e-01, 5.6839e-03, 
 2DIAGNOSTIC,    12, -8.814645614467e-01, 2.683607374033e-02, 8.0138e-01, 8.6360e-03, 
 2DIAGNOSTIC,    13, -8.822368117709e-01, 2.307206285102e-02, 8.0653e-01, 5.1448e-03, 
 2DIAGNOSTIC,    14, -8.834458720147e-01, 1.815384142660e-02, 8.1143e-01, 4.9002e-03, 
 2DIAGNOSTIC,    15, -8.851322802702e-01, 1.292532928539e-02, 8.1683e-01, 5.4030e-03, 
 2DIAGNOSTIC,    16, -8.870480809980e-01, 7.902435092666e-03, 8.2199e-01, 5.1630e-03, 
 2DIAGNOSTIC,    17, -8.886777820027e-01, 4.189413193229e-03, 8.2851e-01, 6.5200e-03, 
 2DIAGNOSTIC,    18, -8.889448810944e-01, 1.810422435004e-03, 8.3466e-01, 6.1450e-03, 
 2DIAGNOSTIC,    19, -8.890594323894e-01, 1.083853139169e-03, 8.4030e-01, 5.6441e-03, 
 2DIAGNOSTIC,    20, -8.887882562190e-01, 5.969783275175e-04, 8.4590e-01, 5.5978e-03, 
 2DIAGNOSTIC,    21, -8.886098616135e-01, 3.264824894331e-04, 8.5261e-01, 6.7101e-03, 
 2DIAGNOSTIC,    22, -8.885249832930e-01, 2.361096509649e-04, 8.5830e-01, 5.6939e-03, 
 2DIAGNOSTIC,    23, -8.882875303250e-01, 1.410432906455e-04, 8.6420e-01, 5.8980e-03, 
 2DIAGNOSTIC,    24, -8.882052345600e-01, 5.851496546190e-05, 8.6953e-01, 5.3279e-03, 
DIAGNOSTIC,Iteration,metricValue,convergenceValue,ITERATION_TIME_INDEX,SINCE_LAST
 2DIAGNOSTIC,     1, -7.469015879875e-01, 1.797693134862e+308, 1.6114e+00, 7.4191e-01, 
 2DIAGNOSTIC,     2, -7.476337610596e-01, 1.797693134862e+308, 1.6494e+00, 3.8011e-02, 
 2DIAGNOSTIC,     3, -7.481984149427e-01, 1.797693134862e+308, 1.6860e+00, 3.6581e-02, 
 2DIAGNOSTIC,     4, -7.485348957086e-01, 1.797693134862e+308, 1.7236e+00, 3.7520e-02, 
 2DIAGNOSTIC,     5, -7.488723349388e-01, 1.797693134862e+308, 1.7604e+00, 3.6892e-02, 
 2DIAGNOSTIC,     6, -7.493028718551e-01, 1.797693134862e+308, 1.8007e+00, 4.0307e-02, 
 2DIAGNOSTIC,     7, -7.498240981658e-01, 1.797693134862e+308, 1.8450e+00, 4.4249e-02, 
 2DIAGNOSTIC,     8, -7.499189038076e-01, 1.797693134862e+308, 1.8816e+00, 3.6590e-02, 
 2DIAGNOSTIC,     9, -7.503981904021e-01, 1.797693134862e+308, 1.9271e+00, 4.5498e-02, 
 2DIAGNOSTIC,    10, -7.505578656778e-01, 3.049238815003e-04, 1.9710e+00, 4.3884e-02, 
 2DIAGNOSTIC,    11, -7.505341234022e-01, 2.389539892750e-04, 2.0135e+00, 4.2565e-02, 
 2DIAGNOSTIC,    12, -7.505061914164e-01, 1.848758130619e-04, 2.0564e+00, 4.2856e-02, 
 2DIAGNOSTIC,    13, -7.505141121163e-01, 1.393602376937e-04, 2.0990e+00, 4.2631e-02, 
 2DIAGNOSTIC,    14, -7.505102733000e-01, 9.677096716605e-05, 2.1407e+00, 4.1651e-02, 
 2DIAGNOSTIC,    15, -7.505029862928e-01, 5.935599119156e-05, 2.1850e+00, 4.4338e-02, 
 2DIAGNOSTIC,    16, -7.504912485563e-01, 3.116311064180e-05, 2.2279e+00, 4.2871e-02, 
 2DIAGNOSTIC,    17, -7.504804688910e-01, 1.513171450904e-05, 2.2639e+00, 3.6038e-02, 
 2DIAGNOSTIC,    18, -7.504860792747e-01, 1.517274973689e-06, 2.3024e+00, 3.8479e-02, 
DIAGNOSTIC,Iteration,metricValue,convergenceValue,ITERATION_TIME_INDEX,SINCE_LAST
 2DIAGNOSTIC,     1, -6.294116115861e-01, 1.797693134862e+308, 3.4378e+00, 1.1354e+00, 
 2DIAGNOSTIC,     2, -6.299274337844e-01, 1.797693134862e+308, 3.7280e+00, 2.9019e-01, 
 2DIAGNOSTIC,     3, -6.304606937673e-01, 1.797693134862e+308, 4.0341e+00, 3.0614e-01, 
 2DIAGNOSTIC,     4, -6.311440983319e-01, 1.797693134862e+308, 4.3145e+00, 2.8036e-01, 
 2DIAGNOSTIC,     5, -6.319613521823e-01, 1.797693134862e+308, 4.6517e+00, 3.3724e-01, 
 2DIAGNOSTIC,     6, -6.326508619837e-01, 1.797693134862e+308, 5.2304e+00, 5.7862e-01, 
 2DIAGNOSTIC,     7, -6.326442431982e-01, 1.797693134862e+308, 5.6770e+00, 4.4662e-01, 
 2DIAGNOSTIC,     8, -6.326421030490e-01, 1.797693134862e+308, 6.0165e+00, 3.3952e-01, 
 2DIAGNOSTIC,     9, -6.326413590604e-01, 1.797693134862e+308, 6.3724e+00, 3.5585e-01, 
 2DIAGNOSTIC,    10, -6.326405356803e-01, 3.607193947379e-04, 6.7710e+00, 3.9868e-01, 
 2DIAGNOSTIC,    11, -6.326380581234e-01, 2.475998159185e-04, 7.0837e+00, 3.1267e-01, 
 2DIAGNOSTIC,    12, -6.326382568842e-01, 1.509095238217e-04, 7.3729e+00, 2.8921e-01, 
 2DIAGNOSTIC,    13, -6.326371997088e-01, 7.419551290105e-05, 7.7025e+00, 3.2954e-01, 
 2DIAGNOSTIC,    14, -6.326376013639e-01, 2.341664904638e-05, 8.0444e+00, 3.4193e-01, 
 2DIAGNOSTIC,    15, -6.326364676491e-01, 1.358505388113e-06, 8.3368e+00, 2.9237e-01, 
 2DIAGNOSTIC,    16, -6.326355130476e-01, 1.489403029534e-06, 8.6399e+00, 3.0318e-01, 
 2DIAGNOSTIC,    17, -6.326348603706e-01, 1.460469346792e-06, 9.0073e+00, 3.6735e-01, 
 2DIAGNOSTIC,    18, -6.326337609583e-01, 1.391313757114e-06, 9.3780e+00, 3.7067e-01, 
 2DIAGNOSTIC,    19, -6.326327161825e-01, 1.322246851732e-06, 9.6906e+00, 3.1265e-01, 
 2DIAGNOSTIC,    20, -6.326305164564e-01, 1.226844835382e-06, 1.0021e+01, 3.3057e-01, 
 2DIAGNOSTIC,    21, -6.326298185643e-01, 1.107474538915e-06, 1.0345e+01, 3.2384e-01, 
 2DIAGNOSTIC,    22, -6.326281932811e-01, 1.008190520166e-06, 1.0634e+01, 2.8850e-01, 
DIAGNOSTIC,Iteration,metricValue,convergenceValue,ITERATION_TIME_INDEX,SINCE_LAST
 2DIAGNOSTIC,     1, -5.634463073527e-01, 1.797693134862e+308, 1.3860e+01, 3.2262e+00, 
 2DIAGNOSTIC,     2, -5.639251009140e-01, 1.797693134862e+308, 1.5836e+01, 1.9767e+00, 
 2DIAGNOSTIC,     3, -5.643935836057e-01, 1.797693134862e+308, 1.7588e+01, 1.7518e+00, 
 2DIAGNOSTIC,     4, -5.653421952298e-01, 1.797693134862e+308, 1.9502e+01, 1.9135e+00, 
 2DIAGNOSTIC,     5, -5.666806296060e-01, 1.797693134862e+308, 2.2505e+01, 3.0031e+00, 
 2DIAGNOSTIC,     6, -5.666788395651e-01, 1.797693134862e+308, 2.5316e+01, 2.8112e+00, 
 2DIAGNOSTIC,     7, -5.666781207796e-01, 1.797693134862e+308, 2.7717e+01, 2.4011e+00, 
 2DIAGNOSTIC,     8, -5.666783318581e-01, 1.797693134862e+308, 3.0224e+01, 2.5067e+00, 
 2DIAGNOSTIC,     9, -5.666785160294e-01, 1.797693134862e+308, 3.2522e+01, 2.2979e+00, 
 2DIAGNOSTIC,    10, -5.666783710944e-01, 3.983106013630e-04, 3.4547e+01, 2.0254e+00, 
 2DIAGNOSTIC,    11, -5.666784888325e-01, 2.625672809701e-04, 3.6687e+01, 2.1402e+00, 
 2DIAGNOSTIC,    12, -5.666783118073e-01, 1.470624605872e-04, 3.8660e+01, 1.9726e+00, 
 2DIAGNOSTIC,    13, -5.666781579818e-01, 5.397655454763e-05, 4.0415e+01, 1.7550e+00, 
 2DIAGNOSTIC,    14, -5.666778825172e-01, 2.161586274238e-06, 4.2540e+01, 2.1254e+00, 
 2DIAGNOSTIC,    15, -5.666778297327e-01, 2.075664514975e-06, 4.4740e+01, 2.1993e+00, 
 2DIAGNOSTIC,    16, -5.666779729957e-01, 1.953826519893e-06, 4.6705e+01, 1.9650e+00, 
 2DIAGNOSTIC,    17, -5.666783181213e-01, 1.838289127684e-06, 4.8874e+01, 2.1695e+00, 
 2DIAGNOSTIC,    18, -5.666783648900e-01, 1.745728731933e-06, 5.1045e+01, 2.1708e+00, 
 2DIAGNOSTIC,    19, -5.666779652499e-01, 1.659724045346e-06, 5.3006e+01, 1.9609e+00, 
 2DIAGNOSTIC,    20, -5.666778639805e-01, 1.577908161188e-06, 5.4981e+01, 1.9752e+00, 
 2DIAGNOSTIC,    21, -5.666773990986e-01, 1.496749795361e-06, 5.6933e+01, 1.9516e+00, 
 2DIAGNOSTIC,    22, -5.666775845995e-01, 1.424946792006e-06, 5.9107e+01, 2.1739e+00, 
 2DIAGNOSTIC,    23, -5.666773222951e-01, 1.352299520335e-06, 6.1495e+01, 2.3880e+00, 
 2DIAGNOSTIC,    24, -5.666769077889e-01, 1.274634921312e-06, 6.3686e+01, 2.1919e+00, 
 2DIAGNOSTIC,    25, -5.666768763263e-01, 1.206703543352e-06, 6.5892e+01, 2.2054e+00, 
 2DIAGNOSTIC,    26, -5.666767458713e-01, 1.150185540262e-06, 6.7853e+01, 1.9616e+00, 
 2DIAGNOSTIC,    27, -5.666768805897e-01, 1.113536277457e-06, 6.9976e+01, 2.1222e+00, 
 2DIAGNOSTIC,    28, -5.666770151578e-01, 1.088955872731e-06, 7.1896e+01, 1.9202e+00, 
 2DIAGNOSTIC,    29, -5.666771497811e-01, 1.066070083398e-06, 7.3967e+01, 2.0716e+00, 
 2DIAGNOSTIC,    30, -5.666771138357e-01, 1.045622116239e-06, 7.6147e+01, 2.1800e+00, 
 2DIAGNOSTIC,    31, -5.666770098332e-01, 1.018595172313e-06, 7.8119e+01, 1.9716e+00, 
  Elapsed time (stage 0): 7.9245e+01


Total elapsed time: 7.9250e+01
Info [verificarlo]: loaded backend libinterflop_vprec.so
Info [interflop-vprec]: load backend with: 
Info [interflop-vprec]: precision-binary32 = 14
Info [interflop-vprec]: range-binary32 = 7
Info [interflop-vprec]: precision-binary64 = 14
Info [interflop-vprec]: range-binary64 = 7
Info [interflop-vprec]: mode = ob
Info [interflop-vprec]: error-mode = rel
Info [interflop-vprec]: max-abs-error-exponent = -1022
Info [interflop-vprec]: daz = false
Info [interflop-vprec]: ftz = false
Info [interflop-vprec]: 	instrument = none
Info [interflop-vprec]: 	prec-input-file = (null)
Info [interflop-vprec]: 	prec-output-file = (null)
Info [interflop-vprec]: 	prec-log-file = (null)
All_Command_lines_OK
Using double precision for computations.
=============================================================================
The composite transform comprises the following transforms (in order): 
  1. /home/mdugre/scratch/mri-registration-rp/datasets/ds004513/derivatives/mri-registration-rp/0001/antsRegistration-r7-p14/sub-s017/affine_Composite.h5[0] (type = Euler3DTransform)
  2. /home/mdugre/scratch/mri-registration-rp/datasets/ds004513/derivatives/mri-registration-rp/0001/antsRegistration-r7-p14/sub-s017/affine_Composite.h5[1] (type = Euler3DTransform)
  3. /home/mdugre/scratch/mri-registration-rp/datasets/ds004513/derivatives/mri-registration-rp/0001/antsRegistration-r7-p14/sub-s017/affine_Composite.h5[2] (type = Euler3DTransform)
  4. /home/mdugre/scratch/mri-registration-rp/datasets/ds004513/derivatives/mri-registration-rp/0001/antsRegistration-r7-p14/sub-s017/affine_Composite.h5[3] (type = AffineTransform)
=============================================================================
  number of levels = 4
  fixed image: /templateflow/tpl-MNI152NLin2009cAsym/tpl-MNI152NLin2009cAsym_res-01_desc-brain_T1w.nii.gz
  moving image: /home/mdugre/scratch/mri-registration-rp/datasets/ds004513/derivatives/mri-registration-rp/antsBrainExtraction/sub-s017/BrainExtractionBrain.nii.gz
Dimension = 3
Number of stages = 1
Use histogram matching = false
Winsorize image intensities = true
  Lower quantile = 0.005
  Upper quantile = 0.995


Stage 1 State
   Image metric = CC
     Fixed image = Image (0x4a916f0)
  RTTI typeinfo:   itk::Image<double, 3u>
  Reference Count: 2
  Modified Time: 1606
  Debug: Off
