
##########################
# Experiment information #
##########################

EXPERIMENT_NAME: antsRegistration-r7-p6
VFC_BACKENDS: libinterflop_vprec.so --range-binary32=7 --precision-binary32=6 --range-binary64=7 --precision-binary64=6

SIF_IMG: /home/mdugre/projects/rrg-glatard/mdugre/containers/ants-vprec-no_metrics.simg

SUBJECT_ID: s033
INPUT_IMG: /home/mdugre/scratch/mri-registration-rp/datasets/ds004513/derivatives/mri-registration-rp/antsBrainExtraction/sub-s033/BrainExtractionBrain.nii.gz
OUTPUT_DIR: /home/mdugre/scratch/mri-registration-rp/datasets/ds004513/derivatives/mri-registration-rp/0001/antsRegistration-r7-p6/sub-s033

FIXED_IMG: /templateflow/tpl-MNI152NLin2009cAsym/tpl-MNI152NLin2009cAsym_res-01_desc-brain_T1w.nii.gz
DATA_DIR: /home/mdugre/scratch/mri-registration-rp/datasets/ds004513
TEMPLATEFLOW_DIR: /home/mdugre/projects/rrg-glatard/mdugre/templateflow
ITK_GLOBAL_DEFAULT_NUMBER_OF_THREADS: 16
##########################

Info [verificarlo]: loaded backend libinterflop_ieee.so
Info [interflop-ieee]: load backend with:
Info [interflop-ieee]: debug = false
Info [interflop-ieee]: debug-binary = false
Info [interflop-ieee]: no-backend-name = false
Info [interflop-ieee]: print-new-line = false
Info [interflop-ieee]: print-subnormal-normalized = false
Info [interflop-ieee]: count-op = false
All_Command_lines_OK
Using double precision for computations.
=============================================================================
The composite transform comprises the following transforms (in order): 
  1. Center of mass alignment using fixed image: /templateflow/tpl-MNI152NLin2009cAsym/tpl-MNI152NLin2009cAsym_res-01_desc-brain_T1w.nii.gz and moving image: /home/mdugre/scratch/mri-registration-rp/datasets/ds004513/derivatives/mri-registration-rp/antsBrainExtraction/sub-s033/BrainExtractionBrain.nii.gz (type = Euler3DTransform)
=============================================================================
  number of levels = 1
  fixed image: /templateflow/tpl-MNI152NLin2009cAsym/tpl-MNI152NLin2009cAsym_res-01_desc-brain_T1w.nii.gz
  moving image: /home/mdugre/scratch/mri-registration-rp/datasets/ds004513/derivatives/mri-registration-rp/antsBrainExtraction/sub-s033/BrainExtractionBrain.nii.gz
Dimension = 3
Number of stages = 1
Use histogram matching = false
Winsorize image intensities = true
  Lower quantile = 0.005
  Upper quantile = 0.995


Stage 1 State
   Image metric = MattesMI
     Fixed image = Image (0x38eabd0)
  RTTI typeinfo:   itk::Image<double, 3u>
  Reference Count: 2
  Modified Time: 2330
  Debug: Off
  Object Name: 
  Observers: 
    none
  Source: (none)
  Source output name: (none)
  Release Data: Off
  Data Released: False
  Global Release Data: Off
  PipelineMTime: 0
  UpdateMTime: 1941
  RealTimeStamp: 0 seconds 
  LargestPossibleRegion: 
    Dimension: 3
    Index: [0, 0, 0]
    Size: [193, 229, 193]
  BufferedRegion: 
    Dimension: 3
    Index: [0, 0, 0]
    Size: [193, 229, 193]
  RequestedRegion: 
    Dimension: 3
    Index: [0, 0, 0]
    Size: [193, 229, 193]
  Spacing: [1, 1, 1]
  Origin: [96, 132, -78]
  Direction: 
-1 0 0
0 -1 0
0 0 1

  IndexToPointMatrix: 
-1 0 0
0 -1 0
0 0 1

  PointToIndexMatrix: 
-1 0 0
0 -1 0
0 0 1

  Inverse Direction: 
-1 0 0
0 -1 0
0 0 1

  PixelContainer: 
    ImportImageContainer (0x38f39e0)
      RTTI typeinfo:   itk::ImportImageContainer<unsigned long, double>
      Reference Count: 1
      Modified Time: 1938
      Debug: Off
      Object Name: 
      Observers: 
        none
      Pointer: 0x150feb5a8010
      Container manages memory: true
      Size: 8530021
      Capacity: 8530021

     Moving image = Image (0x38f4910)
  RTTI typeinfo:   itk::Image<double, 3u>
  Reference Count: 2
  Modified Time: 2331
  Debug: Off
  Object Name: 
  Observers: 
    none
  Source: (none)
  Source output name: (none)
  Release Data: Off
  Data Released: False
  Global Release Data: Off
  PipelineMTime: 0
  UpdateMTime: 2328
  RealTimeStamp: 0 seconds 
  LargestPossibleRegion: 
    Dimension: 3
    Index: [0, 0, 0]
    Size: [160, 240, 256]
  BufferedRegion: 
    Dimension: 3
    Index: [0, 0, 0]
    Size: [160, 240, 256]
  RequestedRegion: 
    Dimension: 3
    Index: [0, 0, 0]
    Size: [160, 240, 256]
  Spacing: [1, 1, 1]
  Origin: [91.5134, 94.282, -109.927]
  Direction: 
-0.99591 -0.0698718 -0.0572835
0.0697565 -0.997556 0.00401236
-0.0574239 5.01125e-08 0.99835

  IndexToPointMatrix: 
-0.99591 -0.0698718 -0.0572835
0.0697565 -0.997556 0.00401236
-0.0574239 5.01125e-08 0.99835

  PointToIndexMatrix: 
-0.99591 0.0697565 -0.0574239
-0.0698718 -0.997556 5.01483e-08
-0.0572835 0.00401236 0.99835

  Inverse Direction: 
-0.99591 0.0697565 -0.0574239
-0.0698718 -0.997556 5.01483e-08
-0.0572835 0.00401236 0.99835

  PixelContainer: 
    ImportImageContainer (0x39daa50)
      RTTI typeinfo:   itk::ImportImageContainer<unsigned long, double>
      Reference Count: 1
      Modified Time: 2325
      Debug: Off
      Object Name: 
      Observers: 
        none
      Pointer: 0x150fe6aa7010
      Container manages memory: true
      Size: 9830400
      Capacity: 9830400

     Weighting = 1
     Sampling strategy = regular
     Number of bins = 32
     Radius = 4
     Sampling percentage  = 0.25
   Transform = Rigid
     Gradient step = 0.1
     Update field sigma (voxel space) = 0
     Total field sigma (voxel space) = 0
     Update field time sigma = 0
     Total field time sigma  = 0
     Number of time indices = 0
     Number of time point samples = 0
Registration using 1 total stages.

Stage 0
  iterations = 0
  convergence threshold = 1e-06
  convergence window size = 10
  number of levels = 1
  using the Mattes MI metric (number of bins = 32, weight = 1, use gradient filter = 0)
  preprocessing:  winsorizing the image intensities
  Shrink factors (level 1 out of 1): [1, 1, 1]
  smoothing sigmas per level: [0]
  regular sampling (percentage = 0.25)

*** Running Euler3DTransform registration ***

  Elapsed time (stage 0): 1.10979


Total elapsed time: 1.11205
Info [verificarlo]: loaded backend libinterflop_ieee.so
Info [interflop-ieee]: load backend with:
Info [interflop-ieee]: debug = false
Info [interflop-ieee]: debug-binary = false
Info [interflop-ieee]: no-backend-name = false
Info [interflop-ieee]: print-new-line = false
Info [interflop-ieee]: print-subnormal-normalized = false
Info [interflop-ieee]: count-op = false
All_Command_lines_OK
Using double precision for computations.
=============================================================================
The composite transform comprises the following transforms (in order): 
  1. /home/mdugre/scratch/mri-registration-rp/datasets/ds004513/derivatives/mri-registration-rp/0001/antsRegistration-r7-p6/sub-s033/align_Composite.h5[0] (type = Euler3DTransform)
  2. /home/mdugre/scratch/mri-registration-rp/datasets/ds004513/derivatives/mri-registration-rp/0001/antsRegistration-r7-p6/sub-s033/align_Composite.h5[1] (type = Euler3DTransform)
=============================================================================
  number of levels = 4
  fixed image: /templateflow/tpl-MNI152NLin2009cAsym/tpl-MNI152NLin2009cAsym_res-01_desc-brain_T1w.nii.gz
  moving image: /home/mdugre/scratch/mri-registration-rp/datasets/ds004513/derivatives/mri-registration-rp/antsBrainExtraction/sub-s033/BrainExtractionBrain.nii.gz
Dimension = 3
Number of stages = 1
Use histogram matching = false
Winsorize image intensities = true
  Lower quantile = 0.005
  Upper quantile = 0.995


Stage 1 State
   Image metric = MattesMI
     Fixed image = Image (0x34cf530)
  RTTI typeinfo:   itk::Image<double, 3u>
  Reference Count: 2
  Modified Time: 1578
  Debug: Off
  Object Name: 
  Observers: 
    none
  Source: (none)
  Source output name: (none)
  Release Data: Off
  Data Released: False
  Global Release Data: Off
  PipelineMTime: 0
  UpdateMTime: 1189
  RealTimeStamp: 0 seconds 
  LargestPossibleRegion: 
    Dimension: 3
    Index: [0, 0, 0]
    Size: [193, 229, 193]
  BufferedRegion: 
    Dimension: 3
    Index: [0, 0, 0]
    Size: [193, 229, 193]
  RequestedRegion: 
    Dimension: 3
    Index: [0, 0, 0]
    Size: [193, 229, 193]
  Spacing: [1, 1, 1]
  Origin: [96, 132, -78]
  Direction: 
-1 0 0
0 -1 0
0 0 1

  IndexToPointMatrix: 
-1 0 0
0 -1 0
0 0 1

  PointToIndexMatrix: 
-1 0 0
0 -1 0
0 0 1

  Inverse Direction: 
-1 0 0
0 -1 0
0 0 1

  PixelContainer: 
    ImportImageContainer (0x358dd60)
      RTTI typeinfo:   itk::ImportImageContainer<unsigned long, double>
      Reference Count: 1
      Modified Time: 1186
      Debug: Off
      Object Name: 
      Observers: 
        none
      Pointer: 0x14bb777e9010
      Container manages memory: true
      Size: 8530021
      Capacity: 8530021

     Moving image = Image (0x357ff60)
  RTTI typeinfo:   itk::Image<double, 3u>
  Reference Count: 2
  Modified Time: 1579
  Debug: Off
  Object Name: 
  Observers: 
    none
  Source: (none)
  Source output name: (none)
  Release Data: Off
  Data Released: False
  Global Release Data: Off
  PipelineMTime: 0
  UpdateMTime: 1576
  RealTimeStamp: 0 seconds 
  LargestPossibleRegion: 
    Dimension: 3
    Index: [0, 0, 0]
    Size: [160, 240, 256]
  BufferedRegion: 
    Dimension: 3
    Index: [0, 0, 0]
    Size: [160, 240, 256]
  RequestedRegion: 
    Dimension: 3
    Index: [0, 0, 0]
    Size: [160, 240, 256]
  Spacing: [1, 1, 1]
  Origin: [91.5134, 94.282, -109.927]
  Direction: 
-0.99591 -0.0698718 -0.0572835
0.0697565 -0.997556 0.00401236
-0.0574239 5.01125e-08 0.99835

  IndexToPointMatrix: 
-0.99591 -0.0698718 -0.0572835
0.0697565 -0.997556 0.00401236
-0.0574239 5.01125e-08 0.99835

  PointToIndexMatrix: 
-0.99591 0.0697565 -0.0574239
-0.0698718 -0.997556 5.01483e-08
-0.0572835 0.00401236 0.99835

  Inverse Direction: 
-0.99591 0.0697565 -0.0574239
-0.0698718 -0.997556 5.01483e-08
-0.0572835 0.00401236 0.99835

  PixelContainer: 
    ImportImageContainer (0x35716d0)
      RTTI typeinfo:   itk::ImportImageContainer<unsigned long, double>
      Reference Count: 1
      Modified Time: 1573
      Debug: Off
      Object Name: 
      Observers: 
        none
      Pointer: 0x14bb72ce8010
      Container manages memory: true
      Size: 9830400
      Capacity: 9830400

     Weighting = 1
     Sampling strategy = regular
     Number of bins = 32
     Radius = 4
     Sampling percentage  = 0.25
   Transform = Rigid
     Gradient step = 0.1
     Update field sigma (voxel space) = 0
     Total field sigma (voxel space) = 0
     Update field time sigma = 0
     Total field time sigma  = 0
     Number of time indices = 0
     Number of time point samples = 0
Registration using 1 total stages.

Stage 0
  iterations = 1000x500x250x100
  convergence threshold = 1e-06
  convergence window size = 10
  number of levels = 4
  using the Mattes MI metric (number of bins = 32, weight = 1, use gradient filter = 0)
  preprocessing:  winsorizing the image intensities
  Shrink factors (level 1 out of 4): [8, 8, 8]
  Shrink factors (level 2 out of 4): [4, 4, 4]
  Shrink factors (level 3 out of 4): [2, 2, 2]
  Shrink factors (level 4 out of 4): [1, 1, 1]
  smoothing sigmas per level: [3, 2, 1, 0]
  regular sampling (percentage = 0.25)

*** Running Euler3DTransform registration ***

DIAGNOSTIC,Iteration,metricValue,convergenceValue,ITERATION_TIME_INDEX,SINCE_LAST
 2DIAGNOSTIC,     1, -4.945365495269e-01, 1.797693134862e+308, 6.3240e-01, 6.3240e-01, 
 2DIAGNOSTIC,     2, -4.961551199262e-01, 1.797693134862e+308, 6.3691e-01, 4.5090e-03, 
 2DIAGNOSTIC,     3, -4.991207097076e-01, 1.797693134862e+308, 6.4176e-01, 4.8509e-03, 
 2DIAGNOSTIC,     4, -5.030359852117e-01, 1.797693134862e+308, 6.4589e-01, 4.1320e-03, 
 2DIAGNOSTIC,     5, -5.059125054655e-01, 1.797693134862e+308, 6.5040e-01, 4.5111e-03, 
 2DIAGNOSTIC,     6, -5.092815596254e-01, 1.797693134862e+308, 6.5537e-01, 4.9720e-03, 
 2DIAGNOSTIC,     7, -5.205915484568e-01, 1.797693134862e+308, 6.6041e-01, 5.0368e-03, 
 2DIAGNOSTIC,     8, -5.236677933913e-01, 1.797693134862e+308, 6.6464e-01, 4.2329e-03, 
 2DIAGNOSTIC,     9, -5.261653611514e-01, 1.797693134862e+308, 6.6900e-01, 4.3561e-03, 
 2DIAGNOSTIC,    10, -5.313843279548e-01, 4.956236851461e-03, 6.7357e-01, 4.5710e-03, 
 2DIAGNOSTIC,    11, -5.461121550605e-01, 5.255951709878e-03, 6.7955e-01, 5.9841e-03, 
 2DIAGNOSTIC,    12, -5.563506773259e-01, 5.544499219500e-03, 6.8472e-01, 5.1680e-03, 
 2DIAGNOSTIC,    13, -6.011783753083e-01, 7.240286203949e-03, 6.9058e-01, 5.8560e-03, 
 2DIAGNOSTIC,    14, -6.166052825020e-01, 8.701253899151e-03, 6.9588e-01, 5.3010e-03, 
 2DIAGNOSTIC,    15, -6.211428291658e-01, 9.416357351036e-03, 7.0005e-01, 4.1711e-03, 
 2DIAGNOSTIC,    16, -6.235432151933e-01, 9.368281936571e-03, 7.0529e-01, 5.2421e-03, 
 2DIAGNOSTIC,    17, -6.347577462740e-01, 9.145335032621e-03, 7.1308e-01, 7.7860e-03, 
 2DIAGNOSTIC,    18, -6.413138477089e-01, 8.359392957315e-03, 7.1925e-01, 6.1719e-03, 
 2DIAGNOSTIC,    19, -6.420802716431e-01, 6.980623470939e-03, 7.2495e-01, 5.6970e-03, 
 2DIAGNOSTIC,    20, -6.425493372920e-01, 5.272872602182e-03, 7.2933e-01, 4.3809e-03, 
 2DIAGNOSTIC,    21, -6.431795005335e-01, 3.641466683337e-03, 7.3443e-01, 5.1019e-03, 
 2DIAGNOSTIC,    22, -6.434078410754e-01, 2.049113996687e-03, 7.3889e-01, 4.4601e-03, 
 2DIAGNOSTIC,    23, -6.435083890849e-01, 1.381096900400e-03, 7.4391e-01, 5.0201e-03, 
 2DIAGNOSTIC,    24, -6.436807760192e-01, 9.688116397449e-04, 7.4959e-01, 5.6801e-03, 
 2DIAGNOSTIC,    25, -6.439989411859e-01, 6.014654047739e-04, 7.5580e-01, 6.2120e-03, 
 2DIAGNOSTIC,    26, -6.448361551180e-01, 2.655197186531e-04, 7.6058e-01, 4.7748e-03, 
 2DIAGNOSTIC,    27, -6.460796034364e-01, 1.536865809666e-04, 7.6560e-01, 5.0199e-03, 
 2DIAGNOSTIC,    28, -6.463976194782e-01, 1.550353565122e-04, 7.7011e-01, 4.5140e-03, 
 2DIAGNOSTIC,    29, -6.463935457269e-01, 1.547432194772e-04, 7.7459e-01, 4.4799e-03, 
 2DIAGNOSTIC,    30, -6.464392297760e-01, 1.482978408778e-04, 7.7982e-01, 5.2269e-03, 
 2DIAGNOSTIC,    31, -6.463723508463e-01, 1.368671277488e-04, 7.8425e-01, 4.4279e-03, 
 2DIAGNOSTIC,    32, -6.464254416652e-01, 1.173265385240e-04, 7.8990e-01, 5.6531e-03, 
 2DIAGNOSTIC,    33, -6.464354984318e-01, 8.969325022142e-05, 8.0420e-01, 1.4305e-02, 
 2DIAGNOSTIC,    34, -6.464354983989e-01, 5.811484337542e-05, 8.1835e-01, 1.4149e-02, 
 2DIAGNOSTIC,    35, -6.464354983988e-01, 2.735366614663e-05, 8.2328e-01, 4.9310e-03, 
 2DIAGNOSTIC,    36, -6.464354983988e-01, 6.561980253519e-06, 8.2881e-01, 5.5289e-03, 
 2DIAGNOSTIC,    37, -6.464354983988e-01, 2.244501783700e-06, 8.3433e-01, 5.5141e-03, 
 2DIAGNOSTIC,    38, -6.464354983988e-01, 1.990755147323e-06, 8.4038e-01, 6.0580e-03, 
 2DIAGNOSTIC,    39, -6.464354983988e-01, 1.582335443864e-06, 8.4562e-01, 5.2352e-03, 
 2DIAGNOSTIC,    40, -6.464354983988e-01, 1.698172133344e-06, 8.5065e-01, 5.0280e-03, 
DIAGNOSTIC,Iteration,metricValue,convergenceValue,ITERATION_TIME_INDEX,SINCE_LAST
 2DIAGNOSTIC,     1, -5.367244454514e-01, 1.797693134862e+308, 1.5414e+00, 6.9077e-01, 
 2DIAGNOSTIC,     2, -5.380313838660e-01, 1.797693134862e+308, 1.5717e+00, 3.0305e-02, 
 2DIAGNOSTIC,     3, -5.401731914487e-01, 1.797693134862e+308, 1.5980e+00, 2.6267e-02, 
 2DIAGNOSTIC,     4, -5.431881347506e-01, 1.797693134862e+308, 1.6238e+00, 2.5759e-02, 
 2DIAGNOSTIC,     5, -5.453557598495e-01, 1.797693134862e+308, 1.6498e+00, 2.6073e-02, 
 2DIAGNOSTIC,     6, -5.461088566291e-01, 1.797693134862e+308, 1.6750e+00, 2.5137e-02, 
 2DIAGNOSTIC,     7, -5.462086681985e-01, 1.797693134862e+308, 1.7044e+00, 2.9440e-02, 
 2DIAGNOSTIC,     8, -5.464869268576e-01, 1.797693134862e+308, 1.7369e+00, 3.2509e-02, 
 2DIAGNOSTIC,     9, -5.465850815505e-01, 1.797693134862e+308, 1.7742e+00, 3.7259e-02, 
 2DIAGNOSTIC,    10, -5.466464840903e-01, 1.224741182468e-03, 1.8017e+00, 2.7536e-02, 
 2DIAGNOSTIC,    11, -5.470487708912e-01, 8.391099419835e-04, 1.8326e+00, 3.0844e-02, 
 2DIAGNOSTIC,    12, -5.471506826175e-01, 5.042747974534e-04, 1.8629e+00, 3.0352e-02, 
 2DIAGNOSTIC,    13, -5.471747723221e-01, 2.608962609578e-04, 1.9000e+00, 3.7076e-02, 
 2DIAGNOSTIC,    14, -5.471893677043e-01, 1.401592483894e-04, 1.9310e+00, 3.1039e-02, 
 2DIAGNOSTIC,    15, -5.471839955085e-01, 9.761644891940e-05, 1.9611e+00, 3.0100e-02, 
 2DIAGNOSTIC,    16, -5.471599229484e-01, 7.527607316678e-05, 1.9917e+00, 3.0591e-02, 
 2DIAGNOSTIC,    17, -5.471662421493e-01, 5.183178683770e-05, 2.0187e+00, 2.6977e-02, 
 2DIAGNOSTIC,    18, -5.471747029203e-01, 3.478196688250e-05, 2.0494e+00, 3.0740e-02, 
 2DIAGNOSTIC,    19, -5.471813452011e-01, 1.945630439942e-05, 2.0799e+00, 3.0458e-02, 
 2DIAGNOSTIC,    20, -5.471662914718e-01, 4.969832204937e-06, 2.1062e+00, 2.6316e-02, 
 2DIAGNOSTIC,    21, -5.471844158977e-01, 1.951264481610e-06, 2.1364e+00, 3.0168e-02, 
 2DIAGNOSTIC,    22, -5.471946855564e-01, 1.794830233486e-06, 2.1643e+00, 2.7971e-02, 
 2DIAGNOSTIC,    23, -5.472309777608e-01, 2.955891363253e-06, 2.1915e+00, 2.7200e-02, 
 2DIAGNOSTIC,    24, -5.472460347271e-01, 4.500345754235e-06, 2.2210e+00, 2.9458e-02, 
 2DIAGNOSTIC,    25, -5.473225344154e-01, 7.130562303052e-06, 2.2462e+00, 2.5245e-02, 
 2DIAGNOSTIC,    26, -5.474469322292e-01, 1.098291101265e-05, 2.2724e+00, 2.6118e-02, 
 2DIAGNOSTIC,    27, -5.481013380160e-01, 2.630865799198e-05, 2.3038e+00, 3.1461e-02, 
 2DIAGNOSTIC,    28, -5.480678937082e-01, 3.738993654703e-05, 2.3430e+00, 3.9192e-02, 
 2DIAGNOSTIC,    29, -5.482084716506e-01, 4.712040400668e-05, 2.3806e+00, 3.7552e-02, 
 2DIAGNOSTIC,    30, -5.482082518757e-01, 5.166415054749e-05, 2.4128e+00, 3.2218e-02, 
 2DIAGNOSTIC,    31, -5.482014615907e-01, 5.125921755519e-05, 2.4483e+00, 3.5501e-02, 
 2DIAGNOSTIC,    32, -5.481815957108e-01, 4.582630935116e-05, 2.4769e+00, 2.8632e-02, 
 2DIAGNOSTIC,    33, -5.481718257295e-01, 3.689943200943e-05, 2.5054e+00, 2.8509e-02, 
 2DIAGNOSTIC,    34, -5.481825626514e-01, 2.560031564751e-05, 2.5340e+00, 2.8529e-02, 
 2DIAGNOSTIC,    35, -5.481838557518e-01, 1.379952216451e-05, 2.5635e+00, 2.9544e-02, 
 2DIAGNOSTIC,    36, -5.481854579857e-01, 3.009181862315e-06, 2.5922e+00, 2.8669e-02, 
 2DIAGNOSTIC,    37, -5.482631349728e-01, 2.936487546842e-06, 2.6239e+00, 3.1774e-02, 
 2DIAGNOSTIC,    38, -5.482856021557e-01, 2.436033690555e-06, 2.6539e+00, 2.9933e-02, 
 2DIAGNOSTIC,    39, -5.482706817783e-01, 3.481461666382e-06, 2.6844e+00, 3.0478e-02, 
 2DIAGNOSTIC,    40, -5.481987736366e-01, 3.304982062635e-06, 2.7144e+00, 3.0091e-02, 
 2DIAGNOSTIC,    41, -5.482804057118e-01, 3.879100477021e-06, 2.7450e+00, 3.0577e-02, 
 2DIAGNOSTIC,    42, -5.481859228271e-01, 2.659809755032e-06, 2.7783e+00, 3.3236e-02, 
 2DIAGNOSTIC,    43, -5.482756802740e-01, 2.302463759690e-06, 2.8145e+00, 3.6273e-02, 
 2DIAGNOSTIC,    44, -5.483025235402e-01, 2.248043735841e-06, 2.8446e+00, 3.0040e-02, 
 2DIAGNOSTIC,    45, -5.482811787031e-01, 1.830250842383e-06, 2.8743e+00, 2.9691e-02, 
 2DIAGNOSTIC,    46, -5.482645577272e-01, 1.147428534135e-06, 2.9047e+00, 3.0420e-02, 
 2DIAGNOSTIC,    47, -5.482548593177e-01, 1.197584315257e-06, 2.9903e+00, 8.5647e-02, 
 2DIAGNOSTIC,    48, -5.482548593165e-01, 1.432267338505e-06, 3.0670e+00, 7.6656e-02, 
 2DIAGNOSTIC,    49, -5.482548593165e-01, 1.429868745500e-06, 3.1040e+00, 3.7014e-02, 
DIAGNOSTIC,Iteration,metricValue,convergenceValue,ITERATION_TIME_INDEX,SINCE_LAST
 2DIAGNOSTIC,     1, -4.661873938955e-01, 1.797693134862e+308, 4.2105e+00, 1.1065e+00, 
 2DIAGNOSTIC,     2, -4.663634404741e-01, 1.797693134862e+308, 4.4479e+00, 2.3735e-01, 
 2DIAGNOSTIC,     3, -4.665065266318e-01, 1.797693134862e+308, 4.6764e+00, 2.2849e-01, 
 2DIAGNOSTIC,     4, -4.666272936125e-01, 1.797693134862e+308, 4.9149e+00, 2.3853e-01, 
 2DIAGNOSTIC,     5, -4.667166880661e-01, 1.797693134862e+308, 5.1440e+00, 2.2911e-01, 
 2DIAGNOSTIC,     6, -4.668667239302e-01, 1.797693134862e+308, 5.3820e+00, 2.3799e-01, 
 2DIAGNOSTIC,     7, -4.669697651863e-01, 1.797693134862e+308, 5.6387e+00, 2.5677e-01, 
 2DIAGNOSTIC,     8, -4.670258339186e-01, 1.797693134862e+308, 5.9460e+00, 3.0729e-01, 
 2DIAGNOSTIC,     9, -4.670791319805e-01, 1.797693134862e+308, 6.1694e+00, 2.2341e-01, 
 2DIAGNOSTIC,    10, -4.671177523406e-01, 1.313507390034e-04, 6.3924e+00, 2.2295e-01, 
 2DIAGNOSTIC,    11, -4.671984784845e-01, 1.051589830785e-04, 6.6259e+00, 2.3352e-01, 
 2DIAGNOSTIC,    12, -4.674361187842e-01, 9.491380418786e-05, 6.9967e+00, 3.7077e-01, 
 2DIAGNOSTIC,    13, -4.675162717119e-01, 8.805704120235e-05, 7.2200e+00, 2.2327e-01, 
 2DIAGNOSTIC,    14, -4.675732990547e-01, 8.220286473790e-05, 7.5567e+00, 3.3671e-01, 
 2DIAGNOSTIC,    15, -4.675740523392e-01, 7.348772825658e-05, 7.8649e+00, 3.0824e-01, 
 2DIAGNOSTIC,    16, -4.675763031948e-01, 6.504174735297e-05, 8.2977e+00, 4.3279e-01, 
 2DIAGNOSTIC,    17, -4.675763995416e-01, 5.533232050984e-05, 8.5406e+00, 2.4290e-01, 
 2DIAGNOSTIC,    18, -4.675746404422e-01, 4.352712971810e-05, 8.7766e+00, 2.3600e-01, 
 2DIAGNOSTIC,    19, -4.675729811238e-01, 3.083222219755e-05, 9.0466e+00, 2.6995e-01, 
 2DIAGNOSTIC,    20, -4.675713171771e-01, 1.787324008769e-05, 9.2865e+00, 2.3996e-01, 
 2DIAGNOSTIC,    21, -4.675679162589e-01, 6.729362212840e-06, 9.5263e+00, 2.3977e-01, 
 2DIAGNOSTIC,    22, -4.675676531976e-01, 2.633946222033e-06, 9.8041e+00, 2.7780e-01, 
DIAGNOSTIC,Iteration,metricValue,convergenceValue,ITERATION_TIME_INDEX,SINCE_LAST
 2DIAGNOSTIC,     1, -4.258650701936e-01, 1.797693134862e+308, 1.2359e+01, 2.5547e+00, 
 2DIAGNOSTIC,     2, -4.259686216603e-01, 1.797693134862e+308, 1.3731e+01, 1.3719e+00, 
 2DIAGNOSTIC,     3, -4.260095492090e-01, 1.797693134862e+308, 1.5598e+01, 1.8670e+00, 
 2DIAGNOSTIC,     4, -4.260079810457e-01, 1.797693134862e+308, 1.7890e+01, 2.2919e+00, 
 2DIAGNOSTIC,     5, -4.260082752702e-01, 1.797693134862e+308, 1.9439e+01, 1.5495e+00, 
 2DIAGNOSTIC,     6, -4.260081876863e-01, 1.797693134862e+308, 2.1108e+01, 1.6692e+00, 
 2DIAGNOSTIC,     7, -4.260082316518e-01, 1.797693134862e+308, 2.2597e+01, 1.4886e+00, 
 2DIAGNOSTIC,     8, -4.260082734722e-01, 1.797693134862e+308, 2.4174e+01, 1.5765e+00, 
 2DIAGNOSTIC,     9, -4.260078930525e-01, 1.797693134862e+308, 2.5712e+01, 1.5381e+00, 
 2DIAGNOSTIC,    10, -4.260080339841e-01, 1.495506067536e-05, 2.7211e+01, 1.4990e+00, 
 2DIAGNOSTIC,    11, -4.260077714583e-01, 5.182809553542e-06, 2.8713e+01, 1.5021e+00, 
 2DIAGNOSTIC,    12, -4.260079263017e-01, 2.533830377779e-06, 3.0167e+01, 1.4538e+00, 
 2DIAGNOSTIC,    13, -4.260075458971e-01, 2.386057794054e-06, 3.1903e+01, 1.7360e+00, 
 2DIAGNOSTIC,    14, -4.260073518630e-01, 2.181212181387e-06, 3.3349e+01, 1.4470e+00, 
 2DIAGNOSTIC,    15, -4.260072597461e-01, 2.021299435107e-06, 3.4824e+01, 1.4741e+00, 
 2DIAGNOSTIC,    16, -4.260070660963e-01, 1.878368526928e-06, 3.6113e+01, 1.2891e+00, 
 2DIAGNOSTIC,    17, -4.260070826299e-01, 1.764641450464e-06, 3.7587e+01, 1.4742e+00, 
 2DIAGNOSTIC,    18, -4.260077214137e-01, 1.699013994980e-06, 3.9181e+01, 1.5939e+00, 
 2DIAGNOSTIC,    19, -4.260079354570e-01, 1.640043960825e-06, 4.0636e+01, 1.4550e+00, 
 2DIAGNOSTIC,    20, -4.260078429782e-01, 1.592033843825e-06, 4.2109e+01, 1.4733e+00, 
 2DIAGNOSTIC,    21, -4.260077538873e-01, 1.537507578898e-06, 4.3722e+01, 1.6133e+00, 
 2DIAGNOSTIC,    22, -4.260076610569e-01, 1.488002066126e-06, 4.5350e+01, 1.6280e+00, 
 2DIAGNOSTIC,    23, -4.260075656044e-01, 1.424764421241e-06, 4.6864e+01, 1.5135e+00, 
 2DIAGNOSTIC,    24, -4.260074725789e-01, 1.354771178165e-06, 4.8149e+01, 1.2851e+00, 
 2DIAGNOSTIC,    25, -4.260070798105e-01, 1.275144132847e-06, 4.9461e+01, 1.3125e+00, 
 2DIAGNOSTIC,    26, -4.260075160627e-01, 1.208161569191e-06, 5.0994e+01, 1.5329e+00, 
 2DIAGNOSTIC,    27, -4.260077468775e-01, 1.152862062537e-06, 5.2511e+01, 1.5169e+00, 
 2DIAGNOSTIC,    28, -4.260075751013e-01, 1.114689602316e-06, 5.3915e+01, 1.4036e+00, 
 2DIAGNOSTIC,    29, -4.260078393818e-01, 1.092594610355e-06, 5.5877e+01, 1.9627e+00, 
 2DIAGNOSTIC,    30, -4.260076454951e-01, 1.065997905093e-06, 5.7420e+01, 1.5427e+00, 
 2DIAGNOSTIC,    31, -4.260076541553e-01, 1.038833305059e-06, 5.8959e+01, 1.5390e+00, 
 2DIAGNOSTIC,    32, -4.260074559451e-01, 1.005930362875e-06, 6.0468e+01, 1.5089e+00, 
  Elapsed time (stage 0): 6.1301e+01


Total elapsed time: 6.1303e+01
Info [verificarlo]: loaded backend libinterflop_ieee.so
Info [interflop-ieee]: load backend with:
Info [interflop-ieee]: debug = false
Info [interflop-ieee]: debug-binary = false
Info [interflop-ieee]: no-backend-name = false
Info [interflop-ieee]: print-new-line = false
Info [interflop-ieee]: print-subnormal-normalized = false
Info [interflop-ieee]: count-op = false
All_Command_lines_OK
Using double precision for computations.
=============================================================================
The composite transform comprises the following transforms (in order): 
  1. /home/mdugre/scratch/mri-registration-rp/datasets/ds004513/derivatives/mri-registration-rp/0001/antsRegistration-r7-p6/sub-s033/rigid_Composite.h5[0] (type = Euler3DTransform)
  2. /home/mdugre/scratch/mri-registration-rp/datasets/ds004513/derivatives/mri-registration-rp/0001/antsRegistration-r7-p6/sub-s033/rigid_Composite.h5[1] (type = Euler3DTransform)
  3. /home/mdugre/scratch/mri-registration-rp/datasets/ds004513/derivatives/mri-registration-rp/0001/antsRegistration-r7-p6/sub-s033/rigid_Composite.h5[2] (type = Euler3DTransform)
=============================================================================
  number of levels = 4
  fixed image: /templateflow/tpl-MNI152NLin2009cAsym/tpl-MNI152NLin2009cAsym_res-01_desc-brain_T1w.nii.gz
  moving image: /home/mdugre/scratch/mri-registration-rp/datasets/ds004513/derivatives/mri-registration-rp/antsBrainExtraction/sub-s033/BrainExtractionBrain.nii.gz
Dimension = 3
Number of stages = 1
Use histogram matching = false
Winsorize image intensities = true
  Lower quantile = 0.005
  Upper quantile = 0.995


Stage 1 State
   Image metric = MattesMI
     Fixed image = Image (0x35d2530)
  RTTI typeinfo:   itk::Image<double, 3u>
  Reference Count: 2
  Modified Time: 1592
  Debug: Off
  Object Name: 
  Observers: 
    none
  Source: (none)
  Source output name: (none)
  Release Data: Off
  Data Released: False
  Global Release Data: Off
  PipelineMTime: 0
  UpdateMTime: 1203
  RealTimeStamp: 0 seconds 
  LargestPossibleRegion: 
    Dimension: 3
    Index: [0, 0, 0]
    Size: [193, 229, 193]
  BufferedRegion: 
    Dimension: 3
    Index: [0, 0, 0]
    Size: [193, 229, 193]
  RequestedRegion: 
    Dimension: 3
    Index: [0, 0, 0]
    Size: [193, 229, 193]
  Spacing: [1, 1, 1]
  Origin: [96, 132, -78]
  Direction: 
-1 0 0
0 -1 0
0 0 1

  IndexToPointMatrix: 
-1 0 0
0 -1 0
0 0 1

  PointToIndexMatrix: 
-1 0 0
0 -1 0
0 0 1

  Inverse Direction: 
-1 0 0
0 -1 0
0 0 1

  PixelContainer: 
    ImportImageContainer (0x368b2a0)
      RTTI typeinfo:   itk::ImportImageContainer<unsigned long, double>
      Reference Count: 1
      Modified Time: 1200
      Debug: Off
      Object Name: 
      Observers: 
        none
      Pointer: 0x154b1ae10010
      Container manages memory: true
      Size: 8530021
      Capacity: 8530021

     Moving image = Image (0x368de60)
  RTTI typeinfo:   itk::Image<double, 3u>
  Reference Count: 2
  Modified Time: 1593
  Debug: Off
  Object Name: 
  Observers: 
    none
  Source: (none)
  Source output name: (none)
  Release Data: Off
  Data Released: False
  Global Release Data: Off
  PipelineMTime: 0
  UpdateMTime: 1590
  RealTimeStamp: 0 seconds 
  LargestPossibleRegion: 
    Dimension: 3
    Index: [0, 0, 0]
    Size: [160, 240, 256]
  BufferedRegion: 
    Dimension: 3
    Index: [0, 0, 0]
    Size: [160, 240, 256]
  RequestedRegion: 
    Dimension: 3
    Index: [0, 0, 0]
    Size: [160, 240, 256]
  Spacing: [1, 1, 1]
  Origin: [91.5134, 94.282, -109.927]
  Direction: 
-0.99591 -0.0698718 -0.0572835
0.0697565 -0.997556 0.00401236
-0.0574239 5.01125e-08 0.99835

  IndexToPointMatrix: 
-0.99591 -0.0698718 -0.0572835
0.0697565 -0.997556 0.00401236
-0.0574239 5.01125e-08 0.99835

  PointToIndexMatrix: 
-0.99591 0.0697565 -0.0574239
-0.0698718 -0.997556 5.01483e-08
-0.0572835 0.00401236 0.99835

  Inverse Direction: 
-0.99591 0.0697565 -0.0574239
-0.0698718 -0.997556 5.01483e-08
-0.0572835 0.00401236 0.99835

  PixelContainer: 
    ImportImageContainer (0x36c1390)
      RTTI typeinfo:   itk::ImportImageContainer<unsigned long, double>
      Reference Count: 1
      Modified Time: 1587
      Debug: Off
      Object Name: 
      Observers: 
        none
      Pointer: 0x154b1630f010
      Container manages memory: true
      Size: 9830400
      Capacity: 9830400

     Weighting = 1
     Sampling strategy = regular
     Number of bins = 32
     Radius = 4
     Sampling percentage  = 0.25
   Transform = Affine
     Gradient step = 0.1
     Update field sigma (voxel space) = 0
     Total field sigma (voxel space) = 0
     Update field time sigma = 0
     Total field time sigma  = 0
     Number of time indices = 0
     Number of time point samples = 0
Registration using 1 total stages.

Stage 0
  iterations = 1000x500x250x100
  convergence threshold = 1e-06
  convergence window size = 10
  number of levels = 4
  using the Mattes MI metric (number of bins = 32, weight = 1, use gradient filter = 0)
  preprocessing:  winsorizing the image intensities
  Shrink factors (level 1 out of 4): [8, 8, 8]
  Shrink factors (level 2 out of 4): [4, 4, 4]
  Shrink factors (level 3 out of 4): [2, 2, 2]
  Shrink factors (level 4 out of 4): [1, 1, 1]
  smoothing sigmas per level: [3, 2, 1, 0]
  regular sampling (percentage = 0.25)

*** Running AffineTransform registration ***

DIAGNOSTIC,Iteration,metricValue,convergenceValue,ITERATION_TIME_INDEX,SINCE_LAST
 2DIAGNOSTIC,     1, -6.382810698589e-01, 1.797693134862e+308, 6.5676e-01, 6.5676e-01, 
 2DIAGNOSTIC,     2, -6.407465524850e-01, 1.797693134862e+308, 6.6160e-01, 4.8389e-03, 
 2DIAGNOSTIC,     3, -6.451565442158e-01, 1.797693134862e+308, 6.6618e-01, 4.5791e-03, 
 2DIAGNOSTIC,     4, -6.521824089737e-01, 1.797693134862e+308, 6.7082e-01, 4.6370e-03, 
 2DIAGNOSTIC,     5, -6.630833061339e-01, 1.797693134862e+308, 6.7536e-01, 4.5419e-03, 
 2DIAGNOSTIC,     6, -6.815408852654e-01, 1.797693134862e+308, 6.7992e-01, 4.5619e-03, 
 2DIAGNOSTIC,     7, -7.249758461002e-01, 1.797693134862e+308, 6.8535e-01, 5.4281e-03, 
 2DIAGNOSTIC,     8, -8.402379977152e-01, 1.797693134862e+308, 6.9022e-01, 4.8740e-03, 
 2DIAGNOSTIC,     9, -8.669893674589e-01, 1.797693134862e+308, 7.0624e-01, 1.6016e-02, 
 2DIAGNOSTIC,    10, -8.690159956910e-01, 2.370866771024e-02, 7.1154e-01, 5.3041e-03, 
 2DIAGNOSTIC,    11, -8.788585801213e-01, 2.366204355734e-02, 7.1670e-01, 5.1579e-03, 
 2DIAGNOSTIC,    12, -8.887438214177e-01, 2.187450057538e-02, 7.2176e-01, 5.0581e-03, 
 2DIAGNOSTIC,    13, -8.929112130104e-01, 1.863997131406e-02, 7.2727e-01, 5.5070e-03, 
 2DIAGNOSTIC,    14, -8.986797080920e-01, 1.459619951447e-02, 7.3277e-01, 5.5060e-03, 
 2DIAGNOSTIC,    15, -9.051773537053e-01, 1.031721803630e-02, 7.4111e-01, 8.3339e-03, 
 2DIAGNOSTIC,    16, -9.052609510001e-01, 6.142730618296e-03, 7.4718e-01, 6.0701e-03, 
 2DIAGNOSTIC,    17, -9.054081681998e-01, 2.822390908113e-03, 7.5297e-01, 5.7900e-03, 
 2DIAGNOSTIC,    18, -9.052651531720e-01, 1.920663611671e-03, 7.5836e-01, 5.3971e-03, 
 2DIAGNOSTIC,    19, -9.053417328949e-01, 1.448804105131e-03, 7.6386e-01, 5.5010e-03, 
 2DIAGNOSTIC,    20, -9.056307706164e-01, 9.325889570607e-04, 7.6908e-01, 5.2199e-03, 
 2DIAGNOSTIC,    21, -9.057905473094e-01, 5.479039683620e-04, 7.7790e-01, 8.8120e-03, 
 2DIAGNOSTIC,    22, -9.059081476729e-01, 3.097052974429e-04, 7.8352e-01, 5.6229e-03, 
 2DIAGNOSTIC,    23, -9.059074906453e-01, 1.269486429468e-04, 7.8856e-01, 5.0399e-03, 
 2DIAGNOSTIC,    24, -9.060846480738e-01, 3.177078871383e-05, 7.9364e-01, 5.0788e-03, 
 2DIAGNOSTIC,    25, -9.061399649923e-01, 3.169335253731e-05, 7.9921e-01, 5.5721e-03, 
 2DIAGNOSTIC,    26, -9.063736845484e-01, 3.283744761275e-05, 8.0536e-01, 6.1510e-03, 
 2DIAGNOSTIC,    27, -9.065864443831e-01, 3.551774813263e-05, 8.1236e-01, 6.9950e-03, 
 2DIAGNOSTIC,    28, -9.066214600088e-01, 3.346808254450e-05, 8.1900e-01, 6.6478e-03, 
 2DIAGNOSTIC,    29, -9.061312864856e-01, 2.368548610660e-05, 8.2509e-01, 6.0840e-03, 
 2DIAGNOSTIC,    30, -9.059980608812e-01, 1.437210986921e-05, 8.3172e-01, 6.6350e-03, 
 2DIAGNOSTIC,    31, -9.060244316631e-01, 6.398962372256e-06, 8.3659e-01, 4.8640e-03, 
DIAGNOSTIC,Iteration,metricValue,convergenceValue,ITERATION_TIME_INDEX,SINCE_LAST
 2DIAGNOSTIC,     1, -7.439580008522e-01, 1.797693134862e+308, 1.5582e+00, 7.2158e-01, 
 2DIAGNOSTIC,     2, -7.448083855987e-01, 1.797693134862e+308, 1.5983e+00, 4.0131e-02, 
 2DIAGNOSTIC,     3, -7.457618761788e-01, 1.797693134862e+308, 1.6400e+00, 4.1720e-02, 
 2DIAGNOSTIC,     4, -7.465206054335e-01, 1.797693134862e+308, 1.6780e+00, 3.7995e-02, 
 2DIAGNOSTIC,     5, -7.471929213484e-01, 1.797693134862e+308, 1.7199e+00, 4.1838e-02, 
 2DIAGNOSTIC,     6, -7.483572287777e-01, 1.797693134862e+308, 1.7914e+00, 7.1513e-02, 
 2DIAGNOSTIC,     7, -7.483855495418e-01, 1.797693134862e+308, 1.8357e+00, 4.4297e-02, 
 2DIAGNOSTIC,     8, -7.483765485075e-01, 1.797693134862e+308, 1.8755e+00, 3.9845e-02, 
 2DIAGNOSTIC,     9, -7.483744390710e-01, 1.797693134862e+308, 1.9155e+00, 4.0014e-02, 
 2DIAGNOSTIC,    10, -7.483760828553e-01, 4.000903730131e-04, 1.9508e+00, 3.5280e-02, 
 2DIAGNOSTIC,    11, -7.483854061586e-01, 2.698520976730e-04, 1.9871e+00, 3.6309e-02, 
 2DIAGNOSTIC,    12, -7.484053275629e-01, 1.646140119042e-04, 2.0255e+00, 3.8432e-02, 
 2DIAGNOSTIC,    13, -7.484499240177e-01, 9.031052000165e-05, 2.0621e+00, 3.6513e-02, 
 2DIAGNOSTIC,    14, -7.484731974638e-01, 3.974514238869e-05, 2.1017e+00, 3.9653e-02, 
 2DIAGNOSTIC,    15, -7.485088829820e-01, 9.618745844597e-06, 2.1413e+00, 3.9633e-02, 
 2DIAGNOSTIC,    16, -7.485539077918e-01, 1.128277051023e-05, 2.1810e+00, 3.9613e-02, 
 2DIAGNOSTIC,    17, -7.485782947981e-01, 1.305706504244e-05, 2.2212e+00, 4.0227e-02, 
 2DIAGNOSTIC,    18, -7.485586844600e-01, 1.299131246742e-05, 2.2578e+00, 3.6649e-02, 
 2DIAGNOSTIC,    19, -7.485802357219e-01, 1.230723641595e-05, 2.2939e+00, 3.6042e-02, 
 2DIAGNOSTIC,    20, -7.486223282940e-01, 1.152325039745e-05, 2.3297e+00, 3.5796e-02, 
 2DIAGNOSTIC,    21, -7.486675314612e-01, 1.084123581629e-05, 2.3696e+00, 3.9917e-02, 
 2DIAGNOSTIC,    22, -7.486472896660e-01, 9.321729174956e-06, 2.4104e+00, 4.0774e-02, 
 2DIAGNOSTIC,    23, -7.486511847534e-01, 8.039711304010e-06, 2.4508e+00, 4.0411e-02, 
 2DIAGNOSTIC,    24, -7.486434473331e-01, 6.484432723150e-06, 2.4987e+00, 4.7943e-02, 
 2DIAGNOSTIC,    25, -7.486309072083e-01, 4.885634711183e-06, 2.5350e+00, 3.6322e-02, 
 2DIAGNOSTIC,    26, -7.486335404489e-01, 3.750644458789e-06, 2.5748e+00, 3.9744e-02, 
 2DIAGNOSTIC,    27, -7.486371899699e-01, 2.874898247698e-06, 2.6104e+00, 3.5612e-02, 
 2DIAGNOSTIC,    28, -7.486101350603e-01, 1.273881076444e-06, 2.6508e+00, 4.0445e-02, 
DIAGNOSTIC,Iteration,metricValue,convergenceValue,ITERATION_TIME_INDEX,SINCE_LAST
 2DIAGNOSTIC,     1, -6.324389089028e-01, 1.797693134862e+308, 3.7845e+00, 1.1336e+00, 
 2DIAGNOSTIC,     2, -6.330427666326e-01, 1.797693134862e+308, 4.0743e+00, 2.8987e-01, 
 2DIAGNOSTIC,     3, -6.336963318720e-01, 1.797693134862e+308, 4.3792e+00, 3.0487e-01, 
 2DIAGNOSTIC,     4, -6.345222283457e-01, 1.797693134862e+308, 4.6763e+00, 2.9712e-01, 
 2DIAGNOSTIC,     5, -6.368229877406e-01, 1.797693134862e+308, 5.2452e+00, 5.6891e-01, 
 2DIAGNOSTIC,     6, -6.368150297381e-01, 1.797693134862e+308, 5.5648e+00, 3.1957e-01, 
 2DIAGNOSTIC,     7, -6.368131258755e-01, 1.797693134862e+308, 5.9784e+00, 4.1361e-01, 
 2DIAGNOSTIC,     8, -6.368140835391e-01, 1.797693134862e+308, 6.2919e+00, 3.1348e-01, 
 2DIAGNOSTIC,     9, -6.368118669794e-01, 1.797693134862e+308, 6.5873e+00, 2.9538e-01, 
 2DIAGNOSTIC,    10, -6.368123165196e-01, 4.917263240700e-04, 6.8881e+00, 3.0085e-01, 
 2DIAGNOSTIC,    11, -6.368115412443e-01, 3.319364931050e-04, 7.1847e+00, 2.9660e-01, 
 2DIAGNOSTIC,    12, -6.368091214697e-01, 1.928083734194e-04, 7.5233e+00, 3.3852e-01, 
 2DIAGNOSTIC,    13, -6.368096093098e-01, 8.058110841329e-05, 7.8615e+00, 3.3827e-01, 
 2DIAGNOSTIC,    14, -6.368087716343e-01, 1.545246192336e-06, 8.1692e+00, 3.0768e-01, 
 2DIAGNOSTIC,    15, -6.368077787338e-01, 1.658671667598e-06, 8.4593e+00, 2.9010e-01, 
 2DIAGNOSTIC,    16, -6.368066350582e-01, 1.548463058970e-06, 8.7197e+00, 2.6040e-01, 
 2DIAGNOSTIC,    17, -6.368056782679e-01, 1.416812840563e-06, 8.9929e+00, 2.7319e-01, 
 2DIAGNOSTIC,    18, -6.368050335685e-01, 1.351198287425e-06, 9.3279e+00, 3.3499e-01, 
 2DIAGNOSTIC,    19, -6.368053394983e-01, 1.284958997955e-06, 9.6620e+00, 3.3412e-01, 
 2DIAGNOSTIC,    20, -6.368042873968e-01, 1.248078974024e-06, 9.9585e+00, 2.9652e-01, 
 2DIAGNOSTIC,    21, -6.368020681615e-01, 1.185437391110e-06, 1.0260e+01, 3.0144e-01, 
 2DIAGNOSTIC,    22, -6.368013766293e-01, 1.096985704468e-06, 1.0521e+01, 2.6134e-01, 
 2DIAGNOSTIC,    23, -6.368011757838e-01, 1.054243023595e-06, 1.0828e+01, 3.0631e-01, 
 2DIAGNOSTIC,    24, -6.368008185533e-01, 1.023048527088e-06, 1.1124e+01, 2.9611e-01, 
DIAGNOSTIC,Iteration,metricValue,convergenceValue,ITERATION_TIME_INDEX,SINCE_LAST
 2DIAGNOSTIC,     1, -5.628347796336e-01, 1.797693134862e+308, 1.3990e+01, 2.8659e+00, 
 2DIAGNOSTIC,     2, -5.630198922208e-01, 1.797693134862e+308, 1.5600e+01, 1.6108e+00, 
 2DIAGNOSTIC,     3, -5.632028448498e-01, 1.797693134862e+308, 1.7207e+01, 1.6070e+00, 
 2DIAGNOSTIC,     4, -5.635159751436e-01, 1.797693134862e+308, 1.9305e+01, 2.0973e+00, 
 2DIAGNOSTIC,     5, -5.639510733755e-01, 1.797693134862e+308, 2.2174e+01, 2.8690e+00, 
 2DIAGNOSTIC,     6, -5.639566367678e-01, 1.797693134862e+308, 2.4813e+01, 2.6393e+00, 
 2DIAGNOSTIC,     7, -5.639561496904e-01, 1.797693134862e+308, 2.7518e+01, 2.7048e+00, 
 2DIAGNOSTIC,     8, -5.639562343716e-01, 1.797693134862e+308, 2.9602e+01, 2.0838e+00, 
 2DIAGNOSTIC,     9, -5.639559428562e-01, 1.797693134862e+308, 3.1624e+01, 2.0224e+00, 
 2DIAGNOSTIC,    10, -5.639556792427e-01, 1.380184928113e-04, 3.3339e+01, 1.7148e+00, 
 2DIAGNOSTIC,    11, -5.639554488984e-01, 9.019181096691e-05, 3.5513e+01, 2.1742e+00, 
 2DIAGNOSTIC,    12, -5.639553857590e-01, 5.052382796267e-05, 3.7334e+01, 1.8208e+00, 
 2DIAGNOSTIC,    13, -5.639552113311e-01, 1.958637819391e-05, 3.9040e+01, 1.7057e+00, 
 2DIAGNOSTIC,    14, -5.639554123155e-01, 2.350396562698e-06, 4.0935e+01, 1.8959e+00, 
 2DIAGNOSTIC,    15, -5.639553946119e-01, 2.023912595447e-06, 4.2777e+01, 1.8414e+00, 
 2DIAGNOSTIC,    16, -5.639552543970e-01, 1.918564674366e-06, 4.4592e+01, 1.8152e+00, 
 2DIAGNOSTIC,    17, -5.639552191618e-01, 1.816577697440e-06, 4.6825e+01, 2.2325e+00, 
 2DIAGNOSTIC,    18, -5.639553596707e-01, 1.737415387872e-06, 5.0298e+01, 3.4732e+00, 
 2DIAGNOSTIC,    19, -5.639551563788e-01, 1.656124813995e-06, 5.4697e+01, 4.3996e+00, 
 2DIAGNOSTIC,    20, -5.639553091667e-01, 1.582151531045e-06, 5.9603e+01, 4.9059e+00, 
 2DIAGNOSTIC,    21, -5.639555670193e-01, 1.516729839827e-06, 6.1512e+01, 1.9087e+00, 
 2DIAGNOSTIC,    22, -5.639558734809e-01, 1.462661219601e-06, 6.4122e+01, 2.6103e+00, 
 2DIAGNOSTIC,    23, -5.639557731655e-01, 1.405459014801e-06, 6.6216e+01, 2.0940e+00, 
 2DIAGNOSTIC,    24, -5.639556728496e-01, 1.353308252496e-06, 6.7899e+01, 1.6824e+00, 
 2DIAGNOSTIC,    25, -5.639556045996e-01, 1.301204865627e-06, 6.9824e+01, 1.9256e+00, 
 2DIAGNOSTIC,    26, -5.639555362144e-01, 1.246237403066e-06, 7.1702e+01, 1.8772e+00, 
 2DIAGNOSTIC,    27, -5.639554399806e-01, 1.190576783702e-06, 7.3773e+01, 2.0719e+00, 
 2DIAGNOSTIC,    28, -5.639553653646e-01, 1.139175250527e-06, 7.5684e+01, 1.9106e+00, 
 2DIAGNOSTIC,    29, -5.639551936798e-01, 1.084633346186e-06, 7.7804e+01, 2.1202e+00, 
 2DIAGNOSTIC,    30, -5.639552495503e-01, 1.038395334607e-06, 7.9605e+01, 1.8010e+00, 
  Elapsed time (stage 0): 8.0777e+01


Total elapsed time: 8.0779e+01
Info [verificarlo]: loaded backend libinterflop_vprec.so
Info [interflop-vprec]: load backend with: 
Info [interflop-vprec]: precision-binary32 = 6
Info [interflop-vprec]: range-binary32 = 7
Info [interflop-vprec]: precision-binary64 = 6
