
##########################
# Experiment information #
##########################

EXPERIMENT_NAME: antsRegistration-r8-p13
VFC_BACKENDS: libinterflop_vprec.so --range-binary32=8 --precision-binary32=13 --range-binary64=8 --precision-binary64=13

SIF_IMG: /home/mdugre/projects/rrg-glatard/mdugre/containers/ants-vprec-no_metrics.simg

SUBJECT_ID: s020
INPUT_IMG: /home/mdugre/scratch/mri-registration-rp/datasets/ds004513/derivatives/mri-registration-rp/antsBrainExtraction/sub-s020/BrainExtractionBrain.nii.gz
OUTPUT_DIR: /home/mdugre/scratch/mri-registration-rp/datasets/ds004513/derivatives/mri-registration-rp/0001/antsRegistration-r8-p13/sub-s020

FIXED_IMG: /templateflow/tpl-MNI152NLin2009cAsym/tpl-MNI152NLin2009cAsym_res-01_desc-brain_T1w.nii.gz
DATA_DIR: /home/mdugre/scratch/mri-registration-rp/datasets/ds004513
TEMPLATEFLOW_DIR: /home/mdugre/projects/rrg-glatard/mdugre/templateflow
ITK_GLOBAL_DEFAULT_NUMBER_OF_THREADS: 16
##########################

Info [verificarlo]: loaded backend libinterflop_ieee.so
Info [interflop-ieee]: load backend with:
Info [interflop-ieee]: debug = false
Info [interflop-ieee]: debug-binary = false
Info [interflop-ieee]: no-backend-name = false
Info [interflop-ieee]: print-new-line = false
Info [interflop-ieee]: print-subnormal-normalized = false
Info [interflop-ieee]: count-op = false
All_Command_lines_OK
Using double precision for computations.
=============================================================================
The composite transform comprises the following transforms (in order): 
  1. Center of mass alignment using fixed image: /templateflow/tpl-MNI152NLin2009cAsym/tpl-MNI152NLin2009cAsym_res-01_desc-brain_T1w.nii.gz and moving image: /home/mdugre/scratch/mri-registration-rp/datasets/ds004513/derivatives/mri-registration-rp/antsBrainExtraction/sub-s020/BrainExtractionBrain.nii.gz (type = Euler3DTransform)
=============================================================================
  number of levels = 1
  fixed image: /templateflow/tpl-MNI152NLin2009cAsym/tpl-MNI152NLin2009cAsym_res-01_desc-brain_T1w.nii.gz
  moving image: /home/mdugre/scratch/mri-registration-rp/datasets/ds004513/derivatives/mri-registration-rp/antsBrainExtraction/sub-s020/BrainExtractionBrain.nii.gz
Dimension = 3
Number of stages = 1
Use histogram matching = false
Winsorize image intensities = true
  Lower quantile = 0.005
  Upper quantile = 0.995


Stage 1 State
   Image metric = MattesMI
     Fixed image = Image (0x4ad5e70)
  RTTI typeinfo:   itk::Image<double, 3u>
  Reference Count: 2
  Modified Time: 2334
  Debug: Off
  Object Name: 
  Observers: 
    none
  Source: (none)
  Source output name: (none)
  Release Data: Off
  Data Released: False
  Global Release Data: Off
  PipelineMTime: 0
  UpdateMTime: 1943
  RealTimeStamp: 0 seconds 
  LargestPossibleRegion: 
    Dimension: 3
    Index: [0, 0, 0]
    Size: [193, 229, 193]
  BufferedRegion: 
    Dimension: 3
    Index: [0, 0, 0]
    Size: [193, 229, 193]
  RequestedRegion: 
    Dimension: 3
    Index: [0, 0, 0]
    Size: [193, 229, 193]
  Spacing: [1, 1, 1]
  Origin: [96, 132, -78]
  Direction: 
-1 0 0
0 -1 0
0 0 1

  IndexToPointMatrix: 
-1 0 0
0 -1 0
0 0 1

  PointToIndexMatrix: 
-1 0 0
0 -1 0
0 0 1

  Inverse Direction: 
-1 0 0
0 -1 0
0 0 1

  PixelContainer: 
    ImportImageContainer (0x4adec60)
      RTTI typeinfo:   itk::ImportImageContainer<unsigned long, double>
      Reference Count: 1
      Modified Time: 1940
      Debug: Off
      Object Name: 
      Observers: 
        none
      Pointer: 0x14f28070c010
      Container manages memory: true
      Size: 8530021
      Capacity: 8530021

     Moving image = Image (0x4ae1610)
  RTTI typeinfo:   itk::Image<double, 3u>
  Reference Count: 2
  Modified Time: 2335
  Debug: Off
  Object Name: 
  Observers: 
    none
  Source: (none)
  Source output name: (none)
  Release Data: Off
  Data Released: False
  Global Release Data: Off
  PipelineMTime: 0
  UpdateMTime: 2332
  RealTimeStamp: 0 seconds 
  LargestPossibleRegion: 
    Dimension: 3
    Index: [0, 0, 0]
    Size: [160, 240, 256]
  BufferedRegion: 
    Dimension: 3
    Index: [0, 0, 0]
    Size: [160, 240, 256]
  RequestedRegion: 
    Dimension: 3
    Index: [0, 0, 0]
    Size: [160, 240, 256]
  Spacing: [0.999995, 1, 1]
  Origin: [87.0906, 98.7205, -152.377]
  Direction: 
-0.996975 0.0261379 -0.0731913
-0.0260677 -0.999658 -0.00191374
-0.0732163 -2.46403e-08 0.997316

  IndexToPointMatrix: 
-0.996971 0.0261379 -0.0731913
-0.0260676 -0.999658 -0.00191374
-0.0732159 -2.46403e-08 0.997316

  PointToIndexMatrix: 
-0.99698 -0.0260679 -0.0732166
0.0261379 -0.999658 -2.46993e-08
-0.0731913 -0.00191374 0.997316

  Inverse Direction: 
-0.996975 -0.0260677 -0.0732163
0.0261379 -0.999658 -2.46993e-08
-0.0731913 -0.00191374 0.997316

  PixelContainer: 
    ImportImageContainer (0x4b7aef0)
      RTTI typeinfo:   itk::ImportImageContainer<unsigned long, double>
      Reference Count: 1
      Modified Time: 2329
      Debug: Off
      Object Name: 
      Observers: 
        none
      Pointer: 0x14f27bc0b010
      Container manages memory: true
      Size: 9830400
      Capacity: 9830400

     Weighting = 1
     Sampling strategy = regular
     Number of bins = 32
     Radius = 4
     Sampling percentage  = 0.25
   Transform = Rigid
     Gradient step = 0.1
     Update field sigma (voxel space) = 0
     Total field sigma (voxel space) = 0
     Update field time sigma = 0
     Total field time sigma  = 0
     Number of time indices = 0
     Number of time point samples = 0
Registration using 1 total stages.

Stage 0
  iterations = 0
  convergence threshold = 1e-06
  convergence window size = 10
  number of levels = 1
  using the Mattes MI metric (number of bins = 32, weight = 1, use gradient filter = 0)
  preprocessing:  winsorizing the image intensities
  Shrink factors (level 1 out of 1): [1, 1, 1]
  smoothing sigmas per level: [0]
  regular sampling (percentage = 0.25)

*** Running Euler3DTransform registration ***

  Elapsed time (stage 0): 1.11488


Total elapsed time: 1.11694
Info [verificarlo]: loaded backend libinterflop_ieee.so
Info [interflop-ieee]: load backend with:
Info [interflop-ieee]: debug = false
Info [interflop-ieee]: debug-binary = false
Info [interflop-ieee]: no-backend-name = false
Info [interflop-ieee]: print-new-line = false
Info [interflop-ieee]: print-subnormal-normalized = false
Info [interflop-ieee]: count-op = false
All_Command_lines_OK
Using double precision for computations.
=============================================================================
The composite transform comprises the following transforms (in order): 
  1. /home/mdugre/scratch/mri-registration-rp/datasets/ds004513/derivatives/mri-registration-rp/0001/antsRegistration-r8-p13/sub-s020/align_Composite.h5[0] (type = Euler3DTransform)
  2. /home/mdugre/scratch/mri-registration-rp/datasets/ds004513/derivatives/mri-registration-rp/0001/antsRegistration-r8-p13/sub-s020/align_Composite.h5[1] (type = Euler3DTransform)
=============================================================================
  number of levels = 4
  fixed image: /templateflow/tpl-MNI152NLin2009cAsym/tpl-MNI152NLin2009cAsym_res-01_desc-brain_T1w.nii.gz
  moving image: /home/mdugre/scratch/mri-registration-rp/datasets/ds004513/derivatives/mri-registration-rp/antsBrainExtraction/sub-s020/BrainExtractionBrain.nii.gz
Dimension = 3
Number of stages = 1
Use histogram matching = false
Winsorize image intensities = true
  Lower quantile = 0.005
  Upper quantile = 0.995


Stage 1 State
   Image metric = MattesMI
     Fixed image = Image (0x350c530)
  RTTI typeinfo:   itk::Image<double, 3u>
  Reference Count: 2
  Modified Time: 1580
  Debug: Off
  Object Name: 
  Observers: 
    none
  Source: (none)
  Source output name: (none)
  Release Data: Off
  Data Released: False
  Global Release Data: Off
  PipelineMTime: 0
  UpdateMTime: 1189
  RealTimeStamp: 0 seconds 
  LargestPossibleRegion: 
    Dimension: 3
    Index: [0, 0, 0]
    Size: [193, 229, 193]
  BufferedRegion: 
    Dimension: 3
    Index: [0, 0, 0]
    Size: [193, 229, 193]
  RequestedRegion: 
    Dimension: 3
    Index: [0, 0, 0]
    Size: [193, 229, 193]
  Spacing: [1, 1, 1]
  Origin: [96, 132, -78]
  Direction: 
-1 0 0
0 -1 0
0 0 1

  IndexToPointMatrix: 
-1 0 0
0 -1 0
0 0 1

  PointToIndexMatrix: 
-1 0 0
0 -1 0
0 0 1

  Inverse Direction: 
-1 0 0
0 -1 0
0 0 1

  PixelContainer: 
    ImportImageContainer (0x35cad60)
      RTTI typeinfo:   itk::ImportImageContainer<unsigned long, double>
      Reference Count: 1
      Modified Time: 1186
      Debug: Off
      Object Name: 
      Observers: 
        none
      Pointer: 0x14f094fde010
      Container manages memory: true
      Size: 8530021
      Capacity: 8530021

     Moving image = Image (0x35bcf60)
  RTTI typeinfo:   itk::Image<double, 3u>
  Reference Count: 2
  Modified Time: 1581
  Debug: Off
  Object Name: 
  Observers: 
    none
  Source: (none)
  Source output name: (none)
  Release Data: Off
  Data Released: False
  Global Release Data: Off
  PipelineMTime: 0
  UpdateMTime: 1578
  RealTimeStamp: 0 seconds 
  LargestPossibleRegion: 
    Dimension: 3
    Index: [0, 0, 0]
    Size: [160, 240, 256]
  BufferedRegion: 
    Dimension: 3
    Index: [0, 0, 0]
    Size: [160, 240, 256]
  RequestedRegion: 
    Dimension: 3
    Index: [0, 0, 0]
    Size: [160, 240, 256]
  Spacing: [0.999995, 1, 1]
  Origin: [87.0906, 98.7205, -152.377]
  Direction: 
-0.996975 0.0261379 -0.0731913
-0.0260677 -0.999658 -0.00191374
-0.0732163 -2.46403e-08 0.997316

  IndexToPointMatrix: 
-0.996971 0.0261379 -0.0731913
-0.0260676 -0.999658 -0.00191374
-0.0732159 -2.46403e-08 0.997316

  PointToIndexMatrix: 
-0.99698 -0.0260679 -0.0732166
0.0261379 -0.999658 -2.46993e-08
-0.0731913 -0.00191374 0.997316

  Inverse Direction: 
-0.996975 -0.0260677 -0.0732163
0.0261379 -0.999658 -2.46993e-08
-0.0731913 -0.00191374 0.997316

  PixelContainer: 
    ImportImageContainer (0x35ae6d0)
      RTTI typeinfo:   itk::ImportImageContainer<unsigned long, double>
      Reference Count: 1
      Modified Time: 1575
      Debug: Off
      Object Name: 
      Observers: 
        none
      Pointer: 0x14f0904dd010
      Container manages memory: true
      Size: 9830400
      Capacity: 9830400

     Weighting = 1
     Sampling strategy = regular
     Number of bins = 32
     Radius = 4
     Sampling percentage  = 0.25
   Transform = Rigid
     Gradient step = 0.1
     Update field sigma (voxel space) = 0
     Total field sigma (voxel space) = 0
     Update field time sigma = 0
     Total field time sigma  = 0
     Number of time indices = 0
     Number of time point samples = 0
Registration using 1 total stages.

Stage 0
  iterations = 1000x500x250x100
  convergence threshold = 1e-06
  convergence window size = 10
  number of levels = 4
  using the Mattes MI metric (number of bins = 32, weight = 1, use gradient filter = 0)
  preprocessing:  winsorizing the image intensities
  Shrink factors (level 1 out of 4): [8, 8, 8]
  Shrink factors (level 2 out of 4): [4, 4, 4]
  Shrink factors (level 3 out of 4): [2, 2, 2]
  Shrink factors (level 4 out of 4): [1, 1, 1]
  smoothing sigmas per level: [3, 2, 1, 0]
  regular sampling (percentage = 0.25)

*** Running Euler3DTransform registration ***

DIAGNOSTIC,Iteration,metricValue,convergenceValue,ITERATION_TIME_INDEX,SINCE_LAST
 2DIAGNOSTIC,     1, -3.791273390751e-01, 1.797693134862e+308, 6.7664e-01, 6.7664e-01, 
 2DIAGNOSTIC,     2, -3.803606001643e-01, 1.797693134862e+308, 6.8039e-01, 3.7539e-03, 
 2DIAGNOSTIC,     3, -3.828962034719e-01, 1.797693134862e+308, 6.8396e-01, 3.5670e-03, 
 2DIAGNOSTIC,     4, -3.876122532015e-01, 1.797693134862e+308, 6.8745e-01, 3.4871e-03, 
 2DIAGNOSTIC,     5, -3.904935334081e-01, 1.797693134862e+308, 6.9150e-01, 4.0560e-03, 
 2DIAGNOSTIC,     6, -3.911039700181e-01, 1.797693134862e+308, 6.9502e-01, 3.5181e-03, 
 2DIAGNOSTIC,     7, -3.914905453856e-01, 1.797693134862e+308, 6.9860e-01, 3.5720e-03, 
 2DIAGNOSTIC,     8, -3.925629083064e-01, 1.797693134862e+308, 7.0232e-01, 3.7270e-03, 
 2DIAGNOSTIC,     9, -3.981570789235e-01, 1.797693134862e+308, 7.0606e-01, 3.7379e-03, 
 2DIAGNOSTIC,    10, -4.079218556696e-01, 3.866687266231e-03, 7.1114e-01, 5.0809e-03, 
 2DIAGNOSTIC,    11, -4.246779602407e-01, 4.904320352957e-03, 7.1586e-01, 4.7209e-03, 
 2DIAGNOSTIC,    12, -4.297045200929e-01, 5.673254149497e-03, 7.2009e-01, 4.2272e-03, 
 2DIAGNOSTIC,    13, -4.335692915512e-01, 6.156954111663e-03, 7.2517e-01, 5.0769e-03, 
 2DIAGNOSTIC,    14, -4.439932007377e-01, 6.764094567471e-03, 7.2961e-01, 4.4420e-03, 
 2DIAGNOSTIC,    15, -4.466217674337e-01, 6.904768050226e-03, 7.3469e-01, 5.0800e-03, 
 2DIAGNOSTIC,    16, -4.513528166460e-01, 6.619270360607e-03, 7.3894e-01, 4.2539e-03, 
 2DIAGNOSTIC,    17, -4.528510995506e-01, 5.844785617311e-03, 7.4371e-01, 4.7641e-03, 
 2DIAGNOSTIC,    18, -4.555717391955e-01, 4.777374785284e-03, 7.5040e-01, 6.6931e-03, 
 2DIAGNOSTIC,    19, -4.559551102879e-01, 3.601534547675e-03, 7.5460e-01, 4.2028e-03, 
 2DIAGNOSTIC,    20, -4.573566619349e-01, 2.586717028212e-03, 7.6087e-01, 6.2699e-03, 
 2DIAGNOSTIC,    21, -4.575249755627e-01, 1.982977702140e-03, 7.6499e-01, 4.1161e-03, 
 2DIAGNOSTIC,    22, -4.577283920519e-01, 1.415646433309e-03, 7.6958e-01, 4.5972e-03, 
 2DIAGNOSTIC,    23, -4.579446327334e-01, 8.825884464237e-04, 7.7394e-01, 4.3571e-03, 
 2DIAGNOSTIC,    24, -4.580221880220e-01, 6.077387846134e-04, 7.7814e-01, 4.1931e-03, 
 2DIAGNOSTIC,    25, -4.581755728361e-01, 3.715349168533e-04, 7.8231e-01, 4.1771e-03, 
 2DIAGNOSTIC,    26, -4.586246568734e-01, 2.524029048630e-04, 7.8666e-01, 4.3490e-03, 
 2DIAGNOSTIC,    27, -4.589288003545e-01, 1.618449437052e-04, 7.9278e-01, 6.1150e-03, 
 2DIAGNOSTIC,    28, -4.591717865744e-01, 1.332451726306e-04, 7.9690e-01, 4.1239e-03, 
 2DIAGNOSTIC,    29, -4.592806471820e-01, 1.047573107729e-04, 8.0151e-01, 4.6132e-03, 
 2DIAGNOSTIC,    30, -4.597211872719e-01, 1.090101136721e-04, 8.0707e-01, 5.5590e-03, 
 2DIAGNOSTIC,    31, -4.598053740790e-01, 1.077419760825e-04, 8.1118e-01, 4.1049e-03, 
 2DIAGNOSTIC,    32, -4.606530764379e-01, 1.179015791966e-04, 8.1586e-01, 4.6871e-03, 
 2DIAGNOSTIC,    33, -4.610429318632e-01, 1.280789503966e-04, 8.2004e-01, 4.1771e-03, 
 2DIAGNOSTIC,    34, -4.611884347490e-01, 1.299070946857e-04, 8.2424e-01, 4.1990e-03, 
 2DIAGNOSTIC,    35, -4.615585734294e-01, 1.291721247310e-04, 8.2890e-01, 4.6580e-03, 
 2DIAGNOSTIC,    36, -4.621285559014e-01, 1.345143870391e-04, 8.3408e-01, 5.1842e-03, 
 2DIAGNOSTIC,    37, -4.627570779744e-01, 1.428262483123e-04, 8.3822e-01, 4.1399e-03, 
 2DIAGNOSTIC,    38, -4.631684263591e-01, 1.481565989186e-04, 8.4288e-01, 4.6549e-03, 
 2DIAGNOSTIC,    39, -4.636729465774e-01, 1.494095816153e-04, 8.4950e-01, 6.6261e-03, 
 2DIAGNOSTIC,    40, -4.638226467573e-01, 1.460997443626e-04, 8.5374e-01, 4.2350e-03, 
 2DIAGNOSTIC,    41, -4.639983001915e-01, 1.328649011911e-04, 8.5792e-01, 4.1819e-03, 
 2DIAGNOSTIC,    42, -4.641677760677e-01, 1.231445234588e-04, 8.6204e-01, 4.1161e-03, 
 2DIAGNOSTIC,    43, -4.642560400309e-01, 1.093675293961e-04, 8.6614e-01, 4.1001e-03, 
 2DIAGNOSTIC,    44, -4.643898840457e-01, 8.994504260902e-05, 8.7021e-01, 4.0729e-03, 
 2DIAGNOSTIC,    45, -4.646282326605e-01, 7.150635724777e-05, 8.7437e-01, 4.1599e-03, 
 2DIAGNOSTIC,    46, -4.651993884325e-01, 6.290747205485e-05, 8.7898e-01, 4.6060e-03, 
 2DIAGNOSTIC,    47, -4.654401897545e-01, 6.036719291163e-05, 8.8512e-01, 6.1409e-03, 
 2DIAGNOSTIC,    48, -4.655813074037e-01, 5.949574856706e-05, 8.8931e-01, 4.1928e-03, 
 2DIAGNOSTIC,    49, -4.656099816801e-01, 6.007216336170e-05, 8.9340e-01, 4.0910e-03, 
 2DIAGNOSTIC,    50, -4.660377132356e-01, 6.228163030766e-05, 8.9755e-01, 4.1461e-03, 
 2DIAGNOSTIC,    51, -4.679758764757e-01, 8.470164710434e-05, 9.0222e-01, 4.6721e-03, 
 2DIAGNOSTIC,    52, -4.687626205892e-01, 1.092407687879e-04, 9.0736e-01, 5.1451e-03, 
 2DIAGNOSTIC,    53, -4.689702371074e-01, 1.261077169036e-04, 9.1197e-01, 4.6070e-03, 
 2DIAGNOSTIC,    54, -4.692596285994e-01, 1.357068301444e-04, 9.1607e-01, 4.1049e-03, 
 2DIAGNOSTIC,    55, -4.701994958488e-01, 1.453937780421e-04, 9.2120e-01, 5.1272e-03, 
 2DIAGNOSTIC,    56, -4.704840783021e-01, 1.498339595481e-04, 9.2586e-01, 4.6561e-03, 
 2DIAGNOSTIC,    57, -4.705529347850e-01, 1.431204380949e-04, 9.3011e-01, 4.2489e-03, 
 2DIAGNOSTIC,    58, -4.705758689982e-01, 1.252510770791e-04, 9.3427e-01, 4.1618e-03, 
 2DIAGNOSTIC,    59, -4.711005517628e-01, 1.021970884151e-04, 9.3846e-01, 4.1959e-03, 
 2DIAGNOSTIC,    60, -4.747562474572e-01, 1.125139957491e-04, 9.4420e-01, 5.7361e-03, 
 2DIAGNOSTIC,    61, -4.758570209450e-01, 1.419810837378e-04, 9.4871e-01, 4.5061e-03, 
 2DIAGNOSTIC,    62, -4.759207822167e-01, 1.658419845295e-04, 9.5363e-01, 4.9260e-03, 
 2DIAGNOSTIC,    63, -4.759999923624e-01, 1.766432154327e-04, 9.5812e-01, 4.4851e-03, 
 2DIAGNOSTIC,    64, -4.760235437978e-01, 1.729498107592e-04, 9.6213e-01, 4.0071e-03, 
 2DIAGNOSTIC,    65, -4.759895333814e-01, 1.608625364598e-04, 9.6663e-01, 4.5080e-03, 
 2DIAGNOSTIC,    66, -4.760310521100e-01, 1.366208708779e-04, 9.7070e-01, 4.0641e-03, 
 2DIAGNOSTIC,    67, -4.760229263385e-01, 1.011592934234e-04, 9.7478e-01, 4.0810e-03, 
 2DIAGNOSTIC,    68, -4.761832592661e-01, 5.921965290331e-05, 9.7881e-01, 4.0331e-03, 
 2DIAGNOSTIC,    69, -4.771400340680e-01, 2.553353937144e-05, 9.8422e-01, 5.4121e-03, 
 2DIAGNOSTIC,    70, -4.772147346322e-01, 2.343226692163e-05, 9.9681e-01, 1.2585e-02, 
 2DIAGNOSTIC,    71, -4.772147340929e-01, 2.900951488384e-05, 1.0008e+00, 3.9761e-03, 
 2DIAGNOSTIC,    72, -4.772147407282e-01, 3.234461202722e-05, 1.0048e+00, 3.9980e-03, 
 2DIAGNOSTIC,    73, -4.772147519530e-01, 3.314339687933e-05, 1.0088e+00, 3.9871e-03, 
 2DIAGNOSTIC,    74, -4.772147709337e-01, 3.083464961748e-05, 1.0127e+00, 3.9511e-03, 
 2DIAGNOSTIC,    75, -4.772148030070e-01, 2.534734706573e-05, 1.0167e+00, 3.9449e-03, 
 2DIAGNOSTIC,    76, -4.772148571773e-01, 1.809564830034e-05, 1.0206e+00, 3.9570e-03, 
 2DIAGNOSTIC,    77, -4.772149485925e-01, 9.339115810580e-06, 1.0244e+00, 3.7770e-03, 
 2DIAGNOSTIC,    78, -4.772151026443e-01, 1.031330571610e-06, 1.0283e+00, 3.9489e-03, 
DIAGNOSTIC,Iteration,metricValue,convergenceValue,ITERATION_TIME_INDEX,SINCE_LAST
 2DIAGNOSTIC,     1, -3.891590898732e-01, 1.797693134862e+308, 1.7112e+00, 6.8288e-01, 
 2DIAGNOSTIC,     2, -3.894743601412e-01, 1.797693134862e+308, 1.7373e+00, 2.6095e-02, 
 2DIAGNOSTIC,     3, -3.899005966665e-01, 1.797693134862e+308, 1.7646e+00, 2.7253e-02, 
 2DIAGNOSTIC,     4, -3.904115358968e-01, 1.797693134862e+308, 1.7954e+00, 3.0855e-02, 
 2DIAGNOSTIC,     5, -3.915261584680e-01, 1.797693134862e+308, 1.8274e+00, 3.1951e-02, 
 2DIAGNOSTIC,     6, -3.928960703500e-01, 1.797693134862e+308, 1.8569e+00, 2.9503e-02, 
 2DIAGNOSTIC,     7, -3.939566515640e-01, 1.797693134862e+308, 1.8921e+00, 3.5194e-02, 
 2DIAGNOSTIC,     8, -3.948937669239e-01, 1.797693134862e+308, 1.9233e+00, 3.1208e-02, 
 2DIAGNOSTIC,     9, -3.960335036168e-01, 1.797693134862e+308, 1.9520e+00, 2.8743e-02, 
 2DIAGNOSTIC,    10, -4.013915135017e-01, 1.691914888407e-03, 1.9802e+00, 2.8124e-02, 
 2DIAGNOSTIC,    11, -4.033171387149e-01, 1.942823498115e-03, 2.0230e+00, 4.2840e-02, 
 2DIAGNOSTIC,    12, -4.034356433548e-01, 2.004202296899e-03, 2.0483e+00, 2.5267e-02, 
 2DIAGNOSTIC,    13, -4.041817921046e-01, 1.945839150636e-03, 2.0737e+00, 2.5469e-02, 
 2DIAGNOSTIC,    14, -4.048636339173e-01, 1.779153387748e-03, 2.1072e+00, 3.3507e-02, 
 2DIAGNOSTIC,    15, -4.049409059441e-01, 1.524271644797e-03, 2.1364e+00, 2.9214e-02, 
 2DIAGNOSTIC,    16, -4.051854950213e-01, 1.233039514029e-03, 2.1671e+00, 3.0646e-02, 
 2DIAGNOSTIC,    17, -4.060170610475e-01, 9.457725398627e-04, 2.1995e+00, 3.2419e-02, 
 2DIAGNOSTIC,    18, -4.084063797830e-01, 7.367230297425e-04, 2.2322e+00, 3.2648e-02, 
 2DIAGNOSTIC,    19, -4.120956302856e-01, 6.555635881821e-04, 2.2709e+00, 3.8722e-02, 
 2DIAGNOSTIC,    20, -4.131639398568e-01, 7.465843698785e-04, 2.3043e+00, 3.3430e-02, 
 2DIAGNOSTIC,    21, -4.134178900154e-01, 8.351144172090e-04, 2.3316e+00, 2.7295e-02, 
 2DIAGNOSTIC,    22, -4.136204438151e-01, 8.489192760052e-04, 2.3633e+00, 3.1692e-02, 
 2DIAGNOSTIC,    23, -4.138279863942e-01, 8.098745807012e-04, 2.3929e+00, 2.9579e-02, 
 2DIAGNOSTIC,    24, -4.140037840368e-01, 7.219614531050e-04, 2.4248e+00, 3.1889e-02, 
 2DIAGNOSTIC,    25, -4.146834943291e-01, 5.953113472365e-04, 2.4600e+00, 3.5196e-02, 
 2DIAGNOSTIC,    26, -4.163691424330e-01, 4.762947220029e-04, 2.4883e+00, 2.8339e-02, 
 2DIAGNOSTIC,    27, -4.165978728652e-01, 3.480518360828e-04, 2.5206e+00, 3.2265e-02, 
 2DIAGNOSTIC,    28, -4.170682948498e-01, 2.666693954507e-04, 2.5702e+00, 4.9602e-02, 
 2DIAGNOSTIC,    29, -4.171776279410e-01, 2.577120532766e-04, 2.5961e+00, 2.5921e-02, 
 2DIAGNOSTIC,    30, -4.173505169612e-01, 2.538464212147e-04, 2.6273e+00, 3.1226e-02, 
 2DIAGNOSTIC,    31, -4.175217908290e-01, 2.353101958401e-04, 2.6540e+00, 2.6648e-02, 
 2DIAGNOSTIC,    32, -4.175682452856e-01, 2.011131102285e-04, 2.6843e+00, 3.0322e-02, 
 2DIAGNOSTIC,    33, -4.175945910467e-01, 1.555746034158e-04, 2.7145e+00, 3.0241e-02, 
 2DIAGNOSTIC,    34, -4.175911949690e-01, 1.017296233466e-04, 2.7451e+00, 3.0561e-02, 
 2DIAGNOSTIC,    35, -4.176019706996e-01, 5.444669867740e-05, 2.7723e+00, 2.7191e-02, 
 2DIAGNOSTIC,    36, -4.175991202178e-01, 3.735566737855e-05, 2.8023e+00, 2.9986e-02, 
 2DIAGNOSTIC,    37, -4.176109589007e-01, 2.207917191616e-05, 2.8293e+00, 2.6996e-02, 
 2DIAGNOSTIC,    38, -4.176603987112e-01, 1.516434075093e-05, 2.8628e+00, 3.3552e-02, 
 2DIAGNOSTIC,    39, -4.176766547795e-01, 9.430538207060e-06, 2.8951e+00, 3.2283e-02, 
 2DIAGNOSTIC,    40, -4.176901952801e-01, 6.351012146827e-06, 2.9274e+00, 3.2328e-02, 
 2DIAGNOSTIC,    41, -4.176863696410e-01, 5.731050881395e-06, 2.9582e+00, 3.0782e-02, 
 2DIAGNOSTIC,    42, -4.176746092079e-01, 5.237063914729e-06, 2.9880e+00, 2.9825e-02, 
 2DIAGNOSTIC,    43, -4.176690631653e-01, 4.672681244548e-06, 3.0148e+00, 2.6756e-02, 
 2DIAGNOSTIC,    44, -4.176643721466e-01, 3.621382822228e-06, 3.0453e+00, 3.0525e-02, 
 2DIAGNOSTIC,    45, -4.176661021844e-01, 2.544927850623e-06, 3.0753e+00, 3.0011e-02, 
 2DIAGNOSTIC,    46, -4.176672738937e-01, 1.322269138432e-06, 3.1017e+00, 2.6363e-02, 
DIAGNOSTIC,Iteration,metricValue,convergenceValue,ITERATION_TIME_INDEX,SINCE_LAST
 2DIAGNOSTIC,     1, -3.572508498371e-01, 1.797693134862e+308, 4.0823e+00, 9.8060e-01, 
 2DIAGNOSTIC,     2, -3.574101446414e-01, 1.797693134862e+308, 4.2605e+00, 1.7824e-01, 
 2DIAGNOSTIC,     3, -3.576965554403e-01, 1.797693134862e+308, 4.4443e+00, 1.8372e-01, 
 2DIAGNOSTIC,     4, -3.580837576561e-01, 1.797693134862e+308, 4.6425e+00, 1.9823e-01, 
 2DIAGNOSTIC,     5, -3.586245492296e-01, 1.797693134862e+308, 4.8382e+00, 1.9572e-01, 
 2DIAGNOSTIC,     6, -3.588167346943e-01, 1.797693134862e+308, 5.0382e+00, 2.0002e-01, 
 2DIAGNOSTIC,     7, -3.590612650089e-01, 1.797693134862e+308, 5.2398e+00, 2.0154e-01, 
 2DIAGNOSTIC,     8, -3.599187906988e-01, 1.797693134862e+308, 5.5788e+00, 3.3900e-01, 
 2DIAGNOSTIC,     9, -3.600452454863e-01, 1.797693134862e+308, 5.7919e+00, 2.1311e-01, 
 2DIAGNOSTIC,    10, -3.600601141022e-01, 5.704767437518e-04, 5.9604e+00, 1.6856e-01, 
 2DIAGNOSTIC,    11, -3.601171789305e-01, 4.920713422500e-04, 6.1585e+00, 1.9810e-01, 
 2DIAGNOSTIC,    12, -3.601717816430e-01, 3.968928849919e-04, 6.3574e+00, 1.9889e-01, 
 2DIAGNOSTIC,    13, -3.604225094905e-01, 3.124152595987e-04, 6.6680e+00, 3.1056e-01, 
 2DIAGNOSTIC,    14, -3.604964277466e-01, 2.368222089075e-04, 6.9381e+00, 2.7013e-01, 
 2DIAGNOSTIC,    15, -3.604940799361e-01, 1.789826852454e-04, 7.1327e+00, 1.9456e-01, 
 2DIAGNOSTIC,    16, -3.605523672344e-01, 1.250183052262e-04, 7.3422e+00, 2.0951e-01, 
 2DIAGNOSTIC,    17, -3.605824954187e-01, 7.769411377201e-05, 7.5320e+00, 1.8981e-01, 
 2DIAGNOSTIC,    18, -3.606096616676e-01, 6.717510155130e-05, 7.7884e+00, 2.5641e-01, 
 2DIAGNOSTIC,    19, -3.606138973544e-01, 5.712400897005e-05, 8.0226e+00, 2.3424e-01, 
 2DIAGNOSTIC,    20, -3.606214902526e-01, 4.394952373511e-05, 8.2581e+00, 2.3542e-01, 
 2DIAGNOSTIC,    21, -3.606262373551e-01, 3.048391808244e-05, 8.4541e+00, 1.9607e-01, 
 2DIAGNOSTIC,    22, -3.606444482970e-01, 1.790024194100e-05, 8.6521e+00, 1.9794e-01, 
 2DIAGNOSTIC,    23, -3.606657832841e-01, 1.414738582350e-05, 8.8530e+00, 2.0088e-01, 
 2DIAGNOSTIC,    24, -3.607171526622e-01, 1.366044283181e-05, 9.1114e+00, 2.5849e-01, 
 2DIAGNOSTIC,    25, -3.607361232217e-01, 1.251849695422e-05, 9.3686e+00, 2.5714e-01, 
 2DIAGNOSTIC,    26, -3.607418408264e-01, 1.234491301440e-05, 9.5759e+00, 2.0732e-01, 
 2DIAGNOSTIC,    27, -3.607461755617e-01, 1.214193998523e-05, 9.7921e+00, 2.1622e-01, 
 2DIAGNOSTIC,    28, -3.607569423741e-01, 1.198050354092e-05, 1.0009e+01, 2.1666e-01, 
 2DIAGNOSTIC,    29, -3.607546529300e-01, 1.083096043410e-05, 1.0286e+01, 2.7765e-01, 
 2DIAGNOSTIC,    30, -3.607546778668e-01, 9.042897483470e-06, 1.0548e+01, 2.6199e-01, 
 2DIAGNOSTIC,    31, -3.607548434623e-01, 6.753851511006e-06, 1.0758e+01, 2.0987e-01, 
 2DIAGNOSTIC,    32, -3.607543039738e-01, 4.505077660213e-06, 1.0944e+01, 1.8612e-01, 
 2DIAGNOSTIC,    33, -3.607538483251e-01, 2.527879520764e-06, 1.1166e+01, 2.2132e-01, 
 2DIAGNOSTIC,    34, -3.607539751733e-01, 1.705262365877e-06, 1.1348e+01, 1.8276e-01, 
 2DIAGNOSTIC,    35, -3.607535304655e-01, 1.275782489329e-06, 1.1583e+01, 2.3451e-01, 
DIAGNOSTIC,Iteration,metricValue,convergenceValue,ITERATION_TIME_INDEX,SINCE_LAST
 2DIAGNOSTIC,     1, -3.316487227104e-01, 1.797693134862e+308, 1.4042e+01, 2.4591e+00, 
 2DIAGNOSTIC,     2, -3.317145755205e-01, 1.797693134862e+308, 1.5475e+01, 1.4331e+00, 
 2DIAGNOSTIC,     3, -3.317302127496e-01, 1.797693134862e+308, 1.7306e+01, 1.8312e+00, 
 2DIAGNOSTIC,     4, -3.317322878889e-01, 1.797693134862e+308, 1.9404e+01, 2.0975e+00, 
 2DIAGNOSTIC,     5, -3.317322148916e-01, 1.797693134862e+308, 2.1552e+01, 2.1483e+00, 
 2DIAGNOSTIC,     6, -3.317322164994e-01, 1.797693134862e+308, 2.3031e+01, 1.4787e+00, 
 2DIAGNOSTIC,     7, -3.317321985694e-01, 1.797693134862e+308, 2.4327e+01, 1.2956e+00, 
 2DIAGNOSTIC,     8, -3.317321902605e-01, 1.797693134862e+308, 2.5827e+01, 1.5009e+00, 
 2DIAGNOSTIC,     9, -3.317321815333e-01, 1.797693134862e+308, 2.7434e+01, 1.6069e+00, 
 2DIAGNOSTIC,    10, -3.317321724383e-01, 1.176390995428e-05, 2.8879e+01, 1.4448e+00, 
 2DIAGNOSTIC,    11, -3.317320923218e-01, 4.382631587391e-06, 3.0501e+01, 1.6218e+00, 
 2DIAGNOSTIC,    12, -3.317320459354e-01, 2.766191839670e-06, 3.1957e+01, 1.4557e+00, 
 2DIAGNOSTIC,    13, -3.317319261016e-01, 2.406759195620e-06, 3.3283e+01, 1.3262e+00, 
 2DIAGNOSTIC,    14, -3.317318912535e-01, 2.227408893246e-06, 3.4822e+01, 1.5391e+00, 
 2DIAGNOSTIC,    15, -3.317319419204e-01, 2.074721225181e-06, 3.6412e+01, 1.5897e+00, 
 2DIAGNOSTIC,    16, -3.317319434278e-01, 1.945396853151e-06, 3.7898e+01, 1.4863e+00, 
 2DIAGNOSTIC,    17, -3.317319201134e-01, 1.833221986894e-06, 3.9352e+01, 1.4539e+00, 
 2DIAGNOSTIC,    18, -3.317318843356e-01, 1.735048907318e-06, 4.0827e+01, 1.4747e+00, 
 2DIAGNOSTIC,    19, -3.317318484189e-01, 1.648187582567e-06, 4.2159e+01, 1.3325e+00, 
 2DIAGNOSTIC,    20, -3.317316950751e-01, 1.565443297817e-06, 4.3611e+01, 1.4518e+00, 
 2DIAGNOSTIC,    21, -3.317317459751e-01, 1.491827860196e-06, 4.4948e+01, 1.3372e+00, 
 2DIAGNOSTIC,    22, -3.317317608936e-01, 1.425840891030e-06, 4.6438e+01, 1.4901e+00, 
 2DIAGNOSTIC,    23, -3.317317912327e-01, 1.364142856723e-06, 4.7930e+01, 1.4921e+00, 
 2DIAGNOSTIC,    24, -3.317319339508e-01, 1.313197299228e-06, 4.9461e+01, 1.5307e+00, 
 2DIAGNOSTIC,    25, -3.317319336883e-01, 1.269140032109e-06, 5.1068e+01, 1.6071e+00, 
 2DIAGNOSTIC,    26, -3.317319272379e-01, 1.228667272875e-06, 5.2726e+01, 1.6576e+00, 
 2DIAGNOSTIC,    27, -3.317318856947e-01, 1.188646602167e-06, 5.4344e+01, 1.6178e+00, 
 2DIAGNOSTIC,    28, -3.317318406853e-01, 1.148023781788e-06, 5.5683e+01, 1.3392e+00, 
 2DIAGNOSTIC,    29, -3.317318132249e-01, 1.107303262388e-06, 5.7276e+01, 1.5932e+00, 
 2DIAGNOSTIC,    30, -3.317317854111e-01, 1.063091400653e-06, 5.8649e+01, 1.3730e+00, 
 2DIAGNOSTIC,    31, -3.317317867801e-01, 1.022978732571e-06, 6.0330e+01, 1.6807e+00, 
  Elapsed time (stage 0): 6.1166e+01


Total elapsed time: 6.1169e+01
Info [verificarlo]: loaded backend libinterflop_ieee.so
Info [interflop-ieee]: load backend with:
Info [interflop-ieee]: debug = false
Info [interflop-ieee]: debug-binary = false
Info [interflop-ieee]: no-backend-name = false
Info [interflop-ieee]: print-new-line = false
Info [interflop-ieee]: print-subnormal-normalized = false
Info [interflop-ieee]: count-op = false
All_Command_lines_OK
Using double precision for computations.
=============================================================================
The composite transform comprises the following transforms (in order): 
  1. /home/mdugre/scratch/mri-registration-rp/datasets/ds004513/derivatives/mri-registration-rp/0001/antsRegistration-r8-p13/sub-s020/rigid_Composite.h5[0] (type = Euler3DTransform)
  2. /home/mdugre/scratch/mri-registration-rp/datasets/ds004513/derivatives/mri-registration-rp/0001/antsRegistration-r8-p13/sub-s020/rigid_Composite.h5[1] (type = Euler3DTransform)
  3. /home/mdugre/scratch/mri-registration-rp/datasets/ds004513/derivatives/mri-registration-rp/0001/antsRegistration-r8-p13/sub-s020/rigid_Composite.h5[2] (type = Euler3DTransform)
=============================================================================
  number of levels = 4
  fixed image: /templateflow/tpl-MNI152NLin2009cAsym/tpl-MNI152NLin2009cAsym_res-01_desc-brain_T1w.nii.gz
  moving image: /home/mdugre/scratch/mri-registration-rp/datasets/ds004513/derivatives/mri-registration-rp/antsBrainExtraction/sub-s020/BrainExtractionBrain.nii.gz
Dimension = 3
Number of stages = 1
Use histogram matching = false
Winsorize image intensities = true
  Lower quantile = 0.005
  Upper quantile = 0.995


Stage 1 State
   Image metric = MattesMI
     Fixed image = Image (0x33b47e0)
  RTTI typeinfo:   itk::Image<double, 3u>
  Reference Count: 2
  Modified Time: 1594
  Debug: Off
  Object Name: 
  Observers: 
    none
  Source: (none)
  Source output name: (none)
  Release Data: Off
  Data Released: False
  Global Release Data: Off
  PipelineMTime: 0
  UpdateMTime: 1203
  RealTimeStamp: 0 seconds 
  LargestPossibleRegion: 
    Dimension: 3
    Index: [0, 0, 0]
    Size: [193, 229, 193]
  BufferedRegion: 
    Dimension: 3
    Index: [0, 0, 0]
    Size: [193, 229, 193]
  RequestedRegion: 
    Dimension: 3
    Index: [0, 0, 0]
    Size: [193, 229, 193]
  Spacing: [1, 1, 1]
  Origin: [96, 132, -78]
  Direction: 
-1 0 0
0 -1 0
0 0 1

  IndexToPointMatrix: 
-1 0 0
0 -1 0
0 0 1

  PointToIndexMatrix: 
-1 0 0
0 -1 0
0 0 1

  Inverse Direction: 
-1 0 0
0 -1 0
0 0 1

  PixelContainer: 
    ImportImageContainer (0x3474a20)
      RTTI typeinfo:   itk::ImportImageContainer<unsigned long, double>
      Reference Count: 1
      Modified Time: 1200
      Debug: Off
      Object Name: 
      Observers: 
        none
      Pointer: 0x14a6ed1e0010
      Container manages memory: true
      Size: 8530021
      Capacity: 8530021

     Moving image = Image (0x346fd70)
  RTTI typeinfo:   itk::Image<double, 3u>
  Reference Count: 2
  Modified Time: 1595
  Debug: Off
  Object Name: 
  Observers: 
    none
  Source: (none)
  Source output name: (none)
  Release Data: Off
  Data Released: False
  Global Release Data: Off
  PipelineMTime: 0
  UpdateMTime: 1592
  RealTimeStamp: 0 seconds 
  LargestPossibleRegion: 
    Dimension: 3
    Index: [0, 0, 0]
    Size: [160, 240, 256]
  BufferedRegion: 
    Dimension: 3
    Index: [0, 0, 0]
    Size: [160, 240, 256]
  RequestedRegion: 
    Dimension: 3
    Index: [0, 0, 0]
    Size: [160, 240, 256]
  Spacing: [0.999995, 1, 1]
  Origin: [87.0906, 98.7205, -152.377]
  Direction: 
-0.996975 0.0261379 -0.0731913
-0.0260677 -0.999658 -0.00191374
-0.0732163 -2.46403e-08 0.997316

  IndexToPointMatrix: 
-0.996971 0.0261379 -0.0731913
-0.0260676 -0.999658 -0.00191374
-0.0732159 -2.46403e-08 0.997316

  PointToIndexMatrix: 
-0.99698 -0.0260679 -0.0732166
0.0261379 -0.999658 -2.46993e-08
-0.0731913 -0.00191374 0.997316

  Inverse Direction: 
-0.996975 -0.0260677 -0.0732163
0.0261379 -0.999658 -2.46993e-08
-0.0731913 -0.00191374 0.997316

  PixelContainer: 
    ImportImageContainer (0x3427c90)
      RTTI typeinfo:   itk::ImportImageContainer<unsigned long, double>
      Reference Count: 1
      Modified Time: 1589
      Debug: Off
      Object Name: 
      Observers: 
        none
      Pointer: 0x14a6e86df010
      Container manages memory: true
      Size: 9830400
      Capacity: 9830400

     Weighting = 1
     Sampling strategy = regular
     Number of bins = 32
     Radius = 4
     Sampling percentage  = 0.25
   Transform = Affine
     Gradient step = 0.1
     Update field sigma (voxel space) = 0
     Total field sigma (voxel space) = 0
     Update field time sigma = 0
     Total field time sigma  = 0
     Number of time indices = 0
     Number of time point samples = 0
Registration using 1 total stages.

Stage 0
  iterations = 1000x500x250x100
  convergence threshold = 1e-06
  convergence window size = 10
  number of levels = 4
  using the Mattes MI metric (number of bins = 32, weight = 1, use gradient filter = 0)
  preprocessing:  winsorizing the image intensities
  Shrink factors (level 1 out of 4): [8, 8, 8]
  Shrink factors (level 2 out of 4): [4, 4, 4]
  Shrink factors (level 3 out of 4): [2, 2, 2]
  Shrink factors (level 4 out of 4): [1, 1, 1]
  smoothing sigmas per level: [3, 2, 1, 0]
  regular sampling (percentage = 0.25)

*** Running AffineTransform registration ***

DIAGNOSTIC,Iteration,metricValue,convergenceValue,ITERATION_TIME_INDEX,SINCE_LAST
 2DIAGNOSTIC,     1, -5.023218742343e-01, 1.797693134862e+308, 7.4976e-01, 7.4976e-01, 
 2DIAGNOSTIC,     2, -5.043026025708e-01, 1.797693134862e+308, 7.5387e-01, 4.1170e-03, 
 2DIAGNOSTIC,     3, -5.080591097278e-01, 1.797693134862e+308, 7.5793e-01, 4.0519e-03, 
 2DIAGNOSTIC,     4, -5.133562067017e-01, 1.797693134862e+308, 7.6200e-01, 4.0722e-03, 
 2DIAGNOSTIC,     5, -5.208897284979e-01, 1.797693134862e+308, 7.6612e-01, 4.1192e-03, 
 2DIAGNOSTIC,     6, -5.331963240950e-01, 1.797693134862e+308, 7.7047e-01, 4.3509e-03, 
 2DIAGNOSTIC,     7, -5.710993097087e-01, 1.797693134862e+308, 7.7500e-01, 4.5300e-03, 
 2DIAGNOSTIC,     8, -6.576198764785e-01, 1.797693134862e+308, 7.8027e-01, 5.2669e-03, 
 2DIAGNOSTIC,     9, -7.004233702002e-01, 1.797693134862e+308, 7.8500e-01, 4.7350e-03, 
 2DIAGNOSTIC,    10, -7.412941949988e-01, 2.689500736171e-02, 7.9064e-01, 5.6369e-03, 
 2DIAGNOSTIC,    11, -7.752710454360e-01, 2.944156456562e-02, 7.9673e-01, 6.0890e-03, 
 2DIAGNOSTIC,    12, -7.831625882411e-01, 2.919848002784e-02, 8.0353e-01, 6.8069e-03, 
 2DIAGNOSTIC,    13, -7.875162194460e-01, 2.666627298576e-02, 8.0889e-01, 5.3530e-03, 
 2DIAGNOSTIC,    14, -8.137920553662e-01, 2.314327990788e-02, 8.1412e-01, 5.2390e-03, 
 2DIAGNOSTIC,    15, -8.295829760382e-01, 1.878581363762e-02, 8.1918e-01, 5.0559e-03, 
 2DIAGNOSTIC,    16, -8.337052935394e-01, 1.385095128092e-02, 8.2486e-01, 5.6779e-03, 
 2DIAGNOSTIC,    17, -8.440383364518e-01, 9.547818642874e-03, 8.3269e-01, 7.8330e-03, 
 2DIAGNOSTIC,    18, -8.455085871543e-01, 6.997316560892e-03, 8.3822e-01, 5.5280e-03, 
 2DIAGNOSTIC,    19, -8.459862361684e-01, 5.051985072046e-03, 8.4375e-01, 5.5332e-03, 
 2DIAGNOSTIC,    20, -8.461918096952e-01, 3.694149798913e-03, 8.4871e-01, 4.9591e-03, 
 2DIAGNOSTIC,    21, -8.468846365192e-01, 2.818647023842e-03, 8.5357e-01, 4.8630e-03, 
 2DIAGNOSTIC,    22, -8.481340661157e-01, 1.947551147954e-03, 8.5899e-01, 5.4140e-03, 
 2DIAGNOSTIC,    23, -8.485934874386e-01, 1.058244527231e-03, 8.6391e-01, 4.9169e-03, 
 2DIAGNOSTIC,    24, -8.488184452368e-01, 5.878865311880e-04, 8.6985e-01, 5.9462e-03, 
 2DIAGNOSTIC,    25, -8.491559178443e-01, 3.592566811512e-04, 8.7472e-01, 4.8671e-03, 
 2DIAGNOSTIC,    26, -8.491107433550e-01, 1.741209921635e-04, 8.7959e-01, 4.8680e-03, 
 2DIAGNOSTIC,    27, -8.499260526666e-01, 1.471448927244e-04, 8.8496e-01, 5.3771e-03, 
 2DIAGNOSTIC,    28, -8.501604053160e-01, 1.316189492828e-04, 8.8981e-01, 4.8440e-03, 
 2DIAGNOSTIC,    29, -8.517245830000e-01, 1.321704364845e-04, 8.9467e-01, 4.8611e-03, 
 2DIAGNOSTIC,    30, -8.566082226450e-01, 1.843320520736e-04, 9.0166e-01, 6.9900e-03, 
 2DIAGNOSTIC,    31, -8.566696282969e-01, 2.228060675666e-04, 9.0698e-01, 5.3170e-03, 
 2DIAGNOSTIC,    32, -8.563938990402e-01, 2.498364535236e-04, 9.1232e-01, 5.3432e-03, 
 2DIAGNOSTIC,    33, -8.559249877504e-01, 2.522387352377e-04, 9.1771e-01, 5.3918e-03, 
 2DIAGNOSTIC,    34, -8.553082107169e-01, 2.260853188904e-04, 9.2513e-01, 7.4229e-03, 
 2DIAGNOSTIC,    35, -8.553318771719e-01, 1.834346863490e-04, 9.3049e-01, 5.3542e-03, 
 2DIAGNOSTIC,    36, -8.550708073434e-01, 1.226848244101e-04, 9.3533e-01, 4.8451e-03, 
 2DIAGNOSTIC,    37, -8.550826229037e-01, 6.326084962044e-05, 9.4011e-01, 4.7750e-03, 
 2DIAGNOSTIC,    38, -8.549644145294e-01, 2.740308255061e-06, 9.4549e-01, 5.3811e-03, 
DIAGNOSTIC,Iteration,metricValue,convergenceValue,ITERATION_TIME_INDEX,SINCE_LAST
 2DIAGNOSTIC,     1, -7.152927980468e-01, 1.797693134862e+308, 1.6780e+00, 7.3253e-01, 
 2DIAGNOSTIC,     2, -7.161701321690e-01, 1.797693134862e+308, 1.7142e+00, 3.6185e-02, 
 2DIAGNOSTIC,     3, -7.169056215447e-01, 1.797693134862e+308, 1.7507e+00, 3.6488e-02, 
 2DIAGNOSTIC,     4, -7.170613699604e-01, 1.797693134862e+308, 1.7955e+00, 4.4805e-02, 
 2DIAGNOSTIC,     5, -7.170055776855e-01, 1.797693134862e+308, 1.8401e+00, 4.4601e-02, 
 2DIAGNOSTIC,     6, -7.169806847246e-01, 1.797693134862e+308, 1.8933e+00, 5.3221e-02, 
 2DIAGNOSTIC,     7, -7.169903510473e-01, 1.797693134862e+308, 1.9341e+00, 4.0765e-02, 
 2DIAGNOSTIC,     8, -7.169885656406e-01, 1.797693134862e+308, 1.9746e+00, 4.0473e-02, 
 2DIAGNOSTIC,     9, -7.169734866667e-01, 1.797693134862e+308, 2.0151e+00, 4.0541e-02, 
 2DIAGNOSTIC,    10, -7.169674963855e-01, 9.824869334216e-05, 2.0594e+00, 4.4338e-02, 
 2DIAGNOSTIC,    11, -7.169571949079e-01, 3.075936684432e-05, 2.0965e+00, 3.7034e-02, 
DIAGNOSTIC,Iteration,metricValue,convergenceValue,ITERATION_TIME_INDEX,SINCE_LAST
 2DIAGNOSTIC,     1, -5.953281532830e-01, 1.797693134862e+308, 3.1869e+00, 1.0905e+00, 
 2DIAGNOSTIC,     2, -5.956490476718e-01, 1.797693134862e+308, 3.4292e+00, 2.4226e-01, 
 2DIAGNOSTIC,     3, -5.958423344503e-01, 1.797693134862e+308, 3.6560e+00, 2.2678e-01, 
 2DIAGNOSTIC,     4, -5.960807054828e-01, 1.797693134862e+308, 3.8801e+00, 2.2409e-01, 
 2DIAGNOSTIC,     5, -5.966801997183e-01, 1.797693134862e+308, 4.1554e+00, 2.7534e-01, 
 2DIAGNOSTIC,     6, -5.969255620188e-01, 1.797693134862e+308, 4.5371e+00, 3.8165e-01, 
 2DIAGNOSTIC,     7, -5.969686440665e-01, 1.797693134862e+308, 4.7951e+00, 2.5806e-01, 
 2DIAGNOSTIC,     8, -5.969717801092e-01, 1.797693134862e+308, 5.0554e+00, 2.6027e-01, 
 2DIAGNOSTIC,     9, -5.969746249894e-01, 1.797693134862e+308, 5.3288e+00, 2.7338e-01, 
 2DIAGNOSTIC,    10, -5.969759320542e-01, 1.963529735183e-04, 5.5560e+00, 2.2723e-01, 
 2DIAGNOSTIC,    11, -5.969776729463e-01, 1.367320013154e-04, 5.7859e+00, 2.2993e-01, 
 2DIAGNOSTIC,    12, -5.969891726266e-01, 8.846950285563e-05, 6.0434e+00, 2.5749e-01, 
 2DIAGNOSTIC,    13, -5.970147653869e-01, 4.805261360480e-05, 6.3056e+00, 2.6216e-01, 
 2DIAGNOSTIC,    14, -5.970646607003e-01, 1.859854965434e-05, 6.5703e+00, 2.6475e-01, 
 2DIAGNOSTIC,    15, -5.971023282282e-01, 1.158238795884e-05, 6.8189e+00, 2.4855e-01, 
 2DIAGNOSTIC,    16, -5.971351567688e-01, 1.281991757231e-05, 7.2541e+00, 4.3526e-01, 
 2DIAGNOSTIC,    17, -5.971363184713e-01, 1.415427039071e-05, 7.5210e+00, 2.6686e-01, 
 2DIAGNOSTIC,    18, -5.971359923952e-01, 1.428735299722e-05, 7.7746e+00, 2.5360e-01, 
 2DIAGNOSTIC,    19, -5.971333573332e-01, 1.324285671863e-05, 8.0558e+00, 2.8125e-01, 
 2DIAGNOSTIC,    20, -5.971343881542e-01, 1.127533640472e-05, 8.3405e+00, 2.8466e-01, 
