
##########################
# Experiment information #
##########################

EXPERIMENT_NAME: antsRegistration-r8-p16
VFC_BACKENDS: libinterflop_vprec.so --range-binary32=8 --precision-binary32=16 --range-binary64=8 --precision-binary64=16

SIF_IMG: /home/mdugre/projects/rrg-glatard/mdugre/containers/ants-vprec-no_metrics.simg

SUBJECT_ID: s035
INPUT_IMG: /home/mdugre/scratch/mri-registration-rp/datasets/ds004513/derivatives/mri-registration-rp/antsBrainExtraction/sub-s035/BrainExtractionBrain.nii.gz
OUTPUT_DIR: /home/mdugre/scratch/mri-registration-rp/datasets/ds004513/derivatives/mri-registration-rp/0001/antsRegistration-r8-p16/sub-s035

FIXED_IMG: /templateflow/tpl-MNI152NLin2009cAsym/tpl-MNI152NLin2009cAsym_res-01_desc-brain_T1w.nii.gz
DATA_DIR: /home/mdugre/scratch/mri-registration-rp/datasets/ds004513
TEMPLATEFLOW_DIR: /home/mdugre/projects/rrg-glatard/mdugre/templateflow
ITK_GLOBAL_DEFAULT_NUMBER_OF_THREADS: 16
##########################

Info [verificarlo]: loaded backend libinterflop_ieee.so
Info [interflop-ieee]: load backend with:
Info [interflop-ieee]: debug = false
Info [interflop-ieee]: debug-binary = false
Info [interflop-ieee]: no-backend-name = false
Info [interflop-ieee]: print-new-line = false
Info [interflop-ieee]: print-subnormal-normalized = false
Info [interflop-ieee]: count-op = false
All_Command_lines_OK
Using double precision for computations.
=============================================================================
The composite transform comprises the following transforms (in order): 
  1. Center of mass alignment using fixed image: /templateflow/tpl-MNI152NLin2009cAsym/tpl-MNI152NLin2009cAsym_res-01_desc-brain_T1w.nii.gz and moving image: /home/mdugre/scratch/mri-registration-rp/datasets/ds004513/derivatives/mri-registration-rp/antsBrainExtraction/sub-s035/BrainExtractionBrain.nii.gz (type = Euler3DTransform)
=============================================================================
  number of levels = 1
  fixed image: /templateflow/tpl-MNI152NLin2009cAsym/tpl-MNI152NLin2009cAsym_res-01_desc-brain_T1w.nii.gz
  moving image: /home/mdugre/scratch/mri-registration-rp/datasets/ds004513/derivatives/mri-registration-rp/antsBrainExtraction/sub-s035/BrainExtractionBrain.nii.gz
Dimension = 3
Number of stages = 1
Use histogram matching = false
Winsorize image intensities = true
  Lower quantile = 0.005
  Upper quantile = 0.995


Stage 1 State
   Image metric = MattesMI
     Fixed image = Image (0x3765e70)
  RTTI typeinfo:   itk::Image<double, 3u>
  Reference Count: 2
  Modified Time: 2330
  Debug: Off
  Object Name: 
  Observers: 
    none
  Source: (none)
  Source output name: (none)
  Release Data: Off
  Data Released: False
  Global Release Data: Off
  PipelineMTime: 0
  UpdateMTime: 1941
  RealTimeStamp: 0 seconds 
  LargestPossibleRegion: 
    Dimension: 3
    Index: [0, 0, 0]
    Size: [193, 229, 193]
  BufferedRegion: 
    Dimension: 3
    Index: [0, 0, 0]
    Size: [193, 229, 193]
  RequestedRegion: 
    Dimension: 3
    Index: [0, 0, 0]
    Size: [193, 229, 193]
  Spacing: [1, 1, 1]
  Origin: [96, 132, -78]
  Direction: 
-1 0 0
0 -1 0
0 0 1

  IndexToPointMatrix: 
-1 0 0
0 -1 0
0 0 1

  PointToIndexMatrix: 
-1 0 0
0 -1 0
0 0 1

  Inverse Direction: 
-1 0 0
0 -1 0
0 0 1

  PixelContainer: 
    ImportImageContainer (0x376ec60)
      RTTI typeinfo:   itk::ImportImageContainer<unsigned long, double>
      Reference Count: 1
      Modified Time: 1938
      Debug: Off
      Object Name: 
      Observers: 
        none
      Pointer: 0x14cd9be96010
      Container manages memory: true
      Size: 8530021
      Capacity: 8530021

     Moving image = Image (0x3802ec0)
  RTTI typeinfo:   itk::Image<double, 3u>
  Reference Count: 2
  Modified Time: 2331
  Debug: Off
  Object Name: 
  Observers: 
    none
  Source: (none)
  Source output name: (none)
  Release Data: Off
  Data Released: False
  Global Release Data: Off
  PipelineMTime: 0
  UpdateMTime: 2328
  RealTimeStamp: 0 seconds 
  LargestPossibleRegion: 
    Dimension: 3
    Index: [0, 0, 0]
    Size: [160, 240, 256]
  BufferedRegion: 
    Dimension: 3
    Index: [0, 0, 0]
    Size: [160, 240, 256]
  RequestedRegion: 
    Dimension: 3
    Index: [0, 0, 0]
    Size: [160, 240, 256]
  Spacing: [1, 1, 1]
  Origin: [98.6438, 87.6358, -117.989]
  Direction: 
-0.993515 -0.100993 -0.0522355
0.100854 -0.994887 0.00530255
-0.0525039 1.93537e-08 0.998621

  IndexToPointMatrix: 
-0.993515 -0.100993 -0.0522355
0.100854 -0.994887 0.00530255
-0.0525039 1.93537e-08 0.998621

  PointToIndexMatrix: 
-0.993515 0.100854 -0.0525039
-0.100993 -0.994887 1.93006e-08
-0.0522355 0.00530255 0.998621

  Inverse Direction: 
-0.993515 0.100854 -0.0525039
-0.100993 -0.994887 1.93006e-08
-0.0522355 0.00530255 0.998621

  PixelContainer: 
    ImportImageContainer (0x389a610)
      RTTI typeinfo:   itk::ImportImageContainer<unsigned long, double>
      Reference Count: 1
      Modified Time: 2325
      Debug: Off
      Object Name: 
      Observers: 
        none
      Pointer: 0x14cd97395010
      Container manages memory: true
      Size: 9830400
      Capacity: 9830400

     Weighting = 1
     Sampling strategy = regular
     Number of bins = 32
     Radius = 4
     Sampling percentage  = 0.25
   Transform = Rigid
     Gradient step = 0.1
     Update field sigma (voxel space) = 0
     Total field sigma (voxel space) = 0
     Update field time sigma = 0
     Total field time sigma  = 0
     Number of time indices = 0
     Number of time point samples = 0
Registration using 1 total stages.

Stage 0
  iterations = 0
  convergence threshold = 1e-06
  convergence window size = 10
  number of levels = 1
  using the Mattes MI metric (number of bins = 32, weight = 1, use gradient filter = 0)
  preprocessing:  winsorizing the image intensities
  Shrink factors (level 1 out of 1): [1, 1, 1]
  smoothing sigmas per level: [0]
  regular sampling (percentage = 0.25)

*** Running Euler3DTransform registration ***

  Elapsed time (stage 0): 1.08659


Total elapsed time: 1.08896
Info [verificarlo]: loaded backend libinterflop_ieee.so
Info [interflop-ieee]: load backend with:
Info [interflop-ieee]: debug = false
Info [interflop-ieee]: debug-binary = false
Info [interflop-ieee]: no-backend-name = false
Info [interflop-ieee]: print-new-line = false
Info [interflop-ieee]: print-subnormal-normalized = false
Info [interflop-ieee]: count-op = false
All_Command_lines_OK
Using double precision for computations.
=============================================================================
The composite transform comprises the following transforms (in order): 
  1. /home/mdugre/scratch/mri-registration-rp/datasets/ds004513/derivatives/mri-registration-rp/0001/antsRegistration-r8-p16/sub-s035/align_Composite.h5[0] (type = Euler3DTransform)
  2. /home/mdugre/scratch/mri-registration-rp/datasets/ds004513/derivatives/mri-registration-rp/0001/antsRegistration-r8-p16/sub-s035/align_Composite.h5[1] (type = Euler3DTransform)
=============================================================================
  number of levels = 4
  fixed image: /templateflow/tpl-MNI152NLin2009cAsym/tpl-MNI152NLin2009cAsym_res-01_desc-brain_T1w.nii.gz
  moving image: /home/mdugre/scratch/mri-registration-rp/datasets/ds004513/derivatives/mri-registration-rp/antsBrainExtraction/sub-s035/BrainExtractionBrain.nii.gz
Dimension = 3
Number of stages = 1
Use histogram matching = false
Winsorize image intensities = true
  Lower quantile = 0.005
  Upper quantile = 0.995


Stage 1 State
   Image metric = MattesMI
     Fixed image = Image (0x38d4530)
  RTTI typeinfo:   itk::Image<double, 3u>
  Reference Count: 2
  Modified Time: 1578
  Debug: Off
  Object Name: 
  Observers: 
    none
  Source: (none)
  Source output name: (none)
  Release Data: Off
  Data Released: False
  Global Release Data: Off
  PipelineMTime: 0
  UpdateMTime: 1189
  RealTimeStamp: 0 seconds 
  LargestPossibleRegion: 
    Dimension: 3
    Index: [0, 0, 0]
    Size: [193, 229, 193]
  BufferedRegion: 
    Dimension: 3
    Index: [0, 0, 0]
    Size: [193, 229, 193]
  RequestedRegion: 
    Dimension: 3
    Index: [0, 0, 0]
    Size: [193, 229, 193]
  Spacing: [1, 1, 1]
  Origin: [96, 132, -78]
  Direction: 
-1 0 0
0 -1 0
0 0 1

  IndexToPointMatrix: 
-1 0 0
0 -1 0
0 0 1

  PointToIndexMatrix: 
-1 0 0
0 -1 0
0 0 1

  Inverse Direction: 
-1 0 0
0 -1 0
0 0 1

  PixelContainer: 
    ImportImageContainer (0x3992d60)
      RTTI typeinfo:   itk::ImportImageContainer<unsigned long, double>
      Reference Count: 1
      Modified Time: 1186
      Debug: Off
      Object Name: 
      Observers: 
        none
      Pointer: 0x151c678c6010
      Container manages memory: true
      Size: 8530021
      Capacity: 8530021

     Moving image = Image (0x3984f60)
  RTTI typeinfo:   itk::Image<double, 3u>
  Reference Count: 2
  Modified Time: 1579
  Debug: Off
  Object Name: 
  Observers: 
    none
  Source: (none)
  Source output name: (none)
  Release Data: Off
  Data Released: False
  Global Release Data: Off
  PipelineMTime: 0
  UpdateMTime: 1576
  RealTimeStamp: 0 seconds 
  LargestPossibleRegion: 
    Dimension: 3
    Index: [0, 0, 0]
    Size: [160, 240, 256]
  BufferedRegion: 
    Dimension: 3
    Index: [0, 0, 0]
    Size: [160, 240, 256]
  RequestedRegion: 
    Dimension: 3
    Index: [0, 0, 0]
    Size: [160, 240, 256]
  Spacing: [1, 1, 1]
  Origin: [98.6438, 87.6358, -117.989]
  Direction: 
-0.993515 -0.100993 -0.0522355
0.100854 -0.994887 0.00530255
-0.0525039 1.93537e-08 0.998621

  IndexToPointMatrix: 
-0.993515 -0.100993 -0.0522355
0.100854 -0.994887 0.00530255
-0.0525039 1.93537e-08 0.998621

  PointToIndexMatrix: 
-0.993515 0.100854 -0.0525039
-0.100993 -0.994887 1.93006e-08
-0.0522355 0.00530255 0.998621

  Inverse Direction: 
-0.993515 0.100854 -0.0525039
-0.100993 -0.994887 1.93006e-08
-0.0522355 0.00530255 0.998621

  PixelContainer: 
    ImportImageContainer (0x39766d0)
      RTTI typeinfo:   itk::ImportImageContainer<unsigned long, double>
      Reference Count: 1
      Modified Time: 1573
      Debug: Off
      Object Name: 
      Observers: 
        none
      Pointer: 0x151c62dc5010
      Container manages memory: true
      Size: 9830400
      Capacity: 9830400

     Weighting = 1
     Sampling strategy = regular
     Number of bins = 32
     Radius = 4
     Sampling percentage  = 0.25
   Transform = Rigid
     Gradient step = 0.1
     Update field sigma (voxel space) = 0
     Total field sigma (voxel space) = 0
     Update field time sigma = 0
     Total field time sigma  = 0
     Number of time indices = 0
     Number of time point samples = 0
Registration using 1 total stages.

Stage 0
  iterations = 1000x500x250x100
  convergence threshold = 1e-06
  convergence window size = 10
  number of levels = 4
  using the Mattes MI metric (number of bins = 32, weight = 1, use gradient filter = 0)
  preprocessing:  winsorizing the image intensities
  Shrink factors (level 1 out of 4): [8, 8, 8]
  Shrink factors (level 2 out of 4): [4, 4, 4]
  Shrink factors (level 3 out of 4): [2, 2, 2]
  Shrink factors (level 4 out of 4): [1, 1, 1]
  smoothing sigmas per level: [3, 2, 1, 0]
  regular sampling (percentage = 0.25)

*** Running Euler3DTransform registration ***

DIAGNOSTIC,Iteration,metricValue,convergenceValue,ITERATION_TIME_INDEX,SINCE_LAST
 2DIAGNOSTIC,     1, -5.238630234552e-01, 1.797693134862e+308, 7.4888e-01, 7.4888e-01, 
 2DIAGNOSTIC,     2, -5.257885820767e-01, 1.797693134862e+308, 7.5405e-01, 5.1661e-03, 
 2DIAGNOSTIC,     3, -5.278597554839e-01, 1.797693134862e+308, 7.5912e-01, 5.0750e-03, 
 2DIAGNOSTIC,     4, -5.302176117225e-01, 1.797693134862e+308, 7.6431e-01, 5.1901e-03, 
 2DIAGNOSTIC,     5, -5.343462816845e-01, 1.797693134862e+308, 7.6968e-01, 5.3699e-03, 
 2DIAGNOSTIC,     6, -5.399239396740e-01, 1.797693134862e+308, 7.7461e-01, 4.9260e-03, 
 2DIAGNOSTIC,     7, -5.490554822001e-01, 1.797693134862e+308, 7.8022e-01, 5.6081e-03, 
 2DIAGNOSTIC,     8, -5.545204224448e-01, 1.797693134862e+308, 7.8665e-01, 6.4290e-03, 
 2DIAGNOSTIC,     9, -5.601437715553e-01, 1.797693134862e+308, 7.9167e-01, 5.0249e-03, 
 2DIAGNOSTIC,    10, -5.617741193774e-01, 5.067640484485e-03, 7.9717e-01, 5.5020e-03, 
 2DIAGNOSTIC,    11, -5.649562249041e-01, 4.796539612083e-03, 8.0414e-01, 6.9709e-03, 
 2DIAGNOSTIC,    12, -5.658710903081e-01, 4.260783098155e-03, 8.1053e-01, 6.3848e-03, 
 2DIAGNOSTIC,    13, -5.662828333056e-01, 3.524744036646e-03, 8.1604e-01, 5.5110e-03, 
 2DIAGNOSTIC,    14, -5.685908474577e-01, 2.751340472953e-03, 8.2151e-01, 5.4710e-03, 
 2DIAGNOSTIC,    15, -5.732745043306e-01, 2.134644679428e-03, 8.2916e-01, 7.6489e-03, 
 2DIAGNOSTIC,    16, -5.738084427845e-01, 1.591333148336e-03, 8.3644e-01, 7.2780e-03, 
 2DIAGNOSTIC,    17, -5.739093703465e-01, 1.247363567739e-03, 8.4185e-01, 5.4090e-03, 
 2DIAGNOSTIC,    18, -5.745773598458e-01, 1.002163966315e-03, 8.4657e-01, 4.7200e-03, 
 2DIAGNOSTIC,    19, -5.752045522723e-01, 8.579763081925e-04, 8.5120e-01, 4.6332e-03, 
 2DIAGNOSTIC,    20, -5.755578777727e-01, 6.955845773882e-04, 8.5583e-01, 4.6301e-03, 
 2DIAGNOSTIC,    21, -5.761681227725e-01, 5.767135182719e-04, 8.6046e-01, 4.6289e-03, 
 2DIAGNOSTIC,    22, -5.775610178281e-01, 4.707067062559e-04, 8.6545e-01, 4.9911e-03, 
 2DIAGNOSTIC,    23, -5.801876522134e-01, 3.965856196861e-04, 8.7038e-01, 4.9269e-03, 
 2DIAGNOSTIC,    24, -5.873578871771e-01, 4.881452204174e-04, 8.7697e-01, 6.5911e-03, 
 2DIAGNOSTIC,    25, -5.924052233496e-01, 7.199711435664e-04, 8.8350e-01, 6.5279e-03, 
 2DIAGNOSTIC,    26, -5.933789722545e-01, 8.944842701083e-04, 8.8931e-01, 5.8091e-03, 
 2DIAGNOSTIC,    27, -5.948140362558e-01, 1.002036484520e-03, 8.9444e-01, 5.1341e-03, 
 2DIAGNOSTIC,    28, -5.954370004550e-01, 1.029952320957e-03, 8.9905e-01, 4.6101e-03, 
 2DIAGNOSTIC,    29, -5.955619965632e-01, 9.699000563818e-04, 9.0384e-01, 4.7870e-03, 
 2DIAGNOSTIC,    30, -5.960977142446e-01, 8.366692960646e-04, 9.0841e-01, 4.5691e-03, 
 2DIAGNOSTIC,    31, -5.971105016178e-01, 6.606986236152e-04, 9.1369e-01, 5.2810e-03, 
 2DIAGNOSTIC,    32, -5.989728413269e-01, 4.853112632158e-04, 9.2068e-01, 6.9890e-03, 
 2DIAGNOSTIC,    33, -5.996340171343e-01, 3.222359249289e-04, 9.2555e-01, 4.8718e-03, 
 2DIAGNOSTIC,    34, -5.997688324988e-01, 2.443793018010e-04, 9.3026e-01, 4.7119e-03, 
 2DIAGNOSTIC,    35, -5.999328162937e-01, 2.224308793416e-04, 9.3614e-01, 5.8780e-03, 
 2DIAGNOSTIC,    36, -6.001598298696e-01, 1.965988113129e-04, 9.4105e-01, 4.9131e-03, 
 2DIAGNOSTIC,    37, -6.004938013110e-01, 1.767006123708e-04, 9.4633e-01, 5.2791e-03, 
 2DIAGNOSTIC,    38, -6.008280010344e-01, 1.536048167025e-04, 9.5132e-01, 4.9930e-03, 
 2DIAGNOSTIC,    39, -6.038559363678e-01, 1.574331427101e-04, 9.5687e-01, 5.5470e-03, 
 2DIAGNOSTIC,    40, -6.077047301181e-01, 1.993081219178e-04, 9.6220e-01, 5.3349e-03, 
 2DIAGNOSTIC,    41, -6.174632765711e-01, 3.481387863309e-04, 9.6844e-01, 6.2339e-03, 
 2DIAGNOSTIC,    42, -6.161977982576e-01, 4.608909024265e-04, 9.7777e-01, 9.3350e-03, 
 2DIAGNOSTIC,    43, -6.161564676930e-01, 5.335374197580e-04, 9.8265e-01, 4.8809e-03, 
 2DIAGNOSTIC,    44, -6.170772359144e-01, 5.644824713623e-04, 9.8713e-01, 4.4770e-03, 
 2DIAGNOSTIC,    45, -6.185357384069e-01, 5.560479676637e-04, 9.9171e-01, 4.5738e-03, 
 2DIAGNOSTIC,    46, -6.206472670923e-01, 5.180561974142e-04, 9.9613e-01, 4.4270e-03, 
 2DIAGNOSTIC,    47, -6.234100461512e-01, 4.649606786749e-04, 1.0005e+00, 4.3411e-03, 
 2DIAGNOSTIC,    48, -6.282459780754e-01, 4.232184607170e-04, 1.0048e+00, 4.3690e-03, 
 2DIAGNOSTIC,    49, -6.332856876861e-01, 4.219352239252e-04, 1.0093e+00, 4.4241e-03, 
 2DIAGNOSTIC,    50, -6.437673226713e-01, 5.158696726089e-04, 1.0137e+00, 4.4510e-03, 
 2DIAGNOSTIC,    51, -6.567709927432e-01, 7.709766907996e-04, 1.0184e+00, 4.7250e-03, 
 2DIAGNOSTIC,    52, -6.630139291953e-01, 9.856111054546e-04, 1.0238e+00, 5.3182e-03, 
 2DIAGNOSTIC,    53, -6.637658016410e-01, 1.103854527555e-03, 1.0283e+00, 4.5080e-03, 
 2DIAGNOSTIC,    54, -6.646848048387e-01, 1.129224357428e-03, 1.0328e+00, 4.5571e-03, 
 2DIAGNOSTIC,    55, -6.699954521315e-01, 1.103369919532e-03, 1.0411e+00, 8.2378e-03, 
 2DIAGNOSTIC,    56, -6.720089792274e-01, 1.005089497095e-03, 1.0476e+00, 6.5730e-03, 
 2DIAGNOSTIC,    57, -6.720481503335e-01, 8.375234627546e-04, 1.0520e+00, 4.3590e-03, 
 2DIAGNOSTIC,    58, -6.725919391407e-01, 6.425660864414e-04, 1.0563e+00, 4.3180e-03, 
 2DIAGNOSTIC,    59, -6.729036297095e-01, 4.360791193338e-04, 1.0606e+00, 4.2782e-03, 
 2DIAGNOSTIC,    60, -6.731488693719e-01, 2.773040200372e-04, 1.0649e+00, 4.2629e-03, 
 2DIAGNOSTIC,    61, -6.734259029839e-01, 1.993309264871e-04, 1.0691e+00, 4.2410e-03, 
 2DIAGNOSTIC,    62, -6.739132051160e-01, 1.568961752908e-04, 1.0734e+00, 4.3211e-03, 
 2DIAGNOSTIC,    63, -6.762843084177e-01, 1.247265719662e-04, 1.0794e+00, 5.9412e-03, 
 2DIAGNOSTIC,    64, -6.766381493633e-01, 8.969393528504e-05, 1.0838e+00, 4.4291e-03, 
 2DIAGNOSTIC,    65, -6.771215111813e-01, 8.898299596963e-05, 1.0881e+00, 4.3340e-03, 
 2DIAGNOSTIC,    66, -6.778537094241e-01, 9.953423319445e-05, 1.0932e+00, 5.0590e-03, 
 2DIAGNOSTIC,    67, -6.792268252655e-01, 1.098308292477e-04, 1.0994e+00, 6.2139e-03, 
 2DIAGNOSTIC,    68, -6.807680750910e-01, 1.231389783539e-04, 1.1038e+00, 4.3700e-03, 
 2DIAGNOSTIC,    69, -6.815199397350e-01, 1.312163330983e-04, 1.1081e+00, 4.3490e-03, 
 2DIAGNOSTIC,    70, -6.818104510190e-01, 1.303108863393e-04, 1.1140e+00, 5.8920e-03, 
 2DIAGNOSTIC,    71, -6.820510074539e-01, 1.205022172239e-04, 1.1183e+00, 4.3240e-03, 
 2DIAGNOSTIC,    72, -6.822316812725e-01, 1.032400547015e-04, 1.1232e+00, 4.8461e-03, 
 2DIAGNOSTIC,    73, -6.825798739559e-01, 9.372189477758e-05, 1.1291e+00, 5.9009e-03, 
 2DIAGNOSTIC,    74, -6.826264066554e-01, 7.797279076714e-05, 1.1334e+00, 4.3409e-03, 
 2DIAGNOSTIC,    75, -6.826914667179e-01, 5.871122923689e-05, 1.1377e+00, 4.2958e-03, 
 2DIAGNOSTIC,    76, -6.828123446537e-01, 3.951699747179e-05, 1.1420e+00, 4.3008e-03, 
 2DIAGNOSTIC,    77, -6.832345010729e-01, 2.762869735010e-05, 1.1463e+00, 4.3342e-03, 
 2DIAGNOSTIC,    78, -6.838171590885e-01, 2.580830912151e-05, 1.1528e+00, 6.4449e-03, 
 2DIAGNOSTIC,    79, -6.837376156293e-01, 2.542040847622e-05, 1.1571e+00, 4.3399e-03, 
 2DIAGNOSTIC,    80, -6.837940782400e-01, 2.471284174183e-05, 1.1615e+00, 4.3960e-03, 
 2DIAGNOSTIC,    81, -6.839726314800e-01, 2.407003077045e-05, 1.1659e+00, 4.3819e-03, 
 2DIAGNOSTIC,    82, -6.841107559777e-01, 2.280999737725e-05, 1.1704e+00, 4.4491e-03, 
 2DIAGNOSTIC,    83, -6.851045861239e-01, 2.675686668144e-05, 1.1846e+00, 1.4276e-02, 
 2DIAGNOSTIC,    84, -6.858177327459e-01, 3.208721655309e-05, 1.1908e+00, 6.1510e-03, 
 2DIAGNOSTIC,    85, -6.861555631850e-01, 3.640284012879e-05, 1.1972e+00, 6.4480e-03, 
 2DIAGNOSTIC,    86, -6.861558572973e-01, 3.780100953458e-05, 1.2012e+00, 4.0040e-03, 
 2DIAGNOSTIC,    87, -6.861668751335e-01, 3.777712418747e-05, 1.2053e+00, 4.0650e-03, 
 2DIAGNOSTIC,    88, -6.861799265258e-01, 3.717450331013e-05, 1.2093e+00, 3.9690e-03, 
 2DIAGNOSTIC,    89, -6.861876158782e-01, 3.259312939877e-05, 1.2137e+00, 4.4639e-03, 
 2DIAGNOSTIC,    90, -6.861914325737e-01, 2.533819131205e-05, 1.2177e+00, 3.9752e-03, 
 2DIAGNOSTIC,    91, -6.861984205433e-01, 1.686247444425e-05, 1.2217e+00, 3.9589e-03, 
 2DIAGNOSTIC,    92, -6.862113181611e-01, 7.666125683928e-06, 1.2256e+00, 3.9592e-03, 
 2DIAGNOSTIC,    93, -6.862267109173e-01, 2.805882143381e-06, 1.2296e+00, 3.9449e-03, 
 2DIAGNOSTIC,    94, -6.862421176314e-01, 1.276944949264e-06, 1.2340e+00, 4.4410e-03, 
 2DIAGNOSTIC,    95, -6.863402533845e-01, 1.767137388430e-06, 1.2394e+00, 5.3959e-03, 
 2DIAGNOSTIC,    96, -6.863402165500e-01, 2.099677440567e-06, 1.2434e+00, 3.9489e-03, 
 2DIAGNOSTIC,    97, -6.863403479170e-01, 2.312589408389e-06, 1.2473e+00, 3.9520e-03, 
 2DIAGNOSTIC,    98, -6.863407929820e-01, 2.398935306697e-06, 1.2512e+00, 3.8960e-03, 
 2DIAGNOSTIC,    99, -6.863418453948e-01, 2.322806960903e-06, 1.2551e+00, 3.8970e-03, 
 2DIAGNOSTIC,   100, -6.863433026102e-01, 2.074172027779e-06, 1.2673e+00, 1.2236e-02, 
 2DIAGNOSTIC,   101, -6.863433024789e-01, 1.693181458854e-06, 1.2796e+00, 1.2265e-02, 
 2DIAGNOSTIC,   102, -6.863433024789e-01, 1.252229383497e-06, 1.2868e+00, 7.2160e-03, 
DIAGNOSTIC,Iteration,metricValue,convergenceValue,ITERATION_TIME_INDEX,SINCE_LAST
 2DIAGNOSTIC,     1, -5.583137567531e-01, 1.797693134862e+308, 2.0046e+00, 7.1781e-01, 
 2DIAGNOSTIC,     2, -5.587692277392e-01, 1.797693134862e+308, 2.0336e+00, 2.8966e-02, 
 2DIAGNOSTIC,     3, -5.591105002582e-01, 1.797693134862e+308, 2.0625e+00, 2.8876e-02, 
 2DIAGNOSTIC,     4, -5.599295817920e-01, 1.797693134862e+308, 2.0913e+00, 2.8784e-02, 
 2DIAGNOSTIC,     5, -5.608881362582e-01, 1.797693134862e+308, 2.1231e+00, 3.1866e-02, 
 2DIAGNOSTIC,     6, -5.613235305252e-01, 1.797693134862e+308, 2.1515e+00, 2.8381e-02, 
 2DIAGNOSTIC,     7, -5.624613127459e-01, 1.797693134862e+308, 2.1831e+00, 3.1590e-02, 
 2DIAGNOSTIC,     8, -5.631246242835e-01, 1.797693134862e+308, 2.2209e+00, 3.7848e-02, 
 2DIAGNOSTIC,     9, -5.632670099626e-01, 1.797693134862e+308, 2.2560e+00, 3.5030e-02, 
 2DIAGNOSTIC,    10, -5.639213473765e-01, 6.925020521761e-04, 2.2859e+00, 2.9962e-02, 
 2DIAGNOSTIC,    11, -5.654852969965e-01, 6.698262187673e-04, 2.3181e+00, 3.2190e-02, 
 2DIAGNOSTIC,    12, -5.659979660805e-01, 6.301779644079e-04, 2.3491e+00, 3.1020e-02, 
 2DIAGNOSTIC,    13, -5.660929956225e-01, 5.567699931794e-04, 2.3894e+00, 4.0293e-02, 
 2DIAGNOSTIC,    14, -5.660995077738e-01, 4.740364757243e-04, 2.4241e+00, 3.4675e-02, 
 2DIAGNOSTIC,    15, -5.661506123597e-01, 3.934754563944e-04, 2.4528e+00, 2.8686e-02, 
 2DIAGNOSTIC,    16, -5.661278607969e-01, 2.985205646543e-04, 2.4829e+00, 3.0104e-02, 
 2DIAGNOSTIC,    17, -5.661227151994e-01, 2.205351531340e-04, 2.5127e+00, 2.9761e-02, 
 2DIAGNOSTIC,    18, -5.661726737601e-01, 1.517991995868e-04, 2.5428e+00, 3.0177e-02, 
 2DIAGNOSTIC,    19, -5.661530478698e-01, 7.985182021450e-05, 2.5702e+00, 2.7339e-02, 
 2DIAGNOSTIC,    20, -5.662036258260e-01, 2.471483334412e-05, 2.5964e+00, 2.6237e-02, 
 2DIAGNOSTIC,    21, -5.662403544584e-01, 1.079022149419e-05, 2.6266e+00, 3.0183e-02, 
 2DIAGNOSTIC,    22, -5.662739289513e-01, 9.728028993905e-06, 2.6563e+00, 2.9708e-02, 
 2DIAGNOSTIC,    23, -5.662291896213e-01, 9.078029363598e-06, 2.7001e+00, 4.3832e-02, 
 2DIAGNOSTIC,    24, -5.662716989550e-01, 8.799528978996e-06, 2.7380e+00, 3.7881e-02, 
 2DIAGNOSTIC,    25, -5.662699216895e-01, 8.821730268796e-06, 2.7692e+00, 3.1169e-02, 
 2DIAGNOSTIC,    26, -5.662710308461e-01, 7.700392025502e-06, 2.7963e+00, 2.7100e-02, 
 2DIAGNOSTIC,    27, -5.662634451951e-01, 5.801535880381e-06, 2.8249e+00, 2.8615e-02, 
 2DIAGNOSTIC,    28, -5.662616568122e-01, 4.513427192911e-06, 2.8602e+00, 3.5278e-02, 
 2DIAGNOSTIC,    29, -5.662632816769e-01, 2.665530634244e-06, 2.8885e+00, 2.8283e-02, 
 2DIAGNOSTIC,    30, -5.662563472656e-01, 1.497132007595e-06, 2.9167e+00, 2.8281e-02, 
DIAGNOSTIC,Iteration,metricValue,convergenceValue,ITERATION_TIME_INDEX,SINCE_LAST
 2DIAGNOSTIC,     1, -5.039269372558e-01, 1.797693134862e+308, 4.0486e+00, 1.1319e+00, 
 2DIAGNOSTIC,     2, -5.041023618461e-01, 1.797693134862e+308, 4.2870e+00, 2.3842e-01, 
 2DIAGNOSTIC,     3, -5.042141148383e-01, 1.797693134862e+308, 4.5311e+00, 2.4409e-01, 
 2DIAGNOSTIC,     4, -5.043227819775e-01, 1.797693134862e+308, 4.8102e+00, 2.7909e-01, 
 2DIAGNOSTIC,     5, -5.043487338385e-01, 1.797693134862e+308, 5.0692e+00, 2.5897e-01, 
 2DIAGNOSTIC,     6, -5.044223924740e-01, 1.797693134862e+308, 5.3876e+00, 3.1843e-01, 
 2DIAGNOSTIC,     7, -5.044261150311e-01, 1.797693134862e+308, 5.7085e+00, 3.2088e-01, 
 2DIAGNOSTIC,     8, -5.044694100266e-01, 1.797693134862e+308, 6.2363e+00, 5.2781e-01, 
 2DIAGNOSTIC,     9, -5.044813659532e-01, 1.797693134862e+308, 6.7054e+00, 4.6903e-01, 
 2DIAGNOSTIC,    10, -5.044796721932e-01, 6.649632727512e-05, 7.0795e+00, 3.7420e-01, 
 2DIAGNOSTIC,    11, -5.044801598462e-01, 4.275343454861e-05, 7.3768e+00, 2.9725e-01, 
 2DIAGNOSTIC,    12, -5.044787624573e-01, 2.748193431329e-05, 7.6320e+00, 2.5521e-01, 
 2DIAGNOSTIC,    13, -5.044776809023e-01, 1.701296187016e-05, 7.8832e+00, 2.5121e-01, 
 2DIAGNOSTIC,    14, -5.044770270570e-01, 1.105921923159e-05, 8.1630e+00, 2.7981e-01, 
 2DIAGNOSTIC,    15, -5.044781837170e-01, 6.063210521740e-06, 8.4444e+00, 2.8134e-01, 
 2DIAGNOSTIC,    16, -5.044761202662e-01, 3.871318029147e-06, 8.7257e+00, 2.8136e-01, 
 2DIAGNOSTIC,    17, -5.044760125856e-01, 1.849452738338e-06, 9.0060e+00, 2.8024e-01, 
 2DIAGNOSTIC,    18, -5.044767768246e-01, 1.423146514232e-06, 9.2924e+00, 2.8639e-01, 
 2DIAGNOSTIC,    19, -5.044768496957e-01, 1.429936530004e-06, 9.6082e+00, 3.1587e-01, 
 2DIAGNOSTIC,    20, -5.044754770631e-01, 1.370907224199e-06, 9.8631e+00, 2.5489e-01, 
 2DIAGNOSTIC,    21, -5.044744081898e-01, 1.325064060628e-06, 1.0149e+01, 2.8559e-01, 
 2DIAGNOSTIC,    22, -5.044723016240e-01, 1.213018615130e-06, 1.0417e+01, 2.6863e-01, 
 2DIAGNOSTIC,    23, -5.044734064798e-01, 1.133371203929e-06, 1.0745e+01, 3.2782e-01, 
 2DIAGNOSTIC,    24, -5.044737759599e-01, 1.073980525519e-06, 1.1043e+01, 2.9826e-01, 
 2DIAGNOSTIC,    25, -5.044731908777e-01, 1.057329753945e-06, 1.1309e+01, 2.6533e-01, 
 2DIAGNOSTIC,    26, -5.044737898758e-01, 1.032281292036e-06, 1.1565e+01, 2.5612e-01, 
 2DIAGNOSTIC,    27, -5.044755858305e-01, 1.061791849999e-06, 1.1824e+01, 2.5923e-01, 
 2DIAGNOSTIC,    28, -5.044757810444e-01, 1.117438442395e-06, 1.2102e+01, 2.7805e-01, 
 2DIAGNOSTIC,    29, -5.044754841000e-01, 1.166854281295e-06, 1.2357e+01, 2.5469e-01, 
 2DIAGNOSTIC,    30, -5.044753904343e-01, 1.180139909837e-06, 1.2703e+01, 3.4608e-01, 
 2DIAGNOSTIC,    31, -5.044755733445e-01, 1.166359419588e-06, 1.2988e+01, 2.8512e-01, 
 2DIAGNOSTIC,    32, -5.044748142480e-01, 1.088275326050e-06, 1.3273e+01, 2.8533e-01, 
DIAGNOSTIC,Iteration,metricValue,convergenceValue,ITERATION_TIME_INDEX,SINCE_LAST
 2DIAGNOSTIC,     1, -4.671393543881e-01, 1.797693134862e+308, 1.5874e+01, 2.6005e+00, 
 2DIAGNOSTIC,     2, -4.672437516281e-01, 1.797693134862e+308, 1.8160e+01, 2.2866e+00, 
 2DIAGNOSTIC,     3, -4.672418384882e-01, 1.797693134862e+308, 2.0292e+01, 2.1318e+00, 
 2DIAGNOSTIC,     4, -4.672416754708e-01, 1.797693134862e+308, 2.4982e+01, 4.6894e+00, 
 2DIAGNOSTIC,     5, -4.672416754657e-01, 1.797693134862e+308, 2.9832e+01, 4.8507e+00, 
 2DIAGNOSTIC,     6, -4.672416754657e-01, 1.797693134862e+308, 3.1522e+01, 1.6893e+00, 
 2DIAGNOSTIC,     7, -4.672416754657e-01, 1.797693134862e+308, 3.3218e+01, 1.6967e+00, 
 2DIAGNOSTIC,     8, -4.672416754657e-01, 1.797693134862e+308, 3.4912e+01, 1.6940e+00, 
 2DIAGNOSTIC,     9, -4.672416754657e-01, 1.797693134862e+308, 3.6619e+01, 1.7066e+00, 
 2DIAGNOSTIC,    10, -4.672416754657e-01, 9.287830008531e-06, 3.8447e+01, 1.8283e+00, 
 2DIAGNOSTIC,    11, -4.672416754657e-01, 2.769183782197e-06, 4.0131e+01, 1.6841e+00, 
 2DIAGNOSTIC,    12, -4.672416754657e-01, 2.642610335390e-06, 4.1655e+01, 1.5239e+00, 
 2DIAGNOSTIC,    13, -4.672416754657e-01, 2.446957226315e-06, 4.3143e+01, 1.4879e+00, 
 2DIAGNOSTIC,    14, -4.672416754657e-01, 2.272172115098e-06, 4.4642e+01, 1.4989e+00, 
 2DIAGNOSTIC,    15, -4.672416754657e-01, 2.120691811019e-06, 4.6128e+01, 1.4858e+00, 
 2DIAGNOSTIC,    16, -4.672416754657e-01, 1.988146798429e-06, 4.7684e+01, 1.5562e+00, 
 2DIAGNOSTIC,    17, -4.672416754657e-01, 1.871195513238e-06, 4.9191e+01, 1.5070e+00, 
 2DIAGNOSTIC,    18, -4.672416754657e-01, 1.767238969941e-06, 5.0690e+01, 1.4990e+00, 
 2DIAGNOSTIC,    19, -4.672416754657e-01, 1.674225343966e-06, 5.2164e+01, 1.4740e+00, 
 2DIAGNOSTIC,    20, -4.672416754657e-01, 1.590513180223e-06, 5.3900e+01, 1.7358e+00, 
 2DIAGNOSTIC,    21, -4.672416754657e-01, 1.514773684839e-06, 5.5638e+01, 1.7379e+00, 
 2DIAGNOSTIC,    22, -4.672416754657e-01, 1.445919665152e-06, 5.7545e+01, 1.9068e+00, 
 2DIAGNOSTIC,    23, -4.672416754657e-01, 1.383053007259e-06, 5.9436e+01, 1.8919e+00, 
 2DIAGNOSTIC,    24, -4.672416754657e-01, 1.325425284290e-06, 6.1724e+01, 2.2873e+00, 
 2DIAGNOSTIC,    25, -4.672416754657e-01, 1.272407818685e-06, 6.3394e+01, 1.6701e+00, 
 2DIAGNOSTIC,    26, -4.672416754657e-01, 1.223468653236e-06, 6.5095e+01, 1.7014e+00, 
 2DIAGNOSTIC,    27, -4.672416754657e-01, 1.178154639930e-06, 6.6595e+01, 1.4999e+00, 
 2DIAGNOSTIC,    28, -4.672416754657e-01, 1.136077366612e-06, 6.8083e+01, 1.4877e+00, 
 2DIAGNOSTIC,    29, -4.672416754657e-01, 1.096901995658e-06, 6.9545e+01, 1.4622e+00, 
 2DIAGNOSTIC,    30, -4.672416754657e-01, 1.060338334746e-06, 7.1071e+01, 1.5260e+00, 
 2DIAGNOSTIC,    31, -4.672416754657e-01, 1.026133636027e-06, 7.2729e+01, 1.6581e+00, 
  Elapsed time (stage 0): 7.3597e+01


Total elapsed time: 7.3600e+01
Info [verificarlo]: loaded backend libinterflop_ieee.so
Info [interflop-ieee]: load backend with:
Info [interflop-ieee]: debug = false
Info [interflop-ieee]: debug-binary = false
Info [interflop-ieee]: no-backend-name = false
Info [interflop-ieee]: print-new-line = false
Info [interflop-ieee]: print-subnormal-normalized = false
Info [interflop-ieee]: count-op = false
All_Command_lines_OK
Using double precision for computations.
=============================================================================
The composite transform comprises the following transforms (in order): 
  1. /home/mdugre/scratch/mri-registration-rp/datasets/ds004513/derivatives/mri-registration-rp/0001/antsRegistration-r8-p16/sub-s035/rigid_Composite.h5[0] (type = Euler3DTransform)
  2. /home/mdugre/scratch/mri-registration-rp/datasets/ds004513/derivatives/mri-registration-rp/0001/antsRegistration-r8-p16/sub-s035/rigid_Composite.h5[1] (type = Euler3DTransform)
  3. /home/mdugre/scratch/mri-registration-rp/datasets/ds004513/derivatives/mri-registration-rp/0001/antsRegistration-r8-p16/sub-s035/rigid_Composite.h5[2] (type = Euler3DTransform)
=============================================================================
  number of levels = 4
  fixed image: /templateflow/tpl-MNI152NLin2009cAsym/tpl-MNI152NLin2009cAsym_res-01_desc-brain_T1w.nii.gz
  moving image: /home/mdugre/scratch/mri-registration-rp/datasets/ds004513/derivatives/mri-registration-rp/antsBrainExtraction/sub-s035/BrainExtractionBrain.nii.gz
Dimension = 3
Number of stages = 1
Use histogram matching = false
Winsorize image intensities = true
  Lower quantile = 0.005
  Upper quantile = 0.995


Stage 1 State
   Image metric = MattesMI
     Fixed image = Image (0x33207e0)
  RTTI typeinfo:   itk::Image<double, 3u>
  Reference Count: 2
  Modified Time: 1592
  Debug: Off
  Object Name: 
  Observers: 
    none
  Source: (none)
  Source output name: (none)
  Release Data: Off
  Data Released: False
  Global Release Data: Off
  PipelineMTime: 0
  UpdateMTime: 1203
  RealTimeStamp: 0 seconds 
  LargestPossibleRegion: 
    Dimension: 3
    Index: [0, 0, 0]
    Size: [193, 229, 193]
  BufferedRegion: 
    Dimension: 3
    Index: [0, 0, 0]
    Size: [193, 229, 193]
  RequestedRegion: 
    Dimension: 3
    Index: [0, 0, 0]
    Size: [193, 229, 193]
  Spacing: [1, 1, 1]
  Origin: [96, 132, -78]
  Direction: 
-1 0 0
0 -1 0
0 0 1

  IndexToPointMatrix: 
-1 0 0
0 -1 0
0 0 1

  PointToIndexMatrix: 
-1 0 0
0 -1 0
0 0 1

  Inverse Direction: 
-1 0 0
0 -1 0
0 0 1

  PixelContainer: 
    ImportImageContainer (0x33e0a20)
      RTTI typeinfo:   itk::ImportImageContainer<unsigned long, double>
      Reference Count: 1
      Modified Time: 1200
      Debug: Off
      Object Name: 
      Observers: 
        none
      Pointer: 0x150c7b15b010
      Container manages memory: true
      Size: 8530021
      Capacity: 8530021

     Moving image = Image (0x33dbd70)
  RTTI typeinfo:   itk::Image<double, 3u>
  Reference Count: 2
  Modified Time: 1593
  Debug: Off
  Object Name: 
  Observers: 
    none
  Source: (none)
  Source output name: (none)
  Release Data: Off
  Data Released: False
  Global Release Data: Off
  PipelineMTime: 0
  UpdateMTime: 1590
  RealTimeStamp: 0 seconds 
  LargestPossibleRegion: 
    Dimension: 3
    Index: [0, 0, 0]
    Size: [160, 240, 256]
  BufferedRegion: 
    Dimension: 3
    Index: [0, 0, 0]
    Size: [160, 240, 256]
  RequestedRegion: 
    Dimension: 3
    Index: [0, 0, 0]
    Size: [160, 240, 256]
  Spacing: [1, 1, 1]
  Origin: [98.6438, 87.6358, -117.989]
  Direction: 
-0.993515 -0.100993 -0.0522355
0.100854 -0.994887 0.00530255
-0.0525039 1.93537e-08 0.998621

  IndexToPointMatrix: 
-0.993515 -0.100993 -0.0522355
0.100854 -0.994887 0.00530255
-0.0525039 1.93537e-08 0.998621

  PointToIndexMatrix: 
-0.993515 0.100854 -0.0525039
-0.100993 -0.994887 1.93006e-08
-0.0522355 0.00530255 0.998621

  Inverse Direction: 
-0.993515 0.100854 -0.0525039
-0.100993 -0.994887 1.93006e-08
-0.0522355 0.00530255 0.998621

  PixelContainer: 
    ImportImageContainer (0x3393c90)
      RTTI typeinfo:   itk::ImportImageContainer<unsigned long, double>
      Reference Count: 1
      Modified Time: 1587
      Debug: Off
      Object Name: 
      Observers: 
        none
      Pointer: 0x150c7665a010
      Container manages memory: true
      Size: 9830400
      Capacity: 9830400

     Weighting = 1
     Sampling strategy = regular
     Number of bins = 32
     Radius = 4
     Sampling percentage  = 0.25
   Transform = Affine
     Gradient step = 0.1
     Update field sigma (voxel space) = 0
     Total field sigma (voxel space) = 0
     Update field time sigma = 0
     Total field time sigma  = 0
     Number of time indices = 0
     Number of time point samples = 0
Registration using 1 total stages.

Stage 0
  iterations = 1000x500x250x100
  convergence threshold = 1e-06
  convergence window size = 10
  number of levels = 4
  using the Mattes MI metric (number of bins = 32, weight = 1, use gradient filter = 0)
  preprocessing:  winsorizing the image intensities
  Shrink factors (level 1 out of 4): [8, 8, 8]
  Shrink factors (level 2 out of 4): [4, 4, 4]
  Shrink factors (level 3 out of 4): [2, 2, 2]
  Shrink factors (level 4 out of 4): [1, 1, 1]
  smoothing sigmas per level: [3, 2, 1, 0]
  regular sampling (percentage = 0.25)

*** Running AffineTransform registration ***

DIAGNOSTIC,Iteration,metricValue,convergenceValue,ITERATION_TIME_INDEX,SINCE_LAST
 2DIAGNOSTIC,     1, -6.780321939673e-01, 1.797693134862e+308, 8.9473e-01, 8.9473e-01, 
 2DIAGNOSTIC,     2, -6.803314949041e-01, 1.797693134862e+308, 8.9978e-01, 5.0480e-03, 
 2DIAGNOSTIC,     3, -6.842877494925e-01, 1.797693134862e+308, 9.0475e-01, 4.9710e-03, 
 2DIAGNOSTIC,     4, -6.914211687304e-01, 1.797693134862e+308, 9.0965e-01, 4.9002e-03, 
 2DIAGNOSTIC,     5, -7.011192561705e-01, 1.797693134862e+308, 9.1491e-01, 5.2550e-03, 
 2DIAGNOSTIC,     6, -7.131767185192e-01, 1.797693134862e+308, 9.1988e-01, 4.9670e-03, 
 2DIAGNOSTIC,     7, -7.349644047068e-01, 1.797693134862e+308, 9.2628e-01, 6.4080e-03, 
 2DIAGNOSTIC,     8, -7.378362420307e-01, 1.797693134862e+308, 9.3230e-01, 6.0198e-03, 
 2DIAGNOSTIC,     9, -7.385607362958e-01, 1.797693134862e+308, 9.3726e-01, 4.9598e-03, 
 2DIAGNOSTIC,    10, -7.393120774930e-01, 6.891859189012e-03, 9.4248e-01, 5.2202e-03, 
 2DIAGNOSTIC,    11, -7.425595174493e-01, 5.951862300209e-03, 9.4829e-01, 5.8050e-03, 
 2DIAGNOSTIC,    12, -7.454174938820e-01, 4.800006207619e-03, 9.5396e-01, 5.6770e-03, 
 2DIAGNOSTIC,    13, -7.462385710709e-01, 3.543910191793e-03, 9.6136e-01, 7.3922e-03, 
 2DIAGNOSTIC,    14, -7.466039073249e-01, 2.371755243242e-03, 9.6649e-01, 5.1341e-03, 
 2DIAGNOSTIC,    15, -7.475243545382e-01, 1.423646368389e-03, 9.7152e-01, 5.0309e-03, 
 2DIAGNOSTIC,    16, -7.480884279641e-01, 7.617181754257e-04, 9.8018e-01, 8.6620e-03, 
 2DIAGNOSTIC,    17, -7.481329213095e-01, 6.109976989779e-04, 9.8589e-01, 5.7070e-03, 
 2DIAGNOSTIC,    18, -7.479788058735e-01, 4.812371045693e-04, 9.9187e-01, 5.9791e-03, 
 2DIAGNOSTIC,    19, -7.476927655255e-01, 3.315411725459e-04, 9.9708e-01, 5.2109e-03, 
 2DIAGNOSTIC,    20, -7.477602361580e-01, 1.814644464218e-04, 1.0037e+00, 6.6059e-03, 
 2DIAGNOSTIC,    21, -7.476872968820e-01, 8.660709000902e-05, 1.0089e+00, 5.1651e-03, 
 2DIAGNOSTIC,    22, -7.475297247919e-01, 4.028544797750e-05, 1.0142e+00, 5.3282e-03, 
 2DIAGNOSTIC,    23, -7.476279616253e-01, 1.030517770837e-05, 1.0199e+00, 5.7371e-03, 
DIAGNOSTIC,Iteration,metricValue,convergenceValue,ITERATION_TIME_INDEX,SINCE_LAST
 2DIAGNOSTIC,     1, -6.105311096951e-01, 1.797693134862e+308, 1.7303e+00, 7.1036e-01, 
 2DIAGNOSTIC,     2, -6.108912357592e-01, 1.797693134862e+308, 1.7684e+00, 3.8085e-02, 
 2DIAGNOSTIC,     3, -6.113489243461e-01, 1.797693134862e+308, 1.8038e+00, 3.5440e-02, 
 2DIAGNOSTIC,     4, -6.118222883851e-01, 1.797693134862e+308, 1.8384e+00, 3.4569e-02, 
 2DIAGNOSTIC,     5, -6.122969321759e-01, 1.797693134862e+308, 1.8805e+00, 4.2099e-02, 
 2DIAGNOSTIC,     6, -6.123981567163e-01, 1.797693134862e+308, 1.9183e+00, 3.7834e-02, 
 2DIAGNOSTIC,     7, -6.123013737450e-01, 1.797693134862e+308, 1.9527e+00, 3.4420e-02, 
 2DIAGNOSTIC,     8, -6.123906978748e-01, 1.797693134862e+308, 2.0017e+00, 4.8942e-02, 
 2DIAGNOSTIC,     9, -6.124300784919e-01, 1.797693134862e+308, 2.0421e+00, 4.0476e-02, 
 2DIAGNOSTIC,    10, -6.124047646629e-01, 1.977934085534e-04, 2.0862e+00, 4.4027e-02, 
 2DIAGNOSTIC,    11, -6.124018601668e-01, 1.248129248677e-04, 2.1314e+00, 4.5270e-02, 
 2DIAGNOSTIC,    12, -6.123966977207e-01, 6.687536301767e-05, 2.1658e+00, 3.4392e-02, 
 2DIAGNOSTIC,    13, -6.123849062438e-01, 2.770897817819e-05, 2.2079e+00, 4.2025e-02, 
 2DIAGNOSTIC,    14, -6.123684154006e-01, 6.515294129081e-06, 2.2463e+00, 3.8430e-02, 
 2DIAGNOSTIC,    15, -6.123728420040e-01, 2.528041482597e-06, 2.2807e+00, 3.4453e-02, 
 2DIAGNOSTIC,    16, -6.123705082440e-01, 1.992341294721e-06, 2.3196e+00, 3.8838e-02, 
DIAGNOSTIC,Iteration,metricValue,convergenceValue,ITERATION_TIME_INDEX,SINCE_LAST
 2DIAGNOSTIC,     1, -5.354638643656e-01, 1.797693134862e+308, 3.4178e+00, 1.0982e+00, 
 2DIAGNOSTIC,     2, -5.357423667563e-01, 1.797693134862e+308, 3.6929e+00, 2.7507e-01, 
 2DIAGNOSTIC,     3, -5.360031016078e-01, 1.797693134862e+308, 3.9562e+00, 2.6330e-01, 
 2DIAGNOSTIC,     4, -5.361632529610e-01, 1.797693134862e+308, 4.3650e+00, 4.0882e-01, 
 2DIAGNOSTIC,     5, -5.361704527979e-01, 1.797693134862e+308, 4.9756e+00, 6.1059e-01, 
 2DIAGNOSTIC,     6, -5.361699454841e-01, 1.797693134862e+308, 5.2912e+00, 3.1558e-01, 
 2DIAGNOSTIC,     7, -5.361693795249e-01, 1.797693134862e+308, 5.5937e+00, 3.0252e-01, 
 2DIAGNOSTIC,     8, -5.361688133580e-01, 1.797693134862e+308, 5.9480e+00, 3.5431e-01, 
 2DIAGNOSTIC,     9, -5.361683299555e-01, 1.797693134862e+308, 6.2404e+00, 2.9244e-01, 
 2DIAGNOSTIC,    10, -5.361682026009e-01, 6.657173410569e-05, 6.6193e+00, 3.7886e-01, 
 2DIAGNOSTIC,    11, -5.361666047856e-01, 3.042210531762e-05, 6.9688e+00, 3.4956e-01, 
 2DIAGNOSTIC,    12, -5.361657878667e-01, 9.861262176530e-06, 7.2399e+00, 2.7107e-01, 
 2DIAGNOSTIC,    13, -5.361640984282e-01, 2.194329493790e-06, 7.5192e+00, 2.7933e-01, 
 2DIAGNOSTIC,    14, -5.361646094282e-01, 1.722476155500e-06, 7.7862e+00, 2.6693e-01, 
 2DIAGNOSTIC,    15, -5.361644756446e-01, 1.612099512632e-06, 8.1300e+00, 3.4381e-01, 
 2DIAGNOSTIC,    16, -5.361648669276e-01, 1.558822009598e-06, 8.4534e+00, 3.2342e-01, 
 2DIAGNOSTIC,    17, -5.361642155671e-01, 1.514335747535e-06, 8.7446e+00, 2.9124e-01, 
 2DIAGNOSTIC,    18, -5.361628055216e-01, 1.450670134066e-06, 9.0688e+00, 3.2411e-01, 
 2DIAGNOSTIC,    19, -5.361633184608e-01, 1.424112462428e-06, 9.3432e+00, 2.7450e-01, 
 2DIAGNOSTIC,    20, -5.361631880256e-01, 1.415708977465e-06, 9.6776e+00, 3.3431e-01, 
 2DIAGNOSTIC,    21, -5.361634214083e-01, 1.389826172274e-06, 1.0021e+01, 3.4306e-01, 
 2DIAGNOSTIC,    22, -5.361612245200e-01, 1.306978732206e-06, 1.0320e+01, 2.9966e-01, 
 2DIAGNOSTIC,    23, -5.361625584865e-01, 1.237949403467e-06, 1.0661e+01, 3.4060e-01, 
 2DIAGNOSTIC,    24, -5.361637291240e-01, 1.223979003838e-06, 1.1056e+01, 3.9541e-01, 
 2DIAGNOSTIC,    25, -5.361631264235e-01, 1.203012810209e-06, 1.1330e+01, 2.7325e-01, 
 2DIAGNOSTIC,    26, -5.361608015026e-01, 1.152158023071e-06, 1.1606e+01, 2.7616e-01, 
