
##########################
# Experiment information #
##########################

EXPERIMENT_NAME: antsRegistration-r7-p7
VFC_BACKENDS: libinterflop_vprec.so --range-binary32=7 --precision-binary32=7 --range-binary64=7 --precision-binary64=7

SIF_IMG: /home/mdugre/projects/rrg-glatard/mdugre/containers/ants-vprec-no_metrics.simg

SUBJECT_ID: s020
INPUT_IMG: /home/mdugre/scratch/mri-registration-rp/datasets/ds004513/derivatives/mri-registration-rp/antsBrainExtraction/sub-s020/BrainExtractionBrain.nii.gz
OUTPUT_DIR: /home/mdugre/scratch/mri-registration-rp/datasets/ds004513/derivatives/mri-registration-rp/0001/antsRegistration-r7-p7/sub-s020

FIXED_IMG: /templateflow/tpl-MNI152NLin2009cAsym/tpl-MNI152NLin2009cAsym_res-01_desc-brain_T1w.nii.gz
DATA_DIR: /home/mdugre/scratch/mri-registration-rp/datasets/ds004513
TEMPLATEFLOW_DIR: /home/mdugre/projects/rrg-glatard/mdugre/templateflow
ITK_GLOBAL_DEFAULT_NUMBER_OF_THREADS: 16
##########################

Info [verificarlo]: loaded backend libinterflop_ieee.so
Info [interflop-ieee]: load backend with:
Info [interflop-ieee]: debug = false
Info [interflop-ieee]: debug-binary = false
Info [interflop-ieee]: no-backend-name = false
Info [interflop-ieee]: print-new-line = false
Info [interflop-ieee]: print-subnormal-normalized = false
Info [interflop-ieee]: count-op = false
All_Command_lines_OK
Using double precision for computations.
=============================================================================
The composite transform comprises the following transforms (in order): 
  1. Center of mass alignment using fixed image: /templateflow/tpl-MNI152NLin2009cAsym/tpl-MNI152NLin2009cAsym_res-01_desc-brain_T1w.nii.gz and moving image: /home/mdugre/scratch/mri-registration-rp/datasets/ds004513/derivatives/mri-registration-rp/antsBrainExtraction/sub-s020/BrainExtractionBrain.nii.gz (type = Euler3DTransform)
=============================================================================
  number of levels = 1
  fixed image: /templateflow/tpl-MNI152NLin2009cAsym/tpl-MNI152NLin2009cAsym_res-01_desc-brain_T1w.nii.gz
  moving image: /home/mdugre/scratch/mri-registration-rp/datasets/ds004513/derivatives/mri-registration-rp/antsBrainExtraction/sub-s020/BrainExtractionBrain.nii.gz
Dimension = 3
Number of stages = 1
Use histogram matching = false
Winsorize image intensities = true
  Lower quantile = 0.005
  Upper quantile = 0.995


Stage 1 State
   Image metric = MattesMI
     Fixed image = Image (0x4737bd0)
  RTTI typeinfo:   itk::Image<double, 3u>
  Reference Count: 2
  Modified Time: 2334
  Debug: Off
  Object Name: 
  Observers: 
    none
  Source: (none)
  Source output name: (none)
  Release Data: Off
  Data Released: False
  Global Release Data: Off
  PipelineMTime: 0
  UpdateMTime: 1943
  RealTimeStamp: 0 seconds 
  LargestPossibleRegion: 
    Dimension: 3
    Index: [0, 0, 0]
    Size: [193, 229, 193]
  BufferedRegion: 
    Dimension: 3
    Index: [0, 0, 0]
    Size: [193, 229, 193]
  RequestedRegion: 
    Dimension: 3
    Index: [0, 0, 0]
    Size: [193, 229, 193]
  Spacing: [1, 1, 1]
  Origin: [96, 132, -78]
  Direction: 
-1 0 0
0 -1 0
0 0 1

  IndexToPointMatrix: 
-1 0 0
0 -1 0
0 0 1

  PointToIndexMatrix: 
-1 0 0
0 -1 0
0 0 1

  Inverse Direction: 
-1 0 0
0 -1 0
0 0 1

  PixelContainer: 
    ImportImageContainer (0x47409e0)
      RTTI typeinfo:   itk::ImportImageContainer<unsigned long, double>
      Reference Count: 1
      Modified Time: 1940
      Debug: Off
      Object Name: 
      Observers: 
        none
      Pointer: 0x14e6fc2bc010
      Container manages memory: true
      Size: 8530021
      Capacity: 8530021

     Moving image = Image (0x4741bd0)
  RTTI typeinfo:   itk::Image<double, 3u>
  Reference Count: 2
  Modified Time: 2335
  Debug: Off
  Object Name: 
  Observers: 
    none
  Source: (none)
  Source output name: (none)
  Release Data: Off
  Data Released: False
  Global Release Data: Off
  PipelineMTime: 0
  UpdateMTime: 2332
  RealTimeStamp: 0 seconds 
  LargestPossibleRegion: 
    Dimension: 3
    Index: [0, 0, 0]
    Size: [160, 240, 256]
  BufferedRegion: 
    Dimension: 3
    Index: [0, 0, 0]
    Size: [160, 240, 256]
  RequestedRegion: 
    Dimension: 3
    Index: [0, 0, 0]
    Size: [160, 240, 256]
  Spacing: [0.999995, 1, 1]
  Origin: [87.0906, 98.7205, -152.377]
  Direction: 
-0.996975 0.0261379 -0.0731913
-0.0260677 -0.999658 -0.00191374
-0.0732163 -2.46403e-08 0.997316

  IndexToPointMatrix: 
-0.996971 0.0261379 -0.0731913
-0.0260676 -0.999658 -0.00191374
-0.0732159 -2.46403e-08 0.997316

  PointToIndexMatrix: 
-0.99698 -0.0260679 -0.0732166
0.0261379 -0.999658 -2.46993e-08
-0.0731913 -0.00191374 0.997316

  Inverse Direction: 
-0.996975 -0.0260677 -0.0732163
0.0261379 -0.999658 -2.46993e-08
-0.0731913 -0.00191374 0.997316

  PixelContainer: 
    ImportImageContainer (0x48c7b50)
      RTTI typeinfo:   itk::ImportImageContainer<unsigned long, double>
      Reference Count: 1
      Modified Time: 2329
      Debug: Off
      Object Name: 
      Observers: 
        none
      Pointer: 0x14e6f77bb010
      Container manages memory: true
      Size: 9830400
      Capacity: 9830400

     Weighting = 1
     Sampling strategy = regular
     Number of bins = 32
     Radius = 4
     Sampling percentage  = 0.25
   Transform = Rigid
     Gradient step = 0.1
     Update field sigma (voxel space) = 0
     Total field sigma (voxel space) = 0
     Update field time sigma = 0
     Total field time sigma  = 0
     Number of time indices = 0
     Number of time point samples = 0
Registration using 1 total stages.

Stage 0
  iterations = 0
  convergence threshold = 1e-06
  convergence window size = 10
  number of levels = 1
  using the Mattes MI metric (number of bins = 32, weight = 1, use gradient filter = 0)
  preprocessing:  winsorizing the image intensities
  Shrink factors (level 1 out of 1): [1, 1, 1]
  smoothing sigmas per level: [0]
  regular sampling (percentage = 0.25)

*** Running Euler3DTransform registration ***

  Elapsed time (stage 0): 1.13753


Total elapsed time: 1.14003
Info [verificarlo]: loaded backend libinterflop_ieee.so
Info [interflop-ieee]: load backend with:
Info [interflop-ieee]: debug = false
Info [interflop-ieee]: debug-binary = false
Info [interflop-ieee]: no-backend-name = false
Info [interflop-ieee]: print-new-line = false
Info [interflop-ieee]: print-subnormal-normalized = false
Info [interflop-ieee]: count-op = false
All_Command_lines_OK
Using double precision for computations.
=============================================================================
The composite transform comprises the following transforms (in order): 
  1. /home/mdugre/scratch/mri-registration-rp/datasets/ds004513/derivatives/mri-registration-rp/0001/antsRegistration-r7-p7/sub-s020/align_Composite.h5[0] (type = Euler3DTransform)
  2. /home/mdugre/scratch/mri-registration-rp/datasets/ds004513/derivatives/mri-registration-rp/0001/antsRegistration-r7-p7/sub-s020/align_Composite.h5[1] (type = Euler3DTransform)
=============================================================================
  number of levels = 4
  fixed image: /templateflow/tpl-MNI152NLin2009cAsym/tpl-MNI152NLin2009cAsym_res-01_desc-brain_T1w.nii.gz
  moving image: /home/mdugre/scratch/mri-registration-rp/datasets/ds004513/derivatives/mri-registration-rp/antsBrainExtraction/sub-s020/BrainExtractionBrain.nii.gz
Dimension = 3
Number of stages = 1
Use histogram matching = false
Winsorize image intensities = true
  Lower quantile = 0.005
  Upper quantile = 0.995


Stage 1 State
   Image metric = MattesMI
     Fixed image = Image (0x3514530)
  RTTI typeinfo:   itk::Image<double, 3u>
  Reference Count: 2
  Modified Time: 1580
  Debug: Off
  Object Name: 
  Observers: 
    none
  Source: (none)
  Source output name: (none)
  Release Data: Off
  Data Released: False
  Global Release Data: Off
  PipelineMTime: 0
  UpdateMTime: 1189
  RealTimeStamp: 0 seconds 
  LargestPossibleRegion: 
    Dimension: 3
    Index: [0, 0, 0]
    Size: [193, 229, 193]
  BufferedRegion: 
    Dimension: 3
    Index: [0, 0, 0]
    Size: [193, 229, 193]
  RequestedRegion: 
    Dimension: 3
    Index: [0, 0, 0]
    Size: [193, 229, 193]
  Spacing: [1, 1, 1]
  Origin: [96, 132, -78]
  Direction: 
-1 0 0
0 -1 0
0 0 1

  IndexToPointMatrix: 
-1 0 0
0 -1 0
0 0 1

  PointToIndexMatrix: 
-1 0 0
0 -1 0
0 0 1

  Inverse Direction: 
-1 0 0
0 -1 0
0 0 1

  PixelContainer: 
    ImportImageContainer (0x35d2d60)
      RTTI typeinfo:   itk::ImportImageContainer<unsigned long, double>
      Reference Count: 1
      Modified Time: 1186
      Debug: Off
      Object Name: 
      Observers: 
        none
      Pointer: 0x1468dcb17010
      Container manages memory: true
      Size: 8530021
      Capacity: 8530021

     Moving image = Image (0x35c4f60)
  RTTI typeinfo:   itk::Image<double, 3u>
  Reference Count: 2
  Modified Time: 1581
  Debug: Off
  Object Name: 
  Observers: 
    none
  Source: (none)
  Source output name: (none)
  Release Data: Off
  Data Released: False
  Global Release Data: Off
  PipelineMTime: 0
  UpdateMTime: 1578
  RealTimeStamp: 0 seconds 
  LargestPossibleRegion: 
    Dimension: 3
    Index: [0, 0, 0]
    Size: [160, 240, 256]
  BufferedRegion: 
    Dimension: 3
    Index: [0, 0, 0]
    Size: [160, 240, 256]
  RequestedRegion: 
    Dimension: 3
    Index: [0, 0, 0]
    Size: [160, 240, 256]
  Spacing: [0.999995, 1, 1]
  Origin: [87.0906, 98.7205, -152.377]
  Direction: 
-0.996975 0.0261379 -0.0731913
-0.0260677 -0.999658 -0.00191374
-0.0732163 -2.46403e-08 0.997316

  IndexToPointMatrix: 
-0.996971 0.0261379 -0.0731913
-0.0260676 -0.999658 -0.00191374
-0.0732159 -2.46403e-08 0.997316

  PointToIndexMatrix: 
-0.99698 -0.0260679 -0.0732166
0.0261379 -0.999658 -2.46993e-08
-0.0731913 -0.00191374 0.997316

  Inverse Direction: 
-0.996975 -0.0260677 -0.0732163
0.0261379 -0.999658 -2.46993e-08
-0.0731913 -0.00191374 0.997316

  PixelContainer: 
    ImportImageContainer (0x35b66d0)
      RTTI typeinfo:   itk::ImportImageContainer<unsigned long, double>
      Reference Count: 1
      Modified Time: 1575
      Debug: Off
      Object Name: 
      Observers: 
        none
      Pointer: 0x1468d8016010
      Container manages memory: true
      Size: 9830400
      Capacity: 9830400

     Weighting = 1
     Sampling strategy = regular
     Number of bins = 32
     Radius = 4
     Sampling percentage  = 0.25
   Transform = Rigid
     Gradient step = 0.1
     Update field sigma (voxel space) = 0
     Total field sigma (voxel space) = 0
     Update field time sigma = 0
     Total field time sigma  = 0
     Number of time indices = 0
     Number of time point samples = 0
Registration using 1 total stages.

Stage 0
  iterations = 1000x500x250x100
  convergence threshold = 1e-06
  convergence window size = 10
  number of levels = 4
  using the Mattes MI metric (number of bins = 32, weight = 1, use gradient filter = 0)
  preprocessing:  winsorizing the image intensities
  Shrink factors (level 1 out of 4): [8, 8, 8]
  Shrink factors (level 2 out of 4): [4, 4, 4]
  Shrink factors (level 3 out of 4): [2, 2, 2]
  Shrink factors (level 4 out of 4): [1, 1, 1]
  smoothing sigmas per level: [3, 2, 1, 0]
  regular sampling (percentage = 0.25)

*** Running Euler3DTransform registration ***

DIAGNOSTIC,Iteration,metricValue,convergenceValue,ITERATION_TIME_INDEX,SINCE_LAST
 2DIAGNOSTIC,     1, -3.791273390751e-01, 1.797693134862e+308, 6.8181e-01, 6.8181e-01, 
 2DIAGNOSTIC,     2, -3.803606001643e-01, 1.797693134862e+308, 6.8652e-01, 4.7140e-03, 
 2DIAGNOSTIC,     3, -3.828962034719e-01, 1.797693134862e+308, 6.9106e-01, 4.5328e-03, 
 2DIAGNOSTIC,     4, -3.876122532015e-01, 1.797693134862e+308, 6.9545e-01, 4.3950e-03, 
 2DIAGNOSTIC,     5, -3.904935334081e-01, 1.797693134862e+308, 7.0046e-01, 5.0080e-03, 
 2DIAGNOSTIC,     6, -3.911039700181e-01, 1.797693134862e+308, 7.0482e-01, 4.3581e-03, 
 2DIAGNOSTIC,     7, -3.914905453856e-01, 1.797693134862e+308, 7.0912e-01, 4.3070e-03, 
 2DIAGNOSTIC,     8, -3.925629083064e-01, 1.797693134862e+308, 7.1357e-01, 4.4458e-03, 
 2DIAGNOSTIC,     9, -3.981570789235e-01, 1.797693134862e+308, 7.1826e-01, 4.6892e-03, 
 2DIAGNOSTIC,    10, -4.079218556696e-01, 3.866687266231e-03, 7.2435e-01, 6.0918e-03, 
 2DIAGNOSTIC,    11, -4.246779602407e-01, 4.904320352956e-03, 7.2968e-01, 5.3279e-03, 
 2DIAGNOSTIC,    12, -4.297045200929e-01, 5.673254149496e-03, 7.3455e-01, 4.8759e-03, 
 2DIAGNOSTIC,    13, -4.335692915507e-01, 6.156954111631e-03, 7.4005e-01, 5.4958e-03, 
 2DIAGNOSTIC,    14, -4.439932007385e-01, 6.764094567485e-03, 7.4470e-01, 4.6499e-03, 
 2DIAGNOSTIC,    15, -4.466217673880e-01, 6.904768048156e-03, 7.5008e-01, 5.3799e-03, 
 2DIAGNOSTIC,    16, -4.513528166464e-01, 6.619270358945e-03, 7.5475e-01, 4.6701e-03, 
 2DIAGNOSTIC,    17, -4.528510998194e-01, 5.844785626779e-03, 7.6035e-01, 5.5981e-03, 
 2DIAGNOSTIC,    18, -4.555717392075e-01, 4.777374793764e-03, 7.6726e-01, 6.9129e-03, 
 2DIAGNOSTIC,    19, -4.559551109671e-01, 3.601534578618e-03, 7.7179e-01, 4.5319e-03, 
 2DIAGNOSTIC,    20, -4.573566335394e-01, 2.586716095653e-03, 7.7865e-01, 6.8529e-03, 
 2DIAGNOSTIC,    21, -4.575248865694e-01, 1.982974075406e-03, 7.8319e-01, 4.5390e-03, 
 2DIAGNOSTIC,    22, -4.577283267486e-01, 1.415641472760e-03, 7.8823e-01, 5.0490e-03, 
 2DIAGNOSTIC,    23, -4.579446522286e-01, 8.825851509880e-04, 7.9267e-01, 4.4379e-03, 
 2DIAGNOSTIC,    24, -4.580222159788e-01, 6.077374707611e-04, 7.9708e-01, 4.4081e-03, 
 2DIAGNOSTIC,    25, -4.581756160108e-01, 3.715359943610e-04, 8.0163e-01, 4.5521e-03, 
 2DIAGNOSTIC,    26, -4.586247610684e-01, 2.524076932568e-04, 8.0595e-01, 4.3149e-03, 
 2DIAGNOSTIC,    27, -4.589291867418e-01, 1.618595820670e-04, 8.1240e-01, 6.4540e-03, 
 2DIAGNOSTIC,    28, -4.591725090684e-01, 1.332752334308e-04, 8.1678e-01, 4.3759e-03, 
 2DIAGNOSTIC,    29, -4.592812225489e-01, 1.047953748500e-04, 8.2173e-01, 4.9579e-03, 
 2DIAGNOSTIC,    30, -4.597215523206e-01, 1.090471050937e-04, 8.2776e-01, 6.0210e-03, 
 2DIAGNOSTIC,    31, -4.598056086926e-01, 1.077705930223e-04, 8.3218e-01, 4.4241e-03, 
 2DIAGNOSTIC,    32, -4.606572030990e-01, 1.179997354646e-04, 8.3714e-01, 4.9629e-03, 
 2DIAGNOSTIC,    33, -4.610392737780e-01, 1.280777074202e-04, 8.4149e-01, 4.3471e-03, 
 2DIAGNOSTIC,    34, -4.611831856339e-01, 1.297876336934e-04, 8.4607e-01, 4.5750e-03, 
 2DIAGNOSTIC,    35, -4.615503735572e-01, 1.288987319092e-04, 8.5104e-01, 4.9791e-03, 
 2DIAGNOSTIC,    36, -4.621253241369e-01, 1.342116168670e-04, 8.5654e-01, 5.4960e-03, 
 2DIAGNOSTIC,    37, -4.627591291246e-01, 1.426178866540e-04, 8.6091e-01, 4.3731e-03, 
 2DIAGNOSTIC,    38, -4.631738245893e-01, 1.481198320971e-04, 8.6587e-01, 4.9541e-03, 
 2DIAGNOSTIC,    39, -4.636899691445e-01, 1.497323762863e-04, 8.7193e-01, 6.0649e-03, 
 2DIAGNOSTIC,    40, -4.640775579201e-01, 1.505733996543e-04, 8.7626e-01, 4.3321e-03, 
 2DIAGNOSTIC,    41, -4.642282693650e-01, 1.403449520667e-04, 8.8067e-01, 4.4091e-03, 
 2DIAGNOSTIC,    42, -4.645348053727e-01, 1.349907634587e-04, 8.8579e-01, 5.1179e-03, 
 2DIAGNOSTIC,    43, -4.647946185910e-01, 1.266846849672e-04, 8.9018e-01, 4.3859e-03, 
 2DIAGNOSTIC,    44, -4.653197286250e-01, 1.164530823870e-04, 8.9594e-01, 5.7580e-03, 
 2DIAGNOSTIC,    45, -4.659223509494e-01, 1.092503471630e-04, 9.0062e-01, 4.6880e-03, 
 2DIAGNOSTIC,    46, -4.665087977444e-01, 1.079925793780e-04, 9.0574e-01, 5.1122e-03, 
 2DIAGNOSTIC,    47, -4.679157178459e-01, 1.242916553366e-04, 9.1327e-01, 7.5340e-03, 
 2DIAGNOSTIC,    48, -4.681941936148e-01, 1.367909172791e-04, 9.1771e-01, 4.4360e-03, 
 2DIAGNOSTIC,    49, -4.699993100317e-01, 1.660663159245e-04, 9.2277e-01, 5.0688e-03, 
 2DIAGNOSTIC,    50, -4.705436919903e-01, 1.897200715366e-04, 9.2728e-01, 4.5102e-03, 
 2DIAGNOSTIC,    51, -4.706427894821e-01, 1.973637369646e-04, 9.3252e-01, 5.2309e-03, 
 2DIAGNOSTIC,    52, -4.709444057247e-01, 1.934872447616e-04, 9.3762e-01, 5.1069e-03, 
 2DIAGNOSTIC,    53, -4.711036585975e-01, 1.761520963880e-04, 9.4206e-01, 4.4341e-03, 
 2DIAGNOSTIC,    54, -4.715064500801e-01, 1.533596784671e-04, 9.4670e-01, 4.6401e-03, 
 2DIAGNOSTIC,    55, -4.722378137890e-01, 1.320179136052e-04, 9.5174e-01, 5.0440e-03, 
 2DIAGNOSTIC,    56, -4.732385115499e-01, 1.165741848690e-04, 9.5776e-01, 6.0201e-03, 
 2DIAGNOSTIC,    57, -4.737073115689e-01, 1.114860758505e-04, 9.6215e-01, 4.3850e-03, 
 2DIAGNOSTIC,    58, -4.740315921905e-01, 1.021007656701e-04, 9.6650e-01, 4.3509e-03, 
 2DIAGNOSTIC,    59, -4.747618326810e-01, 1.104349432978e-04, 9.7100e-01, 4.5021e-03, 
 2DIAGNOSTIC,    60, -4.775333130515e-01, 1.426179998970e-04, 9.7772e-01, 6.7251e-03, 
 2DIAGNOSTIC,    61, -4.779293951399e-01, 1.642561795798e-04, 9.8292e-01, 5.1920e-03, 
 2DIAGNOSTIC,    62, -4.780512828011e-01, 1.740651720930e-04, 9.8738e-01, 4.4661e-03, 
 2DIAGNOSTIC,    63, -4.780304926472e-01, 1.687440458916e-04, 9.9182e-01, 4.4410e-03, 
 2DIAGNOSTIC,    64, -4.780789119218e-01, 1.516955248304e-04, 9.9627e-01, 4.4510e-03, 
 2DIAGNOSTIC,    65, -4.781583539790e-01, 1.278464990701e-04, 1.0007e+00, 4.3850e-03, 
 2DIAGNOSTIC,    66, -4.787189773342e-01, 1.072193688462e-04, 1.0053e+00, 4.6751e-03, 
 2DIAGNOSTIC,    67, -4.793868604312e-01, 8.788224701448e-05, 1.0114e+00, 6.0821e-03, 
 2DIAGNOSTIC,    68, -4.797984668445e-01, 6.759647644934e-05, 1.0159e+00, 4.5280e-03, 
 2DIAGNOSTIC,    69, -4.804307382665e-01, 5.323393517714e-05, 1.0208e+00, 4.8881e-03, 
 2DIAGNOSTIC,    70, -4.808316245567e-01, 6.248149214739e-05, 1.0274e+00, 6.5491e-03, 
 2DIAGNOSTIC,    71, -4.809972473297e-01, 7.032329031232e-05, 1.0318e+00, 4.3840e-03, 
 2DIAGNOSTIC,    72, -4.811843544991e-01, 7.386932613094e-05, 1.0364e+00, 4.6329e-03, 
 2DIAGNOSTIC,    73, -4.819062027687e-01, 7.623882957908e-05, 1.0409e+00, 4.5249e-03, 
 2DIAGNOSTIC,    74, -4.829631000789e-01, 8.044261718937e-05, 1.0463e+00, 5.3480e-03, 
 2DIAGNOSTIC,    75, -4.836321004229e-01, 8.279421677380e-05, 1.0509e+00, 4.5912e-03, 
 2DIAGNOSTIC,    76, -4.851205974716e-01, 9.391701144005e-05, 1.0562e+00, 5.3060e-03, 
 2DIAGNOSTIC,    77, -4.902354078991e-01, 1.423079614113e-04, 1.0621e+00, 5.9559e-03, 
 2DIAGNOSTIC,    78, -4.931574534518e-01, 2.011052756478e-04, 1.0669e+00, 4.7290e-03, 
 2DIAGNOSTIC,    79, -4.965608480846e-01, 2.704522520013e-04, 1.0721e+00, 5.2330e-03, 
 2DIAGNOSTIC,    80, -5.059365160661e-01, 3.877179493195e-04, 1.0771e+00, 5.0340e-03, 
 2DIAGNOSTIC,    81, -5.169986388234e-01, 5.486145202028e-04, 1.0816e+00, 4.4611e-03, 
 2DIAGNOSTIC,    82, -5.186756776469e-01, 6.643764772415e-04, 1.0871e+00, 5.5060e-03, 
 2DIAGNOSTIC,    83, -5.221618144656e-01, 7.453671558895e-04, 1.0951e+00, 7.9701e-03, 
 2DIAGNOSTIC,    84, -5.221686127117e-01, 7.606818085222e-04, 1.0994e+00, 4.3521e-03, 
 2DIAGNOSTIC,    85, -5.222534005462e-01, 7.071170949443e-04, 1.1037e+00, 4.2982e-03, 
 2DIAGNOSTIC,    86, -5.223283924093e-01, 5.962781929787e-04, 1.1084e+00, 4.7109e-03, 
 2DIAGNOSTIC,    87, -5.223768952932e-01, 4.674066403841e-04, 1.1127e+00, 4.2598e-03, 
 2DIAGNOSTIC,    88, -5.223450825570e-01, 3.177933464761e-04, 1.1170e+00, 4.2989e-03, 
 2DIAGNOSTIC,    89, -5.224431541198e-01, 1.645758820336e-04, 1.1212e+00, 4.2500e-03, 
 2DIAGNOSTIC,    90, -5.224795903784e-01, 6.159898571803e-05, 1.1259e+00, 4.6809e-03, 
 2DIAGNOSTIC,    91, -5.225585848235e-01, 2.993824928594e-05, 1.1328e+00, 6.8569e-03, 
 2DIAGNOSTIC,    92, -5.225754592461e-01, 6.758952089066e-06, 1.1370e+00, 4.2200e-03, 
 2DIAGNOSTIC,    93, -5.226145354407e-01, 6.622661250405e-06, 1.1412e+00, 4.2529e-03, 
 2DIAGNOSTIC,    94, -5.226391837927e-01, 6.076799553079e-06, 1.1455e+00, 4.2419e-03, 
 2DIAGNOSTIC,    95, -5.226523578501e-01, 5.597970600416e-06, 1.1497e+00, 4.2691e-03, 
 2DIAGNOSTIC,    96, -5.226643902216e-01, 5.167849320298e-06, 1.1545e+00, 4.7400e-03, 
 2DIAGNOSTIC,    97, -5.227530737533e-01, 5.154146021345e-06, 1.1605e+00, 6.0382e-03, 
 2DIAGNOSTIC,    98, -5.227557608333e-01, 4.472625332127e-06, 1.1648e+00, 4.2441e-03, 
 2DIAGNOSTIC,    99, -5.227573775792e-01, 4.022109813501e-06, 1.1691e+00, 4.3609e-03, 
 2DIAGNOSTIC,   100, -5.227602520066e-01, 3.462336883092e-06, 1.1737e+00, 4.6139e-03, 
 2DIAGNOSTIC,   101, -5.227625780534e-01, 3.098437612965e-06, 1.1785e+00, 4.7059e-03, 
 2DIAGNOSTIC,   102, -5.227680155974e-01, 2.595477939274e-06, 1.1831e+00, 4.6921e-03, 
 2DIAGNOSTIC,   103, -5.227797826945e-01, 2.177950886128e-06, 1.1879e+00, 4.7791e-03, 
 2DIAGNOSTIC,   104, -5.228819053946e-01, 2.329896907679e-06, 1.1927e+00, 4.7700e-03, 
 2DIAGNOSTIC,   105, -5.228229500851e-01, 2.012653153626e-06, 1.2084e+00, 1.5690e-02, 
 2DIAGNOSTIC,   106, -5.229322039385e-01, 2.229295770940e-06, 1.2137e+00, 5.2679e-03, 
 2DIAGNOSTIC,   107, -5.228697731910e-01, 2.391806458385e-06, 1.2180e+00, 4.3061e-03, 
 2DIAGNOSTIC,   108, -5.228312606963e-01, 2.161185425452e-06, 1.2239e+00, 5.9118e-03, 
 2DIAGNOSTIC,   109, -5.228584400960e-01, 1.918855428216e-06, 1.2281e+00, 4.2410e-03, 
 2DIAGNOSTIC,   110, -5.228856447701e-01, 1.679963662585e-06, 1.2328e+00, 4.6551e-03, 
 2DIAGNOSTIC,   111, -5.229217133715e-01, 1.516117474508e-06, 1.2386e+00, 5.7940e-03, 
 2DIAGNOSTIC,   112, -5.229372329016e-01, 1.353237709275e-06, 1.2432e+00, 4.6370e-03, 
 2DIAGNOSTIC,   113, -5.230629727547e-01, 1.814751612580e-06, 1.2478e+00, 4.5841e-03, 
 2DIAGNOSTIC,   114, -5.231261050700e-01, 2.978518043810e-06, 1.2518e+00, 4.0689e-03, 
 2DIAGNOSTIC,   115, -5.231434967656e-01, 3.618881633579e-06, 1.2559e+00, 4.0748e-03, 
 2DIAGNOSTIC,   116, -5.230861917184e-01, 4.209216896440e-06, 1.2600e+00, 4.0479e-03, 
 2DIAGNOSTIC,   117, -5.231228775236e-01, 4.298672519101e-06, 1.2645e+00, 4.5311e-03, 
 2DIAGNOSTIC,   118, -5.231408361280e-01, 3.876478937436e-06, 1.2700e+00, 5.5051e-03, 
 2DIAGNOSTIC,   119, -5.231529385691e-01, 3.297269969449e-06, 1.2740e+00, 3.9949e-03, 
 2DIAGNOSTIC,   120, -5.231657848376e-01, 2.641869675855e-06, 1.2781e+00, 4.0770e-03, 
 2DIAGNOSTIC,   121, -5.231980850646e-01, 2.119323811875e-06, 1.2826e+00, 4.4851e-03, 
 2DIAGNOSTIC,   122, -5.232070743987e-01, 1.529886225957e-06, 1.2887e+00, 6.1841e-03, 
 2DIAGNOSTIC,   123, -5.232088885798e-01, 1.430651491901e-06, 1.2928e+00, 4.0510e-03, 
 2DIAGNOSTIC,   124, -5.232244870063e-01, 1.595491480731e-06, 1.2968e+00, 4.0388e-03, 
 2DIAGNOSTIC,   125, -5.232346143485e-01, 1.767980484808e-06, 1.3009e+00, 4.0698e-03, 
 2DIAGNOSTIC,   126, -5.232421999528e-01, 1.553694499171e-06, 1.3052e+00, 4.3049e-03, 
 2DIAGNOSTIC,   127, -5.232544873652e-01, 1.445166268111e-06, 1.3095e+00, 4.2429e-03, 
 2DIAGNOSTIC,   128, -5.232724879709e-01, 1.390835430994e-06, 1.3138e+00, 4.3690e-03, 
 2DIAGNOSTIC,   129, -5.233059322360e-01, 1.434912467745e-06, 1.3185e+00, 4.6899e-03, 
 2DIAGNOSTIC,   130, -5.233098738157e-01, 1.433853651934e-06, 1.3246e+00, 6.0549e-03, 
 2DIAGNOSTIC,   131, -5.233168710860e-01, 1.497685120153e-06, 1.3287e+00, 4.1339e-03, 
 2DIAGNOSTIC,   132, -5.233202586319e-01, 1.497560105897e-06, 1.3330e+00, 4.3011e-03, 
 2DIAGNOSTIC,   133, -5.233295841816e-01, 1.423905305036e-06, 1.3391e+00, 6.0561e-03, 
 2DIAGNOSTIC,   134, -5.233333427330e-01, 1.319902369385e-06, 1.3431e+00, 4.0729e-03, 
 2DIAGNOSTIC,   135, -5.233462079057e-01, 1.214635924576e-06, 1.3477e+00, 4.5369e-03, 
 2DIAGNOSTIC,   136, -5.233528198640e-01, 1.079518930962e-06, 1.3517e+00, 4.0300e-03, 
DIAGNOSTIC,Iteration,metricValue,convergenceValue,ITERATION_TIME_INDEX,SINCE_LAST
 2DIAGNOSTIC,     1, -4.161537534434e-01, 1.797693134862e+308, 2.0417e+00, 6.9003e-01, 
 2DIAGNOSTIC,     2, -4.166078766942e-01, 1.797693134862e+308, 2.0706e+00, 2.8896e-02, 
 2DIAGNOSTIC,     3, -4.171580975338e-01, 1.797693134862e+308, 2.1011e+00, 3.0430e-02, 
 2DIAGNOSTIC,     4, -4.179277555411e-01, 1.797693134862e+308, 2.1325e+00, 3.1424e-02, 
 2DIAGNOSTIC,     5, -4.189864081923e-01, 1.797693134862e+308, 2.1605e+00, 2.8063e-02, 
 2DIAGNOSTIC,     6, -4.196723441798e-01, 1.797693134862e+308, 2.1935e+00, 3.2985e-02, 
 2DIAGNOSTIC,     7, -4.199963319080e-01, 1.797693134862e+308, 2.2241e+00, 3.0608e-02, 
 2DIAGNOSTIC,     8, -4.205981343825e-01, 1.797693134862e+308, 2.2543e+00, 3.0128e-02, 
 2DIAGNOSTIC,     9, -4.215297881776e-01, 1.797693134862e+308, 2.2904e+00, 3.6114e-02, 
 2DIAGNOSTIC,    10, -4.233779874027e-01, 1.021390915981e-03, 2.3258e+00, 3.5434e-02, 
 2DIAGNOSTIC,    11, -4.235706280281e-01, 9.715746461045e-04, 2.3645e+00, 3.8675e-02, 
 2DIAGNOSTIC,    12, -4.236855910345e-01, 8.772508760295e-04, 2.3988e+00, 3.4291e-02, 
 2DIAGNOSTIC,    13, -4.237326201378e-01, 7.505514622601e-04, 2.4281e+00, 2.9313e-02, 
 2DIAGNOSTIC,    14, -4.237693042890e-01, 6.112491894829e-04, 2.4660e+00, 3.7862e-02, 
 2DIAGNOSTIC,    15, -4.238264394823e-01, 4.835386435303e-04, 2.5019e+00, 3.5930e-02, 
 2DIAGNOSTIC,    16, -4.238637203355e-01, 3.583862188109e-04, 2.5297e+00, 2.7824e-02, 
 2DIAGNOSTIC,    17, -4.239197162796e-01, 2.311977468498e-04, 2.5661e+00, 3.6433e-02, 
 2DIAGNOSTIC,    18, -4.241415304659e-01, 1.278149681639e-04, 2.6265e+00, 6.0339e-02, 
 2DIAGNOSTIC,    19, -4.241345059680e-01, 5.458341304800e-05, 2.6555e+00, 2.9007e-02, 
 2DIAGNOSTIC,    20, -4.241356853617e-01, 4.612262759469e-05, 2.6823e+00, 2.6840e-02, 
 2DIAGNOSTIC,    21, -4.241233498895e-01, 4.012315380590e-05, 2.7119e+00, 2.9530e-02, 
 2DIAGNOSTIC,    22, -4.241318366622e-01, 3.479990703038e-05, 2.7390e+00, 2.7151e-02, 
 2DIAGNOSTIC,    23, -4.241338799519e-01, 2.814152306667e-05, 2.7658e+00, 2.6777e-02, 
 2DIAGNOSTIC,    24, -4.241366309830e-01, 2.060809710181e-05, 2.7986e+00, 3.2769e-02, 
 2DIAGNOSTIC,    25, -4.241386979669e-01, 1.355581163298e-05, 2.8294e+00, 3.0881e-02, 
 2DIAGNOSTIC,    26, -4.241328351986e-01, 6.737010077647e-06, 2.8569e+00, 2.7424e-02, 
DIAGNOSTIC,Iteration,metricValue,convergenceValue,ITERATION_TIME_INDEX,SINCE_LAST
 2DIAGNOSTIC,     1, -3.617792930164e-01, 1.797693134862e+308, 3.9475e+00, 1.0907e+00, 
 2DIAGNOSTIC,     2, -3.619265647837e-01, 1.797693134862e+308, 4.2232e+00, 2.7562e-01, 
 2DIAGNOSTIC,     3, -3.619998066392e-01, 1.797693134862e+308, 4.5113e+00, 2.8815e-01, 
 2DIAGNOSTIC,     4, -3.619973815565e-01, 1.797693134862e+308, 4.8621e+00, 3.5076e-01, 
 2DIAGNOSTIC,     5, -3.619958626685e-01, 1.797693134862e+308, 5.1238e+00, 2.6170e-01, 
 2DIAGNOSTIC,     6, -3.619974164921e-01, 1.797693134862e+308, 5.4339e+00, 3.1009e-01, 
 2DIAGNOSTIC,     7, -3.620003488095e-01, 1.797693134862e+308, 5.7618e+00, 3.2790e-01, 
 2DIAGNOSTIC,     8, -3.620045504397e-01, 1.797693134862e+308, 6.1600e+00, 3.9822e-01, 
 2DIAGNOSTIC,     9, -3.620023851809e-01, 1.797693134862e+308, 6.5094e+00, 3.4944e-01, 
 2DIAGNOSTIC,    10, -3.620023863582e-01, 2.628866409859e-05, 6.8071e+00, 2.9765e-01, 
 2DIAGNOSTIC,    11, -3.620026717819e-01, 9.060150303844e-06, 7.0739e+00, 2.6679e-01, 
 2DIAGNOSTIC,    12, -3.620021939171e-01, 3.606517161178e-06, 7.3398e+00, 2.6592e-01, 
 2DIAGNOSTIC,    13, -3.620010930215e-01, 3.263990094093e-06, 7.5551e+00, 2.1532e-01, 
 2DIAGNOSTIC,    14, -3.620014132265e-01, 2.787193389461e-06, 7.8099e+00, 2.5476e-01, 
 2DIAGNOSTIC,    15, -3.620010459037e-01, 2.230127691030e-06, 8.0733e+00, 2.6341e-01, 
 2DIAGNOSTIC,    16, -3.620005895374e-01, 1.782829267868e-06, 8.2955e+00, 2.2221e-01, 
 2DIAGNOSTIC,    17, -3.620002064084e-01, 1.519184265109e-06, 8.6592e+00, 3.6376e-01, 
 2DIAGNOSTIC,    18, -3.620002551992e-01, 1.506484715981e-06, 8.9326e+00, 2.7334e-01, 
 2DIAGNOSTIC,    19, -3.619996396186e-01, 1.403646378691e-06, 9.2257e+00, 2.9311e-01, 
 2DIAGNOSTIC,    20, -3.619990196496e-01, 1.311429408256e-06, 9.5035e+00, 2.7781e-01, 
 2DIAGNOSTIC,    21, -3.619983893639e-01, 1.242125717831e-06, 9.7726e+00, 2.6913e-01, 
 2DIAGNOSTIC,    22, -3.619977707849e-01, 1.166808664389e-06, 9.9949e+00, 2.2227e-01, 
 2DIAGNOSTIC,    23, -3.619978182542e-01, 1.087579288891e-06, 1.0219e+01, 2.2402e-01, 
 2DIAGNOSTIC,    24, -3.619972505885e-01, 1.034304193556e-06, 1.0440e+01, 2.2156e-01, 
DIAGNOSTIC,Iteration,metricValue,convergenceValue,ITERATION_TIME_INDEX,SINCE_LAST
 2DIAGNOSTIC,     1, -3.326049601132e-01, 1.797693134862e+308, 1.2815e+01, 2.3748e+00, 
 2DIAGNOSTIC,     2, -3.326700169217e-01, 1.797693134862e+308, 1.4105e+01, 1.2899e+00, 
 2DIAGNOSTIC,     3, -3.327104405196e-01, 1.797693134862e+308, 1.6535e+01, 2.4304e+00, 
 2DIAGNOSTIC,     4, -3.327129956111e-01, 1.797693134862e+308, 1.7892e+01, 1.3567e+00, 
 2DIAGNOSTIC,     5, -3.327184982394e-01, 1.797693134862e+308, 1.9171e+01, 1.2785e+00, 
 2DIAGNOSTIC,     6, -3.327227782845e-01, 1.797693134862e+308, 2.0549e+01, 1.3779e+00, 
 2DIAGNOSTIC,     7, -3.327268838932e-01, 1.797693134862e+308, 2.1831e+01, 1.2822e+00, 
 2DIAGNOSTIC,     8, -3.327316135960e-01, 1.797693134862e+308, 2.3106e+01, 1.2752e+00, 
 2DIAGNOSTIC,     9, -3.327404644947e-01, 1.797693134862e+308, 2.5003e+01, 1.8965e+00, 
 2DIAGNOSTIC,    10, -3.327395575927e-01, 2.181993649238e-05, 2.7723e+01, 2.7206e+00, 
 2DIAGNOSTIC,    11, -3.327395642842e-01, 1.229409776018e-05, 2.9201e+01, 1.4775e+00, 
 2DIAGNOSTIC,    12, -3.327395687832e-01, 8.072588205524e-06, 3.0634e+01, 1.4329e+00, 
 2DIAGNOSTIC,    13, -3.327393656789e-01, 6.648630954481e-06, 3.2075e+01, 1.4414e+00, 
 2DIAGNOSTIC,    14, -3.327391636975e-01, 5.178055286451e-06, 3.3492e+01, 1.4167e+00, 
 2DIAGNOSTIC,    15, -3.327390315894e-01, 3.943516475230e-06, 3.4939e+01, 1.4471e+00, 
 2DIAGNOSTIC,    16, -3.327389692298e-01, 2.925866810097e-06, 3.6456e+01, 1.5176e+00, 
 2DIAGNOSTIC,    17, -3.327387067525e-01, 2.132415953905e-06, 3.8007e+01, 1.5509e+00, 
 2DIAGNOSTIC,    18, -3.327385778053e-01, 1.609193666756e-06, 3.9325e+01, 1.3175e+00, 
 2DIAGNOSTIC,    19, -3.327389446485e-01, 1.571473971035e-06, 4.0783e+01, 1.4578e+00, 
 2DIAGNOSTIC,    20, -3.327386830366e-01, 1.496467137194e-06, 4.2241e+01, 1.4584e+00, 
 2DIAGNOSTIC,    21, -3.327384125978e-01, 1.426905671571e-06, 4.3690e+01, 1.4496e+00, 
 2DIAGNOSTIC,    22, -3.327383504311e-01, 1.370295996096e-06, 4.5170e+01, 1.4792e+00, 
 2DIAGNOSTIC,    23, -3.327382965751e-01, 1.316116783605e-06, 4.6656e+01, 1.4863e+00, 
 2DIAGNOSTIC,    24, -3.327385242625e-01, 1.273304789939e-06, 4.8109e+01, 1.4525e+00, 
 2DIAGNOSTIC,    25, -3.327384005290e-01, 1.229814710513e-06, 4.9628e+01, 1.5198e+00, 
 2DIAGNOSTIC,    26, -3.327383539376e-01, 1.190860263851e-06, 5.1096e+01, 1.4679e+00, 
 2DIAGNOSTIC,    27, -3.327383206886e-01, 1.148816355538e-06, 5.2615e+01, 1.5186e+00, 
 2DIAGNOSTIC,    28, -3.327382828920e-01, 1.106866259093e-06, 5.4392e+01, 1.7770e+00, 
 2DIAGNOSTIC,    29, -3.327382924016e-01, 1.081655386127e-06, 5.5932e+01, 1.5407e+00, 
 2DIAGNOSTIC,    30, -3.327379492958e-01, 1.042530232566e-06, 5.7622e+01, 1.6898e+00, 
 2DIAGNOSTIC,    31, -3.327379593098e-01, 1.000869497357e-06, 5.9124e+01, 1.5016e+00, 
  Elapsed time (stage 0): 5.9948e+01


Total elapsed time: 5.9951e+01
Info [verificarlo]: loaded backend libinterflop_ieee.so
Info [interflop-ieee]: load backend with:
Info [interflop-ieee]: debug = false
Info [interflop-ieee]: debug-binary = false
Info [interflop-ieee]: no-backend-name = false
Info [interflop-ieee]: print-new-line = false
Info [interflop-ieee]: print-subnormal-normalized = false
Info [interflop-ieee]: count-op = false
All_Command_lines_OK
Using double precision for computations.
=============================================================================
The composite transform comprises the following transforms (in order): 
  1. /home/mdugre/scratch/mri-registration-rp/datasets/ds004513/derivatives/mri-registration-rp/0001/antsRegistration-r7-p7/sub-s020/rigid_Composite.h5[0] (type = Euler3DTransform)
  2. /home/mdugre/scratch/mri-registration-rp/datasets/ds004513/derivatives/mri-registration-rp/0001/antsRegistration-r7-p7/sub-s020/rigid_Composite.h5[1] (type = Euler3DTransform)
  3. /home/mdugre/scratch/mri-registration-rp/datasets/ds004513/derivatives/mri-registration-rp/0001/antsRegistration-r7-p7/sub-s020/rigid_Composite.h5[2] (type = Euler3DTransform)
=============================================================================
  number of levels = 4
  fixed image: /templateflow/tpl-MNI152NLin2009cAsym/tpl-MNI152NLin2009cAsym_res-01_desc-brain_T1w.nii.gz
  moving image: /home/mdugre/scratch/mri-registration-rp/datasets/ds004513/derivatives/mri-registration-rp/antsBrainExtraction/sub-s020/BrainExtractionBrain.nii.gz
Dimension = 3
Number of stages = 1
Use histogram matching = false
Winsorize image intensities = true
  Lower quantile = 0.005
  Upper quantile = 0.995


Stage 1 State
   Image metric = MattesMI
     Fixed image = Image (0x4bed530)
  RTTI typeinfo:   itk::Image<double, 3u>
  Reference Count: 2
  Modified Time: 1594
  Debug: Off
  Object Name: 
  Observers: 
    none
  Source: (none)
  Source output name: (none)
  Release Data: Off
  Data Released: False
  Global Release Data: Off
  PipelineMTime: 0
  UpdateMTime: 1203
  RealTimeStamp: 0 seconds 
  LargestPossibleRegion: 
    Dimension: 3
    Index: [0, 0, 0]
    Size: [193, 229, 193]
  BufferedRegion: 
    Dimension: 3
    Index: [0, 0, 0]
    Size: [193, 229, 193]
  RequestedRegion: 
    Dimension: 3
    Index: [0, 0, 0]
    Size: [193, 229, 193]
  Spacing: [1, 1, 1]
  Origin: [96, 132, -78]
  Direction: 
-1 0 0
0 -1 0
0 0 1

  IndexToPointMatrix: 
-1 0 0
0 -1 0
0 0 1

  PointToIndexMatrix: 
-1 0 0
0 -1 0
0 0 1

  Inverse Direction: 
-1 0 0
0 -1 0
0 0 1

  PixelContainer: 
    ImportImageContainer (0x4ca62a0)
      RTTI typeinfo:   itk::ImportImageContainer<unsigned long, double>
      Reference Count: 1
      Modified Time: 1200
      Debug: Off
      Object Name: 
      Observers: 
        none
      Pointer: 0x149c22ab2010
      Container manages memory: true
      Size: 8530021
      Capacity: 8530021

     Moving image = Image (0x4ca8e60)
  RTTI typeinfo:   itk::Image<double, 3u>
  Reference Count: 2
  Modified Time: 1595
  Debug: Off
  Object Name: 
  Observers: 
    none
  Source: (none)
  Source output name: (none)
  Release Data: Off
  Data Released: False
  Global Release Data: Off
  PipelineMTime: 0
  UpdateMTime: 1592
  RealTimeStamp: 0 seconds 
  LargestPossibleRegion: 
    Dimension: 3
    Index: [0, 0, 0]
    Size: [160, 240, 256]
  BufferedRegion: 
    Dimension: 3
    Index: [0, 0, 0]
    Size: [160, 240, 256]
  RequestedRegion: 
    Dimension: 3
    Index: [0, 0, 0]
    Size: [160, 240, 256]
  Spacing: [0.999995, 1, 1]
  Origin: [87.0906, 98.7205, -152.377]
  Direction: 
-0.996975 0.0261379 -0.0731913
-0.0260677 -0.999658 -0.00191374
-0.0732163 -2.46403e-08 0.997316

  IndexToPointMatrix: 
-0.996971 0.0261379 -0.0731913
-0.0260676 -0.999658 -0.00191374
-0.0732159 -2.46403e-08 0.997316

  PointToIndexMatrix: 
-0.99698 -0.0260679 -0.0732166
0.0261379 -0.999658 -2.46993e-08
-0.0731913 -0.00191374 0.997316

  Inverse Direction: 
-0.996975 -0.0260677 -0.0732163
0.0261379 -0.999658 -2.46993e-08
-0.0731913 -0.00191374 0.997316

  PixelContainer: 
    ImportImageContainer (0x4cdc390)
      RTTI typeinfo:   itk::ImportImageContainer<unsigned long, double>
      Reference Count: 1
      Modified Time: 1589
      Debug: Off
      Object Name: 
      Observers: 
        none
      Pointer: 0x149c1dfb1010
      Container manages memory: true
      Size: 9830400
      Capacity: 9830400

     Weighting = 1
     Sampling strategy = regular
     Number of bins = 32
     Radius = 4
     Sampling percentage  = 0.25
   Transform = Affine
     Gradient step = 0.1
     Update field sigma (voxel space) = 0
     Total field sigma (voxel space) = 0
     Update field time sigma = 0
     Total field time sigma  = 0
     Number of time indices = 0
     Number of time point samples = 0
Registration using 1 total stages.

Stage 0
  iterations = 1000x500x250x100
  convergence threshold = 1e-06
  convergence window size = 10
  number of levels = 4
  using the Mattes MI metric (number of bins = 32, weight = 1, use gradient filter = 0)
  preprocessing:  winsorizing the image intensities
  Shrink factors (level 1 out of 4): [8, 8, 8]
  Shrink factors (level 2 out of 4): [4, 4, 4]
  Shrink factors (level 3 out of 4): [2, 2, 2]
  Shrink factors (level 4 out of 4): [1, 1, 1]
  smoothing sigmas per level: [3, 2, 1, 0]
  regular sampling (percentage = 0.25)

*** Running AffineTransform registration ***

DIAGNOSTIC,Iteration,metricValue,convergenceValue,ITERATION_TIME_INDEX,SINCE_LAST
 2DIAGNOSTIC,     1, -5.156121971733e-01, 1.797693134862e+308, 7.8077e-01, 7.8077e-01, 
 2DIAGNOSTIC,     2, -5.173676314973e-01, 1.797693134862e+308, 7.8626e-01, 5.4832e-03, 
 2DIAGNOSTIC,     3, -5.204822100651e-01, 1.797693134862e+308, 7.9126e-01, 5.0020e-03, 
 2DIAGNOSTIC,     4, -5.255809660629e-01, 1.797693134862e+308, 7.9617e-01, 4.9109e-03, 
 2DIAGNOSTIC,     5, -5.354704029502e-01, 1.797693134862e+308, 8.0135e-01, 5.1820e-03, 
 2DIAGNOSTIC,     6, -5.886678350652e-01, 1.797693134862e+308, 8.0661e-01, 5.2638e-03, 
 2DIAGNOSTIC,     7, -6.661249683588e-01, 1.797693134862e+308, 8.1181e-01, 5.1942e-03, 
 2DIAGNOSTIC,     8, -7.138665367221e-01, 1.797693134862e+308, 8.1900e-01, 7.1929e-03, 
 2DIAGNOSTIC,     9, -7.288298374085e-01, 1.797693134862e+308, 8.2727e-01, 8.2650e-03, 
 2DIAGNOSTIC,    10, -7.316728564692e-01, 2.873499651561e-02, 8.3259e-01, 5.3260e-03, 
 2DIAGNOSTIC,    11, -7.400528258455e-01, 2.706632995654e-02, 8.3794e-01, 5.3480e-03, 
 2DIAGNOSTIC,    12, -7.523555379359e-01, 2.377409585463e-02, 8.4317e-01, 5.2321e-03, 
 2DIAGNOSTIC,    13, -7.711331081984e-01, 1.965385416180e-02, 8.4837e-01, 5.1990e-03, 
 2DIAGNOSTIC,    14, -7.845909790778e-01, 1.506228181570e-02, 8.5363e-01, 5.2588e-03, 
 2DIAGNOSTIC,    15, -8.001404770451e-01, 1.056226837007e-02, 8.5933e-01, 5.6958e-03, 
 2DIAGNOSTIC,    16, -8.304990268816e-01, 7.936716993089e-03, 8.6806e-01, 8.7359e-03, 
 2DIAGNOSTIC,    17, -8.376418986392e-01, 6.998146629357e-03, 8.7337e-01, 5.3091e-03, 
 2DIAGNOSTIC,    18, -8.398992869466e-01, 6.687417572339e-03, 8.7922e-01, 5.8482e-03, 
 2DIAGNOSTIC,    19, -8.446400337224e-01, 6.232571274448e-03, 8.8504e-01, 5.8260e-03, 
 2DIAGNOSTIC,    20, -8.480547885474e-01, 5.380144812477e-03, 8.9098e-01, 5.9321e-03, 
 2DIAGNOSTIC,    21, -8.535660220986e-01, 4.381235846048e-03, 8.9797e-01, 6.9950e-03, 
 2DIAGNOSTIC,    22, -8.544908609878e-01, 3.315484362632e-03, 9.0386e-01, 5.8870e-03, 
 2DIAGNOSTIC,    23, -8.551780167935e-01, 2.388916257528e-03, 9.0902e-01, 5.1620e-03, 
 2DIAGNOSTIC,    24, -8.556319301614e-01, 1.556761193815e-03, 9.1425e-01, 5.2261e-03, 
 2DIAGNOSTIC,    25, -8.565204276598e-01, 8.985174403780e-04, 9.1938e-01, 5.1370e-03, 
 2DIAGNOSTIC,    26, -8.579748916150e-01, 6.821269864935e-04, 9.2533e-01, 5.9450e-03, 
 2DIAGNOSTIC,    27, -8.607802607496e-01, 5.609813727067e-04, 9.3341e-01, 8.0791e-03, 
 2DIAGNOSTIC,    28, -8.609079777648e-01, 4.287111240643e-04, 9.3921e-01, 5.8000e-03, 
 2DIAGNOSTIC,    29, -8.608284007401e-01, 3.277838914900e-04, 9.4551e-01, 6.2990e-03, 
 2DIAGNOSTIC,    30, -8.607172962098e-01, 2.438565424644e-04, 9.5124e-01, 5.7340e-03, 
 2DIAGNOSTIC,    31, -8.605974971144e-01, 2.077818155366e-04, 9.5693e-01, 5.6870e-03, 
 2DIAGNOSTIC,    32, -8.603344580806e-01, 1.618606361622e-04, 9.6218e-01, 5.2540e-03, 
 2DIAGNOSTIC,    33, -8.603502877947e-01, 1.119437154292e-04, 9.6753e-01, 5.3482e-03, 
 2DIAGNOSTIC,    34, -8.602377819636e-01, 5.891113984551e-05, 9.7291e-01, 5.3830e-03, 
 2DIAGNOSTIC,    35, -8.601355258180e-01, 1.202457053066e-05, 9.7839e-01, 5.4760e-03, 
DIAGNOSTIC,Iteration,metricValue,convergenceValue,ITERATION_TIME_INDEX,SINCE_LAST
 2DIAGNOSTIC,     1, -7.184548684741e-01, 1.797693134862e+308, 1.7613e+00, 7.8289e-01, 
 2DIAGNOSTIC,     2, -7.191118920319e-01, 1.797693134862e+308, 1.7975e+00, 3.6225e-02, 
 2DIAGNOSTIC,     3, -7.195800850727e-01, 1.797693134862e+308, 1.8383e+00, 4.0819e-02, 
 2DIAGNOSTIC,     4, -7.195961298890e-01, 1.797693134862e+308, 1.8863e+00, 4.7987e-02, 
 2DIAGNOSTIC,     5, -7.195932059432e-01, 1.797693134862e+308, 1.9300e+00, 4.3685e-02, 
 2DIAGNOSTIC,     6, -7.195864259122e-01, 1.797693134862e+308, 1.9696e+00, 3.9637e-02, 
 2DIAGNOSTIC,     7, -7.195277818302e-01, 1.797693134862e+308, 2.0105e+00, 4.0879e-02, 
 2DIAGNOSTIC,     8, -7.195193982153e-01, 1.797693134862e+308, 2.0515e+00, 4.1021e-02, 
 2DIAGNOSTIC,     9, -7.195192972843e-01, 1.797693134862e+308, 2.0914e+00, 3.9855e-02, 
