
##########################
# Experiment information #
##########################

EXPERIMENT_NAME: antsRegistration-r8-p17
VFC_BACKENDS: libinterflop_vprec.so --range-binary32=8 --precision-binary32=17 --range-binary64=8 --precision-binary64=17

SIF_IMG: /home/mdugre/projects/rrg-glatard/mdugre/containers/ants-vprec-no_metrics.simg

SUBJECT_ID: s014
INPUT_IMG: /home/mdugre/scratch/mri-registration-rp/datasets/ds004513/derivatives/mri-registration-rp/antsBrainExtraction/sub-s014/BrainExtractionBrain.nii.gz
OUTPUT_DIR: /home/mdugre/scratch/mri-registration-rp/datasets/ds004513/derivatives/mri-registration-rp/0001/antsRegistration-r8-p17/sub-s014

FIXED_IMG: /templateflow/tpl-MNI152NLin2009cAsym/tpl-MNI152NLin2009cAsym_res-01_desc-brain_T1w.nii.gz
DATA_DIR: /home/mdugre/scratch/mri-registration-rp/datasets/ds004513
TEMPLATEFLOW_DIR: /home/mdugre/projects/rrg-glatard/mdugre/templateflow
ITK_GLOBAL_DEFAULT_NUMBER_OF_THREADS: 16
##########################

Info [verificarlo]: loaded backend libinterflop_ieee.so
Info [interflop-ieee]: load backend with:
Info [interflop-ieee]: debug = false
Info [interflop-ieee]: debug-binary = false
Info [interflop-ieee]: no-backend-name = false
Info [interflop-ieee]: print-new-line = false
Info [interflop-ieee]: print-subnormal-normalized = false
Info [interflop-ieee]: count-op = false
All_Command_lines_OK
Using double precision for computations.
=============================================================================
The composite transform comprises the following transforms (in order): 
  1. Center of mass alignment using fixed image: /templateflow/tpl-MNI152NLin2009cAsym/tpl-MNI152NLin2009cAsym_res-01_desc-brain_T1w.nii.gz and moving image: /home/mdugre/scratch/mri-registration-rp/datasets/ds004513/derivatives/mri-registration-rp/antsBrainExtraction/sub-s014/BrainExtractionBrain.nii.gz (type = Euler3DTransform)
=============================================================================
  number of levels = 1
  fixed image: /templateflow/tpl-MNI152NLin2009cAsym/tpl-MNI152NLin2009cAsym_res-01_desc-brain_T1w.nii.gz
  moving image: /home/mdugre/scratch/mri-registration-rp/datasets/ds004513/derivatives/mri-registration-rp/antsBrainExtraction/sub-s014/BrainExtractionBrain.nii.gz
Dimension = 3
Number of stages = 1
Use histogram matching = false
Winsorize image intensities = true
  Lower quantile = 0.005
  Upper quantile = 0.995


Stage 1 State
   Image metric = MattesMI
     Fixed image = Image (0x3c06e70)
  RTTI typeinfo:   itk::Image<double, 3u>
  Reference Count: 2
  Modified Time: 2334
  Debug: Off
  Object Name: 
  Observers: 
    none
  Source: (none)
  Source output name: (none)
  Release Data: Off
  Data Released: False
  Global Release Data: Off
  PipelineMTime: 0
  UpdateMTime: 1943
  RealTimeStamp: 0 seconds 
  LargestPossibleRegion: 
    Dimension: 3
    Index: [0, 0, 0]
    Size: [193, 229, 193]
  BufferedRegion: 
    Dimension: 3
    Index: [0, 0, 0]
    Size: [193, 229, 193]
  RequestedRegion: 
    Dimension: 3
    Index: [0, 0, 0]
    Size: [193, 229, 193]
  Spacing: [1, 1, 1]
  Origin: [96, 132, -78]
  Direction: 
-1 0 0
0 -1 0
0 0 1

  IndexToPointMatrix: 
-1 0 0
0 -1 0
0 0 1

  PointToIndexMatrix: 
-1 0 0
0 -1 0
0 0 1

  Inverse Direction: 
-1 0 0
0 -1 0
0 0 1

  PixelContainer: 
    ImportImageContainer (0x3c13140)
      RTTI typeinfo:   itk::ImportImageContainer<unsigned long, double>
      Reference Count: 1
      Modified Time: 1940
      Debug: Off
      Object Name: 
      Observers: 
        none
      Pointer: 0x14f14f326010
      Container manages memory: true
      Size: 8530021
      Capacity: 8530021

     Moving image = Image (0x3c10310)
  RTTI typeinfo:   itk::Image<double, 3u>
  Reference Count: 2
  Modified Time: 2335
  Debug: Off
  Object Name: 
  Observers: 
    none
  Source: (none)
  Source output name: (none)
  Release Data: Off
  Data Released: False
  Global Release Data: Off
  PipelineMTime: 0
  UpdateMTime: 2332
  RealTimeStamp: 0 seconds 
  LargestPossibleRegion: 
    Dimension: 3
    Index: [0, 0, 0]
    Size: [160, 240, 256]
  BufferedRegion: 
    Dimension: 3
    Index: [0, 0, 0]
    Size: [160, 240, 256]
  RequestedRegion: 
    Dimension: 3
    Index: [0, 0, 0]
    Size: [160, 240, 256]
  Spacing: [0.999999, 1, 1]
  Origin: [84.1637, 106.709, -120.531]
  Direction: 
-0.999619 -0.0226874 -0.0157033
0.0226846 -0.999743 0.00035635
-0.0157073 -7.8229e-09 0.999877

  IndexToPointMatrix: 
-0.999619 -0.0226874 -0.0157033
0.0226845 -0.999743 0.00035635
-0.0157073 -7.8229e-09 0.999877

  PointToIndexMatrix: 
-0.99962 0.0226846 -0.0157073
-0.0226874 -0.999743 -7.83127e-09
-0.0157033 0.00035635 0.999877

  Inverse Direction: 
-0.999619 0.0226846 -0.0157073
-0.0226874 -0.999743 -7.83127e-09
-0.0157033 0.00035635 0.999877

  PixelContainer: 
    ImportImageContainer (0x3d3b610)
      RTTI typeinfo:   itk::ImportImageContainer<unsigned long, double>
      Reference Count: 1
      Modified Time: 2329
      Debug: Off
      Object Name: 
      Observers: 
        none
      Pointer: 0x14f14a825010
      Container manages memory: true
      Size: 9830400
      Capacity: 9830400

     Weighting = 1
     Sampling strategy = regular
     Number of bins = 32
     Radius = 4
     Sampling percentage  = 0.25
   Transform = Rigid
     Gradient step = 0.1
     Update field sigma (voxel space) = 0
     Total field sigma (voxel space) = 0
     Update field time sigma = 0
     Total field time sigma  = 0
     Number of time indices = 0
     Number of time point samples = 0
Registration using 1 total stages.

Stage 0
  iterations = 0
  convergence threshold = 1e-06
  convergence window size = 10
  number of levels = 1
  using the Mattes MI metric (number of bins = 32, weight = 1, use gradient filter = 0)
  preprocessing:  winsorizing the image intensities
  Shrink factors (level 1 out of 1): [1, 1, 1]
  smoothing sigmas per level: [0]
  regular sampling (percentage = 0.25)

*** Running Euler3DTransform registration ***

  Elapsed time (stage 0): 1.12632


Total elapsed time: 1.12849
Info [verificarlo]: loaded backend libinterflop_ieee.so
Info [interflop-ieee]: load backend with:
Info [interflop-ieee]: debug = false
Info [interflop-ieee]: debug-binary = false
Info [interflop-ieee]: no-backend-name = false
Info [interflop-ieee]: print-new-line = false
Info [interflop-ieee]: print-subnormal-normalized = false
Info [interflop-ieee]: count-op = false
All_Command_lines_OK
Using double precision for computations.
=============================================================================
The composite transform comprises the following transforms (in order): 
  1. /home/mdugre/scratch/mri-registration-rp/datasets/ds004513/derivatives/mri-registration-rp/0001/antsRegistration-r8-p17/sub-s014/align_Composite.h5[0] (type = Euler3DTransform)
  2. /home/mdugre/scratch/mri-registration-rp/datasets/ds004513/derivatives/mri-registration-rp/0001/antsRegistration-r8-p17/sub-s014/align_Composite.h5[1] (type = Euler3DTransform)
=============================================================================
  number of levels = 4
  fixed image: /templateflow/tpl-MNI152NLin2009cAsym/tpl-MNI152NLin2009cAsym_res-01_desc-brain_T1w.nii.gz
  moving image: /home/mdugre/scratch/mri-registration-rp/datasets/ds004513/derivatives/mri-registration-rp/antsBrainExtraction/sub-s014/BrainExtractionBrain.nii.gz
Dimension = 3
Number of stages = 1
Use histogram matching = false
Winsorize image intensities = true
  Lower quantile = 0.005
  Upper quantile = 0.995


Stage 1 State
   Image metric = MattesMI
     Fixed image = Image (0x3f16530)
  RTTI typeinfo:   itk::Image<double, 3u>
  Reference Count: 2
  Modified Time: 1580
  Debug: Off
  Object Name: 
  Observers: 
    none
  Source: (none)
  Source output name: (none)
  Release Data: Off
  Data Released: False
  Global Release Data: Off
  PipelineMTime: 0
  UpdateMTime: 1189
  RealTimeStamp: 0 seconds 
  LargestPossibleRegion: 
    Dimension: 3
    Index: [0, 0, 0]
    Size: [193, 229, 193]
  BufferedRegion: 
    Dimension: 3
    Index: [0, 0, 0]
    Size: [193, 229, 193]
  RequestedRegion: 
    Dimension: 3
    Index: [0, 0, 0]
    Size: [193, 229, 193]
  Spacing: [1, 1, 1]
  Origin: [96, 132, -78]
  Direction: 
-1 0 0
0 -1 0
0 0 1

  IndexToPointMatrix: 
-1 0 0
0 -1 0
0 0 1

  PointToIndexMatrix: 
-1 0 0
0 -1 0
0 0 1

  Inverse Direction: 
-1 0 0
0 -1 0
0 0 1

  PixelContainer: 
    ImportImageContainer (0x3fd4d60)
      RTTI typeinfo:   itk::ImportImageContainer<unsigned long, double>
      Reference Count: 1
      Modified Time: 1186
      Debug: Off
      Object Name: 
      Observers: 
        none
      Pointer: 0x14d95c9f4010
      Container manages memory: true
      Size: 8530021
      Capacity: 8530021

     Moving image = Image (0x3fc6f60)
  RTTI typeinfo:   itk::Image<double, 3u>
  Reference Count: 2
  Modified Time: 1581
  Debug: Off
  Object Name: 
  Observers: 
    none
  Source: (none)
  Source output name: (none)
  Release Data: Off
  Data Released: False
  Global Release Data: Off
  PipelineMTime: 0
  UpdateMTime: 1578
  RealTimeStamp: 0 seconds 
  LargestPossibleRegion: 
    Dimension: 3
    Index: [0, 0, 0]
    Size: [160, 240, 256]
  BufferedRegion: 
    Dimension: 3
    Index: [0, 0, 0]
    Size: [160, 240, 256]
  RequestedRegion: 
    Dimension: 3
    Index: [0, 0, 0]
    Size: [160, 240, 256]
  Spacing: [0.999999, 1, 1]
  Origin: [84.1637, 106.709, -120.531]
  Direction: 
-0.999619 -0.0226874 -0.0157033
0.0226846 -0.999743 0.00035635
-0.0157073 -7.8229e-09 0.999877

  IndexToPointMatrix: 
-0.999619 -0.0226874 -0.0157033
0.0226845 -0.999743 0.00035635
-0.0157073 -7.8229e-09 0.999877

  PointToIndexMatrix: 
-0.99962 0.0226846 -0.0157073
-0.0226874 -0.999743 -7.83127e-09
-0.0157033 0.00035635 0.999877

  Inverse Direction: 
-0.999619 0.0226846 -0.0157073
-0.0226874 -0.999743 -7.83127e-09
-0.0157033 0.00035635 0.999877

  PixelContainer: 
    ImportImageContainer (0x3fb86d0)
      RTTI typeinfo:   itk::ImportImageContainer<unsigned long, double>
      Reference Count: 1
      Modified Time: 1575
      Debug: Off
      Object Name: 
      Observers: 
        none
      Pointer: 0x14d957ef3010
      Container manages memory: true
      Size: 9830400
      Capacity: 9830400

     Weighting = 1
     Sampling strategy = regular
     Number of bins = 32
     Radius = 4
     Sampling percentage  = 0.25
   Transform = Rigid
     Gradient step = 0.1
     Update field sigma (voxel space) = 0
     Total field sigma (voxel space) = 0
     Update field time sigma = 0
     Total field time sigma  = 0
     Number of time indices = 0
     Number of time point samples = 0
Registration using 1 total stages.

Stage 0
  iterations = 1000x500x250x100
  convergence threshold = 1e-06
  convergence window size = 10
  number of levels = 4
  using the Mattes MI metric (number of bins = 32, weight = 1, use gradient filter = 0)
  preprocessing:  winsorizing the image intensities
  Shrink factors (level 1 out of 4): [8, 8, 8]
  Shrink factors (level 2 out of 4): [4, 4, 4]
  Shrink factors (level 3 out of 4): [2, 2, 2]
  Shrink factors (level 4 out of 4): [1, 1, 1]
  smoothing sigmas per level: [3, 2, 1, 0]
  regular sampling (percentage = 0.25)

*** Running Euler3DTransform registration ***

DIAGNOSTIC,Iteration,metricValue,convergenceValue,ITERATION_TIME_INDEX,SINCE_LAST
 2DIAGNOSTIC,     1, -4.770821406565e-01, 1.797693134862e+308, 7.1641e-01, 7.1641e-01, 
 2DIAGNOSTIC,     2, -4.784216133942e-01, 1.797693134862e+308, 7.2073e-01, 4.3161e-03, 
 2DIAGNOSTIC,     3, -4.807043200681e-01, 1.797693134862e+308, 7.2491e-01, 4.1800e-03, 
 2DIAGNOSTIC,     4, -4.840264478065e-01, 1.797693134862e+308, 7.2908e-01, 4.1721e-03, 
 2DIAGNOSTIC,     5, -4.883050305770e-01, 1.797693134862e+308, 7.3334e-01, 4.2582e-03, 
 2DIAGNOSTIC,     6, -4.953560426371e-01, 1.797693134862e+308, 7.3821e-01, 4.8709e-03, 
 2DIAGNOSTIC,     7, -5.007350570384e-01, 1.797693134862e+308, 7.4249e-01, 4.2758e-03, 
 2DIAGNOSTIC,     8, -5.013278569503e-01, 1.797693134862e+308, 7.4673e-01, 4.2419e-03, 
 2DIAGNOSTIC,     9, -5.085255256006e-01, 1.797693134862e+308, 7.5226e-01, 5.5270e-03, 
 2DIAGNOSTIC,    10, -5.161992633656e-01, 5.125196520979e-03, 7.5853e-01, 6.2761e-03, 
 2DIAGNOSTIC,    11, -5.167072941437e-01, 4.879252931146e-03, 7.6298e-01, 4.4441e-03, 
 2DIAGNOSTIC,    12, -5.203629876260e-01, 4.481282734468e-03, 7.6743e-01, 4.4560e-03, 
 2DIAGNOSTIC,    13, -5.229718709777e-01, 3.958672533580e-03, 7.7191e-01, 4.4808e-03, 
 2DIAGNOSTIC,    14, -5.250338110830e-01, 3.368007801724e-03, 7.7696e-01, 5.0440e-03, 
 2DIAGNOSTIC,    15, -5.272078697649e-01, 2.786121483398e-03, 7.8352e-01, 6.5639e-03, 
 2DIAGNOSTIC,    16, -5.275715603979e-01, 2.284098302174e-03, 7.8781e-01, 4.2920e-03, 
 2DIAGNOSTIC,    17, -5.282507656512e-01, 1.839921123753e-03, 7.9206e-01, 4.2479e-03, 
 2DIAGNOSTIC,    18, -5.289722876066e-01, 1.313912041907e-03, 7.9684e-01, 4.7820e-03, 
 2DIAGNOSTIC,    19, -5.292207410111e-01, 9.370568707404e-04, 8.0205e-01, 5.2030e-03, 
 2DIAGNOSTIC,    20, -5.294476960672e-01, 7.341365573354e-04, 8.0680e-01, 4.7541e-03, 
 2DIAGNOSTIC,    21, -5.294955840903e-01, 4.966190831846e-04, 8.1098e-01, 4.1790e-03, 
 2DIAGNOSTIC,    22, -5.295366245031e-01, 3.281311959274e-04, 8.1570e-01, 4.7200e-03, 
 2DIAGNOSTIC,    23, -5.295376311909e-01, 2.063244245587e-04, 8.2041e-01, 4.7071e-03, 
 2DIAGNOSTIC,    24, -5.295911249028e-01, 1.234508389471e-04, 8.2520e-01, 4.7920e-03, 
 2DIAGNOSTIC,    25, -5.296271130650e-01, 8.499150549918e-05, 8.2997e-01, 4.7710e-03, 
 2DIAGNOSTIC,    26, -5.296539599383e-01, 4.983583932724e-05, 8.3417e-01, 4.1959e-03, 
 2DIAGNOSTIC,    27, -5.297704229808e-01, 2.877322815834e-05, 8.3845e-01, 4.2820e-03, 
 2DIAGNOSTIC,    28, -5.299884954863e-01, 2.504887531379e-05, 8.4418e-01, 5.7318e-03, 
 2DIAGNOSTIC,    29, -5.300854192462e-01, 2.569611951875e-05, 8.4892e-01, 4.7359e-03, 
 2DIAGNOSTIC,    30, -5.300410324621e-01, 2.732899343971e-05, 8.5309e-01, 4.1749e-03, 
 2DIAGNOSTIC,    31, -5.300376932141e-01, 2.724560548058e-05, 8.5742e-01, 4.3302e-03, 
 2DIAGNOSTIC,    32, -5.301686264233e-01, 2.763232918940e-05, 8.6170e-01, 4.2779e-03, 
 2DIAGNOSTIC,    33, -5.303926738421e-01, 2.905769097138e-05, 8.6705e-01, 5.3492e-03, 
 2DIAGNOSTIC,    34, -5.304519664601e-01, 2.945835349227e-05, 8.7244e-01, 5.3930e-03, 
 2DIAGNOSTIC,    35, -5.305073139184e-01, 2.868169330254e-05, 8.7670e-01, 4.2610e-03, 
 2DIAGNOSTIC,    36, -5.305686017148e-01, 2.670517375118e-05, 8.8100e-01, 4.2939e-03, 
 2DIAGNOSTIC,    37, -5.306602858943e-01, 2.533264914151e-05, 8.8684e-01, 5.8491e-03, 
 2DIAGNOSTIC,    38, -5.306881156231e-01, 2.512162425736e-05, 8.9112e-01, 4.2720e-03, 
 2DIAGNOSTIC,    39, -5.307317416636e-01, 2.461885299211e-05, 8.9548e-01, 4.3600e-03, 
 2DIAGNOSTIC,    40, -5.308225091355e-01, 2.257034276607e-05, 9.0133e-01, 5.8510e-03, 
 2DIAGNOSTIC,    41, -5.308460424125e-01, 1.877385525979e-05, 9.0588e-01, 4.5519e-03, 
 2DIAGNOSTIC,    42, -5.308561837321e-01, 1.520831956993e-05, 9.1044e-01, 4.5590e-03, 
 2DIAGNOSTIC,    43, -5.308777649273e-01, 1.355835176866e-05, 9.1470e-01, 4.2622e-03, 
 2DIAGNOSTIC,    44, -5.309114036110e-01, 1.190613943998e-05, 9.1902e-01, 4.3230e-03, 
 2DIAGNOSTIC,    45, -5.310262965518e-01, 1.129423566246e-05, 9.2578e-01, 6.7542e-03, 
 2DIAGNOSTIC,    46, -5.310374074445e-01, 1.049838941656e-05, 9.2996e-01, 4.1831e-03, 
 2DIAGNOSTIC,    47, -5.310434720121e-01, 9.962263447603e-06, 9.3426e-01, 4.2980e-03, 
 2DIAGNOSTIC,    48, -5.310518853633e-01, 8.989886104923e-06, 9.3853e-01, 4.2741e-03, 
 2DIAGNOSTIC,    49, -5.310584329537e-01, 7.783359500579e-06, 9.4369e-01, 5.1579e-03, 
 2DIAGNOSTIC,    50, -5.310645817646e-01, 6.973833583650e-06, 9.4944e-01, 5.7530e-03, 
 2DIAGNOSTIC,    51, -5.310656430618e-01, 5.851695600353e-06, 9.5364e-01, 4.1940e-03, 
 2DIAGNOSTIC,    52, -5.310738190002e-01, 4.481863510042e-06, 9.5836e-01, 4.7190e-03, 
 2DIAGNOSTIC,    53, -5.310768127969e-01, 3.049471521559e-06, 9.6250e-01, 4.1380e-03, 
 2DIAGNOSTIC,    54, -5.310775506016e-01, 1.750844720184e-06, 9.6666e-01, 4.1628e-03, 
 2DIAGNOSTIC,    55, -5.310817434211e-01, 1.565716413209e-06, 9.7084e-01, 4.1809e-03, 
 2DIAGNOSTIC,    56, -5.310870994121e-01, 1.452195857492e-06, 9.7554e-01, 4.7009e-03, 
 2DIAGNOSTIC,    57, -5.310885232962e-01, 1.327089154811e-06, 9.8021e-01, 4.6709e-03, 
 2DIAGNOSTIC,    58, -5.310914487851e-01, 1.238639651215e-06, 9.8490e-01, 4.6921e-03, 
 2DIAGNOSTIC,    59, -5.311015678587e-01, 1.240623596757e-06, 9.9007e-01, 5.1670e-03, 
 2DIAGNOSTIC,    60, -5.311021904297e-01, 1.235244579092e-06, 9.9432e-01, 4.2529e-03, 
 2DIAGNOSTIC,    61, -5.311059901820e-01, 1.204917779166e-06, 1.0076e+00, 1.3247e-02, 
 2DIAGNOSTIC,    62, -5.311059901659e-01, 1.182103197338e-06, 1.0208e+00, 1.3252e-02, 
 2DIAGNOSTIC,    63, -5.311059901659e-01, 1.122797857550e-06, 1.0260e+00, 5.1811e-03, 
 2DIAGNOSTIC,    64, -5.311059901659e-01, 1.011506956094e-06, 1.0307e+00, 4.6911e-03, 
DIAGNOSTIC,Iteration,metricValue,convergenceValue,ITERATION_TIME_INDEX,SINCE_LAST
 2DIAGNOSTIC,     1, -4.295258231625e-01, 1.797693134862e+308, 1.7522e+00, 7.2154e-01, 
 2DIAGNOSTIC,     2, -4.302859640432e-01, 1.797693134862e+308, 1.7796e+00, 2.7320e-02, 
 2DIAGNOSTIC,     3, -4.309651196675e-01, 1.797693134862e+308, 1.8061e+00, 2.6530e-02, 
 2DIAGNOSTIC,     4, -4.317164347764e-01, 1.797693134862e+308, 1.8352e+00, 2.9067e-02, 
 2DIAGNOSTIC,     5, -4.325561938345e-01, 1.797693134862e+308, 1.8647e+00, 2.9536e-02, 
 2DIAGNOSTIC,     6, -4.341819580779e-01, 1.797693134862e+308, 1.8924e+00, 2.7728e-02, 
 2DIAGNOSTIC,     7, -4.354327949461e-01, 1.797693134862e+308, 1.9198e+00, 2.7402e-02, 
 2DIAGNOSTIC,     8, -4.367134834401e-01, 1.797693134862e+308, 1.9508e+00, 3.0991e-02, 
 2DIAGNOSTIC,     9, -4.377076816053e-01, 1.797693134862e+308, 1.9895e+00, 3.8699e-02, 
 2DIAGNOSTIC,    10, -4.379510214290e-01, 1.375954781895e-03, 2.0199e+00, 3.0398e-02, 
 2DIAGNOSTIC,    11, -4.381306699703e-01, 1.211218579653e-03, 2.0482e+00, 2.8337e-02, 
 2DIAGNOSTIC,    12, -4.403708091240e-01, 1.128184042360e-03, 2.0825e+00, 3.4287e-02, 
 2DIAGNOSTIC,    13, -4.435986505812e-01, 1.148562288346e-03, 2.1211e+00, 3.8528e-02, 
 2DIAGNOSTIC,    14, -4.436199447925e-01, 1.094787361523e-03, 2.1498e+00, 2.8690e-02, 
 2DIAGNOSTIC,    15, -4.445052015354e-01, 1.025845783676e-03, 2.1807e+00, 3.0970e-02, 
 2DIAGNOSTIC,    16, -4.479362666978e-01, 1.077370583417e-03, 2.2170e+00, 3.6283e-02, 
 2DIAGNOSTIC,    17, -4.481475950928e-01, 1.073587584237e-03, 2.2438e+00, 2.6823e-02, 
 2DIAGNOSTIC,    18, -4.482020490211e-01, 1.018146298717e-03, 2.2754e+00, 3.1608e-02, 
 2DIAGNOSTIC,    19, -4.481966708471e-01, 9.107728207342e-04, 2.3252e+00, 4.9810e-02, 
 2DIAGNOSTIC,    20, -4.481953335647e-01, 7.394369044419e-04, 2.3522e+00, 2.6910e-02, 
 2DIAGNOSTIC,    21, -4.481954334162e-01, 5.189437711554e-04, 2.3889e+00, 3.6714e-02, 
 2DIAGNOSTIC,    22, -4.482018533856e-01, 3.337448843872e-04, 2.4184e+00, 2.9553e-02, 
 2DIAGNOSTIC,    23, -4.481921491750e-01, 2.259319939663e-04, 2.4476e+00, 2.9193e-02, 
 2DIAGNOSTIC,    24, -4.482074312931e-01, 1.077320672301e-04, 2.4739e+00, 2.6277e-02, 
 2DIAGNOSTIC,    25, -4.482144439125e-01, 9.691657588608e-06, 2.5065e+00, 3.2633e-02, 
 2DIAGNOSTIC,    26, -4.482116710212e-01, 3.273681329539e-06, 2.5331e+00, 2.6607e-02, 
 2DIAGNOSTIC,    27, -4.482088353777e-01, 2.084629078081e-06, 2.5649e+00, 3.1774e-02, 
 2DIAGNOSTIC,    28, -4.482139220184e-01, 2.274306996994e-06, 2.5934e+00, 2.8502e-02, 
 2DIAGNOSTIC,    29, -4.482420866636e-01, 2.842588930553e-06, 2.6253e+00, 3.1920e-02, 
 2DIAGNOSTIC,    30, -4.482455732984e-01, 3.232689036146e-06, 2.6572e+00, 3.1870e-02, 
 2DIAGNOSTIC,    31, -4.482405886749e-01, 3.298140552527e-06, 2.6856e+00, 2.8376e-02, 
 2DIAGNOSTIC,    32, -4.482290915179e-01, 3.068923471995e-06, 2.7137e+00, 2.8152e-02, 
 2DIAGNOSTIC,    33, -4.482261087680e-01, 2.406545432321e-06, 2.7447e+00, 3.0993e-02, 
 2DIAGNOSTIC,    34, -4.482147421499e-01, 1.704268685870e-06, 2.7767e+00, 3.1935e-02, 
 2DIAGNOSTIC,    35, -4.482170221867e-01, 1.142411783291e-06, 2.8048e+00, 2.8103e-02, 
DIAGNOSTIC,Iteration,metricValue,convergenceValue,ITERATION_TIME_INDEX,SINCE_LAST
 2DIAGNOSTIC,     1, -3.932184619179e-01, 1.797693134862e+308, 3.8660e+00, 1.0613e+00, 
 2DIAGNOSTIC,     2, -3.933350081035e-01, 1.797693134862e+308, 4.0961e+00, 2.3008e-01, 
 2DIAGNOSTIC,     3, -3.934316047751e-01, 1.797693134862e+308, 4.3235e+00, 2.2738e-01, 
 2DIAGNOSTIC,     4, -3.934445201928e-01, 1.797693134862e+308, 4.6016e+00, 2.7813e-01, 
 2DIAGNOSTIC,     5, -3.934561041667e-01, 1.797693134862e+308, 4.8372e+00, 2.3560e-01, 
 2DIAGNOSTIC,     6, -3.934557400746e-01, 1.797693134862e+308, 5.0927e+00, 2.5551e-01, 
 2DIAGNOSTIC,     7, -3.934568948201e-01, 1.797693134862e+308, 5.4748e+00, 3.8203e-01, 
 2DIAGNOSTIC,     8, -3.934560027013e-01, 1.797693134862e+308, 5.7311e+00, 2.5636e-01, 
 2DIAGNOSTIC,     9, -3.934553707730e-01, 1.797693134862e+308, 6.0828e+00, 3.5165e-01, 
 2DIAGNOSTIC,    10, -3.934548436112e-01, 2.950388683920e-05, 6.3570e+00, 2.7424e-01, 
 2DIAGNOSTIC,    11, -3.934535151145e-01, 1.251788111734e-05, 6.6050e+00, 2.4798e-01, 
 2DIAGNOSTIC,    12, -3.934529104064e-01, 4.334109971887e-06, 6.8345e+00, 2.2947e-01, 
 2DIAGNOSTIC,    13, -3.934523312626e-01, 2.580302976729e-06, 7.0332e+00, 1.9874e-01, 
 2DIAGNOSTIC,    14, -3.934518641180e-01, 1.691075700791e-06, 7.2907e+00, 2.5746e-01, 
 2DIAGNOSTIC,    15, -3.934519734710e-01, 1.537715173416e-06, 7.5332e+00, 2.4250e-01, 
 2DIAGNOSTIC,    16, -3.934513609819e-01, 1.410839866531e-06, 7.7419e+00, 2.0874e-01, 
 2DIAGNOSTIC,    17, -3.934508380530e-01, 1.380509377306e-06, 7.9788e+00, 2.3693e-01, 
 2DIAGNOSTIC,    18, -3.934502560012e-01, 1.340256660369e-06, 8.1817e+00, 2.0282e-01, 
 2DIAGNOSTIC,    19, -3.934497852011e-01, 1.301860218988e-06, 8.4223e+00, 2.4064e-01, 
 2DIAGNOSTIC,    20, -3.934499621885e-01, 1.290039156998e-06, 8.6293e+00, 2.0701e-01, 
 2DIAGNOSTIC,    21, -3.934502605182e-01, 1.271710092260e-06, 8.8769e+00, 2.4758e-01, 
 2DIAGNOSTIC,    22, -3.934498715850e-01, 1.245514039107e-06, 9.1293e+00, 2.5242e-01, 
 2DIAGNOSTIC,    23, -3.934501307481e-01, 1.231426771213e-06, 9.3736e+00, 2.4431e-01, 
 2DIAGNOSTIC,    24, -3.934495535950e-01, 1.200792252187e-06, 9.5747e+00, 2.0110e-01, 
 2DIAGNOSTIC,    25, -3.934490927868e-01, 1.174527692493e-06, 9.7883e+00, 2.1353e-01, 
 2DIAGNOSTIC,    26, -3.934495816553e-01, 1.156238065639e-06, 1.0049e+01, 2.6092e-01, 
 2DIAGNOSTIC,    27, -3.934510333153e-01, 1.170201620229e-06, 1.0341e+01, 2.9181e-01, 
 2DIAGNOSTIC,    28, -3.934498670520e-01, 1.138214002716e-06, 1.0599e+01, 2.5788e-01, 
 2DIAGNOSTIC,    29, -3.934494068188e-01, 1.086573276229e-06, 1.0863e+01, 2.6457e-01, 
 2DIAGNOSTIC,    30, -3.934490071298e-01, 1.034518342907e-06, 1.1087e+01, 2.2342e-01, 
 2DIAGNOSTIC,    31, -3.934493552514e-01, 1.002859794097e-06, 1.1303e+01, 2.1660e-01, 
 2DIAGNOSTIC,    32, -3.934514389278e-01, 1.012150118905e-06, 1.1548e+01, 2.4460e-01, 
 2DIAGNOSTIC,    33, -3.934519791976e-01, 1.036072165478e-06, 1.1758e+01, 2.1031e-01, 
 2DIAGNOSTIC,    34, -3.934514162353e-01, 1.029043149442e-06, 1.1984e+01, 2.2558e-01, 
 2DIAGNOSTIC,    35, -3.934525148749e-01, 1.027695652422e-06, 1.2223e+01, 2.3950e-01, 
 2DIAGNOSTIC,    36, -3.934539684338e-01, 1.051995796229e-06, 1.2519e+01, 2.9598e-01, 
 2DIAGNOSTIC,    37, -3.934536117782e-01, 1.079271615578e-06, 1.2754e+01, 2.3434e-01, 
 2DIAGNOSTIC,    38, -3.934525131173e-01, 1.042002486719e-06, 1.2983e+01, 2.2973e-01, 
DIAGNOSTIC,Iteration,metricValue,convergenceValue,ITERATION_TIME_INDEX,SINCE_LAST
 2DIAGNOSTIC,     1, -3.660000232244e-01, 1.797693134862e+308, 1.5498e+01, 2.5143e+00, 
 2DIAGNOSTIC,     2, -3.661006045125e-01, 1.797693134862e+308, 1.7070e+01, 1.5726e+00, 
 2DIAGNOSTIC,     3, -3.661940053634e-01, 1.797693134862e+308, 1.8615e+01, 1.5444e+00, 
 2DIAGNOSTIC,     4, -3.662025644028e-01, 1.797693134862e+308, 2.1196e+01, 2.5813e+00, 
 2DIAGNOSTIC,     5, -3.662022977453e-01, 1.797693134862e+308, 2.3002e+01, 1.8063e+00, 
 2DIAGNOSTIC,     6, -3.662022733319e-01, 1.797693134862e+308, 2.4523e+01, 1.5201e+00, 
 2DIAGNOSTIC,     7, -3.662021510475e-01, 1.797693134862e+308, 2.6028e+01, 1.5056e+00, 
 2DIAGNOSTIC,     8, -3.662021104827e-01, 1.797693134862e+308, 2.7610e+01, 1.5820e+00, 
 2DIAGNOSTIC,     9, -3.662019867667e-01, 1.797693134862e+308, 2.9274e+01, 1.6634e+00, 
 2DIAGNOSTIC,    10, -3.662019340723e-01, 2.615306833147e-05, 3.0628e+01, 1.3548e+00, 
 2DIAGNOSTIC,    11, -3.662019021446e-01, 1.049208870746e-05, 3.2276e+01, 1.6478e+00, 
 2DIAGNOSTIC,    12, -3.662017877895e-01, 3.091360964727e-06, 3.3892e+01, 1.6157e+00, 
 2DIAGNOSTIC,    13, -3.662019075746e-01, 2.358435095648e-06, 3.5336e+01, 1.4439e+00, 
 2DIAGNOSTIC,    14, -3.662018587172e-01, 2.210206090522e-06, 3.6779e+01, 1.4427e+00, 
 2DIAGNOSTIC,    15, -3.662018920193e-01, 2.075386344266e-06, 3.8358e+01, 1.5791e+00, 
 2DIAGNOSTIC,    16, -3.662018421431e-01, 1.958104211150e-06, 3.9793e+01, 1.4358e+00, 
 2DIAGNOSTIC,    17, -3.662017315713e-01, 1.846828469425e-06, 4.1081e+01, 1.2877e+00, 
 2DIAGNOSTIC,    18, -3.662016584597e-01, 1.745449618902e-06, 4.2668e+01, 1.5874e+00, 
 2DIAGNOSTIC,    19, -3.662015876388e-01, 1.648798692744e-06, 4.4173e+01, 1.5041e+00, 
 2DIAGNOSTIC,    20, -3.662013733002e-01, 1.553843758988e-06, 4.5672e+01, 1.4991e+00, 
 2DIAGNOSTIC,    21, -3.662013255002e-01, 1.468744492285e-06, 4.7567e+01, 1.8952e+00, 
 2DIAGNOSTIC,    22, -3.662011170429e-01, 1.384171253394e-06, 4.9048e+01, 1.4811e+00, 
 2DIAGNOSTIC,    23, -3.662008967351e-01, 1.309503582902e-06, 5.0460e+01, 1.4116e+00, 
 2DIAGNOSTIC,    24, -3.662008589361e-01, 1.245216255351e-06, 5.1952e+01, 1.4921e+00, 
 2DIAGNOSTIC,    25, -3.662009022607e-01, 1.195923531823e-06, 5.3550e+01, 1.5986e+00, 
 2DIAGNOSTIC,    26, -3.662008588713e-01, 1.154782678391e-06, 5.4936e+01, 1.3858e+00, 
 2DIAGNOSTIC,    27, -3.662010887034e-01, 1.126687786769e-06, 5.6479e+01, 1.5426e+00, 
 2DIAGNOSTIC,    28, -3.662011545089e-01, 1.105168587659e-06, 5.8005e+01, 1.5267e+00, 
 2DIAGNOSTIC,    29, -3.662007271328e-01, 1.074819905064e-06, 5.9868e+01, 1.8621e+00, 
 2DIAGNOSTIC,    30, -3.662006710377e-01, 1.041888340686e-06, 6.1636e+01, 1.7686e+00, 
 2DIAGNOSTIC,    31, -3.662006079535e-01, 1.010052219010e-06, 6.3420e+01, 1.7838e+00, 
  Elapsed time (stage 0): 6.4345e+01


Total elapsed time: 6.4347e+01
Info [verificarlo]: loaded backend libinterflop_ieee.so
Info [interflop-ieee]: load backend with:
Info [interflop-ieee]: debug = false
Info [interflop-ieee]: debug-binary = false
Info [interflop-ieee]: no-backend-name = false
Info [interflop-ieee]: print-new-line = false
Info [interflop-ieee]: print-subnormal-normalized = false
Info [interflop-ieee]: count-op = false
All_Command_lines_OK
Using double precision for computations.
=============================================================================
The composite transform comprises the following transforms (in order): 
  1. /home/mdugre/scratch/mri-registration-rp/datasets/ds004513/derivatives/mri-registration-rp/0001/antsRegistration-r8-p17/sub-s014/rigid_Composite.h5[0] (type = Euler3DTransform)
  2. /home/mdugre/scratch/mri-registration-rp/datasets/ds004513/derivatives/mri-registration-rp/0001/antsRegistration-r8-p17/sub-s014/rigid_Composite.h5[1] (type = Euler3DTransform)
  3. /home/mdugre/scratch/mri-registration-rp/datasets/ds004513/derivatives/mri-registration-rp/0001/antsRegistration-r8-p17/sub-s014/rigid_Composite.h5[2] (type = Euler3DTransform)
=============================================================================
  number of levels = 4
  fixed image: /templateflow/tpl-MNI152NLin2009cAsym/tpl-MNI152NLin2009cAsym_res-01_desc-brain_T1w.nii.gz
  moving image: /home/mdugre/scratch/mri-registration-rp/datasets/ds004513/derivatives/mri-registration-rp/antsBrainExtraction/sub-s014/BrainExtractionBrain.nii.gz
Dimension = 3
Number of stages = 1
Use histogram matching = false
Winsorize image intensities = true
  Lower quantile = 0.005
  Upper quantile = 0.995


Stage 1 State
   Image metric = MattesMI
     Fixed image = Image (0x37ab7e0)
  RTTI typeinfo:   itk::Image<double, 3u>
  Reference Count: 2
  Modified Time: 1594
  Debug: Off
  Object Name: 
  Observers: 
    none
  Source: (none)
  Source output name: (none)
  Release Data: Off
  Data Released: False
  Global Release Data: Off
  PipelineMTime: 0
  UpdateMTime: 1203
  RealTimeStamp: 0 seconds 
  LargestPossibleRegion: 
    Dimension: 3
    Index: [0, 0, 0]
    Size: [193, 229, 193]
  BufferedRegion: 
    Dimension: 3
    Index: [0, 0, 0]
    Size: [193, 229, 193]
  RequestedRegion: 
    Dimension: 3
    Index: [0, 0, 0]
    Size: [193, 229, 193]
  Spacing: [1, 1, 1]
  Origin: [96, 132, -78]
  Direction: 
-1 0 0
0 -1 0
0 0 1

  IndexToPointMatrix: 
-1 0 0
0 -1 0
0 0 1

  PointToIndexMatrix: 
-1 0 0
0 -1 0
0 0 1

  Inverse Direction: 
-1 0 0
0 -1 0
0 0 1

  PixelContainer: 
    ImportImageContainer (0x386ba20)
      RTTI typeinfo:   itk::ImportImageContainer<unsigned long, double>
      Reference Count: 1
      Modified Time: 1200
      Debug: Off
      Object Name: 
      Observers: 
        none
      Pointer: 0x1456712af010
      Container manages memory: true
      Size: 8530021
      Capacity: 8530021

     Moving image = Image (0x3866d70)
  RTTI typeinfo:   itk::Image<double, 3u>
  Reference Count: 2
  Modified Time: 1595
  Debug: Off
  Object Name: 
  Observers: 
    none
  Source: (none)
  Source output name: (none)
  Release Data: Off
  Data Released: False
  Global Release Data: Off
  PipelineMTime: 0
  UpdateMTime: 1592
  RealTimeStamp: 0 seconds 
  LargestPossibleRegion: 
    Dimension: 3
    Index: [0, 0, 0]
    Size: [160, 240, 256]
  BufferedRegion: 
    Dimension: 3
    Index: [0, 0, 0]
    Size: [160, 240, 256]
  RequestedRegion: 
    Dimension: 3
    Index: [0, 0, 0]
    Size: [160, 240, 256]
  Spacing: [0.999999, 1, 1]
  Origin: [84.1637, 106.709, -120.531]
  Direction: 
-0.999619 -0.0226874 -0.0157033
0.0226846 -0.999743 0.00035635
-0.0157073 -7.8229e-09 0.999877

  IndexToPointMatrix: 
-0.999619 -0.0226874 -0.0157033
0.0226845 -0.999743 0.00035635
-0.0157073 -7.8229e-09 0.999877

  PointToIndexMatrix: 
-0.99962 0.0226846 -0.0157073
-0.0226874 -0.999743 -7.83127e-09
-0.0157033 0.00035635 0.999877

  Inverse Direction: 
-0.999619 0.0226846 -0.0157073
-0.0226874 -0.999743 -7.83127e-09
-0.0157033 0.00035635 0.999877

  PixelContainer: 
    ImportImageContainer (0x381ec90)
      RTTI typeinfo:   itk::ImportImageContainer<unsigned long, double>
      Reference Count: 1
      Modified Time: 1589
      Debug: Off
      Object Name: 
      Observers: 
        none
      Pointer: 0x14566c7ae010
      Container manages memory: true
      Size: 9830400
      Capacity: 9830400

     Weighting = 1
     Sampling strategy = regular
     Number of bins = 32
     Radius = 4
     Sampling percentage  = 0.25
   Transform = Affine
     Gradient step = 0.1
     Update field sigma (voxel space) = 0
     Total field sigma (voxel space) = 0
     Update field time sigma = 0
     Total field time sigma  = 0
     Number of time indices = 0
     Number of time point samples = 0
Registration using 1 total stages.

Stage 0
  iterations = 1000x500x250x100
  convergence threshold = 1e-06
  convergence window size = 10
  number of levels = 4
  using the Mattes MI metric (number of bins = 32, weight = 1, use gradient filter = 0)
  preprocessing:  winsorizing the image intensities
  Shrink factors (level 1 out of 4): [8, 8, 8]
  Shrink factors (level 2 out of 4): [4, 4, 4]
  Shrink factors (level 3 out of 4): [2, 2, 2]
  Shrink factors (level 4 out of 4): [1, 1, 1]
  smoothing sigmas per level: [3, 2, 1, 0]
  regular sampling (percentage = 0.25)

*** Running AffineTransform registration ***

DIAGNOSTIC,Iteration,metricValue,convergenceValue,ITERATION_TIME_INDEX,SINCE_LAST
 2DIAGNOSTIC,     1, -5.239750084266e-01, 1.797693134862e+308, 7.4471e-01, 7.4471e-01, 
 2DIAGNOSTIC,     2, -5.258640015204e-01, 1.797693134862e+308, 7.4946e-01, 4.7491e-03, 
 2DIAGNOSTIC,     3, -5.291088182073e-01, 1.797693134862e+308, 7.5430e-01, 4.8392e-03, 
 2DIAGNOSTIC,     4, -5.347710743314e-01, 1.797693134862e+308, 7.5877e-01, 4.4701e-03, 
 2DIAGNOSTIC,     5, -5.449383438875e-01, 1.797693134862e+308, 7.6308e-01, 4.3070e-03, 
 2DIAGNOSTIC,     6, -6.215306527380e-01, 1.797693134862e+308, 7.6778e-01, 4.7069e-03, 
 2DIAGNOSTIC,     7, -6.633611292254e-01, 1.797693134862e+308, 7.7273e-01, 4.9489e-03, 
 2DIAGNOSTIC,     8, -7.298997691735e-01, 1.797693134862e+308, 7.7941e-01, 6.6791e-03, 
 2DIAGNOSTIC,     9, -7.422521161033e-01, 1.797693134862e+308, 7.8421e-01, 4.8010e-03, 
 2DIAGNOSTIC,    10, -7.541338370854e-01, 2.915590566297e-02, 7.8950e-01, 5.2841e-03, 
 2DIAGNOSTIC,    11, -7.649022077596e-01, 2.764847353725e-02, 7.9542e-01, 5.9211e-03, 
 2DIAGNOSTIC,    12, -7.741614065442e-01, 2.434791053806e-02, 8.0249e-01, 7.0691e-03, 
 2DIAGNOSTIC,    13, -7.770753268795e-01, 1.968342456800e-02, 8.0823e-01, 5.7490e-03, 
 2DIAGNOSTIC,    14, -7.814245212291e-01, 1.436953246357e-02, 8.1346e-01, 5.2280e-03, 
 2DIAGNOSTIC,    15, -7.874240660889e-01, 9.014371023403e-03, 8.1970e-01, 6.2380e-03, 
 2DIAGNOSTIC,    16, -7.920937745732e-01, 5.733377638226e-03, 8.2482e-01, 5.1191e-03, 
 2DIAGNOSTIC,    17, -7.957349244573e-01, 3.442740936379e-03, 8.3001e-01, 5.1861e-03, 
 2DIAGNOSTIC,    18, -8.010581206187e-01, 2.769030022667e-03, 8.3633e-01, 6.3272e-03, 
 2DIAGNOSTIC,    19, -8.020623515365e-01, 2.204697777407e-03, 8.4200e-01, 5.6660e-03, 
 2DIAGNOSTIC,    20, -8.025883825747e-01, 1.748761395509e-03, 8.4709e-01, 5.0931e-03, 
 2DIAGNOSTIC,    21, -8.047943738881e-01, 1.424896183312e-03, 8.5261e-01, 5.5201e-03, 
 2DIAGNOSTIC,    22, -8.088007552803e-01, 1.241416314857e-03, 8.5880e-01, 6.1891e-03, 
 2DIAGNOSTIC,    23, -8.108207145939e-01, 1.042837781193e-03, 8.6356e-01, 4.7610e-03, 
 2DIAGNOSTIC,    24, -8.126140399862e-01, 8.656001224775e-04, 8.6870e-01, 5.1370e-03, 
 2DIAGNOSTIC,    25, -8.155479301200e-01, 7.639381433382e-04, 8.7439e-01, 5.6920e-03, 
 2DIAGNOSTIC,    26, -8.214984903274e-01, 7.573792334094e-04, 8.7948e-01, 5.0871e-03, 
 2DIAGNOSTIC,    27, -8.250858525107e-01, 7.797817879850e-04, 8.8517e-01, 5.6961e-03, 
 2DIAGNOSTIC,    28, -8.288814972114e-01, 8.527613673695e-04, 8.9203e-01, 6.8600e-03, 
 2DIAGNOSTIC,    29, -8.297075920347e-01, 8.650857756224e-04, 8.9715e-01, 5.1169e-03, 
 2DIAGNOSTIC,    30, -8.333696506789e-01, 8.487883857491e-04, 9.0225e-01, 5.0941e-03, 
 2DIAGNOSTIC,    31, -8.366857877204e-01, 8.189575570287e-04, 9.0789e-01, 5.6441e-03, 
 2DIAGNOSTIC,    32, -8.378436400569e-01, 7.738985565963e-04, 9.1298e-01, 5.0950e-03, 
 2DIAGNOSTIC,    33, -8.386424935167e-01, 6.919706046375e-04, 9.1869e-01, 5.7032e-03, 
 2DIAGNOSTIC,    34, -8.393215096413e-01, 5.780355889480e-04, 9.2510e-01, 6.4120e-03, 
 2DIAGNOSTIC,    35, -8.396577162887e-01, 4.504082956070e-04, 9.3021e-01, 5.1141e-03, 
 2DIAGNOSTIC,    36, -8.402333130871e-01, 3.549348041319e-04, 9.3522e-01, 5.0032e-03, 
 2DIAGNOSTIC,    37, -8.406978865307e-01, 2.717775252948e-04, 9.4025e-01, 5.0290e-03, 
 2DIAGNOSTIC,    38, -8.411690761264e-01, 2.101312088260e-04, 9.4583e-01, 5.5861e-03, 
 2DIAGNOSTIC,    39, -8.413401140703e-01, 1.410144619797e-04, 9.5081e-01, 4.9791e-03, 
 2DIAGNOSTIC,    40, -8.419729934988e-01, 1.015552380632e-04, 9.5687e-01, 6.0630e-03, 
 2DIAGNOSTIC,    41, -8.420466819367e-01, 8.492394840849e-05, 9.6191e-01, 5.0371e-03, 
 2DIAGNOSTIC,    42, -8.422140360148e-01, 7.269058456577e-05, 9.6756e-01, 5.6472e-03, 
 2DIAGNOSTIC,    43, -8.430122270021e-01, 6.782730312409e-05, 9.7321e-01, 5.6551e-03, 
 2DIAGNOSTIC,    44, -8.433497024370e-01, 6.512454990022e-05, 9.7987e-01, 6.6609e-03, 
 2DIAGNOSTIC,    45, -8.434626313119e-01, 5.997542843954e-05, 9.8593e-01, 6.0549e-03, 
 2DIAGNOSTIC,    46, -8.431283178389e-01, 5.137475943937e-05, 9.9147e-01, 5.5420e-03, 
 2DIAGNOSTIC,    47, -8.429189569944e-01, 4.039050715521e-05, 9.9652e-01, 5.0471e-03, 
 2DIAGNOSTIC,    48, -8.428504842121e-01, 2.911411231054e-05, 1.0021e+00, 5.5540e-03, 
 2DIAGNOSTIC,    49, -8.426443912026e-01, 1.513756782055e-05, 1.0076e+00, 5.5470e-03, 
 2DIAGNOSTIC,    50, -8.425679553409e-01, 4.522819529562e-06, 1.0126e+00, 4.9329e-03, 
DIAGNOSTIC,Iteration,metricValue,convergenceValue,ITERATION_TIME_INDEX,SINCE_LAST
 2DIAGNOSTIC,     1, -6.903083138880e-01, 1.797693134862e+308, 1.7408e+00, 7.2828e-01, 
 2DIAGNOSTIC,     2, -6.911057236838e-01, 1.797693134862e+308, 1.7787e+00, 3.7891e-02, 
 2DIAGNOSTIC,     3, -6.915906473734e-01, 1.797693134862e+308, 1.8169e+00, 3.8199e-02, 
 2DIAGNOSTIC,     4, -6.918670314589e-01, 1.797693134862e+308, 1.8548e+00, 3.7856e-02, 
 2DIAGNOSTIC,     5, -6.922838643134e-01, 1.797693134862e+308, 1.8921e+00, 3.7346e-02, 
 2DIAGNOSTIC,     6, -6.926847869988e-01, 1.797693134862e+308, 1.9296e+00, 3.7450e-02, 
 2DIAGNOSTIC,     7, -6.933939378785e-01, 1.797693134862e+308, 1.9794e+00, 4.9792e-02, 
 2DIAGNOSTIC,     8, -6.936913101605e-01, 1.797693134862e+308, 2.0458e+00, 6.6476e-02, 
 2DIAGNOSTIC,     9, -6.936822798399e-01, 1.797693134862e+308, 2.0830e+00, 3.7116e-02, 
 2DIAGNOSTIC,    10, -6.936751308875e-01, 3.262779604696e-04, 2.1247e+00, 4.1775e-02, 
 2DIAGNOSTIC,    11, -6.936658395195e-01, 2.427795654075e-04, 2.1626e+00, 3.7819e-02, 
 2DIAGNOSTIC,    12, -6.936705745832e-01, 1.785142534552e-04, 2.2062e+00, 4.3685e-02, 
 2DIAGNOSTIC,    13, -6.936733623942e-01, 1.235271823453e-04, 2.2501e+00, 4.3816e-02, 
 2DIAGNOSTIC,    14, -6.936504439784e-01, 7.293458384190e-05, 2.2881e+00, 3.8076e-02, 
 2DIAGNOSTIC,    15, -6.936532025087e-01, 3.419818928158e-05, 2.3300e+00, 4.1826e-02, 
 2DIAGNOSTIC,    16, -6.936551109927e-01, 7.258206098149e-06, 2.3681e+00, 3.8142e-02, 
DIAGNOSTIC,Iteration,metricValue,convergenceValue,ITERATION_TIME_INDEX,SINCE_LAST
 2DIAGNOSTIC,     1, -5.887293688539e-01, 1.797693134862e+308, 3.5167e+00, 1.1486e+00, 
 2DIAGNOSTIC,     2, -5.893467438494e-01, 1.797693134862e+308, 3.7955e+00, 2.7885e-01, 
 2DIAGNOSTIC,     3, -5.900328263189e-01, 1.797693134862e+308, 4.0733e+00, 2.7777e-01, 
 2DIAGNOSTIC,     4, -5.908689415201e-01, 1.797693134862e+308, 4.3477e+00, 2.7436e-01, 
 2DIAGNOSTIC,     5, -5.918335118415e-01, 1.797693134862e+308, 4.5975e+00, 2.4981e-01, 
 2DIAGNOSTIC,     6, -5.925721757304e-01, 1.797693134862e+308, 4.9340e+00, 3.3650e-01, 
 2DIAGNOSTIC,     7, -5.925964050414e-01, 1.797693134862e+308, 5.2385e+00, 3.0455e-01, 
 2DIAGNOSTIC,     8, -5.926969998266e-01, 1.797693134862e+308, 5.6007e+00, 3.6219e-01, 
 2DIAGNOSTIC,     9, -5.929678231129e-01, 1.797693134862e+308, 6.0748e+00, 4.7409e-01, 
 2DIAGNOSTIC,    10, -5.929683461083e-01, 4.933835573742e-04, 6.4839e+00, 4.0910e-01, 
 2DIAGNOSTIC,    11, -5.929664006619e-01, 3.551206448999e-04, 6.8361e+00, 3.5218e-01, 
 2DIAGNOSTIC,    12, -5.929640753869e-01, 2.332753640194e-04, 7.0935e+00, 2.5741e-01, 
 2DIAGNOSTIC,    13, -5.929630555127e-01, 1.345870826863e-04, 7.4035e+00, 3.0999e-01, 
 2DIAGNOSTIC,    14, -5.929632036873e-01, 6.590444988978e-05, 7.6821e+00, 2.7860e-01, 
 2DIAGNOSTIC,    15, -5.929622283692e-01, 3.077868611226e-05, 7.9706e+00, 2.8847e-01, 
 2DIAGNOSTIC,    16, -5.929638013320e-01, 1.978299955940e-05, 8.2509e+00, 2.8036e-01, 
 2DIAGNOSTIC,    17, -5.929607188236e-01, 9.053068794909e-06, 8.5094e+00, 2.5852e-01, 
 2DIAGNOSTIC,    18, -5.929616801622e-01, 1.357232732771e-06, 8.7944e+00, 2.8498e-01, 
 2DIAGNOSTIC,    19, -5.929605326310e-01, 1.320083943955e-06, 9.0836e+00, 2.8921e-01, 
 2DIAGNOSTIC,    20, -5.929600943977e-01, 1.322166438382e-06, 9.3436e+00, 2.5994e-01, 
 2DIAGNOSTIC,    21, -5.929601414755e-01, 1.307222056719e-06, 9.6708e+00, 3.2724e-01, 
 2DIAGNOSTIC,    22, -5.929618440077e-01, 1.300302885525e-06, 1.0131e+01, 4.6013e-01, 
 2DIAGNOSTIC,    23, -5.929619159932e-01, 1.287030746526e-06, 1.0467e+01, 3.3565e-01, 
 2DIAGNOSTIC,    24, -5.929607454696e-01, 1.264234990139e-06, 1.0722e+01, 2.5553e-01, 
 2DIAGNOSTIC,    25, -5.929596108772e-01, 1.208783402463e-06, 1.1021e+01, 2.9875e-01, 
 2DIAGNOSTIC,    26, -5.929585362971e-01, 1.174660260755e-06, 1.1352e+01, 3.3132e-01, 
