
##########################
# Experiment information #
##########################

EXPERIMENT_NAME: antsRegistration-r8-p21
VFC_BACKENDS: libinterflop_vprec.so --range-binary32=8 --precision-binary32=21 --range-binary64=8 --precision-binary64=21

SIF_IMG: /home/mdugre/projects/rrg-glatard/mdugre/containers/ants-vprec-no_metrics.simg

SUBJECT_ID: s014
INPUT_IMG: /home/mdugre/scratch/mri-registration-rp/datasets/ds004513/derivatives/mri-registration-rp/antsBrainExtraction/sub-s014/BrainExtractionBrain.nii.gz
OUTPUT_DIR: /home/mdugre/scratch/mri-registration-rp/datasets/ds004513/derivatives/mri-registration-rp/0001/antsRegistration-r8-p21/sub-s014

FIXED_IMG: /templateflow/tpl-MNI152NLin2009cAsym/tpl-MNI152NLin2009cAsym_res-01_desc-brain_T1w.nii.gz
DATA_DIR: /home/mdugre/scratch/mri-registration-rp/datasets/ds004513
TEMPLATEFLOW_DIR: /home/mdugre/projects/rrg-glatard/mdugre/templateflow
ITK_GLOBAL_DEFAULT_NUMBER_OF_THREADS: 16
##########################

Info [verificarlo]: loaded backend libinterflop_ieee.so
Info [interflop-ieee]: load backend with:
Info [interflop-ieee]: debug = false
Info [interflop-ieee]: debug-binary = false
Info [interflop-ieee]: no-backend-name = false
Info [interflop-ieee]: print-new-line = false
Info [interflop-ieee]: print-subnormal-normalized = false
Info [interflop-ieee]: count-op = false
All_Command_lines_OK
Using double precision for computations.
=============================================================================
The composite transform comprises the following transforms (in order): 
  1. Center of mass alignment using fixed image: /templateflow/tpl-MNI152NLin2009cAsym/tpl-MNI152NLin2009cAsym_res-01_desc-brain_T1w.nii.gz and moving image: /home/mdugre/scratch/mri-registration-rp/datasets/ds004513/derivatives/mri-registration-rp/antsBrainExtraction/sub-s014/BrainExtractionBrain.nii.gz (type = Euler3DTransform)
=============================================================================
  number of levels = 1
  fixed image: /templateflow/tpl-MNI152NLin2009cAsym/tpl-MNI152NLin2009cAsym_res-01_desc-brain_T1w.nii.gz
  moving image: /home/mdugre/scratch/mri-registration-rp/datasets/ds004513/derivatives/mri-registration-rp/antsBrainExtraction/sub-s014/BrainExtractionBrain.nii.gz
Dimension = 3
Number of stages = 1
Use histogram matching = false
Winsorize image intensities = true
  Lower quantile = 0.005
  Upper quantile = 0.995


Stage 1 State
   Image metric = MattesMI
     Fixed image = Image (0x40cbe70)
  RTTI typeinfo:   itk::Image<double, 3u>
  Reference Count: 2
  Modified Time: 2334
  Debug: Off
  Object Name: 
  Observers: 
    none
  Source: (none)
  Source output name: (none)
  Release Data: Off
  Data Released: False
  Global Release Data: Off
  PipelineMTime: 0
  UpdateMTime: 1943
  RealTimeStamp: 0 seconds 
  LargestPossibleRegion: 
    Dimension: 3
    Index: [0, 0, 0]
    Size: [193, 229, 193]
  BufferedRegion: 
    Dimension: 3
    Index: [0, 0, 0]
    Size: [193, 229, 193]
  RequestedRegion: 
    Dimension: 3
    Index: [0, 0, 0]
    Size: [193, 229, 193]
  Spacing: [1, 1, 1]
  Origin: [96, 132, -78]
  Direction: 
-1 0 0
0 -1 0
0 0 1

  IndexToPointMatrix: 
-1 0 0
0 -1 0
0 0 1

  PointToIndexMatrix: 
-1 0 0
0 -1 0
0 0 1

  Inverse Direction: 
-1 0 0
0 -1 0
0 0 1

  PixelContainer: 
    ImportImageContainer (0x40d8140)
      RTTI typeinfo:   itk::ImportImageContainer<unsigned long, double>
      Reference Count: 1
      Modified Time: 1940
      Debug: Off
      Object Name: 
      Observers: 
        none
      Pointer: 0x14f3f2d18010
      Container manages memory: true
      Size: 8530021
      Capacity: 8530021

     Moving image = Image (0x40d5310)
  RTTI typeinfo:   itk::Image<double, 3u>
  Reference Count: 2
  Modified Time: 2335
  Debug: Off
  Object Name: 
  Observers: 
    none
  Source: (none)
  Source output name: (none)
  Release Data: Off
  Data Released: False
  Global Release Data: Off
  PipelineMTime: 0
  UpdateMTime: 2332
  RealTimeStamp: 0 seconds 
  LargestPossibleRegion: 
    Dimension: 3
    Index: [0, 0, 0]
    Size: [160, 240, 256]
  BufferedRegion: 
    Dimension: 3
    Index: [0, 0, 0]
    Size: [160, 240, 256]
  RequestedRegion: 
    Dimension: 3
    Index: [0, 0, 0]
    Size: [160, 240, 256]
  Spacing: [0.999999, 1, 1]
  Origin: [84.1637, 106.709, -120.531]
  Direction: 
-0.999619 -0.0226874 -0.0157033
0.0226846 -0.999743 0.00035635
-0.0157073 -7.8229e-09 0.999877

  IndexToPointMatrix: 
-0.999619 -0.0226874 -0.0157033
0.0226845 -0.999743 0.00035635
-0.0157073 -7.8229e-09 0.999877

  PointToIndexMatrix: 
-0.99962 0.0226846 -0.0157073
-0.0226874 -0.999743 -7.83127e-09
-0.0157033 0.00035635 0.999877

  Inverse Direction: 
-0.999619 0.0226846 -0.0157073
-0.0226874 -0.999743 -7.83127e-09
-0.0157033 0.00035635 0.999877

  PixelContainer: 
    ImportImageContainer (0x4200610)
      RTTI typeinfo:   itk::ImportImageContainer<unsigned long, double>
      Reference Count: 1
      Modified Time: 2329
      Debug: Off
      Object Name: 
      Observers: 
        none
      Pointer: 0x14f3ee217010
      Container manages memory: true
      Size: 9830400
      Capacity: 9830400

     Weighting = 1
     Sampling strategy = regular
     Number of bins = 32
     Radius = 4
     Sampling percentage  = 0.25
   Transform = Rigid
     Gradient step = 0.1
     Update field sigma (voxel space) = 0
     Total field sigma (voxel space) = 0
     Update field time sigma = 0
     Total field time sigma  = 0
     Number of time indices = 0
     Number of time point samples = 0
Registration using 1 total stages.

Stage 0
  iterations = 0
  convergence threshold = 1e-06
  convergence window size = 10
  number of levels = 1
  using the Mattes MI metric (number of bins = 32, weight = 1, use gradient filter = 0)
  preprocessing:  winsorizing the image intensities
  Shrink factors (level 1 out of 1): [1, 1, 1]
  smoothing sigmas per level: [0]
  regular sampling (percentage = 0.25)

*** Running Euler3DTransform registration ***

  Elapsed time (stage 0): 1.1177


Total elapsed time: 1.12527
Info [verificarlo]: loaded backend libinterflop_ieee.so
Info [interflop-ieee]: load backend with:
Info [interflop-ieee]: debug = false
Info [interflop-ieee]: debug-binary = false
Info [interflop-ieee]: no-backend-name = false
Info [interflop-ieee]: print-new-line = false
Info [interflop-ieee]: print-subnormal-normalized = false
Info [interflop-ieee]: count-op = false
All_Command_lines_OK
Using double precision for computations.
=============================================================================
The composite transform comprises the following transforms (in order): 
  1. /home/mdugre/scratch/mri-registration-rp/datasets/ds004513/derivatives/mri-registration-rp/0001/antsRegistration-r8-p21/sub-s014/align_Composite.h5[0] (type = Euler3DTransform)
  2. /home/mdugre/scratch/mri-registration-rp/datasets/ds004513/derivatives/mri-registration-rp/0001/antsRegistration-r8-p21/sub-s014/align_Composite.h5[1] (type = Euler3DTransform)
=============================================================================
  number of levels = 4
  fixed image: /templateflow/tpl-MNI152NLin2009cAsym/tpl-MNI152NLin2009cAsym_res-01_desc-brain_T1w.nii.gz
  moving image: /home/mdugre/scratch/mri-registration-rp/datasets/ds004513/derivatives/mri-registration-rp/antsBrainExtraction/sub-s014/BrainExtractionBrain.nii.gz
Dimension = 3
Number of stages = 1
Use histogram matching = false
Winsorize image intensities = true
  Lower quantile = 0.005
  Upper quantile = 0.995


Stage 1 State
   Image metric = MattesMI
     Fixed image = Image (0x3a2b530)
  RTTI typeinfo:   itk::Image<double, 3u>
  Reference Count: 2
  Modified Time: 1580
  Debug: Off
  Object Name: 
  Observers: 
    none
  Source: (none)
  Source output name: (none)
  Release Data: Off
  Data Released: False
  Global Release Data: Off
  PipelineMTime: 0
  UpdateMTime: 1189
  RealTimeStamp: 0 seconds 
  LargestPossibleRegion: 
    Dimension: 3
    Index: [0, 0, 0]
    Size: [193, 229, 193]
  BufferedRegion: 
    Dimension: 3
    Index: [0, 0, 0]
    Size: [193, 229, 193]
  RequestedRegion: 
    Dimension: 3
    Index: [0, 0, 0]
    Size: [193, 229, 193]
  Spacing: [1, 1, 1]
  Origin: [96, 132, -78]
  Direction: 
-1 0 0
0 -1 0
0 0 1

  IndexToPointMatrix: 
-1 0 0
0 -1 0
0 0 1

  PointToIndexMatrix: 
-1 0 0
0 -1 0
0 0 1

  Inverse Direction: 
-1 0 0
0 -1 0
0 0 1

  PixelContainer: 
    ImportImageContainer (0x3ae9d60)
      RTTI typeinfo:   itk::ImportImageContainer<unsigned long, double>
      Reference Count: 1
      Modified Time: 1186
      Debug: Off
      Object Name: 
      Observers: 
        none
      Pointer: 0x14dbe142d010
      Container manages memory: true
      Size: 8530021
      Capacity: 8530021

     Moving image = Image (0x3adbf60)
  RTTI typeinfo:   itk::Image<double, 3u>
  Reference Count: 2
  Modified Time: 1581
  Debug: Off
  Object Name: 
  Observers: 
    none
  Source: (none)
  Source output name: (none)
  Release Data: Off
  Data Released: False
  Global Release Data: Off
  PipelineMTime: 0
  UpdateMTime: 1578
  RealTimeStamp: 0 seconds 
  LargestPossibleRegion: 
    Dimension: 3
    Index: [0, 0, 0]
    Size: [160, 240, 256]
  BufferedRegion: 
    Dimension: 3
    Index: [0, 0, 0]
    Size: [160, 240, 256]
  RequestedRegion: 
    Dimension: 3
    Index: [0, 0, 0]
    Size: [160, 240, 256]
  Spacing: [0.999999, 1, 1]
  Origin: [84.1637, 106.709, -120.531]
  Direction: 
-0.999619 -0.0226874 -0.0157033
0.0226846 -0.999743 0.00035635
-0.0157073 -7.8229e-09 0.999877

  IndexToPointMatrix: 
-0.999619 -0.0226874 -0.0157033
0.0226845 -0.999743 0.00035635
-0.0157073 -7.8229e-09 0.999877

  PointToIndexMatrix: 
-0.99962 0.0226846 -0.0157073
-0.0226874 -0.999743 -7.83127e-09
-0.0157033 0.00035635 0.999877

  Inverse Direction: 
-0.999619 0.0226846 -0.0157073
-0.0226874 -0.999743 -7.83127e-09
-0.0157033 0.00035635 0.999877

  PixelContainer: 
    ImportImageContainer (0x3acd6d0)
      RTTI typeinfo:   itk::ImportImageContainer<unsigned long, double>
      Reference Count: 1
      Modified Time: 1575
      Debug: Off
      Object Name: 
      Observers: 
        none
      Pointer: 0x14dbdc92c010
      Container manages memory: true
      Size: 9830400
      Capacity: 9830400

     Weighting = 1
     Sampling strategy = regular
     Number of bins = 32
     Radius = 4
     Sampling percentage  = 0.25
   Transform = Rigid
     Gradient step = 0.1
     Update field sigma (voxel space) = 0
     Total field sigma (voxel space) = 0
     Update field time sigma = 0
     Total field time sigma  = 0
     Number of time indices = 0
     Number of time point samples = 0
Registration using 1 total stages.

Stage 0
  iterations = 1000x500x250x100
  convergence threshold = 1e-06
  convergence window size = 10
  number of levels = 4
  using the Mattes MI metric (number of bins = 32, weight = 1, use gradient filter = 0)
  preprocessing:  winsorizing the image intensities
  Shrink factors (level 1 out of 4): [8, 8, 8]
  Shrink factors (level 2 out of 4): [4, 4, 4]
  Shrink factors (level 3 out of 4): [2, 2, 2]
  Shrink factors (level 4 out of 4): [1, 1, 1]
  smoothing sigmas per level: [3, 2, 1, 0]
  regular sampling (percentage = 0.25)

*** Running Euler3DTransform registration ***

DIAGNOSTIC,Iteration,metricValue,convergenceValue,ITERATION_TIME_INDEX,SINCE_LAST
 2DIAGNOSTIC,     1, -4.770821406565e-01, 1.797693134862e+308, 8.4539e-01, 8.4539e-01, 
 2DIAGNOSTIC,     2, -4.784216133942e-01, 1.797693134862e+308, 8.5068e-01, 5.2960e-03, 
 2DIAGNOSTIC,     3, -4.807043200681e-01, 1.797693134862e+308, 8.5564e-01, 4.9610e-03, 
 2DIAGNOSTIC,     4, -4.840264478065e-01, 1.797693134862e+308, 8.6051e-01, 4.8630e-03, 
 2DIAGNOSTIC,     5, -4.883050305770e-01, 1.797693134862e+308, 8.6541e-01, 4.9040e-03, 
 2DIAGNOSTIC,     6, -4.953560426371e-01, 1.797693134862e+308, 8.7515e-01, 9.7370e-03, 
 2DIAGNOSTIC,     7, -5.007350570384e-01, 1.797693134862e+308, 8.7994e-01, 4.7941e-03, 
 2DIAGNOSTIC,     8, -5.013278569503e-01, 1.797693134862e+308, 8.8478e-01, 4.8351e-03, 
 2DIAGNOSTIC,     9, -5.085255256006e-01, 1.797693134862e+308, 8.9162e-01, 6.8431e-03, 
 2DIAGNOSTIC,    10, -5.161992633656e-01, 5.125196520979e-03, 8.9879e-01, 7.1721e-03, 
 2DIAGNOSTIC,    11, -5.167072941437e-01, 4.879252931146e-03, 9.0379e-01, 4.9961e-03, 
 2DIAGNOSTIC,    12, -5.203629876260e-01, 4.481282734469e-03, 9.0901e-01, 5.2280e-03, 
 2DIAGNOSTIC,    13, -5.229718709777e-01, 3.958672533580e-03, 9.1404e-01, 5.0280e-03, 
 2DIAGNOSTIC,    14, -5.250338110830e-01, 3.368007801725e-03, 9.2035e-01, 6.3069e-03, 
 2DIAGNOSTIC,    15, -5.272078697649e-01, 2.786121483398e-03, 9.2833e-01, 7.9811e-03, 
 2DIAGNOSTIC,    16, -5.275715603979e-01, 2.284098302175e-03, 9.3339e-01, 5.0590e-03, 
 2DIAGNOSTIC,    17, -5.282507656512e-01, 1.839921123753e-03, 9.3834e-01, 4.9529e-03, 
 2DIAGNOSTIC,    18, -5.289722876066e-01, 1.313912041907e-03, 9.4381e-01, 5.4688e-03, 
 2DIAGNOSTIC,    19, -5.292207410111e-01, 9.370568707406e-04, 9.5442e-01, 1.0609e-02, 
 2DIAGNOSTIC,    20, -5.294476960672e-01, 7.341365573354e-04, 9.6026e-01, 5.8441e-03, 
 2DIAGNOSTIC,    21, -5.294955840903e-01, 4.966190831843e-04, 9.6516e-01, 4.8990e-03, 
 2DIAGNOSTIC,    22, -5.295366245031e-01, 3.281311959270e-04, 9.7062e-01, 5.4538e-03, 
 2DIAGNOSTIC,    23, -5.295376311909e-01, 2.063244245582e-04, 9.7601e-01, 5.3971e-03, 
 2DIAGNOSTIC,    24, -5.295911249028e-01, 1.234508389467e-04, 9.8183e-01, 5.8150e-03, 
 2DIAGNOSTIC,    25, -5.296271130651e-01, 8.499150549943e-05, 9.8736e-01, 5.5320e-03, 
 2DIAGNOSTIC,    26, -5.296539599383e-01, 4.983583932740e-05, 9.9254e-01, 5.1780e-03, 
 2DIAGNOSTIC,    27, -5.297704229808e-01, 2.877322815807e-05, 9.9740e-01, 4.8590e-03, 
 2DIAGNOSTIC,    28, -5.299884954862e-01, 2.504887531208e-05, 1.0042e+00, 6.7749e-03, 
 2DIAGNOSTIC,    29, -5.300854192462e-01, 2.569611951708e-05, 1.0099e+00, 5.7440e-03, 
 2DIAGNOSTIC,    30, -5.300410324621e-01, 2.732899343813e-05, 1.0147e+00, 4.8130e-03, 
 2DIAGNOSTIC,    31, -5.300376932141e-01, 2.724560547912e-05, 1.0198e+00, 5.0581e-03, 
 2DIAGNOSTIC,    32, -5.301686264233e-01, 2.763232918861e-05, 1.0247e+00, 4.9541e-03, 
 2DIAGNOSTIC,    33, -5.303926738421e-01, 2.905769097175e-05, 1.0310e+00, 6.2740e-03, 
 2DIAGNOSTIC,    34, -5.304519664602e-01, 2.945835349363e-05, 1.0372e+00, 6.2129e-03, 
 2DIAGNOSTIC,    35, -5.305073139184e-01, 2.868169330504e-05, 1.0422e+00, 4.9350e-03, 
 2DIAGNOSTIC,    36, -5.305686017148e-01, 2.670517375397e-05, 1.0473e+00, 5.1610e-03, 
 2DIAGNOSTIC,    37, -5.306602858943e-01, 2.533264914420e-05, 1.0539e+00, 6.5968e-03, 
 2DIAGNOSTIC,    38, -5.306881156232e-01, 2.512162425887e-05, 1.0630e+00, 9.0790e-03, 
 2DIAGNOSTIC,    39, -5.307317416636e-01, 2.461885299324e-05, 1.0684e+00, 5.4240e-03, 
 2DIAGNOSTIC,    40, -5.308225091355e-01, 2.257034276665e-05, 1.0756e+00, 7.1611e-03, 
 2DIAGNOSTIC,    41, -5.308460424125e-01, 1.877385525952e-05, 1.0804e+00, 4.7669e-03, 
 2DIAGNOSTIC,    42, -5.308561837321e-01, 1.520831956917e-05, 1.0851e+00, 4.7810e-03, 
 2DIAGNOSTIC,    43, -5.308777649273e-01, 1.355835176782e-05, 1.0899e+00, 4.7650e-03, 
 2DIAGNOSTIC,    44, -5.309114036110e-01, 1.190613943912e-05, 1.0950e+00, 5.0859e-03, 
 2DIAGNOSTIC,    45, -5.310262965518e-01, 1.129423566164e-05, 1.1026e+00, 7.6180e-03, 
 2DIAGNOSTIC,    46, -5.310374074445e-01, 1.049838941577e-05, 1.1077e+00, 5.0859e-03, 
 2DIAGNOSTIC,    47, -5.310434720121e-01, 9.962263447013e-06, 1.1125e+00, 4.7860e-03, 
 2DIAGNOSTIC,    48, -5.310518853633e-01, 8.989886104493e-06, 1.1176e+00, 5.0778e-03, 
 2DIAGNOSTIC,    49, -5.310584329537e-01, 7.783359500333e-06, 1.1235e+00, 5.9462e-03, 
 2DIAGNOSTIC,    50, -5.310645817646e-01, 6.973833583543e-06, 1.1303e+00, 6.8271e-03, 
 2DIAGNOSTIC,    51, -5.310656430618e-01, 5.851695600270e-06, 1.1354e+00, 5.0371e-03, 
 2DIAGNOSTIC,    52, -5.310738190002e-01, 4.481863510000e-06, 1.1412e+00, 5.8482e-03, 
 2DIAGNOSTIC,    53, -5.310768127969e-01, 3.049471521511e-06, 1.1463e+00, 5.0731e-03, 
 2DIAGNOSTIC,    54, -5.310775506016e-01, 1.750844720160e-06, 1.1517e+00, 5.3740e-03, 
 2DIAGNOSTIC,    55, -5.310817434211e-01, 1.565716413209e-06, 1.1567e+00, 5.0130e-03, 
 2DIAGNOSTIC,    56, -5.310870994121e-01, 1.452195857479e-06, 1.1623e+00, 5.6300e-03, 
 2DIAGNOSTIC,    57, -5.310885232962e-01, 1.327089154800e-06, 1.1677e+00, 5.4030e-03, 
 2DIAGNOSTIC,    58, -5.310914487851e-01, 1.238639651222e-06, 1.1731e+00, 5.3720e-03, 
 2DIAGNOSTIC,    59, -5.311015678587e-01, 1.240623596774e-06, 1.1790e+00, 5.9409e-03, 
 2DIAGNOSTIC,    60, -5.311021904297e-01, 1.235244579099e-06, 1.1853e+00, 6.2878e-03, 
 2DIAGNOSTIC,    61, -5.311059901820e-01, 1.204917779180e-06, 1.2015e+00, 1.6227e-02, 
 2DIAGNOSTIC,    62, -5.311059901659e-01, 1.182103197338e-06, 1.2166e+00, 1.5077e-02, 
 2DIAGNOSTIC,    63, -5.311059901659e-01, 1.122797857519e-06, 1.2232e+00, 6.5470e-03, 
 2DIAGNOSTIC,    64, -5.311059901659e-01, 1.011506956042e-06, 1.2293e+00, 6.1250e-03, 
DIAGNOSTIC,Iteration,metricValue,convergenceValue,ITERATION_TIME_INDEX,SINCE_LAST
 2DIAGNOSTIC,     1, -4.295258231625e-01, 1.797693134862e+308, 1.9980e+00, 7.6867e-01, 
 2DIAGNOSTIC,     2, -4.302859640432e-01, 1.797693134862e+308, 2.0345e+00, 3.6523e-02, 
 2DIAGNOSTIC,     3, -4.309651196675e-01, 1.797693134862e+308, 2.0686e+00, 3.4129e-02, 
 2DIAGNOSTIC,     4, -4.317164347764e-01, 1.797693134862e+308, 2.1003e+00, 3.1692e-02, 
 2DIAGNOSTIC,     5, -4.325561938345e-01, 1.797693134862e+308, 2.1343e+00, 3.4020e-02, 
 2DIAGNOSTIC,     6, -4.341819580779e-01, 1.797693134862e+308, 2.1656e+00, 3.1318e-02, 
 2DIAGNOSTIC,     7, -4.354327949461e-01, 1.797693134862e+308, 2.1955e+00, 2.9909e-02, 
 2DIAGNOSTIC,     8, -4.367134834401e-01, 1.797693134862e+308, 2.2309e+00, 3.5324e-02, 
 2DIAGNOSTIC,     9, -4.377076816053e-01, 1.797693134862e+308, 2.2798e+00, 4.8936e-02, 
 2DIAGNOSTIC,    10, -4.379510214290e-01, 1.375954781894e-03, 2.3115e+00, 3.1690e-02, 
 2DIAGNOSTIC,    11, -4.381306699703e-01, 1.211218579652e-03, 2.3439e+00, 3.2359e-02, 
 2DIAGNOSTIC,    12, -4.403708091241e-01, 1.128184042361e-03, 2.3815e+00, 3.7641e-02, 
 2DIAGNOSTIC,    13, -4.435986505811e-01, 1.148562288341e-03, 2.4252e+00, 4.3716e-02, 
 2DIAGNOSTIC,    14, -4.436199447921e-01, 1.094787361503e-03, 2.4557e+00, 3.0510e-02, 
 2DIAGNOSTIC,    15, -4.445052015341e-01, 1.025845783601e-03, 2.4856e+00, 2.9921e-02, 
 2DIAGNOSTIC,    16, -4.479362666976e-01, 1.077370583353e-03, 2.5259e+00, 4.0226e-02, 
 2DIAGNOSTIC,    17, -4.481475950929e-01, 1.073587584196e-03, 2.5557e+00, 2.9807e-02, 
 2DIAGNOSTIC,    18, -4.482020490211e-01, 1.018146298695e-03, 2.5892e+00, 3.3499e-02, 
 2DIAGNOSTIC,    19, -4.481966708468e-01, 9.107728207217e-04, 2.6453e+00, 5.6175e-02, 
 2DIAGNOSTIC,    20, -4.481953335643e-01, 7.394369044366e-04, 2.6753e+00, 2.9962e-02, 
 2DIAGNOSTIC,    21, -4.481954334160e-01, 5.189437711625e-04, 2.7113e+00, 3.5966e-02, 
 2DIAGNOSTIC,    22, -4.482018533854e-01, 3.337448844053e-04, 2.7439e+00, 3.2604e-02, 
 2DIAGNOSTIC,    23, -4.481921491748e-01, 2.259319939902e-04, 2.7729e+00, 2.9023e-02, 
 2DIAGNOSTIC,    24, -4.482074312931e-01, 1.077320672555e-04, 2.8052e+00, 3.2267e-02, 
 2DIAGNOSTIC,    25, -4.482144439125e-01, 9.691657588524e-06, 2.8370e+00, 3.1864e-02, 
 2DIAGNOSTIC,    26, -4.482116710214e-01, 3.273681339490e-06, 2.8692e+00, 3.2145e-02, 
 2DIAGNOSTIC,    27, -4.482088353780e-01, 2.084629104164e-06, 2.9016e+00, 3.2382e-02, 
 2DIAGNOSTIC,    28, -4.482139220187e-01, 2.274307033069e-06, 2.9308e+00, 2.9260e-02, 
 2DIAGNOSTIC,    29, -4.482420866640e-01, 2.842588967822e-06, 2.9632e+00, 3.2403e-02, 
 2DIAGNOSTIC,    30, -4.482455732988e-01, 3.232689069252e-06, 3.0016e+00, 3.8410e-02, 
 2DIAGNOSTIC,    31, -4.482405886753e-01, 3.298140583051e-06, 3.0293e+00, 2.7658e-02, 
 2DIAGNOSTIC,    32, -4.482290915183e-01, 3.068923497961e-06, 3.0564e+00, 2.7063e-02, 
 2DIAGNOSTIC,    33, -4.482261087684e-01, 2.406545451222e-06, 3.0878e+00, 3.1484e-02, 
 2DIAGNOSTIC,    34, -4.482147421503e-01, 1.704268698291e-06, 3.1236e+00, 3.5762e-02, 
 2DIAGNOSTIC,    35, -4.482170221871e-01, 1.142411790288e-06, 3.1544e+00, 3.0760e-02, 
DIAGNOSTIC,Iteration,metricValue,convergenceValue,ITERATION_TIME_INDEX,SINCE_LAST
 2DIAGNOSTIC,     1, -3.932184619185e-01, 1.797693134862e+308, 4.2722e+00, 1.1178e+00, 
 2DIAGNOSTIC,     2, -3.933350081041e-01, 1.797693134862e+308, 4.5335e+00, 2.6128e-01, 
 2DIAGNOSTIC,     3, -3.934316047755e-01, 1.797693134862e+308, 4.7991e+00, 2.6563e-01, 
 2DIAGNOSTIC,     4, -3.934445201934e-01, 1.797693134862e+308, 5.0947e+00, 2.9556e-01, 
 2DIAGNOSTIC,     5, -3.934561041673e-01, 1.797693134862e+308, 5.3232e+00, 2.2853e-01, 
 2DIAGNOSTIC,     6, -3.934519588677e-01, 1.797693134862e+308, 5.6344e+00, 3.1117e-01, 
 2DIAGNOSTIC,     7, -3.934609784231e-01, 1.797693134862e+308, 5.9712e+00, 3.3684e-01, 
 2DIAGNOSTIC,     8, -3.934662065836e-01, 1.797693134862e+308, 6.3330e+00, 3.6177e-01, 
 2DIAGNOSTIC,     9, -3.934657228523e-01, 1.797693134862e+308, 6.6212e+00, 2.8818e-01, 
 2DIAGNOSTIC,    10, -3.934652655355e-01, 3.152003751886e-05, 7.1266e+00, 5.0539e-01, 
 2DIAGNOSTIC,    11, -3.934654511525e-01, 1.477511443256e-05, 7.4032e+00, 2.7664e-01, 
 2DIAGNOSTIC,    12, -3.934648701580e-01, 6.580330466202e-06, 7.6741e+00, 2.7092e-01, 
 2DIAGNOSTIC,    13, -3.934643182196e-01, 4.606063069845e-06, 7.9636e+00, 2.8952e-01, 
 2DIAGNOSTIC,    14, -3.934638001797e-01, 3.345434113441e-06, 8.2028e+00, 2.3915e-01, 
 2DIAGNOSTIC,    15, -3.934634291142e-01, 2.710367950298e-06, 8.4556e+00, 2.5280e-01, 
 2DIAGNOSTIC,    16, -3.934625529546e-01, 1.864554664804e-06, 8.7744e+00, 3.1885e-01, 
 2DIAGNOSTIC,    17, -3.934627932048e-01, 1.517172160480e-06, 9.0568e+00, 2.8239e-01, 
 2DIAGNOSTIC,    18, -3.934616481689e-01, 1.405024351746e-06, 9.3484e+00, 2.9155e-01, 
 2DIAGNOSTIC,    19, -3.934612447573e-01, 1.306026781840e-06, 9.6302e+00, 2.8180e-01, 
 2DIAGNOSTIC,    20, -3.934603217471e-01, 1.201002152576e-06, 1.0062e+01, 4.3201e-01, 
 2DIAGNOSTIC,    21, -3.934604181318e-01, 1.152649787797e-06, 1.0365e+01, 3.0295e-01, 
 2DIAGNOSTIC,    22, -3.934597594235e-01, 1.101366500646e-06, 1.0650e+01, 2.8504e-01, 
 2DIAGNOSTIC,    23, -3.934590900592e-01, 1.049086501920e-06, 1.0880e+01, 2.3018e-01, 
DIAGNOSTIC,Iteration,metricValue,convergenceValue,ITERATION_TIME_INDEX,SINCE_LAST
 2DIAGNOSTIC,     1, -3.660019237931e-01, 1.797693134862e+308, 1.3335e+01, 2.4542e+00, 
 2DIAGNOSTIC,     2, -3.661063447983e-01, 1.797693134862e+308, 1.4675e+01, 1.3405e+00, 
 2DIAGNOSTIC,     3, -3.661714049504e-01, 1.797693134862e+308, 1.6245e+01, 1.5702e+00, 
 2DIAGNOSTIC,     4, -3.661708553068e-01, 1.797693134862e+308, 1.8621e+01, 2.3759e+00, 
 2DIAGNOSTIC,     5, -3.661696512299e-01, 1.797693134862e+308, 2.0354e+01, 1.7326e+00, 
 2DIAGNOSTIC,     6, -3.661696342972e-01, 1.797693134862e+308, 2.5310e+01, 4.9564e+00, 
 2DIAGNOSTIC,     7, -3.661696342956e-01, 1.797693134862e+308, 2.9463e+01, 4.1527e+00, 
 2DIAGNOSTIC,     8, -3.661696342956e-01, 1.797693134862e+308, 3.1440e+01, 1.9769e+00, 
 2DIAGNOSTIC,     9, -3.661696342956e-01, 1.797693134862e+308, 3.3156e+01, 1.7160e+00, 
 2DIAGNOSTIC,    10, -3.661696342956e-01, 2.034947152846e-05, 3.4727e+01, 1.5710e+00, 
 2DIAGNOSTIC,    11, -3.661696342956e-01, 7.187792330124e-06, 3.6466e+01, 1.7395e+00, 
 2DIAGNOSTIC,    12, -3.661696342956e-01, 2.466671867749e-06, 3.8133e+01, 1.6670e+00, 
 2DIAGNOSTIC,    13, -3.661696342956e-01, 2.373246468235e-06, 4.0040e+01, 1.9072e+00, 
 2DIAGNOSTIC,    14, -3.661696342956e-01, 2.271299437667e-06, 4.1763e+01, 1.7222e+00, 
 2DIAGNOSTIC,    15, -3.661696342956e-01, 2.120749475587e-06, 4.3475e+01, 1.7126e+00, 
 2DIAGNOSTIC,    16, -3.661696342956e-01, 1.988197552996e-06, 4.5015e+01, 1.5394e+00, 
 2DIAGNOSTIC,    17, -3.661696342956e-01, 1.871240472233e-06, 4.6713e+01, 1.6982e+00, 
 2DIAGNOSTIC,    18, -3.661696342956e-01, 1.767279072092e-06, 4.8595e+01, 1.8825e+00, 
 2DIAGNOSTIC,    19, -3.661696342956e-01, 1.674261335842e-06, 5.0332e+01, 1.7365e+00, 
 2DIAGNOSTIC,    20, -3.661696342956e-01, 1.590545662844e-06, 5.2110e+01, 1.7778e+00, 
 2DIAGNOSTIC,    21, -3.661696342956e-01, 1.514803147466e-06, 5.3968e+01, 1.8581e+00, 
 2DIAGNOSTIC,    22, -3.661696342956e-01, 1.445946510185e-06, 5.6192e+01, 2.2239e+00, 
 2DIAGNOSTIC,    23, -3.661696342956e-01, 1.383077568667e-06, 5.7704e+01, 1.5121e+00, 
 2DIAGNOSTIC,    24, -3.661696342956e-01, 1.325447841538e-06, 5.9251e+01, 1.5472e+00, 
 2DIAGNOSTIC,    25, -3.661696342956e-01, 1.272428607396e-06, 6.0772e+01, 1.5214e+00, 
 2DIAGNOSTIC,    26, -3.661696342956e-01, 1.223487873570e-06, 6.2620e+01, 1.8477e+00, 
 2DIAGNOSTIC,    27, -3.661696342956e-01, 1.178172462889e-06, 6.4289e+01, 1.6684e+00, 
 2DIAGNOSTIC,    28, -3.661696342956e-01, 1.136093939216e-06, 6.5979e+01, 1.6904e+00, 
 2DIAGNOSTIC,    29, -3.661696342956e-01, 1.096917445015e-06, 6.7649e+01, 1.6704e+00, 
 2DIAGNOSTIC,    30, -3.661696342956e-01, 1.060352771282e-06, 6.9183e+01, 1.5335e+00, 
 2DIAGNOSTIC,    31, -3.661696342956e-01, 1.026147156150e-06, 7.0702e+01, 1.5192e+00, 
  Elapsed time (stage 0): 7.1548e+01


Total elapsed time: 7.1553e+01
Info [verificarlo]: loaded backend libinterflop_ieee.so
Info [interflop-ieee]: load backend with:
Info [interflop-ieee]: debug = false
Info [interflop-ieee]: debug-binary = false
Info [interflop-ieee]: no-backend-name = false
Info [interflop-ieee]: print-new-line = false
Info [interflop-ieee]: print-subnormal-normalized = false
Info [interflop-ieee]: count-op = false
All_Command_lines_OK
Using double precision for computations.
=============================================================================
The composite transform comprises the following transforms (in order): 
  1. /home/mdugre/scratch/mri-registration-rp/datasets/ds004513/derivatives/mri-registration-rp/0001/antsRegistration-r8-p21/sub-s014/rigid_Composite.h5[0] (type = Euler3DTransform)
  2. /home/mdugre/scratch/mri-registration-rp/datasets/ds004513/derivatives/mri-registration-rp/0001/antsRegistration-r8-p21/sub-s014/rigid_Composite.h5[1] (type = Euler3DTransform)
  3. /home/mdugre/scratch/mri-registration-rp/datasets/ds004513/derivatives/mri-registration-rp/0001/antsRegistration-r8-p21/sub-s014/rigid_Composite.h5[2] (type = Euler3DTransform)
=============================================================================
  number of levels = 4
  fixed image: /templateflow/tpl-MNI152NLin2009cAsym/tpl-MNI152NLin2009cAsym_res-01_desc-brain_T1w.nii.gz
  moving image: /home/mdugre/scratch/mri-registration-rp/datasets/ds004513/derivatives/mri-registration-rp/antsBrainExtraction/sub-s014/BrainExtractionBrain.nii.gz
Dimension = 3
Number of stages = 1
Use histogram matching = false
Winsorize image intensities = true
  Lower quantile = 0.005
  Upper quantile = 0.995


Stage 1 State
   Image metric = MattesMI
     Fixed image = Image (0x4cf87e0)
  RTTI typeinfo:   itk::Image<double, 3u>
  Reference Count: 2
  Modified Time: 1594
  Debug: Off
  Object Name: 
  Observers: 
    none
  Source: (none)
  Source output name: (none)
  Release Data: Off
  Data Released: False
  Global Release Data: Off
  PipelineMTime: 0
  UpdateMTime: 1203
  RealTimeStamp: 0 seconds 
  LargestPossibleRegion: 
    Dimension: 3
    Index: [0, 0, 0]
    Size: [193, 229, 193]
  BufferedRegion: 
    Dimension: 3
    Index: [0, 0, 0]
    Size: [193, 229, 193]
  RequestedRegion: 
    Dimension: 3
    Index: [0, 0, 0]
    Size: [193, 229, 193]
  Spacing: [1, 1, 1]
  Origin: [96, 132, -78]
  Direction: 
-1 0 0
0 -1 0
0 0 1

  IndexToPointMatrix: 
-1 0 0
0 -1 0
0 0 1

  PointToIndexMatrix: 
-1 0 0
0 -1 0
0 0 1

  Inverse Direction: 
-1 0 0
0 -1 0
0 0 1

  PixelContainer: 
    ImportImageContainer (0x4db8a20)
      RTTI typeinfo:   itk::ImportImageContainer<unsigned long, double>
      Reference Count: 1
      Modified Time: 1200
      Debug: Off
      Object Name: 
      Observers: 
        none
      Pointer: 0x145556b58010
      Container manages memory: true
      Size: 8530021
      Capacity: 8530021

     Moving image = Image (0x4db3d70)
  RTTI typeinfo:   itk::Image<double, 3u>
  Reference Count: 2
  Modified Time: 1595
  Debug: Off
  Object Name: 
  Observers: 
    none
  Source: (none)
  Source output name: (none)
  Release Data: Off
  Data Released: False
  Global Release Data: Off
  PipelineMTime: 0
  UpdateMTime: 1592
  RealTimeStamp: 0 seconds 
  LargestPossibleRegion: 
    Dimension: 3
    Index: [0, 0, 0]
    Size: [160, 240, 256]
  BufferedRegion: 
    Dimension: 3
    Index: [0, 0, 0]
    Size: [160, 240, 256]
  RequestedRegion: 
    Dimension: 3
    Index: [0, 0, 0]
    Size: [160, 240, 256]
  Spacing: [0.999999, 1, 1]
  Origin: [84.1637, 106.709, -120.531]
  Direction: 
-0.999619 -0.0226874 -0.0157033
0.0226846 -0.999743 0.00035635
-0.0157073 -7.8229e-09 0.999877

  IndexToPointMatrix: 
-0.999619 -0.0226874 -0.0157033
0.0226845 -0.999743 0.00035635
-0.0157073 -7.8229e-09 0.999877

  PointToIndexMatrix: 
-0.99962 0.0226846 -0.0157073
-0.0226874 -0.999743 -7.83127e-09
-0.0157033 0.00035635 0.999877

  Inverse Direction: 
-0.999619 0.0226846 -0.0157073
-0.0226874 -0.999743 -7.83127e-09
-0.0157033 0.00035635 0.999877

  PixelContainer: 
    ImportImageContainer (0x4d6bc90)
      RTTI typeinfo:   itk::ImportImageContainer<unsigned long, double>
      Reference Count: 1
      Modified Time: 1589
      Debug: Off
      Object Name: 
      Observers: 
        none
      Pointer: 0x145552057010
      Container manages memory: true
      Size: 9830400
      Capacity: 9830400

     Weighting = 1
     Sampling strategy = regular
     Number of bins = 32
     Radius = 4
     Sampling percentage  = 0.25
   Transform = Affine
     Gradient step = 0.1
     Update field sigma (voxel space) = 0
     Total field sigma (voxel space) = 0
     Update field time sigma = 0
     Total field time sigma  = 0
     Number of time indices = 0
     Number of time point samples = 0
Registration using 1 total stages.

Stage 0
  iterations = 1000x500x250x100
  convergence threshold = 1e-06
  convergence window size = 10
  number of levels = 4
  using the Mattes MI metric (number of bins = 32, weight = 1, use gradient filter = 0)
  preprocessing:  winsorizing the image intensities
  Shrink factors (level 1 out of 4): [8, 8, 8]
  Shrink factors (level 2 out of 4): [4, 4, 4]
  Shrink factors (level 3 out of 4): [2, 2, 2]
  Shrink factors (level 4 out of 4): [1, 1, 1]
  smoothing sigmas per level: [3, 2, 1, 0]
  regular sampling (percentage = 0.25)

*** Running AffineTransform registration ***

DIAGNOSTIC,Iteration,metricValue,convergenceValue,ITERATION_TIME_INDEX,SINCE_LAST
 2DIAGNOSTIC,     1, -5.242380909702e-01, 1.797693134862e+308, 8.4229e-01, 8.4229e-01, 
 2DIAGNOSTIC,     2, -5.261114167138e-01, 1.797693134862e+308, 8.4765e-01, 5.3580e-03, 
 2DIAGNOSTIC,     3, -5.292894722592e-01, 1.797693134862e+308, 8.5277e-01, 5.1250e-03, 
 2DIAGNOSTIC,     4, -5.347191811309e-01, 1.797693134862e+308, 8.5858e-01, 5.8031e-03, 
 2DIAGNOSTIC,     5, -5.447150259835e-01, 1.797693134862e+308, 8.6419e-01, 5.6119e-03, 
 2DIAGNOSTIC,     6, -6.476850476309e-01, 1.797693134862e+308, 8.7263e-01, 8.4372e-03, 
 2DIAGNOSTIC,     7, -7.279712969110e-01, 1.797693134862e+308, 8.8503e-01, 1.2403e-02, 
 2DIAGNOSTIC,     8, -7.278186988714e-01, 1.797693134862e+308, 8.9012e-01, 5.0871e-03, 
 2DIAGNOSTIC,     9, -7.279008563994e-01, 1.797693134862e+308, 8.9518e-01, 5.0650e-03, 
 2DIAGNOSTIC,    10, -7.280384775571e-01, 2.864625973470e-02, 9.0126e-01, 6.0811e-03, 
 2DIAGNOSTIC,    11, -7.281264288771e-01, 2.496119174343e-02, 9.0693e-01, 5.6672e-03, 
 2DIAGNOSTIC,    12, -7.281676044488e-01, 1.977714122484e-02, 9.1269e-01, 5.7640e-03, 
 2DIAGNOSTIC,    13, -7.283750688218e-01, 1.388466830789e-02, 9.1800e-01, 5.3101e-03, 
 2DIAGNOSTIC,    14, -7.286116341337e-01, 7.929133104193e-03, 9.2374e-01, 5.7340e-03, 
 2DIAGNOSTIC,    15, -7.289776193818e-01, 2.376787719727e-03, 9.2899e-01, 5.2538e-03, 
 2DIAGNOSTIC,    16, -7.294208891354e-01, 8.605322734760e-05, 9.3434e-01, 5.3520e-03, 
 2DIAGNOSTIC,    17, -7.303039687947e-01, 1.208807400883e-04, 9.4004e-01, 5.7001e-03, 
 2DIAGNOSTIC,    18, -7.321098310600e-01, 1.791117848400e-04, 9.4532e-01, 5.2800e-03, 
 2DIAGNOSTIC,    19, -7.341927838906e-01, 2.614849850430e-04, 9.5103e-01, 5.7042e-03, 
 2DIAGNOSTIC,    20, -7.380488021257e-01, 3.940755620651e-04, 9.5656e-01, 5.5370e-03, 
 2DIAGNOSTIC,    21, -7.450001259218e-01, 6.152649975536e-04, 9.6211e-01, 5.5449e-03, 
 2DIAGNOSTIC,    22, -7.589389947649e-01, 1.018499411572e-03, 9.6774e-01, 5.6350e-03, 
 2DIAGNOSTIC,    23, -7.683154622680e-01, 1.454737303220e-03, 9.7774e-01, 9.9940e-03, 
 2DIAGNOSTIC,    24, -7.689027339794e-01, 1.728442349913e-03, 9.8312e-01, 5.3840e-03, 
 2DIAGNOSTIC,    25, -7.704727576394e-01, 1.852133243593e-03, 9.8851e-01, 5.3871e-03, 
 2DIAGNOSTIC,    26, -7.721774168016e-01, 1.824903609784e-03, 9.9453e-01, 6.0201e-03, 
 2DIAGNOSTIC,    27, -7.728046649585e-01, 1.647281164969e-03, 1.0004e+00, 5.9149e-03, 
 2DIAGNOSTIC,    28, -7.728228036978e-01, 1.354109301247e-03, 1.0063e+00, 5.8880e-03, 
 2DIAGNOSTIC,    29, -7.729988674317e-01, 9.897834992363e-04, 1.0117e+00, 5.3210e-03, 
 2DIAGNOSTIC,    30, -7.736494970003e-01, 6.204825519475e-04, 1.0170e+00, 5.3449e-03, 
 2DIAGNOSTIC,    31, -7.750614089050e-01, 3.226118307676e-04, 1.0225e+00, 5.4550e-03, 
 2DIAGNOSTIC,    32, -7.788485892688e-01, 2.325227470114e-04, 1.0284e+00, 5.9612e-03, 
 2DIAGNOSTIC,    33, -7.952187769633e-01, 4.364782290745e-04, 1.0349e+00, 6.5260e-03, 
 2DIAGNOSTIC,    34, -8.125859525605e-01, 7.900468204791e-04, 1.0425e+00, 7.5672e-03, 
 2DIAGNOSTIC,    35, -8.160034304480e-01, 1.098920999948e-03, 1.0481e+00, 5.5480e-03, 
 2DIAGNOSTIC,    36, -8.197673346964e-01, 1.347505647702e-03, 1.0538e+00, 5.7890e-03, 
 2DIAGNOSTIC,    37, -8.249211257406e-01, 1.515219852661e-03, 1.0605e+00, 6.6450e-03, 
 2DIAGNOSTIC,    38, -8.410236310641e-01, 1.690081943793e-03, 1.0679e+00, 7.4401e-03, 
 2DIAGNOSTIC,    39, -8.436527415025e-01, 1.715664098425e-03, 1.0740e+00, 6.0461e-03, 
 2DIAGNOSTIC,    40, -8.437240185754e-01, 1.587127017129e-03, 1.0800e+00, 6.0229e-03, 
 2DIAGNOSTIC,    41, -8.437581868079e-01, 1.333911732175e-03, 1.0866e+00, 6.5930e-03, 
 2DIAGNOSTIC,    42, -8.436385383211e-01, 9.982422608192e-04, 1.0929e+00, 6.3372e-03, 
 2DIAGNOSTIC,    43, -8.435626708773e-01, 7.244500775270e-04, 1.0989e+00, 5.9490e-03, 
 2DIAGNOSTIC,    44, -8.437964423860e-01, 5.480391897359e-04, 1.1055e+00, 6.5751e-03, 
 2DIAGNOSTIC,    45, -8.436477333430e-01, 3.576510794552e-04, 1.1108e+00, 5.3642e-03, 
 2DIAGNOSTIC,    46, -8.435630846191e-01, 1.737157721808e-04, 1.1161e+00, 5.3289e-03, 
 2DIAGNOSTIC,    47, -8.434302263528e-01, 1.914062219696e-05, 1.1224e+00, 6.2759e-03, 
DIAGNOSTIC,Iteration,metricValue,convergenceValue,ITERATION_TIME_INDEX,SINCE_LAST
 2DIAGNOSTIC,     1, -6.895592007916e-01, 1.797693134862e+308, 1.9441e+00, 8.2166e-01, 
 2DIAGNOSTIC,     2, -6.903234483083e-01, 1.797693134862e+308, 1.9838e+00, 3.9766e-02, 
 2DIAGNOSTIC,     3, -6.907862585932e-01, 1.797693134862e+308, 2.0206e+00, 3.6758e-02, 
 2DIAGNOSTIC,     4, -6.909970900163e-01, 1.797693134862e+308, 2.0559e+00, 3.5274e-02, 
 2DIAGNOSTIC,     5, -6.911890648441e-01, 1.797693134862e+308, 2.0921e+00, 3.6246e-02, 
 2DIAGNOSTIC,     6, -6.916911315316e-01, 1.797693134862e+308, 2.1432e+00, 5.1044e-02, 
 2DIAGNOSTIC,     7, -6.917302700380e-01, 1.797693134862e+308, 2.1818e+00, 3.8646e-02, 
 2DIAGNOSTIC,     8, -6.919423146619e-01, 1.797693134862e+308, 2.2192e+00, 3.7349e-02, 
 2DIAGNOSTIC,     9, -6.926001068768e-01, 1.797693134862e+308, 2.2715e+00, 5.2375e-02, 
 2DIAGNOSTIC,    10, -6.928638571579e-01, 2.716359706281e-04, 2.3107e+00, 3.9143e-02, 
 2DIAGNOSTIC,    11, -6.929707368058e-01, 2.250524491521e-04, 2.3532e+00, 4.2497e-02, 
 2DIAGNOSTIC,    12, -6.930483450769e-01, 1.951547396000e-04, 2.3894e+00, 3.6250e-02, 
 2DIAGNOSTIC,    13, -6.931676369409e-01, 1.709329285564e-04, 2.4233e+00, 3.3876e-02, 
 2DIAGNOSTIC,    14, -6.933138903839e-01, 1.449877583695e-04, 2.4569e+00, 3.3610e-02, 
 2DIAGNOSTIC,    15, -6.934840516795e-01, 1.188678436688e-04, 2.5129e+00, 5.5982e-02, 
 2DIAGNOSTIC,    16, -6.934839327975e-01, 9.840199198424e-05, 2.5516e+00, 3.8702e-02, 
 2DIAGNOSTIC,    17, -6.934750068273e-01, 7.240732995166e-05, 2.5887e+00, 3.7138e-02, 
 2DIAGNOSTIC,    18, -6.934775937655e-01, 4.737255420229e-05, 2.6221e+00, 3.3364e-02, 
 2DIAGNOSTIC,    19, -6.935233394197e-01, 3.576429053775e-05, 2.6617e+00, 3.9560e-02, 
 2DIAGNOSTIC,    20, -6.935483660508e-01, 2.797543678656e-05, 2.6993e+00, 3.7647e-02, 
 2DIAGNOSTIC,    21, -6.935586005633e-01, 2.077819017138e-05, 2.7426e+00, 4.3249e-02, 
 2DIAGNOSTIC,    22, -6.935533799489e-01, 1.382605456506e-05, 2.7770e+00, 3.4482e-02, 
 2DIAGNOSTIC,    23, -6.935537245407e-01, 8.426697766073e-06, 2.8104e+00, 3.3391e-02, 
 2DIAGNOSTIC,    24, -6.935426015571e-01, 5.029193761108e-06, 2.8538e+00, 4.3400e-02, 
 2DIAGNOSTIC,    25, -6.935432478293e-01, 4.352421961361e-06, 2.9084e+00, 5.4596e-02, 
 2DIAGNOSTIC,    26, -6.935556105603e-01, 3.641585784184e-06, 2.9504e+00, 4.1992e-02, 
 2DIAGNOSTIC,    27, -6.935556174192e-01, 2.626506878024e-06, 2.9932e+00, 4.2760e-02, 
 2DIAGNOSTIC,    28, -6.935556199524e-01, 1.576296357074e-06, 3.0350e+00, 4.1846e-02, 
 2DIAGNOSTIC,    29, -6.935556214866e-01, 1.200203435636e-06, 3.0704e+00, 3.5394e-02, 
 2DIAGNOSTIC,    30, -6.935556284426e-01, 1.176899781664e-06, 3.1054e+00, 3.4965e-02, 
 2DIAGNOSTIC,    31, -6.935556519183e-01, 1.276776386852e-06, 3.1428e+00, 3.7452e-02, 
 2DIAGNOSTIC,    32, -6.935557078506e-01, 1.278236491806e-06, 3.1853e+00, 4.2484e-02, 
 2DIAGNOSTIC,    33, -6.935558313654e-01, 1.265128477965e-06, 3.2223e+00, 3.6992e-02, 
DIAGNOSTIC,Iteration,metricValue,convergenceValue,ITERATION_TIME_INDEX,SINCE_LAST
 2DIAGNOSTIC,     1, -5.884042138550e-01, 1.797693134862e+308, 4.4732e+00, 1.2509e+00, 
 2DIAGNOSTIC,     2, -5.890394488454e-01, 1.797693134862e+308, 4.8189e+00, 3.4572e-01, 
 2DIAGNOSTIC,     3, -5.897758200752e-01, 1.797693134862e+308, 5.1316e+00, 3.1272e-01, 
 2DIAGNOSTIC,     4, -5.906114089805e-01, 1.797693134862e+308, 5.4833e+00, 3.5166e-01, 
 2DIAGNOSTIC,     5, -5.917285027688e-01, 1.797693134862e+308, 5.8117e+00, 3.2843e-01, 
 2DIAGNOSTIC,     6, -5.937912557188e-01, 1.797693134862e+308, 6.3162e+00, 5.0450e-01, 
 2DIAGNOSTIC,     7, -5.938209194312e-01, 1.797693134862e+308, 6.8094e+00, 4.9317e-01, 
 2DIAGNOSTIC,     8, -5.938250945123e-01, 1.797693134862e+308, 7.1786e+00, 3.6919e-01, 
 2DIAGNOSTIC,     9, -5.938227374853e-01, 1.797693134862e+308, 7.5350e+00, 3.5637e-01, 
 2DIAGNOSTIC,    10, -5.938207649822e-01, 6.887829689608e-04, 7.9844e+00, 4.4941e-01, 
 2DIAGNOSTIC,    11, -5.938206185584e-01, 5.070890371826e-04, 8.4170e+00, 4.3262e-01, 
 2DIAGNOSTIC,    12, -5.938189446850e-01, 3.358573029752e-04, 8.8048e+00, 3.8785e-01, 
 2DIAGNOSTIC,    13, -5.938161144414e-01, 1.888809432631e-04, 9.1943e+00, 3.8942e-01, 
 2DIAGNOSTIC,    14, -5.938142649233e-01, 7.436490983402e-05, 9.5469e+00, 3.5261e-01, 
 2DIAGNOSTIC,    15, -5.938149048986e-01, 2.436645739998e-06, 9.9163e+00, 3.6946e-01, 
 2DIAGNOSTIC,    16, -5.938173587927e-01, 1.366970731609e-06, 1.0289e+01, 3.7316e-01, 
 2DIAGNOSTIC,    17, -5.938148089034e-01, 1.239193670267e-06, 1.0694e+01, 4.0435e-01, 
 2DIAGNOSTIC,    18, -5.938136370754e-01, 1.270090619655e-06, 1.1097e+01, 4.0337e-01, 
 2DIAGNOSTIC,    19, -5.938127081255e-01, 1.263943140969e-06, 1.1470e+01, 3.7315e-01, 
 2DIAGNOSTIC,    20, -5.938117769099e-01, 1.224697770384e-06, 1.1864e+01, 3.9405e-01, 
 2DIAGNOSTIC,    21, -5.938104412237e-01, 1.188446976719e-06, 1.2193e+01, 3.2816e-01, 
 2DIAGNOSTIC,    22, -5.938098773314e-01, 1.140027109874e-06, 1.2565e+01, 3.7212e-01, 
 2DIAGNOSTIC,    23, -5.938117670026e-01, 1.107508714675e-06, 1.2975e+01, 4.1026e-01, 
 2DIAGNOSTIC,    24, -5.938113949883e-01, 1.057567313119e-06, 1.3325e+01, 3.5034e-01, 
 2DIAGNOSTIC,    25, -5.938103830812e-01, 1.028440967818e-06, 1.3703e+01, 3.7810e-01, 
 2DIAGNOSTIC,    26, -5.938113155039e-01, 1.089418692417e-06, 1.4031e+01, 3.2764e-01, 
 2DIAGNOSTIC,    27, -5.938116604928e-01, 1.118973379587e-06, 1.4431e+01, 4.0021e-01, 
