
##########################
# Experiment information #
##########################

EXPERIMENT_NAME: antsRegistration-r8-p13
VFC_BACKENDS: libinterflop_vprec.so --range-binary32=8 --precision-binary32=13 --range-binary64=8 --precision-binary64=13

SIF_IMG: /home/mdugre/projects/rrg-glatard/mdugre/containers/ants-vprec-no_metrics.simg

SUBJECT_ID: s037
INPUT_IMG: /home/mdugre/scratch/mri-registration-rp/datasets/ds004513/derivatives/mri-registration-rp/antsBrainExtraction/sub-s037/BrainExtractionBrain.nii.gz
OUTPUT_DIR: /home/mdugre/scratch/mri-registration-rp/datasets/ds004513/derivatives/mri-registration-rp/0001/antsRegistration-r8-p13/sub-s037

FIXED_IMG: /templateflow/tpl-MNI152NLin2009cAsym/tpl-MNI152NLin2009cAsym_res-01_desc-brain_T1w.nii.gz
DATA_DIR: /home/mdugre/scratch/mri-registration-rp/datasets/ds004513
TEMPLATEFLOW_DIR: /home/mdugre/projects/rrg-glatard/mdugre/templateflow
ITK_GLOBAL_DEFAULT_NUMBER_OF_THREADS: 16
##########################

Info [verificarlo]: loaded backend libinterflop_ieee.so
Info [interflop-ieee]: load backend with:
Info [interflop-ieee]: debug = false
Info [interflop-ieee]: debug-binary = false
Info [interflop-ieee]: no-backend-name = false
Info [interflop-ieee]: print-new-line = false
Info [interflop-ieee]: print-subnormal-normalized = false
Info [interflop-ieee]: count-op = false
All_Command_lines_OK
Using double precision for computations.
=============================================================================
The composite transform comprises the following transforms (in order): 
  1. Center of mass alignment using fixed image: /templateflow/tpl-MNI152NLin2009cAsym/tpl-MNI152NLin2009cAsym_res-01_desc-brain_T1w.nii.gz and moving image: /home/mdugre/scratch/mri-registration-rp/datasets/ds004513/derivatives/mri-registration-rp/antsBrainExtraction/sub-s037/BrainExtractionBrain.nii.gz (type = Euler3DTransform)
=============================================================================
  number of levels = 1
  fixed image: /templateflow/tpl-MNI152NLin2009cAsym/tpl-MNI152NLin2009cAsym_res-01_desc-brain_T1w.nii.gz
  moving image: /home/mdugre/scratch/mri-registration-rp/datasets/ds004513/derivatives/mri-registration-rp/antsBrainExtraction/sub-s037/BrainExtractionBrain.nii.gz
Dimension = 3
Number of stages = 1
Use histogram matching = false
Winsorize image intensities = true
  Lower quantile = 0.005
  Upper quantile = 0.995


Stage 1 State
   Image metric = MattesMI
     Fixed image = Image (0x33fde70)
  RTTI typeinfo:   itk::Image<double, 3u>
  Reference Count: 2
  Modified Time: 2330
  Debug: Off
  Object Name: 
  Observers: 
    none
  Source: (none)
  Source output name: (none)
  Release Data: Off
  Data Released: False
  Global Release Data: Off
  PipelineMTime: 0
  UpdateMTime: 1941
  RealTimeStamp: 0 seconds 
  LargestPossibleRegion: 
    Dimension: 3
    Index: [0, 0, 0]
    Size: [193, 229, 193]
  BufferedRegion: 
    Dimension: 3
    Index: [0, 0, 0]
    Size: [193, 229, 193]
  RequestedRegion: 
    Dimension: 3
    Index: [0, 0, 0]
    Size: [193, 229, 193]
  Spacing: [1, 1, 1]
  Origin: [96, 132, -78]
  Direction: 
-1 0 0
0 -1 0
0 0 1

  IndexToPointMatrix: 
-1 0 0
0 -1 0
0 0 1

  PointToIndexMatrix: 
-1 0 0
0 -1 0
0 0 1

  Inverse Direction: 
-1 0 0
0 -1 0
0 0 1

  PixelContainer: 
    ImportImageContainer (0x3406c60)
      RTTI typeinfo:   itk::ImportImageContainer<unsigned long, double>
      Reference Count: 1
      Modified Time: 1938
      Debug: Off
      Object Name: 
      Observers: 
        none
      Pointer: 0x14c31ccbe010
      Container manages memory: true
      Size: 8530021
      Capacity: 8530021

     Moving image = Image (0x349aec0)
  RTTI typeinfo:   itk::Image<double, 3u>
  Reference Count: 2
  Modified Time: 2331
  Debug: Off
  Object Name: 
  Observers: 
    none
  Source: (none)
  Source output name: (none)
  Release Data: Off
  Data Released: False
  Global Release Data: Off
  PipelineMTime: 0
  UpdateMTime: 2328
  RealTimeStamp: 0 seconds 
  LargestPossibleRegion: 
    Dimension: 3
    Index: [0, 0, 0]
    Size: [160, 240, 256]
  BufferedRegion: 
    Dimension: 3
    Index: [0, 0, 0]
    Size: [160, 240, 256]
  RequestedRegion: 
    Dimension: 3
    Index: [0, 0, 0]
    Size: [160, 240, 256]
  Spacing: [1, 1, 1]
  Origin: [87.9508, 102.562, -147.639]
  Direction: 
-0.998659 -0.0436121 -0.0279129
0.043595 -0.999049 0.00121847
-0.0279395 -2.65543e-08 0.99961

  IndexToPointMatrix: 
-0.998659 -0.0436121 -0.0279129
0.043595 -0.999049 0.00121847
-0.0279395 -2.65543e-08 0.99961

  PointToIndexMatrix: 
-0.998659 0.043595 -0.0279395
-0.0436121 -0.999049 -2.65517e-08
-0.0279129 0.00121847 0.99961

  Inverse Direction: 
-0.998659 0.043595 -0.0279395
-0.0436121 -0.999049 -2.65517e-08
-0.0279129 0.00121847 0.99961

  PixelContainer: 
    ImportImageContainer (0x3532610)
      RTTI typeinfo:   itk::ImportImageContainer<unsigned long, double>
      Reference Count: 1
      Modified Time: 2325
      Debug: Off
      Object Name: 
      Observers: 
        none
      Pointer: 0x14c3181bd010
      Container manages memory: true
      Size: 9830400
      Capacity: 9830400

     Weighting = 1
     Sampling strategy = regular
     Number of bins = 32
     Radius = 4
     Sampling percentage  = 0.25
   Transform = Rigid
     Gradient step = 0.1
     Update field sigma (voxel space) = 0
     Total field sigma (voxel space) = 0
     Update field time sigma = 0
     Total field time sigma  = 0
     Number of time indices = 0
     Number of time point samples = 0
Registration using 1 total stages.

Stage 0
  iterations = 0
  convergence threshold = 1e-06
  convergence window size = 10
  number of levels = 1
  using the Mattes MI metric (number of bins = 32, weight = 1, use gradient filter = 0)
  preprocessing:  winsorizing the image intensities
  Shrink factors (level 1 out of 1): [1, 1, 1]
  smoothing sigmas per level: [0]
  regular sampling (percentage = 0.25)

*** Running Euler3DTransform registration ***

  Elapsed time (stage 0): 1.09716


Total elapsed time: 1.10518
Info [verificarlo]: loaded backend libinterflop_ieee.so
Info [interflop-ieee]: load backend with:
Info [interflop-ieee]: debug = false
Info [interflop-ieee]: debug-binary = false
Info [interflop-ieee]: no-backend-name = false
Info [interflop-ieee]: print-new-line = false
Info [interflop-ieee]: print-subnormal-normalized = false
Info [interflop-ieee]: count-op = false
All_Command_lines_OK
Using double precision for computations.
=============================================================================
The composite transform comprises the following transforms (in order): 
  1. /home/mdugre/scratch/mri-registration-rp/datasets/ds004513/derivatives/mri-registration-rp/0001/antsRegistration-r8-p13/sub-s037/align_Composite.h5[0] (type = Euler3DTransform)
  2. /home/mdugre/scratch/mri-registration-rp/datasets/ds004513/derivatives/mri-registration-rp/0001/antsRegistration-r8-p13/sub-s037/align_Composite.h5[1] (type = Euler3DTransform)
=============================================================================
  number of levels = 4
  fixed image: /templateflow/tpl-MNI152NLin2009cAsym/tpl-MNI152NLin2009cAsym_res-01_desc-brain_T1w.nii.gz
  moving image: /home/mdugre/scratch/mri-registration-rp/datasets/ds004513/derivatives/mri-registration-rp/antsBrainExtraction/sub-s037/BrainExtractionBrain.nii.gz
Dimension = 3
Number of stages = 1
Use histogram matching = false
Winsorize image intensities = true
  Lower quantile = 0.005
  Upper quantile = 0.995


Stage 1 State
   Image metric = MattesMI
     Fixed image = Image (0x3cfa530)
  RTTI typeinfo:   itk::Image<double, 3u>
  Reference Count: 2
  Modified Time: 1578
  Debug: Off
  Object Name: 
  Observers: 
    none
  Source: (none)
  Source output name: (none)
  Release Data: Off
  Data Released: False
  Global Release Data: Off
  PipelineMTime: 0
  UpdateMTime: 1189
  RealTimeStamp: 0 seconds 
  LargestPossibleRegion: 
    Dimension: 3
    Index: [0, 0, 0]
    Size: [193, 229, 193]
  BufferedRegion: 
    Dimension: 3
    Index: [0, 0, 0]
    Size: [193, 229, 193]
  RequestedRegion: 
    Dimension: 3
    Index: [0, 0, 0]
    Size: [193, 229, 193]
  Spacing: [1, 1, 1]
  Origin: [96, 132, -78]
  Direction: 
-1 0 0
0 -1 0
0 0 1

  IndexToPointMatrix: 
-1 0 0
0 -1 0
0 0 1

  PointToIndexMatrix: 
-1 0 0
0 -1 0
0 0 1

  Inverse Direction: 
-1 0 0
0 -1 0
0 0 1

  PixelContainer: 
    ImportImageContainer (0x3db8d60)
      RTTI typeinfo:   itk::ImportImageContainer<unsigned long, double>
      Reference Count: 1
      Modified Time: 1186
      Debug: Off
      Object Name: 
      Observers: 
        none
      Pointer: 0x14e9438b1010
      Container manages memory: true
      Size: 8530021
      Capacity: 8530021

     Moving image = Image (0x3daaf60)
  RTTI typeinfo:   itk::Image<double, 3u>
  Reference Count: 2
  Modified Time: 1579
  Debug: Off
  Object Name: 
  Observers: 
    none
  Source: (none)
  Source output name: (none)
  Release Data: Off
  Data Released: False
  Global Release Data: Off
  PipelineMTime: 0
  UpdateMTime: 1576
  RealTimeStamp: 0 seconds 
  LargestPossibleRegion: 
    Dimension: 3
    Index: [0, 0, 0]
    Size: [160, 240, 256]
  BufferedRegion: 
    Dimension: 3
    Index: [0, 0, 0]
    Size: [160, 240, 256]
  RequestedRegion: 
    Dimension: 3
    Index: [0, 0, 0]
    Size: [160, 240, 256]
  Spacing: [1, 1, 1]
  Origin: [87.9508, 102.562, -147.639]
  Direction: 
-0.998659 -0.0436121 -0.0279129
0.043595 -0.999049 0.00121847
-0.0279395 -2.65543e-08 0.99961

  IndexToPointMatrix: 
-0.998659 -0.0436121 -0.0279129
0.043595 -0.999049 0.00121847
-0.0279395 -2.65543e-08 0.99961

  PointToIndexMatrix: 
-0.998659 0.043595 -0.0279395
-0.0436121 -0.999049 -2.65517e-08
-0.0279129 0.00121847 0.99961

  Inverse Direction: 
-0.998659 0.043595 -0.0279395
-0.0436121 -0.999049 -2.65517e-08
-0.0279129 0.00121847 0.99961

  PixelContainer: 
    ImportImageContainer (0x3d9c6d0)
      RTTI typeinfo:   itk::ImportImageContainer<unsigned long, double>
      Reference Count: 1
      Modified Time: 1573
      Debug: Off
      Object Name: 
      Observers: 
        none
      Pointer: 0x14e93edb0010
      Container manages memory: true
      Size: 9830400
      Capacity: 9830400

     Weighting = 1
     Sampling strategy = regular
     Number of bins = 32
     Radius = 4
     Sampling percentage  = 0.25
   Transform = Rigid
     Gradient step = 0.1
     Update field sigma (voxel space) = 0
     Total field sigma (voxel space) = 0
     Update field time sigma = 0
     Total field time sigma  = 0
     Number of time indices = 0
     Number of time point samples = 0
Registration using 1 total stages.

Stage 0
  iterations = 1000x500x250x100
  convergence threshold = 1e-06
  convergence window size = 10
  number of levels = 4
  using the Mattes MI metric (number of bins = 32, weight = 1, use gradient filter = 0)
  preprocessing:  winsorizing the image intensities
  Shrink factors (level 1 out of 4): [8, 8, 8]
  Shrink factors (level 2 out of 4): [4, 4, 4]
  Shrink factors (level 3 out of 4): [2, 2, 2]
  Shrink factors (level 4 out of 4): [1, 1, 1]
  smoothing sigmas per level: [3, 2, 1, 0]
  regular sampling (percentage = 0.25)

*** Running Euler3DTransform registration ***

DIAGNOSTIC,Iteration,metricValue,convergenceValue,ITERATION_TIME_INDEX,SINCE_LAST
 2DIAGNOSTIC,     1, -4.299060189477e-01, 1.797693134862e+308, 7.2982e-01, 7.2982e-01, 
 2DIAGNOSTIC,     2, -4.311703807429e-01, 1.797693134862e+308, 7.3379e-01, 3.9742e-03, 
 2DIAGNOSTIC,     3, -4.334997061176e-01, 1.797693134862e+308, 7.3803e-01, 4.2329e-03, 
 2DIAGNOSTIC,     4, -4.389575130370e-01, 1.797693134862e+308, 7.4221e-01, 4.1859e-03, 
 2DIAGNOSTIC,     5, -4.438813134482e-01, 1.797693134862e+308, 7.4626e-01, 4.0431e-03, 
 2DIAGNOSTIC,     6, -4.461495460377e-01, 1.797693134862e+308, 7.5021e-01, 3.9570e-03, 
 2DIAGNOSTIC,     7, -4.511407144429e-01, 1.797693134862e+308, 7.5446e-01, 4.2481e-03, 
 2DIAGNOSTIC,     8, -4.667812032718e-01, 1.797693134862e+308, 7.5865e-01, 4.1850e-03, 
 2DIAGNOSTIC,     9, -4.753090114372e-01, 1.797693134862e+308, 7.6321e-01, 4.5669e-03, 
 2DIAGNOSTIC,    10, -4.802481719655e-01, 7.481707542057e-03, 7.6806e-01, 4.8511e-03, 
 2DIAGNOSTIC,    11, -4.821261368877e-01, 7.356704266140e-03, 7.7235e-01, 4.2839e-03, 
 2DIAGNOSTIC,    12, -4.837491005316e-01, 6.749992380104e-03, 7.7734e-01, 4.9901e-03, 
 2DIAGNOSTIC,    13, -5.028244927610e-01, 6.622215038737e-03, 7.8442e-01, 7.0789e-03, 
 2DIAGNOSTIC,    14, -5.042109134423e-01, 6.183615245764e-03, 7.8871e-01, 4.2920e-03, 
 2DIAGNOSTIC,    15, -5.066116081855e-01, 5.558135432388e-03, 7.9300e-01, 4.2880e-03, 
 2DIAGNOSTIC,    16, -5.083451635846e-01, 4.676295421319e-03, 7.9727e-01, 4.2701e-03, 
 2DIAGNOSTIC,    17, -5.184993492789e-01, 3.998770501026e-03, 8.0375e-01, 6.4790e-03, 
 2DIAGNOSTIC,    18, -5.256348855891e-01, 3.769024583854e-03, 8.0805e-01, 4.2989e-03, 
 2DIAGNOSTIC,    19, -5.260487276629e-01, 3.491513202162e-03, 8.1286e-01, 4.8101e-03, 
 2DIAGNOSTIC,    20, -5.292109529835e-01, 3.174906807647e-03, 8.1756e-01, 4.7081e-03, 
 2DIAGNOSTIC,    21, -5.301818287966e-01, 2.681600086886e-03, 8.2194e-01, 4.3812e-03, 
 2DIAGNOSTIC,    22, -5.312241440006e-01, 2.041189047384e-03, 8.2668e-01, 4.7400e-03, 
 2DIAGNOSTIC,    23, -5.321371432688e-01, 1.776979593557e-03, 8.3183e-01, 5.1410e-03, 
 2DIAGNOSTIC,    24, -5.330747245985e-01, 1.429098382062e-03, 8.3618e-01, 4.3590e-03, 
 2DIAGNOSTIC,    25, -5.340979454344e-01, 1.060387747512e-03, 8.4094e-01, 4.7581e-03, 
 2DIAGNOSTIC,    26, -5.353301875906e-01, 6.839350411731e-04, 8.4661e-01, 5.6629e-03, 
 2DIAGNOSTIC,    27, -5.359877934796e-01, 5.005584125813e-04, 8.5074e-01, 4.1339e-03, 
 2DIAGNOSTIC,    28, -5.363338972785e-01, 4.385715512838e-04, 8.5492e-01, 4.1780e-03, 
 2DIAGNOSTIC,    29, -5.373050919903e-01, 3.660301611668e-04, 8.5913e-01, 4.2160e-03, 
 2DIAGNOSTIC,    30, -5.398201292667e-01, 3.716000091117e-04, 8.6404e-01, 4.9088e-03, 
 2DIAGNOSTIC,    31, -5.446419960693e-01, 4.465250469302e-04, 8.7346e-01, 9.4171e-03, 
 2DIAGNOSTIC,    32, -5.446643430268e-01, 4.912587209645e-04, 8.7756e-01, 4.1039e-03, 
 2DIAGNOSTIC,    33, -5.447644957222e-01, 5.056396526879e-04, 8.8167e-01, 4.1020e-03, 
 2DIAGNOSTIC,    34, -5.449309472769e-01, 4.904035276114e-04, 8.8576e-01, 4.0948e-03, 
 2DIAGNOSTIC,    35, -5.452044378328e-01, 4.491486823504e-04, 8.8986e-01, 4.1010e-03, 
 2DIAGNOSTIC,    36, -5.456974275442e-01, 3.933065077493e-04, 8.9393e-01, 4.0669e-03, 
 2DIAGNOSTIC,    37, -5.462998712288e-01, 3.227882573998e-04, 8.9808e-01, 4.1549e-03, 
 2DIAGNOSTIC,    38, -5.470544229577e-01, 2.429359343495e-04, 9.0216e-01, 4.0729e-03, 
 2DIAGNOSTIC,    39, -5.483332147560e-01, 1.763386388458e-04, 9.0675e-01, 4.5981e-03, 
 2DIAGNOSTIC,    40, -5.485726274698e-01, 1.327681509562e-04, 9.1089e-01, 4.1351e-03, 
 2DIAGNOSTIC,    41, -5.488484876579e-01, 1.482777790346e-04, 9.1547e-01, 4.5850e-03, 
 2DIAGNOSTIC,    42, -5.491455635814e-01, 1.532242926925e-04, 9.1966e-01, 4.1900e-03, 
 2DIAGNOSTIC,    43, -5.502461200423e-01, 1.586772815839e-04, 9.2456e-01, 4.8931e-03, 
 2DIAGNOSTIC,    44, -5.634831353675e-01, 3.167354898846e-04, 9.3043e-01, 5.8739e-03, 
 2DIAGNOSTIC,    45, -5.666203919338e-01, 4.742543307529e-04, 9.3510e-01, 4.6670e-03, 
 2DIAGNOSTIC,    46, -5.686729954529e-01, 6.105933113706e-04, 9.3993e-01, 4.8339e-03, 
 2DIAGNOSTIC,    47, -5.690872002104e-01, 6.963045577133e-04, 9.4418e-01, 4.2491e-03, 
 2DIAGNOSTIC,    48, -5.696226343197e-01, 7.259387475593e-04, 9.4833e-01, 4.1449e-03, 
 2DIAGNOSTIC,    49, -5.705345169079e-01, 7.069416811066e-04, 9.5298e-01, 4.6580e-03, 
 2DIAGNOSTIC,    50, -5.708770564805e-01, 6.263634762625e-04, 9.5814e-01, 5.1560e-03, 
 2DIAGNOSTIC,    51, -5.709998673379e-01, 4.955709497243e-04, 9.6229e-01, 4.1542e-03, 
 2DIAGNOSTIC,    52, -5.722394188214e-01, 3.408148012029e-04, 9.6649e-01, 4.1940e-03, 
 2DIAGNOSTIC,    53, -5.732283482831e-01, 1.776726002469e-04, 9.7096e-01, 4.4670e-03, 
 2DIAGNOSTIC,    54, -5.794332097611e-01, 1.984423159414e-04, 9.7839e-01, 7.4379e-03, 
 2DIAGNOSTIC,    55, -5.803987533520e-01, 2.378011070457e-04, 9.8259e-01, 4.1931e-03, 
 2DIAGNOSTIC,    56, -5.810011372075e-01, 2.790873207115e-04, 9.8674e-01, 4.1502e-03, 
 2DIAGNOSTIC,    57, -5.816539819618e-01, 3.028271606621e-04, 9.9145e-01, 4.7090e-03, 
 2DIAGNOSTIC,    58, -5.821506606284e-01, 3.056745939940e-04, 9.9661e-01, 5.1661e-03, 
 2DIAGNOSTIC,    59, -5.822252555240e-01, 2.872314737038e-04, 1.0007e+00, 4.1351e-03, 
 2DIAGNOSTIC,    60, -5.825447438882e-01, 2.478544476745e-04, 1.0049e+00, 4.1261e-03, 
 2DIAGNOSTIC,    61, -5.824672962754e-01, 1.870776891297e-04, 1.0095e+00, 4.6139e-03, 
 2DIAGNOSTIC,    62, -5.825422483076e-01, 1.223279529075e-04, 1.0141e+00, 4.6580e-03, 
 2DIAGNOSTIC,    63, -5.826454195724e-01, 5.597234928998e-05, 1.0188e+00, 4.6079e-03, 
 2DIAGNOSTIC,    64, -5.828393449845e-01, 3.968782336618e-05, 1.0234e+00, 4.6721e-03, 
 2DIAGNOSTIC,    65, -5.832941978737e-01, 3.173322482038e-05, 1.0276e+00, 4.1640e-03, 
 2DIAGNOSTIC,    66, -5.833046224826e-01, 2.580751848693e-05, 1.0317e+00, 4.1130e-03, 
 2DIAGNOSTIC,    67, -5.833470403388e-01, 2.313925699364e-05, 1.0369e+00, 5.1990e-03, 
 2DIAGNOSTIC,    68, -5.833552959937e-01, 2.234561103296e-05, 1.0411e+00, 4.1840e-03, 
 2DIAGNOSTIC,    69, -5.833898701007e-01, 2.020614437705e-05, 1.0455e+00, 4.3721e-03, 
 2DIAGNOSTIC,    70, -5.834433666269e-01, 1.902324983467e-05, 1.0504e+00, 4.9639e-03, 
 2DIAGNOSTIC,    71, -5.836364414634e-01, 1.694564934964e-05, 1.0568e+00, 6.3889e-03, 
 2DIAGNOSTIC,    72, -5.836466829889e-01, 1.398120315424e-05, 1.0608e+00, 3.9811e-03, 
 2DIAGNOSTIC,    73, -5.835962550660e-01, 1.020258706711e-05, 1.0650e+00, 4.1630e-03, 
 2DIAGNOSTIC,    74, -5.836133015174e-01, 7.037310594548e-06, 1.0692e+00, 4.2231e-03, 
 2DIAGNOSTIC,    75, -5.838958872642e-01, 8.481334006199e-06, 1.0735e+00, 4.3042e-03, 
 2DIAGNOSTIC,    76, -5.840302721673e-01, 1.002304890258e-05, 1.0794e+00, 5.8751e-03, 
 2DIAGNOSTIC,    77, -5.839835549331e-01, 1.057043934606e-05, 1.0833e+00, 3.9420e-03, 
 2DIAGNOSTIC,    78, -5.840212011700e-01, 1.050899429357e-05, 1.0873e+00, 4.0381e-03, 
 2DIAGNOSTIC,    79, -5.842185798177e-01, 1.101696056957e-05, 1.0914e+00, 4.0531e-03, 
 2DIAGNOSTIC,    80, -5.854109718548e-01, 1.851978123480e-05, 1.0979e+00, 6.5100e-03, 
 2DIAGNOSTIC,    81, -5.856082866795e-01, 2.637014058658e-05, 1.1020e+00, 4.1270e-03, 
 2DIAGNOSTIC,    82, -5.855626162355e-01, 3.140099797464e-05, 1.1061e+00, 4.0331e-03, 
 2DIAGNOSTIC,    83, -5.856585929541e-01, 3.376605476384e-05, 1.1106e+00, 4.5240e-03, 
 2DIAGNOSTIC,    84, -5.858712571662e-01, 3.417970482531e-05, 1.1147e+00, 4.1249e-03, 
 2DIAGNOSTIC,    85, -5.858628277145e-01, 3.281001232960e-05, 1.1188e+00, 4.0700e-03, 
 2DIAGNOSTIC,    86, -5.859883849457e-01, 2.992665128859e-05, 1.1228e+00, 4.0200e-03, 
 2DIAGNOSTIC,    87, -5.865233715393e-01, 2.729852907012e-05, 1.1278e+00, 5.0380e-03, 
 2DIAGNOSTIC,    88, -5.867763958421e-01, 2.382471871757e-05, 1.1331e+00, 5.2240e-03, 
 2DIAGNOSTIC,    89, -5.869658292534e-01, 2.021927783132e-05, 1.1369e+00, 3.8390e-03, 
 2DIAGNOSTIC,    90, -5.869327436128e-01, 2.146424686841e-05, 1.1408e+00, 3.9499e-03, 
 2DIAGNOSTIC,    91, -5.869968673061e-01, 2.218230537314e-05, 1.1448e+00, 3.9151e-03, 
 2DIAGNOSTIC,    92, -5.871507758437e-01, 2.132841267623e-05, 1.1492e+00, 4.4491e-03, 
 2DIAGNOSTIC,    93, -5.872224400954e-01, 1.931485090990e-05, 1.1551e+00, 5.8689e-03, 
 2DIAGNOSTIC,    94, -5.871790807475e-01, 1.648579889461e-05, 1.1590e+00, 3.9411e-03, 
 2DIAGNOSTIC,    95, -5.872067584351e-01, 1.232630968778e-05, 1.1630e+00, 3.9699e-03, 
 2DIAGNOSTIC,    96, -5.872805916770e-01, 8.115025986190e-06, 1.1685e+00, 5.4579e-03, 
 2DIAGNOSTIC,    97, -5.873087623993e-01, 6.181097447343e-06, 1.1729e+00, 4.4351e-03, 
 2DIAGNOSTIC,    98, -5.873291601775e-01, 5.132267099382e-06, 1.1771e+00, 4.1931e-03, 
 2DIAGNOSTIC,    99, -5.873114045469e-01, 4.565017255268e-06, 1.1816e+00, 4.5428e-03, 
 2DIAGNOSTIC,   100, -5.874627931457e-01, 4.219490663437e-06, 1.1892e+00, 7.6208e-03, 
 2DIAGNOSTIC,   101, -5.874639888143e-01, 3.787788149742e-06, 1.1932e+00, 3.9961e-03, 
 2DIAGNOSTIC,   102, -5.874791824355e-01, 3.875906850186e-06, 1.1972e+00, 3.9589e-03, 
 2DIAGNOSTIC,   103, -5.874940926662e-01, 4.073153172076e-06, 1.2012e+00, 4.0350e-03, 
 2DIAGNOSTIC,   104, -5.875028367362e-01, 3.732776902115e-06, 1.2052e+00, 3.9661e-03, 
 2DIAGNOSTIC,   105, -5.875055939314e-01, 3.199674443280e-06, 1.2092e+00, 3.9558e-03, 
 2DIAGNOSTIC,   106, -5.875088551044e-01, 2.765630750133e-06, 1.2131e+00, 3.9880e-03, 
 2DIAGNOSTIC,   107, -5.875126083512e-01, 2.262988325783e-06, 1.2171e+00, 3.9539e-03, 
 2DIAGNOSTIC,   108, -5.875174041478e-01, 1.710494095964e-06, 1.2234e+00, 6.3519e-03, 
DIAGNOSTIC,Iteration,metricValue,convergenceValue,ITERATION_TIME_INDEX,SINCE_LAST
 2DIAGNOSTIC,     1, -4.732787463135e-01, 1.797693134862e+308, 1.9044e+00, 6.8098e-01, 
 2DIAGNOSTIC,     2, -4.739752109715e-01, 1.797693134862e+308, 1.9325e+00, 2.8044e-02, 
 2DIAGNOSTIC,     3, -4.750423067219e-01, 1.797693134862e+308, 1.9602e+00, 2.7733e-02, 
 2DIAGNOSTIC,     4, -4.771352962990e-01, 1.797693134862e+308, 1.9892e+00, 2.8982e-02, 
 2DIAGNOSTIC,     5, -4.805195044336e-01, 1.797693134862e+308, 2.0178e+00, 2.8569e-02, 
 2DIAGNOSTIC,     6, -4.822949052977e-01, 1.797693134862e+308, 2.0510e+00, 3.3242e-02, 
 2DIAGNOSTIC,     7, -4.830770222459e-01, 1.797693134862e+308, 2.0808e+00, 2.9774e-02, 
 2DIAGNOSTIC,     8, -4.832452549727e-01, 1.797693134862e+308, 2.1108e+00, 2.9981e-02, 
 2DIAGNOSTIC,     9, -4.837230685063e-01, 1.797693134862e+308, 2.1443e+00, 3.3552e-02, 
 2DIAGNOSTIC,    10, -4.841564021691e-01, 1.675341754197e-03, 2.1849e+00, 4.0638e-02, 
 2DIAGNOSTIC,    11, -4.844819582906e-01, 1.321236527734e-03, 2.2146e+00, 2.9676e-02, 
 2DIAGNOSTIC,    12, -4.845172801930e-01, 9.462246276467e-04, 2.2445e+00, 2.9913e-02, 
 2DIAGNOSTIC,    13, -4.846650699933e-01, 6.000009600827e-04, 2.2765e+00, 3.1978e-02, 
 2DIAGNOSTIC,    14, -4.849997729795e-01, 3.487724828345e-04, 2.3160e+00, 3.9458e-02, 
 2DIAGNOSTIC,    15, -4.855089047730e-01, 2.507030437481e-04, 2.3488e+00, 3.2812e-02, 
 2DIAGNOSTIC,    16, -4.855753669004e-01, 2.091052363227e-04, 2.3772e+00, 2.8394e-02, 
 2DIAGNOSTIC,    17, -4.856130554364e-01, 1.823552818252e-04, 2.4056e+00, 2.8415e-02, 
 2DIAGNOSTIC,    18, -4.857750883135e-01, 1.527802092883e-04, 2.4341e+00, 2.8475e-02, 
 2DIAGNOSTIC,    19, -4.860145751705e-01, 1.340040096370e-04, 2.4661e+00, 3.2002e-02, 
 2DIAGNOSTIC,    20, -4.861334287167e-01, 1.204754103272e-04, 2.4963e+00, 3.0244e-02, 
 2DIAGNOSTIC,    21, -4.863398507407e-01, 1.122339133638e-04, 2.5388e+00, 4.2460e-02, 
 2DIAGNOSTIC,    22, -4.863668739977e-01, 9.624327037762e-05, 2.5672e+00, 2.8453e-02, 
 2DIAGNOSTIC,    23, -4.863889833586e-01, 7.706968560517e-05, 2.5966e+00, 2.9421e-02, 
 2DIAGNOSTIC,    24, -4.865421272015e-01, 6.399625369509e-05, 2.6255e+00, 2.8830e-02, 
 2DIAGNOSTIC,    25, -4.868016446279e-01, 6.402809359213e-05, 2.6547e+00, 2.9251e-02, 
 2DIAGNOSTIC,    26, -4.874748540940e-01, 7.477740130898e-05, 2.6872e+00, 3.2447e-02, 
 2DIAGNOSTIC,    27, -4.877121553887e-01, 8.346130897891e-05, 2.7318e+00, 4.4644e-02, 
 2DIAGNOSTIC,    28, -4.879748355057e-01, 9.272252490226e-05, 2.7651e+00, 3.3242e-02, 
 2DIAGNOSTIC,    29, -4.881176848470e-01, 1.004801080330e-04, 2.7949e+00, 2.9881e-02, 
 2DIAGNOSTIC,    30, -4.882715847644e-01, 1.034682487118e-04, 2.8243e+00, 2.9316e-02, 
 2DIAGNOSTIC,    31, -4.886028710718e-01, 1.065679739104e-04, 2.8565e+00, 3.2278e-02, 
 2DIAGNOSTIC,    32, -4.895036408816e-01, 1.163456649076e-04, 2.8887e+00, 3.2180e-02, 
 2DIAGNOSTIC,    33, -4.902230921621e-01, 1.274889985886e-04, 2.9356e+00, 4.6842e-02, 
 2DIAGNOSTIC,    34, -4.907058360418e-01, 1.368594157216e-04, 2.9641e+00, 2.8578e-02, 
 2DIAGNOSTIC,    35, -4.917840392143e-01, 1.550520335343e-04, 2.9929e+00, 2.8779e-02, 
 2DIAGNOSTIC,    36, -4.922147289625e-01, 1.751349434561e-04, 3.0285e+00, 3.5576e-02, 
 2DIAGNOSTIC,    37, -4.922908490076e-01, 1.822803662477e-04, 3.0614e+00, 3.2948e-02, 
 2DIAGNOSTIC,    38, -4.923090859958e-01, 1.761994009860e-04, 3.0904e+00, 2.8917e-02, 
 2DIAGNOSTIC,    39, -4.923724350009e-01, 1.569233968762e-04, 3.1230e+00, 3.2624e-02, 
 2DIAGNOSTIC,    40, -4.924319153370e-01, 1.267326301785e-04, 3.1556e+00, 3.2618e-02, 
 2DIAGNOSTIC,    41, -4.924538041595e-01, 9.075096380802e-05, 3.1900e+00, 3.4393e-02, 
 2DIAGNOSTIC,    42, -4.924930076346e-01, 6.101325102013e-05, 3.2233e+00, 3.3325e-02, 
 2DIAGNOSTIC,    43, -4.924947230867e-01, 3.679767458869e-05, 3.2526e+00, 2.9290e-02, 
 2DIAGNOSTIC,    44, -4.925697905508e-01, 1.732531726336e-05, 3.2822e+00, 2.9604e-02, 
 2DIAGNOSTIC,    45, -4.927358227710e-01, 1.311087727229e-05, 3.3156e+00, 3.3351e-02, 
 2DIAGNOSTIC,    46, -4.928628289482e-01, 1.490567677699e-05, 3.3561e+00, 4.0511e-02, 
 2DIAGNOSTIC,    47, -4.929173287065e-01, 1.688648616726e-05, 3.4005e+00, 4.4400e-02, 
 2DIAGNOSTIC,    48, -4.929223000094e-01, 1.753253842991e-05, 3.4301e+00, 2.9602e-02, 
 2DIAGNOSTIC,    49, -4.929795271638e-01, 1.797090770199e-05, 3.4591e+00, 2.9019e-02, 
 2DIAGNOSTIC,    50, -4.929915956333e-01, 1.751587975759e-05, 3.4887e+00, 2.9635e-02, 
 2DIAGNOSTIC,    51, -4.930471330077e-01, 1.631884181165e-05, 3.5184e+00, 2.9686e-02, 
 2DIAGNOSTIC,    52, -4.931167584261e-01, 1.490224772243e-05, 3.5516e+00, 3.3154e-02, 
 2DIAGNOSTIC,    53, -4.933800887576e-01, 1.508726023020e-05, 3.6014e+00, 4.9802e-02, 
 2DIAGNOSTIC,    54, -4.933827221604e-01, 1.461523938376e-05, 3.6334e+00, 3.2084e-02, 
 2DIAGNOSTIC,    55, -4.933869756757e-01, 1.462586597808e-05, 3.6648e+00, 3.1318e-02, 
 2DIAGNOSTIC,    56, -4.933758741378e-01, 1.451805016660e-05, 3.6972e+00, 3.2453e-02, 
 2DIAGNOSTIC,    57, -4.933699936862e-01, 1.355869193229e-05, 3.7298e+00, 3.2543e-02, 
 2DIAGNOSTIC,    58, -4.933564056424e-01, 1.124517816368e-05, 3.7633e+00, 3.3508e-02, 
 2DIAGNOSTIC,    59, -4.933496599942e-01, 8.486650343108e-06, 3.7931e+00, 2.9819e-02, 
 2DIAGNOSTIC,    60, -4.933432257195e-01, 5.145288550112e-06, 3.8228e+00, 2.9754e-02, 
 2DIAGNOSTIC,    61, -4.933526438343e-01, 2.103292787003e-06, 3.8567e+00, 3.3901e-02, 
DIAGNOSTIC,Iteration,metricValue,convergenceValue,ITERATION_TIME_INDEX,SINCE_LAST
 2DIAGNOSTIC,     1, -4.341901876773e-01, 1.797693134862e+308, 4.9295e+00, 1.0727e+00, 
 2DIAGNOSTIC,     2, -4.343817782984e-01, 1.797693134862e+308, 5.1423e+00, 2.1287e-01, 
 2DIAGNOSTIC,     3, -4.344919648247e-01, 1.797693134862e+308, 5.3404e+00, 1.9804e-01, 
 2DIAGNOSTIC,     4, -4.345969934407e-01, 1.797693134862e+308, 5.5333e+00, 1.9293e-01, 
 2DIAGNOSTIC,     5, -4.346847827707e-01, 1.797693134862e+308, 5.7881e+00, 2.5476e-01, 
 2DIAGNOSTIC,     6, -4.347064808390e-01, 1.797693134862e+308, 6.0029e+00, 2.1485e-01, 
 2DIAGNOSTIC,     7, -4.347152925487e-01, 1.797693134862e+308, 6.1808e+00, 1.7789e-01, 
 2DIAGNOSTIC,     8, -4.347649448030e-01, 1.797693134862e+308, 6.3919e+00, 2.1114e-01, 
 2DIAGNOSTIC,     9, -4.347595524600e-01, 1.797693134862e+308, 6.6298e+00, 2.3785e-01, 
 2DIAGNOSTIC,    10, -4.347927462334e-01, 8.054715514434e-05, 6.8545e+00, 2.2467e-01, 
 2DIAGNOSTIC,    11, -4.348684974920e-01, 5.654186815951e-05, 7.0771e+00, 2.2261e-01, 
 2DIAGNOSTIC,    12, -4.348689518804e-01, 4.204490219215e-05, 7.2952e+00, 2.1815e-01, 
 2DIAGNOSTIC,    13, -4.348775824715e-01, 3.214782737011e-05, 7.4786e+00, 1.8334e-01, 
 2DIAGNOSTIC,    14, -4.348810572771e-01, 2.597250845437e-05, 7.6853e+00, 2.0671e-01, 
 2DIAGNOSTIC,    15, -4.348819209691e-01, 2.229889097127e-05, 7.8734e+00, 1.8811e-01, 
 2DIAGNOSTIC,    16, -4.348891468153e-01, 1.837589404624e-05, 8.1342e+00, 2.6082e-01, 
 2DIAGNOSTIC,    17, -4.348959507633e-01, 1.395223574731e-05, 8.3302e+00, 1.9603e-01, 
 2DIAGNOSTIC,    18, -4.348965812053e-01, 1.078639967331e-05, 8.5534e+00, 2.2322e-01, 
 2DIAGNOSTIC,    19, -4.349052967269e-01, 7.234484047290e-06, 8.7542e+00, 2.0077e-01, 
 2DIAGNOSTIC,    20, -4.349399271240e-01, 5.665854088573e-06, 8.9414e+00, 1.8717e-01, 
 2DIAGNOSTIC,    21, -4.349997616230e-01, 8.060349931338e-06, 9.3029e+00, 3.6156e-01, 
 2DIAGNOSTIC,    22, -4.350021585902e-01, 9.666483815611e-06, 9.5191e+00, 2.1618e-01, 
 2DIAGNOSTIC,    23, -4.350031153239e-01, 1.066973199623e-05, 9.7877e+00, 2.6859e-01, 
 2DIAGNOSTIC,    24, -4.350039539738e-01, 1.086006803407e-05, 1.0001e+01, 2.1289e-01, 
 2DIAGNOSTIC,    25, -4.350037290642e-01, 1.013228987002e-05, 1.0222e+01, 2.2152e-01, 
 2DIAGNOSTIC,    26, -4.350036861923e-01, 8.778670316477e-06, 1.0438e+01, 2.1544e-01, 
 2DIAGNOSTIC,    27, -4.350029157621e-01, 6.969409670356e-06, 1.0671e+01, 2.3330e-01, 
 2DIAGNOSTIC,    28, -4.350040385234e-01, 4.810625537470e-06, 1.0887e+01, 2.1624e-01, 
 2DIAGNOSTIC,    29, -4.350043353794e-01, 2.650352224472e-06, 1.1072e+01, 1.8461e-01, 
 2DIAGNOSTIC,    30, -4.350052349401e-01, 1.224832146242e-06, 1.1278e+01, 2.0645e-01, 
 2DIAGNOSTIC,    31, -4.350050017006e-01, 1.131502006840e-06, 1.1509e+01, 2.3117e-01, 
 2DIAGNOSTIC,    32, -4.350050707827e-01, 1.084637003622e-06, 1.1742e+01, 2.3251e-01, 
 2DIAGNOSTIC,    33, -4.350050742621e-01, 1.050386292091e-06, 1.1950e+01, 2.0818e-01, 
 2DIAGNOSTIC,    34, -4.350062528732e-01, 1.048323845027e-06, 1.2167e+01, 2.1731e-01, 
 2DIAGNOSTIC,    35, -4.350096501695e-01, 1.094230467902e-06, 1.2382e+01, 2.1491e-01, 
 2DIAGNOSTIC,    36, -4.350121606576e-01, 1.164018102264e-06, 1.2613e+01, 2.3120e-01, 
 2DIAGNOSTIC,    37, -4.350167010692e-01, 1.269504053648e-06, 1.2842e+01, 2.2896e-01, 
 2DIAGNOSTIC,    38, -4.350175146615e-01, 1.362870670638e-06, 1.3077e+01, 2.3443e-01, 
 2DIAGNOSTIC,    39, -4.350148847873e-01, 1.362475256231e-06, 1.3288e+01, 2.1071e-01, 
 2DIAGNOSTIC,    40, -4.350157546016e-01, 1.340440506661e-06, 1.3508e+01, 2.2022e-01, 
 2DIAGNOSTIC,    41, -4.350164745930e-01, 1.273670473395e-06, 1.3684e+01, 1.7586e-01, 
 2DIAGNOSTIC,    42, -4.350176325859e-01, 1.180533525411e-06, 1.3878e+01, 1.9454e-01, 
 2DIAGNOSTIC,    43, -4.350192725294e-01, 1.076557447934e-06, 1.4089e+01, 2.1093e-01, 
 2DIAGNOSTIC,    44, -4.350234550855e-01, 1.025112707109e-06, 1.4402e+01, 3.1276e-01, 
DIAGNOSTIC,Iteration,metricValue,convergenceValue,ITERATION_TIME_INDEX,SINCE_LAST
 2DIAGNOSTIC,     1, -4.016174148815e-01, 1.797693134862e+308, 1.6756e+01, 2.3538e+00, 
 2DIAGNOSTIC,     2, -4.017507155730e-01, 1.797693134862e+308, 1.8037e+01, 1.2811e+00, 
 2DIAGNOSTIC,     3, -4.017822656120e-01, 1.797693134862e+308, 1.9867e+01, 1.8305e+00, 
 2DIAGNOSTIC,     4, -4.017887396648e-01, 1.797693134862e+308, 2.1245e+01, 1.3778e+00, 
 2DIAGNOSTIC,     5, -4.017905599670e-01, 1.797693134862e+308, 2.3101e+01, 1.8562e+00, 
 2DIAGNOSTIC,     6, -4.017905784680e-01, 1.797693134862e+308, 2.5387e+01, 2.2855e+00, 
 2DIAGNOSTIC,     7, -4.017907637977e-01, 1.797693134862e+308, 2.7065e+01, 1.6780e+00, 
 2DIAGNOSTIC,     8, -4.017906286566e-01, 1.797693134862e+308, 2.8923e+01, 1.8584e+00, 
 2DIAGNOSTIC,     9, -4.017904679310e-01, 1.797693134862e+308, 3.0396e+01, 1.4731e+00, 
 2DIAGNOSTIC,    10, -4.017904774631e-01, 1.836248526556e-05, 3.1900e+01, 1.5038e+00, 
 2DIAGNOSTIC,    11, -4.017904000859e-01, 5.987396107035e-06, 3.3189e+01, 1.2886e+00, 
 2DIAGNOSTIC,    12, -4.017903291165e-01, 3.204014148606e-06, 3.4549e+01, 1.3599e+00, 
 2DIAGNOSTIC,    13, -4.017903565114e-01, 2.508494872683e-06, 3.6019e+01, 1.4703e+00, 
 2DIAGNOSTIC,    14, -4.017903749538e-01, 2.232347146205e-06, 3.7328e+01, 1.3091e+00, 
 2DIAGNOSTIC,    15, -4.017903198003e-01, 2.079851377693e-06, 3.8616e+01, 1.2880e+00, 
 2DIAGNOSTIC,    16, -4.017902859787e-01, 1.949234704882e-06, 3.9991e+01, 1.3750e+00, 
 2DIAGNOSTIC,    17, -4.017902885177e-01, 1.845558503917e-06, 4.1567e+01, 1.5756e+00, 
 2DIAGNOSTIC,    18, -4.017902603533e-01, 1.749427798153e-06, 4.3100e+01, 1.5337e+00, 
 2DIAGNOSTIC,    19, -4.017901242427e-01, 1.653933718031e-06, 4.4565e+01, 1.4647e+00, 
 2DIAGNOSTIC,    20, -4.017900706493e-01, 1.568545393141e-06, 4.5943e+01, 1.3783e+00, 
 2DIAGNOSTIC,    21, -4.017898661559e-01, 1.483940631999e-06, 4.7448e+01, 1.5051e+00, 
 2DIAGNOSTIC,    22, -4.017899020451e-01, 1.408835434875e-06, 4.8886e+01, 1.4377e+00, 
 2DIAGNOSTIC,    23, -4.017897639311e-01, 1.340170119803e-06, 5.0207e+01, 1.3207e+00, 
 2DIAGNOSTIC,    24, -4.017897384002e-01, 1.281183198358e-06, 5.1759e+01, 1.5518e+00, 
 2DIAGNOSTIC,    25, -4.017896563229e-01, 1.227255856349e-06, 5.3076e+01, 1.3177e+00, 
 2DIAGNOSTIC,    26, -4.017894618293e-01, 1.175531782742e-06, 5.4508e+01, 1.4321e+00, 
 2DIAGNOSTIC,    27, -4.017892975145e-01, 1.127999734320e-06, 5.5976e+01, 1.4674e+00, 
 2DIAGNOSTIC,    28, -4.017894680441e-01, 1.092272836144e-06, 5.7700e+01, 1.7243e+00, 
 2DIAGNOSTIC,    29, -4.017895824237e-01, 1.062395606551e-06, 5.9188e+01, 1.4878e+00, 
 2DIAGNOSTIC,    30, -4.017894360028e-01, 1.033113725304e-06, 6.0715e+01, 1.5274e+00, 
 2DIAGNOSTIC,    31, -4.017893729809e-01, 1.002410265648e-06, 6.2095e+01, 1.3796e+00, 
  Elapsed time (stage 0): 6.3002e+01


Total elapsed time: 6.3005e+01
Info [verificarlo]: loaded backend libinterflop_ieee.so
Info [interflop-ieee]: load backend with:
Info [interflop-ieee]: debug = false
Info [interflop-ieee]: debug-binary = false
Info [interflop-ieee]: no-backend-name = false
Info [interflop-ieee]: print-new-line = false
Info [interflop-ieee]: print-subnormal-normalized = false
Info [interflop-ieee]: count-op = false
All_Command_lines_OK
Using double precision for computations.
=============================================================================
The composite transform comprises the following transforms (in order): 
  1. /home/mdugre/scratch/mri-registration-rp/datasets/ds004513/derivatives/mri-registration-rp/0001/antsRegistration-r8-p13/sub-s037/rigid_Composite.h5[0] (type = Euler3DTransform)
  2. /home/mdugre/scratch/mri-registration-rp/datasets/ds004513/derivatives/mri-registration-rp/0001/antsRegistration-r8-p13/sub-s037/rigid_Composite.h5[1] (type = Euler3DTransform)
  3. /home/mdugre/scratch/mri-registration-rp/datasets/ds004513/derivatives/mri-registration-rp/0001/antsRegistration-r8-p13/sub-s037/rigid_Composite.h5[2] (type = Euler3DTransform)
=============================================================================
  number of levels = 4
  fixed image: /templateflow/tpl-MNI152NLin2009cAsym/tpl-MNI152NLin2009cAsym_res-01_desc-brain_T1w.nii.gz
  moving image: /home/mdugre/scratch/mri-registration-rp/datasets/ds004513/derivatives/mri-registration-rp/antsBrainExtraction/sub-s037/BrainExtractionBrain.nii.gz
Dimension = 3
Number of stages = 1
Use histogram matching = false
Winsorize image intensities = true
  Lower quantile = 0.005
  Upper quantile = 0.995


Stage 1 State
   Image metric = MattesMI
     Fixed image = Image (0x483d7e0)
  RTTI typeinfo:   itk::Image<double, 3u>
  Reference Count: 2
  Modified Time: 1592
  Debug: Off
  Object Name: 
  Observers: 
    none
  Source: (none)
  Source output name: (none)
  Release Data: Off
  Data Released: False
  Global Release Data: Off
  PipelineMTime: 0
  UpdateMTime: 1203
  RealTimeStamp: 0 seconds 
  LargestPossibleRegion: 
    Dimension: 3
    Index: [0, 0, 0]
    Size: [193, 229, 193]
  BufferedRegion: 
    Dimension: 3
    Index: [0, 0, 0]
    Size: [193, 229, 193]
  RequestedRegion: 
    Dimension: 3
    Index: [0, 0, 0]
    Size: [193, 229, 193]
  Spacing: [1, 1, 1]
  Origin: [96, 132, -78]
  Direction: 
-1 0 0
0 -1 0
0 0 1

  IndexToPointMatrix: 
-1 0 0
0 -1 0
0 0 1

  PointToIndexMatrix: 
-1 0 0
0 -1 0
0 0 1

  Inverse Direction: 
-1 0 0
0 -1 0
0 0 1

  PixelContainer: 
    ImportImageContainer (0x48fda20)
      RTTI typeinfo:   itk::ImportImageContainer<unsigned long, double>
      Reference Count: 1
      Modified Time: 1200
      Debug: Off
      Object Name: 
      Observers: 
        none
      Pointer: 0x14ef92d50010
      Container manages memory: true
      Size: 8530021
      Capacity: 8530021

     Moving image = Image (0x48f8d70)
  RTTI typeinfo:   itk::Image<double, 3u>
  Reference Count: 2
  Modified Time: 1593
  Debug: Off
  Object Name: 
  Observers: 
    none
  Source: (none)
  Source output name: (none)
  Release Data: Off
  Data Released: False
  Global Release Data: Off
  PipelineMTime: 0
  UpdateMTime: 1590
  RealTimeStamp: 0 seconds 
  LargestPossibleRegion: 
    Dimension: 3
    Index: [0, 0, 0]
    Size: [160, 240, 256]
  BufferedRegion: 
    Dimension: 3
    Index: [0, 0, 0]
    Size: [160, 240, 256]
  RequestedRegion: 
    Dimension: 3
    Index: [0, 0, 0]
    Size: [160, 240, 256]
  Spacing: [1, 1, 1]
  Origin: [87.9508, 102.562, -147.639]
  Direction: 
-0.998659 -0.0436121 -0.0279129
0.043595 -0.999049 0.00121847
-0.0279395 -2.65543e-08 0.99961

  IndexToPointMatrix: 
-0.998659 -0.0436121 -0.0279129
0.043595 -0.999049 0.00121847
-0.0279395 -2.65543e-08 0.99961

  PointToIndexMatrix: 
-0.998659 0.043595 -0.0279395
-0.0436121 -0.999049 -2.65517e-08
-0.0279129 0.00121847 0.99961

  Inverse Direction: 
-0.998659 0.043595 -0.0279395
-0.0436121 -0.999049 -2.65517e-08
-0.0279129 0.00121847 0.99961

  PixelContainer: 
    ImportImageContainer (0x48b0c90)
      RTTI typeinfo:   itk::ImportImageContainer<unsigned long, double>
      Reference Count: 1
      Modified Time: 1587
      Debug: Off
      Object Name: 
      Observers: 
        none
      Pointer: 0x14ef8e24f010
      Container manages memory: true
      Size: 9830400
      Capacity: 9830400

     Weighting = 1
     Sampling strategy = regular
     Number of bins = 32
     Radius = 4
     Sampling percentage  = 0.25
   Transform = Affine
     Gradient step = 0.1
     Update field sigma (voxel space) = 0
     Total field sigma (voxel space) = 0
     Update field time sigma = 0
     Total field time sigma  = 0
     Number of time indices = 0
     Number of time point samples = 0
Registration using 1 total stages.

Stage 0
  iterations = 1000x500x250x100
  convergence threshold = 1e-06
  convergence window size = 10
  number of levels = 4
  using the Mattes MI metric (number of bins = 32, weight = 1, use gradient filter = 0)
  preprocessing:  winsorizing the image intensities
  Shrink factors (level 1 out of 4): [8, 8, 8]
  Shrink factors (level 2 out of 4): [4, 4, 4]
  Shrink factors (level 3 out of 4): [2, 2, 2]
  Shrink factors (level 4 out of 4): [1, 1, 1]
  smoothing sigmas per level: [3, 2, 1, 0]
  regular sampling (percentage = 0.25)

*** Running AffineTransform registration ***

DIAGNOSTIC,Iteration,metricValue,convergenceValue,ITERATION_TIME_INDEX,SINCE_LAST
 2DIAGNOSTIC,     1, -5.854919584820e-01, 1.797693134862e+308, 6.9724e-01, 6.9724e-01, 
 2DIAGNOSTIC,     2, -5.872593846026e-01, 1.797693134862e+308, 7.0133e-01, 4.0910e-03, 
 2DIAGNOSTIC,     3, -5.899200029377e-01, 1.797693134862e+308, 7.0581e-01, 4.4749e-03, 
 2DIAGNOSTIC,     4, -5.947990301115e-01, 1.797693134862e+308, 7.1024e-01, 4.4389e-03, 
 2DIAGNOSTIC,     5, -6.039482559157e-01, 1.797693134862e+308, 7.1440e-01, 4.1590e-03, 
 2DIAGNOSTIC,     6, -6.156609392011e-01, 1.797693134862e+308, 7.1876e-01, 4.3540e-03, 
 2DIAGNOSTIC,     7, -6.353705019522e-01, 1.797693134862e+308, 7.2324e-01, 4.4801e-03, 
 2DIAGNOSTIC,     8, -6.706723489428e-01, 1.797693134862e+308, 7.2814e-01, 4.9028e-03, 
 2DIAGNOSTIC,     9, -7.059903256715e-01, 1.797693134862e+308, 7.3428e-01, 6.1359e-03, 
 2DIAGNOSTIC,    10, -7.115919272723e-01, 1.386910938173e-02, 7.4155e-01, 7.2711e-03, 
 2DIAGNOSTIC,    11, -7.137066046213e-01, 1.399048056079e-02, 7.4609e-01, 4.5409e-03, 
 2DIAGNOSTIC,    12, -7.150186469731e-01, 1.296620165115e-02, 7.5064e-01, 4.5540e-03, 
 2DIAGNOSTIC,    13, -7.168710577743e-01, 1.108528961764e-02, 7.5551e-01, 4.8699e-03, 
 2DIAGNOSTIC,    14, -7.187493561917e-01, 8.690131125003e-03, 7.6035e-01, 4.8370e-03, 
 2DIAGNOSTIC,    15, -7.210289868385e-01, 6.189224145943e-03, 7.6524e-01, 4.8912e-03, 
 2DIAGNOSTIC,    16, -7.223288656812e-01, 3.822187699042e-03, 7.7202e-01, 6.7790e-03, 
 2DIAGNOSTIC,    17, -7.221273680164e-01, 1.883639504257e-03, 7.8148e-01, 9.4562e-03, 
 2DIAGNOSTIC,    18, -7.220946076330e-01, 8.149161738338e-04, 7.8682e-01, 5.3401e-03, 
