
##########################
# Experiment information #
##########################

EXPERIMENT_NAME: antsRegistration-r7-p17
VFC_BACKENDS: libinterflop_vprec.so --range-binary32=7 --precision-binary32=17 --range-binary64=7 --precision-binary64=17

SIF_IMG: /home/mdugre/projects/rrg-glatard/mdugre/containers/ants-vprec-no_metrics.simg

SUBJECT_ID: s003
INPUT_IMG: /home/mdugre/scratch/mri-registration-rp/datasets/ds004513/derivatives/mri-registration-rp/antsBrainExtraction/sub-s003/BrainExtractionBrain.nii.gz
OUTPUT_DIR: /home/mdugre/scratch/mri-registration-rp/datasets/ds004513/derivatives/mri-registration-rp/0001/antsRegistration-r7-p17/sub-s003

FIXED_IMG: /templateflow/tpl-MNI152NLin2009cAsym/tpl-MNI152NLin2009cAsym_res-01_desc-brain_T1w.nii.gz
DATA_DIR: /home/mdugre/scratch/mri-registration-rp/datasets/ds004513
TEMPLATEFLOW_DIR: /home/mdugre/projects/rrg-glatard/mdugre/templateflow
ITK_GLOBAL_DEFAULT_NUMBER_OF_THREADS: 16
##########################

Info [verificarlo]: loaded backend libinterflop_ieee.so
Info [interflop-ieee]: load backend with:
Info [interflop-ieee]: debug = false
Info [interflop-ieee]: debug-binary = false
Info [interflop-ieee]: no-backend-name = false
Info [interflop-ieee]: print-new-line = false
Info [interflop-ieee]: print-subnormal-normalized = false
Info [interflop-ieee]: count-op = false
All_Command_lines_OK
Using double precision for computations.
=============================================================================
The composite transform comprises the following transforms (in order): 
  1. Center of mass alignment using fixed image: /templateflow/tpl-MNI152NLin2009cAsym/tpl-MNI152NLin2009cAsym_res-01_desc-brain_T1w.nii.gz and moving image: /home/mdugre/scratch/mri-registration-rp/datasets/ds004513/derivatives/mri-registration-rp/antsBrainExtraction/sub-s003/BrainExtractionBrain.nii.gz (type = Euler3DTransform)
=============================================================================
  number of levels = 1
  fixed image: /templateflow/tpl-MNI152NLin2009cAsym/tpl-MNI152NLin2009cAsym_res-01_desc-brain_T1w.nii.gz
  moving image: /home/mdugre/scratch/mri-registration-rp/datasets/ds004513/derivatives/mri-registration-rp/antsBrainExtraction/sub-s003/BrainExtractionBrain.nii.gz
Dimension = 3
Number of stages = 1
Use histogram matching = false
Winsorize image intensities = true
  Lower quantile = 0.005
  Upper quantile = 0.995


Stage 1 State
   Image metric = MattesMI
     Fixed image = Image (0x5163e70)
  RTTI typeinfo:   itk::Image<double, 3u>
  Reference Count: 2
  Modified Time: 2334
  Debug: Off
  Object Name: 
  Observers: 
    none
  Source: (none)
  Source output name: (none)
  Release Data: Off
  Data Released: False
  Global Release Data: Off
  PipelineMTime: 0
  UpdateMTime: 1943
  RealTimeStamp: 0 seconds 
  LargestPossibleRegion: 
    Dimension: 3
    Index: [0, 0, 0]
    Size: [193, 229, 193]
  BufferedRegion: 
    Dimension: 3
    Index: [0, 0, 0]
    Size: [193, 229, 193]
  RequestedRegion: 
    Dimension: 3
    Index: [0, 0, 0]
    Size: [193, 229, 193]
  Spacing: [1, 1, 1]
  Origin: [96, 132, -78]
  Direction: 
-1 0 0
0 -1 0
0 0 1

  IndexToPointMatrix: 
-1 0 0
0 -1 0
0 0 1

  PointToIndexMatrix: 
-1 0 0
0 -1 0
0 0 1

  Inverse Direction: 
-1 0 0
0 -1 0
0 0 1

  PixelContainer: 
    ImportImageContainer (0x5170140)
      RTTI typeinfo:   itk::ImportImageContainer<unsigned long, double>
      Reference Count: 1
      Modified Time: 1940
      Debug: Off
      Object Name: 
      Observers: 
        none
      Pointer: 0x1461b6860010
      Container manages memory: true
      Size: 8530021
      Capacity: 8530021

     Moving image = Image (0x516d310)
  RTTI typeinfo:   itk::Image<double, 3u>
  Reference Count: 2
  Modified Time: 2335
  Debug: Off
  Object Name: 
  Observers: 
    none
  Source: (none)
  Source output name: (none)
  Release Data: Off
  Data Released: False
  Global Release Data: Off
  PipelineMTime: 0
  UpdateMTime: 2332
  RealTimeStamp: 0 seconds 
  LargestPossibleRegion: 
    Dimension: 3
    Index: [0, 0, 0]
    Size: [176, 240, 256]
  BufferedRegion: 
    Dimension: 3
    Index: [0, 0, 0]
    Size: [176, 240, 256]
  RequestedRegion: 
    Dimension: 3
    Index: [0, 0, 0]
    Size: [176, 240, 256]
  Spacing: [0.999999, 1, 1]
  Origin: [93.3499, 86.9368, -128.957]
  Direction: 
-0.999513 -0.0279216 -0.0139567
0.0279189 -0.99961 0.000389866
-0.0139622 2.01492e-08 0.999903

  IndexToPointMatrix: 
-0.999512 -0.0279216 -0.0139567
0.0279189 -0.99961 0.000389866
-0.0139621 2.01492e-08 0.999903

  PointToIndexMatrix: 
-0.999514 0.0279189 -0.0139622
-0.0279216 -0.99961 2.01716e-08
-0.0139567 0.000389866 0.999903

  Inverse Direction: 
-0.999513 0.0279189 -0.0139622
-0.0279216 -0.99961 2.01716e-08
-0.0139567 0.000389866 0.999903

  PixelContainer: 
    ImportImageContainer (0x5298610)
      RTTI typeinfo:   itk::ImportImageContainer<unsigned long, double>
      Reference Count: 1
      Modified Time: 2329
      Debug: Off
      Object Name: 
      Observers: 
        none
      Pointer: 0x1461b15df010
      Container manages memory: true
      Size: 10813440
      Capacity: 10813440

     Weighting = 1
     Sampling strategy = regular
     Number of bins = 32
     Radius = 4
     Sampling percentage  = 0.25
   Transform = Rigid
     Gradient step = 0.1
     Update field sigma (voxel space) = 0
     Total field sigma (voxel space) = 0
     Update field time sigma = 0
     Total field time sigma  = 0
     Number of time indices = 0
     Number of time point samples = 0
Registration using 1 total stages.

Stage 0
  iterations = 0
  convergence threshold = 1e-06
  convergence window size = 10
  number of levels = 1
  using the Mattes MI metric (number of bins = 32, weight = 1, use gradient filter = 0)
  preprocessing:  winsorizing the image intensities
  Shrink factors (level 1 out of 1): [1, 1, 1]
  smoothing sigmas per level: [0]
  regular sampling (percentage = 0.25)

*** Running Euler3DTransform registration ***

  Elapsed time (stage 0): 1.17461


Total elapsed time: 1.18811
Info [verificarlo]: loaded backend libinterflop_ieee.so
Info [interflop-ieee]: load backend with:
Info [interflop-ieee]: debug = false
Info [interflop-ieee]: debug-binary = false
Info [interflop-ieee]: no-backend-name = false
Info [interflop-ieee]: print-new-line = false
Info [interflop-ieee]: print-subnormal-normalized = false
Info [interflop-ieee]: count-op = false
All_Command_lines_OK
Using double precision for computations.
=============================================================================
The composite transform comprises the following transforms (in order): 
  1. /home/mdugre/scratch/mri-registration-rp/datasets/ds004513/derivatives/mri-registration-rp/0001/antsRegistration-r7-p17/sub-s003/align_Composite.h5[0] (type = Euler3DTransform)
  2. /home/mdugre/scratch/mri-registration-rp/datasets/ds004513/derivatives/mri-registration-rp/0001/antsRegistration-r7-p17/sub-s003/align_Composite.h5[1] (type = Euler3DTransform)
=============================================================================
  number of levels = 4
  fixed image: /templateflow/tpl-MNI152NLin2009cAsym/tpl-MNI152NLin2009cAsym_res-01_desc-brain_T1w.nii.gz
  moving image: /home/mdugre/scratch/mri-registration-rp/datasets/ds004513/derivatives/mri-registration-rp/antsBrainExtraction/sub-s003/BrainExtractionBrain.nii.gz
Dimension = 3
Number of stages = 1
Use histogram matching = false
Winsorize image intensities = true
  Lower quantile = 0.005
  Upper quantile = 0.995


Stage 1 State
   Image metric = MattesMI
     Fixed image = Image (0x50d3530)
  RTTI typeinfo:   itk::Image<double, 3u>
  Reference Count: 2
  Modified Time: 1580
  Debug: Off
  Object Name: 
  Observers: 
    none
  Source: (none)
  Source output name: (none)
  Release Data: Off
  Data Released: False
  Global Release Data: Off
  PipelineMTime: 0
  UpdateMTime: 1189
  RealTimeStamp: 0 seconds 
  LargestPossibleRegion: 
    Dimension: 3
    Index: [0, 0, 0]
    Size: [193, 229, 193]
  BufferedRegion: 
    Dimension: 3
    Index: [0, 0, 0]
    Size: [193, 229, 193]
  RequestedRegion: 
    Dimension: 3
    Index: [0, 0, 0]
    Size: [193, 229, 193]
  Spacing: [1, 1, 1]
  Origin: [96, 132, -78]
  Direction: 
-1 0 0
0 -1 0
0 0 1

  IndexToPointMatrix: 
-1 0 0
0 -1 0
0 0 1

  PointToIndexMatrix: 
-1 0 0
0 -1 0
0 0 1

  Inverse Direction: 
-1 0 0
0 -1 0
0 0 1

  PixelContainer: 
    ImportImageContainer (0x5191d60)
      RTTI typeinfo:   itk::ImportImageContainer<unsigned long, double>
      Reference Count: 1
      Modified Time: 1186
      Debug: Off
      Object Name: 
      Observers: 
        none
      Pointer: 0x1459f73e4010
      Container manages memory: true
      Size: 8530021
      Capacity: 8530021

     Moving image = Image (0x5183f60)
  RTTI typeinfo:   itk::Image<double, 3u>
  Reference Count: 2
  Modified Time: 1581
  Debug: Off
  Object Name: 
  Observers: 
    none
  Source: (none)
  Source output name: (none)
  Release Data: Off
  Data Released: False
  Global Release Data: Off
  PipelineMTime: 0
  UpdateMTime: 1578
  RealTimeStamp: 0 seconds 
  LargestPossibleRegion: 
    Dimension: 3
    Index: [0, 0, 0]
    Size: [176, 240, 256]
  BufferedRegion: 
    Dimension: 3
    Index: [0, 0, 0]
    Size: [176, 240, 256]
  RequestedRegion: 
    Dimension: 3
    Index: [0, 0, 0]
    Size: [176, 240, 256]
  Spacing: [0.999999, 1, 1]
  Origin: [93.3499, 86.9368, -128.957]
  Direction: 
-0.999513 -0.0279216 -0.0139567
0.0279189 -0.99961 0.000389866
-0.0139622 2.01492e-08 0.999903

  IndexToPointMatrix: 
-0.999512 -0.0279216 -0.0139567
0.0279189 -0.99961 0.000389866
-0.0139621 2.01492e-08 0.999903

  PointToIndexMatrix: 
-0.999514 0.0279189 -0.0139622
-0.0279216 -0.99961 2.01716e-08
-0.0139567 0.000389866 0.999903

  Inverse Direction: 
-0.999513 0.0279189 -0.0139622
-0.0279216 -0.99961 2.01716e-08
-0.0139567 0.000389866 0.999903

  PixelContainer: 
    ImportImageContainer (0x51756d0)
      RTTI typeinfo:   itk::ImportImageContainer<unsigned long, double>
      Reference Count: 1
      Modified Time: 1575
      Debug: Off
      Object Name: 
      Observers: 
        none
      Pointer: 0x1459f2163010
      Container manages memory: true
      Size: 10813440
      Capacity: 10813440

     Weighting = 1
     Sampling strategy = regular
     Number of bins = 32
     Radius = 4
     Sampling percentage  = 0.25
   Transform = Rigid
     Gradient step = 0.1
     Update field sigma (voxel space) = 0
     Total field sigma (voxel space) = 0
     Update field time sigma = 0
     Total field time sigma  = 0
     Number of time indices = 0
     Number of time point samples = 0
Registration using 1 total stages.

Stage 0
  iterations = 1000x500x250x100
  convergence threshold = 1e-06
  convergence window size = 10
  number of levels = 4
  using the Mattes MI metric (number of bins = 32, weight = 1, use gradient filter = 0)
  preprocessing:  winsorizing the image intensities
  Shrink factors (level 1 out of 4): [8, 8, 8]
  Shrink factors (level 2 out of 4): [4, 4, 4]
  Shrink factors (level 3 out of 4): [2, 2, 2]
  Shrink factors (level 4 out of 4): [1, 1, 1]
  smoothing sigmas per level: [3, 2, 1, 0]
  regular sampling (percentage = 0.25)

*** Running Euler3DTransform registration ***

DIAGNOSTIC,Iteration,metricValue,convergenceValue,ITERATION_TIME_INDEX,SINCE_LAST
 2DIAGNOSTIC,     1, -4.871187133941e-01, 1.797693134862e+308, 7.8429e-01, 7.8429e-01, 
 2DIAGNOSTIC,     2, -4.887966556740e-01, 1.797693134862e+308, 7.8990e-01, 5.6078e-03, 
 2DIAGNOSTIC,     3, -4.919242839642e-01, 1.797693134862e+308, 7.9584e-01, 5.9390e-03, 
 2DIAGNOSTIC,     4, -5.019092629522e-01, 1.797693134862e+308, 8.0102e-01, 5.1851e-03, 
 2DIAGNOSTIC,     5, -5.198319788477e-01, 1.797693134862e+308, 8.0623e-01, 5.2080e-03, 
 2DIAGNOSTIC,     6, -5.251449584180e-01, 1.797693134862e+308, 8.1306e-01, 6.8331e-03, 
 2DIAGNOSTIC,     7, -5.365118080768e-01, 1.797693134862e+308, 8.1855e-01, 5.4860e-03, 
 2DIAGNOSTIC,     8, -5.564319077261e-01, 1.797693134862e+308, 8.2715e-01, 8.6010e-03, 
 2DIAGNOSTIC,     9, -5.572786469687e-01, 1.797693134862e+308, 8.3179e-01, 4.6461e-03, 
 2DIAGNOSTIC,    10, -5.597886110608e-01, 1.060089541986e-02, 8.3739e-01, 5.5971e-03, 
 2DIAGNOSTIC,    11, -5.645450860914e-01, 9.471656029002e-03, 8.4233e-01, 4.9410e-03, 
 2DIAGNOSTIC,    12, -5.675342641672e-01, 7.901754414630e-03, 8.4787e-01, 5.5330e-03, 
 2DIAGNOSTIC,    13, -5.685174641935e-01, 6.033280802480e-03, 8.5339e-01, 5.5199e-03, 
 2DIAGNOSTIC,    14, -5.693412095342e-01, 4.302087948771e-03, 8.5988e-01, 6.4940e-03, 
 2DIAGNOSTIC,    15, -5.718972801998e-01, 3.155204981957e-03, 8.6589e-01, 6.0060e-03, 
 2DIAGNOSTIC,    16, -5.734788767073e-01, 2.091398053255e-03, 8.7112e-01, 5.2390e-03, 
 2DIAGNOSTIC,    17, -5.737823402463e-01, 1.310029424176e-03, 8.7623e-01, 5.1050e-03, 
 2DIAGNOSTIC,    18, -5.749452616696e-01, 1.114936190122e-03, 8.8144e-01, 5.2059e-03, 
 2DIAGNOSTIC,    19, -5.774392255373e-01, 9.301256922585e-04, 8.8933e-01, 7.8912e-03, 
 2DIAGNOSTIC,    20, -5.782944999918e-01, 7.612328991141e-04, 8.9513e-01, 5.8019e-03, 
 2DIAGNOSTIC,    21, -5.788863756091e-01, 6.687985512521e-04, 9.0036e-01, 5.2359e-03, 
 2DIAGNOSTIC,    22, -5.857337702337e-01, 7.546209613840e-04, 9.0553e-01, 5.1670e-03, 
 2DIAGNOSTIC,    23, -6.028589200539e-01, 1.162232407252e-03, 9.1132e-01, 5.7862e-03, 
 2DIAGNOSTIC,    24, -6.086613846310e-01, 1.554691262730e-03, 9.1879e-01, 7.4689e-03, 
 2DIAGNOSTIC,    25, -6.127624316990e-01, 1.904928893964e-03, 9.2475e-01, 5.9609e-03, 
 2DIAGNOSTIC,    26, -6.171330103685e-01, 2.167612453539e-03, 9.3045e-01, 5.6980e-03, 
 2DIAGNOSTIC,    27, -6.180829713385e-01, 2.226134262508e-03, 9.3542e-01, 4.9729e-03, 
 2DIAGNOSTIC,    28, -6.204355230959e-01, 2.128618133232e-03, 9.4106e-01, 5.6422e-03, 
 2DIAGNOSTIC,    29, -6.216541952683e-01, 1.901236661520e-03, 9.4612e-01, 5.0559e-03, 
 2DIAGNOSTIC,    30, -6.252686893860e-01, 1.589741163069e-03, 9.5205e-01, 5.9290e-03, 
 2DIAGNOSTIC,    31, -6.305777410474e-01, 1.244381306420e-03, 9.5718e-01, 5.1301e-03, 
 2DIAGNOSTIC,    32, -6.437127658358e-01, 1.107473126816e-03, 9.6365e-01, 6.4790e-03, 
 2DIAGNOSTIC,    33, -6.470253565593e-01, 1.176378437792e-03, 9.6886e-01, 5.2071e-03, 
 2DIAGNOSTIC,    34, -6.489208747920e-01, 1.241880279480e-03, 9.7709e-01, 8.2262e-03, 
 2DIAGNOSTIC,    35, -6.509315342107e-01, 1.271873263227e-03, 9.8218e-01, 5.0919e-03, 
 2DIAGNOSTIC,    36, -6.520051686320e-01, 1.251973341123e-03, 9.8732e-01, 5.1429e-03, 
 2DIAGNOSTIC,    37, -6.528675385764e-01, 1.135511127166e-03, 9.9239e-01, 5.0671e-03, 
 2DIAGNOSTIC,    38, -6.532429423480e-01, 9.531132273442e-04, 9.9745e-01, 5.0609e-03, 
 2DIAGNOSTIC,    39, -6.541839850587e-01, 7.192063352924e-04, 1.0043e+00, 6.8898e-03, 
 2DIAGNOSTIC,    40, -6.542247534624e-01, 4.742457357423e-04, 1.0093e+00, 4.9460e-03, 
 2DIAGNOSTIC,    41, -6.546728356355e-01, 2.614187327367e-04, 1.0142e+00, 4.9028e-03, 
 2DIAGNOSTIC,    42, -6.552175873630e-01, 1.909125364480e-04, 1.0210e+00, 6.8450e-03, 
 2DIAGNOSTIC,    43, -6.554100376920e-01, 1.446055074833e-04, 1.0270e+00, 6.0000e-03, 
 2DIAGNOSTIC,    44, -6.554510649126e-01, 1.075278637894e-04, 1.0321e+00, 5.0840e-03, 
 2DIAGNOSTIC,    45, -6.555132303034e-01, 8.395344492750e-05, 1.0370e+00, 4.9140e-03, 
 2DIAGNOSTIC,    46, -6.555924160465e-01, 6.536440651173e-05, 1.0427e+00, 5.6641e-03, 
 2DIAGNOSTIC,    47, -6.557568030463e-01, 5.173761988812e-05, 1.0482e+00, 5.5070e-03, 
 2DIAGNOSTIC,    48, -6.557090510400e-01, 3.682439878147e-05, 1.0543e+00, 6.1080e-03, 
 2DIAGNOSTIC,    49, -6.557471285330e-01, 2.873689772840e-05, 1.0598e+00, 5.5230e-03, 
 2DIAGNOSTIC,    50, -6.555999445088e-01, 1.728057255910e-05, 1.0648e+00, 4.9391e-03, 
 2DIAGNOSTIC,    51, -6.556144500025e-01, 8.901779206809e-06, 1.0694e+00, 4.6730e-03, 
 2DIAGNOSTIC,    52, -6.556376957977e-01, 5.151574258032e-06, 1.0741e+00, 4.6458e-03, 
 2DIAGNOSTIC,    53, -6.557645904536e-01, 3.939544354174e-06, 1.0799e+00, 5.7890e-03, 
 2DIAGNOSTIC,    54, -6.557857563013e-01, 2.991269737677e-06, 1.0859e+00, 5.9741e-03, 
 2DIAGNOSTIC,    55, -6.559427830780e-01, 3.743567107403e-06, 1.0910e+00, 5.1849e-03, 
 2DIAGNOSTIC,    56, -6.558239026534e-01, 3.780819210809e-06, 1.0972e+00, 6.1700e-03, 
 2DIAGNOSTIC,    57, -6.557512386678e-01, 4.298597006239e-06, 1.1027e+00, 5.5192e-03, 
 2DIAGNOSTIC,    58, -6.558225723610e-01, 4.618017855857e-06, 1.1094e+00, 6.6662e-03, 
 2DIAGNOSTIC,    59, -6.557433635822e-01, 4.202293584478e-06, 1.1142e+00, 4.8480e-03, 
 2DIAGNOSTIC,    60, -6.557567686284e-01, 2.428002460871e-06, 1.1192e+00, 4.9081e-03, 
DIAGNOSTIC,Iteration,metricValue,convergenceValue,ITERATION_TIME_INDEX,SINCE_LAST
 2DIAGNOSTIC,     1, -5.251830364578e-01, 1.797693134862e+308, 1.9429e+00, 8.2373e-01, 
 2DIAGNOSTIC,     2, -5.257924008629e-01, 1.797693134862e+308, 1.9844e+00, 4.1528e-02, 
 2DIAGNOSTIC,     3, -5.265767363332e-01, 1.797693134862e+308, 2.0267e+00, 4.2323e-02, 
 2DIAGNOSTIC,     4, -5.273298326899e-01, 1.797693134862e+308, 2.0649e+00, 3.8186e-02, 
 2DIAGNOSTIC,     5, -5.278745982892e-01, 1.797693134862e+308, 2.1002e+00, 3.5297e-02, 
 2DIAGNOSTIC,     6, -5.282060749674e-01, 1.797693134862e+308, 2.1330e+00, 3.2781e-02, 
 2DIAGNOSTIC,     7, -5.295215091787e-01, 1.797693134862e+308, 2.1666e+00, 3.3573e-02, 
 2DIAGNOSTIC,     8, -5.310604039853e-01, 1.797693134862e+308, 2.2265e+00, 5.9914e-02, 
 2DIAGNOSTIC,     9, -5.315656356106e-01, 1.797693134862e+308, 2.2681e+00, 4.1587e-02, 
 2DIAGNOSTIC,    10, -5.317255225188e-01, 8.535293244927e-04, 2.3067e+00, 3.8634e-02, 
 2DIAGNOSTIC,    11, -5.321677389833e-01, 7.627406497308e-04, 2.3528e+00, 4.6124e-02, 
 2DIAGNOSTIC,    12, -5.332249543571e-01, 6.919397047811e-04, 2.4309e+00, 7.8098e-02, 
 2DIAGNOSTIC,    13, -5.332437667917e-01, 6.003962854713e-04, 2.4645e+00, 3.3554e-02, 
 2DIAGNOSTIC,    14, -5.332620491352e-01, 4.978413486115e-04, 2.4993e+00, 3.4848e-02, 
 2DIAGNOSTIC,    15, -5.332988975569e-01, 3.861199419647e-04, 2.5331e+00, 3.3786e-02, 
 2DIAGNOSTIC,    16, -5.333453860420e-01, 2.651204251471e-04, 2.5719e+00, 3.8824e-02, 
 2DIAGNOSTIC,    17, -5.334030855174e-01, 1.757488591809e-04, 2.6059e+00, 3.3997e-02, 
 2DIAGNOSTIC,    18, -5.335089497550e-01, 1.289459538278e-04, 2.6420e+00, 3.6032e-02, 
 2DIAGNOSTIC,    19, -5.336163398307e-01, 9.302816211715e-05, 2.6791e+00, 3.7137e-02, 
 2DIAGNOSTIC,    20, -5.337648760681e-01, 6.045355677483e-05, 2.7180e+00, 3.8879e-02, 
 2DIAGNOSTIC,    21, -5.338228268304e-01, 3.744343089516e-05, 2.7636e+00, 4.5589e-02, 
 2DIAGNOSTIC,    22, -5.338307210946e-01, 3.910314759822e-05, 2.8010e+00, 3.7413e-02, 
 2DIAGNOSTIC,    23, -5.338277655106e-01, 3.749190323898e-05, 2.8353e+00, 3.4278e-02, 
 2DIAGNOSTIC,    24, -5.338279210197e-01, 3.301618127184e-05, 2.8727e+00, 3.7389e-02, 
 2DIAGNOSTIC,    25, -5.338279380143e-01, 2.667225182167e-05, 2.9069e+00, 3.4255e-02, 
 2DIAGNOSTIC,    26, -5.338176916751e-01, 1.917079632929e-05, 2.9370e+00, 3.0116e-02, 
 2DIAGNOSTIC,    27, -5.338186401402e-01, 1.171134085489e-05, 2.9747e+00, 3.7703e-02, 
 2DIAGNOSTIC,    28, -5.338327713795e-01, 6.075481122900e-06, 3.0066e+00, 3.1877e-02, 
 2DIAGNOSTIC,    29, -5.338546824523e-01, 2.673210826871e-06, 3.0391e+00, 3.2539e-02, 
 2DIAGNOSTIC,    30, -5.338998292921e-01, 2.763896230495e-06, 3.0705e+00, 3.1317e-02, 
 2DIAGNOSTIC,    31, -5.339549530026e-01, 4.621382522524e-06, 3.1010e+00, 3.0554e-02, 
 2DIAGNOSTIC,    32, -5.340197732240e-01, 7.225605718267e-06, 3.1349e+00, 3.3842e-02, 
 2DIAGNOSTIC,    33, -5.340607494578e-01, 9.680775014009e-06, 3.1728e+00, 3.7943e-02, 
 2DIAGNOSTIC,    34, -5.340944383828e-01, 1.169243233665e-05, 3.2155e+00, 4.2731e-02, 
 2DIAGNOSTIC,    35, -5.340929251059e-01, 1.254528646075e-05, 3.2457e+00, 3.0130e-02, 
 2DIAGNOSTIC,    36, -5.340888037948e-01, 1.203535711213e-05, 3.2810e+00, 3.5292e-02, 
 2DIAGNOSTIC,    37, -5.340826437745e-01, 1.041390546266e-05, 3.3120e+00, 3.1037e-02, 
 2DIAGNOSTIC,    38, -5.340922173519e-01, 8.299490802367e-06, 3.3423e+00, 3.0311e-02, 
 2DIAGNOSTIC,    39, -5.340881851379e-01, 5.818058547984e-06, 3.3762e+00, 3.3923e-02, 
 2DIAGNOSTIC,    40, -5.340758481667e-01, 3.421008710060e-06, 3.4105e+00, 3.4281e-02, 
 2DIAGNOSTIC,    41, -5.340804435513e-01, 1.665050373637e-06, 3.4447e+00, 3.4147e-02, 
DIAGNOSTIC,Iteration,metricValue,convergenceValue,ITERATION_TIME_INDEX,SINCE_LAST
 2DIAGNOSTIC,     1, -4.720663053003e-01, 1.797693134862e+308, 4.5964e+00, 1.1518e+00, 
 2DIAGNOSTIC,     2, -4.722340185413e-01, 1.797693134862e+308, 4.8594e+00, 2.6302e-01, 
 2DIAGNOSTIC,     3, -4.724034086811e-01, 1.797693134862e+308, 5.0795e+00, 2.2013e-01, 
 2DIAGNOSTIC,     4, -4.725902452073e-01, 1.797693134862e+308, 5.3179e+00, 2.3838e-01, 
 2DIAGNOSTIC,     5, -4.729822890915e-01, 1.797693134862e+308, 5.5404e+00, 2.2252e-01, 
 2DIAGNOSTIC,     6, -4.732066071875e-01, 1.797693134862e+308, 5.7732e+00, 2.3276e-01, 
 2DIAGNOSTIC,     7, -4.741111356218e-01, 1.797693134862e+308, 6.0043e+00, 2.3112e-01, 
 2DIAGNOSTIC,     8, -4.764441101169e-01, 1.797693134862e+308, 6.3416e+00, 3.3730e-01, 
 2DIAGNOSTIC,     9, -4.766354389091e-01, 1.797693134862e+308, 6.6024e+00, 2.6073e-01, 
 2DIAGNOSTIC,    10, -4.768216270758e-01, 7.338542322791e-04, 6.8319e+00, 2.2952e-01, 
 2DIAGNOSTIC,    11, -4.774035015968e-01, 7.457085011887e-04, 7.1115e+00, 2.7959e-01, 
 2DIAGNOSTIC,    12, -4.782623738851e-01, 7.385183762770e-04, 7.4779e+00, 3.6644e-01, 
 2DIAGNOSTIC,    13, -4.785399980989e-01, 6.840592151522e-04, 7.9766e+00, 4.9866e-01, 
 2DIAGNOSTIC,    14, -4.785414772531e-01, 5.838370639249e-04, 8.2621e+00, 2.8557e-01, 
 2DIAGNOSTIC,    15, -4.785414769347e-01, 4.617685005938e-04, 8.5673e+00, 3.0516e-01, 
 2DIAGNOSTIC,    16, -4.785408257548e-01, 3.211301645694e-04, 8.8546e+00, 2.8734e-01, 
 2DIAGNOSTIC,    17, -4.785390480765e-01, 1.967039760868e-04, 9.1880e+00, 3.3333e-01, 
 2DIAGNOSTIC,    18, -4.785385738671e-01, 1.455194973172e-04, 9.4470e+00, 2.5908e-01, 
 2DIAGNOSTIC,    19, -4.785375272027e-01, 9.287246395351e-05, 9.7280e+00, 2.8095e-01, 
 2DIAGNOSTIC,    20, -4.785384267433e-01, 4.257396335966e-05, 1.0018e+01, 2.9005e-01, 
 2DIAGNOSTIC,    21, -4.785377435376e-01, 9.181962297405e-06, 1.0313e+01, 2.9535e-01, 
 2DIAGNOSTIC,    22, -4.785380116676e-01, 1.208158609087e-06, 1.0613e+01, 2.9924e-01, 
 2DIAGNOSTIC,    23, -4.785386840883e-01, 1.169924937226e-06, 1.0943e+01, 3.3053e-01, 
 2DIAGNOSTIC,    24, -4.785382008844e-01, 1.178981304882e-06, 1.1202e+01, 2.5850e-01, 
 2DIAGNOSTIC,    25, -4.785379241546e-01, 1.195135469506e-06, 1.1508e+01, 3.0622e-01, 
 2DIAGNOSTIC,    26, -4.785374656033e-01, 1.193446272807e-06, 1.1790e+01, 2.8202e-01, 
 2DIAGNOSTIC,    27, -4.785371381444e-01, 1.148961195324e-06, 1.2059e+01, 2.6941e-01, 
 2DIAGNOSTIC,    28, -4.785375802738e-01, 1.110536246497e-06, 1.2288e+01, 2.2919e-01, 
 2DIAGNOSTIC,    29, -4.785391015497e-01, 1.086345784988e-06, 1.2518e+01, 2.2958e-01, 
 2DIAGNOSTIC,    30, -4.785379709550e-01, 1.060506959215e-06, 1.2776e+01, 2.5776e-01, 
 2DIAGNOSTIC,    31, -4.785379855673e-01, 1.024966147546e-06, 1.3041e+01, 2.6554e-01, 
DIAGNOSTIC,Iteration,metricValue,convergenceValue,ITERATION_TIME_INDEX,SINCE_LAST
 2DIAGNOSTIC,     1, -4.449964118219e-01, 1.797693134862e+308, 1.5620e+01, 2.5783e+00, 
 2DIAGNOSTIC,     2, -4.450478816879e-01, 1.797693134862e+308, 1.7036e+01, 1.4168e+00, 
 2DIAGNOSTIC,     3, -4.451053980296e-01, 1.797693134862e+308, 1.8436e+01, 1.3990e+00, 
 2DIAGNOSTIC,     4, -4.451711973596e-01, 1.797693134862e+308, 1.9981e+01, 1.5454e+00, 
 2DIAGNOSTIC,     5, -4.451981677121e-01, 1.797693134862e+308, 2.1745e+01, 1.7640e+00, 
 2DIAGNOSTIC,     6, -4.452151015576e-01, 1.797693134862e+308, 2.3299e+01, 1.5537e+00, 
 2DIAGNOSTIC,     7, -4.452714387079e-01, 1.797693134862e+308, 2.4825e+01, 1.5261e+00, 
 2DIAGNOSTIC,     8, -4.452984259662e-01, 1.797693134862e+308, 2.6365e+01, 1.5403e+00, 
 2DIAGNOSTIC,     9, -4.452932906669e-01, 1.797693134862e+308, 2.8126e+01, 1.7613e+00, 
 2DIAGNOSTIC,    10, -4.453081054900e-01, 4.858478808849e-05, 2.9492e+01, 1.3655e+00, 
 2DIAGNOSTIC,    11, -4.453347671992e-01, 3.804966554855e-05, 3.1026e+01, 1.5343e+00, 
 2DIAGNOSTIC,    12, -4.453443187082e-01, 2.924771547827e-05, 3.2449e+01, 1.4223e+00, 
 2DIAGNOSTIC,    13, -4.453649074677e-01, 2.315335237246e-05, 3.4071e+01, 1.6221e+00, 
 2DIAGNOSTIC,    14, -4.453809610296e-01, 1.979219313976e-05, 3.5722e+01, 1.6517e+00, 
 2DIAGNOSTIC,    15, -4.453795907111e-01, 1.637987180703e-05, 3.7413e+01, 1.6906e+00, 
 2DIAGNOSTIC,    16, -4.453856660374e-01, 1.295085475450e-05, 3.8811e+01, 1.3980e+00, 
 2DIAGNOSTIC,    17, -4.453937795440e-01, 1.130372444594e-05, 4.0384e+01, 1.5730e+00, 
 2DIAGNOSTIC,    18, -4.453949738087e-01, 9.972477380306e-06, 4.1952e+01, 1.5683e+00, 
 2DIAGNOSTIC,    19, -4.453946700957e-01, 7.834080941162e-06, 4.3480e+01, 1.5278e+00, 
 2DIAGNOSTIC,    20, -4.453944087027e-01, 5.794698468696e-06, 4.5307e+01, 1.8274e+00, 
 2DIAGNOSTIC,    21, -4.453948040265e-01, 4.384330943838e-06, 4.7581e+01, 2.2731e+00, 
 2DIAGNOSTIC,    22, -4.453948878590e-01, 3.096361350978e-06, 5.2014e+01, 4.4337e+00, 
 2DIAGNOSTIC,    23, -4.453948878588e-01, 2.325449135678e-06, 5.5663e+01, 3.6482e+00, 
 2DIAGNOSTIC,    24, -4.453948878588e-01, 1.964153714618e-06, 5.8406e+01, 2.7432e+00, 
 2DIAGNOSTIC,    25, -4.453948878588e-01, 1.535516382989e-06, 6.0166e+01, 1.7597e+00, 
 2DIAGNOSTIC,    26, -4.453948878588e-01, 1.258640134456e-06, 6.1720e+01, 1.5542e+00, 
 2DIAGNOSTIC,    27, -4.453948878588e-01, 1.189707207035e-06, 6.3308e+01, 1.5880e+00, 
 2DIAGNOSTIC,    28, -4.453948878588e-01, 1.152117140385e-06, 6.4825e+01, 1.5173e+00, 
 2DIAGNOSTIC,    29, -4.453948878588e-01, 1.109239444387e-06, 6.6377e+01, 1.5514e+00, 
 2DIAGNOSTIC,    30, -4.453948878588e-01, 1.062290743745e-06, 6.7936e+01, 1.5595e+00, 
 2DIAGNOSTIC,    31, -4.453948878588e-01, 1.026291881007e-06, 6.9473e+01, 1.5371e+00, 
  Elapsed time (stage 0): 7.0325e+01


Total elapsed time: 7.0340e+01
Info [verificarlo]: loaded backend libinterflop_ieee.so
Info [interflop-ieee]: load backend with:
Info [interflop-ieee]: debug = false
Info [interflop-ieee]: debug-binary = false
Info [interflop-ieee]: no-backend-name = false
Info [interflop-ieee]: print-new-line = false
Info [interflop-ieee]: print-subnormal-normalized = false
Info [interflop-ieee]: count-op = false
All_Command_lines_OK
Using double precision for computations.
=============================================================================
The composite transform comprises the following transforms (in order): 
  1. /home/mdugre/scratch/mri-registration-rp/datasets/ds004513/derivatives/mri-registration-rp/0001/antsRegistration-r7-p17/sub-s003/rigid_Composite.h5[0] (type = Euler3DTransform)
  2. /home/mdugre/scratch/mri-registration-rp/datasets/ds004513/derivatives/mri-registration-rp/0001/antsRegistration-r7-p17/sub-s003/rigid_Composite.h5[1] (type = Euler3DTransform)
  3. /home/mdugre/scratch/mri-registration-rp/datasets/ds004513/derivatives/mri-registration-rp/0001/antsRegistration-r7-p17/sub-s003/rigid_Composite.h5[2] (type = Euler3DTransform)
=============================================================================
  number of levels = 4
  fixed image: /templateflow/tpl-MNI152NLin2009cAsym/tpl-MNI152NLin2009cAsym_res-01_desc-brain_T1w.nii.gz
  moving image: /home/mdugre/scratch/mri-registration-rp/datasets/ds004513/derivatives/mri-registration-rp/antsBrainExtraction/sub-s003/BrainExtractionBrain.nii.gz
Dimension = 3
Number of stages = 1
Use histogram matching = false
Winsorize image intensities = true
  Lower quantile = 0.005
  Upper quantile = 0.995


Stage 1 State
   Image metric = MattesMI
     Fixed image = Image (0x3fcb7e0)
  RTTI typeinfo:   itk::Image<double, 3u>
  Reference Count: 2
  Modified Time: 1594
  Debug: Off
  Object Name: 
  Observers: 
    none
  Source: (none)
  Source output name: (none)
  Release Data: Off
  Data Released: False
  Global Release Data: Off
  PipelineMTime: 0
  UpdateMTime: 1203
  RealTimeStamp: 0 seconds 
  LargestPossibleRegion: 
    Dimension: 3
    Index: [0, 0, 0]
    Size: [193, 229, 193]
  BufferedRegion: 
    Dimension: 3
    Index: [0, 0, 0]
    Size: [193, 229, 193]
  RequestedRegion: 
    Dimension: 3
    Index: [0, 0, 0]
    Size: [193, 229, 193]
  Spacing: [1, 1, 1]
  Origin: [96, 132, -78]
  Direction: 
-1 0 0
0 -1 0
0 0 1

  IndexToPointMatrix: 
-1 0 0
0 -1 0
0 0 1

  PointToIndexMatrix: 
-1 0 0
0 -1 0
0 0 1

  Inverse Direction: 
-1 0 0
0 -1 0
0 0 1

  PixelContainer: 
    ImportImageContainer (0x408ba20)
      RTTI typeinfo:   itk::ImportImageContainer<unsigned long, double>
      Reference Count: 1
      Modified Time: 1200
      Debug: Off
      Object Name: 
      Observers: 
        none
      Pointer: 0x14736b8c3010
      Container manages memory: true
      Size: 8530021
      Capacity: 8530021

     Moving image = Image (0x4086d70)
  RTTI typeinfo:   itk::Image<double, 3u>
  Reference Count: 2
  Modified Time: 1595
  Debug: Off
  Object Name: 
  Observers: 
    none
  Source: (none)
  Source output name: (none)
  Release Data: Off
  Data Released: False
  Global Release Data: Off
  PipelineMTime: 0
  UpdateMTime: 1592
  RealTimeStamp: 0 seconds 
  LargestPossibleRegion: 
    Dimension: 3
    Index: [0, 0, 0]
    Size: [176, 240, 256]
  BufferedRegion: 
    Dimension: 3
    Index: [0, 0, 0]
    Size: [176, 240, 256]
  RequestedRegion: 
    Dimension: 3
    Index: [0, 0, 0]
    Size: [176, 240, 256]
  Spacing: [0.999999, 1, 1]
  Origin: [93.3499, 86.9368, -128.957]
  Direction: 
-0.999513 -0.0279216 -0.0139567
0.0279189 -0.99961 0.000389866
-0.0139622 2.01492e-08 0.999903

  IndexToPointMatrix: 
-0.999512 -0.0279216 -0.0139567
0.0279189 -0.99961 0.000389866
-0.0139621 2.01492e-08 0.999903

  PointToIndexMatrix: 
-0.999514 0.0279189 -0.0139622
-0.0279216 -0.99961 2.01716e-08
-0.0139567 0.000389866 0.999903

  Inverse Direction: 
-0.999513 0.0279189 -0.0139622
-0.0279216 -0.99961 2.01716e-08
-0.0139567 0.000389866 0.999903

  PixelContainer: 
    ImportImageContainer (0x403ec90)
      RTTI typeinfo:   itk::ImportImageContainer<unsigned long, double>
      Reference Count: 1
      Modified Time: 1589
      Debug: Off
      Object Name: 
      Observers: 
        none
      Pointer: 0x147366642010
      Container manages memory: true
      Size: 10813440
      Capacity: 10813440

     Weighting = 1
     Sampling strategy = regular
     Number of bins = 32
     Radius = 4
     Sampling percentage  = 0.25
   Transform = Affine
     Gradient step = 0.1
     Update field sigma (voxel space) = 0
     Total field sigma (voxel space) = 0
     Update field time sigma = 0
     Total field time sigma  = 0
     Number of time indices = 0
     Number of time point samples = 0
Registration using 1 total stages.

Stage 0
  iterations = 1000x500x250x100
  convergence threshold = 1e-06
  convergence window size = 10
  number of levels = 4
  using the Mattes MI metric (number of bins = 32, weight = 1, use gradient filter = 0)
  preprocessing:  winsorizing the image intensities
  Shrink factors (level 1 out of 4): [8, 8, 8]
  Shrink factors (level 2 out of 4): [4, 4, 4]
  Shrink factors (level 3 out of 4): [2, 2, 2]
  Shrink factors (level 4 out of 4): [1, 1, 1]
  smoothing sigmas per level: [3, 2, 1, 0]
  regular sampling (percentage = 0.25)

*** Running AffineTransform registration ***

DIAGNOSTIC,Iteration,metricValue,convergenceValue,ITERATION_TIME_INDEX,SINCE_LAST
 2DIAGNOSTIC,     1, -6.614936454012e-01, 1.797693134862e+308, 7.7383e-01, 7.7383e-01, 
 2DIAGNOSTIC,     2, -6.639894808295e-01, 1.797693134862e+308, 7.7976e-01, 5.9280e-03, 
 2DIAGNOSTIC,     3, -6.679115551835e-01, 1.797693134862e+308, 7.8506e-01, 5.3000e-03, 
 2DIAGNOSTIC,     4, -6.744027555826e-01, 1.797693134862e+308, 7.9013e-01, 5.0721e-03, 
 2DIAGNOSTIC,     5, -6.830882189771e-01, 1.797693134862e+308, 7.9505e-01, 4.9169e-03, 
 2DIAGNOSTIC,     6, -6.957088132529e-01, 1.797693134862e+308, 8.0005e-01, 4.9992e-03, 
 2DIAGNOSTIC,     7, -7.064391107741e-01, 1.797693134862e+308, 8.0576e-01, 5.7149e-03, 
 2DIAGNOSTIC,     8, -7.103284653178e-01, 1.797693134862e+308, 8.1160e-01, 5.8382e-03, 
 2DIAGNOSTIC,     9, -7.114966320473e-01, 1.797693134862e+308, 8.1834e-01, 6.7410e-03, 
 2DIAGNOSTIC,    10, -7.127530379723e-01, 5.763014570616e-03, 8.2385e-01, 5.5070e-03, 
 2DIAGNOSTIC,    11, -7.184228466134e-01, 5.015279256049e-03, 8.2936e-01, 5.5101e-03, 
 2DIAGNOSTIC,    12, -7.220667575609e-01, 4.147441839888e-03, 8.3551e-01, 6.1500e-03, 
 2DIAGNOSTIC,    13, -7.237113619877e-01, 3.219201372497e-03, 8.4302e-01, 7.5049e-03, 
 2DIAGNOSTIC,    14, -7.246163859420e-01, 2.355602847654e-03, 8.4892e-01, 5.9071e-03, 
 2DIAGNOSTIC,    15, -7.256402141530e-01, 1.655101934253e-03, 8.5572e-01, 6.7971e-03, 
 2DIAGNOSTIC,    16, -7.262863819420e-01, 1.220876459322e-03, 8.6186e-01, 6.1409e-03, 
 2DIAGNOSTIC,    17, -7.263711415329e-01, 9.808064925928e-04, 8.6824e-01, 6.3820e-03, 
 2DIAGNOSTIC,    18, -7.263570417369e-01, 7.659783429829e-04, 8.7364e-01, 5.3930e-03, 
 2DIAGNOSTIC,    19, -7.262595785847e-01, 5.280933803079e-04, 8.7906e-01, 5.4281e-03, 
 2DIAGNOSTIC,    20, -7.263674625010e-01, 2.910154755588e-04, 8.8437e-01, 5.3082e-03, 
 2DIAGNOSTIC,    21, -7.264408030274e-01, 1.583224061929e-04, 8.8983e-01, 5.4631e-03, 
 2DIAGNOSTIC,    22, -7.265728654586e-01, 9.176038712869e-05, 8.9713e-01, 7.2980e-03, 
 2DIAGNOSTIC,    23, -7.265870669087e-01, 5.152168825275e-05, 9.0248e-01, 5.3499e-03, 
 2DIAGNOSTIC,    24, -7.265957548256e-01, 2.498687348214e-05, 9.0842e-01, 5.9381e-03, 
 2DIAGNOSTIC,    25, -7.268805492201e-01, 1.906080679408e-05, 9.2494e-01, 1.6524e-02, 
 2DIAGNOSTIC,    26, -7.268805351204e-01, 2.164448693172e-05, 9.3028e-01, 5.3329e-03, 
 2DIAGNOSTIC,    27, -7.268805490950e-01, 2.339647796609e-05, 9.3571e-01, 5.4319e-03, 
 2DIAGNOSTIC,    28, -7.268805727241e-01, 2.285904488110e-05, 9.4109e-01, 5.3802e-03, 
 2DIAGNOSTIC,    29, -7.268806126640e-01, 1.895388857719e-05, 9.4668e-01, 5.5931e-03, 
 2DIAGNOSTIC,    30, -7.268806801222e-01, 1.499435243951e-05, 9.5220e-01, 5.5180e-03, 
 2DIAGNOSTIC,    31, -7.268807939991e-01, 1.086370389076e-05, 9.5761e-01, 5.4049e-03, 
 2DIAGNOSTIC,    32, -7.268809861783e-01, 7.764533931240e-06, 9.6314e-01, 5.5361e-03, 
 2DIAGNOSTIC,    33, -7.268813100532e-01, 4.429648068509e-06, 9.6844e-01, 5.2991e-03, 
DIAGNOSTIC,Iteration,metricValue,convergenceValue,ITERATION_TIME_INDEX,SINCE_LAST
 2DIAGNOSTIC,     1, -5.971479173737e-01, 1.797693134862e+308, 1.7583e+00, 7.8990e-01, 
 2DIAGNOSTIC,     2, -5.975989629968e-01, 1.797693134862e+308, 1.7972e+00, 3.8819e-02, 
 2DIAGNOSTIC,     3, -5.983179738187e-01, 1.797693134862e+308, 1.8340e+00, 3.6841e-02, 
 2DIAGNOSTIC,     4, -5.991842700337e-01, 1.797693134862e+308, 1.8696e+00, 3.5620e-02, 
 2DIAGNOSTIC,     5, -5.996994998253e-01, 1.797693134862e+308, 1.9063e+00, 3.6660e-02, 
 2DIAGNOSTIC,     6, -6.001931046516e-01, 1.797693134862e+308, 1.9459e+00, 3.9626e-02, 
 2DIAGNOSTIC,     7, -6.007532611612e-01, 1.797693134862e+308, 1.9876e+00, 4.1703e-02, 
 2DIAGNOSTIC,     8, -6.009619815184e-01, 1.797693134862e+308, 2.0485e+00, 6.0908e-02, 
 2DIAGNOSTIC,     9, -6.009635232195e-01, 1.797693134862e+308, 2.0844e+00, 3.5915e-02, 
 2DIAGNOSTIC,    10, -6.010099805668e-01, 4.521585098596e-04, 2.1226e+00, 3.8174e-02, 
 2DIAGNOSTIC,    11, -6.010587435242e-01, 3.364675246425e-04, 2.1585e+00, 3.5926e-02, 
 2DIAGNOSTIC,    12, -6.011027000820e-01, 2.291586970113e-04, 2.1989e+00, 4.0358e-02, 
 2DIAGNOSTIC,    13, -6.011483344587e-01, 1.452195791908e-04, 2.2347e+00, 3.5806e-02, 
 2DIAGNOSTIC,    14, -6.013252744900e-01, 9.560060551841e-05, 2.2711e+00, 3.6368e-02, 
 2DIAGNOSTIC,    15, -6.015104157853e-01, 6.592631360494e-05, 2.3204e+00, 4.9302e-02, 
 2DIAGNOSTIC,    16, -6.015461641190e-01, 4.927891363753e-05, 2.3609e+00, 4.0570e-02, 
 2DIAGNOSTIC,    17, -6.015929954058e-01, 4.708399400312e-05, 2.3979e+00, 3.6928e-02, 
 2DIAGNOSTIC,    18, -6.017558132031e-01, 5.077562194546e-05, 2.4416e+00, 4.3763e-02, 
 2DIAGNOSTIC,    19, -6.020594935576e-01, 5.695495881345e-05, 2.4956e+00, 5.3968e-02, 
 2DIAGNOSTIC,    20, -6.020261316095e-01, 5.745218985088e-05, 2.5372e+00, 4.1625e-02, 
 2DIAGNOSTIC,    21, -6.020236720675e-01, 5.392183155510e-05, 2.5781e+00, 4.0839e-02, 
 2DIAGNOSTIC,    22, -6.020072378055e-01, 4.656169320069e-05, 2.6378e+00, 5.9785e-02, 
 2DIAGNOSTIC,    23, -6.020036539524e-01, 3.635521992935e-05, 2.6792e+00, 4.1368e-02, 
 2DIAGNOSTIC,    24, -6.020116474256e-01, 2.717414384372e-05, 2.7179e+00, 3.8707e-02, 
 2DIAGNOSTIC,    25, -6.020060299899e-01, 1.971946480073e-05, 2.7590e+00, 4.1100e-02, 
 2DIAGNOSTIC,    26, -6.019995518598e-01, 1.174630328921e-05, 2.8026e+00, 4.3620e-02, 
 2DIAGNOSTIC,    27, -6.019966309564e-01, 4.125493649761e-06, 2.8391e+00, 3.6454e-02, 
DIAGNOSTIC,Iteration,metricValue,convergenceValue,ITERATION_TIME_INDEX,SINCE_LAST
 2DIAGNOSTIC,     1, -5.251430995797e-01, 1.797693134862e+308, 4.0167e+00, 1.1776e+00, 
 2DIAGNOSTIC,     2, -5.254715504020e-01, 1.797693134862e+308, 4.3141e+00, 2.9743e-01, 
 2DIAGNOSTIC,     3, -5.258137657902e-01, 1.797693134862e+308, 4.6107e+00, 2.9666e-01, 
 2DIAGNOSTIC,     4, -5.261198616412e-01, 1.797693134862e+308, 4.9080e+00, 2.9724e-01, 
 2DIAGNOSTIC,     5, -5.264363999305e-01, 1.797693134862e+308, 5.2531e+00, 3.4507e-01, 
 2DIAGNOSTIC,     6, -5.269511554647e-01, 1.797693134862e+308, 5.5730e+00, 3.1997e-01, 
 2DIAGNOSTIC,     7, -5.275743607554e-01, 1.797693134862e+308, 5.8683e+00, 2.9529e-01, 
 2DIAGNOSTIC,     8, -5.308529054683e-01, 1.797693134862e+308, 6.2971e+00, 4.2878e-01, 
 2DIAGNOSTIC,     9, -5.316850666596e-01, 1.797693134862e+308, 6.6357e+00, 3.3863e-01, 
 2DIAGNOSTIC,    10, -5.319415619460e-01, 8.932371566793e-04, 6.9202e+00, 2.8446e-01, 
 2DIAGNOSTIC,    11, -5.326584821036e-01, 9.132571391292e-04, 7.2243e+00, 3.0411e-01, 
 2DIAGNOSTIC,    12, -5.327717698499e-01, 8.667962140347e-04, 7.5412e+00, 3.1695e-01, 
 2DIAGNOSTIC,    13, -5.327901709350e-01, 7.624883731119e-04, 7.8425e+00, 3.0125e-01, 
 2DIAGNOSTIC,    14, -5.328052473048e-01, 6.162171386311e-04, 8.1449e+00, 3.0238e-01, 
 2DIAGNOSTIC,    15, -5.328091210066e-01, 4.463648996882e-04, 8.4437e+00, 2.9884e-01, 
 2DIAGNOSTIC,    16, -5.328053621433e-01, 2.750287336803e-04, 8.8134e+00, 3.6971e-01, 
 2DIAGNOSTIC,    17, -5.328097801470e-01, 1.159856018653e-04, 9.1380e+00, 3.2458e-01, 
 2DIAGNOSTIC,    18, -5.328025462790e-01, 6.132663931714e-05, 9.5415e+00, 4.0353e-01, 
 2DIAGNOSTIC,    19, -5.328023337750e-01, 3.049107893086e-05, 9.8964e+00, 3.5482e-01, 
 2DIAGNOSTIC,    20, -5.327994780429e-01, 6.364754089244e-06, 1.0291e+01, 3.9504e-01, 
 2DIAGNOSTIC,    21, -5.327985367116e-01, 2.300143126834e-06, 1.0579e+01, 2.8725e-01, 
 2DIAGNOSTIC,    22, -5.327977908572e-01, 1.266493420624e-06, 1.0885e+01, 3.0653e-01, 
DIAGNOSTIC,Iteration,metricValue,convergenceValue,ITERATION_TIME_INDEX,SINCE_LAST
 2DIAGNOSTIC,     1, -4.881450263078e-01, 1.797693134862e+308, 1.4011e+01, 3.1260e+00, 
 2DIAGNOSTIC,     2, -4.882863903640e-01, 1.797693134862e+308, 1.5859e+01, 1.8483e+00, 
 2DIAGNOSTIC,     3, -4.884460198234e-01, 1.797693134862e+308, 1.7591e+01, 1.7318e+00, 
 2DIAGNOSTIC,     4, -4.886007069877e-01, 1.797693134862e+308, 1.9517e+01, 1.9262e+00, 
 2DIAGNOSTIC,     5, -4.888040247155e-01, 1.797693134862e+308, 2.1188e+01, 1.6710e+00, 
 2DIAGNOSTIC,     6, -4.890727724384e-01, 1.797693134862e+308, 2.3126e+01, 1.9380e+00, 
 2DIAGNOSTIC,     7, -4.893692277965e-01, 1.797693134862e+308, 2.5860e+01, 2.7337e+00, 
 2DIAGNOSTIC,     8, -4.893847924045e-01, 1.797693134862e+308, 2.7519e+01, 1.6591e+00, 
 2DIAGNOSTIC,     9, -4.895363875727e-01, 1.797693134862e+308, 2.9190e+01, 1.6712e+00, 
 2DIAGNOSTIC,    10, -4.896609806752e-01, 2.165283146940e-04, 3.0979e+01, 1.7886e+00, 
 2DIAGNOSTIC,    11, -4.897593067661e-01, 1.884213955212e-04, 3.2994e+01, 2.0153e+00, 
 2DIAGNOSTIC,    12, -4.898161676858e-01, 1.577620384130e-04, 3.4816e+01, 1.8217e+00, 
 2DIAGNOSTIC,    13, -4.900395273003e-01, 1.350270966712e-04, 3.6835e+01, 2.0190e+00, 
 2DIAGNOSTIC,    14, -4.903232796695e-01, 1.214887054974e-04, 4.0113e+01, 3.2780e+00, 
