
##########################
# Experiment information #
##########################

EXPERIMENT_NAME: antsRegistration-r7-p22
VFC_BACKENDS: libinterflop_vprec.so --range-binary32=7 --precision-binary32=22 --range-binary64=7 --precision-binary64=22

SIF_IMG: /home/mdugre/projects/rrg-glatard/mdugre/containers/ants-vprec-no_metrics.simg

SUBJECT_ID: s017
INPUT_IMG: /home/mdugre/scratch/mri-registration-rp/datasets/ds004513/derivatives/mri-registration-rp/antsBrainExtraction/sub-s017/BrainExtractionBrain.nii.gz
OUTPUT_DIR: /home/mdugre/scratch/mri-registration-rp/datasets/ds004513/derivatives/mri-registration-rp/0001/antsRegistration-r7-p22/sub-s017

FIXED_IMG: /templateflow/tpl-MNI152NLin2009cAsym/tpl-MNI152NLin2009cAsym_res-01_desc-brain_T1w.nii.gz
DATA_DIR: /home/mdugre/scratch/mri-registration-rp/datasets/ds004513
TEMPLATEFLOW_DIR: /home/mdugre/projects/rrg-glatard/mdugre/templateflow
ITK_GLOBAL_DEFAULT_NUMBER_OF_THREADS: 16
##########################

Info [verificarlo]: loaded backend libinterflop_ieee.so
Info [interflop-ieee]: load backend with:
Info [interflop-ieee]: debug = false
Info [interflop-ieee]: debug-binary = false
Info [interflop-ieee]: no-backend-name = false
Info [interflop-ieee]: print-new-line = false
Info [interflop-ieee]: print-subnormal-normalized = false
Info [interflop-ieee]: count-op = false
All_Command_lines_OK
Using double precision for computations.
=============================================================================
The composite transform comprises the following transforms (in order): 
  1. Center of mass alignment using fixed image: /templateflow/tpl-MNI152NLin2009cAsym/tpl-MNI152NLin2009cAsym_res-01_desc-brain_T1w.nii.gz and moving image: /home/mdugre/scratch/mri-registration-rp/datasets/ds004513/derivatives/mri-registration-rp/antsBrainExtraction/sub-s017/BrainExtractionBrain.nii.gz (type = Euler3DTransform)
=============================================================================
  number of levels = 1
  fixed image: /templateflow/tpl-MNI152NLin2009cAsym/tpl-MNI152NLin2009cAsym_res-01_desc-brain_T1w.nii.gz
  moving image: /home/mdugre/scratch/mri-registration-rp/datasets/ds004513/derivatives/mri-registration-rp/antsBrainExtraction/sub-s017/BrainExtractionBrain.nii.gz
Dimension = 3
Number of stages = 1
Use histogram matching = false
Winsorize image intensities = true
  Lower quantile = 0.005
  Upper quantile = 0.995


Stage 1 State
   Image metric = MattesMI
     Fixed image = Image (0x50b1e70)
  RTTI typeinfo:   itk::Image<double, 3u>
  Reference Count: 2
  Modified Time: 2334
  Debug: Off
  Object Name: 
  Observers: 
    none
  Source: (none)
  Source output name: (none)
  Release Data: Off
  Data Released: False
  Global Release Data: Off
  PipelineMTime: 0
  UpdateMTime: 1943
  RealTimeStamp: 0 seconds 
  LargestPossibleRegion: 
    Dimension: 3
    Index: [0, 0, 0]
    Size: [193, 229, 193]
  BufferedRegion: 
    Dimension: 3
    Index: [0, 0, 0]
    Size: [193, 229, 193]
  RequestedRegion: 
    Dimension: 3
    Index: [0, 0, 0]
    Size: [193, 229, 193]
  Spacing: [1, 1, 1]
  Origin: [96, 132, -78]
  Direction: 
-1 0 0
0 -1 0
0 0 1

  IndexToPointMatrix: 
-1 0 0
0 -1 0
0 0 1

  PointToIndexMatrix: 
-1 0 0
0 -1 0
0 0 1

  Inverse Direction: 
-1 0 0
0 -1 0
0 0 1

  PixelContainer: 
    ImportImageContainer (0x50bac60)
      RTTI typeinfo:   itk::ImportImageContainer<unsigned long, double>
      Reference Count: 1
      Modified Time: 1940
      Debug: Off
      Object Name: 
      Observers: 
        none
      Pointer: 0x147018c46010
      Container manages memory: true
      Size: 8530021
      Capacity: 8530021

     Moving image = Image (0x50bd610)
  RTTI typeinfo:   itk::Image<double, 3u>
  Reference Count: 2
  Modified Time: 2335
  Debug: Off
  Object Name: 
  Observers: 
    none
  Source: (none)
  Source output name: (none)
  Release Data: Off
  Data Released: False
  Global Release Data: Off
  PipelineMTime: 0
  UpdateMTime: 2332
  RealTimeStamp: 0 seconds 
  LargestPossibleRegion: 
    Dimension: 3
    Index: [0, 0, 0]
    Size: [160, 240, 256]
  BufferedRegion: 
    Dimension: 3
    Index: [0, 0, 0]
    Size: [160, 240, 256]
  RequestedRegion: 
    Dimension: 3
    Index: [0, 0, 0]
    Size: [160, 240, 256]
  Spacing: [1, 1, 1]
  Origin: [91.3357, 102.231, -120.042]
  Direction: 
-0.997442 -5.36781e-05 -0.0714818
5.35416e-05 -1 3.82465e-06
-0.0714818 -1.23894e-08 0.997442

  IndexToPointMatrix: 
-0.997444 -5.36781e-05 -0.0714818
5.35418e-05 -1 3.82465e-06
-0.0714819 -1.23894e-08 0.997442

  PointToIndexMatrix: 
-0.99744 5.35415e-05 -0.0714816
-5.36781e-05 -1 -1.23894e-08
-0.0714818 3.82465e-06 0.997442

  Inverse Direction: 
-0.997442 5.35416e-05 -0.0714818
-5.36781e-05 -1 -1.23894e-08
-0.0714818 3.82465e-06 0.997442

  PixelContainer: 
    ImportImageContainer (0x5156ef0)
      RTTI typeinfo:   itk::ImportImageContainer<unsigned long, double>
      Reference Count: 1
      Modified Time: 2329
      Debug: Off
      Object Name: 
      Observers: 
        none
      Pointer: 0x147014145010
      Container manages memory: true
      Size: 9830400
      Capacity: 9830400

     Weighting = 1
     Sampling strategy = regular
     Number of bins = 32
     Radius = 4
     Sampling percentage  = 0.25
   Transform = Rigid
     Gradient step = 0.1
     Update field sigma (voxel space) = 0
     Total field sigma (voxel space) = 0
     Update field time sigma = 0
     Total field time sigma  = 0
     Number of time indices = 0
     Number of time point samples = 0
Registration using 1 total stages.

Stage 0
  iterations = 0
  convergence threshold = 1e-06
  convergence window size = 10
  number of levels = 1
  using the Mattes MI metric (number of bins = 32, weight = 1, use gradient filter = 0)
  preprocessing:  winsorizing the image intensities
  Shrink factors (level 1 out of 1): [1, 1, 1]
  smoothing sigmas per level: [0]
  regular sampling (percentage = 0.25)

*** Running Euler3DTransform registration ***

  Elapsed time (stage 0): 1.09673


Total elapsed time: 1.09886
Info [verificarlo]: loaded backend libinterflop_ieee.so
Info [interflop-ieee]: load backend with:
Info [interflop-ieee]: debug = false
Info [interflop-ieee]: debug-binary = false
Info [interflop-ieee]: no-backend-name = false
Info [interflop-ieee]: print-new-line = false
Info [interflop-ieee]: print-subnormal-normalized = false
Info [interflop-ieee]: count-op = false
All_Command_lines_OK
Using double precision for computations.
=============================================================================
The composite transform comprises the following transforms (in order): 
  1. /home/mdugre/scratch/mri-registration-rp/datasets/ds004513/derivatives/mri-registration-rp/0001/antsRegistration-r7-p22/sub-s017/align_Composite.h5[0] (type = Euler3DTransform)
  2. /home/mdugre/scratch/mri-registration-rp/datasets/ds004513/derivatives/mri-registration-rp/0001/antsRegistration-r7-p22/sub-s017/align_Composite.h5[1] (type = Euler3DTransform)
=============================================================================
  number of levels = 4
  fixed image: /templateflow/tpl-MNI152NLin2009cAsym/tpl-MNI152NLin2009cAsym_res-01_desc-brain_T1w.nii.gz
  moving image: /home/mdugre/scratch/mri-registration-rp/datasets/ds004513/derivatives/mri-registration-rp/antsBrainExtraction/sub-s017/BrainExtractionBrain.nii.gz
Dimension = 3
Number of stages = 1
Use histogram matching = false
Winsorize image intensities = true
  Lower quantile = 0.005
  Upper quantile = 0.995


Stage 1 State
   Image metric = MattesMI
     Fixed image = Image (0x4335530)
  RTTI typeinfo:   itk::Image<double, 3u>
  Reference Count: 2
  Modified Time: 1580
  Debug: Off
  Object Name: 
  Observers: 
    none
  Source: (none)
  Source output name: (none)
  Release Data: Off
  Data Released: False
  Global Release Data: Off
  PipelineMTime: 0
  UpdateMTime: 1189
  RealTimeStamp: 0 seconds 
  LargestPossibleRegion: 
    Dimension: 3
    Index: [0, 0, 0]
    Size: [193, 229, 193]
  BufferedRegion: 
    Dimension: 3
    Index: [0, 0, 0]
    Size: [193, 229, 193]
  RequestedRegion: 
    Dimension: 3
    Index: [0, 0, 0]
    Size: [193, 229, 193]
  Spacing: [1, 1, 1]
  Origin: [96, 132, -78]
  Direction: 
-1 0 0
0 -1 0
0 0 1

  IndexToPointMatrix: 
-1 0 0
0 -1 0
0 0 1

  PointToIndexMatrix: 
-1 0 0
0 -1 0
0 0 1

  Inverse Direction: 
-1 0 0
0 -1 0
0 0 1

  PixelContainer: 
    ImportImageContainer (0x43f3d60)
      RTTI typeinfo:   itk::ImportImageContainer<unsigned long, double>
      Reference Count: 1
      Modified Time: 1186
      Debug: Off
      Object Name: 
      Observers: 
        none
      Pointer: 0x149881e31010
      Container manages memory: true
      Size: 8530021
      Capacity: 8530021

     Moving image = Image (0x43e5f60)
  RTTI typeinfo:   itk::Image<double, 3u>
  Reference Count: 2
  Modified Time: 1581
  Debug: Off
  Object Name: 
  Observers: 
    none
  Source: (none)
  Source output name: (none)
  Release Data: Off
  Data Released: False
  Global Release Data: Off
  PipelineMTime: 0
  UpdateMTime: 1578
  RealTimeStamp: 0 seconds 
  LargestPossibleRegion: 
    Dimension: 3
    Index: [0, 0, 0]
    Size: [160, 240, 256]
  BufferedRegion: 
    Dimension: 3
    Index: [0, 0, 0]
    Size: [160, 240, 256]
  RequestedRegion: 
    Dimension: 3
    Index: [0, 0, 0]
    Size: [160, 240, 256]
  Spacing: [1, 1, 1]
  Origin: [91.3357, 102.231, -120.042]
  Direction: 
-0.997442 -5.36781e-05 -0.0714818
5.35416e-05 -1 3.82465e-06
-0.0714818 -1.23894e-08 0.997442

  IndexToPointMatrix: 
-0.997444 -5.36781e-05 -0.0714818
5.35418e-05 -1 3.82465e-06
-0.0714819 -1.23894e-08 0.997442

  PointToIndexMatrix: 
-0.99744 5.35415e-05 -0.0714816
-5.36781e-05 -1 -1.23894e-08
-0.0714818 3.82465e-06 0.997442

  Inverse Direction: 
-0.997442 5.35416e-05 -0.0714818
-5.36781e-05 -1 -1.23894e-08
-0.0714818 3.82465e-06 0.997442

  PixelContainer: 
    ImportImageContainer (0x43d76d0)
      RTTI typeinfo:   itk::ImportImageContainer<unsigned long, double>
      Reference Count: 1
      Modified Time: 1575
      Debug: Off
      Object Name: 
      Observers: 
        none
      Pointer: 0x14987d330010
      Container manages memory: true
      Size: 9830400
      Capacity: 9830400

     Weighting = 1
     Sampling strategy = regular
     Number of bins = 32
     Radius = 4
     Sampling percentage  = 0.25
   Transform = Rigid
     Gradient step = 0.1
     Update field sigma (voxel space) = 0
     Total field sigma (voxel space) = 0
     Update field time sigma = 0
     Total field time sigma  = 0
     Number of time indices = 0
     Number of time point samples = 0
Registration using 1 total stages.

Stage 0
  iterations = 1000x500x250x100
  convergence threshold = 1e-06
  convergence window size = 10
  number of levels = 4
  using the Mattes MI metric (number of bins = 32, weight = 1, use gradient filter = 0)
  preprocessing:  winsorizing the image intensities
  Shrink factors (level 1 out of 4): [8, 8, 8]
  Shrink factors (level 2 out of 4): [4, 4, 4]
  Shrink factors (level 3 out of 4): [2, 2, 2]
  Shrink factors (level 4 out of 4): [1, 1, 1]
  smoothing sigmas per level: [3, 2, 1, 0]
  regular sampling (percentage = 0.25)

*** Running Euler3DTransform registration ***

DIAGNOSTIC,Iteration,metricValue,convergenceValue,ITERATION_TIME_INDEX,SINCE_LAST
 2DIAGNOSTIC,     1, -5.567767283252e-01, 1.797693134862e+308, 8.8779e-01, 8.8779e-01, 
 2DIAGNOSTIC,     2, -5.584239703569e-01, 1.797693134862e+308, 8.9138e-01, 3.5980e-03, 
 2DIAGNOSTIC,     3, -5.612715515272e-01, 1.797693134862e+308, 8.9488e-01, 3.4940e-03, 
 2DIAGNOSTIC,     4, -5.637780194106e-01, 1.797693134862e+308, 8.9839e-01, 3.5150e-03, 
 2DIAGNOSTIC,     5, -5.658229214212e-01, 1.797693134862e+308, 9.0192e-01, 3.5279e-03, 
 2DIAGNOSTIC,     6, -5.696445468689e-01, 1.797693134862e+308, 9.0543e-01, 3.5059e-03, 
 2DIAGNOSTIC,     7, -5.734118275242e-01, 1.797693134862e+308, 9.0894e-01, 3.5112e-03, 
 2DIAGNOSTIC,     8, -5.754533484979e-01, 1.797693134862e+308, 9.1380e-01, 4.8580e-03, 
 2DIAGNOSTIC,     9, -5.763021950250e-01, 1.797693134862e+308, 9.1726e-01, 3.4659e-03, 
 2DIAGNOSTIC,    10, -5.771142770255e-01, 2.558085388189e-03, 9.2192e-01, 4.6580e-03, 
 2DIAGNOSTIC,    11, -5.785125587612e-01, 2.176117873031e-03, 9.2550e-01, 3.5770e-03, 
 2DIAGNOSTIC,    12, -5.799413348090e-01, 1.786767970983e-03, 9.2964e-01, 4.1411e-03, 
 2DIAGNOSTIC,    13, -5.809477908980e-01, 1.443124036835e-03, 9.3404e-01, 4.4029e-03, 
 2DIAGNOSTIC,    14, -5.814655964876e-01, 1.127354078216e-03, 9.3792e-01, 3.8779e-03, 
 2DIAGNOSTIC,    15, -5.819093877219e-01, 8.331089413527e-04, 9.4203e-01, 4.1120e-03, 
 2DIAGNOSTIC,    16, -5.822326442998e-01, 6.258215683234e-04, 9.4642e-01, 4.3929e-03, 
 2DIAGNOSTIC,    17, -5.825793599843e-01, 5.040365830242e-04, 9.5016e-01, 3.7379e-03, 
 2DIAGNOSTIC,    18, -5.863713925916e-01, 5.095725576649e-04, 9.5391e-01, 3.7479e-03, 
 2DIAGNOSTIC,    19, -5.901617810167e-01, 5.855607354895e-04, 9.6075e-01, 6.8400e-03, 
 2DIAGNOSTIC,    20, -5.906016223815e-01, 6.286272500282e-04, 9.6535e-01, 4.5979e-03, 
 2DIAGNOSTIC,    21, -5.907365705866e-01, 6.467002963798e-04, 9.6951e-01, 4.1649e-03, 
 2DIAGNOSTIC,    22, -5.906256574994e-01, 6.330265936334e-04, 9.7362e-01, 4.1070e-03, 
 2DIAGNOSTIC,    23, -5.906307681710e-01, 5.816453055129e-04, 9.7726e-01, 3.6452e-03, 
 2DIAGNOSTIC,    24, -5.905636622009e-01, 4.878472529175e-04, 9.8114e-01, 3.8719e-03, 
 2DIAGNOSTIC,    25, -5.906024985369e-01, 3.662279783919e-04, 9.8532e-01, 4.1878e-03, 
 2DIAGNOSTIC,    26, -5.906025304324e-01, 2.276984665043e-04, 9.8930e-01, 3.9721e-03, 
 2DIAGNOSTIC,    27, -5.906211320573e-01, 8.394584288623e-05, 9.9304e-01, 3.7458e-03, 
 2DIAGNOSTIC,    28, -5.908796758313e-01, 1.198925031217e-05, 9.9676e-01, 3.7210e-03, 
 2DIAGNOSTIC,    29, -5.911411552395e-01, 1.217108543304e-05, 1.0010e+00, 4.2191e-03, 
 2DIAGNOSTIC,    30, -5.915241330961e-01, 2.456301684429e-05, 1.0067e+00, 5.6839e-03, 
 2DIAGNOSTIC,    31, -5.916229825993e-01, 3.758205306436e-05, 1.0104e+00, 3.7279e-03, 
 2DIAGNOSTIC,    32, -5.916651208817e-01, 4.532975449509e-05, 1.0142e+00, 3.8252e-03, 
 2DIAGNOSTIC,    33, -5.916874987632e-01, 4.885284295066e-05, 1.0179e+00, 3.7220e-03, 
 2DIAGNOSTIC,    34, -5.917053822200e-01, 4.682712859186e-05, 1.0221e+00, 4.2050e-03, 
 2DIAGNOSTIC,    35, -5.917390904867e-01, 4.153275817695e-05, 1.0324e+00, 1.0237e-02, 
 2DIAGNOSTIC,    36, -5.917390912695e-01, 3.272086429646e-05, 1.0361e+00, 3.7482e-03, 
 2DIAGNOSTIC,    37, -5.917391070342e-01, 2.163060314946e-05, 1.0398e+00, 3.7179e-03, 
 2DIAGNOSTIC,    38, -5.917391330930e-01, 1.245673595335e-05, 1.0436e+00, 3.7339e-03, 
 2DIAGNOSTIC,    39, -5.917391754735e-01, 5.801896388661e-06, 1.0473e+00, 3.7231e-03, 
 2DIAGNOSTIC,    40, -5.917392424311e-01, 3.643428649128e-06, 1.0510e+00, 3.7150e-03, 
 2DIAGNOSTIC,    41, -5.917393428828e-01, 2.487109297039e-06, 1.0547e+00, 3.7110e-03, 
 2DIAGNOSTIC,    42, -5.917394845334e-01, 1.715730316536e-06, 1.0584e+00, 3.7160e-03, 
 2DIAGNOSTIC,    43, -5.917396625586e-01, 1.144189314278e-06, 1.0622e+00, 3.7181e-03, 
DIAGNOSTIC,Iteration,metricValue,convergenceValue,ITERATION_TIME_INDEX,SINCE_LAST
 2DIAGNOSTIC,     1, -4.784004501415e-01, 1.797693134862e+308, 1.7318e+00, 6.6961e-01, 
 2DIAGNOSTIC,     2, -4.783999131485e-01, 1.797693134862e+308, 1.7573e+00, 2.5546e-02, 
 2DIAGNOSTIC,     3, -4.784190365422e-01, 1.797693134862e+308, 1.7859e+00, 2.8551e-02, 
 2DIAGNOSTIC,     4, -4.785028756508e-01, 1.797693134862e+308, 1.8123e+00, 2.6428e-02, 
 2DIAGNOSTIC,     5, -4.786647485428e-01, 1.797693134862e+308, 1.8408e+00, 2.8530e-02, 
 2DIAGNOSTIC,     6, -4.788099932956e-01, 1.797693134862e+308, 1.8695e+00, 2.8681e-02, 
 2DIAGNOSTIC,     7, -4.794645847211e-01, 1.797693134862e+308, 1.8978e+00, 2.8297e-02, 
 2DIAGNOSTIC,     8, -4.813619171741e-01, 1.797693134862e+308, 1.9369e+00, 3.9138e-02, 
 2DIAGNOSTIC,     9, -4.817935635325e-01, 1.797693134862e+308, 1.9670e+00, 3.0066e-02, 
 2DIAGNOSTIC,    10, -4.822647496914e-01, 5.583367505861e-04, 1.9956e+00, 2.8590e-02, 
 2DIAGNOSTIC,    11, -4.831344909908e-01, 6.366384575978e-04, 2.0278e+00, 3.2237e-02, 
 2DIAGNOSTIC,    12, -4.835768992549e-01, 6.653898034663e-04, 2.0746e+00, 4.6759e-02, 
 2DIAGNOSTIC,    13, -4.835677565316e-01, 6.290342968673e-04, 2.1096e+00, 3.4959e-02, 
 2DIAGNOSTIC,    14, -4.835733047833e-01, 5.452729207372e-04, 2.1488e+00, 3.9288e-02, 
 2DIAGNOSTIC,    15, -4.835701547243e-01, 4.305772095351e-04, 2.1813e+00, 3.2412e-02, 
 2DIAGNOSTIC,    16, -4.835566912998e-01, 2.956272803438e-04, 2.2136e+00, 3.2389e-02, 
 2DIAGNOSTIC,    17, -4.835523104081e-01, 1.703980274576e-04, 2.2446e+00, 3.0917e-02, 
 2DIAGNOSTIC,    18, -4.835483887828e-01, 1.058854945423e-04, 2.2709e+00, 2.6341e-02, 
 2DIAGNOSTIC,    19, -4.835469915470e-01, 5.203914174061e-05, 2.2968e+00, 2.5863e-02, 
 2DIAGNOSTIC,    20, -4.835401827381e-01, 1.204163315396e-05, 2.3261e+00, 2.9289e-02, 
DIAGNOSTIC,Iteration,metricValue,convergenceValue,ITERATION_TIME_INDEX,SINCE_LAST
 2DIAGNOSTIC,     1, -4.161561167876e-01, 1.797693134862e+308, 3.3661e+00, 1.0400e+00, 
 2DIAGNOSTIC,     2, -4.161756893437e-01, 1.797693134862e+308, 3.6257e+00, 2.5963e-01, 
 2DIAGNOSTIC,     3, -4.161696114506e-01, 1.797693134862e+308, 3.8465e+00, 2.2079e-01, 
 2DIAGNOSTIC,     4, -4.161681503550e-01, 1.797693134862e+308, 4.1679e+00, 3.2141e-01, 
 2DIAGNOSTIC,     5, -4.161678896599e-01, 1.797693134862e+308, 4.3858e+00, 2.1787e-01, 
 2DIAGNOSTIC,     6, -4.161669123582e-01, 1.797693134862e+308, 4.6039e+00, 2.1817e-01, 
 2DIAGNOSTIC,     7, -4.161667485640e-01, 1.797693134862e+308, 4.8730e+00, 2.6910e-01, 
 2DIAGNOSTIC,     8, -4.161656816013e-01, 1.797693134862e+308, 5.0756e+00, 2.0258e-01, 
 2DIAGNOSTIC,     9, -4.161650043535e-01, 1.797693134862e+308, 5.3137e+00, 2.3812e-01, 
 2DIAGNOSTIC,    10, -4.161655463811e-01, 2.943366549310e-06, 5.5650e+00, 2.5125e-01, 
 2DIAGNOSTIC,    11, -4.161636420992e-01, 1.720591483415e-06, 5.7968e+00, 2.3181e-01, 
 2DIAGNOSTIC,    12, -4.161624970807e-01, 1.867462474575e-06, 6.0256e+00, 2.2877e-01, 
 2DIAGNOSTIC,    13, -4.161615819742e-01, 1.698398064479e-06, 6.2161e+00, 1.9049e-01, 
 2DIAGNOSTIC,    14, -4.161624603291e-01, 1.592444847417e-06, 6.4321e+00, 2.1599e-01, 
 2DIAGNOSTIC,    15, -4.161620529810e-01, 1.530180431517e-06, 6.6480e+00, 2.1593e-01, 
 2DIAGNOSTIC,    16, -4.161603835103e-01, 1.417836911349e-06, 6.8384e+00, 1.9040e-01, 
 2DIAGNOSTIC,    17, -4.161625251478e-01, 1.455414108453e-06, 7.0468e+00, 2.0842e-01, 
 2DIAGNOSTIC,    18, -4.161617349622e-01, 1.453854851854e-06, 7.2561e+00, 2.0935e-01, 
 2DIAGNOSTIC,    19, -4.161656140591e-01, 1.594928493324e-06, 7.4773e+00, 2.2116e-01, 
 2DIAGNOSTIC,    20, -4.161678254526e-01, 1.821576314731e-06, 7.7849e+00, 3.0762e-01, 
 2DIAGNOSTIC,    21, -4.161672172256e-01, 1.924327014798e-06, 7.9987e+00, 2.1378e-01, 
 2DIAGNOSTIC,    22, -4.161665846120e-01, 1.927748304598e-06, 8.1896e+00, 1.9092e-01, 
 2DIAGNOSTIC,    23, -4.161660793962e-01, 1.843028030760e-06, 8.4447e+00, 2.5505e-01, 
 2DIAGNOSTIC,    24, -4.161655365529e-01, 1.730448862418e-06, 8.6519e+00, 2.0720e-01, 
 2DIAGNOSTIC,    25, -4.161651834944e-01, 1.568353729380e-06, 8.8498e+00, 1.9790e-01, 
 2DIAGNOSTIC,    26, -4.161660037663e-01, 1.368374529617e-06, 9.0559e+00, 2.0614e-01, 
 2DIAGNOSTIC,    27, -4.161651045494e-01, 1.203105055060e-06, 9.2629e+00, 2.0697e-01, 
 2DIAGNOSTIC,    28, -4.161679884895e-01, 1.097088647414e-06, 9.5072e+00, 2.4434e-01, 
 2DIAGNOSTIC,    29, -4.161710849645e-01, 1.162831228432e-06, 9.7279e+00, 2.2064e-01, 
 2DIAGNOSTIC,    30, -4.161703640303e-01, 1.250475703554e-06, 9.9410e+00, 2.1313e-01, 
 2DIAGNOSTIC,    31, -4.161708142908e-01, 1.313167819005e-06, 1.0163e+01, 2.2176e-01, 
 2DIAGNOSTIC,    32, -4.161710089261e-01, 1.336085273834e-06, 1.0360e+01, 1.9688e-01, 
 2DIAGNOSTIC,    33, -4.161749613445e-01, 1.395595233801e-06, 1.0592e+01, 2.3216e-01, 
 2DIAGNOSTIC,    34, -4.161777487500e-01, 1.452526293837e-06, 1.0792e+01, 2.0032e-01, 
 2DIAGNOSTIC,    35, -4.161792220169e-01, 1.478601703159e-06, 1.1019e+01, 2.2684e-01, 
 2DIAGNOSTIC,    36, -4.161806859639e-01, 1.495439402800e-06, 1.1252e+01, 2.3277e-01, 
 2DIAGNOSTIC,    37, -4.161791778417e-01, 1.407680651818e-06, 1.1431e+01, 1.7960e-01, 
 2DIAGNOSTIC,    38, -4.161838486858e-01, 1.406626855729e-06, 1.1675e+01, 2.4351e-01, 
 2DIAGNOSTIC,    39, -4.161849953089e-01, 1.422742159300e-06, 1.1917e+01, 2.4192e-01, 
 2DIAGNOSTIC,    40, -4.161860914880e-01, 1.386764620897e-06, 1.2204e+01, 2.8675e-01, 
 2DIAGNOSTIC,    41, -4.161854987566e-01, 1.295749566321e-06, 1.2417e+01, 2.1343e-01, 
 2DIAGNOSTIC,    42, -4.161840259979e-01, 1.138573334128e-06, 1.2636e+01, 2.1890e-01, 
 2DIAGNOSTIC,    43, -4.161834049850e-01, 1.004201829153e-06, 1.2824e+01, 1.8798e-01, 
DIAGNOSTIC,Iteration,metricValue,convergenceValue,ITERATION_TIME_INDEX,SINCE_LAST
 2DIAGNOSTIC,     1, -3.834265912298e-01, 1.797693134862e+308, 1.5195e+01, 2.3712e+00, 
 2DIAGNOSTIC,     2, -3.834925053333e-01, 1.797693134862e+308, 1.6635e+01, 1.4400e+00, 
 2DIAGNOSTIC,     3, -3.834978116444e-01, 1.797693134862e+308, 1.8114e+01, 1.4791e+00, 
 2DIAGNOSTIC,     4, -3.835004127702e-01, 1.797693134862e+308, 1.9664e+01, 1.5502e+00, 
 2DIAGNOSTIC,     5, -3.835019582498e-01, 1.797693134862e+308, 2.1230e+01, 1.5653e+00, 
 2DIAGNOSTIC,     6, -3.835049957399e-01, 1.797693134862e+308, 2.2889e+01, 1.6594e+00, 
 2DIAGNOSTIC,     7, -3.835058343708e-01, 1.797693134862e+308, 2.4509e+01, 1.6197e+00, 
 2DIAGNOSTIC,     8, -3.835066498243e-01, 1.797693134862e+308, 2.6424e+01, 1.9151e+00, 
 2DIAGNOSTIC,     9, -3.835062955311e-01, 1.797693134862e+308, 2.8040e+01, 1.6164e+00, 
 2DIAGNOSTIC,    10, -3.835063108986e-01, 1.066660795301e-05, 2.9715e+01, 1.6744e+00, 
 2DIAGNOSTIC,    11, -3.835061571780e-01, 4.747041040351e-06, 3.1805e+01, 2.0901e+00, 
 2DIAGNOSTIC,    12, -3.835060832639e-01, 3.706200933165e-06, 3.3132e+01, 1.3271e+00, 
 2DIAGNOSTIC,    13, -3.835060190710e-01, 3.027826258620e-06, 3.4610e+01, 1.4782e+00, 
 2DIAGNOSTIC,    14, -3.835058638468e-01, 2.523467130325e-06, 3.6083e+01, 1.4728e+00, 
 2DIAGNOSTIC,    15, -3.835058006953e-01, 2.133709324198e-06, 3.7552e+01, 1.4693e+00, 
 2DIAGNOSTIC,    16, -3.835056463961e-01, 1.924177740725e-06, 3.9441e+01, 1.8889e+00, 
 2DIAGNOSTIC,    17, -3.835054775118e-01, 1.773328565005e-06, 4.0881e+01, 1.4402e+00, 
 2DIAGNOSTIC,    18, -3.835053086112e-01, 1.675385380727e-06, 4.2160e+01, 1.2785e+00, 
 2DIAGNOSTIC,    19, -3.835051448134e-01, 1.576051820044e-06, 4.3442e+01, 1.2823e+00, 
 2DIAGNOSTIC,    20, -3.835051658756e-01, 1.497295076744e-06, 4.4748e+01, 1.3057e+00, 
 2DIAGNOSTIC,    21, -3.835053779565e-01, 1.436675314978e-06, 4.6217e+01, 1.4695e+00, 
 2DIAGNOSTIC,    22, -3.835055901404e-01, 1.393331721555e-06, 4.7659e+01, 1.4413e+00, 
 2DIAGNOSTIC,    23, -3.835055250995e-01, 1.354581542615e-06, 4.9105e+01, 1.4461e+00, 
 2DIAGNOSTIC,    24, -3.835054518274e-01, 1.314933130860e-06, 5.0472e+01, 1.3677e+00, 
 2DIAGNOSTIC,    25, -3.835053813415e-01, 1.275595341514e-06, 5.1804e+01, 1.3313e+00, 
 2DIAGNOSTIC,    26, -3.835053141609e-01, 1.232550096111e-06, 5.3188e+01, 1.3841e+00, 
 2DIAGNOSTIC,    27, -3.835053494667e-01, 1.188143195066e-06, 5.4483e+01, 1.2947e+00, 
 2DIAGNOSTIC,    28, -3.835054089346e-01, 1.143229101698e-06, 5.5971e+01, 1.4885e+00, 
 2DIAGNOSTIC,    29, -3.835055814671e-01, 1.101082732470e-06, 5.7295e+01, 1.3239e+00, 
 2DIAGNOSTIC,    30, -3.835053714634e-01, 1.056523030972e-06, 5.9255e+01, 1.9602e+00, 
 2DIAGNOSTIC,    31, -3.835053052281e-01, 1.018740043636e-06, 6.0735e+01, 1.4795e+00, 
  Elapsed time (stage 0): 6.1533e+01


Total elapsed time: 6.1535e+01
Info [verificarlo]: loaded backend libinterflop_ieee.so
Info [interflop-ieee]: load backend with:
Info [interflop-ieee]: debug = false
Info [interflop-ieee]: debug-binary = false
Info [interflop-ieee]: no-backend-name = false
Info [interflop-ieee]: print-new-line = false
Info [interflop-ieee]: print-subnormal-normalized = false
Info [interflop-ieee]: count-op = false
All_Command_lines_OK
Using double precision for computations.
=============================================================================
The composite transform comprises the following transforms (in order): 
  1. /home/mdugre/scratch/mri-registration-rp/datasets/ds004513/derivatives/mri-registration-rp/0001/antsRegistration-r7-p22/sub-s017/rigid_Composite.h5[0] (type = Euler3DTransform)
  2. /home/mdugre/scratch/mri-registration-rp/datasets/ds004513/derivatives/mri-registration-rp/0001/antsRegistration-r7-p22/sub-s017/rigid_Composite.h5[1] (type = Euler3DTransform)
  3. /home/mdugre/scratch/mri-registration-rp/datasets/ds004513/derivatives/mri-registration-rp/0001/antsRegistration-r7-p22/sub-s017/rigid_Composite.h5[2] (type = Euler3DTransform)
=============================================================================
  number of levels = 4
  fixed image: /templateflow/tpl-MNI152NLin2009cAsym/tpl-MNI152NLin2009cAsym_res-01_desc-brain_T1w.nii.gz
  moving image: /home/mdugre/scratch/mri-registration-rp/datasets/ds004513/derivatives/mri-registration-rp/antsBrainExtraction/sub-s017/BrainExtractionBrain.nii.gz
Dimension = 3
Number of stages = 1
Use histogram matching = false
Winsorize image intensities = true
  Lower quantile = 0.005
  Upper quantile = 0.995


Stage 1 State
   Image metric = MattesMI
     Fixed image = Image (0x3a357e0)
  RTTI typeinfo:   itk::Image<double, 3u>
  Reference Count: 2
  Modified Time: 1594
  Debug: Off
  Object Name: 
  Observers: 
    none
  Source: (none)
  Source output name: (none)
  Release Data: Off
  Data Released: False
  Global Release Data: Off
  PipelineMTime: 0
  UpdateMTime: 1203
  RealTimeStamp: 0 seconds 
  LargestPossibleRegion: 
    Dimension: 3
    Index: [0, 0, 0]
    Size: [193, 229, 193]
  BufferedRegion: 
    Dimension: 3
    Index: [0, 0, 0]
    Size: [193, 229, 193]
  RequestedRegion: 
    Dimension: 3
    Index: [0, 0, 0]
    Size: [193, 229, 193]
  Spacing: [1, 1, 1]
  Origin: [96, 132, -78]
  Direction: 
-1 0 0
0 -1 0
0 0 1

  IndexToPointMatrix: 
-1 0 0
0 -1 0
0 0 1

  PointToIndexMatrix: 
-1 0 0
0 -1 0
0 0 1

  Inverse Direction: 
-1 0 0
0 -1 0
0 0 1

  PixelContainer: 
    ImportImageContainer (0x3af5a20)
      RTTI typeinfo:   itk::ImportImageContainer<unsigned long, double>
      Reference Count: 1
      Modified Time: 1200
      Debug: Off
      Object Name: 
      Observers: 
        none
      Pointer: 0x14cb52891010
      Container manages memory: true
      Size: 8530021
      Capacity: 8530021

     Moving image = Image (0x3af0d70)
  RTTI typeinfo:   itk::Image<double, 3u>
  Reference Count: 2
  Modified Time: 1595
  Debug: Off
  Object Name: 
  Observers: 
    none
  Source: (none)
  Source output name: (none)
  Release Data: Off
  Data Released: False
  Global Release Data: Off
  PipelineMTime: 0
  UpdateMTime: 1592
  RealTimeStamp: 0 seconds 
  LargestPossibleRegion: 
    Dimension: 3
    Index: [0, 0, 0]
    Size: [160, 240, 256]
  BufferedRegion: 
    Dimension: 3
    Index: [0, 0, 0]
    Size: [160, 240, 256]
  RequestedRegion: 
    Dimension: 3
    Index: [0, 0, 0]
    Size: [160, 240, 256]
  Spacing: [1, 1, 1]
  Origin: [91.3357, 102.231, -120.042]
  Direction: 
-0.997442 -5.36781e-05 -0.0714818
5.35416e-05 -1 3.82465e-06
-0.0714818 -1.23894e-08 0.997442

  IndexToPointMatrix: 
-0.997444 -5.36781e-05 -0.0714818
5.35418e-05 -1 3.82465e-06
-0.0714819 -1.23894e-08 0.997442

  PointToIndexMatrix: 
-0.99744 5.35415e-05 -0.0714816
-5.36781e-05 -1 -1.23894e-08
-0.0714818 3.82465e-06 0.997442

  Inverse Direction: 
-0.997442 5.35416e-05 -0.0714818
-5.36781e-05 -1 -1.23894e-08
-0.0714818 3.82465e-06 0.997442

  PixelContainer: 
    ImportImageContainer (0x3aa8c90)
      RTTI typeinfo:   itk::ImportImageContainer<unsigned long, double>
      Reference Count: 1
      Modified Time: 1589
      Debug: Off
      Object Name: 
      Observers: 
        none
      Pointer: 0x14cb4dd90010
      Container manages memory: true
      Size: 9830400
      Capacity: 9830400

     Weighting = 1
     Sampling strategy = regular
     Number of bins = 32
     Radius = 4
     Sampling percentage  = 0.25
   Transform = Affine
     Gradient step = 0.1
     Update field sigma (voxel space) = 0
     Total field sigma (voxel space) = 0
     Update field time sigma = 0
     Total field time sigma  = 0
     Number of time indices = 0
     Number of time point samples = 0
Registration using 1 total stages.

Stage 0
  iterations = 1000x500x250x100
  convergence threshold = 1e-06
  convergence window size = 10
  number of levels = 4
  using the Mattes MI metric (number of bins = 32, weight = 1, use gradient filter = 0)
  preprocessing:  winsorizing the image intensities
  Shrink factors (level 1 out of 4): [8, 8, 8]
  Shrink factors (level 2 out of 4): [4, 4, 4]
  Shrink factors (level 3 out of 4): [2, 2, 2]
  Shrink factors (level 4 out of 4): [1, 1, 1]
  smoothing sigmas per level: [3, 2, 1, 0]
  regular sampling (percentage = 0.25)

*** Running AffineTransform registration ***

DIAGNOSTIC,Iteration,metricValue,convergenceValue,ITERATION_TIME_INDEX,SINCE_LAST
 2DIAGNOSTIC,     1, -5.806290998499e-01, 1.797693134862e+308, 1.1505e+00, 1.1505e+00, 
 2DIAGNOSTIC,     2, -5.832407507993e-01, 1.797693134862e+308, 1.1564e+00, 5.8730e-03, 
 2DIAGNOSTIC,     3, -5.883921005929e-01, 1.797693134862e+308, 1.1618e+00, 5.4641e-03, 
 2DIAGNOSTIC,     4, -5.973582020263e-01, 1.797693134862e+308, 1.1675e+00, 5.6050e-03, 
 2DIAGNOSTIC,     5, -6.166279652973e-01, 1.797693134862e+308, 1.1729e+00, 5.4870e-03, 
 2DIAGNOSTIC,     6, -6.406440247297e-01, 1.797693134862e+308, 1.1786e+00, 5.6319e-03, 
 2DIAGNOSTIC,     7, -7.009864265124e-01, 1.797693134862e+308, 1.1844e+00, 5.8041e-03, 
 2DIAGNOSTIC,     8, -7.630482527481e-01, 1.797693134862e+308, 1.1904e+00, 6.0480e-03, 
 2DIAGNOSTIC,     9, -8.423469017942e-01, 1.797693134862e+308, 1.1997e+00, 9.2728e-03, 
 2DIAGNOSTIC,    10, -8.569694557384e-01, 2.845116136325e-02, 1.2061e+00, 6.4240e-03, 
 2DIAGNOSTIC,    11, -8.701917126796e-01, 2.871708899368e-02, 1.2132e+00, 7.0360e-03, 
 2DIAGNOSTIC,    12, -8.814645611704e-01, 2.683607373959e-02, 1.2241e+00, 1.0919e-02, 
 2DIAGNOSTIC,    13, -8.822368113778e-01, 2.307206280700e-02, 1.2308e+00, 6.7329e-03, 
 2DIAGNOSTIC,    14, -8.834458717799e-01, 1.815384135339e-02, 1.2373e+00, 6.4690e-03, 
 2DIAGNOSTIC,    15, -8.851322801179e-01, 1.292532920213e-02, 1.2436e+00, 6.3710e-03, 
 2DIAGNOSTIC,    16, -8.870480809098e-01, 7.902435011806e-03, 1.2500e+00, 6.3031e-03, 
 2DIAGNOSTIC,    17, -8.886777819484e-01, 4.189413139724e-03, 1.2587e+00, 8.7209e-03, 
 2DIAGNOSTIC,    18, -8.889448809784e-01, 1.810422421657e-03, 1.2664e+00, 7.7169e-03, 
 2DIAGNOSTIC,    19, -8.890594322527e-01, 1.083853118293e-03, 1.2744e+00, 8.0240e-03, 
 2DIAGNOSTIC,    20, -8.887882560931e-01, 5.969783242885e-04, 1.2813e+00, 6.8872e-03, 
 2DIAGNOSTIC,    21, -8.886098614942e-01, 3.264824976826e-04, 1.2896e+00, 8.2679e-03, 
 2DIAGNOSTIC,    22, -8.885249831758e-01, 2.361096568569e-04, 1.2966e+00, 7.0729e-03, 
 2DIAGNOSTIC,    23, -8.882875302076e-01, 1.410432920165e-04, 1.3031e+00, 6.4108e-03, 
 2DIAGNOSTIC,    24, -8.882052344443e-01, 5.851496496583e-05, 1.3103e+00, 7.2558e-03, 
DIAGNOSTIC,Iteration,metricValue,convergenceValue,ITERATION_TIME_INDEX,SINCE_LAST
 2DIAGNOSTIC,     1, -7.469015878988e-01, 1.797693134862e+308, 2.0625e+00, 7.5220e-01, 
 2DIAGNOSTIC,     2, -7.476337609871e-01, 1.797693134862e+308, 2.1047e+00, 4.2212e-02, 
 2DIAGNOSTIC,     3, -7.481984148855e-01, 1.797693134862e+308, 2.1406e+00, 3.5839e-02, 
 2DIAGNOSTIC,     4, -7.485348956576e-01, 1.797693134862e+308, 2.1773e+00, 3.6754e-02, 
 2DIAGNOSTIC,     5, -7.488723348958e-01, 1.797693134862e+308, 2.2138e+00, 3.6455e-02, 
 2DIAGNOSTIC,     6, -7.493028717589e-01, 1.797693134862e+308, 2.2534e+00, 3.9625e-02, 
 2DIAGNOSTIC,     7, -7.498240981270e-01, 1.797693134862e+308, 2.3058e+00, 5.2431e-02, 
 2DIAGNOSTIC,     8, -7.499189037395e-01, 1.797693134862e+308, 2.3432e+00, 3.7354e-02, 
 2DIAGNOSTIC,     9, -7.503981904303e-01, 1.797693134862e+308, 2.3928e+00, 4.9589e-02, 
 2DIAGNOSTIC,    10, -7.505578656498e-01, 3.049238867532e-04, 2.4305e+00, 3.7680e-02, 
 2DIAGNOSTIC,    11, -7.505227890172e-01, 2.385634309018e-04, 2.4707e+00, 4.0256e-02, 
 2DIAGNOSTIC,    12, -7.505011733917e-01, 1.844045651834e-04, 2.5101e+00, 3.9436e-02, 
 2DIAGNOSTIC,    13, -7.505088020758e-01, 1.388455025213e-04, 2.5516e+00, 4.1474e-02, 
 2DIAGNOSTIC,    14, -7.504878836563e-01, 9.580051040681e-05, 2.5875e+00, 3.5859e-02, 
 2DIAGNOSTIC,    15, -7.504848086504e-01, 5.820152974446e-05, 2.6313e+00, 4.3792e-02, 
 2DIAGNOSTIC,    16, -7.504811132066e-01, 3.014018276283e-05, 2.6702e+00, 3.8887e-02, 
 2DIAGNOSTIC,    17, -7.505241476608e-01, 1.550749224431e-05, 2.7189e+00, 4.8773e-02, 
 2DIAGNOSTIC,    18, -7.505179085632e-01, 2.820146043275e-06, 2.7664e+00, 4.7503e-02, 
DIAGNOSTIC,Iteration,metricValue,convergenceValue,ITERATION_TIME_INDEX,SINCE_LAST
 2DIAGNOSTIC,     1, -6.294203912231e-01, 1.797693134862e+308, 3.9196e+00, 1.1532e+00, 
 2DIAGNOSTIC,     2, -6.299360830845e-01, 1.797693134862e+308, 4.1684e+00, 2.4883e-01, 
 2DIAGNOSTIC,     3, -6.304673518907e-01, 1.797693134862e+308, 4.4095e+00, 2.4109e-01, 
 2DIAGNOSTIC,     4, -6.311514352992e-01, 1.797693134862e+308, 4.7014e+00, 2.9190e-01, 
 2DIAGNOSTIC,     5, -6.319702682102e-01, 1.797693134862e+308, 4.9538e+00, 2.5243e-01, 
 2DIAGNOSTIC,     6, -6.327349058051e-01, 1.797693134862e+308, 5.4410e+00, 4.8720e-01, 
 2DIAGNOSTIC,     7, -6.327262345543e-01, 1.797693134862e+308, 5.7836e+00, 3.4259e-01, 
 2DIAGNOSTIC,     8, -6.327233168823e-01, 1.797693134862e+308, 6.0581e+00, 2.7447e-01, 
 2DIAGNOSTIC,     9, -6.327209142074e-01, 1.797693134862e+308, 6.3689e+00, 3.1083e-01, 
 2DIAGNOSTIC,    10, -6.327171668643e-01, 3.710164757503e-04, 6.6736e+00, 3.0466e-01, 
 2DIAGNOSTIC,    11, -6.327147598805e-01, 2.563048525717e-04, 6.9683e+00, 2.9472e-01, 
 2DIAGNOSTIC,    12, -6.327139076212e-01, 1.574547226479e-04, 7.2328e+00, 2.6445e-01, 
 2DIAGNOSTIC,    13, -6.327092409432e-01, 7.817078840335e-05, 7.5163e+00, 2.8356e-01, 
 2DIAGNOSTIC,    14, -6.327084294755e-01, 2.484079745209e-05, 7.7890e+00, 2.7271e-01, 
DIAGNOSTIC,Iteration,metricValue,convergenceValue,ITERATION_TIME_INDEX,SINCE_LAST
 2DIAGNOSTIC,     1, -5.635833747679e-01, 1.797693134862e+308, 1.0589e+01, 2.7999e+00, 
 2DIAGNOSTIC,     2, -5.640382242169e-01, 1.797693134862e+308, 1.2266e+01, 1.6776e+00, 
 2DIAGNOSTIC,     3, -5.644828390154e-01, 1.797693134862e+308, 1.3985e+01, 1.7186e+00, 
 2DIAGNOSTIC,     4, -5.656655300061e-01, 1.797693134862e+308, 1.8863e+01, 4.8776e+00, 
 2DIAGNOSTIC,     5, -5.656655754552e-01, 1.797693134862e+308, 2.0979e+01, 2.1162e+00, 
 2DIAGNOSTIC,     6, -5.656654730118e-01, 1.797693134862e+308, 2.2871e+01, 1.8924e+00, 
 2DIAGNOSTIC,     7, -5.656653650956e-01, 1.797693134862e+308, 2.4948e+01, 2.0765e+00, 
 2DIAGNOSTIC,     8, -5.656652646817e-01, 1.797693134862e+308, 2.6764e+01, 1.8164e+00, 
 2DIAGNOSTIC,     9, -5.656651969440e-01, 1.797693134862e+308, 2.8725e+01, 1.9607e+00, 
 2DIAGNOSTIC,    10, -5.656651009295e-01, 2.210888442668e-04, 3.0583e+01, 1.8586e+00, 
 2DIAGNOSTIC,    11, -5.656651743788e-01, 1.244541546198e-04, 3.2515e+01, 1.9319e+00, 
 2DIAGNOSTIC,    12, -5.656649436697e-01, 5.214967174801e-05, 3.4464e+01, 1.9487e+00, 
 2DIAGNOSTIC,    13, -5.656648529937e-01, 2.387707020560e-06, 3.6357e+01, 1.8927e+00, 
 2DIAGNOSTIC,    14, -5.656649341824e-01, 2.218352012431e-06, 3.8541e+01, 2.1841e+00, 
 2DIAGNOSTIC,    15, -5.656647538213e-01, 2.071920644220e-06, 4.0581e+01, 2.0405e+00, 
 2DIAGNOSTIC,    16, -5.656645215466e-01, 1.938038944077e-06, 4.2580e+01, 1.9986e+00, 
 2DIAGNOSTIC,    17, -5.656641190711e-01, 1.809836498119e-06, 4.4588e+01, 2.0079e+00, 
 2DIAGNOSTIC,    18, -5.656640119208e-01, 1.696118004643e-06, 4.7007e+01, 2.4194e+00, 
 2DIAGNOSTIC,    19, -5.656637300216e-01, 1.591632773197e-06, 4.8823e+01, 1.8159e+00, 
 2DIAGNOSTIC,    20, -5.656635984740e-01, 1.499561023924e-06, 5.0786e+01, 1.9633e+00, 
 2DIAGNOSTIC,    21, -5.656634699905e-01, 1.423756564756e-06, 5.2496e+01, 1.7100e+00, 
 2DIAGNOSTIC,    22, -5.656633548508e-01, 1.355640774914e-06, 5.4441e+01, 1.9451e+00, 
 2DIAGNOSTIC,    23, -5.656632456811e-01, 1.297487134767e-06, 5.6227e+01, 1.7860e+00, 
 2DIAGNOSTIC,    24, -5.656631628242e-01, 1.252237601120e-06, 5.8132e+01, 1.9050e+00, 
 2DIAGNOSTIC,    25, -5.656630625001e-01, 1.211942566560e-06, 5.9885e+01, 1.7522e+00, 
 2DIAGNOSTIC,    26, -5.656628469383e-01, 1.171989124756e-06, 6.1588e+01, 1.7030e+00, 
 2DIAGNOSTIC,    27, -5.656626851004e-01, 1.129451651802e-06, 6.3737e+01, 2.1496e+00, 
 2DIAGNOSTIC,    28, -5.656626225373e-01, 1.091667937589e-06, 6.5645e+01, 1.9080e+00, 
 2DIAGNOSTIC,    29, -5.656624015340e-01, 1.051981666091e-06, 6.7612e+01, 1.9671e+00, 
 2DIAGNOSTIC,    30, -5.656622119626e-01, 1.013944549329e-06, 6.9487e+01, 1.8746e+00, 
  Elapsed time (stage 0): 7.0608e+01


Total elapsed time: 7.0610e+01
Info [verificarlo]: loaded backend libinterflop_vprec.so
Info [interflop-vprec]: load backend with: 
Info [interflop-vprec]: precision-binary32 = 22
Info [interflop-vprec]: range-binary32 = 7
Info [interflop-vprec]: precision-binary64 = 22
Info [interflop-vprec]: range-binary64 = 7
Info [interflop-vprec]: mode = ob
Info [interflop-vprec]: error-mode = rel
Info [interflop-vprec]: max-abs-error-exponent = -1022
Info [interflop-vprec]: daz = false
Info [interflop-vprec]: ftz = false
Info [interflop-vprec]: 	instrument = none
Info [interflop-vprec]: 	prec-input-file = (null)
Info [interflop-vprec]: 	prec-output-file = (null)
Info [interflop-vprec]: 	prec-log-file = (null)
All_Command_lines_OK
Using double precision for computations.
=============================================================================
The composite transform comprises the following transforms (in order): 
  1. /home/mdugre/scratch/mri-registration-rp/datasets/ds004513/derivatives/mri-registration-rp/0001/antsRegistration-r7-p22/sub-s017/affine_Composite.h5[0] (type = Euler3DTransform)
  2. /home/mdugre/scratch/mri-registration-rp/datasets/ds004513/derivatives/mri-registration-rp/0001/antsRegistration-r7-p22/sub-s017/affine_Composite.h5[1] (type = Euler3DTransform)
  3. /home/mdugre/scratch/mri-registration-rp/datasets/ds004513/derivatives/mri-registration-rp/0001/antsRegistration-r7-p22/sub-s017/affine_Composite.h5[2] (type = Euler3DTransform)
  4. /home/mdugre/scratch/mri-registration-rp/datasets/ds004513/derivatives/mri-registration-rp/0001/antsRegistration-r7-p22/sub-s017/affine_Composite.h5[3] (type = AffineTransform)
=============================================================================
  number of levels = 4
  fixed image: /templateflow/tpl-MNI152NLin2009cAsym/tpl-MNI152NLin2009cAsym_res-01_desc-brain_T1w.nii.gz
  moving image: /home/mdugre/scratch/mri-registration-rp/datasets/ds004513/derivatives/mri-registration-rp/antsBrainExtraction/sub-s017/BrainExtractionBrain.nii.gz
Dimension = 3
Number of stages = 1
Use histogram matching = false
Winsorize image intensities = true
  Lower quantile = 0.005
  Upper quantile = 0.995


Stage 1 State
   Image metric = CC
     Fixed image = Image (0x4a156f0)
  RTTI typeinfo:   itk::Image<double, 3u>
  Reference Count: 2
  Modified Time: 1608
  Debug: Off
  Object Name: 
  Observers: 
    none
  Source: (none)
  Source output name: (none)
  Release Data: Off
  Data Released: False
  Global Release Data: Off
  PipelineMTime: 0
  UpdateMTime: 1217
  RealTimeStamp: 0 seconds 
  LargestPossibleRegion: 
    Dimension: 3
    Index: [0, 0, 0]
    Size: [193, 229, 193]
  BufferedRegion: 
    Dimension: 3
    Index: [0, 0, 0]
    Size: [193, 229, 193]
  RequestedRegion: 
    Dimension: 3
    Index: [0, 0, 0]
    Size: [193, 229, 193]
  Spacing: [1, 1, 1]
  Origin: [96, 132, -78]
  Direction: 
-1 0 0
0 -1 0
0 0 1

  IndexToPointMatrix: 
-1 0 0
0 -1 0
0 0 1

  PointToIndexMatrix: 
-1 0 0
0 -1 0
0 0 1

  Inverse Direction: 
-1 0 0
0 -1 0
0 0 1

  PixelContainer: 
    ImportImageContainer (0x4ae38b0)
