
##########################
# Experiment information #
##########################

EXPERIMENT_NAME: antsRegistration-r7-p10
VFC_BACKENDS: libinterflop_vprec.so --range-binary32=7 --precision-binary32=10 --range-binary64=7 --precision-binary64=10

SIF_IMG: /home/mdugre/projects/rrg-glatard/mdugre/containers/ants-vprec-no_metrics.simg

SUBJECT_ID: s032
INPUT_IMG: /home/mdugre/scratch/mri-registration-rp/datasets/ds004513/derivatives/mri-registration-rp/antsBrainExtraction/sub-s032/BrainExtractionBrain.nii.gz
OUTPUT_DIR: /home/mdugre/scratch/mri-registration-rp/datasets/ds004513/derivatives/mri-registration-rp/0001/antsRegistration-r7-p10/sub-s032

FIXED_IMG: /templateflow/tpl-MNI152NLin2009cAsym/tpl-MNI152NLin2009cAsym_res-01_desc-brain_T1w.nii.gz
DATA_DIR: /home/mdugre/scratch/mri-registration-rp/datasets/ds004513
TEMPLATEFLOW_DIR: /home/mdugre/projects/rrg-glatard/mdugre/templateflow
ITK_GLOBAL_DEFAULT_NUMBER_OF_THREADS: 16
##########################

Info [verificarlo]: loaded backend libinterflop_ieee.so
Info [interflop-ieee]: load backend with:
Info [interflop-ieee]: debug = false
Info [interflop-ieee]: debug-binary = false
Info [interflop-ieee]: no-backend-name = false
Info [interflop-ieee]: print-new-line = false
Info [interflop-ieee]: print-subnormal-normalized = false
Info [interflop-ieee]: count-op = false
All_Command_lines_OK
Using double precision for computations.
=============================================================================
The composite transform comprises the following transforms (in order): 
  1. Center of mass alignment using fixed image: /templateflow/tpl-MNI152NLin2009cAsym/tpl-MNI152NLin2009cAsym_res-01_desc-brain_T1w.nii.gz and moving image: /home/mdugre/scratch/mri-registration-rp/datasets/ds004513/derivatives/mri-registration-rp/antsBrainExtraction/sub-s032/BrainExtractionBrain.nii.gz (type = Euler3DTransform)
=============================================================================
  number of levels = 1
  fixed image: /templateflow/tpl-MNI152NLin2009cAsym/tpl-MNI152NLin2009cAsym_res-01_desc-brain_T1w.nii.gz
  moving image: /home/mdugre/scratch/mri-registration-rp/datasets/ds004513/derivatives/mri-registration-rp/antsBrainExtraction/sub-s032/BrainExtractionBrain.nii.gz
Dimension = 3
Number of stages = 1
Use histogram matching = false
Winsorize image intensities = true
  Lower quantile = 0.005
  Upper quantile = 0.995


Stage 1 State
   Image metric = MattesMI
     Fixed image = Image (0x510ce70)
  RTTI typeinfo:   itk::Image<double, 3u>
  Reference Count: 2
  Modified Time: 2330
  Debug: Off
  Object Name: 
  Observers: 
    none
  Source: (none)
  Source output name: (none)
  Release Data: Off
  Data Released: False
  Global Release Data: Off
  PipelineMTime: 0
  UpdateMTime: 1941
  RealTimeStamp: 0 seconds 
  LargestPossibleRegion: 
    Dimension: 3
    Index: [0, 0, 0]
    Size: [193, 229, 193]
  BufferedRegion: 
    Dimension: 3
    Index: [0, 0, 0]
    Size: [193, 229, 193]
  RequestedRegion: 
    Dimension: 3
    Index: [0, 0, 0]
    Size: [193, 229, 193]
  Spacing: [1, 1, 1]
  Origin: [96, 132, -78]
  Direction: 
-1 0 0
0 -1 0
0 0 1

  IndexToPointMatrix: 
-1 0 0
0 -1 0
0 0 1

  PointToIndexMatrix: 
-1 0 0
0 -1 0
0 0 1

  Inverse Direction: 
-1 0 0
0 -1 0
0 0 1

  PixelContainer: 
    ImportImageContainer (0x5115c60)
      RTTI typeinfo:   itk::ImportImageContainer<unsigned long, double>
      Reference Count: 1
      Modified Time: 1938
      Debug: Off
      Object Name: 
      Observers: 
        none
      Pointer: 0x1522aa568010
      Container manages memory: true
      Size: 8530021
      Capacity: 8530021

     Moving image = Image (0x51a9ec0)
  RTTI typeinfo:   itk::Image<double, 3u>
  Reference Count: 2
  Modified Time: 2331
  Debug: Off
  Object Name: 
  Observers: 
    none
  Source: (none)
  Source output name: (none)
  Release Data: Off
  Data Released: False
  Global Release Data: Off
  PipelineMTime: 0
  UpdateMTime: 2328
  RealTimeStamp: 0 seconds 
  LargestPossibleRegion: 
    Dimension: 3
    Index: [0, 0, 0]
    Size: [160, 240, 256]
  BufferedRegion: 
    Dimension: 3
    Index: [0, 0, 0]
    Size: [160, 240, 256]
  RequestedRegion: 
    Dimension: 3
    Index: [0, 0, 0]
    Size: [160, 240, 256]
  Spacing: [1, 1, 1]
  Origin: [73.279, 104.707, -131.187]
  Direction: 
-0.997527 0.0645574 -0.0278053
-0.0645323 -0.997914 -0.00179875
-0.0278634 4.01097e-08 0.999612

  IndexToPointMatrix: 
-0.997527 0.0645574 -0.0278053
-0.0645323 -0.997914 -0.00179875
-0.0278634 4.01097e-08 0.999612

  PointToIndexMatrix: 
-0.997527 -0.0645323 -0.0278634
0.0645574 -0.997914 4.01049e-08
-0.0278053 -0.00179875 0.999612

  Inverse Direction: 
-0.997527 -0.0645323 -0.0278634
0.0645574 -0.997914 4.01049e-08
-0.0278053 -0.00179875 0.999612

  PixelContainer: 
    ImportImageContainer (0x5241610)
      RTTI typeinfo:   itk::ImportImageContainer<unsigned long, double>
      Reference Count: 1
      Modified Time: 2325
      Debug: Off
      Object Name: 
      Observers: 
        none
      Pointer: 0x1522a5a67010
      Container manages memory: true
      Size: 9830400
      Capacity: 9830400

     Weighting = 1
     Sampling strategy = regular
     Number of bins = 32
     Radius = 4
     Sampling percentage  = 0.25
   Transform = Rigid
     Gradient step = 0.1
     Update field sigma (voxel space) = 0
     Total field sigma (voxel space) = 0
     Update field time sigma = 0
     Total field time sigma  = 0
     Number of time indices = 0
     Number of time point samples = 0
Registration using 1 total stages.

Stage 0
  iterations = 0
  convergence threshold = 1e-06
  convergence window size = 10
  number of levels = 1
  using the Mattes MI metric (number of bins = 32, weight = 1, use gradient filter = 0)
  preprocessing:  winsorizing the image intensities
  Shrink factors (level 1 out of 1): [1, 1, 1]
  smoothing sigmas per level: [0]
  regular sampling (percentage = 0.25)

*** Running Euler3DTransform registration ***

  Elapsed time (stage 0): 1.09502


Total elapsed time: 1.09823
Info [verificarlo]: loaded backend libinterflop_ieee.so
Info [interflop-ieee]: load backend with:
Info [interflop-ieee]: debug = false
Info [interflop-ieee]: debug-binary = false
Info [interflop-ieee]: no-backend-name = false
Info [interflop-ieee]: print-new-line = false
Info [interflop-ieee]: print-subnormal-normalized = false
Info [interflop-ieee]: count-op = false
All_Command_lines_OK
Using double precision for computations.
=============================================================================
The composite transform comprises the following transforms (in order): 
  1. /home/mdugre/scratch/mri-registration-rp/datasets/ds004513/derivatives/mri-registration-rp/0001/antsRegistration-r7-p10/sub-s032/align_Composite.h5[0] (type = Euler3DTransform)
  2. /home/mdugre/scratch/mri-registration-rp/datasets/ds004513/derivatives/mri-registration-rp/0001/antsRegistration-r7-p10/sub-s032/align_Composite.h5[1] (type = Euler3DTransform)
=============================================================================
  number of levels = 4
  fixed image: /templateflow/tpl-MNI152NLin2009cAsym/tpl-MNI152NLin2009cAsym_res-01_desc-brain_T1w.nii.gz
  moving image: /home/mdugre/scratch/mri-registration-rp/datasets/ds004513/derivatives/mri-registration-rp/antsBrainExtraction/sub-s032/BrainExtractionBrain.nii.gz
Dimension = 3
Number of stages = 1
Use histogram matching = false
Winsorize image intensities = true
  Lower quantile = 0.005
  Upper quantile = 0.995


Stage 1 State
   Image metric = MattesMI
     Fixed image = Image (0x5203530)
  RTTI typeinfo:   itk::Image<double, 3u>
  Reference Count: 2
  Modified Time: 1578
  Debug: Off
  Object Name: 
  Observers: 
    none
  Source: (none)
  Source output name: (none)
  Release Data: Off
  Data Released: False
  Global Release Data: Off
  PipelineMTime: 0
  UpdateMTime: 1189
  RealTimeStamp: 0 seconds 
  LargestPossibleRegion: 
    Dimension: 3
    Index: [0, 0, 0]
    Size: [193, 229, 193]
  BufferedRegion: 
    Dimension: 3
    Index: [0, 0, 0]
    Size: [193, 229, 193]
  RequestedRegion: 
    Dimension: 3
    Index: [0, 0, 0]
    Size: [193, 229, 193]
  Spacing: [1, 1, 1]
  Origin: [96, 132, -78]
  Direction: 
-1 0 0
0 -1 0
0 0 1

  IndexToPointMatrix: 
-1 0 0
0 -1 0
0 0 1

  PointToIndexMatrix: 
-1 0 0
0 -1 0
0 0 1

  Inverse Direction: 
-1 0 0
0 -1 0
0 0 1

  PixelContainer: 
    ImportImageContainer (0x52c1d60)
      RTTI typeinfo:   itk::ImportImageContainer<unsigned long, double>
      Reference Count: 1
      Modified Time: 1186
      Debug: Off
      Object Name: 
      Observers: 
        none
      Pointer: 0x14727584c010
      Container manages memory: true
      Size: 8530021
      Capacity: 8530021

     Moving image = Image (0x52b3f60)
  RTTI typeinfo:   itk::Image<double, 3u>
  Reference Count: 2
  Modified Time: 1579
  Debug: Off
  Object Name: 
  Observers: 
    none
  Source: (none)
  Source output name: (none)
  Release Data: Off
  Data Released: False
  Global Release Data: Off
  PipelineMTime: 0
  UpdateMTime: 1576
  RealTimeStamp: 0 seconds 
  LargestPossibleRegion: 
    Dimension: 3
    Index: [0, 0, 0]
    Size: [160, 240, 256]
  BufferedRegion: 
    Dimension: 3
    Index: [0, 0, 0]
    Size: [160, 240, 256]
  RequestedRegion: 
    Dimension: 3
    Index: [0, 0, 0]
    Size: [160, 240, 256]
  Spacing: [1, 1, 1]
  Origin: [73.279, 104.707, -131.187]
  Direction: 
-0.997527 0.0645574 -0.0278053
-0.0645323 -0.997914 -0.00179875
-0.0278634 4.01097e-08 0.999612

  IndexToPointMatrix: 
-0.997527 0.0645574 -0.0278053
-0.0645323 -0.997914 -0.00179875
-0.0278634 4.01097e-08 0.999612

  PointToIndexMatrix: 
-0.997527 -0.0645323 -0.0278634
0.0645574 -0.997914 4.01049e-08
-0.0278053 -0.00179875 0.999612

  Inverse Direction: 
-0.997527 -0.0645323 -0.0278634
0.0645574 -0.997914 4.01049e-08
-0.0278053 -0.00179875 0.999612

  PixelContainer: 
    ImportImageContainer (0x52a56d0)
      RTTI typeinfo:   itk::ImportImageContainer<unsigned long, double>
      Reference Count: 1
      Modified Time: 1573
      Debug: Off
      Object Name: 
      Observers: 
        none
      Pointer: 0x147270d4b010
      Container manages memory: true
      Size: 9830400
      Capacity: 9830400

     Weighting = 1
     Sampling strategy = regular
     Number of bins = 32
     Radius = 4
     Sampling percentage  = 0.25
   Transform = Rigid
     Gradient step = 0.1
     Update field sigma (voxel space) = 0
     Total field sigma (voxel space) = 0
     Update field time sigma = 0
     Total field time sigma  = 0
     Number of time indices = 0
     Number of time point samples = 0
Registration using 1 total stages.

Stage 0
  iterations = 1000x500x250x100
  convergence threshold = 1e-06
  convergence window size = 10
  number of levels = 4
  using the Mattes MI metric (number of bins = 32, weight = 1, use gradient filter = 0)
  preprocessing:  winsorizing the image intensities
  Shrink factors (level 1 out of 4): [8, 8, 8]
  Shrink factors (level 2 out of 4): [4, 4, 4]
  Shrink factors (level 3 out of 4): [2, 2, 2]
  Shrink factors (level 4 out of 4): [1, 1, 1]
  smoothing sigmas per level: [3, 2, 1, 0]
  regular sampling (percentage = 0.25)

*** Running Euler3DTransform registration ***

DIAGNOSTIC,Iteration,metricValue,convergenceValue,ITERATION_TIME_INDEX,SINCE_LAST
 2DIAGNOSTIC,     1, -5.480496989617e-01, 1.797693134862e+308, 6.7925e-01, 6.7925e-01, 
 2DIAGNOSTIC,     2, -5.506811078454e-01, 1.797693134862e+308, 6.8324e-01, 3.9871e-03, 
 2DIAGNOSTIC,     3, -5.546514955662e-01, 1.797693134862e+308, 6.8688e-01, 3.6449e-03, 
 2DIAGNOSTIC,     4, -5.606863537750e-01, 1.797693134862e+308, 6.9078e-01, 3.8991e-03, 
 2DIAGNOSTIC,     5, -5.693661845193e-01, 1.797693134862e+308, 6.9441e-01, 3.6311e-03, 
 2DIAGNOSTIC,     6, -5.854078830086e-01, 1.797693134862e+308, 6.9803e-01, 3.6201e-03, 
 2DIAGNOSTIC,     7, -6.232769732918e-01, 1.797693134862e+308, 7.0179e-01, 3.7549e-03, 
 2DIAGNOSTIC,     8, -6.297683730473e-01, 1.797693134862e+308, 7.0602e-01, 4.2329e-03, 
 2DIAGNOSTIC,     9, -6.366738733405e-01, 1.797693134862e+308, 7.1263e-01, 6.6061e-03, 
 2DIAGNOSTIC,    10, -6.375630690827e-01, 1.201760866083e-02, 7.1653e-01, 3.9032e-03, 
 2DIAGNOSTIC,    11, -6.405337628679e-01, 1.087684809450e-02, 7.2031e-01, 3.7749e-03, 
 2DIAGNOSTIC,    12, -6.435528997438e-01, 9.167753354490e-03, 7.2454e-01, 4.2341e-03, 
 2DIAGNOSTIC,    13, -6.444720921444e-01, 7.089498731847e-03, 7.2835e-01, 3.8140e-03, 
 2DIAGNOSTIC,    14, -6.463616611293e-01, 4.967892496988e-03, 7.3265e-01, 4.2932e-03, 
 2DIAGNOSTIC,    15, -6.484646963404e-01, 3.033020789043e-03, 7.3932e-01, 6.6769e-03, 
 2DIAGNOSTIC,    16, -6.486009987994e-01, 1.520386367320e-03, 7.4339e-01, 4.0638e-03, 
 2DIAGNOSTIC,    17, -6.493699344760e-01, 1.108203205204e-03, 7.4748e-01, 4.0929e-03, 
 2DIAGNOSTIC,    18, -6.514578195065e-01, 8.586162135987e-04, 7.5163e-01, 4.1530e-03, 
 2DIAGNOSTIC,    19, -6.526592717406e-01, 7.533650369804e-04, 7.5595e-01, 4.3151e-03, 
 2DIAGNOSTIC,    20, -6.536191777189e-01, 6.303067369292e-04, 7.6031e-01, 4.3640e-03, 
 2DIAGNOSTIC,    21, -6.549162298979e-01, 5.534292205378e-04, 7.6530e-01, 4.9851e-03, 
 2DIAGNOSTIC,    22, -6.562385790832e-01, 5.226986103231e-04, 7.7085e-01, 5.5521e-03, 
 2DIAGNOSTIC,    23, -6.565000058113e-01, 4.680180012234e-04, 7.7602e-01, 5.1749e-03, 
 2DIAGNOSTIC,    24, -6.565387353854e-01, 4.101063704203e-04, 7.8100e-01, 4.9801e-03, 
 2DIAGNOSTIC,    25, -6.567702146893e-01, 3.618032093023e-04, 7.8599e-01, 4.9829e-03, 
 2DIAGNOSTIC,    26, -6.583507212369e-01, 3.132611037339e-04, 7.9020e-01, 4.2140e-03, 
 2DIAGNOSTIC,    27, -6.586527568469e-01, 2.554116018357e-04, 7.9499e-01, 4.7870e-03, 
 2DIAGNOSTIC,    28, -6.593310437738e-01, 2.225767143850e-04, 8.0106e-01, 6.0680e-03, 
 2DIAGNOSTIC,    29, -6.595734041655e-01, 1.939316665345e-04, 8.0577e-01, 4.7090e-03, 
 2DIAGNOSTIC,    30, -6.595955819569e-01, 1.634946778532e-04, 8.1135e-01, 5.5859e-03, 
 2DIAGNOSTIC,    31, -6.596949967569e-01, 1.392755860930e-04, 8.1563e-01, 4.2779e-03, 
 2DIAGNOSTIC,    32, -6.597157295314e-01, 1.221677497613e-04, 8.2020e-01, 4.5719e-03, 
 2DIAGNOSTIC,    33, -6.597001423846e-01, 9.820426863120e-05, 8.2712e-01, 6.9141e-03, 
 2DIAGNOSTIC,    34, -6.595254449705e-01, 6.486903007471e-05, 8.3137e-01, 4.2560e-03, 
 2DIAGNOSTIC,    35, -6.595295822812e-01, 3.010817890720e-05, 8.3703e-01, 5.6579e-03, 
 2DIAGNOSTIC,    36, -6.595351297938e-01, 1.424396566722e-05, 8.4154e-01, 4.5090e-03, 
 2DIAGNOSTIC,    37, -6.595409535782e-01, 1.474135176691e-06, 8.4565e-01, 4.1070e-03, 
DIAGNOSTIC,Iteration,metricValue,convergenceValue,ITERATION_TIME_INDEX,SINCE_LAST
 2DIAGNOSTIC,     1, -5.183739626504e-01, 1.797693134862e+308, 1.5551e+00, 7.0946e-01, 
 2DIAGNOSTIC,     2, -5.189226238261e-01, 1.797693134862e+308, 1.5839e+00, 2.8788e-02, 
 2DIAGNOSTIC,     3, -5.196899327323e-01, 1.797693134862e+308, 1.6096e+00, 2.5665e-02, 
 2DIAGNOSTIC,     4, -5.204463662976e-01, 1.797693134862e+308, 1.6360e+00, 2.6453e-02, 
 2DIAGNOSTIC,     5, -5.209979485268e-01, 1.797693134862e+308, 1.6624e+00, 2.6398e-02, 
 2DIAGNOSTIC,     6, -5.216357744153e-01, 1.797693134862e+308, 1.6888e+00, 2.6414e-02, 
 2DIAGNOSTIC,     7, -5.233753714902e-01, 1.797693134862e+308, 1.7172e+00, 2.8391e-02, 
 2DIAGNOSTIC,     8, -5.241119131361e-01, 1.797693134862e+308, 1.7504e+00, 3.3204e-02, 
 2DIAGNOSTIC,     9, -5.247293428691e-01, 1.797693134862e+308, 1.7837e+00, 3.3290e-02, 
 2DIAGNOSTIC,    10, -5.250028240626e-01, 8.899807880749e-04, 1.8146e+00, 3.0889e-02, 
 2DIAGNOSTIC,    11, -5.254483049471e-01, 7.905532074481e-04, 1.8464e+00, 3.1756e-02, 
 2DIAGNOSTIC,    12, -5.277635693037e-01, 7.650652156856e-04, 1.8800e+00, 3.3680e-02, 
 2DIAGNOSTIC,    13, -5.283161393382e-01, 7.264279805566e-04, 1.9092e+00, 2.9150e-02, 
 2DIAGNOSTIC,    14, -5.288222941185e-01, 6.775650455441e-04, 1.9361e+00, 2.6934e-02, 
 2DIAGNOSTIC,    15, -5.289976644002e-01, 6.012605539123e-04, 1.9626e+00, 2.6491e-02, 
 2DIAGNOSTIC,    16, -5.298475154218e-01, 5.287514170299e-04, 1.9966e+00, 3.4009e-02, 
 2DIAGNOSTIC,    17, -5.313522102845e-01, 5.176188451959e-04, 2.0269e+00, 3.0317e-02, 
 2DIAGNOSTIC,    18, -5.317211837494e-01, 4.916459310150e-04, 2.0569e+00, 2.9950e-02, 
 2DIAGNOSTIC,    19, -5.322490374709e-01, 4.569574466751e-04, 2.0898e+00, 3.2961e-02, 
 2DIAGNOSTIC,    20, -5.323376720033e-01, 3.940987105519e-04, 2.1163e+00, 2.6486e-02, 
 2DIAGNOSTIC,    21, -5.325910075514e-01, 3.171259697394e-04, 2.1492e+00, 3.2909e-02, 
 2DIAGNOSTIC,    22, -5.334985745482e-01, 2.960183197820e-04, 2.1819e+00, 3.2649e-02, 
 2DIAGNOSTIC,    23, -5.343210912302e-01, 2.806744250195e-04, 2.2129e+00, 3.0978e-02, 
 2DIAGNOSTIC,    24, -5.358656128562e-01, 2.867441107376e-04, 2.2539e+00, 4.1030e-02, 
 2DIAGNOSTIC,    25, -5.371418801403e-01, 2.962767076568e-04, 2.2819e+00, 2.7990e-02, 
 2DIAGNOSTIC,    26, -5.416706021466e-01, 3.877033251712e-04, 2.3144e+00, 3.2466e-02, 
 2DIAGNOSTIC,    27, -5.441126005687e-01, 5.121208378508e-04, 2.3436e+00, 2.9286e-02, 
 2DIAGNOSTIC,    28, -5.458904495731e-01, 6.198345623092e-04, 2.4005e+00, 5.6827e-02, 
 2DIAGNOSTIC,    29, -5.460672021410e-01, 6.751789555268e-04, 2.4316e+00, 3.1146e-02, 
 2DIAGNOSTIC,    30, -5.464207051461e-01, 6.714526278381e-04, 2.4584e+00, 2.6789e-02, 
 2DIAGNOSTIC,    31, -5.468371056600e-01, 6.150875573532e-04, 2.4851e+00, 2.6694e-02, 
 2DIAGNOSTIC,    32, -5.472899071879e-01, 5.260390493176e-04, 2.5121e+00, 2.6977e-02, 
 2DIAGNOSTIC,    33, -5.478052382069e-01, 4.144870615192e-04, 2.5393e+00, 2.7257e-02, 
 2DIAGNOSTIC,    34, -5.482947414246e-01, 3.030885939599e-04, 2.5663e+00, 2.6946e-02, 
 2DIAGNOSTIC,    35, -5.485952549618e-01, 1.923617346645e-04, 2.5937e+00, 2.7450e-02, 
 2DIAGNOSTIC,    36, -5.509414413217e-01, 1.707809322124e-04, 2.6252e+00, 3.1496e-02, 
 2DIAGNOSTIC,    37, -5.579280895254e-01, 2.682388056765e-04, 2.6633e+00, 3.8050e-02, 
 2DIAGNOSTIC,    38, -5.608943584329e-01, 3.987964300758e-04, 2.6897e+00, 2.6386e-02, 
 2DIAGNOSTIC,    39, -5.613777432964e-01, 4.938237993425e-04, 2.7192e+00, 2.9522e-02, 
 2DIAGNOSTIC,    40, -5.621135159771e-01, 5.529521605476e-04, 2.7491e+00, 2.9942e-02, 
 2DIAGNOSTIC,    41, -5.626548945929e-01, 5.683670345623e-04, 2.7825e+00, 3.3371e-02, 
 2DIAGNOSTIC,    42, -5.641254083847e-01, 5.512954270559e-04, 2.8128e+00, 3.0305e-02, 
 2DIAGNOSTIC,    43, -5.645321896691e-01, 4.929345325443e-04, 2.8429e+00, 3.0071e-02, 
 2DIAGNOSTIC,    44, -5.646274485065e-01, 3.988873836045e-04, 2.8734e+00, 3.0480e-02, 
 2DIAGNOSTIC,    45, -5.652905774392e-01, 2.833403276275e-04, 2.9034e+00, 3.0038e-02, 
 2DIAGNOSTIC,    46, -5.655004889239e-01, 1.731753665683e-04, 2.9305e+00, 2.7116e-02, 
 2DIAGNOSTIC,    47, -5.656537150792e-01, 1.302958404091e-04, 2.9570e+00, 2.6482e-02, 
 2DIAGNOSTIC,    48, -5.658948220006e-01, 1.119966043226e-04, 2.9937e+00, 3.6702e-02, 
 2DIAGNOSTIC,    49, -5.660836632459e-01, 9.104739967129e-05, 3.0193e+00, 2.5639e-02, 
 2DIAGNOSTIC,    50, -5.662093630917e-01, 7.131839461836e-05, 3.0487e+00, 2.9338e-02, 
 2DIAGNOSTIC,    51, -5.663692726177e-01, 5.242474931242e-05, 3.0779e+00, 2.9192e-02, 
 2DIAGNOSTIC,    52, -5.663759356703e-01, 4.415998814566e-05, 3.1029e+00, 2.5077e-02, 
 2DIAGNOSTIC,    53, -5.666628251159e-01, 3.896374222413e-05, 3.1339e+00, 3.0941e-02, 
 2DIAGNOSTIC,    54, -5.670797514959e-01, 3.501471492728e-05, 3.1729e+00, 3.9071e-02, 
 2DIAGNOSTIC,    55, -5.672525414216e-01, 3.573795328552e-05, 3.2157e+00, 4.2743e-02, 
 2DIAGNOSTIC,    56, -5.672512024891e-01, 3.503469743702e-05, 3.2443e+00, 2.8650e-02, 
 2DIAGNOSTIC,    57, -5.672410862254e-01, 3.240046861974e-05, 3.2756e+00, 3.1212e-02, 
 2DIAGNOSTIC,    58, -5.672352364930e-01, 2.887634818239e-05, 3.3009e+00, 2.5348e-02, 
 2DIAGNOSTIC,    59, -5.672226001303e-01, 2.422087623272e-05, 3.3313e+00, 3.0352e-02, 
 2DIAGNOSTIC,    60, -5.672336434539e-01, 1.860222945344e-05, 3.3598e+00, 2.8502e-02, 
 2DIAGNOSTIC,    61, -5.672279788003e-01, 1.283039667039e-05, 3.3862e+00, 2.6435e-02, 
 2DIAGNOSTIC,    62, -5.672237507549e-01, 6.089396278816e-06, 3.4154e+00, 2.9231e-02, 
 2DIAGNOSTIC,    63, -5.672269014754e-01, 1.349190449286e-06, 3.4411e+00, 2.5632e-02, 
DIAGNOSTIC,Iteration,metricValue,convergenceValue,ITERATION_TIME_INDEX,SINCE_LAST
 2DIAGNOSTIC,     1, -5.017876377339e-01, 1.797693134862e+308, 4.5040e+00, 1.0629e+00, 
 2DIAGNOSTIC,     2, -5.020083024609e-01, 1.797693134862e+308, 4.7060e+00, 2.0196e-01, 
 2DIAGNOSTIC,     3, -5.022267255105e-01, 1.797693134862e+308, 4.9099e+00, 2.0391e-01, 
 2DIAGNOSTIC,     4, -5.023527116101e-01, 1.797693134862e+308, 5.1466e+00, 2.3672e-01, 
 2DIAGNOSTIC,     5, -5.023961253874e-01, 1.797693134862e+308, 5.5527e+00, 4.0613e-01, 
 2DIAGNOSTIC,     6, -5.023969084363e-01, 1.797693134862e+308, 5.7955e+00, 2.4283e-01, 
 2DIAGNOSTIC,     7, -5.023951835447e-01, 1.797693134862e+308, 6.0410e+00, 2.4549e-01, 
 2DIAGNOSTIC,     8, -5.023931940516e-01, 1.797693134862e+308, 6.2704e+00, 2.2938e-01, 
 2DIAGNOSTIC,     9, -5.023932062880e-01, 1.797693134862e+308, 6.5215e+00, 2.5113e-01, 
 2DIAGNOSTIC,    10, -5.023899401120e-01, 6.403181125354e-05, 6.7858e+00, 2.6428e-01, 
 2DIAGNOSTIC,    11, -5.023894502554e-01, 3.121010179595e-05, 7.0169e+00, 2.3109e-01, 
 2DIAGNOSTIC,    12, -5.023873076534e-01, 1.143453099685e-05, 7.2967e+00, 2.7977e-01, 
 2DIAGNOSTIC,    13, -5.023867201765e-01, 3.257932251199e-06, 7.5248e+00, 2.2811e-01, 
 2DIAGNOSTIC,    14, -5.023879519903e-01, 1.266528627822e-06, 7.7377e+00, 2.1288e-01, 
 2DIAGNOSTIC,    15, -5.023884633212e-01, 1.285769724399e-06, 7.9605e+00, 2.2286e-01, 
 2DIAGNOSTIC,    16, -5.023875347705e-01, 1.375640429388e-06, 8.1850e+00, 2.2451e-01, 
 2DIAGNOSTIC,    17, -5.023871811261e-01, 1.445395854713e-06, 8.4513e+00, 2.6632e-01, 
 2DIAGNOSTIC,    18, -5.023874385207e-01, 1.491457861165e-06, 8.7071e+00, 2.5573e-01, 
 2DIAGNOSTIC,    19, -5.023867200374e-01, 1.537381199096e-06, 8.9408e+00, 2.3375e-01, 
 2DIAGNOSTIC,    20, -5.023860465437e-01, 1.479620647150e-06, 9.1524e+00, 2.1153e-01, 
 2DIAGNOSTIC,    21, -5.023854726252e-01, 1.411858395320e-06, 9.3997e+00, 2.4734e-01, 
 2DIAGNOSTIC,    22, -5.023841856545e-01, 1.272842396628e-06, 9.6342e+00, 2.3454e-01, 
 2DIAGNOSTIC,    23, -5.023837241435e-01, 1.135685740707e-06, 9.8799e+00, 2.4566e-01, 
 2DIAGNOSTIC,    24, -5.023822261576e-01, 1.026187834229e-06, 1.0136e+01, 2.5619e-01, 
DIAGNOSTIC,Iteration,metricValue,convergenceValue,ITERATION_TIME_INDEX,SINCE_LAST
 2DIAGNOSTIC,     1, -4.668294337074e-01, 1.797693134862e+308, 1.2528e+01, 2.3914e+00, 
 2DIAGNOSTIC,     2, -4.668910747050e-01, 1.797693134862e+308, 1.3784e+01, 1.2567e+00, 
 2DIAGNOSTIC,     3, -4.669061879264e-01, 1.797693134862e+308, 1.5048e+01, 1.2640e+00, 
 2DIAGNOSTIC,     4, -4.669473740081e-01, 1.797693134862e+308, 1.6666e+01, 1.6182e+00, 
 2DIAGNOSTIC,     5, -4.669721201395e-01, 1.797693134862e+308, 1.8561e+01, 1.8948e+00, 
 2DIAGNOSTIC,     6, -4.669746443257e-01, 1.797693134862e+308, 2.1384e+01, 2.8223e+00, 
 2DIAGNOSTIC,     7, -4.669746122393e-01, 1.797693134862e+308, 2.2858e+01, 1.4746e+00, 
 2DIAGNOSTIC,     8, -4.669744816852e-01, 1.797693134862e+308, 2.4383e+01, 1.5249e+00, 
 2DIAGNOSTIC,     9, -4.669742696017e-01, 1.797693134862e+308, 2.5810e+01, 1.4265e+00, 
 2DIAGNOSTIC,    10, -4.669743986904e-01, 2.014634148619e-05, 2.7239e+01, 1.4295e+00, 
 2DIAGNOSTIC,    11, -4.669743457812e-01, 1.190232428833e-05, 2.8680e+01, 1.4407e+00, 
 2DIAGNOSTIC,    12, -4.669742879031e-01, 7.371301503634e-06, 2.9998e+01, 1.3177e+00, 
 2DIAGNOSTIC,    13, -4.669742521357e-01, 3.778000801077e-06, 3.1482e+01, 1.4846e+00, 
 2DIAGNOSTIC,    14, -4.669742874688e-01, 2.339848954883e-06, 3.2784e+01, 1.3022e+00, 
 2DIAGNOSTIC,    15, -4.669744402900e-01, 2.094419346177e-06, 3.4375e+01, 1.5901e+00, 
 2DIAGNOSTIC,    16, -4.669743895441e-01, 1.975871285323e-06, 3.5888e+01, 1.5137e+00, 
 2DIAGNOSTIC,    17, -4.669743244307e-01, 1.869229587163e-06, 3.7444e+01, 1.5559e+00, 
 2DIAGNOSTIC,    18, -4.669741734738e-01, 1.765484191001e-06, 3.8862e+01, 1.4178e+00, 
 2DIAGNOSTIC,    19, -4.669741053927e-01, 1.663736245119e-06, 4.0154e+01, 1.2918e+00, 
 2DIAGNOSTIC,    20, -4.669740527338e-01, 1.575370198167e-06, 4.1440e+01, 1.2864e+00, 
 2DIAGNOSTIC,    21, -4.669739350678e-01, 1.491906966022e-06, 4.2729e+01, 1.2894e+00, 
 2DIAGNOSTIC,    22, -4.669739498674e-01, 1.417183304403e-06, 4.4215e+01, 1.4851e+00, 
 2DIAGNOSTIC,    23, -4.669739819971e-01, 1.351562027123e-06, 4.5650e+01, 1.4356e+00, 
 2DIAGNOSTIC,    24, -4.669737413016e-01, 1.288983760742e-06, 4.7195e+01, 1.5451e+00, 
 2DIAGNOSTIC,    25, -4.669738501816e-01, 1.241385257117e-06, 4.8880e+01, 1.6850e+00, 
 2DIAGNOSTIC,    26, -4.669738026622e-01, 1.197964399340e-06, 5.0306e+01, 1.4262e+00, 
 2DIAGNOSTIC,    27, -4.669738638522e-01, 1.160108928248e-06, 5.1746e+01, 1.4395e+00, 
 2DIAGNOSTIC,    28, -4.669737268650e-01, 1.120384326814e-06, 5.3173e+01, 1.4267e+00, 
 2DIAGNOSTIC,    29, -4.669736884607e-01, 1.082810892145e-06, 5.4490e+01, 1.3170e+00, 
 2DIAGNOSTIC,    30, -4.669737759697e-01, 1.049859875334e-06, 5.6089e+01, 1.5994e+00, 
 2DIAGNOSTIC,    31, -4.669735656233e-01, 1.013411701556e-06, 5.7632e+01, 1.5433e+00, 
  Elapsed time (stage 0): 5.8453e+01


Total elapsed time: 5.8457e+01
Info [verificarlo]: loaded backend libinterflop_ieee.so
Info [interflop-ieee]: load backend with:
Info [interflop-ieee]: debug = false
Info [interflop-ieee]: debug-binary = false
Info [interflop-ieee]: no-backend-name = false
Info [interflop-ieee]: print-new-line = false
Info [interflop-ieee]: print-subnormal-normalized = false
Info [interflop-ieee]: count-op = false
All_Command_lines_OK
Using double precision for computations.
=============================================================================
The composite transform comprises the following transforms (in order): 
  1. /home/mdugre/scratch/mri-registration-rp/datasets/ds004513/derivatives/mri-registration-rp/0001/antsRegistration-r7-p10/sub-s032/rigid_Composite.h5[0] (type = Euler3DTransform)
  2. /home/mdugre/scratch/mri-registration-rp/datasets/ds004513/derivatives/mri-registration-rp/0001/antsRegistration-r7-p10/sub-s032/rigid_Composite.h5[1] (type = Euler3DTransform)
  3. /home/mdugre/scratch/mri-registration-rp/datasets/ds004513/derivatives/mri-registration-rp/0001/antsRegistration-r7-p10/sub-s032/rigid_Composite.h5[2] (type = Euler3DTransform)
=============================================================================
  number of levels = 4
  fixed image: /templateflow/tpl-MNI152NLin2009cAsym/tpl-MNI152NLin2009cAsym_res-01_desc-brain_T1w.nii.gz
  moving image: /home/mdugre/scratch/mri-registration-rp/datasets/ds004513/derivatives/mri-registration-rp/antsBrainExtraction/sub-s032/BrainExtractionBrain.nii.gz
Dimension = 3
Number of stages = 1
Use histogram matching = false
Winsorize image intensities = true
  Lower quantile = 0.005
  Upper quantile = 0.995


Stage 1 State
   Image metric = MattesMI
     Fixed image = Image (0x437e7e0)
  RTTI typeinfo:   itk::Image<double, 3u>
  Reference Count: 2
  Modified Time: 1592
  Debug: Off
  Object Name: 
  Observers: 
    none
  Source: (none)
  Source output name: (none)
  Release Data: Off
  Data Released: False
  Global Release Data: Off
  PipelineMTime: 0
  UpdateMTime: 1203
  RealTimeStamp: 0 seconds 
  LargestPossibleRegion: 
    Dimension: 3
    Index: [0, 0, 0]
    Size: [193, 229, 193]
  BufferedRegion: 
    Dimension: 3
    Index: [0, 0, 0]
    Size: [193, 229, 193]
  RequestedRegion: 
    Dimension: 3
    Index: [0, 0, 0]
    Size: [193, 229, 193]
  Spacing: [1, 1, 1]
  Origin: [96, 132, -78]
  Direction: 
-1 0 0
0 -1 0
0 0 1

  IndexToPointMatrix: 
-1 0 0
0 -1 0
0 0 1

  PointToIndexMatrix: 
-1 0 0
0 -1 0
0 0 1

  Inverse Direction: 
-1 0 0
0 -1 0
0 0 1

  PixelContainer: 
    ImportImageContainer (0x443ea20)
      RTTI typeinfo:   itk::ImportImageContainer<unsigned long, double>
      Reference Count: 1
      Modified Time: 1200
      Debug: Off
      Object Name: 
      Observers: 
        none
      Pointer: 0x14b4741a5010
      Container manages memory: true
      Size: 8530021
      Capacity: 8530021

     Moving image = Image (0x4439d70)
  RTTI typeinfo:   itk::Image<double, 3u>
  Reference Count: 2
  Modified Time: 1593
  Debug: Off
  Object Name: 
  Observers: 
    none
  Source: (none)
  Source output name: (none)
  Release Data: Off
  Data Released: False
  Global Release Data: Off
  PipelineMTime: 0
  UpdateMTime: 1590
  RealTimeStamp: 0 seconds 
  LargestPossibleRegion: 
    Dimension: 3
    Index: [0, 0, 0]
    Size: [160, 240, 256]
  BufferedRegion: 
    Dimension: 3
    Index: [0, 0, 0]
    Size: [160, 240, 256]
  RequestedRegion: 
    Dimension: 3
    Index: [0, 0, 0]
    Size: [160, 240, 256]
  Spacing: [1, 1, 1]
  Origin: [73.279, 104.707, -131.187]
  Direction: 
-0.997527 0.0645574 -0.0278053
-0.0645323 -0.997914 -0.00179875
-0.0278634 4.01097e-08 0.999612

  IndexToPointMatrix: 
-0.997527 0.0645574 -0.0278053
-0.0645323 -0.997914 -0.00179875
-0.0278634 4.01097e-08 0.999612

  PointToIndexMatrix: 
-0.997527 -0.0645323 -0.0278634
0.0645574 -0.997914 4.01049e-08
-0.0278053 -0.00179875 0.999612

  Inverse Direction: 
-0.997527 -0.0645323 -0.0278634
0.0645574 -0.997914 4.01049e-08
-0.0278053 -0.00179875 0.999612

  PixelContainer: 
    ImportImageContainer (0x43f1c90)
      RTTI typeinfo:   itk::ImportImageContainer<unsigned long, double>
      Reference Count: 1
      Modified Time: 1587
      Debug: Off
      Object Name: 
      Observers: 
        none
      Pointer: 0x14b46f6a4010
      Container manages memory: true
      Size: 9830400
      Capacity: 9830400

     Weighting = 1
     Sampling strategy = regular
     Number of bins = 32
     Radius = 4
     Sampling percentage  = 0.25
   Transform = Affine
     Gradient step = 0.1
     Update field sigma (voxel space) = 0
     Total field sigma (voxel space) = 0
     Update field time sigma = 0
     Total field time sigma  = 0
     Number of time indices = 0
     Number of time point samples = 0
Registration using 1 total stages.

Stage 0
  iterations = 1000x500x250x100
  convergence threshold = 1e-06
  convergence window size = 10
  number of levels = 4
  using the Mattes MI metric (number of bins = 32, weight = 1, use gradient filter = 0)
  preprocessing:  winsorizing the image intensities
  Shrink factors (level 1 out of 4): [8, 8, 8]
  Shrink factors (level 2 out of 4): [4, 4, 4]
  Shrink factors (level 3 out of 4): [2, 2, 2]
  Shrink factors (level 4 out of 4): [1, 1, 1]
  smoothing sigmas per level: [3, 2, 1, 0]
  regular sampling (percentage = 0.25)

*** Running AffineTransform registration ***

DIAGNOSTIC,Iteration,metricValue,convergenceValue,ITERATION_TIME_INDEX,SINCE_LAST
 2DIAGNOSTIC,     1, -6.846017089625e-01, 1.797693134862e+308, 6.5051e-01, 6.5051e-01, 
 2DIAGNOSTIC,     2, -6.867589972598e-01, 1.797693134862e+308, 6.5496e-01, 4.4441e-03, 
 2DIAGNOSTIC,     3, -6.895632001368e-01, 1.797693134862e+308, 6.5950e-01, 4.5471e-03, 
 2DIAGNOSTIC,     4, -6.972398452096e-01, 1.797693134862e+308, 6.6391e-01, 4.4041e-03, 
 2DIAGNOSTIC,     5, -7.038067474876e-01, 1.797693134862e+308, 6.6852e-01, 4.6170e-03, 
 2DIAGNOSTIC,     6, -7.135488361275e-01, 1.797693134862e+308, 6.7317e-01, 4.6408e-03, 
 2DIAGNOSTIC,     7, -7.202914452735e-01, 1.797693134862e+308, 6.7945e-01, 6.2850e-03, 
 2DIAGNOSTIC,     8, -7.228564291108e-01, 1.797693134862e+308, 6.8409e-01, 4.6411e-03, 
 2DIAGNOSTIC,     9, -7.240914226010e-01, 1.797693134862e+308, 6.8880e-01, 4.7050e-03, 
 2DIAGNOSTIC,    10, -7.282778869552e-01, 4.506359511933e-03, 6.9506e-01, 6.2609e-03, 
 2DIAGNOSTIC,    11, -7.339069105396e-01, 4.002222174167e-03, 7.0230e-01, 7.2472e-03, 
 2DIAGNOSTIC,    12, -7.339555933972e-01, 3.296219196101e-03, 7.0680e-01, 4.4930e-03, 
 2DIAGNOSTIC,    13, -7.339960931275e-01, 2.494931303556e-03, 7.1126e-01, 4.4651e-03, 
 2DIAGNOSTIC,    14, -7.340518398488e-01, 1.807264669310e-03, 7.1603e-01, 4.7679e-03, 
 2DIAGNOSTIC,    15, -7.342754737707e-01, 1.222064409643e-03, 7.2083e-01, 4.8020e-03, 
 2DIAGNOSTIC,    16, -7.350010055028e-01, 8.528636625328e-04, 7.2661e-01, 5.7778e-03, 
 2DIAGNOSTIC,    17, -7.353455153633e-01, 6.141341199534e-04, 7.3166e-01, 5.0521e-03, 
 2DIAGNOSTIC,    18, -7.354212467556e-01, 4.063842184344e-04, 7.3672e-01, 5.0611e-03, 
 2DIAGNOSTIC,    19, -7.353882076650e-01, 2.076668025230e-04, 7.4159e-01, 4.8702e-03, 
 2DIAGNOSTIC,    20, -7.353599570905e-01, 8.892874268321e-05, 7.4742e-01, 5.8272e-03, 
 2DIAGNOSTIC,    21, -7.352715461851e-01, 7.727078568218e-05, 7.5330e-01, 5.8830e-03, 
 2DIAGNOSTIC,    22, -7.361574392382e-01, 7.626833440070e-05, 7.5901e-01, 5.7061e-03, 
 2DIAGNOSTIC,    23, -7.369429706378e-01, 8.219911069294e-05, 7.6427e-01, 5.2590e-03, 
 2DIAGNOSTIC,    24, -7.376185991900e-01, 9.194666783963e-05, 7.7108e-01, 6.8130e-03, 
 2DIAGNOSTIC,    25, -7.387829237941e-01, 1.140279460684e-04, 7.7717e-01, 6.0909e-03, 
 2DIAGNOSTIC,    26, -7.393611467066e-01, 1.430886940082e-04, 7.8390e-01, 6.7239e-03, 
 2DIAGNOSTIC,    27, -7.394149173038e-01, 1.622091577390e-04, 7.8991e-01, 6.0151e-03, 
 2DIAGNOSTIC,    28, -7.396758810619e-01, 1.695310245564e-04, 7.9519e-01, 5.2760e-03, 
 2DIAGNOSTIC,    29, -7.402226156699e-01, 1.673490252191e-04, 8.0209e-01, 6.9060e-03, 
 2DIAGNOSTIC,    30, -7.403812654799e-01, 1.511764500108e-04, 8.1659e-01, 1.4493e-02, 
 2DIAGNOSTIC,    31, -7.403812646193e-01, 1.205887803044e-04, 8.2164e-01, 5.0490e-03, 
 2DIAGNOSTIC,    32, -7.403812742321e-01, 9.157817407043e-05, 8.2671e-01, 5.0738e-03, 
 2DIAGNOSTIC,    33, -7.403812904859e-01, 6.506394430517e-05, 8.3252e-01, 5.8100e-03, 
 2DIAGNOSTIC,    34, -7.403813179669e-01, 4.139175997633e-05, 8.3735e-01, 4.8330e-03, 
 2DIAGNOSTIC,    35, -7.403813644259e-01, 2.804599344189e-05, 8.4256e-01, 5.2102e-03, 
 2DIAGNOSTIC,    36, -7.403814429559e-01, 1.924534468589e-05, 8.4836e-01, 5.8000e-03, 
 2DIAGNOSTIC,    37, -7.403815756589e-01, 9.767747474729e-06, 8.5378e-01, 5.4181e-03, 
 2DIAGNOSTIC,    38, -7.403817998009e-01, 2.485846013325e-06, 8.5920e-01, 5.4190e-03, 
DIAGNOSTIC,Iteration,metricValue,convergenceValue,ITERATION_TIME_INDEX,SINCE_LAST
 2DIAGNOSTIC,     1, -5.986922238304e-01, 1.797693134862e+308, 1.6294e+00, 7.7023e-01, 
 2DIAGNOSTIC,     2, -5.988753807141e-01, 1.797693134862e+308, 1.6758e+00, 4.6333e-02, 
 2DIAGNOSTIC,     3, -5.989028468758e-01, 1.797693134862e+308, 1.7271e+00, 5.1341e-02, 
 2DIAGNOSTIC,     4, -5.989108951006e-01, 1.797693134862e+308, 1.7607e+00, 3.3606e-02, 
 2DIAGNOSTIC,     5, -5.988899674573e-01, 1.797693134862e+308, 1.7936e+00, 3.2930e-02, 
 2DIAGNOSTIC,     6, -5.988867497337e-01, 1.797693134862e+308, 1.8294e+00, 3.5785e-02, 
 2DIAGNOSTIC,     7, -5.988716892441e-01, 1.797693134862e+308, 1.8704e+00, 4.1017e-02, 
 2DIAGNOSTIC,     8, -5.988649642955e-01, 1.797693134862e+308, 1.9085e+00, 3.8070e-02, 
 2DIAGNOSTIC,     9, -5.988513835894e-01, 1.797693134862e+308, 1.9483e+00, 3.9782e-02, 
 2DIAGNOSTIC,    10, -5.988406771266e-01, 7.075486517474e-06, 1.9910e+00, 4.2661e-02, 
DIAGNOSTIC,Iteration,metricValue,convergenceValue,ITERATION_TIME_INDEX,SINCE_LAST
 2DIAGNOSTIC,     1, -5.342074099638e-01, 1.797693134862e+308, 3.0667e+00, 1.0758e+00, 
 2DIAGNOSTIC,     2, -5.345559345650e-01, 1.797693134862e+308, 3.3343e+00, 2.6757e-01, 
 2DIAGNOSTIC,     3, -5.349639153283e-01, 1.797693134862e+308, 3.6016e+00, 2.6726e-01, 
 2DIAGNOSTIC,     4, -5.354765814228e-01, 1.797693134862e+308, 3.8468e+00, 2.4526e-01, 
 2DIAGNOSTIC,     5, -5.362513920630e-01, 1.797693134862e+308, 4.0727e+00, 2.2581e-01, 
 2DIAGNOSTIC,     6, -5.372045051399e-01, 1.797693134862e+308, 4.2984e+00, 2.2571e-01, 
 2DIAGNOSTIC,     7, -5.404696239325e-01, 1.797693134862e+308, 4.7204e+00, 4.2199e-01, 
 2DIAGNOSTIC,     8, -5.406869631595e-01, 1.797693134862e+308, 4.9519e+00, 2.3155e-01, 
 2DIAGNOSTIC,     9, -5.411811119709e-01, 1.797693134862e+308, 5.1783e+00, 2.2637e-01, 
 2DIAGNOSTIC,    10, -5.417887067336e-01, 1.053779841888e-03, 5.4216e+00, 2.4330e-01, 
 2DIAGNOSTIC,    11, -5.424174503881e-01, 9.842823159932e-04, 5.6926e+00, 2.7106e-01, 
 2DIAGNOSTIC,    12, -5.430484710500e-01, 8.790982318340e-04, 5.9980e+00, 3.0535e-01, 
 2DIAGNOSTIC,    13, -5.433546115770e-01, 7.397466630830e-04, 6.2430e+00, 2.4506e-01, 
 2DIAGNOSTIC,    14, -5.436222632066e-01, 5.843986194989e-04, 6.5420e+00, 2.9896e-01, 
 2DIAGNOSTIC,    15, -5.437422816027e-01, 4.284860735124e-04, 6.8348e+00, 2.9279e-01, 
 2DIAGNOSTIC,    16, -5.437830859388e-01, 2.827576888497e-04, 7.0912e+00, 2.5638e-01, 
 2DIAGNOSTIC,    17, -5.439781366784e-01, 2.355754966730e-04, 7.3425e+00, 2.5130e-01, 
 2DIAGNOSTIC,    18, -5.440018223631e-01, 1.788940080387e-04, 7.6294e+00, 2.8688e-01, 
 2DIAGNOSTIC,    19, -5.440050085860e-01, 1.254839562334e-04, 7.8868e+00, 2.5745e-01, 
 2DIAGNOSTIC,    20, -5.440292086902e-01, 8.241661117941e-05, 8.1699e+00, 2.8307e-01, 
 2DIAGNOSTIC,    21, -5.440457564324e-01, 5.179284941662e-05, 8.4305e+00, 2.6061e-01, 
 2DIAGNOSTIC,    22, -5.440928653620e-01, 3.529797381600e-05, 8.6740e+00, 2.4347e-01, 
 2DIAGNOSTIC,    23, -5.441733506380e-01, 2.573854040960e-05, 9.0062e+00, 3.3223e-01, 
 2DIAGNOSTIC,    24, -5.442161451314e-01, 2.145874664863e-05, 9.2566e+00, 2.5039e-01, 
 2DIAGNOSTIC,    25, -5.442925085103e-01, 1.979118934394e-05, 9.5248e+00, 2.6826e-01, 
 2DIAGNOSTIC,    26, -5.445275779365e-01, 2.195634414660e-05, 9.8268e+00, 3.0195e-01, 
 2DIAGNOSTIC,    27, -5.446920478874e-01, 2.886913519879e-05, 1.0118e+01, 2.9138e-01, 
 2DIAGNOSTIC,    28, -5.447588494555e-01, 3.433533029431e-05, 1.0648e+01, 5.2966e-01, 
 2DIAGNOSTIC,    29, -5.447586158618e-01, 3.639347398649e-05, 1.0896e+01, 2.4776e-01, 
 2DIAGNOSTIC,    30, -5.447597880696e-01, 3.546576697826e-05, 1.1181e+01, 2.8528e-01, 
 2DIAGNOSTIC,    31, -5.447596180721e-01, 3.156029409190e-05, 1.1453e+01, 2.7230e-01, 
 2DIAGNOSTIC,    32, -5.447581430561e-01, 2.568262124750e-05, 1.1700e+01, 2.4678e-01, 
 2DIAGNOSTIC,    33, -5.447580129279e-01, 1.912769628605e-05, 1.1955e+01, 2.5504e-01, 
 2DIAGNOSTIC,    34, -5.447602301097e-01, 1.197743630627e-05, 1.2206e+01, 2.5074e-01, 
 2DIAGNOSTIC,    35, -5.447612301010e-01, 5.290813394100e-06, 1.2457e+01, 2.5117e-01, 
 2DIAGNOSTIC,    36, -5.447624248890e-01, 1.943039682147e-06, 1.2723e+01, 2.6594e-01, 
 2DIAGNOSTIC,    37, -5.447642017005e-01, 1.004386132947e-06, 1.2966e+01, 2.4347e-01, 
 2DIAGNOSTIC,    38, -5.447638661236e-01, 1.018210216936e-06, 1.3225e+01, 2.5853e-01, 
DIAGNOSTIC,Iteration,metricValue,convergenceValue,ITERATION_TIME_INDEX,SINCE_LAST
 2DIAGNOSTIC,     1, -4.997184180368e-01, 1.797693134862e+308, 1.5898e+01, 2.6728e+00, 
 2DIAGNOSTIC,     2, -4.999264343530e-01, 1.797693134862e+308, 1.7500e+01, 1.6025e+00, 
 2DIAGNOSTIC,     3, -5.001281303217e-01, 1.797693134862e+308, 1.9048e+01, 1.5474e+00, 
 2DIAGNOSTIC,     4, -5.003069706538e-01, 1.797693134862e+308, 2.0583e+01, 1.5357e+00, 
 2DIAGNOSTIC,     5, -5.004568274552e-01, 1.797693134862e+308, 2.2397e+01, 1.8138e+00, 
 2DIAGNOSTIC,     6, -5.005773167635e-01, 1.797693134862e+308, 2.5091e+01, 2.6944e+00, 
 2DIAGNOSTIC,     7, -5.005880030632e-01, 1.797693134862e+308, 2.6761e+01, 1.6700e+00, 
 2DIAGNOSTIC,     8, -5.006127698360e-01, 1.797693134862e+308, 2.8392e+01, 1.6308e+00, 
 2DIAGNOSTIC,     9, -5.006340071156e-01, 1.797693134862e+308, 3.0800e+01, 2.4073e+00, 
 2DIAGNOSTIC,    10, -5.006330968449e-01, 1.181585676709e-04, 3.2628e+01, 1.8281e+00, 
 2DIAGNOSTIC,    11, -5.006323640363e-01, 7.782796400058e-05, 3.5167e+01, 2.5396e+00, 
 2DIAGNOSTIC,    12, -5.006323762519e-01, 4.727598606069e-05, 3.6803e+01, 1.6356e+00, 
 2DIAGNOSTIC,    13, -5.006319767487e-01, 2.610768147082e-05, 3.8634e+01, 1.8310e+00, 
 2DIAGNOSTIC,    14, -5.006317110444e-01, 1.293323977639e-05, 4.0710e+01, 2.0758e+00, 
 2DIAGNOSTIC,    15, -5.006316437102e-01, 6.101086768920e-06, 4.2541e+01, 1.8315e+00, 
 2DIAGNOSTIC,    16, -5.006314628894e-01, 4.040792005597e-06, 4.4350e+01, 1.8093e+00, 
 2DIAGNOSTIC,    17, -5.006314051540e-01, 2.373571652912e-06, 4.6148e+01, 1.7972e+00, 
 2DIAGNOSTIC,    18, -5.006312327007e-01, 1.601468500499e-06, 4.7980e+01, 1.8320e+00, 
