
##########################
# Experiment information #
##########################

EXPERIMENT_NAME: antsRegistration-r8-p20
VFC_BACKENDS: libinterflop_vprec.so --range-binary32=8 --precision-binary32=20 --range-binary64=8 --precision-binary64=20

SIF_IMG: /home/mdugre/projects/rrg-glatard/mdugre/containers/ants-vprec-no_metrics.simg

SUBJECT_ID: s025
INPUT_IMG: /home/mdugre/scratch/mri-registration-rp/datasets/ds004513/derivatives/mri-registration-rp/antsBrainExtraction/sub-s025/BrainExtractionBrain.nii.gz
OUTPUT_DIR: /home/mdugre/scratch/mri-registration-rp/datasets/ds004513/derivatives/mri-registration-rp/0001/antsRegistration-r8-p20/sub-s025

FIXED_IMG: /templateflow/tpl-MNI152NLin2009cAsym/tpl-MNI152NLin2009cAsym_res-01_desc-brain_T1w.nii.gz
DATA_DIR: /home/mdugre/scratch/mri-registration-rp/datasets/ds004513
TEMPLATEFLOW_DIR: /home/mdugre/projects/rrg-glatard/mdugre/templateflow
ITK_GLOBAL_DEFAULT_NUMBER_OF_THREADS: 16
##########################

Info [verificarlo]: loaded backend libinterflop_ieee.so
Info [interflop-ieee]: load backend with:
Info [interflop-ieee]: debug = false
Info [interflop-ieee]: debug-binary = false
Info [interflop-ieee]: no-backend-name = false
Info [interflop-ieee]: print-new-line = false
Info [interflop-ieee]: print-subnormal-normalized = false
Info [interflop-ieee]: count-op = false
All_Command_lines_OK
Using double precision for computations.
=============================================================================
The composite transform comprises the following transforms (in order): 
  1. Center of mass alignment using fixed image: /templateflow/tpl-MNI152NLin2009cAsym/tpl-MNI152NLin2009cAsym_res-01_desc-brain_T1w.nii.gz and moving image: /home/mdugre/scratch/mri-registration-rp/datasets/ds004513/derivatives/mri-registration-rp/antsBrainExtraction/sub-s025/BrainExtractionBrain.nii.gz (type = Euler3DTransform)
=============================================================================
  number of levels = 1
  fixed image: /templateflow/tpl-MNI152NLin2009cAsym/tpl-MNI152NLin2009cAsym_res-01_desc-brain_T1w.nii.gz
  moving image: /home/mdugre/scratch/mri-registration-rp/datasets/ds004513/derivatives/mri-registration-rp/antsBrainExtraction/sub-s025/BrainExtractionBrain.nii.gz
Dimension = 3
Number of stages = 1
Use histogram matching = false
Winsorize image intensities = true
  Lower quantile = 0.005
  Upper quantile = 0.995


Stage 1 State
   Image metric = MattesMI
     Fixed image = Image (0x456de70)
  RTTI typeinfo:   itk::Image<double, 3u>
  Reference Count: 2
  Modified Time: 2334
  Debug: Off
  Object Name: 
  Observers: 
    none
  Source: (none)
  Source output name: (none)
  Release Data: Off
  Data Released: False
  Global Release Data: Off
  PipelineMTime: 0
  UpdateMTime: 1943
  RealTimeStamp: 0 seconds 
  LargestPossibleRegion: 
    Dimension: 3
    Index: [0, 0, 0]
    Size: [193, 229, 193]
  BufferedRegion: 
    Dimension: 3
    Index: [0, 0, 0]
    Size: [193, 229, 193]
  RequestedRegion: 
    Dimension: 3
    Index: [0, 0, 0]
    Size: [193, 229, 193]
  Spacing: [1, 1, 1]
  Origin: [96, 132, -78]
  Direction: 
-1 0 0
0 -1 0
0 0 1

  IndexToPointMatrix: 
-1 0 0
0 -1 0
0 0 1

  PointToIndexMatrix: 
-1 0 0
0 -1 0
0 0 1

  Inverse Direction: 
-1 0 0
0 -1 0
0 0 1

  PixelContainer: 
    ImportImageContainer (0x4576c60)
      RTTI typeinfo:   itk::ImportImageContainer<unsigned long, double>
      Reference Count: 1
      Modified Time: 1940
      Debug: Off
      Object Name: 
      Observers: 
        none
      Pointer: 0x153388d99010
      Container manages memory: true
      Size: 8530021
      Capacity: 8530021

     Moving image = Image (0x4579610)
  RTTI typeinfo:   itk::Image<double, 3u>
  Reference Count: 2
  Modified Time: 2335
  Debug: Off
  Object Name: 
  Observers: 
    none
  Source: (none)
  Source output name: (none)
  Release Data: Off
  Data Released: False
  Global Release Data: Off
  PipelineMTime: 0
  UpdateMTime: 2332
  RealTimeStamp: 0 seconds 
  LargestPossibleRegion: 
    Dimension: 3
    Index: [0, 0, 0]
    Size: [176, 240, 256]
  BufferedRegion: 
    Dimension: 3
    Index: [0, 0, 0]
    Size: [176, 240, 256]
  RequestedRegion: 
    Dimension: 3
    Index: [0, 0, 0]
    Size: [176, 240, 256]
  Spacing: [0.999999, 1, 1]
  Origin: [90.3778, 84.5091, -154.071]
  Direction: 
-0.999391 7.48184e-06 -0.0348969
-7.47664e-06 -1 -2.7953e-07
-0.0348969 -1.84481e-08 0.999391

  IndexToPointMatrix: 
-0.99939 7.48184e-06 -0.0348969
-7.47663e-06 -1 -2.7953e-07
-0.0348968 -1.84481e-08 0.999391

  PointToIndexMatrix: 
-0.999392 -7.47665e-06 -0.0348969
7.48184e-06 -1 -1.84481e-08
-0.0348969 -2.7953e-07 0.999391

  Inverse Direction: 
-0.999391 -7.47664e-06 -0.0348969
7.48184e-06 -1 -1.84481e-08
-0.0348969 -2.7953e-07 0.999391

  PixelContainer: 
    ImportImageContainer (0x4612ef0)
      RTTI typeinfo:   itk::ImportImageContainer<unsigned long, double>
      Reference Count: 1
      Modified Time: 2329
      Debug: Off
      Object Name: 
      Observers: 
        none
      Pointer: 0x153383b18010
      Container manages memory: true
      Size: 10813440
      Capacity: 10813440

     Weighting = 1
     Sampling strategy = regular
     Number of bins = 32
     Radius = 4
     Sampling percentage  = 0.25
   Transform = Rigid
     Gradient step = 0.1
     Update field sigma (voxel space) = 0
     Total field sigma (voxel space) = 0
     Update field time sigma = 0
     Total field time sigma  = 0
     Number of time indices = 0
     Number of time point samples = 0
Registration using 1 total stages.

Stage 0
  iterations = 0
  convergence threshold = 1e-06
  convergence window size = 10
  number of levels = 1
  using the Mattes MI metric (number of bins = 32, weight = 1, use gradient filter = 0)
  preprocessing:  winsorizing the image intensities
  Shrink factors (level 1 out of 1): [1, 1, 1]
  smoothing sigmas per level: [0]
  regular sampling (percentage = 0.25)

*** Running Euler3DTransform registration ***

  Elapsed time (stage 0): 1.16071


Total elapsed time: 1.163
Info [verificarlo]: loaded backend libinterflop_ieee.so
Info [interflop-ieee]: load backend with:
Info [interflop-ieee]: debug = false
Info [interflop-ieee]: debug-binary = false
Info [interflop-ieee]: no-backend-name = false
Info [interflop-ieee]: print-new-line = false
Info [interflop-ieee]: print-subnormal-normalized = false
Info [interflop-ieee]: count-op = false
All_Command_lines_OK
Using double precision for computations.
=============================================================================
The composite transform comprises the following transforms (in order): 
  1. /home/mdugre/scratch/mri-registration-rp/datasets/ds004513/derivatives/mri-registration-rp/0001/antsRegistration-r8-p20/sub-s025/align_Composite.h5[0] (type = Euler3DTransform)
  2. /home/mdugre/scratch/mri-registration-rp/datasets/ds004513/derivatives/mri-registration-rp/0001/antsRegistration-r8-p20/sub-s025/align_Composite.h5[1] (type = Euler3DTransform)
=============================================================================
  number of levels = 4
  fixed image: /templateflow/tpl-MNI152NLin2009cAsym/tpl-MNI152NLin2009cAsym_res-01_desc-brain_T1w.nii.gz
  moving image: /home/mdugre/scratch/mri-registration-rp/datasets/ds004513/derivatives/mri-registration-rp/antsBrainExtraction/sub-s025/BrainExtractionBrain.nii.gz
Dimension = 3
Number of stages = 1
Use histogram matching = false
Winsorize image intensities = true
  Lower quantile = 0.005
  Upper quantile = 0.995


Stage 1 State
   Image metric = MattesMI
     Fixed image = Image (0x4f32530)
  RTTI typeinfo:   itk::Image<double, 3u>
  Reference Count: 2
  Modified Time: 1580
  Debug: Off
  Object Name: 
  Observers: 
    none
  Source: (none)
  Source output name: (none)
  Release Data: Off
  Data Released: False
  Global Release Data: Off
  PipelineMTime: 0
  UpdateMTime: 1189
  RealTimeStamp: 0 seconds 
  LargestPossibleRegion: 
    Dimension: 3
    Index: [0, 0, 0]
    Size: [193, 229, 193]
  BufferedRegion: 
    Dimension: 3
    Index: [0, 0, 0]
    Size: [193, 229, 193]
  RequestedRegion: 
    Dimension: 3
    Index: [0, 0, 0]
    Size: [193, 229, 193]
  Spacing: [1, 1, 1]
  Origin: [96, 132, -78]
  Direction: 
-1 0 0
0 -1 0
0 0 1

  IndexToPointMatrix: 
-1 0 0
0 -1 0
0 0 1

  PointToIndexMatrix: 
-1 0 0
0 -1 0
0 0 1

  Inverse Direction: 
-1 0 0
0 -1 0
0 0 1

  PixelContainer: 
    ImportImageContainer (0x4ff0d60)
      RTTI typeinfo:   itk::ImportImageContainer<unsigned long, double>
      Reference Count: 1
      Modified Time: 1186
      Debug: Off
      Object Name: 
      Observers: 
        none
      Pointer: 0x14e3739af010
      Container manages memory: true
      Size: 8530021
      Capacity: 8530021

     Moving image = Image (0x4fe2f60)
  RTTI typeinfo:   itk::Image<double, 3u>
  Reference Count: 2
  Modified Time: 1581
  Debug: Off
  Object Name: 
  Observers: 
    none
  Source: (none)
  Source output name: (none)
  Release Data: Off
  Data Released: False
  Global Release Data: Off
  PipelineMTime: 0
  UpdateMTime: 1578
  RealTimeStamp: 0 seconds 
  LargestPossibleRegion: 
    Dimension: 3
    Index: [0, 0, 0]
    Size: [176, 240, 256]
  BufferedRegion: 
    Dimension: 3
    Index: [0, 0, 0]
    Size: [176, 240, 256]
  RequestedRegion: 
    Dimension: 3
    Index: [0, 0, 0]
    Size: [176, 240, 256]
  Spacing: [0.999999, 1, 1]
  Origin: [90.3778, 84.5091, -154.071]
  Direction: 
-0.999391 7.48184e-06 -0.0348969
-7.47664e-06 -1 -2.7953e-07
-0.0348969 -1.84481e-08 0.999391

  IndexToPointMatrix: 
-0.99939 7.48184e-06 -0.0348969
-7.47663e-06 -1 -2.7953e-07
-0.0348968 -1.84481e-08 0.999391

  PointToIndexMatrix: 
-0.999392 -7.47665e-06 -0.0348969
7.48184e-06 -1 -1.84481e-08
-0.0348969 -2.7953e-07 0.999391

  Inverse Direction: 
-0.999391 -7.47664e-06 -0.0348969
7.48184e-06 -1 -1.84481e-08
-0.0348969 -2.7953e-07 0.999391

  PixelContainer: 
    ImportImageContainer (0x4fd46d0)
      RTTI typeinfo:   itk::ImportImageContainer<unsigned long, double>
      Reference Count: 1
      Modified Time: 1575
      Debug: Off
      Object Name: 
      Observers: 
        none
      Pointer: 0x14e36e72e010
      Container manages memory: true
      Size: 10813440
      Capacity: 10813440

     Weighting = 1
     Sampling strategy = regular
     Number of bins = 32
     Radius = 4
     Sampling percentage  = 0.25
   Transform = Rigid
     Gradient step = 0.1
     Update field sigma (voxel space) = 0
     Total field sigma (voxel space) = 0
     Update field time sigma = 0
     Total field time sigma  = 0
     Number of time indices = 0
     Number of time point samples = 0
Registration using 1 total stages.

Stage 0
  iterations = 1000x500x250x100
  convergence threshold = 1e-06
  convergence window size = 10
  number of levels = 4
  using the Mattes MI metric (number of bins = 32, weight = 1, use gradient filter = 0)
  preprocessing:  winsorizing the image intensities
  Shrink factors (level 1 out of 4): [8, 8, 8]
  Shrink factors (level 2 out of 4): [4, 4, 4]
  Shrink factors (level 3 out of 4): [2, 2, 2]
  Shrink factors (level 4 out of 4): [1, 1, 1]
  smoothing sigmas per level: [3, 2, 1, 0]
  regular sampling (percentage = 0.25)

*** Running Euler3DTransform registration ***

DIAGNOSTIC,Iteration,metricValue,convergenceValue,ITERATION_TIME_INDEX,SINCE_LAST
 2DIAGNOSTIC,     1, -5.323241903179e-01, 1.797693134862e+308, 9.2145e-01, 9.2145e-01, 
 2DIAGNOSTIC,     2, -5.346190553927e-01, 1.797693134862e+308, 9.2658e-01, 5.1281e-03, 
 2DIAGNOSTIC,     3, -5.378036555361e-01, 1.797693134862e+308, 9.3202e-01, 5.4421e-03, 
 2DIAGNOSTIC,     4, -5.422949451405e-01, 1.797693134862e+308, 9.3722e-01, 5.1968e-03, 
 2DIAGNOSTIC,     5, -5.486805952477e-01, 1.797693134862e+308, 9.4233e-01, 5.1160e-03, 
 2DIAGNOSTIC,     6, -5.542790085272e-01, 1.797693134862e+308, 9.4767e-01, 5.3358e-03, 
 2DIAGNOSTIC,     7, -5.627123115611e-01, 1.797693134862e+308, 9.5282e-01, 5.1479e-03, 
 2DIAGNOSTIC,     8, -5.766609943856e-01, 1.797693134862e+308, 9.5800e-01, 5.1830e-03, 
 2DIAGNOSTIC,     9, -5.881111419397e-01, 1.797693134862e+308, 9.6448e-01, 6.4812e-03, 
 2DIAGNOSTIC,    10, -6.012927005665e-01, 7.820055967720e-03, 9.7140e-01, 6.9182e-03, 
 2DIAGNOSTIC,    11, -6.192402913589e-01, 8.564422673930e-03, 9.8031e-01, 8.9121e-03, 
 2DIAGNOSTIC,    12, -6.197111897441e-01, 8.513711436491e-03, 9.8514e-01, 4.8280e-03, 
 2DIAGNOSTIC,    13, -6.223136777511e-01, 7.932305190640e-03, 9.8974e-01, 4.5969e-03, 
 2DIAGNOSTIC,    14, -6.239859078533e-01, 6.938967258809e-03, 9.9495e-01, 5.2161e-03, 
 2DIAGNOSTIC,    15, -6.258731029038e-01, 5.722268374546e-03, 9.9994e-01, 4.9841e-03, 
 2DIAGNOSTIC,    16, -6.290042957048e-01, 4.404898010743e-03, 1.0052e+00, 5.2400e-03, 
 2DIAGNOSTIC,    17, -6.327399548195e-01, 3.192249458100e-03, 1.0115e+00, 6.3159e-03, 
 2DIAGNOSTIC,    18, -6.361770329222e-01, 2.298162514737e-03, 1.0185e+00, 6.9802e-03, 
 2DIAGNOSTIC,    19, -6.381920795053e-01, 1.629119691680e-03, 1.0240e+00, 5.4898e-03, 
 2DIAGNOSTIC,    20, -6.414786468669e-01, 1.264281191386e-03, 1.0292e+00, 5.2760e-03, 
 2DIAGNOSTIC,    21, -6.422621311604e-01, 1.244231354773e-03, 1.0338e+00, 4.6101e-03, 
 2DIAGNOSTIC,    22, -6.443386369773e-01, 1.164065699680e-03, 1.0387e+00, 4.8931e-03, 
 2DIAGNOSTIC,    23, -6.458367311081e-01, 1.066297096034e-03, 1.0440e+00, 5.2462e-03, 
 2DIAGNOSTIC,    24, -6.528535016652e-01, 1.047817944772e-03, 1.0507e+00, 6.7601e-03, 
 2DIAGNOSTIC,    25, -6.591704566600e-01, 1.083081268367e-03, 1.0572e+00, 6.4149e-03, 
 2DIAGNOSTIC,    26, -6.605963664814e-01, 1.093549187110e-03, 1.0626e+00, 5.3909e-03, 
 2DIAGNOSTIC,    27, -6.608439804965e-01, 1.070984920516e-03, 1.0674e+00, 4.8480e-03, 
 2DIAGNOSTIC,    28, -6.615671816709e-01, 1.019502609004e-03, 1.0727e+00, 5.2650e-03, 
 2DIAGNOSTIC,    29, -6.628794645649e-01, 9.260607807029e-04, 1.0778e+00, 5.1050e-03, 
 2DIAGNOSTIC,    30, -6.728294680782e-01, 9.537365720977e-04, 1.0852e+00, 7.4379e-03, 
 2DIAGNOSTIC,    31, -6.735478176643e-01, 9.084136725999e-04, 1.0898e+00, 4.6370e-03, 
 2DIAGNOSTIC,    32, -6.743491583028e-01, 8.254108627559e-04, 1.0946e+00, 4.7140e-03, 
 2DIAGNOSTIC,    33, -6.778518258657e-01, 7.396582799809e-04, 1.0999e+00, 5.3890e-03, 
 2DIAGNOSTIC,    34, -6.872953030832e-01, 8.064166459532e-04, 1.1098e+00, 9.8810e-03, 
 2DIAGNOSTIC,    35, -6.877324685433e-01, 8.751635262672e-04, 1.1145e+00, 4.7181e-03, 
 2DIAGNOSTIC,    36, -6.893217187610e-01, 8.964309800715e-04, 1.1192e+00, 4.6680e-03, 
 2DIAGNOSTIC,    37, -6.927385535712e-01, 8.791468267327e-04, 1.1240e+00, 4.7441e-03, 
 2DIAGNOSTIC,    38, -7.010249481269e-01, 8.853596728605e-04, 1.1286e+00, 4.6382e-03, 
 2DIAGNOSTIC,    39, -7.063980294543e-01, 8.771504744558e-04, 1.1333e+00, 4.6670e-03, 
 2DIAGNOSTIC,    40, -7.084284364151e-01, 9.204333560449e-04, 1.1379e+00, 4.6210e-03, 
 2DIAGNOSTIC,    41, -7.161032332094e-01, 9.681743081078e-04, 1.1433e+00, 5.4359e-03, 
 2DIAGNOSTIC,    42, -7.193503654422e-01, 9.622217715690e-04, 1.1501e+00, 6.7549e-03, 
 2DIAGNOSTIC,    43, -7.222438699847e-01, 9.271206990165e-04, 1.1547e+00, 4.6308e-03, 
 2DIAGNOSTIC,    44, -7.286100359757e-01, 9.647391888815e-04, 1.1594e+00, 4.7419e-03, 
 2DIAGNOSTIC,    45, -7.390990471679e-01, 1.015004956331e-03, 1.1642e+00, 4.7228e-03, 
 2DIAGNOSTIC,    46, -7.438359406128e-01, 1.024160252123e-03, 1.1691e+00, 4.8831e-03, 
 2DIAGNOSTIC,    47, -7.509852394340e-01, 1.032309057689e-03, 1.1774e+00, 8.3818e-03, 
 2DIAGNOSTIC,    48, -7.533380522289e-01, 1.037829487783e-03, 1.1826e+00, 5.1520e-03, 
 2DIAGNOSTIC,    49, -7.535035991021e-01, 9.935211154125e-04, 1.1872e+00, 4.6041e-03, 
 2DIAGNOSTIC,    50, -7.537466579439e-01, 8.742851201066e-04, 1.1923e+00, 5.1100e-03, 
 2DIAGNOSTIC,    51, -7.543839525174e-01, 7.469074259475e-04, 1.1968e+00, 4.5121e-03, 
 2DIAGNOSTIC,    52, -7.558730176447e-01, 5.931188242329e-04, 1.2018e+00, 4.9679e-03, 
 2DIAGNOSTIC,    53, -7.576471028239e-01, 4.265623071339e-04, 1.2069e+00, 5.0821e-03, 
 2DIAGNOSTIC,    54, -7.585429585707e-01, 2.827537848291e-04, 1.2125e+00, 5.6279e-03, 
 2DIAGNOSTIC,    55, -7.589370017897e-01, 2.026685198810e-04, 1.2170e+00, 4.5068e-03, 
 2DIAGNOSTIC,    56, -7.598064214067e-01, 1.480134436967e-04, 1.2226e+00, 5.5799e-03, 
 2DIAGNOSTIC,    57, -7.598114978512e-01, 1.341476611089e-04, 1.2271e+00, 4.5300e-03, 
 2DIAGNOSTIC,    58, -7.599390426221e-01, 1.261021395814e-04, 1.2321e+00, 5.0039e-03, 
 2DIAGNOSTIC,    59, -7.600790653196e-01, 1.086129327557e-04, 1.2371e+00, 4.9980e-03, 
 2DIAGNOSTIC,    60, -7.601343500577e-01, 8.361399682550e-05, 1.2427e+00, 5.5699e-03, 
 2DIAGNOSTIC,    61, -7.608039878951e-01, 6.047408503025e-05, 1.2477e+00, 4.9989e-03, 
 2DIAGNOSTIC,    62, -7.609570737057e-01, 4.322092657987e-05, 1.2532e+00, 5.5451e-03, 
 2DIAGNOSTIC,    63, -7.609624268605e-01, 3.433326363486e-05, 1.2582e+00, 4.9639e-03, 
 2DIAGNOSTIC,    64, -7.608858232872e-01, 2.794342275581e-05, 1.2626e+00, 4.4150e-03, 
 2DIAGNOSTIC,    65, -7.608032519008e-01, 2.100708648382e-05, 1.2671e+00, 4.4730e-03, 
 2DIAGNOSTIC,    66, -7.608570412558e-01, 1.814415503096e-05, 1.2715e+00, 4.4222e-03, 
 2DIAGNOSTIC,    67, -7.610557492402e-01, 1.489073767968e-05, 1.2771e+00, 5.5881e-03, 
 2DIAGNOSTIC,    68, -7.614228792700e-01, 1.339840834602e-05, 1.2837e+00, 6.5939e-03, 
 2DIAGNOSTIC,    69, -7.613575780066e-01, 1.118574324971e-05, 1.2881e+00, 4.4482e-03, 
 2DIAGNOSTIC,    70, -7.612540077326e-01, 7.692505239958e-06, 1.2931e+00, 4.9989e-03, 
 2DIAGNOSTIC,    71, -7.612726313536e-01, 7.643155288440e-06, 1.2978e+00, 4.6558e-03, 
 2DIAGNOSTIC,    72, -7.615742645226e-01, 9.462952214177e-06, 1.3030e+00, 5.2052e-03, 
 2DIAGNOSTIC,    73, -7.620582647779e-01, 1.305069885070e-05, 1.3317e+00, 2.8739e-02, 
 2DIAGNOSTIC,    74, -7.620582617354e-01, 1.487314747964e-05, 1.3386e+00, 6.8431e-03, 
 2DIAGNOSTIC,    75, -7.620582686649e-01, 1.490780504851e-05, 1.3430e+00, 4.3910e-03, 
 2DIAGNOSTIC,    76, -7.620582803800e-01, 1.386530115316e-05, 1.3473e+00, 4.3731e-03, 
 2DIAGNOSTIC,    77, -7.620583001808e-01, 1.251454449955e-05, 1.3516e+00, 4.2720e-03, 
 2DIAGNOSTIC,    78, -7.620583336377e-01, 1.192734368757e-05, 1.3559e+00, 4.2949e-03, 
 2DIAGNOSTIC,    79, -7.620583903723e-01, 9.943400482815e-06, 1.3603e+00, 4.3879e-03, 
 2DIAGNOSTIC,    80, -7.620584863559e-01, 6.623994389908e-06, 1.3646e+00, 4.3249e-03, 
 2DIAGNOSTIC,    81, -7.620586480546e-01, 2.878070730164e-06, 1.3689e+00, 4.2710e-03, 
DIAGNOSTIC,Iteration,metricValue,convergenceValue,ITERATION_TIME_INDEX,SINCE_LAST
 2DIAGNOSTIC,     1, -6.045855541295e-01, 1.797693134862e+308, 2.1247e+00, 7.5586e-01, 
 2DIAGNOSTIC,     2, -6.054425076453e-01, 1.797693134862e+308, 2.1526e+00, 2.7885e-02, 
 2DIAGNOSTIC,     3, -6.067565274532e-01, 1.797693134862e+308, 2.1815e+00, 2.8860e-02, 
 2DIAGNOSTIC,     4, -6.082132990543e-01, 1.797693134862e+308, 2.2112e+00, 2.9707e-02, 
 2DIAGNOSTIC,     5, -6.093762479995e-01, 1.797693134862e+308, 2.2393e+00, 2.8080e-02, 
 2DIAGNOSTIC,     6, -6.105987925103e-01, 1.797693134862e+308, 2.2671e+00, 2.7815e-02, 
 2DIAGNOSTIC,     7, -6.122898804306e-01, 1.797693134862e+308, 2.2954e+00, 2.8338e-02, 
 2DIAGNOSTIC,     8, -6.139455517903e-01, 1.797693134862e+308, 2.3293e+00, 3.3846e-02, 
 2DIAGNOSTIC,     9, -6.149222537208e-01, 1.797693134862e+308, 2.3719e+00, 4.2620e-02, 
 2DIAGNOSTIC,    10, -6.151466939061e-01, 1.214101069345e-03, 2.4007e+00, 2.8767e-02, 
 2DIAGNOSTIC,    11, -6.164036405708e-01, 1.078098287000e-03, 2.4305e+00, 2.9859e-02, 
 2DIAGNOSTIC,    12, -6.183841690093e-01, 9.760765735232e-04, 2.4610e+00, 3.0448e-02, 
 2DIAGNOSTIC,    13, -6.192030390334e-01, 8.752343511405e-04, 2.4890e+00, 2.8046e-02, 
 2DIAGNOSTIC,    14, -6.201682206454e-01, 7.901506140599e-04, 2.5381e+00, 4.9051e-02, 
 2DIAGNOSTIC,    15, -6.206376651159e-01, 6.955468012036e-04, 2.5748e+00, 3.6731e-02, 
 2DIAGNOSTIC,    16, -6.206381357704e-01, 5.838913999333e-04, 2.6121e+00, 3.7258e-02, 
 2DIAGNOSTIC,    17, -6.206339448130e-01, 4.765040988786e-04, 2.6436e+00, 3.1560e-02, 
 2DIAGNOSTIC,    18, -6.206285781541e-01, 3.792049737202e-04, 2.6752e+00, 3.1624e-02, 
 2DIAGNOSTIC,    19, -6.206241341838e-01, 2.814396756068e-04, 2.7068e+00, 3.1575e-02, 
 2DIAGNOSTIC,    20, -6.206209336832e-01, 1.724309129737e-04, 2.7350e+00, 2.8147e-02, 
 2DIAGNOSTIC,    21, -6.206116411929e-01, 8.470837497876e-05, 2.7686e+00, 3.3685e-02, 
 2DIAGNOSTIC,    22, -6.206183824004e-01, 3.889322560858e-05, 2.8006e+00, 3.1928e-02, 
 2DIAGNOSTIC,    23, -6.206120232507e-01, 9.453056762004e-06, 2.8303e+00, 2.9681e-02, 
DIAGNOSTIC,Iteration,metricValue,convergenceValue,ITERATION_TIME_INDEX,SINCE_LAST
 2DIAGNOSTIC,     1, -5.336430768986e-01, 1.797693134862e+308, 3.8930e+00, 1.0627e+00, 
 2DIAGNOSTIC,     2, -5.337540690740e-01, 1.797693134862e+308, 4.1311e+00, 2.3813e-01, 
 2DIAGNOSTIC,     3, -5.338285433102e-01, 1.797693134862e+308, 4.3738e+00, 2.4265e-01, 
 2DIAGNOSTIC,     4, -5.339680944794e-01, 1.797693134862e+308, 4.6232e+00, 2.4940e-01, 
 2DIAGNOSTIC,     5, -5.342342037938e-01, 1.797693134862e+308, 4.8865e+00, 2.6339e-01, 
 2DIAGNOSTIC,     6, -5.346534358213e-01, 1.797693134862e+308, 5.1767e+00, 2.9016e-01, 
 2DIAGNOSTIC,     7, -5.350401508360e-01, 1.797693134862e+308, 5.5781e+00, 4.0139e-01, 
 2DIAGNOSTIC,     8, -5.351669124170e-01, 1.797693134862e+308, 5.8938e+00, 3.1570e-01, 
 2DIAGNOSTIC,     9, -5.351863830088e-01, 1.797693134862e+308, 6.1626e+00, 2.6880e-01, 
 2DIAGNOSTIC,    10, -5.352199189348e-01, 2.338361358803e-04, 6.4206e+00, 2.5804e-01, 
 2DIAGNOSTIC,    11, -5.353422200545e-01, 2.038863735749e-04, 6.7312e+00, 3.1059e-01, 
 2DIAGNOSTIC,    12, -5.356061862287e-01, 1.771883358594e-04, 6.9597e+00, 2.2843e-01, 
 2DIAGNOSTIC,    13, -5.357644978053e-01, 1.482332384154e-04, 7.2089e+00, 2.4923e-01, 
 2DIAGNOSTIC,    14, -5.359439372640e-01, 1.224190118512e-04, 7.5283e+00, 3.1937e-01, 
 2DIAGNOSTIC,    15, -5.359703606067e-01, 9.926047175446e-05, 7.8033e+00, 2.7500e-01, 
 2DIAGNOSTIC,    16, -5.360182185640e-01, 8.532462502070e-05, 8.1165e+00, 3.1322e-01, 
 2DIAGNOSTIC,    17, -5.360178450787e-01, 7.723013515064e-05, 8.4046e+00, 2.8816e-01, 
 2DIAGNOSTIC,    18, -5.360141948529e-01, 6.666513392214e-05, 8.6671e+00, 2.6244e-01, 
 2DIAGNOSTIC,    19, -5.360158691787e-01, 5.184735685294e-05, 8.9019e+00, 2.3478e-01, 
 2DIAGNOSTIC,    20, -5.360079630243e-01, 3.455542526650e-05, 9.1775e+00, 2.7559e-01, 
 2DIAGNOSTIC,    21, -5.360090661585e-01, 1.887553368227e-05, 9.4290e+00, 2.5155e-01, 
 2DIAGNOSTIC,    22, -5.360075794086e-01, 9.284444086155e-06, 9.6719e+00, 2.4291e-01, 
 2DIAGNOSTIC,    23, -5.360065273057e-01, 3.331888277301e-06, 9.9704e+00, 2.9846e-01, 
 2DIAGNOSTIC,    24, -5.360070233251e-01, 1.670928342093e-06, 1.0225e+01, 2.5467e-01, 
DIAGNOSTIC,Iteration,metricValue,convergenceValue,ITERATION_TIME_INDEX,SINCE_LAST
 2DIAGNOSTIC,     1, -4.895842630445e-01, 1.797693134862e+308, 1.2666e+01, 2.4410e+00, 
 2DIAGNOSTIC,     2, -4.895956733887e-01, 1.797693134862e+308, 1.4945e+01, 2.2788e+00, 
 2DIAGNOSTIC,     3, -4.895963451785e-01, 1.797693134862e+308, 1.6815e+01, 1.8706e+00, 
 2DIAGNOSTIC,     4, -4.895964052199e-01, 1.797693134862e+308, 1.8362e+01, 1.5466e+00, 
 2DIAGNOSTIC,     5, -4.895965330888e-01, 1.797693134862e+308, 1.9835e+01, 1.4733e+00, 
 2DIAGNOSTIC,     6, -4.895958775782e-01, 1.797693134862e+308, 2.1348e+01, 1.5122e+00, 
 2DIAGNOSTIC,     7, -4.895957831781e-01, 1.797693134862e+308, 2.2865e+01, 1.5176e+00, 
 2DIAGNOSTIC,     8, -4.895956121180e-01, 1.797693134862e+308, 2.4437e+01, 1.5718e+00, 
 2DIAGNOSTIC,     9, -4.895953090819e-01, 1.797693134862e+308, 2.7032e+01, 2.5951e+00, 
 2DIAGNOSTIC,    10, -4.895953643027e-01, 3.753928306149e-06, 2.8660e+01, 1.6281e+00, 
 2DIAGNOSTIC,    11, -4.895952884423e-01, 2.762155206781e-06, 3.0525e+01, 1.8647e+00, 
 2DIAGNOSTIC,    12, -4.895950778860e-01, 2.488424742403e-06, 3.2000e+01, 1.4749e+00, 
 2DIAGNOSTIC,    13, -4.895949878461e-01, 2.297426423090e-06, 3.3314e+01, 1.3147e+00, 
 2DIAGNOSTIC,    14, -4.895949158156e-01, 2.146431397662e-06, 3.4937e+01, 1.6226e+00, 
 2DIAGNOSTIC,    15, -4.895949549036e-01, 2.034006147192e-06, 3.6298e+01, 1.3608e+00, 
 2DIAGNOSTIC,    16, -4.895947883995e-01, 1.913543525134e-06, 3.7771e+01, 1.4728e+00, 
 2DIAGNOSTIC,    17, -4.895947146129e-01, 1.808730318631e-06, 3.9163e+01, 1.3921e+00, 
 2DIAGNOSTIC,    18, -4.895946487101e-01, 1.714058521687e-06, 4.0523e+01, 1.3606e+00, 
 2DIAGNOSTIC,    19, -4.895946171837e-01, 1.623865734039e-06, 4.2003e+01, 1.4798e+00, 
 2DIAGNOSTIC,    20, -4.895946007093e-01, 1.548416707638e-06, 4.3634e+01, 1.6313e+00, 
 2DIAGNOSTIC,    21, -4.895943508459e-01, 1.475228153150e-06, 4.5157e+01, 1.5226e+00, 
 2DIAGNOSTIC,    22, -4.895943209808e-01, 1.406327782311e-06, 4.6560e+01, 1.4029e+00, 
 2DIAGNOSTIC,    23, -4.895943493222e-01, 1.345536762280e-06, 4.8142e+01, 1.5820e+00, 
 2DIAGNOSTIC,    24, -4.895943386716e-01, 1.291116032323e-06, 4.9733e+01, 1.5907e+00, 
 2DIAGNOSTIC,    25, -4.895943162325e-01, 1.244756127186e-06, 5.1323e+01, 1.5906e+00, 
 2DIAGNOSTIC,    26, -4.895940606034e-01, 1.195275059027e-06, 5.2990e+01, 1.6668e+00, 
 2DIAGNOSTIC,    27, -4.895939864589e-01, 1.149136413491e-06, 5.4474e+01, 1.4838e+00, 
 2DIAGNOSTIC,    28, -4.895938972709e-01, 1.105710077484e-06, 5.6044e+01, 1.5705e+00, 
 2DIAGNOSTIC,    29, -4.895938080045e-01, 1.065620122698e-06, 5.7554e+01, 1.5101e+00, 
 2DIAGNOSTIC,    30, -4.895937188012e-01, 1.029287584838e-06, 5.9119e+01, 1.5641e+00, 
  Elapsed time (stage 0): 5.9963e+01


Total elapsed time: 5.9966e+01
Info [verificarlo]: loaded backend libinterflop_ieee.so
Info [interflop-ieee]: load backend with:
Info [interflop-ieee]: debug = false
Info [interflop-ieee]: debug-binary = false
Info [interflop-ieee]: no-backend-name = false
Info [interflop-ieee]: print-new-line = false
Info [interflop-ieee]: print-subnormal-normalized = false
Info [interflop-ieee]: count-op = false
All_Command_lines_OK
Using double precision for computations.
=============================================================================
The composite transform comprises the following transforms (in order): 
  1. /home/mdugre/scratch/mri-registration-rp/datasets/ds004513/derivatives/mri-registration-rp/0001/antsRegistration-r8-p20/sub-s025/rigid_Composite.h5[0] (type = Euler3DTransform)
  2. /home/mdugre/scratch/mri-registration-rp/datasets/ds004513/derivatives/mri-registration-rp/0001/antsRegistration-r8-p20/sub-s025/rigid_Composite.h5[1] (type = Euler3DTransform)
  3. /home/mdugre/scratch/mri-registration-rp/datasets/ds004513/derivatives/mri-registration-rp/0001/antsRegistration-r8-p20/sub-s025/rigid_Composite.h5[2] (type = Euler3DTransform)
=============================================================================
  number of levels = 4
  fixed image: /templateflow/tpl-MNI152NLin2009cAsym/tpl-MNI152NLin2009cAsym_res-01_desc-brain_T1w.nii.gz
  moving image: /home/mdugre/scratch/mri-registration-rp/datasets/ds004513/derivatives/mri-registration-rp/antsBrainExtraction/sub-s025/BrainExtractionBrain.nii.gz
Dimension = 3
Number of stages = 1
Use histogram matching = false
Winsorize image intensities = true
  Lower quantile = 0.005
  Upper quantile = 0.995


Stage 1 State
   Image metric = MattesMI
     Fixed image = Image (0x40587e0)
  RTTI typeinfo:   itk::Image<double, 3u>
  Reference Count: 2
  Modified Time: 1594
  Debug: Off
  Object Name: 
  Observers: 
    none
  Source: (none)
  Source output name: (none)
  Release Data: Off
  Data Released: False
  Global Release Data: Off
  PipelineMTime: 0
  UpdateMTime: 1203
  RealTimeStamp: 0 seconds 
  LargestPossibleRegion: 
    Dimension: 3
    Index: [0, 0, 0]
    Size: [193, 229, 193]
  BufferedRegion: 
    Dimension: 3
    Index: [0, 0, 0]
    Size: [193, 229, 193]
  RequestedRegion: 
    Dimension: 3
    Index: [0, 0, 0]
    Size: [193, 229, 193]
  Spacing: [1, 1, 1]
  Origin: [96, 132, -78]
  Direction: 
-1 0 0
0 -1 0
0 0 1

  IndexToPointMatrix: 
-1 0 0
0 -1 0
0 0 1

  PointToIndexMatrix: 
-1 0 0
0 -1 0
0 0 1

  Inverse Direction: 
-1 0 0
0 -1 0
0 0 1

  PixelContainer: 
    ImportImageContainer (0x4118a20)
      RTTI typeinfo:   itk::ImportImageContainer<unsigned long, double>
      Reference Count: 1
      Modified Time: 1200
      Debug: Off
      Object Name: 
      Observers: 
        none
      Pointer: 0x1535770dc010
      Container manages memory: true
      Size: 8530021
      Capacity: 8530021

     Moving image = Image (0x4113d70)
  RTTI typeinfo:   itk::Image<double, 3u>
  Reference Count: 2
  Modified Time: 1595
  Debug: Off
  Object Name: 
  Observers: 
    none
  Source: (none)
  Source output name: (none)
  Release Data: Off
  Data Released: False
  Global Release Data: Off
  PipelineMTime: 0
  UpdateMTime: 1592
  RealTimeStamp: 0 seconds 
  LargestPossibleRegion: 
    Dimension: 3
    Index: [0, 0, 0]
    Size: [176, 240, 256]
  BufferedRegion: 
    Dimension: 3
    Index: [0, 0, 0]
    Size: [176, 240, 256]
  RequestedRegion: 
    Dimension: 3
    Index: [0, 0, 0]
    Size: [176, 240, 256]
  Spacing: [0.999999, 1, 1]
  Origin: [90.3778, 84.5091, -154.071]
  Direction: 
-0.999391 7.48184e-06 -0.0348969
-7.47664e-06 -1 -2.7953e-07
-0.0348969 -1.84481e-08 0.999391

  IndexToPointMatrix: 
-0.99939 7.48184e-06 -0.0348969
-7.47663e-06 -1 -2.7953e-07
-0.0348968 -1.84481e-08 0.999391

  PointToIndexMatrix: 
-0.999392 -7.47665e-06 -0.0348969
7.48184e-06 -1 -1.84481e-08
-0.0348969 -2.7953e-07 0.999391

  Inverse Direction: 
-0.999391 -7.47664e-06 -0.0348969
7.48184e-06 -1 -1.84481e-08
-0.0348969 -2.7953e-07 0.999391

  PixelContainer: 
    ImportImageContainer (0x40cbc90)
      RTTI typeinfo:   itk::ImportImageContainer<unsigned long, double>
      Reference Count: 1
      Modified Time: 1589
      Debug: Off
      Object Name: 
      Observers: 
        none
      Pointer: 0x153571e5b010
      Container manages memory: true
      Size: 10813440
      Capacity: 10813440

     Weighting = 1
     Sampling strategy = regular
     Number of bins = 32
     Radius = 4
     Sampling percentage  = 0.25
   Transform = Affine
     Gradient step = 0.1
     Update field sigma (voxel space) = 0
     Total field sigma (voxel space) = 0
     Update field time sigma = 0
     Total field time sigma  = 0
     Number of time indices = 0
     Number of time point samples = 0
Registration using 1 total stages.

Stage 0
  iterations = 1000x500x250x100
  convergence threshold = 1e-06
  convergence window size = 10
  number of levels = 4
  using the Mattes MI metric (number of bins = 32, weight = 1, use gradient filter = 0)
  preprocessing:  winsorizing the image intensities
  Shrink factors (level 1 out of 4): [8, 8, 8]
  Shrink factors (level 2 out of 4): [4, 4, 4]
  Shrink factors (level 3 out of 4): [2, 2, 2]
  Shrink factors (level 4 out of 4): [1, 1, 1]
  smoothing sigmas per level: [3, 2, 1, 0]
  regular sampling (percentage = 0.25)

*** Running AffineTransform registration ***

DIAGNOSTIC,Iteration,metricValue,convergenceValue,ITERATION_TIME_INDEX,SINCE_LAST
 2DIAGNOSTIC,     1, -7.484227570377e-01, 1.797693134862e+308, 8.4193e-01, 8.4193e-01, 
 2DIAGNOSTIC,     2, -7.506776379526e-01, 1.797693134862e+308, 8.4695e-01, 5.0211e-03, 
 2DIAGNOSTIC,     3, -7.541985301378e-01, 1.797693134862e+308, 8.5268e-01, 5.7340e-03, 
 2DIAGNOSTIC,     4, -7.609957841114e-01, 1.797693134862e+308, 8.5832e-01, 5.6410e-03, 
 2DIAGNOSTIC,     5, -7.729733643570e-01, 1.797693134862e+308, 8.6325e-01, 4.9260e-03, 
 2DIAGNOSTIC,     6, -7.879432089100e-01, 1.797693134862e+308, 8.7025e-01, 7.0040e-03, 
 2DIAGNOSTIC,     7, -8.242146160914e-01, 1.797693134862e+308, 8.7778e-01, 7.5300e-03, 
 2DIAGNOSTIC,     8, -8.844905628612e-01, 1.797693134862e+308, 8.8536e-01, 7.5741e-03, 
 2DIAGNOSTIC,     9, -9.167840828080e-01, 1.797693134862e+308, 8.9075e-01, 5.3968e-03, 
 2DIAGNOSTIC,    10, -9.247318438813e-01, 1.556442735849e-02, 8.9811e-01, 7.3590e-03, 
 2DIAGNOSTIC,    11, -9.316328057664e-01, 1.561037568153e-02, 9.0613e-01, 8.0142e-03, 
 2DIAGNOSTIC,    12, -9.342559188409e-01, 1.439016737163e-02, 9.1221e-01, 6.0802e-03, 
 2DIAGNOSTIC,    13, -9.371874830142e-01, 1.223171774853e-02, 9.1941e-01, 7.1971e-03, 
 2DIAGNOSTIC,    14, -9.381742651541e-01, 9.490697906303e-03, 9.2902e-01, 9.6171e-03, 
 2DIAGNOSTIC,    15, -9.382780437132e-01, 6.576197163856e-03, 9.3552e-01, 6.4979e-03, 
 2DIAGNOSTIC,    16, -9.387047917652e-01, 3.781167938007e-03, 9.4201e-01, 6.4890e-03, 
 2DIAGNOSTIC,    17, -9.387410541020e-01, 1.675446855429e-03, 9.4840e-01, 6.3870e-03, 
 2DIAGNOSTIC,    18, -9.386417928046e-01, 7.497166527700e-04, 9.5589e-01, 7.4890e-03, 
 2DIAGNOSTIC,    19, -9.382724539408e-01, 4.057926943400e-04, 9.6294e-01, 7.0572e-03, 
 2DIAGNOSTIC,    20, -9.384742746303e-01, 1.918482579728e-04, 9.7129e-01, 8.3489e-03, 
 2DIAGNOSTIC,    21, -9.385592819757e-01, 8.905874504946e-05, 9.7805e-01, 6.7539e-03, 
 2DIAGNOSTIC,    22, -9.386547373577e-01, 2.681846142173e-05, 9.8471e-01, 6.6669e-03, 
 2DIAGNOSTIC,    23, -9.386866591179e-01, 9.216369236453e-06, 9.9019e-01, 5.4760e-03, 
 2DIAGNOSTIC,    24, -9.385669948096e-01, 4.177820618262e-06, 9.9545e-01, 5.2569e-03, 
 2DIAGNOSTIC,    25, -9.386236372416e-01, 1.227172272404e-06, 1.0022e+00, 6.7120e-03, 
 2DIAGNOSTIC,    26, -9.385001467222e-01, 2.089457215339e-06, 1.0081e+00, 5.9090e-03, 
DIAGNOSTIC,Iteration,metricValue,convergenceValue,ITERATION_TIME_INDEX,SINCE_LAST
 2DIAGNOSTIC,     1, -7.509192045911e-01, 1.797693134862e+308, 1.8568e+00, 8.4876e-01, 
 2DIAGNOSTIC,     2, -7.512334839590e-01, 1.797693134862e+308, 1.8912e+00, 3.4331e-02, 
 2DIAGNOSTIC,     3, -7.516205855370e-01, 1.797693134862e+308, 1.9239e+00, 3.2714e-02, 
 2DIAGNOSTIC,     4, -7.521676442489e-01, 1.797693134862e+308, 1.9591e+00, 3.5241e-02, 
 2DIAGNOSTIC,     5, -7.531284594551e-01, 1.797693134862e+308, 1.9959e+00, 3.6828e-02, 
 2DIAGNOSTIC,     6, -7.540861238952e-01, 1.797693134862e+308, 2.0507e+00, 5.4777e-02, 
 2DIAGNOSTIC,     7, -7.541149045027e-01, 1.797693134862e+308, 2.0828e+00, 3.2063e-02, 
 2DIAGNOSTIC,     8, -7.541192400869e-01, 1.797693134862e+308, 2.1214e+00, 3.8581e-02, 
 2DIAGNOSTIC,     9, -7.541651459292e-01, 1.797693134862e+308, 2.1666e+00, 4.5209e-02, 
 2DIAGNOSTIC,    10, -7.541478552745e-01, 3.282217434121e-04, 2.2061e+00, 3.9520e-02, 
 2DIAGNOSTIC,    11, -7.541423055922e-01, 2.425915474478e-04, 2.2425e+00, 3.6368e-02, 
 2DIAGNOSTIC,    12, -7.541226266142e-01, 1.592705434670e-04, 2.2751e+00, 3.2670e-02, 
 2DIAGNOSTIC,    13, -7.541071151188e-01, 8.575911419220e-05, 2.3139e+00, 3.8758e-02, 
 2DIAGNOSTIC,    14, -7.541000825048e-01, 2.931243129525e-05, 2.3494e+00, 3.5467e-02, 
 2DIAGNOSTIC,    15, -7.541110153839e-01, 1.686935514361e-06, 2.3887e+00, 3.9317e-02, 
DIAGNOSTIC,Iteration,metricValue,convergenceValue,ITERATION_TIME_INDEX,SINCE_LAST
 2DIAGNOSTIC,     1, -6.418470193156e-01, 1.797693134862e+308, 3.5091e+00, 1.1204e+00, 
 2DIAGNOSTIC,     2, -6.422490251176e-01, 1.797693134862e+308, 3.7949e+00, 2.8583e-01, 
 2DIAGNOSTIC,     3, -6.426619594870e-01, 1.797693134862e+308, 4.0920e+00, 2.9715e-01, 
 2DIAGNOSTIC,     4, -6.431226761507e-01, 1.797693134862e+308, 4.3815e+00, 2.8951e-01, 
 2DIAGNOSTIC,     5, -6.440347961092e-01, 1.797693134862e+308, 4.6616e+00, 2.8008e-01, 
 2DIAGNOSTIC,     6, -6.449144132608e-01, 1.797693134862e+308, 5.2507e+00, 5.8912e-01, 
 2DIAGNOSTIC,     7, -6.449093611688e-01, 1.797693134862e+308, 5.5571e+00, 3.0630e-01, 
 2DIAGNOSTIC,     8, -6.449091527910e-01, 1.797693134862e+308, 5.8799e+00, 3.2284e-01, 
 2DIAGNOSTIC,     9, -6.449071696645e-01, 1.797693134862e+308, 6.1992e+00, 3.1931e-01, 
 2DIAGNOSTIC,    10, -6.448999658494e-01, 3.533365988728e-04, 6.5640e+00, 3.6476e-01, 
 2DIAGNOSTIC,    11, -6.448987844687e-01, 2.542761182341e-04, 6.8538e+00, 2.8980e-01, 
 2DIAGNOSTIC,    12, -6.449002406385e-01, 1.642430392098e-04, 7.1366e+00, 2.8281e-01, 
 2DIAGNOSTIC,    13, -6.448984521021e-01, 8.785270764147e-05, 7.4300e+00, 2.9345e-01, 
 2DIAGNOSTIC,    14, -6.448980810407e-01, 2.865056987675e-05, 7.6880e+00, 2.5802e-01, 
 2DIAGNOSTIC,    15, -6.448984205552e-01, 1.040894309287e-06, 7.9846e+00, 2.9661e-01, 
 2DIAGNOSTIC,    16, -6.448981230377e-01, 1.232977480101e-06, 8.2687e+00, 2.8410e-01, 
 2DIAGNOSTIC,    17, -6.448992388146e-01, 1.366307564726e-06, 8.5626e+00, 2.9383e-01, 
 2DIAGNOSTIC,    18, -6.448970980834e-01, 1.472746849612e-06, 8.8198e+00, 2.5727e-01, 
 2DIAGNOSTIC,    19, -6.448997225682e-01, 1.617202937100e-06, 9.1136e+00, 2.9380e-01, 
 2DIAGNOSTIC,    20, -6.449004969311e-01, 1.609438510741e-06, 9.4573e+00, 3.4365e-01, 
 2DIAGNOSTIC,    21, -6.448980662548e-01, 1.522910758743e-06, 9.8084e+00, 3.5106e-01, 
 2DIAGNOSTIC,    22, -6.448968691661e-01, 1.452093399530e-06, 1.0091e+01, 2.8235e-01, 
 2DIAGNOSTIC,    23, -6.448944030205e-01, 1.306328461501e-06, 1.0386e+01, 2.9496e-01, 
 2DIAGNOSTIC,    24, -6.448936334739e-01, 1.158716545796e-06, 1.0684e+01, 2.9817e-01, 
 2DIAGNOSTIC,    25, -6.448933093836e-01, 1.037979689048e-06, 1.1055e+01, 3.7118e-01, 
DIAGNOSTIC,Iteration,metricValue,convergenceValue,ITERATION_TIME_INDEX,SINCE_LAST
 2DIAGNOSTIC,     1, -5.762847469594e-01, 1.797693134862e+308, 1.3940e+01, 2.8846e+00, 
 2DIAGNOSTIC,     2, -5.767443130863e-01, 1.797693134862e+308, 1.5625e+01, 1.6859e+00, 
 2DIAGNOSTIC,     3, -5.772439686010e-01, 1.797693134862e+308, 1.7253e+01, 1.6278e+00, 
 2DIAGNOSTIC,     4, -5.777462791760e-01, 1.797693134862e+308, 1.8871e+01, 1.6181e+00, 
 2DIAGNOSTIC,     5, -5.787160287814e-01, 1.797693134862e+308, 2.0711e+01, 1.8400e+00, 
 2DIAGNOSTIC,     6, -5.797909102422e-01, 1.797693134862e+308, 2.2636e+01, 1.9242e+00, 
 2DIAGNOSTIC,     7, -5.799283569108e-01, 1.797693134862e+308, 2.6914e+01, 4.2783e+00, 
 2DIAGNOSTIC,     8, -5.799283446366e-01, 1.797693134862e+308, 2.8758e+01, 1.8443e+00, 
 2DIAGNOSTIC,     9, -5.799283270573e-01, 1.797693134862e+308, 3.0538e+01, 1.7799e+00, 
 2DIAGNOSTIC,    10, -5.799280834121e-01, 4.700977503110e-04, 3.2399e+01, 1.8607e+00, 
 2DIAGNOSTIC,    11, -5.799278797308e-01, 3.443824353440e-04, 3.4219e+01, 1.8202e+00, 
 2DIAGNOSTIC,    12, -5.799275249327e-01, 2.278832823125e-04, 3.5996e+01, 1.7764e+00, 
 2DIAGNOSTIC,    13, -5.799277286497e-01, 1.284218414336e-04, 3.8138e+01, 2.1423e+00, 
 2DIAGNOSTIC,    14, -5.799276651329e-01, 4.891894281392e-05, 3.9865e+01, 1.7275e+00, 
 2DIAGNOSTIC,    15, -5.799276182588e-01, 6.549788952995e-06, 4.1609e+01, 1.7438e+00, 
 2DIAGNOSTIC,    16, -5.799273138635e-01, 1.918326540312e-06, 4.3513e+01, 1.9039e+00, 
 2DIAGNOSTIC,    17, -5.799271211188e-01, 1.801435090952e-06, 4.5485e+01, 1.9722e+00, 
 2DIAGNOSTIC,    18, -5.799270296329e-01, 1.701211874892e-06, 4.7209e+01, 1.7234e+00, 
 2DIAGNOSTIC,    19, -5.799269224550e-01, 1.614509701105e-06, 4.8808e+01, 1.5996e+00, 
 2DIAGNOSTIC,    20, -5.799268454769e-01, 1.534497663366e-06, 5.0465e+01, 1.6571e+00, 
 2DIAGNOSTIC,    21, -5.799269703980e-01, 1.466055160049e-06, 5.2035e+01, 1.5701e+00, 
 2DIAGNOSTIC,    22, -5.799270306697e-01, 1.401773877918e-06, 5.3803e+01, 1.7674e+00, 
 2DIAGNOSTIC,    23, -5.799272167734e-01, 1.355615489119e-06, 5.5658e+01, 1.8548e+00, 
 2DIAGNOSTIC,    24, -5.799272876519e-01, 1.316040835579e-06, 5.7344e+01, 1.6862e+00, 
 2DIAGNOSTIC,    25, -5.799272500278e-01, 1.279117863906e-06, 5.9322e+01, 1.9786e+00, 
 2DIAGNOSTIC,    26, -5.799272045013e-01, 1.238017272885e-06, 6.1075e+01, 1.7522e+00, 
 2DIAGNOSTIC,    27, -5.799269802555e-01, 1.191115214010e-06, 6.2719e+01, 1.6439e+00, 
 2DIAGNOSTIC,    28, -5.799269604119e-01, 1.144586731033e-06, 6.4638e+01, 1.9195e+00, 
 2DIAGNOSTIC,    29, -5.799269654494e-01, 1.098825015679e-06, 6.6588e+01, 1.9502e+00, 
 2DIAGNOSTIC,    30, -5.799270002462e-01, 1.055270292469e-06, 6.8499e+01, 1.9106e+00, 
 2DIAGNOSTIC,    31, -5.799269234750e-01, 1.015877914831e-06, 7.0417e+01, 1.9184e+00, 
  Elapsed time (stage 0): 7.1471e+01


Total elapsed time: 7.1474e+01
Info [verificarlo]: loaded backend libinterflop_vprec.so
Info [interflop-vprec]: load backend with: 
Info [interflop-vprec]: precision-binary32 = 20
Info [interflop-vprec]: range-binary32 = 8
Info [interflop-vprec]: precision-binary64 = 20
Info [interflop-vprec]: range-binary64 = 8
