
##########################
# Experiment information #
##########################

EXPERIMENT_NAME: antsRegistration-r8-p22
VFC_BACKENDS: libinterflop_vprec.so --range-binary32=8 --precision-binary32=22 --range-binary64=8 --precision-binary64=22

SIF_IMG: /home/mdugre/projects/rrg-glatard/mdugre/containers/ants-vprec-no_metrics.simg

SUBJECT_ID: s017
INPUT_IMG: /home/mdugre/scratch/mri-registration-rp/datasets/ds004513/derivatives/mri-registration-rp/antsBrainExtraction/sub-s017/BrainExtractionBrain.nii.gz
OUTPUT_DIR: /home/mdugre/scratch/mri-registration-rp/datasets/ds004513/derivatives/mri-registration-rp/0001/antsRegistration-r8-p22/sub-s017

FIXED_IMG: /templateflow/tpl-MNI152NLin2009cAsym/tpl-MNI152NLin2009cAsym_res-01_desc-brain_T1w.nii.gz
DATA_DIR: /home/mdugre/scratch/mri-registration-rp/datasets/ds004513
TEMPLATEFLOW_DIR: /home/mdugre/projects/rrg-glatard/mdugre/templateflow
ITK_GLOBAL_DEFAULT_NUMBER_OF_THREADS: 16
##########################

Info [verificarlo]: loaded backend libinterflop_ieee.so
Info [interflop-ieee]: load backend with:
Info [interflop-ieee]: debug = false
Info [interflop-ieee]: debug-binary = false
Info [interflop-ieee]: no-backend-name = false
Info [interflop-ieee]: print-new-line = false
Info [interflop-ieee]: print-subnormal-normalized = false
Info [interflop-ieee]: count-op = false
All_Command_lines_OK
Using double precision for computations.
=============================================================================
The composite transform comprises the following transforms (in order): 
  1. Center of mass alignment using fixed image: /templateflow/tpl-MNI152NLin2009cAsym/tpl-MNI152NLin2009cAsym_res-01_desc-brain_T1w.nii.gz and moving image: /home/mdugre/scratch/mri-registration-rp/datasets/ds004513/derivatives/mri-registration-rp/antsBrainExtraction/sub-s017/BrainExtractionBrain.nii.gz (type = Euler3DTransform)
=============================================================================
  number of levels = 1
  fixed image: /templateflow/tpl-MNI152NLin2009cAsym/tpl-MNI152NLin2009cAsym_res-01_desc-brain_T1w.nii.gz
  moving image: /home/mdugre/scratch/mri-registration-rp/datasets/ds004513/derivatives/mri-registration-rp/antsBrainExtraction/sub-s017/BrainExtractionBrain.nii.gz
Dimension = 3
Number of stages = 1
Use histogram matching = false
Winsorize image intensities = true
  Lower quantile = 0.005
  Upper quantile = 0.995


Stage 1 State
   Image metric = MattesMI
     Fixed image = Image (0x3c66e70)
  RTTI typeinfo:   itk::Image<double, 3u>
  Reference Count: 2
  Modified Time: 2334
  Debug: Off
  Object Name: 
  Observers: 
    none
  Source: (none)
  Source output name: (none)
  Release Data: Off
  Data Released: False
  Global Release Data: Off
  PipelineMTime: 0
  UpdateMTime: 1943
  RealTimeStamp: 0 seconds 
  LargestPossibleRegion: 
    Dimension: 3
    Index: [0, 0, 0]
    Size: [193, 229, 193]
  BufferedRegion: 
    Dimension: 3
    Index: [0, 0, 0]
    Size: [193, 229, 193]
  RequestedRegion: 
    Dimension: 3
    Index: [0, 0, 0]
    Size: [193, 229, 193]
  Spacing: [1, 1, 1]
  Origin: [96, 132, -78]
  Direction: 
-1 0 0
0 -1 0
0 0 1

  IndexToPointMatrix: 
-1 0 0
0 -1 0
0 0 1

  PointToIndexMatrix: 
-1 0 0
0 -1 0
0 0 1

  Inverse Direction: 
-1 0 0
0 -1 0
0 0 1

  PixelContainer: 
    ImportImageContainer (0x3c6fc60)
      RTTI typeinfo:   itk::ImportImageContainer<unsigned long, double>
      Reference Count: 1
      Modified Time: 1940
      Debug: Off
      Object Name: 
      Observers: 
        none
      Pointer: 0x1490594fc010
      Container manages memory: true
      Size: 8530021
      Capacity: 8530021

     Moving image = Image (0x3c72610)
  RTTI typeinfo:   itk::Image<double, 3u>
  Reference Count: 2
  Modified Time: 2335
  Debug: Off
  Object Name: 
  Observers: 
    none
  Source: (none)
  Source output name: (none)
  Release Data: Off
  Data Released: False
  Global Release Data: Off
  PipelineMTime: 0
  UpdateMTime: 2332
  RealTimeStamp: 0 seconds 
  LargestPossibleRegion: 
    Dimension: 3
    Index: [0, 0, 0]
    Size: [160, 240, 256]
  BufferedRegion: 
    Dimension: 3
    Index: [0, 0, 0]
    Size: [160, 240, 256]
  RequestedRegion: 
    Dimension: 3
    Index: [0, 0, 0]
    Size: [160, 240, 256]
  Spacing: [1, 1, 1]
  Origin: [91.3357, 102.231, -120.042]
  Direction: 
-0.997442 -5.36781e-05 -0.0714818
5.35416e-05 -1 3.82465e-06
-0.0714818 -1.23894e-08 0.997442

  IndexToPointMatrix: 
-0.997444 -5.36781e-05 -0.0714818
5.35418e-05 -1 3.82465e-06
-0.0714819 -1.23894e-08 0.997442

  PointToIndexMatrix: 
-0.99744 5.35415e-05 -0.0714816
-5.36781e-05 -1 -1.23894e-08
-0.0714818 3.82465e-06 0.997442

  Inverse Direction: 
-0.997442 5.35416e-05 -0.0714818
-5.36781e-05 -1 -1.23894e-08
-0.0714818 3.82465e-06 0.997442

  PixelContainer: 
    ImportImageContainer (0x3d0bef0)
      RTTI typeinfo:   itk::ImportImageContainer<unsigned long, double>
      Reference Count: 1
      Modified Time: 2329
      Debug: Off
      Object Name: 
      Observers: 
        none
      Pointer: 0x1490549fb010
      Container manages memory: true
      Size: 9830400
      Capacity: 9830400

     Weighting = 1
     Sampling strategy = regular
     Number of bins = 32
     Radius = 4
     Sampling percentage  = 0.25
   Transform = Rigid
     Gradient step = 0.1
     Update field sigma (voxel space) = 0
     Total field sigma (voxel space) = 0
     Update field time sigma = 0
     Total field time sigma  = 0
     Number of time indices = 0
     Number of time point samples = 0
Registration using 1 total stages.

Stage 0
  iterations = 0
  convergence threshold = 1e-06
  convergence window size = 10
  number of levels = 1
  using the Mattes MI metric (number of bins = 32, weight = 1, use gradient filter = 0)
  preprocessing:  winsorizing the image intensities
  Shrink factors (level 1 out of 1): [1, 1, 1]
  smoothing sigmas per level: [0]
  regular sampling (percentage = 0.25)

*** Running Euler3DTransform registration ***

  Elapsed time (stage 0): 1.12634


Total elapsed time: 1.12845
Info [verificarlo]: loaded backend libinterflop_ieee.so
Info [interflop-ieee]: load backend with:
Info [interflop-ieee]: debug = false
Info [interflop-ieee]: debug-binary = false
Info [interflop-ieee]: no-backend-name = false
Info [interflop-ieee]: print-new-line = false
Info [interflop-ieee]: print-subnormal-normalized = false
Info [interflop-ieee]: count-op = false
All_Command_lines_OK
Using double precision for computations.
=============================================================================
The composite transform comprises the following transforms (in order): 
  1. /home/mdugre/scratch/mri-registration-rp/datasets/ds004513/derivatives/mri-registration-rp/0001/antsRegistration-r8-p22/sub-s017/align_Composite.h5[0] (type = Euler3DTransform)
  2. /home/mdugre/scratch/mri-registration-rp/datasets/ds004513/derivatives/mri-registration-rp/0001/antsRegistration-r8-p22/sub-s017/align_Composite.h5[1] (type = Euler3DTransform)
=============================================================================
  number of levels = 4
  fixed image: /templateflow/tpl-MNI152NLin2009cAsym/tpl-MNI152NLin2009cAsym_res-01_desc-brain_T1w.nii.gz
  moving image: /home/mdugre/scratch/mri-registration-rp/datasets/ds004513/derivatives/mri-registration-rp/antsBrainExtraction/sub-s017/BrainExtractionBrain.nii.gz
Dimension = 3
Number of stages = 1
Use histogram matching = false
Winsorize image intensities = true
  Lower quantile = 0.005
  Upper quantile = 0.995


Stage 1 State
   Image metric = MattesMI
     Fixed image = Image (0x503e530)
  RTTI typeinfo:   itk::Image<double, 3u>
  Reference Count: 2
  Modified Time: 1580
  Debug: Off
  Object Name: 
  Observers: 
    none
  Source: (none)
  Source output name: (none)
  Release Data: Off
  Data Released: False
  Global Release Data: Off
  PipelineMTime: 0
  UpdateMTime: 1189
  RealTimeStamp: 0 seconds 
  LargestPossibleRegion: 
    Dimension: 3
    Index: [0, 0, 0]
    Size: [193, 229, 193]
  BufferedRegion: 
    Dimension: 3
    Index: [0, 0, 0]
    Size: [193, 229, 193]
  RequestedRegion: 
    Dimension: 3
    Index: [0, 0, 0]
    Size: [193, 229, 193]
  Spacing: [1, 1, 1]
  Origin: [96, 132, -78]
  Direction: 
-1 0 0
0 -1 0
0 0 1

  IndexToPointMatrix: 
-1 0 0
0 -1 0
0 0 1

  PointToIndexMatrix: 
-1 0 0
0 -1 0
0 0 1

  Inverse Direction: 
-1 0 0
0 -1 0
0 0 1

  PixelContainer: 
    ImportImageContainer (0x50fcd60)
      RTTI typeinfo:   itk::ImportImageContainer<unsigned long, double>
      Reference Count: 1
      Modified Time: 1186
      Debug: Off
      Object Name: 
      Observers: 
        none
      Pointer: 0x14ac88218010
      Container manages memory: true
      Size: 8530021
      Capacity: 8530021

     Moving image = Image (0x50eef60)
  RTTI typeinfo:   itk::Image<double, 3u>
  Reference Count: 2
  Modified Time: 1581
  Debug: Off
  Object Name: 
  Observers: 
    none
  Source: (none)
  Source output name: (none)
  Release Data: Off
  Data Released: False
  Global Release Data: Off
  PipelineMTime: 0
  UpdateMTime: 1578
  RealTimeStamp: 0 seconds 
  LargestPossibleRegion: 
    Dimension: 3
    Index: [0, 0, 0]
    Size: [160, 240, 256]
  BufferedRegion: 
    Dimension: 3
    Index: [0, 0, 0]
    Size: [160, 240, 256]
  RequestedRegion: 
    Dimension: 3
    Index: [0, 0, 0]
    Size: [160, 240, 256]
  Spacing: [1, 1, 1]
  Origin: [91.3357, 102.231, -120.042]
  Direction: 
-0.997442 -5.36781e-05 -0.0714818
5.35416e-05 -1 3.82465e-06
-0.0714818 -1.23894e-08 0.997442

  IndexToPointMatrix: 
-0.997444 -5.36781e-05 -0.0714818
5.35418e-05 -1 3.82465e-06
-0.0714819 -1.23894e-08 0.997442

  PointToIndexMatrix: 
-0.99744 5.35415e-05 -0.0714816
-5.36781e-05 -1 -1.23894e-08
-0.0714818 3.82465e-06 0.997442

  Inverse Direction: 
-0.997442 5.35416e-05 -0.0714818
-5.36781e-05 -1 -1.23894e-08
-0.0714818 3.82465e-06 0.997442

  PixelContainer: 
    ImportImageContainer (0x50e06d0)
      RTTI typeinfo:   itk::ImportImageContainer<unsigned long, double>
      Reference Count: 1
      Modified Time: 1575
      Debug: Off
      Object Name: 
      Observers: 
        none
      Pointer: 0x14ac83717010
      Container manages memory: true
      Size: 9830400
      Capacity: 9830400

     Weighting = 1
     Sampling strategy = regular
     Number of bins = 32
     Radius = 4
     Sampling percentage  = 0.25
   Transform = Rigid
     Gradient step = 0.1
     Update field sigma (voxel space) = 0
     Total field sigma (voxel space) = 0
     Update field time sigma = 0
     Total field time sigma  = 0
     Number of time indices = 0
     Number of time point samples = 0
Registration using 1 total stages.

Stage 0
  iterations = 1000x500x250x100
  convergence threshold = 1e-06
  convergence window size = 10
  number of levels = 4
  using the Mattes MI metric (number of bins = 32, weight = 1, use gradient filter = 0)
  preprocessing:  winsorizing the image intensities
  Shrink factors (level 1 out of 4): [8, 8, 8]
  Shrink factors (level 2 out of 4): [4, 4, 4]
  Shrink factors (level 3 out of 4): [2, 2, 2]
  Shrink factors (level 4 out of 4): [1, 1, 1]
  smoothing sigmas per level: [3, 2, 1, 0]
  regular sampling (percentage = 0.25)

*** Running Euler3DTransform registration ***

DIAGNOSTIC,Iteration,metricValue,convergenceValue,ITERATION_TIME_INDEX,SINCE_LAST
 2DIAGNOSTIC,     1, -5.567767283252e-01, 1.797693134862e+308, 8.2271e-01, 8.2271e-01, 
 2DIAGNOSTIC,     2, -5.584239703569e-01, 1.797693134862e+308, 8.2744e-01, 4.7271e-03, 
 2DIAGNOSTIC,     3, -5.612715515272e-01, 1.797693134862e+308, 8.3180e-01, 4.3650e-03, 
 2DIAGNOSTIC,     4, -5.637780194106e-01, 1.797693134862e+308, 8.3644e-01, 4.6329e-03, 
 2DIAGNOSTIC,     5, -5.658229214212e-01, 1.797693134862e+308, 8.4112e-01, 4.6840e-03, 
 2DIAGNOSTIC,     6, -5.696445468689e-01, 1.797693134862e+308, 8.4551e-01, 4.3888e-03, 
 2DIAGNOSTIC,     7, -5.734118275242e-01, 1.797693134862e+308, 8.4990e-01, 4.3941e-03, 
 2DIAGNOSTIC,     8, -5.754533484979e-01, 1.797693134862e+308, 8.5608e-01, 6.1750e-03, 
 2DIAGNOSTIC,     9, -5.763021950250e-01, 1.797693134862e+308, 8.6077e-01, 4.6890e-03, 
 2DIAGNOSTIC,    10, -5.771142770255e-01, 2.558085388189e-03, 8.6650e-01, 5.7380e-03, 
 2DIAGNOSTIC,    11, -5.785125587612e-01, 2.176117873031e-03, 8.7136e-01, 4.8561e-03, 
 2DIAGNOSTIC,    12, -5.799413348090e-01, 1.786767970983e-03, 8.7650e-01, 5.1401e-03, 
 2DIAGNOSTIC,    13, -5.809477908980e-01, 1.443124036835e-03, 8.8197e-01, 5.4650e-03, 
 2DIAGNOSTIC,    14, -5.814655964876e-01, 1.127354078216e-03, 8.8655e-01, 4.5819e-03, 
 2DIAGNOSTIC,    15, -5.819093877219e-01, 8.331089413526e-04, 8.9187e-01, 5.3201e-03, 
 2DIAGNOSTIC,    16, -5.822326442998e-01, 6.258215683233e-04, 8.9706e-01, 5.1911e-03, 
 2DIAGNOSTIC,    17, -5.825793599843e-01, 5.040365830239e-04, 9.0164e-01, 4.5819e-03, 
 2DIAGNOSTIC,    18, -5.863713925916e-01, 5.095725576647e-04, 9.0623e-01, 4.5850e-03, 
 2DIAGNOSTIC,    19, -5.901617810167e-01, 5.855607354903e-04, 9.1477e-01, 8.5492e-03, 
 2DIAGNOSTIC,    20, -5.906016223816e-01, 6.286272500298e-04, 9.2037e-01, 5.5959e-03, 
 2DIAGNOSTIC,    21, -5.907365705866e-01, 6.467002963821e-04, 9.2541e-01, 5.0421e-03, 
 2DIAGNOSTIC,    22, -5.906256574994e-01, 6.330265936360e-04, 9.3234e-01, 6.9280e-03, 
 2DIAGNOSTIC,    23, -5.906307681710e-01, 5.816453055156e-04, 9.3708e-01, 4.7359e-03, 
 2DIAGNOSTIC,    24, -5.905636622010e-01, 4.878472529200e-04, 9.4150e-01, 4.4250e-03, 
 2DIAGNOSTIC,    25, -5.906024985370e-01, 3.662279783940e-04, 9.4669e-01, 5.1870e-03, 
 2DIAGNOSTIC,    26, -5.906025304324e-01, 2.276984665059e-04, 9.5138e-01, 4.6952e-03, 
 2DIAGNOSTIC,    27, -5.906211320574e-01, 8.394584288687e-05, 9.5621e-01, 4.8289e-03, 
 2DIAGNOSTIC,    28, -5.908796758313e-01, 1.198925031195e-05, 9.6066e-01, 4.4489e-03, 
 2DIAGNOSTIC,    29, -5.911411552395e-01, 1.217108543278e-05, 9.6671e-01, 6.0499e-03, 
 2DIAGNOSTIC,    30, -5.915241330961e-01, 2.456301684434e-05, 9.7366e-01, 6.9520e-03, 
 2DIAGNOSTIC,    31, -5.916229825993e-01, 3.758205306315e-05, 9.7864e-01, 4.9758e-03, 
 2DIAGNOSTIC,    32, -5.916651208817e-01, 4.532975449303e-05, 9.8329e-01, 4.6520e-03, 
 2DIAGNOSTIC,    33, -5.916874987632e-01, 4.885284294820e-05, 9.8770e-01, 4.4069e-03, 
 2DIAGNOSTIC,    34, -5.917053822200e-01, 4.682712858949e-05, 9.9313e-01, 5.4350e-03, 
 2DIAGNOSTIC,    35, -5.917390904868e-01, 4.153275817502e-05, 1.0061e+00, 1.2953e-02, 
 2DIAGNOSTIC,    36, -5.917390912695e-01, 3.272086429512e-05, 1.0107e+00, 4.5981e-03, 
 2DIAGNOSTIC,    37, -5.917391070342e-01, 2.163060314877e-05, 1.0151e+00, 4.4432e-03, 
 2DIAGNOSTIC,    38, -5.917391330930e-01, 1.245673595329e-05, 1.0197e+00, 4.5509e-03, 
 2DIAGNOSTIC,    39, -5.917391754735e-01, 5.801896389216e-06, 1.0242e+00, 4.4830e-03, 
 2DIAGNOSTIC,    40, -5.917392424311e-01, 3.643428650564e-06, 1.0296e+00, 5.4760e-03, 
 2DIAGNOSTIC,    41, -5.917393428829e-01, 2.487109298004e-06, 1.0343e+00, 4.6461e-03, 
 2DIAGNOSTIC,    42, -5.917394845334e-01, 1.715730317122e-06, 1.0392e+00, 4.9620e-03, 
 2DIAGNOSTIC,    43, -5.917396625587e-01, 1.144189314614e-06, 1.0440e+00, 4.7789e-03, 
DIAGNOSTIC,Iteration,metricValue,convergenceValue,ITERATION_TIME_INDEX,SINCE_LAST
 2DIAGNOSTIC,     1, -4.784004501419e-01, 1.797693134862e+308, 1.9337e+00, 8.8972e-01, 
 2DIAGNOSTIC,     2, -4.783999131488e-01, 1.797693134862e+308, 1.9677e+00, 3.3964e-02, 
 2DIAGNOSTIC,     3, -4.784190365425e-01, 1.797693134862e+308, 2.0106e+00, 4.2864e-02, 
 2DIAGNOSTIC,     4, -4.785028756511e-01, 1.797693134862e+308, 2.0454e+00, 3.4867e-02, 
 2DIAGNOSTIC,     5, -4.786647485431e-01, 1.797693134862e+308, 2.0803e+00, 3.4882e-02, 
 2DIAGNOSTIC,     6, -4.788099932960e-01, 1.797693134862e+308, 2.1120e+00, 3.1721e-02, 
 2DIAGNOSTIC,     7, -4.794645847216e-01, 1.797693134862e+308, 2.1434e+00, 3.1392e-02, 
 2DIAGNOSTIC,     8, -4.813619171747e-01, 1.797693134862e+308, 2.1879e+00, 4.4419e-02, 
 2DIAGNOSTIC,     9, -4.817935635327e-01, 1.797693134862e+308, 2.2229e+00, 3.5052e-02, 
 2DIAGNOSTIC,    10, -4.822647496903e-01, 5.583367505056e-04, 2.2551e+00, 3.2196e-02, 
 2DIAGNOSTIC,    11, -4.831344909908e-01, 6.366384575154e-04, 2.2901e+00, 3.4978e-02, 
 2DIAGNOSTIC,    12, -4.835768992568e-01, 6.653898034759e-04, 2.3407e+00, 5.0570e-02, 
 2DIAGNOSTIC,    13, -4.835677565321e-01, 6.290342968878e-04, 2.3797e+00, 3.9050e-02, 
 2DIAGNOSTIC,    14, -4.835733047838e-01, 5.452729207685e-04, 2.4208e+00, 4.1052e-02, 
 2DIAGNOSTIC,    15, -4.835701547248e-01, 4.305772095759e-04, 2.4544e+00, 3.3686e-02, 
 2DIAGNOSTIC,    16, -4.835566913003e-01, 2.956272803869e-04, 2.4882e+00, 3.3794e-02, 
 2DIAGNOSTIC,    17, -4.835523104085e-01, 1.703980274986e-04, 2.5221e+00, 3.3869e-02, 
 2DIAGNOSTIC,    18, -4.835483887831e-01, 1.058854945800e-04, 2.5532e+00, 3.1084e-02, 
 2DIAGNOSTIC,    19, -4.835469915472e-01, 5.203914175651e-05, 2.5836e+00, 3.0421e-02, 
 2DIAGNOSTIC,    20, -4.835401827381e-01, 1.204163310366e-05, 2.6183e+00, 3.4717e-02, 
DIAGNOSTIC,Iteration,metricValue,convergenceValue,ITERATION_TIME_INDEX,SINCE_LAST
 2DIAGNOSTIC,     1, -4.161561167874e-01, 1.797693134862e+308, 3.9227e+00, 1.3044e+00, 
 2DIAGNOSTIC,     2, -4.161756893438e-01, 1.797693134862e+308, 4.3056e+00, 3.8287e-01, 
 2DIAGNOSTIC,     3, -4.161696114507e-01, 1.797693134862e+308, 4.5848e+00, 2.7926e-01, 
 2DIAGNOSTIC,     4, -4.161681503551e-01, 1.797693134862e+308, 5.0161e+00, 4.3131e-01, 
 2DIAGNOSTIC,     5, -4.161678896600e-01, 1.797693134862e+308, 5.3617e+00, 3.4552e-01, 
 2DIAGNOSTIC,     6, -4.161669123583e-01, 1.797693134862e+308, 5.6794e+00, 3.1775e-01, 
 2DIAGNOSTIC,     7, -4.161667485641e-01, 1.797693134862e+308, 6.0139e+00, 3.3449e-01, 
 2DIAGNOSTIC,     8, -4.161656816014e-01, 1.797693134862e+308, 6.2743e+00, 2.6043e-01, 
 2DIAGNOSTIC,     9, -4.161650043536e-01, 1.797693134862e+308, 6.5510e+00, 2.7666e-01, 
 2DIAGNOSTIC,    10, -4.161655463812e-01, 2.943366581964e-06, 6.8778e+00, 3.2678e-01, 
 2DIAGNOSTIC,    11, -4.161636420993e-01, 1.720591489340e-06, 7.1818e+00, 3.0405e-01, 
 2DIAGNOSTIC,    12, -4.161624970808e-01, 1.867462474117e-06, 7.4734e+00, 2.9155e-01, 
 2DIAGNOSTIC,    13, -4.161615819743e-01, 1.698398062661e-06, 7.7247e+00, 2.5135e-01, 
 2DIAGNOSTIC,    14, -4.161624603293e-01, 1.592444847001e-06, 8.0540e+00, 3.2928e-01, 
 2DIAGNOSTIC,    15, -4.161620529812e-01, 1.530180433834e-06, 8.3527e+00, 2.9870e-01, 
 2DIAGNOSTIC,    16, -4.161603835104e-01, 1.417836914444e-06, 8.6070e+00, 2.5433e-01, 
 2DIAGNOSTIC,    17, -4.161625251479e-01, 1.455414113123e-06, 8.9002e+00, 2.9321e-01, 
 2DIAGNOSTIC,    18, -4.161617349624e-01, 1.453854856594e-06, 9.1565e+00, 2.5625e-01, 
 2DIAGNOSTIC,    19, -4.161656140592e-01, 1.594928497779e-06, 9.4489e+00, 2.9237e-01, 
 2DIAGNOSTIC,    20, -4.161678254528e-01, 1.821576320178e-06, 9.8240e+00, 3.7510e-01, 
 2DIAGNOSTIC,    21, -4.161672172258e-01, 1.924327019405e-06, 1.0102e+01, 2.7825e-01, 
 2DIAGNOSTIC,    22, -4.161665846121e-01, 1.927748307387e-06, 1.0366e+01, 2.6398e-01, 
 2DIAGNOSTIC,    23, -4.161660793964e-01, 1.843028032682e-06, 1.0670e+01, 3.0413e-01, 
 2DIAGNOSTIC,    24, -4.161655365531e-01, 1.730448864784e-06, 1.0928e+01, 2.5799e-01, 
 2DIAGNOSTIC,    25, -4.161651834945e-01, 1.568353731184e-06, 1.1180e+01, 2.5191e-01, 
 2DIAGNOSTIC,    26, -4.161660037664e-01, 1.368374529638e-06, 1.1470e+01, 2.9004e-01, 
 2DIAGNOSTIC,    27, -4.161651045495e-01, 1.203105053124e-06, 1.1729e+01, 2.5840e-01, 
 2DIAGNOSTIC,    28, -4.161679884896e-01, 1.097088644438e-06, 1.2041e+01, 3.1198e-01, 
 2DIAGNOSTIC,    29, -4.161710849646e-01, 1.162831223367e-06, 1.2346e+01, 3.0566e-01, 
 2DIAGNOSTIC,    30, -4.161703640304e-01, 1.250475698079e-06, 1.2665e+01, 3.1844e-01, 
 2DIAGNOSTIC,    31, -4.161708142909e-01, 1.313167814126e-06, 1.2977e+01, 3.1203e-01, 
 2DIAGNOSTIC,    32, -4.161710089263e-01, 1.336085270455e-06, 1.3239e+01, 2.6266e-01, 
 2DIAGNOSTIC,    33, -4.161749613446e-01, 1.395595232434e-06, 1.3553e+01, 3.1328e-01, 
 2DIAGNOSTIC,    34, -4.161777487502e-01, 1.452526295877e-06, 1.3824e+01, 2.7133e-01, 
 2DIAGNOSTIC,    35, -4.161792220173e-01, 1.478601710032e-06, 1.4132e+01, 3.0767e-01, 
 2DIAGNOSTIC,    36, -4.161806859643e-01, 1.495439413891e-06, 1.4436e+01, 3.0452e-01, 
 2DIAGNOSTIC,    37, -4.161791778420e-01, 1.407680664853e-06, 1.4709e+01, 2.7242e-01, 
 2DIAGNOSTIC,    38, -4.161838486861e-01, 1.406626870686e-06, 1.5061e+01, 3.5230e-01, 
 2DIAGNOSTIC,    39, -4.161849953094e-01, 1.422742175069e-06, 1.5414e+01, 3.5354e-01, 
 2DIAGNOSTIC,    40, -4.161860914885e-01, 1.386764635368e-06, 1.5864e+01, 4.4933e-01, 
 2DIAGNOSTIC,    41, -4.161854987571e-01, 1.295749578658e-06, 1.6171e+01, 3.0704e-01, 
 2DIAGNOSTIC,    42, -4.161840259983e-01, 1.138573343450e-06, 1.6498e+01, 3.2671e-01, 
 2DIAGNOSTIC,    43, -4.161834049855e-01, 1.004201834992e-06, 1.6738e+01, 2.4082e-01, 
DIAGNOSTIC,Iteration,metricValue,convergenceValue,ITERATION_TIME_INDEX,SINCE_LAST
 2DIAGNOSTIC,     1, -3.834265912321e-01, 1.797693134862e+308, 1.9329e+01, 2.5906e+00, 
 2DIAGNOSTIC,     2, -3.834925053347e-01, 1.797693134862e+308, 2.0952e+01, 1.6231e+00, 
 2DIAGNOSTIC,     3, -3.834978116463e-01, 1.797693134862e+308, 2.2644e+01, 1.6914e+00, 
 2DIAGNOSTIC,     4, -3.835004127717e-01, 1.797693134862e+308, 2.4318e+01, 1.6744e+00, 
 2DIAGNOSTIC,     5, -3.835019582505e-01, 1.797693134862e+308, 2.6007e+01, 1.6892e+00, 
 2DIAGNOSTIC,     6, -3.835049957408e-01, 1.797693134862e+308, 2.7815e+01, 1.8080e+00, 
 2DIAGNOSTIC,     7, -3.835058343714e-01, 1.797693134862e+308, 2.9707e+01, 1.8914e+00, 
 2DIAGNOSTIC,     8, -3.835066498248e-01, 1.797693134862e+308, 3.1808e+01, 2.1014e+00, 
 2DIAGNOSTIC,     9, -3.835062955316e-01, 1.797693134862e+308, 3.3544e+01, 1.7364e+00, 
 2DIAGNOSTIC,    10, -3.835063108990e-01, 1.066660764761e-05, 3.5598e+01, 2.0536e+00, 
 2DIAGNOSTIC,    11, -3.835061571785e-01, 4.747040827258e-06, 3.8136e+01, 2.5383e+00, 
 2DIAGNOSTIC,    12, -3.835060832643e-01, 3.706200758402e-06, 3.9762e+01, 1.6254e+00, 
 2DIAGNOSTIC,    13, -3.835060190715e-01, 3.027826163432e-06, 4.1524e+01, 1.7619e+00, 
 2DIAGNOSTIC,    14, -3.835058638472e-01, 2.523467088303e-06, 4.3304e+01, 1.7805e+00, 
 2DIAGNOSTIC,    15, -3.835058006958e-01, 2.133709292348e-06, 4.5234e+01, 1.9295e+00, 
 2DIAGNOSTIC,    16, -3.835056463965e-01, 1.924177731219e-06, 4.7543e+01, 2.3091e+00, 
 2DIAGNOSTIC,    17, -3.835054775122e-01, 1.773328561348e-06, 4.9338e+01, 1.7956e+00, 
 2DIAGNOSTIC,    18, -3.835053086116e-01, 1.675385378819e-06, 5.0909e+01, 1.5711e+00, 
 2DIAGNOSTIC,    19, -3.835051448138e-01, 1.576051818622e-06, 5.2427e+01, 1.5175e+00, 
 2DIAGNOSTIC,    20, -3.835051658760e-01, 1.497295075238e-06, 5.3953e+01, 1.5260e+00, 
 2DIAGNOSTIC,    21, -3.835053779569e-01, 1.436675314076e-06, 5.5700e+01, 1.7471e+00, 
 2DIAGNOSTIC,    22, -3.835055901408e-01, 1.393331721188e-06, 5.7399e+01, 1.6990e+00, 
 2DIAGNOSTIC,    23, -3.835055251000e-01, 1.354581542379e-06, 5.9116e+01, 1.7169e+00, 
 2DIAGNOSTIC,    24, -3.835054518279e-01, 1.314933130624e-06, 6.0811e+01, 1.6953e+00, 
 2DIAGNOSTIC,    25, -3.835053813419e-01, 1.275595341195e-06, 6.2451e+01, 1.6397e+00, 
 2DIAGNOSTIC,    26, -3.835053141613e-01, 1.232550095515e-06, 6.3948e+01, 1.4971e+00, 
 2DIAGNOSTIC,    27, -3.835053494672e-01, 1.188143194157e-06, 6.5303e+01, 1.3550e+00, 
 2DIAGNOSTIC,    28, -3.835054089350e-01, 1.143229100373e-06, 6.6811e+01, 1.5080e+00, 
 2DIAGNOSTIC,    29, -3.835055814675e-01, 1.101082730694e-06, 6.8239e+01, 1.4284e+00, 
 2DIAGNOSTIC,    30, -3.835053714638e-01, 1.056523029078e-06, 7.0555e+01, 2.3152e+00, 
 2DIAGNOSTIC,    31, -3.835053052285e-01, 1.018740042054e-06, 7.2232e+01, 1.6769e+00, 
  Elapsed time (stage 0): 7.3138e+01


Total elapsed time: 7.3140e+01
Info [verificarlo]: loaded backend libinterflop_ieee.so
Info [interflop-ieee]: load backend with:
Info [interflop-ieee]: debug = false
Info [interflop-ieee]: debug-binary = false
Info [interflop-ieee]: no-backend-name = false
Info [interflop-ieee]: print-new-line = false
Info [interflop-ieee]: print-subnormal-normalized = false
Info [interflop-ieee]: count-op = false
All_Command_lines_OK
Using double precision for computations.
=============================================================================
The composite transform comprises the following transforms (in order): 
  1. /home/mdugre/scratch/mri-registration-rp/datasets/ds004513/derivatives/mri-registration-rp/0001/antsRegistration-r8-p22/sub-s017/rigid_Composite.h5[0] (type = Euler3DTransform)
  2. /home/mdugre/scratch/mri-registration-rp/datasets/ds004513/derivatives/mri-registration-rp/0001/antsRegistration-r8-p22/sub-s017/rigid_Composite.h5[1] (type = Euler3DTransform)
  3. /home/mdugre/scratch/mri-registration-rp/datasets/ds004513/derivatives/mri-registration-rp/0001/antsRegistration-r8-p22/sub-s017/rigid_Composite.h5[2] (type = Euler3DTransform)
=============================================================================
  number of levels = 4
  fixed image: /templateflow/tpl-MNI152NLin2009cAsym/tpl-MNI152NLin2009cAsym_res-01_desc-brain_T1w.nii.gz
  moving image: /home/mdugre/scratch/mri-registration-rp/datasets/ds004513/derivatives/mri-registration-rp/antsBrainExtraction/sub-s017/BrainExtractionBrain.nii.gz
Dimension = 3
Number of stages = 1
Use histogram matching = false
Winsorize image intensities = true
  Lower quantile = 0.005
  Upper quantile = 0.995


Stage 1 State
   Image metric = MattesMI
     Fixed image = Image (0x509e7e0)
  RTTI typeinfo:   itk::Image<double, 3u>
  Reference Count: 2
  Modified Time: 1594
  Debug: Off
  Object Name: 
  Observers: 
    none
  Source: (none)
  Source output name: (none)
  Release Data: Off
  Data Released: False
  Global Release Data: Off
  PipelineMTime: 0
  UpdateMTime: 1203
  RealTimeStamp: 0 seconds 
  LargestPossibleRegion: 
    Dimension: 3
    Index: [0, 0, 0]
    Size: [193, 229, 193]
  BufferedRegion: 
    Dimension: 3
    Index: [0, 0, 0]
    Size: [193, 229, 193]
  RequestedRegion: 
    Dimension: 3
    Index: [0, 0, 0]
    Size: [193, 229, 193]
  Spacing: [1, 1, 1]
  Origin: [96, 132, -78]
  Direction: 
-1 0 0
0 -1 0
0 0 1

  IndexToPointMatrix: 
-1 0 0
0 -1 0
0 0 1

  PointToIndexMatrix: 
-1 0 0
0 -1 0
0 0 1

  Inverse Direction: 
-1 0 0
0 -1 0
0 0 1

  PixelContainer: 
    ImportImageContainer (0x515ea20)
      RTTI typeinfo:   itk::ImportImageContainer<unsigned long, double>
      Reference Count: 1
      Modified Time: 1200
      Debug: Off
      Object Name: 
      Observers: 
        none
      Pointer: 0x152d07ebf010
      Container manages memory: true
      Size: 8530021
      Capacity: 8530021

     Moving image = Image (0x5159d70)
  RTTI typeinfo:   itk::Image<double, 3u>
  Reference Count: 2
  Modified Time: 1595
  Debug: Off
  Object Name: 
  Observers: 
    none
  Source: (none)
  Source output name: (none)
  Release Data: Off
  Data Released: False
  Global Release Data: Off
  PipelineMTime: 0
  UpdateMTime: 1592
  RealTimeStamp: 0 seconds 
  LargestPossibleRegion: 
    Dimension: 3
    Index: [0, 0, 0]
    Size: [160, 240, 256]
  BufferedRegion: 
    Dimension: 3
    Index: [0, 0, 0]
    Size: [160, 240, 256]
  RequestedRegion: 
    Dimension: 3
    Index: [0, 0, 0]
    Size: [160, 240, 256]
  Spacing: [1, 1, 1]
  Origin: [91.3357, 102.231, -120.042]
  Direction: 
-0.997442 -5.36781e-05 -0.0714818
5.35416e-05 -1 3.82465e-06
-0.0714818 -1.23894e-08 0.997442

  IndexToPointMatrix: 
-0.997444 -5.36781e-05 -0.0714818
5.35418e-05 -1 3.82465e-06
-0.0714819 -1.23894e-08 0.997442

  PointToIndexMatrix: 
-0.99744 5.35415e-05 -0.0714816
-5.36781e-05 -1 -1.23894e-08
-0.0714818 3.82465e-06 0.997442

  Inverse Direction: 
-0.997442 5.35416e-05 -0.0714818
-5.36781e-05 -1 -1.23894e-08
-0.0714818 3.82465e-06 0.997442

  PixelContainer: 
    ImportImageContainer (0x5111c90)
      RTTI typeinfo:   itk::ImportImageContainer<unsigned long, double>
      Reference Count: 1
      Modified Time: 1589
      Debug: Off
      Object Name: 
      Observers: 
        none
      Pointer: 0x152d033be010
      Container manages memory: true
      Size: 9830400
      Capacity: 9830400

     Weighting = 1
     Sampling strategy = regular
     Number of bins = 32
     Radius = 4
     Sampling percentage  = 0.25
   Transform = Affine
     Gradient step = 0.1
     Update field sigma (voxel space) = 0
     Total field sigma (voxel space) = 0
     Update field time sigma = 0
     Total field time sigma  = 0
     Number of time indices = 0
     Number of time point samples = 0
Registration using 1 total stages.

Stage 0
  iterations = 1000x500x250x100
  convergence threshold = 1e-06
  convergence window size = 10
  number of levels = 4
  using the Mattes MI metric (number of bins = 32, weight = 1, use gradient filter = 0)
  preprocessing:  winsorizing the image intensities
  Shrink factors (level 1 out of 4): [8, 8, 8]
  Shrink factors (level 2 out of 4): [4, 4, 4]
  Shrink factors (level 3 out of 4): [2, 2, 2]
  Shrink factors (level 4 out of 4): [1, 1, 1]
  smoothing sigmas per level: [3, 2, 1, 0]
  regular sampling (percentage = 0.25)

*** Running AffineTransform registration ***

DIAGNOSTIC,Iteration,metricValue,convergenceValue,ITERATION_TIME_INDEX,SINCE_LAST
 2DIAGNOSTIC,     1, -5.806290998461e-01, 1.797693134862e+308, 7.1053e-01, 7.1053e-01, 
 2DIAGNOSTIC,     2, -5.832407507957e-01, 1.797693134862e+308, 7.1531e-01, 4.7839e-03, 
 2DIAGNOSTIC,     3, -5.883921006051e-01, 1.797693134862e+308, 7.2018e-01, 4.8749e-03, 
 2DIAGNOSTIC,     4, -5.973582020579e-01, 1.797693134862e+308, 7.2468e-01, 4.4911e-03, 
 2DIAGNOSTIC,     5, -6.166279652279e-01, 1.797693134862e+308, 7.2918e-01, 4.5009e-03, 
 2DIAGNOSTIC,     6, -6.406440246027e-01, 1.797693134862e+308, 7.3374e-01, 4.5612e-03, 
 2DIAGNOSTIC,     7, -7.009864260831e-01, 1.797693134862e+308, 7.3843e-01, 4.6899e-03, 
 2DIAGNOSTIC,     8, -7.630482521115e-01, 1.797693134862e+308, 7.4356e-01, 5.1339e-03, 
 2DIAGNOSTIC,     9, -8.423469019730e-01, 1.797693134862e+308, 7.5143e-01, 7.8719e-03, 
 2DIAGNOSTIC,    10, -8.569694554609e-01, 2.845116133545e-02, 7.5693e-01, 5.4929e-03, 
 2DIAGNOSTIC,    11, -8.701917125093e-01, 2.871708897582e-02, 7.6289e-01, 5.9628e-03, 
 2DIAGNOSTIC,    12, -8.814645612731e-01, 2.683607373985e-02, 7.7209e-01, 9.1970e-03, 
 2DIAGNOSTIC,    13, -8.822368115239e-01, 2.307206282335e-02, 7.7728e-01, 5.1951e-03, 
 2DIAGNOSTIC,    14, -8.834458718672e-01, 1.815384138060e-02, 7.8261e-01, 5.3260e-03, 
 2DIAGNOSTIC,    15, -8.851322801745e-01, 1.292532923309e-02, 7.8796e-01, 5.3499e-03, 
 2DIAGNOSTIC,    16, -8.870480809426e-01, 7.902435041876e-03, 7.9352e-01, 5.5671e-03, 
 2DIAGNOSTIC,    17, -8.886777819686e-01, 4.189413159628e-03, 8.0007e-01, 6.5432e-03, 
 2DIAGNOSTIC,    18, -8.889448810215e-01, 1.810422426632e-03, 8.0640e-01, 6.3341e-03, 
 2DIAGNOSTIC,    19, -8.890594323036e-01, 1.083853126062e-03, 8.1237e-01, 5.9650e-03, 
 2DIAGNOSTIC,    20, -8.887882561399e-01, 5.969783254931e-04, 8.1806e-01, 5.6939e-03, 
 2DIAGNOSTIC,    21, -8.886098615386e-01, 3.264824946170e-04, 8.2499e-01, 6.9308e-03, 
 2DIAGNOSTIC,    22, -8.885249832193e-01, 2.361096546671e-04, 8.3079e-01, 5.7991e-03, 
 2DIAGNOSTIC,    23, -8.882875302512e-01, 1.410432915067e-04, 8.3651e-01, 5.7230e-03, 
 2DIAGNOSTIC,    24, -8.882052344873e-01, 5.851496515000e-05, 8.4179e-01, 5.2800e-03, 
DIAGNOSTIC,Iteration,metricValue,convergenceValue,ITERATION_TIME_INDEX,SINCE_LAST
 2DIAGNOSTIC,     1, -7.469015879318e-01, 1.797693134862e+308, 1.5761e+00, 7.3430e-01, 
 2DIAGNOSTIC,     2, -7.476337610140e-01, 1.797693134862e+308, 1.6156e+00, 3.9517e-02, 
 2DIAGNOSTIC,     3, -7.481984149067e-01, 1.797693134862e+308, 1.6540e+00, 3.8358e-02, 
 2DIAGNOSTIC,     4, -7.485348956766e-01, 1.797693134862e+308, 1.6941e+00, 4.0147e-02, 
 2DIAGNOSTIC,     5, -7.488723349118e-01, 1.797693134862e+308, 1.7314e+00, 3.7267e-02, 
 2DIAGNOSTIC,     6, -7.493028717946e-01, 1.797693134862e+308, 1.7746e+00, 4.3222e-02, 
 2DIAGNOSTIC,     7, -7.498240981415e-01, 1.797693134862e+308, 1.8317e+00, 5.7131e-02, 
 2DIAGNOSTIC,     8, -7.499189037648e-01, 1.797693134862e+308, 1.8797e+00, 4.7945e-02, 
 2DIAGNOSTIC,     9, -7.503981904198e-01, 1.797693134862e+308, 1.9354e+00, 5.5734e-02, 
 2DIAGNOSTIC,    10, -7.505578656602e-01, 3.049238847997e-04, 1.9775e+00, 4.2093e-02, 
 2DIAGNOSTIC,    11, -7.505341233982e-01, 2.389539924263e-04, 2.0211e+00, 4.3617e-02, 
 2DIAGNOSTIC,    12, -7.505061913858e-01, 1.848758152793e-04, 2.0651e+00, 4.3985e-02, 
 2DIAGNOSTIC,    13, -7.505141120849e-01, 1.393602391687e-04, 2.1122e+00, 4.7067e-02, 
 2DIAGNOSTIC,    14, -7.505102732711e-01, 9.677096801954e-05, 2.1589e+00, 4.6760e-02, 
 2DIAGNOSTIC,    15, -7.505029862653e-01, 5.935599161613e-05, 2.2125e+00, 5.3536e-02, 
 2DIAGNOSTIC,    16, -7.504912485299e-01, 3.116310987929e-05, 2.2625e+00, 4.9982e-02, 
 2DIAGNOSTIC,    17, -7.504804688655e-01, 1.513171361903e-05, 2.3015e+00, 3.9092e-02, 
 2DIAGNOSTIC,    18, -7.504860792511e-01, 1.517273667977e-06, 2.3419e+00, 4.0391e-02, 
DIAGNOSTIC,Iteration,metricValue,convergenceValue,ITERATION_TIME_INDEX,SINCE_LAST
 2DIAGNOSTIC,     1, -6.294116115453e-01, 1.797693134862e+308, 3.5629e+00, 1.2210e+00, 
 2DIAGNOSTIC,     2, -6.299274337566e-01, 1.797693134862e+308, 3.8452e+00, 2.8223e-01, 
 2DIAGNOSTIC,     3, -6.304606937471e-01, 1.797693134862e+308, 4.1399e+00, 2.9475e-01, 
 2DIAGNOSTIC,     4, -6.311440983161e-01, 1.797693134862e+308, 4.4258e+00, 2.8589e-01, 
 2DIAGNOSTIC,     5, -6.319613521839e-01, 1.797693134862e+308, 4.7038e+00, 2.7799e-01, 
 2DIAGNOSTIC,     6, -6.326508619397e-01, 1.797693134862e+308, 5.3006e+00, 5.9684e-01, 
 2DIAGNOSTIC,     7, -6.326442431538e-01, 1.797693134862e+308, 5.7962e+00, 4.9552e-01, 
 2DIAGNOSTIC,     8, -6.326421030039e-01, 1.797693134862e+308, 6.1823e+00, 3.8618e-01, 
 2DIAGNOSTIC,     9, -6.326413590145e-01, 1.797693134862e+308, 6.5485e+00, 3.6612e-01, 
 2DIAGNOSTIC,    10, -6.326405356342e-01, 3.607193920821e-04, 6.9506e+00, 4.0212e-01, 
 2DIAGNOSTIC,    11, -6.326380580771e-01, 2.475998124949e-04, 7.3165e+00, 3.6590e-01, 
 2DIAGNOSTIC,    12, -6.326382568379e-01, 1.509095205615e-04, 7.6423e+00, 3.2584e-01, 
 2DIAGNOSTIC,    13, -6.326371996636e-01, 7.419551035434e-05, 8.0025e+00, 3.6018e-01, 
 2DIAGNOSTIC,    14, -6.326376013182e-01, 2.341664743133e-05, 8.3571e+00, 3.5458e-01, 
 2DIAGNOSTIC,    15, -6.326364676032e-01, 1.358505288623e-06, 8.6957e+00, 3.3859e-01, 
 2DIAGNOSTIC,    16, -6.326355130009e-01, 1.489402963351e-06, 9.0387e+00, 3.4305e-01, 
 2DIAGNOSTIC,    17, -6.326348603240e-01, 1.460469306817e-06, 9.4136e+00, 3.7487e-01, 
 2DIAGNOSTIC,    18, -6.326337609114e-01, 1.391313718929e-06, 9.7227e+00, 3.0908e-01, 
 2DIAGNOSTIC,    19, -6.326327161357e-01, 1.322246800085e-06, 1.0034e+01, 3.1102e-01, 
 2DIAGNOSTIC,    20, -6.326305164089e-01, 1.226844760505e-06, 1.0383e+01, 3.4969e-01, 
 2DIAGNOSTIC,    21, -6.326298185168e-01, 1.107474443998e-06, 1.0694e+01, 3.1050e-01, 
 2DIAGNOSTIC,    22, -6.326281932330e-01, 1.008190402066e-06, 1.1005e+01, 3.1158e-01, 
DIAGNOSTIC,Iteration,metricValue,convergenceValue,ITERATION_TIME_INDEX,SINCE_LAST
 2DIAGNOSTIC,     1, -5.634463071485e-01, 1.797693134862e+308, 1.4261e+01, 3.2559e+00, 
 2DIAGNOSTIC,     2, -5.639251007362e-01, 1.797693134862e+308, 1.6460e+01, 2.1983e+00, 
 2DIAGNOSTIC,     3, -5.643935834917e-01, 1.797693134862e+308, 1.8656e+01, 2.1968e+00, 
 2DIAGNOSTIC,     4, -5.653421951440e-01, 1.797693134862e+308, 2.0993e+01, 2.3370e+00, 
 2DIAGNOSTIC,     5, -5.666806488714e-01, 1.797693134862e+308, 2.4544e+01, 3.5509e+00, 
 2DIAGNOSTIC,     6, -5.666788570246e-01, 1.797693134862e+308, 2.7630e+01, 3.0856e+00, 
 2DIAGNOSTIC,     7, -5.666779887598e-01, 1.797693134862e+308, 3.0453e+01, 2.8235e+00, 
 2DIAGNOSTIC,     8, -5.666783489996e-01, 1.797693134862e+308, 3.3469e+01, 3.0153e+00, 
 2DIAGNOSTIC,     9, -5.666783839422e-01, 1.797693134862e+308, 3.6093e+01, 2.6246e+00, 
 2DIAGNOSTIC,    10, -5.666783882161e-01, 3.983031968941e-04, 3.8435e+01, 2.3412e+00, 
 2DIAGNOSTIC,    11, -5.666783567389e-01, 2.625565512660e-04, 4.0912e+01, 2.4774e+00, 
 2DIAGNOSTIC,    12, -5.666782306951e-01, 1.470523009589e-04, 4.3475e+01, 2.5627e+00, 
 2DIAGNOSTIC,    13, -5.666781502947e-01, 5.397055464833e-05, 4.5822e+01, 2.3471e+00, 
 2DIAGNOSTIC,    14, -5.666780455226e-01, 2.165622661005e-06, 4.8233e+01, 2.4118e+00, 
 2DIAGNOSTIC,    15, -5.666779407470e-01, 2.086809345977e-06, 5.0291e+01, 2.0576e+00, 
 2DIAGNOSTIC,    16, -5.666778666672e-01, 1.963610620451e-06, 5.2466e+01, 2.1751e+00, 
 2DIAGNOSTIC,    17, -5.666778246572e-01, 1.830248124772e-06, 5.4419e+01, 1.9525e+00, 
 2DIAGNOSTIC,    18, -5.666778567080e-01, 1.726593341092e-06, 5.6497e+01, 2.0787e+00, 
 2DIAGNOSTIC,    19, -5.666779661157e-01, 1.641519588903e-06, 5.8349e+01, 1.8516e+00, 
 2DIAGNOSTIC,    20, -5.666782540558e-01, 1.575397004933e-06, 6.0421e+01, 2.0717e+00, 
 2DIAGNOSTIC,    21, -5.666783270645e-01, 1.518014269959e-06, 6.3247e+01, 2.8268e+00, 
 2DIAGNOSTIC,    22, -5.666784064161e-01, 1.464673755461e-06, 6.5532e+01, 2.2847e+00, 
 2DIAGNOSTIC,    23, -5.666783084448e-01, 1.410497376612e-06, 6.7851e+01, 2.3192e+00, 
 2DIAGNOSTIC,    24, -5.666780966523e-01, 1.351810404934e-06, 7.0310e+01, 2.4591e+00, 
 2DIAGNOSTIC,    25, -5.666777726378e-01, 1.286878729738e-06, 7.2865e+01, 2.5543e+00, 
 2DIAGNOSTIC,    26, -5.666778636069e-01, 1.226103612494e-06, 7.5447e+01, 2.5825e+00, 
 2DIAGNOSTIC,    27, -5.666776734906e-01, 1.165231332846e-06, 7.7655e+01, 2.2075e+00, 
 2DIAGNOSTIC,    28, -5.666776788033e-01, 1.110755451825e-06, 7.9730e+01, 2.0755e+00, 
 2DIAGNOSTIC,    29, -5.666774941048e-01, 1.061158931788e-06, 8.1637e+01, 1.9067e+00, 
 2DIAGNOSTIC,    30, -5.666775371411e-01, 1.023937268488e-06, 8.4068e+01, 2.4314e+00, 
  Elapsed time (stage 0): 8.5172e+01


Total elapsed time: 8.5175e+01
Info [verificarlo]: loaded backend libinterflop_vprec.so
Info [interflop-vprec]: load backend with: 
Info [interflop-vprec]: precision-binary32 = 22
Info [interflop-vprec]: range-binary32 = 8
Info [interflop-vprec]: precision-binary64 = 22
Info [interflop-vprec]: range-binary64 = 8
Info [interflop-vprec]: mode = ob
Info [interflop-vprec]: error-mode = rel
Info [interflop-vprec]: max-abs-error-exponent = -1022
Info [interflop-vprec]: daz = false
Info [interflop-vprec]: ftz = false
Info [interflop-vprec]: 	instrument = none
Info [interflop-vprec]: 	prec-input-file = (null)
Info [interflop-vprec]: 	prec-output-file = (null)
Info [interflop-vprec]: 	prec-log-file = (null)
All_Command_lines_OK
Using double precision for computations.
=============================================================================
The composite transform comprises the following transforms (in order): 
  1. /home/mdugre/scratch/mri-registration-rp/datasets/ds004513/derivatives/mri-registration-rp/0001/antsRegistration-r8-p22/sub-s017/affine_Composite.h5[0] (type = Euler3DTransform)
  2. /home/mdugre/scratch/mri-registration-rp/datasets/ds004513/derivatives/mri-registration-rp/0001/antsRegistration-r8-p22/sub-s017/affine_Composite.h5[1] (type = Euler3DTransform)
  3. /home/mdugre/scratch/mri-registration-rp/datasets/ds004513/derivatives/mri-registration-rp/0001/antsRegistration-r8-p22/sub-s017/affine_Composite.h5[2] (type = Euler3DTransform)
  4. /home/mdugre/scratch/mri-registration-rp/datasets/ds004513/derivatives/mri-registration-rp/0001/antsRegistration-r8-p22/sub-s017/affine_Composite.h5[3] (type = AffineTransform)
=============================================================================
  number of levels = 4
  fixed image: /templateflow/tpl-MNI152NLin2009cAsym/tpl-MNI152NLin2009cAsym_res-01_desc-brain_T1w.nii.gz
  moving image: /home/mdugre/scratch/mri-registration-rp/datasets/ds004513/derivatives/mri-registration-rp/antsBrainExtraction/sub-s017/BrainExtractionBrain.nii.gz
Dimension = 3
Number of stages = 1
Use histogram matching = false
Winsorize image intensities = true
  Lower quantile = 0.005
  Upper quantile = 0.995


Stage 1 State
   Image metric = CC
     Fixed image = Image (0x4a676f0)
  RTTI typeinfo:   itk::Image<double, 3u>
  Reference Count: 2
  Modified Time: 1608
  Debug: Off
  Object Name: 
  Observers: 
    none
  Source: (none)
  Source output name: (none)
