
##########################
# Experiment information #
##########################

EXPERIMENT_NAME: antsRegistration-r7-p16
VFC_BACKENDS: libinterflop_vprec.so --range-binary32=7 --precision-binary32=16 --range-binary64=7 --precision-binary64=16

SIF_IMG: /home/mdugre/projects/rrg-glatard/mdugre/containers/ants-vprec-no_metrics.simg

SUBJECT_ID: s020
INPUT_IMG: /home/mdugre/scratch/mri-registration-rp/datasets/ds004513/derivatives/mri-registration-rp/antsBrainExtraction/sub-s020/BrainExtractionBrain.nii.gz
OUTPUT_DIR: /home/mdugre/scratch/mri-registration-rp/datasets/ds004513/derivatives/mri-registration-rp/0001/antsRegistration-r7-p16/sub-s020

FIXED_IMG: /templateflow/tpl-MNI152NLin2009cAsym/tpl-MNI152NLin2009cAsym_res-01_desc-brain_T1w.nii.gz
DATA_DIR: /home/mdugre/scratch/mri-registration-rp/datasets/ds004513
TEMPLATEFLOW_DIR: /home/mdugre/projects/rrg-glatard/mdugre/templateflow
ITK_GLOBAL_DEFAULT_NUMBER_OF_THREADS: 16
##########################

Info [verificarlo]: loaded backend libinterflop_ieee.so
Info [interflop-ieee]: load backend with:
Info [interflop-ieee]: debug = false
Info [interflop-ieee]: debug-binary = false
Info [interflop-ieee]: no-backend-name = false
Info [interflop-ieee]: print-new-line = false
Info [interflop-ieee]: print-subnormal-normalized = false
Info [interflop-ieee]: count-op = false
All_Command_lines_OK
Using double precision for computations.
=============================================================================
The composite transform comprises the following transforms (in order): 
  1. Center of mass alignment using fixed image: /templateflow/tpl-MNI152NLin2009cAsym/tpl-MNI152NLin2009cAsym_res-01_desc-brain_T1w.nii.gz and moving image: /home/mdugre/scratch/mri-registration-rp/datasets/ds004513/derivatives/mri-registration-rp/antsBrainExtraction/sub-s020/BrainExtractionBrain.nii.gz (type = Euler3DTransform)
=============================================================================
  number of levels = 1
  fixed image: /templateflow/tpl-MNI152NLin2009cAsym/tpl-MNI152NLin2009cAsym_res-01_desc-brain_T1w.nii.gz
  moving image: /home/mdugre/scratch/mri-registration-rp/datasets/ds004513/derivatives/mri-registration-rp/antsBrainExtraction/sub-s020/BrainExtractionBrain.nii.gz
Dimension = 3
Number of stages = 1
Use histogram matching = false
Winsorize image intensities = true
  Lower quantile = 0.005
  Upper quantile = 0.995


Stage 1 State
   Image metric = MattesMI
     Fixed image = Image (0x4eb0e70)
  RTTI typeinfo:   itk::Image<double, 3u>
  Reference Count: 2
  Modified Time: 2334
  Debug: Off
  Object Name: 
  Observers: 
    none
  Source: (none)
  Source output name: (none)
  Release Data: Off
  Data Released: False
  Global Release Data: Off
  PipelineMTime: 0
  UpdateMTime: 1943
  RealTimeStamp: 0 seconds 
  LargestPossibleRegion: 
    Dimension: 3
    Index: [0, 0, 0]
    Size: [193, 229, 193]
  BufferedRegion: 
    Dimension: 3
    Index: [0, 0, 0]
    Size: [193, 229, 193]
  RequestedRegion: 
    Dimension: 3
    Index: [0, 0, 0]
    Size: [193, 229, 193]
  Spacing: [1, 1, 1]
  Origin: [96, 132, -78]
  Direction: 
-1 0 0
0 -1 0
0 0 1

  IndexToPointMatrix: 
-1 0 0
0 -1 0
0 0 1

  PointToIndexMatrix: 
-1 0 0
0 -1 0
0 0 1

  Inverse Direction: 
-1 0 0
0 -1 0
0 0 1

  PixelContainer: 
    ImportImageContainer (0x4eb9c60)
      RTTI typeinfo:   itk::ImportImageContainer<unsigned long, double>
      Reference Count: 1
      Modified Time: 1940
      Debug: Off
      Object Name: 
      Observers: 
        none
      Pointer: 0x146462745010
      Container manages memory: true
      Size: 8530021
      Capacity: 8530021

     Moving image = Image (0x4ebc610)
  RTTI typeinfo:   itk::Image<double, 3u>
  Reference Count: 2
  Modified Time: 2335
  Debug: Off
  Object Name: 
  Observers: 
    none
  Source: (none)
  Source output name: (none)
  Release Data: Off
  Data Released: False
  Global Release Data: Off
  PipelineMTime: 0
  UpdateMTime: 2332
  RealTimeStamp: 0 seconds 
  LargestPossibleRegion: 
    Dimension: 3
    Index: [0, 0, 0]
    Size: [160, 240, 256]
  BufferedRegion: 
    Dimension: 3
    Index: [0, 0, 0]
    Size: [160, 240, 256]
  RequestedRegion: 
    Dimension: 3
    Index: [0, 0, 0]
    Size: [160, 240, 256]
  Spacing: [0.999995, 1, 1]
  Origin: [87.0906, 98.7205, -152.377]
  Direction: 
-0.996975 0.0261379 -0.0731913
-0.0260677 -0.999658 -0.00191374
-0.0732163 -2.46403e-08 0.997316

  IndexToPointMatrix: 
-0.996971 0.0261379 -0.0731913
-0.0260676 -0.999658 -0.00191374
-0.0732159 -2.46403e-08 0.997316

  PointToIndexMatrix: 
-0.99698 -0.0260679 -0.0732166
0.0261379 -0.999658 -2.46993e-08
-0.0731913 -0.00191374 0.997316

  Inverse Direction: 
-0.996975 -0.0260677 -0.0732163
0.0261379 -0.999658 -2.46993e-08
-0.0731913 -0.00191374 0.997316

  PixelContainer: 
    ImportImageContainer (0x4f55ef0)
      RTTI typeinfo:   itk::ImportImageContainer<unsigned long, double>
      Reference Count: 1
      Modified Time: 2329
      Debug: Off
      Object Name: 
      Observers: 
        none
      Pointer: 0x14645dc44010
      Container manages memory: true
      Size: 9830400
      Capacity: 9830400

     Weighting = 1
     Sampling strategy = regular
     Number of bins = 32
     Radius = 4
     Sampling percentage  = 0.25
   Transform = Rigid
     Gradient step = 0.1
     Update field sigma (voxel space) = 0
     Total field sigma (voxel space) = 0
     Update field time sigma = 0
     Total field time sigma  = 0
     Number of time indices = 0
     Number of time point samples = 0
Registration using 1 total stages.

Stage 0
  iterations = 0
  convergence threshold = 1e-06
  convergence window size = 10
  number of levels = 1
  using the Mattes MI metric (number of bins = 32, weight = 1, use gradient filter = 0)
  preprocessing:  winsorizing the image intensities
  Shrink factors (level 1 out of 1): [1, 1, 1]
  smoothing sigmas per level: [0]
  regular sampling (percentage = 0.25)

*** Running Euler3DTransform registration ***

  Elapsed time (stage 0): 1.13849


Total elapsed time: 1.14066
Info [verificarlo]: loaded backend libinterflop_ieee.so
Info [interflop-ieee]: load backend with:
Info [interflop-ieee]: debug = false
Info [interflop-ieee]: debug-binary = false
Info [interflop-ieee]: no-backend-name = false
Info [interflop-ieee]: print-new-line = false
Info [interflop-ieee]: print-subnormal-normalized = false
Info [interflop-ieee]: count-op = false
All_Command_lines_OK
Using double precision for computations.
=============================================================================
The composite transform comprises the following transforms (in order): 
  1. /home/mdugre/scratch/mri-registration-rp/datasets/ds004513/derivatives/mri-registration-rp/0001/antsRegistration-r7-p16/sub-s020/align_Composite.h5[0] (type = Euler3DTransform)
  2. /home/mdugre/scratch/mri-registration-rp/datasets/ds004513/derivatives/mri-registration-rp/0001/antsRegistration-r7-p16/sub-s020/align_Composite.h5[1] (type = Euler3DTransform)
=============================================================================
  number of levels = 4
  fixed image: /templateflow/tpl-MNI152NLin2009cAsym/tpl-MNI152NLin2009cAsym_res-01_desc-brain_T1w.nii.gz
  moving image: /home/mdugre/scratch/mri-registration-rp/datasets/ds004513/derivatives/mri-registration-rp/antsBrainExtraction/sub-s020/BrainExtractionBrain.nii.gz
Dimension = 3
Number of stages = 1
Use histogram matching = false
Winsorize image intensities = true
  Lower quantile = 0.005
  Upper quantile = 0.995


Stage 1 State
   Image metric = MattesMI
     Fixed image = Image (0x33a9530)
  RTTI typeinfo:   itk::Image<double, 3u>
  Reference Count: 2
  Modified Time: 1580
  Debug: Off
  Object Name: 
  Observers: 
    none
  Source: (none)
  Source output name: (none)
  Release Data: Off
  Data Released: False
  Global Release Data: Off
  PipelineMTime: 0
  UpdateMTime: 1189
  RealTimeStamp: 0 seconds 
  LargestPossibleRegion: 
    Dimension: 3
    Index: [0, 0, 0]
    Size: [193, 229, 193]
  BufferedRegion: 
    Dimension: 3
    Index: [0, 0, 0]
    Size: [193, 229, 193]
  RequestedRegion: 
    Dimension: 3
    Index: [0, 0, 0]
    Size: [193, 229, 193]
  Spacing: [1, 1, 1]
  Origin: [96, 132, -78]
  Direction: 
-1 0 0
0 -1 0
0 0 1

  IndexToPointMatrix: 
-1 0 0
0 -1 0
0 0 1

  PointToIndexMatrix: 
-1 0 0
0 -1 0
0 0 1

  Inverse Direction: 
-1 0 0
0 -1 0
0 0 1

  PixelContainer: 
    ImportImageContainer (0x3467d60)
      RTTI typeinfo:   itk::ImportImageContainer<unsigned long, double>
      Reference Count: 1
      Modified Time: 1186
      Debug: Off
      Object Name: 
      Observers: 
        none
      Pointer: 0x1501539fa010
      Container manages memory: true
      Size: 8530021
      Capacity: 8530021

     Moving image = Image (0x3459f60)
  RTTI typeinfo:   itk::Image<double, 3u>
  Reference Count: 2
  Modified Time: 1581
  Debug: Off
  Object Name: 
  Observers: 
    none
  Source: (none)
  Source output name: (none)
  Release Data: Off
  Data Released: False
  Global Release Data: Off
  PipelineMTime: 0
  UpdateMTime: 1578
  RealTimeStamp: 0 seconds 
  LargestPossibleRegion: 
    Dimension: 3
    Index: [0, 0, 0]
    Size: [160, 240, 256]
  BufferedRegion: 
    Dimension: 3
    Index: [0, 0, 0]
    Size: [160, 240, 256]
  RequestedRegion: 
    Dimension: 3
    Index: [0, 0, 0]
    Size: [160, 240, 256]
  Spacing: [0.999995, 1, 1]
  Origin: [87.0906, 98.7205, -152.377]
  Direction: 
-0.996975 0.0261379 -0.0731913
-0.0260677 -0.999658 -0.00191374
-0.0732163 -2.46403e-08 0.997316

  IndexToPointMatrix: 
-0.996971 0.0261379 -0.0731913
-0.0260676 -0.999658 -0.00191374
-0.0732159 -2.46403e-08 0.997316

  PointToIndexMatrix: 
-0.99698 -0.0260679 -0.0732166
0.0261379 -0.999658 -2.46993e-08
-0.0731913 -0.00191374 0.997316

  Inverse Direction: 
-0.996975 -0.0260677 -0.0732163
0.0261379 -0.999658 -2.46993e-08
-0.0731913 -0.00191374 0.997316

  PixelContainer: 
    ImportImageContainer (0x344b6d0)
      RTTI typeinfo:   itk::ImportImageContainer<unsigned long, double>
      Reference Count: 1
      Modified Time: 1575
      Debug: Off
      Object Name: 
      Observers: 
        none
      Pointer: 0x15014eef9010
      Container manages memory: true
      Size: 9830400
      Capacity: 9830400

     Weighting = 1
     Sampling strategy = regular
     Number of bins = 32
     Radius = 4
     Sampling percentage  = 0.25
   Transform = Rigid
     Gradient step = 0.1
     Update field sigma (voxel space) = 0
     Total field sigma (voxel space) = 0
     Update field time sigma = 0
     Total field time sigma  = 0
     Number of time indices = 0
     Number of time point samples = 0
Registration using 1 total stages.

Stage 0
  iterations = 1000x500x250x100
  convergence threshold = 1e-06
  convergence window size = 10
  number of levels = 4
  using the Mattes MI metric (number of bins = 32, weight = 1, use gradient filter = 0)
  preprocessing:  winsorizing the image intensities
  Shrink factors (level 1 out of 4): [8, 8, 8]
  Shrink factors (level 2 out of 4): [4, 4, 4]
  Shrink factors (level 3 out of 4): [2, 2, 2]
  Shrink factors (level 4 out of 4): [1, 1, 1]
  smoothing sigmas per level: [3, 2, 1, 0]
  regular sampling (percentage = 0.25)

*** Running Euler3DTransform registration ***

DIAGNOSTIC,Iteration,metricValue,convergenceValue,ITERATION_TIME_INDEX,SINCE_LAST
 2DIAGNOSTIC,     1, -3.791273390751e-01, 1.797693134862e+308, 6.7138e-01, 6.7138e-01, 
 2DIAGNOSTIC,     2, -3.803606001643e-01, 1.797693134862e+308, 6.7509e-01, 3.7091e-03, 
 2DIAGNOSTIC,     3, -3.828962034719e-01, 1.797693134862e+308, 6.7905e-01, 3.9570e-03, 
 2DIAGNOSTIC,     4, -3.876122532015e-01, 1.797693134862e+308, 6.8260e-01, 3.5529e-03, 
 2DIAGNOSTIC,     5, -3.904935334081e-01, 1.797693134862e+308, 6.8679e-01, 4.1931e-03, 
 2DIAGNOSTIC,     6, -3.911039700181e-01, 1.797693134862e+308, 6.9024e-01, 3.4451e-03, 
 2DIAGNOSTIC,     7, -3.914905453856e-01, 1.797693134862e+308, 6.9398e-01, 3.7410e-03, 
 2DIAGNOSTIC,     8, -3.925629083064e-01, 1.797693134862e+308, 6.9742e-01, 3.4380e-03, 
 2DIAGNOSTIC,     9, -3.981570789235e-01, 1.797693134862e+308, 7.0096e-01, 3.5450e-03, 
 2DIAGNOSTIC,    10, -4.079218556696e-01, 3.866687266231e-03, 7.0674e-01, 5.7759e-03, 
 2DIAGNOSTIC,    11, -4.246779602407e-01, 4.904320352957e-03, 7.1098e-01, 4.2460e-03, 
 2DIAGNOSTIC,    12, -4.297045200929e-01, 5.673254149497e-03, 7.1527e-01, 4.2920e-03, 
 2DIAGNOSTIC,    13, -4.335692915512e-01, 6.156954111661e-03, 7.2015e-01, 4.8769e-03, 
 2DIAGNOSTIC,    14, -4.439932007379e-01, 6.764094567479e-03, 7.2447e-01, 4.3209e-03, 
 2DIAGNOSTIC,    15, -4.466217674267e-01, 6.904768049912e-03, 7.2935e-01, 4.8771e-03, 
 2DIAGNOSTIC,    16, -4.513528166463e-01, 6.619270360363e-03, 7.3355e-01, 4.1969e-03, 
 2DIAGNOSTIC,    17, -4.528510995857e-01, 5.844785618527e-03, 7.3825e-01, 4.7040e-03, 
 2DIAGNOSTIC,    18, -4.555717392109e-01, 4.777374786899e-03, 7.4522e-01, 6.9699e-03, 
 2DIAGNOSTIC,    19, -4.559551104046e-01, 3.601534553138e-03, 7.4936e-01, 4.1370e-03, 
 2DIAGNOSTIC,    20, -4.573566583294e-01, 2.586716911048e-03, 7.5586e-01, 6.5010e-03, 
 2DIAGNOSTIC,    21, -4.575249641885e-01, 1.982977240167e-03, 7.5999e-01, 4.1289e-03, 
 2DIAGNOSTIC,    22, -4.577283836765e-01, 1.415645799432e-03, 7.6470e-01, 4.7128e-03, 
 2DIAGNOSTIC,    23, -4.579446352311e-01, 8.825880250808e-04, 7.6895e-01, 4.2470e-03, 
 2DIAGNOSTIC,    24, -4.580221916041e-01, 6.077386163193e-04, 7.7311e-01, 4.1630e-03, 
 2DIAGNOSTIC,    25, -4.581755783797e-01, 3.715350544447e-04, 7.7723e-01, 4.1251e-03, 
 2DIAGNOSTIC,    26, -4.586246702700e-01, 2.524035184237e-04, 7.8142e-01, 4.1852e-03, 
 2DIAGNOSTIC,    27, -4.589288500467e-01, 1.618468231943e-04, 7.8812e-01, 6.6991e-03, 
 2DIAGNOSTIC,    28, -4.591718791383e-01, 1.332490270356e-04, 7.9283e-01, 4.7131e-03, 
 2DIAGNOSTIC,    29, -4.592807211418e-01, 1.047621954551e-04, 7.9814e-01, 5.3051e-03, 
 2DIAGNOSTIC,    30, -4.597212343811e-01, 1.090148667173e-04, 8.0375e-01, 5.6112e-03, 
 2DIAGNOSTIC,    31, -4.598054048776e-01, 1.077456686201e-04, 8.0804e-01, 4.2911e-03, 
 2DIAGNOSTIC,    32, -4.606536128260e-01, 1.179143315973e-04, 8.1254e-01, 4.4980e-03, 
 2DIAGNOSTIC,    33, -4.610424602785e-01, 1.280788781253e-04, 8.1654e-01, 3.9978e-03, 
 2DIAGNOSTIC,    34, -4.611877610478e-01, 1.298918247476e-04, 8.2134e-01, 4.8070e-03, 
 2DIAGNOSTIC,    35, -4.615575141328e-01, 1.291369395604e-04, 8.2676e-01, 5.4131e-03, 
 2DIAGNOSTIC,    36, -4.621281687574e-01, 1.344759167115e-04, 8.3174e-01, 4.9810e-03, 
 2DIAGNOSTIC,    37, -4.627573521657e-01, 1.428000040787e-04, 8.3586e-01, 4.1280e-03, 
 2DIAGNOSTIC,    38, -4.631692105483e-01, 1.481538181223e-04, 8.4052e-01, 4.6520e-03, 
 2DIAGNOSTIC,    39, -4.636867210583e-01, 1.496451620597e-04, 8.4676e-01, 6.2401e-03, 
 2DIAGNOSTIC,    40, -4.640199811979e-01, 1.495019259549e-04, 8.5093e-01, 4.1771e-03, 
 2DIAGNOSTIC,    41, -4.641794925410e-01, 1.386109716413e-04, 8.5527e-01, 4.3361e-03, 
 2DIAGNOSTIC,    42, -4.644940517650e-01, 1.328501482639e-04, 8.6001e-01, 4.7371e-03, 
 2DIAGNOSTIC,    43, -4.646769587420e-01, 1.232951425547e-04, 8.6473e-01, 4.7209e-03, 
 2DIAGNOSTIC,    44, -4.645084411306e-01, 1.021054011660e-04, 8.6908e-01, 4.3490e-03, 
 2DIAGNOSTIC,    45, -4.678363124119e-01, 1.250888973908e-04, 8.7349e-01, 4.4141e-03, 
 2DIAGNOSTIC,    46, -4.725405869926e-01, 2.072927286768e-04, 8.7868e-01, 5.1930e-03, 
 2DIAGNOSTIC,    47, -4.742501958765e-01, 2.964892892639e-04, 8.8294e-01, 4.2539e-03, 
 2DIAGNOSTIC,    48, -4.929379917761e-01, 6.083408096777e-04, 8.8766e-01, 4.7250e-03, 
 2DIAGNOSTIC,    49, -5.088030239298e-01, 1.054786640724e-03, 8.9250e-01, 4.8399e-03, 
 2DIAGNOSTIC,    50, -5.188586443835e-01, 1.508159268483e-03, 8.9877e-01, 6.2699e-03, 
 2DIAGNOSTIC,    51, -5.190353141814e-01, 1.802264761673e-03, 9.0280e-01, 4.0231e-03, 
 2DIAGNOSTIC,    52, -5.191836136191e-01, 1.920322968976e-03, 9.0738e-01, 4.5891e-03, 
 2DIAGNOSTIC,    53, -5.191034502798e-01, 1.849627215023e-03, 9.1183e-01, 4.4470e-03, 
 2DIAGNOSTIC,    54, -5.190984160805e-01, 1.598489777493e-03, 9.1679e-01, 4.9539e-03, 
 2DIAGNOSTIC,    55, -5.190347804438e-01, 1.241525633283e-03, 9.2074e-01, 3.9520e-03, 
 2DIAGNOSTIC,    56, -5.192569786910e-01, 8.395837225572e-04, 9.2519e-01, 4.4549e-03, 
 2DIAGNOSTIC,    57, -5.196911156311e-01, 3.946384773278e-04, 9.3078e-01, 5.5830e-03, 
 2DIAGNOSTIC,    58, -5.197006904875e-01, 1.261873169216e-04, 9.3544e-01, 4.6680e-03, 
 2DIAGNOSTIC,    59, -5.195355756221e-01, 1.823377206119e-05, 9.4820e-01, 1.2758e-02, 
 2DIAGNOSTIC,    60, -5.195355727187e-01, 1.649473545683e-05, 9.5224e-01, 4.0359e-03, 
 2DIAGNOSTIC,    61, -5.195355825764e-01, 1.495903557468e-05, 9.5621e-01, 3.9742e-03, 
 2DIAGNOSTIC,    62, -5.195355992438e-01, 1.347751815528e-05, 9.6019e-01, 3.9818e-03, 
 2DIAGNOSTIC,    63, -5.195356274226e-01, 1.004496400055e-05, 9.6416e-01, 3.9659e-03, 
 2DIAGNOSTIC,    64, -5.195356750567e-01, 5.911742538247e-06, 9.6812e-01, 3.9608e-03, 
DIAGNOSTIC,Iteration,metricValue,convergenceValue,ITERATION_TIME_INDEX,SINCE_LAST
 2DIAGNOSTIC,     1, -4.113328240204e-01, 1.797693134862e+308, 1.7205e+00, 7.5236e-01, 
 2DIAGNOSTIC,     2, -4.115349078215e-01, 1.797693134862e+308, 1.7464e+00, 2.5928e-02, 
 2DIAGNOSTIC,     3, -4.120803340801e-01, 1.797693134862e+308, 1.7724e+00, 2.5957e-02, 
 2DIAGNOSTIC,     4, -4.130995192702e-01, 1.797693134862e+308, 1.7984e+00, 2.6050e-02, 
 2DIAGNOSTIC,     5, -4.140797995892e-01, 1.797693134862e+308, 1.8282e+00, 2.9740e-02, 
 2DIAGNOSTIC,     6, -4.143573667724e-01, 1.797693134862e+308, 1.8542e+00, 2.6001e-02, 
 2DIAGNOSTIC,     7, -4.146304017727e-01, 1.797693134862e+308, 1.8804e+00, 2.6221e-02, 
 2DIAGNOSTIC,     8, -4.149249211861e-01, 1.797693134862e+308, 1.9166e+00, 3.6232e-02, 
 2DIAGNOSTIC,     9, -4.150781052304e-01, 1.797693134862e+308, 1.9426e+00, 2.5985e-02, 
 2DIAGNOSTIC,    10, -4.153690309851e-01, 6.826613871661e-04, 1.9726e+00, 3.0046e-02, 
 2DIAGNOSTIC,    11, -4.157003729071e-01, 5.565148124431e-04, 1.9996e+00, 2.6965e-02, 
 2DIAGNOSTIC,    12, -4.174071894794e-01, 5.110240432443e-04, 2.0402e+00, 4.0579e-02, 
 2DIAGNOSTIC,    13, -4.176356076684e-01, 4.643764983733e-04, 2.0667e+00, 2.6486e-02, 
 2DIAGNOSTIC,    14, -4.182784710933e-01, 4.635539817912e-04, 2.0964e+00, 2.9705e-02, 
 2DIAGNOSTIC,    15, -4.188164783240e-01, 4.903002437029e-04, 2.1230e+00, 2.6581e-02, 
 2DIAGNOSTIC,    16, -4.189998092613e-01, 4.878343479264e-04, 2.1532e+00, 3.0288e-02, 
 2DIAGNOSTIC,    17, -4.191102862019e-01, 4.555390046180e-04, 2.1808e+00, 2.7558e-02, 
 2DIAGNOSTIC,    18, -4.194661780768e-01, 4.096480152756e-04, 2.2214e+00, 4.0613e-02, 
 2DIAGNOSTIC,    19, -4.196505060827e-01, 3.431244142824e-04, 2.2517e+00, 3.0325e-02, 
 2DIAGNOSTIC,    20, -4.195863523605e-01, 2.594621568123e-04, 2.2851e+00, 3.3336e-02, 
 2DIAGNOSTIC,    21, -4.197605403162e-01, 1.752336494116e-04, 2.3115e+00, 2.6444e-02, 
 2DIAGNOSTIC,    22, -4.204573061204e-01, 1.571735639191e-04, 2.3375e+00, 2.6009e-02, 
 2DIAGNOSTIC,    23, -4.212088242998e-01, 1.541522795943e-04, 2.3708e+00, 3.3246e-02, 
 2DIAGNOSTIC,    24, -4.212460753283e-01, 1.556589578577e-04, 2.4042e+00, 3.3387e-02, 
 2DIAGNOSTIC,    25, -4.212568728577e-01, 1.580916176421e-04, 2.4369e+00, 3.2733e-02, 
 2DIAGNOSTIC,    26, -4.212458885492e-01, 1.504025534728e-04, 2.4665e+00, 2.9586e-02, 
 2DIAGNOSTIC,    27, -4.212414121148e-01, 1.313312513116e-04, 2.4942e+00, 2.7676e-02, 
 2DIAGNOSTIC,    28, -4.212382456553e-01, 1.094905235988e-04, 2.5235e+00, 2.9376e-02, 
 2DIAGNOSTIC,    29, -4.212434527439e-01, 8.366213765240e-05, 2.5559e+00, 3.2329e-02, 
 2DIAGNOSTIC,    30, -4.212471724439e-01, 5.073879088967e-05, 2.5841e+00, 2.8223e-02, 
 2DIAGNOSTIC,    31, -4.212524395797e-01, 1.896932368359e-05, 2.6191e+00, 3.5058e-02, 
 2DIAGNOSTIC,    32, -4.212548652500e-01, 1.918451113095e-06, 2.6471e+00, 2.7942e-02, 
 2DIAGNOSTIC,    33, -4.212446505807e-01, 1.073785223009e-06, 2.6789e+00, 3.1815e-02, 
 2DIAGNOSTIC,    34, -4.212485932203e-01, 1.089033676953e-06, 2.7075e+00, 2.8580e-02, 
 2DIAGNOSTIC,    35, -4.212543810690e-01, 1.409788667833e-06, 2.7360e+00, 2.8492e-02, 
 2DIAGNOSTIC,    36, -4.212693990401e-01, 1.737534741132e-06, 2.7626e+00, 2.6666e-02, 
 2DIAGNOSTIC,    37, -4.212830677703e-01, 2.133639766828e-06, 2.7920e+00, 2.9381e-02, 
 2DIAGNOSTIC,    38, -4.213093206352e-01, 2.800871664769e-06, 2.8252e+00, 3.3143e-02, 
 2DIAGNOSTIC,    39, -4.212976353948e-01, 3.127409112836e-06, 2.8584e+00, 3.3197e-02, 
 2DIAGNOSTIC,    40, -4.212918041793e-01, 3.188811317358e-06, 2.8848e+00, 2.6482e-02, 
 2DIAGNOSTIC,    41, -4.212865964058e-01, 3.020277308370e-06, 2.9115e+00, 2.6656e-02, 
 2DIAGNOSTIC,    42, -4.212965427999e-01, 2.844920486349e-06, 2.9413e+00, 2.9813e-02, 
 2DIAGNOSTIC,    43, -4.213066324235e-01, 2.465914350193e-06, 2.9677e+00, 2.6339e-02, 
 2DIAGNOSTIC,    44, -4.213110578577e-01, 2.070339179400e-06, 2.9937e+00, 2.6098e-02, 
 2DIAGNOSTIC,    45, -4.213381230998e-01, 2.066567413229e-06, 3.0202e+00, 2.6488e-02, 
 2DIAGNOSTIC,    46, -4.213660780359e-01, 2.555919036591e-06, 3.0502e+00, 2.9961e-02, 
 2DIAGNOSTIC,    47, -4.213536558792e-01, 2.841490959238e-06, 3.0974e+00, 4.7244e-02, 
 2DIAGNOSTIC,    48, -4.213636467989e-01, 3.435641112857e-06, 3.1269e+00, 2.9444e-02, 
 2DIAGNOSTIC,    49, -4.213577174335e-01, 3.497315483741e-06, 3.1567e+00, 2.9851e-02, 
 2DIAGNOSTIC,    50, -4.213508678625e-01, 3.111116668550e-06, 3.1867e+00, 2.9925e-02, 
 2DIAGNOSTIC,    51, -4.213439070344e-01, 2.336989094191e-06, 3.2749e+00, 8.8195e-02, 
 2DIAGNOSTIC,    52, -4.213439070342e-01, 1.562230377835e-06, 3.3387e+00, 6.3874e-02, 
DIAGNOSTIC,Iteration,metricValue,convergenceValue,ITERATION_TIME_INDEX,SINCE_LAST
 2DIAGNOSTIC,     1, -3.606988646294e-01, 1.797693134862e+308, 4.4138e+00, 1.0750e+00, 
 2DIAGNOSTIC,     2, -3.608621102470e-01, 1.797693134862e+308, 4.6241e+00, 2.1035e-01, 
 2DIAGNOSTIC,     3, -3.610459890323e-01, 1.797693134862e+308, 4.8349e+00, 2.1077e-01, 
 2DIAGNOSTIC,     4, -3.611784889580e-01, 1.797693134862e+308, 5.0428e+00, 2.0794e-01, 
 2DIAGNOSTIC,     5, -3.614361618345e-01, 1.797693134862e+308, 5.2889e+00, 2.4607e-01, 
 2DIAGNOSTIC,     6, -3.614903934310e-01, 1.797693134862e+308, 5.5128e+00, 2.2389e-01, 
 2DIAGNOSTIC,     7, -3.615392951554e-01, 1.797693134862e+308, 5.7257e+00, 2.1293e-01, 
 2DIAGNOSTIC,     8, -3.615818566107e-01, 1.797693134862e+308, 6.0039e+00, 2.7816e-01, 
 2DIAGNOSTIC,     9, -3.616194117352e-01, 1.797693134862e+308, 6.2482e+00, 2.4438e-01, 
 2DIAGNOSTIC,    10, -3.617237272966e-01, 1.793838583358e-04, 6.4951e+00, 2.4685e-01, 
 2DIAGNOSTIC,    11, -3.617483040696e-01, 1.361667477707e-04, 6.7363e+00, 2.4118e-01, 
 2DIAGNOSTIC,    12, -3.617813427026e-01, 1.011069259863e-04, 7.0425e+00, 3.0626e-01, 
 2DIAGNOSTIC,    13, -3.617821099698e-01, 7.373882079365e-05, 7.2845e+00, 2.4199e-01, 
 2DIAGNOSTIC,    14, -3.617813024000e-01, 5.084935339354e-05, 7.5364e+00, 2.5183e-01, 
 2DIAGNOSTIC,    15, -3.617794623673e-01, 3.990145145205e-05, 7.7759e+00, 2.3959e-01, 
 2DIAGNOSTIC,    16, -3.617783830255e-01, 2.941413089592e-05, 7.9836e+00, 2.0768e-01, 
 2DIAGNOSTIC,    17, -3.617794498936e-01, 1.996057677803e-05, 8.2061e+00, 2.2247e-01, 
 2DIAGNOSTIC,    18, -3.617779298095e-01, 1.169607394857e-05, 8.4356e+00, 2.2948e-01, 
 2DIAGNOSTIC,    19, -3.617782969145e-01, 4.864306911948e-06, 8.6430e+00, 2.0739e-01, 
 2DIAGNOSTIC,    20, -3.617786001798e-01, 2.521344584304e-06, 8.8627e+00, 2.1976e-01, 
 2DIAGNOSTIC,    21, -3.617842096430e-01, 1.409047409105e-06, 9.1055e+00, 2.4282e-01, 
 2DIAGNOSTIC,    22, -3.617874101636e-01, 1.694799216592e-06, 9.3651e+00, 2.5961e-01, 
 2DIAGNOSTIC,    23, -3.617896766559e-01, 2.035630959435e-06, 9.6102e+00, 2.4503e-01, 
 2DIAGNOSTIC,    24, -3.617907479772e-01, 2.299535857633e-06, 9.8209e+00, 2.1074e-01, 
 2DIAGNOSTIC,    25, -3.618042269387e-01, 2.818081184054e-06, 1.0179e+01, 3.5777e-01, 
 2DIAGNOSTIC,    26, -3.618084482534e-01, 3.231681106122e-06, 1.0919e+01, 7.4059e-01, 
 2DIAGNOSTIC,    27, -3.618084482467e-01, 3.457418429824e-06, 1.1618e+01, 6.9882e-01, 
 2DIAGNOSTIC,    28, -3.618084482467e-01, 3.417878828238e-06, 1.1844e+01, 2.2587e-01, 
 2DIAGNOSTIC,    29, -3.618084482467e-01, 3.178356418075e-06, 1.2068e+01, 2.2451e-01, 
 2DIAGNOSTIC,    30, -3.618084482467e-01, 2.757286190258e-06, 1.2298e+01, 2.2948e-01, 
 2DIAGNOSTIC,    31, -3.618084482467e-01, 2.340740602375e-06, 1.2541e+01, 2.4342e-01, 
 2DIAGNOSTIC,    32, -3.618084482467e-01, 1.908050096866e-06, 1.2788e+01, 2.4673e-01, 
 2DIAGNOSTIC,    33, -3.618084482467e-01, 1.473700366635e-06, 1.3009e+01, 2.2062e-01, 
 2DIAGNOSTIC,    34, -3.618084482467e-01, 1.033560325065e-06, 1.3282e+01, 2.7313e-01, 
DIAGNOSTIC,Iteration,metricValue,convergenceValue,ITERATION_TIME_INDEX,SINCE_LAST
 2DIAGNOSTIC,     1, -3.312896033759e-01, 1.797693134862e+308, 1.5618e+01, 2.3360e+00, 
 2DIAGNOSTIC,     2, -3.314498610858e-01, 1.797693134862e+308, 1.6880e+01, 1.2625e+00, 
 2DIAGNOSTIC,     3, -3.317253498638e-01, 1.797693134862e+308, 1.8152e+01, 1.2717e+00, 
 2DIAGNOSTIC,     4, -3.320910455861e-01, 1.797693134862e+308, 1.9419e+01, 1.2674e+00, 
 2DIAGNOSTIC,     5, -3.324503786384e-01, 1.797693134862e+308, 2.0701e+01, 1.2820e+00, 
 2DIAGNOSTIC,     6, -3.327257420526e-01, 1.797693134862e+308, 2.2116e+01, 1.4151e+00, 
 2DIAGNOSTIC,     7, -3.328069607334e-01, 1.797693134862e+308, 2.4169e+01, 2.0524e+00, 
 2DIAGNOSTIC,     8, -3.328165107949e-01, 1.797693134862e+308, 2.5635e+01, 1.4664e+00, 
 2DIAGNOSTIC,     9, -3.328396797810e-01, 1.797693134862e+308, 2.7369e+01, 1.7335e+00, 
 2DIAGNOSTIC,    10, -3.328404151941e-01, 3.376628355145e-04, 2.9843e+01, 2.4744e+00, 
 2DIAGNOSTIC,    11, -3.328405306798e-01, 2.419284457951e-04, 3.1587e+01, 1.7442e+00, 
 2DIAGNOSTIC,    12, -3.328405065095e-01, 1.521807147993e-04, 3.3029e+01, 1.4412e+00, 
 2DIAGNOSTIC,    13, -3.328404316071e-01, 8.072587863353e-05, 3.4424e+01, 1.3957e+00, 
 2DIAGNOSTIC,    14, -3.328402987600e-01, 3.433224353246e-05, 3.6162e+01, 1.7375e+00, 
 2DIAGNOSTIC,    15, -3.328403333633e-01, 1.129320248572e-05, 3.7669e+01, 1.5069e+00, 
 2DIAGNOSTIC,    16, -3.328402243599e-01, 4.902233109616e-06, 3.8927e+01, 1.2584e+00, 
 2DIAGNOSTIC,    17, -3.328402764230e-01, 3.082770843016e-06, 4.0217e+01, 1.2898e+00, 
 2DIAGNOSTIC,    18, -3.328403638584e-01, 1.780433588151e-06, 4.1849e+01, 1.6320e+00, 
 2DIAGNOSTIC,    19, -3.328403335378e-01, 1.654039818583e-06, 4.3278e+01, 1.4292e+00, 
 2DIAGNOSTIC,    20, -3.328402332261e-01, 1.569365317304e-06, 4.4674e+01, 1.3958e+00, 
 2DIAGNOSTIC,    21, -3.328402302589e-01, 1.499552583079e-06, 4.6157e+01, 1.4835e+00, 
 2DIAGNOSTIC,    22, -3.328402044097e-01, 1.435626003098e-06, 4.7435e+01, 1.2776e+00, 
 2DIAGNOSTIC,    23, -3.328402788943e-01, 1.378306038788e-06, 4.9022e+01, 1.5870e+00, 
 2DIAGNOSTIC,    24, -3.328402387593e-01, 1.320021472989e-06, 5.0443e+01, 1.4210e+00, 
 2DIAGNOSTIC,    25, -3.328402605812e-01, 1.269215728114e-06, 5.1709e+01, 1.2660e+00, 
 2DIAGNOSTIC,    26, -3.328401577171e-01, 1.215724701659e-06, 5.3020e+01, 1.3106e+00, 
 2DIAGNOSTIC,    27, -3.328402196843e-01, 1.170549898587e-06, 5.4261e+01, 1.2415e+00, 
 2DIAGNOSTIC,    28, -3.328401859264e-01, 1.130900837691e-06, 5.5667e+01, 1.4057e+00, 
 2DIAGNOSTIC,    29, -3.328402791077e-01, 1.096470958806e-06, 5.7093e+01, 1.4261e+00, 
 2DIAGNOSTIC,    30, -3.328402325711e-01, 1.060227664884e-06, 5.8497e+01, 1.4040e+00, 
 2DIAGNOSTIC,    31, -3.328401610573e-01, 1.024453727516e-06, 6.0061e+01, 1.5643e+00, 
  Elapsed time (stage 0): 6.0839e+01


Total elapsed time: 6.0842e+01
Info [verificarlo]: loaded backend libinterflop_ieee.so
Info [interflop-ieee]: load backend with:
Info [interflop-ieee]: debug = false
Info [interflop-ieee]: debug-binary = false
Info [interflop-ieee]: no-backend-name = false
Info [interflop-ieee]: print-new-line = false
Info [interflop-ieee]: print-subnormal-normalized = false
Info [interflop-ieee]: count-op = false
All_Command_lines_OK
Using double precision for computations.
=============================================================================
The composite transform comprises the following transforms (in order): 
  1. /home/mdugre/scratch/mri-registration-rp/datasets/ds004513/derivatives/mri-registration-rp/0001/antsRegistration-r7-p16/sub-s020/rigid_Composite.h5[0] (type = Euler3DTransform)
  2. /home/mdugre/scratch/mri-registration-rp/datasets/ds004513/derivatives/mri-registration-rp/0001/antsRegistration-r7-p16/sub-s020/rigid_Composite.h5[1] (type = Euler3DTransform)
  3. /home/mdugre/scratch/mri-registration-rp/datasets/ds004513/derivatives/mri-registration-rp/0001/antsRegistration-r7-p16/sub-s020/rigid_Composite.h5[2] (type = Euler3DTransform)
=============================================================================
  number of levels = 4
  fixed image: /templateflow/tpl-MNI152NLin2009cAsym/tpl-MNI152NLin2009cAsym_res-01_desc-brain_T1w.nii.gz
  moving image: /home/mdugre/scratch/mri-registration-rp/datasets/ds004513/derivatives/mri-registration-rp/antsBrainExtraction/sub-s020/BrainExtractionBrain.nii.gz
Dimension = 3
Number of stages = 1
Use histogram matching = false
Winsorize image intensities = true
  Lower quantile = 0.005
  Upper quantile = 0.995


Stage 1 State
   Image metric = MattesMI
     Fixed image = Image (0x37f77e0)
  RTTI typeinfo:   itk::Image<double, 3u>
  Reference Count: 2
  Modified Time: 1594
  Debug: Off
  Object Name: 
  Observers: 
    none
  Source: (none)
  Source output name: (none)
  Release Data: Off
  Data Released: False
  Global Release Data: Off
  PipelineMTime: 0
  UpdateMTime: 1203
  RealTimeStamp: 0 seconds 
  LargestPossibleRegion: 
    Dimension: 3
    Index: [0, 0, 0]
    Size: [193, 229, 193]
  BufferedRegion: 
    Dimension: 3
    Index: [0, 0, 0]
    Size: [193, 229, 193]
  RequestedRegion: 
    Dimension: 3
    Index: [0, 0, 0]
    Size: [193, 229, 193]
  Spacing: [1, 1, 1]
  Origin: [96, 132, -78]
  Direction: 
-1 0 0
0 -1 0
0 0 1

  IndexToPointMatrix: 
-1 0 0
0 -1 0
0 0 1

  PointToIndexMatrix: 
-1 0 0
0 -1 0
0 0 1

  Inverse Direction: 
-1 0 0
0 -1 0
0 0 1

  PixelContainer: 
    ImportImageContainer (0x38b7a20)
      RTTI typeinfo:   itk::ImportImageContainer<unsigned long, double>
      Reference Count: 1
      Modified Time: 1200
      Debug: Off
      Object Name: 
      Observers: 
        none
      Pointer: 0x152e19d13010
      Container manages memory: true
      Size: 8530021
      Capacity: 8530021

     Moving image = Image (0x38b2d70)
  RTTI typeinfo:   itk::Image<double, 3u>
  Reference Count: 2
  Modified Time: 1595
  Debug: Off
  Object Name: 
  Observers: 
    none
  Source: (none)
  Source output name: (none)
  Release Data: Off
  Data Released: False
  Global Release Data: Off
  PipelineMTime: 0
  UpdateMTime: 1592
  RealTimeStamp: 0 seconds 
  LargestPossibleRegion: 
    Dimension: 3
    Index: [0, 0, 0]
    Size: [160, 240, 256]
  BufferedRegion: 
    Dimension: 3
    Index: [0, 0, 0]
    Size: [160, 240, 256]
  RequestedRegion: 
    Dimension: 3
    Index: [0, 0, 0]
    Size: [160, 240, 256]
  Spacing: [0.999995, 1, 1]
  Origin: [87.0906, 98.7205, -152.377]
  Direction: 
-0.996975 0.0261379 -0.0731913
-0.0260677 -0.999658 -0.00191374
-0.0732163 -2.46403e-08 0.997316

  IndexToPointMatrix: 
-0.996971 0.0261379 -0.0731913
-0.0260676 -0.999658 -0.00191374
-0.0732159 -2.46403e-08 0.997316

  PointToIndexMatrix: 
-0.99698 -0.0260679 -0.0732166
0.0261379 -0.999658 -2.46993e-08
-0.0731913 -0.00191374 0.997316

  Inverse Direction: 
-0.996975 -0.0260677 -0.0732163
0.0261379 -0.999658 -2.46993e-08
-0.0731913 -0.00191374 0.997316

  PixelContainer: 
    ImportImageContainer (0x386ac90)
      RTTI typeinfo:   itk::ImportImageContainer<unsigned long, double>
      Reference Count: 1
      Modified Time: 1589
      Debug: Off
      Object Name: 
      Observers: 
        none
      Pointer: 0x152e15212010
      Container manages memory: true
      Size: 9830400
      Capacity: 9830400

     Weighting = 1
     Sampling strategy = regular
     Number of bins = 32
     Radius = 4
     Sampling percentage  = 0.25
   Transform = Affine
     Gradient step = 0.1
     Update field sigma (voxel space) = 0
     Total field sigma (voxel space) = 0
     Update field time sigma = 0
     Total field time sigma  = 0
     Number of time indices = 0
     Number of time point samples = 0
Registration using 1 total stages.

Stage 0
  iterations = 1000x500x250x100
  convergence threshold = 1e-06
  convergence window size = 10
  number of levels = 4
  using the Mattes MI metric (number of bins = 32, weight = 1, use gradient filter = 0)
  preprocessing:  winsorizing the image intensities
  Shrink factors (level 1 out of 4): [8, 8, 8]
  Shrink factors (level 2 out of 4): [4, 4, 4]
  Shrink factors (level 3 out of 4): [2, 2, 2]
  Shrink factors (level 4 out of 4): [1, 1, 1]
  smoothing sigmas per level: [3, 2, 1, 0]
  regular sampling (percentage = 0.25)

*** Running AffineTransform registration ***

DIAGNOSTIC,Iteration,metricValue,convergenceValue,ITERATION_TIME_INDEX,SINCE_LAST
 2DIAGNOSTIC,     1, -5.155164998249e-01, 1.797693134862e+308, 6.8751e-01, 6.8751e-01, 
 2DIAGNOSTIC,     2, -5.172060731756e-01, 1.797693134862e+308, 6.9182e-01, 4.3180e-03, 
 2DIAGNOSTIC,     3, -5.198698293067e-01, 1.797693134862e+308, 6.9596e-01, 4.1380e-03, 
 2DIAGNOSTIC,     4, -5.237743432086e-01, 1.797693134862e+308, 7.0007e-01, 4.1041e-03, 
 2DIAGNOSTIC,     5, -5.303890622700e-01, 1.797693134862e+308, 7.0444e-01, 4.3790e-03, 
 2DIAGNOSTIC,     6, -5.615785604749e-01, 1.797693134862e+308, 7.0912e-01, 4.6740e-03, 
 2DIAGNOSTIC,     7, -7.217527957325e-01, 1.797693134862e+308, 7.1500e-01, 5.8792e-03, 
 2DIAGNOSTIC,     8, -7.384219923557e-01, 1.797693134862e+308, 7.1966e-01, 4.6639e-03, 
 2DIAGNOSTIC,     9, -7.487429439686e-01, 1.797693134862e+308, 7.2438e-01, 4.7219e-03, 
 2DIAGNOSTIC,    10, -7.658506865009e-01, 3.255639136579e-02, 7.2991e-01, 5.5230e-03, 
 2DIAGNOSTIC,    11, -7.893402264986e-01, 3.151190609713e-02, 7.3747e-01, 7.5688e-03, 
 2DIAGNOSTIC,    12, -7.911984958713e-01, 2.792376678697e-02, 7.4222e-01, 4.7469e-03, 
 2DIAGNOSTIC,    13, -8.029436035828e-01, 2.297648722399e-02, 7.4747e-01, 5.2440e-03, 
 2DIAGNOSTIC,    14, -8.120251574089e-01, 1.728398921673e-02, 7.5243e-01, 4.9620e-03, 
 2DIAGNOSTIC,    15, -8.159508158467e-01, 1.126041974200e-02, 7.5793e-01, 5.4998e-03, 
 2DIAGNOSTIC,    16, -8.196068039746e-01, 5.897681862387e-03, 7.6350e-01, 5.5759e-03, 
 2DIAGNOSTIC,    17, -8.258825796503e-01, 4.748808004190e-03, 7.6897e-01, 5.4691e-03, 
 2DIAGNOSTIC,    18, -8.514333052414e-01, 4.257656390418e-03, 7.7643e-01, 7.4568e-03, 
 2DIAGNOSTIC,    19, -8.517601268389e-01, 3.641733829623e-03, 7.8256e-01, 6.1300e-03, 
 2DIAGNOSTIC,    20, -8.522216254179e-01, 3.108324275416e-03, 7.8743e-01, 4.8749e-03, 
 2DIAGNOSTIC,    21, -8.524536585327e-01, 2.801307199896e-03, 7.9286e-01, 5.4209e-03, 
 2DIAGNOSTIC,    22, -8.518546411101e-01, 2.283315052429e-03, 7.9833e-01, 5.4750e-03, 
 2DIAGNOSTIC,    23, -8.517951542365e-01, 1.792183847703e-03, 8.0373e-01, 5.3990e-03, 
 2DIAGNOSTIC,    24, -8.517100283052e-01, 1.324215155402e-03, 8.0910e-01, 5.3709e-03, 
 2DIAGNOSTIC,    25, -8.516333633463e-01, 8.400227124870e-04, 8.1446e-01, 5.3589e-03, 
 2DIAGNOSTIC,    26, -8.516346159277e-01, 3.750565444006e-04, 8.1985e-01, 5.3949e-03, 
DIAGNOSTIC,Iteration,metricValue,convergenceValue,ITERATION_TIME_INDEX,SINCE_LAST
 2DIAGNOSTIC,     1, -7.124558361136e-01, 1.797693134862e+308, 1.5362e+00, 7.1638e-01, 
 2DIAGNOSTIC,     2, -7.135612159295e-01, 1.797693134862e+308, 1.5708e+00, 3.4561e-02, 
 2DIAGNOSTIC,     3, -7.147492365205e-01, 1.797693134862e+308, 1.6049e+00, 3.4101e-02, 
 2DIAGNOSTIC,     4, -7.159493417790e-01, 1.797693134862e+308, 1.6427e+00, 3.7803e-02, 
 2DIAGNOSTIC,     5, -7.170690302963e-01, 1.797693134862e+308, 1.6767e+00, 3.3998e-02, 
 2DIAGNOSTIC,     6, -7.181341746265e-01, 1.797693134862e+308, 1.7198e+00, 4.3115e-02, 
 2DIAGNOSTIC,     7, -7.187023980953e-01, 1.797693134862e+308, 1.7552e+00, 3.5431e-02, 
 2DIAGNOSTIC,     8, -7.187177456555e-01, 1.797693134862e+308, 1.7906e+00, 3.5390e-02, 
 2DIAGNOSTIC,     9, -7.186721410270e-01, 1.797693134862e+308, 1.8278e+00, 3.7168e-02, 
 2DIAGNOSTIC,    10, -7.185902328259e-01, 5.919761039727e-04, 1.8628e+00, 3.5021e-02, 
 2DIAGNOSTIC,    11, -7.186424284364e-01, 4.070134313232e-04, 1.9210e+00, 5.8157e-02, 
 2DIAGNOSTIC,    12, -7.186494723081e-01, 2.528668228599e-04, 1.9597e+00, 3.8761e-02, 
 2DIAGNOSTIC,    13, -7.186276256843e-01, 1.352472437990e-04, 1.9981e+00, 3.8343e-02, 
 2DIAGNOSTIC,    14, -7.186189398362e-01, 5.591620624225e-05, 2.0371e+00, 3.8982e-02, 
 2DIAGNOSTIC,    15, -7.186121360842e-01, 1.110060350452e-05, 2.0742e+00, 3.7179e-02, 
DIAGNOSTIC,Iteration,metricValue,convergenceValue,ITERATION_TIME_INDEX,SINCE_LAST
 2DIAGNOSTIC,     1, -5.953968388327e-01, 1.797693134862e+308, 3.1296e+00, 1.0554e+00, 
 2DIAGNOSTIC,     2, -5.957299583449e-01, 1.797693134862e+308, 3.4013e+00, 2.7165e-01, 
 2DIAGNOSTIC,     3, -5.961066935732e-01, 1.797693134862e+308, 3.6707e+00, 2.6948e-01, 
 2DIAGNOSTIC,     4, -5.965509005365e-01, 1.797693134862e+308, 3.9502e+00, 2.7949e-01, 
 2DIAGNOSTIC,     5, -5.970378522500e-01, 1.797693134862e+308, 4.2134e+00, 2.6320e-01, 
 2DIAGNOSTIC,     6, -5.973100531864e-01, 1.797693134862e+308, 4.5235e+00, 3.1009e-01, 
 2DIAGNOSTIC,     7, -5.973506125870e-01, 1.797693134862e+308, 5.0608e+00, 5.3729e-01, 
 2DIAGNOSTIC,     8, -5.973525862779e-01, 1.797693134862e+308, 5.3733e+00, 3.1248e-01, 
 2DIAGNOSTIC,     9, -5.973507492946e-01, 1.797693134862e+308, 5.6806e+00, 3.0735e-01, 
 2DIAGNOSTIC,    10, -5.973488894180e-01, 2.251697647136e-04, 6.0152e+00, 3.3457e-01, 
 2DIAGNOSTIC,    11, -5.973479259968e-01, 1.508834534502e-04, 6.3031e+00, 2.8792e-01, 
 2DIAGNOSTIC,    12, -5.973456819900e-01, 8.887989589419e-05, 6.5702e+00, 2.6709e-01, 
 2DIAGNOSTIC,    13, -5.973459253823e-01, 4.235054858934e-05, 6.8085e+00, 2.3829e-01, 
 2DIAGNOSTIC,    14, -5.973450874853e-01, 1.358599076860e-05, 7.0915e+00, 2.8298e-01, 
 2DIAGNOSTIC,    15, -5.973454411239e-01, 2.863510366297e-06, 7.3673e+00, 2.7576e-01, 
 2DIAGNOSTIC,    16, -5.973445036244e-01, 1.451356196253e-06, 7.6275e+00, 2.6026e-01, 
 2DIAGNOSTIC,    17, -5.973434547045e-01, 1.359979051527e-06, 7.8719e+00, 2.4433e-01, 
 2DIAGNOSTIC,    18, -5.973425385786e-01, 1.355284837655e-06, 8.1413e+00, 2.6944e-01, 
 2DIAGNOSTIC,    19, -5.973427786854e-01, 1.349719938266e-06, 8.3845e+00, 2.4326e-01, 
 2DIAGNOSTIC,    20, -5.973419349954e-01, 1.309889372657e-06, 8.6446e+00, 2.6005e-01, 
 2DIAGNOSTIC,    21, -5.973425995541e-01, 1.295199013644e-06, 8.9205e+00, 2.7586e-01, 
 2DIAGNOSTIC,    22, -5.973419958472e-01, 1.240538968578e-06, 9.2056e+00, 2.8509e-01, 
 2DIAGNOSTIC,    23, -5.973424039692e-01, 1.224281686404e-06, 9.4879e+00, 2.8231e-01, 
 2DIAGNOSTIC,    24, -5.973392419486e-01, 1.144115867303e-06, 9.7572e+00, 2.6933e-01, 
 2DIAGNOSTIC,    25, -5.973400338819e-01, 1.111070991107e-06, 1.0066e+01, 3.0836e-01, 
 2DIAGNOSTIC,    26, -5.973386647223e-01, 1.052887565009e-06, 1.0326e+01, 2.5995e-01, 
DIAGNOSTIC,Iteration,metricValue,convergenceValue,ITERATION_TIME_INDEX,SINCE_LAST
 2DIAGNOSTIC,     1, -5.294362788393e-01, 1.797693134862e+308, 1.3216e+01, 2.8901e+00, 
 2DIAGNOSTIC,     2, -5.297102275635e-01, 1.797693134862e+308, 1.5019e+01, 1.8030e+00, 
 2DIAGNOSTIC,     3, -5.299564891999e-01, 1.797693134862e+308, 1.6770e+01, 1.7512e+00, 
 2DIAGNOSTIC,     4, -5.302912980762e-01, 1.797693134862e+308, 1.8622e+01, 1.8517e+00, 
 2DIAGNOSTIC,     5, -5.316399091142e-01, 1.797693134862e+308, 2.2701e+01, 4.0797e+00, 
 2DIAGNOSTIC,     6, -5.316392862285e-01, 1.797693134862e+308, 2.4971e+01, 2.2700e+00, 
 2DIAGNOSTIC,     7, -5.316392227248e-01, 1.797693134862e+308, 2.8450e+01, 3.4786e+00, 
 2DIAGNOSTIC,     8, -5.316392953814e-01, 1.797693134862e+308, 3.0444e+01, 1.9937e+00, 
 2DIAGNOSTIC,     9, -5.316391071714e-01, 1.797693134862e+308, 3.2143e+01, 1.6998e+00, 
 2DIAGNOSTIC,    10, -5.316390995651e-01, 3.082324710806e-04, 3.3984e+01, 1.8407e+00, 
