
##########################
# Experiment information #
##########################

EXPERIMENT_NAME: antsRegistration-r8-p8
VFC_BACKENDS: libinterflop_vprec.so --range-binary32=8 --precision-binary32=8 --range-binary64=8 --precision-binary64=8

SIF_IMG: /home/mdugre/projects/rrg-glatard/mdugre/containers/ants-vprec-no_metrics.simg

SUBJECT_ID: s033
INPUT_IMG: /home/mdugre/scratch/mri-registration-rp/datasets/ds004513/derivatives/mri-registration-rp/antsBrainExtraction/sub-s033/BrainExtractionBrain.nii.gz
OUTPUT_DIR: /home/mdugre/scratch/mri-registration-rp/datasets/ds004513/derivatives/mri-registration-rp/0001/antsRegistration-r8-p8/sub-s033

FIXED_IMG: /templateflow/tpl-MNI152NLin2009cAsym/tpl-MNI152NLin2009cAsym_res-01_desc-brain_T1w.nii.gz
DATA_DIR: /home/mdugre/scratch/mri-registration-rp/datasets/ds004513
TEMPLATEFLOW_DIR: /home/mdugre/projects/rrg-glatard/mdugre/templateflow
ITK_GLOBAL_DEFAULT_NUMBER_OF_THREADS: 16
##########################

Info [verificarlo]: loaded backend libinterflop_ieee.so
Info [interflop-ieee]: load backend with:
Info [interflop-ieee]: debug = false
Info [interflop-ieee]: debug-binary = false
Info [interflop-ieee]: no-backend-name = false
Info [interflop-ieee]: print-new-line = false
Info [interflop-ieee]: print-subnormal-normalized = false
Info [interflop-ieee]: count-op = false
All_Command_lines_OK
Using double precision for computations.
=============================================================================
The composite transform comprises the following transforms (in order): 
  1. Center of mass alignment using fixed image: /templateflow/tpl-MNI152NLin2009cAsym/tpl-MNI152NLin2009cAsym_res-01_desc-brain_T1w.nii.gz and moving image: /home/mdugre/scratch/mri-registration-rp/datasets/ds004513/derivatives/mri-registration-rp/antsBrainExtraction/sub-s033/BrainExtractionBrain.nii.gz (type = Euler3DTransform)
=============================================================================
  number of levels = 1
  fixed image: /templateflow/tpl-MNI152NLin2009cAsym/tpl-MNI152NLin2009cAsym_res-01_desc-brain_T1w.nii.gz
  moving image: /home/mdugre/scratch/mri-registration-rp/datasets/ds004513/derivatives/mri-registration-rp/antsBrainExtraction/sub-s033/BrainExtractionBrain.nii.gz
Dimension = 3
Number of stages = 1
Use histogram matching = false
Winsorize image intensities = true
  Lower quantile = 0.005
  Upper quantile = 0.995


Stage 1 State
   Image metric = MattesMI
     Fixed image = Image (0x48c0bd0)
  RTTI typeinfo:   itk::Image<double, 3u>
  Reference Count: 2
  Modified Time: 2330
  Debug: Off
  Object Name: 
  Observers: 
    none
  Source: (none)
  Source output name: (none)
  Release Data: Off
  Data Released: False
  Global Release Data: Off
  PipelineMTime: 0
  UpdateMTime: 1941
  RealTimeStamp: 0 seconds 
  LargestPossibleRegion: 
    Dimension: 3
    Index: [0, 0, 0]
    Size: [193, 229, 193]
  BufferedRegion: 
    Dimension: 3
    Index: [0, 0, 0]
    Size: [193, 229, 193]
  RequestedRegion: 
    Dimension: 3
    Index: [0, 0, 0]
    Size: [193, 229, 193]
  Spacing: [1, 1, 1]
  Origin: [96, 132, -78]
  Direction: 
-1 0 0
0 -1 0
0 0 1

  IndexToPointMatrix: 
-1 0 0
0 -1 0
0 0 1

  PointToIndexMatrix: 
-1 0 0
0 -1 0
0 0 1

  Inverse Direction: 
-1 0 0
0 -1 0
0 0 1

  PixelContainer: 
    ImportImageContainer (0x48c99e0)
      RTTI typeinfo:   itk::ImportImageContainer<unsigned long, double>
      Reference Count: 1
      Modified Time: 1938
      Debug: Off
      Object Name: 
      Observers: 
        none
      Pointer: 0x1529e4290010
      Container manages memory: true
      Size: 8530021
      Capacity: 8530021

     Moving image = Image (0x48ca910)
  RTTI typeinfo:   itk::Image<double, 3u>
  Reference Count: 2
  Modified Time: 2331
  Debug: Off
  Object Name: 
  Observers: 
    none
  Source: (none)
  Source output name: (none)
  Release Data: Off
  Data Released: False
  Global Release Data: Off
  PipelineMTime: 0
  UpdateMTime: 2328
  RealTimeStamp: 0 seconds 
  LargestPossibleRegion: 
    Dimension: 3
    Index: [0, 0, 0]
    Size: [160, 240, 256]
  BufferedRegion: 
    Dimension: 3
    Index: [0, 0, 0]
    Size: [160, 240, 256]
  RequestedRegion: 
    Dimension: 3
    Index: [0, 0, 0]
    Size: [160, 240, 256]
  Spacing: [1, 1, 1]
  Origin: [91.5134, 94.282, -109.927]
  Direction: 
-0.99591 -0.0698718 -0.0572835
0.0697565 -0.997556 0.00401236
-0.0574239 5.01125e-08 0.99835

  IndexToPointMatrix: 
-0.99591 -0.0698718 -0.0572835
0.0697565 -0.997556 0.00401236
-0.0574239 5.01125e-08 0.99835

  PointToIndexMatrix: 
-0.99591 0.0697565 -0.0574239
-0.0698718 -0.997556 5.01483e-08
-0.0572835 0.00401236 0.99835

  Inverse Direction: 
-0.99591 0.0697565 -0.0574239
-0.0698718 -0.997556 5.01483e-08
-0.0572835 0.00401236 0.99835

  PixelContainer: 
    ImportImageContainer (0x49b0a50)
      RTTI typeinfo:   itk::ImportImageContainer<unsigned long, double>
      Reference Count: 1
      Modified Time: 2325
      Debug: Off
      Object Name: 
      Observers: 
        none
      Pointer: 0x1529df78f010
      Container manages memory: true
      Size: 9830400
      Capacity: 9830400

     Weighting = 1
     Sampling strategy = regular
     Number of bins = 32
     Radius = 4
     Sampling percentage  = 0.25
   Transform = Rigid
     Gradient step = 0.1
     Update field sigma (voxel space) = 0
     Total field sigma (voxel space) = 0
     Update field time sigma = 0
     Total field time sigma  = 0
     Number of time indices = 0
     Number of time point samples = 0
Registration using 1 total stages.

Stage 0
  iterations = 0
  convergence threshold = 1e-06
  convergence window size = 10
  number of levels = 1
  using the Mattes MI metric (number of bins = 32, weight = 1, use gradient filter = 0)
  preprocessing:  winsorizing the image intensities
  Shrink factors (level 1 out of 1): [1, 1, 1]
  smoothing sigmas per level: [0]
  regular sampling (percentage = 0.25)

*** Running Euler3DTransform registration ***

  Elapsed time (stage 0): 1.07185


Total elapsed time: 1.07394
Info [verificarlo]: loaded backend libinterflop_ieee.so
Info [interflop-ieee]: load backend with:
Info [interflop-ieee]: debug = false
Info [interflop-ieee]: debug-binary = false
Info [interflop-ieee]: no-backend-name = false
Info [interflop-ieee]: print-new-line = false
Info [interflop-ieee]: print-subnormal-normalized = false
Info [interflop-ieee]: count-op = false
All_Command_lines_OK
Using double precision for computations.
=============================================================================
The composite transform comprises the following transforms (in order): 
  1. /home/mdugre/scratch/mri-registration-rp/datasets/ds004513/derivatives/mri-registration-rp/0001/antsRegistration-r8-p8/sub-s033/align_Composite.h5[0] (type = Euler3DTransform)
  2. /home/mdugre/scratch/mri-registration-rp/datasets/ds004513/derivatives/mri-registration-rp/0001/antsRegistration-r8-p8/sub-s033/align_Composite.h5[1] (type = Euler3DTransform)
=============================================================================
  number of levels = 4
  fixed image: /templateflow/tpl-MNI152NLin2009cAsym/tpl-MNI152NLin2009cAsym_res-01_desc-brain_T1w.nii.gz
  moving image: /home/mdugre/scratch/mri-registration-rp/datasets/ds004513/derivatives/mri-registration-rp/antsBrainExtraction/sub-s033/BrainExtractionBrain.nii.gz
Dimension = 3
Number of stages = 1
Use histogram matching = false
Winsorize image intensities = true
  Lower quantile = 0.005
  Upper quantile = 0.995


Stage 1 State
   Image metric = MattesMI
     Fixed image = Image (0x3a29530)
  RTTI typeinfo:   itk::Image<double, 3u>
  Reference Count: 2
  Modified Time: 1578
  Debug: Off
  Object Name: 
  Observers: 
    none
  Source: (none)
  Source output name: (none)
  Release Data: Off
  Data Released: False
  Global Release Data: Off
  PipelineMTime: 0
  UpdateMTime: 1189
  RealTimeStamp: 0 seconds 
  LargestPossibleRegion: 
    Dimension: 3
    Index: [0, 0, 0]
    Size: [193, 229, 193]
  BufferedRegion: 
    Dimension: 3
    Index: [0, 0, 0]
    Size: [193, 229, 193]
  RequestedRegion: 
    Dimension: 3
    Index: [0, 0, 0]
    Size: [193, 229, 193]
  Spacing: [1, 1, 1]
  Origin: [96, 132, -78]
  Direction: 
-1 0 0
0 -1 0
0 0 1

  IndexToPointMatrix: 
-1 0 0
0 -1 0
0 0 1

  PointToIndexMatrix: 
-1 0 0
0 -1 0
0 0 1

  Inverse Direction: 
-1 0 0
0 -1 0
0 0 1

  PixelContainer: 
    ImportImageContainer (0x3ae7d60)
      RTTI typeinfo:   itk::ImportImageContainer<unsigned long, double>
      Reference Count: 1
      Modified Time: 1186
      Debug: Off
      Object Name: 
      Observers: 
        none
      Pointer: 0x14a78fea2010
      Container manages memory: true
      Size: 8530021
      Capacity: 8530021

     Moving image = Image (0x3ad9f60)
  RTTI typeinfo:   itk::Image<double, 3u>
  Reference Count: 2
  Modified Time: 1579
  Debug: Off
  Object Name: 
  Observers: 
    none
  Source: (none)
  Source output name: (none)
  Release Data: Off
  Data Released: False
  Global Release Data: Off
  PipelineMTime: 0
  UpdateMTime: 1576
  RealTimeStamp: 0 seconds 
  LargestPossibleRegion: 
    Dimension: 3
    Index: [0, 0, 0]
    Size: [160, 240, 256]
  BufferedRegion: 
    Dimension: 3
    Index: [0, 0, 0]
    Size: [160, 240, 256]
  RequestedRegion: 
    Dimension: 3
    Index: [0, 0, 0]
    Size: [160, 240, 256]
  Spacing: [1, 1, 1]
  Origin: [91.5134, 94.282, -109.927]
  Direction: 
-0.99591 -0.0698718 -0.0572835
0.0697565 -0.997556 0.00401236
-0.0574239 5.01125e-08 0.99835

  IndexToPointMatrix: 
-0.99591 -0.0698718 -0.0572835
0.0697565 -0.997556 0.00401236
-0.0574239 5.01125e-08 0.99835

  PointToIndexMatrix: 
-0.99591 0.0697565 -0.0574239
-0.0698718 -0.997556 5.01483e-08
-0.0572835 0.00401236 0.99835

  Inverse Direction: 
-0.99591 0.0697565 -0.0574239
-0.0698718 -0.997556 5.01483e-08
-0.0572835 0.00401236 0.99835

  PixelContainer: 
    ImportImageContainer (0x3acb6d0)
      RTTI typeinfo:   itk::ImportImageContainer<unsigned long, double>
      Reference Count: 1
      Modified Time: 1573
      Debug: Off
      Object Name: 
      Observers: 
        none
      Pointer: 0x14a78b3a1010
      Container manages memory: true
      Size: 9830400
      Capacity: 9830400

     Weighting = 1
     Sampling strategy = regular
     Number of bins = 32
     Radius = 4
     Sampling percentage  = 0.25
   Transform = Rigid
     Gradient step = 0.1
     Update field sigma (voxel space) = 0
     Total field sigma (voxel space) = 0
     Update field time sigma = 0
     Total field time sigma  = 0
     Number of time indices = 0
     Number of time point samples = 0
Registration using 1 total stages.

Stage 0
  iterations = 1000x500x250x100
  convergence threshold = 1e-06
  convergence window size = 10
  number of levels = 4
  using the Mattes MI metric (number of bins = 32, weight = 1, use gradient filter = 0)
  preprocessing:  winsorizing the image intensities
  Shrink factors (level 1 out of 4): [8, 8, 8]
  Shrink factors (level 2 out of 4): [4, 4, 4]
  Shrink factors (level 3 out of 4): [2, 2, 2]
  Shrink factors (level 4 out of 4): [1, 1, 1]
  smoothing sigmas per level: [3, 2, 1, 0]
  regular sampling (percentage = 0.25)

*** Running Euler3DTransform registration ***

DIAGNOSTIC,Iteration,metricValue,convergenceValue,ITERATION_TIME_INDEX,SINCE_LAST
 2DIAGNOSTIC,     1, -4.945365495269e-01, 1.797693134862e+308, 7.3690e-01, 7.3690e-01, 
 2DIAGNOSTIC,     2, -4.961551199262e-01, 1.797693134862e+308, 7.4163e-01, 4.7390e-03, 
 2DIAGNOSTIC,     3, -4.991207097076e-01, 1.797693134862e+308, 7.4611e-01, 4.4770e-03, 
 2DIAGNOSTIC,     4, -5.030359852117e-01, 1.797693134862e+308, 7.5065e-01, 4.5340e-03, 
 2DIAGNOSTIC,     5, -5.059125054655e-01, 1.797693134862e+308, 7.5476e-01, 4.1189e-03, 
 2DIAGNOSTIC,     6, -5.092815596254e-01, 1.797693134862e+308, 7.5996e-01, 5.1990e-03, 
 2DIAGNOSTIC,     7, -5.205915484568e-01, 1.797693134862e+308, 7.6515e-01, 5.1820e-03, 
 2DIAGNOSTIC,     8, -5.236677933913e-01, 1.797693134862e+308, 7.6955e-01, 4.4072e-03, 
 2DIAGNOSTIC,     9, -5.261653611514e-01, 1.797693134862e+308, 7.7399e-01, 4.4351e-03, 
 2DIAGNOSTIC,    10, -5.313843279548e-01, 4.956236851461e-03, 7.7895e-01, 4.9620e-03, 
 2DIAGNOSTIC,    11, -5.461121550605e-01, 5.255951709876e-03, 7.8542e-01, 6.4740e-03, 
 2DIAGNOSTIC,    12, -5.563506773257e-01, 5.544499219489e-03, 7.8998e-01, 4.5550e-03, 
 2DIAGNOSTIC,    13, -6.011783753101e-01, 7.240286204012e-03, 7.9622e-01, 6.2411e-03, 
 2DIAGNOSTIC,    14, -6.166052825046e-01, 8.701253899296e-03, 8.0172e-01, 5.5001e-03, 
 2DIAGNOSTIC,    15, -6.211428291603e-01, 9.416357350961e-03, 8.0653e-01, 4.8099e-03, 
 2DIAGNOSTIC,    16, -6.235432150581e-01, 9.368281932215e-03, 8.1206e-01, 5.5280e-03, 
 2DIAGNOSTIC,    17, -6.347577458307e-01, 9.145335015981e-03, 8.1896e-01, 6.8982e-03, 
 2DIAGNOSTIC,    18, -6.413138475446e-01, 8.359392939409e-03, 8.2416e-01, 5.2018e-03, 
 2DIAGNOSTIC,    19, -6.420802703811e-01, 6.980623424453e-03, 8.2967e-01, 5.5091e-03, 
 2DIAGNOSTIC,    20, -6.425493359799e-01, 5.272872533914e-03, 8.3426e-01, 4.5891e-03, 
 2DIAGNOSTIC,    21, -6.431795000958e-01, 3.641466622320e-03, 8.3959e-01, 5.3341e-03, 
 2DIAGNOSTIC,    22, -6.434078407296e-01, 2.049113949026e-03, 8.4447e-01, 4.8800e-03, 
 2DIAGNOSTIC,    23, -6.435083885732e-01, 1.381096866111e-03, 8.4959e-01, 5.1219e-03, 
 2DIAGNOSTIC,    24, -6.436807744123e-01, 9.688115990681e-04, 8.5655e-01, 6.9561e-03, 
 2DIAGNOSTIC,    25, -6.439989338190e-01, 6.014652496028e-04, 8.6370e-01, 7.1549e-03, 
 2DIAGNOSTIC,    26, -6.448361486404e-01, 2.655194897336e-04, 8.6820e-01, 4.4990e-03, 
 2DIAGNOSTIC,    27, -6.460796042995e-01, 1.536864303381e-04, 8.7396e-01, 5.7619e-03, 
 2DIAGNOSTIC,    28, -6.463976201331e-01, 1.550352893551e-04, 8.7944e-01, 5.4779e-03, 
 2DIAGNOSTIC,    29, -6.463935461107e-01, 1.547432156834e-04, 8.8426e-01, 4.8151e-03, 
 2DIAGNOSTIC,    30, -6.464392299851e-01, 1.482978957211e-04, 8.8906e-01, 4.8060e-03, 
 2DIAGNOSTIC,    31, -6.463723509371e-01, 1.368672429524e-04, 8.9329e-01, 4.2281e-03, 
 2DIAGNOSTIC,    32, -6.464254413764e-01, 1.173266913165e-04, 8.9858e-01, 5.2850e-03, 
 2DIAGNOSTIC,    33, -6.464354985112e-01, 8.969342602365e-05, 9.1239e-01, 1.3814e-02, 
 2DIAGNOSTIC,    34, -6.464354984783e-01, 5.811501271030e-05, 9.2596e-01, 1.3571e-02, 
 2DIAGNOSTIC,    35, -6.464354984783e-01, 2.735373594420e-05, 9.3179e-01, 5.8329e-03, 
 2DIAGNOSTIC,    36, -6.464354984783e-01, 6.561958859258e-06, 9.3660e-01, 4.8089e-03, 
 2DIAGNOSTIC,    37, -6.464354984783e-01, 2.244490562492e-06, 9.4215e-01, 5.5490e-03, 
 2DIAGNOSTIC,    38, -6.464354984783e-01, 1.990751991220e-06, 9.4747e-01, 5.3222e-03, 
 2DIAGNOSTIC,    39, -6.464354984783e-01, 1.582336883649e-06, 9.5223e-01, 4.7560e-03, 
 2DIAGNOSTIC,    40, -6.464354984783e-01, 1.698175786456e-06, 9.5723e-01, 4.9980e-03, 
DIAGNOSTIC,Iteration,metricValue,convergenceValue,ITERATION_TIME_INDEX,SINCE_LAST
 2DIAGNOSTIC,     1, -5.367244443377e-01, 1.797693134862e+308, 1.6510e+00, 6.9379e-01, 
 2DIAGNOSTIC,     2, -5.380313825743e-01, 1.797693134862e+308, 1.6803e+00, 2.9283e-02, 
 2DIAGNOSTIC,     3, -5.401731900831e-01, 1.797693134862e+308, 1.7098e+00, 2.9467e-02, 
 2DIAGNOSTIC,     4, -5.431881336309e-01, 1.797693134862e+308, 1.7395e+00, 2.9687e-02, 
 2DIAGNOSTIC,     5, -5.453557590955e-01, 1.797693134862e+308, 1.7712e+00, 3.1748e-02, 
 2DIAGNOSTIC,     6, -5.461088562464e-01, 1.797693134862e+308, 1.8004e+00, 2.9219e-02, 
 2DIAGNOSTIC,     7, -5.462086678205e-01, 1.797693134862e+308, 1.8330e+00, 3.2530e-02, 
 2DIAGNOSTIC,     8, -5.464644810746e-01, 1.797693134862e+308, 1.8843e+00, 5.1351e-02, 
 2DIAGNOSTIC,     9, -5.466119841429e-01, 1.797693134862e+308, 1.9205e+00, 3.6240e-02, 
 2DIAGNOSTIC,    10, -5.465653130271e-01, 1.220919040336e-03, 1.9542e+00, 3.3661e-02, 
 2DIAGNOSTIC,    11, -5.465682684178e-01, 8.133912814961e-04, 1.9924e+00, 3.8206e-02, 
 2DIAGNOSTIC,    12, -5.465541408385e-01, 4.580258770372e-04, 2.0265e+00, 3.4077e-02, 
 2DIAGNOSTIC,    13, -5.465494214894e-01, 2.001583084953e-04, 2.0603e+00, 3.3815e-02, 
 2DIAGNOSTIC,    14, -5.465144127277e-01, 7.040399766588e-05, 2.0903e+00, 3.0000e-02, 
 2DIAGNOSTIC,    15, -5.465021545744e-01, 2.625950980811e-05, 2.1252e+00, 3.4906e-02, 
 2DIAGNOSTIC,    16, -5.465203007206e-01, 1.067860650086e-05, 2.1611e+00, 3.5873e-02, 
DIAGNOSTIC,Iteration,metricValue,convergenceValue,ITERATION_TIME_INDEX,SINCE_LAST
 2DIAGNOSTIC,     1, -4.642612160091e-01, 1.797693134862e+308, 3.1310e+00, 9.6994e-01, 
 2DIAGNOSTIC,     2, -4.645523963524e-01, 1.797693134862e+308, 3.3590e+00, 2.2796e-01, 
 2DIAGNOSTIC,     3, -4.648354185830e-01, 1.797693134862e+308, 3.5870e+00, 2.2804e-01, 
 2DIAGNOSTIC,     4, -4.650444818681e-01, 1.797693134862e+308, 3.8250e+00, 2.3804e-01, 
 2DIAGNOSTIC,     5, -4.653294028778e-01, 1.797693134862e+308, 4.0234e+00, 1.9835e-01, 
 2DIAGNOSTIC,     6, -4.657501520434e-01, 1.797693134862e+308, 4.2281e+00, 2.0471e-01, 
 2DIAGNOSTIC,     7, -4.663152993583e-01, 1.797693134862e+308, 4.5685e+00, 3.4037e-01, 
 2DIAGNOSTIC,     8, -4.663376518524e-01, 1.797693134862e+308, 4.7994e+00, 2.3096e-01, 
 2DIAGNOSTIC,     9, -4.663397935014e-01, 1.797693134862e+308, 5.1240e+00, 3.2459e-01, 
 2DIAGNOSTIC,    10, -4.663424494749e-01, 3.304414720874e-04, 5.4520e+00, 3.2793e-01, 
 2DIAGNOSTIC,    11, -4.663407762574e-01, 2.569717066763e-04, 5.7559e+00, 3.0391e-01, 
 2DIAGNOSTIC,    12, -4.663402988725e-01, 1.871608090255e-04, 6.0082e+00, 2.5233e-01, 
 2DIAGNOSTIC,    13, -4.663397688512e-01, 1.247948673886e-04, 6.2400e+00, 2.3180e-01, 
 2DIAGNOSTIC,    14, -4.663383671215e-01, 6.955013919734e-05, 6.4599e+00, 2.1994e-01, 
 2DIAGNOSTIC,    15, -4.663373085412e-01, 2.688612056266e-05, 6.7094e+00, 2.4950e-01, 
 2DIAGNOSTIC,    16, -4.663380613866e-01, 2.757966021699e-06, 6.9817e+00, 2.7227e-01, 
 2DIAGNOSTIC,    17, -4.663366387751e-01, 1.609410571826e-06, 7.2124e+00, 2.3072e-01, 
 2DIAGNOSTIC,    18, -4.663363747636e-01, 1.361300466421e-06, 7.4337e+00, 2.2130e-01, 
 2DIAGNOSTIC,    19, -4.663349265089e-01, 1.197064218007e-06, 7.6581e+00, 2.2438e-01, 
 2DIAGNOSTIC,    20, -4.663342707040e-01, 1.156854380548e-06, 7.8504e+00, 1.9232e-01, 
 2DIAGNOSTIC,    21, -4.663338223434e-01, 1.098743933142e-06, 8.0705e+00, 2.2007e-01, 
 2DIAGNOSTIC,    22, -4.663346780397e-01, 1.094938354422e-06, 8.2873e+00, 2.1676e-01, 
 2DIAGNOSTIC,    23, -4.663351761570e-01, 1.123944116915e-06, 8.5265e+00, 2.3929e-01, 
 2DIAGNOSTIC,    24, -4.663374259785e-01, 1.197302028341e-06, 8.7567e+00, 2.3011e-01, 
 2DIAGNOSTIC,    25, -4.663373142465e-01, 1.246668964269e-06, 8.9872e+00, 2.3052e-01, 
 2DIAGNOSTIC,    26, -4.663384917857e-01, 1.341407844288e-06, 9.1979e+00, 2.1076e-01, 
 2DIAGNOSTIC,    27, -4.663413935322e-01, 1.450741717889e-06, 9.4296e+00, 2.3169e-01, 
 2DIAGNOSTIC,    28, -4.663452537655e-01, 1.603542076074e-06, 9.6568e+00, 2.2716e-01, 
 2DIAGNOSTIC,    29, -4.663455684015e-01, 1.676444120226e-06, 9.8687e+00, 2.1190e-01, 
 2DIAGNOSTIC,    30, -4.663486408481e-01, 1.741005755285e-06, 1.0096e+01, 2.2782e-01, 
 2DIAGNOSTIC,    31, -4.663501664457e-01, 1.757561784693e-06, 1.0376e+01, 2.7904e-01, 
 2DIAGNOSTIC,    32, -4.663498086381e-01, 1.712207113931e-06, 1.0605e+01, 2.2971e-01, 
 2DIAGNOSTIC,    33, -4.663495634037e-01, 1.605379340637e-06, 1.0833e+01, 2.2786e-01, 
 2DIAGNOSTIC,    34, -4.663507447973e-01, 1.506621462637e-06, 1.1077e+01, 2.4341e-01, 
 2DIAGNOSTIC,    35, -4.663521257310e-01, 1.380762541536e-06, 1.1321e+01, 2.4482e-01, 
 2DIAGNOSTIC,    36, -4.663521733613e-01, 1.236181119201e-06, 1.1547e+01, 2.2554e-01, 
 2DIAGNOSTIC,    37, -4.663538876419e-01, 1.141629195955e-06, 1.1800e+01, 2.5330e-01, 
 2DIAGNOSTIC,    38, -4.663549473487e-01, 1.104640946287e-06, 1.1994e+01, 1.9400e-01, 
 2DIAGNOSTIC,    39, -4.663582255634e-01, 1.098561415256e-06, 1.2240e+01, 2.4576e-01, 
 2DIAGNOSTIC,    40, -4.663613272945e-01, 1.157924433639e-06, 1.2485e+01, 2.4527e-01, 
 2DIAGNOSTIC,    41, -4.663616855263e-01, 1.207565994078e-06, 1.2693e+01, 2.0817e-01, 
 2DIAGNOSTIC,    42, -4.663696940833e-01, 1.326038212353e-06, 1.2887e+01, 1.9411e-01, 
 2DIAGNOSTIC,    43, -4.663799862013e-01, 1.523926862555e-06, 1.3157e+01, 2.6952e-01, 
 2DIAGNOSTIC,    44, -4.663851214138e-01, 1.721616188683e-06, 1.3489e+01, 3.3160e-01, 
 2DIAGNOSTIC,    45, -4.663846450642e-01, 1.828351229471e-06, 1.3725e+01, 2.3671e-01, 
 2DIAGNOSTIC,    46, -4.663834642612e-01, 1.810962030207e-06, 1.3956e+01, 2.3047e-01, 
 2DIAGNOSTIC,    47, -4.663818555283e-01, 1.688497955298e-06, 1.4159e+01, 2.0280e-01, 
 2DIAGNOSTIC,    48, -4.663820289821e-01, 1.486761970367e-06, 1.4357e+01, 1.9876e-01, 
 2DIAGNOSTIC,    49, -4.663854168396e-01, 1.295762910955e-06, 1.4596e+01, 2.3906e-01, 
 2DIAGNOSTIC,    50, -4.663872364788e-01, 1.112000085544e-06, 1.4785e+01, 1.8897e-01, 
DIAGNOSTIC,Iteration,metricValue,convergenceValue,ITERATION_TIME_INDEX,SINCE_LAST
 2DIAGNOSTIC,     1, -4.249046532272e-01, 1.797693134862e+308, 1.7238e+01, 2.4529e+00, 
 2DIAGNOSTIC,     2, -4.249634125769e-01, 1.797693134862e+308, 1.8794e+01, 1.5558e+00, 
 2DIAGNOSTIC,     3, -4.249876088293e-01, 1.797693134862e+308, 2.0212e+01, 1.4183e+00, 
 2DIAGNOSTIC,     4, -4.250090856266e-01, 1.797693134862e+308, 2.1640e+01, 1.4279e+00, 
 2DIAGNOSTIC,     5, -4.251339514400e-01, 1.797693134862e+308, 2.3100e+01, 1.4595e+00, 
 2DIAGNOSTIC,     6, -4.252901623418e-01, 1.797693134862e+308, 2.5744e+01, 2.6442e+00, 
 2DIAGNOSTIC,     7, -4.253025501082e-01, 1.797693134862e+308, 2.7158e+01, 1.4143e+00, 
 2DIAGNOSTIC,     8, -4.253439927057e-01, 1.797693134862e+308, 2.8571e+01, 1.4123e+00, 
 2DIAGNOSTIC,     9, -4.253843353384e-01, 1.797693134862e+308, 3.0015e+01, 1.4441e+00, 
 2DIAGNOSTIC,    10, -4.254100147319e-01, 8.915250623938e-05, 3.1375e+01, 1.3599e+00, 
 2DIAGNOSTIC,    11, -4.254658495004e-01, 7.793865956510e-05, 3.2809e+01, 1.4342e+00, 
 2DIAGNOSTIC,    12, -4.256076330187e-01, 7.303498429469e-05, 3.5561e+01, 2.7524e+00, 
 2DIAGNOSTIC,    13, -4.256072205193e-01, 6.373280195733e-05, 3.7081e+01, 1.5196e+00, 
 2DIAGNOSTIC,    14, -4.256075575537e-01, 5.124533065184e-05, 3.8784e+01, 1.7036e+00, 
 2DIAGNOSTIC,    15, -4.256075845075e-01, 4.142141549084e-05, 4.0314e+01, 1.5299e+00, 
 2DIAGNOSTIC,    16, -4.256078178745e-01, 3.572400524247e-05, 4.1941e+01, 1.6266e+00, 
 2DIAGNOSTIC,    17, -4.256069122846e-01, 2.792974013492e-05, 4.3522e+01, 1.5810e+00, 
 2DIAGNOSTIC,    18, -4.256073322818e-01, 2.013268837831e-05, 4.5460e+01, 1.9384e+00, 
 2DIAGNOSTIC,    19, -4.256072842529e-01, 1.295037397649e-05, 4.7326e+01, 1.8657e+00, 
 2DIAGNOSTIC,    20, -4.256072258072e-01, 6.297884933039e-06, 4.8707e+01, 1.3806e+00, 
 2DIAGNOSTIC,    21, -4.256070730527e-01, 1.483236286362e-06, 5.0286e+01, 1.5791e+00, 
 2DIAGNOSTIC,    22, -4.256071171809e-01, 1.417503680136e-06, 5.1627e+01, 1.3414e+00, 
 2DIAGNOSTIC,    23, -4.256070890278e-01, 1.347031930353e-06, 5.3240e+01, 1.6131e+00, 
 2DIAGNOSTIC,    24, -4.256072371773e-01, 1.298973843683e-06, 5.4784e+01, 1.5434e+00, 
 2DIAGNOSTIC,    25, -4.256070888266e-01, 1.253711433676e-06, 5.6400e+01, 1.6166e+00, 
 2DIAGNOSTIC,    26, -4.256070358843e-01, 1.219363859009e-06, 5.7983e+01, 1.5824e+00, 
 2DIAGNOSTIC,    27, -4.256068639203e-01, 1.161048597390e-06, 5.9315e+01, 1.3320e+00, 
 2DIAGNOSTIC,    28, -4.256066115967e-01, 1.112551898906e-06, 6.0715e+01, 1.4006e+00, 
 2DIAGNOSTIC,    29, -4.256067020564e-01, 1.070708706093e-06, 6.2182e+01, 1.4671e+00, 
 2DIAGNOSTIC,    30, -4.256068601118e-01, 1.036346612818e-06, 6.3723e+01, 1.5404e+00, 
 2DIAGNOSTIC,    31, -4.256070670893e-01, 1.007576042468e-06, 6.5327e+01, 1.6046e+00, 
  Elapsed time (stage 0): 6.6107e+01


Total elapsed time: 6.6110e+01
Info [verificarlo]: loaded backend libinterflop_ieee.so
Info [interflop-ieee]: load backend with:
Info [interflop-ieee]: debug = false
Info [interflop-ieee]: debug-binary = false
Info [interflop-ieee]: no-backend-name = false
Info [interflop-ieee]: print-new-line = false
Info [interflop-ieee]: print-subnormal-normalized = false
Info [interflop-ieee]: count-op = false
All_Command_lines_OK
Using double precision for computations.
=============================================================================
The composite transform comprises the following transforms (in order): 
  1. /home/mdugre/scratch/mri-registration-rp/datasets/ds004513/derivatives/mri-registration-rp/0001/antsRegistration-r8-p8/sub-s033/rigid_Composite.h5[0] (type = Euler3DTransform)
  2. /home/mdugre/scratch/mri-registration-rp/datasets/ds004513/derivatives/mri-registration-rp/0001/antsRegistration-r8-p8/sub-s033/rigid_Composite.h5[1] (type = Euler3DTransform)
  3. /home/mdugre/scratch/mri-registration-rp/datasets/ds004513/derivatives/mri-registration-rp/0001/antsRegistration-r8-p8/sub-s033/rigid_Composite.h5[2] (type = Euler3DTransform)
=============================================================================
  number of levels = 4
  fixed image: /templateflow/tpl-MNI152NLin2009cAsym/tpl-MNI152NLin2009cAsym_res-01_desc-brain_T1w.nii.gz
  moving image: /home/mdugre/scratch/mri-registration-rp/datasets/ds004513/derivatives/mri-registration-rp/antsBrainExtraction/sub-s033/BrainExtractionBrain.nii.gz
Dimension = 3
Number of stages = 1
Use histogram matching = false
Winsorize image intensities = true
  Lower quantile = 0.005
  Upper quantile = 0.995


Stage 1 State
   Image metric = MattesMI
     Fixed image = Image (0x375c530)
  RTTI typeinfo:   itk::Image<double, 3u>
  Reference Count: 2
  Modified Time: 1592
  Debug: Off
  Object Name: 
  Observers: 
    none
  Source: (none)
  Source output name: (none)
  Release Data: Off
  Data Released: False
  Global Release Data: Off
  PipelineMTime: 0
  UpdateMTime: 1203
  RealTimeStamp: 0 seconds 
  LargestPossibleRegion: 
    Dimension: 3
    Index: [0, 0, 0]
    Size: [193, 229, 193]
  BufferedRegion: 
    Dimension: 3
    Index: [0, 0, 0]
    Size: [193, 229, 193]
  RequestedRegion: 
    Dimension: 3
    Index: [0, 0, 0]
    Size: [193, 229, 193]
  Spacing: [1, 1, 1]
  Origin: [96, 132, -78]
  Direction: 
-1 0 0
0 -1 0
0 0 1

  IndexToPointMatrix: 
-1 0 0
0 -1 0
0 0 1

  PointToIndexMatrix: 
-1 0 0
0 -1 0
0 0 1

  Inverse Direction: 
-1 0 0
0 -1 0
0 0 1

  PixelContainer: 
    ImportImageContainer (0x38152a0)
      RTTI typeinfo:   itk::ImportImageContainer<unsigned long, double>
      Reference Count: 1
      Modified Time: 1200
      Debug: Off
      Object Name: 
      Observers: 
        none
      Pointer: 0x14632b4a2010
      Container manages memory: true
      Size: 8530021
      Capacity: 8530021

     Moving image = Image (0x3817e60)
  RTTI typeinfo:   itk::Image<double, 3u>
  Reference Count: 2
  Modified Time: 1593
  Debug: Off
  Object Name: 
  Observers: 
    none
  Source: (none)
  Source output name: (none)
  Release Data: Off
  Data Released: False
  Global Release Data: Off
  PipelineMTime: 0
  UpdateMTime: 1590
  RealTimeStamp: 0 seconds 
  LargestPossibleRegion: 
    Dimension: 3
    Index: [0, 0, 0]
    Size: [160, 240, 256]
  BufferedRegion: 
    Dimension: 3
    Index: [0, 0, 0]
    Size: [160, 240, 256]
  RequestedRegion: 
    Dimension: 3
    Index: [0, 0, 0]
    Size: [160, 240, 256]
  Spacing: [1, 1, 1]
  Origin: [91.5134, 94.282, -109.927]
  Direction: 
-0.99591 -0.0698718 -0.0572835
0.0697565 -0.997556 0.00401236
-0.0574239 5.01125e-08 0.99835

  IndexToPointMatrix: 
-0.99591 -0.0698718 -0.0572835
0.0697565 -0.997556 0.00401236
-0.0574239 5.01125e-08 0.99835

  PointToIndexMatrix: 
-0.99591 0.0697565 -0.0574239
-0.0698718 -0.997556 5.01483e-08
-0.0572835 0.00401236 0.99835

  Inverse Direction: 
-0.99591 0.0697565 -0.0574239
-0.0698718 -0.997556 5.01483e-08
-0.0572835 0.00401236 0.99835

  PixelContainer: 
    ImportImageContainer (0x384b390)
      RTTI typeinfo:   itk::ImportImageContainer<unsigned long, double>
      Reference Count: 1
      Modified Time: 1587
      Debug: Off
      Object Name: 
      Observers: 
        none
      Pointer: 0x1463269a1010
      Container manages memory: true
      Size: 9830400
      Capacity: 9830400

     Weighting = 1
     Sampling strategy = regular
     Number of bins = 32
     Radius = 4
     Sampling percentage  = 0.25
   Transform = Affine
     Gradient step = 0.1
     Update field sigma (voxel space) = 0
     Total field sigma (voxel space) = 0
     Update field time sigma = 0
     Total field time sigma  = 0
     Number of time indices = 0
     Number of time point samples = 0
Registration using 1 total stages.

Stage 0
  iterations = 1000x500x250x100
  convergence threshold = 1e-06
  convergence window size = 10
  number of levels = 4
  using the Mattes MI metric (number of bins = 32, weight = 1, use gradient filter = 0)
  preprocessing:  winsorizing the image intensities
  Shrink factors (level 1 out of 4): [8, 8, 8]
  Shrink factors (level 2 out of 4): [4, 4, 4]
  Shrink factors (level 3 out of 4): [2, 2, 2]
  Shrink factors (level 4 out of 4): [1, 1, 1]
  smoothing sigmas per level: [3, 2, 1, 0]
  regular sampling (percentage = 0.25)

*** Running AffineTransform registration ***

DIAGNOSTIC,Iteration,metricValue,convergenceValue,ITERATION_TIME_INDEX,SINCE_LAST
 2DIAGNOSTIC,     1, -6.376606773882e-01, 1.797693134862e+308, 6.4382e-01, 6.4382e-01, 
 2DIAGNOSTIC,     2, -6.402802303323e-01, 1.797693134862e+308, 6.4840e-01, 4.5829e-03, 
 2DIAGNOSTIC,     3, -6.449506287105e-01, 1.797693134862e+308, 6.5306e-01, 4.6630e-03, 
 2DIAGNOSTIC,     4, -6.518396299723e-01, 1.797693134862e+308, 6.5768e-01, 4.6239e-03, 
 2DIAGNOSTIC,     5, -6.625995577046e-01, 1.797693134862e+308, 6.6217e-01, 4.4892e-03, 
 2DIAGNOSTIC,     6, -6.828019284905e-01, 1.797693134862e+308, 6.6672e-01, 4.5450e-03, 
 2DIAGNOSTIC,     7, -7.258536271824e-01, 1.797693134862e+308, 6.7204e-01, 5.3182e-03, 
 2DIAGNOSTIC,     8, -7.635525331836e-01, 1.797693134862e+308, 6.7953e-01, 7.4930e-03, 
 2DIAGNOSTIC,     9, -7.819360274610e-01, 1.797693134862e+308, 6.8443e-01, 4.9009e-03, 
 2DIAGNOSTIC,    10, -8.309357502989e-01, 1.773745723927e-02, 6.8980e-01, 5.3649e-03, 
 2DIAGNOSTIC,    11, -8.901838921833e-01, 2.004411441451e-02, 6.9459e-01, 4.7989e-03, 
 2DIAGNOSTIC,    12, -8.962256339583e-01, 2.033543803773e-02, 7.0184e-01, 7.2410e-03, 
 2DIAGNOSTIC,    13, -9.013616603710e-01, 1.906638886336e-02, 7.0761e-01, 5.7709e-03, 
 2DIAGNOSTIC,    14, -9.052682314529e-01, 1.661353956605e-02, 7.1294e-01, 5.3380e-03, 
 2DIAGNOSTIC,    15, -9.064501779919e-01, 1.332956015315e-02, 7.1782e-01, 4.8740e-03, 
 2DIAGNOSTIC,    16, -9.068071813773e-01, 9.749615106722e-03, 7.2420e-01, 6.3789e-03, 
 2DIAGNOSTIC,    17, -9.067560423202e-01, 6.677228308343e-03, 7.2900e-01, 4.8041e-03, 
 2DIAGNOSTIC,    18, -9.066982649876e-01, 4.154447849557e-03, 7.3507e-01, 6.0718e-03, 
 2DIAGNOSTIC,    19, -9.065961928368e-01, 1.882124440910e-03, 7.4067e-01, 5.5971e-03, 
 2DIAGNOSTIC,    20, -9.062048457863e-01, 5.254486448716e-04, 7.4728e-01, 6.6090e-03, 
 2DIAGNOSTIC,    21, -9.061653319196e-01, 2.565712764655e-04, 7.5331e-01, 6.0339e-03, 
 2DIAGNOSTIC,    22, -9.061713179964e-01, 8.612582516348e-05, 7.5953e-01, 6.2120e-03, 
DIAGNOSTIC,Iteration,metricValue,convergenceValue,ITERATION_TIME_INDEX,SINCE_LAST
 2DIAGNOSTIC,     1, -7.438823595416e-01, 1.797693134862e+308, 1.5073e+00, 7.4781e-01, 
 2DIAGNOSTIC,     2, -7.448516307893e-01, 1.797693134862e+308, 1.5470e+00, 3.9616e-02, 
 2DIAGNOSTIC,     3, -7.458097657907e-01, 1.797693134862e+308, 1.5865e+00, 3.9528e-02, 
 2DIAGNOSTIC,     4, -7.466614513974e-01, 1.797693134862e+308, 1.6231e+00, 3.6602e-02, 
 2DIAGNOSTIC,     5, -7.473453674755e-01, 1.797693134862e+308, 1.6602e+00, 3.7071e-02, 
 2DIAGNOSTIC,     6, -7.479980966063e-01, 1.797693134862e+308, 1.7019e+00, 4.1709e-02, 
 2DIAGNOSTIC,     7, -7.486166232007e-01, 1.797693134862e+308, 1.7742e+00, 7.2295e-02, 
 2DIAGNOSTIC,     8, -7.485748343478e-01, 1.797693134862e+308, 1.8177e+00, 4.3522e-02, 
 2DIAGNOSTIC,     9, -7.485987525579e-01, 1.797693134862e+308, 1.8535e+00, 3.5832e-02, 
 2DIAGNOSTIC,    10, -7.486155456603e-01, 4.204525149395e-04, 1.8886e+00, 3.5130e-02, 
 2DIAGNOSTIC,    11, -7.486363749840e-01, 2.889256698784e-04, 1.9287e+00, 4.0065e-02, 
 2DIAGNOSTIC,    12, -7.486230983148e-01, 1.834163851934e-04, 1.9688e+00, 4.0084e-02, 
 2DIAGNOSTIC,    13, -7.486096829435e-01, 1.052929137370e-04, 2.0035e+00, 3.4732e-02, 
 2DIAGNOSTIC,    14, -7.486174799521e-01, 5.230900232604e-05, 2.0422e+00, 3.8682e-02, 
 2DIAGNOSTIC,    15, -7.486488814875e-01, 1.963148522559e-05, 2.0782e+00, 3.5998e-02, 
 2DIAGNOSTIC,    16, -7.486564519569e-01, 4.668889799109e-06, 2.1195e+00, 4.1314e-02, 
 2DIAGNOSTIC,    17, -7.486520793322e-01, 5.004149368541e-06, 2.1557e+00, 3.6214e-02, 
 2DIAGNOSTIC,    18, -7.486654241604e-01, 4.429851187336e-06, 2.1969e+00, 4.1166e-02, 
 2DIAGNOSTIC,    19, -7.486719254604e-01, 4.258853435364e-06, 2.2368e+00, 3.9946e-02, 
 2DIAGNOSTIC,    20, -7.486500841572e-01, 3.737539766312e-06, 2.2727e+00, 3.5820e-02, 
 2DIAGNOSTIC,    21, -7.486450611663e-01, 3.370878799605e-06, 2.3073e+00, 3.4640e-02, 
 2DIAGNOSTIC,    22, -7.486413497318e-01, 2.587803592864e-06, 2.3519e+00, 4.4557e-02, 
 2DIAGNOSTIC,    23, -7.486596204633e-01, 1.841998689640e-06, 2.3929e+00, 4.1069e-02, 
DIAGNOSTIC,Iteration,metricValue,convergenceValue,ITERATION_TIME_INDEX,SINCE_LAST
 2DIAGNOSTIC,     1, -6.323661841572e-01, 1.797693134862e+308, 3.4839e+00, 1.0910e+00, 
 2DIAGNOSTIC,     2, -6.329478346317e-01, 1.797693134862e+308, 3.7503e+00, 2.6642e-01, 
 2DIAGNOSTIC,     3, -6.335952587650e-01, 1.797693134862e+308, 4.0295e+00, 2.7916e-01, 
 2DIAGNOSTIC,     4, -6.343876330229e-01, 1.797693134862e+308, 4.2887e+00, 2.5924e-01, 
 2DIAGNOSTIC,     5, -6.365008440611e-01, 1.797693134862e+308, 4.6028e+00, 3.1408e-01, 
 2DIAGNOSTIC,     6, -6.378075793866e-01, 1.797693134862e+308, 4.9299e+00, 3.2712e-01, 
 2DIAGNOSTIC,     7, -6.378672961316e-01, 1.797693134862e+308, 5.2543e+00, 3.2436e-01, 
 2DIAGNOSTIC,     8, -6.378737191186e-01, 1.797693134862e+308, 5.5522e+00, 2.9798e-01, 
 2DIAGNOSTIC,     9, -6.378540741982e-01, 1.797693134862e+308, 5.9690e+00, 4.1671e-01, 
 2DIAGNOSTIC,    10, -6.378506218956e-01, 6.563771270724e-04, 6.2507e+00, 2.8175e-01, 
 2DIAGNOSTIC,    11, -6.378436162097e-01, 4.780630455261e-04, 6.5687e+00, 3.1796e-01, 
 2DIAGNOSTIC,    12, -6.378456202850e-01, 3.093955116374e-04, 6.9360e+00, 3.6734e-01, 
 2DIAGNOSTIC,    13, -6.378450403206e-01, 1.620814966680e-04, 7.2257e+00, 2.8965e-01, 
 2DIAGNOSTIC,    14, -6.378446211492e-01, 4.523060716613e-05, 7.4821e+00, 2.5647e-01, 
 2DIAGNOSTIC,    15, -6.378429693529e-01, 1.837401126803e-06, 7.7805e+00, 2.9836e-01, 
DIAGNOSTIC,Iteration,metricValue,convergenceValue,ITERATION_TIME_INDEX,SINCE_LAST
 2DIAGNOSTIC,     1, -5.636362149058e-01, 1.797693134862e+308, 1.0664e+01, 2.8840e+00, 
 2DIAGNOSTIC,     2, -5.637287271960e-01, 1.797693134862e+308, 1.2747e+01, 2.0821e+00, 
 2DIAGNOSTIC,     3, -5.637365200905e-01, 1.797693134862e+308, 1.4665e+01, 1.9183e+00, 
 2DIAGNOSTIC,     4, -5.637407409863e-01, 1.797693134862e+308, 1.6715e+01, 2.0504e+00, 
 2DIAGNOSTIC,     5, -5.637429431875e-01, 1.797693134862e+308, 1.8590e+01, 1.8745e+00, 
 2DIAGNOSTIC,     6, -5.637528107620e-01, 1.797693134862e+308, 2.0916e+01, 2.3267e+00, 
 2DIAGNOSTIC,     7, -5.637546283407e-01, 1.797693134862e+308, 2.3158e+01, 2.2418e+00, 
 2DIAGNOSTIC,     8, -5.637544763373e-01, 1.797693134862e+308, 2.5212e+01, 2.0534e+00, 
 2DIAGNOSTIC,     9, -5.637534432300e-01, 1.797693134862e+308, 2.8123e+01, 2.9113e+00, 
 2DIAGNOSTIC,    10, -5.637533715218e-01, 1.122081056815e-05, 3.0218e+01, 2.0956e+00, 
 2DIAGNOSTIC,    11, -5.637530922401e-01, 5.352550438875e-06, 3.2235e+01, 2.0169e+00, 
 2DIAGNOSTIC,    12, -5.637528976812e-01, 4.111278524080e-06, 3.4231e+01, 1.9956e+00, 
 2DIAGNOSTIC,    13, -5.637530967161e-01, 3.241653332292e-06, 3.6512e+01, 2.2815e+00, 
 2DIAGNOSTIC,    14, -5.637530189988e-01, 2.576565687071e-06, 3.8537e+01, 2.0244e+00, 
 2DIAGNOSTIC,    15, -5.637526655715e-01, 2.025905022601e-06, 4.0628e+01, 2.0910e+00, 
 2DIAGNOSTIC,    16, -5.637525533741e-01, 1.858497535687e-06, 4.2621e+01, 1.9929e+00, 
 2DIAGNOSTIC,    17, -5.637524476777e-01, 1.773252329730e-06, 4.4543e+01, 1.9221e+00, 
 2DIAGNOSTIC,    18, -5.637523275582e-01, 1.699404667349e-06, 4.6449e+01, 1.9061e+00, 
 2DIAGNOSTIC,    19, -5.637522255381e-01, 1.609437946810e-06, 4.8503e+01, 2.0543e+00, 
 2DIAGNOSTIC,    20, -5.637522581549e-01, 1.533890106306e-06, 5.0260e+01, 1.7567e+00, 
 2DIAGNOSTIC,    21, -5.637520205632e-01, 1.458553662549e-06, 5.2182e+01, 1.9219e+00, 
 2DIAGNOSTIC,    22, -5.637519228108e-01, 1.388520440571e-06, 5.4022e+01, 1.8402e+00, 
 2DIAGNOSTIC,    23, -5.637520050907e-01, 1.336101233360e-06, 5.5799e+01, 1.7769e+00, 
 2DIAGNOSTIC,    24, -5.637522906766e-01, 1.296854043376e-06, 5.7768e+01, 1.9694e+00, 
 2DIAGNOSTIC,    25, -5.637524297368e-01, 1.258944473295e-06, 5.9599e+01, 1.8310e+00, 
 2DIAGNOSTIC,    26, -5.637526645460e-01, 1.227691432730e-06, 6.1471e+01, 1.8715e+00, 
 2DIAGNOSTIC,    27, -5.637527676951e-01, 1.198394206793e-06, 6.3580e+01, 2.1096e+00, 
 2DIAGNOSTIC,    28, -5.637525060419e-01, 1.162398203698e-06, 6.5589e+01, 2.0081e+00, 
 2DIAGNOSTIC,    29, -5.637523694197e-01, 1.122276946174e-06, 6.7621e+01, 2.0324e+00, 
 2DIAGNOSTIC,    30, -5.637520951621e-01, 1.078456824996e-06, 6.9506e+01, 1.8848e+00, 
 2DIAGNOSTIC,    31, -5.637519343190e-01, 1.029359176903e-06, 7.1608e+01, 2.1025e+00, 
  Elapsed time (stage 0): 7.2680e+01


Total elapsed time: 7.2682e+01
Info [verificarlo]: loaded backend libinterflop_vprec.so
Info [interflop-vprec]: load backend with: 
Info [interflop-vprec]: precision-binary32 = 8
Info [interflop-vprec]: range-binary32 = 8
Info [interflop-vprec]: precision-binary64 = 8
Info [interflop-vprec]: range-binary64 = 8
Info [interflop-vprec]: mode = ob
Info [interflop-vprec]: error-mode = rel
Info [interflop-vprec]: max-abs-error-exponent = -1022
Info [interflop-vprec]: daz = false
Info [interflop-vprec]: ftz = false
Info [interflop-vprec]: 	instrument = none
Info [interflop-vprec]: 	prec-input-file = (null)
Info [interflop-vprec]: 	prec-output-file = (null)
Info [interflop-vprec]: 	prec-log-file = (null)
All_Command_lines_OK
Using double precision for computations.
=============================================================================
The composite transform comprises the following transforms (in order): 
  1. /home/mdugre/scratch/mri-registration-rp/datasets/ds004513/derivatives/mri-registration-rp/0001/antsRegistration-r8-p8/sub-s033/affine_Composite.h5[0] (type = Euler3DTransform)
  2. /home/mdugre/scratch/mri-registration-rp/datasets/ds004513/derivatives/mri-registration-rp/0001/antsRegistration-r8-p8/sub-s033/affine_Composite.h5[1] (type = Euler3DTransform)
  3. /home/mdugre/scratch/mri-registration-rp/datasets/ds004513/derivatives/mri-registration-rp/0001/antsRegistration-r8-p8/sub-s033/affine_Composite.h5[2] (type = Euler3DTransform)
  4. /home/mdugre/scratch/mri-registration-rp/datasets/ds004513/derivatives/mri-registration-rp/0001/antsRegistration-r8-p8/sub-s033/affine_Composite.h5[3] (type = AffineTransform)
=============================================================================
  number of levels = 4
  fixed image: /templateflow/tpl-MNI152NLin2009cAsym/tpl-MNI152NLin2009cAsym_res-01_desc-brain_T1w.nii.gz
  moving image: /home/mdugre/scratch/mri-registration-rp/datasets/ds004513/derivatives/mri-registration-rp/antsBrainExtraction/sub-s033/BrainExtractionBrain.nii.gz
Dimension = 3
Number of stages = 1
Use histogram matching = false
Winsorize image intensities = true
  Lower quantile = 0.005
  Upper quantile = 0.995


Stage 1 State
   Image metric = CC
     Fixed image = Image (0x4a536f0)
  RTTI typeinfo:   itk::Image<double, 3u>
  Reference Count: 2
  Modified Time: 1606
  Debug: Off
  Object Name: 
  Observers: 
    none
  Source: (none)
  Source output name: (none)
  Release Data: Off
  Data Released: False
  Global Release Data: Off
  PipelineMTime: 0
  UpdateMTime: 1217
  RealTimeStamp: 0 seconds 
  LargestPossibleRegion: 
    Dimension: 3
    Index: [0, 0, 0]
    Size: [193, 229, 193]
  BufferedRegion: 
    Dimension: 3
    Index: [0, 0, 0]
