
##########################
# Experiment information #
##########################

EXPERIMENT_NAME: antsRegistration-r7-p11
VFC_BACKENDS: libinterflop_vprec.so --range-binary32=7 --precision-binary32=11 --range-binary64=7 --precision-binary64=11

SIF_IMG: /home/mdugre/projects/rrg-glatard/mdugre/containers/ants-vprec-no_metrics.simg

SUBJECT_ID: s037
INPUT_IMG: /home/mdugre/scratch/mri-registration-rp/datasets/ds004513/derivatives/mri-registration-rp/antsBrainExtraction/sub-s037/BrainExtractionBrain.nii.gz
OUTPUT_DIR: /home/mdugre/scratch/mri-registration-rp/datasets/ds004513/derivatives/mri-registration-rp/0001/antsRegistration-r7-p11/sub-s037

FIXED_IMG: /templateflow/tpl-MNI152NLin2009cAsym/tpl-MNI152NLin2009cAsym_res-01_desc-brain_T1w.nii.gz
DATA_DIR: /home/mdugre/scratch/mri-registration-rp/datasets/ds004513
TEMPLATEFLOW_DIR: /home/mdugre/projects/rrg-glatard/mdugre/templateflow
ITK_GLOBAL_DEFAULT_NUMBER_OF_THREADS: 16
##########################

Info [verificarlo]: loaded backend libinterflop_ieee.so
Info [interflop-ieee]: load backend with:
Info [interflop-ieee]: debug = false
Info [interflop-ieee]: debug-binary = false
Info [interflop-ieee]: no-backend-name = false
Info [interflop-ieee]: print-new-line = false
Info [interflop-ieee]: print-subnormal-normalized = false
Info [interflop-ieee]: count-op = false
All_Command_lines_OK
Using double precision for computations.
=============================================================================
The composite transform comprises the following transforms (in order): 
  1. Center of mass alignment using fixed image: /templateflow/tpl-MNI152NLin2009cAsym/tpl-MNI152NLin2009cAsym_res-01_desc-brain_T1w.nii.gz and moving image: /home/mdugre/scratch/mri-registration-rp/datasets/ds004513/derivatives/mri-registration-rp/antsBrainExtraction/sub-s037/BrainExtractionBrain.nii.gz (type = Euler3DTransform)
=============================================================================
  number of levels = 1
  fixed image: /templateflow/tpl-MNI152NLin2009cAsym/tpl-MNI152NLin2009cAsym_res-01_desc-brain_T1w.nii.gz
  moving image: /home/mdugre/scratch/mri-registration-rp/datasets/ds004513/derivatives/mri-registration-rp/antsBrainExtraction/sub-s037/BrainExtractionBrain.nii.gz
Dimension = 3
Number of stages = 1
Use histogram matching = false
Winsorize image intensities = true
  Lower quantile = 0.005
  Upper quantile = 0.995


Stage 1 State
   Image metric = MattesMI
     Fixed image = Image (0x3d9ce70)
  RTTI typeinfo:   itk::Image<double, 3u>
  Reference Count: 2
  Modified Time: 2330
  Debug: Off
  Object Name: 
  Observers: 
    none
  Source: (none)
  Source output name: (none)
  Release Data: Off
  Data Released: False
  Global Release Data: Off
  PipelineMTime: 0
  UpdateMTime: 1941
  RealTimeStamp: 0 seconds 
  LargestPossibleRegion: 
    Dimension: 3
    Index: [0, 0, 0]
    Size: [193, 229, 193]
  BufferedRegion: 
    Dimension: 3
    Index: [0, 0, 0]
    Size: [193, 229, 193]
  RequestedRegion: 
    Dimension: 3
    Index: [0, 0, 0]
    Size: [193, 229, 193]
  Spacing: [1, 1, 1]
  Origin: [96, 132, -78]
  Direction: 
-1 0 0
0 -1 0
0 0 1

  IndexToPointMatrix: 
-1 0 0
0 -1 0
0 0 1

  PointToIndexMatrix: 
-1 0 0
0 -1 0
0 0 1

  Inverse Direction: 
-1 0 0
0 -1 0
0 0 1

  PixelContainer: 
    ImportImageContainer (0x3da5c60)
      RTTI typeinfo:   itk::ImportImageContainer<unsigned long, double>
      Reference Count: 1
      Modified Time: 1938
      Debug: Off
      Object Name: 
      Observers: 
        none
      Pointer: 0x15207ab93010
      Container manages memory: true
      Size: 8530021
      Capacity: 8530021

     Moving image = Image (0x3e39ec0)
  RTTI typeinfo:   itk::Image<double, 3u>
  Reference Count: 2
  Modified Time: 2331
  Debug: Off
  Object Name: 
  Observers: 
    none
  Source: (none)
  Source output name: (none)
  Release Data: Off
  Data Released: False
  Global Release Data: Off
  PipelineMTime: 0
  UpdateMTime: 2328
  RealTimeStamp: 0 seconds 
  LargestPossibleRegion: 
    Dimension: 3
    Index: [0, 0, 0]
    Size: [160, 240, 256]
  BufferedRegion: 
    Dimension: 3
    Index: [0, 0, 0]
    Size: [160, 240, 256]
  RequestedRegion: 
    Dimension: 3
    Index: [0, 0, 0]
    Size: [160, 240, 256]
  Spacing: [1, 1, 1]
  Origin: [87.9508, 102.562, -147.639]
  Direction: 
-0.998659 -0.0436121 -0.0279129
0.043595 -0.999049 0.00121847
-0.0279395 -2.65543e-08 0.99961

  IndexToPointMatrix: 
-0.998659 -0.0436121 -0.0279129
0.043595 -0.999049 0.00121847
-0.0279395 -2.65543e-08 0.99961

  PointToIndexMatrix: 
-0.998659 0.043595 -0.0279395
-0.0436121 -0.999049 -2.65517e-08
-0.0279129 0.00121847 0.99961

  Inverse Direction: 
-0.998659 0.043595 -0.0279395
-0.0436121 -0.999049 -2.65517e-08
-0.0279129 0.00121847 0.99961

  PixelContainer: 
    ImportImageContainer (0x3ed1610)
      RTTI typeinfo:   itk::ImportImageContainer<unsigned long, double>
      Reference Count: 1
      Modified Time: 2325
      Debug: Off
      Object Name: 
      Observers: 
        none
      Pointer: 0x152076092010
      Container manages memory: true
      Size: 9830400
      Capacity: 9830400

     Weighting = 1
     Sampling strategy = regular
     Number of bins = 32
     Radius = 4
     Sampling percentage  = 0.25
   Transform = Rigid
     Gradient step = 0.1
     Update field sigma (voxel space) = 0
     Total field sigma (voxel space) = 0
     Update field time sigma = 0
     Total field time sigma  = 0
     Number of time indices = 0
     Number of time point samples = 0
Registration using 1 total stages.

Stage 0
  iterations = 0
  convergence threshold = 1e-06
  convergence window size = 10
  number of levels = 1
  using the Mattes MI metric (number of bins = 32, weight = 1, use gradient filter = 0)
  preprocessing:  winsorizing the image intensities
  Shrink factors (level 1 out of 1): [1, 1, 1]
  smoothing sigmas per level: [0]
  regular sampling (percentage = 0.25)

*** Running Euler3DTransform registration ***

  Elapsed time (stage 0): 1.1358


Total elapsed time: 1.13806
Info [verificarlo]: loaded backend libinterflop_ieee.so
Info [interflop-ieee]: load backend with:
Info [interflop-ieee]: debug = false
Info [interflop-ieee]: debug-binary = false
Info [interflop-ieee]: no-backend-name = false
Info [interflop-ieee]: print-new-line = false
Info [interflop-ieee]: print-subnormal-normalized = false
Info [interflop-ieee]: count-op = false
All_Command_lines_OK
Using double precision for computations.
=============================================================================
The composite transform comprises the following transforms (in order): 
  1. /home/mdugre/scratch/mri-registration-rp/datasets/ds004513/derivatives/mri-registration-rp/0001/antsRegistration-r7-p11/sub-s037/align_Composite.h5[0] (type = Euler3DTransform)
  2. /home/mdugre/scratch/mri-registration-rp/datasets/ds004513/derivatives/mri-registration-rp/0001/antsRegistration-r7-p11/sub-s037/align_Composite.h5[1] (type = Euler3DTransform)
=============================================================================
  number of levels = 4
  fixed image: /templateflow/tpl-MNI152NLin2009cAsym/tpl-MNI152NLin2009cAsym_res-01_desc-brain_T1w.nii.gz
  moving image: /home/mdugre/scratch/mri-registration-rp/datasets/ds004513/derivatives/mri-registration-rp/antsBrainExtraction/sub-s037/BrainExtractionBrain.nii.gz
Dimension = 3
Number of stages = 1
Use histogram matching = false
Winsorize image intensities = true
  Lower quantile = 0.005
  Upper quantile = 0.995


Stage 1 State
   Image metric = MattesMI
     Fixed image = Image (0x4ed6530)
  RTTI typeinfo:   itk::Image<double, 3u>
  Reference Count: 2
  Modified Time: 1578
  Debug: Off
  Object Name: 
  Observers: 
    none
  Source: (none)
  Source output name: (none)
  Release Data: Off
  Data Released: False
  Global Release Data: Off
  PipelineMTime: 0
  UpdateMTime: 1189
  RealTimeStamp: 0 seconds 
  LargestPossibleRegion: 
    Dimension: 3
    Index: [0, 0, 0]
    Size: [193, 229, 193]
  BufferedRegion: 
    Dimension: 3
    Index: [0, 0, 0]
    Size: [193, 229, 193]
  RequestedRegion: 
    Dimension: 3
    Index: [0, 0, 0]
    Size: [193, 229, 193]
  Spacing: [1, 1, 1]
  Origin: [96, 132, -78]
  Direction: 
-1 0 0
0 -1 0
0 0 1

  IndexToPointMatrix: 
-1 0 0
0 -1 0
0 0 1

  PointToIndexMatrix: 
-1 0 0
0 -1 0
0 0 1

  Inverse Direction: 
-1 0 0
0 -1 0
0 0 1

  PixelContainer: 
    ImportImageContainer (0x4f94d60)
      RTTI typeinfo:   itk::ImportImageContainer<unsigned long, double>
      Reference Count: 1
      Modified Time: 1186
      Debug: Off
      Object Name: 
      Observers: 
        none
      Pointer: 0x147cf591b010
      Container manages memory: true
      Size: 8530021
      Capacity: 8530021

     Moving image = Image (0x4f86f60)
  RTTI typeinfo:   itk::Image<double, 3u>
  Reference Count: 2
  Modified Time: 1579
  Debug: Off
  Object Name: 
  Observers: 
    none
  Source: (none)
  Source output name: (none)
  Release Data: Off
  Data Released: False
  Global Release Data: Off
  PipelineMTime: 0
  UpdateMTime: 1576
  RealTimeStamp: 0 seconds 
  LargestPossibleRegion: 
    Dimension: 3
    Index: [0, 0, 0]
    Size: [160, 240, 256]
  BufferedRegion: 
    Dimension: 3
    Index: [0, 0, 0]
    Size: [160, 240, 256]
  RequestedRegion: 
    Dimension: 3
    Index: [0, 0, 0]
    Size: [160, 240, 256]
  Spacing: [1, 1, 1]
  Origin: [87.9508, 102.562, -147.639]
  Direction: 
-0.998659 -0.0436121 -0.0279129
0.043595 -0.999049 0.00121847
-0.0279395 -2.65543e-08 0.99961

  IndexToPointMatrix: 
-0.998659 -0.0436121 -0.0279129
0.043595 -0.999049 0.00121847
-0.0279395 -2.65543e-08 0.99961

  PointToIndexMatrix: 
-0.998659 0.043595 -0.0279395
-0.0436121 -0.999049 -2.65517e-08
-0.0279129 0.00121847 0.99961

  Inverse Direction: 
-0.998659 0.043595 -0.0279395
-0.0436121 -0.999049 -2.65517e-08
-0.0279129 0.00121847 0.99961

  PixelContainer: 
    ImportImageContainer (0x4f786d0)
      RTTI typeinfo:   itk::ImportImageContainer<unsigned long, double>
      Reference Count: 1
      Modified Time: 1573
      Debug: Off
      Object Name: 
      Observers: 
        none
      Pointer: 0x147cf0e1a010
      Container manages memory: true
      Size: 9830400
      Capacity: 9830400

     Weighting = 1
     Sampling strategy = regular
     Number of bins = 32
     Radius = 4
     Sampling percentage  = 0.25
   Transform = Rigid
     Gradient step = 0.1
     Update field sigma (voxel space) = 0
     Total field sigma (voxel space) = 0
     Update field time sigma = 0
     Total field time sigma  = 0
     Number of time indices = 0
     Number of time point samples = 0
Registration using 1 total stages.

Stage 0
  iterations = 1000x500x250x100
  convergence threshold = 1e-06
  convergence window size = 10
  number of levels = 4
  using the Mattes MI metric (number of bins = 32, weight = 1, use gradient filter = 0)
  preprocessing:  winsorizing the image intensities
  Shrink factors (level 1 out of 4): [8, 8, 8]
  Shrink factors (level 2 out of 4): [4, 4, 4]
  Shrink factors (level 3 out of 4): [2, 2, 2]
  Shrink factors (level 4 out of 4): [1, 1, 1]
  smoothing sigmas per level: [3, 2, 1, 0]
  regular sampling (percentage = 0.25)

*** Running Euler3DTransform registration ***

DIAGNOSTIC,Iteration,metricValue,convergenceValue,ITERATION_TIME_INDEX,SINCE_LAST
 2DIAGNOSTIC,     1, -4.299060189477e-01, 1.797693134862e+308, 8.9584e-01, 8.9584e-01, 
 2DIAGNOSTIC,     2, -4.311703807429e-01, 1.797693134862e+308, 9.0082e-01, 4.9789e-03, 
 2DIAGNOSTIC,     3, -4.334997061176e-01, 1.797693134862e+308, 9.0555e-01, 4.7309e-03, 
 2DIAGNOSTIC,     4, -4.389575130370e-01, 1.797693134862e+308, 9.1028e-01, 4.7288e-03, 
 2DIAGNOSTIC,     5, -4.438813134482e-01, 1.797693134862e+308, 9.1498e-01, 4.7050e-03, 
 2DIAGNOSTIC,     6, -4.461495460377e-01, 1.797693134862e+308, 9.1968e-01, 4.6999e-03, 
 2DIAGNOSTIC,     7, -4.511407144429e-01, 1.797693134862e+308, 9.2519e-01, 5.5120e-03, 
 2DIAGNOSTIC,     8, -4.667812032718e-01, 1.797693134862e+308, 9.3138e-01, 6.1870e-03, 
 2DIAGNOSTIC,     9, -4.753090114372e-01, 1.797693134862e+308, 9.3673e-01, 5.3520e-03, 
 2DIAGNOSTIC,    10, -4.802481719655e-01, 7.481707542057e-03, 9.4221e-01, 5.4779e-03, 
 2DIAGNOSTIC,    11, -4.821261368877e-01, 7.356704266140e-03, 9.4738e-01, 5.1680e-03, 
 2DIAGNOSTIC,    12, -4.837491005317e-01, 6.749992380107e-03, 9.5310e-01, 5.7170e-03, 
 2DIAGNOSTIC,    13, -5.028244927620e-01, 6.622215038789e-03, 9.6101e-01, 7.9169e-03, 
 2DIAGNOSTIC,    14, -5.042109134415e-01, 6.183615245773e-03, 9.6573e-01, 4.7121e-03, 
 2DIAGNOSTIC,    15, -5.066116081880e-01, 5.558135432493e-03, 9.7043e-01, 4.7081e-03, 
 2DIAGNOSTIC,    16, -5.083451635955e-01, 4.676295421806e-03, 9.7548e-01, 5.0440e-03, 
 2DIAGNOSTIC,    17, -5.184993492556e-01, 3.998770500595e-03, 9.8334e-01, 7.8621e-03, 
 2DIAGNOSTIC,    18, -5.256348856009e-01, 3.769024583850e-03, 9.8821e-01, 4.8680e-03, 
 2DIAGNOSTIC,    19, -5.260487279526e-01, 3.491513211110e-03, 9.9375e-01, 5.5380e-03, 
 2DIAGNOSTIC,    20, -5.292109540646e-01, 3.174906846703e-03, 9.9912e-01, 5.3761e-03, 
 2DIAGNOSTIC,    21, -5.301818247257e-01, 2.681600005422e-03, 1.0039e+00, 4.7631e-03, 
 2DIAGNOSTIC,    22, -5.312241350905e-01, 2.041188740649e-03, 1.0092e+00, 5.3320e-03, 
 2DIAGNOSTIC,    23, -5.321371308838e-01, 1.776979025919e-03, 1.0153e+00, 6.0439e-03, 
 2DIAGNOSTIC,    24, -5.330747178128e-01, 1.429097763746e-03, 1.0201e+00, 4.8039e-03, 
 2DIAGNOSTIC,    25, -5.340979404292e-01, 1.060387175569e-03, 1.0254e+00, 5.3289e-03, 
 2DIAGNOSTIC,    26, -5.353301713106e-01, 6.839343169350e-04, 1.0322e+00, 6.8488e-03, 
 2DIAGNOSTIC,    27, -5.359877751442e-01, 5.005575841829e-04, 1.0370e+00, 4.7948e-03, 
 2DIAGNOSTIC,    28, -5.363338796049e-01, 4.385707179872e-04, 1.0419e+00, 4.8161e-03, 
 2DIAGNOSTIC,    29, -5.373050660108e-01, 3.660292340809e-04, 1.0467e+00, 4.8120e-03, 
 2DIAGNOSTIC,    30, -5.398201311903e-01, 3.715996333319e-04, 1.0523e+00, 5.6391e-03, 
 2DIAGNOSTIC,    31, -5.446421872470e-01, 4.465285865209e-04, 1.0636e+00, 1.1325e-02, 
 2DIAGNOSTIC,    32, -5.446646354250e-01, 4.912671928954e-04, 1.0683e+00, 4.6792e-03, 
 2DIAGNOSTIC,    33, -5.447647657782e-01, 5.056514795615e-04, 1.0730e+00, 4.6599e-03, 
 2DIAGNOSTIC,    34, -5.449311587724e-01, 4.904165758504e-04, 1.0776e+00, 4.6809e-03, 
 2DIAGNOSTIC,    35, -5.452045729197e-01, 4.491604752687e-04, 1.0822e+00, 4.5869e-03, 
 2DIAGNOSTIC,    36, -5.456974708837e-01, 3.933143526369e-04, 1.0868e+00, 4.6020e-03, 
 2DIAGNOSTIC,    37, -5.462998577413e-01, 3.227907273505e-04, 1.0914e+00, 4.5581e-03, 
 2DIAGNOSTIC,    38, -5.470544358404e-01, 2.429335421705e-04, 1.0960e+00, 4.5650e-03, 
 2DIAGNOSTIC,    39, -5.483333610224e-01, 1.763336915021e-04, 1.1011e+00, 5.1720e-03, 
 2DIAGNOSTIC,    40, -5.485726010311e-01, 1.327591386905e-04, 1.1057e+00, 4.5350e-03, 
 2DIAGNOSTIC,    41, -5.488485725771e-01, 1.482699153752e-04, 1.1109e+00, 5.1870e-03, 
 2DIAGNOSTIC,    42, -5.491458886368e-01, 1.532227390908e-04, 1.1157e+00, 4.8079e-03, 
 2DIAGNOSTIC,    43, -5.502483587281e-01, 1.587061194434e-04, 1.1216e+00, 5.9462e-03, 
 2DIAGNOSTIC,    44, -5.634813051364e-01, 3.167379189107e-04, 1.1285e+00, 6.8781e-03, 
 2DIAGNOSTIC,    45, -5.665354240618e-01, 4.732141786668e-04, 1.1339e+00, 5.3749e-03, 
 2DIAGNOSTIC,    46, -5.687173116970e-01, 6.102327256511e-04, 1.1391e+00, 5.2791e-03, 
 2DIAGNOSTIC,    47, -5.691606917558e-01, 6.969095440185e-04, 1.1443e+00, 5.1880e-03, 
 2DIAGNOSTIC,    48, -5.694224176320e-01, 7.242806753550e-04, 1.1488e+00, 4.5030e-03, 
 2DIAGNOSTIC,    49, -5.697297479493e-01, 6.966658795682e-04, 1.1539e+00, 5.0650e-03, 
 2DIAGNOSTIC,    50, -5.705145732551e-01, 6.138157807325e-04, 1.1585e+00, 4.5731e-03, 
 2DIAGNOSTIC,    51, -5.708548286444e-01, 4.840867963956e-04, 1.1636e+00, 5.1432e-03, 
 2DIAGNOSTIC,    52, -5.718165799749e-01, 3.284211006212e-04, 1.1698e+00, 6.1800e-03, 
 2DIAGNOSTIC,    53, -5.722781477563e-01, 1.604737092987e-04, 1.1754e+00, 5.5950e-03, 
 2DIAGNOSTIC,    54, -5.725041626941e-01, 1.185564926095e-04, 1.1805e+00, 5.0762e-03, 
 2DIAGNOSTIC,    55, -5.725448068082e-01, 9.692636942253e-05, 1.1855e+00, 5.0490e-03, 
 2DIAGNOSTIC,    56, -5.724863245536e-01, 8.731971970715e-05, 1.1906e+00, 5.0850e-03, 
 2DIAGNOSTIC,    57, -5.725861660426e-01, 7.486136454833e-05, 1.1952e+00, 4.5669e-03, 
 2DIAGNOSTIC,    58, -5.726875435692e-01, 5.903186609251e-05, 1.2002e+00, 4.9889e-03, 
 2DIAGNOSTIC,    59, -5.731768318631e-01, 4.533582830357e-05, 1.2047e+00, 4.5269e-03, 
 2DIAGNOSTIC,    60, -5.736476004081e-01, 3.905075870219e-05, 1.2098e+00, 5.1160e-03, 
 2DIAGNOSTIC,    61, -5.745097102198e-01, 3.965657763662e-05, 1.2149e+00, 5.1270e-03, 
 2DIAGNOSTIC,    62, -5.746972019309e-01, 4.621880590087e-05, 1.2200e+00, 5.1200e-03, 
 2DIAGNOSTIC,    63, -5.756049916004e-01, 5.980916105391e-05, 1.2262e+00, 6.2020e-03, 
 2DIAGNOSTIC,    64, -5.772616249283e-01, 8.278548911592e-05, 1.2328e+00, 6.5770e-03, 
 2DIAGNOSTIC,    65, -5.779405129793e-01, 1.026456456655e-04, 1.2375e+00, 4.7150e-03, 
 2DIAGNOSTIC,    66, -5.797573898528e-01, 1.262578670073e-04, 1.2422e+00, 4.6780e-03, 
 2DIAGNOSTIC,    67, -5.816966447732e-01, 1.530669891654e-04, 1.2481e+00, 5.8539e-03, 
 2DIAGNOSTIC,    68, -5.819984206165e-01, 1.671794287266e-04, 1.2533e+00, 5.2531e-03, 
 2DIAGNOSTIC,    69, -5.824552185942e-01, 1.721565476368e-04, 1.2586e+00, 5.2509e-03, 
 2DIAGNOSTIC,    70, -5.825162190906e-01, 1.644003403307e-04, 1.2638e+00, 5.2621e-03, 
 2DIAGNOSTIC,    71, -5.829282721343e-01, 1.505995671211e-04, 1.2691e+00, 5.2581e-03, 
 2DIAGNOSTIC,    72, -5.833496856496e-01, 1.269349240078e-04, 1.2742e+00, 5.1551e-03, 
 2DIAGNOSTIC,    73, -5.835302392142e-01, 9.944584860495e-05, 1.2789e+00, 4.6792e-03, 
 2DIAGNOSTIC,    74, -5.834803475175e-01, 7.490360819009e-05, 1.2834e+00, 4.5180e-03, 
 2DIAGNOSTIC,    75, -5.836743015409e-01, 4.990259062580e-05, 1.2887e+00, 5.2991e-03, 
 2DIAGNOSTIC,    76, -5.845630061097e-01, 3.919440209846e-05, 1.2951e+00, 6.3412e-03, 
 2DIAGNOSTIC,    77, -5.858929504421e-01, 4.713436412851e-05, 1.3002e+00, 5.1429e-03, 
 2DIAGNOSTIC,    78, -5.859599952571e-01, 5.260357276048e-05, 1.3054e+00, 5.1599e-03, 
 2DIAGNOSTIC,    79, -5.859949083936e-01, 5.640974000903e-05, 1.3105e+00, 5.1351e-03, 
 2DIAGNOSTIC,    80, -5.860984326674e-01, 5.586358043324e-05, 1.3151e+00, 4.6210e-03, 
 2DIAGNOSTIC,    81, -5.862280717621e-01, 5.327124065455e-05, 1.3203e+00, 5.1391e-03, 
 2DIAGNOSTIC,    82, -5.864475628745e-01, 4.953981982750e-05, 1.3253e+00, 5.0631e-03, 
 2DIAGNOSTIC,    83, -5.865090547076e-01, 4.274362245248e-05, 1.3299e+00, 4.5321e-03, 
 2DIAGNOSTIC,    84, -5.866796215106e-01, 3.296221290207e-05, 1.3362e+00, 6.3500e-03, 
 2DIAGNOSTIC,    85, -5.868966363094e-01, 2.273763231449e-05, 1.3408e+00, 4.5860e-03, 
 2DIAGNOSTIC,    86, -5.868524273025e-01, 1.546739295377e-05, 1.3453e+00, 4.5102e-03, 
 2DIAGNOSTIC,    87, -5.870133880151e-01, 1.585976235051e-05, 1.3515e+00, 6.1710e-03, 
 2DIAGNOSTIC,    88, -5.871137518784e-01, 1.572763520183e-05, 1.3560e+00, 4.5369e-03, 
 2DIAGNOSTIC,    89, -5.871587283282e-01, 1.456315363681e-05, 1.3694e+00, 1.3347e-02, 
 2DIAGNOSTIC,    90, -5.872712240040e-01, 1.329320013438e-05, 1.3759e+00, 6.4840e-03, 
 2DIAGNOSTIC,    91, -5.873582334235e-01, 1.201493536406e-05, 1.3826e+00, 6.6950e-03, 
 2DIAGNOSTIC,    92, -5.872921679186e-01, 1.050891617468e-05, 1.3871e+00, 4.5681e-03, 
 2DIAGNOSTIC,    93, -5.872559492928e-01, 8.194293247483e-06, 1.3915e+00, 4.3740e-03, 
 2DIAGNOSTIC,    94, -5.872905802693e-01, 6.283552581842e-06, 1.3959e+00, 4.4100e-03, 
 2DIAGNOSTIC,    95, -5.873039997796e-01, 5.097990298837e-06, 1.4002e+00, 4.3352e-03, 
 2DIAGNOSTIC,    96, -5.873065552826e-01, 3.229747606257e-06, 1.4046e+00, 4.3371e-03, 
 2DIAGNOSTIC,    97, -5.873104031690e-01, 2.008094461197e-06, 1.4091e+00, 4.4742e-03, 
 2DIAGNOSTIC,    98, -5.874033959741e-01, 1.683799543677e-06, 1.4140e+00, 4.9031e-03, 
 2DIAGNOSTIC,    99, -5.874977742235e-01, 1.930429969901e-06, 1.4189e+00, 4.9708e-03, 
 2DIAGNOSTIC,   100, -5.875723555305e-01, 2.953081714094e-06, 1.4234e+00, 4.4789e-03, 
 2DIAGNOSTIC,   101, -5.874957689514e-01, 3.766787798632e-06, 1.4299e+00, 6.4881e-03, 
 2DIAGNOSTIC,   102, -5.874973213262e-01, 3.935327314819e-06, 1.4343e+00, 4.4210e-03, 
 2DIAGNOSTIC,   103, -5.875048062695e-01, 3.595598470074e-06, 1.4392e+00, 4.8769e-03, 
 2DIAGNOSTIC,   104, -5.875943941384e-01, 3.541272832946e-06, 1.4436e+00, 4.4000e-03, 
 2DIAGNOSTIC,   105, -5.875953534363e-01, 3.235881342297e-06, 1.4486e+00, 4.9970e-03, 
 2DIAGNOSTIC,   106, -5.875958503856e-01, 2.692152943417e-06, 1.4536e+00, 4.9989e-03, 
 2DIAGNOSTIC,   107, -5.875970658007e-01, 1.960270751063e-06, 1.4580e+00, 4.3888e-03, 
 2DIAGNOSTIC,   108, -5.875159764030e-01, 1.123230036534e-06, 1.4629e+00, 4.9410e-03, 
DIAGNOSTIC,Iteration,metricValue,convergenceValue,ITERATION_TIME_INDEX,SINCE_LAST
 2DIAGNOSTIC,     1, -4.733674971681e-01, 1.797693134862e+308, 2.2387e+00, 7.7579e-01, 
 2DIAGNOSTIC,     2, -4.740708145794e-01, 1.797693134862e+308, 2.2736e+00, 3.4879e-02, 
 2DIAGNOSTIC,     3, -4.751752131154e-01, 1.797693134862e+308, 2.3038e+00, 3.0204e-02, 
 2DIAGNOSTIC,     4, -4.772578115075e-01, 1.797693134862e+308, 2.3334e+00, 2.9643e-02, 
 2DIAGNOSTIC,     5, -4.805069534507e-01, 1.797693134862e+308, 2.3637e+00, 3.0265e-02, 
 2DIAGNOSTIC,     6, -4.823349091851e-01, 1.797693134862e+308, 2.3978e+00, 3.4088e-02, 
 2DIAGNOSTIC,     7, -4.831283963923e-01, 1.797693134862e+308, 2.4306e+00, 3.2812e-02, 
 2DIAGNOSTIC,     8, -4.832893461846e-01, 1.797693134862e+308, 2.4657e+00, 3.5048e-02, 
 2DIAGNOSTIC,     9, -4.835513534678e-01, 1.797693134862e+308, 2.5067e+00, 4.1052e-02, 
 2DIAGNOSTIC,    10, -4.836486431333e-01, 1.621051915872e-03, 2.5372e+00, 3.0518e-02, 
 2DIAGNOSTIC,    11, -4.839351513390e-01, 1.247104236626e-03, 2.5677e+00, 3.0478e-02, 
 2DIAGNOSTIC,    12, -4.855747096970e-01, 9.408352739200e-04, 2.5979e+00, 3.0152e-02, 
 2DIAGNOSTIC,    13, -4.884854266723e-01, 7.778936428146e-04, 2.6350e+00, 3.7133e-02, 
 2DIAGNOSTIC,    14, -4.887242418495e-01, 6.608719724610e-04, 2.6645e+00, 2.9481e-02, 
 2DIAGNOSTIC,    15, -4.888450045337e-01, 6.324619400564e-04, 2.6936e+00, 2.9168e-02, 
 2DIAGNOSTIC,    16, -4.890025295978e-01, 6.236713953685e-04, 2.7340e+00, 4.0387e-02, 
 2DIAGNOSTIC,    17, -4.889987009264e-01, 5.847384604077e-04, 2.7671e+00, 3.3101e-02, 
 2DIAGNOSTIC,    18, -4.890586407475e-01, 5.018306064845e-04, 2.7999e+00, 3.2810e-02, 
 2DIAGNOSTIC,    19, -4.890861072170e-01, 3.907889814287e-04, 2.8290e+00, 2.9036e-02, 
 2DIAGNOSTIC,    20, -4.891060706817e-01, 2.599049966571e-04, 2.8620e+00, 3.3043e-02, 
 2DIAGNOSTIC,    21, -4.891387509268e-01, 1.261974153859e-04, 2.8981e+00, 3.6115e-02, 
 2DIAGNOSTIC,    22, -4.891387553038e-01, 3.473881456847e-05, 2.9345e+00, 3.6381e-02, 
 2DIAGNOSTIC,    23, -4.891351785080e-01, 2.225288296559e-05, 2.9641e+00, 2.9555e-02, 
 2DIAGNOSTIC,    24, -4.891268878402e-01, 1.445138975700e-05, 2.9973e+00, 3.3285e-02, 
 2DIAGNOSTIC,    25, -4.891291518428e-01, 8.839985693121e-06, 3.0268e+00, 2.9404e-02, 
 2DIAGNOSTIC,    26, -4.891531553275e-01, 7.053796954384e-06, 3.0640e+00, 3.7226e-02, 
 2DIAGNOSTIC,    27, -4.891558267869e-01, 4.785192931553e-06, 3.0975e+00, 3.3484e-02, 
 2DIAGNOSTIC,    28, -4.891550659063e-01, 3.585107943530e-06, 3.1305e+00, 3.3027e-02, 
 2DIAGNOSTIC,    29, -4.891651122298e-01, 3.003552879230e-06, 3.1647e+00, 3.4162e-02, 
 2DIAGNOSTIC,    30, -4.891788483527e-01, 2.912748746101e-06, 3.1942e+00, 2.9515e-02, 
 2DIAGNOSTIC,    31, -4.891894213393e-01, 3.452922864251e-06, 3.2234e+00, 2.9190e-02, 
 2DIAGNOSTIC,    32, -4.892467831744e-01, 4.777308929629e-06, 3.2529e+00, 2.9544e-02, 
 2DIAGNOSTIC,    33, -4.894187094910e-01, 8.634360224850e-06, 3.2829e+00, 2.9983e-02, 
 2DIAGNOSTIC,    34, -4.896283547913e-01, 1.492919850784e-05, 3.3166e+00, 3.3765e-02, 
 2DIAGNOSTIC,    35, -4.900153027323e-01, 2.596677913937e-05, 3.3667e+00, 5.0090e-02, 
 2DIAGNOSTIC,    36, -4.903032454814e-01, 3.896907934789e-05, 3.3972e+00, 3.0430e-02, 
 2DIAGNOSTIC,    37, -4.904803330058e-01, 5.045508064680e-05, 3.4315e+00, 3.4371e-02, 
 2DIAGNOSTIC,    38, -4.907433817864e-01, 6.065410947522e-05, 3.4624e+00, 3.0827e-02, 
 2DIAGNOSTIC,    39, -4.908526704977e-01, 6.632839112693e-05, 3.4934e+00, 3.1063e-02, 
 2DIAGNOSTIC,    40, -4.911789304297e-01, 7.039920004967e-05, 3.5505e+00, 5.7034e-02, 
 2DIAGNOSTIC,    41, -4.912002503052e-01, 6.798590643555e-05, 3.5919e+00, 4.1462e-02, 
 2DIAGNOSTIC,    42, -4.911990856900e-01, 6.010871837721e-05, 3.6261e+00, 3.4146e-02, 
 2DIAGNOSTIC,    43, -4.911901516010e-01, 4.919099013441e-05, 3.6611e+00, 3.5016e-02, 
 2DIAGNOSTIC,    44, -4.911892443360e-01, 3.680248173970e-05, 3.6926e+00, 3.1467e-02, 
 2DIAGNOSTIC,    45, -4.911849816452e-01, 2.637735592335e-05, 3.7229e+00, 3.0310e-02, 
 2DIAGNOSTIC,    46, -4.912054799474e-01, 1.784214266800e-05, 3.7515e+00, 2.8651e-02, 
 2DIAGNOSTIC,    47, -4.912118703006e-01, 1.028853954884e-05, 3.7812e+00, 2.9694e-02, 
 2DIAGNOSTIC,    48, -4.912133382612e-01, 5.360792739394e-06, 3.8113e+00, 3.0101e-02, 
 2DIAGNOSTIC,    49, -4.912433558436e-01, 1.739975988346e-06, 3.8410e+00, 2.9651e-02, 
 2DIAGNOSTIC,    50, -4.912756632694e-01, 2.323073282101e-06, 3.8742e+00, 3.3231e-02, 
 2DIAGNOSTIC,    51, -4.913384221547e-01, 3.671313067607e-06, 3.9042e+00, 2.9974e-02, 
 2DIAGNOSTIC,    52, -4.914014969576e-01, 5.358664319506e-06, 3.9419e+00, 3.7699e-02, 
 2DIAGNOSTIC,    53, -4.915102110608e-01, 7.619401141797e-06, 3.9753e+00, 3.3434e-02, 
 2DIAGNOSTIC,    54, -4.915509675440e-01, 9.536222144578e-06, 4.0089e+00, 3.3626e-02, 
 2DIAGNOSTIC,    55, -4.915577582012e-01, 1.054865296493e-05, 4.0393e+00, 3.0379e-02, 
 2DIAGNOSTIC,    56, -4.916697609144e-01, 1.195527338720e-05, 4.0753e+00, 3.5953e-02, 
 2DIAGNOSTIC,    57, -4.917209204711e-01, 1.277233976720e-05, 4.1329e+00, 5.7677e-02, 
 2DIAGNOSTIC,    58, -4.917321250154e-01, 1.249780043228e-05, 4.1641e+00, 3.1157e-02, 
 2DIAGNOSTIC,    59, -4.917284142753e-01, 1.136202976127e-05, 4.1932e+00, 2.9094e-02, 
 2DIAGNOSTIC,    60, -4.917211561713e-01, 9.477736364161e-06, 4.2222e+00, 2.9001e-02, 
 2DIAGNOSTIC,    61, -4.917298617094e-01, 7.461839263662e-06, 4.2519e+00, 2.9714e-02, 
 2DIAGNOSTIC,    62, -4.917879872303e-01, 5.941643635606e-06, 4.2814e+00, 2.9472e-02, 
 2DIAGNOSTIC,    63, -4.918693954859e-01, 5.691693450917e-06, 4.3138e+00, 3.2440e-02, 
 2DIAGNOSTIC,    64, -4.919823874142e-01, 6.353158260201e-06, 4.3493e+00, 3.5500e-02, 
 2DIAGNOSTIC,    65, -4.921282041777e-01, 7.763854589206e-06, 4.3865e+00, 3.7176e-02, 
 2DIAGNOSTIC,    66, -4.926895846222e-01, 1.433681082290e-05, 4.4596e+00, 7.3159e-02, 
 2DIAGNOSTIC,    67, -4.927854816130e-01, 2.053007982275e-05, 4.5032e+00, 4.3505e-02, 
 2DIAGNOSTIC,    68, -4.927976020777e-01, 2.484568597809e-05, 4.5529e+00, 4.9709e-02, 
 2DIAGNOSTIC,    69, -4.928030843323e-01, 2.677204953643e-05, 4.5945e+00, 4.1670e-02, 
 2DIAGNOSTIC,    70, -4.927980700499e-01, 2.599095934760e-05, 4.6317e+00, 3.7209e-02, 
 2DIAGNOSTIC,    71, -4.927857786170e-01, 2.266850177253e-05, 4.6620e+00, 3.0270e-02, 
 2DIAGNOSTIC,    72, -4.927833317403e-01, 1.772974629594e-05, 4.6953e+00, 3.3256e-02, 
 2DIAGNOSTIC,    73, -4.927903055153e-01, 1.201877073433e-05, 4.7284e+00, 3.3157e-02, 
 2DIAGNOSTIC,    74, -4.927743123165e-01, 6.136082702933e-06, 4.7619e+00, 3.3473e-02, 
DIAGNOSTIC,Iteration,metricValue,convergenceValue,ITERATION_TIME_INDEX,SINCE_LAST
 2DIAGNOSTIC,     1, -4.339692267662e-01, 1.797693134862e+308, 5.8344e+00, 1.0725e+00, 
 2DIAGNOSTIC,     2, -4.341626658608e-01, 1.797693134862e+308, 6.0607e+00, 2.2632e-01, 
 2DIAGNOSTIC,     3, -4.343299806444e-01, 1.797693134862e+308, 6.2903e+00, 2.2963e-01, 
 2DIAGNOSTIC,     4, -4.344331594917e-01, 1.797693134862e+308, 6.5224e+00, 2.3201e-01, 
 2DIAGNOSTIC,     5, -4.345512181477e-01, 1.797693134862e+308, 6.7550e+00, 2.3269e-01, 
 2DIAGNOSTIC,     6, -4.346725244838e-01, 1.797693134862e+308, 7.0734e+00, 3.1836e-01, 
 2DIAGNOSTIC,     7, -4.347552070543e-01, 1.797693134862e+308, 7.3582e+00, 2.8483e-01, 
 2DIAGNOSTIC,     8, -4.347773383973e-01, 1.797693134862e+308, 7.6090e+00, 2.5074e-01, 
 2DIAGNOSTIC,     9, -4.348350147271e-01, 1.797693134862e+308, 7.8549e+00, 2.4591e-01, 
 2DIAGNOSTIC,    10, -4.349527017855e-01, 1.376074050984e-04, 8.1376e+00, 2.8272e-01, 
 2DIAGNOSTIC,    11, -4.352921660552e-01, 1.262411844728e-04, 8.5965e+00, 4.5891e-01, 
 2DIAGNOSTIC,    12, -4.353129568670e-01, 1.167915799705e-04, 8.8470e+00, 2.5054e-01, 
 2DIAGNOSTIC,    13, -4.353434018351e-01, 1.086872406648e-04, 9.1422e+00, 2.9514e-01, 
 2DIAGNOSTIC,    14, -4.353764690473e-01, 9.858756580788e-05, 9.4508e+00, 3.0859e-01, 
 2DIAGNOSTIC,    15, -4.353720600069e-01, 8.574223670782e-05, 9.7195e+00, 2.6876e-01, 
 2DIAGNOSTIC,    16, -4.353723490804e-01, 7.154326807041e-05, 1.0010e+01, 2.9067e-01, 
 2DIAGNOSTIC,    17, -4.353733994244e-01, 5.586053499718e-05, 1.0235e+01, 2.2429e-01, 
 2DIAGNOSTIC,    18, -4.353714670634e-01, 3.783139742002e-05, 1.0497e+01, 2.6289e-01, 
 2DIAGNOSTIC,    19, -4.353726232740e-01, 2.040013641674e-05, 1.0765e+01, 2.6780e-01, 
 2DIAGNOSTIC,    20, -4.353717686617e-01, 6.494328034949e-06, 1.1019e+01, 2.5420e-01, 
 2DIAGNOSTIC,    21, -4.353694069013e-01, 3.956298856446e-06, 1.1272e+01, 2.5300e-01, 
 2DIAGNOSTIC,    22, -4.353724146638e-01, 2.113855470852e-06, 1.1537e+01, 2.6436e-01, 
 2DIAGNOSTIC,    23, -4.353713164599e-01, 1.171753880418e-06, 1.1838e+01, 3.0174e-01, 
 2DIAGNOSTIC,    24, -4.353689109039e-01, 1.167363879229e-06, 1.2174e+01, 3.3597e-01, 
 2DIAGNOSTIC,    25, -4.353683046339e-01, 1.049725017986e-06, 1.2448e+01, 2.7311e-01, 
DIAGNOSTIC,Iteration,metricValue,convergenceValue,ITERATION_TIME_INDEX,SINCE_LAST
 2DIAGNOSTIC,     1, -4.021419618640e-01, 1.797693134862e+308, 1.5005e+01, 2.5574e+00, 
 2DIAGNOSTIC,     2, -4.022777088250e-01, 1.797693134862e+308, 1.6560e+01, 1.5554e+00, 
 2DIAGNOSTIC,     3, -4.023268434087e-01, 1.797693134862e+308, 1.7905e+01, 1.3449e+00, 
 2DIAGNOSTIC,     4, -4.023314646999e-01, 1.797693134862e+308, 1.9308e+01, 1.4028e+00, 
 2DIAGNOSTIC,     5, -4.023442713789e-01, 1.797693134862e+308, 2.0743e+01, 1.4346e+00, 
 2DIAGNOSTIC,     6, -4.023723376685e-01, 1.797693134862e+308, 2.2843e+01, 2.1005e+00, 
 2DIAGNOSTIC,     7, -4.023774834368e-01, 1.797693134862e+308, 2.4226e+01, 1.3829e+00, 
 2DIAGNOSTIC,     8, -4.023826604322e-01, 1.797693134862e+308, 2.5887e+01, 1.6604e+00, 
 2DIAGNOSTIC,     9, -4.023951912922e-01, 1.797693134862e+308, 2.7907e+01, 2.0208e+00, 
 2DIAGNOSTIC,    10, -4.023955043480e-01, 3.295477801661e-05, 2.9694e+01, 1.7867e+00, 
 2DIAGNOSTIC,    11, -4.023983581082e-01, 1.857058581310e-05, 3.1338e+01, 1.6442e+00, 
 2DIAGNOSTIC,    12, -4.024019801389e-01, 1.330989303366e-05, 3.2819e+01, 1.4810e+00, 
 2DIAGNOSTIC,    13, -4.024014108152e-01, 1.054936313608e-05, 3.4543e+01, 1.7237e+00, 
 2DIAGNOSTIC,    14, -4.024016365388e-01, 7.688342600731e-06, 3.6239e+01, 1.6956e+00, 
 2DIAGNOSTIC,    15, -4.024014093685e-01, 5.274947388681e-06, 3.8592e+01, 2.3533e+00, 
 2DIAGNOSTIC,    16, -4.024016571110e-01, 4.126502450824e-06, 4.3060e+01, 4.4684e+00, 
 2DIAGNOSTIC,    17, -4.024016571107e-01, 3.127319372360e-06, 4.7490e+01, 4.4299e+00, 
 2DIAGNOSTIC,    18, -4.024016571107e-01, 2.313946951410e-06, 4.9087e+01, 1.5968e+00, 
 2DIAGNOSTIC,    19, -4.024016571107e-01, 2.004663700921e-06, 5.0529e+01, 1.4424e+00, 
 2DIAGNOSTIC,    20, -4.024016571107e-01, 1.705070181192e-06, 5.1964e+01, 1.4349e+00, 
 2DIAGNOSTIC,    21, -4.024016571107e-01, 1.515624928575e-06, 5.3483e+01, 1.5189e+00, 
 2DIAGNOSTIC,    22, -4.024016571107e-01, 1.460086567442e-06, 5.5140e+01, 1.6564e+00, 
 2DIAGNOSTIC,    23, -4.024016571107e-01, 1.390418538930e-06, 5.6552e+01, 1.4126e+00, 
 2DIAGNOSTIC,    24, -4.024016571107e-01, 1.332797248836e-06, 5.8107e+01, 1.5548e+00, 
 2DIAGNOSTIC,    25, -4.024016571107e-01, 1.272482240945e-06, 5.9614e+01, 1.5070e+00, 
 2DIAGNOSTIC,    26, -4.024016571107e-01, 1.223537469452e-06, 6.1197e+01, 1.5831e+00, 
 2DIAGNOSTIC,    27, -4.024016571107e-01, 1.178218452844e-06, 6.3089e+01, 1.8920e+00, 
 2DIAGNOSTIC,    28, -4.024016571107e-01, 1.136136702697e-06, 6.4992e+01, 1.9031e+00, 
 2DIAGNOSTIC,    29, -4.024016571107e-01, 1.096957310015e-06, 6.6573e+01, 1.5806e+00, 
 2DIAGNOSTIC,    30, -4.024016571107e-01, 1.060390022817e-06, 6.8197e+01, 1.6238e+00, 
 2DIAGNOSTIC,    31, -4.024016571107e-01, 1.026182043035e-06, 6.9796e+01, 1.5998e+00, 
  Elapsed time (stage 0): 7.0629e+01


Total elapsed time: 7.0632e+01
Info [verificarlo]: loaded backend libinterflop_ieee.so
Info [interflop-ieee]: load backend with:
Info [interflop-ieee]: debug = false
Info [interflop-ieee]: debug-binary = false
Info [interflop-ieee]: no-backend-name = false
Info [interflop-ieee]: print-new-line = false
Info [interflop-ieee]: print-subnormal-normalized = false
Info [interflop-ieee]: count-op = false
All_Command_lines_OK
Using double precision for computations.
=============================================================================
The composite transform comprises the following transforms (in order): 
  1. /home/mdugre/scratch/mri-registration-rp/datasets/ds004513/derivatives/mri-registration-rp/0001/antsRegistration-r7-p11/sub-s037/rigid_Composite.h5[0] (type = Euler3DTransform)
  2. /home/mdugre/scratch/mri-registration-rp/datasets/ds004513/derivatives/mri-registration-rp/0001/antsRegistration-r7-p11/sub-s037/rigid_Composite.h5[1] (type = Euler3DTransform)
  3. /home/mdugre/scratch/mri-registration-rp/datasets/ds004513/derivatives/mri-registration-rp/0001/antsRegistration-r7-p11/sub-s037/rigid_Composite.h5[2] (type = Euler3DTransform)
=============================================================================
  number of levels = 4
  fixed image: /templateflow/tpl-MNI152NLin2009cAsym/tpl-MNI152NLin2009cAsym_res-01_desc-brain_T1w.nii.gz
  moving image: /home/mdugre/scratch/mri-registration-rp/datasets/ds004513/derivatives/mri-registration-rp/antsBrainExtraction/sub-s037/BrainExtractionBrain.nii.gz
Dimension = 3
Number of stages = 1
Use histogram matching = false
Winsorize image intensities = true
  Lower quantile = 0.005
  Upper quantile = 0.995


Stage 1 State
   Image metric = MattesMI
     Fixed image = Image (0x36227e0)
  RTTI typeinfo:   itk::Image<double, 3u>
  Reference Count: 2
  Modified Time: 1592
  Debug: Off
  Object Name: 
  Observers: 
    none
  Source: (none)
  Source output name: (none)
  Release Data: Off
  Data Released: False
  Global Release Data: Off
  PipelineMTime: 0
  UpdateMTime: 1203
  RealTimeStamp: 0 seconds 
  LargestPossibleRegion: 
    Dimension: 3
    Index: [0, 0, 0]
    Size: [193, 229, 193]
  BufferedRegion: 
    Dimension: 3
    Index: [0, 0, 0]
    Size: [193, 229, 193]
  RequestedRegion: 
    Dimension: 3
    Index: [0, 0, 0]
    Size: [193, 229, 193]
  Spacing: [1, 1, 1]
  Origin: [96, 132, -78]
  Direction: 
-1 0 0
0 -1 0
0 0 1

  IndexToPointMatrix: 
-1 0 0
0 -1 0
0 0 1

  PointToIndexMatrix: 
-1 0 0
0 -1 0
0 0 1

  Inverse Direction: 
-1 0 0
0 -1 0
0 0 1

  PixelContainer: 
    ImportImageContainer (0x36e2a20)
      RTTI typeinfo:   itk::ImportImageContainer<unsigned long, double>
      Reference Count: 1
      Modified Time: 1200
      Debug: Off
      Object Name: 
      Observers: 
        none
      Pointer: 0x153621834010
      Container manages memory: true
      Size: 8530021
      Capacity: 8530021

     Moving image = Image (0x36ddd70)
  RTTI typeinfo:   itk::Image<double, 3u>
  Reference Count: 2
  Modified Time: 1593
  Debug: Off
  Object Name: 
  Observers: 
    none
  Source: (none)
  Source output name: (none)
  Release Data: Off
  Data Released: False
  Global Release Data: Off
  PipelineMTime: 0
  UpdateMTime: 1590
  RealTimeStamp: 0 seconds 
  LargestPossibleRegion: 
    Dimension: 3
    Index: [0, 0, 0]
    Size: [160, 240, 256]
  BufferedRegion: 
    Dimension: 3
    Index: [0, 0, 0]
    Size: [160, 240, 256]
  RequestedRegion: 
    Dimension: 3
    Index: [0, 0, 0]
    Size: [160, 240, 256]
  Spacing: [1, 1, 1]
  Origin: [87.9508, 102.562, -147.639]
  Direction: 
-0.998659 -0.0436121 -0.0279129
0.043595 -0.999049 0.00121847
-0.0279395 -2.65543e-08 0.99961

  IndexToPointMatrix: 
-0.998659 -0.0436121 -0.0279129
0.043595 -0.999049 0.00121847
-0.0279395 -2.65543e-08 0.99961

  PointToIndexMatrix: 
-0.998659 0.043595 -0.0279395
-0.0436121 -0.999049 -2.65517e-08
-0.0279129 0.00121847 0.99961

  Inverse Direction: 
-0.998659 0.043595 -0.0279395
-0.0436121 -0.999049 -2.65517e-08
-0.0279129 0.00121847 0.99961

  PixelContainer: 
    ImportImageContainer (0x3695c90)
      RTTI typeinfo:   itk::ImportImageContainer<unsigned long, double>
      Reference Count: 1
      Modified Time: 1587
      Debug: Off
      Object Name: 
      Observers: 
        none
      Pointer: 0x15361cd33010
      Container manages memory: true
      Size: 9830400
      Capacity: 9830400

     Weighting = 1
     Sampling strategy = regular
     Number of bins = 32
     Radius = 4
     Sampling percentage  = 0.25
   Transform = Affine
     Gradient step = 0.1
     Update field sigma (voxel space) = 0
     Total field sigma (voxel space) = 0
     Update field time sigma = 0
     Total field time sigma  = 0
     Number of time indices = 0
     Number of time point samples = 0
Registration using 1 total stages.

Stage 0
  iterations = 1000x500x250x100
  convergence threshold = 1e-06
  convergence window size = 10
  number of levels = 4
  using the Mattes MI metric (number of bins = 32, weight = 1, use gradient filter = 0)
  preprocessing:  winsorizing the image intensities
  Shrink factors (level 1 out of 4): [8, 8, 8]
  Shrink factors (level 2 out of 4): [4, 4, 4]
  Shrink factors (level 3 out of 4): [2, 2, 2]
  Shrink factors (level 4 out of 4): [1, 1, 1]
  smoothing sigmas per level: [3, 2, 1, 0]
  regular sampling (percentage = 0.25)

*** Running AffineTransform registration ***

DIAGNOSTIC,Iteration,metricValue,convergenceValue,ITERATION_TIME_INDEX,SINCE_LAST
 2DIAGNOSTIC,     1, -5.816404240482e-01, 1.797693134862e+308, 8.4397e-01, 8.4397e-01, 
 2DIAGNOSTIC,     2, -5.834807421315e-01, 1.797693134862e+308, 8.4905e-01, 5.0850e-03, 
 2DIAGNOSTIC,     3, -5.866470074907e-01, 1.797693134862e+308, 8.5402e-01, 4.9698e-03, 
 2DIAGNOSTIC,     4, -5.917903467268e-01, 1.797693134862e+308, 8.5885e-01, 4.8299e-03, 
 2DIAGNOSTIC,     5, -6.022903677977e-01, 1.797693134862e+308, 8.6380e-01, 4.9510e-03, 
 2DIAGNOSTIC,     6, -6.221676021900e-01, 1.797693134862e+308, 8.6870e-01, 4.8990e-03, 
 2DIAGNOSTIC,     7, -6.425379214184e-01, 1.797693134862e+308, 8.7383e-01, 5.1250e-03, 
 2DIAGNOSTIC,     8, -6.879339048794e-01, 1.797693134862e+308, 8.7893e-01, 5.1031e-03, 
 2DIAGNOSTIC,     9, -6.981241592324e-01, 1.797693134862e+308, 8.8489e-01, 5.9559e-03, 
 2DIAGNOSTIC,    10, -7.079547922357e-01, 1.463440310310e-02, 8.9211e-01, 7.2281e-03, 
 2DIAGNOSTIC,    11, -7.109632839149e-01, 1.424122094457e-02, 8.9736e-01, 5.2471e-03, 
 2DIAGNOSTIC,    12, -7.165787536734e-01, 1.291157372139e-02, 9.0608e-01, 8.7149e-03, 
 2DIAGNOSTIC,    13, -7.169981129132e-01, 1.075377963487e-02, 9.1190e-01, 5.8219e-03, 
 2DIAGNOSTIC,    14, -7.166883593487e-01, 8.114222543781e-03, 9.1753e-01, 5.6350e-03, 
 2DIAGNOSTIC,    15, -7.169158386363e-01, 5.438789566337e-03, 9.2346e-01, 5.9319e-03, 
 2DIAGNOSTIC,    16, -7.170031526089e-01, 3.165210621943e-03, 9.2875e-01, 5.2819e-03, 
 2DIAGNOSTIC,    17, -7.172465030476e-01, 1.379195340984e-03, 9.3449e-01, 5.7411e-03, 
 2DIAGNOSTIC,    18, -7.176218397927e-01, 7.567130842945e-04, 9.3979e-01, 5.2981e-03, 
 2DIAGNOSTIC,    19, -7.179577926571e-01, 3.656880731535e-04, 9.4554e-01, 5.7580e-03, 
 2DIAGNOSTIC,    20, -7.183043203938e-01, 1.970329472262e-04, 9.5091e-01, 5.3661e-03, 
 2DIAGNOSTIC,    21, -7.188007747484e-01, 9.422894469824e-05, 9.5610e-01, 5.1870e-03, 
 2DIAGNOSTIC,    22, -7.198944084130e-01, 1.201783572761e-04, 9.6303e-01, 6.9280e-03, 
 2DIAGNOSTIC,    23, -7.198129072082e-01, 1.385364220414e-04, 9.6873e-01, 5.7049e-03, 
 2DIAGNOSTIC,    24, -7.198697435171e-01, 1.383016482459e-04, 9.7387e-01, 5.1420e-03, 
