
##########################
# Experiment information #
##########################

EXPERIMENT_NAME: antsRegistration-r8-p10
VFC_BACKENDS: libinterflop_vprec.so --range-binary32=8 --precision-binary32=10 --range-binary64=8 --precision-binary64=10

SIF_IMG: /home/mdugre/projects/rrg-glatard/mdugre/containers/ants-vprec-no_metrics.simg

SUBJECT_ID: s020
INPUT_IMG: /home/mdugre/scratch/mri-registration-rp/datasets/ds004513/derivatives/mri-registration-rp/antsBrainExtraction/sub-s020/BrainExtractionBrain.nii.gz
OUTPUT_DIR: /home/mdugre/scratch/mri-registration-rp/datasets/ds004513/derivatives/mri-registration-rp/0001/antsRegistration-r8-p10/sub-s020

FIXED_IMG: /templateflow/tpl-MNI152NLin2009cAsym/tpl-MNI152NLin2009cAsym_res-01_desc-brain_T1w.nii.gz
DATA_DIR: /home/mdugre/scratch/mri-registration-rp/datasets/ds004513
TEMPLATEFLOW_DIR: /home/mdugre/projects/rrg-glatard/mdugre/templateflow
ITK_GLOBAL_DEFAULT_NUMBER_OF_THREADS: 16
##########################

Info [verificarlo]: loaded backend libinterflop_ieee.so
Info [interflop-ieee]: load backend with:
Info [interflop-ieee]: debug = false
Info [interflop-ieee]: debug-binary = false
Info [interflop-ieee]: no-backend-name = false
Info [interflop-ieee]: print-new-line = false
Info [interflop-ieee]: print-subnormal-normalized = false
Info [interflop-ieee]: count-op = false
All_Command_lines_OK
Using double precision for computations.
=============================================================================
The composite transform comprises the following transforms (in order): 
  1. Center of mass alignment using fixed image: /templateflow/tpl-MNI152NLin2009cAsym/tpl-MNI152NLin2009cAsym_res-01_desc-brain_T1w.nii.gz and moving image: /home/mdugre/scratch/mri-registration-rp/datasets/ds004513/derivatives/mri-registration-rp/antsBrainExtraction/sub-s020/BrainExtractionBrain.nii.gz (type = Euler3DTransform)
=============================================================================
  number of levels = 1
  fixed image: /templateflow/tpl-MNI152NLin2009cAsym/tpl-MNI152NLin2009cAsym_res-01_desc-brain_T1w.nii.gz
  moving image: /home/mdugre/scratch/mri-registration-rp/datasets/ds004513/derivatives/mri-registration-rp/antsBrainExtraction/sub-s020/BrainExtractionBrain.nii.gz
Dimension = 3
Number of stages = 1
Use histogram matching = false
Winsorize image intensities = true
  Lower quantile = 0.005
  Upper quantile = 0.995


Stage 1 State
   Image metric = MattesMI
     Fixed image = Image (0x5189e70)
  RTTI typeinfo:   itk::Image<double, 3u>
  Reference Count: 2
  Modified Time: 2334
  Debug: Off
  Object Name: 
  Observers: 
    none
  Source: (none)
  Source output name: (none)
  Release Data: Off
  Data Released: False
  Global Release Data: Off
  PipelineMTime: 0
  UpdateMTime: 1943
  RealTimeStamp: 0 seconds 
  LargestPossibleRegion: 
    Dimension: 3
    Index: [0, 0, 0]
    Size: [193, 229, 193]
  BufferedRegion: 
    Dimension: 3
    Index: [0, 0, 0]
    Size: [193, 229, 193]
  RequestedRegion: 
    Dimension: 3
    Index: [0, 0, 0]
    Size: [193, 229, 193]
  Spacing: [1, 1, 1]
  Origin: [96, 132, -78]
  Direction: 
-1 0 0
0 -1 0
0 0 1

  IndexToPointMatrix: 
-1 0 0
0 -1 0
0 0 1

  PointToIndexMatrix: 
-1 0 0
0 -1 0
0 0 1

  Inverse Direction: 
-1 0 0
0 -1 0
0 0 1

  PixelContainer: 
    ImportImageContainer (0x5192c60)
      RTTI typeinfo:   itk::ImportImageContainer<unsigned long, double>
      Reference Count: 1
      Modified Time: 1940
      Debug: Off
      Object Name: 
      Observers: 
        none
      Pointer: 0x150192f9f010
      Container manages memory: true
      Size: 8530021
      Capacity: 8530021

     Moving image = Image (0x5195610)
  RTTI typeinfo:   itk::Image<double, 3u>
  Reference Count: 2
  Modified Time: 2335
  Debug: Off
  Object Name: 
  Observers: 
    none
  Source: (none)
  Source output name: (none)
  Release Data: Off
  Data Released: False
  Global Release Data: Off
  PipelineMTime: 0
  UpdateMTime: 2332
  RealTimeStamp: 0 seconds 
  LargestPossibleRegion: 
    Dimension: 3
    Index: [0, 0, 0]
    Size: [160, 240, 256]
  BufferedRegion: 
    Dimension: 3
    Index: [0, 0, 0]
    Size: [160, 240, 256]
  RequestedRegion: 
    Dimension: 3
    Index: [0, 0, 0]
    Size: [160, 240, 256]
  Spacing: [0.999995, 1, 1]
  Origin: [87.0906, 98.7205, -152.377]
  Direction: 
-0.996975 0.0261379 -0.0731913
-0.0260677 -0.999658 -0.00191374
-0.0732163 -2.46403e-08 0.997316

  IndexToPointMatrix: 
-0.996971 0.0261379 -0.0731913
-0.0260676 -0.999658 -0.00191374
-0.0732159 -2.46403e-08 0.997316

  PointToIndexMatrix: 
-0.99698 -0.0260679 -0.0732166
0.0261379 -0.999658 -2.46993e-08
-0.0731913 -0.00191374 0.997316

  Inverse Direction: 
-0.996975 -0.0260677 -0.0732163
0.0261379 -0.999658 -2.46993e-08
-0.0731913 -0.00191374 0.997316

  PixelContainer: 
    ImportImageContainer (0x522eef0)
      RTTI typeinfo:   itk::ImportImageContainer<unsigned long, double>
      Reference Count: 1
      Modified Time: 2329
      Debug: Off
      Object Name: 
      Observers: 
        none
      Pointer: 0x15018e49e010
      Container manages memory: true
      Size: 9830400
      Capacity: 9830400

     Weighting = 1
     Sampling strategy = regular
     Number of bins = 32
     Radius = 4
     Sampling percentage  = 0.25
   Transform = Rigid
     Gradient step = 0.1
     Update field sigma (voxel space) = 0
     Total field sigma (voxel space) = 0
     Update field time sigma = 0
     Total field time sigma  = 0
     Number of time indices = 0
     Number of time point samples = 0
Registration using 1 total stages.

Stage 0
  iterations = 0
  convergence threshold = 1e-06
  convergence window size = 10
  number of levels = 1
  using the Mattes MI metric (number of bins = 32, weight = 1, use gradient filter = 0)
  preprocessing:  winsorizing the image intensities
  Shrink factors (level 1 out of 1): [1, 1, 1]
  smoothing sigmas per level: [0]
  regular sampling (percentage = 0.25)

*** Running Euler3DTransform registration ***

  Elapsed time (stage 0): 1.13084


Total elapsed time: 1.13346
Info [verificarlo]: loaded backend libinterflop_ieee.so
Info [interflop-ieee]: load backend with:
Info [interflop-ieee]: debug = false
Info [interflop-ieee]: debug-binary = false
Info [interflop-ieee]: no-backend-name = false
Info [interflop-ieee]: print-new-line = false
Info [interflop-ieee]: print-subnormal-normalized = false
Info [interflop-ieee]: count-op = false
All_Command_lines_OK
Using double precision for computations.
=============================================================================
The composite transform comprises the following transforms (in order): 
  1. /home/mdugre/scratch/mri-registration-rp/datasets/ds004513/derivatives/mri-registration-rp/0001/antsRegistration-r8-p10/sub-s020/align_Composite.h5[0] (type = Euler3DTransform)
  2. /home/mdugre/scratch/mri-registration-rp/datasets/ds004513/derivatives/mri-registration-rp/0001/antsRegistration-r8-p10/sub-s020/align_Composite.h5[1] (type = Euler3DTransform)
=============================================================================
  number of levels = 4
  fixed image: /templateflow/tpl-MNI152NLin2009cAsym/tpl-MNI152NLin2009cAsym_res-01_desc-brain_T1w.nii.gz
  moving image: /home/mdugre/scratch/mri-registration-rp/datasets/ds004513/derivatives/mri-registration-rp/antsBrainExtraction/sub-s020/BrainExtractionBrain.nii.gz
Dimension = 3
Number of stages = 1
Use histogram matching = false
Winsorize image intensities = true
  Lower quantile = 0.005
  Upper quantile = 0.995


Stage 1 State
   Image metric = MattesMI
     Fixed image = Image (0x50e4530)
  RTTI typeinfo:   itk::Image<double, 3u>
  Reference Count: 2
  Modified Time: 1580
  Debug: Off
  Object Name: 
  Observers: 
    none
  Source: (none)
  Source output name: (none)
  Release Data: Off
  Data Released: False
  Global Release Data: Off
  PipelineMTime: 0
  UpdateMTime: 1189
  RealTimeStamp: 0 seconds 
  LargestPossibleRegion: 
    Dimension: 3
    Index: [0, 0, 0]
    Size: [193, 229, 193]
  BufferedRegion: 
    Dimension: 3
    Index: [0, 0, 0]
    Size: [193, 229, 193]
  RequestedRegion: 
    Dimension: 3
    Index: [0, 0, 0]
    Size: [193, 229, 193]
  Spacing: [1, 1, 1]
  Origin: [96, 132, -78]
  Direction: 
-1 0 0
0 -1 0
0 0 1

  IndexToPointMatrix: 
-1 0 0
0 -1 0
0 0 1

  PointToIndexMatrix: 
-1 0 0
0 -1 0
0 0 1

  Inverse Direction: 
-1 0 0
0 -1 0
0 0 1

  PixelContainer: 
    ImportImageContainer (0x51a2d60)
      RTTI typeinfo:   itk::ImportImageContainer<unsigned long, double>
      Reference Count: 1
      Modified Time: 1186
      Debug: Off
      Object Name: 
      Observers: 
        none
      Pointer: 0x14c190887010
      Container manages memory: true
      Size: 8530021
      Capacity: 8530021

     Moving image = Image (0x5194f60)
  RTTI typeinfo:   itk::Image<double, 3u>
  Reference Count: 2
  Modified Time: 1581
  Debug: Off
  Object Name: 
  Observers: 
    none
  Source: (none)
  Source output name: (none)
  Release Data: Off
  Data Released: False
  Global Release Data: Off
  PipelineMTime: 0
  UpdateMTime: 1578
  RealTimeStamp: 0 seconds 
  LargestPossibleRegion: 
    Dimension: 3
    Index: [0, 0, 0]
    Size: [160, 240, 256]
  BufferedRegion: 
    Dimension: 3
    Index: [0, 0, 0]
    Size: [160, 240, 256]
  RequestedRegion: 
    Dimension: 3
    Index: [0, 0, 0]
    Size: [160, 240, 256]
  Spacing: [0.999995, 1, 1]
  Origin: [87.0906, 98.7205, -152.377]
  Direction: 
-0.996975 0.0261379 -0.0731913
-0.0260677 -0.999658 -0.00191374
-0.0732163 -2.46403e-08 0.997316

  IndexToPointMatrix: 
-0.996971 0.0261379 -0.0731913
-0.0260676 -0.999658 -0.00191374
-0.0732159 -2.46403e-08 0.997316

  PointToIndexMatrix: 
-0.99698 -0.0260679 -0.0732166
0.0261379 -0.999658 -2.46993e-08
-0.0731913 -0.00191374 0.997316

  Inverse Direction: 
-0.996975 -0.0260677 -0.0732163
0.0261379 -0.999658 -2.46993e-08
-0.0731913 -0.00191374 0.997316

  PixelContainer: 
    ImportImageContainer (0x51866d0)
      RTTI typeinfo:   itk::ImportImageContainer<unsigned long, double>
      Reference Count: 1
      Modified Time: 1575
      Debug: Off
      Object Name: 
      Observers: 
        none
      Pointer: 0x14c18bd86010
      Container manages memory: true
      Size: 9830400
      Capacity: 9830400

     Weighting = 1
     Sampling strategy = regular
     Number of bins = 32
     Radius = 4
     Sampling percentage  = 0.25
   Transform = Rigid
     Gradient step = 0.1
     Update field sigma (voxel space) = 0
     Total field sigma (voxel space) = 0
     Update field time sigma = 0
     Total field time sigma  = 0
     Number of time indices = 0
     Number of time point samples = 0
Registration using 1 total stages.

Stage 0
  iterations = 1000x500x250x100
  convergence threshold = 1e-06
  convergence window size = 10
  number of levels = 4
  using the Mattes MI metric (number of bins = 32, weight = 1, use gradient filter = 0)
  preprocessing:  winsorizing the image intensities
  Shrink factors (level 1 out of 4): [8, 8, 8]
  Shrink factors (level 2 out of 4): [4, 4, 4]
  Shrink factors (level 3 out of 4): [2, 2, 2]
  Shrink factors (level 4 out of 4): [1, 1, 1]
  smoothing sigmas per level: [3, 2, 1, 0]
  regular sampling (percentage = 0.25)

*** Running Euler3DTransform registration ***

DIAGNOSTIC,Iteration,metricValue,convergenceValue,ITERATION_TIME_INDEX,SINCE_LAST
 2DIAGNOSTIC,     1, -3.791273390751e-01, 1.797693134862e+308, 7.0699e-01, 7.0699e-01, 
 2DIAGNOSTIC,     2, -3.803606001643e-01, 1.797693134862e+308, 7.1094e-01, 3.9558e-03, 
 2DIAGNOSTIC,     3, -3.828962034719e-01, 1.797693134862e+308, 7.1512e-01, 4.1800e-03, 
 2DIAGNOSTIC,     4, -3.876122532015e-01, 1.797693134862e+308, 7.1948e-01, 4.3571e-03, 
 2DIAGNOSTIC,     5, -3.904935334081e-01, 1.797693134862e+308, 7.2465e-01, 5.1641e-03, 
 2DIAGNOSTIC,     6, -3.911039700181e-01, 1.797693134862e+308, 7.2878e-01, 4.1389e-03, 
 2DIAGNOSTIC,     7, -3.914905453856e-01, 1.797693134862e+308, 7.3261e-01, 3.8290e-03, 
 2DIAGNOSTIC,     8, -3.925629083064e-01, 1.797693134862e+308, 7.3628e-01, 3.6640e-03, 
 2DIAGNOSTIC,     9, -3.981570789235e-01, 1.797693134862e+308, 7.4033e-01, 4.0500e-03, 
 2DIAGNOSTIC,    10, -4.079218556696e-01, 3.866687266231e-03, 7.4570e-01, 5.3730e-03, 
 2DIAGNOSTIC,    11, -4.246779602407e-01, 4.904320352955e-03, 7.5038e-01, 4.6840e-03, 
 2DIAGNOSTIC,    12, -4.297045200929e-01, 5.673254149495e-03, 7.5473e-01, 4.3471e-03, 
 2DIAGNOSTIC,    13, -4.335692915499e-01, 6.156954111588e-03, 7.5950e-01, 4.7710e-03, 
 2DIAGNOSTIC,    14, -4.439932007395e-01, 6.764094567501e-03, 7.6337e-01, 3.8631e-03, 
 2DIAGNOSTIC,    15, -4.466217673289e-01, 6.904768045477e-03, 7.6824e-01, 4.8790e-03, 
 2DIAGNOSTIC,    16, -4.513528166467e-01, 6.619270356788e-03, 7.7281e-01, 4.5700e-03, 
 2DIAGNOSTIC,    17, -4.528511001708e-01, 5.844785639170e-03, 7.7764e-01, 4.8280e-03, 
 2DIAGNOSTIC,    18, -4.555717392150e-01, 4.777374804553e-03, 7.8365e-01, 6.0081e-03, 
 2DIAGNOSTIC,    19, -4.559551118388e-01, 3.601534618239e-03, 7.8770e-01, 4.0462e-03, 
 2DIAGNOSTIC,    20, -4.573565963472e-01, 2.586714873463e-03, 7.9375e-01, 6.0489e-03, 
 2DIAGNOSTIC,    21, -4.575247700340e-01, 1.982969325482e-03, 7.9776e-01, 4.0150e-03, 
 2DIAGNOSTIC,    22, -4.577282412217e-01, 1.415634976108e-03, 8.0231e-01, 4.5462e-03, 
 2DIAGNOSTIC,    23, -4.579446777445e-01, 8.825808347834e-04, 8.0676e-01, 4.4570e-03, 
 2DIAGNOSTIC,    24, -4.580222525794e-01, 6.077357496314e-04, 8.1086e-01, 4.0989e-03, 
 2DIAGNOSTIC,    25, -4.581756725271e-01, 3.715374046300e-04, 8.1488e-01, 4.0181e-03, 
 2DIAGNOSTIC,    26, -4.586248972289e-01, 2.524139562003e-04, 8.1889e-01, 4.0078e-03, 
 2DIAGNOSTIC,    27, -4.589296936093e-01, 1.618787671252e-04, 8.2485e-01, 5.9638e-03, 
 2DIAGNOSTIC,    28, -4.591734570414e-01, 1.333146564029e-04, 8.2889e-01, 4.0419e-03, 
 2DIAGNOSTIC,    29, -4.592819767242e-01, 1.048452852753e-04, 8.3340e-01, 4.5009e-03, 
 2DIAGNOSTIC,    30, -4.597220258392e-01, 1.090954977953e-04, 8.3888e-01, 5.4829e-03, 
 2DIAGNOSTIC,    31, -4.598058903450e-01, 1.078074753821e-04, 8.4290e-01, 4.0212e-03, 
 2DIAGNOSTIC,    32, -4.606625576356e-01, 1.181267507155e-04, 8.4744e-01, 4.5450e-03, 
 2DIAGNOSTIC,    33, -4.610345402862e-01, 1.280759456032e-04, 8.5146e-01, 4.0121e-03, 
 2DIAGNOSTIC,    34, -4.611764171055e-01, 1.296332387560e-04, 8.5551e-01, 4.0531e-03, 
 2DIAGNOSTIC,    35, -4.615398190347e-01, 1.285460595828e-04, 8.5950e-01, 3.9940e-03, 
 2DIAGNOSTIC,    36, -4.621704459498e-01, 1.347124546662e-04, 8.6509e-01, 5.5830e-03, 
 2DIAGNOSTIC,    37, -4.629355661312e-01, 1.461587982865e-04, 8.6926e-01, 4.1718e-03, 
 2DIAGNOSTIC,    38, -4.632898631209e-01, 1.531193514333e-04, 8.7329e-01, 4.0269e-03, 
 2DIAGNOSTIC,    39, -4.639371932629e-01, 1.578847502681e-04, 8.7788e-01, 4.5960e-03, 
 2DIAGNOSTIC,    40, -4.659225809655e-01, 1.867321121222e-04, 8.8216e-01, 4.2789e-03, 
 2DIAGNOSTIC,    41, -4.814243473918e-01, 4.405115881769e-04, 8.8700e-01, 4.8401e-03, 
 2DIAGNOSTIC,    42, -4.900334828509e-01, 7.775026222535e-04, 8.9325e-01, 6.2480e-03, 
 2DIAGNOSTIC,    43, -4.936783979870e-01, 1.082507408074e-03, 8.9718e-01, 3.9332e-03, 
 2DIAGNOSTIC,    44, -4.982253111110e-01, 1.340432558455e-03, 9.0113e-01, 3.9520e-03, 
 2DIAGNOSTIC,    45, -5.056195503159e-01, 1.566665365726e-03, 9.0607e-01, 4.9400e-03, 
 2DIAGNOSTIC,    46, -5.133361220477e-01, 1.741612986903e-03, 9.1017e-01, 4.0960e-03, 
 2DIAGNOSTIC,    47, -5.154870645034e-01, 1.777775887704e-03, 9.1519e-01, 5.0251e-03, 
 2DIAGNOSTIC,    48, -5.180726823960e-01, 1.685012843395e-03, 9.2284e-01, 7.6461e-03, 
 2DIAGNOSTIC,    49, -5.181508327556e-01, 1.448001033894e-03, 9.2686e-01, 4.0240e-03, 
 2DIAGNOSTIC,    50, -5.187931219207e-01, 1.111644861945e-03, 9.3080e-01, 3.9349e-03, 
 2DIAGNOSTIC,    51, -5.194206377345e-01, 8.789718151312e-04, 9.3473e-01, 3.9339e-03, 
 2DIAGNOSTIC,    52, -5.204244289836e-01, 6.878196688180e-04, 9.3877e-01, 4.0321e-03, 
 2DIAGNOSTIC,    53, -5.212104675704e-01, 4.914695752662e-04, 9.4270e-01, 3.9361e-03, 
 2DIAGNOSTIC,    54, -5.215136062843e-01, 3.111036029587e-04, 9.4661e-01, 3.9122e-03, 
 2DIAGNOSTIC,    55, -5.221309822231e-01, 1.970626373482e-04, 9.5106e-01, 4.4470e-03, 
 2DIAGNOSTIC,    56, -5.228722972905e-01, 1.616864070130e-04, 9.5623e-01, 5.1651e-03, 
 2DIAGNOSTIC,    57, -5.230808917707e-01, 1.367967277736e-04, 9.6035e-01, 4.1220e-03, 
 2DIAGNOSTIC,    58, -5.232434956781e-01, 1.290898895201e-04, 9.6440e-01, 4.0519e-03, 
 2DIAGNOSTIC,    59, -5.232654481723e-01, 1.104472602475e-04, 9.6830e-01, 3.9041e-03, 
 2DIAGNOSTIC,    60, -5.233251195012e-01, 8.910366710176e-05, 9.7428e-01, 5.9750e-03, 
 2DIAGNOSTIC,    61, -5.233418773363e-01, 6.621918872098e-05, 9.7931e-01, 5.0290e-03, 
 2DIAGNOSTIC,    62, -5.233476243436e-01, 4.764619501134e-05, 9.8369e-01, 4.3812e-03, 
 2DIAGNOSTIC,    63, -5.232700142910e-01, 3.213931570571e-05, 9.8761e-01, 3.9229e-03, 
 2DIAGNOSTIC,    64, -5.231934904776e-01, 1.625442466468e-05, 9.9148e-01, 3.8700e-03, 
 2DIAGNOSTIC,    65, -5.232047487062e-01, 5.125198840581e-06, 9.9537e-01, 3.8929e-03, 
DIAGNOSTIC,Iteration,metricValue,convergenceValue,ITERATION_TIME_INDEX,SINCE_LAST
 2DIAGNOSTIC,     1, -4.144912500743e-01, 1.797693134862e+308, 1.6875e+00, 6.9212e-01, 
 2DIAGNOSTIC,     2, -4.148880176952e-01, 1.797693134862e+308, 1.7146e+00, 2.7067e-02, 
 2DIAGNOSTIC,     3, -4.154967195718e-01, 1.797693134862e+308, 1.7417e+00, 2.7106e-02, 
 2DIAGNOSTIC,     4, -4.159423247728e-01, 1.797693134862e+308, 1.7689e+00, 2.7253e-02, 
 2DIAGNOSTIC,     5, -4.161075579254e-01, 1.797693134862e+308, 1.7962e+00, 2.7320e-02, 
 2DIAGNOSTIC,     6, -4.163750926254e-01, 1.797693134862e+308, 1.8231e+00, 2.6888e-02, 
 2DIAGNOSTIC,     7, -4.168254335434e-01, 1.797693134862e+308, 1.8553e+00, 3.2177e-02, 
 2DIAGNOSTIC,     8, -4.176765638109e-01, 1.797693134862e+308, 1.8857e+00, 3.0417e-02, 
 2DIAGNOSTIC,     9, -4.181774058240e-01, 1.797693134862e+308, 1.9175e+00, 3.1818e-02, 
 2DIAGNOSTIC,    10, -4.191127334790e-01, 6.502015344015e-04, 1.9552e+00, 3.7634e-02, 
 2DIAGNOSTIC,    11, -4.192110553428e-01, 6.140585003610e-04, 1.9819e+00, 2.6766e-02, 
 2DIAGNOSTIC,    12, -4.192850012114e-01, 5.556692636716e-04, 2.0086e+00, 2.6627e-02, 
 2DIAGNOSTIC,    13, -4.194112271740e-01, 4.943781258825e-04, 2.0357e+00, 2.7137e-02, 
 2DIAGNOSTIC,    14, -4.196787625631e-01, 4.313864596268e-04, 2.0629e+00, 2.7223e-02, 
 2DIAGNOSTIC,    15, -4.201929542534e-01, 3.679681433244e-04, 2.0971e+00, 3.4128e-02, 
 2DIAGNOSTIC,    16, -4.206260314439e-01, 3.083661349852e-04, 2.1269e+00, 2.9885e-02, 
 2DIAGNOSTIC,    17, -4.211757433458e-01, 2.673343463733e-04, 2.1590e+00, 3.2079e-02, 
 2DIAGNOSTIC,    18, -4.214129818802e-01, 2.472115918940e-04, 2.1904e+00, 3.1422e-02, 
 2DIAGNOSTIC,    19, -4.231163314265e-01, 2.843744893779e-04, 2.2318e+00, 4.1361e-02, 
 2DIAGNOSTIC,    20, -4.234875415302e-01, 3.342326627462e-04, 2.2641e+00, 3.2300e-02, 
 2DIAGNOSTIC,    21, -4.238884548628e-01, 3.646349930731e-04, 2.3086e+00, 4.4482e-02, 
 2DIAGNOSTIC,    22, -4.239169103581e-01, 3.620359379507e-04, 2.3394e+00, 3.0862e-02, 
 2DIAGNOSTIC,    23, -4.239177037619e-01, 3.297824516745e-04, 2.3736e+00, 3.4183e-02, 
 2DIAGNOSTIC,    24, -4.239190057833e-01, 2.763673306585e-04, 2.4036e+00, 2.9957e-02, 
 2DIAGNOSTIC,    25, -4.239106103556e-01, 2.147301994651e-04, 2.4352e+00, 3.1602e-02, 
 2DIAGNOSTIC,    26, -4.238978999340e-01, 1.489367668675e-04, 2.4622e+00, 2.6987e-02, 
 2DIAGNOSTIC,    27, -4.238970449788e-01, 8.836371690493e-05, 2.4919e+00, 2.9709e-02, 
 2DIAGNOSTIC,    28, -4.238989281215e-01, 2.878972053658e-05, 2.5190e+00, 2.7084e-02, 
 2DIAGNOSTIC,    29, -4.238941865966e-01, 1.022913834377e-05, 2.5490e+00, 3.0082e-02, 
DIAGNOSTIC,Iteration,metricValue,convergenceValue,ITERATION_TIME_INDEX,SINCE_LAST
 2DIAGNOSTIC,     1, -3.618768310622e-01, 1.797693134862e+308, 3.6657e+00, 1.1166e+00, 
 2DIAGNOSTIC,     2, -3.619246298091e-01, 1.797693134862e+308, 3.9161e+00, 2.5045e-01, 
 2DIAGNOSTIC,     3, -3.619414393736e-01, 1.797693134862e+308, 4.1228e+00, 2.0663e-01, 
 2DIAGNOSTIC,     4, -3.619533537281e-01, 1.797693134862e+308, 4.3611e+00, 2.3835e-01, 
 2DIAGNOSTIC,     5, -3.619630399371e-01, 1.797693134862e+308, 4.6224e+00, 2.6128e-01, 
 2DIAGNOSTIC,     6, -3.619615168455e-01, 1.797693134862e+308, 4.9229e+00, 3.0056e-01, 
 2DIAGNOSTIC,     7, -3.619567646870e-01, 1.797693134862e+308, 5.3255e+00, 4.0252e-01, 
 2DIAGNOSTIC,     8, -3.619571965920e-01, 1.797693134862e+308, 5.6118e+00, 2.8629e-01, 
 2DIAGNOSTIC,     9, -3.619554203089e-01, 1.797693134862e+308, 5.8480e+00, 2.3629e-01, 
 2DIAGNOSTIC,    10, -3.619550518052e-01, 1.240937844785e-05, 6.0911e+00, 2.4305e-01, 
 2DIAGNOSTIC,    11, -3.619547912730e-01, 5.746634476472e-06, 6.3352e+00, 2.4410e-01, 
 2DIAGNOSTIC,    12, -3.619537738585e-01, 2.991587486706e-06, 6.5752e+00, 2.3999e-01, 
 2DIAGNOSTIC,    13, -3.619532929839e-01, 1.603092167526e-06, 6.8062e+00, 2.3102e-01, 
 2DIAGNOSTIC,    14, -3.619529588143e-01, 1.119663790961e-06, 7.0402e+00, 2.3396e-01, 
 2DIAGNOSTIC,    15, -3.619528909476e-01, 1.309127247717e-06, 7.3313e+00, 2.9110e-01, 
 2DIAGNOSTIC,    16, -3.619518960829e-01, 1.431266694399e-06, 7.5888e+00, 2.5758e-01, 
 2DIAGNOSTIC,    17, -3.619515505789e-01, 1.354952122813e-06, 7.8618e+00, 2.7297e-01, 
 2DIAGNOSTIC,    18, -3.619499618073e-01, 1.286623382932e-06, 8.1657e+00, 3.0392e-01, 
 2DIAGNOSTIC,    19, -3.619488612036e-01, 1.152106023035e-06, 8.3875e+00, 2.2179e-01, 
 2DIAGNOSTIC,    20, -3.619472419826e-01, 1.001528206340e-06, 8.6351e+00, 2.4756e-01, 
DIAGNOSTIC,Iteration,metricValue,convergenceValue,ITERATION_TIME_INDEX,SINCE_LAST
 2DIAGNOSTIC,     1, -3.328282705390e-01, 1.797693134862e+308, 1.2340e+01, 3.7049e+00, 
 2DIAGNOSTIC,     2, -3.328286904310e-01, 1.797693134862e+308, 1.4122e+01, 1.7821e+00, 
 2DIAGNOSTIC,     3, -3.328284011781e-01, 1.797693134862e+308, 1.5724e+01, 1.6022e+00, 
 2DIAGNOSTIC,     4, -3.328284050467e-01, 1.797693134862e+308, 1.7517e+01, 1.7923e+00, 
 2DIAGNOSTIC,     5, -3.328282692811e-01, 1.797693134862e+308, 1.9164e+01, 1.6472e+00, 
 2DIAGNOSTIC,     6, -3.328282076363e-01, 1.797693134862e+308, 2.0599e+01, 1.4350e+00, 
 2DIAGNOSTIC,     7, -3.328283777143e-01, 1.797693134862e+308, 2.2063e+01, 1.4642e+00, 
 2DIAGNOSTIC,     8, -3.328286172346e-01, 1.797693134862e+308, 2.5491e+01, 3.4280e+00, 
 2DIAGNOSTIC,     9, -3.328286858679e-01, 1.797693134862e+308, 2.9846e+01, 4.3547e+00, 
 2DIAGNOSTIC,    10, -3.328286858679e-01, 3.227115641671e-06, 3.2749e+01, 2.9032e+00, 
 2DIAGNOSTIC,    11, -3.328286858679e-01, 2.940860594269e-06, 3.4853e+01, 2.1039e+00, 
 2DIAGNOSTIC,    12, -3.328286858679e-01, 2.728060467083e-06, 3.6642e+01, 1.7893e+00, 
 2DIAGNOSTIC,    13, -3.328286858679e-01, 2.521520261672e-06, 3.8327e+01, 1.6846e+00, 
 2DIAGNOSTIC,    14, -3.328286858679e-01, 2.338181642136e-06, 3.9816e+01, 1.4894e+00, 
 2DIAGNOSTIC,    15, -3.328286858679e-01, 2.165955028680e-06, 4.1370e+01, 1.5541e+00, 
 2DIAGNOSTIC,    16, -3.328286858679e-01, 2.007766897308e-06, 4.2838e+01, 1.4682e+00, 
 2DIAGNOSTIC,    17, -3.328286858679e-01, 1.874620187282e-06, 4.4810e+01, 1.9716e+00, 
 2DIAGNOSTIC,    18, -3.328286858679e-01, 1.767218601248e-06, 4.6440e+01, 1.6305e+00, 
 2DIAGNOSTIC,    19, -3.328286858679e-01, 1.674207064546e-06, 4.7912e+01, 1.4714e+00, 
 2DIAGNOSTIC,    20, -3.328286858679e-01, 1.590496683086e-06, 4.9592e+01, 1.6803e+00, 
 2DIAGNOSTIC,    21, -3.328286858679e-01, 1.514758721469e-06, 5.1209e+01, 1.6166e+00, 
 2DIAGNOSTIC,    22, -3.328286858679e-01, 1.445906031190e-06, 5.2649e+01, 1.4403e+00, 
 2DIAGNOSTIC,    23, -3.328286858679e-01, 1.383040533133e-06, 5.4418e+01, 1.7684e+00, 
 2DIAGNOSTIC,    24, -3.328286858679e-01, 1.325413828059e-06, 5.6033e+01, 1.6152e+00, 
 2DIAGNOSTIC,    25, -3.328286858679e-01, 1.272397260603e-06, 5.7522e+01, 1.4891e+00, 
 2DIAGNOSTIC,    26, -3.328286858679e-01, 1.223458891732e-06, 5.9011e+01, 1.4888e+00, 
 2DIAGNOSTIC,    27, -3.328286858679e-01, 1.178145588122e-06, 6.0521e+01, 1.5101e+00, 
 2DIAGNOSTIC,    28, -3.328286858679e-01, 1.136068949803e-06, 6.2004e+01, 1.4829e+00, 
 2DIAGNOSTIC,    29, -3.328286858679e-01, 1.096894149309e-06, 6.3525e+01, 1.5209e+00, 
 2DIAGNOSTIC,    30, -3.328286858679e-01, 1.060331002778e-06, 6.5037e+01, 1.5123e+00, 
 2DIAGNOSTIC,    31, -3.328286858679e-01, 1.026126769423e-06, 6.6762e+01, 1.7251e+00, 
  Elapsed time (stage 0): 6.7615e+01


Total elapsed time: 6.7620e+01
Info [verificarlo]: loaded backend libinterflop_ieee.so
Info [interflop-ieee]: load backend with:
Info [interflop-ieee]: debug = false
Info [interflop-ieee]: debug-binary = false
Info [interflop-ieee]: no-backend-name = false
Info [interflop-ieee]: print-new-line = false
Info [interflop-ieee]: print-subnormal-normalized = false
Info [interflop-ieee]: count-op = false
All_Command_lines_OK
Using double precision for computations.
=============================================================================
The composite transform comprises the following transforms (in order): 
  1. /home/mdugre/scratch/mri-registration-rp/datasets/ds004513/derivatives/mri-registration-rp/0001/antsRegistration-r8-p10/sub-s020/rigid_Composite.h5[0] (type = Euler3DTransform)
  2. /home/mdugre/scratch/mri-registration-rp/datasets/ds004513/derivatives/mri-registration-rp/0001/antsRegistration-r8-p10/sub-s020/rigid_Composite.h5[1] (type = Euler3DTransform)
  3. /home/mdugre/scratch/mri-registration-rp/datasets/ds004513/derivatives/mri-registration-rp/0001/antsRegistration-r8-p10/sub-s020/rigid_Composite.h5[2] (type = Euler3DTransform)
=============================================================================
  number of levels = 4
  fixed image: /templateflow/tpl-MNI152NLin2009cAsym/tpl-MNI152NLin2009cAsym_res-01_desc-brain_T1w.nii.gz
  moving image: /home/mdugre/scratch/mri-registration-rp/datasets/ds004513/derivatives/mri-registration-rp/antsBrainExtraction/sub-s020/BrainExtractionBrain.nii.gz
Dimension = 3
Number of stages = 1
Use histogram matching = false
Winsorize image intensities = true
  Lower quantile = 0.005
  Upper quantile = 0.995


Stage 1 State
   Image metric = MattesMI
     Fixed image = Image (0x45c97e0)
  RTTI typeinfo:   itk::Image<double, 3u>
  Reference Count: 2
  Modified Time: 1594
  Debug: Off
  Object Name: 
  Observers: 
    none
  Source: (none)
  Source output name: (none)
  Release Data: Off
  Data Released: False
  Global Release Data: Off
  PipelineMTime: 0
  UpdateMTime: 1203
  RealTimeStamp: 0 seconds 
  LargestPossibleRegion: 
    Dimension: 3
    Index: [0, 0, 0]
    Size: [193, 229, 193]
  BufferedRegion: 
    Dimension: 3
    Index: [0, 0, 0]
    Size: [193, 229, 193]
  RequestedRegion: 
    Dimension: 3
    Index: [0, 0, 0]
    Size: [193, 229, 193]
  Spacing: [1, 1, 1]
  Origin: [96, 132, -78]
  Direction: 
-1 0 0
0 -1 0
0 0 1

  IndexToPointMatrix: 
-1 0 0
0 -1 0
0 0 1

  PointToIndexMatrix: 
-1 0 0
0 -1 0
0 0 1

  Inverse Direction: 
-1 0 0
0 -1 0
0 0 1

  PixelContainer: 
    ImportImageContainer (0x4689a20)
      RTTI typeinfo:   itk::ImportImageContainer<unsigned long, double>
      Reference Count: 1
      Modified Time: 1200
      Debug: Off
      Object Name: 
      Observers: 
        none
      Pointer: 0x152779b6a010
      Container manages memory: true
      Size: 8530021
      Capacity: 8530021

     Moving image = Image (0x4684d70)
  RTTI typeinfo:   itk::Image<double, 3u>
  Reference Count: 2
  Modified Time: 1595
  Debug: Off
  Object Name: 
  Observers: 
    none
  Source: (none)
  Source output name: (none)
  Release Data: Off
  Data Released: False
  Global Release Data: Off
  PipelineMTime: 0
  UpdateMTime: 1592
  RealTimeStamp: 0 seconds 
  LargestPossibleRegion: 
    Dimension: 3
    Index: [0, 0, 0]
    Size: [160, 240, 256]
  BufferedRegion: 
    Dimension: 3
    Index: [0, 0, 0]
    Size: [160, 240, 256]
  RequestedRegion: 
    Dimension: 3
    Index: [0, 0, 0]
    Size: [160, 240, 256]
  Spacing: [0.999995, 1, 1]
  Origin: [87.0906, 98.7205, -152.377]
  Direction: 
-0.996975 0.0261379 -0.0731913
-0.0260677 -0.999658 -0.00191374
-0.0732163 -2.46403e-08 0.997316

  IndexToPointMatrix: 
-0.996971 0.0261379 -0.0731913
-0.0260676 -0.999658 -0.00191374
-0.0732159 -2.46403e-08 0.997316

  PointToIndexMatrix: 
-0.99698 -0.0260679 -0.0732166
0.0261379 -0.999658 -2.46993e-08
-0.0731913 -0.00191374 0.997316

  Inverse Direction: 
-0.996975 -0.0260677 -0.0732163
0.0261379 -0.999658 -2.46993e-08
-0.0731913 -0.00191374 0.997316

  PixelContainer: 
    ImportImageContainer (0x463cc90)
      RTTI typeinfo:   itk::ImportImageContainer<unsigned long, double>
      Reference Count: 1
      Modified Time: 1589
      Debug: Off
      Object Name: 
      Observers: 
        none
      Pointer: 0x152775069010
      Container manages memory: true
      Size: 9830400
      Capacity: 9830400

     Weighting = 1
     Sampling strategy = regular
     Number of bins = 32
     Radius = 4
     Sampling percentage  = 0.25
   Transform = Affine
     Gradient step = 0.1
     Update field sigma (voxel space) = 0
     Total field sigma (voxel space) = 0
     Update field time sigma = 0
     Total field time sigma  = 0
     Number of time indices = 0
     Number of time point samples = 0
Registration using 1 total stages.

Stage 0
  iterations = 1000x500x250x100
  convergence threshold = 1e-06
  convergence window size = 10
  number of levels = 4
  using the Mattes MI metric (number of bins = 32, weight = 1, use gradient filter = 0)
  preprocessing:  winsorizing the image intensities
  Shrink factors (level 1 out of 4): [8, 8, 8]
  Shrink factors (level 2 out of 4): [4, 4, 4]
  Shrink factors (level 3 out of 4): [2, 2, 2]
  Shrink factors (level 4 out of 4): [1, 1, 1]
  smoothing sigmas per level: [3, 2, 1, 0]
  regular sampling (percentage = 0.25)

*** Running AffineTransform registration ***

DIAGNOSTIC,Iteration,metricValue,convergenceValue,ITERATION_TIME_INDEX,SINCE_LAST
 2DIAGNOSTIC,     1, -5.154373890922e-01, 1.797693134862e+308, 7.8150e-01, 7.8150e-01, 
 2DIAGNOSTIC,     2, -5.169171830151e-01, 1.797693134862e+308, 7.8626e-01, 4.7588e-03, 
 2DIAGNOSTIC,     3, -5.195211742469e-01, 1.797693134862e+308, 7.9210e-01, 5.8429e-03, 
 2DIAGNOSTIC,     4, -5.234380464941e-01, 1.797693134862e+308, 7.9696e-01, 4.8630e-03, 
 2DIAGNOSTIC,     5, -5.299130208792e-01, 1.797693134862e+308, 8.0210e-01, 5.1360e-03, 
 2DIAGNOSTIC,     6, -5.413579928938e-01, 1.797693134862e+308, 8.0770e-01, 5.5962e-03, 
 2DIAGNOSTIC,     7, -5.915456170500e-01, 1.797693134862e+308, 8.1307e-01, 5.3730e-03, 
 2DIAGNOSTIC,     8, -6.460415872494e-01, 1.797693134862e+308, 8.1945e-01, 6.3820e-03, 
 2DIAGNOSTIC,     9, -6.943020372867e-01, 1.797693134862e+308, 8.2644e-01, 6.9890e-03, 
 2DIAGNOSTIC,    10, -7.489073992342e-01, 2.492289887849e-02, 8.3395e-01, 7.5071e-03, 
 2DIAGNOSTIC,    11, -7.585316798374e-01, 2.695180773648e-02, 8.4143e-01, 7.4840e-03, 
 2DIAGNOSTIC,    12, -7.770557905120e-01, 2.691000570356e-02, 8.4728e-01, 5.8470e-03, 
 2DIAGNOSTIC,    13, -7.978579716092e-01, 2.522519416645e-02, 8.5335e-01, 6.0771e-03, 
 2DIAGNOSTIC,    14, -8.082302711783e-01, 2.199971103247e-02, 8.5981e-01, 6.4561e-03, 
 2DIAGNOSTIC,    15, -8.313440955411e-01, 1.815909175286e-02, 8.6821e-01, 8.4000e-03, 
 2DIAGNOSTIC,    16, -8.534819065466e-01, 1.413345531287e-02, 8.7824e-01, 1.0031e-02, 
 2DIAGNOSTIC,    17, -8.534628323711e-01, 1.064698633062e-02, 8.8442e-01, 6.1769e-03, 
 2DIAGNOSTIC,    18, -8.546416059704e-01, 7.943177429988e-03, 8.9121e-01, 6.7899e-03, 
 2DIAGNOSTIC,    19, -8.549599810773e-01, 5.882050658898e-03, 8.9731e-01, 6.0999e-03, 
 2DIAGNOSTIC,    20, -8.550963320937e-01, 4.632283579367e-03, 9.0511e-01, 7.7999e-03, 
 2DIAGNOSTIC,    21, -8.553794682366e-01, 3.276785677382e-03, 9.1308e-01, 7.9758e-03, 
 2DIAGNOSTIC,    22, -8.553850494161e-01, 2.095611687682e-03, 9.2148e-01, 8.4000e-03, 
 2DIAGNOSTIC,    23, -8.553641247706e-01, 1.202168917916e-03, 9.2869e-01, 7.2021e-03, 
 2DIAGNOSTIC,    24, -8.549488893852e-01, 4.396682105042e-04, 9.3566e-01, 6.9718e-03, 
 2DIAGNOSTIC,    25, -8.550536018127e-01, 5.759277499458e-05, 9.4293e-01, 7.2711e-03, 
 2DIAGNOSTIC,    26, -8.550050482605e-01, 3.131594671710e-05, 9.4924e-01, 6.3150e-03, 
DIAGNOSTIC,Iteration,metricValue,convergenceValue,ITERATION_TIME_INDEX,SINCE_LAST
 2DIAGNOSTIC,     1, -7.177231461122e-01, 1.797693134862e+308, 1.8093e+00, 8.6004e-01, 
 2DIAGNOSTIC,     2, -7.183480597813e-01, 1.797693134862e+308, 1.8516e+00, 4.2363e-02, 
 2DIAGNOSTIC,     3, -7.188573750729e-01, 1.797693134862e+308, 1.8964e+00, 4.4747e-02, 
 2DIAGNOSTIC,     4, -7.191955278990e-01, 1.797693134862e+308, 1.9390e+00, 4.2572e-02, 
 2DIAGNOSTIC,     5, -7.193441077443e-01, 1.797693134862e+308, 1.9856e+00, 4.6631e-02, 
 2DIAGNOSTIC,     6, -7.193244350058e-01, 1.797693134862e+308, 2.2435e+00, 2.5788e-01, 
 2DIAGNOSTIC,     7, -7.193194199277e-01, 1.797693134862e+308, 2.2967e+00, 5.3253e-02, 
 2DIAGNOSTIC,     8, -7.193207033695e-01, 1.797693134862e+308, 2.3441e+00, 4.7387e-02, 
 2DIAGNOSTIC,     9, -7.192812322640e-01, 1.797693134862e+308, 2.3928e+00, 4.8643e-02, 
 2DIAGNOSTIC,    10, -7.192630273921e-01, 1.112924078687e-04, 2.4424e+00, 4.9648e-02, 
 2DIAGNOSTIC,    11, -7.192594611162e-01, 5.011669436777e-05, 2.4847e+00, 4.2294e-02, 
 2DIAGNOSTIC,    12, -7.192524384632e-01, 1.497134295339e-05, 2.5271e+00, 4.2410e-02, 
DIAGNOSTIC,Iteration,metricValue,convergenceValue,ITERATION_TIME_INDEX,SINCE_LAST
 2DIAGNOSTIC,     1, -5.946869087848e-01, 1.797693134862e+308, 3.9572e+00, 1.4301e+00, 
 2DIAGNOSTIC,     2, -5.950097706802e-01, 1.797693134862e+308, 4.2620e+00, 3.0478e-01, 
 2DIAGNOSTIC,     3, -5.953127965594e-01, 1.797693134862e+308, 4.5499e+00, 2.8796e-01, 
 2DIAGNOSTIC,     4, -5.956862876286e-01, 1.797693134862e+308, 4.8330e+00, 2.8304e-01, 
 2DIAGNOSTIC,     5, -5.961627115367e-01, 1.797693134862e+308, 5.1295e+00, 2.9653e-01, 
 2DIAGNOSTIC,     6, -5.968289232536e-01, 1.797693134862e+308, 5.4757e+00, 3.4623e-01, 
 2DIAGNOSTIC,     7, -5.971353373254e-01, 1.797693134862e+308, 5.8712e+00, 3.9546e-01, 
 2DIAGNOSTIC,     8, -5.973487257006e-01, 1.797693134862e+308, 6.2145e+00, 3.4333e-01, 
 2DIAGNOSTIC,     9, -5.973595459055e-01, 1.797693134862e+308, 6.6359e+00, 4.2144e-01, 
 2DIAGNOSTIC,    10, -5.973603566731e-01, 3.340718407848e-04, 7.0125e+00, 3.7653e-01, 
 2DIAGNOSTIC,    11, -5.973603456733e-01, 2.592990884894e-04, 7.4007e+00, 3.8823e-01, 
 2DIAGNOSTIC,    12, -5.973596815057e-01, 1.866269403037e-04, 7.7025e+00, 3.0180e-01, 
 2DIAGNOSTIC,    13, -5.973588056751e-01, 1.196566727814e-04, 8.1161e+00, 4.1365e-01, 
 2DIAGNOSTIC,    14, -5.973565506663e-01, 6.419896170892e-05, 8.4332e+00, 3.1703e-01, 
 2DIAGNOSTIC,    15, -5.973557003191e-01, 2.521488725821e-05, 8.7125e+00, 2.7930e-01, 
 2DIAGNOSTIC,    16, -5.973551182158e-01, 8.627043205964e-06, 9.0165e+00, 3.0397e-01, 
 2DIAGNOSTIC,    17, -5.973555394894e-01, 1.810389444003e-06, 9.3630e+00, 3.4652e-01, 
 2DIAGNOSTIC,    18, -5.973547907449e-01, 1.375668990257e-06, 9.7023e+00, 3.3935e-01, 
 2DIAGNOSTIC,    19, -5.973542502518e-01, 1.281537905941e-06, 1.0005e+01, 3.0287e-01, 
 2DIAGNOSTIC,    20, -5.973541933325e-01, 1.251799551974e-06, 1.0303e+01, 2.9734e-01, 
 2DIAGNOSTIC,    21, -5.973548921245e-01, 1.271403957649e-06, 1.0620e+01, 3.1739e-01, 
 2DIAGNOSTIC,    22, -5.973542600426e-01, 1.282981887674e-06, 1.0892e+01, 2.7193e-01, 
 2DIAGNOSTIC,    23, -5.973559311194e-01, 1.327096539924e-06, 1.1212e+01, 3.2048e-01, 
 2DIAGNOSTIC,    24, -5.973548427163e-01, 1.306396677385e-06, 1.1624e+01, 4.1140e-01, 
 2DIAGNOSTIC,    25, -5.973541951099e-01, 1.261673222661e-06, 1.1948e+01, 3.2422e-01, 
 2DIAGNOSTIC,    26, -5.973533261745e-01, 1.194797380741e-06, 1.2273e+01, 3.2475e-01, 
 2DIAGNOSTIC,    27, -5.973513650221e-01, 1.108771473787e-06, 1.2597e+01, 3.2432e-01, 
 2DIAGNOSTIC,    28, -5.973521000747e-01, 1.035949973589e-06, 1.2933e+01, 3.3618e-01, 
DIAGNOSTIC,Iteration,metricValue,convergenceValue,ITERATION_TIME_INDEX,SINCE_LAST
 2DIAGNOSTIC,     1, -5.294731259537e-01, 1.797693134862e+308, 1.6034e+01, 3.1007e+00, 
 2DIAGNOSTIC,     2, -5.297434681991e-01, 1.797693134862e+308, 1.8003e+01, 1.9686e+00, 
 2DIAGNOSTIC,     3, -5.299914322411e-01, 1.797693134862e+308, 1.9978e+01, 1.9752e+00, 
 2DIAGNOSTIC,     4, -5.303147664701e-01, 1.797693134862e+308, 2.1901e+01, 1.9232e+00, 
 2DIAGNOSTIC,     5, -5.315583138144e-01, 1.797693134862e+308, 2.4663e+01, 2.7617e+00, 
 2DIAGNOSTIC,     6, -5.317609666512e-01, 1.797693134862e+308, 2.7626e+01, 2.9637e+00, 
 2DIAGNOSTIC,     7, -5.317571467255e-01, 1.797693134862e+308, 2.9448e+01, 1.8220e+00, 
 2DIAGNOSTIC,     8, -5.317654412935e-01, 1.797693134862e+308, 3.1350e+01, 1.9017e+00, 
 2DIAGNOSTIC,     9, -5.317792743604e-01, 1.797693134862e+308, 3.3312e+01, 1.9622e+00, 
 2DIAGNOSTIC,    10, -5.317909111058e-01, 3.269310424006e-04, 3.5501e+01, 2.1883e+00, 
 2DIAGNOSTIC,    11, -5.317939824705e-01, 2.338420255884e-04, 3.8110e+01, 2.6090e+00, 
 2DIAGNOSTIC,    12, -5.317925788932e-01, 1.483158812300e-04, 4.0687e+01, 2.5778e+00, 
 2DIAGNOSTIC,    13, -5.317920160518e-01, 7.336996647990e-05, 4.2813e+01, 2.1256e+00, 
 2DIAGNOSTIC,    14, -5.317916370106e-01, 1.376099570145e-05, 4.4975e+01, 2.1617e+00, 
 2DIAGNOSTIC,    15, -5.317910850130e-01, 5.176632048923e-06, 4.7354e+01, 2.3789e+00, 
 2DIAGNOSTIC,    16, -5.317912966484e-01, 4.180431089712e-06, 4.9668e+01, 2.3145e+00, 
 2DIAGNOSTIC,    17, -5.317911713138e-01, 2.979339881623e-06, 5.1825e+01, 2.1566e+00, 
 2DIAGNOSTIC,    18, -5.317912023174e-01, 2.051264990220e-06, 5.4197e+01, 2.3721e+00, 
 2DIAGNOSTIC,    19, -5.317909433909e-01, 1.568226798650e-06, 5.6349e+01, 2.1525e+00, 
 2DIAGNOSTIC,    20, -5.317908150439e-01, 1.448622802075e-06, 5.8532e+01, 2.1828e+00, 
 2DIAGNOSTIC,    21, -5.317908016052e-01, 1.432319174072e-06, 6.0645e+01, 2.1128e+00, 
 2DIAGNOSTIC,    22, -5.317906575385e-01, 1.387635504925e-06, 6.2800e+01, 2.1549e+00, 
 2DIAGNOSTIC,    23, -5.317906025820e-01, 1.338262147460e-06, 6.4723e+01, 1.9228e+00, 
 2DIAGNOSTIC,    24, -5.317905998826e-01, 1.289242595112e-06, 6.6623e+01, 1.9003e+00, 
 2DIAGNOSTIC,    25, -5.317908161135e-01, 1.240292802927e-06, 6.8660e+01, 2.0368e+00, 
 2DIAGNOSTIC,    26, -5.317907455491e-01, 1.200977447956e-06, 7.0775e+01, 2.1158e+00, 
 2DIAGNOSTIC,    27, -5.317908686380e-01, 1.166738259464e-06, 7.2545e+01, 1.7695e+00, 
 2DIAGNOSTIC,    28, -5.317909460833e-01, 1.138274813385e-06, 7.4777e+01, 2.2325e+00, 
 2DIAGNOSTIC,    29, -5.317909685501e-01, 1.107240956283e-06, 7.6710e+01, 1.9326e+00, 
 2DIAGNOSTIC,    30, -5.317907117096e-01, 1.070427906681e-06, 7.8737e+01, 2.0274e+00, 
 2DIAGNOSTIC,    31, -5.317907001426e-01, 1.034864802595e-06, 8.0586e+01, 1.8482e+00, 
  Elapsed time (stage 0): 8.1792e+01


Total elapsed time: 8.1795e+01
Info [verificarlo]: loaded backend libinterflop_vprec.so
Info [interflop-vprec]: load backend with: 
Info [interflop-vprec]: precision-binary32 = 10
Info [interflop-vprec]: range-binary32 = 8
Info [interflop-vprec]: precision-binary64 = 10
Info [interflop-vprec]: range-binary64 = 8
Info [interflop-vprec]: mode = ob
Info [interflop-vprec]: error-mode = rel
Info [interflop-vprec]: max-abs-error-exponent = -1022
Info [interflop-vprec]: daz = false
Info [interflop-vprec]: ftz = false
Info [interflop-vprec]: 	instrument = none
Info [interflop-vprec]: 	prec-input-file = (null)
Info [interflop-vprec]: 	prec-output-file = (null)
Info [interflop-vprec]: 	prec-log-file = (null)
All_Command_lines_OK
Using double precision for computations.
=============================================================================
The composite transform comprises the following transforms (in order): 
  1. /home/mdugre/scratch/mri-registration-rp/datasets/ds004513/derivatives/mri-registration-rp/0001/antsRegistration-r8-p10/sub-s020/affine_Composite.h5[0] (type = Euler3DTransform)
  2. /home/mdugre/scratch/mri-registration-rp/datasets/ds004513/derivatives/mri-registration-rp/0001/antsRegistration-r8-p10/sub-s020/affine_Composite.h5[1] (type = Euler3DTransform)
