
##########################
# Experiment information #
##########################

EXPERIMENT_NAME: antsRegistration-r8-p21
VFC_BACKENDS: libinterflop_vprec.so --range-binary32=8 --precision-binary32=21 --range-binary64=8 --precision-binary64=21

SIF_IMG: /home/mdugre/projects/rrg-glatard/mdugre/containers/ants-vprec-no_metrics.simg

SUBJECT_ID: s025
INPUT_IMG: /home/mdugre/scratch/mri-registration-rp/datasets/ds004513/derivatives/mri-registration-rp/antsBrainExtraction/sub-s025/BrainExtractionBrain.nii.gz
OUTPUT_DIR: /home/mdugre/scratch/mri-registration-rp/datasets/ds004513/derivatives/mri-registration-rp/0001/antsRegistration-r8-p21/sub-s025

FIXED_IMG: /templateflow/tpl-MNI152NLin2009cAsym/tpl-MNI152NLin2009cAsym_res-01_desc-brain_T1w.nii.gz
DATA_DIR: /home/mdugre/scratch/mri-registration-rp/datasets/ds004513
TEMPLATEFLOW_DIR: /home/mdugre/projects/rrg-glatard/mdugre/templateflow
ITK_GLOBAL_DEFAULT_NUMBER_OF_THREADS: 16
##########################

Info [verificarlo]: loaded backend libinterflop_ieee.so
Info [interflop-ieee]: load backend with:
Info [interflop-ieee]: debug = false
Info [interflop-ieee]: debug-binary = false
Info [interflop-ieee]: no-backend-name = false
Info [interflop-ieee]: print-new-line = false
Info [interflop-ieee]: print-subnormal-normalized = false
Info [interflop-ieee]: count-op = false
All_Command_lines_OK
Using double precision for computations.
=============================================================================
The composite transform comprises the following transforms (in order): 
  1. Center of mass alignment using fixed image: /templateflow/tpl-MNI152NLin2009cAsym/tpl-MNI152NLin2009cAsym_res-01_desc-brain_T1w.nii.gz and moving image: /home/mdugre/scratch/mri-registration-rp/datasets/ds004513/derivatives/mri-registration-rp/antsBrainExtraction/sub-s025/BrainExtractionBrain.nii.gz (type = Euler3DTransform)
=============================================================================
  number of levels = 1
  fixed image: /templateflow/tpl-MNI152NLin2009cAsym/tpl-MNI152NLin2009cAsym_res-01_desc-brain_T1w.nii.gz
  moving image: /home/mdugre/scratch/mri-registration-rp/datasets/ds004513/derivatives/mri-registration-rp/antsBrainExtraction/sub-s025/BrainExtractionBrain.nii.gz
Dimension = 3
Number of stages = 1
Use histogram matching = false
Winsorize image intensities = true
  Lower quantile = 0.005
  Upper quantile = 0.995


Stage 1 State
   Image metric = MattesMI
     Fixed image = Image (0x4aa5e70)
  RTTI typeinfo:   itk::Image<double, 3u>
  Reference Count: 2
  Modified Time: 2334
  Debug: Off
  Object Name: 
  Observers: 
    none
  Source: (none)
  Source output name: (none)
  Release Data: Off
  Data Released: False
  Global Release Data: Off
  PipelineMTime: 0
  UpdateMTime: 1943
  RealTimeStamp: 0 seconds 
  LargestPossibleRegion: 
    Dimension: 3
    Index: [0, 0, 0]
    Size: [193, 229, 193]
  BufferedRegion: 
    Dimension: 3
    Index: [0, 0, 0]
    Size: [193, 229, 193]
  RequestedRegion: 
    Dimension: 3
    Index: [0, 0, 0]
    Size: [193, 229, 193]
  Spacing: [1, 1, 1]
  Origin: [96, 132, -78]
  Direction: 
-1 0 0
0 -1 0
0 0 1

  IndexToPointMatrix: 
-1 0 0
0 -1 0
0 0 1

  PointToIndexMatrix: 
-1 0 0
0 -1 0
0 0 1

  Inverse Direction: 
-1 0 0
0 -1 0
0 0 1

  PixelContainer: 
    ImportImageContainer (0x4aaec60)
      RTTI typeinfo:   itk::ImportImageContainer<unsigned long, double>
      Reference Count: 1
      Modified Time: 1940
      Debug: Off
      Object Name: 
      Observers: 
        none
      Pointer: 0x14a5f1e72010
      Container manages memory: true
      Size: 8530021
      Capacity: 8530021

     Moving image = Image (0x4ab1610)
  RTTI typeinfo:   itk::Image<double, 3u>
  Reference Count: 2
  Modified Time: 2335
  Debug: Off
  Object Name: 
  Observers: 
    none
  Source: (none)
  Source output name: (none)
  Release Data: Off
  Data Released: False
  Global Release Data: Off
  PipelineMTime: 0
  UpdateMTime: 2332
  RealTimeStamp: 0 seconds 
  LargestPossibleRegion: 
    Dimension: 3
    Index: [0, 0, 0]
    Size: [176, 240, 256]
  BufferedRegion: 
    Dimension: 3
    Index: [0, 0, 0]
    Size: [176, 240, 256]
  RequestedRegion: 
    Dimension: 3
    Index: [0, 0, 0]
    Size: [176, 240, 256]
  Spacing: [0.999999, 1, 1]
  Origin: [90.3778, 84.5091, -154.071]
  Direction: 
-0.999391 7.48184e-06 -0.0348969
-7.47664e-06 -1 -2.7953e-07
-0.0348969 -1.84481e-08 0.999391

  IndexToPointMatrix: 
-0.99939 7.48184e-06 -0.0348969
-7.47663e-06 -1 -2.7953e-07
-0.0348968 -1.84481e-08 0.999391

  PointToIndexMatrix: 
-0.999392 -7.47665e-06 -0.0348969
7.48184e-06 -1 -1.84481e-08
-0.0348969 -2.7953e-07 0.999391

  Inverse Direction: 
-0.999391 -7.47664e-06 -0.0348969
7.48184e-06 -1 -1.84481e-08
-0.0348969 -2.7953e-07 0.999391

  PixelContainer: 
    ImportImageContainer (0x4b4aef0)
      RTTI typeinfo:   itk::ImportImageContainer<unsigned long, double>
      Reference Count: 1
      Modified Time: 2329
      Debug: Off
      Object Name: 
      Observers: 
        none
      Pointer: 0x14a5ecbf1010
      Container manages memory: true
      Size: 10813440
      Capacity: 10813440

     Weighting = 1
     Sampling strategy = regular
     Number of bins = 32
     Radius = 4
     Sampling percentage  = 0.25
   Transform = Rigid
     Gradient step = 0.1
     Update field sigma (voxel space) = 0
     Total field sigma (voxel space) = 0
     Update field time sigma = 0
     Total field time sigma  = 0
     Number of time indices = 0
     Number of time point samples = 0
Registration using 1 total stages.

Stage 0
  iterations = 0
  convergence threshold = 1e-06
  convergence window size = 10
  number of levels = 1
  using the Mattes MI metric (number of bins = 32, weight = 1, use gradient filter = 0)
  preprocessing:  winsorizing the image intensities
  Shrink factors (level 1 out of 1): [1, 1, 1]
  smoothing sigmas per level: [0]
  regular sampling (percentage = 0.25)

*** Running Euler3DTransform registration ***

  Elapsed time (stage 0): 1.13188


Total elapsed time: 1.13471
Info [verificarlo]: loaded backend libinterflop_ieee.so
Info [interflop-ieee]: load backend with:
Info [interflop-ieee]: debug = false
Info [interflop-ieee]: debug-binary = false
Info [interflop-ieee]: no-backend-name = false
Info [interflop-ieee]: print-new-line = false
Info [interflop-ieee]: print-subnormal-normalized = false
Info [interflop-ieee]: count-op = false
All_Command_lines_OK
Using double precision for computations.
=============================================================================
The composite transform comprises the following transforms (in order): 
  1. /home/mdugre/scratch/mri-registration-rp/datasets/ds004513/derivatives/mri-registration-rp/0001/antsRegistration-r8-p21/sub-s025/align_Composite.h5[0] (type = Euler3DTransform)
  2. /home/mdugre/scratch/mri-registration-rp/datasets/ds004513/derivatives/mri-registration-rp/0001/antsRegistration-r8-p21/sub-s025/align_Composite.h5[1] (type = Euler3DTransform)
=============================================================================
  number of levels = 4
  fixed image: /templateflow/tpl-MNI152NLin2009cAsym/tpl-MNI152NLin2009cAsym_res-01_desc-brain_T1w.nii.gz
  moving image: /home/mdugre/scratch/mri-registration-rp/datasets/ds004513/derivatives/mri-registration-rp/antsBrainExtraction/sub-s025/BrainExtractionBrain.nii.gz
Dimension = 3
Number of stages = 1
Use histogram matching = false
Winsorize image intensities = true
  Lower quantile = 0.005
  Upper quantile = 0.995


Stage 1 State
   Image metric = MattesMI
     Fixed image = Image (0x4156530)
  RTTI typeinfo:   itk::Image<double, 3u>
  Reference Count: 2
  Modified Time: 1580
  Debug: Off
  Object Name: 
  Observers: 
    none
  Source: (none)
  Source output name: (none)
  Release Data: Off
  Data Released: False
  Global Release Data: Off
  PipelineMTime: 0
  UpdateMTime: 1189
  RealTimeStamp: 0 seconds 
  LargestPossibleRegion: 
    Dimension: 3
    Index: [0, 0, 0]
    Size: [193, 229, 193]
  BufferedRegion: 
    Dimension: 3
    Index: [0, 0, 0]
    Size: [193, 229, 193]
  RequestedRegion: 
    Dimension: 3
    Index: [0, 0, 0]
    Size: [193, 229, 193]
  Spacing: [1, 1, 1]
  Origin: [96, 132, -78]
  Direction: 
-1 0 0
0 -1 0
0 0 1

  IndexToPointMatrix: 
-1 0 0
0 -1 0
0 0 1

  PointToIndexMatrix: 
-1 0 0
0 -1 0
0 0 1

  Inverse Direction: 
-1 0 0
0 -1 0
0 0 1

  PixelContainer: 
    ImportImageContainer (0x4214d60)
      RTTI typeinfo:   itk::ImportImageContainer<unsigned long, double>
      Reference Count: 1
      Modified Time: 1186
      Debug: Off
      Object Name: 
      Observers: 
        none
      Pointer: 0x1494c724b010
      Container manages memory: true
      Size: 8530021
      Capacity: 8530021

     Moving image = Image (0x4206f60)
  RTTI typeinfo:   itk::Image<double, 3u>
  Reference Count: 2
  Modified Time: 1581
  Debug: Off
  Object Name: 
  Observers: 
    none
  Source: (none)
  Source output name: (none)
  Release Data: Off
  Data Released: False
  Global Release Data: Off
  PipelineMTime: 0
  UpdateMTime: 1578
  RealTimeStamp: 0 seconds 
  LargestPossibleRegion: 
    Dimension: 3
    Index: [0, 0, 0]
    Size: [176, 240, 256]
  BufferedRegion: 
    Dimension: 3
    Index: [0, 0, 0]
    Size: [176, 240, 256]
  RequestedRegion: 
    Dimension: 3
    Index: [0, 0, 0]
    Size: [176, 240, 256]
  Spacing: [0.999999, 1, 1]
  Origin: [90.3778, 84.5091, -154.071]
  Direction: 
-0.999391 7.48184e-06 -0.0348969
-7.47664e-06 -1 -2.7953e-07
-0.0348969 -1.84481e-08 0.999391

  IndexToPointMatrix: 
-0.99939 7.48184e-06 -0.0348969
-7.47663e-06 -1 -2.7953e-07
-0.0348968 -1.84481e-08 0.999391

  PointToIndexMatrix: 
-0.999392 -7.47665e-06 -0.0348969
7.48184e-06 -1 -1.84481e-08
-0.0348969 -2.7953e-07 0.999391

  Inverse Direction: 
-0.999391 -7.47664e-06 -0.0348969
7.48184e-06 -1 -1.84481e-08
-0.0348969 -2.7953e-07 0.999391

  PixelContainer: 
    ImportImageContainer (0x41f86d0)
      RTTI typeinfo:   itk::ImportImageContainer<unsigned long, double>
      Reference Count: 1
      Modified Time: 1575
      Debug: Off
      Object Name: 
      Observers: 
        none
      Pointer: 0x1494c1fca010
      Container manages memory: true
      Size: 10813440
      Capacity: 10813440

     Weighting = 1
     Sampling strategy = regular
     Number of bins = 32
     Radius = 4
     Sampling percentage  = 0.25
   Transform = Rigid
     Gradient step = 0.1
     Update field sigma (voxel space) = 0
     Total field sigma (voxel space) = 0
     Update field time sigma = 0
     Total field time sigma  = 0
     Number of time indices = 0
     Number of time point samples = 0
Registration using 1 total stages.

Stage 0
  iterations = 1000x500x250x100
  convergence threshold = 1e-06
  convergence window size = 10
  number of levels = 4
  using the Mattes MI metric (number of bins = 32, weight = 1, use gradient filter = 0)
  preprocessing:  winsorizing the image intensities
  Shrink factors (level 1 out of 4): [8, 8, 8]
  Shrink factors (level 2 out of 4): [4, 4, 4]
  Shrink factors (level 3 out of 4): [2, 2, 2]
  Shrink factors (level 4 out of 4): [1, 1, 1]
  smoothing sigmas per level: [3, 2, 1, 0]
  regular sampling (percentage = 0.25)

*** Running Euler3DTransform registration ***

DIAGNOSTIC,Iteration,metricValue,convergenceValue,ITERATION_TIME_INDEX,SINCE_LAST
 2DIAGNOSTIC,     1, -5.323241903179e-01, 1.797693134862e+308, 7.9926e-01, 7.9926e-01, 
 2DIAGNOSTIC,     2, -5.346190553927e-01, 1.797693134862e+308, 8.0314e-01, 3.8791e-03, 
 2DIAGNOSTIC,     3, -5.378036555361e-01, 1.797693134862e+308, 8.0723e-01, 4.0851e-03, 
 2DIAGNOSTIC,     4, -5.422949451405e-01, 1.797693134862e+308, 8.1126e-01, 4.0281e-03, 
 2DIAGNOSTIC,     5, -5.486805952477e-01, 1.797693134862e+308, 8.1495e-01, 3.6950e-03, 
 2DIAGNOSTIC,     6, -5.542790085272e-01, 1.797693134862e+308, 8.1878e-01, 3.8249e-03, 
 2DIAGNOSTIC,     7, -5.627123115611e-01, 1.797693134862e+308, 8.2260e-01, 3.8211e-03, 
 2DIAGNOSTIC,     8, -5.766609943856e-01, 1.797693134862e+308, 8.2650e-01, 3.8979e-03, 
 2DIAGNOSTIC,     9, -5.881111419397e-01, 1.797693134862e+308, 8.3040e-01, 3.9070e-03, 
 2DIAGNOSTIC,    10, -6.012927005665e-01, 7.820055967719e-03, 8.3592e-01, 5.5130e-03, 
 2DIAGNOSTIC,    11, -6.192402913592e-01, 8.564422673944e-03, 8.4310e-01, 7.1800e-03, 
 2DIAGNOSTIC,    12, -6.197111897447e-01, 8.513711436527e-03, 8.4698e-01, 3.8860e-03, 
 2DIAGNOSTIC,    13, -6.223136777510e-01, 7.932305190664e-03, 8.5089e-01, 3.9060e-03, 
 2DIAGNOSTIC,    14, -6.239859078528e-01, 6.938967258808e-03, 8.5513e-01, 4.2470e-03, 
 2DIAGNOSTIC,    15, -6.258731029033e-01, 5.722268374526e-03, 8.5931e-01, 4.1740e-03, 
 2DIAGNOSTIC,    16, -6.290042957037e-01, 4.404898010689e-03, 8.6361e-01, 4.2970e-03, 
 2DIAGNOSTIC,    17, -6.327399548144e-01, 3.192249457908e-03, 8.6896e-01, 5.3570e-03, 
 2DIAGNOSTIC,    18, -6.361770329220e-01, 2.298162514573e-03, 8.7432e-01, 5.3520e-03, 
 2DIAGNOSTIC,    19, -6.381920795411e-01, 1.629119692459e-03, 8.7907e-01, 4.7591e-03, 
 2DIAGNOSTIC,    20, -6.414786468462e-01, 1.264281191563e-03, 8.8333e-01, 4.2582e-03, 
 2DIAGNOSTIC,    21, -6.422621311384e-01, 1.244231354419e-03, 8.8751e-01, 4.1769e-03, 
 2DIAGNOSTIC,    22, -6.443386369582e-01, 1.164065698948e-03, 8.9175e-01, 4.2450e-03, 
 2DIAGNOSTIC,    23, -6.458367310951e-01, 1.066297095115e-03, 8.9609e-01, 4.3349e-03, 
 2DIAGNOSTIC,    24, -6.528535013227e-01, 1.047817937290e-03, 9.0114e-01, 5.0468e-03, 
 2DIAGNOSTIC,    25, -6.591704561417e-01, 1.083081252504e-03, 9.0705e-01, 5.9121e-03, 
 2DIAGNOSTIC,    26, -6.605963652439e-01, 1.093549152181e-03, 9.1179e-01, 4.7410e-03, 
 2DIAGNOSTIC,    27, -6.608439811187e-01, 1.070984903528e-03, 9.1605e-01, 4.2648e-03, 
 2DIAGNOSTIC,    28, -6.615671827530e-01, 1.019502616788e-03, 9.2026e-01, 4.2090e-03, 
 2DIAGNOSTIC,    29, -6.628794492554e-01, 9.260605498732e-04, 9.2511e-01, 4.8470e-03, 
 2DIAGNOSTIC,    30, -6.728295657947e-01, 9.537378859654e-04, 9.3103e-01, 5.9249e-03, 
 2DIAGNOSTIC,    31, -6.735479003254e-01, 9.084160241025e-04, 9.3586e-01, 4.8289e-03, 
 2DIAGNOSTIC,    32, -6.743492599165e-01, 8.254142519842e-04, 9.4016e-01, 4.2961e-03, 
 2DIAGNOSTIC,    33, -6.778518654763e-01, 7.396614741263e-04, 9.4469e-01, 4.5290e-03, 
 2DIAGNOSTIC,    34, -6.872952385772e-01, 8.064179727085e-04, 9.5369e-01, 8.9979e-03, 
 2DIAGNOSTIC,    35, -6.877314250994e-01, 8.751502807865e-04, 9.5783e-01, 4.1480e-03, 
 2DIAGNOSTIC,    36, -6.893205646157e-01, 8.964042317573e-04, 9.6187e-01, 4.0390e-03, 
 2DIAGNOSTIC,    37, -6.927361540927e-01, 8.790946428216e-04, 9.6672e-01, 4.8459e-03, 
 2DIAGNOSTIC,    38, -7.010155874629e-01, 8.852063170871e-04, 9.7100e-01, 4.2839e-03, 
 2DIAGNOSTIC,    39, -7.064019696339e-01, 8.770713742214e-04, 9.7602e-01, 5.0199e-03, 
 2DIAGNOSTIC,    40, -7.084352309728e-01, 9.204598831784e-04, 9.8038e-01, 4.3600e-03, 
 2DIAGNOSTIC,    41, -7.160803013507e-01, 9.679744169025e-04, 9.8511e-01, 4.7309e-03, 
 2DIAGNOSTIC,    42, -7.194841119417e-01, 9.634969967133e-04, 9.9049e-01, 5.3749e-03, 
 2DIAGNOSTIC,    43, -7.227306576256e-01, 9.332606631355e-04, 9.9659e-01, 6.1049e-03, 
 2DIAGNOSTIC,    44, -7.262940173035e-01, 9.466772816789e-04, 1.0007e+00, 4.0872e-03, 
 2DIAGNOSTIC,    45, -7.442868573018e-01, 1.049938906009e-03, 1.0062e+00, 5.4729e-03, 
 2DIAGNOSTIC,    46, -7.461816475640e-01, 1.076665066855e-03, 1.0115e+00, 5.3658e-03, 
 2DIAGNOSTIC,    47, -7.463632737213e-01, 1.032831709890e-03, 1.0161e+00, 4.6120e-03, 
 2DIAGNOSTIC,    48, -7.463569442944e-01, 9.699759901508e-04, 1.0212e+00, 5.0280e-03, 
 2DIAGNOSTIC,    49, -7.463207770333e-01, 8.649165457386e-04, 1.0265e+00, 5.3599e-03, 
 2DIAGNOSTIC,    50, -7.462826543813e-01, 6.955299702875e-04, 1.0305e+00, 3.9480e-03, 
 2DIAGNOSTIC,    51, -7.462935143067e-01, 5.314845322720e-04, 1.0346e+00, 4.0941e-03, 
 2DIAGNOSTIC,    52, -7.465025733562e-01, 3.557824150552e-04, 1.0392e+00, 4.6010e-03, 
 2DIAGNOSTIC,    53, -7.466799748580e-01, 1.825878556837e-04, 1.0433e+00, 4.1780e-03, 
 2DIAGNOSTIC,    54, -7.469462518554e-01, 2.581226155737e-05, 1.0485e+00, 5.1830e-03, 
 2DIAGNOSTIC,    55, -7.472238513776e-01, 1.520392950932e-05, 1.0526e+00, 4.1208e-03, 
 2DIAGNOSTIC,    56, -7.473978578468e-01, 1.938012875124e-05, 1.0572e+00, 4.5350e-03, 
 2DIAGNOSTIC,    57, -7.477192671266e-01, 2.534679543918e-05, 1.0611e+00, 3.9370e-03, 
 2DIAGNOSTIC,    58, -7.477436409177e-01, 2.879559774564e-05, 1.0666e+00, 5.4491e-03, 
 2DIAGNOSTIC,    59, -7.477075015271e-01, 2.892000969533e-05, 1.0708e+00, 4.2729e-03, 
 2DIAGNOSTIC,    60, -7.477165012122e-01, 2.615317938402e-05, 1.0765e+00, 5.6748e-03, 
 2DIAGNOSTIC,    61, -7.477080350825e-01, 2.101484815461e-05, 1.0807e+00, 4.1821e-03, 
 2DIAGNOSTIC,    62, -7.478728175045e-01, 1.662299785173e-05, 1.0851e+00, 4.4200e-03, 
 2DIAGNOSTIC,    63, -7.480708796524e-01, 1.330900806660e-05, 1.0901e+00, 4.9491e-03, 
 2DIAGNOSTIC,    64, -7.484267850845e-01, 1.295605944485e-05, 1.0948e+00, 4.7760e-03, 
 2DIAGNOSTIC,    65, -7.486097395521e-01, 1.436626143598e-05, 1.1006e+00, 5.7921e-03, 
 2DIAGNOSTIC,    66, -7.483346118344e-01, 1.370686769753e-05, 1.1046e+00, 3.9470e-03, 
 2DIAGNOSTIC,    67, -7.485049790698e-01, 1.495172606242e-05, 1.1088e+00, 4.1978e-03, 
 2DIAGNOSTIC,    68, -7.485873199532e-01, 1.536656480949e-05, 1.1145e+00, 5.7380e-03, 
 2DIAGNOSTIC,    69, -7.488674376210e-01, 1.575719700250e-05, 1.1195e+00, 5.0199e-03, 
 2DIAGNOSTIC,    70, -7.487778928292e-01, 1.417402696428e-05, 1.1237e+00, 4.1430e-03, 
 2DIAGNOSTIC,    71, -7.488127192298e-01, 1.156032726066e-05, 1.1283e+00, 4.6210e-03, 
 2DIAGNOSTIC,    72, -7.489747500374e-01, 9.861345580595e-06, 1.1333e+00, 4.9920e-03, 
 2DIAGNOSTIC,    73, -7.502455326578e-01, 1.555548644753e-05, 1.1387e+00, 5.3990e-03, 
 2DIAGNOSTIC,    74, -7.502661876996e-01, 2.149254579936e-05, 1.1518e+00, 1.3127e-02, 
 2DIAGNOSTIC,    75, -7.502661870693e-01, 2.640198767394e-05, 1.1563e+00, 4.5021e-03, 
 2DIAGNOSTIC,    76, -7.502661931962e-01, 2.728324656496e-05, 1.1605e+00, 4.1811e-03, 
 2DIAGNOSTIC,    77, -7.502662035539e-01, 2.642654204605e-05, 1.1649e+00, 4.3521e-03, 
 2DIAGNOSTIC,    78, -7.502662210610e-01, 2.336243330133e-05, 1.1697e+00, 4.8180e-03, 
 2DIAGNOSTIC,    79, -7.502662506433e-01, 1.963846502818e-05, 1.1738e+00, 4.1268e-03, 
 2DIAGNOSTIC,    80, -7.502663006038e-01, 1.381345793287e-05, 1.1779e+00, 4.1039e-03, 
 2DIAGNOSTIC,    81, -7.502663849072e-01, 7.087061933312e-06, 1.1820e+00, 4.0741e-03, 
DIAGNOSTIC,Iteration,metricValue,convergenceValue,ITERATION_TIME_INDEX,SINCE_LAST
 2DIAGNOSTIC,     1, -5.941705647420e-01, 1.797693134862e+308, 1.9475e+00, 7.6553e-01, 
 2DIAGNOSTIC,     2, -5.953044553013e-01, 1.797693134862e+308, 1.9747e+00, 2.7192e-02, 
 2DIAGNOSTIC,     3, -5.967781768630e-01, 1.797693134862e+308, 2.0019e+00, 2.7211e-02, 
 2DIAGNOSTIC,     4, -5.987819720187e-01, 1.797693134862e+308, 2.0306e+00, 2.8715e-02, 
 2DIAGNOSTIC,     5, -6.001068146904e-01, 1.797693134862e+308, 2.0583e+00, 2.7701e-02, 
 2DIAGNOSTIC,     6, -6.013543987485e-01, 1.797693134862e+308, 2.0859e+00, 2.7577e-02, 
 2DIAGNOSTIC,     7, -6.043308981521e-01, 1.797693134862e+308, 2.1136e+00, 2.7655e-02, 
 2DIAGNOSTIC,     8, -6.087174313578e-01, 1.797693134862e+308, 2.1446e+00, 3.1074e-02, 
 2DIAGNOSTIC,     9, -6.106110430676e-01, 1.797693134862e+308, 2.1756e+00, 3.0939e-02, 
 2DIAGNOSTIC,    10, -6.123728135994e-01, 2.020776842082e-03, 2.2107e+00, 3.5133e-02, 
 2DIAGNOSTIC,    11, -6.142793619466e-01, 1.947727285843e-03, 2.2378e+00, 2.7082e-02, 
 2DIAGNOSTIC,    12, -6.148308569532e-01, 1.776105831701e-03, 2.2663e+00, 2.8511e-02, 
 2DIAGNOSTIC,    13, -6.161034169847e-01, 1.567566923613e-03, 2.2988e+00, 3.2485e-02, 
 2DIAGNOSTIC,    14, -6.172699265113e-01, 1.352420445171e-03, 2.3358e+00, 3.6974e-02, 
 2DIAGNOSTIC,    15, -6.179354898882e-01, 1.105996137536e-03, 2.3619e+00, 2.6147e-02, 
 2DIAGNOSTIC,    16, -6.184189269279e-01, 8.395798323350e-04, 2.3997e+00, 3.7774e-02, 
 2DIAGNOSTIC,    17, -6.188737370547e-01, 6.200327075985e-04, 2.4287e+00, 2.8999e-02, 
 2DIAGNOSTIC,    18, -6.192200536518e-01, 4.902776904019e-04, 2.4600e+00, 3.1308e-02, 
 2DIAGNOSTIC,    19, -6.193561563292e-01, 3.779599678803e-04, 2.4864e+00, 2.6399e-02, 
 2DIAGNOSTIC,    20, -6.194503312112e-01, 2.844905737256e-04, 2.5131e+00, 2.6751e-02, 
 2DIAGNOSTIC,    21, -6.200398817723e-01, 2.292976162301e-04, 2.5528e+00, 3.9655e-02, 
 2DIAGNOSTIC,    22, -6.199960767340e-01, 1.679264480884e-04, 2.5887e+00, 3.5931e-02, 
 2DIAGNOSTIC,    23, -6.199543959779e-01, 1.209709825587e-04, 2.6187e+00, 2.9957e-02, 
 2DIAGNOSTIC,    24, -6.199426026378e-01, 8.914820444281e-05, 2.6446e+00, 2.5891e-02, 
 2DIAGNOSTIC,    25, -6.199581602883e-01, 6.417050126666e-05, 2.6772e+00, 3.2664e-02, 
 2DIAGNOSTIC,    26, -6.199660510486e-01, 4.367739399434e-05, 2.7093e+00, 3.2115e-02, 
 2DIAGNOSTIC,    27, -6.199605199851e-01, 2.830343317063e-05, 2.7364e+00, 2.7031e-02, 
 2DIAGNOSTIC,    28, -6.199585155995e-01, 1.732464073229e-05, 2.7640e+00, 2.7636e-02, 
 2DIAGNOSTIC,    29, -6.199625051023e-01, 7.889844941301e-06, 2.7911e+00, 2.7043e-02, 
DIAGNOSTIC,Iteration,metricValue,convergenceValue,ITERATION_TIME_INDEX,SINCE_LAST
 2DIAGNOSTIC,     1, -5.328693237810e-01, 1.797693134862e+308, 3.8576e+00, 1.0666e+00, 
 2DIAGNOSTIC,     2, -5.329967109516e-01, 1.797693134862e+308, 4.0791e+00, 2.2149e-01, 
 2DIAGNOSTIC,     3, -5.331079470711e-01, 1.797693134862e+308, 4.2898e+00, 2.1070e-01, 
 2DIAGNOSTIC,     4, -5.333254515407e-01, 1.797693134862e+308, 4.5065e+00, 2.1673e-01, 
 2DIAGNOSTIC,     5, -5.336822619955e-01, 1.797693134862e+308, 4.7281e+00, 2.2160e-01, 
 2DIAGNOSTIC,     6, -5.345945908602e-01, 1.797693134862e+308, 4.9311e+00, 2.0298e-01, 
 2DIAGNOSTIC,     7, -5.349283477992e-01, 1.797693134862e+308, 5.2712e+00, 3.4009e-01, 
 2DIAGNOSTIC,     8, -5.351080401905e-01, 1.797693134862e+308, 5.4683e+00, 1.9706e-01, 
 2DIAGNOSTIC,     9, -5.351177983562e-01, 1.797693134862e+308, 5.6925e+00, 2.2425e-01, 
 2DIAGNOSTIC,    10, -5.351947845824e-01, 3.481031184401e-04, 5.8884e+00, 1.9589e-01, 
 2DIAGNOSTIC,    11, -5.354631933534e-01, 3.060778909793e-04, 6.0867e+00, 1.9826e-01, 
 2DIAGNOSTIC,    12, -5.356178150811e-01, 2.558957344789e-04, 6.4113e+00, 3.2464e-01, 
 2DIAGNOSTIC,    13, -5.357107263604e-01, 1.992938021172e-04, 6.7667e+00, 3.5540e-01, 
 2DIAGNOSTIC,    14, -5.357119619713e-01, 1.415562862450e-04, 7.0559e+00, 2.8921e-01, 
 2DIAGNOSTIC,    15, -5.357126347729e-01, 9.085290155114e-05, 7.2891e+00, 2.3319e-01, 
 2DIAGNOSTIC,    16, -5.357121095635e-01, 6.828638081069e-05, 7.4932e+00, 2.0405e-01, 
 2DIAGNOSTIC,    17, -5.357140820036e-01, 5.253259183757e-05, 7.7233e+00, 2.3020e-01, 
 2DIAGNOSTIC,    18, -5.357124581238e-01, 3.919356071890e-05, 8.0029e+00, 2.7951e-01, 
 2DIAGNOSTIC,    19, -5.357116648835e-01, 2.413466345957e-05, 8.2443e+00, 2.4146e-01, 
 2DIAGNOSTIC,    20, -5.357096781259e-01, 1.037566923930e-05, 8.5168e+00, 2.7252e-01, 
 2DIAGNOSTIC,    21, -5.357086774635e-01, 3.793570437935e-06, 8.7432e+00, 2.2634e-01, 
 2DIAGNOSTIC,    22, -5.357076768863e-01, 1.243373696690e-06, 8.9438e+00, 2.0059e-01, 
 2DIAGNOSTIC,    23, -5.357067359611e-01, 1.057988031440e-06, 9.1520e+00, 2.0821e-01, 
DIAGNOSTIC,Iteration,metricValue,convergenceValue,ITERATION_TIME_INDEX,SINCE_LAST
 2DIAGNOSTIC,     1, -4.892789022317e-01, 1.797693134862e+308, 1.1647e+01, 2.4949e+00, 
 2DIAGNOSTIC,     2, -4.893400625299e-01, 1.797693134862e+308, 1.3001e+01, 1.3544e+00, 
 2DIAGNOSTIC,     3, -4.895580177893e-01, 1.797693134862e+308, 1.4507e+01, 1.5057e+00, 
 2DIAGNOSTIC,     4, -4.896212647754e-01, 1.797693134862e+308, 1.6108e+01, 1.6007e+00, 
 2DIAGNOSTIC,     5, -4.896654198610e-01, 1.797693134862e+308, 1.7643e+01, 1.5356e+00, 
 2DIAGNOSTIC,     6, -4.897290199281e-01, 1.797693134862e+308, 1.9217e+01, 1.5735e+00, 
 2DIAGNOSTIC,     7, -4.898624740113e-01, 1.797693134862e+308, 2.1000e+01, 1.7833e+00, 
 2DIAGNOSTIC,     8, -4.898771908749e-01, 1.797693134862e+308, 2.2576e+01, 1.5760e+00, 
 2DIAGNOSTIC,     9, -4.899046155850e-01, 1.797693134862e+308, 2.4064e+01, 1.4882e+00, 
 2DIAGNOSTIC,    10, -4.899298579285e-01, 8.973934293376e-05, 2.5421e+01, 1.3563e+00, 
 2DIAGNOSTIC,    11, -4.899558985172e-01, 6.939976323926e-05, 2.7487e+01, 2.0664e+00, 
 2DIAGNOSTIC,    12, -4.899701488585e-01, 4.978223948685e-05, 2.9741e+01, 2.2540e+00, 
 2DIAGNOSTIC,    13, -4.899699057254e-01, 3.861286878590e-05, 3.4142e+01, 4.4010e+00, 
 2DIAGNOSTIC,    14, -4.899699057214e-01, 2.844584635207e-05, 3.8191e+01, 4.0486e+00, 
 2DIAGNOSTIC,    15, -4.899699057214e-01, 1.893939362238e-05, 4.0466e+01, 2.2750e+00, 
 2DIAGNOSTIC,    16, -4.899699057214e-01, 1.124848361649e-05, 4.2300e+01, 1.8343e+00, 
 2DIAGNOSTIC,    17, -4.899699057214e-01, 8.164891004331e-06, 4.3825e+01, 1.5254e+00, 
 2DIAGNOSTIC,    18, -4.899699057214e-01, 5.313654898170e-06, 4.5350e+01, 1.5244e+00, 
 2DIAGNOSTIC,    19, -4.899699057214e-01, 3.266195881438e-06, 4.7277e+01, 1.9275e+00, 
 2DIAGNOSTIC,    20, -4.899699057214e-01, 1.991183935665e-06, 4.8790e+01, 1.5125e+00, 
 2DIAGNOSTIC,    21, -4.899699057214e-01, 1.508474159063e-06, 5.0401e+01, 1.6108e+00, 
 2DIAGNOSTIC,    22, -4.899699057214e-01, 1.446300756359e-06, 5.2058e+01, 1.6578e+00, 
 2DIAGNOSTIC,    23, -4.899699057214e-01, 1.383401772574e-06, 5.3707e+01, 1.6482e+00, 
 2DIAGNOSTIC,    24, -4.899699057214e-01, 1.325745587755e-06, 5.5391e+01, 1.6845e+00, 
 2DIAGNOSTIC,    25, -4.899699057214e-01, 1.272703007309e-06, 5.6980e+01, 1.5894e+00, 
 2DIAGNOSTIC,    26, -4.899699057214e-01, 1.223741569127e-06, 5.8446e+01, 1.4656e+00, 
 2DIAGNOSTIC,    27, -4.899699057214e-01, 1.178407711945e-06, 6.0104e+01, 1.6580e+00, 
 2DIAGNOSTIC,    28, -4.899699057214e-01, 1.136312682955e-06, 6.1723e+01, 1.6185e+00, 
 2DIAGNOSTIC,    29, -4.899699057214e-01, 1.097121361406e-06, 6.3224e+01, 1.5009e+00, 
 2DIAGNOSTIC,    30, -4.899699057214e-01, 1.060543318381e-06, 6.4761e+01, 1.5376e+00, 
 2DIAGNOSTIC,    31, -4.899699057214e-01, 1.026325606890e-06, 6.6315e+01, 1.5541e+00, 
  Elapsed time (stage 0): 6.7145e+01


Total elapsed time: 6.7147e+01
Info [verificarlo]: loaded backend libinterflop_ieee.so
Info [interflop-ieee]: load backend with:
Info [interflop-ieee]: debug = false
Info [interflop-ieee]: debug-binary = false
Info [interflop-ieee]: no-backend-name = false
Info [interflop-ieee]: print-new-line = false
Info [interflop-ieee]: print-subnormal-normalized = false
Info [interflop-ieee]: count-op = false
All_Command_lines_OK
Using double precision for computations.
=============================================================================
The composite transform comprises the following transforms (in order): 
  1. /home/mdugre/scratch/mri-registration-rp/datasets/ds004513/derivatives/mri-registration-rp/0001/antsRegistration-r8-p21/sub-s025/rigid_Composite.h5[0] (type = Euler3DTransform)
  2. /home/mdugre/scratch/mri-registration-rp/datasets/ds004513/derivatives/mri-registration-rp/0001/antsRegistration-r8-p21/sub-s025/rigid_Composite.h5[1] (type = Euler3DTransform)
  3. /home/mdugre/scratch/mri-registration-rp/datasets/ds004513/derivatives/mri-registration-rp/0001/antsRegistration-r8-p21/sub-s025/rigid_Composite.h5[2] (type = Euler3DTransform)
=============================================================================
  number of levels = 4
  fixed image: /templateflow/tpl-MNI152NLin2009cAsym/tpl-MNI152NLin2009cAsym_res-01_desc-brain_T1w.nii.gz
  moving image: /home/mdugre/scratch/mri-registration-rp/datasets/ds004513/derivatives/mri-registration-rp/antsBrainExtraction/sub-s025/BrainExtractionBrain.nii.gz
Dimension = 3
Number of stages = 1
Use histogram matching = false
Winsorize image intensities = true
  Lower quantile = 0.005
  Upper quantile = 0.995


Stage 1 State
   Image metric = MattesMI
     Fixed image = Image (0x4d8e7e0)
  RTTI typeinfo:   itk::Image<double, 3u>
  Reference Count: 2
  Modified Time: 1594
  Debug: Off
  Object Name: 
  Observers: 
    none
  Source: (none)
  Source output name: (none)
  Release Data: Off
  Data Released: False
  Global Release Data: Off
  PipelineMTime: 0
  UpdateMTime: 1203
  RealTimeStamp: 0 seconds 
  LargestPossibleRegion: 
    Dimension: 3
    Index: [0, 0, 0]
    Size: [193, 229, 193]
  BufferedRegion: 
    Dimension: 3
    Index: [0, 0, 0]
    Size: [193, 229, 193]
  RequestedRegion: 
    Dimension: 3
    Index: [0, 0, 0]
    Size: [193, 229, 193]
  Spacing: [1, 1, 1]
  Origin: [96, 132, -78]
  Direction: 
-1 0 0
0 -1 0
0 0 1

  IndexToPointMatrix: 
-1 0 0
0 -1 0
0 0 1

  PointToIndexMatrix: 
-1 0 0
0 -1 0
0 0 1

  Inverse Direction: 
-1 0 0
0 -1 0
0 0 1

  PixelContainer: 
    ImportImageContainer (0x4e4ea20)
      RTTI typeinfo:   itk::ImportImageContainer<unsigned long, double>
      Reference Count: 1
      Modified Time: 1200
      Debug: Off
      Object Name: 
      Observers: 
        none
      Pointer: 0x15539c0d1010
      Container manages memory: true
      Size: 8530021
      Capacity: 8530021

     Moving image = Image (0x4e49d70)
  RTTI typeinfo:   itk::Image<double, 3u>
  Reference Count: 2
  Modified Time: 1595
  Debug: Off
  Object Name: 
  Observers: 
    none
  Source: (none)
  Source output name: (none)
  Release Data: Off
  Data Released: False
  Global Release Data: Off
  PipelineMTime: 0
  UpdateMTime: 1592
  RealTimeStamp: 0 seconds 
  LargestPossibleRegion: 
    Dimension: 3
    Index: [0, 0, 0]
    Size: [176, 240, 256]
  BufferedRegion: 
    Dimension: 3
    Index: [0, 0, 0]
    Size: [176, 240, 256]
  RequestedRegion: 
    Dimension: 3
    Index: [0, 0, 0]
    Size: [176, 240, 256]
  Spacing: [0.999999, 1, 1]
  Origin: [90.3778, 84.5091, -154.071]
  Direction: 
-0.999391 7.48184e-06 -0.0348969
-7.47664e-06 -1 -2.7953e-07
-0.0348969 -1.84481e-08 0.999391

  IndexToPointMatrix: 
-0.99939 7.48184e-06 -0.0348969
-7.47663e-06 -1 -2.7953e-07
-0.0348968 -1.84481e-08 0.999391

  PointToIndexMatrix: 
-0.999392 -7.47665e-06 -0.0348969
7.48184e-06 -1 -1.84481e-08
-0.0348969 -2.7953e-07 0.999391

  Inverse Direction: 
-0.999391 -7.47664e-06 -0.0348969
7.48184e-06 -1 -1.84481e-08
-0.0348969 -2.7953e-07 0.999391

  PixelContainer: 
    ImportImageContainer (0x4e01c90)
      RTTI typeinfo:   itk::ImportImageContainer<unsigned long, double>
      Reference Count: 1
      Modified Time: 1589
      Debug: Off
      Object Name: 
      Observers: 
        none
      Pointer: 0x155396e50010
      Container manages memory: true
      Size: 10813440
      Capacity: 10813440

     Weighting = 1
     Sampling strategy = regular
     Number of bins = 32
     Radius = 4
     Sampling percentage  = 0.25
   Transform = Affine
     Gradient step = 0.1
     Update field sigma (voxel space) = 0
     Total field sigma (voxel space) = 0
     Update field time sigma = 0
     Total field time sigma  = 0
     Number of time indices = 0
     Number of time point samples = 0
Registration using 1 total stages.

Stage 0
  iterations = 1000x500x250x100
  convergence threshold = 1e-06
  convergence window size = 10
  number of levels = 4
  using the Mattes MI metric (number of bins = 32, weight = 1, use gradient filter = 0)
  preprocessing:  winsorizing the image intensities
  Shrink factors (level 1 out of 4): [8, 8, 8]
  Shrink factors (level 2 out of 4): [4, 4, 4]
  Shrink factors (level 3 out of 4): [2, 2, 2]
  Shrink factors (level 4 out of 4): [1, 1, 1]
  smoothing sigmas per level: [3, 2, 1, 0]
  regular sampling (percentage = 0.25)

*** Running AffineTransform registration ***

DIAGNOSTIC,Iteration,metricValue,convergenceValue,ITERATION_TIME_INDEX,SINCE_LAST
 2DIAGNOSTIC,     1, -7.466225647836e-01, 1.797693134862e+308, 8.1776e-01, 8.1776e-01, 
 2DIAGNOSTIC,     2, -7.485381752937e-01, 1.797693134862e+308, 8.2224e-01, 4.4820e-03, 
 2DIAGNOSTIC,     3, -7.517497740391e-01, 1.797693134862e+308, 8.2663e-01, 4.3900e-03, 
 2DIAGNOSTIC,     4, -7.571560397428e-01, 1.797693134862e+308, 8.3183e-01, 5.2009e-03, 
 2DIAGNOSTIC,     5, -7.653869784628e-01, 1.797693134862e+308, 8.3615e-01, 4.3149e-03, 
 2DIAGNOSTIC,     6, -7.779214602931e-01, 1.797693134862e+308, 8.4054e-01, 4.3960e-03, 
 2DIAGNOSTIC,     7, -8.094247231114e-01, 1.797693134862e+308, 8.4528e-01, 4.7369e-03, 
 2DIAGNOSTIC,     8, -8.761761838206e-01, 1.797693134862e+308, 8.5236e-01, 7.0770e-03, 
 2DIAGNOSTIC,     9, -8.988658856465e-01, 1.797693134862e+308, 8.6121e-01, 8.8520e-03, 
 2DIAGNOSTIC,    10, -8.992330549880e-01, 1.407997076768e-02, 8.6609e-01, 4.8790e-03, 
 2DIAGNOSTIC,    11, -9.000041993786e-01, 1.390085516903e-02, 8.7079e-01, 4.7002e-03, 
 2DIAGNOSTIC,    12, -9.013550626320e-01, 1.260156924294e-02, 8.7544e-01, 4.6511e-03, 
 2DIAGNOSTIC,    13, -9.031426909949e-01, 1.049036967744e-02, 8.8005e-01, 4.6141e-03, 
 2DIAGNOSTIC,    14, -9.060641182300e-01, 7.956347618661e-03, 8.8486e-01, 4.8070e-03, 
 2DIAGNOSTIC,    15, -9.112934145087e-01, 5.391161948270e-03, 8.8960e-01, 4.7390e-03, 
 2DIAGNOSTIC,    16, -9.185685442808e-01, 3.101766542357e-03, 8.9439e-01, 4.7901e-03, 
 2DIAGNOSTIC,    17, -9.238549493236e-01, 1.512013968889e-03, 9.0029e-01, 5.9040e-03, 
 2DIAGNOSTIC,    18, -9.294057225871e-01, 1.303916260013e-03, 9.0507e-01, 4.7791e-03, 
 2DIAGNOSTIC,    19, -9.337816203681e-01, 1.471847461538e-03, 9.1078e-01, 5.7080e-03, 
 2DIAGNOSTIC,    20, -9.358538268748e-01, 1.524449696665e-03, 9.1722e-01, 6.4411e-03, 
 2DIAGNOSTIC,    21, -9.361747956696e-01, 1.446707450545e-03, 9.2296e-01, 5.7440e-03, 
 2DIAGNOSTIC,    22, -9.363428184853e-01, 1.265101563375e-03, 9.2776e-01, 4.7932e-03, 
 2DIAGNOSTIC,    23, -9.370351469298e-01, 1.017900601009e-03, 9.3302e-01, 5.2631e-03, 
 2DIAGNOSTIC,    24, -9.369224078434e-01, 7.347383277653e-04, 9.3801e-01, 4.9930e-03, 
 2DIAGNOSTIC,    25, -9.370154957029e-01, 4.751075094963e-04, 9.4353e-01, 5.5180e-03, 
 2DIAGNOSTIC,    26, -9.372510095809e-01, 2.856776493696e-04, 9.4903e-01, 5.4970e-03, 
 2DIAGNOSTIC,    27, -9.370674410556e-01, 1.445007123313e-04, 9.5387e-01, 4.8420e-03, 
 2DIAGNOSTIC,    28, -9.372894553313e-01, 6.589020956278e-05, 9.6072e-01, 6.8541e-03, 
 2DIAGNOSTIC,    29, -9.374056128495e-01, 3.610293787380e-05, 9.6605e-01, 5.3239e-03, 
 2DIAGNOSTIC,    30, -9.371812290150e-01, 2.487433397976e-05, 9.7126e-01, 5.2159e-03, 
 2DIAGNOSTIC,    31, -9.373352055834e-01, 1.717314321057e-05, 9.7653e-01, 5.2609e-03, 
 2DIAGNOSTIC,    32, -9.375939488829e-01, 1.248729304074e-05, 9.8125e-01, 4.7250e-03, 
 2DIAGNOSTIC,    33, -9.380276024761e-01, 1.786700213376e-05, 9.8693e-01, 5.6808e-03, 
 2DIAGNOSTIC,    34, -9.385975966664e-01, 2.549433964961e-05, 9.9362e-01, 6.6919e-03, 
 2DIAGNOSTIC,    35, -9.389555235506e-01, 3.435303666178e-05, 9.9997e-01, 6.3519e-03, 
 2DIAGNOSTIC,    36, -9.389359819364e-01, 4.152552220604e-05, 1.0057e+00, 5.7290e-03, 
 2DIAGNOSTIC,    37, -9.388439800639e-01, 4.206027747251e-05, 1.0113e+00, 5.6300e-03, 
 2DIAGNOSTIC,    38, -9.386204268863e-01, 3.859022594414e-05, 1.0172e+00, 5.8179e-03, 
 2DIAGNOSTIC,    39, -9.385686019092e-01, 3.227815837913e-05, 1.0243e+00, 7.1781e-03, 
 2DIAGNOSTIC,    40, -9.384736840117e-01, 2.073789060086e-05, 1.0293e+00, 4.9460e-03, 
 2DIAGNOSTIC,    41, -9.382548538387e-01, 7.425177814904e-06, 1.0354e+00, 6.0802e-03, 
DIAGNOSTIC,Iteration,metricValue,convergenceValue,ITERATION_TIME_INDEX,SINCE_LAST
 2DIAGNOSTIC,     1, -7.510580621992e-01, 1.797693134862e+308, 1.8567e+00, 8.2134e-01, 
 2DIAGNOSTIC,     2, -7.514717987847e-01, 1.797693134862e+308, 1.8947e+00, 3.8030e-02, 
 2DIAGNOSTIC,     3, -7.516866695962e-01, 1.797693134862e+308, 1.9301e+00, 3.5413e-02, 
 2DIAGNOSTIC,     4, -7.521063751128e-01, 1.797693134862e+308, 1.9637e+00, 3.3534e-02, 
 2DIAGNOSTIC,     5, -7.531949857396e-01, 1.797693134862e+308, 2.0044e+00, 4.0755e-02, 
 2DIAGNOSTIC,     6, -7.540496321877e-01, 1.797693134862e+308, 2.0495e+00, 4.5040e-02, 
 2DIAGNOSTIC,     7, -7.540947805636e-01, 1.797693134862e+308, 2.0844e+00, 3.4899e-02, 
 2DIAGNOSTIC,     8, -7.541448751112e-01, 1.797693134862e+308, 2.1194e+00, 3.5066e-02, 
 2DIAGNOSTIC,     9, -7.542047583523e-01, 1.797693134862e+308, 2.1525e+00, 3.3092e-02, 
 2DIAGNOSTIC,    10, -7.542445166801e-01, 3.190638434995e-04, 2.1975e+00, 4.4990e-02, 
 2DIAGNOSTIC,    11, -7.542707356328e-01, 2.415869383558e-04, 2.2424e+00, 4.4861e-02, 
 2DIAGNOSTIC,    12, -7.542600267745e-01, 1.687290273224e-04, 2.2792e+00, 3.6833e-02, 
 2DIAGNOSTIC,    13, -7.542627219475e-01, 9.885181529563e-05, 2.3121e+00, 3.2918e-02, 
 2DIAGNOSTIC,    14, -7.542506827113e-01, 4.062452901761e-05, 2.3463e+00, 3.4128e-02, 
 2DIAGNOSTIC,    15, -7.542547081996e-01, 1.354384194054e-05, 2.3796e+00, 3.3319e-02, 
 2DIAGNOSTIC,    16, -7.542608627916e-01, 9.086091379493e-06, 2.4166e+00, 3.7013e-02, 
 2DIAGNOSTIC,    17, -7.542676640249e-01, 5.645577745336e-06, 2.4500e+00, 3.3410e-02, 
 2DIAGNOSTIC,    18, -7.542496067747e-01, 2.893201057792e-06, 2.4913e+00, 4.1310e-02, 
 2DIAGNOSTIC,    19, -7.542393489688e-01, 1.309203012438e-06, 2.5290e+00, 3.7674e-02, 
DIAGNOSTIC,Iteration,metricValue,convergenceValue,ITERATION_TIME_INDEX,SINCE_LAST
 2DIAGNOSTIC,     1, -6.418816625892e-01, 1.797693134862e+308, 3.7105e+00, 1.1815e+00, 
 2DIAGNOSTIC,     2, -6.422837369244e-01, 1.797693134862e+308, 3.9717e+00, 2.6121e-01, 
 2DIAGNOSTIC,     3, -6.426815514194e-01, 1.797693134862e+308, 4.2254e+00, 2.5367e-01, 
 2DIAGNOSTIC,     4, -6.431509860515e-01, 1.797693134862e+308, 4.4783e+00, 2.5292e-01, 
 2DIAGNOSTIC,     5, -6.440932071874e-01, 1.797693134862e+308, 4.7642e+00, 2.8589e-01, 
 2DIAGNOSTIC,     6, -6.451521837492e-01, 1.797693134862e+308, 5.1077e+00, 3.4350e-01, 
 2DIAGNOSTIC,     7, -6.451356499163e-01, 1.797693134862e+308, 5.3916e+00, 2.8387e-01, 
 2DIAGNOSTIC,     8, -6.451353379716e-01, 1.797693134862e+308, 5.8296e+00, 4.3808e-01, 
 2DIAGNOSTIC,     9, -6.451363110506e-01, 1.797693134862e+308, 6.1031e+00, 2.7343e-01, 
 2DIAGNOSTIC,    10, -6.451343627499e-01, 3.813653993311e-04, 6.4144e+00, 3.1135e-01, 
 2DIAGNOSTIC,    11, -6.451321310604e-01, 2.784387544210e-04, 6.6830e+00, 2.6857e-01, 
 2DIAGNOSTIC,    12, -6.451336360542e-01, 1.830472643859e-04, 6.9444e+00, 2.6146e-01, 
 2DIAGNOSTIC,    13, -6.451321036038e-01, 1.000270110042e-04, 7.2006e+00, 2.5615e-01, 
 2DIAGNOSTIC,    14, -6.451308204876e-01, 3.431348149309e-05, 7.4549e+00, 2.5431e-01, 
 2DIAGNOSTIC,    15, -6.451305478944e-01, 1.248603879594e-06, 7.7220e+00, 2.6714e-01, 
 2DIAGNOSTIC,    16, -6.451307741663e-01, 1.612113580060e-06, 7.9867e+00, 2.6468e-01, 
 2DIAGNOSTIC,    17, -6.451293717778e-01, 1.500960284076e-06, 8.2556e+00, 2.6885e-01, 
 2DIAGNOSTIC,    18, -6.451263649873e-01, 1.354649314424e-06, 8.5048e+00, 2.4920e-01, 
 2DIAGNOSTIC,    19, -6.451285389283e-01, 1.338771741154e-06, 8.7829e+00, 2.7817e-01, 
 2DIAGNOSTIC,    20, -6.451290184051e-01, 1.322190277889e-06, 9.0588e+00, 2.7582e-01, 
 2DIAGNOSTIC,    21, -6.451288177402e-01, 1.278796203319e-06, 9.3607e+00, 3.0194e-01, 
 2DIAGNOSTIC,    22, -6.451278781263e-01, 1.274939167267e-06, 9.5974e+00, 2.3671e-01, 
 2DIAGNOSTIC,    23, -6.451270315739e-01, 1.244167870722e-06, 9.8739e+00, 2.7650e-01, 
 2DIAGNOSTIC,    24, -6.451246885262e-01, 1.161921851608e-06, 1.0148e+01, 2.7422e-01, 
 2DIAGNOSTIC,    25, -6.451250665175e-01, 1.102743114052e-06, 1.0378e+01, 2.2957e-01, 
 2DIAGNOSTIC,    26, -6.451242762082e-01, 1.054457055762e-06, 1.0640e+01, 2.6247e-01, 
DIAGNOSTIC,Iteration,metricValue,convergenceValue,ITERATION_TIME_INDEX,SINCE_LAST
 2DIAGNOSTIC,     1, -5.764739602664e-01, 1.797693134862e+308, 1.3472e+01, 2.8322e+00, 
 2DIAGNOSTIC,     2, -5.768925205316e-01, 1.797693134862e+308, 1.5082e+01, 1.6093e+00, 
 2DIAGNOSTIC,     3, -5.773723654561e-01, 1.797693134862e+308, 1.6636e+01, 1.5541e+00, 
 2DIAGNOSTIC,     4, -5.779225558594e-01, 1.797693134862e+308, 1.8335e+01, 1.6996e+00, 
 2DIAGNOSTIC,     5, -5.786686691468e-01, 1.797693134862e+308, 1.9940e+01, 1.6044e+00, 
 2DIAGNOSTIC,     6, -5.794600434876e-01, 1.797693134862e+308, 2.2187e+01, 2.2467e+00, 
 2DIAGNOSTIC,     7, -5.798018444218e-01, 1.797693134862e+308, 2.5137e+01, 2.9507e+00, 
 2DIAGNOSTIC,     8, -5.798017926650e-01, 1.797693134862e+308, 2.8409e+01, 3.2718e+00, 
 2DIAGNOSTIC,     9, -5.798017649859e-01, 1.797693134862e+308, 3.0208e+01, 1.7984e+00, 
