
##########################
# Experiment information #
##########################

EXPERIMENT_NAME: antsRegistration-r8-p20
VFC_BACKENDS: libinterflop_vprec.so --range-binary32=8 --precision-binary32=20 --range-binary64=8 --precision-binary64=20

SIF_IMG: /home/mdugre/projects/rrg-glatard/mdugre/containers/ants-vprec-no_metrics.simg

SUBJECT_ID: s035
INPUT_IMG: /home/mdugre/scratch/mri-registration-rp/datasets/ds004513/derivatives/mri-registration-rp/antsBrainExtraction/sub-s035/BrainExtractionBrain.nii.gz
OUTPUT_DIR: /home/mdugre/scratch/mri-registration-rp/datasets/ds004513/derivatives/mri-registration-rp/0001/antsRegistration-r8-p20/sub-s035

FIXED_IMG: /templateflow/tpl-MNI152NLin2009cAsym/tpl-MNI152NLin2009cAsym_res-01_desc-brain_T1w.nii.gz
DATA_DIR: /home/mdugre/scratch/mri-registration-rp/datasets/ds004513
TEMPLATEFLOW_DIR: /home/mdugre/projects/rrg-glatard/mdugre/templateflow
ITK_GLOBAL_DEFAULT_NUMBER_OF_THREADS: 16
##########################

Info [verificarlo]: loaded backend libinterflop_ieee.so
Info [interflop-ieee]: load backend with:
Info [interflop-ieee]: debug = false
Info [interflop-ieee]: debug-binary = false
Info [interflop-ieee]: no-backend-name = false
Info [interflop-ieee]: print-new-line = false
Info [interflop-ieee]: print-subnormal-normalized = false
Info [interflop-ieee]: count-op = false
All_Command_lines_OK
Using double precision for computations.
=============================================================================
The composite transform comprises the following transforms (in order): 
  1. Center of mass alignment using fixed image: /templateflow/tpl-MNI152NLin2009cAsym/tpl-MNI152NLin2009cAsym_res-01_desc-brain_T1w.nii.gz and moving image: /home/mdugre/scratch/mri-registration-rp/datasets/ds004513/derivatives/mri-registration-rp/antsBrainExtraction/sub-s035/BrainExtractionBrain.nii.gz (type = Euler3DTransform)
=============================================================================
  number of levels = 1
  fixed image: /templateflow/tpl-MNI152NLin2009cAsym/tpl-MNI152NLin2009cAsym_res-01_desc-brain_T1w.nii.gz
  moving image: /home/mdugre/scratch/mri-registration-rp/datasets/ds004513/derivatives/mri-registration-rp/antsBrainExtraction/sub-s035/BrainExtractionBrain.nii.gz
Dimension = 3
Number of stages = 1
Use histogram matching = false
Winsorize image intensities = true
  Lower quantile = 0.005
  Upper quantile = 0.995


Stage 1 State
   Image metric = MattesMI
     Fixed image = Image (0x4cd2e70)
  RTTI typeinfo:   itk::Image<double, 3u>
  Reference Count: 2
  Modified Time: 2330
  Debug: Off
  Object Name: 
  Observers: 
    none
  Source: (none)
  Source output name: (none)
  Release Data: Off
  Data Released: False
  Global Release Data: Off
  PipelineMTime: 0
  UpdateMTime: 1941
  RealTimeStamp: 0 seconds 
  LargestPossibleRegion: 
    Dimension: 3
    Index: [0, 0, 0]
    Size: [193, 229, 193]
  BufferedRegion: 
    Dimension: 3
    Index: [0, 0, 0]
    Size: [193, 229, 193]
  RequestedRegion: 
    Dimension: 3
    Index: [0, 0, 0]
    Size: [193, 229, 193]
  Spacing: [1, 1, 1]
  Origin: [96, 132, -78]
  Direction: 
-1 0 0
0 -1 0
0 0 1

  IndexToPointMatrix: 
-1 0 0
0 -1 0
0 0 1

  PointToIndexMatrix: 
-1 0 0
0 -1 0
0 0 1

  Inverse Direction: 
-1 0 0
0 -1 0
0 0 1

  PixelContainer: 
    ImportImageContainer (0x4cdbc60)
      RTTI typeinfo:   itk::ImportImageContainer<unsigned long, double>
      Reference Count: 1
      Modified Time: 1938
      Debug: Off
      Object Name: 
      Observers: 
        none
      Pointer: 0x1526c7042010
      Container manages memory: true
      Size: 8530021
      Capacity: 8530021

     Moving image = Image (0x4d6fec0)
  RTTI typeinfo:   itk::Image<double, 3u>
  Reference Count: 2
  Modified Time: 2331
  Debug: Off
  Object Name: 
  Observers: 
    none
  Source: (none)
  Source output name: (none)
  Release Data: Off
  Data Released: False
  Global Release Data: Off
  PipelineMTime: 0
  UpdateMTime: 2328
  RealTimeStamp: 0 seconds 
  LargestPossibleRegion: 
    Dimension: 3
    Index: [0, 0, 0]
    Size: [160, 240, 256]
  BufferedRegion: 
    Dimension: 3
    Index: [0, 0, 0]
    Size: [160, 240, 256]
  RequestedRegion: 
    Dimension: 3
    Index: [0, 0, 0]
    Size: [160, 240, 256]
  Spacing: [1, 1, 1]
  Origin: [98.6438, 87.6358, -117.989]
  Direction: 
-0.993515 -0.100993 -0.0522355
0.100854 -0.994887 0.00530255
-0.0525039 1.93537e-08 0.998621

  IndexToPointMatrix: 
-0.993515 -0.100993 -0.0522355
0.100854 -0.994887 0.00530255
-0.0525039 1.93537e-08 0.998621

  PointToIndexMatrix: 
-0.993515 0.100854 -0.0525039
-0.100993 -0.994887 1.93006e-08
-0.0522355 0.00530255 0.998621

  Inverse Direction: 
-0.993515 0.100854 -0.0525039
-0.100993 -0.994887 1.93006e-08
-0.0522355 0.00530255 0.998621

  PixelContainer: 
    ImportImageContainer (0x4e07610)
      RTTI typeinfo:   itk::ImportImageContainer<unsigned long, double>
      Reference Count: 1
      Modified Time: 2325
      Debug: Off
      Object Name: 
      Observers: 
        none
      Pointer: 0x1526c2541010
      Container manages memory: true
      Size: 9830400
      Capacity: 9830400

     Weighting = 1
     Sampling strategy = regular
     Number of bins = 32
     Radius = 4
     Sampling percentage  = 0.25
   Transform = Rigid
     Gradient step = 0.1
     Update field sigma (voxel space) = 0
     Total field sigma (voxel space) = 0
     Update field time sigma = 0
     Total field time sigma  = 0
     Number of time indices = 0
     Number of time point samples = 0
Registration using 1 total stages.

Stage 0
  iterations = 0
  convergence threshold = 1e-06
  convergence window size = 10
  number of levels = 1
  using the Mattes MI metric (number of bins = 32, weight = 1, use gradient filter = 0)
  preprocessing:  winsorizing the image intensities
  Shrink factors (level 1 out of 1): [1, 1, 1]
  smoothing sigmas per level: [0]
  regular sampling (percentage = 0.25)

*** Running Euler3DTransform registration ***

  Elapsed time (stage 0): 1.15778


Total elapsed time: 1.15993
Info [verificarlo]: loaded backend libinterflop_ieee.so
Info [interflop-ieee]: load backend with:
Info [interflop-ieee]: debug = false
Info [interflop-ieee]: debug-binary = false
Info [interflop-ieee]: no-backend-name = false
Info [interflop-ieee]: print-new-line = false
Info [interflop-ieee]: print-subnormal-normalized = false
Info [interflop-ieee]: count-op = false
All_Command_lines_OK
Using double precision for computations.
=============================================================================
The composite transform comprises the following transforms (in order): 
  1. /home/mdugre/scratch/mri-registration-rp/datasets/ds004513/derivatives/mri-registration-rp/0001/antsRegistration-r8-p20/sub-s035/align_Composite.h5[0] (type = Euler3DTransform)
  2. /home/mdugre/scratch/mri-registration-rp/datasets/ds004513/derivatives/mri-registration-rp/0001/antsRegistration-r8-p20/sub-s035/align_Composite.h5[1] (type = Euler3DTransform)
=============================================================================
  number of levels = 4
  fixed image: /templateflow/tpl-MNI152NLin2009cAsym/tpl-MNI152NLin2009cAsym_res-01_desc-brain_T1w.nii.gz
  moving image: /home/mdugre/scratch/mri-registration-rp/datasets/ds004513/derivatives/mri-registration-rp/antsBrainExtraction/sub-s035/BrainExtractionBrain.nii.gz
Dimension = 3
Number of stages = 1
Use histogram matching = false
Winsorize image intensities = true
  Lower quantile = 0.005
  Upper quantile = 0.995


Stage 1 State
   Image metric = MattesMI
     Fixed image = Image (0x3537530)
  RTTI typeinfo:   itk::Image<double, 3u>
  Reference Count: 2
  Modified Time: 1578
  Debug: Off
  Object Name: 
  Observers: 
    none
  Source: (none)
  Source output name: (none)
  Release Data: Off
  Data Released: False
  Global Release Data: Off
  PipelineMTime: 0
  UpdateMTime: 1189
  RealTimeStamp: 0 seconds 
  LargestPossibleRegion: 
    Dimension: 3
    Index: [0, 0, 0]
    Size: [193, 229, 193]
  BufferedRegion: 
    Dimension: 3
    Index: [0, 0, 0]
    Size: [193, 229, 193]
  RequestedRegion: 
    Dimension: 3
    Index: [0, 0, 0]
    Size: [193, 229, 193]
  Spacing: [1, 1, 1]
  Origin: [96, 132, -78]
  Direction: 
-1 0 0
0 -1 0
0 0 1

  IndexToPointMatrix: 
-1 0 0
0 -1 0
0 0 1

  PointToIndexMatrix: 
-1 0 0
0 -1 0
0 0 1

  Inverse Direction: 
-1 0 0
0 -1 0
0 0 1

  PixelContainer: 
    ImportImageContainer (0x35f5d60)
      RTTI typeinfo:   itk::ImportImageContainer<unsigned long, double>
      Reference Count: 1
      Modified Time: 1186
      Debug: Off
      Object Name: 
      Observers: 
        none
      Pointer: 0x15050eb89010
      Container manages memory: true
      Size: 8530021
      Capacity: 8530021

     Moving image = Image (0x35e7f60)
  RTTI typeinfo:   itk::Image<double, 3u>
  Reference Count: 2
  Modified Time: 1579
  Debug: Off
  Object Name: 
  Observers: 
    none
  Source: (none)
  Source output name: (none)
  Release Data: Off
  Data Released: False
  Global Release Data: Off
  PipelineMTime: 0
  UpdateMTime: 1576
  RealTimeStamp: 0 seconds 
  LargestPossibleRegion: 
    Dimension: 3
    Index: [0, 0, 0]
    Size: [160, 240, 256]
  BufferedRegion: 
    Dimension: 3
    Index: [0, 0, 0]
    Size: [160, 240, 256]
  RequestedRegion: 
    Dimension: 3
    Index: [0, 0, 0]
    Size: [160, 240, 256]
  Spacing: [1, 1, 1]
  Origin: [98.6438, 87.6358, -117.989]
  Direction: 
-0.993515 -0.100993 -0.0522355
0.100854 -0.994887 0.00530255
-0.0525039 1.93537e-08 0.998621

  IndexToPointMatrix: 
-0.993515 -0.100993 -0.0522355
0.100854 -0.994887 0.00530255
-0.0525039 1.93537e-08 0.998621

  PointToIndexMatrix: 
-0.993515 0.100854 -0.0525039
-0.100993 -0.994887 1.93006e-08
-0.0522355 0.00530255 0.998621

  Inverse Direction: 
-0.993515 0.100854 -0.0525039
-0.100993 -0.994887 1.93006e-08
-0.0522355 0.00530255 0.998621

  PixelContainer: 
    ImportImageContainer (0x35d96d0)
      RTTI typeinfo:   itk::ImportImageContainer<unsigned long, double>
      Reference Count: 1
      Modified Time: 1573
      Debug: Off
      Object Name: 
      Observers: 
        none
      Pointer: 0x15050a088010
      Container manages memory: true
      Size: 9830400
      Capacity: 9830400

     Weighting = 1
     Sampling strategy = regular
     Number of bins = 32
     Radius = 4
     Sampling percentage  = 0.25
   Transform = Rigid
     Gradient step = 0.1
     Update field sigma (voxel space) = 0
     Total field sigma (voxel space) = 0
     Update field time sigma = 0
     Total field time sigma  = 0
     Number of time indices = 0
     Number of time point samples = 0
Registration using 1 total stages.

Stage 0
  iterations = 1000x500x250x100
  convergence threshold = 1e-06
  convergence window size = 10
  number of levels = 4
  using the Mattes MI metric (number of bins = 32, weight = 1, use gradient filter = 0)
  preprocessing:  winsorizing the image intensities
  Shrink factors (level 1 out of 4): [8, 8, 8]
  Shrink factors (level 2 out of 4): [4, 4, 4]
  Shrink factors (level 3 out of 4): [2, 2, 2]
  Shrink factors (level 4 out of 4): [1, 1, 1]
  smoothing sigmas per level: [3, 2, 1, 0]
  regular sampling (percentage = 0.25)

*** Running Euler3DTransform registration ***

DIAGNOSTIC,Iteration,metricValue,convergenceValue,ITERATION_TIME_INDEX,SINCE_LAST
 2DIAGNOSTIC,     1, -5.238630234552e-01, 1.797693134862e+308, 8.8625e-01, 8.8625e-01, 
 2DIAGNOSTIC,     2, -5.257885820767e-01, 1.797693134862e+308, 8.9114e-01, 4.8981e-03, 
 2DIAGNOSTIC,     3, -5.278597554839e-01, 1.797693134862e+308, 8.9598e-01, 4.8332e-03, 
 2DIAGNOSTIC,     4, -5.302176117225e-01, 1.797693134862e+308, 9.0070e-01, 4.7200e-03, 
 2DIAGNOSTIC,     5, -5.343462816845e-01, 1.797693134862e+308, 9.0540e-01, 4.7040e-03, 
 2DIAGNOSTIC,     6, -5.399239396740e-01, 1.797693134862e+308, 9.1017e-01, 4.7679e-03, 
 2DIAGNOSTIC,     7, -5.490554822001e-01, 1.797693134862e+308, 9.1494e-01, 4.7650e-03, 
 2DIAGNOSTIC,     8, -5.545204224448e-01, 1.797693134862e+308, 9.2104e-01, 6.1009e-03, 
 2DIAGNOSTIC,     9, -5.601437715553e-01, 1.797693134862e+308, 9.2574e-01, 4.7069e-03, 
 2DIAGNOSTIC,    10, -5.617741193774e-01, 5.067640484485e-03, 9.3065e-01, 4.9059e-03, 
 2DIAGNOSTIC,    11, -5.649562249041e-01, 4.796539612083e-03, 9.3672e-01, 6.0720e-03, 
 2DIAGNOSTIC,    12, -5.658710903081e-01, 4.260783098155e-03, 9.4192e-01, 5.2040e-03, 
 2DIAGNOSTIC,    13, -5.662828333056e-01, 3.524744036646e-03, 9.4679e-01, 4.8640e-03, 
 2DIAGNOSTIC,    14, -5.685908474577e-01, 2.751340472953e-03, 9.5221e-01, 5.4250e-03, 
 2DIAGNOSTIC,    15, -5.732745043306e-01, 2.134644679428e-03, 9.5926e-01, 7.0431e-03, 
 2DIAGNOSTIC,    16, -5.738084427846e-01, 1.591333148336e-03, 9.6541e-01, 6.1522e-03, 
 2DIAGNOSTIC,    17, -5.739093703465e-01, 1.247363567740e-03, 9.7030e-01, 4.8871e-03, 
 2DIAGNOSTIC,    18, -5.745773598458e-01, 1.002163966316e-03, 9.7509e-01, 4.7910e-03, 
 2DIAGNOSTIC,    19, -5.752045522722e-01, 8.579763081919e-04, 9.7989e-01, 4.8029e-03, 
 2DIAGNOSTIC,    20, -5.755578777726e-01, 6.955845773862e-04, 9.8470e-01, 4.8070e-03, 
 2DIAGNOSTIC,    21, -5.761681227725e-01, 5.767135182688e-04, 9.8947e-01, 4.7700e-03, 
 2DIAGNOSTIC,    22, -5.775610178280e-01, 4.707067062518e-04, 9.9436e-01, 4.8928e-03, 
 2DIAGNOSTIC,    23, -5.801876522131e-01, 3.965856196755e-04, 9.9958e-01, 5.2218e-03, 
 2DIAGNOSTIC,    24, -5.873578871745e-01, 4.881452203548e-04, 1.0063e+00, 6.7320e-03, 
 2DIAGNOSTIC,    25, -5.924052233451e-01, 7.199711434260e-04, 1.0133e+00, 6.9849e-03, 
 2DIAGNOSTIC,    26, -5.933789722495e-01, 8.944842698979e-04, 1.0198e+00, 6.5000e-03, 
 2DIAGNOSTIC,    27, -5.948140362538e-01, 1.002036484322e-03, 1.0252e+00, 5.3539e-03, 
 2DIAGNOSTIC,    28, -5.954370004514e-01, 1.029952320758e-03, 1.0298e+00, 4.6380e-03, 
 2DIAGNOSTIC,    29, -5.955619965593e-01, 9.699000561964e-04, 1.0355e+00, 5.6829e-03, 
 2DIAGNOSTIC,    30, -5.960977142410e-01, 8.366692959149e-04, 1.0400e+00, 4.5550e-03, 
 2DIAGNOSTIC,    31, -5.971105016128e-01, 6.606986234904e-04, 1.0453e+00, 5.2960e-03, 
 2DIAGNOSTIC,    32, -5.989728413267e-01, 4.853112631994e-04, 1.0522e+00, 6.8309e-03, 
 2DIAGNOSTIC,    33, -5.996340171072e-01, 3.222359246034e-04, 1.0567e+00, 4.5500e-03, 
 2DIAGNOSTIC,    34, -5.997688324737e-01, 2.443793012256e-04, 1.0612e+00, 4.5049e-03, 
 2DIAGNOSTIC,    35, -5.999328162706e-01, 2.224308785853e-04, 1.0670e+00, 5.8031e-03, 
 2DIAGNOSTIC,    36, -6.001598298488e-01, 1.965988104736e-04, 1.0716e+00, 4.5512e-03, 
 2DIAGNOSTIC,    37, -6.004938012930e-01, 1.767006116124e-04, 1.0768e+00, 5.2159e-03, 
 2DIAGNOSTIC,    38, -6.008280010095e-01, 1.536048159872e-04, 1.0817e+00, 4.8769e-03, 
 2DIAGNOSTIC,    39, -6.038559363724e-01, 1.574331424781e-04, 1.0870e+00, 5.3661e-03, 
 2DIAGNOSTIC,    40, -6.077047304650e-01, 1.993081263777e-04, 1.0919e+00, 4.8530e-03, 
 2DIAGNOSTIC,    41, -6.174632701436e-01, 3.481387133117e-04, 1.0982e+00, 6.2850e-03, 
 2DIAGNOSTIC,    42, -6.161977783040e-01, 4.608906070264e-04, 1.1075e+00, 9.3870e-03, 
 2DIAGNOSTIC,    43, -6.161564429890e-01, 5.335368903833e-04, 1.1121e+00, 4.5712e-03, 
 2DIAGNOSTIC,    44, -6.170772135654e-01, 5.644817946811e-04, 1.1166e+00, 4.5099e-03, 
 2DIAGNOSTIC,    45, -6.185357206276e-01, 5.560472615056e-04, 1.1214e+00, 4.8158e-03, 
 2DIAGNOSTIC,    46, -6.206472560453e-01, 5.180556020491e-04, 1.1262e+00, 4.7929e-03, 
 2DIAGNOSTIC,    47, -6.234100401793e-01, 4.649603006651e-04, 1.1309e+00, 4.6730e-03, 
 2DIAGNOSTIC,    48, -6.282459757215e-01, 4.232183636347e-04, 1.1355e+00, 4.5819e-03, 
 2DIAGNOSTIC,    49, -6.332856965280e-01, 4.219355135255e-04, 1.1401e+00, 4.6079e-03, 
 2DIAGNOSTIC,    50, -6.437673372968e-01, 5.158703606500e-04, 1.1448e+00, 4.7081e-03, 
 2DIAGNOSTIC,    51, -6.567709935838e-01, 7.709775016247e-04, 1.1495e+00, 4.6721e-03, 
 2DIAGNOSTIC,    52, -6.630139267718e-01, 9.856118071815e-04, 1.1548e+00, 5.2979e-03, 
 2DIAGNOSTIC,    53, -6.637658022861e-01, 1.103855042204e-03, 1.1594e+00, 4.5860e-03, 
 2DIAGNOSTIC,    54, -6.646848092992e-01, 1.129224693521e-03, 1.1643e+00, 4.9131e-03, 
 2DIAGNOSTIC,    55, -6.699954963059e-01, 1.103370434857e-03, 1.1803e+00, 1.6055e-02, 
 2DIAGNOSTIC,    56, -6.720090053546e-01, 1.005090032724e-03, 1.1882e+00, 7.8630e-03, 
 2DIAGNOSTIC,    57, -6.720481797326e-01, 8.375240473216e-04, 1.1926e+00, 4.4022e-03, 
 2DIAGNOSTIC,    58, -6.725919634712e-01, 6.425666488359e-04, 1.1968e+00, 4.2272e-03, 
 2DIAGNOSTIC,    59, -6.729036417124e-01, 4.360795918805e-04, 1.2012e+00, 4.3530e-03, 
 2DIAGNOSTIC,    60, -6.731488745140e-01, 2.773043533357e-04, 1.2055e+00, 4.3139e-03, 
 2DIAGNOSTIC,    61, -6.734259085701e-01, 1.993309922727e-04, 1.2098e+00, 4.2908e-03, 
 2DIAGNOSTIC,    62, -6.739132132494e-01, 1.568959739620e-04, 1.2141e+00, 4.2889e-03, 
 2DIAGNOSTIC,    63, -6.762843254277e-01, 1.247262218752e-04, 1.2199e+00, 5.8570e-03, 
 2DIAGNOSTIC,    64, -6.766381607236e-01, 8.969345250270e-05, 1.2242e+00, 4.3039e-03, 
 2DIAGNOSTIC,    65, -6.771215230637e-01, 8.898272911714e-05, 1.2286e+00, 4.3209e-03, 
 2DIAGNOSTIC,    66, -6.778537240721e-01, 9.953408991200e-05, 1.2340e+00, 5.4519e-03, 
 2DIAGNOSTIC,    67, -6.792268191401e-01, 1.098306944085e-04, 1.2400e+00, 5.9831e-03, 
 2DIAGNOSTIC,    68, -6.807680961033e-01, 1.231390215611e-04, 1.2444e+00, 4.3709e-03, 
 2DIAGNOSTIC,    69, -6.815199714639e-01, 1.312165288771e-04, 1.2486e+00, 4.2341e-03, 
 2DIAGNOSTIC,    70, -6.818104895096e-01, 1.303112092516e-04, 1.2544e+00, 5.8150e-03, 
 2DIAGNOSTIC,    71, -6.820510360100e-01, 1.205025723369e-04, 1.2587e+00, 4.2701e-03, 
 2DIAGNOSTIC,    72, -6.822317071734e-01, 1.032404091148e-04, 1.2654e+00, 6.7241e-03, 
 2DIAGNOSTIC,    73, -6.825798791782e-01, 9.372213850131e-05, 1.2712e+00, 5.8091e-03, 
 2DIAGNOSTIC,    74, -6.826263901942e-01, 7.797273127175e-05, 1.2758e+00, 4.6070e-03, 
 2DIAGNOSTIC,    75, -6.826914518802e-01, 5.871089640953e-05, 1.2801e+00, 4.2670e-03, 
 2DIAGNOSTIC,    76, -6.828123249508e-01, 3.951642225801e-05, 1.2852e+00, 5.1482e-03, 
 2DIAGNOSTIC,    77, -6.832344918968e-01, 2.762787735334e-05, 1.2897e+00, 4.4470e-03, 
 2DIAGNOSTIC,    78, -6.838171793368e-01, 2.580766233212e-05, 1.2961e+00, 6.4600e-03, 
 2DIAGNOSTIC,    79, -6.837376373215e-01, 2.542005899493e-05, 1.3005e+00, 4.3962e-03, 
 2DIAGNOSTIC,    80, -6.837940986174e-01, 2.471284902641e-05, 1.3050e+00, 4.4940e-03, 
 2DIAGNOSTIC,    81, -6.839726496555e-01, 2.407031596374e-05, 1.3095e+00, 4.4901e-03, 
 2DIAGNOSTIC,    82, -6.841107759712e-01, 2.281052169097e-05, 1.3141e+00, 4.5462e-03, 
 2DIAGNOSTIC,    83, -6.851046224333e-01, 2.675754862970e-05, 1.3204e+00, 6.3629e-03, 
 2DIAGNOSTIC,    84, -6.858177605281e-01, 3.208781894504e-05, 1.3258e+00, 5.3451e-03, 
 2DIAGNOSTIC,    85, -6.861555868524e-01, 3.640330014055e-05, 1.3326e+00, 6.8722e-03, 
 2DIAGNOSTIC,    86, -6.861558798614e-01, 3.780125684450e-05, 1.3369e+00, 4.2639e-03, 
 2DIAGNOSTIC,    87, -6.861668973553e-01, 3.777718784039e-05, 1.3412e+00, 4.2870e-03, 
 2DIAGNOSTIC,    88, -6.861799494259e-01, 3.717453506279e-05, 1.3456e+00, 4.3850e-03, 
 2DIAGNOSTIC,    89, -6.861876353616e-01, 3.259311741042e-05, 1.3505e+00, 4.8761e-03, 
 2DIAGNOSTIC,    90, -6.861914491975e-01, 2.533811957901e-05, 1.3547e+00, 4.2892e-03, 
 2DIAGNOSTIC,    91, -6.861984352750e-01, 1.686233140805e-05, 1.3590e+00, 4.2341e-03, 
 2DIAGNOSTIC,    92, -6.862113307100e-01, 7.665921787156e-06, 1.3632e+00, 4.2191e-03, 
 2DIAGNOSTIC,    93, -6.862267173760e-01, 2.805689041643e-06, 1.3674e+00, 4.2179e-03, 
 2DIAGNOSTIC,    94, -6.862421198182e-01, 1.276720878091e-06, 1.3722e+00, 4.7569e-03, 
 2DIAGNOSTIC,    95, -6.863402467880e-01, 1.766844007017e-06, 1.3780e+00, 5.8589e-03, 
 2DIAGNOSTIC,    96, -6.863402048467e-01, 2.099316060836e-06, 1.3823e+00, 4.2741e-03, 
 2DIAGNOSTIC,    97, -6.863403374994e-01, 2.312200563409e-06, 1.3866e+00, 4.3130e-03, 
 2DIAGNOSTIC,    98, -6.863407849112e-01, 2.398570733966e-06, 1.3910e+00, 4.3490e-03, 
 2DIAGNOSTIC,    99, -6.863418498482e-01, 2.322542836311e-06, 1.3953e+00, 4.3509e-03, 
 2DIAGNOSTIC,   100, -6.863433207322e-01, 2.074079400801e-06, 1.4091e+00, 1.3727e-02, 
 2DIAGNOSTIC,   101, -6.863433205967e-01, 1.693256436435e-06, 1.4230e+00, 1.3998e-02, 
 2DIAGNOSTIC,   102, -6.863433205967e-01, 1.252453034953e-06, 1.4283e+00, 5.2991e-03, 
DIAGNOSTIC,Iteration,metricValue,convergenceValue,ITERATION_TIME_INDEX,SINCE_LAST
 2DIAGNOSTIC,     1, -5.583135809411e-01, 1.797693134862e+308, 2.1590e+00, 7.3069e-01, 
 2DIAGNOSTIC,     2, -5.587690657493e-01, 1.797693134862e+308, 2.1991e+00, 4.0075e-02, 
 2DIAGNOSTIC,     3, -5.591103711311e-01, 1.797693134862e+308, 2.2311e+00, 3.2031e-02, 
 2DIAGNOSTIC,     4, -5.599294908636e-01, 1.797693134862e+308, 2.2657e+00, 3.4588e-02, 
 2DIAGNOSTIC,     5, -5.608880644936e-01, 1.797693134862e+308, 2.3090e+00, 4.3294e-02, 
 2DIAGNOSTIC,     6, -5.613234417003e-01, 1.797693134862e+308, 2.3439e+00, 3.4905e-02, 
 2DIAGNOSTIC,     7, -5.624615471877e-01, 1.797693134862e+308, 2.3841e+00, 4.0117e-02, 
 2DIAGNOSTIC,     8, -5.631244346728e-01, 1.797693134862e+308, 2.4352e+00, 5.1182e-02, 
 2DIAGNOSTIC,     9, -5.632666729495e-01, 1.797693134862e+308, 2.4752e+00, 3.9956e-02, 
 2DIAGNOSTIC,    10, -5.639221051788e-01, 6.925470222577e-04, 2.5110e+00, 3.5809e-02, 
 2DIAGNOSTIC,    11, -5.654846702721e-01, 6.698325568290e-04, 2.5521e+00, 4.1086e-02, 
 2DIAGNOSTIC,    12, -5.660116562301e-01, 6.307562373703e-04, 2.5891e+00, 3.7042e-02, 
 2DIAGNOSTIC,    13, -5.661375063320e-01, 5.589612905114e-04, 2.6993e+00, 1.1020e-01, 
 2DIAGNOSTIC,    14, -5.661375049164e-01, 4.771509639094e-04, 2.7412e+00, 4.1903e-02, 
 2DIAGNOSTIC,    15, -5.661375459705e-01, 3.954151805605e-04, 2.7836e+00, 4.2323e-02, 
 2DIAGNOSTIC,    16, -5.661376153638e-01, 3.000315132148e-04, 2.8195e+00, 3.5897e-02, 
 2DIAGNOSTIC,    17, -5.661377326253e-01, 2.216440281327e-04, 2.8532e+00, 3.3795e-02, 
 2DIAGNOSTIC,    18, -5.661379314918e-01, 1.510071535680e-04, 2.8844e+00, 3.1161e-02, 
 2DIAGNOSTIC,    19, -5.661382671583e-01, 7.801780023094e-05, 2.9189e+00, 3.4468e-02, 
 2DIAGNOSTIC,    20, -5.661388326987e-01, 2.089118007058e-05, 2.9530e+00, 3.4087e-02, 
 2DIAGNOSTIC,    21, -5.661397879503e-01, 4.643010316205e-06, 2.9881e+00, 3.5151e-02, 
 2DIAGNOSTIC,    22, -5.661409221669e-01, 1.604244652814e-06, 3.0212e+00, 3.3073e-02, 
 2DIAGNOSTIC,    23, -5.661338169183e-01, 1.418202543450e-06, 3.0509e+00, 2.9681e-02, 
 2DIAGNOSTIC,    24, -5.661370323105e-01, 1.317148539723e-06, 3.0842e+00, 3.3290e-02, 
 2DIAGNOSTIC,    25, -5.661420876543e-01, 1.324716365818e-06, 3.1276e+00, 4.3407e-02, 
 2DIAGNOSTIC,    26, -5.661501367153e-01, 1.479861646676e-06, 3.1672e+00, 3.9640e-02, 
 2DIAGNOSTIC,    27, -5.661591514871e-01, 1.768120315410e-06, 3.2054e+00, 3.8175e-02, 
 2DIAGNOSTIC,    28, -5.661423303764e-01, 1.682164964302e-06, 3.2494e+00, 4.3985e-02, 
 2DIAGNOSTIC,    29, -5.661380450463e-01, 1.494301237304e-06, 3.2852e+00, 3.5805e-02, 
 2DIAGNOSTIC,    30, -5.661478102721e-01, 1.451941956068e-06, 3.3248e+00, 3.9609e-02, 
 2DIAGNOSTIC,    31, -5.661627260561e-01, 1.619355315355e-06, 3.3659e+00, 4.1101e-02, 
 2DIAGNOSTIC,    32, -5.661536799280e-01, 1.593171006890e-06, 3.4006e+00, 3.4710e-02, 
 2DIAGNOSTIC,    33, -5.661443587445e-01, 1.276155774409e-06, 3.4384e+00, 3.7838e-02, 
 2DIAGNOSTIC,    34, -5.661470466498e-01, 1.044705183525e-06, 3.4812e+00, 4.2757e-02, 
DIAGNOSTIC,Iteration,metricValue,convergenceValue,ITERATION_TIME_INDEX,SINCE_LAST
 2DIAGNOSTIC,     1, -5.039537393378e-01, 1.797693134862e+308, 4.5891e+00, 1.1079e+00, 
 2DIAGNOSTIC,     2, -5.041047540397e-01, 1.797693134862e+308, 4.8240e+00, 2.3490e-01, 
 2DIAGNOSTIC,     3, -5.041896404018e-01, 1.797693134862e+308, 5.0554e+00, 2.3139e-01, 
 2DIAGNOSTIC,     4, -5.042445923564e-01, 1.797693134862e+308, 5.3331e+00, 2.7766e-01, 
 2DIAGNOSTIC,     5, -5.043477851439e-01, 1.797693134862e+308, 5.7473e+00, 4.1420e-01, 
 2DIAGNOSTIC,     6, -5.043431970642e-01, 1.797693134862e+308, 6.1162e+00, 3.6895e-01, 
 2DIAGNOSTIC,     7, -5.043423865671e-01, 1.797693134862e+308, 6.3651e+00, 2.4892e-01, 
 2DIAGNOSTIC,     8, -5.043431255504e-01, 1.797693134862e+308, 6.6379e+00, 2.7278e-01, 
 2DIAGNOSTIC,     9, -5.043419875706e-01, 1.797693134862e+308, 6.8662e+00, 2.2827e-01, 
 2DIAGNOSTIC,    10, -5.043432181794e-01, 4.541813702226e-05, 7.1300e+00, 2.6376e-01, 
 2DIAGNOSTIC,    11, -5.043430772223e-01, 2.536343711181e-05, 7.3943e+00, 2.6439e-01, 
 2DIAGNOSTIC,    12, -5.043430824398e-01, 1.372700942770e-05, 7.6467e+00, 2.5236e-01, 
 2DIAGNOSTIC,    13, -5.043442227230e-01, 6.593540929634e-06, 7.9076e+00, 2.6090e-01, 
 2DIAGNOSTIC,    14, -5.043458109216e-01, 2.255962050043e-06, 8.1321e+00, 2.2450e-01, 
 2DIAGNOSTIC,    15, -5.043502654437e-01, 2.546137986573e-06, 8.4252e+00, 2.9306e-01, 
 2DIAGNOSTIC,    16, -5.043512870576e-01, 2.632657449084e-06, 8.6779e+00, 2.5274e-01, 
 2DIAGNOSTIC,    17, -5.043510090317e-01, 2.614644158322e-06, 8.9133e+00, 2.3538e-01, 
 2DIAGNOSTIC,    18, -5.043493150034e-01, 2.503601976123e-06, 9.1735e+00, 2.6023e-01, 
 2DIAGNOSTIC,    19, -5.043473413964e-01, 2.243053604523e-06, 9.4177e+00, 2.4414e-01, 
 2DIAGNOSTIC,    20, -5.043477983998e-01, 2.002406287636e-06, 9.6927e+00, 2.7500e-01, 
 2DIAGNOSTIC,    21, -5.043469947131e-01, 1.719418059098e-06, 1.0046e+01, 3.5333e-01, 
 2DIAGNOSTIC,    22, -5.043468594569e-01, 1.441335674125e-06, 1.0342e+01, 2.9565e-01, 
 2DIAGNOSTIC,    23, -5.043498664827e-01, 1.291048785206e-06, 1.0578e+01, 2.3631e-01, 
 2DIAGNOSTIC,    24, -5.043466527333e-01, 1.119461575147e-06, 1.0848e+01, 2.6978e-01, 
 2DIAGNOSTIC,    25, -5.043472357228e-01, 1.096049956427e-06, 1.1161e+01, 3.1279e-01, 
 2DIAGNOSTIC,    26, -5.043478305442e-01, 1.125232253645e-06, 1.1430e+01, 2.6964e-01, 
 2DIAGNOSTIC,    27, -5.043476151916e-01, 1.150460524138e-06, 1.1703e+01, 2.7304e-01, 
 2DIAGNOSTIC,    28, -5.043475236330e-01, 1.141246002451e-06, 1.2003e+01, 2.9957e-01, 
 2DIAGNOSTIC,    29, -5.043505792541e-01, 1.153702724944e-06, 1.2313e+01, 3.1006e-01, 
 2DIAGNOSTIC,    30, -5.043517864114e-01, 1.190820571650e-06, 1.2605e+01, 2.9190e-01, 
 2DIAGNOSTIC,    31, -5.043525801347e-01, 1.212599824739e-06, 1.2909e+01, 3.0396e-01, 
 2DIAGNOSTIC,    32, -5.043559670164e-01, 1.271346088218e-06, 1.3226e+01, 3.1740e-01, 
 2DIAGNOSTIC,    33, -5.043579061687e-01, 1.385251737741e-06, 1.3516e+01, 2.8956e-01, 
 2DIAGNOSTIC,    34, -5.043635258700e-01, 1.491169386938e-06, 1.3769e+01, 2.5359e-01, 
 2DIAGNOSTIC,    35, -5.043720331294e-01, 1.682383727122e-06, 1.4076e+01, 3.0638e-01, 
 2DIAGNOSTIC,    36, -5.043770373849e-01, 1.875189909361e-06, 1.4331e+01, 2.5573e-01, 
 2DIAGNOSTIC,    37, -5.043904782445e-01, 2.165287674386e-06, 1.4668e+01, 3.3669e-01, 
 2DIAGNOSTIC,    38, -5.044031392763e-01, 2.497548025990e-06, 1.5007e+01, 3.3854e-01, 
 2DIAGNOSTIC,    39, -5.044020359024e-01, 2.679519604483e-06, 1.5267e+01, 2.6048e-01, 
 2DIAGNOSTIC,    40, -5.044148999698e-01, 2.876671146481e-06, 1.5522e+01, 2.5475e-01, 
 2DIAGNOSTIC,    41, -5.044345516406e-01, 3.142137082756e-06, 1.5798e+01, 2.7620e-01, 
 2DIAGNOSTIC,    42, -5.044524588486e-01, 3.447112010144e-06, 1.6083e+01, 2.8518e-01, 
 2DIAGNOSTIC,    43, -5.044610869701e-01, 3.615451217853e-06, 1.6385e+01, 3.0135e-01, 
 2DIAGNOSTIC,    44, -5.044877922593e-01, 3.918407670191e-06, 1.6668e+01, 2.8350e-01, 
 2DIAGNOSTIC,    45, -5.045262413823e-01, 4.484907736586e-06, 1.7228e+01, 5.6041e-01, 
 2DIAGNOSTIC,    46, -5.045227432766e-01, 4.667371957024e-06, 1.7534e+01, 3.0600e-01, 
 2DIAGNOSTIC,    47, -5.045220753864e-01, 4.619687400214e-06, 1.7940e+01, 4.0515e-01, 
 2DIAGNOSTIC,    48, -5.045222599060e-01, 4.356540372473e-06, 1.8213e+01, 2.7367e-01, 
 2DIAGNOSTIC,    49, -5.045206013009e-01, 3.712272654711e-06, 1.8462e+01, 2.4848e-01, 
 2DIAGNOSTIC,    50, -5.045181199383e-01, 2.907009093969e-06, 1.8732e+01, 2.7052e-01, 
 2DIAGNOSTIC,    51, -5.045202530095e-01, 2.156253449577e-06, 1.8973e+01, 2.4099e-01, 
 2DIAGNOSTIC,    52, -5.045187699087e-01, 1.471941235898e-06, 1.9251e+01, 2.7734e-01, 
DIAGNOSTIC,Iteration,metricValue,convergenceValue,ITERATION_TIME_INDEX,SINCE_LAST
 2DIAGNOSTIC,     1, -4.671570760648e-01, 1.797693134862e+308, 2.1951e+01, 2.7004e+00, 
 2DIAGNOSTIC,     2, -4.673011700804e-01, 1.797693134862e+308, 2.3865e+01, 1.9136e+00, 
 2DIAGNOSTIC,     3, -4.673036796128e-01, 1.797693134862e+308, 2.5673e+01, 1.8084e+00, 
 2DIAGNOSTIC,     4, -4.673044996854e-01, 1.797693134862e+308, 2.7207e+01, 1.5342e+00, 
 2DIAGNOSTIC,     5, -4.673038030703e-01, 1.797693134862e+308, 2.8808e+01, 1.6009e+00, 
 2DIAGNOSTIC,     6, -4.673045466793e-01, 1.797693134862e+308, 3.0871e+01, 2.0626e+00, 
 2DIAGNOSTIC,     7, -4.673042363230e-01, 1.797693134862e+308, 3.2442e+01, 1.5710e+00, 
 2DIAGNOSTIC,     8, -4.673037917826e-01, 1.797693134862e+308, 3.4008e+01, 1.5666e+00, 
 2DIAGNOSTIC,     9, -4.673035647614e-01, 1.797693134862e+308, 3.6103e+01, 2.0952e+00, 
 2DIAGNOSTIC,    10, -4.673035779783e-01, 1.222352569868e-05, 3.7733e+01, 1.6300e+00, 
 2DIAGNOSTIC,    11, -4.673034903469e-01, 2.975845351777e-06, 3.9313e+01, 1.5792e+00, 
 2DIAGNOSTIC,    12, -4.673033971220e-01, 2.556931124983e-06, 4.0863e+01, 1.5509e+00, 
 2DIAGNOSTIC,    13, -4.673033082331e-01, 2.323806159971e-06, 4.2559e+01, 1.6951e+00, 
 2DIAGNOSTIC,    14, -4.673032141125e-01, 2.167984649429e-06, 4.3922e+01, 1.3638e+00, 
 2DIAGNOSTIC,    15, -4.673031263974e-01, 2.009383340232e-06, 4.5446e+01, 1.5232e+00, 
 2DIAGNOSTIC,    16, -4.673032453125e-01, 1.913661276540e-06, 4.7176e+01, 1.7300e+00, 
 2DIAGNOSTIC,    17, -4.673030540183e-01, 1.818343630271e-06, 4.8577e+01, 1.4010e+00, 
 2DIAGNOSTIC,    18, -4.673031827926e-01, 1.728267237822e-06, 5.0156e+01, 1.5798e+00, 
 2DIAGNOSTIC,    19, -4.673032188208e-01, 1.645018909410e-06, 5.1781e+01, 1.6246e+00, 
 2DIAGNOSTIC,    20, -4.673031651347e-01, 1.571540947806e-06, 5.3255e+01, 1.4739e+00, 
 2DIAGNOSTIC,    21, -4.673032602918e-01, 1.507138969646e-06, 5.4992e+01, 1.7368e+00, 
 2DIAGNOSTIC,    22, -4.673027807589e-01, 1.433457782231e-06, 5.6728e+01, 1.7365e+00, 
 2DIAGNOSTIC,    23, -4.673025736915e-01, 1.359946835131e-06, 5.8521e+01, 1.7925e+00, 
 2DIAGNOSTIC,    24, -4.673027143195e-01, 1.295948133861e-06, 6.0107e+01, 1.5859e+00, 
 2DIAGNOSTIC,    25, -4.673026339707e-01, 1.235322528888e-06, 6.1683e+01, 1.5764e+00, 
 2DIAGNOSTIC,    26, -4.673024499568e-01, 1.181528457163e-06, 6.3095e+01, 1.4118e+00, 
 2DIAGNOSTIC,    27, -4.673020730373e-01, 1.123117655544e-06, 6.4588e+01, 1.4936e+00, 
 2DIAGNOSTIC,    28, -4.673022061222e-01, 1.080016555362e-06, 6.6033e+01, 1.4449e+00, 
 2DIAGNOSTIC,    29, -4.673021517896e-01, 1.044426161445e-06, 6.7756e+01, 1.7228e+00, 
 2DIAGNOSTIC,    30, -4.673024055639e-01, 1.019955895062e-06, 6.9412e+01, 1.6556e+00, 
  Elapsed time (stage 0): 7.0233e+01


Total elapsed time: 7.0235e+01
Info [verificarlo]: loaded backend libinterflop_ieee.so
Info [interflop-ieee]: load backend with:
Info [interflop-ieee]: debug = false
Info [interflop-ieee]: debug-binary = false
Info [interflop-ieee]: no-backend-name = false
Info [interflop-ieee]: print-new-line = false
Info [interflop-ieee]: print-subnormal-normalized = false
Info [interflop-ieee]: count-op = false
All_Command_lines_OK
Using double precision for computations.
=============================================================================
The composite transform comprises the following transforms (in order): 
  1. /home/mdugre/scratch/mri-registration-rp/datasets/ds004513/derivatives/mri-registration-rp/0001/antsRegistration-r8-p20/sub-s035/rigid_Composite.h5[0] (type = Euler3DTransform)
  2. /home/mdugre/scratch/mri-registration-rp/datasets/ds004513/derivatives/mri-registration-rp/0001/antsRegistration-r8-p20/sub-s035/rigid_Composite.h5[1] (type = Euler3DTransform)
  3. /home/mdugre/scratch/mri-registration-rp/datasets/ds004513/derivatives/mri-registration-rp/0001/antsRegistration-r8-p20/sub-s035/rigid_Composite.h5[2] (type = Euler3DTransform)
=============================================================================
  number of levels = 4
  fixed image: /templateflow/tpl-MNI152NLin2009cAsym/tpl-MNI152NLin2009cAsym_res-01_desc-brain_T1w.nii.gz
  moving image: /home/mdugre/scratch/mri-registration-rp/datasets/ds004513/derivatives/mri-registration-rp/antsBrainExtraction/sub-s035/BrainExtractionBrain.nii.gz
Dimension = 3
Number of stages = 1
Use histogram matching = false
Winsorize image intensities = true
  Lower quantile = 0.005
  Upper quantile = 0.995


Stage 1 State
   Image metric = MattesMI
     Fixed image = Image (0x49927e0)
  RTTI typeinfo:   itk::Image<double, 3u>
  Reference Count: 2
  Modified Time: 1592
  Debug: Off
  Object Name: 
  Observers: 
    none
  Source: (none)
  Source output name: (none)
  Release Data: Off
  Data Released: False
  Global Release Data: Off
  PipelineMTime: 0
  UpdateMTime: 1203
  RealTimeStamp: 0 seconds 
  LargestPossibleRegion: 
    Dimension: 3
    Index: [0, 0, 0]
    Size: [193, 229, 193]
  BufferedRegion: 
    Dimension: 3
    Index: [0, 0, 0]
    Size: [193, 229, 193]
  RequestedRegion: 
    Dimension: 3
    Index: [0, 0, 0]
    Size: [193, 229, 193]
  Spacing: [1, 1, 1]
  Origin: [96, 132, -78]
  Direction: 
-1 0 0
0 -1 0
0 0 1

  IndexToPointMatrix: 
-1 0 0
0 -1 0
0 0 1

  PointToIndexMatrix: 
-1 0 0
0 -1 0
0 0 1

  Inverse Direction: 
-1 0 0
0 -1 0
0 0 1

  PixelContainer: 
    ImportImageContainer (0x4a52a20)
      RTTI typeinfo:   itk::ImportImageContainer<unsigned long, double>
      Reference Count: 1
      Modified Time: 1200
      Debug: Off
      Object Name: 
      Observers: 
        none
      Pointer: 0x151db4df1010
      Container manages memory: true
      Size: 8530021
      Capacity: 8530021

     Moving image = Image (0x4a4dd70)
  RTTI typeinfo:   itk::Image<double, 3u>
  Reference Count: 2
  Modified Time: 1593
  Debug: Off
  Object Name: 
  Observers: 
    none
  Source: (none)
  Source output name: (none)
  Release Data: Off
  Data Released: False
  Global Release Data: Off
  PipelineMTime: 0
  UpdateMTime: 1590
  RealTimeStamp: 0 seconds 
  LargestPossibleRegion: 
    Dimension: 3
    Index: [0, 0, 0]
    Size: [160, 240, 256]
  BufferedRegion: 
    Dimension: 3
    Index: [0, 0, 0]
    Size: [160, 240, 256]
  RequestedRegion: 
    Dimension: 3
    Index: [0, 0, 0]
    Size: [160, 240, 256]
  Spacing: [1, 1, 1]
  Origin: [98.6438, 87.6358, -117.989]
  Direction: 
-0.993515 -0.100993 -0.0522355
0.100854 -0.994887 0.00530255
-0.0525039 1.93537e-08 0.998621

  IndexToPointMatrix: 
-0.993515 -0.100993 -0.0522355
0.100854 -0.994887 0.00530255
-0.0525039 1.93537e-08 0.998621

  PointToIndexMatrix: 
-0.993515 0.100854 -0.0525039
-0.100993 -0.994887 1.93006e-08
-0.0522355 0.00530255 0.998621

  Inverse Direction: 
-0.993515 0.100854 -0.0525039
-0.100993 -0.994887 1.93006e-08
-0.0522355 0.00530255 0.998621

  PixelContainer: 
    ImportImageContainer (0x4a05c90)
      RTTI typeinfo:   itk::ImportImageContainer<unsigned long, double>
      Reference Count: 1
      Modified Time: 1587
      Debug: Off
      Object Name: 
      Observers: 
        none
      Pointer: 0x151db02f0010
      Container manages memory: true
      Size: 9830400
      Capacity: 9830400

     Weighting = 1
     Sampling strategy = regular
     Number of bins = 32
     Radius = 4
     Sampling percentage  = 0.25
   Transform = Affine
     Gradient step = 0.1
     Update field sigma (voxel space) = 0
     Total field sigma (voxel space) = 0
     Update field time sigma = 0
     Total field time sigma  = 0
     Number of time indices = 0
     Number of time point samples = 0
Registration using 1 total stages.

Stage 0
  iterations = 1000x500x250x100
  convergence threshold = 1e-06
  convergence window size = 10
  number of levels = 4
  using the Mattes MI metric (number of bins = 32, weight = 1, use gradient filter = 0)
  preprocessing:  winsorizing the image intensities
  Shrink factors (level 1 out of 4): [8, 8, 8]
  Shrink factors (level 2 out of 4): [4, 4, 4]
  Shrink factors (level 3 out of 4): [2, 2, 2]
  Shrink factors (level 4 out of 4): [1, 1, 1]
  smoothing sigmas per level: [3, 2, 1, 0]
  regular sampling (percentage = 0.25)

*** Running AffineTransform registration ***

DIAGNOSTIC,Iteration,metricValue,convergenceValue,ITERATION_TIME_INDEX,SINCE_LAST
 2DIAGNOSTIC,     1, -6.776699512981e-01, 1.797693134862e+308, 7.1677e-01, 7.1677e-01, 
 2DIAGNOSTIC,     2, -6.798666296739e-01, 1.797693134862e+308, 7.2202e-01, 5.2509e-03, 
 2DIAGNOSTIC,     3, -6.838899423360e-01, 1.797693134862e+308, 7.2767e-01, 5.6472e-03, 
 2DIAGNOSTIC,     4, -6.914400515283e-01, 1.797693134862e+308, 7.3291e-01, 5.2409e-03, 
 2DIAGNOSTIC,     5, -7.010350609625e-01, 1.797693134862e+308, 7.3787e-01, 4.9660e-03, 
 2DIAGNOSTIC,     6, -7.132645256865e-01, 1.797693134862e+308, 7.4277e-01, 4.8962e-03, 
 2DIAGNOSTIC,     7, -7.348501812814e-01, 1.797693134862e+308, 7.4888e-01, 6.1100e-03, 
 2DIAGNOSTIC,     8, -7.374632171324e-01, 1.797693134862e+308, 7.5369e-01, 4.8070e-03, 
 2DIAGNOSTIC,     9, -7.390211917181e-01, 1.797693134862e+308, 7.5859e-01, 4.9031e-03, 
 2DIAGNOSTIC,    10, -7.420284683697e-01, 7.045339540585e-03, 7.6444e-01, 5.8529e-03, 
 2DIAGNOSTIC,    11, -7.462912626492e-01, 6.203571899069e-03, 7.7085e-01, 6.4101e-03, 
 2DIAGNOSTIC,    12, -7.471622308837e-01, 5.043617935874e-03, 7.7714e-01, 6.2852e-03, 
 2DIAGNOSTIC,    13, -7.474211518288e-01, 3.747083283574e-03, 7.8276e-01, 5.6190e-03, 
 2DIAGNOSTIC,    14, -7.475774500639e-01, 2.527600324402e-03, 7.8842e-01, 5.6641e-03, 
 2DIAGNOSTIC,    15, -7.475216103382e-01, 1.493774906439e-03, 7.9401e-01, 5.5940e-03, 
 2DIAGNOSTIC,    16, -7.473285448435e-01, 7.364878496463e-04, 8.0011e-01, 6.0971e-03, 
 2DIAGNOSTIC,    17, -7.473031241942e-01, 4.997071689114e-04, 8.0602e-01, 5.9121e-03, 
 2DIAGNOSTIC,    18, -7.471381153547e-01, 2.983747700177e-04, 8.1131e-01, 5.2900e-03, 
 2DIAGNOSTIC,    19, -7.471153700022e-01, 1.224544541373e-04, 8.1652e-01, 5.2099e-03, 
 2DIAGNOSTIC,    20, -7.470381735644e-01, 8.404071714652e-06, 8.2166e-01, 5.1320e-03, 
DIAGNOSTIC,Iteration,metricValue,convergenceValue,ITERATION_TIME_INDEX,SINCE_LAST
 2DIAGNOSTIC,     1, -6.103780987349e-01, 1.797693134862e+308, 1.5889e+00, 7.6720e-01, 
 2DIAGNOSTIC,     2, -6.107256540586e-01, 1.797693134862e+308, 1.6255e+00, 3.6614e-02, 
 2DIAGNOSTIC,     3, -6.112019463635e-01, 1.797693134862e+308, 1.6613e+00, 3.5786e-02, 
 2DIAGNOSTIC,     4, -6.117175098696e-01, 1.797693134862e+308, 1.6966e+00, 3.5377e-02, 
 2DIAGNOSTIC,     5, -6.122507974636e-01, 1.797693134862e+308, 1.7359e+00, 3.9238e-02, 
 2DIAGNOSTIC,     6, -6.123838756811e-01, 1.797693134862e+308, 1.7764e+00, 4.0516e-02, 
 2DIAGNOSTIC,     7, -6.123226901152e-01, 1.797693134862e+308, 1.8121e+00, 3.5731e-02, 
 2DIAGNOSTIC,     8, -6.123745073663e-01, 1.797693134862e+308, 1.8596e+00, 4.7469e-02, 
 2DIAGNOSTIC,     9, -6.124407724392e-01, 1.797693134862e+308, 1.9009e+00, 4.1271e-02, 
 2DIAGNOSTIC,    10, -6.124372277803e-01, 2.208256493612e-04, 1.9417e+00, 4.0844e-02, 
 2DIAGNOSTIC,    11, -6.124329472204e-01, 1.440093544237e-04, 1.9813e+00, 3.9648e-02, 
 2DIAGNOSTIC,    12, -6.124157745479e-01, 8.024838939759e-05, 2.0201e+00, 3.8767e-02, 
 2DIAGNOSTIC,    13, -6.123527798957e-01, 3.382454320311e-05, 2.0599e+00, 3.9761e-02, 
 2DIAGNOSTIC,    14, -6.123454571904e-01, 7.566599220105e-06, 2.0972e+00, 3.7362e-02, 
 2DIAGNOSTIC,    15, -6.123687281473e-01, 1.413209543458e-06, 2.1368e+00, 3.9574e-02, 
DIAGNOSTIC,Iteration,metricValue,convergenceValue,ITERATION_TIME_INDEX,SINCE_LAST
 2DIAGNOSTIC,     1, -5.355561102988e-01, 1.797693134862e+308, 3.2864e+00, 1.1496e+00, 
 2DIAGNOSTIC,     2, -5.357976989362e-01, 1.797693134862e+308, 3.5895e+00, 3.0313e-01, 
 2DIAGNOSTIC,     3, -5.360702522806e-01, 1.797693134862e+308, 3.9059e+00, 3.1641e-01, 
 2DIAGNOSTIC,     4, -5.362368199886e-01, 1.797693134862e+308, 4.3347e+00, 4.2879e-01, 
 2DIAGNOSTIC,     5, -5.362298225819e-01, 1.797693134862e+308, 4.7056e+00, 3.7090e-01, 
 2DIAGNOSTIC,     6, -5.362252997805e-01, 1.797693134862e+308, 5.1775e+00, 4.7189e-01, 
 2DIAGNOSTIC,     7, -5.362245508049e-01, 1.797693134862e+308, 5.5087e+00, 3.3116e-01, 
