
##########################
# Experiment information #
##########################

EXPERIMENT_NAME: antsRegistration-r7-p9
VFC_BACKENDS: libinterflop_vprec.so --range-binary32=7 --precision-binary32=9 --range-binary64=7 --precision-binary64=9

SIF_IMG: /home/mdugre/projects/rrg-glatard/mdugre/containers/ants-vprec-no_metrics.simg

SUBJECT_ID: s037
INPUT_IMG: /home/mdugre/scratch/mri-registration-rp/datasets/ds004513/derivatives/mri-registration-rp/antsBrainExtraction/sub-s037/BrainExtractionBrain.nii.gz
OUTPUT_DIR: /home/mdugre/scratch/mri-registration-rp/datasets/ds004513/derivatives/mri-registration-rp/0001/antsRegistration-r7-p9/sub-s037

FIXED_IMG: /templateflow/tpl-MNI152NLin2009cAsym/tpl-MNI152NLin2009cAsym_res-01_desc-brain_T1w.nii.gz
DATA_DIR: /home/mdugre/scratch/mri-registration-rp/datasets/ds004513
TEMPLATEFLOW_DIR: /home/mdugre/projects/rrg-glatard/mdugre/templateflow
ITK_GLOBAL_DEFAULT_NUMBER_OF_THREADS: 16
##########################

Info [verificarlo]: loaded backend libinterflop_ieee.so
Info [interflop-ieee]: load backend with:
Info [interflop-ieee]: debug = false
Info [interflop-ieee]: debug-binary = false
Info [interflop-ieee]: no-backend-name = false
Info [interflop-ieee]: print-new-line = false
Info [interflop-ieee]: print-subnormal-normalized = false
Info [interflop-ieee]: count-op = false
All_Command_lines_OK
Using double precision for computations.
=============================================================================
The composite transform comprises the following transforms (in order): 
  1. Center of mass alignment using fixed image: /templateflow/tpl-MNI152NLin2009cAsym/tpl-MNI152NLin2009cAsym_res-01_desc-brain_T1w.nii.gz and moving image: /home/mdugre/scratch/mri-registration-rp/datasets/ds004513/derivatives/mri-registration-rp/antsBrainExtraction/sub-s037/BrainExtractionBrain.nii.gz (type = Euler3DTransform)
=============================================================================
  number of levels = 1
  fixed image: /templateflow/tpl-MNI152NLin2009cAsym/tpl-MNI152NLin2009cAsym_res-01_desc-brain_T1w.nii.gz
  moving image: /home/mdugre/scratch/mri-registration-rp/datasets/ds004513/derivatives/mri-registration-rp/antsBrainExtraction/sub-s037/BrainExtractionBrain.nii.gz
Dimension = 3
Number of stages = 1
Use histogram matching = false
Winsorize image intensities = true
  Lower quantile = 0.005
  Upper quantile = 0.995


Stage 1 State
   Image metric = MattesMI
     Fixed image = Image (0x44a5bd0)
  RTTI typeinfo:   itk::Image<double, 3u>
  Reference Count: 2
  Modified Time: 2330
  Debug: Off
  Object Name: 
  Observers: 
    none
  Source: (none)
  Source output name: (none)
  Release Data: Off
  Data Released: False
  Global Release Data: Off
  PipelineMTime: 0
  UpdateMTime: 1941
  RealTimeStamp: 0 seconds 
  LargestPossibleRegion: 
    Dimension: 3
    Index: [0, 0, 0]
    Size: [193, 229, 193]
  BufferedRegion: 
    Dimension: 3
    Index: [0, 0, 0]
    Size: [193, 229, 193]
  RequestedRegion: 
    Dimension: 3
    Index: [0, 0, 0]
    Size: [193, 229, 193]
  Spacing: [1, 1, 1]
  Origin: [96, 132, -78]
  Direction: 
-1 0 0
0 -1 0
0 0 1

  IndexToPointMatrix: 
-1 0 0
0 -1 0
0 0 1

  PointToIndexMatrix: 
-1 0 0
0 -1 0
0 0 1

  Inverse Direction: 
-1 0 0
0 -1 0
0 0 1

  PixelContainer: 
    ImportImageContainer (0x44ae9e0)
      RTTI typeinfo:   itk::ImportImageContainer<unsigned long, double>
      Reference Count: 1
      Modified Time: 1938
      Debug: Off
      Object Name: 
      Observers: 
        none
      Pointer: 0x14ce2fd58010
      Container manages memory: true
      Size: 8530021
      Capacity: 8530021

     Moving image = Image (0x44afd40)
  RTTI typeinfo:   itk::Image<double, 3u>
  Reference Count: 2
  Modified Time: 2331
  Debug: Off
  Object Name: 
  Observers: 
    none
  Source: (none)
  Source output name: (none)
  Release Data: Off
  Data Released: False
  Global Release Data: Off
  PipelineMTime: 0
  UpdateMTime: 2328
  RealTimeStamp: 0 seconds 
  LargestPossibleRegion: 
    Dimension: 3
    Index: [0, 0, 0]
    Size: [160, 240, 256]
  BufferedRegion: 
    Dimension: 3
    Index: [0, 0, 0]
    Size: [160, 240, 256]
  RequestedRegion: 
    Dimension: 3
    Index: [0, 0, 0]
    Size: [160, 240, 256]
  Spacing: [1, 1, 1]
  Origin: [87.9508, 102.562, -147.639]
  Direction: 
-0.998659 -0.0436121 -0.0279129
0.043595 -0.999049 0.00121847
-0.0279395 -2.65543e-08 0.99961

  IndexToPointMatrix: 
-0.998659 -0.0436121 -0.0279129
0.043595 -0.999049 0.00121847
-0.0279395 -2.65543e-08 0.99961

  PointToIndexMatrix: 
-0.998659 0.043595 -0.0279395
-0.0436121 -0.999049 -2.65517e-08
-0.0279129 0.00121847 0.99961

  Inverse Direction: 
-0.998659 0.043595 -0.0279395
-0.0436121 -0.999049 -2.65517e-08
-0.0279129 0.00121847 0.99961

  PixelContainer: 
    ImportImageContainer (0x44d5850)
      RTTI typeinfo:   itk::ImportImageContainer<unsigned long, double>
      Reference Count: 1
      Modified Time: 2325
      Debug: Off
      Object Name: 
      Observers: 
        none
      Pointer: 0x14ce2b257010
      Container manages memory: true
      Size: 9830400
      Capacity: 9830400

     Weighting = 1
     Sampling strategy = regular
     Number of bins = 32
     Radius = 4
     Sampling percentage  = 0.25
   Transform = Rigid
     Gradient step = 0.1
     Update field sigma (voxel space) = 0
     Total field sigma (voxel space) = 0
     Update field time sigma = 0
     Total field time sigma  = 0
     Number of time indices = 0
     Number of time point samples = 0
Registration using 1 total stages.

Stage 0
  iterations = 0
  convergence threshold = 1e-06
  convergence window size = 10
  number of levels = 1
  using the Mattes MI metric (number of bins = 32, weight = 1, use gradient filter = 0)
  preprocessing:  winsorizing the image intensities
  Shrink factors (level 1 out of 1): [1, 1, 1]
  smoothing sigmas per level: [0]
  regular sampling (percentage = 0.25)

*** Running Euler3DTransform registration ***

  Elapsed time (stage 0): 1.11863


Total elapsed time: 1.12072
Info [verificarlo]: loaded backend libinterflop_ieee.so
Info [interflop-ieee]: load backend with:
Info [interflop-ieee]: debug = false
Info [interflop-ieee]: debug-binary = false
Info [interflop-ieee]: no-backend-name = false
Info [interflop-ieee]: print-new-line = false
Info [interflop-ieee]: print-subnormal-normalized = false
Info [interflop-ieee]: count-op = false
All_Command_lines_OK
Using double precision for computations.
=============================================================================
The composite transform comprises the following transforms (in order): 
  1. /home/mdugre/scratch/mri-registration-rp/datasets/ds004513/derivatives/mri-registration-rp/0001/antsRegistration-r7-p9/sub-s037/align_Composite.h5[0] (type = Euler3DTransform)
  2. /home/mdugre/scratch/mri-registration-rp/datasets/ds004513/derivatives/mri-registration-rp/0001/antsRegistration-r7-p9/sub-s037/align_Composite.h5[1] (type = Euler3DTransform)
=============================================================================
  number of levels = 4
  fixed image: /templateflow/tpl-MNI152NLin2009cAsym/tpl-MNI152NLin2009cAsym_res-01_desc-brain_T1w.nii.gz
  moving image: /home/mdugre/scratch/mri-registration-rp/datasets/ds004513/derivatives/mri-registration-rp/antsBrainExtraction/sub-s037/BrainExtractionBrain.nii.gz
Dimension = 3
Number of stages = 1
Use histogram matching = false
Winsorize image intensities = true
  Lower quantile = 0.005
  Upper quantile = 0.995


Stage 1 State
   Image metric = MattesMI
     Fixed image = Image (0x45d1530)
  RTTI typeinfo:   itk::Image<double, 3u>
  Reference Count: 2
  Modified Time: 1578
  Debug: Off
  Object Name: 
  Observers: 
    none
  Source: (none)
  Source output name: (none)
  Release Data: Off
  Data Released: False
  Global Release Data: Off
  PipelineMTime: 0
  UpdateMTime: 1189
  RealTimeStamp: 0 seconds 
  LargestPossibleRegion: 
    Dimension: 3
    Index: [0, 0, 0]
    Size: [193, 229, 193]
  BufferedRegion: 
    Dimension: 3
    Index: [0, 0, 0]
    Size: [193, 229, 193]
  RequestedRegion: 
    Dimension: 3
    Index: [0, 0, 0]
    Size: [193, 229, 193]
  Spacing: [1, 1, 1]
  Origin: [96, 132, -78]
  Direction: 
-1 0 0
0 -1 0
0 0 1

  IndexToPointMatrix: 
-1 0 0
0 -1 0
0 0 1

  PointToIndexMatrix: 
-1 0 0
0 -1 0
0 0 1

  Inverse Direction: 
-1 0 0
0 -1 0
0 0 1

  PixelContainer: 
    ImportImageContainer (0x468fd60)
      RTTI typeinfo:   itk::ImportImageContainer<unsigned long, double>
      Reference Count: 1
      Modified Time: 1186
      Debug: Off
      Object Name: 
      Observers: 
        none
      Pointer: 0x1472d3d65010
      Container manages memory: true
      Size: 8530021
      Capacity: 8530021

     Moving image = Image (0x4681f60)
  RTTI typeinfo:   itk::Image<double, 3u>
  Reference Count: 2
  Modified Time: 1579
  Debug: Off
  Object Name: 
  Observers: 
    none
  Source: (none)
  Source output name: (none)
  Release Data: Off
  Data Released: False
  Global Release Data: Off
  PipelineMTime: 0
  UpdateMTime: 1576
  RealTimeStamp: 0 seconds 
  LargestPossibleRegion: 
    Dimension: 3
    Index: [0, 0, 0]
    Size: [160, 240, 256]
  BufferedRegion: 
    Dimension: 3
    Index: [0, 0, 0]
    Size: [160, 240, 256]
  RequestedRegion: 
    Dimension: 3
    Index: [0, 0, 0]
    Size: [160, 240, 256]
  Spacing: [1, 1, 1]
  Origin: [87.9508, 102.562, -147.639]
  Direction: 
-0.998659 -0.0436121 -0.0279129
0.043595 -0.999049 0.00121847
-0.0279395 -2.65543e-08 0.99961

  IndexToPointMatrix: 
-0.998659 -0.0436121 -0.0279129
0.043595 -0.999049 0.00121847
-0.0279395 -2.65543e-08 0.99961

  PointToIndexMatrix: 
-0.998659 0.043595 -0.0279395
-0.0436121 -0.999049 -2.65517e-08
-0.0279129 0.00121847 0.99961

  Inverse Direction: 
-0.998659 0.043595 -0.0279395
-0.0436121 -0.999049 -2.65517e-08
-0.0279129 0.00121847 0.99961

  PixelContainer: 
    ImportImageContainer (0x46736d0)
      RTTI typeinfo:   itk::ImportImageContainer<unsigned long, double>
      Reference Count: 1
      Modified Time: 1573
      Debug: Off
      Object Name: 
      Observers: 
        none
      Pointer: 0x1472cf264010
      Container manages memory: true
      Size: 9830400
      Capacity: 9830400

     Weighting = 1
     Sampling strategy = regular
     Number of bins = 32
     Radius = 4
     Sampling percentage  = 0.25
   Transform = Rigid
     Gradient step = 0.1
     Update field sigma (voxel space) = 0
     Total field sigma (voxel space) = 0
     Update field time sigma = 0
     Total field time sigma  = 0
     Number of time indices = 0
     Number of time point samples = 0
Registration using 1 total stages.

Stage 0
  iterations = 1000x500x250x100
  convergence threshold = 1e-06
  convergence window size = 10
  number of levels = 4
  using the Mattes MI metric (number of bins = 32, weight = 1, use gradient filter = 0)
  preprocessing:  winsorizing the image intensities
  Shrink factors (level 1 out of 4): [8, 8, 8]
  Shrink factors (level 2 out of 4): [4, 4, 4]
  Shrink factors (level 3 out of 4): [2, 2, 2]
  Shrink factors (level 4 out of 4): [1, 1, 1]
  smoothing sigmas per level: [3, 2, 1, 0]
  regular sampling (percentage = 0.25)

*** Running Euler3DTransform registration ***

DIAGNOSTIC,Iteration,metricValue,convergenceValue,ITERATION_TIME_INDEX,SINCE_LAST
 2DIAGNOSTIC,     1, -4.299060189477e-01, 1.797693134862e+308, 6.3083e-01, 6.3083e-01, 
 2DIAGNOSTIC,     2, -4.311703807429e-01, 1.797693134862e+308, 6.3462e-01, 3.7880e-03, 
 2DIAGNOSTIC,     3, -4.334997061176e-01, 1.797693134862e+308, 6.3851e-01, 3.8910e-03, 
 2DIAGNOSTIC,     4, -4.389575130370e-01, 1.797693134862e+308, 6.4273e-01, 4.2131e-03, 
 2DIAGNOSTIC,     5, -4.438813134482e-01, 1.797693134862e+308, 6.4658e-01, 3.8581e-03, 
 2DIAGNOSTIC,     6, -4.461495460377e-01, 1.797693134862e+308, 6.5078e-01, 4.1981e-03, 
 2DIAGNOSTIC,     7, -4.511407144429e-01, 1.797693134862e+308, 6.5522e-01, 4.4372e-03, 
 2DIAGNOSTIC,     8, -4.667812032718e-01, 1.797693134862e+308, 6.6023e-01, 5.0068e-03, 
 2DIAGNOSTIC,     9, -4.753090114372e-01, 1.797693134862e+308, 6.6437e-01, 4.1409e-03, 
 2DIAGNOSTIC,    10, -4.802481719655e-01, 7.481707542057e-03, 6.6870e-01, 4.3349e-03, 
 2DIAGNOSTIC,    11, -4.821261368877e-01, 7.356704266140e-03, 6.7274e-01, 4.0340e-03, 
 2DIAGNOSTIC,    12, -4.837491005317e-01, 6.749992380108e-03, 6.7835e-01, 5.6159e-03, 
 2DIAGNOSTIC,    13, -5.028244927621e-01, 6.622215038794e-03, 6.8499e-01, 6.6381e-03, 
 2DIAGNOSTIC,    14, -5.042109134414e-01, 6.183615245770e-03, 6.8928e-01, 4.2911e-03, 
 2DIAGNOSTIC,    15, -5.066116081883e-01, 5.558135432503e-03, 6.9388e-01, 4.6020e-03, 
 2DIAGNOSTIC,    16, -5.083451635962e-01, 4.676295421839e-03, 6.9793e-01, 4.0469e-03, 
 2DIAGNOSTIC,    17, -5.184993492502e-01, 3.998770500434e-03, 7.0412e-01, 6.1951e-03, 
 2DIAGNOSTIC,    18, -5.256348856021e-01, 3.769024583755e-03, 7.0853e-01, 4.4079e-03, 
 2DIAGNOSTIC,    19, -5.260487279899e-01, 3.491513212194e-03, 7.1321e-01, 4.6799e-03, 
 2DIAGNOSTIC,    20, -5.292109542084e-01, 3.174906851826e-03, 7.1768e-01, 4.4658e-03, 
 2DIAGNOSTIC,    21, -5.301818241901e-01, 2.681599994715e-03, 7.2177e-01, 4.0879e-03, 
 2DIAGNOSTIC,    22, -5.312241339177e-01, 2.041188700319e-03, 7.2619e-01, 4.4239e-03, 
 2DIAGNOSTIC,    23, -5.321371292550e-01, 1.776978951304e-03, 7.3159e-01, 5.3968e-03, 
 2DIAGNOSTIC,    24, -5.330747169195e-01, 1.429097682458e-03, 7.3573e-01, 4.1449e-03, 
 2DIAGNOSTIC,    25, -5.340979397705e-01, 1.060387100383e-03, 7.4038e-01, 4.6511e-03, 
 2DIAGNOSTIC,    26, -5.353301691713e-01, 6.839342217577e-04, 7.4590e-01, 5.5132e-03, 
 2DIAGNOSTIC,    27, -5.359877727349e-01, 5.005574753060e-04, 7.4991e-01, 4.0181e-03, 
 2DIAGNOSTIC,    28, -5.363338772827e-01, 4.385706084980e-04, 7.5396e-01, 4.0469e-03, 
 2DIAGNOSTIC,    29, -5.373050625976e-01, 3.660291122951e-04, 7.5808e-01, 4.1239e-03, 
 2DIAGNOSTIC,    30, -5.398201314442e-01, 3.715995840679e-04, 7.6282e-01, 4.7381e-03, 
 2DIAGNOSTIC,    31, -5.446422123461e-01, 4.465290513384e-04, 7.7203e-01, 9.2089e-03, 
 2DIAGNOSTIC,    32, -5.446646738097e-01, 4.912683052075e-04, 7.7611e-01, 4.0789e-03, 
 2DIAGNOSTIC,    33, -5.447648012257e-01, 5.056530322143e-04, 7.8014e-01, 4.0329e-03, 
 2DIAGNOSTIC,    34, -5.449311865352e-01, 4.904182888096e-04, 7.8415e-01, 4.0102e-03, 
 2DIAGNOSTIC,    35, -5.452045907325e-01, 4.491620247088e-04, 7.8817e-01, 4.0140e-03, 
 2DIAGNOSTIC,    36, -5.456974766300e-01, 3.933153844798e-04, 7.9217e-01, 4.0059e-03, 
 2DIAGNOSTIC,    37, -5.462998560146e-01, 3.227910538743e-04, 7.9622e-01, 4.0500e-03, 
 2DIAGNOSTIC,    38, -5.470544375777e-01, 2.429332305197e-04, 8.0023e-01, 4.0030e-03, 
 2DIAGNOSTIC,    39, -5.483333803656e-01, 1.763330456411e-04, 8.0472e-01, 4.4940e-03, 
 2DIAGNOSTIC,    40, -5.485725975856e-01, 1.327579583859e-04, 8.0877e-01, 4.0538e-03, 
 2DIAGNOSTIC,    41, -5.488485838351e-01, 1.482688860376e-04, 8.1326e-01, 4.4880e-03, 
 2DIAGNOSTIC,    42, -5.491459317428e-01, 1.532225422487e-04, 8.1735e-01, 4.0889e-03, 
 2DIAGNOSTIC,    43, -5.502486521091e-01, 1.587099032395e-04, 8.2211e-01, 4.7619e-03, 
 2DIAGNOSTIC,    44, -5.634809147190e-01, 3.167363482544e-04, 8.2821e-01, 6.0940e-03, 
 2DIAGNOSTIC,    45, -5.665238786625e-01, 4.730712308186e-04, 8.3290e-01, 4.6890e-03, 
 2DIAGNOSTIC,    46, -5.687130210099e-01, 6.100592790336e-04, 8.3765e-01, 4.7529e-03, 
 2DIAGNOSTIC,    47, -5.691573709375e-01, 6.967307199245e-04, 8.4222e-01, 4.5662e-03, 
 2DIAGNOSTIC,    48, -5.694208855777e-01, 7.241328361735e-04, 8.4627e-01, 4.0581e-03, 
 2DIAGNOSTIC,    49, -5.697320308243e-01, 6.966059734089e-04, 8.5085e-01, 4.5769e-03, 
 2DIAGNOSTIC,    50, -5.705166979832e-01, 6.138447773568e-04, 8.5492e-01, 4.0660e-03, 
 2DIAGNOSTIC,    51, -5.708541855089e-01, 4.841686048881e-04, 8.5900e-01, 4.0810e-03, 
 2DIAGNOSTIC,    52, -5.718251926317e-01, 3.286416135195e-04, 8.6492e-01, 5.9268e-03, 
 2DIAGNOSTIC,    53, -5.722640413008e-01, 1.605725030255e-04, 8.6939e-01, 4.4630e-03, 
 2DIAGNOSTIC,    54, -5.725232014554e-01, 1.188655731825e-04, 8.7382e-01, 4.4320e-03, 
 2DIAGNOSTIC,    55, -5.725670359951e-01, 9.731721146426e-05, 8.7826e-01, 4.4382e-03, 
 2DIAGNOSTIC,    56, -5.725772922323e-01, 8.848491519707e-05, 8.8229e-01, 4.0281e-03, 
 2DIAGNOSTIC,    57, -5.729578094679e-01, 7.931134168782e-05, 8.8625e-01, 3.9659e-03, 
 2DIAGNOSTIC,    58, -5.737715600460e-01, 7.278329947907e-05, 8.9072e-01, 4.4651e-03, 
 2DIAGNOSTIC,    59, -5.745666040804e-01, 6.940020017220e-05, 8.9567e-01, 4.9582e-03, 
 2DIAGNOSTIC,    60, -5.751270338613e-01, 7.157792858018e-05, 8.9971e-01, 4.0400e-03, 
 2DIAGNOSTIC,    61, -5.758132961150e-01, 7.574040788875e-05, 9.0376e-01, 4.0419e-03, 
 2DIAGNOSTIC,    62, -5.776418195469e-01, 9.655622717980e-05, 9.0880e-01, 5.0430e-03, 
 2DIAGNOSTIC,    63, -5.791529706031e-01, 1.234674189662e-04, 9.1327e-01, 4.4718e-03, 
 2DIAGNOSTIC,    64, -5.794574255730e-01, 1.421503872156e-04, 9.1725e-01, 3.9809e-03, 
 2DIAGNOSTIC,    65, -5.798561668485e-01, 1.505613467101e-04, 9.2122e-01, 3.9721e-03, 
 2DIAGNOSTIC,    66, -5.807796783970e-01, 1.518594382420e-04, 9.2529e-01, 4.0691e-03, 
 2DIAGNOSTIC,    67, -5.827091995413e-01, 1.564042087423e-04, 9.3081e-01, 5.5182e-03, 
 2DIAGNOSTIC,    68, -5.834611635409e-01, 1.574337081281e-04, 9.3626e-01, 5.4450e-03, 
 2DIAGNOSTIC,    69, -5.834543318307e-01, 1.495870056765e-04, 9.4069e-01, 4.4329e-03, 
 2DIAGNOSTIC,    70, -5.834855109698e-01, 1.325321381036e-04, 9.4466e-01, 3.9690e-03, 
 2DIAGNOSTIC,    71, -5.834271111362e-01, 1.076456724516e-04, 9.4868e-01, 4.0231e-03, 
 2DIAGNOSTIC,    72, -5.834568058699e-01, 8.631140148780e-05, 9.5267e-01, 3.9909e-03, 
 2DIAGNOSTIC,    73, -5.836029934634e-01, 6.925353967880e-05, 9.5664e-01, 3.9651e-03, 
 2DIAGNOSTIC,    74, -5.836552263746e-01, 4.877500204341e-05, 9.6109e-01, 4.4510e-03, 
 2DIAGNOSTIC,    75, -5.839335476585e-01, 2.905148160326e-05, 9.6581e-01, 4.7181e-03, 
 2DIAGNOSTIC,    76, -5.841446723678e-01, 1.463694584936e-05, 9.7132e-01, 5.5110e-03, 
 2DIAGNOSTIC,    77, -5.840993226221e-01, 1.195759786056e-05, 9.7543e-01, 4.1120e-03, 
 2DIAGNOSTIC,    78, -5.840415614718e-01, 1.295017386870e-05, 9.7953e-01, 4.0979e-03, 
 2DIAGNOSTIC,    79, -5.840045447326e-01, 1.242388890016e-05, 9.8358e-01, 4.0541e-03, 
 2DIAGNOSTIC,    80, -5.841368044625e-01, 1.181449381315e-05, 9.8811e-01, 4.5331e-03, 
 2DIAGNOSTIC,    81, -5.844357853450e-01, 1.162641981875e-05, 9.9411e-01, 5.9979e-03, 
 2DIAGNOSTIC,    82, -5.844978255200e-01, 1.090605515747e-05, 9.9863e-01, 4.5190e-03, 
 2DIAGNOSTIC,    83, -5.845147128660e-01, 1.028487738967e-05, 1.0027e+00, 4.0600e-03, 
 2DIAGNOSTIC,    84, -5.845440013189e-01, 9.228535982134e-06, 1.0068e+00, 4.1440e-03, 
 2DIAGNOSTIC,    85, -5.846061228199e-01, 9.372340828645e-06, 1.0109e+00, 4.0581e-03, 
 2DIAGNOSTIC,    86, -5.848580826897e-01, 1.141042225175e-05, 1.0149e+00, 4.0531e-03, 
 2DIAGNOSTIC,    87, -5.853256315782e-01, 1.483213576381e-05, 1.0200e+00, 5.0230e-03, 
 2DIAGNOSTIC,    88, -5.854307257080e-01, 1.704074401269e-05, 1.0245e+00, 4.5531e-03, 
 2DIAGNOSTIC,    89, -5.854993415763e-01, 1.781090070275e-05, 1.0287e+00, 4.1411e-03, 
 2DIAGNOSTIC,    90, -5.860113940639e-01, 2.058120561340e-05, 1.0333e+00, 4.6790e-03, 
 2DIAGNOSTIC,    91, -5.864913758730e-01, 2.566550586239e-05, 1.0400e+00, 6.6199e-03, 
 2DIAGNOSTIC,    92, -5.865436776705e-01, 2.874763343457e-05, 1.0441e+00, 4.1468e-03, 
 2DIAGNOSTIC,    93, -5.869971279875e-01, 3.170745723556e-05, 1.0487e+00, 4.5810e-03, 
 2DIAGNOSTIC,    94, -5.872960839089e-01, 3.338219633363e-05, 1.0547e+00, 6.0201e-03, 
 2DIAGNOSTIC,    95, -5.872974520480e-01, 3.210176739588e-05, 1.0588e+00, 4.0500e-03, 
 2DIAGNOSTIC,    96, -5.872295739312e-01, 2.871562112893e-05, 1.0628e+00, 4.0350e-03, 
 2DIAGNOSTIC,    97, -5.872373772126e-01, 2.523860638175e-05, 1.0673e+00, 4.5261e-03, 
 2DIAGNOSTIC,    98, -5.872377244544e-01, 1.999575111622e-05, 1.0733e+00, 6.0081e-03, 
 2DIAGNOSTIC,    99, -5.872377271901e-01, 1.323975116254e-05, 1.0779e+00, 4.5469e-03, 
 2DIAGNOSTIC,   100, -5.872377300694e-01, 7.986883079828e-06, 1.0819e+00, 4.0128e-03, 
 2DIAGNOSTIC,   101, -5.872377374283e-01, 4.604702247368e-06, 1.0860e+00, 4.0808e-03, 
 2DIAGNOSTIC,   102, -5.872377595917e-01, 1.097325891306e-06, 1.0900e+00, 4.0269e-03, 
DIAGNOSTIC,Iteration,metricValue,convergenceValue,ITERATION_TIME_INDEX,SINCE_LAST
 2DIAGNOSTIC,     1, -4.735236359183e-01, 1.797693134862e+308, 1.7827e+00, 6.9266e-01, 
 2DIAGNOSTIC,     2, -4.742122779224e-01, 1.797693134862e+308, 1.8106e+00, 2.7919e-02, 
 2DIAGNOSTIC,     3, -4.753598350532e-01, 1.797693134862e+308, 1.8387e+00, 2.8079e-02, 
 2DIAGNOSTIC,     4, -4.773930762458e-01, 1.797693134862e+308, 1.8659e+00, 2.7218e-02, 
 2DIAGNOSTIC,     5, -4.805218917877e-01, 1.797693134862e+308, 1.8945e+00, 2.8660e-02, 
 2DIAGNOSTIC,     6, -4.823306317953e-01, 1.797693134862e+308, 1.9272e+00, 3.2715e-02, 
 2DIAGNOSTIC,     7, -4.831989176164e-01, 1.797693134862e+308, 1.9591e+00, 3.1899e-02, 
 2DIAGNOSTIC,     8, -4.832641883234e-01, 1.797693134862e+308, 1.9863e+00, 2.7108e-02, 
 2DIAGNOSTIC,     9, -4.835562292632e-01, 1.797693134862e+308, 2.0116e+00, 2.5349e-02, 
 2DIAGNOSTIC,    10, -4.850675457766e-01, 1.677362560129e-03, 2.0490e+00, 3.7364e-02, 
 2DIAGNOSTIC,    11, -4.861035835588e-01, 1.407828321534e-03, 2.0808e+00, 3.1788e-02, 
 2DIAGNOSTIC,    12, -4.863958625645e-01, 1.106816616636e-03, 2.1072e+00, 2.6482e-02, 
 2DIAGNOSTIC,    13, -4.868035935722e-01, 8.250450292044e-04, 2.1347e+00, 2.7491e-02, 
 2DIAGNOSTIC,    14, -4.878049695039e-01, 6.347217803942e-04, 2.1649e+00, 3.0138e-02, 
 2DIAGNOSTIC,    15, -4.886419111474e-01, 5.646063796118e-04, 2.1981e+00, 3.3230e-02, 
 2DIAGNOSTIC,    16, -4.891649180229e-01, 5.358046465221e-04, 2.2344e+00, 3.6284e-02, 
 2DIAGNOSTIC,    17, -4.895184164546e-01, 5.045386261014e-04, 2.2637e+00, 2.9336e-02, 
 2DIAGNOSTIC,    18, -4.896798257823e-01, 4.385951190136e-04, 2.2922e+00, 2.8511e-02, 
 2DIAGNOSTIC,    19, -4.897389185819e-01, 3.488602987435e-04, 2.3206e+00, 2.8342e-02, 
 2DIAGNOSTIC,    20, -4.902423565599e-01, 2.941094465011e-04, 2.3530e+00, 3.2458e-02, 
 2DIAGNOSTIC,    21, -4.903816226444e-01, 2.499150984347e-04, 2.3851e+00, 3.2107e-02, 
 2DIAGNOSTIC,    22, -4.904344998633e-01, 1.960333511679e-04, 2.4143e+00, 2.9130e-02, 
 2DIAGNOSTIC,    23, -4.904889127648e-01, 1.403171406460e-04, 2.4441e+00, 2.9842e-02, 
 2DIAGNOSTIC,    24, -4.905612485357e-01, 1.021411634302e-04, 2.4747e+00, 3.0616e-02, 
 2DIAGNOSTIC,    25, -4.905969692286e-01, 7.760958003392e-05, 2.5004e+00, 2.5667e-02, 
 2DIAGNOSTIC,    26, -4.906242273089e-01, 5.994951443945e-05, 2.5254e+00, 2.4973e-02, 
 2DIAGNOSTIC,    27, -4.908257642708e-01, 5.018419061432e-05, 2.5507e+00, 2.5365e-02, 
 2DIAGNOSTIC,    28, -4.913099534673e-01, 4.999450907190e-05, 2.5979e+00, 4.7147e-02, 
 2DIAGNOSTIC,    29, -4.913244190972e-01, 4.619684257567e-05, 2.6277e+00, 2.9870e-02, 
 2DIAGNOSTIC,    30, -4.913193726703e-01, 4.820381592290e-05, 2.6535e+00, 2.5736e-02, 
 2DIAGNOSTIC,    31, -4.913141335575e-01, 4.828086408895e-05, 2.6818e+00, 2.8340e-02, 
 2DIAGNOSTIC,    32, -4.913183957409e-01, 4.482719375123e-05, 2.7091e+00, 2.7329e-02, 
 2DIAGNOSTIC,    33, -4.913520626454e-01, 3.880269045370e-05, 2.7346e+00, 2.5455e-02, 
 2DIAGNOSTIC,    34, -4.913796963075e-01, 3.125362503294e-05, 2.7636e+00, 2.8978e-02, 
 2DIAGNOSTIC,    35, -4.914584433969e-01, 2.332346493901e-05, 2.8059e+00, 4.2272e-02, 
 2DIAGNOSTIC,    36, -4.914762176032e-01, 1.442120173968e-05, 2.8391e+00, 3.3265e-02, 
 2DIAGNOSTIC,    37, -4.914797418688e-01, 7.743066179434e-06, 2.8652e+00, 2.6054e-02, 
 2DIAGNOSTIC,    38, -4.915079302089e-01, 8.629166545940e-06, 2.8966e+00, 3.1413e-02, 
 2DIAGNOSTIC,    39, -4.915189416814e-01, 9.090341798610e-06, 2.9219e+00, 2.5281e-02, 
 2DIAGNOSTIC,    40, -4.915590454184e-01, 9.240998113003e-06, 2.9544e+00, 3.2545e-02, 
 2DIAGNOSTIC,    41, -4.916040686161e-01, 9.138345338958e-06, 2.9841e+00, 2.9645e-02, 
 2DIAGNOSTIC,    42, -4.916612493158e-01, 9.092281230832e-06, 3.0090e+00, 2.4979e-02, 
 2DIAGNOSTIC,    43, -4.919447781124e-01, 1.254238389506e-05, 3.0344e+00, 2.5377e-02, 
 2DIAGNOSTIC,    44, -4.920907094867e-01, 1.688345447985e-05, 3.0666e+00, 3.2172e-02, 
 2DIAGNOSTIC,    45, -4.922303028415e-01, 2.230095014327e-05, 3.1025e+00, 3.5940e-02, 
 2DIAGNOSTIC,    46, -4.924536331048e-01, 2.848785078564e-05, 3.1452e+00, 4.2722e-02, 
 2DIAGNOSTIC,    47, -4.924848788888e-01, 3.212340875939e-05, 3.1734e+00, 2.8156e-02, 
 2DIAGNOSTIC,    48, -4.927448425822e-01, 3.608153112023e-05, 3.2015e+00, 2.8079e-02, 
 2DIAGNOSTIC,    49, -4.928531094032e-01, 3.781532981683e-05, 3.2298e+00, 2.8292e-02, 
 2DIAGNOSTIC,    50, -4.929068968725e-01, 3.701950140721e-05, 3.2579e+00, 2.8137e-02, 
 2DIAGNOSTIC,    51, -4.929928286372e-01, 3.430336913551e-05, 3.2897e+00, 3.1753e-02, 
 2DIAGNOSTIC,    52, -4.931957526619e-01, 3.129861480580e-05, 3.3395e+00, 4.9791e-02, 
 2DIAGNOSTIC,    53, -4.931853937791e-01, 2.837703483731e-05, 3.3716e+00, 3.2190e-02, 
 2DIAGNOSTIC,    54, -4.931955301062e-01, 2.458258901152e-05, 3.4072e+00, 3.5572e-02, 
 2DIAGNOSTIC,    55, -4.931929638566e-01, 2.006638513213e-05, 3.4353e+00, 2.8091e-02, 
 2DIAGNOSTIC,    56, -4.931856550665e-01, 1.609999445897e-05, 3.4639e+00, 2.8635e-02, 
 2DIAGNOSTIC,    57, -4.932039755338e-01, 1.119924011149e-05, 3.4959e+00, 3.1911e-02, 
 2DIAGNOSTIC,    58, -4.932011540016e-01, 7.998912945156e-06, 3.5274e+00, 3.1528e-02, 
 2DIAGNOSTIC,    59, -4.931975538311e-01, 5.250776457761e-06, 3.5555e+00, 2.8129e-02, 
 2DIAGNOSTIC,    60, -4.932110906924e-01, 2.796045757956e-06, 3.5832e+00, 2.7702e-02, 
 2DIAGNOSTIC,    61, -4.932266822017e-01, 1.112441474931e-06, 3.6121e+00, 2.8891e-02, 
 2DIAGNOSTIC,    62, -4.932747254805e-01, 1.775350704787e-06, 3.6439e+00, 3.1807e-02, 
 2DIAGNOSTIC,    63, -4.932820390687e-01, 2.254839238248e-06, 3.6724e+00, 2.8485e-02, 
 2DIAGNOSTIC,    64, -4.932926425510e-01, 2.747668756135e-06, 3.7036e+00, 3.1163e-02, 
 2DIAGNOSTIC,    65, -4.933068018659e-01, 3.118432687844e-06, 3.7320e+00, 2.8430e-02, 
 2DIAGNOSTIC,    66, -4.933162862196e-01, 3.232944516249e-06, 3.7626e+00, 3.0651e-02, 
 2DIAGNOSTIC,    67, -4.933289939726e-01, 3.343162216160e-06, 3.7942e+00, 3.1544e-02, 
 2DIAGNOSTIC,    68, -4.933407012552e-01, 3.251204635291e-06, 3.8207e+00, 2.6545e-02, 
 2DIAGNOSTIC,    69, -4.933379617320e-01, 2.843156692033e-06, 3.8493e+00, 2.8556e-02, 
 2DIAGNOSTIC,    70, -4.933900036516e-01, 2.764003383565e-06, 3.8815e+00, 3.2246e-02, 
 2DIAGNOSTIC,    71, -4.934168111776e-01, 2.788970457543e-06, 3.9118e+00, 3.0264e-02, 
 2DIAGNOSTIC,    72, -4.934035852203e-01, 2.865604167497e-06, 3.9404e+00, 2.8608e-02, 
 2DIAGNOSTIC,    73, -4.934300049963e-01, 2.985213647017e-06, 3.9685e+00, 2.8124e-02, 
 2DIAGNOSTIC,    74, -4.934309279777e-01, 2.940277877492e-06, 4.0090e+00, 4.0429e-02, 
 2DIAGNOSTIC,    75, -4.934234655754e-01, 2.700011763680e-06, 4.0344e+00, 2.5436e-02, 
 2DIAGNOSTIC,    76, -4.934391317279e-01, 2.436981612184e-06, 4.0590e+00, 2.4640e-02, 
 2DIAGNOSTIC,    77, -4.934471041271e-01, 2.141800137117e-06, 4.0895e+00, 3.0464e-02, 
 2DIAGNOSTIC,    78, -4.934472527845e-01, 1.780039997580e-06, 4.1183e+00, 2.8773e-02, 
 2DIAGNOSTIC,    79, -4.934399033124e-01, 1.212959511434e-06, 4.1498e+00, 3.1514e-02, 
 2DIAGNOSTIC,    80, -4.934480187560e-01, 1.017319713711e-06, 4.1840e+00, 3.4223e-02, 
DIAGNOSTIC,Iteration,metricValue,convergenceValue,ITERATION_TIME_INDEX,SINCE_LAST
 2DIAGNOSTIC,     1, -4.341229334984e-01, 1.797693134862e+308, 5.1922e+00, 1.0082e+00, 
 2DIAGNOSTIC,     2, -4.343020443598e-01, 1.797693134862e+308, 5.4407e+00, 2.4847e-01, 
 2DIAGNOSTIC,     3, -4.343995523633e-01, 1.797693134862e+308, 5.6682e+00, 2.2757e-01, 
 2DIAGNOSTIC,     4, -4.345251549318e-01, 1.797693134862e+308, 5.8922e+00, 2.2398e-01, 
 2DIAGNOSTIC,     5, -4.346059831847e-01, 1.797693134862e+308, 6.1661e+00, 2.7385e-01, 
 2DIAGNOSTIC,     6, -4.346541499227e-01, 1.797693134862e+308, 6.4599e+00, 2.9386e-01, 
 2DIAGNOSTIC,     7, -4.347092651988e-01, 1.797693134862e+308, 6.7142e+00, 2.5428e-01, 
 2DIAGNOSTIC,     8, -4.348152118261e-01, 1.797693134862e+308, 6.9680e+00, 2.5379e-01, 
 2DIAGNOSTIC,     9, -4.348356515172e-01, 1.797693134862e+308, 7.2166e+00, 2.4862e-01, 
 2DIAGNOSTIC,    10, -4.348774636343e-01, 1.082401212518e-04, 7.5004e+00, 2.8377e-01, 
 2DIAGNOSTIC,    11, -4.348728933166e-01, 8.095713637726e-05, 7.7767e+00, 2.7636e-01, 
 2DIAGNOSTIC,    12, -4.348705674952e-01, 6.083058595444e-05, 8.0287e+00, 2.5201e-01, 
 2DIAGNOSTIC,    13, -4.348697721364e-01, 4.325179321432e-05, 8.2799e+00, 2.5117e-01, 
 2DIAGNOSTIC,    14, -4.348687736894e-01, 3.021402898119e-05, 8.5175e+00, 2.3761e-01, 
 2DIAGNOSTIC,    15, -4.348677033402e-01, 1.985114288709e-05, 8.7139e+00, 1.9639e-01, 
 2DIAGNOSTIC,    16, -4.348669245951e-01, 1.109335649596e-05, 8.9411e+00, 2.2723e-01, 
 2DIAGNOSTIC,    17, -4.348686114609e-01, 4.633566448413e-06, 9.1800e+00, 2.3891e-01, 
 2DIAGNOSTIC,    18, -4.348676050105e-01, 2.440810529518e-06, 9.4087e+00, 2.2863e-01, 
 2DIAGNOSTIC,    19, -4.348665329889e-01, 1.040630837695e-06, 9.6249e+00, 2.1623e-01, 
 2DIAGNOSTIC,    20, -4.348681853506e-01, 1.265480483494e-06, 9.8626e+00, 2.3770e-01, 
 2DIAGNOSTIC,    21, -4.348707103679e-01, 1.434781396338e-06, 1.0117e+01, 2.5401e-01, 
 2DIAGNOSTIC,    22, -4.348702917509e-01, 1.511727438279e-06, 1.0345e+01, 2.2859e-01, 
 2DIAGNOSTIC,    23, -4.348699328309e-01, 1.545527541488e-06, 1.0579e+01, 2.3381e-01, 
 2DIAGNOSTIC,    24, -4.348706373487e-01, 1.556327772899e-06, 1.0832e+01, 2.5296e-01, 
 2DIAGNOSTIC,    25, -4.348690828220e-01, 1.474975235567e-06, 1.1089e+01, 2.5701e-01, 
 2DIAGNOSTIC,    26, -4.348701771326e-01, 1.386829214245e-06, 1.1333e+01, 2.4402e-01, 
 2DIAGNOSTIC,    27, -4.348733444106e-01, 1.407457182717e-06, 1.1583e+01, 2.5049e-01, 
 2DIAGNOSTIC,    28, -4.348737228818e-01, 1.390210446192e-06, 1.1811e+01, 2.2762e-01, 
 2DIAGNOSTIC,    29, -4.348742333619e-01, 1.337895924686e-06, 1.2008e+01, 1.9649e-01, 
 2DIAGNOSTIC,    30, -4.348780403897e-01, 1.384775865462e-06, 1.2205e+01, 1.9731e-01, 
 2DIAGNOSTIC,    31, -4.348786145602e-01, 1.461144127191e-06, 1.2430e+01, 2.2460e-01, 
 2DIAGNOSTIC,    32, -4.348821668882e-01, 1.554982653661e-06, 1.2639e+01, 2.0985e-01, 
 2DIAGNOSTIC,    33, -4.348864147125e-01, 1.665514805932e-06, 1.2872e+01, 2.3223e-01, 
 2DIAGNOSTIC,    34, -4.348850316697e-01, 1.690216589918e-06, 1.3061e+01, 1.8982e-01, 
 2DIAGNOSTIC,    35, -4.348963402902e-01, 1.825724173361e-06, 1.3289e+01, 2.2750e-01, 
 2DIAGNOSTIC,    36, -4.349012238951e-01, 1.968057121684e-06, 1.3501e+01, 2.1236e-01, 
 2DIAGNOSTIC,    37, -4.349026322556e-01, 2.079516030568e-06, 1.3725e+01, 2.2332e-01, 
 2DIAGNOSTIC,    38, -4.349068421664e-01, 2.150692711755e-06, 1.3951e+01, 2.2610e-01, 
 2DIAGNOSTIC,    39, -4.349051532298e-01, 2.071560369330e-06, 1.4189e+01, 2.3825e-01, 
 2DIAGNOSTIC,    40, -4.349082002848e-01, 1.988853179435e-06, 1.4403e+01, 2.1411e-01, 
 2DIAGNOSTIC,    41, -4.349056220134e-01, 1.760483617923e-06, 1.4617e+01, 2.1402e-01, 
 2DIAGNOSTIC,    42, -4.349105678056e-01, 1.582344412703e-06, 1.4858e+01, 2.4125e-01, 
 2DIAGNOSTIC,    43, -4.349156317920e-01, 1.476192854837e-06, 1.5103e+01, 2.4486e-01, 
 2DIAGNOSTIC,    44, -4.349181439877e-01, 1.315784047221e-06, 1.5324e+01, 2.2096e-01, 
 2DIAGNOSTIC,    45, -4.349205585035e-01, 1.304861939118e-06, 1.5545e+01, 2.2078e-01, 
 2DIAGNOSTIC,    46, -4.349195222677e-01, 1.292448078592e-06, 1.5725e+01, 1.7990e-01, 
 2DIAGNOSTIC,    47, -4.349267692089e-01, 1.342236810309e-06, 1.5943e+01, 2.1799e-01, 
 2DIAGNOSTIC,    48, -4.349387896252e-01, 1.543821331058e-06, 1.6154e+01, 2.1134e-01, 
 2DIAGNOSTIC,    49, -4.349641377206e-01, 1.963248979418e-06, 1.6415e+01, 2.6073e-01, 
 2DIAGNOSTIC,    50, -4.349745721286e-01, 2.412355248487e-06, 1.6612e+01, 1.9722e-01, 
 2DIAGNOSTIC,    51, -4.350110795518e-01, 3.110186671498e-06, 1.6873e+01, 2.6068e-01, 
 2DIAGNOSTIC,    52, -4.350114088656e-01, 3.599601479252e-06, 1.7086e+01, 2.1289e-01, 
 2DIAGNOSTIC,    53, -4.350171012303e-01, 3.919114301483e-06, 1.7301e+01, 2.1534e-01, 
 2DIAGNOSTIC,    54, -4.350153264796e-01, 3.916634504199e-06, 1.7497e+01, 1.9629e-01, 
 2DIAGNOSTIC,    55, -4.350227815313e-01, 3.712324507372e-06, 1.7742e+01, 2.4453e-01, 
 2DIAGNOSTIC,    56, -4.350195906958e-01, 3.159709206425e-06, 1.7961e+01, 2.1927e-01, 
 2DIAGNOSTIC,    57, -4.350229967172e-01, 2.500967726370e-06, 1.8212e+01, 2.5068e-01, 
 2DIAGNOSTIC,    58, -4.350235575443e-01, 1.818729369819e-06, 1.8412e+01, 2.0027e-01, 
 2DIAGNOSTIC,    59, -4.350312554525e-01, 1.404666626799e-06, 1.8700e+01, 2.8835e-01, 
 2DIAGNOSTIC,    60, -4.350346452699e-01, 1.058528408312e-06, 1.8918e+01, 2.1710e-01, 
 2DIAGNOSTIC,    61, -4.350330396743e-01, 1.047386991519e-06, 1.9165e+01, 2.4724e-01, 
DIAGNOSTIC,Iteration,metricValue,convergenceValue,ITERATION_TIME_INDEX,SINCE_LAST
 2DIAGNOSTIC,     1, -4.016158997250e-01, 1.797693134862e+308, 2.1571e+01, 2.4058e+00, 
 2DIAGNOSTIC,     2, -4.017549651039e-01, 1.797693134862e+308, 2.3041e+01, 1.4709e+00, 
 2DIAGNOSTIC,     3, -4.017916613753e-01, 1.797693134862e+308, 2.4545e+01, 1.5031e+00, 
 2DIAGNOSTIC,     4, -4.017927215460e-01, 1.797693134862e+308, 2.6896e+01, 2.3519e+00, 
 2DIAGNOSTIC,     5, -4.017933569415e-01, 1.797693134862e+308, 2.8520e+01, 1.6233e+00, 
 2DIAGNOSTIC,     6, -4.017931007663e-01, 1.797693134862e+308, 2.9985e+01, 1.4649e+00, 
 2DIAGNOSTIC,     7, -4.017928236371e-01, 1.797693134862e+308, 3.1570e+01, 1.5857e+00, 
 2DIAGNOSTIC,     8, -4.017927760660e-01, 1.797693134862e+308, 3.3005e+01, 1.4350e+00, 
 2DIAGNOSTIC,     9, -4.017926943113e-01, 1.797693134862e+308, 3.4456e+01, 1.4506e+00, 
 2DIAGNOSTIC,    10, -4.017926300761e-01, 1.807004474706e-05, 3.5965e+01, 1.5091e+00, 
 2DIAGNOSTIC,    11, -4.017925346007e-01, 5.340786929611e-06, 3.7622e+01, 1.6573e+00, 
 2DIAGNOSTIC,    12, -4.017924379350e-01, 2.645359123379e-06, 3.9201e+01, 1.5790e+00, 
 2DIAGNOSTIC,    13, -4.017921828697e-01, 2.346738236167e-06, 4.0713e+01, 1.5111e+00, 
 2DIAGNOSTIC,    14, -4.017918605887e-01, 2.136188325827e-06, 4.2059e+01, 1.3467e+00, 
 2DIAGNOSTIC,    15, -4.017918180829e-01, 1.994542064482e-06, 4.3371e+01, 1.3120e+00, 
 2DIAGNOSTIC,    16, -4.017916921920e-01, 1.865346210703e-06, 4.4957e+01, 1.5857e+00, 
 2DIAGNOSTIC,    17, -4.017917430283e-01, 1.753247431992e-06, 4.6765e+01, 1.8080e+00, 
 2DIAGNOSTIC,    18, -4.017918187723e-01, 1.665698172143e-06, 4.8316e+01, 1.5512e+00, 
 2DIAGNOSTIC,    19, -4.017917344216e-01, 1.590669795583e-06, 5.0086e+01, 1.7697e+00, 
 2DIAGNOSTIC,    20, -4.017917590311e-01, 1.529649975331e-06, 5.1645e+01, 1.5587e+00, 
 2DIAGNOSTIC,    21, -4.017916879197e-01, 1.474369252505e-06, 5.3038e+01, 1.3934e+00, 
 2DIAGNOSTIC,    22, -4.017916276667e-01, 1.422940425148e-06, 5.4726e+01, 1.6875e+00, 
 2DIAGNOSTIC,    23, -4.017916421862e-01, 1.370946390272e-06, 5.6264e+01, 1.5380e+00, 
 2DIAGNOSTIC,    24, -4.017914778376e-01, 1.310057780902e-06, 5.7562e+01, 1.2982e+00, 
 2DIAGNOSTIC,    25, -4.017914936597e-01, 1.254999249675e-06, 5.9105e+01, 1.5429e+00, 
 2DIAGNOSTIC,    26, -4.017915075215e-01, 1.202691101446e-06, 6.0419e+01, 1.3139e+00, 
 2DIAGNOSTIC,    27, -4.017914441588e-01, 1.155771498736e-06, 6.1828e+01, 1.4093e+00, 
 2DIAGNOSTIC,    28, -4.017915711025e-01, 1.119547106646e-06, 6.3219e+01, 1.3911e+00, 
 2DIAGNOSTIC,    29, -4.017915541112e-01, 1.084812351879e-06, 6.4725e+01, 1.5063e+00, 
 2DIAGNOSTIC,    30, -4.017915131532e-01, 1.053218729952e-06, 6.6105e+01, 1.3792e+00, 
 2DIAGNOSTIC,    31, -4.017915909067e-01, 1.024540073002e-06, 6.7376e+01, 1.2712e+00, 
  Elapsed time (stage 0): 6.8220e+01


Total elapsed time: 6.8222e+01
Info [verificarlo]: loaded backend libinterflop_ieee.so
Info [interflop-ieee]: load backend with:
Info [interflop-ieee]: debug = false
Info [interflop-ieee]: debug-binary = false
Info [interflop-ieee]: no-backend-name = false
Info [interflop-ieee]: print-new-line = false
Info [interflop-ieee]: print-subnormal-normalized = false
Info [interflop-ieee]: count-op = false
All_Command_lines_OK
Using double precision for computations.
=============================================================================
The composite transform comprises the following transforms (in order): 
  1. /home/mdugre/scratch/mri-registration-rp/datasets/ds004513/derivatives/mri-registration-rp/0001/antsRegistration-r7-p9/sub-s037/rigid_Composite.h5[0] (type = Euler3DTransform)
  2. /home/mdugre/scratch/mri-registration-rp/datasets/ds004513/derivatives/mri-registration-rp/0001/antsRegistration-r7-p9/sub-s037/rigid_Composite.h5[1] (type = Euler3DTransform)
  3. /home/mdugre/scratch/mri-registration-rp/datasets/ds004513/derivatives/mri-registration-rp/0001/antsRegistration-r7-p9/sub-s037/rigid_Composite.h5[2] (type = Euler3DTransform)
=============================================================================
  number of levels = 4
  fixed image: /templateflow/tpl-MNI152NLin2009cAsym/tpl-MNI152NLin2009cAsym_res-01_desc-brain_T1w.nii.gz
  moving image: /home/mdugre/scratch/mri-registration-rp/datasets/ds004513/derivatives/mri-registration-rp/antsBrainExtraction/sub-s037/BrainExtractionBrain.nii.gz
Dimension = 3
Number of stages = 1
Use histogram matching = false
Winsorize image intensities = true
  Lower quantile = 0.005
  Upper quantile = 0.995


Stage 1 State
   Image metric = MattesMI
     Fixed image = Image (0x5276530)
  RTTI typeinfo:   itk::Image<double, 3u>
  Reference Count: 2
  Modified Time: 1592
  Debug: Off
  Object Name: 
  Observers: 
    none
  Source: (none)
  Source output name: (none)
  Release Data: Off
  Data Released: False
  Global Release Data: Off
  PipelineMTime: 0
  UpdateMTime: 1203
  RealTimeStamp: 0 seconds 
  LargestPossibleRegion: 
    Dimension: 3
    Index: [0, 0, 0]
    Size: [193, 229, 193]
  BufferedRegion: 
    Dimension: 3
    Index: [0, 0, 0]
    Size: [193, 229, 193]
  RequestedRegion: 
    Dimension: 3
    Index: [0, 0, 0]
    Size: [193, 229, 193]
  Spacing: [1, 1, 1]
  Origin: [96, 132, -78]
  Direction: 
-1 0 0
0 -1 0
0 0 1

  IndexToPointMatrix: 
-1 0 0
0 -1 0
0 0 1

  PointToIndexMatrix: 
-1 0 0
0 -1 0
0 0 1

  Inverse Direction: 
-1 0 0
0 -1 0
0 0 1

  PixelContainer: 
    ImportImageContainer (0x532f2a0)
      RTTI typeinfo:   itk::ImportImageContainer<unsigned long, double>
      Reference Count: 1
      Modified Time: 1200
      Debug: Off
      Object Name: 
      Observers: 
        none
      Pointer: 0x149d52a30010
      Container manages memory: true
      Size: 8530021
      Capacity: 8530021

     Moving image = Image (0x5331e60)
  RTTI typeinfo:   itk::Image<double, 3u>
  Reference Count: 2
  Modified Time: 1593
  Debug: Off
  Object Name: 
  Observers: 
    none
  Source: (none)
  Source output name: (none)
  Release Data: Off
  Data Released: False
  Global Release Data: Off
  PipelineMTime: 0
  UpdateMTime: 1590
  RealTimeStamp: 0 seconds 
  LargestPossibleRegion: 
    Dimension: 3
    Index: [0, 0, 0]
    Size: [160, 240, 256]
  BufferedRegion: 
    Dimension: 3
    Index: [0, 0, 0]
    Size: [160, 240, 256]
  RequestedRegion: 
    Dimension: 3
    Index: [0, 0, 0]
    Size: [160, 240, 256]
  Spacing: [1, 1, 1]
  Origin: [87.9508, 102.562, -147.639]
  Direction: 
-0.998659 -0.0436121 -0.0279129
0.043595 -0.999049 0.00121847
-0.0279395 -2.65543e-08 0.99961

  IndexToPointMatrix: 
-0.998659 -0.0436121 -0.0279129
0.043595 -0.999049 0.00121847
-0.0279395 -2.65543e-08 0.99961

  PointToIndexMatrix: 
-0.998659 0.043595 -0.0279395
-0.0436121 -0.999049 -2.65517e-08
-0.0279129 0.00121847 0.99961

  Inverse Direction: 
-0.998659 0.043595 -0.0279395
-0.0436121 -0.999049 -2.65517e-08
-0.0279129 0.00121847 0.99961

  PixelContainer: 
    ImportImageContainer (0x5365390)
      RTTI typeinfo:   itk::ImportImageContainer<unsigned long, double>
      Reference Count: 1
      Modified Time: 1587
      Debug: Off
      Object Name: 
      Observers: 
        none
      Pointer: 0x149d4df2f010
      Container manages memory: true
      Size: 9830400
      Capacity: 9830400

     Weighting = 1
     Sampling strategy = regular
     Number of bins = 32
     Radius = 4
