
##########################
# Experiment information #
##########################

EXPERIMENT_NAME: antsRegistration-r8-p13
VFC_BACKENDS: libinterflop_vprec.so --range-binary32=8 --precision-binary32=13 --range-binary64=8 --precision-binary64=13

SIF_IMG: /home/mdugre/projects/rrg-glatard/mdugre/containers/ants-vprec-no_metrics.simg

SUBJECT_ID: s014
INPUT_IMG: /home/mdugre/scratch/mri-registration-rp/datasets/ds004513/derivatives/mri-registration-rp/antsBrainExtraction/sub-s014/BrainExtractionBrain.nii.gz
OUTPUT_DIR: /home/mdugre/scratch/mri-registration-rp/datasets/ds004513/derivatives/mri-registration-rp/0001/antsRegistration-r8-p13/sub-s014

FIXED_IMG: /templateflow/tpl-MNI152NLin2009cAsym/tpl-MNI152NLin2009cAsym_res-01_desc-brain_T1w.nii.gz
DATA_DIR: /home/mdugre/scratch/mri-registration-rp/datasets/ds004513
TEMPLATEFLOW_DIR: /home/mdugre/projects/rrg-glatard/mdugre/templateflow
ITK_GLOBAL_DEFAULT_NUMBER_OF_THREADS: 16
##########################

Info [verificarlo]: loaded backend libinterflop_ieee.so
Info [interflop-ieee]: load backend with:
Info [interflop-ieee]: debug = false
Info [interflop-ieee]: debug-binary = false
Info [interflop-ieee]: no-backend-name = false
Info [interflop-ieee]: print-new-line = false
Info [interflop-ieee]: print-subnormal-normalized = false
Info [interflop-ieee]: count-op = false
All_Command_lines_OK
Using double precision for computations.
=============================================================================
The composite transform comprises the following transforms (in order): 
  1. Center of mass alignment using fixed image: /templateflow/tpl-MNI152NLin2009cAsym/tpl-MNI152NLin2009cAsym_res-01_desc-brain_T1w.nii.gz and moving image: /home/mdugre/scratch/mri-registration-rp/datasets/ds004513/derivatives/mri-registration-rp/antsBrainExtraction/sub-s014/BrainExtractionBrain.nii.gz (type = Euler3DTransform)
=============================================================================
  number of levels = 1
  fixed image: /templateflow/tpl-MNI152NLin2009cAsym/tpl-MNI152NLin2009cAsym_res-01_desc-brain_T1w.nii.gz
  moving image: /home/mdugre/scratch/mri-registration-rp/datasets/ds004513/derivatives/mri-registration-rp/antsBrainExtraction/sub-s014/BrainExtractionBrain.nii.gz
Dimension = 3
Number of stages = 1
Use histogram matching = false
Winsorize image intensities = true
  Lower quantile = 0.005
  Upper quantile = 0.995


Stage 1 State
   Image metric = MattesMI
     Fixed image = Image (0x3733e70)
  RTTI typeinfo:   itk::Image<double, 3u>
  Reference Count: 2
  Modified Time: 2334
  Debug: Off
  Object Name: 
  Observers: 
    none
  Source: (none)
  Source output name: (none)
  Release Data: Off
  Data Released: False
  Global Release Data: Off
  PipelineMTime: 0
  UpdateMTime: 1943
  RealTimeStamp: 0 seconds 
  LargestPossibleRegion: 
    Dimension: 3
    Index: [0, 0, 0]
    Size: [193, 229, 193]
  BufferedRegion: 
    Dimension: 3
    Index: [0, 0, 0]
    Size: [193, 229, 193]
  RequestedRegion: 
    Dimension: 3
    Index: [0, 0, 0]
    Size: [193, 229, 193]
  Spacing: [1, 1, 1]
  Origin: [96, 132, -78]
  Direction: 
-1 0 0
0 -1 0
0 0 1

  IndexToPointMatrix: 
-1 0 0
0 -1 0
0 0 1

  PointToIndexMatrix: 
-1 0 0
0 -1 0
0 0 1

  Inverse Direction: 
-1 0 0
0 -1 0
0 0 1

  PixelContainer: 
    ImportImageContainer (0x3740140)
      RTTI typeinfo:   itk::ImportImageContainer<unsigned long, double>
      Reference Count: 1
      Modified Time: 1940
      Debug: Off
      Object Name: 
      Observers: 
        none
      Pointer: 0x149a0e833010
      Container manages memory: true
      Size: 8530021
      Capacity: 8530021

     Moving image = Image (0x373d310)
  RTTI typeinfo:   itk::Image<double, 3u>
  Reference Count: 2
  Modified Time: 2335
  Debug: Off
  Object Name: 
  Observers: 
    none
  Source: (none)
  Source output name: (none)
  Release Data: Off
  Data Released: False
  Global Release Data: Off
  PipelineMTime: 0
  UpdateMTime: 2332
  RealTimeStamp: 0 seconds 
  LargestPossibleRegion: 
    Dimension: 3
    Index: [0, 0, 0]
    Size: [160, 240, 256]
  BufferedRegion: 
    Dimension: 3
    Index: [0, 0, 0]
    Size: [160, 240, 256]
  RequestedRegion: 
    Dimension: 3
    Index: [0, 0, 0]
    Size: [160, 240, 256]
  Spacing: [0.999999, 1, 1]
  Origin: [84.1637, 106.709, -120.531]
  Direction: 
-0.999619 -0.0226874 -0.0157033
0.0226846 -0.999743 0.00035635
-0.0157073 -7.8229e-09 0.999877

  IndexToPointMatrix: 
-0.999619 -0.0226874 -0.0157033
0.0226845 -0.999743 0.00035635
-0.0157073 -7.8229e-09 0.999877

  PointToIndexMatrix: 
-0.99962 0.0226846 -0.0157073
-0.0226874 -0.999743 -7.83127e-09
-0.0157033 0.00035635 0.999877

  Inverse Direction: 
-0.999619 0.0226846 -0.0157073
-0.0226874 -0.999743 -7.83127e-09
-0.0157033 0.00035635 0.999877

  PixelContainer: 
    ImportImageContainer (0x3868610)
      RTTI typeinfo:   itk::ImportImageContainer<unsigned long, double>
      Reference Count: 1
      Modified Time: 2329
      Debug: Off
      Object Name: 
      Observers: 
        none
      Pointer: 0x149a09d32010
      Container manages memory: true
      Size: 9830400
      Capacity: 9830400

     Weighting = 1
     Sampling strategy = regular
     Number of bins = 32
     Radius = 4
     Sampling percentage  = 0.25
   Transform = Rigid
     Gradient step = 0.1
     Update field sigma (voxel space) = 0
     Total field sigma (voxel space) = 0
     Update field time sigma = 0
     Total field time sigma  = 0
     Number of time indices = 0
     Number of time point samples = 0
Registration using 1 total stages.

Stage 0
  iterations = 0
  convergence threshold = 1e-06
  convergence window size = 10
  number of levels = 1
  using the Mattes MI metric (number of bins = 32, weight = 1, use gradient filter = 0)
  preprocessing:  winsorizing the image intensities
  Shrink factors (level 1 out of 1): [1, 1, 1]
  smoothing sigmas per level: [0]
  regular sampling (percentage = 0.25)

*** Running Euler3DTransform registration ***

  Elapsed time (stage 0): 1.17411


Total elapsed time: 1.17635
Info [verificarlo]: loaded backend libinterflop_ieee.so
Info [interflop-ieee]: load backend with:
Info [interflop-ieee]: debug = false
Info [interflop-ieee]: debug-binary = false
Info [interflop-ieee]: no-backend-name = false
Info [interflop-ieee]: print-new-line = false
Info [interflop-ieee]: print-subnormal-normalized = false
Info [interflop-ieee]: count-op = false
All_Command_lines_OK
Using double precision for computations.
=============================================================================
The composite transform comprises the following transforms (in order): 
  1. /home/mdugre/scratch/mri-registration-rp/datasets/ds004513/derivatives/mri-registration-rp/0001/antsRegistration-r8-p13/sub-s014/align_Composite.h5[0] (type = Euler3DTransform)
  2. /home/mdugre/scratch/mri-registration-rp/datasets/ds004513/derivatives/mri-registration-rp/0001/antsRegistration-r8-p13/sub-s014/align_Composite.h5[1] (type = Euler3DTransform)
=============================================================================
  number of levels = 4
  fixed image: /templateflow/tpl-MNI152NLin2009cAsym/tpl-MNI152NLin2009cAsym_res-01_desc-brain_T1w.nii.gz
  moving image: /home/mdugre/scratch/mri-registration-rp/datasets/ds004513/derivatives/mri-registration-rp/antsBrainExtraction/sub-s014/BrainExtractionBrain.nii.gz
Dimension = 3
Number of stages = 1
Use histogram matching = false
Winsorize image intensities = true
  Lower quantile = 0.005
  Upper quantile = 0.995


Stage 1 State
   Image metric = MattesMI
     Fixed image = Image (0x371d530)
  RTTI typeinfo:   itk::Image<double, 3u>
  Reference Count: 2
  Modified Time: 1580
  Debug: Off
  Object Name: 
  Observers: 
    none
  Source: (none)
  Source output name: (none)
  Release Data: Off
  Data Released: False
  Global Release Data: Off
  PipelineMTime: 0
  UpdateMTime: 1189
  RealTimeStamp: 0 seconds 
  LargestPossibleRegion: 
    Dimension: 3
    Index: [0, 0, 0]
    Size: [193, 229, 193]
  BufferedRegion: 
    Dimension: 3
    Index: [0, 0, 0]
    Size: [193, 229, 193]
  RequestedRegion: 
    Dimension: 3
    Index: [0, 0, 0]
    Size: [193, 229, 193]
  Spacing: [1, 1, 1]
  Origin: [96, 132, -78]
  Direction: 
-1 0 0
0 -1 0
0 0 1

  IndexToPointMatrix: 
-1 0 0
0 -1 0
0 0 1

  PointToIndexMatrix: 
-1 0 0
0 -1 0
0 0 1

  Inverse Direction: 
-1 0 0
0 -1 0
0 0 1

  PixelContainer: 
    ImportImageContainer (0x37dbd60)
      RTTI typeinfo:   itk::ImportImageContainer<unsigned long, double>
      Reference Count: 1
      Modified Time: 1186
      Debug: Off
      Object Name: 
      Observers: 
        none
      Pointer: 0x14571fa14010
      Container manages memory: true
      Size: 8530021
      Capacity: 8530021

     Moving image = Image (0x37cdf60)
  RTTI typeinfo:   itk::Image<double, 3u>
  Reference Count: 2
  Modified Time: 1581
  Debug: Off
  Object Name: 
  Observers: 
    none
  Source: (none)
  Source output name: (none)
  Release Data: Off
  Data Released: False
  Global Release Data: Off
  PipelineMTime: 0
  UpdateMTime: 1578
  RealTimeStamp: 0 seconds 
  LargestPossibleRegion: 
    Dimension: 3
    Index: [0, 0, 0]
    Size: [160, 240, 256]
  BufferedRegion: 
    Dimension: 3
    Index: [0, 0, 0]
    Size: [160, 240, 256]
  RequestedRegion: 
    Dimension: 3
    Index: [0, 0, 0]
    Size: [160, 240, 256]
  Spacing: [0.999999, 1, 1]
  Origin: [84.1637, 106.709, -120.531]
  Direction: 
-0.999619 -0.0226874 -0.0157033
0.0226846 -0.999743 0.00035635
-0.0157073 -7.8229e-09 0.999877

  IndexToPointMatrix: 
-0.999619 -0.0226874 -0.0157033
0.0226845 -0.999743 0.00035635
-0.0157073 -7.8229e-09 0.999877

  PointToIndexMatrix: 
-0.99962 0.0226846 -0.0157073
-0.0226874 -0.999743 -7.83127e-09
-0.0157033 0.00035635 0.999877

  Inverse Direction: 
-0.999619 0.0226846 -0.0157073
-0.0226874 -0.999743 -7.83127e-09
-0.0157033 0.00035635 0.999877

  PixelContainer: 
    ImportImageContainer (0x37bf6d0)
      RTTI typeinfo:   itk::ImportImageContainer<unsigned long, double>
      Reference Count: 1
      Modified Time: 1575
      Debug: Off
      Object Name: 
      Observers: 
        none
      Pointer: 0x14571af13010
      Container manages memory: true
      Size: 9830400
      Capacity: 9830400

     Weighting = 1
     Sampling strategy = regular
     Number of bins = 32
     Radius = 4
     Sampling percentage  = 0.25
   Transform = Rigid
     Gradient step = 0.1
     Update field sigma (voxel space) = 0
     Total field sigma (voxel space) = 0
     Update field time sigma = 0
     Total field time sigma  = 0
     Number of time indices = 0
     Number of time point samples = 0
Registration using 1 total stages.

Stage 0
  iterations = 1000x500x250x100
  convergence threshold = 1e-06
  convergence window size = 10
  number of levels = 4
  using the Mattes MI metric (number of bins = 32, weight = 1, use gradient filter = 0)
  preprocessing:  winsorizing the image intensities
  Shrink factors (level 1 out of 4): [8, 8, 8]
  Shrink factors (level 2 out of 4): [4, 4, 4]
  Shrink factors (level 3 out of 4): [2, 2, 2]
  Shrink factors (level 4 out of 4): [1, 1, 1]
  smoothing sigmas per level: [3, 2, 1, 0]
  regular sampling (percentage = 0.25)

*** Running Euler3DTransform registration ***

DIAGNOSTIC,Iteration,metricValue,convergenceValue,ITERATION_TIME_INDEX,SINCE_LAST
 2DIAGNOSTIC,     1, -4.770821406565e-01, 1.797693134862e+308, 7.2959e-01, 7.2959e-01, 
 2DIAGNOSTIC,     2, -4.784216133942e-01, 1.797693134862e+308, 7.3430e-01, 4.7100e-03, 
 2DIAGNOSTIC,     3, -4.807043200681e-01, 1.797693134862e+308, 7.3919e-01, 4.8919e-03, 
 2DIAGNOSTIC,     4, -4.840264478065e-01, 1.797693134862e+308, 7.4443e-01, 5.2361e-03, 
 2DIAGNOSTIC,     5, -4.883050305770e-01, 1.797693134862e+308, 7.4892e-01, 4.4920e-03, 
 2DIAGNOSTIC,     6, -4.953560426371e-01, 1.797693134862e+308, 7.5428e-01, 5.3618e-03, 
 2DIAGNOSTIC,     7, -5.007350570384e-01, 1.797693134862e+308, 7.5948e-01, 5.2040e-03, 
 2DIAGNOSTIC,     8, -5.013278569503e-01, 1.797693134862e+308, 7.6424e-01, 4.7600e-03, 
 2DIAGNOSTIC,     9, -5.085255256006e-01, 1.797693134862e+308, 7.7148e-01, 7.2420e-03, 
 2DIAGNOSTIC,    10, -5.161992633656e-01, 5.125196520979e-03, 7.7881e-01, 7.3211e-03, 
 2DIAGNOSTIC,    11, -5.167072941437e-01, 4.879252931146e-03, 7.8389e-01, 5.0790e-03, 
 2DIAGNOSTIC,    12, -5.203629876260e-01, 4.481282734468e-03, 7.8907e-01, 5.1851e-03, 
 2DIAGNOSTIC,    13, -5.229718709777e-01, 3.958672533580e-03, 7.9412e-01, 5.0530e-03, 
 2DIAGNOSTIC,    14, -5.250338110830e-01, 3.368007801724e-03, 7.9975e-01, 5.6260e-03, 
 2DIAGNOSTIC,    15, -5.272078697648e-01, 2.786121483397e-03, 8.0706e-01, 7.3121e-03, 
 2DIAGNOSTIC,    16, -5.275715603979e-01, 2.284098302173e-03, 8.1179e-01, 4.7288e-03, 
 2DIAGNOSTIC,    17, -5.282507656512e-01, 1.839921123751e-03, 8.1642e-01, 4.6299e-03, 
 2DIAGNOSTIC,    18, -5.289722876066e-01, 1.313912041905e-03, 8.2171e-01, 5.2869e-03, 
 2DIAGNOSTIC,    19, -5.292207410111e-01, 9.370568707394e-04, 8.2747e-01, 5.7671e-03, 
 2DIAGNOSTIC,    20, -5.294476960672e-01, 7.341365573352e-04, 8.3293e-01, 5.4600e-03, 
 2DIAGNOSTIC,    21, -5.294955840903e-01, 4.966190831849e-04, 8.3752e-01, 4.5831e-03, 
 2DIAGNOSTIC,    22, -5.295366245031e-01, 3.281311959282e-04, 8.4265e-01, 5.1320e-03, 
 2DIAGNOSTIC,    23, -5.295376311909e-01, 2.063244245599e-04, 8.4772e-01, 5.0700e-03, 
 2DIAGNOSTIC,    24, -5.295911249027e-01, 1.234508389483e-04, 8.5293e-01, 5.2068e-03, 
 2DIAGNOSTIC,    25, -5.296271130650e-01, 8.499150549909e-05, 8.5804e-01, 5.1191e-03, 
 2DIAGNOSTIC,    26, -5.296539599384e-01, 4.983583932718e-05, 8.6262e-01, 4.5710e-03, 
 2DIAGNOSTIC,    27, -5.297704229808e-01, 2.877322815868e-05, 8.6722e-01, 4.6048e-03, 
 2DIAGNOSTIC,    28, -5.299884954864e-01, 2.504887531614e-05, 8.7351e-01, 6.2940e-03, 
 2DIAGNOSTIC,    29, -5.300854192462e-01, 2.569611952109e-05, 8.7859e-01, 5.0800e-03, 
 2DIAGNOSTIC,    30, -5.300410324621e-01, 2.732899344197e-05, 8.8319e-01, 4.6000e-03, 
 2DIAGNOSTIC,    31, -5.300376932141e-01, 2.724560548273e-05, 8.8805e-01, 4.8571e-03, 
 2DIAGNOSTIC,    32, -5.301686264233e-01, 2.763232919061e-05, 8.9256e-01, 4.5130e-03, 
 2DIAGNOSTIC,    33, -5.303926738421e-01, 2.905769097108e-05, 8.9824e-01, 5.6739e-03, 
 2DIAGNOSTIC,    34, -5.304519664601e-01, 2.945835349060e-05, 9.0396e-01, 5.7201e-03, 
 2DIAGNOSTIC,    35, -5.305073139184e-01, 2.868169329924e-05, 9.0855e-01, 4.5919e-03, 
 2DIAGNOSTIC,    36, -5.305686017148e-01, 2.670517374760e-05, 9.1313e-01, 4.5800e-03, 
 2DIAGNOSTIC,    37, -5.306602858943e-01, 2.533264913806e-05, 9.1936e-01, 6.2261e-03, 
 2DIAGNOSTIC,    38, -5.306881156231e-01, 2.512162425551e-05, 9.2393e-01, 4.5741e-03, 
 2DIAGNOSTIC,    39, -5.307317416635e-01, 2.461885299070e-05, 9.2855e-01, 4.6170e-03, 
 2DIAGNOSTIC,    40, -5.308225091354e-01, 2.257034276534e-05, 9.3551e-01, 6.9590e-03, 
 2DIAGNOSTIC,    41, -5.308460424125e-01, 1.877385526014e-05, 9.4049e-01, 4.9820e-03, 
 2DIAGNOSTIC,    42, -5.308561837321e-01, 1.520831957089e-05, 9.4515e-01, 4.6580e-03, 
 2DIAGNOSTIC,    43, -5.308777649273e-01, 1.355835176980e-05, 9.4972e-01, 4.5731e-03, 
 2DIAGNOSTIC,    44, -5.309114036110e-01, 1.190613944117e-05, 9.5429e-01, 4.5750e-03, 
 2DIAGNOSTIC,    45, -5.310262965518e-01, 1.129423566358e-05, 9.6187e-01, 7.5760e-03, 
 2DIAGNOSTIC,    46, -5.310374074445e-01, 1.049838941763e-05, 9.6652e-01, 4.6449e-03, 
 2DIAGNOSTIC,    47, -5.310434720121e-01, 9.962263448408e-06, 9.7123e-01, 4.7188e-03, 
 2DIAGNOSTIC,    48, -5.310518853633e-01, 8.989886105461e-06, 9.7582e-01, 4.5819e-03, 
 2DIAGNOSTIC,    49, -5.310584329536e-01, 7.783359500812e-06, 9.8163e-01, 5.8119e-03, 
 2DIAGNOSTIC,    50, -5.310645817646e-01, 6.973833583661e-06, 9.8790e-01, 6.2690e-03, 
 2DIAGNOSTIC,    51, -5.310656430618e-01, 5.851695600311e-06, 9.9248e-01, 4.5831e-03, 
 2DIAGNOSTIC,    52, -5.310738190002e-01, 4.481863509952e-06, 9.9765e-01, 5.1649e-03, 
 2DIAGNOSTIC,    53, -5.310768127969e-01, 3.049471521514e-06, 1.0023e+00, 4.6260e-03, 
 2DIAGNOSTIC,    54, -5.310775506016e-01, 1.750844720171e-06, 1.0071e+00, 4.8559e-03, 
 2DIAGNOSTIC,    55, -5.310817434211e-01, 1.565716413184e-06, 1.0118e+00, 4.7121e-03, 
 2DIAGNOSTIC,    56, -5.310870994121e-01, 1.452195857485e-06, 1.0173e+00, 5.4779e-03, 
 2DIAGNOSTIC,    57, -5.310885232962e-01, 1.327089154825e-06, 1.0226e+00, 5.2540e-03, 
 2DIAGNOSTIC,    58, -5.310914487850e-01, 1.238639651187e-06, 1.0278e+00, 5.2049e-03, 
 2DIAGNOSTIC,    59, -5.311015678587e-01, 1.240623596726e-06, 1.0336e+00, 5.7740e-03, 
 2DIAGNOSTIC,    60, -5.311021904297e-01, 1.235244579068e-06, 1.0383e+00, 4.7219e-03, 
 2DIAGNOSTIC,    61, -5.311059901820e-01, 1.204917779166e-06, 1.0531e+00, 1.4871e-02, 
 2DIAGNOSTIC,    62, -5.311059901659e-01, 1.182103197352e-06, 1.0678e+00, 1.4627e-02, 
 2DIAGNOSTIC,    63, -5.311059901659e-01, 1.122797857592e-06, 1.0731e+00, 5.3179e-03, 
 2DIAGNOSTIC,    64, -5.311059901659e-01, 1.011506956146e-06, 1.0783e+00, 5.1651e-03, 
DIAGNOSTIC,Iteration,metricValue,convergenceValue,ITERATION_TIME_INDEX,SINCE_LAST
 2DIAGNOSTIC,     1, -4.295258231625e-01, 1.797693134862e+308, 1.8704e+00, 7.9217e-01, 
 2DIAGNOSTIC,     2, -4.302859640432e-01, 1.797693134862e+308, 1.9018e+00, 3.1401e-02, 
 2DIAGNOSTIC,     3, -4.309651196675e-01, 1.797693134862e+308, 1.9329e+00, 3.1040e-02, 
 2DIAGNOSTIC,     4, -4.317164347764e-01, 1.797693134862e+308, 1.9642e+00, 3.1347e-02, 
 2DIAGNOSTIC,     5, -4.325561938345e-01, 1.797693134862e+308, 1.9957e+00, 3.1519e-02, 
 2DIAGNOSTIC,     6, -4.341819580779e-01, 1.797693134862e+308, 2.0265e+00, 3.0757e-02, 
 2DIAGNOSTIC,     7, -4.354327949460e-01, 1.797693134862e+308, 2.0600e+00, 3.3521e-02, 
 2DIAGNOSTIC,     8, -4.367134834401e-01, 1.797693134862e+308, 2.0994e+00, 3.9358e-02, 
 2DIAGNOSTIC,     9, -4.377076816053e-01, 1.797693134862e+308, 2.1460e+00, 4.6637e-02, 
 2DIAGNOSTIC,    10, -4.379510214291e-01, 1.375954781892e-03, 2.1795e+00, 3.3507e-02, 
 2DIAGNOSTIC,    11, -4.381306699703e-01, 1.211218579655e-03, 2.2136e+00, 3.4091e-02, 
 2DIAGNOSTIC,    12, -4.403708091238e-01, 1.128184042350e-03, 2.2484e+00, 3.4805e-02, 
 2DIAGNOSTIC,    13, -4.435986505833e-01, 1.148562288443e-03, 2.2861e+00, 3.7651e-02, 
 2DIAGNOSTIC,    14, -4.436199448007e-01, 1.094787361984e-03, 2.3145e+00, 2.8489e-02, 
 2DIAGNOSTIC,    15, -4.445052015798e-01, 1.025845785967e-03, 2.3483e+00, 3.3722e-02, 
 2DIAGNOSTIC,    16, -4.479362667058e-01, 1.077370585584e-03, 2.3880e+00, 3.9765e-02, 
 2DIAGNOSTIC,    17, -4.481475950934e-01, 1.073587585873e-03, 2.4160e+00, 2.7978e-02, 
 2DIAGNOSTIC,    18, -4.482020490271e-01, 1.018146299937e-03, 2.4478e+00, 3.1790e-02, 
 2DIAGNOSTIC,    19, -4.481966708537e-01, 9.107728214501e-04, 2.5002e+00, 5.2349e-02, 
 2DIAGNOSTIC,    20, -4.481953335746e-01, 7.394369047286e-04, 2.5287e+00, 2.8538e-02, 
 2DIAGNOSTIC,    21, -4.481954334205e-01, 5.189437708786e-04, 2.5648e+00, 3.6075e-02, 
 2DIAGNOSTIC,    22, -4.482018533895e-01, 3.337448836352e-04, 2.5970e+00, 3.2263e-02, 
 2DIAGNOSTIC,    23, -4.481921491782e-01, 2.259319928844e-04, 2.6251e+00, 2.8060e-02, 
 2DIAGNOSTIC,    24, -4.482074312934e-01, 1.077320659870e-04, 2.6585e+00, 3.3423e-02, 
 2DIAGNOSTIC,    25, -4.482144439100e-01, 9.691657201376e-06, 2.6920e+00, 3.3479e-02, 
 2DIAGNOSTIC,    26, -4.482116710154e-01, 3.273680795349e-06, 2.7329e+00, 4.0886e-02, 
 2DIAGNOSTIC,    27, -4.482088353701e-01, 2.084628239619e-06, 2.7674e+00, 3.4559e-02, 
 2DIAGNOSTIC,    28, -4.482139220102e-01, 2.274306062928e-06, 2.7989e+00, 3.1434e-02, 
 2DIAGNOSTIC,    29, -4.482420866533e-01, 2.842587956881e-06, 2.8325e+00, 3.3610e-02, 
 2DIAGNOSTIC,    30, -4.482455732867e-01, 3.232688164184e-06, 2.8664e+00, 3.3938e-02, 
 2DIAGNOSTIC,    31, -4.482405886629e-01, 3.298139737810e-06, 2.8971e+00, 3.0720e-02, 
 2DIAGNOSTIC,    32, -4.482290915055e-01, 3.068922771854e-06, 2.9344e+00, 3.7273e-02, 
 2DIAGNOSTIC,    33, -4.482261087568e-01, 2.406544915123e-06, 2.9769e+00, 4.2474e-02, 
 2DIAGNOSTIC,    34, -4.482147421390e-01, 1.704268339300e-06, 3.0280e+00, 5.1123e-02, 
 2DIAGNOSTIC,    35, -4.482170221759e-01, 1.142411582777e-06, 3.0607e+00, 3.2670e-02, 
DIAGNOSTIC,Iteration,metricValue,convergenceValue,ITERATION_TIME_INDEX,SINCE_LAST
 2DIAGNOSTIC,     1, -3.932184619011e-01, 1.797693134862e+308, 4.1148e+00, 1.0541e+00, 
 2DIAGNOSTIC,     2, -3.933350080886e-01, 1.797693134862e+308, 4.3669e+00, 2.5207e-01, 
 2DIAGNOSTIC,     3, -3.934316047639e-01, 1.797693134862e+308, 4.6434e+00, 2.7658e-01, 
 2DIAGNOSTIC,     4, -3.934445201766e-01, 1.797693134862e+308, 5.0115e+00, 3.6806e-01, 
 2DIAGNOSTIC,     5, -3.934561041496e-01, 1.797693134862e+308, 5.3324e+00, 3.2095e-01, 
 2DIAGNOSTIC,     6, -3.934557400569e-01, 1.797693134862e+308, 5.6819e+00, 3.4949e-01, 
 2DIAGNOSTIC,     7, -3.934568948022e-01, 1.797693134862e+308, 6.2191e+00, 5.3712e-01, 
 2DIAGNOSTIC,     8, -3.934560026834e-01, 1.797693134862e+308, 6.5109e+00, 2.9184e-01, 
 2DIAGNOSTIC,     9, -3.934553707550e-01, 1.797693134862e+308, 6.9021e+00, 3.9125e-01, 
 2DIAGNOSTIC,    10, -3.934548435932e-01, 2.950388616643e-05, 7.2133e+00, 3.1114e-01, 
 2DIAGNOSTIC,    11, -3.934535150966e-01, 1.251788042689e-05, 7.5015e+00, 2.8818e-01, 
 2DIAGNOSTIC,    12, -3.934529103885e-01, 4.334109432402e-06, 7.7819e+00, 2.8045e-01, 
 2DIAGNOSTIC,    13, -3.934523312447e-01, 2.580302830832e-06, 8.0256e+00, 2.4370e-01, 
 2DIAGNOSTIC,    14, -3.934518641002e-01, 1.691075654148e-06, 8.3440e+00, 3.1836e-01, 
 2DIAGNOSTIC,    15, -3.934519734532e-01, 1.537715178107e-06, 8.6370e+00, 2.9298e-01, 
 2DIAGNOSTIC,    16, -3.934513609643e-01, 1.410839894356e-06, 8.9100e+00, 2.7301e-01, 
 2DIAGNOSTIC,    17, -3.934508380354e-01, 1.380509416019e-06, 9.1828e+00, 2.7282e-01, 
 2DIAGNOSTIC,    18, -3.934502559838e-01, 1.340256712348e-06, 9.4546e+00, 2.7184e-01, 
 2DIAGNOSTIC,    19, -3.934497851836e-01, 1.301860267505e-06, 9.7500e+00, 2.9542e-01, 
 2DIAGNOSTIC,    20, -3.934499621710e-01, 1.290039201275e-06, 9.9989e+00, 2.4888e-01, 
 2DIAGNOSTIC,    21, -3.934502605007e-01, 1.271710131798e-06, 1.0275e+01, 2.7640e-01, 
 2DIAGNOSTIC,    22, -3.934498715676e-01, 1.245514071713e-06, 1.0563e+01, 2.8720e-01, 
 2DIAGNOSTIC,    23, -3.934501307308e-01, 1.231426797858e-06, 1.0845e+01, 2.8260e-01, 
 2DIAGNOSTIC,    24, -3.934495535777e-01, 1.200792273413e-06, 1.1068e+01, 2.2286e-01, 
 2DIAGNOSTIC,    25, -3.934490927693e-01, 1.174527704428e-06, 1.1290e+01, 2.2225e-01, 
 2DIAGNOSTIC,    26, -3.934495816377e-01, 1.156238068754e-06, 1.1543e+01, 2.5321e-01, 
 2DIAGNOSTIC,    27, -3.934510332976e-01, 1.170201614310e-06, 1.1832e+01, 2.8881e-01, 
 2DIAGNOSTIC,    28, -3.934498670344e-01, 1.138213993272e-06, 1.2086e+01, 2.5396e-01, 
 2DIAGNOSTIC,    29, -3.934494068011e-01, 1.086573258910e-06, 1.2334e+01, 2.4758e-01, 
 2DIAGNOSTIC,    30, -3.934490071115e-01, 1.034518308400e-06, 1.2592e+01, 2.5806e-01, 
 2DIAGNOSTIC,    31, -3.934493552332e-01, 1.002859748418e-06, 1.2824e+01, 2.3197e-01, 
 2DIAGNOSTIC,    32, -3.934514389098e-01, 1.012150071554e-06, 1.3109e+01, 2.8538e-01, 
 2DIAGNOSTIC,    33, -3.934519791793e-01, 1.036072115594e-06, 1.3378e+01, 2.6915e-01, 
 2DIAGNOSTIC,    34, -3.934514162170e-01, 1.029043102438e-06, 1.3662e+01, 2.8335e-01, 
 2DIAGNOSTIC,    35, -3.934525148563e-01, 1.027695605244e-06, 1.3983e+01, 3.2158e-01, 
 2DIAGNOSTIC,    36, -3.934539684153e-01, 1.051995751421e-06, 1.4321e+01, 3.3756e-01, 
 2DIAGNOSTIC,    37, -3.934536117596e-01, 1.079271575468e-06, 1.4623e+01, 3.0233e-01, 
 2DIAGNOSTIC,    38, -3.934525130987e-01, 1.042002455730e-06, 1.4942e+01, 3.1836e-01, 
DIAGNOSTIC,Iteration,metricValue,convergenceValue,ITERATION_TIME_INDEX,SINCE_LAST
 2DIAGNOSTIC,     1, -3.660000232132e-01, 1.797693134862e+308, 1.7465e+01, 2.5232e+00, 
 2DIAGNOSTIC,     2, -3.661006045023e-01, 1.797693134862e+308, 1.9146e+01, 1.6814e+00, 
 2DIAGNOSTIC,     3, -3.661940053572e-01, 1.797693134862e+308, 2.0847e+01, 1.7010e+00, 
 2DIAGNOSTIC,     4, -3.662025643986e-01, 1.797693134862e+308, 2.3390e+01, 2.5433e+00, 
 2DIAGNOSTIC,     5, -3.662022977410e-01, 1.797693134862e+308, 2.5329e+01, 1.9386e+00, 
 2DIAGNOSTIC,     6, -3.662022733275e-01, 1.797693134862e+308, 2.6814e+01, 1.4845e+00, 
 2DIAGNOSTIC,     7, -3.662021510432e-01, 1.797693134862e+308, 2.8309e+01, 1.4953e+00, 
 2DIAGNOSTIC,     8, -3.662021104786e-01, 1.797693134862e+308, 2.9802e+01, 1.4934e+00, 
 2DIAGNOSTIC,     9, -3.662019867626e-01, 1.797693134862e+308, 3.1292e+01, 1.4901e+00, 
 2DIAGNOSTIC,    10, -3.662019340682e-01, 2.615306939707e-05, 3.2635e+01, 1.3425e+00, 
 2DIAGNOSTIC,    11, -3.662019021406e-01, 1.049208928022e-05, 3.4216e+01, 1.5813e+00, 
 2DIAGNOSTIC,    12, -3.662017877854e-01, 3.091361130969e-06, 3.5747e+01, 1.5308e+00, 
 2DIAGNOSTIC,    13, -3.662019075704e-01, 2.358435135227e-06, 3.7292e+01, 1.5446e+00, 
 2DIAGNOSTIC,    14, -3.662018587130e-01, 2.210206120193e-06, 3.8874e+01, 1.5821e+00, 
 2DIAGNOSTIC,    15, -3.662018920152e-01, 2.075386363765e-06, 4.0500e+01, 1.6266e+00, 
 2DIAGNOSTIC,    16, -3.662018421391e-01, 1.958104222460e-06, 4.1902e+01, 1.4013e+00, 
 2DIAGNOSTIC,    17, -3.662017315672e-01, 1.846828475087e-06, 4.3423e+01, 1.5220e+00, 
 2DIAGNOSTIC,    18, -3.662016584557e-01, 1.745449625744e-06, 4.4953e+01, 1.5296e+00, 
 2DIAGNOSTIC,    19, -3.662015876346e-01, 1.648798694125e-06, 4.6560e+01, 1.6070e+00, 
 2DIAGNOSTIC,    20, -3.662013732957e-01, 1.553843746588e-06, 4.8176e+01, 1.6161e+00, 
 2DIAGNOSTIC,    21, -3.662013254959e-01, 1.468744476291e-06, 5.0162e+01, 1.9861e+00, 
 2DIAGNOSTIC,    22, -3.662011170386e-01, 1.384171235345e-06, 5.1607e+01, 1.4445e+00, 
 2DIAGNOSTIC,    23, -3.662008967304e-01, 1.309503547132e-06, 5.2896e+01, 1.2895e+00, 
 2DIAGNOSTIC,    24, -3.662008589316e-01, 1.245216209970e-06, 5.4426e+01, 1.5294e+00, 
 2DIAGNOSTIC,    25, -3.662009022561e-01, 1.195923483757e-06, 5.6081e+01, 1.6552e+00, 
 2DIAGNOSTIC,    26, -3.662008588666e-01, 1.154782633336e-06, 5.7442e+01, 1.3611e+00, 
 2DIAGNOSTIC,    27, -3.662010886987e-01, 1.126687749813e-06, 5.9006e+01, 1.5643e+00, 
 2DIAGNOSTIC,    28, -3.662011545041e-01, 1.105168558301e-06, 6.0485e+01, 1.4790e+00, 
 2DIAGNOSTIC,    29, -3.662007271281e-01, 1.074819881576e-06, 6.2257e+01, 1.7717e+00, 
 2DIAGNOSTIC,    30, -3.662006710330e-01, 1.041888320188e-06, 6.3907e+01, 1.6501e+00, 
 2DIAGNOSTIC,    31, -3.662006079488e-01, 1.010052207345e-06, 6.5420e+01, 1.5123e+00, 
  Elapsed time (stage 0): 6.6258e+01


Total elapsed time: 6.6261e+01
Info [verificarlo]: loaded backend libinterflop_ieee.so
Info [interflop-ieee]: load backend with:
Info [interflop-ieee]: debug = false
Info [interflop-ieee]: debug-binary = false
Info [interflop-ieee]: no-backend-name = false
Info [interflop-ieee]: print-new-line = false
Info [interflop-ieee]: print-subnormal-normalized = false
Info [interflop-ieee]: count-op = false
All_Command_lines_OK
Using double precision for computations.
=============================================================================
The composite transform comprises the following transforms (in order): 
  1. /home/mdugre/scratch/mri-registration-rp/datasets/ds004513/derivatives/mri-registration-rp/0001/antsRegistration-r8-p13/sub-s014/rigid_Composite.h5[0] (type = Euler3DTransform)
  2. /home/mdugre/scratch/mri-registration-rp/datasets/ds004513/derivatives/mri-registration-rp/0001/antsRegistration-r8-p13/sub-s014/rigid_Composite.h5[1] (type = Euler3DTransform)
  3. /home/mdugre/scratch/mri-registration-rp/datasets/ds004513/derivatives/mri-registration-rp/0001/antsRegistration-r8-p13/sub-s014/rigid_Composite.h5[2] (type = Euler3DTransform)
=============================================================================
  number of levels = 4
  fixed image: /templateflow/tpl-MNI152NLin2009cAsym/tpl-MNI152NLin2009cAsym_res-01_desc-brain_T1w.nii.gz
  moving image: /home/mdugre/scratch/mri-registration-rp/datasets/ds004513/derivatives/mri-registration-rp/antsBrainExtraction/sub-s014/BrainExtractionBrain.nii.gz
Dimension = 3
Number of stages = 1
Use histogram matching = false
Winsorize image intensities = true
  Lower quantile = 0.005
  Upper quantile = 0.995


Stage 1 State
   Image metric = MattesMI
     Fixed image = Image (0x4b477e0)
  RTTI typeinfo:   itk::Image<double, 3u>
  Reference Count: 2
  Modified Time: 1594
  Debug: Off
  Object Name: 
  Observers: 
    none
  Source: (none)
  Source output name: (none)
  Release Data: Off
  Data Released: False
  Global Release Data: Off
  PipelineMTime: 0
  UpdateMTime: 1203
  RealTimeStamp: 0 seconds 
  LargestPossibleRegion: 
    Dimension: 3
    Index: [0, 0, 0]
    Size: [193, 229, 193]
  BufferedRegion: 
    Dimension: 3
    Index: [0, 0, 0]
    Size: [193, 229, 193]
  RequestedRegion: 
    Dimension: 3
    Index: [0, 0, 0]
    Size: [193, 229, 193]
  Spacing: [1, 1, 1]
  Origin: [96, 132, -78]
  Direction: 
-1 0 0
0 -1 0
0 0 1

  IndexToPointMatrix: 
-1 0 0
0 -1 0
0 0 1

  PointToIndexMatrix: 
-1 0 0
0 -1 0
0 0 1

  Inverse Direction: 
-1 0 0
0 -1 0
0 0 1

  PixelContainer: 
    ImportImageContainer (0x4c07a20)
      RTTI typeinfo:   itk::ImportImageContainer<unsigned long, double>
      Reference Count: 1
      Modified Time: 1200
      Debug: Off
      Object Name: 
      Observers: 
        none
      Pointer: 0x152a48c68010
      Container manages memory: true
      Size: 8530021
      Capacity: 8530021

     Moving image = Image (0x4c02d70)
  RTTI typeinfo:   itk::Image<double, 3u>
  Reference Count: 2
  Modified Time: 1595
  Debug: Off
  Object Name: 
  Observers: 
    none
  Source: (none)
  Source output name: (none)
  Release Data: Off
  Data Released: False
  Global Release Data: Off
  PipelineMTime: 0
  UpdateMTime: 1592
  RealTimeStamp: 0 seconds 
  LargestPossibleRegion: 
    Dimension: 3
    Index: [0, 0, 0]
    Size: [160, 240, 256]
  BufferedRegion: 
    Dimension: 3
    Index: [0, 0, 0]
    Size: [160, 240, 256]
  RequestedRegion: 
    Dimension: 3
    Index: [0, 0, 0]
    Size: [160, 240, 256]
  Spacing: [0.999999, 1, 1]
  Origin: [84.1637, 106.709, -120.531]
  Direction: 
-0.999619 -0.0226874 -0.0157033
0.0226846 -0.999743 0.00035635
-0.0157073 -7.8229e-09 0.999877

  IndexToPointMatrix: 
-0.999619 -0.0226874 -0.0157033
0.0226845 -0.999743 0.00035635
-0.0157073 -7.8229e-09 0.999877

  PointToIndexMatrix: 
-0.99962 0.0226846 -0.0157073
-0.0226874 -0.999743 -7.83127e-09
-0.0157033 0.00035635 0.999877

  Inverse Direction: 
-0.999619 0.0226846 -0.0157073
-0.0226874 -0.999743 -7.83127e-09
-0.0157033 0.00035635 0.999877

  PixelContainer: 
    ImportImageContainer (0x4bbac90)
      RTTI typeinfo:   itk::ImportImageContainer<unsigned long, double>
      Reference Count: 1
      Modified Time: 1589
      Debug: Off
      Object Name: 
      Observers: 
        none
      Pointer: 0x152a44167010
      Container manages memory: true
      Size: 9830400
      Capacity: 9830400

     Weighting = 1
     Sampling strategy = regular
     Number of bins = 32
     Radius = 4
     Sampling percentage  = 0.25
   Transform = Affine
     Gradient step = 0.1
     Update field sigma (voxel space) = 0
     Total field sigma (voxel space) = 0
     Update field time sigma = 0
     Total field time sigma  = 0
     Number of time indices = 0
     Number of time point samples = 0
Registration using 1 total stages.

Stage 0
  iterations = 1000x500x250x100
  convergence threshold = 1e-06
  convergence window size = 10
  number of levels = 4
  using the Mattes MI metric (number of bins = 32, weight = 1, use gradient filter = 0)
  preprocessing:  winsorizing the image intensities
  Shrink factors (level 1 out of 4): [8, 8, 8]
  Shrink factors (level 2 out of 4): [4, 4, 4]
  Shrink factors (level 3 out of 4): [2, 2, 2]
  Shrink factors (level 4 out of 4): [1, 1, 1]
  smoothing sigmas per level: [3, 2, 1, 0]
  regular sampling (percentage = 0.25)

*** Running AffineTransform registration ***

DIAGNOSTIC,Iteration,metricValue,convergenceValue,ITERATION_TIME_INDEX,SINCE_LAST
 2DIAGNOSTIC,     1, -5.239750083613e-01, 1.797693134862e+308, 6.3974e-01, 6.3974e-01, 
 2DIAGNOSTIC,     2, -5.258640014492e-01, 1.797693134862e+308, 6.4443e-01, 4.6930e-03, 
 2DIAGNOSTIC,     3, -5.291088181430e-01, 1.797693134862e+308, 6.4908e-01, 4.6508e-03, 
 2DIAGNOSTIC,     4, -5.347710742531e-01, 1.797693134862e+308, 6.5403e-01, 4.9510e-03, 
 2DIAGNOSTIC,     5, -5.449383438201e-01, 1.797693134862e+308, 6.5888e-01, 4.8411e-03, 
 2DIAGNOSTIC,     6, -6.215306423404e-01, 1.797693134862e+308, 6.6406e-01, 5.1880e-03, 
 2DIAGNOSTIC,     7, -6.633611189977e-01, 1.797693134862e+308, 6.6903e-01, 4.9629e-03, 
 2DIAGNOSTIC,     8, -7.298997616405e-01, 1.797693134862e+308, 6.7612e-01, 7.0901e-03, 
 2DIAGNOSTIC,     9, -7.422521064223e-01, 1.797693134862e+308, 6.8099e-01, 4.8721e-03, 
 2DIAGNOSTIC,    10, -7.541338284600e-01, 2.915590456468e-02, 6.8669e-01, 5.6970e-03, 
 2DIAGNOSTIC,    11, -7.649021991069e-01, 2.764847268212e-02, 6.9224e-01, 5.5540e-03, 
 2DIAGNOSTIC,    12, -7.741613911047e-01, 2.434790972616e-02, 6.9906e-01, 6.8159e-03, 
 2DIAGNOSTIC,    13, -7.770752642324e-01, 1.968342238675e-02, 7.0485e-01, 5.7950e-03, 
 2DIAGNOSTIC,    14, -7.814244394962e-01, 1.436952877024e-02, 7.0972e-01, 4.8668e-03, 
 2DIAGNOSTIC,    15, -7.874240651399e-01, 9.014368548444e-03, 7.1662e-01, 6.9010e-03, 
 2DIAGNOSTIC,    16, -7.920938215261e-01, 5.733377360598e-03, 7.2240e-01, 5.7790e-03, 
 2DIAGNOSTIC,    17, -7.957349119729e-01, 3.442741185429e-03, 7.2792e-01, 5.5270e-03, 
 2DIAGNOSTIC,    18, -8.010581431961e-01, 2.769031692150e-03, 7.3504e-01, 7.1199e-03, 
 2DIAGNOSTIC,    19, -8.020624118043e-01, 2.204701285900e-03, 7.4108e-01, 6.0370e-03, 
 2DIAGNOSTIC,    20, -8.025884991538e-01, 1.748767289594e-03, 7.4633e-01, 5.2519e-03, 
 2DIAGNOSTIC,    21, -8.047945697703e-01, 1.424905132374e-03, 7.5257e-01, 6.2349e-03, 
 2DIAGNOSTIC,    22, -8.088010965730e-01, 1.241429717302e-03, 7.5957e-01, 7.0031e-03, 
 2DIAGNOSTIC,    23, -8.108213390738e-01, 1.042858000260e-03, 7.6587e-01, 6.2950e-03, 
 2DIAGNOSTIC,    24, -8.126146077502e-01, 8.656232491132e-04, 7.7127e-01, 5.4040e-03, 
 2DIAGNOSTIC,    25, -8.155477083327e-01, 7.639507211657e-04, 7.7748e-01, 6.2141e-03, 
 2DIAGNOSTIC,    26, -8.214998840597e-01, 7.574063056362e-04, 7.8293e-01, 5.4450e-03, 
 2DIAGNOSTIC,    27, -8.250877042517e-01, 7.798244406943e-04, 7.8919e-01, 6.2640e-03, 
 2DIAGNOSTIC,    28, -8.288859220101e-01, 8.528500666306e-04, 7.9676e-01, 7.5660e-03, 
 2DIAGNOSTIC,    29, -8.297122291182e-01, 8.652114002808e-04, 8.0224e-01, 5.4841e-03, 
 2DIAGNOSTIC,    30, -8.333717602847e-01, 8.489053715645e-04, 8.0786e-01, 5.6190e-03, 
 2DIAGNOSTIC,    31, -8.366869756331e-01, 8.190461963487e-04, 8.1410e-01, 6.2330e-03, 
 2DIAGNOSTIC,    32, -8.378448826851e-01, 7.739542533772e-04, 8.1959e-01, 5.4991e-03, 
 2DIAGNOSTIC,    33, -8.386434362009e-01, 6.919891850942e-04, 8.2571e-01, 6.1171e-03, 
 2DIAGNOSTIC,    34, -8.393207514769e-01, 5.779986745285e-04, 8.3306e-01, 7.3481e-03, 
 2DIAGNOSTIC,    35, -8.396567133028e-01, 4.503127462934e-04, 8.3854e-01, 5.4770e-03, 
 2DIAGNOSTIC,    36, -8.402330622089e-01, 3.548181884321e-04, 8.4397e-01, 5.4369e-03, 
 2DIAGNOSTIC,    37, -8.406979126406e-01, 2.716579403404e-04, 8.4936e-01, 5.3880e-03, 
 2DIAGNOSTIC,    38, -8.411693198808e-01, 2.100471257105e-04, 8.5488e-01, 5.5199e-03, 
 2DIAGNOSTIC,    39, -8.413403998512e-01, 1.409752642552e-04, 8.6023e-01, 5.3480e-03, 
 2DIAGNOSTIC,    40, -8.419738504831e-01, 1.015443473153e-04, 8.6674e-01, 6.5072e-03, 
 2DIAGNOSTIC,    41, -8.420473197285e-01, 8.493004556235e-05, 8.7206e-01, 5.3220e-03, 
 2DIAGNOSTIC,    42, -8.422139568457e-01, 7.270628374925e-05, 8.7798e-01, 5.9249e-03, 
 2DIAGNOSTIC,    43, -8.428794225109e-01, 6.671162102547e-05, 8.8394e-01, 5.9600e-03, 
 2DIAGNOSTIC,    44, -8.433464293800e-01, 6.413979928007e-05, 8.9109e-01, 7.1449e-03, 
 2DIAGNOSTIC,    45, -8.434591884327e-01, 5.916236495090e-05, 8.9757e-01, 6.4812e-03, 
 2DIAGNOSTIC,    46, -8.432565224714e-01, 5.185213193279e-05, 9.0354e-01, 5.9690e-03, 
 2DIAGNOSTIC,    47, -8.430404961496e-01, 4.199467308702e-05, 9.0896e-01, 5.4200e-03, 
 2DIAGNOSTIC,    48, -8.428364307575e-01, 3.063864019456e-05, 9.1429e-01, 5.3349e-03, 
 2DIAGNOSTIC,    49, -8.427753111614e-01, 1.754974029915e-05, 9.2019e-01, 5.8959e-03, 
 2DIAGNOSTIC,    50, -8.425689460969e-01, 6.546770263866e-06, 9.2550e-01, 5.3060e-03, 
DIAGNOSTIC,Iteration,metricValue,convergenceValue,ITERATION_TIME_INDEX,SINCE_LAST
 2DIAGNOSTIC,     1, -6.903254023979e-01, 1.797693134862e+308, 1.6391e+00, 7.1363e-01, 
 2DIAGNOSTIC,     2, -6.911210124165e-01, 1.797693134862e+308, 1.6776e+00, 3.8495e-02, 
 2DIAGNOSTIC,     3, -6.916046881105e-01, 1.797693134862e+308, 1.7161e+00, 3.8449e-02, 
 2DIAGNOSTIC,     4, -6.918794154672e-01, 1.797693134862e+308, 1.7546e+00, 3.8488e-02, 
 2DIAGNOSTIC,     5, -6.922916691216e-01, 1.797693134862e+308, 1.7932e+00, 3.8631e-02, 
 2DIAGNOSTIC,     6, -6.926827516845e-01, 1.797693134862e+308, 1.8310e+00, 3.7801e-02, 
 2DIAGNOSTIC,     7, -6.933493856146e-01, 1.797693134862e+308, 1.8769e+00, 4.5953e-02, 
 2DIAGNOSTIC,     8, -6.936894149593e-01, 1.797693134862e+308, 1.9362e+00, 5.9237e-02, 
 2DIAGNOSTIC,     9, -6.936761134992e-01, 1.797693134862e+308, 1.9817e+00, 4.5489e-02, 
 2DIAGNOSTIC,    10, -6.936547626621e-01, 3.223549192297e-04, 2.0242e+00, 4.2498e-02, 
 2DIAGNOSTIC,    11, -6.936569036577e-01, 2.398377782510e-04, 2.0624e+00, 3.8263e-02, 
 2DIAGNOSTIC,    12, -6.936479311480e-01, 1.761225100719e-04, 2.1043e+00, 4.1918e-02, 
 2DIAGNOSTIC,    13, -6.936509876816e-01, 1.217725317648e-04, 2.1433e+00, 3.8955e-02, 
 2DIAGNOSTIC,    14, -6.936432970121e-01, 7.226207925110e-05, 2.1875e+00, 4.4147e-02, 
 2DIAGNOSTIC,    15, -6.936467431919e-01, 3.441900614005e-05, 2.2284e+00, 4.0996e-02, 
 2DIAGNOSTIC,    16, -6.936393251321e-01, 7.793744437795e-06, 2.2686e+00, 4.0115e-02, 
DIAGNOSTIC,Iteration,metricValue,convergenceValue,ITERATION_TIME_INDEX,SINCE_LAST
 2DIAGNOSTIC,     1, -5.886817598103e-01, 1.797693134862e+308, 3.4899e+00, 1.2213e+00, 
 2DIAGNOSTIC,     2, -5.893270093561e-01, 1.797693134862e+308, 3.7959e+00, 3.0604e-01, 
 2DIAGNOSTIC,     3, -5.900262818404e-01, 1.797693134862e+308, 4.0957e+00, 2.9978e-01, 
 2DIAGNOSTIC,     4, -5.908498392029e-01, 1.797693134862e+308, 4.3744e+00, 2.7876e-01, 
 2DIAGNOSTIC,     5, -5.918268156528e-01, 1.797693134862e+308, 4.6743e+00, 2.9989e-01, 
 2DIAGNOSTIC,     6, -5.938501508312e-01, 1.797693134862e+308, 5.1328e+00, 4.5843e-01, 
 2DIAGNOSTIC,     7, -5.938634658836e-01, 1.797693134862e+308, 5.6709e+00, 5.3817e-01, 
 2DIAGNOSTIC,     8, -5.938657173555e-01, 1.797693134862e+308, 5.9861e+00, 3.1514e-01, 
 2DIAGNOSTIC,     9, -5.938652388616e-01, 1.797693134862e+308, 6.3420e+00, 3.5588e-01, 
 2DIAGNOSTIC,    10, -5.938639013737e-01, 6.553159712680e-04, 6.6757e+00, 3.3377e-01, 
 2DIAGNOSTIC,    11, -5.938629562733e-01, 4.810811029889e-04, 7.0093e+00, 3.3357e-01, 
 2DIAGNOSTIC,    12, -5.938627023527e-01, 3.188057148039e-04, 7.3687e+00, 3.5944e-01, 
 2DIAGNOSTIC,    13, -5.938623319672e-01, 1.795847779931e-04, 7.7106e+00, 3.4191e-01, 
 2DIAGNOSTIC,    14, -5.938618585696e-01, 7.229415665617e-05, 8.0529e+00, 3.4229e-01, 
 2DIAGNOSTIC,    15, -5.938613841816e-01, 2.320510074580e-06, 8.3974e+00, 3.4449e-01, 
 2DIAGNOSTIC,    16, -5.938612304096e-01, 1.717229921080e-06, 8.7347e+00, 3.3724e-01, 
 2DIAGNOSTIC,    17, -5.938607913087e-01, 1.570906188901e-06, 9.0693e+00, 3.3467e-01, 
 2DIAGNOSTIC,    18, -5.938602585979e-01, 1.514546049276e-06, 9.3959e+00, 3.2652e-01, 
 2DIAGNOSTIC,    19, -5.938587926156e-01, 1.439813416576e-06, 9.6680e+00, 2.7213e-01, 
 2DIAGNOSTIC,    20, -5.938604677580e-01, 1.404050842119e-06, 9.9328e+00, 2.6480e-01, 
 2DIAGNOSTIC,    21, -5.938608315417e-01, 1.374361887581e-06, 1.0271e+01, 3.3823e-01, 
 2DIAGNOSTIC,    22, -5.938587220828e-01, 1.309059740238e-06, 1.0588e+01, 3.1700e-01, 
 2DIAGNOSTIC,    23, -5.938595500689e-01, 1.274338101882e-06, 1.0855e+01, 2.6731e-01, 
 2DIAGNOSTIC,    24, -5.938593258974e-01, 1.238588684886e-06, 1.1188e+01, 3.3293e-01, 
 2DIAGNOSTIC,    25, -5.938578624240e-01, 1.175885008149e-06, 1.1543e+01, 3.5429e-01, 
 2DIAGNOSTIC,    26, -5.938575188122e-01, 1.118631434011e-06, 1.1856e+01, 3.1392e-01, 
