
##########################
# Experiment information #
##########################

EXPERIMENT_NAME: antsRegistration-r8-p16
VFC_BACKENDS: libinterflop_vprec.so --range-binary32=8 --precision-binary32=16 --range-binary64=8 --precision-binary64=16

SIF_IMG: /home/mdugre/projects/rrg-glatard/mdugre/containers/ants-vprec-no_metrics.simg

SUBJECT_ID: s020
INPUT_IMG: /home/mdugre/scratch/mri-registration-rp/datasets/ds004513/derivatives/mri-registration-rp/antsBrainExtraction/sub-s020/BrainExtractionBrain.nii.gz
OUTPUT_DIR: /home/mdugre/scratch/mri-registration-rp/datasets/ds004513/derivatives/mri-registration-rp/0001/antsRegistration-r8-p16/sub-s020

FIXED_IMG: /templateflow/tpl-MNI152NLin2009cAsym/tpl-MNI152NLin2009cAsym_res-01_desc-brain_T1w.nii.gz
DATA_DIR: /home/mdugre/scratch/mri-registration-rp/datasets/ds004513
TEMPLATEFLOW_DIR: /home/mdugre/projects/rrg-glatard/mdugre/templateflow
ITK_GLOBAL_DEFAULT_NUMBER_OF_THREADS: 16
##########################

Info [verificarlo]: loaded backend libinterflop_ieee.so
Info [interflop-ieee]: load backend with:
Info [interflop-ieee]: debug = false
Info [interflop-ieee]: debug-binary = false
Info [interflop-ieee]: no-backend-name = false
Info [interflop-ieee]: print-new-line = false
Info [interflop-ieee]: print-subnormal-normalized = false
Info [interflop-ieee]: count-op = false
All_Command_lines_OK
Using double precision for computations.
=============================================================================
The composite transform comprises the following transforms (in order): 
  1. Center of mass alignment using fixed image: /templateflow/tpl-MNI152NLin2009cAsym/tpl-MNI152NLin2009cAsym_res-01_desc-brain_T1w.nii.gz and moving image: /home/mdugre/scratch/mri-registration-rp/datasets/ds004513/derivatives/mri-registration-rp/antsBrainExtraction/sub-s020/BrainExtractionBrain.nii.gz (type = Euler3DTransform)
=============================================================================
  number of levels = 1
  fixed image: /templateflow/tpl-MNI152NLin2009cAsym/tpl-MNI152NLin2009cAsym_res-01_desc-brain_T1w.nii.gz
  moving image: /home/mdugre/scratch/mri-registration-rp/datasets/ds004513/derivatives/mri-registration-rp/antsBrainExtraction/sub-s020/BrainExtractionBrain.nii.gz
Dimension = 3
Number of stages = 1
Use histogram matching = false
Winsorize image intensities = true
  Lower quantile = 0.005
  Upper quantile = 0.995


Stage 1 State
   Image metric = MattesMI
     Fixed image = Image (0x3964e70)
  RTTI typeinfo:   itk::Image<double, 3u>
  Reference Count: 2
  Modified Time: 2334
  Debug: Off
  Object Name: 
  Observers: 
    none
  Source: (none)
  Source output name: (none)
  Release Data: Off
  Data Released: False
  Global Release Data: Off
  PipelineMTime: 0
  UpdateMTime: 1943
  RealTimeStamp: 0 seconds 
  LargestPossibleRegion: 
    Dimension: 3
    Index: [0, 0, 0]
    Size: [193, 229, 193]
  BufferedRegion: 
    Dimension: 3
    Index: [0, 0, 0]
    Size: [193, 229, 193]
  RequestedRegion: 
    Dimension: 3
    Index: [0, 0, 0]
    Size: [193, 229, 193]
  Spacing: [1, 1, 1]
  Origin: [96, 132, -78]
  Direction: 
-1 0 0
0 -1 0
0 0 1

  IndexToPointMatrix: 
-1 0 0
0 -1 0
0 0 1

  PointToIndexMatrix: 
-1 0 0
0 -1 0
0 0 1

  Inverse Direction: 
-1 0 0
0 -1 0
0 0 1

  PixelContainer: 
    ImportImageContainer (0x396dc60)
      RTTI typeinfo:   itk::ImportImageContainer<unsigned long, double>
      Reference Count: 1
      Modified Time: 1940
      Debug: Off
      Object Name: 
      Observers: 
        none
      Pointer: 0x1518187f9010
      Container manages memory: true
      Size: 8530021
      Capacity: 8530021

     Moving image = Image (0x3970610)
  RTTI typeinfo:   itk::Image<double, 3u>
  Reference Count: 2
  Modified Time: 2335
  Debug: Off
  Object Name: 
  Observers: 
    none
  Source: (none)
  Source output name: (none)
  Release Data: Off
  Data Released: False
  Global Release Data: Off
  PipelineMTime: 0
  UpdateMTime: 2332
  RealTimeStamp: 0 seconds 
  LargestPossibleRegion: 
    Dimension: 3
    Index: [0, 0, 0]
    Size: [160, 240, 256]
  BufferedRegion: 
    Dimension: 3
    Index: [0, 0, 0]
    Size: [160, 240, 256]
  RequestedRegion: 
    Dimension: 3
    Index: [0, 0, 0]
    Size: [160, 240, 256]
  Spacing: [0.999995, 1, 1]
  Origin: [87.0906, 98.7205, -152.377]
  Direction: 
-0.996975 0.0261379 -0.0731913
-0.0260677 -0.999658 -0.00191374
-0.0732163 -2.46403e-08 0.997316

  IndexToPointMatrix: 
-0.996971 0.0261379 -0.0731913
-0.0260676 -0.999658 -0.00191374
-0.0732159 -2.46403e-08 0.997316

  PointToIndexMatrix: 
-0.99698 -0.0260679 -0.0732166
0.0261379 -0.999658 -2.46993e-08
-0.0731913 -0.00191374 0.997316

  Inverse Direction: 
-0.996975 -0.0260677 -0.0732163
0.0261379 -0.999658 -2.46993e-08
-0.0731913 -0.00191374 0.997316

  PixelContainer: 
    ImportImageContainer (0x3a09ef0)
      RTTI typeinfo:   itk::ImportImageContainer<unsigned long, double>
      Reference Count: 1
      Modified Time: 2329
      Debug: Off
      Object Name: 
      Observers: 
        none
      Pointer: 0x151813cf8010
      Container manages memory: true
      Size: 9830400
      Capacity: 9830400

     Weighting = 1
     Sampling strategy = regular
     Number of bins = 32
     Radius = 4
     Sampling percentage  = 0.25
   Transform = Rigid
     Gradient step = 0.1
     Update field sigma (voxel space) = 0
     Total field sigma (voxel space) = 0
     Update field time sigma = 0
     Total field time sigma  = 0
     Number of time indices = 0
     Number of time point samples = 0
Registration using 1 total stages.

Stage 0
  iterations = 0
  convergence threshold = 1e-06
  convergence window size = 10
  number of levels = 1
  using the Mattes MI metric (number of bins = 32, weight = 1, use gradient filter = 0)
  preprocessing:  winsorizing the image intensities
  Shrink factors (level 1 out of 1): [1, 1, 1]
  smoothing sigmas per level: [0]
  regular sampling (percentage = 0.25)

*** Running Euler3DTransform registration ***

  Elapsed time (stage 0): 1.06734


Total elapsed time: 1.06946
Info [verificarlo]: loaded backend libinterflop_ieee.so
Info [interflop-ieee]: load backend with:
Info [interflop-ieee]: debug = false
Info [interflop-ieee]: debug-binary = false
Info [interflop-ieee]: no-backend-name = false
Info [interflop-ieee]: print-new-line = false
Info [interflop-ieee]: print-subnormal-normalized = false
Info [interflop-ieee]: count-op = false
All_Command_lines_OK
Using double precision for computations.
=============================================================================
The composite transform comprises the following transforms (in order): 
  1. /home/mdugre/scratch/mri-registration-rp/datasets/ds004513/derivatives/mri-registration-rp/0001/antsRegistration-r8-p16/sub-s020/align_Composite.h5[0] (type = Euler3DTransform)
  2. /home/mdugre/scratch/mri-registration-rp/datasets/ds004513/derivatives/mri-registration-rp/0001/antsRegistration-r8-p16/sub-s020/align_Composite.h5[1] (type = Euler3DTransform)
=============================================================================
  number of levels = 4
  fixed image: /templateflow/tpl-MNI152NLin2009cAsym/tpl-MNI152NLin2009cAsym_res-01_desc-brain_T1w.nii.gz
  moving image: /home/mdugre/scratch/mri-registration-rp/datasets/ds004513/derivatives/mri-registration-rp/antsBrainExtraction/sub-s020/BrainExtractionBrain.nii.gz
Dimension = 3
Number of stages = 1
Use histogram matching = false
Winsorize image intensities = true
  Lower quantile = 0.005
  Upper quantile = 0.995


Stage 1 State
   Image metric = MattesMI
     Fixed image = Image (0x382c530)
  RTTI typeinfo:   itk::Image<double, 3u>
  Reference Count: 2
  Modified Time: 1580
  Debug: Off
  Object Name: 
  Observers: 
    none
  Source: (none)
  Source output name: (none)
  Release Data: Off
  Data Released: False
  Global Release Data: Off
  PipelineMTime: 0
  UpdateMTime: 1189
  RealTimeStamp: 0 seconds 
  LargestPossibleRegion: 
    Dimension: 3
    Index: [0, 0, 0]
    Size: [193, 229, 193]
  BufferedRegion: 
    Dimension: 3
    Index: [0, 0, 0]
    Size: [193, 229, 193]
  RequestedRegion: 
    Dimension: 3
    Index: [0, 0, 0]
    Size: [193, 229, 193]
  Spacing: [1, 1, 1]
  Origin: [96, 132, -78]
  Direction: 
-1 0 0
0 -1 0
0 0 1

  IndexToPointMatrix: 
-1 0 0
0 -1 0
0 0 1

  PointToIndexMatrix: 
-1 0 0
0 -1 0
0 0 1

  Inverse Direction: 
-1 0 0
0 -1 0
0 0 1

  PixelContainer: 
    ImportImageContainer (0x38ead60)
      RTTI typeinfo:   itk::ImportImageContainer<unsigned long, double>
      Reference Count: 1
      Modified Time: 1186
      Debug: Off
      Object Name: 
      Observers: 
        none
      Pointer: 0x1468c53a5010
      Container manages memory: true
      Size: 8530021
      Capacity: 8530021

     Moving image = Image (0x38dcf60)
  RTTI typeinfo:   itk::Image<double, 3u>
  Reference Count: 2
  Modified Time: 1581
  Debug: Off
  Object Name: 
  Observers: 
    none
  Source: (none)
  Source output name: (none)
  Release Data: Off
  Data Released: False
  Global Release Data: Off
  PipelineMTime: 0
  UpdateMTime: 1578
  RealTimeStamp: 0 seconds 
  LargestPossibleRegion: 
    Dimension: 3
    Index: [0, 0, 0]
    Size: [160, 240, 256]
  BufferedRegion: 
    Dimension: 3
    Index: [0, 0, 0]
    Size: [160, 240, 256]
  RequestedRegion: 
    Dimension: 3
    Index: [0, 0, 0]
    Size: [160, 240, 256]
  Spacing: [0.999995, 1, 1]
  Origin: [87.0906, 98.7205, -152.377]
  Direction: 
-0.996975 0.0261379 -0.0731913
-0.0260677 -0.999658 -0.00191374
-0.0732163 -2.46403e-08 0.997316

  IndexToPointMatrix: 
-0.996971 0.0261379 -0.0731913
-0.0260676 -0.999658 -0.00191374
-0.0732159 -2.46403e-08 0.997316

  PointToIndexMatrix: 
-0.99698 -0.0260679 -0.0732166
0.0261379 -0.999658 -2.46993e-08
-0.0731913 -0.00191374 0.997316

  Inverse Direction: 
-0.996975 -0.0260677 -0.0732163
0.0261379 -0.999658 -2.46993e-08
-0.0731913 -0.00191374 0.997316

  PixelContainer: 
    ImportImageContainer (0x38ce6d0)
      RTTI typeinfo:   itk::ImportImageContainer<unsigned long, double>
      Reference Count: 1
      Modified Time: 1575
      Debug: Off
      Object Name: 
      Observers: 
        none
      Pointer: 0x1468c08a4010
      Container manages memory: true
      Size: 9830400
      Capacity: 9830400

     Weighting = 1
     Sampling strategy = regular
     Number of bins = 32
     Radius = 4
     Sampling percentage  = 0.25
   Transform = Rigid
     Gradient step = 0.1
     Update field sigma (voxel space) = 0
     Total field sigma (voxel space) = 0
     Update field time sigma = 0
     Total field time sigma  = 0
     Number of time indices = 0
     Number of time point samples = 0
Registration using 1 total stages.

Stage 0
  iterations = 1000x500x250x100
  convergence threshold = 1e-06
  convergence window size = 10
  number of levels = 4
  using the Mattes MI metric (number of bins = 32, weight = 1, use gradient filter = 0)
  preprocessing:  winsorizing the image intensities
  Shrink factors (level 1 out of 4): [8, 8, 8]
  Shrink factors (level 2 out of 4): [4, 4, 4]
  Shrink factors (level 3 out of 4): [2, 2, 2]
  Shrink factors (level 4 out of 4): [1, 1, 1]
  smoothing sigmas per level: [3, 2, 1, 0]
  regular sampling (percentage = 0.25)

*** Running Euler3DTransform registration ***

DIAGNOSTIC,Iteration,metricValue,convergenceValue,ITERATION_TIME_INDEX,SINCE_LAST
 2DIAGNOSTIC,     1, -3.791273390751e-01, 1.797693134862e+308, 7.0308e-01, 7.0308e-01, 
 2DIAGNOSTIC,     2, -3.803606001643e-01, 1.797693134862e+308, 7.0733e-01, 4.2470e-03, 
 2DIAGNOSTIC,     3, -3.828962034719e-01, 1.797693134862e+308, 7.1150e-01, 4.1690e-03, 
 2DIAGNOSTIC,     4, -3.876122532015e-01, 1.797693134862e+308, 7.1523e-01, 3.7301e-03, 
 2DIAGNOSTIC,     5, -3.904935334081e-01, 1.797693134862e+308, 7.1943e-01, 4.2040e-03, 
 2DIAGNOSTIC,     6, -3.911039700181e-01, 1.797693134862e+308, 7.2320e-01, 3.7639e-03, 
 2DIAGNOSTIC,     7, -3.914905453856e-01, 1.797693134862e+308, 7.2698e-01, 3.7849e-03, 
 2DIAGNOSTIC,     8, -3.925629083064e-01, 1.797693134862e+308, 7.3092e-01, 3.9380e-03, 
 2DIAGNOSTIC,     9, -3.981570789235e-01, 1.797693134862e+308, 7.3491e-01, 3.9909e-03, 
 2DIAGNOSTIC,    10, -4.079218556696e-01, 3.866687266231e-03, 7.4024e-01, 5.3360e-03, 
 2DIAGNOSTIC,    11, -4.246779602407e-01, 4.904320352956e-03, 7.4491e-01, 4.6651e-03, 
 2DIAGNOSTIC,    12, -4.297045200929e-01, 5.673254149495e-03, 7.4911e-01, 4.1990e-03, 
 2DIAGNOSTIC,    13, -4.335692915503e-01, 6.156954111613e-03, 7.5393e-01, 4.8230e-03, 
 2DIAGNOSTIC,    14, -4.439932007389e-01, 6.764094567492e-03, 7.5820e-01, 4.2651e-03, 
 2DIAGNOSTIC,    15, -4.466217673629e-01, 6.904768047015e-03, 7.6300e-01, 4.8051e-03, 
 2DIAGNOSTIC,    16, -4.513528166465e-01, 6.619270358025e-03, 7.6719e-01, 4.1881e-03, 
 2DIAGNOSTIC,    17, -4.528510999697e-01, 5.844785632082e-03, 7.7189e-01, 4.6961e-03, 
 2DIAGNOSTIC,    18, -4.555717392092e-01, 4.777374798326e-03, 7.7806e-01, 6.1760e-03, 
 2DIAGNOSTIC,    19, -4.559551113370e-01, 3.601534595414e-03, 7.8219e-01, 4.1299e-03, 
 2DIAGNOSTIC,    20, -4.573566176188e-01, 2.586715572346e-03, 7.8836e-01, 6.1629e-03, 
 2DIAGNOSTIC,    21, -4.575248366956e-01, 1.982972042384e-03, 7.9240e-01, 4.0410e-03, 
 2DIAGNOSTIC,    22, -4.577282901534e-01, 1.415638692490e-03, 7.9715e-01, 4.7510e-03, 
 2DIAGNOSTIC,    23, -4.579446631494e-01, 8.825833039414e-04, 8.0129e-01, 4.1471e-03, 
 2DIAGNOSTIC,    24, -4.580222316423e-01, 6.077367343421e-04, 8.0542e-01, 4.1251e-03, 
 2DIAGNOSTIC,    25, -4.581756401962e-01, 3.715365980498e-04, 8.0956e-01, 4.1389e-03, 
 2DIAGNOSTIC,    26, -4.586248193669e-01, 2.524103743997e-04, 8.1387e-01, 4.3142e-03, 
 2DIAGNOSTIC,    27, -4.589294029739e-01, 1.618677763539e-04, 8.2007e-01, 6.1960e-03, 
 2DIAGNOSTIC,    28, -4.591729148323e-01, 1.332920928823e-04, 8.2426e-01, 4.1940e-03, 
 2DIAGNOSTIC,    29, -4.592815452474e-01, 1.048167238657e-04, 8.2892e-01, 4.6611e-03, 
 2DIAGNOSTIC,    30, -4.597217551590e-01, 1.090678123391e-04, 8.3470e-01, 5.7728e-03, 
 2DIAGNOSTIC,    31, -4.598057322876e-01, 1.077864427716e-04, 8.3887e-01, 4.1718e-03, 
 2DIAGNOSTIC,    32, -4.606594652277e-01, 1.180535495925e-04, 8.4354e-01, 4.6721e-03, 
 2DIAGNOSTIC,    33, -4.610372433996e-01, 1.280764020603e-04, 8.4778e-01, 4.2439e-03, 
 2DIAGNOSTIC,    34, -4.611802680914e-01, 1.297207194052e-04, 8.5194e-01, 4.1540e-03, 
 2DIAGNOSTIC,    35, -4.615458496122e-01, 1.287470342130e-04, 8.5610e-01, 4.1649e-03, 
 2DIAGNOSTIC,    36, -4.621709334565e-01, 1.349011390089e-04, 8.6130e-01, 5.1980e-03, 
 2DIAGNOSTIC,    37, -4.629044089962e-01, 1.457624967247e-04, 8.6596e-01, 4.6580e-03, 
 2DIAGNOSTIC,    38, -4.631334723620e-01, 1.500785546630e-04, 8.7061e-01, 4.6539e-03, 
 2DIAGNOSTIC,    39, -4.635685257863e-01, 1.491572018560e-04, 8.7486e-01, 4.2520e-03, 
 2DIAGNOSTIC,    40, -4.640413073811e-01, 1.490536119594e-04, 8.7906e-01, 4.1940e-03, 
 2DIAGNOSTIC,    41, -4.650743513546e-01, 1.518560190791e-04, 8.8335e-01, 4.2870e-03, 
 2DIAGNOSTIC,    42, -4.683411879838e-01, 2.028737403835e-04, 8.9032e-01, 6.9790e-03, 
 2DIAGNOSTIC,    43, -4.698783741408e-01, 2.597116455693e-04, 8.9451e-01, 4.1859e-03, 
 2DIAGNOSTIC,    44, -4.706014783820e-01, 3.019072828406e-04, 8.9869e-01, 4.1800e-03, 
 2DIAGNOSTIC,    45, -4.707982517468e-01, 3.218352237254e-04, 9.0486e-01, 6.1738e-03, 
 2DIAGNOSTIC,    46, -4.708592873103e-01, 3.195281607275e-04, 9.0904e-01, 4.1780e-03, 
 2DIAGNOSTIC,    47, -4.714442980443e-01, 3.041880734925e-04, 9.1322e-01, 4.1790e-03, 
 2DIAGNOSTIC,    48, -4.722853234402e-01, 2.741728869954e-04, 9.1748e-01, 4.2579e-03, 
 2DIAGNOSTIC,    49, -4.740458753283e-01, 2.481332541590e-04, 9.2224e-01, 4.7572e-03, 
 2DIAGNOSTIC,    50, -4.754102060106e-01, 2.229221840353e-04, 9.2698e-01, 4.7400e-03, 
 2DIAGNOSTIC,    51, -4.758555414310e-01, 1.950587167262e-04, 9.3175e-01, 4.7700e-03, 
 2DIAGNOSTIC,    52, -4.766760122246e-01, 1.995756689613e-04, 9.3599e-01, 4.2460e-03, 
 2DIAGNOSTIC,    53, -4.773383521203e-01, 2.107841361354e-04, 9.4033e-01, 4.3380e-03, 
 2DIAGNOSTIC,    54, -4.845248454667e-01, 2.938863174746e-04, 9.4739e-01, 7.0639e-03, 
 2DIAGNOSTIC,    55, -4.857041062028e-01, 3.591761643497e-04, 9.5158e-01, 4.1821e-03, 
 2DIAGNOSTIC,    56, -4.868243266041e-01, 4.016691832171e-04, 9.5573e-01, 4.1521e-03, 
 2DIAGNOSTIC,    57, -4.878335838593e-01, 4.228337900869e-04, 9.6039e-01, 4.6580e-03, 
 2DIAGNOSTIC,    58, -4.883692035779e-01, 4.169443936961e-04, 9.6506e-01, 4.6730e-03, 
 2DIAGNOSTIC,    59, -4.884709922786e-01, 3.897512279702e-04, 9.6932e-01, 4.2622e-03, 
 2DIAGNOSTIC,    60, -4.889704685096e-01, 3.454487568769e-04, 9.7344e-01, 4.1180e-03, 
 2DIAGNOSTIC,    61, -4.893534666494e-01, 2.788296882163e-04, 9.7910e-01, 5.6579e-03, 
 2DIAGNOSTIC,    62, -4.895742101630e-01, 1.989329346490e-04, 9.8371e-01, 4.6129e-03, 
 2DIAGNOSTIC,    63, -4.896509931284e-01, 1.082583745795e-04, 9.8786e-01, 4.1451e-03, 
 2DIAGNOSTIC,    64, -4.904968465833e-01, 8.879130944534e-05, 9.9249e-01, 4.6370e-03, 
 2DIAGNOSTIC,    65, -4.906427600613e-01, 7.382718415517e-05, 9.9664e-01, 4.1451e-03, 
 2DIAGNOSTIC,    66, -4.907482837218e-01, 6.367741807573e-05, 1.0009e+00, 4.2310e-03, 
 2DIAGNOSTIC,    67, -4.913975140501e-01, 6.321844662114e-05, 1.0060e+00, 5.1501e-03, 
 2DIAGNOSTIC,    68, -4.917368278396e-01, 6.465037436303e-05, 1.0101e+00, 4.1220e-03, 
 2DIAGNOSTIC,    69, -4.919013415914e-01, 6.206884874208e-05, 1.0143e+00, 4.1380e-03, 
 2DIAGNOSTIC,    70, -4.924315842423e-01, 6.274843063903e-05, 1.0190e+00, 4.7462e-03, 
 2DIAGNOSTIC,    71, -4.942082408104e-01, 7.625089662380e-05, 1.0253e+00, 6.2790e-03, 
 2DIAGNOSTIC,    72, -4.958988132683e-01, 9.812321724443e-05, 1.0300e+00, 4.6530e-03, 
 2DIAGNOSTIC,    73, -4.962926835275e-01, 1.135232526607e-04, 1.0342e+00, 4.2272e-03, 
 2DIAGNOSTIC,    74, -4.965595399907e-01, 1.272091400366e-04, 1.0390e+00, 4.8130e-03, 
 2DIAGNOSTIC,    75, -4.974229199748e-01, 1.367482828365e-04, 1.0435e+00, 4.4889e-03, 
 2DIAGNOSTIC,    76, -4.978530901814e-01, 1.366936694768e-04, 1.0487e+00, 5.2431e-03, 
 2DIAGNOSTIC,    77, -4.980066516707e-01, 1.296620820819e-04, 1.0534e+00, 4.6670e-03, 
 2DIAGNOSTIC,    78, -4.979605881204e-01, 1.129254552148e-04, 1.0575e+00, 4.0889e-03, 
 2DIAGNOSTIC,    79, -4.980433128922e-01, 8.798911347639e-05, 1.0621e+00, 4.6411e-03, 
 2DIAGNOSTIC,    80, -4.981583948019e-01, 5.991326838854e-05, 1.0662e+00, 4.1201e-03, 
 2DIAGNOSTIC,    81, -4.981704403702e-01, 3.999886598879e-05, 1.0710e+00, 4.7441e-03, 
 2DIAGNOSTIC,    82, -4.982126760655e-01, 2.978506825715e-05, 1.0756e+00, 4.6182e-03, 
 2DIAGNOSTIC,    83, -4.981322857438e-01, 1.939303488389e-05, 1.0813e+00, 5.6419e-03, 
 2DIAGNOSTIC,    84, -4.982147622755e-01, 9.866131836246e-06, 1.0853e+00, 4.0948e-03, 
 2DIAGNOSTIC,    85, -4.981733275284e-01, 5.467154073636e-06, 1.0901e+00, 4.7240e-03, 
 2DIAGNOSTIC,    86, -4.982241174227e-01, 4.082776758738e-06, 1.0949e+00, 4.8048e-03, 
 2DIAGNOSTIC,    87, -4.985311954970e-01, 5.632883211169e-06, 1.1003e+00, 5.4722e-03, 
 2DIAGNOSTIC,    88, -4.996421199263e-01, 1.396399821036e-05, 1.1084e+00, 8.0731e-03, 
 2DIAGNOSTIC,    89, -4.996497212326e-01, 2.119137753712e-05, 1.1127e+00, 4.2679e-03, 
 2DIAGNOSTIC,    90, -4.997538703680e-01, 2.783649096857e-05, 1.1169e+00, 4.2341e-03, 
 2DIAGNOSTIC,    91, -4.999015605880e-01, 3.282358123397e-05, 1.1212e+00, 4.2992e-03, 
 2DIAGNOSTIC,    92, -5.000766149976e-01, 3.592977370597e-05, 1.1255e+00, 4.2310e-03, 
 2DIAGNOSTIC,    93, -5.002853069727e-01, 3.621125906078e-05, 1.1297e+00, 4.2260e-03, 
 2DIAGNOSTIC,    94, -5.004073097446e-01, 3.434573310093e-05, 1.1338e+00, 4.1649e-03, 
 2DIAGNOSTIC,    95, -5.005035866417e-01, 2.971301487728e-05, 1.1381e+00, 4.2551e-03, 
 2DIAGNOSTIC,    96, -5.005372938595e-01, 2.289870482858e-05, 1.1424e+00, 4.2620e-03, 
 2DIAGNOSTIC,    97, -5.009641009447e-01, 1.843867580802e-05, 1.1477e+00, 5.3091e-03, 
 2DIAGNOSTIC,    98, -5.010765416742e-01, 1.981752267099e-05, 1.1545e+00, 6.8500e-03, 
 2DIAGNOSTIC,    99, -5.011201504118e-01, 1.960134665845e-05, 1.1588e+00, 4.2329e-03, 
 2DIAGNOSTIC,   100, -5.012004554202e-01, 1.867905798508e-05, 1.1634e+00, 4.6952e-03, 
 2DIAGNOSTIC,   101, -5.011874189809e-01, 1.678939117896e-05, 1.1677e+00, 4.2791e-03, 
 2DIAGNOSTIC,   102, -5.011998487356e-01, 1.440593962312e-05, 1.1721e+00, 4.3440e-03, 
 2DIAGNOSTIC,   103, -5.012541284129e-01, 1.222361888367e-05, 1.1766e+00, 4.5760e-03, 
 2DIAGNOSTIC,   104, -5.017977213881e-01, 1.280485253181e-05, 1.1814e+00, 4.7560e-03, 
 2DIAGNOSTIC,   105, -5.021761969102e-01, 1.483416509710e-05, 1.1869e+00, 5.5220e-03, 
 2DIAGNOSTIC,   106, -5.026699944571e-01, 1.833846669300e-05, 1.1923e+00, 5.3861e-03, 
 2DIAGNOSTIC,   107, -5.026099314127e-01, 2.207856781647e-05, 1.1967e+00, 4.3809e-03, 
 2DIAGNOSTIC,   108, -5.027228492922e-01, 2.495074551523e-05, 1.2015e+00, 4.7641e-03, 
 2DIAGNOSTIC,   109, -5.029267570051e-01, 2.669690405135e-05, 1.2062e+00, 4.7431e-03, 
 2DIAGNOSTIC,   110, -5.029848990729e-01, 2.653159310345e-05, 1.2156e+00, 9.4249e-03, 
 2DIAGNOSTIC,   111, -5.029852101542e-01, 2.377234278705e-05, 1.2198e+00, 4.2150e-03, 
 2DIAGNOSTIC,   112, -5.029865352264e-01, 1.894011533825e-05, 1.2240e+00, 4.1809e-03, 
 2DIAGNOSTIC,   113, -5.029885639369e-01, 1.266790718843e-05, 1.2284e+00, 4.3859e-03, 
 2DIAGNOSTIC,   114, -5.029913552389e-01, 8.136343918608e-06, 1.2326e+00, 4.1811e-03, 
 2DIAGNOSTIC,   115, -5.029946851687e-01, 4.841796860123e-06, 1.2368e+00, 4.1840e-03, 
 2DIAGNOSTIC,   116, -5.029989211094e-01, 3.771153033386e-06, 1.2410e+00, 4.1900e-03, 
 2DIAGNOSTIC,   117, -5.030037559454e-01, 2.100373249186e-06, 1.2456e+00, 4.6892e-03, 
DIAGNOSTIC,Iteration,metricValue,convergenceValue,ITERATION_TIME_INDEX,SINCE_LAST
 2DIAGNOSTIC,     1, -4.052102268277e-01, 1.797693134862e+308, 2.0015e+00, 7.5586e-01, 
 2DIAGNOSTIC,     2, -4.057292403822e-01, 1.797693134862e+308, 2.0331e+00, 3.1615e-02, 
 2DIAGNOSTIC,     3, -4.064892883934e-01, 1.797693134862e+308, 2.0606e+00, 2.7473e-02, 
 2DIAGNOSTIC,     4, -4.069375689723e-01, 1.797693134862e+308, 2.0875e+00, 2.6876e-02, 
 2DIAGNOSTIC,     5, -4.071078085701e-01, 1.797693134862e+308, 2.1143e+00, 2.6837e-02, 
 2DIAGNOSTIC,     6, -4.075919683054e-01, 1.797693134862e+308, 2.1452e+00, 3.0920e-02, 
 2DIAGNOSTIC,     7, -4.088310706672e-01, 1.797693134862e+308, 2.1763e+00, 3.1046e-02, 
 2DIAGNOSTIC,     8, -4.098021113583e-01, 1.797693134862e+308, 2.2109e+00, 3.4625e-02, 
 2DIAGNOSTIC,     9, -4.107883940217e-01, 1.797693134862e+308, 2.2389e+00, 2.7994e-02, 
 2DIAGNOSTIC,    10, -4.133159662802e-01, 1.104371166695e-03, 2.2718e+00, 3.2899e-02, 
 2DIAGNOSTIC,    11, -4.144327111703e-01, 1.193360334679e-03, 2.3007e+00, 2.8903e-02, 
 2DIAGNOSTIC,    12, -4.147459267701e-01, 1.207330840258e-03, 2.3332e+00, 3.2502e-02, 
 2DIAGNOSTIC,    13, -4.149028025468e-01, 1.160328409260e-03, 2.3730e+00, 3.9795e-02, 
 2DIAGNOSTIC,    14, -4.149150777879e-01, 1.038286112764e-03, 2.4021e+00, 2.9072e-02, 
 2DIAGNOSTIC,    15, -4.152335764295e-01, 8.594640838835e-04, 2.4318e+00, 2.9724e-02, 
 2DIAGNOSTIC,    16, -4.155422012546e-01, 6.570498072764e-04, 2.4604e+00, 2.8642e-02, 
 2DIAGNOSTIC,    17, -4.160262105256e-01, 4.889279812675e-04, 2.4918e+00, 3.1378e-02, 
 2DIAGNOSTIC,    18, -4.164070295836e-01, 3.470600130215e-04, 2.5301e+00, 3.8339e-02, 
 2DIAGNOSTIC,    19, -4.166197486107e-01, 2.298597355051e-04, 2.5682e+00, 3.8087e-02, 
 2DIAGNOSTIC,    20, -4.166203934432e-01, 1.896637988589e-04, 2.5952e+00, 2.6953e-02, 
 2DIAGNOSTIC,    21, -4.167160633229e-01, 1.754359768360e-04, 2.6256e+00, 3.0367e-02, 
 2DIAGNOSTIC,    22, -4.167433846238e-01, 1.566684038668e-04, 2.6524e+00, 2.6869e-02, 
 2DIAGNOSTIC,    23, -4.167651285409e-01, 1.303811267360e-04, 2.6794e+00, 2.7010e-02, 
 2DIAGNOSTIC,    24, -4.168645873727e-01, 9.738911581771e-05, 2.7066e+00, 2.7152e-02, 
 2DIAGNOSTIC,    25, -4.169720379820e-01, 6.977164689143e-05, 2.7329e+00, 2.6268e-02, 
 2DIAGNOSTIC,    26, -4.172339552955e-01, 5.271924845510e-05, 2.7692e+00, 3.6328e-02, 
 2DIAGNOSTIC,    27, -4.172479271075e-01, 4.442940668356e-05, 2.8032e+00, 3.4035e-02, 
 2DIAGNOSTIC,    28, -4.172511732945e-01, 4.207074988572e-05, 2.8339e+00, 3.0675e-02, 
 2DIAGNOSTIC,    29, -4.172384903892e-01, 4.084330119911e-05, 2.8612e+00, 2.7277e-02, 
 2DIAGNOSTIC,    30, -4.172474638936e-01, 3.605712747852e-05, 2.8879e+00, 2.6703e-02, 
 2DIAGNOSTIC,    31, -4.172516649247e-01, 3.039314877435e-05, 2.9150e+00, 2.7119e-02, 
 2DIAGNOSTIC,    32, -4.172532077870e-01, 2.294322949463e-05, 2.9493e+00, 3.4287e-02, 
 2DIAGNOSTIC,    33, -4.172550239285e-01, 1.441651242685e-05, 2.9761e+00, 2.6795e-02, 
 2DIAGNOSTIC,    34, -4.172512823732e-01, 7.061982055995e-06, 3.0072e+00, 3.1155e-02, 
 2DIAGNOSTIC,    35, -4.172615231540e-01, 1.715123527046e-06, 3.0394e+00, 3.2186e-02, 
 2DIAGNOSTIC,    36, -4.172695839128e-01, 1.718570681982e-06, 3.0887e+00, 4.9283e-02, 
 2DIAGNOSTIC,    37, -4.172734978464e-01, 1.968760616401e-06, 3.1218e+00, 3.3064e-02, 
 2DIAGNOSTIC,    38, -4.172765946193e-01, 2.227260892804e-06, 3.1583e+00, 3.6496e-02, 
 2DIAGNOSTIC,    39, -4.172712784213e-01, 2.022713158609e-06, 3.1891e+00, 3.0849e-02, 
 2DIAGNOSTIC,    40, -4.172651718376e-01, 1.762904213741e-06, 3.2147e+00, 2.5581e-02, 
 2DIAGNOSTIC,    41, -4.172660812445e-01, 1.507615091143e-06, 3.2430e+00, 2.8318e-02, 
 2DIAGNOSTIC,    42, -4.172667951661e-01, 1.228348045286e-06, 3.2748e+00, 3.1790e-02, 
DIAGNOSTIC,Iteration,metricValue,convergenceValue,ITERATION_TIME_INDEX,SINCE_LAST
 2DIAGNOSTIC,     1, -3.580765537186e-01, 1.797693134862e+308, 4.2807e+00, 1.0060e+00, 
 2DIAGNOSTIC,     2, -3.582642104389e-01, 1.797693134862e+308, 4.4879e+00, 2.0711e-01, 
 2DIAGNOSTIC,     3, -3.585566950468e-01, 1.797693134862e+308, 4.7117e+00, 2.2389e-01, 
 2DIAGNOSTIC,     4, -3.587418202901e-01, 1.797693134862e+308, 4.9396e+00, 2.2788e-01, 
 2DIAGNOSTIC,     5, -3.589228347116e-01, 1.797693134862e+308, 5.1502e+00, 2.1059e-01, 
 2DIAGNOSTIC,     6, -3.589787183501e-01, 1.797693134862e+308, 5.3882e+00, 2.3798e-01, 
 2DIAGNOSTIC,     7, -3.592394733381e-01, 1.797693134862e+308, 5.7134e+00, 3.2521e-01, 
 2DIAGNOSTIC,     8, -3.592743886518e-01, 1.797693134862e+308, 5.9140e+00, 2.0059e-01, 
 2DIAGNOSTIC,     9, -3.593892566291e-01, 1.797693134862e+308, 6.1573e+00, 2.4327e-01, 
 2DIAGNOSTIC,    10, -3.594159595233e-01, 2.461184498124e-04, 6.3902e+00, 2.3293e-01, 
 2DIAGNOSTIC,    11, -3.594465837678e-01, 1.896761912247e-04, 6.6102e+00, 2.2003e-01, 
 2DIAGNOSTIC,    12, -3.596387575194e-01, 1.505232548532e-04, 6.8812e+00, 2.7101e-01, 
 2DIAGNOSTIC,    13, -3.597231651766e-01, 1.264585435787e-04, 7.1039e+00, 2.2262e-01, 
 2DIAGNOSTIC,    14, -3.597682969696e-01, 1.074766212851e-04, 7.3153e+00, 2.1149e-01, 
 2DIAGNOSTIC,    15, -3.597899960634e-01, 9.233053315515e-05, 7.5674e+00, 2.5204e-01, 
 2DIAGNOSTIC,    16, -3.598157096150e-01, 7.458614331705e-05, 7.9881e+00, 4.2070e-01, 
 2DIAGNOSTIC,    17, -3.598164650638e-01, 6.430015199969e-05, 8.2253e+00, 2.3721e-01, 
 2DIAGNOSTIC,    18, -3.598166889790e-01, 5.075445466710e-05, 8.4599e+00, 2.3464e-01, 
 2DIAGNOSTIC,    19, -3.598156913316e-01, 3.892190092896e-05, 8.6575e+00, 1.9761e-01, 
 2DIAGNOSTIC,    20, -3.598158732804e-01, 2.596483847423e-05, 8.8833e+00, 2.2570e-01, 
 2DIAGNOSTIC,    21, -3.598165806379e-01, 1.299161974346e-05, 9.0707e+00, 1.8750e-01, 
 2DIAGNOSTIC,    22, -3.598159888080e-01, 6.955187722479e-06, 9.3110e+00, 2.4023e-01, 
 2DIAGNOSTIC,    23, -3.598160777399e-01, 3.814164747415e-06, 9.5108e+00, 1.9983e-01, 
 2DIAGNOSTIC,    24, -3.598175118613e-01, 2.232488481281e-06, 9.7010e+00, 1.9019e-01, 
 2DIAGNOSTIC,    25, -3.598170187439e-01, 1.338657551732e-06, 9.9017e+00, 2.0066e-01, 
 2DIAGNOSTIC,    26, -3.598224188914e-01, 1.453404757511e-06, 1.0117e+01, 2.1556e-01, 
 2DIAGNOSTIC,    27, -3.598601593090e-01, 2.661136475290e-06, 1.0346e+01, 2.2846e-01, 
 2DIAGNOSTIC,    28, -3.599151186336e-01, 5.173104031635e-06, 1.0586e+01, 2.4054e-01, 
 2DIAGNOSTIC,    29, -3.599572290593e-01, 8.222407531414e-06, 1.0813e+01, 2.2633e-01, 
 2DIAGNOSTIC,    30, -3.600989195115e-01, 1.413370525109e-05, 1.1184e+01, 3.7132e-01, 
 2DIAGNOSTIC,    31, -3.601421957518e-01, 1.947479617039e-05, 1.1465e+01, 2.8163e-01, 
 2DIAGNOSTIC,    32, -3.601710548572e-01, 2.343913018854e-05, 1.1714e+01, 2.4861e-01, 
 2DIAGNOSTIC,    33, -3.602467058865e-01, 2.686765312902e-05, 1.1937e+01, 2.2241e-01, 
 2DIAGNOSTIC,    34, -3.603680697042e-01, 3.044600066656e-05, 1.2150e+01, 2.1370e-01, 
 2DIAGNOSTIC,    35, -3.607537505444e-01, 3.963060526904e-05, 1.2629e+01, 4.7902e-01, 
 2DIAGNOSTIC,    36, -3.607565056049e-01, 4.459336777027e-05, 1.2876e+01, 2.4647e-01, 
 2DIAGNOSTIC,    37, -3.607541093452e-01, 4.602887244377e-05, 1.3142e+01, 2.6605e-01, 
 2DIAGNOSTIC,    38, -3.607586140287e-01, 4.444320539205e-05, 1.3376e+01, 2.3423e-01, 
 2DIAGNOSTIC,    39, -3.607562326149e-01, 3.944731246053e-05, 1.3680e+01, 3.0379e-01, 
 2DIAGNOSTIC,    40, -3.607546318003e-01, 3.365554664203e-05, 1.3951e+01, 2.7146e-01, 
 2DIAGNOSTIC,    41, -3.607541188231e-01, 2.584840533726e-05, 1.4192e+01, 2.4061e-01, 
 2DIAGNOSTIC,    42, -3.607536045387e-01, 1.665781276273e-05, 1.4401e+01, 2.0909e-01, 
 2DIAGNOSTIC,    43, -3.607525401427e-01, 7.767900017625e-06, 1.4639e+01, 2.3764e-01, 
DIAGNOSTIC,Iteration,metricValue,convergenceValue,ITERATION_TIME_INDEX,SINCE_LAST
 2DIAGNOSTIC,     1, -3.317229978161e-01, 1.797693134862e+308, 1.7358e+01, 2.7191e+00, 
 2DIAGNOSTIC,     2, -3.317808376512e-01, 1.797693134862e+308, 1.8749e+01, 1.3915e+00, 
 2DIAGNOSTIC,     3, -3.318184705964e-01, 1.797693134862e+308, 2.0315e+01, 1.5654e+00, 
 2DIAGNOSTIC,     4, -3.318432667621e-01, 1.797693134862e+308, 2.2585e+01, 2.2706e+00, 
 2DIAGNOSTIC,     5, -3.318434286948e-01, 1.797693134862e+308, 2.3939e+01, 1.3543e+00, 
 2DIAGNOSTIC,     6, -3.318452030098e-01, 1.797693134862e+308, 2.5512e+01, 1.5725e+00, 
 2DIAGNOSTIC,     7, -3.318453412547e-01, 1.797693134862e+308, 2.6842e+01, 1.3296e+00, 
 2DIAGNOSTIC,     8, -3.318460673455e-01, 1.797693134862e+308, 2.8274e+01, 1.4322e+00, 
 2DIAGNOSTIC,     9, -3.318460205741e-01, 1.797693134862e+308, 3.0084e+01, 1.8100e+00, 
 2DIAGNOSTIC,    10, -3.318460998355e-01, 2.036985043292e-05, 3.1554e+01, 1.4705e+00, 
 2DIAGNOSTIC,    11, -3.318455755856e-01, 1.006019186423e-05, 3.2995e+01, 1.4406e+00, 
 2DIAGNOSTIC,    12, -3.318454198658e-01, 4.888124619434e-06, 3.4611e+01, 1.6157e+00, 
 2DIAGNOSTIC,    13, -3.318454742450e-01, 2.747127286637e-06, 3.6225e+01, 1.6140e+00, 
 2DIAGNOSTIC,    14, -3.318453390759e-01, 2.393752957894e-06, 3.7814e+01, 1.5899e+00, 
 2DIAGNOSTIC,    15, -3.318453713198e-01, 2.085516865549e-06, 3.9484e+01, 1.6699e+00, 
 2DIAGNOSTIC,    16, -3.318453321903e-01, 1.912543978980e-06, 4.1733e+01, 2.2492e+00, 
 2DIAGNOSTIC,    17, -3.318453482109e-01, 1.773832581729e-06, 4.3310e+01, 1.5766e+00, 
 2DIAGNOSTIC,    18, -3.318452262871e-01, 1.687972769636e-06, 4.4809e+01, 1.4989e+00, 
 2DIAGNOSTIC,    19, -3.318452533708e-01, 1.617336115950e-06, 4.6095e+01, 1.2862e+00, 
 2DIAGNOSTIC,    20, -3.318451588352e-01, 1.558920773873e-06, 4.7592e+01, 1.4972e+00, 
 2DIAGNOSTIC,    21, -3.318452134957e-01, 1.490043959378e-06, 4.8975e+01, 1.3824e+00, 
 2DIAGNOSTIC,    22, -3.318450225205e-01, 1.416065342902e-06, 5.0282e+01, 1.3068e+00, 
 2DIAGNOSTIC,    23, -3.318451025179e-01, 1.356695562706e-06, 5.1919e+01, 1.6370e+00, 
 2DIAGNOSTIC,    24, -3.318450915817e-01, 1.299372863028e-06, 5.3455e+01, 1.5366e+00, 
 2DIAGNOSTIC,    25, -3.318450024577e-01, 1.247094236941e-06, 5.4880e+01, 1.4246e+00, 
 2DIAGNOSTIC,    26, -3.318450053975e-01, 1.200106424466e-06, 5.6333e+01, 1.4534e+00, 
 2DIAGNOSTIC,    27, -3.318449126480e-01, 1.156483936136e-06, 5.7742e+01, 1.4090e+00, 
 2DIAGNOSTIC,    28, -3.318448288864e-01, 1.111720045334e-06, 6.0093e+01, 2.3511e+00, 
 2DIAGNOSTIC,    29, -3.318448361647e-01, 1.073413315018e-06, 6.1365e+01, 1.2713e+00, 
 2DIAGNOSTIC,    30, -3.318446371566e-01, 1.031395301124e-06, 6.2702e+01, 1.3375e+00, 
  Elapsed time (stage 0): 6.3518e+01


Total elapsed time: 6.3521e+01
Info [verificarlo]: loaded backend libinterflop_ieee.so
Info [interflop-ieee]: load backend with:
Info [interflop-ieee]: debug = false
Info [interflop-ieee]: debug-binary = false
Info [interflop-ieee]: no-backend-name = false
Info [interflop-ieee]: print-new-line = false
Info [interflop-ieee]: print-subnormal-normalized = false
Info [interflop-ieee]: count-op = false
All_Command_lines_OK
Using double precision for computations.
=============================================================================
The composite transform comprises the following transforms (in order): 
  1. /home/mdugre/scratch/mri-registration-rp/datasets/ds004513/derivatives/mri-registration-rp/0001/antsRegistration-r8-p16/sub-s020/rigid_Composite.h5[0] (type = Euler3DTransform)
  2. /home/mdugre/scratch/mri-registration-rp/datasets/ds004513/derivatives/mri-registration-rp/0001/antsRegistration-r8-p16/sub-s020/rigid_Composite.h5[1] (type = Euler3DTransform)
  3. /home/mdugre/scratch/mri-registration-rp/datasets/ds004513/derivatives/mri-registration-rp/0001/antsRegistration-r8-p16/sub-s020/rigid_Composite.h5[2] (type = Euler3DTransform)
=============================================================================
  number of levels = 4
  fixed image: /templateflow/tpl-MNI152NLin2009cAsym/tpl-MNI152NLin2009cAsym_res-01_desc-brain_T1w.nii.gz
  moving image: /home/mdugre/scratch/mri-registration-rp/datasets/ds004513/derivatives/mri-registration-rp/antsBrainExtraction/sub-s020/BrainExtractionBrain.nii.gz
Dimension = 3
Number of stages = 1
Use histogram matching = false
Winsorize image intensities = true
  Lower quantile = 0.005
  Upper quantile = 0.995


Stage 1 State
   Image metric = MattesMI
     Fixed image = Image (0x332d7e0)
  RTTI typeinfo:   itk::Image<double, 3u>
  Reference Count: 2
  Modified Time: 1594
  Debug: Off
  Object Name: 
  Observers: 
    none
  Source: (none)
  Source output name: (none)
  Release Data: Off
  Data Released: False
  Global Release Data: Off
  PipelineMTime: 0
  UpdateMTime: 1203
  RealTimeStamp: 0 seconds 
  LargestPossibleRegion: 
    Dimension: 3
    Index: [0, 0, 0]
    Size: [193, 229, 193]
  BufferedRegion: 
    Dimension: 3
    Index: [0, 0, 0]
    Size: [193, 229, 193]
  RequestedRegion: 
    Dimension: 3
    Index: [0, 0, 0]
    Size: [193, 229, 193]
  Spacing: [1, 1, 1]
  Origin: [96, 132, -78]
  Direction: 
-1 0 0
0 -1 0
0 0 1

  IndexToPointMatrix: 
-1 0 0
0 -1 0
0 0 1

  PointToIndexMatrix: 
-1 0 0
0 -1 0
0 0 1

  Inverse Direction: 
-1 0 0
0 -1 0
0 0 1

  PixelContainer: 
    ImportImageContainer (0x33eda20)
      RTTI typeinfo:   itk::ImportImageContainer<unsigned long, double>
      Reference Count: 1
      Modified Time: 1200
      Debug: Off
      Object Name: 
      Observers: 
        none
      Pointer: 0x14cebcc19010
      Container manages memory: true
      Size: 8530021
      Capacity: 8530021

     Moving image = Image (0x33e8d70)
  RTTI typeinfo:   itk::Image<double, 3u>
  Reference Count: 2
  Modified Time: 1595
  Debug: Off
  Object Name: 
  Observers: 
    none
  Source: (none)
  Source output name: (none)
  Release Data: Off
  Data Released: False
  Global Release Data: Off
  PipelineMTime: 0
  UpdateMTime: 1592
  RealTimeStamp: 0 seconds 
  LargestPossibleRegion: 
    Dimension: 3
    Index: [0, 0, 0]
    Size: [160, 240, 256]
  BufferedRegion: 
    Dimension: 3
    Index: [0, 0, 0]
    Size: [160, 240, 256]
  RequestedRegion: 
    Dimension: 3
    Index: [0, 0, 0]
    Size: [160, 240, 256]
  Spacing: [0.999995, 1, 1]
  Origin: [87.0906, 98.7205, -152.377]
  Direction: 
-0.996975 0.0261379 -0.0731913
-0.0260677 -0.999658 -0.00191374
-0.0732163 -2.46403e-08 0.997316

  IndexToPointMatrix: 
-0.996971 0.0261379 -0.0731913
-0.0260676 -0.999658 -0.00191374
-0.0732159 -2.46403e-08 0.997316

  PointToIndexMatrix: 
-0.99698 -0.0260679 -0.0732166
0.0261379 -0.999658 -2.46993e-08
-0.0731913 -0.00191374 0.997316

  Inverse Direction: 
-0.996975 -0.0260677 -0.0732163
0.0261379 -0.999658 -2.46993e-08
-0.0731913 -0.00191374 0.997316

  PixelContainer: 
    ImportImageContainer (0x33a0c90)
      RTTI typeinfo:   itk::ImportImageContainer<unsigned long, double>
      Reference Count: 1
      Modified Time: 1589
      Debug: Off
      Object Name: 
      Observers: 
        none
      Pointer: 0x14ceb8118010
      Container manages memory: true
      Size: 9830400
      Capacity: 9830400

     Weighting = 1
     Sampling strategy = regular
     Number of bins = 32
     Radius = 4
     Sampling percentage  = 0.25
   Transform = Affine
     Gradient step = 0.1
     Update field sigma (voxel space) = 0
     Total field sigma (voxel space) = 0
     Update field time sigma = 0
     Total field time sigma  = 0
     Number of time indices = 0
     Number of time point samples = 0
Registration using 1 total stages.

Stage 0
  iterations = 1000x500x250x100
  convergence threshold = 1e-06
  convergence window size = 10
  number of levels = 4
  using the Mattes MI metric (number of bins = 32, weight = 1, use gradient filter = 0)
  preprocessing:  winsorizing the image intensities
  Shrink factors (level 1 out of 4): [8, 8, 8]
  Shrink factors (level 2 out of 4): [4, 4, 4]
  Shrink factors (level 3 out of 4): [2, 2, 2]
  Shrink factors (level 4 out of 4): [1, 1, 1]
  smoothing sigmas per level: [3, 2, 1, 0]
  regular sampling (percentage = 0.25)

*** Running AffineTransform registration ***

DIAGNOSTIC,Iteration,metricValue,convergenceValue,ITERATION_TIME_INDEX,SINCE_LAST
 2DIAGNOSTIC,     1, -5.022213857067e-01, 1.797693134862e+308, 7.2052e-01, 7.2052e-01, 
 2DIAGNOSTIC,     2, -5.042992559218e-01, 1.797693134862e+308, 7.2492e-01, 4.4000e-03, 
 2DIAGNOSTIC,     3, -5.080754036332e-01, 1.797693134862e+308, 7.2936e-01, 4.4391e-03, 
 2DIAGNOSTIC,     4, -5.135223004387e-01, 1.797693134862e+308, 7.3367e-01, 4.3139e-03, 
 2DIAGNOSTIC,     5, -5.217154170401e-01, 1.797693134862e+308, 7.3770e-01, 4.0321e-03, 
 2DIAGNOSTIC,     6, -5.341722614247e-01, 1.797693134862e+308, 7.4200e-01, 4.2908e-03, 
 2DIAGNOSTIC,     7, -5.553390918289e-01, 1.797693134862e+308, 7.4608e-01, 4.0860e-03, 
 2DIAGNOSTIC,     8, -5.920623933824e-01, 1.797693134862e+308, 7.5104e-01, 4.9579e-03, 
 2DIAGNOSTIC,     9, -6.663562531402e-01, 1.797693134862e+308, 7.5862e-01, 7.5798e-03, 
 2DIAGNOSTIC,    10, -7.042751699385e-01, 2.152270560015e-02, 7.6497e-01, 6.3481e-03, 
 2DIAGNOSTIC,    11, -7.092080155165e-01, 2.341784371887e-02, 7.7075e-01, 5.7871e-03, 
 2DIAGNOSTIC,    12, -7.266182893299e-01, 2.364497431513e-02, 7.7605e-01, 5.2919e-03, 
 2DIAGNOSTIC,    13, -7.493292591801e-01, 2.261291160892e-02, 7.8134e-01, 5.2931e-03, 
 2DIAGNOSTIC,    14, -7.701416754390e-01, 2.051443053128e-02, 7.8727e-01, 5.9290e-03, 
 2DIAGNOSTIC,    15, -8.140643501716e-01, 1.840844935810e-02, 7.9285e-01, 5.5821e-03, 
 2DIAGNOSTIC,    16, -8.302915883920e-01, 1.576126188083e-02, 8.0001e-01, 7.1630e-03, 
 2DIAGNOSTIC,    17, -8.313810692895e-01, 1.267127520402e-02, 8.0538e-01, 5.3611e-03, 
 2DIAGNOSTIC,    18, -8.326159284784e-01, 9.740527153063e-03, 8.1074e-01, 5.3689e-03, 
 2DIAGNOSTIC,    19, -8.326697274690e-01, 7.943311084406e-03, 8.1664e-01, 5.8970e-03, 
 2DIAGNOSTIC,    20, -8.328784496833e-01, 6.430448860739e-03, 8.2202e-01, 5.3761e-03, 
 2DIAGNOSTIC,    21, -8.326777970403e-01, 4.588164175721e-03, 8.2684e-01, 4.8211e-03, 
 2DIAGNOSTIC,    22, -8.329306008641e-01, 2.858540477130e-03, 8.3170e-01, 4.8590e-03, 
 2DIAGNOSTIC,    23, -8.342707395745e-01, 1.472995731251e-03, 8.3661e-01, 4.9131e-03, 
 2DIAGNOSTIC,    24, -8.392244016368e-01, 5.033892589801e-04, 8.4203e-01, 5.4150e-03, 
 2DIAGNOSTIC,    25, -8.445850684591e-01, 3.607957007647e-04, 8.4857e-01, 6.5451e-03, 
 2DIAGNOSTIC,    26, -8.453365958838e-01, 4.563091836257e-04, 8.5404e-01, 5.4681e-03, 
 2DIAGNOSTIC,    27, -8.464007805198e-01, 5.336874583683e-04, 8.5900e-01, 4.9629e-03, 
 2DIAGNOSTIC,    28, -8.492788846431e-01, 6.126364939844e-04, 8.6396e-01, 4.9610e-03, 
 2DIAGNOSTIC,    29, -8.510500874380e-01, 6.500700139236e-04, 8.6915e-01, 5.1889e-03, 
 2DIAGNOSTIC,    30, -8.522086672030e-01, 6.402294766067e-04, 8.7750e-01, 8.3499e-03, 
