
##########################
# Experiment information #
##########################

EXPERIMENT_NAME: antsRegistration-r7-p16
VFC_BACKENDS: libinterflop_vprec.so --range-binary32=7 --precision-binary32=16 --range-binary64=7 --precision-binary64=16

SIF_IMG: /home/mdugre/projects/rrg-glatard/mdugre/containers/ants-vprec-no_metrics.simg

SUBJECT_ID: s037
INPUT_IMG: /home/mdugre/scratch/mri-registration-rp/datasets/ds004513/derivatives/mri-registration-rp/antsBrainExtraction/sub-s037/BrainExtractionBrain.nii.gz
OUTPUT_DIR: /home/mdugre/scratch/mri-registration-rp/datasets/ds004513/derivatives/mri-registration-rp/0001/antsRegistration-r7-p16/sub-s037

FIXED_IMG: /templateflow/tpl-MNI152NLin2009cAsym/tpl-MNI152NLin2009cAsym_res-01_desc-brain_T1w.nii.gz
DATA_DIR: /home/mdugre/scratch/mri-registration-rp/datasets/ds004513
TEMPLATEFLOW_DIR: /home/mdugre/projects/rrg-glatard/mdugre/templateflow
ITK_GLOBAL_DEFAULT_NUMBER_OF_THREADS: 16
##########################

Info [verificarlo]: loaded backend libinterflop_ieee.so
Info [interflop-ieee]: load backend with:
Info [interflop-ieee]: debug = false
Info [interflop-ieee]: debug-binary = false
Info [interflop-ieee]: no-backend-name = false
Info [interflop-ieee]: print-new-line = false
Info [interflop-ieee]: print-subnormal-normalized = false
Info [interflop-ieee]: count-op = false
All_Command_lines_OK
Using double precision for computations.
=============================================================================
The composite transform comprises the following transforms (in order): 
  1. Center of mass alignment using fixed image: /templateflow/tpl-MNI152NLin2009cAsym/tpl-MNI152NLin2009cAsym_res-01_desc-brain_T1w.nii.gz and moving image: /home/mdugre/scratch/mri-registration-rp/datasets/ds004513/derivatives/mri-registration-rp/antsBrainExtraction/sub-s037/BrainExtractionBrain.nii.gz (type = Euler3DTransform)
=============================================================================
  number of levels = 1
  fixed image: /templateflow/tpl-MNI152NLin2009cAsym/tpl-MNI152NLin2009cAsym_res-01_desc-brain_T1w.nii.gz
  moving image: /home/mdugre/scratch/mri-registration-rp/datasets/ds004513/derivatives/mri-registration-rp/antsBrainExtraction/sub-s037/BrainExtractionBrain.nii.gz
Dimension = 3
Number of stages = 1
Use histogram matching = false
Winsorize image intensities = true
  Lower quantile = 0.005
  Upper quantile = 0.995


Stage 1 State
   Image metric = MattesMI
     Fixed image = Image (0x3eb6e70)
  RTTI typeinfo:   itk::Image<double, 3u>
  Reference Count: 2
  Modified Time: 2330
  Debug: Off
  Object Name: 
  Observers: 
    none
  Source: (none)
  Source output name: (none)
  Release Data: Off
  Data Released: False
  Global Release Data: Off
  PipelineMTime: 0
  UpdateMTime: 1941
  RealTimeStamp: 0 seconds 
  LargestPossibleRegion: 
    Dimension: 3
    Index: [0, 0, 0]
    Size: [193, 229, 193]
  BufferedRegion: 
    Dimension: 3
    Index: [0, 0, 0]
    Size: [193, 229, 193]
  RequestedRegion: 
    Dimension: 3
    Index: [0, 0, 0]
    Size: [193, 229, 193]
  Spacing: [1, 1, 1]
  Origin: [96, 132, -78]
  Direction: 
-1 0 0
0 -1 0
0 0 1

  IndexToPointMatrix: 
-1 0 0
0 -1 0
0 0 1

  PointToIndexMatrix: 
-1 0 0
0 -1 0
0 0 1

  Inverse Direction: 
-1 0 0
0 -1 0
0 0 1

  PixelContainer: 
    ImportImageContainer (0x3ebfc60)
      RTTI typeinfo:   itk::ImportImageContainer<unsigned long, double>
      Reference Count: 1
      Modified Time: 1938
      Debug: Off
      Object Name: 
      Observers: 
        none
      Pointer: 0x152191b79010
      Container manages memory: true
      Size: 8530021
      Capacity: 8530021

     Moving image = Image (0x3f53ec0)
  RTTI typeinfo:   itk::Image<double, 3u>
  Reference Count: 2
  Modified Time: 2331
  Debug: Off
  Object Name: 
  Observers: 
    none
  Source: (none)
  Source output name: (none)
  Release Data: Off
  Data Released: False
  Global Release Data: Off
  PipelineMTime: 0
  UpdateMTime: 2328
  RealTimeStamp: 0 seconds 
  LargestPossibleRegion: 
    Dimension: 3
    Index: [0, 0, 0]
    Size: [160, 240, 256]
  BufferedRegion: 
    Dimension: 3
    Index: [0, 0, 0]
    Size: [160, 240, 256]
  RequestedRegion: 
    Dimension: 3
    Index: [0, 0, 0]
    Size: [160, 240, 256]
  Spacing: [1, 1, 1]
  Origin: [87.9508, 102.562, -147.639]
  Direction: 
-0.998659 -0.0436121 -0.0279129
0.043595 -0.999049 0.00121847
-0.0279395 -2.65543e-08 0.99961

  IndexToPointMatrix: 
-0.998659 -0.0436121 -0.0279129
0.043595 -0.999049 0.00121847
-0.0279395 -2.65543e-08 0.99961

  PointToIndexMatrix: 
-0.998659 0.043595 -0.0279395
-0.0436121 -0.999049 -2.65517e-08
-0.0279129 0.00121847 0.99961

  Inverse Direction: 
-0.998659 0.043595 -0.0279395
-0.0436121 -0.999049 -2.65517e-08
-0.0279129 0.00121847 0.99961

  PixelContainer: 
    ImportImageContainer (0x3feb610)
      RTTI typeinfo:   itk::ImportImageContainer<unsigned long, double>
      Reference Count: 1
      Modified Time: 2325
      Debug: Off
      Object Name: 
      Observers: 
        none
      Pointer: 0x15218d078010
      Container manages memory: true
      Size: 9830400
      Capacity: 9830400

     Weighting = 1
     Sampling strategy = regular
     Number of bins = 32
     Radius = 4
     Sampling percentage  = 0.25
   Transform = Rigid
     Gradient step = 0.1
     Update field sigma (voxel space) = 0
     Total field sigma (voxel space) = 0
     Update field time sigma = 0
     Total field time sigma  = 0
     Number of time indices = 0
     Number of time point samples = 0
Registration using 1 total stages.

Stage 0
  iterations = 0
  convergence threshold = 1e-06
  convergence window size = 10
  number of levels = 1
  using the Mattes MI metric (number of bins = 32, weight = 1, use gradient filter = 0)
  preprocessing:  winsorizing the image intensities
  Shrink factors (level 1 out of 1): [1, 1, 1]
  smoothing sigmas per level: [0]
  regular sampling (percentage = 0.25)

*** Running Euler3DTransform registration ***

  Elapsed time (stage 0): 1.08432


Total elapsed time: 1.08641
Info [verificarlo]: loaded backend libinterflop_ieee.so
Info [interflop-ieee]: load backend with:
Info [interflop-ieee]: debug = false
Info [interflop-ieee]: debug-binary = false
Info [interflop-ieee]: no-backend-name = false
Info [interflop-ieee]: print-new-line = false
Info [interflop-ieee]: print-subnormal-normalized = false
Info [interflop-ieee]: count-op = false
All_Command_lines_OK
Using double precision for computations.
=============================================================================
The composite transform comprises the following transforms (in order): 
  1. /home/mdugre/scratch/mri-registration-rp/datasets/ds004513/derivatives/mri-registration-rp/0001/antsRegistration-r7-p16/sub-s037/align_Composite.h5[0] (type = Euler3DTransform)
  2. /home/mdugre/scratch/mri-registration-rp/datasets/ds004513/derivatives/mri-registration-rp/0001/antsRegistration-r7-p16/sub-s037/align_Composite.h5[1] (type = Euler3DTransform)
=============================================================================
  number of levels = 4
  fixed image: /templateflow/tpl-MNI152NLin2009cAsym/tpl-MNI152NLin2009cAsym_res-01_desc-brain_T1w.nii.gz
  moving image: /home/mdugre/scratch/mri-registration-rp/datasets/ds004513/derivatives/mri-registration-rp/antsBrainExtraction/sub-s037/BrainExtractionBrain.nii.gz
Dimension = 3
Number of stages = 1
Use histogram matching = false
Winsorize image intensities = true
  Lower quantile = 0.005
  Upper quantile = 0.995


Stage 1 State
   Image metric = MattesMI
     Fixed image = Image (0x3b49530)
  RTTI typeinfo:   itk::Image<double, 3u>
  Reference Count: 2
  Modified Time: 1578
  Debug: Off
  Object Name: 
  Observers: 
    none
  Source: (none)
  Source output name: (none)
  Release Data: Off
  Data Released: False
  Global Release Data: Off
  PipelineMTime: 0
  UpdateMTime: 1189
  RealTimeStamp: 0 seconds 
  LargestPossibleRegion: 
    Dimension: 3
    Index: [0, 0, 0]
    Size: [193, 229, 193]
  BufferedRegion: 
    Dimension: 3
    Index: [0, 0, 0]
    Size: [193, 229, 193]
  RequestedRegion: 
    Dimension: 3
    Index: [0, 0, 0]
    Size: [193, 229, 193]
  Spacing: [1, 1, 1]
  Origin: [96, 132, -78]
  Direction: 
-1 0 0
0 -1 0
0 0 1

  IndexToPointMatrix: 
-1 0 0
0 -1 0
0 0 1

  PointToIndexMatrix: 
-1 0 0
0 -1 0
0 0 1

  Inverse Direction: 
-1 0 0
0 -1 0
0 0 1

  PixelContainer: 
    ImportImageContainer (0x3c07d60)
      RTTI typeinfo:   itk::ImportImageContainer<unsigned long, double>
      Reference Count: 1
      Modified Time: 1186
      Debug: Off
      Object Name: 
      Observers: 
        none
      Pointer: 0x14a825d47010
      Container manages memory: true
      Size: 8530021
      Capacity: 8530021

     Moving image = Image (0x3bf9f60)
  RTTI typeinfo:   itk::Image<double, 3u>
  Reference Count: 2
  Modified Time: 1579
  Debug: Off
  Object Name: 
  Observers: 
    none
  Source: (none)
  Source output name: (none)
  Release Data: Off
  Data Released: False
  Global Release Data: Off
  PipelineMTime: 0
  UpdateMTime: 1576
  RealTimeStamp: 0 seconds 
  LargestPossibleRegion: 
    Dimension: 3
    Index: [0, 0, 0]
    Size: [160, 240, 256]
  BufferedRegion: 
    Dimension: 3
    Index: [0, 0, 0]
    Size: [160, 240, 256]
  RequestedRegion: 
    Dimension: 3
    Index: [0, 0, 0]
    Size: [160, 240, 256]
  Spacing: [1, 1, 1]
  Origin: [87.9508, 102.562, -147.639]
  Direction: 
-0.998659 -0.0436121 -0.0279129
0.043595 -0.999049 0.00121847
-0.0279395 -2.65543e-08 0.99961

  IndexToPointMatrix: 
-0.998659 -0.0436121 -0.0279129
0.043595 -0.999049 0.00121847
-0.0279395 -2.65543e-08 0.99961

  PointToIndexMatrix: 
-0.998659 0.043595 -0.0279395
-0.0436121 -0.999049 -2.65517e-08
-0.0279129 0.00121847 0.99961

  Inverse Direction: 
-0.998659 0.043595 -0.0279395
-0.0436121 -0.999049 -2.65517e-08
-0.0279129 0.00121847 0.99961

  PixelContainer: 
    ImportImageContainer (0x3beb6d0)
      RTTI typeinfo:   itk::ImportImageContainer<unsigned long, double>
      Reference Count: 1
      Modified Time: 1573
      Debug: Off
      Object Name: 
      Observers: 
        none
      Pointer: 0x14a821246010
      Container manages memory: true
      Size: 9830400
      Capacity: 9830400

     Weighting = 1
     Sampling strategy = regular
     Number of bins = 32
     Radius = 4
     Sampling percentage  = 0.25
   Transform = Rigid
     Gradient step = 0.1
     Update field sigma (voxel space) = 0
     Total field sigma (voxel space) = 0
     Update field time sigma = 0
     Total field time sigma  = 0
     Number of time indices = 0
     Number of time point samples = 0
Registration using 1 total stages.

Stage 0
  iterations = 1000x500x250x100
  convergence threshold = 1e-06
  convergence window size = 10
  number of levels = 4
  using the Mattes MI metric (number of bins = 32, weight = 1, use gradient filter = 0)
  preprocessing:  winsorizing the image intensities
  Shrink factors (level 1 out of 4): [8, 8, 8]
  Shrink factors (level 2 out of 4): [4, 4, 4]
  Shrink factors (level 3 out of 4): [2, 2, 2]
  Shrink factors (level 4 out of 4): [1, 1, 1]
  smoothing sigmas per level: [3, 2, 1, 0]
  regular sampling (percentage = 0.25)

*** Running Euler3DTransform registration ***

DIAGNOSTIC,Iteration,metricValue,convergenceValue,ITERATION_TIME_INDEX,SINCE_LAST
 2DIAGNOSTIC,     1, -4.299060189477e-01, 1.797693134862e+308, 8.1303e-01, 8.1303e-01, 
 2DIAGNOSTIC,     2, -4.311703807429e-01, 1.797693134862e+308, 8.1780e-01, 4.7691e-03, 
 2DIAGNOSTIC,     3, -4.334997061176e-01, 1.797693134862e+308, 8.2234e-01, 4.5409e-03, 
 2DIAGNOSTIC,     4, -4.389575130370e-01, 1.797693134862e+308, 8.2689e-01, 4.5481e-03, 
 2DIAGNOSTIC,     5, -4.438813134482e-01, 1.797693134862e+308, 8.3134e-01, 4.4489e-03, 
 2DIAGNOSTIC,     6, -4.461495460377e-01, 1.797693134862e+308, 8.3566e-01, 4.3180e-03, 
 2DIAGNOSTIC,     7, -4.511407144429e-01, 1.797693134862e+308, 8.4080e-01, 5.1379e-03, 
 2DIAGNOSTIC,     8, -4.667812032718e-01, 1.797693134862e+308, 8.4602e-01, 5.2211e-03, 
 2DIAGNOSTIC,     9, -4.753090114372e-01, 1.797693134862e+308, 8.5097e-01, 4.9560e-03, 
 2DIAGNOSTIC,    10, -4.802481719655e-01, 7.481707542057e-03, 8.5610e-01, 5.1310e-03, 
 2DIAGNOSTIC,    11, -4.821261368877e-01, 7.356704266141e-03, 8.6095e-01, 4.8440e-03, 
 2DIAGNOSTIC,    12, -4.837491005316e-01, 6.749992380103e-03, 8.6632e-01, 5.3761e-03, 
 2DIAGNOSTIC,    13, -5.028244927610e-01, 6.622215038739e-03, 8.7374e-01, 7.4170e-03, 
 2DIAGNOSTIC,    14, -5.042109134424e-01, 6.183615245771e-03, 8.7815e-01, 4.4081e-03, 
 2DIAGNOSTIC,    15, -5.066116081855e-01, 5.558135432396e-03, 8.8290e-01, 4.7469e-03, 
 2DIAGNOSTIC,    16, -5.083451635858e-01, 4.676295421371e-03, 8.8738e-01, 4.4861e-03, 
 2DIAGNOSTIC,    17, -5.184993492827e-01, 3.998770501200e-03, 8.9479e-01, 7.4089e-03, 
 2DIAGNOSTIC,    18, -5.256348855897e-01, 3.769024584011e-03, 8.9938e-01, 4.5860e-03, 
 2DIAGNOSTIC,    19, -5.260487276646e-01, 3.491513202327e-03, 9.0468e-01, 5.3041e-03, 
 2DIAGNOSTIC,    20, -5.292109529822e-01, 3.174906807715e-03, 9.0972e-01, 5.0390e-03, 
 2DIAGNOSTIC,    21, -5.301818287922e-01, 2.681600086778e-03, 9.1449e-01, 4.7739e-03, 
 2DIAGNOSTIC,    22, -5.312241439917e-01, 2.041189047008e-03, 9.1961e-01, 5.1141e-03, 
 2DIAGNOSTIC,    23, -5.321371432543e-01, 1.776979592834e-03, 9.2517e-01, 5.5630e-03, 
 2DIAGNOSTIC,    24, -5.330747245920e-01, 1.429098381291e-03, 9.2967e-01, 4.4961e-03, 
 2DIAGNOSTIC,    25, -5.340979454292e-01, 1.060387746788e-03, 9.3474e-01, 5.0771e-03, 
 2DIAGNOSTIC,    26, -5.353301875689e-01, 6.839350402190e-04, 9.4099e-01, 6.2490e-03, 
 2DIAGNOSTIC,    27, -5.359877934551e-01, 5.005584115147e-04, 9.4538e-01, 4.3919e-03, 
 2DIAGNOSTIC,    28, -5.363338972547e-01, 4.385715501643e-04, 9.4984e-01, 4.4580e-03, 
 2DIAGNOSTIC,    29, -5.373050919547e-01, 3.660301598808e-04, 9.5436e-01, 4.5171e-03, 
 2DIAGNOSTIC,    30, -5.398201292672e-01, 3.716000084275e-04, 9.5976e-01, 5.3990e-03, 
 2DIAGNOSTIC,    31, -5.446419963324e-01, 4.465250516194e-04, 9.7063e-01, 1.0871e-02, 
 2DIAGNOSTIC,    32, -5.446643434342e-01, 4.912587325691e-04, 9.7504e-01, 4.4148e-03, 
 2DIAGNOSTIC,    33, -5.447644960977e-01, 5.056396689964e-04, 9.7965e-01, 4.6039e-03, 
 2DIAGNOSTIC,    34, -5.449309475684e-01, 4.904035456305e-04, 9.8409e-01, 4.4410e-03, 
 2DIAGNOSTIC,    35, -5.452044380147e-01, 4.491486985781e-04, 9.8852e-01, 4.4332e-03, 
 2DIAGNOSTIC,    36, -5.456974275953e-01, 3.933065183980e-04, 9.9290e-01, 4.3819e-03, 
 2DIAGNOSTIC,    37, -5.462998711998e-01, 3.227882604966e-04, 9.9727e-01, 4.3631e-03, 
 2DIAGNOSTIC,    38, -5.470544229680e-01, 2.429359306812e-04, 1.0017e+00, 4.4110e-03, 
 2DIAGNOSTIC,    39, -5.483332149628e-01, 1.763386318060e-04, 1.0065e+00, 4.8220e-03, 
 2DIAGNOSTIC,    40, -5.485726274283e-01, 1.327681382976e-04, 1.0108e+00, 4.3311e-03, 
 2DIAGNOSTIC,    41, -5.488484877745e-01, 1.482777680589e-04, 1.0157e+00, 4.8211e-03, 
 2DIAGNOSTIC,    42, -5.491455640304e-01, 1.532242906015e-04, 1.0201e+00, 4.4510e-03, 
 2DIAGNOSTIC,    43, -5.502461232107e-01, 1.586773225921e-04, 1.0256e+00, 5.4491e-03, 
 2DIAGNOSTIC,    44, -5.634831321287e-01, 3.167354854152e-04, 1.0323e+00, 6.7010e-03, 
 2DIAGNOSTIC,    45, -5.666202800044e-01, 4.742529538925e-04, 1.0375e+00, 5.2540e-03, 
 2DIAGNOSTIC,    46, -5.686729464875e-01, 6.105915483525e-04, 1.0424e+00, 4.8749e-03, 
 2DIAGNOSTIC,    47, -5.690871646003e-01, 6.963027125877e-04, 1.0468e+00, 4.4029e-03, 
 2DIAGNOSTIC,    48, -5.696226365703e-01, 7.259374163484e-04, 1.0514e+00, 4.6511e-03, 
 2DIAGNOSTIC,    49, -5.705345359852e-01, 7.069411649396e-04, 1.0564e+00, 4.9310e-03, 
 2DIAGNOSTIC,    50, -5.708770515807e-01, 6.263635451192e-04, 1.0620e+00, 5.5990e-03, 
 2DIAGNOSTIC,    51, -5.710000280727e-01, 4.955733486880e-04, 1.0665e+00, 4.5068e-03, 
 2DIAGNOSTIC,    52, -5.722389677610e-01, 3.408127373661e-04, 1.0712e+00, 4.7069e-03, 
 2DIAGNOSTIC,    53, -5.732214338579e-01, 1.776004742079e-04, 1.0757e+00, 4.5071e-03, 
 2DIAGNOSTIC,    54, -5.793494175493e-01, 1.975405632305e-04, 1.0823e+00, 6.6512e-03, 
 2DIAGNOSTIC,    55, -5.802430647662e-01, 2.355028609726e-04, 1.0873e+00, 4.9181e-03, 
 2DIAGNOSTIC,    56, -5.809287426548e-01, 2.764814981657e-04, 1.0918e+00, 4.5409e-03, 
 2DIAGNOSTIC,    57, -5.812403987940e-01, 2.969109818837e-04, 1.0969e+00, 5.1198e-03, 
 2DIAGNOSTIC,    58, -5.822507223630e-01, 3.019947552241e-04, 1.1030e+00, 6.0809e-03, 
 2DIAGNOSTIC,    59, -5.829677526752e-01, 2.917559793696e-04, 1.1084e+00, 5.3680e-03, 
 2DIAGNOSTIC,    60, -5.829216626621e-01, 2.564362076028e-04, 1.1133e+00, 4.8900e-03, 
 2DIAGNOSTIC,    61, -5.830960193585e-01, 2.011799554899e-04, 1.1182e+00, 4.9539e-03, 
 2DIAGNOSTIC,    62, -5.831149511287e-01, 1.399183675556e-04, 1.1231e+00, 4.9329e-03, 
 2DIAGNOSTIC,    63, -5.829677201583e-01, 7.299414011589e-05, 1.1274e+00, 4.2980e-03, 
 2DIAGNOSTIC,    64, -5.829978959652e-01, 5.249075282826e-05, 1.1318e+00, 4.3750e-03, 
 2DIAGNOSTIC,    65, -5.831270283708e-01, 3.601696847784e-05, 1.1365e+00, 4.7059e-03, 
 2DIAGNOSTIC,    66, -5.831941284980e-01, 2.278574466903e-05, 1.1408e+00, 4.2720e-03, 
 2DIAGNOSTIC,    67, -5.832520903967e-01, 1.060062410435e-05, 1.1456e+00, 4.8530e-03, 
 2DIAGNOSTIC,    68, -5.832493901516e-01, 5.572693907278e-06, 1.1499e+00, 4.2708e-03, 
 2DIAGNOSTIC,    69, -5.834032620710e-01, 6.935406194841e-06, 1.1542e+00, 4.2999e-03, 
 2DIAGNOSTIC,    70, -5.833615891730e-01, 6.873757434030e-06, 1.1585e+00, 4.2698e-03, 
 2DIAGNOSTIC,    71, -5.835432622938e-01, 8.841968337701e-06, 1.1630e+00, 4.5300e-03, 
 2DIAGNOSTIC,    72, -5.843804365436e-01, 1.623262099430e-05, 1.1689e+00, 5.8920e-03, 
 2DIAGNOSTIC,    73, -5.846262169415e-01, 2.244234132152e-05, 1.1732e+00, 4.2760e-03, 
 2DIAGNOSTIC,    74, -5.847528873973e-01, 2.747952233665e-05, 1.1780e+00, 4.7948e-03, 
 2DIAGNOSTIC,    75, -5.849360662936e-01, 3.203364549616e-05, 1.1822e+00, 4.2050e-03, 
 2DIAGNOSTIC,    76, -5.852917921488e-01, 3.629989454036e-05, 1.1880e+00, 5.8241e-03, 
 2DIAGNOSTIC,    77, -5.852900630173e-01, 3.723342920068e-05, 1.1932e+00, 5.2350e-03, 
 2DIAGNOSTIC,    78, -5.853643388541e-01, 3.505707830662e-05, 1.1986e+00, 5.3639e-03, 
 2DIAGNOSTIC,    79, -5.855567262703e-01, 3.200631656645e-05, 1.2031e+00, 4.4599e-03, 
 2DIAGNOSTIC,    80, -5.856201182668e-01, 2.612872116280e-05, 1.2161e+00, 1.3004e-02, 
 2DIAGNOSTIC,    81, -5.857187809656e-01, 1.958023585842e-05, 1.2221e+00, 6.0332e-03, 
 2DIAGNOSTIC,    82, -5.859961258136e-01, 1.842793255958e-05, 1.2267e+00, 4.5900e-03, 
 2DIAGNOSTIC,    83, -5.861285563880e-01, 1.792165390597e-05, 1.2312e+00, 4.4711e-03, 
 2DIAGNOSTIC,    84, -5.862133001499e-01, 1.702628301044e-05, 1.2371e+00, 5.9390e-03, 
 2DIAGNOSTIC,    85, -5.862251692103e-01, 1.569691776391e-05, 1.2414e+00, 4.2741e-03, 
 2DIAGNOSTIC,    86, -5.862619322227e-01, 1.532062646198e-05, 1.2457e+00, 4.3561e-03, 
 2DIAGNOSTIC,    87, -5.867803326452e-01, 1.657425911174e-05, 1.2505e+00, 4.7879e-03, 
 2DIAGNOSTIC,    88, -5.870250778397e-01, 1.799223368696e-05, 1.2639e+00, 1.3335e-02, 
 2DIAGNOSTIC,    89, -5.870250491060e-01, 1.880624611007e-05, 1.2683e+00, 4.4270e-03, 
 2DIAGNOSTIC,    90, -5.870251177154e-01, 1.826298135278e-05, 1.2725e+00, 4.2639e-03, 
 2DIAGNOSTIC,    91, -5.870252337079e-01, 1.654533657069e-05, 1.2768e+00, 4.2720e-03, 
 2DIAGNOSTIC,    92, -5.870254297602e-01, 1.479575572697e-05, 1.2810e+00, 4.1790e-03, 
 2DIAGNOSTIC,    93, -5.870257610538e-01, 1.238653603114e-05, 1.2852e+00, 4.2369e-03, 
 2DIAGNOSTIC,    94, -5.870263206029e-01, 9.380455252282e-06, 1.2894e+00, 4.1518e-03, 
 2DIAGNOSTIC,    95, -5.870272647132e-01, 5.689105028354e-06, 1.2937e+00, 4.2670e-03, 
 2DIAGNOSTIC,    96, -5.870288552587e-01, 1.705981895079e-06, 1.2982e+00, 4.5331e-03, 
DIAGNOSTIC,Iteration,metricValue,convergenceValue,ITERATION_TIME_INDEX,SINCE_LAST
 2DIAGNOSTIC,     1, -4.727887433855e-01, 1.797693134862e+308, 2.0727e+00, 7.7454e-01, 
 2DIAGNOSTIC,     2, -4.733931513021e-01, 1.797693134862e+308, 2.1071e+00, 3.4334e-02, 
 2DIAGNOSTIC,     3, -4.743735034021e-01, 1.797693134862e+308, 2.1374e+00, 3.0369e-02, 
 2DIAGNOSTIC,     4, -4.761463089952e-01, 1.797693134862e+308, 2.1673e+00, 2.9839e-02, 
 2DIAGNOSTIC,     5, -4.797731657803e-01, 1.797693134862e+308, 2.1970e+00, 2.9728e-02, 
 2DIAGNOSTIC,     6, -4.815163606249e-01, 1.797693134862e+308, 2.2305e+00, 3.3465e-02, 
 2DIAGNOSTIC,     7, -4.824818343852e-01, 1.797693134862e+308, 2.2734e+00, 4.2899e-02, 
 2DIAGNOSTIC,     8, -4.826934933925e-01, 1.797693134862e+308, 2.3043e+00, 3.0909e-02, 
 2DIAGNOSTIC,     9, -4.828714105750e-01, 1.797693134862e+308, 2.3356e+00, 3.1361e-02, 
 2DIAGNOSTIC,    10, -4.830541339926e-01, 1.643068819661e-03, 2.3712e+00, 3.5523e-02, 
 2DIAGNOSTIC,    11, -4.833163410735e-01, 1.283228160186e-03, 2.4024e+00, 3.1220e-02, 
 2DIAGNOSTIC,    12, -4.835699367860e-01, 9.127313179208e-04, 2.4391e+00, 3.6678e-02, 
 2DIAGNOSTIC,    13, -4.849742075812e-01, 6.265805664995e-04, 2.4746e+00, 3.5517e-02, 
 2DIAGNOSTIC,    14, -4.870093368330e-01, 4.813898030879e-04, 2.5212e+00, 4.6660e-02, 
 2DIAGNOSTIC,    15, -4.876287939512e-01, 4.763031023090e-04, 2.5549e+00, 3.3684e-02, 
 2DIAGNOSTIC,    16, -4.885697625600e-01, 5.274337817221e-04, 2.5853e+00, 3.0349e-02, 
 2DIAGNOSTIC,    17, -4.889249849507e-01, 5.700044221653e-04, 2.6160e+00, 3.0758e-02, 
 2DIAGNOSTIC,    18, -4.901324061692e-01, 6.010657104482e-04, 2.6470e+00, 3.0965e-02, 
 2DIAGNOSTIC,    19, -4.914272141638e-01, 6.171635288978e-04, 2.7061e+00, 5.9088e-02, 
 2DIAGNOSTIC,    20, -4.914855195230e-01, 5.809817254707e-04, 2.7380e+00, 3.1910e-02, 
 2DIAGNOSTIC,    21, -4.915808022639e-01, 5.059629780028e-04, 2.7684e+00, 3.0374e-02, 
 2DIAGNOSTIC,    22, -4.917084123214e-01, 4.009592483764e-04, 2.7980e+00, 2.9620e-02, 
 2DIAGNOSTIC,    23, -4.918115060321e-01, 3.046979335778e-04, 2.8275e+00, 2.9522e-02, 
 2DIAGNOSTIC,    24, -4.919313172895e-01, 2.401471976191e-04, 2.8600e+00, 3.2501e-02, 
 2DIAGNOSTIC,    25, -4.920726808695e-01, 1.760361825001e-04, 2.8890e+00, 2.9041e-02, 
 2DIAGNOSTIC,    26, -4.923329175626e-01, 1.280559530024e-04, 2.9218e+00, 3.2715e-02, 
 2DIAGNOSTIC,    27, -4.924157644409e-01, 8.070059940139e-05, 2.9542e+00, 3.2467e-02, 
 2DIAGNOSTIC,    28, -4.923868538999e-01, 5.318214267652e-05, 2.9945e+00, 4.0315e-02, 
 2DIAGNOSTIC,    29, -4.924064554131e-01, 4.927319842984e-05, 3.0268e+00, 3.2235e-02, 
 2DIAGNOSTIC,    30, -4.924118511659e-01, 4.226108163047e-05, 3.0596e+00, 3.2857e-02, 
 2DIAGNOSTIC,    31, -4.924071676834e-01, 3.340261934197e-05, 3.0921e+00, 3.2461e-02, 
 2DIAGNOSTIC,    32, -4.924019256411e-01, 2.425478141581e-05, 3.1246e+00, 3.2535e-02, 
 2DIAGNOSTIC,    33, -4.924035919018e-01, 1.536622738006e-05, 3.1568e+00, 3.2163e-02, 
 2DIAGNOSTIC,    34, -4.923981939195e-01, 7.604652842039e-06, 3.1892e+00, 3.2443e-02, 
 2DIAGNOSTIC,    35, -4.923932471482e-01, 1.816377754364e-06, 3.2220e+00, 3.2719e-02, 
DIAGNOSTIC,Iteration,metricValue,convergenceValue,ITERATION_TIME_INDEX,SINCE_LAST
 2DIAGNOSTIC,     1, -4.337893970411e-01, 1.797693134862e+308, 4.3033e+00, 1.0814e+00, 
 2DIAGNOSTIC,     2, -4.340105351693e-01, 1.797693134862e+308, 4.5413e+00, 2.3793e-01, 
 2DIAGNOSTIC,     3, -4.343030654241e-01, 1.797693134862e+308, 4.7919e+00, 2.5062e-01, 
 2DIAGNOSTIC,     4, -4.345253679841e-01, 1.797693134862e+308, 5.0307e+00, 2.3886e-01, 
 2DIAGNOSTIC,     5, -4.345822523769e-01, 1.797693134862e+308, 5.2557e+00, 2.2494e-01, 
 2DIAGNOSTIC,     6, -4.346261735085e-01, 1.797693134862e+308, 5.5086e+00, 2.5291e-01, 
 2DIAGNOSTIC,     7, -4.347535166762e-01, 1.797693134862e+308, 5.7715e+00, 2.6292e-01, 
 2DIAGNOSTIC,     8, -4.349009043938e-01, 1.797693134862e+308, 6.1090e+00, 3.3750e-01, 
 2DIAGNOSTIC,     9, -4.350605611526e-01, 1.797693134862e+308, 6.3850e+00, 2.7596e-01, 
 2DIAGNOSTIC,    10, -4.351099509874e-01, 1.844315360827e-04, 6.7256e+00, 3.4064e-01, 
 2DIAGNOSTIC,    11, -4.351327579897e-01, 1.439448428872e-04, 7.0676e+00, 3.4205e-01, 
 2DIAGNOSTIC,    12, -4.351377715465e-01, 1.096119139219e-04, 7.3439e+00, 2.7628e-01, 
 2DIAGNOSTIC,    13, -4.351386558154e-01, 8.528412173275e-05, 7.6237e+00, 2.7974e-01, 
 2DIAGNOSTIC,    14, -4.351375504522e-01, 6.714539090408e-05, 7.8871e+00, 2.6340e-01, 
 2DIAGNOSTIC,    15, -4.351348560697e-01, 4.792298533510e-05, 8.2469e+00, 3.5979e-01, 
 2DIAGNOSTIC,    16, -4.351345600315e-01, 2.869682117154e-05, 8.5314e+00, 2.8454e-01, 
 2DIAGNOSTIC,    17, -4.351332888258e-01, 1.405741745961e-05, 8.7545e+00, 2.2312e-01, 
 2DIAGNOSTIC,    18, -4.351322054071e-01, 5.100281958506e-06, 9.0057e+00, 2.5114e-01, 
 2DIAGNOSTIC,    19, -4.351317640275e-01, 2.219753404149e-06, 9.3192e+00, 3.1357e-01, 
 2DIAGNOSTIC,    20, -4.351310571669e-01, 1.149832392126e-06, 9.5671e+00, 2.4784e-01, 
DIAGNOSTIC,Iteration,metricValue,convergenceValue,ITERATION_TIME_INDEX,SINCE_LAST
 2DIAGNOSTIC,     1, -4.013760272359e-01, 1.797693134862e+308, 1.2166e+01, 2.5994e+00, 
 2DIAGNOSTIC,     2, -4.015824830917e-01, 1.797693134862e+308, 1.3726e+01, 1.5594e+00, 
 2DIAGNOSTIC,     3, -4.016770475484e-01, 1.797693134862e+308, 1.5196e+01, 1.4700e+00, 
 2DIAGNOSTIC,     4, -4.017405792617e-01, 1.797693134862e+308, 1.6724e+01, 1.5284e+00, 
 2DIAGNOSTIC,     5, -4.017648320076e-01, 1.797693134862e+308, 1.8188e+01, 1.4634e+00, 
 2DIAGNOSTIC,     6, -4.018162150148e-01, 1.797693134862e+308, 2.0504e+01, 2.3165e+00, 
 2DIAGNOSTIC,     7, -4.018431817155e-01, 1.797693134862e+308, 2.2054e+01, 1.5499e+00, 
 2DIAGNOSTIC,     8, -4.018664640493e-01, 1.797693134862e+308, 2.3751e+01, 1.6966e+00, 
 2DIAGNOSTIC,     9, -4.018697000351e-01, 1.797693134862e+308, 2.5488e+01, 1.7378e+00, 
 2DIAGNOSTIC,    10, -4.018704204349e-01, 6.930562347884e-05, 2.6999e+01, 1.5103e+00, 
 2DIAGNOSTIC,    11, -4.018715889695e-01, 4.151717071588e-05, 2.8728e+01, 1.7296e+00, 
 2DIAGNOSTIC,    12, -4.018767776556e-01, 2.724168497931e-05, 3.0283e+01, 1.5548e+00, 
 2DIAGNOSTIC,    13, -4.018780613477e-01, 1.808649117095e-05, 3.1822e+01, 1.5383e+00, 
 2DIAGNOSTIC,    14, -4.018801871759e-01, 1.214987749111e-05, 3.3350e+01, 1.5284e+00, 
 2DIAGNOSTIC,    15, -4.018829479577e-01, 7.341415609000e-06, 3.4823e+01, 1.4733e+00, 
 2DIAGNOSTIC,    16, -4.018867868075e-01, 5.074046570144e-06, 3.6174e+01, 1.3507e+00, 
 2DIAGNOSTIC,    17, -4.019104231079e-01, 4.863458273156e-06, 3.8096e+01, 1.9219e+00, 
 2DIAGNOSTIC,    18, -4.019229040500e-01, 5.777757288120e-06, 4.0728e+01, 2.6318e+00, 
 2DIAGNOSTIC,    19, -4.019242371924e-01, 6.394927543181e-06, 4.2670e+01, 1.9428e+00, 
 2DIAGNOSTIC,    20, -4.019243465517e-01, 6.558003774068e-06, 4.4218e+01, 1.5472e+00, 
 2DIAGNOSTIC,    21, -4.019241088480e-01, 6.272614632305e-06, 4.5907e+01, 1.6890e+00, 
 2DIAGNOSTIC,    22, -4.019240327179e-01, 5.720603978840e-06, 4.7422e+01, 1.5157e+00, 
 2DIAGNOSTIC,    23, -4.019237876771e-01, 4.840379001697e-06, 4.9316e+01, 1.8937e+00, 
 2DIAGNOSTIC,    24, -4.019238793401e-01, 3.783214321464e-06, 5.0984e+01, 1.6683e+00, 
 2DIAGNOSTIC,    25, -4.019237962566e-01, 2.665977085384e-06, 5.2945e+01, 1.9612e+00, 
 2DIAGNOSTIC,    26, -4.019236238681e-01, 1.589728210981e-06, 5.4554e+01, 1.6088e+00, 
 2DIAGNOSTIC,    27, -4.019236258815e-01, 1.169258833277e-06, 5.5883e+01, 1.3291e+00, 
 2DIAGNOSTIC,    28, -4.019236290130e-01, 1.094010648767e-06, 5.7428e+01, 1.5442e+00, 
 2DIAGNOSTIC,    29, -4.019236316170e-01, 1.060266914953e-06, 5.8925e+01, 1.4979e+00, 
 2DIAGNOSTIC,    30, -4.019236365570e-01, 1.035034711543e-06, 6.0235e+01, 1.3098e+00, 
 2DIAGNOSTIC,    31, -4.019236449231e-01, 1.008698958728e-06, 6.1833e+01, 1.5975e+00, 
  Elapsed time (stage 0): 6.2695e+01


Total elapsed time: 6.2697e+01
Info [verificarlo]: loaded backend libinterflop_ieee.so
Info [interflop-ieee]: load backend with:
Info [interflop-ieee]: debug = false
Info [interflop-ieee]: debug-binary = false
Info [interflop-ieee]: no-backend-name = false
Info [interflop-ieee]: print-new-line = false
Info [interflop-ieee]: print-subnormal-normalized = false
Info [interflop-ieee]: count-op = false
All_Command_lines_OK
Using double precision for computations.
=============================================================================
The composite transform comprises the following transforms (in order): 
  1. /home/mdugre/scratch/mri-registration-rp/datasets/ds004513/derivatives/mri-registration-rp/0001/antsRegistration-r7-p16/sub-s037/rigid_Composite.h5[0] (type = Euler3DTransform)
  2. /home/mdugre/scratch/mri-registration-rp/datasets/ds004513/derivatives/mri-registration-rp/0001/antsRegistration-r7-p16/sub-s037/rigid_Composite.h5[1] (type = Euler3DTransform)
  3. /home/mdugre/scratch/mri-registration-rp/datasets/ds004513/derivatives/mri-registration-rp/0001/antsRegistration-r7-p16/sub-s037/rigid_Composite.h5[2] (type = Euler3DTransform)
=============================================================================
  number of levels = 4
  fixed image: /templateflow/tpl-MNI152NLin2009cAsym/tpl-MNI152NLin2009cAsym_res-01_desc-brain_T1w.nii.gz
  moving image: /home/mdugre/scratch/mri-registration-rp/datasets/ds004513/derivatives/mri-registration-rp/antsBrainExtraction/sub-s037/BrainExtractionBrain.nii.gz
Dimension = 3
Number of stages = 1
Use histogram matching = false
Winsorize image intensities = true
  Lower quantile = 0.005
  Upper quantile = 0.995


Stage 1 State
   Image metric = MattesMI
     Fixed image = Image (0x42107e0)
  RTTI typeinfo:   itk::Image<double, 3u>
  Reference Count: 2
  Modified Time: 1592
  Debug: Off
  Object Name: 
  Observers: 
    none
  Source: (none)
  Source output name: (none)
  Release Data: Off
  Data Released: False
  Global Release Data: Off
  PipelineMTime: 0
  UpdateMTime: 1203
  RealTimeStamp: 0 seconds 
  LargestPossibleRegion: 
    Dimension: 3
    Index: [0, 0, 0]
    Size: [193, 229, 193]
  BufferedRegion: 
    Dimension: 3
    Index: [0, 0, 0]
    Size: [193, 229, 193]
  RequestedRegion: 
    Dimension: 3
    Index: [0, 0, 0]
    Size: [193, 229, 193]
  Spacing: [1, 1, 1]
  Origin: [96, 132, -78]
  Direction: 
-1 0 0
0 -1 0
0 0 1

  IndexToPointMatrix: 
-1 0 0
0 -1 0
0 0 1

  PointToIndexMatrix: 
-1 0 0
0 -1 0
0 0 1

  Inverse Direction: 
-1 0 0
0 -1 0
0 0 1

  PixelContainer: 
    ImportImageContainer (0x42d0a20)
      RTTI typeinfo:   itk::ImportImageContainer<unsigned long, double>
      Reference Count: 1
      Modified Time: 1200
      Debug: Off
      Object Name: 
      Observers: 
        none
      Pointer: 0x1554c9d48010
      Container manages memory: true
      Size: 8530021
      Capacity: 8530021

     Moving image = Image (0x42cbd70)
  RTTI typeinfo:   itk::Image<double, 3u>
  Reference Count: 2
  Modified Time: 1593
  Debug: Off
  Object Name: 
  Observers: 
    none
  Source: (none)
  Source output name: (none)
  Release Data: Off
  Data Released: False
  Global Release Data: Off
  PipelineMTime: 0
  UpdateMTime: 1590
  RealTimeStamp: 0 seconds 
  LargestPossibleRegion: 
    Dimension: 3
    Index: [0, 0, 0]
    Size: [160, 240, 256]
  BufferedRegion: 
    Dimension: 3
    Index: [0, 0, 0]
    Size: [160, 240, 256]
  RequestedRegion: 
    Dimension: 3
    Index: [0, 0, 0]
    Size: [160, 240, 256]
  Spacing: [1, 1, 1]
  Origin: [87.9508, 102.562, -147.639]
  Direction: 
-0.998659 -0.0436121 -0.0279129
0.043595 -0.999049 0.00121847
-0.0279395 -2.65543e-08 0.99961

  IndexToPointMatrix: 
-0.998659 -0.0436121 -0.0279129
0.043595 -0.999049 0.00121847
-0.0279395 -2.65543e-08 0.99961

  PointToIndexMatrix: 
-0.998659 0.043595 -0.0279395
-0.0436121 -0.999049 -2.65517e-08
-0.0279129 0.00121847 0.99961

  Inverse Direction: 
-0.998659 0.043595 -0.0279395
-0.0436121 -0.999049 -2.65517e-08
-0.0279129 0.00121847 0.99961

  PixelContainer: 
    ImportImageContainer (0x4283c90)
      RTTI typeinfo:   itk::ImportImageContainer<unsigned long, double>
      Reference Count: 1
      Modified Time: 1587
      Debug: Off
      Object Name: 
      Observers: 
        none
      Pointer: 0x1554c5247010
      Container manages memory: true
      Size: 9830400
      Capacity: 9830400

     Weighting = 1
     Sampling strategy = regular
     Number of bins = 32
     Radius = 4
     Sampling percentage  = 0.25
   Transform = Affine
     Gradient step = 0.1
     Update field sigma (voxel space) = 0
     Total field sigma (voxel space) = 0
     Update field time sigma = 0
     Total field time sigma  = 0
     Number of time indices = 0
     Number of time point samples = 0
Registration using 1 total stages.

Stage 0
  iterations = 1000x500x250x100
  convergence threshold = 1e-06
  convergence window size = 10
  number of levels = 4
  using the Mattes MI metric (number of bins = 32, weight = 1, use gradient filter = 0)
  preprocessing:  winsorizing the image intensities
  Shrink factors (level 1 out of 4): [8, 8, 8]
  Shrink factors (level 2 out of 4): [4, 4, 4]
  Shrink factors (level 3 out of 4): [2, 2, 2]
  Shrink factors (level 4 out of 4): [1, 1, 1]
  smoothing sigmas per level: [3, 2, 1, 0]
  regular sampling (percentage = 0.25)

*** Running AffineTransform registration ***

DIAGNOSTIC,Iteration,metricValue,convergenceValue,ITERATION_TIME_INDEX,SINCE_LAST
 2DIAGNOSTIC,     1, -5.858104937762e-01, 1.797693134862e+308, 8.7284e-01, 8.7284e-01, 
 2DIAGNOSTIC,     2, -5.871753192229e-01, 1.797693134862e+308, 8.7814e-01, 5.2969e-03, 
 2DIAGNOSTIC,     3, -5.903070322397e-01, 1.797693134862e+308, 8.8326e-01, 5.1239e-03, 
 2DIAGNOSTIC,     4, -5.956365990420e-01, 1.797693134862e+308, 8.8837e-01, 5.1069e-03, 
 2DIAGNOSTIC,     5, -6.033561581061e-01, 1.797693134862e+308, 8.9362e-01, 5.2528e-03, 
 2DIAGNOSTIC,     6, -6.135449803405e-01, 1.797693134862e+308, 8.9867e-01, 5.0480e-03, 
 2DIAGNOSTIC,     7, -6.381027790970e-01, 1.797693134862e+308, 9.0395e-01, 5.2781e-03, 
 2DIAGNOSTIC,     8, -6.664935275997e-01, 1.797693134862e+308, 9.0968e-01, 5.7330e-03, 
 2DIAGNOSTIC,     9, -6.909565847173e-01, 1.797693134862e+308, 9.1686e-01, 7.1831e-03, 
 2DIAGNOSTIC,    10, -6.935475524713e-01, 1.240606693797e-02, 9.2261e-01, 5.7449e-03, 
 2DIAGNOSTIC,    11, -6.983627018224e-01, 1.232262543613e-02, 9.2846e-01, 5.8491e-03, 
 2DIAGNOSTIC,    12, -7.160988973417e-01, 1.183414511814e-02, 9.3682e-01, 8.3649e-03, 
 2DIAGNOSTIC,    13, -7.185176039278e-01, 1.052266337065e-02, 9.4319e-01, 6.3639e-03, 
 2DIAGNOSTIC,    14, -7.177843362027e-01, 8.613858833017e-03, 9.4942e-01, 6.2308e-03, 
 2DIAGNOSTIC,    15, -7.175140649996e-01, 6.437211105935e-03, 9.5533e-01, 5.9140e-03, 
 2DIAGNOSTIC,    16, -7.175135664153e-01, 4.242216936577e-03, 9.6365e-01, 8.3201e-03, 
 2DIAGNOSTIC,    17, -7.176894725080e-01, 2.541580999476e-03, 9.7067e-01, 7.0231e-03, 
 2DIAGNOSTIC,    18, -7.175962199572e-01, 1.465321073573e-03, 9.7734e-01, 6.6671e-03, 
 2DIAGNOSTIC,    19, -7.175644483089e-01, 9.284944578397e-04, 9.8373e-01, 6.3889e-03, 
 2DIAGNOSTIC,    20, -7.175242842443e-01, 4.199411985585e-04, 9.8952e-01, 5.7850e-03, 
 2DIAGNOSTIC,    21, -7.175257329706e-01, 1.110562404639e-05, 9.9649e-01, 6.9709e-03, 
DIAGNOSTIC,Iteration,metricValue,convergenceValue,ITERATION_TIME_INDEX,SINCE_LAST
 2DIAGNOSTIC,     1, -5.954982530365e-01, 1.797693134862e+308, 1.8883e+00, 8.9184e-01, 
 2DIAGNOSTIC,     2, -5.960741320571e-01, 1.797693134862e+308, 1.9349e+00, 4.6604e-02, 
 2DIAGNOSTIC,     3, -5.967753337095e-01, 1.797693134862e+308, 1.9840e+00, 4.9084e-02, 
 2DIAGNOSTIC,     4, -5.977242280170e-01, 1.797693134862e+308, 2.0270e+00, 4.2977e-02, 
 2DIAGNOSTIC,     5, -5.987565276247e-01, 1.797693134862e+308, 2.0785e+00, 5.1487e-02, 
 2DIAGNOSTIC,     6, -5.993794383559e-01, 1.797693134862e+308, 2.1260e+00, 4.7491e-02, 
 2DIAGNOSTIC,     7, -5.996885360688e-01, 1.797693134862e+308, 2.1735e+00, 4.7528e-02, 
 2DIAGNOSTIC,     8, -5.998893029236e-01, 1.797693134862e+308, 2.2151e+00, 4.1573e-02, 
 2DIAGNOSTIC,     9, -6.003710369533e-01, 1.797693134862e+308, 2.2621e+00, 4.7069e-02, 
 2DIAGNOSTIC,    10, -6.003915689875e-01, 5.661082967854e-04, 2.3054e+00, 4.3215e-02, 
 2DIAGNOSTIC,    11, -6.004112561102e-01, 4.316774684029e-04, 2.3521e+00, 4.6732e-02, 
 2DIAGNOSTIC,    12, -6.004168062155e-01, 3.045664700420e-04, 2.3949e+00, 4.2800e-02, 
 2DIAGNOSTIC,    13, -6.004319770714e-01, 1.955708971896e-04, 2.4409e+00, 4.5961e-02, 
 2DIAGNOSTIC,    14, -6.004309160553e-01, 1.158846242745e-04, 2.4838e+00, 4.2903e-02, 
 2DIAGNOSTIC,    15, -6.004281752650e-01, 6.863261700284e-05, 2.5267e+00, 4.2986e-02, 
 2DIAGNOSTIC,    16, -6.004385303867e-01, 4.001288533378e-05, 2.5675e+00, 4.0718e-02, 
 2DIAGNOSTIC,    17, -6.004532620725e-01, 2.029587283014e-05, 2.6106e+00, 4.3101e-02, 
 2DIAGNOSTIC,    18, -6.004866421137e-01, 6.875525165609e-06, 2.6521e+00, 4.1545e-02, 
 2DIAGNOSTIC,    19, -6.005121670022e-01, 7.034019938200e-06, 2.6934e+00, 4.1316e-02, 
 2DIAGNOSTIC,    20, -6.005258424014e-01, 7.482050964132e-06, 2.7290e+00, 3.5569e-02, 
 2DIAGNOSTIC,    21, -6.005641734187e-01, 8.654076754627e-06, 2.7766e+00, 4.7624e-02, 
 2DIAGNOSTIC,    22, -6.005859934217e-01, 9.612166622326e-06, 2.8131e+00, 3.6531e-02, 
 2DIAGNOSTIC,    23, -6.006515405117e-01, 1.137636316144e-05, 2.8543e+00, 4.1179e-02, 
 2DIAGNOSTIC,    24, -6.006677846133e-01, 1.233390230646e-05, 2.9010e+00, 4.6637e-02, 
 2DIAGNOSTIC,    25, -6.006620654808e-01, 1.203292469433e-05, 2.9457e+00, 4.4710e-02, 
 2DIAGNOSTIC,    26, -6.006541075459e-01, 1.080605948751e-05, 2.9869e+00, 4.1205e-02, 
 2DIAGNOSTIC,    27, -6.006360122060e-01, 8.695441688154e-06, 3.0241e+00, 3.7229e-02, 
 2DIAGNOSTIC,    28, -6.006186243183e-01, 6.283018052965e-06, 3.0644e+00, 4.0249e-02, 
 2DIAGNOSTIC,    29, -6.006114901689e-01, 3.853017160722e-06, 3.1055e+00, 4.1150e-02, 
 2DIAGNOSTIC,    30, -6.006040213792e-01, 1.422766666363e-06, 3.1421e+00, 3.6627e-02, 
DIAGNOSTIC,Iteration,metricValue,convergenceValue,ITERATION_TIME_INDEX,SINCE_LAST
 2DIAGNOSTIC,     1, -5.252668514734e-01, 1.797693134862e+308, 4.4000e+00, 1.2578e+00, 
 2DIAGNOSTIC,     2, -5.255547287926e-01, 1.797693134862e+308, 4.7497e+00, 3.4974e-01, 
 2DIAGNOSTIC,     3, -5.259222137423e-01, 1.797693134862e+308, 5.0705e+00, 3.2078e-01, 
 2DIAGNOSTIC,     4, -5.263789201795e-01, 1.797693134862e+308, 5.3907e+00, 3.2024e-01, 
 2DIAGNOSTIC,     5, -5.268473515408e-01, 1.797693134862e+308, 5.7193e+00, 3.2862e-01, 
 2DIAGNOSTIC,     6, -5.272661345938e-01, 1.797693134862e+308, 6.0691e+00, 3.4980e-01, 
 2DIAGNOSTIC,     7, -5.273773077539e-01, 1.797693134862e+308, 6.5060e+00, 4.3683e-01, 
 2DIAGNOSTIC,     8, -5.274513810901e-01, 1.797693134862e+308, 6.8044e+00, 2.9845e-01, 
 2DIAGNOSTIC,     9, -5.274913279545e-01, 1.797693134862e+308, 7.1323e+00, 3.2787e-01, 
 2DIAGNOSTIC,    10, -5.275944019430e-01, 3.068802295012e-04, 7.4784e+00, 3.4609e-01, 
 2DIAGNOSTIC,    11, -5.278316749386e-01, 2.392446510106e-04, 7.9836e+00, 5.0521e-01, 
 2DIAGNOSTIC,    12, -5.278339229988e-01, 1.744838176816e-04, 8.3545e+00, 3.7092e-01, 
 2DIAGNOSTIC,    13, -5.278339713535e-01, 1.195221846210e-04, 8.6836e+00, 3.2910e-01, 
 2DIAGNOSTIC,    14, -5.278316819042e-01, 7.914075923232e-05, 9.0289e+00, 3.4527e-01, 
 2DIAGNOSTIC,    15, -5.278316601581e-01, 5.353606420445e-05, 9.3318e+00, 3.0290e-01, 
 2DIAGNOSTIC,    16, -5.278399891467e-01, 4.061014697268e-05, 9.6411e+00, 3.0936e-01, 
 2DIAGNOSTIC,    17, -5.278525788924e-01, 2.953955287568e-05, 9.9369e+00, 2.9579e-01, 
 2DIAGNOSTIC,    18, -5.278624139909e-01, 1.976881896932e-05, 1.0233e+01, 2.9648e-01, 
 2DIAGNOSTIC,    19, -5.278738802195e-01, 1.081813959772e-05, 1.0586e+01, 3.5241e-01, 
 2DIAGNOSTIC,    20, -5.278904699717e-01, 4.955682731018e-06, 1.1170e+01, 5.8416e-01, 
 2DIAGNOSTIC,    21, -5.278904443301e-01, 5.416061516918e-06, 1.1510e+01, 3.4016e-01, 
 2DIAGNOSTIC,    22, -5.278897442578e-01, 5.510273427434e-06, 1.1853e+01, 3.4244e-01, 
 2DIAGNOSTIC,    23, -5.278888313680e-01, 5.201420242226e-06, 1.2149e+01, 2.9668e-01, 
 2DIAGNOSTIC,    24, -5.278879024080e-01, 4.488965899704e-06, 1.2506e+01, 3.5691e-01, 
 2DIAGNOSTIC,    25, -5.278879626515e-01, 3.532167840832e-06, 1.2811e+01, 3.0513e-01, 
 2DIAGNOSTIC,    26, -5.278870776526e-01, 2.587941649181e-06, 1.3125e+01, 3.1408e-01, 
 2DIAGNOSTIC,    27, -5.278882266503e-01, 1.862541989021e-06, 1.3430e+01, 3.0484e-01, 
