
##########################
# Experiment information #
##########################

EXPERIMENT_NAME: antsRegistration-r7-p16
VFC_BACKENDS: libinterflop_vprec.so --range-binary32=7 --precision-binary32=16 --range-binary64=7 --precision-binary64=16

SIF_IMG: /home/mdugre/projects/rrg-glatard/mdugre/containers/ants-vprec-no_metrics.simg

SUBJECT_ID: s017
INPUT_IMG: /home/mdugre/scratch/mri-registration-rp/datasets/ds004513/derivatives/mri-registration-rp/antsBrainExtraction/sub-s017/BrainExtractionBrain.nii.gz
OUTPUT_DIR: /home/mdugre/scratch/mri-registration-rp/datasets/ds004513/derivatives/mri-registration-rp/0001/antsRegistration-r7-p16/sub-s017

FIXED_IMG: /templateflow/tpl-MNI152NLin2009cAsym/tpl-MNI152NLin2009cAsym_res-01_desc-brain_T1w.nii.gz
DATA_DIR: /home/mdugre/scratch/mri-registration-rp/datasets/ds004513
TEMPLATEFLOW_DIR: /home/mdugre/projects/rrg-glatard/mdugre/templateflow
ITK_GLOBAL_DEFAULT_NUMBER_OF_THREADS: 16
##########################

Info [verificarlo]: loaded backend libinterflop_ieee.so
Info [interflop-ieee]: load backend with:
Info [interflop-ieee]: debug = false
Info [interflop-ieee]: debug-binary = false
Info [interflop-ieee]: no-backend-name = false
Info [interflop-ieee]: print-new-line = false
Info [interflop-ieee]: print-subnormal-normalized = false
Info [interflop-ieee]: count-op = false
All_Command_lines_OK
Using double precision for computations.
=============================================================================
The composite transform comprises the following transforms (in order): 
  1. Center of mass alignment using fixed image: /templateflow/tpl-MNI152NLin2009cAsym/tpl-MNI152NLin2009cAsym_res-01_desc-brain_T1w.nii.gz and moving image: /home/mdugre/scratch/mri-registration-rp/datasets/ds004513/derivatives/mri-registration-rp/antsBrainExtraction/sub-s017/BrainExtractionBrain.nii.gz (type = Euler3DTransform)
=============================================================================
  number of levels = 1
  fixed image: /templateflow/tpl-MNI152NLin2009cAsym/tpl-MNI152NLin2009cAsym_res-01_desc-brain_T1w.nii.gz
  moving image: /home/mdugre/scratch/mri-registration-rp/datasets/ds004513/derivatives/mri-registration-rp/antsBrainExtraction/sub-s017/BrainExtractionBrain.nii.gz
Dimension = 3
Number of stages = 1
Use histogram matching = false
Winsorize image intensities = true
  Lower quantile = 0.005
  Upper quantile = 0.995


Stage 1 State
   Image metric = MattesMI
     Fixed image = Image (0x33ade70)
  RTTI typeinfo:   itk::Image<double, 3u>
  Reference Count: 2
  Modified Time: 2334
  Debug: Off
  Object Name: 
  Observers: 
    none
  Source: (none)
  Source output name: (none)
  Release Data: Off
  Data Released: False
  Global Release Data: Off
  PipelineMTime: 0
  UpdateMTime: 1943
  RealTimeStamp: 0 seconds 
  LargestPossibleRegion: 
    Dimension: 3
    Index: [0, 0, 0]
    Size: [193, 229, 193]
  BufferedRegion: 
    Dimension: 3
    Index: [0, 0, 0]
    Size: [193, 229, 193]
  RequestedRegion: 
    Dimension: 3
    Index: [0, 0, 0]
    Size: [193, 229, 193]
  Spacing: [1, 1, 1]
  Origin: [96, 132, -78]
  Direction: 
-1 0 0
0 -1 0
0 0 1

  IndexToPointMatrix: 
-1 0 0
0 -1 0
0 0 1

  PointToIndexMatrix: 
-1 0 0
0 -1 0
0 0 1

  Inverse Direction: 
-1 0 0
0 -1 0
0 0 1

  PixelContainer: 
    ImportImageContainer (0x33b6c60)
      RTTI typeinfo:   itk::ImportImageContainer<unsigned long, double>
      Reference Count: 1
      Modified Time: 1940
      Debug: Off
      Object Name: 
      Observers: 
        none
      Pointer: 0x1519dbf51010
      Container manages memory: true
      Size: 8530021
      Capacity: 8530021

     Moving image = Image (0x33b9610)
  RTTI typeinfo:   itk::Image<double, 3u>
  Reference Count: 2
  Modified Time: 2335
  Debug: Off
  Object Name: 
  Observers: 
    none
  Source: (none)
  Source output name: (none)
  Release Data: Off
  Data Released: False
  Global Release Data: Off
  PipelineMTime: 0
  UpdateMTime: 2332
  RealTimeStamp: 0 seconds 
  LargestPossibleRegion: 
    Dimension: 3
    Index: [0, 0, 0]
    Size: [160, 240, 256]
  BufferedRegion: 
    Dimension: 3
    Index: [0, 0, 0]
    Size: [160, 240, 256]
  RequestedRegion: 
    Dimension: 3
    Index: [0, 0, 0]
    Size: [160, 240, 256]
  Spacing: [1, 1, 1]
  Origin: [91.3357, 102.231, -120.042]
  Direction: 
-0.997442 -5.36781e-05 -0.0714818
5.35416e-05 -1 3.82465e-06
-0.0714818 -1.23894e-08 0.997442

  IndexToPointMatrix: 
-0.997444 -5.36781e-05 -0.0714818
5.35418e-05 -1 3.82465e-06
-0.0714819 -1.23894e-08 0.997442

  PointToIndexMatrix: 
-0.99744 5.35415e-05 -0.0714816
-5.36781e-05 -1 -1.23894e-08
-0.0714818 3.82465e-06 0.997442

  Inverse Direction: 
-0.997442 5.35416e-05 -0.0714818
-5.36781e-05 -1 -1.23894e-08
-0.0714818 3.82465e-06 0.997442

  PixelContainer: 
    ImportImageContainer (0x3452ef0)
      RTTI typeinfo:   itk::ImportImageContainer<unsigned long, double>
      Reference Count: 1
      Modified Time: 2329
      Debug: Off
      Object Name: 
      Observers: 
        none
      Pointer: 0x1519d7450010
      Container manages memory: true
      Size: 9830400
      Capacity: 9830400

     Weighting = 1
     Sampling strategy = regular
     Number of bins = 32
     Radius = 4
     Sampling percentage  = 0.25
   Transform = Rigid
     Gradient step = 0.1
     Update field sigma (voxel space) = 0
     Total field sigma (voxel space) = 0
     Update field time sigma = 0
     Total field time sigma  = 0
     Number of time indices = 0
     Number of time point samples = 0
Registration using 1 total stages.

Stage 0
  iterations = 0
  convergence threshold = 1e-06
  convergence window size = 10
  number of levels = 1
  using the Mattes MI metric (number of bins = 32, weight = 1, use gradient filter = 0)
  preprocessing:  winsorizing the image intensities
  Shrink factors (level 1 out of 1): [1, 1, 1]
  smoothing sigmas per level: [0]
  regular sampling (percentage = 0.25)

*** Running Euler3DTransform registration ***

  Elapsed time (stage 0): 1.12306


Total elapsed time: 1.12521
Info [verificarlo]: loaded backend libinterflop_ieee.so
Info [interflop-ieee]: load backend with:
Info [interflop-ieee]: debug = false
Info [interflop-ieee]: debug-binary = false
Info [interflop-ieee]: no-backend-name = false
Info [interflop-ieee]: print-new-line = false
Info [interflop-ieee]: print-subnormal-normalized = false
Info [interflop-ieee]: count-op = false
All_Command_lines_OK
Using double precision for computations.
=============================================================================
The composite transform comprises the following transforms (in order): 
  1. /home/mdugre/scratch/mri-registration-rp/datasets/ds004513/derivatives/mri-registration-rp/0001/antsRegistration-r7-p16/sub-s017/align_Composite.h5[0] (type = Euler3DTransform)
  2. /home/mdugre/scratch/mri-registration-rp/datasets/ds004513/derivatives/mri-registration-rp/0001/antsRegistration-r7-p16/sub-s017/align_Composite.h5[1] (type = Euler3DTransform)
=============================================================================
  number of levels = 4
  fixed image: /templateflow/tpl-MNI152NLin2009cAsym/tpl-MNI152NLin2009cAsym_res-01_desc-brain_T1w.nii.gz
  moving image: /home/mdugre/scratch/mri-registration-rp/datasets/ds004513/derivatives/mri-registration-rp/antsBrainExtraction/sub-s017/BrainExtractionBrain.nii.gz
Dimension = 3
Number of stages = 1
Use histogram matching = false
Winsorize image intensities = true
  Lower quantile = 0.005
  Upper quantile = 0.995


Stage 1 State
   Image metric = MattesMI
     Fixed image = Image (0x3660530)
  RTTI typeinfo:   itk::Image<double, 3u>
  Reference Count: 2
  Modified Time: 1580
  Debug: Off
  Object Name: 
  Observers: 
    none
  Source: (none)
  Source output name: (none)
  Release Data: Off
  Data Released: False
  Global Release Data: Off
  PipelineMTime: 0
  UpdateMTime: 1189
  RealTimeStamp: 0 seconds 
  LargestPossibleRegion: 
    Dimension: 3
    Index: [0, 0, 0]
    Size: [193, 229, 193]
  BufferedRegion: 
    Dimension: 3
    Index: [0, 0, 0]
    Size: [193, 229, 193]
  RequestedRegion: 
    Dimension: 3
    Index: [0, 0, 0]
    Size: [193, 229, 193]
  Spacing: [1, 1, 1]
  Origin: [96, 132, -78]
  Direction: 
-1 0 0
0 -1 0
0 0 1

  IndexToPointMatrix: 
-1 0 0
0 -1 0
0 0 1

  PointToIndexMatrix: 
-1 0 0
0 -1 0
0 0 1

  Inverse Direction: 
-1 0 0
0 -1 0
0 0 1

  PixelContainer: 
    ImportImageContainer (0x371ed60)
      RTTI typeinfo:   itk::ImportImageContainer<unsigned long, double>
      Reference Count: 1
      Modified Time: 1186
      Debug: Off
      Object Name: 
      Observers: 
        none
      Pointer: 0x14e68de5d010
      Container manages memory: true
      Size: 8530021
      Capacity: 8530021

     Moving image = Image (0x3710f60)
  RTTI typeinfo:   itk::Image<double, 3u>
  Reference Count: 2
  Modified Time: 1581
  Debug: Off
  Object Name: 
  Observers: 
    none
  Source: (none)
  Source output name: (none)
  Release Data: Off
  Data Released: False
  Global Release Data: Off
  PipelineMTime: 0
  UpdateMTime: 1578
  RealTimeStamp: 0 seconds 
  LargestPossibleRegion: 
    Dimension: 3
    Index: [0, 0, 0]
    Size: [160, 240, 256]
  BufferedRegion: 
    Dimension: 3
    Index: [0, 0, 0]
    Size: [160, 240, 256]
  RequestedRegion: 
    Dimension: 3
    Index: [0, 0, 0]
    Size: [160, 240, 256]
  Spacing: [1, 1, 1]
  Origin: [91.3357, 102.231, -120.042]
  Direction: 
-0.997442 -5.36781e-05 -0.0714818
5.35416e-05 -1 3.82465e-06
-0.0714818 -1.23894e-08 0.997442

  IndexToPointMatrix: 
-0.997444 -5.36781e-05 -0.0714818
5.35418e-05 -1 3.82465e-06
-0.0714819 -1.23894e-08 0.997442

  PointToIndexMatrix: 
-0.99744 5.35415e-05 -0.0714816
-5.36781e-05 -1 -1.23894e-08
-0.0714818 3.82465e-06 0.997442

  Inverse Direction: 
-0.997442 5.35416e-05 -0.0714818
-5.36781e-05 -1 -1.23894e-08
-0.0714818 3.82465e-06 0.997442

  PixelContainer: 
    ImportImageContainer (0x37026d0)
      RTTI typeinfo:   itk::ImportImageContainer<unsigned long, double>
      Reference Count: 1
      Modified Time: 1575
      Debug: Off
      Object Name: 
      Observers: 
        none
      Pointer: 0x14e68935c010
      Container manages memory: true
      Size: 9830400
      Capacity: 9830400

     Weighting = 1
     Sampling strategy = regular
     Number of bins = 32
     Radius = 4
     Sampling percentage  = 0.25
   Transform = Rigid
     Gradient step = 0.1
     Update field sigma (voxel space) = 0
     Total field sigma (voxel space) = 0
     Update field time sigma = 0
     Total field time sigma  = 0
     Number of time indices = 0
     Number of time point samples = 0
Registration using 1 total stages.

Stage 0
  iterations = 1000x500x250x100
  convergence threshold = 1e-06
  convergence window size = 10
  number of levels = 4
  using the Mattes MI metric (number of bins = 32, weight = 1, use gradient filter = 0)
  preprocessing:  winsorizing the image intensities
  Shrink factors (level 1 out of 4): [8, 8, 8]
  Shrink factors (level 2 out of 4): [4, 4, 4]
  Shrink factors (level 3 out of 4): [2, 2, 2]
  Shrink factors (level 4 out of 4): [1, 1, 1]
  smoothing sigmas per level: [3, 2, 1, 0]
  regular sampling (percentage = 0.25)

*** Running Euler3DTransform registration ***

DIAGNOSTIC,Iteration,metricValue,convergenceValue,ITERATION_TIME_INDEX,SINCE_LAST
 2DIAGNOSTIC,     1, -5.567767283252e-01, 1.797693134862e+308, 7.8583e-01, 7.8583e-01, 
 2DIAGNOSTIC,     2, -5.584239703569e-01, 1.797693134862e+308, 7.9032e-01, 4.4892e-03, 
 2DIAGNOSTIC,     3, -5.612715515272e-01, 1.797693134862e+308, 7.9476e-01, 4.4339e-03, 
 2DIAGNOSTIC,     4, -5.637780194106e-01, 1.797693134862e+308, 8.0102e-01, 6.2630e-03, 
 2DIAGNOSTIC,     5, -5.658229214212e-01, 1.797693134862e+308, 8.0628e-01, 5.2619e-03, 
 2DIAGNOSTIC,     6, -5.696445468689e-01, 1.797693134862e+308, 8.1090e-01, 4.6208e-03, 
 2DIAGNOSTIC,     7, -5.734118275242e-01, 1.797693134862e+308, 8.1622e-01, 5.3210e-03, 
 2DIAGNOSTIC,     8, -5.754533484979e-01, 1.797693134862e+308, 8.2393e-01, 7.7031e-03, 
 2DIAGNOSTIC,     9, -5.763021950250e-01, 1.797693134862e+308, 8.2849e-01, 4.5600e-03, 
 2DIAGNOSTIC,    10, -5.771142770255e-01, 2.558085388189e-03, 8.3527e-01, 6.7849e-03, 
 2DIAGNOSTIC,    11, -5.785125587612e-01, 2.176117873031e-03, 8.4163e-01, 6.3629e-03, 
 2DIAGNOSTIC,    12, -5.799413348090e-01, 1.786767970983e-03, 8.4678e-01, 5.1451e-03, 
 2DIAGNOSTIC,    13, -5.809477908980e-01, 1.443124036835e-03, 8.5212e-01, 5.3449e-03, 
 2DIAGNOSTIC,    14, -5.814655964876e-01, 1.127354078216e-03, 8.5770e-01, 5.5740e-03, 
 2DIAGNOSTIC,    15, -5.819093877219e-01, 8.331089413527e-04, 8.6433e-01, 6.6290e-03, 
 2DIAGNOSTIC,    16, -5.822326442998e-01, 6.258215683233e-04, 8.6983e-01, 5.5041e-03, 
 2DIAGNOSTIC,    17, -5.825793599843e-01, 5.040365830240e-04, 8.7563e-01, 5.7940e-03, 
 2DIAGNOSTIC,    18, -5.863713925916e-01, 5.095725576651e-04, 8.8061e-01, 4.9801e-03, 
 2DIAGNOSTIC,    19, -5.901617810168e-01, 5.855607354918e-04, 8.9017e-01, 9.5620e-03, 
 2DIAGNOSTIC,    20, -5.906016223816e-01, 6.286272500325e-04, 8.9648e-01, 6.3071e-03, 
 2DIAGNOSTIC,    21, -5.907365705867e-01, 6.467002963856e-04, 9.0190e-01, 5.4262e-03, 
 2DIAGNOSTIC,    22, -5.906256574995e-01, 6.330265936401e-04, 9.0728e-01, 5.3830e-03, 
 2DIAGNOSTIC,    23, -5.906307681711e-01, 5.816453055199e-04, 9.1229e-01, 5.0080e-03, 
 2DIAGNOSTIC,    24, -5.905636622010e-01, 4.878472529242e-04, 9.1705e-01, 4.7529e-03, 
 2DIAGNOSTIC,    25, -5.906024985370e-01, 3.662279783975e-04, 9.2256e-01, 5.5189e-03, 
 2DIAGNOSTIC,    26, -5.906025304325e-01, 2.276984665085e-04, 9.2747e-01, 4.9078e-03, 
 2DIAGNOSTIC,    27, -5.906211320574e-01, 8.394584288832e-05, 9.3232e-01, 4.8461e-03, 
 2DIAGNOSTIC,    28, -5.908796758314e-01, 1.198925031222e-05, 9.3713e-01, 4.8110e-03, 
 2DIAGNOSTIC,    29, -5.911411552396e-01, 1.217108543270e-05, 9.4261e-01, 5.4810e-03, 
 2DIAGNOSTIC,    30, -5.915241330962e-01, 2.456301684493e-05, 9.4996e-01, 7.3500e-03, 
 2DIAGNOSTIC,    31, -5.916229825992e-01, 3.758205306120e-05, 9.5479e-01, 4.8311e-03, 
 2DIAGNOSTIC,    32, -5.916651208816e-01, 4.532975448938e-05, 9.5955e-01, 4.7629e-03, 
 2DIAGNOSTIC,    33, -5.916874987632e-01, 4.885284294371e-05, 9.6420e-01, 4.6461e-03, 
 2DIAGNOSTIC,    34, -5.917053822200e-01, 4.682712858504e-05, 9.6971e-01, 5.5079e-03, 
 2DIAGNOSTIC,    35, -5.917390904868e-01, 4.153275817136e-05, 9.8268e-01, 1.2972e-02, 
 2DIAGNOSTIC,    36, -5.917390912695e-01, 3.272086429253e-05, 9.8756e-01, 4.8769e-03, 
 2DIAGNOSTIC,    37, -5.917391070342e-01, 2.163060314740e-05, 9.9290e-01, 5.3411e-03, 
 2DIAGNOSTIC,    38, -5.917391330930e-01, 1.245673595306e-05, 9.9781e-01, 4.9160e-03, 
 2DIAGNOSTIC,    39, -5.917391754735e-01, 5.801896390222e-06, 1.0029e+00, 5.0461e-03, 
 2DIAGNOSTIC,    40, -5.917392424312e-01, 3.643428653291e-06, 1.0079e+00, 5.0781e-03, 
 2DIAGNOSTIC,    41, -5.917393428829e-01, 2.487109299825e-06, 1.0124e+00, 4.4239e-03, 
 2DIAGNOSTIC,    42, -5.917394845335e-01, 1.715730318187e-06, 1.0168e+00, 4.4441e-03, 
 2DIAGNOSTIC,    43, -5.917396625587e-01, 1.144189315194e-06, 1.0212e+00, 4.4239e-03, 
DIAGNOSTIC,Iteration,metricValue,convergenceValue,ITERATION_TIME_INDEX,SINCE_LAST
 2DIAGNOSTIC,     1, -4.784004501425e-01, 1.797693134862e+308, 1.8191e+00, 7.9791e-01, 
 2DIAGNOSTIC,     2, -4.783999131494e-01, 1.797693134862e+308, 1.8569e+00, 3.7737e-02, 
 2DIAGNOSTIC,     3, -4.784190365432e-01, 1.797693134862e+308, 1.9004e+00, 4.3522e-02, 
 2DIAGNOSTIC,     4, -4.785028756517e-01, 1.797693134862e+308, 1.9331e+00, 3.2713e-02, 
 2DIAGNOSTIC,     5, -4.786647485437e-01, 1.797693134862e+308, 1.9662e+00, 3.3093e-02, 
 2DIAGNOSTIC,     6, -4.788099932966e-01, 1.797693134862e+308, 1.9981e+00, 3.1852e-02, 
 2DIAGNOSTIC,     7, -4.794645847225e-01, 1.797693134862e+308, 2.0318e+00, 3.3771e-02, 
 2DIAGNOSTIC,     8, -4.813619171759e-01, 1.797693134862e+308, 2.0770e+00, 4.5207e-02, 
 2DIAGNOSTIC,     9, -4.817935635330e-01, 1.797693134862e+308, 2.1147e+00, 3.7656e-02, 
 2DIAGNOSTIC,    10, -4.822647496881e-01, 5.583367503525e-04, 2.1475e+00, 3.2764e-02, 
 2DIAGNOSTIC,    11, -4.831344909909e-01, 6.366384573588e-04, 2.1884e+00, 4.0944e-02, 
 2DIAGNOSTIC,    12, -4.835768992603e-01, 6.653898034920e-04, 2.2479e+00, 5.9478e-02, 
 2DIAGNOSTIC,    13, -4.835677565330e-01, 6.290342969247e-04, 2.2883e+00, 4.0418e-02, 
 2DIAGNOSTIC,    14, -4.835733047846e-01, 5.452729208258e-04, 2.3353e+00, 4.7036e-02, 
 2DIAGNOSTIC,    15, -4.835701547258e-01, 4.305772096515e-04, 2.3720e+00, 3.6657e-02, 
 2DIAGNOSTIC,    16, -4.835566913012e-01, 2.956272804674e-04, 2.4105e+00, 3.8520e-02, 
 2DIAGNOSTIC,    17, -4.835523104093e-01, 1.703980275755e-04, 2.4493e+00, 3.8759e-02, 
 2DIAGNOSTIC,    18, -4.835483887837e-01, 1.058854946510e-04, 2.4843e+00, 3.5045e-02, 
 2DIAGNOSTIC,    19, -4.835469915474e-01, 5.203914178654e-05, 2.5193e+00, 3.5033e-02, 
 2DIAGNOSTIC,    20, -4.835401827380e-01, 1.204163300917e-05, 2.5562e+00, 3.6824e-02, 
DIAGNOSTIC,Iteration,metricValue,convergenceValue,ITERATION_TIME_INDEX,SINCE_LAST
 2DIAGNOSTIC,     1, -4.161561167869e-01, 1.797693134862e+308, 3.8138e+00, 1.2576e+00, 
 2DIAGNOSTIC,     2, -4.161756893439e-01, 1.797693134862e+308, 4.1765e+00, 3.6273e-01, 
 2DIAGNOSTIC,     3, -4.161696114509e-01, 1.797693134862e+308, 4.4801e+00, 3.0354e-01, 
 2DIAGNOSTIC,     4, -4.161681503553e-01, 1.797693134862e+308, 4.9398e+00, 4.5975e-01, 
 2DIAGNOSTIC,     5, -4.161678896603e-01, 1.797693134862e+308, 5.2589e+00, 3.1914e-01, 
 2DIAGNOSTIC,     6, -4.161669123585e-01, 1.797693134862e+308, 5.5639e+00, 3.0495e-01, 
 2DIAGNOSTIC,     7, -4.161667485644e-01, 1.797693134862e+308, 5.8872e+00, 3.2334e-01, 
 2DIAGNOSTIC,     8, -4.161656816016e-01, 1.797693134862e+308, 6.1433e+00, 2.5604e-01, 
 2DIAGNOSTIC,     9, -4.161650043539e-01, 1.797693134862e+308, 6.4143e+00, 2.7108e-01, 
 2DIAGNOSTIC,    10, -4.161655463814e-01, 2.943366643388e-06, 6.7827e+00, 3.6833e-01, 
 2DIAGNOSTIC,    11, -4.161636420995e-01, 1.720591500415e-06, 7.1198e+00, 3.3714e-01, 
 2DIAGNOSTIC,    12, -4.161624970809e-01, 1.867462473146e-06, 7.4197e+00, 2.9986e-01, 
 2DIAGNOSTIC,    13, -4.161615819745e-01, 1.698398059094e-06, 7.7470e+00, 3.2728e-01, 
 2DIAGNOSTIC,    14, -4.161624603296e-01, 1.592444846280e-06, 8.0248e+00, 2.7779e-01, 
 2DIAGNOSTIC,    15, -4.161620529815e-01, 1.530180438136e-06, 8.3100e+00, 2.8527e-01, 
 2DIAGNOSTIC,    16, -4.161603835107e-01, 1.417836920273e-06, 8.5681e+00, 2.5806e-01, 
 2DIAGNOSTIC,    17, -4.161625251482e-01, 1.455414121963e-06, 8.8658e+00, 2.9774e-01, 
 2DIAGNOSTIC,    18, -4.161617349626e-01, 1.453854865684e-06, 9.1403e+00, 2.7444e-01, 
 2DIAGNOSTIC,    19, -4.161656140595e-01, 1.594928506342e-06, 9.4621e+00, 3.2179e-01, 
 2DIAGNOSTIC,    20, -4.161678254532e-01, 1.821576330413e-06, 9.8745e+00, 4.1240e-01, 
 2DIAGNOSTIC,    21, -4.161672172261e-01, 1.924327028051e-06, 1.0168e+01, 2.9342e-01, 
 2DIAGNOSTIC,    22, -4.161665846125e-01, 1.927748312626e-06, 1.0426e+01, 2.5775e-01, 
 2DIAGNOSTIC,    23, -4.161660793967e-01, 1.843028036311e-06, 1.0703e+01, 2.7749e-01, 
 2DIAGNOSTIC,    24, -4.161655365534e-01, 1.730448869169e-06, 1.0940e+01, 2.3685e-01, 
 2DIAGNOSTIC,    25, -4.161651834948e-01, 1.568353734535e-06, 1.1178e+01, 2.3838e-01, 
 2DIAGNOSTIC,    26, -4.161660037666e-01, 1.368374529589e-06, 1.1446e+01, 2.6793e-01, 
 2DIAGNOSTIC,    27, -4.161651045497e-01, 1.203105049377e-06, 1.1707e+01, 2.6084e-01, 
 2DIAGNOSTIC,    28, -4.161679884899e-01, 1.097088638768e-06, 1.1996e+01, 2.8877e-01, 
 2DIAGNOSTIC,    29, -4.161710849648e-01, 1.162831213736e-06, 1.2270e+01, 2.7406e-01, 
 2DIAGNOSTIC,    30, -4.161703640306e-01, 1.250475687713e-06, 1.2567e+01, 2.9669e-01, 
 2DIAGNOSTIC,    31, -4.161708142911e-01, 1.313167804946e-06, 1.2855e+01, 2.8856e-01, 
 2DIAGNOSTIC,    32, -4.161710089265e-01, 1.336085264141e-06, 1.3086e+01, 2.3077e-01, 
 2DIAGNOSTIC,    33, -4.161749613449e-01, 1.395595229943e-06, 1.3351e+01, 2.6512e-01, 
 2DIAGNOSTIC,    34, -4.161777487506e-01, 1.452526299794e-06, 1.3596e+01, 2.4512e-01, 
 2DIAGNOSTIC,    35, -4.161792220179e-01, 1.478601722969e-06, 1.3888e+01, 2.9189e-01, 
 2DIAGNOSTIC,    36, -4.161806859650e-01, 1.495439434729e-06, 1.4208e+01, 3.2008e-01, 
 2DIAGNOSTIC,    37, -4.161791778427e-01, 1.407680689312e-06, 1.4462e+01, 2.5416e-01, 
 2DIAGNOSTIC,    38, -4.161838486869e-01, 1.406626898789e-06, 1.4773e+01, 3.1043e-01, 
 2DIAGNOSTIC,    39, -4.161849953103e-01, 1.422742204670e-06, 1.5103e+01, 3.3015e-01, 
 2DIAGNOSTIC,    40, -4.161860914893e-01, 1.386764662555e-06, 1.5500e+01, 3.9708e-01, 
 2DIAGNOSTIC,    41, -4.161854987579e-01, 1.295749601900e-06, 1.5895e+01, 3.9476e-01, 
 2DIAGNOSTIC,    42, -4.161840259991e-01, 1.138573361013e-06, 1.6189e+01, 2.9455e-01, 
 2DIAGNOSTIC,    43, -4.161834049863e-01, 1.004201846067e-06, 1.6471e+01, 2.8136e-01, 
DIAGNOSTIC,Iteration,metricValue,convergenceValue,ITERATION_TIME_INDEX,SINCE_LAST
 2DIAGNOSTIC,     1, -3.834265912364e-01, 1.797693134862e+308, 1.9318e+01, 2.8472e+00, 
 2DIAGNOSTIC,     2, -3.834925053373e-01, 1.797693134862e+308, 2.0827e+01, 1.5091e+00, 
 2DIAGNOSTIC,     3, -3.834978116500e-01, 1.797693134862e+308, 2.2624e+01, 1.7967e+00, 
 2DIAGNOSTIC,     4, -3.835004127745e-01, 1.797693134862e+308, 2.4392e+01, 1.7682e+00, 
 2DIAGNOSTIC,     5, -3.835019582518e-01, 1.797693134862e+308, 2.6161e+01, 1.7695e+00, 
 2DIAGNOSTIC,     6, -3.835049957426e-01, 1.797693134862e+308, 2.8078e+01, 1.9166e+00, 
 2DIAGNOSTIC,     7, -3.835058343725e-01, 1.797693134862e+308, 2.9993e+01, 1.9154e+00, 
 2DIAGNOSTIC,     8, -3.835066498257e-01, 1.797693134862e+308, 3.2023e+01, 2.0300e+00, 
 2DIAGNOSTIC,     9, -3.835062955324e-01, 1.797693134862e+308, 3.3790e+01, 1.7669e+00, 
 2DIAGNOSTIC,    10, -3.835063108999e-01, 1.066660707318e-05, 3.5570e+01, 1.7795e+00, 
 2DIAGNOSTIC,    11, -3.835061571793e-01, 4.747040425815e-06, 3.8108e+01, 2.5384e+00, 
 2DIAGNOSTIC,    12, -3.835060832652e-01, 3.706200429041e-06, 3.9570e+01, 1.4622e+00, 
 2DIAGNOSTIC,    13, -3.835060190723e-01, 3.027825984048e-06, 4.1211e+01, 1.6409e+00, 
 2DIAGNOSTIC,    14, -3.835058638480e-01, 2.523467009033e-06, 4.2863e+01, 1.6515e+00, 
 2DIAGNOSTIC,    15, -3.835058006966e-01, 2.133709232452e-06, 4.4506e+01, 1.6433e+00, 
 2DIAGNOSTIC,    16, -3.835056463973e-01, 1.924177713372e-06, 4.6412e+01, 1.9055e+00, 
 2DIAGNOSTIC,    17, -3.835054775131e-01, 1.773328554645e-06, 4.8068e+01, 1.6559e+00, 
 2DIAGNOSTIC,    18, -3.835053086124e-01, 1.675385375446e-06, 4.9503e+01, 1.4358e+00, 
 2DIAGNOSTIC,    19, -3.835051448146e-01, 1.576051816124e-06, 5.0944e+01, 1.4411e+00, 
 2DIAGNOSTIC,    20, -3.835051658768e-01, 1.497295072490e-06, 5.2403e+01, 1.4586e+00, 
 2DIAGNOSTIC,    21, -3.835053779577e-01, 1.436675312383e-06, 5.4127e+01, 1.7240e+00, 
 2DIAGNOSTIC,    22, -3.835055901416e-01, 1.393331720376e-06, 5.5788e+01, 1.6605e+00, 
 2DIAGNOSTIC,    23, -3.835055251008e-01, 1.354581541879e-06, 5.7462e+01, 1.6741e+00, 
 2DIAGNOSTIC,    24, -3.835054518287e-01, 1.314933130200e-06, 5.9120e+01, 1.6581e+00, 
 2DIAGNOSTIC,    25, -3.835053813427e-01, 1.275595340661e-06, 6.0811e+01, 1.6915e+00, 
 2DIAGNOSTIC,    26, -3.835053141621e-01, 1.232550094481e-06, 6.2207e+01, 1.3955e+00, 
 2DIAGNOSTIC,    27, -3.835053494679e-01, 1.188143192561e-06, 6.3695e+01, 1.4879e+00, 
 2DIAGNOSTIC,    28, -3.835054089358e-01, 1.143229098034e-06, 6.5232e+01, 1.5374e+00, 
 2DIAGNOSTIC,    29, -3.835055814683e-01, 1.101082727460e-06, 6.6614e+01, 1.3822e+00, 
 2DIAGNOSTIC,    30, -3.835053714646e-01, 1.056523025567e-06, 6.8764e+01, 2.1497e+00, 
 2DIAGNOSTIC,    31, -3.835053052293e-01, 1.018740039098e-06, 7.0447e+01, 1.6826e+00, 
  Elapsed time (stage 0): 7.1336e+01


Total elapsed time: 7.1339e+01
Info [verificarlo]: loaded backend libinterflop_ieee.so
Info [interflop-ieee]: load backend with:
Info [interflop-ieee]: debug = false
Info [interflop-ieee]: debug-binary = false
Info [interflop-ieee]: no-backend-name = false
Info [interflop-ieee]: print-new-line = false
Info [interflop-ieee]: print-subnormal-normalized = false
Info [interflop-ieee]: count-op = false
All_Command_lines_OK
Using double precision for computations.
=============================================================================
The composite transform comprises the following transforms (in order): 
  1. /home/mdugre/scratch/mri-registration-rp/datasets/ds004513/derivatives/mri-registration-rp/0001/antsRegistration-r7-p16/sub-s017/rigid_Composite.h5[0] (type = Euler3DTransform)
  2. /home/mdugre/scratch/mri-registration-rp/datasets/ds004513/derivatives/mri-registration-rp/0001/antsRegistration-r7-p16/sub-s017/rigid_Composite.h5[1] (type = Euler3DTransform)
  3. /home/mdugre/scratch/mri-registration-rp/datasets/ds004513/derivatives/mri-registration-rp/0001/antsRegistration-r7-p16/sub-s017/rigid_Composite.h5[2] (type = Euler3DTransform)
=============================================================================
  number of levels = 4
  fixed image: /templateflow/tpl-MNI152NLin2009cAsym/tpl-MNI152NLin2009cAsym_res-01_desc-brain_T1w.nii.gz
  moving image: /home/mdugre/scratch/mri-registration-rp/datasets/ds004513/derivatives/mri-registration-rp/antsBrainExtraction/sub-s017/BrainExtractionBrain.nii.gz
Dimension = 3
Number of stages = 1
Use histogram matching = false
Winsorize image intensities = true
  Lower quantile = 0.005
  Upper quantile = 0.995


Stage 1 State
   Image metric = MattesMI
     Fixed image = Image (0x48947e0)
  RTTI typeinfo:   itk::Image<double, 3u>
  Reference Count: 2
  Modified Time: 1594
  Debug: Off
  Object Name: 
  Observers: 
    none
  Source: (none)
  Source output name: (none)
  Release Data: Off
  Data Released: False
  Global Release Data: Off
  PipelineMTime: 0
  UpdateMTime: 1203
  RealTimeStamp: 0 seconds 
  LargestPossibleRegion: 
    Dimension: 3
    Index: [0, 0, 0]
    Size: [193, 229, 193]
  BufferedRegion: 
    Dimension: 3
    Index: [0, 0, 0]
    Size: [193, 229, 193]
  RequestedRegion: 
    Dimension: 3
    Index: [0, 0, 0]
    Size: [193, 229, 193]
  Spacing: [1, 1, 1]
  Origin: [96, 132, -78]
  Direction: 
-1 0 0
0 -1 0
0 0 1

  IndexToPointMatrix: 
-1 0 0
0 -1 0
0 0 1

  PointToIndexMatrix: 
-1 0 0
0 -1 0
0 0 1

  Inverse Direction: 
-1 0 0
0 -1 0
0 0 1

  PixelContainer: 
    ImportImageContainer (0x4954a20)
      RTTI typeinfo:   itk::ImportImageContainer<unsigned long, double>
      Reference Count: 1
      Modified Time: 1200
      Debug: Off
      Object Name: 
      Observers: 
        none
      Pointer: 0x14ddd272a010
      Container manages memory: true
      Size: 8530021
      Capacity: 8530021

     Moving image = Image (0x494fd70)
  RTTI typeinfo:   itk::Image<double, 3u>
  Reference Count: 2
  Modified Time: 1595
  Debug: Off
  Object Name: 
  Observers: 
    none
  Source: (none)
  Source output name: (none)
  Release Data: Off
  Data Released: False
  Global Release Data: Off
  PipelineMTime: 0
  UpdateMTime: 1592
  RealTimeStamp: 0 seconds 
  LargestPossibleRegion: 
    Dimension: 3
    Index: [0, 0, 0]
    Size: [160, 240, 256]
  BufferedRegion: 
    Dimension: 3
    Index: [0, 0, 0]
    Size: [160, 240, 256]
  RequestedRegion: 
    Dimension: 3
    Index: [0, 0, 0]
    Size: [160, 240, 256]
  Spacing: [1, 1, 1]
  Origin: [91.3357, 102.231, -120.042]
  Direction: 
-0.997442 -5.36781e-05 -0.0714818
5.35416e-05 -1 3.82465e-06
-0.0714818 -1.23894e-08 0.997442

  IndexToPointMatrix: 
-0.997444 -5.36781e-05 -0.0714818
5.35418e-05 -1 3.82465e-06
-0.0714819 -1.23894e-08 0.997442

  PointToIndexMatrix: 
-0.99744 5.35415e-05 -0.0714816
-5.36781e-05 -1 -1.23894e-08
-0.0714818 3.82465e-06 0.997442

  Inverse Direction: 
-0.997442 5.35416e-05 -0.0714818
-5.36781e-05 -1 -1.23894e-08
-0.0714818 3.82465e-06 0.997442

  PixelContainer: 
    ImportImageContainer (0x4907c90)
      RTTI typeinfo:   itk::ImportImageContainer<unsigned long, double>
      Reference Count: 1
      Modified Time: 1589
      Debug: Off
      Object Name: 
      Observers: 
        none
      Pointer: 0x14ddcdc29010
      Container manages memory: true
      Size: 9830400
      Capacity: 9830400

     Weighting = 1
     Sampling strategy = regular
     Number of bins = 32
     Radius = 4
     Sampling percentage  = 0.25
   Transform = Affine
     Gradient step = 0.1
     Update field sigma (voxel space) = 0
     Total field sigma (voxel space) = 0
     Update field time sigma = 0
     Total field time sigma  = 0
     Number of time indices = 0
     Number of time point samples = 0
Registration using 1 total stages.

Stage 0
  iterations = 1000x500x250x100
  convergence threshold = 1e-06
  convergence window size = 10
  number of levels = 4
  using the Mattes MI metric (number of bins = 32, weight = 1, use gradient filter = 0)
  preprocessing:  winsorizing the image intensities
  Shrink factors (level 1 out of 4): [8, 8, 8]
  Shrink factors (level 2 out of 4): [4, 4, 4]
  Shrink factors (level 3 out of 4): [2, 2, 2]
  Shrink factors (level 4 out of 4): [1, 1, 1]
  smoothing sigmas per level: [3, 2, 1, 0]
  regular sampling (percentage = 0.25)

*** Running AffineTransform registration ***

DIAGNOSTIC,Iteration,metricValue,convergenceValue,ITERATION_TIME_INDEX,SINCE_LAST
 2DIAGNOSTIC,     1, -5.806290998389e-01, 1.797693134862e+308, 6.7802e-01, 6.7802e-01, 
 2DIAGNOSTIC,     2, -5.832407507889e-01, 1.797693134862e+308, 6.8279e-01, 4.7710e-03, 
 2DIAGNOSTIC,     3, -5.883921006281e-01, 1.797693134862e+308, 6.8734e-01, 4.5540e-03, 
 2DIAGNOSTIC,     4, -5.973582021174e-01, 1.797693134862e+308, 6.9241e-01, 5.0709e-03, 
 2DIAGNOSTIC,     5, -6.166279650973e-01, 1.797693134862e+308, 6.9695e-01, 4.5371e-03, 
 2DIAGNOSTIC,     6, -6.406440243644e-01, 1.797693134862e+308, 7.0166e-01, 4.7088e-03, 
 2DIAGNOSTIC,     7, -7.009864252779e-01, 1.797693134862e+308, 7.0868e-01, 7.0240e-03, 
 2DIAGNOSTIC,     8, -7.630482509180e-01, 1.797693134862e+308, 7.1482e-01, 6.1359e-03, 
 2DIAGNOSTIC,     9, -8.423469023092e-01, 1.797693134862e+308, 7.2455e-01, 9.7280e-03, 
 2DIAGNOSTIC,    10, -8.569694549412e-01, 2.845116128339e-02, 7.3041e-01, 5.8579e-03, 
 2DIAGNOSTIC,    11, -8.701917121905e-01, 2.871708894240e-02, 7.3708e-01, 6.6750e-03, 
 2DIAGNOSTIC,    12, -8.814645614658e-01, 2.683607374039e-02, 7.4677e-01, 9.6841e-03, 
 2DIAGNOSTIC,    13, -8.822368117981e-01, 2.307206285406e-02, 7.5335e-01, 6.5870e-03, 
 2DIAGNOSTIC,    14, -8.834458720309e-01, 1.815384143166e-02, 7.5992e-01, 6.5660e-03, 
 2DIAGNOSTIC,    15, -8.851322802807e-01, 1.292532929113e-02, 7.7029e-01, 1.0373e-02, 
 2DIAGNOSTIC,    16, -8.870480810041e-01, 7.902435098241e-03, 7.7665e-01, 6.3539e-03, 
 2DIAGNOSTIC,    17, -8.886777820065e-01, 4.189413196914e-03, 7.8385e-01, 7.2031e-03, 
 2DIAGNOSTIC,    18, -8.889448811024e-01, 1.810422435922e-03, 7.9091e-01, 7.0660e-03, 
 2DIAGNOSTIC,    19, -8.890594323989e-01, 1.083853140606e-03, 7.9839e-01, 7.4768e-03, 
 2DIAGNOSTIC,    20, -8.887882562278e-01, 5.969783277400e-04, 8.0524e-01, 6.8481e-03, 
 2DIAGNOSTIC,    21, -8.886098616218e-01, 3.264824888662e-04, 8.1306e-01, 7.8180e-03, 
 2DIAGNOSTIC,    22, -8.885249833011e-01, 2.361096505596e-04, 8.1981e-01, 6.7539e-03, 
 2DIAGNOSTIC,    23, -8.882875303332e-01, 1.410432905513e-04, 8.2564e-01, 5.8298e-03, 
 2DIAGNOSTIC,    24, -8.882052345681e-01, 5.851496549598e-05, 8.3126e-01, 5.6190e-03, 
DIAGNOSTIC,Iteration,metricValue,convergenceValue,ITERATION_TIME_INDEX,SINCE_LAST
 2DIAGNOSTIC,     1, -7.469015879937e-01, 1.797693134862e+308, 1.6148e+00, 7.8350e-01, 
 2DIAGNOSTIC,     2, -7.476337610646e-01, 1.797693134862e+308, 1.6531e+00, 3.8340e-02, 
 2DIAGNOSTIC,     3, -7.481984149466e-01, 1.797693134862e+308, 1.6917e+00, 3.8551e-02, 
 2DIAGNOSTIC,     4, -7.485348957122e-01, 1.797693134862e+308, 1.7293e+00, 3.7600e-02, 
 2DIAGNOSTIC,     5, -7.488723349418e-01, 1.797693134862e+308, 1.7659e+00, 3.6675e-02, 
 2DIAGNOSTIC,     6, -7.493028718618e-01, 1.797693134862e+308, 1.8072e+00, 4.1299e-02, 
 2DIAGNOSTIC,     7, -7.498240981685e-01, 1.797693134862e+308, 1.8527e+00, 4.5487e-02, 
 2DIAGNOSTIC,     8, -7.499189038123e-01, 1.797693134862e+308, 1.8885e+00, 3.5779e-02, 
 2DIAGNOSTIC,     9, -7.503981904002e-01, 1.797693134862e+308, 1.9380e+00, 4.9477e-02, 
 2DIAGNOSTIC,    10, -7.505578656797e-01, 3.049238811358e-04, 1.9881e+00, 5.0160e-02, 
 2DIAGNOSTIC,    11, -7.505341234027e-01, 2.389539889266e-04, 2.0422e+00, 5.4062e-02, 
 2DIAGNOSTIC,    12, -7.505061914198e-01, 1.848758128167e-04, 2.0984e+00, 5.6215e-02, 
 2DIAGNOSTIC,    13, -7.505141121198e-01, 1.393602375307e-04, 2.1568e+00, 5.8431e-02, 
 2DIAGNOSTIC,    14, -7.505102733032e-01, 9.677096707182e-05, 2.2132e+00, 5.6346e-02, 
 2DIAGNOSTIC,    15, -7.505029862958e-01, 5.935599114475e-05, 2.2648e+00, 5.1586e-02, 
 2DIAGNOSTIC,    16, -7.504912485592e-01, 3.116311072603e-05, 2.3091e+00, 4.4338e-02, 
 2DIAGNOSTIC,    17, -7.504804688938e-01, 1.513171460731e-05, 2.3534e+00, 4.4265e-02, 
 2DIAGNOSTIC,    18, -7.504860792773e-01, 1.517275117872e-06, 2.3999e+00, 4.6555e-02, 
DIAGNOSTIC,Iteration,metricValue,convergenceValue,ITERATION_TIME_INDEX,SINCE_LAST
 2DIAGNOSTIC,     1, -6.294116115906e-01, 1.797693134862e+308, 3.6393e+00, 1.2393e+00, 
 2DIAGNOSTIC,     2, -6.299274337874e-01, 1.797693134862e+308, 3.9776e+00, 3.3833e-01, 
 2DIAGNOSTIC,     3, -6.304606937695e-01, 1.797693134862e+308, 4.3143e+00, 3.3673e-01, 
 2DIAGNOSTIC,     4, -6.311440983337e-01, 1.797693134862e+308, 4.6261e+00, 3.1182e-01, 
 2DIAGNOSTIC,     5, -6.319613521821e-01, 1.797693134862e+308, 4.9597e+00, 3.3355e-01, 
 2DIAGNOSTIC,     6, -6.326508619885e-01, 1.797693134862e+308, 5.6374e+00, 6.7776e-01, 
 2DIAGNOSTIC,     7, -6.326442432031e-01, 1.797693134862e+308, 6.1382e+00, 5.0078e-01, 
 2DIAGNOSTIC,     8, -6.326421030540e-01, 1.797693134862e+308, 8.3163e+00, 2.1781e+00, 
 2DIAGNOSTIC,     9, -6.326413590654e-01, 1.797693134862e+308, 9.9745e+00, 1.6582e+00, 
 2DIAGNOSTIC,    10, -6.326405356853e-01, 3.607193950305e-04, 1.0898e+01, 9.2299e-01, 
 2DIAGNOSTIC,    11, -6.326380581285e-01, 2.475998162958e-04, 1.1843e+01, 9.4554e-01, 
 2DIAGNOSTIC,    12, -6.326382568894e-01, 1.509095241811e-04, 1.2656e+01, 8.1313e-01, 
 2DIAGNOSTIC,    13, -6.326371997138e-01, 7.419551318193e-05, 1.3483e+01, 8.2724e-01, 
 2DIAGNOSTIC,    14, -6.326376013689e-01, 2.341664922455e-05, 1.4293e+01, 8.0977e-01, 
 2DIAGNOSTIC,    15, -6.326364676541e-01, 1.358505399063e-06, 1.5070e+01, 7.7679e-01, 
 2DIAGNOSTIC,    16, -6.326355130527e-01, 1.489403036750e-06, 1.5540e+01, 4.6985e-01, 
 2DIAGNOSTIC,    17, -6.326348603757e-01, 1.460469351157e-06, 1.5991e+01, 4.5159e-01, 
 2DIAGNOSTIC,    18, -6.326337609634e-01, 1.391313761263e-06, 1.6416e+01, 4.2421e-01, 
 2DIAGNOSTIC,    19, -6.326327161877e-01, 1.322246857421e-06, 1.6791e+01, 3.7499e-01, 
 2DIAGNOSTIC,    20, -6.326305164616e-01, 1.226844843660e-06, 1.7147e+01, 3.5606e-01, 
 2DIAGNOSTIC,    21, -6.326298185696e-01, 1.107474549365e-06, 1.7449e+01, 3.0195e-01, 
 2DIAGNOSTIC,    22, -6.326281932864e-01, 1.008190533197e-06, 1.7771e+01, 3.2221e-01, 
DIAGNOSTIC,Iteration,metricValue,convergenceValue,ITERATION_TIME_INDEX,SINCE_LAST
 2DIAGNOSTIC,     1, -5.634463073752e-01, 1.797693134862e+308, 2.1116e+01, 3.3454e+00, 
 2DIAGNOSTIC,     2, -5.639251009336e-01, 1.797693134862e+308, 2.3183e+01, 2.0668e+00, 
 2DIAGNOSTIC,     3, -5.643935836183e-01, 1.797693134862e+308, 2.5117e+01, 1.9342e+00, 
 2DIAGNOSTIC,     4, -5.653421952393e-01, 1.797693134862e+308, 2.7279e+01, 2.1622e+00, 
 2DIAGNOSTIC,     5, -5.666806274807e-01, 1.797693134862e+308, 3.0407e+01, 3.1271e+00, 
 2DIAGNOSTIC,     6, -5.666788376391e-01, 1.797693134862e+308, 3.3265e+01, 2.8583e+00, 
 2DIAGNOSTIC,     7, -5.666781188826e-01, 1.797693134862e+308, 3.5663e+01, 2.3983e+00, 
 2DIAGNOSTIC,     8, -5.666783299671e-01, 1.797693134862e+308, 3.8505e+01, 2.8417e+00, 
 2DIAGNOSTIC,     9, -5.666785141403e-01, 1.797693134862e+308, 4.1083e+01, 2.5776e+00, 
 2DIAGNOSTIC,    10, -5.666783692056e-01, 3.983103121742e-04, 4.3071e+01, 1.9882e+00, 
 2DIAGNOSTIC,    11, -5.666784869441e-01, 2.625670628765e-04, 4.5224e+01, 2.1535e+00, 
 2DIAGNOSTIC,    12, -5.666783099192e-01, 1.470623196824e-04, 4.7153e+01, 1.9291e+00, 
 2DIAGNOSTIC,    13, -5.666781560926e-01, 5.397649049897e-05, 4.9127e+01, 1.9732e+00, 
 2DIAGNOSTIC,    14, -5.666778806285e-01, 2.161596175540e-06, 5.0926e+01, 1.7991e+00, 
 2DIAGNOSTIC,    15, -5.666777240546e-01, 2.072192026914e-06, 5.3732e+01, 2.8063e+00, 
 2DIAGNOSTIC,    16, -5.666779806978e-01, 1.951282777468e-06, 5.5882e+01, 2.1503e+00, 
 2DIAGNOSTIC,    17, -5.666782652804e-01, 1.834879261232e-06, 5.7959e+01, 2.0765e+00, 
 2DIAGNOSTIC,    18, -5.666783343187e-01, 1.742524460446e-06, 6.0602e+01, 2.6433e+00, 
 2DIAGNOSTIC,    19, -5.666783125045e-01, 1.667005511158e-06, 6.2916e+01, 2.3140e+00, 
 2DIAGNOSTIC,    20, -5.666780963405e-01, 1.590809846373e-06, 6.5147e+01, 2.2307e+00, 
 2DIAGNOSTIC,    21, -5.666779153011e-01, 1.520483364832e-06, 6.7290e+01, 2.1430e+00, 
 2DIAGNOSTIC,    22, -5.666777203833e-01, 1.447528984518e-06, 6.9503e+01, 2.2129e+00, 
 2DIAGNOSTIC,    23, -5.666776746371e-01, 1.376693184597e-06, 7.1674e+01, 2.1710e+00, 
 2DIAGNOSTIC,    24, -5.666776730424e-01, 1.306852633234e-06, 7.3925e+01, 2.2513e+00, 
 2DIAGNOSTIC,    25, -5.666775047965e-01, 1.237871511607e-06, 7.5980e+01, 2.0550e+00, 
 2DIAGNOSTIC,    26, -5.666775756340e-01, 1.183867980474e-06, 7.8215e+01, 2.2354e+00, 
 2DIAGNOSTIC,    27, -5.666772926940e-01, 1.137596028655e-06, 8.0555e+01, 2.3398e+00, 
 2DIAGNOSTIC,    28, -5.666770477896e-01, 1.095423451523e-06, 8.2815e+01, 2.2604e+00, 
 2DIAGNOSTIC,    29, -5.666767310780e-01, 1.054317737344e-06, 8.5165e+01, 2.3491e+00, 
 2DIAGNOSTIC,    30, -5.666766194065e-01, 1.014659540187e-06, 8.7326e+01, 2.1615e+00, 
  Elapsed time (stage 0): 8.8587e+01


Total elapsed time: 8.8590e+01
Info [verificarlo]: loaded backend libinterflop_vprec.so
Info [interflop-vprec]: load backend with: 
Info [interflop-vprec]: precision-binary32 = 16
Info [interflop-vprec]: range-binary32 = 7
Info [interflop-vprec]: precision-binary64 = 16
Info [interflop-vprec]: range-binary64 = 7
Info [interflop-vprec]: mode = ob
Info [interflop-vprec]: error-mode = rel
Info [interflop-vprec]: max-abs-error-exponent = -1022
Info [interflop-vprec]: daz = false
Info [interflop-vprec]: ftz = false
Info [interflop-vprec]: 	instrument = none
Info [interflop-vprec]: 	prec-input-file = (null)
Info [interflop-vprec]: 	prec-output-file = (null)
Info [interflop-vprec]: 	prec-log-file = (null)
All_Command_lines_OK
Using double precision for computations.
=============================================================================
The composite transform comprises the following transforms (in order): 
  1. /home/mdugre/scratch/mri-registration-rp/datasets/ds004513/derivatives/mri-registration-rp/0001/antsRegistration-r7-p16/sub-s017/affine_Composite.h5[0] (type = Euler3DTransform)
  2. /home/mdugre/scratch/mri-registration-rp/datasets/ds004513/derivatives/mri-registration-rp/0001/antsRegistration-r7-p16/sub-s017/affine_Composite.h5[1] (type = Euler3DTransform)
  3. /home/mdugre/scratch/mri-registration-rp/datasets/ds004513/derivatives/mri-registration-rp/0001/antsRegistration-r7-p16/sub-s017/affine_Composite.h5[2] (type = Euler3DTransform)
  4. /home/mdugre/scratch/mri-registration-rp/datasets/ds004513/derivatives/mri-registration-rp/0001/antsRegistration-r7-p16/sub-s017/affine_Composite.h5[3] (type = AffineTransform)
=============================================================================
  number of levels = 4
  fixed image: /templateflow/tpl-MNI152NLin2009cAsym/tpl-MNI152NLin2009cAsym_res-01_desc-brain_T1w.nii.gz
  moving image: /home/mdugre/scratch/mri-registration-rp/datasets/ds004513/derivatives/mri-registration-rp/antsBrainExtraction/sub-s017/BrainExtractionBrain.nii.gz
Dimension = 3
Number of stages = 1
Use histogram matching = false
Winsorize image intensities = true
  Lower quantile = 0.005
  Upper quantile = 0.995


Stage 1 State
   Image metric = CC
     Fixed image = Image (0x375b6f0)
  RTTI typeinfo:   itk::Image<double, 3u>
  Reference Count: 2
  Modified Time: 1606
  Debug: Off
  Object Name: 
  Observers: 
    none
  Source: (none)
  Source output name: (none)
