
##########################
# Experiment information #
##########################

EXPERIMENT_NAME: antsRegistration-r8-p10
VFC_BACKENDS: libinterflop_vprec.so --range-binary32=8 --precision-binary32=10 --range-binary64=8 --precision-binary64=10

SIF_IMG: /home/mdugre/projects/rrg-glatard/mdugre/containers/ants-vprec-no_metrics.simg

SUBJECT_ID: s014
INPUT_IMG: /home/mdugre/scratch/mri-registration-rp/datasets/ds004513/derivatives/mri-registration-rp/antsBrainExtraction/sub-s014/BrainExtractionBrain.nii.gz
OUTPUT_DIR: /home/mdugre/scratch/mri-registration-rp/datasets/ds004513/derivatives/mri-registration-rp/0001/antsRegistration-r8-p10/sub-s014

FIXED_IMG: /templateflow/tpl-MNI152NLin2009cAsym/tpl-MNI152NLin2009cAsym_res-01_desc-brain_T1w.nii.gz
DATA_DIR: /home/mdugre/scratch/mri-registration-rp/datasets/ds004513
TEMPLATEFLOW_DIR: /home/mdugre/projects/rrg-glatard/mdugre/templateflow
ITK_GLOBAL_DEFAULT_NUMBER_OF_THREADS: 16
##########################

Info [verificarlo]: loaded backend libinterflop_ieee.so
Info [interflop-ieee]: load backend with:
Info [interflop-ieee]: debug = false
Info [interflop-ieee]: debug-binary = false
Info [interflop-ieee]: no-backend-name = false
Info [interflop-ieee]: print-new-line = false
Info [interflop-ieee]: print-subnormal-normalized = false
Info [interflop-ieee]: count-op = false
All_Command_lines_OK
Using double precision for computations.
=============================================================================
The composite transform comprises the following transforms (in order): 
  1. Center of mass alignment using fixed image: /templateflow/tpl-MNI152NLin2009cAsym/tpl-MNI152NLin2009cAsym_res-01_desc-brain_T1w.nii.gz and moving image: /home/mdugre/scratch/mri-registration-rp/datasets/ds004513/derivatives/mri-registration-rp/antsBrainExtraction/sub-s014/BrainExtractionBrain.nii.gz (type = Euler3DTransform)
=============================================================================
  number of levels = 1
  fixed image: /templateflow/tpl-MNI152NLin2009cAsym/tpl-MNI152NLin2009cAsym_res-01_desc-brain_T1w.nii.gz
  moving image: /home/mdugre/scratch/mri-registration-rp/datasets/ds004513/derivatives/mri-registration-rp/antsBrainExtraction/sub-s014/BrainExtractionBrain.nii.gz
Dimension = 3
Number of stages = 1
Use histogram matching = false
Winsorize image intensities = true
  Lower quantile = 0.005
  Upper quantile = 0.995


Stage 1 State
   Image metric = MattesMI
     Fixed image = Image (0x3709e70)
  RTTI typeinfo:   itk::Image<double, 3u>
  Reference Count: 2
  Modified Time: 2334
  Debug: Off
  Object Name: 
  Observers: 
    none
  Source: (none)
  Source output name: (none)
  Release Data: Off
  Data Released: False
  Global Release Data: Off
  PipelineMTime: 0
  UpdateMTime: 1943
  RealTimeStamp: 0 seconds 
  LargestPossibleRegion: 
    Dimension: 3
    Index: [0, 0, 0]
    Size: [193, 229, 193]
  BufferedRegion: 
    Dimension: 3
    Index: [0, 0, 0]
    Size: [193, 229, 193]
  RequestedRegion: 
    Dimension: 3
    Index: [0, 0, 0]
    Size: [193, 229, 193]
  Spacing: [1, 1, 1]
  Origin: [96, 132, -78]
  Direction: 
-1 0 0
0 -1 0
0 0 1

  IndexToPointMatrix: 
-1 0 0
0 -1 0
0 0 1

  PointToIndexMatrix: 
-1 0 0
0 -1 0
0 0 1

  Inverse Direction: 
-1 0 0
0 -1 0
0 0 1

  PixelContainer: 
    ImportImageContainer (0x3716140)
      RTTI typeinfo:   itk::ImportImageContainer<unsigned long, double>
      Reference Count: 1
      Modified Time: 1940
      Debug: Off
      Object Name: 
      Observers: 
        none
      Pointer: 0x146fb1d78010
      Container manages memory: true
      Size: 8530021
      Capacity: 8530021

     Moving image = Image (0x3713310)
  RTTI typeinfo:   itk::Image<double, 3u>
  Reference Count: 2
  Modified Time: 2335
  Debug: Off
  Object Name: 
  Observers: 
    none
  Source: (none)
  Source output name: (none)
  Release Data: Off
  Data Released: False
  Global Release Data: Off
  PipelineMTime: 0
  UpdateMTime: 2332
  RealTimeStamp: 0 seconds 
  LargestPossibleRegion: 
    Dimension: 3
    Index: [0, 0, 0]
    Size: [160, 240, 256]
  BufferedRegion: 
    Dimension: 3
    Index: [0, 0, 0]
    Size: [160, 240, 256]
  RequestedRegion: 
    Dimension: 3
    Index: [0, 0, 0]
    Size: [160, 240, 256]
  Spacing: [0.999999, 1, 1]
  Origin: [84.1637, 106.709, -120.531]
  Direction: 
-0.999619 -0.0226874 -0.0157033
0.0226846 -0.999743 0.00035635
-0.0157073 -7.8229e-09 0.999877

  IndexToPointMatrix: 
-0.999619 -0.0226874 -0.0157033
0.0226845 -0.999743 0.00035635
-0.0157073 -7.8229e-09 0.999877

  PointToIndexMatrix: 
-0.99962 0.0226846 -0.0157073
-0.0226874 -0.999743 -7.83127e-09
-0.0157033 0.00035635 0.999877

  Inverse Direction: 
-0.999619 0.0226846 -0.0157073
-0.0226874 -0.999743 -7.83127e-09
-0.0157033 0.00035635 0.999877

  PixelContainer: 
    ImportImageContainer (0x383e610)
      RTTI typeinfo:   itk::ImportImageContainer<unsigned long, double>
      Reference Count: 1
      Modified Time: 2329
      Debug: Off
      Object Name: 
      Observers: 
        none
      Pointer: 0x146fad277010
      Container manages memory: true
      Size: 9830400
      Capacity: 9830400

     Weighting = 1
     Sampling strategy = regular
     Number of bins = 32
     Radius = 4
     Sampling percentage  = 0.25
   Transform = Rigid
     Gradient step = 0.1
     Update field sigma (voxel space) = 0
     Total field sigma (voxel space) = 0
     Update field time sigma = 0
     Total field time sigma  = 0
     Number of time indices = 0
     Number of time point samples = 0
Registration using 1 total stages.

Stage 0
  iterations = 0
  convergence threshold = 1e-06
  convergence window size = 10
  number of levels = 1
  using the Mattes MI metric (number of bins = 32, weight = 1, use gradient filter = 0)
  preprocessing:  winsorizing the image intensities
  Shrink factors (level 1 out of 1): [1, 1, 1]
  smoothing sigmas per level: [0]
  regular sampling (percentage = 0.25)

*** Running Euler3DTransform registration ***

  Elapsed time (stage 0): 1.15542


Total elapsed time: 1.15767
Info [verificarlo]: loaded backend libinterflop_ieee.so
Info [interflop-ieee]: load backend with:
Info [interflop-ieee]: debug = false
Info [interflop-ieee]: debug-binary = false
Info [interflop-ieee]: no-backend-name = false
Info [interflop-ieee]: print-new-line = false
Info [interflop-ieee]: print-subnormal-normalized = false
Info [interflop-ieee]: count-op = false
All_Command_lines_OK
Using double precision for computations.
=============================================================================
The composite transform comprises the following transforms (in order): 
  1. /home/mdugre/scratch/mri-registration-rp/datasets/ds004513/derivatives/mri-registration-rp/0001/antsRegistration-r8-p10/sub-s014/align_Composite.h5[0] (type = Euler3DTransform)
  2. /home/mdugre/scratch/mri-registration-rp/datasets/ds004513/derivatives/mri-registration-rp/0001/antsRegistration-r8-p10/sub-s014/align_Composite.h5[1] (type = Euler3DTransform)
=============================================================================
  number of levels = 4
  fixed image: /templateflow/tpl-MNI152NLin2009cAsym/tpl-MNI152NLin2009cAsym_res-01_desc-brain_T1w.nii.gz
  moving image: /home/mdugre/scratch/mri-registration-rp/datasets/ds004513/derivatives/mri-registration-rp/antsBrainExtraction/sub-s014/BrainExtractionBrain.nii.gz
Dimension = 3
Number of stages = 1
Use histogram matching = false
Winsorize image intensities = true
  Lower quantile = 0.005
  Upper quantile = 0.995


Stage 1 State
   Image metric = MattesMI
     Fixed image = Image (0x3a71530)
  RTTI typeinfo:   itk::Image<double, 3u>
  Reference Count: 2
  Modified Time: 1580
  Debug: Off
  Object Name: 
  Observers: 
    none
  Source: (none)
  Source output name: (none)
  Release Data: Off
  Data Released: False
  Global Release Data: Off
  PipelineMTime: 0
  UpdateMTime: 1189
  RealTimeStamp: 0 seconds 
  LargestPossibleRegion: 
    Dimension: 3
    Index: [0, 0, 0]
    Size: [193, 229, 193]
  BufferedRegion: 
    Dimension: 3
    Index: [0, 0, 0]
    Size: [193, 229, 193]
  RequestedRegion: 
    Dimension: 3
    Index: [0, 0, 0]
    Size: [193, 229, 193]
  Spacing: [1, 1, 1]
  Origin: [96, 132, -78]
  Direction: 
-1 0 0
0 -1 0
0 0 1

  IndexToPointMatrix: 
-1 0 0
0 -1 0
0 0 1

  PointToIndexMatrix: 
-1 0 0
0 -1 0
0 0 1

  Inverse Direction: 
-1 0 0
0 -1 0
0 0 1

  PixelContainer: 
    ImportImageContainer (0x3b2fd60)
      RTTI typeinfo:   itk::ImportImageContainer<unsigned long, double>
      Reference Count: 1
      Modified Time: 1186
      Debug: Off
      Object Name: 
      Observers: 
        none
      Pointer: 0x149afc98c010
      Container manages memory: true
      Size: 8530021
      Capacity: 8530021

     Moving image = Image (0x3b21f60)
  RTTI typeinfo:   itk::Image<double, 3u>
  Reference Count: 2
  Modified Time: 1581
  Debug: Off
  Object Name: 
  Observers: 
    none
  Source: (none)
  Source output name: (none)
  Release Data: Off
  Data Released: False
  Global Release Data: Off
  PipelineMTime: 0
  UpdateMTime: 1578
  RealTimeStamp: 0 seconds 
  LargestPossibleRegion: 
    Dimension: 3
    Index: [0, 0, 0]
    Size: [160, 240, 256]
  BufferedRegion: 
    Dimension: 3
    Index: [0, 0, 0]
    Size: [160, 240, 256]
  RequestedRegion: 
    Dimension: 3
    Index: [0, 0, 0]
    Size: [160, 240, 256]
  Spacing: [0.999999, 1, 1]
  Origin: [84.1637, 106.709, -120.531]
  Direction: 
-0.999619 -0.0226874 -0.0157033
0.0226846 -0.999743 0.00035635
-0.0157073 -7.8229e-09 0.999877

  IndexToPointMatrix: 
-0.999619 -0.0226874 -0.0157033
0.0226845 -0.999743 0.00035635
-0.0157073 -7.8229e-09 0.999877

  PointToIndexMatrix: 
-0.99962 0.0226846 -0.0157073
-0.0226874 -0.999743 -7.83127e-09
-0.0157033 0.00035635 0.999877

  Inverse Direction: 
-0.999619 0.0226846 -0.0157073
-0.0226874 -0.999743 -7.83127e-09
-0.0157033 0.00035635 0.999877

  PixelContainer: 
    ImportImageContainer (0x3b136d0)
      RTTI typeinfo:   itk::ImportImageContainer<unsigned long, double>
      Reference Count: 1
      Modified Time: 1575
      Debug: Off
      Object Name: 
      Observers: 
        none
      Pointer: 0x149af7e8b010
      Container manages memory: true
      Size: 9830400
      Capacity: 9830400

     Weighting = 1
     Sampling strategy = regular
     Number of bins = 32
     Radius = 4
     Sampling percentage  = 0.25
   Transform = Rigid
     Gradient step = 0.1
     Update field sigma (voxel space) = 0
     Total field sigma (voxel space) = 0
     Update field time sigma = 0
     Total field time sigma  = 0
     Number of time indices = 0
     Number of time point samples = 0
Registration using 1 total stages.

Stage 0
  iterations = 1000x500x250x100
  convergence threshold = 1e-06
  convergence window size = 10
  number of levels = 4
  using the Mattes MI metric (number of bins = 32, weight = 1, use gradient filter = 0)
  preprocessing:  winsorizing the image intensities
  Shrink factors (level 1 out of 4): [8, 8, 8]
  Shrink factors (level 2 out of 4): [4, 4, 4]
  Shrink factors (level 3 out of 4): [2, 2, 2]
  Shrink factors (level 4 out of 4): [1, 1, 1]
  smoothing sigmas per level: [3, 2, 1, 0]
  regular sampling (percentage = 0.25)

*** Running Euler3DTransform registration ***

DIAGNOSTIC,Iteration,metricValue,convergenceValue,ITERATION_TIME_INDEX,SINCE_LAST
 2DIAGNOSTIC,     1, -4.770821406565e-01, 1.797693134862e+308, 1.3427e+00, 1.3427e+00, 
 2DIAGNOSTIC,     2, -4.784216133942e-01, 1.797693134862e+308, 1.3486e+00, 5.8920e-03, 
 2DIAGNOSTIC,     3, -4.807043200681e-01, 1.797693134862e+308, 1.3545e+00, 5.8720e-03, 
 2DIAGNOSTIC,     4, -4.840264478065e-01, 1.797693134862e+308, 1.3600e+00, 5.5048e-03, 
 2DIAGNOSTIC,     5, -4.883050305770e-01, 1.797693134862e+308, 1.3654e+00, 5.4340e-03, 
 2DIAGNOSTIC,     6, -4.953560426371e-01, 1.797693134862e+308, 1.3718e+00, 6.3510e-03, 
 2DIAGNOSTIC,     7, -5.007350570384e-01, 1.797693134862e+308, 1.3774e+00, 5.6052e-03, 
 2DIAGNOSTIC,     8, -5.013278569503e-01, 1.797693134862e+308, 1.3829e+00, 5.4660e-03, 
 2DIAGNOSTIC,     9, -5.085255256006e-01, 1.797693134862e+308, 1.3892e+00, 6.3000e-03, 
 2DIAGNOSTIC,    10, -5.161992633656e-01, 5.125196520979e-03, 1.3971e+00, 7.9329e-03, 
 2DIAGNOSTIC,    11, -5.167072941437e-01, 4.879252931146e-03, 1.4029e+00, 5.8060e-03, 
 2DIAGNOSTIC,    12, -5.203629876260e-01, 4.481282734468e-03, 1.4085e+00, 5.5549e-03, 
 2DIAGNOSTIC,    13, -5.229718709777e-01, 3.958672533579e-03, 1.4140e+00, 5.4970e-03, 
 2DIAGNOSTIC,    14, -5.250338110829e-01, 3.368007801723e-03, 1.4207e+00, 6.7759e-03, 
 2DIAGNOSTIC,    15, -5.272078697647e-01, 2.786121483392e-03, 1.4294e+00, 8.6322e-03, 
 2DIAGNOSTIC,    16, -5.275715603977e-01, 2.284098302165e-03, 1.4348e+00, 5.4600e-03, 
 2DIAGNOSTIC,    17, -5.282507656511e-01, 1.839921123741e-03, 1.4402e+00, 5.4152e-03, 
 2DIAGNOSTIC,    18, -5.289722876066e-01, 1.313912041898e-03, 1.4461e+00, 5.8820e-03, 
 2DIAGNOSTIC,    19, -5.292207410111e-01, 9.370568707353e-04, 1.4521e+00, 5.9690e-03, 
 2DIAGNOSTIC,    20, -5.294476960672e-01, 7.341365573344e-04, 1.4588e+00, 6.7141e-03, 
 2DIAGNOSTIC,    21, -5.294955840903e-01, 4.966190831872e-04, 1.4646e+00, 5.7759e-03, 
 2DIAGNOSTIC,    22, -5.295366245031e-01, 3.281311959327e-04, 1.4720e+00, 7.3800e-03, 
 2DIAGNOSTIC,    23, -5.295376311909e-01, 2.063244245656e-04, 1.4793e+00, 7.3402e-03, 
 2DIAGNOSTIC,    24, -5.295911249027e-01, 1.234508389540e-04, 1.4852e+00, 5.8789e-03, 
 2DIAGNOSTIC,    25, -5.296271130648e-01, 8.499150549784e-05, 1.4914e+00, 6.2370e-03, 
 2DIAGNOSTIC,    26, -5.296539599384e-01, 4.983583932637e-05, 1.4969e+00, 5.4750e-03, 
 2DIAGNOSTIC,    27, -5.297704229810e-01, 2.877322816071e-05, 1.5021e+00, 5.1880e-03, 
 2DIAGNOSTIC,    28, -5.299884954870e-01, 2.504887533031e-05, 1.5096e+00, 7.5650e-03, 
 2DIAGNOSTIC,    29, -5.300854192463e-01, 2.569611953516e-05, 1.5157e+00, 6.0670e-03, 
 2DIAGNOSTIC,    30, -5.300410324622e-01, 2.732899345535e-05, 1.5211e+00, 5.3649e-03, 
 2DIAGNOSTIC,    31, -5.300376932142e-01, 2.724560549534e-05, 1.5264e+00, 5.3110e-03, 
 2DIAGNOSTIC,    32, -5.301686264233e-01, 2.763232919772e-05, 1.5320e+00, 5.6031e-03, 
 2DIAGNOSTIC,    33, -5.303926738418e-01, 2.905769096899e-05, 1.5387e+00, 6.6800e-03, 
 2DIAGNOSTIC,    34, -5.304519664599e-01, 2.945835348046e-05, 1.5455e+00, 6.7971e-03, 
 2DIAGNOSTIC,    35, -5.305073139182e-01, 2.868169327948e-05, 1.5508e+00, 5.3480e-03, 
 2DIAGNOSTIC,    36, -5.305686017146e-01, 2.670517372590e-05, 1.5557e+00, 4.9222e-03, 
 2DIAGNOSTIC,    37, -5.306602858941e-01, 2.533264911713e-05, 1.5624e+00, 6.6581e-03, 
 2DIAGNOSTIC,    38, -5.306881156229e-01, 2.512162424426e-05, 1.5672e+00, 4.7681e-03, 
 2DIAGNOSTIC,    39, -5.307317416634e-01, 2.461885298223e-05, 1.5719e+00, 4.7319e-03, 
 2DIAGNOSTIC,    40, -5.308225091353e-01, 2.257034276094e-05, 1.5784e+00, 6.5460e-03, 
 2DIAGNOSTIC,    41, -5.308460424125e-01, 1.877385526236e-05, 1.5833e+00, 4.8990e-03, 
 2DIAGNOSTIC,    42, -5.308561837321e-01, 1.520831957674e-05, 1.5881e+00, 4.7550e-03, 
 2DIAGNOSTIC,    43, -5.308777649273e-01, 1.355835177660e-05, 1.5929e+00, 4.7722e-03, 
 2DIAGNOSTIC,    44, -5.309114036110e-01, 1.190613944819e-05, 1.5977e+00, 4.8189e-03, 
 2DIAGNOSTIC,    45, -5.310262965518e-01, 1.129423567025e-05, 1.6053e+00, 7.6232e-03, 
 2DIAGNOSTIC,    46, -5.310374074445e-01, 1.049838942396e-05, 1.6100e+00, 4.6830e-03, 
 2DIAGNOSTIC,    47, -5.310434720121e-01, 9.962263453078e-06, 1.6151e+00, 5.1119e-03, 
 2DIAGNOSTIC,    48, -5.310518853633e-01, 8.989886108750e-06, 1.6198e+00, 4.6890e-03, 
 2DIAGNOSTIC,    49, -5.310584329536e-01, 7.783359502338e-06, 1.6256e+00, 5.8041e-03, 
 2DIAGNOSTIC,    50, -5.310645817646e-01, 6.973833583904e-06, 1.6321e+00, 6.5391e-03, 
 2DIAGNOSTIC,    51, -5.310656430618e-01, 5.851695600270e-06, 1.6370e+00, 4.8690e-03, 
 2DIAGNOSTIC,    52, -5.310738190002e-01, 4.481863509570e-06, 1.6426e+00, 5.5749e-03, 
 2DIAGNOSTIC,    53, -5.310768127969e-01, 3.049471521285e-06, 1.6474e+00, 4.7841e-03, 
 2DIAGNOSTIC,    54, -5.310775506016e-01, 1.750844720091e-06, 1.6523e+00, 4.9019e-03, 
 2DIAGNOSTIC,    55, -5.310817434211e-01, 1.565716412993e-06, 1.6573e+00, 5.0690e-03, 
 2DIAGNOSTIC,    56, -5.310870994121e-01, 1.452195857437e-06, 1.6629e+00, 5.5730e-03, 
 2DIAGNOSTIC,    57, -5.310885232962e-01, 1.327089154839e-06, 1.6710e+00, 8.1060e-03, 
 2DIAGNOSTIC,    58, -5.310914487850e-01, 1.238639651020e-06, 1.6821e+00, 1.1127e-02, 
 2DIAGNOSTIC,    59, -5.311015678587e-01, 1.240623596552e-06, 1.6884e+00, 6.2399e-03, 
 2DIAGNOSTIC,    60, -5.311021904297e-01, 1.235244578918e-06, 1.6933e+00, 4.9350e-03, 
 2DIAGNOSTIC,    61, -5.311059901820e-01, 1.204917779097e-06, 1.7077e+00, 1.4433e-02, 
 2DIAGNOSTIC,    62, -5.311059901659e-01, 1.182103197370e-06, 1.7223e+00, 1.4576e-02, 
 2DIAGNOSTIC,    63, -5.311059901659e-01, 1.122797857779e-06, 1.7276e+00, 5.2612e-03, 
 2DIAGNOSTIC,    64, -5.311059901659e-01, 1.011506956472e-06, 1.7331e+00, 5.5039e-03, 
DIAGNOSTIC,Iteration,metricValue,convergenceValue,ITERATION_TIME_INDEX,SINCE_LAST
 2DIAGNOSTIC,     1, -4.295258231625e-01, 1.797693134862e+308, 2.5751e+00, 8.4203e-01, 
 2DIAGNOSTIC,     2, -4.302859640431e-01, 1.797693134862e+308, 2.6130e+00, 3.7849e-02, 
 2DIAGNOSTIC,     3, -4.309651196675e-01, 1.797693134862e+308, 2.6505e+00, 3.7510e-02, 
 2DIAGNOSTIC,     4, -4.317164347764e-01, 1.797693134862e+308, 2.6869e+00, 3.6397e-02, 
 2DIAGNOSTIC,     5, -4.325561938345e-01, 1.797693134862e+308, 2.7214e+00, 3.4483e-02, 
 2DIAGNOSTIC,     6, -4.341819580778e-01, 1.797693134862e+308, 2.7559e+00, 3.4509e-02, 
 2DIAGNOSTIC,     7, -4.354327949460e-01, 1.797693134862e+308, 2.7896e+00, 3.3713e-02, 
 2DIAGNOSTIC,     8, -4.367134834400e-01, 1.797693134862e+308, 2.8272e+00, 3.7672e-02, 
 2DIAGNOSTIC,     9, -4.377076816052e-01, 1.797693134862e+308, 2.8757e+00, 4.8411e-02, 
 2DIAGNOSTIC,    10, -4.379510214292e-01, 1.375954781895e-03, 2.9089e+00, 3.3223e-02, 
 2DIAGNOSTIC,    11, -4.381306699705e-01, 1.211218579671e-03, 2.9428e+00, 3.3889e-02, 
 2DIAGNOSTIC,    12, -4.403708091231e-01, 1.128184042326e-03, 2.9807e+00, 3.7948e-02, 
 2DIAGNOSTIC,    13, -4.435986505912e-01, 1.148562288822e-03, 3.0221e+00, 4.1388e-02, 
 2DIAGNOSTIC,    14, -4.436199448314e-01, 1.094787363721e-03, 3.0537e+00, 3.1604e-02, 
 2DIAGNOSTIC,    15, -4.445052017466e-01, 1.025845794578e-03, 3.0856e+00, 3.1901e-02, 
 2DIAGNOSTIC,    16, -4.479362667359e-01, 1.077370593718e-03, 3.1269e+00, 4.1315e-02, 
 2DIAGNOSTIC,    17, -4.481475950966e-01, 1.073587592039e-03, 3.1570e+00, 3.0058e-02, 
 2DIAGNOSTIC,    18, -4.482020490506e-01, 1.018146304555e-03, 3.1908e+00, 3.3767e-02, 
 2DIAGNOSTIC,    19, -4.481966708783e-01, 9.107728241564e-04, 3.2463e+00, 5.5543e-02, 
 2DIAGNOSTIC,    20, -4.481953336111e-01, 7.394369057974e-04, 3.2767e+00, 3.0427e-02, 
 2DIAGNOSTIC,    21, -4.481954334365e-01, 5.189437698131e-04, 3.3133e+00, 3.6608e-02, 
 2DIAGNOSTIC,    22, -4.482018534041e-01, 3.337448807749e-04, 3.3469e+00, 3.3560e-02, 
 2DIAGNOSTIC,    23, -4.481921491902e-01, 2.259319887822e-04, 3.3766e+00, 2.9756e-02, 
 2DIAGNOSTIC,    24, -4.482074312944e-01, 1.077320612779e-04, 3.4055e+00, 2.8887e-02, 
 2DIAGNOSTIC,    25, -4.482144439006e-01, 9.691655720553e-06, 3.4381e+00, 3.2562e-02, 
 2DIAGNOSTIC,    26, -4.482116709936e-01, 3.273678771468e-06, 3.4717e+00, 3.3607e-02, 
 2DIAGNOSTIC,    27, -4.482088353419e-01, 2.084625101470e-06, 3.5048e+00, 3.3146e-02, 
 2DIAGNOSTIC,    28, -4.482139219796e-01, 2.274302591726e-06, 3.5344e+00, 2.9593e-02, 
 2DIAGNOSTIC,    29, -4.482420866147e-01, 2.842584337956e-06, 3.5678e+00, 3.3313e-02, 
 2DIAGNOSTIC,    30, -4.482455732433e-01, 3.232684922833e-06, 3.6010e+00, 3.3206e-02, 
 2DIAGNOSTIC,    31, -4.482405886184e-01, 3.298136707297e-06, 3.6303e+00, 2.9308e-02, 
 2DIAGNOSTIC,    32, -4.482290914597e-01, 3.068920166431e-06, 3.6594e+00, 2.9120e-02, 
 2DIAGNOSTIC,    33, -4.482261087152e-01, 2.406542990059e-06, 3.6918e+00, 3.2463e-02, 
 2DIAGNOSTIC,    34, -4.482147420984e-01, 1.704267049027e-06, 3.7254e+00, 3.3532e-02, 
 2DIAGNOSTIC,    35, -4.482170221356e-01, 1.142410835996e-06, 3.7551e+00, 2.9709e-02, 
DIAGNOSTIC,Iteration,metricValue,convergenceValue,ITERATION_TIME_INDEX,SINCE_LAST
 2DIAGNOSTIC,     1, -3.932184618381e-01, 1.797693134862e+308, 4.8670e+00, 1.1119e+00, 
 2DIAGNOSTIC,     2, -3.933350080325e-01, 1.797693134862e+308, 5.1013e+00, 2.3434e-01, 
 2DIAGNOSTIC,     3, -3.934316047219e-01, 1.797693134862e+308, 5.3275e+00, 2.2620e-01, 
 2DIAGNOSTIC,     4, -3.934445201162e-01, 1.797693134862e+308, 5.6420e+00, 3.1448e-01, 
 2DIAGNOSTIC,     5, -3.934561040861e-01, 1.797693134862e+308, 6.0085e+00, 3.6646e-01, 
 2DIAGNOSTIC,     6, -3.934557399909e-01, 1.797693134862e+308, 6.3394e+00, 3.3093e-01, 
 2DIAGNOSTIC,     7, -3.934568947354e-01, 1.797693134862e+308, 6.7828e+00, 4.4342e-01, 
 2DIAGNOSTIC,     8, -3.934560026169e-01, 1.797693134862e+308, 7.0804e+00, 2.9759e-01, 
 2DIAGNOSTIC,     9, -3.934553706878e-01, 1.797693134862e+308, 7.4433e+00, 3.6284e-01, 
 2DIAGNOSTIC,    10, -3.934548435260e-01, 2.950388366800e-05, 7.7760e+00, 3.3275e-01, 
 2DIAGNOSTIC,    11, -3.934535150298e-01, 1.251787786385e-05, 8.1053e+00, 3.2925e-01, 
 2DIAGNOSTIC,    12, -3.934529103218e-01, 4.334107427340e-06, 8.4629e+00, 3.5767e-01, 
 2DIAGNOSTIC,    13, -3.934523311781e-01, 2.580302288155e-06, 8.7711e+00, 3.0817e-01, 
 2DIAGNOSTIC,    14, -3.934518640338e-01, 1.691075480814e-06, 9.1747e+00, 4.0361e-01, 
 2DIAGNOSTIC,    15, -3.934519733870e-01, 1.537715196315e-06, 9.5164e+00, 3.4171e-01, 
 2DIAGNOSTIC,    16, -3.934513608987e-01, 1.410839998814e-06, 9.7981e+00, 2.8170e-01, 
 2DIAGNOSTIC,    17, -3.934508379701e-01, 1.380509561062e-06, 1.0115e+01, 3.1734e-01, 
 2DIAGNOSTIC,    18, -3.934502559188e-01, 1.340256906575e-06, 1.0413e+01, 2.9734e-01, 
 2DIAGNOSTIC,    19, -3.934497851182e-01, 1.301860448846e-06, 1.0749e+01, 3.3579e-01, 
 2DIAGNOSTIC,    20, -3.934499621059e-01, 1.290039366671e-06, 1.1026e+01, 2.7712e-01, 
 2DIAGNOSTIC,    21, -3.934502604356e-01, 1.271710279346e-06, 1.1317e+01, 2.9163e-01, 
 2DIAGNOSTIC,    22, -3.934498715025e-01, 1.245514193331e-06, 1.1621e+01, 3.0378e-01, 
 2DIAGNOSTIC,    23, -3.934501306661e-01, 1.231426897293e-06, 1.1901e+01, 2.7990e-01, 
 2DIAGNOSTIC,    24, -3.934495535130e-01, 1.200792352413e-06, 1.2153e+01, 2.5216e-01, 
 2DIAGNOSTIC,    25, -3.934490927043e-01, 1.174527748761e-06, 1.2449e+01, 2.9534e-01, 
 2DIAGNOSTIC,    26, -3.934495815721e-01, 1.156238080391e-06, 1.2750e+01, 3.0120e-01, 
 2DIAGNOSTIC,    27, -3.934510332317e-01, 1.170201592446e-06, 1.3068e+01, 3.1848e-01, 
 2DIAGNOSTIC,    28, -3.934498669688e-01, 1.138213958245e-06, 1.3335e+01, 2.6649e-01, 
 2DIAGNOSTIC,    29, -3.934494067350e-01, 1.086573194614e-06, 1.3600e+01, 2.6565e-01, 
 2DIAGNOSTIC,    30, -3.934490070434e-01, 1.034518179850e-06, 1.3874e+01, 2.7331e-01, 
 2DIAGNOSTIC,    31, -3.934493551652e-01, 1.002859578138e-06, 1.4110e+01, 2.3604e-01, 
 2DIAGNOSTIC,    32, -3.934514388426e-01, 1.012149895278e-06, 1.4388e+01, 2.7847e-01, 
 2DIAGNOSTIC,    33, -3.934519791109e-01, 1.036071929993e-06, 1.4618e+01, 2.2953e-01, 
 2DIAGNOSTIC,    34, -3.934514161485e-01, 1.029042927567e-06, 1.4853e+01, 2.3504e-01, 
 2DIAGNOSTIC,    35, -3.934525147869e-01, 1.027695429878e-06, 1.5109e+01, 2.5614e-01, 
 2DIAGNOSTIC,    36, -3.934539683460e-01, 1.051995584998e-06, 1.5396e+01, 2.8666e-01, 
 2DIAGNOSTIC,    37, -3.934536116904e-01, 1.079271426643e-06, 1.5653e+01, 2.5747e-01, 
 2DIAGNOSTIC,    38, -3.934525130294e-01, 1.042002340870e-06, 1.5912e+01, 2.5897e-01, 
DIAGNOSTIC,Iteration,metricValue,convergenceValue,ITERATION_TIME_INDEX,SINCE_LAST
 2DIAGNOSTIC,     1, -3.660000231714e-01, 1.797693134862e+308, 1.8428e+01, 2.5156e+00, 
 2DIAGNOSTIC,     2, -3.661006044641e-01, 1.797693134862e+308, 2.0195e+01, 1.7678e+00, 
 2DIAGNOSTIC,     3, -3.661940053342e-01, 1.797693134862e+308, 2.1961e+01, 1.7656e+00, 
 2DIAGNOSTIC,     4, -3.662025643827e-01, 1.797693134862e+308, 2.4905e+01, 2.9437e+00, 
 2DIAGNOSTIC,     5, -3.662022977248e-01, 1.797693134862e+308, 2.6988e+01, 2.0833e+00, 
 2DIAGNOSTIC,     6, -3.662022733112e-01, 1.797693134862e+308, 2.8613e+01, 1.6249e+00, 
 2DIAGNOSTIC,     7, -3.662021510271e-01, 1.797693134862e+308, 3.0141e+01, 1.5275e+00, 
 2DIAGNOSTIC,     8, -3.662021104630e-01, 1.797693134862e+308, 3.1830e+01, 1.6899e+00, 
 2DIAGNOSTIC,     9, -3.662019867472e-01, 1.797693134862e+308, 3.3513e+01, 1.6830e+00, 
 2DIAGNOSTIC,    10, -3.662019340530e-01, 2.615307339834e-05, 3.4895e+01, 1.3813e+00, 
 2DIAGNOSTIC,    11, -3.662019021255e-01, 1.049209143461e-05, 3.6451e+01, 1.5566e+00, 
 2DIAGNOSTIC,    12, -3.662017877703e-01, 3.091361761368e-06, 3.8082e+01, 1.6310e+00, 
 2DIAGNOSTIC,    13, -3.662019075548e-01, 2.358435282609e-06, 3.9884e+01, 1.8021e+00, 
 2DIAGNOSTIC,    14, -3.662018586972e-01, 2.210206230743e-06, 4.1438e+01, 1.5531e+00, 
 2DIAGNOSTIC,    15, -3.662018919998e-01, 2.075386436429e-06, 4.3204e+01, 1.7663e+00, 
 2DIAGNOSTIC,    16, -3.662018421240e-01, 1.958104264649e-06, 4.4830e+01, 1.6259e+00, 
 2DIAGNOSTIC,    17, -3.662017315522e-01, 1.846828496195e-06, 4.6433e+01, 1.6037e+00, 
 2DIAGNOSTIC,    18, -3.662016584407e-01, 1.745449651244e-06, 4.8002e+01, 1.5687e+00, 
 2DIAGNOSTIC,    19, -3.662015876189e-01, 1.648798699107e-06, 4.9562e+01, 1.5601e+00, 
 2DIAGNOSTIC,    20, -3.662013732790e-01, 1.553843699931e-06, 5.1383e+01, 1.8212e+00, 
 2DIAGNOSTIC,    21, -3.662013254799e-01, 1.468744416359e-06, 5.3654e+01, 2.2710e+00, 
 2DIAGNOSTIC,    22, -3.662011170225e-01, 1.384171167629e-06, 5.5323e+01, 1.6682e+00, 
 2DIAGNOSTIC,    23, -3.662008967129e-01, 1.309503413253e-06, 5.6783e+01, 1.4606e+00, 
 2DIAGNOSTIC,    24, -3.662008589145e-01, 1.245216040502e-06, 5.8594e+01, 1.8105e+00, 
 2DIAGNOSTIC,    25, -3.662009022389e-01, 1.195923304068e-06, 6.0289e+01, 1.6950e+00, 
 2DIAGNOSTIC,    26, -3.662008588492e-01, 1.154782464860e-06, 6.1685e+01, 1.3959e+00, 
 2DIAGNOSTIC,    27, -3.662010886815e-01, 1.126687611590e-06, 6.3258e+01, 1.5738e+00, 
 2DIAGNOSTIC,    28, -3.662011544864e-01, 1.105168448326e-06, 6.5012e+01, 1.7535e+00, 
 2DIAGNOSTIC,    29, -3.662007271104e-01, 1.074819793535e-06, 6.7026e+01, 2.0140e+00, 
 2DIAGNOSTIC,    30, -3.662006710158e-01, 1.041888243382e-06, 6.8833e+01, 1.8065e+00, 
 2DIAGNOSTIC,    31, -3.662006079315e-01, 1.010052163512e-06, 7.0487e+01, 1.6548e+00, 
  Elapsed time (stage 0): 7.1394e+01


Total elapsed time: 7.1397e+01
Info [verificarlo]: loaded backend libinterflop_ieee.so
Info [interflop-ieee]: load backend with:
Info [interflop-ieee]: debug = false
Info [interflop-ieee]: debug-binary = false
Info [interflop-ieee]: no-backend-name = false
Info [interflop-ieee]: print-new-line = false
Info [interflop-ieee]: print-subnormal-normalized = false
Info [interflop-ieee]: count-op = false
All_Command_lines_OK
Using double precision for computations.
=============================================================================
The composite transform comprises the following transforms (in order): 
  1. /home/mdugre/scratch/mri-registration-rp/datasets/ds004513/derivatives/mri-registration-rp/0001/antsRegistration-r8-p10/sub-s014/rigid_Composite.h5[0] (type = Euler3DTransform)
  2. /home/mdugre/scratch/mri-registration-rp/datasets/ds004513/derivatives/mri-registration-rp/0001/antsRegistration-r8-p10/sub-s014/rigid_Composite.h5[1] (type = Euler3DTransform)
  3. /home/mdugre/scratch/mri-registration-rp/datasets/ds004513/derivatives/mri-registration-rp/0001/antsRegistration-r8-p10/sub-s014/rigid_Composite.h5[2] (type = Euler3DTransform)
=============================================================================
  number of levels = 4
  fixed image: /templateflow/tpl-MNI152NLin2009cAsym/tpl-MNI152NLin2009cAsym_res-01_desc-brain_T1w.nii.gz
  moving image: /home/mdugre/scratch/mri-registration-rp/datasets/ds004513/derivatives/mri-registration-rp/antsBrainExtraction/sub-s014/BrainExtractionBrain.nii.gz
Dimension = 3
Number of stages = 1
Use histogram matching = false
Winsorize image intensities = true
  Lower quantile = 0.005
  Upper quantile = 0.995


Stage 1 State
   Image metric = MattesMI
     Fixed image = Image (0x41967e0)
  RTTI typeinfo:   itk::Image<double, 3u>
  Reference Count: 2
  Modified Time: 1594
  Debug: Off
  Object Name: 
  Observers: 
    none
  Source: (none)
  Source output name: (none)
  Release Data: Off
  Data Released: False
  Global Release Data: Off
  PipelineMTime: 0
  UpdateMTime: 1203
  RealTimeStamp: 0 seconds 
  LargestPossibleRegion: 
    Dimension: 3
    Index: [0, 0, 0]
    Size: [193, 229, 193]
  BufferedRegion: 
    Dimension: 3
    Index: [0, 0, 0]
    Size: [193, 229, 193]
  RequestedRegion: 
    Dimension: 3
    Index: [0, 0, 0]
    Size: [193, 229, 193]
  Spacing: [1, 1, 1]
  Origin: [96, 132, -78]
  Direction: 
-1 0 0
0 -1 0
0 0 1

  IndexToPointMatrix: 
-1 0 0
0 -1 0
0 0 1

  PointToIndexMatrix: 
-1 0 0
0 -1 0
0 0 1

  Inverse Direction: 
-1 0 0
0 -1 0
0 0 1

  PixelContainer: 
    ImportImageContainer (0x4256a20)
      RTTI typeinfo:   itk::ImportImageContainer<unsigned long, double>
      Reference Count: 1
      Modified Time: 1200
      Debug: Off
      Object Name: 
      Observers: 
        none
      Pointer: 0x14e9d4b0a010
      Container manages memory: true
      Size: 8530021
      Capacity: 8530021

     Moving image = Image (0x4251d70)
  RTTI typeinfo:   itk::Image<double, 3u>
  Reference Count: 2
  Modified Time: 1595
  Debug: Off
  Object Name: 
  Observers: 
    none
  Source: (none)
  Source output name: (none)
  Release Data: Off
  Data Released: False
  Global Release Data: Off
  PipelineMTime: 0
  UpdateMTime: 1592
  RealTimeStamp: 0 seconds 
  LargestPossibleRegion: 
    Dimension: 3
    Index: [0, 0, 0]
    Size: [160, 240, 256]
  BufferedRegion: 
    Dimension: 3
    Index: [0, 0, 0]
    Size: [160, 240, 256]
  RequestedRegion: 
    Dimension: 3
    Index: [0, 0, 0]
    Size: [160, 240, 256]
  Spacing: [0.999999, 1, 1]
  Origin: [84.1637, 106.709, -120.531]
  Direction: 
-0.999619 -0.0226874 -0.0157033
0.0226846 -0.999743 0.00035635
-0.0157073 -7.8229e-09 0.999877

  IndexToPointMatrix: 
-0.999619 -0.0226874 -0.0157033
0.0226845 -0.999743 0.00035635
-0.0157073 -7.8229e-09 0.999877

  PointToIndexMatrix: 
-0.99962 0.0226846 -0.0157073
-0.0226874 -0.999743 -7.83127e-09
-0.0157033 0.00035635 0.999877

  Inverse Direction: 
-0.999619 0.0226846 -0.0157073
-0.0226874 -0.999743 -7.83127e-09
-0.0157033 0.00035635 0.999877

  PixelContainer: 
    ImportImageContainer (0x4209c90)
      RTTI typeinfo:   itk::ImportImageContainer<unsigned long, double>
      Reference Count: 1
      Modified Time: 1589
      Debug: Off
      Object Name: 
      Observers: 
        none
      Pointer: 0x14e9d0009010
      Container manages memory: true
      Size: 9830400
      Capacity: 9830400

     Weighting = 1
     Sampling strategy = regular
     Number of bins = 32
     Radius = 4
     Sampling percentage  = 0.25
   Transform = Affine
     Gradient step = 0.1
     Update field sigma (voxel space) = 0
     Total field sigma (voxel space) = 0
     Update field time sigma = 0
     Total field time sigma  = 0
     Number of time indices = 0
     Number of time point samples = 0
Registration using 1 total stages.

Stage 0
  iterations = 1000x500x250x100
  convergence threshold = 1e-06
  convergence window size = 10
  number of levels = 4
  using the Mattes MI metric (number of bins = 32, weight = 1, use gradient filter = 0)
  preprocessing:  winsorizing the image intensities
  Shrink factors (level 1 out of 4): [8, 8, 8]
  Shrink factors (level 2 out of 4): [4, 4, 4]
  Shrink factors (level 3 out of 4): [2, 2, 2]
  Shrink factors (level 4 out of 4): [1, 1, 1]
  smoothing sigmas per level: [3, 2, 1, 0]
  regular sampling (percentage = 0.25)

*** Running AffineTransform registration ***

DIAGNOSTIC,Iteration,metricValue,convergenceValue,ITERATION_TIME_INDEX,SINCE_LAST
 2DIAGNOSTIC,     1, -5.239750081164e-01, 1.797693134862e+308, 1.1859e+00, 1.1859e+00, 
 2DIAGNOSTIC,     2, -5.258640011827e-01, 1.797693134862e+308, 1.1912e+00, 5.2130e-03, 
 2DIAGNOSTIC,     3, -5.291088179022e-01, 1.797693134862e+308, 1.1963e+00, 5.1351e-03, 
 2DIAGNOSTIC,     4, -5.347710739606e-01, 1.797693134862e+308, 1.2015e+00, 5.1630e-03, 
 2DIAGNOSTIC,     5, -5.449383435694e-01, 1.797693134862e+308, 1.2067e+00, 5.2018e-03, 
 2DIAGNOSTIC,     6, -6.215306030282e-01, 1.797693134862e+308, 1.2120e+00, 5.3561e-03, 
 2DIAGNOSTIC,     7, -6.633610803521e-01, 1.797693134862e+308, 1.2173e+00, 5.2900e-03, 
 2DIAGNOSTIC,     8, -7.298997330141e-01, 1.797693134862e+308, 1.2247e+00, 7.3571e-03, 
 2DIAGNOSTIC,     9, -7.422520696745e-01, 1.797693134862e+308, 1.2299e+00, 5.2090e-03, 
 2DIAGNOSTIC,    10, -7.541337957679e-01, 2.915590039963e-02, 1.2355e+00, 5.6262e-03, 
 2DIAGNOSTIC,    11, -7.649021662717e-01, 2.764846943585e-02, 1.2418e+00, 6.2940e-03, 
 2DIAGNOSTIC,    12, -7.741613325527e-01, 2.434790664212e-02, 1.2493e+00, 7.5400e-03, 
 2DIAGNOSTIC,    13, -7.770750267785e-01, 1.968341411278e-02, 1.2555e+00, 6.1300e-03, 
 2DIAGNOSTIC,    14, -7.814241295820e-01, 1.436951476249e-02, 1.2610e+00, 5.5308e-03, 
 2DIAGNOSTIC,    15, -7.874240641542e-01, 9.014359231917e-03, 1.2683e+00, 7.3531e-03, 
 2DIAGNOSTIC,    16, -7.920939995166e-01, 5.733376364655e-03, 1.2738e+00, 5.4760e-03, 
 2DIAGNOSTIC,    17, -7.957348645114e-01, 3.442742172653e-03, 1.2794e+00, 5.6069e-03, 
 2DIAGNOSTIC,    18, -8.010582282047e-01, 2.769038033783e-03, 1.2863e+00, 6.8362e-03, 
 2DIAGNOSTIC,    19, -8.020626399083e-01, 2.204714575239e-03, 1.2925e+00, 6.2649e-03, 
 2DIAGNOSTIC,    20, -8.025889423517e-01, 1.748789635145e-03, 1.2981e+00, 5.5418e-03, 
 2DIAGNOSTIC,    21, -8.047953144458e-01, 1.424939085222e-03, 1.3041e+00, 6.0768e-03, 
 2DIAGNOSTIC,    22, -8.088023980553e-01, 1.241480675147e-03, 1.3114e+00, 7.2341e-03, 
 2DIAGNOSTIC,    23, -8.108237147126e-01, 1.042934905494e-03, 1.3168e+00, 5.4150e-03, 
 2DIAGNOSTIC,    24, -8.126167666338e-01, 8.657112176004e-04, 1.3223e+00, 5.4579e-03, 
 2DIAGNOSTIC,    25, -8.155468513255e-01, 7.639983977987e-04, 1.3283e+00, 6.0871e-03, 
 2DIAGNOSTIC,    26, -8.215051900953e-01, 7.575092035135e-04, 1.3339e+00, 5.5282e-03, 
 2DIAGNOSTIC,    27, -8.250947429265e-01, 7.799865535003e-04, 1.3400e+00, 6.1328e-03, 
 2DIAGNOSTIC,    28, -8.289028109914e-01, 8.531881556212e-04, 1.3470e+00, 7.0019e-03, 
 2DIAGNOSTIC,    29, -8.295813506903e-01, 8.637240630678e-04, 1.3526e+00, 5.5852e-03, 
 2DIAGNOSTIC,    30, -8.372801046322e-01, 8.973834925305e-04, 1.3588e+00, 6.1800e-03, 
 2DIAGNOSTIC,    31, -8.403333629601e-01, 9.046238791456e-04, 1.3676e+00, 8.8339e-03, 
 2DIAGNOSTIC,    32, -8.402151650105e-01, 8.714654722930e-04, 1.3739e+00, 6.2659e-03, 
 2DIAGNOSTIC,    33, -8.408447430442e-01, 7.906254905645e-04, 1.3804e+00, 6.5179e-03, 
 2DIAGNOSTIC,    34, -8.413221312648e-01, 6.658327922539e-04, 1.3857e+00, 5.3329e-03, 
 2DIAGNOSTIC,    35, -8.414344968224e-01, 5.163786538342e-04, 1.3918e+00, 6.0790e-03, 
 2DIAGNOSTIC,    36, -8.416709874236e-01, 3.906211117493e-04, 1.3972e+00, 5.4231e-03, 
 2DIAGNOSTIC,    37, -8.415833854703e-01, 2.709502013409e-04, 1.4027e+00, 5.5130e-03, 
 2DIAGNOSTIC,    38, -8.417527515658e-01, 1.727666764633e-04, 1.4082e+00, 5.4901e-03, 
 2DIAGNOSTIC,    39, -8.419028778601e-01, 6.979688917733e-05, 1.4137e+00, 5.4631e-03, 
 2DIAGNOSTIC,    40, -8.420472101940e-01, 3.783407958050e-05, 1.4191e+00, 5.4610e-03, 
 2DIAGNOSTIC,    41, -8.423316183281e-01, 3.431337822941e-05, 1.4251e+00, 5.9080e-03, 
 2DIAGNOSTIC,    42, -8.424960574698e-01, 2.806717077403e-05, 1.4306e+00, 5.5201e-03, 
 2DIAGNOSTIC,    43, -8.423005743760e-01, 2.316963819890e-05, 1.4372e+00, 6.6340e-03, 
 2DIAGNOSTIC,    44, -8.422967962263e-01, 2.039324078985e-05, 1.4534e+00, 1.6165e-02, 
 2DIAGNOSTIC,    45, -8.422967824239e-01, 1.672432470224e-05, 1.4587e+00, 5.3329e-03, 
 2DIAGNOSTIC,    46, -8.422967857141e-01, 1.356936440393e-05, 1.4641e+00, 5.3589e-03, 
 2DIAGNOSTIC,    47, -8.422967912800e-01, 8.623687291185e-06, 1.4696e+00, 5.5189e-03, 
 2DIAGNOSTIC,    48, -8.422968006900e-01, 4.469873986647e-06, 1.4750e+00, 5.3899e-03, 
 2DIAGNOSTIC,    49, -8.422968165972e-01, 1.276584893069e-06, 1.4805e+00, 5.5342e-03, 
DIAGNOSTIC,Iteration,metricValue,convergenceValue,ITERATION_TIME_INDEX,SINCE_LAST
 2DIAGNOSTIC,     1, -6.880685054180e-01, 1.797693134862e+308, 2.1935e+00, 7.1297e-01, 
 2DIAGNOSTIC,     2, -6.886938782196e-01, 1.797693134862e+308, 2.2370e+00, 4.3551e-02, 
 2DIAGNOSTIC,     3, -6.892110831561e-01, 1.797693134862e+308, 2.2765e+00, 3.9438e-02, 
 2DIAGNOSTIC,     4, -6.897130633864e-01, 1.797693134862e+308, 2.3153e+00, 3.8825e-02, 
 2DIAGNOSTIC,     5, -6.905624097773e-01, 1.797693134862e+308, 2.3547e+00, 3.9409e-02, 
 2DIAGNOSTIC,     6, -6.916097872655e-01, 1.797693134862e+308, 2.4028e+00, 4.8094e-02, 
 2DIAGNOSTIC,     7, -6.932337160851e-01, 1.797693134862e+308, 2.4710e+00, 6.8190e-02, 
 2DIAGNOSTIC,     8, -6.932383967072e-01, 1.797693134862e+308, 2.5095e+00, 3.8499e-02, 
 2DIAGNOSTIC,     9, -6.932733279953e-01, 1.797693134862e+308, 2.5469e+00, 3.7398e-02, 
 2DIAGNOSTIC,    10, -6.933208731655e-01, 5.747016834462e-04, 2.5944e+00, 4.7545e-02, 
 2DIAGNOSTIC,    11, -6.933553686312e-01, 4.614555836082e-04, 2.6397e+00, 4.5252e-02, 
 2DIAGNOSTIC,    12, -6.933715170211e-01, 3.471078459735e-04, 2.6829e+00, 4.3260e-02, 
 2DIAGNOSTIC,    13, -6.934062719643e-01, 2.369812925414e-04, 2.7213e+00, 3.8380e-02, 
 2DIAGNOSTIC,    14, -6.934310693827e-01, 1.371889962727e-04, 2.7586e+00, 3.7297e-02, 
 2DIAGNOSTIC,    15, -6.936019970669e-01, 6.604373861527e-05, 2.8126e+00, 5.3942e-02, 
 2DIAGNOSTIC,    16, -6.936233442941e-01, 2.408222984174e-05, 2.8624e+00, 4.9849e-02, 
 2DIAGNOSTIC,    17, -6.936071784475e-01, 2.393073839109e-05, 2.9003e+00, 3.7884e-02, 
 2DIAGNOSTIC,    18, -6.936085518687e-01, 2.196308909316e-05, 2.9383e+00, 3.7977e-02, 
 2DIAGNOSTIC,    19, -6.936106492030e-01, 1.909406108968e-05, 2.9785e+00, 4.0262e-02, 
 2DIAGNOSTIC,    20, -6.936139111427e-01, 1.586338343069e-05, 3.0206e+00, 4.2048e-02, 
 2DIAGNOSTIC,    21, -6.936173648025e-01, 1.234124776742e-05, 3.0625e+00, 4.1908e-02, 
 2DIAGNOSTIC,    22, -6.936095371769e-01, 8.326603144121e-06, 3.1049e+00, 4.2413e-02, 
 2DIAGNOSTIC,    23, -6.936034286311e-01, 4.565840423278e-06, 3.1599e+00, 5.5005e-02, 
 2DIAGNOSTIC,    24, -6.936180847112e-01, 1.412977596225e-06, 3.2056e+00, 4.5713e-02, 
 2DIAGNOSTIC,    25, -6.936076730349e-01, 1.115245692726e-06, 3.2456e+00, 3.9980e-02, 
 2DIAGNOSTIC,    26, -6.936105093172e-01, 1.250471042748e-06, 3.2871e+00, 4.1541e-02, 
 2DIAGNOSTIC,    27, -6.936134410562e-01, 1.175408735850e-06, 3.3256e+00, 3.8500e-02, 
 2DIAGNOSTIC,    28, -6.936296036760e-01, 1.361523335131e-06, 3.3682e+00, 4.2601e-02, 
 2DIAGNOSTIC,    29, -6.936314585294e-01, 1.559010019934e-06, 3.4082e+00, 3.9940e-02, 
 2DIAGNOSTIC,    30, -6.936203020838e-01, 1.591885871129e-06, 3.4487e+00, 4.0495e-02, 
 2DIAGNOSTIC,    31, -6.935970692847e-01, 1.323612879085e-06, 3.4889e+00, 4.0215e-02, 
DIAGNOSTIC,Iteration,metricValue,convergenceValue,ITERATION_TIME_INDEX,SINCE_LAST
 2DIAGNOSTIC,     1, -5.884350216625e-01, 1.797693134862e+308, 4.6139e+00, 1.1250e+00, 
 2DIAGNOSTIC,     2, -5.890941484831e-01, 1.797693134862e+308, 4.9499e+00, 3.3599e-01, 
 2DIAGNOSTIC,     3, -5.898341150637e-01, 1.797693134862e+308, 5.2891e+00, 3.3920e-01, 
 2DIAGNOSTIC,     4, -5.906621354336e-01, 1.797693134862e+308, 5.6026e+00, 3.1347e-01, 
 2DIAGNOSTIC,     5, -5.917959316726e-01, 1.797693134862e+308, 5.9669e+00, 3.6432e-01, 
 2DIAGNOSTIC,     6, -5.938106894410e-01, 1.797693134862e+308, 6.4597e+00, 4.9286e-01, 
 2DIAGNOSTIC,     7, -5.938287216178e-01, 1.797693134862e+308, 6.9902e+00, 5.3046e-01, 
 2DIAGNOSTIC,     8, -5.938284665459e-01, 1.797693134862e+308, 7.3519e+00, 3.6164e-01, 
 2DIAGNOSTIC,     9, -5.938253212925e-01, 1.797693134862e+308, 7.7453e+00, 3.9348e-01, 
 2DIAGNOSTIC,    10, -5.938252026055e-01, 6.821010847591e-04, 8.2947e+00, 5.4932e-01, 
 2DIAGNOSTIC,    11, -5.938239807274e-01, 4.999082999499e-04, 8.7380e+00, 4.4339e-01, 
 2DIAGNOSTIC,    12, -5.938245426732e-01, 3.299676467300e-04, 9.1317e+00, 3.9370e-01, 
