
##########################
# Experiment information #
##########################

EXPERIMENT_NAME: antsRegistration-r8-p23
VFC_BACKENDS: libinterflop_vprec.so --range-binary32=8 --precision-binary32=23 --range-binary64=8 --precision-binary64=23

SIF_IMG: /home/mdugre/projects/rrg-glatard/mdugre/containers/ants-vprec-no_metrics.simg

SUBJECT_ID: s025
INPUT_IMG: /home/mdugre/scratch/mri-registration-rp/datasets/ds004513/derivatives/mri-registration-rp/antsBrainExtraction/sub-s025/BrainExtractionBrain.nii.gz
OUTPUT_DIR: /home/mdugre/scratch/mri-registration-rp/datasets/ds004513/derivatives/mri-registration-rp/0001/antsRegistration-r8-p23/sub-s025

FIXED_IMG: /templateflow/tpl-MNI152NLin2009cAsym/tpl-MNI152NLin2009cAsym_res-01_desc-brain_T1w.nii.gz
DATA_DIR: /home/mdugre/scratch/mri-registration-rp/datasets/ds004513
TEMPLATEFLOW_DIR: /home/mdugre/projects/rrg-glatard/mdugre/templateflow
ITK_GLOBAL_DEFAULT_NUMBER_OF_THREADS: 16
##########################

Info [verificarlo]: loaded backend libinterflop_ieee.so
Info [interflop-ieee]: load backend with:
Info [interflop-ieee]: debug = false
Info [interflop-ieee]: debug-binary = false
Info [interflop-ieee]: no-backend-name = false
Info [interflop-ieee]: print-new-line = false
Info [interflop-ieee]: print-subnormal-normalized = false
Info [interflop-ieee]: count-op = false
All_Command_lines_OK
Using double precision for computations.
=============================================================================
The composite transform comprises the following transforms (in order): 
  1. Center of mass alignment using fixed image: /templateflow/tpl-MNI152NLin2009cAsym/tpl-MNI152NLin2009cAsym_res-01_desc-brain_T1w.nii.gz and moving image: /home/mdugre/scratch/mri-registration-rp/datasets/ds004513/derivatives/mri-registration-rp/antsBrainExtraction/sub-s025/BrainExtractionBrain.nii.gz (type = Euler3DTransform)
=============================================================================
  number of levels = 1
  fixed image: /templateflow/tpl-MNI152NLin2009cAsym/tpl-MNI152NLin2009cAsym_res-01_desc-brain_T1w.nii.gz
  moving image: /home/mdugre/scratch/mri-registration-rp/datasets/ds004513/derivatives/mri-registration-rp/antsBrainExtraction/sub-s025/BrainExtractionBrain.nii.gz
Dimension = 3
Number of stages = 1
Use histogram matching = false
Winsorize image intensities = true
  Lower quantile = 0.005
  Upper quantile = 0.995


Stage 1 State
   Image metric = MattesMI
     Fixed image = Image (0x44bae70)
  RTTI typeinfo:   itk::Image<double, 3u>
  Reference Count: 2
  Modified Time: 2334
  Debug: Off
  Object Name: 
  Observers: 
    none
  Source: (none)
  Source output name: (none)
  Release Data: Off
  Data Released: False
  Global Release Data: Off
  PipelineMTime: 0
  UpdateMTime: 1943
  RealTimeStamp: 0 seconds 
  LargestPossibleRegion: 
    Dimension: 3
    Index: [0, 0, 0]
    Size: [193, 229, 193]
  BufferedRegion: 
    Dimension: 3
    Index: [0, 0, 0]
    Size: [193, 229, 193]
  RequestedRegion: 
    Dimension: 3
    Index: [0, 0, 0]
    Size: [193, 229, 193]
  Spacing: [1, 1, 1]
  Origin: [96, 132, -78]
  Direction: 
-1 0 0
0 -1 0
0 0 1

  IndexToPointMatrix: 
-1 0 0
0 -1 0
0 0 1

  PointToIndexMatrix: 
-1 0 0
0 -1 0
0 0 1

  Inverse Direction: 
-1 0 0
0 -1 0
0 0 1

  PixelContainer: 
    ImportImageContainer (0x44c3c60)
      RTTI typeinfo:   itk::ImportImageContainer<unsigned long, double>
      Reference Count: 1
      Modified Time: 1940
      Debug: Off
      Object Name: 
      Observers: 
        none
      Pointer: 0x152e3d61a010
      Container manages memory: true
      Size: 8530021
      Capacity: 8530021

     Moving image = Image (0x44c6610)
  RTTI typeinfo:   itk::Image<double, 3u>
  Reference Count: 2
  Modified Time: 2335
  Debug: Off
  Object Name: 
  Observers: 
    none
  Source: (none)
  Source output name: (none)
  Release Data: Off
  Data Released: False
  Global Release Data: Off
  PipelineMTime: 0
  UpdateMTime: 2332
  RealTimeStamp: 0 seconds 
  LargestPossibleRegion: 
    Dimension: 3
    Index: [0, 0, 0]
    Size: [176, 240, 256]
  BufferedRegion: 
    Dimension: 3
    Index: [0, 0, 0]
    Size: [176, 240, 256]
  RequestedRegion: 
    Dimension: 3
    Index: [0, 0, 0]
    Size: [176, 240, 256]
  Spacing: [0.999999, 1, 1]
  Origin: [90.3778, 84.5091, -154.071]
  Direction: 
-0.999391 7.48184e-06 -0.0348969
-7.47664e-06 -1 -2.7953e-07
-0.0348969 -1.84481e-08 0.999391

  IndexToPointMatrix: 
-0.99939 7.48184e-06 -0.0348969
-7.47663e-06 -1 -2.7953e-07
-0.0348968 -1.84481e-08 0.999391

  PointToIndexMatrix: 
-0.999392 -7.47665e-06 -0.0348969
7.48184e-06 -1 -1.84481e-08
-0.0348969 -2.7953e-07 0.999391

  Inverse Direction: 
-0.999391 -7.47664e-06 -0.0348969
7.48184e-06 -1 -1.84481e-08
-0.0348969 -2.7953e-07 0.999391

  PixelContainer: 
    ImportImageContainer (0x455fef0)
      RTTI typeinfo:   itk::ImportImageContainer<unsigned long, double>
      Reference Count: 1
      Modified Time: 2329
      Debug: Off
      Object Name: 
      Observers: 
        none
      Pointer: 0x152e38399010
      Container manages memory: true
      Size: 10813440
      Capacity: 10813440

     Weighting = 1
     Sampling strategy = regular
     Number of bins = 32
     Radius = 4
     Sampling percentage  = 0.25
   Transform = Rigid
     Gradient step = 0.1
     Update field sigma (voxel space) = 0
     Total field sigma (voxel space) = 0
     Update field time sigma = 0
     Total field time sigma  = 0
     Number of time indices = 0
     Number of time point samples = 0
Registration using 1 total stages.

Stage 0
  iterations = 0
  convergence threshold = 1e-06
  convergence window size = 10
  number of levels = 1
  using the Mattes MI metric (number of bins = 32, weight = 1, use gradient filter = 0)
  preprocessing:  winsorizing the image intensities
  Shrink factors (level 1 out of 1): [1, 1, 1]
  smoothing sigmas per level: [0]
  regular sampling (percentage = 0.25)

*** Running Euler3DTransform registration ***

  Elapsed time (stage 0): 1.11709


Total elapsed time: 1.12639
Info [verificarlo]: loaded backend libinterflop_ieee.so
Info [interflop-ieee]: load backend with:
Info [interflop-ieee]: debug = false
Info [interflop-ieee]: debug-binary = false
Info [interflop-ieee]: no-backend-name = false
Info [interflop-ieee]: print-new-line = false
Info [interflop-ieee]: print-subnormal-normalized = false
Info [interflop-ieee]: count-op = false
All_Command_lines_OK
Using double precision for computations.
=============================================================================
The composite transform comprises the following transforms (in order): 
  1. /home/mdugre/scratch/mri-registration-rp/datasets/ds004513/derivatives/mri-registration-rp/0001/antsRegistration-r8-p23/sub-s025/align_Composite.h5[0] (type = Euler3DTransform)
  2. /home/mdugre/scratch/mri-registration-rp/datasets/ds004513/derivatives/mri-registration-rp/0001/antsRegistration-r8-p23/sub-s025/align_Composite.h5[1] (type = Euler3DTransform)
=============================================================================
  number of levels = 4
  fixed image: /templateflow/tpl-MNI152NLin2009cAsym/tpl-MNI152NLin2009cAsym_res-01_desc-brain_T1w.nii.gz
  moving image: /home/mdugre/scratch/mri-registration-rp/datasets/ds004513/derivatives/mri-registration-rp/antsBrainExtraction/sub-s025/BrainExtractionBrain.nii.gz
Dimension = 3
Number of stages = 1
Use histogram matching = false
Winsorize image intensities = true
  Lower quantile = 0.005
  Upper quantile = 0.995


Stage 1 State
   Image metric = MattesMI
     Fixed image = Image (0x4a1c530)
  RTTI typeinfo:   itk::Image<double, 3u>
  Reference Count: 2
  Modified Time: 1580
  Debug: Off
  Object Name: 
  Observers: 
    none
  Source: (none)
  Source output name: (none)
  Release Data: Off
  Data Released: False
  Global Release Data: Off
  PipelineMTime: 0
  UpdateMTime: 1189
  RealTimeStamp: 0 seconds 
  LargestPossibleRegion: 
    Dimension: 3
    Index: [0, 0, 0]
    Size: [193, 229, 193]
  BufferedRegion: 
    Dimension: 3
    Index: [0, 0, 0]
    Size: [193, 229, 193]
  RequestedRegion: 
    Dimension: 3
    Index: [0, 0, 0]
    Size: [193, 229, 193]
  Spacing: [1, 1, 1]
  Origin: [96, 132, -78]
  Direction: 
-1 0 0
0 -1 0
0 0 1

  IndexToPointMatrix: 
-1 0 0
0 -1 0
0 0 1

  PointToIndexMatrix: 
-1 0 0
0 -1 0
0 0 1

  Inverse Direction: 
-1 0 0
0 -1 0
0 0 1

  PixelContainer: 
    ImportImageContainer (0x4adad60)
      RTTI typeinfo:   itk::ImportImageContainer<unsigned long, double>
      Reference Count: 1
      Modified Time: 1186
      Debug: Off
      Object Name: 
      Observers: 
        none
      Pointer: 0x152219212010
      Container manages memory: true
      Size: 8530021
      Capacity: 8530021

     Moving image = Image (0x4accf60)
  RTTI typeinfo:   itk::Image<double, 3u>
  Reference Count: 2
  Modified Time: 1581
  Debug: Off
  Object Name: 
  Observers: 
    none
  Source: (none)
  Source output name: (none)
  Release Data: Off
  Data Released: False
  Global Release Data: Off
  PipelineMTime: 0
  UpdateMTime: 1578
  RealTimeStamp: 0 seconds 
  LargestPossibleRegion: 
    Dimension: 3
    Index: [0, 0, 0]
    Size: [176, 240, 256]
  BufferedRegion: 
    Dimension: 3
    Index: [0, 0, 0]
    Size: [176, 240, 256]
  RequestedRegion: 
    Dimension: 3
    Index: [0, 0, 0]
    Size: [176, 240, 256]
  Spacing: [0.999999, 1, 1]
  Origin: [90.3778, 84.5091, -154.071]
  Direction: 
-0.999391 7.48184e-06 -0.0348969
-7.47664e-06 -1 -2.7953e-07
-0.0348969 -1.84481e-08 0.999391

  IndexToPointMatrix: 
-0.99939 7.48184e-06 -0.0348969
-7.47663e-06 -1 -2.7953e-07
-0.0348968 -1.84481e-08 0.999391

  PointToIndexMatrix: 
-0.999392 -7.47665e-06 -0.0348969
7.48184e-06 -1 -1.84481e-08
-0.0348969 -2.7953e-07 0.999391

  Inverse Direction: 
-0.999391 -7.47664e-06 -0.0348969
7.48184e-06 -1 -1.84481e-08
-0.0348969 -2.7953e-07 0.999391

  PixelContainer: 
    ImportImageContainer (0x4abe6d0)
      RTTI typeinfo:   itk::ImportImageContainer<unsigned long, double>
      Reference Count: 1
      Modified Time: 1575
      Debug: Off
      Object Name: 
      Observers: 
        none
      Pointer: 0x152213f91010
      Container manages memory: true
      Size: 10813440
      Capacity: 10813440

     Weighting = 1
     Sampling strategy = regular
     Number of bins = 32
     Radius = 4
     Sampling percentage  = 0.25
   Transform = Rigid
     Gradient step = 0.1
     Update field sigma (voxel space) = 0
     Total field sigma (voxel space) = 0
     Update field time sigma = 0
     Total field time sigma  = 0
     Number of time indices = 0
     Number of time point samples = 0
Registration using 1 total stages.

Stage 0
  iterations = 1000x500x250x100
  convergence threshold = 1e-06
  convergence window size = 10
  number of levels = 4
  using the Mattes MI metric (number of bins = 32, weight = 1, use gradient filter = 0)
  preprocessing:  winsorizing the image intensities
  Shrink factors (level 1 out of 4): [8, 8, 8]
  Shrink factors (level 2 out of 4): [4, 4, 4]
  Shrink factors (level 3 out of 4): [2, 2, 2]
  Shrink factors (level 4 out of 4): [1, 1, 1]
  smoothing sigmas per level: [3, 2, 1, 0]
  regular sampling (percentage = 0.25)

*** Running Euler3DTransform registration ***

DIAGNOSTIC,Iteration,metricValue,convergenceValue,ITERATION_TIME_INDEX,SINCE_LAST
 2DIAGNOSTIC,     1, -5.323241903179e-01, 1.797693134862e+308, 9.7687e-01, 9.7687e-01, 
 2DIAGNOSTIC,     2, -5.346190553927e-01, 1.797693134862e+308, 9.8233e-01, 5.4638e-03, 
 2DIAGNOSTIC,     3, -5.378036555361e-01, 1.797693134862e+308, 9.8732e-01, 4.9870e-03, 
 2DIAGNOSTIC,     4, -5.422949451405e-01, 1.797693134862e+308, 9.9222e-01, 4.9050e-03, 
 2DIAGNOSTIC,     5, -5.486805952477e-01, 1.797693134862e+308, 9.9724e-01, 5.0240e-03, 
 2DIAGNOSTIC,     6, -5.542790085272e-01, 1.797693134862e+308, 1.0024e+00, 5.1069e-03, 
 2DIAGNOSTIC,     7, -5.627123115611e-01, 1.797693134862e+308, 1.0074e+00, 5.0919e-03, 
 2DIAGNOSTIC,     8, -5.766609943856e-01, 1.797693134862e+308, 1.0126e+00, 5.1770e-03, 
 2DIAGNOSTIC,     9, -5.881111419397e-01, 1.797693134862e+308, 1.0177e+00, 5.1191e-03, 
 2DIAGNOSTIC,    10, -6.012927005665e-01, 7.820055967720e-03, 1.0248e+00, 7.0899e-03, 
 2DIAGNOSTIC,    11, -6.192402913590e-01, 8.564422673934e-03, 1.0344e+00, 9.5930e-03, 
 2DIAGNOSTIC,    12, -6.197111897443e-01, 8.513711436503e-03, 1.0397e+00, 5.3120e-03, 
 2DIAGNOSTIC,    13, -6.223136777510e-01, 7.932305190648e-03, 1.0451e+00, 5.3399e-03, 
 2DIAGNOSTIC,    14, -6.239859078531e-01, 6.938967258809e-03, 1.0507e+00, 5.5840e-03, 
 2DIAGNOSTIC,    15, -6.258731029036e-01, 5.722268374539e-03, 1.0562e+00, 5.5211e-03, 
 2DIAGNOSTIC,    16, -6.290042957044e-01, 4.404898010725e-03, 1.0624e+00, 6.1979e-03, 
 2DIAGNOSTIC,    17, -6.327399548178e-01, 3.192249458036e-03, 1.0698e+00, 7.4470e-03, 
 2DIAGNOSTIC,    18, -6.361770329221e-01, 2.298162514682e-03, 1.0773e+00, 7.4461e-03, 
 2DIAGNOSTIC,    19, -6.381920795172e-01, 1.629119691939e-03, 1.0839e+00, 6.6249e-03, 
 2DIAGNOSTIC,    20, -6.414786468600e-01, 1.264281191445e-03, 1.0892e+00, 5.2588e-03, 
 2DIAGNOSTIC,    21, -6.422621311531e-01, 1.244231354655e-03, 1.0944e+00, 5.2929e-03, 
 2DIAGNOSTIC,    22, -6.443386369709e-01, 1.164065699437e-03, 1.0998e+00, 5.3329e-03, 
 2DIAGNOSTIC,    23, -6.458367311038e-01, 1.066297095729e-03, 1.1053e+00, 5.5640e-03, 
 2DIAGNOSTIC,    24, -6.528535015515e-01, 1.047817942288e-03, 1.1116e+00, 6.2640e-03, 
 2DIAGNOSTIC,    25, -6.591704564880e-01, 1.083081263102e-03, 1.1192e+00, 7.6270e-03, 
 2DIAGNOSTIC,    26, -6.605963660707e-01, 1.093549175517e-03, 1.1253e+00, 6.0601e-03, 
 2DIAGNOSTIC,    27, -6.608439807030e-01, 1.070984914878e-03, 1.1306e+00, 5.3158e-03, 
 2DIAGNOSTIC,    28, -6.615671820301e-01, 1.019502611587e-03, 1.1358e+00, 5.2299e-03, 
 2DIAGNOSTIC,    29, -6.628794594836e-01, 9.260607040900e-04, 1.1415e+00, 5.6529e-03, 
 2DIAGNOSTIC,    30, -6.728295005052e-01, 9.537370080915e-04, 1.1489e+00, 7.3841e-03, 
 2DIAGNOSTIC,    31, -6.735478450938e-01, 9.084144529117e-04, 1.1542e+00, 5.2888e-03, 
 2DIAGNOSTIC,    32, -6.743491920214e-01, 8.254119874173e-04, 1.1596e+00, 5.4052e-03, 
 2DIAGNOSTIC,    33, -6.778518390114e-01, 7.396593399294e-04, 1.1652e+00, 5.6491e-03, 
 2DIAGNOSTIC,    34, -6.872952817357e-01, 8.064170870099e-04, 1.1765e+00, 1.1317e-02, 
 2DIAGNOSTIC,    35, -6.877321223831e-01, 8.751591328046e-04, 1.1820e+00, 5.4538e-03, 
 2DIAGNOSTIC,    36, -6.893213356406e-01, 8.964221038715e-04, 1.1876e+00, 5.5730e-03, 
 2DIAGNOSTIC,    37, -6.927377473779e-01, 8.791293883753e-04, 1.1929e+00, 5.3480e-03, 
 2DIAGNOSTIC,    38, -7.010218426093e-01, 8.853086885419e-04, 1.1984e+00, 5.5311e-03, 
 2DIAGNOSTIC,    39, -7.063993423225e-01, 8.771242138544e-04, 1.2038e+00, 5.3179e-03, 
 2DIAGNOSTIC,    40, -7.084306957942e-01, 9.204422166323e-04, 1.2092e+00, 5.4231e-03, 
 2DIAGNOSTIC,    41, -7.160956504162e-01, 9.681083395592e-04, 1.2153e+00, 6.1579e-03, 
 2DIAGNOSTIC,    42, -7.193355046374e-01, 9.620183361444e-04, 1.2228e+00, 7.4909e-03, 
 2DIAGNOSTIC,    43, -7.222213256634e-01, 9.267283344104e-04, 1.2281e+00, 5.3089e-03, 
 2DIAGNOSTIC,    44, -7.285992250439e-01, 9.643218226634e-04, 1.2333e+00, 5.1849e-03, 
 2DIAGNOSTIC,    45, -7.389361401738e-01, 1.013107570461e-03, 1.2388e+00, 5.4271e-03, 
 2DIAGNOSTIC,    46, -7.435873434044e-01, 1.020265438492e-03, 1.2441e+00, 5.3320e-03, 
 2DIAGNOSTIC,    47, -7.509405912730e-01, 1.028792308962e-03, 1.2535e+00, 9.3701e-03, 
 2DIAGNOSTIC,    48, -7.533569418011e-01, 1.035479229391e-03, 1.2594e+00, 5.8959e-03, 
 2DIAGNOSTIC,    49, -7.536631652992e-01, 9.937881661600e-04, 1.2647e+00, 5.3768e-03, 
 2DIAGNOSTIC,    50, -7.545487655819e-01, 8.826238015014e-04, 1.2700e+00, 5.3089e-03, 
 2DIAGNOSTIC,    51, -7.569442632115e-01, 7.768480169605e-04, 1.2761e+00, 6.0959e-03, 
 2DIAGNOSTIC,    52, -7.587788669588e-01, 6.432794601899e-04, 1.2820e+00, 5.9159e-03, 
 2DIAGNOSTIC,    53, -7.589470634918e-01, 4.783251892377e-04, 1.2916e+00, 9.5398e-03, 
 2DIAGNOSTIC,    54, -7.591045058659e-01, 3.259604797286e-04, 1.2982e+00, 6.5610e-03, 
 2DIAGNOSTIC,    55, -7.591952090699e-01, 2.299402694779e-04, 1.3034e+00, 5.2099e-03, 
 2DIAGNOSTIC,    56, -7.591205452787e-01, 1.490502577725e-04, 1.3086e+00, 5.2421e-03, 
 2DIAGNOSTIC,    57, -7.591255073675e-01, 1.115236307569e-04, 1.3145e+00, 5.9009e-03, 
 2DIAGNOSTIC,    58, -7.593094581322e-01, 8.411575367758e-05, 1.3356e+00, 2.1145e-02, 
 2DIAGNOSTIC,    59, -7.592546185735e-01, 5.172539171226e-05, 1.3437e+00, 8.0409e-03, 
 2DIAGNOSTIC,    60, -7.591950737244e-01, 2.118077419759e-05, 1.3487e+00, 5.0092e-03, 
 2DIAGNOSTIC,    61, -7.591702940769e-01, 5.901754454647e-06, 1.3538e+00, 5.0621e-03, 
 2DIAGNOSTIC,    62, -7.591929081778e-01, 3.270186488165e-06, 1.3587e+00, 4.9138e-03, 
 2DIAGNOSTIC,    63, -7.593927527779e-01, 2.867238323649e-06, 1.3636e+00, 4.9040e-03, 
 2DIAGNOSTIC,    64, -7.596559202048e-01, 4.957937385020e-06, 1.3688e+00, 5.2500e-03, 
 2DIAGNOSTIC,    65, -7.600437048092e-01, 9.648636069753e-06, 1.3749e+00, 6.0380e-03, 
 2DIAGNOSTIC,    66, -7.601745034283e-01, 1.364234292246e-05, 1.3807e+00, 5.8730e-03, 
 2DIAGNOSTIC,    67, -7.601621982977e-01, 1.617983550600e-05, 1.3864e+00, 5.6870e-03, 
 2DIAGNOSTIC,    68, -7.600961662564e-01, 1.787716853537e-05, 1.3933e+00, 6.9001e-03, 
 2DIAGNOSTIC,    69, -7.600471435395e-01, 1.721724343930e-05, 1.3985e+00, 5.1570e-03, 
 2DIAGNOSTIC,    70, -7.600310008723e-01, 1.450114053783e-05, 1.4037e+00, 5.1918e-03, 
 2DIAGNOSTIC,    71, -7.601829701125e-01, 1.127225021004e-05, 1.4093e+00, 5.6548e-03, 
 2DIAGNOSTIC,    72, -7.606278754934e-01, 9.784253151512e-06, 1.4160e+00, 6.6350e-03, 
 2DIAGNOSTIC,    73, -7.619748484080e-01, 1.614652556433e-05, 1.4245e+00, 8.5680e-03, 
 2DIAGNOSTIC,    74, -7.620844244252e-01, 2.266946558975e-05, 1.4409e+00, 1.6321e-02, 
 2DIAGNOSTIC,    75, -7.620844237246e-01, 2.907660011222e-05, 1.4458e+00, 4.9849e-03, 
 2DIAGNOSTIC,    76, -7.620844240359e-01, 3.334520258202e-05, 1.4510e+00, 5.1730e-03, 
 2DIAGNOSTIC,    77, -7.620844245624e-01, 3.420032147150e-05, 1.4563e+00, 5.3279e-03, 
 2DIAGNOSTIC,    78, -7.620844254527e-01, 3.131840507617e-05, 1.4610e+00, 4.6859e-03, 
 2DIAGNOSTIC,    79, -7.620844269578e-01, 2.529848103997e-05, 1.4658e+00, 4.7369e-03, 
 2DIAGNOSTIC,    80, -7.620844295022e-01, 1.707883079986e-05, 1.4709e+00, 5.1801e-03, 
 2DIAGNOSTIC,    81, -7.620844338030e-01, 8.270091310806e-06, 1.4758e+00, 4.8711e-03, 
DIAGNOSTIC,Iteration,metricValue,convergenceValue,ITERATION_TIME_INDEX,SINCE_LAST
 2DIAGNOSTIC,     1, -6.041735300576e-01, 1.797693134862e+308, 2.3788e+00, 9.0299e-01, 
 2DIAGNOSTIC,     2, -6.050509616956e-01, 1.797693134862e+308, 2.4115e+00, 3.2691e-02, 
 2DIAGNOSTIC,     3, -6.063915478942e-01, 1.797693134862e+308, 2.4482e+00, 3.6663e-02, 
 2DIAGNOSTIC,     4, -6.079451363724e-01, 1.797693134862e+308, 2.4842e+00, 3.6037e-02, 
 2DIAGNOSTIC,     5, -6.091962814964e-01, 1.797693134862e+308, 2.5176e+00, 3.3402e-02, 
 2DIAGNOSTIC,     6, -6.104027012290e-01, 1.797693134862e+308, 2.5516e+00, 3.4037e-02, 
 2DIAGNOSTIC,     7, -6.121700452002e-01, 1.797693134862e+308, 2.5838e+00, 3.2179e-02, 
 2DIAGNOSTIC,     8, -6.138916668684e-01, 1.797693134862e+308, 2.6248e+00, 4.0975e-02, 
 2DIAGNOSTIC,     9, -6.147712873520e-01, 1.797693134862e+308, 2.6665e+00, 4.1744e-02, 
 2DIAGNOSTIC,    10, -6.152258313617e-01, 1.260471314642e-03, 2.7055e+00, 3.8989e-02, 
 2DIAGNOSTIC,    11, -6.160768963366e-01, 1.104149865365e-03, 2.7425e+00, 3.6954e-02, 
 2DIAGNOSTIC,    12, -6.193560103358e-01, 1.034369480761e-03, 2.7806e+00, 3.8139e-02, 
 2DIAGNOSTIC,    13, -6.202112875482e-01, 9.562939469252e-04, 2.8181e+00, 3.7445e-02, 
 2DIAGNOSTIC,    14, -6.205493914458e-01, 8.660687372238e-04, 2.8513e+00, 3.3259e-02, 
 2DIAGNOSTIC,    15, -6.208993321990e-01, 7.603759475353e-04, 2.8883e+00, 3.7018e-02, 
 2DIAGNOSTIC,    16, -6.212582295447e-01, 6.428270030844e-04, 2.9459e+00, 5.7574e-02, 
 2DIAGNOSTIC,    17, -6.213558085575e-01, 5.285397058839e-04, 2.9878e+00, 4.1895e-02, 
 2DIAGNOSTIC,    18, -6.214004202919e-01, 4.231726359004e-04, 3.0247e+00, 3.6856e-02, 
 2DIAGNOSTIC,    19, -6.213822123315e-01, 3.120728413318e-04, 3.0613e+00, 3.6597e-02, 
 2DIAGNOSTIC,    20, -6.213680187742e-01, 1.940776011677e-04, 3.1011e+00, 3.9825e-02, 
 2DIAGNOSTIC,    21, -6.213636400577e-01, 8.625531643339e-05, 3.1365e+00, 3.5416e-02, 
 2DIAGNOSTIC,    22, -6.213616010714e-01, 4.879244096272e-05, 3.1776e+00, 4.1059e-02, 
 2DIAGNOSTIC,    23, -6.213692250408e-01, 2.748167936738e-05, 3.2152e+00, 3.7620e-02, 
 2DIAGNOSTIC,    24, -6.213468773917e-01, 1.150417674601e-05, 3.2522e+00, 3.7022e-02, 
 2DIAGNOSTIC,    25, -6.213646250031e-01, 2.506232363565e-06, 3.2907e+00, 3.8447e-02, 
 2DIAGNOSTIC,    26, -6.214297147516e-01, 1.552850759763e-06, 3.3297e+00, 3.9015e-02, 
 2DIAGNOSTIC,    27, -6.214656124869e-01, 2.855010626704e-06, 3.3653e+00, 3.5612e-02, 
 2DIAGNOSTIC,    28, -6.215581557815e-01, 6.167449188910e-06, 3.4054e+00, 4.0150e-02, 
 2DIAGNOSTIC,    29, -6.216814724039e-01, 1.043589073067e-05, 3.4494e+00, 4.3951e-02, 
 2DIAGNOSTIC,    30, -6.217348846765e-01, 1.410586013223e-05, 3.4943e+00, 4.4919e-02, 
 2DIAGNOSTIC,    31, -6.217455874974e-01, 1.639669560387e-05, 3.5401e+00, 4.5771e-02, 
 2DIAGNOSTIC,    32, -6.217294627810e-01, 1.684032943268e-05, 3.5811e+00, 4.1030e-02, 
 2DIAGNOSTIC,    33, -6.217591688032e-01, 1.629224853083e-05, 3.6613e+00, 8.0172e-02, 
 2DIAGNOSTIC,    34, -6.217421176553e-01, 1.375350614116e-05, 3.7180e+00, 5.6753e-02, 
 2DIAGNOSTIC,    35, -6.217238330257e-01, 1.012671183389e-05, 3.7665e+00, 4.8508e-02, 
 2DIAGNOSTIC,    36, -6.217150612750e-01, 6.579093315057e-06, 3.8220e+00, 5.5507e-02, 
 2DIAGNOSTIC,    37, -6.217051438228e-01, 3.000511447540e-06, 3.8713e+00, 4.9277e-02, 
DIAGNOSTIC,Iteration,metricValue,convergenceValue,ITERATION_TIME_INDEX,SINCE_LAST
 2DIAGNOSTIC,     1, -5.349815669373e-01, 1.797693134862e+308, 5.2396e+00, 1.3683e+00, 
 2DIAGNOSTIC,     2, -5.352625973897e-01, 1.797693134862e+308, 5.5531e+00, 3.1351e-01, 
 2DIAGNOSTIC,     3, -5.354648770285e-01, 1.797693134862e+308, 5.8183e+00, 2.6521e-01, 
 2DIAGNOSTIC,     4, -5.356087218352e-01, 1.797693134862e+308, 6.0946e+00, 2.7628e-01, 
 2DIAGNOSTIC,     5, -5.356737144462e-01, 1.797693134862e+308, 6.3848e+00, 2.9024e-01, 
 2DIAGNOSTIC,     6, -5.359473785649e-01, 1.797693134862e+308, 6.9094e+00, 5.2455e-01, 
 2DIAGNOSTIC,     7, -5.359646942370e-01, 1.797693134862e+308, 7.3579e+00, 4.4850e-01, 
 2DIAGNOSTIC,     8, -5.359626957315e-01, 1.797693134862e+308, 7.9412e+00, 5.8331e-01, 
 2DIAGNOSTIC,     9, -5.359626000659e-01, 1.797693134862e+308, 8.3117e+00, 3.7056e-01, 
 2DIAGNOSTIC,    10, -5.359614645035e-01, 1.173769339303e-04, 8.6455e+00, 3.3380e-01, 
 2DIAGNOSTIC,    11, -5.359598738986e-01, 7.607328465889e-05, 8.9594e+00, 3.1385e-01, 
 2DIAGNOSTIC,    12, -5.359591321909e-01, 4.729700855206e-05, 9.2314e+00, 2.7205e-01, 
 2DIAGNOSTIC,    13, -5.359607639287e-01, 2.728366476075e-05, 9.5579e+00, 3.2644e-01, 
 2DIAGNOSTIC,    14, -5.359602992992e-01, 1.337014515361e-05, 9.9061e+00, 3.4822e-01, 
 2DIAGNOSTIC,    15, -5.359594842193e-01, 2.299241580114e-06, 1.0278e+01, 3.7146e-01, 
 2DIAGNOSTIC,    16, -5.359584710412e-01, 1.620973586650e-06, 1.0572e+01, 2.9413e-01, 
 2DIAGNOSTIC,    17, -5.359574307875e-01, 1.566146020024e-06, 1.0831e+01, 2.5978e-01, 
 2DIAGNOSTIC,    18, -5.359553352162e-01, 1.423360005082e-06, 1.1093e+01, 2.6122e-01, 
 2DIAGNOSTIC,    19, -5.359554676321e-01, 1.329576128570e-06, 1.1359e+01, 2.6645e-01, 
 2DIAGNOSTIC,    20, -5.359546029703e-01, 1.225163356211e-06, 1.1655e+01, 2.9576e-01, 
 2DIAGNOSTIC,    21, -5.359547396122e-01, 1.129296635281e-06, 1.1947e+01, 2.9201e-01, 
 2DIAGNOSTIC,    22, -5.359538796725e-01, 1.038385148810e-06, 1.2264e+01, 3.1691e-01, 
 2DIAGNOSTIC,    23, -5.359540967405e-01, 1.037048698298e-06, 1.2546e+01, 2.8200e-01, 
 2DIAGNOSTIC,    24, -5.359532510790e-01, 1.039080032662e-06, 1.2810e+01, 2.6413e-01, 
 2DIAGNOSTIC,    25, -5.359525471143e-01, 1.035819335943e-06, 1.3132e+01, 3.2251e-01, 
 2DIAGNOSTIC,    26, -5.359517788287e-01, 1.019241352894e-06, 1.3463e+01, 3.3026e-01, 
DIAGNOSTIC,Iteration,metricValue,convergenceValue,ITERATION_TIME_INDEX,SINCE_LAST
 2DIAGNOSTIC,     1, -4.896906035115e-01, 1.797693134862e+308, 1.6679e+01, 3.2161e+00, 
 2DIAGNOSTIC,     2, -4.896947250098e-01, 1.797693134862e+308, 1.9667e+01, 2.9881e+00, 
 2DIAGNOSTIC,     3, -4.896946079305e-01, 1.797693134862e+308, 2.1694e+01, 2.0271e+00, 
 2DIAGNOSTIC,     4, -4.896948692814e-01, 1.797693134862e+308, 2.3983e+01, 2.2889e+00, 
 2DIAGNOSTIC,     5, -4.896948374498e-01, 1.797693134862e+308, 2.5748e+01, 1.7654e+00, 
 2DIAGNOSTIC,     6, -4.896946084298e-01, 1.797693134862e+308, 2.7620e+01, 1.8716e+00, 
 2DIAGNOSTIC,     7, -4.896945978875e-01, 1.797693134862e+308, 2.9388e+01, 1.7681e+00, 
 2DIAGNOSTIC,     8, -4.896944929229e-01, 1.797693134862e+308, 3.1390e+01, 2.0020e+00, 
 2DIAGNOSTIC,     9, -4.896943305451e-01, 1.797693134862e+308, 3.2934e+01, 1.5438e+00, 
 2DIAGNOSTIC,    10, -4.896942172857e-01, 3.356498890245e-06, 3.4490e+01, 1.5561e+00, 
 2DIAGNOSTIC,    11, -4.896944195572e-01, 2.829153852621e-06, 3.6230e+01, 1.7403e+00, 
 2DIAGNOSTIC,    12, -4.896943167205e-01, 2.589567303285e-06, 3.8538e+01, 2.3081e+00, 
 2DIAGNOSTIC,    13, -4.896942276283e-01, 2.382914374044e-06, 4.0123e+01, 1.5842e+00, 
 2DIAGNOSTIC,    14, -4.896940408464e-01, 2.214943074230e-06, 4.1681e+01, 1.5580e+00, 
 2DIAGNOSTIC,    15, -4.896935368177e-01, 2.054208102703e-06, 4.3311e+01, 1.6305e+00, 
 2DIAGNOSTIC,    16, -4.896936680324e-01, 1.916274068342e-06, 4.5325e+01, 2.0135e+00, 
 2DIAGNOSTIC,    17, -4.896936039996e-01, 1.798214054924e-06, 4.7098e+01, 1.7733e+00, 
 2DIAGNOSTIC,    18, -4.896935217227e-01, 1.694115612294e-06, 4.8870e+01, 1.7720e+00, 
 2DIAGNOSTIC,    19, -4.896933377216e-01, 1.597569115823e-06, 5.0413e+01, 1.5434e+00, 
 2DIAGNOSTIC,    20, -4.896931872401e-01, 1.510245069045e-06, 5.1806e+01, 1.3920e+00, 
 2DIAGNOSTIC,    21, -4.896932094505e-01, 1.444903571027e-06, 5.3309e+01, 1.5030e+00, 
 2DIAGNOSTIC,    22, -4.896933309429e-01, 1.392187347175e-06, 5.4917e+01, 1.6087e+00, 
 2DIAGNOSTIC,    23, -4.896933588450e-01, 1.347488456205e-06, 5.6534e+01, 1.6165e+00, 
 2DIAGNOSTIC,    24, -4.896934874001e-01, 1.308922345816e-06, 5.8342e+01, 1.8079e+00, 
 2DIAGNOSTIC,    25, -4.896935487874e-01, 1.264618820343e-06, 6.0182e+01, 1.8408e+00, 
 2DIAGNOSTIC,    26, -4.896934333702e-01, 1.224758905155e-06, 6.1869e+01, 1.6868e+00, 
 2DIAGNOSTIC,    27, -4.896932505068e-01, 1.182456028169e-06, 6.3924e+01, 2.0544e+00, 
 2DIAGNOSTIC,    28, -4.896930586433e-01, 1.137236226224e-06, 6.5418e+01, 1.4942e+00, 
 2DIAGNOSTIC,    29, -4.896928950377e-01, 1.088177411228e-06, 6.7067e+01, 1.6496e+00, 
 2DIAGNOSTIC,    30, -4.896928607225e-01, 1.039630149545e-06, 6.8542e+01, 1.4749e+00, 
  Elapsed time (stage 0): 6.9411e+01


Total elapsed time: 6.9420e+01
Info [verificarlo]: loaded backend libinterflop_ieee.so
Info [interflop-ieee]: load backend with:
Info [interflop-ieee]: debug = false
Info [interflop-ieee]: debug-binary = false
Info [interflop-ieee]: no-backend-name = false
Info [interflop-ieee]: print-new-line = false
Info [interflop-ieee]: print-subnormal-normalized = false
Info [interflop-ieee]: count-op = false
All_Command_lines_OK
Using double precision for computations.
=============================================================================
The composite transform comprises the following transforms (in order): 
  1. /home/mdugre/scratch/mri-registration-rp/datasets/ds004513/derivatives/mri-registration-rp/0001/antsRegistration-r8-p23/sub-s025/rigid_Composite.h5[0] (type = Euler3DTransform)
  2. /home/mdugre/scratch/mri-registration-rp/datasets/ds004513/derivatives/mri-registration-rp/0001/antsRegistration-r8-p23/sub-s025/rigid_Composite.h5[1] (type = Euler3DTransform)
  3. /home/mdugre/scratch/mri-registration-rp/datasets/ds004513/derivatives/mri-registration-rp/0001/antsRegistration-r8-p23/sub-s025/rigid_Composite.h5[2] (type = Euler3DTransform)
=============================================================================
  number of levels = 4
  fixed image: /templateflow/tpl-MNI152NLin2009cAsym/tpl-MNI152NLin2009cAsym_res-01_desc-brain_T1w.nii.gz
  moving image: /home/mdugre/scratch/mri-registration-rp/datasets/ds004513/derivatives/mri-registration-rp/antsBrainExtraction/sub-s025/BrainExtractionBrain.nii.gz
Dimension = 3
Number of stages = 1
Use histogram matching = false
Winsorize image intensities = true
  Lower quantile = 0.005
  Upper quantile = 0.995


Stage 1 State
   Image metric = MattesMI
     Fixed image = Image (0x3bec7e0)
  RTTI typeinfo:   itk::Image<double, 3u>
  Reference Count: 2
  Modified Time: 1594
  Debug: Off
  Object Name: 
  Observers: 
    none
  Source: (none)
  Source output name: (none)
  Release Data: Off
  Data Released: False
  Global Release Data: Off
  PipelineMTime: 0
  UpdateMTime: 1203
  RealTimeStamp: 0 seconds 
  LargestPossibleRegion: 
    Dimension: 3
    Index: [0, 0, 0]
    Size: [193, 229, 193]
  BufferedRegion: 
    Dimension: 3
    Index: [0, 0, 0]
    Size: [193, 229, 193]
  RequestedRegion: 
    Dimension: 3
    Index: [0, 0, 0]
    Size: [193, 229, 193]
  Spacing: [1, 1, 1]
  Origin: [96, 132, -78]
  Direction: 
-1 0 0
0 -1 0
0 0 1

  IndexToPointMatrix: 
-1 0 0
0 -1 0
0 0 1

  PointToIndexMatrix: 
-1 0 0
0 -1 0
0 0 1

  Inverse Direction: 
-1 0 0
0 -1 0
0 0 1

  PixelContainer: 
    ImportImageContainer (0x3caca20)
      RTTI typeinfo:   itk::ImportImageContainer<unsigned long, double>
      Reference Count: 1
      Modified Time: 1200
      Debug: Off
      Object Name: 
      Observers: 
        none
      Pointer: 0x145a340bb010
      Container manages memory: true
      Size: 8530021
      Capacity: 8530021

     Moving image = Image (0x3ca7d70)
  RTTI typeinfo:   itk::Image<double, 3u>
  Reference Count: 2
  Modified Time: 1595
  Debug: Off
  Object Name: 
  Observers: 
    none
  Source: (none)
  Source output name: (none)
  Release Data: Off
  Data Released: False
  Global Release Data: Off
  PipelineMTime: 0
  UpdateMTime: 1592
  RealTimeStamp: 0 seconds 
  LargestPossibleRegion: 
    Dimension: 3
    Index: [0, 0, 0]
    Size: [176, 240, 256]
  BufferedRegion: 
    Dimension: 3
    Index: [0, 0, 0]
    Size: [176, 240, 256]
  RequestedRegion: 
    Dimension: 3
    Index: [0, 0, 0]
    Size: [176, 240, 256]
  Spacing: [0.999999, 1, 1]
  Origin: [90.3778, 84.5091, -154.071]
  Direction: 
-0.999391 7.48184e-06 -0.0348969
-7.47664e-06 -1 -2.7953e-07
-0.0348969 -1.84481e-08 0.999391

  IndexToPointMatrix: 
-0.99939 7.48184e-06 -0.0348969
-7.47663e-06 -1 -2.7953e-07
-0.0348968 -1.84481e-08 0.999391

  PointToIndexMatrix: 
-0.999392 -7.47665e-06 -0.0348969
7.48184e-06 -1 -1.84481e-08
-0.0348969 -2.7953e-07 0.999391

  Inverse Direction: 
-0.999391 -7.47664e-06 -0.0348969
7.48184e-06 -1 -1.84481e-08
-0.0348969 -2.7953e-07 0.999391

  PixelContainer: 
    ImportImageContainer (0x3c5fc90)
      RTTI typeinfo:   itk::ImportImageContainer<unsigned long, double>
      Reference Count: 1
      Modified Time: 1589
      Debug: Off
      Object Name: 
      Observers: 
        none
      Pointer: 0x145a2ee3a010
      Container manages memory: true
      Size: 10813440
      Capacity: 10813440

     Weighting = 1
     Sampling strategy = regular
     Number of bins = 32
     Radius = 4
     Sampling percentage  = 0.25
   Transform = Affine
     Gradient step = 0.1
     Update field sigma (voxel space) = 0
     Total field sigma (voxel space) = 0
     Update field time sigma = 0
     Total field time sigma  = 0
     Number of time indices = 0
     Number of time point samples = 0
Registration using 1 total stages.

Stage 0
  iterations = 1000x500x250x100
  convergence threshold = 1e-06
  convergence window size = 10
  number of levels = 4
  using the Mattes MI metric (number of bins = 32, weight = 1, use gradient filter = 0)
  preprocessing:  winsorizing the image intensities
  Shrink factors (level 1 out of 4): [8, 8, 8]
  Shrink factors (level 2 out of 4): [4, 4, 4]
  Shrink factors (level 3 out of 4): [2, 2, 2]
  Shrink factors (level 4 out of 4): [1, 1, 1]
  smoothing sigmas per level: [3, 2, 1, 0]
  regular sampling (percentage = 0.25)

*** Running AffineTransform registration ***

DIAGNOSTIC,Iteration,metricValue,convergenceValue,ITERATION_TIME_INDEX,SINCE_LAST
 2DIAGNOSTIC,     1, -7.476561693469e-01, 1.797693134862e+308, 8.1341e-01, 8.1341e-01, 
 2DIAGNOSTIC,     2, -7.499318067000e-01, 1.797693134862e+308, 8.1901e-01, 5.6040e-03, 
 2DIAGNOSTIC,     3, -7.531854351515e-01, 1.797693134862e+308, 8.2432e-01, 5.3082e-03, 
 2DIAGNOSTIC,     4, -7.591674287042e-01, 1.797693134862e+308, 8.2987e-01, 5.5480e-03, 
 2DIAGNOSTIC,     5, -7.697685610875e-01, 1.797693134862e+308, 8.3513e-01, 5.2631e-03, 
 2DIAGNOSTIC,     6, -7.851626102945e-01, 1.797693134862e+308, 8.4089e-01, 5.7571e-03, 
 2DIAGNOSTIC,     7, -8.133121881837e-01, 1.797693134862e+308, 8.5183e-01, 1.0942e-02, 
 2DIAGNOSTIC,     8, -8.909645116610e-01, 1.797693134862e+308, 8.5935e-01, 7.5159e-03, 
 2DIAGNOSTIC,     9, -9.177608568579e-01, 1.797693134862e+308, 8.6583e-01, 6.4859e-03, 
 2DIAGNOSTIC,    10, -9.215735764461e-01, 1.560421053881e-02, 8.7340e-01, 7.5619e-03, 
 2DIAGNOSTIC,    11, -9.309265951122e-01, 1.574493084146e-02, 8.8015e-01, 6.7561e-03, 
 2DIAGNOSTIC,    12, -9.349409739958e-01, 1.462370748311e-02, 8.8714e-01, 6.9890e-03, 
 2DIAGNOSTIC,    13, -9.371951052981e-01, 1.249546258820e-02, 8.9379e-01, 6.6459e-03, 
 2DIAGNOSTIC,    14, -9.367722830158e-01, 9.705511972360e-03, 8.9971e-01, 5.9218e-03, 
 2DIAGNOSTIC,    15, -9.373741684717e-01, 6.717329606355e-03, 9.0638e-01, 6.6681e-03, 
 2DIAGNOSTIC,    16, -9.379693204404e-01, 3.864528964581e-03, 9.1298e-01, 6.6011e-03, 
 2DIAGNOSTIC,    17, -9.381251845591e-01, 1.533602935450e-03, 9.2004e-01, 7.0670e-03, 
 2DIAGNOSTIC,    18, -9.383618796091e-01, 7.501550541774e-04, 9.2659e-01, 6.5479e-03, 
 2DIAGNOSTIC,    19, -9.383820923131e-01, 4.486133856366e-04, 9.3312e-01, 6.5279e-03, 
 2DIAGNOSTIC,    20, -9.384447842970e-01, 1.980415896175e-04, 9.3984e-01, 6.7201e-03, 
 2DIAGNOSTIC,    21, -9.385195459122e-01, 9.865626324956e-05, 9.4701e-01, 7.1721e-03, 
 2DIAGNOSTIC,    22, -9.385482305748e-01, 5.827002153767e-05, 9.5349e-01, 6.4821e-03, 
 2DIAGNOSTIC,    23, -9.384116183109e-01, 4.634267830426e-05, 9.6022e-01, 6.7239e-03, 
 2DIAGNOSTIC,    24, -9.382951133983e-01, 2.400761208852e-05, 9.6564e-01, 5.4250e-03, 
 2DIAGNOSTIC,    25, -9.382175736486e-01, 8.032472269541e-06, 9.7110e-01, 5.4522e-03, 
 2DIAGNOSTIC,    26, -9.383082083092e-01, 1.109116682774e-06, 9.7728e-01, 6.1810e-03, 
DIAGNOSTIC,Iteration,metricValue,convergenceValue,ITERATION_TIME_INDEX,SINCE_LAST
 2DIAGNOSTIC,     1, -7.503225355614e-01, 1.797693134862e+308, 1.7939e+00, 8.1663e-01, 
 2DIAGNOSTIC,     2, -7.507586825120e-01, 1.797693134862e+308, 1.8332e+00, 3.9244e-02, 
 2DIAGNOSTIC,     3, -7.512647013190e-01, 1.797693134862e+308, 1.8655e+00, 3.2324e-02, 
 2DIAGNOSTIC,     4, -7.519446946310e-01, 1.797693134862e+308, 1.9057e+00, 4.0181e-02, 
 2DIAGNOSTIC,     5, -7.532511759198e-01, 1.797693134862e+308, 1.9534e+00, 4.7746e-02, 
 2DIAGNOSTIC,     6, -7.541495715773e-01, 1.797693134862e+308, 2.0290e+00, 7.5586e-02, 
 2DIAGNOSTIC,     7, -7.541692404229e-01, 1.797693134862e+308, 2.0771e+00, 4.8145e-02, 
 2DIAGNOSTIC,     8, -7.541836593990e-01, 1.797693134862e+308, 2.1307e+00, 5.3578e-02, 
 2DIAGNOSTIC,     9, -7.541802543557e-01, 1.797693134862e+308, 2.1763e+00, 4.5577e-02, 
 2DIAGNOSTIC,    10, -7.541659273545e-01, 3.833010688076e-04, 2.2279e+00, 5.1574e-02, 
 2DIAGNOSTIC,    11, -7.541502849711e-01, 2.751569399305e-04, 2.2717e+00, 4.3813e-02, 
 2DIAGNOSTIC,    12, -7.541447714369e-01, 1.745582473031e-04, 2.3085e+00, 3.6799e-02, 
 2DIAGNOSTIC,    13, -7.541443998971e-01, 8.891539220021e-05, 2.3432e+00, 3.4713e-02, 
 2DIAGNOSTIC,    14, -7.541658925938e-01, 2.586002165708e-05, 2.3862e+00, 4.2964e-02, 
 2DIAGNOSTIC,    15, -7.541705839808e-01, 1.403008669146e-06, 2.4234e+00, 3.7232e-02, 
 2DIAGNOSTIC,    16, -7.541861424080e-01, 1.623295578249e-06, 2.4599e+00, 3.6470e-02, 
 2DIAGNOSTIC,    17, -7.542315174307e-01, 3.282032214377e-06, 2.5009e+00, 4.1043e-02, 
 2DIAGNOSTIC,    18, -7.542857582440e-01, 6.035219201270e-06, 2.5475e+00, 4.6651e-02, 
 2DIAGNOSTIC,    19, -7.544553857721e-01, 1.138282173298e-05, 2.5891e+00, 4.1535e-02, 
 2DIAGNOSTIC,    20, -7.544874592207e-01, 1.556544687415e-05, 2.6364e+00, 4.7329e-02, 
 2DIAGNOSTIC,    21, -7.544953460821e-01, 1.794537967217e-05, 2.6793e+00, 4.2909e-02, 
 2DIAGNOSTIC,    22, -7.545113213787e-01, 1.879260742817e-05, 2.7251e+00, 4.5758e-02, 
 2DIAGNOSTIC,    23, -7.545007406485e-01, 1.773310977111e-05, 2.7704e+00, 4.5295e-02, 
 2DIAGNOSTIC,    24, -7.544925571596e-01, 1.541089845362e-05, 2.8084e+00, 3.8061e-02, 
 2DIAGNOSTIC,    25, -7.544706209885e-01, 1.169427544896e-05, 2.8491e+00, 4.0630e-02, 
 2DIAGNOSTIC,    26, -7.544637100015e-01, 7.440529385581e-06, 2.8888e+00, 3.9690e-02, 
 2DIAGNOSTIC,    27, -7.544461310394e-01, 3.312595474210e-06, 2.9368e+00, 4.8039e-02, 
DIAGNOSTIC,Iteration,metricValue,convergenceValue,ITERATION_TIME_INDEX,SINCE_LAST
 2DIAGNOSTIC,     1, -6.416110952755e-01, 1.797693134862e+308, 4.2563e+00, 1.3195e+00, 
 2DIAGNOSTIC,     2, -6.420917180425e-01, 1.797693134862e+308, 4.5302e+00, 2.7396e-01, 
 2DIAGNOSTIC,     3, -6.425870406943e-01, 1.797693134862e+308, 4.8120e+00, 2.8180e-01, 
 2DIAGNOSTIC,     4, -6.430808974931e-01, 1.797693134862e+308, 5.1066e+00, 2.9453e-01, 
 2DIAGNOSTIC,     5, -6.438683599037e-01, 1.797693134862e+308, 5.4317e+00, 3.2512e-01, 
 2DIAGNOSTIC,     6, -6.449852329661e-01, 1.797693134862e+308, 5.8308e+00, 3.9911e-01, 
 2DIAGNOSTIC,     7, -6.449885018132e-01, 1.797693134862e+308, 6.2373e+00, 4.0656e-01, 
 2DIAGNOSTIC,     8, -6.449936626468e-01, 1.797693134862e+308, 6.6687e+00, 4.3131e-01, 
 2DIAGNOSTIC,     9, -6.449843517342e-01, 1.797693134862e+308, 6.9905e+00, 3.2189e-01, 
 2DIAGNOSTIC,    10, -6.449852085551e-01, 3.857371643091e-04, 7.3048e+00, 3.1428e-01, 
 2DIAGNOSTIC,    11, -6.449839505105e-01, 2.777325707121e-04, 7.8228e+00, 5.1800e-01, 
 2DIAGNOSTIC,    12, -6.449863532743e-01, 1.808879399247e-04, 8.1760e+00, 3.5322e-01, 
 2DIAGNOSTIC,    13, -6.449844682086e-01, 1.000764959838e-04, 8.5248e+00, 3.4873e-01, 
 2DIAGNOSTIC,    14, -6.449837531517e-01, 3.722029258774e-05, 8.8720e+00, 3.4722e-01, 
 2DIAGNOSTIC,    15, -6.449815236109e-01, 1.723561302000e-06, 9.1929e+00, 3.2087e-01, 
 2DIAGNOSTIC,    16, -6.449821491227e-01, 1.512695589900e-06, 9.4865e+00, 2.9368e-01, 
 2DIAGNOSTIC,    17, -6.449817757806e-01, 1.437170259182e-06, 9.7887e+00, 3.0219e-01, 
 2DIAGNOSTIC,    18, -6.449830300548e-01, 1.573994415242e-06, 1.0145e+01, 3.5665e-01, 
 2DIAGNOSTIC,    19, -6.449824083652e-01, 1.483822067057e-06, 1.0492e+01, 3.4617e-01, 
 2DIAGNOSTIC,    20, -6.449805087462e-01, 1.399703413070e-06, 1.0891e+01, 3.9960e-01, 
 2DIAGNOSTIC,    21, -6.449781717689e-01, 1.265239181342e-06, 1.1196e+01, 3.0512e-01, 
 2DIAGNOSTIC,    22, -6.449761921022e-01, 1.175754044180e-06, 1.1547e+01, 3.5051e-01, 
 2DIAGNOSTIC,    23, -6.449768357315e-01, 1.095330037740e-06, 1.1885e+01, 3.3832e-01, 
 2DIAGNOSTIC,    24, -6.449761734989e-01, 1.023339921580e-06, 1.2219e+01, 3.3384e-01, 
DIAGNOSTIC,Iteration,metricValue,convergenceValue,ITERATION_TIME_INDEX,SINCE_LAST
 2DIAGNOSTIC,     1, -5.763868773963e-01, 1.797693134862e+308, 1.5293e+01, 3.0741e+00, 
 2DIAGNOSTIC,     2, -5.768218686132e-01, 1.797693134862e+308, 1.7282e+01, 1.9888e+00, 
 2DIAGNOSTIC,     3, -5.773536692166e-01, 1.797693134862e+308, 1.9150e+01, 1.8682e+00, 
 2DIAGNOSTIC,     4, -5.779162510731e-01, 1.797693134862e+308, 2.0802e+01, 1.6515e+00, 
 2DIAGNOSTIC,     5, -5.787510184487e-01, 1.797693134862e+308, 2.2609e+01, 1.8078e+00, 
 2DIAGNOSTIC,     6, -5.799095855139e-01, 1.797693134862e+308, 2.5676e+01, 3.0671e+00, 
 2DIAGNOSTIC,     7, -5.799184849433e-01, 1.797693134862e+308, 2.9040e+01, 3.3631e+00, 
 2DIAGNOSTIC,     8, -5.799188352519e-01, 1.797693134862e+308, 3.1109e+01, 2.0692e+00, 
