
##########################
# Experiment information #
##########################

EXPERIMENT_NAME: antsRegistration-r7-p15
VFC_BACKENDS: libinterflop_vprec.so --range-binary32=7 --precision-binary32=15 --range-binary64=7 --precision-binary64=15

SIF_IMG: /home/mdugre/projects/rrg-glatard/mdugre/containers/ants-vprec-no_metrics.simg

SUBJECT_ID: s025
INPUT_IMG: /home/mdugre/scratch/mri-registration-rp/datasets/ds004513/derivatives/mri-registration-rp/antsBrainExtraction/sub-s025/BrainExtractionBrain.nii.gz
OUTPUT_DIR: /home/mdugre/scratch/mri-registration-rp/datasets/ds004513/derivatives/mri-registration-rp/0001/antsRegistration-r7-p15/sub-s025

FIXED_IMG: /templateflow/tpl-MNI152NLin2009cAsym/tpl-MNI152NLin2009cAsym_res-01_desc-brain_T1w.nii.gz
DATA_DIR: /home/mdugre/scratch/mri-registration-rp/datasets/ds004513
TEMPLATEFLOW_DIR: /home/mdugre/projects/rrg-glatard/mdugre/templateflow
ITK_GLOBAL_DEFAULT_NUMBER_OF_THREADS: 16
##########################

Info [verificarlo]: loaded backend libinterflop_ieee.so
Info [interflop-ieee]: load backend with:
Info [interflop-ieee]: debug = false
Info [interflop-ieee]: debug-binary = false
Info [interflop-ieee]: no-backend-name = false
Info [interflop-ieee]: print-new-line = false
Info [interflop-ieee]: print-subnormal-normalized = false
Info [interflop-ieee]: count-op = false
All_Command_lines_OK
Using double precision for computations.
=============================================================================
The composite transform comprises the following transforms (in order): 
  1. Center of mass alignment using fixed image: /templateflow/tpl-MNI152NLin2009cAsym/tpl-MNI152NLin2009cAsym_res-01_desc-brain_T1w.nii.gz and moving image: /home/mdugre/scratch/mri-registration-rp/datasets/ds004513/derivatives/mri-registration-rp/antsBrainExtraction/sub-s025/BrainExtractionBrain.nii.gz (type = Euler3DTransform)
=============================================================================
  number of levels = 1
  fixed image: /templateflow/tpl-MNI152NLin2009cAsym/tpl-MNI152NLin2009cAsym_res-01_desc-brain_T1w.nii.gz
  moving image: /home/mdugre/scratch/mri-registration-rp/datasets/ds004513/derivatives/mri-registration-rp/antsBrainExtraction/sub-s025/BrainExtractionBrain.nii.gz
Dimension = 3
Number of stages = 1
Use histogram matching = false
Winsorize image intensities = true
  Lower quantile = 0.005
  Upper quantile = 0.995


Stage 1 State
   Image metric = MattesMI
     Fixed image = Image (0x40e0e70)
  RTTI typeinfo:   itk::Image<double, 3u>
  Reference Count: 2
  Modified Time: 2334
  Debug: Off
  Object Name: 
  Observers: 
    none
  Source: (none)
  Source output name: (none)
  Release Data: Off
  Data Released: False
  Global Release Data: Off
  PipelineMTime: 0
  UpdateMTime: 1943
  RealTimeStamp: 0 seconds 
  LargestPossibleRegion: 
    Dimension: 3
    Index: [0, 0, 0]
    Size: [193, 229, 193]
  BufferedRegion: 
    Dimension: 3
    Index: [0, 0, 0]
    Size: [193, 229, 193]
  RequestedRegion: 
    Dimension: 3
    Index: [0, 0, 0]
    Size: [193, 229, 193]
  Spacing: [1, 1, 1]
  Origin: [96, 132, -78]
  Direction: 
-1 0 0
0 -1 0
0 0 1

  IndexToPointMatrix: 
-1 0 0
0 -1 0
0 0 1

  PointToIndexMatrix: 
-1 0 0
0 -1 0
0 0 1

  Inverse Direction: 
-1 0 0
0 -1 0
0 0 1

  PixelContainer: 
    ImportImageContainer (0x40e9c60)
      RTTI typeinfo:   itk::ImportImageContainer<unsigned long, double>
      Reference Count: 1
      Modified Time: 1940
      Debug: Off
      Object Name: 
      Observers: 
        none
      Pointer: 0x14bb3f808010
      Container manages memory: true
      Size: 8530021
      Capacity: 8530021

     Moving image = Image (0x40ec610)
  RTTI typeinfo:   itk::Image<double, 3u>
  Reference Count: 2
  Modified Time: 2335
  Debug: Off
  Object Name: 
  Observers: 
    none
  Source: (none)
  Source output name: (none)
  Release Data: Off
  Data Released: False
  Global Release Data: Off
  PipelineMTime: 0
  UpdateMTime: 2332
  RealTimeStamp: 0 seconds 
  LargestPossibleRegion: 
    Dimension: 3
    Index: [0, 0, 0]
    Size: [176, 240, 256]
  BufferedRegion: 
    Dimension: 3
    Index: [0, 0, 0]
    Size: [176, 240, 256]
  RequestedRegion: 
    Dimension: 3
    Index: [0, 0, 0]
    Size: [176, 240, 256]
  Spacing: [0.999999, 1, 1]
  Origin: [90.3778, 84.5091, -154.071]
  Direction: 
-0.999391 7.48184e-06 -0.0348969
-7.47664e-06 -1 -2.7953e-07
-0.0348969 -1.84481e-08 0.999391

  IndexToPointMatrix: 
-0.99939 7.48184e-06 -0.0348969
-7.47663e-06 -1 -2.7953e-07
-0.0348968 -1.84481e-08 0.999391

  PointToIndexMatrix: 
-0.999392 -7.47665e-06 -0.0348969
7.48184e-06 -1 -1.84481e-08
-0.0348969 -2.7953e-07 0.999391

  Inverse Direction: 
-0.999391 -7.47664e-06 -0.0348969
7.48184e-06 -1 -1.84481e-08
-0.0348969 -2.7953e-07 0.999391

  PixelContainer: 
    ImportImageContainer (0x4185ef0)
      RTTI typeinfo:   itk::ImportImageContainer<unsigned long, double>
      Reference Count: 1
      Modified Time: 2329
      Debug: Off
      Object Name: 
      Observers: 
        none
      Pointer: 0x14bb3a587010
      Container manages memory: true
      Size: 10813440
      Capacity: 10813440

     Weighting = 1
     Sampling strategy = regular
     Number of bins = 32
     Radius = 4
     Sampling percentage  = 0.25
   Transform = Rigid
     Gradient step = 0.1
     Update field sigma (voxel space) = 0
     Total field sigma (voxel space) = 0
     Update field time sigma = 0
     Total field time sigma  = 0
     Number of time indices = 0
     Number of time point samples = 0
Registration using 1 total stages.

Stage 0
  iterations = 0
  convergence threshold = 1e-06
  convergence window size = 10
  number of levels = 1
  using the Mattes MI metric (number of bins = 32, weight = 1, use gradient filter = 0)
  preprocessing:  winsorizing the image intensities
  Shrink factors (level 1 out of 1): [1, 1, 1]
  smoothing sigmas per level: [0]
  regular sampling (percentage = 0.25)

*** Running Euler3DTransform registration ***

  Elapsed time (stage 0): 1.10034


Total elapsed time: 1.10244
Info [verificarlo]: loaded backend libinterflop_ieee.so
Info [interflop-ieee]: load backend with:
Info [interflop-ieee]: debug = false
Info [interflop-ieee]: debug-binary = false
Info [interflop-ieee]: no-backend-name = false
Info [interflop-ieee]: print-new-line = false
Info [interflop-ieee]: print-subnormal-normalized = false
Info [interflop-ieee]: count-op = false
All_Command_lines_OK
Using double precision for computations.
=============================================================================
The composite transform comprises the following transforms (in order): 
  1. /home/mdugre/scratch/mri-registration-rp/datasets/ds004513/derivatives/mri-registration-rp/0001/antsRegistration-r7-p15/sub-s025/align_Composite.h5[0] (type = Euler3DTransform)
  2. /home/mdugre/scratch/mri-registration-rp/datasets/ds004513/derivatives/mri-registration-rp/0001/antsRegistration-r7-p15/sub-s025/align_Composite.h5[1] (type = Euler3DTransform)
=============================================================================
  number of levels = 4
  fixed image: /templateflow/tpl-MNI152NLin2009cAsym/tpl-MNI152NLin2009cAsym_res-01_desc-brain_T1w.nii.gz
  moving image: /home/mdugre/scratch/mri-registration-rp/datasets/ds004513/derivatives/mri-registration-rp/antsBrainExtraction/sub-s025/BrainExtractionBrain.nii.gz
Dimension = 3
Number of stages = 1
Use histogram matching = false
Winsorize image intensities = true
  Lower quantile = 0.005
  Upper quantile = 0.995


Stage 1 State
   Image metric = MattesMI
     Fixed image = Image (0x356b530)
  RTTI typeinfo:   itk::Image<double, 3u>
  Reference Count: 2
  Modified Time: 1580
  Debug: Off
  Object Name: 
  Observers: 
    none
  Source: (none)
  Source output name: (none)
  Release Data: Off
  Data Released: False
  Global Release Data: Off
  PipelineMTime: 0
  UpdateMTime: 1189
  RealTimeStamp: 0 seconds 
  LargestPossibleRegion: 
    Dimension: 3
    Index: [0, 0, 0]
    Size: [193, 229, 193]
  BufferedRegion: 
    Dimension: 3
    Index: [0, 0, 0]
    Size: [193, 229, 193]
  RequestedRegion: 
    Dimension: 3
    Index: [0, 0, 0]
    Size: [193, 229, 193]
  Spacing: [1, 1, 1]
  Origin: [96, 132, -78]
  Direction: 
-1 0 0
0 -1 0
0 0 1

  IndexToPointMatrix: 
-1 0 0
0 -1 0
0 0 1

  PointToIndexMatrix: 
-1 0 0
0 -1 0
0 0 1

  Inverse Direction: 
-1 0 0
0 -1 0
0 0 1

  PixelContainer: 
    ImportImageContainer (0x3629d60)
      RTTI typeinfo:   itk::ImportImageContainer<unsigned long, double>
      Reference Count: 1
      Modified Time: 1186
      Debug: Off
      Object Name: 
      Observers: 
        none
      Pointer: 0x149f726fc010
      Container manages memory: true
      Size: 8530021
      Capacity: 8530021

     Moving image = Image (0x361bf60)
  RTTI typeinfo:   itk::Image<double, 3u>
  Reference Count: 2
  Modified Time: 1581
  Debug: Off
  Object Name: 
  Observers: 
    none
  Source: (none)
  Source output name: (none)
  Release Data: Off
  Data Released: False
  Global Release Data: Off
  PipelineMTime: 0
  UpdateMTime: 1578
  RealTimeStamp: 0 seconds 
  LargestPossibleRegion: 
    Dimension: 3
    Index: [0, 0, 0]
    Size: [176, 240, 256]
  BufferedRegion: 
    Dimension: 3
    Index: [0, 0, 0]
    Size: [176, 240, 256]
  RequestedRegion: 
    Dimension: 3
    Index: [0, 0, 0]
    Size: [176, 240, 256]
  Spacing: [0.999999, 1, 1]
  Origin: [90.3778, 84.5091, -154.071]
  Direction: 
-0.999391 7.48184e-06 -0.0348969
-7.47664e-06 -1 -2.7953e-07
-0.0348969 -1.84481e-08 0.999391

  IndexToPointMatrix: 
-0.99939 7.48184e-06 -0.0348969
-7.47663e-06 -1 -2.7953e-07
-0.0348968 -1.84481e-08 0.999391

  PointToIndexMatrix: 
-0.999392 -7.47665e-06 -0.0348969
7.48184e-06 -1 -1.84481e-08
-0.0348969 -2.7953e-07 0.999391

  Inverse Direction: 
-0.999391 -7.47664e-06 -0.0348969
7.48184e-06 -1 -1.84481e-08
-0.0348969 -2.7953e-07 0.999391

  PixelContainer: 
    ImportImageContainer (0x360d6d0)
      RTTI typeinfo:   itk::ImportImageContainer<unsigned long, double>
      Reference Count: 1
      Modified Time: 1575
      Debug: Off
      Object Name: 
      Observers: 
        none
      Pointer: 0x149f6d47b010
      Container manages memory: true
      Size: 10813440
      Capacity: 10813440

     Weighting = 1
     Sampling strategy = regular
     Number of bins = 32
     Radius = 4
     Sampling percentage  = 0.25
   Transform = Rigid
     Gradient step = 0.1
     Update field sigma (voxel space) = 0
     Total field sigma (voxel space) = 0
     Update field time sigma = 0
     Total field time sigma  = 0
     Number of time indices = 0
     Number of time point samples = 0
Registration using 1 total stages.

Stage 0
  iterations = 1000x500x250x100
  convergence threshold = 1e-06
  convergence window size = 10
  number of levels = 4
  using the Mattes MI metric (number of bins = 32, weight = 1, use gradient filter = 0)
  preprocessing:  winsorizing the image intensities
  Shrink factors (level 1 out of 4): [8, 8, 8]
  Shrink factors (level 2 out of 4): [4, 4, 4]
  Shrink factors (level 3 out of 4): [2, 2, 2]
  Shrink factors (level 4 out of 4): [1, 1, 1]
  smoothing sigmas per level: [3, 2, 1, 0]
  regular sampling (percentage = 0.25)

*** Running Euler3DTransform registration ***

DIAGNOSTIC,Iteration,metricValue,convergenceValue,ITERATION_TIME_INDEX,SINCE_LAST
 2DIAGNOSTIC,     1, -5.323241903179e-01, 1.797693134862e+308, 7.3934e-01, 7.3934e-01, 
 2DIAGNOSTIC,     2, -5.346190553927e-01, 1.797693134862e+308, 7.4333e-01, 3.9880e-03, 
 2DIAGNOSTIC,     3, -5.378036555361e-01, 1.797693134862e+308, 7.4746e-01, 4.1330e-03, 
 2DIAGNOSTIC,     4, -5.422949451405e-01, 1.797693134862e+308, 7.5182e-01, 4.3540e-03, 
 2DIAGNOSTIC,     5, -5.486805952477e-01, 1.797693134862e+308, 7.5665e-01, 4.8358e-03, 
 2DIAGNOSTIC,     6, -5.542790085272e-01, 1.797693134862e+308, 7.6089e-01, 4.2360e-03, 
 2DIAGNOSTIC,     7, -5.627123115611e-01, 1.797693134862e+308, 7.6518e-01, 4.2939e-03, 
 2DIAGNOSTIC,     8, -5.766609943856e-01, 1.797693134862e+308, 7.7009e-01, 4.9059e-03, 
 2DIAGNOSTIC,     9, -5.881111419397e-01, 1.797693134862e+308, 7.7409e-01, 4.0061e-03, 
 2DIAGNOSTIC,    10, -6.012927005665e-01, 7.820055967720e-03, 7.8021e-01, 6.1121e-03, 
 2DIAGNOSTIC,    11, -6.192402913589e-01, 8.564422673930e-03, 7.8761e-01, 7.4079e-03, 
 2DIAGNOSTIC,    12, -6.197111897441e-01, 8.513711436491e-03, 7.9177e-01, 4.1530e-03, 
 2DIAGNOSTIC,    13, -6.223136777511e-01, 7.932305190639e-03, 7.9659e-01, 4.8258e-03, 
 2DIAGNOSTIC,    14, -6.239859078533e-01, 6.938967258809e-03, 8.0053e-01, 3.9349e-03, 
 2DIAGNOSTIC,    15, -6.258731029038e-01, 5.722268374546e-03, 8.0474e-01, 4.2090e-03, 
 2DIAGNOSTIC,    16, -6.290042957048e-01, 4.404898010744e-03, 8.0875e-01, 4.0162e-03, 
 2DIAGNOSTIC,    17, -6.327399548195e-01, 3.192249458103e-03, 8.1419e-01, 5.4410e-03, 
 2DIAGNOSTIC,    18, -6.361770329222e-01, 2.298162514739e-03, 8.2007e-01, 5.8751e-03, 
 2DIAGNOSTIC,    19, -6.381920795048e-01, 1.629119691668e-03, 8.2481e-01, 4.7438e-03, 
 2DIAGNOSTIC,    20, -6.414786468672e-01, 1.264281191384e-03, 8.2994e-01, 5.1270e-03, 
 2DIAGNOSTIC,    21, -6.422621311607e-01, 1.244231354779e-03, 8.3398e-01, 4.0350e-03, 
 2DIAGNOSTIC,    22, -6.443386369775e-01, 1.164065699691e-03, 8.3828e-01, 4.3082e-03, 
 2DIAGNOSTIC,    23, -6.458367311083e-01, 1.066297096048e-03, 8.4268e-01, 4.3941e-03, 
 2DIAGNOSTIC,    24, -6.528535016704e-01, 1.047817944884e-03, 8.4771e-01, 5.0318e-03, 
 2DIAGNOSTIC,    25, -6.591704566678e-01, 1.083081268606e-03, 8.5369e-01, 5.9810e-03, 
 2DIAGNOSTIC,    26, -6.605963665000e-01, 1.093549187636e-03, 8.5848e-01, 4.7860e-03, 
 2DIAGNOSTIC,    27, -6.608439804871e-01, 1.070984920772e-03, 8.6264e-01, 4.1630e-03, 
 2DIAGNOSTIC,    28, -6.615671816546e-01, 1.019502608886e-03, 8.6685e-01, 4.2100e-03, 
 2DIAGNOSTIC,    29, -6.628794647957e-01, 9.260607841830e-04, 8.7113e-01, 4.2830e-03, 
 2DIAGNOSTIC,    30, -6.728294666055e-01, 9.537365522967e-04, 8.7699e-01, 5.8620e-03, 
 2DIAGNOSTIC,    31, -6.735478164186e-01, 9.084136371614e-04, 8.8117e-01, 4.1800e-03, 
 2DIAGNOSTIC,    32, -6.743491567714e-01, 8.254108116785e-04, 8.8542e-01, 4.2472e-03, 
 2DIAGNOSTIC,    33, -6.778518252686e-01, 7.396582318419e-04, 8.8975e-01, 4.3249e-03, 
 2DIAGNOSTIC,    34, -6.872953040509e-01, 8.064166258976e-04, 8.9892e-01, 9.1770e-03, 
 2DIAGNOSTIC,    35, -6.877324842621e-01, 8.751637257493e-04, 9.0312e-01, 4.1971e-03, 
 2DIAGNOSTIC,    36, -6.893217361639e-01, 8.964313831904e-04, 9.0728e-01, 4.1621e-03, 
 2DIAGNOSTIC,    37, -6.927385902260e-01, 8.791476192138e-04, 9.1147e-01, 4.1871e-03, 
 2DIAGNOSTIC,    38, -7.010250888506e-01, 8.853619850454e-04, 9.1570e-01, 4.2279e-03, 
 2DIAGNOSTIC,    39, -7.063979697693e-01, 8.771516635841e-04, 9.1994e-01, 4.2470e-03, 
 2DIAGNOSTIC,    40, -7.084283336649e-01, 9.204329492515e-04, 9.2414e-01, 4.1990e-03, 
 2DIAGNOSTIC,    41, -7.161035709958e-01, 9.681772291544e-04, 9.2888e-01, 4.7331e-03, 
 2DIAGNOSTIC,    42, -7.193510324993e-01, 9.622308647481e-04, 9.3460e-01, 5.7199e-03, 
 2DIAGNOSTIC,    43, -7.222448872410e-01, 9.271383316346e-04, 9.3873e-01, 4.1289e-03, 
 2DIAGNOSTIC,    44, -7.286105177922e-01, 9.647579088376e-04, 9.4287e-01, 4.1461e-03, 
 2DIAGNOSTIC,    45, -7.391065452524e-01, 1.015091932855e-03, 9.4703e-01, 4.1630e-03, 
 2DIAGNOSTIC,    46, -7.438417952539e-01, 1.024286047075e-03, 9.5124e-01, 4.2009e-03, 
 2DIAGNOSTIC,    47, -7.509921040507e-01, 1.032470261303e-03, 9.5842e-01, 7.1800e-03, 
 2DIAGNOSTIC,    48, -7.533407228199e-01, 1.037972471796e-03, 9.6273e-01, 4.3161e-03, 
 2DIAGNOSTIC,    49, -7.535050888434e-01, 9.936216732659e-04, 9.6659e-01, 3.8610e-03, 
 2DIAGNOSTIC,    50, -7.537481151099e-01, 8.743339448498e-04, 9.7100e-01, 4.4110e-03, 
 2DIAGNOSTIC,    51, -7.543854684929e-01, 7.469055318442e-04, 9.7497e-01, 3.9690e-03, 
 2DIAGNOSTIC,    52, -7.558747757658e-01, 5.930740217840e-04, 9.7891e-01, 3.9411e-03, 
 2DIAGNOSTIC,    53, -7.576482457796e-01, 4.264796923421e-04, 9.8328e-01, 4.3621e-03, 
 2DIAGNOSTIC,    54, -7.585441135187e-01, 2.826374898690e-04, 9.8824e-01, 4.9620e-03, 
 2DIAGNOSTIC,    55, -7.589386898917e-01, 2.025897323498e-04, 9.9209e-01, 3.8490e-03, 
 2DIAGNOSTIC,    56, -7.598078462270e-01, 1.479626450722e-04, 9.9663e-01, 4.5400e-03, 
 2DIAGNOSTIC,    57, -7.597379426329e-01, 1.335767011121e-04, 1.0006e+00, 4.0030e-03, 
 2DIAGNOSTIC,    58, -7.600635794315e-01, 1.265227232391e-04, 1.0056e+00, 4.9930e-03, 
 2DIAGNOSTIC,    59, -7.598233525187e-01, 1.071585918797e-04, 1.0099e+00, 4.2470e-03, 
 2DIAGNOSTIC,    60, -7.600139166046e-01, 8.153315585870e-05, 1.0136e+00, 3.7689e-03, 
 2DIAGNOSTIC,    61, -7.611927494759e-01, 6.147983812807e-05, 1.0191e+00, 5.4250e-03, 
 2DIAGNOSTIC,    62, -7.618800069419e-01, 5.060965829401e-05, 1.0229e+00, 3.8390e-03, 
 2DIAGNOSTIC,    63, -7.622645147084e-01, 4.963600346685e-05, 1.0277e+00, 4.7970e-03, 
 2DIAGNOSTIC,    64, -7.622440023332e-01, 4.983052412464e-05, 1.0320e+00, 4.2870e-03, 
 2DIAGNOSTIC,    65, -7.621453807274e-01, 4.711983888114e-05, 1.0364e+00, 4.4351e-03, 
 2DIAGNOSTIC,    66, -7.622027355087e-01, 4.581416424664e-05, 1.0402e+00, 3.8018e-03, 
 2DIAGNOSTIC,    67, -7.621527577811e-01, 3.926559113633e-05, 1.0440e+00, 3.7830e-03, 
 2DIAGNOSTIC,    68, -7.622249638639e-01, 3.176504112385e-05, 1.0483e+00, 4.3302e-03, 
 2DIAGNOSTIC,    69, -7.622656942352e-01, 2.040340369626e-05, 1.0522e+00, 3.8180e-03, 
 2DIAGNOSTIC,    70, -7.621988836299e-01, 8.111078304871e-06, 1.0560e+00, 3.8922e-03, 
 2DIAGNOSTIC,    71, -7.621301749256e-01, 1.881566455742e-06, 1.0598e+00, 3.7780e-03, 
DIAGNOSTIC,Iteration,metricValue,convergenceValue,ITERATION_TIME_INDEX,SINCE_LAST
 2DIAGNOSTIC,     1, -6.050258912224e-01, 1.797693134862e+308, 1.8301e+00, 7.7028e-01, 
 2DIAGNOSTIC,     2, -6.058471603769e-01, 1.797693134862e+308, 1.8576e+00, 2.7499e-02, 
 2DIAGNOSTIC,     3, -6.070252407166e-01, 1.797693134862e+308, 1.8878e+00, 3.0243e-02, 
 2DIAGNOSTIC,     4, -6.081409503828e-01, 1.797693134862e+308, 1.9168e+00, 2.8909e-02, 
 2DIAGNOSTIC,     5, -6.093080191038e-01, 1.797693134862e+308, 1.9461e+00, 2.9304e-02, 
 2DIAGNOSTIC,     6, -6.106043549024e-01, 1.797693134862e+308, 1.9752e+00, 2.9143e-02, 
 2DIAGNOSTIC,     7, -6.122051084273e-01, 1.797693134862e+308, 2.0053e+00, 3.0130e-02, 
 2DIAGNOSTIC,     8, -6.162573495732e-01, 1.797693134862e+308, 2.0384e+00, 3.3098e-02, 
 2DIAGNOSTIC,     9, -6.175293555136e-01, 1.797693134862e+308, 2.0830e+00, 4.4545e-02, 
 2DIAGNOSTIC,    10, -6.186565421884e-01, 1.511533603194e-03, 2.1125e+00, 2.9570e-02, 
 2DIAGNOSTIC,    11, -6.191240290200e-01, 1.419290362842e-03, 2.1498e+00, 3.7245e-02, 
 2DIAGNOSTIC,    12, -6.194559030036e-01, 1.259195067586e-03, 2.1905e+00, 4.0756e-02, 
 2DIAGNOSTIC,    13, -6.195363515172e-01, 1.053323787271e-03, 2.2219e+00, 3.1307e-02, 
 2DIAGNOSTIC,    14, -6.202054009015e-01, 8.400040320742e-04, 2.2556e+00, 3.3770e-02, 
 2DIAGNOSTIC,    15, -6.205242012541e-01, 6.251352765746e-04, 2.2858e+00, 3.0210e-02, 
 2DIAGNOSTIC,    16, -6.205465298666e-01, 4.187335309620e-04, 2.3221e+00, 3.6252e-02, 
 2DIAGNOSTIC,    17, -6.205160485747e-01, 2.391393590747e-04, 2.3603e+00, 3.8191e-02, 
 2DIAGNOSTIC,    18, -6.205707084133e-01, 1.628400992890e-04, 2.3920e+00, 3.1754e-02, 
 2DIAGNOSTIC,    19, -6.206276227611e-01, 1.111605957119e-04, 2.4264e+00, 3.4408e-02, 
 2DIAGNOSTIC,    20, -6.208306683975e-01, 8.482270845216e-05, 2.4557e+00, 2.9309e-02, 
 2DIAGNOSTIC,    21, -6.209189280092e-01, 6.540291754541e-05, 2.5006e+00, 4.4803e-02, 
 2DIAGNOSTIC,    22, -6.209419719573e-01, 4.949470965442e-05, 2.5339e+00, 3.3390e-02, 
 2DIAGNOSTIC,    23, -6.209313495413e-01, 3.164085599636e-05, 2.5755e+00, 4.1528e-02, 
 2DIAGNOSTIC,    24, -6.209161389580e-01, 2.483184280621e-05, 2.6121e+00, 3.6596e-02, 
 2DIAGNOSTIC,    25, -6.208961422252e-01, 2.181112646696e-05, 2.6429e+00, 3.0824e-02, 
 2DIAGNOSTIC,    26, -6.208767578467e-01, 1.715210001463e-05, 2.6751e+00, 3.2189e-02, 
 2DIAGNOSTIC,    27, -6.208575818129e-01, 1.052493654820e-05, 2.7133e+00, 3.8238e-02, 
 2DIAGNOSTIC,    28, -6.208274568625e-01, 3.936239608017e-06, 2.7478e+00, 3.4509e-02, 
DIAGNOSTIC,Iteration,metricValue,convergenceValue,ITERATION_TIME_INDEX,SINCE_LAST
 2DIAGNOSTIC,     1, -5.341847075312e-01, 1.797693134862e+308, 3.8071e+00, 1.0592e+00, 
 2DIAGNOSTIC,     2, -5.343329902362e-01, 1.797693134862e+308, 4.0300e+00, 2.2298e-01, 
 2DIAGNOSTIC,     3, -5.344002376558e-01, 1.797693134862e+308, 4.2470e+00, 2.1693e-01, 
 2DIAGNOSTIC,     4, -5.344785132483e-01, 1.797693134862e+308, 4.4514e+00, 2.0440e-01, 
 2DIAGNOSTIC,     5, -5.346863313773e-01, 1.797693134862e+308, 4.6619e+00, 2.1051e-01, 
 2DIAGNOSTIC,     6, -5.350644318642e-01, 1.797693134862e+308, 4.9030e+00, 2.4115e-01, 
 2DIAGNOSTIC,     7, -5.358886872659e-01, 1.797693134862e+308, 5.3697e+00, 4.6663e-01, 
 2DIAGNOSTIC,     8, -5.358831673264e-01, 1.797693134862e+308, 5.5985e+00, 2.2883e-01, 
 2DIAGNOSTIC,     9, -5.358836737809e-01, 1.797693134862e+308, 5.8146e+00, 2.1606e-01, 
 2DIAGNOSTIC,    10, -5.358790576749e-01, 2.587249922314e-04, 6.0572e+00, 2.4260e-01, 
 2DIAGNOSTIC,    11, -5.358786462870e-01, 2.210804052527e-04, 6.2794e+00, 2.2228e-01, 
 2DIAGNOSTIC,    12, -5.358780488957e-01, 1.761200104226e-04, 6.5036e+00, 2.2420e-01, 
 2DIAGNOSTIC,    13, -5.358784620203e-01, 1.253244246442e-04, 6.7532e+00, 2.4960e-01, 
 2DIAGNOSTIC,    14, -5.358765858284e-01, 7.398789071651e-05, 6.9761e+00, 2.2282e-01, 
 2DIAGNOSTIC,    15, -5.358748928362e-01, 3.022128292390e-05, 7.2207e+00, 2.4461e-01, 
 2DIAGNOSTIC,    16, -5.358752385499e-01, 1.126307976551e-06, 7.4179e+00, 1.9721e-01, 
 2DIAGNOSTIC,    17, -5.358747250612e-01, 1.259913671385e-06, 7.6257e+00, 2.0781e-01, 
 2DIAGNOSTIC,    18, -5.358778661794e-01, 1.362669934279e-06, 7.8468e+00, 2.2110e-01, 
 2DIAGNOSTIC,    19, -5.358799151725e-01, 1.565393311857e-06, 8.0790e+00, 2.3217e-01, 
 2DIAGNOSTIC,    20, -5.358778192949e-01, 1.580380029592e-06, 8.3156e+00, 2.3659e-01, 
 2DIAGNOSTIC,    21, -5.358764065310e-01, 1.552171995364e-06, 8.5373e+00, 2.2179e-01, 
 2DIAGNOSTIC,    22, -5.358751369124e-01, 1.477665888747e-06, 8.7918e+00, 2.5450e-01, 
 2DIAGNOSTIC,    23, -5.358751216988e-01, 1.415147449196e-06, 9.0330e+00, 2.4115e-01, 
 2DIAGNOSTIC,    24, -5.358739935144e-01, 1.287776762900e-06, 9.3073e+00, 2.7433e-01, 
 2DIAGNOSTIC,    25, -5.358723714496e-01, 1.105532321043e-06, 9.5169e+00, 2.0956e-01, 
DIAGNOSTIC,Iteration,metricValue,convergenceValue,ITERATION_TIME_INDEX,SINCE_LAST
 2DIAGNOSTIC,     1, -4.894639312468e-01, 1.797693134862e+308, 1.2482e+01, 2.9652e+00, 
 2DIAGNOSTIC,     2, -4.894758723848e-01, 1.797693134862e+308, 1.4119e+01, 1.6364e+00, 
 2DIAGNOSTIC,     3, -4.894775527027e-01, 1.797693134862e+308, 1.5695e+01, 1.5769e+00, 
 2DIAGNOSTIC,     4, -4.894804318682e-01, 1.797693134862e+308, 1.7099e+01, 1.4035e+00, 
 2DIAGNOSTIC,     5, -4.894905129756e-01, 1.797693134862e+308, 1.8629e+01, 1.5296e+00, 
 2DIAGNOSTIC,     6, -4.895035680586e-01, 1.797693134862e+308, 1.9975e+01, 1.3468e+00, 
 2DIAGNOSTIC,     7, -4.895122594202e-01, 1.797693134862e+308, 2.1372e+01, 1.3962e+00, 
 2DIAGNOSTIC,     8, -4.895599770884e-01, 1.797693134862e+308, 2.3219e+01, 1.8470e+00, 
 2DIAGNOSTIC,     9, -4.895682467192e-01, 1.797693134862e+308, 2.4598e+01, 1.3790e+00, 
 2DIAGNOSTIC,    10, -4.896081777990e-01, 2.058927020317e-05, 2.5963e+01, 1.3652e+00, 
 2DIAGNOSTIC,    11, -4.896873893216e-01, 2.511971574114e-05, 2.7473e+01, 1.5101e+00, 
 2DIAGNOSTIC,    12, -4.896958525140e-01, 2.779837101712e-05, 2.8804e+01, 1.3310e+00, 
 2DIAGNOSTIC,    13, -4.897412120072e-01, 2.992802640631e-05, 3.0283e+01, 1.4787e+00, 
 2DIAGNOSTIC,    14, -4.897879010751e-01, 3.129744859248e-05, 3.2929e+01, 2.6465e+00, 
 2DIAGNOSTIC,    15, -4.897895981295e-01, 3.024600290272e-05, 3.4291e+01, 1.3622e+00, 
 2DIAGNOSTIC,    16, -4.897955655247e-01, 2.744427022242e-05, 3.5674e+01, 1.3827e+00, 
 2DIAGNOSTIC,    17, -4.898026463817e-01, 2.314628106598e-05, 3.7355e+01, 1.6806e+00, 
 2DIAGNOSTIC,    18, -4.898056176603e-01, 1.901017742578e-05, 3.8887e+01, 1.5319e+00, 
 2DIAGNOSTIC,    19, -4.898050948942e-01, 1.392044114584e-05, 4.0353e+01, 1.4668e+00, 
 2DIAGNOSTIC,    20, -4.898075481992e-01, 9.388772830105e-06, 4.1863e+01, 1.5092e+00, 
 2DIAGNOSTIC,    21, -4.898091807069e-01, 6.821919143842e-06, 4.3374e+01, 1.5119e+00, 
 2DIAGNOSTIC,    22, -4.898096631125e-01, 4.205572946690e-06, 4.4814e+01, 1.4394e+00, 
 2DIAGNOSTIC,    23, -4.898122509527e-01, 2.737073286921e-06, 4.6574e+01, 1.7598e+00, 
 2DIAGNOSTIC,    24, -4.898120062725e-01, 2.389369663236e-06, 4.8124e+01, 1.5504e+00, 
 2DIAGNOSTIC,    25, -4.898116301562e-01, 1.999431015517e-06, 4.9703e+01, 1.5793e+00, 
 2DIAGNOSTIC,    26, -4.898117771138e-01, 1.703970950111e-06, 5.1283e+01, 1.5797e+00, 
 2DIAGNOSTIC,    27, -4.898116598500e-01, 1.532965448366e-06, 5.2967e+01, 1.6840e+00, 
 2DIAGNOSTIC,    28, -4.898112849647e-01, 1.395089758334e-06, 5.4485e+01, 1.5179e+00, 
 2DIAGNOSTIC,    29, -4.898113412019e-01, 1.232245931300e-06, 5.5845e+01, 1.3602e+00, 
 2DIAGNOSTIC,    30, -4.898112022088e-01, 1.112257738960e-06, 5.7558e+01, 1.7129e+00, 
 2DIAGNOSTIC,    31, -4.898112440409e-01, 1.026678113296e-06, 5.9103e+01, 1.5447e+00, 
  Elapsed time (stage 0): 5.9931e+01


Total elapsed time: 5.9933e+01
Info [verificarlo]: loaded backend libinterflop_ieee.so
Info [interflop-ieee]: load backend with:
Info [interflop-ieee]: debug = false
Info [interflop-ieee]: debug-binary = false
Info [interflop-ieee]: no-backend-name = false
Info [interflop-ieee]: print-new-line = false
Info [interflop-ieee]: print-subnormal-normalized = false
Info [interflop-ieee]: count-op = false
All_Command_lines_OK
Using double precision for computations.
=============================================================================
The composite transform comprises the following transforms (in order): 
  1. /home/mdugre/scratch/mri-registration-rp/datasets/ds004513/derivatives/mri-registration-rp/0001/antsRegistration-r7-p15/sub-s025/rigid_Composite.h5[0] (type = Euler3DTransform)
  2. /home/mdugre/scratch/mri-registration-rp/datasets/ds004513/derivatives/mri-registration-rp/0001/antsRegistration-r7-p15/sub-s025/rigid_Composite.h5[1] (type = Euler3DTransform)
  3. /home/mdugre/scratch/mri-registration-rp/datasets/ds004513/derivatives/mri-registration-rp/0001/antsRegistration-r7-p15/sub-s025/rigid_Composite.h5[2] (type = Euler3DTransform)
=============================================================================
  number of levels = 4
  fixed image: /templateflow/tpl-MNI152NLin2009cAsym/tpl-MNI152NLin2009cAsym_res-01_desc-brain_T1w.nii.gz
  moving image: /home/mdugre/scratch/mri-registration-rp/datasets/ds004513/derivatives/mri-registration-rp/antsBrainExtraction/sub-s025/BrainExtractionBrain.nii.gz
Dimension = 3
Number of stages = 1
Use histogram matching = false
Winsorize image intensities = true
  Lower quantile = 0.005
  Upper quantile = 0.995


Stage 1 State
   Image metric = MattesMI
     Fixed image = Image (0x449f7e0)
  RTTI typeinfo:   itk::Image<double, 3u>
  Reference Count: 2
  Modified Time: 1594
  Debug: Off
  Object Name: 
  Observers: 
    none
  Source: (none)
  Source output name: (none)
  Release Data: Off
  Data Released: False
  Global Release Data: Off
  PipelineMTime: 0
  UpdateMTime: 1203
  RealTimeStamp: 0 seconds 
  LargestPossibleRegion: 
    Dimension: 3
    Index: [0, 0, 0]
    Size: [193, 229, 193]
  BufferedRegion: 
    Dimension: 3
    Index: [0, 0, 0]
    Size: [193, 229, 193]
  RequestedRegion: 
    Dimension: 3
    Index: [0, 0, 0]
    Size: [193, 229, 193]
  Spacing: [1, 1, 1]
  Origin: [96, 132, -78]
  Direction: 
-1 0 0
0 -1 0
0 0 1

  IndexToPointMatrix: 
-1 0 0
0 -1 0
0 0 1

  PointToIndexMatrix: 
-1 0 0
0 -1 0
0 0 1

  Inverse Direction: 
-1 0 0
0 -1 0
0 0 1

  PixelContainer: 
    ImportImageContainer (0x455fa20)
      RTTI typeinfo:   itk::ImportImageContainer<unsigned long, double>
      Reference Count: 1
      Modified Time: 1200
      Debug: Off
      Object Name: 
      Observers: 
        none
      Pointer: 0x15479e521010
      Container manages memory: true
      Size: 8530021
      Capacity: 8530021

     Moving image = Image (0x455ad70)
  RTTI typeinfo:   itk::Image<double, 3u>
  Reference Count: 2
  Modified Time: 1595
  Debug: Off
  Object Name: 
  Observers: 
    none
  Source: (none)
  Source output name: (none)
  Release Data: Off
  Data Released: False
  Global Release Data: Off
  PipelineMTime: 0
  UpdateMTime: 1592
  RealTimeStamp: 0 seconds 
  LargestPossibleRegion: 
    Dimension: 3
    Index: [0, 0, 0]
    Size: [176, 240, 256]
  BufferedRegion: 
    Dimension: 3
    Index: [0, 0, 0]
    Size: [176, 240, 256]
  RequestedRegion: 
    Dimension: 3
    Index: [0, 0, 0]
    Size: [176, 240, 256]
  Spacing: [0.999999, 1, 1]
  Origin: [90.3778, 84.5091, -154.071]
  Direction: 
-0.999391 7.48184e-06 -0.0348969
-7.47664e-06 -1 -2.7953e-07
-0.0348969 -1.84481e-08 0.999391

  IndexToPointMatrix: 
-0.99939 7.48184e-06 -0.0348969
-7.47663e-06 -1 -2.7953e-07
-0.0348968 -1.84481e-08 0.999391

  PointToIndexMatrix: 
-0.999392 -7.47665e-06 -0.0348969
7.48184e-06 -1 -1.84481e-08
-0.0348969 -2.7953e-07 0.999391

  Inverse Direction: 
-0.999391 -7.47664e-06 -0.0348969
7.48184e-06 -1 -1.84481e-08
-0.0348969 -2.7953e-07 0.999391

  PixelContainer: 
    ImportImageContainer (0x4512c90)
      RTTI typeinfo:   itk::ImportImageContainer<unsigned long, double>
      Reference Count: 1
      Modified Time: 1589
      Debug: Off
      Object Name: 
      Observers: 
        none
      Pointer: 0x1547992a0010
      Container manages memory: true
      Size: 10813440
      Capacity: 10813440

     Weighting = 1
     Sampling strategy = regular
     Number of bins = 32
     Radius = 4
     Sampling percentage  = 0.25
   Transform = Affine
     Gradient step = 0.1
     Update field sigma (voxel space) = 0
     Total field sigma (voxel space) = 0
     Update field time sigma = 0
     Total field time sigma  = 0
     Number of time indices = 0
     Number of time point samples = 0
Registration using 1 total stages.

Stage 0
  iterations = 1000x500x250x100
  convergence threshold = 1e-06
  convergence window size = 10
  number of levels = 4
  using the Mattes MI metric (number of bins = 32, weight = 1, use gradient filter = 0)
  preprocessing:  winsorizing the image intensities
  Shrink factors (level 1 out of 4): [8, 8, 8]
  Shrink factors (level 2 out of 4): [4, 4, 4]
  Shrink factors (level 3 out of 4): [2, 2, 2]
  Shrink factors (level 4 out of 4): [1, 1, 1]
  smoothing sigmas per level: [3, 2, 1, 0]
  regular sampling (percentage = 0.25)

*** Running AffineTransform registration ***

DIAGNOSTIC,Iteration,metricValue,convergenceValue,ITERATION_TIME_INDEX,SINCE_LAST
 2DIAGNOSTIC,     1, -7.475717632492e-01, 1.797693134862e+308, 7.6801e-01, 7.6801e-01, 
 2DIAGNOSTIC,     2, -7.495499252719e-01, 1.797693134862e+308, 7.7222e-01, 4.2090e-03, 
 2DIAGNOSTIC,     3, -7.528111022466e-01, 1.797693134862e+308, 7.7642e-01, 4.1921e-03, 
 2DIAGNOSTIC,     4, -7.578968919069e-01, 1.797693134862e+308, 7.8070e-01, 4.2849e-03, 
 2DIAGNOSTIC,     5, -7.655445364274e-01, 1.797693134862e+308, 7.8459e-01, 3.8898e-03, 
 2DIAGNOSTIC,     6, -7.801350372470e-01, 1.797693134862e+308, 7.8872e-01, 4.1330e-03, 
 2DIAGNOSTIC,     7, -8.046751854183e-01, 1.797693134862e+308, 7.9315e-01, 4.4291e-03, 
 2DIAGNOSTIC,     8, -8.884274369468e-01, 1.797693134862e+308, 7.9862e-01, 5.4719e-03, 
 2DIAGNOSTIC,     9, -9.152456728548e-01, 1.797693134862e+308, 8.0314e-01, 4.5159e-03, 
 2DIAGNOSTIC,    10, -9.236109865901e-01, 1.547878567945e-02, 8.0878e-01, 5.6391e-03, 
 2DIAGNOSTIC,    11, -9.261054210086e-01, 1.569843630582e-02, 8.1326e-01, 4.4849e-03, 
 2DIAGNOSTIC,    12, -9.311196427270e-01, 1.467111373911e-02, 8.1865e-01, 5.3842e-03, 
 2DIAGNOSTIC,    13, -9.330193803627e-01, 1.260395685330e-02, 8.2386e-01, 5.2109e-03, 
 2DIAGNOSTIC,    14, -9.358822318003e-01, 9.907642366318e-03, 8.3021e-01, 6.3488e-03, 
 2DIAGNOSTIC,    15, -9.370590751111e-01, 6.928231450512e-03, 8.3522e-01, 5.0080e-03, 
 2DIAGNOSTIC,    16, -9.370635632061e-01, 4.043020854730e-03, 8.4012e-01, 4.9019e-03, 
 2DIAGNOSTIC,    17, -9.381924753295e-01, 1.617912884053e-03, 8.4538e-01, 5.2640e-03, 
 2DIAGNOSTIC,    18, -9.385878469168e-01, 8.606198718569e-04, 8.4988e-01, 4.4961e-03, 
 2DIAGNOSTIC,    19, -9.381137961660e-01, 5.608266451743e-04, 8.5705e-01, 7.1750e-03, 
 2DIAGNOSTIC,    20, -9.377342930771e-01, 3.721312367335e-04, 8.6244e-01, 5.3918e-03, 
 2DIAGNOSTIC,    21, -9.378367751244e-01, 2.073699875455e-04, 8.6714e-01, 4.6949e-03, 
 2DIAGNOSTIC,    22, -9.377868310396e-01, 1.119747289180e-04, 8.7221e-01, 5.0731e-03, 
 2DIAGNOSTIC,    23, -9.378671757380e-01, 4.177110946481e-05, 8.7664e-01, 4.4241e-03, 
 2DIAGNOSTIC,    24, -9.376464343530e-01, 9.337638932516e-06, 8.8115e-01, 4.5171e-03, 
DIAGNOSTIC,Iteration,metricValue,convergenceValue,ITERATION_TIME_INDEX,SINCE_LAST
 2DIAGNOSTIC,     1, -7.495164991677e-01, 1.797693134862e+308, 1.6431e+00, 7.6192e-01, 
 2DIAGNOSTIC,     2, -7.500219683869e-01, 1.797693134862e+308, 1.6739e+00, 3.0778e-02, 
 2DIAGNOSTIC,     3, -7.504648759065e-01, 1.797693134862e+308, 1.7058e+00, 3.1938e-02, 
 2DIAGNOSTIC,     4, -7.512082387643e-01, 1.797693134862e+308, 1.7390e+00, 3.3175e-02, 
 2DIAGNOSTIC,     5, -7.521166719316e-01, 1.797693134862e+308, 1.7704e+00, 3.1415e-02, 
 2DIAGNOSTIC,     6, -7.540222289484e-01, 1.797693134862e+308, 1.8078e+00, 3.7405e-02, 
 2DIAGNOSTIC,     7, -7.544245038499e-01, 1.797693134862e+308, 1.8562e+00, 4.8438e-02, 
 2DIAGNOSTIC,     8, -7.543596307850e-01, 1.797693134862e+308, 1.9027e+00, 4.6433e-02, 
 2DIAGNOSTIC,     9, -7.543584814282e-01, 1.797693134862e+308, 1.9404e+00, 3.7715e-02, 
 2DIAGNOSTIC,    10, -7.543548640286e-01, 5.008989996071e-04, 1.9785e+00, 3.8097e-02, 
 2DIAGNOSTIC,    11, -7.543382872412e-01, 3.818787417710e-04, 2.0163e+00, 3.7814e-02, 
 2DIAGNOSTIC,    12, -7.543456349967e-01, 2.648255317884e-04, 2.0482e+00, 3.1900e-02, 
 2DIAGNOSTIC,    13, -7.543413898001e-01, 1.554603675797e-04, 2.0849e+00, 3.6729e-02, 
 2DIAGNOSTIC,    14, -7.543678095670e-01, 6.870301824649e-05, 2.1267e+00, 4.1817e-02, 
 2DIAGNOSTIC,    15, -7.543573058288e-01, 8.766327604409e-06, 2.1652e+00, 3.8449e-02, 
DIAGNOSTIC,Iteration,metricValue,convergenceValue,ITERATION_TIME_INDEX,SINCE_LAST
 2DIAGNOSTIC,     1, -6.413488710685e-01, 1.797693134862e+308, 3.3003e+00, 1.1351e+00, 
 2DIAGNOSTIC,     2, -6.417569330117e-01, 1.797693134862e+308, 3.5463e+00, 2.4601e-01, 
 2DIAGNOSTIC,     3, -6.422702650671e-01, 1.797693134862e+308, 3.7894e+00, 2.4305e-01, 
 2DIAGNOSTIC,     4, -6.428408842966e-01, 1.797693134862e+308, 4.0354e+00, 2.4605e-01, 
 2DIAGNOSTIC,     5, -6.438531329018e-01, 1.797693134862e+308, 4.2768e+00, 2.4138e-01, 
 2DIAGNOSTIC,     6, -6.442336546114e-01, 1.797693134862e+308, 4.5704e+00, 2.9361e-01, 
 2DIAGNOSTIC,     7, -6.442964096782e-01, 1.797693134862e+308, 4.8723e+00, 3.0183e-01, 
 2DIAGNOSTIC,     8, -6.443468620660e-01, 1.797693134862e+308, 5.1532e+00, 2.8094e-01, 
 2DIAGNOSTIC,     9, -6.444675057426e-01, 1.797693134862e+308, 5.3963e+00, 2.4306e-01, 
 2DIAGNOSTIC,    10, -6.448489488173e-01, 3.595737398219e-04, 5.7043e+00, 3.0800e-01, 
 2DIAGNOSTIC,    11, -6.448376763007e-01, 2.725444412869e-04, 6.0704e+00, 3.6612e-01, 
 2DIAGNOSTIC,    12, -6.448386114157e-01, 1.913959756253e-04, 6.4821e+00, 4.1168e-01, 
 2DIAGNOSTIC,    13, -6.448372880536e-01, 1.233248250003e-04, 6.7951e+00, 3.1300e-01, 
 2DIAGNOSTIC,    14, -6.448359164479e-01, 7.110682988773e-05, 7.0814e+00, 2.8633e-01, 
 2DIAGNOSTIC,    15, -6.448345295984e-01, 4.884898083718e-05, 7.3799e+00, 2.9850e-01, 
 2DIAGNOSTIC,    16, -6.448331423281e-01, 3.553802755782e-05, 7.6524e+00, 2.7255e-01, 
 2DIAGNOSTIC,    17, -6.448317411777e-01, 2.246221449716e-05, 7.9014e+00, 2.4901e-01, 
 2DIAGNOSTIC,    18, -6.448303567437e-01, 1.016613854780e-05, 8.1331e+00, 2.3169e-01, 
DIAGNOSTIC,Iteration,metricValue,convergenceValue,ITERATION_TIME_INDEX,SINCE_LAST
 2DIAGNOSTIC,     1, -5.760352996352e-01, 1.797693134862e+308, 1.0858e+01, 2.7250e+00, 
 2DIAGNOSTIC,     2, -5.765857256821e-01, 1.797693134862e+308, 1.2557e+01, 1.6993e+00, 
 2DIAGNOSTIC,     3, -5.771298665339e-01, 1.797693134862e+308, 1.4185e+01, 1.6275e+00, 
 2DIAGNOSTIC,     4, -5.777017359987e-01, 1.797693134862e+308, 1.5860e+01, 1.6750e+00, 
 2DIAGNOSTIC,     5, -5.786029551883e-01, 1.797693134862e+308, 1.7528e+01, 1.6685e+00, 
 2DIAGNOSTIC,     6, -5.799046792014e-01, 1.797693134862e+308, 2.1922e+01, 4.3938e+00, 
 2DIAGNOSTIC,     7, -5.799049284269e-01, 1.797693134862e+308, 2.3968e+01, 2.0459e+00, 
 2DIAGNOSTIC,     8, -5.799047864509e-01, 1.797693134862e+308, 2.5797e+01, 1.8284e+00, 
 2DIAGNOSTIC,     9, -5.799044371572e-01, 1.797693134862e+308, 2.7648e+01, 1.8511e+00, 
 2DIAGNOSTIC,    10, -5.799041314395e-01, 4.924584341051e-04, 2.9683e+01, 2.0353e+00, 
 2DIAGNOSTIC,    11, -5.799037377284e-01, 3.554382863747e-04, 3.1569e+01, 1.8857e+00, 
 2DIAGNOSTIC,    12, -5.799036247016e-01, 2.322584045749e-04, 3.3203e+01, 1.6348e+00, 
 2DIAGNOSTIC,    13, -5.799033870415e-01, 1.284697604152e-04, 3.4837e+01, 1.6339e+00, 
 2DIAGNOSTIC,    14, -5.799034946947e-01, 4.778902310153e-05, 3.6543e+01, 1.7052e+00, 
 2DIAGNOSTIC,    15, -5.799034722075e-01, 1.996769059140e-06, 3.8361e+01, 1.8182e+00, 
 2DIAGNOSTIC,    16, -5.799030524606e-01, 1.866712548690e-06, 4.0438e+01, 2.0775e+00, 
 2DIAGNOSTIC,    17, -5.799028506638e-01, 1.765153941582e-06, 4.2265e+01, 1.8266e+00, 
 2DIAGNOSTIC,    18, -5.799027642044e-01, 1.678812788904e-06, 4.4678e+01, 2.4133e+00, 
 2DIAGNOSTIC,    19, -5.799026233231e-01, 1.597174011811e-06, 4.6521e+01, 1.8430e+00, 
 2DIAGNOSTIC,    20, -5.799024866199e-01, 1.520381728355e-06, 4.8144e+01, 1.6225e+00, 
 2DIAGNOSTIC,    21, -5.799022088896e-01, 1.442180827711e-06, 4.9764e+01, 1.6202e+00, 
 2DIAGNOSTIC,    22, -5.799022488231e-01, 1.376779230441e-06, 5.1712e+01, 1.9476e+00, 
 2DIAGNOSTIC,    23, -5.799022746042e-01, 1.318858670642e-06, 5.3345e+01, 1.6332e+00, 
 2DIAGNOSTIC,    24, -5.799021675311e-01, 1.271738685173e-06, 5.5090e+01, 1.7448e+00, 
 2DIAGNOSTIC,    25, -5.799022194178e-01, 1.234444804259e-06, 5.6809e+01, 1.7196e+00, 
 2DIAGNOSTIC,    26, -5.799021144872e-01, 1.193900709552e-06, 5.8625e+01, 1.8161e+00, 
 2DIAGNOSTIC,    27, -5.799020095177e-01, 1.153688997758e-06, 6.0316e+01, 1.6906e+00, 
 2DIAGNOSTIC,    28, -5.799019240249e-01, 1.115746451799e-06, 6.1882e+01, 1.5657e+00, 
 2DIAGNOSTIC,    29, -5.799017327860e-01, 1.076850903364e-06, 6.3529e+01, 1.6478e+00, 
 2DIAGNOSTIC,    30, -5.799019186131e-01, 1.043519693177e-06, 6.5371e+01, 1.8419e+00, 
 2DIAGNOSTIC,    31, -5.799017807734e-01, 1.007282223561e-06, 6.7216e+01, 1.8453e+00, 
  Elapsed time (stage 0): 6.8231e+01


Total elapsed time: 6.8234e+01
Info [verificarlo]: loaded backend libinterflop_vprec.so
Info [interflop-vprec]: load backend with: 
Info [interflop-vprec]: precision-binary32 = 15
Info [interflop-vprec]: range-binary32 = 7
Info [interflop-vprec]: precision-binary64 = 15
Info [interflop-vprec]: range-binary64 = 7
Info [interflop-vprec]: mode = ob
Info [interflop-vprec]: error-mode = rel
Info [interflop-vprec]: max-abs-error-exponent = -1022
Info [interflop-vprec]: daz = false
Info [interflop-vprec]: ftz = false
Info [interflop-vprec]: 	instrument = none
Info [interflop-vprec]: 	prec-input-file = (null)
Info [interflop-vprec]: 	prec-output-file = (null)
Info [interflop-vprec]: 	prec-log-file = (null)
All_Command_lines_OK
Using double precision for computations.
=============================================================================
The composite transform comprises the following transforms (in order): 
  1. /home/mdugre/scratch/mri-registration-rp/datasets/ds004513/derivatives/mri-registration-rp/0001/antsRegistration-r7-p15/sub-s025/affine_Composite.h5[0] (type = Euler3DTransform)
  2. /home/mdugre/scratch/mri-registration-rp/datasets/ds004513/derivatives/mri-registration-rp/0001/antsRegistration-r7-p15/sub-s025/affine_Composite.h5[1] (type = Euler3DTransform)
