
##########################
# Experiment information #
##########################

EXPERIMENT_NAME: antsRegistration-r7-p23
VFC_BACKENDS: libinterflop_vprec.so --range-binary32=7 --precision-binary32=23 --range-binary64=7 --precision-binary64=23

SIF_IMG: /home/mdugre/projects/rrg-glatard/mdugre/containers/ants-vprec-no_metrics.simg

SUBJECT_ID: s020
INPUT_IMG: /home/mdugre/scratch/mri-registration-rp/datasets/ds004513/derivatives/mri-registration-rp/antsBrainExtraction/sub-s020/BrainExtractionBrain.nii.gz
OUTPUT_DIR: /home/mdugre/scratch/mri-registration-rp/datasets/ds004513/derivatives/mri-registration-rp/0001/antsRegistration-r7-p23/sub-s020

FIXED_IMG: /templateflow/tpl-MNI152NLin2009cAsym/tpl-MNI152NLin2009cAsym_res-01_desc-brain_T1w.nii.gz
DATA_DIR: /home/mdugre/scratch/mri-registration-rp/datasets/ds004513
TEMPLATEFLOW_DIR: /home/mdugre/projects/rrg-glatard/mdugre/templateflow
ITK_GLOBAL_DEFAULT_NUMBER_OF_THREADS: 16
##########################

Info [verificarlo]: loaded backend libinterflop_ieee.so
Info [interflop-ieee]: load backend with:
Info [interflop-ieee]: debug = false
Info [interflop-ieee]: debug-binary = false
Info [interflop-ieee]: no-backend-name = false
Info [interflop-ieee]: print-new-line = false
Info [interflop-ieee]: print-subnormal-normalized = false
Info [interflop-ieee]: count-op = false
All_Command_lines_OK
Using double precision for computations.
=============================================================================
The composite transform comprises the following transforms (in order): 
  1. Center of mass alignment using fixed image: /templateflow/tpl-MNI152NLin2009cAsym/tpl-MNI152NLin2009cAsym_res-01_desc-brain_T1w.nii.gz and moving image: /home/mdugre/scratch/mri-registration-rp/datasets/ds004513/derivatives/mri-registration-rp/antsBrainExtraction/sub-s020/BrainExtractionBrain.nii.gz (type = Euler3DTransform)
=============================================================================
  number of levels = 1
  fixed image: /templateflow/tpl-MNI152NLin2009cAsym/tpl-MNI152NLin2009cAsym_res-01_desc-brain_T1w.nii.gz
  moving image: /home/mdugre/scratch/mri-registration-rp/datasets/ds004513/derivatives/mri-registration-rp/antsBrainExtraction/sub-s020/BrainExtractionBrain.nii.gz
Dimension = 3
Number of stages = 1
Use histogram matching = false
Winsorize image intensities = true
  Lower quantile = 0.005
  Upper quantile = 0.995


Stage 1 State
   Image metric = MattesMI
     Fixed image = Image (0x4441e70)
  RTTI typeinfo:   itk::Image<double, 3u>
  Reference Count: 2
  Modified Time: 2334
  Debug: Off
  Object Name: 
  Observers: 
    none
  Source: (none)
  Source output name: (none)
  Release Data: Off
  Data Released: False
  Global Release Data: Off
  PipelineMTime: 0
  UpdateMTime: 1943
  RealTimeStamp: 0 seconds 
  LargestPossibleRegion: 
    Dimension: 3
    Index: [0, 0, 0]
    Size: [193, 229, 193]
  BufferedRegion: 
    Dimension: 3
    Index: [0, 0, 0]
    Size: [193, 229, 193]
  RequestedRegion: 
    Dimension: 3
    Index: [0, 0, 0]
    Size: [193, 229, 193]
  Spacing: [1, 1, 1]
  Origin: [96, 132, -78]
  Direction: 
-1 0 0
0 -1 0
0 0 1

  IndexToPointMatrix: 
-1 0 0
0 -1 0
0 0 1

  PointToIndexMatrix: 
-1 0 0
0 -1 0
0 0 1

  Inverse Direction: 
-1 0 0
0 -1 0
0 0 1

  PixelContainer: 
    ImportImageContainer (0x444ac60)
      RTTI typeinfo:   itk::ImportImageContainer<unsigned long, double>
      Reference Count: 1
      Modified Time: 1940
      Debug: Off
      Object Name: 
      Observers: 
        none
      Pointer: 0x14918cd0f010
      Container manages memory: true
      Size: 8530021
      Capacity: 8530021

     Moving image = Image (0x444d610)
  RTTI typeinfo:   itk::Image<double, 3u>
  Reference Count: 2
  Modified Time: 2335
  Debug: Off
  Object Name: 
  Observers: 
    none
  Source: (none)
  Source output name: (none)
  Release Data: Off
  Data Released: False
  Global Release Data: Off
  PipelineMTime: 0
  UpdateMTime: 2332
  RealTimeStamp: 0 seconds 
  LargestPossibleRegion: 
    Dimension: 3
    Index: [0, 0, 0]
    Size: [160, 240, 256]
  BufferedRegion: 
    Dimension: 3
    Index: [0, 0, 0]
    Size: [160, 240, 256]
  RequestedRegion: 
    Dimension: 3
    Index: [0, 0, 0]
    Size: [160, 240, 256]
  Spacing: [0.999995, 1, 1]
  Origin: [87.0906, 98.7205, -152.377]
  Direction: 
-0.996975 0.0261379 -0.0731913
-0.0260677 -0.999658 -0.00191374
-0.0732163 -2.46403e-08 0.997316

  IndexToPointMatrix: 
-0.996971 0.0261379 -0.0731913
-0.0260676 -0.999658 -0.00191374
-0.0732159 -2.46403e-08 0.997316

  PointToIndexMatrix: 
-0.99698 -0.0260679 -0.0732166
0.0261379 -0.999658 -2.46993e-08
-0.0731913 -0.00191374 0.997316

  Inverse Direction: 
-0.996975 -0.0260677 -0.0732163
0.0261379 -0.999658 -2.46993e-08
-0.0731913 -0.00191374 0.997316

  PixelContainer: 
    ImportImageContainer (0x44e6ef0)
      RTTI typeinfo:   itk::ImportImageContainer<unsigned long, double>
      Reference Count: 1
      Modified Time: 2329
      Debug: Off
      Object Name: 
      Observers: 
        none
      Pointer: 0x14918820e010
      Container manages memory: true
      Size: 9830400
      Capacity: 9830400

     Weighting = 1
     Sampling strategy = regular
     Number of bins = 32
     Radius = 4
     Sampling percentage  = 0.25
   Transform = Rigid
     Gradient step = 0.1
     Update field sigma (voxel space) = 0
     Total field sigma (voxel space) = 0
     Update field time sigma = 0
     Total field time sigma  = 0
     Number of time indices = 0
     Number of time point samples = 0
Registration using 1 total stages.

Stage 0
  iterations = 0
  convergence threshold = 1e-06
  convergence window size = 10
  number of levels = 1
  using the Mattes MI metric (number of bins = 32, weight = 1, use gradient filter = 0)
  preprocessing:  winsorizing the image intensities
  Shrink factors (level 1 out of 1): [1, 1, 1]
  smoothing sigmas per level: [0]
  regular sampling (percentage = 0.25)

*** Running Euler3DTransform registration ***

  Elapsed time (stage 0): 1.09425


Total elapsed time: 1.09636
Info [verificarlo]: loaded backend libinterflop_ieee.so
Info [interflop-ieee]: load backend with:
Info [interflop-ieee]: debug = false
Info [interflop-ieee]: debug-binary = false
Info [interflop-ieee]: no-backend-name = false
Info [interflop-ieee]: print-new-line = false
Info [interflop-ieee]: print-subnormal-normalized = false
Info [interflop-ieee]: count-op = false
All_Command_lines_OK
Using double precision for computations.
=============================================================================
The composite transform comprises the following transforms (in order): 
  1. /home/mdugre/scratch/mri-registration-rp/datasets/ds004513/derivatives/mri-registration-rp/0001/antsRegistration-r7-p23/sub-s020/align_Composite.h5[0] (type = Euler3DTransform)
  2. /home/mdugre/scratch/mri-registration-rp/datasets/ds004513/derivatives/mri-registration-rp/0001/antsRegistration-r7-p23/sub-s020/align_Composite.h5[1] (type = Euler3DTransform)
=============================================================================
  number of levels = 4
  fixed image: /templateflow/tpl-MNI152NLin2009cAsym/tpl-MNI152NLin2009cAsym_res-01_desc-brain_T1w.nii.gz
  moving image: /home/mdugre/scratch/mri-registration-rp/datasets/ds004513/derivatives/mri-registration-rp/antsBrainExtraction/sub-s020/BrainExtractionBrain.nii.gz
Dimension = 3
Number of stages = 1
Use histogram matching = false
Winsorize image intensities = true
  Lower quantile = 0.005
  Upper quantile = 0.995


Stage 1 State
   Image metric = MattesMI
     Fixed image = Image (0x4724530)
  RTTI typeinfo:   itk::Image<double, 3u>
  Reference Count: 2
  Modified Time: 1580
  Debug: Off
  Object Name: 
  Observers: 
    none
  Source: (none)
  Source output name: (none)
  Release Data: Off
  Data Released: False
  Global Release Data: Off
  PipelineMTime: 0
  UpdateMTime: 1189
  RealTimeStamp: 0 seconds 
  LargestPossibleRegion: 
    Dimension: 3
    Index: [0, 0, 0]
    Size: [193, 229, 193]
  BufferedRegion: 
    Dimension: 3
    Index: [0, 0, 0]
    Size: [193, 229, 193]
  RequestedRegion: 
    Dimension: 3
    Index: [0, 0, 0]
    Size: [193, 229, 193]
  Spacing: [1, 1, 1]
  Origin: [96, 132, -78]
  Direction: 
-1 0 0
0 -1 0
0 0 1

  IndexToPointMatrix: 
-1 0 0
0 -1 0
0 0 1

  PointToIndexMatrix: 
-1 0 0
0 -1 0
0 0 1

  Inverse Direction: 
-1 0 0
0 -1 0
0 0 1

  PixelContainer: 
    ImportImageContainer (0x47e2d60)
      RTTI typeinfo:   itk::ImportImageContainer<unsigned long, double>
      Reference Count: 1
      Modified Time: 1186
      Debug: Off
      Object Name: 
      Observers: 
        none
      Pointer: 0x151066ef6010
      Container manages memory: true
      Size: 8530021
      Capacity: 8530021

     Moving image = Image (0x47d4f60)
  RTTI typeinfo:   itk::Image<double, 3u>
  Reference Count: 2
  Modified Time: 1581
  Debug: Off
  Object Name: 
  Observers: 
    none
  Source: (none)
  Source output name: (none)
  Release Data: Off
  Data Released: False
  Global Release Data: Off
  PipelineMTime: 0
  UpdateMTime: 1578
  RealTimeStamp: 0 seconds 
  LargestPossibleRegion: 
    Dimension: 3
    Index: [0, 0, 0]
    Size: [160, 240, 256]
  BufferedRegion: 
    Dimension: 3
    Index: [0, 0, 0]
    Size: [160, 240, 256]
  RequestedRegion: 
    Dimension: 3
    Index: [0, 0, 0]
    Size: [160, 240, 256]
  Spacing: [0.999995, 1, 1]
  Origin: [87.0906, 98.7205, -152.377]
  Direction: 
-0.996975 0.0261379 -0.0731913
-0.0260677 -0.999658 -0.00191374
-0.0732163 -2.46403e-08 0.997316

  IndexToPointMatrix: 
-0.996971 0.0261379 -0.0731913
-0.0260676 -0.999658 -0.00191374
-0.0732159 -2.46403e-08 0.997316

  PointToIndexMatrix: 
-0.99698 -0.0260679 -0.0732166
0.0261379 -0.999658 -2.46993e-08
-0.0731913 -0.00191374 0.997316

  Inverse Direction: 
-0.996975 -0.0260677 -0.0732163
0.0261379 -0.999658 -2.46993e-08
-0.0731913 -0.00191374 0.997316

  PixelContainer: 
    ImportImageContainer (0x47c66d0)
      RTTI typeinfo:   itk::ImportImageContainer<unsigned long, double>
      Reference Count: 1
      Modified Time: 1575
      Debug: Off
      Object Name: 
      Observers: 
        none
      Pointer: 0x1510623f5010
      Container manages memory: true
      Size: 9830400
      Capacity: 9830400

     Weighting = 1
     Sampling strategy = regular
     Number of bins = 32
     Radius = 4
     Sampling percentage  = 0.25
   Transform = Rigid
     Gradient step = 0.1
     Update field sigma (voxel space) = 0
     Total field sigma (voxel space) = 0
     Update field time sigma = 0
     Total field time sigma  = 0
     Number of time indices = 0
     Number of time point samples = 0
Registration using 1 total stages.

Stage 0
  iterations = 1000x500x250x100
  convergence threshold = 1e-06
  convergence window size = 10
  number of levels = 4
  using the Mattes MI metric (number of bins = 32, weight = 1, use gradient filter = 0)
  preprocessing:  winsorizing the image intensities
  Shrink factors (level 1 out of 4): [8, 8, 8]
  Shrink factors (level 2 out of 4): [4, 4, 4]
  Shrink factors (level 3 out of 4): [2, 2, 2]
  Shrink factors (level 4 out of 4): [1, 1, 1]
  smoothing sigmas per level: [3, 2, 1, 0]
  regular sampling (percentage = 0.25)

*** Running Euler3DTransform registration ***

DIAGNOSTIC,Iteration,metricValue,convergenceValue,ITERATION_TIME_INDEX,SINCE_LAST
 2DIAGNOSTIC,     1, -3.791273390751e-01, 1.797693134862e+308, 7.0343e-01, 7.0343e-01, 
 2DIAGNOSTIC,     2, -3.803606001643e-01, 1.797693134862e+308, 7.0734e-01, 3.9051e-03, 
 2DIAGNOSTIC,     3, -3.828962034719e-01, 1.797693134862e+308, 7.1111e-01, 3.7780e-03, 
 2DIAGNOSTIC,     4, -3.876122532015e-01, 1.797693134862e+308, 7.1497e-01, 3.8509e-03, 
 2DIAGNOSTIC,     5, -3.904935334081e-01, 1.797693134862e+308, 7.1926e-01, 4.2908e-03, 
 2DIAGNOSTIC,     6, -3.911039700181e-01, 1.797693134862e+308, 7.2319e-01, 3.9320e-03, 
 2DIAGNOSTIC,     7, -3.914905453856e-01, 1.797693134862e+308, 7.2693e-01, 3.7429e-03, 
 2DIAGNOSTIC,     8, -3.925629083064e-01, 1.797693134862e+308, 7.3080e-01, 3.8681e-03, 
 2DIAGNOSTIC,     9, -3.981570789235e-01, 1.797693134862e+308, 7.3477e-01, 3.9670e-03, 
 2DIAGNOSTIC,    10, -4.079218556696e-01, 3.866687266231e-03, 7.4011e-01, 5.3411e-03, 
 2DIAGNOSTIC,    11, -4.246779602407e-01, 4.904320352957e-03, 7.4478e-01, 4.6761e-03, 
 2DIAGNOSTIC,    12, -4.297045200929e-01, 5.673254149498e-03, 7.4898e-01, 4.2000e-03, 
 2DIAGNOSTIC,    13, -4.335692915517e-01, 6.156954111690e-03, 7.5375e-01, 4.7710e-03, 
 2DIAGNOSTIC,    14, -4.439932007373e-01, 6.764094567472e-03, 7.5802e-01, 4.2689e-03, 
 2DIAGNOSTIC,    15, -4.466217674645e-01, 6.904768051629e-03, 7.6282e-01, 4.7941e-03, 
 2DIAGNOSTIC,    16, -4.513528166462e-01, 6.619270361749e-03, 7.6699e-01, 4.1761e-03, 
 2DIAGNOSTIC,    17, -4.528510993577e-01, 5.844785610476e-03, 7.7171e-01, 4.7209e-03, 
 2DIAGNOSTIC,    18, -4.555717392128e-01, 4.777374780147e-03, 7.7791e-01, 6.1941e-03, 
 2DIAGNOSTIC,    19, -4.559551098530e-01, 3.601534528132e-03, 7.8202e-01, 4.1099e-03, 
 2DIAGNOSTIC,    20, -4.573566825067e-01, 2.586717706161e-03, 7.8826e-01, 6.2449e-03, 
 2DIAGNOSTIC,    21, -4.575250398878e-01, 1.982980326569e-03, 7.9236e-01, 4.0991e-03, 
 2DIAGNOSTIC,    22, -4.577284391867e-01, 1.415650018753e-03, 7.9691e-01, 4.5509e-03, 
 2DIAGNOSTIC,    23, -4.579446186478e-01, 8.825908276589e-04, 8.0102e-01, 4.1099e-03, 
 2DIAGNOSTIC,    24, -4.580221678290e-01, 6.077397331464e-04, 8.0505e-01, 4.0250e-03, 
 2DIAGNOSTIC,    25, -4.581755416726e-01, 3.715341373483e-04, 8.0909e-01, 4.0388e-03, 
 2DIAGNOSTIC,    26, -4.586245815898e-01, 2.523994433489e-04, 8.1313e-01, 4.0431e-03, 
 2DIAGNOSTIC,    27, -4.589285212995e-01, 1.618343677795e-04, 8.1908e-01, 5.9481e-03, 
 2DIAGNOSTIC,    28, -4.591712669694e-01, 1.332235105076e-04, 8.2311e-01, 4.0271e-03, 
 2DIAGNOSTIC,    29, -4.592802318144e-01, 1.047298655135e-04, 8.2717e-01, 4.0600e-03, 
 2DIAGNOSTIC,    30, -4.596801514181e-01, 1.080882004627e-04, 8.3304e-01, 5.8720e-03, 
 2DIAGNOSTIC,    31, -4.599401681587e-01, 1.098278237055e-04, 8.3711e-01, 4.0689e-03, 
 2DIAGNOSTIC,    32, -4.599351813334e-01, 1.050055455463e-04, 8.4122e-01, 4.1149e-03, 
 2DIAGNOSTIC,    33, -4.600737706552e-01, 9.791291841103e-05, 8.4522e-01, 4.0028e-03, 
 2DIAGNOSTIC,    34, -4.601771414059e-01, 8.559529748691e-05, 8.4972e-01, 4.4949e-03, 
 2DIAGNOSTIC,    35, -4.602316655994e-01, 6.959774831564e-05, 8.5516e-01, 5.4400e-03, 
 2DIAGNOSTIC,    36, -4.602529233660e-01, 5.639153087778e-05, 8.5917e-01, 4.0071e-03, 
 2DIAGNOSTIC,    37, -4.604056979291e-01, 4.672048084211e-05, 8.6319e-01, 4.0290e-03, 
 2DIAGNOSTIC,    38, -4.610445980019e-01, 4.830252508523e-05, 8.6777e-01, 4.5800e-03, 
 2DIAGNOSTIC,    39, -4.612223299069e-01, 4.960668274144e-05, 8.7178e-01, 4.0081e-03, 
 2DIAGNOSTIC,    40, -4.612075203669e-01, 5.241344636404e-05, 8.7684e-01, 5.0590e-03, 
 2DIAGNOSTIC,    41, -4.615218297800e-01, 5.946767806179e-05, 8.8085e-01, 4.0040e-03, 
 2DIAGNOSTIC,    42, -4.616715929272e-01, 6.260046854405e-05, 8.8536e-01, 4.5149e-03, 
 2DIAGNOSTIC,    43, -4.620563712610e-01, 6.731838226707e-05, 8.9002e-01, 4.6639e-03, 
 2DIAGNOSTIC,    44, -4.631143843556e-01, 8.235465311056e-05, 8.9495e-01, 4.9229e-03, 
 2DIAGNOSTIC,    45, -4.648442564005e-01, 1.142384361667e-04, 8.9899e-01, 4.0450e-03, 
 2DIAGNOSTIC,    46, -4.649524863205e-01, 1.352059085222e-04, 9.0311e-01, 4.1211e-03, 
 2DIAGNOSTIC,    47, -4.651760837580e-01, 1.477031941349e-04, 9.0724e-01, 4.1311e-03, 
 2DIAGNOSTIC,    48, -4.675243527396e-01, 1.856769976639e-04, 9.1279e-01, 5.5420e-03, 
 2DIAGNOSTIC,    49, -4.680285992582e-01, 2.121589220191e-04, 9.1683e-01, 4.0472e-03, 
 2DIAGNOSTIC,    50, -4.682389025158e-01, 2.195587030239e-04, 9.2135e-01, 4.5209e-03, 
 2DIAGNOSTIC,    51, -4.687459202636e-01, 2.165680726161e-04, 9.2631e-01, 4.9548e-03, 
 2DIAGNOSTIC,    52, -4.691129380938e-01, 1.995163851486e-04, 9.3039e-01, 4.0760e-03, 
 2DIAGNOSTIC,    53, -4.700288112529e-01, 1.791202162851e-04, 9.3446e-01, 4.0698e-03, 
 2DIAGNOSTIC,    54, -4.710150250907e-01, 1.656341600746e-04, 9.4002e-01, 5.5668e-03, 
 2DIAGNOSTIC,    55, -4.713764781325e-01, 1.612771149870e-04, 9.4461e-01, 4.5869e-03, 
 2DIAGNOSTIC,    56, -4.723414800108e-01, 1.542612247199e-04, 9.4867e-01, 4.0641e-03, 
 2DIAGNOSTIC,    57, -4.729904245441e-01, 1.416265006357e-04, 9.5274e-01, 4.0641e-03, 
 2DIAGNOSTIC,    58, -4.737161722502e-01, 1.492832127728e-04, 9.5681e-01, 4.0751e-03, 
 2DIAGNOSTIC,    59, -4.747442588119e-01, 1.587145125531e-04, 9.6145e-01, 4.6411e-03, 
 2DIAGNOSTIC,    60, -4.765345027370e-01, 1.735368265597e-04, 9.6657e-01, 5.1200e-03, 
 2DIAGNOSTIC,    61, -4.766930109242e-01, 1.778074096775e-04, 9.7078e-01, 4.2062e-03, 
 2DIAGNOSTIC,    62, -4.777353844763e-01, 1.793403176698e-04, 9.7538e-01, 4.5969e-03, 
 2DIAGNOSTIC,    63, -4.787747383614e-01, 1.829711119884e-04, 9.7949e-01, 4.1182e-03, 
 2DIAGNOSTIC,    64, -4.809042868846e-01, 1.993493182047e-04, 9.8413e-01, 4.6310e-03, 
 2DIAGNOSTIC,    65, -4.839986572760e-01, 2.288327998004e-04, 9.8871e-01, 4.5850e-03, 
 2DIAGNOSTIC,    66, -4.842215227186e-01, 2.462195442530e-04, 9.9277e-01, 4.0569e-03, 
 2DIAGNOSTIC,    67, -4.846909995769e-01, 2.504989273167e-04, 9.9700e-01, 4.2319e-03, 
 2DIAGNOSTIC,    68, -4.880468936239e-01, 2.683004341968e-04, 1.0021e+00, 5.1210e-03, 
 2DIAGNOSTIC,    69, -4.905411746098e-01, 2.902159474511e-04, 1.0076e+00, 5.5010e-03, 
 2DIAGNOSTIC,    70, -4.907539548497e-01, 3.009518974817e-04, 1.0122e+00, 4.5938e-03, 
 2DIAGNOSTIC,    71, -4.909719800535e-01, 2.864314084095e-04, 1.0162e+00, 4.0069e-03, 
 2DIAGNOSTIC,    72, -4.910044109371e-01, 2.546669008084e-04, 1.0203e+00, 4.0379e-03, 
 2DIAGNOSTIC,    73, -4.911489819845e-01, 2.087655091535e-04, 1.0243e+00, 4.0002e-03, 
 2DIAGNOSTIC,    74, -4.915730514477e-01, 1.645202199928e-04, 1.0285e+00, 4.2078e-03, 
 2DIAGNOSTIC,    75, -4.932239738237e-01, 1.454055168956e-04, 1.0337e+00, 5.2299e-03, 
 2DIAGNOSTIC,    76, -4.941792627707e-01, 1.226952998840e-04, 1.0384e+00, 4.6859e-03, 
 2DIAGNOSTIC,    77, -4.947756221090e-01, 9.691300678278e-05, 1.0431e+00, 4.7269e-03, 
 2DIAGNOSTIC,    78, -4.959849865701e-01, 9.850867746540e-05, 1.0494e+00, 6.3388e-03, 
 2DIAGNOSTIC,    79, -4.966183430355e-01, 1.149370297454e-04, 1.0536e+00, 4.1950e-03, 
 2DIAGNOSTIC,    80, -4.972223387721e-01, 1.259628286409e-04, 1.0578e+00, 4.1649e-03, 
 2DIAGNOSTIC,    81, -4.977977386930e-01, 1.305899379667e-04, 1.0619e+00, 4.1249e-03, 
 2DIAGNOSTIC,    82, -4.981030949507e-01, 1.251593825060e-04, 1.0666e+00, 4.6351e-03, 
 2DIAGNOSTIC,    83, -4.981627800896e-01, 1.093959284043e-04, 1.0713e+00, 4.6821e-03, 
 2DIAGNOSTIC,    84, -4.982740967908e-01, 8.721279750922e-05, 1.0761e+00, 4.8161e-03, 
 2DIAGNOSTIC,    85, -4.983847977141e-01, 6.989950527603e-05, 1.0812e+00, 5.1012e-03, 
 2DIAGNOSTIC,    86, -4.984179675726e-01, 5.334586935971e-05, 1.0858e+00, 4.6420e-03, 
 2DIAGNOSTIC,    87, -4.984277079280e-01, 3.621699099255e-05, 1.0904e+00, 4.5550e-03, 
 2DIAGNOSTIC,    88, -4.984287081829e-01, 2.449027175092e-05, 1.0944e+00, 4.0522e-03, 
 2DIAGNOSTIC,    89, -4.984330823137e-01, 1.507097017618e-05, 1.0984e+00, 4.0269e-03, 
 2DIAGNOSTIC,    90, -4.984396623701e-01, 8.525539523692e-06, 1.1026e+00, 4.1561e-03, 
 2DIAGNOSTIC,    91, -4.984495814966e-01, 5.243296841290e-06, 1.1067e+00, 4.1029e-03, 
 2DIAGNOSTIC,    92, -4.984821374727e-01, 3.824997734008e-06, 1.1113e+00, 4.5919e-03, 
 2DIAGNOSTIC,    93, -4.983916698759e-01, 1.889136709657e-06, 1.1179e+00, 6.5651e-03, 
DIAGNOSTIC,Iteration,metricValue,convergenceValue,ITERATION_TIME_INDEX,SINCE_LAST
 2DIAGNOSTIC,     1, -4.031320128724e-01, 1.797693134862e+308, 1.8068e+00, 6.8890e-01, 
 2DIAGNOSTIC,     2, -4.035516782373e-01, 1.797693134862e+308, 1.8353e+00, 2.8492e-02, 
 2DIAGNOSTIC,     3, -4.040401116300e-01, 1.797693134862e+308, 1.8633e+00, 2.7996e-02, 
 2DIAGNOSTIC,     4, -4.046069183749e-01, 1.797693134862e+308, 1.8906e+00, 2.7369e-02, 
 2DIAGNOSTIC,     5, -4.049683151411e-01, 1.797693134862e+308, 1.9179e+00, 2.7247e-02, 
 2DIAGNOSTIC,     6, -4.055461632869e-01, 1.797693134862e+308, 1.9454e+00, 2.7512e-02, 
 2DIAGNOSTIC,     7, -4.069147640339e-01, 1.797693134862e+308, 1.9836e+00, 3.8262e-02, 
 2DIAGNOSTIC,     8, -4.070239674649e-01, 1.797693134862e+308, 2.0114e+00, 2.7740e-02, 
 2DIAGNOSTIC,     9, -4.077819921914e-01, 1.797693134862e+308, 2.0389e+00, 2.7509e-02, 
 2DIAGNOSTIC,    10, -4.085418832953e-01, 8.701705907823e-04, 2.0663e+00, 2.7411e-02, 
 2DIAGNOSTIC,    11, -4.094695003027e-01, 8.471810827773e-04, 2.1039e+00, 3.7632e-02, 
 2DIAGNOSTIC,    12, -4.096806798120e-01, 7.872868862527e-04, 2.1315e+00, 2.7606e-02, 
 2DIAGNOSTIC,    13, -4.100503625896e-01, 7.122565726088e-04, 2.1602e+00, 2.8671e-02, 
 2DIAGNOSTIC,    14, -4.131189137485e-01, 7.650907398192e-04, 2.1994e+00, 3.9142e-02, 
 2DIAGNOSTIC,    15, -4.135491403649e-01, 7.734458299841e-04, 2.2341e+00, 3.4746e-02, 
 2DIAGNOSTIC,    16, -4.145807984738e-01, 7.794349862423e-04, 2.2620e+00, 2.7948e-02, 
 2DIAGNOSTIC,    17, -4.157912708835e-01, 8.201240405260e-04, 2.2901e+00, 2.8077e-02, 
 2DIAGNOSTIC,    18, -4.160779983293e-01, 7.947581052550e-04, 2.3180e+00, 2.7840e-02, 
 2DIAGNOSTIC,    19, -4.166035470729e-01, 7.441508355816e-04, 2.3526e+00, 3.4686e-02, 
 2DIAGNOSTIC,    20, -4.170798270257e-01, 6.714815137560e-04, 2.3831e+00, 3.0438e-02, 
 2DIAGNOSTIC,    21, -4.173158942929e-01, 5.826392097157e-04, 2.4143e+00, 3.1233e-02, 
 2DIAGNOSTIC,    22, -4.174183466122e-01, 4.581594013993e-04, 2.4456e+00, 3.1327e-02, 
 2DIAGNOSTIC,    23, -4.174444302177e-01, 3.117983790381e-04, 2.4830e+00, 3.7312e-02, 
 2DIAGNOSTIC,    24, -4.174554421789e-01, 2.378621820469e-04, 2.5204e+00, 3.7464e-02, 
 2DIAGNOSTIC,    25, -4.174602552805e-01, 1.592240185802e-04, 2.5547e+00, 3.4252e-02, 
 2DIAGNOSTIC,    26, -4.174505338195e-01, 9.827633021139e-05, 2.5855e+00, 3.0872e-02, 
 2DIAGNOSTIC,    27, -4.174474491850e-01, 6.374171209513e-05, 2.6161e+00, 3.0576e-02, 
 2DIAGNOSTIC,    28, -4.174429771308e-01, 3.261226130868e-05, 2.6430e+00, 2.6901e-02, 
 2DIAGNOSTIC,    29, -4.174399138007e-01, 1.288926646140e-05, 2.6701e+00, 2.7096e-02, 
 2DIAGNOSTIC,    30, -4.174383824213e-01, 4.175721545839e-06, 2.7005e+00, 3.0370e-02, 
 2DIAGNOSTIC,    31, -4.174557325391e-01, 1.319367215952e-06, 2.7273e+00, 2.6837e-02, 
DIAGNOSTIC,Iteration,metricValue,convergenceValue,ITERATION_TIME_INDEX,SINCE_LAST
 2DIAGNOSTIC,     1, -3.576759384834e-01, 1.797693134862e+308, 3.7440e+00, 1.0167e+00, 
 2DIAGNOSTIC,     2, -3.577946222717e-01, 1.797693134862e+308, 3.9553e+00, 2.1126e-01, 
 2DIAGNOSTIC,     3, -3.579670247804e-01, 1.797693134862e+308, 4.1771e+00, 2.2179e-01, 
 2DIAGNOSTIC,     4, -3.581938708895e-01, 1.797693134862e+308, 4.3766e+00, 1.9952e-01, 
 2DIAGNOSTIC,     5, -3.584412626226e-01, 1.797693134862e+308, 4.5790e+00, 2.0237e-01, 
 2DIAGNOSTIC,     6, -3.586307058642e-01, 1.797693134862e+308, 4.8210e+00, 2.4207e-01, 
 2DIAGNOSTIC,     7, -3.587976603102e-01, 1.797693134862e+308, 5.0307e+00, 2.0969e-01, 
 2DIAGNOSTIC,     8, -3.589551601006e-01, 1.797693134862e+308, 5.2586e+00, 2.2788e-01, 
 2DIAGNOSTIC,     9, -3.591306415225e-01, 1.797693134862e+308, 5.5637e+00, 3.0509e-01, 
 2DIAGNOSTIC,    10, -3.591612232430e-01, 2.933098426325e-04, 5.7943e+00, 2.3062e-01, 
 2DIAGNOSTIC,    11, -3.591700202424e-01, 2.438631964062e-04, 5.9913e+00, 1.9702e-01, 
 2DIAGNOSTIC,    12, -3.591765114160e-01, 1.893803815889e-04, 6.1914e+00, 2.0005e-01, 
 2DIAGNOSTIC,    13, -3.592340779245e-01, 1.402102567162e-04, 6.4139e+00, 2.2250e-01, 
 2DIAGNOSTIC,    14, -3.592937789411e-01, 1.013745393750e-04, 6.6472e+00, 2.3333e-01, 
 2DIAGNOSTIC,    15, -3.593137330467e-01, 7.264260081319e-05, 6.9401e+00, 2.9291e-01, 
 2DIAGNOSTIC,    16, -3.595742182616e-01, 6.335319725401e-05, 7.1985e+00, 2.5844e-01, 
 2DIAGNOSTIC,    17, -3.597343089692e-01, 6.435015807629e-05, 7.5016e+00, 3.0309e-01, 
 2DIAGNOSTIC,    18, -3.597517830354e-01, 6.686156280184e-05, 7.6956e+00, 1.9396e-01, 
 2DIAGNOSTIC,    19, -3.598258851623e-01, 7.363201350729e-05, 7.9106e+00, 2.1503e-01, 
 2DIAGNOSTIC,    20, -3.598581370191e-01, 7.552222398621e-05, 8.1927e+00, 2.8210e-01, 
 2DIAGNOSTIC,    21, -3.598571192626e-01, 7.051341668627e-05, 8.4237e+00, 2.3102e-01, 
 2DIAGNOSTIC,    22, -3.598592791644e-01, 5.973279039625e-05, 8.6710e+00, 2.4722e-01, 
 2DIAGNOSTIC,    23, -3.598587646245e-01, 4.647282427484e-05, 8.8994e+00, 2.2841e-01, 
 2DIAGNOSTIC,    24, -3.598564771049e-01, 3.211145823650e-05, 9.1217e+00, 2.2228e-01, 
 2DIAGNOSTIC,    25, -3.598556534992e-01, 1.642709181491e-05, 9.3882e+00, 2.6658e-01, 
 2DIAGNOSTIC,    26, -3.598540147486e-01, 8.303664431816e-06, 9.6355e+00, 2.4724e-01, 
 2DIAGNOSTIC,    27, -3.598525210110e-01, 4.789952406721e-06, 9.9118e+00, 2.7635e-01, 
 2DIAGNOSTIC,    28, -3.598521756514e-01, 1.622182283618e-06, 1.0138e+01, 2.2634e-01, 
DIAGNOSTIC,Iteration,metricValue,convergenceValue,ITERATION_TIME_INDEX,SINCE_LAST
 2DIAGNOSTIC,     1, -3.310162469983e-01, 1.797693134862e+308, 1.2637e+01, 2.4990e+00, 
 2DIAGNOSTIC,     2, -3.310642235524e-01, 1.797693134862e+308, 1.4228e+01, 1.5907e+00, 
 2DIAGNOSTIC,     3, -3.311784300627e-01, 1.797693134862e+308, 1.6069e+01, 1.8415e+00, 
 2DIAGNOSTIC,     4, -3.311803215818e-01, 1.797693134862e+308, 1.7596e+01, 1.5268e+00, 
 2DIAGNOSTIC,     5, -3.311803587090e-01, 1.797693134862e+308, 1.9088e+01, 1.4923e+00, 
 2DIAGNOSTIC,     6, -3.311809700648e-01, 1.797693134862e+308, 2.0406e+01, 1.3173e+00, 
 2DIAGNOSTIC,     7, -3.311841601298e-01, 1.797693134862e+308, 2.1706e+01, 1.3002e+00, 
 2DIAGNOSTIC,     8, -3.312125392669e-01, 1.797693134862e+308, 2.3269e+01, 1.5631e+00, 
 2DIAGNOSTIC,     9, -3.312542292079e-01, 1.797693134862e+308, 2.4737e+01, 1.4684e+00, 
 2DIAGNOSTIC,    10, -3.313528978498e-01, 4.853264881217e-05, 2.6124e+01, 1.3869e+00, 
 2DIAGNOSTIC,    11, -3.314344374900e-01, 4.892279613192e-05, 2.7601e+01, 1.4768e+00, 
 2DIAGNOSTIC,    12, -3.314219383667e-01, 4.738055082563e-05, 3.0451e+01, 2.8501e+00, 
 2DIAGNOSTIC,    13, -3.314234144159e-01, 4.982150304182e-05, 3.1787e+01, 1.3357e+00, 
 2DIAGNOSTIC,    14, -3.314248842519e-01, 4.781767485715e-05, 3.3402e+01, 1.6148e+00, 
 2DIAGNOSTIC,    15, -3.314269915331e-01, 4.193891484604e-05, 3.4940e+01, 1.5385e+00, 
 2DIAGNOSTIC,    16, -3.314285746941e-01, 3.321961520843e-05, 3.6294e+01, 1.3540e+00, 
 2DIAGNOSTIC,    17, -3.314366158554e-01, 2.327885450160e-05, 3.7725e+01, 1.4305e+00, 
 2DIAGNOSTIC,    18, -3.314503866025e-01, 1.452987483462e-05, 3.9038e+01, 1.3132e+00, 
 2DIAGNOSTIC,    19, -3.314596471221e-01, 7.713551997836e-06, 4.0404e+01, 1.3656e+00, 
 2DIAGNOSTIC,    20, -3.314679550614e-01, 5.500102213542e-06, 4.1914e+01, 1.5101e+00, 
 2DIAGNOSTIC,    21, -3.314691681443e-01, 6.531471240440e-06, 4.3323e+01, 1.4096e+00, 
 2DIAGNOSTIC,    22, -3.314709293556e-01, 6.583289330689e-06, 4.4669e+01, 1.3462e+00, 
 2DIAGNOSTIC,    23, -3.314851708289e-01, 6.729117625656e-06, 4.6043e+01, 1.3735e+00, 
 2DIAGNOSTIC,    24, -3.315796314192e-01, 9.771609387095e-06, 4.8129e+01, 2.0856e+00, 
 2DIAGNOSTIC,    25, -3.315806318850e-01, 1.180163422319e-05, 4.9815e+01, 1.6860e+00, 
 2DIAGNOSTIC,    26, -3.315791497531e-01, 1.273369723272e-05, 5.2225e+01, 2.4103e+00, 
 2DIAGNOSTIC,    27, -3.315792814764e-01, 1.281536575830e-05, 5.4183e+01, 1.9580e+00, 
 2DIAGNOSTIC,    28, -3.315792220874e-01, 1.219055569376e-05, 5.5712e+01, 1.5295e+00, 
 2DIAGNOSTIC,    29, -3.315792935692e-01, 1.078573744048e-05, 5.7270e+01, 1.5574e+00, 
 2DIAGNOSTIC,    30, -3.315792042831e-01, 8.789292590072e-06, 5.8753e+01, 1.4827e+00, 
 2DIAGNOSTIC,    31, -3.315791011915e-01, 6.267498600075e-06, 6.0326e+01, 1.5732e+00, 
 2DIAGNOSTIC,    32, -3.315789273700e-01, 3.469536443035e-06, 6.1711e+01, 1.3851e+00, 
  Elapsed time (stage 0): 6.2539e+01


Total elapsed time: 6.2541e+01
Info [verificarlo]: loaded backend libinterflop_ieee.so
Info [interflop-ieee]: load backend with:
Info [interflop-ieee]: debug = false
Info [interflop-ieee]: debug-binary = false
Info [interflop-ieee]: no-backend-name = false
Info [interflop-ieee]: print-new-line = false
Info [interflop-ieee]: print-subnormal-normalized = false
Info [interflop-ieee]: count-op = false
All_Command_lines_OK
Using double precision for computations.
=============================================================================
The composite transform comprises the following transforms (in order): 
  1. /home/mdugre/scratch/mri-registration-rp/datasets/ds004513/derivatives/mri-registration-rp/0001/antsRegistration-r7-p23/sub-s020/rigid_Composite.h5[0] (type = Euler3DTransform)
  2. /home/mdugre/scratch/mri-registration-rp/datasets/ds004513/derivatives/mri-registration-rp/0001/antsRegistration-r7-p23/sub-s020/rigid_Composite.h5[1] (type = Euler3DTransform)
  3. /home/mdugre/scratch/mri-registration-rp/datasets/ds004513/derivatives/mri-registration-rp/0001/antsRegistration-r7-p23/sub-s020/rigid_Composite.h5[2] (type = Euler3DTransform)
=============================================================================
  number of levels = 4
  fixed image: /templateflow/tpl-MNI152NLin2009cAsym/tpl-MNI152NLin2009cAsym_res-01_desc-brain_T1w.nii.gz
  moving image: /home/mdugre/scratch/mri-registration-rp/datasets/ds004513/derivatives/mri-registration-rp/antsBrainExtraction/sub-s020/BrainExtractionBrain.nii.gz
Dimension = 3
Number of stages = 1
Use histogram matching = false
Winsorize image intensities = true
  Lower quantile = 0.005
  Upper quantile = 0.995


Stage 1 State
   Image metric = MattesMI
     Fixed image = Image (0x3c737e0)
  RTTI typeinfo:   itk::Image<double, 3u>
  Reference Count: 2
  Modified Time: 1594
  Debug: Off
  Object Name: 
  Observers: 
    none
  Source: (none)
  Source output name: (none)
  Release Data: Off
  Data Released: False
  Global Release Data: Off
  PipelineMTime: 0
  UpdateMTime: 1203
  RealTimeStamp: 0 seconds 
  LargestPossibleRegion: 
    Dimension: 3
    Index: [0, 0, 0]
    Size: [193, 229, 193]
  BufferedRegion: 
    Dimension: 3
    Index: [0, 0, 0]
    Size: [193, 229, 193]
  RequestedRegion: 
    Dimension: 3
    Index: [0, 0, 0]
    Size: [193, 229, 193]
  Spacing: [1, 1, 1]
  Origin: [96, 132, -78]
  Direction: 
-1 0 0
0 -1 0
0 0 1

  IndexToPointMatrix: 
-1 0 0
0 -1 0
0 0 1

  PointToIndexMatrix: 
-1 0 0
0 -1 0
0 0 1

  Inverse Direction: 
-1 0 0
0 -1 0
0 0 1

  PixelContainer: 
    ImportImageContainer (0x3d33a20)
      RTTI typeinfo:   itk::ImportImageContainer<unsigned long, double>
      Reference Count: 1
      Modified Time: 1200
      Debug: Off
      Object Name: 
      Observers: 
        none
      Pointer: 0x147aa6cbe010
      Container manages memory: true
      Size: 8530021
      Capacity: 8530021

     Moving image = Image (0x3d2ed70)
  RTTI typeinfo:   itk::Image<double, 3u>
  Reference Count: 2
  Modified Time: 1595
  Debug: Off
  Object Name: 
  Observers: 
    none
  Source: (none)
  Source output name: (none)
  Release Data: Off
  Data Released: False
  Global Release Data: Off
  PipelineMTime: 0
  UpdateMTime: 1592
  RealTimeStamp: 0 seconds 
  LargestPossibleRegion: 
    Dimension: 3
    Index: [0, 0, 0]
    Size: [160, 240, 256]
  BufferedRegion: 
    Dimension: 3
    Index: [0, 0, 0]
    Size: [160, 240, 256]
  RequestedRegion: 
    Dimension: 3
    Index: [0, 0, 0]
    Size: [160, 240, 256]
  Spacing: [0.999995, 1, 1]
  Origin: [87.0906, 98.7205, -152.377]
  Direction: 
-0.996975 0.0261379 -0.0731913
-0.0260677 -0.999658 -0.00191374
-0.0732163 -2.46403e-08 0.997316

  IndexToPointMatrix: 
-0.996971 0.0261379 -0.0731913
-0.0260676 -0.999658 -0.00191374
-0.0732159 -2.46403e-08 0.997316

  PointToIndexMatrix: 
-0.99698 -0.0260679 -0.0732166
0.0261379 -0.999658 -2.46993e-08
-0.0731913 -0.00191374 0.997316

  Inverse Direction: 
-0.996975 -0.0260677 -0.0732163
0.0261379 -0.999658 -2.46993e-08
-0.0731913 -0.00191374 0.997316

  PixelContainer: 
    ImportImageContainer (0x3ce6c90)
      RTTI typeinfo:   itk::ImportImageContainer<unsigned long, double>
      Reference Count: 1
      Modified Time: 1589
      Debug: Off
      Object Name: 
      Observers: 
        none
      Pointer: 0x147aa21bd010
      Container manages memory: true
      Size: 9830400
      Capacity: 9830400

     Weighting = 1
     Sampling strategy = regular
     Number of bins = 32
     Radius = 4
     Sampling percentage  = 0.25
   Transform = Affine
     Gradient step = 0.1
     Update field sigma (voxel space) = 0
     Total field sigma (voxel space) = 0
     Update field time sigma = 0
     Total field time sigma  = 0
     Number of time indices = 0
     Number of time point samples = 0
Registration using 1 total stages.

Stage 0
  iterations = 1000x500x250x100
  convergence threshold = 1e-06
  convergence window size = 10
  number of levels = 4
  using the Mattes MI metric (number of bins = 32, weight = 1, use gradient filter = 0)
  preprocessing:  winsorizing the image intensities
  Shrink factors (level 1 out of 4): [8, 8, 8]
  Shrink factors (level 2 out of 4): [4, 4, 4]
  Shrink factors (level 3 out of 4): [2, 2, 2]
  Shrink factors (level 4 out of 4): [1, 1, 1]
  smoothing sigmas per level: [3, 2, 1, 0]
  regular sampling (percentage = 0.25)

*** Running AffineTransform registration ***

DIAGNOSTIC,Iteration,metricValue,convergenceValue,ITERATION_TIME_INDEX,SINCE_LAST
 2DIAGNOSTIC,     1, -5.011133395534e-01, 1.797693134862e+308, 8.3195e-01, 8.3195e-01, 
 2DIAGNOSTIC,     2, -5.027558867192e-01, 1.797693134862e+308, 8.3643e-01, 4.4742e-03, 
 2DIAGNOSTIC,     3, -5.056645012288e-01, 1.797693134862e+308, 8.4099e-01, 4.5660e-03, 
 2DIAGNOSTIC,     4, -5.104535525420e-01, 1.797693134862e+308, 8.4553e-01, 4.5390e-03, 
 2DIAGNOSTIC,     5, -5.207301029552e-01, 1.797693134862e+308, 8.4999e-01, 4.4551e-03, 
 2DIAGNOSTIC,     6, -5.364291871288e-01, 1.797693134862e+308, 8.5457e-01, 4.5860e-03, 
 2DIAGNOSTIC,     7, -5.629208432471e-01, 1.797693134862e+308, 8.5920e-01, 4.6251e-03, 
 2DIAGNOSTIC,     8, -6.428632967620e-01, 1.797693134862e+308, 8.6454e-01, 5.3360e-03, 
 2DIAGNOSTIC,     9, -6.914215806210e-01, 1.797693134862e+308, 8.6953e-01, 4.9920e-03, 
 2DIAGNOSTIC,    10, -7.375402736047e-01, 2.610918411887e-02, 8.7866e-01, 9.1310e-03, 
 2DIAGNOSTIC,    11, -7.395544251151e-01, 2.766065967025e-02, 8.8399e-01, 5.3301e-03, 
 2DIAGNOSTIC,    12, -7.499489997909e-01, 2.692742060764e-02, 8.8929e-01, 5.3051e-03, 
 2DIAGNOSTIC,    13, -7.700636039312e-01, 2.467527146672e-02, 8.9457e-01, 5.2760e-03, 
 2DIAGNOSTIC,    14, -7.970464517143e-01, 2.154066006676e-02, 8.9971e-01, 5.1398e-03, 
 2DIAGNOSTIC,    15, -8.214072524378e-01, 1.797597341382e-02, 9.0679e-01, 7.0848e-03, 
 2DIAGNOSTIC,    16, -8.323224400647e-01, 1.408541005938e-02, 9.1317e-01, 6.3739e-03, 
 2DIAGNOSTIC,    17, -8.329863314358e-01, 1.015978338079e-02, 9.1863e-01, 5.4619e-03, 
 2DIAGNOSTIC,    18, -8.332639186095e-01, 7.717794831970e-03, 9.2359e-01, 4.9620e-03, 
 2DIAGNOSTIC,    19, -8.338685481883e-01, 5.931155626488e-03, 9.2859e-01, 4.9939e-03, 
 2DIAGNOSTIC,    20, -8.367184533474e-01, 4.823708703904e-03, 9.3359e-01, 5.0018e-03, 
 2DIAGNOSTIC,    21, -8.394447322546e-01, 3.490992442891e-03, 9.3867e-01, 5.0809e-03, 
 2DIAGNOSTIC,    22, -8.465230946163e-01, 2.302168454210e-03, 9.4488e-01, 6.2101e-03, 
 2DIAGNOSTIC,    23, -8.511545771060e-01, 1.447267151781e-03, 9.5200e-01, 7.1170e-03, 
 2DIAGNOSTIC,    24, -8.511500682714e-01, 9.803782092416e-04, 9.5745e-01, 5.4500e-03, 
 2DIAGNOSTIC,    25, -8.508783298309e-01, 8.438338131621e-04, 9.6300e-01, 5.5511e-03, 
 2DIAGNOSTIC,    26, -8.506949083227e-01, 8.026768452005e-04, 9.6786e-01, 4.8649e-03, 
 2DIAGNOSTIC,    27, -8.506778168007e-01, 6.979839541500e-04, 9.7328e-01, 5.4169e-03, 
 2DIAGNOSTIC,    28, -8.506316332494e-01, 5.391589559711e-04, 9.7821e-01, 4.9281e-03, 
 2DIAGNOSTIC,    29, -8.507618699200e-01, 3.528415020374e-04, 9.8365e-01, 5.4460e-03, 
 2DIAGNOSTIC,    30, -8.507392411657e-01, 1.848737131299e-04, 9.8865e-01, 5.0011e-03, 
 2DIAGNOSTIC,    31, -8.510652006987e-01, 4.778003373989e-05, 9.9418e-01, 5.5251e-03, 
DIAGNOSTIC,Iteration,metricValue,convergenceValue,ITERATION_TIME_INDEX,SINCE_LAST
 2DIAGNOSTIC,     1, -7.131012234305e-01, 1.797693134862e+308, 1.6834e+00, 6.8927e-01, 
 2DIAGNOSTIC,     2, -7.139619885686e-01, 1.797693134862e+308, 1.7310e+00, 4.7577e-02, 
 2DIAGNOSTIC,     3, -7.145757267702e-01, 1.797693134862e+308, 1.7677e+00, 3.6729e-02, 
 2DIAGNOSTIC,     4, -7.149171741984e-01, 1.797693134862e+308, 1.8079e+00, 4.0138e-02, 
 2DIAGNOSTIC,     5, -7.150649672788e-01, 1.797693134862e+308, 1.8487e+00, 4.0853e-02, 
 2DIAGNOSTIC,     6, -7.150571204892e-01, 1.797693134862e+308, 1.8860e+00, 3.7230e-02, 
 2DIAGNOSTIC,     7, -7.151626399622e-01, 1.797693134862e+308, 1.9219e+00, 3.5978e-02, 
 2DIAGNOSTIC,     8, -7.153285810996e-01, 1.797693134862e+308, 1.9584e+00, 3.6487e-02, 
 2DIAGNOSTIC,     9, -7.156636199255e-01, 1.797693134862e+308, 2.0070e+00, 4.8564e-02, 
 2DIAGNOSTIC,    10, -7.157681794718e-01, 1.938325650143e-04, 2.0477e+00, 4.0680e-02, 
 2DIAGNOSTIC,    11, -7.157972253400e-01, 1.308811514121e-04, 2.0884e+00, 4.0753e-02, 
 2DIAGNOSTIC,    12, -7.158769374187e-01, 9.785940715525e-05, 2.1290e+00, 4.0557e-02, 
 2DIAGNOSTIC,    13, -7.158155579017e-01, 7.782391007866e-05, 2.1651e+00, 3.6084e-02, 
 2DIAGNOSTIC,    14, -7.159339997757e-01, 6.668883371690e-05, 2.2056e+00, 4.0517e-02, 
 2DIAGNOSTIC,    15, -7.160065084822e-01, 5.694910276360e-05, 2.2640e+00, 5.8363e-02, 
 2DIAGNOSTIC,    16, -7.159384227392e-01, 4.155530563113e-05, 2.3093e+00, 4.5376e-02, 
 2DIAGNOSTIC,    17, -7.159183269393e-01, 2.643413348037e-05, 2.3464e+00, 3.7053e-02, 
 2DIAGNOSTIC,    18, -7.158993939760e-01, 1.382382239391e-05, 2.3838e+00, 3.7371e-02, 
 2DIAGNOSTIC,    19, -7.159478065677e-01, 9.355198268383e-06, 2.4211e+00, 3.7374e-02, 
 2DIAGNOSTIC,    20, -7.160373016828e-01, 8.390882153667e-06, 2.4582e+00, 3.7027e-02, 
 2DIAGNOSTIC,    21, -7.161566078121e-01, 9.645447917837e-06, 2.5075e+00, 4.9317e-02, 
 2DIAGNOSTIC,    22, -7.161473029606e-01, 1.136124260295e-05, 2.5491e+00, 4.1627e-02, 
 2DIAGNOSTIC,    23, -7.161499319982e-01, 1.098101596488e-05, 2.5863e+00, 3.7156e-02, 
 2DIAGNOSTIC,    24, -7.162358356723e-01, 1.307256526980e-05, 2.6230e+00, 3.6759e-02, 
 2DIAGNOSTIC,    25, -7.162672075357e-01, 1.549139652811e-05, 2.6632e+00, 4.0164e-02, 
 2DIAGNOSTIC,    26, -7.163916230982e-01, 1.723189996349e-05, 2.6999e+00, 3.6697e-02, 
 2DIAGNOSTIC,    27, -7.172142364396e-01, 2.914596794817e-05, 2.7651e+00, 6.5194e-02, 
 2DIAGNOSTIC,    28, -7.172081015426e-01, 3.692747800579e-05, 2.8057e+00, 4.0674e-02, 
 2DIAGNOSTIC,    29, -7.171641792662e-01, 4.097974829018e-05, 2.8505e+00, 4.4795e-02, 
 2DIAGNOSTIC,    30, -7.171541452788e-01, 4.217179517163e-05, 2.8903e+00, 3.9784e-02, 
 2DIAGNOSTIC,    31, -7.171305807240e-01, 4.057118149478e-05, 2.9269e+00, 3.6563e-02, 
 2DIAGNOSTIC,    32, -7.171349792564e-01, 3.510167968274e-05, 2.9628e+00, 3.5883e-02, 
 2DIAGNOSTIC,    33, -7.171552291991e-01, 2.696306710816e-05, 2.9980e+00, 3.5237e-02, 
 2DIAGNOSTIC,    34, -7.171402745894e-01, 1.782675432086e-05, 3.0437e+00, 4.5706e-02, 
 2DIAGNOSTIC,    35, -7.171320236777e-01, 7.954926781711e-06, 3.0872e+00, 4.3537e-02, 
DIAGNOSTIC,Iteration,metricValue,convergenceValue,ITERATION_TIME_INDEX,SINCE_LAST
 2DIAGNOSTIC,     1, -5.958189761442e-01, 1.797693134862e+308, 4.2017e+00, 1.1145e+00, 
 2DIAGNOSTIC,     2, -5.962612781641e-01, 1.797693134862e+308, 4.4734e+00, 2.7174e-01, 
 2DIAGNOSTIC,     3, -5.965878411152e-01, 1.797693134862e+308, 4.7401e+00, 2.6665e-01, 
 2DIAGNOSTIC,     4, -5.969318470896e-01, 1.797693134862e+308, 5.0064e+00, 2.6626e-01, 
 2DIAGNOSTIC,     5, -5.971284040615e-01, 1.797693134862e+308, 5.3618e+00, 3.5548e-01, 
 2DIAGNOSTIC,     6, -5.972647730548e-01, 1.797693134862e+308, 5.8971e+00, 5.3529e-01, 
 2DIAGNOSTIC,     7, -5.972677465930e-01, 1.797693134862e+308, 6.1685e+00, 2.7138e-01, 
 2DIAGNOSTIC,     8, -5.972728643337e-01, 1.797693134862e+308, 6.4301e+00, 2.6159e-01, 
 2DIAGNOSTIC,     9, -5.972808484583e-01, 1.797693134862e+308, 6.6881e+00, 2.5802e-01, 
