
##########################
# Experiment information #
##########################

EXPERIMENT_NAME: antsRegistration-r7-p12
VFC_BACKENDS: libinterflop_vprec.so --range-binary32=7 --precision-binary32=12 --range-binary64=7 --precision-binary64=12

SIF_IMG: /home/mdugre/projects/rrg-glatard/mdugre/containers/ants-vprec-no_metrics.simg

SUBJECT_ID: s003
INPUT_IMG: /home/mdugre/scratch/mri-registration-rp/datasets/ds004513/derivatives/mri-registration-rp/antsBrainExtraction/sub-s003/BrainExtractionBrain.nii.gz
OUTPUT_DIR: /home/mdugre/scratch/mri-registration-rp/datasets/ds004513/derivatives/mri-registration-rp/0001/antsRegistration-r7-p12/sub-s003

FIXED_IMG: /templateflow/tpl-MNI152NLin2009cAsym/tpl-MNI152NLin2009cAsym_res-01_desc-brain_T1w.nii.gz
DATA_DIR: /home/mdugre/scratch/mri-registration-rp/datasets/ds004513
TEMPLATEFLOW_DIR: /home/mdugre/projects/rrg-glatard/mdugre/templateflow
ITK_GLOBAL_DEFAULT_NUMBER_OF_THREADS: 16
##########################

Info [verificarlo]: loaded backend libinterflop_ieee.so
Info [interflop-ieee]: load backend with:
Info [interflop-ieee]: debug = false
Info [interflop-ieee]: debug-binary = false
Info [interflop-ieee]: no-backend-name = false
Info [interflop-ieee]: print-new-line = false
Info [interflop-ieee]: print-subnormal-normalized = false
Info [interflop-ieee]: count-op = false
All_Command_lines_OK
Using double precision for computations.
=============================================================================
The composite transform comprises the following transforms (in order): 
  1. Center of mass alignment using fixed image: /templateflow/tpl-MNI152NLin2009cAsym/tpl-MNI152NLin2009cAsym_res-01_desc-brain_T1w.nii.gz and moving image: /home/mdugre/scratch/mri-registration-rp/datasets/ds004513/derivatives/mri-registration-rp/antsBrainExtraction/sub-s003/BrainExtractionBrain.nii.gz (type = Euler3DTransform)
=============================================================================
  number of levels = 1
  fixed image: /templateflow/tpl-MNI152NLin2009cAsym/tpl-MNI152NLin2009cAsym_res-01_desc-brain_T1w.nii.gz
  moving image: /home/mdugre/scratch/mri-registration-rp/datasets/ds004513/derivatives/mri-registration-rp/antsBrainExtraction/sub-s003/BrainExtractionBrain.nii.gz
Dimension = 3
Number of stages = 1
Use histogram matching = false
Winsorize image intensities = true
  Lower quantile = 0.005
  Upper quantile = 0.995


Stage 1 State
   Image metric = MattesMI
     Fixed image = Image (0x4e93e70)
  RTTI typeinfo:   itk::Image<double, 3u>
  Reference Count: 2
  Modified Time: 2334
  Debug: Off
  Object Name: 
  Observers: 
    none
  Source: (none)
  Source output name: (none)
  Release Data: Off
  Data Released: False
  Global Release Data: Off
  PipelineMTime: 0
  UpdateMTime: 1943
  RealTimeStamp: 0 seconds 
  LargestPossibleRegion: 
    Dimension: 3
    Index: [0, 0, 0]
    Size: [193, 229, 193]
  BufferedRegion: 
    Dimension: 3
    Index: [0, 0, 0]
    Size: [193, 229, 193]
  RequestedRegion: 
    Dimension: 3
    Index: [0, 0, 0]
    Size: [193, 229, 193]
  Spacing: [1, 1, 1]
  Origin: [96, 132, -78]
  Direction: 
-1 0 0
0 -1 0
0 0 1

  IndexToPointMatrix: 
-1 0 0
0 -1 0
0 0 1

  PointToIndexMatrix: 
-1 0 0
0 -1 0
0 0 1

  Inverse Direction: 
-1 0 0
0 -1 0
0 0 1

  PixelContainer: 
    ImportImageContainer (0x4ea0140)
      RTTI typeinfo:   itk::ImportImageContainer<unsigned long, double>
      Reference Count: 1
      Modified Time: 1940
      Debug: Off
      Object Name: 
      Observers: 
        none
      Pointer: 0x14cdd2c7c010
      Container manages memory: true
      Size: 8530021
      Capacity: 8530021

     Moving image = Image (0x4e9d310)
  RTTI typeinfo:   itk::Image<double, 3u>
  Reference Count: 2
  Modified Time: 2335
  Debug: Off
  Object Name: 
  Observers: 
    none
  Source: (none)
  Source output name: (none)
  Release Data: Off
  Data Released: False
  Global Release Data: Off
  PipelineMTime: 0
  UpdateMTime: 2332
  RealTimeStamp: 0 seconds 
  LargestPossibleRegion: 
    Dimension: 3
    Index: [0, 0, 0]
    Size: [176, 240, 256]
  BufferedRegion: 
    Dimension: 3
    Index: [0, 0, 0]
    Size: [176, 240, 256]
  RequestedRegion: 
    Dimension: 3
    Index: [0, 0, 0]
    Size: [176, 240, 256]
  Spacing: [0.999999, 1, 1]
  Origin: [93.3499, 86.9368, -128.957]
  Direction: 
-0.999513 -0.0279216 -0.0139567
0.0279189 -0.99961 0.000389866
-0.0139622 2.01492e-08 0.999903

  IndexToPointMatrix: 
-0.999512 -0.0279216 -0.0139567
0.0279189 -0.99961 0.000389866
-0.0139621 2.01492e-08 0.999903

  PointToIndexMatrix: 
-0.999514 0.0279189 -0.0139622
-0.0279216 -0.99961 2.01716e-08
-0.0139567 0.000389866 0.999903

  Inverse Direction: 
-0.999513 0.0279189 -0.0139622
-0.0279216 -0.99961 2.01716e-08
-0.0139567 0.000389866 0.999903

  PixelContainer: 
    ImportImageContainer (0x4fc8610)
      RTTI typeinfo:   itk::ImportImageContainer<unsigned long, double>
      Reference Count: 1
      Modified Time: 2329
      Debug: Off
      Object Name: 
      Observers: 
        none
      Pointer: 0x14cdcd9fb010
      Container manages memory: true
      Size: 10813440
      Capacity: 10813440

     Weighting = 1
     Sampling strategy = regular
     Number of bins = 32
     Radius = 4
     Sampling percentage  = 0.25
   Transform = Rigid
     Gradient step = 0.1
     Update field sigma (voxel space) = 0
     Total field sigma (voxel space) = 0
     Update field time sigma = 0
     Total field time sigma  = 0
     Number of time indices = 0
     Number of time point samples = 0
Registration using 1 total stages.

Stage 0
  iterations = 0
  convergence threshold = 1e-06
  convergence window size = 10
  number of levels = 1
  using the Mattes MI metric (number of bins = 32, weight = 1, use gradient filter = 0)
  preprocessing:  winsorizing the image intensities
  Shrink factors (level 1 out of 1): [1, 1, 1]
  smoothing sigmas per level: [0]
  regular sampling (percentage = 0.25)

*** Running Euler3DTransform registration ***

  Elapsed time (stage 0): 1.14268


Total elapsed time: 1.14502
Info [verificarlo]: loaded backend libinterflop_ieee.so
Info [interflop-ieee]: load backend with:
Info [interflop-ieee]: debug = false
Info [interflop-ieee]: debug-binary = false
Info [interflop-ieee]: no-backend-name = false
Info [interflop-ieee]: print-new-line = false
Info [interflop-ieee]: print-subnormal-normalized = false
Info [interflop-ieee]: count-op = false
All_Command_lines_OK
Using double precision for computations.
=============================================================================
The composite transform comprises the following transforms (in order): 
  1. /home/mdugre/scratch/mri-registration-rp/datasets/ds004513/derivatives/mri-registration-rp/0001/antsRegistration-r7-p12/sub-s003/align_Composite.h5[0] (type = Euler3DTransform)
  2. /home/mdugre/scratch/mri-registration-rp/datasets/ds004513/derivatives/mri-registration-rp/0001/antsRegistration-r7-p12/sub-s003/align_Composite.h5[1] (type = Euler3DTransform)
=============================================================================
  number of levels = 4
  fixed image: /templateflow/tpl-MNI152NLin2009cAsym/tpl-MNI152NLin2009cAsym_res-01_desc-brain_T1w.nii.gz
  moving image: /home/mdugre/scratch/mri-registration-rp/datasets/ds004513/derivatives/mri-registration-rp/antsBrainExtraction/sub-s003/BrainExtractionBrain.nii.gz
Dimension = 3
Number of stages = 1
Use histogram matching = false
Winsorize image intensities = true
  Lower quantile = 0.005
  Upper quantile = 0.995


Stage 1 State
   Image metric = MattesMI
     Fixed image = Image (0x4c2e530)
  RTTI typeinfo:   itk::Image<double, 3u>
  Reference Count: 2
  Modified Time: 1580
  Debug: Off
  Object Name: 
  Observers: 
    none
  Source: (none)
  Source output name: (none)
  Release Data: Off
  Data Released: False
  Global Release Data: Off
  PipelineMTime: 0
  UpdateMTime: 1189
  RealTimeStamp: 0 seconds 
  LargestPossibleRegion: 
    Dimension: 3
    Index: [0, 0, 0]
    Size: [193, 229, 193]
  BufferedRegion: 
    Dimension: 3
    Index: [0, 0, 0]
    Size: [193, 229, 193]
  RequestedRegion: 
    Dimension: 3
    Index: [0, 0, 0]
    Size: [193, 229, 193]
  Spacing: [1, 1, 1]
  Origin: [96, 132, -78]
  Direction: 
-1 0 0
0 -1 0
0 0 1

  IndexToPointMatrix: 
-1 0 0
0 -1 0
0 0 1

  PointToIndexMatrix: 
-1 0 0
0 -1 0
0 0 1

  Inverse Direction: 
-1 0 0
0 -1 0
0 0 1

  PixelContainer: 
    ImportImageContainer (0x4cecd60)
      RTTI typeinfo:   itk::ImportImageContainer<unsigned long, double>
      Reference Count: 1
      Modified Time: 1186
      Debug: Off
      Object Name: 
      Observers: 
        none
      Pointer: 0x15222a852010
      Container manages memory: true
      Size: 8530021
      Capacity: 8530021

     Moving image = Image (0x4cdef60)
  RTTI typeinfo:   itk::Image<double, 3u>
  Reference Count: 2
  Modified Time: 1581
  Debug: Off
  Object Name: 
  Observers: 
    none
  Source: (none)
  Source output name: (none)
  Release Data: Off
  Data Released: False
  Global Release Data: Off
  PipelineMTime: 0
  UpdateMTime: 1578
  RealTimeStamp: 0 seconds 
  LargestPossibleRegion: 
    Dimension: 3
    Index: [0, 0, 0]
    Size: [176, 240, 256]
  BufferedRegion: 
    Dimension: 3
    Index: [0, 0, 0]
    Size: [176, 240, 256]
  RequestedRegion: 
    Dimension: 3
    Index: [0, 0, 0]
    Size: [176, 240, 256]
  Spacing: [0.999999, 1, 1]
  Origin: [93.3499, 86.9368, -128.957]
  Direction: 
-0.999513 -0.0279216 -0.0139567
0.0279189 -0.99961 0.000389866
-0.0139622 2.01492e-08 0.999903

  IndexToPointMatrix: 
-0.999512 -0.0279216 -0.0139567
0.0279189 -0.99961 0.000389866
-0.0139621 2.01492e-08 0.999903

  PointToIndexMatrix: 
-0.999514 0.0279189 -0.0139622
-0.0279216 -0.99961 2.01716e-08
-0.0139567 0.000389866 0.999903

  Inverse Direction: 
-0.999513 0.0279189 -0.0139622
-0.0279216 -0.99961 2.01716e-08
-0.0139567 0.000389866 0.999903

  PixelContainer: 
    ImportImageContainer (0x4cd06d0)
      RTTI typeinfo:   itk::ImportImageContainer<unsigned long, double>
      Reference Count: 1
      Modified Time: 1575
      Debug: Off
      Object Name: 
      Observers: 
        none
      Pointer: 0x1522255d1010
      Container manages memory: true
      Size: 10813440
      Capacity: 10813440

     Weighting = 1
     Sampling strategy = regular
     Number of bins = 32
     Radius = 4
     Sampling percentage  = 0.25
   Transform = Rigid
     Gradient step = 0.1
     Update field sigma (voxel space) = 0
     Total field sigma (voxel space) = 0
     Update field time sigma = 0
     Total field time sigma  = 0
     Number of time indices = 0
     Number of time point samples = 0
Registration using 1 total stages.

Stage 0
  iterations = 1000x500x250x100
  convergence threshold = 1e-06
  convergence window size = 10
  number of levels = 4
  using the Mattes MI metric (number of bins = 32, weight = 1, use gradient filter = 0)
  preprocessing:  winsorizing the image intensities
  Shrink factors (level 1 out of 4): [8, 8, 8]
  Shrink factors (level 2 out of 4): [4, 4, 4]
  Shrink factors (level 3 out of 4): [2, 2, 2]
  Shrink factors (level 4 out of 4): [1, 1, 1]
  smoothing sigmas per level: [3, 2, 1, 0]
  regular sampling (percentage = 0.25)

*** Running Euler3DTransform registration ***

DIAGNOSTIC,Iteration,metricValue,convergenceValue,ITERATION_TIME_INDEX,SINCE_LAST
 2DIAGNOSTIC,     1, -4.871187133941e-01, 1.797693134862e+308, 7.5032e-01, 7.5032e-01, 
 2DIAGNOSTIC,     2, -4.887966556740e-01, 1.797693134862e+308, 7.5541e-01, 5.0919e-03, 
 2DIAGNOSTIC,     3, -4.919242839642e-01, 1.797693134862e+308, 7.6031e-01, 4.9000e-03, 
 2DIAGNOSTIC,     4, -5.019092629522e-01, 1.797693134862e+308, 7.6539e-01, 5.0781e-03, 
 2DIAGNOSTIC,     5, -5.198319788477e-01, 1.797693134862e+308, 7.7061e-01, 5.2161e-03, 
 2DIAGNOSTIC,     6, -5.251449584180e-01, 1.797693134862e+308, 7.7590e-01, 5.2879e-03, 
 2DIAGNOSTIC,     7, -5.365118080768e-01, 1.797693134862e+308, 7.8114e-01, 5.2419e-03, 
 2DIAGNOSTIC,     8, -5.564319077261e-01, 1.797693134862e+308, 7.8944e-01, 8.2970e-03, 
 2DIAGNOSTIC,     9, -5.572786469687e-01, 1.797693134862e+308, 7.9489e-01, 5.4519e-03, 
 2DIAGNOSTIC,    10, -5.597886110608e-01, 1.060089541986e-02, 8.0121e-01, 6.3231e-03, 
 2DIAGNOSTIC,    11, -5.645450860914e-01, 9.471656029002e-03, 8.0668e-01, 5.4688e-03, 
 2DIAGNOSTIC,    12, -5.675342641672e-01, 7.901754414629e-03, 8.1310e-01, 6.4189e-03, 
 2DIAGNOSTIC,    13, -5.685174641935e-01, 6.033280802479e-03, 8.1958e-01, 6.4769e-03, 
 2DIAGNOSTIC,    14, -5.693412095342e-01, 4.302087948769e-03, 8.2692e-01, 7.3411e-03, 
 2DIAGNOSTIC,    15, -5.718972801998e-01, 3.155204981955e-03, 8.3331e-01, 6.3920e-03, 
 2DIAGNOSTIC,    16, -5.734788767073e-01, 2.091398053253e-03, 8.3889e-01, 5.5790e-03, 
 2DIAGNOSTIC,    17, -5.737823402463e-01, 1.310029424175e-03, 8.4478e-01, 5.8901e-03, 
 2DIAGNOSTIC,    18, -5.749452616696e-01, 1.114936190121e-03, 8.5053e-01, 5.7521e-03, 
 2DIAGNOSTIC,    19, -5.774392255374e-01, 9.301256922618e-04, 8.5982e-01, 9.2912e-03, 
 2DIAGNOSTIC,    20, -5.782944999927e-01, 7.612328991400e-04, 8.6638e-01, 6.5620e-03, 
 2DIAGNOSTIC,    21, -5.788863756075e-01, 6.687985512356e-04, 8.7251e-01, 6.1290e-03, 
 2DIAGNOSTIC,    22, -5.857337702125e-01, 7.546209608721e-04, 8.7811e-01, 5.6009e-03, 
 2DIAGNOSTIC,    23, -6.028589200300e-01, 1.162232406294e-03, 8.8451e-01, 6.3989e-03, 
 2DIAGNOSTIC,    24, -6.086613850235e-01, 1.554691270286e-03, 8.9216e-01, 7.6530e-03, 
 2DIAGNOSTIC,    25, -6.127624321146e-01, 1.904928908775e-03, 8.9840e-01, 6.2370e-03, 
 2DIAGNOSTIC,    26, -6.171330104088e-01, 2.167612466390e-03, 9.0440e-01, 5.9938e-03, 
 2DIAGNOSTIC,    27, -6.180829711807e-01, 2.226134269010e-03, 9.0998e-01, 5.5809e-03, 
 2DIAGNOSTIC,    28, -6.204355231492e-01, 2.128618137039e-03, 9.1608e-01, 6.1011e-03, 
 2DIAGNOSTIC,    29, -6.216541956525e-01, 1.901236667787e-03, 9.2164e-01, 5.5661e-03, 
 2DIAGNOSTIC,    30, -6.252686898020e-01, 1.589741171389e-03, 9.2780e-01, 6.1560e-03, 
 2DIAGNOSTIC,    31, -6.305777547776e-01, 1.244381529407e-03, 9.3337e-01, 5.5690e-03, 
 2DIAGNOSTIC,    32, -6.437128230118e-01, 1.107474194139e-03, 9.4039e-01, 7.0221e-03, 
 2DIAGNOSTIC,    33, -6.470251203749e-01, 1.176375793662e-03, 9.4606e-01, 5.6720e-03, 
 2DIAGNOSTIC,    34, -6.489206579772e-01, 1.241874839787e-03, 9.5482e-01, 8.7581e-03, 
 2DIAGNOSTIC,    35, -6.509315396216e-01, 1.271868781623e-03, 9.6049e-01, 5.6648e-03, 
 2DIAGNOSTIC,    36, -6.520053801490e-01, 1.251972814822e-03, 9.6576e-01, 5.2781e-03, 
 2DIAGNOSTIC,    37, -6.528675748274e-01, 1.135512030796e-03, 9.7130e-01, 5.5320e-03, 
 2DIAGNOSTIC,    38, -6.532427286500e-01, 9.531124127724e-04, 9.7667e-01, 5.3740e-03, 
 2DIAGNOSTIC,    39, -6.541831166142e-01, 7.191959774626e-04, 9.8405e-01, 7.3800e-03, 
 2DIAGNOSTIC,    40, -6.542233244934e-01, 4.742206192465e-04, 9.8948e-01, 5.4319e-03, 
 2DIAGNOSTIC,    41, -6.546716220269e-01, 2.613846666420e-04, 9.9476e-01, 5.2760e-03, 
 2DIAGNOSTIC,    42, -6.552161459007e-01, 1.908710475916e-04, 1.0019e+00, 7.1731e-03, 
 2DIAGNOSTIC,    43, -6.554090483505e-01, 1.445628440690e-04, 1.0071e+00, 5.2099e-03, 
 2DIAGNOSTIC,    44, -6.554501024458e-01, 1.074886058367e-04, 1.0126e+00, 5.4300e-03, 
 2DIAGNOSTIC,    45, -6.555124270378e-01, 8.392522027852e-05, 1.0179e+00, 5.3561e-03, 
 2DIAGNOSTIC,    46, -6.555918284167e-01, 6.535368679761e-05, 1.0245e+00, 6.5429e-03, 
 2DIAGNOSTIC,    47, -6.557561620803e-01, 5.174217944624e-05, 1.0310e+00, 6.4840e-03, 
 2DIAGNOSTIC,    48, -6.557078864876e-01, 3.683561624532e-05, 1.0373e+00, 6.3689e-03, 
 2DIAGNOSTIC,    49, -6.556640349660e-01, 2.795608625362e-05, 1.0429e+00, 5.6021e-03, 
 2DIAGNOSTIC,    50, -6.556345476908e-01, 1.694564073686e-05, 1.0487e+00, 5.7702e-03, 
 2DIAGNOSTIC,    51, -6.558723861700e-01, 1.105262892499e-05, 1.0548e+00, 6.1378e-03, 
 2DIAGNOSTIC,    52, -6.560358781817e-01, 1.068890249539e-05, 1.0617e+00, 6.9060e-03, 
 2DIAGNOSTIC,    53, -6.558860350139e-01, 9.752191573169e-06, 1.0679e+00, 6.1629e-03, 
 2DIAGNOSTIC,    54, -6.559093434611e-01, 8.653130277581e-06, 1.0739e+00, 6.0401e-03, 
 2DIAGNOSTIC,    55, -6.555976979581e-01, 4.695067850165e-06, 1.0801e+00, 6.1760e-03, 
 2DIAGNOSTIC,    56, -6.558301397960e-01, 3.073250201942e-06, 1.0862e+00, 6.0742e-03, 
 2DIAGNOSTIC,    57, -6.560992295988e-01, 4.725319950598e-06, 1.0920e+00, 5.8019e-03, 
 2DIAGNOSTIC,    58, -6.565726396736e-01, 9.313172854495e-06, 1.0977e+00, 5.7101e-03, 
 2DIAGNOSTIC,    59, -6.569064796750e-01, 1.519583232382e-05, 1.1042e+00, 6.5351e-03, 
 2DIAGNOSTIC,    60, -6.572410351271e-01, 2.181053799229e-05, 1.1097e+00, 5.4832e-03, 
 2DIAGNOSTIC,    61, -6.578403828490e-01, 3.247109624219e-05, 1.1158e+00, 6.0871e-03, 
 2DIAGNOSTIC,    62, -6.582651632909e-01, 4.398410573722e-05, 1.1218e+00, 5.9640e-03, 
 2DIAGNOSTIC,    63, -6.584338655673e-01, 5.099086190345e-05, 1.1296e+00, 7.7841e-03, 
 2DIAGNOSTIC,    64, -6.591187504928e-01, 5.816132731412e-05, 1.1345e+00, 4.9632e-03, 
 2DIAGNOSTIC,    65, -6.593059276469e-01, 5.855482759589e-05, 1.1397e+00, 5.1360e-03, 
 2DIAGNOSTIC,    66, -6.594054684789e-01, 5.564855606482e-05, 1.1453e+00, 5.6050e-03, 
 2DIAGNOSTIC,    67, -6.594638623132e-01, 4.976014867859e-05, 1.1504e+00, 5.1079e-03, 
 2DIAGNOSTIC,    68, -6.599597450632e-01, 4.588614765134e-05, 1.1586e+00, 8.2719e-03, 
 2DIAGNOSTIC,    69, -6.600668601109e-01, 4.057061844274e-05, 1.1639e+00, 5.2569e-03, 
 2DIAGNOSTIC,    70, -6.600256108576e-01, 3.340930068467e-05, 1.1695e+00, 5.6012e-03, 
 2DIAGNOSTIC,    71, -6.600310580136e-01, 2.726560172665e-05, 1.1744e+00, 4.9191e-03, 
 2DIAGNOSTIC,    72, -6.599523314396e-01, 2.095785961804e-05, 1.1796e+00, 5.1658e-03, 
 2DIAGNOSTIC,    73, -6.600563877476e-01, 1.442892282381e-05, 1.1845e+00, 4.8749e-03, 
 2DIAGNOSTIC,    74, -6.600879742701e-01, 1.111514428952e-05, 1.1894e+00, 4.9140e-03, 
 2DIAGNOSTIC,    75, -6.603415414024e-01, 9.591799491860e-06, 1.2072e+00, 1.7833e-02, 
 2DIAGNOSTIC,    76, -6.604541028388e-01, 8.514261419953e-06, 1.2167e+00, 9.5131e-03, 
 2DIAGNOSTIC,    77, -6.603682949196e-01, 6.452005457378e-06, 1.2241e+00, 7.3419e-03, 
 2DIAGNOSTIC,    78, -6.603684235981e-01, 6.788431225297e-06, 1.2320e+00, 7.8900e-03, 
 2DIAGNOSTIC,    79, -6.603684237715e-01, 7.115143958377e-06, 1.2483e+00, 1.6319e-02, 
 2DIAGNOSTIC,    80, -6.603684237715e-01, 6.520358565049e-06, 1.2566e+00, 8.2872e-03, 
 2DIAGNOSTIC,    81, -6.603684237715e-01, 5.391483563551e-06, 1.2622e+00, 5.6801e-03, 
 2DIAGNOSTIC,    82, -6.603684237715e-01, 3.388165701770e-06, 1.2676e+00, 5.3871e-03, 
 2DIAGNOSTIC,    83, -6.603684237715e-01, 1.742757889805e-06, 1.2730e+00, 5.3270e-03, 
DIAGNOSTIC,Iteration,metricValue,convergenceValue,ITERATION_TIME_INDEX,SINCE_LAST
 2DIAGNOSTIC,     1, -5.279995742126e-01, 1.797693134862e+308, 2.0667e+00, 7.9379e-01, 
 2DIAGNOSTIC,     2, -5.286720412210e-01, 1.797693134862e+308, 2.0995e+00, 3.2756e-02, 
 2DIAGNOSTIC,     3, -5.292990662116e-01, 1.797693134862e+308, 2.1316e+00, 3.2073e-02, 
 2DIAGNOSTIC,     4, -5.297175430435e-01, 1.797693134862e+308, 2.1625e+00, 3.0954e-02, 
 2DIAGNOSTIC,     5, -5.299945112746e-01, 1.797693134862e+308, 2.1951e+00, 3.2552e-02, 
 2DIAGNOSTIC,     6, -5.303011019841e-01, 1.797693134862e+308, 2.2300e+00, 3.4901e-02, 
 2DIAGNOSTIC,     7, -5.304822397978e-01, 1.797693134862e+308, 2.2668e+00, 3.6810e-02, 
 2DIAGNOSTIC,     8, -5.305364981518e-01, 1.797693134862e+308, 2.2980e+00, 3.1209e-02, 
 2DIAGNOSTIC,     9, -5.306375979905e-01, 1.797693134862e+308, 2.3301e+00, 3.2088e-02, 
 2DIAGNOSTIC,    10, -5.308942982409e-01, 3.190258981808e-04, 2.3623e+00, 3.2257e-02, 
 2DIAGNOSTIC,    11, -5.322572928836e-01, 2.908519912682e-04, 2.4031e+00, 4.0759e-02, 
 2DIAGNOSTIC,    12, -5.338700698134e-01, 3.414614827433e-04, 2.4545e+00, 5.1440e-02, 
 2DIAGNOSTIC,    13, -5.338885668215e-01, 3.789724624965e-04, 2.4858e+00, 3.1229e-02, 
 2DIAGNOSTIC,    14, -5.340249520185e-01, 3.995336610331e-04, 2.5205e+00, 3.4699e-02, 
 2DIAGNOSTIC,    15, -5.340926549992e-01, 3.936298571554e-04, 2.5673e+00, 4.6845e-02, 
 2DIAGNOSTIC,    16, -5.340936153118e-01, 3.617615661024e-04, 2.5997e+00, 3.2418e-02, 
 2DIAGNOSTIC,    17, -5.340914289979e-01, 3.053772090335e-04, 2.6385e+00, 3.8724e-02, 
 2DIAGNOSTIC,    18, -5.340903248999e-01, 2.293326006871e-04, 2.6716e+00, 3.3143e-02, 
 2DIAGNOSTIC,    19, -5.340849157941e-01, 1.438602056440e-04, 2.7114e+00, 3.9793e-02, 
 2DIAGNOSTIC,    20, -5.340728473849e-01, 5.973997340886e-05, 2.7487e+00, 3.7353e-02, 
 2DIAGNOSTIC,    21, -5.340594269009e-01, 1.146821015147e-05, 2.7867e+00, 3.7916e-02, 
 2DIAGNOSTIC,    22, -5.340626091047e-01, 5.967679830007e-06, 2.8211e+00, 3.4454e-02, 
DIAGNOSTIC,Iteration,metricValue,convergenceValue,ITERATION_TIME_INDEX,SINCE_LAST
 2DIAGNOSTIC,     1, -4.717453324233e-01, 1.797693134862e+308, 4.1361e+00, 1.3150e+00, 
 2DIAGNOSTIC,     2, -4.719560638764e-01, 1.797693134862e+308, 4.4343e+00, 2.9814e-01, 
 2DIAGNOSTIC,     3, -4.722335069416e-01, 1.797693134862e+308, 4.7443e+00, 3.0999e-01, 
 2DIAGNOSTIC,     4, -4.724443678059e-01, 1.797693134862e+308, 5.0762e+00, 3.3197e-01, 
 2DIAGNOSTIC,     5, -4.727766122989e-01, 1.797693134862e+308, 5.4421e+00, 3.6592e-01, 
 2DIAGNOSTIC,     6, -4.730875789495e-01, 1.797693134862e+308, 5.7743e+00, 3.3221e-01, 
 2DIAGNOSTIC,     7, -4.734908249712e-01, 1.797693134862e+308, 6.1105e+00, 3.3616e-01, 
 2DIAGNOSTIC,     8, -4.751662579344e-01, 1.797693134862e+308, 6.4567e+00, 3.4615e-01, 
 2DIAGNOSTIC,     9, -4.772227105005e-01, 1.797693134862e+308, 7.0478e+00, 5.9109e-01, 
 2DIAGNOSTIC,    10, -4.773374759341e-01, 7.706045879680e-04, 7.3427e+00, 2.9493e-01, 
 2DIAGNOSTIC,    11, -4.776065472543e-01, 8.011044978928e-04, 7.6499e+00, 3.0719e-01, 
 2DIAGNOSTIC,    12, -4.778937762901e-01, 7.804278265222e-04, 7.9661e+00, 3.1622e-01, 
 2DIAGNOSTIC,    13, -4.780971459341e-01, 7.131581301260e-04, 8.2596e+00, 2.9352e-01, 
 2DIAGNOSTIC,    14, -4.782127477178e-01, 6.033382532560e-04, 8.5529e+00, 2.9329e-01, 
 2DIAGNOSTIC,    15, -4.782626581924e-01, 4.692972087756e-04, 8.9011e+00, 3.4820e-01, 
 2DIAGNOSTIC,    16, -4.782898444680e-01, 3.233986188458e-04, 9.2243e+00, 3.2324e-01, 
 2DIAGNOSTIC,    17, -4.783705244098e-01, 1.812730479957e-04, 9.5948e+00, 3.7043e-01, 
 2DIAGNOSTIC,    18, -4.783649370441e-01, 9.191808754396e-05, 9.9157e+00, 3.2088e-01, 
 2DIAGNOSTIC,    19, -4.783721679850e-01, 6.864617530001e-05, 1.0166e+01, 2.5066e-01, 
 2DIAGNOSTIC,    20, -4.784000153815e-01, 4.571203005108e-05, 1.0420e+01, 2.5412e-01, 
 2DIAGNOSTIC,    21, -4.785529693061e-01, 3.270003245783e-05, 1.0678e+01, 2.5763e-01, 
 2DIAGNOSTIC,    22, -4.786346661368e-01, 2.773073375351e-05, 1.0983e+01, 3.0517e-01, 
 2DIAGNOSTIC,    23, -4.787927586833e-01, 3.004835062137e-05, 1.1369e+01, 3.8534e-01, 
 2DIAGNOSTIC,    24, -4.787895203395e-01, 3.225318558480e-05, 1.1695e+01, 3.2620e-01, 
 2DIAGNOSTIC,    25, -4.787940825958e-01, 3.273356305062e-05, 1.1982e+01, 2.8692e-01, 
 2DIAGNOSTIC,    26, -4.787904276338e-01, 3.069330165401e-05, 1.2273e+01, 2.9155e-01, 
 2DIAGNOSTIC,    27, -4.787868652722e-01, 2.769451977020e-05, 1.2540e+01, 2.6628e-01, 
 2DIAGNOSTIC,    28, -4.787835495974e-01, 2.221674105354e-05, 1.2916e+01, 3.7627e-01, 
 2DIAGNOSTIC,    29, -4.787839478617e-01, 1.532220533666e-05, 1.3194e+01, 2.7860e-01, 
 2DIAGNOSTIC,    30, -4.787842225922e-01, 8.083786186663e-06, 1.3546e+01, 3.5113e-01, 
 2DIAGNOSTIC,    31, -4.787836763071e-01, 3.569996405314e-06, 1.3903e+01, 3.5773e-01, 
DIAGNOSTIC,Iteration,metricValue,convergenceValue,ITERATION_TIME_INDEX,SINCE_LAST
 2DIAGNOSTIC,     1, -4.450236045509e-01, 1.797693134862e+308, 1.6829e+01, 2.9259e+00, 
 2DIAGNOSTIC,     2, -4.450447703177e-01, 1.797693134862e+308, 1.9622e+01, 2.7929e+00, 
 2DIAGNOSTIC,     3, -4.450472895335e-01, 1.797693134862e+308, 2.4184e+01, 4.5617e+00, 
 2DIAGNOSTIC,     4, -4.450472341938e-01, 1.797693134862e+308, 2.7365e+01, 3.1807e+00, 
 2DIAGNOSTIC,     5, -4.450471172952e-01, 1.797693134862e+308, 2.9454e+01, 2.0898e+00, 
 2DIAGNOSTIC,     6, -4.450470185390e-01, 1.797693134862e+308, 3.1796e+01, 2.3416e+00, 
 2DIAGNOSTIC,     7, -4.450468891197e-01, 1.797693134862e+308, 3.3733e+01, 1.9375e+00, 
 2DIAGNOSTIC,     8, -4.450466975541e-01, 1.797693134862e+308, 3.5808e+01, 2.0747e+00, 
 2DIAGNOSTIC,     9, -4.450466087475e-01, 1.797693134862e+308, 3.7715e+01, 1.9072e+00, 
 2DIAGNOSTIC,    10, -4.450464968702e-01, 4.707616980057e-06, 3.9749e+01, 2.0341e+00, 
 2DIAGNOSTIC,    11, -4.450465709629e-01, 2.918050007197e-06, 4.1750e+01, 2.0007e+00, 
 2DIAGNOSTIC,    12, -4.450464505089e-01, 2.540305946902e-06, 4.3602e+01, 1.8519e+00, 
 2DIAGNOSTIC,    13, -4.450465047139e-01, 2.357325063887e-06, 4.5519e+01, 1.9166e+00, 
 2DIAGNOSTIC,    14, -4.450464524700e-01, 2.203756349059e-06, 4.7103e+01, 1.5840e+00, 
 2DIAGNOSTIC,    15, -4.450463909257e-01, 2.069321694581e-06, 4.8576e+01, 1.4736e+00, 
 2DIAGNOSTIC,    16, -4.450463467952e-01, 1.950760569677e-06, 5.0060e+01, 1.4835e+00, 
 2DIAGNOSTIC,    17, -4.450464205155e-01, 1.847638604349e-06, 5.1850e+01, 1.7906e+00, 
 2DIAGNOSTIC,    18, -4.450463733944e-01, 1.749627796234e-06, 5.3471e+01, 1.6210e+00, 
 2DIAGNOSTIC,    19, -4.450462662240e-01, 1.657130901535e-06, 5.5136e+01, 1.6646e+00, 
 2DIAGNOSTIC,    20, -4.450463622795e-01, 1.575042272876e-06, 5.6610e+01, 1.4740e+00, 
 2DIAGNOSTIC,    21, -4.450464352268e-01, 1.506657070272e-06, 5.8334e+01, 1.7241e+00, 
 2DIAGNOSTIC,    22, -4.450466823451e-01, 1.448725497719e-06, 5.9988e+01, 1.6544e+00, 
 2DIAGNOSTIC,    23, -4.450468707108e-01, 1.402201064274e-06, 6.1763e+01, 1.7747e+00, 
 2DIAGNOSTIC,    24, -4.450469101624e-01, 1.357492899458e-06, 6.3655e+01, 1.8921e+00, 
 2DIAGNOSTIC,    25, -4.450468442641e-01, 1.310223334522e-06, 6.5637e+01, 1.9824e+00, 
 2DIAGNOSTIC,    26, -4.450467684985e-01, 1.260050313527e-06, 6.7185e+01, 1.5475e+00, 
 2DIAGNOSTIC,    27, -4.450466133951e-01, 1.208187023011e-06, 6.8824e+01, 1.6393e+00, 
 2DIAGNOSTIC,    28, -4.450466372927e-01, 1.156747697517e-06, 7.0477e+01, 1.6526e+00, 
 2DIAGNOSTIC,    29, -4.450465708610e-01, 1.103019644559e-06, 7.2125e+01, 1.6477e+00, 
 2DIAGNOSTIC,    30, -4.450464989134e-01, 1.052911322227e-06, 7.3741e+01, 1.6163e+00, 
 2DIAGNOSTIC,    31, -4.450464378420e-01, 1.006974431388e-06, 7.5186e+01, 1.4454e+00, 
  Elapsed time (stage 0): 7.6064e+01


Total elapsed time: 7.6071e+01
Info [verificarlo]: loaded backend libinterflop_ieee.so
Info [interflop-ieee]: load backend with:
Info [interflop-ieee]: debug = false
Info [interflop-ieee]: debug-binary = false
Info [interflop-ieee]: no-backend-name = false
Info [interflop-ieee]: print-new-line = false
Info [interflop-ieee]: print-subnormal-normalized = false
Info [interflop-ieee]: count-op = false
All_Command_lines_OK
Using double precision for computations.
=============================================================================
The composite transform comprises the following transforms (in order): 
  1. /home/mdugre/scratch/mri-registration-rp/datasets/ds004513/derivatives/mri-registration-rp/0001/antsRegistration-r7-p12/sub-s003/rigid_Composite.h5[0] (type = Euler3DTransform)
  2. /home/mdugre/scratch/mri-registration-rp/datasets/ds004513/derivatives/mri-registration-rp/0001/antsRegistration-r7-p12/sub-s003/rigid_Composite.h5[1] (type = Euler3DTransform)
  3. /home/mdugre/scratch/mri-registration-rp/datasets/ds004513/derivatives/mri-registration-rp/0001/antsRegistration-r7-p12/sub-s003/rigid_Composite.h5[2] (type = Euler3DTransform)
=============================================================================
  number of levels = 4
  fixed image: /templateflow/tpl-MNI152NLin2009cAsym/tpl-MNI152NLin2009cAsym_res-01_desc-brain_T1w.nii.gz
  moving image: /home/mdugre/scratch/mri-registration-rp/datasets/ds004513/derivatives/mri-registration-rp/antsBrainExtraction/sub-s003/BrainExtractionBrain.nii.gz
Dimension = 3
Number of stages = 1
Use histogram matching = false
Winsorize image intensities = true
  Lower quantile = 0.005
  Upper quantile = 0.995


Stage 1 State
   Image metric = MattesMI
     Fixed image = Image (0x40c27e0)
  RTTI typeinfo:   itk::Image<double, 3u>
  Reference Count: 2
  Modified Time: 1594
  Debug: Off
  Object Name: 
  Observers: 
    none
  Source: (none)
  Source output name: (none)
  Release Data: Off
  Data Released: False
  Global Release Data: Off
  PipelineMTime: 0
  UpdateMTime: 1203
  RealTimeStamp: 0 seconds 
  LargestPossibleRegion: 
    Dimension: 3
    Index: [0, 0, 0]
    Size: [193, 229, 193]
  BufferedRegion: 
    Dimension: 3
    Index: [0, 0, 0]
    Size: [193, 229, 193]
  RequestedRegion: 
    Dimension: 3
    Index: [0, 0, 0]
    Size: [193, 229, 193]
  Spacing: [1, 1, 1]
  Origin: [96, 132, -78]
  Direction: 
-1 0 0
0 -1 0
0 0 1

  IndexToPointMatrix: 
-1 0 0
0 -1 0
0 0 1

  PointToIndexMatrix: 
-1 0 0
0 -1 0
0 0 1

  Inverse Direction: 
-1 0 0
0 -1 0
0 0 1

  PixelContainer: 
    ImportImageContainer (0x4182a20)
      RTTI typeinfo:   itk::ImportImageContainer<unsigned long, double>
      Reference Count: 1
      Modified Time: 1200
      Debug: Off
      Object Name: 
      Observers: 
        none
      Pointer: 0x14b4c23a2010
      Container manages memory: true
      Size: 8530021
      Capacity: 8530021

     Moving image = Image (0x417dd70)
  RTTI typeinfo:   itk::Image<double, 3u>
  Reference Count: 2
  Modified Time: 1595
  Debug: Off
  Object Name: 
  Observers: 
    none
  Source: (none)
  Source output name: (none)
  Release Data: Off
  Data Released: False
  Global Release Data: Off
  PipelineMTime: 0
  UpdateMTime: 1592
  RealTimeStamp: 0 seconds 
  LargestPossibleRegion: 
    Dimension: 3
    Index: [0, 0, 0]
    Size: [176, 240, 256]
  BufferedRegion: 
    Dimension: 3
    Index: [0, 0, 0]
    Size: [176, 240, 256]
  RequestedRegion: 
    Dimension: 3
    Index: [0, 0, 0]
    Size: [176, 240, 256]
  Spacing: [0.999999, 1, 1]
  Origin: [93.3499, 86.9368, -128.957]
  Direction: 
-0.999513 -0.0279216 -0.0139567
0.0279189 -0.99961 0.000389866
-0.0139622 2.01492e-08 0.999903

  IndexToPointMatrix: 
-0.999512 -0.0279216 -0.0139567
0.0279189 -0.99961 0.000389866
-0.0139621 2.01492e-08 0.999903

  PointToIndexMatrix: 
-0.999514 0.0279189 -0.0139622
-0.0279216 -0.99961 2.01716e-08
-0.0139567 0.000389866 0.999903

  Inverse Direction: 
-0.999513 0.0279189 -0.0139622
-0.0279216 -0.99961 2.01716e-08
-0.0139567 0.000389866 0.999903

  PixelContainer: 
    ImportImageContainer (0x4135c90)
      RTTI typeinfo:   itk::ImportImageContainer<unsigned long, double>
      Reference Count: 1
      Modified Time: 1589
      Debug: Off
      Object Name: 
      Observers: 
        none
      Pointer: 0x14b4bd121010
      Container manages memory: true
      Size: 10813440
      Capacity: 10813440

     Weighting = 1
     Sampling strategy = regular
     Number of bins = 32
     Radius = 4
     Sampling percentage  = 0.25
   Transform = Affine
     Gradient step = 0.1
     Update field sigma (voxel space) = 0
     Total field sigma (voxel space) = 0
     Update field time sigma = 0
     Total field time sigma  = 0
     Number of time indices = 0
     Number of time point samples = 0
Registration using 1 total stages.

Stage 0
  iterations = 1000x500x250x100
  convergence threshold = 1e-06
  convergence window size = 10
  number of levels = 4
  using the Mattes MI metric (number of bins = 32, weight = 1, use gradient filter = 0)
  preprocessing:  winsorizing the image intensities
  Shrink factors (level 1 out of 4): [8, 8, 8]
  Shrink factors (level 2 out of 4): [4, 4, 4]
  Shrink factors (level 3 out of 4): [2, 2, 2]
  Shrink factors (level 4 out of 4): [1, 1, 1]
  smoothing sigmas per level: [3, 2, 1, 0]
  regular sampling (percentage = 0.25)

*** Running AffineTransform registration ***

DIAGNOSTIC,Iteration,metricValue,convergenceValue,ITERATION_TIME_INDEX,SINCE_LAST
 2DIAGNOSTIC,     1, -6.598851934436e-01, 1.797693134862e+308, 7.8605e-01, 7.8605e-01, 
 2DIAGNOSTIC,     2, -6.623822018179e-01, 1.797693134862e+308, 7.9137e-01, 5.3201e-03, 
 2DIAGNOSTIC,     3, -6.659456128459e-01, 1.797693134862e+308, 7.9691e-01, 5.5399e-03, 
 2DIAGNOSTIC,     4, -6.707755634919e-01, 1.797693134862e+308, 8.0217e-01, 5.2629e-03, 
 2DIAGNOSTIC,     5, -6.771958868448e-01, 1.797693134862e+308, 8.0798e-01, 5.8060e-03, 
 2DIAGNOSTIC,     6, -6.861986258353e-01, 1.797693134862e+308, 8.1292e-01, 4.9441e-03, 
 2DIAGNOSTIC,     7, -7.074276148897e-01, 1.797693134862e+308, 8.1837e-01, 5.4500e-03, 
 2DIAGNOSTIC,     8, -7.147482113631e-01, 1.797693134862e+308, 8.2385e-01, 5.4770e-03, 
 2DIAGNOSTIC,     9, -7.196036937677e-01, 1.797693134862e+308, 8.3052e-01, 6.6650e-03, 
 2DIAGNOSTIC,    10, -7.207775728233e-01, 6.762540829507e-03, 8.3781e-01, 7.2970e-03, 
 2DIAGNOSTIC,    11, -7.218600928848e-01, 6.081881418627e-03, 8.4322e-01, 5.4028e-03, 
 2DIAGNOSTIC,    12, -7.226362626357e-01, 5.077247163361e-03, 8.4863e-01, 5.4181e-03, 
 2DIAGNOSTIC,    13, -7.237262315866e-01, 3.917955480493e-03, 8.5467e-01, 6.0370e-03, 
 2DIAGNOSTIC,    14, -7.252163073090e-01, 2.763393854677e-03, 8.6071e-01, 6.0341e-03, 
 2DIAGNOSTIC,    15, -7.258878948924e-01, 1.710200923514e-03, 8.6686e-01, 6.1510e-03, 
 2DIAGNOSTIC,    16, -7.257362223361e-01, 8.495012597865e-04, 8.7281e-01, 5.9571e-03, 
 2DIAGNOSTIC,    17, -7.259666746590e-01, 5.227765881179e-04, 8.8209e-01, 9.2781e-03, 
 2DIAGNOSTIC,    18, -7.258859839818e-01, 3.447266979451e-04, 8.8744e-01, 5.3508e-03, 
 2DIAGNOSTIC,    19, -7.259396351384e-01, 2.575040781940e-04, 8.9286e-01, 5.4140e-03, 
 2DIAGNOSTIC,    20, -7.259998679645e-01, 1.799401451464e-04, 8.9848e-01, 5.6210e-03, 
 2DIAGNOSTIC,    21, -7.260598960536e-01, 1.154470284032e-04, 9.0401e-01, 5.5280e-03, 
 2DIAGNOSTIC,    22, -7.260197576887e-01, 5.966324494642e-05, 9.0941e-01, 5.4059e-03, 
 2DIAGNOSTIC,    23, -7.260955142512e-01, 2.312647831777e-05, 9.1504e-01, 5.6319e-03, 
 2DIAGNOSTIC,    24, -7.261920657282e-01, 1.380613509933e-05, 9.2047e-01, 5.4271e-03, 
 2DIAGNOSTIC,    25, -7.263424763390e-01, 1.726043687957e-05, 9.2731e-01, 6.8440e-03, 
 2DIAGNOSTIC,    26, -7.264227280990e-01, 1.769658591621e-05, 9.3458e-01, 7.2651e-03, 
 2DIAGNOSTIC,    27, -7.263703752828e-01, 1.926274019317e-05, 9.4007e-01, 5.4932e-03, 
 2DIAGNOSTIC,    28, -7.263778739922e-01, 1.802070178999e-05, 9.4605e-01, 5.9791e-03, 
 2DIAGNOSTIC,    29, -7.264880624687e-01, 1.747662556879e-05, 9.5145e-01, 5.4002e-03, 
 2DIAGNOSTIC,    30, -7.266050861185e-01, 1.767061373810e-05, 9.5765e-01, 6.1960e-03, 
 2DIAGNOSTIC,    31, -7.263296979916e-01, 1.351628788217e-05, 9.6330e-01, 5.6551e-03, 
 2DIAGNOSTIC,    32, -7.264323692943e-01, 9.385306710637e-06, 9.6895e-01, 5.6419e-03, 
 2DIAGNOSTIC,    33, -7.265401884605e-01, 6.875688532339e-06, 9.7707e-01, 8.1201e-03, 
 2DIAGNOSTIC,    34, -7.265497748046e-01, 5.047507927694e-06, 9.8276e-01, 5.6920e-03, 
 2DIAGNOSTIC,    35, -7.265542847739e-01, 4.678923584953e-06, 9.8868e-01, 5.9249e-03, 
 2DIAGNOSTIC,    36, -7.265653264181e-01, 5.080309323037e-06, 9.9411e-01, 5.4240e-03, 
 2DIAGNOSTIC,    37, -7.267205695351e-01, 6.185337725798e-06, 1.0003e+00, 6.2070e-03, 
 2DIAGNOSTIC,    38, -7.268081781538e-01, 7.586133030948e-06, 1.0079e+00, 7.5860e-03, 
 2DIAGNOSTIC,    39, -7.268127972613e-01, 9.378778515069e-06, 1.0135e+00, 5.6100e-03, 
 2DIAGNOSTIC,    40, -7.267271913726e-01, 1.071762219525e-05, 1.0191e+00, 5.6260e-03, 
 2DIAGNOSTIC,    41, -7.267463919528e-01, 8.583311851745e-06, 1.0266e+00, 7.4241e-03, 
 2DIAGNOSTIC,    42, -7.268567087757e-01, 7.747881418503e-06, 1.0322e+00, 5.6462e-03, 
 2DIAGNOSTIC,    43, -7.268624260688e-01, 7.272020984338e-06, 1.0378e+00, 5.5740e-03, 
 2DIAGNOSTIC,    44, -7.268721675129e-01, 6.404135674383e-06, 1.0434e+00, 5.6531e-03, 
 2DIAGNOSTIC,    45, -7.269864247694e-01, 6.130243085937e-06, 1.0502e+00, 6.7749e-03, 
 2DIAGNOSTIC,    46, -7.269939593523e-01, 5.451853154908e-06, 1.0584e+00, 8.1711e-03, 
 2DIAGNOSTIC,    47, -7.269954328333e-01, 5.629799137919e-06, 1.0640e+00, 5.6651e-03, 
 2DIAGNOSTIC,    48, -7.270086715941e-01, 6.162292777105e-06, 1.0696e+00, 5.5909e-03, 
 2DIAGNOSTIC,    49, -7.269287195815e-01, 5.567926575023e-06, 1.0754e+00, 5.7371e-03, 
 2DIAGNOSTIC,    50, -7.269379943108e-01, 3.933875611886e-06, 1.0810e+00, 5.6369e-03, 
 2DIAGNOSTIC,    51, -7.269513205544e-01, 2.266367890302e-06, 1.0867e+00, 5.7251e-03, 
 2DIAGNOSTIC,    52, -7.269659418131e-01, 1.457694638971e-06, 1.0943e+00, 7.5340e-03, 
DIAGNOSTIC,Iteration,metricValue,convergenceValue,ITERATION_TIME_INDEX,SINCE_LAST
 2DIAGNOSTIC,     1, -5.974760149377e-01, 1.797693134862e+308, 1.9402e+00, 8.4592e-01, 
 2DIAGNOSTIC,     2, -5.979889879095e-01, 1.797693134862e+308, 1.9861e+00, 4.5934e-02, 
 2DIAGNOSTIC,     3, -5.985866132212e-01, 1.797693134862e+308, 2.0259e+00, 3.9745e-02, 
 2DIAGNOSTIC,     4, -5.993674928565e-01, 1.797693134862e+308, 2.0659e+00, 3.9987e-02, 
 2DIAGNOSTIC,     5, -5.998445336044e-01, 1.797693134862e+308, 2.1061e+00, 4.0252e-02, 
 2DIAGNOSTIC,     6, -6.003198026417e-01, 1.797693134862e+308, 2.1497e+00, 4.3556e-02, 
 2DIAGNOSTIC,     7, -6.007003045307e-01, 1.797693134862e+308, 2.2175e+00, 6.7833e-02, 
 2DIAGNOSTIC,     8, -6.007075179049e-01, 1.797693134862e+308, 2.2622e+00, 4.4671e-02, 
 2DIAGNOSTIC,     9, -6.007536408920e-01, 1.797693134862e+308, 2.3013e+00, 3.9171e-02, 
 2DIAGNOSTIC,    10, -6.008117963975e-01, 3.795439461542e-04, 2.3409e+00, 3.9603e-02, 
 2DIAGNOSTIC,    11, -6.009054512516e-01, 2.742618843105e-04, 2.3787e+00, 3.7737e-02, 
 2DIAGNOSTIC,    12, -6.010275092087e-01, 1.869276409715e-04, 2.4150e+00, 3.6331e-02, 
 2DIAGNOSTIC,    13, -6.011420479587e-01, 1.219280850333e-04, 2.4519e+00, 3.6849e-02, 
 2DIAGNOSTIC,    14, -6.012846532783e-01, 8.651868509786e-05, 2.4884e+00, 3.6560e-02, 
 2DIAGNOSTIC,    15, -6.019824011692e-01, 8.487992344121e-05, 2.5544e+00, 6.5960e-02, 
 2DIAGNOSTIC,    16, -6.019812948998e-01, 8.904058505037e-05, 2.5940e+00, 3.9669e-02, 
 2DIAGNOSTIC,    17, -6.019669589539e-01, 9.515069888729e-05, 2.6368e+00, 4.2710e-02, 
 2DIAGNOSTIC,    18, -6.019606092573e-01, 9.224371444039e-05, 2.6768e+00, 4.0066e-02, 
 2DIAGNOSTIC,    19, -6.019540897845e-01, 8.214701984900e-05, 2.7167e+00, 3.9833e-02, 
 2DIAGNOSTIC,    20, -6.019474051867e-01, 6.652491192510e-05, 2.7535e+00, 3.6847e-02, 
 2DIAGNOSTIC,    21, -6.019422168636e-01, 4.828612074362e-05, 2.7936e+00, 4.0052e-02, 
 2DIAGNOSTIC,    22, -6.019296118018e-01, 2.991215884516e-05, 2.8395e+00, 4.5901e-02, 
 2DIAGNOSTIC,    23, -6.019274693590e-01, 1.288400689991e-05, 2.8819e+00, 4.2460e-02, 
DIAGNOSTIC,Iteration,metricValue,convergenceValue,ITERATION_TIME_INDEX,SINCE_LAST
 2DIAGNOSTIC,     1, -5.252030078960e-01, 1.797693134862e+308, 4.1793e+00, 1.2974e+00, 
 2DIAGNOSTIC,     2, -5.254814298336e-01, 1.797693134862e+308, 4.4808e+00, 3.0149e-01, 
 2DIAGNOSTIC,     3, -5.257780893342e-01, 1.797693134862e+308, 4.7604e+00, 2.7956e-01, 
 2DIAGNOSTIC,     4, -5.260504836520e-01, 1.797693134862e+308, 5.0475e+00, 2.8708e-01, 
 2DIAGNOSTIC,     5, -5.264706359520e-01, 1.797693134862e+308, 5.4031e+00, 3.5558e-01, 
 2DIAGNOSTIC,     6, -5.269319456177e-01, 1.797693134862e+308, 5.7528e+00, 3.4976e-01, 
 2DIAGNOSTIC,     7, -5.298345523027e-01, 1.797693134862e+308, 6.1272e+00, 3.7434e-01, 
 2DIAGNOSTIC,     8, -5.333033385691e-01, 1.797693134862e+308, 6.7321e+00, 6.0491e-01, 
 2DIAGNOSTIC,     9, -5.334421401253e-01, 1.797693134862e+308, 7.1012e+00, 3.6916e-01, 
 2DIAGNOSTIC,    10, -5.334464261112e-01, 1.203508691896e-03, 7.7005e+00, 5.9929e-01, 
 2DIAGNOSTIC,    11, -5.334483842315e-01, 1.151829938752e-03, 8.0366e+00, 3.3609e-01, 
 2DIAGNOSTIC,    12, -5.334483596096e-01, 1.015661899216e-03, 8.3862e+00, 3.4958e-01, 
 2DIAGNOSTIC,    13, -5.334451504733e-01, 8.186066168329e-04, 8.7547e+00, 3.6853e-01, 
 2DIAGNOSTIC,    14, -5.334428746399e-01, 5.871211934744e-04, 9.1604e+00, 4.0569e-01, 
 2DIAGNOSTIC,    15, -5.334401601491e-01, 3.510166172102e-04, 9.5960e+00, 4.3557e-01, 
 2DIAGNOSTIC,    16, -5.334399681459e-01, 1.267419912077e-04, 9.9568e+00, 3.6085e-01, 
 2DIAGNOSTIC,    17, -5.334377904210e-01, 5.821478294782e-06, 1.0309e+01, 3.5226e-01, 
 2DIAGNOSTIC,    18, -5.334373863490e-01, 1.109486449338e-06, 1.0632e+01, 3.2270e-01, 
