
##########################
# Experiment information #
##########################

EXPERIMENT_NAME: antsRegistration-r8-p18
VFC_BACKENDS: libinterflop_vprec.so --range-binary32=8 --precision-binary32=18 --range-binary64=8 --precision-binary64=18

SIF_IMG: /home/mdugre/projects/rrg-glatard/mdugre/containers/ants-vprec-no_metrics.simg

SUBJECT_ID: s025
INPUT_IMG: /home/mdugre/scratch/mri-registration-rp/datasets/ds004513/derivatives/mri-registration-rp/antsBrainExtraction/sub-s025/BrainExtractionBrain.nii.gz
OUTPUT_DIR: /home/mdugre/scratch/mri-registration-rp/datasets/ds004513/derivatives/mri-registration-rp/0001/antsRegistration-r8-p18/sub-s025

FIXED_IMG: /templateflow/tpl-MNI152NLin2009cAsym/tpl-MNI152NLin2009cAsym_res-01_desc-brain_T1w.nii.gz
DATA_DIR: /home/mdugre/scratch/mri-registration-rp/datasets/ds004513
TEMPLATEFLOW_DIR: /home/mdugre/projects/rrg-glatard/mdugre/templateflow
ITK_GLOBAL_DEFAULT_NUMBER_OF_THREADS: 16
##########################

Info [verificarlo]: loaded backend libinterflop_ieee.so
Info [interflop-ieee]: load backend with:
Info [interflop-ieee]: debug = false
Info [interflop-ieee]: debug-binary = false
Info [interflop-ieee]: no-backend-name = false
Info [interflop-ieee]: print-new-line = false
Info [interflop-ieee]: print-subnormal-normalized = false
Info [interflop-ieee]: count-op = false
All_Command_lines_OK
Using double precision for computations.
=============================================================================
The composite transform comprises the following transforms (in order): 
  1. Center of mass alignment using fixed image: /templateflow/tpl-MNI152NLin2009cAsym/tpl-MNI152NLin2009cAsym_res-01_desc-brain_T1w.nii.gz and moving image: /home/mdugre/scratch/mri-registration-rp/datasets/ds004513/derivatives/mri-registration-rp/antsBrainExtraction/sub-s025/BrainExtractionBrain.nii.gz (type = Euler3DTransform)
=============================================================================
  number of levels = 1
  fixed image: /templateflow/tpl-MNI152NLin2009cAsym/tpl-MNI152NLin2009cAsym_res-01_desc-brain_T1w.nii.gz
  moving image: /home/mdugre/scratch/mri-registration-rp/datasets/ds004513/derivatives/mri-registration-rp/antsBrainExtraction/sub-s025/BrainExtractionBrain.nii.gz
Dimension = 3
Number of stages = 1
Use histogram matching = false
Winsorize image intensities = true
  Lower quantile = 0.005
  Upper quantile = 0.995


Stage 1 State
   Image metric = MattesMI
     Fixed image = Image (0x4194e70)
  RTTI typeinfo:   itk::Image<double, 3u>
  Reference Count: 2
  Modified Time: 2334
  Debug: Off
  Object Name: 
  Observers: 
    none
  Source: (none)
  Source output name: (none)
  Release Data: Off
  Data Released: False
  Global Release Data: Off
  PipelineMTime: 0
  UpdateMTime: 1943
  RealTimeStamp: 0 seconds 
  LargestPossibleRegion: 
    Dimension: 3
    Index: [0, 0, 0]
    Size: [193, 229, 193]
  BufferedRegion: 
    Dimension: 3
    Index: [0, 0, 0]
    Size: [193, 229, 193]
  RequestedRegion: 
    Dimension: 3
    Index: [0, 0, 0]
    Size: [193, 229, 193]
  Spacing: [1, 1, 1]
  Origin: [96, 132, -78]
  Direction: 
-1 0 0
0 -1 0
0 0 1

  IndexToPointMatrix: 
-1 0 0
0 -1 0
0 0 1

  PointToIndexMatrix: 
-1 0 0
0 -1 0
0 0 1

  Inverse Direction: 
-1 0 0
0 -1 0
0 0 1

  PixelContainer: 
    ImportImageContainer (0x419dc60)
      RTTI typeinfo:   itk::ImportImageContainer<unsigned long, double>
      Reference Count: 1
      Modified Time: 1940
      Debug: Off
      Object Name: 
      Observers: 
        none
      Pointer: 0x14cdf5152010
      Container manages memory: true
      Size: 8530021
      Capacity: 8530021

     Moving image = Image (0x41a0610)
  RTTI typeinfo:   itk::Image<double, 3u>
  Reference Count: 2
  Modified Time: 2335
  Debug: Off
  Object Name: 
  Observers: 
    none
  Source: (none)
  Source output name: (none)
  Release Data: Off
  Data Released: False
  Global Release Data: Off
  PipelineMTime: 0
  UpdateMTime: 2332
  RealTimeStamp: 0 seconds 
  LargestPossibleRegion: 
    Dimension: 3
    Index: [0, 0, 0]
    Size: [176, 240, 256]
  BufferedRegion: 
    Dimension: 3
    Index: [0, 0, 0]
    Size: [176, 240, 256]
  RequestedRegion: 
    Dimension: 3
    Index: [0, 0, 0]
    Size: [176, 240, 256]
  Spacing: [0.999999, 1, 1]
  Origin: [90.3778, 84.5091, -154.071]
  Direction: 
-0.999391 7.48184e-06 -0.0348969
-7.47664e-06 -1 -2.7953e-07
-0.0348969 -1.84481e-08 0.999391

  IndexToPointMatrix: 
-0.99939 7.48184e-06 -0.0348969
-7.47663e-06 -1 -2.7953e-07
-0.0348968 -1.84481e-08 0.999391

  PointToIndexMatrix: 
-0.999392 -7.47665e-06 -0.0348969
7.48184e-06 -1 -1.84481e-08
-0.0348969 -2.7953e-07 0.999391

  Inverse Direction: 
-0.999391 -7.47664e-06 -0.0348969
7.48184e-06 -1 -1.84481e-08
-0.0348969 -2.7953e-07 0.999391

  PixelContainer: 
    ImportImageContainer (0x4239ef0)
      RTTI typeinfo:   itk::ImportImageContainer<unsigned long, double>
      Reference Count: 1
      Modified Time: 2329
      Debug: Off
      Object Name: 
      Observers: 
        none
      Pointer: 0x14cdefed1010
      Container manages memory: true
      Size: 10813440
      Capacity: 10813440

     Weighting = 1
     Sampling strategy = regular
     Number of bins = 32
     Radius = 4
     Sampling percentage  = 0.25
   Transform = Rigid
     Gradient step = 0.1
     Update field sigma (voxel space) = 0
     Total field sigma (voxel space) = 0
     Update field time sigma = 0
     Total field time sigma  = 0
     Number of time indices = 0
     Number of time point samples = 0
Registration using 1 total stages.

Stage 0
  iterations = 0
  convergence threshold = 1e-06
  convergence window size = 10
  number of levels = 1
  using the Mattes MI metric (number of bins = 32, weight = 1, use gradient filter = 0)
  preprocessing:  winsorizing the image intensities
  Shrink factors (level 1 out of 1): [1, 1, 1]
  smoothing sigmas per level: [0]
  regular sampling (percentage = 0.25)

*** Running Euler3DTransform registration ***

  Elapsed time (stage 0): 1.1282


Total elapsed time: 1.13086
Info [verificarlo]: loaded backend libinterflop_ieee.so
Info [interflop-ieee]: load backend with:
Info [interflop-ieee]: debug = false
Info [interflop-ieee]: debug-binary = false
Info [interflop-ieee]: no-backend-name = false
Info [interflop-ieee]: print-new-line = false
Info [interflop-ieee]: print-subnormal-normalized = false
Info [interflop-ieee]: count-op = false
All_Command_lines_OK
Using double precision for computations.
=============================================================================
The composite transform comprises the following transforms (in order): 
  1. /home/mdugre/scratch/mri-registration-rp/datasets/ds004513/derivatives/mri-registration-rp/0001/antsRegistration-r8-p18/sub-s025/align_Composite.h5[0] (type = Euler3DTransform)
  2. /home/mdugre/scratch/mri-registration-rp/datasets/ds004513/derivatives/mri-registration-rp/0001/antsRegistration-r8-p18/sub-s025/align_Composite.h5[1] (type = Euler3DTransform)
=============================================================================
  number of levels = 4
  fixed image: /templateflow/tpl-MNI152NLin2009cAsym/tpl-MNI152NLin2009cAsym_res-01_desc-brain_T1w.nii.gz
  moving image: /home/mdugre/scratch/mri-registration-rp/datasets/ds004513/derivatives/mri-registration-rp/antsBrainExtraction/sub-s025/BrainExtractionBrain.nii.gz
Dimension = 3
Number of stages = 1
Use histogram matching = false
Winsorize image intensities = true
  Lower quantile = 0.005
  Upper quantile = 0.995


Stage 1 State
   Image metric = MattesMI
     Fixed image = Image (0x464c530)
  RTTI typeinfo:   itk::Image<double, 3u>
  Reference Count: 2
  Modified Time: 1580
  Debug: Off
  Object Name: 
  Observers: 
    none
  Source: (none)
  Source output name: (none)
  Release Data: Off
  Data Released: False
  Global Release Data: Off
  PipelineMTime: 0
  UpdateMTime: 1189
  RealTimeStamp: 0 seconds 
  LargestPossibleRegion: 
    Dimension: 3
    Index: [0, 0, 0]
    Size: [193, 229, 193]
  BufferedRegion: 
    Dimension: 3
    Index: [0, 0, 0]
    Size: [193, 229, 193]
  RequestedRegion: 
    Dimension: 3
    Index: [0, 0, 0]
    Size: [193, 229, 193]
  Spacing: [1, 1, 1]
  Origin: [96, 132, -78]
  Direction: 
-1 0 0
0 -1 0
0 0 1

  IndexToPointMatrix: 
-1 0 0
0 -1 0
0 0 1

  PointToIndexMatrix: 
-1 0 0
0 -1 0
0 0 1

  Inverse Direction: 
-1 0 0
0 -1 0
0 0 1

  PixelContainer: 
    ImportImageContainer (0x470ad60)
      RTTI typeinfo:   itk::ImportImageContainer<unsigned long, double>
      Reference Count: 1
      Modified Time: 1186
      Debug: Off
      Object Name: 
      Observers: 
        none
      Pointer: 0x14b516a0c010
      Container manages memory: true
      Size: 8530021
      Capacity: 8530021

     Moving image = Image (0x46fcf60)
  RTTI typeinfo:   itk::Image<double, 3u>
  Reference Count: 2
  Modified Time: 1581
  Debug: Off
  Object Name: 
  Observers: 
    none
  Source: (none)
  Source output name: (none)
  Release Data: Off
  Data Released: False
  Global Release Data: Off
  PipelineMTime: 0
  UpdateMTime: 1578
  RealTimeStamp: 0 seconds 
  LargestPossibleRegion: 
    Dimension: 3
    Index: [0, 0, 0]
    Size: [176, 240, 256]
  BufferedRegion: 
    Dimension: 3
    Index: [0, 0, 0]
    Size: [176, 240, 256]
  RequestedRegion: 
    Dimension: 3
    Index: [0, 0, 0]
    Size: [176, 240, 256]
  Spacing: [0.999999, 1, 1]
  Origin: [90.3778, 84.5091, -154.071]
  Direction: 
-0.999391 7.48184e-06 -0.0348969
-7.47664e-06 -1 -2.7953e-07
-0.0348969 -1.84481e-08 0.999391

  IndexToPointMatrix: 
-0.99939 7.48184e-06 -0.0348969
-7.47663e-06 -1 -2.7953e-07
-0.0348968 -1.84481e-08 0.999391

  PointToIndexMatrix: 
-0.999392 -7.47665e-06 -0.0348969
7.48184e-06 -1 -1.84481e-08
-0.0348969 -2.7953e-07 0.999391

  Inverse Direction: 
-0.999391 -7.47664e-06 -0.0348969
7.48184e-06 -1 -1.84481e-08
-0.0348969 -2.7953e-07 0.999391

  PixelContainer: 
    ImportImageContainer (0x46ee6d0)
      RTTI typeinfo:   itk::ImportImageContainer<unsigned long, double>
      Reference Count: 1
      Modified Time: 1575
      Debug: Off
      Object Name: 
      Observers: 
        none
      Pointer: 0x14b51178b010
      Container manages memory: true
      Size: 10813440
      Capacity: 10813440

     Weighting = 1
     Sampling strategy = regular
     Number of bins = 32
     Radius = 4
     Sampling percentage  = 0.25
   Transform = Rigid
     Gradient step = 0.1
     Update field sigma (voxel space) = 0
     Total field sigma (voxel space) = 0
     Update field time sigma = 0
     Total field time sigma  = 0
     Number of time indices = 0
     Number of time point samples = 0
Registration using 1 total stages.

Stage 0
  iterations = 1000x500x250x100
  convergence threshold = 1e-06
  convergence window size = 10
  number of levels = 4
  using the Mattes MI metric (number of bins = 32, weight = 1, use gradient filter = 0)
  preprocessing:  winsorizing the image intensities
  Shrink factors (level 1 out of 4): [8, 8, 8]
  Shrink factors (level 2 out of 4): [4, 4, 4]
  Shrink factors (level 3 out of 4): [2, 2, 2]
  Shrink factors (level 4 out of 4): [1, 1, 1]
  smoothing sigmas per level: [3, 2, 1, 0]
  regular sampling (percentage = 0.25)

*** Running Euler3DTransform registration ***

DIAGNOSTIC,Iteration,metricValue,convergenceValue,ITERATION_TIME_INDEX,SINCE_LAST
 2DIAGNOSTIC,     1, -5.323241903179e-01, 1.797693134862e+308, 8.6833e-01, 8.6833e-01, 
 2DIAGNOSTIC,     2, -5.346190553927e-01, 1.797693134862e+308, 8.7340e-01, 5.0712e-03, 
 2DIAGNOSTIC,     3, -5.378036555361e-01, 1.797693134862e+308, 8.7817e-01, 4.7669e-03, 
 2DIAGNOSTIC,     4, -5.422949451405e-01, 1.797693134862e+308, 8.8275e-01, 4.5781e-03, 
 2DIAGNOSTIC,     5, -5.486805952477e-01, 1.797693134862e+308, 8.8779e-01, 5.0390e-03, 
 2DIAGNOSTIC,     6, -5.542790085272e-01, 1.797693134862e+308, 8.9353e-01, 5.7421e-03, 
 2DIAGNOSTIC,     7, -5.627123115611e-01, 1.797693134862e+308, 8.9793e-01, 4.3991e-03, 
 2DIAGNOSTIC,     8, -5.766609943856e-01, 1.797693134862e+308, 9.0326e-01, 5.3332e-03, 
 2DIAGNOSTIC,     9, -5.881111419397e-01, 1.797693134862e+308, 9.0915e-01, 5.8849e-03, 
 2DIAGNOSTIC,    10, -6.012927005665e-01, 7.820055967720e-03, 9.1570e-01, 6.5558e-03, 
 2DIAGNOSTIC,    11, -6.192402913591e-01, 8.564422673938e-03, 9.2532e-01, 9.6202e-03, 
 2DIAGNOSTIC,    12, -6.197111897444e-01, 8.513711436511e-03, 9.3023e-01, 4.9112e-03, 
 2DIAGNOSTIC,    13, -6.223136777510e-01, 7.932305190654e-03, 9.3468e-01, 4.4451e-03, 
 2DIAGNOSTIC,    14, -6.239859078530e-01, 6.938967258809e-03, 9.3945e-01, 4.7770e-03, 
 2DIAGNOSTIC,    15, -6.258731029035e-01, 5.722268374535e-03, 9.4408e-01, 4.6279e-03, 
 2DIAGNOSTIC,    16, -6.290042957042e-01, 4.404898010713e-03, 9.4908e-01, 5.0011e-03, 
 2DIAGNOSTIC,    17, -6.327399548166e-01, 3.192249457992e-03, 9.5508e-01, 5.9991e-03, 
 2DIAGNOSTIC,    18, -6.361770329221e-01, 2.298162514644e-03, 9.6098e-01, 5.8930e-03, 
 2DIAGNOSTIC,    19, -6.381920795256e-01, 1.629119692121e-03, 9.6611e-01, 5.1329e-03, 
 2DIAGNOSTIC,    20, -6.414786468552e-01, 1.264281191486e-03, 9.7092e-01, 4.8108e-03, 
 2DIAGNOSTIC,    21, -6.422621311480e-01, 1.244231354573e-03, 9.7546e-01, 4.5450e-03, 
 2DIAGNOSTIC,    22, -6.443386369665e-01, 1.164065699266e-03, 9.8007e-01, 4.6010e-03, 
 2DIAGNOSTIC,    23, -6.458367311008e-01, 1.066297095514e-03, 9.8479e-01, 4.7250e-03, 
 2DIAGNOSTIC,    24, -6.528535014714e-01, 1.047817940538e-03, 9.9028e-01, 5.4879e-03, 
 2DIAGNOSTIC,    25, -6.591704563667e-01, 1.083081259391e-03, 9.9684e-01, 6.5601e-03, 
 2DIAGNOSTIC,    26, -6.605963657811e-01, 1.093549167345e-03, 1.0020e+00, 5.1241e-03, 
 2DIAGNOSTIC,    27, -6.608439808486e-01, 1.070984910904e-03, 1.0066e+00, 4.6401e-03, 
 2DIAGNOSTIC,    28, -6.615671822832e-01, 1.019502613408e-03, 1.0115e+00, 4.8890e-03, 
 2DIAGNOSTIC,    29, -6.628794559015e-01, 9.260606500799e-04, 1.0163e+00, 4.7722e-03, 
 2DIAGNOSTIC,    30, -6.728295233684e-01, 9.537373155025e-04, 1.0227e+00, 6.4580e-03, 
 2DIAGNOSTIC,    31, -6.735478644343e-01, 9.084150031019e-04, 1.0273e+00, 4.5590e-03, 
 2DIAGNOSTIC,    32, -6.743492157963e-01, 8.254127804080e-04, 1.0319e+00, 4.6611e-03, 
 2DIAGNOSTIC,    33, -6.778518482794e-01, 7.396600872783e-04, 1.0367e+00, 4.7901e-03, 
 2DIAGNOSTIC,    34, -6.872952666307e-01, 8.064173972733e-04, 1.0465e+00, 9.7349e-03, 
 2DIAGNOSTIC,    35, -6.877318782507e-01, 8.751560336502e-04, 1.0513e+00, 4.8599e-03, 
 2DIAGNOSTIC,    36, -6.893210655768e-01, 8.964158451238e-04, 1.0559e+00, 4.5800e-03, 
 2DIAGNOSTIC,    37, -6.927371881837e-01, 8.791172055407e-04, 1.0606e+00, 4.6561e-03, 
 2DIAGNOSTIC,    38, -7.010196490697e-01, 8.852727899409e-04, 1.0652e+00, 4.6539e-03, 
 2DIAGNOSTIC,    39, -7.064002663199e-01, 8.771057143952e-04, 1.0698e+00, 4.6210e-03, 
 2DIAGNOSTIC,    40, -7.084322861464e-01, 9.204484355012e-04, 1.0744e+00, 4.6079e-03, 
 2DIAGNOSTIC,    41, -7.160902895838e-01, 9.680616291505e-04, 1.0798e+00, 5.3172e-03, 
 2DIAGNOSTIC,    42, -7.193250155435e-01, 9.618745973616e-04, 1.0864e+00, 6.6340e-03, 
 2DIAGNOSTIC,    43, -7.222054872044e-01, 9.264520172818e-04, 1.0911e+00, 4.7040e-03, 
 2DIAGNOSTIC,    44, -7.284804300290e-01, 9.629118737784e-04, 1.0959e+00, 4.7741e-03, 
 2DIAGNOSTIC,    45, -7.389319329313e-01, 1.011902899960e-03, 1.1009e+00, 4.9889e-03, 
 2DIAGNOSTIC,    46, -7.434797540884e-01, 1.018342747403e-03, 1.1058e+00, 4.9520e-03, 
 2DIAGNOSTIC,    47, -7.509531689850e-01, 1.027513440580e-03, 1.1137e+00, 7.8712e-03, 
 2DIAGNOSTIC,    48, -7.532957984134e-01, 1.034229310329e-03, 1.1191e+00, 5.3680e-03, 
 2DIAGNOSTIC,    49, -7.541564260463e-01, 9.976534337647e-04, 1.1241e+00, 5.0740e-03, 
 2DIAGNOSTIC,    50, -7.565408875272e-01, 9.038495052350e-04, 1.1294e+00, 5.2452e-03, 
 2DIAGNOSTIC,    51, -7.578977521825e-01, 8.034480306200e-04, 1.1346e+00, 5.2409e-03, 
 2DIAGNOSTIC,    52, -7.578113240643e-01, 6.569839288437e-04, 1.1427e+00, 8.0431e-03, 
 2DIAGNOSTIC,    53, -7.579745356769e-01, 4.788412874095e-04, 1.1477e+00, 5.0268e-03, 
 2DIAGNOSTIC,    54, -7.582733691495e-01, 3.136369332786e-04, 1.1524e+00, 4.7510e-03, 
 2DIAGNOSTIC,    55, -7.587002005388e-01, 2.095583059404e-04, 1.1573e+00, 4.8909e-03, 
 2DIAGNOSTIC,    56, -7.592010593115e-01, 1.266085930606e-04, 1.1618e+00, 4.5080e-03, 
 2DIAGNOSTIC,    57, -7.596443046141e-01, 9.387376181385e-05, 1.1670e+00, 5.1320e-03, 
 2DIAGNOSTIC,    58, -7.598484705060e-01, 7.231161375468e-05, 1.1720e+00, 5.0812e-03, 
 2DIAGNOSTIC,    59, -7.599471028977e-01, 5.121404780779e-05, 1.1765e+00, 4.4580e-03, 
 2DIAGNOSTIC,    60, -7.599714940723e-01, 4.275633621341e-05, 1.1819e+00, 5.3539e-03, 
 2DIAGNOSTIC,    61, -7.601659181342e-01, 4.131123795438e-05, 1.1864e+00, 4.5218e-03, 
 2DIAGNOSTIC,    62, -7.605654745628e-01, 3.808152632178e-05, 1.1923e+00, 5.8930e-03, 
 2DIAGNOSTIC,    63, -7.609580708442e-01, 3.501056582061e-05, 1.1980e+00, 5.7390e-03, 
 2DIAGNOSTIC,    64, -7.608560225171e-01, 2.999691087677e-05, 1.2042e+00, 6.1491e-03, 
 2DIAGNOSTIC,    65, -7.612945791508e-01, 2.794723061054e-05, 1.2090e+00, 4.7998e-03, 
 2DIAGNOSTIC,    66, -7.612432795111e-01, 2.604804547127e-05, 1.2133e+00, 4.3368e-03, 
 2DIAGNOSTIC,    67, -7.611648953162e-01, 2.398080724356e-05, 1.2178e+00, 4.4930e-03, 
 2DIAGNOSTIC,    68, -7.611906576611e-01, 2.114415287333e-05, 1.2221e+00, 4.2789e-03, 
 2DIAGNOSTIC,    69, -7.612183587547e-01, 1.720150973245e-05, 1.2270e+00, 4.8828e-03, 
 2DIAGNOSTIC,    70, -7.612532684304e-01, 1.211209847269e-05, 1.2315e+00, 4.5018e-03, 
 2DIAGNOSTIC,    71, -7.615348413873e-01, 8.790351885418e-06, 1.2386e+00, 7.1490e-03, 
 2DIAGNOSTIC,    72, -7.615456950139e-01, 7.067981731435e-06, 1.2434e+00, 4.7979e-03, 
 2DIAGNOSTIC,    73, -7.614300322944e-01, 6.393287833317e-06, 1.2477e+00, 4.3130e-03, 
 2DIAGNOSTIC,    74, -7.613153038118e-01, 3.920389591731e-06, 1.2520e+00, 4.3201e-03, 
 2DIAGNOSTIC,    75, -7.614485706576e-01, 4.337461330340e-06, 1.2564e+00, 4.3600e-03, 
 2DIAGNOSTIC,    76, -7.615797916922e-01, 4.753559895918e-06, 1.2684e+00, 1.2045e-02, 
 2DIAGNOSTIC,    77, -7.618500295543e-01, 5.743098801110e-06, 1.2750e+00, 6.5560e-03, 
 2DIAGNOSTIC,    78, -7.618544098777e-01, 6.367002087971e-06, 1.2814e+00, 6.4309e-03, 
 2DIAGNOSTIC,    79, -7.618550278121e-01, 6.600032942257e-06, 1.2860e+00, 4.5729e-03, 
 2DIAGNOSTIC,    80, -7.618587920953e-01, 6.391152601273e-06, 1.2910e+00, 5.0142e-03, 
 2DIAGNOSTIC,    81, -7.619815454359e-01, 7.617706898159e-06, 1.2955e+00, 4.5061e-03, 
 2DIAGNOSTIC,    82, -7.619829510197e-01, 8.156952960067e-06, 1.3006e+00, 5.0430e-03, 
 2DIAGNOSTIC,    83, -7.618642708651e-01, 6.820257829384e-06, 1.3079e+00, 7.3349e-03, 
 2DIAGNOSTIC,    84, -7.619841832273e-01, 4.962050944191e-06, 1.3130e+00, 5.0550e-03, 
 2DIAGNOSTIC,    85, -7.619842105703e-01, 3.323060347662e-06, 1.3175e+00, 4.5531e-03, 
 2DIAGNOSTIC,    86, -7.618644341912e-01, 1.449744317679e-06, 1.3221e+00, 4.6320e-03, 
DIAGNOSTIC,Iteration,metricValue,convergenceValue,ITERATION_TIME_INDEX,SINCE_LAST
 2DIAGNOSTIC,     1, -6.046086103095e-01, 1.797693134862e+308, 2.1420e+00, 8.1986e-01, 
 2DIAGNOSTIC,     2, -6.054512760828e-01, 1.797693134862e+308, 2.1730e+00, 3.0988e-02, 
 2DIAGNOSTIC,     3, -6.067859020339e-01, 1.797693134862e+308, 2.2050e+00, 3.2046e-02, 
 2DIAGNOSTIC,     4, -6.082858079874e-01, 1.797693134862e+308, 2.2375e+00, 3.2442e-02, 
 2DIAGNOSTIC,     5, -6.094561295705e-01, 1.797693134862e+308, 2.2683e+00, 3.0812e-02, 
 2DIAGNOSTIC,     6, -6.106514190776e-01, 1.797693134862e+308, 2.2986e+00, 3.0288e-02, 
 2DIAGNOSTIC,     7, -6.123623295389e-01, 1.797693134862e+308, 2.3296e+00, 3.1019e-02, 
 2DIAGNOSTIC,     8, -6.204376125601e-01, 1.797693134862e+308, 2.3832e+00, 5.3627e-02, 
 2DIAGNOSTIC,     9, -6.206890888236e-01, 1.797693134862e+308, 2.4141e+00, 3.0885e-02, 
 2DIAGNOSTIC,    10, -6.207451885677e-01, 1.913633553060e-03, 2.4493e+00, 3.5233e-02, 
 2DIAGNOSTIC,    11, -6.209249255394e-01, 1.764814044532e-03, 2.5006e+00, 5.1268e-02, 
 2DIAGNOSTIC,    12, -6.209224732893e-01, 1.513218686847e-03, 2.5350e+00, 3.4356e-02, 
 2DIAGNOSTIC,    13, -6.209386081191e-01, 1.207262919019e-03, 2.5700e+00, 3.5021e-02, 
 2DIAGNOSTIC,    14, -6.209468748305e-01, 8.851727272154e-04, 2.6119e+00, 4.1942e-02, 
 2DIAGNOSTIC,    15, -6.209420331408e-01, 5.653684178216e-04, 2.6482e+00, 3.6276e-02, 
 2DIAGNOSTIC,    16, -6.209365036466e-01, 2.700680130826e-04, 2.6840e+00, 3.5800e-02, 
 2DIAGNOSTIC,    17, -6.209186709000e-01, 2.492422398505e-05, 2.7164e+00, 3.2407e-02, 
 2DIAGNOSTIC,    18, -6.209366898594e-01, 1.249080805854e-05, 2.7529e+00, 3.6469e-02, 
 2DIAGNOSTIC,    19, -6.209450283906e-01, 6.679541678982e-06, 2.7864e+00, 3.3488e-02, 
 2DIAGNOSTIC,    20, -6.209452968404e-01, 2.170332565429e-06, 2.8285e+00, 4.2175e-02, 
 2DIAGNOSTIC,    21, -6.209487334784e-01, 2.081950766494e-06, 2.8694e+00, 4.0874e-02, 
 2DIAGNOSTIC,    22, -6.209190071247e-01, 1.272724524819e-06, 2.9074e+00, 3.7964e-02, 
DIAGNOSTIC,Iteration,metricValue,convergenceValue,ITERATION_TIME_INDEX,SINCE_LAST
 2DIAGNOSTIC,     1, -5.343157292335e-01, 1.797693134862e+308, 4.1579e+00, 1.2506e+00, 
 2DIAGNOSTIC,     2, -5.344108664383e-01, 1.797693134862e+308, 4.4211e+00, 2.6318e-01, 
 2DIAGNOSTIC,     3, -5.344652556856e-01, 1.797693134862e+308, 4.6825e+00, 2.6135e-01, 
 2DIAGNOSTIC,     4, -5.345050610425e-01, 1.797693134862e+308, 4.9210e+00, 2.3849e-01, 
 2DIAGNOSTIC,     5, -5.347266032815e-01, 1.797693134862e+308, 5.1487e+00, 2.2776e-01, 
 2DIAGNOSTIC,     6, -5.351838981960e-01, 1.797693134862e+308, 5.4381e+00, 2.8935e-01, 
 2DIAGNOSTIC,     7, -5.358542986347e-01, 1.797693134862e+308, 5.7002e+00, 2.6213e-01, 
 2DIAGNOSTIC,     8, -5.358435025875e-01, 1.797693134862e+308, 6.3135e+00, 6.1329e-01, 
 2DIAGNOSTIC,     9, -5.358445776672e-01, 1.797693134862e+308, 6.5469e+00, 2.3341e-01, 
 2DIAGNOSTIC,    10, -5.358424934568e-01, 2.396620316059e-04, 6.7796e+00, 2.3272e-01, 
 2DIAGNOSTIC,    11, -5.358426400173e-01, 2.060332495070e-04, 7.0124e+00, 2.3274e-01, 
 2DIAGNOSTIC,    12, -5.358439710212e-01, 1.636093333391e-04, 7.2628e+00, 2.5042e-01, 
 2DIAGNOSTIC,    13, -5.358441863700e-01, 1.156864260785e-04, 7.4877e+00, 2.2489e-01, 
 2DIAGNOSTIC,    14, -5.358434632655e-01, 6.619869856429e-05, 7.7450e+00, 2.5731e-01, 
 2DIAGNOSTIC,    15, -5.358436922652e-01, 2.514734884823e-05, 7.9697e+00, 2.2470e-01, 
 2DIAGNOSTIC,    16, -5.358429821357e-01, 1.627424680156e-06, 8.1960e+00, 2.2631e-01, 
 2DIAGNOSTIC,    17, -5.358414255501e-01, 1.803727234129e-06, 8.4183e+00, 2.2231e-01, 
 2DIAGNOSTIC,    18, -5.358402889317e-01, 1.614328360995e-06, 8.6934e+00, 2.7515e-01, 
 2DIAGNOSTIC,    19, -5.358384865666e-01, 1.441539450586e-06, 9.0418e+00, 3.4841e-01, 
 2DIAGNOSTIC,    20, -5.358381729077e-01, 1.244918327439e-06, 9.3885e+00, 3.4669e-01, 
 2DIAGNOSTIC,    21, -5.358374259460e-01, 1.082597525195e-06, 9.6923e+00, 3.0377e-01, 
DIAGNOSTIC,Iteration,metricValue,convergenceValue,ITERATION_TIME_INDEX,SINCE_LAST
 2DIAGNOSTIC,     1, -4.894565344558e-01, 1.797693134862e+308, 1.2577e+01, 2.8847e+00, 
 2DIAGNOSTIC,     2, -4.894664154372e-01, 1.797693134862e+308, 1.3908e+01, 1.3310e+00, 
 2DIAGNOSTIC,     3, -4.894786425344e-01, 1.797693134862e+308, 1.5435e+01, 1.5270e+00, 
 2DIAGNOSTIC,     4, -4.894996660914e-01, 1.797693134862e+308, 1.6779e+01, 1.3439e+00, 
 2DIAGNOSTIC,     5, -4.895244495459e-01, 1.797693134862e+308, 1.8256e+01, 1.4773e+00, 
 2DIAGNOSTIC,     6, -4.896229799348e-01, 1.797693134862e+308, 2.0136e+01, 1.8795e+00, 
 2DIAGNOSTIC,     7, -4.896655362659e-01, 1.797693134862e+308, 2.2202e+01, 2.0666e+00, 
 2DIAGNOSTIC,     8, -4.896795826562e-01, 1.797693134862e+308, 2.3724e+01, 1.5220e+00, 
 2DIAGNOSTIC,     9, -4.896929169090e-01, 1.797693134862e+308, 2.5226e+01, 1.5022e+00, 
 2DIAGNOSTIC,    10, -4.897189264403e-01, 4.353072973053e-05, 2.6739e+01, 1.5126e+00, 
 2DIAGNOSTIC,    11, -4.897693346485e-01, 4.130844203343e-05, 2.8454e+01, 1.7146e+00, 
 2DIAGNOSTIC,    12, -4.897738493029e-01, 3.662415525457e-05, 3.0128e+01, 1.6739e+00, 
 2DIAGNOSTIC,    13, -4.897906848245e-01, 3.096946020381e-05, 3.1636e+01, 1.5083e+00, 
 2DIAGNOSTIC,    14, -4.898482118827e-01, 2.683808927438e-05, 3.3483e+01, 1.8471e+00, 
 2DIAGNOSTIC,    15, -4.898511878869e-01, 2.192948055324e-05, 3.4822e+01, 1.3393e+00, 
 2DIAGNOSTIC,    16, -4.899158273926e-01, 2.170389864259e-05, 3.6374e+01, 1.5521e+00, 
 2DIAGNOSTIC,    17, -4.899301028147e-01, 2.159526247335e-05, 3.7921e+01, 1.5468e+00, 
 2DIAGNOSTIC,    18, -4.899294463689e-01, 2.012953379789e-05, 3.9646e+01, 1.7251e+00, 
 2DIAGNOSTIC,    19, -4.899284576725e-01, 1.749792160008e-05, 4.1529e+01, 1.8825e+00, 
 2DIAGNOSTIC,    20, -4.899283406845e-01, 1.437074246119e-05, 4.3101e+01, 1.5724e+00, 
 2DIAGNOSTIC,    21, -4.899279921671e-01, 1.172993638827e-05, 4.4648e+01, 1.5467e+00, 
 2DIAGNOSTIC,    22, -4.899276446034e-01, 8.479453539441e-06, 4.9052e+01, 4.4044e+00, 
 2DIAGNOSTIC,    23, -4.899276446034e-01, 5.263484390977e-06, 5.1642e+01, 2.5898e+00, 
 2DIAGNOSTIC,    24, -4.899276446034e-01, 3.365531597820e-06, 5.3431e+01, 1.7894e+00, 
 2DIAGNOSTIC,    25, -4.899276446034e-01, 1.457763628400e-06, 5.5249e+01, 1.8178e+00, 
 2DIAGNOSTIC,    26, -4.899276446034e-01, 1.112582372932e-06, 5.6823e+01, 1.5737e+00, 
 2DIAGNOSTIC,    27, -4.899276446034e-01, 1.110528576695e-06, 5.8350e+01, 1.5269e+00, 
 2DIAGNOSTIC,    28, -4.899276446034e-01, 1.101896827123e-06, 5.9899e+01, 1.5489e+00, 
 2DIAGNOSTIC,    29, -4.899276446034e-01, 1.077206054224e-06, 6.1607e+01, 1.7083e+00, 
 2DIAGNOSTIC,    30, -4.899276446034e-01, 1.053902615095e-06, 6.3138e+01, 1.5305e+00, 
 2DIAGNOSTIC,    31, -4.899276446034e-01, 1.026402373254e-06, 6.4652e+01, 1.5142e+00, 
  Elapsed time (stage 0): 6.5492e+01


Total elapsed time: 6.5495e+01
Info [verificarlo]: loaded backend libinterflop_ieee.so
Info [interflop-ieee]: load backend with:
Info [interflop-ieee]: debug = false
Info [interflop-ieee]: debug-binary = false
Info [interflop-ieee]: no-backend-name = false
Info [interflop-ieee]: print-new-line = false
Info [interflop-ieee]: print-subnormal-normalized = false
Info [interflop-ieee]: count-op = false
All_Command_lines_OK
Using double precision for computations.
=============================================================================
The composite transform comprises the following transforms (in order): 
  1. /home/mdugre/scratch/mri-registration-rp/datasets/ds004513/derivatives/mri-registration-rp/0001/antsRegistration-r8-p18/sub-s025/rigid_Composite.h5[0] (type = Euler3DTransform)
  2. /home/mdugre/scratch/mri-registration-rp/datasets/ds004513/derivatives/mri-registration-rp/0001/antsRegistration-r8-p18/sub-s025/rigid_Composite.h5[1] (type = Euler3DTransform)
  3. /home/mdugre/scratch/mri-registration-rp/datasets/ds004513/derivatives/mri-registration-rp/0001/antsRegistration-r8-p18/sub-s025/rigid_Composite.h5[2] (type = Euler3DTransform)
=============================================================================
  number of levels = 4
  fixed image: /templateflow/tpl-MNI152NLin2009cAsym/tpl-MNI152NLin2009cAsym_res-01_desc-brain_T1w.nii.gz
  moving image: /home/mdugre/scratch/mri-registration-rp/datasets/ds004513/derivatives/mri-registration-rp/antsBrainExtraction/sub-s025/BrainExtractionBrain.nii.gz
Dimension = 3
Number of stages = 1
Use histogram matching = false
Winsorize image intensities = true
  Lower quantile = 0.005
  Upper quantile = 0.995


Stage 1 State
   Image metric = MattesMI
     Fixed image = Image (0x494a7e0)
  RTTI typeinfo:   itk::Image<double, 3u>
  Reference Count: 2
  Modified Time: 1594
  Debug: Off
  Object Name: 
  Observers: 
    none
  Source: (none)
  Source output name: (none)
  Release Data: Off
  Data Released: False
  Global Release Data: Off
  PipelineMTime: 0
  UpdateMTime: 1203
  RealTimeStamp: 0 seconds 
  LargestPossibleRegion: 
    Dimension: 3
    Index: [0, 0, 0]
    Size: [193, 229, 193]
  BufferedRegion: 
    Dimension: 3
    Index: [0, 0, 0]
    Size: [193, 229, 193]
  RequestedRegion: 
    Dimension: 3
    Index: [0, 0, 0]
    Size: [193, 229, 193]
  Spacing: [1, 1, 1]
  Origin: [96, 132, -78]
  Direction: 
-1 0 0
0 -1 0
0 0 1

  IndexToPointMatrix: 
-1 0 0
0 -1 0
0 0 1

  PointToIndexMatrix: 
-1 0 0
0 -1 0
0 0 1

  Inverse Direction: 
-1 0 0
0 -1 0
0 0 1

  PixelContainer: 
    ImportImageContainer (0x4a0aa20)
      RTTI typeinfo:   itk::ImportImageContainer<unsigned long, double>
      Reference Count: 1
      Modified Time: 1200
      Debug: Off
      Object Name: 
      Observers: 
        none
      Pointer: 0x14747e81b010
      Container manages memory: true
      Size: 8530021
      Capacity: 8530021

     Moving image = Image (0x4a05d70)
  RTTI typeinfo:   itk::Image<double, 3u>
  Reference Count: 2
  Modified Time: 1595
  Debug: Off
  Object Name: 
  Observers: 
    none
  Source: (none)
  Source output name: (none)
  Release Data: Off
  Data Released: False
  Global Release Data: Off
  PipelineMTime: 0
  UpdateMTime: 1592
  RealTimeStamp: 0 seconds 
  LargestPossibleRegion: 
    Dimension: 3
    Index: [0, 0, 0]
    Size: [176, 240, 256]
  BufferedRegion: 
    Dimension: 3
    Index: [0, 0, 0]
    Size: [176, 240, 256]
  RequestedRegion: 
    Dimension: 3
    Index: [0, 0, 0]
    Size: [176, 240, 256]
  Spacing: [0.999999, 1, 1]
  Origin: [90.3778, 84.5091, -154.071]
  Direction: 
-0.999391 7.48184e-06 -0.0348969
-7.47664e-06 -1 -2.7953e-07
-0.0348969 -1.84481e-08 0.999391

  IndexToPointMatrix: 
-0.99939 7.48184e-06 -0.0348969
-7.47663e-06 -1 -2.7953e-07
-0.0348968 -1.84481e-08 0.999391

  PointToIndexMatrix: 
-0.999392 -7.47665e-06 -0.0348969
7.48184e-06 -1 -1.84481e-08
-0.0348969 -2.7953e-07 0.999391

  Inverse Direction: 
-0.999391 -7.47664e-06 -0.0348969
7.48184e-06 -1 -1.84481e-08
-0.0348969 -2.7953e-07 0.999391

  PixelContainer: 
    ImportImageContainer (0x49bdc90)
      RTTI typeinfo:   itk::ImportImageContainer<unsigned long, double>
      Reference Count: 1
      Modified Time: 1589
      Debug: Off
      Object Name: 
      Observers: 
        none
      Pointer: 0x14747959a010
      Container manages memory: true
      Size: 10813440
      Capacity: 10813440

     Weighting = 1
     Sampling strategy = regular
     Number of bins = 32
     Radius = 4
     Sampling percentage  = 0.25
   Transform = Affine
     Gradient step = 0.1
     Update field sigma (voxel space) = 0
     Total field sigma (voxel space) = 0
     Update field time sigma = 0
     Total field time sigma  = 0
     Number of time indices = 0
     Number of time point samples = 0
Registration using 1 total stages.

Stage 0
  iterations = 1000x500x250x100
  convergence threshold = 1e-06
  convergence window size = 10
  number of levels = 4
  using the Mattes MI metric (number of bins = 32, weight = 1, use gradient filter = 0)
  preprocessing:  winsorizing the image intensities
  Shrink factors (level 1 out of 4): [8, 8, 8]
  Shrink factors (level 2 out of 4): [4, 4, 4]
  Shrink factors (level 3 out of 4): [2, 2, 2]
  Shrink factors (level 4 out of 4): [1, 1, 1]
  smoothing sigmas per level: [3, 2, 1, 0]
  regular sampling (percentage = 0.25)

*** Running AffineTransform registration ***

DIAGNOSTIC,Iteration,metricValue,convergenceValue,ITERATION_TIME_INDEX,SINCE_LAST
 2DIAGNOSTIC,     1, -7.472549556772e-01, 1.797693134862e+308, 1.1038e+00, 1.1038e+00, 
 2DIAGNOSTIC,     2, -7.492100267495e-01, 1.797693134862e+308, 1.1094e+00, 5.6190e-03, 
 2DIAGNOSTIC,     3, -7.522815215128e-01, 1.797693134862e+308, 1.1150e+00, 5.5971e-03, 
 2DIAGNOSTIC,     4, -7.578220091325e-01, 1.797693134862e+308, 1.1204e+00, 5.3930e-03, 
 2DIAGNOSTIC,     5, -7.655415532861e-01, 1.797693134862e+308, 1.1256e+00, 5.1978e-03, 
 2DIAGNOSTIC,     6, -7.781925991486e-01, 1.797693134862e+308, 1.1307e+00, 5.1529e-03, 
 2DIAGNOSTIC,     7, -8.081159688110e-01, 1.797693134862e+308, 1.1362e+00, 5.4331e-03, 
 2DIAGNOSTIC,     8, -8.792320039477e-01, 1.797693134862e+308, 1.1442e+00, 8.0090e-03, 
 2DIAGNOSTIC,     9, -8.987696354226e-01, 1.797693134862e+308, 1.1549e+00, 1.0725e-02, 
 2DIAGNOSTIC,    10, -8.988564256588e-01, 1.404397743908e-02, 1.1610e+00, 6.1488e-03, 
 2DIAGNOSTIC,    11, -8.996278921875e-01, 1.385405628648e-02, 1.1665e+00, 5.4650e-03, 
 2DIAGNOSTIC,    12, -9.007829675518e-01, 1.254431223146e-02, 1.1722e+00, 5.7120e-03, 
 2DIAGNOSTIC,    13, -9.023751327482e-01, 1.041888552391e-02, 1.1775e+00, 5.2888e-03, 
 2DIAGNOSTIC,    14, -9.048510846709e-01, 7.872345483921e-03, 1.1828e+00, 5.3282e-03, 
 2DIAGNOSTIC,    15, -9.084834873833e-01, 5.258119051457e-03, 1.1882e+00, 5.3880e-03, 
 2DIAGNOSTIC,    16, -9.147425801058e-01, 2.920646532917e-03, 1.1938e+00, 5.5780e-03, 
 2DIAGNOSTIC,    17, -9.207455601413e-01, 1.284635996703e-03, 1.1991e+00, 5.3191e-03, 
 2DIAGNOSTIC,    18, -9.262921886179e-01, 1.138878559489e-03, 1.2053e+00, 6.1710e-03, 
 2DIAGNOSTIC,    19, -9.317841368640e-01, 1.342118581668e-03, 1.2120e+00, 6.7370e-03, 
 2DIAGNOSTIC,    20, -9.334035859438e-01, 1.426275900294e-03, 1.2196e+00, 7.6020e-03, 
 2DIAGNOSTIC,    21, -9.332849989958e-01, 1.379770454003e-03, 1.2250e+00, 5.3439e-03, 
 2DIAGNOSTIC,    22, -9.367967541363e-01, 1.279183892982e-03, 1.2311e+00, 6.1409e-03, 
 2DIAGNOSTIC,    23, -9.371769084967e-01, 1.094987692210e-03, 1.2366e+00, 5.4479e-03, 
 2DIAGNOSTIC,    24, -9.372310276547e-01, 8.592048351609e-04, 1.2428e+00, 6.2132e-03, 
 2DIAGNOSTIC,    25, -9.374971550234e-01, 6.139609073238e-04, 1.2487e+00, 5.9509e-03, 
 2DIAGNOSTIC,    26, -9.378471795564e-01, 4.133947240675e-04, 1.2547e+00, 5.9969e-03, 
 2DIAGNOSTIC,    27, -9.385752484582e-01, 2.689623592517e-04, 1.2628e+00, 8.0810e-03, 
 2DIAGNOSTIC,    28, -9.382869541956e-01, 1.689142905295e-04, 1.2687e+00, 5.9459e-03, 
 2DIAGNOSTIC,    29, -9.384176406437e-01, 1.231015497927e-04, 1.2751e+00, 6.3460e-03, 
 2DIAGNOSTIC,    30, -9.384477121815e-01, 8.721928452245e-05, 1.2810e+00, 5.9218e-03, 
 2DIAGNOSTIC,    31, -9.383276314461e-01, 4.205999748012e-05, 1.2864e+00, 5.3420e-03, 
 2DIAGNOSTIC,    32, -9.382278476012e-01, 2.999214154466e-05, 1.2923e+00, 5.9171e-03, 
 2DIAGNOSTIC,    33, -9.382800572975e-01, 2.024463882009e-05, 1.2982e+00, 5.9311e-03, 
 2DIAGNOSTIC,    34, -9.380279958884e-01, 7.446118634173e-06, 1.3037e+00, 5.5330e-03, 
DIAGNOSTIC,Iteration,metricValue,convergenceValue,ITERATION_TIME_INDEX,SINCE_LAST
 2DIAGNOSTIC,     1, -7.508289855543e-01, 1.797693134862e+308, 2.0893e+00, 7.8555e-01, 
 2DIAGNOSTIC,     2, -7.512188337736e-01, 1.797693134862e+308, 2.1296e+00, 4.0328e-02, 
 2DIAGNOSTIC,     3, -7.514683298688e-01, 1.797693134862e+308, 2.1685e+00, 3.8878e-02, 
 2DIAGNOSTIC,     4, -7.518374233667e-01, 1.797693134862e+308, 2.2063e+00, 3.7824e-02, 
 2DIAGNOSTIC,     5, -7.525375906416e-01, 1.797693134862e+308, 2.2430e+00, 3.6652e-02, 
 2DIAGNOSTIC,     6, -7.536372126510e-01, 1.797693134862e+308, 2.2975e+00, 5.4545e-02, 
 2DIAGNOSTIC,     7, -7.541287996596e-01, 1.797693134862e+308, 2.3388e+00, 4.1301e-02, 
 2DIAGNOSTIC,     8, -7.541561113165e-01, 1.797693134862e+308, 2.3875e+00, 4.8671e-02, 
 2DIAGNOSTIC,     9, -7.541896580508e-01, 1.797693134862e+308, 2.4343e+00, 4.6851e-02, 
 2DIAGNOSTIC,    10, -7.541655885385e-01, 3.456182482155e-04, 2.4846e+00, 5.0249e-02, 
 2DIAGNOSTIC,    11, -7.541310172332e-01, 2.690743828881e-04, 2.5322e+00, 4.7603e-02, 
 2DIAGNOSTIC,    12, -7.541094889653e-01, 1.929469738556e-04, 2.5827e+00, 5.0503e-02, 
 2DIAGNOSTIC,    13, -7.540901924917e-01, 1.184320241554e-04, 2.6318e+00, 4.9089e-02, 
 2DIAGNOSTIC,    14, -7.540812576211e-01, 5.375824919385e-05, 2.6758e+00, 4.3987e-02, 
 2DIAGNOSTIC,    15, -7.540716100968e-01, 9.756133451513e-06, 2.7158e+00, 3.9988e-02, 
DIAGNOSTIC,Iteration,metricValue,convergenceValue,ITERATION_TIME_INDEX,SINCE_LAST
 2DIAGNOSTIC,     1, -6.420194044803e-01, 1.797693134862e+308, 4.0452e+00, 1.3295e+00, 
 2DIAGNOSTIC,     2, -6.423730985396e-01, 1.797693134862e+308, 4.3806e+00, 3.3540e-01, 
 2DIAGNOSTIC,     3, -6.427872830792e-01, 1.797693134862e+308, 4.7443e+00, 3.6363e-01, 
 2DIAGNOSTIC,     4, -6.432466120456e-01, 1.797693134862e+308, 5.0904e+00, 3.4614e-01, 
 2DIAGNOSTIC,     5, -6.442289090122e-01, 1.797693134862e+308, 5.4632e+00, 3.7285e-01, 
 2DIAGNOSTIC,     6, -6.451718905941e-01, 1.797693134862e+308, 5.9212e+00, 4.5800e-01, 
 2DIAGNOSTIC,     7, -6.451954108397e-01, 1.797693134862e+308, 6.3252e+00, 4.0394e-01, 
 2DIAGNOSTIC,     8, -6.451876799458e-01, 1.797693134862e+308, 6.8043e+00, 4.7914e-01, 
 2DIAGNOSTIC,     9, -6.451916516921e-01, 1.797693134862e+308, 7.1618e+00, 3.5749e-01, 
 2DIAGNOSTIC,    10, -6.451875720451e-01, 3.730370605113e-04, 7.5344e+00, 3.7258e-01, 
 2DIAGNOSTIC,    11, -6.451841744377e-01, 2.726387573341e-04, 7.8691e+00, 3.3470e-01, 
 2DIAGNOSTIC,    12, -6.451821003237e-01, 1.779576183154e-04, 8.1849e+00, 3.1584e-01, 
 2DIAGNOSTIC,    13, -6.451819980802e-01, 9.656212577677e-05, 8.5263e+00, 3.4137e-01, 
 2DIAGNOSTIC,    14, -6.451821475612e-01, 3.221696548454e-05, 8.9085e+00, 3.8222e-01, 
 2DIAGNOSTIC,    15, -6.451814347189e-01, 1.798219409321e-06, 9.2151e+00, 3.0654e-01, 
 2DIAGNOSTIC,    16, -6.451794277023e-01, 1.134289990573e-06, 9.5228e+00, 3.0773e-01, 
 2DIAGNOSTIC,    17, -6.451765772168e-01, 1.171351422809e-06, 9.8627e+00, 3.3989e-01, 
 2DIAGNOSTIC,    18, -6.451792730601e-01, 1.141755622443e-06, 1.0216e+01, 3.5327e-01, 
 2DIAGNOSTIC,    19, -6.451764872854e-01, 1.198565013717e-06, 1.0509e+01, 2.9310e-01, 
 2DIAGNOSTIC,    20, -6.451747323955e-01, 1.168834641158e-06, 1.0893e+01, 3.8402e-01, 
 2DIAGNOSTIC,    21, -6.451743100446e-01, 1.104686919176e-06, 1.1255e+01, 3.6149e-01, 
DIAGNOSTIC,Iteration,metricValue,convergenceValue,ITERATION_TIME_INDEX,SINCE_LAST
 2DIAGNOSTIC,     1, -5.765372852884e-01, 1.797693134862e+308, 1.4298e+01, 3.0434e+00, 
 2DIAGNOSTIC,     2, -5.769499823352e-01, 1.797693134862e+308, 1.6161e+01, 1.8627e+00, 
 2DIAGNOSTIC,     3, -5.774252438954e-01, 1.797693134862e+308, 1.7939e+01, 1.7783e+00, 
 2DIAGNOSTIC,     4, -5.779433408429e-01, 1.797693134862e+308, 1.9547e+01, 1.6077e+00, 
 2DIAGNOSTIC,     5, -5.784219076055e-01, 1.797693134862e+308, 2.1232e+01, 1.6850e+00, 
 2DIAGNOSTIC,     6, -5.790464324198e-01, 1.797693134862e+308, 2.4603e+01, 3.3715e+00, 
 2DIAGNOSTIC,     7, -5.790465000246e-01, 1.797693134862e+308, 2.6430e+01, 1.8272e+00, 
 2DIAGNOSTIC,     8, -5.790462010178e-01, 1.797693134862e+308, 2.8259e+01, 1.8289e+00, 
 2DIAGNOSTIC,     9, -5.790461862617e-01, 1.797693134862e+308, 3.0465e+01, 2.2062e+00, 
 2DIAGNOSTIC,    10, -5.790462558307e-01, 3.028265116669e-04, 3.2279e+01, 1.8140e+00, 
 2DIAGNOSTIC,    11, -5.790461509906e-01, 2.074237700007e-04, 3.4131e+01, 1.8515e+00, 
 2DIAGNOSTIC,    12, -5.790459050755e-01, 1.264135168628e-04, 3.6114e+01, 1.9834e+00, 
 2DIAGNOSTIC,    13, -5.790457767096e-01, 6.470610625126e-05, 3.7965e+01, 1.8502e+00, 
 2DIAGNOSTIC,    14, -5.790455026117e-01, 2.412324857341e-05, 3.9922e+01, 1.9574e+00, 
 2DIAGNOSTIC,    15, -5.790453783029e-01, 2.044920755132e-06, 4.1803e+01, 1.8815e+00, 
 2DIAGNOSTIC,    16, -5.790450950704e-01, 1.901772460969e-06, 4.3582e+01, 1.7782e+00, 
 2DIAGNOSTIC,    17, -5.790449648651e-01, 1.782258307235e-06, 4.5195e+01, 1.6135e+00, 
 2DIAGNOSTIC,    18, -5.790448481580e-01, 1.673096005031e-06, 4.6800e+01, 1.6051e+00, 
 2DIAGNOSTIC,    19, -5.790446044147e-01, 1.577479420534e-06, 4.8641e+01, 1.8404e+00, 
 2DIAGNOSTIC,    20, -5.790443604712e-01, 1.496386424812e-06, 5.0274e+01, 1.6336e+00, 
 2DIAGNOSTIC,    21, -5.790440049065e-01, 1.421330653811e-06, 5.2451e+01, 2.1771e+00, 
 2DIAGNOSTIC,    22, -5.790440361779e-01, 1.357244286564e-06, 5.4478e+01, 2.0270e+00, 
 2DIAGNOSTIC,    23, -5.790437566182e-01, 1.298316996738e-06, 5.6426e+01, 1.9474e+00, 
 2DIAGNOSTIC,    24, -5.790434698801e-01, 1.240970173698e-06, 5.8046e+01, 1.6206e+00, 
 2DIAGNOSTIC,    25, -5.790434917949e-01, 1.194523759594e-06, 5.9677e+01, 1.6307e+00, 
 2DIAGNOSTIC,    26, -5.790433788721e-01, 1.151493155827e-06, 6.1308e+01, 1.6309e+00, 
 2DIAGNOSTIC,    27, -5.790435912031e-01, 1.119931630184e-06, 6.2921e+01, 1.6130e+00, 
 2DIAGNOSTIC,    28, -5.790436968312e-01, 1.095922952603e-06, 6.4724e+01, 1.8033e+00, 
 2DIAGNOSTIC,    29, -5.790437898390e-01, 1.074975872734e-06, 6.6512e+01, 1.7878e+00, 
