
##########################
# Experiment information #
##########################

EXPERIMENT_NAME: antsRegistration-r7-p17
VFC_BACKENDS: libinterflop_vprec.so --range-binary32=7 --precision-binary32=17 --range-binary64=7 --precision-binary64=17

SIF_IMG: /home/mdugre/projects/rrg-glatard/mdugre/containers/ants-vprec-no_metrics.simg

SUBJECT_ID: s014
INPUT_IMG: /home/mdugre/scratch/mri-registration-rp/datasets/ds004513/derivatives/mri-registration-rp/antsBrainExtraction/sub-s014/BrainExtractionBrain.nii.gz
OUTPUT_DIR: /home/mdugre/scratch/mri-registration-rp/datasets/ds004513/derivatives/mri-registration-rp/0001/antsRegistration-r7-p17/sub-s014

FIXED_IMG: /templateflow/tpl-MNI152NLin2009cAsym/tpl-MNI152NLin2009cAsym_res-01_desc-brain_T1w.nii.gz
DATA_DIR: /home/mdugre/scratch/mri-registration-rp/datasets/ds004513
TEMPLATEFLOW_DIR: /home/mdugre/projects/rrg-glatard/mdugre/templateflow
ITK_GLOBAL_DEFAULT_NUMBER_OF_THREADS: 16
##########################

Info [verificarlo]: loaded backend libinterflop_ieee.so
Info [interflop-ieee]: load backend with:
Info [interflop-ieee]: debug = false
Info [interflop-ieee]: debug-binary = false
Info [interflop-ieee]: no-backend-name = false
Info [interflop-ieee]: print-new-line = false
Info [interflop-ieee]: print-subnormal-normalized = false
Info [interflop-ieee]: count-op = false
All_Command_lines_OK
Using double precision for computations.
=============================================================================
The composite transform comprises the following transforms (in order): 
  1. Center of mass alignment using fixed image: /templateflow/tpl-MNI152NLin2009cAsym/tpl-MNI152NLin2009cAsym_res-01_desc-brain_T1w.nii.gz and moving image: /home/mdugre/scratch/mri-registration-rp/datasets/ds004513/derivatives/mri-registration-rp/antsBrainExtraction/sub-s014/BrainExtractionBrain.nii.gz (type = Euler3DTransform)
=============================================================================
  number of levels = 1
  fixed image: /templateflow/tpl-MNI152NLin2009cAsym/tpl-MNI152NLin2009cAsym_res-01_desc-brain_T1w.nii.gz
  moving image: /home/mdugre/scratch/mri-registration-rp/datasets/ds004513/derivatives/mri-registration-rp/antsBrainExtraction/sub-s014/BrainExtractionBrain.nii.gz
Dimension = 3
Number of stages = 1
Use histogram matching = false
Winsorize image intensities = true
  Lower quantile = 0.005
  Upper quantile = 0.995


Stage 1 State
   Image metric = MattesMI
     Fixed image = Image (0x355ce70)
  RTTI typeinfo:   itk::Image<double, 3u>
  Reference Count: 2
  Modified Time: 2334
  Debug: Off
  Object Name: 
  Observers: 
    none
  Source: (none)
  Source output name: (none)
  Release Data: Off
  Data Released: False
  Global Release Data: Off
  PipelineMTime: 0
  UpdateMTime: 1943
  RealTimeStamp: 0 seconds 
  LargestPossibleRegion: 
    Dimension: 3
    Index: [0, 0, 0]
    Size: [193, 229, 193]
  BufferedRegion: 
    Dimension: 3
    Index: [0, 0, 0]
    Size: [193, 229, 193]
  RequestedRegion: 
    Dimension: 3
    Index: [0, 0, 0]
    Size: [193, 229, 193]
  Spacing: [1, 1, 1]
  Origin: [96, 132, -78]
  Direction: 
-1 0 0
0 -1 0
0 0 1

  IndexToPointMatrix: 
-1 0 0
0 -1 0
0 0 1

  PointToIndexMatrix: 
-1 0 0
0 -1 0
0 0 1

  Inverse Direction: 
-1 0 0
0 -1 0
0 0 1

  PixelContainer: 
    ImportImageContainer (0x3569140)
      RTTI typeinfo:   itk::ImportImageContainer<unsigned long, double>
      Reference Count: 1
      Modified Time: 1940
      Debug: Off
      Object Name: 
      Observers: 
        none
      Pointer: 0x1538a601f010
      Container manages memory: true
      Size: 8530021
      Capacity: 8530021

     Moving image = Image (0x3566310)
  RTTI typeinfo:   itk::Image<double, 3u>
  Reference Count: 2
  Modified Time: 2335
  Debug: Off
  Object Name: 
  Observers: 
    none
  Source: (none)
  Source output name: (none)
  Release Data: Off
  Data Released: False
  Global Release Data: Off
  PipelineMTime: 0
  UpdateMTime: 2332
  RealTimeStamp: 0 seconds 
  LargestPossibleRegion: 
    Dimension: 3
    Index: [0, 0, 0]
    Size: [160, 240, 256]
  BufferedRegion: 
    Dimension: 3
    Index: [0, 0, 0]
    Size: [160, 240, 256]
  RequestedRegion: 
    Dimension: 3
    Index: [0, 0, 0]
    Size: [160, 240, 256]
  Spacing: [0.999999, 1, 1]
  Origin: [84.1637, 106.709, -120.531]
  Direction: 
-0.999619 -0.0226874 -0.0157033
0.0226846 -0.999743 0.00035635
-0.0157073 -7.8229e-09 0.999877

  IndexToPointMatrix: 
-0.999619 -0.0226874 -0.0157033
0.0226845 -0.999743 0.00035635
-0.0157073 -7.8229e-09 0.999877

  PointToIndexMatrix: 
-0.99962 0.0226846 -0.0157073
-0.0226874 -0.999743 -7.83127e-09
-0.0157033 0.00035635 0.999877

  Inverse Direction: 
-0.999619 0.0226846 -0.0157073
-0.0226874 -0.999743 -7.83127e-09
-0.0157033 0.00035635 0.999877

  PixelContainer: 
    ImportImageContainer (0x3691610)
      RTTI typeinfo:   itk::ImportImageContainer<unsigned long, double>
      Reference Count: 1
      Modified Time: 2329
      Debug: Off
      Object Name: 
      Observers: 
        none
      Pointer: 0x1538a151e010
      Container manages memory: true
      Size: 9830400
      Capacity: 9830400

     Weighting = 1
     Sampling strategy = regular
     Number of bins = 32
     Radius = 4
     Sampling percentage  = 0.25
   Transform = Rigid
     Gradient step = 0.1
     Update field sigma (voxel space) = 0
     Total field sigma (voxel space) = 0
     Update field time sigma = 0
     Total field time sigma  = 0
     Number of time indices = 0
     Number of time point samples = 0
Registration using 1 total stages.

Stage 0
  iterations = 0
  convergence threshold = 1e-06
  convergence window size = 10
  number of levels = 1
  using the Mattes MI metric (number of bins = 32, weight = 1, use gradient filter = 0)
  preprocessing:  winsorizing the image intensities
  Shrink factors (level 1 out of 1): [1, 1, 1]
  smoothing sigmas per level: [0]
  regular sampling (percentage = 0.25)

*** Running Euler3DTransform registration ***

  Elapsed time (stage 0): 1.1314


Total elapsed time: 1.14144
Info [verificarlo]: loaded backend libinterflop_ieee.so
Info [interflop-ieee]: load backend with:
Info [interflop-ieee]: debug = false
Info [interflop-ieee]: debug-binary = false
Info [interflop-ieee]: no-backend-name = false
Info [interflop-ieee]: print-new-line = false
Info [interflop-ieee]: print-subnormal-normalized = false
Info [interflop-ieee]: count-op = false
All_Command_lines_OK
Using double precision for computations.
=============================================================================
The composite transform comprises the following transforms (in order): 
  1. /home/mdugre/scratch/mri-registration-rp/datasets/ds004513/derivatives/mri-registration-rp/0001/antsRegistration-r7-p17/sub-s014/align_Composite.h5[0] (type = Euler3DTransform)
  2. /home/mdugre/scratch/mri-registration-rp/datasets/ds004513/derivatives/mri-registration-rp/0001/antsRegistration-r7-p17/sub-s014/align_Composite.h5[1] (type = Euler3DTransform)
=============================================================================
  number of levels = 4
  fixed image: /templateflow/tpl-MNI152NLin2009cAsym/tpl-MNI152NLin2009cAsym_res-01_desc-brain_T1w.nii.gz
  moving image: /home/mdugre/scratch/mri-registration-rp/datasets/ds004513/derivatives/mri-registration-rp/antsBrainExtraction/sub-s014/BrainExtractionBrain.nii.gz
Dimension = 3
Number of stages = 1
Use histogram matching = false
Winsorize image intensities = true
  Lower quantile = 0.005
  Upper quantile = 0.995


Stage 1 State
   Image metric = MattesMI
     Fixed image = Image (0x4e65530)
  RTTI typeinfo:   itk::Image<double, 3u>
  Reference Count: 2
  Modified Time: 1580
  Debug: Off
  Object Name: 
  Observers: 
    none
  Source: (none)
  Source output name: (none)
  Release Data: Off
  Data Released: False
  Global Release Data: Off
  PipelineMTime: 0
  UpdateMTime: 1189
  RealTimeStamp: 0 seconds 
  LargestPossibleRegion: 
    Dimension: 3
    Index: [0, 0, 0]
    Size: [193, 229, 193]
  BufferedRegion: 
    Dimension: 3
    Index: [0, 0, 0]
    Size: [193, 229, 193]
  RequestedRegion: 
    Dimension: 3
    Index: [0, 0, 0]
    Size: [193, 229, 193]
  Spacing: [1, 1, 1]
  Origin: [96, 132, -78]
  Direction: 
-1 0 0
0 -1 0
0 0 1

  IndexToPointMatrix: 
-1 0 0
0 -1 0
0 0 1

  PointToIndexMatrix: 
-1 0 0
0 -1 0
0 0 1

  Inverse Direction: 
-1 0 0
0 -1 0
0 0 1

  PixelContainer: 
    ImportImageContainer (0x4f23d60)
      RTTI typeinfo:   itk::ImportImageContainer<unsigned long, double>
      Reference Count: 1
      Modified Time: 1186
      Debug: Off
      Object Name: 
      Observers: 
        none
      Pointer: 0x150b2f008010
      Container manages memory: true
      Size: 8530021
      Capacity: 8530021

     Moving image = Image (0x4f15f60)
  RTTI typeinfo:   itk::Image<double, 3u>
  Reference Count: 2
  Modified Time: 1581
  Debug: Off
  Object Name: 
  Observers: 
    none
  Source: (none)
  Source output name: (none)
  Release Data: Off
  Data Released: False
  Global Release Data: Off
  PipelineMTime: 0
  UpdateMTime: 1578
  RealTimeStamp: 0 seconds 
  LargestPossibleRegion: 
    Dimension: 3
    Index: [0, 0, 0]
    Size: [160, 240, 256]
  BufferedRegion: 
    Dimension: 3
    Index: [0, 0, 0]
    Size: [160, 240, 256]
  RequestedRegion: 
    Dimension: 3
    Index: [0, 0, 0]
    Size: [160, 240, 256]
  Spacing: [0.999999, 1, 1]
  Origin: [84.1637, 106.709, -120.531]
  Direction: 
-0.999619 -0.0226874 -0.0157033
0.0226846 -0.999743 0.00035635
-0.0157073 -7.8229e-09 0.999877

  IndexToPointMatrix: 
-0.999619 -0.0226874 -0.0157033
0.0226845 -0.999743 0.00035635
-0.0157073 -7.8229e-09 0.999877

  PointToIndexMatrix: 
-0.99962 0.0226846 -0.0157073
-0.0226874 -0.999743 -7.83127e-09
-0.0157033 0.00035635 0.999877

  Inverse Direction: 
-0.999619 0.0226846 -0.0157073
-0.0226874 -0.999743 -7.83127e-09
-0.0157033 0.00035635 0.999877

  PixelContainer: 
    ImportImageContainer (0x4f076d0)
      RTTI typeinfo:   itk::ImportImageContainer<unsigned long, double>
      Reference Count: 1
      Modified Time: 1575
      Debug: Off
      Object Name: 
      Observers: 
        none
      Pointer: 0x150b2a507010
      Container manages memory: true
      Size: 9830400
      Capacity: 9830400

     Weighting = 1
     Sampling strategy = regular
     Number of bins = 32
     Radius = 4
     Sampling percentage  = 0.25
   Transform = Rigid
     Gradient step = 0.1
     Update field sigma (voxel space) = 0
     Total field sigma (voxel space) = 0
     Update field time sigma = 0
     Total field time sigma  = 0
     Number of time indices = 0
     Number of time point samples = 0
Registration using 1 total stages.

Stage 0
  iterations = 1000x500x250x100
  convergence threshold = 1e-06
  convergence window size = 10
  number of levels = 4
  using the Mattes MI metric (number of bins = 32, weight = 1, use gradient filter = 0)
  preprocessing:  winsorizing the image intensities
  Shrink factors (level 1 out of 4): [8, 8, 8]
  Shrink factors (level 2 out of 4): [4, 4, 4]
  Shrink factors (level 3 out of 4): [2, 2, 2]
  Shrink factors (level 4 out of 4): [1, 1, 1]
  smoothing sigmas per level: [3, 2, 1, 0]
  regular sampling (percentage = 0.25)

*** Running Euler3DTransform registration ***

DIAGNOSTIC,Iteration,metricValue,convergenceValue,ITERATION_TIME_INDEX,SINCE_LAST
 2DIAGNOSTIC,     1, -4.770821406565e-01, 1.797693134862e+308, 6.8288e-01, 6.8288e-01, 
 2DIAGNOSTIC,     2, -4.784216133942e-01, 1.797693134862e+308, 6.8724e-01, 4.3590e-03, 
 2DIAGNOSTIC,     3, -4.807043200681e-01, 1.797693134862e+308, 6.9172e-01, 4.4730e-03, 
 2DIAGNOSTIC,     4, -4.840264478065e-01, 1.797693134862e+308, 6.9620e-01, 4.4799e-03, 
 2DIAGNOSTIC,     5, -4.883050305770e-01, 1.797693134862e+308, 7.0073e-01, 4.5331e-03, 
 2DIAGNOSTIC,     6, -4.953560426371e-01, 1.797693134862e+308, 7.0585e-01, 5.1241e-03, 
 2DIAGNOSTIC,     7, -5.007350570384e-01, 1.797693134862e+308, 7.1005e-01, 4.1931e-03, 
 2DIAGNOSTIC,     8, -5.013278569503e-01, 1.797693134862e+308, 7.1434e-01, 4.2920e-03, 
 2DIAGNOSTIC,     9, -5.085255256006e-01, 1.797693134862e+308, 7.1986e-01, 5.5189e-03, 
 2DIAGNOSTIC,    10, -5.161992633656e-01, 5.125196520979e-03, 7.2612e-01, 6.2642e-03, 
 2DIAGNOSTIC,    11, -5.167072941437e-01, 4.879252931146e-03, 7.3058e-01, 4.4582e-03, 
 2DIAGNOSTIC,    12, -5.203629876260e-01, 4.481282734468e-03, 7.3504e-01, 4.4641e-03, 
 2DIAGNOSTIC,    13, -5.229718709777e-01, 3.958672533579e-03, 7.3943e-01, 4.3819e-03, 
 2DIAGNOSTIC,    14, -5.250338110830e-01, 3.368007801723e-03, 7.4484e-01, 5.4131e-03, 
 2DIAGNOSTIC,    15, -5.272078697648e-01, 2.786121483393e-03, 7.5956e-01, 1.4721e-02, 
 2DIAGNOSTIC,    16, -5.275715603978e-01, 2.284098302166e-03, 7.6439e-01, 4.8280e-03, 
 2DIAGNOSTIC,    17, -5.282507656511e-01, 1.839921123743e-03, 7.6977e-01, 5.3830e-03, 
 2DIAGNOSTIC,    18, -5.289722876066e-01, 1.313912041900e-03, 7.7531e-01, 5.5430e-03, 
 2DIAGNOSTIC,    19, -5.292207410111e-01, 9.370568707363e-04, 7.8162e-01, 6.3009e-03, 
 2DIAGNOSTIC,    20, -5.294476960672e-01, 7.341365573347e-04, 7.8715e-01, 5.5358e-03, 
 2DIAGNOSTIC,    21, -5.294955840903e-01, 4.966190831868e-04, 7.9188e-01, 4.7300e-03, 
 2DIAGNOSTIC,    22, -5.295366245031e-01, 3.281311959317e-04, 7.9707e-01, 5.1868e-03, 
 2DIAGNOSTIC,    23, -5.295376311909e-01, 2.063244245644e-04, 8.0256e-01, 5.4891e-03, 
 2DIAGNOSTIC,    24, -5.295911249027e-01, 1.234508389529e-04, 8.0802e-01, 5.4660e-03, 
 2DIAGNOSTIC,    25, -5.296271130648e-01, 8.499150549840e-05, 8.1358e-01, 5.5580e-03, 
 2DIAGNOSTIC,    26, -5.296539599384e-01, 4.983583932671e-05, 8.1836e-01, 4.7791e-03, 
 2DIAGNOSTIC,    27, -5.297704229810e-01, 2.877322816022e-05, 8.2307e-01, 4.7121e-03, 
 2DIAGNOSTIC,    28, -5.299884954869e-01, 2.504887532675e-05, 8.2917e-01, 6.1021e-03, 
 2DIAGNOSTIC,    29, -5.300854192462e-01, 2.569611953156e-05, 8.3419e-01, 5.0139e-03, 
 2DIAGNOSTIC,    30, -5.300410324622e-01, 2.732899345186e-05, 8.3863e-01, 4.4460e-03, 
 2DIAGNOSTIC,    31, -5.300376932142e-01, 2.724560549200e-05, 8.4330e-01, 4.6661e-03, 
 2DIAGNOSTIC,    32, -5.301686264233e-01, 2.763232919573e-05, 8.4780e-01, 4.4999e-03, 
 2DIAGNOSTIC,    33, -5.303926738419e-01, 2.905769096913e-05, 8.5340e-01, 5.6040e-03, 
 2DIAGNOSTIC,    34, -5.304519664599e-01, 2.945835348259e-05, 8.5903e-01, 5.6279e-03, 
 2DIAGNOSTIC,    35, -5.305073139182e-01, 2.868169328404e-05, 8.6353e-01, 4.4949e-03, 
 2DIAGNOSTIC,    36, -5.305686017147e-01, 2.670517373092e-05, 8.6798e-01, 4.4482e-03, 
 2DIAGNOSTIC,    37, -5.306602858941e-01, 2.533264912200e-05, 8.7423e-01, 6.2590e-03, 
 2DIAGNOSTIC,    38, -5.306881156230e-01, 2.512162424682e-05, 8.7890e-01, 4.6661e-03, 
 2DIAGNOSTIC,    39, -5.307317416634e-01, 2.461885298418e-05, 8.8338e-01, 4.4770e-03, 
 2DIAGNOSTIC,    40, -5.308225091354e-01, 2.257034276198e-05, 8.8936e-01, 5.9781e-03, 
 2DIAGNOSTIC,    41, -5.308460424125e-01, 1.877385526183e-05, 8.9372e-01, 4.3602e-03, 
 2DIAGNOSTIC,    42, -5.308561837321e-01, 1.520831957538e-05, 8.9820e-01, 4.4820e-03, 
 2DIAGNOSTIC,    43, -5.308777649273e-01, 1.355835177493e-05, 9.0286e-01, 4.6580e-03, 
 2DIAGNOSTIC,    44, -5.309114036110e-01, 1.190613944644e-05, 9.0719e-01, 4.3392e-03, 
 2DIAGNOSTIC,    45, -5.310262965518e-01, 1.129423566864e-05, 9.1421e-01, 7.0200e-03, 
 2DIAGNOSTIC,    46, -5.310374074445e-01, 1.049838942246e-05, 9.1864e-01, 4.4260e-03, 
 2DIAGNOSTIC,    47, -5.310434720121e-01, 9.962263452009e-06, 9.2309e-01, 4.4448e-03, 
 2DIAGNOSTIC,    48, -5.310518853633e-01, 8.989886108056e-06, 9.2743e-01, 4.3480e-03, 
 2DIAGNOSTIC,    49, -5.310584329536e-01, 7.783359502141e-06, 9.3296e-01, 5.5230e-03, 
 2DIAGNOSTIC,    50, -5.310645817646e-01, 6.973833584056e-06, 9.3892e-01, 5.9609e-03, 
 2DIAGNOSTIC,    51, -5.310656430618e-01, 5.851695600523e-06, 9.4327e-01, 4.3571e-03, 
 2DIAGNOSTIC,    52, -5.310738190002e-01, 4.481863509889e-06, 9.4818e-01, 4.9031e-03, 
 2DIAGNOSTIC,    53, -5.310768127969e-01, 3.049471521497e-06, 9.5257e-01, 4.3912e-03, 
 2DIAGNOSTIC,    54, -5.310775506016e-01, 1.750844720209e-06, 9.5693e-01, 4.3581e-03, 
 2DIAGNOSTIC,    55, -5.310817434211e-01, 1.565716413115e-06, 9.6129e-01, 4.3669e-03, 
 2DIAGNOSTIC,    56, -5.310870994121e-01, 1.452195857496e-06, 9.6620e-01, 4.9059e-03, 
 2DIAGNOSTIC,    57, -5.310885232962e-01, 1.327089154853e-06, 9.7119e-01, 4.9949e-03, 
 2DIAGNOSTIC,    58, -5.310914487850e-01, 1.238639651072e-06, 9.7632e-01, 5.1298e-03, 
 2DIAGNOSTIC,    59, -5.311015678587e-01, 1.240623596608e-06, 9.8197e-01, 5.6410e-03, 
 2DIAGNOSTIC,    60, -5.311021904297e-01, 1.235244578960e-06, 9.8642e-01, 4.4539e-03, 
 2DIAGNOSTIC,    61, -5.311059901820e-01, 1.204917779128e-06, 1.0004e+00, 1.3998e-02, 
 2DIAGNOSTIC,    62, -5.311059901659e-01, 1.182103197377e-06, 1.0145e+00, 1.4042e-02, 
 2DIAGNOSTIC,    63, -5.311059901659e-01, 1.122797857734e-06, 1.0195e+00, 5.0311e-03, 
 2DIAGNOSTIC,    64, -5.311059901659e-01, 1.011506956389e-06, 1.0245e+00, 5.0101e-03, 
DIAGNOSTIC,Iteration,metricValue,convergenceValue,ITERATION_TIME_INDEX,SINCE_LAST
 2DIAGNOSTIC,     1, -4.295258231625e-01, 1.797693134862e+308, 1.7183e+00, 6.9378e-01, 
 2DIAGNOSTIC,     2, -4.302859640432e-01, 1.797693134862e+308, 1.7474e+00, 2.9123e-02, 
 2DIAGNOSTIC,     3, -4.309651196675e-01, 1.797693134862e+308, 1.7767e+00, 2.9257e-02, 
 2DIAGNOSTIC,     4, -4.317164347764e-01, 1.797693134862e+308, 1.8043e+00, 2.7604e-02, 
 2DIAGNOSTIC,     5, -4.325561938345e-01, 1.797693134862e+308, 1.8356e+00, 3.1329e-02, 
 2DIAGNOSTIC,     6, -4.341819580778e-01, 1.797693134862e+308, 1.8650e+00, 2.9403e-02, 
 2DIAGNOSTIC,     7, -4.354327949460e-01, 1.797693134862e+308, 1.8929e+00, 2.7862e-02, 
 2DIAGNOSTIC,     8, -4.367134834400e-01, 1.797693134862e+308, 1.9264e+00, 3.3553e-02, 
 2DIAGNOSTIC,     9, -4.377076816052e-01, 1.797693134862e+308, 1.9715e+00, 4.5084e-02, 
 2DIAGNOSTIC,    10, -4.379510214292e-01, 1.375954781895e-03, 2.0030e+00, 3.1476e-02, 
 2DIAGNOSTIC,    11, -4.381306699705e-01, 1.211218579668e-03, 2.0321e+00, 2.9122e-02, 
 2DIAGNOSTIC,    12, -4.403708091233e-01, 1.128184042333e-03, 2.0672e+00, 3.5146e-02, 
 2DIAGNOSTIC,    13, -4.435986505893e-01, 1.148562288729e-03, 2.1058e+00, 3.8579e-02, 
 2DIAGNOSTIC,    14, -4.436199448238e-01, 1.094787363289e-03, 2.1419e+00, 3.6043e-02, 
 2DIAGNOSTIC,    15, -4.445052017056e-01, 1.025845792454e-03, 2.1722e+00, 3.0388e-02, 
 2DIAGNOSTIC,    16, -4.479362667286e-01, 1.077370591716e-03, 2.2126e+00, 4.0386e-02, 
 2DIAGNOSTIC,    17, -4.481475950961e-01, 1.073587590532e-03, 2.2447e+00, 3.2117e-02, 
 2DIAGNOSTIC,    18, -4.482020490451e-01, 1.018146303437e-03, 2.2810e+00, 3.6221e-02, 
 2DIAGNOSTIC,    19, -4.481966708721e-01, 9.107728235028e-04, 2.3438e+00, 6.2813e-02, 
 2DIAGNOSTIC,    20, -4.481953336020e-01, 7.394369055383e-04, 2.3746e+00, 3.0814e-02, 
 2DIAGNOSTIC,    21, -4.481954334325e-01, 5.189437700726e-04, 2.4209e+00, 4.6267e-02, 
 2DIAGNOSTIC,    22, -4.482018534004e-01, 3.337448814712e-04, 2.4546e+00, 3.3687e-02, 
 2DIAGNOSTIC,    23, -4.481921491872e-01, 2.259319897800e-04, 2.4891e+00, 3.4591e-02, 
 2DIAGNOSTIC,    24, -4.482074312941e-01, 1.077320624214e-04, 2.5252e+00, 3.6057e-02, 
 2DIAGNOSTIC,    25, -4.482144439030e-01, 9.691656071065e-06, 2.5639e+00, 3.8684e-02, 
 2DIAGNOSTIC,    26, -4.482116709990e-01, 3.273679261201e-06, 2.5972e+00, 3.3356e-02, 
 2DIAGNOSTIC,    27, -4.482088353489e-01, 2.084625875608e-06, 2.6341e+00, 3.6901e-02, 
 2DIAGNOSTIC,    28, -4.482139219872e-01, 2.274303457506e-06, 2.6652e+00, 3.1100e-02, 
 2DIAGNOSTIC,    29, -4.482420866243e-01, 2.842585240408e-06, 2.7042e+00, 3.8926e-02, 
 2DIAGNOSTIC,    30, -4.482455732541e-01, 3.232685730957e-06, 2.7410e+00, 3.6854e-02, 
 2DIAGNOSTIC,    31, -4.482405886294e-01, 3.298137462242e-06, 2.7706e+00, 2.9616e-02, 
 2DIAGNOSTIC,    32, -4.482290914711e-01, 3.068920815093e-06, 2.8074e+00, 3.6731e-02, 
 2DIAGNOSTIC,    33, -4.482261087255e-01, 2.406543469051e-06, 2.8442e+00, 3.6824e-02, 
 2DIAGNOSTIC,    34, -4.482147421085e-01, 1.704267369826e-06, 2.8784e+00, 3.4162e-02, 
 2DIAGNOSTIC,    35, -4.482170221456e-01, 1.142411021424e-06, 2.9079e+00, 2.9508e-02, 
DIAGNOSTIC,Iteration,metricValue,convergenceValue,ITERATION_TIME_INDEX,SINCE_LAST
 2DIAGNOSTIC,     1, -3.932184618537e-01, 1.797693134862e+308, 3.9493e+00, 1.0415e+00, 
 2DIAGNOSTIC,     2, -3.933350080464e-01, 1.797693134862e+308, 4.1804e+00, 2.3107e-01, 
 2DIAGNOSTIC,     3, -3.934316047323e-01, 1.797693134862e+308, 4.4019e+00, 2.2144e-01, 
 2DIAGNOSTIC,     4, -3.934445201312e-01, 1.797693134862e+308, 4.7230e+00, 3.2113e-01, 
 2DIAGNOSTIC,     5, -3.934561041019e-01, 1.797693134862e+308, 5.0131e+00, 2.9012e-01, 
 2DIAGNOSTIC,     6, -3.934557400073e-01, 1.797693134862e+308, 5.3486e+00, 3.3545e-01, 
 2DIAGNOSTIC,     7, -3.934568947520e-01, 1.797693134862e+308, 5.7906e+00, 4.4199e-01, 
 2DIAGNOSTIC,     8, -3.934560026334e-01, 1.797693134862e+308, 6.0433e+00, 2.5270e-01, 
 2DIAGNOSTIC,     9, -3.934553707045e-01, 1.797693134862e+308, 6.3779e+00, 3.3463e-01, 
 2DIAGNOSTIC,    10, -3.934548435427e-01, 2.950388429446e-05, 6.6357e+00, 2.5783e-01, 
 2DIAGNOSTIC,    11, -3.934535150464e-01, 1.251787850447e-05, 6.9151e+00, 2.7940e-01, 
 2DIAGNOSTIC,    12, -3.934529103384e-01, 4.334107926871e-06, 7.2057e+00, 2.9062e-01, 
 2DIAGNOSTIC,    13, -3.934523311947e-01, 2.580302422742e-06, 7.4854e+00, 2.7965e-01, 
 2DIAGNOSTIC,    14, -3.934518640503e-01, 1.691075523766e-06, 7.8213e+00, 3.3587e-01, 
 2DIAGNOSTIC,    15, -3.934519734035e-01, 1.537715191888e-06, 8.1168e+00, 2.9559e-01, 
 2DIAGNOSTIC,    16, -3.934513609150e-01, 1.410839972904e-06, 8.3611e+00, 2.4424e-01, 
 2DIAGNOSTIC,    17, -3.934508379863e-01, 1.380509525035e-06, 8.6774e+00, 3.1634e-01, 
 2DIAGNOSTIC,    18, -3.934502559349e-01, 1.340256858273e-06, 8.9256e+00, 2.4817e-01, 
 2DIAGNOSTIC,    19, -3.934497851345e-01, 1.301860403716e-06, 9.2341e+00, 3.0848e-01, 
 2DIAGNOSTIC,    20, -3.934499621221e-01, 1.290039325454e-06, 9.4910e+00, 2.5688e-01, 
 2DIAGNOSTIC,    21, -3.934502604518e-01, 1.271710242584e-06, 9.7912e+00, 3.0026e-01, 
 2DIAGNOSTIC,    22, -3.934498715187e-01, 1.245514163022e-06, 1.0095e+01, 3.0332e-01, 
 2DIAGNOSTIC,    23, -3.934501306822e-01, 1.231426872472e-06, 1.0382e+01, 2.8738e-01, 
 2DIAGNOSTIC,    24, -3.934495535291e-01, 1.200792332678e-06, 1.0643e+01, 2.6126e-01, 
 2DIAGNOSTIC,    25, -3.934490927204e-01, 1.174527737631e-06, 1.0868e+01, 2.2503e-01, 
 2DIAGNOSTIC,    26, -3.934495815884e-01, 1.156238077428e-06, 1.1140e+01, 2.7153e-01, 
 2DIAGNOSTIC,    27, -3.934510332481e-01, 1.170201597823e-06, 1.1459e+01, 3.1934e-01, 
 2DIAGNOSTIC,    28, -3.934498669851e-01, 1.138213966884e-06, 1.1753e+01, 2.9423e-01, 
 2DIAGNOSTIC,    29, -3.934494067515e-01, 1.086573210525e-06, 1.2041e+01, 2.8809e-01, 
 2DIAGNOSTIC,    30, -3.934490070603e-01, 1.034518211721e-06, 1.2306e+01, 2.6493e-01, 
 2DIAGNOSTIC,    31, -3.934493551821e-01, 1.002859620416e-06, 1.2539e+01, 2.3311e-01, 
 2DIAGNOSTIC,    32, -3.934514388593e-01, 1.012149939118e-06, 1.2800e+01, 2.6098e-01, 
 2DIAGNOSTIC,    33, -3.934519791279e-01, 1.036071976171e-06, 1.3049e+01, 2.4870e-01, 
 2DIAGNOSTIC,    34, -3.934514161655e-01, 1.029042971099e-06, 1.3338e+01, 2.8887e-01, 
 2DIAGNOSTIC,    35, -3.934525148041e-01, 1.027695473516e-06, 1.3608e+01, 2.6966e-01, 
 2DIAGNOSTIC,    36, -3.934539683632e-01, 1.051995626462e-06, 1.3908e+01, 3.0052e-01, 
 2DIAGNOSTIC,    37, -3.934536117076e-01, 1.079271463734e-06, 1.4178e+01, 2.7005e-01, 
 2DIAGNOSTIC,    38, -3.934525130466e-01, 1.042002369528e-06, 1.4438e+01, 2.6004e-01, 
DIAGNOSTIC,Iteration,metricValue,convergenceValue,ITERATION_TIME_INDEX,SINCE_LAST
 2DIAGNOSTIC,     1, -3.660000231818e-01, 1.797693134862e+308, 1.7025e+01, 2.5865e+00, 
 2DIAGNOSTIC,     2, -3.661006044736e-01, 1.797693134862e+308, 1.8555e+01, 1.5305e+00, 
 2DIAGNOSTIC,     3, -3.661940053399e-01, 1.797693134862e+308, 2.0072e+01, 1.5172e+00, 
 2DIAGNOSTIC,     4, -3.662025643867e-01, 1.797693134862e+308, 2.2777e+01, 2.7044e+00, 
 2DIAGNOSTIC,     5, -3.662022977288e-01, 1.797693134862e+308, 2.4603e+01, 1.8261e+00, 
 2DIAGNOSTIC,     6, -3.662022733153e-01, 1.797693134862e+308, 2.6146e+01, 1.5427e+00, 
 2DIAGNOSTIC,     7, -3.662021510311e-01, 1.797693134862e+308, 2.7681e+01, 1.5358e+00, 
 2DIAGNOSTIC,     8, -3.662021104669e-01, 1.797693134862e+308, 2.9243e+01, 1.5620e+00, 
 2DIAGNOSTIC,     9, -3.662019867510e-01, 1.797693134862e+308, 3.0766e+01, 1.5226e+00, 
 2DIAGNOSTIC,    10, -3.662019340567e-01, 2.615307240869e-05, 3.2131e+01, 1.3650e+00, 
 2DIAGNOSTIC,    11, -3.662019021292e-01, 1.049209090069e-05, 3.3661e+01, 1.5305e+00, 
 2DIAGNOSTIC,    12, -3.662017877741e-01, 3.091361605756e-06, 3.5185e+01, 1.5232e+00, 
 2DIAGNOSTIC,    13, -3.662019075587e-01, 2.358435246111e-06, 3.6704e+01, 1.5193e+00, 
 2DIAGNOSTIC,    14, -3.662018587011e-01, 2.210206203349e-06, 3.8207e+01, 1.5032e+00, 
 2DIAGNOSTIC,    15, -3.662018920037e-01, 2.075386418401e-06, 3.9831e+01, 1.6236e+00, 
 2DIAGNOSTIC,    16, -3.662018421278e-01, 1.958104254143e-06, 4.1285e+01, 1.4544e+00, 
 2DIAGNOSTIC,    17, -3.662017315560e-01, 1.846828490921e-06, 4.2679e+01, 1.3935e+00, 
 2DIAGNOSTIC,    18, -3.662016584444e-01, 1.745449644840e-06, 4.4286e+01, 1.6073e+00, 
 2DIAGNOSTIC,    19, -3.662015876228e-01, 1.648798697809e-06, 4.5813e+01, 1.5273e+00, 
 2DIAGNOSTIC,    20, -3.662013732832e-01, 1.553843711442e-06, 4.7403e+01, 1.5898e+00, 
 2DIAGNOSTIC,    21, -3.662013254839e-01, 1.468744431209e-06, 4.9324e+01, 1.9207e+00, 
 2DIAGNOSTIC,    22, -3.662011170265e-01, 1.384171184497e-06, 5.0815e+01, 1.4915e+00, 
 2DIAGNOSTIC,    23, -3.662008967173e-01, 1.309503446539e-06, 5.2160e+01, 1.3452e+00, 
 2DIAGNOSTIC,    24, -3.662008589188e-01, 1.245216082635e-06, 5.3830e+01, 1.6691e+00, 
 2DIAGNOSTIC,    25, -3.662009022432e-01, 1.195923348754e-06, 5.5337e+01, 1.5074e+00, 
 2DIAGNOSTIC,    26, -3.662008588536e-01, 1.154782506715e-06, 5.6744e+01, 1.4073e+00, 
 2DIAGNOSTIC,    27, -3.662010886858e-01, 1.126687645930e-06, 5.8286e+01, 1.5420e+00, 
 2DIAGNOSTIC,    28, -3.662011544908e-01, 1.105168475624e-06, 5.9756e+01, 1.4694e+00, 
 2DIAGNOSTIC,    29, -3.662007271148e-01, 1.074819815358e-06, 6.1469e+01, 1.7133e+00, 
 2DIAGNOSTIC,    30, -3.662006710201e-01, 1.041888262443e-06, 6.3044e+01, 1.5753e+00, 
 2DIAGNOSTIC,    31, -3.662006079358e-01, 1.010052174392e-06, 6.4597e+01, 1.5531e+00, 
  Elapsed time (stage 0): 6.5411e+01


Total elapsed time: 6.5414e+01
Info [verificarlo]: loaded backend libinterflop_ieee.so
Info [interflop-ieee]: load backend with:
Info [interflop-ieee]: debug = false
Info [interflop-ieee]: debug-binary = false
Info [interflop-ieee]: no-backend-name = false
Info [interflop-ieee]: print-new-line = false
Info [interflop-ieee]: print-subnormal-normalized = false
Info [interflop-ieee]: count-op = false
All_Command_lines_OK
Using double precision for computations.
=============================================================================
The composite transform comprises the following transforms (in order): 
  1. /home/mdugre/scratch/mri-registration-rp/datasets/ds004513/derivatives/mri-registration-rp/0001/antsRegistration-r7-p17/sub-s014/rigid_Composite.h5[0] (type = Euler3DTransform)
  2. /home/mdugre/scratch/mri-registration-rp/datasets/ds004513/derivatives/mri-registration-rp/0001/antsRegistration-r7-p17/sub-s014/rigid_Composite.h5[1] (type = Euler3DTransform)
  3. /home/mdugre/scratch/mri-registration-rp/datasets/ds004513/derivatives/mri-registration-rp/0001/antsRegistration-r7-p17/sub-s014/rigid_Composite.h5[2] (type = Euler3DTransform)
=============================================================================
  number of levels = 4
  fixed image: /templateflow/tpl-MNI152NLin2009cAsym/tpl-MNI152NLin2009cAsym_res-01_desc-brain_T1w.nii.gz
  moving image: /home/mdugre/scratch/mri-registration-rp/datasets/ds004513/derivatives/mri-registration-rp/antsBrainExtraction/sub-s014/BrainExtractionBrain.nii.gz
Dimension = 3
Number of stages = 1
Use histogram matching = false
Winsorize image intensities = true
  Lower quantile = 0.005
  Upper quantile = 0.995


Stage 1 State
   Image metric = MattesMI
     Fixed image = Image (0x4bba7e0)
  RTTI typeinfo:   itk::Image<double, 3u>
  Reference Count: 2
  Modified Time: 1594
  Debug: Off
  Object Name: 
  Observers: 
    none
  Source: (none)
  Source output name: (none)
  Release Data: Off
  Data Released: False
  Global Release Data: Off
  PipelineMTime: 0
  UpdateMTime: 1203
  RealTimeStamp: 0 seconds 
  LargestPossibleRegion: 
    Dimension: 3
    Index: [0, 0, 0]
    Size: [193, 229, 193]
  BufferedRegion: 
    Dimension: 3
    Index: [0, 0, 0]
    Size: [193, 229, 193]
  RequestedRegion: 
    Dimension: 3
    Index: [0, 0, 0]
    Size: [193, 229, 193]
  Spacing: [1, 1, 1]
  Origin: [96, 132, -78]
  Direction: 
-1 0 0
0 -1 0
0 0 1

  IndexToPointMatrix: 
-1 0 0
0 -1 0
0 0 1

  PointToIndexMatrix: 
-1 0 0
0 -1 0
0 0 1

  Inverse Direction: 
-1 0 0
0 -1 0
0 0 1

  PixelContainer: 
    ImportImageContainer (0x4c7aa20)
      RTTI typeinfo:   itk::ImportImageContainer<unsigned long, double>
      Reference Count: 1
      Modified Time: 1200
      Debug: Off
      Object Name: 
      Observers: 
        none
      Pointer: 0x14b8d795c010
      Container manages memory: true
      Size: 8530021
      Capacity: 8530021

     Moving image = Image (0x4c75d70)
  RTTI typeinfo:   itk::Image<double, 3u>
  Reference Count: 2
  Modified Time: 1595
  Debug: Off
  Object Name: 
  Observers: 
    none
  Source: (none)
  Source output name: (none)
  Release Data: Off
  Data Released: False
  Global Release Data: Off
  PipelineMTime: 0
  UpdateMTime: 1592
  RealTimeStamp: 0 seconds 
  LargestPossibleRegion: 
    Dimension: 3
    Index: [0, 0, 0]
    Size: [160, 240, 256]
  BufferedRegion: 
    Dimension: 3
    Index: [0, 0, 0]
    Size: [160, 240, 256]
  RequestedRegion: 
    Dimension: 3
    Index: [0, 0, 0]
    Size: [160, 240, 256]
  Spacing: [0.999999, 1, 1]
  Origin: [84.1637, 106.709, -120.531]
  Direction: 
-0.999619 -0.0226874 -0.0157033
0.0226846 -0.999743 0.00035635
-0.0157073 -7.8229e-09 0.999877

  IndexToPointMatrix: 
-0.999619 -0.0226874 -0.0157033
0.0226845 -0.999743 0.00035635
-0.0157073 -7.8229e-09 0.999877

  PointToIndexMatrix: 
-0.99962 0.0226846 -0.0157073
-0.0226874 -0.999743 -7.83127e-09
-0.0157033 0.00035635 0.999877

  Inverse Direction: 
-0.999619 0.0226846 -0.0157073
-0.0226874 -0.999743 -7.83127e-09
-0.0157033 0.00035635 0.999877

  PixelContainer: 
    ImportImageContainer (0x4c2dc90)
      RTTI typeinfo:   itk::ImportImageContainer<unsigned long, double>
      Reference Count: 1
      Modified Time: 1589
      Debug: Off
      Object Name: 
      Observers: 
        none
      Pointer: 0x14b8d2e5b010
      Container manages memory: true
      Size: 9830400
      Capacity: 9830400

     Weighting = 1
     Sampling strategy = regular
     Number of bins = 32
     Radius = 4
     Sampling percentage  = 0.25
   Transform = Affine
     Gradient step = 0.1
     Update field sigma (voxel space) = 0
     Total field sigma (voxel space) = 0
     Update field time sigma = 0
     Total field time sigma  = 0
     Number of time indices = 0
     Number of time point samples = 0
Registration using 1 total stages.

Stage 0
  iterations = 1000x500x250x100
  convergence threshold = 1e-06
  convergence window size = 10
  number of levels = 4
  using the Mattes MI metric (number of bins = 32, weight = 1, use gradient filter = 0)
  preprocessing:  winsorizing the image intensities
  Shrink factors (level 1 out of 4): [8, 8, 8]
  Shrink factors (level 2 out of 4): [4, 4, 4]
  Shrink factors (level 3 out of 4): [2, 2, 2]
  Shrink factors (level 4 out of 4): [1, 1, 1]
  smoothing sigmas per level: [3, 2, 1, 0]
  regular sampling (percentage = 0.25)

*** Running AffineTransform registration ***

DIAGNOSTIC,Iteration,metricValue,convergenceValue,ITERATION_TIME_INDEX,SINCE_LAST
 2DIAGNOSTIC,     1, -5.239750081771e-01, 1.797693134862e+308, 8.5181e-01, 8.5181e-01, 
 2DIAGNOSTIC,     2, -5.258640012488e-01, 1.797693134862e+308, 8.5777e-01, 5.9578e-03, 
 2DIAGNOSTIC,     3, -5.291088179618e-01, 1.797693134862e+308, 8.6363e-01, 5.8541e-03, 
 2DIAGNOSTIC,     4, -5.347710740331e-01, 1.797693134862e+308, 8.6947e-01, 5.8451e-03, 
 2DIAGNOSTIC,     5, -5.449383436313e-01, 1.797693134862e+308, 8.7472e-01, 5.2450e-03, 
 2DIAGNOSTIC,     6, -6.215306127472e-01, 1.797693134862e+308, 8.8039e-01, 5.6770e-03, 
 2DIAGNOSTIC,     7, -6.633610899083e-01, 1.797693134862e+308, 8.8688e-01, 6.4850e-03, 
 2DIAGNOSTIC,     8, -7.298997400724e-01, 1.797693134862e+308, 8.9808e-01, 1.1198e-02, 
 2DIAGNOSTIC,     9, -7.422520787365e-01, 1.797693134862e+308, 9.0441e-01, 6.3322e-03, 
 2DIAGNOSTIC,    10, -7.541338038356e-01, 2.915590142741e-02, 9.1207e-01, 7.6590e-03, 
 2DIAGNOSTIC,    11, -7.649021743687e-01, 2.764847023632e-02, 9.1899e-01, 6.9180e-03, 
 2DIAGNOSTIC,    12, -7.741613469998e-01, 2.434790740227e-02, 9.2800e-01, 9.0120e-03, 
 2DIAGNOSTIC,    13, -7.770750853915e-01, 1.968341615410e-02, 9.3477e-01, 6.7730e-03, 
 2DIAGNOSTIC,    14, -7.814242060080e-01, 1.436951821716e-02, 9.4167e-01, 6.8979e-03, 
 2DIAGNOSTIC,    15, -7.874240639234e-01, 9.014361516207e-03, 9.4924e-01, 7.5710e-03, 
 2DIAGNOSTIC,    16, -7.920939556740e-01, 5.733376600893e-03, 9.5499e-01, 5.7490e-03, 
 2DIAGNOSTIC,    17, -7.957348761421e-01, 3.442741920602e-03, 9.6080e-01, 5.8138e-03, 
 2DIAGNOSTIC,    18, -8.010582071524e-01, 2.769036461879e-03, 9.6847e-01, 7.6630e-03, 
 2DIAGNOSTIC,    19, -8.020625836771e-01, 2.204711293800e-03, 9.7489e-01, 6.4270e-03, 
 2DIAGNOSTIC,    20, -8.025888331832e-01, 1.748784126456e-03, 9.8064e-01, 5.7461e-03, 
 2DIAGNOSTIC,    21, -8.047951306392e-01, 1.424930713509e-03, 9.8698e-01, 6.3369e-03, 
 2DIAGNOSTIC,    22, -8.088020747799e-01, 1.241468070465e-03, 9.9499e-01, 8.0168e-03, 
 2DIAGNOSTIC,    23, -8.108231299805e-01, 1.042915931006e-03, 1.0010e+00, 5.9900e-03, 
 2DIAGNOSTIC,    24, -8.126162356269e-01, 8.656895436705e-04, 1.0067e+00, 5.7261e-03, 
 2DIAGNOSTIC,    25, -8.155470598857e-01, 7.639866114683e-04, 1.0135e+00, 6.7790e-03, 
 2DIAGNOSTIC,    26, -8.215038846727e-01, 7.574838562479e-04, 1.0196e+00, 6.0930e-03, 
 2DIAGNOSTIC,    27, -8.250930134474e-01, 7.799466948585e-04, 1.0261e+00, 6.4721e-03, 
 2DIAGNOSTIC,    28, -8.288986324666e-01, 8.531046967202e-04, 1.0339e+00, 7.8340e-03, 
 2DIAGNOSTIC,    29, -8.297255492634e-01, 8.655722032157e-04, 1.0396e+00, 5.6760e-03, 
 2DIAGNOSTIC,    30, -8.333779000805e-01, 8.492424856169e-04, 1.0455e+00, 5.9860e-03, 
 2DIAGNOSTIC,    31, -8.366904772411e-01, 8.193029048868e-04, 1.0521e+00, 6.5522e-03, 
 2DIAGNOSTIC,    32, -8.378485332241e-01, 7.741169907726e-04, 1.0582e+00, 6.0539e-03, 
 2DIAGNOSTIC,    33, -8.386461990774e-01, 6.920453684504e-04, 1.0645e+00, 6.3860e-03, 
 2DIAGNOSTIC,    34, -8.393185166008e-01, 5.778940059704e-04, 1.0723e+00, 7.7620e-03, 
 2DIAGNOSTIC,    35, -8.396537468936e-01, 4.500377870857e-04, 1.0781e+00, 5.7549e-03, 
 2DIAGNOSTIC,    36, -8.402323223100e-01, 3.544817793410e-04, 1.0838e+00, 5.7521e-03, 
 2DIAGNOSTIC,    37, -8.406979991080e-01, 2.713124670284e-04, 1.0895e+00, 5.6469e-03, 
 2DIAGNOSTIC,    38, -8.411700474033e-01, 2.098035835918e-04, 1.0957e+00, 6.2699e-03, 
 2DIAGNOSTIC,    39, -8.414252439271e-01, 1.416615954670e-04, 1.1024e+00, 6.6409e-03, 
 2DIAGNOSTIC,    40, -8.416471793786e-01, 9.914035917990e-05, 1.1083e+00, 5.9631e-03, 
 2DIAGNOSTIC,    41, -8.423100559093e-01, 8.523967581591e-05, 1.1147e+00, 6.3319e-03, 
 2DIAGNOSTIC,    42, -8.422556323113e-01, 7.343650035708e-05, 1.1213e+00, 6.6631e-03, 
 2DIAGNOSTIC,    43, -8.422798334084e-01, 6.232591707327e-05, 1.1270e+00, 5.6460e-03, 
 2DIAGNOSTIC,    44, -8.430265565530e-01, 5.781834722489e-05, 1.1442e+00, 1.7217e-02, 
 2DIAGNOSTIC,    45, -8.430265494946e-01, 5.055476002690e-05, 1.1501e+00, 5.8711e-03, 
 2DIAGNOSTIC,    46, -8.430265911537e-01, 4.343972335111e-05, 1.1560e+00, 5.8949e-03, 
 2DIAGNOSTIC,    47, -8.430266615730e-01, 3.622530263726e-05, 1.1620e+00, 6.0928e-03, 
 2DIAGNOSTIC,    48, -8.430267805738e-01, 2.955708782669e-05, 1.1677e+00, 5.6551e-03, 
 2DIAGNOSTIC,    49, -8.430269815816e-01, 2.223454919179e-05, 1.1738e+00, 6.1209e-03, 
 2DIAGNOSTIC,    50, -8.430273208535e-01, 1.462370772175e-05, 1.1794e+00, 5.5740e-03, 
 2DIAGNOSTIC,    51, -8.430278927637e-01, 1.082467750947e-05, 1.1854e+00, 6.0139e-03, 
 2DIAGNOSTIC,    52, -8.430288547549e-01, 5.895307038008e-06, 1.1911e+00, 5.7030e-03, 
DIAGNOSTIC,Iteration,metricValue,convergenceValue,ITERATION_TIME_INDEX,SINCE_LAST
 2DIAGNOSTIC,     1, -6.886366207614e-01, 1.797693134862e+308, 1.9583e+00, 7.6715e-01, 
 2DIAGNOSTIC,     2, -6.892667218093e-01, 1.797693134862e+308, 1.9970e+00, 3.8733e-02, 
 2DIAGNOSTIC,     3, -6.897759677543e-01, 1.797693134862e+308, 2.0357e+00, 3.8712e-02, 
 2DIAGNOSTIC,     4, -6.903093246751e-01, 1.797693134862e+308, 2.0732e+00, 3.7480e-02, 
 2DIAGNOSTIC,     5, -6.913228219828e-01, 1.797693134862e+308, 2.1113e+00, 3.8111e-02, 
 2DIAGNOSTIC,     6, -6.930502267843e-01, 1.797693134862e+308, 2.1530e+00, 4.1733e-02, 
 2DIAGNOSTIC,     7, -6.932289614098e-01, 1.797693134862e+308, 2.2168e+00, 6.3764e-02, 
 2DIAGNOSTIC,     8, -6.932361888058e-01, 1.797693134862e+308, 2.2575e+00, 4.0689e-02, 
 2DIAGNOSTIC,     9, -6.932809581247e-01, 1.797693134862e+308, 2.2930e+00, 3.5552e-02, 
 2DIAGNOSTIC,    10, -6.933372406378e-01, 5.080861712485e-04, 2.3309e+00, 3.7867e-02, 
 2DIAGNOSTIC,    11, -6.933884047213e-01, 3.854610920518e-04, 2.3746e+00, 4.3728e-02, 
 2DIAGNOSTIC,    12, -6.934136012784e-01, 2.714134365931e-04, 2.4099e+00, 3.5256e-02, 
 2DIAGNOSTIC,    13, -6.934336477392e-01, 1.681964008420e-04, 2.4484e+00, 3.8519e-02, 
 2DIAGNOSTIC,    14, -6.935028183528e-01, 8.220596161523e-05, 2.4864e+00, 3.7959e-02, 
 2DIAGNOSTIC,    15, -6.935915644610e-01, 2.921255924455e-05, 2.5270e+00, 4.0620e-02, 
 2DIAGNOSTIC,    16, -6.936501560228e-01, 2.602334377687e-05, 2.5654e+00, 3.8444e-02, 
 2DIAGNOSTIC,    17, -6.936474968787e-01, 2.527563772759e-05, 2.6042e+00, 3.8735e-02, 
 2DIAGNOSTIC,    18, -6.936590088590e-01, 2.291706819854e-05, 2.6546e+00, 5.0431e-02, 
 2DIAGNOSTIC,    19, -6.936653790997e-01, 1.991851514484e-05, 2.6965e+00, 4.1882e-02, 
 2DIAGNOSTIC,    20, -6.936445933040e-01, 1.619423627921e-05, 2.7390e+00, 4.2550e-02, 
 2DIAGNOSTIC,    21, -6.936353244444e-01, 1.228754068779e-05, 2.7788e+00, 3.9739e-02, 
 2DIAGNOSTIC,    22, -6.936155047538e-01, 7.861210363953e-06, 2.8216e+00, 4.2796e-02, 
 2DIAGNOSTIC,    23, -6.936200719426e-01, 3.658480153483e-06, 2.8612e+00, 3.9626e-02, 
DIAGNOSTIC,Iteration,metricValue,convergenceValue,ITERATION_TIME_INDEX,SINCE_LAST
 2DIAGNOSTIC,     1, -5.885248711415e-01, 1.797693134862e+308, 4.0415e+00, 1.1803e+00, 
 2DIAGNOSTIC,     2, -5.891781579163e-01, 1.797693134862e+308, 4.3309e+00, 2.8945e-01, 
 2DIAGNOSTIC,     3, -5.899062974247e-01, 1.797693134862e+308, 4.6369e+00, 3.0597e-01, 
 2DIAGNOSTIC,     4, -5.907690285121e-01, 1.797693134862e+308, 4.9604e+00, 3.2350e-01, 
 2DIAGNOSTIC,     5, -5.918442821836e-01, 1.797693134862e+308, 5.3321e+00, 3.7168e-01, 
 2DIAGNOSTIC,     6, -5.938035878477e-01, 1.797693134862e+308, 5.7840e+00, 4.5190e-01, 
 2DIAGNOSTIC,     7, -5.938326827320e-01, 1.797693134862e+308, 6.1078e+00, 3.2382e-01, 
 2DIAGNOSTIC,     8, -5.938228804792e-01, 1.797693134862e+308, 6.5190e+00, 4.1120e-01, 
 2DIAGNOSTIC,     9, -5.938109241054e-01, 1.797693134862e+308, 7.0471e+00, 5.2808e-01, 
 2DIAGNOSTIC,    10, -5.938123006409e-01, 6.676293662515e-04, 7.3642e+00, 3.1710e-01, 
 2DIAGNOSTIC,    11, -5.938105720474e-01, 4.876514836135e-04, 7.6764e+00, 3.1222e-01, 
 2DIAGNOSTIC,    12, -5.938096707845e-01, 3.203486377072e-04, 8.0433e+00, 3.6684e-01, 
 2DIAGNOSTIC,    13, -5.938083201131e-01, 1.777418237837e-04, 8.4206e+00, 3.7734e-01, 
 2DIAGNOSTIC,    14, -5.938063030657e-01, 6.890434933667e-05, 8.7409e+00, 3.2031e-01, 
 2DIAGNOSTIC,    15, -5.938068286748e-01, 1.137149488573e-06, 9.0188e+00, 2.7790e-01, 
DIAGNOSTIC,Iteration,metricValue,convergenceValue,ITERATION_TIME_INDEX,SINCE_LAST
 2DIAGNOSTIC,     1, -5.278388859109e-01, 1.797693134862e+308, 1.2002e+01, 2.9836e+00, 
