
##########################
# Experiment information #
##########################

EXPERIMENT_NAME: antsRegistration-r7-p13
VFC_BACKENDS: libinterflop_vprec.so --range-binary32=7 --precision-binary32=13 --range-binary64=7 --precision-binary64=13

SIF_IMG: /home/mdugre/projects/rrg-glatard/mdugre/containers/ants-vprec-no_metrics.simg

SUBJECT_ID: s032
INPUT_IMG: /home/mdugre/scratch/mri-registration-rp/datasets/ds004513/derivatives/mri-registration-rp/antsBrainExtraction/sub-s032/BrainExtractionBrain.nii.gz
OUTPUT_DIR: /home/mdugre/scratch/mri-registration-rp/datasets/ds004513/derivatives/mri-registration-rp/0001/antsRegistration-r7-p13/sub-s032

FIXED_IMG: /templateflow/tpl-MNI152NLin2009cAsym/tpl-MNI152NLin2009cAsym_res-01_desc-brain_T1w.nii.gz
DATA_DIR: /home/mdugre/scratch/mri-registration-rp/datasets/ds004513
TEMPLATEFLOW_DIR: /home/mdugre/projects/rrg-glatard/mdugre/templateflow
ITK_GLOBAL_DEFAULT_NUMBER_OF_THREADS: 16
##########################

Info [verificarlo]: loaded backend libinterflop_ieee.so
Info [interflop-ieee]: load backend with:
Info [interflop-ieee]: debug = false
Info [interflop-ieee]: debug-binary = false
Info [interflop-ieee]: no-backend-name = false
Info [interflop-ieee]: print-new-line = false
Info [interflop-ieee]: print-subnormal-normalized = false
Info [interflop-ieee]: count-op = false
All_Command_lines_OK
Using double precision for computations.
=============================================================================
The composite transform comprises the following transforms (in order): 
  1. Center of mass alignment using fixed image: /templateflow/tpl-MNI152NLin2009cAsym/tpl-MNI152NLin2009cAsym_res-01_desc-brain_T1w.nii.gz and moving image: /home/mdugre/scratch/mri-registration-rp/datasets/ds004513/derivatives/mri-registration-rp/antsBrainExtraction/sub-s032/BrainExtractionBrain.nii.gz (type = Euler3DTransform)
=============================================================================
  number of levels = 1
  fixed image: /templateflow/tpl-MNI152NLin2009cAsym/tpl-MNI152NLin2009cAsym_res-01_desc-brain_T1w.nii.gz
  moving image: /home/mdugre/scratch/mri-registration-rp/datasets/ds004513/derivatives/mri-registration-rp/antsBrainExtraction/sub-s032/BrainExtractionBrain.nii.gz
Dimension = 3
Number of stages = 1
Use histogram matching = false
Winsorize image intensities = true
  Lower quantile = 0.005
  Upper quantile = 0.995


Stage 1 State
   Image metric = MattesMI
     Fixed image = Image (0x4241e70)
  RTTI typeinfo:   itk::Image<double, 3u>
  Reference Count: 2
  Modified Time: 2330
  Debug: Off
  Object Name: 
  Observers: 
    none
  Source: (none)
  Source output name: (none)
  Release Data: Off
  Data Released: False
  Global Release Data: Off
  PipelineMTime: 0
  UpdateMTime: 1941
  RealTimeStamp: 0 seconds 
  LargestPossibleRegion: 
    Dimension: 3
    Index: [0, 0, 0]
    Size: [193, 229, 193]
  BufferedRegion: 
    Dimension: 3
    Index: [0, 0, 0]
    Size: [193, 229, 193]
  RequestedRegion: 
    Dimension: 3
    Index: [0, 0, 0]
    Size: [193, 229, 193]
  Spacing: [1, 1, 1]
  Origin: [96, 132, -78]
  Direction: 
-1 0 0
0 -1 0
0 0 1

  IndexToPointMatrix: 
-1 0 0
0 -1 0
0 0 1

  PointToIndexMatrix: 
-1 0 0
0 -1 0
0 0 1

  Inverse Direction: 
-1 0 0
0 -1 0
0 0 1

  PixelContainer: 
    ImportImageContainer (0x424ac60)
      RTTI typeinfo:   itk::ImportImageContainer<unsigned long, double>
      Reference Count: 1
      Modified Time: 1938
      Debug: Off
      Object Name: 
      Observers: 
        none
      Pointer: 0x149702ea7010
      Container manages memory: true
      Size: 8530021
      Capacity: 8530021

     Moving image = Image (0x42deec0)
  RTTI typeinfo:   itk::Image<double, 3u>
  Reference Count: 2
  Modified Time: 2331
  Debug: Off
  Object Name: 
  Observers: 
    none
  Source: (none)
  Source output name: (none)
  Release Data: Off
  Data Released: False
  Global Release Data: Off
  PipelineMTime: 0
  UpdateMTime: 2328
  RealTimeStamp: 0 seconds 
  LargestPossibleRegion: 
    Dimension: 3
    Index: [0, 0, 0]
    Size: [160, 240, 256]
  BufferedRegion: 
    Dimension: 3
    Index: [0, 0, 0]
    Size: [160, 240, 256]
  RequestedRegion: 
    Dimension: 3
    Index: [0, 0, 0]
    Size: [160, 240, 256]
  Spacing: [1, 1, 1]
  Origin: [73.279, 104.707, -131.187]
  Direction: 
-0.997527 0.0645574 -0.0278053
-0.0645323 -0.997914 -0.00179875
-0.0278634 4.01097e-08 0.999612

  IndexToPointMatrix: 
-0.997527 0.0645574 -0.0278053
-0.0645323 -0.997914 -0.00179875
-0.0278634 4.01097e-08 0.999612

  PointToIndexMatrix: 
-0.997527 -0.0645323 -0.0278634
0.0645574 -0.997914 4.01049e-08
-0.0278053 -0.00179875 0.999612

  Inverse Direction: 
-0.997527 -0.0645323 -0.0278634
0.0645574 -0.997914 4.01049e-08
-0.0278053 -0.00179875 0.999612

  PixelContainer: 
    ImportImageContainer (0x4376610)
      RTTI typeinfo:   itk::ImportImageContainer<unsigned long, double>
      Reference Count: 1
      Modified Time: 2325
      Debug: Off
      Object Name: 
      Observers: 
        none
      Pointer: 0x1496fe3a6010
      Container manages memory: true
      Size: 9830400
      Capacity: 9830400

     Weighting = 1
     Sampling strategy = regular
     Number of bins = 32
     Radius = 4
     Sampling percentage  = 0.25
   Transform = Rigid
     Gradient step = 0.1
     Update field sigma (voxel space) = 0
     Total field sigma (voxel space) = 0
     Update field time sigma = 0
     Total field time sigma  = 0
     Number of time indices = 0
     Number of time point samples = 0
Registration using 1 total stages.

Stage 0
  iterations = 0
  convergence threshold = 1e-06
  convergence window size = 10
  number of levels = 1
  using the Mattes MI metric (number of bins = 32, weight = 1, use gradient filter = 0)
  preprocessing:  winsorizing the image intensities
  Shrink factors (level 1 out of 1): [1, 1, 1]
  smoothing sigmas per level: [0]
  regular sampling (percentage = 0.25)

*** Running Euler3DTransform registration ***

  Elapsed time (stage 0): 1.10302


Total elapsed time: 1.10807
Info [verificarlo]: loaded backend libinterflop_ieee.so
Info [interflop-ieee]: load backend with:
Info [interflop-ieee]: debug = false
Info [interflop-ieee]: debug-binary = false
Info [interflop-ieee]: no-backend-name = false
Info [interflop-ieee]: print-new-line = false
Info [interflop-ieee]: print-subnormal-normalized = false
Info [interflop-ieee]: count-op = false
All_Command_lines_OK
Using double precision for computations.
=============================================================================
The composite transform comprises the following transforms (in order): 
  1. /home/mdugre/scratch/mri-registration-rp/datasets/ds004513/derivatives/mri-registration-rp/0001/antsRegistration-r7-p13/sub-s032/align_Composite.h5[0] (type = Euler3DTransform)
  2. /home/mdugre/scratch/mri-registration-rp/datasets/ds004513/derivatives/mri-registration-rp/0001/antsRegistration-r7-p13/sub-s032/align_Composite.h5[1] (type = Euler3DTransform)
=============================================================================
  number of levels = 4
  fixed image: /templateflow/tpl-MNI152NLin2009cAsym/tpl-MNI152NLin2009cAsym_res-01_desc-brain_T1w.nii.gz
  moving image: /home/mdugre/scratch/mri-registration-rp/datasets/ds004513/derivatives/mri-registration-rp/antsBrainExtraction/sub-s032/BrainExtractionBrain.nii.gz
Dimension = 3
Number of stages = 1
Use histogram matching = false
Winsorize image intensities = true
  Lower quantile = 0.005
  Upper quantile = 0.995


Stage 1 State
   Image metric = MattesMI
     Fixed image = Image (0x48e6530)
  RTTI typeinfo:   itk::Image<double, 3u>
  Reference Count: 2
  Modified Time: 1578
  Debug: Off
  Object Name: 
  Observers: 
    none
  Source: (none)
  Source output name: (none)
  Release Data: Off
  Data Released: False
  Global Release Data: Off
  PipelineMTime: 0
  UpdateMTime: 1189
  RealTimeStamp: 0 seconds 
  LargestPossibleRegion: 
    Dimension: 3
    Index: [0, 0, 0]
    Size: [193, 229, 193]
  BufferedRegion: 
    Dimension: 3
    Index: [0, 0, 0]
    Size: [193, 229, 193]
  RequestedRegion: 
    Dimension: 3
    Index: [0, 0, 0]
    Size: [193, 229, 193]
  Spacing: [1, 1, 1]
  Origin: [96, 132, -78]
  Direction: 
-1 0 0
0 -1 0
0 0 1

  IndexToPointMatrix: 
-1 0 0
0 -1 0
0 0 1

  PointToIndexMatrix: 
-1 0 0
0 -1 0
0 0 1

  Inverse Direction: 
-1 0 0
0 -1 0
0 0 1

  PixelContainer: 
    ImportImageContainer (0x49a4d60)
      RTTI typeinfo:   itk::ImportImageContainer<unsigned long, double>
      Reference Count: 1
      Modified Time: 1186
      Debug: Off
      Object Name: 
      Observers: 
        none
      Pointer: 0x1526d782d010
      Container manages memory: true
      Size: 8530021
      Capacity: 8530021

     Moving image = Image (0x4996f60)
  RTTI typeinfo:   itk::Image<double, 3u>
  Reference Count: 2
  Modified Time: 1579
  Debug: Off
  Object Name: 
  Observers: 
    none
  Source: (none)
  Source output name: (none)
  Release Data: Off
  Data Released: False
  Global Release Data: Off
  PipelineMTime: 0
  UpdateMTime: 1576
  RealTimeStamp: 0 seconds 
  LargestPossibleRegion: 
    Dimension: 3
    Index: [0, 0, 0]
    Size: [160, 240, 256]
  BufferedRegion: 
    Dimension: 3
    Index: [0, 0, 0]
    Size: [160, 240, 256]
  RequestedRegion: 
    Dimension: 3
    Index: [0, 0, 0]
    Size: [160, 240, 256]
  Spacing: [1, 1, 1]
  Origin: [73.279, 104.707, -131.187]
  Direction: 
-0.997527 0.0645574 -0.0278053
-0.0645323 -0.997914 -0.00179875
-0.0278634 4.01097e-08 0.999612

  IndexToPointMatrix: 
-0.997527 0.0645574 -0.0278053
-0.0645323 -0.997914 -0.00179875
-0.0278634 4.01097e-08 0.999612

  PointToIndexMatrix: 
-0.997527 -0.0645323 -0.0278634
0.0645574 -0.997914 4.01049e-08
-0.0278053 -0.00179875 0.999612

  Inverse Direction: 
-0.997527 -0.0645323 -0.0278634
0.0645574 -0.997914 4.01049e-08
-0.0278053 -0.00179875 0.999612

  PixelContainer: 
    ImportImageContainer (0x49886d0)
      RTTI typeinfo:   itk::ImportImageContainer<unsigned long, double>
      Reference Count: 1
      Modified Time: 1573
      Debug: Off
      Object Name: 
      Observers: 
        none
      Pointer: 0x1526d2d2c010
      Container manages memory: true
      Size: 9830400
      Capacity: 9830400

     Weighting = 1
     Sampling strategy = regular
     Number of bins = 32
     Radius = 4
     Sampling percentage  = 0.25
   Transform = Rigid
     Gradient step = 0.1
     Update field sigma (voxel space) = 0
     Total field sigma (voxel space) = 0
     Update field time sigma = 0
     Total field time sigma  = 0
     Number of time indices = 0
     Number of time point samples = 0
Registration using 1 total stages.

Stage 0
  iterations = 1000x500x250x100
  convergence threshold = 1e-06
  convergence window size = 10
  number of levels = 4
  using the Mattes MI metric (number of bins = 32, weight = 1, use gradient filter = 0)
  preprocessing:  winsorizing the image intensities
  Shrink factors (level 1 out of 4): [8, 8, 8]
  Shrink factors (level 2 out of 4): [4, 4, 4]
  Shrink factors (level 3 out of 4): [2, 2, 2]
  Shrink factors (level 4 out of 4): [1, 1, 1]
  smoothing sigmas per level: [3, 2, 1, 0]
  regular sampling (percentage = 0.25)

*** Running Euler3DTransform registration ***

DIAGNOSTIC,Iteration,metricValue,convergenceValue,ITERATION_TIME_INDEX,SINCE_LAST
 2DIAGNOSTIC,     1, -5.480496989617e-01, 1.797693134862e+308, 7.6853e-01, 7.6853e-01, 
 2DIAGNOSTIC,     2, -5.506811078454e-01, 1.797693134862e+308, 7.7280e-01, 4.2651e-03, 
 2DIAGNOSTIC,     3, -5.546514955662e-01, 1.797693134862e+308, 7.7681e-01, 4.0069e-03, 
 2DIAGNOSTIC,     4, -5.606863537750e-01, 1.797693134862e+308, 7.8098e-01, 4.1721e-03, 
 2DIAGNOSTIC,     5, -5.693661845193e-01, 1.797693134862e+308, 7.8510e-01, 4.1242e-03, 
 2DIAGNOSTIC,     6, -5.854078830086e-01, 1.797693134862e+308, 7.8930e-01, 4.1990e-03, 
 2DIAGNOSTIC,     7, -6.232769732918e-01, 1.797693134862e+308, 7.9351e-01, 4.2069e-03, 
 2DIAGNOSTIC,     8, -6.297683730473e-01, 1.797693134862e+308, 7.9825e-01, 4.7412e-03, 
 2DIAGNOSTIC,     9, -6.366738733405e-01, 1.797693134862e+308, 8.0574e-01, 7.4940e-03, 
 2DIAGNOSTIC,    10, -6.375630690827e-01, 1.201760866083e-02, 8.1022e-01, 4.4780e-03, 
 2DIAGNOSTIC,    11, -6.405337628679e-01, 1.087684809450e-02, 8.1447e-01, 4.2481e-03, 
 2DIAGNOSTIC,    12, -6.435528997438e-01, 9.167753354490e-03, 8.1929e-01, 4.8180e-03, 
 2DIAGNOSTIC,    13, -6.444720921444e-01, 7.089498731847e-03, 8.2356e-01, 4.2689e-03, 
 2DIAGNOSTIC,    14, -6.463616611293e-01, 4.967892496988e-03, 8.2839e-01, 4.8299e-03, 
 2DIAGNOSTIC,    15, -6.484646963404e-01, 3.033020789043e-03, 8.3589e-01, 7.4999e-03, 
 2DIAGNOSTIC,    16, -6.486009987994e-01, 1.520386367320e-03, 8.4017e-01, 4.2839e-03, 
 2DIAGNOSTIC,    17, -6.493699344760e-01, 1.108203205204e-03, 8.4451e-01, 4.3442e-03, 
 2DIAGNOSTIC,    18, -6.514578195065e-01, 8.586162135986e-04, 8.4874e-01, 4.2219e-03, 
 2DIAGNOSTIC,    19, -6.526592717406e-01, 7.533650369805e-04, 8.5300e-01, 4.2679e-03, 
 2DIAGNOSTIC,    20, -6.536191777189e-01, 6.303067369293e-04, 8.5722e-01, 4.2131e-03, 
 2DIAGNOSTIC,    21, -6.549162298979e-01, 5.534292205381e-04, 8.6147e-01, 4.2570e-03, 
 2DIAGNOSTIC,    22, -6.562385790832e-01, 5.226986103233e-04, 8.6713e-01, 5.6520e-03, 
 2DIAGNOSTIC,    23, -6.565000058113e-01, 4.680180012236e-04, 8.7201e-01, 4.8819e-03, 
 2DIAGNOSTIC,    24, -6.565387353854e-01, 4.101063704206e-04, 8.7695e-01, 4.9400e-03, 
 2DIAGNOSTIC,    25, -6.567702146893e-01, 3.618032093034e-04, 8.8190e-01, 4.9491e-03, 
 2DIAGNOSTIC,    26, -6.583507212369e-01, 3.132611037344e-04, 8.8638e-01, 4.4842e-03, 
 2DIAGNOSTIC,    27, -6.586527568469e-01, 2.554116018359e-04, 8.9073e-01, 4.3440e-03, 
 2DIAGNOSTIC,    28, -6.593310437738e-01, 2.225767143844e-04, 8.9613e-01, 5.4009e-03, 
 2DIAGNOSTIC,    29, -6.595734041655e-01, 1.939316665339e-04, 9.0093e-01, 4.8060e-03, 
 2DIAGNOSTIC,    30, -6.595955819569e-01, 1.634946778528e-04, 9.0611e-01, 5.1758e-03, 
 2DIAGNOSTIC,    31, -6.596949967568e-01, 1.392755860919e-04, 9.1044e-01, 4.3330e-03, 
 2DIAGNOSTIC,    32, -6.597157295313e-01, 1.221677497598e-04, 9.1528e-01, 4.8342e-03, 
 2DIAGNOSTIC,    33, -6.597001423845e-01, 9.820426862864e-05, 9.2221e-01, 6.9361e-03, 
 2DIAGNOSTIC,    34, -6.595254449703e-01, 6.486903006916e-05, 9.2651e-01, 4.2992e-03, 
 2DIAGNOSTIC,    35, -6.595295822811e-01, 3.010817890130e-05, 9.3089e-01, 4.3790e-03, 
 2DIAGNOSTIC,    36, -6.595351297936e-01, 1.424396566097e-05, 9.3527e-01, 4.3819e-03, 
 2DIAGNOSTIC,    37, -6.595409535781e-01, 1.474135171316e-06, 9.3988e-01, 4.6060e-03, 
DIAGNOSTIC,Iteration,metricValue,convergenceValue,ITERATION_TIME_INDEX,SINCE_LAST
 2DIAGNOSTIC,     1, -5.183739626520e-01, 1.797693134862e+308, 1.7676e+00, 8.2771e-01, 
 2DIAGNOSTIC,     2, -5.189226238276e-01, 1.797693134862e+308, 1.7982e+00, 3.0619e-02, 
 2DIAGNOSTIC,     3, -5.196899327341e-01, 1.797693134862e+308, 1.8317e+00, 3.3476e-02, 
 2DIAGNOSTIC,     4, -5.204463662989e-01, 1.797693134862e+308, 1.8620e+00, 3.0314e-02, 
 2DIAGNOSTIC,     5, -5.209979485285e-01, 1.797693134862e+308, 1.8913e+00, 2.9308e-02, 
 2DIAGNOSTIC,     6, -5.216357744168e-01, 1.797693134862e+308, 1.9208e+00, 2.9459e-02, 
 2DIAGNOSTIC,     7, -5.233753714700e-01, 1.797693134862e+308, 1.9526e+00, 3.1853e-02, 
 2DIAGNOSTIC,     8, -5.241119131229e-01, 1.797693134862e+308, 1.9908e+00, 3.8191e-02, 
 2DIAGNOSTIC,     9, -5.247293428620e-01, 1.797693134862e+308, 2.0290e+00, 3.8146e-02, 
 2DIAGNOSTIC,    10, -5.250028241035e-01, 8.899807886846e-04, 2.0611e+00, 3.2111e-02, 
 2DIAGNOSTIC,    11, -5.255570913679e-01, 7.959217878156e-04, 2.0952e+00, 3.4111e-02, 
 2DIAGNOSTIC,    12, -5.289098581197e-01, 8.211614683985e-04, 2.1297e+00, 3.4493e-02, 
 2DIAGNOSTIC,    13, -5.295596031198e-01, 8.231568742807e-04, 2.1606e+00, 3.0943e-02, 
 2DIAGNOSTIC,    14, -5.295253581742e-01, 7.798186138159e-04, 2.1922e+00, 3.1618e-02, 
 2DIAGNOSTIC,    15, -5.301734575002e-01, 7.172058705047e-04, 2.2235e+00, 3.1243e-02, 
 2DIAGNOSTIC,    16, -5.312974445079e-01, 6.544535398520e-04, 2.2547e+00, 3.1260e-02, 
 2DIAGNOSTIC,    17, -5.330531656535e-01, 6.473163806193e-04, 2.3090e+00, 5.4223e-02, 
 2DIAGNOSTIC,    18, -5.331722754998e-01, 6.054626879201e-04, 2.3393e+00, 3.0347e-02, 
 2DIAGNOSTIC,    19, -5.334119160421e-01, 5.389698101329e-04, 2.3699e+00, 3.0584e-02, 
 2DIAGNOSTIC,    20, -5.338315793647e-01, 4.491935097248e-04, 2.4008e+00, 3.0916e-02, 
 2DIAGNOSTIC,    21, -5.362274114334e-01, 3.989514214268e-04, 2.4443e+00, 4.3475e-02, 
 2DIAGNOSTIC,    22, -5.366188730456e-01, 4.055089129967e-04, 2.4761e+00, 3.1870e-02, 
 2DIAGNOSTIC,    23, -5.369825345682e-01, 3.984211027038e-04, 2.5089e+00, 3.2706e-02, 
 2DIAGNOSTIC,    24, -5.377910132866e-01, 3.732261114007e-04, 2.5403e+00, 3.1415e-02, 
 2DIAGNOSTIC,    25, -5.385308090986e-01, 3.441973855734e-04, 2.5865e+00, 4.6269e-02, 
 2DIAGNOSTIC,    26, -5.387385088490e-01, 3.107929333679e-04, 2.6162e+00, 2.9669e-02, 
 2DIAGNOSTIC,    27, -5.394174595490e-01, 2.992892929606e-04, 2.6500e+00, 3.3832e-02, 
 2DIAGNOSTIC,    28, -5.406409246459e-01, 2.866484683517e-04, 2.6878e+00, 3.7793e-02, 
 2DIAGNOSTIC,    29, -5.415332384849e-01, 2.685344054911e-04, 2.7262e+00, 3.8387e-02, 
 2DIAGNOSTIC,    30, -5.416769376058e-01, 2.351220254603e-04, 2.7574e+00, 3.1216e-02, 
 2DIAGNOSTIC,    31, -5.440225131083e-01, 2.640371813596e-04, 2.7897e+00, 3.2238e-02, 
 2DIAGNOSTIC,    32, -5.463385560422e-01, 3.104758630260e-04, 2.8193e+00, 2.9623e-02, 
 2DIAGNOSTIC,    33, -5.484337342560e-01, 3.632856908237e-04, 2.8527e+00, 3.3407e-02, 
 2DIAGNOSTIC,    34, -5.495856964398e-01, 4.089461299868e-04, 2.8898e+00, 3.7078e-02, 
 2DIAGNOSTIC,    35, -5.499083828946e-01, 4.299397391837e-04, 2.9198e+00, 3.0040e-02, 
 2DIAGNOSTIC,    36, -5.501861829187e-01, 4.161463880796e-04, 2.9500e+00, 3.0155e-02, 
 2DIAGNOSTIC,    37, -5.506349710606e-01, 3.789468876742e-04, 2.9867e+00, 3.6732e-02, 
 2DIAGNOSTIC,    38, -5.507665351849e-01, 3.262184482570e-04, 3.0260e+00, 3.9312e-02, 
 2DIAGNOSTIC,    39, -5.510074846002e-01, 2.612715230728e-04, 3.0570e+00, 3.0989e-02, 
 2DIAGNOSTIC,    40, -5.520712791147e-01, 1.906862220903e-04, 3.0900e+00, 3.2998e-02, 
 2DIAGNOSTIC,    41, -5.544934231497e-01, 1.665168733101e-04, 3.1190e+00, 2.9022e-02, 
 2DIAGNOSTIC,    42, -5.550812415018e-01, 1.630827475395e-04, 3.1484e+00, 2.9414e-02, 
 2DIAGNOSTIC,    43, -5.575698277405e-01, 2.007665348640e-04, 3.1882e+00, 3.9767e-02, 
 2DIAGNOSTIC,    44, -5.580100409173e-01, 2.363325967074e-04, 3.2188e+00, 3.0613e-02, 
 2DIAGNOSTIC,    45, -5.583735435078e-01, 2.557871169669e-04, 3.2573e+00, 3.8467e-02, 
 2DIAGNOSTIC,    46, -5.590505628642e-01, 2.607183967720e-04, 3.3015e+00, 4.4226e-02, 
 2DIAGNOSTIC,    47, -5.591304566957e-01, 2.462762673824e-04, 3.3415e+00, 3.9971e-02, 
 2DIAGNOSTIC,    48, -5.602801014614e-01, 2.231481305078e-04, 3.3727e+00, 3.1225e-02, 
 2DIAGNOSTIC,    49, -5.633235144228e-01, 2.146640827925e-04, 3.4054e+00, 3.2710e-02, 
 2DIAGNOSTIC,    50, -5.643526109267e-01, 2.069702481442e-04, 3.4484e+00, 4.2959e-02, 
 2DIAGNOSTIC,    51, -5.653265344029e-01, 2.151796609504e-04, 3.4791e+00, 3.0764e-02, 
 2DIAGNOSTIC,    52, -5.654802753679e-01, 2.096427705365e-04, 3.5099e+00, 3.0764e-02, 
 2DIAGNOSTIC,    53, -5.657439926321e-01, 2.115014266678e-04, 3.5509e+00, 4.0943e-02, 
 2DIAGNOSTIC,    54, -5.660160249257e-01, 1.994882380052e-04, 3.5830e+00, 3.2158e-02, 
 2DIAGNOSTIC,    55, -5.663176203856e-01, 1.748567777897e-04, 3.6178e+00, 3.4754e-02, 
 2DIAGNOSTIC,    56, -5.665964767859e-01, 1.437211937347e-04, 3.6623e+00, 4.4546e-02, 
 2DIAGNOSTIC,    57, -5.667778885290e-01, 1.025021537589e-04, 3.7014e+00, 3.9044e-02, 
 2DIAGNOSTIC,    58, -5.667824085941e-01, 6.282161447741e-05, 3.7400e+00, 3.8597e-02, 
 2DIAGNOSTIC,    59, -5.667784099950e-01, 4.534212931274e-05, 3.7776e+00, 3.7696e-02, 
 2DIAGNOSTIC,    60, -5.667895953190e-01, 3.299337919239e-05, 3.8137e+00, 3.6102e-02, 
 2DIAGNOSTIC,    61, -5.667858378545e-01, 2.621463400904e-05, 3.8486e+00, 3.4834e-02, 
 2DIAGNOSTIC,    62, -5.667647987440e-01, 1.828252442792e-05, 3.8792e+00, 3.0577e-02, 
 2DIAGNOSTIC,    63, -5.667702258472e-01, 1.113401366793e-05, 3.9085e+00, 2.9315e-02, 
 2DIAGNOSTIC,    64, -5.667864144366e-01, 5.519269722708e-06, 3.9377e+00, 2.9241e-02, 
 2DIAGNOSTIC,    65, -5.668338671110e-01, 2.344128575506e-06, 3.9664e+00, 2.8662e-02, 
 2DIAGNOSTIC,    66, -5.668962554234e-01, 1.732802943823e-06, 3.9950e+00, 2.8630e-02, 
 2DIAGNOSTIC,    67, -5.669862291148e-01, 3.122869508362e-06, 4.0230e+00, 2.7944e-02, 
 2DIAGNOSTIC,    68, -5.670242821139e-01, 4.535338260815e-06, 4.0571e+00, 3.4173e-02, 
 2DIAGNOSTIC,    69, -5.670036474551e-01, 5.328473543582e-06, 4.0886e+00, 3.1481e-02, 
 2DIAGNOSTIC,    70, -5.670331007419e-01, 5.942099162139e-06, 4.1202e+00, 3.1554e-02, 
 2DIAGNOSTIC,    71, -5.671328604480e-01, 6.703797514477e-06, 4.1515e+00, 3.1325e-02, 
 2DIAGNOSTIC,    72, -5.671496229161e-01, 6.782991371914e-06, 4.1793e+00, 2.7788e-02, 
 2DIAGNOSTIC,    73, -5.671591321654e-01, 6.366106841198e-06, 4.2176e+00, 3.8341e-02, 
 2DIAGNOSTIC,    74, -5.671782776304e-01, 5.655257506832e-06, 4.2491e+00, 3.1526e-02, 
 2DIAGNOSTIC,    75, -5.672042137065e-01, 4.960841219927e-06, 4.2799e+00, 3.0802e-02, 
 2DIAGNOSTIC,    76, -5.671884415147e-01, 4.134618082687e-06, 4.3072e+00, 2.7264e-02, 
 2DIAGNOSTIC,    77, -5.672099646719e-01, 3.719219959154e-06, 4.3383e+00, 3.1057e-02, 
 2DIAGNOSTIC,    78, -5.672292748369e-01, 3.389901726578e-06, 4.3656e+00, 2.7364e-02, 
 2DIAGNOSTIC,    79, -5.672564608072e-01, 2.822974137633e-06, 4.3967e+00, 3.1031e-02, 
 2DIAGNOSTIC,    80, -5.672675259096e-01, 2.279591067120e-06, 4.4241e+00, 2.7450e-02, 
 2DIAGNOSTIC,    81, -5.672803265454e-01, 2.289599415331e-06, 4.4518e+00, 2.7707e-02, 
 2DIAGNOSTIC,    82, -5.672871342895e-01, 2.267092193297e-06, 4.4827e+00, 3.0910e-02, 
 2DIAGNOSTIC,    83, -5.672941651604e-01, 2.162253441367e-06, 4.5098e+00, 2.7057e-02, 
 2DIAGNOSTIC,    84, -5.673369396028e-01, 2.263009221690e-06, 4.5845e+00, 7.4693e-02, 
 2DIAGNOSTIC,    85, -5.673450481234e-01, 2.384871570761e-06, 4.6799e+00, 9.5440e-02, 
 2DIAGNOSTIC,    86, -5.673450481232e-01, 2.217049407720e-06, 4.7632e+00, 8.3299e-02, 
 2DIAGNOSTIC,    87, -5.673450481232e-01, 2.006531780023e-06, 4.8064e+00, 4.3153e-02, 
 2DIAGNOSTIC,    88, -5.673450481232e-01, 1.752820756465e-06, 4.8422e+00, 3.5817e-02, 
 2DIAGNOSTIC,    89, -5.673450481232e-01, 1.523987914562e-06, 4.8750e+00, 3.2824e-02, 
 2DIAGNOSTIC,    90, -5.673450481232e-01, 1.249186260051e-06, 4.9072e+00, 3.2236e-02, 
DIAGNOSTIC,Iteration,metricValue,convergenceValue,ITERATION_TIME_INDEX,SINCE_LAST
 2DIAGNOSTIC,     1, -5.013659056881e-01, 1.797693134862e+308, 5.9949e+00, 1.0876e+00, 
 2DIAGNOSTIC,     2, -5.016565246660e-01, 1.797693134862e+308, 6.2259e+00, 2.3105e-01, 
 2DIAGNOSTIC,     3, -5.019908255210e-01, 1.797693134862e+308, 6.4703e+00, 2.4437e-01, 
 2DIAGNOSTIC,     4, -5.021204976013e-01, 1.797693134862e+308, 6.7180e+00, 2.4774e-01, 
 2DIAGNOSTIC,     5, -5.021699095319e-01, 1.797693134862e+308, 7.0056e+00, 2.8757e-01, 
 2DIAGNOSTIC,     6, -5.021965509873e-01, 1.797693134862e+308, 7.2591e+00, 2.5347e-01, 
 2DIAGNOSTIC,     7, -5.022493650063e-01, 1.797693134862e+308, 7.5653e+00, 3.0625e-01, 
 2DIAGNOSTIC,     8, -5.022689653496e-01, 1.797693134862e+308, 7.8397e+00, 2.7435e-01, 
 2DIAGNOSTIC,     9, -5.023416101923e-01, 1.797693134862e+308, 8.0587e+00, 2.1906e-01, 
 2DIAGNOSTIC,    10, -5.023973359707e-01, 1.101544238897e-04, 8.6281e+00, 5.6935e-01, 
 2DIAGNOSTIC,    11, -5.023950225604e-01, 6.998549975683e-05, 8.8958e+00, 2.6776e-01, 
 2DIAGNOSTIC,    12, -5.023947949219e-01, 4.389647511777e-05, 9.1325e+00, 2.3664e-01, 
 2DIAGNOSTIC,    13, -5.023941641726e-01, 3.251304884618e-05, 9.3906e+00, 2.5808e-01, 
 2DIAGNOSTIC,    14, -5.023929143227e-01, 2.514617098397e-05, 9.5925e+00, 2.0193e-01, 
 2DIAGNOSTIC,    15, -5.023927676963e-01, 1.849537894338e-05, 9.8411e+00, 2.4860e-01, 
 2DIAGNOSTIC,    16, -5.023932003288e-01, 1.212237427027e-05, 1.0070e+01, 2.2897e-01, 
 2DIAGNOSTIC,    17, -5.023922795298e-01, 7.334094060799e-06, 1.0299e+01, 2.2922e-01, 
 2DIAGNOSTIC,    18, -5.023921651141e-01, 3.141925044907e-06, 1.0544e+01, 2.4442e-01, 
 2DIAGNOSTIC,    19, -5.023926033981e-01, 1.392728631110e-06, 1.0837e+01, 2.9375e-01, 
 2DIAGNOSTIC,    20, -5.023927776742e-01, 1.427231048422e-06, 1.1064e+01, 2.2678e-01, 
 2DIAGNOSTIC,    21, -5.023921631215e-01, 1.394094829146e-06, 1.1265e+01, 2.0069e-01, 
 2DIAGNOSTIC,    22, -5.023916895313e-01, 1.358318669764e-06, 1.1497e+01, 2.3241e-01, 
 2DIAGNOSTIC,    23, -5.023919957317e-01, 1.327227494241e-06, 1.1741e+01, 2.4357e-01, 
 2DIAGNOSTIC,    24, -5.023924257943e-01, 1.283777323086e-06, 1.1956e+01, 2.1464e-01, 
 2DIAGNOSTIC,    25, -5.023922834467e-01, 1.240210322516e-06, 1.2199e+01, 2.4391e-01, 
 2DIAGNOSTIC,    26, -5.023889385730e-01, 1.140935945797e-06, 1.2447e+01, 2.4718e-01, 
 2DIAGNOSTIC,    27, -5.023894634438e-01, 1.051065592235e-06, 1.2695e+01, 2.4877e-01, 
DIAGNOSTIC,Iteration,metricValue,convergenceValue,ITERATION_TIME_INDEX,SINCE_LAST
 2DIAGNOSTIC,     1, -4.668681267606e-01, 1.797693134862e+308, 1.5309e+01, 2.6138e+00, 
 2DIAGNOSTIC,     2, -4.669610363394e-01, 1.797693134862e+308, 1.6951e+01, 1.6418e+00, 
 2DIAGNOSTIC,     3, -4.669777566715e-01, 1.797693134862e+308, 1.8878e+01, 1.9266e+00, 
 2DIAGNOSTIC,     4, -4.669782306339e-01, 1.797693134862e+308, 2.0398e+01, 1.5200e+00, 
 2DIAGNOSTIC,     5, -4.669774402842e-01, 1.797693134862e+308, 2.1955e+01, 1.5576e+00, 
 2DIAGNOSTIC,     6, -4.669770963445e-01, 1.797693134862e+308, 2.3784e+01, 1.8291e+00, 
 2DIAGNOSTIC,     7, -4.669770849307e-01, 1.797693134862e+308, 2.5295e+01, 1.5110e+00, 
 2DIAGNOSTIC,     8, -4.669770935955e-01, 1.797693134862e+308, 2.7236e+01, 1.9402e+00, 
 2DIAGNOSTIC,     9, -4.669769814442e-01, 1.797693134862e+308, 2.9072e+01, 1.8361e+00, 
 2DIAGNOSTIC,    10, -4.669768274930e-01, 1.058033824261e-05, 3.0614e+01, 1.5425e+00, 
 2DIAGNOSTIC,    11, -4.669767545241e-01, 3.659064837833e-06, 3.2218e+01, 1.6041e+00, 
 2DIAGNOSTIC,    12, -4.669766751987e-01, 2.506161782198e-06, 3.3660e+01, 1.4414e+00, 
 2DIAGNOSTIC,    13, -4.669766038025e-01, 2.321781438219e-06, 3.5053e+01, 1.3936e+00, 
 2DIAGNOSTIC,    14, -4.669766366927e-01, 2.198045044061e-06, 3.6474e+01, 1.4207e+00, 
 2DIAGNOSTIC,    15, -4.669766920516e-01, 2.068161030447e-06, 3.8168e+01, 1.6947e+00, 
 2DIAGNOSTIC,    16, -4.669766418211e-01, 1.944274255067e-06, 3.9780e+01, 1.6116e+00, 
 2DIAGNOSTIC,    17, -4.669764898552e-01, 1.833167664687e-06, 4.1145e+01, 1.3654e+00, 
 2DIAGNOSTIC,    18, -4.669764489244e-01, 1.737038276786e-06, 4.2707e+01, 1.5613e+00, 
 2DIAGNOSTIC,    19, -4.669763903020e-01, 1.648365142437e-06, 4.4237e+01, 1.5302e+00, 
 2DIAGNOSTIC,    20, -4.669763231461e-01, 1.564167639377e-06, 4.5670e+01, 1.4333e+00, 
 2DIAGNOSTIC,    21, -4.669762605070e-01, 1.486620931440e-06, 4.7240e+01, 1.5701e+00, 
 2DIAGNOSTIC,    22, -4.669762942054e-01, 1.417664218406e-06, 4.8842e+01, 1.6016e+00, 
 2DIAGNOSTIC,    23, -4.669763277486e-01, 1.356281739341e-06, 5.0553e+01, 1.7108e+00, 
 2DIAGNOSTIC,    24, -4.669762585117e-01, 1.301479542089e-06, 5.2003e+01, 1.4507e+00, 
 2DIAGNOSTIC,    25, -4.669760229332e-01, 1.249007394025e-06, 5.3439e+01, 1.4353e+00, 
 2DIAGNOSTIC,    26, -4.669761765122e-01, 1.205438394387e-06, 5.5043e+01, 1.6047e+00, 
 2DIAGNOSTIC,    27, -4.669760411887e-01, 1.160106425140e-06, 5.6835e+01, 1.7913e+00, 
 2DIAGNOSTIC,    28, -4.669759756077e-01, 1.117427974630e-06, 5.8457e+01, 1.6221e+00, 
 2DIAGNOSTIC,    29, -4.669758191408e-01, 1.075074585084e-06, 5.9839e+01, 1.3823e+00, 
 2DIAGNOSTIC,    30, -4.669757709725e-01, 1.035429032140e-06, 6.1347e+01, 1.5077e+00, 
 2DIAGNOSTIC,    31, -4.669760248466e-01, 1.004365898574e-06, 6.2677e+01, 1.3303e+00, 
  Elapsed time (stage 0): 6.3552e+01


Total elapsed time: 6.3556e+01
Info [verificarlo]: loaded backend libinterflop_ieee.so
Info [interflop-ieee]: load backend with:
Info [interflop-ieee]: debug = false
Info [interflop-ieee]: debug-binary = false
Info [interflop-ieee]: no-backend-name = false
Info [interflop-ieee]: print-new-line = false
Info [interflop-ieee]: print-subnormal-normalized = false
Info [interflop-ieee]: count-op = false
All_Command_lines_OK
Using double precision for computations.
=============================================================================
The composite transform comprises the following transforms (in order): 
  1. /home/mdugre/scratch/mri-registration-rp/datasets/ds004513/derivatives/mri-registration-rp/0001/antsRegistration-r7-p13/sub-s032/rigid_Composite.h5[0] (type = Euler3DTransform)
  2. /home/mdugre/scratch/mri-registration-rp/datasets/ds004513/derivatives/mri-registration-rp/0001/antsRegistration-r7-p13/sub-s032/rigid_Composite.h5[1] (type = Euler3DTransform)
  3. /home/mdugre/scratch/mri-registration-rp/datasets/ds004513/derivatives/mri-registration-rp/0001/antsRegistration-r7-p13/sub-s032/rigid_Composite.h5[2] (type = Euler3DTransform)
=============================================================================
  number of levels = 4
  fixed image: /templateflow/tpl-MNI152NLin2009cAsym/tpl-MNI152NLin2009cAsym_res-01_desc-brain_T1w.nii.gz
  moving image: /home/mdugre/scratch/mri-registration-rp/datasets/ds004513/derivatives/mri-registration-rp/antsBrainExtraction/sub-s032/BrainExtractionBrain.nii.gz
Dimension = 3
Number of stages = 1
Use histogram matching = false
Winsorize image intensities = true
  Lower quantile = 0.005
  Upper quantile = 0.995


Stage 1 State
   Image metric = MattesMI
     Fixed image = Image (0x45dc7e0)
  RTTI typeinfo:   itk::Image<double, 3u>
  Reference Count: 2
  Modified Time: 1592
  Debug: Off
  Object Name: 
  Observers: 
    none
  Source: (none)
  Source output name: (none)
  Release Data: Off
  Data Released: False
  Global Release Data: Off
  PipelineMTime: 0
  UpdateMTime: 1203
  RealTimeStamp: 0 seconds 
  LargestPossibleRegion: 
    Dimension: 3
    Index: [0, 0, 0]
    Size: [193, 229, 193]
  BufferedRegion: 
    Dimension: 3
    Index: [0, 0, 0]
    Size: [193, 229, 193]
  RequestedRegion: 
    Dimension: 3
    Index: [0, 0, 0]
    Size: [193, 229, 193]
  Spacing: [1, 1, 1]
  Origin: [96, 132, -78]
  Direction: 
-1 0 0
0 -1 0
0 0 1

  IndexToPointMatrix: 
-1 0 0
0 -1 0
0 0 1

  PointToIndexMatrix: 
-1 0 0
0 -1 0
0 0 1

  Inverse Direction: 
-1 0 0
0 -1 0
0 0 1

  PixelContainer: 
    ImportImageContainer (0x469ca20)
      RTTI typeinfo:   itk::ImportImageContainer<unsigned long, double>
      Reference Count: 1
      Modified Time: 1200
      Debug: Off
      Object Name: 
      Observers: 
        none
      Pointer: 0x147096d8c010
      Container manages memory: true
      Size: 8530021
      Capacity: 8530021

     Moving image = Image (0x4697d70)
  RTTI typeinfo:   itk::Image<double, 3u>
  Reference Count: 2
  Modified Time: 1593
  Debug: Off
  Object Name: 
  Observers: 
    none
  Source: (none)
  Source output name: (none)
  Release Data: Off
  Data Released: False
  Global Release Data: Off
  PipelineMTime: 0
  UpdateMTime: 1590
  RealTimeStamp: 0 seconds 
  LargestPossibleRegion: 
    Dimension: 3
    Index: [0, 0, 0]
    Size: [160, 240, 256]
  BufferedRegion: 
    Dimension: 3
    Index: [0, 0, 0]
    Size: [160, 240, 256]
  RequestedRegion: 
    Dimension: 3
    Index: [0, 0, 0]
    Size: [160, 240, 256]
  Spacing: [1, 1, 1]
  Origin: [73.279, 104.707, -131.187]
  Direction: 
-0.997527 0.0645574 -0.0278053
-0.0645323 -0.997914 -0.00179875
-0.0278634 4.01097e-08 0.999612

  IndexToPointMatrix: 
-0.997527 0.0645574 -0.0278053
-0.0645323 -0.997914 -0.00179875
-0.0278634 4.01097e-08 0.999612

  PointToIndexMatrix: 
-0.997527 -0.0645323 -0.0278634
0.0645574 -0.997914 4.01049e-08
-0.0278053 -0.00179875 0.999612

  Inverse Direction: 
-0.997527 -0.0645323 -0.0278634
0.0645574 -0.997914 4.01049e-08
-0.0278053 -0.00179875 0.999612

  PixelContainer: 
    ImportImageContainer (0x464fc90)
      RTTI typeinfo:   itk::ImportImageContainer<unsigned long, double>
      Reference Count: 1
      Modified Time: 1587
      Debug: Off
      Object Name: 
      Observers: 
        none
      Pointer: 0x14709228b010
      Container manages memory: true
      Size: 9830400
      Capacity: 9830400

     Weighting = 1
     Sampling strategy = regular
     Number of bins = 32
     Radius = 4
     Sampling percentage  = 0.25
   Transform = Affine
     Gradient step = 0.1
     Update field sigma (voxel space) = 0
     Total field sigma (voxel space) = 0
     Update field time sigma = 0
     Total field time sigma  = 0
     Number of time indices = 0
     Number of time point samples = 0
Registration using 1 total stages.

Stage 0
  iterations = 1000x500x250x100
  convergence threshold = 1e-06
  convergence window size = 10
  number of levels = 4
  using the Mattes MI metric (number of bins = 32, weight = 1, use gradient filter = 0)
  preprocessing:  winsorizing the image intensities
  Shrink factors (level 1 out of 4): [8, 8, 8]
  Shrink factors (level 2 out of 4): [4, 4, 4]
  Shrink factors (level 3 out of 4): [2, 2, 2]
  Shrink factors (level 4 out of 4): [1, 1, 1]
  smoothing sigmas per level: [3, 2, 1, 0]
  regular sampling (percentage = 0.25)

*** Running AffineTransform registration ***

DIAGNOSTIC,Iteration,metricValue,convergenceValue,ITERATION_TIME_INDEX,SINCE_LAST
 2DIAGNOSTIC,     1, -6.837613765351e-01, 1.797693134862e+308, 6.9099e-01, 6.9099e-01, 
 2DIAGNOSTIC,     2, -6.856833396229e-01, 1.797693134862e+308, 6.9593e-01, 4.9369e-03, 
 2DIAGNOSTIC,     3, -6.887921029145e-01, 1.797693134862e+308, 7.0047e-01, 4.5431e-03, 
 2DIAGNOSTIC,     4, -6.928995439996e-01, 1.797693134862e+308, 7.0543e-01, 4.9579e-03, 
 2DIAGNOSTIC,     5, -7.033092703365e-01, 1.797693134862e+308, 7.1046e-01, 5.0271e-03, 
 2DIAGNOSTIC,     6, -7.157426572528e-01, 1.797693134862e+308, 7.1590e-01, 5.4410e-03, 
 2DIAGNOSTIC,     7, -7.225247053725e-01, 1.797693134862e+308, 7.2162e-01, 5.7189e-03, 
 2DIAGNOSTIC,     8, -7.235050899941e-01, 1.797693134862e+308, 7.2605e-01, 4.4298e-03, 
 2DIAGNOSTIC,     9, -7.254362175503e-01, 1.797693134862e+308, 7.3108e-01, 5.0349e-03, 
 2DIAGNOSTIC,    10, -7.300999590723e-01, 4.879120365507e-03, 7.3896e-01, 7.8752e-03, 
 2DIAGNOSTIC,    11, -7.309468727495e-01, 4.182405874597e-03, 7.4357e-01, 4.6110e-03, 
 2DIAGNOSTIC,    12, -7.321052828031e-01, 3.334343787953e-03, 7.4812e-01, 4.5540e-03, 
 2DIAGNOSTIC,    13, -7.332466872755e-01, 2.456759274260e-03, 7.5273e-01, 4.6101e-03, 
 2DIAGNOSTIC,    14, -7.342973607306e-01, 1.629051654175e-03, 7.5794e-01, 5.2042e-03, 
 2DIAGNOSTIC,    15, -7.352186699440e-01, 1.057036167719e-03, 7.6248e-01, 4.5390e-03, 
 2DIAGNOSTIC,    16, -7.358714150464e-01, 7.813770271572e-04, 7.6894e-01, 6.4659e-03, 
 2DIAGNOSTIC,    17, -7.362965353446e-01, 6.363087341758e-04, 7.7346e-01, 4.5130e-03, 
 2DIAGNOSTIC,    18, -7.368060623760e-01, 4.818592477900e-04, 7.7797e-01, 4.5130e-03, 
 2DIAGNOSTIC,    19, -7.375625221960e-01, 3.527394121667e-04, 7.8383e-01, 5.8639e-03, 
 2DIAGNOSTIC,    20, -7.379503359971e-01, 3.033525246728e-04, 7.8997e-01, 6.1359e-03, 
 2DIAGNOSTIC,    21, -7.379661939237e-01, 2.466450352583e-04, 7.9452e-01, 4.5528e-03, 
 2DIAGNOSTIC,    22, -7.380339180514e-01, 1.942589913968e-04, 7.9947e-01, 4.9438e-03, 
 2DIAGNOSTIC,    23, -7.381688674941e-01, 1.500166038343e-04, 8.0398e-01, 4.5159e-03, 
 2DIAGNOSTIC,    24, -7.382189501089e-01, 1.131215629181e-04, 8.0962e-01, 5.6379e-03, 
 2DIAGNOSTIC,    25, -7.382372378410e-01, 8.327935983581e-05, 8.1414e-01, 4.5178e-03, 
 2DIAGNOSTIC,    26, -7.383737912695e-01, 6.006823946920e-05, 8.1868e-01, 4.5419e-03, 
 2DIAGNOSTIC,    27, -7.385196756897e-01, 4.129963957562e-05, 8.2420e-01, 5.5249e-03, 
 2DIAGNOSTIC,    28, -7.387159195672e-01, 2.967839694965e-05, 8.2931e-01, 5.1100e-03, 
 2DIAGNOSTIC,    29, -7.387295880558e-01, 2.639591670003e-05, 8.3412e-01, 4.8039e-03, 
 2DIAGNOSTIC,    30, -7.389448524317e-01, 2.888367032071e-05, 8.3915e-01, 5.0361e-03, 
 2DIAGNOSTIC,    31, -7.392191719069e-01, 3.216949487459e-05, 8.4579e-01, 6.6340e-03, 
 2DIAGNOSTIC,    32, -7.391559396753e-01, 3.221067664905e-05, 8.5029e-01, 4.5002e-03, 
 2DIAGNOSTIC,    33, -7.392530068695e-01, 3.210369206427e-05, 8.5490e-01, 4.6129e-03, 
 2DIAGNOSTIC,    34, -7.395281259980e-01, 3.281190493263e-05, 8.5996e-01, 5.0552e-03, 
 2DIAGNOSTIC,    35, -7.396853845761e-01, 3.228183571391e-05, 8.6447e-01, 4.5121e-03, 
 2DIAGNOSTIC,    36, -7.396318594212e-01, 2.963072738936e-05, 8.6896e-01, 4.4899e-03, 
 2DIAGNOSTIC,    37, -7.396868602879e-01, 2.656652038602e-05, 8.7346e-01, 4.5049e-03, 
 2DIAGNOSTIC,    38, -7.398010080317e-01, 2.444867179199e-05, 8.7847e-01, 5.0011e-03, 
 2DIAGNOSTIC,    39, -7.399730174068e-01, 2.191691208106e-05, 8.9285e-01, 1.4383e-02, 
 2DIAGNOSTIC,    40, -7.399729673121e-01, 1.946913450884e-05, 8.9742e-01, 4.5710e-03, 
 2DIAGNOSTIC,    41, -7.399729796242e-01, 1.807514311754e-05, 9.0217e-01, 4.7491e-03, 
 2DIAGNOSTIC,    42, -7.399730004616e-01, 1.455646085458e-05, 9.0696e-01, 4.7920e-03, 
 2DIAGNOSTIC,    43, -7.399730356882e-01, 1.067748861707e-05, 9.1142e-01, 4.4601e-03, 
 2DIAGNOSTIC,    44, -7.399730952298e-01, 8.392873309674e-06, 9.1588e-01, 4.4611e-03, 
 2DIAGNOSTIC,    45, -7.399731958394e-01, 6.867290847069e-06, 9.2035e-01, 4.4689e-03, 
 2DIAGNOSTIC,    46, -7.399733656061e-01, 4.391544840710e-06, 9.2482e-01, 4.4670e-03, 
 2DIAGNOSTIC,    47, -7.399736518392e-01, 2.116089423691e-06, 9.2934e-01, 4.5199e-03, 
DIAGNOSTIC,Iteration,metricValue,convergenceValue,ITERATION_TIME_INDEX,SINCE_LAST
 2DIAGNOSTIC,     1, -5.935726396250e-01, 1.797693134862e+308, 1.6809e+00, 7.5160e-01, 
 2DIAGNOSTIC,     2, -5.941638264484e-01, 1.797693134862e+308, 1.7191e+00, 3.8156e-02, 
 2DIAGNOSTIC,     3, -5.952260269006e-01, 1.797693134862e+308, 1.7566e+00, 3.7456e-02, 
 2DIAGNOSTIC,     4, -5.963160062041e-01, 1.797693134862e+308, 1.7975e+00, 4.0927e-02, 
 2DIAGNOSTIC,     5, -5.964873778720e-01, 1.797693134862e+308, 1.8439e+00, 4.6449e-02, 
 2DIAGNOSTIC,     6, -5.965086002060e-01, 1.797693134862e+308, 1.8800e+00, 3.6056e-02, 
 2DIAGNOSTIC,     7, -5.965021028659e-01, 1.797693134862e+308, 1.9166e+00, 3.6589e-02, 
 2DIAGNOSTIC,     8, -5.965044810145e-01, 1.797693134862e+308, 1.9553e+00, 3.8714e-02, 
 2DIAGNOSTIC,     9, -5.964863971760e-01, 1.797693134862e+308, 1.9929e+00, 3.7583e-02, 
 2DIAGNOSTIC,    10, -5.965100533129e-01, 2.872104316564e-04, 2.0335e+00, 4.0583e-02, 
 2DIAGNOSTIC,    11, -5.965321766860e-01, 1.597039797688e-04, 2.0734e+00, 3.9987e-02, 
 2DIAGNOSTIC,    12, -5.965388837616e-01, 6.257024884271e-05, 2.1117e+00, 3.8227e-02, 
 2DIAGNOSTIC,    13, -5.965376148530e-01, 1.286237300027e-05, 2.1560e+00, 4.4333e-02, 
 2DIAGNOSTIC,    14, -5.965773016300e-01, 7.653184599082e-06, 2.1990e+00, 4.2976e-02, 
 2DIAGNOSTIC,    15, -5.965717170809e-01, 7.851156950650e-06, 2.2383e+00, 3.9276e-02, 
 2DIAGNOSTIC,    16, -5.965671801966e-01, 7.997755026759e-06, 2.2731e+00, 3.4879e-02, 
 2DIAGNOSTIC,    17, -5.965714076886e-01, 7.527655571889e-06, 2.3087e+00, 3.5520e-02, 
 2DIAGNOSTIC,    18, -5.965908795282e-01, 7.185826521976e-06, 2.3451e+00, 3.6484e-02, 
 2DIAGNOSTIC,    19, -5.966153224922e-01, 6.499249722292e-06, 2.3828e+00, 3.7652e-02, 
 2DIAGNOSTIC,    20, -5.966366432792e-01, 6.481115363013e-06, 2.4163e+00, 3.3486e-02, 
 2DIAGNOSTIC,    21, -5.966724121657e-01, 7.335168820795e-06, 2.4529e+00, 3.6588e-02, 
 2DIAGNOSTIC,    22, -5.966948271646e-01, 8.197594078260e-06, 2.4905e+00, 3.7671e-02, 
 2DIAGNOSTIC,    23, -5.967052605970e-01, 8.510577531567e-06, 2.5251e+00, 3.4586e-02, 
 2DIAGNOSTIC,    24, -5.967862875546e-01, 1.052991205401e-05, 2.5604e+00, 3.5237e-02, 
 2DIAGNOSTIC,    25, -5.969552213943e-01, 1.460078742149e-05, 2.5944e+00, 3.4060e-02, 
 2DIAGNOSTIC,    26, -5.972678495521e-01, 2.267930341379e-05, 2.6276e+00, 3.3212e-02, 
 2DIAGNOSTIC,    27, -5.980614599708e-01, 4.211030522112e-05, 2.6615e+00, 3.3850e-02, 
 2DIAGNOSTIC,    28, -6.018089348629e-01, 1.200806956658e-04, 2.7280e+00, 6.6523e-02, 
 2DIAGNOSTIC,    29, -6.017397552658e-01, 1.791154211195e-04, 2.7694e+00, 4.1442e-02, 
