
##########################
# Experiment information #
##########################

EXPERIMENT_NAME: antsRegistration-r8-p11
VFC_BACKENDS: libinterflop_vprec.so --range-binary32=8 --precision-binary32=11 --range-binary64=8 --precision-binary64=11

SIF_IMG: /home/mdugre/projects/rrg-glatard/mdugre/containers/ants-vprec-no_metrics.simg

SUBJECT_ID: s020
INPUT_IMG: /home/mdugre/scratch/mri-registration-rp/datasets/ds004513/derivatives/mri-registration-rp/antsBrainExtraction/sub-s020/BrainExtractionBrain.nii.gz
OUTPUT_DIR: /home/mdugre/scratch/mri-registration-rp/datasets/ds004513/derivatives/mri-registration-rp/0001/antsRegistration-r8-p11/sub-s020

FIXED_IMG: /templateflow/tpl-MNI152NLin2009cAsym/tpl-MNI152NLin2009cAsym_res-01_desc-brain_T1w.nii.gz
DATA_DIR: /home/mdugre/scratch/mri-registration-rp/datasets/ds004513
TEMPLATEFLOW_DIR: /home/mdugre/projects/rrg-glatard/mdugre/templateflow
ITK_GLOBAL_DEFAULT_NUMBER_OF_THREADS: 16
##########################

Info [verificarlo]: loaded backend libinterflop_ieee.so
Info [interflop-ieee]: load backend with:
Info [interflop-ieee]: debug = false
Info [interflop-ieee]: debug-binary = false
Info [interflop-ieee]: no-backend-name = false
Info [interflop-ieee]: print-new-line = false
Info [interflop-ieee]: print-subnormal-normalized = false
Info [interflop-ieee]: count-op = false
All_Command_lines_OK
Using double precision for computations.
=============================================================================
The composite transform comprises the following transforms (in order): 
  1. Center of mass alignment using fixed image: /templateflow/tpl-MNI152NLin2009cAsym/tpl-MNI152NLin2009cAsym_res-01_desc-brain_T1w.nii.gz and moving image: /home/mdugre/scratch/mri-registration-rp/datasets/ds004513/derivatives/mri-registration-rp/antsBrainExtraction/sub-s020/BrainExtractionBrain.nii.gz (type = Euler3DTransform)
=============================================================================
  number of levels = 1
  fixed image: /templateflow/tpl-MNI152NLin2009cAsym/tpl-MNI152NLin2009cAsym_res-01_desc-brain_T1w.nii.gz
  moving image: /home/mdugre/scratch/mri-registration-rp/datasets/ds004513/derivatives/mri-registration-rp/antsBrainExtraction/sub-s020/BrainExtractionBrain.nii.gz
Dimension = 3
Number of stages = 1
Use histogram matching = false
Winsorize image intensities = true
  Lower quantile = 0.005
  Upper quantile = 0.995


Stage 1 State
   Image metric = MattesMI
     Fixed image = Image (0x479ce70)
  RTTI typeinfo:   itk::Image<double, 3u>
  Reference Count: 2
  Modified Time: 2334
  Debug: Off
  Object Name: 
  Observers: 
    none
  Source: (none)
  Source output name: (none)
  Release Data: Off
  Data Released: False
  Global Release Data: Off
  PipelineMTime: 0
  UpdateMTime: 1943
  RealTimeStamp: 0 seconds 
  LargestPossibleRegion: 
    Dimension: 3
    Index: [0, 0, 0]
    Size: [193, 229, 193]
  BufferedRegion: 
    Dimension: 3
    Index: [0, 0, 0]
    Size: [193, 229, 193]
  RequestedRegion: 
    Dimension: 3
    Index: [0, 0, 0]
    Size: [193, 229, 193]
  Spacing: [1, 1, 1]
  Origin: [96, 132, -78]
  Direction: 
-1 0 0
0 -1 0
0 0 1

  IndexToPointMatrix: 
-1 0 0
0 -1 0
0 0 1

  PointToIndexMatrix: 
-1 0 0
0 -1 0
0 0 1

  Inverse Direction: 
-1 0 0
0 -1 0
0 0 1

  PixelContainer: 
    ImportImageContainer (0x47a5c60)
      RTTI typeinfo:   itk::ImportImageContainer<unsigned long, double>
      Reference Count: 1
      Modified Time: 1940
      Debug: Off
      Object Name: 
      Observers: 
        none
      Pointer: 0x152b58cf8010
      Container manages memory: true
      Size: 8530021
      Capacity: 8530021

     Moving image = Image (0x47a8610)
  RTTI typeinfo:   itk::Image<double, 3u>
  Reference Count: 2
  Modified Time: 2335
  Debug: Off
  Object Name: 
  Observers: 
    none
  Source: (none)
  Source output name: (none)
  Release Data: Off
  Data Released: False
  Global Release Data: Off
  PipelineMTime: 0
  UpdateMTime: 2332
  RealTimeStamp: 0 seconds 
  LargestPossibleRegion: 
    Dimension: 3
    Index: [0, 0, 0]
    Size: [160, 240, 256]
  BufferedRegion: 
    Dimension: 3
    Index: [0, 0, 0]
    Size: [160, 240, 256]
  RequestedRegion: 
    Dimension: 3
    Index: [0, 0, 0]
    Size: [160, 240, 256]
  Spacing: [0.999995, 1, 1]
  Origin: [87.0906, 98.7205, -152.377]
  Direction: 
-0.996975 0.0261379 -0.0731913
-0.0260677 -0.999658 -0.00191374
-0.0732163 -2.46403e-08 0.997316

  IndexToPointMatrix: 
-0.996971 0.0261379 -0.0731913
-0.0260676 -0.999658 -0.00191374
-0.0732159 -2.46403e-08 0.997316

  PointToIndexMatrix: 
-0.99698 -0.0260679 -0.0732166
0.0261379 -0.999658 -2.46993e-08
-0.0731913 -0.00191374 0.997316

  Inverse Direction: 
-0.996975 -0.0260677 -0.0732163
0.0261379 -0.999658 -2.46993e-08
-0.0731913 -0.00191374 0.997316

  PixelContainer: 
    ImportImageContainer (0x4841ef0)
      RTTI typeinfo:   itk::ImportImageContainer<unsigned long, double>
      Reference Count: 1
      Modified Time: 2329
      Debug: Off
      Object Name: 
      Observers: 
        none
      Pointer: 0x152b541f7010
      Container manages memory: true
      Size: 9830400
      Capacity: 9830400

     Weighting = 1
     Sampling strategy = regular
     Number of bins = 32
     Radius = 4
     Sampling percentage  = 0.25
   Transform = Rigid
     Gradient step = 0.1
     Update field sigma (voxel space) = 0
     Total field sigma (voxel space) = 0
     Update field time sigma = 0
     Total field time sigma  = 0
     Number of time indices = 0
     Number of time point samples = 0
Registration using 1 total stages.

Stage 0
  iterations = 0
  convergence threshold = 1e-06
  convergence window size = 10
  number of levels = 1
  using the Mattes MI metric (number of bins = 32, weight = 1, use gradient filter = 0)
  preprocessing:  winsorizing the image intensities
  Shrink factors (level 1 out of 1): [1, 1, 1]
  smoothing sigmas per level: [0]
  regular sampling (percentage = 0.25)

*** Running Euler3DTransform registration ***

  Elapsed time (stage 0): 1.13994


Total elapsed time: 1.14218
Info [verificarlo]: loaded backend libinterflop_ieee.so
Info [interflop-ieee]: load backend with:
Info [interflop-ieee]: debug = false
Info [interflop-ieee]: debug-binary = false
Info [interflop-ieee]: no-backend-name = false
Info [interflop-ieee]: print-new-line = false
Info [interflop-ieee]: print-subnormal-normalized = false
Info [interflop-ieee]: count-op = false
All_Command_lines_OK
Using double precision for computations.
=============================================================================
The composite transform comprises the following transforms (in order): 
  1. /home/mdugre/scratch/mri-registration-rp/datasets/ds004513/derivatives/mri-registration-rp/0001/antsRegistration-r8-p11/sub-s020/align_Composite.h5[0] (type = Euler3DTransform)
  2. /home/mdugre/scratch/mri-registration-rp/datasets/ds004513/derivatives/mri-registration-rp/0001/antsRegistration-r8-p11/sub-s020/align_Composite.h5[1] (type = Euler3DTransform)
=============================================================================
  number of levels = 4
  fixed image: /templateflow/tpl-MNI152NLin2009cAsym/tpl-MNI152NLin2009cAsym_res-01_desc-brain_T1w.nii.gz
  moving image: /home/mdugre/scratch/mri-registration-rp/datasets/ds004513/derivatives/mri-registration-rp/antsBrainExtraction/sub-s020/BrainExtractionBrain.nii.gz
Dimension = 3
Number of stages = 1
Use histogram matching = false
Winsorize image intensities = true
  Lower quantile = 0.005
  Upper quantile = 0.995


Stage 1 State
   Image metric = MattesMI
     Fixed image = Image (0x4e67530)
  RTTI typeinfo:   itk::Image<double, 3u>
  Reference Count: 2
  Modified Time: 1580
  Debug: Off
  Object Name: 
  Observers: 
    none
  Source: (none)
  Source output name: (none)
  Release Data: Off
  Data Released: False
  Global Release Data: Off
  PipelineMTime: 0
  UpdateMTime: 1189
  RealTimeStamp: 0 seconds 
  LargestPossibleRegion: 
    Dimension: 3
    Index: [0, 0, 0]
    Size: [193, 229, 193]
  BufferedRegion: 
    Dimension: 3
    Index: [0, 0, 0]
    Size: [193, 229, 193]
  RequestedRegion: 
    Dimension: 3
    Index: [0, 0, 0]
    Size: [193, 229, 193]
  Spacing: [1, 1, 1]
  Origin: [96, 132, -78]
  Direction: 
-1 0 0
0 -1 0
0 0 1

  IndexToPointMatrix: 
-1 0 0
0 -1 0
0 0 1

  PointToIndexMatrix: 
-1 0 0
0 -1 0
0 0 1

  Inverse Direction: 
-1 0 0
0 -1 0
0 0 1

  PixelContainer: 
    ImportImageContainer (0x4f25d60)
      RTTI typeinfo:   itk::ImportImageContainer<unsigned long, double>
      Reference Count: 1
      Modified Time: 1186
      Debug: Off
      Object Name: 
      Observers: 
        none
      Pointer: 0x14ee1372a010
      Container manages memory: true
      Size: 8530021
      Capacity: 8530021

     Moving image = Image (0x4f17f60)
  RTTI typeinfo:   itk::Image<double, 3u>
  Reference Count: 2
  Modified Time: 1581
  Debug: Off
  Object Name: 
  Observers: 
    none
  Source: (none)
  Source output name: (none)
  Release Data: Off
  Data Released: False
  Global Release Data: Off
  PipelineMTime: 0
  UpdateMTime: 1578
  RealTimeStamp: 0 seconds 
  LargestPossibleRegion: 
    Dimension: 3
    Index: [0, 0, 0]
    Size: [160, 240, 256]
  BufferedRegion: 
    Dimension: 3
    Index: [0, 0, 0]
    Size: [160, 240, 256]
  RequestedRegion: 
    Dimension: 3
    Index: [0, 0, 0]
    Size: [160, 240, 256]
  Spacing: [0.999995, 1, 1]
  Origin: [87.0906, 98.7205, -152.377]
  Direction: 
-0.996975 0.0261379 -0.0731913
-0.0260677 -0.999658 -0.00191374
-0.0732163 -2.46403e-08 0.997316

  IndexToPointMatrix: 
-0.996971 0.0261379 -0.0731913
-0.0260676 -0.999658 -0.00191374
-0.0732159 -2.46403e-08 0.997316

  PointToIndexMatrix: 
-0.99698 -0.0260679 -0.0732166
0.0261379 -0.999658 -2.46993e-08
-0.0731913 -0.00191374 0.997316

  Inverse Direction: 
-0.996975 -0.0260677 -0.0732163
0.0261379 -0.999658 -2.46993e-08
-0.0731913 -0.00191374 0.997316

  PixelContainer: 
    ImportImageContainer (0x4f096d0)
      RTTI typeinfo:   itk::ImportImageContainer<unsigned long, double>
      Reference Count: 1
      Modified Time: 1575
      Debug: Off
      Object Name: 
      Observers: 
        none
      Pointer: 0x14ee0ec29010
      Container manages memory: true
      Size: 9830400
      Capacity: 9830400

     Weighting = 1
     Sampling strategy = regular
     Number of bins = 32
     Radius = 4
     Sampling percentage  = 0.25
   Transform = Rigid
     Gradient step = 0.1
     Update field sigma (voxel space) = 0
     Total field sigma (voxel space) = 0
     Update field time sigma = 0
     Total field time sigma  = 0
     Number of time indices = 0
     Number of time point samples = 0
Registration using 1 total stages.

Stage 0
  iterations = 1000x500x250x100
  convergence threshold = 1e-06
  convergence window size = 10
  number of levels = 4
  using the Mattes MI metric (number of bins = 32, weight = 1, use gradient filter = 0)
  preprocessing:  winsorizing the image intensities
  Shrink factors (level 1 out of 4): [8, 8, 8]
  Shrink factors (level 2 out of 4): [4, 4, 4]
  Shrink factors (level 3 out of 4): [2, 2, 2]
  Shrink factors (level 4 out of 4): [1, 1, 1]
  smoothing sigmas per level: [3, 2, 1, 0]
  regular sampling (percentage = 0.25)

*** Running Euler3DTransform registration ***

DIAGNOSTIC,Iteration,metricValue,convergenceValue,ITERATION_TIME_INDEX,SINCE_LAST
 2DIAGNOSTIC,     1, -3.791273390751e-01, 1.797693134862e+308, 7.6521e-01, 7.6521e-01, 
 2DIAGNOSTIC,     2, -3.803606001643e-01, 1.797693134862e+308, 7.6986e-01, 4.6420e-03, 
 2DIAGNOSTIC,     3, -3.828962034719e-01, 1.797693134862e+308, 7.7450e-01, 4.6411e-03, 
 2DIAGNOSTIC,     4, -3.876122532015e-01, 1.797693134862e+308, 7.7921e-01, 4.7131e-03, 
 2DIAGNOSTIC,     5, -3.904935334081e-01, 1.797693134862e+308, 7.8422e-01, 5.0142e-03, 
 2DIAGNOSTIC,     6, -3.911039700181e-01, 1.797693134862e+308, 7.8871e-01, 4.4849e-03, 
 2DIAGNOSTIC,     7, -3.914905453856e-01, 1.797693134862e+308, 7.9313e-01, 4.4260e-03, 
 2DIAGNOSTIC,     8, -3.925629083064e-01, 1.797693134862e+308, 7.9764e-01, 4.5102e-03, 
 2DIAGNOSTIC,     9, -3.981570789235e-01, 1.797693134862e+308, 8.0227e-01, 4.6289e-03, 
 2DIAGNOSTIC,    10, -4.079218556696e-01, 3.866687266231e-03, 8.0824e-01, 5.9631e-03, 
 2DIAGNOSTIC,    11, -4.246779602407e-01, 4.904320352955e-03, 8.1349e-01, 5.2540e-03, 
 2DIAGNOSTIC,    12, -4.297045200929e-01, 5.673254149494e-03, 8.1816e-01, 4.6740e-03, 
 2DIAGNOSTIC,    13, -4.335692915494e-01, 6.156954111562e-03, 8.2352e-01, 5.3558e-03, 
 2DIAGNOSTIC,    14, -4.439932007400e-01, 6.764094567506e-03, 8.2818e-01, 4.6558e-03, 
 2DIAGNOSTIC,    15, -4.466217672957e-01, 6.904768043965e-03, 8.3362e-01, 5.4390e-03, 
 2DIAGNOSTIC,    16, -4.513528166468e-01, 6.619270355564e-03, 8.3837e-01, 4.7531e-03, 
 2DIAGNOSTIC,    17, -4.528511003749e-01, 5.844785646388e-03, 8.4382e-01, 5.4471e-03, 
 2DIAGNOSTIC,    18, -4.555717392054e-01, 4.777374810308e-03, 8.5071e-01, 6.8951e-03, 
 2DIAGNOSTIC,    19, -4.559551123157e-01, 3.601534639779e-03, 8.5541e-01, 4.7021e-03, 
 2DIAGNOSTIC,    20, -4.573565746569e-01, 2.586714159411e-03, 8.6214e-01, 6.7289e-03, 
 2DIAGNOSTIC,    21, -4.575247021692e-01, 1.982966557558e-03, 8.6773e-01, 5.5878e-03, 
 2DIAGNOSTIC,    22, -4.577281914085e-01, 1.415631191376e-03, 8.7280e-01, 5.0681e-03, 
 2DIAGNOSTIC,    23, -4.579446925979e-01, 8.825783203808e-04, 8.7723e-01, 4.4360e-03, 
 2DIAGNOSTIC,    24, -4.580222738909e-01, 6.077347471451e-04, 8.8196e-01, 4.7219e-03, 
 2DIAGNOSTIC,    25, -4.581757054229e-01, 3.715382260074e-04, 8.8641e-01, 4.4589e-03, 
 2DIAGNOSTIC,    26, -4.586249763551e-01, 2.524175999002e-04, 8.9081e-01, 4.3910e-03, 
 2DIAGNOSTIC,    27, -4.589299957318e-01, 1.618901079180e-04, 8.9738e-01, 6.5732e-03, 
 2DIAGNOSTIC,    28, -4.591740083182e-01, 1.333377380076e-04, 9.0178e-01, 4.3981e-03, 
 2DIAGNOSTIC,    29, -4.592824133361e-01, 1.048743865596e-04, 9.0677e-01, 4.9889e-03, 
 2DIAGNOSTIC,    30, -4.597223012502e-01, 1.091236811577e-04, 9.1281e-01, 6.0451e-03, 
 2DIAGNOSTIC,    31, -4.598060511734e-01, 1.078288590284e-04, 9.1723e-01, 4.4169e-03, 
 2DIAGNOSTIC,    32, -4.606657884111e-01, 1.182029142405e-04, 9.2219e-01, 4.9601e-03, 
 2DIAGNOSTIC,    33, -4.610317548293e-01, 1.280761813996e-04, 9.2662e-01, 4.4370e-03, 
 2DIAGNOSTIC,    34, -4.611724998000e-01, 1.295447232775e-04, 9.3099e-01, 4.3640e-03, 
 2DIAGNOSTIC,    35, -4.615336275576e-01, 1.283407513318e-04, 9.3536e-01, 4.3752e-03, 
 2DIAGNOSTIC,    36, -4.621699116102e-01, 1.345187914696e-04, 9.4152e-01, 6.1591e-03, 
 2DIAGNOSTIC,    37, -4.629381042779e-01, 1.460480843521e-04, 9.4599e-01, 4.4689e-03, 
 2DIAGNOSTIC,    38, -4.632886084027e-01, 1.530376066111e-04, 9.5037e-01, 4.3809e-03, 
 2DIAGNOSTIC,    39, -4.639356459231e-01, 1.578370967022e-04, 9.5514e-01, 4.7700e-03, 
 2DIAGNOSTIC,    40, -4.659059054793e-01, 1.864736505414e-04, 9.6069e-01, 5.5439e-03, 
 2DIAGNOSTIC,    41, -4.815629581038e-01, 4.425206436292e-04, 9.6648e-01, 5.7921e-03, 
 2DIAGNOSTIC,    42, -4.877154316921e-01, 7.438657190833e-04, 9.7315e-01, 6.6690e-03, 
 2DIAGNOSTIC,    43, -4.904133396406e-01, 1.005241419290e-03, 9.7771e-01, 4.5588e-03, 
 2DIAGNOSTIC,    44, -4.984914291690e-01, 1.280413988971e-03, 9.8236e-01, 4.6489e-03, 
 2DIAGNOSTIC,    45, -5.146353491574e-01, 1.650045885461e-03, 9.8759e-01, 5.2390e-03, 
 2DIAGNOSTIC,    46, -5.217613411298e-01, 1.941959051863e-03, 9.9429e-01, 6.6910e-03, 
 2DIAGNOSTIC,    47, -5.225579258978e-01, 2.054988146966e-03, 9.9860e-01, 4.3099e-03, 
 2DIAGNOSTIC,    48, -5.226911844141e-01, 1.979246005182e-03, 1.0035e+00, 4.8840e-03, 
 2DIAGNOSTIC,    49, -5.229156661444e-01, 1.731201097412e-03, 1.0084e+00, 4.8869e-03, 
 2DIAGNOSTIC,    50, -5.229252639612e-01, 1.345916633756e-03, 1.0138e+00, 5.4400e-03, 
 2DIAGNOSTIC,    51, -5.229697288047e-01, 1.039666947222e-03, 1.0182e+00, 4.4050e-03, 
 2DIAGNOSTIC,    52, -5.232334189026e-01, 7.274541885214e-04, 1.0231e+00, 4.8618e-03, 
 2DIAGNOSTIC,    53, -5.232871005538e-01, 3.922527290809e-04, 1.0273e+00, 4.2589e-03, 
 2DIAGNOSTIC,    54, -5.232602253338e-01, 1.220292657778e-04, 1.0316e+00, 4.2291e-03, 
 2DIAGNOSTIC,    55, -5.232798201739e-01, 3.110287516997e-05, 1.0364e+00, 4.7901e-03, 
 2DIAGNOSTIC,    56, -5.230876567410e-01, 1.716026838377e-05, 1.0407e+00, 4.3740e-03, 
 2DIAGNOSTIC,    57, -5.231385391872e-01, 1.133862393231e-05, 1.0456e+00, 4.8518e-03, 
 2DIAGNOSTIC,    58, -5.231147950688e-01, 5.762352797898e-06, 1.0509e+00, 5.3229e-03, 
 2DIAGNOSTIC,    59, -5.232417234226e-01, 3.587071947097e-06, 1.0563e+00, 5.3880e-03, 
 2DIAGNOSTIC,    60, -5.232538542665e-01, 1.430981835887e-06, 1.0623e+00, 6.0201e-03, 
DIAGNOSTIC,Iteration,metricValue,convergenceValue,ITERATION_TIME_INDEX,SINCE_LAST
 2DIAGNOSTIC,     1, -4.146493451218e-01, 1.797693134862e+308, 1.7944e+00, 7.3212e-01, 
 2DIAGNOSTIC,     2, -4.150121142896e-01, 1.797693134862e+308, 1.8320e+00, 3.7589e-02, 
 2DIAGNOSTIC,     3, -4.153795706195e-01, 1.797693134862e+308, 1.8617e+00, 2.9646e-02, 
 2DIAGNOSTIC,     4, -4.158197040528e-01, 1.797693134862e+308, 1.8906e+00, 2.8949e-02, 
 2DIAGNOSTIC,     5, -4.160343920836e-01, 1.797693134862e+308, 1.9171e+00, 2.6523e-02, 
 2DIAGNOSTIC,     6, -4.162516164366e-01, 1.797693134862e+308, 1.9456e+00, 2.8426e-02, 
 2DIAGNOSTIC,     7, -4.168202604017e-01, 1.797693134862e+308, 1.9745e+00, 2.8930e-02, 
 2DIAGNOSTIC,     8, -4.175695329799e-01, 1.797693134862e+308, 2.0137e+00, 3.9195e-02, 
 2DIAGNOSTIC,     9, -4.190608351625e-01, 1.797693134862e+308, 2.0562e+00, 4.2552e-02, 
 2DIAGNOSTIC,    10, -4.192566820648e-01, 6.980278471944e-04, 2.0850e+00, 2.8725e-02, 
 2DIAGNOSTIC,    11, -4.198245506583e-01, 7.023657360754e-04, 2.1129e+00, 2.7913e-02, 
 2DIAGNOSTIC,    12, -4.207627746432e-01, 7.167725091932e-04, 2.1438e+00, 3.0947e-02, 
 2DIAGNOSTIC,    13, -4.212048139045e-01, 7.045559888869e-04, 2.1763e+00, 3.2466e-02, 
 2DIAGNOSTIC,    14, -4.216687859515e-01, 6.735163433062e-04, 2.2154e+00, 3.9139e-02, 
 2DIAGNOSTIC,    15, -4.219232408222e-01, 6.070612223525e-04, 2.2448e+00, 2.9374e-02, 
 2DIAGNOSTIC,    16, -4.232154985175e-01, 5.579007767298e-04, 2.2798e+00, 3.4955e-02, 
 2DIAGNOSTIC,    17, -4.236663480765e-01, 5.022734572359e-04, 2.3137e+00, 3.3900e-02, 
 2DIAGNOSTIC,    18, -4.237167748666e-01, 4.354372495362e-04, 2.3450e+00, 3.1296e-02, 
 2DIAGNOSTIC,    19, -4.237340527376e-01, 3.904863733975e-04, 2.3733e+00, 2.8364e-02, 
 2DIAGNOSTIC,    20, -4.237760073143e-01, 3.219807258398e-04, 2.4011e+00, 2.7796e-02, 
 2DIAGNOSTIC,    21, -4.238479024422e-01, 2.496162081831e-04, 2.4323e+00, 3.1173e-02, 
 2DIAGNOSTIC,    22, -4.238602087249e-01, 1.894671056029e-04, 2.4604e+00, 2.8149e-02, 
 2DIAGNOSTIC,    23, -4.238742306395e-01, 1.307065343686e-04, 2.5088e+00, 4.8388e-02, 
 2DIAGNOSTIC,    24, -4.238930498855e-01, 7.882303449095e-05, 2.5374e+00, 2.8580e-02, 
 2DIAGNOSTIC,    25, -4.239124282837e-01, 3.039155461981e-05, 2.5705e+00, 3.3103e-02, 
 2DIAGNOSTIC,    26, -4.239274405771e-01, 1.661106629546e-05, 2.6035e+00, 3.2959e-02, 
 2DIAGNOSTIC,    27, -4.239138536431e-01, 1.332999662515e-05, 2.6362e+00, 3.2710e-02, 
 2DIAGNOSTIC,    28, -4.239152422672e-01, 1.043150541852e-05, 2.6658e+00, 2.9641e-02, 
 2DIAGNOSTIC,    29, -4.239281221051e-01, 7.547291420079e-06, 2.6953e+00, 2.9487e-02, 
 2DIAGNOSTIC,    30, -4.239686206449e-01, 6.042287214465e-06, 2.7248e+00, 2.9507e-02, 
 2DIAGNOSTIC,    31, -4.240720315520e-01, 7.956702651128e-06, 2.7617e+00, 3.6855e-02, 
 2DIAGNOSTIC,    32, -4.241273013186e-01, 1.047861993406e-05, 2.8090e+00, 4.7371e-02, 
 2DIAGNOSTIC,    33, -4.241159942511e-01, 1.200836108017e-05, 2.8386e+00, 2.9538e-02, 
 2DIAGNOSTIC,    34, -4.241042367361e-01, 1.257372914804e-05, 2.8723e+00, 3.3688e-02, 
 2DIAGNOSTIC,    35, -4.241057734560e-01, 1.239314049522e-05, 2.9046e+00, 3.2294e-02, 
 2DIAGNOSTIC,    36, -4.241072930756e-01, 1.140612678309e-05, 2.9349e+00, 3.0315e-02, 
 2DIAGNOSTIC,    37, -4.240977833193e-01, 9.038086045587e-06, 2.9635e+00, 2.8641e-02, 
 2DIAGNOSTIC,    38, -4.241125848364e-01, 6.342415518921e-06, 2.9991e+00, 3.5596e-02, 
 2DIAGNOSTIC,    39, -4.241087397225e-01, 3.430034233403e-06, 3.0290e+00, 2.9876e-02, 
DIAGNOSTIC,Iteration,metricValue,convergenceValue,ITERATION_TIME_INDEX,SINCE_LAST
 2DIAGNOSTIC,     1, -3.618485761043e-01, 1.797693134862e+308, 4.1026e+00, 1.0737e+00, 
 2DIAGNOSTIC,     2, -3.619505013894e-01, 1.797693134862e+308, 4.3754e+00, 2.7280e-01, 
 2DIAGNOSTIC,     3, -3.619498723414e-01, 1.797693134862e+308, 4.6226e+00, 2.4716e-01, 
 2DIAGNOSTIC,     4, -3.619512617381e-01, 1.797693134862e+308, 4.8796e+00, 2.5696e-01, 
 2DIAGNOSTIC,     5, -3.619412822040e-01, 1.797693134862e+308, 5.1579e+00, 2.7836e-01, 
 2DIAGNOSTIC,     6, -3.619423618736e-01, 1.797693134862e+308, 5.4280e+00, 2.7007e-01, 
 2DIAGNOSTIC,     7, -3.619359317981e-01, 1.797693134862e+308, 5.8123e+00, 3.8427e-01, 
 2DIAGNOSTIC,     8, -3.619357837188e-01, 1.797693134862e+308, 6.1276e+00, 3.1529e-01, 
 2DIAGNOSTIC,     9, -3.619350807113e-01, 1.797693134862e+308, 6.3841e+00, 2.5655e-01, 
 2DIAGNOSTIC,    10, -3.619341597049e-01, 7.519091346733e-06, 6.6620e+00, 2.7793e-01, 
DIAGNOSTIC,Iteration,metricValue,convergenceValue,ITERATION_TIME_INDEX,SINCE_LAST
 2DIAGNOSTIC,     1, -3.327082532958e-01, 1.797693134862e+308, 9.1471e+00, 2.4850e+00, 
 2DIAGNOSTIC,     2, -3.327405229561e-01, 1.797693134862e+308, 1.1038e+01, 1.8905e+00, 
 2DIAGNOSTIC,     3, -3.327497767308e-01, 1.797693134862e+308, 1.2477e+01, 1.4390e+00, 
 2DIAGNOSTIC,     4, -3.327534077853e-01, 1.797693134862e+308, 1.3980e+01, 1.5033e+00, 
 2DIAGNOSTIC,     5, -3.327540237703e-01, 1.797693134862e+308, 1.5598e+01, 1.6181e+00, 
 2DIAGNOSTIC,     6, -3.327544399645e-01, 1.797693134862e+308, 1.7151e+01, 1.5530e+00, 
 2DIAGNOSTIC,     7, -3.327538715531e-01, 1.797693134862e+308, 1.8897e+01, 1.7462e+00, 
 2DIAGNOSTIC,     8, -3.327546489442e-01, 1.797693134862e+308, 2.0443e+01, 1.5459e+00, 
 2DIAGNOSTIC,     9, -3.327549647449e-01, 1.797693134862e+308, 2.1894e+01, 1.4506e+00, 
 2DIAGNOSTIC,    10, -3.327559002372e-01, 8.644835735705e-06, 2.3467e+01, 1.5732e+00, 
 2DIAGNOSTIC,    11, -3.327561422651e-01, 4.620267888861e-06, 2.5187e+01, 1.7198e+00, 
 2DIAGNOSTIC,    12, -3.327559000147e-01, 3.377105917163e-06, 2.6889e+01, 1.7022e+00, 
 2DIAGNOSTIC,    13, -3.327558599540e-01, 2.859932714497e-06, 2.8599e+01, 1.7101e+00, 
 2DIAGNOSTIC,    14, -3.327557140147e-01, 2.589833883473e-06, 3.0173e+01, 1.5743e+00, 
 2DIAGNOSTIC,    15, -3.327557297420e-01, 2.361338658635e-06, 3.1687e+01, 1.5138e+00, 
 2DIAGNOSTIC,    16, -3.327555255561e-01, 2.151792410671e-06, 3.3429e+01, 1.7424e+00, 
 2DIAGNOSTIC,    17, -3.327554898650e-01, 1.921670383341e-06, 3.4899e+01, 1.4697e+00, 
 2DIAGNOSTIC,    18, -3.327553989755e-01, 1.745368645896e-06, 3.6406e+01, 1.5069e+00, 
 2DIAGNOSTIC,    19, -3.327552907846e-01, 1.597795089174e-06, 3.7774e+01, 1.3679e+00, 
 2DIAGNOSTIC,    20, -3.327553439722e-01, 1.513960230341e-06, 3.9389e+01, 1.6149e+00, 
 2DIAGNOSTIC,    21, -3.327554070252e-01, 1.457783578449e-06, 4.0897e+01, 1.5083e+00, 
 2DIAGNOSTIC,    22, -3.327553446970e-01, 1.400149438849e-06, 4.2326e+01, 1.4286e+00, 
 2DIAGNOSTIC,    23, -3.327554088892e-01, 1.352947823399e-06, 4.3975e+01, 1.6493e+00, 
 2DIAGNOSTIC,    24, -3.327553419002e-01, 1.304814208423e-06, 4.5538e+01, 1.5627e+00, 
 2DIAGNOSTIC,    25, -3.327553444188e-01, 1.263257123851e-06, 4.6979e+01, 1.4415e+00, 
 2DIAGNOSTIC,    26, -3.327552206149e-01, 1.214894260165e-06, 4.9000e+01, 2.0211e+00, 
 2DIAGNOSTIC,    27, -3.327552417360e-01, 1.170625683555e-06, 5.0494e+01, 1.4937e+00, 
 2DIAGNOSTIC,    28, -3.327551905563e-01, 1.125960409853e-06, 5.1872e+01, 1.3784e+00, 
 2DIAGNOSTIC,    29, -3.327551521909e-01, 1.080979143163e-06, 5.3302e+01, 1.4301e+00, 
 2DIAGNOSTIC,    30, -3.327550654467e-01, 1.039546576626e-06, 5.4706e+01, 1.4039e+00, 
 2DIAGNOSTIC,    31, -3.327553637965e-01, 1.012840414608e-06, 5.6081e+01, 1.3748e+00, 
  Elapsed time (stage 0): 5.6856e+01


Total elapsed time: 5.6859e+01
Info [verificarlo]: loaded backend libinterflop_ieee.so
Info [interflop-ieee]: load backend with:
Info [interflop-ieee]: debug = false
Info [interflop-ieee]: debug-binary = false
Info [interflop-ieee]: no-backend-name = false
Info [interflop-ieee]: print-new-line = false
Info [interflop-ieee]: print-subnormal-normalized = false
Info [interflop-ieee]: count-op = false
All_Command_lines_OK
Using double precision for computations.
=============================================================================
The composite transform comprises the following transforms (in order): 
  1. /home/mdugre/scratch/mri-registration-rp/datasets/ds004513/derivatives/mri-registration-rp/0001/antsRegistration-r8-p11/sub-s020/rigid_Composite.h5[0] (type = Euler3DTransform)
  2. /home/mdugre/scratch/mri-registration-rp/datasets/ds004513/derivatives/mri-registration-rp/0001/antsRegistration-r8-p11/sub-s020/rigid_Composite.h5[1] (type = Euler3DTransform)
  3. /home/mdugre/scratch/mri-registration-rp/datasets/ds004513/derivatives/mri-registration-rp/0001/antsRegistration-r8-p11/sub-s020/rigid_Composite.h5[2] (type = Euler3DTransform)
=============================================================================
  number of levels = 4
  fixed image: /templateflow/tpl-MNI152NLin2009cAsym/tpl-MNI152NLin2009cAsym_res-01_desc-brain_T1w.nii.gz
  moving image: /home/mdugre/scratch/mri-registration-rp/datasets/ds004513/derivatives/mri-registration-rp/antsBrainExtraction/sub-s020/BrainExtractionBrain.nii.gz
Dimension = 3
Number of stages = 1
Use histogram matching = false
Winsorize image intensities = true
  Lower quantile = 0.005
  Upper quantile = 0.995


Stage 1 State
   Image metric = MattesMI
     Fixed image = Image (0x4cdd7e0)
  RTTI typeinfo:   itk::Image<double, 3u>
  Reference Count: 2
  Modified Time: 1594
  Debug: Off
  Object Name: 
  Observers: 
    none
  Source: (none)
  Source output name: (none)
  Release Data: Off
  Data Released: False
  Global Release Data: Off
  PipelineMTime: 0
  UpdateMTime: 1203
  RealTimeStamp: 0 seconds 
  LargestPossibleRegion: 
    Dimension: 3
    Index: [0, 0, 0]
    Size: [193, 229, 193]
  BufferedRegion: 
    Dimension: 3
    Index: [0, 0, 0]
    Size: [193, 229, 193]
  RequestedRegion: 
    Dimension: 3
    Index: [0, 0, 0]
    Size: [193, 229, 193]
  Spacing: [1, 1, 1]
  Origin: [96, 132, -78]
  Direction: 
-1 0 0
0 -1 0
0 0 1

  IndexToPointMatrix: 
-1 0 0
0 -1 0
0 0 1

  PointToIndexMatrix: 
-1 0 0
0 -1 0
0 0 1

  Inverse Direction: 
-1 0 0
0 -1 0
0 0 1

  PixelContainer: 
    ImportImageContainer (0x4d9da20)
      RTTI typeinfo:   itk::ImportImageContainer<unsigned long, double>
      Reference Count: 1
      Modified Time: 1200
      Debug: Off
      Object Name: 
      Observers: 
        none
      Pointer: 0x148b0129b010
      Container manages memory: true
      Size: 8530021
      Capacity: 8530021

     Moving image = Image (0x4d98d70)
  RTTI typeinfo:   itk::Image<double, 3u>
  Reference Count: 2
  Modified Time: 1595
  Debug: Off
  Object Name: 
  Observers: 
    none
  Source: (none)
  Source output name: (none)
  Release Data: Off
  Data Released: False
  Global Release Data: Off
  PipelineMTime: 0
  UpdateMTime: 1592
  RealTimeStamp: 0 seconds 
  LargestPossibleRegion: 
    Dimension: 3
    Index: [0, 0, 0]
    Size: [160, 240, 256]
  BufferedRegion: 
    Dimension: 3
    Index: [0, 0, 0]
    Size: [160, 240, 256]
  RequestedRegion: 
    Dimension: 3
    Index: [0, 0, 0]
    Size: [160, 240, 256]
  Spacing: [0.999995, 1, 1]
  Origin: [87.0906, 98.7205, -152.377]
  Direction: 
-0.996975 0.0261379 -0.0731913
-0.0260677 -0.999658 -0.00191374
-0.0732163 -2.46403e-08 0.997316

  IndexToPointMatrix: 
-0.996971 0.0261379 -0.0731913
-0.0260676 -0.999658 -0.00191374
-0.0732159 -2.46403e-08 0.997316

  PointToIndexMatrix: 
-0.99698 -0.0260679 -0.0732166
0.0261379 -0.999658 -2.46993e-08
-0.0731913 -0.00191374 0.997316

  Inverse Direction: 
-0.996975 -0.0260677 -0.0732163
0.0261379 -0.999658 -2.46993e-08
-0.0731913 -0.00191374 0.997316

  PixelContainer: 
    ImportImageContainer (0x4d50c90)
      RTTI typeinfo:   itk::ImportImageContainer<unsigned long, double>
      Reference Count: 1
      Modified Time: 1589
      Debug: Off
      Object Name: 
      Observers: 
        none
      Pointer: 0x148afc79a010
      Container manages memory: true
      Size: 9830400
      Capacity: 9830400

     Weighting = 1
     Sampling strategy = regular
     Number of bins = 32
     Radius = 4
     Sampling percentage  = 0.25
   Transform = Affine
     Gradient step = 0.1
     Update field sigma (voxel space) = 0
     Total field sigma (voxel space) = 0
     Update field time sigma = 0
     Total field time sigma  = 0
     Number of time indices = 0
     Number of time point samples = 0
Registration using 1 total stages.

Stage 0
  iterations = 1000x500x250x100
  convergence threshold = 1e-06
  convergence window size = 10
  number of levels = 4
  using the Mattes MI metric (number of bins = 32, weight = 1, use gradient filter = 0)
  preprocessing:  winsorizing the image intensities
  Shrink factors (level 1 out of 4): [8, 8, 8]
  Shrink factors (level 2 out of 4): [4, 4, 4]
  Shrink factors (level 3 out of 4): [2, 2, 2]
  Shrink factors (level 4 out of 4): [1, 1, 1]
  smoothing sigmas per level: [3, 2, 1, 0]
  regular sampling (percentage = 0.25)

*** Running AffineTransform registration ***

DIAGNOSTIC,Iteration,metricValue,convergenceValue,ITERATION_TIME_INDEX,SINCE_LAST
 2DIAGNOSTIC,     1, -5.155672806822e-01, 1.797693134862e+308, 7.2941e-01, 7.2941e-01, 
 2DIAGNOSTIC,     2, -5.170799379842e-01, 1.797693134862e+308, 7.3544e-01, 6.0301e-03, 
 2DIAGNOSTIC,     3, -5.199694241186e-01, 1.797693134862e+308, 7.4083e-01, 5.3890e-03, 
 2DIAGNOSTIC,     4, -5.247198166146e-01, 1.797693134862e+308, 7.4651e-01, 5.6789e-03, 
 2DIAGNOSTIC,     5, -5.323893160260e-01, 1.797693134862e+308, 7.5148e-01, 4.9701e-03, 
 2DIAGNOSTIC,     6, -5.538579662694e-01, 1.797693134862e+308, 7.5665e-01, 5.1770e-03, 
 2DIAGNOSTIC,     7, -6.262969789864e-01, 1.797693134862e+308, 7.6189e-01, 5.2400e-03, 
 2DIAGNOSTIC,     8, -6.702463593905e-01, 1.797693134862e+308, 7.7013e-01, 8.2369e-03, 
 2DIAGNOSTIC,     9, -6.843709193194e-01, 1.797693134862e+308, 7.7575e-01, 5.6260e-03, 
 2DIAGNOSTIC,    10, -7.179215224317e-01, 2.448455795504e-02, 7.8185e-01, 6.0949e-03, 
 2DIAGNOSTIC,    11, -7.814485643629e-01, 2.676968026174e-02, 7.8832e-01, 6.4681e-03, 
 2DIAGNOSTIC,    12, -8.139419835976e-01, 2.731561102046e-02, 7.9947e-01, 1.1154e-02, 
 2DIAGNOSTIC,    13, -8.156518539893e-01, 2.548520588358e-02, 8.0560e-01, 6.1250e-03, 
 2DIAGNOSTIC,    14, -8.197897034397e-01, 2.204702066847e-02, 8.1161e-01, 6.0141e-03, 
 2DIAGNOSTIC,    15, -8.241582039216e-01, 1.755266910568e-02, 8.1784e-01, 6.2330e-03, 
 2DIAGNOSTIC,    16, -8.304201647783e-01, 1.281825304132e-02, 8.2405e-01, 6.2091e-03, 
 2DIAGNOSTIC,    17, -8.350497458182e-01, 9.453056303776e-03, 8.3025e-01, 6.1979e-03, 
 2DIAGNOSTIC,    18, -8.433982822349e-01, 6.890704232392e-03, 8.3727e-01, 7.0231e-03, 
 2DIAGNOSTIC,    19, -8.450087146774e-01, 4.363001816152e-03, 8.4491e-01, 7.6361e-03, 
 2DIAGNOSTIC,    20, -8.469257791612e-01, 2.422751882118e-03, 8.5375e-01, 8.8389e-03, 
 2DIAGNOSTIC,    21, -8.472302235454e-01, 1.674176025506e-03, 8.5967e-01, 5.9199e-03, 
 2DIAGNOSTIC,    22, -8.504955354600e-01, 1.493033377422e-03, 8.6577e-01, 6.1040e-03, 
 2DIAGNOSTIC,    23, -8.578464953383e-01, 1.342681433424e-03, 8.7250e-01, 6.7289e-03, 
 2DIAGNOSTIC,    24, -8.588000227675e-01, 1.161421241554e-03, 8.7891e-01, 6.4049e-03, 
 2DIAGNOSTIC,    25, -8.592325715596e-01, 9.644538574601e-04, 8.8857e-01, 9.6612e-03, 
 2DIAGNOSTIC,    26, -8.591330483181e-01, 7.873680213126e-04, 8.9462e-01, 6.0480e-03, 
 2DIAGNOSTIC,    27, -8.589200395020e-01, 6.107243144358e-04, 9.0123e-01, 6.6111e-03, 
 2DIAGNOSTIC,    28, -8.588251716633e-01, 5.012816870075e-04, 9.0766e-01, 6.4352e-03, 
 2DIAGNOSTIC,    29, -8.587589342524e-01, 3.729933734034e-04, 9.1674e-01, 9.0749e-03, 
 2DIAGNOSTIC,    30, -8.587704463530e-01, 2.453130736140e-04, 9.2324e-01, 6.4981e-03, 
 2DIAGNOSTIC,    31, -8.586445958107e-01, 1.062017491696e-04, 9.2986e-01, 6.6209e-03, 
 2DIAGNOSTIC,    32, -8.585175132675e-01, 1.357437004100e-06, 9.3619e-01, 6.3372e-03, 
DIAGNOSTIC,Iteration,metricValue,convergenceValue,ITERATION_TIME_INDEX,SINCE_LAST
 2DIAGNOSTIC,     1, -7.170343756600e-01, 1.797693134862e+308, 1.7107e+00, 7.7453e-01, 
 2DIAGNOSTIC,     2, -7.179815855044e-01, 1.797693134862e+308, 1.7495e+00, 3.8822e-02, 
 2DIAGNOSTIC,     3, -7.187110765350e-01, 1.797693134862e+308, 1.7866e+00, 3.7106e-02, 
 2DIAGNOSTIC,     4, -7.191043484197e-01, 1.797693134862e+308, 1.8354e+00, 4.8772e-02, 
 2DIAGNOSTIC,     5, -7.190875915216e-01, 1.797693134862e+308, 1.8839e+00, 4.8457e-02, 
 2DIAGNOSTIC,     6, -7.190963314697e-01, 1.797693134862e+308, 1.9262e+00, 4.2280e-02, 
 2DIAGNOSTIC,     7, -7.190836658164e-01, 1.797693134862e+308, 1.9657e+00, 3.9552e-02, 
 2DIAGNOSTIC,     8, -7.190727851042e-01, 1.797693134862e+308, 2.0072e+00, 4.1497e-02, 
 2DIAGNOSTIC,     9, -7.190729769586e-01, 1.797693134862e+308, 2.0447e+00, 3.7446e-02, 
 2DIAGNOSTIC,    10, -7.190377864159e-01, 1.298234870438e-04, 2.0870e+00, 4.2365e-02, 
 2DIAGNOSTIC,    11, -7.190410148401e-01, 5.011971267882e-05, 2.1387e+00, 5.1719e-02, 
 2DIAGNOSTIC,    12, -7.190249448164e-01, 9.600189496459e-06, 2.1814e+00, 4.2650e-02, 
DIAGNOSTIC,Iteration,metricValue,convergenceValue,ITERATION_TIME_INDEX,SINCE_LAST
 2DIAGNOSTIC,     1, -5.961362694197e-01, 1.797693134862e+308, 3.2987e+00, 1.1173e+00, 
 2DIAGNOSTIC,     2, -5.964520924766e-01, 1.797693134862e+308, 3.5896e+00, 2.9090e-01, 
 2DIAGNOSTIC,     3, -5.966419978570e-01, 1.797693134862e+308, 3.8652e+00, 2.7558e-01, 
 2DIAGNOSTIC,     4, -5.967979708030e-01, 1.797693134862e+308, 4.2479e+00, 3.8274e-01, 
 2DIAGNOSTIC,     5, -5.969450483161e-01, 1.797693134862e+308, 4.7863e+00, 5.3843e-01, 
 2DIAGNOSTIC,     6, -5.969482940761e-01, 1.797693134862e+308, 5.0712e+00, 2.8485e-01, 
 2DIAGNOSTIC,     7, -5.969716655139e-01, 1.797693134862e+308, 5.3551e+00, 2.8393e-01, 
 2DIAGNOSTIC,     8, -5.969974257516e-01, 1.797693134862e+308, 5.6493e+00, 2.9414e-01, 
 2DIAGNOSTIC,     9, -5.970368796311e-01, 1.797693134862e+308, 5.9293e+00, 2.8006e-01, 
 2DIAGNOSTIC,    10, -5.970818288472e-01, 8.831085017122e-05, 6.1970e+00, 2.6771e-01, 
 2DIAGNOSTIC,    11, -5.971453205754e-01, 5.802399391826e-05, 6.5031e+00, 3.0604e-01, 
 2DIAGNOSTIC,    12, -5.971857836333e-01, 4.189065136950e-05, 6.8129e+00, 3.0977e-01, 
 2DIAGNOSTIC,    13, -5.972357538884e-01, 3.337449695091e-05, 7.1638e+00, 3.5093e-01, 
 2DIAGNOSTIC,    14, -5.972391432441e-01, 2.852883832806e-05, 7.7207e+00, 5.5694e-01, 
 2DIAGNOSTIC,    15, -5.972369432191e-01, 2.655118578392e-05, 8.0428e+00, 3.2210e-01, 
 2DIAGNOSTIC,    16, -5.972399732997e-01, 2.276177399491e-05, 8.4150e+00, 3.7216e-01, 
 2DIAGNOSTIC,    17, -5.972405743090e-01, 1.815788524569e-05, 8.7445e+00, 3.2947e-01, 
 2DIAGNOSTIC,    18, -5.972409380484e-01, 1.323693869645e-05, 9.0683e+00, 3.2384e-01, 
 2DIAGNOSTIC,    19, -5.972389582383e-01, 8.709019683993e-06, 9.4068e+00, 3.3848e-01, 
 2DIAGNOSTIC,    20, -5.972395416592e-01, 5.053896360997e-06, 9.7277e+00, 3.2093e-01, 
 2DIAGNOSTIC,    21, -5.972389937159e-01, 2.838089630849e-06, 1.0092e+01, 3.6418e-01, 
 2DIAGNOSTIC,    22, -5.972360496109e-01, 1.480519969670e-06, 1.0452e+01, 3.6006e-01, 
 2DIAGNOSTIC,    23, -5.972343234662e-01, 1.236601767499e-06, 1.0810e+01, 3.5852e-01, 
 2DIAGNOSTIC,    24, -5.972339847482e-01, 1.090154030513e-06, 1.1139e+01, 3.2881e-01, 
DIAGNOSTIC,Iteration,metricValue,convergenceValue,ITERATION_TIME_INDEX,SINCE_LAST
 2DIAGNOSTIC,     1, -5.294826346725e-01, 1.797693134862e+308, 1.4233e+01, 3.0937e+00, 
 2DIAGNOSTIC,     2, -5.298020058496e-01, 1.797693134862e+308, 1.6142e+01, 1.9094e+00, 
 2DIAGNOSTIC,     3, -5.300963114987e-01, 1.797693134862e+308, 1.8110e+01, 1.9674e+00, 
 2DIAGNOSTIC,     4, -5.304078877013e-01, 1.797693134862e+308, 2.0006e+01, 1.8961e+00, 
 2DIAGNOSTIC,     5, -5.307568769947e-01, 1.797693134862e+308, 2.4814e+01, 4.8085e+00, 
 2DIAGNOSTIC,     6, -5.307568247270e-01, 1.797693134862e+308, 2.6967e+01, 2.1525e+00, 
 2DIAGNOSTIC,     7, -5.307566334698e-01, 1.797693134862e+308, 2.9007e+01, 2.0405e+00, 
 2DIAGNOSTIC,     8, -5.307565716750e-01, 1.797693134862e+308, 3.1116e+01, 2.1087e+00, 
 2DIAGNOSTIC,     9, -5.307565383456e-01, 1.797693134862e+308, 3.3190e+01, 2.0740e+00, 
 2DIAGNOSTIC,    10, -5.307564933963e-01, 1.496777936143e-04, 3.5193e+01, 2.0030e+00, 
 2DIAGNOSTIC,    11, -5.307564844338e-01, 8.938934012516e-05, 3.7259e+01, 2.0660e+00, 
 2DIAGNOSTIC,    12, -5.307564327396e-01, 4.570041194192e-05, 3.9358e+01, 2.0986e+00, 
 2DIAGNOSTIC,    13, -5.307562844042e-01, 1.677681954740e-05, 4.1405e+01, 2.0472e+00, 
 2DIAGNOSTIC,    14, -5.307564158966e-01, 2.230186095659e-06, 4.3487e+01, 2.0819e+00, 
 2DIAGNOSTIC,    15, -5.307562165012e-01, 2.083996664293e-06, 4.5377e+01, 1.8903e+00, 
 2DIAGNOSTIC,    16, -5.307560584370e-01, 1.952808045061e-06, 4.7432e+01, 2.0553e+00, 
 2DIAGNOSTIC,    17, -5.307559939673e-01, 1.832522013995e-06, 4.9252e+01, 1.8200e+00, 
 2DIAGNOSTIC,    18, -5.307559741677e-01, 1.726784792211e-06, 5.1466e+01, 2.2136e+00, 
 2DIAGNOSTIC,    19, -5.307560338556e-01, 1.636631896444e-06, 5.3400e+01, 1.9338e+00, 
 2DIAGNOSTIC,    20, -5.307558272608e-01, 1.552239679861e-06, 5.5514e+01, 2.1143e+00, 
 2DIAGNOSTIC,    21, -5.307556427963e-01, 1.474863609713e-06, 5.7510e+01, 1.9955e+00, 
 2DIAGNOSTIC,    22, -5.307557315876e-01, 1.409389880608e-06, 5.9640e+01, 2.1305e+00, 
 2DIAGNOSTIC,    23, -5.307556591577e-01, 1.347538790324e-06, 6.1788e+01, 2.1480e+00, 
 2DIAGNOSTIC,    24, -5.307554680827e-01, 1.292937013626e-06, 6.3963e+01, 2.1752e+00, 
 2DIAGNOSTIC,    25, -5.307553694680e-01, 1.239688548565e-06, 6.6109e+01, 2.1461e+00, 
 2DIAGNOSTIC,    26, -5.307552598770e-01, 1.188241528428e-06, 6.7985e+01, 1.8758e+00, 
 2DIAGNOSTIC,    27, -5.307551642220e-01, 1.140698937800e-06, 6.9973e+01, 1.9883e+00, 
 2DIAGNOSTIC,    28, -5.307551980817e-01, 1.100267937468e-06, 7.1816e+01, 1.8427e+00, 
 2DIAGNOSTIC,    29, -5.307551256118e-01, 1.065888489811e-06, 7.3767e+01, 1.9509e+00, 
 2DIAGNOSTIC,    30, -5.307552069428e-01, 1.034677198947e-06, 7.5606e+01, 1.8388e+00, 
 2DIAGNOSTIC,    31, -5.307550872993e-01, 1.002560447931e-06, 7.7992e+01, 2.3864e+00, 
  Elapsed time (stage 0): 7.9107e+01


Total elapsed time: 7.9109e+01
Info [verificarlo]: loaded backend libinterflop_vprec.so
Info [interflop-vprec]: load backend with: 
Info [interflop-vprec]: precision-binary32 = 11
Info [interflop-vprec]: range-binary32 = 8
Info [interflop-vprec]: precision-binary64 = 11
Info [interflop-vprec]: range-binary64 = 8
Info [interflop-vprec]: mode = ob
Info [interflop-vprec]: error-mode = rel
Info [interflop-vprec]: max-abs-error-exponent = -1022
Info [interflop-vprec]: daz = false
Info [interflop-vprec]: ftz = false
Info [interflop-vprec]: 	instrument = none
Info [interflop-vprec]: 	prec-input-file = (null)
Info [interflop-vprec]: 	prec-output-file = (null)
Info [interflop-vprec]: 	prec-log-file = (null)
All_Command_lines_OK
Using double precision for computations.
=============================================================================
The composite transform comprises the following transforms (in order): 
  1. /home/mdugre/scratch/mri-registration-rp/datasets/ds004513/derivatives/mri-registration-rp/0001/antsRegistration-r8-p11/sub-s020/affine_Composite.h5[0] (type = Euler3DTransform)
  2. /home/mdugre/scratch/mri-registration-rp/datasets/ds004513/derivatives/mri-registration-rp/0001/antsRegistration-r8-p11/sub-s020/affine_Composite.h5[1] (type = Euler3DTransform)
  3. /home/mdugre/scratch/mri-registration-rp/datasets/ds004513/derivatives/mri-registration-rp/0001/antsRegistration-r8-p11/sub-s020/affine_Composite.h5[2] (type = Euler3DTransform)
  4. /home/mdugre/scratch/mri-registration-rp/datasets/ds004513/derivatives/mri-registration-rp/0001/antsRegistration-r8-p11/sub-s020/affine_Composite.h5[3] (type = AffineTransform)
