
##########################
# Experiment information #
##########################

EXPERIMENT_NAME: antsRegistration-r8-p23
VFC_BACKENDS: libinterflop_vprec.so --range-binary32=8 --precision-binary32=23 --range-binary64=8 --precision-binary64=23

SIF_IMG: /home/mdugre/projects/rrg-glatard/mdugre/containers/ants-vprec-no_metrics.simg

SUBJECT_ID: s017
INPUT_IMG: /home/mdugre/scratch/mri-registration-rp/datasets/ds004513/derivatives/mri-registration-rp/antsBrainExtraction/sub-s017/BrainExtractionBrain.nii.gz
OUTPUT_DIR: /home/mdugre/scratch/mri-registration-rp/datasets/ds004513/derivatives/mri-registration-rp/0001/antsRegistration-r8-p23/sub-s017

FIXED_IMG: /templateflow/tpl-MNI152NLin2009cAsym/tpl-MNI152NLin2009cAsym_res-01_desc-brain_T1w.nii.gz
DATA_DIR: /home/mdugre/scratch/mri-registration-rp/datasets/ds004513
TEMPLATEFLOW_DIR: /home/mdugre/projects/rrg-glatard/mdugre/templateflow
ITK_GLOBAL_DEFAULT_NUMBER_OF_THREADS: 16
##########################

Info [verificarlo]: loaded backend libinterflop_ieee.so
Info [interflop-ieee]: load backend with:
Info [interflop-ieee]: debug = false
Info [interflop-ieee]: debug-binary = false
Info [interflop-ieee]: no-backend-name = false
Info [interflop-ieee]: print-new-line = false
Info [interflop-ieee]: print-subnormal-normalized = false
Info [interflop-ieee]: count-op = false
All_Command_lines_OK
Using double precision for computations.
=============================================================================
The composite transform comprises the following transforms (in order): 
  1. Center of mass alignment using fixed image: /templateflow/tpl-MNI152NLin2009cAsym/tpl-MNI152NLin2009cAsym_res-01_desc-brain_T1w.nii.gz and moving image: /home/mdugre/scratch/mri-registration-rp/datasets/ds004513/derivatives/mri-registration-rp/antsBrainExtraction/sub-s017/BrainExtractionBrain.nii.gz (type = Euler3DTransform)
=============================================================================
  number of levels = 1
  fixed image: /templateflow/tpl-MNI152NLin2009cAsym/tpl-MNI152NLin2009cAsym_res-01_desc-brain_T1w.nii.gz
  moving image: /home/mdugre/scratch/mri-registration-rp/datasets/ds004513/derivatives/mri-registration-rp/antsBrainExtraction/sub-s017/BrainExtractionBrain.nii.gz
Dimension = 3
Number of stages = 1
Use histogram matching = false
Winsorize image intensities = true
  Lower quantile = 0.005
  Upper quantile = 0.995


Stage 1 State
   Image metric = MattesMI
     Fixed image = Image (0x4819e70)
  RTTI typeinfo:   itk::Image<double, 3u>
  Reference Count: 2
  Modified Time: 2334
  Debug: Off
  Object Name: 
  Observers: 
    none
  Source: (none)
  Source output name: (none)
  Release Data: Off
  Data Released: False
  Global Release Data: Off
  PipelineMTime: 0
  UpdateMTime: 1943
  RealTimeStamp: 0 seconds 
  LargestPossibleRegion: 
    Dimension: 3
    Index: [0, 0, 0]
    Size: [193, 229, 193]
  BufferedRegion: 
    Dimension: 3
    Index: [0, 0, 0]
    Size: [193, 229, 193]
  RequestedRegion: 
    Dimension: 3
    Index: [0, 0, 0]
    Size: [193, 229, 193]
  Spacing: [1, 1, 1]
  Origin: [96, 132, -78]
  Direction: 
-1 0 0
0 -1 0
0 0 1

  IndexToPointMatrix: 
-1 0 0
0 -1 0
0 0 1

  PointToIndexMatrix: 
-1 0 0
0 -1 0
0 0 1

  Inverse Direction: 
-1 0 0
0 -1 0
0 0 1

  PixelContainer: 
    ImportImageContainer (0x4822c60)
      RTTI typeinfo:   itk::ImportImageContainer<unsigned long, double>
      Reference Count: 1
      Modified Time: 1940
      Debug: Off
      Object Name: 
      Observers: 
        none
      Pointer: 0x150b513a1010
      Container manages memory: true
      Size: 8530021
      Capacity: 8530021

     Moving image = Image (0x4825610)
  RTTI typeinfo:   itk::Image<double, 3u>
  Reference Count: 2
  Modified Time: 2335
  Debug: Off
  Object Name: 
  Observers: 
    none
  Source: (none)
  Source output name: (none)
  Release Data: Off
  Data Released: False
  Global Release Data: Off
  PipelineMTime: 0
  UpdateMTime: 2332
  RealTimeStamp: 0 seconds 
  LargestPossibleRegion: 
    Dimension: 3
    Index: [0, 0, 0]
    Size: [160, 240, 256]
  BufferedRegion: 
    Dimension: 3
    Index: [0, 0, 0]
    Size: [160, 240, 256]
  RequestedRegion: 
    Dimension: 3
    Index: [0, 0, 0]
    Size: [160, 240, 256]
  Spacing: [1, 1, 1]
  Origin: [91.3357, 102.231, -120.042]
  Direction: 
-0.997442 -5.36781e-05 -0.0714818
5.35416e-05 -1 3.82465e-06
-0.0714818 -1.23894e-08 0.997442

  IndexToPointMatrix: 
-0.997444 -5.36781e-05 -0.0714818
5.35418e-05 -1 3.82465e-06
-0.0714819 -1.23894e-08 0.997442

  PointToIndexMatrix: 
-0.99744 5.35415e-05 -0.0714816
-5.36781e-05 -1 -1.23894e-08
-0.0714818 3.82465e-06 0.997442

  Inverse Direction: 
-0.997442 5.35416e-05 -0.0714818
-5.36781e-05 -1 -1.23894e-08
-0.0714818 3.82465e-06 0.997442

  PixelContainer: 
    ImportImageContainer (0x48beef0)
      RTTI typeinfo:   itk::ImportImageContainer<unsigned long, double>
      Reference Count: 1
      Modified Time: 2329
      Debug: Off
      Object Name: 
      Observers: 
        none
      Pointer: 0x150b4c8a0010
      Container manages memory: true
      Size: 9830400
      Capacity: 9830400

     Weighting = 1
     Sampling strategy = regular
     Number of bins = 32
     Radius = 4
     Sampling percentage  = 0.25
   Transform = Rigid
     Gradient step = 0.1
     Update field sigma (voxel space) = 0
     Total field sigma (voxel space) = 0
     Update field time sigma = 0
     Total field time sigma  = 0
     Number of time indices = 0
     Number of time point samples = 0
Registration using 1 total stages.

Stage 0
  iterations = 0
  convergence threshold = 1e-06
  convergence window size = 10
  number of levels = 1
  using the Mattes MI metric (number of bins = 32, weight = 1, use gradient filter = 0)
  preprocessing:  winsorizing the image intensities
  Shrink factors (level 1 out of 1): [1, 1, 1]
  smoothing sigmas per level: [0]
  regular sampling (percentage = 0.25)

*** Running Euler3DTransform registration ***

  Elapsed time (stage 0): 1.12834


Total elapsed time: 1.13058
Info [verificarlo]: loaded backend libinterflop_ieee.so
Info [interflop-ieee]: load backend with:
Info [interflop-ieee]: debug = false
Info [interflop-ieee]: debug-binary = false
Info [interflop-ieee]: no-backend-name = false
Info [interflop-ieee]: print-new-line = false
Info [interflop-ieee]: print-subnormal-normalized = false
Info [interflop-ieee]: count-op = false
All_Command_lines_OK
Using double precision for computations.
=============================================================================
The composite transform comprises the following transforms (in order): 
  1. /home/mdugre/scratch/mri-registration-rp/datasets/ds004513/derivatives/mri-registration-rp/0001/antsRegistration-r8-p23/sub-s017/align_Composite.h5[0] (type = Euler3DTransform)
  2. /home/mdugre/scratch/mri-registration-rp/datasets/ds004513/derivatives/mri-registration-rp/0001/antsRegistration-r8-p23/sub-s017/align_Composite.h5[1] (type = Euler3DTransform)
=============================================================================
  number of levels = 4
  fixed image: /templateflow/tpl-MNI152NLin2009cAsym/tpl-MNI152NLin2009cAsym_res-01_desc-brain_T1w.nii.gz
  moving image: /home/mdugre/scratch/mri-registration-rp/datasets/ds004513/derivatives/mri-registration-rp/antsBrainExtraction/sub-s017/BrainExtractionBrain.nii.gz
Dimension = 3
Number of stages = 1
Use histogram matching = false
Winsorize image intensities = true
  Lower quantile = 0.005
  Upper quantile = 0.995


Stage 1 State
   Image metric = MattesMI
     Fixed image = Image (0x5030530)
  RTTI typeinfo:   itk::Image<double, 3u>
  Reference Count: 2
  Modified Time: 1580
  Debug: Off
  Object Name: 
  Observers: 
    none
  Source: (none)
  Source output name: (none)
  Release Data: Off
  Data Released: False
  Global Release Data: Off
  PipelineMTime: 0
  UpdateMTime: 1189
  RealTimeStamp: 0 seconds 
  LargestPossibleRegion: 
    Dimension: 3
    Index: [0, 0, 0]
    Size: [193, 229, 193]
  BufferedRegion: 
    Dimension: 3
    Index: [0, 0, 0]
    Size: [193, 229, 193]
  RequestedRegion: 
    Dimension: 3
    Index: [0, 0, 0]
    Size: [193, 229, 193]
  Spacing: [1, 1, 1]
  Origin: [96, 132, -78]
  Direction: 
-1 0 0
0 -1 0
0 0 1

  IndexToPointMatrix: 
-1 0 0
0 -1 0
0 0 1

  PointToIndexMatrix: 
-1 0 0
0 -1 0
0 0 1

  Inverse Direction: 
-1 0 0
0 -1 0
0 0 1

  PixelContainer: 
    ImportImageContainer (0x50eed60)
      RTTI typeinfo:   itk::ImportImageContainer<unsigned long, double>
      Reference Count: 1
      Modified Time: 1186
      Debug: Off
      Object Name: 
      Observers: 
        none
      Pointer: 0x1524fabb2010
      Container manages memory: true
      Size: 8530021
      Capacity: 8530021

     Moving image = Image (0x50e0f60)
  RTTI typeinfo:   itk::Image<double, 3u>
  Reference Count: 2
  Modified Time: 1581
  Debug: Off
  Object Name: 
  Observers: 
    none
  Source: (none)
  Source output name: (none)
  Release Data: Off
  Data Released: False
  Global Release Data: Off
  PipelineMTime: 0
  UpdateMTime: 1578
  RealTimeStamp: 0 seconds 
  LargestPossibleRegion: 
    Dimension: 3
    Index: [0, 0, 0]
    Size: [160, 240, 256]
  BufferedRegion: 
    Dimension: 3
    Index: [0, 0, 0]
    Size: [160, 240, 256]
  RequestedRegion: 
    Dimension: 3
    Index: [0, 0, 0]
    Size: [160, 240, 256]
  Spacing: [1, 1, 1]
  Origin: [91.3357, 102.231, -120.042]
  Direction: 
-0.997442 -5.36781e-05 -0.0714818
5.35416e-05 -1 3.82465e-06
-0.0714818 -1.23894e-08 0.997442

  IndexToPointMatrix: 
-0.997444 -5.36781e-05 -0.0714818
5.35418e-05 -1 3.82465e-06
-0.0714819 -1.23894e-08 0.997442

  PointToIndexMatrix: 
-0.99744 5.35415e-05 -0.0714816
-5.36781e-05 -1 -1.23894e-08
-0.0714818 3.82465e-06 0.997442

  Inverse Direction: 
-0.997442 5.35416e-05 -0.0714818
-5.36781e-05 -1 -1.23894e-08
-0.0714818 3.82465e-06 0.997442

  PixelContainer: 
    ImportImageContainer (0x50d26d0)
      RTTI typeinfo:   itk::ImportImageContainer<unsigned long, double>
      Reference Count: 1
      Modified Time: 1575
      Debug: Off
      Object Name: 
      Observers: 
        none
      Pointer: 0x1524f60b1010
      Container manages memory: true
      Size: 9830400
      Capacity: 9830400

     Weighting = 1
     Sampling strategy = regular
     Number of bins = 32
     Radius = 4
     Sampling percentage  = 0.25
   Transform = Rigid
     Gradient step = 0.1
     Update field sigma (voxel space) = 0
     Total field sigma (voxel space) = 0
     Update field time sigma = 0
     Total field time sigma  = 0
     Number of time indices = 0
     Number of time point samples = 0
Registration using 1 total stages.

Stage 0
  iterations = 1000x500x250x100
  convergence threshold = 1e-06
  convergence window size = 10
  number of levels = 4
  using the Mattes MI metric (number of bins = 32, weight = 1, use gradient filter = 0)
  preprocessing:  winsorizing the image intensities
  Shrink factors (level 1 out of 4): [8, 8, 8]
  Shrink factors (level 2 out of 4): [4, 4, 4]
  Shrink factors (level 3 out of 4): [2, 2, 2]
  Shrink factors (level 4 out of 4): [1, 1, 1]
  smoothing sigmas per level: [3, 2, 1, 0]
  regular sampling (percentage = 0.25)

*** Running Euler3DTransform registration ***

DIAGNOSTIC,Iteration,metricValue,convergenceValue,ITERATION_TIME_INDEX,SINCE_LAST
 2DIAGNOSTIC,     1, -5.567767283252e-01, 1.797693134862e+308, 7.1089e-01, 7.1089e-01, 
 2DIAGNOSTIC,     2, -5.584239703569e-01, 1.797693134862e+308, 7.1481e-01, 3.9239e-03, 
 2DIAGNOSTIC,     3, -5.612715515272e-01, 1.797693134862e+308, 7.1866e-01, 3.8471e-03, 
 2DIAGNOSTIC,     4, -5.637780194106e-01, 1.797693134862e+308, 7.2265e-01, 3.9940e-03, 
 2DIAGNOSTIC,     5, -5.658229214212e-01, 1.797693134862e+308, 7.2641e-01, 3.7580e-03, 
 2DIAGNOSTIC,     6, -5.696445468689e-01, 1.797693134862e+308, 7.3018e-01, 3.7692e-03, 
 2DIAGNOSTIC,     7, -5.734118275242e-01, 1.797693134862e+308, 7.3405e-01, 3.8729e-03, 
 2DIAGNOSTIC,     8, -5.754533484979e-01, 1.797693134862e+308, 7.3918e-01, 5.1241e-03, 
 2DIAGNOSTIC,     9, -5.763021950250e-01, 1.797693134862e+308, 7.4288e-01, 3.6991e-03, 
 2DIAGNOSTIC,    10, -5.771142770255e-01, 2.558085388189e-03, 7.4782e-01, 4.9438e-03, 
 2DIAGNOSTIC,    11, -5.785125587612e-01, 2.176117873031e-03, 7.5165e-01, 3.8280e-03, 
 2DIAGNOSTIC,    12, -5.799413348090e-01, 1.786767970983e-03, 7.5599e-01, 4.3440e-03, 
 2DIAGNOSTIC,    13, -5.809477908980e-01, 1.443124036835e-03, 7.6034e-01, 4.3519e-03, 
 2DIAGNOSTIC,    14, -5.814655964876e-01, 1.127354078216e-03, 7.6427e-01, 3.9299e-03, 
 2DIAGNOSTIC,    15, -5.819093877219e-01, 8.331089413526e-04, 7.6858e-01, 4.3092e-03, 
 2DIAGNOSTIC,    16, -5.822326442998e-01, 6.258215683233e-04, 7.7288e-01, 4.3030e-03, 
 2DIAGNOSTIC,    17, -5.825793599843e-01, 5.040365830240e-04, 7.7679e-01, 3.9101e-03, 
 2DIAGNOSTIC,    18, -5.863713925916e-01, 5.095725576651e-04, 7.8079e-01, 3.9961e-03, 
 2DIAGNOSTIC,    19, -5.901617810168e-01, 5.855607354913e-04, 7.8772e-01, 6.9311e-03, 
 2DIAGNOSTIC,    20, -5.906016223816e-01, 6.286272500314e-04, 7.9255e-01, 4.8280e-03, 
 2DIAGNOSTIC,    21, -5.907365705867e-01, 6.467002963842e-04, 7.9686e-01, 4.3120e-03, 
 2DIAGNOSTIC,    22, -5.906256574994e-01, 6.330265936385e-04, 8.0116e-01, 4.2980e-03, 
 2DIAGNOSTIC,    23, -5.906307681711e-01, 5.816453055183e-04, 8.0498e-01, 3.8240e-03, 
 2DIAGNOSTIC,    24, -5.905636622010e-01, 4.878472529226e-04, 8.0904e-01, 4.0538e-03, 
 2DIAGNOSTIC,    25, -5.906024985370e-01, 3.662279783963e-04, 8.1331e-01, 4.2691e-03, 
 2DIAGNOSTIC,    26, -5.906025304324e-01, 2.276984665076e-04, 8.1710e-01, 3.7930e-03, 
 2DIAGNOSTIC,    27, -5.906211320574e-01, 8.394584288795e-05, 8.2092e-01, 3.8190e-03, 
 2DIAGNOSTIC,    28, -5.908796758314e-01, 1.198925031237e-05, 8.2560e-01, 4.6840e-03, 
 2DIAGNOSTIC,    29, -5.911411552395e-01, 1.217108543294e-05, 8.2991e-01, 4.3099e-03, 
 2DIAGNOSTIC,    30, -5.915241330962e-01, 2.456301684492e-05, 8.3571e-01, 5.7960e-03, 
 2DIAGNOSTIC,    31, -5.916229825992e-01, 3.758205306194e-05, 8.3953e-01, 3.8240e-03, 
 2DIAGNOSTIC,    32, -5.916651208817e-01, 4.532975449066e-05, 8.4336e-01, 3.8261e-03, 
 2DIAGNOSTIC,    33, -5.916874987632e-01, 4.885284294519e-05, 8.4725e-01, 3.8950e-03, 
 2DIAGNOSTIC,    34, -5.917053822200e-01, 4.682712858652e-05, 8.5151e-01, 4.2591e-03, 
 2DIAGNOSTIC,    35, -5.917390904868e-01, 4.153275817257e-05, 8.6200e-01, 1.0490e-02, 
 2DIAGNOSTIC,    36, -5.917390912695e-01, 3.272086429338e-05, 8.6580e-01, 3.7968e-03, 
 2DIAGNOSTIC,    37, -5.917391070342e-01, 2.163060314785e-05, 8.6971e-01, 3.9070e-03, 
 2DIAGNOSTIC,    38, -5.917391330930e-01, 1.245673595313e-05, 8.7352e-01, 3.8102e-03, 
 2DIAGNOSTIC,    39, -5.917391754735e-01, 5.801896389879e-06, 8.7735e-01, 3.8340e-03, 
 2DIAGNOSTIC,    40, -5.917392424311e-01, 3.643428652406e-06, 8.8116e-01, 3.8080e-03, 
 2DIAGNOSTIC,    41, -5.917393428829e-01, 2.487109299208e-06, 8.8496e-01, 3.8042e-03, 
 2DIAGNOSTIC,    42, -5.917394845334e-01, 1.715730317819e-06, 8.8884e-01, 3.8750e-03, 
 2DIAGNOSTIC,    43, -5.917396625587e-01, 1.144189314989e-06, 8.9262e-01, 3.7820e-03, 
DIAGNOSTIC,Iteration,metricValue,convergenceValue,ITERATION_TIME_INDEX,SINCE_LAST
 2DIAGNOSTIC,     1, -4.784004501423e-01, 1.797693134862e+308, 1.5556e+00, 6.6294e-01, 
 2DIAGNOSTIC,     2, -4.783999131492e-01, 1.797693134862e+308, 1.5804e+00, 2.4841e-02, 
 2DIAGNOSTIC,     3, -4.784190365430e-01, 1.797693134862e+308, 1.6111e+00, 3.0734e-02, 
 2DIAGNOSTIC,     4, -4.785028756515e-01, 1.797693134862e+308, 1.6367e+00, 2.5541e-02, 
 2DIAGNOSTIC,     5, -4.786647485435e-01, 1.797693134862e+308, 1.6623e+00, 2.5594e-02, 
 2DIAGNOSTIC,     6, -4.788099932964e-01, 1.797693134862e+308, 1.6873e+00, 2.5005e-02, 
 2DIAGNOSTIC,     7, -4.794645847222e-01, 1.797693134862e+308, 1.7138e+00, 2.6512e-02, 
 2DIAGNOSTIC,     8, -4.813619171755e-01, 1.797693134862e+308, 1.7503e+00, 3.6511e-02, 
 2DIAGNOSTIC,     9, -4.817935635329e-01, 1.797693134862e+308, 1.7802e+00, 2.9911e-02, 
 2DIAGNOSTIC,    10, -4.822647496888e-01, 5.583367504023e-04, 1.8065e+00, 2.6293e-02, 
 2DIAGNOSTIC,    11, -4.831344909908e-01, 6.366384574098e-04, 1.8365e+00, 3.0022e-02, 
 2DIAGNOSTIC,    12, -4.835768992592e-01, 6.653898034875e-04, 1.8800e+00, 4.3503e-02, 
 2DIAGNOSTIC,    13, -4.835677565327e-01, 6.290342969135e-04, 1.9135e+00, 3.3477e-02, 
 2DIAGNOSTIC,    14, -4.835733047844e-01, 5.452729208080e-04, 1.9505e+00, 3.6999e-02, 
 2DIAGNOSTIC,    15, -4.835701547255e-01, 4.305772096277e-04, 1.9800e+00, 2.9491e-02, 
 2DIAGNOSTIC,    16, -4.835566913009e-01, 2.956272804418e-04, 2.0096e+00, 2.9609e-02, 
 2DIAGNOSTIC,    17, -4.835523104091e-01, 1.703980275510e-04, 2.0408e+00, 3.1198e-02, 
 2DIAGNOSTIC,    18, -4.835483887835e-01, 1.058854946283e-04, 2.0694e+00, 2.8614e-02, 
 2DIAGNOSTIC,    19, -4.835469915473e-01, 5.203914177686e-05, 2.0996e+00, 3.0219e-02, 
 2DIAGNOSTIC,    20, -4.835401827380e-01, 1.204163303950e-05, 2.1335e+00, 3.3852e-02, 
DIAGNOSTIC,Iteration,metricValue,convergenceValue,ITERATION_TIME_INDEX,SINCE_LAST
 2DIAGNOSTIC,     1, -4.161561167870e-01, 1.797693134862e+308, 3.2189e+00, 1.0854e+00, 
 2DIAGNOSTIC,     2, -4.161756893438e-01, 1.797693134862e+308, 3.4778e+00, 2.5895e-01, 
 2DIAGNOSTIC,     3, -4.161696114509e-01, 1.797693134862e+308, 3.7204e+00, 2.4257e-01, 
 2DIAGNOSTIC,     4, -4.161681503553e-01, 1.797693134862e+308, 4.0859e+00, 3.6556e-01, 
 2DIAGNOSTIC,     5, -4.161678896602e-01, 1.797693134862e+308, 4.3263e+00, 2.4035e-01, 
 2DIAGNOSTIC,     6, -4.161669123585e-01, 1.797693134862e+308, 4.5395e+00, 2.1316e-01, 
 2DIAGNOSTIC,     7, -4.161667485643e-01, 1.797693134862e+308, 4.7749e+00, 2.3544e-01, 
 2DIAGNOSTIC,     8, -4.161656816015e-01, 1.797693134862e+308, 4.9661e+00, 1.9120e-01, 
 2DIAGNOSTIC,     9, -4.161650043538e-01, 1.797693134862e+308, 5.2375e+00, 2.7141e-01, 
 2DIAGNOSTIC,    10, -4.161655463814e-01, 2.943366623556e-06, 5.5062e+00, 2.6874e-01, 
 2DIAGNOSTIC,    11, -4.161636420994e-01, 1.720591496765e-06, 5.7299e+00, 2.2363e-01, 
 2DIAGNOSTIC,    12, -4.161624970809e-01, 1.867462473368e-06, 5.9599e+00, 2.3005e-01, 
 2DIAGNOSTIC,    13, -4.161615819744e-01, 1.698398060163e-06, 6.1773e+00, 2.1736e-01, 
 2DIAGNOSTIC,    14, -4.161624603295e-01, 1.592444846502e-06, 6.4398e+00, 2.6255e-01, 
 2DIAGNOSTIC,    15, -4.161620529814e-01, 1.530180436790e-06, 6.6817e+00, 2.4189e-01, 
 2DIAGNOSTIC,    16, -4.161603835106e-01, 1.417836918385e-06, 6.9047e+00, 2.2301e-01, 
 2DIAGNOSTIC,    17, -4.161625251481e-01, 1.455414119125e-06, 7.1500e+00, 2.4526e-01, 
 2DIAGNOSTIC,    18, -4.161617349625e-01, 1.453854862749e-06, 7.3618e+00, 2.1182e-01, 
 2DIAGNOSTIC,    19, -4.161656140594e-01, 1.594928503594e-06, 7.5801e+00, 2.1828e-01, 
 2DIAGNOSTIC,    20, -4.161678254531e-01, 1.821576327131e-06, 7.9048e+00, 3.2472e-01, 
 2DIAGNOSTIC,    21, -4.161672172260e-01, 1.924327025268e-06, 8.1843e+00, 2.7947e-01, 
 2DIAGNOSTIC,    22, -4.161665846124e-01, 1.927748310940e-06, 8.3817e+00, 1.9739e-01, 
 2DIAGNOSTIC,    23, -4.161660793966e-01, 1.843028035131e-06, 8.6235e+00, 2.4187e-01, 
 2DIAGNOSTIC,    24, -4.161655365533e-01, 1.730448867768e-06, 8.8226e+00, 1.9905e-01, 
 2DIAGNOSTIC,    25, -4.161651834947e-01, 1.568353733439e-06, 9.0239e+00, 2.0126e-01, 
 2DIAGNOSTIC,    26, -4.161660037665e-01, 1.368374529603e-06, 9.2432e+00, 2.1935e-01, 
 2DIAGNOSTIC,    27, -4.161651045496e-01, 1.203105050591e-06, 9.4394e+00, 1.9618e-01, 
 2DIAGNOSTIC,    28, -4.161679884898e-01, 1.097088640566e-06, 9.6689e+00, 2.2951e-01, 
 2DIAGNOSTIC,    29, -4.161710849648e-01, 1.162831216817e-06, 9.9131e+00, 2.4416e-01, 
 2DIAGNOSTIC,    30, -4.161703640305e-01, 1.250475691057e-06, 1.0157e+01, 2.4367e-01, 
 2DIAGNOSTIC,    31, -4.161708142911e-01, 1.313167807916e-06, 1.0388e+01, 2.3156e-01, 
 2DIAGNOSTIC,    32, -4.161710089264e-01, 1.336085266167e-06, 1.0585e+01, 1.9682e-01, 
 2DIAGNOSTIC,    33, -4.161749613448e-01, 1.395595230741e-06, 1.0833e+01, 2.4822e-01, 
 2DIAGNOSTIC,    34, -4.161777487505e-01, 1.452526298545e-06, 1.1027e+01, 1.9328e-01, 
 2DIAGNOSTIC,    35, -4.161792220177e-01, 1.478601718823e-06, 1.1246e+01, 2.1909e-01, 
 2DIAGNOSTIC,    36, -4.161806859648e-01, 1.495439428019e-06, 1.1473e+01, 2.2702e-01, 
 2DIAGNOSTIC,    37, -4.161791778425e-01, 1.407680681447e-06, 1.1675e+01, 2.0267e-01, 
 2DIAGNOSTIC,    38, -4.161838486866e-01, 1.406626889747e-06, 1.1947e+01, 2.7151e-01, 
 2DIAGNOSTIC,    39, -4.161849953100e-01, 1.422742195140e-06, 1.2211e+01, 2.6389e-01, 
 2DIAGNOSTIC,    40, -4.161860914890e-01, 1.386764653805e-06, 1.2518e+01, 3.0681e-01, 
 2DIAGNOSTIC,    41, -4.161854987576e-01, 1.295749594413e-06, 1.2739e+01, 2.2132e-01, 
 2DIAGNOSTIC,    42, -4.161840259988e-01, 1.138573355333e-06, 1.2973e+01, 2.3401e-01, 
 2DIAGNOSTIC,    43, -4.161834049860e-01, 1.004201842486e-06, 1.3167e+01, 1.9407e-01, 
DIAGNOSTIC,Iteration,metricValue,convergenceValue,ITERATION_TIME_INDEX,SINCE_LAST
 2DIAGNOSTIC,     1, -3.834265912350e-01, 1.797693134862e+308, 1.5545e+01, 2.3782e+00, 
 2DIAGNOSTIC,     2, -3.834925053365e-01, 1.797693134862e+308, 1.7056e+01, 1.5111e+00, 
 2DIAGNOSTIC,     3, -3.834978116488e-01, 1.797693134862e+308, 1.8696e+01, 1.6394e+00, 
 2DIAGNOSTIC,     4, -3.835004127736e-01, 1.797693134862e+308, 2.0414e+01, 1.7187e+00, 
 2DIAGNOSTIC,     5, -3.835019582514e-01, 1.797693134862e+308, 2.1992e+01, 1.5780e+00, 
 2DIAGNOSTIC,     6, -3.835049957420e-01, 1.797693134862e+308, 2.3667e+01, 1.6747e+00, 
 2DIAGNOSTIC,     7, -3.835058343722e-01, 1.797693134862e+308, 2.5387e+01, 1.7195e+00, 
 2DIAGNOSTIC,     8, -3.835066498254e-01, 1.797693134862e+308, 2.7300e+01, 1.9137e+00, 
 2DIAGNOSTIC,     9, -3.835062955322e-01, 1.797693134862e+308, 2.8918e+01, 1.6179e+00, 
 2DIAGNOSTIC,    10, -3.835063108996e-01, 1.066660725849e-05, 3.0520e+01, 1.6019e+00, 
 2DIAGNOSTIC,    11, -3.835061571791e-01, 4.747040555475e-06, 3.2587e+01, 2.0670e+00, 
 2DIAGNOSTIC,    12, -3.835060832649e-01, 3.706200535414e-06, 3.3894e+01, 1.3064e+00, 
 2DIAGNOSTIC,    13, -3.835060190720e-01, 3.027826041987e-06, 3.5513e+01, 1.6191e+00, 
 2DIAGNOSTIC,    14, -3.835058638478e-01, 2.523467034610e-06, 3.6977e+01, 1.4642e+00, 
 2DIAGNOSTIC,    15, -3.835058006963e-01, 2.133709251811e-06, 3.8444e+01, 1.4675e+00, 
 2DIAGNOSTIC,    16, -3.835056463971e-01, 1.924177719159e-06, 4.0279e+01, 1.8349e+00, 
 2DIAGNOSTIC,    17, -3.835054775128e-01, 1.773328556894e-06, 4.1738e+01, 1.4584e+00, 
 2DIAGNOSTIC,    18, -3.835053086121e-01, 1.675385376584e-06, 4.3027e+01, 1.2894e+00, 
 2DIAGNOSTIC,    19, -3.835051448144e-01, 1.576051816964e-06, 4.4334e+01, 1.3067e+00, 
 2DIAGNOSTIC,    20, -3.835051658766e-01, 1.497295073379e-06, 4.5629e+01, 1.2948e+00, 
 2DIAGNOSTIC,    21, -3.835053779575e-01, 1.436675312959e-06, 4.7107e+01, 1.4785e+00, 
 2DIAGNOSTIC,    22, -3.835055901414e-01, 1.393331720639e-06, 4.8569e+01, 1.4621e+00, 
 2DIAGNOSTIC,    23, -3.835055251005e-01, 1.354581542032e-06, 5.0141e+01, 1.5720e+00, 
 2DIAGNOSTIC,    24, -3.835054518284e-01, 1.314933130325e-06, 5.1597e+01, 1.4559e+00, 
 2DIAGNOSTIC,    25, -3.835053813425e-01, 1.275595340827e-06, 5.2937e+01, 1.3401e+00, 
 2DIAGNOSTIC,    26, -3.835053141619e-01, 1.232550094793e-06, 5.4261e+01, 1.3233e+00, 
 2DIAGNOSTIC,    27, -3.835053494677e-01, 1.188143193075e-06, 5.5656e+01, 1.3955e+00, 
 2DIAGNOSTIC,    28, -3.835054089355e-01, 1.143229098798e-06, 5.7119e+01, 1.4634e+00, 
 2DIAGNOSTIC,    29, -3.835055814680e-01, 1.101082728543e-06, 5.8473e+01, 1.3533e+00, 
 2DIAGNOSTIC,    30, -3.835053714643e-01, 1.056523026691e-06, 6.0597e+01, 2.1247e+00, 
 2DIAGNOSTIC,    31, -3.835053052290e-01, 1.018740040042e-06, 6.2056e+01, 1.4583e+00, 
  Elapsed time (stage 0): 6.2873e+01


Total elapsed time: 6.2876e+01
Info [verificarlo]: loaded backend libinterflop_ieee.so
Info [interflop-ieee]: load backend with:
Info [interflop-ieee]: debug = false
Info [interflop-ieee]: debug-binary = false
Info [interflop-ieee]: no-backend-name = false
Info [interflop-ieee]: print-new-line = false
Info [interflop-ieee]: print-subnormal-normalized = false
Info [interflop-ieee]: count-op = false
All_Command_lines_OK
Using double precision for computations.
=============================================================================
The composite transform comprises the following transforms (in order): 
  1. /home/mdugre/scratch/mri-registration-rp/datasets/ds004513/derivatives/mri-registration-rp/0001/antsRegistration-r8-p23/sub-s017/rigid_Composite.h5[0] (type = Euler3DTransform)
  2. /home/mdugre/scratch/mri-registration-rp/datasets/ds004513/derivatives/mri-registration-rp/0001/antsRegistration-r8-p23/sub-s017/rigid_Composite.h5[1] (type = Euler3DTransform)
  3. /home/mdugre/scratch/mri-registration-rp/datasets/ds004513/derivatives/mri-registration-rp/0001/antsRegistration-r8-p23/sub-s017/rigid_Composite.h5[2] (type = Euler3DTransform)
=============================================================================
  number of levels = 4
  fixed image: /templateflow/tpl-MNI152NLin2009cAsym/tpl-MNI152NLin2009cAsym_res-01_desc-brain_T1w.nii.gz
  moving image: /home/mdugre/scratch/mri-registration-rp/datasets/ds004513/derivatives/mri-registration-rp/antsBrainExtraction/sub-s017/BrainExtractionBrain.nii.gz
Dimension = 3
Number of stages = 1
Use histogram matching = false
Winsorize image intensities = true
  Lower quantile = 0.005
  Upper quantile = 0.995


Stage 1 State
   Image metric = MattesMI
     Fixed image = Image (0x3c597e0)
  RTTI typeinfo:   itk::Image<double, 3u>
  Reference Count: 2
  Modified Time: 1594
  Debug: Off
  Object Name: 
  Observers: 
    none
  Source: (none)
  Source output name: (none)
  Release Data: Off
  Data Released: False
  Global Release Data: Off
  PipelineMTime: 0
  UpdateMTime: 1203
  RealTimeStamp: 0 seconds 
  LargestPossibleRegion: 
    Dimension: 3
    Index: [0, 0, 0]
    Size: [193, 229, 193]
  BufferedRegion: 
    Dimension: 3
    Index: [0, 0, 0]
    Size: [193, 229, 193]
  RequestedRegion: 
    Dimension: 3
    Index: [0, 0, 0]
    Size: [193, 229, 193]
  Spacing: [1, 1, 1]
  Origin: [96, 132, -78]
  Direction: 
-1 0 0
0 -1 0
0 0 1

  IndexToPointMatrix: 
-1 0 0
0 -1 0
0 0 1

  PointToIndexMatrix: 
-1 0 0
0 -1 0
0 0 1

  Inverse Direction: 
-1 0 0
0 -1 0
0 0 1

  PixelContainer: 
    ImportImageContainer (0x3d19a20)
      RTTI typeinfo:   itk::ImportImageContainer<unsigned long, double>
      Reference Count: 1
      Modified Time: 1200
      Debug: Off
      Object Name: 
      Observers: 
        none
      Pointer: 0x148dc317e010
      Container manages memory: true
      Size: 8530021
      Capacity: 8530021

     Moving image = Image (0x3d14d70)
  RTTI typeinfo:   itk::Image<double, 3u>
  Reference Count: 2
  Modified Time: 1595
  Debug: Off
  Object Name: 
  Observers: 
    none
  Source: (none)
  Source output name: (none)
  Release Data: Off
  Data Released: False
  Global Release Data: Off
  PipelineMTime: 0
  UpdateMTime: 1592
  RealTimeStamp: 0 seconds 
  LargestPossibleRegion: 
    Dimension: 3
    Index: [0, 0, 0]
    Size: [160, 240, 256]
  BufferedRegion: 
    Dimension: 3
    Index: [0, 0, 0]
    Size: [160, 240, 256]
  RequestedRegion: 
    Dimension: 3
    Index: [0, 0, 0]
    Size: [160, 240, 256]
  Spacing: [1, 1, 1]
  Origin: [91.3357, 102.231, -120.042]
  Direction: 
-0.997442 -5.36781e-05 -0.0714818
5.35416e-05 -1 3.82465e-06
-0.0714818 -1.23894e-08 0.997442

  IndexToPointMatrix: 
-0.997444 -5.36781e-05 -0.0714818
5.35418e-05 -1 3.82465e-06
-0.0714819 -1.23894e-08 0.997442

  PointToIndexMatrix: 
-0.99744 5.35415e-05 -0.0714816
-5.36781e-05 -1 -1.23894e-08
-0.0714818 3.82465e-06 0.997442

  Inverse Direction: 
-0.997442 5.35416e-05 -0.0714818
-5.36781e-05 -1 -1.23894e-08
-0.0714818 3.82465e-06 0.997442

  PixelContainer: 
    ImportImageContainer (0x3cccc90)
      RTTI typeinfo:   itk::ImportImageContainer<unsigned long, double>
      Reference Count: 1
      Modified Time: 1589
      Debug: Off
      Object Name: 
      Observers: 
        none
      Pointer: 0x148dbe67d010
      Container manages memory: true
      Size: 9830400
      Capacity: 9830400

     Weighting = 1
     Sampling strategy = regular
     Number of bins = 32
     Radius = 4
     Sampling percentage  = 0.25
   Transform = Affine
     Gradient step = 0.1
     Update field sigma (voxel space) = 0
     Total field sigma (voxel space) = 0
     Update field time sigma = 0
     Total field time sigma  = 0
     Number of time indices = 0
     Number of time point samples = 0
Registration using 1 total stages.

Stage 0
  iterations = 1000x500x250x100
  convergence threshold = 1e-06
  convergence window size = 10
  number of levels = 4
  using the Mattes MI metric (number of bins = 32, weight = 1, use gradient filter = 0)
  preprocessing:  winsorizing the image intensities
  Shrink factors (level 1 out of 4): [8, 8, 8]
  Shrink factors (level 2 out of 4): [4, 4, 4]
  Shrink factors (level 3 out of 4): [2, 2, 2]
  Shrink factors (level 4 out of 4): [1, 1, 1]
  smoothing sigmas per level: [3, 2, 1, 0]
  regular sampling (percentage = 0.25)

*** Running AffineTransform registration ***

DIAGNOSTIC,Iteration,metricValue,convergenceValue,ITERATION_TIME_INDEX,SINCE_LAST
 2DIAGNOSTIC,     1, -5.806290998412e-01, 1.797693134862e+308, 7.5113e-01, 7.5113e-01, 
 2DIAGNOSTIC,     2, -5.832407507911e-01, 1.797693134862e+308, 7.5575e-01, 4.6289e-03, 
 2DIAGNOSTIC,     3, -5.883921006207e-01, 1.797693134862e+308, 7.6049e-01, 4.7338e-03, 
 2DIAGNOSTIC,     4, -5.973582020982e-01, 1.797693134862e+308, 7.6499e-01, 4.5011e-03, 
 2DIAGNOSTIC,     5, -6.166279651394e-01, 1.797693134862e+308, 7.6935e-01, 4.3569e-03, 
 2DIAGNOSTIC,     6, -6.406440244410e-01, 1.797693134862e+308, 7.7378e-01, 4.4351e-03, 
 2DIAGNOSTIC,     7, -7.009864255368e-01, 1.797693134862e+308, 7.7845e-01, 4.6701e-03, 
 2DIAGNOSTIC,     8, -7.630482513018e-01, 1.797693134862e+308, 7.8387e-01, 5.4169e-03, 
 2DIAGNOSTIC,     9, -8.423469022013e-01, 1.797693134862e+308, 7.9117e-01, 7.3040e-03, 
 2DIAGNOSTIC,    10, -8.569694551083e-01, 2.845116130014e-02, 7.9623e-01, 5.0590e-03, 
 2DIAGNOSTIC,    11, -8.701917122930e-01, 2.871708895316e-02, 8.0196e-01, 5.7330e-03, 
 2DIAGNOSTIC,    12, -8.814645614040e-01, 2.683607374022e-02, 8.1045e-01, 8.4879e-03, 
 2DIAGNOSTIC,    13, -8.822368117100e-01, 2.307206284419e-02, 8.1539e-01, 4.9350e-03, 
 2DIAGNOSTIC,    14, -8.834458719783e-01, 1.815384141524e-02, 8.2041e-01, 5.0211e-03, 
 2DIAGNOSTIC,    15, -8.851322802466e-01, 1.292532927247e-02, 8.2569e-01, 5.2850e-03, 
 2DIAGNOSTIC,    16, -8.870480809844e-01, 7.902435080112e-03, 8.3095e-01, 5.2531e-03, 
 2DIAGNOSTIC,    17, -8.886777819943e-01, 4.189413184918e-03, 8.3713e-01, 6.1841e-03, 
 2DIAGNOSTIC,    18, -8.889448810764e-01, 1.810422432927e-03, 8.4330e-01, 6.1650e-03, 
 2DIAGNOSTIC,    19, -8.890594323683e-01, 1.083853135925e-03, 8.4896e-01, 5.6679e-03, 
 2DIAGNOSTIC,    20, -8.887882561995e-01, 5.969783270137e-04, 8.5458e-01, 5.6188e-03, 
 2DIAGNOSTIC,    21, -8.886098615951e-01, 3.264824907113e-04, 8.6124e-01, 6.6619e-03, 
 2DIAGNOSTIC,    22, -8.885249832748e-01, 2.361096518780e-04, 8.6715e-01, 5.9080e-03, 
 2DIAGNOSTIC,    23, -8.882875303068e-01, 1.410432908572e-04, 8.7264e-01, 5.4901e-03, 
 2DIAGNOSTIC,    24, -8.882052345421e-01, 5.851496538421e-05, 8.7769e-01, 5.0490e-03, 
DIAGNOSTIC,Iteration,metricValue,convergenceValue,ITERATION_TIME_INDEX,SINCE_LAST
 2DIAGNOSTIC,     1, -7.469015879738e-01, 1.797693134862e+308, 1.6478e+00, 7.7009e-01, 
 2DIAGNOSTIC,     2, -7.476337610483e-01, 1.797693134862e+308, 1.6824e+00, 3.4662e-02, 
 2DIAGNOSTIC,     3, -7.481984149338e-01, 1.797693134862e+308, 1.7185e+00, 3.6010e-02, 
 2DIAGNOSTIC,     4, -7.485348957007e-01, 1.797693134862e+308, 1.7543e+00, 3.5845e-02, 
 2DIAGNOSTIC,     5, -7.488723349321e-01, 1.797693134862e+308, 1.7917e+00, 3.7416e-02, 
 2DIAGNOSTIC,     6, -7.493028718402e-01, 1.797693134862e+308, 1.8300e+00, 3.8329e-02, 
 2DIAGNOSTIC,     7, -7.498240981598e-01, 1.797693134862e+308, 1.8730e+00, 4.2984e-02, 
 2DIAGNOSTIC,     8, -7.499189037970e-01, 1.797693134862e+308, 1.9077e+00, 3.4688e-02, 
 2DIAGNOSTIC,     9, -7.503981904065e-01, 1.797693134862e+308, 1.9504e+00, 4.2650e-02, 
 2DIAGNOSTIC,    10, -7.505578656734e-01, 3.049238823134e-04, 1.9915e+00, 4.1113e-02, 
 2DIAGNOSTIC,    11, -7.505341234012e-01, 2.389539900517e-04, 2.0312e+00, 3.9763e-02, 
 2DIAGNOSTIC,    12, -7.505061914089e-01, 1.848758136083e-04, 2.0698e+00, 3.8602e-02, 
 2DIAGNOSTIC,    13, -7.505141121086e-01, 1.393602380571e-04, 2.1084e+00, 3.8555e-02, 
 2DIAGNOSTIC,    14, -7.505102732929e-01, 9.677096737627e-05, 2.1474e+00, 3.8952e-02, 
 2DIAGNOSTIC,    15, -7.505029862860e-01, 5.935599129610e-05, 2.1914e+00, 4.4055e-02, 
 2DIAGNOSTIC,    16, -7.504912485498e-01, 3.116311045342e-05, 2.2305e+00, 3.9131e-02, 
 2DIAGNOSTIC,    17, -7.504804688847e-01, 1.513171428924e-05, 2.2659e+00, 3.5398e-02, 
 2DIAGNOSTIC,    18, -7.504860792689e-01, 1.517274651266e-06, 2.3034e+00, 3.7500e-02, 
DIAGNOSTIC,Iteration,metricValue,convergenceValue,ITERATION_TIME_INDEX,SINCE_LAST
 2DIAGNOSTIC,     1, -6.294116115760e-01, 1.797693134862e+308, 3.3374e+00, 1.0340e+00, 
 2DIAGNOSTIC,     2, -6.299274337775e-01, 1.797693134862e+308, 3.6019e+00, 2.6445e-01, 
 2DIAGNOSTIC,     3, -6.304606937623e-01, 1.797693134862e+308, 3.8481e+00, 2.4624e-01, 
 2DIAGNOSTIC,     4, -6.311440983280e-01, 1.797693134862e+308, 4.1353e+00, 2.8719e-01, 
 2DIAGNOSTIC,     5, -6.319613521827e-01, 1.797693134862e+308, 4.4163e+00, 2.8099e-01, 
 2DIAGNOSTIC,     6, -6.326508619728e-01, 1.797693134862e+308, 4.9351e+00, 5.1880e-01, 
 2DIAGNOSTIC,     7, -6.326442431872e-01, 1.797693134862e+308, 5.3216e+00, 3.8656e-01, 
 2DIAGNOSTIC,     8, -6.326421030379e-01, 1.797693134862e+308, 5.6030e+00, 2.8132e-01, 
 2DIAGNOSTIC,     9, -6.326413590490e-01, 1.797693134862e+308, 5.8796e+00, 2.7665e-01, 
 2DIAGNOSTIC,    10, -6.326405356689e-01, 3.607193940815e-04, 6.2100e+00, 3.3040e-01, 
 2DIAGNOSTIC,    11, -6.326380581119e-01, 2.475998150725e-04, 6.4824e+00, 2.7236e-01, 
 2DIAGNOSTIC,    12, -6.326382568728e-01, 1.509095230163e-04, 6.7382e+00, 2.5584e-01, 
 2DIAGNOSTIC,    13, -6.326371996977e-01, 7.419551227193e-05, 7.0114e+00, 2.7321e-01, 
 2DIAGNOSTIC,    14, -6.326376013526e-01, 2.341664864741e-05, 7.2882e+00, 2.7676e-01, 
 2DIAGNOSTIC,    15, -6.326364676378e-01, 1.358505363563e-06, 7.5375e+00, 2.4929e-01, 
 2DIAGNOSTIC,    16, -6.326355130360e-01, 1.489403013213e-06, 7.7752e+00, 2.3772e-01, 
 2DIAGNOSTIC,    17, -6.326348603590e-01, 1.460469336932e-06, 8.0882e+00, 3.1297e-01, 
 2DIAGNOSTIC,    18, -6.326337609467e-01, 1.391313747691e-06, 8.3778e+00, 2.8966e-01, 
 2DIAGNOSTIC,    19, -6.326327161709e-01, 1.322246838999e-06, 8.6333e+00, 2.5550e-01, 
 2DIAGNOSTIC,    20, -6.326305164446e-01, 1.226844816918e-06, 8.8969e+00, 2.6362e-01, 
 2DIAGNOSTIC,    21, -6.326298185526e-01, 1.107474515483e-06, 9.1766e+00, 2.7967e-01, 
 2DIAGNOSTIC,    22, -6.326281932693e-01, 1.008190490988e-06, 9.4467e+00, 2.7010e-01, 
DIAGNOSTIC,Iteration,metricValue,convergenceValue,ITERATION_TIME_INDEX,SINCE_LAST
 2DIAGNOSTIC,     1, -5.634463073023e-01, 1.797693134862e+308, 1.2529e+01, 3.0826e+00, 
 2DIAGNOSTIC,     2, -5.639251008701e-01, 1.797693134862e+308, 1.4208e+01, 1.6783e+00, 
 2DIAGNOSTIC,     3, -5.643935835776e-01, 1.797693134862e+308, 1.5939e+01, 1.7316e+00, 
 2DIAGNOSTIC,     4, -5.653421952086e-01, 1.797693134862e+308, 1.7937e+01, 1.9980e+00, 
 2DIAGNOSTIC,     5, -5.666806343647e-01, 1.797693134862e+308, 2.0962e+01, 3.0252e+00, 
 2DIAGNOSTIC,     6, -5.666788438777e-01, 1.797693134862e+308, 2.3363e+01, 2.4005e+00, 
 2DIAGNOSTIC,     7, -5.666781250271e-01, 1.797693134862e+308, 2.5571e+01, 2.2078e+00, 
 2DIAGNOSTIC,     8, -5.666783360923e-01, 1.797693134862e+308, 2.7997e+01, 2.4265e+00, 
 2DIAGNOSTIC,     9, -5.666785202596e-01, 1.797693134862e+308, 3.0229e+01, 2.2319e+00, 
 2DIAGNOSTIC,    10, -5.666783753238e-01, 3.983112489074e-04, 3.2085e+01, 1.8557e+00, 
 2DIAGNOSTIC,    11, -5.666784930610e-01, 2.625677693210e-04, 3.4161e+01, 2.0766e+00, 
 2DIAGNOSTIC,    12, -5.666783011646e-01, 1.470621540553e-04, 3.6117e+01, 1.9558e+00, 
 2DIAGNOSTIC,    13, -5.666782303706e-01, 5.397882862350e-05, 3.8155e+01, 2.0382e+00, 
 2DIAGNOSTIC,    14, -5.666781595757e-01, 2.173110259421e-06, 4.0160e+01, 2.0052e+00, 
 2DIAGNOSTIC,    15, -5.666779395566e-01, 2.088543363504e-06, 4.2003e+01, 1.8421e+00, 
 2DIAGNOSTIC,    16, -5.666778837078e-01, 1.960719810359e-06, 4.4020e+01, 2.0179e+00, 
 2DIAGNOSTIC,    17, -5.666778168269e-01, 1.827303987907e-06, 4.5786e+01, 1.7655e+00, 
 2DIAGNOSTIC,    18, -5.666778068346e-01, 1.718411590933e-06, 4.7606e+01, 1.8206e+00, 
 2DIAGNOSTIC,    19, -5.666778929784e-01, 1.632897428001e-06, 4.9489e+01, 1.8822e+00, 
 2DIAGNOSTIC,    20, -5.666781416670e-01, 1.562363937502e-06, 5.1723e+01, 2.2343e+00, 
 2DIAGNOSTIC,    21, -5.666783584013e-01, 1.509276634136e-06, 5.3789e+01, 2.0660e+00, 
 2DIAGNOSTIC,    22, -5.666780508753e-01, 1.450186628456e-06, 5.5541e+01, 1.7517e+00, 
 2DIAGNOSTIC,    23, -5.666782877184e-01, 1.399871629497e-06, 5.7664e+01, 2.1234e+00, 
 2DIAGNOSTIC,    24, -5.666783954246e-01, 1.352942820949e-06, 5.9617e+01, 1.9527e+00, 
 2DIAGNOSTIC,    25, -5.666781665467e-01, 1.298062788639e-06, 6.1584e+01, 1.9668e+00, 
 2DIAGNOSTIC,    26, -5.666781001458e-01, 1.242936152522e-06, 6.3498e+01, 1.9144e+00, 
 2DIAGNOSTIC,    27, -5.666779198944e-01, 1.185724142552e-06, 6.5416e+01, 1.9178e+00, 
 2DIAGNOSTIC,    28, -5.666778576470e-01, 1.130687300795e-06, 6.7702e+01, 2.2865e+00, 
 2DIAGNOSTIC,    29, -5.666775340684e-01, 1.075690631291e-06, 6.9651e+01, 1.9486e+00, 
 2DIAGNOSTIC,    30, -5.666776817782e-01, 1.033112151695e-06, 7.1553e+01, 1.9022e+00, 
  Elapsed time (stage 0): 7.2648e+01


Total elapsed time: 7.2651e+01
Info [verificarlo]: loaded backend libinterflop_vprec.so
Info [interflop-vprec]: load backend with: 
Info [interflop-vprec]: precision-binary32 = 23
Info [interflop-vprec]: range-binary32 = 8
Info [interflop-vprec]: precision-binary64 = 23
Info [interflop-vprec]: range-binary64 = 8
Info [interflop-vprec]: mode = ob
Info [interflop-vprec]: error-mode = rel
Info [interflop-vprec]: max-abs-error-exponent = -1022
Info [interflop-vprec]: daz = false
Info [interflop-vprec]: ftz = false
Info [interflop-vprec]: 	instrument = none
Info [interflop-vprec]: 	prec-input-file = (null)
Info [interflop-vprec]: 	prec-output-file = (null)
Info [interflop-vprec]: 	prec-log-file = (null)
All_Command_lines_OK
Using double precision for computations.
=============================================================================
The composite transform comprises the following transforms (in order): 
  1. /home/mdugre/scratch/mri-registration-rp/datasets/ds004513/derivatives/mri-registration-rp/0001/antsRegistration-r8-p23/sub-s017/affine_Composite.h5[0] (type = Euler3DTransform)
  2. /home/mdugre/scratch/mri-registration-rp/datasets/ds004513/derivatives/mri-registration-rp/0001/antsRegistration-r8-p23/sub-s017/affine_Composite.h5[1] (type = Euler3DTransform)
  3. /home/mdugre/scratch/mri-registration-rp/datasets/ds004513/derivatives/mri-registration-rp/0001/antsRegistration-r8-p23/sub-s017/affine_Composite.h5[2] (type = Euler3DTransform)
  4. /home/mdugre/scratch/mri-registration-rp/datasets/ds004513/derivatives/mri-registration-rp/0001/antsRegistration-r8-p23/sub-s017/affine_Composite.h5[3] (type = AffineTransform)
=============================================================================
  number of levels = 4
  fixed image: /templateflow/tpl-MNI152NLin2009cAsym/tpl-MNI152NLin2009cAsym_res-01_desc-brain_T1w.nii.gz
  moving image: /home/mdugre/scratch/mri-registration-rp/datasets/ds004513/derivatives/mri-registration-rp/antsBrainExtraction/sub-s017/BrainExtractionBrain.nii.gz
Dimension = 3
Number of stages = 1
Use histogram matching = false
Winsorize image intensities = true
  Lower quantile = 0.005
  Upper quantile = 0.995


Stage 1 State
   Image metric = CC
     Fixed image = Image (0x42006f0)
  RTTI typeinfo:   itk::Image<double, 3u>
  Reference Count: 2
  Modified Time: 1608
  Debug: Off
  Object Name: 
  Observers: 
    none
  Source: (none)
  Source output name: (none)
