
##########################
# Experiment information #
##########################

EXPERIMENT_NAME: antsRegistration-r7-p22
VFC_BACKENDS: libinterflop_vprec.so --range-binary32=7 --precision-binary32=22 --range-binary64=7 --precision-binary64=22

SIF_IMG: /home/mdugre/projects/rrg-glatard/mdugre/containers/ants-vprec-no_metrics.simg

SUBJECT_ID: s014
INPUT_IMG: /home/mdugre/scratch/mri-registration-rp/datasets/ds004513/derivatives/mri-registration-rp/antsBrainExtraction/sub-s014/BrainExtractionBrain.nii.gz
OUTPUT_DIR: /home/mdugre/scratch/mri-registration-rp/datasets/ds004513/derivatives/mri-registration-rp/0001/antsRegistration-r7-p22/sub-s014

FIXED_IMG: /templateflow/tpl-MNI152NLin2009cAsym/tpl-MNI152NLin2009cAsym_res-01_desc-brain_T1w.nii.gz
DATA_DIR: /home/mdugre/scratch/mri-registration-rp/datasets/ds004513
TEMPLATEFLOW_DIR: /home/mdugre/projects/rrg-glatard/mdugre/templateflow
ITK_GLOBAL_DEFAULT_NUMBER_OF_THREADS: 16
##########################

Info [verificarlo]: loaded backend libinterflop_ieee.so
Info [interflop-ieee]: load backend with:
Info [interflop-ieee]: debug = false
Info [interflop-ieee]: debug-binary = false
Info [interflop-ieee]: no-backend-name = false
Info [interflop-ieee]: print-new-line = false
Info [interflop-ieee]: print-subnormal-normalized = false
Info [interflop-ieee]: count-op = false
All_Command_lines_OK
Using double precision for computations.
=============================================================================
The composite transform comprises the following transforms (in order): 
  1. Center of mass alignment using fixed image: /templateflow/tpl-MNI152NLin2009cAsym/tpl-MNI152NLin2009cAsym_res-01_desc-brain_T1w.nii.gz and moving image: /home/mdugre/scratch/mri-registration-rp/datasets/ds004513/derivatives/mri-registration-rp/antsBrainExtraction/sub-s014/BrainExtractionBrain.nii.gz (type = Euler3DTransform)
=============================================================================
  number of levels = 1
  fixed image: /templateflow/tpl-MNI152NLin2009cAsym/tpl-MNI152NLin2009cAsym_res-01_desc-brain_T1w.nii.gz
  moving image: /home/mdugre/scratch/mri-registration-rp/datasets/ds004513/derivatives/mri-registration-rp/antsBrainExtraction/sub-s014/BrainExtractionBrain.nii.gz
Dimension = 3
Number of stages = 1
Use histogram matching = false
Winsorize image intensities = true
  Lower quantile = 0.005
  Upper quantile = 0.995


Stage 1 State
   Image metric = MattesMI
     Fixed image = Image (0x3f32e70)
  RTTI typeinfo:   itk::Image<double, 3u>
  Reference Count: 2
  Modified Time: 2334
  Debug: Off
  Object Name: 
  Observers: 
    none
  Source: (none)
  Source output name: (none)
  Release Data: Off
  Data Released: False
  Global Release Data: Off
  PipelineMTime: 0
  UpdateMTime: 1943
  RealTimeStamp: 0 seconds 
  LargestPossibleRegion: 
    Dimension: 3
    Index: [0, 0, 0]
    Size: [193, 229, 193]
  BufferedRegion: 
    Dimension: 3
    Index: [0, 0, 0]
    Size: [193, 229, 193]
  RequestedRegion: 
    Dimension: 3
    Index: [0, 0, 0]
    Size: [193, 229, 193]
  Spacing: [1, 1, 1]
  Origin: [96, 132, -78]
  Direction: 
-1 0 0
0 -1 0
0 0 1

  IndexToPointMatrix: 
-1 0 0
0 -1 0
0 0 1

  PointToIndexMatrix: 
-1 0 0
0 -1 0
0 0 1

  Inverse Direction: 
-1 0 0
0 -1 0
0 0 1

  PixelContainer: 
    ImportImageContainer (0x3f3f140)
      RTTI typeinfo:   itk::ImportImageContainer<unsigned long, double>
      Reference Count: 1
      Modified Time: 1940
      Debug: Off
      Object Name: 
      Observers: 
        none
      Pointer: 0x154ab9a3c010
      Container manages memory: true
      Size: 8530021
      Capacity: 8530021

     Moving image = Image (0x3f3c310)
  RTTI typeinfo:   itk::Image<double, 3u>
  Reference Count: 2
  Modified Time: 2335
  Debug: Off
  Object Name: 
  Observers: 
    none
  Source: (none)
  Source output name: (none)
  Release Data: Off
  Data Released: False
  Global Release Data: Off
  PipelineMTime: 0
  UpdateMTime: 2332
  RealTimeStamp: 0 seconds 
  LargestPossibleRegion: 
    Dimension: 3
    Index: [0, 0, 0]
    Size: [160, 240, 256]
  BufferedRegion: 
    Dimension: 3
    Index: [0, 0, 0]
    Size: [160, 240, 256]
  RequestedRegion: 
    Dimension: 3
    Index: [0, 0, 0]
    Size: [160, 240, 256]
  Spacing: [0.999999, 1, 1]
  Origin: [84.1637, 106.709, -120.531]
  Direction: 
-0.999619 -0.0226874 -0.0157033
0.0226846 -0.999743 0.00035635
-0.0157073 -7.8229e-09 0.999877

  IndexToPointMatrix: 
-0.999619 -0.0226874 -0.0157033
0.0226845 -0.999743 0.00035635
-0.0157073 -7.8229e-09 0.999877

  PointToIndexMatrix: 
-0.99962 0.0226846 -0.0157073
-0.0226874 -0.999743 -7.83127e-09
-0.0157033 0.00035635 0.999877

  Inverse Direction: 
-0.999619 0.0226846 -0.0157073
-0.0226874 -0.999743 -7.83127e-09
-0.0157033 0.00035635 0.999877

  PixelContainer: 
    ImportImageContainer (0x4067610)
      RTTI typeinfo:   itk::ImportImageContainer<unsigned long, double>
      Reference Count: 1
      Modified Time: 2329
      Debug: Off
      Object Name: 
      Observers: 
        none
      Pointer: 0x154ab4f3b010
      Container manages memory: true
      Size: 9830400
      Capacity: 9830400

     Weighting = 1
     Sampling strategy = regular
     Number of bins = 32
     Radius = 4
     Sampling percentage  = 0.25
   Transform = Rigid
     Gradient step = 0.1
     Update field sigma (voxel space) = 0
     Total field sigma (voxel space) = 0
     Update field time sigma = 0
     Total field time sigma  = 0
     Number of time indices = 0
     Number of time point samples = 0
Registration using 1 total stages.

Stage 0
  iterations = 0
  convergence threshold = 1e-06
  convergence window size = 10
  number of levels = 1
  using the Mattes MI metric (number of bins = 32, weight = 1, use gradient filter = 0)
  preprocessing:  winsorizing the image intensities
  Shrink factors (level 1 out of 1): [1, 1, 1]
  smoothing sigmas per level: [0]
  regular sampling (percentage = 0.25)

*** Running Euler3DTransform registration ***

  Elapsed time (stage 0): 1.09524


Total elapsed time: 1.09797
Info [verificarlo]: loaded backend libinterflop_ieee.so
Info [interflop-ieee]: load backend with:
Info [interflop-ieee]: debug = false
Info [interflop-ieee]: debug-binary = false
Info [interflop-ieee]: no-backend-name = false
Info [interflop-ieee]: print-new-line = false
Info [interflop-ieee]: print-subnormal-normalized = false
Info [interflop-ieee]: count-op = false
All_Command_lines_OK
Using double precision for computations.
=============================================================================
The composite transform comprises the following transforms (in order): 
  1. /home/mdugre/scratch/mri-registration-rp/datasets/ds004513/derivatives/mri-registration-rp/0001/antsRegistration-r7-p22/sub-s014/align_Composite.h5[0] (type = Euler3DTransform)
  2. /home/mdugre/scratch/mri-registration-rp/datasets/ds004513/derivatives/mri-registration-rp/0001/antsRegistration-r7-p22/sub-s014/align_Composite.h5[1] (type = Euler3DTransform)
=============================================================================
  number of levels = 4
  fixed image: /templateflow/tpl-MNI152NLin2009cAsym/tpl-MNI152NLin2009cAsym_res-01_desc-brain_T1w.nii.gz
  moving image: /home/mdugre/scratch/mri-registration-rp/datasets/ds004513/derivatives/mri-registration-rp/antsBrainExtraction/sub-s014/BrainExtractionBrain.nii.gz
Dimension = 3
Number of stages = 1
Use histogram matching = false
Winsorize image intensities = true
  Lower quantile = 0.005
  Upper quantile = 0.995


Stage 1 State
   Image metric = MattesMI
     Fixed image = Image (0x45e7530)
  RTTI typeinfo:   itk::Image<double, 3u>
  Reference Count: 2
  Modified Time: 1580
  Debug: Off
  Object Name: 
  Observers: 
    none
  Source: (none)
  Source output name: (none)
  Release Data: Off
  Data Released: False
  Global Release Data: Off
  PipelineMTime: 0
  UpdateMTime: 1189
  RealTimeStamp: 0 seconds 
  LargestPossibleRegion: 
    Dimension: 3
    Index: [0, 0, 0]
    Size: [193, 229, 193]
  BufferedRegion: 
    Dimension: 3
    Index: [0, 0, 0]
    Size: [193, 229, 193]
  RequestedRegion: 
    Dimension: 3
    Index: [0, 0, 0]
    Size: [193, 229, 193]
  Spacing: [1, 1, 1]
  Origin: [96, 132, -78]
  Direction: 
-1 0 0
0 -1 0
0 0 1

  IndexToPointMatrix: 
-1 0 0
0 -1 0
0 0 1

  PointToIndexMatrix: 
-1 0 0
0 -1 0
0 0 1

  Inverse Direction: 
-1 0 0
0 -1 0
0 0 1

  PixelContainer: 
    ImportImageContainer (0x46a5d60)
      RTTI typeinfo:   itk::ImportImageContainer<unsigned long, double>
      Reference Count: 1
      Modified Time: 1186
      Debug: Off
      Object Name: 
      Observers: 
        none
      Pointer: 0x14d0b41ea010
      Container manages memory: true
      Size: 8530021
      Capacity: 8530021

     Moving image = Image (0x4697f60)
  RTTI typeinfo:   itk::Image<double, 3u>
  Reference Count: 2
  Modified Time: 1581
  Debug: Off
  Object Name: 
  Observers: 
    none
  Source: (none)
  Source output name: (none)
  Release Data: Off
  Data Released: False
  Global Release Data: Off
  PipelineMTime: 0
  UpdateMTime: 1578
  RealTimeStamp: 0 seconds 
  LargestPossibleRegion: 
    Dimension: 3
    Index: [0, 0, 0]
    Size: [160, 240, 256]
  BufferedRegion: 
    Dimension: 3
    Index: [0, 0, 0]
    Size: [160, 240, 256]
  RequestedRegion: 
    Dimension: 3
    Index: [0, 0, 0]
    Size: [160, 240, 256]
  Spacing: [0.999999, 1, 1]
  Origin: [84.1637, 106.709, -120.531]
  Direction: 
-0.999619 -0.0226874 -0.0157033
0.0226846 -0.999743 0.00035635
-0.0157073 -7.8229e-09 0.999877

  IndexToPointMatrix: 
-0.999619 -0.0226874 -0.0157033
0.0226845 -0.999743 0.00035635
-0.0157073 -7.8229e-09 0.999877

  PointToIndexMatrix: 
-0.99962 0.0226846 -0.0157073
-0.0226874 -0.999743 -7.83127e-09
-0.0157033 0.00035635 0.999877

  Inverse Direction: 
-0.999619 0.0226846 -0.0157073
-0.0226874 -0.999743 -7.83127e-09
-0.0157033 0.00035635 0.999877

  PixelContainer: 
    ImportImageContainer (0x46896d0)
      RTTI typeinfo:   itk::ImportImageContainer<unsigned long, double>
      Reference Count: 1
      Modified Time: 1575
      Debug: Off
      Object Name: 
      Observers: 
        none
      Pointer: 0x14d0af6e9010
      Container manages memory: true
      Size: 9830400
      Capacity: 9830400

     Weighting = 1
     Sampling strategy = regular
     Number of bins = 32
     Radius = 4
     Sampling percentage  = 0.25
   Transform = Rigid
     Gradient step = 0.1
     Update field sigma (voxel space) = 0
     Total field sigma (voxel space) = 0
     Update field time sigma = 0
     Total field time sigma  = 0
     Number of time indices = 0
     Number of time point samples = 0
Registration using 1 total stages.

Stage 0
  iterations = 1000x500x250x100
  convergence threshold = 1e-06
  convergence window size = 10
  number of levels = 4
  using the Mattes MI metric (number of bins = 32, weight = 1, use gradient filter = 0)
  preprocessing:  winsorizing the image intensities
  Shrink factors (level 1 out of 4): [8, 8, 8]
  Shrink factors (level 2 out of 4): [4, 4, 4]
  Shrink factors (level 3 out of 4): [2, 2, 2]
  Shrink factors (level 4 out of 4): [1, 1, 1]
  smoothing sigmas per level: [3, 2, 1, 0]
  regular sampling (percentage = 0.25)

*** Running Euler3DTransform registration ***

DIAGNOSTIC,Iteration,metricValue,convergenceValue,ITERATION_TIME_INDEX,SINCE_LAST
 2DIAGNOSTIC,     1, -4.770821406565e-01, 1.797693134862e+308, 7.3122e-01, 7.3122e-01, 
 2DIAGNOSTIC,     2, -4.784216133942e-01, 1.797693134862e+308, 7.3643e-01, 5.2030e-03, 
 2DIAGNOSTIC,     3, -4.807043200681e-01, 1.797693134862e+308, 7.4128e-01, 4.8571e-03, 
 2DIAGNOSTIC,     4, -4.840264478065e-01, 1.797693134862e+308, 7.4597e-01, 4.6852e-03, 
 2DIAGNOSTIC,     5, -4.883050305770e-01, 1.797693134862e+308, 7.5080e-01, 4.8280e-03, 
 2DIAGNOSTIC,     6, -4.953560426371e-01, 1.797693134862e+308, 7.5617e-01, 5.3740e-03, 
 2DIAGNOSTIC,     7, -5.007350570384e-01, 1.797693134862e+308, 7.6079e-01, 4.6139e-03, 
 2DIAGNOSTIC,     8, -5.013278569503e-01, 1.797693134862e+308, 7.6557e-01, 4.7870e-03, 
 2DIAGNOSTIC,     9, -5.085255256006e-01, 1.797693134862e+308, 7.7165e-01, 6.0790e-03, 
 2DIAGNOSTIC,    10, -5.161992633656e-01, 5.125196520979e-03, 7.7876e-01, 7.1089e-03, 
 2DIAGNOSTIC,    11, -5.167072941437e-01, 4.879252931146e-03, 7.8353e-01, 4.7739e-03, 
 2DIAGNOSTIC,    12, -5.203629876260e-01, 4.481282734468e-03, 7.8839e-01, 4.8592e-03, 
 2DIAGNOSTIC,    13, -5.229718709777e-01, 3.958672533579e-03, 7.9323e-01, 4.8361e-03, 
 2DIAGNOSTIC,    14, -5.250338110829e-01, 3.368007801722e-03, 7.9876e-01, 5.5292e-03, 
 2DIAGNOSTIC,    15, -5.272078697647e-01, 2.786121483391e-03, 8.0601e-01, 7.2560e-03, 
 2DIAGNOSTIC,    16, -5.275715603977e-01, 2.284098302163e-03, 8.1100e-01, 4.9889e-03, 
 2DIAGNOSTIC,    17, -5.282507656511e-01, 1.839921123739e-03, 8.1589e-01, 4.8831e-03, 
 2DIAGNOSTIC,    18, -5.289722876065e-01, 1.313912041896e-03, 8.2152e-01, 5.6300e-03, 
 2DIAGNOSTIC,    19, -5.292207410111e-01, 9.370568707342e-04, 8.3191e-01, 1.0396e-02, 
 2DIAGNOSTIC,    20, -5.294476960672e-01, 7.341365573341e-04, 8.3729e-01, 5.3761e-03, 
 2DIAGNOSTIC,    21, -5.294955840903e-01, 4.966190831877e-04, 8.4205e-01, 4.7660e-03, 
 2DIAGNOSTIC,    22, -5.295366245031e-01, 3.281311959338e-04, 8.4734e-01, 5.2810e-03, 
 2DIAGNOSTIC,    23, -5.295376311909e-01, 2.063244245671e-04, 8.5266e-01, 5.3239e-03, 
 2DIAGNOSTIC,    24, -5.295911249027e-01, 1.234508389556e-04, 8.5797e-01, 5.3141e-03, 
 2DIAGNOSTIC,    25, -5.296271130647e-01, 8.499150549821e-05, 8.6334e-01, 5.3689e-03, 
 2DIAGNOSTIC,    26, -5.296539599385e-01, 4.983583932657e-05, 8.6810e-01, 4.7610e-03, 
 2DIAGNOSTIC,    27, -5.297704229811e-01, 2.877322816108e-05, 8.7294e-01, 4.8349e-03, 
 2DIAGNOSTIC,    28, -5.299884954871e-01, 2.504887533262e-05, 8.7951e-01, 6.5730e-03, 
 2DIAGNOSTIC,    29, -5.300854192463e-01, 2.569611953737e-05, 8.8507e-01, 5.5549e-03, 
 2DIAGNOSTIC,    30, -5.300410324622e-01, 2.732899345736e-05, 8.8969e-01, 4.6220e-03, 
 2DIAGNOSTIC,    31, -5.300376932143e-01, 2.724560549718e-05, 8.9442e-01, 4.7362e-03, 
 2DIAGNOSTIC,    32, -5.301686264233e-01, 2.763232919858e-05, 8.9934e-01, 4.9181e-03, 
 2DIAGNOSTIC,    33, -5.303926738418e-01, 2.905769096809e-05, 9.0515e-01, 5.8029e-03, 
 2DIAGNOSTIC,    34, -5.304519664598e-01, 2.945835347814e-05, 9.1093e-01, 5.7809e-03, 
 2DIAGNOSTIC,    35, -5.305073139181e-01, 2.868169327555e-05, 9.1598e-01, 5.0581e-03, 
 2DIAGNOSTIC,    36, -5.305686017146e-01, 2.670517372164e-05, 9.2078e-01, 4.7910e-03, 
 2DIAGNOSTIC,    37, -5.306602858940e-01, 2.533264911308e-05, 9.2731e-01, 6.5398e-03, 
 2DIAGNOSTIC,    38, -5.306881156229e-01, 2.512162424197e-05, 9.3214e-01, 4.8220e-03, 
 2DIAGNOSTIC,    39, -5.307317416633e-01, 2.461885298053e-05, 9.3693e-01, 4.7929e-03, 
 2DIAGNOSTIC,    40, -5.308225091353e-01, 2.257034276010e-05, 9.4710e-01, 1.0169e-02, 
 2DIAGNOSTIC,    41, -5.308460424124e-01, 1.877385526280e-05, 9.5203e-01, 4.9329e-03, 
 2DIAGNOSTIC,    42, -5.308561837321e-01, 1.520831957789e-05, 9.5700e-01, 4.9729e-03, 
 2DIAGNOSTIC,    43, -5.308777649273e-01, 1.355835177782e-05, 9.6179e-01, 4.7829e-03, 
 2DIAGNOSTIC,    44, -5.309114036110e-01, 1.190613944942e-05, 9.6651e-01, 4.7231e-03, 
 2DIAGNOSTIC,    45, -5.310262965518e-01, 1.129423567149e-05, 9.7413e-01, 7.6220e-03, 
 2DIAGNOSTIC,    46, -5.310374074445e-01, 1.049838942517e-05, 9.7888e-01, 4.7431e-03, 
 2DIAGNOSTIC,    47, -5.310434720121e-01, 9.962263454046e-06, 9.8365e-01, 4.7741e-03, 
 2DIAGNOSTIC,    48, -5.310518853633e-01, 8.989886109520e-06, 9.8844e-01, 4.7910e-03, 
 2DIAGNOSTIC,    49, -5.310584329536e-01, 7.783359502873e-06, 9.9431e-01, 5.8699e-03, 
 2DIAGNOSTIC,    50, -5.310645817646e-01, 6.973833584271e-06, 1.0008e+00, 6.5191e-03, 
 2DIAGNOSTIC,    51, -5.310656430617e-01, 5.851695600630e-06, 1.0057e+00, 4.8339e-03, 
 2DIAGNOSTIC,    52, -5.310738190001e-01, 4.481863509841e-06, 1.0110e+00, 5.3351e-03, 
 2DIAGNOSTIC,    53, -5.310768127969e-01, 3.049471521500e-06, 1.0158e+00, 4.7581e-03, 
 2DIAGNOSTIC,    54, -5.310775506016e-01, 1.750844720247e-06, 1.0205e+00, 4.7460e-03, 
 2DIAGNOSTIC,    55, -5.310817434211e-01, 1.565716413108e-06, 1.0252e+00, 4.7441e-03, 
 2DIAGNOSTIC,    56, -5.310870994121e-01, 1.452195857513e-06, 1.0305e+00, 5.2791e-03, 
 2DIAGNOSTIC,    57, -5.310885232962e-01, 1.327089154891e-06, 1.0358e+00, 5.3000e-03, 
 2DIAGNOSTIC,    58, -5.310914487850e-01, 1.238639651031e-06, 1.0411e+00, 5.3129e-03, 
 2DIAGNOSTIC,    59, -5.311015678587e-01, 1.240623596559e-06, 1.0470e+00, 5.8239e-03, 
 2DIAGNOSTIC,    60, -5.311021904297e-01, 1.235244578911e-06, 1.0553e+00, 8.3771e-03, 
 2DIAGNOSTIC,    61, -5.311059901820e-01, 1.204917779090e-06, 1.0709e+00, 1.5567e-02, 
 2DIAGNOSTIC,    62, -5.311059901659e-01, 1.182103197373e-06, 1.0855e+00, 1.4625e-02, 
 2DIAGNOSTIC,    63, -5.311059901659e-01, 1.122797857793e-06, 1.0913e+00, 5.7302e-03, 
 2DIAGNOSTIC,    64, -5.311059901659e-01, 1.011506956514e-06, 1.0969e+00, 5.6331e-03, 
DIAGNOSTIC,Iteration,metricValue,convergenceValue,ITERATION_TIME_INDEX,SINCE_LAST
 2DIAGNOSTIC,     1, -4.295258231625e-01, 1.797693134862e+308, 1.7785e+00, 6.8158e-01, 
 2DIAGNOSTIC,     2, -4.302859640432e-01, 1.797693134862e+308, 1.8073e+00, 2.8828e-02, 
 2DIAGNOSTIC,     3, -4.309651196675e-01, 1.797693134862e+308, 1.8416e+00, 3.4284e-02, 
 2DIAGNOSTIC,     4, -4.317164347764e-01, 1.797693134862e+308, 1.8709e+00, 2.9311e-02, 
 2DIAGNOSTIC,     5, -4.325561938345e-01, 1.797693134862e+308, 1.9026e+00, 3.1697e-02, 
 2DIAGNOSTIC,     6, -4.341819580778e-01, 1.797693134862e+308, 1.9354e+00, 3.2847e-02, 
 2DIAGNOSTIC,     7, -4.354327949460e-01, 1.797693134862e+308, 1.9712e+00, 3.5753e-02, 
 2DIAGNOSTIC,     8, -4.367134834400e-01, 1.797693134862e+308, 2.0033e+00, 3.2149e-02, 
 2DIAGNOSTIC,     9, -4.377076816052e-01, 1.797693134862e+308, 2.0438e+00, 4.0418e-02, 
 2DIAGNOSTIC,    10, -4.379510214292e-01, 1.375954781895e-03, 2.0790e+00, 3.5188e-02, 
 2DIAGNOSTIC,    11, -4.381306699705e-01, 1.211218579670e-03, 2.1128e+00, 3.3863e-02, 
 2DIAGNOSTIC,    12, -4.403708091231e-01, 1.128184042327e-03, 2.1498e+00, 3.7005e-02, 
 2DIAGNOSTIC,    13, -4.435986505909e-01, 1.148562288805e-03, 2.1906e+00, 4.0767e-02, 
 2DIAGNOSTIC,    14, -4.436199448300e-01, 1.094787363642e-03, 2.2222e+00, 3.1597e-02, 
 2DIAGNOSTIC,    15, -4.445052017391e-01, 1.025845794189e-03, 2.2532e+00, 3.1011e-02, 
 2DIAGNOSTIC,    16, -4.479362667346e-01, 1.077370593350e-03, 2.2927e+00, 3.9464e-02, 
 2DIAGNOSTIC,    17, -4.481475950965e-01, 1.073587591762e-03, 2.3226e+00, 2.9944e-02, 
 2DIAGNOSTIC,    18, -4.482020490496e-01, 1.018146304349e-03, 2.3570e+00, 3.4358e-02, 
 2DIAGNOSTIC,    19, -4.481966708772e-01, 9.107728240367e-04, 2.4131e+00, 5.6157e-02, 
 2DIAGNOSTIC,    20, -4.481953336095e-01, 7.394369057506e-04, 2.4427e+00, 2.9623e-02, 
 2DIAGNOSTIC,    21, -4.481954334358e-01, 5.189437698616e-04, 2.4786e+00, 3.5901e-02, 
 2DIAGNOSTIC,    22, -4.482018534034e-01, 3.337448809034e-04, 2.5108e+00, 3.2135e-02, 
 2DIAGNOSTIC,    23, -4.481921491897e-01, 2.259319889664e-04, 2.5398e+00, 2.8998e-02, 
 2DIAGNOSTIC,    24, -4.482074312943e-01, 1.077320614889e-04, 2.5723e+00, 3.2573e-02, 
 2DIAGNOSTIC,    25, -4.482144439011e-01, 9.691655785744e-06, 2.6046e+00, 3.2287e-02, 
 2DIAGNOSTIC,    26, -4.482116709946e-01, 3.273678861444e-06, 2.6369e+00, 3.2265e-02, 
 2DIAGNOSTIC,    27, -4.482088353432e-01, 2.084625243377e-06, 2.6711e+00, 3.4206e-02, 
 2DIAGNOSTIC,    28, -4.482139219810e-01, 2.274302749995e-06, 2.6984e+00, 2.7255e-02, 
 2DIAGNOSTIC,    29, -4.482420866164e-01, 2.842584503074e-06, 2.7313e+00, 3.2912e-02, 
 2DIAGNOSTIC,    30, -4.482455732453e-01, 3.232685070742e-06, 2.7634e+00, 3.2174e-02, 
 2DIAGNOSTIC,    31, -4.482405886204e-01, 3.298136845520e-06, 2.7924e+00, 2.8961e-02, 
 2DIAGNOSTIC,    32, -4.482290914618e-01, 3.068920285218e-06, 2.8209e+00, 2.8477e-02, 
 2DIAGNOSTIC,    33, -4.482261087171e-01, 2.406543077801e-06, 2.8527e+00, 3.1806e-02, 
 2DIAGNOSTIC,    34, -4.482147421003e-01, 1.704267107799e-06, 2.8853e+00, 3.2631e-02, 
 2DIAGNOSTIC,    35, -4.482170221375e-01, 1.142410869931e-06, 2.9137e+00, 2.8350e-02, 
DIAGNOSTIC,Iteration,metricValue,convergenceValue,ITERATION_TIME_INDEX,SINCE_LAST
 2DIAGNOSTIC,     1, -3.932184618410e-01, 1.797693134862e+308, 4.0436e+00, 1.1299e+00, 
 2DIAGNOSTIC,     2, -3.933350080351e-01, 1.797693134862e+308, 4.2816e+00, 2.3799e-01, 
 2DIAGNOSTIC,     3, -3.934316047238e-01, 1.797693134862e+308, 4.5167e+00, 2.3514e-01, 
 2DIAGNOSTIC,     4, -3.934445201190e-01, 1.797693134862e+308, 4.8074e+00, 2.9072e-01, 
 2DIAGNOSTIC,     5, -3.934561040890e-01, 1.797693134862e+308, 5.0896e+00, 2.8211e-01, 
 2DIAGNOSTIC,     6, -3.934557399939e-01, 1.797693134862e+308, 5.4547e+00, 3.6519e-01, 
 2DIAGNOSTIC,     7, -3.934568947384e-01, 1.797693134862e+308, 5.9423e+00, 4.8752e-01, 
 2DIAGNOSTIC,     8, -3.934560026199e-01, 1.797693134862e+308, 6.2830e+00, 3.4070e-01, 
 2DIAGNOSTIC,     9, -3.934553706909e-01, 1.797693134862e+308, 6.6899e+00, 4.0691e-01, 
 2DIAGNOSTIC,    10, -3.934548435291e-01, 2.950388378244e-05, 6.9907e+00, 3.0085e-01, 
 2DIAGNOSTIC,    11, -3.934535150329e-01, 1.251787798173e-05, 7.2932e+00, 3.0250e-01, 
 2DIAGNOSTIC,    12, -3.934529103248e-01, 4.334107519613e-06, 7.5939e+00, 3.0065e-01, 
 2DIAGNOSTIC,    13, -3.934523311812e-01, 2.580302313079e-06, 7.8584e+00, 2.6453e-01, 
 2DIAGNOSTIC,    14, -3.934518640368e-01, 1.691075488738e-06, 8.1561e+00, 2.9768e-01, 
 2DIAGNOSTIC,    15, -3.934519733900e-01, 1.537715195510e-06, 8.3788e+00, 2.2275e-01, 
 2DIAGNOSTIC,    16, -3.934513609017e-01, 1.410839994012e-06, 8.6112e+00, 2.3241e-01, 
 2DIAGNOSTIC,    17, -3.934508379731e-01, 1.380509554429e-06, 8.8707e+00, 2.5949e-01, 
 2DIAGNOSTIC,    18, -3.934502559217e-01, 1.340256897658e-06, 9.0962e+00, 2.2550e-01, 
 2DIAGNOSTIC,    19, -3.934497851212e-01, 1.301860440533e-06, 9.3578e+00, 2.6160e-01, 
 2DIAGNOSTIC,    20, -3.934499621089e-01, 1.290039359107e-06, 9.5875e+00, 2.2971e-01, 
 2DIAGNOSTIC,    21, -3.934502604386e-01, 1.271710272588e-06, 9.8498e+00, 2.6224e-01, 
 2DIAGNOSTIC,    22, -3.934498715055e-01, 1.245514187807e-06, 1.0122e+01, 2.7193e-01, 
 2DIAGNOSTIC,    23, -3.934501306690e-01, 1.231426892734e-06, 1.0395e+01, 2.7286e-01, 
 2DIAGNOSTIC,    24, -3.934495535160e-01, 1.200792348797e-06, 1.0634e+01, 2.3964e-01, 
 2DIAGNOSTIC,    25, -3.934490927072e-01, 1.174527746728e-06, 1.0890e+01, 2.5614e-01, 
 2DIAGNOSTIC,    26, -3.934495815751e-01, 1.156238079870e-06, 1.1168e+01, 2.7746e-01, 
 2DIAGNOSTIC,    27, -3.934510332348e-01, 1.170201593466e-06, 1.1475e+01, 3.0760e-01, 
 2DIAGNOSTIC,    28, -3.934498669718e-01, 1.138213959834e-06, 1.1743e+01, 2.6782e-01, 
 2DIAGNOSTIC,    29, -3.934494067381e-01, 1.086573197549e-06, 1.2001e+01, 2.5760e-01, 
 2DIAGNOSTIC,    30, -3.934490070465e-01, 1.034518185755e-06, 1.2252e+01, 2.5117e-01, 
 2DIAGNOSTIC,    31, -3.934493551683e-01, 1.002859585965e-06, 1.2481e+01, 2.2936e-01, 
 2DIAGNOSTIC,    32, -3.934514388456e-01, 1.012149903439e-06, 1.2755e+01, 2.7377e-01, 
 2DIAGNOSTIC,    33, -3.934519791140e-01, 1.036071938590e-06, 1.2987e+01, 2.3221e-01, 
 2DIAGNOSTIC,    34, -3.934514161516e-01, 1.029042935662e-06, 1.3211e+01, 2.2393e-01, 
 2DIAGNOSTIC,    35, -3.934525147900e-01, 1.027695437954e-06, 1.3483e+01, 2.7212e-01, 
 2DIAGNOSTIC,    36, -3.934539683492e-01, 1.051995592683e-06, 1.3811e+01, 3.2801e-01, 
 2DIAGNOSTIC,    37, -3.934536116936e-01, 1.079271433502e-06, 1.4068e+01, 2.5671e-01, 
 2DIAGNOSTIC,    38, -3.934525130326e-01, 1.042002346158e-06, 1.4337e+01, 2.6937e-01, 
DIAGNOSTIC,Iteration,metricValue,convergenceValue,ITERATION_TIME_INDEX,SINCE_LAST
 2DIAGNOSTIC,     1, -3.660000231733e-01, 1.797693134862e+308, 1.7006e+01, 2.6682e+00, 
 2DIAGNOSTIC,     2, -3.661006044658e-01, 1.797693134862e+308, 1.8700e+01, 1.6943e+00, 
 2DIAGNOSTIC,     3, -3.661940053352e-01, 1.797693134862e+308, 2.0304e+01, 1.6042e+00, 
 2DIAGNOSTIC,     4, -3.662025643834e-01, 1.797693134862e+308, 2.2796e+01, 2.4917e+00, 
 2DIAGNOSTIC,     5, -3.662022977255e-01, 1.797693134862e+308, 2.4600e+01, 1.8045e+00, 
 2DIAGNOSTIC,     6, -3.662022733119e-01, 1.797693134862e+308, 2.6122e+01, 1.5215e+00, 
 2DIAGNOSTIC,     7, -3.662021510278e-01, 1.797693134862e+308, 2.7663e+01, 1.5407e+00, 
 2DIAGNOSTIC,     8, -3.662021104637e-01, 1.797693134862e+308, 2.9357e+01, 1.6947e+00, 
 2DIAGNOSTIC,     9, -3.662019867479e-01, 1.797693134862e+308, 3.0949e+01, 1.5919e+00, 
 2DIAGNOSTIC,    10, -3.662019340536e-01, 2.615307321814e-05, 3.2396e+01, 1.4463e+00, 
 2DIAGNOSTIC,    11, -3.662019021262e-01, 1.049209133798e-05, 3.4054e+01, 1.6581e+00, 
 2DIAGNOSTIC,    12, -3.662017877710e-01, 3.091361733681e-06, 3.5788e+01, 1.7344e+00, 
 2DIAGNOSTIC,    13, -3.662019075555e-01, 2.358435275893e-06, 3.7547e+01, 1.7592e+00, 
 2DIAGNOSTIC,    14, -3.662018586979e-01, 2.210206225720e-06, 3.9072e+01, 1.5249e+00, 
 2DIAGNOSTIC,    15, -3.662018920005e-01, 2.075386433112e-06, 4.0723e+01, 1.6504e+00, 
 2DIAGNOSTIC,    16, -3.662018421247e-01, 1.958104262664e-06, 4.2080e+01, 1.3571e+00, 
 2DIAGNOSTIC,    17, -3.662017315529e-01, 1.846828495126e-06, 4.3438e+01, 1.3582e+00, 
 2DIAGNOSTIC,    18, -3.662016584414e-01, 1.745449650009e-06, 4.4972e+01, 1.5342e+00, 
 2DIAGNOSTIC,    19, -3.662015876196e-01, 1.648798698822e-06, 4.6485e+01, 1.5125e+00, 
 2DIAGNOSTIC,    20, -3.662013732798e-01, 1.553843701992e-06, 4.8082e+01, 1.5974e+00, 
 2DIAGNOSTIC,    21, -3.662013254806e-01, 1.468744419059e-06, 4.9987e+01, 1.9046e+00, 
 2DIAGNOSTIC,    22, -3.662011170233e-01, 1.384171170730e-06, 5.1683e+01, 1.6964e+00, 
 2DIAGNOSTIC,    23, -3.662008967137e-01, 1.309503419346e-06, 5.3246e+01, 1.5626e+00, 
 2DIAGNOSTIC,    24, -3.662008589153e-01, 1.245216048225e-06, 5.4752e+01, 1.5068e+00, 
 2DIAGNOSTIC,    25, -3.662009022397e-01, 1.195923312262e-06, 5.6275e+01, 1.5223e+00, 
 2DIAGNOSTIC,    26, -3.662008588500e-01, 1.154782472562e-06, 5.7602e+01, 1.3275e+00, 
 2DIAGNOSTIC,    27, -3.662010886823e-01, 1.126687617904e-06, 5.9151e+01, 1.5484e+00, 
 2DIAGNOSTIC,    28, -3.662011544872e-01, 1.105168453377e-06, 6.0755e+01, 1.6039e+00, 
 2DIAGNOSTIC,    29, -3.662007271112e-01, 1.074819797511e-06, 6.2478e+01, 1.7236e+00, 
 2DIAGNOSTIC,    30, -3.662006710166e-01, 1.041888246830e-06, 6.4058e+01, 1.5800e+00, 
 2DIAGNOSTIC,    31, -3.662006079323e-01, 1.010052165462e-06, 6.5720e+01, 1.6623e+00, 
  Elapsed time (stage 0): 6.6538e+01


Total elapsed time: 6.6541e+01
Info [verificarlo]: loaded backend libinterflop_ieee.so
Info [interflop-ieee]: load backend with:
Info [interflop-ieee]: debug = false
Info [interflop-ieee]: debug-binary = false
Info [interflop-ieee]: no-backend-name = false
Info [interflop-ieee]: print-new-line = false
Info [interflop-ieee]: print-subnormal-normalized = false
Info [interflop-ieee]: count-op = false
All_Command_lines_OK
Using double precision for computations.
=============================================================================
The composite transform comprises the following transforms (in order): 
  1. /home/mdugre/scratch/mri-registration-rp/datasets/ds004513/derivatives/mri-registration-rp/0001/antsRegistration-r7-p22/sub-s014/rigid_Composite.h5[0] (type = Euler3DTransform)
  2. /home/mdugre/scratch/mri-registration-rp/datasets/ds004513/derivatives/mri-registration-rp/0001/antsRegistration-r7-p22/sub-s014/rigid_Composite.h5[1] (type = Euler3DTransform)
  3. /home/mdugre/scratch/mri-registration-rp/datasets/ds004513/derivatives/mri-registration-rp/0001/antsRegistration-r7-p22/sub-s014/rigid_Composite.h5[2] (type = Euler3DTransform)
=============================================================================
  number of levels = 4
  fixed image: /templateflow/tpl-MNI152NLin2009cAsym/tpl-MNI152NLin2009cAsym_res-01_desc-brain_T1w.nii.gz
  moving image: /home/mdugre/scratch/mri-registration-rp/datasets/ds004513/derivatives/mri-registration-rp/antsBrainExtraction/sub-s014/BrainExtractionBrain.nii.gz
Dimension = 3
Number of stages = 1
Use histogram matching = false
Winsorize image intensities = true
  Lower quantile = 0.005
  Upper quantile = 0.995


Stage 1 State
   Image metric = MattesMI
     Fixed image = Image (0x394d7e0)
  RTTI typeinfo:   itk::Image<double, 3u>
  Reference Count: 2
  Modified Time: 1594
  Debug: Off
  Object Name: 
  Observers: 
    none
  Source: (none)
  Source output name: (none)
  Release Data: Off
  Data Released: False
  Global Release Data: Off
  PipelineMTime: 0
  UpdateMTime: 1203
  RealTimeStamp: 0 seconds 
  LargestPossibleRegion: 
    Dimension: 3
    Index: [0, 0, 0]
    Size: [193, 229, 193]
  BufferedRegion: 
    Dimension: 3
    Index: [0, 0, 0]
    Size: [193, 229, 193]
  RequestedRegion: 
    Dimension: 3
    Index: [0, 0, 0]
    Size: [193, 229, 193]
  Spacing: [1, 1, 1]
  Origin: [96, 132, -78]
  Direction: 
-1 0 0
0 -1 0
0 0 1

  IndexToPointMatrix: 
-1 0 0
0 -1 0
0 0 1

  PointToIndexMatrix: 
-1 0 0
0 -1 0
0 0 1

  Inverse Direction: 
-1 0 0
0 -1 0
0 0 1

  PixelContainer: 
    ImportImageContainer (0x3a0da20)
      RTTI typeinfo:   itk::ImportImageContainer<unsigned long, double>
      Reference Count: 1
      Modified Time: 1200
      Debug: Off
      Object Name: 
      Observers: 
        none
      Pointer: 0x14e040f7b010
      Container manages memory: true
      Size: 8530021
      Capacity: 8530021

     Moving image = Image (0x3a08d70)
  RTTI typeinfo:   itk::Image<double, 3u>
  Reference Count: 2
  Modified Time: 1595
  Debug: Off
  Object Name: 
  Observers: 
    none
  Source: (none)
  Source output name: (none)
  Release Data: Off
  Data Released: False
  Global Release Data: Off
  PipelineMTime: 0
  UpdateMTime: 1592
  RealTimeStamp: 0 seconds 
  LargestPossibleRegion: 
    Dimension: 3
    Index: [0, 0, 0]
    Size: [160, 240, 256]
  BufferedRegion: 
    Dimension: 3
    Index: [0, 0, 0]
    Size: [160, 240, 256]
  RequestedRegion: 
    Dimension: 3
    Index: [0, 0, 0]
    Size: [160, 240, 256]
  Spacing: [0.999999, 1, 1]
  Origin: [84.1637, 106.709, -120.531]
  Direction: 
-0.999619 -0.0226874 -0.0157033
0.0226846 -0.999743 0.00035635
-0.0157073 -7.8229e-09 0.999877

  IndexToPointMatrix: 
-0.999619 -0.0226874 -0.0157033
0.0226845 -0.999743 0.00035635
-0.0157073 -7.8229e-09 0.999877

  PointToIndexMatrix: 
-0.99962 0.0226846 -0.0157073
-0.0226874 -0.999743 -7.83127e-09
-0.0157033 0.00035635 0.999877

  Inverse Direction: 
-0.999619 0.0226846 -0.0157073
-0.0226874 -0.999743 -7.83127e-09
-0.0157033 0.00035635 0.999877

  PixelContainer: 
    ImportImageContainer (0x39c0c90)
      RTTI typeinfo:   itk::ImportImageContainer<unsigned long, double>
      Reference Count: 1
      Modified Time: 1589
      Debug: Off
      Object Name: 
      Observers: 
        none
      Pointer: 0x14e03c47a010
      Container manages memory: true
      Size: 9830400
      Capacity: 9830400

     Weighting = 1
     Sampling strategy = regular
     Number of bins = 32
     Radius = 4
     Sampling percentage  = 0.25
   Transform = Affine
     Gradient step = 0.1
     Update field sigma (voxel space) = 0
     Total field sigma (voxel space) = 0
     Update field time sigma = 0
     Total field time sigma  = 0
     Number of time indices = 0
     Number of time point samples = 0
Registration using 1 total stages.

Stage 0
  iterations = 1000x500x250x100
  convergence threshold = 1e-06
  convergence window size = 10
  number of levels = 4
  using the Mattes MI metric (number of bins = 32, weight = 1, use gradient filter = 0)
  preprocessing:  winsorizing the image intensities
  Shrink factors (level 1 out of 4): [8, 8, 8]
  Shrink factors (level 2 out of 4): [4, 4, 4]
  Shrink factors (level 3 out of 4): [2, 2, 2]
  Shrink factors (level 4 out of 4): [1, 1, 1]
  smoothing sigmas per level: [3, 2, 1, 0]
  regular sampling (percentage = 0.25)

*** Running AffineTransform registration ***

DIAGNOSTIC,Iteration,metricValue,convergenceValue,ITERATION_TIME_INDEX,SINCE_LAST
 2DIAGNOSTIC,     1, -5.239750081275e-01, 1.797693134862e+308, 7.6449e-01, 7.6449e-01, 
 2DIAGNOSTIC,     2, -5.258640011948e-01, 1.797693134862e+308, 7.6997e-01, 5.4848e-03, 
 2DIAGNOSTIC,     3, -5.291088179131e-01, 1.797693134862e+308, 7.7515e-01, 5.1730e-03, 
 2DIAGNOSTIC,     4, -5.347710739739e-01, 1.797693134862e+308, 7.8021e-01, 5.0600e-03, 
 2DIAGNOSTIC,     5, -5.449383435810e-01, 1.797693134862e+308, 7.8534e-01, 5.1320e-03, 
 2DIAGNOSTIC,     6, -6.215306047690e-01, 1.797693134862e+308, 7.9054e-01, 5.2049e-03, 
 2DIAGNOSTIC,     7, -6.633610820660e-01, 1.797693134862e+308, 7.9587e-01, 5.3260e-03, 
 2DIAGNOSTIC,     8, -7.298997342672e-01, 1.797693134862e+308, 8.0334e-01, 7.4682e-03, 
 2DIAGNOSTIC,     9, -7.422520712874e-01, 1.797693134862e+308, 8.0856e-01, 5.2240e-03, 
 2DIAGNOSTIC,    10, -7.541337972078e-01, 2.915590058283e-02, 8.1428e-01, 5.7199e-03, 
 2DIAGNOSTIC,    11, -7.649021677129e-01, 2.764846957827e-02, 8.2046e-01, 6.1841e-03, 
 2DIAGNOSTIC,    12, -7.741613351279e-01, 2.434790677724e-02, 8.2796e-01, 7.4902e-03, 
 2DIAGNOSTIC,    13, -7.770750372328e-01, 1.968341447642e-02, 8.3421e-01, 6.2542e-03, 
 2DIAGNOSTIC,    14, -7.814241431872e-01, 1.436951537751e-02, 8.4014e-01, 5.9271e-03, 
 2DIAGNOSTIC,    15, -7.874240639314e-01, 9.014359633429e-03, 8.4745e-01, 7.3168e-03, 
 2DIAGNOSTIC,    16, -7.920939917328e-01, 5.733376403127e-03, 8.5307e-01, 5.6171e-03, 
 2DIAGNOSTIC,    17, -7.957348665541e-01, 3.442742124575e-03, 8.5879e-01, 5.7189e-03, 
 2DIAGNOSTIC,    18, -8.010582244114e-01, 2.769037750627e-03, 8.6602e-01, 7.2351e-03, 
 2DIAGNOSTIC,    19, -8.020626298826e-01, 2.204713988751e-03, 8.7226e-01, 6.2320e-03, 
 2DIAGNOSTIC,    20, -8.025889229712e-01, 1.748788654753e-03, 8.7811e-01, 5.8520e-03, 
 2DIAGNOSTIC,    21, -8.047952817968e-01, 1.424937597636e-03, 8.8444e-01, 6.3322e-03, 
 2DIAGNOSTIC,    22, -8.088023405629e-01, 1.241478435722e-03, 8.9225e-01, 7.8132e-03, 
 2DIAGNOSTIC,    23, -8.108236109753e-01, 1.042931538752e-03, 8.9775e-01, 5.4951e-03, 
 2DIAGNOSTIC,    24, -8.126166724374e-01, 8.657073745379e-04, 9.0341e-01, 5.6622e-03, 
 2DIAGNOSTIC,    25, -8.155468882518e-01, 7.639963060525e-04, 9.0966e-01, 6.2530e-03, 
 2DIAGNOSTIC,    26, -8.215049585680e-01, 7.575047082548e-04, 9.1517e-01, 5.5060e-03, 
 2DIAGNOSTIC,    27, -8.250944362684e-01, 7.799794869762e-04, 9.2132e-01, 6.1460e-03, 
 2DIAGNOSTIC,    28, -8.289020695604e-01, 8.531733519211e-04, 9.2890e-01, 7.5839e-03, 
 2DIAGNOSTIC,    29, -8.297291454929e-01, 8.656695626445e-04, 9.3434e-01, 5.4410e-03, 
 2DIAGNOSTIC,    30, -8.333795670657e-01, 8.493336092289e-04, 9.3991e-01, 5.5690e-03, 
 2DIAGNOSTIC,    31, -8.366914225852e-01, 8.193723445365e-04, 9.4606e-01, 6.1471e-03, 
 2DIAGNOSTIC,    32, -8.378495200756e-01, 7.741611149787e-04, 9.5152e-01, 5.4681e-03, 
 2DIAGNOSTIC,    33, -8.386469537394e-01, 6.920607922310e-04, 9.5767e-01, 6.1450e-03, 
 2DIAGNOSTIC,    34, -8.393179063405e-01, 5.778658584697e-04, 9.6505e-01, 7.3819e-03, 
 2DIAGNOSTIC,    35, -8.396529355402e-01, 4.499635559775e-04, 9.7051e-01, 5.4591e-03, 
 2DIAGNOSTIC,    36, -8.402321241422e-01, 3.543908851616e-04, 9.7592e-01, 5.4059e-03, 
 2DIAGNOSTIC,    37, -8.406980287799e-01, 2.712190571787e-04, 9.8133e-01, 5.4181e-03, 
 2DIAGNOSTIC,    38, -8.411702596259e-01, 2.097378925568e-04, 9.8803e-01, 6.6981e-03, 
 2DIAGNOSTIC,    39, -8.414254793754e-01, 1.416307946048e-04, 9.9419e-01, 6.1572e-03, 
 2DIAGNOSTIC,    40, -8.415176649236e-01, 9.792462581491e-05, 9.9986e-01, 5.6660e-03, 
 2DIAGNOSTIC,    41, -8.423103264338e-01, 8.421611258223e-05, 1.0059e+00, 6.0809e-03, 
 2DIAGNOSTIC,    42, -8.422560353863e-01, 7.264761750257e-05, 1.0120e+00, 6.0799e-03, 
 2DIAGNOSTIC,    43, -8.424104896275e-01, 6.294460853613e-05, 1.0175e+00, 5.4460e-03, 
 2DIAGNOSTIC,    44, -8.430265857907e-01, 5.860381211138e-05, 1.0338e+00, 1.6335e-02, 
 2DIAGNOSTIC,    45, -8.430265785337e-01, 5.147935047471e-05, 1.0393e+00, 5.5439e-03, 
 2DIAGNOSTIC,    46, -8.430266201629e-01, 4.440424663911e-05, 1.0452e+00, 5.9049e-03, 
 2DIAGNOSTIC,    47, -8.430266905301e-01, 3.709682333767e-05, 1.0507e+00, 5.4231e-03, 
 2DIAGNOSTIC,    48, -8.430268094444e-01, 3.024909405496e-05, 1.0561e+00, 5.4739e-03, 
 2DIAGNOSTIC,    49, -8.430270103327e-01, 2.274099623508e-05, 1.0615e+00, 5.4061e-03, 
 2DIAGNOSTIC,    50, -8.430273494024e-01, 1.395211998868e-05, 1.0669e+00, 5.3790e-03, 
 2DIAGNOSTIC,    51, -8.430279209703e-01, 1.000939278437e-05, 1.0723e+00, 5.3990e-03, 
 2DIAGNOSTIC,    52, -8.430288823790e-01, 4.984248964782e-06, 1.0777e+00, 5.3830e-03, 
DIAGNOSTIC,Iteration,metricValue,convergenceValue,ITERATION_TIME_INDEX,SINCE_LAST
 2DIAGNOSTIC,     1, -6.886317868513e-01, 1.797693134862e+308, 1.8220e+00, 7.4431e-01, 
 2DIAGNOSTIC,     2, -6.892627926399e-01, 1.797693134862e+308, 1.8638e+00, 4.1780e-02, 
 2DIAGNOSTIC,     3, -6.897728807697e-01, 1.797693134862e+308, 1.9035e+00, 3.9709e-02, 
 2DIAGNOSTIC,     4, -6.903063568815e-01, 1.797693134862e+308, 1.9510e+00, 4.7473e-02, 
 2DIAGNOSTIC,     5, -6.913188778877e-01, 1.797693134862e+308, 1.9868e+00, 3.5788e-02, 
 2DIAGNOSTIC,     6, -6.930367392922e-01, 1.797693134862e+308, 2.0295e+00, 4.2716e-02, 
 2DIAGNOSTIC,     7, -6.932234443905e-01, 1.797693134862e+308, 2.0894e+00, 5.9957e-02, 
 2DIAGNOSTIC,     8, -6.932336527541e-01, 1.797693134862e+308, 2.1320e+00, 4.2521e-02, 
 2DIAGNOSTIC,     9, -6.932467626501e-01, 1.797693134862e+308, 2.1695e+00, 3.7567e-02, 
 2DIAGNOSTIC,    10, -6.933497934932e-01, 5.076207978422e-04, 2.2078e+00, 3.8266e-02, 
 2DIAGNOSTIC,    11, -6.934430954008e-01, 3.874157981913e-04, 2.2461e+00, 3.8297e-02, 
 2DIAGNOSTIC,    12, -6.935452079758e-01, 2.778269269376e-04, 2.2848e+00, 3.8719e-02, 
 2DIAGNOSTIC,    13, -6.937248409393e-01, 1.828363101421e-04, 2.3264e+00, 4.1565e-02, 
 2DIAGNOSTIC,    14, -6.937107875887e-01, 1.000573782825e-04, 2.3768e+00, 5.0372e-02, 
 2DIAGNOSTIC,    15, -6.936933380700e-01, 4.542512778008e-05, 2.4182e+00, 4.1421e-02, 
 2DIAGNOSTIC,    16, -6.936610708857e-01, 3.680777899620e-05, 2.4571e+00, 3.8933e-02, 
 2DIAGNOSTIC,    17, -6.936649948620e-01, 3.058665184535e-05, 2.4971e+00, 3.9949e-02, 
 2DIAGNOSTIC,    18, -6.936691457318e-01, 2.269310466588e-05, 2.5398e+00, 4.2787e-02, 
 2DIAGNOSTIC,    19, -6.936244015075e-01, 1.298543022099e-05, 2.5946e+00, 5.4784e-02, 
 2DIAGNOSTIC,    20, -6.936258871562e-01, 5.412376410503e-06, 2.6364e+00, 4.1739e-02, 
DIAGNOSTIC,Iteration,metricValue,convergenceValue,ITERATION_TIME_INDEX,SINCE_LAST
 2DIAGNOSTIC,     1, -5.887421405131e-01, 1.797693134862e+308, 3.7518e+00, 1.1155e+00, 
 2DIAGNOSTIC,     2, -5.893664381009e-01, 1.797693134862e+308, 4.0511e+00, 2.9922e-01, 
 2DIAGNOSTIC,     3, -5.900749369804e-01, 1.797693134862e+308, 4.3660e+00, 3.1494e-01, 
 2DIAGNOSTIC,     4, -5.908735405243e-01, 1.797693134862e+308, 4.6749e+00, 3.0889e-01, 
 2DIAGNOSTIC,     5, -5.919029838684e-01, 1.797693134862e+308, 5.0160e+00, 3.4111e-01, 
 2DIAGNOSTIC,     6, -5.937932114064e-01, 1.797693134862e+308, 5.6238e+00, 6.0778e-01, 
 2DIAGNOSTIC,     7, -5.937915335046e-01, 1.797693134862e+308, 5.9915e+00, 3.6774e-01, 
 2DIAGNOSTIC,     8, -5.937833846436e-01, 1.797693134862e+308, 6.4889e+00, 4.9737e-01, 
 2DIAGNOSTIC,     9, -5.937832341056e-01, 1.797693134862e+308, 6.8913e+00, 4.0245e-01, 
 2DIAGNOSTIC,    10, -5.937840701292e-01, 6.358899168367e-04, 7.2321e+00, 3.4074e-01, 
 2DIAGNOSTIC,    11, -5.937840592876e-01, 4.644610731260e-04, 7.6613e+00, 4.2923e-01, 
 2DIAGNOSTIC,    12, -5.937819483584e-01, 3.051421541686e-04, 8.0815e+00, 4.2024e-01, 
 2DIAGNOSTIC,    13, -5.937813673301e-01, 1.699686055386e-04, 8.4613e+00, 3.7973e-01, 
 2DIAGNOSTIC,    14, -5.937807783699e-01, 6.604590140837e-05, 8.8493e+00, 3.8802e-01, 
 2DIAGNOSTIC,    15, -5.937782944387e-01, 1.283061336024e-06, 9.1852e+00, 3.3589e-01, 
 2DIAGNOSTIC,    16, -5.937778687409e-01, 1.349101239861e-06, 9.5703e+00, 3.8513e-01, 
 2DIAGNOSTIC,    17, -5.937754941573e-01, 1.359446976434e-06, 9.9509e+00, 3.8060e-01, 
 2DIAGNOSTIC,    18, -5.937741927289e-01, 1.166003741900e-06, 1.0336e+01, 3.8511e-01, 
 2DIAGNOSTIC,    19, -5.937739816528e-01, 1.038919963676e-06, 1.0690e+01, 3.5418e-01, 
DIAGNOSTIC,Iteration,metricValue,convergenceValue,ITERATION_TIME_INDEX,SINCE_LAST
