
##########################
# Experiment information #
##########################

EXPERIMENT_NAME: antsRegistration-r7-p10
VFC_BACKENDS: libinterflop_vprec.so --range-binary32=7 --precision-binary32=10 --range-binary64=7 --precision-binary64=10

SIF_IMG: /home/mdugre/projects/rrg-glatard/mdugre/containers/ants-vprec-no_metrics.simg

SUBJECT_ID: s020
INPUT_IMG: /home/mdugre/scratch/mri-registration-rp/datasets/ds004513/derivatives/mri-registration-rp/antsBrainExtraction/sub-s020/BrainExtractionBrain.nii.gz
OUTPUT_DIR: /home/mdugre/scratch/mri-registration-rp/datasets/ds004513/derivatives/mri-registration-rp/0001/antsRegistration-r7-p10/sub-s020

FIXED_IMG: /templateflow/tpl-MNI152NLin2009cAsym/tpl-MNI152NLin2009cAsym_res-01_desc-brain_T1w.nii.gz
DATA_DIR: /home/mdugre/scratch/mri-registration-rp/datasets/ds004513
TEMPLATEFLOW_DIR: /home/mdugre/projects/rrg-glatard/mdugre/templateflow
ITK_GLOBAL_DEFAULT_NUMBER_OF_THREADS: 16
##########################

Info [verificarlo]: loaded backend libinterflop_ieee.so
Info [interflop-ieee]: load backend with:
Info [interflop-ieee]: debug = false
Info [interflop-ieee]: debug-binary = false
Info [interflop-ieee]: no-backend-name = false
Info [interflop-ieee]: print-new-line = false
Info [interflop-ieee]: print-subnormal-normalized = false
Info [interflop-ieee]: count-op = false
All_Command_lines_OK
Using double precision for computations.
=============================================================================
The composite transform comprises the following transforms (in order): 
  1. Center of mass alignment using fixed image: /templateflow/tpl-MNI152NLin2009cAsym/tpl-MNI152NLin2009cAsym_res-01_desc-brain_T1w.nii.gz and moving image: /home/mdugre/scratch/mri-registration-rp/datasets/ds004513/derivatives/mri-registration-rp/antsBrainExtraction/sub-s020/BrainExtractionBrain.nii.gz (type = Euler3DTransform)
=============================================================================
  number of levels = 1
  fixed image: /templateflow/tpl-MNI152NLin2009cAsym/tpl-MNI152NLin2009cAsym_res-01_desc-brain_T1w.nii.gz
  moving image: /home/mdugre/scratch/mri-registration-rp/datasets/ds004513/derivatives/mri-registration-rp/antsBrainExtraction/sub-s020/BrainExtractionBrain.nii.gz
Dimension = 3
Number of stages = 1
Use histogram matching = false
Winsorize image intensities = true
  Lower quantile = 0.005
  Upper quantile = 0.995


Stage 1 State
   Image metric = MattesMI
     Fixed image = Image (0x4c43e70)
  RTTI typeinfo:   itk::Image<double, 3u>
  Reference Count: 2
  Modified Time: 2334
  Debug: Off
  Object Name: 
  Observers: 
    none
  Source: (none)
  Source output name: (none)
  Release Data: Off
  Data Released: False
  Global Release Data: Off
  PipelineMTime: 0
  UpdateMTime: 1943
  RealTimeStamp: 0 seconds 
  LargestPossibleRegion: 
    Dimension: 3
    Index: [0, 0, 0]
    Size: [193, 229, 193]
  BufferedRegion: 
    Dimension: 3
    Index: [0, 0, 0]
    Size: [193, 229, 193]
  RequestedRegion: 
    Dimension: 3
    Index: [0, 0, 0]
    Size: [193, 229, 193]
  Spacing: [1, 1, 1]
  Origin: [96, 132, -78]
  Direction: 
-1 0 0
0 -1 0
0 0 1

  IndexToPointMatrix: 
-1 0 0
0 -1 0
0 0 1

  PointToIndexMatrix: 
-1 0 0
0 -1 0
0 0 1

  Inverse Direction: 
-1 0 0
0 -1 0
0 0 1

  PixelContainer: 
    ImportImageContainer (0x4c4cc60)
      RTTI typeinfo:   itk::ImportImageContainer<unsigned long, double>
      Reference Count: 1
      Modified Time: 1940
      Debug: Off
      Object Name: 
      Observers: 
        none
      Pointer: 0x14fbb873c010
      Container manages memory: true
      Size: 8530021
      Capacity: 8530021

     Moving image = Image (0x4c4f610)
  RTTI typeinfo:   itk::Image<double, 3u>
  Reference Count: 2
  Modified Time: 2335
  Debug: Off
  Object Name: 
  Observers: 
    none
  Source: (none)
  Source output name: (none)
  Release Data: Off
  Data Released: False
  Global Release Data: Off
  PipelineMTime: 0
  UpdateMTime: 2332
  RealTimeStamp: 0 seconds 
  LargestPossibleRegion: 
    Dimension: 3
    Index: [0, 0, 0]
    Size: [160, 240, 256]
  BufferedRegion: 
    Dimension: 3
    Index: [0, 0, 0]
    Size: [160, 240, 256]
  RequestedRegion: 
    Dimension: 3
    Index: [0, 0, 0]
    Size: [160, 240, 256]
  Spacing: [0.999995, 1, 1]
  Origin: [87.0906, 98.7205, -152.377]
  Direction: 
-0.996975 0.0261379 -0.0731913
-0.0260677 -0.999658 -0.00191374
-0.0732163 -2.46403e-08 0.997316

  IndexToPointMatrix: 
-0.996971 0.0261379 -0.0731913
-0.0260676 -0.999658 -0.00191374
-0.0732159 -2.46403e-08 0.997316

  PointToIndexMatrix: 
-0.99698 -0.0260679 -0.0732166
0.0261379 -0.999658 -2.46993e-08
-0.0731913 -0.00191374 0.997316

  Inverse Direction: 
-0.996975 -0.0260677 -0.0732163
0.0261379 -0.999658 -2.46993e-08
-0.0731913 -0.00191374 0.997316

  PixelContainer: 
    ImportImageContainer (0x4ce8ef0)
      RTTI typeinfo:   itk::ImportImageContainer<unsigned long, double>
      Reference Count: 1
      Modified Time: 2329
      Debug: Off
      Object Name: 
      Observers: 
        none
      Pointer: 0x14fbb3c3b010
      Container manages memory: true
      Size: 9830400
      Capacity: 9830400

     Weighting = 1
     Sampling strategy = regular
     Number of bins = 32
     Radius = 4
     Sampling percentage  = 0.25
   Transform = Rigid
     Gradient step = 0.1
     Update field sigma (voxel space) = 0
     Total field sigma (voxel space) = 0
     Update field time sigma = 0
     Total field time sigma  = 0
     Number of time indices = 0
     Number of time point samples = 0
Registration using 1 total stages.

Stage 0
  iterations = 0
  convergence threshold = 1e-06
  convergence window size = 10
  number of levels = 1
  using the Mattes MI metric (number of bins = 32, weight = 1, use gradient filter = 0)
  preprocessing:  winsorizing the image intensities
  Shrink factors (level 1 out of 1): [1, 1, 1]
  smoothing sigmas per level: [0]
  regular sampling (percentage = 0.25)

*** Running Euler3DTransform registration ***

  Elapsed time (stage 0): 1.09512


Total elapsed time: 1.09738
Info [verificarlo]: loaded backend libinterflop_ieee.so
Info [interflop-ieee]: load backend with:
Info [interflop-ieee]: debug = false
Info [interflop-ieee]: debug-binary = false
Info [interflop-ieee]: no-backend-name = false
Info [interflop-ieee]: print-new-line = false
Info [interflop-ieee]: print-subnormal-normalized = false
Info [interflop-ieee]: count-op = false
All_Command_lines_OK
Using double precision for computations.
=============================================================================
The composite transform comprises the following transforms (in order): 
  1. /home/mdugre/scratch/mri-registration-rp/datasets/ds004513/derivatives/mri-registration-rp/0001/antsRegistration-r7-p10/sub-s020/align_Composite.h5[0] (type = Euler3DTransform)
  2. /home/mdugre/scratch/mri-registration-rp/datasets/ds004513/derivatives/mri-registration-rp/0001/antsRegistration-r7-p10/sub-s020/align_Composite.h5[1] (type = Euler3DTransform)
=============================================================================
  number of levels = 4
  fixed image: /templateflow/tpl-MNI152NLin2009cAsym/tpl-MNI152NLin2009cAsym_res-01_desc-brain_T1w.nii.gz
  moving image: /home/mdugre/scratch/mri-registration-rp/datasets/ds004513/derivatives/mri-registration-rp/antsBrainExtraction/sub-s020/BrainExtractionBrain.nii.gz
Dimension = 3
Number of stages = 1
Use histogram matching = false
Winsorize image intensities = true
  Lower quantile = 0.005
  Upper quantile = 0.995


Stage 1 State
   Image metric = MattesMI
     Fixed image = Image (0x33ae530)
  RTTI typeinfo:   itk::Image<double, 3u>
  Reference Count: 2
  Modified Time: 1580
  Debug: Off
  Object Name: 
  Observers: 
    none
  Source: (none)
  Source output name: (none)
  Release Data: Off
  Data Released: False
  Global Release Data: Off
  PipelineMTime: 0
  UpdateMTime: 1189
  RealTimeStamp: 0 seconds 
  LargestPossibleRegion: 
    Dimension: 3
    Index: [0, 0, 0]
    Size: [193, 229, 193]
  BufferedRegion: 
    Dimension: 3
    Index: [0, 0, 0]
    Size: [193, 229, 193]
  RequestedRegion: 
    Dimension: 3
    Index: [0, 0, 0]
    Size: [193, 229, 193]
  Spacing: [1, 1, 1]
  Origin: [96, 132, -78]
  Direction: 
-1 0 0
0 -1 0
0 0 1

  IndexToPointMatrix: 
-1 0 0
0 -1 0
0 0 1

  PointToIndexMatrix: 
-1 0 0
0 -1 0
0 0 1

  Inverse Direction: 
-1 0 0
0 -1 0
0 0 1

  PixelContainer: 
    ImportImageContainer (0x346cd60)
      RTTI typeinfo:   itk::ImportImageContainer<unsigned long, double>
      Reference Count: 1
      Modified Time: 1186
      Debug: Off
      Object Name: 
      Observers: 
        none
      Pointer: 0x14a48f772010
      Container manages memory: true
      Size: 8530021
      Capacity: 8530021

     Moving image = Image (0x345ef60)
  RTTI typeinfo:   itk::Image<double, 3u>
  Reference Count: 2
  Modified Time: 1581
  Debug: Off
  Object Name: 
  Observers: 
    none
  Source: (none)
  Source output name: (none)
  Release Data: Off
  Data Released: False
  Global Release Data: Off
  PipelineMTime: 0
  UpdateMTime: 1578
  RealTimeStamp: 0 seconds 
  LargestPossibleRegion: 
    Dimension: 3
    Index: [0, 0, 0]
    Size: [160, 240, 256]
  BufferedRegion: 
    Dimension: 3
    Index: [0, 0, 0]
    Size: [160, 240, 256]
  RequestedRegion: 
    Dimension: 3
    Index: [0, 0, 0]
    Size: [160, 240, 256]
  Spacing: [0.999995, 1, 1]
  Origin: [87.0906, 98.7205, -152.377]
  Direction: 
-0.996975 0.0261379 -0.0731913
-0.0260677 -0.999658 -0.00191374
-0.0732163 -2.46403e-08 0.997316

  IndexToPointMatrix: 
-0.996971 0.0261379 -0.0731913
-0.0260676 -0.999658 -0.00191374
-0.0732159 -2.46403e-08 0.997316

  PointToIndexMatrix: 
-0.99698 -0.0260679 -0.0732166
0.0261379 -0.999658 -2.46993e-08
-0.0731913 -0.00191374 0.997316

  Inverse Direction: 
-0.996975 -0.0260677 -0.0732163
0.0261379 -0.999658 -2.46993e-08
-0.0731913 -0.00191374 0.997316

  PixelContainer: 
    ImportImageContainer (0x34506d0)
      RTTI typeinfo:   itk::ImportImageContainer<unsigned long, double>
      Reference Count: 1
      Modified Time: 1575
      Debug: Off
      Object Name: 
      Observers: 
        none
      Pointer: 0x14a48ac71010
      Container manages memory: true
      Size: 9830400
      Capacity: 9830400

     Weighting = 1
     Sampling strategy = regular
     Number of bins = 32
     Radius = 4
     Sampling percentage  = 0.25
   Transform = Rigid
     Gradient step = 0.1
     Update field sigma (voxel space) = 0
     Total field sigma (voxel space) = 0
     Update field time sigma = 0
     Total field time sigma  = 0
     Number of time indices = 0
     Number of time point samples = 0
Registration using 1 total stages.

Stage 0
  iterations = 1000x500x250x100
  convergence threshold = 1e-06
  convergence window size = 10
  number of levels = 4
  using the Mattes MI metric (number of bins = 32, weight = 1, use gradient filter = 0)
  preprocessing:  winsorizing the image intensities
  Shrink factors (level 1 out of 4): [8, 8, 8]
  Shrink factors (level 2 out of 4): [4, 4, 4]
  Shrink factors (level 3 out of 4): [2, 2, 2]
  Shrink factors (level 4 out of 4): [1, 1, 1]
  smoothing sigmas per level: [3, 2, 1, 0]
  regular sampling (percentage = 0.25)

*** Running Euler3DTransform registration ***

DIAGNOSTIC,Iteration,metricValue,convergenceValue,ITERATION_TIME_INDEX,SINCE_LAST
 2DIAGNOSTIC,     1, -3.791273390751e-01, 1.797693134862e+308, 6.8219e-01, 6.8219e-01, 
 2DIAGNOSTIC,     2, -3.803606001643e-01, 1.797693134862e+308, 6.8641e-01, 4.2210e-03, 
 2DIAGNOSTIC,     3, -3.828962034719e-01, 1.797693134862e+308, 6.9093e-01, 4.5180e-03, 
 2DIAGNOSTIC,     4, -3.876122532015e-01, 1.797693134862e+308, 6.9491e-01, 3.9790e-03, 
 2DIAGNOSTIC,     5, -3.904935334081e-01, 1.797693134862e+308, 6.9947e-01, 4.5600e-03, 
 2DIAGNOSTIC,     6, -3.911039700181e-01, 1.797693134862e+308, 7.0408e-01, 4.6189e-03, 
 2DIAGNOSTIC,     7, -3.914905453856e-01, 1.797693134862e+308, 7.0810e-01, 4.0150e-03, 
 2DIAGNOSTIC,     8, -3.925629083064e-01, 1.797693134862e+308, 7.1247e-01, 4.3671e-03, 
 2DIAGNOSTIC,     9, -3.981570789235e-01, 1.797693134862e+308, 7.1651e-01, 4.0429e-03, 
 2DIAGNOSTIC,    10, -4.079218556696e-01, 3.866687266231e-03, 7.2231e-01, 5.8010e-03, 
 2DIAGNOSTIC,    11, -4.246779602407e-01, 4.904320352954e-03, 7.2713e-01, 4.8220e-03, 
 2DIAGNOSTIC,    12, -4.297045200929e-01, 5.673254149493e-03, 7.3196e-01, 4.8261e-03, 
 2DIAGNOSTIC,    13, -4.335692915492e-01, 6.156954111553e-03, 7.3800e-01, 6.0470e-03, 
 2DIAGNOSTIC,    14, -4.439932007402e-01, 6.764094567507e-03, 7.4323e-01, 5.2249e-03, 
 2DIAGNOSTIC,    15, -4.466217672841e-01, 6.904768043436e-03, 7.4825e-01, 5.0240e-03, 
 2DIAGNOSTIC,    16, -4.513528166468e-01, 6.619270355136e-03, 7.5244e-01, 4.1881e-03, 
 2DIAGNOSTIC,    17, -4.528511004464e-01, 5.844785648918e-03, 7.5765e-01, 5.2102e-03, 
 2DIAGNOSTIC,    18, -4.555717392017e-01, 4.777374812311e-03, 7.6431e-01, 6.6550e-03, 
 2DIAGNOSTIC,    19, -4.559551124826e-01, 3.601534647308e-03, 7.6911e-01, 4.7989e-03, 
 2DIAGNOSTIC,    20, -4.573565670460e-01, 2.586713908834e-03, 7.7600e-01, 6.8939e-03, 
 2DIAGNOSTIC,    21, -4.575246783580e-01, 1.982965586365e-03, 7.8074e-01, 4.7429e-03, 
 2DIAGNOSTIC,    22, -4.577281739263e-01, 1.415629863295e-03, 7.8559e-01, 4.8430e-03, 
 2DIAGNOSTIC,    23, -4.579446978090e-01, 8.825774380349e-04, 7.9006e-01, 4.4780e-03, 
 2DIAGNOSTIC,    24, -4.580222813687e-01, 6.077343953265e-04, 7.9424e-01, 4.1800e-03, 
 2DIAGNOSTIC,    25, -4.581757169651e-01, 3.715385141696e-04, 7.9865e-01, 4.4091e-03, 
 2DIAGNOSTIC,    26, -4.586250040976e-01, 2.524188778462e-04, 8.0307e-01, 4.4160e-03, 
 2DIAGNOSTIC,    27, -4.589301016852e-01, 1.618940853777e-04, 8.0967e-01, 6.6042e-03, 
 2DIAGNOSTIC,    28, -4.591742016620e-01, 1.333458333378e-04, 8.1483e-01, 5.1560e-03, 
 2DIAGNOSTIC,    29, -4.592825655445e-01, 1.048845722602e-04, 8.2014e-01, 5.3070e-03, 
 2DIAGNOSTIC,    30, -4.597223974643e-01, 1.091335399285e-04, 8.2597e-01, 5.8329e-03, 
 2DIAGNOSTIC,    31, -4.598061074985e-01, 1.078363364076e-04, 8.3030e-01, 4.3321e-03, 
 2DIAGNOSTIC,    32, -4.606669156334e-01, 1.182294901204e-04, 8.3518e-01, 4.8800e-03, 
 2DIAGNOSTIC,    33, -4.610307828981e-01, 1.280762535571e-04, 8.3931e-01, 4.1249e-03, 
 2DIAGNOSTIC,    34, -4.611711434157e-01, 1.295140208437e-04, 8.4333e-01, 4.0262e-03, 
 2DIAGNOSTIC,    35, -4.615315499772e-01, 1.282708035717e-04, 8.4748e-01, 4.1480e-03, 
 2DIAGNOSTIC,    36, -4.621696193213e-01, 1.344507182653e-04, 8.5318e-01, 5.7011e-03, 
 2DIAGNOSTIC,    37, -4.629391187980e-01, 1.460111824202e-04, 8.5739e-01, 4.2050e-03, 
 2DIAGNOSTIC,    38, -4.632882007378e-01, 1.530109397555e-04, 8.6156e-01, 4.1759e-03, 
 2DIAGNOSTIC,    39, -4.639351792100e-01, 1.578230003100e-04, 8.6593e-01, 4.3659e-03, 
 2DIAGNOSTIC,    40, -4.658670592581e-01, 1.858510735386e-04, 8.7031e-01, 4.3812e-03, 
 2DIAGNOSTIC,    41, -4.807763351659e-01, 4.296364067393e-04, 8.7627e-01, 5.9590e-03, 
 2DIAGNOSTIC,    42, -4.857217126795e-01, 7.024877754417e-04, 8.8058e-01, 4.3092e-03, 
 2DIAGNOSTIC,    43, -4.939768571926e-01, 1.023939390513e-03, 8.8548e-01, 4.8990e-03, 
 2DIAGNOSTIC,    44, -5.104935165530e-01, 1.473727632233e-03, 8.9083e-01, 5.3511e-03, 
 2DIAGNOSTIC,    45, -5.160422850143e-01, 1.837996308263e-03, 8.9805e-01, 7.2250e-03, 
 2DIAGNOSTIC,    46, -5.166717623682e-01, 2.024724895838e-03, 9.0220e-01, 4.1502e-03, 
 2DIAGNOSTIC,    47, -5.178174519451e-01, 2.037272527304e-03, 9.0655e-01, 4.3521e-03, 
 2DIAGNOSTIC,    48, -5.189617516611e-01, 1.875568639995e-03, 9.1069e-01, 4.1320e-03, 
 2DIAGNOSTIC,    49, -5.200507196955e-01, 1.562873291460e-03, 9.1483e-01, 4.1389e-03, 
 2DIAGNOSTIC,    50, -5.203494162451e-01, 1.138340360959e-03, 9.1894e-01, 4.1120e-03, 
 2DIAGNOSTIC,    51, -5.204568423866e-01, 8.109972044946e-04, 9.2305e-01, 4.1170e-03, 
 2DIAGNOSTIC,    52, -5.206006297765e-01, 4.821384705700e-04, 9.2780e-01, 4.7421e-03, 
 2DIAGNOSTIC,    53, -5.207398906944e-01, 2.149606119142e-04, 9.3199e-01, 4.1931e-03, 
 2DIAGNOSTIC,    54, -5.209983773668e-01, 1.295445695675e-04, 9.3671e-01, 4.7209e-03, 
 2DIAGNOSTIC,    55, -5.214166560480e-01, 1.024995092456e-04, 9.4315e-01, 6.4440e-03, 
 2DIAGNOSTIC,    56, -5.217966706828e-01, 7.779676057000e-05, 9.4744e-01, 4.2880e-03, 
 2DIAGNOSTIC,    57, -5.222431353078e-01, 6.367486676065e-05, 9.5279e-01, 5.3458e-03, 
 2DIAGNOSTIC,    58, -5.227095883098e-01, 6.079951212318e-05, 9.6014e-01, 7.3540e-03, 
 2DIAGNOSTIC,    59, -5.227326322609e-01, 6.368509448437e-05, 9.6448e-01, 4.3340e-03, 
 2DIAGNOSTIC,    60, -5.228685220473e-01, 6.487931815050e-05, 9.6905e-01, 4.5710e-03, 
 2DIAGNOSTIC,    61, -5.230028619855e-01, 6.223923934016e-05, 9.7347e-01, 4.4229e-03, 
 2DIAGNOSTIC,    62, -5.230725743424e-01, 5.580743516817e-05, 9.7758e-01, 4.1082e-03, 
 2DIAGNOSTIC,    63, -5.230907656559e-01, 4.578014059139e-05, 9.8196e-01, 4.3819e-03, 
 2DIAGNOSTIC,    64, -5.231263370576e-01, 3.454536826567e-05, 9.8607e-01, 4.1089e-03, 
 2DIAGNOSTIC,    65, -5.231936020375e-01, 2.495273373657e-05, 9.9073e-01, 4.6589e-03, 
 2DIAGNOSTIC,    66, -5.233448170850e-01, 1.810630797442e-05, 9.9557e-01, 4.8420e-03, 
 2DIAGNOSTIC,    67, -5.234300569857e-01, 1.445098372110e-05, 1.0012e+00, 5.6510e-03, 
 2DIAGNOSTIC,    68, -5.233420459611e-01, 1.295819565648e-05, 1.0074e+00, 6.1419e-03, 
 2DIAGNOSTIC,    69, -5.233409128833e-01, 1.054189308082e-05, 1.0206e+00, 1.3274e-02, 
 2DIAGNOSTIC,    70, -5.233409125339e-01, 8.367512508742e-06, 1.0247e+00, 4.1010e-03, 
 2DIAGNOSTIC,    71, -5.233409130253e-01, 6.590617078601e-06, 1.0288e+00, 4.0960e-03, 
 2DIAGNOSTIC,    72, -5.233409138561e-01, 4.855788922915e-06, 1.0330e+00, 4.1268e-03, 
 2DIAGNOSTIC,    73, -5.233409152611e-01, 2.929793845047e-06, 1.0371e+00, 4.1120e-03, 
 2DIAGNOSTIC,    74, -5.233409176369e-01, 1.125624002788e-06, 1.0412e+00, 4.0951e-03, 
DIAGNOSTIC,Iteration,metricValue,convergenceValue,ITERATION_TIME_INDEX,SINCE_LAST
 2DIAGNOSTIC,     1, -4.143546319739e-01, 1.797693134862e+308, 1.7291e+00, 6.8798e-01, 
 2DIAGNOSTIC,     2, -4.147899398386e-01, 1.797693134862e+308, 1.7569e+00, 2.7766e-02, 
 2DIAGNOSTIC,     3, -4.153756912283e-01, 1.797693134862e+308, 1.7847e+00, 2.7784e-02, 
 2DIAGNOSTIC,     4, -4.158016795386e-01, 1.797693134862e+308, 1.8143e+00, 2.9643e-02, 
 2DIAGNOSTIC,     5, -4.160763585586e-01, 1.797693134862e+308, 1.8437e+00, 2.9341e-02, 
 2DIAGNOSTIC,     6, -4.162738926438e-01, 1.797693134862e+308, 1.8727e+00, 2.9005e-02, 
 2DIAGNOSTIC,     7, -4.170022179724e-01, 1.797693134862e+308, 1.9054e+00, 3.2726e-02, 
 2DIAGNOSTIC,     8, -4.180302998578e-01, 1.797693134862e+308, 1.9388e+00, 3.3406e-02, 
 2DIAGNOSTIC,     9, -4.188512512427e-01, 1.797693134862e+308, 1.9723e+00, 3.3501e-02, 
 2DIAGNOSTIC,    10, -4.191449822495e-01, 7.397005393885e-04, 2.0038e+00, 3.1447e-02, 
 2DIAGNOSTIC,    11, -4.195540163114e-01, 6.990077691506e-04, 2.0463e+00, 4.2568e-02, 
 2DIAGNOSTIC,    12, -4.196587953686e-01, 6.323418810198e-04, 2.0765e+00, 3.0155e-02, 
 2DIAGNOSTIC,    13, -4.198612144632e-01, 5.592774929909e-04, 2.1034e+00, 2.6900e-02, 
 2DIAGNOSTIC,    14, -4.204394223041e-01, 4.944389560827e-04, 2.1325e+00, 2.9084e-02, 
 2DIAGNOSTIC,    15, -4.209564790159e-01, 4.291744389261e-04, 2.1658e+00, 3.3349e-02, 
 2DIAGNOSTIC,    16, -4.212080407227e-01, 3.517176813785e-04, 2.2037e+00, 3.7849e-02, 
 2DIAGNOSTIC,    17, -4.213071498319e-01, 2.839211549126e-04, 2.2429e+00, 3.9276e-02, 
 2DIAGNOSTIC,    18, -4.213558176466e-01, 2.379024817674e-04, 2.2722e+00, 2.9278e-02, 
 2DIAGNOSTIC,    19, -4.214046695944e-01, 2.056072936078e-04, 2.3044e+00, 3.2146e-02, 
 2DIAGNOSTIC,    20, -4.214881325590e-01, 1.698040500387e-04, 2.3328e+00, 2.8458e-02, 
 2DIAGNOSTIC,    21, -4.215683666917e-01, 1.376208180392e-04, 2.3645e+00, 3.1702e-02, 
 2DIAGNOSTIC,    22, -4.216481993989e-01, 1.015651983558e-04, 2.3987e+00, 3.4133e-02, 
 2DIAGNOSTIC,    23, -4.216324513073e-01, 6.458190566230e-05, 2.4315e+00, 3.2817e-02, 
 2DIAGNOSTIC,    24, -4.216400979894e-01, 4.108106477795e-05, 2.4634e+00, 3.1951e-02, 
 2DIAGNOSTIC,    25, -4.216305255557e-01, 2.933193377930e-05, 2.4957e+00, 3.2239e-02, 
 2DIAGNOSTIC,    26, -4.216417925795e-01, 2.261859382315e-05, 2.5280e+00, 3.2330e-02, 
 2DIAGNOSTIC,    27, -4.216381390396e-01, 1.675284044664e-05, 2.5614e+00, 3.3355e-02, 
 2DIAGNOSTIC,    28, -4.216419998314e-01, 1.113364999080e-05, 2.5913e+00, 2.9925e-02, 
 2DIAGNOSTIC,    29, -4.216682944057e-01, 6.712644359287e-06, 2.6297e+00, 3.8376e-02, 
 2DIAGNOSTIC,    30, -4.216935501356e-01, 4.460500231153e-06, 2.6687e+00, 3.9057e-02, 
 2DIAGNOSTIC,    31, -4.217300808584e-01, 4.521574352101e-06, 2.7089e+00, 4.0141e-02, 
 2DIAGNOSTIC,    32, -4.218269955563e-01, 7.989270592416e-06, 2.7426e+00, 3.3760e-02, 
 2DIAGNOSTIC,    33, -4.223886396898e-01, 2.173420820822e-05, 2.7921e+00, 4.9462e-02, 
 2DIAGNOSTIC,    34, -4.231175515353e-01, 4.706502967933e-05, 2.8342e+00, 4.2167e-02, 
 2DIAGNOSTIC,    35, -4.234505446104e-01, 7.254613643289e-05, 2.8920e+00, 5.7725e-02, 
 2DIAGNOSTIC,    36, -4.235509305801e-01, 9.203607395627e-05, 2.9352e+00, 4.3264e-02, 
 2DIAGNOSTIC,    37, -4.235666245924e-01, 1.021897849506e-04, 2.9707e+00, 3.5446e-02, 
 2DIAGNOSTIC,    38, -4.235660693694e-01, 1.021044495328e-04, 3.0027e+00, 3.2006e-02, 
 2DIAGNOSTIC,    39, -4.235556672263e-01, 9.243303709725e-05, 3.0346e+00, 3.1891e-02, 
 2DIAGNOSTIC,    40, -4.235437879512e-01, 7.475796176089e-05, 3.0628e+00, 2.8239e-02, 
 2DIAGNOSTIC,    41, -4.235472509126e-01, 5.176959518947e-05, 3.0948e+00, 3.1939e-02, 
 2DIAGNOSTIC,    42, -4.235499488071e-01, 2.657084332714e-05, 3.1217e+00, 2.6909e-02, 
 2DIAGNOSTIC,    43, -4.235400157901e-01, 8.511090868881e-06, 3.1482e+00, 2.6540e-02, 
 2DIAGNOSTIC,    44, -4.235460190059e-01, 1.702270675159e-06, 3.1749e+00, 2.6651e-02, 
DIAGNOSTIC,Iteration,metricValue,convergenceValue,ITERATION_TIME_INDEX,SINCE_LAST
 2DIAGNOSTIC,     1, -3.612383741657e-01, 1.797693134862e+308, 4.1508e+00, 9.7593e-01, 
 2DIAGNOSTIC,     2, -3.613252604038e-01, 1.797693134862e+308, 4.3552e+00, 2.0445e-01, 
 2DIAGNOSTIC,     3, -3.613665395498e-01, 1.797693134862e+308, 4.5873e+00, 2.3210e-01, 
 2DIAGNOSTIC,     4, -3.613811171734e-01, 1.797693134862e+308, 4.7943e+00, 2.0692e-01, 
 2DIAGNOSTIC,     5, -3.614048347889e-01, 1.797693134862e+308, 5.0027e+00, 2.0845e-01, 
 2DIAGNOSTIC,     6, -3.615105086354e-01, 1.797693134862e+308, 5.2440e+00, 2.4134e-01, 
 2DIAGNOSTIC,     7, -3.617082880589e-01, 1.797693134862e+308, 5.4488e+00, 2.0474e-01, 
 2DIAGNOSTIC,     8, -3.617413149453e-01, 1.797693134862e+308, 5.6578e+00, 2.0905e-01, 
 2DIAGNOSTIC,     9, -3.618010751703e-01, 1.797693134862e+308, 5.9248e+00, 2.6702e-01, 
 2DIAGNOSTIC,    10, -3.618455686177e-01, 1.176559530948e-04, 6.1893e+00, 2.6442e-01, 
 2DIAGNOSTIC,    11, -3.618478082980e-01, 1.047700800579e-04, 6.3888e+00, 1.9958e-01, 
 2DIAGNOSTIC,    12, -3.618796112824e-01, 9.247426516637e-05, 6.6319e+00, 2.4300e-01, 
 2DIAGNOSTIC,    13, -3.619380530760e-01, 7.998423028749e-05, 6.8687e+00, 2.3680e-01, 
 2DIAGNOSTIC,    14, -3.619530136137e-01, 6.396712957359e-05, 7.1039e+00, 2.3525e-01, 
 2DIAGNOSTIC,    15, -3.619756092966e-01, 4.686605160466e-05, 7.3906e+00, 2.8667e-01, 
 2DIAGNOSTIC,    16, -3.619862210218e-01, 3.330930289530e-05, 7.6534e+00, 2.6286e-01, 
 2DIAGNOSTIC,    17, -3.619832923366e-01, 2.746938190448e-05, 7.8765e+00, 2.2302e-01, 
 2DIAGNOSTIC,    18, -3.619836600986e-01, 2.129680571986e-05, 8.0979e+00, 2.2141e-01, 
 2DIAGNOSTIC,    19, -3.619827051023e-01, 1.634864207720e-05, 8.3342e+00, 2.3633e-01, 
 2DIAGNOSTIC,    20, -3.619806514343e-01, 1.222997220738e-05, 8.6636e+00, 3.2945e-01, 
 2DIAGNOSTIC,    21, -3.619800429724e-01, 7.567715054099e-06, 8.8847e+00, 2.2108e-01, 
 2DIAGNOSTIC,    22, -3.619793455755e-01, 3.834508528325e-06, 9.0816e+00, 1.9685e-01, 
 2DIAGNOSTIC,    23, -3.619775850172e-01, 2.138905013792e-06, 9.3476e+00, 2.6602e-01, 
DIAGNOSTIC,Iteration,metricValue,convergenceValue,ITERATION_TIME_INDEX,SINCE_LAST
 2DIAGNOSTIC,     1, -3.315690262647e-01, 1.797693134862e+308, 1.1778e+01, 2.4301e+00, 
 2DIAGNOSTIC,     2, -3.317499198402e-01, 1.797693134862e+308, 1.3043e+01, 1.2654e+00, 
 2DIAGNOSTIC,     3, -3.319960450255e-01, 1.797693134862e+308, 1.4305e+01, 1.2616e+00, 
 2DIAGNOSTIC,     4, -3.322626279039e-01, 1.797693134862e+308, 1.5615e+01, 1.3104e+00, 
 2DIAGNOSTIC,     5, -3.324600462744e-01, 1.797693134862e+308, 1.6938e+01, 1.3224e+00, 
 2DIAGNOSTIC,     6, -3.325855473551e-01, 1.797693134862e+308, 1.8532e+01, 1.5940e+00, 
 2DIAGNOSTIC,     7, -3.327435654661e-01, 1.797693134862e+308, 2.1923e+01, 3.3918e+00, 
 2DIAGNOSTIC,     8, -3.327432649917e-01, 1.797693134862e+308, 2.3416e+01, 1.4922e+00, 
 2DIAGNOSTIC,     9, -3.327430403533e-01, 1.797693134862e+308, 2.4692e+01, 1.2769e+00, 
 2DIAGNOSTIC,    10, -3.327434626038e-01, 2.436371780608e-04, 2.5982e+01, 1.2896e+00, 
 2DIAGNOSTIC,    11, -3.327445125551e-01, 1.694836987841e-04, 2.7370e+01, 1.3879e+00, 
 2DIAGNOSTIC,    12, -3.327451218085e-01, 1.054269427753e-04, 2.8636e+01, 1.2662e+00, 
 2DIAGNOSTIC,    13, -3.327470034529e-01, 5.801413612007e-05, 2.9935e+01, 1.2990e+00, 
 2DIAGNOSTIC,    14, -3.327487234929e-01, 2.861880273554e-05, 3.1196e+01, 1.2606e+00, 
 2DIAGNOSTIC,    15, -3.327512054817e-01, 1.203418708161e-05, 3.2518e+01, 1.3222e+00, 
 2DIAGNOSTIC,    16, -3.327543381409e-01, 3.242475651297e-06, 3.3781e+01, 1.2634e+00, 
 2DIAGNOSTIC,    17, -3.327583381867e-01, 3.514305088284e-06, 3.5196e+01, 1.4150e+00, 
 2DIAGNOSTIC,    18, -3.327696734995e-01, 4.125891739162e-06, 3.6656e+01, 1.4601e+00, 
 2DIAGNOSTIC,    19, -3.327788781218e-01, 4.846825523493e-06, 3.8538e+01, 1.8819e+00, 
 2DIAGNOSTIC,    20, -3.327789978991e-01, 5.219220477887e-06, 4.0910e+01, 2.3717e+00, 
 2DIAGNOSTIC,    21, -3.327790918613e-01, 5.274843390468e-06, 4.2459e+01, 1.5486e+00, 
 2DIAGNOSTIC,    22, -3.327789430300e-01, 4.993638415579e-06, 4.4091e+01, 1.6323e+00, 
 2DIAGNOSTIC,    23, -3.327789262651e-01, 4.466844073230e-06, 4.5478e+01, 1.3868e+00, 
 2DIAGNOSTIC,    24, -3.327788750605e-01, 3.748480338191e-06, 4.6894e+01, 1.4164e+00, 
 2DIAGNOSTIC,    25, -3.327789098757e-01, 2.949775379943e-06, 4.8535e+01, 1.6406e+00, 
 2DIAGNOSTIC,    26, -3.327788970326e-01, 2.162922461524e-06, 4.9993e+01, 1.4581e+00, 
 2DIAGNOSTIC,    27, -3.327787940575e-01, 1.462639078534e-06, 5.1469e+01, 1.4765e+00, 
 2DIAGNOSTIC,    28, -3.327788174786e-01, 1.124415702186e-06, 5.2908e+01, 1.4388e+00, 
 2DIAGNOSTIC,    29, -3.327786234481e-01, 1.075985625612e-06, 5.4144e+01, 1.2357e+00, 
 2DIAGNOSTIC,    30, -3.327786492136e-01, 1.036927815473e-06, 5.5566e+01, 1.4224e+00, 
 2DIAGNOSTIC,    31, -3.327786720948e-01, 1.005898781999e-06, 5.7011e+01, 1.4451e+00, 
  Elapsed time (stage 0): 5.7817e+01


Total elapsed time: 5.7819e+01
Info [verificarlo]: loaded backend libinterflop_ieee.so
Info [interflop-ieee]: load backend with:
Info [interflop-ieee]: debug = false
Info [interflop-ieee]: debug-binary = false
Info [interflop-ieee]: no-backend-name = false
Info [interflop-ieee]: print-new-line = false
Info [interflop-ieee]: print-subnormal-normalized = false
Info [interflop-ieee]: count-op = false
All_Command_lines_OK
Using double precision for computations.
=============================================================================
The composite transform comprises the following transforms (in order): 
  1. /home/mdugre/scratch/mri-registration-rp/datasets/ds004513/derivatives/mri-registration-rp/0001/antsRegistration-r7-p10/sub-s020/rigid_Composite.h5[0] (type = Euler3DTransform)
  2. /home/mdugre/scratch/mri-registration-rp/datasets/ds004513/derivatives/mri-registration-rp/0001/antsRegistration-r7-p10/sub-s020/rigid_Composite.h5[1] (type = Euler3DTransform)
  3. /home/mdugre/scratch/mri-registration-rp/datasets/ds004513/derivatives/mri-registration-rp/0001/antsRegistration-r7-p10/sub-s020/rigid_Composite.h5[2] (type = Euler3DTransform)
=============================================================================
  number of levels = 4
  fixed image: /templateflow/tpl-MNI152NLin2009cAsym/tpl-MNI152NLin2009cAsym_res-01_desc-brain_T1w.nii.gz
  moving image: /home/mdugre/scratch/mri-registration-rp/datasets/ds004513/derivatives/mri-registration-rp/antsBrainExtraction/sub-s020/BrainExtractionBrain.nii.gz
Dimension = 3
Number of stages = 1
Use histogram matching = false
Winsorize image intensities = true
  Lower quantile = 0.005
  Upper quantile = 0.995


Stage 1 State
   Image metric = MattesMI
     Fixed image = Image (0x4f697e0)
  RTTI typeinfo:   itk::Image<double, 3u>
  Reference Count: 2
  Modified Time: 1594
  Debug: Off
  Object Name: 
  Observers: 
    none
  Source: (none)
  Source output name: (none)
  Release Data: Off
  Data Released: False
  Global Release Data: Off
  PipelineMTime: 0
  UpdateMTime: 1203
  RealTimeStamp: 0 seconds 
  LargestPossibleRegion: 
    Dimension: 3
    Index: [0, 0, 0]
    Size: [193, 229, 193]
  BufferedRegion: 
    Dimension: 3
    Index: [0, 0, 0]
    Size: [193, 229, 193]
  RequestedRegion: 
    Dimension: 3
    Index: [0, 0, 0]
    Size: [193, 229, 193]
  Spacing: [1, 1, 1]
  Origin: [96, 132, -78]
  Direction: 
-1 0 0
0 -1 0
0 0 1

  IndexToPointMatrix: 
-1 0 0
0 -1 0
0 0 1

  PointToIndexMatrix: 
-1 0 0
0 -1 0
0 0 1

  Inverse Direction: 
-1 0 0
0 -1 0
0 0 1

  PixelContainer: 
    ImportImageContainer (0x5029a20)
      RTTI typeinfo:   itk::ImportImageContainer<unsigned long, double>
      Reference Count: 1
      Modified Time: 1200
      Debug: Off
      Object Name: 
      Observers: 
        none
      Pointer: 0x149c99450010
      Container manages memory: true
      Size: 8530021
      Capacity: 8530021

     Moving image = Image (0x5024d70)
  RTTI typeinfo:   itk::Image<double, 3u>
  Reference Count: 2
  Modified Time: 1595
  Debug: Off
  Object Name: 
  Observers: 
    none
  Source: (none)
  Source output name: (none)
  Release Data: Off
  Data Released: False
  Global Release Data: Off
  PipelineMTime: 0
  UpdateMTime: 1592
  RealTimeStamp: 0 seconds 
  LargestPossibleRegion: 
    Dimension: 3
    Index: [0, 0, 0]
    Size: [160, 240, 256]
  BufferedRegion: 
    Dimension: 3
    Index: [0, 0, 0]
    Size: [160, 240, 256]
  RequestedRegion: 
    Dimension: 3
    Index: [0, 0, 0]
    Size: [160, 240, 256]
  Spacing: [0.999995, 1, 1]
  Origin: [87.0906, 98.7205, -152.377]
  Direction: 
-0.996975 0.0261379 -0.0731913
-0.0260677 -0.999658 -0.00191374
-0.0732163 -2.46403e-08 0.997316

  IndexToPointMatrix: 
-0.996971 0.0261379 -0.0731913
-0.0260676 -0.999658 -0.00191374
-0.0732159 -2.46403e-08 0.997316

  PointToIndexMatrix: 
-0.99698 -0.0260679 -0.0732166
0.0261379 -0.999658 -2.46993e-08
-0.0731913 -0.00191374 0.997316

  Inverse Direction: 
-0.996975 -0.0260677 -0.0732163
0.0261379 -0.999658 -2.46993e-08
-0.0731913 -0.00191374 0.997316

  PixelContainer: 
    ImportImageContainer (0x4fdcc90)
      RTTI typeinfo:   itk::ImportImageContainer<unsigned long, double>
      Reference Count: 1
      Modified Time: 1589
      Debug: Off
      Object Name: 
      Observers: 
        none
      Pointer: 0x149c9494f010
      Container manages memory: true
      Size: 9830400
      Capacity: 9830400

     Weighting = 1
     Sampling strategy = regular
     Number of bins = 32
     Radius = 4
     Sampling percentage  = 0.25
   Transform = Affine
     Gradient step = 0.1
     Update field sigma (voxel space) = 0
     Total field sigma (voxel space) = 0
     Update field time sigma = 0
     Total field time sigma  = 0
     Number of time indices = 0
     Number of time point samples = 0
Registration using 1 total stages.

Stage 0
  iterations = 1000x500x250x100
  convergence threshold = 1e-06
  convergence window size = 10
  number of levels = 4
  using the Mattes MI metric (number of bins = 32, weight = 1, use gradient filter = 0)
  preprocessing:  winsorizing the image intensities
  Shrink factors (level 1 out of 4): [8, 8, 8]
  Shrink factors (level 2 out of 4): [4, 4, 4]
  Shrink factors (level 3 out of 4): [2, 2, 2]
  Shrink factors (level 4 out of 4): [1, 1, 1]
  smoothing sigmas per level: [3, 2, 1, 0]
  regular sampling (percentage = 0.25)

*** Running AffineTransform registration ***

DIAGNOSTIC,Iteration,metricValue,convergenceValue,ITERATION_TIME_INDEX,SINCE_LAST
 2DIAGNOSTIC,     1, -5.163545611649e-01, 1.797693134862e+308, 6.8026e-01, 6.8026e-01, 
 2DIAGNOSTIC,     2, -5.178732282011e-01, 1.797693134862e+308, 6.8587e-01, 5.6150e-03, 
 2DIAGNOSTIC,     3, -5.204208732956e-01, 1.797693134862e+308, 6.9231e-01, 6.4430e-03, 
 2DIAGNOSTIC,     4, -5.249450630653e-01, 1.797693134862e+308, 6.9737e-01, 5.0540e-03, 
 2DIAGNOSTIC,     5, -5.377388792373e-01, 1.797693134862e+308, 7.0215e-01, 4.7860e-03, 
 2DIAGNOSTIC,     6, -5.600393721612e-01, 1.797693134862e+308, 7.0714e-01, 4.9839e-03, 
 2DIAGNOSTIC,     7, -5.937644004583e-01, 1.797693134862e+308, 7.1243e-01, 5.2960e-03, 
 2DIAGNOSTIC,     8, -7.045699660325e-01, 1.797693134862e+308, 7.1942e-01, 6.9830e-03, 
 2DIAGNOSTIC,     9, -7.365432261149e-01, 1.797693134862e+308, 7.2498e-01, 5.5630e-03, 
 2DIAGNOSTIC,    10, -7.689686459474e-01, 2.892956709261e-02, 7.3316e-01, 8.1820e-03, 
 2DIAGNOSTIC,    11, -7.823014838272e-01, 2.998826313988e-02, 7.4110e-01, 7.9401e-03, 
 2DIAGNOSTIC,    12, -7.845479329281e-01, 2.831875975878e-02, 7.4689e-01, 5.7859e-03, 
 2DIAGNOSTIC,    13, -7.934080547824e-01, 2.477984756763e-02, 7.5271e-01, 5.8198e-03, 
 2DIAGNOSTIC,    14, -8.061506155180e-01, 2.013197819318e-02, 7.5902e-01, 6.3159e-03, 
 2DIAGNOSTIC,    15, -8.197809695468e-01, 1.517933372594e-02, 7.6498e-01, 5.9552e-03, 
 2DIAGNOSTIC,    16, -8.379118851820e-01, 1.066672524023e-02, 7.7189e-01, 6.9139e-03, 
 2DIAGNOSTIC,    17, -8.527581146657e-01, 6.950506805434e-03, 7.8170e-01, 9.8059e-03, 
 2DIAGNOSTIC,    18, -8.535576984137e-01, 5.631244778291e-03, 7.8745e-01, 5.7480e-03, 
 2DIAGNOSTIC,    19, -8.551420096640e-01, 4.665741172132e-03, 7.9320e-01, 5.7569e-03, 
 2DIAGNOSTIC,    20, -8.569900918342e-01, 4.064978047004e-03, 7.9896e-01, 5.7580e-03, 
 2DIAGNOSTIC,    21, -8.590881037308e-01, 3.444518821657e-03, 8.0653e-01, 7.5700e-03, 
 2DIAGNOSTIC,    22, -8.591199150895e-01, 2.609166850101e-03, 8.1285e-01, 6.3140e-03, 
 2DIAGNOSTIC,    23, -8.591524439461e-01, 1.768914051001e-03, 8.1980e-01, 6.9542e-03, 
 2DIAGNOSTIC,    24, -8.590779790243e-01, 1.050908096353e-03, 8.2539e-01, 5.5909e-03, 
 2DIAGNOSTIC,    25, -8.590127341644e-01, 5.041389502636e-04, 8.3103e-01, 5.6438e-03, 
 2DIAGNOSTIC,    26, -8.588561291742e-01, 2.161530556363e-04, 8.3730e-01, 6.2680e-03, 
 2DIAGNOSTIC,    27, -8.588746509168e-01, 1.415447622612e-04, 8.4355e-01, 6.2480e-03, 
 2DIAGNOSTIC,    28, -8.590428468804e-01, 7.299125175982e-05, 8.4990e-01, 6.3510e-03, 
 2DIAGNOSTIC,    29, -8.588682183912e-01, 2.088608744313e-05, 8.5615e-01, 6.2521e-03, 
DIAGNOSTIC,Iteration,metricValue,convergenceValue,ITERATION_TIME_INDEX,SINCE_LAST
 2DIAGNOSTIC,     1, -7.181423590768e-01, 1.797693134862e+308, 1.6042e+00, 7.4806e-01, 
 2DIAGNOSTIC,     2, -7.192948920582e-01, 1.797693134862e+308, 1.6411e+00, 3.6880e-02, 
 2DIAGNOSTIC,     3, -7.205393374832e-01, 1.797693134862e+308, 1.6861e+00, 4.4969e-02, 
 2DIAGNOSTIC,     4, -7.210496933796e-01, 1.797693134862e+308, 1.7322e+00, 4.6154e-02, 
 2DIAGNOSTIC,     5, -7.210729505405e-01, 1.797693134862e+308, 1.7739e+00, 4.1661e-02, 
 2DIAGNOSTIC,     6, -7.210556702174e-01, 1.797693134862e+308, 1.8201e+00, 4.6197e-02, 
 2DIAGNOSTIC,     7, -7.210413556822e-01, 1.797693134862e+308, 1.8661e+00, 4.6041e-02, 
 2DIAGNOSTIC,     8, -7.210224875662e-01, 1.797693134862e+308, 1.9051e+00, 3.9020e-02, 
 2DIAGNOSTIC,     9, -7.210206987887e-01, 1.797693134862e+308, 1.9398e+00, 3.4615e-02, 
 2DIAGNOSTIC,    10, -7.210121612801e-01, 1.889638047502e-04, 1.9762e+00, 3.6471e-02, 
 2DIAGNOSTIC,    11, -7.210160063492e-01, 7.775721876886e-05, 2.0117e+00, 3.5440e-02, 
 2DIAGNOSTIC,    12, -7.210219269215e-01, 1.550438802421e-05, 2.0464e+00, 3.4684e-02, 
DIAGNOSTIC,Iteration,metricValue,convergenceValue,ITERATION_TIME_INDEX,SINCE_LAST
 2DIAGNOSTIC,     1, -5.952571800620e-01, 1.797693134862e+308, 3.1053e+00, 1.0589e+00, 
 2DIAGNOSTIC,     2, -5.956743526485e-01, 1.797693134862e+308, 3.3672e+00, 2.6193e-01, 
 2DIAGNOSTIC,     3, -5.960292629024e-01, 1.797693134862e+308, 3.6475e+00, 2.8027e-01, 
 2DIAGNOSTIC,     4, -5.963290145296e-01, 1.797693134862e+308, 3.9143e+00, 2.6683e-01, 
 2DIAGNOSTIC,     5, -5.966353391027e-01, 1.797693134862e+308, 4.1515e+00, 2.3715e-01, 
 2DIAGNOSTIC,     6, -5.969643338044e-01, 1.797693134862e+308, 4.4785e+00, 3.2709e-01, 
 2DIAGNOSTIC,     7, -5.970912864347e-01, 1.797693134862e+308, 4.7336e+00, 2.5504e-01, 
 2DIAGNOSTIC,     8, -5.971490520186e-01, 1.797693134862e+308, 4.9839e+00, 2.5027e-01, 
 2DIAGNOSTIC,     9, -5.972400986816e-01, 1.797693134862e+308, 5.2461e+00, 2.6226e-01, 
 2DIAGNOSTIC,    10, -5.973033968547e-01, 2.228296995117e-04, 5.7786e+00, 5.3244e-01, 
 2DIAGNOSTIC,    11, -5.973018230429e-01, 1.605687537321e-04, 6.0509e+00, 2.7237e-01, 
 2DIAGNOSTIC,    12, -5.973032821894e-01, 1.110614941069e-04, 6.3002e+00, 2.4930e-01, 
 2DIAGNOSTIC,    13, -5.973042163672e-01, 7.241413409921e-05, 6.5943e+00, 2.9408e-01, 
 2DIAGNOSTIC,    14, -5.973060194093e-01, 4.303399598324e-05, 6.8567e+00, 2.6236e-01, 
 2DIAGNOSTIC,    15, -5.973064660598e-01, 2.332662410215e-05, 7.0889e+00, 2.3225e-01, 
 2DIAGNOSTIC,    16, -5.973066097784e-01, 1.388680140478e-05, 7.3831e+00, 2.9421e-01, 
 2DIAGNOSTIC,    17, -5.973063187707e-01, 8.024413195085e-06, 7.6529e+00, 2.6978e-01, 
 2DIAGNOSTIC,    18, -5.973047453948e-01, 3.682145750222e-06, 7.8872e+00, 2.3431e-01, 
 2DIAGNOSTIC,    19, -5.973037379015e-01, 1.831097842526e-06, 8.1595e+00, 2.7234e-01, 
 2DIAGNOSTIC,    20, -5.973044695166e-01, 1.676693828216e-06, 8.4635e+00, 3.0398e-01, 
 2DIAGNOSTIC,    21, -5.973045405929e-01, 1.493570398220e-06, 8.7524e+00, 2.8887e-01, 
 2DIAGNOSTIC,    22, -5.973031316989e-01, 1.330316697648e-06, 9.0224e+00, 2.7000e-01, 
 2DIAGNOSTIC,    23, -5.973029046118e-01, 1.207631691487e-06, 9.2531e+00, 2.3069e-01, 
 2DIAGNOSTIC,    24, -5.973007966304e-01, 1.105541585521e-06, 9.5515e+00, 2.9844e-01, 
 2DIAGNOSTIC,    25, -5.973028879268e-01, 1.080515483996e-06, 9.8950e+00, 3.4346e-01, 
 2DIAGNOSTIC,    26, -5.973015459782e-01, 1.051484804074e-06, 1.0193e+01, 2.9821e-01, 
 2DIAGNOSTIC,    27, -5.972994939424e-01, 1.001285398539e-06, 1.0493e+01, 2.9964e-01, 
DIAGNOSTIC,Iteration,metricValue,convergenceValue,ITERATION_TIME_INDEX,SINCE_LAST
 2DIAGNOSTIC,     1, -5.297156927151e-01, 1.797693134862e+308, 1.3606e+01, 3.1129e+00, 
 2DIAGNOSTIC,     2, -5.300041161868e-01, 1.797693134862e+308, 1.5427e+01, 1.8216e+00, 
 2DIAGNOSTIC,     3, -5.302967442764e-01, 1.797693134862e+308, 1.7354e+01, 1.9269e+00, 
 2DIAGNOSTIC,     4, -5.305500973576e-01, 1.797693134862e+308, 1.9288e+01, 1.9341e+00, 
 2DIAGNOSTIC,     5, -5.310279120852e-01, 1.797693134862e+308, 2.3954e+01, 4.6655e+00, 
 2DIAGNOSTIC,     6, -5.310279674167e-01, 1.797693134862e+308, 2.6242e+01, 2.2887e+00, 
 2DIAGNOSTIC,     7, -5.310276619811e-01, 1.797693134862e+308, 2.8224e+01, 1.9820e+00, 
 2DIAGNOSTIC,     8, -5.310274763831e-01, 1.797693134862e+308, 3.0141e+01, 1.9162e+00, 
 2DIAGNOSTIC,     9, -5.310272819956e-01, 1.797693134862e+308, 3.1899e+01, 1.7583e+00, 
 2DIAGNOSTIC,    10, -5.310271326522e-01, 1.607063242083e-04, 3.3934e+01, 2.0354e+00, 
 2DIAGNOSTIC,    11, -5.310271130051e-01, 1.000622108934e-04, 3.5830e+01, 1.8962e+00, 
 2DIAGNOSTIC,    12, -5.310267944521e-01, 5.378547115421e-05, 3.7562e+01, 1.7315e+00, 
 2DIAGNOSTIC,    13, -5.310267842000e-01, 2.200697552841e-05, 3.9680e+01, 2.1180e+00, 
 2DIAGNOSTIC,    14, -5.310268611129e-01, 2.162758618418e-06, 4.1601e+01, 1.9215e+00, 
 2DIAGNOSTIC,    15, -5.310266579737e-01, 2.024299079376e-06, 4.3659e+01, 2.0578e+00, 
 2DIAGNOSTIC,    16, -5.310266089035e-01, 1.912688517902e-06, 4.5734e+01, 2.0746e+00, 
 2DIAGNOSTIC,    17, -5.310264454808e-01, 1.806664002783e-06, 4.7601e+01, 1.8667e+00, 
 2DIAGNOSTIC,    18, -5.310262565502e-01, 1.707469000675e-06, 4.9552e+01, 1.9512e+00, 
