
##########################
# Experiment information #
##########################

EXPERIMENT_NAME: antsRegistration-r7-p8
VFC_BACKENDS: libinterflop_vprec.so --range-binary32=7 --precision-binary32=8 --range-binary64=7 --precision-binary64=8

SIF_IMG: /home/mdugre/projects/rrg-glatard/mdugre/containers/ants-vprec-no_metrics.simg

SUBJECT_ID: s014
INPUT_IMG: /home/mdugre/scratch/mri-registration-rp/datasets/ds004513/derivatives/mri-registration-rp/antsBrainExtraction/sub-s014/BrainExtractionBrain.nii.gz
OUTPUT_DIR: /home/mdugre/scratch/mri-registration-rp/datasets/ds004513/derivatives/mri-registration-rp/0001/antsRegistration-r7-p8/sub-s014

FIXED_IMG: /templateflow/tpl-MNI152NLin2009cAsym/tpl-MNI152NLin2009cAsym_res-01_desc-brain_T1w.nii.gz
DATA_DIR: /home/mdugre/scratch/mri-registration-rp/datasets/ds004513
TEMPLATEFLOW_DIR: /home/mdugre/projects/rrg-glatard/mdugre/templateflow
ITK_GLOBAL_DEFAULT_NUMBER_OF_THREADS: 16
##########################

Info [verificarlo]: loaded backend libinterflop_ieee.so
Info [interflop-ieee]: load backend with:
Info [interflop-ieee]: debug = false
Info [interflop-ieee]: debug-binary = false
Info [interflop-ieee]: no-backend-name = false
Info [interflop-ieee]: print-new-line = false
Info [interflop-ieee]: print-subnormal-normalized = false
Info [interflop-ieee]: count-op = false
All_Command_lines_OK
Using double precision for computations.
=============================================================================
The composite transform comprises the following transforms (in order): 
  1. Center of mass alignment using fixed image: /templateflow/tpl-MNI152NLin2009cAsym/tpl-MNI152NLin2009cAsym_res-01_desc-brain_T1w.nii.gz and moving image: /home/mdugre/scratch/mri-registration-rp/datasets/ds004513/derivatives/mri-registration-rp/antsBrainExtraction/sub-s014/BrainExtractionBrain.nii.gz (type = Euler3DTransform)
=============================================================================
  number of levels = 1
  fixed image: /templateflow/tpl-MNI152NLin2009cAsym/tpl-MNI152NLin2009cAsym_res-01_desc-brain_T1w.nii.gz
  moving image: /home/mdugre/scratch/mri-registration-rp/datasets/ds004513/derivatives/mri-registration-rp/antsBrainExtraction/sub-s014/BrainExtractionBrain.nii.gz
Dimension = 3
Number of stages = 1
Use histogram matching = false
Winsorize image intensities = true
  Lower quantile = 0.005
  Upper quantile = 0.995


Stage 1 State
   Image metric = MattesMI
     Fixed image = Image (0x4464bd0)
  RTTI typeinfo:   itk::Image<double, 3u>
  Reference Count: 2
  Modified Time: 2334
  Debug: Off
  Object Name: 
  Observers: 
    none
  Source: (none)
  Source output name: (none)
  Release Data: Off
  Data Released: False
  Global Release Data: Off
  PipelineMTime: 0
  UpdateMTime: 1943
  RealTimeStamp: 0 seconds 
  LargestPossibleRegion: 
    Dimension: 3
    Index: [0, 0, 0]
    Size: [193, 229, 193]
  BufferedRegion: 
    Dimension: 3
    Index: [0, 0, 0]
    Size: [193, 229, 193]
  RequestedRegion: 
    Dimension: 3
    Index: [0, 0, 0]
    Size: [193, 229, 193]
  Spacing: [1, 1, 1]
  Origin: [96, 132, -78]
  Direction: 
-1 0 0
0 -1 0
0 0 1

  IndexToPointMatrix: 
-1 0 0
0 -1 0
0 0 1

  PointToIndexMatrix: 
-1 0 0
0 -1 0
0 0 1

  Inverse Direction: 
-1 0 0
0 -1 0
0 0 1

  PixelContainer: 
    ImportImageContainer (0x44bc930)
      RTTI typeinfo:   itk::ImportImageContainer<unsigned long, double>
      Reference Count: 1
      Modified Time: 1940
      Debug: Off
      Object Name: 
      Observers: 
        none
      Pointer: 0x148cf0006010
      Container manages memory: true
      Size: 8530021
      Capacity: 8530021

     Moving image = Image (0x4554610)
  RTTI typeinfo:   itk::Image<double, 3u>
  Reference Count: 2
  Modified Time: 2335
  Debug: Off
  Object Name: 
  Observers: 
    none
  Source: (none)
  Source output name: (none)
  Release Data: Off
  Data Released: False
  Global Release Data: Off
  PipelineMTime: 0
  UpdateMTime: 2332
  RealTimeStamp: 0 seconds 
  LargestPossibleRegion: 
    Dimension: 3
    Index: [0, 0, 0]
    Size: [160, 240, 256]
  BufferedRegion: 
    Dimension: 3
    Index: [0, 0, 0]
    Size: [160, 240, 256]
  RequestedRegion: 
    Dimension: 3
    Index: [0, 0, 0]
    Size: [160, 240, 256]
  Spacing: [0.999999, 1, 1]
  Origin: [84.1637, 106.709, -120.531]
  Direction: 
-0.999619 -0.0226874 -0.0157033
0.0226846 -0.999743 0.00035635
-0.0157073 -7.8229e-09 0.999877

  IndexToPointMatrix: 
-0.999619 -0.0226874 -0.0157033
0.0226845 -0.999743 0.00035635
-0.0157073 -7.8229e-09 0.999877

  PointToIndexMatrix: 
-0.99962 0.0226846 -0.0157073
-0.0226874 -0.999743 -7.83127e-09
-0.0157033 0.00035635 0.999877

  Inverse Direction: 
-0.999619 0.0226846 -0.0157073
-0.0226874 -0.999743 -7.83127e-09
-0.0157033 0.00035635 0.999877

  PixelContainer: 
    ImportImageContainer (0x4494850)
      RTTI typeinfo:   itk::ImportImageContainer<unsigned long, double>
      Reference Count: 1
      Modified Time: 2329
      Debug: Off
      Object Name: 
      Observers: 
        none
      Pointer: 0x148ceb505010
      Container manages memory: true
      Size: 9830400
      Capacity: 9830400

     Weighting = 1
     Sampling strategy = regular
     Number of bins = 32
     Radius = 4
     Sampling percentage  = 0.25
   Transform = Rigid
     Gradient step = 0.1
     Update field sigma (voxel space) = 0
     Total field sigma (voxel space) = 0
     Update field time sigma = 0
     Total field time sigma  = 0
     Number of time indices = 0
     Number of time point samples = 0
Registration using 1 total stages.

Stage 0
  iterations = 0
  convergence threshold = 1e-06
  convergence window size = 10
  number of levels = 1
  using the Mattes MI metric (number of bins = 32, weight = 1, use gradient filter = 0)
  preprocessing:  winsorizing the image intensities
  Shrink factors (level 1 out of 1): [1, 1, 1]
  smoothing sigmas per level: [0]
  regular sampling (percentage = 0.25)

*** Running Euler3DTransform registration ***

  Elapsed time (stage 0): 1.10788


Total elapsed time: 1.11001
Info [verificarlo]: loaded backend libinterflop_ieee.so
Info [interflop-ieee]: load backend with:
Info [interflop-ieee]: debug = false
Info [interflop-ieee]: debug-binary = false
Info [interflop-ieee]: no-backend-name = false
Info [interflop-ieee]: print-new-line = false
Info [interflop-ieee]: print-subnormal-normalized = false
Info [interflop-ieee]: count-op = false
All_Command_lines_OK
Using double precision for computations.
=============================================================================
The composite transform comprises the following transforms (in order): 
  1. /home/mdugre/scratch/mri-registration-rp/datasets/ds004513/derivatives/mri-registration-rp/0001/antsRegistration-r7-p8/sub-s014/align_Composite.h5[0] (type = Euler3DTransform)
  2. /home/mdugre/scratch/mri-registration-rp/datasets/ds004513/derivatives/mri-registration-rp/0001/antsRegistration-r7-p8/sub-s014/align_Composite.h5[1] (type = Euler3DTransform)
=============================================================================
  number of levels = 4
  fixed image: /templateflow/tpl-MNI152NLin2009cAsym/tpl-MNI152NLin2009cAsym_res-01_desc-brain_T1w.nii.gz
  moving image: /home/mdugre/scratch/mri-registration-rp/datasets/ds004513/derivatives/mri-registration-rp/antsBrainExtraction/sub-s014/BrainExtractionBrain.nii.gz
Dimension = 3
Number of stages = 1
Use histogram matching = false
Winsorize image intensities = true
  Lower quantile = 0.005
  Upper quantile = 0.995


Stage 1 State
   Image metric = MattesMI
     Fixed image = Image (0x36fe530)
  RTTI typeinfo:   itk::Image<double, 3u>
  Reference Count: 2
  Modified Time: 1580
  Debug: Off
  Object Name: 
  Observers: 
    none
  Source: (none)
  Source output name: (none)
  Release Data: Off
  Data Released: False
  Global Release Data: Off
  PipelineMTime: 0
  UpdateMTime: 1189
  RealTimeStamp: 0 seconds 
  LargestPossibleRegion: 
    Dimension: 3
    Index: [0, 0, 0]
    Size: [193, 229, 193]
  BufferedRegion: 
    Dimension: 3
    Index: [0, 0, 0]
    Size: [193, 229, 193]
  RequestedRegion: 
    Dimension: 3
    Index: [0, 0, 0]
    Size: [193, 229, 193]
  Spacing: [1, 1, 1]
  Origin: [96, 132, -78]
  Direction: 
-1 0 0
0 -1 0
0 0 1

  IndexToPointMatrix: 
-1 0 0
0 -1 0
0 0 1

  PointToIndexMatrix: 
-1 0 0
0 -1 0
0 0 1

  Inverse Direction: 
-1 0 0
0 -1 0
0 0 1

  PixelContainer: 
    ImportImageContainer (0x37bcd60)
      RTTI typeinfo:   itk::ImportImageContainer<unsigned long, double>
      Reference Count: 1
      Modified Time: 1186
      Debug: Off
      Object Name: 
      Observers: 
        none
      Pointer: 0x15227be68010
      Container manages memory: true
      Size: 8530021
      Capacity: 8530021

     Moving image = Image (0x37aef60)
  RTTI typeinfo:   itk::Image<double, 3u>
  Reference Count: 2
  Modified Time: 1581
  Debug: Off
  Object Name: 
  Observers: 
    none
  Source: (none)
  Source output name: (none)
  Release Data: Off
  Data Released: False
  Global Release Data: Off
  PipelineMTime: 0
  UpdateMTime: 1578
  RealTimeStamp: 0 seconds 
  LargestPossibleRegion: 
    Dimension: 3
    Index: [0, 0, 0]
    Size: [160, 240, 256]
  BufferedRegion: 
    Dimension: 3
    Index: [0, 0, 0]
    Size: [160, 240, 256]
  RequestedRegion: 
    Dimension: 3
    Index: [0, 0, 0]
    Size: [160, 240, 256]
  Spacing: [0.999999, 1, 1]
  Origin: [84.1637, 106.709, -120.531]
  Direction: 
-0.999619 -0.0226874 -0.0157033
0.0226846 -0.999743 0.00035635
-0.0157073 -7.8229e-09 0.999877

  IndexToPointMatrix: 
-0.999619 -0.0226874 -0.0157033
0.0226845 -0.999743 0.00035635
-0.0157073 -7.8229e-09 0.999877

  PointToIndexMatrix: 
-0.99962 0.0226846 -0.0157073
-0.0226874 -0.999743 -7.83127e-09
-0.0157033 0.00035635 0.999877

  Inverse Direction: 
-0.999619 0.0226846 -0.0157073
-0.0226874 -0.999743 -7.83127e-09
-0.0157033 0.00035635 0.999877

  PixelContainer: 
    ImportImageContainer (0x37a06d0)
      RTTI typeinfo:   itk::ImportImageContainer<unsigned long, double>
      Reference Count: 1
      Modified Time: 1575
      Debug: Off
      Object Name: 
      Observers: 
        none
      Pointer: 0x152277367010
      Container manages memory: true
      Size: 9830400
      Capacity: 9830400

     Weighting = 1
     Sampling strategy = regular
     Number of bins = 32
     Radius = 4
     Sampling percentage  = 0.25
   Transform = Rigid
     Gradient step = 0.1
     Update field sigma (voxel space) = 0
     Total field sigma (voxel space) = 0
     Update field time sigma = 0
     Total field time sigma  = 0
     Number of time indices = 0
     Number of time point samples = 0
Registration using 1 total stages.

Stage 0
  iterations = 1000x500x250x100
  convergence threshold = 1e-06
  convergence window size = 10
  number of levels = 4
  using the Mattes MI metric (number of bins = 32, weight = 1, use gradient filter = 0)
  preprocessing:  winsorizing the image intensities
  Shrink factors (level 1 out of 4): [8, 8, 8]
  Shrink factors (level 2 out of 4): [4, 4, 4]
  Shrink factors (level 3 out of 4): [2, 2, 2]
  Shrink factors (level 4 out of 4): [1, 1, 1]
  smoothing sigmas per level: [3, 2, 1, 0]
  regular sampling (percentage = 0.25)

*** Running Euler3DTransform registration ***

DIAGNOSTIC,Iteration,metricValue,convergenceValue,ITERATION_TIME_INDEX,SINCE_LAST
 2DIAGNOSTIC,     1, -4.770821406565e-01, 1.797693134862e+308, 9.1122e-01, 9.1122e-01, 
 2DIAGNOSTIC,     2, -4.784216133942e-01, 1.797693134862e+308, 9.1634e-01, 5.1191e-03, 
 2DIAGNOSTIC,     3, -4.807043200681e-01, 1.797693134862e+308, 9.2098e-01, 4.6461e-03, 
 2DIAGNOSTIC,     4, -4.840264478065e-01, 1.797693134862e+308, 9.2584e-01, 4.8621e-03, 
 2DIAGNOSTIC,     5, -4.883050305770e-01, 1.797693134862e+308, 9.3123e-01, 5.3821e-03, 
 2DIAGNOSTIC,     6, -4.953560426371e-01, 1.797693134862e+308, 9.3653e-01, 5.3031e-03, 
 2DIAGNOSTIC,     7, -5.007350570384e-01, 1.797693134862e+308, 9.4095e-01, 4.4260e-03, 
 2DIAGNOSTIC,     8, -5.013278569503e-01, 1.797693134862e+308, 9.4600e-01, 5.0499e-03, 
 2DIAGNOSTIC,     9, -5.085255256006e-01, 1.797693134862e+308, 9.5236e-01, 6.3539e-03, 
 2DIAGNOSTIC,    10, -5.161992633656e-01, 5.125196520979e-03, 9.5934e-01, 6.9818e-03, 
 2DIAGNOSTIC,    11, -5.167072941437e-01, 4.879252931146e-03, 9.6391e-01, 4.5660e-03, 
 2DIAGNOSTIC,    12, -5.203629876260e-01, 4.481282734469e-03, 9.6899e-01, 5.0850e-03, 
 2DIAGNOSTIC,    13, -5.229718709777e-01, 3.958672533580e-03, 9.7376e-01, 4.7719e-03, 
 2DIAGNOSTIC,    14, -5.250338110829e-01, 3.368007801723e-03, 9.7951e-01, 5.7502e-03, 
 2DIAGNOSTIC,    15, -5.272078697648e-01, 2.786121483393e-03, 9.8682e-01, 7.3080e-03, 
 2DIAGNOSTIC,    16, -5.275715603978e-01, 2.284098302166e-03, 9.9189e-01, 5.0709e-03, 
 2DIAGNOSTIC,    17, -5.282507656511e-01, 1.839921123742e-03, 9.9773e-01, 5.8331e-03, 
 2DIAGNOSTIC,    18, -5.289722876066e-01, 1.313912041899e-03, 1.0034e+00, 5.6250e-03, 
 2DIAGNOSTIC,    19, -5.292207410111e-01, 9.370568707358e-04, 1.0092e+00, 5.8491e-03, 
 2DIAGNOSTIC,    20, -5.294476960672e-01, 7.341365573343e-04, 1.0147e+00, 5.5020e-03, 
 2DIAGNOSTIC,    21, -5.294955840903e-01, 4.966190831868e-04, 1.0206e+00, 5.8870e-03, 
 2DIAGNOSTIC,    22, -5.295366245031e-01, 3.281311959320e-04, 1.0258e+00, 5.2271e-03, 
 2DIAGNOSTIC,    23, -5.295376311909e-01, 2.063244245648e-04, 1.0317e+00, 5.9140e-03, 
 2DIAGNOSTIC,    24, -5.295911249027e-01, 1.234508389531e-04, 1.0368e+00, 5.0910e-03, 
 2DIAGNOSTIC,    25, -5.296271130648e-01, 8.499150549789e-05, 1.0419e+00, 5.0578e-03, 
 2DIAGNOSTIC,    26, -5.296539599384e-01, 4.983583932642e-05, 1.0466e+00, 4.7500e-03, 
 2DIAGNOSTIC,    27, -5.297704229810e-01, 2.877322816036e-05, 1.0515e+00, 4.8320e-03, 
 2DIAGNOSTIC,    28, -5.299884954869e-01, 2.504887532814e-05, 1.0586e+00, 7.1371e-03, 
 2DIAGNOSTIC,    29, -5.300854192462e-01, 2.569611953316e-05, 1.0644e+00, 5.7571e-03, 
 2DIAGNOSTIC,    30, -5.300410324622e-01, 2.732899345356e-05, 1.0693e+00, 4.9181e-03, 
 2DIAGNOSTIC,    31, -5.300376932142e-01, 2.724560549374e-05, 1.0744e+00, 5.1000e-03, 
 2DIAGNOSTIC,    32, -5.301686264233e-01, 2.763232919709e-05, 1.0792e+00, 4.8399e-03, 
 2DIAGNOSTIC,    33, -5.303926738419e-01, 2.905769097013e-05, 1.0851e+00, 5.8880e-03, 
 2DIAGNOSTIC,    34, -5.304519664599e-01, 2.945835348295e-05, 1.0910e+00, 5.8560e-03, 
 2DIAGNOSTIC,    35, -5.305073139182e-01, 2.868169328349e-05, 1.0964e+00, 5.4181e-03, 
 2DIAGNOSTIC,    36, -5.305686017147e-01, 2.670517373026e-05, 1.1011e+00, 4.7519e-03, 
 2DIAGNOSTIC,    37, -5.306602858941e-01, 2.533264912133e-05, 1.1077e+00, 6.6159e-03, 
 2DIAGNOSTIC,    38, -5.306881156230e-01, 2.512162424675e-05, 1.1127e+00, 4.9291e-03, 
 2DIAGNOSTIC,    39, -5.307317416634e-01, 2.461885298404e-05, 1.1183e+00, 5.6410e-03, 
 2DIAGNOSTIC,    40, -5.308225091354e-01, 2.257034276186e-05, 1.1259e+00, 7.5450e-03, 
 2DIAGNOSTIC,    41, -5.308460424125e-01, 1.877385526197e-05, 1.1307e+00, 4.8499e-03, 
 2DIAGNOSTIC,    42, -5.308561837321e-01, 1.520831957557e-05, 1.1355e+00, 4.8370e-03, 
 2DIAGNOSTIC,    43, -5.308777649274e-01, 1.355835177541e-05, 1.1407e+00, 5.1589e-03, 
 2DIAGNOSTIC,    44, -5.309114036111e-01, 1.190613944699e-05, 1.1452e+00, 4.5180e-03, 
 2DIAGNOSTIC,    45, -5.310262965518e-01, 1.129423566901e-05, 1.1533e+00, 8.0421e-03, 
 2DIAGNOSTIC,    46, -5.310374074445e-01, 1.049838942273e-05, 1.1578e+00, 4.4901e-03, 
 2DIAGNOSTIC,    47, -5.310434720121e-01, 9.962263452051e-06, 1.1629e+00, 5.1200e-03, 
 2DIAGNOSTIC,    48, -5.310518853633e-01, 8.989886107921e-06, 1.1676e+00, 4.6878e-03, 
 2DIAGNOSTIC,    49, -5.310584329536e-01, 7.783359501676e-06, 1.1733e+00, 5.7762e-03, 
 2DIAGNOSTIC,    50, -5.310645817646e-01, 6.973833583397e-06, 1.1798e+00, 6.4731e-03, 
 2DIAGNOSTIC,    51, -5.310656430618e-01, 5.851695599763e-06, 1.1845e+00, 4.7109e-03, 
 2DIAGNOSTIC,    52, -5.310738190002e-01, 4.481863509122e-06, 1.1898e+00, 5.2969e-03, 
 2DIAGNOSTIC,    53, -5.310768127969e-01, 3.049471520966e-06, 1.1945e+00, 4.6890e-03, 
 2DIAGNOSTIC,    54, -5.310775506016e-01, 1.750844719869e-06, 1.1996e+00, 5.0581e-03, 
 2DIAGNOSTIC,    55, -5.310817434211e-01, 1.565716412823e-06, 1.2043e+00, 4.7250e-03, 
 2DIAGNOSTIC,    56, -5.310870994121e-01, 1.452195857319e-06, 1.2095e+00, 5.2309e-03, 
 2DIAGNOSTIC,    57, -5.310885232962e-01, 1.327089154776e-06, 1.2148e+00, 5.2760e-03, 
 2DIAGNOSTIC,    58, -5.310914487850e-01, 1.238639650965e-06, 1.2200e+00, 5.2249e-03, 
 2DIAGNOSTIC,    59, -5.311015678587e-01, 1.240623596507e-06, 1.2259e+00, 5.8732e-03, 
 2DIAGNOSTIC,    60, -5.311021904297e-01, 1.235244578887e-06, 1.2307e+00, 4.7700e-03, 
 2DIAGNOSTIC,    61, -5.311059901820e-01, 1.204917779083e-06, 1.2454e+00, 1.4725e-02, 
 2DIAGNOSTIC,    62, -5.311059901659e-01, 1.182103197359e-06, 1.2671e+00, 2.1698e-02, 
 2DIAGNOSTIC,    63, -5.311059901659e-01, 1.122797857762e-06, 1.2735e+00, 6.4058e-03, 
 2DIAGNOSTIC,    64, -5.311059901659e-01, 1.011506956448e-06, 1.2789e+00, 5.4410e-03, 
DIAGNOSTIC,Iteration,metricValue,convergenceValue,ITERATION_TIME_INDEX,SINCE_LAST
 2DIAGNOSTIC,     1, -4.295258231625e-01, 1.797693134862e+308, 1.9814e+00, 7.0245e-01, 
 2DIAGNOSTIC,     2, -4.302859640431e-01, 1.797693134862e+308, 2.0104e+00, 2.9026e-02, 
 2DIAGNOSTIC,     3, -4.309651196675e-01, 1.797693134862e+308, 2.0390e+00, 2.8631e-02, 
 2DIAGNOSTIC,     4, -4.317164347764e-01, 1.797693134862e+308, 2.0661e+00, 2.7094e-02, 
 2DIAGNOSTIC,     5, -4.325561938345e-01, 1.797693134862e+308, 2.0946e+00, 2.8417e-02, 
 2DIAGNOSTIC,     6, -4.341819580778e-01, 1.797693134862e+308, 2.1262e+00, 3.1654e-02, 
 2DIAGNOSTIC,     7, -4.354327949460e-01, 1.797693134862e+308, 2.1562e+00, 2.9979e-02, 
 2DIAGNOSTIC,     8, -4.367134834400e-01, 1.797693134862e+308, 2.1891e+00, 3.2950e-02, 
 2DIAGNOSTIC,     9, -4.377076816052e-01, 1.797693134862e+308, 2.2269e+00, 3.7723e-02, 
 2DIAGNOSTIC,    10, -4.379510214292e-01, 1.375954781893e-03, 2.2542e+00, 2.7370e-02, 
 2DIAGNOSTIC,    11, -4.381306699705e-01, 1.211218579672e-03, 2.2817e+00, 2.7481e-02, 
 2DIAGNOSTIC,    12, -4.403708091230e-01, 1.128184042322e-03, 2.3137e+00, 3.1995e-02, 
 2DIAGNOSTIC,    13, -4.435986505921e-01, 1.148562288865e-03, 2.3479e+00, 3.4152e-02, 
 2DIAGNOSTIC,    14, -4.436199448350e-01, 1.094787363923e-03, 2.3753e+00, 2.7438e-02, 
 2DIAGNOSTIC,    15, -4.445052017659e-01, 1.025845795576e-03, 2.4053e+00, 3.0023e-02, 
 2DIAGNOSTIC,    16, -4.479362667394e-01, 1.077370594661e-03, 2.4422e+00, 3.6911e-02, 
 2DIAGNOSTIC,    17, -4.481475950968e-01, 1.073587592750e-03, 2.4693e+00, 2.7097e-02, 
 2DIAGNOSTIC,    18, -4.482020490532e-01, 1.018146305084e-03, 2.4983e+00, 2.9003e-02, 
 2DIAGNOSTIC,    19, -4.481966708811e-01, 9.107728244657e-04, 2.5480e+00, 4.9666e-02, 
 2DIAGNOSTIC,    20, -4.481953336154e-01, 7.394369059207e-04, 2.5734e+00, 2.5440e-02, 
 2DIAGNOSTIC,    21, -4.481954334384e-01, 5.189437696919e-04, 2.6088e+00, 3.5393e-02, 
 2DIAGNOSTIC,    22, -4.482018534058e-01, 3.337448804476e-04, 2.6378e+00, 2.9018e-02, 
 2DIAGNOSTIC,    23, -4.481921491916e-01, 2.259319883119e-04, 2.6630e+00, 2.5190e-02, 
 2DIAGNOSTIC,    24, -4.482074312945e-01, 1.077320607381e-04, 2.6952e+00, 3.2201e-02, 
 2DIAGNOSTIC,    25, -4.482144438996e-01, 9.691655553673e-06, 2.7250e+00, 2.9769e-02, 
 2DIAGNOSTIC,    26, -4.482116709911e-01, 3.273678540014e-06, 2.7513e+00, 2.6273e-02, 
 2DIAGNOSTIC,    27, -4.482088353386e-01, 2.084624736338e-06, 2.7812e+00, 2.9909e-02, 
 2DIAGNOSTIC,    28, -4.482139219760e-01, 2.274302183941e-06, 2.8096e+00, 2.8389e-02, 
 2DIAGNOSTIC,    29, -4.482420866101e-01, 2.842583912831e-06, 2.8390e+00, 2.9424e-02, 
 2DIAGNOSTIC,    30, -4.482455732382e-01, 3.232684542116e-06, 2.8722e+00, 3.3152e-02, 
 2DIAGNOSTIC,    31, -4.482405886131e-01, 3.298136351637e-06, 2.8999e+00, 2.7766e-02, 
 2DIAGNOSTIC,    32, -4.482290914543e-01, 3.068919860814e-06, 2.9252e+00, 2.5269e-02, 
 2DIAGNOSTIC,    33, -4.482261087103e-01, 2.406542764365e-06, 2.9541e+00, 2.8904e-02, 
 2DIAGNOSTIC,    34, -4.482147420937e-01, 1.704266897835e-06, 2.9840e+00, 2.9880e-02, 
 2DIAGNOSTIC,    35, -4.482170221309e-01, 1.142410748552e-06, 3.0092e+00, 2.5196e-02, 
DIAGNOSTIC,Iteration,metricValue,convergenceValue,ITERATION_TIME_INDEX,SINCE_LAST
 2DIAGNOSTIC,     1, -3.932184618308e-01, 1.797693134862e+308, 4.0683e+00, 1.0592e+00, 
 2DIAGNOSTIC,     2, -3.933350080260e-01, 1.797693134862e+308, 4.2602e+00, 1.9188e-01, 
 2DIAGNOSTIC,     3, -3.934316047170e-01, 1.797693134862e+308, 4.4482e+00, 1.8796e-01, 
 2DIAGNOSTIC,     4, -3.934445201091e-01, 1.797693134862e+308, 4.7039e+00, 2.5576e-01, 
 2DIAGNOSTIC,     5, -3.934561040786e-01, 1.797693134862e+308, 4.9287e+00, 2.2474e-01, 
 2DIAGNOSTIC,     6, -3.934557399832e-01, 1.797693134862e+308, 5.2031e+00, 2.7443e-01, 
 2DIAGNOSTIC,     7, -3.934568947275e-01, 1.797693134862e+308, 5.6015e+00, 3.9834e-01, 
 2DIAGNOSTIC,     8, -3.934560026091e-01, 1.797693134862e+308, 5.8291e+00, 2.2769e-01, 
 2DIAGNOSTIC,     9, -3.934553706799e-01, 1.797693134862e+308, 6.1072e+00, 2.7806e-01, 
 2DIAGNOSTIC,    10, -3.934548435182e-01, 2.950388337375e-05, 6.3468e+00, 2.3961e-01, 
 2DIAGNOSTIC,    11, -3.934535150220e-01, 1.251787756171e-05, 6.5713e+00, 2.2451e-01, 
 2DIAGNOSTIC,    12, -3.934529103140e-01, 4.334107191334e-06, 6.8268e+00, 2.5548e-01, 
 2DIAGNOSTIC,    13, -3.934523311703e-01, 2.580302224317e-06, 7.0430e+00, 2.1618e-01, 
 2DIAGNOSTIC,    14, -3.934518640260e-01, 1.691075460386e-06, 7.3058e+00, 2.6280e-01, 
 2DIAGNOSTIC,    15, -3.934519733792e-01, 1.537715198341e-06, 7.5140e+00, 2.0819e-01, 
 2DIAGNOSTIC,    16, -3.934513608910e-01, 1.410840010874e-06, 7.7281e+00, 2.1410e-01, 
 2DIAGNOSTIC,    17, -3.934508379624e-01, 1.380509577931e-06, 7.9559e+00, 2.2781e-01, 
 2DIAGNOSTIC,    18, -3.934502559111e-01, 1.340256929237e-06, 8.1785e+00, 2.2258e-01, 
 2DIAGNOSTIC,    19, -3.934497851106e-01, 1.301860470045e-06, 8.4206e+00, 2.4213e-01, 
 2DIAGNOSTIC,    20, -3.934499620983e-01, 1.290039386009e-06, 8.6331e+00, 2.1255e-01, 
 2DIAGNOSTIC,    21, -3.934502604280e-01, 1.271710296624e-06, 8.8671e+00, 2.3399e-01, 
 2DIAGNOSTIC,    22, -3.934498714949e-01, 1.245514207646e-06, 9.1115e+00, 2.4436e-01, 
 2DIAGNOSTIC,    23, -3.934501306585e-01, 1.231426908999e-06, 9.3280e+00, 2.1652e-01, 
 2DIAGNOSTIC,    24, -3.934495535055e-01, 1.200792361711e-06, 9.5424e+00, 2.1435e-01, 
 2DIAGNOSTIC,    25, -3.934490926967e-01, 1.174527753993e-06, 9.7601e+00, 2.1771e-01, 
 2DIAGNOSTIC,    26, -3.934495815644e-01, 1.156238081758e-06, 9.9961e+00, 2.3607e-01, 
 2DIAGNOSTIC,    27, -3.934510332240e-01, 1.170201589858e-06, 1.0256e+01, 2.5959e-01, 
 2DIAGNOSTIC,    28, -3.934498669611e-01, 1.138213954074e-06, 1.0493e+01, 2.3728e-01, 
 2DIAGNOSTIC,    29, -3.934494067273e-01, 1.086573187037e-06, 1.0727e+01, 2.3371e-01, 
 2DIAGNOSTIC,    30, -3.934490070354e-01, 1.034518164765e-06, 1.0952e+01, 2.2554e-01, 
 2DIAGNOSTIC,    31, -3.934493551573e-01, 1.002859558161e-06, 1.1153e+01, 2.0109e-01, 
 2DIAGNOSTIC,    32, -3.934514388347e-01, 1.012149874594e-06, 1.1373e+01, 2.1989e-01, 
 2DIAGNOSTIC,    33, -3.934519791029e-01, 1.036071908198e-06, 1.1577e+01, 2.0332e-01, 
 2DIAGNOSTIC,    34, -3.934514161405e-01, 1.029042907025e-06, 1.1804e+01, 2.2732e-01, 
 2DIAGNOSTIC,    35, -3.934525147787e-01, 1.027695409238e-06, 1.2029e+01, 2.2515e-01, 
 2DIAGNOSTIC,    36, -3.934539683379e-01, 1.051995565396e-06, 1.2317e+01, 2.8749e-01, 
 2DIAGNOSTIC,    37, -3.934536116823e-01, 1.079271409077e-06, 1.2577e+01, 2.6000e-01, 
 2DIAGNOSTIC,    38, -3.934525130213e-01, 1.042002327308e-06, 1.2828e+01, 2.5110e-01, 
DIAGNOSTIC,Iteration,metricValue,convergenceValue,ITERATION_TIME_INDEX,SINCE_LAST
 2DIAGNOSTIC,     1, -3.660000231666e-01, 1.797693134862e+308, 1.5381e+01, 2.5535e+00, 
 2DIAGNOSTIC,     2, -3.661006044597e-01, 1.797693134862e+308, 1.7005e+01, 1.6240e+00, 
 2DIAGNOSTIC,     3, -3.661940053315e-01, 1.797693134862e+308, 1.8623e+01, 1.6179e+00, 
 2DIAGNOSTIC,     4, -3.662025643808e-01, 1.797693134862e+308, 2.1335e+01, 2.7123e+00, 
 2DIAGNOSTIC,     5, -3.662022977229e-01, 1.797693134862e+308, 2.3128e+01, 1.7930e+00, 
 2DIAGNOSTIC,     6, -3.662022733093e-01, 1.797693134862e+308, 2.4625e+01, 1.4972e+00, 
 2DIAGNOSTIC,     7, -3.662021510252e-01, 1.797693134862e+308, 2.6127e+01, 1.5016e+00, 
 2DIAGNOSTIC,     8, -3.662021104612e-01, 1.797693134862e+308, 2.7641e+01, 1.5143e+00, 
 2DIAGNOSTIC,     9, -3.662019867454e-01, 1.797693134862e+308, 2.9083e+01, 1.4413e+00, 
 2DIAGNOSTIC,    10, -3.662019340512e-01, 2.615307386285e-05, 3.0371e+01, 1.2880e+00, 
 2DIAGNOSTIC,    11, -3.662019021237e-01, 1.049209168419e-05, 3.1836e+01, 1.4656e+00, 
 2DIAGNOSTIC,    12, -3.662017877685e-01, 3.091361833546e-06, 3.3518e+01, 1.6815e+00, 
 2DIAGNOSTIC,    13, -3.662019075530e-01, 2.358435299818e-06, 3.5192e+01, 1.6744e+00, 
 2DIAGNOSTIC,    14, -3.662018586954e-01, 2.210206243636e-06, 3.6778e+01, 1.5856e+00, 
 2DIAGNOSTIC,    15, -3.662018919980e-01, 2.075386444922e-06, 3.8350e+01, 1.5723e+00, 
 2DIAGNOSTIC,    16, -3.662018421223e-01, 1.958104269562e-06, 3.9830e+01, 1.4802e+00, 
 2DIAGNOSTIC,    17, -3.662017315505e-01, 1.846828498714e-06, 4.1156e+01, 1.3260e+00, 
 2DIAGNOSTIC,    18, -3.662016584390e-01, 1.745449654311e-06, 4.2700e+01, 1.5440e+00, 
 2DIAGNOSTIC,    19, -3.662015876170e-01, 1.648798699780e-06, 4.4155e+01, 1.4543e+00, 
 2DIAGNOSTIC,    20, -3.662013732771e-01, 1.553843694581e-06, 4.5768e+01, 1.6136e+00, 
 2DIAGNOSTIC,    21, -3.662013254780e-01, 1.468744409455e-06, 4.7595e+01, 1.8273e+00, 
 2DIAGNOSTIC,    22, -3.662011170207e-01, 1.384171159802e-06, 4.9104e+01, 1.5081e+00, 
 2DIAGNOSTIC,    23, -3.662008967108e-01, 1.309503397634e-06, 5.0413e+01, 1.3098e+00, 
 2DIAGNOSTIC,    24, -3.662008589125e-01, 1.245216020684e-06, 5.2025e+01, 1.6121e+00, 
 2DIAGNOSTIC,    25, -3.662009022369e-01, 1.195923283057e-06, 5.3479e+01, 1.4535e+00, 
 2DIAGNOSTIC,    26, -3.662008588472e-01, 1.154782445154e-06, 5.4785e+01, 1.3058e+00, 
 2DIAGNOSTIC,    27, -3.662010886795e-01, 1.126687595429e-06, 5.6231e+01, 1.4467e+00, 
 2DIAGNOSTIC,    28, -3.662011544843e-01, 1.105168435503e-06, 5.7692e+01, 1.4607e+00, 
 2DIAGNOSTIC,    29, -3.662007271083e-01, 1.074819783238e-06, 5.9299e+01, 1.6065e+00, 
 2DIAGNOSTIC,    30, -3.662006710137e-01, 1.041888234438e-06, 6.0765e+01, 1.4661e+00, 
 2DIAGNOSTIC,    31, -3.662006079295e-01, 1.010052158454e-06, 6.2278e+01, 1.5133e+00, 
  Elapsed time (stage 0): 6.3076e+01


Total elapsed time: 6.3078e+01
Info [verificarlo]: loaded backend libinterflop_ieee.so
Info [interflop-ieee]: load backend with:
Info [interflop-ieee]: debug = false
Info [interflop-ieee]: debug-binary = false
Info [interflop-ieee]: no-backend-name = false
Info [interflop-ieee]: print-new-line = false
Info [interflop-ieee]: print-subnormal-normalized = false
Info [interflop-ieee]: count-op = false
All_Command_lines_OK
Using double precision for computations.
=============================================================================
The composite transform comprises the following transforms (in order): 
  1. /home/mdugre/scratch/mri-registration-rp/datasets/ds004513/derivatives/mri-registration-rp/0001/antsRegistration-r7-p8/sub-s014/rigid_Composite.h5[0] (type = Euler3DTransform)
  2. /home/mdugre/scratch/mri-registration-rp/datasets/ds004513/derivatives/mri-registration-rp/0001/antsRegistration-r7-p8/sub-s014/rigid_Composite.h5[1] (type = Euler3DTransform)
  3. /home/mdugre/scratch/mri-registration-rp/datasets/ds004513/derivatives/mri-registration-rp/0001/antsRegistration-r7-p8/sub-s014/rigid_Composite.h5[2] (type = Euler3DTransform)
=============================================================================
  number of levels = 4
  fixed image: /templateflow/tpl-MNI152NLin2009cAsym/tpl-MNI152NLin2009cAsym_res-01_desc-brain_T1w.nii.gz
  moving image: /home/mdugre/scratch/mri-registration-rp/datasets/ds004513/derivatives/mri-registration-rp/antsBrainExtraction/sub-s014/BrainExtractionBrain.nii.gz
Dimension = 3
Number of stages = 1
Use histogram matching = false
Winsorize image intensities = true
  Lower quantile = 0.005
  Upper quantile = 0.995


Stage 1 State
   Image metric = MattesMI
     Fixed image = Image (0x3b8f530)
  RTTI typeinfo:   itk::Image<double, 3u>
  Reference Count: 2
  Modified Time: 1594
  Debug: Off
  Object Name: 
  Observers: 
    none
  Source: (none)
  Source output name: (none)
  Release Data: Off
  Data Released: False
  Global Release Data: Off
  PipelineMTime: 0
  UpdateMTime: 1203
  RealTimeStamp: 0 seconds 
  LargestPossibleRegion: 
    Dimension: 3
    Index: [0, 0, 0]
    Size: [193, 229, 193]
  BufferedRegion: 
    Dimension: 3
    Index: [0, 0, 0]
    Size: [193, 229, 193]
  RequestedRegion: 
    Dimension: 3
    Index: [0, 0, 0]
    Size: [193, 229, 193]
  Spacing: [1, 1, 1]
  Origin: [96, 132, -78]
  Direction: 
-1 0 0
0 -1 0
0 0 1

  IndexToPointMatrix: 
-1 0 0
0 -1 0
0 0 1

  PointToIndexMatrix: 
-1 0 0
0 -1 0
0 0 1

  Inverse Direction: 
-1 0 0
0 -1 0
0 0 1

  PixelContainer: 
    ImportImageContainer (0x3c482a0)
      RTTI typeinfo:   itk::ImportImageContainer<unsigned long, double>
      Reference Count: 1
      Modified Time: 1200
      Debug: Off
      Object Name: 
      Observers: 
        none
      Pointer: 0x146164a05010
      Container manages memory: true
      Size: 8530021
      Capacity: 8530021

     Moving image = Image (0x3c4ae60)
  RTTI typeinfo:   itk::Image<double, 3u>
  Reference Count: 2
  Modified Time: 1595
  Debug: Off
  Object Name: 
  Observers: 
    none
  Source: (none)
  Source output name: (none)
  Release Data: Off
  Data Released: False
  Global Release Data: Off
  PipelineMTime: 0
  UpdateMTime: 1592
  RealTimeStamp: 0 seconds 
  LargestPossibleRegion: 
    Dimension: 3
    Index: [0, 0, 0]
    Size: [160, 240, 256]
  BufferedRegion: 
    Dimension: 3
    Index: [0, 0, 0]
    Size: [160, 240, 256]
  RequestedRegion: 
    Dimension: 3
    Index: [0, 0, 0]
    Size: [160, 240, 256]
  Spacing: [0.999999, 1, 1]
  Origin: [84.1637, 106.709, -120.531]
  Direction: 
-0.999619 -0.0226874 -0.0157033
0.0226846 -0.999743 0.00035635
-0.0157073 -7.8229e-09 0.999877

  IndexToPointMatrix: 
-0.999619 -0.0226874 -0.0157033
0.0226845 -0.999743 0.00035635
-0.0157073 -7.8229e-09 0.999877

  PointToIndexMatrix: 
-0.99962 0.0226846 -0.0157073
-0.0226874 -0.999743 -7.83127e-09
-0.0157033 0.00035635 0.999877

  Inverse Direction: 
-0.999619 0.0226846 -0.0157073
-0.0226874 -0.999743 -7.83127e-09
-0.0157033 0.00035635 0.999877

  PixelContainer: 
    ImportImageContainer (0x3c7e390)
      RTTI typeinfo:   itk::ImportImageContainer<unsigned long, double>
      Reference Count: 1
      Modified Time: 1589
      Debug: Off
      Object Name: 
      Observers: 
        none
      Pointer: 0x14615ff04010
      Container manages memory: true
      Size: 9830400
      Capacity: 9830400

     Weighting = 1
     Sampling strategy = regular
     Number of bins = 32
     Radius = 4
     Sampling percentage  = 0.25
   Transform = Affine
     Gradient step = 0.1
     Update field sigma (voxel space) = 0
     Total field sigma (voxel space) = 0
     Update field time sigma = 0
     Total field time sigma  = 0
     Number of time indices = 0
     Number of time point samples = 0
Registration using 1 total stages.

Stage 0
  iterations = 1000x500x250x100
  convergence threshold = 1e-06
  convergence window size = 10
  number of levels = 4
  using the Mattes MI metric (number of bins = 32, weight = 1, use gradient filter = 0)
  preprocessing:  winsorizing the image intensities
  Shrink factors (level 1 out of 4): [8, 8, 8]
  Shrink factors (level 2 out of 4): [4, 4, 4]
  Shrink factors (level 3 out of 4): [2, 2, 2]
  Shrink factors (level 4 out of 4): [1, 1, 1]
  smoothing sigmas per level: [3, 2, 1, 0]
  regular sampling (percentage = 0.25)

*** Running AffineTransform registration ***

DIAGNOSTIC,Iteration,metricValue,convergenceValue,ITERATION_TIME_INDEX,SINCE_LAST
 2DIAGNOSTIC,     1, -5.239750080879e-01, 1.797693134862e+308, 9.5416e-01, 9.5416e-01, 
 2DIAGNOSTIC,     2, -5.258640011517e-01, 1.797693134862e+308, 9.5871e-01, 4.5531e-03, 
 2DIAGNOSTIC,     3, -5.291088178741e-01, 1.797693134862e+308, 9.6336e-01, 4.6451e-03, 
 2DIAGNOSTIC,     4, -5.347710739264e-01, 1.797693134862e+308, 9.6857e-01, 5.2080e-03, 
 2DIAGNOSTIC,     5, -5.449383435400e-01, 1.797693134862e+308, 9.7326e-01, 4.6902e-03, 
 2DIAGNOSTIC,     6, -6.215305985049e-01, 1.797693134862e+308, 9.7823e-01, 4.9710e-03, 
 2DIAGNOSTIC,     7, -6.633610759019e-01, 1.797693134862e+308, 9.8306e-01, 4.8358e-03, 
 2DIAGNOSTIC,     8, -7.298997297423e-01, 1.797693134862e+308, 9.8971e-01, 6.6409e-03, 
 2DIAGNOSTIC,     9, -7.422520654687e-01, 1.797693134862e+308, 9.9475e-01, 5.0409e-03, 
 2DIAGNOSTIC,    10, -7.541337920189e-01, 2.915589992233e-02, 1.0005e+00, 5.7259e-03, 
 2DIAGNOSTIC,    11, -7.649021625138e-01, 2.764846906442e-02, 1.0066e+00, 6.1500e-03, 
 2DIAGNOSTIC,    12, -7.741613258435e-01, 2.434790628955e-02, 1.0137e+00, 7.0450e-03, 
 2DIAGNOSTIC,    13, -7.770749995502e-01, 1.968341316503e-02, 1.0195e+00, 5.8720e-03, 
 2DIAGNOSTIC,    14, -7.814240941156e-01, 1.436951315918e-02, 1.0250e+00, 5.4281e-03, 
 2DIAGNOSTIC,    15, -7.874240645069e-01, 9.014358178734e-03, 1.0315e+00, 6.5582e-03, 
 2DIAGNOSTIC,    16, -7.920940198310e-01, 5.733376259783e-03, 1.0381e+00, 6.5730e-03, 
 2DIAGNOSTIC,    17, -7.957348591513e-01, 3.442742293939e-03, 1.0433e+00, 5.2500e-03, 
 2DIAGNOSTIC,    18, -8.010582380308e-01, 2.769038767620e-03, 1.0505e+00, 7.1321e-03, 
 2DIAGNOSTIC,    19, -8.020626660108e-01, 2.204716100807e-03, 1.0564e+00, 5.8739e-03, 
 2DIAGNOSTIC,    20, -8.025889929355e-01, 1.748792190797e-03, 1.0617e+00, 5.3880e-03, 
 2DIAGNOSTIC,    21, -8.047953996528e-01, 1.424942966381e-03, 1.0680e+00, 6.2621e-03, 
 2DIAGNOSTIC,    22, -8.088025478966e-01, 1.241486516619e-03, 1.0760e+00, 8.0090e-03, 
 2DIAGNOSTIC,    23, -8.108239856164e-01, 1.042943694961e-03, 1.0812e+00, 5.1749e-03, 
 2DIAGNOSTIC,    24, -8.126170126155e-01, 8.657212546079e-04, 1.0869e+00, 5.6789e-03, 
 2DIAGNOSTIC,    25, -8.155467544098e-01, 7.640038523793e-04, 1.0928e+00, 5.9710e-03, 
 2DIAGNOSTIC,    26, -8.215057949110e-01, 7.575209410139e-04, 1.0982e+00, 5.3282e-03, 
 2DIAGNOSTIC,    27, -8.250955438125e-01, 7.800050092961e-04, 1.1049e+00, 6.7451e-03, 
 2DIAGNOSTIC,    28, -8.289047473348e-01, 8.532268199800e-04, 1.1117e+00, 6.8061e-03, 
 2DIAGNOSTIC,    29, -8.295830318904e-01, 8.637743403431e-04, 1.1171e+00, 5.3890e-03, 
 2DIAGNOSTIC,    30, -8.372798782971e-01, 8.974161218218e-04, 1.1230e+00, 5.8839e-03, 
 2DIAGNOSTIC,    31, -8.403339061670e-01, 9.046476325908e-04, 1.1316e+00, 8.6141e-03, 
 2DIAGNOSTIC,    32, -8.402171695421e-01, 8.714959778822e-04, 1.1376e+00, 6.0401e-03, 
 2DIAGNOSTIC,    33, -8.408464185940e-01, 7.906561732080e-04, 1.1444e+00, 6.7122e-03, 
 2DIAGNOSTIC,    34, -8.411931910008e-01, 6.644149194103e-04, 1.1499e+00, 5.5630e-03, 
 2DIAGNOSTIC,    35, -8.414346597056e-01, 5.151593127897e-04, 1.1558e+00, 5.8789e-03, 
 2DIAGNOSTIC,    36, -8.416710502939e-01, 3.896552831963e-04, 1.1615e+00, 5.6651e-03, 
 2DIAGNOSTIC,    37, -8.415834174892e-01, 2.703095034777e-04, 1.1664e+00, 4.9450e-03, 
 2DIAGNOSTIC,    38, -8.417527657140e-01, 1.725296677659e-04, 1.1713e+00, 4.8800e-03, 
 2DIAGNOSTIC,    39, -8.419029213905e-01, 6.997839245182e-05, 1.1768e+00, 5.5530e-03, 
 2DIAGNOSTIC,    40, -8.420472721901e-01, 3.836089574259e-05, 1.1817e+00, 4.9059e-03, 
 2DIAGNOSTIC,    41, -8.423316713212e-01, 3.509986222430e-05, 1.1872e+00, 5.4710e-03, 
 2DIAGNOSTIC,    42, -8.424961207029e-01, 2.904256366893e-05, 1.1921e+00, 4.8981e-03, 
 2DIAGNOSTIC,    43, -8.423005397353e-01, 2.427313297470e-05, 1.1988e+00, 6.7241e-03, 
 2DIAGNOSTIC,    44, -8.422971150016e-01, 2.039426242141e-05, 1.2137e+00, 1.4859e-02, 
 2DIAGNOSTIC,    45, -8.422971012153e-01, 1.672829265321e-05, 1.2186e+00, 4.9472e-03, 
 2DIAGNOSTIC,    46, -8.422971044984e-01, 1.357500253619e-05, 1.2236e+00, 4.9870e-03, 
 2DIAGNOSTIC,    47, -8.422971100523e-01, 8.630194131262e-06, 1.2287e+00, 5.0218e-03, 
 2DIAGNOSTIC,    48, -8.422971194421e-01, 4.476453840628e-06, 1.2336e+00, 4.9839e-03, 
 2DIAGNOSTIC,    49, -8.422971353151e-01, 1.282782558332e-06, 1.2391e+00, 5.4429e-03, 
DIAGNOSTIC,Iteration,metricValue,convergenceValue,ITERATION_TIME_INDEX,SINCE_LAST
 2DIAGNOSTIC,     1, -6.880686918813e-01, 1.797693134862e+308, 1.9186e+00, 6.7956e-01, 
 2DIAGNOSTIC,     2, -6.886939981411e-01, 1.797693134862e+308, 1.9571e+00, 3.8488e-02, 
 2DIAGNOSTIC,     3, -6.892111707787e-01, 1.797693134862e+308, 1.9952e+00, 3.8112e-02, 
 2DIAGNOSTIC,     4, -6.897132361918e-01, 1.797693134862e+308, 2.0390e+00, 4.3773e-02, 
 2DIAGNOSTIC,     5, -6.905627332168e-01, 1.797693134862e+308, 2.0816e+00, 4.2565e-02, 
 2DIAGNOSTIC,     6, -6.916101449336e-01, 1.797693134862e+308, 2.1266e+00, 4.5032e-02, 
 2DIAGNOSTIC,     7, -6.932340421258e-01, 1.797693134862e+308, 2.1992e+00, 7.2552e-02, 
 2DIAGNOSTIC,     8, -6.932385226868e-01, 1.797693134862e+308, 2.2467e+00, 4.7489e-02, 
 2DIAGNOSTIC,     9, -6.932734599430e-01, 1.797693134862e+308, 2.2872e+00, 4.0553e-02, 
 2DIAGNOSTIC,    10, -6.933209828934e-01, 5.747030807703e-04, 2.3305e+00, 4.3249e-02, 
 2DIAGNOSTIC,    11, -6.933554749997e-01, 4.614509633513e-04, 2.3735e+00, 4.3091e-02, 
 2DIAGNOSTIC,    12, -6.933716175957e-01, 3.470963309029e-04, 2.4159e+00, 4.2312e-02, 
 2DIAGNOSTIC,    13, -6.934063604038e-01, 2.369636748660e-04, 2.4543e+00, 3.8470e-02, 
 2DIAGNOSTIC,    14, -6.934311393070e-01, 1.371695991169e-04, 2.4946e+00, 4.0222e-02, 
 2DIAGNOSTIC,    15, -6.936020501696e-01, 6.602811836204e-05, 2.5534e+00, 5.8867e-02, 
 2DIAGNOSTIC,    16, -6.936233541862e-01, 2.407107757516e-05, 2.6084e+00, 5.5005e-02, 
 2DIAGNOSTIC,    17, -6.936071651703e-01, 2.392337437880e-05, 2.6495e+00, 4.1038e-02, 
 2DIAGNOSTIC,    18, -6.936085392292e-01, 2.195521492897e-05, 2.6890e+00, 3.9556e-02, 
 2DIAGNOSTIC,    19, -6.936106376784e-01, 1.908661131779e-05, 2.7270e+00, 3.7935e-02, 
 2DIAGNOSTIC,    20, -6.936138976080e-01, 1.585650895177e-05, 2.7665e+00, 3.9534e-02, 
 2DIAGNOSTIC,    21, -6.936057134863e-01, 1.210801597681e-05, 2.8069e+00, 4.0399e-02, 
 2DIAGNOSTIC,    22, -6.936094321189e-01, 8.130908087788e-06, 2.8393e+00, 3.2418e-02, 
 2DIAGNOSTIC,    23, -6.936023838045e-01, 4.397336553712e-06, 2.8766e+00, 3.7250e-02, 
 2DIAGNOSTIC,    24, -6.936179905512e-01, 1.300715176955e-06, 2.9125e+00, 3.5971e-02, 
 2DIAGNOSTIC,    25, -6.936075801533e-01, 1.068199391524e-06, 2.9497e+00, 3.7188e-02, 
 2DIAGNOSTIC,    26, -6.936104182004e-01, 1.269747778108e-06, 2.9878e+00, 3.8065e-02, 
 2DIAGNOSTIC,    27, -6.936256493635e-01, 1.438823862117e-06, 3.0267e+00, 3.8929e-02, 
 2DIAGNOSTIC,    28, -6.936295259209e-01, 1.638359317449e-06, 3.0673e+00, 4.0611e-02, 
 2DIAGNOSTIC,    29, -6.936313863407e-01, 1.829860976424e-06, 3.1077e+00, 4.0340e-02, 
 2DIAGNOSTIC,    30, -6.936081509860e-01, 1.673262517939e-06, 3.1474e+00, 3.9777e-02, 
 2DIAGNOSTIC,    31, -6.935848828261e-01, 1.062549821129e-06, 3.1894e+00, 4.1917e-02, 
DIAGNOSTIC,Iteration,metricValue,convergenceValue,ITERATION_TIME_INDEX,SINCE_LAST
 2DIAGNOSTIC,     1, -5.884337646695e-01, 1.797693134862e+308, 4.2349e+00, 1.0455e+00, 
 2DIAGNOSTIC,     2, -5.890916660727e-01, 1.797693134862e+308, 4.4946e+00, 2.5974e-01, 
 2DIAGNOSTIC,     3, -5.898316371644e-01, 1.797693134862e+308, 4.7441e+00, 2.4946e-01, 
 2DIAGNOSTIC,     4, -5.906621017765e-01, 1.797693134862e+308, 5.0011e+00, 2.5706e-01, 
 2DIAGNOSTIC,     5, -5.917960568551e-01, 1.797693134862e+308, 5.3162e+00, 3.1508e-01, 
 2DIAGNOSTIC,     6, -5.938098273554e-01, 1.797693134862e+308, 5.6980e+00, 3.8177e-01, 
 2DIAGNOSTIC,     7, -5.938293299216e-01, 1.797693134862e+308, 6.1096e+00, 4.1157e-01, 
 2DIAGNOSTIC,     8, -5.938303222523e-01, 1.797693134862e+308, 6.4001e+00, 2.9053e-01, 
 2DIAGNOSTIC,     9, -5.938279989366e-01, 1.797693134862e+308, 6.6764e+00, 2.7634e-01, 
 2DIAGNOSTIC,    10, -5.938245884135e-01, 6.825013636659e-04, 6.9812e+00, 3.0477e-01, 
 2DIAGNOSTIC,    11, -5.938212252553e-01, 5.000967831066e-04, 7.3078e+00, 3.2656e-01, 
 2DIAGNOSTIC,    12, -5.938170179702e-01, 3.297248743856e-04, 7.6090e+00, 3.0124e-01, 
