
##########################
# Experiment information #
##########################

EXPERIMENT_NAME: antsRegistration-r8-p14
VFC_BACKENDS: libinterflop_vprec.so --range-binary32=8 --precision-binary32=14 --range-binary64=8 --precision-binary64=14

SIF_IMG: /home/mdugre/projects/rrg-glatard/mdugre/containers/ants-vprec-no_metrics.simg

SUBJECT_ID: s017
INPUT_IMG: /home/mdugre/scratch/mri-registration-rp/datasets/ds004513/derivatives/mri-registration-rp/antsBrainExtraction/sub-s017/BrainExtractionBrain.nii.gz
OUTPUT_DIR: /home/mdugre/scratch/mri-registration-rp/datasets/ds004513/derivatives/mri-registration-rp/0001/antsRegistration-r8-p14/sub-s017

FIXED_IMG: /templateflow/tpl-MNI152NLin2009cAsym/tpl-MNI152NLin2009cAsym_res-01_desc-brain_T1w.nii.gz
DATA_DIR: /home/mdugre/scratch/mri-registration-rp/datasets/ds004513
TEMPLATEFLOW_DIR: /home/mdugre/projects/rrg-glatard/mdugre/templateflow
ITK_GLOBAL_DEFAULT_NUMBER_OF_THREADS: 16
##########################

Info [verificarlo]: loaded backend libinterflop_ieee.so
Info [interflop-ieee]: load backend with:
Info [interflop-ieee]: debug = false
Info [interflop-ieee]: debug-binary = false
Info [interflop-ieee]: no-backend-name = false
Info [interflop-ieee]: print-new-line = false
Info [interflop-ieee]: print-subnormal-normalized = false
Info [interflop-ieee]: count-op = false
All_Command_lines_OK
Using double precision for computations.
=============================================================================
The composite transform comprises the following transforms (in order): 
  1. Center of mass alignment using fixed image: /templateflow/tpl-MNI152NLin2009cAsym/tpl-MNI152NLin2009cAsym_res-01_desc-brain_T1w.nii.gz and moving image: /home/mdugre/scratch/mri-registration-rp/datasets/ds004513/derivatives/mri-registration-rp/antsBrainExtraction/sub-s017/BrainExtractionBrain.nii.gz (type = Euler3DTransform)
=============================================================================
  number of levels = 1
  fixed image: /templateflow/tpl-MNI152NLin2009cAsym/tpl-MNI152NLin2009cAsym_res-01_desc-brain_T1w.nii.gz
  moving image: /home/mdugre/scratch/mri-registration-rp/datasets/ds004513/derivatives/mri-registration-rp/antsBrainExtraction/sub-s017/BrainExtractionBrain.nii.gz
Dimension = 3
Number of stages = 1
Use histogram matching = false
Winsorize image intensities = true
  Lower quantile = 0.005
  Upper quantile = 0.995


Stage 1 State
   Image metric = MattesMI
     Fixed image = Image (0x38ffe70)
  RTTI typeinfo:   itk::Image<double, 3u>
  Reference Count: 2
  Modified Time: 2334
  Debug: Off
  Object Name: 
  Observers: 
    none
  Source: (none)
  Source output name: (none)
  Release Data: Off
  Data Released: False
  Global Release Data: Off
  PipelineMTime: 0
  UpdateMTime: 1943
  RealTimeStamp: 0 seconds 
  LargestPossibleRegion: 
    Dimension: 3
    Index: [0, 0, 0]
    Size: [193, 229, 193]
  BufferedRegion: 
    Dimension: 3
    Index: [0, 0, 0]
    Size: [193, 229, 193]
  RequestedRegion: 
    Dimension: 3
    Index: [0, 0, 0]
    Size: [193, 229, 193]
  Spacing: [1, 1, 1]
  Origin: [96, 132, -78]
  Direction: 
-1 0 0
0 -1 0
0 0 1

  IndexToPointMatrix: 
-1 0 0
0 -1 0
0 0 1

  PointToIndexMatrix: 
-1 0 0
0 -1 0
0 0 1

  Inverse Direction: 
-1 0 0
0 -1 0
0 0 1

  PixelContainer: 
    ImportImageContainer (0x3908c60)
      RTTI typeinfo:   itk::ImportImageContainer<unsigned long, double>
      Reference Count: 1
      Modified Time: 1940
      Debug: Off
      Object Name: 
      Observers: 
        none
      Pointer: 0x14cb7bb88010
      Container manages memory: true
      Size: 8530021
      Capacity: 8530021

     Moving image = Image (0x390b610)
  RTTI typeinfo:   itk::Image<double, 3u>
  Reference Count: 2
  Modified Time: 2335
  Debug: Off
  Object Name: 
  Observers: 
    none
  Source: (none)
  Source output name: (none)
  Release Data: Off
  Data Released: False
  Global Release Data: Off
  PipelineMTime: 0
  UpdateMTime: 2332
  RealTimeStamp: 0 seconds 
  LargestPossibleRegion: 
    Dimension: 3
    Index: [0, 0, 0]
    Size: [160, 240, 256]
  BufferedRegion: 
    Dimension: 3
    Index: [0, 0, 0]
    Size: [160, 240, 256]
  RequestedRegion: 
    Dimension: 3
    Index: [0, 0, 0]
    Size: [160, 240, 256]
  Spacing: [1, 1, 1]
  Origin: [91.3357, 102.231, -120.042]
  Direction: 
-0.997442 -5.36781e-05 -0.0714818
5.35416e-05 -1 3.82465e-06
-0.0714818 -1.23894e-08 0.997442

  IndexToPointMatrix: 
-0.997444 -5.36781e-05 -0.0714818
5.35418e-05 -1 3.82465e-06
-0.0714819 -1.23894e-08 0.997442

  PointToIndexMatrix: 
-0.99744 5.35415e-05 -0.0714816
-5.36781e-05 -1 -1.23894e-08
-0.0714818 3.82465e-06 0.997442

  Inverse Direction: 
-0.997442 5.35416e-05 -0.0714818
-5.36781e-05 -1 -1.23894e-08
-0.0714818 3.82465e-06 0.997442

  PixelContainer: 
    ImportImageContainer (0x39a4ef0)
      RTTI typeinfo:   itk::ImportImageContainer<unsigned long, double>
      Reference Count: 1
      Modified Time: 2329
      Debug: Off
      Object Name: 
      Observers: 
        none
      Pointer: 0x14cb77087010
      Container manages memory: true
      Size: 9830400
      Capacity: 9830400

     Weighting = 1
     Sampling strategy = regular
     Number of bins = 32
     Radius = 4
     Sampling percentage  = 0.25
   Transform = Rigid
     Gradient step = 0.1
     Update field sigma (voxel space) = 0
     Total field sigma (voxel space) = 0
     Update field time sigma = 0
     Total field time sigma  = 0
     Number of time indices = 0
     Number of time point samples = 0
Registration using 1 total stages.

Stage 0
  iterations = 0
  convergence threshold = 1e-06
  convergence window size = 10
  number of levels = 1
  using the Mattes MI metric (number of bins = 32, weight = 1, use gradient filter = 0)
  preprocessing:  winsorizing the image intensities
  Shrink factors (level 1 out of 1): [1, 1, 1]
  smoothing sigmas per level: [0]
  regular sampling (percentage = 0.25)

*** Running Euler3DTransform registration ***

  Elapsed time (stage 0): 1.08425


Total elapsed time: 1.08651
Info [verificarlo]: loaded backend libinterflop_ieee.so
Info [interflop-ieee]: load backend with:
Info [interflop-ieee]: debug = false
Info [interflop-ieee]: debug-binary = false
Info [interflop-ieee]: no-backend-name = false
Info [interflop-ieee]: print-new-line = false
Info [interflop-ieee]: print-subnormal-normalized = false
Info [interflop-ieee]: count-op = false
All_Command_lines_OK
Using double precision for computations.
=============================================================================
The composite transform comprises the following transforms (in order): 
  1. /home/mdugre/scratch/mri-registration-rp/datasets/ds004513/derivatives/mri-registration-rp/0001/antsRegistration-r8-p14/sub-s017/align_Composite.h5[0] (type = Euler3DTransform)
  2. /home/mdugre/scratch/mri-registration-rp/datasets/ds004513/derivatives/mri-registration-rp/0001/antsRegistration-r8-p14/sub-s017/align_Composite.h5[1] (type = Euler3DTransform)
=============================================================================
  number of levels = 4
  fixed image: /templateflow/tpl-MNI152NLin2009cAsym/tpl-MNI152NLin2009cAsym_res-01_desc-brain_T1w.nii.gz
  moving image: /home/mdugre/scratch/mri-registration-rp/datasets/ds004513/derivatives/mri-registration-rp/antsBrainExtraction/sub-s017/BrainExtractionBrain.nii.gz
Dimension = 3
Number of stages = 1
Use histogram matching = false
Winsorize image intensities = true
  Lower quantile = 0.005
  Upper quantile = 0.995


Stage 1 State
   Image metric = MattesMI
     Fixed image = Image (0x4bf3530)
  RTTI typeinfo:   itk::Image<double, 3u>
  Reference Count: 2
  Modified Time: 1580
  Debug: Off
  Object Name: 
  Observers: 
    none
  Source: (none)
  Source output name: (none)
  Release Data: Off
  Data Released: False
  Global Release Data: Off
  PipelineMTime: 0
  UpdateMTime: 1189
  RealTimeStamp: 0 seconds 
  LargestPossibleRegion: 
    Dimension: 3
    Index: [0, 0, 0]
    Size: [193, 229, 193]
  BufferedRegion: 
    Dimension: 3
    Index: [0, 0, 0]
    Size: [193, 229, 193]
  RequestedRegion: 
    Dimension: 3
    Index: [0, 0, 0]
    Size: [193, 229, 193]
  Spacing: [1, 1, 1]
  Origin: [96, 132, -78]
  Direction: 
-1 0 0
0 -1 0
0 0 1

  IndexToPointMatrix: 
-1 0 0
0 -1 0
0 0 1

  PointToIndexMatrix: 
-1 0 0
0 -1 0
0 0 1

  Inverse Direction: 
-1 0 0
0 -1 0
0 0 1

  PixelContainer: 
    ImportImageContainer (0x4cb1d60)
      RTTI typeinfo:   itk::ImportImageContainer<unsigned long, double>
      Reference Count: 1
      Modified Time: 1186
      Debug: Off
      Object Name: 
      Observers: 
        none
      Pointer: 0x1553f0992010
      Container manages memory: true
      Size: 8530021
      Capacity: 8530021

     Moving image = Image (0x4ca3f60)
  RTTI typeinfo:   itk::Image<double, 3u>
  Reference Count: 2
  Modified Time: 1581
  Debug: Off
  Object Name: 
  Observers: 
    none
  Source: (none)
  Source output name: (none)
  Release Data: Off
  Data Released: False
  Global Release Data: Off
  PipelineMTime: 0
  UpdateMTime: 1578
  RealTimeStamp: 0 seconds 
  LargestPossibleRegion: 
    Dimension: 3
    Index: [0, 0, 0]
    Size: [160, 240, 256]
  BufferedRegion: 
    Dimension: 3
    Index: [0, 0, 0]
    Size: [160, 240, 256]
  RequestedRegion: 
    Dimension: 3
    Index: [0, 0, 0]
    Size: [160, 240, 256]
  Spacing: [1, 1, 1]
  Origin: [91.3357, 102.231, -120.042]
  Direction: 
-0.997442 -5.36781e-05 -0.0714818
5.35416e-05 -1 3.82465e-06
-0.0714818 -1.23894e-08 0.997442

  IndexToPointMatrix: 
-0.997444 -5.36781e-05 -0.0714818
5.35418e-05 -1 3.82465e-06
-0.0714819 -1.23894e-08 0.997442

  PointToIndexMatrix: 
-0.99744 5.35415e-05 -0.0714816
-5.36781e-05 -1 -1.23894e-08
-0.0714818 3.82465e-06 0.997442

  Inverse Direction: 
-0.997442 5.35416e-05 -0.0714818
-5.36781e-05 -1 -1.23894e-08
-0.0714818 3.82465e-06 0.997442

  PixelContainer: 
    ImportImageContainer (0x4c956d0)
      RTTI typeinfo:   itk::ImportImageContainer<unsigned long, double>
      Reference Count: 1
      Modified Time: 1575
      Debug: Off
      Object Name: 
      Observers: 
        none
      Pointer: 0x1553ebe91010
      Container manages memory: true
      Size: 9830400
      Capacity: 9830400

     Weighting = 1
     Sampling strategy = regular
     Number of bins = 32
     Radius = 4
     Sampling percentage  = 0.25
   Transform = Rigid
     Gradient step = 0.1
     Update field sigma (voxel space) = 0
     Total field sigma (voxel space) = 0
     Update field time sigma = 0
     Total field time sigma  = 0
     Number of time indices = 0
     Number of time point samples = 0
Registration using 1 total stages.

Stage 0
  iterations = 1000x500x250x100
  convergence threshold = 1e-06
  convergence window size = 10
  number of levels = 4
  using the Mattes MI metric (number of bins = 32, weight = 1, use gradient filter = 0)
  preprocessing:  winsorizing the image intensities
  Shrink factors (level 1 out of 4): [8, 8, 8]
  Shrink factors (level 2 out of 4): [4, 4, 4]
  Shrink factors (level 3 out of 4): [2, 2, 2]
  Shrink factors (level 4 out of 4): [1, 1, 1]
  smoothing sigmas per level: [3, 2, 1, 0]
  regular sampling (percentage = 0.25)

*** Running Euler3DTransform registration ***

DIAGNOSTIC,Iteration,metricValue,convergenceValue,ITERATION_TIME_INDEX,SINCE_LAST
 2DIAGNOSTIC,     1, -5.567767283252e-01, 1.797693134862e+308, 6.5992e-01, 6.5992e-01, 
 2DIAGNOSTIC,     2, -5.584239703569e-01, 1.797693134862e+308, 6.6407e-01, 4.1499e-03, 
 2DIAGNOSTIC,     3, -5.612715515272e-01, 1.797693134862e+308, 6.6784e-01, 3.7682e-03, 
 2DIAGNOSTIC,     4, -5.637780194106e-01, 1.797693134862e+308, 6.7194e-01, 4.1029e-03, 
 2DIAGNOSTIC,     5, -5.658229214212e-01, 1.797693134862e+308, 6.7581e-01, 3.8619e-03, 
 2DIAGNOSTIC,     6, -5.696445468689e-01, 1.797693134862e+308, 6.7951e-01, 3.7069e-03, 
 2DIAGNOSTIC,     7, -5.734118275242e-01, 1.797693134862e+308, 6.8335e-01, 3.8369e-03, 
 2DIAGNOSTIC,     8, -5.754533484979e-01, 1.797693134862e+308, 6.8927e-01, 5.9190e-03, 
 2DIAGNOSTIC,     9, -5.763021950250e-01, 1.797693134862e+308, 6.9304e-01, 3.7670e-03, 
 2DIAGNOSTIC,    10, -5.771142770255e-01, 2.558085388189e-03, 6.9784e-01, 4.8058e-03, 
 2DIAGNOSTIC,    11, -5.785125587612e-01, 2.176117873031e-03, 7.0162e-01, 3.7789e-03, 
 2DIAGNOSTIC,    12, -5.799413348090e-01, 1.786767970983e-03, 7.0578e-01, 4.1578e-03, 
 2DIAGNOSTIC,    13, -5.809477908980e-01, 1.443124036835e-03, 7.0997e-01, 4.1890e-03, 
 2DIAGNOSTIC,    14, -5.814655964876e-01, 1.127354078216e-03, 7.1395e-01, 3.9840e-03, 
 2DIAGNOSTIC,    15, -5.819093877219e-01, 8.331089413526e-04, 7.1818e-01, 4.2329e-03, 
 2DIAGNOSTIC,    16, -5.822326442998e-01, 6.258215683233e-04, 7.2244e-01, 4.2591e-03, 
 2DIAGNOSTIC,    17, -5.825793599843e-01, 5.040365830239e-04, 7.2663e-01, 4.1890e-03, 
 2DIAGNOSTIC,    18, -5.863713925916e-01, 5.095725576649e-04, 7.3072e-01, 4.0901e-03, 
 2DIAGNOSTIC,    19, -5.901617810168e-01, 5.855607354912e-04, 7.3766e-01, 6.9401e-03, 
 2DIAGNOSTIC,    20, -5.906016223816e-01, 6.286272500315e-04, 7.4312e-01, 5.4569e-03, 
 2DIAGNOSTIC,    21, -5.907365705867e-01, 6.467002963843e-04, 7.4783e-01, 4.7119e-03, 
 2DIAGNOSTIC,    22, -5.906256574994e-01, 6.330265936386e-04, 7.5238e-01, 4.5509e-03, 
 2DIAGNOSTIC,    23, -5.906307681711e-01, 5.816453055183e-04, 7.5622e-01, 3.8412e-03, 
 2DIAGNOSTIC,    24, -5.905636622010e-01, 4.878472529227e-04, 7.5993e-01, 3.7100e-03, 
 2DIAGNOSTIC,    25, -5.906024985370e-01, 3.662279783962e-04, 7.6437e-01, 4.4379e-03, 
 2DIAGNOSTIC,    26, -5.906025304324e-01, 2.276984665075e-04, 7.6843e-01, 4.0600e-03, 
 2DIAGNOSTIC,    27, -5.906211320574e-01, 8.394584288777e-05, 7.7216e-01, 3.7291e-03, 
 2DIAGNOSTIC,    28, -5.908796758314e-01, 1.198925031209e-05, 7.7594e-01, 3.7811e-03, 
 2DIAGNOSTIC,    29, -5.911411552395e-01, 1.217108543275e-05, 7.8022e-01, 4.2779e-03, 
 2DIAGNOSTIC,    30, -5.915241330962e-01, 2.456301684475e-05, 7.8585e-01, 5.6288e-03, 
 2DIAGNOSTIC,    31, -5.916229825992e-01, 3.758205306194e-05, 7.8972e-01, 3.8741e-03, 
 2DIAGNOSTIC,    32, -5.916651208817e-01, 4.532975449075e-05, 7.9349e-01, 3.7711e-03, 
 2DIAGNOSTIC,    33, -5.916874987632e-01, 4.885284294535e-05, 7.9732e-01, 3.8311e-03, 
 2DIAGNOSTIC,    34, -5.917053822200e-01, 4.682712858670e-05, 8.0155e-01, 4.2300e-03, 
 2DIAGNOSTIC,    35, -5.917390904868e-01, 4.153275817272e-05, 8.1191e-01, 1.0357e-02, 
 2DIAGNOSTIC,    36, -5.917390912695e-01, 3.272086429349e-05, 8.1627e-01, 4.3569e-03, 
 2DIAGNOSTIC,    37, -5.917391070342e-01, 2.163060314790e-05, 8.2006e-01, 3.7920e-03, 
 2DIAGNOSTIC,    38, -5.917391330930e-01, 1.245673595315e-05, 8.2394e-01, 3.8791e-03, 
 2DIAGNOSTIC,    39, -5.917391754735e-01, 5.801896389872e-06, 8.2808e-01, 4.1358e-03, 
 2DIAGNOSTIC,    40, -5.917392424311e-01, 3.643428652323e-06, 8.3171e-01, 3.6359e-03, 
 2DIAGNOSTIC,    41, -5.917393428829e-01, 2.487109299166e-06, 8.3545e-01, 3.7401e-03, 
 2DIAGNOSTIC,    42, -5.917394845334e-01, 1.715730317806e-06, 8.3926e-01, 3.8040e-03, 
 2DIAGNOSTIC,    43, -5.917396625587e-01, 1.144189314961e-06, 8.4323e-01, 3.9761e-03, 
DIAGNOSTIC,Iteration,metricValue,convergenceValue,ITERATION_TIME_INDEX,SINCE_LAST
 2DIAGNOSTIC,     1, -4.784004501423e-01, 1.797693134862e+308, 1.5197e+00, 6.7650e-01, 
 2DIAGNOSTIC,     2, -4.783999131492e-01, 1.797693134862e+308, 1.5458e+00, 2.6076e-02, 
 2DIAGNOSTIC,     3, -4.784190365429e-01, 1.797693134862e+308, 1.5753e+00, 2.9525e-02, 
 2DIAGNOSTIC,     4, -4.785028756515e-01, 1.797693134862e+308, 1.6019e+00, 2.6566e-02, 
 2DIAGNOSTIC,     5, -4.786647485435e-01, 1.797693134862e+308, 1.6280e+00, 2.6078e-02, 
 2DIAGNOSTIC,     6, -4.788099932964e-01, 1.797693134862e+308, 1.6542e+00, 2.6228e-02, 
 2DIAGNOSTIC,     7, -4.794645847222e-01, 1.797693134862e+308, 1.6817e+00, 2.7528e-02, 
 2DIAGNOSTIC,     8, -4.813619171755e-01, 1.797693134862e+308, 1.7193e+00, 3.7589e-02, 
 2DIAGNOSTIC,     9, -4.817935635329e-01, 1.797693134862e+308, 1.7489e+00, 2.9534e-02, 
 2DIAGNOSTIC,    10, -4.822647496889e-01, 5.583367504068e-04, 1.7753e+00, 2.6403e-02, 
 2DIAGNOSTIC,    11, -4.831344909908e-01, 6.366384574143e-04, 1.8053e+00, 3.0091e-02, 
 2DIAGNOSTIC,    12, -4.835768992591e-01, 6.653898034876e-04, 1.8495e+00, 4.4117e-02, 
 2DIAGNOSTIC,    13, -4.835677565327e-01, 6.290342969132e-04, 1.8826e+00, 3.3124e-02, 
 2DIAGNOSTIC,    14, -4.835733047844e-01, 5.452729208071e-04, 1.9196e+00, 3.7042e-02, 
 2DIAGNOSTIC,    15, -4.835701547254e-01, 4.305772096262e-04, 1.9492e+00, 2.9572e-02, 
 2DIAGNOSTIC,    16, -4.835566913009e-01, 2.956272804401e-04, 1.9815e+00, 3.2262e-02, 
 2DIAGNOSTIC,    17, -4.835523104090e-01, 1.703980275491e-04, 2.0139e+00, 3.2477e-02, 
 2DIAGNOSTIC,    18, -4.835483887835e-01, 1.058854946265e-04, 2.0403e+00, 2.6386e-02, 
 2DIAGNOSTIC,    19, -4.835469915473e-01, 5.203914177609e-05, 2.0669e+00, 2.6545e-02, 
 2DIAGNOSTIC,    20, -4.835401827380e-01, 1.204163304198e-05, 2.0964e+00, 2.9532e-02, 
DIAGNOSTIC,Iteration,metricValue,convergenceValue,ITERATION_TIME_INDEX,SINCE_LAST
 2DIAGNOSTIC,     1, -4.161561167870e-01, 1.797693134862e+308, 3.1869e+00, 1.0905e+00, 
 2DIAGNOSTIC,     2, -4.161756893438e-01, 1.797693134862e+308, 3.4539e+00, 2.6706e-01, 
 2DIAGNOSTIC,     3, -4.161696114508e-01, 1.797693134862e+308, 3.6934e+00, 2.3941e-01, 
 2DIAGNOSTIC,     4, -4.161681503553e-01, 1.797693134862e+308, 4.0483e+00, 3.5491e-01, 
 2DIAGNOSTIC,     5, -4.161678896602e-01, 1.797693134862e+308, 4.2884e+00, 2.4013e-01, 
 2DIAGNOSTIC,     6, -4.161669123585e-01, 1.797693134862e+308, 4.5254e+00, 2.3699e-01, 
 2DIAGNOSTIC,     7, -4.161667485643e-01, 1.797693134862e+308, 4.7650e+00, 2.3962e-01, 
 2DIAGNOSTIC,     8, -4.161656816015e-01, 1.797693134862e+308, 4.9742e+00, 2.0922e-01, 
 2DIAGNOSTIC,     9, -4.161650043538e-01, 1.797693134862e+308, 5.2143e+00, 2.4010e-01, 
 2DIAGNOSTIC,    10, -4.161655463814e-01, 2.943366621919e-06, 5.4980e+00, 2.8367e-01, 
 2DIAGNOSTIC,    11, -4.161636420994e-01, 1.720591496543e-06, 5.7393e+00, 2.4131e-01, 
 2DIAGNOSTIC,    12, -4.161624970809e-01, 1.867462473479e-06, 5.9695e+00, 2.3016e-01, 
 2DIAGNOSTIC,    13, -4.161615819744e-01, 1.698398060301e-06, 6.2020e+00, 2.3255e-01, 
 2DIAGNOSTIC,    14, -4.161624603295e-01, 1.592444846543e-06, 6.4239e+00, 2.2186e-01, 
 2DIAGNOSTIC,    15, -4.161620529814e-01, 1.530180436651e-06, 6.6548e+00, 2.3091e-01, 
 2DIAGNOSTIC,    16, -4.161603835106e-01, 1.417836918233e-06, 6.8614e+00, 2.0654e-01, 
 2DIAGNOSTIC,    17, -4.161625251481e-01, 1.455414118848e-06, 7.1116e+00, 2.5024e-01, 
 2DIAGNOSTIC,    18, -4.161617349625e-01, 1.453854862471e-06, 7.3100e+00, 1.9843e-01, 
 2DIAGNOSTIC,    19, -4.161656140594e-01, 1.594928503310e-06, 7.5433e+00, 2.3329e-01, 
 2DIAGNOSTIC,    20, -4.161678254531e-01, 1.821576326777e-06, 7.8782e+00, 3.3487e-01, 
 2DIAGNOSTIC,    21, -4.161672172260e-01, 1.924327024991e-06, 8.1202e+00, 2.4205e-01, 
 2DIAGNOSTIC,    22, -4.161665846124e-01, 1.927748310801e-06, 8.3168e+00, 1.9661e-01, 
 2DIAGNOSTIC,    23, -4.161660793966e-01, 1.843028035076e-06, 8.5549e+00, 2.3811e-01, 
 2DIAGNOSTIC,    24, -4.161655365533e-01, 1.730448867684e-06, 8.7533e+00, 1.9833e-01, 
 2DIAGNOSTIC,    25, -4.161651834947e-01, 1.568353733376e-06, 8.9682e+00, 2.1489e-01, 
 2DIAGNOSTIC,    26, -4.161660037665e-01, 1.368374529631e-06, 9.1954e+00, 2.2727e-01, 
 2DIAGNOSTIC,    27, -4.161651045496e-01, 1.203105050696e-06, 9.4052e+00, 2.0978e-01, 
 2DIAGNOSTIC,    28, -4.161679884898e-01, 1.097088640732e-06, 9.6382e+00, 2.3302e-01, 
 2DIAGNOSTIC,    29, -4.161710849648e-01, 1.162831217073e-06, 9.8682e+00, 2.2997e-01, 
 2DIAGNOSTIC,    30, -4.161703640305e-01, 1.250475691321e-06, 1.0106e+01, 2.3738e-01, 
 2DIAGNOSTIC,    31, -4.161708142911e-01, 1.313167808138e-06, 1.0328e+01, 2.2230e-01, 
 2DIAGNOSTIC,    32, -4.161710089264e-01, 1.336085266340e-06, 1.0566e+01, 2.3767e-01, 
 2DIAGNOSTIC,    33, -4.161749613448e-01, 1.395595230824e-06, 1.0813e+01, 2.4735e-01, 
 2DIAGNOSTIC,    34, -4.161777487505e-01, 1.452526298452e-06, 1.1022e+01, 2.0870e-01, 
 2DIAGNOSTIC,    35, -4.161792220177e-01, 1.478601718494e-06, 1.1259e+01, 2.3732e-01, 
 2DIAGNOSTIC,    36, -4.161806859648e-01, 1.495439427467e-06, 1.1501e+01, 2.4221e-01, 
 2DIAGNOSTIC,    37, -4.161791778425e-01, 1.407680680781e-06, 1.1711e+01, 2.1025e-01, 
 2DIAGNOSTIC,    38, -4.161838486866e-01, 1.406626888995e-06, 1.1984e+01, 2.7270e-01, 
 2DIAGNOSTIC,    39, -4.161849953100e-01, 1.422742194342e-06, 1.2258e+01, 2.7385e-01, 
 2DIAGNOSTIC,    40, -4.161860914890e-01, 1.386764653066e-06, 1.2585e+01, 3.2727e-01, 
 2DIAGNOSTIC,    41, -4.161854987576e-01, 1.295749593781e-06, 1.2831e+01, 2.4582e-01, 
 2DIAGNOSTIC,    42, -4.161840259988e-01, 1.138573354879e-06, 1.3073e+01, 2.4234e-01, 
 2DIAGNOSTIC,    43, -4.161834049860e-01, 1.004201842195e-06, 1.3287e+01, 2.1368e-01, 
DIAGNOSTIC,Iteration,metricValue,convergenceValue,ITERATION_TIME_INDEX,SINCE_LAST
 2DIAGNOSTIC,     1, -3.834265912349e-01, 1.797693134862e+308, 1.5907e+01, 2.6203e+00, 
 2DIAGNOSTIC,     2, -3.834925053364e-01, 1.797693134862e+308, 1.7571e+01, 1.6634e+00, 
 2DIAGNOSTIC,     3, -3.834978116487e-01, 1.797693134862e+308, 1.9093e+01, 1.5222e+00, 
 2DIAGNOSTIC,     4, -3.835004127735e-01, 1.797693134862e+308, 2.0741e+01, 1.6482e+00, 
 2DIAGNOSTIC,     5, -3.835019582514e-01, 1.797693134862e+308, 2.2270e+01, 1.5291e+00, 
 2DIAGNOSTIC,     6, -3.835049957420e-01, 1.797693134862e+308, 2.4000e+01, 1.7299e+00, 
 2DIAGNOSTIC,     7, -3.835058343721e-01, 1.797693134862e+308, 2.5759e+01, 1.7587e+00, 
 2DIAGNOSTIC,     8, -3.835066498254e-01, 1.797693134862e+308, 2.7575e+01, 1.8159e+00, 
 2DIAGNOSTIC,     9, -3.835062955321e-01, 1.797693134862e+308, 2.9429e+01, 1.8547e+00, 
 2DIAGNOSTIC,    10, -3.835063108996e-01, 1.066660727371e-05, 3.1128e+01, 1.6982e+00, 
 2DIAGNOSTIC,    11, -3.835061571790e-01, 4.747040566133e-06, 3.3302e+01, 2.1746e+00, 
 2DIAGNOSTIC,    12, -3.835060832649e-01, 3.706200544157e-06, 3.4697e+01, 1.3946e+00, 
 2DIAGNOSTIC,    13, -3.835060190720e-01, 3.027826046706e-06, 3.6208e+01, 1.5111e+00, 
 2DIAGNOSTIC,    14, -3.835058638478e-01, 2.523467036691e-06, 3.7732e+01, 1.5242e+00, 
 2DIAGNOSTIC,    15, -3.835058006963e-01, 2.133709253380e-06, 3.9290e+01, 1.5574e+00, 
 2DIAGNOSTIC,    16, -3.835056463970e-01, 1.924177719589e-06, 4.1196e+01, 1.9061e+00, 
 2DIAGNOSTIC,    17, -3.835054775128e-01, 1.773328557012e-06, 4.2702e+01, 1.5066e+00, 
 2DIAGNOSTIC,    18, -3.835053086121e-01, 1.675385376640e-06, 4.4080e+01, 1.3782e+00, 
 2DIAGNOSTIC,    19, -3.835051448143e-01, 1.576051817005e-06, 4.5525e+01, 1.4450e+00, 
 2DIAGNOSTIC,    20, -3.835051658765e-01, 1.497295073420e-06, 4.6907e+01, 1.3819e+00, 
 2DIAGNOSTIC,    21, -3.835053779574e-01, 1.436675313014e-06, 4.8480e+01, 1.5724e+00, 
 2DIAGNOSTIC,    22, -3.835055901414e-01, 1.393331720702e-06, 4.9987e+01, 1.5073e+00, 
 2DIAGNOSTIC,    23, -3.835055251005e-01, 1.354581542080e-06, 5.1617e+01, 1.6298e+00, 
 2DIAGNOSTIC,    24, -3.835054518284e-01, 1.314933130402e-06, 5.3174e+01, 1.5573e+00, 
 2DIAGNOSTIC,    25, -3.835053813425e-01, 1.275595340869e-06, 5.4747e+01, 1.5730e+00, 
 2DIAGNOSTIC,    26, -3.835053141618e-01, 1.232550094828e-06, 5.6115e+01, 1.3681e+00, 
 2DIAGNOSTIC,    27, -3.835053494677e-01, 1.188143193137e-06, 5.7488e+01, 1.3723e+00, 
 2DIAGNOSTIC,    28, -3.835054089355e-01, 1.143229098853e-06, 5.8988e+01, 1.4999e+00, 
 2DIAGNOSTIC,    29, -3.835055814680e-01, 1.101082728591e-06, 6.0383e+01, 1.3953e+00, 
 2DIAGNOSTIC,    30, -3.835053714643e-01, 1.056523026781e-06, 6.2481e+01, 2.0985e+00, 
 2DIAGNOSTIC,    31, -3.835053052290e-01, 1.018740040125e-06, 6.4064e+01, 1.5823e+00, 
  Elapsed time (stage 0): 6.4884e+01


Total elapsed time: 6.4887e+01
Info [verificarlo]: loaded backend libinterflop_ieee.so
Info [interflop-ieee]: load backend with:
Info [interflop-ieee]: debug = false
Info [interflop-ieee]: debug-binary = false
Info [interflop-ieee]: no-backend-name = false
Info [interflop-ieee]: print-new-line = false
Info [interflop-ieee]: print-subnormal-normalized = false
Info [interflop-ieee]: count-op = false
All_Command_lines_OK
Using double precision for computations.
=============================================================================
The composite transform comprises the following transforms (in order): 
  1. /home/mdugre/scratch/mri-registration-rp/datasets/ds004513/derivatives/mri-registration-rp/0001/antsRegistration-r8-p14/sub-s017/rigid_Composite.h5[0] (type = Euler3DTransform)
  2. /home/mdugre/scratch/mri-registration-rp/datasets/ds004513/derivatives/mri-registration-rp/0001/antsRegistration-r8-p14/sub-s017/rigid_Composite.h5[1] (type = Euler3DTransform)
  3. /home/mdugre/scratch/mri-registration-rp/datasets/ds004513/derivatives/mri-registration-rp/0001/antsRegistration-r8-p14/sub-s017/rigid_Composite.h5[2] (type = Euler3DTransform)
=============================================================================
  number of levels = 4
  fixed image: /templateflow/tpl-MNI152NLin2009cAsym/tpl-MNI152NLin2009cAsym_res-01_desc-brain_T1w.nii.gz
  moving image: /home/mdugre/scratch/mri-registration-rp/datasets/ds004513/derivatives/mri-registration-rp/antsBrainExtraction/sub-s017/BrainExtractionBrain.nii.gz
Dimension = 3
Number of stages = 1
Use histogram matching = false
Winsorize image intensities = true
  Lower quantile = 0.005
  Upper quantile = 0.995


Stage 1 State
   Image metric = MattesMI
     Fixed image = Image (0x49277e0)
  RTTI typeinfo:   itk::Image<double, 3u>
  Reference Count: 2
  Modified Time: 1594
  Debug: Off
  Object Name: 
  Observers: 
    none
  Source: (none)
  Source output name: (none)
  Release Data: Off
  Data Released: False
  Global Release Data: Off
  PipelineMTime: 0
  UpdateMTime: 1203
  RealTimeStamp: 0 seconds 
  LargestPossibleRegion: 
    Dimension: 3
    Index: [0, 0, 0]
    Size: [193, 229, 193]
  BufferedRegion: 
    Dimension: 3
    Index: [0, 0, 0]
    Size: [193, 229, 193]
  RequestedRegion: 
    Dimension: 3
    Index: [0, 0, 0]
    Size: [193, 229, 193]
  Spacing: [1, 1, 1]
  Origin: [96, 132, -78]
  Direction: 
-1 0 0
0 -1 0
0 0 1

  IndexToPointMatrix: 
-1 0 0
0 -1 0
0 0 1

  PointToIndexMatrix: 
-1 0 0
0 -1 0
0 0 1

  Inverse Direction: 
-1 0 0
0 -1 0
0 0 1

  PixelContainer: 
    ImportImageContainer (0x49e7a20)
      RTTI typeinfo:   itk::ImportImageContainer<unsigned long, double>
      Reference Count: 1
      Modified Time: 1200
      Debug: Off
      Object Name: 
      Observers: 
        none
      Pointer: 0x1527b482b010
      Container manages memory: true
      Size: 8530021
      Capacity: 8530021

     Moving image = Image (0x49e2d70)
  RTTI typeinfo:   itk::Image<double, 3u>
  Reference Count: 2
  Modified Time: 1595
  Debug: Off
  Object Name: 
  Observers: 
    none
  Source: (none)
  Source output name: (none)
  Release Data: Off
  Data Released: False
  Global Release Data: Off
  PipelineMTime: 0
  UpdateMTime: 1592
  RealTimeStamp: 0 seconds 
  LargestPossibleRegion: 
    Dimension: 3
    Index: [0, 0, 0]
    Size: [160, 240, 256]
  BufferedRegion: 
    Dimension: 3
    Index: [0, 0, 0]
    Size: [160, 240, 256]
  RequestedRegion: 
    Dimension: 3
    Index: [0, 0, 0]
    Size: [160, 240, 256]
  Spacing: [1, 1, 1]
  Origin: [91.3357, 102.231, -120.042]
  Direction: 
-0.997442 -5.36781e-05 -0.0714818
5.35416e-05 -1 3.82465e-06
-0.0714818 -1.23894e-08 0.997442

  IndexToPointMatrix: 
-0.997444 -5.36781e-05 -0.0714818
5.35418e-05 -1 3.82465e-06
-0.0714819 -1.23894e-08 0.997442

  PointToIndexMatrix: 
-0.99744 5.35415e-05 -0.0714816
-5.36781e-05 -1 -1.23894e-08
-0.0714818 3.82465e-06 0.997442

  Inverse Direction: 
-0.997442 5.35416e-05 -0.0714818
-5.36781e-05 -1 -1.23894e-08
-0.0714818 3.82465e-06 0.997442

  PixelContainer: 
    ImportImageContainer (0x499ac90)
      RTTI typeinfo:   itk::ImportImageContainer<unsigned long, double>
      Reference Count: 1
      Modified Time: 1589
      Debug: Off
      Object Name: 
      Observers: 
        none
      Pointer: 0x1527afd2a010
      Container manages memory: true
      Size: 9830400
      Capacity: 9830400

     Weighting = 1
     Sampling strategy = regular
     Number of bins = 32
     Radius = 4
     Sampling percentage  = 0.25
   Transform = Affine
     Gradient step = 0.1
     Update field sigma (voxel space) = 0
     Total field sigma (voxel space) = 0
     Update field time sigma = 0
     Total field time sigma  = 0
     Number of time indices = 0
     Number of time point samples = 0
Registration using 1 total stages.

Stage 0
  iterations = 1000x500x250x100
  convergence threshold = 1e-06
  convergence window size = 10
  number of levels = 4
  using the Mattes MI metric (number of bins = 32, weight = 1, use gradient filter = 0)
  preprocessing:  winsorizing the image intensities
  Shrink factors (level 1 out of 4): [8, 8, 8]
  Shrink factors (level 2 out of 4): [4, 4, 4]
  Shrink factors (level 3 out of 4): [2, 2, 2]
  Shrink factors (level 4 out of 4): [1, 1, 1]
  smoothing sigmas per level: [3, 2, 1, 0]
  regular sampling (percentage = 0.25)

*** Running AffineTransform registration ***

DIAGNOSTIC,Iteration,metricValue,convergenceValue,ITERATION_TIME_INDEX,SINCE_LAST
 2DIAGNOSTIC,     1, -5.806290998414e-01, 1.797693134862e+308, 7.1479e-01, 7.1479e-01, 
 2DIAGNOSTIC,     2, -5.832407507913e-01, 1.797693134862e+308, 7.1966e-01, 4.8668e-03, 
 2DIAGNOSTIC,     3, -5.883921006201e-01, 1.797693134862e+308, 7.2440e-01, 4.7410e-03, 
 2DIAGNOSTIC,     4, -5.973582020967e-01, 1.797693134862e+308, 7.2900e-01, 4.6039e-03, 
 2DIAGNOSTIC,     5, -6.166279651429e-01, 1.797693134862e+308, 7.3363e-01, 4.6270e-03, 
 2DIAGNOSTIC,     6, -6.406440244473e-01, 1.797693134862e+308, 7.3863e-01, 5.0030e-03, 
 2DIAGNOSTIC,     7, -7.009864255579e-01, 1.797693134862e+308, 7.4343e-01, 4.8010e-03, 
 2DIAGNOSTIC,     8, -7.630482513330e-01, 1.797693134862e+308, 7.4871e-01, 5.2791e-03, 
 2DIAGNOSTIC,     9, -8.423469021924e-01, 1.797693134862e+308, 7.5641e-01, 7.6981e-03, 
 2DIAGNOSTIC,    10, -8.569694551219e-01, 2.845116130150e-02, 7.6202e-01, 5.6121e-03, 
 2DIAGNOSTIC,    11, -8.701917123013e-01, 2.871708895402e-02, 7.6803e-01, 6.0132e-03, 
 2DIAGNOSTIC,    12, -8.814645613989e-01, 2.683607374020e-02, 7.7679e-01, 8.7600e-03, 
 2DIAGNOSTIC,    13, -8.822368117028e-01, 2.307206284339e-02, 7.8190e-01, 5.1022e-03, 
 2DIAGNOSTIC,    14, -8.834458719741e-01, 1.815384141390e-02, 7.8701e-01, 5.1160e-03, 
 2DIAGNOSTIC,    15, -8.851322802439e-01, 1.292532927096e-02, 7.9214e-01, 5.1289e-03, 
 2DIAGNOSTIC,    16, -8.870480809828e-01, 7.902435078644e-03, 7.9755e-01, 5.4069e-03, 
 2DIAGNOSTIC,    17, -8.886777819933e-01, 4.189413183949e-03, 8.0430e-01, 6.7480e-03, 
 2DIAGNOSTIC,    18, -8.889448810743e-01, 1.810422432689e-03, 8.1073e-01, 6.4311e-03, 
 2DIAGNOSTIC,    19, -8.890594323658e-01, 1.083853135547e-03, 8.1633e-01, 5.6040e-03, 
 2DIAGNOSTIC,    20, -8.887882561972e-01, 5.969783269554e-04, 8.2203e-01, 5.6980e-03, 
 2DIAGNOSTIC,    21, -8.886098615929e-01, 3.264824908612e-04, 8.2900e-01, 6.9721e-03, 
 2DIAGNOSTIC,    22, -8.885249832727e-01, 2.361096519849e-04, 8.3459e-01, 5.5881e-03, 
 2DIAGNOSTIC,    23, -8.882875303047e-01, 1.410432908817e-04, 8.4060e-01, 6.0110e-03, 
 2DIAGNOSTIC,    24, -8.882052345400e-01, 5.851496537474e-05, 8.4592e-01, 5.3160e-03, 
DIAGNOSTIC,Iteration,metricValue,convergenceValue,ITERATION_TIME_INDEX,SINCE_LAST
 2DIAGNOSTIC,     1, -7.469015879722e-01, 1.797693134862e+308, 1.6256e+00, 7.7964e-01, 
 2DIAGNOSTIC,     2, -7.476337610470e-01, 1.797693134862e+308, 1.6611e+00, 3.5547e-02, 
 2DIAGNOSTIC,     3, -7.481984149328e-01, 1.797693134862e+308, 1.6965e+00, 3.5378e-02, 
 2DIAGNOSTIC,     4, -7.485348956998e-01, 1.797693134862e+308, 1.7327e+00, 3.6209e-02, 
 2DIAGNOSTIC,     5, -7.488723349314e-01, 1.797693134862e+308, 1.7680e+00, 3.5269e-02, 
 2DIAGNOSTIC,     6, -7.493028718384e-01, 1.797693134862e+308, 1.8070e+00, 3.9013e-02, 
 2DIAGNOSTIC,     7, -7.498240981591e-01, 1.797693134862e+308, 1.8511e+00, 4.4144e-02, 
 2DIAGNOSTIC,     8, -7.499189037958e-01, 1.797693134862e+308, 1.8859e+00, 3.4825e-02, 
 2DIAGNOSTIC,     9, -7.503981904070e-01, 1.797693134862e+308, 1.9295e+00, 4.3546e-02, 
 2DIAGNOSTIC,    10, -7.505578656729e-01, 3.049238824080e-04, 1.9646e+00, 3.5154e-02, 
 2DIAGNOSTIC,    11, -7.505227890109e-01, 2.385634263524e-04, 2.0036e+00, 3.8937e-02, 
 2DIAGNOSTIC,    12, -7.505011734268e-01, 1.844045617821e-04, 2.0453e+00, 4.1678e-02, 
 2DIAGNOSTIC,    13, -7.505088021156e-01, 1.388455001657e-04, 2.0834e+00, 3.8112e-02, 
 2DIAGNOSTIC,    14, -7.504878836946e-01, 9.580050901042e-05, 2.1159e+00, 3.2496e-02, 
 2DIAGNOSTIC,    15, -7.504848086767e-01, 5.820152880594e-05, 2.1552e+00, 3.9362e-02, 
 2DIAGNOSTIC,    16, -7.504811132295e-01, 3.014018329521e-05, 2.1912e+00, 3.5972e-02, 
 2DIAGNOSTIC,    17, -7.505241476778e-01, 1.550749279885e-05, 2.2346e+00, 4.3406e-02, 
 2DIAGNOSTIC,    18, -7.505179085458e-01, 2.820146395854e-06, 2.2780e+00, 4.3361e-02, 
DIAGNOSTIC,Iteration,metricValue,convergenceValue,ITERATION_TIME_INDEX,SINCE_LAST
 2DIAGNOSTIC,     1, -6.294203912759e-01, 1.797693134862e+308, 3.4216e+00, 1.1436e+00, 
 2DIAGNOSTIC,     2, -6.299360831186e-01, 1.797693134862e+308, 3.6887e+00, 2.6715e-01, 
 2DIAGNOSTIC,     3, -6.304673519146e-01, 1.797693134862e+308, 3.9350e+00, 2.4631e-01, 
 2DIAGNOSTIC,     4, -6.311514353187e-01, 1.797693134862e+308, 4.2271e+00, 2.9206e-01, 
 2DIAGNOSTIC,     5, -6.319702681991e-01, 1.797693134862e+308, 4.5049e+00, 2.7779e-01, 
 2DIAGNOSTIC,     6, -6.327349058012e-01, 1.797693134862e+308, 5.0188e+00, 5.1388e-01, 
 2DIAGNOSTIC,     7, -6.327262345598e-01, 1.797693134862e+308, 5.3951e+00, 3.7640e-01, 
 2DIAGNOSTIC,     8, -6.327233168900e-01, 1.797693134862e+308, 5.7050e+00, 3.0986e-01, 
 2DIAGNOSTIC,     9, -6.327209142201e-01, 1.797693134862e+308, 6.0762e+00, 3.7121e-01, 
 2DIAGNOSTIC,    10, -6.327171668782e-01, 3.710164723954e-04, 6.3562e+00, 2.8000e-01, 
 2DIAGNOSTIC,    11, -6.327147598947e-01, 2.563048516213e-04, 6.6482e+00, 2.9199e-01, 
 2DIAGNOSTIC,    12, -6.327139076369e-01, 1.574547231269e-04, 6.9236e+00, 2.7539e-01, 
 2DIAGNOSTIC,    13, -6.327092409609e-01, 7.817078975268e-05, 7.2267e+00, 3.0306e-01, 
 2DIAGNOSTIC,    14, -6.327084294946e-01, 2.484079936206e-05, 7.5102e+00, 2.8351e-01, 
DIAGNOSTIC,Iteration,metricValue,convergenceValue,ITERATION_TIME_INDEX,SINCE_LAST
 2DIAGNOSTIC,     1, -5.635833751829e-01, 1.797693134862e+308, 1.0487e+01, 2.9767e+00, 
 2DIAGNOSTIC,     2, -5.640382245541e-01, 1.797693134862e+308, 1.2233e+01, 1.7458e+00, 
 2DIAGNOSTIC,     3, -5.644828392378e-01, 1.797693134862e+308, 1.3923e+01, 1.6900e+00, 
 2DIAGNOSTIC,     4, -5.656655296083e-01, 1.797693134862e+308, 1.8889e+01, 4.9660e+00, 
 2DIAGNOSTIC,     5, -5.656655750598e-01, 1.797693134862e+308, 2.0742e+01, 1.8532e+00, 
 2DIAGNOSTIC,     6, -5.656654726182e-01, 1.797693134862e+308, 2.2982e+01, 2.2397e+00, 
 2DIAGNOSTIC,     7, -5.656653700291e-01, 1.797693134862e+308, 2.4849e+01, 1.8672e+00, 
 2DIAGNOSTIC,     8, -5.656652673351e-01, 1.797693134862e+308, 2.6560e+01, 1.7110e+00, 
 2DIAGNOSTIC,     9, -5.656651957547e-01, 1.797693134862e+308, 2.8427e+01, 1.8672e+00, 
 2DIAGNOSTIC,    10, -5.656650972678e-01, 2.210887831069e-04, 3.0182e+01, 1.7553e+00, 
 2DIAGNOSTIC,    11, -5.656650323733e-01, 1.244475757201e-04, 3.2041e+01, 1.8588e+00, 
 2DIAGNOSTIC,    12, -5.656649381698e-01, 5.214412253877e-05, 3.3770e+01, 1.7293e+00, 
 2DIAGNOSTIC,    13, -5.656648807816e-01, 2.384598319957e-06, 3.5865e+01, 2.0948e+00, 
 2DIAGNOSTIC,    14, -5.656649389567e-01, 2.216719524897e-06, 3.7726e+01, 1.8605e+00, 
 2DIAGNOSTIC,    15, -5.656647411349e-01, 2.071261693160e-06, 3.9605e+01, 1.8796e+00, 
 2DIAGNOSTIC,    16, -5.656645181513e-01, 1.938657978304e-06, 4.1843e+01, 2.2374e+00, 
 2DIAGNOSTIC,    17, -5.656643907860e-01, 1.819736075021e-06, 4.3517e+01, 1.6750e+00, 
 2DIAGNOSTIC,    18, -5.656641195092e-01, 1.708392165192e-06, 4.5208e+01, 1.6906e+00, 
 2DIAGNOSTIC,    19, -5.656640125840e-01, 1.609662507680e-06, 4.7553e+01, 2.3448e+00, 
 2DIAGNOSTIC,    20, -5.656638762578e-01, 1.521013672394e-06, 4.9506e+01, 1.9528e+00, 
 2DIAGNOSTIC,    21, -5.656637358790e-01, 1.442581208155e-06, 5.1583e+01, 2.0778e+00, 
 2DIAGNOSTIC,    22, -5.656635986430e-01, 1.372877087007e-06, 5.3472e+01, 1.8887e+00, 
 2DIAGNOSTIC,    23, -5.656634686572e-01, 1.311978833685e-06, 5.5329e+01, 1.8565e+00, 
 2DIAGNOSTIC,    24, -5.656633509831e-01, 1.261705173838e-06, 5.7214e+01, 1.8857e+00, 
 2DIAGNOSTIC,    25, -5.656633703567e-01, 1.217958943991e-06, 5.9234e+01, 2.0194e+00, 
 2DIAGNOSTIC,    26, -5.656631022996e-01, 1.173208315199e-06, 6.1001e+01, 1.7675e+00, 
 2DIAGNOSTIC,    27, -5.656631486559e-01, 1.135289603285e-06, 6.2929e+01, 1.9274e+00, 
 2DIAGNOSTIC,    28, -5.656631784287e-01, 1.099787706252e-06, 6.4876e+01, 1.9475e+00, 
 2DIAGNOSTIC,    29, -5.656630660241e-01, 1.066353673716e-06, 6.6580e+01, 1.7041e+00, 
 2DIAGNOSTIC,    30, -5.656628301832e-01, 1.031928559103e-06, 6.8265e+01, 1.6847e+00, 
  Elapsed time (stage 0): 6.9419e+01


Total elapsed time: 6.9421e+01
Info [verificarlo]: loaded backend libinterflop_vprec.so
Info [interflop-vprec]: load backend with: 
Info [interflop-vprec]: precision-binary32 = 14
Info [interflop-vprec]: range-binary32 = 8
Info [interflop-vprec]: precision-binary64 = 14
Info [interflop-vprec]: range-binary64 = 8
Info [interflop-vprec]: mode = ob
Info [interflop-vprec]: error-mode = rel
Info [interflop-vprec]: max-abs-error-exponent = -1022
Info [interflop-vprec]: daz = false
Info [interflop-vprec]: ftz = false
Info [interflop-vprec]: 	instrument = none
Info [interflop-vprec]: 	prec-input-file = (null)
Info [interflop-vprec]: 	prec-output-file = (null)
Info [interflop-vprec]: 	prec-log-file = (null)
All_Command_lines_OK
Using double precision for computations.
=============================================================================
The composite transform comprises the following transforms (in order): 
  1. /home/mdugre/scratch/mri-registration-rp/datasets/ds004513/derivatives/mri-registration-rp/0001/antsRegistration-r8-p14/sub-s017/affine_Composite.h5[0] (type = Euler3DTransform)
  2. /home/mdugre/scratch/mri-registration-rp/datasets/ds004513/derivatives/mri-registration-rp/0001/antsRegistration-r8-p14/sub-s017/affine_Composite.h5[1] (type = Euler3DTransform)
  3. /home/mdugre/scratch/mri-registration-rp/datasets/ds004513/derivatives/mri-registration-rp/0001/antsRegistration-r8-p14/sub-s017/affine_Composite.h5[2] (type = Euler3DTransform)
  4. /home/mdugre/scratch/mri-registration-rp/datasets/ds004513/derivatives/mri-registration-rp/0001/antsRegistration-r8-p14/sub-s017/affine_Composite.h5[3] (type = AffineTransform)
=============================================================================
  number of levels = 4
  fixed image: /templateflow/tpl-MNI152NLin2009cAsym/tpl-MNI152NLin2009cAsym_res-01_desc-brain_T1w.nii.gz
  moving image: /home/mdugre/scratch/mri-registration-rp/datasets/ds004513/derivatives/mri-registration-rp/antsBrainExtraction/sub-s017/BrainExtractionBrain.nii.gz
Dimension = 3
Number of stages = 1
Use histogram matching = false
Winsorize image intensities = true
  Lower quantile = 0.005
  Upper quantile = 0.995


Stage 1 State
   Image metric = CC
     Fixed image = Image (0x41da6f0)
  RTTI typeinfo:   itk::Image<double, 3u>
  Reference Count: 2
  Modified Time: 1606
  Debug: Off
  Object Name: 
  Observers: 
    none
  Source: (none)
  Source output name: (none)
  Release Data: Off
  Data Released: False
  Global Release Data: Off
  PipelineMTime: 0
  UpdateMTime: 1217
  RealTimeStamp: 0 seconds 
  LargestPossibleRegion: 
    Dimension: 3
    Index: [0, 0, 0]
    Size: [193, 229, 193]
  BufferedRegion: 
    Dimension: 3
    Index: [0, 0, 0]
    Size: [193, 229, 193]
  RequestedRegion: 
    Dimension: 3
    Index: [0, 0, 0]
    Size: [193, 229, 193]
  Spacing: [1, 1, 1]
  Origin: [96, 132, -78]
  Direction: 
-1 0 0
0 -1 0
0 0 1

  IndexToPointMatrix: 
-1 0 0
0 -1 0
0 0 1

  PointToIndexMatrix: 
-1 0 0
0 -1 0
0 0 1

  Inverse Direction: 
-1 0 0
0 -1 0
0 0 1

  PixelContainer: 
    ImportImageContainer (0x42a88b0)
