
##########################
# Experiment information #
##########################

EXPERIMENT_NAME: antsRegistration-r8-p22
VFC_BACKENDS: libinterflop_vprec.so --range-binary32=8 --precision-binary32=22 --range-binary64=8 --precision-binary64=22

SIF_IMG: /home/mdugre/projects/rrg-glatard/mdugre/containers/ants-vprec-no_metrics.simg

SUBJECT_ID: s037
INPUT_IMG: /home/mdugre/scratch/mri-registration-rp/datasets/ds004513/derivatives/mri-registration-rp/antsBrainExtraction/sub-s037/BrainExtractionBrain.nii.gz
OUTPUT_DIR: /home/mdugre/scratch/mri-registration-rp/datasets/ds004513/derivatives/mri-registration-rp/0001/antsRegistration-r8-p22/sub-s037

FIXED_IMG: /templateflow/tpl-MNI152NLin2009cAsym/tpl-MNI152NLin2009cAsym_res-01_desc-brain_T1w.nii.gz
DATA_DIR: /home/mdugre/scratch/mri-registration-rp/datasets/ds004513
TEMPLATEFLOW_DIR: /home/mdugre/projects/rrg-glatard/mdugre/templateflow
ITK_GLOBAL_DEFAULT_NUMBER_OF_THREADS: 16
##########################

Info [verificarlo]: loaded backend libinterflop_ieee.so
Info [interflop-ieee]: load backend with:
Info [interflop-ieee]: debug = false
Info [interflop-ieee]: debug-binary = false
Info [interflop-ieee]: no-backend-name = false
Info [interflop-ieee]: print-new-line = false
Info [interflop-ieee]: print-subnormal-normalized = false
Info [interflop-ieee]: count-op = false
All_Command_lines_OK
Using double precision for computations.
=============================================================================
The composite transform comprises the following transforms (in order): 
  1. Center of mass alignment using fixed image: /templateflow/tpl-MNI152NLin2009cAsym/tpl-MNI152NLin2009cAsym_res-01_desc-brain_T1w.nii.gz and moving image: /home/mdugre/scratch/mri-registration-rp/datasets/ds004513/derivatives/mri-registration-rp/antsBrainExtraction/sub-s037/BrainExtractionBrain.nii.gz (type = Euler3DTransform)
=============================================================================
  number of levels = 1
  fixed image: /templateflow/tpl-MNI152NLin2009cAsym/tpl-MNI152NLin2009cAsym_res-01_desc-brain_T1w.nii.gz
  moving image: /home/mdugre/scratch/mri-registration-rp/datasets/ds004513/derivatives/mri-registration-rp/antsBrainExtraction/sub-s037/BrainExtractionBrain.nii.gz
Dimension = 3
Number of stages = 1
Use histogram matching = false
Winsorize image intensities = true
  Lower quantile = 0.005
  Upper quantile = 0.995


Stage 1 State
   Image metric = MattesMI
     Fixed image = Image (0x5177e70)
  RTTI typeinfo:   itk::Image<double, 3u>
  Reference Count: 2
  Modified Time: 2330
  Debug: Off
  Object Name: 
  Observers: 
    none
  Source: (none)
  Source output name: (none)
  Release Data: Off
  Data Released: False
  Global Release Data: Off
  PipelineMTime: 0
  UpdateMTime: 1941
  RealTimeStamp: 0 seconds 
  LargestPossibleRegion: 
    Dimension: 3
    Index: [0, 0, 0]
    Size: [193, 229, 193]
  BufferedRegion: 
    Dimension: 3
    Index: [0, 0, 0]
    Size: [193, 229, 193]
  RequestedRegion: 
    Dimension: 3
    Index: [0, 0, 0]
    Size: [193, 229, 193]
  Spacing: [1, 1, 1]
  Origin: [96, 132, -78]
  Direction: 
-1 0 0
0 -1 0
0 0 1

  IndexToPointMatrix: 
-1 0 0
0 -1 0
0 0 1

  PointToIndexMatrix: 
-1 0 0
0 -1 0
0 0 1

  Inverse Direction: 
-1 0 0
0 -1 0
0 0 1

  PixelContainer: 
    ImportImageContainer (0x5180c60)
      RTTI typeinfo:   itk::ImportImageContainer<unsigned long, double>
      Reference Count: 1
      Modified Time: 1938
      Debug: Off
      Object Name: 
      Observers: 
        none
      Pointer: 0x14e3c14b1010
      Container manages memory: true
      Size: 8530021
      Capacity: 8530021

     Moving image = Image (0x5214ec0)
  RTTI typeinfo:   itk::Image<double, 3u>
  Reference Count: 2
  Modified Time: 2331
  Debug: Off
  Object Name: 
  Observers: 
    none
  Source: (none)
  Source output name: (none)
  Release Data: Off
  Data Released: False
  Global Release Data: Off
  PipelineMTime: 0
  UpdateMTime: 2328
  RealTimeStamp: 0 seconds 
  LargestPossibleRegion: 
    Dimension: 3
    Index: [0, 0, 0]
    Size: [160, 240, 256]
  BufferedRegion: 
    Dimension: 3
    Index: [0, 0, 0]
    Size: [160, 240, 256]
  RequestedRegion: 
    Dimension: 3
    Index: [0, 0, 0]
    Size: [160, 240, 256]
  Spacing: [1, 1, 1]
  Origin: [87.9508, 102.562, -147.639]
  Direction: 
-0.998659 -0.0436121 -0.0279129
0.043595 -0.999049 0.00121847
-0.0279395 -2.65543e-08 0.99961

  IndexToPointMatrix: 
-0.998659 -0.0436121 -0.0279129
0.043595 -0.999049 0.00121847
-0.0279395 -2.65543e-08 0.99961

  PointToIndexMatrix: 
-0.998659 0.043595 -0.0279395
-0.0436121 -0.999049 -2.65517e-08
-0.0279129 0.00121847 0.99961

  Inverse Direction: 
-0.998659 0.043595 -0.0279395
-0.0436121 -0.999049 -2.65517e-08
-0.0279129 0.00121847 0.99961

  PixelContainer: 
    ImportImageContainer (0x52ac610)
      RTTI typeinfo:   itk::ImportImageContainer<unsigned long, double>
      Reference Count: 1
      Modified Time: 2325
      Debug: Off
      Object Name: 
      Observers: 
        none
      Pointer: 0x14e3bc9b0010
      Container manages memory: true
      Size: 9830400
      Capacity: 9830400

     Weighting = 1
     Sampling strategy = regular
     Number of bins = 32
     Radius = 4
     Sampling percentage  = 0.25
   Transform = Rigid
     Gradient step = 0.1
     Update field sigma (voxel space) = 0
     Total field sigma (voxel space) = 0
     Update field time sigma = 0
     Total field time sigma  = 0
     Number of time indices = 0
     Number of time point samples = 0
Registration using 1 total stages.

Stage 0
  iterations = 0
  convergence threshold = 1e-06
  convergence window size = 10
  number of levels = 1
  using the Mattes MI metric (number of bins = 32, weight = 1, use gradient filter = 0)
  preprocessing:  winsorizing the image intensities
  Shrink factors (level 1 out of 1): [1, 1, 1]
  smoothing sigmas per level: [0]
  regular sampling (percentage = 0.25)

*** Running Euler3DTransform registration ***

  Elapsed time (stage 0): 1.06676


Total elapsed time: 1.06964
Info [verificarlo]: loaded backend libinterflop_ieee.so
Info [interflop-ieee]: load backend with:
Info [interflop-ieee]: debug = false
Info [interflop-ieee]: debug-binary = false
Info [interflop-ieee]: no-backend-name = false
Info [interflop-ieee]: print-new-line = false
Info [interflop-ieee]: print-subnormal-normalized = false
Info [interflop-ieee]: count-op = false
All_Command_lines_OK
Using double precision for computations.
=============================================================================
The composite transform comprises the following transforms (in order): 
  1. /home/mdugre/scratch/mri-registration-rp/datasets/ds004513/derivatives/mri-registration-rp/0001/antsRegistration-r8-p22/sub-s037/align_Composite.h5[0] (type = Euler3DTransform)
  2. /home/mdugre/scratch/mri-registration-rp/datasets/ds004513/derivatives/mri-registration-rp/0001/antsRegistration-r8-p22/sub-s037/align_Composite.h5[1] (type = Euler3DTransform)
=============================================================================
  number of levels = 4
  fixed image: /templateflow/tpl-MNI152NLin2009cAsym/tpl-MNI152NLin2009cAsym_res-01_desc-brain_T1w.nii.gz
  moving image: /home/mdugre/scratch/mri-registration-rp/datasets/ds004513/derivatives/mri-registration-rp/antsBrainExtraction/sub-s037/BrainExtractionBrain.nii.gz
Dimension = 3
Number of stages = 1
Use histogram matching = false
Winsorize image intensities = true
  Lower quantile = 0.005
  Upper quantile = 0.995


Stage 1 State
   Image metric = MattesMI
     Fixed image = Image (0x3f63530)
  RTTI typeinfo:   itk::Image<double, 3u>
  Reference Count: 2
  Modified Time: 1578
  Debug: Off
  Object Name: 
  Observers: 
    none
  Source: (none)
  Source output name: (none)
  Release Data: Off
  Data Released: False
  Global Release Data: Off
  PipelineMTime: 0
  UpdateMTime: 1189
  RealTimeStamp: 0 seconds 
  LargestPossibleRegion: 
    Dimension: 3
    Index: [0, 0, 0]
    Size: [193, 229, 193]
  BufferedRegion: 
    Dimension: 3
    Index: [0, 0, 0]
    Size: [193, 229, 193]
  RequestedRegion: 
    Dimension: 3
    Index: [0, 0, 0]
    Size: [193, 229, 193]
  Spacing: [1, 1, 1]
  Origin: [96, 132, -78]
  Direction: 
-1 0 0
0 -1 0
0 0 1

  IndexToPointMatrix: 
-1 0 0
0 -1 0
0 0 1

  PointToIndexMatrix: 
-1 0 0
0 -1 0
0 0 1

  Inverse Direction: 
-1 0 0
0 -1 0
0 0 1

  PixelContainer: 
    ImportImageContainer (0x4021d60)
      RTTI typeinfo:   itk::ImportImageContainer<unsigned long, double>
      Reference Count: 1
      Modified Time: 1186
      Debug: Off
      Object Name: 
      Observers: 
        none
      Pointer: 0x1469d6641010
      Container manages memory: true
      Size: 8530021
      Capacity: 8530021

     Moving image = Image (0x4013f60)
  RTTI typeinfo:   itk::Image<double, 3u>
  Reference Count: 2
  Modified Time: 1579
  Debug: Off
  Object Name: 
  Observers: 
    none
  Source: (none)
  Source output name: (none)
  Release Data: Off
  Data Released: False
  Global Release Data: Off
  PipelineMTime: 0
  UpdateMTime: 1576
  RealTimeStamp: 0 seconds 
  LargestPossibleRegion: 
    Dimension: 3
    Index: [0, 0, 0]
    Size: [160, 240, 256]
  BufferedRegion: 
    Dimension: 3
    Index: [0, 0, 0]
    Size: [160, 240, 256]
  RequestedRegion: 
    Dimension: 3
    Index: [0, 0, 0]
    Size: [160, 240, 256]
  Spacing: [1, 1, 1]
  Origin: [87.9508, 102.562, -147.639]
  Direction: 
-0.998659 -0.0436121 -0.0279129
0.043595 -0.999049 0.00121847
-0.0279395 -2.65543e-08 0.99961

  IndexToPointMatrix: 
-0.998659 -0.0436121 -0.0279129
0.043595 -0.999049 0.00121847
-0.0279395 -2.65543e-08 0.99961

  PointToIndexMatrix: 
-0.998659 0.043595 -0.0279395
-0.0436121 -0.999049 -2.65517e-08
-0.0279129 0.00121847 0.99961

  Inverse Direction: 
-0.998659 0.043595 -0.0279395
-0.0436121 -0.999049 -2.65517e-08
-0.0279129 0.00121847 0.99961

  PixelContainer: 
    ImportImageContainer (0x40056d0)
      RTTI typeinfo:   itk::ImportImageContainer<unsigned long, double>
      Reference Count: 1
      Modified Time: 1573
      Debug: Off
      Object Name: 
      Observers: 
        none
      Pointer: 0x1469d1b40010
      Container manages memory: true
      Size: 9830400
      Capacity: 9830400

     Weighting = 1
     Sampling strategy = regular
     Number of bins = 32
     Radius = 4
     Sampling percentage  = 0.25
   Transform = Rigid
     Gradient step = 0.1
     Update field sigma (voxel space) = 0
     Total field sigma (voxel space) = 0
     Update field time sigma = 0
     Total field time sigma  = 0
     Number of time indices = 0
     Number of time point samples = 0
Registration using 1 total stages.

Stage 0
  iterations = 1000x500x250x100
  convergence threshold = 1e-06
  convergence window size = 10
  number of levels = 4
  using the Mattes MI metric (number of bins = 32, weight = 1, use gradient filter = 0)
  preprocessing:  winsorizing the image intensities
  Shrink factors (level 1 out of 4): [8, 8, 8]
  Shrink factors (level 2 out of 4): [4, 4, 4]
  Shrink factors (level 3 out of 4): [2, 2, 2]
  Shrink factors (level 4 out of 4): [1, 1, 1]
  smoothing sigmas per level: [3, 2, 1, 0]
  regular sampling (percentage = 0.25)

*** Running Euler3DTransform registration ***

DIAGNOSTIC,Iteration,metricValue,convergenceValue,ITERATION_TIME_INDEX,SINCE_LAST
 2DIAGNOSTIC,     1, -4.299060189477e-01, 1.797693134862e+308, 7.3826e-01, 7.3826e-01, 
 2DIAGNOSTIC,     2, -4.311703807429e-01, 1.797693134862e+308, 7.4273e-01, 4.4711e-03, 
 2DIAGNOSTIC,     3, -4.334997061176e-01, 1.797693134862e+308, 7.4689e-01, 4.1611e-03, 
 2DIAGNOSTIC,     4, -4.389575130370e-01, 1.797693134862e+308, 7.5074e-01, 3.8488e-03, 
 2DIAGNOSTIC,     5, -4.438813134482e-01, 1.797693134862e+308, 7.5469e-01, 3.9489e-03, 
 2DIAGNOSTIC,     6, -4.461495460377e-01, 1.797693134862e+308, 7.5883e-01, 4.1430e-03, 
 2DIAGNOSTIC,     7, -4.511407144429e-01, 1.797693134862e+308, 7.6397e-01, 5.1401e-03, 
 2DIAGNOSTIC,     8, -4.667812032718e-01, 1.797693134862e+308, 7.6908e-01, 5.1088e-03, 
 2DIAGNOSTIC,     9, -4.753090114372e-01, 1.797693134862e+308, 7.7350e-01, 4.4210e-03, 
 2DIAGNOSTIC,    10, -4.802481719655e-01, 7.481707542057e-03, 7.7834e-01, 4.8320e-03, 
 2DIAGNOSTIC,    11, -4.821261368877e-01, 7.356704266141e-03, 7.8283e-01, 4.4920e-03, 
 2DIAGNOSTIC,    12, -4.837491005315e-01, 6.749992380101e-03, 7.8774e-01, 4.9109e-03, 
 2DIAGNOSTIC,    13, -5.028244927602e-01, 6.622215038701e-03, 7.9492e-01, 7.1790e-03, 
 2DIAGNOSTIC,    14, -5.042109134429e-01, 6.183615245761e-03, 7.9919e-01, 4.2751e-03, 
 2DIAGNOSTIC,    15, -5.066116081837e-01, 5.558135432317e-03, 8.0343e-01, 4.2381e-03, 
 2DIAGNOSTIC,    16, -5.083451635774e-01, 4.676295420996e-03, 8.0787e-01, 4.4351e-03, 
 2DIAGNOSTIC,    17, -5.184993492981e-01, 3.998770501442e-03, 8.1474e-01, 6.8719e-03, 
 2DIAGNOSTIC,    18, -5.256348855808e-01, 3.769024583949e-03, 8.1917e-01, 4.4281e-03, 
 2DIAGNOSTIC,    19, -5.260487274530e-01, 3.491513195744e-03, 8.2423e-01, 5.0640e-03, 
 2DIAGNOSTIC,    20, -5.292109521957e-01, 3.174906779251e-03, 8.2936e-01, 5.1341e-03, 
 2DIAGNOSTIC,    21, -5.301818317577e-01, 2.681600146130e-03, 8.3368e-01, 4.3180e-03, 
 2DIAGNOSTIC,    22, -5.312241504823e-01, 2.041189270477e-03, 8.3846e-01, 4.7729e-03, 
 2DIAGNOSTIC,    23, -5.321371522773e-01, 1.776980006398e-03, 8.4371e-01, 5.2571e-03, 
 2DIAGNOSTIC,    24, -5.330747295349e-01, 1.429098831769e-03, 8.4786e-01, 4.1430e-03, 
 2DIAGNOSTIC,    25, -5.340979490754e-01, 1.060388163485e-03, 8.5251e-01, 4.6511e-03, 
 2DIAGNOSTIC,    26, -5.353301994308e-01, 6.839355678964e-04, 8.5818e-01, 5.6760e-03, 
 2DIAGNOSTIC,    27, -5.359878068144e-01, 5.005590150752e-04, 8.6230e-01, 4.1161e-03, 
 2DIAGNOSTIC,    28, -5.363339101319e-01, 4.385721573170e-04, 8.6649e-01, 4.1900e-03, 
 2DIAGNOSTIC,    29, -5.373051108836e-01, 3.660308353831e-04, 8.7070e-01, 4.2081e-03, 
 2DIAGNOSTIC,    30, -5.398201278647e-01, 3.716002822682e-04, 8.7561e-01, 4.9090e-03, 
 2DIAGNOSTIC,    31, -5.446418559776e-01, 4.465224532355e-04, 8.8513e-01, 9.5239e-03, 
 2DIAGNOSTIC,    32, -5.446641301656e-01, 4.912525394872e-04, 8.8920e-01, 4.0700e-03, 
 2DIAGNOSTIC,    33, -5.447642990850e-01, 5.056310315028e-04, 8.9329e-01, 4.0948e-03, 
 2DIAGNOSTIC,    34, -5.449307932787e-01, 4.903940209940e-04, 8.9735e-01, 4.0519e-03, 
 2DIAGNOSTIC,    35, -5.452043395085e-01, 4.491400948862e-04, 9.0146e-01, 4.1130e-03, 
 2DIAGNOSTIC,    36, -5.456973960404e-01, 3.933008000859e-04, 9.0548e-01, 4.0171e-03, 
 2DIAGNOSTIC,    37, -5.462998811774e-01, 3.227864687147e-04, 9.0945e-01, 3.9721e-03, 
 2DIAGNOSTIC,    38, -5.470544137792e-01, 2.429376908555e-04, 9.1347e-01, 4.0212e-03, 
 2DIAGNOSTIC,    39, -5.483331094454e-01, 1.763422731858e-04, 9.1802e-01, 4.5531e-03, 
 2DIAGNOSTIC,    40, -5.485726472536e-01, 1.327747497237e-04, 9.2208e-01, 4.0591e-03, 
 2DIAGNOSTIC,    41, -5.488484274548e-01, 1.482835452334e-04, 9.2662e-01, 4.5400e-03, 
 2DIAGNOSTIC,    42, -5.491453345432e-01, 1.532255556059e-04, 9.3078e-01, 4.1590e-03, 
 2DIAGNOSTIC,    43, -5.502445344087e-01, 1.586569608665e-04, 9.3587e-01, 5.0890e-03, 
 2DIAGNOSTIC,    44, -5.634847080874e-01, 3.167372961458e-04, 9.4194e-01, 6.0740e-03, 
 2DIAGNOSTIC,    45, -5.666768237340e-01, 4.749481084125e-04, 9.4673e-01, 4.7891e-03, 
 2DIAGNOSTIC,    46, -5.686999932461e-01, 6.115094534116e-04, 9.5129e-01, 4.5590e-03, 
 2DIAGNOSTIC,    47, -5.691071092858e-01, 6.972809371374e-04, 9.5534e-01, 4.0441e-03, 
 2DIAGNOSTIC,    48, -5.696223325744e-01, 7.266572471879e-04, 9.5953e-01, 4.1952e-03, 
 2DIAGNOSTIC,    49, -5.705246201726e-01, 7.072342838188e-04, 9.6406e-01, 4.5269e-03, 
 2DIAGNOSTIC,    50, -5.706942614521e-01, 6.243274824914e-04, 9.7139e-01, 7.3328e-03, 
 2DIAGNOSTIC,    51, -5.707731140149e-01, 4.910817890733e-04, 9.7537e-01, 3.9771e-03, 
 2DIAGNOSTIC,    52, -5.709275303599e-01, 3.230631083644e-04, 9.7989e-01, 4.5199e-03, 
 2DIAGNOSTIC,    53, -5.710675982068e-01, 1.404721222005e-04, 9.8385e-01, 3.9599e-03, 
 2DIAGNOSTIC,    54, -5.711481759299e-01, 8.482765139927e-05, 9.8785e-01, 4.0019e-03, 
 2DIAGNOSTIC,    55, -5.713061600418e-01, 5.580430517278e-05, 9.9179e-01, 3.9380e-03, 
 2DIAGNOSTIC,    56, -5.714704941775e-01, 4.378260270660e-05, 9.9574e-01, 3.9520e-03, 
 2DIAGNOSTIC,    57, -5.719189039797e-01, 3.611978302188e-05, 9.9974e-01, 3.9961e-03, 
 2DIAGNOSTIC,    58, -5.743127072137e-01, 5.204296315043e-05, 1.0043e+00, 4.5300e-03, 
 2DIAGNOSTIC,    59, -5.748272403782e-01, 7.477333069327e-05, 1.0093e+00, 4.9880e-03, 
 2DIAGNOSTIC,    60, -5.754230356630e-01, 9.658373003786e-05, 1.0133e+00, 4.0920e-03, 
 2DIAGNOSTIC,    61, -5.768237145788e-01, 1.215908233510e-04, 1.0185e+00, 5.1939e-03, 
 2DIAGNOSTIC,    62, -5.785274391319e-01, 1.497725491713e-04, 1.0238e+00, 5.2211e-03, 
 2DIAGNOSTIC,    63, -5.787315828692e-01, 1.650161805847e-04, 1.0284e+00, 4.6401e-03, 
 2DIAGNOSTIC,    64, -5.790362145810e-01, 1.673276372155e-04, 1.0329e+00, 4.4920e-03, 
 2DIAGNOSTIC,    65, -5.810111377653e-01, 1.713745205141e-04, 1.0371e+00, 4.2560e-03, 
 2DIAGNOSTIC,    66, -5.826823302067e-01, 1.731947400928e-04, 1.0420e+00, 4.8549e-03, 
 2DIAGNOSTIC,    67, -5.837072582064e-01, 1.691865425122e-04, 1.0484e+00, 6.4101e-03, 
 2DIAGNOSTIC,    68, -5.843178706423e-01, 1.727516949389e-04, 1.0526e+00, 4.2031e-03, 
 2DIAGNOSTIC,    69, -5.860805417591e-01, 1.773996406584e-04, 1.0573e+00, 4.6632e-03, 
 2DIAGNOSTIC,    70, -5.872762052490e-01, 1.777889349272e-04, 1.0617e+00, 4.3969e-03, 
 2DIAGNOSTIC,    71, -5.873798930593e-01, 1.716741069481e-04, 1.0663e+00, 4.6432e-03, 
 2DIAGNOSTIC,    72, -5.874123202743e-01, 1.623185628661e-04, 1.0705e+00, 4.1530e-03, 
 2DIAGNOSTIC,    73, -5.874439125397e-01, 1.396516402664e-04, 1.0751e+00, 4.6360e-03, 
 2DIAGNOSTIC,    74, -5.874712333897e-01, 1.062102389283e-04, 1.0802e+00, 5.1360e-03, 
 2DIAGNOSTIC,    75, -5.875907885367e-01, 7.787578322398e-05, 1.0870e+00, 6.7530e-03, 
 2DIAGNOSTIC,    76, -5.876677123620e-01, 5.496564405992e-05, 1.0912e+00, 4.2009e-03, 
 2DIAGNOSTIC,    77, -5.875983915919e-01, 3.411173924121e-05, 1.0958e+00, 4.5822e-03, 
 2DIAGNOSTIC,    78, -5.875214076344e-01, 1.397567100675e-05, 1.0999e+00, 4.1261e-03, 
 2DIAGNOSTIC,    79, -5.875325593930e-01, 4.647397185623e-06, 1.1042e+00, 4.3340e-03, 
 2DIAGNOSTIC,    80, -5.875468309703e-01, 3.037605646173e-06, 1.1087e+00, 4.4212e-03, 
 2DIAGNOSTIC,    81, -5.875616273404e-01, 1.963985265509e-06, 1.1130e+00, 4.3108e-03, 
 2DIAGNOSTIC,    82, -5.875756919643e-01, 1.082017094804e-06, 1.1171e+00, 4.1580e-03, 
DIAGNOSTIC,Iteration,metricValue,convergenceValue,ITERATION_TIME_INDEX,SINCE_LAST
 2DIAGNOSTIC,     1, -4.731995407702e-01, 1.797693134862e+308, 1.8660e+00, 7.4885e-01, 
 2DIAGNOSTIC,     2, -4.738887352816e-01, 1.797693134862e+308, 1.8947e+00, 2.8692e-02, 
 2DIAGNOSTIC,     3, -4.748720852869e-01, 1.797693134862e+308, 1.9235e+00, 2.8862e-02, 
 2DIAGNOSTIC,     4, -4.767438273696e-01, 1.797693134862e+308, 1.9522e+00, 2.8684e-02, 
 2DIAGNOSTIC,     5, -4.801829321077e-01, 1.797693134862e+308, 1.9803e+00, 2.8118e-02, 
 2DIAGNOSTIC,     6, -4.820433803056e-01, 1.797693134862e+308, 2.0127e+00, 3.2363e-02, 
 2DIAGNOSTIC,     7, -4.830052172034e-01, 1.797693134862e+308, 2.0415e+00, 2.8759e-02, 
 2DIAGNOSTIC,     8, -4.831815720488e-01, 1.797693134862e+308, 2.0714e+00, 2.9898e-02, 
 2DIAGNOSTIC,     9, -4.835329868495e-01, 1.797693134862e+308, 2.1042e+00, 3.2804e-02, 
 2DIAGNOSTIC,    10, -4.840727672802e-01, 1.684427225733e-03, 2.1406e+00, 3.6468e-02, 
 2DIAGNOSTIC,    11, -4.846991686369e-01, 1.358101405833e-03, 2.1726e+00, 3.1986e-02, 
 2DIAGNOSTIC,    12, -4.848133154699e-01, 1.005865733256e-03, 2.2025e+00, 2.9902e-02, 
 2DIAGNOSTIC,    13, -4.849271053475e-01, 6.687153956605e-04, 2.2335e+00, 3.0972e-02, 
 2DIAGNOSTIC,    14, -4.854909856186e-01, 4.198379718658e-04, 2.2697e+00, 3.6209e-02, 
 2DIAGNOSTIC,    15, -4.881902615854e-01, 4.052649667402e-04, 2.3109e+00, 4.1216e-02, 
 2DIAGNOSTIC,    16, -4.889389100216e-01, 4.479890737639e-04, 2.3388e+00, 2.7850e-02, 
 2DIAGNOSTIC,    17, -4.914491628920e-01, 5.655673120667e-04, 2.3669e+00, 2.8098e-02, 
 2DIAGNOSTIC,    18, -4.919365638926e-01, 6.389524136351e-04, 2.3951e+00, 2.8274e-02, 
 2DIAGNOSTIC,    19, -4.922443377483e-01, 6.659336268750e-04, 2.4275e+00, 3.2328e-02, 
 2DIAGNOSTIC,    20, -4.927349187046e-01, 6.579228652076e-04, 2.4573e+00, 2.9795e-02, 
 2DIAGNOSTIC,    21, -4.929338474527e-01, 6.118835776891e-04, 2.5063e+00, 4.9038e-02, 
 2DIAGNOSTIC,    22, -4.929767262256e-01, 5.174949506041e-04, 2.5368e+00, 3.0555e-02, 
 2DIAGNOSTIC,    23, -4.930554791771e-01, 3.885840074378e-04, 2.5665e+00, 2.9655e-02, 
 2DIAGNOSTIC,    24, -4.932523477508e-01, 2.520152723557e-04, 2.6123e+00, 4.5780e-02, 
 2DIAGNOSTIC,    25, -4.932878670710e-01, 1.670704415872e-04, 2.6474e+00, 3.5116e-02, 
 2DIAGNOSTIC,    26, -4.932768549689e-01, 8.832557695288e-05, 2.6805e+00, 3.3076e-02, 
 2DIAGNOSTIC,    27, -4.932681009100e-01, 6.143453136502e-05, 2.7136e+00, 3.3121e-02, 
 2DIAGNOSTIC,    28, -4.932556014518e-01, 4.069230694412e-05, 2.7466e+00, 3.2994e-02, 
 2DIAGNOSTIC,    29, -4.932883886670e-01, 2.422736986578e-05, 2.7829e+00, 3.6303e-02, 
 2DIAGNOSTIC,    30, -4.932979918127e-01, 1.629301953088e-05, 2.8162e+00, 3.3294e-02, 
 2DIAGNOSTIC,    31, -4.932858452390e-01, 1.100639373154e-05, 2.8458e+00, 2.9583e-02, 
 2DIAGNOSTIC,    32, -4.933191150731e-01, 6.532519728368e-06, 2.8839e+00, 3.8151e-02, 
 2DIAGNOSTIC,    33, -4.933283467436e-01, 3.253054834784e-06, 2.9145e+00, 3.0537e-02, 
 2DIAGNOSTIC,    34, -4.933361100872e-01, 3.426604890562e-06, 2.9515e+00, 3.7063e-02, 
 2DIAGNOSTIC,    35, -4.933395548342e-01, 4.006222745847e-06, 2.9869e+00, 3.5351e-02, 
 2DIAGNOSTIC,    36, -4.933313455559e-01, 3.962228154950e-06, 3.0154e+00, 2.8559e-02, 
 2DIAGNOSTIC,    37, -4.933481941635e-01, 3.767960630632e-06, 3.0475e+00, 3.2061e-02, 
 2DIAGNOSTIC,    38, -4.933889417757e-01, 3.712086372797e-06, 3.0827e+00, 3.5214e-02, 
 2DIAGNOSTIC,    39, -4.933969392829e-01, 3.977170293958e-06, 3.1150e+00, 3.2249e-02, 
 2DIAGNOSTIC,    40, -4.933983763415e-01, 4.108812063818e-06, 3.1465e+00, 3.1561e-02, 
 2DIAGNOSTIC,    41, -4.933945907566e-01, 3.693533855122e-06, 3.1784e+00, 3.1885e-02, 
 2DIAGNOSTIC,    42, -4.933769801834e-01, 3.233471919085e-06, 3.2102e+00, 3.1784e-02, 
 2DIAGNOSTIC,    43, -4.933835944606e-01, 2.765041315935e-06, 3.2383e+00, 2.8121e-02, 
 2DIAGNOSTIC,    44, -4.933946270251e-01, 2.364432587904e-06, 3.2698e+00, 3.1537e-02, 
 2DIAGNOSTIC,    45, -4.933936700893e-01, 1.864528367385e-06, 3.3010e+00, 3.1179e-02, 
 2DIAGNOSTIC,    46, -4.933979389101e-01, 1.233321305475e-06, 3.3294e+00, 2.8374e-02, 
DIAGNOSTIC,Iteration,metricValue,convergenceValue,ITERATION_TIME_INDEX,SINCE_LAST
 2DIAGNOSTIC,     1, -4.343765362302e-01, 1.797693134862e+308, 4.4135e+00, 1.0842e+00, 
 2DIAGNOSTIC,     2, -4.345449729096e-01, 1.797693134862e+308, 4.6597e+00, 2.4614e-01, 
 2DIAGNOSTIC,     3, -4.346791005704e-01, 1.797693134862e+308, 4.8970e+00, 2.3730e-01, 
 2DIAGNOSTIC,     4, -4.347614541351e-01, 1.797693134862e+308, 5.1518e+00, 2.5480e-01, 
 2DIAGNOSTIC,     5, -4.348210854144e-01, 1.797693134862e+308, 5.4337e+00, 2.8190e-01, 
 2DIAGNOSTIC,     6, -4.348352870595e-01, 1.797693134862e+308, 5.6851e+00, 2.5143e-01, 
 2DIAGNOSTIC,     7, -4.348526158416e-01, 1.797693134862e+308, 5.9292e+00, 2.4404e-01, 
 2DIAGNOSTIC,     8, -4.349249279599e-01, 1.797693134862e+308, 6.1468e+00, 2.1769e-01, 
 2DIAGNOSTIC,     9, -4.350186299540e-01, 1.797693134862e+308, 6.3672e+00, 2.2036e-01, 
 2DIAGNOSTIC,    10, -4.350323832658e-01, 8.731852447340e-05, 6.6208e+00, 2.5363e-01, 
 2DIAGNOSTIC,    11, -4.350392822940e-01, 6.438557517348e-05, 6.8756e+00, 2.5481e-01, 
 2DIAGNOSTIC,    12, -4.350271081221e-01, 4.822003499516e-05, 7.1182e+00, 2.4256e-01, 
 2DIAGNOSTIC,    13, -4.350252374971e-01, 3.695743662499e-05, 7.4005e+00, 2.8235e-01, 
 2DIAGNOSTIC,    14, -4.350225614217e-01, 2.774311463503e-05, 7.6190e+00, 2.1849e-01, 
 2DIAGNOSTIC,    15, -4.350233274888e-01, 2.007401149982e-05, 7.9535e+00, 3.3452e-01, 
 2DIAGNOSTIC,    16, -4.350226309662e-01, 1.233856299938e-05, 8.2007e+00, 2.4715e-01, 
 2DIAGNOSTIC,    17, -4.350187495919e-01, 5.056571033779e-06, 8.4501e+00, 2.4942e-01, 
DIAGNOSTIC,Iteration,metricValue,convergenceValue,ITERATION_TIME_INDEX,SINCE_LAST
 2DIAGNOSTIC,     1, -4.015454156273e-01, 1.797693134862e+308, 1.1068e+01, 2.6178e+00, 
 2DIAGNOSTIC,     2, -4.017177976920e-01, 1.797693134862e+308, 1.2600e+01, 1.5320e+00, 
 2DIAGNOSTIC,     3, -4.017695603697e-01, 1.797693134862e+308, 1.4252e+01, 1.6521e+00, 
 2DIAGNOSTIC,     4, -4.017853725294e-01, 1.797693134862e+308, 1.5748e+01, 1.4955e+00, 
 2DIAGNOSTIC,     5, -4.017939208533e-01, 1.797693134862e+308, 1.7312e+01, 1.5644e+00, 
 2DIAGNOSTIC,     6, -4.018372241047e-01, 1.797693134862e+308, 1.8723e+01, 1.4111e+00, 
 2DIAGNOSTIC,     7, -4.018713845356e-01, 1.797693134862e+308, 2.0921e+01, 2.1975e+00, 
 2DIAGNOSTIC,     8, -4.018860398361e-01, 1.797693134862e+308, 2.2359e+01, 1.4382e+00, 
 2DIAGNOSTIC,     9, -4.018951394663e-01, 1.797693134862e+308, 2.3725e+01, 1.3660e+00, 
 2DIAGNOSTIC,    10, -4.019012045448e-01, 4.843720663780e-05, 2.5320e+01, 1.5956e+00, 
 2DIAGNOSTIC,    11, -4.019054843846e-01, 3.043971200968e-05, 2.6818e+01, 1.4981e+00, 
 2DIAGNOSTIC,    12, -4.019123772060e-01, 2.343036963805e-05, 2.8263e+01, 1.4450e+00, 
 2DIAGNOSTIC,    13, -4.019176890350e-01, 1.872327338086e-05, 2.9817e+01, 1.5536e+00, 
 2DIAGNOSTIC,    14, -4.019304615890e-01, 1.468502343159e-05, 3.1338e+01, 1.5206e+00, 
 2DIAGNOSTIC,    15, -4.019457252465e-01, 1.113090649625e-05, 3.4214e+01, 2.8768e+00, 
 2DIAGNOSTIC,    16, -4.019455792633e-01, 9.059726999786e-06, 3.8581e+01, 4.3663e+00, 
 2DIAGNOSTIC,    17, -4.019455792587e-01, 8.003811575404e-06, 4.3164e+01, 4.5838e+00, 
 2DIAGNOSTIC,    18, -4.019455792587e-01, 7.073213580781e-06, 4.4738e+01, 1.5731e+00, 
 2DIAGNOSTIC,    19, -4.019455792587e-01, 6.076296901358e-06, 4.6423e+01, 1.6851e+00, 
 2DIAGNOSTIC,    20, -4.019455792587e-01, 4.975415499049e-06, 4.8136e+01, 1.7131e+00, 
 2DIAGNOSTIC,    21, -4.019455792587e-01, 3.808898807765e-06, 4.9840e+01, 1.7041e+00, 
 2DIAGNOSTIC,    22, -4.019455792587e-01, 2.763925528865e-06, 5.1949e+01, 2.1092e+00, 
 2DIAGNOSTIC,    23, -4.019455792587e-01, 1.844193897031e-06, 5.3660e+01, 1.7112e+00, 
 2DIAGNOSTIC,    24, -4.019455792587e-01, 1.321327140688e-06, 5.5373e+01, 1.7132e+00, 
 2DIAGNOSTIC,    25, -4.019455792587e-01, 1.272595474777e-06, 5.7184e+01, 1.8108e+00, 
 2DIAGNOSTIC,    26, -4.019455792587e-01, 1.223642272820e-06, 5.8835e+01, 1.6512e+00, 
 2DIAGNOSTIC,    27, -4.019455792587e-01, 1.178315636043e-06, 6.0492e+01, 1.6566e+00, 
 2DIAGNOSTIC,    28, -4.019455792587e-01, 1.136227067551e-06, 6.2208e+01, 1.7156e+00, 
 2DIAGNOSTIC,    29, -4.019455792587e-01, 1.097041549714e-06, 6.3968e+01, 1.7604e+00, 
 2DIAGNOSTIC,    30, -4.019455792587e-01, 1.060468739641e-06, 6.5578e+01, 1.6104e+00, 
 2DIAGNOSTIC,    31, -4.019455792587e-01, 1.026255762850e-06, 6.7095e+01, 1.5166e+00, 
  Elapsed time (stage 0): 6.7942e+01


Total elapsed time: 6.7945e+01
Info [verificarlo]: loaded backend libinterflop_ieee.so
Info [interflop-ieee]: load backend with:
Info [interflop-ieee]: debug = false
Info [interflop-ieee]: debug-binary = false
Info [interflop-ieee]: no-backend-name = false
Info [interflop-ieee]: print-new-line = false
Info [interflop-ieee]: print-subnormal-normalized = false
Info [interflop-ieee]: count-op = false
All_Command_lines_OK
Using double precision for computations.
=============================================================================
The composite transform comprises the following transforms (in order): 
  1. /home/mdugre/scratch/mri-registration-rp/datasets/ds004513/derivatives/mri-registration-rp/0001/antsRegistration-r8-p22/sub-s037/rigid_Composite.h5[0] (type = Euler3DTransform)
  2. /home/mdugre/scratch/mri-registration-rp/datasets/ds004513/derivatives/mri-registration-rp/0001/antsRegistration-r8-p22/sub-s037/rigid_Composite.h5[1] (type = Euler3DTransform)
  3. /home/mdugre/scratch/mri-registration-rp/datasets/ds004513/derivatives/mri-registration-rp/0001/antsRegistration-r8-p22/sub-s037/rigid_Composite.h5[2] (type = Euler3DTransform)
=============================================================================
  number of levels = 4
  fixed image: /templateflow/tpl-MNI152NLin2009cAsym/tpl-MNI152NLin2009cAsym_res-01_desc-brain_T1w.nii.gz
  moving image: /home/mdugre/scratch/mri-registration-rp/datasets/ds004513/derivatives/mri-registration-rp/antsBrainExtraction/sub-s037/BrainExtractionBrain.nii.gz
Dimension = 3
Number of stages = 1
Use histogram matching = false
Winsorize image intensities = true
  Lower quantile = 0.005
  Upper quantile = 0.995


Stage 1 State
   Image metric = MattesMI
     Fixed image = Image (0x3e497e0)
  RTTI typeinfo:   itk::Image<double, 3u>
  Reference Count: 2
  Modified Time: 1592
  Debug: Off
  Object Name: 
  Observers: 
    none
  Source: (none)
  Source output name: (none)
  Release Data: Off
  Data Released: False
  Global Release Data: Off
  PipelineMTime: 0
  UpdateMTime: 1203
  RealTimeStamp: 0 seconds 
  LargestPossibleRegion: 
    Dimension: 3
    Index: [0, 0, 0]
    Size: [193, 229, 193]
  BufferedRegion: 
    Dimension: 3
    Index: [0, 0, 0]
    Size: [193, 229, 193]
  RequestedRegion: 
    Dimension: 3
    Index: [0, 0, 0]
    Size: [193, 229, 193]
  Spacing: [1, 1, 1]
  Origin: [96, 132, -78]
  Direction: 
-1 0 0
0 -1 0
0 0 1

  IndexToPointMatrix: 
-1 0 0
0 -1 0
0 0 1

  PointToIndexMatrix: 
-1 0 0
0 -1 0
0 0 1

  Inverse Direction: 
-1 0 0
0 -1 0
0 0 1

  PixelContainer: 
    ImportImageContainer (0x3f09a20)
      RTTI typeinfo:   itk::ImportImageContainer<unsigned long, double>
      Reference Count: 1
      Modified Time: 1200
      Debug: Off
      Object Name: 
      Observers: 
        none
      Pointer: 0x14577b35b010
      Container manages memory: true
      Size: 8530021
      Capacity: 8530021

     Moving image = Image (0x3f04d70)
  RTTI typeinfo:   itk::Image<double, 3u>
  Reference Count: 2
  Modified Time: 1593
  Debug: Off
  Object Name: 
  Observers: 
    none
  Source: (none)
  Source output name: (none)
  Release Data: Off
  Data Released: False
  Global Release Data: Off
  PipelineMTime: 0
  UpdateMTime: 1590
  RealTimeStamp: 0 seconds 
  LargestPossibleRegion: 
    Dimension: 3
    Index: [0, 0, 0]
    Size: [160, 240, 256]
  BufferedRegion: 
    Dimension: 3
    Index: [0, 0, 0]
    Size: [160, 240, 256]
  RequestedRegion: 
    Dimension: 3
    Index: [0, 0, 0]
    Size: [160, 240, 256]
  Spacing: [1, 1, 1]
  Origin: [87.9508, 102.562, -147.639]
  Direction: 
-0.998659 -0.0436121 -0.0279129
0.043595 -0.999049 0.00121847
-0.0279395 -2.65543e-08 0.99961

  IndexToPointMatrix: 
-0.998659 -0.0436121 -0.0279129
0.043595 -0.999049 0.00121847
-0.0279395 -2.65543e-08 0.99961

  PointToIndexMatrix: 
-0.998659 0.043595 -0.0279395
-0.0436121 -0.999049 -2.65517e-08
-0.0279129 0.00121847 0.99961

  Inverse Direction: 
-0.998659 0.043595 -0.0279395
-0.0436121 -0.999049 -2.65517e-08
-0.0279129 0.00121847 0.99961

  PixelContainer: 
    ImportImageContainer (0x3ebcc90)
      RTTI typeinfo:   itk::ImportImageContainer<unsigned long, double>
      Reference Count: 1
      Modified Time: 1587
      Debug: Off
      Object Name: 
      Observers: 
        none
      Pointer: 0x14577685a010
      Container manages memory: true
      Size: 9830400
      Capacity: 9830400

     Weighting = 1
     Sampling strategy = regular
     Number of bins = 32
     Radius = 4
     Sampling percentage  = 0.25
   Transform = Affine
     Gradient step = 0.1
     Update field sigma (voxel space) = 0
     Total field sigma (voxel space) = 0
     Update field time sigma = 0
     Total field time sigma  = 0
     Number of time indices = 0
     Number of time point samples = 0
Registration using 1 total stages.

Stage 0
  iterations = 1000x500x250x100
  convergence threshold = 1e-06
  convergence window size = 10
  number of levels = 4
  using the Mattes MI metric (number of bins = 32, weight = 1, use gradient filter = 0)
  preprocessing:  winsorizing the image intensities
  Shrink factors (level 1 out of 4): [8, 8, 8]
  Shrink factors (level 2 out of 4): [4, 4, 4]
  Shrink factors (level 3 out of 4): [2, 2, 2]
  Shrink factors (level 4 out of 4): [1, 1, 1]
  smoothing sigmas per level: [3, 2, 1, 0]
  regular sampling (percentage = 0.25)

*** Running AffineTransform registration ***

DIAGNOSTIC,Iteration,metricValue,convergenceValue,ITERATION_TIME_INDEX,SINCE_LAST
 2DIAGNOSTIC,     1, -5.863628017326e-01, 1.797693134862e+308, 6.9679e-01, 6.9679e-01, 
 2DIAGNOSTIC,     2, -5.878160087363e-01, 1.797693134862e+308, 7.0133e-01, 4.5419e-03, 
 2DIAGNOSTIC,     3, -5.907142338256e-01, 1.797693134862e+308, 7.0626e-01, 4.9250e-03, 
 2DIAGNOSTIC,     4, -5.957184634932e-01, 1.797693134862e+308, 7.1058e-01, 4.3180e-03, 
 2DIAGNOSTIC,     5, -6.030603404244e-01, 1.797693134862e+308, 7.1488e-01, 4.2992e-03, 
 2DIAGNOSTIC,     6, -6.130415513797e-01, 1.797693134862e+308, 7.1947e-01, 4.5979e-03, 
 2DIAGNOSTIC,     7, -6.298937505831e-01, 1.797693134862e+308, 7.2364e-01, 4.1680e-03, 
 2DIAGNOSTIC,     8, -6.601279374208e-01, 1.797693134862e+308, 7.2852e-01, 4.8800e-03, 
 2DIAGNOSTIC,     9, -6.883525758226e-01, 1.797693134862e+308, 7.3427e-01, 5.7480e-03, 
 2DIAGNOSTIC,    10, -6.929568942997e-01, 1.186472815440e-02, 7.4078e-01, 6.5050e-03, 
 2DIAGNOSTIC,    11, -6.946083386000e-01, 1.189832378529e-02, 7.4556e-01, 4.7801e-03, 
 2DIAGNOSTIC,    12, -6.980986112465e-01, 1.105183212345e-02, 7.5045e-01, 4.8990e-03, 
 2DIAGNOSTIC,    13, -7.099593209799e-01, 9.826169335410e-03, 7.5597e-01, 5.5161e-03, 
 2DIAGNOSTIC,    14, -7.125961613221e-01, 8.122575972393e-03, 7.6154e-01, 5.5702e-03, 
 2DIAGNOSTIC,    15, -7.138616388187e-01, 6.190418343697e-03, 7.6698e-01, 5.4400e-03, 
 2DIAGNOSTIC,    16, -7.170262403837e-01, 4.324717905032e-03, 7.7350e-01, 6.5172e-03, 
 2DIAGNOSTIC,    17, -7.169075442861e-01, 2.711073861643e-03, 7.7880e-01, 5.3041e-03, 
 2DIAGNOSTIC,    18, -7.180595436529e-01, 1.768853037477e-03, 7.8408e-01, 5.2810e-03, 
 2DIAGNOSTIC,    19, -7.186382799284e-01, 1.414848665074e-03, 7.8910e-01, 5.0149e-03, 
 2DIAGNOSTIC,    20, -7.193580003935e-01, 1.084255010790e-03, 7.9396e-01, 4.8630e-03, 
 2DIAGNOSTIC,    21, -7.201121444390e-01, 7.361137508798e-04, 8.0103e-01, 7.0670e-03, 
 2DIAGNOSTIC,    22, -7.201189304602e-01, 4.147429462103e-04, 8.0693e-01, 5.8990e-03, 
 2DIAGNOSTIC,    23, -7.200081456500e-01, 2.995370502008e-04, 8.1229e-01, 5.3639e-03, 
 2DIAGNOSTIC,    24, -7.199709758708e-01, 2.121312707485e-04, 8.1767e-01, 5.3790e-03, 
 2DIAGNOSTIC,    25, -7.199004411638e-01, 1.309028805829e-04, 8.2254e-01, 4.8690e-03, 
 2DIAGNOSTIC,    26, -7.198423665078e-01, 9.422616618499e-05, 8.2787e-01, 5.3320e-03, 
 2DIAGNOSTIC,    27, -7.198831965300e-01, 5.022396841066e-05, 8.3321e-01, 5.3380e-03, 
 2DIAGNOSTIC,    28, -7.198137635679e-01, 2.105930466292e-05, 8.3856e-01, 5.3499e-03, 
DIAGNOSTIC,Iteration,metricValue,convergenceValue,ITERATION_TIME_INDEX,SINCE_LAST
 2DIAGNOSTIC,     1, -5.934518704355e-01, 1.797693134862e+308, 1.5499e+00, 7.1132e-01, 
 2DIAGNOSTIC,     2, -5.942784822217e-01, 1.797693134862e+308, 1.5850e+00, 3.5086e-02, 
 2DIAGNOSTIC,     3, -5.953968573619e-01, 1.797693134862e+308, 1.6207e+00, 3.5778e-02, 
 2DIAGNOSTIC,     4, -5.966039925553e-01, 1.797693134862e+308, 1.6580e+00, 3.7293e-02, 
 2DIAGNOSTIC,     5, -5.979350846988e-01, 1.797693134862e+308, 1.6955e+00, 3.7448e-02, 
 2DIAGNOSTIC,     6, -5.987328301886e-01, 1.797693134862e+308, 1.7335e+00, 3.7982e-02, 
 2DIAGNOSTIC,     7, -5.994112938237e-01, 1.797693134862e+308, 1.7748e+00, 4.1314e-02, 
 2DIAGNOSTIC,     8, -6.002363934804e-01, 1.797693134862e+308, 1.8278e+00, 5.2995e-02, 
 2DIAGNOSTIC,     9, -6.002961232593e-01, 1.797693134862e+308, 1.8647e+00, 3.6944e-02, 
 2DIAGNOSTIC,    10, -6.003312035844e-01, 8.104811244807e-04, 1.9029e+00, 3.8229e-02, 
 2DIAGNOSTIC,    11, -6.003396910966e-01, 6.143821708916e-04, 1.9396e+00, 3.6696e-02, 
 2DIAGNOSTIC,    12, -6.003558220547e-01, 4.291658040083e-04, 1.9783e+00, 3.8672e-02, 
 2DIAGNOSTIC,    13, -6.003496613370e-01, 2.738814067159e-04, 2.0150e+00, 3.6691e-02, 
 2DIAGNOSTIC,    14, -6.003610828077e-01, 1.568214524332e-04, 2.0556e+00, 4.0628e-02, 
 2DIAGNOSTIC,    15, -6.003616772437e-01, 8.339436590372e-05, 2.0974e+00, 4.1757e-02, 
 2DIAGNOSTIC,    16, -6.003463172833e-01, 3.467200663429e-05, 2.1366e+00, 3.9249e-02, 
 2DIAGNOSTIC,    17, -6.003385503717e-01, 6.800483546961e-06, 2.1764e+00, 3.9714e-02, 
 2DIAGNOSTIC,    18, -6.003301647649e-01, 3.082897197859e-06, 2.2147e+00, 3.8323e-02, 
DIAGNOSTIC,Iteration,metricValue,convergenceValue,ITERATION_TIME_INDEX,SINCE_LAST
 2DIAGNOSTIC,     1, -5.250126113490e-01, 1.797693134862e+308, 3.3182e+00, 1.1035e+00, 
 2DIAGNOSTIC,     2, -5.253377103665e-01, 1.797693134862e+308, 3.5925e+00, 2.7433e-01, 
 2DIAGNOSTIC,     3, -5.257482583613e-01, 1.797693134862e+308, 3.8494e+00, 2.5690e-01, 
 2DIAGNOSTIC,     4, -5.262319592962e-01, 1.797693134862e+308, 4.1170e+00, 2.6761e-01, 
 2DIAGNOSTIC,     5, -5.267428532322e-01, 1.797693134862e+308, 4.4078e+00, 2.9071e-01, 
 2DIAGNOSTIC,     6, -5.271814039097e-01, 1.797693134862e+308, 4.6861e+00, 2.7830e-01, 
 2DIAGNOSTIC,     7, -5.276434508566e-01, 1.797693134862e+308, 5.0739e+00, 3.8787e-01, 
 2DIAGNOSTIC,     8, -5.277241964139e-01, 1.797693134862e+308, 5.4292e+00, 3.5529e-01, 
 2DIAGNOSTIC,     9, -5.277440007250e-01, 1.797693134862e+308, 5.7779e+00, 3.4865e-01, 
 2DIAGNOSTIC,    10, -5.277482684037e-01, 3.785525968816e-04, 6.0464e+00, 2.6854e-01, 
 2DIAGNOSTIC,    11, -5.277782013965e-01, 2.865610434747e-04, 6.3307e+00, 2.8431e-01, 
 2DIAGNOSTIC,    12, -5.277892679723e-01, 1.992551145973e-04, 6.6002e+00, 2.6948e-01, 
 2DIAGNOSTIC,    13, -5.277995905119e-01, 1.249637490785e-04, 6.8950e+00, 2.9481e-01, 
 2DIAGNOSTIC,    14, -5.278172711318e-01, 6.940465332030e-05, 7.1818e+00, 2.8682e-01, 
 2DIAGNOSTIC,    15, -5.278705158196e-01, 3.519436663679e-05, 7.6606e+00, 4.7879e-01, 
 2DIAGNOSTIC,    16, -5.278720954455e-01, 1.660527430580e-05, 7.9880e+00, 3.2735e-01, 
 2DIAGNOSTIC,    17, -5.278703907313e-01, 1.341329522404e-05, 8.2942e+00, 3.0619e-01, 
 2DIAGNOSTIC,    18, -5.278706673965e-01, 1.195571634542e-05, 8.5562e+00, 2.6207e-01, 
 2DIAGNOSTIC,    19, -5.278690709374e-01, 1.022101480019e-05, 8.8606e+00, 3.0434e-01, 
 2DIAGNOSTIC,    20, -5.278694405308e-01, 7.950396661571e-06, 9.1423e+00, 2.8174e-01, 
 2DIAGNOSTIC,    21, -5.278688661126e-01, 6.053650051359e-06, 9.4047e+00, 2.6242e-01, 
 2DIAGNOSTIC,    22, -5.278720804110e-01, 4.275396317650e-06, 9.6698e+00, 2.6503e-01, 
 2DIAGNOSTIC,    23, -5.278741887377e-01, 2.680392943752e-06, 9.9288e+00, 2.5901e-01, 
 2DIAGNOSTIC,    24, -5.278850949724e-01, 1.704219101811e-06, 1.0239e+01, 3.1002e-01, 
 2DIAGNOSTIC,    25, -5.278882371698e-01, 1.979891792049e-06, 1.0648e+01, 4.0913e-01, 
 2DIAGNOSTIC,    26, -5.278903895793e-01, 2.247293997976e-06, 1.0970e+01, 3.2204e-01, 
 2DIAGNOSTIC,    27, -5.278923284099e-01, 2.404665431839e-06, 1.1261e+01, 2.9122e-01, 
 2DIAGNOSTIC,    28, -5.278933404068e-01, 2.459493432465e-06, 1.1564e+01, 3.0299e-01, 
 2DIAGNOSTIC,    29, -5.278924830585e-01, 2.337464071335e-06, 1.1828e+01, 2.6406e-01, 
 2DIAGNOSTIC,    30, -5.278949019764e-01, 2.157444547242e-06, 1.2099e+01, 2.7034e-01, 
 2DIAGNOSTIC,    31, -5.279030775259e-01, 2.017254303627e-06, 1.2376e+01, 2.7748e-01, 
 2DIAGNOSTIC,    32, -5.279760971038e-01, 3.073097323725e-06, 1.2824e+01, 4.4759e-01, 
 2DIAGNOSTIC,    33, -5.279787024667e-01, 3.908631472656e-06, 1.3129e+01, 3.0519e-01, 
 2DIAGNOSTIC,    34, -5.279782093210e-01, 4.594869517569e-06, 1.3489e+01, 3.6030e-01, 
 2DIAGNOSTIC,    35, -5.279782112451e-01, 4.960262374547e-06, 1.3798e+01, 3.0859e-01, 
 2DIAGNOSTIC,    36, -5.279768358737e-01, 4.925136159677e-06, 1.4146e+01, 3.4808e-01, 
 2DIAGNOSTIC,    37, -5.279787762509e-01, 4.545763389652e-06, 1.4543e+01, 3.9675e-01, 
 2DIAGNOSTIC,    38, -5.279766089207e-01, 3.816145875246e-06, 1.4874e+01, 3.3106e-01, 
