
##########################
# Experiment information #
##########################

EXPERIMENT_NAME: antsRegistration-r8-p18
VFC_BACKENDS: libinterflop_vprec.so --range-binary32=8 --precision-binary32=18 --range-binary64=8 --precision-binary64=18

SIF_IMG: /home/mdugre/projects/rrg-glatard/mdugre/containers/ants-vprec-no_metrics.simg

SUBJECT_ID: s033
INPUT_IMG: /home/mdugre/scratch/mri-registration-rp/datasets/ds004513/derivatives/mri-registration-rp/antsBrainExtraction/sub-s033/BrainExtractionBrain.nii.gz
OUTPUT_DIR: /home/mdugre/scratch/mri-registration-rp/datasets/ds004513/derivatives/mri-registration-rp/0001/antsRegistration-r8-p18/sub-s033

FIXED_IMG: /templateflow/tpl-MNI152NLin2009cAsym/tpl-MNI152NLin2009cAsym_res-01_desc-brain_T1w.nii.gz
DATA_DIR: /home/mdugre/scratch/mri-registration-rp/datasets/ds004513
TEMPLATEFLOW_DIR: /home/mdugre/projects/rrg-glatard/mdugre/templateflow
ITK_GLOBAL_DEFAULT_NUMBER_OF_THREADS: 16
##########################

Info [verificarlo]: loaded backend libinterflop_ieee.so
Info [interflop-ieee]: load backend with:
Info [interflop-ieee]: debug = false
Info [interflop-ieee]: debug-binary = false
Info [interflop-ieee]: no-backend-name = false
Info [interflop-ieee]: print-new-line = false
Info [interflop-ieee]: print-subnormal-normalized = false
Info [interflop-ieee]: count-op = false
All_Command_lines_OK
Using double precision for computations.
=============================================================================
The composite transform comprises the following transforms (in order): 
  1. Center of mass alignment using fixed image: /templateflow/tpl-MNI152NLin2009cAsym/tpl-MNI152NLin2009cAsym_res-01_desc-brain_T1w.nii.gz and moving image: /home/mdugre/scratch/mri-registration-rp/datasets/ds004513/derivatives/mri-registration-rp/antsBrainExtraction/sub-s033/BrainExtractionBrain.nii.gz (type = Euler3DTransform)
=============================================================================
  number of levels = 1
  fixed image: /templateflow/tpl-MNI152NLin2009cAsym/tpl-MNI152NLin2009cAsym_res-01_desc-brain_T1w.nii.gz
  moving image: /home/mdugre/scratch/mri-registration-rp/datasets/ds004513/derivatives/mri-registration-rp/antsBrainExtraction/sub-s033/BrainExtractionBrain.nii.gz
Dimension = 3
Number of stages = 1
Use histogram matching = false
Winsorize image intensities = true
  Lower quantile = 0.005
  Upper quantile = 0.995


Stage 1 State
   Image metric = MattesMI
     Fixed image = Image (0x3649e70)
  RTTI typeinfo:   itk::Image<double, 3u>
  Reference Count: 2
  Modified Time: 2330
  Debug: Off
  Object Name: 
  Observers: 
    none
  Source: (none)
  Source output name: (none)
  Release Data: Off
  Data Released: False
  Global Release Data: Off
  PipelineMTime: 0
  UpdateMTime: 1941
  RealTimeStamp: 0 seconds 
  LargestPossibleRegion: 
    Dimension: 3
    Index: [0, 0, 0]
    Size: [193, 229, 193]
  BufferedRegion: 
    Dimension: 3
    Index: [0, 0, 0]
    Size: [193, 229, 193]
  RequestedRegion: 
    Dimension: 3
    Index: [0, 0, 0]
    Size: [193, 229, 193]
  Spacing: [1, 1, 1]
  Origin: [96, 132, -78]
  Direction: 
-1 0 0
0 -1 0
0 0 1

  IndexToPointMatrix: 
-1 0 0
0 -1 0
0 0 1

  PointToIndexMatrix: 
-1 0 0
0 -1 0
0 0 1

  Inverse Direction: 
-1 0 0
0 -1 0
0 0 1

  PixelContainer: 
    ImportImageContainer (0x3652c60)
      RTTI typeinfo:   itk::ImportImageContainer<unsigned long, double>
      Reference Count: 1
      Modified Time: 1938
      Debug: Off
      Object Name: 
      Observers: 
        none
      Pointer: 0x1514edced010
      Container manages memory: true
      Size: 8530021
      Capacity: 8530021

     Moving image = Image (0x364c540)
  RTTI typeinfo:   itk::Image<double, 3u>
  Reference Count: 2
  Modified Time: 2331
  Debug: Off
  Object Name: 
  Observers: 
    none
  Source: (none)
  Source output name: (none)
  Release Data: Off
  Data Released: False
  Global Release Data: Off
  PipelineMTime: 0
  UpdateMTime: 2328
  RealTimeStamp: 0 seconds 
  LargestPossibleRegion: 
    Dimension: 3
    Index: [0, 0, 0]
    Size: [160, 240, 256]
  BufferedRegion: 
    Dimension: 3
    Index: [0, 0, 0]
    Size: [160, 240, 256]
  RequestedRegion: 
    Dimension: 3
    Index: [0, 0, 0]
    Size: [160, 240, 256]
  Spacing: [1, 1, 1]
  Origin: [91.5134, 94.282, -109.927]
  Direction: 
-0.99591 -0.0698718 -0.0572835
0.0697565 -0.997556 0.00401236
-0.0574239 5.01125e-08 0.99835

  IndexToPointMatrix: 
-0.99591 -0.0698718 -0.0572835
0.0697565 -0.997556 0.00401236
-0.0574239 5.01125e-08 0.99835

  PointToIndexMatrix: 
-0.99591 0.0697565 -0.0574239
-0.0698718 -0.997556 5.01483e-08
-0.0572835 0.00401236 0.99835

  Inverse Direction: 
-0.99591 0.0697565 -0.0574239
-0.0698718 -0.997556 5.01483e-08
-0.0572835 0.00401236 0.99835

  PixelContainer: 
    ImportImageContainer (0x375e610)
      RTTI typeinfo:   itk::ImportImageContainer<unsigned long, double>
      Reference Count: 1
      Modified Time: 2325
      Debug: Off
      Object Name: 
      Observers: 
        none
      Pointer: 0x1514e91ec010
      Container manages memory: true
      Size: 9830400
      Capacity: 9830400

     Weighting = 1
     Sampling strategy = regular
     Number of bins = 32
     Radius = 4
     Sampling percentage  = 0.25
   Transform = Rigid
     Gradient step = 0.1
     Update field sigma (voxel space) = 0
     Total field sigma (voxel space) = 0
     Update field time sigma = 0
     Total field time sigma  = 0
     Number of time indices = 0
     Number of time point samples = 0
Registration using 1 total stages.

Stage 0
  iterations = 0
  convergence threshold = 1e-06
  convergence window size = 10
  number of levels = 1
  using the Mattes MI metric (number of bins = 32, weight = 1, use gradient filter = 0)
  preprocessing:  winsorizing the image intensities
  Shrink factors (level 1 out of 1): [1, 1, 1]
  smoothing sigmas per level: [0]
  regular sampling (percentage = 0.25)

*** Running Euler3DTransform registration ***

  Elapsed time (stage 0): 1.12272


Total elapsed time: 1.12825
Info [verificarlo]: loaded backend libinterflop_ieee.so
Info [interflop-ieee]: load backend with:
Info [interflop-ieee]: debug = false
Info [interflop-ieee]: debug-binary = false
Info [interflop-ieee]: no-backend-name = false
Info [interflop-ieee]: print-new-line = false
Info [interflop-ieee]: print-subnormal-normalized = false
Info [interflop-ieee]: count-op = false
All_Command_lines_OK
Using double precision for computations.
=============================================================================
The composite transform comprises the following transforms (in order): 
  1. /home/mdugre/scratch/mri-registration-rp/datasets/ds004513/derivatives/mri-registration-rp/0001/antsRegistration-r8-p18/sub-s033/align_Composite.h5[0] (type = Euler3DTransform)
  2. /home/mdugre/scratch/mri-registration-rp/datasets/ds004513/derivatives/mri-registration-rp/0001/antsRegistration-r8-p18/sub-s033/align_Composite.h5[1] (type = Euler3DTransform)
=============================================================================
  number of levels = 4
  fixed image: /templateflow/tpl-MNI152NLin2009cAsym/tpl-MNI152NLin2009cAsym_res-01_desc-brain_T1w.nii.gz
  moving image: /home/mdugre/scratch/mri-registration-rp/datasets/ds004513/derivatives/mri-registration-rp/antsBrainExtraction/sub-s033/BrainExtractionBrain.nii.gz
Dimension = 3
Number of stages = 1
Use histogram matching = false
Winsorize image intensities = true
  Lower quantile = 0.005
  Upper quantile = 0.995


Stage 1 State
   Image metric = MattesMI
     Fixed image = Image (0x4734530)
  RTTI typeinfo:   itk::Image<double, 3u>
  Reference Count: 2
  Modified Time: 1578
  Debug: Off
  Object Name: 
  Observers: 
    none
  Source: (none)
  Source output name: (none)
  Release Data: Off
  Data Released: False
  Global Release Data: Off
  PipelineMTime: 0
  UpdateMTime: 1189
  RealTimeStamp: 0 seconds 
  LargestPossibleRegion: 
    Dimension: 3
    Index: [0, 0, 0]
    Size: [193, 229, 193]
  BufferedRegion: 
    Dimension: 3
    Index: [0, 0, 0]
    Size: [193, 229, 193]
  RequestedRegion: 
    Dimension: 3
    Index: [0, 0, 0]
    Size: [193, 229, 193]
  Spacing: [1, 1, 1]
  Origin: [96, 132, -78]
  Direction: 
-1 0 0
0 -1 0
0 0 1

  IndexToPointMatrix: 
-1 0 0
0 -1 0
0 0 1

  PointToIndexMatrix: 
-1 0 0
0 -1 0
0 0 1

  Inverse Direction: 
-1 0 0
0 -1 0
0 0 1

  PixelContainer: 
    ImportImageContainer (0x47f2d60)
      RTTI typeinfo:   itk::ImportImageContainer<unsigned long, double>
      Reference Count: 1
      Modified Time: 1186
      Debug: Off
      Object Name: 
      Observers: 
        none
      Pointer: 0x14ccc66b6010
      Container manages memory: true
      Size: 8530021
      Capacity: 8530021

     Moving image = Image (0x47e4f60)
  RTTI typeinfo:   itk::Image<double, 3u>
  Reference Count: 2
  Modified Time: 1579
  Debug: Off
  Object Name: 
  Observers: 
    none
  Source: (none)
  Source output name: (none)
  Release Data: Off
  Data Released: False
  Global Release Data: Off
  PipelineMTime: 0
  UpdateMTime: 1576
  RealTimeStamp: 0 seconds 
  LargestPossibleRegion: 
    Dimension: 3
    Index: [0, 0, 0]
    Size: [160, 240, 256]
  BufferedRegion: 
    Dimension: 3
    Index: [0, 0, 0]
    Size: [160, 240, 256]
  RequestedRegion: 
    Dimension: 3
    Index: [0, 0, 0]
    Size: [160, 240, 256]
  Spacing: [1, 1, 1]
  Origin: [91.5134, 94.282, -109.927]
  Direction: 
-0.99591 -0.0698718 -0.0572835
0.0697565 -0.997556 0.00401236
-0.0574239 5.01125e-08 0.99835

  IndexToPointMatrix: 
-0.99591 -0.0698718 -0.0572835
0.0697565 -0.997556 0.00401236
-0.0574239 5.01125e-08 0.99835

  PointToIndexMatrix: 
-0.99591 0.0697565 -0.0574239
-0.0698718 -0.997556 5.01483e-08
-0.0572835 0.00401236 0.99835

  Inverse Direction: 
-0.99591 0.0697565 -0.0574239
-0.0698718 -0.997556 5.01483e-08
-0.0572835 0.00401236 0.99835

  PixelContainer: 
    ImportImageContainer (0x47d66d0)
      RTTI typeinfo:   itk::ImportImageContainer<unsigned long, double>
      Reference Count: 1
      Modified Time: 1573
      Debug: Off
      Object Name: 
      Observers: 
        none
      Pointer: 0x14ccc1bb5010
      Container manages memory: true
      Size: 9830400
      Capacity: 9830400

     Weighting = 1
     Sampling strategy = regular
     Number of bins = 32
     Radius = 4
     Sampling percentage  = 0.25
   Transform = Rigid
     Gradient step = 0.1
     Update field sigma (voxel space) = 0
     Total field sigma (voxel space) = 0
     Update field time sigma = 0
     Total field time sigma  = 0
     Number of time indices = 0
     Number of time point samples = 0
Registration using 1 total stages.

Stage 0
  iterations = 1000x500x250x100
  convergence threshold = 1e-06
  convergence window size = 10
  number of levels = 4
  using the Mattes MI metric (number of bins = 32, weight = 1, use gradient filter = 0)
  preprocessing:  winsorizing the image intensities
  Shrink factors (level 1 out of 4): [8, 8, 8]
  Shrink factors (level 2 out of 4): [4, 4, 4]
  Shrink factors (level 3 out of 4): [2, 2, 2]
  Shrink factors (level 4 out of 4): [1, 1, 1]
  smoothing sigmas per level: [3, 2, 1, 0]
  regular sampling (percentage = 0.25)

*** Running Euler3DTransform registration ***

DIAGNOSTIC,Iteration,metricValue,convergenceValue,ITERATION_TIME_INDEX,SINCE_LAST
 2DIAGNOSTIC,     1, -4.945365495269e-01, 1.797693134862e+308, 8.1253e-01, 8.1253e-01, 
 2DIAGNOSTIC,     2, -4.961551199262e-01, 1.797693134862e+308, 8.1801e-01, 5.4882e-03, 
 2DIAGNOSTIC,     3, -4.991207097076e-01, 1.797693134862e+308, 8.2283e-01, 4.8139e-03, 
 2DIAGNOSTIC,     4, -5.030359852117e-01, 1.797693134862e+308, 8.2731e-01, 4.4818e-03, 
 2DIAGNOSTIC,     5, -5.059125054655e-01, 1.797693134862e+308, 8.3175e-01, 4.4410e-03, 
 2DIAGNOSTIC,     6, -5.092815596254e-01, 1.797693134862e+308, 8.3645e-01, 4.6961e-03, 
 2DIAGNOSTIC,     7, -5.205915484568e-01, 1.797693134862e+308, 8.4158e-01, 5.1370e-03, 
 2DIAGNOSTIC,     8, -5.236677933913e-01, 1.797693134862e+308, 8.4610e-01, 4.5180e-03, 
 2DIAGNOSTIC,     9, -5.261653611514e-01, 1.797693134862e+308, 8.5072e-01, 4.6198e-03, 
 2DIAGNOSTIC,    10, -5.313843279548e-01, 4.956236851461e-03, 8.5574e-01, 5.0209e-03, 
 2DIAGNOSTIC,    11, -5.461121550605e-01, 5.255951709878e-03, 8.6192e-01, 6.1760e-03, 
 2DIAGNOSTIC,    12, -5.563506773259e-01, 5.544499219500e-03, 8.6678e-01, 4.8609e-03, 
 2DIAGNOSTIC,    13, -6.011783753090e-01, 7.240286203975e-03, 8.7274e-01, 5.9621e-03, 
 2DIAGNOSTIC,    14, -6.166052825029e-01, 8.701253899203e-03, 8.7774e-01, 4.9980e-03, 
 2DIAGNOSTIC,    15, -6.211428291641e-01, 9.416357351019e-03, 8.8246e-01, 4.7209e-03, 
 2DIAGNOSTIC,    16, -6.235432151518e-01, 9.368281935237e-03, 8.8785e-01, 5.3861e-03, 
 2DIAGNOSTIC,    17, -6.347577461424e-01, 9.145335027648e-03, 8.9477e-01, 6.9251e-03, 
 2DIAGNOSTIC,    18, -6.413138476636e-01, 8.359392952068e-03, 9.0018e-01, 5.4052e-03, 
 2DIAGNOSTIC,    19, -6.420802712900e-01, 6.980623457762e-03, 9.0598e-01, 5.8060e-03, 
 2DIAGNOSTIC,    20, -6.425493369307e-01, 5.272872583134e-03, 9.1093e-01, 4.9481e-03, 
 2DIAGNOSTIC,    21, -6.431795004058e-01, 3.641466666253e-03, 9.1619e-01, 5.2569e-03, 
 2DIAGNOSTIC,    22, -6.434078409758e-01, 2.049113983346e-03, 9.2089e-01, 4.7059e-03, 
 2DIAGNOSTIC,    23, -6.435083889441e-01, 1.381096890915e-03, 9.2611e-01, 5.2161e-03, 
 2DIAGNOSTIC,    24, -6.436807755609e-01, 9.688116283279e-04, 9.3194e-01, 5.8260e-03, 
 2DIAGNOSTIC,    25, -6.439989390116e-01, 6.014653591517e-04, 9.3841e-01, 6.4700e-03, 
 2DIAGNOSTIC,    26, -6.448361531912e-01, 2.655196505836e-04, 9.4299e-01, 4.5881e-03, 
 2DIAGNOSTIC,    27, -6.460796037083e-01, 1.536865360328e-04, 9.4841e-01, 5.4171e-03, 
 2DIAGNOSTIC,    28, -6.463976196894e-01, 1.550353363254e-04, 9.5300e-01, 4.5860e-03, 
 2DIAGNOSTIC,    29, -6.463935458544e-01, 1.547432183296e-04, 9.5753e-01, 4.5350e-03, 
 2DIAGNOSTIC,    30, -6.464392298442e-01, 1.482978573644e-04, 9.6272e-01, 5.1839e-03, 
 2DIAGNOSTIC,    31, -6.463723508763e-01, 1.368671619040e-04, 9.6724e-01, 4.5199e-03, 
 2DIAGNOSTIC,    32, -6.464254415804e-01, 1.173265835809e-04, 9.7292e-01, 5.6870e-03, 
 2DIAGNOSTIC,    33, -6.464354984555e-01, 8.969330199265e-05, 9.8745e-01, 1.4532e-02, 
 2DIAGNOSTIC,    34, -6.464354984226e-01, 5.811489326764e-05, 1.0019e+00, 1.4490e-02, 
 2DIAGNOSTIC,    35, -6.464354984226e-01, 2.735368649290e-05, 1.0082e+00, 6.2099e-03, 
 2DIAGNOSTIC,    36, -6.464354984226e-01, 6.561973341972e-06, 1.0132e+00, 5.0430e-03, 
 2DIAGNOSTIC,    37, -6.464354984226e-01, 2.244498018854e-06, 1.0183e+00, 5.0728e-03, 
 2DIAGNOSTIC,    38, -6.464354984226e-01, 1.990753950357e-06, 1.0233e+00, 5.0569e-03, 
 2DIAGNOSTIC,    39, -6.464354984226e-01, 1.582335762917e-06, 1.0284e+00, 5.0669e-03, 
 2DIAGNOSTIC,    40, -6.464354984226e-01, 1.698173176475e-06, 1.0340e+00, 5.6009e-03, 
DIAGNOSTIC,Iteration,metricValue,convergenceValue,ITERATION_TIME_INDEX,SINCE_LAST
 2DIAGNOSTIC,     1, -5.367244451061e-01, 1.797693134862e+308, 1.7476e+00, 7.1357e-01, 
 2DIAGNOSTIC,     2, -5.380313834647e-01, 1.797693134862e+308, 1.7773e+00, 2.9739e-02, 
 2DIAGNOSTIC,     3, -5.401731910211e-01, 1.797693134862e+308, 1.8061e+00, 2.8770e-02, 
 2DIAGNOSTIC,     4, -5.431881343975e-01, 1.797693134862e+308, 1.8342e+00, 2.8174e-02, 
 2DIAGNOSTIC,     5, -5.453557596097e-01, 1.797693134862e+308, 1.8623e+00, 2.8048e-02, 
 2DIAGNOSTIC,     6, -5.461088565075e-01, 1.797693134862e+308, 1.8908e+00, 2.8504e-02, 
 2DIAGNOSTIC,     7, -5.462086680777e-01, 1.797693134862e+308, 1.9190e+00, 2.8189e-02, 
 2DIAGNOSTIC,     8, -5.464644813206e-01, 1.797693134862e+308, 1.9669e+00, 4.7868e-02, 
 2DIAGNOSTIC,     9, -5.466119844528e-01, 1.797693134862e+308, 2.0042e+00, 3.7326e-02, 
 2DIAGNOSTIC,    10, -5.465653133357e-01, 1.220918948572e-03, 2.0378e+00, 3.3591e-02, 
 2DIAGNOSTIC,    11, -5.465682687318e-01, 8.133912060150e-04, 2.0748e+00, 3.6991e-02, 
 2DIAGNOSTIC,    12, -5.465541411511e-01, 4.580258268135e-04, 2.1085e+00, 3.3694e-02, 
 2DIAGNOSTIC,    13, -5.465494218012e-01, 2.001582858547e-04, 2.1419e+00, 3.3435e-02, 
 2DIAGNOSTIC,    14, -5.465144130350e-01, 7.040399416681e-05, 2.1718e+00, 2.9959e-02, 
 2DIAGNOSTIC,    15, -5.465021548773e-01, 2.625951444654e-05, 2.2053e+00, 3.3416e-02, 
 2DIAGNOSTIC,    16, -5.465203010314e-01, 1.067860983982e-05, 2.2398e+00, 3.4501e-02, 
DIAGNOSTIC,Iteration,metricValue,convergenceValue,ITERATION_TIME_INDEX,SINCE_LAST
 2DIAGNOSTIC,     1, -4.642612163039e-01, 1.797693134862e+308, 3.3313e+00, 1.0915e+00, 
 2DIAGNOSTIC,     2, -4.645523966167e-01, 1.797693134862e+308, 3.5782e+00, 2.4699e-01, 
 2DIAGNOSTIC,     3, -4.648354188289e-01, 1.797693134862e+308, 3.8234e+00, 2.4513e-01, 
 2DIAGNOSTIC,     4, -4.650444820949e-01, 1.797693134862e+308, 4.0513e+00, 2.2796e-01, 
 2DIAGNOSTIC,     5, -4.653294030982e-01, 1.797693134862e+308, 4.2796e+00, 2.2824e-01, 
 2DIAGNOSTIC,     6, -4.657501522033e-01, 1.797693134862e+308, 4.5030e+00, 2.2348e-01, 
 2DIAGNOSTIC,     7, -4.663152997331e-01, 1.797693134862e+308, 4.8773e+00, 3.7428e-01, 
 2DIAGNOSTIC,     8, -4.663376522693e-01, 1.797693134862e+308, 5.1323e+00, 2.5500e-01, 
 2DIAGNOSTIC,     9, -4.663397939155e-01, 1.797693134862e+308, 5.5165e+00, 3.8414e-01, 
 2DIAGNOSTIC,    10, -4.663424498951e-01, 3.304414984523e-04, 5.9207e+00, 4.0423e-01, 
 2DIAGNOSTIC,    11, -4.663407766844e-01, 2.569717383409e-04, 6.2835e+00, 3.6279e-01, 
 2DIAGNOSTIC,    12, -4.663402992992e-01, 1.871608405132e-04, 6.6045e+00, 3.2102e-01, 
 2DIAGNOSTIC,    13, -4.663397692807e-01, 1.247948950587e-04, 6.9161e+00, 3.1159e-01, 
 2DIAGNOSTIC,    14, -4.663383675518e-01, 6.955016040340e-05, 7.1863e+00, 2.7022e-01, 
 2DIAGNOSTIC,    15, -4.663373089697e-01, 2.688613408963e-05, 7.5422e+00, 3.5584e-01, 
 2DIAGNOSTIC,    16, -4.663380618218e-01, 2.757969307918e-06, 7.8298e+00, 2.8760e-01, 
 2DIAGNOSTIC,    17, -4.663366392113e-01, 1.609412208108e-06, 8.0913e+00, 2.6157e-01, 
 2DIAGNOSTIC,    18, -4.663363752040e-01, 1.361302061201e-06, 8.3494e+00, 2.5803e-01, 
 2DIAGNOSTIC,    19, -4.663349269570e-01, 1.197065780639e-06, 8.6154e+00, 2.6604e-01, 
 2DIAGNOSTIC,    20, -4.663342711558e-01, 1.156856059267e-06, 8.8478e+00, 2.3243e-01, 
 2DIAGNOSTIC,    21, -4.663338227935e-01, 1.098745710658e-06, 9.1027e+00, 2.5489e-01, 
 2DIAGNOSTIC,    22, -4.663346784977e-01, 1.094940265928e-06, 9.3576e+00, 2.5483e-01, 
 2DIAGNOSTIC,    23, -4.663351766082e-01, 1.123945859403e-06, 9.6562e+00, 2.9862e-01, 
 2DIAGNOSTIC,    24, -4.663374264339e-01, 1.197303588267e-06, 9.9366e+00, 2.8039e-01, 
 2DIAGNOSTIC,    25, -4.663373147029e-01, 1.246670180179e-06, 1.0234e+01, 2.9774e-01, 
 2DIAGNOSTIC,    26, -4.663384922377e-01, 1.341408684664e-06, 1.0485e+01, 2.5071e-01, 
 2DIAGNOSTIC,    27, -4.663413939893e-01, 1.450742273111e-06, 1.0763e+01, 2.7809e-01, 
 2DIAGNOSTIC,    28, -4.663452542406e-01, 1.603542789927e-06, 1.1026e+01, 2.6323e-01, 
 2DIAGNOSTIC,    29, -4.663455688770e-01, 1.676445073262e-06, 1.1252e+01, 2.2538e-01, 
 2DIAGNOSTIC,    30, -4.663486413294e-01, 1.741007040833e-06, 1.1497e+01, 2.4563e-01, 
 2DIAGNOSTIC,    31, -4.663501669201e-01, 1.757563089996e-06, 1.1802e+01, 3.0494e-01, 
 2DIAGNOSTIC,    32, -4.663498091134e-01, 1.712208487915e-06, 1.2077e+01, 2.7499e-01, 
 2DIAGNOSTIC,    33, -4.663495638760e-01, 1.605380457348e-06, 1.2311e+01, 2.3364e-01, 
 2DIAGNOSTIC,    34, -4.663507452734e-01, 1.506622374997e-06, 1.2592e+01, 2.8140e-01, 
 2DIAGNOSTIC,    35, -4.663521262051e-01, 1.380763158684e-06, 1.2865e+01, 2.7275e-01, 
 2DIAGNOSTIC,    36, -4.663521738380e-01, 1.236181374993e-06, 1.3115e+01, 2.4990e-01, 
 2DIAGNOSTIC,    37, -4.663538881163e-01, 1.141629123586e-06, 1.3416e+01, 3.0084e-01, 
 2DIAGNOSTIC,    38, -4.663549478328e-01, 1.104641015260e-06, 1.3635e+01, 2.1889e-01, 
 2DIAGNOSTIC,    39, -4.663582260349e-01, 1.098561412630e-06, 1.3886e+01, 2.5162e-01, 
 2DIAGNOSTIC,    40, -4.663613277645e-01, 1.157924437580e-06, 1.4222e+01, 3.3528e-01, 
 2DIAGNOSTIC,    41, -4.663616859878e-01, 1.207565775308e-06, 1.4557e+01, 3.3503e-01, 
 2DIAGNOSTIC,    42, -4.663696945843e-01, 1.326038389687e-06, 1.4839e+01, 2.8210e-01, 
 2DIAGNOSTIC,    43, -4.663799867169e-01, 1.523927544350e-06, 1.5240e+01, 4.0092e-01, 
 2DIAGNOSTIC,    44, -4.663851219507e-01, 1.721617639092e-06, 1.5848e+01, 6.0849e-01, 
 2DIAGNOSTIC,    45, -4.663846455993e-01, 1.828353225465e-06, 1.6286e+01, 4.3740e-01, 
 2DIAGNOSTIC,    46, -4.663834647911e-01, 1.810964330783e-06, 1.6689e+01, 4.0346e-01, 
 2DIAGNOSTIC,    47, -4.663818560604e-01, 1.688500318505e-06, 1.6962e+01, 2.7348e-01, 
 2DIAGNOSTIC,    48, -4.663820295139e-01, 1.486764281355e-06, 1.7246e+01, 2.8388e-01, 
 2DIAGNOSTIC,    49, -4.663854173653e-01, 1.295764718304e-06, 1.7547e+01, 3.0015e-01, 
 2DIAGNOSTIC,    50, -4.663872370028e-01, 1.112001211102e-06, 1.7786e+01, 2.3925e-01, 
DIAGNOSTIC,Iteration,metricValue,convergenceValue,ITERATION_TIME_INDEX,SINCE_LAST
 2DIAGNOSTIC,     1, -4.249046534719e-01, 1.797693134862e+308, 2.0379e+01, 2.5935e+00, 
 2DIAGNOSTIC,     2, -4.249634128087e-01, 1.797693134862e+308, 2.1927e+01, 1.5481e+00, 
 2DIAGNOSTIC,     3, -4.249876090820e-01, 1.797693134862e+308, 2.3329e+01, 1.4018e+00, 
 2DIAGNOSTIC,     4, -4.250090857920e-01, 1.797693134862e+308, 2.4676e+01, 1.3466e+00, 
 2DIAGNOSTIC,     5, -4.251339505267e-01, 1.797693134862e+308, 2.6010e+01, 1.3343e+00, 
 2DIAGNOSTIC,     6, -4.252901611663e-01, 1.797693134862e+308, 2.8508e+01, 2.4978e+00, 
 2DIAGNOSTIC,     7, -4.253025487214e-01, 1.797693134862e+308, 2.9839e+01, 1.3316e+00, 
 2DIAGNOSTIC,     8, -4.253439911768e-01, 1.797693134862e+308, 3.1138e+01, 1.2986e+00, 
 2DIAGNOSTIC,     9, -4.253843342860e-01, 1.797693134862e+308, 3.2470e+01, 1.3319e+00, 
 2DIAGNOSTIC,    10, -4.254100138016e-01, 8.915221786768e-05, 3.3833e+01, 1.3629e+00, 
 2DIAGNOSTIC,    11, -4.254659506289e-01, 7.794465436217e-05, 3.5378e+01, 1.5456e+00, 
 2DIAGNOSTIC,    12, -4.256076347539e-01, 7.303997897910e-05, 3.8197e+01, 2.8185e+00, 
 2DIAGNOSTIC,    13, -4.256072224277e-01, 6.373671824710e-05, 3.9706e+01, 1.5095e+00, 
 2DIAGNOSTIC,    14, -4.256075593764e-01, 5.124798154210e-05, 4.1219e+01, 1.5128e+00, 
 2DIAGNOSTIC,    15, -4.256074665164e-01, 4.141725384094e-05, 4.2936e+01, 1.7171e+00, 
 2DIAGNOSTIC,    16, -4.256069704607e-01, 3.568388287073e-05, 4.4767e+01, 1.8311e+00, 
 2DIAGNOSTIC,    17, -4.256069352388e-01, 2.789659361360e-05, 4.6507e+01, 1.7394e+00, 
 2DIAGNOSTIC,    18, -4.256069044739e-01, 2.009082120295e-05, 4.8466e+01, 1.9590e+00, 
 2DIAGNOSTIC,    19, -4.256068592320e-01, 1.290510432941e-05, 4.9935e+01, 1.4695e+00, 
 2DIAGNOSTIC,    20, -4.256066920431e-01, 6.250442392650e-06, 5.1478e+01, 1.5433e+00, 
 2DIAGNOSTIC,    21, -4.256068450105e-01, 1.451478506768e-06, 5.3158e+01, 1.6794e+00, 
 2DIAGNOSTIC,    22, -4.256067138408e-01, 1.393954437399e-06, 5.4499e+01, 1.3413e+00, 
 2DIAGNOSTIC,    23, -4.256067319661e-01, 1.334468530248e-06, 5.5843e+01, 1.3437e+00, 
 2DIAGNOSTIC,    24, -4.256071445050e-01, 1.305361250967e-06, 5.7347e+01, 1.5046e+00, 
 2DIAGNOSTIC,    25, -4.256073313254e-01, 1.283085019808e-06, 5.9175e+01, 1.8276e+00, 
 2DIAGNOSTIC,    26, -4.256073081218e-01, 1.248184374185e-06, 6.0468e+01, 1.2928e+00, 
 2DIAGNOSTIC,    27, -4.256073387308e-01, 1.213691700482e-06, 6.1966e+01, 1.4979e+00, 
 2DIAGNOSTIC,    28, -4.256071162615e-01, 1.172367795038e-06, 6.3435e+01, 1.4691e+00, 
 2DIAGNOSTIC,    29, -4.256072311217e-01, 1.132182612974e-06, 6.4762e+01, 1.3268e+00, 
 2DIAGNOSTIC,    30, -4.256070605993e-01, 1.083508000134e-06, 6.6089e+01, 1.3271e+00, 
 2DIAGNOSTIC,    31, -4.256067128180e-01, 1.031896814073e-06, 6.7608e+01, 1.5197e+00, 
  Elapsed time (stage 0): 6.8419e+01


Total elapsed time: 6.8421e+01
Info [verificarlo]: loaded backend libinterflop_ieee.so
Info [interflop-ieee]: load backend with:
Info [interflop-ieee]: debug = false
Info [interflop-ieee]: debug-binary = false
Info [interflop-ieee]: no-backend-name = false
Info [interflop-ieee]: print-new-line = false
Info [interflop-ieee]: print-subnormal-normalized = false
Info [interflop-ieee]: count-op = false
All_Command_lines_OK
Using double precision for computations.
=============================================================================
The composite transform comprises the following transforms (in order): 
  1. /home/mdugre/scratch/mri-registration-rp/datasets/ds004513/derivatives/mri-registration-rp/0001/antsRegistration-r8-p18/sub-s033/rigid_Composite.h5[0] (type = Euler3DTransform)
  2. /home/mdugre/scratch/mri-registration-rp/datasets/ds004513/derivatives/mri-registration-rp/0001/antsRegistration-r8-p18/sub-s033/rigid_Composite.h5[1] (type = Euler3DTransform)
  3. /home/mdugre/scratch/mri-registration-rp/datasets/ds004513/derivatives/mri-registration-rp/0001/antsRegistration-r8-p18/sub-s033/rigid_Composite.h5[2] (type = Euler3DTransform)
=============================================================================
  number of levels = 4
  fixed image: /templateflow/tpl-MNI152NLin2009cAsym/tpl-MNI152NLin2009cAsym_res-01_desc-brain_T1w.nii.gz
  moving image: /home/mdugre/scratch/mri-registration-rp/datasets/ds004513/derivatives/mri-registration-rp/antsBrainExtraction/sub-s033/BrainExtractionBrain.nii.gz
Dimension = 3
Number of stages = 1
Use histogram matching = false
Winsorize image intensities = true
  Lower quantile = 0.005
  Upper quantile = 0.995


Stage 1 State
   Image metric = MattesMI
     Fixed image = Image (0x42d07e0)
  RTTI typeinfo:   itk::Image<double, 3u>
  Reference Count: 2
  Modified Time: 1592
  Debug: Off
  Object Name: 
  Observers: 
    none
  Source: (none)
  Source output name: (none)
  Release Data: Off
  Data Released: False
  Global Release Data: Off
  PipelineMTime: 0
  UpdateMTime: 1203
  RealTimeStamp: 0 seconds 
  LargestPossibleRegion: 
    Dimension: 3
    Index: [0, 0, 0]
    Size: [193, 229, 193]
  BufferedRegion: 
    Dimension: 3
    Index: [0, 0, 0]
    Size: [193, 229, 193]
  RequestedRegion: 
    Dimension: 3
    Index: [0, 0, 0]
    Size: [193, 229, 193]
  Spacing: [1, 1, 1]
  Origin: [96, 132, -78]
  Direction: 
-1 0 0
0 -1 0
0 0 1

  IndexToPointMatrix: 
-1 0 0
0 -1 0
0 0 1

  PointToIndexMatrix: 
-1 0 0
0 -1 0
0 0 1

  Inverse Direction: 
-1 0 0
0 -1 0
0 0 1

  PixelContainer: 
    ImportImageContainer (0x4390a20)
      RTTI typeinfo:   itk::ImportImageContainer<unsigned long, double>
      Reference Count: 1
      Modified Time: 1200
      Debug: Off
      Object Name: 
      Observers: 
        none
      Pointer: 0x154274b76010
      Container manages memory: true
      Size: 8530021
      Capacity: 8530021

     Moving image = Image (0x438bd70)
  RTTI typeinfo:   itk::Image<double, 3u>
  Reference Count: 2
  Modified Time: 1593
  Debug: Off
  Object Name: 
  Observers: 
    none
  Source: (none)
  Source output name: (none)
  Release Data: Off
  Data Released: False
  Global Release Data: Off
  PipelineMTime: 0
  UpdateMTime: 1590
  RealTimeStamp: 0 seconds 
  LargestPossibleRegion: 
    Dimension: 3
    Index: [0, 0, 0]
    Size: [160, 240, 256]
  BufferedRegion: 
    Dimension: 3
    Index: [0, 0, 0]
    Size: [160, 240, 256]
  RequestedRegion: 
    Dimension: 3
    Index: [0, 0, 0]
    Size: [160, 240, 256]
  Spacing: [1, 1, 1]
  Origin: [91.5134, 94.282, -109.927]
  Direction: 
-0.99591 -0.0698718 -0.0572835
0.0697565 -0.997556 0.00401236
-0.0574239 5.01125e-08 0.99835

  IndexToPointMatrix: 
-0.99591 -0.0698718 -0.0572835
0.0697565 -0.997556 0.00401236
-0.0574239 5.01125e-08 0.99835

  PointToIndexMatrix: 
-0.99591 0.0697565 -0.0574239
-0.0698718 -0.997556 5.01483e-08
-0.0572835 0.00401236 0.99835

  Inverse Direction: 
-0.99591 0.0697565 -0.0574239
-0.0698718 -0.997556 5.01483e-08
-0.0572835 0.00401236 0.99835

  PixelContainer: 
    ImportImageContainer (0x4343c90)
      RTTI typeinfo:   itk::ImportImageContainer<unsigned long, double>
      Reference Count: 1
      Modified Time: 1587
      Debug: Off
      Object Name: 
      Observers: 
        none
      Pointer: 0x154270075010
      Container manages memory: true
      Size: 9830400
      Capacity: 9830400

     Weighting = 1
     Sampling strategy = regular
     Number of bins = 32
     Radius = 4
     Sampling percentage  = 0.25
   Transform = Affine
     Gradient step = 0.1
     Update field sigma (voxel space) = 0
     Total field sigma (voxel space) = 0
     Update field time sigma = 0
     Total field time sigma  = 0
     Number of time indices = 0
     Number of time point samples = 0
Registration using 1 total stages.

Stage 0
  iterations = 1000x500x250x100
  convergence threshold = 1e-06
  convergence window size = 10
  number of levels = 4
  using the Mattes MI metric (number of bins = 32, weight = 1, use gradient filter = 0)
  preprocessing:  winsorizing the image intensities
  Shrink factors (level 1 out of 4): [8, 8, 8]
  Shrink factors (level 2 out of 4): [4, 4, 4]
  Shrink factors (level 3 out of 4): [2, 2, 2]
  Shrink factors (level 4 out of 4): [1, 1, 1]
  smoothing sigmas per level: [3, 2, 1, 0]
  regular sampling (percentage = 0.25)

*** Running AffineTransform registration ***

DIAGNOSTIC,Iteration,metricValue,convergenceValue,ITERATION_TIME_INDEX,SINCE_LAST
 2DIAGNOSTIC,     1, -6.376203246349e-01, 1.797693134862e+308, 7.9912e-01, 7.9912e-01, 
 2DIAGNOSTIC,     2, -6.402439794100e-01, 1.797693134862e+308, 8.0489e-01, 5.7662e-03, 
 2DIAGNOSTIC,     3, -6.449320031968e-01, 1.797693134862e+308, 8.0986e-01, 4.9648e-03, 
 2DIAGNOSTIC,     4, -6.518408444112e-01, 1.797693134862e+308, 8.1475e-01, 4.8900e-03, 
 2DIAGNOSTIC,     5, -6.626407059374e-01, 1.797693134862e+308, 8.1997e-01, 5.2221e-03, 
 2DIAGNOSTIC,     6, -6.829583007662e-01, 1.797693134862e+308, 8.2498e-01, 5.0142e-03, 
 2DIAGNOSTIC,     7, -7.241171573792e-01, 1.797693134862e+308, 8.3004e-01, 5.0550e-03, 
 2DIAGNOSTIC,     8, -7.616460580057e-01, 1.797693134862e+308, 8.3764e-01, 7.6001e-03, 
 2DIAGNOSTIC,     9, -7.798208911911e-01, 1.797693134862e+308, 8.4264e-01, 5.0030e-03, 
 2DIAGNOSTIC,    10, -8.283951892783e-01, 1.749748170684e-02, 8.4868e-01, 6.0389e-03, 
 2DIAGNOSTIC,    11, -8.888597328354e-01, 1.984532186724e-02, 8.5546e-01, 6.7761e-03, 
 2DIAGNOSTIC,    12, -8.900000126336e-01, 2.004003140172e-02, 8.6121e-01, 5.7578e-03, 
 2DIAGNOSTIC,    13, -9.001940898681e-01, 1.886237068018e-02, 8.6627e-01, 5.0540e-03, 
 2DIAGNOSTIC,    14, -9.033417596551e-01, 1.648011784212e-02, 8.7202e-01, 5.7571e-03, 
 2DIAGNOSTIC,    15, -9.069313443571e-01, 1.332514252857e-02, 8.7982e-01, 7.7970e-03, 
 2DIAGNOSTIC,    16, -9.069273297329e-01, 9.853369334772e-03, 8.8565e-01, 5.8279e-03, 
 2DIAGNOSTIC,    17, -9.067642966871e-01, 6.826035943257e-03, 8.9109e-01, 5.4390e-03, 
 2DIAGNOSTIC,    18, -9.070142345256e-01, 4.333035674148e-03, 8.9842e-01, 7.3369e-03, 
 2DIAGNOSTIC,    19, -9.070958282687e-01, 2.069299587120e-03, 9.0491e-01, 6.4831e-03, 
 2DIAGNOSTIC,    20, -9.068321614805e-01, 6.980880806788e-04, 9.1119e-01, 6.2790e-03, 
 2DIAGNOSTIC,    21, -9.067005896496e-01, 4.234878649728e-04, 9.1720e-01, 6.0148e-03, 
 2DIAGNOSTIC,    22, -9.064178385885e-01, 1.482167938980e-04, 9.2234e-01, 5.1351e-03, 
 2DIAGNOSTIC,    23, -9.062968263850e-01, 3.778750327196e-05, 9.2755e-01, 5.2090e-03, 
DIAGNOSTIC,Iteration,metricValue,convergenceValue,ITERATION_TIME_INDEX,SINCE_LAST
 2DIAGNOSTIC,     1, -7.453691714400e-01, 1.797693134862e+308, 1.7313e+00, 8.0378e-01, 
 2DIAGNOSTIC,     2, -7.461480984464e-01, 1.797693134862e+308, 1.7739e+00, 4.2564e-02, 
 2DIAGNOSTIC,     3, -7.468182119444e-01, 1.797693134862e+308, 1.8134e+00, 3.9551e-02, 
 2DIAGNOSTIC,     4, -7.473440289200e-01, 1.797693134862e+308, 1.8511e+00, 3.7644e-02, 
 2DIAGNOSTIC,     5, -7.478522095954e-01, 1.797693134862e+308, 1.8951e+00, 4.4017e-02, 
 2DIAGNOSTIC,     6, -7.484977822683e-01, 1.797693134862e+308, 1.9669e+00, 7.1829e-02, 
 2DIAGNOSTIC,     7, -7.484750001638e-01, 1.797693134862e+308, 2.0135e+00, 4.6603e-02, 
 2DIAGNOSTIC,     8, -7.484704766149e-01, 1.797693134862e+308, 2.0558e+00, 4.2255e-02, 
 2DIAGNOSTIC,     9, -7.484641669879e-01, 1.797693134862e+308, 2.0967e+00, 4.0899e-02, 
 2DIAGNOSTIC,    10, -7.484757644325e-01, 2.664352464530e-04, 2.1431e+00, 4.6445e-02, 
 2DIAGNOSTIC,    11, -7.484830730184e-01, 1.706445432103e-04, 2.1820e+00, 3.8863e-02, 
 2DIAGNOSTIC,    12, -7.484794823926e-01, 1.001384078759e-04, 2.2208e+00, 3.8779e-02, 
 2DIAGNOSTIC,    13, -7.484943906509e-01, 5.177754782411e-05, 2.2624e+00, 4.1586e-02, 
 2DIAGNOSTIC,    14, -7.485151813855e-01, 2.048738462442e-05, 2.3079e+00, 4.5500e-02, 
 2DIAGNOSTIC,    15, -7.485321389398e-01, 4.519083736762e-06, 2.3454e+00, 3.7568e-02, 
 2DIAGNOSTIC,    16, -7.485563960882e-01, 6.245151563902e-06, 2.3839e+00, 3.8469e-02, 
 2DIAGNOSTIC,    17, -7.486170296072e-01, 8.223732406658e-06, 2.4261e+00, 4.2162e-02, 
 2DIAGNOSTIC,    18, -7.486516968805e-01, 1.000984964545e-05, 2.4685e+00, 4.2430e-02, 
 2DIAGNOSTIC,    19, -7.486520946943e-01, 1.071314358683e-05, 2.5099e+00, 4.1434e-02, 
 2DIAGNOSTIC,    20, -7.486481600342e-01, 1.066948869279e-05, 2.5473e+00, 3.7365e-02, 
 2DIAGNOSTIC,    21, -7.486632494413e-01, 1.020044566115e-05, 2.5930e+00, 4.5728e-02, 
 2DIAGNOSTIC,    22, -7.486552753943e-01, 8.735618960913e-06, 2.6312e+00, 3.8187e-02, 
 2DIAGNOSTIC,    23, -7.486506571040e-01, 6.878612873580e-06, 2.6713e+00, 4.0112e-02, 
 2DIAGNOSTIC,    24, -7.486487520446e-01, 4.975442375106e-06, 2.7114e+00, 4.0076e-02, 
 2DIAGNOSTIC,    25, -7.486442467866e-01, 3.078429120194e-06, 2.7636e+00, 5.2189e-02, 
 2DIAGNOSTIC,    26, -7.486361657379e-01, 1.372154016355e-06, 2.8052e+00, 4.1596e-02, 
DIAGNOSTIC,Iteration,metricValue,convergenceValue,ITERATION_TIME_INDEX,SINCE_LAST
 2DIAGNOSTIC,     1, -6.323830125893e-01, 1.797693134862e+308, 3.9989e+00, 1.1937e+00, 
 2DIAGNOSTIC,     2, -6.329624512879e-01, 1.797693134862e+308, 4.3163e+00, 3.1739e-01, 
 2DIAGNOSTIC,     3, -6.336199897490e-01, 1.797693134862e+308, 4.6423e+00, 3.2595e-01, 
 2DIAGNOSTIC,     4, -6.344356407199e-01, 1.797693134862e+308, 4.9570e+00, 3.1474e-01, 
 2DIAGNOSTIC,     5, -6.367856202156e-01, 1.797693134862e+308, 5.3919e+00, 4.3484e-01, 
 2DIAGNOSTIC,     6, -6.378500177128e-01, 1.797693134862e+308, 5.7854e+00, 3.9352e-01, 
 2DIAGNOSTIC,     7, -6.378911195756e-01, 1.797693134862e+308, 6.1474e+00, 3.6204e-01, 
 2DIAGNOSTIC,     8, -6.378780358932e-01, 1.797693134862e+308, 6.6228e+00, 4.7543e-01, 
 2DIAGNOSTIC,     9, -6.378789543350e-01, 1.797693134862e+308, 7.1678e+00, 5.4498e-01, 
 2DIAGNOSTIC,    10, -6.378780191579e-01, 6.542620485928e-04, 7.5963e+00, 4.2852e-01, 
 2DIAGNOSTIC,    11, -6.378776361795e-01, 4.728079525299e-04, 7.9443e+00, 3.4795e-01, 
 2DIAGNOSTIC,    12, -6.378769775112e-01, 3.020106351258e-04, 8.2867e+00, 3.4245e-01, 
 2DIAGNOSTIC,    13, -6.378763186224e-01, 1.538614357468e-04, 8.6332e+00, 3.4647e-01, 
 2DIAGNOSTIC,    14, -6.378753885264e-01, 3.743929778494e-05, 8.9686e+00, 3.3543e-01, 
 2DIAGNOSTIC,    15, -6.378747989457e-01, 2.388282893909e-06, 9.2961e+00, 3.2748e-01, 
 2DIAGNOSTIC,    16, -6.378762086939e-01, 1.401920066230e-06, 9.6889e+00, 3.9280e-01, 
 2DIAGNOSTIC,    17, -6.378753468690e-01, 1.651138880156e-06, 1.0059e+01, 3.6961e-01, 
 2DIAGNOSTIC,    18, -6.378758421650e-01, 1.581256281032e-06, 1.0411e+01, 3.5231e-01, 
 2DIAGNOSTIC,    19, -6.378752552516e-01, 1.544745206784e-06, 1.0759e+01, 3.4814e-01, 
 2DIAGNOSTIC,    20, -6.378758713747e-01, 1.517250938297e-06, 1.1118e+01, 3.5940e-01, 
 2DIAGNOSTIC,    21, -6.378749907093e-01, 1.471744829305e-06, 1.1479e+01, 3.6098e-01, 
 2DIAGNOSTIC,    22, -6.378724937232e-01, 1.371181960960e-06, 1.1805e+01, 3.2528e-01, 
 2DIAGNOSTIC,    23, -6.378730864699e-01, 1.287410886300e-06, 1.2149e+01, 3.4389e-01, 
 2DIAGNOSTIC,    24, -6.378734690572e-01, 1.208919439638e-06, 1.2479e+01, 3.3030e-01, 
 2DIAGNOSTIC,    25, -6.378726916747e-01, 1.121774495065e-06, 1.2809e+01, 3.2997e-01, 
 2DIAGNOSTIC,    26, -6.378723599002e-01, 1.075510106897e-06, 1.3164e+01, 3.5550e-01, 
 2DIAGNOSTIC,    27, -6.378733216868e-01, 1.049028280804e-06, 1.3474e+01, 3.0977e-01, 
 2DIAGNOSTIC,    28, -6.378735212722e-01, 1.047232407438e-06, 1.3852e+01, 3.7761e-01, 
 2DIAGNOSTIC,    29, -6.378744044317e-01, 1.057478086756e-06, 1.4214e+01, 3.6224e-01, 
 2DIAGNOSTIC,    30, -6.378736302765e-01, 1.068682489759e-06, 1.4584e+01, 3.7059e-01, 
 2DIAGNOSTIC,    31, -6.378726257258e-01, 1.053163419196e-06, 1.4878e+01, 2.9350e-01, 
DIAGNOSTIC,Iteration,metricValue,convergenceValue,ITERATION_TIME_INDEX,SINCE_LAST
 2DIAGNOSTIC,     1, -5.637321809327e-01, 1.797693134862e+308, 1.7809e+01, 2.9313e+00, 
 2DIAGNOSTIC,     2, -5.638293068180e-01, 1.797693134862e+308, 1.9957e+01, 2.1473e+00, 
 2DIAGNOSTIC,     3, -5.638410704223e-01, 1.797693134862e+308, 2.3036e+01, 3.0790e+00, 
 2DIAGNOSTIC,     4, -5.638431922004e-01, 1.797693134862e+308, 2.5175e+01, 2.1392e+00, 
 2DIAGNOSTIC,     5, -5.638425049146e-01, 1.797693134862e+308, 2.7283e+01, 2.1079e+00, 
 2DIAGNOSTIC,     6, -5.638414065291e-01, 1.797693134862e+308, 2.9519e+01, 2.2368e+00, 
 2DIAGNOSTIC,     7, -5.638409924423e-01, 1.797693134862e+308, 3.1434e+01, 1.9143e+00, 
 2DIAGNOSTIC,     8, -5.638406902406e-01, 1.797693134862e+308, 3.3561e+01, 2.1271e+00, 
 2DIAGNOSTIC,     9, -5.638407431484e-01, 1.797693134862e+308, 3.5866e+01, 2.3049e+00, 
 2DIAGNOSTIC,    10, -5.638408810943e-01, 9.089523593409e-06, 3.7890e+01, 2.0241e+00, 
 2DIAGNOSTIC,    11, -5.638408236633e-01, 3.291281361548e-06, 3.9557e+01, 1.6669e+00, 
 2DIAGNOSTIC,    12, -5.638408276939e-01, 2.490762272989e-06, 4.1681e+01, 2.1240e+00, 
 2DIAGNOSTIC,    13, -5.638408961205e-01, 2.283570822589e-06, 4.3780e+01, 2.0990e+00, 
 2DIAGNOSTIC,    14, -5.638408099753e-01, 2.193988876811e-06, 4.5926e+01, 2.1462e+00, 
 2DIAGNOSTIC,    15, -5.638407024639e-01, 2.097540532431e-06, 4.7728e+01, 1.8020e+00, 
 2DIAGNOSTIC,    16, -5.638406218501e-01, 1.978527421578e-06, 4.9655e+01, 1.9267e+00, 
 2DIAGNOSTIC,    17, -5.638407332614e-01, 1.865754337464e-06, 5.1543e+01, 1.8880e+00, 
 2DIAGNOSTIC,    18, -5.638409216059e-01, 1.762614315060e-06, 5.3461e+01, 1.9185e+00, 
 2DIAGNOSTIC,    19, -5.638410604353e-01, 1.675625014380e-06, 5.5244e+01, 1.7828e+00, 
 2DIAGNOSTIC,    20, -5.638408555270e-01, 1.595652452321e-06, 5.7234e+01, 1.9905e+00, 
 2DIAGNOSTIC,    21, -5.638409878661e-01, 1.524885493084e-06, 5.9110e+01, 1.8752e+00, 
 2DIAGNOSTIC,    22, -5.638410873772e-01, 1.461727323626e-06, 6.0764e+01, 1.6545e+00, 
 2DIAGNOSTIC,    23, -5.638412102502e-01, 1.406580605462e-06, 6.2481e+01, 1.7171e+00, 
 2DIAGNOSTIC,    24, -5.638417670054e-01, 1.363738921997e-06, 6.4441e+01, 1.9599e+00, 
 2DIAGNOSTIC,    25, -5.638413413699e-01, 1.309903941933e-06, 6.6363e+01, 1.9220e+00, 
 2DIAGNOSTIC,    26, -5.638411076480e-01, 1.250984905860e-06, 6.8303e+01, 1.9398e+00, 
 2DIAGNOSTIC,    27, -5.638414347193e-01, 1.202041499386e-06, 7.0373e+01, 2.0704e+00, 
 2DIAGNOSTIC,    28, -5.638416364489e-01, 1.160860091901e-06, 7.2702e+01, 2.3292e+00, 
 2DIAGNOSTIC,    29, -5.638416564853e-01, 1.122856379918e-06, 7.4740e+01, 2.0375e+00, 
 2DIAGNOSTIC,    30, -5.638416006671e-01, 1.080762547616e-06, 7.6874e+01, 2.1335e+00, 
 2DIAGNOSTIC,    31, -5.638414954172e-01, 1.040170499768e-06, 7.8663e+01, 1.7891e+00, 
  Elapsed time (stage 0): 7.9757e+01


Total elapsed time: 7.9760e+01
Info [verificarlo]: loaded backend libinterflop_vprec.so
Info [interflop-vprec]: load backend with: 
Info [interflop-vprec]: precision-binary32 = 18
Info [interflop-vprec]: range-binary32 = 8
Info [interflop-vprec]: precision-binary64 = 18
Info [interflop-vprec]: range-binary64 = 8
Info [interflop-vprec]: mode = ob
Info [interflop-vprec]: error-mode = rel
Info [interflop-vprec]: max-abs-error-exponent = -1022
Info [interflop-vprec]: daz = false
Info [interflop-vprec]: ftz = false
Info [interflop-vprec]: 	instrument = none
Info [interflop-vprec]: 	prec-input-file = (null)
Info [interflop-vprec]: 	prec-output-file = (null)
Info [interflop-vprec]: 	prec-log-file = (null)
All_Command_lines_OK
Using double precision for computations.
=============================================================================
The composite transform comprises the following transforms (in order): 
