
##########################
# Experiment information #
##########################

EXPERIMENT_NAME: antsRegistration-r7-p21
VFC_BACKENDS: libinterflop_vprec.so --range-binary32=7 --precision-binary32=21 --range-binary64=7 --precision-binary64=21

SIF_IMG: /home/mdugre/projects/rrg-glatard/mdugre/containers/ants-vprec-no_metrics.simg

SUBJECT_ID: s020
INPUT_IMG: /home/mdugre/scratch/mri-registration-rp/datasets/ds004513/derivatives/mri-registration-rp/antsBrainExtraction/sub-s020/BrainExtractionBrain.nii.gz
OUTPUT_DIR: /home/mdugre/scratch/mri-registration-rp/datasets/ds004513/derivatives/mri-registration-rp/0001/antsRegistration-r7-p21/sub-s020

FIXED_IMG: /templateflow/tpl-MNI152NLin2009cAsym/tpl-MNI152NLin2009cAsym_res-01_desc-brain_T1w.nii.gz
DATA_DIR: /home/mdugre/scratch/mri-registration-rp/datasets/ds004513
TEMPLATEFLOW_DIR: /home/mdugre/projects/rrg-glatard/mdugre/templateflow
ITK_GLOBAL_DEFAULT_NUMBER_OF_THREADS: 16
##########################

Info [verificarlo]: loaded backend libinterflop_ieee.so
Info [interflop-ieee]: load backend with:
Info [interflop-ieee]: debug = false
Info [interflop-ieee]: debug-binary = false
Info [interflop-ieee]: no-backend-name = false
Info [interflop-ieee]: print-new-line = false
Info [interflop-ieee]: print-subnormal-normalized = false
Info [interflop-ieee]: count-op = false
All_Command_lines_OK
Using double precision for computations.
=============================================================================
The composite transform comprises the following transforms (in order): 
  1. Center of mass alignment using fixed image: /templateflow/tpl-MNI152NLin2009cAsym/tpl-MNI152NLin2009cAsym_res-01_desc-brain_T1w.nii.gz and moving image: /home/mdugre/scratch/mri-registration-rp/datasets/ds004513/derivatives/mri-registration-rp/antsBrainExtraction/sub-s020/BrainExtractionBrain.nii.gz (type = Euler3DTransform)
=============================================================================
  number of levels = 1
  fixed image: /templateflow/tpl-MNI152NLin2009cAsym/tpl-MNI152NLin2009cAsym_res-01_desc-brain_T1w.nii.gz
  moving image: /home/mdugre/scratch/mri-registration-rp/datasets/ds004513/derivatives/mri-registration-rp/antsBrainExtraction/sub-s020/BrainExtractionBrain.nii.gz
Dimension = 3
Number of stages = 1
Use histogram matching = false
Winsorize image intensities = true
  Lower quantile = 0.005
  Upper quantile = 0.995


Stage 1 State
   Image metric = MattesMI
     Fixed image = Image (0x3bece70)
  RTTI typeinfo:   itk::Image<double, 3u>
  Reference Count: 2
  Modified Time: 2334
  Debug: Off
  Object Name: 
  Observers: 
    none
  Source: (none)
  Source output name: (none)
  Release Data: Off
  Data Released: False
  Global Release Data: Off
  PipelineMTime: 0
  UpdateMTime: 1943
  RealTimeStamp: 0 seconds 
  LargestPossibleRegion: 
    Dimension: 3
    Index: [0, 0, 0]
    Size: [193, 229, 193]
  BufferedRegion: 
    Dimension: 3
    Index: [0, 0, 0]
    Size: [193, 229, 193]
  RequestedRegion: 
    Dimension: 3
    Index: [0, 0, 0]
    Size: [193, 229, 193]
  Spacing: [1, 1, 1]
  Origin: [96, 132, -78]
  Direction: 
-1 0 0
0 -1 0
0 0 1

  IndexToPointMatrix: 
-1 0 0
0 -1 0
0 0 1

  PointToIndexMatrix: 
-1 0 0
0 -1 0
0 0 1

  Inverse Direction: 
-1 0 0
0 -1 0
0 0 1

  PixelContainer: 
    ImportImageContainer (0x3bf5c60)
      RTTI typeinfo:   itk::ImportImageContainer<unsigned long, double>
      Reference Count: 1
      Modified Time: 1940
      Debug: Off
      Object Name: 
      Observers: 
        none
      Pointer: 0x14c7e50b0010
      Container manages memory: true
      Size: 8530021
      Capacity: 8530021

     Moving image = Image (0x3bf8610)
  RTTI typeinfo:   itk::Image<double, 3u>
  Reference Count: 2
  Modified Time: 2335
  Debug: Off
  Object Name: 
  Observers: 
    none
  Source: (none)
  Source output name: (none)
  Release Data: Off
  Data Released: False
  Global Release Data: Off
  PipelineMTime: 0
  UpdateMTime: 2332
  RealTimeStamp: 0 seconds 
  LargestPossibleRegion: 
    Dimension: 3
    Index: [0, 0, 0]
    Size: [160, 240, 256]
  BufferedRegion: 
    Dimension: 3
    Index: [0, 0, 0]
    Size: [160, 240, 256]
  RequestedRegion: 
    Dimension: 3
    Index: [0, 0, 0]
    Size: [160, 240, 256]
  Spacing: [0.999995, 1, 1]
  Origin: [87.0906, 98.7205, -152.377]
  Direction: 
-0.996975 0.0261379 -0.0731913
-0.0260677 -0.999658 -0.00191374
-0.0732163 -2.46403e-08 0.997316

  IndexToPointMatrix: 
-0.996971 0.0261379 -0.0731913
-0.0260676 -0.999658 -0.00191374
-0.0732159 -2.46403e-08 0.997316

  PointToIndexMatrix: 
-0.99698 -0.0260679 -0.0732166
0.0261379 -0.999658 -2.46993e-08
-0.0731913 -0.00191374 0.997316

  Inverse Direction: 
-0.996975 -0.0260677 -0.0732163
0.0261379 -0.999658 -2.46993e-08
-0.0731913 -0.00191374 0.997316

  PixelContainer: 
    ImportImageContainer (0x3c91ef0)
      RTTI typeinfo:   itk::ImportImageContainer<unsigned long, double>
      Reference Count: 1
      Modified Time: 2329
      Debug: Off
      Object Name: 
      Observers: 
        none
      Pointer: 0x14c7e05af010
      Container manages memory: true
      Size: 9830400
      Capacity: 9830400

     Weighting = 1
     Sampling strategy = regular
     Number of bins = 32
     Radius = 4
     Sampling percentage  = 0.25
   Transform = Rigid
     Gradient step = 0.1
     Update field sigma (voxel space) = 0
     Total field sigma (voxel space) = 0
     Update field time sigma = 0
     Total field time sigma  = 0
     Number of time indices = 0
     Number of time point samples = 0
Registration using 1 total stages.

Stage 0
  iterations = 0
  convergence threshold = 1e-06
  convergence window size = 10
  number of levels = 1
  using the Mattes MI metric (number of bins = 32, weight = 1, use gradient filter = 0)
  preprocessing:  winsorizing the image intensities
  Shrink factors (level 1 out of 1): [1, 1, 1]
  smoothing sigmas per level: [0]
  regular sampling (percentage = 0.25)

*** Running Euler3DTransform registration ***

  Elapsed time (stage 0): 1.08699


Total elapsed time: 1.08937
Info [verificarlo]: loaded backend libinterflop_ieee.so
Info [interflop-ieee]: load backend with:
Info [interflop-ieee]: debug = false
Info [interflop-ieee]: debug-binary = false
Info [interflop-ieee]: no-backend-name = false
Info [interflop-ieee]: print-new-line = false
Info [interflop-ieee]: print-subnormal-normalized = false
Info [interflop-ieee]: count-op = false
All_Command_lines_OK
Using double precision for computations.
=============================================================================
The composite transform comprises the following transforms (in order): 
  1. /home/mdugre/scratch/mri-registration-rp/datasets/ds004513/derivatives/mri-registration-rp/0001/antsRegistration-r7-p21/sub-s020/align_Composite.h5[0] (type = Euler3DTransform)
  2. /home/mdugre/scratch/mri-registration-rp/datasets/ds004513/derivatives/mri-registration-rp/0001/antsRegistration-r7-p21/sub-s020/align_Composite.h5[1] (type = Euler3DTransform)
=============================================================================
  number of levels = 4
  fixed image: /templateflow/tpl-MNI152NLin2009cAsym/tpl-MNI152NLin2009cAsym_res-01_desc-brain_T1w.nii.gz
  moving image: /home/mdugre/scratch/mri-registration-rp/datasets/ds004513/derivatives/mri-registration-rp/antsBrainExtraction/sub-s020/BrainExtractionBrain.nii.gz
Dimension = 3
Number of stages = 1
Use histogram matching = false
Winsorize image intensities = true
  Lower quantile = 0.005
  Upper quantile = 0.995


Stage 1 State
   Image metric = MattesMI
     Fixed image = Image (0x465a530)
  RTTI typeinfo:   itk::Image<double, 3u>
  Reference Count: 2
  Modified Time: 1580
  Debug: Off
  Object Name: 
  Observers: 
    none
  Source: (none)
  Source output name: (none)
  Release Data: Off
  Data Released: False
  Global Release Data: Off
  PipelineMTime: 0
  UpdateMTime: 1189
  RealTimeStamp: 0 seconds 
  LargestPossibleRegion: 
    Dimension: 3
    Index: [0, 0, 0]
    Size: [193, 229, 193]
  BufferedRegion: 
    Dimension: 3
    Index: [0, 0, 0]
    Size: [193, 229, 193]
  RequestedRegion: 
    Dimension: 3
    Index: [0, 0, 0]
    Size: [193, 229, 193]
  Spacing: [1, 1, 1]
  Origin: [96, 132, -78]
  Direction: 
-1 0 0
0 -1 0
0 0 1

  IndexToPointMatrix: 
-1 0 0
0 -1 0
0 0 1

  PointToIndexMatrix: 
-1 0 0
0 -1 0
0 0 1

  Inverse Direction: 
-1 0 0
0 -1 0
0 0 1

  PixelContainer: 
    ImportImageContainer (0x4718d60)
      RTTI typeinfo:   itk::ImportImageContainer<unsigned long, double>
      Reference Count: 1
      Modified Time: 1186
      Debug: Off
      Object Name: 
      Observers: 
        none
      Pointer: 0x14d1e1e18010
      Container manages memory: true
      Size: 8530021
      Capacity: 8530021

     Moving image = Image (0x470af60)
  RTTI typeinfo:   itk::Image<double, 3u>
  Reference Count: 2
  Modified Time: 1581
  Debug: Off
  Object Name: 
  Observers: 
    none
  Source: (none)
  Source output name: (none)
  Release Data: Off
  Data Released: False
  Global Release Data: Off
  PipelineMTime: 0
  UpdateMTime: 1578
  RealTimeStamp: 0 seconds 
  LargestPossibleRegion: 
    Dimension: 3
    Index: [0, 0, 0]
    Size: [160, 240, 256]
  BufferedRegion: 
    Dimension: 3
    Index: [0, 0, 0]
    Size: [160, 240, 256]
  RequestedRegion: 
    Dimension: 3
    Index: [0, 0, 0]
    Size: [160, 240, 256]
  Spacing: [0.999995, 1, 1]
  Origin: [87.0906, 98.7205, -152.377]
  Direction: 
-0.996975 0.0261379 -0.0731913
-0.0260677 -0.999658 -0.00191374
-0.0732163 -2.46403e-08 0.997316

  IndexToPointMatrix: 
-0.996971 0.0261379 -0.0731913
-0.0260676 -0.999658 -0.00191374
-0.0732159 -2.46403e-08 0.997316

  PointToIndexMatrix: 
-0.99698 -0.0260679 -0.0732166
0.0261379 -0.999658 -2.46993e-08
-0.0731913 -0.00191374 0.997316

  Inverse Direction: 
-0.996975 -0.0260677 -0.0732163
0.0261379 -0.999658 -2.46993e-08
-0.0731913 -0.00191374 0.997316

  PixelContainer: 
    ImportImageContainer (0x46fc6d0)
      RTTI typeinfo:   itk::ImportImageContainer<unsigned long, double>
      Reference Count: 1
      Modified Time: 1575
      Debug: Off
      Object Name: 
      Observers: 
        none
      Pointer: 0x14d1dd317010
      Container manages memory: true
      Size: 9830400
      Capacity: 9830400

     Weighting = 1
     Sampling strategy = regular
     Number of bins = 32
     Radius = 4
     Sampling percentage  = 0.25
   Transform = Rigid
     Gradient step = 0.1
     Update field sigma (voxel space) = 0
     Total field sigma (voxel space) = 0
     Update field time sigma = 0
     Total field time sigma  = 0
     Number of time indices = 0
     Number of time point samples = 0
Registration using 1 total stages.

Stage 0
  iterations = 1000x500x250x100
  convergence threshold = 1e-06
  convergence window size = 10
  number of levels = 4
  using the Mattes MI metric (number of bins = 32, weight = 1, use gradient filter = 0)
  preprocessing:  winsorizing the image intensities
  Shrink factors (level 1 out of 4): [8, 8, 8]
  Shrink factors (level 2 out of 4): [4, 4, 4]
  Shrink factors (level 3 out of 4): [2, 2, 2]
  Shrink factors (level 4 out of 4): [1, 1, 1]
  smoothing sigmas per level: [3, 2, 1, 0]
  regular sampling (percentage = 0.25)

*** Running Euler3DTransform registration ***

DIAGNOSTIC,Iteration,metricValue,convergenceValue,ITERATION_TIME_INDEX,SINCE_LAST
 2DIAGNOSTIC,     1, -3.791273390751e-01, 1.797693134862e+308, 7.4504e-01, 7.4504e-01, 
 2DIAGNOSTIC,     2, -3.803606001643e-01, 1.797693134862e+308, 7.5124e-01, 6.1951e-03, 
 2DIAGNOSTIC,     3, -3.828962034719e-01, 1.797693134862e+308, 7.5662e-01, 5.3859e-03, 
 2DIAGNOSTIC,     4, -3.876122532015e-01, 1.797693134862e+308, 7.6116e-01, 4.5321e-03, 
 2DIAGNOSTIC,     5, -3.904935334081e-01, 1.797693134862e+308, 7.6639e-01, 5.2309e-03, 
 2DIAGNOSTIC,     6, -3.911039700181e-01, 1.797693134862e+308, 7.7096e-01, 4.5762e-03, 
 2DIAGNOSTIC,     7, -3.914905453856e-01, 1.797693134862e+308, 7.7547e-01, 4.5109e-03, 
 2DIAGNOSTIC,     8, -3.925629083064e-01, 1.797693134862e+308, 7.8023e-01, 4.7600e-03, 
 2DIAGNOSTIC,     9, -3.981570789235e-01, 1.797693134862e+308, 7.8502e-01, 4.7832e-03, 
 2DIAGNOSTIC,    10, -4.079218556696e-01, 3.866687266231e-03, 7.9135e-01, 6.3310e-03, 
 2DIAGNOSTIC,    11, -4.246779602407e-01, 4.904320352955e-03, 7.9691e-01, 5.5568e-03, 
 2DIAGNOSTIC,    12, -4.297045200929e-01, 5.673254149494e-03, 8.0182e-01, 4.9140e-03, 
 2DIAGNOSTIC,    13, -4.335692915498e-01, 6.156954111582e-03, 8.0741e-01, 5.5950e-03, 
 2DIAGNOSTIC,    14, -4.439932007396e-01, 6.764094567502e-03, 8.1229e-01, 4.8721e-03, 
 2DIAGNOSTIC,    15, -4.466217673211e-01, 6.904768045122e-03, 8.1780e-01, 5.5120e-03, 
 2DIAGNOSTIC,    16, -4.513528166467e-01, 6.619270356500e-03, 8.2327e-01, 5.4739e-03, 
 2DIAGNOSTIC,    17, -4.528511002195e-01, 5.844785640895e-03, 8.2897e-01, 5.7030e-03, 
 2DIAGNOSTIC,    18, -4.555717392108e-01, 4.777374805856e-03, 8.3616e-01, 7.1881e-03, 
 2DIAGNOSTIC,    19, -4.559551119487e-01, 3.601534623183e-03, 8.4118e-01, 5.0120e-03, 
 2DIAGNOSTIC,    20, -4.573565911578e-01, 2.586714702454e-03, 8.4847e-01, 7.2901e-03, 
 2DIAGNOSTIC,    21, -4.575247538021e-01, 1.982968663284e-03, 8.5315e-01, 4.6821e-03, 
 2DIAGNOSTIC,    22, -4.577282293169e-01, 1.415634071063e-03, 8.5841e-01, 5.2640e-03, 
 2DIAGNOSTIC,    23, -4.579446812955e-01, 8.825802335519e-04, 8.6295e-01, 4.5371e-03, 
 2DIAGNOSTIC,    24, -4.580222576739e-01, 6.077355099622e-04, 8.6756e-01, 4.6141e-03, 
 2DIAGNOSTIC,    25, -4.581756803892e-01, 3.715376010519e-04, 8.7260e-01, 5.0371e-03, 
 2DIAGNOSTIC,    26, -4.586249161467e-01, 2.524148274841e-04, 8.7717e-01, 4.5679e-03, 
 2DIAGNOSTIC,    27, -4.589297658284e-01, 1.618814783921e-04, 8.8399e-01, 6.8209e-03, 
 2DIAGNOSTIC,    28, -4.591735888248e-01, 1.333201743367e-04, 8.8851e-01, 4.5249e-03, 
 2DIAGNOSTIC,    29, -4.592820815200e-01, 1.048522517920e-04, 8.9367e-01, 5.1558e-03, 
 2DIAGNOSTIC,    30, -4.597220913975e-01, 1.091022371592e-04, 9.0029e-01, 6.6249e-03, 
 2DIAGNOSTIC,    31, -4.598059271094e-01, 1.078125525657e-04, 9.0490e-01, 4.6072e-03, 
 2DIAGNOSTIC,    32, -4.606633289608e-01, 1.181449072163e-04, 9.1009e-01, 5.1851e-03, 
 2DIAGNOSTIC,    33, -4.610338767509e-01, 1.280760063707e-04, 9.1464e-01, 4.5521e-03, 
 2DIAGNOSTIC,    34, -4.611754775340e-01, 1.296120272101e-04, 9.1922e-01, 4.5772e-03, 
 2DIAGNOSTIC,    35, -4.615383392348e-01, 1.284969484788e-04, 9.2384e-01, 4.6251e-03, 
 2DIAGNOSTIC,    36, -4.621703094920e-01, 1.346659848777e-04, 9.3015e-01, 6.3081e-03, 
 2DIAGNOSTIC,    37, -4.629360973021e-01, 1.461308685035e-04, 9.3477e-01, 4.6208e-03, 
 2DIAGNOSTIC,    38, -4.632895421109e-01, 1.530982301512e-04, 9.3962e-01, 4.8521e-03, 
 2DIAGNOSTIC,    39, -4.639368764486e-01, 1.578730174032e-04, 9.4488e-01, 5.2552e-03, 
 2DIAGNOSTIC,    40, -4.659938409409e-01, 1.878872254955e-04, 9.5066e-01, 5.7850e-03, 
 2DIAGNOSTIC,    41, -4.813858841353e-01, 4.408996798155e-04, 9.5634e-01, 5.6751e-03, 
 2DIAGNOSTIC,    42, -4.863495852284e-01, 7.214391303022e-04, 9.6148e-01, 5.1460e-03, 
 2DIAGNOSTIC,    43, -5.054853305647e-01, 1.210404888846e-03, 9.6649e-01, 5.0101e-03, 
 2DIAGNOSTIC,    44, -5.116910476938e-01, 1.647022637609e-03, 9.7448e-01, 7.9870e-03, 
 2DIAGNOSTIC,    45, -5.155381708984e-01, 1.964227143765e-03, 9.7934e-01, 4.8549e-03, 
 2DIAGNOSTIC,    46, -5.159520859323e-01, 2.092471390429e-03, 9.8389e-01, 4.5521e-03, 
 2DIAGNOSTIC,    47, -5.167027249951e-01, 2.034576566871e-03, 9.8920e-01, 5.3110e-03, 
 2DIAGNOSTIC,    48, -5.190654798991e-01, 1.819985991083e-03, 9.9502e-01, 5.8210e-03, 
 2DIAGNOSTIC,    49, -5.206517356014e-01, 1.469809122631e-03, 1.0002e+00, 5.1360e-03, 
 2DIAGNOSTIC,    50, -5.209127538125e-01, 1.022345308242e-03, 1.0052e+00, 5.0459e-03, 
 2DIAGNOSTIC,    51, -5.210055128898e-01, 6.898474344914e-04, 1.0108e+00, 5.5671e-03, 
 2DIAGNOSTIC,    52, -5.210300371016e-01, 3.609776308206e-04, 1.0157e+00, 4.9310e-03, 
 2DIAGNOSTIC,    53, -5.213381051996e-01, 2.379761544864e-04, 1.0208e+00, 5.1260e-03, 
 2DIAGNOSTIC,    54, -5.213189118570e-01, 1.669381114890e-04, 1.0253e+00, 4.4689e-03, 
 2DIAGNOSTIC,    55, -5.214297437819e-01, 1.277685178410e-04, 1.0303e+00, 5.0271e-03, 
 2DIAGNOSTIC,    56, -5.213496090800e-01, 8.203169114018e-05, 1.0355e+00, 5.1889e-03, 
 2DIAGNOSTIC,    57, -5.219186453240e-01, 4.409804236858e-05, 1.0425e+00, 6.9952e-03, 
 2DIAGNOSTIC,    58, -5.219537875749e-01, 2.822464041119e-05, 1.0478e+00, 5.3060e-03, 
 2DIAGNOSTIC,    59, -5.222015366248e-01, 2.933978674409e-05, 1.0524e+00, 4.5969e-03, 
 2DIAGNOSTIC,    60, -5.221989281819e-01, 3.032898707345e-05, 1.0573e+00, 4.8540e-03, 
 2DIAGNOSTIC,    61, -5.224829537841e-01, 3.224934911806e-05, 1.0623e+00, 5.0859e-03, 
 2DIAGNOSTIC,    62, -5.225587505024e-01, 3.184051210520e-05, 1.0668e+00, 4.4410e-03, 
 2DIAGNOSTIC,    63, -5.225653553704e-01, 3.146209680604e-05, 1.0712e+00, 4.4341e-03, 
 2DIAGNOSTIC,    64, -5.226985432504e-01, 2.926724246731e-05, 1.0756e+00, 4.3972e-03, 
 2DIAGNOSTIC,    65, -5.231106870229e-01, 2.931190096250e-05, 1.0807e+00, 5.0309e-03, 
 2DIAGNOSTIC,    66, -5.231094555337e-01, 2.559549924533e-05, 1.0869e+00, 6.2242e-03, 
 2DIAGNOSTIC,    67, -5.231838863849e-01, 2.545271466679e-05, 1.0969e+00, 1.0028e-02, 
 2DIAGNOSTIC,    68, -5.231841913018e-01, 2.324103024649e-05, 1.1014e+00, 4.4971e-03, 
 2DIAGNOSTIC,    69, -5.231852136356e-01, 2.109943557637e-05, 1.1058e+00, 4.4129e-03, 
 2DIAGNOSTIC,    70, -5.231870121697e-01, 1.692162716960e-05, 1.1103e+00, 4.4770e-03, 
 2DIAGNOSTIC,    71, -5.231901127519e-01, 1.370492506212e-05, 1.1149e+00, 4.5710e-03, 
 2DIAGNOSTIC,    72, -5.231948882557e-01, 1.004199419474e-05, 1.1194e+00, 4.5080e-03, 
 2DIAGNOSTIC,    73, -5.232026136941e-01, 5.692928172839e-06, 1.1237e+00, 4.3480e-03, 
 2DIAGNOSTIC,    74, -5.232105967256e-01, 2.024039550196e-06, 1.1280e+00, 4.2439e-03, 
 2DIAGNOSTIC,    75, -5.231379773506e-01, 1.021595148865e-06, 1.1328e+00, 4.8220e-03, 
DIAGNOSTIC,Iteration,metricValue,convergenceValue,ITERATION_TIME_INDEX,SINCE_LAST
 2DIAGNOSTIC,     1, -4.143412098659e-01, 1.797693134862e+308, 1.8542e+00, 7.2146e-01, 
 2DIAGNOSTIC,     2, -4.148005764470e-01, 1.797693134862e+308, 1.8824e+00, 2.8168e-02, 
 2DIAGNOSTIC,     3, -4.153304447684e-01, 1.797693134862e+308, 1.9114e+00, 2.8966e-02, 
 2DIAGNOSTIC,     4, -4.157691629068e-01, 1.797693134862e+308, 1.9389e+00, 2.7556e-02, 
 2DIAGNOSTIC,     5, -4.160127665912e-01, 1.797693134862e+308, 1.9661e+00, 2.7157e-02, 
 2DIAGNOSTIC,     6, -4.163510072473e-01, 1.797693134862e+308, 1.9937e+00, 2.7606e-02, 
 2DIAGNOSTIC,     7, -4.168526283127e-01, 1.797693134862e+308, 2.0221e+00, 2.8391e-02, 
 2DIAGNOSTIC,     8, -4.184602553724e-01, 1.797693134862e+308, 2.0691e+00, 4.6994e-02, 
 2DIAGNOSTIC,     9, -4.186181395161e-01, 1.797693134862e+308, 2.1006e+00, 3.1483e-02, 
 2DIAGNOSTIC,    10, -4.186215079995e-01, 7.110987074909e-04, 2.1409e+00, 4.0330e-02, 
 2DIAGNOSTIC,    11, -4.186301807686e-01, 6.186130875427e-04, 2.1744e+00, 3.3496e-02, 
 2DIAGNOSTIC,    12, -4.186141069422e-01, 5.105086770467e-04, 2.2074e+00, 3.2974e-02, 
 2DIAGNOSTIC,    13, -4.186162126167e-01, 3.994153523966e-04, 2.2390e+00, 3.1604e-02, 
 2DIAGNOSTIC,    14, -4.185917376252e-01, 2.881932722567e-04, 2.2708e+00, 3.1871e-02, 
 2DIAGNOSTIC,    15, -4.185801575522e-01, 1.773062309576e-04, 2.2994e+00, 2.8607e-02, 
 2DIAGNOSTIC,    16, -4.185949579977e-01, 7.961069121648e-05, 2.3308e+00, 3.1360e-02, 
 2DIAGNOSTIC,    17, -4.186113235309e-01, 5.248744047164e-06, 2.3623e+00, 3.1535e-02, 
DIAGNOSTIC,Iteration,metricValue,convergenceValue,ITERATION_TIME_INDEX,SINCE_LAST
 2DIAGNOSTIC,     1, -3.581655076380e-01, 1.797693134862e+308, 3.4417e+00, 1.0794e+00, 
 2DIAGNOSTIC,     2, -3.582324064272e-01, 1.797693134862e+308, 3.6983e+00, 2.5657e-01, 
 2DIAGNOSTIC,     3, -3.585046227814e-01, 1.797693134862e+308, 3.9491e+00, 2.5086e-01, 
 2DIAGNOSTIC,     4, -3.592061452181e-01, 1.797693134862e+308, 4.1934e+00, 2.4429e-01, 
 2DIAGNOSTIC,     5, -3.596588707111e-01, 1.797693134862e+308, 4.4223e+00, 2.2887e-01, 
 2DIAGNOSTIC,     6, -3.601276550053e-01, 1.797693134862e+308, 4.6598e+00, 2.3754e-01, 
 2DIAGNOSTIC,     7, -3.608084312342e-01, 1.797693134862e+308, 4.9544e+00, 2.9456e-01, 
 2DIAGNOSTIC,     8, -3.614051052140e-01, 1.797693134862e+308, 5.2327e+00, 2.7830e-01, 
 2DIAGNOSTIC,     9, -3.615857941696e-01, 1.797693134862e+308, 5.5321e+00, 2.9940e-01, 
 2DIAGNOSTIC,    10, -3.616305908437e-01, 7.341046012475e-04, 5.7932e+00, 2.6106e-01, 
 2DIAGNOSTIC,    11, -3.617650732281e-01, 6.387469918595e-04, 6.1339e+00, 3.4074e-01, 
 2DIAGNOSTIC,    12, -3.618742990868e-01, 5.134117500514e-04, 6.5435e+00, 4.0956e-01, 
 2DIAGNOSTIC,    13, -3.618777562582e-01, 3.767833212624e-04, 6.8321e+00, 2.8862e-01, 
 2DIAGNOSTIC,    14, -3.618838702726e-01, 2.657073293455e-04, 7.1921e+00, 3.6006e-01, 
 2DIAGNOSTIC,    15, -3.618844460119e-01, 1.694929401610e-04, 7.4767e+00, 2.8457e-01, 
 2DIAGNOSTIC,    16, -3.618853726786e-01, 9.253971666469e-05, 7.7864e+00, 3.0974e-01, 
 2DIAGNOSTIC,    17, -3.618857539107e-01, 4.713969860968e-05, 8.1361e+00, 3.4969e-01, 
 2DIAGNOSTIC,    18, -3.618860216551e-01, 2.861461833492e-05, 8.4167e+00, 2.8061e-01, 
 2DIAGNOSTIC,    19, -3.618860179525e-01, 1.713158704347e-05, 8.7238e+00, 3.0709e-01, 
 2DIAGNOSTIC,    20, -3.618845088392e-01, 6.969886559835e-06, 9.0325e+00, 3.0862e-01, 
 2DIAGNOSTIC,    21, -3.618841885325e-01, 2.197147897412e-06, 9.3231e+00, 2.9063e-01, 
 2DIAGNOSTIC,    22, -3.618835599285e-01, 1.681069780372e-06, 9.6102e+00, 2.8713e-01, 
 2DIAGNOSTIC,    23, -3.618843603587e-01, 1.328223643564e-06, 9.8470e+00, 2.3678e-01, 
 2DIAGNOSTIC,    24, -3.618847400611e-01, 1.222284947519e-06, 1.0132e+01, 2.8519e-01, 
 2DIAGNOSTIC,    25, -3.618861485365e-01, 1.197196102573e-06, 1.0416e+01, 2.8367e-01, 
 2DIAGNOSTIC,    26, -3.618857202011e-01, 1.195945094852e-06, 1.0668e+01, 2.5197e-01, 
 2DIAGNOSTIC,    27, -3.618855403096e-01, 1.203833700024e-06, 1.0922e+01, 2.5389e-01, 
 2DIAGNOSTIC,    28, -3.618856724867e-01, 1.219834426226e-06, 1.1182e+01, 2.6069e-01, 
 2DIAGNOSTIC,    29, -3.618842051403e-01, 1.187158052536e-06, 1.1449e+01, 2.6628e-01, 
 2DIAGNOSTIC,    30, -3.618840322023e-01, 1.105042567270e-06, 1.1715e+01, 2.6643e-01, 
 2DIAGNOSTIC,    31, -3.618839923349e-01, 1.015700720933e-06, 1.1998e+01, 2.8303e-01, 
DIAGNOSTIC,Iteration,metricValue,convergenceValue,ITERATION_TIME_INDEX,SINCE_LAST
 2DIAGNOSTIC,     1, -3.316352052918e-01, 1.797693134862e+308, 1.4642e+01, 2.6442e+00, 
 2DIAGNOSTIC,     2, -3.317429079127e-01, 1.797693134862e+308, 1.6063e+01, 1.4202e+00, 
 2DIAGNOSTIC,     3, -3.317629471008e-01, 1.797693134862e+308, 1.7396e+01, 1.3334e+00, 
 2DIAGNOSTIC,     4, -3.317966819569e-01, 1.797693134862e+308, 1.8740e+01, 1.3439e+00, 
 2DIAGNOSTIC,     5, -3.320471069066e-01, 1.797693134862e+308, 2.0200e+01, 1.4597e+00, 
 2DIAGNOSTIC,     6, -3.324987251683e-01, 1.797693134862e+308, 2.2493e+01, 2.2931e+00, 
 2DIAGNOSTIC,     7, -3.325000490236e-01, 1.797693134862e+308, 2.4030e+01, 1.5374e+00, 
 2DIAGNOSTIC,     8, -3.325025738799e-01, 1.797693134862e+308, 2.5696e+01, 1.6662e+00, 
 2DIAGNOSTIC,     9, -3.325050333010e-01, 1.797693134862e+308, 2.6999e+01, 1.3024e+00, 
 2DIAGNOSTIC,    10, -3.325047423349e-01, 2.134729444340e-04, 2.8361e+01, 1.3625e+00, 
 2DIAGNOSTIC,    11, -3.325059955253e-01, 1.678903155088e-04, 2.9821e+01, 1.4599e+00, 
 2DIAGNOSTIC,    12, -3.325085712868e-01, 1.231365500772e-04, 3.1150e+01, 1.3293e+00, 
 2DIAGNOSTIC,    13, -3.325123279797e-01, 7.657356884024e-05, 3.2648e+01, 1.4978e+00, 
 2DIAGNOSTIC,    14, -3.325287880860e-01, 3.289094213008e-05, 3.4151e+01, 1.5026e+00, 
 2DIAGNOSTIC,    15, -3.325976620292e-01, 9.691720771254e-06, 3.7010e+01, 2.8595e+00, 
 2DIAGNOSTIC,    16, -3.325987916568e-01, 1.281164922545e-05, 3.8355e+01, 1.3444e+00, 
 2DIAGNOSTIC,    17, -3.326006517412e-01, 1.477623756582e-05, 3.9715e+01, 1.3602e+00, 
 2DIAGNOSTIC,    18, -3.326056220289e-01, 1.572894754023e-05, 4.1173e+01, 1.4581e+00, 
 2DIAGNOSTIC,    19, -3.326112606539e-01, 1.562572345847e-05, 4.2661e+01, 1.4880e+00, 
 2DIAGNOSTIC,    20, -3.326158460597e-01, 1.436704657873e-05, 4.4105e+01, 1.4443e+00, 
 2DIAGNOSTIC,    21, -3.326238599567e-01, 1.241446148391e-05, 4.5398e+01, 1.2929e+00, 
 2DIAGNOSTIC,    22, -3.326299239461e-01, 9.999626083536e-06, 4.6759e+01, 1.3610e+00, 
 2DIAGNOSTIC,    23, -3.326387757337e-01, 7.473211246917e-06, 4.8151e+01, 1.3921e+00, 
 2DIAGNOSTIC,    24, -3.326647035600e-01, 6.021494638478e-06, 4.9982e+01, 1.8306e+00, 
 2DIAGNOSTIC,    25, -3.326965980664e-01, 7.670970202135e-06, 5.1891e+01, 1.9088e+00, 
 2DIAGNOSTIC,    26, -3.326968251082e-01, 8.618874380750e-06, 5.3787e+01, 1.8961e+00, 
 2DIAGNOSTIC,    27, -3.326969839610e-01, 8.884049717037e-06, 5.5522e+01, 1.7349e+00, 
 2DIAGNOSTIC,    28, -3.326966920380e-01, 8.554702467752e-06, 5.7152e+01, 1.6308e+00, 
 2DIAGNOSTIC,    29, -3.326966714782e-01, 7.698049424083e-06, 5.8641e+01, 1.4883e+00, 
 2DIAGNOSTIC,    30, -3.326967646007e-01, 6.389291792121e-06, 6.0088e+01, 1.4477e+00, 
 2DIAGNOSTIC,    31, -3.326965333208e-01, 4.881448507743e-06, 6.1545e+01, 1.4562e+00, 
 2DIAGNOSTIC,    32, -3.326965537573e-01, 3.280790638126e-06, 6.3158e+01, 1.6138e+00, 
 2DIAGNOSTIC,    33, -3.326965006848e-01, 1.779148350818e-06, 6.4920e+01, 1.7620e+00, 
  Elapsed time (stage 0): 6.5723e+01


Total elapsed time: 6.5726e+01
Info [verificarlo]: loaded backend libinterflop_ieee.so
Info [interflop-ieee]: load backend with:
Info [interflop-ieee]: debug = false
Info [interflop-ieee]: debug-binary = false
Info [interflop-ieee]: no-backend-name = false
Info [interflop-ieee]: print-new-line = false
Info [interflop-ieee]: print-subnormal-normalized = false
Info [interflop-ieee]: count-op = false
All_Command_lines_OK
Using double precision for computations.
=============================================================================
The composite transform comprises the following transforms (in order): 
  1. /home/mdugre/scratch/mri-registration-rp/datasets/ds004513/derivatives/mri-registration-rp/0001/antsRegistration-r7-p21/sub-s020/rigid_Composite.h5[0] (type = Euler3DTransform)
  2. /home/mdugre/scratch/mri-registration-rp/datasets/ds004513/derivatives/mri-registration-rp/0001/antsRegistration-r7-p21/sub-s020/rigid_Composite.h5[1] (type = Euler3DTransform)
  3. /home/mdugre/scratch/mri-registration-rp/datasets/ds004513/derivatives/mri-registration-rp/0001/antsRegistration-r7-p21/sub-s020/rigid_Composite.h5[2] (type = Euler3DTransform)
=============================================================================
  number of levels = 4
  fixed image: /templateflow/tpl-MNI152NLin2009cAsym/tpl-MNI152NLin2009cAsym_res-01_desc-brain_T1w.nii.gz
  moving image: /home/mdugre/scratch/mri-registration-rp/datasets/ds004513/derivatives/mri-registration-rp/antsBrainExtraction/sub-s020/BrainExtractionBrain.nii.gz
Dimension = 3
Number of stages = 1
Use histogram matching = false
Winsorize image intensities = true
  Lower quantile = 0.005
  Upper quantile = 0.995


Stage 1 State
   Image metric = MattesMI
     Fixed image = Image (0x43347e0)
  RTTI typeinfo:   itk::Image<double, 3u>
  Reference Count: 2
  Modified Time: 1594
  Debug: Off
  Object Name: 
  Observers: 
    none
  Source: (none)
  Source output name: (none)
  Release Data: Off
  Data Released: False
  Global Release Data: Off
  PipelineMTime: 0
  UpdateMTime: 1203
  RealTimeStamp: 0 seconds 
  LargestPossibleRegion: 
    Dimension: 3
    Index: [0, 0, 0]
    Size: [193, 229, 193]
  BufferedRegion: 
    Dimension: 3
    Index: [0, 0, 0]
    Size: [193, 229, 193]
  RequestedRegion: 
    Dimension: 3
    Index: [0, 0, 0]
    Size: [193, 229, 193]
  Spacing: [1, 1, 1]
  Origin: [96, 132, -78]
  Direction: 
-1 0 0
0 -1 0
0 0 1

  IndexToPointMatrix: 
-1 0 0
0 -1 0
0 0 1

  PointToIndexMatrix: 
-1 0 0
0 -1 0
0 0 1

  Inverse Direction: 
-1 0 0
0 -1 0
0 0 1

  PixelContainer: 
    ImportImageContainer (0x43f4a20)
      RTTI typeinfo:   itk::ImportImageContainer<unsigned long, double>
      Reference Count: 1
      Modified Time: 1200
      Debug: Off
      Object Name: 
      Observers: 
        none
      Pointer: 0x14cf4ed3a010
      Container manages memory: true
      Size: 8530021
      Capacity: 8530021

     Moving image = Image (0x43efd70)
  RTTI typeinfo:   itk::Image<double, 3u>
  Reference Count: 2
  Modified Time: 1595
  Debug: Off
  Object Name: 
  Observers: 
    none
  Source: (none)
  Source output name: (none)
  Release Data: Off
  Data Released: False
  Global Release Data: Off
  PipelineMTime: 0
  UpdateMTime: 1592
  RealTimeStamp: 0 seconds 
  LargestPossibleRegion: 
    Dimension: 3
    Index: [0, 0, 0]
    Size: [160, 240, 256]
  BufferedRegion: 
    Dimension: 3
    Index: [0, 0, 0]
    Size: [160, 240, 256]
  RequestedRegion: 
    Dimension: 3
    Index: [0, 0, 0]
    Size: [160, 240, 256]
  Spacing: [0.999995, 1, 1]
  Origin: [87.0906, 98.7205, -152.377]
  Direction: 
-0.996975 0.0261379 -0.0731913
-0.0260677 -0.999658 -0.00191374
-0.0732163 -2.46403e-08 0.997316

  IndexToPointMatrix: 
-0.996971 0.0261379 -0.0731913
-0.0260676 -0.999658 -0.00191374
-0.0732159 -2.46403e-08 0.997316

  PointToIndexMatrix: 
-0.99698 -0.0260679 -0.0732166
0.0261379 -0.999658 -2.46993e-08
-0.0731913 -0.00191374 0.997316

  Inverse Direction: 
-0.996975 -0.0260677 -0.0732163
0.0261379 -0.999658 -2.46993e-08
-0.0731913 -0.00191374 0.997316

  PixelContainer: 
    ImportImageContainer (0x43a7c90)
      RTTI typeinfo:   itk::ImportImageContainer<unsigned long, double>
      Reference Count: 1
      Modified Time: 1589
      Debug: Off
      Object Name: 
      Observers: 
        none
      Pointer: 0x14cf4a239010
      Container manages memory: true
      Size: 9830400
      Capacity: 9830400

     Weighting = 1
     Sampling strategy = regular
     Number of bins = 32
     Radius = 4
     Sampling percentage  = 0.25
   Transform = Affine
     Gradient step = 0.1
     Update field sigma (voxel space) = 0
     Total field sigma (voxel space) = 0
     Update field time sigma = 0
     Total field time sigma  = 0
     Number of time indices = 0
     Number of time point samples = 0
Registration using 1 total stages.

Stage 0
  iterations = 1000x500x250x100
  convergence threshold = 1e-06
  convergence window size = 10
  number of levels = 4
  using the Mattes MI metric (number of bins = 32, weight = 1, use gradient filter = 0)
  preprocessing:  winsorizing the image intensities
  Shrink factors (level 1 out of 4): [8, 8, 8]
  Shrink factors (level 2 out of 4): [4, 4, 4]
  Shrink factors (level 3 out of 4): [2, 2, 2]
  Shrink factors (level 4 out of 4): [1, 1, 1]
  smoothing sigmas per level: [3, 2, 1, 0]
  regular sampling (percentage = 0.25)

*** Running AffineTransform registration ***

DIAGNOSTIC,Iteration,metricValue,convergenceValue,ITERATION_TIME_INDEX,SINCE_LAST
 2DIAGNOSTIC,     1, -5.143854743670e-01, 1.797693134862e+308, 7.0400e-01, 7.0400e-01, 
 2DIAGNOSTIC,     2, -5.162802949435e-01, 1.797693134862e+308, 7.0974e-01, 5.7371e-03, 
 2DIAGNOSTIC,     3, -5.193271771837e-01, 1.797693134862e+308, 7.1509e-01, 5.3561e-03, 
 2DIAGNOSTIC,     4, -5.238247959875e-01, 1.797693134862e+308, 7.1983e-01, 4.7340e-03, 
 2DIAGNOSTIC,     5, -5.302458545088e-01, 1.797693134862e+308, 7.2450e-01, 4.6699e-03, 
 2DIAGNOSTIC,     6, -5.457666556481e-01, 1.797693134862e+308, 7.2947e-01, 4.9739e-03, 
 2DIAGNOSTIC,     7, -5.890865301190e-01, 1.797693134862e+308, 7.3464e-01, 5.1708e-03, 
 2DIAGNOSTIC,     8, -6.986649972380e-01, 1.797693134862e+308, 7.4039e-01, 5.7478e-03, 
 2DIAGNOSTIC,     9, -7.241954370204e-01, 1.797693134862e+308, 7.4624e-01, 5.8510e-03, 
 2DIAGNOSTIC,    10, -7.389997809461e-01, 2.722615811553e-02, 7.5329e-01, 7.0448e-03, 
 2DIAGNOSTIC,    11, -7.495262094222e-01, 2.785067355921e-02, 7.5895e-01, 5.6651e-03, 
 2DIAGNOSTIC,    12, -7.775624084090e-01, 2.691611246660e-02, 7.6461e-01, 5.6629e-03, 
 2DIAGNOSTIC,    13, -8.038733509547e-01, 2.463246406334e-02, 7.7015e-01, 5.5370e-03, 
 2DIAGNOSTIC,    14, -8.253471990554e-01, 2.131300221135e-02, 7.7746e-01, 7.3099e-03, 
 2DIAGNOSTIC,    15, -8.399013211897e-01, 1.726254920823e-02, 7.8532e-01, 7.8611e-03, 
 2DIAGNOSTIC,    16, -8.405003395520e-01, 1.272689121014e-02, 7.9061e-01, 5.2891e-03, 
 2DIAGNOSTIC,    17, -8.429044202327e-01, 8.749862524603e-03, 7.9668e-01, 6.0689e-03, 
 2DIAGNOSTIC,    18, -8.439691535453e-01, 7.026387574328e-03, 8.0198e-01, 5.3020e-03, 
 2DIAGNOSTIC,    19, -8.487050988637e-01, 5.517676027473e-03, 8.0753e-01, 5.5439e-03, 
 2DIAGNOSTIC,    20, -8.566721396319e-01, 4.140241389243e-03, 8.1598e-01, 8.4572e-03, 
 2DIAGNOSTIC,    21, -8.564468139683e-01, 2.727127509544e-03, 8.2177e-01, 5.7831e-03, 
 2DIAGNOSTIC,    22, -8.563219046533e-01, 1.713111602892e-03, 8.2758e-01, 5.8179e-03, 
 2DIAGNOSTIC,    23, -8.562391829031e-01, 1.084814461456e-03, 8.3347e-01, 5.8818e-03, 
 2DIAGNOSTIC,    24, -8.560996009710e-01, 7.545298562079e-04, 8.3881e-01, 5.3420e-03, 
 2DIAGNOSTIC,    25, -8.560966967888e-01, 6.074906339714e-04, 8.4469e-01, 5.8839e-03, 
 2DIAGNOSTIC,    26, -8.562125343266e-01, 4.273066218413e-04, 8.5059e-01, 5.9009e-03, 
 2DIAGNOSTIC,    27, -8.560520067831e-01, 2.564353543980e-04, 8.5588e-01, 5.2900e-03, 
 2DIAGNOSTIC,    28, -8.563512506457e-01, 9.357696367274e-05, 8.6115e-01, 5.2669e-03, 
DIAGNOSTIC,Iteration,metricValue,convergenceValue,ITERATION_TIME_INDEX,SINCE_LAST
 2DIAGNOSTIC,     1, -7.193808304676e-01, 1.797693134862e+308, 1.6537e+00, 7.9258e-01, 
 2DIAGNOSTIC,     2, -7.197496945618e-01, 1.797693134862e+308, 1.6970e+00, 4.3220e-02, 
 2DIAGNOSTIC,     3, -7.200561226949e-01, 1.797693134862e+308, 1.7404e+00, 4.3458e-02, 
 2DIAGNOSTIC,     4, -7.200479795065e-01, 1.797693134862e+308, 1.8050e+00, 6.4575e-02, 
 2DIAGNOSTIC,     5, -7.200305200995e-01, 1.797693134862e+308, 1.8449e+00, 3.9965e-02, 
 2DIAGNOSTIC,     6, -7.200013624421e-01, 1.797693134862e+308, 1.8887e+00, 4.3795e-02, 
 2DIAGNOSTIC,     7, -7.199985147398e-01, 1.797693134862e+308, 1.9425e+00, 5.3795e-02, 
 2DIAGNOSTIC,     8, -7.199689872099e-01, 1.797693134862e+308, 1.9834e+00, 4.0810e-02, 
 2DIAGNOSTIC,     9, -7.199366411542e-01, 1.797693134862e+308, 2.0242e+00, 4.0861e-02, 
 2DIAGNOSTIC,    10, -7.199016232394e-01, 2.667096737395e-05, 2.0603e+00, 3.6138e-02, 
DIAGNOSTIC,Iteration,metricValue,convergenceValue,ITERATION_TIME_INDEX,SINCE_LAST
 2DIAGNOSTIC,     1, -5.962256080259e-01, 1.797693134862e+308, 3.2159e+00, 1.1555e+00, 
 2DIAGNOSTIC,     2, -5.965161025036e-01, 1.797693134862e+308, 3.4999e+00, 2.8401e-01, 
 2DIAGNOSTIC,     3, -5.967266360433e-01, 1.797693134862e+308, 3.7771e+00, 2.7716e-01, 
 2DIAGNOSTIC,     4, -5.969237616447e-01, 1.797693134862e+308, 4.0833e+00, 3.0624e-01, 
 2DIAGNOSTIC,     5, -5.971985226768e-01, 1.797693134862e+308, 4.4231e+00, 3.3983e-01, 
 2DIAGNOSTIC,     6, -5.973101471566e-01, 1.797693134862e+308, 4.8581e+00, 4.3500e-01, 
 2DIAGNOSTIC,     7, -5.973170126776e-01, 1.797693134862e+308, 5.1852e+00, 3.2703e-01, 
 2DIAGNOSTIC,     8, -5.973121382111e-01, 1.797693134862e+308, 5.5996e+00, 4.1448e-01, 
 2DIAGNOSTIC,     9, -5.973119926389e-01, 1.797693134862e+308, 5.9817e+00, 3.8203e-01, 
 2DIAGNOSTIC,    10, -5.973100503285e-01, 1.170935613408e-04, 6.3884e+00, 4.0671e-01, 
 2DIAGNOSTIC,    11, -5.973107557115e-01, 7.347898691841e-05, 6.7364e+00, 3.4799e-01, 
 2DIAGNOSTIC,    12, -5.973101342162e-01, 4.231655666295e-05, 7.0850e+00, 3.4867e-01, 
 2DIAGNOSTIC,    13, -5.973081906740e-01, 1.998935627079e-05, 7.5065e+00, 4.2150e-01, 
 2DIAGNOSTIC,    14, -5.973060504902e-01, 5.673582099797e-06, 7.8321e+00, 3.2553e-01, 
 2DIAGNOSTIC,    15, -5.973066327736e-01, 1.594202832189e-06, 8.2365e+00, 4.0445e-01, 
 2DIAGNOSTIC,    16, -5.973062087298e-01, 1.371261966546e-06, 8.6181e+00, 3.8158e-01, 
 2DIAGNOSTIC,    17, -5.973030032038e-01, 1.336836611229e-06, 9.0388e+00, 4.2071e-01, 
 2DIAGNOSTIC,    18, -5.973012671616e-01, 1.184334433899e-06, 9.4445e+00, 4.0568e-01, 
 2DIAGNOSTIC,    19, -5.973004311397e-01, 1.079848562485e-06, 9.8521e+00, 4.0764e-01, 
DIAGNOSTIC,Iteration,metricValue,convergenceValue,ITERATION_TIME_INDEX,SINCE_LAST
 2DIAGNOSTIC,     1, -5.294676254292e-01, 1.797693134862e+308, 1.3113e+01, 3.2611e+00, 
 2DIAGNOSTIC,     2, -5.297855253775e-01, 1.797693134862e+308, 1.5005e+01, 1.8922e+00, 
 2DIAGNOSTIC,     3, -5.300779602360e-01, 1.797693134862e+308, 1.6880e+01, 1.8745e+00, 
 2DIAGNOSTIC,     4, -5.303328646077e-01, 1.797693134862e+308, 1.8888e+01, 2.0082e+00, 
 2DIAGNOSTIC,     5, -5.310211579037e-01, 1.797693134862e+308, 2.0889e+01, 2.0008e+00, 
 2DIAGNOSTIC,     6, -5.312817195608e-01, 1.797693134862e+308, 2.5841e+01, 4.9517e+00, 
 2DIAGNOSTIC,     7, -5.312812903833e-01, 1.797693134862e+308, 2.8213e+01, 2.3724e+00, 
 2DIAGNOSTIC,     8, -5.312813627137e-01, 1.797693134862e+308, 3.0678e+01, 2.4652e+00, 
 2DIAGNOSTIC,     9, -5.312812984064e-01, 1.797693134862e+308, 3.3196e+01, 2.5174e+00, 
 2DIAGNOSTIC,    10, -5.312812781303e-01, 2.415507625006e-04, 3.5378e+01, 2.1822e+00, 
 2DIAGNOSTIC,    11, -5.312812188951e-01, 1.652047819675e-04, 3.7338e+01, 1.9603e+00, 
 2DIAGNOSTIC,    12, -5.312810430480e-01, 1.014395066228e-04, 3.9215e+01, 1.8770e+00, 
 2DIAGNOSTIC,    13, -5.312809674470e-01, 5.083008050655e-05, 4.0967e+01, 1.7517e+00, 
 2DIAGNOSTIC,    14, -5.312810595867e-01, 1.217815619450e-05, 4.3169e+01, 2.2023e+00, 
 2DIAGNOSTIC,    15, -5.312809887863e-01, 2.074399114857e-06, 4.5102e+01, 1.9326e+00, 
 2DIAGNOSTIC,    16, -5.312807991974e-01, 1.950662257971e-06, 4.7201e+01, 2.0989e+00, 
 2DIAGNOSTIC,    17, -5.312806230496e-01, 1.826203637575e-06, 4.9289e+01, 2.0888e+00, 
 2DIAGNOSTIC,    18, -5.312805049890e-01, 1.718599481601e-06, 5.1464e+01, 2.1747e+00, 
 2DIAGNOSTIC,    19, -5.312803868190e-01, 1.621626586311e-06, 5.3388e+01, 1.9234e+00, 
 2DIAGNOSTIC,    20, -5.312802362661e-01, 1.534731589904e-06, 5.5549e+01, 2.1610e+00, 
 2DIAGNOSTIC,    21, -5.312802151734e-01, 1.459616842461e-06, 5.7695e+01, 2.1461e+00, 
 2DIAGNOSTIC,    22, -5.312801446138e-01, 1.390636130028e-06, 5.9868e+01, 2.1733e+00, 
 2DIAGNOSTIC,    23, -5.312800382678e-01, 1.328562617642e-06, 6.1998e+01, 2.1303e+00, 
 2DIAGNOSTIC,    24, -5.312798119944e-01, 1.273878860390e-06, 6.3930e+01, 1.9312e+00, 
 2DIAGNOSTIC,    25, -5.312797392211e-01, 1.225574783950e-06, 6.6000e+01, 2.0707e+00, 
 2DIAGNOSTIC,    26, -5.312798362789e-01, 1.183548785817e-06, 6.8275e+01, 2.2751e+00, 
 2DIAGNOSTIC,    27, -5.312799218577e-01, 1.146526309427e-06, 7.0231e+01, 1.9558e+00, 
 2DIAGNOSTIC,    28, -5.312798061597e-01, 1.110740136333e-06, 7.2618e+01, 2.3865e+00, 
 2DIAGNOSTIC,    29, -5.312797417091e-01, 1.076731971625e-06, 7.4754e+01, 2.1358e+00, 
 2DIAGNOSTIC,    30, -5.312796771828e-01, 1.043128111736e-06, 7.6842e+01, 2.0886e+00, 
 2DIAGNOSTIC,    31, -5.312793445744e-01, 1.007157611949e-06, 7.8746e+01, 1.9039e+00, 
  Elapsed time (stage 0): 7.9817e+01


Total elapsed time: 7.9820e+01
Info [verificarlo]: loaded backend libinterflop_vprec.so
Info [interflop-vprec]: load backend with: 
Info [interflop-vprec]: precision-binary32 = 21
Info [interflop-vprec]: range-binary32 = 7
Info [interflop-vprec]: precision-binary64 = 21
Info [interflop-vprec]: range-binary64 = 7
Info [interflop-vprec]: mode = ob
Info [interflop-vprec]: error-mode = rel
Info [interflop-vprec]: max-abs-error-exponent = -1022
Info [interflop-vprec]: daz = false
Info [interflop-vprec]: ftz = false
Info [interflop-vprec]: 	instrument = none
Info [interflop-vprec]: 	prec-input-file = (null)
Info [interflop-vprec]: 	prec-output-file = (null)
Info [interflop-vprec]: 	prec-log-file = (null)
All_Command_lines_OK
Using double precision for computations.
=============================================================================
The composite transform comprises the following transforms (in order): 
  1. /home/mdugre/scratch/mri-registration-rp/datasets/ds004513/derivatives/mri-registration-rp/0001/antsRegistration-r7-p21/sub-s020/affine_Composite.h5[0] (type = Euler3DTransform)
