
##########################
# Experiment information #
##########################

EXPERIMENT_NAME: antsRegistration-r8-p18
VFC_BACKENDS: libinterflop_vprec.so --range-binary32=8 --precision-binary32=18 --range-binary64=8 --precision-binary64=18

SIF_IMG: /home/mdugre/projects/rrg-glatard/mdugre/containers/ants-vprec-no_metrics.simg

SUBJECT_ID: s037
INPUT_IMG: /home/mdugre/scratch/mri-registration-rp/datasets/ds004513/derivatives/mri-registration-rp/antsBrainExtraction/sub-s037/BrainExtractionBrain.nii.gz
OUTPUT_DIR: /home/mdugre/scratch/mri-registration-rp/datasets/ds004513/derivatives/mri-registration-rp/0001/antsRegistration-r8-p18/sub-s037

FIXED_IMG: /templateflow/tpl-MNI152NLin2009cAsym/tpl-MNI152NLin2009cAsym_res-01_desc-brain_T1w.nii.gz
DATA_DIR: /home/mdugre/scratch/mri-registration-rp/datasets/ds004513
TEMPLATEFLOW_DIR: /home/mdugre/projects/rrg-glatard/mdugre/templateflow
ITK_GLOBAL_DEFAULT_NUMBER_OF_THREADS: 16
##########################

Info [verificarlo]: loaded backend libinterflop_ieee.so
Info [interflop-ieee]: load backend with:
Info [interflop-ieee]: debug = false
Info [interflop-ieee]: debug-binary = false
Info [interflop-ieee]: no-backend-name = false
Info [interflop-ieee]: print-new-line = false
Info [interflop-ieee]: print-subnormal-normalized = false
Info [interflop-ieee]: count-op = false
All_Command_lines_OK
Using double precision for computations.
=============================================================================
The composite transform comprises the following transforms (in order): 
  1. Center of mass alignment using fixed image: /templateflow/tpl-MNI152NLin2009cAsym/tpl-MNI152NLin2009cAsym_res-01_desc-brain_T1w.nii.gz and moving image: /home/mdugre/scratch/mri-registration-rp/datasets/ds004513/derivatives/mri-registration-rp/antsBrainExtraction/sub-s037/BrainExtractionBrain.nii.gz (type = Euler3DTransform)
=============================================================================
  number of levels = 1
  fixed image: /templateflow/tpl-MNI152NLin2009cAsym/tpl-MNI152NLin2009cAsym_res-01_desc-brain_T1w.nii.gz
  moving image: /home/mdugre/scratch/mri-registration-rp/datasets/ds004513/derivatives/mri-registration-rp/antsBrainExtraction/sub-s037/BrainExtractionBrain.nii.gz
Dimension = 3
Number of stages = 1
Use histogram matching = false
Winsorize image intensities = true
  Lower quantile = 0.005
  Upper quantile = 0.995


Stage 1 State
   Image metric = MattesMI
     Fixed image = Image (0x4c5ae70)
  RTTI typeinfo:   itk::Image<double, 3u>
  Reference Count: 2
  Modified Time: 2330
  Debug: Off
  Object Name: 
  Observers: 
    none
  Source: (none)
  Source output name: (none)
  Release Data: Off
  Data Released: False
  Global Release Data: Off
  PipelineMTime: 0
  UpdateMTime: 1941
  RealTimeStamp: 0 seconds 
  LargestPossibleRegion: 
    Dimension: 3
    Index: [0, 0, 0]
    Size: [193, 229, 193]
  BufferedRegion: 
    Dimension: 3
    Index: [0, 0, 0]
    Size: [193, 229, 193]
  RequestedRegion: 
    Dimension: 3
    Index: [0, 0, 0]
    Size: [193, 229, 193]
  Spacing: [1, 1, 1]
  Origin: [96, 132, -78]
  Direction: 
-1 0 0
0 -1 0
0 0 1

  IndexToPointMatrix: 
-1 0 0
0 -1 0
0 0 1

  PointToIndexMatrix: 
-1 0 0
0 -1 0
0 0 1

  Inverse Direction: 
-1 0 0
0 -1 0
0 0 1

  PixelContainer: 
    ImportImageContainer (0x4c63c60)
      RTTI typeinfo:   itk::ImportImageContainer<unsigned long, double>
      Reference Count: 1
      Modified Time: 1938
      Debug: Off
      Object Name: 
      Observers: 
        none
      Pointer: 0x152861a94010
      Container manages memory: true
      Size: 8530021
      Capacity: 8530021

     Moving image = Image (0x4cf7ec0)
  RTTI typeinfo:   itk::Image<double, 3u>
  Reference Count: 2
  Modified Time: 2331
  Debug: Off
  Object Name: 
  Observers: 
    none
  Source: (none)
  Source output name: (none)
  Release Data: Off
  Data Released: False
  Global Release Data: Off
  PipelineMTime: 0
  UpdateMTime: 2328
  RealTimeStamp: 0 seconds 
  LargestPossibleRegion: 
    Dimension: 3
    Index: [0, 0, 0]
    Size: [160, 240, 256]
  BufferedRegion: 
    Dimension: 3
    Index: [0, 0, 0]
    Size: [160, 240, 256]
  RequestedRegion: 
    Dimension: 3
    Index: [0, 0, 0]
    Size: [160, 240, 256]
  Spacing: [1, 1, 1]
  Origin: [87.9508, 102.562, -147.639]
  Direction: 
-0.998659 -0.0436121 -0.0279129
0.043595 -0.999049 0.00121847
-0.0279395 -2.65543e-08 0.99961

  IndexToPointMatrix: 
-0.998659 -0.0436121 -0.0279129
0.043595 -0.999049 0.00121847
-0.0279395 -2.65543e-08 0.99961

  PointToIndexMatrix: 
-0.998659 0.043595 -0.0279395
-0.0436121 -0.999049 -2.65517e-08
-0.0279129 0.00121847 0.99961

  Inverse Direction: 
-0.998659 0.043595 -0.0279395
-0.0436121 -0.999049 -2.65517e-08
-0.0279129 0.00121847 0.99961

  PixelContainer: 
    ImportImageContainer (0x4d8f610)
      RTTI typeinfo:   itk::ImportImageContainer<unsigned long, double>
      Reference Count: 1
      Modified Time: 2325
      Debug: Off
      Object Name: 
      Observers: 
        none
      Pointer: 0x15285cf93010
      Container manages memory: true
      Size: 9830400
      Capacity: 9830400

     Weighting = 1
     Sampling strategy = regular
     Number of bins = 32
     Radius = 4
     Sampling percentage  = 0.25
   Transform = Rigid
     Gradient step = 0.1
     Update field sigma (voxel space) = 0
     Total field sigma (voxel space) = 0
     Update field time sigma = 0
     Total field time sigma  = 0
     Number of time indices = 0
     Number of time point samples = 0
Registration using 1 total stages.

Stage 0
  iterations = 0
  convergence threshold = 1e-06
  convergence window size = 10
  number of levels = 1
  using the Mattes MI metric (number of bins = 32, weight = 1, use gradient filter = 0)
  preprocessing:  winsorizing the image intensities
  Shrink factors (level 1 out of 1): [1, 1, 1]
  smoothing sigmas per level: [0]
  regular sampling (percentage = 0.25)

*** Running Euler3DTransform registration ***

  Elapsed time (stage 0): 1.12775


Total elapsed time: 1.13592
Info [verificarlo]: loaded backend libinterflop_ieee.so
Info [interflop-ieee]: load backend with:
Info [interflop-ieee]: debug = false
Info [interflop-ieee]: debug-binary = false
Info [interflop-ieee]: no-backend-name = false
Info [interflop-ieee]: print-new-line = false
Info [interflop-ieee]: print-subnormal-normalized = false
Info [interflop-ieee]: count-op = false
All_Command_lines_OK
Using double precision for computations.
=============================================================================
The composite transform comprises the following transforms (in order): 
  1. /home/mdugre/scratch/mri-registration-rp/datasets/ds004513/derivatives/mri-registration-rp/0001/antsRegistration-r8-p18/sub-s037/align_Composite.h5[0] (type = Euler3DTransform)
  2. /home/mdugre/scratch/mri-registration-rp/datasets/ds004513/derivatives/mri-registration-rp/0001/antsRegistration-r8-p18/sub-s037/align_Composite.h5[1] (type = Euler3DTransform)
=============================================================================
  number of levels = 4
  fixed image: /templateflow/tpl-MNI152NLin2009cAsym/tpl-MNI152NLin2009cAsym_res-01_desc-brain_T1w.nii.gz
  moving image: /home/mdugre/scratch/mri-registration-rp/datasets/ds004513/derivatives/mri-registration-rp/antsBrainExtraction/sub-s037/BrainExtractionBrain.nii.gz
Dimension = 3
Number of stages = 1
Use histogram matching = false
Winsorize image intensities = true
  Lower quantile = 0.005
  Upper quantile = 0.995


Stage 1 State
   Image metric = MattesMI
     Fixed image = Image (0x3e0d530)
  RTTI typeinfo:   itk::Image<double, 3u>
  Reference Count: 2
  Modified Time: 1578
  Debug: Off
  Object Name: 
  Observers: 
    none
  Source: (none)
  Source output name: (none)
  Release Data: Off
  Data Released: False
  Global Release Data: Off
  PipelineMTime: 0
  UpdateMTime: 1189
  RealTimeStamp: 0 seconds 
  LargestPossibleRegion: 
    Dimension: 3
    Index: [0, 0, 0]
    Size: [193, 229, 193]
  BufferedRegion: 
    Dimension: 3
    Index: [0, 0, 0]
    Size: [193, 229, 193]
  RequestedRegion: 
    Dimension: 3
    Index: [0, 0, 0]
    Size: [193, 229, 193]
  Spacing: [1, 1, 1]
  Origin: [96, 132, -78]
  Direction: 
-1 0 0
0 -1 0
0 0 1

  IndexToPointMatrix: 
-1 0 0
0 -1 0
0 0 1

  PointToIndexMatrix: 
-1 0 0
0 -1 0
0 0 1

  Inverse Direction: 
-1 0 0
0 -1 0
0 0 1

  PixelContainer: 
    ImportImageContainer (0x3ecbd60)
      RTTI typeinfo:   itk::ImportImageContainer<unsigned long, double>
      Reference Count: 1
      Modified Time: 1186
      Debug: Off
      Object Name: 
      Observers: 
        none
      Pointer: 0x152c8d231010
      Container manages memory: true
      Size: 8530021
      Capacity: 8530021

     Moving image = Image (0x3ebdf60)
  RTTI typeinfo:   itk::Image<double, 3u>
  Reference Count: 2
  Modified Time: 1579
  Debug: Off
  Object Name: 
  Observers: 
    none
  Source: (none)
  Source output name: (none)
  Release Data: Off
  Data Released: False
  Global Release Data: Off
  PipelineMTime: 0
  UpdateMTime: 1576
  RealTimeStamp: 0 seconds 
  LargestPossibleRegion: 
    Dimension: 3
    Index: [0, 0, 0]
    Size: [160, 240, 256]
  BufferedRegion: 
    Dimension: 3
    Index: [0, 0, 0]
    Size: [160, 240, 256]
  RequestedRegion: 
    Dimension: 3
    Index: [0, 0, 0]
    Size: [160, 240, 256]
  Spacing: [1, 1, 1]
  Origin: [87.9508, 102.562, -147.639]
  Direction: 
-0.998659 -0.0436121 -0.0279129
0.043595 -0.999049 0.00121847
-0.0279395 -2.65543e-08 0.99961

  IndexToPointMatrix: 
-0.998659 -0.0436121 -0.0279129
0.043595 -0.999049 0.00121847
-0.0279395 -2.65543e-08 0.99961

  PointToIndexMatrix: 
-0.998659 0.043595 -0.0279395
-0.0436121 -0.999049 -2.65517e-08
-0.0279129 0.00121847 0.99961

  Inverse Direction: 
-0.998659 0.043595 -0.0279395
-0.0436121 -0.999049 -2.65517e-08
-0.0279129 0.00121847 0.99961

  PixelContainer: 
    ImportImageContainer (0x3eaf6d0)
      RTTI typeinfo:   itk::ImportImageContainer<unsigned long, double>
      Reference Count: 1
      Modified Time: 1573
      Debug: Off
      Object Name: 
      Observers: 
        none
      Pointer: 0x152c88730010
      Container manages memory: true
      Size: 9830400
      Capacity: 9830400

     Weighting = 1
     Sampling strategy = regular
     Number of bins = 32
     Radius = 4
     Sampling percentage  = 0.25
   Transform = Rigid
     Gradient step = 0.1
     Update field sigma (voxel space) = 0
     Total field sigma (voxel space) = 0
     Update field time sigma = 0
     Total field time sigma  = 0
     Number of time indices = 0
     Number of time point samples = 0
Registration using 1 total stages.

Stage 0
  iterations = 1000x500x250x100
  convergence threshold = 1e-06
  convergence window size = 10
  number of levels = 4
  using the Mattes MI metric (number of bins = 32, weight = 1, use gradient filter = 0)
  preprocessing:  winsorizing the image intensities
  Shrink factors (level 1 out of 4): [8, 8, 8]
  Shrink factors (level 2 out of 4): [4, 4, 4]
  Shrink factors (level 3 out of 4): [2, 2, 2]
  Shrink factors (level 4 out of 4): [1, 1, 1]
  smoothing sigmas per level: [3, 2, 1, 0]
  regular sampling (percentage = 0.25)

*** Running Euler3DTransform registration ***

DIAGNOSTIC,Iteration,metricValue,convergenceValue,ITERATION_TIME_INDEX,SINCE_LAST
 2DIAGNOSTIC,     1, -4.299060189477e-01, 1.797693134862e+308, 6.7279e-01, 6.7279e-01, 
 2DIAGNOSTIC,     2, -4.311703807429e-01, 1.797693134862e+308, 6.7737e-01, 4.5822e-03, 
 2DIAGNOSTIC,     3, -4.334997061176e-01, 1.797693134862e+308, 6.8152e-01, 4.1490e-03, 
 2DIAGNOSTIC,     4, -4.389575130370e-01, 1.797693134862e+308, 6.8574e-01, 4.2241e-03, 
 2DIAGNOSTIC,     5, -4.438813134482e-01, 1.797693134862e+308, 6.8993e-01, 4.1890e-03, 
 2DIAGNOSTIC,     6, -4.461495460377e-01, 1.797693134862e+308, 6.9441e-01, 4.4818e-03, 
 2DIAGNOSTIC,     7, -4.511407144429e-01, 1.797693134862e+308, 6.9936e-01, 4.9460e-03, 
 2DIAGNOSTIC,     8, -4.667812032718e-01, 1.797693134862e+308, 7.0433e-01, 4.9720e-03, 
 2DIAGNOSTIC,     9, -4.753090114372e-01, 1.797693134862e+308, 7.0921e-01, 4.8780e-03, 
 2DIAGNOSTIC,    10, -4.802481719655e-01, 7.481707542057e-03, 7.1423e-01, 5.0180e-03, 
 2DIAGNOSTIC,    11, -4.821261368877e-01, 7.356704266140e-03, 7.1866e-01, 4.4310e-03, 
 2DIAGNOSTIC,    12, -4.837491005316e-01, 6.749992380104e-03, 7.2386e-01, 5.2030e-03, 
 2DIAGNOSTIC,    13, -5.028244927608e-01, 6.622215038730e-03, 7.3113e-01, 7.2670e-03, 
 2DIAGNOSTIC,    14, -5.042109134423e-01, 6.183615245759e-03, 7.3569e-01, 4.5650e-03, 
 2DIAGNOSTIC,    15, -5.066116081851e-01, 5.558135432370e-03, 7.4005e-01, 4.3550e-03, 
 2DIAGNOSTIC,    16, -5.083451635826e-01, 4.676295421230e-03, 7.4440e-01, 4.3471e-03, 
 2DIAGNOSTIC,    17, -5.184993492798e-01, 3.998770500985e-03, 7.5106e-01, 6.6621e-03, 
 2DIAGNOSTIC,    18, -5.256348855872e-01, 3.769024583768e-03, 7.5551e-01, 4.4510e-03, 
 2DIAGNOSTIC,    19, -5.260487276258e-01, 3.491513200953e-03, 7.6058e-01, 5.0678e-03, 
 2DIAGNOSTIC,    20, -5.292109528491e-01, 3.174906802725e-03, 7.6552e-01, 4.9479e-03, 
 2DIAGNOSTIC,    21, -5.301818293080e-01, 2.681600097131e-03, 7.6991e-01, 4.3819e-03, 
 2DIAGNOSTIC,    22, -5.312241451197e-01, 2.041189085948e-03, 7.7482e-01, 4.9140e-03, 
 2DIAGNOSTIC,    23, -5.321371448255e-01, 1.776979664935e-03, 7.8025e-01, 5.4319e-03, 
 2DIAGNOSTIC,    24, -5.330747254506e-01, 1.429098459805e-03, 7.8463e-01, 4.3800e-03, 
 2DIAGNOSTIC,    25, -5.340979460632e-01, 1.060387819431e-03, 7.8954e-01, 4.9100e-03, 
 2DIAGNOSTIC,    26, -5.353301896381e-01, 6.839351322592e-04, 7.9556e-01, 6.0151e-03, 
 2DIAGNOSTIC,    27, -5.359877957858e-01, 5.005585167524e-04, 8.0000e-01, 4.4410e-03, 
 2DIAGNOSTIC,    28, -5.363338995014e-01, 4.385716560952e-04, 8.0433e-01, 4.3328e-03, 
 2DIAGNOSTIC,    29, -5.373050952583e-01, 3.660302777952e-04, 8.0874e-01, 4.4129e-03, 
 2DIAGNOSTIC,    30, -5.398201290257e-01, 3.716000564678e-04, 8.1381e-01, 5.0702e-03, 
 2DIAGNOSTIC,    31, -5.446419719654e-01, 4.465246007576e-04, 8.2378e-01, 9.9630e-03, 
 2DIAGNOSTIC,    32, -5.446643062171e-01, 4.912576539783e-04, 8.2819e-01, 4.4091e-03, 
 2DIAGNOSTIC,    33, -5.447644617211e-01, 5.056381634094e-04, 8.3250e-01, 4.3089e-03, 
 2DIAGNOSTIC,    34, -5.449309206505e-01, 4.904018847145e-04, 8.3696e-01, 4.4630e-03, 
 2DIAGNOSTIC,    35, -5.452044208345e-01, 4.491471978090e-04, 8.4127e-01, 4.3080e-03, 
 2DIAGNOSTIC,    36, -5.456974221018e-01, 3.933055206080e-04, 8.4571e-01, 4.4429e-03, 
 2DIAGNOSTIC,    37, -5.462998729521e-01, 3.227879473959e-04, 8.5006e-01, 4.3490e-03, 
 2DIAGNOSTIC,    38, -5.470544213677e-01, 2.429362368950e-04, 8.5439e-01, 4.3290e-03, 
 2DIAGNOSTIC,    39, -5.483331963804e-01, 1.763392634374e-04, 8.5918e-01, 4.7960e-03, 
 2DIAGNOSTIC,    40, -5.485726308677e-01, 1.327692879804e-04, 8.6362e-01, 4.4401e-03, 
 2DIAGNOSTIC,    41, -5.488484772032e-01, 1.482787736062e-04, 8.6842e-01, 4.7929e-03, 
 2DIAGNOSTIC,    42, -5.491455237636e-01, 1.532245063861e-04, 8.7287e-01, 4.4510e-03, 
 2DIAGNOSTIC,    43, -5.502458405123e-01, 1.586736954462e-04, 8.7801e-01, 5.1451e-03, 
 2DIAGNOSTIC,    44, -5.634834223337e-01, 3.167359302087e-04, 8.8423e-01, 6.2141e-03, 
 2DIAGNOSTIC,    45, -5.666301931774e-01, 4.743749405635e-04, 8.8921e-01, 4.9839e-03, 
 2DIAGNOSTIC,    46, -5.686773156564e-01, 6.107481170437e-04, 8.9407e-01, 4.8640e-03, 
 2DIAGNOSTIC,    47, -5.690903131423e-01, 6.964664267446e-04, 8.9879e-01, 4.7190e-03, 
 2DIAGNOSTIC,    48, -5.693706474821e-01, 7.231862335091e-04, 9.0345e-01, 4.6561e-03, 
 2DIAGNOSTIC,    49, -5.696171060144e-01, 6.943347049691e-04, 9.0760e-01, 4.1459e-03, 
 2DIAGNOSTIC,    50, -5.704296694895e-01, 6.108332206310e-04, 9.1230e-01, 4.7090e-03, 
 2DIAGNOSTIC,    51, -5.708222954846e-01, 4.813326398002e-04, 9.1651e-01, 4.2081e-03, 
 2DIAGNOSTIC,    52, -5.715617100689e-01, 3.238270377290e-04, 9.2226e-01, 5.7449e-03, 
 2DIAGNOSTIC,    53, -5.719199532014e-01, 1.535368762907e-04, 9.2646e-01, 4.2050e-03, 
 2DIAGNOSTIC,    54, -5.721472214632e-01, 1.100694063194e-04, 9.3070e-01, 4.2338e-03, 
 2DIAGNOSTIC,    55, -5.733686039887e-01, 1.002791267523e-04, 9.3541e-01, 4.7178e-03, 
 2DIAGNOSTIC,    56, -5.745698695065e-01, 1.122404796496e-04, 9.4017e-01, 4.7548e-03, 
 2DIAGNOSTIC,    57, -5.755540120592e-01, 1.260372989004e-04, 9.4438e-01, 4.2078e-03, 
 2DIAGNOSTIC,    58, -5.787976142085e-01, 1.600405872527e-04, 9.5065e-01, 6.2730e-03, 
 2DIAGNOSTIC,    59, -5.791801223684e-01, 1.824980249554e-04, 9.5482e-01, 4.1721e-03, 
 2DIAGNOSTIC,    60, -5.799252508582e-01, 2.007946891121e-04, 9.5967e-01, 4.8442e-03, 
 2DIAGNOSTIC,    61, -5.807923568097e-01, 2.102170112281e-04, 9.6647e-01, 6.8040e-03, 
 2DIAGNOSTIC,    62, -5.807739742264e-01, 2.051225353230e-04, 9.7061e-01, 4.1380e-03, 
 2DIAGNOSTIC,    63, -5.810265357560e-01, 1.856461686871e-04, 9.7492e-01, 4.3080e-03, 
 2DIAGNOSTIC,    64, -5.811614477695e-01, 1.518958329003e-04, 9.7957e-01, 4.6511e-03, 
 2DIAGNOSTIC,    65, -5.812682155004e-01, 1.157061388313e-04, 9.8371e-01, 4.1420e-03, 
 2DIAGNOSTIC,    66, -5.813452905959e-01, 7.995670178923e-05, 9.8785e-01, 4.1361e-03, 
 2DIAGNOSTIC,    67, -5.814150938497e-01, 4.545772554616e-05, 9.9200e-01, 4.1499e-03, 
 2DIAGNOSTIC,    68, -5.817804306625e-01, 3.596649302728e-05, 9.9620e-01, 4.2038e-03, 
 2DIAGNOSTIC,    69, -5.827278850851e-01, 3.339799522999e-05, 1.0019e+00, 5.7449e-03, 
 2DIAGNOSTIC,    70, -5.828854313848e-01, 3.422674759081e-05, 1.0062e+00, 4.2460e-03, 
 2DIAGNOSTIC,    71, -5.830434254758e-01, 3.953936386877e-05, 1.0114e+00, 5.2361e-03, 
 2DIAGNOSTIC,    72, -5.832287944981e-01, 4.219896721831e-05, 1.0161e+00, 4.6849e-03, 
 2DIAGNOSTIC,    73, -5.833978568969e-01, 4.371822431697e-05, 1.0208e+00, 4.6418e-03, 
 2DIAGNOSTIC,    74, -5.835158216157e-01, 4.269024681725e-05, 1.0250e+00, 4.2119e-03, 
 2DIAGNOSTIC,    75, -5.841631145677e-01, 4.290872955418e-05, 1.0307e+00, 5.7371e-03, 
 2DIAGNOSTIC,    76, -5.848113475095e-01, 4.404190203368e-05, 1.0349e+00, 4.1921e-03, 
 2DIAGNOSTIC,    77, -5.851755761274e-01, 4.383364446185e-05, 1.0391e+00, 4.1871e-03, 
 2DIAGNOSTIC,    78, -5.855333278727e-01, 4.418341435134e-05, 1.0447e+00, 5.6670e-03, 
 2DIAGNOSTIC,    79, -5.856723722606e-01, 4.751224049187e-05, 1.0489e+00, 4.1320e-03, 
 2DIAGNOSTIC,    80, -5.857793842087e-01, 4.789363168400e-05, 1.0530e+00, 4.1258e-03, 
 2DIAGNOSTIC,    81, -5.858889185370e-01, 4.533625894240e-05, 1.0582e+00, 5.1448e-03, 
 2DIAGNOSTIC,    82, -5.860498211386e-01, 4.070217819530e-05, 1.0623e+00, 4.1471e-03, 
 2DIAGNOSTIC,    83, -5.860967174836e-01, 3.369224865127e-05, 1.0670e+00, 4.6620e-03, 
 2DIAGNOSTIC,    84, -5.863126189149e-01, 2.568091866031e-05, 1.0710e+00, 4.0781e-03, 
 2DIAGNOSTIC,    85, -5.864828554379e-01, 2.035744512434e-05, 1.0754e+00, 4.4079e-03, 
 2DIAGNOSTIC,    86, -5.871010723827e-01, 2.085726884504e-05, 1.0817e+00, 6.2652e-03, 
 2DIAGNOSTIC,    87, -5.871697501136e-01, 2.182381532263e-05, 1.0859e+00, 4.1499e-03, 
 2DIAGNOSTIC,    88, -5.871438770670e-01, 2.268679883156e-05, 1.0900e+00, 4.1800e-03, 
 2DIAGNOSTIC,    89, -5.871807257364e-01, 2.244758543953e-05, 1.0942e+00, 4.1890e-03, 
 2DIAGNOSTIC,    90, -5.872599567545e-01, 2.111682571646e-05, 1.0990e+00, 4.7262e-03, 
 2DIAGNOSTIC,    91, -5.874409735337e-01, 1.938800526524e-05, 1.1043e+00, 5.3310e-03, 
 2DIAGNOSTIC,    92, -5.873934475766e-01, 1.648309364300e-05, 1.1085e+00, 4.2570e-03, 
 2DIAGNOSTIC,    93, -5.873168556463e-01, 1.198200026511e-05, 1.1128e+00, 4.2400e-03, 
 2DIAGNOSTIC,    94, -5.873253280644e-01, 7.735833064647e-06, 1.1181e+00, 5.3022e-03, 
 2DIAGNOSTIC,    95, -5.873278711058e-01, 3.695666437001e-06, 1.1228e+00, 4.7538e-03, 
 2DIAGNOSTIC,    96, -5.874150467180e-01, 3.185779916695e-06, 1.1292e+00, 6.3269e-03, 
 2DIAGNOSTIC,    97, -5.875001068389e-01, 3.234341151213e-06, 1.1334e+00, 4.2620e-03, 
 2DIAGNOSTIC,    98, -5.875045372229e-01, 2.905415431874e-06, 1.1376e+00, 4.2009e-03, 
 2DIAGNOSTIC,    99, -5.875077983030e-01, 2.553079738491e-06, 1.1419e+00, 4.2329e-03, 
 2DIAGNOSTIC,   100, -5.875092647043e-01, 2.378800753378e-06, 1.1461e+00, 4.2350e-03, 
 2DIAGNOSTIC,   101, -5.875099188555e-01, 2.931002409039e-06, 1.1504e+00, 4.2708e-03, 
 2DIAGNOSTIC,   102, -5.874276158898e-01, 2.568599876938e-06, 1.1550e+00, 4.6408e-03, 
 2DIAGNOSTIC,   103, -5.875182776150e-01, 2.083270570845e-06, 1.1606e+00, 5.6391e-03, 
 2DIAGNOSTIC,   104, -5.875184501591e-01, 1.474317824593e-06, 1.1648e+00, 4.1430e-03, 
DIAGNOSTIC,Iteration,metricValue,convergenceValue,ITERATION_TIME_INDEX,SINCE_LAST
 2DIAGNOSTIC,     1, -4.733569937416e-01, 1.797693134862e+308, 1.9134e+00, 7.4865e-01, 
 2DIAGNOSTIC,     2, -4.740583088559e-01, 1.797693134862e+308, 1.9416e+00, 2.8129e-02, 
 2DIAGNOSTIC,     3, -4.751439312665e-01, 1.797693134862e+308, 1.9700e+00, 2.8468e-02, 
 2DIAGNOSTIC,     4, -4.772574599364e-01, 1.797693134862e+308, 1.9987e+00, 2.8628e-02, 
 2DIAGNOSTIC,     5, -4.805382742194e-01, 1.797693134862e+308, 2.0269e+00, 2.8245e-02, 
 2DIAGNOSTIC,     6, -4.823631746708e-01, 1.797693134862e+308, 2.0609e+00, 3.4026e-02, 
 2DIAGNOSTIC,     7, -4.831257706661e-01, 1.797693134862e+308, 2.0894e+00, 2.8471e-02, 
 2DIAGNOSTIC,     8, -4.833067577249e-01, 1.797693134862e+308, 2.1180e+00, 2.8620e-02, 
 2DIAGNOSTIC,     9, -4.837509373666e-01, 1.797693134862e+308, 2.1575e+00, 3.9435e-02, 
 2DIAGNOSTIC,    10, -4.841604486323e-01, 1.664658777126e-03, 2.1907e+00, 3.3251e-02, 
 2DIAGNOSTIC,    11, -4.843815160587e-01, 1.303980654001e-03, 2.2234e+00, 3.2648e-02, 
 2DIAGNOSTIC,    12, -4.851407302426e-01, 9.608367436057e-04, 2.2526e+00, 2.9242e-02, 
 2DIAGNOSTIC,    13, -4.876840911105e-01, 7.486558498414e-04, 2.2852e+00, 3.2598e-02, 
 2DIAGNOSTIC,    14, -4.883148383305e-01, 6.096382986977e-04, 2.3173e+00, 3.2116e-02, 
 2DIAGNOSTIC,    15, -4.884614200249e-01, 5.677355131601e-04, 2.3480e+00, 3.0653e-02, 
 2DIAGNOSTIC,    16, -4.888232615801e-01, 5.606899335030e-04, 2.3817e+00, 3.3701e-02, 
 2DIAGNOSTIC,    17, -4.890219856549e-01, 5.358530262200e-04, 2.4122e+00, 3.0553e-02, 
 2DIAGNOSTIC,    18, -4.892381942063e-01, 4.758078378621e-04, 2.4459e+00, 3.3627e-02, 
 2DIAGNOSTIC,    19, -4.897094942149e-01, 4.060845749009e-04, 2.4903e+00, 4.4418e-02, 
 2DIAGNOSTIC,    20, -4.898420881561e-01, 3.226741797064e-04, 2.5200e+00, 2.9731e-02, 
 2DIAGNOSTIC,    21, -4.899500380346e-01, 2.270835562543e-04, 2.5533e+00, 3.3327e-02, 
 2DIAGNOSTIC,    22, -4.899672570338e-01, 1.382781168225e-04, 2.5866e+00, 3.3255e-02, 
 2DIAGNOSTIC,    23, -4.900195258474e-01, 1.103132168256e-04, 2.6198e+00, 3.3254e-02, 
 2DIAGNOSTIC,    24, -4.900105034669e-01, 8.955040526349e-05, 2.6548e+00, 3.4917e-02, 
 2DIAGNOSTIC,    25, -4.900378403634e-01, 6.608074964502e-05, 2.6944e+00, 3.9653e-02, 
 2DIAGNOSTIC,    26, -4.900372456657e-01, 4.652818780149e-05, 2.7275e+00, 3.3053e-02, 
 2DIAGNOSTIC,    27, -4.900360893633e-01, 2.847729731663e-05, 2.7595e+00, 3.2041e-02, 
 2DIAGNOSTIC,    28, -4.900179060189e-01, 1.307193521802e-05, 2.7913e+00, 3.1844e-02, 
 2DIAGNOSTIC,    29, -4.900067069018e-01, 6.856799253378e-06, 2.8293e+00, 3.7938e-02, 
 2DIAGNOSTIC,    30, -4.900090456096e-01, 3.100219329852e-06, 2.8630e+00, 3.3711e-02, 
 2DIAGNOSTIC,    31, -4.900047862241e-01, 1.340332599936e-06, 2.8929e+00, 2.9892e-02, 
DIAGNOSTIC,Iteration,metricValue,convergenceValue,ITERATION_TIME_INDEX,SINCE_LAST
 2DIAGNOSTIC,     1, -4.334296191046e-01, 1.797693134862e+308, 3.9032e+00, 1.0103e+00, 
 2DIAGNOSTIC,     2, -4.335218946946e-01, 1.797693134862e+308, 4.1682e+00, 2.6499e-01, 
 2DIAGNOSTIC,     3, -4.336105008176e-01, 1.797693134862e+308, 4.3970e+00, 2.2883e-01, 
 2DIAGNOSTIC,     4, -4.337529260194e-01, 1.797693134862e+308, 4.6318e+00, 2.3477e-01, 
 2DIAGNOSTIC,     5, -4.340045401800e-01, 1.797693134862e+308, 4.8600e+00, 2.2820e-01, 
 2DIAGNOSTIC,     6, -4.343504725355e-01, 1.797693134862e+308, 5.1524e+00, 2.9236e-01, 
 2DIAGNOSTIC,     7, -4.344386579496e-01, 1.797693134862e+308, 5.4030e+00, 2.5065e-01, 
 2DIAGNOSTIC,     8, -4.344596643662e-01, 1.797693134862e+308, 5.6307e+00, 2.2772e-01, 
 2DIAGNOSTIC,     9, -4.345453083342e-01, 1.797693134862e+308, 5.9108e+00, 2.8008e-01, 
 2DIAGNOSTIC,    10, -4.345635906323e-01, 1.997092954352e-04, 6.1124e+00, 2.0163e-01, 
 2DIAGNOSTIC,    11, -4.345770495737e-01, 1.618737265873e-04, 6.3110e+00, 1.9856e-01, 
 2DIAGNOSTIC,    12, -4.346080057296e-01, 1.229083462793e-04, 6.5345e+00, 2.2346e-01, 
 2DIAGNOSTIC,    13, -4.346141926202e-01, 8.401826733992e-05, 6.7236e+00, 1.8917e-01, 
 2DIAGNOSTIC,    14, -4.346574680683e-01, 5.183198278393e-05, 7.1850e+00, 4.6135e-01, 
 2DIAGNOSTIC,    15, -4.346573782937e-01, 2.996171137236e-05, 7.4205e+00, 2.3555e-01, 
 2DIAGNOSTIC,    16, -4.346557349395e-01, 2.232995737617e-05, 7.6409e+00, 2.2038e-01, 
 2DIAGNOSTIC,    17, -4.346530093889e-01, 1.704813056474e-05, 7.8592e+00, 2.1833e-01, 
 2DIAGNOSTIC,    18, -4.346518803734e-01, 1.158920482883e-05, 8.0673e+00, 2.0807e-01, 
 2DIAGNOSTIC,    19, -4.346517814790e-01, 8.719512668752e-06, 8.3672e+00, 2.9988e-01, 
 2DIAGNOSTIC,    20, -4.346519313344e-01, 6.081485779942e-06, 8.6280e+00, 2.6080e-01, 
 2DIAGNOSTIC,    21, -4.346512198312e-01, 3.670896779412e-06, 8.8656e+00, 2.3761e-01, 
 2DIAGNOSTIC,    22, -4.346497090756e-01, 2.166579984503e-06, 9.0906e+00, 2.2497e-01, 
DIAGNOSTIC,Iteration,metricValue,convergenceValue,ITERATION_TIME_INDEX,SINCE_LAST
 2DIAGNOSTIC,     1, -4.011487048979e-01, 1.797693134862e+308, 1.1574e+01, 2.4838e+00, 
 2DIAGNOSTIC,     2, -4.012814559876e-01, 1.797693134862e+308, 1.2876e+01, 1.3018e+00, 
 2DIAGNOSTIC,     3, -4.013932765019e-01, 1.797693134862e+308, 1.4190e+01, 1.3143e+00, 
 2DIAGNOSTIC,     4, -4.014661488831e-01, 1.797693134862e+308, 1.5951e+01, 1.7608e+00, 
 2DIAGNOSTIC,     5, -4.014822554455e-01, 1.797693134862e+308, 1.7265e+01, 1.3138e+00, 
 2DIAGNOSTIC,     6, -4.015050412292e-01, 1.797693134862e+308, 1.8643e+01, 1.3779e+00, 
 2DIAGNOSTIC,     7, -4.015605362468e-01, 1.797693134862e+308, 2.0449e+01, 1.8060e+00, 
 2DIAGNOSTIC,     8, -4.016121286845e-01, 1.797693134862e+308, 2.2138e+01, 1.6888e+00, 
 2DIAGNOSTIC,     9, -4.016179508029e-01, 1.797693134862e+308, 2.3718e+01, 1.5804e+00, 
 2DIAGNOSTIC,    10, -4.016197032160e-01, 7.159885574247e-05, 2.5293e+01, 1.5746e+00, 
 2DIAGNOSTIC,    11, -4.016200851092e-01, 4.876511614968e-05, 2.8987e+01, 3.6946e+00, 
 2DIAGNOSTIC,    12, -4.016201717967e-01, 3.327395989940e-05, 3.3468e+01, 4.4804e+00, 
 2DIAGNOSTIC,    13, -4.016201717967e-01, 2.334940357758e-05, 3.6191e+01, 2.7230e+00, 
 2DIAGNOSTIC,    14, -4.016201717967e-01, 1.665063120804e-05, 3.7695e+01, 1.5041e+00, 
 2DIAGNOSTIC,    15, -4.016201717967e-01, 1.033073586858e-05, 3.9217e+01, 1.5225e+00, 
 2DIAGNOSTIC,    16, -4.016201717967e-01, 5.016940047953e-06, 4.0699e+01, 1.4817e+00, 
 2DIAGNOSTIC,    17, -4.016201717967e-01, 2.302635207944e-06, 4.2257e+01, 1.5579e+00, 
 2DIAGNOSTIC,    18, -4.016201717967e-01, 1.873412775417e-06, 4.3793e+01, 1.5358e+00, 
 2DIAGNOSTIC,    19, -4.016201717967e-01, 1.694815561233e-06, 4.5289e+01, 1.4965e+00, 
 2DIAGNOSTIC,    20, -4.016201717967e-01, 1.593863950433e-06, 4.6805e+01, 1.5154e+00, 
 2DIAGNOSTIC,    21, -4.016201717967e-01, 1.515030306889e-06, 4.8246e+01, 1.4416e+00, 
 2DIAGNOSTIC,    22, -4.016201717967e-01, 1.446153486365e-06, 4.9855e+01, 1.6088e+00, 
 2DIAGNOSTIC,    23, -4.016201717967e-01, 1.383266936522e-06, 5.1375e+01, 1.5199e+00, 
 2DIAGNOSTIC,    24, -4.016201717967e-01, 1.325621756143e-06, 5.3025e+01, 1.6504e+00, 
 2DIAGNOSTIC,    25, -4.016201717967e-01, 1.272588885957e-06, 5.4460e+01, 1.4350e+00, 
 2DIAGNOSTIC,    26, -4.016201717967e-01, 1.223636059089e-06, 5.6144e+01, 1.6840e+00, 
 2DIAGNOSTIC,    27, -4.016201717967e-01, 1.178309874110e-06, 5.7704e+01, 1.5599e+00, 
 2DIAGNOSTIC,    28, -4.016201717967e-01, 1.136221709885e-06, 5.9223e+01, 1.5186e+00, 
 2DIAGNOSTIC,    29, -4.016201717967e-01, 1.097036555223e-06, 6.1521e+01, 2.2983e+00, 
 2DIAGNOSTIC,    30, -4.016201717967e-01, 1.060464072611e-06, 6.2939e+01, 1.4176e+00, 
 2DIAGNOSTIC,    31, -4.016201717967e-01, 1.026251392089e-06, 6.4469e+01, 1.5297e+00, 
  Elapsed time (stage 0): 6.5255e+01


Total elapsed time: 6.5266e+01
Info [verificarlo]: loaded backend libinterflop_ieee.so
Info [interflop-ieee]: load backend with:
Info [interflop-ieee]: debug = false
Info [interflop-ieee]: debug-binary = false
Info [interflop-ieee]: no-backend-name = false
Info [interflop-ieee]: print-new-line = false
Info [interflop-ieee]: print-subnormal-normalized = false
Info [interflop-ieee]: count-op = false
All_Command_lines_OK
Using double precision for computations.
=============================================================================
The composite transform comprises the following transforms (in order): 
  1. /home/mdugre/scratch/mri-registration-rp/datasets/ds004513/derivatives/mri-registration-rp/0001/antsRegistration-r8-p18/sub-s037/rigid_Composite.h5[0] (type = Euler3DTransform)
  2. /home/mdugre/scratch/mri-registration-rp/datasets/ds004513/derivatives/mri-registration-rp/0001/antsRegistration-r8-p18/sub-s037/rigid_Composite.h5[1] (type = Euler3DTransform)
  3. /home/mdugre/scratch/mri-registration-rp/datasets/ds004513/derivatives/mri-registration-rp/0001/antsRegistration-r8-p18/sub-s037/rigid_Composite.h5[2] (type = Euler3DTransform)
=============================================================================
  number of levels = 4
  fixed image: /templateflow/tpl-MNI152NLin2009cAsym/tpl-MNI152NLin2009cAsym_res-01_desc-brain_T1w.nii.gz
  moving image: /home/mdugre/scratch/mri-registration-rp/datasets/ds004513/derivatives/mri-registration-rp/antsBrainExtraction/sub-s037/BrainExtractionBrain.nii.gz
Dimension = 3
Number of stages = 1
Use histogram matching = false
Winsorize image intensities = true
  Lower quantile = 0.005
  Upper quantile = 0.995


Stage 1 State
   Image metric = MattesMI
     Fixed image = Image (0x32957e0)
  RTTI typeinfo:   itk::Image<double, 3u>
  Reference Count: 2
  Modified Time: 1592
  Debug: Off
  Object Name: 
  Observers: 
    none
  Source: (none)
  Source output name: (none)
  Release Data: Off
  Data Released: False
  Global Release Data: Off
  PipelineMTime: 0
  UpdateMTime: 1203
  RealTimeStamp: 0 seconds 
  LargestPossibleRegion: 
    Dimension: 3
    Index: [0, 0, 0]
    Size: [193, 229, 193]
  BufferedRegion: 
    Dimension: 3
    Index: [0, 0, 0]
    Size: [193, 229, 193]
  RequestedRegion: 
    Dimension: 3
    Index: [0, 0, 0]
    Size: [193, 229, 193]
  Spacing: [1, 1, 1]
  Origin: [96, 132, -78]
  Direction: 
-1 0 0
0 -1 0
0 0 1

  IndexToPointMatrix: 
-1 0 0
0 -1 0
0 0 1

  PointToIndexMatrix: 
-1 0 0
0 -1 0
0 0 1

  Inverse Direction: 
-1 0 0
0 -1 0
0 0 1

  PixelContainer: 
    ImportImageContainer (0x3355a20)
      RTTI typeinfo:   itk::ImportImageContainer<unsigned long, double>
      Reference Count: 1
      Modified Time: 1200
      Debug: Off
      Object Name: 
      Observers: 
        none
      Pointer: 0x148c61d17010
      Container manages memory: true
      Size: 8530021
      Capacity: 8530021

     Moving image = Image (0x3350d70)
  RTTI typeinfo:   itk::Image<double, 3u>
  Reference Count: 2
  Modified Time: 1593
  Debug: Off
  Object Name: 
  Observers: 
    none
  Source: (none)
  Source output name: (none)
  Release Data: Off
  Data Released: False
  Global Release Data: Off
  PipelineMTime: 0
  UpdateMTime: 1590
  RealTimeStamp: 0 seconds 
  LargestPossibleRegion: 
    Dimension: 3
    Index: [0, 0, 0]
    Size: [160, 240, 256]
  BufferedRegion: 
    Dimension: 3
    Index: [0, 0, 0]
    Size: [160, 240, 256]
  RequestedRegion: 
    Dimension: 3
    Index: [0, 0, 0]
    Size: [160, 240, 256]
  Spacing: [1, 1, 1]
  Origin: [87.9508, 102.562, -147.639]
  Direction: 
-0.998659 -0.0436121 -0.0279129
0.043595 -0.999049 0.00121847
-0.0279395 -2.65543e-08 0.99961

  IndexToPointMatrix: 
-0.998659 -0.0436121 -0.0279129
0.043595 -0.999049 0.00121847
-0.0279395 -2.65543e-08 0.99961

  PointToIndexMatrix: 
-0.998659 0.043595 -0.0279395
-0.0436121 -0.999049 -2.65517e-08
-0.0279129 0.00121847 0.99961

  Inverse Direction: 
-0.998659 0.043595 -0.0279395
-0.0436121 -0.999049 -2.65517e-08
-0.0279129 0.00121847 0.99961

  PixelContainer: 
    ImportImageContainer (0x3308c90)
      RTTI typeinfo:   itk::ImportImageContainer<unsigned long, double>
      Reference Count: 1
      Modified Time: 1587
      Debug: Off
      Object Name: 
      Observers: 
        none
      Pointer: 0x148c5d216010
      Container manages memory: true
      Size: 9830400
      Capacity: 9830400

     Weighting = 1
     Sampling strategy = regular
     Number of bins = 32
     Radius = 4
     Sampling percentage  = 0.25
   Transform = Affine
     Gradient step = 0.1
     Update field sigma (voxel space) = 0
     Total field sigma (voxel space) = 0
     Update field time sigma = 0
     Total field time sigma  = 0
     Number of time indices = 0
     Number of time point samples = 0
Registration using 1 total stages.

Stage 0
  iterations = 1000x500x250x100
  convergence threshold = 1e-06
  convergence window size = 10
  number of levels = 4
  using the Mattes MI metric (number of bins = 32, weight = 1, use gradient filter = 0)
  preprocessing:  winsorizing the image intensities
  Shrink factors (level 1 out of 4): [8, 8, 8]
  Shrink factors (level 2 out of 4): [4, 4, 4]
  Shrink factors (level 3 out of 4): [2, 2, 2]
  Shrink factors (level 4 out of 4): [1, 1, 1]
  smoothing sigmas per level: [3, 2, 1, 0]
  regular sampling (percentage = 0.25)

*** Running AffineTransform registration ***

DIAGNOSTIC,Iteration,metricValue,convergenceValue,ITERATION_TIME_INDEX,SINCE_LAST
 2DIAGNOSTIC,     1, -5.839163972476e-01, 1.797693134862e+308, 7.4851e-01, 7.4851e-01, 
 2DIAGNOSTIC,     2, -5.855686746822e-01, 1.797693134862e+308, 7.5290e-01, 4.3900e-03, 
 2DIAGNOSTIC,     3, -5.888257914737e-01, 1.797693134862e+308, 7.5716e-01, 4.2579e-03, 
 2DIAGNOSTIC,     4, -5.953538529313e-01, 1.797693134862e+308, 7.6173e-01, 4.5738e-03, 
 2DIAGNOSTIC,     5, -6.028183250152e-01, 1.797693134862e+308, 7.6629e-01, 4.5578e-03, 
 2DIAGNOSTIC,     6, -6.110412312276e-01, 1.797693134862e+308, 7.7079e-01, 4.4980e-03, 
 2DIAGNOSTIC,     7, -6.215521043787e-01, 1.797693134862e+308, 7.7535e-01, 4.5619e-03, 
 2DIAGNOSTIC,     8, -6.470116505614e-01, 1.797693134862e+308, 7.8076e-01, 5.4052e-03, 
 2DIAGNOSTIC,     9, -6.900591477869e-01, 1.797693134862e+308, 7.8968e-01, 8.9278e-03, 
 2DIAGNOSTIC,    10, -6.904682856736e-01, 1.153666966827e-02, 7.9464e-01, 4.9539e-03, 
 2DIAGNOSTIC,    11, -6.927961845866e-01, 1.172146145655e-02, 7.9959e-01, 4.9479e-03, 
 2DIAGNOSTIC,    12, -7.013268839007e-01, 1.121545304573e-02, 8.0455e-01, 4.9660e-03, 
 2DIAGNOSTIC,    13, -7.069523602987e-01, 1.006004345554e-02, 8.0959e-01, 5.0352e-03, 
 2DIAGNOSTIC,    14, -7.113910320330e-01, 8.495360170670e-03, 8.1461e-01, 5.0218e-03, 
 2DIAGNOSTIC,    15, -7.143369224096e-01, 6.696978948487e-03, 8.2017e-01, 5.5599e-03, 
 2DIAGNOSTIC,    16, -7.171378259837e-01, 4.851368870787e-03, 8.2855e-01, 8.3780e-03, 
 2DIAGNOSTIC,    17, -7.171727864314e-01, 3.057908283027e-03, 8.3348e-01, 4.9369e-03, 
 2DIAGNOSTIC,    18, -7.174849209001e-01, 1.785573043348e-03, 8.3930e-01, 5.8150e-03, 
 2DIAGNOSTIC,    19, -7.177117981669e-01, 1.470481017448e-03, 8.4434e-01, 5.0361e-03, 
 2DIAGNOSTIC,    20, -7.179442354071e-01, 1.068093058802e-03, 8.4945e-01, 5.1138e-03, 
 2DIAGNOSTIC,    21, -7.183281878629e-01, 6.594259332211e-04, 8.5446e-01, 5.0130e-03, 
 2DIAGNOSTIC,    22, -7.188794415326e-01, 4.026020848898e-04, 8.6006e-01, 5.5931e-03, 
 2DIAGNOSTIC,    23, -7.209831436751e-01, 2.729211814839e-04, 8.6954e-01, 9.4850e-03, 
 2DIAGNOSTIC,    24, -7.210270536656e-01, 2.061872975597e-04, 8.7509e-01, 5.5490e-03, 
 2DIAGNOSTIC,    25, -7.208669573230e-01, 1.719198212819e-04, 8.8063e-01, 5.5389e-03, 
 2DIAGNOSTIC,    26, -7.208131505532e-01, 1.692664693103e-04, 8.8565e-01, 5.0189e-03, 
 2DIAGNOSTIC,    27, -7.206848144035e-01, 1.492715555162e-04, 8.9119e-01, 5.5401e-03, 
 2DIAGNOSTIC,    28, -7.208497955764e-01, 1.234373920001e-04, 8.9619e-01, 5.0011e-03, 
 2DIAGNOSTIC,    29, -7.203421236690e-01, 8.381802940864e-05, 9.0172e-01, 5.5311e-03, 
 2DIAGNOSTIC,    30, -7.202006522664e-01, 4.108784308391e-05, 9.0780e-01, 6.0818e-03, 
 2DIAGNOSTIC,    31, -7.201297151681e-01, 1.834174791729e-06, 9.1334e-01, 5.5368e-03, 
DIAGNOSTIC,Iteration,metricValue,convergenceValue,ITERATION_TIME_INDEX,SINCE_LAST
 2DIAGNOSTIC,     1, -5.943820490189e-01, 1.797693134862e+308, 1.6613e+00, 7.4798e-01, 
 2DIAGNOSTIC,     2, -5.951180925671e-01, 1.797693134862e+308, 1.6965e+00, 3.5172e-02, 
 2DIAGNOSTIC,     3, -5.962462663119e-01, 1.797693134862e+308, 1.7369e+00, 4.0415e-02, 
 2DIAGNOSTIC,     4, -5.971305818000e-01, 1.797693134862e+308, 1.7723e+00, 3.5351e-02, 
 2DIAGNOSTIC,     5, -5.980500958410e-01, 1.797693134862e+308, 1.8077e+00, 3.5480e-02, 
 2DIAGNOSTIC,     6, -5.985110026903e-01, 1.797693134862e+308, 1.8429e+00, 3.5183e-02, 
 2DIAGNOSTIC,     7, -5.991045479257e-01, 1.797693134862e+308, 1.8784e+00, 3.5446e-02, 
 2DIAGNOSTIC,     8, -5.997644557420e-01, 1.797693134862e+308, 1.9258e+00, 4.7473e-02, 
 2DIAGNOSTIC,     9, -5.999193546231e-01, 1.797693134862e+308, 1.9605e+00, 3.4613e-02, 
 2DIAGNOSTIC,    10, -6.001225643023e-01, 6.403494574826e-04, 1.9993e+00, 3.8813e-02, 
 2DIAGNOSTIC,    11, -6.001792226523e-01, 4.912550276257e-04, 2.0342e+00, 3.4963e-02, 
 2DIAGNOSTIC,    12, -6.002123839736e-01, 3.530720940206e-04, 2.0737e+00, 3.9484e-02, 
 2DIAGNOSTIC,    13, -6.002221643460e-01, 2.455128157454e-04, 2.1164e+00, 4.2735e-02, 
 2DIAGNOSTIC,    14, -6.001835428057e-01, 1.594358337737e-04, 2.1590e+00, 4.2565e-02, 
 2DIAGNOSTIC,    15, -6.001608054688e-01, 9.897652819754e-05, 2.2007e+00, 4.1704e-02, 
 2DIAGNOSTIC,    16, -6.001394679994e-01, 5.001602088520e-05, 2.2404e+00, 3.9681e-02, 
 2DIAGNOSTIC,    17, -6.000976545252e-01, 1.739778529776e-05, 2.2795e+00, 3.9131e-02, 
 2DIAGNOSTIC,    18, -6.000549668701e-01, 3.233820228370e-06, 2.3227e+00, 4.3140e-02, 
DIAGNOSTIC,Iteration,metricValue,convergenceValue,ITERATION_TIME_INDEX,SINCE_LAST
 2DIAGNOSTIC,     1, -5.248806528850e-01, 1.797693134862e+308, 3.3974e+00, 1.0748e+00, 
 2DIAGNOSTIC,     2, -5.251999429279e-01, 1.797693134862e+308, 3.6545e+00, 2.5702e-01, 
 2DIAGNOSTIC,     3, -5.256001757708e-01, 1.797693134862e+308, 3.9386e+00, 2.8412e-01, 
 2DIAGNOSTIC,     4, -5.261070799131e-01, 1.797693134862e+308, 4.2051e+00, 2.6653e-01, 
 2DIAGNOSTIC,     5, -5.266553952499e-01, 1.797693134862e+308, 4.4648e+00, 2.5971e-01, 
 2DIAGNOSTIC,     6, -5.271332336566e-01, 1.797693134862e+308, 4.7060e+00, 2.4113e-01, 
 2DIAGNOSTIC,     7, -5.276007006656e-01, 1.797693134862e+308, 5.0300e+00, 3.2406e-01, 
 2DIAGNOSTIC,     8, -5.277477611097e-01, 1.797693134862e+308, 5.5093e+00, 4.7933e-01, 
 2DIAGNOSTIC,     9, -5.277508628987e-01, 1.797693134862e+308, 5.7531e+00, 2.4374e-01, 
 2DIAGNOSTIC,    10, -5.277583914434e-01, 4.020112684981e-04, 5.9982e+00, 2.4514e-01, 
 2DIAGNOSTIC,    11, -5.277686378293e-01, 3.067858136414e-04, 6.2778e+00, 2.7962e-01, 
 2DIAGNOSTIC,    12, -5.277694690916e-01, 2.143013086611e-04, 6.5371e+00, 2.5921e-01, 
 2DIAGNOSTIC,    13, -5.277737411529e-01, 1.335725764096e-04, 6.8441e+00, 3.0701e-01, 
 2DIAGNOSTIC,    14, -5.277733422813e-01, 7.188615979026e-05, 7.1376e+00, 2.9356e-01, 
 2DIAGNOSTIC,    15, -5.277758677184e-01, 3.167830529856e-05, 7.4681e+00, 3.3044e-01, 
 2DIAGNOSTIC,    16, -5.277756295021e-01, 9.491747774551e-06, 7.7648e+00, 2.9672e-01, 
 2DIAGNOSTIC,    17, -5.277737465067e-01, 3.865184106569e-06, 8.0473e+00, 2.8254e-01, 
 2DIAGNOSTIC,    18, -5.277726836983e-01, 3.059212780945e-06, 8.3048e+00, 2.5753e-01, 
 2DIAGNOSTIC,    19, -5.277741299899e-01, 2.345038613454e-06, 8.6004e+00, 2.9555e-01, 
 2DIAGNOSTIC,    20, -5.277747960424e-01, 1.851936618530e-06, 8.9087e+00, 3.0826e-01, 
 2DIAGNOSTIC,    21, -5.277753179195e-01, 1.658162908570e-06, 9.2031e+00, 2.9440e-01, 
 2DIAGNOSTIC,    22, -5.277746644914e-01, 1.472331856094e-06, 9.5127e+00, 3.0962e-01, 
 2DIAGNOSTIC,    23, -5.277745463245e-01, 1.399870986581e-06, 9.8151e+00, 3.0241e-01, 
