
##########################
# Experiment information #
##########################

EXPERIMENT_NAME: antsRegistration-r8-p14
VFC_BACKENDS: libinterflop_vprec.so --range-binary32=8 --precision-binary32=14 --range-binary64=8 --precision-binary64=14

SIF_IMG: /home/mdugre/projects/rrg-glatard/mdugre/containers/ants-vprec-no_metrics.simg

SUBJECT_ID: s014
INPUT_IMG: /home/mdugre/scratch/mri-registration-rp/datasets/ds004513/derivatives/mri-registration-rp/antsBrainExtraction/sub-s014/BrainExtractionBrain.nii.gz
OUTPUT_DIR: /home/mdugre/scratch/mri-registration-rp/datasets/ds004513/derivatives/mri-registration-rp/0001/antsRegistration-r8-p14/sub-s014

FIXED_IMG: /templateflow/tpl-MNI152NLin2009cAsym/tpl-MNI152NLin2009cAsym_res-01_desc-brain_T1w.nii.gz
DATA_DIR: /home/mdugre/scratch/mri-registration-rp/datasets/ds004513
TEMPLATEFLOW_DIR: /home/mdugre/projects/rrg-glatard/mdugre/templateflow
ITK_GLOBAL_DEFAULT_NUMBER_OF_THREADS: 16
##########################

Info [verificarlo]: loaded backend libinterflop_ieee.so
Info [interflop-ieee]: load backend with:
Info [interflop-ieee]: debug = false
Info [interflop-ieee]: debug-binary = false
Info [interflop-ieee]: no-backend-name = false
Info [interflop-ieee]: print-new-line = false
Info [interflop-ieee]: print-subnormal-normalized = false
Info [interflop-ieee]: count-op = false
All_Command_lines_OK
Using double precision for computations.
=============================================================================
The composite transform comprises the following transforms (in order): 
  1. Center of mass alignment using fixed image: /templateflow/tpl-MNI152NLin2009cAsym/tpl-MNI152NLin2009cAsym_res-01_desc-brain_T1w.nii.gz and moving image: /home/mdugre/scratch/mri-registration-rp/datasets/ds004513/derivatives/mri-registration-rp/antsBrainExtraction/sub-s014/BrainExtractionBrain.nii.gz (type = Euler3DTransform)
=============================================================================
  number of levels = 1
  fixed image: /templateflow/tpl-MNI152NLin2009cAsym/tpl-MNI152NLin2009cAsym_res-01_desc-brain_T1w.nii.gz
  moving image: /home/mdugre/scratch/mri-registration-rp/datasets/ds004513/derivatives/mri-registration-rp/antsBrainExtraction/sub-s014/BrainExtractionBrain.nii.gz
Dimension = 3
Number of stages = 1
Use histogram matching = false
Winsorize image intensities = true
  Lower quantile = 0.005
  Upper quantile = 0.995


Stage 1 State
   Image metric = MattesMI
     Fixed image = Image (0x3f2ee70)
  RTTI typeinfo:   itk::Image<double, 3u>
  Reference Count: 2
  Modified Time: 2334
  Debug: Off
  Object Name: 
  Observers: 
    none
  Source: (none)
  Source output name: (none)
  Release Data: Off
  Data Released: False
  Global Release Data: Off
  PipelineMTime: 0
  UpdateMTime: 1943
  RealTimeStamp: 0 seconds 
  LargestPossibleRegion: 
    Dimension: 3
    Index: [0, 0, 0]
    Size: [193, 229, 193]
  BufferedRegion: 
    Dimension: 3
    Index: [0, 0, 0]
    Size: [193, 229, 193]
  RequestedRegion: 
    Dimension: 3
    Index: [0, 0, 0]
    Size: [193, 229, 193]
  Spacing: [1, 1, 1]
  Origin: [96, 132, -78]
  Direction: 
-1 0 0
0 -1 0
0 0 1

  IndexToPointMatrix: 
-1 0 0
0 -1 0
0 0 1

  PointToIndexMatrix: 
-1 0 0
0 -1 0
0 0 1

  Inverse Direction: 
-1 0 0
0 -1 0
0 0 1

  PixelContainer: 
    ImportImageContainer (0x3f3b140)
      RTTI typeinfo:   itk::ImportImageContainer<unsigned long, double>
      Reference Count: 1
      Modified Time: 1940
      Debug: Off
      Object Name: 
      Observers: 
        none
      Pointer: 0x1477f24e1010
      Container manages memory: true
      Size: 8530021
      Capacity: 8530021

     Moving image = Image (0x3f38310)
  RTTI typeinfo:   itk::Image<double, 3u>
  Reference Count: 2
  Modified Time: 2335
  Debug: Off
  Object Name: 
  Observers: 
    none
  Source: (none)
  Source output name: (none)
  Release Data: Off
  Data Released: False
  Global Release Data: Off
  PipelineMTime: 0
  UpdateMTime: 2332
  RealTimeStamp: 0 seconds 
  LargestPossibleRegion: 
    Dimension: 3
    Index: [0, 0, 0]
    Size: [160, 240, 256]
  BufferedRegion: 
    Dimension: 3
    Index: [0, 0, 0]
    Size: [160, 240, 256]
  RequestedRegion: 
    Dimension: 3
    Index: [0, 0, 0]
    Size: [160, 240, 256]
  Spacing: [0.999999, 1, 1]
  Origin: [84.1637, 106.709, -120.531]
  Direction: 
-0.999619 -0.0226874 -0.0157033
0.0226846 -0.999743 0.00035635
-0.0157073 -7.8229e-09 0.999877

  IndexToPointMatrix: 
-0.999619 -0.0226874 -0.0157033
0.0226845 -0.999743 0.00035635
-0.0157073 -7.8229e-09 0.999877

  PointToIndexMatrix: 
-0.99962 0.0226846 -0.0157073
-0.0226874 -0.999743 -7.83127e-09
-0.0157033 0.00035635 0.999877

  Inverse Direction: 
-0.999619 0.0226846 -0.0157073
-0.0226874 -0.999743 -7.83127e-09
-0.0157033 0.00035635 0.999877

  PixelContainer: 
    ImportImageContainer (0x4063610)
      RTTI typeinfo:   itk::ImportImageContainer<unsigned long, double>
      Reference Count: 1
      Modified Time: 2329
      Debug: Off
      Object Name: 
      Observers: 
        none
      Pointer: 0x1477ed9e0010
      Container manages memory: true
      Size: 9830400
      Capacity: 9830400

     Weighting = 1
     Sampling strategy = regular
     Number of bins = 32
     Radius = 4
     Sampling percentage  = 0.25
   Transform = Rigid
     Gradient step = 0.1
     Update field sigma (voxel space) = 0
     Total field sigma (voxel space) = 0
     Update field time sigma = 0
     Total field time sigma  = 0
     Number of time indices = 0
     Number of time point samples = 0
Registration using 1 total stages.

Stage 0
  iterations = 0
  convergence threshold = 1e-06
  convergence window size = 10
  number of levels = 1
  using the Mattes MI metric (number of bins = 32, weight = 1, use gradient filter = 0)
  preprocessing:  winsorizing the image intensities
  Shrink factors (level 1 out of 1): [1, 1, 1]
  smoothing sigmas per level: [0]
  regular sampling (percentage = 0.25)

*** Running Euler3DTransform registration ***

  Elapsed time (stage 0): 1.07753


Total elapsed time: 1.0796
Info [verificarlo]: loaded backend libinterflop_ieee.so
Info [interflop-ieee]: load backend with:
Info [interflop-ieee]: debug = false
Info [interflop-ieee]: debug-binary = false
Info [interflop-ieee]: no-backend-name = false
Info [interflop-ieee]: print-new-line = false
Info [interflop-ieee]: print-subnormal-normalized = false
Info [interflop-ieee]: count-op = false
All_Command_lines_OK
Using double precision for computations.
=============================================================================
The composite transform comprises the following transforms (in order): 
  1. /home/mdugre/scratch/mri-registration-rp/datasets/ds004513/derivatives/mri-registration-rp/0001/antsRegistration-r8-p14/sub-s014/align_Composite.h5[0] (type = Euler3DTransform)
  2. /home/mdugre/scratch/mri-registration-rp/datasets/ds004513/derivatives/mri-registration-rp/0001/antsRegistration-r8-p14/sub-s014/align_Composite.h5[1] (type = Euler3DTransform)
=============================================================================
  number of levels = 4
  fixed image: /templateflow/tpl-MNI152NLin2009cAsym/tpl-MNI152NLin2009cAsym_res-01_desc-brain_T1w.nii.gz
  moving image: /home/mdugre/scratch/mri-registration-rp/datasets/ds004513/derivatives/mri-registration-rp/antsBrainExtraction/sub-s014/BrainExtractionBrain.nii.gz
Dimension = 3
Number of stages = 1
Use histogram matching = false
Winsorize image intensities = true
  Lower quantile = 0.005
  Upper quantile = 0.995


Stage 1 State
   Image metric = MattesMI
     Fixed image = Image (0x3df6530)
  RTTI typeinfo:   itk::Image<double, 3u>
  Reference Count: 2
  Modified Time: 1580
  Debug: Off
  Object Name: 
  Observers: 
    none
  Source: (none)
  Source output name: (none)
  Release Data: Off
  Data Released: False
  Global Release Data: Off
  PipelineMTime: 0
  UpdateMTime: 1189
  RealTimeStamp: 0 seconds 
  LargestPossibleRegion: 
    Dimension: 3
    Index: [0, 0, 0]
    Size: [193, 229, 193]
  BufferedRegion: 
    Dimension: 3
    Index: [0, 0, 0]
    Size: [193, 229, 193]
  RequestedRegion: 
    Dimension: 3
    Index: [0, 0, 0]
    Size: [193, 229, 193]
  Spacing: [1, 1, 1]
  Origin: [96, 132, -78]
  Direction: 
-1 0 0
0 -1 0
0 0 1

  IndexToPointMatrix: 
-1 0 0
0 -1 0
0 0 1

  PointToIndexMatrix: 
-1 0 0
0 -1 0
0 0 1

  Inverse Direction: 
-1 0 0
0 -1 0
0 0 1

  PixelContainer: 
    ImportImageContainer (0x3eb4d60)
      RTTI typeinfo:   itk::ImportImageContainer<unsigned long, double>
      Reference Count: 1
      Modified Time: 1186
      Debug: Off
      Object Name: 
      Observers: 
        none
      Pointer: 0x15467211b010
      Container manages memory: true
      Size: 8530021
      Capacity: 8530021

     Moving image = Image (0x3ea6f60)
  RTTI typeinfo:   itk::Image<double, 3u>
  Reference Count: 2
  Modified Time: 1581
  Debug: Off
  Object Name: 
  Observers: 
    none
  Source: (none)
  Source output name: (none)
  Release Data: Off
  Data Released: False
  Global Release Data: Off
  PipelineMTime: 0
  UpdateMTime: 1578
  RealTimeStamp: 0 seconds 
  LargestPossibleRegion: 
    Dimension: 3
    Index: [0, 0, 0]
    Size: [160, 240, 256]
  BufferedRegion: 
    Dimension: 3
    Index: [0, 0, 0]
    Size: [160, 240, 256]
  RequestedRegion: 
    Dimension: 3
    Index: [0, 0, 0]
    Size: [160, 240, 256]
  Spacing: [0.999999, 1, 1]
  Origin: [84.1637, 106.709, -120.531]
  Direction: 
-0.999619 -0.0226874 -0.0157033
0.0226846 -0.999743 0.00035635
-0.0157073 -7.8229e-09 0.999877

  IndexToPointMatrix: 
-0.999619 -0.0226874 -0.0157033
0.0226845 -0.999743 0.00035635
-0.0157073 -7.8229e-09 0.999877

  PointToIndexMatrix: 
-0.99962 0.0226846 -0.0157073
-0.0226874 -0.999743 -7.83127e-09
-0.0157033 0.00035635 0.999877

  Inverse Direction: 
-0.999619 0.0226846 -0.0157073
-0.0226874 -0.999743 -7.83127e-09
-0.0157033 0.00035635 0.999877

  PixelContainer: 
    ImportImageContainer (0x3e986d0)
      RTTI typeinfo:   itk::ImportImageContainer<unsigned long, double>
      Reference Count: 1
      Modified Time: 1575
      Debug: Off
      Object Name: 
      Observers: 
        none
      Pointer: 0x15466d61a010
      Container manages memory: true
      Size: 9830400
      Capacity: 9830400

     Weighting = 1
     Sampling strategy = regular
     Number of bins = 32
     Radius = 4
     Sampling percentage  = 0.25
   Transform = Rigid
     Gradient step = 0.1
     Update field sigma (voxel space) = 0
     Total field sigma (voxel space) = 0
     Update field time sigma = 0
     Total field time sigma  = 0
     Number of time indices = 0
     Number of time point samples = 0
Registration using 1 total stages.

Stage 0
  iterations = 1000x500x250x100
  convergence threshold = 1e-06
  convergence window size = 10
  number of levels = 4
  using the Mattes MI metric (number of bins = 32, weight = 1, use gradient filter = 0)
  preprocessing:  winsorizing the image intensities
  Shrink factors (level 1 out of 4): [8, 8, 8]
  Shrink factors (level 2 out of 4): [4, 4, 4]
  Shrink factors (level 3 out of 4): [2, 2, 2]
  Shrink factors (level 4 out of 4): [1, 1, 1]
  smoothing sigmas per level: [3, 2, 1, 0]
  regular sampling (percentage = 0.25)

*** Running Euler3DTransform registration ***

DIAGNOSTIC,Iteration,metricValue,convergenceValue,ITERATION_TIME_INDEX,SINCE_LAST
 2DIAGNOSTIC,     1, -4.770821406565e-01, 1.797693134862e+308, 7.7038e-01, 7.7038e-01, 
 2DIAGNOSTIC,     2, -4.784216133942e-01, 1.797693134862e+308, 7.7452e-01, 4.1420e-03, 
 2DIAGNOSTIC,     3, -4.807043200681e-01, 1.797693134862e+308, 7.7863e-01, 4.1041e-03, 
 2DIAGNOSTIC,     4, -4.840264478065e-01, 1.797693134862e+308, 7.8276e-01, 4.1392e-03, 
 2DIAGNOSTIC,     5, -4.883050305770e-01, 1.797693134862e+308, 7.8666e-01, 3.8910e-03, 
 2DIAGNOSTIC,     6, -4.953560426371e-01, 1.797693134862e+308, 7.9123e-01, 4.5781e-03, 
 2DIAGNOSTIC,     7, -5.007350570384e-01, 1.797693134862e+308, 7.9556e-01, 4.3311e-03, 
 2DIAGNOSTIC,     8, -5.013278569503e-01, 1.797693134862e+308, 7.9992e-01, 4.3519e-03, 
 2DIAGNOSTIC,     9, -5.085255256006e-01, 1.797693134862e+308, 8.0415e-01, 4.2372e-03, 
 2DIAGNOSTIC,    10, -5.161992633656e-01, 5.125196520979e-03, 8.1008e-01, 5.9240e-03, 
 2DIAGNOSTIC,    11, -5.167072941437e-01, 4.879252931146e-03, 8.1432e-01, 4.2410e-03, 
 2DIAGNOSTIC,    12, -5.203629876260e-01, 4.481282734468e-03, 8.1832e-01, 4.0030e-03, 
 2DIAGNOSTIC,    13, -5.229718709777e-01, 3.958672533579e-03, 8.2210e-01, 3.7792e-03, 
 2DIAGNOSTIC,    14, -5.250338110829e-01, 3.368007801722e-03, 8.2675e-01, 4.6520e-03, 
 2DIAGNOSTIC,    15, -5.272078697647e-01, 2.786121483388e-03, 8.3262e-01, 5.8670e-03, 
 2DIAGNOSTIC,    16, -5.275715603977e-01, 2.284098302159e-03, 8.3703e-01, 4.4091e-03, 
 2DIAGNOSTIC,    17, -5.282507656510e-01, 1.839921123735e-03, 8.4082e-01, 3.7909e-03, 
 2DIAGNOSTIC,    18, -5.289722876065e-01, 1.313912041893e-03, 8.4545e-01, 4.6310e-03, 
 2DIAGNOSTIC,    19, -5.292207410111e-01, 9.370568707326e-04, 8.4986e-01, 4.4060e-03, 
 2DIAGNOSTIC,    20, -5.294476960672e-01, 7.341365573338e-04, 8.5407e-01, 4.2179e-03, 
 2DIAGNOSTIC,    21, -5.294955840903e-01, 4.966190831886e-04, 8.5844e-01, 4.3628e-03, 
 2DIAGNOSTIC,    22, -5.295366245031e-01, 3.281311959356e-04, 8.6289e-01, 4.4489e-03, 
 2DIAGNOSTIC,    23, -5.295376311909e-01, 2.063244245694e-04, 8.6709e-01, 4.2059e-03, 
 2DIAGNOSTIC,    24, -5.295911249027e-01, 1.234508389579e-04, 8.7134e-01, 4.2520e-03, 
 2DIAGNOSTIC,    25, -5.296271130646e-01, 8.499150549805e-05, 8.7554e-01, 4.1950e-03, 
 2DIAGNOSTIC,    26, -5.296539599385e-01, 4.983583932646e-05, 8.7926e-01, 3.7229e-03, 
 2DIAGNOSTIC,    27, -5.297704229811e-01, 2.877322816182e-05, 8.8333e-01, 4.0689e-03, 
 2DIAGNOSTIC,    28, -5.299884954873e-01, 2.504887533766e-05, 8.8893e-01, 5.6009e-03, 
 2DIAGNOSTIC,    29, -5.300854192463e-01, 2.569611954231e-05, 8.9363e-01, 4.6980e-03, 
 2DIAGNOSTIC,    30, -5.300410324623e-01, 2.732899346199e-05, 8.9786e-01, 4.2260e-03, 
 2DIAGNOSTIC,    31, -5.300376932143e-01, 2.724560550153e-05, 9.0193e-01, 4.0770e-03, 
 2DIAGNOSTIC,    32, -5.301686264232e-01, 2.763232920095e-05, 9.0599e-01, 4.0550e-03, 
 2DIAGNOSTIC,    33, -5.303926738417e-01, 2.905769096714e-05, 9.1110e-01, 5.1119e-03, 
 2DIAGNOSTIC,    34, -5.304519664597e-01, 2.945835347427e-05, 9.1621e-01, 5.1081e-03, 
 2DIAGNOSTIC,    35, -5.305073139181e-01, 2.868169326829e-05, 9.2034e-01, 4.1320e-03, 
 2DIAGNOSTIC,    36, -5.305686017145e-01, 2.670517371369e-05, 9.2446e-01, 4.1151e-03, 
 2DIAGNOSTIC,    37, -5.306602858939e-01, 2.533264910543e-05, 9.3002e-01, 5.5661e-03, 
 2DIAGNOSTIC,    38, -5.306881156228e-01, 2.512162423780e-05, 9.3414e-01, 4.1230e-03, 
 2DIAGNOSTIC,    39, -5.307317416633e-01, 2.461885297740e-05, 9.3825e-01, 4.1041e-03, 
 2DIAGNOSTIC,    40, -5.308225091353e-01, 2.257034275848e-05, 9.4384e-01, 5.5959e-03, 
 2DIAGNOSTIC,    41, -5.308460424124e-01, 1.877385526359e-05, 9.4793e-01, 4.0839e-03, 
 2DIAGNOSTIC,    42, -5.308561837321e-01, 1.520831958005e-05, 9.5209e-01, 4.1630e-03, 
 2DIAGNOSTIC,    43, -5.308777649273e-01, 1.355835178029e-05, 9.5619e-01, 4.0948e-03, 
 2DIAGNOSTIC,    44, -5.309114036110e-01, 1.190613945194e-05, 9.6034e-01, 4.1530e-03, 
 2DIAGNOSTIC,    45, -5.310262965518e-01, 1.129423567390e-05, 9.6691e-01, 6.5711e-03, 
 2DIAGNOSTIC,    46, -5.310374074445e-01, 1.049838942746e-05, 9.7099e-01, 4.0751e-03, 
 2DIAGNOSTIC,    47, -5.310434720121e-01, 9.962263455766e-06, 9.7508e-01, 4.0910e-03, 
 2DIAGNOSTIC,    48, -5.310518853633e-01, 8.989886110769e-06, 9.7919e-01, 4.1101e-03, 
 2DIAGNOSTIC,    49, -5.310584329536e-01, 7.783359503532e-06, 9.8427e-01, 5.0879e-03, 
 2DIAGNOSTIC,    50, -5.310645817646e-01, 6.973833584469e-06, 9.8984e-01, 5.5609e-03, 
 2DIAGNOSTIC,    51, -5.310656430617e-01, 5.851695600727e-06, 9.9396e-01, 4.1299e-03, 
 2DIAGNOSTIC,    52, -5.310738190001e-01, 4.481863509844e-06, 9.9868e-01, 4.7121e-03, 
 2DIAGNOSTIC,    53, -5.310768127969e-01, 3.049471521507e-06, 1.0031e+00, 4.4191e-03, 
 2DIAGNOSTIC,    54, -5.310775506016e-01, 1.750844720250e-06, 1.0072e+00, 4.1471e-03, 
 2DIAGNOSTIC,    55, -5.310817434211e-01, 1.565716413084e-06, 1.0113e+00, 4.0741e-03, 
 2DIAGNOSTIC,    56, -5.310870994121e-01, 1.452195857520e-06, 1.0159e+00, 4.5691e-03, 
 2DIAGNOSTIC,    57, -5.310885232961e-01, 1.327089154918e-06, 1.0205e+00, 4.5710e-03, 
 2DIAGNOSTIC,    58, -5.310914487850e-01, 1.238639650999e-06, 1.0251e+00, 4.6520e-03, 
 2DIAGNOSTIC,    59, -5.311015678587e-01, 1.240623596539e-06, 1.0303e+00, 5.1422e-03, 
 2DIAGNOSTIC,    60, -5.311021904297e-01, 1.235244578887e-06, 1.0344e+00, 4.1809e-03, 
 2DIAGNOSTIC,    61, -5.311059901820e-01, 1.204917779090e-06, 1.0474e+00, 1.2982e-02, 
 2DIAGNOSTIC,    62, -5.311059901659e-01, 1.182103197401e-06, 1.0603e+00, 1.2929e-02, 
 2DIAGNOSTIC,    63, -5.311059901659e-01, 1.122797857862e-06, 1.0654e+00, 5.0709e-03, 
 2DIAGNOSTIC,    64, -5.311059901659e-01, 1.011506956583e-06, 1.0705e+00, 5.0762e-03, 
DIAGNOSTIC,Iteration,metricValue,convergenceValue,ITERATION_TIME_INDEX,SINCE_LAST
 2DIAGNOSTIC,     1, -4.295258231625e-01, 1.797693134862e+308, 1.8317e+00, 7.6121e-01, 
 2DIAGNOSTIC,     2, -4.302859640431e-01, 1.797693134862e+308, 1.8620e+00, 3.0316e-02, 
 2DIAGNOSTIC,     3, -4.309651196675e-01, 1.797693134862e+308, 1.8897e+00, 2.7725e-02, 
 2DIAGNOSTIC,     4, -4.317164347764e-01, 1.797693134862e+308, 1.9193e+00, 2.9569e-02, 
 2DIAGNOSTIC,     5, -4.325561938345e-01, 1.797693134862e+308, 1.9479e+00, 2.8596e-02, 
 2DIAGNOSTIC,     6, -4.341819580778e-01, 1.797693134862e+308, 1.9762e+00, 2.8280e-02, 
 2DIAGNOSTIC,     7, -4.354327949460e-01, 1.797693134862e+308, 2.0049e+00, 2.8720e-02, 
 2DIAGNOSTIC,     8, -4.367134834399e-01, 1.797693134862e+308, 2.0378e+00, 3.2841e-02, 
 2DIAGNOSTIC,     9, -4.377076816052e-01, 1.797693134862e+308, 2.0774e+00, 3.9668e-02, 
 2DIAGNOSTIC,    10, -4.379510214292e-01, 1.375954781896e-03, 2.1067e+00, 2.9288e-02, 
 2DIAGNOSTIC,    11, -4.381306699706e-01, 1.211218579676e-03, 2.1363e+00, 2.9640e-02, 
 2DIAGNOSTIC,    12, -4.403708091228e-01, 1.128184042318e-03, 2.1695e+00, 3.3144e-02, 
 2DIAGNOSTIC,    13, -4.435986505938e-01, 1.148562288943e-03, 2.2065e+00, 3.6983e-02, 
 2DIAGNOSTIC,    14, -4.436199448413e-01, 1.094787364275e-03, 2.2351e+00, 2.8657e-02, 
 2DIAGNOSTIC,    15, -4.445052018000e-01, 1.025845797335e-03, 2.2671e+00, 3.1936e-02, 
 2DIAGNOSTIC,    16, -4.479362667456e-01, 1.077370596324e-03, 2.3045e+00, 3.7474e-02, 
 2DIAGNOSTIC,    17, -4.481475950977e-01, 1.073587594017e-03, 2.3306e+00, 2.6088e-02, 
 2DIAGNOSTIC,    18, -4.482020490582e-01, 1.018146306039e-03, 2.3605e+00, 2.9862e-02, 
 2DIAGNOSTIC,    19, -4.481966708861e-01, 9.107728250280e-04, 2.4116e+00, 5.1064e-02, 
 2DIAGNOSTIC,    20, -4.481953336228e-01, 7.394369061430e-04, 2.4383e+00, 2.6751e-02, 
 2DIAGNOSTIC,    21, -4.481954334416e-01, 5.189437694734e-04, 2.4738e+00, 3.5539e-02, 
 2DIAGNOSTIC,    22, -4.482018534087e-01, 3.337448798586e-04, 2.5047e+00, 3.0874e-02, 
 2DIAGNOSTIC,    23, -4.481921491941e-01, 2.259319874670e-04, 2.5331e+00, 2.8365e-02, 
 2DIAGNOSTIC,    24, -4.482074312947e-01, 1.077320597669e-04, 2.5646e+00, 3.1517e-02, 
 2DIAGNOSTIC,    25, -4.482144438977e-01, 9.691655243255e-06, 2.5961e+00, 3.1532e-02, 
 2DIAGNOSTIC,    26, -4.482116709867e-01, 3.273678120828e-06, 2.6249e+00, 2.8729e-02, 
 2DIAGNOSTIC,    27, -4.482088353329e-01, 2.084624095997e-06, 2.6559e+00, 3.1038e-02, 
 2DIAGNOSTIC,    28, -4.482139219698e-01, 2.274301481281e-06, 2.6837e+00, 2.7836e-02, 
 2DIAGNOSTIC,    29, -4.482420866023e-01, 2.842583180451e-06, 2.7168e+00, 3.3087e-02, 
 2DIAGNOSTIC,    30, -4.482455732295e-01, 3.232683886162e-06, 2.7503e+00, 3.3503e-02, 
 2DIAGNOSTIC,    31, -4.482405886041e-01, 3.298135737996e-06, 2.7799e+00, 2.9569e-02, 
 2DIAGNOSTIC,    32, -4.482290914450e-01, 3.068919333042e-06, 2.8093e+00, 2.9451e-02, 
 2DIAGNOSTIC,    33, -4.482261087019e-01, 2.406542374253e-06, 2.8426e+00, 3.3269e-02, 
 2DIAGNOSTIC,    34, -4.482147420855e-01, 1.704266636218e-06, 2.8751e+00, 3.2501e-02, 
 2DIAGNOSTIC,    35, -4.482170221227e-01, 1.142410596944e-06, 2.9046e+00, 2.9434e-02, 
DIAGNOSTIC,Iteration,metricValue,convergenceValue,ITERATION_TIME_INDEX,SINCE_LAST
 2DIAGNOSTIC,     1, -3.932184618180e-01, 1.797693134862e+308, 3.8995e+00, 9.9497e-01, 
 2DIAGNOSTIC,     2, -3.933350080146e-01, 1.797693134862e+308, 4.1108e+00, 2.1129e-01, 
 2DIAGNOSTIC,     3, -3.934316047084e-01, 1.797693134862e+308, 4.3049e+00, 1.9409e-01, 
 2DIAGNOSTIC,     4, -3.934445200969e-01, 1.797693134862e+308, 4.5631e+00, 2.5815e-01, 
 2DIAGNOSTIC,     5, -3.934561040657e-01, 1.797693134862e+308, 4.7817e+00, 2.1869e-01, 
 2DIAGNOSTIC,     6, -3.934557399698e-01, 1.797693134862e+308, 5.0470e+00, 2.6524e-01, 
 2DIAGNOSTIC,     7, -3.934568947140e-01, 1.797693134862e+308, 5.4135e+00, 3.6649e-01, 
 2DIAGNOSTIC,     8, -3.934560025956e-01, 1.797693134862e+308, 5.6713e+00, 2.5784e-01, 
 2DIAGNOSTIC,     9, -3.934553706663e-01, 1.797693134862e+308, 5.9794e+00, 3.0805e-01, 
 2DIAGNOSTIC,    10, -3.934548435046e-01, 2.950388286972e-05, 6.2091e+00, 2.2971e-01, 
 2DIAGNOSTIC,    11, -3.934535150085e-01, 1.251787704545e-05, 6.4627e+00, 2.5363e-01, 
 2DIAGNOSTIC,    12, -3.934529103005e-01, 4.334106787046e-06, 6.7136e+00, 2.5089e-01, 
 2DIAGNOSTIC,    13, -3.934523311569e-01, 2.580302114780e-06, 6.9239e+00, 2.1029e-01, 
 2DIAGNOSTIC,    14, -3.934518640126e-01, 1.691075425442e-06, 7.1698e+00, 2.4588e-01, 
 2DIAGNOSTIC,    15, -3.934519733658e-01, 1.537715202241e-06, 7.3729e+00, 2.0319e-01, 
 2DIAGNOSTIC,    16, -3.934513608778e-01, 1.410840032245e-06, 7.5630e+00, 1.9009e-01, 
 2DIAGNOSTIC,    17, -3.934508379492e-01, 1.380509607456e-06, 7.8144e+00, 2.5133e-01, 
 2DIAGNOSTIC,    18, -3.934502558980e-01, 1.340256968636e-06, 8.0094e+00, 1.9501e-01, 
 2DIAGNOSTIC,    19, -3.934497850974e-01, 1.301860506855e-06, 8.2290e+00, 2.1963e-01, 
 2DIAGNOSTIC,    20, -3.934499620851e-01, 1.290039419559e-06, 8.4246e+00, 1.9561e-01, 
 2DIAGNOSTIC,    21, -3.934502604148e-01, 1.271710326524e-06, 8.6199e+00, 1.9530e-01, 
 2DIAGNOSTIC,    22, -3.934498714817e-01, 1.245514232251e-06, 8.8499e+00, 2.2997e-01, 
 2DIAGNOSTIC,    23, -3.934501306454e-01, 1.231426929080e-06, 9.0959e+00, 2.4601e-01, 
 2DIAGNOSTIC,    24, -3.934495534924e-01, 1.200792377615e-06, 9.3012e+00, 2.0536e-01, 
 2DIAGNOSTIC,    25, -3.934490926835e-01, 1.174527762889e-06, 9.5347e+00, 2.3344e-01, 
 2DIAGNOSTIC,    26, -3.934495815512e-01, 1.156238084075e-06, 9.7763e+00, 2.4157e-01, 
 2DIAGNOSTIC,    27, -3.934510332107e-01, 1.170201585417e-06, 1.0036e+01, 2.6001e-01, 
 2DIAGNOSTIC,    28, -3.934498669478e-01, 1.138213947004e-06, 1.0280e+01, 2.4416e-01, 
 2DIAGNOSTIC,    29, -3.934494067139e-01, 1.086573174047e-06, 1.0520e+01, 2.3937e-01, 
 2DIAGNOSTIC,    30, -3.934490070216e-01, 1.034518138779e-06, 1.0758e+01, 2.3789e-01, 
 2DIAGNOSTIC,    31, -3.934493551435e-01, 1.002859523744e-06, 1.0962e+01, 2.0474e-01, 
 2DIAGNOSTIC,    32, -3.934514388211e-01, 1.012149839059e-06, 1.1190e+01, 2.2757e-01, 
 2DIAGNOSTIC,    33, -3.934519790890e-01, 1.036071870783e-06, 1.1425e+01, 2.3544e-01, 
 2DIAGNOSTIC,    34, -3.934514161266e-01, 1.029042871768e-06, 1.1663e+01, 2.3775e-01, 
 2DIAGNOSTIC,    35, -3.934525147647e-01, 1.027695373905e-06, 1.1889e+01, 2.2541e-01, 
 2DIAGNOSTIC,    36, -3.934539683239e-01, 1.051995531878e-06, 1.2168e+01, 2.7970e-01, 
 2DIAGNOSTIC,    37, -3.934536116683e-01, 1.079271379135e-06, 1.2417e+01, 2.4834e-01, 
 2DIAGNOSTIC,    38, -3.934525130073e-01, 1.042002304219e-06, 1.2648e+01, 2.3169e-01, 
DIAGNOSTIC,Iteration,metricValue,convergenceValue,ITERATION_TIME_INDEX,SINCE_LAST
 2DIAGNOSTIC,     1, -3.660000231581e-01, 1.797693134862e+308, 1.5121e+01, 2.4722e+00, 
 2DIAGNOSTIC,     2, -3.661006044519e-01, 1.797693134862e+308, 1.6621e+01, 1.5001e+00, 
 2DIAGNOSTIC,     3, -3.661940053268e-01, 1.797693134862e+308, 1.8126e+01, 1.5052e+00, 
 2DIAGNOSTIC,     4, -3.662025643776e-01, 1.797693134862e+308, 2.0604e+01, 2.4784e+00, 
 2DIAGNOSTIC,     5, -3.662022977196e-01, 1.797693134862e+308, 2.2578e+01, 1.9736e+00, 
 2DIAGNOSTIC,     6, -3.662022733060e-01, 1.797693134862e+308, 2.4199e+01, 1.6208e+00, 
 2DIAGNOSTIC,     7, -3.662021510220e-01, 1.797693134862e+308, 2.5788e+01, 1.5899e+00, 
 2DIAGNOSTIC,     8, -3.662021104580e-01, 1.797693134862e+308, 2.7341e+01, 1.5525e+00, 
 2DIAGNOSTIC,     9, -3.662019867423e-01, 1.797693134862e+308, 2.8905e+01, 1.5638e+00, 
 2DIAGNOSTIC,    10, -3.662019340481e-01, 2.615307468049e-05, 3.0231e+01, 1.3268e+00, 
 2DIAGNOSTIC,    11, -3.662019021207e-01, 1.049209212529e-05, 3.1717e+01, 1.4851e+00, 
 2DIAGNOSTIC,    12, -3.662017877655e-01, 3.091361964136e-06, 3.3325e+01, 1.6080e+00, 
 2DIAGNOSTIC,    13, -3.662019075498e-01, 2.358435329808e-06, 3.5066e+01, 1.7411e+00, 
 2DIAGNOSTIC,    14, -3.662018586922e-01, 2.210206266104e-06, 3.6706e+01, 1.6407e+00, 
 2DIAGNOSTIC,    15, -3.662018919949e-01, 2.075386459632e-06, 3.8309e+01, 1.6029e+00, 
 2DIAGNOSTIC,    16, -3.662018421192e-01, 1.958104277985e-06, 3.9690e+01, 1.3812e+00, 
 2DIAGNOSTIC,    17, -3.662017315475e-01, 1.846828502773e-06, 4.1061e+01, 1.3709e+00, 
 2DIAGNOSTIC,    18, -3.662016584359e-01, 1.745449659279e-06, 4.2632e+01, 1.5709e+00, 
 2DIAGNOSTIC,    19, -3.662015876139e-01, 1.648798700592e-06, 4.4121e+01, 1.4889e+00, 
 2DIAGNOSTIC,    20, -3.662013732737e-01, 1.553843684936e-06, 4.5712e+01, 1.5907e+00, 
 2DIAGNOSTIC,    21, -3.662013254748e-01, 1.468744397229e-06, 4.7717e+01, 2.0051e+00, 
 2DIAGNOSTIC,    22, -3.662011170174e-01, 1.384171146063e-06, 4.9279e+01, 1.5620e+00, 
 2DIAGNOSTIC,    23, -3.662008967073e-01, 1.309503370489e-06, 5.0616e+01, 1.3374e+00, 
 2DIAGNOSTIC,    24, -3.662008589091e-01, 1.245215986295e-06, 5.2179e+01, 1.5630e+00, 
 2DIAGNOSTIC,    25, -3.662009022334e-01, 1.195923246586e-06, 5.3627e+01, 1.4482e+00, 
 2DIAGNOSTIC,    26, -3.662008588437e-01, 1.154782410945e-06, 5.4982e+01, 1.3542e+00, 
 2DIAGNOSTIC,    27, -3.662010886760e-01, 1.126687567327e-06, 5.6594e+01, 1.6125e+00, 
 2DIAGNOSTIC,    28, -3.662011544807e-01, 1.105168413146e-06, 5.8268e+01, 1.6741e+00, 
 2DIAGNOSTIC,    29, -3.662007271048e-01, 1.074819765273e-06, 5.9992e+01, 1.7235e+00, 
 2DIAGNOSTIC,    30, -3.662006710102e-01, 1.041888218728e-06, 6.1475e+01, 1.4830e+00, 
 2DIAGNOSTIC,    31, -3.662006079260e-01, 1.010052149447e-06, 6.2969e+01, 1.4945e+00, 
  Elapsed time (stage 0): 6.3785e+01


Total elapsed time: 6.3787e+01
Info [verificarlo]: loaded backend libinterflop_ieee.so
Info [interflop-ieee]: load backend with:
Info [interflop-ieee]: debug = false
Info [interflop-ieee]: debug-binary = false
Info [interflop-ieee]: no-backend-name = false
Info [interflop-ieee]: print-new-line = false
Info [interflop-ieee]: print-subnormal-normalized = false
Info [interflop-ieee]: count-op = false
All_Command_lines_OK
Using double precision for computations.
=============================================================================
The composite transform comprises the following transforms (in order): 
  1. /home/mdugre/scratch/mri-registration-rp/datasets/ds004513/derivatives/mri-registration-rp/0001/antsRegistration-r8-p14/sub-s014/rigid_Composite.h5[0] (type = Euler3DTransform)
  2. /home/mdugre/scratch/mri-registration-rp/datasets/ds004513/derivatives/mri-registration-rp/0001/antsRegistration-r8-p14/sub-s014/rigid_Composite.h5[1] (type = Euler3DTransform)
  3. /home/mdugre/scratch/mri-registration-rp/datasets/ds004513/derivatives/mri-registration-rp/0001/antsRegistration-r8-p14/sub-s014/rigid_Composite.h5[2] (type = Euler3DTransform)
=============================================================================
  number of levels = 4
  fixed image: /templateflow/tpl-MNI152NLin2009cAsym/tpl-MNI152NLin2009cAsym_res-01_desc-brain_T1w.nii.gz
  moving image: /home/mdugre/scratch/mri-registration-rp/datasets/ds004513/derivatives/mri-registration-rp/antsBrainExtraction/sub-s014/BrainExtractionBrain.nii.gz
Dimension = 3
Number of stages = 1
Use histogram matching = false
Winsorize image intensities = true
  Lower quantile = 0.005
  Upper quantile = 0.995


Stage 1 State
   Image metric = MattesMI
     Fixed image = Image (0x33a37e0)
  RTTI typeinfo:   itk::Image<double, 3u>
  Reference Count: 2
  Modified Time: 1594
  Debug: Off
  Object Name: 
  Observers: 
    none
  Source: (none)
  Source output name: (none)
  Release Data: Off
  Data Released: False
  Global Release Data: Off
  PipelineMTime: 0
  UpdateMTime: 1203
  RealTimeStamp: 0 seconds 
  LargestPossibleRegion: 
    Dimension: 3
    Index: [0, 0, 0]
    Size: [193, 229, 193]
  BufferedRegion: 
    Dimension: 3
    Index: [0, 0, 0]
    Size: [193, 229, 193]
  RequestedRegion: 
    Dimension: 3
    Index: [0, 0, 0]
    Size: [193, 229, 193]
  Spacing: [1, 1, 1]
  Origin: [96, 132, -78]
  Direction: 
-1 0 0
0 -1 0
0 0 1

  IndexToPointMatrix: 
-1 0 0
0 -1 0
0 0 1

  PointToIndexMatrix: 
-1 0 0
0 -1 0
0 0 1

  Inverse Direction: 
-1 0 0
0 -1 0
0 0 1

  PixelContainer: 
    ImportImageContainer (0x3463a20)
      RTTI typeinfo:   itk::ImportImageContainer<unsigned long, double>
      Reference Count: 1
      Modified Time: 1200
      Debug: Off
      Object Name: 
      Observers: 
        none
      Pointer: 0x148d22eb5010
      Container manages memory: true
      Size: 8530021
      Capacity: 8530021

     Moving image = Image (0x345ed70)
  RTTI typeinfo:   itk::Image<double, 3u>
  Reference Count: 2
  Modified Time: 1595
  Debug: Off
  Object Name: 
  Observers: 
    none
  Source: (none)
  Source output name: (none)
  Release Data: Off
  Data Released: False
  Global Release Data: Off
  PipelineMTime: 0
  UpdateMTime: 1592
  RealTimeStamp: 0 seconds 
  LargestPossibleRegion: 
    Dimension: 3
    Index: [0, 0, 0]
    Size: [160, 240, 256]
  BufferedRegion: 
    Dimension: 3
    Index: [0, 0, 0]
    Size: [160, 240, 256]
  RequestedRegion: 
    Dimension: 3
    Index: [0, 0, 0]
    Size: [160, 240, 256]
  Spacing: [0.999999, 1, 1]
  Origin: [84.1637, 106.709, -120.531]
  Direction: 
-0.999619 -0.0226874 -0.0157033
0.0226846 -0.999743 0.00035635
-0.0157073 -7.8229e-09 0.999877

  IndexToPointMatrix: 
-0.999619 -0.0226874 -0.0157033
0.0226845 -0.999743 0.00035635
-0.0157073 -7.8229e-09 0.999877

  PointToIndexMatrix: 
-0.99962 0.0226846 -0.0157073
-0.0226874 -0.999743 -7.83127e-09
-0.0157033 0.00035635 0.999877

  Inverse Direction: 
-0.999619 0.0226846 -0.0157073
-0.0226874 -0.999743 -7.83127e-09
-0.0157033 0.00035635 0.999877

  PixelContainer: 
    ImportImageContainer (0x3416c90)
      RTTI typeinfo:   itk::ImportImageContainer<unsigned long, double>
      Reference Count: 1
      Modified Time: 1589
      Debug: Off
      Object Name: 
      Observers: 
        none
      Pointer: 0x148d1e3b4010
      Container manages memory: true
      Size: 9830400
      Capacity: 9830400

     Weighting = 1
     Sampling strategy = regular
     Number of bins = 32
     Radius = 4
     Sampling percentage  = 0.25
   Transform = Affine
     Gradient step = 0.1
     Update field sigma (voxel space) = 0
     Total field sigma (voxel space) = 0
     Update field time sigma = 0
     Total field time sigma  = 0
     Number of time indices = 0
     Number of time point samples = 0
Registration using 1 total stages.

Stage 0
  iterations = 1000x500x250x100
  convergence threshold = 1e-06
  convergence window size = 10
  number of levels = 4
  using the Mattes MI metric (number of bins = 32, weight = 1, use gradient filter = 0)
  preprocessing:  winsorizing the image intensities
  Shrink factors (level 1 out of 4): [8, 8, 8]
  Shrink factors (level 2 out of 4): [4, 4, 4]
  Shrink factors (level 3 out of 4): [2, 2, 2]
  Shrink factors (level 4 out of 4): [1, 1, 1]
  smoothing sigmas per level: [3, 2, 1, 0]
  regular sampling (percentage = 0.25)

*** Running AffineTransform registration ***

DIAGNOSTIC,Iteration,metricValue,convergenceValue,ITERATION_TIME_INDEX,SINCE_LAST
 2DIAGNOSTIC,     1, -5.239750080380e-01, 1.797693134862e+308, 8.0976e-01, 8.0976e-01, 
 2DIAGNOSTIC,     2, -5.258640010974e-01, 1.797693134862e+308, 8.1426e-01, 4.4959e-03, 
 2DIAGNOSTIC,     3, -5.291088178251e-01, 1.797693134862e+308, 8.1863e-01, 4.3719e-03, 
 2DIAGNOSTIC,     4, -5.347710738670e-01, 1.797693134862e+308, 8.2277e-01, 4.1440e-03, 
 2DIAGNOSTIC,     5, -5.449383434894e-01, 1.797693134862e+308, 8.2723e-01, 4.4532e-03, 
 2DIAGNOSTIC,     6, -6.215305904040e-01, 1.797693134862e+308, 8.3184e-01, 4.6129e-03, 
 2DIAGNOSTIC,     7, -6.633610679446e-01, 1.797693134862e+308, 8.3649e-01, 4.6470e-03, 
 2DIAGNOSTIC,     8, -7.298997238053e-01, 1.797693134862e+308, 8.4289e-01, 6.3980e-03, 
 2DIAGNOSTIC,     9, -7.422520578575e-01, 1.797693134862e+308, 8.4756e-01, 4.6780e-03, 
 2DIAGNOSTIC,    10, -7.541337852605e-01, 2.915589906073e-02, 8.5251e-01, 4.9498e-03, 
 2DIAGNOSTIC,    11, -7.649021557132e-01, 2.764846839189e-02, 8.5805e-01, 5.5339e-03, 
 2DIAGNOSTIC,    12, -7.741613137296e-01, 2.434790565011e-02, 8.6473e-01, 6.6860e-03, 
 2DIAGNOSTIC,    13, -7.770749504501e-01, 1.968341145246e-02, 8.7023e-01, 5.5001e-03, 
 2DIAGNOSTIC,    14, -7.814240299997e-01, 1.436951026022e-02, 8.7519e-01, 4.9560e-03, 
 2DIAGNOSTIC,    15, -7.874240639752e-01, 9.014356241262e-03, 8.8123e-01, 6.0449e-03, 
 2DIAGNOSTIC,    16, -7.920940566590e-01, 5.733376046275e-03, 8.8617e-01, 4.9388e-03, 
 2DIAGNOSTIC,    17, -7.957348492745e-01, 3.442742491988e-03, 8.9137e-01, 5.1990e-03, 
 2DIAGNOSTIC,    18, -8.010582554746e-01, 2.769040071988e-03, 8.9758e-01, 6.2110e-03, 
 2DIAGNOSTIC,    19, -8.020627130382e-01, 2.204718841863e-03, 9.0314e-01, 5.5599e-03, 
 2DIAGNOSTIC,    20, -8.025890846762e-01, 1.748796810254e-03, 9.0813e-01, 4.9911e-03, 
 2DIAGNOSTIC,    21, -8.047955541420e-01, 1.424949998548e-03, 9.1365e-01, 5.5120e-03, 
 2DIAGNOSTIC,    22, -8.088028187446e-01, 1.241497097206e-03, 9.2023e-01, 6.5839e-03, 
 2DIAGNOSTIC,    23, -8.108244777160e-01, 1.042959650814e-03, 9.2520e-01, 4.9739e-03, 
 2DIAGNOSTIC,    24, -8.126174594024e-01, 8.657394944133e-04, 9.3023e-01, 5.0302e-03, 
 2DIAGNOSTIC,    25, -8.155465765916e-01, 7.640137327116e-04, 9.3582e-01, 5.5830e-03, 
 2DIAGNOSTIC,    26, -8.215068938246e-01, 7.575422526475e-04, 9.4079e-01, 4.9720e-03, 
 2DIAGNOSTIC,    27, -8.250969982679e-01, 7.800385318217e-04, 9.4641e-01, 5.6210e-03, 
 2DIAGNOSTIC,    28, -8.289082654156e-01, 8.532970691019e-04, 9.5257e-01, 6.1600e-03, 
 2DIAGNOSTIC,    29, -8.295860855332e-01, 8.638656862626e-04, 9.5761e-01, 5.0428e-03, 
 2DIAGNOSTIC,    30, -8.372794274777e-01, 8.974749122221e-04, 9.6318e-01, 5.5640e-03, 
 2DIAGNOSTIC,    31, -8.403348821020e-01, 9.046902506482e-04, 9.7086e-01, 7.6821e-03, 
 2DIAGNOSTIC,    32, -8.402208154357e-01, 8.715510196007e-04, 9.7634e-01, 5.4791e-03, 
 2DIAGNOSTIC,    33, -8.408494817178e-01, 7.907118960388e-04, 9.8232e-01, 5.9788e-03, 
 2DIAGNOSTIC,    34, -8.411950460169e-01, 6.644535106965e-04, 9.8721e-01, 4.8940e-03, 
 2DIAGNOSTIC,    35, -8.414352354266e-01, 5.151591357093e-04, 9.9263e-01, 5.4178e-03, 
 2DIAGNOSTIC,    36, -8.415413068573e-01, 3.882766421563e-04, 9.9769e-01, 5.0659e-03, 
 2DIAGNOSTIC,    37, -8.415835256928e-01, 2.691145279044e-04, 1.0026e+00, 4.9140e-03, 
 2DIAGNOSTIC,    38, -8.417528080178e-01, 1.715889203777e-04, 1.0076e+00, 4.9419e-03, 
 2DIAGNOSTIC,    39, -8.419030056998e-01, 6.935943387119e-05, 1.0124e+00, 4.8862e-03, 
 2DIAGNOSTIC,    40, -8.420473898871e-01, 3.809725895921e-05, 1.0173e+00, 4.8809e-03, 
 2DIAGNOSTIC,    41, -8.423317724115e-01, 3.522499361838e-05, 1.0228e+00, 5.4798e-03, 
 2DIAGNOSTIC,    42, -8.424962011259e-01, 2.953248731044e-05, 1.0277e+00, 4.9088e-03, 
 2DIAGNOSTIC,    43, -8.423004022132e-01, 2.503357315818e-05, 1.0337e+00, 5.9838e-03, 
 2DIAGNOSTIC,    44, -8.422981380157e-01, 2.134381146790e-05, 1.0482e+00, 1.4463e-02, 
 2DIAGNOSTIC,    45, -8.422981245806e-01, 1.779967941700e-05, 1.0530e+00, 4.8730e-03, 
 2DIAGNOSTIC,    46, -8.422981277812e-01, 1.359341844466e-05, 1.0580e+00, 4.9350e-03, 
 2DIAGNOSTIC,    47, -8.422981331954e-01, 8.652234060359e-06, 1.0629e+00, 4.9150e-03, 
 2DIAGNOSTIC,    48, -8.422981423491e-01, 4.499336730013e-06, 1.0678e+00, 4.9031e-03, 
 2DIAGNOSTIC,    49, -8.422981578228e-01, 1.304445155764e-06, 1.0727e+00, 4.8821e-03, 
DIAGNOSTIC,Iteration,metricValue,convergenceValue,ITERATION_TIME_INDEX,SINCE_LAST
 2DIAGNOSTIC,     1, -6.880687401506e-01, 1.797693134862e+308, 1.8124e+00, 7.3976e-01, 
 2DIAGNOSTIC,     2, -6.886938718461e-01, 1.797693134862e+308, 1.8538e+00, 4.1352e-02, 
 2DIAGNOSTIC,     3, -6.892109701922e-01, 1.797693134862e+308, 1.8870e+00, 3.3187e-02, 
 2DIAGNOSTIC,     4, -6.897132695640e-01, 1.797693134862e+308, 1.9236e+00, 3.6623e-02, 
 2DIAGNOSTIC,     5, -6.905631557397e-01, 1.797693134862e+308, 1.9578e+00, 3.4206e-02, 
 2DIAGNOSTIC,     6, -6.916107181861e-01, 1.797693134862e+308, 1.9988e+00, 4.0973e-02, 
 2DIAGNOSTIC,     7, -6.932346776396e-01, 1.797693134862e+308, 2.0586e+00, 5.9858e-02, 
 2DIAGNOSTIC,     8, -6.932390838808e-01, 1.797693134862e+308, 2.0917e+00, 3.3096e-02, 
 2DIAGNOSTIC,     9, -6.932740170264e-01, 1.797693134862e+308, 2.1242e+00, 3.2508e-02, 
 2DIAGNOSTIC,    10, -6.933214435280e-01, 5.747789267621e-04, 2.1614e+00, 3.7125e-02, 
 2DIAGNOSTIC,    11, -6.933558888296e-01, 4.615090850683e-04, 2.2014e+00, 4.0022e-02, 
 2DIAGNOSTIC,    12, -6.933719850373e-01, 3.471272528006e-04, 2.2453e+00, 4.3961e-02, 
 2DIAGNOSTIC,    13, -6.934066821527e-01, 2.369650237589e-04, 2.2831e+00, 3.7729e-02, 
 2DIAGNOSTIC,    14, -6.934364675125e-01, 1.372989694401e-04, 2.3195e+00, 3.6481e-02, 
 2DIAGNOSTIC,    15, -6.935497806204e-01, 6.468633806490e-05, 2.3621e+00, 4.2521e-02, 
 2DIAGNOSTIC,    16, -6.936288961362e-01, 2.309657651133e-05, 2.3988e+00, 3.6772e-02, 
 2DIAGNOSTIC,    17, -6.936164376030e-01, 2.339963100979e-05, 2.4316e+00, 3.2760e-02, 
 2DIAGNOSTIC,    18, -6.936227899521e-01, 2.198385858220e-05, 2.4667e+00, 3.5114e-02, 
 2DIAGNOSTIC,    19, -6.936073048219e-01, 1.924788295455e-05, 2.4998e+00, 3.3123e-02, 
 2DIAGNOSTIC,    20, -6.936064472952e-01, 1.606352943648e-05, 2.5373e+00, 3.7461e-02, 
 2DIAGNOSTIC,    21, -6.936300389264e-01, 1.294355305503e-05, 2.5786e+00, 4.1267e-02, 
 2DIAGNOSTIC,    22, -6.935985518070e-01, 8.756896288903e-06, 2.6351e+00, 5.6507e-02, 
 2DIAGNOSTIC,    23, -6.935870077003e-01, 4.717323303170e-06, 2.6754e+00, 4.0296e-02, 
DIAGNOSTIC,Iteration,metricValue,convergenceValue,ITERATION_TIME_INDEX,SINCE_LAST
 2DIAGNOSTIC,     1, -5.884646030996e-01, 1.797693134862e+308, 3.7411e+00, 1.0658e+00, 
 2DIAGNOSTIC,     2, -5.891093076179e-01, 1.797693134862e+308, 3.9939e+00, 2.5275e-01, 
 2DIAGNOSTIC,     3, -5.898416114863e-01, 1.797693134862e+308, 4.2533e+00, 2.5939e-01, 
 2DIAGNOSTIC,     4, -5.906780478079e-01, 1.797693134862e+308, 4.5100e+00, 2.5674e-01, 
 2DIAGNOSTIC,     5, -5.918191631132e-01, 1.797693134862e+308, 4.8172e+00, 3.0721e-01, 
 2DIAGNOSTIC,     6, -5.938124958365e-01, 1.797693134862e+308, 5.2024e+00, 3.8516e-01, 
 2DIAGNOSTIC,     7, -5.938194283129e-01, 1.797693134862e+308, 5.5957e+00, 3.9327e-01, 
 2DIAGNOSTIC,     8, -5.938100067541e-01, 1.797693134862e+308, 5.9427e+00, 3.4706e-01, 
 2DIAGNOSTIC,     9, -5.938025384000e-01, 1.797693134862e+308, 6.2364e+00, 2.9369e-01, 
 2DIAGNOSTIC,    10, -5.937962465954e-01, 6.760870919225e-04, 6.5584e+00, 3.2201e-01, 
 2DIAGNOSTIC,    11, -5.937942917635e-01, 4.944477477434e-04, 6.8735e+00, 3.1505e-01, 
 2DIAGNOSTIC,    12, -5.937951866162e-01, 3.249174685688e-04, 7.2298e+00, 3.5629e-01, 
 2DIAGNOSTIC,    13, -5.937929233013e-01, 1.802097806456e-04, 7.5495e+00, 3.1972e-01, 
 2DIAGNOSTIC,    14, -5.937924710422e-01, 6.843948054654e-05, 7.8290e+00, 2.7955e-01, 
DIAGNOSTIC,Iteration,metricValue,convergenceValue,ITERATION_TIME_INDEX,SINCE_LAST
 2DIAGNOSTIC,     1, -5.278542728361e-01, 1.797693134862e+308, 1.0810e+01, 2.9811e+00, 
 2DIAGNOSTIC,     2, -5.279340662618e-01, 1.797693134862e+308, 1.3770e+01, 2.9599e+00, 
 2DIAGNOSTIC,     3, -5.279357973059e-01, 1.797693134862e+308, 1.6395e+01, 2.6249e+00, 
 2DIAGNOSTIC,     4, -5.279356535270e-01, 1.797693134862e+308, 1.8773e+01, 2.3776e+00, 
 2DIAGNOSTIC,     5, -5.279360449347e-01, 1.797693134862e+308, 2.0971e+01, 2.1987e+00, 
