
##########################
# Experiment information #
##########################

EXPERIMENT_NAME: antsRegistration-r7-p11
VFC_BACKENDS: libinterflop_vprec.so --range-binary32=7 --precision-binary32=11 --range-binary64=7 --precision-binary64=11

SIF_IMG: /home/mdugre/projects/rrg-glatard/mdugre/containers/ants-vprec-no_metrics.simg

SUBJECT_ID: s033
INPUT_IMG: /home/mdugre/scratch/mri-registration-rp/datasets/ds004513/derivatives/mri-registration-rp/antsBrainExtraction/sub-s033/BrainExtractionBrain.nii.gz
OUTPUT_DIR: /home/mdugre/scratch/mri-registration-rp/datasets/ds004513/derivatives/mri-registration-rp/0001/antsRegistration-r7-p11/sub-s033

FIXED_IMG: /templateflow/tpl-MNI152NLin2009cAsym/tpl-MNI152NLin2009cAsym_res-01_desc-brain_T1w.nii.gz
DATA_DIR: /home/mdugre/scratch/mri-registration-rp/datasets/ds004513
TEMPLATEFLOW_DIR: /home/mdugre/projects/rrg-glatard/mdugre/templateflow
ITK_GLOBAL_DEFAULT_NUMBER_OF_THREADS: 16
##########################

Info [verificarlo]: loaded backend libinterflop_ieee.so
Info [interflop-ieee]: load backend with:
Info [interflop-ieee]: debug = false
Info [interflop-ieee]: debug-binary = false
Info [interflop-ieee]: no-backend-name = false
Info [interflop-ieee]: print-new-line = false
Info [interflop-ieee]: print-subnormal-normalized = false
Info [interflop-ieee]: count-op = false
All_Command_lines_OK
Using double precision for computations.
=============================================================================
The composite transform comprises the following transforms (in order): 
  1. Center of mass alignment using fixed image: /templateflow/tpl-MNI152NLin2009cAsym/tpl-MNI152NLin2009cAsym_res-01_desc-brain_T1w.nii.gz and moving image: /home/mdugre/scratch/mri-registration-rp/datasets/ds004513/derivatives/mri-registration-rp/antsBrainExtraction/sub-s033/BrainExtractionBrain.nii.gz (type = Euler3DTransform)
=============================================================================
  number of levels = 1
  fixed image: /templateflow/tpl-MNI152NLin2009cAsym/tpl-MNI152NLin2009cAsym_res-01_desc-brain_T1w.nii.gz
  moving image: /home/mdugre/scratch/mri-registration-rp/datasets/ds004513/derivatives/mri-registration-rp/antsBrainExtraction/sub-s033/BrainExtractionBrain.nii.gz
Dimension = 3
Number of stages = 1
Use histogram matching = false
Winsorize image intensities = true
  Lower quantile = 0.005
  Upper quantile = 0.995


Stage 1 State
   Image metric = MattesMI
     Fixed image = Image (0x35f7e70)
  RTTI typeinfo:   itk::Image<double, 3u>
  Reference Count: 2
  Modified Time: 2330
  Debug: Off
  Object Name: 
  Observers: 
    none
  Source: (none)
  Source output name: (none)
  Release Data: Off
  Data Released: False
  Global Release Data: Off
  PipelineMTime: 0
  UpdateMTime: 1941
  RealTimeStamp: 0 seconds 
  LargestPossibleRegion: 
    Dimension: 3
    Index: [0, 0, 0]
    Size: [193, 229, 193]
  BufferedRegion: 
    Dimension: 3
    Index: [0, 0, 0]
    Size: [193, 229, 193]
  RequestedRegion: 
    Dimension: 3
    Index: [0, 0, 0]
    Size: [193, 229, 193]
  Spacing: [1, 1, 1]
  Origin: [96, 132, -78]
  Direction: 
-1 0 0
0 -1 0
0 0 1

  IndexToPointMatrix: 
-1 0 0
0 -1 0
0 0 1

  PointToIndexMatrix: 
-1 0 0
0 -1 0
0 0 1

  Inverse Direction: 
-1 0 0
0 -1 0
0 0 1

  PixelContainer: 
    ImportImageContainer (0x3600c60)
      RTTI typeinfo:   itk::ImportImageContainer<unsigned long, double>
      Reference Count: 1
      Modified Time: 1938
      Debug: Off
      Object Name: 
      Observers: 
        none
      Pointer: 0x14b6e2169010
      Container manages memory: true
      Size: 8530021
      Capacity: 8530021

     Moving image = Image (0x35fa540)
  RTTI typeinfo:   itk::Image<double, 3u>
  Reference Count: 2
  Modified Time: 2331
  Debug: Off
  Object Name: 
  Observers: 
    none
  Source: (none)
  Source output name: (none)
  Release Data: Off
  Data Released: False
  Global Release Data: Off
  PipelineMTime: 0
  UpdateMTime: 2328
  RealTimeStamp: 0 seconds 
  LargestPossibleRegion: 
    Dimension: 3
    Index: [0, 0, 0]
    Size: [160, 240, 256]
  BufferedRegion: 
    Dimension: 3
    Index: [0, 0, 0]
    Size: [160, 240, 256]
  RequestedRegion: 
    Dimension: 3
    Index: [0, 0, 0]
    Size: [160, 240, 256]
  Spacing: [1, 1, 1]
  Origin: [91.5134, 94.282, -109.927]
  Direction: 
-0.99591 -0.0698718 -0.0572835
0.0697565 -0.997556 0.00401236
-0.0574239 5.01125e-08 0.99835

  IndexToPointMatrix: 
-0.99591 -0.0698718 -0.0572835
0.0697565 -0.997556 0.00401236
-0.0574239 5.01125e-08 0.99835

  PointToIndexMatrix: 
-0.99591 0.0697565 -0.0574239
-0.0698718 -0.997556 5.01483e-08
-0.0572835 0.00401236 0.99835

  Inverse Direction: 
-0.99591 0.0697565 -0.0574239
-0.0698718 -0.997556 5.01483e-08
-0.0572835 0.00401236 0.99835

  PixelContainer: 
    ImportImageContainer (0x370c610)
      RTTI typeinfo:   itk::ImportImageContainer<unsigned long, double>
      Reference Count: 1
      Modified Time: 2325
      Debug: Off
      Object Name: 
      Observers: 
        none
      Pointer: 0x14b6dd668010
      Container manages memory: true
      Size: 9830400
      Capacity: 9830400

     Weighting = 1
     Sampling strategy = regular
     Number of bins = 32
     Radius = 4
     Sampling percentage  = 0.25
   Transform = Rigid
     Gradient step = 0.1
     Update field sigma (voxel space) = 0
     Total field sigma (voxel space) = 0
     Update field time sigma = 0
     Total field time sigma  = 0
     Number of time indices = 0
     Number of time point samples = 0
Registration using 1 total stages.

Stage 0
  iterations = 0
  convergence threshold = 1e-06
  convergence window size = 10
  number of levels = 1
  using the Mattes MI metric (number of bins = 32, weight = 1, use gradient filter = 0)
  preprocessing:  winsorizing the image intensities
  Shrink factors (level 1 out of 1): [1, 1, 1]
  smoothing sigmas per level: [0]
  regular sampling (percentage = 0.25)

*** Running Euler3DTransform registration ***

  Elapsed time (stage 0): 1.09238


Total elapsed time: 1.09456
Info [verificarlo]: loaded backend libinterflop_ieee.so
Info [interflop-ieee]: load backend with:
Info [interflop-ieee]: debug = false
Info [interflop-ieee]: debug-binary = false
Info [interflop-ieee]: no-backend-name = false
Info [interflop-ieee]: print-new-line = false
Info [interflop-ieee]: print-subnormal-normalized = false
Info [interflop-ieee]: count-op = false
All_Command_lines_OK
Using double precision for computations.
=============================================================================
The composite transform comprises the following transforms (in order): 
  1. /home/mdugre/scratch/mri-registration-rp/datasets/ds004513/derivatives/mri-registration-rp/0001/antsRegistration-r7-p11/sub-s033/align_Composite.h5[0] (type = Euler3DTransform)
  2. /home/mdugre/scratch/mri-registration-rp/datasets/ds004513/derivatives/mri-registration-rp/0001/antsRegistration-r7-p11/sub-s033/align_Composite.h5[1] (type = Euler3DTransform)
=============================================================================
  number of levels = 4
  fixed image: /templateflow/tpl-MNI152NLin2009cAsym/tpl-MNI152NLin2009cAsym_res-01_desc-brain_T1w.nii.gz
  moving image: /home/mdugre/scratch/mri-registration-rp/datasets/ds004513/derivatives/mri-registration-rp/antsBrainExtraction/sub-s033/BrainExtractionBrain.nii.gz
Dimension = 3
Number of stages = 1
Use histogram matching = false
Winsorize image intensities = true
  Lower quantile = 0.005
  Upper quantile = 0.995


Stage 1 State
   Image metric = MattesMI
     Fixed image = Image (0x4632530)
  RTTI typeinfo:   itk::Image<double, 3u>
  Reference Count: 2
  Modified Time: 1578
  Debug: Off
  Object Name: 
  Observers: 
    none
  Source: (none)
  Source output name: (none)
  Release Data: Off
  Data Released: False
  Global Release Data: Off
  PipelineMTime: 0
  UpdateMTime: 1189
  RealTimeStamp: 0 seconds 
  LargestPossibleRegion: 
    Dimension: 3
    Index: [0, 0, 0]
    Size: [193, 229, 193]
  BufferedRegion: 
    Dimension: 3
    Index: [0, 0, 0]
    Size: [193, 229, 193]
  RequestedRegion: 
    Dimension: 3
    Index: [0, 0, 0]
    Size: [193, 229, 193]
  Spacing: [1, 1, 1]
  Origin: [96, 132, -78]
  Direction: 
-1 0 0
0 -1 0
0 0 1

  IndexToPointMatrix: 
-1 0 0
0 -1 0
0 0 1

  PointToIndexMatrix: 
-1 0 0
0 -1 0
0 0 1

  Inverse Direction: 
-1 0 0
0 -1 0
0 0 1

  PixelContainer: 
    ImportImageContainer (0x46f0d60)
      RTTI typeinfo:   itk::ImportImageContainer<unsigned long, double>
      Reference Count: 1
      Modified Time: 1186
      Debug: Off
      Object Name: 
      Observers: 
        none
      Pointer: 0x15513a5e0010
      Container manages memory: true
      Size: 8530021
      Capacity: 8530021

     Moving image = Image (0x46e2f60)
  RTTI typeinfo:   itk::Image<double, 3u>
  Reference Count: 2
  Modified Time: 1579
  Debug: Off
  Object Name: 
  Observers: 
    none
  Source: (none)
  Source output name: (none)
  Release Data: Off
  Data Released: False
  Global Release Data: Off
  PipelineMTime: 0
  UpdateMTime: 1576
  RealTimeStamp: 0 seconds 
  LargestPossibleRegion: 
    Dimension: 3
    Index: [0, 0, 0]
    Size: [160, 240, 256]
  BufferedRegion: 
    Dimension: 3
    Index: [0, 0, 0]
    Size: [160, 240, 256]
  RequestedRegion: 
    Dimension: 3
    Index: [0, 0, 0]
    Size: [160, 240, 256]
  Spacing: [1, 1, 1]
  Origin: [91.5134, 94.282, -109.927]
  Direction: 
-0.99591 -0.0698718 -0.0572835
0.0697565 -0.997556 0.00401236
-0.0574239 5.01125e-08 0.99835

  IndexToPointMatrix: 
-0.99591 -0.0698718 -0.0572835
0.0697565 -0.997556 0.00401236
-0.0574239 5.01125e-08 0.99835

  PointToIndexMatrix: 
-0.99591 0.0697565 -0.0574239
-0.0698718 -0.997556 5.01483e-08
-0.0572835 0.00401236 0.99835

  Inverse Direction: 
-0.99591 0.0697565 -0.0574239
-0.0698718 -0.997556 5.01483e-08
-0.0572835 0.00401236 0.99835

  PixelContainer: 
    ImportImageContainer (0x46d46d0)
      RTTI typeinfo:   itk::ImportImageContainer<unsigned long, double>
      Reference Count: 1
      Modified Time: 1573
      Debug: Off
      Object Name: 
      Observers: 
        none
      Pointer: 0x155135adf010
      Container manages memory: true
      Size: 9830400
      Capacity: 9830400

     Weighting = 1
     Sampling strategy = regular
     Number of bins = 32
     Radius = 4
     Sampling percentage  = 0.25
   Transform = Rigid
     Gradient step = 0.1
     Update field sigma (voxel space) = 0
     Total field sigma (voxel space) = 0
     Update field time sigma = 0
     Total field time sigma  = 0
     Number of time indices = 0
     Number of time point samples = 0
Registration using 1 total stages.

Stage 0
  iterations = 1000x500x250x100
  convergence threshold = 1e-06
  convergence window size = 10
  number of levels = 4
  using the Mattes MI metric (number of bins = 32, weight = 1, use gradient filter = 0)
  preprocessing:  winsorizing the image intensities
  Shrink factors (level 1 out of 4): [8, 8, 8]
  Shrink factors (level 2 out of 4): [4, 4, 4]
  Shrink factors (level 3 out of 4): [2, 2, 2]
  Shrink factors (level 4 out of 4): [1, 1, 1]
  smoothing sigmas per level: [3, 2, 1, 0]
  regular sampling (percentage = 0.25)

*** Running Euler3DTransform registration ***

DIAGNOSTIC,Iteration,metricValue,convergenceValue,ITERATION_TIME_INDEX,SINCE_LAST
 2DIAGNOSTIC,     1, -4.945365495269e-01, 1.797693134862e+308, 6.7230e-01, 6.7230e-01, 
 2DIAGNOSTIC,     2, -4.961551199262e-01, 1.797693134862e+308, 6.7634e-01, 4.0369e-03, 
 2DIAGNOSTIC,     3, -4.991207097076e-01, 1.797693134862e+308, 6.8061e-01, 4.2779e-03, 
 2DIAGNOSTIC,     4, -5.030359852117e-01, 1.797693134862e+308, 6.8492e-01, 4.3099e-03, 
 2DIAGNOSTIC,     5, -5.059125054655e-01, 1.797693134862e+308, 6.9030e-01, 5.3780e-03, 
 2DIAGNOSTIC,     6, -5.092815596254e-01, 1.797693134862e+308, 6.9469e-01, 4.3910e-03, 
 2DIAGNOSTIC,     7, -5.205915484568e-01, 1.797693134862e+308, 7.0040e-01, 5.7070e-03, 
 2DIAGNOSTIC,     8, -5.236677933913e-01, 1.797693134862e+308, 7.0508e-01, 4.6761e-03, 
 2DIAGNOSTIC,     9, -5.261653611514e-01, 1.797693134862e+308, 7.0940e-01, 4.3240e-03, 
 2DIAGNOSTIC,    10, -5.313843279548e-01, 4.956236851461e-03, 7.1384e-01, 4.4389e-03, 
 2DIAGNOSTIC,    11, -5.461121550605e-01, 5.255951709877e-03, 7.1962e-01, 5.7828e-03, 
 2DIAGNOSTIC,    12, -5.563506773259e-01, 5.544499219497e-03, 7.2401e-01, 4.3869e-03, 
 2DIAGNOSTIC,    13, -6.011783753086e-01, 7.240286203959e-03, 7.3023e-01, 6.2199e-03, 
 2DIAGNOSTIC,    14, -6.166052825025e-01, 8.701253899176e-03, 7.3453e-01, 4.3011e-03, 
 2DIAGNOSTIC,    15, -6.211428291648e-01, 9.416357351021e-03, 7.3896e-01, 4.4279e-03, 
 2DIAGNOSTIC,    16, -6.235432151685e-01, 9.368281935771e-03, 7.4441e-01, 5.4522e-03, 
 2DIAGNOSTIC,    17, -6.347577461913e-01, 9.145335029528e-03, 7.5043e-01, 6.0222e-03, 
 2DIAGNOSTIC,    18, -6.413138476773e-01, 8.359392953956e-03, 7.5550e-01, 5.0721e-03, 
 2DIAGNOSTIC,    19, -6.420802714014e-01, 6.980623462087e-03, 7.6068e-01, 5.1799e-03, 
 2DIAGNOSTIC,    20, -6.425493370389e-01, 5.272872589092e-03, 7.6606e-01, 5.3749e-03, 
 2DIAGNOSTIC,    21, -6.431795004512e-01, 3.641466671654e-03, 7.7113e-01, 5.0731e-03, 
 2DIAGNOSTIC,    22, -6.434078410100e-01, 2.049113987561e-03, 7.7527e-01, 4.1401e-03, 
 2DIAGNOSTIC,    23, -6.435083889862e-01, 1.381096893801e-03, 7.8003e-01, 4.7541e-03, 
 2DIAGNOSTIC,    24, -6.436807757141e-01, 9.688116319653e-04, 7.8555e-01, 5.5258e-03, 
 2DIAGNOSTIC,    25, -6.439989398086e-01, 6.014653757102e-04, 7.9148e-01, 5.9299e-03, 
 2DIAGNOSTIC,    26, -6.448361539114e-01, 2.655196760030e-04, 7.9598e-01, 4.4990e-03, 
 2DIAGNOSTIC,    27, -6.460796035927e-01, 1.536865529455e-04, 8.0096e-01, 4.9751e-03, 
 2DIAGNOSTIC,    28, -6.463976195954e-01, 1.550353440646e-04, 8.0563e-01, 4.6771e-03, 
 2DIAGNOSTIC,    29, -6.463935457944e-01, 1.547432187760e-04, 8.0984e-01, 4.2071e-03, 
 2DIAGNOSTIC,    30, -6.464392298132e-01, 1.482978510426e-04, 8.1452e-01, 4.6780e-03, 
 2DIAGNOSTIC,    31, -6.463723508624e-01, 1.368671492423e-04, 8.1863e-01, 4.1151e-03, 
 2DIAGNOSTIC,    32, -6.464254416111e-01, 1.173265671024e-04, 8.2392e-01, 5.2891e-03, 
 2DIAGNOSTIC,    33, -6.464354984465e-01, 8.969328312478e-05, 8.3699e-01, 1.3065e-02, 
 2DIAGNOSTIC,    34, -6.464354984136e-01, 5.811487506089e-05, 8.4975e-01, 1.2764e-02, 
 2DIAGNOSTIC,    35, -6.464354984136e-01, 2.735367927179e-05, 8.5571e-01, 5.9621e-03, 
 2DIAGNOSTIC,    36, -6.464354984136e-01, 6.561976430806e-06, 8.6021e-01, 4.4930e-03, 
 2DIAGNOSTIC,    37, -6.464354984136e-01, 2.244499820232e-06, 8.6516e-01, 4.9500e-03, 
 2DIAGNOSTIC,    38, -6.464354984136e-01, 1.990754636111e-06, 8.6969e-01, 4.5362e-03, 
 2DIAGNOSTIC,    39, -6.464354984136e-01, 1.582335744581e-06, 8.7421e-01, 4.5202e-03, 
 2DIAGNOSTIC,    40, -6.464354984136e-01, 1.698172826844e-06, 8.7830e-01, 4.0832e-03, 
DIAGNOSTIC,Iteration,metricValue,convergenceValue,ITERATION_TIME_INDEX,SINCE_LAST
 2DIAGNOSTIC,     1, -5.367244452481e-01, 1.797693134862e+308, 1.6343e+00, 7.5598e-01, 
 2DIAGNOSTIC,     2, -5.380313836305e-01, 1.797693134862e+308, 1.6631e+00, 2.8814e-02, 
 2DIAGNOSTIC,     3, -5.401731912007e-01, 1.797693134862e+308, 1.6903e+00, 2.7213e-02, 
 2DIAGNOSTIC,     4, -5.431881345480e-01, 1.797693134862e+308, 1.7173e+00, 2.7022e-02, 
 2DIAGNOSTIC,     5, -5.453557597136e-01, 1.797693134862e+308, 1.7440e+00, 2.6661e-02, 
 2DIAGNOSTIC,     6, -5.461088565601e-01, 1.797693134862e+308, 1.7720e+00, 2.8022e-02, 
 2DIAGNOSTIC,     7, -5.462086681306e-01, 1.797693134862e+308, 1.8033e+00, 3.1260e-02, 
 2DIAGNOSTIC,     8, -5.464869267863e-01, 1.797693134862e+308, 1.8369e+00, 3.3605e-02, 
 2DIAGNOSTIC,     9, -5.465850814635e-01, 1.797693134862e+308, 1.8729e+00, 3.6068e-02, 
 2DIAGNOSTIC,    10, -5.466464839253e-01, 1.224741201949e-03, 1.8993e+00, 2.6393e-02, 
 2DIAGNOSTIC,    11, -5.470487707698e-01, 8.391099563791e-04, 1.9347e+00, 3.5355e-02, 
 2DIAGNOSTIC,    12, -5.471506826485e-01, 5.042748115293e-04, 1.9688e+00, 3.4081e-02, 
 2DIAGNOSTIC,    13, -5.471747723763e-01, 2.608962737816e-04, 2.0154e+00, 4.6677e-02, 
 2DIAGNOSTIC,    14, -5.471893677609e-01, 1.401592608424e-04, 2.0481e+00, 3.2658e-02, 
 2DIAGNOSTIC,    15, -5.471839955693e-01, 9.761646246546e-05, 2.0825e+00, 3.4369e-02, 
 2DIAGNOSTIC,    16, -5.471599230118e-01, 7.527608866402e-05, 2.1187e+00, 3.6196e-02, 
 2DIAGNOSTIC,    17, -5.471662422142e-01, 5.183180258047e-05, 2.1468e+00, 2.8116e-02, 
 2DIAGNOSTIC,    18, -5.471747029885e-01, 3.478198136893e-05, 2.1852e+00, 3.8433e-02, 
 2DIAGNOSTIC,    19, -5.471813452710e-01, 1.945631617950e-05, 2.2210e+00, 3.5797e-02, 
 2DIAGNOSTIC,    20, -5.471662915434e-01, 4.969838487676e-06, 2.2488e+00, 2.7779e-02, 
 2DIAGNOSTIC,    21, -5.471844159703e-01, 1.951266213558e-06, 2.2876e+00, 3.8816e-02, 
 2DIAGNOSTIC,    22, -5.471946856250e-01, 1.794831167731e-06, 2.3161e+00, 2.8525e-02, 
 2DIAGNOSTIC,    23, -5.472309778265e-01, 2.955891945530e-06, 2.3468e+00, 3.0707e-02, 
 2DIAGNOSTIC,    24, -5.472460347859e-01, 4.500345860720e-06, 2.3809e+00, 3.4099e-02, 
 2DIAGNOSTIC,    25, -5.473225344733e-01, 7.130562031443e-06, 2.4091e+00, 2.8173e-02, 
 2DIAGNOSTIC,    26, -5.474469322969e-01, 1.098291066450e-05, 2.4359e+00, 2.6782e-02, 
 2DIAGNOSTIC,    27, -5.481013380417e-01, 2.630865681932e-05, 2.4669e+00, 3.1022e-02, 
 2DIAGNOSTIC,    28, -5.480678935475e-01, 3.738993133931e-05, 2.5072e+00, 4.0270e-02, 
 2DIAGNOSTIC,    29, -5.482084716604e-01, 4.712039871770e-05, 2.5444e+00, 3.7257e-02, 
 2DIAGNOSTIC,    30, -5.482082518990e-01, 5.166414580611e-05, 2.5775e+00, 3.3096e-02, 
 2DIAGNOSTIC,    31, -5.482014616168e-01, 5.125921381706e-05, 2.6075e+00, 2.9979e-02, 
 2DIAGNOSTIC,    32, -5.481815957327e-01, 4.582630684057e-05, 2.6376e+00, 3.0065e-02, 
 2DIAGNOSTIC,    33, -5.481718257522e-01, 3.689943091219e-05, 2.6660e+00, 2.8442e-02, 
 2DIAGNOSTIC,    34, -5.481825626781e-01, 2.560031589592e-05, 2.6934e+00, 2.7323e-02, 
 2DIAGNOSTIC,    35, -5.481838557736e-01, 1.379952350000e-05, 2.7228e+00, 2.9483e-02, 
 2DIAGNOSTIC,    36, -5.481854579961e-01, 3.009184101760e-06, 2.7503e+00, 2.7439e-02, 
 2DIAGNOSTIC,    37, -5.482631349724e-01, 2.936489798929e-06, 2.7807e+00, 3.0436e-02, 
 2DIAGNOSTIC,    38, -5.482856021600e-01, 2.436033189817e-06, 2.8117e+00, 3.0994e-02, 
 2DIAGNOSTIC,    39, -5.482706820697e-01, 3.481464691552e-06, 2.8433e+00, 3.1623e-02, 
 2DIAGNOSTIC,    40, -5.481987754907e-01, 3.305008524419e-06, 2.8745e+00, 3.1194e-02, 
 2DIAGNOSTIC,    41, -5.482804151984e-01, 3.879243001489e-06, 2.9065e+00, 3.1948e-02, 
 2DIAGNOSTIC,    42, -5.481859555830e-01, 2.660334732896e-06, 2.9404e+00, 3.3905e-02, 
 2DIAGNOSTIC,    43, -5.482756811011e-01, 2.302910605975e-06, 2.9796e+00, 3.9226e-02, 
 2DIAGNOSTIC,    44, -5.483025244113e-01, 2.248389303475e-06, 3.0121e+00, 3.2505e-02, 
 2DIAGNOSTIC,    45, -5.482811788346e-01, 1.830457276975e-06, 3.0454e+00, 3.3320e-02, 
 2DIAGNOSTIC,    46, -5.482645577084e-01, 1.147472234456e-06, 3.0780e+00, 3.2575e-02, 
 2DIAGNOSTIC,    47, -5.482548593041e-01, 1.197464926616e-06, 3.1742e+00, 9.6205e-02, 
 2DIAGNOSTIC,    48, -5.482548593029e-01, 1.432009349593e-06, 3.2579e+00, 8.3709e-02, 
 2DIAGNOSTIC,    49, -5.482548593029e-01, 1.429511386118e-06, 3.2917e+00, 3.3754e-02, 
DIAGNOSTIC,Iteration,metricValue,convergenceValue,ITERATION_TIME_INDEX,SINCE_LAST
 2DIAGNOSTIC,     1, -4.661873927658e-01, 1.797693134862e+308, 4.3566e+00, 1.0650e+00, 
 2DIAGNOSTIC,     2, -4.663634397408e-01, 1.797693134862e+308, 4.5706e+00, 2.1392e-01, 
 2DIAGNOSTIC,     3, -4.665065261093e-01, 1.797693134862e+308, 4.7922e+00, 2.2164e-01, 
 2DIAGNOSTIC,     4, -4.666272930609e-01, 1.797693134862e+308, 5.0152e+00, 2.2299e-01, 
 2DIAGNOSTIC,     5, -4.667166874957e-01, 1.797693134862e+308, 5.2398e+00, 2.2455e-01, 
 2DIAGNOSTIC,     6, -4.668667228898e-01, 1.797693134862e+308, 5.4483e+00, 2.0855e-01, 
 2DIAGNOSTIC,     7, -4.669697646734e-01, 1.797693134862e+308, 5.7022e+00, 2.5393e-01, 
 2DIAGNOSTIC,     8, -4.670258350019e-01, 1.797693134862e+308, 5.9926e+00, 2.9040e-01, 
 2DIAGNOSTIC,     9, -4.670791314035e-01, 1.797693134862e+308, 6.2053e+00, 2.1264e-01, 
 2DIAGNOSTIC,    10, -4.671177519339e-01, 1.313508565149e-04, 6.4388e+00, 2.3354e-01, 
 2DIAGNOSTIC,    11, -4.671984779643e-01, 1.051590471323e-04, 6.6498e+00, 2.1097e-01, 
 2DIAGNOSTIC,    12, -4.674361304576e-01, 9.491445436653e-05, 6.9749e+00, 3.2508e-01, 
 2DIAGNOSTIC,    13, -4.675162723135e-01, 8.805760249751e-05, 7.1850e+00, 2.1010e-01, 
 2DIAGNOSTIC,    14, -4.675732984536e-01, 8.220326648503e-05, 7.4938e+00, 3.0887e-01, 
 2DIAGNOSTIC,    15, -4.675740519976e-01, 7.348797090659e-05, 7.8059e+00, 3.1203e-01, 
 2DIAGNOSTIC,    16, -4.675763025716e-01, 6.504178970652e-05, 8.1792e+00, 3.7329e-01, 
 2DIAGNOSTIC,    17, -4.675763989159e-01, 5.533219263079e-05, 8.3985e+00, 2.1931e-01, 
 2DIAGNOSTIC,    18, -4.675746398328e-01, 4.352692342501e-05, 8.5941e+00, 1.9563e-01, 
 2DIAGNOSTIC,    19, -4.675729805542e-01, 3.083192092670e-05, 8.8360e+00, 2.4186e-01, 
 2DIAGNOSTIC,    20, -4.675713166663e-01, 1.787288739328e-05, 9.0396e+00, 2.0359e-01, 
 2DIAGNOSTIC,    21, -4.675679157058e-01, 6.728976850820e-06, 9.2388e+00, 1.9920e-01, 
 2DIAGNOSTIC,    22, -4.675676525706e-01, 2.633910884078e-06, 9.4541e+00, 2.1537e-01, 
DIAGNOSTIC,Iteration,metricValue,convergenceValue,ITERATION_TIME_INDEX,SINCE_LAST
 2DIAGNOSTIC,     1, -4.258650667708e-01, 1.797693134862e+308, 1.1913e+01, 2.4588e+00, 
 2DIAGNOSTIC,     2, -4.259686172491e-01, 1.797693134862e+308, 1.3343e+01, 1.4303e+00, 
 2DIAGNOSTIC,     3, -4.260095474500e-01, 1.797693134862e+308, 1.5178e+01, 1.8344e+00, 
 2DIAGNOSTIC,     4, -4.260079790493e-01, 1.797693134862e+308, 1.7534e+01, 2.3560e+00, 
 2DIAGNOSTIC,     5, -4.260082731352e-01, 1.797693134862e+308, 1.9097e+01, 1.5638e+00, 
 2DIAGNOSTIC,     6, -4.260081856474e-01, 1.797693134862e+308, 2.0717e+01, 1.6200e+00, 
 2DIAGNOSTIC,     7, -4.260082296573e-01, 1.797693134862e+308, 2.2189e+01, 1.4721e+00, 
 2DIAGNOSTIC,     8, -4.260082714199e-01, 1.797693134862e+308, 2.3711e+01, 1.5219e+00, 
 2DIAGNOSTIC,     9, -4.260078910198e-01, 1.797693134862e+308, 2.5291e+01, 1.5793e+00, 
 2DIAGNOSTIC,    10, -4.260080319863e-01, 1.495528181078e-05, 2.6780e+01, 1.4892e+00, 
 2DIAGNOSTIC,    11, -4.260076674473e-01, 5.176757596231e-06, 2.8334e+01, 1.5542e+00, 
 2DIAGNOSTIC,    12, -4.260078223541e-01, 2.523199676682e-06, 2.9807e+01, 1.4730e+00, 
 2DIAGNOSTIC,    13, -4.260075439094e-01, 2.377818431834e-06, 3.1499e+01, 1.6917e+00, 
 2DIAGNOSTIC,    14, -4.260073498745e-01, 2.175541646193e-06, 3.3016e+01, 1.5174e+00, 
 2DIAGNOSTIC,    15, -4.260072577755e-01, 2.018439114543e-06, 3.4478e+01, 1.4620e+00, 
 2DIAGNOSTIC,    16, -4.260070641158e-01, 1.878373947051e-06, 3.5814e+01, 1.3359e+00, 
 2DIAGNOSTIC,    17, -4.260070805822e-01, 1.767174118109e-06, 3.7138e+01, 1.3242e+00, 
 2DIAGNOSTIC,    18, -4.260077194172e-01, 1.703433551471e-06, 3.8879e+01, 1.7408e+00, 
 2DIAGNOSTIC,    19, -4.260078315112e-01, 1.642106529066e-06, 4.0449e+01, 1.5702e+00, 
 2DIAGNOSTIC,    20, -4.260078409496e-01, 1.595434548758e-06, 4.1871e+01, 1.4224e+00, 
 2DIAGNOSTIC,    21, -4.260077518594e-01, 1.538468709088e-06, 4.3519e+01, 1.6477e+00, 
 2DIAGNOSTIC,    22, -4.260076590179e-01, 1.486555443825e-06, 4.5109e+01, 1.5895e+00, 
 2DIAGNOSTIC,    23, -4.260075635631e-01, 1.424271572653e-06, 4.6556e+01, 1.4477e+00, 
 2DIAGNOSTIC,    24, -4.260074690873e-01, 1.355195546407e-06, 4.8038e+01, 1.4815e+00, 
 2DIAGNOSTIC,    25, -4.260071759067e-01, 1.278995962598e-06, 4.9487e+01, 1.4492e+00, 
 2DIAGNOSTIC,    26, -4.260073004176e-01, 1.206689828122e-06, 5.0978e+01, 1.4907e+00, 
 2DIAGNOSTIC,    27, -4.260078463485e-01, 1.154644069808e-06, 5.2465e+01, 1.4870e+00, 
 2DIAGNOSTIC,    28, -4.260075635226e-01, 1.116513814389e-06, 5.3880e+01, 1.4154e+00, 
 2DIAGNOSTIC,    29, -4.260077081511e-01, 1.089156074517e-06, 5.5438e+01, 1.5580e+00, 
 2DIAGNOSTIC,    30, -4.260078398303e-01, 1.067628345550e-06, 5.7184e+01, 1.7456e+00, 
 2DIAGNOSTIC,    31, -4.260076499508e-01, 1.040587453212e-06, 5.8782e+01, 1.5985e+00, 
 2DIAGNOSTIC,    32, -4.260073531487e-01, 1.005693966008e-06, 6.0249e+01, 1.4669e+00, 
  Elapsed time (stage 0): 6.1129e+01


Total elapsed time: 6.1131e+01
Info [verificarlo]: loaded backend libinterflop_ieee.so
Info [interflop-ieee]: load backend with:
Info [interflop-ieee]: debug = false
Info [interflop-ieee]: debug-binary = false
Info [interflop-ieee]: no-backend-name = false
Info [interflop-ieee]: print-new-line = false
Info [interflop-ieee]: print-subnormal-normalized = false
Info [interflop-ieee]: count-op = false
All_Command_lines_OK
Using double precision for computations.
=============================================================================
The composite transform comprises the following transforms (in order): 
  1. /home/mdugre/scratch/mri-registration-rp/datasets/ds004513/derivatives/mri-registration-rp/0001/antsRegistration-r7-p11/sub-s033/rigid_Composite.h5[0] (type = Euler3DTransform)
  2. /home/mdugre/scratch/mri-registration-rp/datasets/ds004513/derivatives/mri-registration-rp/0001/antsRegistration-r7-p11/sub-s033/rigid_Composite.h5[1] (type = Euler3DTransform)
  3. /home/mdugre/scratch/mri-registration-rp/datasets/ds004513/derivatives/mri-registration-rp/0001/antsRegistration-r7-p11/sub-s033/rigid_Composite.h5[2] (type = Euler3DTransform)
=============================================================================
  number of levels = 4
  fixed image: /templateflow/tpl-MNI152NLin2009cAsym/tpl-MNI152NLin2009cAsym_res-01_desc-brain_T1w.nii.gz
  moving image: /home/mdugre/scratch/mri-registration-rp/datasets/ds004513/derivatives/mri-registration-rp/antsBrainExtraction/sub-s033/BrainExtractionBrain.nii.gz
Dimension = 3
Number of stages = 1
Use histogram matching = false
Winsorize image intensities = true
  Lower quantile = 0.005
  Upper quantile = 0.995


Stage 1 State
   Image metric = MattesMI
     Fixed image = Image (0x4b0b7e0)
  RTTI typeinfo:   itk::Image<double, 3u>
  Reference Count: 2
  Modified Time: 1592
  Debug: Off
  Object Name: 
  Observers: 
    none
  Source: (none)
  Source output name: (none)
  Release Data: Off
  Data Released: False
  Global Release Data: Off
  PipelineMTime: 0
  UpdateMTime: 1203
  RealTimeStamp: 0 seconds 
  LargestPossibleRegion: 
    Dimension: 3
    Index: [0, 0, 0]
    Size: [193, 229, 193]
  BufferedRegion: 
    Dimension: 3
    Index: [0, 0, 0]
    Size: [193, 229, 193]
  RequestedRegion: 
    Dimension: 3
    Index: [0, 0, 0]
    Size: [193, 229, 193]
  Spacing: [1, 1, 1]
  Origin: [96, 132, -78]
  Direction: 
-1 0 0
0 -1 0
0 0 1

  IndexToPointMatrix: 
-1 0 0
0 -1 0
0 0 1

  PointToIndexMatrix: 
-1 0 0
0 -1 0
0 0 1

  Inverse Direction: 
-1 0 0
0 -1 0
0 0 1

  PixelContainer: 
    ImportImageContainer (0x4bcba20)
      RTTI typeinfo:   itk::ImportImageContainer<unsigned long, double>
      Reference Count: 1
      Modified Time: 1200
      Debug: Off
      Object Name: 
      Observers: 
        none
      Pointer: 0x155160cd8010
      Container manages memory: true
      Size: 8530021
      Capacity: 8530021

     Moving image = Image (0x4bc6d70)
  RTTI typeinfo:   itk::Image<double, 3u>
  Reference Count: 2
  Modified Time: 1593
  Debug: Off
  Object Name: 
  Observers: 
    none
  Source: (none)
  Source output name: (none)
  Release Data: Off
  Data Released: False
  Global Release Data: Off
  PipelineMTime: 0
  UpdateMTime: 1590
  RealTimeStamp: 0 seconds 
  LargestPossibleRegion: 
    Dimension: 3
    Index: [0, 0, 0]
    Size: [160, 240, 256]
  BufferedRegion: 
    Dimension: 3
    Index: [0, 0, 0]
    Size: [160, 240, 256]
  RequestedRegion: 
    Dimension: 3
    Index: [0, 0, 0]
    Size: [160, 240, 256]
  Spacing: [1, 1, 1]
  Origin: [91.5134, 94.282, -109.927]
  Direction: 
-0.99591 -0.0698718 -0.0572835
0.0697565 -0.997556 0.00401236
-0.0574239 5.01125e-08 0.99835

  IndexToPointMatrix: 
-0.99591 -0.0698718 -0.0572835
0.0697565 -0.997556 0.00401236
-0.0574239 5.01125e-08 0.99835

  PointToIndexMatrix: 
-0.99591 0.0697565 -0.0574239
-0.0698718 -0.997556 5.01483e-08
-0.0572835 0.00401236 0.99835

  Inverse Direction: 
-0.99591 0.0697565 -0.0574239
-0.0698718 -0.997556 5.01483e-08
-0.0572835 0.00401236 0.99835

  PixelContainer: 
    ImportImageContainer (0x4b7ec90)
      RTTI typeinfo:   itk::ImportImageContainer<unsigned long, double>
      Reference Count: 1
      Modified Time: 1587
      Debug: Off
      Object Name: 
      Observers: 
        none
      Pointer: 0x15515c1d7010
      Container manages memory: true
      Size: 9830400
      Capacity: 9830400

     Weighting = 1
     Sampling strategy = regular
     Number of bins = 32
     Radius = 4
     Sampling percentage  = 0.25
   Transform = Affine
     Gradient step = 0.1
     Update field sigma (voxel space) = 0
     Total field sigma (voxel space) = 0
     Update field time sigma = 0
     Total field time sigma  = 0
     Number of time indices = 0
     Number of time point samples = 0
Registration using 1 total stages.

Stage 0
  iterations = 1000x500x250x100
  convergence threshold = 1e-06
  convergence window size = 10
  number of levels = 4
  using the Mattes MI metric (number of bins = 32, weight = 1, use gradient filter = 0)
  preprocessing:  winsorizing the image intensities
  Shrink factors (level 1 out of 4): [8, 8, 8]
  Shrink factors (level 2 out of 4): [4, 4, 4]
  Shrink factors (level 3 out of 4): [2, 2, 2]
  Shrink factors (level 4 out of 4): [1, 1, 1]
  smoothing sigmas per level: [3, 2, 1, 0]
  regular sampling (percentage = 0.25)

*** Running AffineTransform registration ***

DIAGNOSTIC,Iteration,metricValue,convergenceValue,ITERATION_TIME_INDEX,SINCE_LAST
 2DIAGNOSTIC,     1, -6.382810415506e-01, 1.797693134862e+308, 7.6086e-01, 7.6086e-01, 
 2DIAGNOSTIC,     2, -6.407465201046e-01, 1.797693134862e+308, 7.6519e-01, 4.3349e-03, 
 2DIAGNOSTIC,     3, -6.451565151312e-01, 1.797693134862e+308, 7.6955e-01, 4.3550e-03, 
 2DIAGNOSTIC,     4, -6.521823837274e-01, 1.797693134862e+308, 7.7408e-01, 4.5280e-03, 
 2DIAGNOSTIC,     5, -6.630833063456e-01, 1.797693134862e+308, 7.7846e-01, 4.3790e-03, 
 2DIAGNOSTIC,     6, -6.815409256548e-01, 1.797693134862e+308, 7.8307e-01, 4.6122e-03, 
 2DIAGNOSTIC,     7, -7.249756494634e-01, 1.797693134862e+308, 7.8830e-01, 5.2299e-03, 
 2DIAGNOSTIC,     8, -8.402362321889e-01, 1.797693134862e+308, 7.9311e-01, 4.8139e-03, 
 2DIAGNOSTIC,     9, -8.669926871397e-01, 1.797693134862e+308, 8.0052e-01, 7.4108e-03, 
 2DIAGNOSTIC,    10, -8.690205075419e-01, 2.370889169650e-02, 8.0540e-01, 4.8790e-03, 
 2DIAGNOSTIC,    11, -8.788611492614e-01, 2.366230169330e-02, 8.1060e-01, 5.2011e-03, 
 2DIAGNOSTIC,    12, -8.887432265406e-01, 2.187467579630e-02, 8.1551e-01, 4.9119e-03, 
 2DIAGNOSTIC,    13, -8.929111165643e-01, 1.864007829283e-02, 8.2097e-01, 5.4600e-03, 
 2DIAGNOSTIC,    14, -8.986817631885e-01, 1.459628851171e-02, 8.2638e-01, 5.4090e-03, 
 2DIAGNOSTIC,    15, -9.051774131307e-01, 1.031723396755e-02, 8.3373e-01, 7.3459e-03, 
 2DIAGNOSTIC,    16, -9.052611578915e-01, 6.142690442402e-03, 8.3994e-01, 6.2120e-03, 
 2DIAGNOSTIC,    17, -9.054082184418e-01, 2.822300628934e-03, 8.4610e-01, 6.1619e-03, 
 2DIAGNOSTIC,    18, -9.052651242114e-01, 1.920499597437e-03, 8.5093e-01, 4.8232e-03, 
 2DIAGNOSTIC,    19, -9.053416229093e-01, 1.448680137349e-03, 8.5596e-01, 5.0321e-03, 
 2DIAGNOSTIC,    20, -9.056305355261e-01, 9.325315274458e-04, 8.6107e-01, 5.1119e-03, 
 2DIAGNOSTIC,    21, -9.057901519731e-01, 5.478786152266e-04, 8.6668e-01, 5.6078e-03, 
 2DIAGNOSTIC,    22, -9.059076982370e-01, 3.096600309269e-04, 8.7184e-01, 5.1589e-03, 
 2DIAGNOSTIC,    23, -9.059070602485e-01, 1.268960488554e-04, 8.7695e-01, 5.1091e-03, 
 2DIAGNOSTIC,    24, -9.060842675715e-01, 3.174872313787e-05, 8.8213e-01, 5.1880e-03, 
 2DIAGNOSTIC,    25, -9.061396880302e-01, 3.167515921431e-05, 8.8700e-01, 4.8690e-03, 
 2DIAGNOSTIC,    26, -9.063734645760e-01, 3.282723647939e-05, 8.9184e-01, 4.8401e-03, 
 2DIAGNOSTIC,    27, -9.065863071930e-01, 3.551491809570e-05, 8.9862e-01, 6.7818e-03, 
 2DIAGNOSTIC,    28, -9.066216615831e-01, 3.347544774467e-05, 9.0542e-01, 6.7940e-03, 
 2DIAGNOSTIC,    29, -9.061322608053e-01, 2.370956566951e-05, 9.1167e-01, 6.2549e-03, 
 2DIAGNOSTIC,    30, -9.059992817976e-01, 1.441063661053e-05, 9.1731e-01, 5.6348e-03, 
 2DIAGNOSTIC,    31, -9.057793070195e-01, 3.771581125744e-06, 9.2207e-01, 4.7588e-03, 
DIAGNOSTIC,Iteration,metricValue,convergenceValue,ITERATION_TIME_INDEX,SINCE_LAST
 2DIAGNOSTIC,     1, -7.439595776434e-01, 1.797693134862e+308, 1.6213e+00, 6.9922e-01, 
 2DIAGNOSTIC,     2, -7.448093490003e-01, 1.797693134862e+308, 1.6566e+00, 3.5330e-02, 
 2DIAGNOSTIC,     3, -7.457623041886e-01, 1.797693134862e+308, 1.6954e+00, 3.8813e-02, 
 2DIAGNOSTIC,     4, -7.465207840463e-01, 1.797693134862e+308, 1.7307e+00, 3.5224e-02, 
 2DIAGNOSTIC,     5, -7.471934193721e-01, 1.797693134862e+308, 1.7689e+00, 3.8238e-02, 
 2DIAGNOSTIC,     6, -7.483572324531e-01, 1.797693134862e+308, 1.8315e+00, 6.2626e-02, 
 2DIAGNOSTIC,     7, -7.483854100673e-01, 1.797693134862e+308, 1.8703e+00, 3.8740e-02, 
 2DIAGNOSTIC,     8, -7.483800025436e-01, 1.797693134862e+308, 1.9084e+00, 3.8136e-02, 
 2DIAGNOSTIC,     9, -7.483768473180e-01, 1.797693134862e+308, 1.9443e+00, 3.5876e-02, 
 2DIAGNOSTIC,    10, -7.483980525833e-01, 4.009846582005e-04, 1.9841e+00, 3.9865e-02, 
 2DIAGNOSTIC,    11, -7.484170550656e-01, 2.716629294895e-04, 2.0209e+00, 3.6742e-02, 
 2DIAGNOSTIC,    12, -7.484304196446e-01, 1.667978082536e-04, 2.0602e+00, 3.9308e-02, 
 2DIAGNOSTIC,    13, -7.484574871811e-01, 9.210111077397e-05, 2.0949e+00, 3.4744e-02, 
 2DIAGNOSTIC,    14, -7.484791576860e-01, 4.099904069932e-05, 2.1310e+00, 3.6066e-02, 
 2DIAGNOSTIC,    15, -7.485102122529e-01, 1.016940404552e-05, 2.1686e+00, 3.7556e-02, 
 2DIAGNOSTIC,    16, -7.485405037768e-01, 1.079721669829e-05, 2.2050e+00, 3.6430e-02, 
 2DIAGNOSTIC,    17, -7.485689901162e-01, 1.180578561392e-05, 2.2412e+00, 3.6172e-02, 
 2DIAGNOSTIC,    18, -7.485712817271e-01, 1.172147843332e-05, 2.2724e+00, 3.1224e-02, 
 2DIAGNOSTIC,    19, -7.485797486673e-01, 1.083064334754e-05, 2.3054e+00, 3.3042e-02, 
 2DIAGNOSTIC,    20, -7.486230202537e-01, 1.039578332662e-05, 2.3380e+00, 3.2572e-02, 
 2DIAGNOSTIC,    21, -7.486690100553e-01, 1.033067397967e-05, 2.3790e+00, 4.0980e-02, 
 2DIAGNOSTIC,    22, -7.486465907036e-01, 9.270273200780e-06, 2.4226e+00, 4.3632e-02, 
 2DIAGNOSTIC,    23, -7.486535239358e-01, 8.164603167715e-06, 2.4611e+00, 3.8486e-02, 
 2DIAGNOSTIC,    24, -7.486443887603e-01, 6.712623293430e-06, 2.5076e+00, 4.6557e-02, 
 2DIAGNOSTIC,    25, -7.486315497023e-01, 5.126119895046e-06, 2.5423e+00, 3.4692e-02, 
 2DIAGNOSTIC,    26, -7.486335390440e-01, 3.754612985261e-06, 2.5804e+00, 3.8026e-02, 
 2DIAGNOSTIC,    27, -7.486371640613e-01, 2.706264406460e-06, 2.6158e+00, 3.5436e-02, 
 2DIAGNOSTIC,    28, -7.486113529867e-01, 1.279757004820e-06, 2.6479e+00, 3.2113e-02, 
DIAGNOSTIC,Iteration,metricValue,convergenceValue,ITERATION_TIME_INDEX,SINCE_LAST
 2DIAGNOSTIC,     1, -6.324344047904e-01, 1.797693134862e+308, 3.7031e+00, 1.0552e+00, 
 2DIAGNOSTIC,     2, -6.330413305360e-01, 1.797693134862e+308, 3.9679e+00, 2.6479e-01, 
 2DIAGNOSTIC,     3, -6.337025567185e-01, 1.797693134862e+308, 4.2298e+00, 2.6191e-01, 
 2DIAGNOSTIC,     4, -6.345301002193e-01, 1.797693134862e+308, 4.4954e+00, 2.6558e-01, 
 2DIAGNOSTIC,     5, -6.368378265505e-01, 1.797693134862e+308, 4.9239e+00, 4.2850e-01, 
 2DIAGNOSTIC,     6, -6.368270520237e-01, 1.797693134862e+308, 5.2861e+00, 3.6223e-01, 
 2DIAGNOSTIC,     7, -6.368263432538e-01, 1.797693134862e+308, 5.6403e+00, 3.5424e-01, 
 2DIAGNOSTIC,     8, -6.368229543549e-01, 1.797693134862e+308, 5.9234e+00, 2.8305e-01, 
 2DIAGNOSTIC,     9, -6.368223908695e-01, 1.797693134862e+308, 6.1855e+00, 2.6211e-01, 
 2DIAGNOSTIC,    10, -6.368203059404e-01, 4.929204022679e-04, 6.4563e+00, 2.7082e-01, 
 2DIAGNOSTIC,    11, -6.368187245299e-01, 3.323161849023e-04, 6.7278e+00, 2.7150e-01, 
 2DIAGNOSTIC,    12, -6.368166919220e-01, 1.926018071200e-04, 6.9922e+00, 2.6436e-01, 
 2DIAGNOSTIC,    13, -6.368137829375e-01, 8.004337485962e-05, 7.2960e+00, 3.0380e-01, 
DIAGNOSTIC,Iteration,metricValue,convergenceValue,ITERATION_TIME_INDEX,SINCE_LAST
 2DIAGNOSTIC,     1, -5.628405844144e-01, 1.797693134862e+308, 1.0221e+01, 2.9247e+00, 
 2DIAGNOSTIC,     2, -5.630207128192e-01, 1.797693134862e+308, 1.2130e+01, 1.9090e+00, 
 2DIAGNOSTIC,     3, -5.632090582523e-01, 1.797693134862e+308, 1.3949e+01, 1.8192e+00, 
 2DIAGNOSTIC,     4, -5.635286627181e-01, 1.797693134862e+308, 1.6006e+01, 2.0571e+00, 
 2DIAGNOSTIC,     5, -5.639744315092e-01, 1.797693134862e+308, 1.9543e+01, 3.5366e+00, 
 2DIAGNOSTIC,     6, -5.639743814143e-01, 1.797693134862e+308, 2.1625e+01, 2.0827e+00, 
 2DIAGNOSTIC,     7, -5.639747326016e-01, 1.797693134862e+308, 2.3612e+01, 1.9870e+00, 
 2DIAGNOSTIC,     8, -5.639743423492e-01, 1.797693134862e+308, 2.5358e+01, 1.7453e+00, 
 2DIAGNOSTIC,     9, -5.639738946981e-01, 1.797693134862e+308, 2.7222e+01, 1.8649e+00, 
 2DIAGNOSTIC,    10, -5.639736594445e-01, 1.398968208103e-04, 2.9250e+01, 2.0279e+00, 
 2DIAGNOSTIC,    11, -5.639742961909e-01, 9.155054366616e-05, 3.2112e+01, 2.8617e+00, 
 2DIAGNOSTIC,    12, -5.639742113177e-01, 5.112063957434e-05, 3.3910e+01, 1.7975e+00, 
 2DIAGNOSTIC,    13, -5.639742513965e-01, 1.969687383616e-05, 3.5780e+01, 1.8706e+00, 
 2DIAGNOSTIC,    14, -5.639739833696e-01, 2.237499290306e-06, 3.7825e+01, 2.0449e+00, 
 2DIAGNOSTIC,    15, -5.639740141841e-01, 2.093507100148e-06, 3.9598e+01, 1.7735e+00, 
 2DIAGNOSTIC,    16, -5.639739192865e-01, 1.964413144304e-06, 4.1576e+01, 1.9778e+00, 
 2DIAGNOSTIC,    17, -5.639739935443e-01, 1.865364163696e-06, 4.3298e+01, 1.7219e+00, 
 2DIAGNOSTIC,    18, -5.639738249841e-01, 1.762782190620e-06, 4.5130e+01, 1.8321e+00, 
 2DIAGNOSTIC,    19, -5.639739353067e-01, 1.663085280303e-06, 4.7065e+01, 1.9350e+00, 
 2DIAGNOSTIC,    20, -5.639738595400e-01, 1.566054739097e-06, 4.8874e+01, 1.8088e+00, 
 2DIAGNOSTIC,    21, -5.639737585404e-01, 1.493460023858e-06, 5.0801e+01, 1.9269e+00, 
 2DIAGNOSTIC,    22, -5.639736412576e-01, 1.424854320239e-06, 5.2440e+01, 1.6386e+00, 
 2DIAGNOSTIC,    23, -5.639735444333e-01, 1.363187310914e-06, 5.4364e+01, 1.9244e+00, 
 2DIAGNOSTIC,    24, -5.639735945121e-01, 1.303933755005e-06, 5.6418e+01, 2.0542e+00, 
 2DIAGNOSTIC,    25, -5.639733329357e-01, 1.246767976443e-06, 5.8268e+01, 1.8499e+00, 
 2DIAGNOSTIC,    26, -5.639732068621e-01, 1.192282511851e-06, 6.0176e+01, 1.9076e+00, 
 2DIAGNOSTIC,    27, -5.639730807868e-01, 1.143995520855e-06, 6.1921e+01, 1.7449e+00, 
 2DIAGNOSTIC,    28, -5.639729691208e-01, 1.097250527479e-06, 6.3812e+01, 1.8916e+00, 
 2DIAGNOSTIC,    29, -5.639730287754e-01, 1.060358104280e-06, 6.5800e+01, 1.9875e+00, 
 2DIAGNOSTIC,    30, -5.639731138170e-01, 1.029548311597e-06, 6.7870e+01, 2.0705e+00, 
 2DIAGNOSTIC,    31, -5.639730131653e-01, 1.000431089623e-06, 6.9838e+01, 1.9674e+00, 
  Elapsed time (stage 0): 7.0947e+01


Total elapsed time: 7.0950e+01
Info [verificarlo]: loaded backend libinterflop_vprec.so
Info [interflop-vprec]: load backend with: 
Info [interflop-vprec]: precision-binary32 = 11
Info [interflop-vprec]: range-binary32 = 7
Info [interflop-vprec]: precision-binary64 = 11
Info [interflop-vprec]: range-binary64 = 7
Info [interflop-vprec]: mode = ob
Info [interflop-vprec]: error-mode = rel
Info [interflop-vprec]: max-abs-error-exponent = -1022
Info [interflop-vprec]: daz = false
Info [interflop-vprec]: ftz = false
Info [interflop-vprec]: 	instrument = none
Info [interflop-vprec]: 	prec-input-file = (null)
Info [interflop-vprec]: 	prec-output-file = (null)
Info [interflop-vprec]: 	prec-log-file = (null)
All_Command_lines_OK
Using double precision for computations.
=============================================================================
The composite transform comprises the following transforms (in order): 
  1. /home/mdugre/scratch/mri-registration-rp/datasets/ds004513/derivatives/mri-registration-rp/0001/antsRegistration-r7-p11/sub-s033/affine_Composite.h5[0] (type = Euler3DTransform)
