
##########################
# Experiment information #
##########################

EXPERIMENT_NAME: antsRegistration-r7-p12
VFC_BACKENDS: libinterflop_vprec.so --range-binary32=7 --precision-binary32=12 --range-binary64=7 --precision-binary64=12

SIF_IMG: /home/mdugre/projects/rrg-glatard/mdugre/containers/ants-vprec-no_metrics.simg

SUBJECT_ID: s035
INPUT_IMG: /home/mdugre/scratch/mri-registration-rp/datasets/ds004513/derivatives/mri-registration-rp/antsBrainExtraction/sub-s035/BrainExtractionBrain.nii.gz
OUTPUT_DIR: /home/mdugre/scratch/mri-registration-rp/datasets/ds004513/derivatives/mri-registration-rp/0001/antsRegistration-r7-p12/sub-s035

FIXED_IMG: /templateflow/tpl-MNI152NLin2009cAsym/tpl-MNI152NLin2009cAsym_res-01_desc-brain_T1w.nii.gz
DATA_DIR: /home/mdugre/scratch/mri-registration-rp/datasets/ds004513
TEMPLATEFLOW_DIR: /home/mdugre/projects/rrg-glatard/mdugre/templateflow
ITK_GLOBAL_DEFAULT_NUMBER_OF_THREADS: 16
##########################

Info [verificarlo]: loaded backend libinterflop_ieee.so
Info [interflop-ieee]: load backend with:
Info [interflop-ieee]: debug = false
Info [interflop-ieee]: debug-binary = false
Info [interflop-ieee]: no-backend-name = false
Info [interflop-ieee]: print-new-line = false
Info [interflop-ieee]: print-subnormal-normalized = false
Info [interflop-ieee]: count-op = false
All_Command_lines_OK
Using double precision for computations.
=============================================================================
The composite transform comprises the following transforms (in order): 
  1. Center of mass alignment using fixed image: /templateflow/tpl-MNI152NLin2009cAsym/tpl-MNI152NLin2009cAsym_res-01_desc-brain_T1w.nii.gz and moving image: /home/mdugre/scratch/mri-registration-rp/datasets/ds004513/derivatives/mri-registration-rp/antsBrainExtraction/sub-s035/BrainExtractionBrain.nii.gz (type = Euler3DTransform)
=============================================================================
  number of levels = 1
  fixed image: /templateflow/tpl-MNI152NLin2009cAsym/tpl-MNI152NLin2009cAsym_res-01_desc-brain_T1w.nii.gz
  moving image: /home/mdugre/scratch/mri-registration-rp/datasets/ds004513/derivatives/mri-registration-rp/antsBrainExtraction/sub-s035/BrainExtractionBrain.nii.gz
Dimension = 3
Number of stages = 1
Use histogram matching = false
Winsorize image intensities = true
  Lower quantile = 0.005
  Upper quantile = 0.995


Stage 1 State
   Image metric = MattesMI
     Fixed image = Image (0x3b5fe70)
  RTTI typeinfo:   itk::Image<double, 3u>
  Reference Count: 2
  Modified Time: 2330
  Debug: Off
  Object Name: 
  Observers: 
    none
  Source: (none)
  Source output name: (none)
  Release Data: Off
  Data Released: False
  Global Release Data: Off
  PipelineMTime: 0
  UpdateMTime: 1941
  RealTimeStamp: 0 seconds 
  LargestPossibleRegion: 
    Dimension: 3
    Index: [0, 0, 0]
    Size: [193, 229, 193]
  BufferedRegion: 
    Dimension: 3
    Index: [0, 0, 0]
    Size: [193, 229, 193]
  RequestedRegion: 
    Dimension: 3
    Index: [0, 0, 0]
    Size: [193, 229, 193]
  Spacing: [1, 1, 1]
  Origin: [96, 132, -78]
  Direction: 
-1 0 0
0 -1 0
0 0 1

  IndexToPointMatrix: 
-1 0 0
0 -1 0
0 0 1

  PointToIndexMatrix: 
-1 0 0
0 -1 0
0 0 1

  Inverse Direction: 
-1 0 0
0 -1 0
0 0 1

  PixelContainer: 
    ImportImageContainer (0x3b68c60)
      RTTI typeinfo:   itk::ImportImageContainer<unsigned long, double>
      Reference Count: 1
      Modified Time: 1938
      Debug: Off
      Object Name: 
      Observers: 
        none
      Pointer: 0x14b238e44010
      Container manages memory: true
      Size: 8530021
      Capacity: 8530021

     Moving image = Image (0x3bfcec0)
  RTTI typeinfo:   itk::Image<double, 3u>
  Reference Count: 2
  Modified Time: 2331
  Debug: Off
  Object Name: 
  Observers: 
    none
  Source: (none)
  Source output name: (none)
  Release Data: Off
  Data Released: False
  Global Release Data: Off
  PipelineMTime: 0
  UpdateMTime: 2328
  RealTimeStamp: 0 seconds 
  LargestPossibleRegion: 
    Dimension: 3
    Index: [0, 0, 0]
    Size: [160, 240, 256]
  BufferedRegion: 
    Dimension: 3
    Index: [0, 0, 0]
    Size: [160, 240, 256]
  RequestedRegion: 
    Dimension: 3
    Index: [0, 0, 0]
    Size: [160, 240, 256]
  Spacing: [1, 1, 1]
  Origin: [98.6438, 87.6358, -117.989]
  Direction: 
-0.993515 -0.100993 -0.0522355
0.100854 -0.994887 0.00530255
-0.0525039 1.93537e-08 0.998621

  IndexToPointMatrix: 
-0.993515 -0.100993 -0.0522355
0.100854 -0.994887 0.00530255
-0.0525039 1.93537e-08 0.998621

  PointToIndexMatrix: 
-0.993515 0.100854 -0.0525039
-0.100993 -0.994887 1.93006e-08
-0.0522355 0.00530255 0.998621

  Inverse Direction: 
-0.993515 0.100854 -0.0525039
-0.100993 -0.994887 1.93006e-08
-0.0522355 0.00530255 0.998621

  PixelContainer: 
    ImportImageContainer (0x3c94610)
      RTTI typeinfo:   itk::ImportImageContainer<unsigned long, double>
      Reference Count: 1
      Modified Time: 2325
      Debug: Off
      Object Name: 
      Observers: 
        none
      Pointer: 0x14b234343010
      Container manages memory: true
      Size: 9830400
      Capacity: 9830400

     Weighting = 1
     Sampling strategy = regular
     Number of bins = 32
     Radius = 4
     Sampling percentage  = 0.25
   Transform = Rigid
     Gradient step = 0.1
     Update field sigma (voxel space) = 0
     Total field sigma (voxel space) = 0
     Update field time sigma = 0
     Total field time sigma  = 0
     Number of time indices = 0
     Number of time point samples = 0
Registration using 1 total stages.

Stage 0
  iterations = 0
  convergence threshold = 1e-06
  convergence window size = 10
  number of levels = 1
  using the Mattes MI metric (number of bins = 32, weight = 1, use gradient filter = 0)
  preprocessing:  winsorizing the image intensities
  Shrink factors (level 1 out of 1): [1, 1, 1]
  smoothing sigmas per level: [0]
  regular sampling (percentage = 0.25)

*** Running Euler3DTransform registration ***

  Elapsed time (stage 0): 1.08736


Total elapsed time: 1.08943
Info [verificarlo]: loaded backend libinterflop_ieee.so
Info [interflop-ieee]: load backend with:
Info [interflop-ieee]: debug = false
Info [interflop-ieee]: debug-binary = false
Info [interflop-ieee]: no-backend-name = false
Info [interflop-ieee]: print-new-line = false
Info [interflop-ieee]: print-subnormal-normalized = false
Info [interflop-ieee]: count-op = false
All_Command_lines_OK
Using double precision for computations.
=============================================================================
The composite transform comprises the following transforms (in order): 
  1. /home/mdugre/scratch/mri-registration-rp/datasets/ds004513/derivatives/mri-registration-rp/0001/antsRegistration-r7-p12/sub-s035/align_Composite.h5[0] (type = Euler3DTransform)
  2. /home/mdugre/scratch/mri-registration-rp/datasets/ds004513/derivatives/mri-registration-rp/0001/antsRegistration-r7-p12/sub-s035/align_Composite.h5[1] (type = Euler3DTransform)
=============================================================================
  number of levels = 4
  fixed image: /templateflow/tpl-MNI152NLin2009cAsym/tpl-MNI152NLin2009cAsym_res-01_desc-brain_T1w.nii.gz
  moving image: /home/mdugre/scratch/mri-registration-rp/datasets/ds004513/derivatives/mri-registration-rp/antsBrainExtraction/sub-s035/BrainExtractionBrain.nii.gz
Dimension = 3
Number of stages = 1
Use histogram matching = false
Winsorize image intensities = true
  Lower quantile = 0.005
  Upper quantile = 0.995


Stage 1 State
   Image metric = MattesMI
     Fixed image = Image (0x4379530)
  RTTI typeinfo:   itk::Image<double, 3u>
  Reference Count: 2
  Modified Time: 1578
  Debug: Off
  Object Name: 
  Observers: 
    none
  Source: (none)
  Source output name: (none)
  Release Data: Off
  Data Released: False
  Global Release Data: Off
  PipelineMTime: 0
  UpdateMTime: 1189
  RealTimeStamp: 0 seconds 
  LargestPossibleRegion: 
    Dimension: 3
    Index: [0, 0, 0]
    Size: [193, 229, 193]
  BufferedRegion: 
    Dimension: 3
    Index: [0, 0, 0]
    Size: [193, 229, 193]
  RequestedRegion: 
    Dimension: 3
    Index: [0, 0, 0]
    Size: [193, 229, 193]
  Spacing: [1, 1, 1]
  Origin: [96, 132, -78]
  Direction: 
-1 0 0
0 -1 0
0 0 1

  IndexToPointMatrix: 
-1 0 0
0 -1 0
0 0 1

  PointToIndexMatrix: 
-1 0 0
0 -1 0
0 0 1

  Inverse Direction: 
-1 0 0
0 -1 0
0 0 1

  PixelContainer: 
    ImportImageContainer (0x4437d60)
      RTTI typeinfo:   itk::ImportImageContainer<unsigned long, double>
      Reference Count: 1
      Modified Time: 1186
      Debug: Off
      Object Name: 
      Observers: 
        none
      Pointer: 0x153e1fe2a010
      Container manages memory: true
      Size: 8530021
      Capacity: 8530021

     Moving image = Image (0x4429f60)
  RTTI typeinfo:   itk::Image<double, 3u>
  Reference Count: 2
  Modified Time: 1579
  Debug: Off
  Object Name: 
  Observers: 
    none
  Source: (none)
  Source output name: (none)
  Release Data: Off
  Data Released: False
  Global Release Data: Off
  PipelineMTime: 0
  UpdateMTime: 1576
  RealTimeStamp: 0 seconds 
  LargestPossibleRegion: 
    Dimension: 3
    Index: [0, 0, 0]
    Size: [160, 240, 256]
  BufferedRegion: 
    Dimension: 3
    Index: [0, 0, 0]
    Size: [160, 240, 256]
  RequestedRegion: 
    Dimension: 3
    Index: [0, 0, 0]
    Size: [160, 240, 256]
  Spacing: [1, 1, 1]
  Origin: [98.6438, 87.6358, -117.989]
  Direction: 
-0.993515 -0.100993 -0.0522355
0.100854 -0.994887 0.00530255
-0.0525039 1.93537e-08 0.998621

  IndexToPointMatrix: 
-0.993515 -0.100993 -0.0522355
0.100854 -0.994887 0.00530255
-0.0525039 1.93537e-08 0.998621

  PointToIndexMatrix: 
-0.993515 0.100854 -0.0525039
-0.100993 -0.994887 1.93006e-08
-0.0522355 0.00530255 0.998621

  Inverse Direction: 
-0.993515 0.100854 -0.0525039
-0.100993 -0.994887 1.93006e-08
-0.0522355 0.00530255 0.998621

  PixelContainer: 
    ImportImageContainer (0x441b6d0)
      RTTI typeinfo:   itk::ImportImageContainer<unsigned long, double>
      Reference Count: 1
      Modified Time: 1573
      Debug: Off
      Object Name: 
      Observers: 
        none
      Pointer: 0x153e1b329010
      Container manages memory: true
      Size: 9830400
      Capacity: 9830400

     Weighting = 1
     Sampling strategy = regular
     Number of bins = 32
     Radius = 4
     Sampling percentage  = 0.25
   Transform = Rigid
     Gradient step = 0.1
     Update field sigma (voxel space) = 0
     Total field sigma (voxel space) = 0
     Update field time sigma = 0
     Total field time sigma  = 0
     Number of time indices = 0
     Number of time point samples = 0
Registration using 1 total stages.

Stage 0
  iterations = 1000x500x250x100
  convergence threshold = 1e-06
  convergence window size = 10
  number of levels = 4
  using the Mattes MI metric (number of bins = 32, weight = 1, use gradient filter = 0)
  preprocessing:  winsorizing the image intensities
  Shrink factors (level 1 out of 4): [8, 8, 8]
  Shrink factors (level 2 out of 4): [4, 4, 4]
  Shrink factors (level 3 out of 4): [2, 2, 2]
  Shrink factors (level 4 out of 4): [1, 1, 1]
  smoothing sigmas per level: [3, 2, 1, 0]
  regular sampling (percentage = 0.25)

*** Running Euler3DTransform registration ***

DIAGNOSTIC,Iteration,metricValue,convergenceValue,ITERATION_TIME_INDEX,SINCE_LAST
 2DIAGNOSTIC,     1, -5.238630234552e-01, 1.797693134862e+308, 6.9883e-01, 6.9883e-01, 
 2DIAGNOSTIC,     2, -5.257885820767e-01, 1.797693134862e+308, 7.0296e-01, 4.1320e-03, 
 2DIAGNOSTIC,     3, -5.278597554839e-01, 1.797693134862e+308, 7.0704e-01, 4.0829e-03, 
 2DIAGNOSTIC,     4, -5.302176117225e-01, 1.797693134862e+308, 7.1111e-01, 4.0669e-03, 
 2DIAGNOSTIC,     5, -5.343462816845e-01, 1.797693134862e+308, 7.1513e-01, 4.0240e-03, 
 2DIAGNOSTIC,     6, -5.399239396740e-01, 1.797693134862e+308, 7.1925e-01, 4.1132e-03, 
 2DIAGNOSTIC,     7, -5.490554822001e-01, 1.797693134862e+308, 7.2335e-01, 4.1001e-03, 
 2DIAGNOSTIC,     8, -5.545204224448e-01, 1.797693134862e+308, 7.2860e-01, 5.2528e-03, 
 2DIAGNOSTIC,     9, -5.601437715553e-01, 1.797693134862e+308, 7.3281e-01, 4.2078e-03, 
 2DIAGNOSTIC,    10, -5.617741193774e-01, 5.067640484485e-03, 7.3725e-01, 4.4410e-03, 
 2DIAGNOSTIC,    11, -5.649562249041e-01, 4.796539612083e-03, 7.4257e-01, 5.3182e-03, 
 2DIAGNOSTIC,    12, -5.658710903081e-01, 4.260783098155e-03, 7.4727e-01, 4.7040e-03, 
 2DIAGNOSTIC,    13, -5.662828333056e-01, 3.524744036646e-03, 7.5153e-01, 4.2548e-03, 
 2DIAGNOSTIC,    14, -5.685908474577e-01, 2.751340472953e-03, 7.5638e-01, 4.8530e-03, 
 2DIAGNOSTIC,    15, -5.732745043306e-01, 2.134644679428e-03, 7.6272e-01, 6.3400e-03, 
 2DIAGNOSTIC,    16, -5.738084427845e-01, 1.591333148336e-03, 7.6798e-01, 5.2609e-03, 
 2DIAGNOSTIC,    17, -5.739093703465e-01, 1.247363567739e-03, 7.7218e-01, 4.1962e-03, 
 2DIAGNOSTIC,    18, -5.745773598458e-01, 1.002163966315e-03, 7.7647e-01, 4.2911e-03, 
 2DIAGNOSTIC,    19, -5.752045522723e-01, 8.579763081925e-04, 7.8066e-01, 4.1900e-03, 
 2DIAGNOSTIC,    20, -5.755578777727e-01, 6.955845773882e-04, 7.8486e-01, 4.2031e-03, 
 2DIAGNOSTIC,    21, -5.761681227725e-01, 5.767135182718e-04, 7.8910e-01, 4.2350e-03, 
 2DIAGNOSTIC,    22, -5.775610178281e-01, 4.707067062559e-04, 7.9361e-01, 4.5180e-03, 
 2DIAGNOSTIC,    23, -5.801876522134e-01, 3.965856196859e-04, 7.9807e-01, 4.4570e-03, 
 2DIAGNOSTIC,    24, -5.873578871770e-01, 4.881452204162e-04, 8.0408e-01, 6.0070e-03, 
 2DIAGNOSTIC,    25, -5.924052233495e-01, 7.199711435646e-04, 8.0998e-01, 5.9040e-03, 
 2DIAGNOSTIC,    26, -5.933789722545e-01, 8.944842701074e-04, 8.1535e-01, 5.3711e-03, 
 2DIAGNOSTIC,    27, -5.948140362558e-01, 1.002036484520e-03, 8.2009e-01, 4.7410e-03, 
 2DIAGNOSTIC,    28, -5.954370004549e-01, 1.029952320956e-03, 8.2438e-01, 4.2820e-03, 
 2DIAGNOSTIC,    29, -5.955619965631e-01, 9.699000563813e-04, 8.2836e-01, 3.9830e-03, 
 2DIAGNOSTIC,    30, -5.960977142445e-01, 8.366692960634e-04, 8.3257e-01, 4.2150e-03, 
 2DIAGNOSTIC,    31, -5.971105016178e-01, 6.606986236154e-04, 8.3737e-01, 4.7910e-03, 
 2DIAGNOSTIC,    32, -5.989728413271e-01, 4.853112632190e-04, 8.4367e-01, 6.3069e-03, 
 2DIAGNOSTIC,    33, -5.996340171357e-01, 3.222359249524e-04, 8.4792e-01, 4.2520e-03, 
 2DIAGNOSTIC,    34, -5.997688325001e-01, 2.443793018389e-04, 8.5215e-01, 4.2291e-03, 
 2DIAGNOSTIC,    35, -5.999328162947e-01, 2.224308793863e-04, 8.5738e-01, 5.2230e-03, 
 2DIAGNOSTIC,    36, -6.001598298706e-01, 1.965988113607e-04, 8.6164e-01, 4.2670e-03, 
 2DIAGNOSTIC,    37, -6.004938013118e-01, 1.767006124140e-04, 8.6719e-01, 5.5470e-03, 
 2DIAGNOSTIC,    38, -6.008280010368e-01, 1.536048167567e-04, 8.7160e-01, 4.4091e-03, 
 2DIAGNOSTIC,    39, -6.038559363724e-01, 1.574331427967e-04, 8.7642e-01, 4.8201e-03, 
 2DIAGNOSTIC,    40, -6.077047300695e-01, 1.993081213714e-04, 8.8073e-01, 4.3061e-03, 
 2DIAGNOSTIC,    41, -6.174632777016e-01, 3.481387994186e-04, 8.8616e-01, 5.4381e-03, 
 2DIAGNOSTIC,    42, -6.161978015032e-01, 4.608909515411e-04, 8.9444e-01, 8.2738e-03, 
 2DIAGNOSTIC,    43, -6.161564717007e-01, 5.335375065717e-04, 8.9851e-01, 4.0751e-03, 
 2DIAGNOSTIC,    44, -6.170772395354e-01, 5.644825816937e-04, 9.0260e-01, 4.0870e-03, 
 2DIAGNOSTIC,    45, -6.185357412803e-01, 5.560480822786e-04, 9.0668e-01, 4.0820e-03, 
 2DIAGNOSTIC,    46, -6.206472688552e-01, 5.180562933734e-04, 9.1077e-01, 4.0901e-03, 
 2DIAGNOSTIC,    47, -6.234100470471e-01, 4.649607383464e-04, 9.1488e-01, 4.1080e-03, 
 2DIAGNOSTIC,    48, -6.282459783324e-01, 4.232184734949e-04, 9.1899e-01, 4.1060e-03, 
 2DIAGNOSTIC,    49, -6.332856861734e-01, 4.219351735315e-04, 9.2313e-01, 4.1480e-03, 
 2DIAGNOSTIC,    50, -6.437673201421e-01, 5.158695566925e-04, 9.2727e-01, 4.1389e-03, 
 2DIAGNOSTIC,    51, -6.567709928662e-01, 7.709765592817e-04, 9.3150e-01, 4.2291e-03, 
 2DIAGNOSTIC,    52, -6.630139296062e-01, 9.856109926832e-04, 9.3623e-01, 4.7319e-03, 
 2DIAGNOSTIC,    53, -6.637658015651e-01, 1.103854446159e-03, 9.4038e-01, 4.1480e-03, 
 2DIAGNOSTIC,    54, -6.646848042357e-01, 1.129224306576e-03, 9.4456e-01, 4.1790e-03, 
 2DIAGNOSTIC,    55, -6.699954448824e-01, 1.103369838875e-03, 9.5200e-01, 7.4370e-03, 
 2DIAGNOSTIC,    56, -6.720089744975e-01, 1.005089408546e-03, 9.5814e-01, 6.1460e-03, 
 2DIAGNOSTIC,    57, -6.720481459448e-01, 8.375233690451e-04, 9.6221e-01, 4.0619e-03, 
 2DIAGNOSTIC,    58, -6.725919357785e-01, 6.425659999097e-04, 9.6627e-01, 4.0672e-03, 
 2DIAGNOSTIC,    59, -6.729036279945e-01, 4.360790479174e-04, 9.7057e-01, 4.3020e-03, 
 2DIAGNOSTIC,    60, -6.731488685609e-01, 2.773039690901e-04, 9.7470e-01, 4.1301e-03, 
 2DIAGNOSTIC,    61, -6.734259019868e-01, 1.993309190777e-04, 9.7867e-01, 3.9630e-03, 
 2DIAGNOSTIC,    62, -6.739132035175e-01, 1.568962075949e-04, 9.8287e-01, 4.2000e-03, 
 2DIAGNOSTIC,    63, -6.762843029303e-01, 1.247266065772e-04, 9.8857e-01, 5.7039e-03, 
 2DIAGNOSTIC,    64, -6.766381439564e-01, 8.969396765550e-05, 9.9293e-01, 4.3550e-03, 
 2DIAGNOSTIC,    65, -6.771215063528e-01, 8.898297826420e-05, 9.9709e-01, 4.1680e-03, 
 2DIAGNOSTIC,    66, -6.778537047993e-01, 9.953418784189e-05, 1.0018e+00, 4.7100e-03, 
 2DIAGNOSTIC,    67, -6.792268338815e-01, 1.098308566561e-04, 1.0076e+00, 5.7580e-03, 
 2DIAGNOSTIC,    68, -6.807680622906e-01, 1.231389310852e-04, 1.0117e+00, 4.1430e-03, 
 2DIAGNOSTIC,    69, -6.815199238798e-01, 1.312162136863e-04, 1.0159e+00, 4.1451e-03, 
 2DIAGNOSTIC,    70, -6.818104334211e-01, 1.303107028081e-04, 1.0215e+00, 5.6520e-03, 
 2DIAGNOSTIC,    71, -6.820509934367e-01, 1.205020087326e-04, 1.0257e+00, 4.2431e-03, 
 2DIAGNOSTIC,    72, -6.822316689219e-01, 1.032398477095e-04, 1.0299e+00, 4.1180e-03, 
 2DIAGNOSTIC,    73, -6.825798711159e-01, 9.372174677560e-05, 1.0355e+00, 5.6469e-03, 
 2DIAGNOSTIC,    74, -6.826264120839e-01, 7.797276736801e-05, 1.0397e+00, 4.1530e-03, 
 2DIAGNOSTIC,    75, -6.826914716382e-01, 5.871132783316e-05, 1.0438e+00, 4.1330e-03, 
 2DIAGNOSTIC,    76, -6.828123516631e-01, 3.951721602749e-05, 1.0480e+00, 4.2279e-03, 
 2DIAGNOSTIC,    77, -6.832345037875e-01, 2.762906814332e-05, 1.0522e+00, 4.1690e-03, 
 2DIAGNOSTIC,    78, -6.838171488300e-01, 2.580858961062e-05, 1.0584e+00, 6.2251e-03, 
 2DIAGNOSTIC,    79, -6.837376047391e-01, 2.542055444676e-05, 1.0625e+00, 4.1080e-03, 
 2DIAGNOSTIC,    80, -6.837940681403e-01, 2.471283641418e-05, 1.0667e+00, 4.1900e-03, 
 2DIAGNOSTIC,    81, -6.839726225571e-01, 2.406990538137e-05, 1.0709e+00, 4.1361e-03, 
 2DIAGNOSTIC,    82, -6.841107460089e-01, 2.280977015094e-05, 1.0751e+00, 4.2040e-03, 
 2DIAGNOSTIC,    83, -6.851045486272e-01, 2.675646351455e-05, 1.0809e+00, 5.8880e-03, 
 2DIAGNOSTIC,    84, -6.858177198835e-01, 3.208686430796e-05, 1.0861e+00, 5.1920e-03, 
 2DIAGNOSTIC,    85, -6.861555296435e-01, 3.640245036865e-05, 1.0929e+00, 6.7720e-03, 
 2DIAGNOSTIC,    86, -6.861558253856e-01, 3.780064255450e-05, 1.0971e+00, 4.2400e-03, 
 2DIAGNOSTIC,    87, -6.861668428407e-01, 3.777679354765e-05, 1.1013e+00, 4.1981e-03, 
 2DIAGNOSTIC,    88, -6.861798925244e-01, 3.717416482147e-05, 1.1053e+00, 3.9279e-03, 
 2DIAGNOSTIC,    89, -6.861875865417e-01, 3.259283555850e-05, 1.1099e+00, 4.6282e-03, 
 2DIAGNOSTIC,    90, -6.861914076043e-01, 2.533799336650e-05, 1.1140e+00, 4.1199e-03, 
 2DIAGNOSTIC,    91, -6.861983984754e-01, 1.686240979479e-05, 1.1182e+00, 4.1599e-03, 
 2DIAGNOSTIC,    92, -6.862112993269e-01, 7.666212116262e-06, 1.1223e+00, 4.0832e-03, 
 2DIAGNOSTIC,    93, -6.862267012594e-01, 2.806014167715e-06, 1.1264e+00, 4.0979e-03, 
 2DIAGNOSTIC,    94, -6.862421144457e-01, 1.277259890875e-06, 1.1310e+00, 4.5998e-03, 
 2DIAGNOSTIC,    95, -6.863402652799e-01, 1.767573050850e-06, 1.1363e+00, 5.3349e-03, 
 2DIAGNOSTIC,    96, -6.863402370866e-01, 2.100236181309e-06, 1.1404e+00, 4.1370e-03, 
 2DIAGNOSTIC,    97, -6.863404817715e-01, 2.313739409161e-06, 1.1446e+00, 4.1769e-03, 
 2DIAGNOSTIC,    98, -6.863412457460e-01, 2.401994545796e-06, 1.1493e+00, 4.6442e-03, 
 2DIAGNOSTIC,    99, -6.863464818498e-01, 2.346424610906e-06, 1.1554e+00, 6.1750e-03, 
 2DIAGNOSTIC,   100, -6.863467850626e-01, 2.109939364817e-06, 1.1611e+00, 5.6491e-03, 
 2DIAGNOSTIC,   101, -6.863467910234e-01, 1.737808230083e-06, 1.1742e+00, 1.3163e-02, 
 2DIAGNOSTIC,   102, -6.863467910233e-01, 1.301447410836e-06, 1.1840e+00, 9.7330e-03, 
DIAGNOSTIC,Iteration,metricValue,convergenceValue,ITERATION_TIME_INDEX,SINCE_LAST
 2DIAGNOSTIC,     1, -5.582108309710e-01, 1.797693134862e+308, 1.8980e+00, 7.1407e-01, 
 2DIAGNOSTIC,     2, -5.585587657405e-01, 1.797693134862e+308, 1.9259e+00, 2.7870e-02, 
 2DIAGNOSTIC,     3, -5.591020042060e-01, 1.797693134862e+308, 1.9543e+00, 2.8365e-02, 
 2DIAGNOSTIC,     4, -5.597968233514e-01, 1.797693134862e+308, 1.9835e+00, 2.9196e-02, 
 2DIAGNOSTIC,     5, -5.608402997834e-01, 1.797693134862e+308, 2.0154e+00, 3.1933e-02, 
 2DIAGNOSTIC,     6, -5.612104577800e-01, 1.797693134862e+308, 2.0438e+00, 2.8383e-02, 
 2DIAGNOSTIC,     7, -5.624339508353e-01, 1.797693134862e+308, 2.0801e+00, 3.6324e-02, 
 2DIAGNOSTIC,     8, -5.635465186189e-01, 1.797693134862e+308, 2.1087e+00, 2.8630e-02, 
 2DIAGNOSTIC,     9, -5.651753881197e-01, 1.797693134862e+308, 2.1406e+00, 3.1857e-02, 
 2DIAGNOSTIC,    10, -5.659746143758e-01, 9.121108295578e-04, 2.1765e+00, 3.5917e-02, 
 2DIAGNOSTIC,    11, -5.659974940603e-01, 8.620624672155e-04, 2.2039e+00, 2.7361e-02, 
 2DIAGNOSTIC,    12, -5.662052690724e-01, 7.676138064705e-04, 2.2325e+00, 2.8648e-02, 
 2DIAGNOSTIC,    13, -5.662823910357e-01, 6.419500162274e-04, 2.2749e+00, 4.2400e-02, 
 2DIAGNOSTIC,    14, -5.662853921755e-01, 5.000367967375e-04, 2.3103e+00, 3.5376e-02, 
 2DIAGNOSTIC,    15, -5.662708885046e-01, 3.665864308880e-04, 2.3397e+00, 2.9415e-02, 
 2DIAGNOSTIC,    16, -5.662481784542e-01, 2.275317555353e-04, 2.3720e+00, 3.2297e-02, 
 2DIAGNOSTIC,    17, -5.662436900762e-01, 1.202553848292e-04, 2.4206e+00, 4.8630e-02, 
 2DIAGNOSTIC,    18, -5.662386761617e-01, 4.395357755471e-05, 2.4493e+00, 2.8642e-02, 
 2DIAGNOSTIC,    19, -5.662370614578e-01, 1.446459467913e-05, 2.4779e+00, 2.8592e-02, 
 2DIAGNOSTIC,    20, -5.662680157204e-01, 7.756063233992e-06, 2.5101e+00, 3.2243e-02, 
 2DIAGNOSTIC,    21, -5.662888420291e-01, 2.031948006471e-06, 2.5420e+00, 3.1887e-02, 
 2DIAGNOSTIC,    22, -5.663079470123e-01, 1.921760315063e-06, 2.5706e+00, 2.8544e-02, 
 2DIAGNOSTIC,    23, -5.663048410484e-01, 3.391465156842e-06, 2.6025e+00, 3.1949e-02, 
 2DIAGNOSTIC,    24, -5.663207582392e-01, 4.961297292223e-06, 2.6342e+00, 3.1654e-02, 
 2DIAGNOSTIC,    25, -5.663072067134e-01, 5.493806471801e-06, 2.6623e+00, 2.8150e-02, 
 2DIAGNOSTIC,    26, -5.663215562297e-01, 5.427311948004e-06, 2.6943e+00, 3.1985e-02, 
 2DIAGNOSTIC,    27, -5.663154770023e-01, 4.771797766229e-06, 2.7267e+00, 3.2419e-02, 
 2DIAGNOSTIC,    28, -5.662904497915e-01, 3.299078813281e-06, 2.7592e+00, 3.2530e-02, 
 2DIAGNOSTIC,    29, -5.662825926559e-01, 1.565900227866e-06, 2.7912e+00, 3.1990e-02, 
DIAGNOSTIC,Iteration,metricValue,convergenceValue,ITERATION_TIME_INDEX,SINCE_LAST
 2DIAGNOSTIC,     1, -5.037643598696e-01, 1.797693134862e+308, 3.8311e+00, 1.0399e+00, 
 2DIAGNOSTIC,     2, -5.039840653701e-01, 1.797693134862e+308, 4.0428e+00, 2.1172e-01, 
 2DIAGNOSTIC,     3, -5.041833442855e-01, 1.797693134862e+308, 4.2698e+00, 2.2701e-01, 
 2DIAGNOSTIC,     4, -5.043039312664e-01, 1.797693134862e+308, 4.5736e+00, 3.0379e-01, 
 2DIAGNOSTIC,     5, -5.043071934488e-01, 1.797693134862e+308, 4.8653e+00, 2.9169e-01, 
 2DIAGNOSTIC,     6, -5.043109669539e-01, 1.797693134862e+308, 5.1175e+00, 2.5222e-01, 
 2DIAGNOSTIC,     7, -5.043113462041e-01, 1.797693134862e+308, 5.3529e+00, 2.3540e-01, 
 2DIAGNOSTIC,     8, -5.043101203533e-01, 1.797693134862e+308, 5.5938e+00, 2.4084e-01, 
 2DIAGNOSTIC,     9, -5.043355475528e-01, 1.797693134862e+308, 5.8307e+00, 2.3694e-01, 
 2DIAGNOSTIC,    10, -5.043639313996e-01, 5.953195580054e-05, 6.0943e+00, 2.6356e-01, 
 2DIAGNOSTIC,    11, -5.043846080971e-01, 3.271032952236e-05, 6.3396e+00, 2.4536e-01, 
 2DIAGNOSTIC,    12, -5.044886666623e-01, 2.270251244495e-05, 6.6482e+00, 3.0858e-01, 
 2DIAGNOSTIC,    13, -5.044876871279e-01, 2.077476350096e-05, 6.9301e+00, 2.8192e-01, 
 2DIAGNOSTIC,    14, -5.044825757189e-01, 2.214867956078e-05, 7.2380e+00, 3.0785e-01, 
 2DIAGNOSTIC,    15, -5.044820816613e-01, 2.166847561283e-05, 7.5363e+00, 2.9830e-01, 
 2DIAGNOSTIC,    16, -5.044823127863e-01, 1.957852883487e-05, 7.8149e+00, 2.7862e-01, 
 2DIAGNOSTIC,    17, -5.044814718034e-01, 1.606280137836e-05, 8.0429e+00, 2.2799e-01, 
 2DIAGNOSTIC,    18, -5.044815999312e-01, 1.158039885380e-05, 8.2418e+00, 1.9890e-01, 
 2DIAGNOSTIC,    19, -5.044799409237e-01, 7.401639282263e-06, 8.4684e+00, 2.2659e-01, 
 2DIAGNOSTIC,    20, -5.044793040816e-01, 3.910447036556e-06, 8.7070e+00, 2.3869e-01, 
DIAGNOSTIC,Iteration,metricValue,convergenceValue,ITERATION_TIME_INDEX,SINCE_LAST
 2DIAGNOSTIC,     1, -4.671955203834e-01, 1.797693134862e+308, 1.1194e+01, 2.4867e+00, 
 2DIAGNOSTIC,     2, -4.672973223725e-01, 1.797693134862e+308, 1.3478e+01, 2.2847e+00, 
 2DIAGNOSTIC,     3, -4.672983597651e-01, 1.797693134862e+308, 1.4885e+01, 1.4065e+00, 
 2DIAGNOSTIC,     4, -4.672980468721e-01, 1.797693134862e+308, 1.6530e+01, 1.6454e+00, 
 2DIAGNOSTIC,     5, -4.672978790784e-01, 1.797693134862e+308, 1.8719e+01, 2.1890e+00, 
 2DIAGNOSTIC,     6, -4.672979409857e-01, 1.797693134862e+308, 2.0371e+01, 1.6517e+00, 
 2DIAGNOSTIC,     7, -4.672980505626e-01, 1.797693134862e+308, 2.4856e+01, 4.4845e+00, 
 2DIAGNOSTIC,     8, -4.672980505594e-01, 1.797693134862e+308, 2.9281e+01, 4.4252e+00, 
 2DIAGNOSTIC,     9, -4.672980505594e-01, 1.797693134862e+308, 3.1115e+01, 1.8338e+00, 
 2DIAGNOSTIC,    10, -4.672980505594e-01, 9.443288594729e-06, 3.2857e+01, 1.7419e+00, 
 2DIAGNOSTIC,    11, -4.672980505594e-01, 2.922767589522e-06, 3.4612e+01, 1.7552e+00, 
 2DIAGNOSTIC,    12, -4.672980505594e-01, 2.644062769397e-06, 3.6097e+01, 1.4855e+00, 
 2DIAGNOSTIC,    13, -4.672980505594e-01, 2.457739458686e-06, 3.7947e+01, 1.8498e+00, 
 2DIAGNOSTIC,    14, -4.672980505594e-01, 2.283780959803e-06, 3.9600e+01, 1.6530e+00, 
 2DIAGNOSTIC,    15, -4.672980505594e-01, 2.125135559874e-06, 4.1138e+01, 1.5380e+00, 
 2DIAGNOSTIC,    16, -4.672980505594e-01, 1.988147510873e-06, 4.2854e+01, 1.7163e+00, 
 2DIAGNOSTIC,    17, -4.672980505594e-01, 1.871196252876e-06, 4.4502e+01, 1.6473e+00, 
 2DIAGNOSTIC,    18, -4.672980505594e-01, 1.767239629649e-06, 4.5989e+01, 1.4873e+00, 
 2DIAGNOSTIC,    19, -4.672980505594e-01, 1.674225936096e-06, 4.7759e+01, 1.7697e+00, 
 2DIAGNOSTIC,    20, -4.672980505594e-01, 1.590513714636e-06, 4.9369e+01, 1.6101e+00, 
 2DIAGNOSTIC,    21, -4.672980505594e-01, 1.514774169556e-06, 5.1209e+01, 1.8398e+00, 
 2DIAGNOSTIC,    22, -4.672980505594e-01, 1.445920106799e-06, 5.3118e+01, 1.9093e+00, 
 2DIAGNOSTIC,    23, -4.672980505594e-01, 1.383053411366e-06, 5.4704e+01, 1.5865e+00, 
 2DIAGNOSTIC,    24, -4.672980505594e-01, 1.325425655452e-06, 5.6676e+01, 1.9714e+00, 
 2DIAGNOSTIC,    25, -4.672980505594e-01, 1.272408160738e-06, 5.8423e+01, 1.7473e+00, 
 2DIAGNOSTIC,    26, -4.672980505594e-01, 1.223468969476e-06, 6.0123e+01, 1.7003e+00, 
 2DIAGNOSTIC,    27, -4.672980505594e-01, 1.178154933175e-06, 6.1789e+01, 1.6655e+00, 
 2DIAGNOSTIC,    28, -4.672980505594e-01, 1.136077639269e-06, 6.3329e+01, 1.5405e+00, 
 2DIAGNOSTIC,    29, -4.672980505594e-01, 1.096902249843e-06, 6.4967e+01, 1.6379e+00, 
 2DIAGNOSTIC,    30, -4.672980505594e-01, 1.060338572265e-06, 6.6601e+01, 1.6331e+00, 
 2DIAGNOSTIC,    31, -4.672980505594e-01, 1.026133858446e-06, 6.8256e+01, 1.6560e+00, 
  Elapsed time (stage 0): 6.9069e+01


Total elapsed time: 6.9071e+01
Info [verificarlo]: loaded backend libinterflop_ieee.so
Info [interflop-ieee]: load backend with:
Info [interflop-ieee]: debug = false
Info [interflop-ieee]: debug-binary = false
Info [interflop-ieee]: no-backend-name = false
Info [interflop-ieee]: print-new-line = false
Info [interflop-ieee]: print-subnormal-normalized = false
Info [interflop-ieee]: count-op = false
All_Command_lines_OK
Using double precision for computations.
=============================================================================
The composite transform comprises the following transforms (in order): 
  1. /home/mdugre/scratch/mri-registration-rp/datasets/ds004513/derivatives/mri-registration-rp/0001/antsRegistration-r7-p12/sub-s035/rigid_Composite.h5[0] (type = Euler3DTransform)
  2. /home/mdugre/scratch/mri-registration-rp/datasets/ds004513/derivatives/mri-registration-rp/0001/antsRegistration-r7-p12/sub-s035/rigid_Composite.h5[1] (type = Euler3DTransform)
  3. /home/mdugre/scratch/mri-registration-rp/datasets/ds004513/derivatives/mri-registration-rp/0001/antsRegistration-r7-p12/sub-s035/rigid_Composite.h5[2] (type = Euler3DTransform)
=============================================================================
  number of levels = 4
  fixed image: /templateflow/tpl-MNI152NLin2009cAsym/tpl-MNI152NLin2009cAsym_res-01_desc-brain_T1w.nii.gz
  moving image: /home/mdugre/scratch/mri-registration-rp/datasets/ds004513/derivatives/mri-registration-rp/antsBrainExtraction/sub-s035/BrainExtractionBrain.nii.gz
Dimension = 3
Number of stages = 1
Use histogram matching = false
Winsorize image intensities = true
  Lower quantile = 0.005
  Upper quantile = 0.995


Stage 1 State
   Image metric = MattesMI
     Fixed image = Image (0x50237e0)
  RTTI typeinfo:   itk::Image<double, 3u>
  Reference Count: 2
  Modified Time: 1592
  Debug: Off
  Object Name: 
  Observers: 
    none
  Source: (none)
  Source output name: (none)
  Release Data: Off
  Data Released: False
  Global Release Data: Off
  PipelineMTime: 0
  UpdateMTime: 1203
  RealTimeStamp: 0 seconds 
  LargestPossibleRegion: 
    Dimension: 3
    Index: [0, 0, 0]
    Size: [193, 229, 193]
  BufferedRegion: 
    Dimension: 3
    Index: [0, 0, 0]
    Size: [193, 229, 193]
  RequestedRegion: 
    Dimension: 3
    Index: [0, 0, 0]
    Size: [193, 229, 193]
  Spacing: [1, 1, 1]
  Origin: [96, 132, -78]
  Direction: 
-1 0 0
0 -1 0
0 0 1

  IndexToPointMatrix: 
-1 0 0
0 -1 0
0 0 1

  PointToIndexMatrix: 
-1 0 0
0 -1 0
0 0 1

  Inverse Direction: 
-1 0 0
0 -1 0
0 0 1

  PixelContainer: 
    ImportImageContainer (0x50e3a20)
      RTTI typeinfo:   itk::ImportImageContainer<unsigned long, double>
      Reference Count: 1
      Modified Time: 1200
      Debug: Off
      Object Name: 
      Observers: 
        none
      Pointer: 0x152a220e6010
      Container manages memory: true
      Size: 8530021
      Capacity: 8530021

     Moving image = Image (0x50ded70)
  RTTI typeinfo:   itk::Image<double, 3u>
  Reference Count: 2
  Modified Time: 1593
  Debug: Off
  Object Name: 
  Observers: 
    none
  Source: (none)
  Source output name: (none)
  Release Data: Off
  Data Released: False
  Global Release Data: Off
  PipelineMTime: 0
  UpdateMTime: 1590
  RealTimeStamp: 0 seconds 
  LargestPossibleRegion: 
    Dimension: 3
    Index: [0, 0, 0]
    Size: [160, 240, 256]
  BufferedRegion: 
    Dimension: 3
    Index: [0, 0, 0]
    Size: [160, 240, 256]
  RequestedRegion: 
    Dimension: 3
    Index: [0, 0, 0]
    Size: [160, 240, 256]
  Spacing: [1, 1, 1]
  Origin: [98.6438, 87.6358, -117.989]
  Direction: 
-0.993515 -0.100993 -0.0522355
0.100854 -0.994887 0.00530255
-0.0525039 1.93537e-08 0.998621

  IndexToPointMatrix: 
-0.993515 -0.100993 -0.0522355
0.100854 -0.994887 0.00530255
-0.0525039 1.93537e-08 0.998621

  PointToIndexMatrix: 
-0.993515 0.100854 -0.0525039
-0.100993 -0.994887 1.93006e-08
-0.0522355 0.00530255 0.998621

  Inverse Direction: 
-0.993515 0.100854 -0.0525039
-0.100993 -0.994887 1.93006e-08
-0.0522355 0.00530255 0.998621

  PixelContainer: 
    ImportImageContainer (0x5096c90)
      RTTI typeinfo:   itk::ImportImageContainer<unsigned long, double>
      Reference Count: 1
      Modified Time: 1587
      Debug: Off
      Object Name: 
      Observers: 
        none
      Pointer: 0x152a1d5e5010
      Container manages memory: true
      Size: 9830400
      Capacity: 9830400

     Weighting = 1
     Sampling strategy = regular
     Number of bins = 32
     Radius = 4
     Sampling percentage  = 0.25
   Transform = Affine
     Gradient step = 0.1
     Update field sigma (voxel space) = 0
     Total field sigma (voxel space) = 0
     Update field time sigma = 0
     Total field time sigma  = 0
     Number of time indices = 0
     Number of time point samples = 0
Registration using 1 total stages.

Stage 0
  iterations = 1000x500x250x100
  convergence threshold = 1e-06
  convergence window size = 10
  number of levels = 4
  using the Mattes MI metric (number of bins = 32, weight = 1, use gradient filter = 0)
  preprocessing:  winsorizing the image intensities
  Shrink factors (level 1 out of 4): [8, 8, 8]
  Shrink factors (level 2 out of 4): [4, 4, 4]
  Shrink factors (level 3 out of 4): [2, 2, 2]
  Shrink factors (level 4 out of 4): [1, 1, 1]
  smoothing sigmas per level: [3, 2, 1, 0]
  regular sampling (percentage = 0.25)

*** Running AffineTransform registration ***

DIAGNOSTIC,Iteration,metricValue,convergenceValue,ITERATION_TIME_INDEX,SINCE_LAST
 2DIAGNOSTIC,     1, -6.773155584637e-01, 1.797693134862e+308, 7.1100e-01, 7.1100e-01, 
 2DIAGNOSTIC,     2, -6.796402002969e-01, 1.797693134862e+308, 7.1616e-01, 5.1520e-03, 
 2DIAGNOSTIC,     3, -6.836027288191e-01, 1.797693134862e+308, 7.2055e-01, 4.3941e-03, 
 2DIAGNOSTIC,     4, -6.904737390948e-01, 1.797693134862e+308, 7.2512e-01, 4.5700e-03, 
 2DIAGNOSTIC,     5, -7.006714716456e-01, 1.797693134862e+308, 7.2971e-01, 4.5910e-03, 
 2DIAGNOSTIC,     6, -7.127627504162e-01, 1.797693134862e+308, 7.3436e-01, 4.6508e-03, 
 2DIAGNOSTIC,     7, -7.362073657232e-01, 1.797693134862e+308, 7.4028e-01, 5.9190e-03, 
 2DIAGNOSTIC,     8, -7.380360597388e-01, 1.797693134862e+308, 7.4500e-01, 4.7169e-03, 
 2DIAGNOSTIC,     9, -7.392376671518e-01, 1.797693134862e+308, 7.4960e-01, 4.6051e-03, 
 2DIAGNOSTIC,    10, -7.403063612274e-01, 7.075015939173e-03, 7.5675e-01, 7.1492e-03, 
 2DIAGNOSTIC,    11, -7.422642855328e-01, 6.082455137442e-03, 7.6209e-01, 5.3411e-03, 
 2DIAGNOSTIC,    12, -7.426761458744e-01, 4.797607546239e-03, 7.6696e-01, 4.8680e-03, 
 2DIAGNOSTIC,    13, -7.430445171758e-01, 3.418469125556e-03, 7.7180e-01, 4.8370e-03, 
 2DIAGNOSTIC,    14, -7.437166439129e-01, 2.152680095434e-03, 7.7682e-01, 5.0242e-03, 
 2DIAGNOSTIC,    15, -7.453269629244e-01, 1.173402416493e-03, 7.8218e-01, 5.3530e-03, 
 2DIAGNOSTIC,    16, -7.463940747328e-01, 5.194197212574e-04, 7.8755e-01, 5.3780e-03, 
 2DIAGNOSTIC,    17, -7.463879492620e-01, 4.376051658488e-04, 7.9260e-01, 5.0440e-03, 
 2DIAGNOSTIC,    18, -7.462163331919e-01, 3.619046212129e-04, 7.9851e-01, 5.9168e-03, 
 2DIAGNOSTIC,    19, -7.460750074091e-01, 2.829759928046e-04, 8.0399e-01, 5.4719e-03, 
 2DIAGNOSTIC,    20, -7.459118788523e-01, 2.022344984761e-04, 8.0881e-01, 4.8211e-03, 
 2DIAGNOSTIC,    21, -7.456772372270e-01, 1.423582582548e-04, 8.1559e-01, 6.7780e-03, 
 2DIAGNOSTIC,    22, -7.457062360109e-01, 8.313713569546e-05, 8.2093e-01, 5.3430e-03, 
 2DIAGNOSTIC,    23, -7.456169354569e-01, 2.652069521972e-05, 8.2681e-01, 5.8839e-03, 
DIAGNOSTIC,Iteration,metricValue,convergenceValue,ITERATION_TIME_INDEX,SINCE_LAST
 2DIAGNOSTIC,     1, -6.101788080777e-01, 1.797693134862e+308, 1.6055e+00, 7.7868e-01, 
 2DIAGNOSTIC,     2, -6.107126943640e-01, 1.797693134862e+308, 1.6414e+00, 3.5861e-02, 
 2DIAGNOSTIC,     3, -6.112966622110e-01, 1.797693134862e+308, 1.6761e+00, 3.4734e-02, 
 2DIAGNOSTIC,     4, -6.120849964022e-01, 1.797693134862e+308, 1.7117e+00, 3.5622e-02, 
 2DIAGNOSTIC,     5, -6.125200434407e-01, 1.797693134862e+308, 1.7539e+00, 4.2186e-02, 
 2DIAGNOSTIC,     6, -6.126480529552e-01, 1.797693134862e+308, 1.7903e+00, 3.6451e-02, 
 2DIAGNOSTIC,     7, -6.126673861890e-01, 1.797693134862e+308, 1.8340e+00, 4.3641e-02, 
 2DIAGNOSTIC,     8, -6.126877927495e-01, 1.797693134862e+308, 1.8842e+00, 5.0258e-02, 
 2DIAGNOSTIC,     9, -6.126802241916e-01, 1.797693134862e+308, 1.9194e+00, 3.5163e-02, 
 2DIAGNOSTIC,    10, -6.126746596849e-01, 2.578732520410e-04, 1.9608e+00, 4.1367e-02, 
 2DIAGNOSTIC,    11, -6.126651486644e-01, 1.572096601776e-04, 2.0002e+00, 3.9447e-02, 
 2DIAGNOSTIC,    12, -6.126592165694e-01, 7.989368413343e-05, 2.0486e+00, 4.8385e-02, 
 2DIAGNOSTIC,    13, -6.126670385043e-01, 2.808241796462e-05, 2.0910e+00, 4.2419e-02, 
 2DIAGNOSTIC,    14, -6.126532053997e-01, 6.668340198038e-06, 2.1317e+00, 4.0649e-02, 
DIAGNOSTIC,Iteration,metricValue,convergenceValue,ITERATION_TIME_INDEX,SINCE_LAST
 2DIAGNOSTIC,     1, -5.356247151259e-01, 1.797693134862e+308, 3.2778e+00, 1.1462e+00, 
 2DIAGNOSTIC,     2, -5.358621476857e-01, 1.797693134862e+308, 3.5497e+00, 2.7183e-01, 
 2DIAGNOSTIC,     3, -5.360724629529e-01, 1.797693134862e+308, 3.7960e+00, 2.4636e-01, 
 2DIAGNOSTIC,     4, -5.361844669384e-01, 1.797693134862e+308, 4.2040e+00, 4.0796e-01, 
 2DIAGNOSTIC,     5, -5.361726171100e-01, 1.797693134862e+308, 4.6283e+00, 4.2429e-01, 
 2DIAGNOSTIC,     6, -5.361686523400e-01, 1.797693134862e+308, 4.9788e+00, 3.5055e-01, 
 2DIAGNOSTIC,     7, -5.361687720635e-01, 1.797693134862e+308, 5.2649e+00, 2.8603e-01, 
 2DIAGNOSTIC,     8, -5.361675024134e-01, 1.797693134862e+308, 5.5292e+00, 2.6434e-01, 
 2DIAGNOSTIC,     9, -5.361677209567e-01, 1.797693134862e+308, 5.8031e+00, 2.7391e-01, 
 2DIAGNOSTIC,    10, -5.361667846581e-01, 4.918726615739e-05, 6.0845e+00, 2.8134e-01, 
 2DIAGNOSTIC,    11, -5.361661104786e-01, 2.083219605394e-05, 6.3703e+00, 2.8581e-01, 
 2DIAGNOSTIC,    12, -5.361644421521e-01, 5.796969663685e-06, 6.6863e+00, 3.1601e-01, 
 2DIAGNOSTIC,    13, -5.361643220659e-01, 1.225360295232e-06, 7.0428e+00, 3.5651e-01, 
 2DIAGNOSTIC,    14, -5.361640719255e-01, 1.659983495356e-06, 7.3745e+00, 3.3175e-01, 
 2DIAGNOSTIC,    15, -5.361633747992e-01, 1.652317089706e-06, 7.6796e+00, 3.0507e-01, 
 2DIAGNOSTIC,    16, -5.361627338715e-01, 1.536670900679e-06, 7.9326e+00, 2.5301e-01, 
 2DIAGNOSTIC,    17, -5.361623355330e-01, 1.469417666398e-06, 8.2168e+00, 2.8422e-01, 
 2DIAGNOSTIC,    18, -5.361621892498e-01, 1.404271713003e-06, 8.5147e+00, 2.9791e-01, 
 2DIAGNOSTIC,    19, -5.361617424727e-01, 1.372922112920e-06, 8.8045e+00, 2.8981e-01, 
 2DIAGNOSTIC,    20, -5.361596857292e-01, 1.293833347203e-06, 9.0660e+00, 2.6141e-01, 
 2DIAGNOSTIC,    21, -5.361602431146e-01, 1.249710099467e-06, 9.3482e+00, 2.8225e-01, 
 2DIAGNOSTIC,    22, -5.361582615020e-01, 1.145220752209e-06, 9.6729e+00, 3.2471e-01, 
 2DIAGNOSTIC,    23, -5.361576990425e-01, 1.062777775319e-06, 9.9508e+00, 2.7784e-01, 
 2DIAGNOSTIC,    24, -5.361576232861e-01, 1.010542451149e-06, 1.0275e+01, 3.2456e-01, 
DIAGNOSTIC,Iteration,metricValue,convergenceValue,ITERATION_TIME_INDEX,SINCE_LAST
 2DIAGNOSTIC,     1, -4.917734893831e-01, 1.797693134862e+308, 1.3180e+01, 2.9045e+00, 
 2DIAGNOSTIC,     2, -4.920103761777e-01, 1.797693134862e+308, 1.4936e+01, 1.7558e+00, 
 2DIAGNOSTIC,     3, -4.922093179890e-01, 1.797693134862e+308, 1.6770e+01, 1.8346e+00, 
 2DIAGNOSTIC,     4, -4.922560774227e-01, 1.797693134862e+308, 1.8465e+01, 1.6950e+00, 
 2DIAGNOSTIC,     5, -4.923339706144e-01, 1.797693134862e+308, 2.1113e+01, 2.6474e+00, 
 2DIAGNOSTIC,     6, -4.923396947574e-01, 1.797693134862e+308, 2.3477e+01, 2.3647e+00, 
 2DIAGNOSTIC,     7, -4.923397237754e-01, 1.797693134862e+308, 2.5600e+01, 2.1222e+00, 
 2DIAGNOSTIC,     8, -4.923396978653e-01, 1.797693134862e+308, 2.8571e+01, 2.9711e+00, 
 2DIAGNOSTIC,     9, -4.923398339220e-01, 1.797693134862e+308, 3.0725e+01, 2.1544e+00, 
 2DIAGNOSTIC,    10, -4.923398128836e-01, 6.009294147691e-05, 3.2666e+01, 1.9413e+00, 
 2DIAGNOSTIC,    11, -4.923396994336e-01, 2.938967164436e-05, 3.4637e+01, 1.9709e+00, 
 2DIAGNOSTIC,    12, -4.923395859603e-01, 1.263392698977e-05, 3.6567e+01, 1.9297e+00, 
 2DIAGNOSTIC,    13, -4.923393634537e-01, 6.367143315561e-06, 3.8533e+01, 1.9663e+00, 
 2DIAGNOSTIC,    14, -4.923393787885e-01, 2.479498179400e-06, 4.1151e+01, 2.6175e+00, 
 2DIAGNOSTIC,    15, -4.923393977519e-01, 2.083735099662e-06, 4.3118e+01, 1.9671e+00, 
 2DIAGNOSTIC,    16, -4.923392024531e-01, 1.940351364541e-06, 4.4785e+01, 1.6670e+00, 
