
##########################
# Experiment information #
##########################

EXPERIMENT_NAME: antsRegistration-r8-p14
VFC_BACKENDS: libinterflop_vprec.so --range-binary32=8 --precision-binary32=14 --range-binary64=8 --precision-binary64=14

SIF_IMG: /home/mdugre/projects/rrg-glatard/mdugre/containers/ants-vprec-no_metrics.simg

SUBJECT_ID: s035
INPUT_IMG: /home/mdugre/scratch/mri-registration-rp/datasets/ds004513/derivatives/mri-registration-rp/antsBrainExtraction/sub-s035/BrainExtractionBrain.nii.gz
OUTPUT_DIR: /home/mdugre/scratch/mri-registration-rp/datasets/ds004513/derivatives/mri-registration-rp/0001/antsRegistration-r8-p14/sub-s035

FIXED_IMG: /templateflow/tpl-MNI152NLin2009cAsym/tpl-MNI152NLin2009cAsym_res-01_desc-brain_T1w.nii.gz
DATA_DIR: /home/mdugre/scratch/mri-registration-rp/datasets/ds004513
TEMPLATEFLOW_DIR: /home/mdugre/projects/rrg-glatard/mdugre/templateflow
ITK_GLOBAL_DEFAULT_NUMBER_OF_THREADS: 16
##########################

Info [verificarlo]: loaded backend libinterflop_ieee.so
Info [interflop-ieee]: load backend with:
Info [interflop-ieee]: debug = false
Info [interflop-ieee]: debug-binary = false
Info [interflop-ieee]: no-backend-name = false
Info [interflop-ieee]: print-new-line = false
Info [interflop-ieee]: print-subnormal-normalized = false
Info [interflop-ieee]: count-op = false
All_Command_lines_OK
Using double precision for computations.
=============================================================================
The composite transform comprises the following transforms (in order): 
  1. Center of mass alignment using fixed image: /templateflow/tpl-MNI152NLin2009cAsym/tpl-MNI152NLin2009cAsym_res-01_desc-brain_T1w.nii.gz and moving image: /home/mdugre/scratch/mri-registration-rp/datasets/ds004513/derivatives/mri-registration-rp/antsBrainExtraction/sub-s035/BrainExtractionBrain.nii.gz (type = Euler3DTransform)
=============================================================================
  number of levels = 1
  fixed image: /templateflow/tpl-MNI152NLin2009cAsym/tpl-MNI152NLin2009cAsym_res-01_desc-brain_T1w.nii.gz
  moving image: /home/mdugre/scratch/mri-registration-rp/datasets/ds004513/derivatives/mri-registration-rp/antsBrainExtraction/sub-s035/BrainExtractionBrain.nii.gz
Dimension = 3
Number of stages = 1
Use histogram matching = false
Winsorize image intensities = true
  Lower quantile = 0.005
  Upper quantile = 0.995


Stage 1 State
   Image metric = MattesMI
     Fixed image = Image (0x510ae70)
  RTTI typeinfo:   itk::Image<double, 3u>
  Reference Count: 2
  Modified Time: 2330
  Debug: Off
  Object Name: 
  Observers: 
    none
  Source: (none)
  Source output name: (none)
  Release Data: Off
  Data Released: False
  Global Release Data: Off
  PipelineMTime: 0
  UpdateMTime: 1941
  RealTimeStamp: 0 seconds 
  LargestPossibleRegion: 
    Dimension: 3
    Index: [0, 0, 0]
    Size: [193, 229, 193]
  BufferedRegion: 
    Dimension: 3
    Index: [0, 0, 0]
    Size: [193, 229, 193]
  RequestedRegion: 
    Dimension: 3
    Index: [0, 0, 0]
    Size: [193, 229, 193]
  Spacing: [1, 1, 1]
  Origin: [96, 132, -78]
  Direction: 
-1 0 0
0 -1 0
0 0 1

  IndexToPointMatrix: 
-1 0 0
0 -1 0
0 0 1

  PointToIndexMatrix: 
-1 0 0
0 -1 0
0 0 1

  Inverse Direction: 
-1 0 0
0 -1 0
0 0 1

  PixelContainer: 
    ImportImageContainer (0x5113c60)
      RTTI typeinfo:   itk::ImportImageContainer<unsigned long, double>
      Reference Count: 1
      Modified Time: 1938
      Debug: Off
      Object Name: 
      Observers: 
        none
      Pointer: 0x1474dcdc4010
      Container manages memory: true
      Size: 8530021
      Capacity: 8530021

     Moving image = Image (0x51a7ec0)
  RTTI typeinfo:   itk::Image<double, 3u>
  Reference Count: 2
  Modified Time: 2331
  Debug: Off
  Object Name: 
  Observers: 
    none
  Source: (none)
  Source output name: (none)
  Release Data: Off
  Data Released: False
  Global Release Data: Off
  PipelineMTime: 0
  UpdateMTime: 2328
  RealTimeStamp: 0 seconds 
  LargestPossibleRegion: 
    Dimension: 3
    Index: [0, 0, 0]
    Size: [160, 240, 256]
  BufferedRegion: 
    Dimension: 3
    Index: [0, 0, 0]
    Size: [160, 240, 256]
  RequestedRegion: 
    Dimension: 3
    Index: [0, 0, 0]
    Size: [160, 240, 256]
  Spacing: [1, 1, 1]
  Origin: [98.6438, 87.6358, -117.989]
  Direction: 
-0.993515 -0.100993 -0.0522355
0.100854 -0.994887 0.00530255
-0.0525039 1.93537e-08 0.998621

  IndexToPointMatrix: 
-0.993515 -0.100993 -0.0522355
0.100854 -0.994887 0.00530255
-0.0525039 1.93537e-08 0.998621

  PointToIndexMatrix: 
-0.993515 0.100854 -0.0525039
-0.100993 -0.994887 1.93006e-08
-0.0522355 0.00530255 0.998621

  Inverse Direction: 
-0.993515 0.100854 -0.0525039
-0.100993 -0.994887 1.93006e-08
-0.0522355 0.00530255 0.998621

  PixelContainer: 
    ImportImageContainer (0x523f610)
      RTTI typeinfo:   itk::ImportImageContainer<unsigned long, double>
      Reference Count: 1
      Modified Time: 2325
      Debug: Off
      Object Name: 
      Observers: 
        none
      Pointer: 0x1474d82c3010
      Container manages memory: true
      Size: 9830400
      Capacity: 9830400

     Weighting = 1
     Sampling strategy = regular
     Number of bins = 32
     Radius = 4
     Sampling percentage  = 0.25
   Transform = Rigid
     Gradient step = 0.1
     Update field sigma (voxel space) = 0
     Total field sigma (voxel space) = 0
     Update field time sigma = 0
     Total field time sigma  = 0
     Number of time indices = 0
     Number of time point samples = 0
Registration using 1 total stages.

Stage 0
  iterations = 0
  convergence threshold = 1e-06
  convergence window size = 10
  number of levels = 1
  using the Mattes MI metric (number of bins = 32, weight = 1, use gradient filter = 0)
  preprocessing:  winsorizing the image intensities
  Shrink factors (level 1 out of 1): [1, 1, 1]
  smoothing sigmas per level: [0]
  regular sampling (percentage = 0.25)

*** Running Euler3DTransform registration ***

  Elapsed time (stage 0): 1.15127


Total elapsed time: 1.1535
Info [verificarlo]: loaded backend libinterflop_ieee.so
Info [interflop-ieee]: load backend with:
Info [interflop-ieee]: debug = false
Info [interflop-ieee]: debug-binary = false
Info [interflop-ieee]: no-backend-name = false
Info [interflop-ieee]: print-new-line = false
Info [interflop-ieee]: print-subnormal-normalized = false
Info [interflop-ieee]: count-op = false
All_Command_lines_OK
Using double precision for computations.
=============================================================================
The composite transform comprises the following transforms (in order): 
  1. /home/mdugre/scratch/mri-registration-rp/datasets/ds004513/derivatives/mri-registration-rp/0001/antsRegistration-r8-p14/sub-s035/align_Composite.h5[0] (type = Euler3DTransform)
  2. /home/mdugre/scratch/mri-registration-rp/datasets/ds004513/derivatives/mri-registration-rp/0001/antsRegistration-r8-p14/sub-s035/align_Composite.h5[1] (type = Euler3DTransform)
=============================================================================
  number of levels = 4
  fixed image: /templateflow/tpl-MNI152NLin2009cAsym/tpl-MNI152NLin2009cAsym_res-01_desc-brain_T1w.nii.gz
  moving image: /home/mdugre/scratch/mri-registration-rp/datasets/ds004513/derivatives/mri-registration-rp/antsBrainExtraction/sub-s035/BrainExtractionBrain.nii.gz
Dimension = 3
Number of stages = 1
Use histogram matching = false
Winsorize image intensities = true
  Lower quantile = 0.005
  Upper quantile = 0.995


Stage 1 State
   Image metric = MattesMI
     Fixed image = Image (0x3ffe530)
  RTTI typeinfo:   itk::Image<double, 3u>
  Reference Count: 2
  Modified Time: 1578
  Debug: Off
  Object Name: 
  Observers: 
    none
  Source: (none)
  Source output name: (none)
  Release Data: Off
  Data Released: False
  Global Release Data: Off
  PipelineMTime: 0
  UpdateMTime: 1189
  RealTimeStamp: 0 seconds 
  LargestPossibleRegion: 
    Dimension: 3
    Index: [0, 0, 0]
    Size: [193, 229, 193]
  BufferedRegion: 
    Dimension: 3
    Index: [0, 0, 0]
    Size: [193, 229, 193]
  RequestedRegion: 
    Dimension: 3
    Index: [0, 0, 0]
    Size: [193, 229, 193]
  Spacing: [1, 1, 1]
  Origin: [96, 132, -78]
  Direction: 
-1 0 0
0 -1 0
0 0 1

  IndexToPointMatrix: 
-1 0 0
0 -1 0
0 0 1

  PointToIndexMatrix: 
-1 0 0
0 -1 0
0 0 1

  Inverse Direction: 
-1 0 0
0 -1 0
0 0 1

  PixelContainer: 
    ImportImageContainer (0x40bcd60)
      RTTI typeinfo:   itk::ImportImageContainer<unsigned long, double>
      Reference Count: 1
      Modified Time: 1186
      Debug: Off
      Object Name: 
      Observers: 
        none
      Pointer: 0x148f5acc3010
      Container manages memory: true
      Size: 8530021
      Capacity: 8530021

     Moving image = Image (0x40aef60)
  RTTI typeinfo:   itk::Image<double, 3u>
  Reference Count: 2
  Modified Time: 1579
  Debug: Off
  Object Name: 
  Observers: 
    none
  Source: (none)
  Source output name: (none)
  Release Data: Off
  Data Released: False
  Global Release Data: Off
  PipelineMTime: 0
  UpdateMTime: 1576
  RealTimeStamp: 0 seconds 
  LargestPossibleRegion: 
    Dimension: 3
    Index: [0, 0, 0]
    Size: [160, 240, 256]
  BufferedRegion: 
    Dimension: 3
    Index: [0, 0, 0]
    Size: [160, 240, 256]
  RequestedRegion: 
    Dimension: 3
    Index: [0, 0, 0]
    Size: [160, 240, 256]
  Spacing: [1, 1, 1]
  Origin: [98.6438, 87.6358, -117.989]
  Direction: 
-0.993515 -0.100993 -0.0522355
0.100854 -0.994887 0.00530255
-0.0525039 1.93537e-08 0.998621

  IndexToPointMatrix: 
-0.993515 -0.100993 -0.0522355
0.100854 -0.994887 0.00530255
-0.0525039 1.93537e-08 0.998621

  PointToIndexMatrix: 
-0.993515 0.100854 -0.0525039
-0.100993 -0.994887 1.93006e-08
-0.0522355 0.00530255 0.998621

  Inverse Direction: 
-0.993515 0.100854 -0.0525039
-0.100993 -0.994887 1.93006e-08
-0.0522355 0.00530255 0.998621

  PixelContainer: 
    ImportImageContainer (0x40a06d0)
      RTTI typeinfo:   itk::ImportImageContainer<unsigned long, double>
      Reference Count: 1
      Modified Time: 1573
      Debug: Off
      Object Name: 
      Observers: 
        none
      Pointer: 0x148f561c2010
      Container manages memory: true
      Size: 9830400
      Capacity: 9830400

     Weighting = 1
     Sampling strategy = regular
     Number of bins = 32
     Radius = 4
     Sampling percentage  = 0.25
   Transform = Rigid
     Gradient step = 0.1
     Update field sigma (voxel space) = 0
     Total field sigma (voxel space) = 0
     Update field time sigma = 0
     Total field time sigma  = 0
     Number of time indices = 0
     Number of time point samples = 0
Registration using 1 total stages.

Stage 0
  iterations = 1000x500x250x100
  convergence threshold = 1e-06
  convergence window size = 10
  number of levels = 4
  using the Mattes MI metric (number of bins = 32, weight = 1, use gradient filter = 0)
  preprocessing:  winsorizing the image intensities
  Shrink factors (level 1 out of 4): [8, 8, 8]
  Shrink factors (level 2 out of 4): [4, 4, 4]
  Shrink factors (level 3 out of 4): [2, 2, 2]
  Shrink factors (level 4 out of 4): [1, 1, 1]
  smoothing sigmas per level: [3, 2, 1, 0]
  regular sampling (percentage = 0.25)

*** Running Euler3DTransform registration ***

DIAGNOSTIC,Iteration,metricValue,convergenceValue,ITERATION_TIME_INDEX,SINCE_LAST
 2DIAGNOSTIC,     1, -5.238630234552e-01, 1.797693134862e+308, 8.4617e-01, 8.4617e-01, 
 2DIAGNOSTIC,     2, -5.257885820767e-01, 1.797693134862e+308, 8.5068e-01, 4.5178e-03, 
 2DIAGNOSTIC,     3, -5.278597554839e-01, 1.797693134862e+308, 8.5492e-01, 4.2322e-03, 
 2DIAGNOSTIC,     4, -5.302176117225e-01, 1.797693134862e+308, 8.5937e-01, 4.4570e-03, 
 2DIAGNOSTIC,     5, -5.343462816845e-01, 1.797693134862e+308, 8.6346e-01, 4.0822e-03, 
 2DIAGNOSTIC,     6, -5.399239396740e-01, 1.797693134862e+308, 8.6756e-01, 4.1070e-03, 
 2DIAGNOSTIC,     7, -5.490554822001e-01, 1.797693134862e+308, 8.7171e-01, 4.1440e-03, 
 2DIAGNOSTIC,     8, -5.545204224448e-01, 1.797693134862e+308, 8.7702e-01, 5.3122e-03, 
 2DIAGNOSTIC,     9, -5.601437715553e-01, 1.797693134862e+308, 8.8139e-01, 4.3731e-03, 
 2DIAGNOSTIC,    10, -5.617741193774e-01, 5.067640484485e-03, 8.8593e-01, 4.5419e-03, 
 2DIAGNOSTIC,    11, -5.649562249041e-01, 4.796539612083e-03, 8.9136e-01, 5.4252e-03, 
 2DIAGNOSTIC,    12, -5.658710903081e-01, 4.260783098155e-03, 8.9621e-01, 4.8470e-03, 
 2DIAGNOSTIC,    13, -5.662828333056e-01, 3.524744036645e-03, 9.0053e-01, 4.3221e-03, 
 2DIAGNOSTIC,    14, -5.685908474577e-01, 2.751340472953e-03, 9.0620e-01, 5.6720e-03, 
 2DIAGNOSTIC,    15, -5.732745043306e-01, 2.134644679428e-03, 9.1266e-01, 6.4631e-03, 
 2DIAGNOSTIC,    16, -5.738084427845e-01, 1.591333148336e-03, 9.1798e-01, 5.3141e-03, 
 2DIAGNOSTIC,    17, -5.739093703465e-01, 1.247363567739e-03, 9.2237e-01, 4.3881e-03, 
 2DIAGNOSTIC,    18, -5.745773598458e-01, 1.002163966315e-03, 9.2664e-01, 4.2732e-03, 
 2DIAGNOSTIC,    19, -5.752045522723e-01, 8.579763081924e-04, 9.3127e-01, 4.6339e-03, 
 2DIAGNOSTIC,    20, -5.755578777727e-01, 6.955845773880e-04, 9.3553e-01, 4.2610e-03, 
 2DIAGNOSTIC,    21, -5.761681227725e-01, 5.767135182716e-04, 9.4017e-01, 4.6391e-03, 
 2DIAGNOSTIC,    22, -5.775610178281e-01, 4.707067062556e-04, 9.4451e-01, 4.3330e-03, 
 2DIAGNOSTIC,    23, -5.801876522134e-01, 3.965856196850e-04, 9.4907e-01, 4.5660e-03, 
 2DIAGNOSTIC,    24, -5.873578871767e-01, 4.881452204091e-04, 9.5499e-01, 5.9209e-03, 
 2DIAGNOSTIC,    25, -5.924052233488e-01, 7.199711435450e-04, 9.6086e-01, 5.8620e-03, 
 2DIAGNOSTIC,    26, -5.933789722536e-01, 8.944842700724e-04, 9.6607e-01, 5.2190e-03, 
 2DIAGNOSTIC,    27, -5.948140362553e-01, 1.002036484484e-03, 9.7074e-01, 4.6611e-03, 
 2DIAGNOSTIC,    28, -5.954370004544e-01, 1.029952320921e-03, 9.7489e-01, 4.1521e-03, 
 2DIAGNOSTIC,    29, -5.955619965625e-01, 9.699000563490e-04, 9.7905e-01, 4.1649e-03, 
 2DIAGNOSTIC,    30, -5.960977142441e-01, 8.366692960392e-04, 9.8326e-01, 4.2081e-03, 
 2DIAGNOSTIC,    31, -5.971105016168e-01, 6.606986235929e-04, 9.8805e-01, 4.7870e-03, 
 2DIAGNOSTIC,    32, -5.989728413266e-01, 4.853112632086e-04, 9.9434e-01, 6.2909e-03, 
 2DIAGNOSTIC,    33, -5.996340171276e-01, 3.222359248388e-04, 9.9858e-01, 4.2391e-03, 
 2DIAGNOSTIC,    34, -5.997688324926e-01, 2.443793016469e-04, 1.0028e+00, 4.2019e-03, 
 2DIAGNOSTIC,    35, -5.999328162882e-01, 2.224308791460e-04, 1.0081e+00, 5.2729e-03, 
 2DIAGNOSTIC,    36, -6.001598298645e-01, 1.965988110977e-04, 1.0123e+00, 4.2539e-03, 
 2DIAGNOSTIC,    37, -6.004938013068e-01, 1.767006121759e-04, 1.0170e+00, 4.7169e-03, 
 2DIAGNOSTIC,    38, -6.008280010266e-01, 1.536048164990e-04, 1.0213e+00, 4.2410e-03, 
 2DIAGNOSTIC,    39, -6.038559363621e-01, 1.574331425447e-04, 1.0262e+00, 4.9000e-03, 
 2DIAGNOSTIC,    40, -6.077047302487e-01, 1.993081234851e-04, 1.0306e+00, 4.4520e-03, 
 2DIAGNOSTIC,    41, -6.174632738181e-01, 3.481387547051e-04, 1.0361e+00, 5.5292e-03, 
 2DIAGNOSTIC,    42, -6.161977900914e-01, 4.608907799990e-04, 1.0447e+00, 8.5089e-03, 
 2DIAGNOSTIC,    43, -6.161564575979e-01, 5.335372020909e-04, 1.0491e+00, 4.4680e-03, 
 2DIAGNOSTIC,    44, -6.170772267886e-01, 5.644821940469e-04, 1.0534e+00, 4.2830e-03, 
 2DIAGNOSTIC,    45, -6.185357311572e-01, 5.560476790205e-04, 1.0578e+00, 4.3602e-03, 
 2DIAGNOSTIC,    46, -6.206472626202e-01, 5.180559550269e-04, 1.0620e+00, 4.2610e-03, 
 2DIAGNOSTIC,    47, -6.234100438158e-01, 4.649605265848e-04, 1.0663e+00, 4.3120e-03, 
 2DIAGNOSTIC,    48, -6.282459772933e-01, 4.232184253235e-04, 1.0706e+00, 4.2639e-03, 
 2DIAGNOSTIC,    49, -6.332856914120e-01, 4.219353471793e-04, 1.0750e+00, 4.3769e-03, 
 2DIAGNOSTIC,    50, -6.437673288732e-01, 5.158699599538e-04, 1.0794e+00, 4.3991e-03, 
 2DIAGNOSTIC,    51, -6.567709927133e-01, 7.709770221036e-04, 1.0838e+00, 4.4250e-03, 
 2DIAGNOSTIC,    52, -6.630139281794e-01, 9.856113906684e-04, 1.0888e+00, 4.9942e-03, 
 2DIAGNOSTIC,    53, -6.637658018631e-01, 1.103854734845e-03, 1.0932e+00, 4.3850e-03, 
 2DIAGNOSTIC,    54, -6.646848064878e-01, 1.129224489483e-03, 1.0976e+00, 4.4179e-03, 
 2DIAGNOSTIC,    55, -6.699954703023e-01, 1.103370125880e-03, 1.1055e+00, 7.8599e-03, 
 2DIAGNOSTIC,    56, -6.720089906116e-01, 1.005089718358e-03, 1.1120e+00, 6.5789e-03, 
 2DIAGNOSTIC,    57, -6.720481617994e-01, 8.375237000194e-04, 1.1162e+00, 4.1559e-03, 
 2DIAGNOSTIC,    58, -6.725919482413e-01, 6.425663094918e-04, 1.1203e+00, 4.1471e-03, 
 2DIAGNOSTIC,    59, -6.729036342798e-01, 4.360793048878e-04, 1.1245e+00, 4.1549e-03, 
 2DIAGNOSTIC,    60, -6.731488714396e-01, 2.773041517391e-04, 1.1287e+00, 4.1900e-03, 
 2DIAGNOSTIC,    61, -6.734259053973e-01, 1.993309486694e-04, 1.1328e+00, 4.1041e-03, 
 2DIAGNOSTIC,    62, -6.739132088413e-01, 1.568960935292e-04, 1.1370e+00, 4.1919e-03, 
 2DIAGNOSTIC,    63, -6.762843192949e-01, 1.247264608287e-04, 1.1427e+00, 5.6841e-03, 
 2DIAGNOSTIC,    64, -6.766381591330e-01, 8.969380411629e-05, 1.1468e+00, 4.1399e-03, 
 2DIAGNOSTIC,    65, -6.771215202118e-01, 8.898297469563e-05, 1.1510e+00, 4.1459e-03, 
 2DIAGNOSTIC,    66, -6.778537186460e-01, 9.953427336064e-05, 1.1557e+00, 4.7519e-03, 
 2DIAGNOSTIC,    67, -6.792268117886e-01, 1.098307661522e-04, 1.1615e+00, 5.7938e-03, 
 2DIAGNOSTIC,    68, -6.807680971992e-01, 1.231390539649e-04, 1.1657e+00, 4.1571e-03, 
 2DIAGNOSTIC,    69, -6.815199681174e-01, 1.312165393032e-04, 1.1698e+00, 4.1630e-03, 
 2DIAGNOSTIC,    70, -6.818104830941e-01, 1.303112071319e-04, 1.1755e+00, 5.6369e-03, 
 2DIAGNOSTIC,    71, -6.820510326346e-01, 1.205025796017e-04, 1.1796e+00, 4.1239e-03, 
 2DIAGNOSTIC,    72, -6.822317035887e-01, 1.032404148053e-04, 1.1838e+00, 4.1749e-03, 
 2DIAGNOSTIC,    73, -6.825798789590e-01, 9.372215056900e-05, 1.1894e+00, 5.6171e-03, 
 2DIAGNOSTIC,    74, -6.826263959571e-01, 7.797281404956e-05, 1.1935e+00, 4.1709e-03, 
 2DIAGNOSTIC,    75, -6.826914570323e-01, 5.871102899127e-05, 1.1976e+00, 4.0870e-03, 
 2DIAGNOSTIC,    76, -6.828123311116e-01, 3.951658207070e-05, 1.2018e+00, 4.1311e-03, 
 2DIAGNOSTIC,    77, -6.832344955650e-01, 2.762801995928e-05, 1.2059e+00, 4.1389e-03, 
 2DIAGNOSTIC,    78, -6.838171773885e-01, 2.580779198660e-05, 1.2123e+00, 6.4161e-03, 
 2DIAGNOSTIC,    79, -6.837376350909e-01, 2.542013699078e-05, 1.2165e+00, 4.1890e-03, 
 2DIAGNOSTIC,    80, -6.837940963341e-01, 2.471285049386e-05, 1.2207e+00, 4.1981e-03, 
 2DIAGNOSTIC,    81, -6.839726474959e-01, 2.407026100796e-05, 1.2249e+00, 4.2291e-03, 
 2DIAGNOSTIC,    82, -6.841107738167e-01, 2.281041608513e-05, 1.2292e+00, 4.2450e-03, 
 2DIAGNOSTIC,    83, -6.851046464494e-01, 2.675756629304e-05, 1.2351e+00, 5.9669e-03, 
 2DIAGNOSTIC,    84, -6.858177560525e-01, 3.208782861855e-05, 1.2405e+00, 5.3701e-03, 
 2DIAGNOSTIC,    85, -6.861556156125e-01, 3.640348139627e-05, 1.2474e+00, 6.8800e-03, 
 2DIAGNOSTIC,    86, -6.861559071849e-01, 3.780158091598e-05, 1.2517e+00, 4.2870e-03, 
 2DIAGNOSTIC,    87, -6.861669255130e-01, 3.777761132813e-05, 1.2560e+00, 4.2849e-03, 
 2DIAGNOSTIC,    88, -6.861799794878e-01, 3.717499631264e-05, 1.2602e+00, 4.2131e-03, 
 2DIAGNOSTIC,    89, -6.861876615254e-01, 3.259355059175e-05, 1.2649e+00, 4.7390e-03, 
 2DIAGNOSTIC,    90, -6.861914714298e-01, 2.533846407190e-05, 1.2691e+00, 4.1940e-03, 
 2DIAGNOSTIC,    91, -6.861984548976e-01, 1.686254290176e-05, 1.2737e+00, 4.6301e-03, 
 2DIAGNOSTIC,    92, -6.862113474683e-01, 7.665965967078e-06, 1.2827e+00, 8.9400e-03, 
 2DIAGNOSTIC,    93, -6.862267258844e-01, 2.805658331651e-06, 1.2872e+00, 4.5080e-03, 
 2DIAGNOSTIC,    94, -6.862421225259e-01, 1.276451701018e-06, 1.2920e+00, 4.7700e-03, 
 2DIAGNOSTIC,    95, -6.863402363026e-01, 1.766463988360e-06, 1.2975e+00, 5.5640e-03, 
 2DIAGNOSTIC,    96, -6.863401863907e-01, 2.098821121260e-06, 1.3017e+00, 4.1730e-03, 
 2DIAGNOSTIC,    97, -6.863403210803e-01, 2.311654008736e-06, 1.3057e+00, 4.0479e-03, 
 2DIAGNOSTIC,    98, -6.863407722075e-01, 2.398051575845e-06, 1.3098e+00, 4.0829e-03, 
 2DIAGNOSTIC,    99, -6.863418573094e-01, 2.322174584377e-06, 1.3138e+00, 3.9761e-03, 
 2DIAGNOSTIC,   100, -6.863433493924e-01, 2.073970552676e-06, 1.3265e+00, 1.2705e-02, 
 2DIAGNOSTIC,   101, -6.863433492503e-01, 1.693399268730e-06, 1.3390e+00, 1.2493e-02, 
 2DIAGNOSTIC,   102, -6.863433492503e-01, 1.252818059811e-06, 1.3445e+00, 5.4960e-03, 
DIAGNOSTIC,Iteration,metricValue,convergenceValue,ITERATION_TIME_INDEX,SINCE_LAST
 2DIAGNOSTIC,     1, -5.583133052976e-01, 1.797693134862e+308, 2.0704e+00, 7.2589e-01, 
 2DIAGNOSTIC,     2, -5.587688104370e-01, 1.797693134862e+308, 2.1034e+00, 3.3003e-02, 
 2DIAGNOSTIC,     3, -5.591101695728e-01, 1.797693134862e+308, 2.1323e+00, 2.8887e-02, 
 2DIAGNOSTIC,     4, -5.599293558347e-01, 1.797693134862e+308, 2.1615e+00, 2.9220e-02, 
 2DIAGNOSTIC,     5, -5.608879570601e-01, 1.797693134862e+308, 2.1953e+00, 3.3853e-02, 
 2DIAGNOSTIC,     6, -5.613233065671e-01, 1.797693134862e+308, 2.2256e+00, 3.0246e-02, 
 2DIAGNOSTIC,     7, -5.624619679745e-01, 1.797693134862e+308, 2.2592e+00, 3.3629e-02, 
 2DIAGNOSTIC,     8, -5.631241242433e-01, 1.797693134862e+308, 2.2967e+00, 3.7481e-02, 
 2DIAGNOSTIC,     9, -5.632661067587e-01, 1.797693134862e+308, 2.3305e+00, 3.3749e-02, 
 2DIAGNOSTIC,    10, -5.639232181733e-01, 6.926126891800e-04, 2.3600e+00, 2.9542e-02, 
 2DIAGNOSTIC,    11, -5.654837422316e-01, 6.698405275804e-04, 2.3942e+00, 3.4188e-02, 
 2DIAGNOSTIC,    12, -5.660102019439e-01, 6.306970560041e-04, 2.4289e+00, 3.4673e-02, 
 2DIAGNOSTIC,    13, -5.661143447024e-01, 5.580114034668e-04, 2.4774e+00, 4.8522e-02, 
 2DIAGNOSTIC,    14, -5.661317912114e-01, 4.761766801048e-04, 2.5109e+00, 3.3505e-02, 
 2DIAGNOSTIC,    15, -5.661456744353e-01, 3.949483718143e-04, 2.5442e+00, 3.3296e-02, 
 2DIAGNOSTIC,    16, -5.661429366693e-01, 2.999450594775e-04, 2.5778e+00, 3.3640e-02, 
 2DIAGNOSTIC,    17, -5.661213547514e-01, 2.212939538954e-04, 2.6112e+00, 3.3339e-02, 
 2DIAGNOSTIC,    18, -5.661138258183e-01, 1.502491832259e-04, 2.6440e+00, 3.2847e-02, 
 2DIAGNOSTIC,    19, -5.661114974903e-01, 7.687606854698e-05, 2.6736e+00, 2.9593e-02, 
 2DIAGNOSTIC,    20, -5.661212074362e-01, 1.975882848987e-05, 2.7027e+00, 2.9091e-02, 
 2DIAGNOSTIC,    21, -5.661350469830e-01, 3.877870440976e-06, 2.7392e+00, 3.6468e-02, 
 2DIAGNOSTIC,    22, -5.661301530506e-01, 1.120794959106e-06, 2.7723e+00, 3.3108e-02, 
DIAGNOSTIC,Iteration,metricValue,convergenceValue,ITERATION_TIME_INDEX,SINCE_LAST
 2DIAGNOSTIC,     1, -5.039584904801e-01, 1.797693134862e+308, 3.8347e+00, 1.0624e+00, 
 2DIAGNOSTIC,     2, -5.041062441410e-01, 1.797693134862e+308, 4.0365e+00, 2.0183e-01, 
 2DIAGNOSTIC,     3, -5.041917659127e-01, 1.797693134862e+308, 4.2693e+00, 2.3279e-01, 
 2DIAGNOSTIC,     4, -5.042491061490e-01, 1.797693134862e+308, 4.4962e+00, 2.2693e-01, 
 2DIAGNOSTIC,     5, -5.043308046251e-01, 1.797693134862e+308, 4.8034e+00, 3.0716e-01, 
 2DIAGNOSTIC,     6, -5.043313540224e-01, 1.797693134862e+308, 5.0241e+00, 2.2072e-01, 
 2DIAGNOSTIC,     7, -5.043410384200e-01, 1.797693134862e+308, 5.2805e+00, 2.5642e-01, 
 2DIAGNOSTIC,     8, -5.044125663046e-01, 1.797693134862e+308, 5.5320e+00, 2.5147e-01, 
 2DIAGNOSTIC,     9, -5.044244314531e-01, 1.797693134862e+308, 5.7672e+00, 2.3522e-01, 
 2DIAGNOSTIC,    10, -5.044428553578e-01, 5.730745695424e-05, 5.9950e+00, 2.2781e-01, 
 2DIAGNOSTIC,    11, -5.044800461577e-01, 4.162636391777e-05, 6.2323e+00, 2.3726e-01, 
 2DIAGNOSTIC,    12, -5.045150634830e-01, 3.359901305557e-05, 6.5572e+00, 3.2489e-01, 
 2DIAGNOSTIC,    13, -5.045507910854e-01, 2.917377607617e-05, 6.8042e+00, 2.4707e-01, 
 2DIAGNOSTIC,    14, -5.046022661236e-01, 2.722412669912e-05, 7.0594e+00, 2.5519e-01, 
 2DIAGNOSTIC,    15, -5.046148558219e-01, 2.681006202125e-05, 7.2843e+00, 2.2488e-01, 
 2DIAGNOSTIC,    16, -5.046217413363e-01, 2.447357099011e-05, 7.4994e+00, 2.1513e-01, 
 2DIAGNOSTIC,    17, -5.046226979270e-01, 2.063921054205e-05, 7.7746e+00, 2.7517e-01, 
 2DIAGNOSTIC,    18, -5.046232948159e-01, 1.774947258897e-05, 8.0288e+00, 2.5422e-01, 
 2DIAGNOSTIC,    19, -5.046217912733e-01, 1.397697992579e-05, 8.2571e+00, 2.2823e-01, 
 2DIAGNOSTIC,    20, -5.046214702420e-01, 9.936665077023e-06, 8.5286e+00, 2.7154e-01, 
 2DIAGNOSTIC,    21, -5.046199879242e-01, 6.464556337113e-06, 8.8020e+00, 2.7343e-01, 
 2DIAGNOSTIC,    22, -5.046184579482e-01, 3.697830543332e-06, 9.0705e+00, 2.6851e-01, 
 2DIAGNOSTIC,    23, -5.046207327258e-01, 1.862623832491e-06, 9.3448e+00, 2.7431e-01, 
 2DIAGNOSTIC,    24, -5.046200582795e-01, 1.319893331297e-06, 9.5735e+00, 2.2865e-01, 
 2DIAGNOSTIC,    25, -5.046205011939e-01, 1.111739411155e-06, 9.8057e+00, 2.3224e-01, 
 2DIAGNOSTIC,    26, -5.046201388491e-01, 1.076170096384e-06, 1.0045e+01, 2.3959e-01, 
 2DIAGNOSTIC,    27, -5.046210750822e-01, 1.096365667350e-06, 1.0338e+01, 2.9240e-01, 
 2DIAGNOSTIC,    28, -5.046206506343e-01, 1.125549527706e-06, 1.0572e+01, 2.3453e-01, 
 2DIAGNOSTIC,    29, -5.046196528481e-01, 1.104860947697e-06, 1.0830e+01, 2.5773e-01, 
 2DIAGNOSTIC,    30, -5.046213131400e-01, 1.111781083675e-06, 1.1107e+01, 2.7667e-01, 
 2DIAGNOSTIC,    31, -5.046199108155e-01, 1.060894727387e-06, 1.1383e+01, 2.7620e-01, 
DIAGNOSTIC,Iteration,metricValue,convergenceValue,ITERATION_TIME_INDEX,SINCE_LAST
 2DIAGNOSTIC,     1, -4.673280308655e-01, 1.797693134862e+308, 1.3918e+01, 2.5353e+00, 
 2DIAGNOSTIC,     2, -4.674046471327e-01, 1.797693134862e+308, 1.5351e+01, 1.4332e+00, 
 2DIAGNOSTIC,     3, -4.674097145242e-01, 1.797693134862e+308, 1.6971e+01, 1.6197e+00, 
 2DIAGNOSTIC,     4, -4.674150350977e-01, 1.797693134862e+308, 1.8446e+01, 1.4750e+00, 
 2DIAGNOSTIC,     5, -4.674263720338e-01, 1.797693134862e+308, 1.9938e+01, 1.4920e+00, 
 2DIAGNOSTIC,     6, -4.674624281455e-01, 1.797693134862e+308, 2.1367e+01, 1.4288e+00, 
 2DIAGNOSTIC,     7, -4.675294881888e-01, 1.797693134862e+308, 2.4654e+01, 3.2871e+00, 
 2DIAGNOSTIC,     8, -4.675292419612e-01, 1.797693134862e+308, 2.6219e+01, 1.5652e+00, 
 2DIAGNOSTIC,     9, -4.675293116685e-01, 1.797693134862e+308, 2.8584e+01, 2.3646e+00, 
 2DIAGNOSTIC,    10, -4.675293993095e-01, 3.075870748991e-05, 3.3138e+01, 4.5542e+00, 
 2DIAGNOSTIC,    11, -4.675293993090e-01, 2.326774050979e-05, 3.7771e+01, 4.6328e+00, 
 2DIAGNOSTIC,    12, -4.675293993090e-01, 1.902150005642e-05, 3.9691e+01, 1.9207e+00, 
 2DIAGNOSTIC,    13, -4.675293993090e-01, 1.420272967241e-05, 4.1358e+01, 1.6670e+00, 
 2DIAGNOSTIC,    14, -4.675293993090e-01, 9.287993457882e-06, 4.2991e+01, 1.6328e+00, 
 2DIAGNOSTIC,    15, -4.675293993090e-01, 4.838267325752e-06, 4.4716e+01, 1.7250e+00, 
 2DIAGNOSTIC,    16, -4.675293993090e-01, 1.992498360553e-06, 4.6597e+01, 1.8809e+00, 
 2DIAGNOSTIC,    17, -4.675293993090e-01, 1.879708694669e-06, 4.8582e+01, 1.9851e+00, 
 2DIAGNOSTIC,    18, -4.675293993090e-01, 1.770331368264e-06, 5.0139e+01, 1.5571e+00, 
 2DIAGNOSTIC,    19, -4.675293993090e-01, 1.674344109720e-06, 5.1738e+01, 1.5988e+00, 
 2DIAGNOSTIC,    20, -4.675293993090e-01, 1.590620380860e-06, 5.3306e+01, 1.5683e+00, 
 2DIAGNOSTIC,    21, -4.675293993090e-01, 1.514870918561e-06, 5.4892e+01, 1.5857e+00, 
 2DIAGNOSTIC,    22, -4.675293993090e-01, 1.446008260013e-06, 5.6535e+01, 1.6427e+00, 
 2DIAGNOSTIC,    23, -4.675293993090e-01, 1.383134065454e-06, 5.8354e+01, 1.8192e+00, 
 2DIAGNOSTIC,    24, -4.675293993090e-01, 1.325499728137e-06, 6.0074e+01, 1.7206e+00, 
 2DIAGNOSTIC,    25, -4.675293993090e-01, 1.272476425909e-06, 6.1691e+01, 1.6162e+00, 
 2DIAGNOSTIC,    26, -4.675293993090e-01, 1.223532084316e-06, 6.3233e+01, 1.5425e+00, 
 2DIAGNOSTIC,    27, -4.675293993090e-01, 1.178213459262e-06, 6.4797e+01, 1.5638e+00, 
 2DIAGNOSTIC,    28, -4.675293993090e-01, 1.136132059466e-06, 6.6289e+01, 1.4924e+00, 
 2DIAGNOSTIC,    29, -4.675293993090e-01, 1.096952981505e-06, 6.7765e+01, 1.4762e+00, 
 2DIAGNOSTIC,    30, -4.675293993090e-01, 1.060385978087e-06, 6.9348e+01, 1.5830e+00, 
 2DIAGNOSTIC,    31, -4.675293993090e-01, 1.026178255065e-06, 7.1006e+01, 1.6578e+00, 
  Elapsed time (stage 0): 7.1807e+01


Total elapsed time: 7.1809e+01
Info [verificarlo]: loaded backend libinterflop_ieee.so
Info [interflop-ieee]: load backend with:
Info [interflop-ieee]: debug = false
Info [interflop-ieee]: debug-binary = false
Info [interflop-ieee]: no-backend-name = false
Info [interflop-ieee]: print-new-line = false
Info [interflop-ieee]: print-subnormal-normalized = false
Info [interflop-ieee]: count-op = false
All_Command_lines_OK
Using double precision for computations.
=============================================================================
The composite transform comprises the following transforms (in order): 
  1. /home/mdugre/scratch/mri-registration-rp/datasets/ds004513/derivatives/mri-registration-rp/0001/antsRegistration-r8-p14/sub-s035/rigid_Composite.h5[0] (type = Euler3DTransform)
  2. /home/mdugre/scratch/mri-registration-rp/datasets/ds004513/derivatives/mri-registration-rp/0001/antsRegistration-r8-p14/sub-s035/rigid_Composite.h5[1] (type = Euler3DTransform)
  3. /home/mdugre/scratch/mri-registration-rp/datasets/ds004513/derivatives/mri-registration-rp/0001/antsRegistration-r8-p14/sub-s035/rigid_Composite.h5[2] (type = Euler3DTransform)
=============================================================================
  number of levels = 4
  fixed image: /templateflow/tpl-MNI152NLin2009cAsym/tpl-MNI152NLin2009cAsym_res-01_desc-brain_T1w.nii.gz
  moving image: /home/mdugre/scratch/mri-registration-rp/datasets/ds004513/derivatives/mri-registration-rp/antsBrainExtraction/sub-s035/BrainExtractionBrain.nii.gz
Dimension = 3
Number of stages = 1
Use histogram matching = false
Winsorize image intensities = true
  Lower quantile = 0.005
  Upper quantile = 0.995


Stage 1 State
   Image metric = MattesMI
     Fixed image = Image (0x37217e0)
  RTTI typeinfo:   itk::Image<double, 3u>
  Reference Count: 2
  Modified Time: 1592
  Debug: Off
  Object Name: 
  Observers: 
    none
  Source: (none)
  Source output name: (none)
  Release Data: Off
  Data Released: False
  Global Release Data: Off
  PipelineMTime: 0
  UpdateMTime: 1203
  RealTimeStamp: 0 seconds 
  LargestPossibleRegion: 
    Dimension: 3
    Index: [0, 0, 0]
    Size: [193, 229, 193]
  BufferedRegion: 
    Dimension: 3
    Index: [0, 0, 0]
    Size: [193, 229, 193]
  RequestedRegion: 
    Dimension: 3
    Index: [0, 0, 0]
    Size: [193, 229, 193]
  Spacing: [1, 1, 1]
  Origin: [96, 132, -78]
  Direction: 
-1 0 0
0 -1 0
0 0 1

  IndexToPointMatrix: 
-1 0 0
0 -1 0
0 0 1

  PointToIndexMatrix: 
-1 0 0
0 -1 0
0 0 1

  Inverse Direction: 
-1 0 0
0 -1 0
0 0 1

  PixelContainer: 
    ImportImageContainer (0x37e1a20)
      RTTI typeinfo:   itk::ImportImageContainer<unsigned long, double>
      Reference Count: 1
      Modified Time: 1200
      Debug: Off
      Object Name: 
      Observers: 
        none
      Pointer: 0x1499589cf010
      Container manages memory: true
      Size: 8530021
      Capacity: 8530021

     Moving image = Image (0x37dcd70)
  RTTI typeinfo:   itk::Image<double, 3u>
  Reference Count: 2
  Modified Time: 1593
  Debug: Off
  Object Name: 
  Observers: 
    none
  Source: (none)
  Source output name: (none)
  Release Data: Off
  Data Released: False
  Global Release Data: Off
  PipelineMTime: 0
  UpdateMTime: 1590
  RealTimeStamp: 0 seconds 
  LargestPossibleRegion: 
    Dimension: 3
    Index: [0, 0, 0]
    Size: [160, 240, 256]
  BufferedRegion: 
    Dimension: 3
    Index: [0, 0, 0]
    Size: [160, 240, 256]
  RequestedRegion: 
    Dimension: 3
    Index: [0, 0, 0]
    Size: [160, 240, 256]
  Spacing: [1, 1, 1]
  Origin: [98.6438, 87.6358, -117.989]
  Direction: 
-0.993515 -0.100993 -0.0522355
0.100854 -0.994887 0.00530255
-0.0525039 1.93537e-08 0.998621

  IndexToPointMatrix: 
-0.993515 -0.100993 -0.0522355
0.100854 -0.994887 0.00530255
-0.0525039 1.93537e-08 0.998621

  PointToIndexMatrix: 
-0.993515 0.100854 -0.0525039
-0.100993 -0.994887 1.93006e-08
-0.0522355 0.00530255 0.998621

  Inverse Direction: 
-0.993515 0.100854 -0.0525039
-0.100993 -0.994887 1.93006e-08
-0.0522355 0.00530255 0.998621

  PixelContainer: 
    ImportImageContainer (0x3794c90)
      RTTI typeinfo:   itk::ImportImageContainer<unsigned long, double>
      Reference Count: 1
      Modified Time: 1587
      Debug: Off
      Object Name: 
      Observers: 
        none
      Pointer: 0x149953ece010
      Container manages memory: true
      Size: 9830400
      Capacity: 9830400

     Weighting = 1
     Sampling strategy = regular
     Number of bins = 32
     Radius = 4
     Sampling percentage  = 0.25
   Transform = Affine
     Gradient step = 0.1
     Update field sigma (voxel space) = 0
     Total field sigma (voxel space) = 0
     Update field time sigma = 0
     Total field time sigma  = 0
     Number of time indices = 0
     Number of time point samples = 0
Registration using 1 total stages.

Stage 0
  iterations = 1000x500x250x100
  convergence threshold = 1e-06
  convergence window size = 10
  number of levels = 4
  using the Mattes MI metric (number of bins = 32, weight = 1, use gradient filter = 0)
  preprocessing:  winsorizing the image intensities
  Shrink factors (level 1 out of 4): [8, 8, 8]
  Shrink factors (level 2 out of 4): [4, 4, 4]
  Shrink factors (level 3 out of 4): [2, 2, 2]
  Shrink factors (level 4 out of 4): [1, 1, 1]
  smoothing sigmas per level: [3, 2, 1, 0]
  regular sampling (percentage = 0.25)

*** Running AffineTransform registration ***

DIAGNOSTIC,Iteration,metricValue,convergenceValue,ITERATION_TIME_INDEX,SINCE_LAST
 2DIAGNOSTIC,     1, -6.754355526315e-01, 1.797693134862e+308, 7.3645e-01, 7.3645e-01, 
 2DIAGNOSTIC,     2, -6.776456711040e-01, 1.797693134862e+308, 7.4098e-01, 4.5340e-03, 
 2DIAGNOSTIC,     3, -6.812081774097e-01, 1.797693134862e+308, 7.4517e-01, 4.1859e-03, 
 2DIAGNOSTIC,     4, -6.870476256148e-01, 1.797693134862e+308, 7.4927e-01, 4.1032e-03, 
 2DIAGNOSTIC,     5, -6.964127732354e-01, 1.797693134862e+308, 7.5319e-01, 3.9189e-03, 
 2DIAGNOSTIC,     6, -7.072390890592e-01, 1.797693134862e+308, 7.5717e-01, 3.9790e-03, 
 2DIAGNOSTIC,     7, -7.256447259605e-01, 1.797693134862e+308, 7.6267e-01, 5.5020e-03, 
 2DIAGNOSTIC,     8, -7.337649613163e-01, 1.797693134862e+308, 7.6823e-01, 5.5561e-03, 
 2DIAGNOSTIC,     9, -7.344819353482e-01, 1.797693134862e+308, 7.7221e-01, 3.9830e-03, 
 2DIAGNOSTIC,    10, -7.356225853782e-01, 6.713042987589e-03, 7.7644e-01, 4.2269e-03, 
 2DIAGNOSTIC,    11, -7.368734266427e-01, 5.859304457452e-03, 7.8112e-01, 4.6842e-03, 
 2DIAGNOSTIC,    12, -7.370412458682e-01, 4.699878867670e-03, 7.8528e-01, 4.1521e-03, 
 2DIAGNOSTIC,    13, -7.373174614689e-01, 3.417877740571e-03, 7.8969e-01, 4.4119e-03, 
 2DIAGNOSTIC,    14, -7.383934062945e-01, 2.215348003665e-03, 7.9461e-01, 4.9269e-03, 
 2DIAGNOSTIC,    15, -7.403515030787e-01, 1.275687036118e-03, 8.0174e-01, 7.1270e-03, 
 2DIAGNOSTIC,    16, -7.403180474452e-01, 5.957760791031e-04, 8.0701e-01, 5.2710e-03, 
 2DIAGNOSTIC,    17, -7.404332362641e-01, 3.702214614411e-04, 8.1186e-01, 4.8430e-03, 
 2DIAGNOSTIC,    18, -7.402820955224e-01, 3.118607543160e-04, 8.1717e-01, 5.3101e-03, 
 2DIAGNOSTIC,    19, -7.404588150799e-01, 2.488915545488e-04, 8.2245e-01, 5.2869e-03, 
 2DIAGNOSTIC,    20, -7.404382832441e-01, 1.900737477436e-04, 8.2829e-01, 5.8360e-03, 
 2DIAGNOSTIC,    21, -7.402995149342e-01, 1.404403792594e-04, 8.3356e-01, 5.2671e-03, 
 2DIAGNOSTIC,    22, -7.403738292191e-01, 8.754287131135e-05, 8.3829e-01, 4.7309e-03, 
 2DIAGNOSTIC,    23, -7.402862790750e-01, 3.433909614316e-05, 8.4410e-01, 5.8119e-03, 
DIAGNOSTIC,Iteration,metricValue,convergenceValue,ITERATION_TIME_INDEX,SINCE_LAST
 2DIAGNOSTIC,     1, -6.115885577604e-01, 1.797693134862e+308, 1.5545e+00, 7.1044e-01, 
 2DIAGNOSTIC,     2, -6.119294050055e-01, 1.797693134862e+308, 1.5992e+00, 4.4697e-02, 
 2DIAGNOSTIC,     3, -6.124356181039e-01, 1.797693134862e+308, 1.6337e+00, 3.4479e-02, 
 2DIAGNOSTIC,     4, -6.130060429710e-01, 1.797693134862e+308, 1.6716e+00, 3.7935e-02, 
 2DIAGNOSTIC,     5, -6.131254284022e-01, 1.797693134862e+308, 1.7132e+00, 4.1588e-02, 
 2DIAGNOSTIC,     6, -6.130783437060e-01, 1.797693134862e+308, 1.7544e+00, 4.1171e-02, 
 2DIAGNOSTIC,     7, -6.130979315698e-01, 1.797693134862e+308, 1.7953e+00, 4.0931e-02, 
 2DIAGNOSTIC,     8, -6.130591922413e-01, 1.797693134862e+308, 1.8360e+00, 4.0695e-02, 
 2DIAGNOSTIC,     9, -6.130556552165e-01, 1.797693134862e+308, 1.8696e+00, 3.3572e-02, 
 2DIAGNOSTIC,    10, -6.130629456956e-01, 1.391417136950e-04, 1.9072e+00, 3.7596e-02, 
 2DIAGNOSTIC,    11, -6.130518165602e-01, 7.362680241828e-05, 1.9490e+00, 4.1817e-02, 
 2DIAGNOSTIC,    12, -6.130470572524e-01, 2.547640192047e-05, 1.9868e+00, 3.7832e-02, 
DIAGNOSTIC,Iteration,metricValue,convergenceValue,ITERATION_TIME_INDEX,SINCE_LAST
 2DIAGNOSTIC,     1, -5.365713706156e-01, 1.797693134862e+308, 3.0421e+00, 1.0553e+00, 
 2DIAGNOSTIC,     2, -5.368139129377e-01, 1.797693134862e+308, 3.3024e+00, 2.6023e-01, 
 2DIAGNOSTIC,     3, -5.370863369415e-01, 1.797693134862e+308, 3.5591e+00, 2.5676e-01, 
 2DIAGNOSTIC,     4, -5.371925106601e-01, 1.797693134862e+308, 4.0251e+00, 4.6591e-01, 
 2DIAGNOSTIC,     5, -5.371885963859e-01, 1.797693134862e+308, 4.3383e+00, 3.1326e-01, 
 2DIAGNOSTIC,     6, -5.371851852123e-01, 1.797693134862e+308, 4.7378e+00, 3.9952e-01, 
 2DIAGNOSTIC,     7, -5.371847318097e-01, 1.797693134862e+308, 5.0329e+00, 2.9506e-01, 
 2DIAGNOSTIC,     8, -5.371852150091e-01, 1.797693134862e+308, 5.3518e+00, 3.1893e-01, 
 2DIAGNOSTIC,     9, -5.371849039725e-01, 1.797693134862e+308, 5.6503e+00, 2.9844e-01, 
 2DIAGNOSTIC,    10, -5.371845112649e-01, 5.622930766130e-05, 5.9131e+00, 2.6283e-01, 
 2DIAGNOSTIC,    11, -5.371835358195e-01, 2.446243686816e-05, 6.2341e+00, 3.2105e-01, 
 2DIAGNOSTIC,    12, -5.371835588690e-01, 6.463969226225e-06, 6.5270e+00, 2.9282e-01, 
 2DIAGNOSTIC,    13, -5.371812147571e-01, 1.754960544179e-06, 6.7731e+00, 2.4612e-01, 
 2DIAGNOSTIC,    14, -5.371813272405e-01, 1.803418369667e-06, 7.0381e+00, 2.6498e-01, 
 2DIAGNOSTIC,    15, -5.371829120017e-01, 1.808899364339e-06, 7.3172e+00, 2.7911e-01, 
 2DIAGNOSTIC,    16, -5.371829322489e-01, 1.728494385123e-06, 7.5696e+00, 2.5247e-01, 
 2DIAGNOSTIC,    17, -5.371811421284e-01, 1.611907703980e-06, 7.8726e+00, 3.0297e-01, 
 2DIAGNOSTIC,    18, -5.371808011037e-01, 1.539500656449e-06, 8.1447e+00, 2.7214e-01, 
 2DIAGNOSTIC,    19, -5.371782228037e-01, 1.415077084309e-06, 8.4318e+00, 2.8710e-01, 
 2DIAGNOSTIC,    20, -5.371786490567e-01, 1.328164428556e-06, 8.7030e+00, 2.7113e-01, 
 2DIAGNOSTIC,    21, -5.371781551567e-01, 1.235058896369e-06, 8.9566e+00, 2.5365e-01, 
 2DIAGNOSTIC,    22, -5.371767562775e-01, 1.145935942255e-06, 9.2068e+00, 2.5021e-01, 
 2DIAGNOSTIC,    23, -5.371757732990e-01, 1.017927470731e-06, 9.4486e+00, 2.4181e-01, 
DIAGNOSTIC,Iteration,metricValue,convergenceValue,ITERATION_TIME_INDEX,SINCE_LAST
 2DIAGNOSTIC,     1, -4.924724104899e-01, 1.797693134862e+308, 1.2205e+01, 2.7559e+00, 
 2DIAGNOSTIC,     2, -4.926120140014e-01, 1.797693134862e+308, 1.3996e+01, 1.7918e+00, 
 2DIAGNOSTIC,     3, -4.926968575816e-01, 1.797693134862e+308, 1.7344e+01, 3.3476e+00, 
 2DIAGNOSTIC,     4, -4.926977248771e-01, 1.797693134862e+308, 1.9211e+01, 1.8671e+00, 
 2DIAGNOSTIC,     5, -4.926976503039e-01, 1.797693134862e+308, 2.1081e+01, 1.8702e+00, 
 2DIAGNOSTIC,     6, -4.926972229942e-01, 1.797693134862e+308, 2.4030e+01, 2.9484e+00, 
 2DIAGNOSTIC,     7, -4.926973191011e-01, 1.797693134862e+308, 2.6112e+01, 2.0821e+00, 
 2DIAGNOSTIC,     8, -4.926971615794e-01, 1.797693134862e+308, 2.8079e+01, 1.9677e+00, 
 2DIAGNOSTIC,     9, -4.926971136815e-01, 1.797693134862e+308, 2.9934e+01, 1.8545e+00, 
 2DIAGNOSTIC,    10, -4.926970921706e-01, 2.042825419392e-05, 3.1814e+01, 1.8797e+00, 
 2DIAGNOSTIC,    11, -4.926969377112e-01, 7.322786390276e-06, 3.3835e+01, 2.0218e+00, 
 2DIAGNOSTIC,    12, -4.926967602747e-01, 2.590685593856e-06, 3.5750e+01, 1.9142e+00, 
 2DIAGNOSTIC,    13, -4.926966929931e-01, 2.352804807593e-06, 3.7664e+01, 1.9143e+00, 
 2DIAGNOSTIC,    14, -4.926967202799e-01, 2.194217424284e-06, 3.9451e+01, 1.7868e+00, 
 2DIAGNOSTIC,    15, -4.926966569409e-01, 2.058882928979e-06, 4.1237e+01, 1.7863e+00, 
