
##########################
# Experiment information #
##########################

EXPERIMENT_NAME: antsRegistration-r8-p22
VFC_BACKENDS: libinterflop_vprec.so --range-binary32=8 --precision-binary32=22 --range-binary64=8 --precision-binary64=22

SIF_IMG: /home/mdugre/projects/rrg-glatard/mdugre/containers/ants-vprec-no_metrics.simg

SUBJECT_ID: s033
INPUT_IMG: /home/mdugre/scratch/mri-registration-rp/datasets/ds004513/derivatives/mri-registration-rp/antsBrainExtraction/sub-s033/BrainExtractionBrain.nii.gz
OUTPUT_DIR: /home/mdugre/scratch/mri-registration-rp/datasets/ds004513/derivatives/mri-registration-rp/0001/antsRegistration-r8-p22/sub-s033

FIXED_IMG: /templateflow/tpl-MNI152NLin2009cAsym/tpl-MNI152NLin2009cAsym_res-01_desc-brain_T1w.nii.gz
DATA_DIR: /home/mdugre/scratch/mri-registration-rp/datasets/ds004513
TEMPLATEFLOW_DIR: /home/mdugre/projects/rrg-glatard/mdugre/templateflow
ITK_GLOBAL_DEFAULT_NUMBER_OF_THREADS: 16
##########################

Info [verificarlo]: loaded backend libinterflop_ieee.so
Info [interflop-ieee]: load backend with:
Info [interflop-ieee]: debug = false
Info [interflop-ieee]: debug-binary = false
Info [interflop-ieee]: no-backend-name = false
Info [interflop-ieee]: print-new-line = false
Info [interflop-ieee]: print-subnormal-normalized = false
Info [interflop-ieee]: count-op = false
All_Command_lines_OK
Using double precision for computations.
=============================================================================
The composite transform comprises the following transforms (in order): 
  1. Center of mass alignment using fixed image: /templateflow/tpl-MNI152NLin2009cAsym/tpl-MNI152NLin2009cAsym_res-01_desc-brain_T1w.nii.gz and moving image: /home/mdugre/scratch/mri-registration-rp/datasets/ds004513/derivatives/mri-registration-rp/antsBrainExtraction/sub-s033/BrainExtractionBrain.nii.gz (type = Euler3DTransform)
=============================================================================
  number of levels = 1
  fixed image: /templateflow/tpl-MNI152NLin2009cAsym/tpl-MNI152NLin2009cAsym_res-01_desc-brain_T1w.nii.gz
  moving image: /home/mdugre/scratch/mri-registration-rp/datasets/ds004513/derivatives/mri-registration-rp/antsBrainExtraction/sub-s033/BrainExtractionBrain.nii.gz
Dimension = 3
Number of stages = 1
Use histogram matching = false
Winsorize image intensities = true
  Lower quantile = 0.005
  Upper quantile = 0.995


Stage 1 State
   Image metric = MattesMI
     Fixed image = Image (0x38f6e70)
  RTTI typeinfo:   itk::Image<double, 3u>
  Reference Count: 2
  Modified Time: 2330
  Debug: Off
  Object Name: 
  Observers: 
    none
  Source: (none)
  Source output name: (none)
  Release Data: Off
  Data Released: False
  Global Release Data: Off
  PipelineMTime: 0
  UpdateMTime: 1941
  RealTimeStamp: 0 seconds 
  LargestPossibleRegion: 
    Dimension: 3
    Index: [0, 0, 0]
    Size: [193, 229, 193]
  BufferedRegion: 
    Dimension: 3
    Index: [0, 0, 0]
    Size: [193, 229, 193]
  RequestedRegion: 
    Dimension: 3
    Index: [0, 0, 0]
    Size: [193, 229, 193]
  Spacing: [1, 1, 1]
  Origin: [96, 132, -78]
  Direction: 
-1 0 0
0 -1 0
0 0 1

  IndexToPointMatrix: 
-1 0 0
0 -1 0
0 0 1

  PointToIndexMatrix: 
-1 0 0
0 -1 0
0 0 1

  Inverse Direction: 
-1 0 0
0 -1 0
0 0 1

  PixelContainer: 
    ImportImageContainer (0x38ffc60)
      RTTI typeinfo:   itk::ImportImageContainer<unsigned long, double>
      Reference Count: 1
      Modified Time: 1938
      Debug: Off
      Object Name: 
      Observers: 
        none
      Pointer: 0x149ed448a010
      Container manages memory: true
      Size: 8530021
      Capacity: 8530021

     Moving image = Image (0x38f9540)
  RTTI typeinfo:   itk::Image<double, 3u>
  Reference Count: 2
  Modified Time: 2331
  Debug: Off
  Object Name: 
  Observers: 
    none
  Source: (none)
  Source output name: (none)
  Release Data: Off
  Data Released: False
  Global Release Data: Off
  PipelineMTime: 0
  UpdateMTime: 2328
  RealTimeStamp: 0 seconds 
  LargestPossibleRegion: 
    Dimension: 3
    Index: [0, 0, 0]
    Size: [160, 240, 256]
  BufferedRegion: 
    Dimension: 3
    Index: [0, 0, 0]
    Size: [160, 240, 256]
  RequestedRegion: 
    Dimension: 3
    Index: [0, 0, 0]
    Size: [160, 240, 256]
  Spacing: [1, 1, 1]
  Origin: [91.5134, 94.282, -109.927]
  Direction: 
-0.99591 -0.0698718 -0.0572835
0.0697565 -0.997556 0.00401236
-0.0574239 5.01125e-08 0.99835

  IndexToPointMatrix: 
-0.99591 -0.0698718 -0.0572835
0.0697565 -0.997556 0.00401236
-0.0574239 5.01125e-08 0.99835

  PointToIndexMatrix: 
-0.99591 0.0697565 -0.0574239
-0.0698718 -0.997556 5.01483e-08
-0.0572835 0.00401236 0.99835

  Inverse Direction: 
-0.99591 0.0697565 -0.0574239
-0.0698718 -0.997556 5.01483e-08
-0.0572835 0.00401236 0.99835

  PixelContainer: 
    ImportImageContainer (0x3a0b610)
      RTTI typeinfo:   itk::ImportImageContainer<unsigned long, double>
      Reference Count: 1
      Modified Time: 2325
      Debug: Off
      Object Name: 
      Observers: 
        none
      Pointer: 0x149ecf989010
      Container manages memory: true
      Size: 9830400
      Capacity: 9830400

     Weighting = 1
     Sampling strategy = regular
     Number of bins = 32
     Radius = 4
     Sampling percentage  = 0.25
   Transform = Rigid
     Gradient step = 0.1
     Update field sigma (voxel space) = 0
     Total field sigma (voxel space) = 0
     Update field time sigma = 0
     Total field time sigma  = 0
     Number of time indices = 0
     Number of time point samples = 0
Registration using 1 total stages.

Stage 0
  iterations = 0
  convergence threshold = 1e-06
  convergence window size = 10
  number of levels = 1
  using the Mattes MI metric (number of bins = 32, weight = 1, use gradient filter = 0)
  preprocessing:  winsorizing the image intensities
  Shrink factors (level 1 out of 1): [1, 1, 1]
  smoothing sigmas per level: [0]
  regular sampling (percentage = 0.25)

*** Running Euler3DTransform registration ***

  Elapsed time (stage 0): 1.10923


Total elapsed time: 1.11215
Info [verificarlo]: loaded backend libinterflop_ieee.so
Info [interflop-ieee]: load backend with:
Info [interflop-ieee]: debug = false
Info [interflop-ieee]: debug-binary = false
Info [interflop-ieee]: no-backend-name = false
Info [interflop-ieee]: print-new-line = false
Info [interflop-ieee]: print-subnormal-normalized = false
Info [interflop-ieee]: count-op = false
All_Command_lines_OK
Using double precision for computations.
=============================================================================
The composite transform comprises the following transforms (in order): 
  1. /home/mdugre/scratch/mri-registration-rp/datasets/ds004513/derivatives/mri-registration-rp/0001/antsRegistration-r8-p22/sub-s033/align_Composite.h5[0] (type = Euler3DTransform)
  2. /home/mdugre/scratch/mri-registration-rp/datasets/ds004513/derivatives/mri-registration-rp/0001/antsRegistration-r8-p22/sub-s033/align_Composite.h5[1] (type = Euler3DTransform)
=============================================================================
  number of levels = 4
  fixed image: /templateflow/tpl-MNI152NLin2009cAsym/tpl-MNI152NLin2009cAsym_res-01_desc-brain_T1w.nii.gz
  moving image: /home/mdugre/scratch/mri-registration-rp/datasets/ds004513/derivatives/mri-registration-rp/antsBrainExtraction/sub-s033/BrainExtractionBrain.nii.gz
Dimension = 3
Number of stages = 1
Use histogram matching = false
Winsorize image intensities = true
  Lower quantile = 0.005
  Upper quantile = 0.995


Stage 1 State
   Image metric = MattesMI
     Fixed image = Image (0x3c21530)
  RTTI typeinfo:   itk::Image<double, 3u>
  Reference Count: 2
  Modified Time: 1578
  Debug: Off
  Object Name: 
  Observers: 
    none
  Source: (none)
  Source output name: (none)
  Release Data: Off
  Data Released: False
  Global Release Data: Off
  PipelineMTime: 0
  UpdateMTime: 1189
  RealTimeStamp: 0 seconds 
  LargestPossibleRegion: 
    Dimension: 3
    Index: [0, 0, 0]
    Size: [193, 229, 193]
  BufferedRegion: 
    Dimension: 3
    Index: [0, 0, 0]
    Size: [193, 229, 193]
  RequestedRegion: 
    Dimension: 3
    Index: [0, 0, 0]
    Size: [193, 229, 193]
  Spacing: [1, 1, 1]
  Origin: [96, 132, -78]
  Direction: 
-1 0 0
0 -1 0
0 0 1

  IndexToPointMatrix: 
-1 0 0
0 -1 0
0 0 1

  PointToIndexMatrix: 
-1 0 0
0 -1 0
0 0 1

  Inverse Direction: 
-1 0 0
0 -1 0
0 0 1

  PixelContainer: 
    ImportImageContainer (0x3cdfd60)
      RTTI typeinfo:   itk::ImportImageContainer<unsigned long, double>
      Reference Count: 1
      Modified Time: 1186
      Debug: Off
      Object Name: 
      Observers: 
        none
      Pointer: 0x14c5a7a2d010
      Container manages memory: true
      Size: 8530021
      Capacity: 8530021

     Moving image = Image (0x3cd1f60)
  RTTI typeinfo:   itk::Image<double, 3u>
  Reference Count: 2
  Modified Time: 1579
  Debug: Off
  Object Name: 
  Observers: 
    none
  Source: (none)
  Source output name: (none)
  Release Data: Off
  Data Released: False
  Global Release Data: Off
  PipelineMTime: 0
  UpdateMTime: 1576
  RealTimeStamp: 0 seconds 
  LargestPossibleRegion: 
    Dimension: 3
    Index: [0, 0, 0]
    Size: [160, 240, 256]
  BufferedRegion: 
    Dimension: 3
    Index: [0, 0, 0]
    Size: [160, 240, 256]
  RequestedRegion: 
    Dimension: 3
    Index: [0, 0, 0]
    Size: [160, 240, 256]
  Spacing: [1, 1, 1]
  Origin: [91.5134, 94.282, -109.927]
  Direction: 
-0.99591 -0.0698718 -0.0572835
0.0697565 -0.997556 0.00401236
-0.0574239 5.01125e-08 0.99835

  IndexToPointMatrix: 
-0.99591 -0.0698718 -0.0572835
0.0697565 -0.997556 0.00401236
-0.0574239 5.01125e-08 0.99835

  PointToIndexMatrix: 
-0.99591 0.0697565 -0.0574239
-0.0698718 -0.997556 5.01483e-08
-0.0572835 0.00401236 0.99835

  Inverse Direction: 
-0.99591 0.0697565 -0.0574239
-0.0698718 -0.997556 5.01483e-08
-0.0572835 0.00401236 0.99835

  PixelContainer: 
    ImportImageContainer (0x3cc36d0)
      RTTI typeinfo:   itk::ImportImageContainer<unsigned long, double>
      Reference Count: 1
      Modified Time: 1573
      Debug: Off
      Object Name: 
      Observers: 
        none
      Pointer: 0x14c5a2f2c010
      Container manages memory: true
      Size: 9830400
      Capacity: 9830400

     Weighting = 1
     Sampling strategy = regular
     Number of bins = 32
     Radius = 4
     Sampling percentage  = 0.25
   Transform = Rigid
     Gradient step = 0.1
     Update field sigma (voxel space) = 0
     Total field sigma (voxel space) = 0
     Update field time sigma = 0
     Total field time sigma  = 0
     Number of time indices = 0
     Number of time point samples = 0
Registration using 1 total stages.

Stage 0
  iterations = 1000x500x250x100
  convergence threshold = 1e-06
  convergence window size = 10
  number of levels = 4
  using the Mattes MI metric (number of bins = 32, weight = 1, use gradient filter = 0)
  preprocessing:  winsorizing the image intensities
  Shrink factors (level 1 out of 4): [8, 8, 8]
  Shrink factors (level 2 out of 4): [4, 4, 4]
  Shrink factors (level 3 out of 4): [2, 2, 2]
  Shrink factors (level 4 out of 4): [1, 1, 1]
  smoothing sigmas per level: [3, 2, 1, 0]
  regular sampling (percentage = 0.25)

*** Running Euler3DTransform registration ***

DIAGNOSTIC,Iteration,metricValue,convergenceValue,ITERATION_TIME_INDEX,SINCE_LAST
 2DIAGNOSTIC,     1, -4.945365495269e-01, 1.797693134862e+308, 1.0002e+00, 1.0002e+00, 
 2DIAGNOSTIC,     2, -4.961551199262e-01, 1.797693134862e+308, 1.0051e+00, 4.9360e-03, 
 2DIAGNOSTIC,     3, -4.991207097076e-01, 1.797693134862e+308, 1.0097e+00, 4.5681e-03, 
 2DIAGNOSTIC,     4, -5.030359852117e-01, 1.797693134862e+308, 1.0143e+00, 4.5841e-03, 
 2DIAGNOSTIC,     5, -5.059125054655e-01, 1.797693134862e+308, 1.0188e+00, 4.5230e-03, 
 2DIAGNOSTIC,     6, -5.092815596254e-01, 1.797693134862e+308, 1.0242e+00, 5.3840e-03, 
 2DIAGNOSTIC,     7, -5.205915484568e-01, 1.797693134862e+308, 1.0290e+00, 4.8518e-03, 
 2DIAGNOSTIC,     8, -5.236677933913e-01, 1.797693134862e+308, 1.0338e+00, 4.7729e-03, 
 2DIAGNOSTIC,     9, -5.261653611514e-01, 1.797693134862e+308, 1.0389e+00, 5.0819e-03, 
 2DIAGNOSTIC,    10, -5.313843279548e-01, 4.956236851461e-03, 1.0440e+00, 5.0859e-03, 
 2DIAGNOSTIC,    11, -5.461121550605e-01, 5.255951709877e-03, 1.0499e+00, 5.9400e-03, 
 2DIAGNOSTIC,    12, -5.563506773259e-01, 5.544499219497e-03, 1.0543e+00, 4.4098e-03, 
 2DIAGNOSTIC,    13, -6.011783753087e-01, 7.240286203960e-03, 1.0599e+00, 5.5671e-03, 
 2DIAGNOSTIC,    14, -6.166052825025e-01, 8.701253899177e-03, 1.0643e+00, 4.4508e-03, 
 2DIAGNOSTIC,    15, -6.211428291647e-01, 9.416357351021e-03, 1.0688e+00, 4.4370e-03, 
 2DIAGNOSTIC,    16, -6.235432151681e-01, 9.368281935757e-03, 1.0738e+00, 5.0600e-03, 
 2DIAGNOSTIC,    17, -6.347577461908e-01, 9.145335029502e-03, 1.0798e+00, 5.9600e-03, 
 2DIAGNOSTIC,    18, -6.413138476778e-01, 8.359392953950e-03, 1.0848e+00, 5.0330e-03, 
 2DIAGNOSTIC,    19, -6.420802714045e-01, 6.980623462164e-03, 1.0901e+00, 5.2562e-03, 
 2DIAGNOSTIC,    20, -6.425493370432e-01, 5.272872589266e-03, 1.0943e+00, 4.2379e-03, 
 2DIAGNOSTIC,    21, -6.431795004512e-01, 3.641466671800e-03, 1.0992e+00, 4.8349e-03, 
 2DIAGNOSTIC,    22, -6.434078410103e-01, 2.049113987676e-03, 1.1033e+00, 4.1511e-03, 
 2DIAGNOSTIC,    23, -6.435083889879e-01, 1.381096893907e-03, 1.1081e+00, 4.8091e-03, 
 2DIAGNOSTIC,    24, -6.436807757162e-01, 9.688116320576e-04, 1.1135e+00, 5.4278e-03, 
 2DIAGNOSTIC,    25, -6.439989398039e-01, 6.014653756479e-04, 1.1195e+00, 5.9080e-03, 
 2DIAGNOSTIC,    26, -6.448361539043e-01, 2.655196757575e-04, 1.1238e+00, 4.3011e-03, 
 2DIAGNOSTIC,    27, -6.460796035967e-01, 1.536865527552e-04, 1.1284e+00, 4.6670e-03, 
 2DIAGNOSTIC,    28, -6.463976195994e-01, 1.550353439500e-04, 1.1326e+00, 4.1990e-03, 
 2DIAGNOSTIC,    29, -6.463935457975e-01, 1.547432187692e-04, 1.1368e+00, 4.1840e-03, 
 2DIAGNOSTIC,    30, -6.464392298146e-01, 1.482978511380e-04, 1.1415e+00, 4.7290e-03, 
 2DIAGNOSTIC,    31, -6.463723508631e-01, 1.368671493470e-04, 1.1456e+00, 4.0882e-03, 
 2DIAGNOSTIC,    32, -6.464254416110e-01, 1.173265671924e-04, 1.1509e+00, 5.2390e-03, 
 2DIAGNOSTIC,    33, -6.464354984466e-01, 8.969328321378e-05, 1.1638e+00, 1.2894e-02, 
 2DIAGNOSTIC,    34, -6.464354984137e-01, 5.811487515112e-05, 1.1768e+00, 1.3057e-02, 
 2DIAGNOSTIC,    35, -6.464354984137e-01, 2.735367926528e-05, 1.1820e+00, 5.1541e-03, 
 2DIAGNOSTIC,    36, -6.464354984137e-01, 6.561976297580e-06, 1.1881e+00, 6.1781e-03, 
 2DIAGNOSTIC,    37, -6.464354984137e-01, 2.244499722474e-06, 1.1928e+00, 4.6961e-03, 
 2DIAGNOSTIC,    38, -6.464354984137e-01, 1.990754581096e-06, 1.1975e+00, 4.6670e-03, 
 2DIAGNOSTIC,    39, -6.464354984137e-01, 1.582335724417e-06, 1.2026e+00, 5.0719e-03, 
 2DIAGNOSTIC,    40, -6.464354984137e-01, 1.698172822279e-06, 1.2072e+00, 4.6539e-03, 
DIAGNOSTIC,Iteration,metricValue,convergenceValue,ITERATION_TIME_INDEX,SINCE_LAST
 2DIAGNOSTIC,     1, -5.367244452441e-01, 1.797693134862e+308, 1.8872e+00, 6.8001e-01, 
 2DIAGNOSTIC,     2, -5.380313836256e-01, 1.797693134862e+308, 1.9154e+00, 2.8125e-02, 
 2DIAGNOSTIC,     3, -5.401731911949e-01, 1.797693134862e+308, 1.9448e+00, 2.9396e-02, 
 2DIAGNOSTIC,     4, -5.431881345427e-01, 1.797693134862e+308, 1.9739e+00, 2.9096e-02, 
 2DIAGNOSTIC,     5, -5.453557597097e-01, 1.797693134862e+308, 2.0019e+00, 2.7993e-02, 
 2DIAGNOSTIC,     6, -5.461088565581e-01, 1.797693134862e+308, 2.0306e+00, 2.8703e-02, 
 2DIAGNOSTIC,     7, -5.462086681285e-01, 1.797693134862e+308, 2.0620e+00, 3.1495e-02, 
 2DIAGNOSTIC,     8, -5.464869267839e-01, 1.797693134862e+308, 2.0980e+00, 3.5934e-02, 
 2DIAGNOSTIC,     9, -5.465850814595e-01, 1.797693134862e+308, 2.1384e+00, 4.0421e-02, 
 2DIAGNOSTIC,    10, -5.466464839174e-01, 1.224741202014e-03, 2.1668e+00, 2.8357e-02, 
 2DIAGNOSTIC,    11, -5.470487707644e-01, 8.391099563440e-04, 2.1987e+00, 3.1928e-02, 
 2DIAGNOSTIC,    12, -5.471506826489e-01, 5.042748116334e-04, 2.2303e+00, 3.1638e-02, 
 2DIAGNOSTIC,    13, -5.471747723777e-01, 2.608962739871e-04, 2.2696e+00, 3.9289e-02, 
 2DIAGNOSTIC,    14, -5.471893677624e-01, 1.401592611455e-04, 2.3018e+00, 3.2145e-02, 
 2DIAGNOSTIC,    15, -5.471839955709e-01, 9.761646288080e-05, 2.3332e+00, 3.1446e-02, 
 2DIAGNOSTIC,    16, -5.471599230135e-01, 7.527608920382e-05, 2.3612e+00, 2.7956e-02, 
 2DIAGNOSTIC,    17, -5.471662422160e-01, 5.183180317350e-05, 2.3897e+00, 2.8578e-02, 
 2DIAGNOSTIC,    18, -5.471747029904e-01, 3.478198194992e-05, 2.4222e+00, 3.2443e-02, 
 2DIAGNOSTIC,    19, -5.471813452730e-01, 1.945631665785e-05, 2.4537e+00, 3.1491e-02, 
 2DIAGNOSTIC,    20, -5.471662915454e-01, 4.969838731730e-06, 2.4866e+00, 3.2877e-02, 
 2DIAGNOSTIC,    21, -5.471844159724e-01, 1.951266279929e-06, 2.5205e+00, 3.3945e-02, 
 2DIAGNOSTIC,    22, -5.471946856270e-01, 1.794831203480e-06, 2.5511e+00, 3.0629e-02, 
 2DIAGNOSTIC,    23, -5.472309778284e-01, 2.955891968678e-06, 2.5814e+00, 3.0272e-02, 
 2DIAGNOSTIC,    24, -5.472460347875e-01, 4.500345867672e-06, 2.6153e+00, 3.3919e-02, 
 2DIAGNOSTIC,    25, -5.473225344749e-01, 7.130562025386e-06, 2.6457e+00, 3.0366e-02, 
 2DIAGNOSTIC,    26, -5.474469322988e-01, 1.098291065470e-05, 2.6744e+00, 2.8690e-02, 
 2DIAGNOSTIC,    27, -5.481013380427e-01, 2.630865679049e-05, 2.7059e+00, 3.1499e-02, 
 2DIAGNOSTIC,    28, -5.480678935425e-01, 3.738993118802e-05, 2.7444e+00, 3.8566e-02, 
 2DIAGNOSTIC,    29, -5.482084716609e-01, 4.712039856752e-05, 2.7786e+00, 3.4167e-02, 
 2DIAGNOSTIC,    30, -5.482082518998e-01, 5.166414567393e-05, 2.8096e+00, 3.0989e-02, 
 2DIAGNOSTIC,    31, -5.482014616177e-01, 5.125921371608e-05, 2.8412e+00, 3.1650e-02, 
 2DIAGNOSTIC,    32, -5.481815957334e-01, 4.582630677609e-05, 2.8695e+00, 2.8222e-02, 
 2DIAGNOSTIC,    33, -5.481718257530e-01, 3.689943088884e-05, 2.8977e+00, 2.8211e-02, 
 2DIAGNOSTIC,    34, -5.481825626791e-01, 2.560031591112e-05, 2.9255e+00, 2.7853e-02, 
 2DIAGNOSTIC,    35, -5.481838557744e-01, 1.379952354472e-05, 2.9543e+00, 2.8806e-02, 
 2DIAGNOSTIC,    36, -5.481854579965e-01, 3.009184169223e-06, 2.9839e+00, 2.9543e-02, 
 2DIAGNOSTIC,    37, -5.482631349724e-01, 2.936489866906e-06, 3.0183e+00, 3.4460e-02, 
 2DIAGNOSTIC,    38, -5.482856021602e-01, 2.436033170929e-06, 3.0517e+00, 3.3357e-02, 
 2DIAGNOSTIC,    39, -5.482706820803e-01, 3.481464802783e-06, 3.0852e+00, 3.3499e-02, 
 2DIAGNOSTIC,    40, -5.481987755582e-01, 3.305009489564e-06, 3.1185e+00, 3.3256e-02, 
 2DIAGNOSTIC,    41, -5.482804155442e-01, 3.879248196354e-06, 3.1528e+00, 3.4380e-02, 
 2DIAGNOSTIC,    42, -5.481859567769e-01, 2.660353866646e-06, 3.1900e+00, 3.7124e-02, 
 2DIAGNOSTIC,    43, -5.482756811313e-01, 2.302926892541e-06, 3.2296e+00, 3.9656e-02, 
 2DIAGNOSTIC,    44, -5.483025244431e-01, 2.248401899288e-06, 3.2623e+00, 3.2698e-02, 
 2DIAGNOSTIC,    45, -5.482811788394e-01, 1.830464801945e-06, 3.3017e+00, 3.9366e-02, 
 2DIAGNOSTIC,    46, -5.482645577078e-01, 1.147473828272e-06, 3.3388e+00, 3.7088e-02, 
 2DIAGNOSTIC,    47, -5.482548593036e-01, 1.197460576367e-06, 3.4413e+00, 1.0251e-01, 
 2DIAGNOSTIC,    48, -5.482548593025e-01, 1.431999947722e-06, 3.5401e+00, 9.8781e-02, 
 2DIAGNOSTIC,    49, -5.482548593025e-01, 1.429498362158e-06, 3.5748e+00, 3.4694e-02, 
DIAGNOSTIC,Iteration,metricValue,convergenceValue,ITERATION_TIME_INDEX,SINCE_LAST
 2DIAGNOSTIC,     1, -4.661873927247e-01, 1.797693134862e+308, 4.7770e+00, 1.2023e+00, 
 2DIAGNOSTIC,     2, -4.663634397141e-01, 1.797693134862e+308, 5.0500e+00, 2.7292e-01, 
 2DIAGNOSTIC,     3, -4.665065260904e-01, 1.797693134862e+308, 5.3219e+00, 2.7193e-01, 
 2DIAGNOSTIC,     4, -4.666272930408e-01, 1.797693134862e+308, 5.5984e+00, 2.7652e-01, 
 2DIAGNOSTIC,     5, -4.667166874750e-01, 1.797693134862e+308, 5.8747e+00, 2.7628e-01, 
 2DIAGNOSTIC,     6, -4.668667228521e-01, 1.797693134862e+308, 6.1362e+00, 2.6153e-01, 
 2DIAGNOSTIC,     7, -4.669697646547e-01, 1.797693134862e+308, 6.4048e+00, 2.6863e-01, 
 2DIAGNOSTIC,     8, -4.670258350411e-01, 1.797693134862e+308, 6.7818e+00, 3.7693e-01, 
 2DIAGNOSTIC,     9, -4.670791313825e-01, 1.797693134862e+308, 7.0466e+00, 2.6483e-01, 
 2DIAGNOSTIC,    10, -4.671177519191e-01, 1.313508607825e-04, 7.3143e+00, 2.6774e-01, 
 2DIAGNOSTIC,    11, -4.671984779454e-01, 1.051590494534e-04, 7.5727e+00, 2.5840e-01, 
 2DIAGNOSTIC,    12, -4.674361308801e-01, 9.491447790118e-05, 7.9390e+00, 3.6627e-01, 
 2DIAGNOSTIC,    13, -4.675162723352e-01, 8.805762281781e-05, 8.1588e+00, 2.1979e-01, 
 2DIAGNOSTIC,    14, -4.675732984318e-01, 8.220328102905e-05, 8.4894e+00, 3.3063e-01, 
 2DIAGNOSTIC,    15, -4.675740519853e-01, 7.348797969661e-05, 8.7811e+00, 2.9167e-01, 
 2DIAGNOSTIC,    16, -4.675763025490e-01, 6.504179124361e-05, 9.1899e+00, 4.0884e-01, 
 2DIAGNOSTIC,    17, -4.675763988932e-01, 5.533218800769e-05, 9.3988e+00, 2.0888e-01, 
 2DIAGNOSTIC,    18, -4.675746398107e-01, 4.352691596412e-05, 9.6149e+00, 2.1611e-01, 
 2DIAGNOSTIC,    19, -4.675729805335e-01, 3.083191002500e-05, 9.8687e+00, 2.5374e-01, 
 2DIAGNOSTIC,    20, -4.675713166477e-01, 1.787287462834e-05, 1.0095e+01, 2.2600e-01, 
 2DIAGNOSTIC,    21, -4.675679156857e-01, 6.728962900188e-06, 1.0338e+01, 2.4383e-01, 
 2DIAGNOSTIC,    22, -4.675676525479e-01, 2.633909601549e-06, 1.0598e+01, 2.5989e-01, 
DIAGNOSTIC,Iteration,metricValue,convergenceValue,ITERATION_TIME_INDEX,SINCE_LAST
 2DIAGNOSTIC,     1, -4.258650666470e-01, 1.797693134862e+308, 1.3020e+01, 2.4215e+00, 
 2DIAGNOSTIC,     2, -4.259686170894e-01, 1.797693134862e+308, 1.4346e+01, 1.3265e+00, 
 2DIAGNOSTIC,     3, -4.260095473862e-01, 1.797693134862e+308, 1.6371e+01, 2.0242e+00, 
 2DIAGNOSTIC,     4, -4.260079789769e-01, 1.797693134862e+308, 1.8783e+01, 2.4125e+00, 
 2DIAGNOSTIC,     5, -4.260082730578e-01, 1.797693134862e+308, 2.0249e+01, 1.4655e+00, 
 2DIAGNOSTIC,     6, -4.260081855735e-01, 1.797693134862e+308, 2.1959e+01, 1.7101e+00, 
 2DIAGNOSTIC,     7, -4.260082295850e-01, 1.797693134862e+308, 2.3640e+01, 1.6813e+00, 
 2DIAGNOSTIC,     8, -4.260082713456e-01, 1.797693134862e+308, 2.5304e+01, 1.6642e+00, 
 2DIAGNOSTIC,     9, -4.260078909461e-01, 1.797693134862e+308, 2.6898e+01, 1.5934e+00, 
 2DIAGNOSTIC,    10, -4.260080319140e-01, 1.495528981436e-05, 2.8477e+01, 1.5790e+00, 
 2DIAGNOSTIC,    11, -4.260076673730e-01, 5.176762374215e-06, 2.9878e+01, 1.4015e+00, 
 2DIAGNOSTIC,    12, -4.260078222824e-01, 2.523199327586e-06, 3.1355e+01, 1.4772e+00, 
 2DIAGNOSTIC,    13, -4.260075438373e-01, 2.377818692598e-06, 3.3048e+01, 1.6924e+00, 
 2DIAGNOSTIC,    14, -4.260073498024e-01, 2.175542003630e-06, 3.4713e+01, 1.6657e+00, 
 2DIAGNOSTIC,    15, -4.260072577042e-01, 2.018439328982e-06, 3.6296e+01, 1.5825e+00, 
 2DIAGNOSTIC,    16, -4.260070640441e-01, 1.878374143990e-06, 3.7594e+01, 1.2977e+00, 
 2DIAGNOSTIC,    17, -4.260070805113e-01, 1.767174381703e-06, 3.8997e+01, 1.4032e+00, 
 2DIAGNOSTIC,    18, -4.260077193449e-01, 1.703433719948e-06, 4.0789e+01, 1.7919e+00, 
 2DIAGNOSTIC,    19, -4.260078314395e-01, 1.642106638257e-06, 4.2261e+01, 1.4720e+00, 
 2DIAGNOSTIC,    20, -4.260078408771e-01, 1.595434618612e-06, 4.3557e+01, 1.2959e+00, 
 2DIAGNOSTIC,    21, -4.260077517859e-01, 1.538468640976e-06, 4.5044e+01, 1.4870e+00, 
 2DIAGNOSTIC,    22, -4.260076589440e-01, 1.486555321215e-06, 4.6748e+01, 1.7043e+00, 
 2DIAGNOSTIC,    23, -4.260075634893e-01, 1.424271404975e-06, 4.8383e+01, 1.6354e+00, 
 2DIAGNOSTIC,    24, -4.260074690146e-01, 1.355195380602e-06, 4.9665e+01, 1.2815e+00, 
 2DIAGNOSTIC,    25, -4.260071758336e-01, 1.278995821731e-06, 5.1029e+01, 1.3643e+00, 
 2DIAGNOSTIC,    26, -4.260073003409e-01, 1.206689622626e-06, 5.2539e+01, 1.5100e+00, 
 2DIAGNOSTIC,    27, -4.260077443069e-01, 1.152124456567e-06, 5.4039e+01, 1.5003e+00, 
 2DIAGNOSTIC,    28, -4.260075634480e-01, 1.114391299892e-06, 5.5344e+01, 1.3043e+00, 
 2DIAGNOSTIC,    29, -4.260077080772e-01, 1.087508417867e-06, 5.6945e+01, 1.6008e+00, 
 2DIAGNOSTIC,    30, -4.260078397571e-01, 1.066570030954e-06, 5.8797e+01, 1.8528e+00, 
 2DIAGNOSTIC,    31, -4.260076498778e-01, 1.040224656718e-06, 6.0475e+01, 1.6779e+00, 
 2DIAGNOSTIC,    32, -4.260073530730e-01, 1.006045369539e-06, 6.1960e+01, 1.4844e+00, 
  Elapsed time (stage 0): 6.2871e+01


Total elapsed time: 6.2874e+01
Info [verificarlo]: loaded backend libinterflop_ieee.so
Info [interflop-ieee]: load backend with:
Info [interflop-ieee]: debug = false
Info [interflop-ieee]: debug-binary = false
Info [interflop-ieee]: no-backend-name = false
Info [interflop-ieee]: print-new-line = false
Info [interflop-ieee]: print-subnormal-normalized = false
Info [interflop-ieee]: count-op = false
All_Command_lines_OK
Using double precision for computations.
=============================================================================
The composite transform comprises the following transforms (in order): 
  1. /home/mdugre/scratch/mri-registration-rp/datasets/ds004513/derivatives/mri-registration-rp/0001/antsRegistration-r8-p22/sub-s033/rigid_Composite.h5[0] (type = Euler3DTransform)
  2. /home/mdugre/scratch/mri-registration-rp/datasets/ds004513/derivatives/mri-registration-rp/0001/antsRegistration-r8-p22/sub-s033/rigid_Composite.h5[1] (type = Euler3DTransform)
  3. /home/mdugre/scratch/mri-registration-rp/datasets/ds004513/derivatives/mri-registration-rp/0001/antsRegistration-r8-p22/sub-s033/rigid_Composite.h5[2] (type = Euler3DTransform)
=============================================================================
  number of levels = 4
  fixed image: /templateflow/tpl-MNI152NLin2009cAsym/tpl-MNI152NLin2009cAsym_res-01_desc-brain_T1w.nii.gz
  moving image: /home/mdugre/scratch/mri-registration-rp/datasets/ds004513/derivatives/mri-registration-rp/antsBrainExtraction/sub-s033/BrainExtractionBrain.nii.gz
Dimension = 3
Number of stages = 1
Use histogram matching = false
Winsorize image intensities = true
  Lower quantile = 0.005
  Upper quantile = 0.995


Stage 1 State
   Image metric = MattesMI
     Fixed image = Image (0x45af7e0)
  RTTI typeinfo:   itk::Image<double, 3u>
  Reference Count: 2
  Modified Time: 1592
  Debug: Off
  Object Name: 
  Observers: 
    none
  Source: (none)
  Source output name: (none)
  Release Data: Off
  Data Released: False
  Global Release Data: Off
  PipelineMTime: 0
  UpdateMTime: 1203
  RealTimeStamp: 0 seconds 
  LargestPossibleRegion: 
    Dimension: 3
    Index: [0, 0, 0]
    Size: [193, 229, 193]
  BufferedRegion: 
    Dimension: 3
    Index: [0, 0, 0]
    Size: [193, 229, 193]
  RequestedRegion: 
    Dimension: 3
    Index: [0, 0, 0]
    Size: [193, 229, 193]
  Spacing: [1, 1, 1]
  Origin: [96, 132, -78]
  Direction: 
-1 0 0
0 -1 0
0 0 1

  IndexToPointMatrix: 
-1 0 0
0 -1 0
0 0 1

  PointToIndexMatrix: 
-1 0 0
0 -1 0
0 0 1

  Inverse Direction: 
-1 0 0
0 -1 0
0 0 1

  PixelContainer: 
    ImportImageContainer (0x466fa20)
      RTTI typeinfo:   itk::ImportImageContainer<unsigned long, double>
      Reference Count: 1
      Modified Time: 1200
      Debug: Off
      Object Name: 
      Observers: 
        none
      Pointer: 0x14e77852b010
      Container manages memory: true
      Size: 8530021
      Capacity: 8530021

     Moving image = Image (0x466ad70)
  RTTI typeinfo:   itk::Image<double, 3u>
  Reference Count: 2
  Modified Time: 1593
  Debug: Off
  Object Name: 
  Observers: 
    none
  Source: (none)
  Source output name: (none)
  Release Data: Off
  Data Released: False
  Global Release Data: Off
  PipelineMTime: 0
  UpdateMTime: 1590
  RealTimeStamp: 0 seconds 
  LargestPossibleRegion: 
    Dimension: 3
    Index: [0, 0, 0]
    Size: [160, 240, 256]
  BufferedRegion: 
    Dimension: 3
    Index: [0, 0, 0]
    Size: [160, 240, 256]
  RequestedRegion: 
    Dimension: 3
    Index: [0, 0, 0]
    Size: [160, 240, 256]
  Spacing: [1, 1, 1]
  Origin: [91.5134, 94.282, -109.927]
  Direction: 
-0.99591 -0.0698718 -0.0572835
0.0697565 -0.997556 0.00401236
-0.0574239 5.01125e-08 0.99835

  IndexToPointMatrix: 
-0.99591 -0.0698718 -0.0572835
0.0697565 -0.997556 0.00401236
-0.0574239 5.01125e-08 0.99835

  PointToIndexMatrix: 
-0.99591 0.0697565 -0.0574239
-0.0698718 -0.997556 5.01483e-08
-0.0572835 0.00401236 0.99835

  Inverse Direction: 
-0.99591 0.0697565 -0.0574239
-0.0698718 -0.997556 5.01483e-08
-0.0572835 0.00401236 0.99835

  PixelContainer: 
    ImportImageContainer (0x4622c90)
      RTTI typeinfo:   itk::ImportImageContainer<unsigned long, double>
      Reference Count: 1
      Modified Time: 1587
      Debug: Off
      Object Name: 
      Observers: 
        none
      Pointer: 0x14e773a2a010
      Container manages memory: true
      Size: 9830400
      Capacity: 9830400

     Weighting = 1
     Sampling strategy = regular
     Number of bins = 32
     Radius = 4
     Sampling percentage  = 0.25
   Transform = Affine
     Gradient step = 0.1
     Update field sigma (voxel space) = 0
     Total field sigma (voxel space) = 0
     Update field time sigma = 0
     Total field time sigma  = 0
     Number of time indices = 0
     Number of time point samples = 0
Registration using 1 total stages.

Stage 0
  iterations = 1000x500x250x100
  convergence threshold = 1e-06
  convergence window size = 10
  number of levels = 4
  using the Mattes MI metric (number of bins = 32, weight = 1, use gradient filter = 0)
  preprocessing:  winsorizing the image intensities
  Shrink factors (level 1 out of 4): [8, 8, 8]
  Shrink factors (level 2 out of 4): [4, 4, 4]
  Shrink factors (level 3 out of 4): [2, 2, 2]
  Shrink factors (level 4 out of 4): [1, 1, 1]
  smoothing sigmas per level: [3, 2, 1, 0]
  regular sampling (percentage = 0.25)

*** Running AffineTransform registration ***

DIAGNOSTIC,Iteration,metricValue,convergenceValue,ITERATION_TIME_INDEX,SINCE_LAST
 2DIAGNOSTIC,     1, -6.382810405252e-01, 1.797693134862e+308, 1.0823e+00, 1.0823e+00, 
 2DIAGNOSTIC,     2, -6.407465189318e-01, 1.797693134862e+308, 1.0893e+00, 6.9900e-03, 
 2DIAGNOSTIC,     3, -6.451565140779e-01, 1.797693134862e+308, 1.0945e+00, 5.2731e-03, 
 2DIAGNOSTIC,     4, -6.521823828134e-01, 1.797693134862e+308, 1.0999e+00, 5.3480e-03, 
 2DIAGNOSTIC,     5, -6.630833063539e-01, 1.797693134862e+308, 1.1050e+00, 5.1200e-03, 
 2DIAGNOSTIC,     6, -6.815409271187e-01, 1.797693134862e+308, 1.1099e+00, 4.8909e-03, 
 2DIAGNOSTIC,     7, -7.249756423441e-01, 1.797693134862e+308, 1.1160e+00, 6.0930e-03, 
 2DIAGNOSTIC,     8, -8.402361682451e-01, 1.797693134862e+308, 1.1213e+00, 5.2691e-03, 
 2DIAGNOSTIC,     9, -8.669928073334e-01, 1.797693134862e+308, 1.1314e+00, 1.0099e-02, 
 2DIAGNOSTIC,    10, -8.690206709087e-01, 2.370889980609e-02, 1.1386e+00, 7.2389e-03, 
 2DIAGNOSTIC,    11, -8.788612423434e-01, 2.366231104146e-02, 1.1450e+00, 6.3879e-03, 
 2DIAGNOSTIC,    12, -8.887432050253e-01, 2.187468214275e-02, 1.1513e+00, 6.3322e-03, 
 2DIAGNOSTIC,    13, -8.929111131072e-01, 1.864008216895e-02, 1.1575e+00, 6.2211e-03, 
 2DIAGNOSTIC,    14, -8.986818376908e-01, 1.459629173843e-02, 1.1640e+00, 6.4712e-03, 
 2DIAGNOSTIC,    15, -9.051774150426e-01, 1.031723454196e-02, 1.1724e+00, 8.4100e-03, 
 2DIAGNOSTIC,    16, -9.052611650309e-01, 6.142688977337e-03, 1.1796e+00, 7.2339e-03, 
 2DIAGNOSTIC,    17, -9.054082200072e-01, 2.822297345693e-03, 1.1867e+00, 7.0200e-03, 
 2DIAGNOSTIC,    18, -9.052651229310e-01, 1.920493642127e-03, 1.1927e+00, 6.0191e-03, 
 2DIAGNOSTIC,    19, -9.053416187310e-01, 1.448675632461e-03, 1.1987e+00, 5.9631e-03, 
 2DIAGNOSTIC,    20, -9.056305268668e-01, 9.325294346992e-04, 1.2041e+00, 5.4770e-03, 
 2DIAGNOSTIC,    21, -9.057901375487e-01, 5.478776893967e-04, 1.2104e+00, 6.2320e-03, 
 2DIAGNOSTIC,    22, -9.059076818628e-01, 3.096583892517e-04, 1.2159e+00, 5.5728e-03, 
 2DIAGNOSTIC,    23, -9.059070445907e-01, 1.268941472587e-04, 1.2212e+00, 5.2819e-03, 
 2DIAGNOSTIC,    24, -9.060842537369e-01, 3.174793274573e-05, 1.2267e+00, 5.4419e-03, 
 2DIAGNOSTIC,    25, -9.061396779663e-01, 3.167450936305e-05, 1.2320e+00, 5.3699e-03, 
 2DIAGNOSTIC,    26, -9.063734565716e-01, 3.282687356148e-05, 1.2372e+00, 5.2011e-03, 
 2DIAGNOSTIC,    27, -9.065863021990e-01, 3.551482128605e-05, 1.2444e+00, 7.2219e-03, 
 2DIAGNOSTIC,    28, -9.066216688916e-01, 3.347571919636e-05, 1.2518e+00, 7.3581e-03, 
 2DIAGNOSTIC,    29, -9.061322960399e-01, 2.371044081133e-05, 1.2582e+00, 6.3889e-03, 
 2DIAGNOSTIC,    30, -9.059993260662e-01, 1.441203489880e-05, 1.2643e+00, 6.0968e-03, 
 2DIAGNOSTIC,    31, -9.057793419061e-01, 3.773173330647e-06, 1.2695e+00, 5.2550e-03, 
DIAGNOSTIC,Iteration,metricValue,convergenceValue,ITERATION_TIME_INDEX,SINCE_LAST
 2DIAGNOSTIC,     1, -7.439596348746e-01, 1.797693134862e+308, 2.0949e+00, 8.2537e-01, 
 2DIAGNOSTIC,     2, -7.448093839608e-01, 1.797693134862e+308, 2.1337e+00, 3.8811e-02, 
 2DIAGNOSTIC,     3, -7.457623196894e-01, 1.797693134862e+308, 2.1720e+00, 3.8225e-02, 
 2DIAGNOSTIC,     4, -7.465207905184e-01, 1.797693134862e+308, 2.2098e+00, 3.7834e-02, 
 2DIAGNOSTIC,     5, -7.471934374720e-01, 1.797693134862e+308, 2.2525e+00, 4.2707e-02, 
 2DIAGNOSTIC,     6, -7.483572326761e-01, 1.797693134862e+308, 2.3208e+00, 6.8308e-02, 
 2DIAGNOSTIC,     7, -7.483854052047e-01, 1.797693134862e+308, 2.3631e+00, 4.2329e-02, 
 2DIAGNOSTIC,     8, -7.483799972300e-01, 1.797693134862e+308, 2.4043e+00, 4.1182e-02, 
 2DIAGNOSTIC,     9, -7.483768420931e-01, 1.797693134862e+308, 2.4416e+00, 3.7288e-02, 
 2DIAGNOSTIC,    10, -7.483980483501e-01, 4.009801083015e-04, 2.4854e+00, 4.3791e-02, 
 2DIAGNOSTIC,    11, -7.484170508218e-01, 2.716602830318e-04, 2.5249e+00, 3.9527e-02, 
 2DIAGNOSTIC,    12, -7.484304161150e-01, 1.667963263639e-04, 2.5672e+00, 4.2294e-02, 
 2DIAGNOSTIC,    13, -7.484574847141e-01, 9.210021284135e-05, 2.6078e+00, 4.0557e-02, 
 2DIAGNOSTIC,    14, -7.484791565742e-01, 4.099849809855e-05, 2.6460e+00, 3.8225e-02, 
 2DIAGNOSTIC,    15, -7.485102143949e-01, 1.016960631425e-05, 2.6878e+00, 4.1754e-02, 
 2DIAGNOSTIC,    16, -7.485405077630e-01, 1.079767263154e-05, 2.7315e+00, 4.3701e-02, 
 2DIAGNOSTIC,    17, -7.485689947326e-01, 1.180632422113e-05, 2.7741e+00, 4.2678e-02, 
 2DIAGNOSTIC,    18, -7.485712867917e-01, 1.172204156513e-05, 2.8125e+00, 3.8363e-02, 
 2DIAGNOSTIC,    19, -7.485797536750e-01, 1.083117624826e-05, 2.8501e+00, 3.7648e-02, 
 2DIAGNOSTIC,    20, -7.486230246616e-01, 1.039624649790e-05, 2.8881e+00, 3.7911e-02, 
 2DIAGNOSTIC,    21, -7.486690136445e-01, 1.033101577212e-05, 2.9299e+00, 4.1887e-02, 
 2DIAGNOSTIC,    22, -7.486465975174e-01, 9.270541389564e-06, 2.9725e+00, 4.2545e-02, 
 2DIAGNOSTIC,    23, -7.486535321695e-01, 8.164818573547e-06, 3.0150e+00, 4.2482e-02, 
 2DIAGNOSTIC,    24, -7.486443953997e-01, 6.712765163668e-06, 3.0652e+00, 5.0198e-02, 
 2DIAGNOSTIC,    25, -7.486315560513e-01, 5.126227218412e-06, 3.1024e+00, 3.7277e-02, 
 2DIAGNOSTIC,    26, -7.486335450870e-01, 3.754700840873e-06, 3.1443e+00, 4.1869e-02, 
 2DIAGNOSTIC,    27, -7.486371692731e-01, 2.706321713050e-06, 3.1818e+00, 3.7510e-02, 
 2DIAGNOSTIC,    28, -7.486113594754e-01, 1.279803495333e-06, 3.2192e+00, 3.7377e-02, 
DIAGNOSTIC,Iteration,metricValue,convergenceValue,ITERATION_TIME_INDEX,SINCE_LAST
 2DIAGNOSTIC,     1, -6.324344182468e-01, 1.797693134862e+308, 4.4458e+00, 1.2266e+00, 
 2DIAGNOSTIC,     2, -6.330413469223e-01, 1.797693134862e+308, 4.8068e+00, 3.6102e-01, 
 2DIAGNOSTIC,     3, -6.337025713693e-01, 1.797693134862e+308, 5.1288e+00, 3.2201e-01, 
 2DIAGNOSTIC,     4, -6.345301132896e-01, 1.797693134862e+308, 5.4630e+00, 3.3418e-01, 
 2DIAGNOSTIC,     5, -6.368378275148e-01, 1.797693134862e+308, 5.9656e+00, 5.0264e-01, 
 2DIAGNOSTIC,     6, -6.368270534477e-01, 1.797693134862e+308, 6.4755e+00, 5.0985e-01, 
 2DIAGNOSTIC,     7, -6.368263447741e-01, 1.797693134862e+308, 6.9305e+00, 4.5499e-01, 
 2DIAGNOSTIC,     8, -6.368229558935e-01, 1.797693134862e+308, 7.2715e+00, 3.4103e-01, 
 2DIAGNOSTIC,     9, -6.368223924129e-01, 1.797693134862e+308, 7.5841e+00, 3.1264e-01, 
 2DIAGNOSTIC,    10, -6.368188920189e-01, 4.928554412144e-04, 7.9088e+00, 3.2468e-01, 
 2DIAGNOSTIC,    11, -6.368179553310e-01, 3.322333048731e-04, 8.2171e+00, 3.0824e-01, 
 2DIAGNOSTIC,    12, -6.368187594325e-01, 1.926158073063e-04, 8.5689e+00, 3.5185e-01, 
 2DIAGNOSTIC,    13, -6.368167266449e-01, 8.016486699840e-05, 8.8773e+00, 3.0834e-01, 
DIAGNOSTIC,Iteration,metricValue,convergenceValue,ITERATION_TIME_INDEX,SINCE_LAST
 2DIAGNOSTIC,     1, -5.628405871339e-01, 1.797693134862e+308, 1.1945e+01, 3.0681e+00, 
 2DIAGNOSTIC,     2, -5.630207174583e-01, 1.797693134862e+308, 1.3745e+01, 1.7994e+00, 
 2DIAGNOSTIC,     3, -5.632090624203e-01, 1.797693134862e+308, 1.5473e+01, 1.7286e+00, 
 2DIAGNOSTIC,     4, -5.635286675264e-01, 1.797693134862e+308, 1.7325e+01, 1.8516e+00, 
 2DIAGNOSTIC,     5, -5.639744847528e-01, 1.797693134862e+308, 2.1240e+01, 3.9146e+00, 
 2DIAGNOSTIC,     6, -5.639744358756e-01, 1.797693134862e+308, 2.3370e+01, 2.1300e+00, 
 2DIAGNOSTIC,     7, -5.639745827983e-01, 1.797693134862e+308, 2.5384e+01, 2.0139e+00, 
 2DIAGNOSTIC,     8, -5.639746994130e-01, 1.797693134862e+308, 2.7442e+01, 2.0580e+00, 
 2DIAGNOSTIC,     9, -5.639744811748e-01, 1.797693134862e+308, 2.9646e+01, 2.2041e+00, 
 2DIAGNOSTIC,    10, -5.639742760135e-01, 1.399622322789e-04, 3.1470e+01, 1.8246e+00, 
 2DIAGNOSTIC,    11, -5.639738924049e-01, 9.158000564326e-05, 3.3088e+01, 1.6178e+00, 
 2DIAGNOSTIC,    12, -5.639738422519e-01, 5.112053271325e-05, 3.4729e+01, 1.6410e+00, 
 2DIAGNOSTIC,    13, -5.639741526727e-01, 1.968141020674e-05, 3.6719e+01, 1.9897e+00, 
 2DIAGNOSTIC,    14, -5.639743469266e-01, 2.225701760256e-06, 3.9098e+01, 2.3798e+00, 
 2DIAGNOSTIC,    15, -5.639742882882e-01, 2.084545143874e-06, 4.1141e+01, 2.0429e+00, 
 2DIAGNOSTIC,    16, -5.639742295697e-01, 1.961356628263e-06, 4.3118e+01, 1.9764e+00, 
 2DIAGNOSTIC,    17, -5.639740005349e-01, 1.852641460694e-06, 4.5015e+01, 1.8976e+00, 
 2DIAGNOSTIC,    18, -5.639739307928e-01, 1.758999564207e-06, 4.6969e+01, 1.9535e+00, 
 2DIAGNOSTIC,    19, -5.639739144031e-01, 1.669661462027e-06, 4.8784e+01, 1.8146e+00, 
 2DIAGNOSTIC,    20, -5.639736941464e-01, 1.579306084819e-06, 5.0823e+01, 2.0391e+00, 
 2DIAGNOSTIC,    21, -5.639736350790e-01, 1.488387509054e-06, 5.2723e+01, 1.9000e+00, 
 2DIAGNOSTIC,    22, -5.639734186327e-01, 1.402028820083e-06, 5.4455e+01, 1.7325e+00, 
 2DIAGNOSTIC,    23, -5.639734026530e-01, 1.333704310005e-06, 5.6158e+01, 1.7024e+00, 
 2DIAGNOSTIC,    24, -5.639736235699e-01, 1.284357248263e-06, 5.7878e+01, 1.7207e+00, 
 2DIAGNOSTIC,    25, -5.639738862812e-01, 1.246792252725e-06, 5.9582e+01, 1.7037e+00, 
 2DIAGNOSTIC,    26, -5.639738880346e-01, 1.213507168488e-06, 6.1420e+01, 1.8378e+00, 
 2DIAGNOSTIC,    27, -5.639736337387e-01, 1.174793852601e-06, 6.3097e+01, 1.6775e+00, 
 2DIAGNOSTIC,    28, -5.639738155016e-01, 1.141359074752e-06, 6.5206e+01, 2.1087e+00, 
 2DIAGNOSTIC,    29, -5.639737975837e-01, 1.108969117834e-06, 6.7052e+01, 1.8460e+00, 
 2DIAGNOSTIC,    30, -5.639737756155e-01, 1.073415808316e-06, 6.8917e+01, 1.8652e+00, 
 2DIAGNOSTIC,    31, -5.639738042458e-01, 1.038652987118e-06, 7.0601e+01, 1.6836e+00, 
 2DIAGNOSTIC,    32, -5.639737604240e-01, 1.000946752885e-06, 7.2691e+01, 2.0901e+00, 
  Elapsed time (stage 0): 7.4005e+01


Total elapsed time: 7.4008e+01
Info [verificarlo]: loaded backend libinterflop_vprec.so
Info [interflop-vprec]: load backend with: 
Info [interflop-vprec]: precision-binary32 = 22
Info [interflop-vprec]: range-binary32 = 8
Info [interflop-vprec]: precision-binary64 = 22
Info [interflop-vprec]: range-binary64 = 8
Info [interflop-vprec]: mode = ob
Info [interflop-vprec]: error-mode = rel
Info [interflop-vprec]: max-abs-error-exponent = -1022
Info [interflop-vprec]: daz = false
Info [interflop-vprec]: ftz = false
Info [interflop-vprec]: 	instrument = none
Info [interflop-vprec]: 	prec-input-file = (null)
Info [interflop-vprec]: 	prec-output-file = (null)
Info [interflop-vprec]: 	prec-log-file = (null)
All_Command_lines_OK
Using double precision for computations.
=============================================================================
The composite transform comprises the following transforms (in order): 
