
##########################
# Experiment information #
##########################

EXPERIMENT_NAME: antsRegistration-r8-p14
VFC_BACKENDS: libinterflop_vprec.so --range-binary32=8 --precision-binary32=14 --range-binary64=8 --precision-binary64=14

SIF_IMG: /home/mdugre/projects/rrg-glatard/mdugre/containers/ants-vprec-no_metrics.simg

SUBJECT_ID: s020
INPUT_IMG: /home/mdugre/scratch/mri-registration-rp/datasets/ds004513/derivatives/mri-registration-rp/antsBrainExtraction/sub-s020/BrainExtractionBrain.nii.gz
OUTPUT_DIR: /home/mdugre/scratch/mri-registration-rp/datasets/ds004513/derivatives/mri-registration-rp/0001/antsRegistration-r8-p14/sub-s020

FIXED_IMG: /templateflow/tpl-MNI152NLin2009cAsym/tpl-MNI152NLin2009cAsym_res-01_desc-brain_T1w.nii.gz
DATA_DIR: /home/mdugre/scratch/mri-registration-rp/datasets/ds004513
TEMPLATEFLOW_DIR: /home/mdugre/projects/rrg-glatard/mdugre/templateflow
ITK_GLOBAL_DEFAULT_NUMBER_OF_THREADS: 16
##########################

Info [verificarlo]: loaded backend libinterflop_ieee.so
Info [interflop-ieee]: load backend with:
Info [interflop-ieee]: debug = false
Info [interflop-ieee]: debug-binary = false
Info [interflop-ieee]: no-backend-name = false
Info [interflop-ieee]: print-new-line = false
Info [interflop-ieee]: print-subnormal-normalized = false
Info [interflop-ieee]: count-op = false
All_Command_lines_OK
Using double precision for computations.
=============================================================================
The composite transform comprises the following transforms (in order): 
  1. Center of mass alignment using fixed image: /templateflow/tpl-MNI152NLin2009cAsym/tpl-MNI152NLin2009cAsym_res-01_desc-brain_T1w.nii.gz and moving image: /home/mdugre/scratch/mri-registration-rp/datasets/ds004513/derivatives/mri-registration-rp/antsBrainExtraction/sub-s020/BrainExtractionBrain.nii.gz (type = Euler3DTransform)
=============================================================================
  number of levels = 1
  fixed image: /templateflow/tpl-MNI152NLin2009cAsym/tpl-MNI152NLin2009cAsym_res-01_desc-brain_T1w.nii.gz
  moving image: /home/mdugre/scratch/mri-registration-rp/datasets/ds004513/derivatives/mri-registration-rp/antsBrainExtraction/sub-s020/BrainExtractionBrain.nii.gz
Dimension = 3
Number of stages = 1
Use histogram matching = false
Winsorize image intensities = true
  Lower quantile = 0.005
  Upper quantile = 0.995


Stage 1 State
   Image metric = MattesMI
     Fixed image = Image (0x4da2e70)
  RTTI typeinfo:   itk::Image<double, 3u>
  Reference Count: 2
  Modified Time: 2334
  Debug: Off
  Object Name: 
  Observers: 
    none
  Source: (none)
  Source output name: (none)
  Release Data: Off
  Data Released: False
  Global Release Data: Off
  PipelineMTime: 0
  UpdateMTime: 1943
  RealTimeStamp: 0 seconds 
  LargestPossibleRegion: 
    Dimension: 3
    Index: [0, 0, 0]
    Size: [193, 229, 193]
  BufferedRegion: 
    Dimension: 3
    Index: [0, 0, 0]
    Size: [193, 229, 193]
  RequestedRegion: 
    Dimension: 3
    Index: [0, 0, 0]
    Size: [193, 229, 193]
  Spacing: [1, 1, 1]
  Origin: [96, 132, -78]
  Direction: 
-1 0 0
0 -1 0
0 0 1

  IndexToPointMatrix: 
-1 0 0
0 -1 0
0 0 1

  PointToIndexMatrix: 
-1 0 0
0 -1 0
0 0 1

  Inverse Direction: 
-1 0 0
0 -1 0
0 0 1

  PixelContainer: 
    ImportImageContainer (0x4dabc60)
      RTTI typeinfo:   itk::ImportImageContainer<unsigned long, double>
      Reference Count: 1
      Modified Time: 1940
      Debug: Off
      Object Name: 
      Observers: 
        none
      Pointer: 0x154a11a51010
      Container manages memory: true
      Size: 8530021
      Capacity: 8530021

     Moving image = Image (0x4dae610)
  RTTI typeinfo:   itk::Image<double, 3u>
  Reference Count: 2
  Modified Time: 2335
  Debug: Off
  Object Name: 
  Observers: 
    none
  Source: (none)
  Source output name: (none)
  Release Data: Off
  Data Released: False
  Global Release Data: Off
  PipelineMTime: 0
  UpdateMTime: 2332
  RealTimeStamp: 0 seconds 
  LargestPossibleRegion: 
    Dimension: 3
    Index: [0, 0, 0]
    Size: [160, 240, 256]
  BufferedRegion: 
    Dimension: 3
    Index: [0, 0, 0]
    Size: [160, 240, 256]
  RequestedRegion: 
    Dimension: 3
    Index: [0, 0, 0]
    Size: [160, 240, 256]
  Spacing: [0.999995, 1, 1]
  Origin: [87.0906, 98.7205, -152.377]
  Direction: 
-0.996975 0.0261379 -0.0731913
-0.0260677 -0.999658 -0.00191374
-0.0732163 -2.46403e-08 0.997316

  IndexToPointMatrix: 
-0.996971 0.0261379 -0.0731913
-0.0260676 -0.999658 -0.00191374
-0.0732159 -2.46403e-08 0.997316

  PointToIndexMatrix: 
-0.99698 -0.0260679 -0.0732166
0.0261379 -0.999658 -2.46993e-08
-0.0731913 -0.00191374 0.997316

  Inverse Direction: 
-0.996975 -0.0260677 -0.0732163
0.0261379 -0.999658 -2.46993e-08
-0.0731913 -0.00191374 0.997316

  PixelContainer: 
    ImportImageContainer (0x4e47ef0)
      RTTI typeinfo:   itk::ImportImageContainer<unsigned long, double>
      Reference Count: 1
      Modified Time: 2329
      Debug: Off
      Object Name: 
      Observers: 
        none
      Pointer: 0x154a0cf50010
      Container manages memory: true
      Size: 9830400
      Capacity: 9830400

     Weighting = 1
     Sampling strategy = regular
     Number of bins = 32
     Radius = 4
     Sampling percentage  = 0.25
   Transform = Rigid
     Gradient step = 0.1
     Update field sigma (voxel space) = 0
     Total field sigma (voxel space) = 0
     Update field time sigma = 0
     Total field time sigma  = 0
     Number of time indices = 0
     Number of time point samples = 0
Registration using 1 total stages.

Stage 0
  iterations = 0
  convergence threshold = 1e-06
  convergence window size = 10
  number of levels = 1
  using the Mattes MI metric (number of bins = 32, weight = 1, use gradient filter = 0)
  preprocessing:  winsorizing the image intensities
  Shrink factors (level 1 out of 1): [1, 1, 1]
  smoothing sigmas per level: [0]
  regular sampling (percentage = 0.25)

*** Running Euler3DTransform registration ***

  Elapsed time (stage 0): 1.13969


Total elapsed time: 1.14184
Info [verificarlo]: loaded backend libinterflop_ieee.so
Info [interflop-ieee]: load backend with:
Info [interflop-ieee]: debug = false
Info [interflop-ieee]: debug-binary = false
Info [interflop-ieee]: no-backend-name = false
Info [interflop-ieee]: print-new-line = false
Info [interflop-ieee]: print-subnormal-normalized = false
Info [interflop-ieee]: count-op = false
All_Command_lines_OK
Using double precision for computations.
=============================================================================
The composite transform comprises the following transforms (in order): 
  1. /home/mdugre/scratch/mri-registration-rp/datasets/ds004513/derivatives/mri-registration-rp/0001/antsRegistration-r8-p14/sub-s020/align_Composite.h5[0] (type = Euler3DTransform)
  2. /home/mdugre/scratch/mri-registration-rp/datasets/ds004513/derivatives/mri-registration-rp/0001/antsRegistration-r8-p14/sub-s020/align_Composite.h5[1] (type = Euler3DTransform)
=============================================================================
  number of levels = 4
  fixed image: /templateflow/tpl-MNI152NLin2009cAsym/tpl-MNI152NLin2009cAsym_res-01_desc-brain_T1w.nii.gz
  moving image: /home/mdugre/scratch/mri-registration-rp/datasets/ds004513/derivatives/mri-registration-rp/antsBrainExtraction/sub-s020/BrainExtractionBrain.nii.gz
Dimension = 3
Number of stages = 1
Use histogram matching = false
Winsorize image intensities = true
  Lower quantile = 0.005
  Upper quantile = 0.995


Stage 1 State
   Image metric = MattesMI
     Fixed image = Image (0x4f6a530)
  RTTI typeinfo:   itk::Image<double, 3u>
  Reference Count: 2
  Modified Time: 1580
  Debug: Off
  Object Name: 
  Observers: 
    none
  Source: (none)
  Source output name: (none)
  Release Data: Off
  Data Released: False
  Global Release Data: Off
  PipelineMTime: 0
  UpdateMTime: 1189
  RealTimeStamp: 0 seconds 
  LargestPossibleRegion: 
    Dimension: 3
    Index: [0, 0, 0]
    Size: [193, 229, 193]
  BufferedRegion: 
    Dimension: 3
    Index: [0, 0, 0]
    Size: [193, 229, 193]
  RequestedRegion: 
    Dimension: 3
    Index: [0, 0, 0]
    Size: [193, 229, 193]
  Spacing: [1, 1, 1]
  Origin: [96, 132, -78]
  Direction: 
-1 0 0
0 -1 0
0 0 1

  IndexToPointMatrix: 
-1 0 0
0 -1 0
0 0 1

  PointToIndexMatrix: 
-1 0 0
0 -1 0
0 0 1

  Inverse Direction: 
-1 0 0
0 -1 0
0 0 1

  PixelContainer: 
    ImportImageContainer (0x5028d60)
      RTTI typeinfo:   itk::ImportImageContainer<unsigned long, double>
      Reference Count: 1
      Modified Time: 1186
      Debug: Off
      Object Name: 
      Observers: 
        none
      Pointer: 0x1503f48ab010
      Container manages memory: true
      Size: 8530021
      Capacity: 8530021

     Moving image = Image (0x501af60)
  RTTI typeinfo:   itk::Image<double, 3u>
  Reference Count: 2
  Modified Time: 1581
  Debug: Off
  Object Name: 
  Observers: 
    none
  Source: (none)
  Source output name: (none)
  Release Data: Off
  Data Released: False
  Global Release Data: Off
  PipelineMTime: 0
  UpdateMTime: 1578
  RealTimeStamp: 0 seconds 
  LargestPossibleRegion: 
    Dimension: 3
    Index: [0, 0, 0]
    Size: [160, 240, 256]
  BufferedRegion: 
    Dimension: 3
    Index: [0, 0, 0]
    Size: [160, 240, 256]
  RequestedRegion: 
    Dimension: 3
    Index: [0, 0, 0]
    Size: [160, 240, 256]
  Spacing: [0.999995, 1, 1]
  Origin: [87.0906, 98.7205, -152.377]
  Direction: 
-0.996975 0.0261379 -0.0731913
-0.0260677 -0.999658 -0.00191374
-0.0732163 -2.46403e-08 0.997316

  IndexToPointMatrix: 
-0.996971 0.0261379 -0.0731913
-0.0260676 -0.999658 -0.00191374
-0.0732159 -2.46403e-08 0.997316

  PointToIndexMatrix: 
-0.99698 -0.0260679 -0.0732166
0.0261379 -0.999658 -2.46993e-08
-0.0731913 -0.00191374 0.997316

  Inverse Direction: 
-0.996975 -0.0260677 -0.0732163
0.0261379 -0.999658 -2.46993e-08
-0.0731913 -0.00191374 0.997316

  PixelContainer: 
    ImportImageContainer (0x500c6d0)
      RTTI typeinfo:   itk::ImportImageContainer<unsigned long, double>
      Reference Count: 1
      Modified Time: 1575
      Debug: Off
      Object Name: 
      Observers: 
        none
      Pointer: 0x1503efdaa010
      Container manages memory: true
      Size: 9830400
      Capacity: 9830400

     Weighting = 1
     Sampling strategy = regular
     Number of bins = 32
     Radius = 4
     Sampling percentage  = 0.25
   Transform = Rigid
     Gradient step = 0.1
     Update field sigma (voxel space) = 0
     Total field sigma (voxel space) = 0
     Update field time sigma = 0
     Total field time sigma  = 0
     Number of time indices = 0
     Number of time point samples = 0
Registration using 1 total stages.

Stage 0
  iterations = 1000x500x250x100
  convergence threshold = 1e-06
  convergence window size = 10
  number of levels = 4
  using the Mattes MI metric (number of bins = 32, weight = 1, use gradient filter = 0)
  preprocessing:  winsorizing the image intensities
  Shrink factors (level 1 out of 4): [8, 8, 8]
  Shrink factors (level 2 out of 4): [4, 4, 4]
  Shrink factors (level 3 out of 4): [2, 2, 2]
  Shrink factors (level 4 out of 4): [1, 1, 1]
  smoothing sigmas per level: [3, 2, 1, 0]
  regular sampling (percentage = 0.25)

*** Running Euler3DTransform registration ***

DIAGNOSTIC,Iteration,metricValue,convergenceValue,ITERATION_TIME_INDEX,SINCE_LAST
 2DIAGNOSTIC,     1, -3.791273390751e-01, 1.797693134862e+308, 7.4104e-01, 7.4104e-01, 
 2DIAGNOSTIC,     2, -3.803606001643e-01, 1.797693134862e+308, 7.4558e-01, 4.5381e-03, 
 2DIAGNOSTIC,     3, -3.828962034719e-01, 1.797693134862e+308, 7.4979e-01, 4.2081e-03, 
 2DIAGNOSTIC,     4, -3.876122532015e-01, 1.797693134862e+308, 7.5423e-01, 4.4439e-03, 
 2DIAGNOSTIC,     5, -3.904935334081e-01, 1.797693134862e+308, 7.5875e-01, 4.5221e-03, 
 2DIAGNOSTIC,     6, -3.911039700181e-01, 1.797693134862e+308, 7.6266e-01, 3.9110e-03, 
 2DIAGNOSTIC,     7, -3.914905453856e-01, 1.797693134862e+308, 7.6653e-01, 3.8719e-03, 
 2DIAGNOSTIC,     8, -3.925629083064e-01, 1.797693134862e+308, 7.7056e-01, 4.0231e-03, 
 2DIAGNOSTIC,     9, -3.981570789235e-01, 1.797693134862e+308, 7.7463e-01, 4.0741e-03, 
 2DIAGNOSTIC,    10, -4.079218556696e-01, 3.866687266231e-03, 7.8034e-01, 5.7130e-03, 
 2DIAGNOSTIC,    11, -4.246779602407e-01, 4.904320352958e-03, 7.8547e-01, 5.1248e-03, 
 2DIAGNOSTIC,    12, -4.297045200929e-01, 5.673254149498e-03, 7.9009e-01, 4.6241e-03, 
 2DIAGNOSTIC,    13, -4.335692915520e-01, 6.156954111706e-03, 7.9564e-01, 5.5470e-03, 
 2DIAGNOSTIC,    14, -4.439932007369e-01, 6.764094567469e-03, 8.0014e-01, 4.5030e-03, 
 2DIAGNOSTIC,    15, -4.466217674851e-01, 6.904768052567e-03, 8.0528e-01, 5.1360e-03, 
 2DIAGNOSTIC,    16, -4.513528166462e-01, 6.619270362508e-03, 8.0977e-01, 4.4858e-03, 
 2DIAGNOSTIC,    17, -4.528510992314e-01, 5.844785606011e-03, 8.1478e-01, 5.0108e-03, 
 2DIAGNOSTIC,    18, -4.555717392180e-01, 4.777374776557e-03, 8.2128e-01, 6.5050e-03, 
 2DIAGNOSTIC,    19, -4.559551095559e-01, 3.601534514710e-03, 8.2566e-01, 4.3800e-03, 
 2DIAGNOSTIC,    20, -4.573566959239e-01, 2.586718147778e-03, 8.3245e-01, 6.7890e-03, 
 2DIAGNOSTIC,    21, -4.575250818710e-01, 1.982982038800e-03, 8.3727e-01, 4.8161e-03, 
 2DIAGNOSTIC,    22, -4.577284699586e-01, 1.415652358700e-03, 8.4226e-01, 4.9970e-03, 
 2DIAGNOSTIC,    23, -4.579446094495e-01, 8.825923817258e-04, 8.4676e-01, 4.4940e-03, 
 2DIAGNOSTIC,    24, -4.580221546442e-01, 6.077403522139e-04, 8.5117e-01, 4.4110e-03, 
 2DIAGNOSTIC,    25, -4.581755213192e-01, 3.715336284396e-04, 8.5550e-01, 4.3311e-03, 
 2DIAGNOSTIC,    26, -4.586245323749e-01, 2.523971821521e-04, 8.6005e-01, 4.5521e-03, 
 2DIAGNOSTIC,    27, -4.589283388988e-01, 1.618274570921e-04, 8.6638e-01, 6.3300e-03, 
 2DIAGNOSTIC,    28, -4.591709274146e-01, 1.332093556260e-04, 8.7062e-01, 4.2412e-03, 
 2DIAGNOSTIC,    29, -4.592799602276e-01, 1.047119281839e-04, 8.7502e-01, 4.3931e-03, 
 2DIAGNOSTIC,    30, -4.596801065656e-01, 1.080735619132e-04, 8.8156e-01, 6.5429e-03, 
 2DIAGNOSTIC,    31, -4.599398238502e-01, 1.098117398558e-04, 8.8578e-01, 4.2210e-03, 
 2DIAGNOSTIC,    32, -4.599347728478e-01, 1.049884229398e-04, 8.9016e-01, 4.3790e-03, 
 2DIAGNOSTIC,    33, -4.600733749547e-01, 9.789599264329e-05, 8.9441e-01, 4.2479e-03, 
 2DIAGNOSTIC,    34, -4.601770247300e-01, 8.558526055061e-05, 8.9914e-01, 4.7352e-03, 
 2DIAGNOSTIC,    35, -4.602315417372e-01, 6.959458617352e-05, 9.0516e-01, 6.0220e-03, 
 2DIAGNOSTIC,    36, -4.602526557461e-01, 5.639222097143e-05, 9.0937e-01, 4.2112e-03, 
 2DIAGNOSTIC,    37, -4.604051745248e-01, 4.671824636633e-05, 9.1360e-01, 4.2260e-03, 
 2DIAGNOSTIC,    38, -4.610432813120e-01, 4.828149954309e-05, 9.1839e-01, 4.7851e-03, 
 2DIAGNOSTIC,    39, -4.612216981277e-01, 4.958243019513e-05, 9.2270e-01, 4.3099e-03, 
 2DIAGNOSTIC,    40, -4.612063338749e-01, 5.238272080144e-05, 9.2803e-01, 5.3360e-03, 
 2DIAGNOSTIC,    41, -4.615209457496e-01, 5.943412383699e-05, 9.3230e-01, 4.2660e-03, 
 2DIAGNOSTIC,    42, -4.616699274524e-01, 6.255451766331e-05, 9.3706e-01, 4.7660e-03, 
 2DIAGNOSTIC,    43, -4.619978146374e-01, 6.641150063781e-05, 9.4202e-01, 4.9570e-03, 
 2DIAGNOSTIC,    44, -4.631338649811e-01, 8.188574197178e-05, 9.4742e-01, 5.4009e-03, 
 2DIAGNOSTIC,    45, -4.648568057261e-01, 1.140905822941e-04, 9.5176e-01, 4.3371e-03, 
 2DIAGNOSTIC,    46, -4.649656570409e-01, 1.353882694284e-04, 9.5615e-01, 4.3919e-03, 
 2DIAGNOSTIC,    47, -4.651862804090e-01, 1.481588014139e-04, 9.6049e-01, 4.3371e-03, 
 2DIAGNOSTIC,    48, -4.675399411096e-01, 1.864200415801e-04, 9.6657e-01, 6.0811e-03, 
 2DIAGNOSTIC,    49, -4.681246668542e-01, 2.141506219425e-04, 9.7087e-01, 4.3011e-03, 
 2DIAGNOSTIC,    50, -4.682582996137e-01, 2.215235328379e-04, 9.7564e-01, 4.7669e-03, 
 2DIAGNOSTIC,    51, -4.687362082743e-01, 2.180065417348e-04, 9.8093e-01, 5.2948e-03, 
 2DIAGNOSTIC,    52, -4.689889914903e-01, 1.989451494592e-04, 9.8521e-01, 4.2808e-03, 
 2DIAGNOSTIC,    53, -4.701609113415e-01, 1.790579855751e-04, 9.9010e-01, 4.8881e-03, 
 2DIAGNOSTIC,    54, -4.705537184261e-01, 1.598665109157e-04, 9.9485e-01, 4.7488e-03, 
 2DIAGNOSTIC,    55, -4.706516924999e-01, 1.476700756336e-04, 9.9983e-01, 4.9810e-03, 
 2DIAGNOSTIC,    56, -4.706808713766e-01, 1.238768876756e-04, 1.0041e+00, 4.2539e-03, 
 2DIAGNOSTIC,    57, -4.708412396958e-01, 9.268429418094e-05, 1.0084e+00, 4.2791e-03, 
 2DIAGNOSTIC,    58, -4.710957257760e-01, 8.198824649751e-05, 1.0143e+00, 5.9559e-03, 
 2DIAGNOSTIC,    59, -4.711734219057e-01, 7.086731001299e-05, 1.0188e+00, 4.4601e-03, 
 2DIAGNOSTIC,    60, -4.715548500432e-01, 5.891374056433e-05, 1.0231e+00, 4.3170e-03, 
 2DIAGNOSTIC,    61, -4.726151720530e-01, 5.779717037084e-05, 1.0283e+00, 5.2161e-03, 
 2DIAGNOSTIC,    62, -4.741466965495e-01, 6.885818361013e-05, 1.0335e+00, 5.1730e-03, 
 2DIAGNOSTIC,    63, -4.761422446805e-01, 1.043650816343e-04, 1.0381e+00, 4.5891e-03, 
 2DIAGNOSTIC,    64, -4.772955515869e-01, 1.437184110615e-04, 1.0426e+00, 4.4971e-03, 
 2DIAGNOSTIC,    65, -4.837074311400e-01, 2.312651581838e-04, 1.0499e+00, 7.3440e-03, 
 2DIAGNOSTIC,    66, -4.854291163560e-01, 3.089139897488e-04, 1.0542e+00, 4.3108e-03, 
 2DIAGNOSTIC,    67, -4.859475553049e-01, 3.608475312659e-04, 1.0587e+00, 4.4730e-03, 
 2DIAGNOSTIC,    68, -4.882182207238e-01, 4.005670267361e-04, 1.0637e+00, 4.9531e-03, 
 2DIAGNOSTIC,    69, -4.889319055598e-01, 4.072174277462e-04, 1.0697e+00, 6.0139e-03, 
 2DIAGNOSTIC,    70, -4.903749883513e-01, 3.900805323897e-04, 1.0747e+00, 5.0461e-03, 
 2DIAGNOSTIC,    71, -4.909895076077e-01, 3.502529314197e-04, 1.0793e+00, 4.5710e-03, 
 2DIAGNOSTIC,    72, -4.912156791746e-01, 2.936226417067e-04, 1.0837e+00, 4.3910e-03, 
 2DIAGNOSTIC,    73, -4.913414681991e-01, 2.290438379796e-04, 1.0881e+00, 4.4539e-03, 
 2DIAGNOSTIC,    74, -4.916472200272e-01, 1.551797679817e-04, 1.0931e+00, 5.0151e-03, 
 2DIAGNOSTIC,    75, -4.919144269478e-01, 1.237466409195e-04, 1.0980e+00, 4.8461e-03, 
 2DIAGNOSTIC,    76, -4.919888524157e-01, 9.608812975207e-05, 1.1023e+00, 4.2961e-03, 
 2DIAGNOSTIC,    77, -4.920113708280e-01, 6.408188604385e-05, 1.1080e+00, 5.7528e-03, 
 2DIAGNOSTIC,    78, -4.920635992406e-01, 4.539793622648e-05, 1.1130e+00, 4.9250e-03, 
 2DIAGNOSTIC,    79, -4.922623526076e-01, 2.976928594335e-05, 1.1174e+00, 4.4410e-03, 
 2DIAGNOSTIC,    80, -4.923925465904e-01, 2.375273742651e-05, 1.1219e+00, 4.4789e-03, 
 2DIAGNOSTIC,    81, -4.925367965001e-01, 2.143119258957e-05, 1.1268e+00, 4.9090e-03, 
 2DIAGNOSTIC,    82, -4.927078547597e-01, 2.017532336050e-05, 1.1312e+00, 4.4000e-03, 
 2DIAGNOSTIC,    83, -4.940724063266e-01, 2.810342938961e-05, 1.1372e+00, 6.0301e-03, 
 2DIAGNOSTIC,    84, -4.985163451650e-01, 6.777775216783e-05, 1.1423e+00, 5.1029e-03, 
 2DIAGNOSTIC,    85, -4.982760608535e-01, 9.931478865796e-05, 1.1564e+00, 1.4110e-02, 
 2DIAGNOSTIC,    86, -4.982760549505e-01, 1.216295492308e-04, 1.1608e+00, 4.3619e-03, 
 2DIAGNOSTIC,    87, -4.982762185607e-01, 1.322932186448e-04, 1.1652e+00, 4.4060e-03, 
 2DIAGNOSTIC,    88, -4.982764952074e-01, 1.299966809246e-04, 1.1695e+00, 4.3080e-03, 
 2DIAGNOSTIC,    89, -4.982769630155e-01, 1.160675756978e-04, 1.1738e+00, 4.3240e-03, 
 2DIAGNOSTIC,    90, -4.982777549107e-01, 9.223836410439e-05, 1.1782e+00, 4.3421e-03, 
 2DIAGNOSTIC,    91, -4.982790938227e-01, 6.165060564343e-05, 1.1828e+00, 4.6110e-03, 
 2DIAGNOSTIC,    92, -4.982813573935e-01, 2.708141669287e-05, 1.1873e+00, 4.5102e-03, 
DIAGNOSTIC,Iteration,metricValue,convergenceValue,ITERATION_TIME_INDEX,SINCE_LAST
 2DIAGNOSTIC,     1, -4.048460959264e-01, 1.797693134862e+308, 1.9124e+00, 7.2508e-01, 
 2DIAGNOSTIC,     2, -4.052257114829e-01, 1.797693134862e+308, 1.9406e+00, 2.8189e-02, 
 2DIAGNOSTIC,     3, -4.057841099878e-01, 1.797693134862e+308, 1.9693e+00, 2.8770e-02, 
 2DIAGNOSTIC,     4, -4.064325419123e-01, 1.797693134862e+308, 1.9977e+00, 2.8325e-02, 
 2DIAGNOSTIC,     5, -4.069153101081e-01, 1.797693134862e+308, 2.0260e+00, 2.8300e-02, 
 2DIAGNOSTIC,     6, -4.076606580494e-01, 1.797693134862e+308, 2.0544e+00, 2.8439e-02, 
 2DIAGNOSTIC,     7, -4.082413001070e-01, 1.797693134862e+308, 2.0868e+00, 3.2364e-02, 
 2DIAGNOSTIC,     8, -4.087381814609e-01, 1.797693134862e+308, 2.1189e+00, 3.2105e-02, 
 2DIAGNOSTIC,     9, -4.094744836010e-01, 1.797693134862e+308, 2.1588e+00, 3.9927e-02, 
 2DIAGNOSTIC,    10, -4.101981245676e-01, 8.477769350853e-04, 2.1879e+00, 2.9101e-02, 
 2DIAGNOSTIC,    11, -4.117459776446e-01, 8.557279201668e-04, 2.2165e+00, 2.8604e-02, 
 2DIAGNOSTIC,    12, -4.154957053014e-01, 1.022577066006e-03, 2.2489e+00, 3.2372e-02, 
 2DIAGNOSTIC,    13, -4.166712214846e-01, 1.158966895108e-03, 2.2847e+00, 3.5790e-02, 
 2DIAGNOSTIC,    14, -4.170480817918e-01, 1.222578510153e-03, 2.3191e+00, 3.4395e-02, 
 2DIAGNOSTIC,    15, -4.170647187017e-01, 1.191094904470e-03, 2.3508e+00, 3.1730e-02, 
 2DIAGNOSTIC,    16, -4.172091385956e-01, 1.092375675049e-03, 2.3815e+00, 3.0666e-02, 
 2DIAGNOSTIC,    17, -4.172749289481e-01, 9.288157636572e-04, 2.4145e+00, 3.3020e-02, 
 2DIAGNOSTIC,    18, -4.172819569757e-01, 7.166229676033e-04, 2.4478e+00, 3.3329e-02, 
 2DIAGNOSTIC,    19, -4.172686039727e-01, 4.890171933260e-04, 2.4846e+00, 3.6831e-02, 
 2DIAGNOSTIC,    20, -4.172688815835e-01, 2.648574487921e-04, 2.5222e+00, 3.7547e-02, 
 2DIAGNOSTIC,    21, -4.172623223252e-01, 8.545928296930e-05, 2.5536e+00, 3.1388e-02, 
 2DIAGNOSTIC,    22, -4.172699209709e-01, 3.147859152677e-05, 2.5835e+00, 2.9908e-02, 
 2DIAGNOSTIC,    23, -4.172714403065e-01, 1.442451349456e-05, 2.6131e+00, 2.9578e-02, 
 2DIAGNOSTIC,    24, -4.172805420973e-01, 8.730117752515e-06, 2.6417e+00, 2.8633e-02, 
 2DIAGNOSTIC,    25, -4.172763103502e-01, 3.053517986268e-06, 2.6739e+00, 3.2232e-02, 
 2DIAGNOSTIC,    26, -4.172850627958e-01, 1.660004413484e-06, 2.7056e+00, 3.1662e-02, 
 2DIAGNOSTIC,    27, -4.172790384086e-01, 1.837197092035e-06, 2.7381e+00, 3.2502e-02, 
 2DIAGNOSTIC,    28, -4.173469491287e-01, 3.790128306598e-06, 2.7805e+00, 4.2412e-02, 
 2DIAGNOSTIC,    29, -4.173561098392e-01, 5.211337689118e-06, 2.8084e+00, 2.7914e-02, 
 2DIAGNOSTIC,    30, -4.173495847746e-01, 6.023475399013e-06, 2.8369e+00, 2.8495e-02, 
 2DIAGNOSTIC,    31, -4.173636853348e-01, 6.508588302402e-06, 2.8688e+00, 3.1923e-02, 
 2DIAGNOSTIC,    32, -4.173813384457e-01, 6.975180552322e-06, 2.8969e+00, 2.8024e-02, 
 2DIAGNOSTIC,    33, -4.173855852754e-01, 6.930044448204e-06, 2.9318e+00, 3.4962e-02, 
 2DIAGNOSTIC,    34, -4.173869094476e-01, 6.533790808477e-06, 2.9603e+00, 2.8499e-02, 
 2DIAGNOSTIC,    35, -4.173744142169e-01, 5.323040506464e-06, 2.9917e+00, 3.1409e-02, 
 2DIAGNOSTIC,    36, -4.173681885467e-01, 3.834018242461e-06, 3.0201e+00, 2.8381e-02, 
 2DIAGNOSTIC,    37, -4.173556216910e-01, 1.759423295576e-06, 3.0481e+00, 2.7993e-02, 
DIAGNOSTIC,Iteration,metricValue,convergenceValue,ITERATION_TIME_INDEX,SINCE_LAST
 2DIAGNOSTIC,     1, -3.582749804924e-01, 1.797693134862e+308, 4.1575e+00, 1.1094e+00, 
 2DIAGNOSTIC,     2, -3.584401352403e-01, 1.797693134862e+308, 4.3927e+00, 2.3516e-01, 
 2DIAGNOSTIC,     3, -3.585476854722e-01, 1.797693134862e+308, 4.6391e+00, 2.4645e-01, 
 2DIAGNOSTIC,     4, -3.586007388268e-01, 1.797693134862e+308, 4.9001e+00, 2.6105e-01, 
 2DIAGNOSTIC,     5, -3.587032262118e-01, 1.797693134862e+308, 5.1646e+00, 2.6443e-01, 
 2DIAGNOSTIC,     6, -3.587994698801e-01, 1.797693134862e+308, 5.5854e+00, 4.2084e-01, 
 2DIAGNOSTIC,     7, -3.587998406863e-01, 1.797693134862e+308, 5.8627e+00, 2.7732e-01, 
 2DIAGNOSTIC,     8, -3.587998088288e-01, 1.797693134862e+308, 6.1154e+00, 2.5271e-01, 
 2DIAGNOSTIC,     9, -3.587993474155e-01, 1.797693134862e+308, 6.3638e+00, 2.4831e-01, 
 2DIAGNOSTIC,    10, -3.587997820004e-01, 9.228835968839e-05, 6.6886e+00, 3.2487e-01, 
 2DIAGNOSTIC,    11, -3.587993844863e-01, 5.793408192133e-05, 6.9334e+00, 2.4478e-01, 
 2DIAGNOSTIC,    12, -3.587989177581e-01, 3.517219872544e-05, 7.1827e+00, 2.4933e-01, 
 2DIAGNOSTIC,    13, -3.587970876737e-01, 1.949997395162e-05, 7.3999e+00, 2.1712e-01, 
 2DIAGNOSTIC,    14, -3.587972822662e-01, 7.434370281570e-06, 7.6549e+00, 2.5503e-01, 
 2DIAGNOSTIC,    15, -3.587961498172e-01, 1.712797728246e-06, 7.9111e+00, 2.5618e-01, 
 2DIAGNOSTIC,    16, -3.587964271963e-01, 1.523395663658e-06, 8.1475e+00, 2.3638e-01, 
 2DIAGNOSTIC,    17, -3.587962331928e-01, 1.407362953364e-06, 8.3959e+00, 2.4849e-01, 
 2DIAGNOSTIC,    18, -3.587968973041e-01, 1.376449656580e-06, 8.6400e+00, 2.4406e-01, 
 2DIAGNOSTIC,    19, -3.587955963443e-01, 1.310140732340e-06, 8.8690e+00, 2.2899e-01, 
 2DIAGNOSTIC,    20, -3.587952798035e-01, 1.290400344106e-06, 9.1124e+00, 2.4344e-01, 
 2DIAGNOSTIC,    21, -3.587945170547e-01, 1.256715540118e-06, 9.4010e+00, 2.8853e-01, 
 2DIAGNOSTIC,    22, -3.587942490768e-01, 1.224938777640e-06, 9.7442e+00, 3.4328e-01, 
 2DIAGNOSTIC,    23, -3.587942345396e-01, 1.152154629556e-06, 1.0006e+01, 2.6169e-01, 
 2DIAGNOSTIC,    24, -3.587940581038e-01, 1.108956729876e-06, 1.0306e+01, 3.0010e-01, 
 2DIAGNOSTIC,    25, -3.587936681163e-01, 1.041763488877e-06, 1.0595e+01, 2.8852e-01, 
DIAGNOSTIC,Iteration,metricValue,convergenceValue,ITERATION_TIME_INDEX,SINCE_LAST
 2DIAGNOSTIC,     1, -3.299428427468e-01, 1.797693134862e+308, 1.3188e+01, 2.5932e+00, 
 2DIAGNOSTIC,     2, -3.302111173395e-01, 1.797693134862e+308, 1.4757e+01, 1.5696e+00, 
 2DIAGNOSTIC,     3, -3.304663375680e-01, 1.797693134862e+308, 1.6286e+01, 1.5282e+00, 
 2DIAGNOSTIC,     4, -3.305730048902e-01, 1.797693134862e+308, 1.7831e+01, 1.5452e+00, 
 2DIAGNOSTIC,     5, -3.308766304958e-01, 1.797693134862e+308, 1.9482e+01, 1.6516e+00, 
 2DIAGNOSTIC,     6, -3.314292882437e-01, 1.797693134862e+308, 2.1889e+01, 2.4062e+00, 
 2DIAGNOSTIC,     7, -3.314350379994e-01, 1.797693134862e+308, 2.3561e+01, 1.6722e+00, 
 2DIAGNOSTIC,     8, -3.314405491843e-01, 1.797693134862e+308, 2.5407e+01, 1.8464e+00, 
 2DIAGNOSTIC,     9, -3.314410004308e-01, 1.797693134862e+308, 2.7073e+01, 1.6658e+00, 
 2DIAGNOSTIC,    10, -3.314408332371e-01, 3.252598761202e-04, 2.8528e+01, 1.4550e+00, 
 2DIAGNOSTIC,    11, -3.314430697577e-01, 2.337246675467e-04, 3.0746e+01, 2.2176e+00, 
 2DIAGNOSTIC,    12, -3.314433581765e-01, 1.557478580817e-04, 3.3128e+01, 2.3828e+00, 
 2DIAGNOSTIC,    13, -3.314433575612e-01, 9.344357091516e-05, 3.4974e+01, 1.8460e+00, 
 2DIAGNOSTIC,    14, -3.314433890980e-01, 3.820945039469e-05, 3.6631e+01, 1.6567e+00, 
 2DIAGNOSTIC,    15, -3.314431440550e-01, 3.530218155801e-06, 3.8222e+01, 1.5908e+00, 
 2DIAGNOSTIC,    16, -3.314428352785e-01, 2.685697065824e-06, 4.0215e+01, 1.9930e+00, 
 2DIAGNOSTIC,    17, -3.314428500929e-01, 2.159431575631e-06, 4.1721e+01, 1.5064e+00, 
 2DIAGNOSTIC,    18, -3.314427890840e-01, 1.925666598353e-06, 4.3006e+01, 1.2844e+00, 
 2DIAGNOSTIC,    19, -3.314427298895e-01, 1.721221443957e-06, 4.4520e+01, 1.5138e+00, 
 2DIAGNOSTIC,    20, -3.314426666304e-01, 1.520777780789e-06, 4.5857e+01, 1.3377e+00, 
 2DIAGNOSTIC,    21, -3.314426790255e-01, 1.437881718802e-06, 4.7447e+01, 1.5901e+00, 
 2DIAGNOSTIC,    22, -3.314426937268e-01, 1.381455774989e-06, 4.8755e+01, 1.3081e+00, 
 2DIAGNOSTIC,    23, -3.314426480756e-01, 1.334003737814e-06, 5.0140e+01, 1.3843e+00, 
 2DIAGNOSTIC,    24, -3.314426208498e-01, 1.295586657311e-06, 5.1661e+01, 1.5209e+00, 
 2DIAGNOSTIC,    25, -3.314425789299e-01, 1.253612281496e-06, 5.3103e+01, 1.4425e+00, 
 2DIAGNOSTIC,    26, -3.314425567780e-01, 1.205722419718e-06, 5.4619e+01, 1.5161e+00, 
 2DIAGNOSTIC,    27, -3.314425921911e-01, 1.164703958424e-06, 5.5947e+01, 1.3277e+00, 
 2DIAGNOSTIC,    28, -3.314425808537e-01, 1.125731901037e-06, 5.7593e+01, 1.6461e+00, 
 2DIAGNOSTIC,    29, -3.314426189140e-01, 1.089959720035e-06, 5.9071e+01, 1.4776e+00, 
 2DIAGNOSTIC,    30, -3.314427433817e-01, 1.059015892792e-06, 6.0749e+01, 1.6779e+00, 
 2DIAGNOSTIC,    31, -3.314427677464e-01, 1.031144271080e-06, 6.2263e+01, 1.5148e+00, 
 2DIAGNOSTIC,    32, -3.314426510326e-01, 1.001887630692e-06, 6.3695e+01, 1.4320e+00, 
  Elapsed time (stage 0): 6.4463e+01


Total elapsed time: 6.4466e+01
Info [verificarlo]: loaded backend libinterflop_ieee.so
Info [interflop-ieee]: load backend with:
Info [interflop-ieee]: debug = false
Info [interflop-ieee]: debug-binary = false
Info [interflop-ieee]: no-backend-name = false
Info [interflop-ieee]: print-new-line = false
Info [interflop-ieee]: print-subnormal-normalized = false
Info [interflop-ieee]: count-op = false
All_Command_lines_OK
Using double precision for computations.
=============================================================================
The composite transform comprises the following transforms (in order): 
  1. /home/mdugre/scratch/mri-registration-rp/datasets/ds004513/derivatives/mri-registration-rp/0001/antsRegistration-r8-p14/sub-s020/rigid_Composite.h5[0] (type = Euler3DTransform)
  2. /home/mdugre/scratch/mri-registration-rp/datasets/ds004513/derivatives/mri-registration-rp/0001/antsRegistration-r8-p14/sub-s020/rigid_Composite.h5[1] (type = Euler3DTransform)
  3. /home/mdugre/scratch/mri-registration-rp/datasets/ds004513/derivatives/mri-registration-rp/0001/antsRegistration-r8-p14/sub-s020/rigid_Composite.h5[2] (type = Euler3DTransform)
=============================================================================
  number of levels = 4
  fixed image: /templateflow/tpl-MNI152NLin2009cAsym/tpl-MNI152NLin2009cAsym_res-01_desc-brain_T1w.nii.gz
  moving image: /home/mdugre/scratch/mri-registration-rp/datasets/ds004513/derivatives/mri-registration-rp/antsBrainExtraction/sub-s020/BrainExtractionBrain.nii.gz
Dimension = 3
Number of stages = 1
Use histogram matching = false
Winsorize image intensities = true
  Lower quantile = 0.005
  Upper quantile = 0.995


Stage 1 State
   Image metric = MattesMI
     Fixed image = Image (0x3dd07e0)
  RTTI typeinfo:   itk::Image<double, 3u>
  Reference Count: 2
  Modified Time: 1594
  Debug: Off
  Object Name: 
  Observers: 
    none
  Source: (none)
  Source output name: (none)
  Release Data: Off
  Data Released: False
  Global Release Data: Off
  PipelineMTime: 0
  UpdateMTime: 1203
  RealTimeStamp: 0 seconds 
  LargestPossibleRegion: 
    Dimension: 3
    Index: [0, 0, 0]
    Size: [193, 229, 193]
  BufferedRegion: 
    Dimension: 3
    Index: [0, 0, 0]
    Size: [193, 229, 193]
  RequestedRegion: 
    Dimension: 3
    Index: [0, 0, 0]
    Size: [193, 229, 193]
  Spacing: [1, 1, 1]
  Origin: [96, 132, -78]
  Direction: 
-1 0 0
0 -1 0
0 0 1

  IndexToPointMatrix: 
-1 0 0
0 -1 0
0 0 1

  PointToIndexMatrix: 
-1 0 0
0 -1 0
0 0 1

  Inverse Direction: 
-1 0 0
0 -1 0
0 0 1

  PixelContainer: 
    ImportImageContainer (0x3e90a20)
      RTTI typeinfo:   itk::ImportImageContainer<unsigned long, double>
      Reference Count: 1
      Modified Time: 1200
      Debug: Off
      Object Name: 
      Observers: 
        none
      Pointer: 0x154fcc9d5010
      Container manages memory: true
      Size: 8530021
      Capacity: 8530021

     Moving image = Image (0x3e8bd70)
  RTTI typeinfo:   itk::Image<double, 3u>
  Reference Count: 2
  Modified Time: 1595
  Debug: Off
  Object Name: 
  Observers: 
    none
  Source: (none)
  Source output name: (none)
  Release Data: Off
  Data Released: False
  Global Release Data: Off
  PipelineMTime: 0
  UpdateMTime: 1592
  RealTimeStamp: 0 seconds 
  LargestPossibleRegion: 
    Dimension: 3
    Index: [0, 0, 0]
    Size: [160, 240, 256]
  BufferedRegion: 
    Dimension: 3
    Index: [0, 0, 0]
    Size: [160, 240, 256]
  RequestedRegion: 
    Dimension: 3
    Index: [0, 0, 0]
    Size: [160, 240, 256]
  Spacing: [0.999995, 1, 1]
  Origin: [87.0906, 98.7205, -152.377]
  Direction: 
-0.996975 0.0261379 -0.0731913
-0.0260677 -0.999658 -0.00191374
-0.0732163 -2.46403e-08 0.997316

  IndexToPointMatrix: 
-0.996971 0.0261379 -0.0731913
-0.0260676 -0.999658 -0.00191374
-0.0732159 -2.46403e-08 0.997316

  PointToIndexMatrix: 
-0.99698 -0.0260679 -0.0732166
0.0261379 -0.999658 -2.46993e-08
-0.0731913 -0.00191374 0.997316

  Inverse Direction: 
-0.996975 -0.0260677 -0.0732163
0.0261379 -0.999658 -2.46993e-08
-0.0731913 -0.00191374 0.997316

  PixelContainer: 
    ImportImageContainer (0x3e43c90)
      RTTI typeinfo:   itk::ImportImageContainer<unsigned long, double>
      Reference Count: 1
      Modified Time: 1589
      Debug: Off
      Object Name: 
      Observers: 
        none
      Pointer: 0x154fc7ed4010
      Container manages memory: true
      Size: 9830400
      Capacity: 9830400

     Weighting = 1
     Sampling strategy = regular
     Number of bins = 32
     Radius = 4
     Sampling percentage  = 0.25
   Transform = Affine
     Gradient step = 0.1
     Update field sigma (voxel space) = 0
     Total field sigma (voxel space) = 0
     Update field time sigma = 0
     Total field time sigma  = 0
     Number of time indices = 0
     Number of time point samples = 0
Registration using 1 total stages.

Stage 0
  iterations = 1000x500x250x100
  convergence threshold = 1e-06
  convergence window size = 10
  number of levels = 4
  using the Mattes MI metric (number of bins = 32, weight = 1, use gradient filter = 0)
  preprocessing:  winsorizing the image intensities
  Shrink factors (level 1 out of 4): [8, 8, 8]
  Shrink factors (level 2 out of 4): [4, 4, 4]
  Shrink factors (level 3 out of 4): [2, 2, 2]
  Shrink factors (level 4 out of 4): [1, 1, 1]
  smoothing sigmas per level: [3, 2, 1, 0]
  regular sampling (percentage = 0.25)

*** Running AffineTransform registration ***

DIAGNOSTIC,Iteration,metricValue,convergenceValue,ITERATION_TIME_INDEX,SINCE_LAST
 2DIAGNOSTIC,     1, -4.989941555763e-01, 1.797693134862e+308, 7.1143e-01, 7.1143e-01, 
 2DIAGNOSTIC,     2, -5.007872473864e-01, 1.797693134862e+308, 7.1600e-01, 4.5700e-03, 
 2DIAGNOSTIC,     3, -5.043120306837e-01, 1.797693134862e+308, 7.2078e-01, 4.7781e-03, 
 2DIAGNOSTIC,     4, -5.097755137096e-01, 1.797693134862e+308, 7.2555e-01, 4.7781e-03, 
 2DIAGNOSTIC,     5, -5.187066879304e-01, 1.797693134862e+308, 7.3025e-01, 4.6999e-03, 
 2DIAGNOSTIC,     6, -5.365505407998e-01, 1.797693134862e+308, 7.3485e-01, 4.5948e-03, 
 2DIAGNOSTIC,     7, -5.672167381266e-01, 1.797693134862e+308, 7.3954e-01, 4.6930e-03, 
 2DIAGNOSTIC,     8, -6.363172616840e-01, 1.797693134862e+308, 7.4508e-01, 5.5420e-03, 
 2DIAGNOSTIC,     9, -6.824813925805e-01, 1.797693134862e+308, 7.5064e-01, 5.5521e-03, 
 2DIAGNOSTIC,    10, -7.059176144192e-01, 2.450794747492e-02, 7.5805e-01, 7.4131e-03, 
 2DIAGNOSTIC,    11, -7.173626882569e-01, 2.557617616692e-02, 7.6332e-01, 5.2760e-03, 
 2DIAGNOSTIC,    12, -7.472439873157e-01, 2.534072824812e-02, 7.6870e-01, 5.3730e-03, 
 2DIAGNOSTIC,    13, -7.764881760423e-01, 2.394492271744e-02, 7.7390e-01, 5.2071e-03, 
 2DIAGNOSTIC,    14, -8.103532728214e-01, 2.183786304512e-02, 7.8079e-01, 6.8851e-03, 
 2DIAGNOSTIC,    15, -8.377793551247e-01, 1.917246837396e-02, 7.8855e-01, 7.7629e-03, 
 2DIAGNOSTIC,    16, -8.395379267536e-01, 1.575806190341e-02, 7.9367e-01, 5.1222e-03, 
 2DIAGNOSTIC,    17, -8.461027318732e-01, 1.234139174343e-02, 7.9860e-01, 4.9219e-03, 
 2DIAGNOSTIC,    18, -8.518696261311e-01, 1.000643665063e-02, 8.0401e-01, 5.4100e-03, 
 2DIAGNOSTIC,    19, -8.543725214196e-01, 8.112631061153e-03, 8.0888e-01, 4.8690e-03, 
 2DIAGNOSTIC,    20, -8.554141656773e-01, 6.213309873655e-03, 8.1435e-01, 5.4710e-03, 
 2DIAGNOSTIC,    21, -8.556135973410e-01, 4.189156335103e-03, 8.1983e-01, 5.4798e-03, 
 2DIAGNOSTIC,    22, -8.553881482733e-01, 2.543498798477e-03, 8.2471e-01, 4.8819e-03, 
 2DIAGNOSTIC,    23, -8.554543944311e-01, 1.330861595545e-03, 8.3087e-01, 6.1650e-03, 
 2DIAGNOSTIC,    24, -8.548498226952e-01, 6.521401097351e-04, 8.3629e-01, 5.4200e-03, 
 2DIAGNOSTIC,    25, -8.541781311704e-01, 3.994488491723e-04, 8.4235e-01, 6.0539e-03, 
 2DIAGNOSTIC,    26, -8.542427974053e-01, 1.587026893198e-04, 8.4786e-01, 5.5151e-03, 
 2DIAGNOSTIC,    27, -8.541112565016e-01, 1.451750269484e-05, 8.5330e-01, 5.4400e-03, 
DIAGNOSTIC,Iteration,metricValue,convergenceValue,ITERATION_TIME_INDEX,SINCE_LAST
 2DIAGNOSTIC,     1, -7.076383052879e-01, 1.797693134862e+308, 1.5857e+00, 7.3237e-01, 
 2DIAGNOSTIC,     2, -7.086442704437e-01, 1.797693134862e+308, 1.6264e+00, 4.0723e-02, 
 2DIAGNOSTIC,     3, -7.100679642827e-01, 1.797693134862e+308, 1.6601e+00, 3.3708e-02, 
 2DIAGNOSTIC,     4, -7.117216190272e-01, 1.797693134862e+308, 1.6968e+00, 3.6695e-02, 
 2DIAGNOSTIC,     5, -7.130040921061e-01, 1.797693134862e+308, 1.7468e+00, 5.0030e-02, 
 2DIAGNOSTIC,     6, -7.134607205182e-01, 1.797693134862e+308, 1.7920e+00, 4.5156e-02, 
 2DIAGNOSTIC,     7, -7.136556018640e-01, 1.797693134862e+308, 1.8339e+00, 4.1927e-02, 
 2DIAGNOSTIC,     8, -7.136557957056e-01, 1.797693134862e+308, 1.8757e+00, 4.1745e-02, 
 2DIAGNOSTIC,     9, -7.137393060037e-01, 1.797693134862e+308, 1.9240e+00, 4.8362e-02, 
 2DIAGNOSTIC,    10, -7.137187970534e-01, 5.632327788501e-04, 1.9687e+00, 4.4646e-02, 
 2DIAGNOSTIC,    11, -7.136979637727e-01, 3.655934113016e-04, 2.0084e+00, 3.9718e-02, 
 2DIAGNOSTIC,    12, -7.137156612689e-01, 2.023790577090e-04, 2.0453e+00, 3.6933e-02, 
 2DIAGNOSTIC,    13, -7.137273026629e-01, 8.952616690480e-05, 2.0970e+00, 5.1731e-02, 
 2DIAGNOSTIC,    14, -7.137507154524e-01, 3.185215919359e-05, 2.1369e+00, 3.9808e-02, 
 2DIAGNOSTIC,    15, -7.137133419419e-01, 1.200163745481e-05, 2.1786e+00, 4.1767e-02, 
 2DIAGNOSTIC,    16, -7.137045470161e-01, 4.835970041778e-06, 2.2259e+00, 4.7265e-02, 
 2DIAGNOSTIC,    17, -7.137008097483e-01, 2.750439877186e-06, 2.2637e+00, 3.7788e-02, 
DIAGNOSTIC,Iteration,metricValue,convergenceValue,ITERATION_TIME_INDEX,SINCE_LAST
 2DIAGNOSTIC,     1, -5.940165970518e-01, 1.797693134862e+308, 3.4334e+00, 1.1697e+00, 
 2DIAGNOSTIC,     2, -5.944419808758e-01, 1.797693134862e+308, 3.7664e+00, 3.3296e-01, 
 2DIAGNOSTIC,     3, -5.947822916384e-01, 1.797693134862e+308, 4.0939e+00, 3.2753e-01, 
 2DIAGNOSTIC,     4, -5.950911759586e-01, 1.797693134862e+308, 4.4068e+00, 3.1292e-01, 
 2DIAGNOSTIC,     5, -5.956096205386e-01, 1.797693134862e+308, 4.7208e+00, 3.1402e-01, 
 2DIAGNOSTIC,     6, -5.959398187331e-01, 1.797693134862e+308, 5.0807e+00, 3.5981e-01, 
 2DIAGNOSTIC,     7, -5.964501476751e-01, 1.797693134862e+308, 5.4613e+00, 3.8063e-01, 
 2DIAGNOSTIC,     8, -5.967337788393e-01, 1.797693134862e+308, 5.7703e+00, 3.0906e-01, 
 2DIAGNOSTIC,     9, -5.967593616697e-01, 1.797693134862e+308, 6.1219e+00, 3.5152e-01, 
 2DIAGNOSTIC,    10, -5.967944464317e-01, 3.305655275569e-04, 6.6064e+00, 4.8457e-01, 
 2DIAGNOSTIC,    11, -5.968030363443e-01, 2.587350198575e-04, 6.9606e+00, 3.5420e-01, 
 2DIAGNOSTIC,    12, -5.968197463071e-01, 1.932171931128e-04, 7.2330e+00, 2.7238e-01, 
 2DIAGNOSTIC,    13, -5.968471100349e-01, 1.339380506990e-04, 7.5203e+00, 2.8730e-01, 
 2DIAGNOSTIC,    14, -5.968627315586e-01, 8.209320157647e-05, 7.8113e+00, 2.9098e-01, 
 2DIAGNOSTIC,    15, -5.968752464297e-01, 4.678589566370e-05, 8.0750e+00, 2.6367e-01, 
 2DIAGNOSTIC,    16, -5.969078879888e-01, 2.229074722578e-05, 8.3471e+00, 2.7213e-01, 
 2DIAGNOSTIC,    17, -5.969471762730e-01, 1.399545016854e-05, 8.6420e+00, 2.9489e-01, 
 2DIAGNOSTIC,    18, -5.970625942582e-01, 1.603724282596e-05, 8.9665e+00, 3.2450e-01, 
 2DIAGNOSTIC,    19, -5.970829676753e-01, 1.761087164634e-05, 9.4929e+00, 5.2640e-01, 
 2DIAGNOSTIC,    20, -5.970846043597e-01, 1.845615438935e-05, 9.7989e+00, 3.0603e-01, 
 2DIAGNOSTIC,    21, -5.970834117282e-01, 1.785051918648e-05, 1.0076e+01, 2.7667e-01, 
 2DIAGNOSTIC,    22, -5.970848493463e-01, 1.614155822222e-05, 1.0403e+01, 3.2693e-01, 
 2DIAGNOSTIC,    23, -5.970839695371e-01, 1.371467697982e-05, 1.0702e+01, 2.9911e-01, 
 2DIAGNOSTIC,    24, -5.970817915810e-01, 1.059973388128e-05, 1.0997e+01, 2.9508e-01, 
 2DIAGNOSTIC,    25, -5.970807756520e-01, 7.109311684725e-06, 1.1300e+01, 3.0351e-01, 
 2DIAGNOSTIC,    26, -5.970797688481e-01, 3.929460811854e-06, 1.1616e+01, 3.1606e-01, 
 2DIAGNOSTIC,    27, -5.970762218820e-01, 1.307114661078e-06, 1.1909e+01, 2.9276e-01, 
DIAGNOSTIC,Iteration,metricValue,convergenceValue,ITERATION_TIME_INDEX,SINCE_LAST
 2DIAGNOSTIC,     1, -5.295932246926e-01, 1.797693134862e+308, 1.4976e+01, 3.0667e+00, 
