
##########################
# Experiment information #
##########################

EXPERIMENT_NAME: antsRegistration-r7-p18
VFC_BACKENDS: libinterflop_vprec.so --range-binary32=7 --precision-binary32=18 --range-binary64=7 --precision-binary64=18

SIF_IMG: /home/mdugre/projects/rrg-glatard/mdugre/containers/ants-vprec-no_metrics.simg

SUBJECT_ID: s014
INPUT_IMG: /home/mdugre/scratch/mri-registration-rp/datasets/ds004513/derivatives/mri-registration-rp/antsBrainExtraction/sub-s014/BrainExtractionBrain.nii.gz
OUTPUT_DIR: /home/mdugre/scratch/mri-registration-rp/datasets/ds004513/derivatives/mri-registration-rp/0001/antsRegistration-r7-p18/sub-s014

FIXED_IMG: /templateflow/tpl-MNI152NLin2009cAsym/tpl-MNI152NLin2009cAsym_res-01_desc-brain_T1w.nii.gz
DATA_DIR: /home/mdugre/scratch/mri-registration-rp/datasets/ds004513
TEMPLATEFLOW_DIR: /home/mdugre/projects/rrg-glatard/mdugre/templateflow
ITK_GLOBAL_DEFAULT_NUMBER_OF_THREADS: 16
##########################

Info [verificarlo]: loaded backend libinterflop_ieee.so
Info [interflop-ieee]: load backend with:
Info [interflop-ieee]: debug = false
Info [interflop-ieee]: debug-binary = false
Info [interflop-ieee]: no-backend-name = false
Info [interflop-ieee]: print-new-line = false
Info [interflop-ieee]: print-subnormal-normalized = false
Info [interflop-ieee]: count-op = false
All_Command_lines_OK
Using double precision for computations.
=============================================================================
The composite transform comprises the following transforms (in order): 
  1. Center of mass alignment using fixed image: /templateflow/tpl-MNI152NLin2009cAsym/tpl-MNI152NLin2009cAsym_res-01_desc-brain_T1w.nii.gz and moving image: /home/mdugre/scratch/mri-registration-rp/datasets/ds004513/derivatives/mri-registration-rp/antsBrainExtraction/sub-s014/BrainExtractionBrain.nii.gz (type = Euler3DTransform)
=============================================================================
  number of levels = 1
  fixed image: /templateflow/tpl-MNI152NLin2009cAsym/tpl-MNI152NLin2009cAsym_res-01_desc-brain_T1w.nii.gz
  moving image: /home/mdugre/scratch/mri-registration-rp/datasets/ds004513/derivatives/mri-registration-rp/antsBrainExtraction/sub-s014/BrainExtractionBrain.nii.gz
Dimension = 3
Number of stages = 1
Use histogram matching = false
Winsorize image intensities = true
  Lower quantile = 0.005
  Upper quantile = 0.995


Stage 1 State
   Image metric = MattesMI
     Fixed image = Image (0x4311e70)
  RTTI typeinfo:   itk::Image<double, 3u>
  Reference Count: 2
  Modified Time: 2334
  Debug: Off
  Object Name: 
  Observers: 
    none
  Source: (none)
  Source output name: (none)
  Release Data: Off
  Data Released: False
  Global Release Data: Off
  PipelineMTime: 0
  UpdateMTime: 1943
  RealTimeStamp: 0 seconds 
  LargestPossibleRegion: 
    Dimension: 3
    Index: [0, 0, 0]
    Size: [193, 229, 193]
  BufferedRegion: 
    Dimension: 3
    Index: [0, 0, 0]
    Size: [193, 229, 193]
  RequestedRegion: 
    Dimension: 3
    Index: [0, 0, 0]
    Size: [193, 229, 193]
  Spacing: [1, 1, 1]
  Origin: [96, 132, -78]
  Direction: 
-1 0 0
0 -1 0
0 0 1

  IndexToPointMatrix: 
-1 0 0
0 -1 0
0 0 1

  PointToIndexMatrix: 
-1 0 0
0 -1 0
0 0 1

  Inverse Direction: 
-1 0 0
0 -1 0
0 0 1

  PixelContainer: 
    ImportImageContainer (0x431e140)
      RTTI typeinfo:   itk::ImportImageContainer<unsigned long, double>
      Reference Count: 1
      Modified Time: 1940
      Debug: Off
      Object Name: 
      Observers: 
        none
      Pointer: 0x14c99d9c3010
      Container manages memory: true
      Size: 8530021
      Capacity: 8530021

     Moving image = Image (0x431b310)
  RTTI typeinfo:   itk::Image<double, 3u>
  Reference Count: 2
  Modified Time: 2335
  Debug: Off
  Object Name: 
  Observers: 
    none
  Source: (none)
  Source output name: (none)
  Release Data: Off
  Data Released: False
  Global Release Data: Off
  PipelineMTime: 0
  UpdateMTime: 2332
  RealTimeStamp: 0 seconds 
  LargestPossibleRegion: 
    Dimension: 3
    Index: [0, 0, 0]
    Size: [160, 240, 256]
  BufferedRegion: 
    Dimension: 3
    Index: [0, 0, 0]
    Size: [160, 240, 256]
  RequestedRegion: 
    Dimension: 3
    Index: [0, 0, 0]
    Size: [160, 240, 256]
  Spacing: [0.999999, 1, 1]
  Origin: [84.1637, 106.709, -120.531]
  Direction: 
-0.999619 -0.0226874 -0.0157033
0.0226846 -0.999743 0.00035635
-0.0157073 -7.8229e-09 0.999877

  IndexToPointMatrix: 
-0.999619 -0.0226874 -0.0157033
0.0226845 -0.999743 0.00035635
-0.0157073 -7.8229e-09 0.999877

  PointToIndexMatrix: 
-0.99962 0.0226846 -0.0157073
-0.0226874 -0.999743 -7.83127e-09
-0.0157033 0.00035635 0.999877

  Inverse Direction: 
-0.999619 0.0226846 -0.0157073
-0.0226874 -0.999743 -7.83127e-09
-0.0157033 0.00035635 0.999877

  PixelContainer: 
    ImportImageContainer (0x4446610)
      RTTI typeinfo:   itk::ImportImageContainer<unsigned long, double>
      Reference Count: 1
      Modified Time: 2329
      Debug: Off
      Object Name: 
      Observers: 
        none
      Pointer: 0x14c998ec2010
      Container manages memory: true
      Size: 9830400
      Capacity: 9830400

     Weighting = 1
     Sampling strategy = regular
     Number of bins = 32
     Radius = 4
     Sampling percentage  = 0.25
   Transform = Rigid
     Gradient step = 0.1
     Update field sigma (voxel space) = 0
     Total field sigma (voxel space) = 0
     Update field time sigma = 0
     Total field time sigma  = 0
     Number of time indices = 0
     Number of time point samples = 0
Registration using 1 total stages.

Stage 0
  iterations = 0
  convergence threshold = 1e-06
  convergence window size = 10
  number of levels = 1
  using the Mattes MI metric (number of bins = 32, weight = 1, use gradient filter = 0)
  preprocessing:  winsorizing the image intensities
  Shrink factors (level 1 out of 1): [1, 1, 1]
  smoothing sigmas per level: [0]
  regular sampling (percentage = 0.25)

*** Running Euler3DTransform registration ***

  Elapsed time (stage 0): 1.19748


Total elapsed time: 1.19977
Info [verificarlo]: loaded backend libinterflop_ieee.so
Info [interflop-ieee]: load backend with:
Info [interflop-ieee]: debug = false
Info [interflop-ieee]: debug-binary = false
Info [interflop-ieee]: no-backend-name = false
Info [interflop-ieee]: print-new-line = false
Info [interflop-ieee]: print-subnormal-normalized = false
Info [interflop-ieee]: count-op = false
All_Command_lines_OK
Using double precision for computations.
=============================================================================
The composite transform comprises the following transforms (in order): 
  1. /home/mdugre/scratch/mri-registration-rp/datasets/ds004513/derivatives/mri-registration-rp/0001/antsRegistration-r7-p18/sub-s014/align_Composite.h5[0] (type = Euler3DTransform)
  2. /home/mdugre/scratch/mri-registration-rp/datasets/ds004513/derivatives/mri-registration-rp/0001/antsRegistration-r7-p18/sub-s014/align_Composite.h5[1] (type = Euler3DTransform)
=============================================================================
  number of levels = 4
  fixed image: /templateflow/tpl-MNI152NLin2009cAsym/tpl-MNI152NLin2009cAsym_res-01_desc-brain_T1w.nii.gz
  moving image: /home/mdugre/scratch/mri-registration-rp/datasets/ds004513/derivatives/mri-registration-rp/antsBrainExtraction/sub-s014/BrainExtractionBrain.nii.gz
Dimension = 3
Number of stages = 1
Use histogram matching = false
Winsorize image intensities = true
  Lower quantile = 0.005
  Upper quantile = 0.995


Stage 1 State
   Image metric = MattesMI
     Fixed image = Image (0x478a530)
  RTTI typeinfo:   itk::Image<double, 3u>
  Reference Count: 2
  Modified Time: 1580
  Debug: Off
  Object Name: 
  Observers: 
    none
  Source: (none)
  Source output name: (none)
  Release Data: Off
  Data Released: False
  Global Release Data: Off
  PipelineMTime: 0
  UpdateMTime: 1189
  RealTimeStamp: 0 seconds 
  LargestPossibleRegion: 
    Dimension: 3
    Index: [0, 0, 0]
    Size: [193, 229, 193]
  BufferedRegion: 
    Dimension: 3
    Index: [0, 0, 0]
    Size: [193, 229, 193]
  RequestedRegion: 
    Dimension: 3
    Index: [0, 0, 0]
    Size: [193, 229, 193]
  Spacing: [1, 1, 1]
  Origin: [96, 132, -78]
  Direction: 
-1 0 0
0 -1 0
0 0 1

  IndexToPointMatrix: 
-1 0 0
0 -1 0
0 0 1

  PointToIndexMatrix: 
-1 0 0
0 -1 0
0 0 1

  Inverse Direction: 
-1 0 0
0 -1 0
0 0 1

  PixelContainer: 
    ImportImageContainer (0x4848d60)
      RTTI typeinfo:   itk::ImportImageContainer<unsigned long, double>
      Reference Count: 1
      Modified Time: 1186
      Debug: Off
      Object Name: 
      Observers: 
        none
      Pointer: 0x14cadbbc2010
      Container manages memory: true
      Size: 8530021
      Capacity: 8530021

     Moving image = Image (0x483af60)
  RTTI typeinfo:   itk::Image<double, 3u>
  Reference Count: 2
  Modified Time: 1581
  Debug: Off
  Object Name: 
  Observers: 
    none
  Source: (none)
  Source output name: (none)
  Release Data: Off
  Data Released: False
  Global Release Data: Off
  PipelineMTime: 0
  UpdateMTime: 1578
  RealTimeStamp: 0 seconds 
  LargestPossibleRegion: 
    Dimension: 3
    Index: [0, 0, 0]
    Size: [160, 240, 256]
  BufferedRegion: 
    Dimension: 3
    Index: [0, 0, 0]
    Size: [160, 240, 256]
  RequestedRegion: 
    Dimension: 3
    Index: [0, 0, 0]
    Size: [160, 240, 256]
  Spacing: [0.999999, 1, 1]
  Origin: [84.1637, 106.709, -120.531]
  Direction: 
-0.999619 -0.0226874 -0.0157033
0.0226846 -0.999743 0.00035635
-0.0157073 -7.8229e-09 0.999877

  IndexToPointMatrix: 
-0.999619 -0.0226874 -0.0157033
0.0226845 -0.999743 0.00035635
-0.0157073 -7.8229e-09 0.999877

  PointToIndexMatrix: 
-0.99962 0.0226846 -0.0157073
-0.0226874 -0.999743 -7.83127e-09
-0.0157033 0.00035635 0.999877

  Inverse Direction: 
-0.999619 0.0226846 -0.0157073
-0.0226874 -0.999743 -7.83127e-09
-0.0157033 0.00035635 0.999877

  PixelContainer: 
    ImportImageContainer (0x482c6d0)
      RTTI typeinfo:   itk::ImportImageContainer<unsigned long, double>
      Reference Count: 1
      Modified Time: 1575
      Debug: Off
      Object Name: 
      Observers: 
        none
      Pointer: 0x14cad70c1010
      Container manages memory: true
      Size: 9830400
      Capacity: 9830400

     Weighting = 1
     Sampling strategy = regular
     Number of bins = 32
     Radius = 4
     Sampling percentage  = 0.25
   Transform = Rigid
     Gradient step = 0.1
     Update field sigma (voxel space) = 0
     Total field sigma (voxel space) = 0
     Update field time sigma = 0
     Total field time sigma  = 0
     Number of time indices = 0
     Number of time point samples = 0
Registration using 1 total stages.

Stage 0
  iterations = 1000x500x250x100
  convergence threshold = 1e-06
  convergence window size = 10
  number of levels = 4
  using the Mattes MI metric (number of bins = 32, weight = 1, use gradient filter = 0)
  preprocessing:  winsorizing the image intensities
  Shrink factors (level 1 out of 4): [8, 8, 8]
  Shrink factors (level 2 out of 4): [4, 4, 4]
  Shrink factors (level 3 out of 4): [2, 2, 2]
  Shrink factors (level 4 out of 4): [1, 1, 1]
  smoothing sigmas per level: [3, 2, 1, 0]
  regular sampling (percentage = 0.25)

*** Running Euler3DTransform registration ***

DIAGNOSTIC,Iteration,metricValue,convergenceValue,ITERATION_TIME_INDEX,SINCE_LAST
 2DIAGNOSTIC,     1, -4.770821406565e-01, 1.797693134862e+308, 6.5692e-01, 6.5692e-01, 
 2DIAGNOSTIC,     2, -4.784216133942e-01, 1.797693134862e+308, 6.6117e-01, 4.2520e-03, 
 2DIAGNOSTIC,     3, -4.807043200681e-01, 1.797693134862e+308, 6.6535e-01, 4.1759e-03, 
 2DIAGNOSTIC,     4, -4.840264478065e-01, 1.797693134862e+308, 6.6944e-01, 4.0910e-03, 
 2DIAGNOSTIC,     5, -4.883050305770e-01, 1.797693134862e+308, 6.7355e-01, 4.1151e-03, 
 2DIAGNOSTIC,     6, -4.953560426371e-01, 1.797693134862e+308, 6.7909e-01, 5.5380e-03, 
 2DIAGNOSTIC,     7, -5.007350570384e-01, 1.797693134862e+308, 6.8405e-01, 4.9541e-03, 
 2DIAGNOSTIC,     8, -5.013278569503e-01, 1.797693134862e+308, 6.8843e-01, 4.3819e-03, 
 2DIAGNOSTIC,     9, -5.085255256006e-01, 1.797693134862e+308, 6.9400e-01, 5.5680e-03, 
 2DIAGNOSTIC,    10, -5.161992633656e-01, 5.125196520979e-03, 7.0079e-01, 6.7952e-03, 
 2DIAGNOSTIC,    11, -5.167072941437e-01, 4.879252931146e-03, 7.0538e-01, 4.5929e-03, 
 2DIAGNOSTIC,    12, -5.203629876260e-01, 4.481282734468e-03, 7.0978e-01, 4.3919e-03, 
 2DIAGNOSTIC,    13, -5.229718709777e-01, 3.958672533579e-03, 7.1419e-01, 4.4148e-03, 
 2DIAGNOSTIC,    14, -5.250338110829e-01, 3.368007801723e-03, 7.1944e-01, 5.2540e-03, 
 2DIAGNOSTIC,    15, -5.272078697647e-01, 2.786121483392e-03, 7.2736e-01, 7.9188e-03, 
 2DIAGNOSTIC,    16, -5.275715603977e-01, 2.284098302164e-03, 7.3153e-01, 4.1659e-03, 
 2DIAGNOSTIC,    17, -5.282507656511e-01, 1.839921123741e-03, 7.3601e-01, 4.4839e-03, 
 2DIAGNOSTIC,    18, -5.289722876066e-01, 1.313912041898e-03, 7.4081e-01, 4.7991e-03, 
 2DIAGNOSTIC,    19, -5.292207410111e-01, 9.370568707353e-04, 7.4559e-01, 4.7760e-03, 
 2DIAGNOSTIC,    20, -5.294476960672e-01, 7.341365573344e-04, 7.5031e-01, 4.7240e-03, 
 2DIAGNOSTIC,    21, -5.294955840903e-01, 4.966190831873e-04, 7.5461e-01, 4.2958e-03, 
 2DIAGNOSTIC,    22, -5.295366245031e-01, 3.281311959328e-04, 7.5929e-01, 4.6799e-03, 
 2DIAGNOSTIC,    23, -5.295376311909e-01, 2.063244245658e-04, 7.6403e-01, 4.7431e-03, 
 2DIAGNOSTIC,    24, -5.295911249027e-01, 1.234508389543e-04, 7.6873e-01, 4.6961e-03, 
 2DIAGNOSTIC,    25, -5.296271130648e-01, 8.499150549834e-05, 7.7350e-01, 4.7729e-03, 
 2DIAGNOSTIC,    26, -5.296539599384e-01, 4.983583932665e-05, 7.7772e-01, 4.2191e-03, 
 2DIAGNOSTIC,    27, -5.297704229810e-01, 2.877322816062e-05, 7.8195e-01, 4.2341e-03, 
 2DIAGNOSTIC,    28, -5.299884954870e-01, 2.504887532960e-05, 7.8778e-01, 5.8291e-03, 
 2DIAGNOSTIC,    29, -5.300854192462e-01, 2.569611953437e-05, 7.9250e-01, 4.7190e-03, 
 2DIAGNOSTIC,    30, -5.300410324622e-01, 2.732899345453e-05, 7.9669e-01, 4.1850e-03, 
 2DIAGNOSTIC,    31, -5.300376932142e-01, 2.724560549450e-05, 8.0089e-01, 4.1990e-03, 
 2DIAGNOSTIC,    32, -5.301686264233e-01, 2.763232919712e-05, 8.0507e-01, 4.1859e-03, 
 2DIAGNOSTIC,    33, -5.303926738418e-01, 2.905769096861e-05, 8.1034e-01, 5.2650e-03, 
 2DIAGNOSTIC,    34, -5.304519664599e-01, 2.945835348038e-05, 8.1555e-01, 5.2121e-03, 
 2DIAGNOSTIC,    35, -5.305073139182e-01, 2.868169327985e-05, 8.1977e-01, 4.2179e-03, 
 2DIAGNOSTIC,    36, -5.305686017146e-01, 2.670517372634e-05, 8.2397e-01, 4.2059e-03, 
 2DIAGNOSTIC,    37, -5.306602858941e-01, 2.533264911759e-05, 8.2970e-01, 5.7240e-03, 
 2DIAGNOSTIC,    38, -5.306881156229e-01, 2.512162424440e-05, 8.3390e-01, 4.1990e-03, 
 2DIAGNOSTIC,    39, -5.307317416634e-01, 2.461885298236e-05, 8.3806e-01, 4.1609e-03, 
 2DIAGNOSTIC,    40, -5.308225091353e-01, 2.257034276102e-05, 8.4379e-01, 5.7380e-03, 
 2DIAGNOSTIC,    41, -5.308460424124e-01, 1.877385526229e-05, 8.4798e-01, 4.1859e-03, 
 2DIAGNOSTIC,    42, -5.308561837321e-01, 1.520831957664e-05, 8.5215e-01, 4.1702e-03, 
 2DIAGNOSTIC,    43, -5.308777649273e-01, 1.355835177635e-05, 8.5633e-01, 4.1780e-03, 
 2DIAGNOSTIC,    44, -5.309114036110e-01, 1.190613944792e-05, 8.6051e-01, 4.1780e-03, 
 2DIAGNOSTIC,    45, -5.310262965518e-01, 1.129423567005e-05, 8.6723e-01, 6.7270e-03, 
 2DIAGNOSTIC,    46, -5.310374074445e-01, 1.049838942380e-05, 8.7143e-01, 4.1981e-03, 
 2DIAGNOSTIC,    47, -5.310434720121e-01, 9.962263453019e-06, 8.7564e-01, 4.2059e-03, 
 2DIAGNOSTIC,    48, -5.310518853633e-01, 8.989886108781e-06, 8.7983e-01, 4.1931e-03, 
 2DIAGNOSTIC,    49, -5.310584329536e-01, 7.783359502512e-06, 8.8508e-01, 5.2459e-03, 
 2DIAGNOSTIC,    50, -5.310645817646e-01, 6.973833584178e-06, 8.9077e-01, 5.6932e-03, 
 2DIAGNOSTIC,    51, -5.310656430618e-01, 5.851695600575e-06, 8.9496e-01, 4.1900e-03, 
 2DIAGNOSTIC,    52, -5.310738190002e-01, 4.481863509886e-06, 8.9968e-01, 4.7181e-03, 
 2DIAGNOSTIC,    53, -5.310768127969e-01, 3.049471521507e-06, 9.0384e-01, 4.1652e-03, 
 2DIAGNOSTIC,    54, -5.310775506016e-01, 1.750844720233e-06, 9.0802e-01, 4.1759e-03, 
 2DIAGNOSTIC,    55, -5.310817434211e-01, 1.565716413136e-06, 9.1218e-01, 4.1630e-03, 
 2DIAGNOSTIC,    56, -5.310870994121e-01, 1.452195857520e-06, 9.1691e-01, 4.7269e-03, 
 2DIAGNOSTIC,    57, -5.310885232962e-01, 1.327089154884e-06, 9.2161e-01, 4.7061e-03, 
 2DIAGNOSTIC,    58, -5.310914487850e-01, 1.238639651052e-06, 9.2637e-01, 4.7591e-03, 
 2DIAGNOSTIC,    59, -5.311015678587e-01, 1.240623596587e-06, 9.3156e-01, 5.1849e-03, 
 2DIAGNOSTIC,    60, -5.311021904297e-01, 1.235244578925e-06, 9.3573e-01, 4.1699e-03, 
 2DIAGNOSTIC,    61, -5.311059901820e-01, 1.204917779100e-06, 9.4895e-01, 1.3223e-02, 
 2DIAGNOSTIC,    62, -5.311059901659e-01, 1.182103197370e-06, 9.6224e-01, 1.3292e-02, 
 2DIAGNOSTIC,    63, -5.311059901659e-01, 1.122797857758e-06, 9.6693e-01, 4.6840e-03, 
 2DIAGNOSTIC,    64, -5.311059901659e-01, 1.011506956441e-06, 9.7170e-01, 4.7688e-03, 
DIAGNOSTIC,Iteration,metricValue,convergenceValue,ITERATION_TIME_INDEX,SINCE_LAST
 2DIAGNOSTIC,     1, -4.295258231625e-01, 1.797693134862e+308, 1.7258e+00, 7.5415e-01, 
 2DIAGNOSTIC,     2, -4.302859640432e-01, 1.797693134862e+308, 1.7600e+00, 3.4171e-02, 
 2DIAGNOSTIC,     3, -4.309651196675e-01, 1.797693134862e+308, 1.7919e+00, 3.1874e-02, 
 2DIAGNOSTIC,     4, -4.317164347764e-01, 1.797693134862e+308, 1.8245e+00, 3.2569e-02, 
 2DIAGNOSTIC,     5, -4.325561938345e-01, 1.797693134862e+308, 1.8581e+00, 3.3674e-02, 
 2DIAGNOSTIC,     6, -4.341819580778e-01, 1.797693134862e+308, 1.8901e+00, 3.1984e-02, 
 2DIAGNOSTIC,     7, -4.354327949460e-01, 1.797693134862e+308, 1.9219e+00, 3.1733e-02, 
 2DIAGNOSTIC,     8, -4.367134834400e-01, 1.797693134862e+308, 1.9571e+00, 3.5211e-02, 
 2DIAGNOSTIC,     9, -4.377076816052e-01, 1.797693134862e+308, 2.0003e+00, 4.3230e-02, 
 2DIAGNOSTIC,    10, -4.379510214291e-01, 1.375954781893e-03, 2.0313e+00, 3.0958e-02, 
 2DIAGNOSTIC,    11, -4.381306699705e-01, 1.211218579664e-03, 2.0626e+00, 3.1373e-02, 
 2DIAGNOSTIC,    12, -4.403708091233e-01, 1.128184042333e-03, 2.0993e+00, 3.6654e-02, 
 2DIAGNOSTIC,    13, -4.435986505885e-01, 1.148562288690e-03, 2.1399e+00, 4.0609e-02, 
 2DIAGNOSTIC,    14, -4.436199448208e-01, 1.094787363119e-03, 2.1719e+00, 3.1985e-02, 
 2DIAGNOSTIC,    15, -4.445052016883e-01, 1.025845791571e-03, 2.2083e+00, 3.6419e-02, 
 2DIAGNOSTIC,    16, -4.479362667253e-01, 1.077370590873e-03, 2.2524e+00, 4.4101e-02, 
 2DIAGNOSTIC,    17, -4.481475950953e-01, 1.073587589875e-03, 2.2823e+00, 2.9916e-02, 
 2DIAGNOSTIC,    18, -4.482020490422e-01, 1.018146302925e-03, 2.3174e+00, 3.5078e-02, 
 2DIAGNOSTIC,    19, -4.481966708698e-01, 9.107728232008e-04, 2.3752e+00, 5.7771e-02, 
 2DIAGNOSTIC,    20, -4.481953335985e-01, 7.394369054217e-04, 2.4059e+00, 3.0776e-02, 
 2DIAGNOSTIC,    21, -4.481954334310e-01, 5.189437701891e-04, 2.4433e+00, 3.7378e-02, 
 2DIAGNOSTIC,    22, -4.482018533991e-01, 3.337448817823e-04, 2.4782e+00, 3.4856e-02, 
 2DIAGNOSTIC,    23, -4.481921491861e-01, 2.259319902276e-04, 2.5085e+00, 3.0363e-02, 
 2DIAGNOSTIC,    24, -4.482074312941e-01, 1.077320629385e-04, 2.5430e+00, 3.4488e-02, 
 2DIAGNOSTIC,    25, -4.482144439039e-01, 9.691656250643e-06, 2.5790e+00, 3.5962e-02, 
 2DIAGNOSTIC,    26, -4.482116710012e-01, 3.273679485917e-06, 2.6132e+00, 3.4239e-02, 
 2DIAGNOSTIC,    27, -4.482088353518e-01, 2.084626197107e-06, 2.6484e+00, 3.5224e-02, 
 2DIAGNOSTIC,    28, -4.482139219902e-01, 2.274303795423e-06, 2.6792e+00, 3.0757e-02, 
 2DIAGNOSTIC,    29, -4.482420866281e-01, 2.842585593285e-06, 2.7134e+00, 3.4191e-02, 
 2DIAGNOSTIC,    30, -4.482455732584e-01, 3.232686047461e-06, 2.7480e+00, 3.4586e-02, 
 2DIAGNOSTIC,    31, -4.482405886339e-01, 3.298137759289e-06, 2.7815e+00, 3.3494e-02, 
 2DIAGNOSTIC,    32, -4.482290914756e-01, 3.068921071173e-06, 2.8135e+00, 3.1984e-02, 
 2DIAGNOSTIC,    33, -4.482261087297e-01, 2.406543658823e-06, 2.8507e+00, 3.7271e-02, 
 2DIAGNOSTIC,    34, -4.482147421126e-01, 1.704267497467e-06, 2.8868e+00, 3.6023e-02, 
 2DIAGNOSTIC,    35, -4.482170221497e-01, 1.142411095674e-06, 2.9193e+00, 3.2506e-02, 
DIAGNOSTIC,Iteration,metricValue,convergenceValue,ITERATION_TIME_INDEX,SINCE_LAST
 2DIAGNOSTIC,     1, -3.932184618601e-01, 1.797693134862e+308, 4.0043e+00, 1.0850e+00, 
 2DIAGNOSTIC,     2, -3.933350080521e-01, 1.797693134862e+308, 4.2297e+00, 2.2542e-01, 
 2DIAGNOSTIC,     3, -3.934316047365e-01, 1.797693134862e+308, 4.4813e+00, 2.5156e-01, 
 2DIAGNOSTIC,     4, -3.934445201372e-01, 1.797693134862e+308, 4.7906e+00, 3.0931e-01, 
 2DIAGNOSTIC,     5, -3.934561041082e-01, 1.797693134862e+308, 5.0816e+00, 2.9101e-01, 
 2DIAGNOSTIC,     6, -3.934557400139e-01, 1.797693134862e+308, 5.4015e+00, 3.1994e-01, 
 2DIAGNOSTIC,     7, -3.934568947586e-01, 1.797693134862e+308, 5.8396e+00, 4.3806e-01, 
 2DIAGNOSTIC,     8, -3.934560026400e-01, 1.797693134862e+308, 6.0978e+00, 2.5817e-01, 
 2DIAGNOSTIC,     9, -3.934553707112e-01, 1.797693134862e+308, 6.4310e+00, 3.3327e-01, 
 2DIAGNOSTIC,    10, -3.934548435494e-01, 2.950388453145e-05, 6.6899e+00, 2.5888e-01, 
 2DIAGNOSTIC,    11, -3.934535150530e-01, 1.251787875257e-05, 6.9533e+00, 2.6341e-01, 
 2DIAGNOSTIC,    12, -3.934529103450e-01, 4.334108124310e-06, 7.2204e+00, 2.6707e-01, 
 2DIAGNOSTIC,    13, -3.934523312013e-01, 2.580302477323e-06, 7.4755e+00, 2.5510e-01, 
 2DIAGNOSTIC,    14, -3.934518640569e-01, 1.691075541196e-06, 7.7725e+00, 2.9701e-01, 
 2DIAGNOSTIC,    15, -3.934519734100e-01, 1.537715189959e-06, 8.0415e+00, 2.6904e-01, 
 2DIAGNOSTIC,    16, -3.934513609215e-01, 1.410839962468e-06, 8.3280e+00, 2.8642e-01, 
 2DIAGNOSTIC,    17, -3.934508379928e-01, 1.380509510665e-06, 8.6446e+00, 3.1662e-01, 
 2DIAGNOSTIC,    18, -3.934502559414e-01, 1.340256839046e-06, 8.9128e+00, 2.6820e-01, 
 2DIAGNOSTIC,    19, -3.934497851410e-01, 1.301860385813e-06, 9.2200e+00, 3.0718e-01, 
 2DIAGNOSTIC,    20, -3.934499621286e-01, 1.290039309230e-06, 9.4490e+00, 2.2900e-01, 
 2DIAGNOSTIC,    21, -3.934502604583e-01, 1.271710228123e-06, 9.7295e+00, 2.8050e-01, 
 2DIAGNOSTIC,    22, -3.934498715251e-01, 1.245514151149e-06, 1.0027e+01, 2.9715e-01, 
 2DIAGNOSTIC,    23, -3.934501306886e-01, 1.231426862799e-06, 1.0317e+01, 2.9077e-01, 
 2DIAGNOSTIC,    24, -3.934495535355e-01, 1.200792325018e-06, 1.0552e+01, 2.3437e-01, 
 2DIAGNOSTIC,    25, -3.934490927269e-01, 1.174527733433e-06, 1.0780e+01, 2.2831e-01, 
 2DIAGNOSTIC,    26, -3.934495815949e-01, 1.156238076436e-06, 1.1065e+01, 2.8485e-01, 
 2DIAGNOSTIC,    27, -3.934510332547e-01, 1.170201600183e-06, 1.1350e+01, 2.8503e-01, 
 2DIAGNOSTIC,    28, -3.934498669916e-01, 1.138213970527e-06, 1.1604e+01, 2.5381e-01, 
 2DIAGNOSTIC,    29, -3.934494067580e-01, 1.086573217061e-06, 1.1882e+01, 2.7815e-01, 
 2DIAGNOSTIC,    30, -3.934490070671e-01, 1.034518224655e-06, 1.2133e+01, 2.5088e-01, 
 2DIAGNOSTIC,    31, -3.934493551889e-01, 1.002859637458e-06, 1.2381e+01, 2.4859e-01, 
 2DIAGNOSTIC,    32, -3.934514388659e-01, 1.012149956667e-06, 1.2694e+01, 3.1227e-01, 
 2DIAGNOSTIC,    33, -3.934519791347e-01, 1.036071994601e-06, 1.2924e+01, 2.3016e-01, 
 2DIAGNOSTIC,    34, -3.934514161723e-01, 1.029042988453e-06, 1.3193e+01, 2.6884e-01, 
 2DIAGNOSTIC,    35, -3.934525148110e-01, 1.027695490950e-06, 1.3454e+01, 2.6144e-01, 
 2DIAGNOSTIC,    36, -3.934539683701e-01, 1.051995642935e-06, 1.3748e+01, 2.9442e-01, 
 2DIAGNOSTIC,    37, -3.934536117145e-01, 1.079271478452e-06, 1.4003e+01, 2.5475e-01, 
 2DIAGNOSTIC,    38, -3.934525130535e-01, 1.042002380845e-06, 1.4269e+01, 2.6548e-01, 
DIAGNOSTIC,Iteration,metricValue,convergenceValue,ITERATION_TIME_INDEX,SINCE_LAST
 2DIAGNOSTIC,     1, -3.660000231860e-01, 1.797693134862e+308, 1.6776e+01, 2.5078e+00, 
 2DIAGNOSTIC,     2, -3.661006044774e-01, 1.797693134862e+308, 1.8536e+01, 1.7595e+00, 
 2DIAGNOSTIC,     3, -3.661940053422e-01, 1.797693134862e+308, 2.0267e+01, 1.7314e+00, 
 2DIAGNOSTIC,     4, -3.662025643882e-01, 1.797693134862e+308, 2.3061e+01, 2.7936e+00, 
 2DIAGNOSTIC,     5, -3.662022977304e-01, 1.797693134862e+308, 2.5017e+01, 1.9560e+00, 
 2DIAGNOSTIC,     6, -3.662022733169e-01, 1.797693134862e+308, 2.6589e+01, 1.5721e+00, 
 2DIAGNOSTIC,     7, -3.662021510327e-01, 1.797693134862e+308, 2.8154e+01, 1.5649e+00, 
 2DIAGNOSTIC,     8, -3.662021104684e-01, 1.797693134862e+308, 2.9708e+01, 1.5538e+00, 
 2DIAGNOSTIC,     9, -3.662019867526e-01, 1.797693134862e+308, 3.1403e+01, 1.6954e+00, 
 2DIAGNOSTIC,    10, -3.662019340583e-01, 2.615307200517e-05, 3.2878e+01, 1.4746e+00, 
 2DIAGNOSTIC,    11, -3.662019021307e-01, 1.049209068622e-05, 3.4606e+01, 1.7280e+00, 
 2DIAGNOSTIC,    12, -3.662017877756e-01, 3.091361542529e-06, 3.6315e+01, 1.7092e+00, 
 2DIAGNOSTIC,    13, -3.662019075603e-01, 2.358435231123e-06, 3.8025e+01, 1.7101e+00, 
 2DIAGNOSTIC,    14, -3.662018587027e-01, 2.210206192177e-06, 3.9656e+01, 1.6306e+00, 
 2DIAGNOSTIC,    15, -3.662018920052e-01, 2.075386411005e-06, 4.1305e+01, 1.6493e+00, 
 2DIAGNOSTIC,    16, -3.662018421293e-01, 1.958104249800e-06, 4.2816e+01, 1.5107e+00, 
 2DIAGNOSTIC,    17, -3.662017315575e-01, 1.846828488757e-06, 4.4440e+01, 1.6245e+00, 
 2DIAGNOSTIC,    18, -3.662016584459e-01, 1.745449642369e-06, 4.6199e+01, 1.7585e+00, 
 2DIAGNOSTIC,    19, -3.662015876243e-01, 1.648798697379e-06, 4.7845e+01, 1.6460e+00, 
 2DIAGNOSTIC,    20, -3.662013732849e-01, 1.553843716147e-06, 4.9393e+01, 1.5488e+00, 
 2DIAGNOSTIC,    21, -3.662013254855e-01, 1.468744437176e-06, 5.1365e+01, 1.9719e+00, 
 2DIAGNOSTIC,    22, -3.662011170281e-01, 1.384171191179e-06, 5.2857e+01, 1.4914e+00, 
 2DIAGNOSTIC,    23, -3.662008967190e-01, 1.309503459820e-06, 5.4452e+01, 1.5951e+00, 
 2DIAGNOSTIC,    24, -3.662008589205e-01, 1.245216099462e-06, 5.6072e+01, 1.6204e+00, 
 2DIAGNOSTIC,    25, -3.662009022449e-01, 1.195923366545e-06, 5.7772e+01, 1.7000e+00, 
 2DIAGNOSTIC,    26, -3.662008588553e-01, 1.154782523431e-06, 5.9166e+01, 1.3942e+00, 
 2DIAGNOSTIC,    27, -3.662010886875e-01, 1.126687659649e-06, 6.0785e+01, 1.6183e+00, 
 2DIAGNOSTIC,    28, -3.662011544925e-01, 1.105168486580e-06, 6.2428e+01, 1.6434e+00, 
 2DIAGNOSTIC,    29, -3.662007271165e-01, 1.074819824115e-06, 6.4130e+01, 1.7021e+00, 
 2DIAGNOSTIC,    30, -3.662006710218e-01, 1.041888270069e-06, 6.5808e+01, 1.6775e+00, 
 2DIAGNOSTIC,    31, -3.662006079376e-01, 1.010052178702e-06, 6.7449e+01, 1.6416e+00, 
  Elapsed time (stage 0): 6.8348e+01


Total elapsed time: 6.8355e+01
Info [verificarlo]: loaded backend libinterflop_ieee.so
Info [interflop-ieee]: load backend with:
Info [interflop-ieee]: debug = false
Info [interflop-ieee]: debug-binary = false
Info [interflop-ieee]: no-backend-name = false
Info [interflop-ieee]: print-new-line = false
Info [interflop-ieee]: print-subnormal-normalized = false
Info [interflop-ieee]: count-op = false
All_Command_lines_OK
Using double precision for computations.
=============================================================================
The composite transform comprises the following transforms (in order): 
  1. /home/mdugre/scratch/mri-registration-rp/datasets/ds004513/derivatives/mri-registration-rp/0001/antsRegistration-r7-p18/sub-s014/rigid_Composite.h5[0] (type = Euler3DTransform)
  2. /home/mdugre/scratch/mri-registration-rp/datasets/ds004513/derivatives/mri-registration-rp/0001/antsRegistration-r7-p18/sub-s014/rigid_Composite.h5[1] (type = Euler3DTransform)
  3. /home/mdugre/scratch/mri-registration-rp/datasets/ds004513/derivatives/mri-registration-rp/0001/antsRegistration-r7-p18/sub-s014/rigid_Composite.h5[2] (type = Euler3DTransform)
=============================================================================
  number of levels = 4
  fixed image: /templateflow/tpl-MNI152NLin2009cAsym/tpl-MNI152NLin2009cAsym_res-01_desc-brain_T1w.nii.gz
  moving image: /home/mdugre/scratch/mri-registration-rp/datasets/ds004513/derivatives/mri-registration-rp/antsBrainExtraction/sub-s014/BrainExtractionBrain.nii.gz
Dimension = 3
Number of stages = 1
Use histogram matching = false
Winsorize image intensities = true
  Lower quantile = 0.005
  Upper quantile = 0.995


Stage 1 State
   Image metric = MattesMI
     Fixed image = Image (0x3ab27e0)
  RTTI typeinfo:   itk::Image<double, 3u>
  Reference Count: 2
  Modified Time: 1594
  Debug: Off
  Object Name: 
  Observers: 
    none
  Source: (none)
  Source output name: (none)
  Release Data: Off
  Data Released: False
  Global Release Data: Off
  PipelineMTime: 0
  UpdateMTime: 1203
  RealTimeStamp: 0 seconds 
  LargestPossibleRegion: 
    Dimension: 3
    Index: [0, 0, 0]
    Size: [193, 229, 193]
  BufferedRegion: 
    Dimension: 3
    Index: [0, 0, 0]
    Size: [193, 229, 193]
  RequestedRegion: 
    Dimension: 3
    Index: [0, 0, 0]
    Size: [193, 229, 193]
  Spacing: [1, 1, 1]
  Origin: [96, 132, -78]
  Direction: 
-1 0 0
0 -1 0
0 0 1

  IndexToPointMatrix: 
-1 0 0
0 -1 0
0 0 1

  PointToIndexMatrix: 
-1 0 0
0 -1 0
0 0 1

  Inverse Direction: 
-1 0 0
0 -1 0
0 0 1

  PixelContainer: 
    ImportImageContainer (0x3b72a20)
      RTTI typeinfo:   itk::ImportImageContainer<unsigned long, double>
      Reference Count: 1
      Modified Time: 1200
      Debug: Off
      Object Name: 
      Observers: 
        none
      Pointer: 0x152e30009010
      Container manages memory: true
      Size: 8530021
      Capacity: 8530021

     Moving image = Image (0x3b6dd70)
  RTTI typeinfo:   itk::Image<double, 3u>
  Reference Count: 2
  Modified Time: 1595
  Debug: Off
  Object Name: 
  Observers: 
    none
  Source: (none)
  Source output name: (none)
  Release Data: Off
  Data Released: False
  Global Release Data: Off
  PipelineMTime: 0
  UpdateMTime: 1592
  RealTimeStamp: 0 seconds 
  LargestPossibleRegion: 
    Dimension: 3
    Index: [0, 0, 0]
    Size: [160, 240, 256]
  BufferedRegion: 
    Dimension: 3
    Index: [0, 0, 0]
    Size: [160, 240, 256]
  RequestedRegion: 
    Dimension: 3
    Index: [0, 0, 0]
    Size: [160, 240, 256]
  Spacing: [0.999999, 1, 1]
  Origin: [84.1637, 106.709, -120.531]
  Direction: 
-0.999619 -0.0226874 -0.0157033
0.0226846 -0.999743 0.00035635
-0.0157073 -7.8229e-09 0.999877

  IndexToPointMatrix: 
-0.999619 -0.0226874 -0.0157033
0.0226845 -0.999743 0.00035635
-0.0157073 -7.8229e-09 0.999877

  PointToIndexMatrix: 
-0.99962 0.0226846 -0.0157073
-0.0226874 -0.999743 -7.83127e-09
-0.0157033 0.00035635 0.999877

  Inverse Direction: 
-0.999619 0.0226846 -0.0157073
-0.0226874 -0.999743 -7.83127e-09
-0.0157033 0.00035635 0.999877

  PixelContainer: 
    ImportImageContainer (0x3b25c90)
      RTTI typeinfo:   itk::ImportImageContainer<unsigned long, double>
      Reference Count: 1
      Modified Time: 1589
      Debug: Off
      Object Name: 
      Observers: 
        none
      Pointer: 0x152e2b508010
      Container manages memory: true
      Size: 9830400
      Capacity: 9830400

     Weighting = 1
     Sampling strategy = regular
     Number of bins = 32
     Radius = 4
     Sampling percentage  = 0.25
   Transform = Affine
     Gradient step = 0.1
     Update field sigma (voxel space) = 0
     Total field sigma (voxel space) = 0
     Update field time sigma = 0
     Total field time sigma  = 0
     Number of time indices = 0
     Number of time point samples = 0
Registration using 1 total stages.

Stage 0
  iterations = 1000x500x250x100
  convergence threshold = 1e-06
  convergence window size = 10
  number of levels = 4
  using the Mattes MI metric (number of bins = 32, weight = 1, use gradient filter = 0)
  preprocessing:  winsorizing the image intensities
  Shrink factors (level 1 out of 4): [8, 8, 8]
  Shrink factors (level 2 out of 4): [4, 4, 4]
  Shrink factors (level 3 out of 4): [2, 2, 2]
  Shrink factors (level 4 out of 4): [1, 1, 1]
  smoothing sigmas per level: [3, 2, 1, 0]
  regular sampling (percentage = 0.25)

*** Running AffineTransform registration ***

DIAGNOSTIC,Iteration,metricValue,convergenceValue,ITERATION_TIME_INDEX,SINCE_LAST
 2DIAGNOSTIC,     1, -5.239750082016e-01, 1.797693134862e+308, 8.3343e-01, 8.3343e-01, 
 2DIAGNOSTIC,     2, -5.258640012754e-01, 1.797693134862e+308, 8.3927e-01, 5.8360e-03, 
 2DIAGNOSTIC,     3, -5.291088179860e-01, 1.797693134862e+308, 8.4526e-01, 5.9900e-03, 
 2DIAGNOSTIC,     4, -5.347710740625e-01, 1.797693134862e+308, 8.5013e-01, 4.8740e-03, 
 2DIAGNOSTIC,     5, -5.449383436573e-01, 1.797693134862e+308, 8.5509e-01, 4.9622e-03, 
 2DIAGNOSTIC,     6, -6.215306166750e-01, 1.797693134862e+308, 8.6010e-01, 5.0058e-03, 
 2DIAGNOSTIC,     7, -6.633610937693e-01, 1.797693134862e+308, 8.6517e-01, 5.0690e-03, 
 2DIAGNOSTIC,     8, -7.298997429498e-01, 1.797693134862e+308, 8.7213e-01, 6.9630e-03, 
 2DIAGNOSTIC,     9, -7.422520824340e-01, 1.797693134862e+308, 8.7715e-01, 5.0220e-03, 
 2DIAGNOSTIC,    10, -7.541338071205e-01, 2.915590184569e-02, 8.8253e-01, 5.3809e-03, 
 2DIAGNOSTIC,    11, -7.649021776725e-01, 2.764847056297e-02, 8.8846e-01, 5.9261e-03, 
 2DIAGNOSTIC,    12, -7.741613528826e-01, 2.434790771298e-02, 8.9561e-01, 7.1449e-03, 
 2DIAGNOSTIC,    13, -7.770751092199e-01, 1.968341698553e-02, 9.0135e-01, 5.7402e-03, 
 2DIAGNOSTIC,    14, -7.814242371377e-01, 1.436951962469e-02, 9.0722e-01, 5.8761e-03, 
 2DIAGNOSTIC,    15, -7.874240642533e-01, 9.014362458945e-03, 9.1377e-01, 6.5460e-03, 
 2DIAGNOSTIC,    16, -7.920939377944e-01, 5.733376706159e-03, 9.1953e-01, 5.7600e-03, 
 2DIAGNOSTIC,    17, -7.957348809545e-01, 3.442741826037e-03, 9.2491e-01, 5.3821e-03, 
 2DIAGNOSTIC,    18, -8.010581986892e-01, 2.769035829701e-03, 9.3153e-01, 6.6161e-03, 
 2DIAGNOSTIC,    19, -8.020625608341e-01, 2.204709963341e-03, 9.3789e-01, 6.3610e-03, 
 2DIAGNOSTIC,    20, -8.025887886522e-01, 1.748781883747e-03, 9.4319e-01, 5.3031e-03, 
 2DIAGNOSTIC,    21, -8.047950556956e-01, 1.424927300123e-03, 9.4915e-01, 5.9550e-03, 
 2DIAGNOSTIC,    22, -8.088019432726e-01, 1.241462933575e-03, 9.5658e-01, 7.4329e-03, 
 2DIAGNOSTIC,    23, -8.108228913573e-01, 1.042908188788e-03, 9.6189e-01, 5.3089e-03, 
 2DIAGNOSTIC,    24, -8.126160188908e-01, 8.656806943082e-04, 9.6730e-01, 5.4119e-03, 
 2DIAGNOSTIC,    25, -8.155471450568e-01, 7.639818018809e-04, 9.7368e-01, 6.3770e-03, 
 2DIAGNOSTIC,    26, -8.215033516827e-01, 7.574735056991e-04, 9.7904e-01, 5.3680e-03, 
 2DIAGNOSTIC,    27, -8.250923069172e-01, 7.799304104787e-04, 9.8500e-01, 5.9509e-03, 
 2DIAGNOSTIC,    28, -8.288969272221e-01, 8.530706212875e-04, 9.9253e-01, 7.5381e-03, 
 2DIAGNOSTIC,    29, -8.297237646728e-01, 8.655238838873e-04, 9.9786e-01, 5.3270e-03, 
 2DIAGNOSTIC,    30, -8.333770754788e-01, 8.491972943473e-04, 1.0032e+00, 5.3151e-03, 
 2DIAGNOSTIC,    31, -8.366900089833e-01, 8.192684805131e-04, 1.0091e+00, 5.9321e-03, 
 2DIAGNOSTIC,    32, -8.378480452147e-01, 7.740951465258e-04, 1.0147e+00, 5.6419e-03, 
 2DIAGNOSTIC,    33, -8.386458270698e-01, 6.920377830948e-04, 1.0206e+00, 5.8880e-03, 
 2DIAGNOSTIC,    34, -8.393188162774e-01, 5.779079878688e-04, 1.0278e+00, 7.1259e-03, 
 2DIAGNOSTIC,    35, -8.396541442372e-01, 4.500745636890e-04, 1.0330e+00, 5.2638e-03, 
 2DIAGNOSTIC,    36, -8.402324212283e-01, 3.545268217411e-04, 1.0383e+00, 5.2252e-03, 
 2DIAGNOSTIC,    37, -8.406979869087e-01, 2.713587737403e-04, 1.0435e+00, 5.2619e-03, 
 2DIAGNOSTIC,    38, -8.411699476775e-01, 2.098361929500e-04, 1.0494e+00, 5.9052e-03, 
 2DIAGNOSTIC,    39, -8.413411336455e-01, 1.408761234340e-04, 1.0547e+00, 5.2769e-03, 
 2DIAGNOSTIC,    40, -8.419760348463e-01, 1.015168047817e-04, 1.0611e+00, 6.3710e-03, 
 2DIAGNOSTIC,    41, -8.420489489494e-01, 8.494590395386e-05, 1.0663e+00, 5.2581e-03, 
 2DIAGNOSTIC,    42, -8.422136362861e-01, 7.274551450096e-05, 1.0721e+00, 5.7962e-03, 
 2DIAGNOSTIC,    43, -8.428725869723e-01, 6.670863104915e-05, 1.0774e+00, 5.2390e-03, 
 2DIAGNOSTIC,    44, -8.434560356422e-01, 6.503532073980e-05, 1.0843e+00, 6.9041e-03, 
 2DIAGNOSTIC,    45, -8.431506981401e-01, 5.738499865040e-05, 1.0901e+00, 5.8761e-03, 
 2DIAGNOSTIC,    46, -8.426628301458e-01, 4.554819460729e-05, 1.0960e+00, 5.8670e-03, 
 2DIAGNOSTIC,    47, -8.427564357758e-01, 3.442839353080e-05, 1.1012e+00, 5.1980e-03, 
 2DIAGNOSTIC,    48, -8.424572647791e-01, 2.172369145738e-05, 1.1070e+00, 5.7800e-03, 
 2DIAGNOSTIC,    49, -8.425407311374e-01, 9.284061364870e-06, 1.1145e+00, 7.5030e-03, 
DIAGNOSTIC,Iteration,metricValue,convergenceValue,ITERATION_TIME_INDEX,SINCE_LAST
 2DIAGNOSTIC,     1, -6.906331514603e-01, 1.797693134862e+308, 1.8841e+00, 7.6960e-01, 
 2DIAGNOSTIC,     2, -6.914441564074e-01, 1.797693134862e+308, 1.9228e+00, 3.8668e-02, 
 2DIAGNOSTIC,     3, -6.919838656327e-01, 1.797693134862e+308, 1.9625e+00, 3.9747e-02, 
 2DIAGNOSTIC,     4, -6.922428271974e-01, 1.797693134862e+308, 2.0010e+00, 3.8488e-02, 
 2DIAGNOSTIC,     5, -6.925167981309e-01, 1.797693134862e+308, 2.0415e+00, 4.0506e-02, 
 2DIAGNOSTIC,     6, -6.928423529401e-01, 1.797693134862e+308, 2.0852e+00, 4.3743e-02, 
 2DIAGNOSTIC,     7, -6.935853090634e-01, 1.797693134862e+308, 2.1463e+00, 6.1076e-02, 
 2DIAGNOSTIC,     8, -6.936192347268e-01, 1.797693134862e+308, 2.1940e+00, 4.7646e-02, 
 2DIAGNOSTIC,     9, -6.936170170416e-01, 1.797693134862e+308, 2.2370e+00, 4.3005e-02, 
 2DIAGNOSTIC,    10, -6.936225943687e-01, 2.787847741789e-04, 2.2804e+00, 4.3392e-02, 
 2DIAGNOSTIC,    11, -6.936337067281e-01, 1.977231293591e-04, 2.3242e+00, 4.3877e-02, 
 2DIAGNOSTIC,    12, -6.935986768836e-01, 1.384963188049e-04, 2.3632e+00, 3.8964e-02, 
 2DIAGNOSTIC,    13, -6.936035603237e-01, 9.328161182171e-05, 2.4056e+00, 4.2380e-02, 
 2DIAGNOSTIC,    14, -6.936115621564e-01, 5.433025259931e-05, 2.4474e+00, 4.1780e-02, 
 2DIAGNOSTIC,    15, -6.936245107919e-01, 2.365165586106e-05, 2.4860e+00, 3.8634e-02, 
 2DIAGNOSTIC,    16, -6.936198076428e-01, 2.518019535103e-06, 2.5413e+00, 5.5272e-02, 
 2DIAGNOSTIC,    17, -6.936082066274e-01, 1.468192232991e-06, 2.5832e+00, 4.1904e-02, 
 2DIAGNOSTIC,    18, -6.936090831633e-01, 1.383978871401e-06, 2.6282e+00, 4.4985e-02, 
 2DIAGNOSTIC,    19, -6.936112069691e-01, 1.319787405363e-06, 2.6774e+00, 4.9242e-02, 
 2DIAGNOSTIC,    20, -6.936122995158e-01, 1.408621249602e-06, 2.7218e+00, 4.4451e-02, 
 2DIAGNOSTIC,    21, -6.936005587854e-01, 1.518714638354e-06, 2.7650e+00, 4.3189e-02, 
DIAGNOSTIC,Iteration,metricValue,convergenceValue,ITERATION_TIME_INDEX,SINCE_LAST
 2DIAGNOSTIC,     1, -5.884791861132e-01, 1.797693134862e+308, 4.0579e+00, 1.2929e+00, 
 2DIAGNOSTIC,     2, -5.891078857398e-01, 1.797693134862e+308, 4.3754e+00, 3.1744e-01, 
 2DIAGNOSTIC,     3, -5.898456743355e-01, 1.797693134862e+308, 4.6977e+00, 3.2229e-01, 
 2DIAGNOSTIC,     4, -5.907284634391e-01, 1.797693134862e+308, 5.0109e+00, 3.1329e-01, 
 2DIAGNOSTIC,     5, -5.917936240740e-01, 1.797693134862e+308, 5.3775e+00, 3.6660e-01, 
 2DIAGNOSTIC,     6, -5.938242012799e-01, 1.797693134862e+308, 5.8874e+00, 5.0985e-01, 
 2DIAGNOSTIC,     7, -5.938286772284e-01, 1.797693134862e+308, 6.3205e+00, 4.3311e-01, 
 2DIAGNOSTIC,     8, -5.938292633031e-01, 1.797693134862e+308, 6.7228e+00, 4.0234e-01, 
 2DIAGNOSTIC,     9, -5.938279249930e-01, 1.797693134862e+308, 7.1468e+00, 4.2395e-01, 
 2DIAGNOSTIC,    10, -5.938299385955e-01, 6.779984817825e-04, 7.5036e+00, 3.5684e-01, 
 2DIAGNOSTIC,    11, -5.938257890127e-01, 4.971280864777e-04, 7.8041e+00, 3.0050e-01, 
 2DIAGNOSTIC,    12, -5.938250690157e-01, 3.272650829484e-04, 8.1472e+00, 3.4312e-01, 
 2DIAGNOSTIC,    13, -5.938241159914e-01, 1.822530956729e-04, 8.4916e+00, 3.4433e-01, 
 2DIAGNOSTIC,    14, -5.938263610536e-01, 7.179633271212e-05, 8.8297e+00, 3.3812e-01, 
 2DIAGNOSTIC,    15, -5.938243311835e-01, 1.884550961354e-06, 9.1750e+00, 3.4535e-01, 
 2DIAGNOSTIC,    16, -5.938251365101e-01, 1.638942191837e-06, 9.5682e+00, 3.9312e-01, 
 2DIAGNOSTIC,    17, -5.938276705585e-01, 1.653097046202e-06, 9.9538e+00, 3.8567e-01, 
 2DIAGNOSTIC,    18, -5.938272513439e-01, 1.688182248945e-06, 1.0274e+01, 3.1977e-01, 
 2DIAGNOSTIC,    19, -5.938248763873e-01, 1.631208157306e-06, 1.0599e+01, 3.2496e-01, 
 2DIAGNOSTIC,    20, -5.938233821458e-01, 1.601965187614e-06, 1.0897e+01, 2.9868e-01, 
 2DIAGNOSTIC,    21, -5.938237804061e-01, 1.489912029112e-06, 1.1219e+01, 3.2157e-01, 
 2DIAGNOSTIC,    22, -5.938249753148e-01, 1.398960996261e-06, 1.1524e+01, 3.0541e-01, 
