
##########################
# Experiment information #
##########################

EXPERIMENT_NAME: antsRegistration-r7-p12
VFC_BACKENDS: libinterflop_vprec.so --range-binary32=7 --precision-binary32=12 --range-binary64=7 --precision-binary64=12

SIF_IMG: /home/mdugre/projects/rrg-glatard/mdugre/containers/ants-vprec-no_metrics.simg

SUBJECT_ID: s020
INPUT_IMG: /home/mdugre/scratch/mri-registration-rp/datasets/ds004513/derivatives/mri-registration-rp/antsBrainExtraction/sub-s020/BrainExtractionBrain.nii.gz
OUTPUT_DIR: /home/mdugre/scratch/mri-registration-rp/datasets/ds004513/derivatives/mri-registration-rp/0001/antsRegistration-r7-p12/sub-s020

FIXED_IMG: /templateflow/tpl-MNI152NLin2009cAsym/tpl-MNI152NLin2009cAsym_res-01_desc-brain_T1w.nii.gz
DATA_DIR: /home/mdugre/scratch/mri-registration-rp/datasets/ds004513
TEMPLATEFLOW_DIR: /home/mdugre/projects/rrg-glatard/mdugre/templateflow
ITK_GLOBAL_DEFAULT_NUMBER_OF_THREADS: 16
##########################

Info [verificarlo]: loaded backend libinterflop_ieee.so
Info [interflop-ieee]: load backend with:
Info [interflop-ieee]: debug = false
Info [interflop-ieee]: debug-binary = false
Info [interflop-ieee]: no-backend-name = false
Info [interflop-ieee]: print-new-line = false
Info [interflop-ieee]: print-subnormal-normalized = false
Info [interflop-ieee]: count-op = false
All_Command_lines_OK
Using double precision for computations.
=============================================================================
The composite transform comprises the following transforms (in order): 
  1. Center of mass alignment using fixed image: /templateflow/tpl-MNI152NLin2009cAsym/tpl-MNI152NLin2009cAsym_res-01_desc-brain_T1w.nii.gz and moving image: /home/mdugre/scratch/mri-registration-rp/datasets/ds004513/derivatives/mri-registration-rp/antsBrainExtraction/sub-s020/BrainExtractionBrain.nii.gz (type = Euler3DTransform)
=============================================================================
  number of levels = 1
  fixed image: /templateflow/tpl-MNI152NLin2009cAsym/tpl-MNI152NLin2009cAsym_res-01_desc-brain_T1w.nii.gz
  moving image: /home/mdugre/scratch/mri-registration-rp/datasets/ds004513/derivatives/mri-registration-rp/antsBrainExtraction/sub-s020/BrainExtractionBrain.nii.gz
Dimension = 3
Number of stages = 1
Use histogram matching = false
Winsorize image intensities = true
  Lower quantile = 0.005
  Upper quantile = 0.995


Stage 1 State
   Image metric = MattesMI
     Fixed image = Image (0x3c46e70)
  RTTI typeinfo:   itk::Image<double, 3u>
  Reference Count: 2
  Modified Time: 2334
  Debug: Off
  Object Name: 
  Observers: 
    none
  Source: (none)
  Source output name: (none)
  Release Data: Off
  Data Released: False
  Global Release Data: Off
  PipelineMTime: 0
  UpdateMTime: 1943
  RealTimeStamp: 0 seconds 
  LargestPossibleRegion: 
    Dimension: 3
    Index: [0, 0, 0]
    Size: [193, 229, 193]
  BufferedRegion: 
    Dimension: 3
    Index: [0, 0, 0]
    Size: [193, 229, 193]
  RequestedRegion: 
    Dimension: 3
    Index: [0, 0, 0]
    Size: [193, 229, 193]
  Spacing: [1, 1, 1]
  Origin: [96, 132, -78]
  Direction: 
-1 0 0
0 -1 0
0 0 1

  IndexToPointMatrix: 
-1 0 0
0 -1 0
0 0 1

  PointToIndexMatrix: 
-1 0 0
0 -1 0
0 0 1

  Inverse Direction: 
-1 0 0
0 -1 0
0 0 1

  PixelContainer: 
    ImportImageContainer (0x3c4fc60)
      RTTI typeinfo:   itk::ImportImageContainer<unsigned long, double>
      Reference Count: 1
      Modified Time: 1940
      Debug: Off
      Object Name: 
      Observers: 
        none
      Pointer: 0x149237cbd010
      Container manages memory: true
      Size: 8530021
      Capacity: 8530021

     Moving image = Image (0x3c52610)
  RTTI typeinfo:   itk::Image<double, 3u>
  Reference Count: 2
  Modified Time: 2335
  Debug: Off
  Object Name: 
  Observers: 
    none
  Source: (none)
  Source output name: (none)
  Release Data: Off
  Data Released: False
  Global Release Data: Off
  PipelineMTime: 0
  UpdateMTime: 2332
  RealTimeStamp: 0 seconds 
  LargestPossibleRegion: 
    Dimension: 3
    Index: [0, 0, 0]
    Size: [160, 240, 256]
  BufferedRegion: 
    Dimension: 3
    Index: [0, 0, 0]
    Size: [160, 240, 256]
  RequestedRegion: 
    Dimension: 3
    Index: [0, 0, 0]
    Size: [160, 240, 256]
  Spacing: [0.999995, 1, 1]
  Origin: [87.0906, 98.7205, -152.377]
  Direction: 
-0.996975 0.0261379 -0.0731913
-0.0260677 -0.999658 -0.00191374
-0.0732163 -2.46403e-08 0.997316

  IndexToPointMatrix: 
-0.996971 0.0261379 -0.0731913
-0.0260676 -0.999658 -0.00191374
-0.0732159 -2.46403e-08 0.997316

  PointToIndexMatrix: 
-0.99698 -0.0260679 -0.0732166
0.0261379 -0.999658 -2.46993e-08
-0.0731913 -0.00191374 0.997316

  Inverse Direction: 
-0.996975 -0.0260677 -0.0732163
0.0261379 -0.999658 -2.46993e-08
-0.0731913 -0.00191374 0.997316

  PixelContainer: 
    ImportImageContainer (0x3cebef0)
      RTTI typeinfo:   itk::ImportImageContainer<unsigned long, double>
      Reference Count: 1
      Modified Time: 2329
      Debug: Off
      Object Name: 
      Observers: 
        none
      Pointer: 0x1492331bc010
      Container manages memory: true
      Size: 9830400
      Capacity: 9830400

     Weighting = 1
     Sampling strategy = regular
     Number of bins = 32
     Radius = 4
     Sampling percentage  = 0.25
   Transform = Rigid
     Gradient step = 0.1
     Update field sigma (voxel space) = 0
     Total field sigma (voxel space) = 0
     Update field time sigma = 0
     Total field time sigma  = 0
     Number of time indices = 0
     Number of time point samples = 0
Registration using 1 total stages.

Stage 0
  iterations = 0
  convergence threshold = 1e-06
  convergence window size = 10
  number of levels = 1
  using the Mattes MI metric (number of bins = 32, weight = 1, use gradient filter = 0)
  preprocessing:  winsorizing the image intensities
  Shrink factors (level 1 out of 1): [1, 1, 1]
  smoothing sigmas per level: [0]
  regular sampling (percentage = 0.25)

*** Running Euler3DTransform registration ***

  Elapsed time (stage 0): 1.13831


Total elapsed time: 1.14142
Info [verificarlo]: loaded backend libinterflop_ieee.so
Info [interflop-ieee]: load backend with:
Info [interflop-ieee]: debug = false
Info [interflop-ieee]: debug-binary = false
Info [interflop-ieee]: no-backend-name = false
Info [interflop-ieee]: print-new-line = false
Info [interflop-ieee]: print-subnormal-normalized = false
Info [interflop-ieee]: count-op = false
All_Command_lines_OK
Using double precision for computations.
=============================================================================
The composite transform comprises the following transforms (in order): 
  1. /home/mdugre/scratch/mri-registration-rp/datasets/ds004513/derivatives/mri-registration-rp/0001/antsRegistration-r7-p12/sub-s020/align_Composite.h5[0] (type = Euler3DTransform)
  2. /home/mdugre/scratch/mri-registration-rp/datasets/ds004513/derivatives/mri-registration-rp/0001/antsRegistration-r7-p12/sub-s020/align_Composite.h5[1] (type = Euler3DTransform)
=============================================================================
  number of levels = 4
  fixed image: /templateflow/tpl-MNI152NLin2009cAsym/tpl-MNI152NLin2009cAsym_res-01_desc-brain_T1w.nii.gz
  moving image: /home/mdugre/scratch/mri-registration-rp/datasets/ds004513/derivatives/mri-registration-rp/antsBrainExtraction/sub-s020/BrainExtractionBrain.nii.gz
Dimension = 3
Number of stages = 1
Use histogram matching = false
Winsorize image intensities = true
  Lower quantile = 0.005
  Upper quantile = 0.995


Stage 1 State
   Image metric = MattesMI
     Fixed image = Image (0x39b1530)
  RTTI typeinfo:   itk::Image<double, 3u>
  Reference Count: 2
  Modified Time: 1580
  Debug: Off
  Object Name: 
  Observers: 
    none
  Source: (none)
  Source output name: (none)
  Release Data: Off
  Data Released: False
  Global Release Data: Off
  PipelineMTime: 0
  UpdateMTime: 1189
  RealTimeStamp: 0 seconds 
  LargestPossibleRegion: 
    Dimension: 3
    Index: [0, 0, 0]
    Size: [193, 229, 193]
  BufferedRegion: 
    Dimension: 3
    Index: [0, 0, 0]
    Size: [193, 229, 193]
  RequestedRegion: 
    Dimension: 3
    Index: [0, 0, 0]
    Size: [193, 229, 193]
  Spacing: [1, 1, 1]
  Origin: [96, 132, -78]
  Direction: 
-1 0 0
0 -1 0
0 0 1

  IndexToPointMatrix: 
-1 0 0
0 -1 0
0 0 1

  PointToIndexMatrix: 
-1 0 0
0 -1 0
0 0 1

  Inverse Direction: 
-1 0 0
0 -1 0
0 0 1

  PixelContainer: 
    ImportImageContainer (0x3a6fd60)
      RTTI typeinfo:   itk::ImportImageContainer<unsigned long, double>
      Reference Count: 1
      Modified Time: 1186
      Debug: Off
      Object Name: 
      Observers: 
        none
      Pointer: 0x1550f6f3f010
      Container manages memory: true
      Size: 8530021
      Capacity: 8530021

     Moving image = Image (0x3a61f60)
  RTTI typeinfo:   itk::Image<double, 3u>
  Reference Count: 2
  Modified Time: 1581
  Debug: Off
  Object Name: 
  Observers: 
    none
  Source: (none)
  Source output name: (none)
  Release Data: Off
  Data Released: False
  Global Release Data: Off
  PipelineMTime: 0
  UpdateMTime: 1578
  RealTimeStamp: 0 seconds 
  LargestPossibleRegion: 
    Dimension: 3
    Index: [0, 0, 0]
    Size: [160, 240, 256]
  BufferedRegion: 
    Dimension: 3
    Index: [0, 0, 0]
    Size: [160, 240, 256]
  RequestedRegion: 
    Dimension: 3
    Index: [0, 0, 0]
    Size: [160, 240, 256]
  Spacing: [0.999995, 1, 1]
  Origin: [87.0906, 98.7205, -152.377]
  Direction: 
-0.996975 0.0261379 -0.0731913
-0.0260677 -0.999658 -0.00191374
-0.0732163 -2.46403e-08 0.997316

  IndexToPointMatrix: 
-0.996971 0.0261379 -0.0731913
-0.0260676 -0.999658 -0.00191374
-0.0732159 -2.46403e-08 0.997316

  PointToIndexMatrix: 
-0.99698 -0.0260679 -0.0732166
0.0261379 -0.999658 -2.46993e-08
-0.0731913 -0.00191374 0.997316

  Inverse Direction: 
-0.996975 -0.0260677 -0.0732163
0.0261379 -0.999658 -2.46993e-08
-0.0731913 -0.00191374 0.997316

  PixelContainer: 
    ImportImageContainer (0x3a536d0)
      RTTI typeinfo:   itk::ImportImageContainer<unsigned long, double>
      Reference Count: 1
      Modified Time: 1575
      Debug: Off
      Object Name: 
      Observers: 
        none
      Pointer: 0x1550f243e010
      Container manages memory: true
      Size: 9830400
      Capacity: 9830400

     Weighting = 1
     Sampling strategy = regular
     Number of bins = 32
     Radius = 4
     Sampling percentage  = 0.25
   Transform = Rigid
     Gradient step = 0.1
     Update field sigma (voxel space) = 0
     Total field sigma (voxel space) = 0
     Update field time sigma = 0
     Total field time sigma  = 0
     Number of time indices = 0
     Number of time point samples = 0
Registration using 1 total stages.

Stage 0
  iterations = 1000x500x250x100
  convergence threshold = 1e-06
  convergence window size = 10
  number of levels = 4
  using the Mattes MI metric (number of bins = 32, weight = 1, use gradient filter = 0)
  preprocessing:  winsorizing the image intensities
  Shrink factors (level 1 out of 4): [8, 8, 8]
  Shrink factors (level 2 out of 4): [4, 4, 4]
  Shrink factors (level 3 out of 4): [2, 2, 2]
  Shrink factors (level 4 out of 4): [1, 1, 1]
  smoothing sigmas per level: [3, 2, 1, 0]
  regular sampling (percentage = 0.25)

*** Running Euler3DTransform registration ***

DIAGNOSTIC,Iteration,metricValue,convergenceValue,ITERATION_TIME_INDEX,SINCE_LAST
 2DIAGNOSTIC,     1, -3.791273390751e-01, 1.797693134862e+308, 6.8203e-01, 6.8203e-01, 
 2DIAGNOSTIC,     2, -3.803606001643e-01, 1.797693134862e+308, 6.8755e-01, 5.5149e-03, 
 2DIAGNOSTIC,     3, -3.828962034719e-01, 1.797693134862e+308, 6.9247e-01, 4.9231e-03, 
 2DIAGNOSTIC,     4, -3.876122532015e-01, 1.797693134862e+308, 6.9786e-01, 5.3940e-03, 
 2DIAGNOSTIC,     5, -3.904935334081e-01, 1.797693134862e+308, 7.0339e-01, 5.5239e-03, 
 2DIAGNOSTIC,     6, -3.911039700181e-01, 1.797693134862e+308, 7.0837e-01, 4.9880e-03, 
 2DIAGNOSTIC,     7, -3.914905453856e-01, 1.797693134862e+308, 7.1310e-01, 4.7240e-03, 
 2DIAGNOSTIC,     8, -3.925629083064e-01, 1.797693134862e+308, 7.1778e-01, 4.6821e-03, 
 2DIAGNOSTIC,     9, -3.981570789235e-01, 1.797693134862e+308, 7.2266e-01, 4.8811e-03, 
 2DIAGNOSTIC,    10, -4.079218556696e-01, 3.866687266231e-03, 7.2927e-01, 6.6059e-03, 
 2DIAGNOSTIC,    11, -4.246779602407e-01, 4.904320352959e-03, 7.3500e-01, 5.7340e-03, 
 2DIAGNOSTIC,    12, -4.297045200929e-01, 5.673254149500e-03, 7.3996e-01, 4.9620e-03, 
 2DIAGNOSTIC,    13, -4.335692915529e-01, 6.156954111753e-03, 7.4568e-01, 5.7199e-03, 
 2DIAGNOSTIC,    14, -4.439932007358e-01, 6.764094567448e-03, 7.5088e-01, 5.1980e-03, 
 2DIAGNOSTIC,    15, -4.466217675523e-01, 6.904768055610e-03, 7.5671e-01, 5.8329e-03, 
 2DIAGNOSTIC,    16, -4.513528166457e-01, 6.619270364953e-03, 7.6170e-01, 4.9820e-03, 
 2DIAGNOSTIC,    17, -4.528510988348e-01, 5.844785592033e-03, 7.6763e-01, 5.9321e-03, 
 2DIAGNOSTIC,    18, -4.555717392036e-01, 4.777374764163e-03, 7.7528e-01, 7.6499e-03, 
 2DIAGNOSTIC,    19, -4.559551085606e-01, 3.601534469400e-03, 7.8057e-01, 5.2879e-03, 
 2DIAGNOSTIC,    20, -4.573567378467e-01, 2.586719524896e-03, 7.8831e-01, 7.7460e-03, 
 2DIAGNOSTIC,    21, -4.575252131987e-01, 1.982987391532e-03, 7.9343e-01, 5.1138e-03, 
 2DIAGNOSTIC,    22, -4.577285662509e-01, 1.415659677211e-03, 7.9896e-01, 5.5330e-03, 
 2DIAGNOSTIC,    23, -4.579445806282e-01, 8.825972416458e-04, 8.0375e-01, 4.7901e-03, 
 2DIAGNOSTIC,    24, -4.580221133688e-01, 6.077422877916e-04, 8.0860e-01, 4.8540e-03, 
 2DIAGNOSTIC,    25, -4.581754575824e-01, 3.715320351125e-04, 8.1341e-01, 4.8039e-03, 
 2DIAGNOSTIC,    26, -4.586243780872e-01, 2.523901001747e-04, 8.1854e-01, 5.1339e-03, 
 2DIAGNOSTIC,    27, -4.589277682501e-01, 1.618058316047e-04, 8.2602e-01, 7.4792e-03, 
 2DIAGNOSTIC,    28, -4.591698640857e-01, 1.331650443180e-04, 8.3114e-01, 5.1160e-03, 
 2DIAGNOSTIC,    29, -4.592791095016e-01, 1.046557644513e-04, 8.3596e-01, 4.8239e-03, 
 2DIAGNOSTIC,    30, -4.596799596042e-01, 1.080275829200e-04, 8.4309e-01, 7.1270e-03, 
 2DIAGNOSTIC,    31, -4.599197388798e-01, 1.093582486318e-04, 8.4789e-01, 4.7982e-03, 
 2DIAGNOSTIC,    32, -4.599264975687e-01, 1.044509233332e-04, 8.5267e-01, 4.7860e-03, 
 2DIAGNOSTIC,    33, -4.600502638782e-01, 9.702284159321e-05, 8.5743e-01, 4.7600e-03, 
 2DIAGNOSTIC,    34, -4.601339247584e-01, 8.409999319994e-05, 8.6221e-01, 4.7789e-03, 
 2DIAGNOSTIC,    35, -4.607358847044e-01, 7.789338692375e-05, 8.6892e-01, 6.7079e-03, 
 2DIAGNOSTIC,    36, -4.607998640594e-01, 7.360099081016e-05, 8.7506e-01, 6.1371e-03, 
 2DIAGNOSTIC,    37, -4.608405029327e-01, 6.880732665261e-05, 8.8015e-01, 5.0941e-03, 
 2DIAGNOSTIC,    38, -4.608659670009e-01, 6.261223820360e-05, 8.8507e-01, 4.9231e-03, 
 2DIAGNOSTIC,    39, -4.612503084685e-01, 5.888965346952e-05, 8.9059e-01, 5.5180e-03, 
 2DIAGNOSTIC,    40, -4.621701088280e-01, 7.081225522803e-05, 8.9645e-01, 5.8589e-03, 
 2DIAGNOSTIC,    41, -4.630696842306e-01, 9.308241171131e-05, 9.0173e-01, 5.2762e-03, 
 2DIAGNOSTIC,    42, -4.661459513219e-01, 1.528142865540e-04, 9.0728e-01, 5.5499e-03, 
 2DIAGNOSTIC,    43, -4.771756445458e-01, 3.613730272998e-04, 9.1364e-01, 6.3660e-03, 
 2DIAGNOSTIC,    44, -4.804754486546e-01, 5.704424572020e-04, 9.2358e-01, 9.9370e-03, 
 2DIAGNOSTIC,    45, -4.808845482488e-01, 7.304216903488e-04, 9.2958e-01, 6.0019e-03, 
 2DIAGNOSTIC,    46, -4.815383314751e-01, 8.256938659972e-04, 9.3497e-01, 5.3930e-03, 
 2DIAGNOSTIC,    47, -4.827040395873e-01, 8.535990571345e-04, 9.4018e-01, 5.2092e-03, 
 2DIAGNOSTIC,    48, -4.841474441445e-01, 8.153454285729e-04, 9.4558e-01, 5.3999e-03, 
 2DIAGNOSTIC,    49, -4.858081892472e-01, 7.263723358722e-04, 9.5147e-01, 5.8839e-03, 
 2DIAGNOSTIC,    50, -4.871673748915e-01, 6.028127609015e-04, 9.5890e-01, 7.4358e-03, 
 2DIAGNOSTIC,    51, -4.870883333049e-01, 4.381839683861e-04, 9.6477e-01, 5.8711e-03, 
 2DIAGNOSTIC,    52, -4.871131416282e-01, 2.732784158884e-04, 9.7174e-01, 6.9659e-03, 
 2DIAGNOSTIC,    53, -4.871351861279e-01, 2.198871712916e-04, 9.7694e-01, 5.2030e-03, 
 2DIAGNOSTIC,    54, -4.870336546849e-01, 1.847650235555e-04, 9.8212e-01, 5.1749e-03, 
 2DIAGNOSTIC,    55, -4.870966879278e-01, 1.387107258972e-04, 9.8716e-01, 5.0440e-03, 
 2DIAGNOSTIC,    56, -4.871760078641e-01, 8.948650636405e-05, 9.9280e-01, 5.6338e-03, 
 2DIAGNOSTIC,    57, -4.872111566789e-01, 4.682548684352e-05, 9.9794e-01, 5.1460e-03, 
 2DIAGNOSTIC,    58, -4.873150482750e-01, 1.773353537069e-05, 1.0039e+00, 5.9841e-03, 
 2DIAGNOSTIC,    59, -4.874154453992e-01, 6.370922027345e-06, 1.0092e+00, 5.3089e-03, 
 2DIAGNOSTIC,    60, -4.875321176261e-01, 1.028602307870e-05, 1.0146e+00, 5.3239e-03, 
 2DIAGNOSTIC,    61, -4.877222191667e-01, 1.422565902140e-05, 1.0208e+00, 6.2070e-03, 
 2DIAGNOSTIC,    62, -4.877457170651e-01, 1.715705839991e-05, 1.0282e+00, 7.3938e-03, 
 2DIAGNOSTIC,    63, -4.876518417880e-01, 1.774167268540e-05, 1.0360e+00, 7.8869e-03, 
 2DIAGNOSTIC,    64, -4.876581557083e-01, 1.575606891372e-05, 1.0416e+00, 5.5120e-03, 
 2DIAGNOSTIC,    65, -4.876997906374e-01, 1.333483416727e-05, 1.0475e+00, 5.9888e-03, 
 2DIAGNOSTIC,    66, -4.879767048473e-01, 1.307646352105e-05, 1.0529e+00, 5.3270e-03, 
 2DIAGNOSTIC,    67, -4.879907195147e-01, 1.199983076089e-05, 1.0590e+00, 6.1171e-03, 
 2DIAGNOSTIC,    68, -4.880814319948e-01, 1.168957512181e-05, 1.0651e+00, 6.1059e-03, 
 2DIAGNOSTIC,    69, -4.879608550739e-01, 1.014332967795e-05, 1.0705e+00, 5.4140e-03, 
 2DIAGNOSTIC,    70, -4.879562425168e-01, 8.674216506695e-06, 1.0758e+00, 5.2781e-03, 
 2DIAGNOSTIC,    71, -4.881247330050e-01, 9.532668668967e-06, 1.0817e+00, 5.9080e-03, 
 2DIAGNOSTIC,    72, -4.881813862376e-01, 1.013893612808e-05, 1.0883e+00, 6.6030e-03, 
 2DIAGNOSTIC,    73, -4.884147974171e-01, 1.101167755297e-05, 1.0950e+00, 6.6850e-03, 
 2DIAGNOSTIC,    74, -4.883770490085e-01, 1.058689139806e-05, 1.1005e+00, 5.5540e-03, 
 2DIAGNOSTIC,    75, -4.883885433949e-01, 9.621522788121e-06, 1.1068e+00, 6.2690e-03, 
 2DIAGNOSTIC,    76, -4.883995987996e-01, 1.012540569359e-05, 1.1121e+00, 5.3420e-03, 
 2DIAGNOSTIC,    77, -4.883459584854e-01, 9.305075220343e-06, 1.1183e+00, 6.1891e-03, 
 2DIAGNOSTIC,    78, -4.883569053237e-01, 8.485729529752e-06, 1.1240e+00, 5.6930e-03, 
 2DIAGNOSTIC,    79, -4.883055362669e-01, 5.587237579659e-06, 1.1298e+00, 5.7640e-03, 
 2DIAGNOSTIC,    80, -4.884902843870e-01, 3.654161889624e-06, 1.1359e+00, 6.1209e-03, 
 2DIAGNOSTIC,    81, -4.889570163399e-01, 6.239677146847e-06, 1.1423e+00, 6.3550e-03, 
 2DIAGNOSTIC,    82, -4.898086128072e-01, 1.486263378524e-05, 1.1504e+00, 8.1320e-03, 
 2DIAGNOSTIC,    83, -4.903904791740e-01, 2.779357911111e-05, 1.1592e+00, 8.7910e-03, 
 2DIAGNOSTIC,    84, -4.906383579343e-01, 3.928936954057e-05, 1.1660e+00, 6.8150e-03, 
 2DIAGNOSTIC,    85, -4.907087796174e-01, 4.739300591053e-05, 1.1729e+00, 6.8500e-03, 
 2DIAGNOSTIC,    86, -4.926488672941e-01, 6.464448707944e-05, 1.1800e+00, 7.1881e-03, 
 2DIAGNOSTIC,    87, -4.930403722181e-01, 7.717271888795e-05, 1.1864e+00, 6.3360e-03, 
 2DIAGNOSTIC,    88, -4.930789370948e-01, 8.239688159385e-05, 1.1921e+00, 5.7111e-03, 
 2DIAGNOSTIC,    89, -4.935954404962e-01, 8.305665334065e-05, 1.1998e+00, 7.6630e-03, 
 2DIAGNOSTIC,    90, -4.936541710263e-01, 7.728653698767e-05, 1.2051e+00, 5.3542e-03, 
 2DIAGNOSTIC,    91, -4.937167066277e-01, 6.747870477580e-05, 1.2114e+00, 6.2559e-03, 
 2DIAGNOSTIC,    92, -4.937693438349e-01, 5.727480578009e-05, 1.2189e+00, 7.5040e-03, 
 2DIAGNOSTIC,    93, -4.937746517268e-01, 4.578937084290e-05, 1.2241e+00, 5.1811e-03, 
 2DIAGNOSTIC,    94, -4.938684973628e-01, 3.251416662497e-05, 1.2293e+00, 5.2969e-03, 
 2DIAGNOSTIC,    95, -4.943553953465e-01, 1.964125907480e-05, 1.2350e+00, 5.6591e-03, 
 2DIAGNOSTIC,    96, -4.951950786848e-01, 2.269676564183e-05, 1.2414e+00, 6.4321e-03, 
 2DIAGNOSTIC,    97, -4.954210291139e-01, 2.732029430988e-05, 1.2473e+00, 5.8920e-03, 
 2DIAGNOSTIC,    98, -4.954283635761e-01, 2.950532701340e-05, 1.2535e+00, 6.1359e-03, 
 2DIAGNOSTIC,    99, -4.957178665198e-01, 3.384303757111e-05, 1.2586e+00, 5.1680e-03, 
 2DIAGNOSTIC,   100, -4.962832847520e-01, 3.852867384827e-05, 1.2651e+00, 6.4981e-03, 
 2DIAGNOSTIC,   101, -4.970114373122e-01, 4.399065888510e-05, 1.2709e+00, 5.7340e-03, 
 2DIAGNOSTIC,   102, -4.971700251929e-01, 4.632440639261e-05, 1.2766e+00, 5.7371e-03, 
 2DIAGNOSTIC,   103, -4.972689256615e-01, 4.493649468154e-05, 1.2817e+00, 5.0700e-03, 
 2DIAGNOSTIC,   104, -4.972084403035e-01, 3.947396296195e-05, 1.2874e+00, 5.6930e-03, 
 2DIAGNOSTIC,   105, -4.972056078513e-01, 3.295258663808e-05, 1.2932e+00, 5.7969e-03, 
 2DIAGNOSTIC,   106, -4.971621674502e-01, 2.785455464288e-05, 1.3030e+00, 9.8491e-03, 
 2DIAGNOSTIC,   107, -4.971888928628e-01, 2.165687427410e-05, 1.3175e+00, 1.4522e-02, 
 2DIAGNOSTIC,   108, -4.971994230749e-01, 1.365249074003e-05, 1.3231e+00, 5.5599e-03, 
 2DIAGNOSTIC,   109, -4.972168107778e-01, 6.183884202010e-06, 1.3302e+00, 7.1268e-03, 
DIAGNOSTIC,Iteration,metricValue,convergenceValue,ITERATION_TIME_INDEX,SINCE_LAST
 2DIAGNOSTIC,     1, -4.040163378941e-01, 1.797693134862e+308, 2.0977e+00, 7.6744e-01, 
 2DIAGNOSTIC,     2, -4.042616015226e-01, 1.797693134862e+308, 2.1292e+00, 3.1523e-02, 
 2DIAGNOSTIC,     3, -4.045364821428e-01, 1.797693134862e+308, 2.1631e+00, 3.3937e-02, 
 2DIAGNOSTIC,     4, -4.050452806807e-01, 1.797693134862e+308, 2.1986e+00, 3.5469e-02, 
 2DIAGNOSTIC,     5, -4.060120241035e-01, 1.797693134862e+308, 2.2342e+00, 3.5578e-02, 
 2DIAGNOSTIC,     6, -4.078931515474e-01, 1.797693134862e+308, 2.2730e+00, 3.8841e-02, 
 2DIAGNOSTIC,     7, -4.082191331622e-01, 1.797693134862e+308, 2.3042e+00, 3.1205e-02, 
 2DIAGNOSTIC,     8, -4.095996415991e-01, 1.797693134862e+308, 2.3379e+00, 3.3710e-02, 
 2DIAGNOSTIC,     9, -4.141318812628e-01, 1.797693134862e+308, 2.3716e+00, 3.3716e-02, 
 2DIAGNOSTIC,    10, -4.151541097509e-01, 1.752642905158e-03, 2.4044e+00, 3.2720e-02, 
 2DIAGNOSTIC,    11, -4.164526331596e-01, 1.872759896757e-03, 2.4537e+00, 4.9365e-02, 
 2DIAGNOSTIC,    12, -4.166036256709e-01, 1.830610897839e-03, 2.4900e+00, 3.6239e-02, 
 2DIAGNOSTIC,    13, -4.169720951612e-01, 1.665186565649e-03, 2.5570e+00, 6.7012e-02, 
 2DIAGNOSTIC,    14, -4.169875690221e-01, 1.395266424504e-03, 2.5879e+00, 3.0904e-02, 
 2DIAGNOSTIC,    15, -4.170304314206e-01, 1.078613583871e-03, 2.6228e+00, 3.4870e-02, 
 2DIAGNOSTIC,    16, -4.170607788087e-01, 7.886239287814e-04, 2.6554e+00, 3.2667e-02, 
 2DIAGNOSTIC,    17, -4.170718661585e-01, 4.754652286559e-04, 2.6926e+00, 3.7131e-02, 
 2DIAGNOSTIC,    18, -4.170848923651e-01, 2.033096343121e-04, 2.7285e+00, 3.5989e-02, 
 2DIAGNOSTIC,    19, -4.170896036055e-01, 1.056739412065e-04, 2.7618e+00, 3.3295e-02, 
 2DIAGNOSTIC,    20, -4.170812266260e-01, 4.215281640814e-05, 2.7962e+00, 3.4333e-02, 
 2DIAGNOSTIC,    21, -4.170631785268e-01, 2.297429065451e-05, 2.8341e+00, 3.7929e-02, 
 2DIAGNOSTIC,    22, -4.170846773658e-01, 8.655020135334e-06, 2.8690e+00, 3.4937e-02, 
 2DIAGNOSTIC,    23, -4.170690724358e-01, 5.457155146792e-06, 2.9019e+00, 3.2868e-02, 
 2DIAGNOSTIC,    24, -4.170776403939e-01, 2.826270629724e-06, 2.9403e+00, 3.8394e-02, 
 2DIAGNOSTIC,    25, -4.170811383636e-01, 1.531684852500e-06, 2.9744e+00, 3.4085e-02, 
DIAGNOSTIC,Iteration,metricValue,convergenceValue,ITERATION_TIME_INDEX,SINCE_LAST
 2DIAGNOSTIC,     1, -3.569966741018e-01, 1.797693134862e+308, 4.1898e+00, 1.2154e+00, 
 2DIAGNOSTIC,     2, -3.571012161907e-01, 1.797693134862e+308, 4.4549e+00, 2.6506e-01, 
 2DIAGNOSTIC,     3, -3.574732795385e-01, 1.797693134862e+308, 4.7163e+00, 2.6144e-01, 
 2DIAGNOSTIC,     4, -3.581170831725e-01, 1.797693134862e+308, 4.9750e+00, 2.5873e-01, 
 2DIAGNOSTIC,     5, -3.584351118229e-01, 1.797693134862e+308, 5.2989e+00, 3.2386e-01, 
 2DIAGNOSTIC,     6, -3.584964785802e-01, 1.797693134862e+308, 5.5764e+00, 2.7754e-01, 
 2DIAGNOSTIC,     7, -3.586179359559e-01, 1.797693134862e+308, 5.8358e+00, 2.5940e-01, 
 2DIAGNOSTIC,     8, -3.587953196315e-01, 1.797693134862e+308, 6.0737e+00, 2.3790e-01, 
 2DIAGNOSTIC,     9, -3.588475065827e-01, 1.797693134862e+308, 6.3694e+00, 2.9564e-01, 
 2DIAGNOSTIC,    10, -3.589081535542e-01, 3.689210858733e-04, 6.7338e+00, 3.6445e-01, 
 2DIAGNOSTIC,    11, -3.589107459923e-01, 2.743664055832e-04, 7.0023e+00, 2.6849e-01, 
 2DIAGNOSTIC,    12, -3.589117866945e-01, 1.782949822047e-04, 7.3314e+00, 3.2906e-01, 
 2DIAGNOSTIC,    13, -3.589116440498e-01, 1.028673932710e-04, 7.6909e+00, 3.5950e-01, 
 2DIAGNOSTIC,    14, -3.589115595150e-01, 6.511467218889e-05, 7.9863e+00, 2.9549e-01, 
 2DIAGNOSTIC,    15, -3.589110509721e-01, 4.352463056345e-05, 8.3333e+00, 3.4692e-01, 
 2DIAGNOSTIC,    16, -3.589110581920e-01, 2.384439103126e-05, 8.6427e+00, 3.0943e-01, 
 2DIAGNOSTIC,    17, -3.589095037424e-01, 9.898988741847e-06, 8.8998e+00, 2.5706e-01, 
 2DIAGNOSTIC,    18, -3.589094759827e-01, 4.544383835466e-06, 9.1997e+00, 2.9994e-01, 
 2DIAGNOSTIC,    19, -3.589092056025e-01, 1.591804705367e-06, 9.4656e+00, 2.6587e-01, 
 2DIAGNOSTIC,    20, -3.589085048283e-01, 1.315608991657e-06, 9.7645e+00, 2.9895e-01, 
 2DIAGNOSTIC,    21, -3.589088667788e-01, 1.202673708900e-06, 1.0061e+01, 2.9608e-01, 
 2DIAGNOSTIC,    22, -3.589078723205e-01, 1.130880388542e-06, 1.0324e+01, 2.6376e-01, 
 2DIAGNOSTIC,    23, -3.589077449739e-01, 1.086495520025e-06, 1.0622e+01, 2.9725e-01, 
 2DIAGNOSTIC,    24, -3.589076397246e-01, 1.067264733028e-06, 1.0908e+01, 2.8673e-01, 
 2DIAGNOSTIC,    25, -3.589068761604e-01, 1.032874641017e-06, 1.1232e+01, 3.2372e-01, 
 2DIAGNOSTIC,    26, -3.589064372709e-01, 1.012385463961e-06, 1.1523e+01, 2.9065e-01, 
DIAGNOSTIC,Iteration,metricValue,convergenceValue,ITERATION_TIME_INDEX,SINCE_LAST
 2DIAGNOSTIC,     1, -3.297880034968e-01, 1.797693134862e+308, 1.4050e+01, 2.5276e+00, 
 2DIAGNOSTIC,     2, -3.300020205554e-01, 1.797693134862e+308, 1.5509e+01, 1.4582e+00, 
 2DIAGNOSTIC,     3, -3.302615067590e-01, 1.797693134862e+308, 1.6948e+01, 1.4395e+00, 
 2DIAGNOSTIC,     4, -3.306808841198e-01, 1.797693134862e+308, 1.8430e+01, 1.4820e+00, 
 2DIAGNOSTIC,     5, -3.311142422935e-01, 1.797693134862e+308, 1.9964e+01, 1.5336e+00, 
 2DIAGNOSTIC,     6, -3.312922543706e-01, 1.797693134862e+308, 2.1341e+01, 1.3771e+00, 
 2DIAGNOSTIC,     7, -3.317114944128e-01, 1.797693134862e+308, 2.3564e+01, 2.2230e+00, 
 2DIAGNOSTIC,     8, -3.317297805484e-01, 1.797693134862e+308, 2.5615e+01, 2.0515e+00, 
 2DIAGNOSTIC,     9, -3.317289145243e-01, 1.797693134862e+308, 2.7327e+01, 1.7119e+00, 
 2DIAGNOSTIC,    10, -3.317286386283e-01, 4.316987548921e-04, 2.9581e+01, 2.2535e+00, 
 2DIAGNOSTIC,    11, -3.317288088468e-01, 3.229413892169e-04, 3.1372e+01, 1.7911e+00, 
 2DIAGNOSTIC,    12, -3.317288481982e-01, 2.187372873980e-04, 3.3226e+01, 1.8544e+00, 
 2DIAGNOSTIC,    13, -3.317288222947e-01, 1.278305954643e-04, 3.4986e+01, 1.7601e+00, 
 2DIAGNOSTIC,    14, -3.317286992063e-01, 6.402725571751e-05, 3.6636e+01, 1.6497e+00, 
 2DIAGNOSTIC,    15, -3.317286461257e-01, 2.790651333241e-05, 3.8097e+01, 1.4610e+00, 
 2DIAGNOSTIC,    16, -3.317286048020e-01, 2.852009425014e-06, 3.9613e+01, 1.5165e+00, 
 2DIAGNOSTIC,    17, -3.317285052916e-01, 1.793043717065e-06, 4.1171e+01, 1.5575e+00, 
 2DIAGNOSTIC,    18, -3.317285358339e-01, 1.733475971176e-06, 4.2858e+01, 1.6870e+00, 
 2DIAGNOSTIC,    19, -3.317285097374e-01, 1.643699197841e-06, 4.4485e+01, 1.6274e+00, 
 2DIAGNOSTIC,    20, -3.317284924227e-01, 1.553185493844e-06, 4.6024e+01, 1.5393e+00, 
 2DIAGNOSTIC,    21, -3.317285454557e-01, 1.483995066338e-06, 4.7683e+01, 1.6582e+00, 
 2DIAGNOSTIC,    22, -3.317285090917e-01, 1.424157416385e-06, 4.9465e+01, 1.7827e+00, 
 2DIAGNOSTIC,    23, -3.317285575648e-01, 1.372671704185e-06, 5.0806e+01, 1.3403e+00, 
 2DIAGNOSTIC,    24, -3.317284274425e-01, 1.317486598783e-06, 5.2487e+01, 1.6815e+00, 
 2DIAGNOSTIC,    25, -3.317284985364e-01, 1.268346031383e-06, 5.4012e+01, 1.5249e+00, 
 2DIAGNOSTIC,    26, -3.317285476410e-01, 1.223707577519e-06, 5.5684e+01, 1.6718e+00, 
 2DIAGNOSTIC,    27, -3.317285257184e-01, 1.178471237762e-06, 5.7335e+01, 1.6510e+00, 
 2DIAGNOSTIC,    28, -3.317285029584e-01, 1.136876136884e-06, 5.9161e+01, 1.8257e+00, 
 2DIAGNOSTIC,    29, -3.317284086856e-01, 1.094703393406e-06, 6.0855e+01, 1.6949e+00, 
 2DIAGNOSTIC,    30, -3.317283142285e-01, 1.052435289063e-06, 6.2194e+01, 1.3387e+00, 
 2DIAGNOSTIC,    31, -3.317282513633e-01, 1.013436045437e-06, 6.3527e+01, 1.3325e+00, 
  Elapsed time (stage 0): 6.4312e+01


Total elapsed time: 6.4316e+01
Info [verificarlo]: loaded backend libinterflop_ieee.so
Info [interflop-ieee]: load backend with:
Info [interflop-ieee]: debug = false
Info [interflop-ieee]: debug-binary = false
Info [interflop-ieee]: no-backend-name = false
Info [interflop-ieee]: print-new-line = false
Info [interflop-ieee]: print-subnormal-normalized = false
Info [interflop-ieee]: count-op = false
All_Command_lines_OK
Using double precision for computations.
=============================================================================
The composite transform comprises the following transforms (in order): 
  1. /home/mdugre/scratch/mri-registration-rp/datasets/ds004513/derivatives/mri-registration-rp/0001/antsRegistration-r7-p12/sub-s020/rigid_Composite.h5[0] (type = Euler3DTransform)
  2. /home/mdugre/scratch/mri-registration-rp/datasets/ds004513/derivatives/mri-registration-rp/0001/antsRegistration-r7-p12/sub-s020/rigid_Composite.h5[1] (type = Euler3DTransform)
  3. /home/mdugre/scratch/mri-registration-rp/datasets/ds004513/derivatives/mri-registration-rp/0001/antsRegistration-r7-p12/sub-s020/rigid_Composite.h5[2] (type = Euler3DTransform)
=============================================================================
  number of levels = 4
  fixed image: /templateflow/tpl-MNI152NLin2009cAsym/tpl-MNI152NLin2009cAsym_res-01_desc-brain_T1w.nii.gz
  moving image: /home/mdugre/scratch/mri-registration-rp/datasets/ds004513/derivatives/mri-registration-rp/antsBrainExtraction/sub-s020/BrainExtractionBrain.nii.gz
Dimension = 3
Number of stages = 1
Use histogram matching = false
Winsorize image intensities = true
  Lower quantile = 0.005
  Upper quantile = 0.995


Stage 1 State
   Image metric = MattesMI
     Fixed image = Image (0x34c27e0)
  RTTI typeinfo:   itk::Image<double, 3u>
  Reference Count: 2
  Modified Time: 1594
  Debug: Off
  Object Name: 
  Observers: 
    none
  Source: (none)
  Source output name: (none)
  Release Data: Off
  Data Released: False
  Global Release Data: Off
  PipelineMTime: 0
  UpdateMTime: 1203
  RealTimeStamp: 0 seconds 
  LargestPossibleRegion: 
    Dimension: 3
    Index: [0, 0, 0]
    Size: [193, 229, 193]
  BufferedRegion: 
    Dimension: 3
    Index: [0, 0, 0]
    Size: [193, 229, 193]
  RequestedRegion: 
    Dimension: 3
    Index: [0, 0, 0]
    Size: [193, 229, 193]
  Spacing: [1, 1, 1]
  Origin: [96, 132, -78]
  Direction: 
-1 0 0
0 -1 0
0 0 1

  IndexToPointMatrix: 
-1 0 0
0 -1 0
0 0 1

  PointToIndexMatrix: 
-1 0 0
0 -1 0
0 0 1

  Inverse Direction: 
-1 0 0
0 -1 0
0 0 1

  PixelContainer: 
    ImportImageContainer (0x3582a20)
      RTTI typeinfo:   itk::ImportImageContainer<unsigned long, double>
      Reference Count: 1
      Modified Time: 1200
      Debug: Off
      Object Name: 
      Observers: 
        none
      Pointer: 0x14c0604d0010
      Container manages memory: true
      Size: 8530021
      Capacity: 8530021

     Moving image = Image (0x357dd70)
  RTTI typeinfo:   itk::Image<double, 3u>
  Reference Count: 2
  Modified Time: 1595
  Debug: Off
  Object Name: 
  Observers: 
    none
  Source: (none)
  Source output name: (none)
  Release Data: Off
  Data Released: False
  Global Release Data: Off
  PipelineMTime: 0
  UpdateMTime: 1592
  RealTimeStamp: 0 seconds 
  LargestPossibleRegion: 
    Dimension: 3
    Index: [0, 0, 0]
    Size: [160, 240, 256]
  BufferedRegion: 
    Dimension: 3
    Index: [0, 0, 0]
    Size: [160, 240, 256]
  RequestedRegion: 
    Dimension: 3
    Index: [0, 0, 0]
    Size: [160, 240, 256]
  Spacing: [0.999995, 1, 1]
  Origin: [87.0906, 98.7205, -152.377]
  Direction: 
-0.996975 0.0261379 -0.0731913
-0.0260677 -0.999658 -0.00191374
-0.0732163 -2.46403e-08 0.997316

  IndexToPointMatrix: 
-0.996971 0.0261379 -0.0731913
-0.0260676 -0.999658 -0.00191374
-0.0732159 -2.46403e-08 0.997316

  PointToIndexMatrix: 
-0.99698 -0.0260679 -0.0732166
0.0261379 -0.999658 -2.46993e-08
-0.0731913 -0.00191374 0.997316

  Inverse Direction: 
-0.996975 -0.0260677 -0.0732163
0.0261379 -0.999658 -2.46993e-08
-0.0731913 -0.00191374 0.997316

  PixelContainer: 
    ImportImageContainer (0x3535c90)
      RTTI typeinfo:   itk::ImportImageContainer<unsigned long, double>
      Reference Count: 1
      Modified Time: 1589
      Debug: Off
      Object Name: 
      Observers: 
        none
      Pointer: 0x14c05b9cf010
      Container manages memory: true
      Size: 9830400
      Capacity: 9830400

     Weighting = 1
     Sampling strategy = regular
     Number of bins = 32
     Radius = 4
     Sampling percentage  = 0.25
   Transform = Affine
     Gradient step = 0.1
     Update field sigma (voxel space) = 0
     Total field sigma (voxel space) = 0
     Update field time sigma = 0
     Total field time sigma  = 0
     Number of time indices = 0
     Number of time point samples = 0
Registration using 1 total stages.

Stage 0
  iterations = 1000x500x250x100
  convergence threshold = 1e-06
  convergence window size = 10
  number of levels = 4
  using the Mattes MI metric (number of bins = 32, weight = 1, use gradient filter = 0)
  preprocessing:  winsorizing the image intensities
  Shrink factors (level 1 out of 4): [8, 8, 8]
  Shrink factors (level 2 out of 4): [4, 4, 4]
  Shrink factors (level 3 out of 4): [2, 2, 2]
  Shrink factors (level 4 out of 4): [1, 1, 1]
  smoothing sigmas per level: [3, 2, 1, 0]
  regular sampling (percentage = 0.25)

*** Running AffineTransform registration ***

DIAGNOSTIC,Iteration,metricValue,convergenceValue,ITERATION_TIME_INDEX,SINCE_LAST
 2DIAGNOSTIC,     1, -5.042119887808e-01, 1.797693134862e+308, 7.2124e-01, 7.2124e-01, 
 2DIAGNOSTIC,     2, -5.060642290620e-01, 1.797693134862e+308, 7.2616e-01, 4.9188e-03, 
 2DIAGNOSTIC,     3, -5.093730360813e-01, 1.797693134862e+308, 7.3146e-01, 5.3039e-03, 
 2DIAGNOSTIC,     4, -5.147335624994e-01, 1.797693134862e+308, 7.3652e-01, 5.0530e-03, 
 2DIAGNOSTIC,     5, -5.235979605377e-01, 1.797693134862e+308, 7.4202e-01, 5.5082e-03, 
 2DIAGNOSTIC,     6, -5.379752038156e-01, 1.797693134862e+308, 7.4767e-01, 5.6460e-03, 
 2DIAGNOSTIC,     7, -5.615988851330e-01, 1.797693134862e+308, 7.5264e-01, 4.9689e-03, 
 2DIAGNOSTIC,     8, -6.788930129870e-01, 1.797693134862e+308, 7.5950e-01, 6.8579e-03, 
 2DIAGNOSTIC,     9, -7.114289578842e-01, 1.797693134862e+308, 7.6533e-01, 5.8320e-03, 
 2DIAGNOSTIC,    10, -7.452248477530e-01, 2.765855557121e-02, 7.7209e-01, 6.7649e-03, 
 2DIAGNOSTIC,    11, -7.717600435195e-01, 2.971187114301e-02, 7.8060e-01, 8.5080e-03, 
 2DIAGNOSTIC,    12, -7.723840924324e-01, 2.880312720132e-02, 7.8746e-01, 6.8610e-03, 
 2DIAGNOSTIC,    13, -7.764350272792e-01, 2.572352537089e-02, 7.9327e-01, 5.8100e-03, 
 2DIAGNOSTIC,    14, -7.883915587645e-01, 2.139492331138e-02, 7.9896e-01, 5.6820e-03, 
 2DIAGNOSTIC,    15, -7.967792065077e-01, 1.636105916574e-02, 8.0452e-01, 5.5690e-03, 
 2DIAGNOSTIC,    16, -8.062849771404e-01, 1.126725775728e-02, 8.1039e-01, 5.8630e-03, 
 2DIAGNOSTIC,    17, -8.154078596533e-01, 6.630367429833e-03, 8.1630e-01, 5.9130e-03, 
 2DIAGNOSTIC,    18, -8.448714091709e-01, 5.430386305774e-03, 8.2405e-01, 7.7500e-03, 
 2DIAGNOSTIC,    19, -8.531997661127e-01, 4.747397324453e-03, 8.3301e-01, 8.9591e-03, 
 2DIAGNOSTIC,    20, -8.538276038369e-01, 4.404690133167e-03, 8.3891e-01, 5.8992e-03, 
 2DIAGNOSTIC,    21, -8.535249604436e-01, 4.213252544804e-03, 8.4495e-01, 6.0399e-03, 
 2DIAGNOSTIC,    22, -8.532804430880e-01, 3.660694282801e-03, 8.5100e-01, 6.0549e-03, 
 2DIAGNOSTIC,    23, -8.532975792803e-01, 2.885565606224e-03, 8.5708e-01, 6.0799e-03, 
 2DIAGNOSTIC,    24, -8.532908046462e-01, 2.111343024539e-03, 8.6356e-01, 6.4790e-03, 
 2DIAGNOSTIC,    25, -8.528415766747e-01, 1.342003969874e-03, 8.6968e-01, 6.1140e-03, 
 2DIAGNOSTIC,    26, -8.529729783657e-01, 6.644285800670e-04, 8.7629e-01, 6.6168e-03, 
 2DIAGNOSTIC,    27, -8.529065948283e-01, 1.021668330733e-04, 8.8274e-01, 6.4430e-03, 
DIAGNOSTIC,Iteration,metricValue,convergenceValue,ITERATION_TIME_INDEX,SINCE_LAST
 2DIAGNOSTIC,     1, -7.131743805495e-01, 1.797693134862e+308, 1.6384e+00, 7.5562e-01, 
 2DIAGNOSTIC,     2, -7.137888149623e-01, 1.797693134862e+308, 1.6784e+00, 4.0022e-02, 
 2DIAGNOSTIC,     3, -7.143168896811e-01, 1.797693134862e+308, 1.7209e+00, 4.2515e-02, 
 2DIAGNOSTIC,     4, -7.148696309184e-01, 1.797693134862e+308, 1.7742e+00, 5.3328e-02, 
 2DIAGNOSTIC,     5, -7.154911027621e-01, 1.797693134862e+308, 1.8264e+00, 5.2186e-02, 
 2DIAGNOSTIC,     6, -7.156533204074e-01, 1.797693134862e+308, 1.8746e+00, 4.8153e-02, 
 2DIAGNOSTIC,     7, -7.157141598842e-01, 1.797693134862e+308, 1.9278e+00, 5.3286e-02, 
 2DIAGNOSTIC,     8, -7.157449588340e-01, 1.797693134862e+308, 1.9714e+00, 4.3538e-02, 
 2DIAGNOSTIC,     9, -7.158165884141e-01, 1.797693134862e+308, 2.0239e+00, 5.2500e-02, 
 2DIAGNOSTIC,    10, -7.157546614497e-01, 2.327448768984e-04, 2.0757e+00, 5.1783e-02, 
 2DIAGNOSTIC,    11, -7.157597507804e-01, 1.481564870963e-04, 2.1217e+00, 4.5982e-02, 
 2DIAGNOSTIC,    12, -7.157492005218e-01, 8.465966909553e-05, 2.1721e+00, 5.0452e-02, 
 2DIAGNOSTIC,    13, -7.157212520265e-01, 3.859773133472e-05, 2.2201e+00, 4.8021e-02, 
 2DIAGNOSTIC,    14, -7.157214097607e-01, 1.109876889953e-05, 2.2659e+00, 4.5790e-02, 
 2DIAGNOSTIC,    15, -7.157167806513e-01, 2.719088005837e-06, 2.3070e+00, 4.1082e-02, 
DIAGNOSTIC,Iteration,metricValue,convergenceValue,ITERATION_TIME_INDEX,SINCE_LAST
 2DIAGNOSTIC,     1, -5.952754210793e-01, 1.797693134862e+308, 3.5626e+00, 1.2556e+00, 
 2DIAGNOSTIC,     2, -5.957298967090e-01, 1.797693134862e+308, 3.9704e+00, 4.0780e-01, 
 2DIAGNOSTIC,     3, -5.960353881814e-01, 1.797693134862e+308, 4.3534e+00, 3.8301e-01, 
 2DIAGNOSTIC,     4, -5.962933477878e-01, 1.797693134862e+308, 4.7522e+00, 3.9878e-01, 
 2DIAGNOSTIC,     5, -5.969740332785e-01, 1.797693134862e+308, 5.1352e+00, 3.8303e-01, 
 2DIAGNOSTIC,     6, -5.970326772021e-01, 1.797693134862e+308, 5.5601e+00, 4.2486e-01, 
 2DIAGNOSTIC,     7, -5.970379774885e-01, 1.797693134862e+308, 5.9533e+00, 3.9321e-01, 
 2DIAGNOSTIC,     8, -5.970357225630e-01, 1.797693134862e+308, 6.3410e+00, 3.8775e-01, 
 2DIAGNOSTIC,     9, -5.970364206909e-01, 1.797693134862e+308, 6.6535e+00, 3.1242e-01, 
 2DIAGNOSTIC,    10, -5.970350040667e-01, 1.918745862451e-04, 6.9944e+00, 3.4098e-01, 
 2DIAGNOSTIC,    11, -5.970359952039e-01, 1.211595923421e-04, 7.3445e+00, 3.5002e-01, 
 2DIAGNOSTIC,    12, -5.970347927393e-01, 6.983147916398e-05, 7.7043e+00, 3.5979e-01, 
 2DIAGNOSTIC,    13, -5.970321499749e-01, 3.150248944986e-05, 8.0919e+00, 3.8763e-01, 
 2DIAGNOSTIC,    14, -5.970315265016e-01, 4.134118937626e-06, 8.4382e+00, 3.4636e-01, 
 2DIAGNOSTIC,    15, -5.970299975785e-01, 1.759210597169e-06, 8.7656e+00, 3.2737e-01, 
 2DIAGNOSTIC,    16, -5.970302518211e-01, 1.462411076680e-06, 9.0927e+00, 3.2708e-01, 
 2DIAGNOSTIC,    17, -5.970313569369e-01, 1.429622710672e-06, 9.4562e+00, 3.6352e-01, 
 2DIAGNOSTIC,    18, -5.970332398402e-01, 1.430897808401e-06, 9.9393e+00, 4.8311e-01, 
 2DIAGNOSTIC,    19, -5.970333246708e-01, 1.483473580123e-06, 1.0335e+01, 3.9589e-01, 
 2DIAGNOSTIC,    20, -5.970330171980e-01, 1.507035785546e-06, 1.0689e+01, 3.5406e-01, 
 2DIAGNOSTIC,    21, -5.970332766195e-01, 1.565233036342e-06, 1.1041e+01, 3.5203e-01, 
 2DIAGNOSTIC,    22, -5.970342707849e-01, 1.609119436620e-06, 1.1383e+01, 3.4180e-01, 
 2DIAGNOSTIC,    23, -5.970332010911e-01, 1.555800553388e-06, 1.1650e+01, 2.6648e-01, 
 2DIAGNOSTIC,    24, -5.970343835809e-01, 1.503939761657e-06, 1.1986e+01, 3.3650e-01, 
 2DIAGNOSTIC,    25, -5.970367386182e-01, 1.455434183867e-06, 1.2349e+01, 3.6312e-01, 
 2DIAGNOSTIC,    26, -5.970363347178e-01, 1.389185836718e-06, 1.2677e+01, 3.2820e-01, 
