
##########################
# Experiment information #
##########################

EXPERIMENT_NAME: antsRegistration-r7-p9
VFC_BACKENDS: libinterflop_vprec.so --range-binary32=7 --precision-binary32=9 --range-binary64=7 --precision-binary64=9

SIF_IMG: /home/mdugre/projects/rrg-glatard/mdugre/containers/ants-vprec-no_metrics.simg

SUBJECT_ID: s025
INPUT_IMG: /home/mdugre/scratch/mri-registration-rp/datasets/ds004513/derivatives/mri-registration-rp/antsBrainExtraction/sub-s025/BrainExtractionBrain.nii.gz
OUTPUT_DIR: /home/mdugre/scratch/mri-registration-rp/datasets/ds004513/derivatives/mri-registration-rp/0001/antsRegistration-r7-p9/sub-s025

FIXED_IMG: /templateflow/tpl-MNI152NLin2009cAsym/tpl-MNI152NLin2009cAsym_res-01_desc-brain_T1w.nii.gz
DATA_DIR: /home/mdugre/scratch/mri-registration-rp/datasets/ds004513
TEMPLATEFLOW_DIR: /home/mdugre/projects/rrg-glatard/mdugre/templateflow
ITK_GLOBAL_DEFAULT_NUMBER_OF_THREADS: 16
##########################

Info [verificarlo]: loaded backend libinterflop_ieee.so
Info [interflop-ieee]: load backend with:
Info [interflop-ieee]: debug = false
Info [interflop-ieee]: debug-binary = false
Info [interflop-ieee]: no-backend-name = false
Info [interflop-ieee]: print-new-line = false
Info [interflop-ieee]: print-subnormal-normalized = false
Info [interflop-ieee]: count-op = false
All_Command_lines_OK
Using double precision for computations.
=============================================================================
The composite transform comprises the following transforms (in order): 
  1. Center of mass alignment using fixed image: /templateflow/tpl-MNI152NLin2009cAsym/tpl-MNI152NLin2009cAsym_res-01_desc-brain_T1w.nii.gz and moving image: /home/mdugre/scratch/mri-registration-rp/datasets/ds004513/derivatives/mri-registration-rp/antsBrainExtraction/sub-s025/BrainExtractionBrain.nii.gz (type = Euler3DTransform)
=============================================================================
  number of levels = 1
  fixed image: /templateflow/tpl-MNI152NLin2009cAsym/tpl-MNI152NLin2009cAsym_res-01_desc-brain_T1w.nii.gz
  moving image: /home/mdugre/scratch/mri-registration-rp/datasets/ds004513/derivatives/mri-registration-rp/antsBrainExtraction/sub-s025/BrainExtractionBrain.nii.gz
Dimension = 3
Number of stages = 1
Use histogram matching = false
Winsorize image intensities = true
  Lower quantile = 0.005
  Upper quantile = 0.995


Stage 1 State
   Image metric = MattesMI
     Fixed image = Image (0x4ac3bd0)
  RTTI typeinfo:   itk::Image<double, 3u>
  Reference Count: 2
  Modified Time: 2334
  Debug: Off
  Object Name: 
  Observers: 
    none
  Source: (none)
  Source output name: (none)
  Release Data: Off
  Data Released: False
  Global Release Data: Off
  PipelineMTime: 0
  UpdateMTime: 1943
  RealTimeStamp: 0 seconds 
  LargestPossibleRegion: 
    Dimension: 3
    Index: [0, 0, 0]
    Size: [193, 229, 193]
  BufferedRegion: 
    Dimension: 3
    Index: [0, 0, 0]
    Size: [193, 229, 193]
  RequestedRegion: 
    Dimension: 3
    Index: [0, 0, 0]
    Size: [193, 229, 193]
  Spacing: [1, 1, 1]
  Origin: [96, 132, -78]
  Direction: 
-1 0 0
0 -1 0
0 0 1

  IndexToPointMatrix: 
-1 0 0
0 -1 0
0 0 1

  PointToIndexMatrix: 
-1 0 0
0 -1 0
0 0 1

  Inverse Direction: 
-1 0 0
0 -1 0
0 0 1

  PixelContainer: 
    ImportImageContainer (0x4acc9e0)
      RTTI typeinfo:   itk::ImportImageContainer<unsigned long, double>
      Reference Count: 1
      Modified Time: 1940
      Debug: Off
      Object Name: 
      Observers: 
        none
      Pointer: 0x152c5daad010
      Container manages memory: true
      Size: 8530021
      Capacity: 8530021

     Moving image = Image (0x4acdbd0)
  RTTI typeinfo:   itk::Image<double, 3u>
  Reference Count: 2
  Modified Time: 2335
  Debug: Off
  Object Name: 
  Observers: 
    none
  Source: (none)
  Source output name: (none)
  Release Data: Off
  Data Released: False
  Global Release Data: Off
  PipelineMTime: 0
  UpdateMTime: 2332
  RealTimeStamp: 0 seconds 
  LargestPossibleRegion: 
    Dimension: 3
    Index: [0, 0, 0]
    Size: [176, 240, 256]
  BufferedRegion: 
    Dimension: 3
    Index: [0, 0, 0]
    Size: [176, 240, 256]
  RequestedRegion: 
    Dimension: 3
    Index: [0, 0, 0]
    Size: [176, 240, 256]
  Spacing: [0.999999, 1, 1]
  Origin: [90.3778, 84.5091, -154.071]
  Direction: 
-0.999391 7.48184e-06 -0.0348969
-7.47664e-06 -1 -2.7953e-07
-0.0348969 -1.84481e-08 0.999391

  IndexToPointMatrix: 
-0.99939 7.48184e-06 -0.0348969
-7.47663e-06 -1 -2.7953e-07
-0.0348968 -1.84481e-08 0.999391

  PointToIndexMatrix: 
-0.999392 -7.47665e-06 -0.0348969
7.48184e-06 -1 -1.84481e-08
-0.0348969 -2.7953e-07 0.999391

  Inverse Direction: 
-0.999391 -7.47664e-06 -0.0348969
7.48184e-06 -1 -1.84481e-08
-0.0348969 -2.7953e-07 0.999391

  PixelContainer: 
    ImportImageContainer (0x4c53b50)
      RTTI typeinfo:   itk::ImportImageContainer<unsigned long, double>
      Reference Count: 1
      Modified Time: 2329
      Debug: Off
      Object Name: 
      Observers: 
        none
      Pointer: 0x152c5882c010
      Container manages memory: true
      Size: 10813440
      Capacity: 10813440

     Weighting = 1
     Sampling strategy = regular
     Number of bins = 32
     Radius = 4
     Sampling percentage  = 0.25
   Transform = Rigid
     Gradient step = 0.1
     Update field sigma (voxel space) = 0
     Total field sigma (voxel space) = 0
     Update field time sigma = 0
     Total field time sigma  = 0
     Number of time indices = 0
     Number of time point samples = 0
Registration using 1 total stages.

Stage 0
  iterations = 0
  convergence threshold = 1e-06
  convergence window size = 10
  number of levels = 1
  using the Mattes MI metric (number of bins = 32, weight = 1, use gradient filter = 0)
  preprocessing:  winsorizing the image intensities
  Shrink factors (level 1 out of 1): [1, 1, 1]
  smoothing sigmas per level: [0]
  regular sampling (percentage = 0.25)

*** Running Euler3DTransform registration ***

  Elapsed time (stage 0): 1.13819


Total elapsed time: 1.14519
Info [verificarlo]: loaded backend libinterflop_ieee.so
Info [interflop-ieee]: load backend with:
Info [interflop-ieee]: debug = false
Info [interflop-ieee]: debug-binary = false
Info [interflop-ieee]: no-backend-name = false
Info [interflop-ieee]: print-new-line = false
Info [interflop-ieee]: print-subnormal-normalized = false
Info [interflop-ieee]: count-op = false
All_Command_lines_OK
Using double precision for computations.
=============================================================================
The composite transform comprises the following transforms (in order): 
  1. /home/mdugre/scratch/mri-registration-rp/datasets/ds004513/derivatives/mri-registration-rp/0001/antsRegistration-r7-p9/sub-s025/align_Composite.h5[0] (type = Euler3DTransform)
  2. /home/mdugre/scratch/mri-registration-rp/datasets/ds004513/derivatives/mri-registration-rp/0001/antsRegistration-r7-p9/sub-s025/align_Composite.h5[1] (type = Euler3DTransform)
=============================================================================
  number of levels = 4
  fixed image: /templateflow/tpl-MNI152NLin2009cAsym/tpl-MNI152NLin2009cAsym_res-01_desc-brain_T1w.nii.gz
  moving image: /home/mdugre/scratch/mri-registration-rp/datasets/ds004513/derivatives/mri-registration-rp/antsBrainExtraction/sub-s025/BrainExtractionBrain.nii.gz
Dimension = 3
Number of stages = 1
Use histogram matching = false
Winsorize image intensities = true
  Lower quantile = 0.005
  Upper quantile = 0.995


Stage 1 State
   Image metric = MattesMI
     Fixed image = Image (0x427e530)
  RTTI typeinfo:   itk::Image<double, 3u>
  Reference Count: 2
  Modified Time: 1580
  Debug: Off
  Object Name: 
  Observers: 
    none
  Source: (none)
  Source output name: (none)
  Release Data: Off
  Data Released: False
  Global Release Data: Off
  PipelineMTime: 0
  UpdateMTime: 1189
  RealTimeStamp: 0 seconds 
  LargestPossibleRegion: 
    Dimension: 3
    Index: [0, 0, 0]
    Size: [193, 229, 193]
  BufferedRegion: 
    Dimension: 3
    Index: [0, 0, 0]
    Size: [193, 229, 193]
  RequestedRegion: 
    Dimension: 3
    Index: [0, 0, 0]
    Size: [193, 229, 193]
  Spacing: [1, 1, 1]
  Origin: [96, 132, -78]
  Direction: 
-1 0 0
0 -1 0
0 0 1

  IndexToPointMatrix: 
-1 0 0
0 -1 0
0 0 1

  PointToIndexMatrix: 
-1 0 0
0 -1 0
0 0 1

  Inverse Direction: 
-1 0 0
0 -1 0
0 0 1

  PixelContainer: 
    ImportImageContainer (0x433cd60)
      RTTI typeinfo:   itk::ImportImageContainer<unsigned long, double>
      Reference Count: 1
      Modified Time: 1186
      Debug: Off
      Object Name: 
      Observers: 
        none
      Pointer: 0x14c8883ea010
      Container manages memory: true
      Size: 8530021
      Capacity: 8530021

     Moving image = Image (0x432ef60)
  RTTI typeinfo:   itk::Image<double, 3u>
  Reference Count: 2
  Modified Time: 1581
  Debug: Off
  Object Name: 
  Observers: 
    none
  Source: (none)
  Source output name: (none)
  Release Data: Off
  Data Released: False
  Global Release Data: Off
  PipelineMTime: 0
  UpdateMTime: 1578
  RealTimeStamp: 0 seconds 
  LargestPossibleRegion: 
    Dimension: 3
    Index: [0, 0, 0]
    Size: [176, 240, 256]
  BufferedRegion: 
    Dimension: 3
    Index: [0, 0, 0]
    Size: [176, 240, 256]
  RequestedRegion: 
    Dimension: 3
    Index: [0, 0, 0]
    Size: [176, 240, 256]
  Spacing: [0.999999, 1, 1]
  Origin: [90.3778, 84.5091, -154.071]
  Direction: 
-0.999391 7.48184e-06 -0.0348969
-7.47664e-06 -1 -2.7953e-07
-0.0348969 -1.84481e-08 0.999391

  IndexToPointMatrix: 
-0.99939 7.48184e-06 -0.0348969
-7.47663e-06 -1 -2.7953e-07
-0.0348968 -1.84481e-08 0.999391

  PointToIndexMatrix: 
-0.999392 -7.47665e-06 -0.0348969
7.48184e-06 -1 -1.84481e-08
-0.0348969 -2.7953e-07 0.999391

  Inverse Direction: 
-0.999391 -7.47664e-06 -0.0348969
7.48184e-06 -1 -1.84481e-08
-0.0348969 -2.7953e-07 0.999391

  PixelContainer: 
    ImportImageContainer (0x43206d0)
      RTTI typeinfo:   itk::ImportImageContainer<unsigned long, double>
      Reference Count: 1
      Modified Time: 1575
      Debug: Off
      Object Name: 
      Observers: 
        none
      Pointer: 0x14c883169010
      Container manages memory: true
      Size: 10813440
      Capacity: 10813440

     Weighting = 1
     Sampling strategy = regular
     Number of bins = 32
     Radius = 4
     Sampling percentage  = 0.25
   Transform = Rigid
     Gradient step = 0.1
     Update field sigma (voxel space) = 0
     Total field sigma (voxel space) = 0
     Update field time sigma = 0
     Total field time sigma  = 0
     Number of time indices = 0
     Number of time point samples = 0
Registration using 1 total stages.

Stage 0
  iterations = 1000x500x250x100
  convergence threshold = 1e-06
  convergence window size = 10
  number of levels = 4
  using the Mattes MI metric (number of bins = 32, weight = 1, use gradient filter = 0)
  preprocessing:  winsorizing the image intensities
  Shrink factors (level 1 out of 4): [8, 8, 8]
  Shrink factors (level 2 out of 4): [4, 4, 4]
  Shrink factors (level 3 out of 4): [2, 2, 2]
  Shrink factors (level 4 out of 4): [1, 1, 1]
  smoothing sigmas per level: [3, 2, 1, 0]
  regular sampling (percentage = 0.25)

*** Running Euler3DTransform registration ***

DIAGNOSTIC,Iteration,metricValue,convergenceValue,ITERATION_TIME_INDEX,SINCE_LAST
 2DIAGNOSTIC,     1, -5.323241903179e-01, 1.797693134862e+308, 7.6426e-01, 7.6426e-01, 
 2DIAGNOSTIC,     2, -5.346190553927e-01, 1.797693134862e+308, 7.6897e-01, 4.7119e-03, 
 2DIAGNOSTIC,     3, -5.378036555361e-01, 1.797693134862e+308, 7.7385e-01, 4.8749e-03, 
 2DIAGNOSTIC,     4, -5.422949451405e-01, 1.797693134862e+308, 7.7815e-01, 4.2999e-03, 
 2DIAGNOSTIC,     5, -5.486805952477e-01, 1.797693134862e+308, 7.8238e-01, 4.2279e-03, 
 2DIAGNOSTIC,     6, -5.542790085272e-01, 1.797693134862e+308, 7.8658e-01, 4.2000e-03, 
 2DIAGNOSTIC,     7, -5.627123115611e-01, 1.797693134862e+308, 7.9078e-01, 4.2050e-03, 
 2DIAGNOSTIC,     8, -5.766609943856e-01, 1.797693134862e+308, 7.9504e-01, 4.2629e-03, 
 2DIAGNOSTIC,     9, -5.881111419397e-01, 1.797693134862e+308, 7.9948e-01, 4.4351e-03, 
 2DIAGNOSTIC,    10, -6.012927005665e-01, 7.820055967721e-03, 8.0503e-01, 5.5480e-03, 
 2DIAGNOSTIC,    11, -6.192402913586e-01, 8.564422673920e-03, 8.1247e-01, 7.4420e-03, 
 2DIAGNOSTIC,    12, -6.197111897436e-01, 8.513711436466e-03, 8.1659e-01, 4.1230e-03, 
 2DIAGNOSTIC,    13, -6.223136777511e-01, 7.932305190623e-03, 8.2069e-01, 4.0929e-03, 
 2DIAGNOSTIC,    14, -6.239859078537e-01, 6.938967258810e-03, 8.2489e-01, 4.2078e-03, 
 2DIAGNOSTIC,    15, -6.258731029041e-01, 5.722268374560e-03, 8.2901e-01, 4.1158e-03, 
 2DIAGNOSTIC,    16, -6.290042957055e-01, 4.404898010780e-03, 8.3318e-01, 4.1709e-03, 
 2DIAGNOSTIC,    17, -6.327399548227e-01, 3.192249458226e-03, 8.3844e-01, 5.2650e-03, 
 2DIAGNOSTIC,    18, -6.361770329223e-01, 2.298162514844e-03, 8.4449e-01, 6.0458e-03, 
 2DIAGNOSTIC,    19, -6.381920794821e-01, 1.629119691176e-03, 8.4935e-01, 4.8599e-03, 
 2DIAGNOSTIC,    20, -6.414786468803e-01, 1.264281191272e-03, 8.5362e-01, 4.2670e-03, 
 2DIAGNOSTIC,    21, -6.422621311747e-01, 1.244231355003e-03, 8.5790e-01, 4.2851e-03, 
 2DIAGNOSTIC,    22, -6.443386369897e-01, 1.164065700154e-03, 8.6220e-01, 4.2980e-03, 
 2DIAGNOSTIC,    23, -6.458367311165e-01, 1.066297096629e-03, 8.6664e-01, 4.4429e-03, 
 2DIAGNOSTIC,    24, -6.528535018878e-01, 1.047817949632e-03, 8.7170e-01, 5.0571e-03, 
 2DIAGNOSTIC,    25, -6.591704569968e-01, 1.083081278673e-03, 8.7795e-01, 6.2540e-03, 
 2DIAGNOSTIC,    26, -6.605963672854e-01, 1.093549209804e-03, 8.8287e-01, 4.9140e-03, 
 2DIAGNOSTIC,    27, -6.608439800922e-01, 1.070984931554e-03, 8.8716e-01, 4.2880e-03, 
 2DIAGNOSTIC,    28, -6.615671809679e-01, 1.019502603946e-03, 8.9151e-01, 4.3561e-03, 
 2DIAGNOSTIC,    29, -6.628794745130e-01, 9.260609306975e-04, 8.9593e-01, 4.4141e-03, 
 2DIAGNOSTIC,    30, -6.728294046079e-01, 9.537357187453e-04, 9.0192e-01, 5.9910e-03, 
 2DIAGNOSTIC,    31, -6.735477639800e-01, 9.084121453567e-04, 9.0632e-01, 4.4010e-03, 
 2DIAGNOSTIC,    32, -6.743490923091e-01, 8.254086615568e-04, 9.1064e-01, 4.3259e-03, 
 2DIAGNOSTIC,    33, -6.778518001324e-01, 7.396562053740e-04, 9.1520e-01, 4.5569e-03, 
 2DIAGNOSTIC,    34, -6.872953446175e-01, 8.064157793434e-04, 9.2420e-01, 8.9989e-03, 
 2DIAGNOSTIC,    35, -6.877331468686e-01, 8.751721329562e-04, 9.2855e-01, 4.3490e-03, 
 2DIAGNOSTIC,    36, -6.893224699602e-01, 8.964483764334e-04, 9.3284e-01, 4.2870e-03, 
 2DIAGNOSTIC,    37, -6.927401365073e-01, 8.791810388357e-04, 9.3714e-01, 4.3051e-03, 
 2DIAGNOSTIC,    38, -7.010310045091e-01, 8.854592694081e-04, 9.4142e-01, 4.2770e-03, 
 2DIAGNOSTIC,    39, -7.063954564506e-01, 8.772016636137e-04, 9.4588e-01, 4.4649e-03, 
 2DIAGNOSTIC,    40, -7.084239297595e-01, 9.204148922170e-04, 9.5032e-01, 4.4320e-03, 
 2DIAGNOSTIC,    41, -7.161186970314e-01, 9.683092586261e-04, 9.5530e-01, 4.9880e-03, 
 2DIAGNOSTIC,    42, -7.193808069445e-01, 9.626393359978e-04, 9.6140e-01, 6.0971e-03, 
 2DIAGNOSTIC,    43, -7.222898668054e-01, 9.279242248445e-04, 9.6587e-01, 4.4701e-03, 
 2DIAGNOSTIC,    44, -7.286317964092e-01, 9.655908733187e-04, 9.7034e-01, 4.4699e-03, 
 2DIAGNOSTIC,    45, -7.395462574998e-01, 1.019999250800e-03, 9.7486e-01, 4.5168e-03, 
 2DIAGNOSTIC,    46, -7.440924768956e-01, 1.030672331331e-03, 9.7942e-01, 4.5588e-03, 
 2DIAGNOSTIC,    47, -7.513835143210e-01, 1.041053537087e-03, 9.8700e-01, 7.5870e-03, 
 2DIAGNOSTIC,    48, -7.533765933990e-01, 1.044644110307e-03, 9.9179e-01, 4.7870e-03, 
 2DIAGNOSTIC,    49, -7.536052212075e-01, 9.983989784145e-04, 9.9603e-01, 4.2410e-03, 
 2DIAGNOSTIC,    50, -7.547207855892e-01, 8.842990884433e-04, 1.0008e+00, 4.7860e-03, 
 2DIAGNOSTIC,    51, -7.569854397993e-01, 7.745694757856e-04, 1.0052e+00, 4.3969e-03, 
 2DIAGNOSTIC,    52, -7.585093523209e-01, 6.351866259658e-04, 1.0118e+00, 6.5501e-03, 
 2DIAGNOSTIC,    53, -7.589409187983e-01, 4.679686350809e-04, 1.0171e+00, 5.2941e-03, 
 2DIAGNOSTIC,    54, -7.589747760832e-01, 3.129174170015e-04, 1.0218e+00, 4.7288e-03, 
 2DIAGNOSTIC,    55, -7.589571521660e-01, 2.191735696329e-04, 1.0265e+00, 4.7588e-03, 
 2DIAGNOSTIC,    56, -7.589137605159e-01, 1.409633367125e-04, 1.0308e+00, 4.2739e-03, 
 2DIAGNOSTIC,    57, -7.588700407267e-01, 1.060694569595e-04, 1.0350e+00, 4.2300e-03, 
 2DIAGNOSTIC,    58, -7.589632743193e-01, 7.794739064661e-05, 1.0398e+00, 4.7431e-03, 
 2DIAGNOSTIC,    59, -7.591887342412e-01, 4.685174211715e-05, 1.0446e+00, 4.8091e-03, 
 2DIAGNOSTIC,    60, -7.591834199795e-01, 2.000065098771e-05, 1.0494e+00, 4.8251e-03, 
 2DIAGNOSTIC,    61, -7.590662639253e-01, 6.919159299453e-06, 1.0537e+00, 4.2579e-03, 
 2DIAGNOSTIC,    62, -7.592545730103e-01, 5.309048473012e-06, 1.0579e+00, 4.2439e-03, 
 2DIAGNOSTIC,    63, -7.596702531951e-01, 8.883429231690e-06, 1.0621e+00, 4.2081e-03, 
 2DIAGNOSTIC,    64, -7.602305617187e-01, 1.532202903635e-05, 1.0669e+00, 4.7181e-03, 
 2DIAGNOSTIC,    65, -7.606555996666e-01, 2.270592130856e-05, 1.0745e+00, 7.6139e-03, 
 2DIAGNOSTIC,    66, -7.607036868064e-01, 2.779369568414e-05, 1.0793e+00, 4.8380e-03, 
 2DIAGNOSTIC,    67, -7.606325836655e-01, 2.942823298639e-05, 1.0836e+00, 4.2448e-03, 
 2DIAGNOSTIC,    68, -7.605483868895e-01, 2.823080828883e-05, 1.0878e+00, 4.2610e-03, 
 2DIAGNOSTIC,    69, -7.605990986921e-01, 2.601929314335e-05, 1.0920e+00, 4.2372e-03, 
 2DIAGNOSTIC,    70, -7.607798486684e-01, 2.245953588946e-05, 1.0963e+00, 4.2930e-03, 
 2DIAGNOSTIC,    71, -7.613170392939e-01, 1.935396354035e-05, 1.1023e+00, 5.9481e-03, 
 2DIAGNOSTIC,    72, -7.611105120295e-01, 1.437014445268e-05, 1.1071e+00, 4.8499e-03, 
 2DIAGNOSTIC,    73, -7.611159800562e-01, 1.062311306023e-05, 1.1114e+00, 4.2830e-03, 
 2DIAGNOSTIC,    74, -7.613035011836e-01, 1.013873581918e-05, 1.1162e+00, 4.8208e-03, 
 2DIAGNOSTIC,    75, -7.618001183913e-01, 1.370647632239e-05, 1.1211e+00, 4.8499e-03, 
 2DIAGNOSTIC,    76, -7.618932072746e-01, 1.655645957004e-05, 1.1259e+00, 4.8380e-03, 
 2DIAGNOSTIC,    77, -7.620926346508e-01, 1.853173312095e-05, 1.1314e+00, 5.5082e-03, 
 2DIAGNOSTIC,    78, -7.621054131542e-01, 1.840043033450e-05, 1.1389e+00, 7.4282e-03, 
 2DIAGNOSTIC,    79, -7.619855157012e-01, 1.616369155552e-05, 1.1457e+00, 6.8130e-03, 
 2DIAGNOSTIC,    80, -7.619855158816e-01, 1.329253082366e-05, 1.1532e+00, 7.5099e-03, 
 2DIAGNOSTIC,    81, -7.619855158823e-01, 1.198967107269e-05, 1.1601e+00, 6.9301e-03, 
 2DIAGNOSTIC,    82, -7.619855158823e-01, 8.599441023490e-06, 1.1659e+00, 5.7671e-03, 
 2DIAGNOSTIC,    83, -7.619855158823e-01, 4.544363706107e-06, 1.1707e+00, 4.7860e-03, 
 2DIAGNOSTIC,    84, -7.619855158823e-01, 1.068248267906e-06, 1.1755e+00, 4.8201e-03, 
DIAGNOSTIC,Iteration,metricValue,convergenceValue,ITERATION_TIME_INDEX,SINCE_LAST
 2DIAGNOSTIC,     1, -6.044846986232e-01, 1.797693134862e+308, 1.9429e+00, 7.6738e-01, 
 2DIAGNOSTIC,     2, -6.053758728498e-01, 1.797693134862e+308, 1.9712e+00, 2.8277e-02, 
 2DIAGNOSTIC,     3, -6.066819946416e-01, 1.797693134862e+308, 2.0000e+00, 2.8869e-02, 
 2DIAGNOSTIC,     4, -6.082105141155e-01, 1.797693134862e+308, 2.0287e+00, 2.8667e-02, 
 2DIAGNOSTIC,     5, -6.094353420371e-01, 1.797693134862e+308, 2.0580e+00, 2.9347e-02, 
 2DIAGNOSTIC,     6, -6.106258836975e-01, 1.797693134862e+308, 2.0878e+00, 2.9799e-02, 
 2DIAGNOSTIC,     7, -6.123030170590e-01, 1.797693134862e+308, 2.1176e+00, 2.9797e-02, 
 2DIAGNOSTIC,     8, -6.139857479043e-01, 1.797693134862e+308, 2.1524e+00, 3.4742e-02, 
 2DIAGNOSTIC,     9, -6.149629372509e-01, 1.797693134862e+308, 2.1899e+00, 3.7538e-02, 
 2DIAGNOSTIC,    10, -6.156442747052e-01, 1.250107799654e-03, 2.2226e+00, 3.2653e-02, 
 2DIAGNOSTIC,    11, -6.164938667741e-01, 1.106613526674e-03, 2.2538e+00, 3.1275e-02, 
 2DIAGNOSTIC,    12, -6.192803008890e-01, 1.028979260075e-03, 2.3037e+00, 4.9835e-02, 
 2DIAGNOSTIC,    13, -6.193523142725e-01, 9.162733289568e-04, 2.3354e+00, 3.1699e-02, 
 2DIAGNOSTIC,    14, -6.194032370360e-01, 7.901346171072e-04, 2.3658e+00, 3.0473e-02, 
 2DIAGNOSTIC,    15, -6.195143219801e-01, 6.516340201524e-04, 2.3959e+00, 3.0026e-02, 
 2DIAGNOSTIC,    16, -6.197380240746e-01, 5.108584770258e-04, 2.4260e+00, 3.0111e-02, 
 2DIAGNOSTIC,    17, -6.201704106325e-01, 3.952437053846e-04, 2.4637e+00, 3.7752e-02, 
 2DIAGNOSTIC,    18, -6.202257641661e-01, 3.003003291879e-04, 2.4956e+00, 3.1821e-02, 
 2DIAGNOSTIC,    19, -6.204190984307e-01, 2.173026138849e-04, 2.5351e+00, 3.9583e-02, 
 2DIAGNOSTIC,    20, -6.207154670792e-01, 1.454713582422e-04, 2.5849e+00, 4.9748e-02, 
 2DIAGNOSTIC,    21, -6.206994878239e-01, 8.352373385329e-05, 2.6146e+00, 2.9761e-02, 
 2DIAGNOSTIC,    22, -6.207718372040e-01, 7.960041839633e-05, 2.6490e+00, 3.4321e-02, 
 2DIAGNOSTIC,    23, -6.208036115032e-01, 7.085219780831e-05, 2.6862e+00, 3.7262e-02, 
 2DIAGNOSTIC,    24, -6.207927201621e-01, 5.713237831408e-05, 2.7204e+00, 3.4148e-02, 
 2DIAGNOSTIC,    25, -6.207883207548e-01, 4.117420436645e-05, 2.7548e+00, 3.4371e-02, 
 2DIAGNOSTIC,    26, -6.207824507135e-01, 2.640305952561e-05, 2.7842e+00, 2.9411e-02, 
 2DIAGNOSTIC,    27, -6.207791013428e-01, 1.776285075255e-05, 2.8145e+00, 3.0341e-02, 
 2DIAGNOSTIC,    28, -6.208125376256e-01, 9.592529089338e-06, 2.8538e+00, 3.9284e-02, 
 2DIAGNOSTIC,    29, -6.208272133243e-01, 4.361908206671e-06, 2.8871e+00, 3.3340e-02, 
 2DIAGNOSTIC,    30, -6.208181468459e-01, 3.616283595541e-06, 2.9178e+00, 3.0645e-02, 
 2DIAGNOSTIC,    31, -6.208103124806e-01, 2.312650273319e-06, 2.9476e+00, 2.9810e-02, 
 2DIAGNOSTIC,    32, -6.208152225350e-01, 2.070069570023e-06, 2.9812e+00, 3.3606e-02, 
 2DIAGNOSTIC,    33, -6.208195414067e-01, 2.232935636184e-06, 3.0114e+00, 3.0256e-02, 
 2DIAGNOSTIC,    34, -6.208374514136e-01, 2.354096958541e-06, 3.0418e+00, 3.0311e-02, 
 2DIAGNOSTIC,    35, -6.208479163089e-01, 2.419336933589e-06, 3.0795e+00, 3.7737e-02, 
 2DIAGNOSTIC,    36, -6.208575221387e-01, 2.396711189592e-06, 3.1139e+00, 3.4405e-02, 
 2DIAGNOSTIC,    37, -6.208724766590e-01, 2.365469714497e-06, 3.1465e+00, 3.2609e-02, 
 2DIAGNOSTIC,    38, -6.208774600756e-01, 2.646532266740e-06, 3.1822e+00, 3.5716e-02, 
 2DIAGNOSTIC,    39, -6.208784169839e-01, 2.926472422528e-06, 3.2130e+00, 3.0763e-02, 
 2DIAGNOSTIC,    40, -6.209181526082e-01, 3.348166008433e-06, 3.2452e+00, 3.2220e-02, 
 2DIAGNOSTIC,    41, -6.209210207716e-01, 3.437939776606e-06, 3.2796e+00, 3.4419e-02, 
 2DIAGNOSTIC,    42, -6.209099916692e-01, 3.206644539178e-06, 3.3158e+00, 3.6183e-02, 
 2DIAGNOSTIC,    43, -6.208992094330e-01, 2.690068496475e-06, 3.3527e+00, 3.6876e-02, 
 2DIAGNOSTIC,    44, -6.208907659422e-01, 2.110937875284e-06, 3.3869e+00, 3.4237e-02, 
 2DIAGNOSTIC,    45, -6.209155241640e-01, 1.777258728308e-06, 3.4240e+00, 3.7050e-02, 
 2DIAGNOSTIC,    46, -6.209010239374e-01, 1.292190379636e-06, 3.4593e+00, 3.5285e-02, 
DIAGNOSTIC,Iteration,metricValue,convergenceValue,ITERATION_TIME_INDEX,SINCE_LAST
 2DIAGNOSTIC,     1, -5.341288648888e-01, 1.797693134862e+308, 4.7094e+00, 1.2501e+00, 
 2DIAGNOSTIC,     2, -5.342546481549e-01, 1.797693134862e+308, 4.9543e+00, 2.4489e-01, 
 2DIAGNOSTIC,     3, -5.343219477556e-01, 1.797693134862e+308, 5.2271e+00, 2.7280e-01, 
 2DIAGNOSTIC,     4, -5.344051015435e-01, 1.797693134862e+308, 5.4481e+00, 2.2103e-01, 
 2DIAGNOSTIC,     5, -5.346308734191e-01, 1.797693134862e+308, 5.6653e+00, 2.1721e-01, 
 2DIAGNOSTIC,     6, -5.351354294132e-01, 1.797693134862e+308, 5.9271e+00, 2.6182e-01, 
 2DIAGNOSTIC,     7, -5.352471093373e-01, 1.797693134862e+308, 6.2477e+00, 3.2059e-01, 
 2DIAGNOSTIC,     8, -5.352954743446e-01, 1.797693134862e+308, 6.4779e+00, 2.3017e-01, 
 2DIAGNOSTIC,     9, -5.354142427687e-01, 1.797693134862e+308, 6.6962e+00, 2.1828e-01, 
 2DIAGNOSTIC,    10, -5.356618294248e-01, 2.001097766358e-04, 7.0646e+00, 3.6849e-01, 
 2DIAGNOSTIC,    11, -5.357539202832e-01, 1.819425387902e-04, 7.3088e+00, 2.4417e-01, 
 2DIAGNOSTIC,    12, -5.357520810418e-01, 1.562900506103e-04, 7.6608e+00, 3.5198e-01, 
 2DIAGNOSTIC,    13, -5.357500572117e-01, 1.238796143633e-04, 7.9452e+00, 2.8445e-01, 
 2DIAGNOSTIC,    14, -5.357465512657e-01, 8.809254823654e-05, 8.1748e+00, 2.2955e-01, 
 2DIAGNOSTIC,    15, -5.357448916344e-01, 5.657220447736e-05, 8.4865e+00, 3.1173e-01, 
 2DIAGNOSTIC,    16, -5.357446929407e-01, 4.063738944185e-05, 8.7687e+00, 2.8216e-01, 
 2DIAGNOSTIC,    17, -5.357435485889e-01, 2.658983303519e-05, 9.0417e+00, 2.7307e-01, 
 2DIAGNOSTIC,    18, -5.357419982376e-01, 1.323591470583e-05, 9.3141e+00, 2.7235e-01, 
 2DIAGNOSTIC,    19, -5.357423886828e-01, 3.390830119708e-06, 9.5796e+00, 2.6554e-01, 
DIAGNOSTIC,Iteration,metricValue,convergenceValue,ITERATION_TIME_INDEX,SINCE_LAST
 2DIAGNOSTIC,     1, -4.893596855413e-01, 1.797693134862e+308, 1.2091e+01, 2.5112e+00, 
 2DIAGNOSTIC,     2, -4.893865656496e-01, 1.797693134862e+308, 1.3448e+01, 1.3576e+00, 
 2DIAGNOSTIC,     3, -4.894460865506e-01, 1.797693134862e+308, 1.4958e+01, 1.5092e+00, 
 2DIAGNOSTIC,     4, -4.895727721993e-01, 1.797693134862e+308, 1.6711e+01, 1.7532e+00, 
 2DIAGNOSTIC,     5, -4.896272540260e-01, 1.797693134862e+308, 1.8143e+01, 1.4324e+00, 
 2DIAGNOSTIC,     6, -4.896732507909e-01, 1.797693134862e+308, 1.9591e+01, 1.4479e+00, 
 2DIAGNOSTIC,     7, -4.897502323672e-01, 1.797693134862e+308, 2.0932e+01, 1.3408e+00, 
 2DIAGNOSTIC,     8, -4.898401114861e-01, 1.797693134862e+308, 2.2847e+01, 1.9151e+00, 
 2DIAGNOSTIC,     9, -4.899132949629e-01, 1.797693134862e+308, 2.5360e+01, 2.5131e+00, 
 2DIAGNOSTIC,    10, -4.899126298423e-01, 8.329318164660e-05, 2.7375e+01, 2.0154e+00, 
 2DIAGNOSTIC,    11, -4.899125661511e-01, 7.068137461300e-05, 2.8901e+01, 1.5260e+00, 
 2DIAGNOSTIC,    12, -4.899124835293e-01, 5.539479835305e-05, 3.0850e+01, 1.9485e+00, 
 2DIAGNOSTIC,    13, -4.899124091231e-01, 4.016014641875e-05, 3.2445e+01, 1.5948e+00, 
 2DIAGNOSTIC,    14, -4.899122184030e-01, 2.886633370494e-05, 3.3972e+01, 1.5277e+00, 
 2DIAGNOSTIC,    15, -4.899121331633e-01, 1.878720777240e-05, 3.5346e+01, 1.3739e+00, 
 2DIAGNOSTIC,    16, -4.899120691223e-01, 1.010875806549e-05, 3.7074e+01, 1.7275e+00, 
 2DIAGNOSTIC,    17, -4.899120146359e-01, 4.271821531399e-06, 3.8693e+01, 1.6195e+00, 
 2DIAGNOSTIC,    18, -4.899122927902e-01, 1.700571843830e-06, 4.0333e+01, 1.6396e+00, 
 2DIAGNOSTIC,    19, -4.899120995503e-01, 1.635858707029e-06, 4.1671e+01, 1.3377e+00, 
 2DIAGNOSTIC,    20, -4.899120494356e-01, 1.560764461346e-06, 4.3364e+01, 1.6931e+00, 
 2DIAGNOSTIC,    21, -4.899119687563e-01, 1.491743982424e-06, 4.4904e+01, 1.5400e+00, 
 2DIAGNOSTIC,    22, -4.899117784426e-01, 1.423909790091e-06, 4.6584e+01, 1.6801e+00, 
 2DIAGNOSTIC,    23, -4.899118392194e-01, 1.363805801638e-06, 4.7984e+01, 1.4000e+00, 
 2DIAGNOSTIC,    24, -4.899118261577e-01, 1.305565807519e-06, 4.9518e+01, 1.5340e+00, 
 2DIAGNOSTIC,    25, -4.899118569581e-01, 1.252743933047e-06, 5.0860e+01, 1.3423e+00, 
 2DIAGNOSTIC,    26, -4.899119882260e-01, 1.207449330229e-06, 5.2681e+01, 1.8206e+00, 
 2DIAGNOSTIC,    27, -4.899119540671e-01, 1.164891546709e-06, 5.4212e+01, 1.5309e+00, 
 2DIAGNOSTIC,    28, -4.899118026284e-01, 1.129405557992e-06, 5.5589e+01, 1.3773e+00, 
 2DIAGNOSTIC,    29, -4.899119380304e-01, 1.095925776545e-06, 5.6921e+01, 1.3327e+00, 
 2DIAGNOSTIC,    30, -4.899121646010e-01, 1.068081727382e-06, 5.8500e+01, 1.5789e+00, 
 2DIAGNOSTIC,    31, -4.899124284844e-01, 1.044681243165e-06, 5.9846e+01, 1.3453e+00, 
 2DIAGNOSTIC,    32, -4.899124415257e-01, 1.017727094203e-06, 6.1364e+01, 1.5179e+00, 
  Elapsed time (stage 0): 6.2222e+01


Total elapsed time: 6.2230e+01
Info [verificarlo]: loaded backend libinterflop_ieee.so
Info [interflop-ieee]: load backend with:
Info [interflop-ieee]: debug = false
Info [interflop-ieee]: debug-binary = false
Info [interflop-ieee]: no-backend-name = false
Info [interflop-ieee]: print-new-line = false
Info [interflop-ieee]: print-subnormal-normalized = false
Info [interflop-ieee]: count-op = false
All_Command_lines_OK
Using double precision for computations.
=============================================================================
The composite transform comprises the following transforms (in order): 
  1. /home/mdugre/scratch/mri-registration-rp/datasets/ds004513/derivatives/mri-registration-rp/0001/antsRegistration-r7-p9/sub-s025/rigid_Composite.h5[0] (type = Euler3DTransform)
  2. /home/mdugre/scratch/mri-registration-rp/datasets/ds004513/derivatives/mri-registration-rp/0001/antsRegistration-r7-p9/sub-s025/rigid_Composite.h5[1] (type = Euler3DTransform)
  3. /home/mdugre/scratch/mri-registration-rp/datasets/ds004513/derivatives/mri-registration-rp/0001/antsRegistration-r7-p9/sub-s025/rigid_Composite.h5[2] (type = Euler3DTransform)
=============================================================================
  number of levels = 4
  fixed image: /templateflow/tpl-MNI152NLin2009cAsym/tpl-MNI152NLin2009cAsym_res-01_desc-brain_T1w.nii.gz
  moving image: /home/mdugre/scratch/mri-registration-rp/datasets/ds004513/derivatives/mri-registration-rp/antsBrainExtraction/sub-s025/BrainExtractionBrain.nii.gz
Dimension = 3
Number of stages = 1
Use histogram matching = false
Winsorize image intensities = true
  Lower quantile = 0.005
  Upper quantile = 0.995


Stage 1 State
   Image metric = MattesMI
     Fixed image = Image (0x4a0c530)
  RTTI typeinfo:   itk::Image<double, 3u>
  Reference Count: 2
  Modified Time: 1594
  Debug: Off
  Object Name: 
  Observers: 
    none
  Source: (none)
  Source output name: (none)
  Release Data: Off
  Data Released: False
  Global Release Data: Off
  PipelineMTime: 0
  UpdateMTime: 1203
  RealTimeStamp: 0 seconds 
  LargestPossibleRegion: 
    Dimension: 3
    Index: [0, 0, 0]
    Size: [193, 229, 193]
  BufferedRegion: 
    Dimension: 3
    Index: [0, 0, 0]
    Size: [193, 229, 193]
  RequestedRegion: 
    Dimension: 3
    Index: [0, 0, 0]
    Size: [193, 229, 193]
  Spacing: [1, 1, 1]
  Origin: [96, 132, -78]
  Direction: 
-1 0 0
0 -1 0
0 0 1

  IndexToPointMatrix: 
-1 0 0
0 -1 0
0 0 1

  PointToIndexMatrix: 
-1 0 0
0 -1 0
0 0 1

  Inverse Direction: 
-1 0 0
0 -1 0
0 0 1

  PixelContainer: 
    ImportImageContainer (0x4ac52a0)
      RTTI typeinfo:   itk::ImportImageContainer<unsigned long, double>
      Reference Count: 1
      Modified Time: 1200
      Debug: Off
      Object Name: 
      Observers: 
        none
      Pointer: 0x14e50c99f010
      Container manages memory: true
      Size: 8530021
      Capacity: 8530021

     Moving image = Image (0x4ac7e60)
  RTTI typeinfo:   itk::Image<double, 3u>
  Reference Count: 2
  Modified Time: 1595
  Debug: Off
  Object Name: 
  Observers: 
    none
  Source: (none)
  Source output name: (none)
  Release Data: Off
  Data Released: False
  Global Release Data: Off
  PipelineMTime: 0
  UpdateMTime: 1592
  RealTimeStamp: 0 seconds 
  LargestPossibleRegion: 
    Dimension: 3
    Index: [0, 0, 0]
    Size: [176, 240, 256]
  BufferedRegion: 
    Dimension: 3
    Index: [0, 0, 0]
    Size: [176, 240, 256]
  RequestedRegion: 
    Dimension: 3
    Index: [0, 0, 0]
    Size: [176, 240, 256]
  Spacing: [0.999999, 1, 1]
  Origin: [90.3778, 84.5091, -154.071]
  Direction: 
-0.999391 7.48184e-06 -0.0348969
-7.47664e-06 -1 -2.7953e-07
-0.0348969 -1.84481e-08 0.999391

  IndexToPointMatrix: 
-0.99939 7.48184e-06 -0.0348969
-7.47663e-06 -1 -2.7953e-07
-0.0348968 -1.84481e-08 0.999391

  PointToIndexMatrix: 
-0.999392 -7.47665e-06 -0.0348969
7.48184e-06 -1 -1.84481e-08
-0.0348969 -2.7953e-07 0.999391

  Inverse Direction: 
-0.999391 -7.47664e-06 -0.0348969
7.48184e-06 -1 -1.84481e-08
-0.0348969 -2.7953e-07 0.999391

  PixelContainer: 
    ImportImageContainer (0x4afb390)
      RTTI typeinfo:   itk::ImportImageContainer<unsigned long, double>
      Reference Count: 1
      Modified Time: 1589
      Debug: Off
      Object Name: 
      Observers: 
        none
      Pointer: 0x14e50771e010
      Container manages memory: true
      Size: 10813440
      Capacity: 10813440

     Weighting = 1
     Sampling strategy = regular
     Number of bins = 32
     Radius = 4
     Sampling percentage  = 0.25
   Transform = Affine
     Gradient step = 0.1
     Update field sigma (voxel space) = 0
     Total field sigma (voxel space) = 0
     Update field time sigma = 0
     Total field time sigma  = 0
     Number of time indices = 0
     Number of time point samples = 0
Registration using 1 total stages.

Stage 0
  iterations = 1000x500x250x100
  convergence threshold = 1e-06
  convergence window size = 10
  number of levels = 4
  using the Mattes MI metric (number of bins = 32, weight = 1, use gradient filter = 0)
  preprocessing:  winsorizing the image intensities
  Shrink factors (level 1 out of 4): [8, 8, 8]
  Shrink factors (level 2 out of 4): [4, 4, 4]
  Shrink factors (level 3 out of 4): [2, 2, 2]
  Shrink factors (level 4 out of 4): [1, 1, 1]
  smoothing sigmas per level: [3, 2, 1, 0]
  regular sampling (percentage = 0.25)

*** Running AffineTransform registration ***

DIAGNOSTIC,Iteration,metricValue,convergenceValue,ITERATION_TIME_INDEX,SINCE_LAST
 2DIAGNOSTIC,     1, -7.469992906412e-01, 1.797693134862e+308, 9.0308e-01, 9.0308e-01, 
 2DIAGNOSTIC,     2, -7.491912494080e-01, 1.797693134862e+308, 9.0833e-01, 5.2490e-03, 
 2DIAGNOSTIC,     3, -7.524135044293e-01, 1.797693134862e+308, 9.1311e-01, 4.7820e-03, 
 2DIAGNOSTIC,     4, -7.577619701135e-01, 1.797693134862e+308, 9.1787e-01, 4.7550e-03, 
 2DIAGNOSTIC,     5, -7.658090670138e-01, 1.797693134862e+308, 9.2259e-01, 4.7240e-03, 
 2DIAGNOSTIC,     6, -7.798393018481e-01, 1.797693134862e+308, 9.2747e-01, 4.8831e-03, 
 2DIAGNOSTIC,     7, -8.169408660321e-01, 1.797693134862e+308, 9.3259e-01, 5.1188e-03, 
 2DIAGNOSTIC,     8, -8.883322924683e-01, 1.797693134862e+308, 9.3911e-01, 6.5138e-03, 
 2DIAGNOSTIC,     9, -9.149142627875e-01, 1.797693134862e+308, 9.4494e-01, 5.8298e-03, 
 2DIAGNOSTIC,    10, -9.225084984716e-01, 1.565074402990e-02, 9.5150e-01, 6.5629e-03, 
 2DIAGNOSTIC,    11, -9.254477252810e-01, 1.571047280970e-02, 9.5735e-01, 5.8541e-03, 
 2DIAGNOSTIC,    12, -9.321892721230e-01, 1.459949625231e-02, 9.6340e-01, 6.0480e-03, 
 2DIAGNOSTIC,    13, -9.344189117045e-01, 1.247905920371e-02, 9.6917e-01, 5.7662e-03, 
 2DIAGNOSTIC,    14, -9.352709072020e-01, 9.715028408905e-03, 9.7460e-01, 5.4290e-03, 
 2DIAGNOSTIC,    15, -9.366633033766e-01, 6.709573530307e-03, 9.8062e-01, 6.0208e-03, 
 2DIAGNOSTIC,    16, -9.379025450491e-01, 3.823323459275e-03, 9.8650e-01, 5.8820e-03, 
 2DIAGNOSTIC,    17, -9.380478958192e-01, 1.646738947949e-03, 9.9417e-01, 7.6690e-03, 
 2DIAGNOSTIC,    18, -9.379896628128e-01, 8.710984985927e-04, 9.9938e-01, 5.2140e-03, 
 2DIAGNOSTIC,    19, -9.381241231959e-01, 5.619635056482e-04, 1.0052e+00, 5.7950e-03, 
 2DIAGNOSTIC,    20, -9.380947243571e-01, 3.574384595469e-04, 1.0108e+00, 5.6360e-03, 
 2DIAGNOSTIC,    21, -9.380034842067e-01, 1.820380397156e-04, 1.0159e+00, 5.0652e-03, 
 2DIAGNOSTIC,    22, -9.379462588194e-01, 1.046894893909e-04, 1.0210e+00, 5.1670e-03, 
 2DIAGNOSTIC,    23, -9.379330658034e-01, 5.614414048318e-05, 1.0268e+00, 5.7371e-03, 
 2DIAGNOSTIC,    24, -9.378943280790e-01, 1.733204739737e-05, 1.0318e+00, 5.0230e-03, 
DIAGNOSTIC,Iteration,metricValue,convergenceValue,ITERATION_TIME_INDEX,SINCE_LAST
 2DIAGNOSTIC,     1, -7.505233272474e-01, 1.797693134862e+308, 1.8246e+00, 7.9278e-01, 
 2DIAGNOSTIC,     2, -7.510249790958e-01, 1.797693134862e+308, 1.8592e+00, 3.4652e-02, 
 2DIAGNOSTIC,     3, -7.513753634962e-01, 1.797693134862e+308, 1.8925e+00, 3.3265e-02, 
 2DIAGNOSTIC,     4, -7.518652385609e-01, 1.797693134862e+308, 1.9263e+00, 3.3825e-02, 
 2DIAGNOSTIC,     5, -7.529631001635e-01, 1.797693134862e+308, 1.9679e+00, 4.1530e-02, 
 2DIAGNOSTIC,     6, -7.538085375031e-01, 1.797693134862e+308, 2.0090e+00, 4.1186e-02, 
 2DIAGNOSTIC,     7, -7.538517559384e-01, 1.797693134862e+308, 2.0420e+00, 3.2924e-02, 
 2DIAGNOSTIC,     8, -7.540012417958e-01, 1.797693134862e+308, 2.0775e+00, 3.5513e-02, 
 2DIAGNOSTIC,     9, -7.541362855958e-01, 1.797693134862e+308, 2.1141e+00, 3.6583e-02, 
 2DIAGNOSTIC,    10, -7.541787436734e-01, 3.537087109144e-04, 2.1513e+00, 3.7226e-02, 
 2DIAGNOSTIC,    11, -7.541676683687e-01, 2.663836741393e-04, 2.1882e+00, 3.6913e-02, 
 2DIAGNOSTIC,    12, -7.541559840729e-01, 1.858120318569e-04, 2.2215e+00, 3.3270e-02, 
 2DIAGNOSTIC,    13, -7.541526129486e-01, 1.115019004483e-04, 2.2651e+00, 4.3581e-02, 
 2DIAGNOSTIC,    14, -7.541465737031e-01, 5.031681313500e-05, 2.3046e+00, 3.9579e-02, 
 2DIAGNOSTIC,    15, -7.541267324638e-01, 1.946473077512e-05, 2.3387e+00, 3.4105e-02, 
 2DIAGNOSTIC,    16, -7.541261963922e-01, 1.088406953799e-05, 2.3788e+00, 4.0102e-02, 
 2DIAGNOSTIC,    17, -7.541257268200e-01, 3.398728767957e-06, 2.4158e+00, 3.6998e-02, 
DIAGNOSTIC,Iteration,metricValue,convergenceValue,ITERATION_TIME_INDEX,SINCE_LAST
 2DIAGNOSTIC,     1, -6.418177089608e-01, 1.797693134862e+308, 3.5459e+00, 1.1300e+00, 
 2DIAGNOSTIC,     2, -6.422006517195e-01, 1.797693134862e+308, 3.8270e+00, 2.8114e-01, 
 2DIAGNOSTIC,     3, -6.426238849873e-01, 1.797693134862e+308, 4.1134e+00, 2.8644e-01, 
 2DIAGNOSTIC,     4, -6.430792296666e-01, 1.797693134862e+308, 4.3871e+00, 2.7371e-01, 
 2DIAGNOSTIC,     5, -6.439469599198e-01, 1.797693134862e+308, 4.6407e+00, 2.5351e-01, 
 2DIAGNOSTIC,     6, -6.448632565549e-01, 1.797693134862e+308, 5.1052e+00, 4.6452e-01, 
 2DIAGNOSTIC,     7, -6.448648849515e-01, 1.797693134862e+308, 5.4138e+00, 3.0858e-01, 
 2DIAGNOSTIC,     8, -6.448610358385e-01, 1.797693134862e+308, 5.7785e+00, 3.6472e-01, 
 2DIAGNOSTIC,     9, -6.448573234481e-01, 1.797693134862e+308, 6.0686e+00, 2.9015e-01, 
 2DIAGNOSTIC,    10, -6.448593084307e-01, 3.527401341617e-04, 6.3716e+00, 3.0295e-01, 
 2DIAGNOSTIC,    11, -6.448526317900e-01, 2.549011550675e-04, 6.6883e+00, 3.1667e-01, 
 2DIAGNOSTIC,    12, -6.448524934034e-01, 1.650313580207e-04, 7.0009e+00, 3.1269e-01, 
 2DIAGNOSTIC,    13, -6.448523370906e-01, 8.912725677372e-05, 7.3022e+00, 3.0130e-01, 
 2DIAGNOSTIC,    14, -6.448541176116e-01, 3.017846870186e-05, 7.7078e+00, 4.0555e-01, 
 2DIAGNOSTIC,    15, -6.448516975759e-01, 1.227861683759e-06, 8.0268e+00, 3.1902e-01, 
 2DIAGNOSTIC,    16, -6.448508881079e-01, 1.226861376380e-06, 8.3097e+00, 2.8289e-01, 
 2DIAGNOSTIC,    17, -6.448490665535e-01, 1.295102313011e-06, 8.6173e+00, 3.0757e-01, 
 2DIAGNOSTIC,    18, -6.448499644148e-01, 1.337316809388e-06, 8.9347e+00, 3.1748e-01, 
 2DIAGNOSTIC,    19, -6.448498035296e-01, 1.320016848709e-06, 9.3175e+00, 3.8277e-01, 
 2DIAGNOSTIC,    20, -6.448487975886e-01, 1.363722192921e-06, 9.6046e+00, 2.8704e-01, 
 2DIAGNOSTIC,    21, -6.448476791398e-01, 1.262928173866e-06, 9.8941e+00, 2.8954e-01, 
 2DIAGNOSTIC,    22, -6.448466909554e-01, 1.173024633871e-06, 1.0149e+01, 2.5519e-01, 
 2DIAGNOSTIC,    23, -6.448445738857e-01, 1.071011724307e-06, 1.0439e+01, 2.8948e-01, 
 2DIAGNOSTIC,    24, -6.448452189667e-01, 1.052585745238e-06, 1.0705e+01, 2.6661e-01, 
DIAGNOSTIC,Iteration,metricValue,convergenceValue,ITERATION_TIME_INDEX,SINCE_LAST
 2DIAGNOSTIC,     1, -5.762137629621e-01, 1.797693134862e+308, 1.3535e+01, 2.8292e+00, 
 2DIAGNOSTIC,     2, -5.766827540882e-01, 1.797693134862e+308, 1.5283e+01, 1.7486e+00, 
 2DIAGNOSTIC,     3, -5.771894968732e-01, 1.797693134862e+308, 1.6977e+01, 1.6941e+00, 
 2DIAGNOSTIC,     4, -5.776930691736e-01, 1.797693134862e+308, 1.8708e+01, 1.7302e+00, 
 2DIAGNOSTIC,     5, -5.785952887583e-01, 1.797693134862e+308, 2.0587e+01, 1.8791e+00, 
 2DIAGNOSTIC,     6, -5.799385923645e-01, 1.797693134862e+308, 2.2982e+01, 2.3957e+00, 
 2DIAGNOSTIC,     7, -5.799825857687e-01, 1.797693134862e+308, 2.5524e+01, 2.5420e+00, 
 2DIAGNOSTIC,     8, -5.799806374759e-01, 1.797693134862e+308, 2.7927e+01, 2.4030e+00, 
 2DIAGNOSTIC,     9, -5.799806116443e-01, 1.797693134862e+308, 2.9742e+01, 1.8143e+00, 
 2DIAGNOSTIC,    10, -5.799804027133e-01, 4.893643379155e-04, 3.1635e+01, 1.8933e+00, 
 2DIAGNOSTIC,    11, -5.799803923622e-01, 3.598598314297e-04, 3.4206e+01, 2.5710e+00, 
 2DIAGNOSTIC,    12, -5.799802596008e-01, 2.391834881058e-04, 3.6003e+01, 1.7968e+00, 
 2DIAGNOSTIC,    13, -5.799800479909e-01, 1.355690560807e-04, 3.7745e+01, 1.7421e+00, 
