
##########################
# Experiment information #
##########################

EXPERIMENT_NAME: antsRegistration-r7-p6
VFC_BACKENDS: libinterflop_vprec.so --range-binary32=7 --precision-binary32=6 --range-binary64=7 --precision-binary64=6

SIF_IMG: /home/mdugre/projects/rrg-glatard/mdugre/containers/ants-vprec-no_metrics.simg

SUBJECT_ID: s037
INPUT_IMG: /home/mdugre/scratch/mri-registration-rp/datasets/ds004513/derivatives/mri-registration-rp/antsBrainExtraction/sub-s037/BrainExtractionBrain.nii.gz
OUTPUT_DIR: /home/mdugre/scratch/mri-registration-rp/datasets/ds004513/derivatives/mri-registration-rp/0001/antsRegistration-r7-p6/sub-s037

FIXED_IMG: /templateflow/tpl-MNI152NLin2009cAsym/tpl-MNI152NLin2009cAsym_res-01_desc-brain_T1w.nii.gz
DATA_DIR: /home/mdugre/scratch/mri-registration-rp/datasets/ds004513
TEMPLATEFLOW_DIR: /home/mdugre/projects/rrg-glatard/mdugre/templateflow
ITK_GLOBAL_DEFAULT_NUMBER_OF_THREADS: 16
##########################

Info [verificarlo]: loaded backend libinterflop_ieee.so
Info [interflop-ieee]: load backend with:
Info [interflop-ieee]: debug = false
Info [interflop-ieee]: debug-binary = false
Info [interflop-ieee]: no-backend-name = false
Info [interflop-ieee]: print-new-line = false
Info [interflop-ieee]: print-subnormal-normalized = false
Info [interflop-ieee]: count-op = false
All_Command_lines_OK
Using double precision for computations.
=============================================================================
The composite transform comprises the following transforms (in order): 
  1. Center of mass alignment using fixed image: /templateflow/tpl-MNI152NLin2009cAsym/tpl-MNI152NLin2009cAsym_res-01_desc-brain_T1w.nii.gz and moving image: /home/mdugre/scratch/mri-registration-rp/datasets/ds004513/derivatives/mri-registration-rp/antsBrainExtraction/sub-s037/BrainExtractionBrain.nii.gz (type = Euler3DTransform)
=============================================================================
  number of levels = 1
  fixed image: /templateflow/tpl-MNI152NLin2009cAsym/tpl-MNI152NLin2009cAsym_res-01_desc-brain_T1w.nii.gz
  moving image: /home/mdugre/scratch/mri-registration-rp/datasets/ds004513/derivatives/mri-registration-rp/antsBrainExtraction/sub-s037/BrainExtractionBrain.nii.gz
Dimension = 3
Number of stages = 1
Use histogram matching = false
Winsorize image intensities = true
  Lower quantile = 0.005
  Upper quantile = 0.995


Stage 1 State
   Image metric = MattesMI
     Fixed image = Image (0x3c5fbd0)
  RTTI typeinfo:   itk::Image<double, 3u>
  Reference Count: 2
  Modified Time: 2330
  Debug: Off
  Object Name: 
  Observers: 
    none
  Source: (none)
  Source output name: (none)
  Release Data: Off
  Data Released: False
  Global Release Data: Off
  PipelineMTime: 0
  UpdateMTime: 1941
  RealTimeStamp: 0 seconds 
  LargestPossibleRegion: 
    Dimension: 3
    Index: [0, 0, 0]
    Size: [193, 229, 193]
  BufferedRegion: 
    Dimension: 3
    Index: [0, 0, 0]
    Size: [193, 229, 193]
  RequestedRegion: 
    Dimension: 3
    Index: [0, 0, 0]
    Size: [193, 229, 193]
  Spacing: [1, 1, 1]
  Origin: [96, 132, -78]
  Direction: 
-1 0 0
0 -1 0
0 0 1

  IndexToPointMatrix: 
-1 0 0
0 -1 0
0 0 1

  PointToIndexMatrix: 
-1 0 0
0 -1 0
0 0 1

  Inverse Direction: 
-1 0 0
0 -1 0
0 0 1

  PixelContainer: 
    ImportImageContainer (0x3c689e0)
      RTTI typeinfo:   itk::ImportImageContainer<unsigned long, double>
      Reference Count: 1
      Modified Time: 1938
      Debug: Off
      Object Name: 
      Observers: 
        none
      Pointer: 0x145ed43ea010
      Container manages memory: true
      Size: 8530021
      Capacity: 8530021

     Moving image = Image (0x3c69d40)
  RTTI typeinfo:   itk::Image<double, 3u>
  Reference Count: 2
  Modified Time: 2331
  Debug: Off
  Object Name: 
  Observers: 
    none
  Source: (none)
  Source output name: (none)
  Release Data: Off
  Data Released: False
  Global Release Data: Off
  PipelineMTime: 0
  UpdateMTime: 2328
  RealTimeStamp: 0 seconds 
  LargestPossibleRegion: 
    Dimension: 3
    Index: [0, 0, 0]
    Size: [160, 240, 256]
  BufferedRegion: 
    Dimension: 3
    Index: [0, 0, 0]
    Size: [160, 240, 256]
  RequestedRegion: 
    Dimension: 3
    Index: [0, 0, 0]
    Size: [160, 240, 256]
  Spacing: [1, 1, 1]
  Origin: [87.9508, 102.562, -147.639]
  Direction: 
-0.998659 -0.0436121 -0.0279129
0.043595 -0.999049 0.00121847
-0.0279395 -2.65543e-08 0.99961

  IndexToPointMatrix: 
-0.998659 -0.0436121 -0.0279129
0.043595 -0.999049 0.00121847
-0.0279395 -2.65543e-08 0.99961

  PointToIndexMatrix: 
-0.998659 0.043595 -0.0279395
-0.0436121 -0.999049 -2.65517e-08
-0.0279129 0.00121847 0.99961

  Inverse Direction: 
-0.998659 0.043595 -0.0279395
-0.0436121 -0.999049 -2.65517e-08
-0.0279129 0.00121847 0.99961

  PixelContainer: 
    ImportImageContainer (0x3c8f850)
      RTTI typeinfo:   itk::ImportImageContainer<unsigned long, double>
      Reference Count: 1
      Modified Time: 2325
      Debug: Off
      Object Name: 
      Observers: 
        none
      Pointer: 0x145ecf8e9010
      Container manages memory: true
      Size: 9830400
      Capacity: 9830400

     Weighting = 1
     Sampling strategy = regular
     Number of bins = 32
     Radius = 4
     Sampling percentage  = 0.25
   Transform = Rigid
     Gradient step = 0.1
     Update field sigma (voxel space) = 0
     Total field sigma (voxel space) = 0
     Update field time sigma = 0
     Total field time sigma  = 0
     Number of time indices = 0
     Number of time point samples = 0
Registration using 1 total stages.

Stage 0
  iterations = 0
  convergence threshold = 1e-06
  convergence window size = 10
  number of levels = 1
  using the Mattes MI metric (number of bins = 32, weight = 1, use gradient filter = 0)
  preprocessing:  winsorizing the image intensities
  Shrink factors (level 1 out of 1): [1, 1, 1]
  smoothing sigmas per level: [0]
  regular sampling (percentage = 0.25)

*** Running Euler3DTransform registration ***

  Elapsed time (stage 0): 1.08474


Total elapsed time: 1.08691
Info [verificarlo]: loaded backend libinterflop_ieee.so
Info [interflop-ieee]: load backend with:
Info [interflop-ieee]: debug = false
Info [interflop-ieee]: debug-binary = false
Info [interflop-ieee]: no-backend-name = false
Info [interflop-ieee]: print-new-line = false
Info [interflop-ieee]: print-subnormal-normalized = false
Info [interflop-ieee]: count-op = false
All_Command_lines_OK
Using double precision for computations.
=============================================================================
The composite transform comprises the following transforms (in order): 
  1. /home/mdugre/scratch/mri-registration-rp/datasets/ds004513/derivatives/mri-registration-rp/0001/antsRegistration-r7-p6/sub-s037/align_Composite.h5[0] (type = Euler3DTransform)
  2. /home/mdugre/scratch/mri-registration-rp/datasets/ds004513/derivatives/mri-registration-rp/0001/antsRegistration-r7-p6/sub-s037/align_Composite.h5[1] (type = Euler3DTransform)
=============================================================================
  number of levels = 4
  fixed image: /templateflow/tpl-MNI152NLin2009cAsym/tpl-MNI152NLin2009cAsym_res-01_desc-brain_T1w.nii.gz
  moving image: /home/mdugre/scratch/mri-registration-rp/datasets/ds004513/derivatives/mri-registration-rp/antsBrainExtraction/sub-s037/BrainExtractionBrain.nii.gz
Dimension = 3
Number of stages = 1
Use histogram matching = false
Winsorize image intensities = true
  Lower quantile = 0.005
  Upper quantile = 0.995


Stage 1 State
   Image metric = MattesMI
     Fixed image = Image (0x4ca5530)
  RTTI typeinfo:   itk::Image<double, 3u>
  Reference Count: 2
  Modified Time: 1578
  Debug: Off
  Object Name: 
  Observers: 
    none
  Source: (none)
  Source output name: (none)
  Release Data: Off
  Data Released: False
  Global Release Data: Off
  PipelineMTime: 0
  UpdateMTime: 1189
  RealTimeStamp: 0 seconds 
  LargestPossibleRegion: 
    Dimension: 3
    Index: [0, 0, 0]
    Size: [193, 229, 193]
  BufferedRegion: 
    Dimension: 3
    Index: [0, 0, 0]
    Size: [193, 229, 193]
  RequestedRegion: 
    Dimension: 3
    Index: [0, 0, 0]
    Size: [193, 229, 193]
  Spacing: [1, 1, 1]
  Origin: [96, 132, -78]
  Direction: 
-1 0 0
0 -1 0
0 0 1

  IndexToPointMatrix: 
-1 0 0
0 -1 0
0 0 1

  PointToIndexMatrix: 
-1 0 0
0 -1 0
0 0 1

  Inverse Direction: 
-1 0 0
0 -1 0
0 0 1

  PixelContainer: 
    ImportImageContainer (0x4d63d60)
      RTTI typeinfo:   itk::ImportImageContainer<unsigned long, double>
      Reference Count: 1
      Modified Time: 1186
      Debug: Off
      Object Name: 
      Observers: 
        none
      Pointer: 0x1474ed356010
      Container manages memory: true
      Size: 8530021
      Capacity: 8530021

     Moving image = Image (0x4d55f60)
  RTTI typeinfo:   itk::Image<double, 3u>
  Reference Count: 2
  Modified Time: 1579
  Debug: Off
  Object Name: 
  Observers: 
    none
  Source: (none)
  Source output name: (none)
  Release Data: Off
  Data Released: False
  Global Release Data: Off
  PipelineMTime: 0
  UpdateMTime: 1576
  RealTimeStamp: 0 seconds 
  LargestPossibleRegion: 
    Dimension: 3
    Index: [0, 0, 0]
    Size: [160, 240, 256]
  BufferedRegion: 
    Dimension: 3
    Index: [0, 0, 0]
    Size: [160, 240, 256]
  RequestedRegion: 
    Dimension: 3
    Index: [0, 0, 0]
    Size: [160, 240, 256]
  Spacing: [1, 1, 1]
  Origin: [87.9508, 102.562, -147.639]
  Direction: 
-0.998659 -0.0436121 -0.0279129
0.043595 -0.999049 0.00121847
-0.0279395 -2.65543e-08 0.99961

  IndexToPointMatrix: 
-0.998659 -0.0436121 -0.0279129
0.043595 -0.999049 0.00121847
-0.0279395 -2.65543e-08 0.99961

  PointToIndexMatrix: 
-0.998659 0.043595 -0.0279395
-0.0436121 -0.999049 -2.65517e-08
-0.0279129 0.00121847 0.99961

  Inverse Direction: 
-0.998659 0.043595 -0.0279395
-0.0436121 -0.999049 -2.65517e-08
-0.0279129 0.00121847 0.99961

  PixelContainer: 
    ImportImageContainer (0x4d476d0)
      RTTI typeinfo:   itk::ImportImageContainer<unsigned long, double>
      Reference Count: 1
      Modified Time: 1573
      Debug: Off
      Object Name: 
      Observers: 
        none
      Pointer: 0x1474e8855010
      Container manages memory: true
      Size: 9830400
      Capacity: 9830400

     Weighting = 1
     Sampling strategy = regular
     Number of bins = 32
     Radius = 4
     Sampling percentage  = 0.25
   Transform = Rigid
     Gradient step = 0.1
     Update field sigma (voxel space) = 0
     Total field sigma (voxel space) = 0
     Update field time sigma = 0
     Total field time sigma  = 0
     Number of time indices = 0
     Number of time point samples = 0
Registration using 1 total stages.

Stage 0
  iterations = 1000x500x250x100
  convergence threshold = 1e-06
  convergence window size = 10
  number of levels = 4
  using the Mattes MI metric (number of bins = 32, weight = 1, use gradient filter = 0)
  preprocessing:  winsorizing the image intensities
  Shrink factors (level 1 out of 4): [8, 8, 8]
  Shrink factors (level 2 out of 4): [4, 4, 4]
  Shrink factors (level 3 out of 4): [2, 2, 2]
  Shrink factors (level 4 out of 4): [1, 1, 1]
  smoothing sigmas per level: [3, 2, 1, 0]
  regular sampling (percentage = 0.25)

*** Running Euler3DTransform registration ***

DIAGNOSTIC,Iteration,metricValue,convergenceValue,ITERATION_TIME_INDEX,SINCE_LAST
 2DIAGNOSTIC,     1, -4.299060189477e-01, 1.797693134862e+308, 7.2801e-01, 7.2801e-01, 
 2DIAGNOSTIC,     2, -4.311703807429e-01, 1.797693134862e+308, 7.3243e-01, 4.4219e-03, 
 2DIAGNOSTIC,     3, -4.334997061176e-01, 1.797693134862e+308, 7.3694e-01, 4.5149e-03, 
 2DIAGNOSTIC,     4, -4.389575130370e-01, 1.797693134862e+308, 7.4171e-01, 4.7719e-03, 
 2DIAGNOSTIC,     5, -4.438813134482e-01, 1.797693134862e+308, 7.4629e-01, 4.5741e-03, 
 2DIAGNOSTIC,     6, -4.461495460377e-01, 1.797693134862e+308, 7.5090e-01, 4.6079e-03, 
 2DIAGNOSTIC,     7, -4.511407144429e-01, 1.797693134862e+308, 7.5625e-01, 5.3558e-03, 
 2DIAGNOSTIC,     8, -4.667812032718e-01, 1.797693134862e+308, 7.6173e-01, 5.4739e-03, 
 2DIAGNOSTIC,     9, -4.753090114372e-01, 1.797693134862e+308, 7.6665e-01, 4.9241e-03, 
 2DIAGNOSTIC,    10, -4.802481719655e-01, 7.481707542057e-03, 7.7186e-01, 5.2111e-03, 
 2DIAGNOSTIC,    11, -4.821261368877e-01, 7.356704266140e-03, 7.7676e-01, 4.9000e-03, 
 2DIAGNOSTIC,    12, -4.837491005317e-01, 6.749992380108e-03, 7.8248e-01, 5.7211e-03, 
 2DIAGNOSTIC,    13, -5.028244927621e-01, 6.622215038794e-03, 7.9047e-01, 7.9899e-03, 
 2DIAGNOSTIC,    14, -5.042109134414e-01, 6.183615245772e-03, 7.9527e-01, 4.7939e-03, 
 2DIAGNOSTIC,    15, -5.066116081882e-01, 5.558135432502e-03, 8.0011e-01, 4.8389e-03, 
 2DIAGNOSTIC,    16, -5.083451635963e-01, 4.676295421842e-03, 8.0536e-01, 5.2578e-03, 
 2DIAGNOSTIC,    17, -5.184993492523e-01, 3.998770500507e-03, 8.1286e-01, 7.4999e-03, 
 2DIAGNOSTIC,    18, -5.256348856019e-01, 3.769024583809e-03, 8.1777e-01, 4.9062e-03, 
 2DIAGNOSTIC,    19, -5.260487279814e-01, 3.491513211969e-03, 8.2358e-01, 5.8060e-03, 
 2DIAGNOSTIC,    20, -5.292109541738e-01, 3.174906850619e-03, 8.2916e-01, 5.5821e-03, 
 2DIAGNOSTIC,    21, -5.301818243169e-01, 2.681599997245e-03, 8.3446e-01, 5.2981e-03, 
 2DIAGNOSTIC,    22, -5.312241341954e-01, 2.041188709855e-03, 8.3999e-01, 5.5349e-03, 
 2DIAGNOSTIC,    23, -5.321371296403e-01, 1.776978968940e-03, 8.4607e-01, 6.0780e-03, 
 2DIAGNOSTIC,    24, -5.330747171311e-01, 1.429097701675e-03, 8.5118e-01, 5.1160e-03, 
 2DIAGNOSTIC,    25, -5.340979399265e-01, 1.060387118155e-03, 8.5673e-01, 5.5449e-03, 
 2DIAGNOSTIC,    26, -5.353301696767e-01, 6.839342442466e-04, 8.6375e-01, 7.0240e-03, 
 2DIAGNOSTIC,    27, -5.359877733041e-01, 5.005575010359e-04, 8.6869e-01, 4.9381e-03, 
 2DIAGNOSTIC,    28, -5.363338778313e-01, 4.385706343622e-04, 8.7387e-01, 5.1761e-03, 
 2DIAGNOSTIC,    29, -5.373050634038e-01, 3.660291410551e-04, 8.7871e-01, 4.8411e-03, 
 2DIAGNOSTIC,    30, -5.398201313837e-01, 3.715995956669e-04, 8.8449e-01, 5.7781e-03, 
 2DIAGNOSTIC,    31, -5.446422064186e-01, 4.465289415257e-04, 8.9564e-01, 1.1154e-02, 
 2DIAGNOSTIC,    32, -5.446646647456e-01, 4.912680425060e-04, 9.0098e-01, 5.3360e-03, 
 2DIAGNOSTIC,    33, -5.447647928552e-01, 5.056526655396e-04, 9.0628e-01, 5.3039e-03, 
 2DIAGNOSTIC,    34, -5.449311799788e-01, 4.904178842832e-04, 9.1123e-01, 4.9460e-03, 
 2DIAGNOSTIC,    35, -5.452045865249e-01, 4.491616587865e-04, 9.1630e-01, 5.0781e-03, 
 2DIAGNOSTIC,    36, -5.456974752711e-01, 3.933151407639e-04, 9.2135e-01, 5.0409e-03, 
 2DIAGNOSTIC,    37, -5.462998564200e-01, 3.227909766947e-04, 9.2683e-01, 5.4879e-03, 
 2DIAGNOSTIC,    38, -5.470544371656e-01, 2.429333040346e-04, 9.3230e-01, 5.4631e-03, 
 2DIAGNOSTIC,    39, -5.483333757987e-01, 1.763331981180e-04, 9.3860e-01, 6.3009e-03, 
 2DIAGNOSTIC,    40, -5.485725983985e-01, 1.327582370776e-04, 9.4345e-01, 4.8549e-03, 
 2DIAGNOSTIC,    41, -5.488485811765e-01, 1.482691291007e-04, 9.4890e-01, 5.4450e-03, 
 2DIAGNOSTIC,    42, -5.491459215640e-01, 1.532225887609e-04, 9.5420e-01, 5.3010e-03, 
 2DIAGNOSTIC,    43, -5.502485828463e-01, 1.587090099973e-04, 9.6016e-01, 5.9590e-03, 
 2DIAGNOSTIC,    44, -5.634810084423e-01, 3.167367386123e-04, 9.6808e-01, 7.9210e-03, 
 2DIAGNOSTIC,    45, -5.665266079040e-01, 4.731050387526e-04, 9.7353e-01, 5.4531e-03, 
 2DIAGNOSTIC,    46, -5.687140298433e-01, 6.101002278714e-04, 9.8023e-01, 6.6960e-03, 
 2DIAGNOSTIC,    47, -5.691581629133e-01, 6.967730260968e-04, 9.8576e-01, 5.5370e-03, 
 2DIAGNOSTIC,    48, -5.694212521339e-01, 7.241678622904e-04, 9.9045e-01, 4.6880e-03, 
 2DIAGNOSTIC,    49, -5.697314945404e-01, 6.966202379206e-04, 9.9575e-01, 5.2981e-03, 
 2DIAGNOSTIC,    50, -5.705161928396e-01, 6.138379745520e-04, 1.0007e+00, 4.9839e-03, 
 2DIAGNOSTIC,    51, -5.708543415172e-01, 4.841493388669e-04, 1.0057e+00, 4.9250e-03, 
 2DIAGNOSTIC,    52, -5.718234561469e-01, 3.285926559407e-04, 1.0121e+00, 6.4828e-03, 
 2DIAGNOSTIC,    53, -5.722675360168e-01, 1.605534722671e-04, 1.0175e+00, 5.3301e-03, 
 2DIAGNOSTIC,    54, -5.725302240138e-01, 1.189116676379e-04, 1.0227e+00, 5.2600e-03, 
 2DIAGNOSTIC,    55, -5.725533932854e-01, 9.724377001301e-05, 1.0281e+00, 5.3251e-03, 
 2DIAGNOSTIC,    56, -5.724823468299e-01, 8.750938786394e-05, 1.0333e+00, 5.2080e-03, 
 2DIAGNOSTIC,    57, -5.725866597690e-01, 7.496594918114e-05, 1.0379e+00, 4.6110e-03, 
 2DIAGNOSTIC,    58, -5.726925873727e-01, 5.909428651565e-05, 1.0426e+00, 4.7281e-03, 
 2DIAGNOSTIC,    59, -5.731886144339e-01, 4.543352910574e-05, 1.0471e+00, 4.4920e-03, 
 2DIAGNOSTIC,    60, -5.736821438966e-01, 3.937573548345e-05, 1.0526e+00, 5.4710e-03, 
 2DIAGNOSTIC,    61, -5.744943528613e-01, 3.971166633891e-05, 1.0573e+00, 4.7071e-03, 
 2DIAGNOSTIC,    62, -5.759384282615e-01, 5.694864637921e-05, 1.0632e+00, 5.9700e-03, 
 2DIAGNOSTIC,    63, -5.791754656484e-01, 9.911650997373e-05, 1.0688e+00, 5.5752e-03, 
 2DIAGNOSTIC,    64, -5.796203036221e-01, 1.356719952882e-04, 1.0751e+00, 6.3171e-03, 
 2DIAGNOSTIC,    65, -5.803089683692e-01, 1.641869369297e-04, 1.0798e+00, 4.6771e-03, 
 2DIAGNOSTIC,    66, -5.813194460781e-01, 1.837872830784e-04, 1.0866e+00, 6.7840e-03, 
 2DIAGNOSTIC,    67, -5.819529745909e-01, 1.906381967927e-04, 1.0922e+00, 5.6419e-03, 
 2DIAGNOSTIC,    68, -5.820768086177e-01, 1.803632063053e-04, 1.0976e+00, 5.3749e-03, 
 2DIAGNOSTIC,    69, -5.821514269201e-01, 1.576189220345e-04, 1.1032e+00, 5.6281e-03, 
 2DIAGNOSTIC,    70, -5.828392746438e-01, 1.296905029603e-04, 1.1094e+00, 6.2020e-03, 
 2DIAGNOSTIC,    71, -5.830666338120e-01, 9.766848804802e-05, 1.1153e+00, 5.8222e-03, 
 2DIAGNOSTIC,    72, -5.830991282630e-01, 6.744289017798e-05, 1.1202e+00, 4.9751e-03, 
 2DIAGNOSTIC,    73, -5.830500470090e-01, 5.486932952081e-05, 1.1252e+00, 4.9920e-03, 
 2DIAGNOSTIC,    74, -5.831484908228e-01, 4.132094207320e-05, 1.1302e+00, 4.9691e-03, 
 2DIAGNOSTIC,    75, -5.832889532681e-01, 2.980364552802e-05, 1.1352e+00, 5.0180e-03, 
 2DIAGNOSTIC,    76, -5.834768317964e-01, 2.390546799244e-05, 1.1404e+00, 5.1501e-03, 
 2DIAGNOSTIC,    77, -5.837388209227e-01, 2.206130421997e-05, 1.1450e+00, 4.6680e-03, 
 2DIAGNOSTIC,    78, -5.837650858597e-01, 1.924265793923e-05, 1.1504e+00, 5.4069e-03, 
 2DIAGNOSTIC,    79, -5.837103674998e-01, 1.473270657413e-05, 1.1558e+00, 5.3730e-03, 
 2DIAGNOSTIC,    80, -5.837397727376e-01, 1.363642034462e-05, 1.1615e+00, 5.6479e-03, 
 2DIAGNOSTIC,    81, -5.840284125188e-01, 1.459375499360e-05, 1.1666e+00, 5.1491e-03, 
 2DIAGNOSTIC,    82, -5.843838093873e-01, 1.657451871876e-05, 1.1712e+00, 4.5788e-03, 
 2DIAGNOSTIC,    83, -5.855907137770e-01, 2.420038637091e-05, 1.1786e+00, 7.3891e-03, 
 2DIAGNOSTIC,    84, -5.863579866970e-01, 3.457666672095e-05, 1.1837e+00, 5.1200e-03, 
 2DIAGNOSTIC,    85, -5.864167104165e-01, 4.258336840744e-05, 1.1889e+00, 5.1482e-03, 
 2DIAGNOSTIC,    86, -5.865086478453e-01, 4.808920492329e-05, 1.1944e+00, 5.5850e-03, 
 2DIAGNOSTIC,    87, -5.866975015555e-01, 5.153862599298e-05, 1.2004e+00, 5.9571e-03, 
 2DIAGNOSTIC,    88, -5.866494571236e-01, 4.970747847920e-05, 1.2057e+00, 5.2688e-03, 
 2DIAGNOSTIC,    89, -5.866506936799e-01, 4.281798401178e-05, 1.2108e+00, 5.1830e-03, 
 2DIAGNOSTIC,    90, -5.868473059711e-01, 3.337636925774e-05, 1.2168e+00, 5.9221e-03, 
 2DIAGNOSTIC,    91, -5.869338442235e-01, 2.315338415217e-05, 1.2224e+00, 5.6670e-03, 
 2DIAGNOSTIC,    92, -5.870101700701e-01, 1.324341289271e-05, 1.2271e+00, 4.6790e-03, 
 2DIAGNOSTIC,    93, -5.870449407446e-01, 9.138751477858e-06, 1.2327e+00, 5.5969e-03, 
 2DIAGNOSTIC,    94, -5.870236139455e-01, 8.407183436648e-06, 1.2386e+00, 5.8610e-03, 
 2DIAGNOSTIC,    95, -5.870723476959e-01, 7.485671229386e-06, 1.2453e+00, 6.7160e-03, 
 2DIAGNOSTIC,    96, -5.871212582627e-01, 6.602559793184e-06, 1.2509e+00, 5.5871e-03, 
 2DIAGNOSTIC,    97, -5.871606202941e-01, 6.359346154465e-06, 1.2567e+00, 5.8339e-03, 
 2DIAGNOSTIC,    98, -5.871677896140e-01, 5.341547763408e-06, 1.2613e+00, 4.6210e-03, 
 2DIAGNOSTIC,    99, -5.871806552346e-01, 3.924165409732e-06, 1.2667e+00, 5.3551e-03, 
 2DIAGNOSTIC,   100, -5.873999315397e-01, 4.327254584890e-06, 1.2726e+00, 5.9071e-03, 
 2DIAGNOSTIC,   101, -5.874243697364e-01, 4.854846333058e-06, 1.2779e+00, 5.3458e-03, 
 2DIAGNOSTIC,   102, -5.874686903170e-01, 5.547340361647e-06, 1.2833e+00, 5.3182e-03, 
 2DIAGNOSTIC,   103, -5.872650729056e-01, 4.898262148962e-06, 1.2878e+00, 4.5581e-03, 
 2DIAGNOSTIC,   104, -5.873916587943e-01, 4.367977038440e-06, 1.2925e+00, 4.7259e-03, 
 2DIAGNOSTIC,   105, -5.875388784183e-01, 4.367480010323e-06, 1.2983e+00, 5.7180e-03, 
 2DIAGNOSTIC,   106, -5.874377605150e-01, 3.682249333581e-06, 1.3024e+00, 4.1318e-03, 
 2DIAGNOSTIC,   107, -5.874715365715e-01, 3.084752279708e-06, 1.3065e+00, 4.1330e-03, 
 2DIAGNOSTIC,   108, -5.874863594223e-01, 2.362286032894e-06, 1.3113e+00, 4.7860e-03, 
 2DIAGNOSTIC,   109, -5.875111192489e-01, 1.590687959433e-06, 1.3171e+00, 5.7991e-03, 
 2DIAGNOSTIC,   110, -5.875158844953e-01, 1.725859873569e-06, 1.3274e+00, 1.0318e-02, 
 2DIAGNOSTIC,   111, -5.875160121947e-01, 1.833260813383e-06, 1.3328e+00, 5.3809e-03, 
 2DIAGNOSTIC,   112, -5.875162337122e-01, 2.039722497491e-06, 1.3373e+00, 4.4510e-03, 
 2DIAGNOSTIC,   113, -5.875166074321e-01, 1.135480708701e-06, 1.3414e+00, 4.1680e-03, 
DIAGNOSTIC,Iteration,metricValue,convergenceValue,ITERATION_TIME_INDEX,SINCE_LAST
 2DIAGNOSTIC,     1, -4.732057622943e-01, 1.797693134862e+308, 2.1169e+00, 7.7544e-01, 
 2DIAGNOSTIC,     2, -4.738596800062e-01, 1.797693134862e+308, 2.1460e+00, 2.9157e-02, 
 2DIAGNOSTIC,     3, -4.749471996191e-01, 1.797693134862e+308, 2.1790e+00, 3.2972e-02, 
 2DIAGNOSTIC,     4, -4.768078714923e-01, 1.797693134862e+308, 2.2080e+00, 2.8959e-02, 
 2DIAGNOSTIC,     5, -4.802068734752e-01, 1.797693134862e+308, 2.2374e+00, 2.9407e-02, 
 2DIAGNOSTIC,     6, -4.819838881307e-01, 1.797693134862e+308, 2.2724e+00, 3.5060e-02, 
 2DIAGNOSTIC,     7, -4.829995582499e-01, 1.797693134862e+308, 2.3021e+00, 2.9722e-02, 
 2DIAGNOSTIC,     8, -4.831997911013e-01, 1.797693134862e+308, 2.3317e+00, 2.9528e-02, 
 2DIAGNOSTIC,     9, -4.836511515054e-01, 1.797693134862e+308, 2.3653e+00, 3.3579e-02, 
 2DIAGNOSTIC,    10, -4.855916633881e-01, 1.775956056029e-03, 2.4114e+00, 4.6103e-02, 
 2DIAGNOSTIC,    11, -4.881723827544e-01, 1.615319232654e-03, 2.4695e+00, 5.8179e-02, 
 2DIAGNOSTIC,    12, -4.882141674366e-01, 1.370681022295e-03, 2.5005e+00, 3.0975e-02, 
 2DIAGNOSTIC,    13, -4.883835231505e-01, 1.100983900965e-03, 2.5372e+00, 3.6688e-02, 
 2DIAGNOSTIC,    14, -4.886511631634e-01, 8.586472424414e-04, 2.5710e+00, 3.3809e-02, 
 2DIAGNOSTIC,    15, -4.890059185830e-01, 7.149517130697e-04, 2.6059e+00, 3.4876e-02, 
 2DIAGNOSTIC,    16, -4.892603839451e-01, 5.960832714178e-04, 2.6402e+00, 3.4338e-02, 
 2DIAGNOSTIC,    17, -4.893324916310e-01, 4.750874525808e-04, 2.6750e+00, 3.4760e-02, 
 2DIAGNOSTIC,    18, -4.893697130399e-01, 3.335626306202e-04, 2.7139e+00, 3.8950e-02, 
 2DIAGNOSTIC,    19, -4.894600974223e-01, 1.922994877533e-04, 2.7459e+00, 3.1966e-02, 
 2DIAGNOSTIC,    20, -4.895927276737e-01, 1.061048305864e-04, 2.7769e+00, 3.0982e-02, 
 2DIAGNOSTIC,    21, -4.897478980962e-01, 9.481146806275e-05, 2.8093e+00, 3.2374e-02, 
 2DIAGNOSTIC,    22, -4.911617908831e-01, 1.146366095810e-04, 2.8601e+00, 5.0898e-02, 
 2DIAGNOSTIC,    23, -4.912297508679e-01, 1.272378173569e-04, 2.8950e+00, 3.4847e-02, 
 2DIAGNOSTIC,    24, -4.912956783030e-01, 1.353559359431e-04, 2.9260e+00, 3.0997e-02, 
 2DIAGNOSTIC,    25, -4.913149733356e-01, 1.392992160110e-04, 2.9592e+00, 3.3216e-02, 
 2DIAGNOSTIC,    26, -4.913366489180e-01, 1.360109873499e-04, 2.9991e+00, 3.9926e-02, 
 2DIAGNOSTIC,    27, -4.913960143022e-01, 1.226539659643e-04, 3.0348e+00, 3.5641e-02, 
 2DIAGNOSTIC,    28, -4.916163025920e-01, 1.040512617616e-04, 3.0849e+00, 5.0125e-02, 
 2DIAGNOSTIC,    29, -4.917221566034e-01, 8.127473368683e-05, 3.1281e+00, 4.3154e-02, 
 2DIAGNOSTIC,    30, -4.917336222037e-01, 5.552617325191e-05, 3.1641e+00, 3.6077e-02, 
 2DIAGNOSTIC,    31, -4.917552559934e-01, 2.897759973312e-05, 3.2077e+00, 4.3601e-02, 
 2DIAGNOSTIC,    32, -4.917589243039e-01, 2.728632919378e-05, 3.2438e+00, 3.6065e-02, 
 2DIAGNOSTIC,    33, -4.917552349117e-01, 2.424909453946e-05, 3.2821e+00, 3.8312e-02, 
 2DIAGNOSTIC,    34, -4.917516690880e-01, 2.022760281271e-05, 3.3137e+00, 3.1549e-02, 
 2DIAGNOSTIC,    35, -4.917519489423e-01, 1.498450308232e-05, 3.3459e+00, 3.2286e-02, 
 2DIAGNOSTIC,    36, -4.917822039726e-01, 9.573563692990e-06, 3.3774e+00, 3.1477e-02, 
 2DIAGNOSTIC,    37, -4.918367986957e-01, 5.333765473837e-06, 3.4122e+00, 3.4730e-02, 
 2DIAGNOSTIC,    38, -4.919047657433e-01, 5.257851468415e-06, 3.4468e+00, 3.4646e-02, 
 2DIAGNOSTIC,    39, -4.919560201769e-01, 7.101427332668e-06, 3.4836e+00, 3.6844e-02, 
 2DIAGNOSTIC,    40, -4.922231927722e-01, 1.230341799372e-05, 3.5230e+00, 3.9377e-02, 
 2DIAGNOSTIC,    41, -4.928969729726e-01, 2.593136759821e-05, 3.5796e+00, 5.6611e-02, 
 2DIAGNOSTIC,    42, -4.929980115554e-01, 3.772664161800e-05, 3.6164e+00, 3.6809e-02, 
 2DIAGNOSTIC,    43, -4.930085513957e-01, 4.564699634378e-05, 3.6621e+00, 4.5692e-02, 
 2DIAGNOSTIC,    44, -4.930121898116e-01, 4.905942605191e-05, 3.6917e+00, 2.9543e-02, 
 2DIAGNOSTIC,    45, -4.930022025217e-01, 4.751159041814e-05, 3.7248e+00, 3.3088e-02, 
 2DIAGNOSTIC,    46, -4.929998155800e-01, 4.175318337139e-05, 3.7582e+00, 3.3433e-02, 
 2DIAGNOSTIC,    47, -4.929950644570e-01, 3.291373515303e-05, 3.7914e+00, 3.3215e-02, 
 2DIAGNOSTIC,    48, -4.929890852934e-01, 2.225705916361e-05, 3.8247e+00, 3.3244e-02, 
 2DIAGNOSTIC,    49, -4.929829409629e-01, 1.053119954701e-05, 3.8547e+00, 3.0097e-02, 
 2DIAGNOSTIC,    50, -4.929776290099e-01, 1.169685787557e-06, 3.8928e+00, 3.8021e-02, 
DIAGNOSTIC,Iteration,metricValue,convergenceValue,ITERATION_TIME_INDEX,SINCE_LAST
 2DIAGNOSTIC,     1, -4.340353614458e-01, 1.797693134862e+308, 5.2614e+00, 1.3687e+00, 
 2DIAGNOSTIC,     2, -4.342026663921e-01, 1.797693134862e+308, 5.5030e+00, 2.4153e-01, 
 2DIAGNOSTIC,     3, -4.344050232018e-01, 1.797693134862e+308, 5.7678e+00, 2.6485e-01, 
 2DIAGNOSTIC,     4, -4.345551442909e-01, 1.797693134862e+308, 5.9955e+00, 2.2772e-01, 
 2DIAGNOSTIC,     5, -4.346769658277e-01, 1.797693134862e+308, 6.2466e+00, 2.5112e-01, 
 2DIAGNOSTIC,     6, -4.348143871254e-01, 1.797693134862e+308, 6.5635e+00, 3.1682e-01, 
 2DIAGNOSTIC,     7, -4.348482400105e-01, 1.797693134862e+308, 6.7910e+00, 2.2757e-01, 
 2DIAGNOSTIC,     8, -4.349373395441e-01, 1.797693134862e+308, 7.0329e+00, 2.4191e-01, 
 2DIAGNOSTIC,     9, -4.349769782127e-01, 1.797693134862e+308, 7.4372e+00, 4.0427e-01, 
 2DIAGNOSTIC,    10, -4.349751484712e-01, 1.437369263164e-04, 7.7143e+00, 2.7709e-01, 
 2DIAGNOSTIC,    11, -4.349754961205e-01, 1.035979010254e-04, 7.9933e+00, 2.7903e-01, 
 2DIAGNOSTIC,    12, -4.349755706036e-01, 7.009009676573e-05, 8.2567e+00, 2.6341e-01, 
 2DIAGNOSTIC,    13, -4.349777392308e-01, 4.581656821062e-05, 8.5554e+00, 2.9870e-01, 
 2DIAGNOSTIC,    14, -4.349772018394e-01, 2.794961956343e-05, 8.8262e+00, 2.7078e-01, 
 2DIAGNOSTIC,    15, -4.349770461776e-01, 1.533057738214e-05, 9.1370e+00, 3.1073e-01, 
 2DIAGNOSTIC,    16, -4.349765320163e-01, 8.704041634416e-06, 9.4011e+00, 2.6414e-01, 
 2DIAGNOSTIC,    17, -4.349759421078e-01, 3.437028826304e-06, 9.6523e+00, 2.5119e-01, 
 2DIAGNOSTIC,    18, -4.349754806076e-01, 1.786963737038e-06, 9.8801e+00, 2.2782e-01, 
 2DIAGNOSTIC,    19, -4.349744401233e-01, 1.638758613108e-06, 1.0135e+01, 2.5520e-01, 
 2DIAGNOSTIC,    20, -4.349736032579e-01, 1.423138001853e-06, 1.0368e+01, 2.3221e-01, 
 2DIAGNOSTIC,    21, -4.349716134107e-01, 1.193548297661e-06, 1.0628e+01, 2.6005e-01, 
 2DIAGNOSTIC,    22, -4.349730947357e-01, 1.060276100334e-06, 1.0909e+01, 2.8140e-01, 
 2DIAGNOSTIC,    23, -4.349735253044e-01, 1.046855473009e-06, 1.1173e+01, 2.6439e-01, 
 2DIAGNOSTIC,    24, -4.349725412299e-01, 1.024244916936e-06, 1.1400e+01, 2.2650e-01, 
 2DIAGNOSTIC,    25, -4.349734842462e-01, 1.054518752014e-06, 1.1650e+01, 2.4969e-01, 
 2DIAGNOSTIC,    26, -4.349756986689e-01, 1.145571327799e-06, 1.1877e+01, 2.2789e-01, 
 2DIAGNOSTIC,    27, -4.349759185518e-01, 1.225867230267e-06, 1.2129e+01, 2.5167e-01, 
 2DIAGNOSTIC,    28, -4.349744776444e-01, 1.251877154961e-06, 1.2357e+01, 2.2824e-01, 
 2DIAGNOSTIC,    29, -4.349751097993e-01, 1.258585677656e-06, 1.2602e+01, 2.4484e-01, 
 2DIAGNOSTIC,    30, -4.349748194456e-01, 1.225673024879e-06, 1.2869e+01, 2.6639e-01, 
 2DIAGNOSTIC,    31, -4.349736267558e-01, 1.110000458895e-06, 1.3112e+01, 2.4297e-01, 
 2DIAGNOSTIC,    32, -4.349735011294e-01, 1.021843720028e-06, 1.3365e+01, 2.5311e-01, 
DIAGNOSTIC,Iteration,metricValue,convergenceValue,ITERATION_TIME_INDEX,SINCE_LAST
 2DIAGNOSTIC,     1, -4.014621559153e-01, 1.797693134862e+308, 1.5754e+01, 2.3896e+00, 
 2DIAGNOSTIC,     2, -4.015990868858e-01, 1.797693134862e+308, 1.7096e+01, 1.3415e+00, 
 2DIAGNOSTIC,     3, -4.016817089562e-01, 1.797693134862e+308, 1.8425e+01, 1.3298e+00, 
 2DIAGNOSTIC,     4, -4.017102929768e-01, 1.797693134862e+308, 1.9998e+01, 1.5725e+00, 
 2DIAGNOSTIC,     5, -4.017333877522e-01, 1.797693134862e+308, 2.1272e+01, 1.2744e+00, 
 2DIAGNOSTIC,     6, -4.017396644197e-01, 1.797693134862e+308, 2.2699e+01, 1.4267e+00, 
 2DIAGNOSTIC,     7, -4.018003219177e-01, 1.797693134862e+308, 2.5248e+01, 2.5484e+00, 
 2DIAGNOSTIC,     8, -4.018077101073e-01, 1.797693134862e+308, 2.6716e+01, 1.4683e+00, 
 2DIAGNOSTIC,     9, -4.018178800711e-01, 1.797693134862e+308, 2.8229e+01, 1.5134e+00, 
 2DIAGNOSTIC,    10, -4.018257694771e-01, 5.173446953476e-05, 2.9975e+01, 1.7460e+00, 
 2DIAGNOSTIC,    11, -4.018268975130e-01, 3.337263868851e-05, 3.1676e+01, 1.7008e+00, 
 2DIAGNOSTIC,    12, -4.018278293223e-01, 2.331949836908e-05, 3.3205e+01, 1.5289e+00, 
 2DIAGNOSTIC,    13, -4.018284141111e-01, 1.743634075775e-05, 3.5110e+01, 1.9047e+00, 
 2DIAGNOSTIC,    14, -4.018284895294e-01, 1.249001532640e-05, 3.6870e+01, 1.7606e+00, 
 2DIAGNOSTIC,    15, -4.018288644337e-01, 8.401762822727e-06, 3.8593e+01, 1.7224e+00, 
 2DIAGNOSTIC,    16, -4.018311107874e-01, 4.557545750072e-06, 4.0294e+01, 1.7012e+00, 
 2DIAGNOSTIC,    17, -4.018322600847e-01, 3.499353443660e-06, 4.1703e+01, 1.4091e+00, 
 2DIAGNOSTIC,    18, -4.018341460554e-01, 2.765319154656e-06, 4.3219e+01, 1.5162e+00, 
 2DIAGNOSTIC,    19, -4.018356101672e-01, 2.441585087609e-06, 4.4854e+01, 1.6350e+00, 
 2DIAGNOSTIC,    20, -4.018353693976e-01, 2.348516755506e-06, 4.6486e+01, 1.6316e+00, 
 2DIAGNOSTIC,    21, -4.018373730047e-01, 2.298977261790e-06, 4.9201e+01, 2.7156e+00, 
 2DIAGNOSTIC,    22, -4.018373310609e-01, 2.206748780327e-06, 5.0737e+01, 1.5354e+00, 
 2DIAGNOSTIC,    23, -4.018370968489e-01, 2.062733891042e-06, 5.2432e+01, 1.6949e+00, 
 2DIAGNOSTIC,    24, -4.018370450634e-01, 1.868991086180e-06, 5.4516e+01, 2.0843e+00, 
 2DIAGNOSTIC,    25, -4.018370545782e-01, 1.649727509427e-06, 5.6529e+01, 2.0127e+00, 
 2DIAGNOSTIC,    26, -4.018369699792e-01, 1.470024870456e-06, 5.8135e+01, 1.6066e+00, 
 2DIAGNOSTIC,    27, -4.018368840020e-01, 1.307112885485e-06, 5.9692e+01, 1.5568e+00, 
 2DIAGNOSTIC,    28, -4.018367979139e-01, 1.188997671819e-06, 6.1078e+01, 1.3857e+00, 
 2DIAGNOSTIC,    29, -4.018367123652e-01, 1.108451872192e-06, 6.2582e+01, 1.5042e+00, 
 2DIAGNOSTIC,    30, -4.018367146003e-01, 1.025121925735e-06, 6.3994e+01, 1.4125e+00, 
  Elapsed time (stage 0): 6.4824e+01


Total elapsed time: 6.4826e+01
Info [verificarlo]: loaded backend libinterflop_ieee.so
Info [interflop-ieee]: load backend with:
Info [interflop-ieee]: debug = false
Info [interflop-ieee]: debug-binary = false
Info [interflop-ieee]: no-backend-name = false
Info [interflop-ieee]: print-new-line = false
Info [interflop-ieee]: print-subnormal-normalized = false
Info [interflop-ieee]: count-op = false
All_Command_lines_OK
Using double precision for computations.
=============================================================================
The composite transform comprises the following transforms (in order): 
  1. /home/mdugre/scratch/mri-registration-rp/datasets/ds004513/derivatives/mri-registration-rp/0001/antsRegistration-r7-p6/sub-s037/rigid_Composite.h5[0] (type = Euler3DTransform)
  2. /home/mdugre/scratch/mri-registration-rp/datasets/ds004513/derivatives/mri-registration-rp/0001/antsRegistration-r7-p6/sub-s037/rigid_Composite.h5[1] (type = Euler3DTransform)
  3. /home/mdugre/scratch/mri-registration-rp/datasets/ds004513/derivatives/mri-registration-rp/0001/antsRegistration-r7-p6/sub-s037/rigid_Composite.h5[2] (type = Euler3DTransform)
=============================================================================
  number of levels = 4
  fixed image: /templateflow/tpl-MNI152NLin2009cAsym/tpl-MNI152NLin2009cAsym_res-01_desc-brain_T1w.nii.gz
  moving image: /home/mdugre/scratch/mri-registration-rp/datasets/ds004513/derivatives/mri-registration-rp/antsBrainExtraction/sub-s037/BrainExtractionBrain.nii.gz
Dimension = 3
Number of stages = 1
Use histogram matching = false
Winsorize image intensities = true
  Lower quantile = 0.005
  Upper quantile = 0.995


Stage 1 State
   Image metric = MattesMI
     Fixed image = Image (0x3c2a530)
  RTTI typeinfo:   itk::Image<double, 3u>
  Reference Count: 2
  Modified Time: 1592
  Debug: Off
  Object Name: 
  Observers: 
    none
  Source: (none)
  Source output name: (none)
  Release Data: Off
  Data Released: False
  Global Release Data: Off
  PipelineMTime: 0
  UpdateMTime: 1203
  RealTimeStamp: 0 seconds 
  LargestPossibleRegion: 
    Dimension: 3
    Index: [0, 0, 0]
    Size: [193, 229, 193]
  BufferedRegion: 
    Dimension: 3
    Index: [0, 0, 0]
    Size: [193, 229, 193]
  RequestedRegion: 
    Dimension: 3
    Index: [0, 0, 0]
    Size: [193, 229, 193]
  Spacing: [1, 1, 1]
  Origin: [96, 132, -78]
  Direction: 
-1 0 0
0 -1 0
0 0 1

  IndexToPointMatrix: 
-1 0 0
0 -1 0
0 0 1

  PointToIndexMatrix: 
-1 0 0
0 -1 0
0 0 1

  Inverse Direction: 
-1 0 0
0 -1 0
0 0 1

  PixelContainer: 
    ImportImageContainer (0x3ce32a0)
      RTTI typeinfo:   itk::ImportImageContainer<unsigned long, double>
      Reference Count: 1
      Modified Time: 1200
      Debug: Off
      Object Name: 
      Observers: 
        none
      Pointer: 0x15445f64d010
      Container manages memory: true
      Size: 8530021
      Capacity: 8530021

     Moving image = Image (0x3ce5e60)
  RTTI typeinfo:   itk::Image<double, 3u>
  Reference Count: 2
  Modified Time: 1593
  Debug: Off
  Object Name: 
  Observers: 
    none
  Source: (none)
  Source output name: (none)
  Release Data: Off
  Data Released: False
  Global Release Data: Off
  PipelineMTime: 0
  UpdateMTime: 1590
  RealTimeStamp: 0 seconds 
  LargestPossibleRegion: 
    Dimension: 3
    Index: [0, 0, 0]
    Size: [160, 240, 256]
  BufferedRegion: 
    Dimension: 3
    Index: [0, 0, 0]
    Size: [160, 240, 256]
  RequestedRegion: 
    Dimension: 3
    Index: [0, 0, 0]
    Size: [160, 240, 256]
  Spacing: [1, 1, 1]
  Origin: [87.9508, 102.562, -147.639]
  Direction: 
-0.998659 -0.0436121 -0.0279129
0.043595 -0.999049 0.00121847
-0.0279395 -2.65543e-08 0.99961

  IndexToPointMatrix: 
-0.998659 -0.0436121 -0.0279129
0.043595 -0.999049 0.00121847
-0.0279395 -2.65543e-08 0.99961

  PointToIndexMatrix: 
-0.998659 0.043595 -0.0279395
-0.0436121 -0.999049 -2.65517e-08
-0.0279129 0.00121847 0.99961

  Inverse Direction: 
-0.998659 0.043595 -0.0279395
-0.0436121 -0.999049 -2.65517e-08
-0.0279129 0.00121847 0.99961

  PixelContainer: 
    ImportImageContainer (0x3d19390)
      RTTI typeinfo:   itk::ImportImageContainer<unsigned long, double>
      Reference Count: 1
      Modified Time: 1587
      Debug: Off
      Object Name: 
      Observers: 
        none
      Pointer: 0x15445ab4c010
      Container manages memory: true
      Size: 9830400
      Capacity: 9830400

     Weighting = 1
     Sampling strategy = regular
     Number of bins = 32
     Radius = 4
     Sampling percentage  = 0.25
   Transform = Affine
     Gradient step = 0.1
     Update field sigma (voxel space) = 0
     Total field sigma (voxel space) = 0
     Update field time sigma = 0
     Total field time sigma  = 0
     Number of time indices = 0
     Number of time point samples = 0
Registration using 1 total stages.

Stage 0
  iterations = 1000x500x250x100
  convergence threshold = 1e-06
  convergence window size = 10
  number of levels = 4
  using the Mattes MI metric (number of bins = 32, weight = 1, use gradient filter = 0)
  preprocessing:  winsorizing the image intensities
  Shrink factors (level 1 out of 4): [8, 8, 8]
  Shrink factors (level 2 out of 4): [4, 4, 4]
  Shrink factors (level 3 out of 4): [2, 2, 2]
  Shrink factors (level 4 out of 4): [1, 1, 1]
  smoothing sigmas per level: [3, 2, 1, 0]
  regular sampling (percentage = 0.25)

*** Running AffineTransform registration ***

DIAGNOSTIC,Iteration,metricValue,convergenceValue,ITERATION_TIME_INDEX,SINCE_LAST
 2DIAGNOSTIC,     1, -5.868116902854e-01, 1.797693134862e+308, 6.9059e-01, 6.9059e-01, 
 2DIAGNOSTIC,     2, -5.880935498334e-01, 1.797693134862e+308, 6.9592e-01, 5.3270e-03, 
 2DIAGNOSTIC,     3, -5.903369594492e-01, 1.797693134862e+308, 7.0081e-01, 4.8850e-03, 
 2DIAGNOSTIC,     4, -5.948527453489e-01, 1.797693134862e+308, 7.0581e-01, 5.0039e-03, 
 2DIAGNOSTIC,     5, -6.048963286230e-01, 1.797693134862e+308, 7.1058e-01, 4.7710e-03, 
 2DIAGNOSTIC,     6, -6.168498175072e-01, 1.797693134862e+308, 7.1560e-01, 5.0209e-03, 
 2DIAGNOSTIC,     7, -6.325484937240e-01, 1.797693134862e+308, 7.2081e-01, 5.2111e-03, 
 2DIAGNOSTIC,     8, -6.835640747217e-01, 1.797693134862e+308, 7.2717e-01, 6.3541e-03, 
 2DIAGNOSTIC,     9, -6.972931873501e-01, 1.797693134862e+308, 7.3750e-01, 1.0332e-02, 
 2DIAGNOSTIC,    10, -6.978582304368e-01, 1.316689721573e-02, 7.4353e-01, 6.0270e-03, 
 2DIAGNOSTIC,    11, -6.989536845092e-01, 1.284899011746e-02, 7.4955e-01, 6.0210e-03, 
 2DIAGNOSTIC,    12, -7.001402921290e-01, 1.153047942636e-02, 7.5552e-01, 5.9750e-03, 
 2DIAGNOSTIC,    13, -7.014568742312e-01, 9.490571697694e-03, 7.6150e-01, 5.9772e-03, 
 2DIAGNOSTIC,    14, -7.026646910560e-01, 7.076781051489e-03, 7.6727e-01, 5.7740e-03, 
 2DIAGNOSTIC,    15, -7.049905596372e-01, 4.742252252552e-03, 7.7375e-01, 6.4721e-03, 
 2DIAGNOSTIC,    16, -7.128996583662e-01, 2.832680152236e-03, 7.9116e-01, 1.7416e-02, 
 2DIAGNOSTIC,    17, -7.128995797811e-01, 1.265862127362e-03, 7.9710e-01, 5.9340e-03, 
 2DIAGNOSTIC,    18, -7.128996869624e-01, 9.778792111557e-04, 8.0296e-01, 5.8630e-03, 
 2DIAGNOSTIC,    19, -7.128998682176e-01, 9.431462134644e-04, 8.0812e-01, 5.1630e-03, 
 2DIAGNOSTIC,    20, -7.129001746447e-01, 8.355006905722e-04, 8.1329e-01, 5.1720e-03, 
 2DIAGNOSTIC,    21, -7.129006926015e-01, 6.806145708396e-04, 8.1843e-01, 5.1379e-03, 
 2DIAGNOSTIC,    22, -7.129015678255e-01, 4.999706616746e-04, 8.2353e-01, 5.1029e-03, 
 2DIAGNOSTIC,    23, -7.129030453083e-01, 3.158305040402e-04, 8.2869e-01, 5.1510e-03, 
 2DIAGNOSTIC,    24, -7.129055386272e-01, 1.401938766563e-04, 8.3380e-01, 5.1131e-03, 
 2DIAGNOSTIC,    25, -7.129097419456e-01, 1.650445928016e-06, 8.3941e-01, 5.6140e-03, 
 2DIAGNOSTIC,    26, -7.129168037992e-01, 1.792329148063e-06, 8.4514e-01, 5.7240e-03, 
 2DIAGNOSTIC,    27, -7.130269670748e-01, 3.577890005053e-06, 8.5115e-01, 6.0120e-03, 
 2DIAGNOSTIC,    28, -7.130467129194e-01, 5.260120556128e-06, 8.5688e-01, 5.7271e-03, 
 2DIAGNOSTIC,    29, -7.130793206363e-01, 6.920153742873e-06, 8.6274e-01, 5.8661e-03, 
 2DIAGNOSTIC,    30, -7.131324636512e-01, 8.674764840490e-06, 8.6875e-01, 6.0079e-03, 
 2DIAGNOSTIC,    31, -7.132161981233e-01, 1.070723858761e-05, 8.7447e-01, 5.7230e-03, 
 2DIAGNOSTIC,    32, -7.133467838839e-01, 1.335909718697e-05, 8.7963e-01, 5.1620e-03, 
 2DIAGNOSTIC,    33, -7.135423146764e-01, 1.711660153354e-05, 8.8484e-01, 5.2049e-03, 
 2DIAGNOSTIC,    34, -7.140161640498e-01, 2.489289212414e-05, 8.9071e-01, 5.8751e-03, 
 2DIAGNOSTIC,    35, -7.143905675029e-01, 3.430249440243e-05, 8.9652e-01, 5.8010e-03, 
 2DIAGNOSTIC,    36, -7.151380289386e-01, 4.858087355139e-05, 9.0233e-01, 5.8198e-03, 
 2DIAGNOSTIC,    37, -7.159095440258e-01, 6.722283934138e-05, 9.0901e-01, 6.6710e-03, 
