
##########################
# Experiment information #
##########################

EXPERIMENT_NAME: antsRegistration-r7-p9
VFC_BACKENDS: libinterflop_vprec.so --range-binary32=7 --precision-binary32=9 --range-binary64=7 --precision-binary64=9

SIF_IMG: /home/mdugre/projects/rrg-glatard/mdugre/containers/ants-vprec-no_metrics.simg

SUBJECT_ID: s014
INPUT_IMG: /home/mdugre/scratch/mri-registration-rp/datasets/ds004513/derivatives/mri-registration-rp/antsBrainExtraction/sub-s014/BrainExtractionBrain.nii.gz
OUTPUT_DIR: /home/mdugre/scratch/mri-registration-rp/datasets/ds004513/derivatives/mri-registration-rp/0001/antsRegistration-r7-p9/sub-s014

FIXED_IMG: /templateflow/tpl-MNI152NLin2009cAsym/tpl-MNI152NLin2009cAsym_res-01_desc-brain_T1w.nii.gz
DATA_DIR: /home/mdugre/scratch/mri-registration-rp/datasets/ds004513
TEMPLATEFLOW_DIR: /home/mdugre/projects/rrg-glatard/mdugre/templateflow
ITK_GLOBAL_DEFAULT_NUMBER_OF_THREADS: 16
##########################

Info [verificarlo]: loaded backend libinterflop_ieee.so
Info [interflop-ieee]: load backend with:
Info [interflop-ieee]: debug = false
Info [interflop-ieee]: debug-binary = false
Info [interflop-ieee]: no-backend-name = false
Info [interflop-ieee]: print-new-line = false
Info [interflop-ieee]: print-subnormal-normalized = false
Info [interflop-ieee]: count-op = false
All_Command_lines_OK
Using double precision for computations.
=============================================================================
The composite transform comprises the following transforms (in order): 
  1. Center of mass alignment using fixed image: /templateflow/tpl-MNI152NLin2009cAsym/tpl-MNI152NLin2009cAsym_res-01_desc-brain_T1w.nii.gz and moving image: /home/mdugre/scratch/mri-registration-rp/datasets/ds004513/derivatives/mri-registration-rp/antsBrainExtraction/sub-s014/BrainExtractionBrain.nii.gz (type = Euler3DTransform)
=============================================================================
  number of levels = 1
  fixed image: /templateflow/tpl-MNI152NLin2009cAsym/tpl-MNI152NLin2009cAsym_res-01_desc-brain_T1w.nii.gz
  moving image: /home/mdugre/scratch/mri-registration-rp/datasets/ds004513/derivatives/mri-registration-rp/antsBrainExtraction/sub-s014/BrainExtractionBrain.nii.gz
Dimension = 3
Number of stages = 1
Use histogram matching = false
Winsorize image intensities = true
  Lower quantile = 0.005
  Upper quantile = 0.995


Stage 1 State
   Image metric = MattesMI
     Fixed image = Image (0x4a90bd0)
  RTTI typeinfo:   itk::Image<double, 3u>
  Reference Count: 2
  Modified Time: 2334
  Debug: Off
  Object Name: 
  Observers: 
    none
  Source: (none)
  Source output name: (none)
  Release Data: Off
  Data Released: False
  Global Release Data: Off
  PipelineMTime: 0
  UpdateMTime: 1943
  RealTimeStamp: 0 seconds 
  LargestPossibleRegion: 
    Dimension: 3
    Index: [0, 0, 0]
    Size: [193, 229, 193]
  BufferedRegion: 
    Dimension: 3
    Index: [0, 0, 0]
    Size: [193, 229, 193]
  RequestedRegion: 
    Dimension: 3
    Index: [0, 0, 0]
    Size: [193, 229, 193]
  Spacing: [1, 1, 1]
  Origin: [96, 132, -78]
  Direction: 
-1 0 0
0 -1 0
0 0 1

  IndexToPointMatrix: 
-1 0 0
0 -1 0
0 0 1

  PointToIndexMatrix: 
-1 0 0
0 -1 0
0 0 1

  Inverse Direction: 
-1 0 0
0 -1 0
0 0 1

  PixelContainer: 
    ImportImageContainer (0x4ae8930)
      RTTI typeinfo:   itk::ImportImageContainer<unsigned long, double>
      Reference Count: 1
      Modified Time: 1940
      Debug: Off
      Object Name: 
      Observers: 
        none
      Pointer: 0x152ffff5a010
      Container manages memory: true
      Size: 8530021
      Capacity: 8530021

     Moving image = Image (0x4b80610)
  RTTI typeinfo:   itk::Image<double, 3u>
  Reference Count: 2
  Modified Time: 2335
  Debug: Off
  Object Name: 
  Observers: 
    none
  Source: (none)
  Source output name: (none)
  Release Data: Off
  Data Released: False
  Global Release Data: Off
  PipelineMTime: 0
  UpdateMTime: 2332
  RealTimeStamp: 0 seconds 
  LargestPossibleRegion: 
    Dimension: 3
    Index: [0, 0, 0]
    Size: [160, 240, 256]
  BufferedRegion: 
    Dimension: 3
    Index: [0, 0, 0]
    Size: [160, 240, 256]
  RequestedRegion: 
    Dimension: 3
    Index: [0, 0, 0]
    Size: [160, 240, 256]
  Spacing: [0.999999, 1, 1]
  Origin: [84.1637, 106.709, -120.531]
  Direction: 
-0.999619 -0.0226874 -0.0157033
0.0226846 -0.999743 0.00035635
-0.0157073 -7.8229e-09 0.999877

  IndexToPointMatrix: 
-0.999619 -0.0226874 -0.0157033
0.0226845 -0.999743 0.00035635
-0.0157073 -7.8229e-09 0.999877

  PointToIndexMatrix: 
-0.99962 0.0226846 -0.0157073
-0.0226874 -0.999743 -7.83127e-09
-0.0157033 0.00035635 0.999877

  Inverse Direction: 
-0.999619 0.0226846 -0.0157073
-0.0226874 -0.999743 -7.83127e-09
-0.0157033 0.00035635 0.999877

  PixelContainer: 
    ImportImageContainer (0x4ac0850)
      RTTI typeinfo:   itk::ImportImageContainer<unsigned long, double>
      Reference Count: 1
      Modified Time: 2329
      Debug: Off
      Object Name: 
      Observers: 
        none
      Pointer: 0x152ffb459010
      Container manages memory: true
      Size: 9830400
      Capacity: 9830400

     Weighting = 1
     Sampling strategy = regular
     Number of bins = 32
     Radius = 4
     Sampling percentage  = 0.25
   Transform = Rigid
     Gradient step = 0.1
     Update field sigma (voxel space) = 0
     Total field sigma (voxel space) = 0
     Update field time sigma = 0
     Total field time sigma  = 0
     Number of time indices = 0
     Number of time point samples = 0
Registration using 1 total stages.

Stage 0
  iterations = 0
  convergence threshold = 1e-06
  convergence window size = 10
  number of levels = 1
  using the Mattes MI metric (number of bins = 32, weight = 1, use gradient filter = 0)
  preprocessing:  winsorizing the image intensities
  Shrink factors (level 1 out of 1): [1, 1, 1]
  smoothing sigmas per level: [0]
  regular sampling (percentage = 0.25)

*** Running Euler3DTransform registration ***

  Elapsed time (stage 0): 1.10556


Total elapsed time: 1.10784
Info [verificarlo]: loaded backend libinterflop_ieee.so
Info [interflop-ieee]: load backend with:
Info [interflop-ieee]: debug = false
Info [interflop-ieee]: debug-binary = false
Info [interflop-ieee]: no-backend-name = false
Info [interflop-ieee]: print-new-line = false
Info [interflop-ieee]: print-subnormal-normalized = false
Info [interflop-ieee]: count-op = false
All_Command_lines_OK
Using double precision for computations.
=============================================================================
The composite transform comprises the following transforms (in order): 
  1. /home/mdugre/scratch/mri-registration-rp/datasets/ds004513/derivatives/mri-registration-rp/0001/antsRegistration-r7-p9/sub-s014/align_Composite.h5[0] (type = Euler3DTransform)
  2. /home/mdugre/scratch/mri-registration-rp/datasets/ds004513/derivatives/mri-registration-rp/0001/antsRegistration-r7-p9/sub-s014/align_Composite.h5[1] (type = Euler3DTransform)
=============================================================================
  number of levels = 4
  fixed image: /templateflow/tpl-MNI152NLin2009cAsym/tpl-MNI152NLin2009cAsym_res-01_desc-brain_T1w.nii.gz
  moving image: /home/mdugre/scratch/mri-registration-rp/datasets/ds004513/derivatives/mri-registration-rp/antsBrainExtraction/sub-s014/BrainExtractionBrain.nii.gz
Dimension = 3
Number of stages = 1
Use histogram matching = false
Winsorize image intensities = true
  Lower quantile = 0.005
  Upper quantile = 0.995


Stage 1 State
   Image metric = MattesMI
     Fixed image = Image (0x3bc6530)
  RTTI typeinfo:   itk::Image<double, 3u>
  Reference Count: 2
  Modified Time: 1580
  Debug: Off
  Object Name: 
  Observers: 
    none
  Source: (none)
  Source output name: (none)
  Release Data: Off
  Data Released: False
  Global Release Data: Off
  PipelineMTime: 0
  UpdateMTime: 1189
  RealTimeStamp: 0 seconds 
  LargestPossibleRegion: 
    Dimension: 3
    Index: [0, 0, 0]
    Size: [193, 229, 193]
  BufferedRegion: 
    Dimension: 3
    Index: [0, 0, 0]
    Size: [193, 229, 193]
  RequestedRegion: 
    Dimension: 3
    Index: [0, 0, 0]
    Size: [193, 229, 193]
  Spacing: [1, 1, 1]
  Origin: [96, 132, -78]
  Direction: 
-1 0 0
0 -1 0
0 0 1

  IndexToPointMatrix: 
-1 0 0
0 -1 0
0 0 1

  PointToIndexMatrix: 
-1 0 0
0 -1 0
0 0 1

  Inverse Direction: 
-1 0 0
0 -1 0
0 0 1

  PixelContainer: 
    ImportImageContainer (0x3c84d60)
      RTTI typeinfo:   itk::ImportImageContainer<unsigned long, double>
      Reference Count: 1
      Modified Time: 1186
      Debug: Off
      Object Name: 
      Observers: 
        none
      Pointer: 0x15274e559010
      Container manages memory: true
      Size: 8530021
      Capacity: 8530021

     Moving image = Image (0x3c76f60)
  RTTI typeinfo:   itk::Image<double, 3u>
  Reference Count: 2
  Modified Time: 1581
  Debug: Off
  Object Name: 
  Observers: 
    none
  Source: (none)
  Source output name: (none)
  Release Data: Off
  Data Released: False
  Global Release Data: Off
  PipelineMTime: 0
  UpdateMTime: 1578
  RealTimeStamp: 0 seconds 
  LargestPossibleRegion: 
    Dimension: 3
    Index: [0, 0, 0]
    Size: [160, 240, 256]
  BufferedRegion: 
    Dimension: 3
    Index: [0, 0, 0]
    Size: [160, 240, 256]
  RequestedRegion: 
    Dimension: 3
    Index: [0, 0, 0]
    Size: [160, 240, 256]
  Spacing: [0.999999, 1, 1]
  Origin: [84.1637, 106.709, -120.531]
  Direction: 
-0.999619 -0.0226874 -0.0157033
0.0226846 -0.999743 0.00035635
-0.0157073 -7.8229e-09 0.999877

  IndexToPointMatrix: 
-0.999619 -0.0226874 -0.0157033
0.0226845 -0.999743 0.00035635
-0.0157073 -7.8229e-09 0.999877

  PointToIndexMatrix: 
-0.99962 0.0226846 -0.0157073
-0.0226874 -0.999743 -7.83127e-09
-0.0157033 0.00035635 0.999877

  Inverse Direction: 
-0.999619 0.0226846 -0.0157073
-0.0226874 -0.999743 -7.83127e-09
-0.0157033 0.00035635 0.999877

  PixelContainer: 
    ImportImageContainer (0x3c686d0)
      RTTI typeinfo:   itk::ImportImageContainer<unsigned long, double>
      Reference Count: 1
      Modified Time: 1575
      Debug: Off
      Object Name: 
      Observers: 
        none
      Pointer: 0x152749a58010
      Container manages memory: true
      Size: 9830400
      Capacity: 9830400

     Weighting = 1
     Sampling strategy = regular
     Number of bins = 32
     Radius = 4
     Sampling percentage  = 0.25
   Transform = Rigid
     Gradient step = 0.1
     Update field sigma (voxel space) = 0
     Total field sigma (voxel space) = 0
     Update field time sigma = 0
     Total field time sigma  = 0
     Number of time indices = 0
     Number of time point samples = 0
Registration using 1 total stages.

Stage 0
  iterations = 1000x500x250x100
  convergence threshold = 1e-06
  convergence window size = 10
  number of levels = 4
  using the Mattes MI metric (number of bins = 32, weight = 1, use gradient filter = 0)
  preprocessing:  winsorizing the image intensities
  Shrink factors (level 1 out of 4): [8, 8, 8]
  Shrink factors (level 2 out of 4): [4, 4, 4]
  Shrink factors (level 3 out of 4): [2, 2, 2]
  Shrink factors (level 4 out of 4): [1, 1, 1]
  smoothing sigmas per level: [3, 2, 1, 0]
  regular sampling (percentage = 0.25)

*** Running Euler3DTransform registration ***

DIAGNOSTIC,Iteration,metricValue,convergenceValue,ITERATION_TIME_INDEX,SINCE_LAST
 2DIAGNOSTIC,     1, -4.770821406565e-01, 1.797693134862e+308, 7.7135e-01, 7.7135e-01, 
 2DIAGNOSTIC,     2, -4.784216133942e-01, 1.797693134862e+308, 7.7559e-01, 4.2398e-03, 
 2DIAGNOSTIC,     3, -4.807043200681e-01, 1.797693134862e+308, 7.7988e-01, 4.2882e-03, 
 2DIAGNOSTIC,     4, -4.840264478065e-01, 1.797693134862e+308, 7.8417e-01, 4.2920e-03, 
 2DIAGNOSTIC,     5, -4.883050305770e-01, 1.797693134862e+308, 7.8836e-01, 4.1840e-03, 
 2DIAGNOSTIC,     6, -4.953560426371e-01, 1.797693134862e+308, 7.9310e-01, 4.7472e-03, 
 2DIAGNOSTIC,     7, -5.007350570384e-01, 1.797693134862e+308, 7.9740e-01, 4.3020e-03, 
 2DIAGNOSTIC,     8, -5.013278569503e-01, 1.797693134862e+308, 8.0150e-01, 4.0920e-03, 
 2DIAGNOSTIC,     9, -5.085255256006e-01, 1.797693134862e+308, 8.0630e-01, 4.7998e-03, 
 2DIAGNOSTIC,    10, -5.161992633656e-01, 5.125196520979e-03, 8.1241e-01, 6.1090e-03, 
 2DIAGNOSTIC,    11, -5.167072941437e-01, 4.879252931146e-03, 8.1679e-01, 4.3850e-03, 
 2DIAGNOSTIC,    12, -5.203629876260e-01, 4.481282734468e-03, 8.2106e-01, 4.2689e-03, 
 2DIAGNOSTIC,    13, -5.229718709777e-01, 3.958672533579e-03, 8.2540e-01, 4.3421e-03, 
 2DIAGNOSTIC,    14, -5.250338110829e-01, 3.368007801722e-03, 8.3041e-01, 5.0099e-03, 
 2DIAGNOSTIC,    15, -5.272078697647e-01, 2.786121483390e-03, 8.3687e-01, 6.4549e-03, 
 2DIAGNOSTIC,    16, -5.275715603977e-01, 2.284098302163e-03, 8.4110e-01, 4.2338e-03, 
 2DIAGNOSTIC,    17, -5.282507656511e-01, 1.839921123739e-03, 8.4531e-01, 4.2090e-03, 
 2DIAGNOSTIC,    18, -5.289722876065e-01, 1.313912041896e-03, 8.4956e-01, 4.2470e-03, 
 2DIAGNOSTIC,    19, -5.292207410111e-01, 9.370568707346e-04, 8.5427e-01, 4.7181e-03, 
 2DIAGNOSTIC,    20, -5.294476960672e-01, 7.341365573344e-04, 8.5898e-01, 4.7030e-03, 
 2DIAGNOSTIC,    21, -5.294955840903e-01, 4.966190831879e-04, 8.6310e-01, 4.1189e-03, 
 2DIAGNOSTIC,    22, -5.295366245031e-01, 3.281311959338e-04, 8.6770e-01, 4.6010e-03, 
 2DIAGNOSTIC,    23, -5.295376311909e-01, 2.063244245670e-04, 8.7254e-01, 4.8399e-03, 
 2DIAGNOSTIC,    24, -5.295911249027e-01, 1.234508389556e-04, 8.7735e-01, 4.8110e-03, 
 2DIAGNOSTIC,    25, -5.296271130647e-01, 8.499150549819e-05, 8.8203e-01, 4.6790e-03, 
 2DIAGNOSTIC,    26, -5.296539599385e-01, 4.983583932658e-05, 8.8616e-01, 4.1358e-03, 
 2DIAGNOSTIC,    27, -5.297704229811e-01, 2.877322816112e-05, 8.9053e-01, 4.3700e-03, 
 2DIAGNOSTIC,    28, -5.299884954871e-01, 2.504887533283e-05, 8.9620e-01, 5.6670e-03, 
 2DIAGNOSTIC,    29, -5.300854192463e-01, 2.569611953747e-05, 9.0115e-01, 4.9510e-03, 
 2DIAGNOSTIC,    30, -5.300410324622e-01, 2.732899345741e-05, 9.0549e-01, 4.3371e-03, 
 2DIAGNOSTIC,    31, -5.300376932143e-01, 2.724560549713e-05, 9.0958e-01, 4.0901e-03, 
 2DIAGNOSTIC,    32, -5.301686264233e-01, 2.763232919842e-05, 9.1386e-01, 4.2832e-03, 
 2DIAGNOSTIC,    33, -5.303926738418e-01, 2.905769096756e-05, 9.1897e-01, 5.1091e-03, 
 2DIAGNOSTIC,    34, -5.304519664598e-01, 2.945835347743e-05, 9.2403e-01, 5.0650e-03, 
 2DIAGNOSTIC,    35, -5.305073139181e-01, 2.868169327473e-05, 9.2814e-01, 4.1080e-03, 
 2DIAGNOSTIC,    36, -5.305686017146e-01, 2.670517372071e-05, 9.3224e-01, 4.1020e-03, 
 2DIAGNOSTIC,    37, -5.306602858940e-01, 2.533264911216e-05, 9.3779e-01, 5.5480e-03, 
 2DIAGNOSTIC,    38, -5.306881156229e-01, 2.512162424134e-05, 9.4190e-01, 4.1080e-03, 
 2DIAGNOSTIC,    39, -5.307317416633e-01, 2.461885298007e-05, 9.4601e-01, 4.1139e-03, 
 2DIAGNOSTIC,    40, -5.308225091353e-01, 2.257034275985e-05, 9.5183e-01, 5.8110e-03, 
 2DIAGNOSTIC,    41, -5.308460424124e-01, 1.877385526282e-05, 9.5601e-01, 4.1800e-03, 
 2DIAGNOSTIC,    42, -5.308561837321e-01, 1.520831957815e-05, 9.6030e-01, 4.2908e-03, 
 2DIAGNOSTIC,    43, -5.308777649273e-01, 1.355835177799e-05, 9.6440e-01, 4.1060e-03, 
 2DIAGNOSTIC,    44, -5.309114036110e-01, 1.190613944957e-05, 9.6851e-01, 4.1029e-03, 
 2DIAGNOSTIC,    45, -5.310262965518e-01, 1.129423567168e-05, 9.7507e-01, 6.5670e-03, 
 2DIAGNOSTIC,    46, -5.310374074445e-01, 1.049838942539e-05, 9.7916e-01, 4.0829e-03, 
 2DIAGNOSTIC,    47, -5.310434720121e-01, 9.962263454275e-06, 9.8333e-01, 4.1730e-03, 
 2DIAGNOSTIC,    48, -5.310518853633e-01, 8.989886109763e-06, 9.8742e-01, 4.0960e-03, 
 2DIAGNOSTIC,    49, -5.310584329536e-01, 7.783359503157e-06, 9.9277e-01, 5.3489e-03, 
 2DIAGNOSTIC,    50, -5.310645817646e-01, 6.973833584542e-06, 9.9830e-01, 5.5301e-03, 
 2DIAGNOSTIC,    51, -5.310656430617e-01, 5.851695600929e-06, 1.0024e+00, 4.1020e-03, 
 2DIAGNOSTIC,    52, -5.310738190001e-01, 4.481863510139e-06, 1.0070e+00, 4.6418e-03, 
 2DIAGNOSTIC,    53, -5.310768127969e-01, 3.049471521709e-06, 1.0116e+00, 4.5941e-03, 
 2DIAGNOSTIC,    54, -5.310775506016e-01, 1.750844720372e-06, 1.0158e+00, 4.1590e-03, 
 2DIAGNOSTIC,    55, -5.310817434211e-01, 1.565716413226e-06, 1.0199e+00, 4.1349e-03, 
 2DIAGNOSTIC,    56, -5.310870994121e-01, 1.452195857583e-06, 1.0245e+00, 4.5979e-03, 
 2DIAGNOSTIC,    57, -5.310885232961e-01, 1.327089154912e-06, 1.0292e+00, 4.6182e-03, 
 2DIAGNOSTIC,    58, -5.310914487850e-01, 1.238639651065e-06, 1.0337e+00, 4.5722e-03, 
 2DIAGNOSTIC,    59, -5.311015678587e-01, 1.240623596594e-06, 1.0387e+00, 5.0211e-03, 
 2DIAGNOSTIC,    60, -5.311021904297e-01, 1.235244578929e-06, 1.0428e+00, 4.0791e-03, 
 2DIAGNOSTIC,    61, -5.311059901820e-01, 1.204917779121e-06, 1.0556e+00, 1.2817e-02, 
 2DIAGNOSTIC,    62, -5.311059901659e-01, 1.182103197401e-06, 1.0684e+00, 1.2792e-02, 
 2DIAGNOSTIC,    63, -5.311059901659e-01, 1.122797857810e-06, 1.0744e+00, 5.9710e-03, 
 2DIAGNOSTIC,    64, -5.311059901659e-01, 1.011506956500e-06, 1.0789e+00, 4.5362e-03, 
DIAGNOSTIC,Iteration,metricValue,convergenceValue,ITERATION_TIME_INDEX,SINCE_LAST
 2DIAGNOSTIC,     1, -4.295258231625e-01, 1.797693134862e+308, 1.8107e+00, 7.3173e-01, 
 2DIAGNOSTIC,     2, -4.302859640432e-01, 1.797693134862e+308, 1.8406e+00, 2.9910e-02, 
 2DIAGNOSTIC,     3, -4.309651196675e-01, 1.797693134862e+308, 1.8700e+00, 2.9395e-02, 
 2DIAGNOSTIC,     4, -4.317164347764e-01, 1.797693134862e+308, 1.8990e+00, 2.9043e-02, 
 2DIAGNOSTIC,     5, -4.325561938345e-01, 1.797693134862e+308, 1.9275e+00, 2.8465e-02, 
 2DIAGNOSTIC,     6, -4.341819580778e-01, 1.797693134862e+308, 1.9561e+00, 2.8587e-02, 
 2DIAGNOSTIC,     7, -4.354327949460e-01, 1.797693134862e+308, 1.9852e+00, 2.9125e-02, 
 2DIAGNOSTIC,     8, -4.367134834400e-01, 1.797693134862e+308, 2.0179e+00, 3.2701e-02, 
 2DIAGNOSTIC,     9, -4.377076816053e-01, 1.797693134862e+308, 2.0581e+00, 4.0188e-02, 
 2DIAGNOSTIC,    10, -4.379510214292e-01, 1.375954781896e-03, 2.0864e+00, 2.8309e-02, 
 2DIAGNOSTIC,    11, -4.381306699705e-01, 1.211218579670e-03, 2.1152e+00, 2.8854e-02, 
 2DIAGNOSTIC,    12, -4.403708091232e-01, 1.128184042330e-03, 2.1482e+00, 3.2979e-02, 
 2DIAGNOSTIC,    13, -4.435986505901e-01, 1.148562288768e-03, 2.1842e+00, 3.5933e-02, 
 2DIAGNOSTIC,    14, -4.436199448269e-01, 1.094787363465e-03, 2.2121e+00, 2.7989e-02, 
 2DIAGNOSTIC,    15, -4.445052017216e-01, 1.025845793290e-03, 2.2414e+00, 2.9278e-02, 
 2DIAGNOSTIC,    16, -4.479362667313e-01, 1.077370592496e-03, 2.2806e+00, 3.9143e-02, 
 2DIAGNOSTIC,    17, -4.481475950961e-01, 1.073587591113e-03, 2.3093e+00, 2.8731e-02, 
 2DIAGNOSTIC,    18, -4.482020490471e-01, 1.018146303859e-03, 2.3409e+00, 3.1569e-02, 
 2DIAGNOSTIC,    19, -4.481966708746e-01, 9.107728237503e-04, 2.3921e+00, 5.1281e-02, 
 2DIAGNOSTIC,    20, -4.481953336057e-01, 7.394369056377e-04, 2.4200e+00, 2.7892e-02, 
 2DIAGNOSTIC,    21, -4.481954334341e-01, 5.189437699738e-04, 2.4550e+00, 3.4956e-02, 
 2DIAGNOSTIC,    22, -4.482018534019e-01, 3.337448812048e-04, 2.4865e+00, 3.1553e-02, 
 2DIAGNOSTIC,    23, -4.481921491885e-01, 2.259319894005e-04, 2.5138e+00, 2.7242e-02, 
 2DIAGNOSTIC,    24, -4.482074312943e-01, 1.077320619885e-04, 2.5458e+00, 3.1991e-02, 
 2DIAGNOSTIC,    25, -4.482144439021e-01, 9.691655946970e-06, 2.5830e+00, 3.7238e-02, 
 2DIAGNOSTIC,    26, -4.482116709969e-01, 3.273679075974e-06, 2.6150e+00, 3.2024e-02, 
 2DIAGNOSTIC,    27, -4.482088353462e-01, 2.084625572739e-06, 2.6505e+00, 3.5424e-02, 
 2DIAGNOSTIC,    28, -4.482139219842e-01, 2.274303111470e-06, 2.6808e+00, 3.0303e-02, 
 2DIAGNOSTIC,    29, -4.482420866205e-01, 2.842584880362e-06, 2.7140e+00, 3.3222e-02, 
 2DIAGNOSTIC,    30, -4.482455732499e-01, 3.232685408881e-06, 2.7504e+00, 3.6377e-02, 
 2DIAGNOSTIC,    31, -4.482405886251e-01, 3.298137161753e-06, 2.7876e+00, 3.7193e-02, 
 2DIAGNOSTIC,    32, -4.482290914666e-01, 3.068920557216e-06, 2.8208e+00, 3.3200e-02, 
 2DIAGNOSTIC,    33, -4.482261087215e-01, 2.406543278891e-06, 2.8558e+00, 3.5016e-02, 
 2DIAGNOSTIC,    34, -4.482147421046e-01, 1.704267242698e-06, 2.8957e+00, 3.9931e-02, 
 2DIAGNOSTIC,    35, -4.482170221417e-01, 1.142410948039e-06, 2.9272e+00, 3.1441e-02, 
DIAGNOSTIC,Iteration,metricValue,convergenceValue,ITERATION_TIME_INDEX,SINCE_LAST
 2DIAGNOSTIC,     1, -3.932184618477e-01, 1.797693134862e+308, 3.9863e+00, 1.0592e+00, 
 2DIAGNOSTIC,     2, -3.933350080410e-01, 1.797693134862e+308, 4.2263e+00, 2.4002e-01, 
 2DIAGNOSTIC,     3, -3.934316047282e-01, 1.797693134862e+308, 4.4627e+00, 2.3641e-01, 
 2DIAGNOSTIC,     4, -3.934445201253e-01, 1.797693134862e+308, 4.7520e+00, 2.8924e-01, 
 2DIAGNOSTIC,     5, -3.934561040956e-01, 1.797693134862e+308, 5.0183e+00, 2.6631e-01, 
 2DIAGNOSTIC,     6, -3.934557400008e-01, 1.797693134862e+308, 5.2909e+00, 2.7266e-01, 
 2DIAGNOSTIC,     7, -3.934568947454e-01, 1.797693134862e+308, 5.7112e+00, 4.2030e-01, 
 2DIAGNOSTIC,     8, -3.934560026269e-01, 1.797693134862e+308, 5.9924e+00, 2.8114e-01, 
 2DIAGNOSTIC,     9, -3.934553706979e-01, 1.797693134862e+308, 6.3005e+00, 3.0812e-01, 
 2DIAGNOSTIC,    10, -3.934548435361e-01, 2.950388404073e-05, 6.5664e+00, 2.6591e-01, 
 2DIAGNOSTIC,    11, -3.934535150399e-01, 1.251787825059e-05, 6.8494e+00, 2.8294e-01, 
 2DIAGNOSTIC,    12, -3.934529103318e-01, 4.334107731332e-06, 7.0779e+00, 2.2856e-01, 
 2DIAGNOSTIC,    13, -3.934523311882e-01, 2.580302370936e-06, 7.3097e+00, 2.3176e-01, 
 2DIAGNOSTIC,    14, -3.934518640438e-01, 1.691075507237e-06, 7.5870e+00, 2.7732e-01, 
 2DIAGNOSTIC,    15, -3.934519733970e-01, 1.537715193789e-06, 7.8369e+00, 2.4991e-01, 
 2DIAGNOSTIC,    16, -3.934513609086e-01, 1.410839983271e-06, 8.0418e+00, 2.0493e-01, 
 2DIAGNOSTIC,    17, -3.934508379799e-01, 1.380509539371e-06, 8.2924e+00, 2.5057e-01, 
 2DIAGNOSTIC,    18, -3.934502559286e-01, 1.340256877390e-06, 8.5173e+00, 2.2492e-01, 
 2DIAGNOSTIC,    19, -3.934497851281e-01, 1.301860421667e-06, 8.7730e+00, 2.5569e-01, 
 2DIAGNOSTIC,    20, -3.934499621157e-01, 1.290039341920e-06, 8.9875e+00, 2.1450e-01, 
 2DIAGNOSTIC,    21, -3.934502604454e-01, 1.271710257281e-06, 9.2301e+00, 2.4255e-01, 
 2DIAGNOSTIC,    22, -3.934498715123e-01, 1.245514175185e-06, 9.4649e+00, 2.3485e-01, 
 2DIAGNOSTIC,    23, -3.934501306758e-01, 1.231426882430e-06, 9.6926e+00, 2.2769e-01, 
 2DIAGNOSTIC,    24, -3.934495535228e-01, 1.200792340568e-06, 9.9081e+00, 2.1551e-01, 
 2DIAGNOSTIC,    25, -3.934490927141e-01, 1.174527742107e-06, 1.0136e+01, 2.2764e-01, 
 2DIAGNOSTIC,    26, -3.934495815820e-01, 1.156238078712e-06, 1.0366e+01, 2.3074e-01, 
 2DIAGNOSTIC,    27, -3.934510332417e-01, 1.170201595839e-06, 1.0612e+01, 2.4543e-01, 
 2DIAGNOSTIC,    28, -3.934498669787e-01, 1.138213963602e-06, 1.0831e+01, 2.1888e-01, 
 2DIAGNOSTIC,    29, -3.934494067450e-01, 1.086573204419e-06, 1.1065e+01, 2.3400e-01, 
 2DIAGNOSTIC,    30, -3.934490070536e-01, 1.034518199376e-06, 1.1330e+01, 2.6492e-01, 
 2DIAGNOSTIC,    31, -3.934493551755e-01, 1.002859603950e-06, 1.1537e+01, 2.0700e-01, 
 2DIAGNOSTIC,    32, -3.934514388527e-01, 1.012149922076e-06, 1.1772e+01, 2.3517e-01, 
 2DIAGNOSTIC,    33, -3.934519791212e-01, 1.036071958199e-06, 1.1981e+01, 2.0864e-01, 
 2DIAGNOSTIC,    34, -3.934514161588e-01, 1.029042954168e-06, 1.2209e+01, 2.2882e-01, 
 2DIAGNOSTIC,    35, -3.934525147973e-01, 1.027695456585e-06, 1.2456e+01, 2.4711e-01, 
 2DIAGNOSTIC,    36, -3.934539683565e-01, 1.051995610353e-06, 1.2706e+01, 2.4949e-01, 
 2DIAGNOSTIC,    37, -3.934536117008e-01, 1.079271449326e-06, 1.2934e+01, 2.2786e-01, 
 2DIAGNOSTIC,    38, -3.934525130398e-01, 1.042002358408e-06, 1.3172e+01, 2.3805e-01, 
DIAGNOSTIC,Iteration,metricValue,convergenceValue,ITERATION_TIME_INDEX,SINCE_LAST
 2DIAGNOSTIC,     1, -3.660000231777e-01, 1.797693134862e+308, 1.5758e+01, 2.5865e+00, 
 2DIAGNOSTIC,     2, -3.661006044698e-01, 1.797693134862e+308, 1.7447e+01, 1.6887e+00, 
 2DIAGNOSTIC,     3, -3.661940053376e-01, 1.797693134862e+308, 1.8990e+01, 1.5431e+00, 
 2DIAGNOSTIC,     4, -3.662025643851e-01, 1.797693134862e+308, 2.1480e+01, 2.4894e+00, 
 2DIAGNOSTIC,     5, -3.662022977272e-01, 1.797693134862e+308, 2.3290e+01, 1.8105e+00, 
 2DIAGNOSTIC,     6, -3.662022733137e-01, 1.797693134862e+308, 2.4841e+01, 1.5512e+00, 
 2DIAGNOSTIC,     7, -3.662021510295e-01, 1.797693134862e+308, 2.6374e+01, 1.5326e+00, 
 2DIAGNOSTIC,     8, -3.662021104653e-01, 1.797693134862e+308, 2.7934e+01, 1.5598e+00, 
 2DIAGNOSTIC,     9, -3.662019867495e-01, 1.797693134862e+308, 2.9554e+01, 1.6204e+00, 
 2DIAGNOSTIC,    10, -3.662019340553e-01, 2.615307280460e-05, 3.1132e+01, 1.5782e+00, 
 2DIAGNOSTIC,    11, -3.662019021278e-01, 1.049209111816e-05, 3.2812e+01, 1.6801e+00, 
 2DIAGNOSTIC,    12, -3.662017877726e-01, 3.091361671106e-06, 3.4297e+01, 1.4850e+00, 
 2DIAGNOSTIC,    13, -3.662019075572e-01, 2.358435260266e-06, 3.5859e+01, 1.5619e+00, 
 2DIAGNOSTIC,    14, -3.662018586996e-01, 2.210206214118e-06, 3.7375e+01, 1.5157e+00, 
 2DIAGNOSTIC,    15, -3.662018920022e-01, 2.075386425493e-06, 3.8952e+01, 1.5774e+00, 
 2DIAGNOSTIC,    16, -3.662018421263e-01, 1.958104258168e-06, 4.0343e+01, 1.3911e+00, 
 2DIAGNOSTIC,    17, -3.662017315545e-01, 1.846828492809e-06, 4.1846e+01, 1.5028e+00, 
 2DIAGNOSTIC,    18, -3.662016584430e-01, 1.745449647254e-06, 4.3343e+01, 1.4972e+00, 
 2DIAGNOSTIC,    19, -3.662015876212e-01, 1.648798698170e-06, 4.4950e+01, 1.6060e+00, 
 2DIAGNOSTIC,    20, -3.662013732816e-01, 1.553843706675e-06, 4.6449e+01, 1.4992e+00, 
 2DIAGNOSTIC,    21, -3.662013254823e-01, 1.468744425172e-06, 4.8453e+01, 2.0042e+00, 
 2DIAGNOSTIC,    22, -3.662011170250e-01, 1.384171177711e-06, 5.0063e+01, 1.6105e+00, 
 2DIAGNOSTIC,    23, -3.662008967155e-01, 1.309503433237e-06, 5.1504e+01, 1.4408e+00, 
 2DIAGNOSTIC,    24, -3.662008589171e-01, 1.245216065877e-06, 5.3019e+01, 1.5150e+00, 
 2DIAGNOSTIC,    25, -3.662009022415e-01, 1.195923330949e-06, 5.4632e+01, 1.6133e+00, 
 2DIAGNOSTIC,    26, -3.662008588519e-01, 1.154782490034e-06, 5.5975e+01, 1.3426e+00, 
 2DIAGNOSTIC,    27, -3.662010886841e-01, 1.126687632233e-06, 5.7461e+01, 1.4861e+00, 
 2DIAGNOSTIC,    28, -3.662011544890e-01, 1.105168464757e-06, 5.8962e+01, 1.5004e+00, 
 2DIAGNOSTIC,    29, -3.662007271131e-01, 1.074819806601e-06, 6.0712e+01, 1.7502e+00, 
 2DIAGNOSTIC,    30, -3.662006710184e-01, 1.041888254727e-06, 6.2331e+01, 1.6195e+00, 
 2DIAGNOSTIC,    31, -3.662006079341e-01, 1.010052169945e-06, 6.3976e+01, 1.6448e+00, 
  Elapsed time (stage 0): 6.4854e+01


Total elapsed time: 6.4857e+01
Info [verificarlo]: loaded backend libinterflop_ieee.so
Info [interflop-ieee]: load backend with:
Info [interflop-ieee]: debug = false
Info [interflop-ieee]: debug-binary = false
Info [interflop-ieee]: no-backend-name = false
Info [interflop-ieee]: print-new-line = false
Info [interflop-ieee]: print-subnormal-normalized = false
Info [interflop-ieee]: count-op = false
All_Command_lines_OK
Using double precision for computations.
=============================================================================
The composite transform comprises the following transforms (in order): 
  1. /home/mdugre/scratch/mri-registration-rp/datasets/ds004513/derivatives/mri-registration-rp/0001/antsRegistration-r7-p9/sub-s014/rigid_Composite.h5[0] (type = Euler3DTransform)
  2. /home/mdugre/scratch/mri-registration-rp/datasets/ds004513/derivatives/mri-registration-rp/0001/antsRegistration-r7-p9/sub-s014/rigid_Composite.h5[1] (type = Euler3DTransform)
  3. /home/mdugre/scratch/mri-registration-rp/datasets/ds004513/derivatives/mri-registration-rp/0001/antsRegistration-r7-p9/sub-s014/rigid_Composite.h5[2] (type = Euler3DTransform)
=============================================================================
  number of levels = 4
  fixed image: /templateflow/tpl-MNI152NLin2009cAsym/tpl-MNI152NLin2009cAsym_res-01_desc-brain_T1w.nii.gz
  moving image: /home/mdugre/scratch/mri-registration-rp/datasets/ds004513/derivatives/mri-registration-rp/antsBrainExtraction/sub-s014/BrainExtractionBrain.nii.gz
Dimension = 3
Number of stages = 1
Use histogram matching = false
Winsorize image intensities = true
  Lower quantile = 0.005
  Upper quantile = 0.995


Stage 1 State
   Image metric = MattesMI
     Fixed image = Image (0x45de530)
  RTTI typeinfo:   itk::Image<double, 3u>
  Reference Count: 2
  Modified Time: 1594
  Debug: Off
  Object Name: 
  Observers: 
    none
  Source: (none)
  Source output name: (none)
  Release Data: Off
  Data Released: False
  Global Release Data: Off
  PipelineMTime: 0
  UpdateMTime: 1203
  RealTimeStamp: 0 seconds 
  LargestPossibleRegion: 
    Dimension: 3
    Index: [0, 0, 0]
    Size: [193, 229, 193]
  BufferedRegion: 
    Dimension: 3
    Index: [0, 0, 0]
    Size: [193, 229, 193]
  RequestedRegion: 
    Dimension: 3
    Index: [0, 0, 0]
    Size: [193, 229, 193]
  Spacing: [1, 1, 1]
  Origin: [96, 132, -78]
  Direction: 
-1 0 0
0 -1 0
0 0 1

  IndexToPointMatrix: 
-1 0 0
0 -1 0
0 0 1

  PointToIndexMatrix: 
-1 0 0
0 -1 0
0 0 1

  Inverse Direction: 
-1 0 0
0 -1 0
0 0 1

  PixelContainer: 
    ImportImageContainer (0x46972a0)
      RTTI typeinfo:   itk::ImportImageContainer<unsigned long, double>
      Reference Count: 1
      Modified Time: 1200
      Debug: Off
      Object Name: 
      Observers: 
        none
      Pointer: 0x1550a070c010
      Container manages memory: true
      Size: 8530021
      Capacity: 8530021

     Moving image = Image (0x4699e60)
  RTTI typeinfo:   itk::Image<double, 3u>
  Reference Count: 2
  Modified Time: 1595
  Debug: Off
  Object Name: 
  Observers: 
    none
  Source: (none)
  Source output name: (none)
  Release Data: Off
  Data Released: False
  Global Release Data: Off
  PipelineMTime: 0
  UpdateMTime: 1592
  RealTimeStamp: 0 seconds 
  LargestPossibleRegion: 
    Dimension: 3
    Index: [0, 0, 0]
    Size: [160, 240, 256]
  BufferedRegion: 
    Dimension: 3
    Index: [0, 0, 0]
    Size: [160, 240, 256]
  RequestedRegion: 
    Dimension: 3
    Index: [0, 0, 0]
    Size: [160, 240, 256]
  Spacing: [0.999999, 1, 1]
  Origin: [84.1637, 106.709, -120.531]
  Direction: 
-0.999619 -0.0226874 -0.0157033
0.0226846 -0.999743 0.00035635
-0.0157073 -7.8229e-09 0.999877

  IndexToPointMatrix: 
-0.999619 -0.0226874 -0.0157033
0.0226845 -0.999743 0.00035635
-0.0157073 -7.8229e-09 0.999877

  PointToIndexMatrix: 
-0.99962 0.0226846 -0.0157073
-0.0226874 -0.999743 -7.83127e-09
-0.0157033 0.00035635 0.999877

  Inverse Direction: 
-0.999619 0.0226846 -0.0157073
-0.0226874 -0.999743 -7.83127e-09
-0.0157033 0.00035635 0.999877

  PixelContainer: 
    ImportImageContainer (0x46cd390)
      RTTI typeinfo:   itk::ImportImageContainer<unsigned long, double>
      Reference Count: 1
      Modified Time: 1589
      Debug: Off
      Object Name: 
      Observers: 
        none
      Pointer: 0x15509bc0b010
      Container manages memory: true
      Size: 9830400
      Capacity: 9830400

     Weighting = 1
     Sampling strategy = regular
     Number of bins = 32
     Radius = 4
     Sampling percentage  = 0.25
   Transform = Affine
     Gradient step = 0.1
     Update field sigma (voxel space) = 0
     Total field sigma (voxel space) = 0
     Update field time sigma = 0
     Total field time sigma  = 0
     Number of time indices = 0
     Number of time point samples = 0
Registration using 1 total stages.

Stage 0
  iterations = 1000x500x250x100
  convergence threshold = 1e-06
  convergence window size = 10
  number of levels = 4
  using the Mattes MI metric (number of bins = 32, weight = 1, use gradient filter = 0)
  preprocessing:  winsorizing the image intensities
  Shrink factors (level 1 out of 4): [8, 8, 8]
  Shrink factors (level 2 out of 4): [4, 4, 4]
  Shrink factors (level 3 out of 4): [2, 2, 2]
  Shrink factors (level 4 out of 4): [1, 1, 1]
  smoothing sigmas per level: [3, 2, 1, 0]
  regular sampling (percentage = 0.25)

*** Running AffineTransform registration ***

DIAGNOSTIC,Iteration,metricValue,convergenceValue,ITERATION_TIME_INDEX,SINCE_LAST
 2DIAGNOSTIC,     1, -5.239750081529e-01, 1.797693134862e+308, 8.2389e-01, 8.2389e-01, 
 2DIAGNOSTIC,     2, -5.258640012224e-01, 1.797693134862e+308, 8.2897e-01, 5.0769e-03, 
 2DIAGNOSTIC,     3, -5.291088179381e-01, 1.797693134862e+308, 8.3390e-01, 4.9300e-03, 
 2DIAGNOSTIC,     4, -5.347710740046e-01, 1.797693134862e+308, 8.3874e-01, 4.8399e-03, 
 2DIAGNOSTIC,     5, -5.449383436083e-01, 1.797693134862e+308, 8.4379e-01, 5.0569e-03, 
 2DIAGNOSTIC,     6, -6.215306087163e-01, 1.797693134862e+308, 8.4945e-01, 5.6570e-03, 
 2DIAGNOSTIC,     7, -6.633610859546e-01, 1.797693134862e+308, 8.5440e-01, 4.9520e-03, 
 2DIAGNOSTIC,     8, -7.298997371016e-01, 1.797693134862e+308, 8.6123e-01, 6.8259e-03, 
 2DIAGNOSTIC,     9, -7.422520749419e-01, 1.797693134862e+308, 8.6623e-01, 4.9980e-03, 
 2DIAGNOSTIC,    10, -7.541338004733e-01, 2.915590099795e-02, 8.7163e-01, 5.4080e-03, 
 2DIAGNOSTIC,    11, -7.649021709784e-01, 2.764846990089e-02, 8.7752e-01, 5.8870e-03, 
 2DIAGNOSTIC,    12, -7.741613409637e-01, 2.434790708331e-02, 8.8455e-01, 7.0269e-03, 
 2DIAGNOSTIC,    13, -7.770750609225e-01, 1.968341530032e-02, 8.9062e-01, 6.0742e-03, 
 2DIAGNOSTIC,    14, -7.814241740036e-01, 1.436951677065e-02, 8.9588e-01, 5.2550e-03, 
 2DIAGNOSTIC,    15, -7.874240633290e-01, 9.014360540173e-03, 9.0224e-01, 6.3579e-03, 
 2DIAGNOSTIC,    16, -7.920939741193e-01, 5.733376488482e-03, 9.0751e-01, 5.2700e-03, 
 2DIAGNOSTIC,    17, -7.957348711685e-01, 3.442742014096e-03, 9.1276e-01, 5.2531e-03, 
 2DIAGNOSTIC,    18, -8.010582157940e-01, 2.769037107491e-03, 9.1934e-01, 6.5839e-03, 
 2DIAGNOSTIC,    19, -8.020626071678e-01, 2.204712659113e-03, 9.2510e-01, 5.7540e-03, 
 2DIAGNOSTIC,    20, -8.025888791178e-01, 1.748786434596e-03, 9.3029e-01, 5.1980e-03, 
 2DIAGNOSTIC,    21, -8.047952079135e-01, 1.424934230468e-03, 9.3603e-01, 5.7321e-03, 
 2DIAGNOSTIC,    22, -8.088022102290e-01, 1.241473363783e-03, 9.4284e-01, 6.8090e-03, 
 2DIAGNOSTIC,    23, -8.108233762967e-01, 1.042923918869e-03, 9.4797e-01, 5.1360e-03, 
 2DIAGNOSTIC,    24, -8.126164593495e-01, 8.656986795200e-04, 9.5318e-01, 5.2109e-03, 
 2DIAGNOSTIC,    25, -8.155469712889e-01, 7.639915650968e-04, 9.5894e-01, 5.7600e-03, 
 2DIAGNOSTIC,    26, -8.215044349621e-01, 7.574945353078e-04, 9.6420e-01, 5.2581e-03, 
 2DIAGNOSTIC,    27, -8.250937426592e-01, 7.799635015481e-04, 9.6995e-01, 5.7530e-03, 
 2DIAGNOSTIC,    28, -8.289003918677e-01, 8.531398594118e-04, 9.7679e-01, 6.8331e-03, 
 2DIAGNOSTIC,    29, -8.297273902490e-01, 8.656220583239e-04, 9.8185e-01, 5.0671e-03, 
 2DIAGNOSTIC,    30, -8.333787531276e-01, 8.492891430825e-04, 9.8693e-01, 5.0771e-03, 
 2DIAGNOSTIC,    31, -8.366909621549e-01, 8.193384708648e-04, 9.9254e-01, 5.6090e-03, 
 2DIAGNOSTIC,    32, -8.378490390140e-01, 7.741395925303e-04, 9.9755e-01, 5.0130e-03, 
 2DIAGNOSTIC,    33, -8.386465850011e-01, 6.920532691910e-04, 1.0032e+00, 5.6510e-03, 
 2DIAGNOSTIC,    34, -8.393182038505e-01, 5.778795950365e-04, 1.0100e+00, 6.8259e-03, 
 2DIAGNOSTIC,    35, -8.396533310003e-01, 4.499997669888e-04, 1.0152e+00, 5.2080e-03, 
 2DIAGNOSTIC,    36, -8.402322195604e-01, 3.544352189223e-04, 1.0204e+00, 5.1999e-03, 
 2DIAGNOSTIC,    37, -8.406980129224e-01, 2.712646148725e-04, 1.0256e+00, 5.1160e-03, 
 2DIAGNOSTIC,    38, -8.411701536040e-01, 2.097699011415e-04, 1.0312e+00, 5.6360e-03, 
 2DIAGNOSTIC,    39, -8.414253620871e-01, 1.416457623182e-04, 1.0369e+00, 5.6841e-03, 
 2DIAGNOSTIC,    40, -8.415173933290e-01, 9.792924293131e-05, 1.0420e+00, 5.0781e-03, 
 2DIAGNOSTIC,    41, -8.423101852166e-01, 8.421505704476e-05, 1.0477e+00, 5.7650e-03, 
 2DIAGNOSTIC,    42, -8.422558252065e-01, 7.264053510294e-05, 1.0534e+00, 5.6620e-03, 
 2DIAGNOSTIC,    43, -8.422800630708e-01, 6.181762206703e-05, 1.0584e+00, 5.0640e-03, 
 2DIAGNOSTIC,    44, -8.430270095870e-01, 5.764988842356e-05, 1.0736e+00, 1.5202e-02, 
 2DIAGNOSTIC,    45, -8.430270024111e-01, 5.073872596404e-05, 1.0788e+00, 5.1439e-03, 
 2DIAGNOSTIC,    46, -8.430270439861e-01, 4.393085991601e-05, 1.0838e+00, 5.0609e-03, 
 2DIAGNOSTIC,    47, -8.430271142619e-01, 3.694313806825e-05, 1.0889e+00, 5.0550e-03, 
 2DIAGNOSTIC,    48, -8.430272330199e-01, 3.042766505102e-05, 1.0940e+00, 5.0941e-03, 
 2DIAGNOSTIC,    49, -8.430274336175e-01, 2.320727721425e-05, 1.0990e+00, 5.0330e-03, 
 2DIAGNOSTIC,    50, -8.430277721966e-01, 1.462887944810e-05, 1.1041e+00, 5.0602e-03, 
 2DIAGNOSTIC,    51, -8.430283429377e-01, 1.082791457979e-05, 1.1091e+00, 5.0230e-03, 
 2DIAGNOSTIC,    52, -8.430293029529e-01, 5.896820610966e-06, 1.1142e+00, 5.0859e-03, 
DIAGNOSTIC,Iteration,metricValue,convergenceValue,ITERATION_TIME_INDEX,SINCE_LAST
 2DIAGNOSTIC,     1, -6.886334636725e-01, 1.797693134862e+308, 1.8251e+00, 7.1087e-01, 
 2DIAGNOSTIC,     2, -6.892642621321e-01, 1.797693134862e+308, 1.8574e+00, 3.2348e-02, 
 2DIAGNOSTIC,     3, -6.897740345317e-01, 1.797693134862e+308, 1.8909e+00, 3.3464e-02, 
 2DIAGNOSTIC,     4, -6.903074193606e-01, 1.797693134862e+308, 1.9295e+00, 3.8638e-02, 
 2DIAGNOSTIC,     5, -6.913203976100e-01, 1.797693134862e+308, 1.9804e+00, 5.0888e-02, 
 2DIAGNOSTIC,     6, -6.930375945730e-01, 1.797693134862e+308, 2.0304e+00, 4.9990e-02, 
 2DIAGNOSTIC,     7, -6.932256898088e-01, 1.797693134862e+308, 2.1139e+00, 8.3477e-02, 
 2DIAGNOSTIC,     8, -6.932516369221e-01, 1.797693134862e+308, 2.1540e+00, 4.0128e-02, 
 2DIAGNOSTIC,     9, -6.932762114537e-01, 1.797693134862e+308, 2.1970e+00, 4.3042e-02, 
 2DIAGNOSTIC,    10, -6.933051985901e-01, 5.072267460234e-04, 2.2365e+00, 3.9412e-02, 
 2DIAGNOSTIC,    11, -6.933510008437e-01, 3.834726157200e-04, 2.2762e+00, 3.9755e-02, 
 2DIAGNOSTIC,    12, -6.934106301590e-01, 2.698390552858e-04, 2.3211e+00, 4.4892e-02, 
 2DIAGNOSTIC,    13, -6.934359503363e-01, 1.672364764592e-04, 2.3689e+00, 4.7798e-02, 
 2DIAGNOSTIC,    14, -6.934927357886e-01, 8.151513201311e-05, 2.4113e+00, 4.2437e-02, 
 2DIAGNOSTIC,    15, -6.935557521500e-01, 2.816125389647e-05, 2.4492e+00, 3.7910e-02, 
 2DIAGNOSTIC,    16, -6.935901714502e-01, 2.388079189317e-05, 2.4879e+00, 3.8609e-02, 
 2DIAGNOSTIC,    17, -6.936507413562e-01, 2.408110894046e-05, 2.5355e+00, 4.7647e-02, 
 2DIAGNOSTIC,    18, -6.936528114965e-01, 2.282934024125e-05, 2.5842e+00, 4.8721e-02, 
 2DIAGNOSTIC,    19, -6.936183947755e-01, 1.955944894351e-05, 2.6237e+00, 3.9493e-02, 
 2DIAGNOSTIC,    20, -6.936170058376e-01, 1.553016482487e-05, 2.6677e+00, 4.3959e-02, 
 2DIAGNOSTIC,    21, -6.936267254672e-01, 1.163541816944e-05, 2.7138e+00, 4.6121e-02, 
 2DIAGNOSTIC,    22, -6.936204406106e-01, 8.126349631085e-06, 2.7569e+00, 4.3137e-02, 
 2DIAGNOSTIC,    23, -6.935965529433e-01, 4.320639118101e-06, 2.7914e+00, 3.4436e-02, 
 2DIAGNOSTIC,    24, -6.935851270289e-01, 1.348789365058e-06, 2.8296e+00, 3.8189e-02, 
DIAGNOSTIC,Iteration,metricValue,convergenceValue,ITERATION_TIME_INDEX,SINCE_LAST
 2DIAGNOSTIC,     1, -5.885135783912e-01, 1.797693134862e+308, 3.9035e+00, 1.0739e+00, 
 2DIAGNOSTIC,     2, -5.891704846542e-01, 1.797693134862e+308, 4.1943e+00, 2.9086e-01, 
 2DIAGNOSTIC,     3, -5.898938764041e-01, 1.797693134862e+308, 4.5007e+00, 3.0640e-01, 
 2DIAGNOSTIC,     4, -5.907506959530e-01, 1.797693134862e+308, 4.8016e+00, 3.0090e-01, 
 2DIAGNOSTIC,     5, -5.918301154172e-01, 1.797693134862e+308, 5.1799e+00, 3.7826e-01, 
 2DIAGNOSTIC,     6, -5.937996618363e-01, 1.797693134862e+308, 5.5752e+00, 3.9526e-01, 
 2DIAGNOSTIC,     7, -5.938286913294e-01, 1.797693134862e+308, 5.9525e+00, 3.7733e-01, 
 2DIAGNOSTIC,     8, -5.938235871566e-01, 1.797693134862e+308, 6.4563e+00, 5.0381e-01, 
 2DIAGNOSTIC,     9, -5.938225974803e-01, 1.797693134862e+308, 6.7755e+00, 3.1919e-01, 
 2DIAGNOSTIC,    10, -5.938238987425e-01, 6.703905576126e-04, 7.0945e+00, 3.1899e-01, 
 2DIAGNOSTIC,    11, -5.938202763223e-01, 4.905501828227e-04, 7.4997e+00, 4.0523e-01, 
 2DIAGNOSTIC,    12, -5.938194304352e-01, 3.232621660183e-04, 7.8133e+00, 3.1361e-01, 
 2DIAGNOSTIC,    13, -5.938185843387e-01, 1.802577609308e-04, 8.1273e+00, 3.1395e-01, 
 2DIAGNOSTIC,    14, -5.938176024027e-01, 7.067611105571e-05, 8.4080e+00, 2.8076e-01, 
 2DIAGNOSTIC,    15, -5.938167912221e-01, 2.184429501118e-06, 8.7187e+00, 3.1067e-01, 
 2DIAGNOSTIC,    16, -5.938170611311e-01, 1.281891836041e-06, 9.0403e+00, 3.2161e-01, 
