
##########################
# Experiment information #
##########################

EXPERIMENT_NAME: antsRegistration-r8-p8
VFC_BACKENDS: libinterflop_vprec.so --range-binary32=8 --precision-binary32=8 --range-binary64=8 --precision-binary64=8

SIF_IMG: /home/mdugre/projects/rrg-glatard/mdugre/containers/ants-vprec-no_metrics.simg

SUBJECT_ID: s017
INPUT_IMG: /home/mdugre/scratch/mri-registration-rp/datasets/ds004513/derivatives/mri-registration-rp/antsBrainExtraction/sub-s017/BrainExtractionBrain.nii.gz
OUTPUT_DIR: /home/mdugre/scratch/mri-registration-rp/datasets/ds004513/derivatives/mri-registration-rp/0001/antsRegistration-r8-p8/sub-s017

FIXED_IMG: /templateflow/tpl-MNI152NLin2009cAsym/tpl-MNI152NLin2009cAsym_res-01_desc-brain_T1w.nii.gz
DATA_DIR: /home/mdugre/scratch/mri-registration-rp/datasets/ds004513
TEMPLATEFLOW_DIR: /home/mdugre/projects/rrg-glatard/mdugre/templateflow
ITK_GLOBAL_DEFAULT_NUMBER_OF_THREADS: 16
##########################

Info [verificarlo]: loaded backend libinterflop_ieee.so
Info [interflop-ieee]: load backend with:
Info [interflop-ieee]: debug = false
Info [interflop-ieee]: debug-binary = false
Info [interflop-ieee]: no-backend-name = false
Info [interflop-ieee]: print-new-line = false
Info [interflop-ieee]: print-subnormal-normalized = false
Info [interflop-ieee]: count-op = false
All_Command_lines_OK
Using double precision for computations.
=============================================================================
The composite transform comprises the following transforms (in order): 
  1. Center of mass alignment using fixed image: /templateflow/tpl-MNI152NLin2009cAsym/tpl-MNI152NLin2009cAsym_res-01_desc-brain_T1w.nii.gz and moving image: /home/mdugre/scratch/mri-registration-rp/datasets/ds004513/derivatives/mri-registration-rp/antsBrainExtraction/sub-s017/BrainExtractionBrain.nii.gz (type = Euler3DTransform)
=============================================================================
  number of levels = 1
  fixed image: /templateflow/tpl-MNI152NLin2009cAsym/tpl-MNI152NLin2009cAsym_res-01_desc-brain_T1w.nii.gz
  moving image: /home/mdugre/scratch/mri-registration-rp/datasets/ds004513/derivatives/mri-registration-rp/antsBrainExtraction/sub-s017/BrainExtractionBrain.nii.gz
Dimension = 3
Number of stages = 1
Use histogram matching = false
Winsorize image intensities = true
  Lower quantile = 0.005
  Upper quantile = 0.995


Stage 1 State
   Image metric = MattesMI
     Fixed image = Image (0x3eb5bd0)
  RTTI typeinfo:   itk::Image<double, 3u>
  Reference Count: 2
  Modified Time: 2334
  Debug: Off
  Object Name: 
  Observers: 
    none
  Source: (none)
  Source output name: (none)
  Release Data: Off
  Data Released: False
  Global Release Data: Off
  PipelineMTime: 0
  UpdateMTime: 1943
  RealTimeStamp: 0 seconds 
  LargestPossibleRegion: 
    Dimension: 3
    Index: [0, 0, 0]
    Size: [193, 229, 193]
  BufferedRegion: 
    Dimension: 3
    Index: [0, 0, 0]
    Size: [193, 229, 193]
  RequestedRegion: 
    Dimension: 3
    Index: [0, 0, 0]
    Size: [193, 229, 193]
  Spacing: [1, 1, 1]
  Origin: [96, 132, -78]
  Direction: 
-1 0 0
0 -1 0
0 0 1

  IndexToPointMatrix: 
-1 0 0
0 -1 0
0 0 1

  PointToIndexMatrix: 
-1 0 0
0 -1 0
0 0 1

  Inverse Direction: 
-1 0 0
0 -1 0
0 0 1

  PixelContainer: 
    ImportImageContainer (0x3ebe9e0)
      RTTI typeinfo:   itk::ImportImageContainer<unsigned long, double>
      Reference Count: 1
      Modified Time: 1940
      Debug: Off
      Object Name: 
      Observers: 
        none
      Pointer: 0x14668a387010
      Container manages memory: true
      Size: 8530021
      Capacity: 8530021

     Moving image = Image (0x3ebfbd0)
  RTTI typeinfo:   itk::Image<double, 3u>
  Reference Count: 2
  Modified Time: 2335
  Debug: Off
  Object Name: 
  Observers: 
    none
  Source: (none)
  Source output name: (none)
  Release Data: Off
  Data Released: False
  Global Release Data: Off
  PipelineMTime: 0
  UpdateMTime: 2332
  RealTimeStamp: 0 seconds 
  LargestPossibleRegion: 
    Dimension: 3
    Index: [0, 0, 0]
    Size: [160, 240, 256]
  BufferedRegion: 
    Dimension: 3
    Index: [0, 0, 0]
    Size: [160, 240, 256]
  RequestedRegion: 
    Dimension: 3
    Index: [0, 0, 0]
    Size: [160, 240, 256]
  Spacing: [1, 1, 1]
  Origin: [91.3357, 102.231, -120.042]
  Direction: 
-0.997442 -5.36781e-05 -0.0714818
5.35416e-05 -1 3.82465e-06
-0.0714818 -1.23894e-08 0.997442

  IndexToPointMatrix: 
-0.997444 -5.36781e-05 -0.0714818
5.35418e-05 -1 3.82465e-06
-0.0714819 -1.23894e-08 0.997442

  PointToIndexMatrix: 
-0.99744 5.35415e-05 -0.0714816
-5.36781e-05 -1 -1.23894e-08
-0.0714818 3.82465e-06 0.997442

  Inverse Direction: 
-0.997442 5.35416e-05 -0.0714818
-5.36781e-05 -1 -1.23894e-08
-0.0714818 3.82465e-06 0.997442

  PixelContainer: 
    ImportImageContainer (0x4045b50)
      RTTI typeinfo:   itk::ImportImageContainer<unsigned long, double>
      Reference Count: 1
      Modified Time: 2329
      Debug: Off
      Object Name: 
      Observers: 
        none
      Pointer: 0x146685886010
      Container manages memory: true
      Size: 9830400
      Capacity: 9830400

     Weighting = 1
     Sampling strategy = regular
     Number of bins = 32
     Radius = 4
     Sampling percentage  = 0.25
   Transform = Rigid
     Gradient step = 0.1
     Update field sigma (voxel space) = 0
     Total field sigma (voxel space) = 0
     Update field time sigma = 0
     Total field time sigma  = 0
     Number of time indices = 0
     Number of time point samples = 0
Registration using 1 total stages.

Stage 0
  iterations = 0
  convergence threshold = 1e-06
  convergence window size = 10
  number of levels = 1
  using the Mattes MI metric (number of bins = 32, weight = 1, use gradient filter = 0)
  preprocessing:  winsorizing the image intensities
  Shrink factors (level 1 out of 1): [1, 1, 1]
  smoothing sigmas per level: [0]
  regular sampling (percentage = 0.25)

*** Running Euler3DTransform registration ***

  Elapsed time (stage 0): 1.14828


Total elapsed time: 1.15359
Info [verificarlo]: loaded backend libinterflop_ieee.so
Info [interflop-ieee]: load backend with:
Info [interflop-ieee]: debug = false
Info [interflop-ieee]: debug-binary = false
Info [interflop-ieee]: no-backend-name = false
Info [interflop-ieee]: print-new-line = false
Info [interflop-ieee]: print-subnormal-normalized = false
Info [interflop-ieee]: count-op = false
All_Command_lines_OK
Using double precision for computations.
=============================================================================
The composite transform comprises the following transforms (in order): 
  1. /home/mdugre/scratch/mri-registration-rp/datasets/ds004513/derivatives/mri-registration-rp/0001/antsRegistration-r8-p8/sub-s017/align_Composite.h5[0] (type = Euler3DTransform)
  2. /home/mdugre/scratch/mri-registration-rp/datasets/ds004513/derivatives/mri-registration-rp/0001/antsRegistration-r8-p8/sub-s017/align_Composite.h5[1] (type = Euler3DTransform)
=============================================================================
  number of levels = 4
  fixed image: /templateflow/tpl-MNI152NLin2009cAsym/tpl-MNI152NLin2009cAsym_res-01_desc-brain_T1w.nii.gz
  moving image: /home/mdugre/scratch/mri-registration-rp/datasets/ds004513/derivatives/mri-registration-rp/antsBrainExtraction/sub-s017/BrainExtractionBrain.nii.gz
Dimension = 3
Number of stages = 1
Use histogram matching = false
Winsorize image intensities = true
  Lower quantile = 0.005
  Upper quantile = 0.995


Stage 1 State
   Image metric = MattesMI
     Fixed image = Image (0x4209530)
  RTTI typeinfo:   itk::Image<double, 3u>
  Reference Count: 2
  Modified Time: 1580
  Debug: Off
  Object Name: 
  Observers: 
    none
  Source: (none)
  Source output name: (none)
  Release Data: Off
  Data Released: False
  Global Release Data: Off
  PipelineMTime: 0
  UpdateMTime: 1189
  RealTimeStamp: 0 seconds 
  LargestPossibleRegion: 
    Dimension: 3
    Index: [0, 0, 0]
    Size: [193, 229, 193]
  BufferedRegion: 
    Dimension: 3
    Index: [0, 0, 0]
    Size: [193, 229, 193]
  RequestedRegion: 
    Dimension: 3
    Index: [0, 0, 0]
    Size: [193, 229, 193]
  Spacing: [1, 1, 1]
  Origin: [96, 132, -78]
  Direction: 
-1 0 0
0 -1 0
0 0 1

  IndexToPointMatrix: 
-1 0 0
0 -1 0
0 0 1

  PointToIndexMatrix: 
-1 0 0
0 -1 0
0 0 1

  Inverse Direction: 
-1 0 0
0 -1 0
0 0 1

  PixelContainer: 
    ImportImageContainer (0x42c7d60)
      RTTI typeinfo:   itk::ImportImageContainer<unsigned long, double>
      Reference Count: 1
      Modified Time: 1186
      Debug: Off
      Object Name: 
      Observers: 
        none
      Pointer: 0x154ae40a5010
      Container manages memory: true
      Size: 8530021
      Capacity: 8530021

     Moving image = Image (0x42b9f60)
  RTTI typeinfo:   itk::Image<double, 3u>
  Reference Count: 2
  Modified Time: 1581
  Debug: Off
  Object Name: 
  Observers: 
    none
  Source: (none)
  Source output name: (none)
  Release Data: Off
  Data Released: False
  Global Release Data: Off
  PipelineMTime: 0
  UpdateMTime: 1578
  RealTimeStamp: 0 seconds 
  LargestPossibleRegion: 
    Dimension: 3
    Index: [0, 0, 0]
    Size: [160, 240, 256]
  BufferedRegion: 
    Dimension: 3
    Index: [0, 0, 0]
    Size: [160, 240, 256]
  RequestedRegion: 
    Dimension: 3
    Index: [0, 0, 0]
    Size: [160, 240, 256]
  Spacing: [1, 1, 1]
  Origin: [91.3357, 102.231, -120.042]
  Direction: 
-0.997442 -5.36781e-05 -0.0714818
5.35416e-05 -1 3.82465e-06
-0.0714818 -1.23894e-08 0.997442

  IndexToPointMatrix: 
-0.997444 -5.36781e-05 -0.0714818
5.35418e-05 -1 3.82465e-06
-0.0714819 -1.23894e-08 0.997442

  PointToIndexMatrix: 
-0.99744 5.35415e-05 -0.0714816
-5.36781e-05 -1 -1.23894e-08
-0.0714818 3.82465e-06 0.997442

  Inverse Direction: 
-0.997442 5.35416e-05 -0.0714818
-5.36781e-05 -1 -1.23894e-08
-0.0714818 3.82465e-06 0.997442

  PixelContainer: 
    ImportImageContainer (0x42ab6d0)
      RTTI typeinfo:   itk::ImportImageContainer<unsigned long, double>
      Reference Count: 1
      Modified Time: 1575
      Debug: Off
      Object Name: 
      Observers: 
        none
      Pointer: 0x154adf5a4010
      Container manages memory: true
      Size: 9830400
      Capacity: 9830400

     Weighting = 1
     Sampling strategy = regular
     Number of bins = 32
     Radius = 4
     Sampling percentage  = 0.25
   Transform = Rigid
     Gradient step = 0.1
     Update field sigma (voxel space) = 0
     Total field sigma (voxel space) = 0
     Update field time sigma = 0
     Total field time sigma  = 0
     Number of time indices = 0
     Number of time point samples = 0
Registration using 1 total stages.

Stage 0
  iterations = 1000x500x250x100
  convergence threshold = 1e-06
  convergence window size = 10
  number of levels = 4
  using the Mattes MI metric (number of bins = 32, weight = 1, use gradient filter = 0)
  preprocessing:  winsorizing the image intensities
  Shrink factors (level 1 out of 4): [8, 8, 8]
  Shrink factors (level 2 out of 4): [4, 4, 4]
  Shrink factors (level 3 out of 4): [2, 2, 2]
  Shrink factors (level 4 out of 4): [1, 1, 1]
  smoothing sigmas per level: [3, 2, 1, 0]
  regular sampling (percentage = 0.25)

*** Running Euler3DTransform registration ***

DIAGNOSTIC,Iteration,metricValue,convergenceValue,ITERATION_TIME_INDEX,SINCE_LAST
 2DIAGNOSTIC,     1, -5.567767283252e-01, 1.797693134862e+308, 7.1787e-01, 7.1787e-01, 
 2DIAGNOSTIC,     2, -5.584239703569e-01, 1.797693134862e+308, 7.2264e-01, 4.7729e-03, 
 2DIAGNOSTIC,     3, -5.612715515272e-01, 1.797693134862e+308, 7.2684e-01, 4.1978e-03, 
 2DIAGNOSTIC,     4, -5.637780194106e-01, 1.797693134862e+308, 7.3096e-01, 4.1170e-03, 
 2DIAGNOSTIC,     5, -5.658229214212e-01, 1.797693134862e+308, 7.3512e-01, 4.1649e-03, 
 2DIAGNOSTIC,     6, -5.696445468689e-01, 1.797693134862e+308, 7.3899e-01, 3.8691e-03, 
 2DIAGNOSTIC,     7, -5.734118275242e-01, 1.797693134862e+308, 7.4356e-01, 4.5650e-03, 
 2DIAGNOSTIC,     8, -5.754533484979e-01, 1.797693134862e+308, 7.4929e-01, 5.7299e-03, 
 2DIAGNOSTIC,     9, -5.763021950250e-01, 1.797693134862e+308, 7.5300e-01, 3.7129e-03, 
 2DIAGNOSTIC,    10, -5.771142770255e-01, 2.558085388189e-03, 7.5798e-01, 4.9820e-03, 
 2DIAGNOSTIC,    11, -5.785125587612e-01, 2.176117873031e-03, 7.6195e-01, 3.9709e-03, 
 2DIAGNOSTIC,    12, -5.799413348090e-01, 1.786767970983e-03, 7.6651e-01, 4.5559e-03, 
 2DIAGNOSTIC,    13, -5.809477908980e-01, 1.443124036835e-03, 7.7098e-01, 4.4720e-03, 
 2DIAGNOSTIC,    14, -5.814655964876e-01, 1.127354078216e-03, 7.7491e-01, 3.9251e-03, 
 2DIAGNOSTIC,    15, -5.819093877219e-01, 8.331089413526e-04, 7.7945e-01, 4.5390e-03, 
 2DIAGNOSTIC,    16, -5.822326442998e-01, 6.258215683233e-04, 7.8392e-01, 4.4699e-03, 
 2DIAGNOSTIC,    17, -5.825793599843e-01, 5.040365830240e-04, 7.8793e-01, 4.0190e-03, 
 2DIAGNOSTIC,    18, -5.863713925916e-01, 5.095725576651e-04, 7.9231e-01, 4.3750e-03, 
 2DIAGNOSTIC,    19, -5.901617810168e-01, 5.855607354916e-04, 7.9967e-01, 7.3600e-03, 
 2DIAGNOSTIC,    20, -5.906016223816e-01, 6.286272500320e-04, 8.0469e-01, 5.0201e-03, 
 2DIAGNOSTIC,    21, -5.907365705867e-01, 6.467002963850e-04, 8.0922e-01, 4.5309e-03, 
 2DIAGNOSTIC,    22, -5.906256574995e-01, 6.330265936395e-04, 8.1372e-01, 4.4971e-03, 
 2DIAGNOSTIC,    23, -5.906307681711e-01, 5.816453055192e-04, 8.1785e-01, 4.1370e-03, 
 2DIAGNOSTIC,    24, -5.905636622010e-01, 4.878472529235e-04, 8.2195e-01, 4.0920e-03, 
 2DIAGNOSTIC,    25, -5.906024985370e-01, 3.662279783970e-04, 8.2638e-01, 4.4370e-03, 
 2DIAGNOSTIC,    26, -5.906025304325e-01, 2.276984665081e-04, 8.3041e-01, 4.0290e-03, 
 2DIAGNOSTIC,    27, -5.906211320574e-01, 8.394584288821e-05, 8.3444e-01, 4.0240e-03, 
 2DIAGNOSTIC,    28, -5.908796758314e-01, 1.198925031233e-05, 8.3844e-01, 4.0011e-03, 
 2DIAGNOSTIC,    29, -5.911411552396e-01, 1.217108543285e-05, 8.4287e-01, 4.4360e-03, 
 2DIAGNOSTIC,    30, -5.915241330962e-01, 2.456301684497e-05, 8.4898e-01, 6.1040e-03, 
 2DIAGNOSTIC,    31, -5.916229825992e-01, 3.758205306149e-05, 8.5302e-01, 4.0381e-03, 
 2DIAGNOSTIC,    32, -5.916651208817e-01, 4.532975448986e-05, 8.5706e-01, 4.0419e-03, 
 2DIAGNOSTIC,    33, -5.916874987632e-01, 4.885284294424e-05, 8.6119e-01, 4.1280e-03, 
 2DIAGNOSTIC,    34, -5.917053822200e-01, 4.682712858559e-05, 8.6574e-01, 4.5500e-03, 
 2DIAGNOSTIC,    35, -5.917390904868e-01, 4.153275817181e-05, 8.7668e-01, 1.0949e-02, 
 2DIAGNOSTIC,    36, -5.917390912695e-01, 3.272086429285e-05, 8.8069e-01, 4.0019e-03, 
 2DIAGNOSTIC,    37, -5.917391070342e-01, 2.163060314756e-05, 8.8468e-01, 3.9971e-03, 
 2DIAGNOSTIC,    38, -5.917391330930e-01, 1.245673595309e-05, 8.8863e-01, 3.9442e-03, 
 2DIAGNOSTIC,    39, -5.917391754735e-01, 5.801896390104e-06, 8.9259e-01, 3.9670e-03, 
 2DIAGNOSTIC,    40, -5.917392424312e-01, 3.643428652975e-06, 8.9662e-01, 4.0259e-03, 
 2DIAGNOSTIC,    41, -5.917393428829e-01, 2.487109299596e-06, 9.0059e-01, 3.9730e-03, 
 2DIAGNOSTIC,    42, -5.917394845335e-01, 1.715730318059e-06, 9.0479e-01, 4.2009e-03, 
 2DIAGNOSTIC,    43, -5.917396625587e-01, 1.144189315124e-06, 9.0883e-01, 4.0371e-03, 
DIAGNOSTIC,Iteration,metricValue,convergenceValue,ITERATION_TIME_INDEX,SINCE_LAST
 2DIAGNOSTIC,     1, -4.784004501424e-01, 1.797693134862e+308, 1.6253e+00, 7.1642e-01, 
 2DIAGNOSTIC,     2, -4.783999131494e-01, 1.797693134862e+308, 1.6563e+00, 3.1092e-02, 
 2DIAGNOSTIC,     3, -4.784190365431e-01, 1.797693134862e+308, 1.6879e+00, 3.1530e-02, 
 2DIAGNOSTIC,     4, -4.785028756517e-01, 1.797693134862e+308, 1.7174e+00, 2.9511e-02, 
 2DIAGNOSTIC,     5, -4.786647485436e-01, 1.797693134862e+308, 1.7473e+00, 2.9889e-02, 
 2DIAGNOSTIC,     6, -4.788099932965e-01, 1.797693134862e+308, 1.7761e+00, 2.8817e-02, 
 2DIAGNOSTIC,     7, -4.794645847224e-01, 1.797693134862e+308, 1.8039e+00, 2.7838e-02, 
 2DIAGNOSTIC,     8, -4.813619171757e-01, 1.797693134862e+308, 1.8433e+00, 3.9416e-02, 
 2DIAGNOSTIC,     9, -4.817935635330e-01, 1.797693134862e+308, 1.8809e+00, 3.7522e-02, 
 2DIAGNOSTIC,    10, -4.822647496884e-01, 5.583367503704e-04, 1.9120e+00, 3.1136e-02, 
 2DIAGNOSTIC,    11, -4.831344909909e-01, 6.366384573770e-04, 1.9449e+00, 3.2904e-02, 
 2DIAGNOSTIC,    12, -4.835768992599e-01, 6.653898034906e-04, 1.9905e+00, 4.5568e-02, 
 2DIAGNOSTIC,    13, -4.835677565329e-01, 6.290342969209e-04, 2.0252e+00, 3.4757e-02, 
 2DIAGNOSTIC,    14, -4.835733047845e-01, 5.452729208196e-04, 2.0635e+00, 3.8305e-02, 
 2DIAGNOSTIC,    15, -4.835701547256e-01, 4.305772096431e-04, 2.0946e+00, 3.1082e-02, 
 2DIAGNOSTIC,    16, -4.835566913011e-01, 2.956272804584e-04, 2.1254e+00, 3.0784e-02, 
 2DIAGNOSTIC,    17, -4.835523104092e-01, 1.703980275669e-04, 2.1561e+00, 3.0666e-02, 
 2DIAGNOSTIC,    18, -4.835483887836e-01, 1.058854946430e-04, 2.1840e+00, 2.7896e-02, 
 2DIAGNOSTIC,    19, -4.835469915474e-01, 5.203914178318e-05, 2.2113e+00, 2.7333e-02, 
 2DIAGNOSTIC,    20, -4.835401827380e-01, 1.204163302001e-05, 2.2444e+00, 3.3052e-02, 
DIAGNOSTIC,Iteration,metricValue,convergenceValue,ITERATION_TIME_INDEX,SINCE_LAST
 2DIAGNOSTIC,     1, -4.161561167869e-01, 1.797693134862e+308, 3.3927e+00, 1.1484e+00, 
 2DIAGNOSTIC,     2, -4.161756893439e-01, 1.797693134862e+308, 3.7178e+00, 3.2506e-01, 
 2DIAGNOSTIC,     3, -4.161696114509e-01, 1.797693134862e+308, 4.0126e+00, 2.9478e-01, 
 2DIAGNOSTIC,     4, -4.161681503553e-01, 1.797693134862e+308, 4.3980e+00, 3.8546e-01, 
 2DIAGNOSTIC,     5, -4.161678896602e-01, 1.797693134862e+308, 4.6907e+00, 2.9267e-01, 
 2DIAGNOSTIC,     6, -4.161669123585e-01, 1.797693134862e+308, 4.9418e+00, 2.5112e-01, 
 2DIAGNOSTIC,     7, -4.161667485643e-01, 1.797693134862e+308, 5.1855e+00, 2.4365e-01, 
 2DIAGNOSTIC,     8, -4.161656816016e-01, 1.797693134862e+308, 5.3943e+00, 2.0886e-01, 
 2DIAGNOSTIC,     9, -4.161650043538e-01, 1.797693134862e+308, 5.6451e+00, 2.5080e-01, 
 2DIAGNOSTIC,    10, -4.161655463814e-01, 2.943366636296e-06, 5.9260e+00, 2.8087e-01, 
 2DIAGNOSTIC,    11, -4.161636420995e-01, 1.720591499110e-06, 6.1847e+00, 2.5872e-01, 
 2DIAGNOSTIC,    12, -4.161624970809e-01, 1.867462473298e-06, 6.5076e+00, 3.2289e-01, 
 2DIAGNOSTIC,    13, -4.161615819745e-01, 1.698398059483e-06, 6.7493e+00, 2.4162e-01, 
 2DIAGNOSTIC,    14, -4.161624603295e-01, 1.592444846363e-06, 7.0242e+00, 2.7495e-01, 
 2DIAGNOSTIC,    15, -4.161620529814e-01, 1.530180437664e-06, 7.3016e+00, 2.7735e-01, 
 2DIAGNOSTIC,    16, -4.161603835107e-01, 1.417836919620e-06, 7.5341e+00, 2.3257e-01, 
 2DIAGNOSTIC,    17, -4.161625251482e-01, 1.455414120950e-06, 7.8061e+00, 2.7194e-01, 
 2DIAGNOSTIC,    18, -4.161617349626e-01, 1.453854864650e-06, 8.0407e+00, 2.3459e-01, 
 2DIAGNOSTIC,    19, -4.161656140595e-01, 1.594928505370e-06, 8.3207e+00, 2.8000e-01, 
 2DIAGNOSTIC,    20, -4.161678254531e-01, 1.821576329275e-06, 8.7015e+00, 3.8086e-01, 
 2DIAGNOSTIC,    21, -4.161672172261e-01, 1.924327027114e-06, 8.9906e+00, 2.8908e-01, 
 2DIAGNOSTIC,    22, -4.161665846124e-01, 1.927748312071e-06, 9.2675e+00, 2.7691e-01, 
 2DIAGNOSTIC,    23, -4.161660793967e-01, 1.843028035894e-06, 9.5572e+00, 2.8965e-01, 
 2DIAGNOSTIC,    24, -4.161655365534e-01, 1.730448868649e-06, 9.8219e+00, 2.6473e-01, 
 2DIAGNOSTIC,    25, -4.161651834947e-01, 1.568353734112e-06, 1.0062e+01, 2.4042e-01, 
 2DIAGNOSTIC,    26, -4.161660037666e-01, 1.368374529589e-06, 1.0320e+01, 2.5777e-01, 
 2DIAGNOSTIC,    27, -4.161651045497e-01, 1.203105049814e-06, 1.0540e+01, 2.1968e-01, 
 2DIAGNOSTIC,    28, -4.161679884898e-01, 1.097088639386e-06, 1.0790e+01, 2.5042e-01, 
 2DIAGNOSTIC,    29, -4.161710849648e-01, 1.162831214825e-06, 1.1045e+01, 2.5467e-01, 
 2DIAGNOSTIC,    30, -4.161703640306e-01, 1.250475688934e-06, 1.1309e+01, 2.6437e-01, 
 2DIAGNOSTIC,    31, -4.161708142911e-01, 1.313167806036e-06, 1.1561e+01, 2.5170e-01, 
 2DIAGNOSTIC,    32, -4.161710089265e-01, 1.336085264855e-06, 1.1787e+01, 2.2643e-01, 
 2DIAGNOSTIC,    33, -4.161749613449e-01, 1.395595230221e-06, 1.2042e+01, 2.5510e-01, 
 2DIAGNOSTIC,    34, -4.161777487506e-01, 1.452526299326e-06, 1.2271e+01, 2.2819e-01, 
 2DIAGNOSTIC,    35, -4.161792220179e-01, 1.478601721491e-06, 1.2533e+01, 2.6200e-01, 
 2DIAGNOSTIC,    36, -4.161806859649e-01, 1.495439432331e-06, 1.2802e+01, 2.6968e-01, 
 2DIAGNOSTIC,    37, -4.161791778426e-01, 1.407680686506e-06, 1.3022e+01, 2.1938e-01, 
 2DIAGNOSTIC,    38, -4.161838486868e-01, 1.406626895548e-06, 1.3308e+01, 2.8605e-01, 
 2DIAGNOSTIC,    39, -4.161849953102e-01, 1.422742201287e-06, 1.3581e+01, 2.7334e-01, 
 2DIAGNOSTIC,    40, -4.161860914892e-01, 1.386764659449e-06, 1.3924e+01, 3.4303e-01, 
 2DIAGNOSTIC,    41, -4.161854987578e-01, 1.295749599246e-06, 1.4184e+01, 2.5971e-01, 
 2DIAGNOSTIC,    42, -4.161840259990e-01, 1.138573358973e-06, 1.4442e+01, 2.5823e-01, 
 2DIAGNOSTIC,    43, -4.161834049862e-01, 1.004201844772e-06, 1.4659e+01, 2.1720e-01, 
DIAGNOSTIC,Iteration,metricValue,convergenceValue,ITERATION_TIME_INDEX,SINCE_LAST
 2DIAGNOSTIC,     1, -3.834265912359e-01, 1.797693134862e+308, 1.7127e+01, 2.4672e+00, 
 2DIAGNOSTIC,     2, -3.834925053370e-01, 1.797693134862e+308, 1.8645e+01, 1.5187e+00, 
 2DIAGNOSTIC,     3, -3.834978116496e-01, 1.797693134862e+308, 2.0157e+01, 1.5115e+00, 
 2DIAGNOSTIC,     4, -3.835004127741e-01, 1.797693134862e+308, 2.1646e+01, 1.4892e+00, 
 2DIAGNOSTIC,     5, -3.835019582517e-01, 1.797693134862e+308, 2.3362e+01, 1.7160e+00, 
 2DIAGNOSTIC,     6, -3.835049957424e-01, 1.797693134862e+308, 2.5176e+01, 1.8142e+00, 
 2DIAGNOSTIC,     7, -3.835058343724e-01, 1.797693134862e+308, 2.6953e+01, 1.7771e+00, 
 2DIAGNOSTIC,     8, -3.835066498256e-01, 1.797693134862e+308, 2.8788e+01, 1.8346e+00, 
 2DIAGNOSTIC,     9, -3.835062955323e-01, 1.797693134862e+308, 3.0468e+01, 1.6802e+00, 
 2DIAGNOSTIC,    10, -3.835063108998e-01, 1.066660713928e-05, 3.2148e+01, 1.6799e+00, 
 2DIAGNOSTIC,    11, -3.835061571792e-01, 4.747040472153e-06, 3.4556e+01, 2.4085e+00, 
 2DIAGNOSTIC,    12, -3.835060832651e-01, 3.706200467080e-06, 3.5896e+01, 1.3400e+00, 
 2DIAGNOSTIC,    13, -3.835060190722e-01, 3.027826004823e-06, 3.7378e+01, 1.4815e+00, 
 2DIAGNOSTIC,    14, -3.835058638480e-01, 2.523467018262e-06, 3.8855e+01, 1.4770e+00, 
 2DIAGNOSTIC,    15, -3.835058006965e-01, 2.133709239419e-06, 4.0519e+01, 1.6640e+00, 
 2DIAGNOSTIC,    16, -3.835056463972e-01, 1.924177715454e-06, 4.2586e+01, 2.0668e+00, 
 2DIAGNOSTIC,    17, -3.835054775130e-01, 1.773328555388e-06, 4.4190e+01, 1.6039e+00, 
 2DIAGNOSTIC,    18, -3.835053086123e-01, 1.675385375752e-06, 4.5613e+01, 1.4233e+00, 
 2DIAGNOSTIC,    19, -3.835051448145e-01, 1.576051816360e-06, 4.7149e+01, 1.5358e+00, 
 2DIAGNOSTIC,    20, -3.835051658767e-01, 1.497295072761e-06, 4.8638e+01, 1.4895e+00, 
 2DIAGNOSTIC,    21, -3.835053779576e-01, 1.436675312577e-06, 5.0299e+01, 1.6607e+00, 
 2DIAGNOSTIC,    22, -3.835055901416e-01, 1.393331720466e-06, 5.1796e+01, 1.4972e+00, 
 2DIAGNOSTIC,    23, -3.835055251007e-01, 1.354581541921e-06, 5.3353e+01, 1.5565e+00, 
 2DIAGNOSTIC,    24, -3.835054518286e-01, 1.314933130256e-06, 5.4874e+01, 1.5210e+00, 
 2DIAGNOSTIC,    25, -3.835053813426e-01, 1.275595340716e-06, 5.6376e+01, 1.5022e+00, 
 2DIAGNOSTIC,    26, -3.835053141620e-01, 1.232550094557e-06, 5.7763e+01, 1.3872e+00, 
 2DIAGNOSTIC,    27, -3.835053494678e-01, 1.188143192714e-06, 5.9118e+01, 1.3549e+00, 
 2DIAGNOSTIC,    28, -3.835054089357e-01, 1.143229098263e-06, 6.0717e+01, 1.5988e+00, 
 2DIAGNOSTIC,    29, -3.835055814682e-01, 1.101082727814e-06, 6.2052e+01, 1.3352e+00, 
 2DIAGNOSTIC,    30, -3.835053714645e-01, 1.056523025948e-06, 6.4019e+01, 1.9668e+00, 
 2DIAGNOSTIC,    31, -3.835053052292e-01, 1.018740039424e-06, 6.5504e+01, 1.4851e+00, 
  Elapsed time (stage 0): 6.6304e+01


Total elapsed time: 6.6310e+01
Info [verificarlo]: loaded backend libinterflop_ieee.so
Info [interflop-ieee]: load backend with:
Info [interflop-ieee]: debug = false
Info [interflop-ieee]: debug-binary = false
Info [interflop-ieee]: no-backend-name = false
Info [interflop-ieee]: print-new-line = false
Info [interflop-ieee]: print-subnormal-normalized = false
Info [interflop-ieee]: count-op = false
All_Command_lines_OK
Using double precision for computations.
=============================================================================
The composite transform comprises the following transforms (in order): 
  1. /home/mdugre/scratch/mri-registration-rp/datasets/ds004513/derivatives/mri-registration-rp/0001/antsRegistration-r8-p8/sub-s017/rigid_Composite.h5[0] (type = Euler3DTransform)
  2. /home/mdugre/scratch/mri-registration-rp/datasets/ds004513/derivatives/mri-registration-rp/0001/antsRegistration-r8-p8/sub-s017/rigid_Composite.h5[1] (type = Euler3DTransform)
  3. /home/mdugre/scratch/mri-registration-rp/datasets/ds004513/derivatives/mri-registration-rp/0001/antsRegistration-r8-p8/sub-s017/rigid_Composite.h5[2] (type = Euler3DTransform)
=============================================================================
  number of levels = 4
  fixed image: /templateflow/tpl-MNI152NLin2009cAsym/tpl-MNI152NLin2009cAsym_res-01_desc-brain_T1w.nii.gz
  moving image: /home/mdugre/scratch/mri-registration-rp/datasets/ds004513/derivatives/mri-registration-rp/antsBrainExtraction/sub-s017/BrainExtractionBrain.nii.gz
Dimension = 3
Number of stages = 1
Use histogram matching = false
Winsorize image intensities = true
  Lower quantile = 0.005
  Upper quantile = 0.995


Stage 1 State
   Image metric = MattesMI
     Fixed image = Image (0x4c5d530)
  RTTI typeinfo:   itk::Image<double, 3u>
  Reference Count: 2
  Modified Time: 1594
  Debug: Off
  Object Name: 
  Observers: 
    none
  Source: (none)
  Source output name: (none)
  Release Data: Off
  Data Released: False
  Global Release Data: Off
  PipelineMTime: 0
  UpdateMTime: 1203
  RealTimeStamp: 0 seconds 
  LargestPossibleRegion: 
    Dimension: 3
    Index: [0, 0, 0]
    Size: [193, 229, 193]
  BufferedRegion: 
    Dimension: 3
    Index: [0, 0, 0]
    Size: [193, 229, 193]
  RequestedRegion: 
    Dimension: 3
    Index: [0, 0, 0]
    Size: [193, 229, 193]
  Spacing: [1, 1, 1]
  Origin: [96, 132, -78]
  Direction: 
-1 0 0
0 -1 0
0 0 1

  IndexToPointMatrix: 
-1 0 0
0 -1 0
0 0 1

  PointToIndexMatrix: 
-1 0 0
0 -1 0
0 0 1

  Inverse Direction: 
-1 0 0
0 -1 0
0 0 1

  PixelContainer: 
    ImportImageContainer (0x4d162a0)
      RTTI typeinfo:   itk::ImportImageContainer<unsigned long, double>
      Reference Count: 1
      Modified Time: 1200
      Debug: Off
      Object Name: 
      Observers: 
        none
      Pointer: 0x154635500010
      Container manages memory: true
      Size: 8530021
      Capacity: 8530021

     Moving image = Image (0x4d18e60)
  RTTI typeinfo:   itk::Image<double, 3u>
  Reference Count: 2
  Modified Time: 1595
  Debug: Off
  Object Name: 
  Observers: 
    none
  Source: (none)
  Source output name: (none)
  Release Data: Off
  Data Released: False
  Global Release Data: Off
  PipelineMTime: 0
  UpdateMTime: 1592
  RealTimeStamp: 0 seconds 
  LargestPossibleRegion: 
    Dimension: 3
    Index: [0, 0, 0]
    Size: [160, 240, 256]
  BufferedRegion: 
    Dimension: 3
    Index: [0, 0, 0]
    Size: [160, 240, 256]
  RequestedRegion: 
    Dimension: 3
    Index: [0, 0, 0]
    Size: [160, 240, 256]
  Spacing: [1, 1, 1]
  Origin: [91.3357, 102.231, -120.042]
  Direction: 
-0.997442 -5.36781e-05 -0.0714818
5.35416e-05 -1 3.82465e-06
-0.0714818 -1.23894e-08 0.997442

  IndexToPointMatrix: 
-0.997444 -5.36781e-05 -0.0714818
5.35418e-05 -1 3.82465e-06
-0.0714819 -1.23894e-08 0.997442

  PointToIndexMatrix: 
-0.99744 5.35415e-05 -0.0714816
-5.36781e-05 -1 -1.23894e-08
-0.0714818 3.82465e-06 0.997442

  Inverse Direction: 
-0.997442 5.35416e-05 -0.0714818
-5.36781e-05 -1 -1.23894e-08
-0.0714818 3.82465e-06 0.997442

  PixelContainer: 
    ImportImageContainer (0x4d4c390)
      RTTI typeinfo:   itk::ImportImageContainer<unsigned long, double>
      Reference Count: 1
      Modified Time: 1589
      Debug: Off
      Object Name: 
      Observers: 
        none
      Pointer: 0x1546309ff010
      Container manages memory: true
      Size: 9830400
      Capacity: 9830400

     Weighting = 1
     Sampling strategy = regular
     Number of bins = 32
     Radius = 4
     Sampling percentage  = 0.25
   Transform = Affine
     Gradient step = 0.1
     Update field sigma (voxel space) = 0
     Total field sigma (voxel space) = 0
     Update field time sigma = 0
     Total field time sigma  = 0
     Number of time indices = 0
     Number of time point samples = 0
Registration using 1 total stages.

Stage 0
  iterations = 1000x500x250x100
  convergence threshold = 1e-06
  convergence window size = 10
  number of levels = 4
  using the Mattes MI metric (number of bins = 32, weight = 1, use gradient filter = 0)
  preprocessing:  winsorizing the image intensities
  Shrink factors (level 1 out of 4): [8, 8, 8]
  Shrink factors (level 2 out of 4): [4, 4, 4]
  Shrink factors (level 3 out of 4): [2, 2, 2]
  Shrink factors (level 4 out of 4): [1, 1, 1]
  smoothing sigmas per level: [3, 2, 1, 0]
  regular sampling (percentage = 0.25)

*** Running AffineTransform registration ***

DIAGNOSTIC,Iteration,metricValue,convergenceValue,ITERATION_TIME_INDEX,SINCE_LAST
 2DIAGNOSTIC,     1, -5.806290998397e-01, 1.797693134862e+308, 6.5890e-01, 6.5890e-01, 
 2DIAGNOSTIC,     2, -5.832407507897e-01, 1.797693134862e+308, 6.6407e-01, 5.1680e-03, 
 2DIAGNOSTIC,     3, -5.883921006255e-01, 1.797693134862e+308, 6.6925e-01, 5.1811e-03, 
 2DIAGNOSTIC,     4, -5.973582021106e-01, 1.797693134862e+308, 6.7549e-01, 6.2389e-03, 
 2DIAGNOSTIC,     5, -6.166279651123e-01, 1.797693134862e+308, 6.8032e-01, 4.8361e-03, 
 2DIAGNOSTIC,     6, -6.406440243917e-01, 1.797693134862e+308, 6.8546e-01, 5.1320e-03, 
 2DIAGNOSTIC,     7, -7.009864253699e-01, 1.797693134862e+308, 6.9100e-01, 5.5461e-03, 
 2DIAGNOSTIC,     8, -7.630482510544e-01, 1.797693134862e+308, 6.9720e-01, 6.1960e-03, 
 2DIAGNOSTIC,     9, -8.423469022707e-01, 1.797693134862e+308, 7.0664e-01, 9.4411e-03, 
 2DIAGNOSTIC,    10, -8.569694550006e-01, 2.845116128934e-02, 7.1404e-01, 7.4039e-03, 
 2DIAGNOSTIC,    11, -8.701917122269e-01, 2.871708894622e-02, 7.2087e-01, 6.8271e-03, 
 2DIAGNOSTIC,    12, -8.814645614438e-01, 2.683607374032e-02, 7.3271e-01, 1.1837e-02, 
 2DIAGNOSTIC,    13, -8.822368117667e-01, 2.307206285055e-02, 7.3923e-01, 6.5188e-03, 
 2DIAGNOSTIC,    14, -8.834458720122e-01, 1.815384142582e-02, 7.4583e-01, 6.6009e-03, 
 2DIAGNOSTIC,    15, -8.851322802685e-01, 1.292532928450e-02, 7.5358e-01, 7.7531e-03, 
 2DIAGNOSTIC,    16, -8.870480809971e-01, 7.902435091796e-03, 7.6093e-01, 7.3521e-03, 
 2DIAGNOSTIC,    17, -8.886777820022e-01, 4.189413192651e-03, 7.7063e-01, 9.7010e-03, 
 2DIAGNOSTIC,    18, -8.889448810932e-01, 1.810422434860e-03, 7.7904e-01, 8.4040e-03, 
 2DIAGNOSTIC,    19, -8.890594323880e-01, 1.083853138943e-03, 7.8596e-01, 6.9201e-03, 
 2DIAGNOSTIC,    20, -8.887882562177e-01, 5.969783274834e-04, 7.9309e-01, 7.1309e-03, 
 2DIAGNOSTIC,    21, -8.886098616123e-01, 3.264824895240e-04, 8.0203e-01, 8.9440e-03, 
 2DIAGNOSTIC,    22, -8.885249832917e-01, 2.361096510298e-04, 8.0924e-01, 7.2079e-03, 
 2DIAGNOSTIC,    23, -8.882875303238e-01, 1.410432906610e-04, 8.1620e-01, 6.9561e-03, 
 2DIAGNOSTIC,    24, -8.882052345588e-01, 5.851496545674e-05, 8.2249e-01, 6.2909e-03, 
DIAGNOSTIC,Iteration,metricValue,convergenceValue,ITERATION_TIME_INDEX,SINCE_LAST
 2DIAGNOSTIC,     1, -7.469015879866e-01, 1.797693134862e+308, 1.6329e+00, 8.1044e-01, 
 2DIAGNOSTIC,     2, -7.476337610588e-01, 1.797693134862e+308, 1.6774e+00, 4.4511e-02, 
 2DIAGNOSTIC,     3, -7.481984149421e-01, 1.797693134862e+308, 1.7147e+00, 3.7213e-02, 
 2DIAGNOSTIC,     4, -7.485348957081e-01, 1.797693134862e+308, 1.7510e+00, 3.6346e-02, 
 2DIAGNOSTIC,     5, -7.488723349383e-01, 1.797693134862e+308, 1.7871e+00, 3.6142e-02, 
 2DIAGNOSTIC,     6, -7.493028718541e-01, 1.797693134862e+308, 1.8272e+00, 4.0011e-02, 
 2DIAGNOSTIC,     7, -7.498240981654e-01, 1.797693134862e+308, 1.8716e+00, 4.4454e-02, 
 2DIAGNOSTIC,     8, -7.499189038069e-01, 1.797693134862e+308, 1.9043e+00, 3.2714e-02, 
 2DIAGNOSTIC,     9, -7.503981904024e-01, 1.797693134862e+308, 1.9467e+00, 4.2399e-02, 
 2DIAGNOSTIC,    10, -7.505578656775e-01, 3.049238815552e-04, 1.9853e+00, 3.8614e-02, 
 2DIAGNOSTIC,    11, -7.505227890096e-01, 2.385634254590e-04, 2.0237e+00, 3.8374e-02, 
 2DIAGNOSTIC,    12, -7.505011734337e-01, 1.844045611141e-04, 2.0625e+00, 3.8828e-02, 
 2DIAGNOSTIC,    13, -7.505088021234e-01, 1.388454997030e-04, 2.1010e+00, 3.8423e-02, 
 2DIAGNOSTIC,    14, -7.504878837022e-01, 9.580050873616e-05, 2.1360e+00, 3.5040e-02, 
 2DIAGNOSTIC,    15, -7.504848086819e-01, 5.820152862149e-05, 2.1785e+00, 4.2485e-02, 
 2DIAGNOSTIC,    16, -7.504811132340e-01, 3.014018340021e-05, 2.2132e+00, 3.4756e-02, 
 2DIAGNOSTIC,    17, -7.505241476811e-01, 1.550749290816e-05, 2.2582e+00, 4.4938e-02, 
 2DIAGNOSTIC,    18, -7.505179085424e-01, 2.820146465375e-06, 2.2971e+00, 3.8873e-02, 
DIAGNOSTIC,Iteration,metricValue,convergenceValue,ITERATION_TIME_INDEX,SINCE_LAST
 2DIAGNOSTIC,     1, -6.294203912863e-01, 1.797693134862e+308, 3.4343e+00, 1.1373e+00, 
 2DIAGNOSTIC,     2, -6.299360831253e-01, 1.797693134862e+308, 3.7383e+00, 3.0402e-01, 
 2DIAGNOSTIC,     3, -6.304673519193e-01, 1.797693134862e+308, 4.0456e+00, 3.0724e-01, 
 2DIAGNOSTIC,     4, -6.311514353225e-01, 1.797693134862e+308, 4.3309e+00, 2.8533e-01, 
 2DIAGNOSTIC,     5, -6.319702681969e-01, 1.797693134862e+308, 4.6209e+00, 2.8998e-01, 
 2DIAGNOSTIC,     6, -6.327349058005e-01, 1.797693134862e+308, 5.2452e+00, 6.2434e-01, 
 2DIAGNOSTIC,     7, -6.327262345609e-01, 1.797693134862e+308, 5.6485e+00, 4.0323e-01, 
 2DIAGNOSTIC,     8, -6.327233168915e-01, 1.797693134862e+308, 6.0027e+00, 3.5425e-01, 
 2DIAGNOSTIC,     9, -6.327209142226e-01, 1.797693134862e+308, 6.4241e+00, 4.2139e-01, 
 2DIAGNOSTIC,    10, -6.327171668810e-01, 3.710164717349e-04, 6.7409e+00, 3.1684e-01, 
 2DIAGNOSTIC,    11, -6.327147598976e-01, 2.563048514343e-04, 7.0542e+00, 3.1324e-01, 
 2DIAGNOSTIC,    12, -6.327139076400e-01, 1.574547232213e-04, 7.3617e+00, 3.0757e-01, 
 2DIAGNOSTIC,    13, -6.327092409644e-01, 7.817079001837e-05, 7.6751e+00, 3.1334e-01, 
 2DIAGNOSTIC,    14, -6.327084294984e-01, 2.484079973815e-05, 8.0162e+00, 3.4107e-01, 
DIAGNOSTIC,Iteration,metricValue,convergenceValue,ITERATION_TIME_INDEX,SINCE_LAST
 2DIAGNOSTIC,     1, -5.635833752646e-01, 1.797693134862e+308, 1.1109e+01, 3.0930e+00, 
 2DIAGNOSTIC,     2, -5.640382246205e-01, 1.797693134862e+308, 1.3067e+01, 1.9578e+00, 
 2DIAGNOSTIC,     3, -5.644828392816e-01, 1.797693134862e+308, 1.4973e+01, 1.9061e+00, 
 2DIAGNOSTIC,     4, -5.656655295300e-01, 1.797693134862e+308, 1.9951e+01, 4.9784e+00, 
 2DIAGNOSTIC,     5, -5.656655749820e-01, 1.797693134862e+308, 2.1911e+01, 1.9595e+00, 
 2DIAGNOSTIC,     6, -5.656654725407e-01, 1.797693134862e+308, 2.3852e+01, 1.9413e+00, 
 2DIAGNOSTIC,     7, -5.656653699518e-01, 1.797693134862e+308, 2.5832e+01, 1.9797e+00, 
 2DIAGNOSTIC,     8, -5.656652672577e-01, 1.797693134862e+308, 2.7686e+01, 1.8536e+00, 
 2DIAGNOSTIC,     9, -5.656651956774e-01, 1.797693134862e+308, 2.9707e+01, 2.0212e+00, 
 2DIAGNOSTIC,    10, -5.656650971919e-01, 2.210887646320e-04, 3.1461e+01, 1.7538e+00, 
 2DIAGNOSTIC,    11, -5.656650322978e-01, 1.244475645121e-04, 3.3508e+01, 2.0474e+00, 
 2DIAGNOSTIC,    12, -5.656649380950e-01, 5.214411774175e-05, 3.5256e+01, 1.7479e+00, 
 2DIAGNOSTIC,    13, -5.656648807068e-01, 2.384598644975e-06, 3.7132e+01, 1.8763e+00, 
 2DIAGNOSTIC,    14, -5.656649388832e-01, 2.216719873355e-06, 3.8895e+01, 1.7627e+00, 
 2DIAGNOSTIC,    15, -5.656647410609e-01, 2.071262026282e-06, 4.0829e+01, 1.9338e+00, 
 2DIAGNOSTIC,    16, -5.656645180766e-01, 1.938658259981e-06, 4.3357e+01, 2.5286e+00, 
 2DIAGNOSTIC,    17, -5.656642469891e-01, 1.815486620559e-06, 4.5593e+01, 2.2360e+00, 
 2DIAGNOSTIC,    18, -5.656642649462e-01, 1.708949608388e-06, 4.8020e+01, 2.4267e+00, 
 2DIAGNOSTIC,    19, -5.656641329835e-01, 1.613542013043e-06, 5.0048e+01, 2.0282e+00, 
 2DIAGNOSTIC,    20, -5.656640118637e-01, 1.527951277842e-06, 5.2406e+01, 2.3582e+00, 
 2DIAGNOSTIC,    21, -5.656638761877e-01, 1.451860037305e-06, 5.4395e+01, 1.9890e+00, 
 2DIAGNOSTIC,    22, -5.656637362283e-01, 1.383377961198e-06, 5.6328e+01, 1.9326e+00, 
 2DIAGNOSTIC,    23, -5.656634518244e-01, 1.319154268445e-06, 5.8155e+01, 1.8267e+00, 
 2DIAGNOSTIC,    24, -5.656634706155e-01, 1.268046748194e-06, 5.9902e+01, 1.7473e+00, 
 2DIAGNOSTIC,    25, -5.656633546420e-01, 1.220156615959e-06, 6.1670e+01, 1.7676e+00, 
 2DIAGNOSTIC,    26, -5.656632444976e-01, 1.174621407786e-06, 6.3463e+01, 1.7938e+00, 
 2DIAGNOSTIC,    27, -5.656631600048e-01, 1.130515146858e-06, 6.5494e+01, 2.0311e+00, 
 2DIAGNOSTIC,    28, -5.656630676465e-01, 1.092834644320e-06, 6.7809e+01, 2.3149e+00, 
 2DIAGNOSTIC,    29, -5.656628508919e-01, 1.055836169710e-06, 6.9590e+01, 1.7806e+00, 
 2DIAGNOSTIC,    30, -5.656626870701e-01, 1.020504251992e-06, 7.1533e+01, 1.9430e+00, 
  Elapsed time (stage 0): 7.2640e+01


Total elapsed time: 7.2649e+01
Info [verificarlo]: loaded backend libinterflop_vprec.so
Info [interflop-vprec]: load backend with: 
Info [interflop-vprec]: precision-binary32 = 8
Info [interflop-vprec]: range-binary32 = 8
Info [interflop-vprec]: precision-binary64 = 8
Info [interflop-vprec]: range-binary64 = 8
Info [interflop-vprec]: mode = ob
Info [interflop-vprec]: error-mode = rel
Info [interflop-vprec]: max-abs-error-exponent = -1022
Info [interflop-vprec]: daz = false
Info [interflop-vprec]: ftz = false
Info [interflop-vprec]: 	instrument = none
Info [interflop-vprec]: 	prec-input-file = (null)
Info [interflop-vprec]: 	prec-output-file = (null)
Info [interflop-vprec]: 	prec-log-file = (null)
All_Command_lines_OK
Using double precision for computations.
=============================================================================
The composite transform comprises the following transforms (in order): 
  1. /home/mdugre/scratch/mri-registration-rp/datasets/ds004513/derivatives/mri-registration-rp/0001/antsRegistration-r8-p8/sub-s017/affine_Composite.h5[0] (type = Euler3DTransform)
  2. /home/mdugre/scratch/mri-registration-rp/datasets/ds004513/derivatives/mri-registration-rp/0001/antsRegistration-r8-p8/sub-s017/affine_Composite.h5[1] (type = Euler3DTransform)
  3. /home/mdugre/scratch/mri-registration-rp/datasets/ds004513/derivatives/mri-registration-rp/0001/antsRegistration-r8-p8/sub-s017/affine_Composite.h5[2] (type = Euler3DTransform)
  4. /home/mdugre/scratch/mri-registration-rp/datasets/ds004513/derivatives/mri-registration-rp/0001/antsRegistration-r8-p8/sub-s017/affine_Composite.h5[3] (type = AffineTransform)
=============================================================================
  number of levels = 4
  fixed image: /templateflow/tpl-MNI152NLin2009cAsym/tpl-MNI152NLin2009cAsym_res-01_desc-brain_T1w.nii.gz
  moving image: /home/mdugre/scratch/mri-registration-rp/datasets/ds004513/derivatives/mri-registration-rp/antsBrainExtraction/sub-s017/BrainExtractionBrain.nii.gz
Dimension = 3
Number of stages = 1
Use histogram matching = false
Winsorize image intensities = true
  Lower quantile = 0.005
  Upper quantile = 0.995


Stage 1 State
   Image metric = CC
     Fixed image = Image (0x35186f0)
  RTTI typeinfo:   itk::Image<double, 3u>
  Reference Count: 2
  Modified Time: 1606
  Debug: Off
  Object Name: 
  Observers: 
    none
  Source: (none)
  Source output name: (none)
  Release Data: Off
  Data Released: False
  Global Release Data: Off
  PipelineMTime: 0
  UpdateMTime: 1217
  RealTimeStamp: 0 seconds 
  LargestPossibleRegion: 
    Dimension: 3
    Index: [0, 0, 0]
    Size: [193, 229, 193]
  BufferedRegion: 
    Dimension: 3
    Index: [0, 0, 0]
    Size: [193, 229, 193]
  RequestedRegion: 
    Dimension: 3
    Index: [0, 0, 0]
    Size: [193, 229, 193]
  Spacing: [1, 1, 1]
  Origin: [96, 132, -78]
  Direction: 
-1 0 0
0 -1 0
0 0 1

  IndexToPointMatrix: 
-1 0 0
0 -1 0
0 0 1

  PointToIndexMatrix: 
-1 0 0
0 -1 0
0 0 1

  Inverse Direction: 
-1 0 0
0 -1 0
0 0 1

  PixelContainer: 
    ImportImageContainer (0x35e68b0)
