
##########################
# Experiment information #
##########################

EXPERIMENT_NAME: antsRegistration-r7-p15
VFC_BACKENDS: libinterflop_vprec.so --range-binary32=7 --precision-binary32=15 --range-binary64=7 --precision-binary64=15

SIF_IMG: /home/mdugre/projects/rrg-glatard/mdugre/containers/ants-vprec-no_metrics.simg

SUBJECT_ID: s003
INPUT_IMG: /home/mdugre/scratch/mri-registration-rp/datasets/ds004513/derivatives/mri-registration-rp/antsBrainExtraction/sub-s003/BrainExtractionBrain.nii.gz
OUTPUT_DIR: /home/mdugre/scratch/mri-registration-rp/datasets/ds004513/derivatives/mri-registration-rp/0001/antsRegistration-r7-p15/sub-s003

FIXED_IMG: /templateflow/tpl-MNI152NLin2009cAsym/tpl-MNI152NLin2009cAsym_res-01_desc-brain_T1w.nii.gz
DATA_DIR: /home/mdugre/scratch/mri-registration-rp/datasets/ds004513
TEMPLATEFLOW_DIR: /home/mdugre/projects/rrg-glatard/mdugre/templateflow
ITK_GLOBAL_DEFAULT_NUMBER_OF_THREADS: 16
##########################

Info [verificarlo]: loaded backend libinterflop_ieee.so
Info [interflop-ieee]: load backend with:
Info [interflop-ieee]: debug = false
Info [interflop-ieee]: debug-binary = false
Info [interflop-ieee]: no-backend-name = false
Info [interflop-ieee]: print-new-line = false
Info [interflop-ieee]: print-subnormal-normalized = false
Info [interflop-ieee]: count-op = false
All_Command_lines_OK
Using double precision for computations.
=============================================================================
The composite transform comprises the following transforms (in order): 
  1. Center of mass alignment using fixed image: /templateflow/tpl-MNI152NLin2009cAsym/tpl-MNI152NLin2009cAsym_res-01_desc-brain_T1w.nii.gz and moving image: /home/mdugre/scratch/mri-registration-rp/datasets/ds004513/derivatives/mri-registration-rp/antsBrainExtraction/sub-s003/BrainExtractionBrain.nii.gz (type = Euler3DTransform)
=============================================================================
  number of levels = 1
  fixed image: /templateflow/tpl-MNI152NLin2009cAsym/tpl-MNI152NLin2009cAsym_res-01_desc-brain_T1w.nii.gz
  moving image: /home/mdugre/scratch/mri-registration-rp/datasets/ds004513/derivatives/mri-registration-rp/antsBrainExtraction/sub-s003/BrainExtractionBrain.nii.gz
Dimension = 3
Number of stages = 1
Use histogram matching = false
Winsorize image intensities = true
  Lower quantile = 0.005
  Upper quantile = 0.995


Stage 1 State
   Image metric = MattesMI
     Fixed image = Image (0x3fc3e70)
  RTTI typeinfo:   itk::Image<double, 3u>
  Reference Count: 2
  Modified Time: 2334
  Debug: Off
  Object Name: 
  Observers: 
    none
  Source: (none)
  Source output name: (none)
  Release Data: Off
  Data Released: False
  Global Release Data: Off
  PipelineMTime: 0
  UpdateMTime: 1943
  RealTimeStamp: 0 seconds 
  LargestPossibleRegion: 
    Dimension: 3
    Index: [0, 0, 0]
    Size: [193, 229, 193]
  BufferedRegion: 
    Dimension: 3
    Index: [0, 0, 0]
    Size: [193, 229, 193]
  RequestedRegion: 
    Dimension: 3
    Index: [0, 0, 0]
    Size: [193, 229, 193]
  Spacing: [1, 1, 1]
  Origin: [96, 132, -78]
  Direction: 
-1 0 0
0 -1 0
0 0 1

  IndexToPointMatrix: 
-1 0 0
0 -1 0
0 0 1

  PointToIndexMatrix: 
-1 0 0
0 -1 0
0 0 1

  Inverse Direction: 
-1 0 0
0 -1 0
0 0 1

  PixelContainer: 
    ImportImageContainer (0x3fd0140)
      RTTI typeinfo:   itk::ImportImageContainer<unsigned long, double>
      Reference Count: 1
      Modified Time: 1940
      Debug: Off
      Object Name: 
      Observers: 
        none
      Pointer: 0x1489b554e010
      Container manages memory: true
      Size: 8530021
      Capacity: 8530021

     Moving image = Image (0x3fcd310)
  RTTI typeinfo:   itk::Image<double, 3u>
  Reference Count: 2
  Modified Time: 2335
  Debug: Off
  Object Name: 
  Observers: 
    none
  Source: (none)
  Source output name: (none)
  Release Data: Off
  Data Released: False
  Global Release Data: Off
  PipelineMTime: 0
  UpdateMTime: 2332
  RealTimeStamp: 0 seconds 
  LargestPossibleRegion: 
    Dimension: 3
    Index: [0, 0, 0]
    Size: [176, 240, 256]
  BufferedRegion: 
    Dimension: 3
    Index: [0, 0, 0]
    Size: [176, 240, 256]
  RequestedRegion: 
    Dimension: 3
    Index: [0, 0, 0]
    Size: [176, 240, 256]
  Spacing: [0.999999, 1, 1]
  Origin: [93.3499, 86.9368, -128.957]
  Direction: 
-0.999513 -0.0279216 -0.0139567
0.0279189 -0.99961 0.000389866
-0.0139622 2.01492e-08 0.999903

  IndexToPointMatrix: 
-0.999512 -0.0279216 -0.0139567
0.0279189 -0.99961 0.000389866
-0.0139621 2.01492e-08 0.999903

  PointToIndexMatrix: 
-0.999514 0.0279189 -0.0139622
-0.0279216 -0.99961 2.01716e-08
-0.0139567 0.000389866 0.999903

  Inverse Direction: 
-0.999513 0.0279189 -0.0139622
-0.0279216 -0.99961 2.01716e-08
-0.0139567 0.000389866 0.999903

  PixelContainer: 
    ImportImageContainer (0x40f8610)
      RTTI typeinfo:   itk::ImportImageContainer<unsigned long, double>
      Reference Count: 1
      Modified Time: 2329
      Debug: Off
      Object Name: 
      Observers: 
        none
      Pointer: 0x1489b02cd010
      Container manages memory: true
      Size: 10813440
      Capacity: 10813440

     Weighting = 1
     Sampling strategy = regular
     Number of bins = 32
     Radius = 4
     Sampling percentage  = 0.25
   Transform = Rigid
     Gradient step = 0.1
     Update field sigma (voxel space) = 0
     Total field sigma (voxel space) = 0
     Update field time sigma = 0
     Total field time sigma  = 0
     Number of time indices = 0
     Number of time point samples = 0
Registration using 1 total stages.

Stage 0
  iterations = 0
  convergence threshold = 1e-06
  convergence window size = 10
  number of levels = 1
  using the Mattes MI metric (number of bins = 32, weight = 1, use gradient filter = 0)
  preprocessing:  winsorizing the image intensities
  Shrink factors (level 1 out of 1): [1, 1, 1]
  smoothing sigmas per level: [0]
  regular sampling (percentage = 0.25)

*** Running Euler3DTransform registration ***

  Elapsed time (stage 0): 1.10854


Total elapsed time: 1.11141
Info [verificarlo]: loaded backend libinterflop_ieee.so
Info [interflop-ieee]: load backend with:
Info [interflop-ieee]: debug = false
Info [interflop-ieee]: debug-binary = false
Info [interflop-ieee]: no-backend-name = false
Info [interflop-ieee]: print-new-line = false
Info [interflop-ieee]: print-subnormal-normalized = false
Info [interflop-ieee]: count-op = false
All_Command_lines_OK
Using double precision for computations.
=============================================================================
The composite transform comprises the following transforms (in order): 
  1. /home/mdugre/scratch/mri-registration-rp/datasets/ds004513/derivatives/mri-registration-rp/0001/antsRegistration-r7-p15/sub-s003/align_Composite.h5[0] (type = Euler3DTransform)
  2. /home/mdugre/scratch/mri-registration-rp/datasets/ds004513/derivatives/mri-registration-rp/0001/antsRegistration-r7-p15/sub-s003/align_Composite.h5[1] (type = Euler3DTransform)
=============================================================================
  number of levels = 4
  fixed image: /templateflow/tpl-MNI152NLin2009cAsym/tpl-MNI152NLin2009cAsym_res-01_desc-brain_T1w.nii.gz
  moving image: /home/mdugre/scratch/mri-registration-rp/datasets/ds004513/derivatives/mri-registration-rp/antsBrainExtraction/sub-s003/BrainExtractionBrain.nii.gz
Dimension = 3
Number of stages = 1
Use histogram matching = false
Winsorize image intensities = true
  Lower quantile = 0.005
  Upper quantile = 0.995


Stage 1 State
   Image metric = MattesMI
     Fixed image = Image (0x360e530)
  RTTI typeinfo:   itk::Image<double, 3u>
  Reference Count: 2
  Modified Time: 1580
  Debug: Off
  Object Name: 
  Observers: 
    none
  Source: (none)
  Source output name: (none)
  Release Data: Off
  Data Released: False
  Global Release Data: Off
  PipelineMTime: 0
  UpdateMTime: 1189
  RealTimeStamp: 0 seconds 
  LargestPossibleRegion: 
    Dimension: 3
    Index: [0, 0, 0]
    Size: [193, 229, 193]
  BufferedRegion: 
    Dimension: 3
    Index: [0, 0, 0]
    Size: [193, 229, 193]
  RequestedRegion: 
    Dimension: 3
    Index: [0, 0, 0]
    Size: [193, 229, 193]
  Spacing: [1, 1, 1]
  Origin: [96, 132, -78]
  Direction: 
-1 0 0
0 -1 0
0 0 1

  IndexToPointMatrix: 
-1 0 0
0 -1 0
0 0 1

  PointToIndexMatrix: 
-1 0 0
0 -1 0
0 0 1

  Inverse Direction: 
-1 0 0
0 -1 0
0 0 1

  PixelContainer: 
    ImportImageContainer (0x36ccd60)
      RTTI typeinfo:   itk::ImportImageContainer<unsigned long, double>
      Reference Count: 1
      Modified Time: 1186
      Debug: Off
      Object Name: 
      Observers: 
        none
      Pointer: 0x1551b9b2e010
      Container manages memory: true
      Size: 8530021
      Capacity: 8530021

     Moving image = Image (0x36bef60)
  RTTI typeinfo:   itk::Image<double, 3u>
  Reference Count: 2
  Modified Time: 1581
  Debug: Off
  Object Name: 
  Observers: 
    none
  Source: (none)
  Source output name: (none)
  Release Data: Off
  Data Released: False
  Global Release Data: Off
  PipelineMTime: 0
  UpdateMTime: 1578
  RealTimeStamp: 0 seconds 
  LargestPossibleRegion: 
    Dimension: 3
    Index: [0, 0, 0]
    Size: [176, 240, 256]
  BufferedRegion: 
    Dimension: 3
    Index: [0, 0, 0]
    Size: [176, 240, 256]
  RequestedRegion: 
    Dimension: 3
    Index: [0, 0, 0]
    Size: [176, 240, 256]
  Spacing: [0.999999, 1, 1]
  Origin: [93.3499, 86.9368, -128.957]
  Direction: 
-0.999513 -0.0279216 -0.0139567
0.0279189 -0.99961 0.000389866
-0.0139622 2.01492e-08 0.999903

  IndexToPointMatrix: 
-0.999512 -0.0279216 -0.0139567
0.0279189 -0.99961 0.000389866
-0.0139621 2.01492e-08 0.999903

  PointToIndexMatrix: 
-0.999514 0.0279189 -0.0139622
-0.0279216 -0.99961 2.01716e-08
-0.0139567 0.000389866 0.999903

  Inverse Direction: 
-0.999513 0.0279189 -0.0139622
-0.0279216 -0.99961 2.01716e-08
-0.0139567 0.000389866 0.999903

  PixelContainer: 
    ImportImageContainer (0x36b06d0)
      RTTI typeinfo:   itk::ImportImageContainer<unsigned long, double>
      Reference Count: 1
      Modified Time: 1575
      Debug: Off
      Object Name: 
      Observers: 
        none
      Pointer: 0x1551b48ad010
      Container manages memory: true
      Size: 10813440
      Capacity: 10813440

     Weighting = 1
     Sampling strategy = regular
     Number of bins = 32
     Radius = 4
     Sampling percentage  = 0.25
   Transform = Rigid
     Gradient step = 0.1
     Update field sigma (voxel space) = 0
     Total field sigma (voxel space) = 0
     Update field time sigma = 0
     Total field time sigma  = 0
     Number of time indices = 0
     Number of time point samples = 0
Registration using 1 total stages.

Stage 0
  iterations = 1000x500x250x100
  convergence threshold = 1e-06
  convergence window size = 10
  number of levels = 4
  using the Mattes MI metric (number of bins = 32, weight = 1, use gradient filter = 0)
  preprocessing:  winsorizing the image intensities
  Shrink factors (level 1 out of 4): [8, 8, 8]
  Shrink factors (level 2 out of 4): [4, 4, 4]
  Shrink factors (level 3 out of 4): [2, 2, 2]
  Shrink factors (level 4 out of 4): [1, 1, 1]
  smoothing sigmas per level: [3, 2, 1, 0]
  regular sampling (percentage = 0.25)

*** Running Euler3DTransform registration ***

DIAGNOSTIC,Iteration,metricValue,convergenceValue,ITERATION_TIME_INDEX,SINCE_LAST
 2DIAGNOSTIC,     1, -4.871187133941e-01, 1.797693134862e+308, 7.2442e-01, 7.2442e-01, 
 2DIAGNOSTIC,     2, -4.887966556740e-01, 1.797693134862e+308, 7.2987e-01, 5.4491e-03, 
 2DIAGNOSTIC,     3, -4.919242839642e-01, 1.797693134862e+308, 7.3450e-01, 4.6351e-03, 
 2DIAGNOSTIC,     4, -5.019092629522e-01, 1.797693134862e+308, 7.3929e-01, 4.7882e-03, 
 2DIAGNOSTIC,     5, -5.198319788477e-01, 1.797693134862e+308, 7.4384e-01, 4.5521e-03, 
 2DIAGNOSTIC,     6, -5.251449584180e-01, 1.797693134862e+308, 7.4861e-01, 4.7729e-03, 
 2DIAGNOSTIC,     7, -5.365118080768e-01, 1.797693134862e+308, 7.5307e-01, 4.4601e-03, 
 2DIAGNOSTIC,     8, -5.564319077261e-01, 1.797693134862e+308, 7.5954e-01, 6.4671e-03, 
 2DIAGNOSTIC,     9, -5.572786469687e-01, 1.797693134862e+308, 7.6370e-01, 4.1552e-03, 
 2DIAGNOSTIC,    10, -5.597886110608e-01, 1.060089541986e-02, 7.6871e-01, 5.0120e-03, 
 2DIAGNOSTIC,    11, -5.645450860914e-01, 9.471656029002e-03, 7.7312e-01, 4.4100e-03, 
 2DIAGNOSTIC,    12, -5.675342641672e-01, 7.901754414630e-03, 7.7812e-01, 5.0011e-03, 
 2DIAGNOSTIC,    13, -5.685174641935e-01, 6.033280802481e-03, 7.8315e-01, 5.0330e-03, 
 2DIAGNOSTIC,    14, -5.693412095343e-01, 4.302087948774e-03, 7.8883e-01, 5.6789e-03, 
 2DIAGNOSTIC,    15, -5.718972802000e-01, 3.155204981964e-03, 7.9382e-01, 4.9849e-03, 
 2DIAGNOSTIC,    16, -5.734788767073e-01, 2.091398053259e-03, 7.9818e-01, 4.3619e-03, 
 2DIAGNOSTIC,    17, -5.737823402463e-01, 1.310029424178e-03, 8.0279e-01, 4.6089e-03, 
 2DIAGNOSTIC,    18, -5.749452616697e-01, 1.114936190125e-03, 8.0778e-01, 4.9939e-03, 
 2DIAGNOSTIC,    19, -5.774392255380e-01, 9.301256922796e-04, 8.1493e-01, 7.1468e-03, 
 2DIAGNOSTIC,    20, -5.782944999970e-01, 7.612328992647e-04, 8.2003e-01, 5.1069e-03, 
 2DIAGNOSTIC,    21, -5.788863755993e-01, 6.687985511331e-04, 8.2457e-01, 4.5390e-03, 
 2DIAGNOSTIC,    22, -5.857337701046e-01, 7.546209582511e-04, 8.2900e-01, 4.4260e-03, 
 2DIAGNOSTIC,    23, -6.028589199172e-01, 1.162232401598e-03, 8.3403e-01, 5.0330e-03, 
 2DIAGNOSTIC,    24, -6.086613868481e-01, 1.554691305237e-03, 8.4016e-01, 6.1309e-03, 
 2DIAGNOSTIC,    25, -6.127624340231e-01, 1.904928977044e-03, 8.4507e-01, 4.9078e-03, 
 2DIAGNOSTIC,    26, -6.171330106057e-01, 2.167612525880e-03, 8.4990e-01, 4.8339e-03, 
 2DIAGNOSTIC,    27, -6.180829704673e-01, 2.226134299486e-03, 8.5424e-01, 4.3352e-03, 
 2DIAGNOSTIC,    28, -6.204355233846e-01, 2.128618154842e-03, 8.5911e-01, 4.8740e-03, 
 2DIAGNOSTIC,    29, -6.216541973999e-01, 1.901236696461e-03, 8.6359e-01, 4.4782e-03, 
 2DIAGNOSTIC,    30, -6.252686916462e-01, 1.589741208293e-03, 8.6882e-01, 5.2271e-03, 
 2DIAGNOSTIC,    31, -6.305778172705e-01, 1.244382543219e-03, 8.7319e-01, 4.3669e-03, 
 2DIAGNOSTIC,    32, -6.437130833101e-01, 1.107479051689e-03, 8.7883e-01, 5.6429e-03, 
 2DIAGNOSTIC,    33, -6.470240436336e-01, 1.176363732300e-03, 8.8325e-01, 4.4210e-03, 
 2DIAGNOSTIC,    34, -6.489196727555e-01, 1.241850082333e-03, 8.9036e-01, 7.1139e-03, 
 2DIAGNOSTIC,    35, -6.509315541941e-01, 1.271848246027e-03, 8.9462e-01, 4.2579e-03, 
 2DIAGNOSTIC,    36, -6.520063419829e-01, 1.251970293360e-03, 8.9886e-01, 4.2398e-03, 
 2DIAGNOSTIC,    37, -6.528677481786e-01, 1.135516157177e-03, 9.0310e-01, 4.2388e-03, 
 2DIAGNOSTIC,    38, -6.532417520445e-01, 9.531086875691e-04, 9.0730e-01, 4.2000e-03, 
 2DIAGNOSTIC,    39, -6.541792808687e-01, 7.191502950784e-04, 9.1329e-01, 5.9910e-03, 
 2DIAGNOSTIC,    40, -6.542169590606e-01, 4.741092414957e-04, 9.1783e-01, 4.5350e-03, 
 2DIAGNOSTIC,    41, -6.546662915783e-01, 2.612343253651e-04, 9.2207e-01, 4.2410e-03, 
 2DIAGNOSTIC,    42, -6.552097087285e-01, 1.906873583058e-04, 9.2829e-01, 6.2270e-03, 
 2DIAGNOSTIC,    43, -6.553173043771e-01, 1.434001292104e-04, 9.3258e-01, 4.2810e-03, 
 2DIAGNOSTIC,    44, -6.554458781272e-01, 1.064855516303e-04, 9.3684e-01, 4.2601e-03, 
 2DIAGNOSTIC,    45, -6.554214531307e-01, 8.222307071251e-05, 9.4105e-01, 4.2100e-03, 
 2DIAGNOSTIC,    46, -6.555892485956e-01, 6.409466620383e-05, 9.4600e-01, 4.9579e-03, 
 2DIAGNOSTIC,    47, -6.557525748796e-01, 5.098909720940e-05, 9.5082e-01, 4.8130e-03, 
 2DIAGNOSTIC,    48, -6.557073920187e-01, 3.666510545488e-05, 9.5615e-01, 5.3351e-03, 
 2DIAGNOSTIC,    49, -6.557471088128e-01, 2.914365481091e-05, 9.6096e-01, 4.8051e-03, 
 2DIAGNOSTIC,    50, -6.556024873852e-01, 1.817843940640e-05, 9.6524e-01, 4.2861e-03, 
 2DIAGNOSTIC,    51, -6.556214882746e-01, 1.023023740672e-05, 9.6951e-01, 4.2641e-03, 
 2DIAGNOSTIC,    52, -6.556478004694e-01, 6.796345904142e-06, 9.7423e-01, 4.7231e-03, 
 2DIAGNOSTIC,    53, -6.556816636632e-01, 4.133431550330e-06, 9.7899e-01, 4.7600e-03, 
 2DIAGNOSTIC,    54, -6.559449738284e-01, 4.693559600765e-06, 9.8392e-01, 4.9350e-03, 
 2DIAGNOSTIC,    55, -6.559585355545e-01, 4.681557696520e-06, 9.8880e-01, 4.8749e-03, 
 2DIAGNOSTIC,    56, -6.558832475112e-01, 5.044573405225e-06, 9.9324e-01, 4.4401e-03, 
 2DIAGNOSTIC,    57, -6.557414849639e-01, 5.189579111598e-06, 9.9810e-01, 4.8611e-03, 
 2DIAGNOSTIC,    58, -6.556807929418e-01, 4.029982445638e-06, 1.0023e+00, 4.2222e-03, 
 2DIAGNOSTIC,    59, -6.557868369511e-01, 3.725696004576e-06, 1.0087e+00, 6.3601e-03, 
 2DIAGNOSTIC,    60, -6.558120159168e-01, 2.151624042736e-06, 1.0129e+00, 4.2241e-03, 
DIAGNOSTIC,Iteration,metricValue,convergenceValue,ITERATION_TIME_INDEX,SINCE_LAST
 2DIAGNOSTIC,     1, -5.251539217627e-01, 1.797693134862e+308, 1.7286e+00, 7.1569e-01, 
 2DIAGNOSTIC,     2, -5.257822876479e-01, 1.797693134862e+308, 1.7607e+00, 3.2086e-02, 
 2DIAGNOSTIC,     3, -5.265380528805e-01, 1.797693134862e+308, 1.7902e+00, 2.9551e-02, 
 2DIAGNOSTIC,     4, -5.272974510547e-01, 1.797693134862e+308, 1.8211e+00, 3.0829e-02, 
 2DIAGNOSTIC,     5, -5.278340780389e-01, 1.797693134862e+308, 1.8504e+00, 2.9361e-02, 
 2DIAGNOSTIC,     6, -5.281585885808e-01, 1.797693134862e+308, 1.8805e+00, 3.0106e-02, 
 2DIAGNOSTIC,     7, -5.294500961135e-01, 1.797693134862e+308, 1.9099e+00, 2.9335e-02, 
 2DIAGNOSTIC,     8, -5.311695096591e-01, 1.797693134862e+308, 1.9538e+00, 4.3949e-02, 
 2DIAGNOSTIC,     9, -5.314703153720e-01, 1.797693134862e+308, 1.9835e+00, 2.9727e-02, 
 2DIAGNOSTIC,    10, -5.315609658698e-01, 8.468507008222e-04, 2.0138e+00, 3.0216e-02, 
 2DIAGNOSTIC,    11, -5.319593079957e-01, 7.488186202963e-04, 2.0475e+00, 3.3697e-02, 
 2DIAGNOSTIC,    12, -5.335630224206e-01, 6.983872834364e-04, 2.0844e+00, 3.6918e-02, 
 2DIAGNOSTIC,    13, -5.340987471105e-01, 6.427774771805e-04, 2.1142e+00, 2.9840e-02, 
 2DIAGNOSTIC,    14, -5.342802812358e-01, 5.734019257535e-04, 2.1493e+00, 3.5133e-02, 
 2DIAGNOSTIC,    15, -5.342871208424e-01, 4.827163708132e-04, 2.1805e+00, 3.1197e-02, 
 2DIAGNOSTIC,    16, -5.343877507668e-01, 3.731713466134e-04, 2.2128e+00, 3.2293e-02, 
 2DIAGNOSTIC,    17, -5.346860449110e-01, 2.901738158414e-04, 2.2588e+00, 4.5962e-02, 
 2DIAGNOSTIC,    18, -5.348488073577e-01, 2.451013212754e-04, 2.2971e+00, 3.8354e-02, 
 2DIAGNOSTIC,    19, -5.348500847018e-01, 1.914465553689e-04, 2.3319e+00, 3.4795e-02, 
 2DIAGNOSTIC,    20, -5.348509670827e-01, 1.286092530456e-04, 2.3676e+00, 3.5639e-02, 
 2DIAGNOSTIC,    21, -5.348550869824e-01, 6.927830742690e-05, 2.3982e+00, 3.0573e-02, 
 2DIAGNOSTIC,    22, -5.348976311462e-01, 4.858732683020e-05, 2.4269e+00, 2.8736e-02, 
 2DIAGNOSTIC,    23, -5.349684507479e-01, 3.919383615002e-05, 2.4545e+00, 2.7653e-02, 
 2DIAGNOSTIC,    24, -5.350935645686e-01, 3.395603501190e-05, 2.4859e+00, 3.1348e-02, 
 2DIAGNOSTIC,    25, -5.352476377475e-01, 2.954256414989e-05, 2.5184e+00, 3.2550e-02, 
 2DIAGNOSTIC,    26, -5.355952153520e-01, 3.184267396883e-05, 2.5652e+00, 4.6783e-02, 
 2DIAGNOSTIC,    27, -5.356101874867e-01, 3.705226969388e-05, 2.5979e+00, 3.2641e-02, 
 2DIAGNOSTIC,    28, -5.356081996549e-01, 4.165575699108e-05, 2.6326e+00, 3.4723e-02, 
 2DIAGNOSTIC,    29, -5.356089283660e-01, 4.221891534803e-05, 2.6616e+00, 2.9034e-02, 
 2DIAGNOSTIC,    30, -5.356146606983e-01, 3.892824618369e-05, 2.6964e+00, 3.4815e-02, 
 2DIAGNOSTIC,    31, -5.356264935675e-01, 3.245593363870e-05, 2.7291e+00, 3.2711e-02, 
 2DIAGNOSTIC,    32, -5.356232105496e-01, 2.407050552376e-05, 2.7585e+00, 2.9317e-02, 
 2DIAGNOSTIC,    33, -5.356239272706e-01, 1.523255226295e-05, 2.7902e+00, 3.1697e-02, 
 2DIAGNOSTIC,    34, -5.356364655626e-01, 7.723829041274e-06, 2.8215e+00, 3.1309e-02, 
 2DIAGNOSTIC,    35, -5.356962740144e-01, 3.101835901142e-06, 2.8532e+00, 3.1739e-02, 
 2DIAGNOSTIC,    36, -5.360134703375e-01, 8.340736948057e-06, 2.8852e+00, 3.1965e-02, 
 2DIAGNOSTIC,    37, -5.362140915392e-01, 1.557626483128e-05, 2.9333e+00, 4.8136e-02, 
 2DIAGNOSTIC,    38, -5.362612110950e-01, 2.165027532103e-05, 2.9738e+00, 4.0492e-02, 
 2DIAGNOSTIC,    39, -5.362939101421e-01, 2.596302619576e-05, 3.0046e+00, 3.0834e-02, 
 2DIAGNOSTIC,    40, -5.363221774340e-01, 2.811800380849e-05, 3.0337e+00, 2.9062e-02, 
 2DIAGNOSTIC,    41, -5.363324491216e-01, 2.777417236178e-05, 3.0632e+00, 2.9473e-02, 
 2DIAGNOSTIC,    42, -5.363795881757e-01, 2.538671386937e-05, 3.0969e+00, 3.3724e-02, 
 2DIAGNOSTIC,    43, -5.364687674263e-01, 2.191004962466e-05, 3.1275e+00, 3.0568e-02, 
 2DIAGNOSTIC,    44, -5.364881608452e-01, 1.698859155570e-05, 3.1707e+00, 4.3212e-02, 
 2DIAGNOSTIC,    45, -5.364815438644e-01, 1.129894752002e-05, 3.1999e+00, 2.9174e-02, 
 2DIAGNOSTIC,    46, -5.364823841849e-01, 8.488141641522e-06, 3.2333e+00, 3.3486e-02, 
 2DIAGNOSTIC,    47, -5.364915620895e-01, 7.411228486791e-06, 3.2630e+00, 2.9644e-02, 
 2DIAGNOSTIC,    48, -5.364929852973e-01, 6.244846102055e-06, 3.2916e+00, 2.8616e-02, 
 2DIAGNOSTIC,    49, -5.364944865418e-01, 4.958109035329e-06, 3.3255e+00, 3.3911e-02, 
 2DIAGNOSTIC,    50, -5.365094115121e-01, 3.790143791430e-06, 3.3710e+00, 4.5540e-02, 
 2DIAGNOSTIC,    51, -5.365091320756e-01, 2.466435639240e-06, 3.4030e+00, 3.1926e-02, 
 2DIAGNOSTIC,    52, -5.365033201914e-01, 1.415853370854e-06, 3.4310e+00, 2.8053e-02, 
 2DIAGNOSTIC,    53, -5.365035488103e-01, 1.222862380645e-06, 3.4717e+00, 4.0650e-02, 
 2DIAGNOSTIC,    54, -5.365035842991e-01, 1.170717481125e-06, 3.5687e+00, 9.7064e-02, 
DIAGNOSTIC,Iteration,metricValue,convergenceValue,ITERATION_TIME_INDEX,SINCE_LAST
 2DIAGNOSTIC,     1, -4.762427519204e-01, 1.797693134862e+308, 4.7128e+00, 1.1441e+00, 
 2DIAGNOSTIC,     2, -4.764266720066e-01, 1.797693134862e+308, 4.9714e+00, 2.5854e-01, 
 2DIAGNOSTIC,     3, -4.765875321551e-01, 1.797693134862e+308, 5.2079e+00, 2.3652e-01, 
 2DIAGNOSTIC,     4, -4.767358984732e-01, 1.797693134862e+308, 5.5501e+00, 3.4215e-01, 
 2DIAGNOSTIC,     5, -4.767549458932e-01, 1.797693134862e+308, 5.8366e+00, 2.8655e-01, 
 2DIAGNOSTIC,     6, -4.767554191231e-01, 1.797693134862e+308, 6.1143e+00, 2.7765e-01, 
 2DIAGNOSTIC,     7, -4.767559622874e-01, 1.797693134862e+308, 6.3811e+00, 2.6680e-01, 
 2DIAGNOSTIC,     8, -4.767650412117e-01, 1.797693134862e+308, 6.6438e+00, 2.6274e-01, 
 2DIAGNOSTIC,     9, -4.767848132590e-01, 1.797693134862e+308, 6.8856e+00, 2.4177e-01, 
 2DIAGNOSTIC,    10, -4.768296950221e-01, 6.482701781685e-05, 7.1539e+00, 2.6833e-01, 
 2DIAGNOSTIC,    11, -4.768907114235e-01, 4.163176701291e-05, 7.4283e+00, 2.7441e-01, 
 2DIAGNOSTIC,    12, -4.769876847763e-01, 3.261460170109e-05, 7.6565e+00, 2.2821e-01, 
 2DIAGNOSTIC,    13, -4.773092243697e-01, 4.414486724338e-05, 7.9511e+00, 2.9459e-01, 
 2DIAGNOSTIC,    14, -4.775040461508e-01, 6.450421452543e-05, 8.2932e+00, 3.4207e-01, 
 2DIAGNOSTIC,    15, -4.775636827793e-01, 7.954902370472e-05, 8.5429e+00, 2.4975e-01, 
 2DIAGNOSTIC,    16, -4.783598588098e-01, 1.154469019045e-04, 8.8521e+00, 3.0921e-01, 
 2DIAGNOSTIC,    17, -4.784557690120e-01, 1.393008835371e-04, 9.1321e+00, 2.7995e-01, 
 2DIAGNOSTIC,    18, -4.784942219443e-01, 1.494508436174e-04, 9.3991e+00, 2.6706e-01, 
 2DIAGNOSTIC,    19, -4.785144686289e-01, 1.463935232432e-04, 9.6381e+00, 2.3898e-01, 
 2DIAGNOSTIC,    20, -4.785576860841e-01, 1.328604163203e-04, 9.9063e+00, 2.6814e-01, 
 2DIAGNOSTIC,    21, -4.788151114965e-01, 1.171318440586e-04, 1.0238e+01, 3.3161e-01, 
 2DIAGNOSTIC,    22, -4.788510156160e-01, 9.517497644083e-05, 1.0648e+01, 4.1019e-01, 
 2DIAGNOSTIC,    23, -4.788495447196e-01, 7.490227658202e-05, 1.1017e+01, 3.6920e-01, 
 2DIAGNOSTIC,    24, -4.788509498299e-01, 5.463354888961e-05, 1.1294e+01, 2.7683e-01, 
 2DIAGNOSTIC,    25, -4.788505093486e-01, 3.186407272007e-05, 1.1534e+01, 2.3947e-01, 
 2DIAGNOSTIC,    26, -4.788486815057e-01, 2.600285305889e-05, 1.1812e+01, 2.7878e-01, 
 2DIAGNOSTIC,    27, -4.788466327281e-01, 2.027533936503e-05, 1.2109e+01, 2.9632e-01, 
 2DIAGNOSTIC,    28, -4.788467495498e-01, 1.406269198493e-05, 1.2395e+01, 2.8676e-01, 
 2DIAGNOSTIC,    29, -4.788453385063e-01, 7.494139510657e-06, 1.2713e+01, 3.1753e-01, 
 2DIAGNOSTIC,    30, -4.788454236938e-01, 1.480519837241e-06, 1.3037e+01, 3.2380e-01, 
DIAGNOSTIC,Iteration,metricValue,convergenceValue,ITERATION_TIME_INDEX,SINCE_LAST
 2DIAGNOSTIC,     1, -4.453441950769e-01, 1.797693134862e+308, 1.5589e+01, 2.5520e+00, 
 2DIAGNOSTIC,     2, -4.453873965918e-01, 1.797693134862e+308, 1.7342e+01, 1.7532e+00, 
 2DIAGNOSTIC,     3, -4.453967292527e-01, 1.797693134862e+308, 1.9676e+01, 2.3336e+00, 
 2DIAGNOSTIC,     4, -4.453959186533e-01, 1.797693134862e+308, 2.1598e+01, 1.9220e+00, 
 2DIAGNOSTIC,     5, -4.453951360837e-01, 1.797693134862e+308, 2.3409e+01, 1.8116e+00, 
 2DIAGNOSTIC,     6, -4.453940587891e-01, 1.797693134862e+308, 2.5163e+01, 1.7542e+00, 
 2DIAGNOSTIC,     7, -4.453938433563e-01, 1.797693134862e+308, 2.6887e+01, 1.7235e+00, 
 2DIAGNOSTIC,     8, -4.453938255117e-01, 1.797693134862e+308, 2.9340e+01, 2.4532e+00, 
 2DIAGNOSTIC,     9, -4.453938468647e-01, 1.797693134862e+308, 3.1334e+01, 1.9945e+00, 
 2DIAGNOSTIC,    10, -4.453937663103e-01, 6.500498806364e-06, 3.3054e+01, 1.7192e+00, 
 2DIAGNOSTIC,    11, -4.453938043851e-01, 2.991468804961e-06, 3.4614e+01, 1.5599e+00, 
 2DIAGNOSTIC,    12, -4.453936737835e-01, 2.333594179504e-06, 3.6201e+01, 1.5878e+00, 
 2DIAGNOSTIC,    13, -4.453935744743e-01, 2.258811938272e-06, 3.7927e+01, 1.7254e+00, 
 2DIAGNOSTIC,    14, -4.453936158541e-01, 2.177096464884e-06, 3.9492e+01, 1.5652e+00, 
 2DIAGNOSTIC,    15, -4.453935114410e-01, 2.078269807790e-06, 4.1202e+01, 1.7103e+00, 
 2DIAGNOSTIC,    16, -4.453935240896e-01, 1.953557104972e-06, 4.2747e+01, 1.5447e+00, 
 2DIAGNOSTIC,    17, -4.453934697009e-01, 1.836607158641e-06, 4.4481e+01, 1.7339e+00, 
 2DIAGNOSTIC,    18, -4.453932631467e-01, 1.727928471348e-06, 4.6148e+01, 1.6666e+00, 
 2DIAGNOSTIC,    19, -4.453932692491e-01, 1.635460609391e-06, 4.7750e+01, 1.6024e+00, 
 2DIAGNOSTIC,    20, -4.453933308214e-01, 1.555034778930e-06, 4.9186e+01, 1.4362e+00, 
 2DIAGNOSTIC,    21, -4.453931710016e-01, 1.481829679309e-06, 5.0827e+01, 1.6409e+00, 
 2DIAGNOSTIC,    22, -4.453931176403e-01, 1.413271388036e-06, 5.2356e+01, 1.5285e+00, 
 2DIAGNOSTIC,    23, -4.453931517354e-01, 1.351975569185e-06, 5.4009e+01, 1.6532e+00, 
 2DIAGNOSTIC,    24, -4.453930103601e-01, 1.296001294240e-06, 5.5815e+01, 1.8063e+00, 
 2DIAGNOSTIC,    25, -4.453929238150e-01, 1.242361041855e-06, 5.7447e+01, 1.6321e+00, 
 2DIAGNOSTIC,    26, -4.453928746160e-01, 1.194852926878e-06, 5.8892e+01, 1.4447e+00, 
 2DIAGNOSTIC,    27, -4.453929112236e-01, 1.153290524095e-06, 6.0849e+01, 1.9574e+00, 
 2DIAGNOSTIC,    28, -4.453929632052e-01, 1.113406429859e-06, 6.2427e+01, 1.5781e+00, 
 2DIAGNOSTIC,    29, -4.453929213037e-01, 1.077541611265e-06, 6.3808e+01, 1.3804e+00, 
 2DIAGNOSTIC,    30, -4.453929115566e-01, 1.047193694773e-06, 6.5479e+01, 1.6711e+00, 
 2DIAGNOSTIC,    31, -4.453928139394e-01, 1.014774681680e-06, 6.6941e+01, 1.4623e+00, 
  Elapsed time (stage 0): 6.7784e+01


Total elapsed time: 6.7787e+01
Info [verificarlo]: loaded backend libinterflop_ieee.so
Info [interflop-ieee]: load backend with:
Info [interflop-ieee]: debug = false
Info [interflop-ieee]: debug-binary = false
Info [interflop-ieee]: no-backend-name = false
Info [interflop-ieee]: print-new-line = false
Info [interflop-ieee]: print-subnormal-normalized = false
Info [interflop-ieee]: count-op = false
All_Command_lines_OK
Using double precision for computations.
=============================================================================
The composite transform comprises the following transforms (in order): 
  1. /home/mdugre/scratch/mri-registration-rp/datasets/ds004513/derivatives/mri-registration-rp/0001/antsRegistration-r7-p15/sub-s003/rigid_Composite.h5[0] (type = Euler3DTransform)
  2. /home/mdugre/scratch/mri-registration-rp/datasets/ds004513/derivatives/mri-registration-rp/0001/antsRegistration-r7-p15/sub-s003/rigid_Composite.h5[1] (type = Euler3DTransform)
  3. /home/mdugre/scratch/mri-registration-rp/datasets/ds004513/derivatives/mri-registration-rp/0001/antsRegistration-r7-p15/sub-s003/rigid_Composite.h5[2] (type = Euler3DTransform)
=============================================================================
  number of levels = 4
  fixed image: /templateflow/tpl-MNI152NLin2009cAsym/tpl-MNI152NLin2009cAsym_res-01_desc-brain_T1w.nii.gz
  moving image: /home/mdugre/scratch/mri-registration-rp/datasets/ds004513/derivatives/mri-registration-rp/antsBrainExtraction/sub-s003/BrainExtractionBrain.nii.gz
Dimension = 3
Number of stages = 1
Use histogram matching = false
Winsorize image intensities = true
  Lower quantile = 0.005
  Upper quantile = 0.995


Stage 1 State
   Image metric = MattesMI
     Fixed image = Image (0x4a0f7e0)
  RTTI typeinfo:   itk::Image<double, 3u>
  Reference Count: 2
  Modified Time: 1594
  Debug: Off
  Object Name: 
  Observers: 
    none
  Source: (none)
  Source output name: (none)
  Release Data: Off
  Data Released: False
  Global Release Data: Off
  PipelineMTime: 0
  UpdateMTime: 1203
  RealTimeStamp: 0 seconds 
  LargestPossibleRegion: 
    Dimension: 3
    Index: [0, 0, 0]
    Size: [193, 229, 193]
  BufferedRegion: 
    Dimension: 3
    Index: [0, 0, 0]
    Size: [193, 229, 193]
  RequestedRegion: 
    Dimension: 3
    Index: [0, 0, 0]
    Size: [193, 229, 193]
  Spacing: [1, 1, 1]
  Origin: [96, 132, -78]
  Direction: 
-1 0 0
0 -1 0
0 0 1

  IndexToPointMatrix: 
-1 0 0
0 -1 0
0 0 1

  PointToIndexMatrix: 
-1 0 0
0 -1 0
0 0 1

  Inverse Direction: 
-1 0 0
0 -1 0
0 0 1

  PixelContainer: 
    ImportImageContainer (0x4acfa20)
      RTTI typeinfo:   itk::ImportImageContainer<unsigned long, double>
      Reference Count: 1
      Modified Time: 1200
      Debug: Off
      Object Name: 
      Observers: 
        none
      Pointer: 0x14b8e798d010
      Container manages memory: true
      Size: 8530021
      Capacity: 8530021

     Moving image = Image (0x4acad70)
  RTTI typeinfo:   itk::Image<double, 3u>
  Reference Count: 2
  Modified Time: 1595
  Debug: Off
  Object Name: 
  Observers: 
    none
  Source: (none)
  Source output name: (none)
  Release Data: Off
  Data Released: False
  Global Release Data: Off
  PipelineMTime: 0
  UpdateMTime: 1592
  RealTimeStamp: 0 seconds 
  LargestPossibleRegion: 
    Dimension: 3
    Index: [0, 0, 0]
    Size: [176, 240, 256]
  BufferedRegion: 
    Dimension: 3
    Index: [0, 0, 0]
    Size: [176, 240, 256]
  RequestedRegion: 
    Dimension: 3
    Index: [0, 0, 0]
    Size: [176, 240, 256]
  Spacing: [0.999999, 1, 1]
  Origin: [93.3499, 86.9368, -128.957]
  Direction: 
-0.999513 -0.0279216 -0.0139567
0.0279189 -0.99961 0.000389866
-0.0139622 2.01492e-08 0.999903

  IndexToPointMatrix: 
-0.999512 -0.0279216 -0.0139567
0.0279189 -0.99961 0.000389866
-0.0139621 2.01492e-08 0.999903

  PointToIndexMatrix: 
-0.999514 0.0279189 -0.0139622
-0.0279216 -0.99961 2.01716e-08
-0.0139567 0.000389866 0.999903

  Inverse Direction: 
-0.999513 0.0279189 -0.0139622
-0.0279216 -0.99961 2.01716e-08
-0.0139567 0.000389866 0.999903

  PixelContainer: 
    ImportImageContainer (0x4a82c90)
      RTTI typeinfo:   itk::ImportImageContainer<unsigned long, double>
      Reference Count: 1
      Modified Time: 1589
      Debug: Off
      Object Name: 
      Observers: 
        none
      Pointer: 0x14b8e270c010
      Container manages memory: true
      Size: 10813440
      Capacity: 10813440

     Weighting = 1
     Sampling strategy = regular
     Number of bins = 32
     Radius = 4
     Sampling percentage  = 0.25
   Transform = Affine
     Gradient step = 0.1
     Update field sigma (voxel space) = 0
     Total field sigma (voxel space) = 0
     Update field time sigma = 0
     Total field time sigma  = 0
     Number of time indices = 0
     Number of time point samples = 0
Registration using 1 total stages.

Stage 0
  iterations = 1000x500x250x100
  convergence threshold = 1e-06
  convergence window size = 10
  number of levels = 4
  using the Mattes MI metric (number of bins = 32, weight = 1, use gradient filter = 0)
  preprocessing:  winsorizing the image intensities
  Shrink factors (level 1 out of 4): [8, 8, 8]
  Shrink factors (level 2 out of 4): [4, 4, 4]
  Shrink factors (level 3 out of 4): [2, 2, 2]
  Shrink factors (level 4 out of 4): [1, 1, 1]
  smoothing sigmas per level: [3, 2, 1, 0]
  regular sampling (percentage = 0.25)

*** Running AffineTransform registration ***

DIAGNOSTIC,Iteration,metricValue,convergenceValue,ITERATION_TIME_INDEX,SINCE_LAST
 2DIAGNOSTIC,     1, -6.604374340275e-01, 1.797693134862e+308, 7.9337e-01, 7.9337e-01, 
 2DIAGNOSTIC,     2, -6.628777699344e-01, 1.797693134862e+308, 7.9823e-01, 4.8571e-03, 
 2DIAGNOSTIC,     3, -6.667884224693e-01, 1.797693134862e+308, 8.0296e-01, 4.7321e-03, 
 2DIAGNOSTIC,     4, -6.723191311951e-01, 1.797693134862e+308, 8.0754e-01, 4.5831e-03, 
 2DIAGNOSTIC,     5, -6.803956684703e-01, 1.797693134862e+308, 8.1224e-01, 4.6940e-03, 
 2DIAGNOSTIC,     6, -6.924130421637e-01, 1.797693134862e+308, 8.1703e-01, 4.7951e-03, 
 2DIAGNOSTIC,     7, -7.128101021421e-01, 1.797693134862e+308, 8.2421e-01, 7.1790e-03, 
 2DIAGNOSTIC,     8, -7.192428240935e-01, 1.797693134862e+308, 8.2891e-01, 4.6959e-03, 
 2DIAGNOSTIC,     9, -7.208726606276e-01, 1.797693134862e+308, 8.3493e-01, 6.0239e-03, 
 2DIAGNOSTIC,    10, -7.216849841446e-01, 6.980260255176e-03, 8.4053e-01, 5.6040e-03, 
 2DIAGNOSTIC,    11, -7.211978116953e-01, 6.031757935760e-03, 8.4581e-01, 5.2760e-03, 
 2DIAGNOSTIC,    12, -7.211573434708e-01, 4.780538742375e-03, 8.5185e-01, 6.0370e-03, 
 2DIAGNOSTIC,    13, -7.219652012917e-01, 3.444008121174e-03, 8.5964e-01, 7.7929e-03, 
 2DIAGNOSTIC,    14, -7.220925095451e-01, 2.161418138205e-03, 8.6582e-01, 6.1781e-03, 
 2DIAGNOSTIC,    15, -7.220796115160e-01, 1.075950634160e-03, 8.7135e-01, 5.5351e-03, 
 2DIAGNOSTIC,    16, -7.219645932719e-01, 3.209676348729e-04, 8.7749e-01, 6.1350e-03, 
 2DIAGNOSTIC,    17, -7.220021559466e-01, 1.098172964163e-04, 8.8317e-01, 5.6779e-03, 
 2DIAGNOSTIC,    18, -7.220591032782e-01, 5.678338132974e-05, 8.8877e-01, 5.6050e-03, 
 2DIAGNOSTIC,    19, -7.221075362935e-01, 3.914707254810e-05, 8.9507e-01, 6.2962e-03, 
 2DIAGNOSTIC,    20, -7.219648391525e-01, 3.384779198449e-05, 9.0078e-01, 5.7101e-03, 
 2DIAGNOSTIC,    21, -7.220306781127e-01, 1.839220954526e-05, 9.0589e-01, 5.1122e-03, 
 2DIAGNOSTIC,    22, -7.220076804969e-01, 1.182613029199e-06, 9.1117e-01, 5.2769e-03, 
DIAGNOSTIC,Iteration,metricValue,convergenceValue,ITERATION_TIME_INDEX,SINCE_LAST
 2DIAGNOSTIC,     1, -5.945908644077e-01, 1.797693134862e+308, 1.7079e+00, 7.9670e-01, 
 2DIAGNOSTIC,     2, -5.947862510850e-01, 1.797693134862e+308, 1.7477e+00, 3.9793e-02, 
 2DIAGNOSTIC,     3, -5.951318983081e-01, 1.797693134862e+308, 1.7866e+00, 3.8898e-02, 
 2DIAGNOSTIC,     4, -5.956967031516e-01, 1.797693134862e+308, 1.8243e+00, 3.7741e-02, 
 2DIAGNOSTIC,     5, -5.965123986769e-01, 1.797693134862e+308, 1.8623e+00, 3.7965e-02, 
 2DIAGNOSTIC,     6, -5.979876183555e-01, 1.797693134862e+308, 1.9001e+00, 3.7844e-02, 
 2DIAGNOSTIC,     7, -6.007237643638e-01, 1.797693134862e+308, 1.9412e+00, 4.1065e-02, 
 2DIAGNOSTIC,     8, -6.008414420995e-01, 1.797693134862e+308, 1.9834e+00, 4.2242e-02, 
 2DIAGNOSTIC,     9, -6.009020670430e-01, 1.797693134862e+308, 2.0264e+00, 4.3015e-02, 
 2DIAGNOSTIC,    10, -6.009830069975e-01, 8.748175407869e-04, 2.0748e+00, 4.8349e-02, 
 2DIAGNOSTIC,    11, -6.012960958077e-01, 7.696049229820e-04, 2.1223e+00, 4.7533e-02, 
 2DIAGNOSTIC,    12, -6.013687381563e-01, 6.219635299724e-04, 2.1584e+00, 3.6085e-02, 
 2DIAGNOSTIC,    13, -6.014471084472e-01, 4.570246599916e-04, 2.1971e+00, 3.8756e-02, 
 2DIAGNOSTIC,    14, -6.018764821008e-01, 3.095535027397e-04, 2.2487e+00, 5.1516e-02, 
 2DIAGNOSTIC,    15, -6.020516770458e-01, 1.844880729646e-04, 2.2843e+00, 3.5651e-02, 
 2DIAGNOSTIC,    16, -6.021569182072e-01, 1.028714760809e-04, 2.3413e+00, 5.6991e-02, 
 2DIAGNOSTIC,    17, -6.021688332994e-01, 9.831678666841e-05, 2.3877e+00, 4.6386e-02, 
 2DIAGNOSTIC,    18, -6.021677341360e-01, 8.856294478832e-05, 2.4332e+00, 4.5525e-02, 
 2DIAGNOSTIC,    19, -6.021472214482e-01, 7.270858204473e-05, 2.4728e+00, 3.9619e-02, 
 2DIAGNOSTIC,    20, -6.021508554256e-01, 5.358925763287e-05, 2.5160e+00, 4.3200e-02, 
 2DIAGNOSTIC,    21, -6.021546732341e-01, 3.867167593881e-05, 2.5707e+00, 5.4696e-02, 
 2DIAGNOSTIC,    22, -6.021654263372e-01, 2.354538469301e-05, 2.6301e+00, 5.9356e-02, 
 2DIAGNOSTIC,    23, -6.021575744567e-01, 8.946087001513e-06, 2.6783e+00, 4.8246e-02, 
 2DIAGNOSTIC,    24, -6.021590118224e-01, 3.302986727356e-06, 2.7178e+00, 3.9499e-02, 
 2DIAGNOSTIC,    25, -6.021521938601e-01, 1.062098213496e-06, 2.7572e+00, 3.9316e-02, 
 2DIAGNOSTIC,    26, -6.021657712555e-01, 1.164381928563e-06, 2.7978e+00, 4.0671e-02, 
 2DIAGNOSTIC,    27, -6.021625146359e-01, 1.403273145774e-06, 2.8448e+00, 4.6956e-02, 
 2DIAGNOSTIC,    28, -6.021741555415e-01, 1.797975353400e-06, 2.8896e+00, 4.4824e-02, 
 2DIAGNOSTIC,    29, -6.021981243070e-01, 2.159509179277e-06, 2.9385e+00, 4.8861e-02, 
 2DIAGNOSTIC,    30, -6.021920702819e-01, 2.348305124154e-06, 2.9775e+00, 3.9034e-02, 
 2DIAGNOSTIC,    31, -6.021958685907e-01, 2.520717604218e-06, 3.0178e+00, 4.0298e-02, 
 2DIAGNOSTIC,    32, -6.022023263036e-01, 2.799856349864e-06, 3.0597e+00, 4.1903e-02, 
 2DIAGNOSTIC,    33, -6.022278234009e-01, 3.138003430547e-06, 3.1081e+00, 4.8369e-02, 
 2DIAGNOSTIC,    34, -6.022049660107e-01, 2.942185814411e-06, 3.1541e+00, 4.6075e-02, 
 2DIAGNOSTIC,    35, -6.021849923874e-01, 2.216214696031e-06, 3.2024e+00, 4.8268e-02, 
 2DIAGNOSTIC,    36, -6.021742245159e-01, 1.460150318870e-06, 3.2505e+00, 4.8064e-02, 
 2DIAGNOSTIC,    37, -6.022136097583e-01, 1.143612494495e-06, 3.2898e+00, 3.9306e-02, 
 2DIAGNOSTIC,    38, -6.022897315414e-01, 1.876159441201e-06, 3.3372e+00, 4.7451e-02, 
 2DIAGNOSTIC,    39, -6.023194756804e-01, 3.109082806915e-06, 3.3741e+00, 3.6858e-02, 
 2DIAGNOSTIC,    40, -6.027343967050e-01, 8.913301042038e-06, 3.4229e+00, 4.8835e-02, 
 2DIAGNOSTIC,    41, -6.028989172580e-01, 1.548006542545e-05, 3.4654e+00, 4.2442e-02, 
 2DIAGNOSTIC,    42, -6.029067000575e-01, 2.047324227290e-05, 3.5076e+00, 4.2187e-02, 
 2DIAGNOSTIC,    43, -6.029307177027e-01, 2.397387656837e-05, 3.5480e+00, 4.0407e-02, 
 2DIAGNOSTIC,    44, -6.029533122468e-01, 2.510026464457e-05, 3.5860e+00, 3.8017e-02, 
 2DIAGNOSTIC,    45, -6.029634657577e-01, 2.367981450413e-05, 3.6195e+00, 3.3498e-02, 
 2DIAGNOSTIC,    46, -6.029644198976e-01, 1.998432996456e-05, 3.6589e+00, 3.9432e-02, 
 2DIAGNOSTIC,    47, -6.029468725147e-01, 1.486538669530e-05, 3.6978e+00, 3.8846e-02, 
 2DIAGNOSTIC,    48, -6.029547737080e-01, 9.497763022247e-06, 3.7384e+00, 4.0663e-02, 
 2DIAGNOSTIC,    49, -6.029518796701e-01, 3.659011932666e-06, 3.7737e+00, 3.5330e-02, 
 2DIAGNOSTIC,    50, -6.029524646240e-01, 1.649680244201e-06, 3.8086e+00, 3.4892e-02, 
 2DIAGNOSTIC,    51, -6.029869070476e-01, 1.470660909931e-06, 3.8460e+00, 3.7372e-02, 
 2DIAGNOSTIC,    52, -6.030249251401e-01, 1.624414639925e-06, 3.8827e+00, 3.6684e-02, 
 2DIAGNOSTIC,    53, -6.030480629617e-01, 2.084741299833e-06, 3.9210e+00, 3.8284e-02, 
 2DIAGNOSTIC,    54, -6.030784905548e-01, 2.847833982810e-06, 3.9594e+00, 3.8452e-02, 
 2DIAGNOSTIC,    55, -6.031639389595e-01, 4.185708082399e-06, 3.9977e+00, 3.8290e-02, 
 2DIAGNOSTIC,    56, -6.032484239943e-01, 5.834203558111e-06, 4.0402e+00, 4.2465e-02, 
 2DIAGNOSTIC,    57, -6.035132214156e-01, 8.951206534807e-06, 4.0910e+00, 5.0808e-02, 
 2DIAGNOSTIC,    58, -6.038287212470e-01, 1.374543260173e-05, 4.1581e+00, 6.7069e-02, 
 2DIAGNOSTIC,    59, -6.038417855519e-01, 1.715433200266e-05, 4.2011e+00, 4.3083e-02, 
 2DIAGNOSTIC,    60, -6.038627977052e-01, 1.906632927048e-05, 4.2394e+00, 3.8297e-02, 
 2DIAGNOSTIC,    61, -6.038768051883e-01, 1.952010363853e-05, 4.2785e+00, 3.9034e-02, 
 2DIAGNOSTIC,    62, -6.039398622762e-01, 1.886429497862e-05, 4.3141e+00, 3.5633e-02, 
 2DIAGNOSTIC,    63, -6.039770445119e-01, 1.686933862369e-05, 4.3484e+00, 3.4270e-02, 
 2DIAGNOSTIC,    64, -6.040355982956e-01, 1.402778360800e-05, 4.3875e+00, 3.9156e-02, 
