
##########################
# Experiment information #
##########################

EXPERIMENT_NAME: antsRegistration-r8-p9
VFC_BACKENDS: libinterflop_vprec.so --range-binary32=8 --precision-binary32=9 --range-binary64=8 --precision-binary64=9

SIF_IMG: /home/mdugre/projects/rrg-glatard/mdugre/containers/ants-vprec-no_metrics.simg

SUBJECT_ID: s017
INPUT_IMG: /home/mdugre/scratch/mri-registration-rp/datasets/ds004513/derivatives/mri-registration-rp/antsBrainExtraction/sub-s017/BrainExtractionBrain.nii.gz
OUTPUT_DIR: /home/mdugre/scratch/mri-registration-rp/datasets/ds004513/derivatives/mri-registration-rp/0001/antsRegistration-r8-p9/sub-s017

FIXED_IMG: /templateflow/tpl-MNI152NLin2009cAsym/tpl-MNI152NLin2009cAsym_res-01_desc-brain_T1w.nii.gz
DATA_DIR: /home/mdugre/scratch/mri-registration-rp/datasets/ds004513
TEMPLATEFLOW_DIR: /home/mdugre/projects/rrg-glatard/mdugre/templateflow
ITK_GLOBAL_DEFAULT_NUMBER_OF_THREADS: 16
##########################

Info [verificarlo]: loaded backend libinterflop_ieee.so
Info [interflop-ieee]: load backend with:
Info [interflop-ieee]: debug = false
Info [interflop-ieee]: debug-binary = false
Info [interflop-ieee]: no-backend-name = false
Info [interflop-ieee]: print-new-line = false
Info [interflop-ieee]: print-subnormal-normalized = false
Info [interflop-ieee]: count-op = false
All_Command_lines_OK
Using double precision for computations.
=============================================================================
The composite transform comprises the following transforms (in order): 
  1. Center of mass alignment using fixed image: /templateflow/tpl-MNI152NLin2009cAsym/tpl-MNI152NLin2009cAsym_res-01_desc-brain_T1w.nii.gz and moving image: /home/mdugre/scratch/mri-registration-rp/datasets/ds004513/derivatives/mri-registration-rp/antsBrainExtraction/sub-s017/BrainExtractionBrain.nii.gz (type = Euler3DTransform)
=============================================================================
  number of levels = 1
  fixed image: /templateflow/tpl-MNI152NLin2009cAsym/tpl-MNI152NLin2009cAsym_res-01_desc-brain_T1w.nii.gz
  moving image: /home/mdugre/scratch/mri-registration-rp/datasets/ds004513/derivatives/mri-registration-rp/antsBrainExtraction/sub-s017/BrainExtractionBrain.nii.gz
Dimension = 3
Number of stages = 1
Use histogram matching = false
Winsorize image intensities = true
  Lower quantile = 0.005
  Upper quantile = 0.995


Stage 1 State
   Image metric = MattesMI
     Fixed image = Image (0x3cdcbd0)
  RTTI typeinfo:   itk::Image<double, 3u>
  Reference Count: 2
  Modified Time: 2334
  Debug: Off
  Object Name: 
  Observers: 
    none
  Source: (none)
  Source output name: (none)
  Release Data: Off
  Data Released: False
  Global Release Data: Off
  PipelineMTime: 0
  UpdateMTime: 1943
  RealTimeStamp: 0 seconds 
  LargestPossibleRegion: 
    Dimension: 3
    Index: [0, 0, 0]
    Size: [193, 229, 193]
  BufferedRegion: 
    Dimension: 3
    Index: [0, 0, 0]
    Size: [193, 229, 193]
  RequestedRegion: 
    Dimension: 3
    Index: [0, 0, 0]
    Size: [193, 229, 193]
  Spacing: [1, 1, 1]
  Origin: [96, 132, -78]
  Direction: 
-1 0 0
0 -1 0
0 0 1

  IndexToPointMatrix: 
-1 0 0
0 -1 0
0 0 1

  PointToIndexMatrix: 
-1 0 0
0 -1 0
0 0 1

  Inverse Direction: 
-1 0 0
0 -1 0
0 0 1

  PixelContainer: 
    ImportImageContainer (0x3ce59e0)
      RTTI typeinfo:   itk::ImportImageContainer<unsigned long, double>
      Reference Count: 1
      Modified Time: 1940
      Debug: Off
      Object Name: 
      Observers: 
        none
      Pointer: 0x14816103f010
      Container manages memory: true
      Size: 8530021
      Capacity: 8530021

     Moving image = Image (0x3ce6bd0)
  RTTI typeinfo:   itk::Image<double, 3u>
  Reference Count: 2
  Modified Time: 2335
  Debug: Off
  Object Name: 
  Observers: 
    none
  Source: (none)
  Source output name: (none)
  Release Data: Off
  Data Released: False
  Global Release Data: Off
  PipelineMTime: 0
  UpdateMTime: 2332
  RealTimeStamp: 0 seconds 
  LargestPossibleRegion: 
    Dimension: 3
    Index: [0, 0, 0]
    Size: [160, 240, 256]
  BufferedRegion: 
    Dimension: 3
    Index: [0, 0, 0]
    Size: [160, 240, 256]
  RequestedRegion: 
    Dimension: 3
    Index: [0, 0, 0]
    Size: [160, 240, 256]
  Spacing: [1, 1, 1]
  Origin: [91.3357, 102.231, -120.042]
  Direction: 
-0.997442 -5.36781e-05 -0.0714818
5.35416e-05 -1 3.82465e-06
-0.0714818 -1.23894e-08 0.997442

  IndexToPointMatrix: 
-0.997444 -5.36781e-05 -0.0714818
5.35418e-05 -1 3.82465e-06
-0.0714819 -1.23894e-08 0.997442

  PointToIndexMatrix: 
-0.99744 5.35415e-05 -0.0714816
-5.36781e-05 -1 -1.23894e-08
-0.0714818 3.82465e-06 0.997442

  Inverse Direction: 
-0.997442 5.35416e-05 -0.0714818
-5.36781e-05 -1 -1.23894e-08
-0.0714818 3.82465e-06 0.997442

  PixelContainer: 
    ImportImageContainer (0x3e6cb50)
      RTTI typeinfo:   itk::ImportImageContainer<unsigned long, double>
      Reference Count: 1
      Modified Time: 2329
      Debug: Off
      Object Name: 
      Observers: 
        none
      Pointer: 0x14815c53e010
      Container manages memory: true
      Size: 9830400
      Capacity: 9830400

     Weighting = 1
     Sampling strategy = regular
     Number of bins = 32
     Radius = 4
     Sampling percentage  = 0.25
   Transform = Rigid
     Gradient step = 0.1
     Update field sigma (voxel space) = 0
     Total field sigma (voxel space) = 0
     Update field time sigma = 0
     Total field time sigma  = 0
     Number of time indices = 0
     Number of time point samples = 0
Registration using 1 total stages.

Stage 0
  iterations = 0
  convergence threshold = 1e-06
  convergence window size = 10
  number of levels = 1
  using the Mattes MI metric (number of bins = 32, weight = 1, use gradient filter = 0)
  preprocessing:  winsorizing the image intensities
  Shrink factors (level 1 out of 1): [1, 1, 1]
  smoothing sigmas per level: [0]
  regular sampling (percentage = 0.25)

*** Running Euler3DTransform registration ***

  Elapsed time (stage 0): 1.13093


Total elapsed time: 1.13308
Info [verificarlo]: loaded backend libinterflop_ieee.so
Info [interflop-ieee]: load backend with:
Info [interflop-ieee]: debug = false
Info [interflop-ieee]: debug-binary = false
Info [interflop-ieee]: no-backend-name = false
Info [interflop-ieee]: print-new-line = false
Info [interflop-ieee]: print-subnormal-normalized = false
Info [interflop-ieee]: count-op = false
All_Command_lines_OK
Using double precision for computations.
=============================================================================
The composite transform comprises the following transforms (in order): 
  1. /home/mdugre/scratch/mri-registration-rp/datasets/ds004513/derivatives/mri-registration-rp/0001/antsRegistration-r8-p9/sub-s017/align_Composite.h5[0] (type = Euler3DTransform)
  2. /home/mdugre/scratch/mri-registration-rp/datasets/ds004513/derivatives/mri-registration-rp/0001/antsRegistration-r8-p9/sub-s017/align_Composite.h5[1] (type = Euler3DTransform)
=============================================================================
  number of levels = 4
  fixed image: /templateflow/tpl-MNI152NLin2009cAsym/tpl-MNI152NLin2009cAsym_res-01_desc-brain_T1w.nii.gz
  moving image: /home/mdugre/scratch/mri-registration-rp/datasets/ds004513/derivatives/mri-registration-rp/antsBrainExtraction/sub-s017/BrainExtractionBrain.nii.gz
Dimension = 3
Number of stages = 1
Use histogram matching = false
Winsorize image intensities = true
  Lower quantile = 0.005
  Upper quantile = 0.995


Stage 1 State
   Image metric = MattesMI
     Fixed image = Image (0x3cd9530)
  RTTI typeinfo:   itk::Image<double, 3u>
  Reference Count: 2
  Modified Time: 1580
  Debug: Off
  Object Name: 
  Observers: 
    none
  Source: (none)
  Source output name: (none)
  Release Data: Off
  Data Released: False
  Global Release Data: Off
  PipelineMTime: 0
  UpdateMTime: 1189
  RealTimeStamp: 0 seconds 
  LargestPossibleRegion: 
    Dimension: 3
    Index: [0, 0, 0]
    Size: [193, 229, 193]
  BufferedRegion: 
    Dimension: 3
    Index: [0, 0, 0]
    Size: [193, 229, 193]
  RequestedRegion: 
    Dimension: 3
    Index: [0, 0, 0]
    Size: [193, 229, 193]
  Spacing: [1, 1, 1]
  Origin: [96, 132, -78]
  Direction: 
-1 0 0
0 -1 0
0 0 1

  IndexToPointMatrix: 
-1 0 0
0 -1 0
0 0 1

  PointToIndexMatrix: 
-1 0 0
0 -1 0
0 0 1

  Inverse Direction: 
-1 0 0
0 -1 0
0 0 1

  PixelContainer: 
    ImportImageContainer (0x3d97d60)
      RTTI typeinfo:   itk::ImportImageContainer<unsigned long, double>
      Reference Count: 1
      Modified Time: 1186
      Debug: Off
      Object Name: 
      Observers: 
        none
      Pointer: 0x1456320c8010
      Container manages memory: true
      Size: 8530021
      Capacity: 8530021

     Moving image = Image (0x3d89f60)
  RTTI typeinfo:   itk::Image<double, 3u>
  Reference Count: 2
  Modified Time: 1581
  Debug: Off
  Object Name: 
  Observers: 
    none
  Source: (none)
  Source output name: (none)
  Release Data: Off
  Data Released: False
  Global Release Data: Off
  PipelineMTime: 0
  UpdateMTime: 1578
  RealTimeStamp: 0 seconds 
  LargestPossibleRegion: 
    Dimension: 3
    Index: [0, 0, 0]
    Size: [160, 240, 256]
  BufferedRegion: 
    Dimension: 3
    Index: [0, 0, 0]
    Size: [160, 240, 256]
  RequestedRegion: 
    Dimension: 3
    Index: [0, 0, 0]
    Size: [160, 240, 256]
  Spacing: [1, 1, 1]
  Origin: [91.3357, 102.231, -120.042]
  Direction: 
-0.997442 -5.36781e-05 -0.0714818
5.35416e-05 -1 3.82465e-06
-0.0714818 -1.23894e-08 0.997442

  IndexToPointMatrix: 
-0.997444 -5.36781e-05 -0.0714818
5.35418e-05 -1 3.82465e-06
-0.0714819 -1.23894e-08 0.997442

  PointToIndexMatrix: 
-0.99744 5.35415e-05 -0.0714816
-5.36781e-05 -1 -1.23894e-08
-0.0714818 3.82465e-06 0.997442

  Inverse Direction: 
-0.997442 5.35416e-05 -0.0714818
-5.36781e-05 -1 -1.23894e-08
-0.0714818 3.82465e-06 0.997442

  PixelContainer: 
    ImportImageContainer (0x3d7b6d0)
      RTTI typeinfo:   itk::ImportImageContainer<unsigned long, double>
      Reference Count: 1
      Modified Time: 1575
      Debug: Off
      Object Name: 
      Observers: 
        none
      Pointer: 0x14562d5c7010
      Container manages memory: true
      Size: 9830400
      Capacity: 9830400

     Weighting = 1
     Sampling strategy = regular
     Number of bins = 32
     Radius = 4
     Sampling percentage  = 0.25
   Transform = Rigid
     Gradient step = 0.1
     Update field sigma (voxel space) = 0
     Total field sigma (voxel space) = 0
     Update field time sigma = 0
     Total field time sigma  = 0
     Number of time indices = 0
     Number of time point samples = 0
Registration using 1 total stages.

Stage 0
  iterations = 1000x500x250x100
  convergence threshold = 1e-06
  convergence window size = 10
  number of levels = 4
  using the Mattes MI metric (number of bins = 32, weight = 1, use gradient filter = 0)
  preprocessing:  winsorizing the image intensities
  Shrink factors (level 1 out of 4): [8, 8, 8]
  Shrink factors (level 2 out of 4): [4, 4, 4]
  Shrink factors (level 3 out of 4): [2, 2, 2]
  Shrink factors (level 4 out of 4): [1, 1, 1]
  smoothing sigmas per level: [3, 2, 1, 0]
  regular sampling (percentage = 0.25)

*** Running Euler3DTransform registration ***

DIAGNOSTIC,Iteration,metricValue,convergenceValue,ITERATION_TIME_INDEX,SINCE_LAST
 2DIAGNOSTIC,     1, -5.567767283252e-01, 1.797693134862e+308, 8.3835e-01, 8.3835e-01, 
 2DIAGNOSTIC,     2, -5.584239703569e-01, 1.797693134862e+308, 8.4239e-01, 4.0472e-03, 
 2DIAGNOSTIC,     3, -5.612715515272e-01, 1.797693134862e+308, 8.4639e-01, 3.9940e-03, 
 2DIAGNOSTIC,     4, -5.637780194106e-01, 1.797693134862e+308, 8.5001e-01, 3.6190e-03, 
 2DIAGNOSTIC,     5, -5.658229214212e-01, 1.797693134862e+308, 8.5373e-01, 3.7270e-03, 
 2DIAGNOSTIC,     6, -5.696445468689e-01, 1.797693134862e+308, 8.5740e-01, 3.6650e-03, 
 2DIAGNOSTIC,     7, -5.734118275242e-01, 1.797693134862e+308, 8.6109e-01, 3.6919e-03, 
 2DIAGNOSTIC,     8, -5.754533484979e-01, 1.797693134862e+308, 8.6610e-01, 5.0070e-03, 
 2DIAGNOSTIC,     9, -5.763021950250e-01, 1.797693134862e+308, 8.6968e-01, 3.5830e-03, 
 2DIAGNOSTIC,    10, -5.771142770255e-01, 2.558085388189e-03, 8.7476e-01, 5.0859e-03, 
 2DIAGNOSTIC,    11, -5.785125587612e-01, 2.176117873031e-03, 8.7878e-01, 4.0140e-03, 
 2DIAGNOSTIC,    12, -5.799413348090e-01, 1.786767970983e-03, 8.8302e-01, 4.2429e-03, 
 2DIAGNOSTIC,    13, -5.809477908980e-01, 1.443124036835e-03, 8.8728e-01, 4.2551e-03, 
 2DIAGNOSTIC,    14, -5.814655964876e-01, 1.127354078216e-03, 8.9103e-01, 3.7560e-03, 
 2DIAGNOSTIC,    15, -5.819093877219e-01, 8.331089413526e-04, 8.9545e-01, 4.4181e-03, 
 2DIAGNOSTIC,    16, -5.822326442998e-01, 6.258215683232e-04, 8.9968e-01, 4.2281e-03, 
 2DIAGNOSTIC,    17, -5.825793599843e-01, 5.040365830238e-04, 9.0350e-01, 3.8218e-03, 
 2DIAGNOSTIC,    18, -5.863713925916e-01, 5.095725576639e-04, 9.0735e-01, 3.8531e-03, 
 2DIAGNOSTIC,    19, -5.901617810167e-01, 5.855607354891e-04, 9.1409e-01, 6.7360e-03, 
 2DIAGNOSTIC,    20, -5.906016223816e-01, 6.286272500284e-04, 9.1905e-01, 4.9551e-03, 
 2DIAGNOSTIC,    21, -5.907365705866e-01, 6.467002963806e-04, 9.2326e-01, 4.2150e-03, 
 2DIAGNOSTIC,    22, -5.906256574994e-01, 6.330265936344e-04, 9.2745e-01, 4.1850e-03, 
 2DIAGNOSTIC,    23, -5.906307681710e-01, 5.816453055140e-04, 9.3117e-01, 3.7251e-03, 
 2DIAGNOSTIC,    24, -5.905636622009e-01, 4.878472529183e-04, 9.3516e-01, 3.9871e-03, 
 2DIAGNOSTIC,    25, -5.906024985369e-01, 3.662279783923e-04, 9.3944e-01, 4.2861e-03, 
 2DIAGNOSTIC,    26, -5.906025304323e-01, 2.276984665043e-04, 9.4322e-01, 3.7739e-03, 
 2DIAGNOSTIC,    27, -5.906211320573e-01, 8.394584288568e-05, 9.4703e-01, 3.8130e-03, 
 2DIAGNOSTIC,    28, -5.908796758313e-01, 1.198925031087e-05, 9.5084e-01, 3.8140e-03, 
 2DIAGNOSTIC,    29, -5.911411552395e-01, 1.217108543187e-05, 9.5526e-01, 4.4141e-03, 
 2DIAGNOSTIC,    30, -5.915241330961e-01, 2.456301684330e-05, 9.6099e-01, 5.7290e-03, 
 2DIAGNOSTIC,    31, -5.916229825993e-01, 3.758205306389e-05, 9.6481e-01, 3.8190e-03, 
 2DIAGNOSTIC,    32, -5.916651208817e-01, 4.532975449502e-05, 9.6894e-01, 4.1330e-03, 
 2DIAGNOSTIC,    33, -5.916874987632e-01, 4.885284295089e-05, 9.7277e-01, 3.8290e-03, 
 2DIAGNOSTIC,    34, -5.917053822200e-01, 4.682712859223e-05, 9.7751e-01, 4.7381e-03, 
 2DIAGNOSTIC,    35, -5.917390904867e-01, 4.153275817737e-05, 9.8780e-01, 1.0298e-02, 
 2DIAGNOSTIC,    36, -5.917390912695e-01, 3.272086429684e-05, 9.9157e-01, 3.7630e-03, 
 2DIAGNOSTIC,    37, -5.917391070342e-01, 2.163060314976e-05, 9.9533e-01, 3.7611e-03, 
 2DIAGNOSTIC,    38, -5.917391330930e-01, 1.245673595355e-05, 9.9909e-01, 3.7570e-03, 
 2DIAGNOSTIC,    39, -5.917391754734e-01, 5.801896388699e-06, 1.0028e+00, 3.7608e-03, 
 2DIAGNOSTIC,    40, -5.917392424311e-01, 3.643428648982e-06, 1.0066e+00, 3.7448e-03, 
 2DIAGNOSTIC,    41, -5.917393428828e-01, 2.487109296966e-06, 1.0104e+00, 3.8269e-03, 
 2DIAGNOSTIC,    42, -5.917394845334e-01, 1.715730316501e-06, 1.0143e+00, 3.9151e-03, 
 2DIAGNOSTIC,    43, -5.917396625586e-01, 1.144189314253e-06, 1.0181e+00, 3.8061e-03, 
DIAGNOSTIC,Iteration,metricValue,convergenceValue,ITERATION_TIME_INDEX,SINCE_LAST
 2DIAGNOSTIC,     1, -4.784004501415e-01, 1.797693134862e+308, 1.7637e+00, 7.4556e-01, 
 2DIAGNOSTIC,     2, -4.783999131484e-01, 1.797693134862e+308, 1.7897e+00, 2.6008e-02, 
 2DIAGNOSTIC,     3, -4.784190365422e-01, 1.797693134862e+308, 1.8198e+00, 3.0116e-02, 
 2DIAGNOSTIC,     4, -4.785028756508e-01, 1.797693134862e+308, 1.8462e+00, 2.6417e-02, 
 2DIAGNOSTIC,     5, -4.786647485428e-01, 1.797693134862e+308, 1.8725e+00, 2.6211e-02, 
 2DIAGNOSTIC,     6, -4.788099932956e-01, 1.797693134862e+308, 1.9031e+00, 3.0643e-02, 
 2DIAGNOSTIC,     7, -4.794645847211e-01, 1.797693134862e+308, 1.9331e+00, 3.0020e-02, 
 2DIAGNOSTIC,     8, -4.813619171740e-01, 1.797693134862e+308, 1.9820e+00, 4.8925e-02, 
 2DIAGNOSTIC,     9, -4.817935635325e-01, 1.797693134862e+308, 2.0170e+00, 3.4962e-02, 
 2DIAGNOSTIC,    10, -4.822647496916e-01, 5.583367505959e-04, 2.0473e+00, 3.0330e-02, 
 2DIAGNOSTIC,    11, -4.831344909908e-01, 6.366384576075e-04, 2.0838e+00, 3.6485e-02, 
 2DIAGNOSTIC,    12, -4.835768992547e-01, 6.653898034638e-04, 2.1360e+00, 5.2185e-02, 
 2DIAGNOSTIC,    13, -4.835677565315e-01, 6.290342968630e-04, 2.1745e+00, 3.8459e-02, 
 2DIAGNOSTIC,    14, -4.835733047833e-01, 5.452729207315e-04, 2.2183e+00, 4.3872e-02, 
 2DIAGNOSTIC,    15, -4.835701547242e-01, 4.305772095283e-04, 2.2522e+00, 3.3882e-02, 
 2DIAGNOSTIC,    16, -4.835566912998e-01, 2.956272803370e-04, 2.2847e+00, 3.2521e-02, 
 2DIAGNOSTIC,    17, -4.835523104081e-01, 1.703980274514e-04, 2.3132e+00, 2.8479e-02, 
 2DIAGNOSTIC,    18, -4.835483887828e-01, 1.058854945369e-04, 2.3415e+00, 2.8332e-02, 
 2DIAGNOSTIC,    19, -4.835469915470e-01, 5.203914173843e-05, 2.3702e+00, 2.8633e-02, 
 2DIAGNOSTIC,    20, -4.835401827381e-01, 1.204163316049e-05, 2.4022e+00, 3.2005e-02, 
DIAGNOSTIC,Iteration,metricValue,convergenceValue,ITERATION_TIME_INDEX,SINCE_LAST
 2DIAGNOSTIC,     1, -4.161561167876e-01, 1.797693134862e+308, 3.5070e+00, 1.1048e+00, 
 2DIAGNOSTIC,     2, -4.161756893437e-01, 1.797693134862e+308, 3.8048e+00, 2.9778e-01, 
 2DIAGNOSTIC,     3, -4.161696114506e-01, 1.797693134862e+308, 4.0615e+00, 2.5675e-01, 
 2DIAGNOSTIC,     4, -4.161681503550e-01, 1.797693134862e+308, 4.4222e+00, 3.6071e-01, 
 2DIAGNOSTIC,     5, -4.161678896599e-01, 1.797693134862e+308, 4.6862e+00, 2.6391e-01, 
 2DIAGNOSTIC,     6, -4.161669123582e-01, 1.797693134862e+308, 4.9738e+00, 2.8761e-01, 
 2DIAGNOSTIC,     7, -4.161667485640e-01, 1.797693134862e+308, 5.2675e+00, 2.9375e-01, 
 2DIAGNOSTIC,     8, -4.161656816012e-01, 1.797693134862e+308, 5.4966e+00, 2.2911e-01, 
 2DIAGNOSTIC,     9, -4.161650043534e-01, 1.797693134862e+308, 5.7357e+00, 2.3909e-01, 
 2DIAGNOSTIC,    10, -4.161655463811e-01, 2.943366545299e-06, 6.0104e+00, 2.7467e-01, 
 2DIAGNOSTIC,    11, -4.161636420992e-01, 1.720591482693e-06, 6.2500e+00, 2.3960e-01, 
 2DIAGNOSTIC,    12, -4.161624970807e-01, 1.867462474658e-06, 6.5025e+00, 2.5250e-01, 
 2DIAGNOSTIC,    13, -4.161615819741e-01, 1.698398064756e-06, 6.7492e+00, 2.4670e-01, 
 2DIAGNOSTIC,    14, -4.161624603291e-01, 1.592444847515e-06, 6.9835e+00, 2.3428e-01, 
 2DIAGNOSTIC,    15, -4.161620529810e-01, 1.530180431308e-06, 7.2449e+00, 2.6145e-01, 
 2DIAGNOSTIC,    16, -4.161603835103e-01, 1.417836911072e-06, 7.4886e+00, 2.4373e-01, 
 2DIAGNOSTIC,    17, -4.161625251477e-01, 1.455414107870e-06, 7.7611e+00, 2.7249e-01, 
 2DIAGNOSTIC,    18, -4.161617349622e-01, 1.453854851216e-06, 7.9848e+00, 2.2367e-01, 
 2DIAGNOSTIC,    19, -4.161656140591e-01, 1.594928492728e-06, 8.2143e+00, 2.2952e-01, 
 2DIAGNOSTIC,    20, -4.161678254526e-01, 1.821576314037e-06, 8.5230e+00, 3.0871e-01, 
 2DIAGNOSTIC,    21, -4.161672172256e-01, 1.924327014201e-06, 8.7638e+00, 2.4076e-01, 
 2DIAGNOSTIC,    22, -4.161665846119e-01, 1.927748304244e-06, 8.9639e+00, 2.0012e-01, 
 2DIAGNOSTIC,    23, -4.161660793962e-01, 1.843028030551e-06, 9.2105e+00, 2.4660e-01, 
 2DIAGNOSTIC,    24, -4.161655365529e-01, 1.730448862196e-06, 9.4316e+00, 2.2110e-01, 
 2DIAGNOSTIC,    25, -4.161651834943e-01, 1.568353729185e-06, 9.6420e+00, 2.1035e-01, 
 2DIAGNOSTIC,    26, -4.161660037663e-01, 1.368374529673e-06, 9.9017e+00, 2.5977e-01, 
 2DIAGNOSTIC,    27, -4.161651045494e-01, 1.203105055282e-06, 1.0135e+01, 2.3344e-01, 
 2DIAGNOSTIC,    28, -4.161679884894e-01, 1.097088647782e-06, 1.0352e+01, 2.1692e-01, 
 2DIAGNOSTIC,    29, -4.161710849645e-01, 1.162831229050e-06, 1.0598e+01, 2.4576e-01, 
 2DIAGNOSTIC,    30, -4.161703640303e-01, 1.250475704220e-06, 1.0837e+01, 2.3929e-01, 
 2DIAGNOSTIC,    31, -4.161708142908e-01, 1.313167819560e-06, 1.1077e+01, 2.3973e-01, 
 2DIAGNOSTIC,    32, -4.161710089261e-01, 1.336085274223e-06, 1.1290e+01, 2.1279e-01, 
 2DIAGNOSTIC,    33, -4.161749613445e-01, 1.395595233947e-06, 1.1529e+01, 2.3895e-01, 
 2DIAGNOSTIC,    34, -4.161777487500e-01, 1.452526293581e-06, 1.1739e+01, 2.1007e-01, 
 2DIAGNOSTIC,    35, -4.161792220169e-01, 1.478601702295e-06, 1.1976e+01, 2.3751e-01, 
 2DIAGNOSTIC,    36, -4.161806859639e-01, 1.495439401426e-06, 1.2216e+01, 2.4019e-01, 
 2DIAGNOSTIC,    37, -4.161791778416e-01, 1.407680650198e-06, 1.2430e+01, 2.1314e-01, 
 2DIAGNOSTIC,    38, -4.161838486857e-01, 1.406626853863e-06, 1.2699e+01, 2.6975e-01, 
 2DIAGNOSTIC,    39, -4.161849953089e-01, 1.422742157337e-06, 1.2975e+01, 2.7610e-01, 
 2DIAGNOSTIC,    40, -4.161860914880e-01, 1.386764619093e-06, 1.3290e+01, 3.1422e-01, 
 2DIAGNOSTIC,    41, -4.161854987566e-01, 1.295749564766e-06, 1.3522e+01, 2.3244e-01, 
 2DIAGNOSTIC,    42, -4.161840259978e-01, 1.138573332969e-06, 1.3755e+01, 2.3252e-01, 
 2DIAGNOSTIC,    43, -4.161834049850e-01, 1.004201828424e-06, 1.3958e+01, 2.0346e-01, 
DIAGNOSTIC,Iteration,metricValue,convergenceValue,ITERATION_TIME_INDEX,SINCE_LAST
 2DIAGNOSTIC,     1, -3.834265912295e-01, 1.797693134862e+308, 1.6504e+01, 2.5464e+00, 
 2DIAGNOSTIC,     2, -3.834925053331e-01, 1.797693134862e+308, 1.8133e+01, 1.6287e+00, 
 2DIAGNOSTIC,     3, -3.834978116441e-01, 1.797693134862e+308, 1.9761e+01, 1.6275e+00, 
 2DIAGNOSTIC,     4, -3.835004127700e-01, 1.797693134862e+308, 2.1473e+01, 1.7124e+00, 
 2DIAGNOSTIC,     5, -3.835019582497e-01, 1.797693134862e+308, 2.2994e+01, 1.5208e+00, 
 2DIAGNOSTIC,     6, -3.835049957398e-01, 1.797693134862e+308, 2.4684e+01, 1.6902e+00, 
 2DIAGNOSTIC,     7, -3.835058343708e-01, 1.797693134862e+308, 2.6414e+01, 1.7300e+00, 
 2DIAGNOSTIC,     8, -3.835066498243e-01, 1.797693134862e+308, 2.8280e+01, 1.8666e+00, 
 2DIAGNOSTIC,     9, -3.835062955311e-01, 1.797693134862e+308, 3.0081e+01, 1.8010e+00, 
 2DIAGNOSTIC,    10, -3.835063108986e-01, 1.066660799057e-05, 3.1872e+01, 1.7907e+00, 
 2DIAGNOSTIC,    11, -3.835061571780e-01, 4.747041066525e-06, 3.4233e+01, 2.3607e+00, 
 2DIAGNOSTIC,    12, -3.835060832638e-01, 3.706200954662e-06, 3.5624e+01, 1.3915e+00, 
 2DIAGNOSTIC,    13, -3.835060190710e-01, 3.027826270249e-06, 3.7169e+01, 1.5445e+00, 
 2DIAGNOSTIC,    14, -3.835058638467e-01, 2.523467135390e-06, 3.8754e+01, 1.5853e+00, 
 2DIAGNOSTIC,    15, -3.835058006953e-01, 2.133709328042e-06, 4.0319e+01, 1.5654e+00, 
 2DIAGNOSTIC,    16, -3.835056463960e-01, 1.924177741849e-06, 4.2272e+01, 1.9521e+00, 
 2DIAGNOSTIC,    17, -3.835054775118e-01, 1.773328565421e-06, 4.3892e+01, 1.6206e+00, 
 2DIAGNOSTIC,    18, -3.835053086111e-01, 1.675385380914e-06, 4.5365e+01, 1.4731e+00, 
 2DIAGNOSTIC,    19, -3.835051448133e-01, 1.576051820176e-06, 4.6753e+01, 1.3873e+00, 
 2DIAGNOSTIC,    20, -3.835051658755e-01, 1.497295076910e-06, 4.8127e+01, 1.3749e+00, 
 2DIAGNOSTIC,    21, -3.835053779564e-01, 1.436675315054e-06, 4.9708e+01, 1.5806e+00, 
 2DIAGNOSTIC,    22, -3.835055901403e-01, 1.393331721604e-06, 5.1326e+01, 1.6178e+00, 
 2DIAGNOSTIC,    23, -3.835055250995e-01, 1.354581542663e-06, 5.2941e+01, 1.6153e+00, 
 2DIAGNOSTIC,    24, -3.835054518274e-01, 1.314933130901e-06, 5.4503e+01, 1.5620e+00, 
 2DIAGNOSTIC,    25, -3.835053813415e-01, 1.275595341577e-06, 5.6146e+01, 1.6433e+00, 
 2DIAGNOSTIC,    26, -3.835053141609e-01, 1.232550096195e-06, 5.7618e+01, 1.4714e+00, 
 2DIAGNOSTIC,    27, -3.835053494667e-01, 1.188143195198e-06, 5.9024e+01, 1.4061e+00, 
 2DIAGNOSTIC,    28, -3.835054089345e-01, 1.143229101858e-06, 6.0612e+01, 1.5886e+00, 
 2DIAGNOSTIC,    29, -3.835055814671e-01, 1.101082732699e-06, 6.2016e+01, 1.4035e+00, 
 2DIAGNOSTIC,    30, -3.835053714633e-01, 1.056523031166e-06, 6.4108e+01, 2.0918e+00, 
 2DIAGNOSTIC,    31, -3.835053052281e-01, 1.018740043789e-06, 6.5686e+01, 1.5785e+00, 
  Elapsed time (stage 0): 6.6597e+01


Total elapsed time: 6.6599e+01
Info [verificarlo]: loaded backend libinterflop_ieee.so
Info [interflop-ieee]: load backend with:
Info [interflop-ieee]: debug = false
Info [interflop-ieee]: debug-binary = false
Info [interflop-ieee]: no-backend-name = false
Info [interflop-ieee]: print-new-line = false
Info [interflop-ieee]: print-subnormal-normalized = false
Info [interflop-ieee]: count-op = false
All_Command_lines_OK
Using double precision for computations.
=============================================================================
The composite transform comprises the following transforms (in order): 
  1. /home/mdugre/scratch/mri-registration-rp/datasets/ds004513/derivatives/mri-registration-rp/0001/antsRegistration-r8-p9/sub-s017/rigid_Composite.h5[0] (type = Euler3DTransform)
  2. /home/mdugre/scratch/mri-registration-rp/datasets/ds004513/derivatives/mri-registration-rp/0001/antsRegistration-r8-p9/sub-s017/rigid_Composite.h5[1] (type = Euler3DTransform)
  3. /home/mdugre/scratch/mri-registration-rp/datasets/ds004513/derivatives/mri-registration-rp/0001/antsRegistration-r8-p9/sub-s017/rigid_Composite.h5[2] (type = Euler3DTransform)
=============================================================================
  number of levels = 4
  fixed image: /templateflow/tpl-MNI152NLin2009cAsym/tpl-MNI152NLin2009cAsym_res-01_desc-brain_T1w.nii.gz
  moving image: /home/mdugre/scratch/mri-registration-rp/datasets/ds004513/derivatives/mri-registration-rp/antsBrainExtraction/sub-s017/BrainExtractionBrain.nii.gz
Dimension = 3
Number of stages = 1
Use histogram matching = false
Winsorize image intensities = true
  Lower quantile = 0.005
  Upper quantile = 0.995


Stage 1 State
   Image metric = MattesMI
     Fixed image = Image (0x4330530)
  RTTI typeinfo:   itk::Image<double, 3u>
  Reference Count: 2
  Modified Time: 1594
  Debug: Off
  Object Name: 
  Observers: 
    none
  Source: (none)
  Source output name: (none)
  Release Data: Off
  Data Released: False
  Global Release Data: Off
  PipelineMTime: 0
  UpdateMTime: 1203
  RealTimeStamp: 0 seconds 
  LargestPossibleRegion: 
    Dimension: 3
    Index: [0, 0, 0]
    Size: [193, 229, 193]
  BufferedRegion: 
    Dimension: 3
    Index: [0, 0, 0]
    Size: [193, 229, 193]
  RequestedRegion: 
    Dimension: 3
    Index: [0, 0, 0]
    Size: [193, 229, 193]
  Spacing: [1, 1, 1]
  Origin: [96, 132, -78]
  Direction: 
-1 0 0
0 -1 0
0 0 1

  IndexToPointMatrix: 
-1 0 0
0 -1 0
0 0 1

  PointToIndexMatrix: 
-1 0 0
0 -1 0
0 0 1

  Inverse Direction: 
-1 0 0
0 -1 0
0 0 1

  PixelContainer: 
    ImportImageContainer (0x43e92a0)
      RTTI typeinfo:   itk::ImportImageContainer<unsigned long, double>
      Reference Count: 1
      Modified Time: 1200
      Debug: Off
      Object Name: 
      Observers: 
        none
      Pointer: 0x14e7506c8010
      Container manages memory: true
      Size: 8530021
      Capacity: 8530021

     Moving image = Image (0x43ebe60)
  RTTI typeinfo:   itk::Image<double, 3u>
  Reference Count: 2
  Modified Time: 1595
  Debug: Off
  Object Name: 
  Observers: 
    none
  Source: (none)
  Source output name: (none)
  Release Data: Off
  Data Released: False
  Global Release Data: Off
  PipelineMTime: 0
  UpdateMTime: 1592
  RealTimeStamp: 0 seconds 
  LargestPossibleRegion: 
    Dimension: 3
    Index: [0, 0, 0]
    Size: [160, 240, 256]
  BufferedRegion: 
    Dimension: 3
    Index: [0, 0, 0]
    Size: [160, 240, 256]
  RequestedRegion: 
    Dimension: 3
    Index: [0, 0, 0]
    Size: [160, 240, 256]
  Spacing: [1, 1, 1]
  Origin: [91.3357, 102.231, -120.042]
  Direction: 
-0.997442 -5.36781e-05 -0.0714818
5.35416e-05 -1 3.82465e-06
-0.0714818 -1.23894e-08 0.997442

  IndexToPointMatrix: 
-0.997444 -5.36781e-05 -0.0714818
5.35418e-05 -1 3.82465e-06
-0.0714819 -1.23894e-08 0.997442

  PointToIndexMatrix: 
-0.99744 5.35415e-05 -0.0714816
-5.36781e-05 -1 -1.23894e-08
-0.0714818 3.82465e-06 0.997442

  Inverse Direction: 
-0.997442 5.35416e-05 -0.0714818
-5.36781e-05 -1 -1.23894e-08
-0.0714818 3.82465e-06 0.997442

  PixelContainer: 
    ImportImageContainer (0x441f390)
      RTTI typeinfo:   itk::ImportImageContainer<unsigned long, double>
      Reference Count: 1
      Modified Time: 1589
      Debug: Off
      Object Name: 
      Observers: 
        none
      Pointer: 0x14e74bbc7010
      Container manages memory: true
      Size: 9830400
      Capacity: 9830400

     Weighting = 1
     Sampling strategy = regular
     Number of bins = 32
     Radius = 4
     Sampling percentage  = 0.25
   Transform = Affine
     Gradient step = 0.1
     Update field sigma (voxel space) = 0
     Total field sigma (voxel space) = 0
     Update field time sigma = 0
     Total field time sigma  = 0
     Number of time indices = 0
     Number of time point samples = 0
Registration using 1 total stages.

Stage 0
  iterations = 1000x500x250x100
  convergence threshold = 1e-06
  convergence window size = 10
  number of levels = 4
  using the Mattes MI metric (number of bins = 32, weight = 1, use gradient filter = 0)
  preprocessing:  winsorizing the image intensities
  Shrink factors (level 1 out of 4): [8, 8, 8]
  Shrink factors (level 2 out of 4): [4, 4, 4]
  Shrink factors (level 3 out of 4): [2, 2, 2]
  Shrink factors (level 4 out of 4): [1, 1, 1]
  smoothing sigmas per level: [3, 2, 1, 0]
  regular sampling (percentage = 0.25)

*** Running AffineTransform registration ***

DIAGNOSTIC,Iteration,metricValue,convergenceValue,ITERATION_TIME_INDEX,SINCE_LAST
 2DIAGNOSTIC,     1, -5.806290998504e-01, 1.797693134862e+308, 6.8682e-01, 6.8682e-01, 
 2DIAGNOSTIC,     2, -5.832407507997e-01, 1.797693134862e+308, 6.9144e-01, 4.6220e-03, 
 2DIAGNOSTIC,     3, -5.883921005913e-01, 1.797693134862e+308, 6.9591e-01, 4.4680e-03, 
 2DIAGNOSTIC,     4, -5.973582020224e-01, 1.797693134862e+308, 7.0020e-01, 4.2861e-03, 
 2DIAGNOSTIC,     5, -6.166279653058e-01, 1.797693134862e+308, 7.0502e-01, 4.8201e-03, 
 2DIAGNOSTIC,     6, -6.406440247450e-01, 1.797693134862e+308, 7.0983e-01, 4.8120e-03, 
 2DIAGNOSTIC,     7, -7.009864265637e-01, 1.797693134862e+308, 7.1416e-01, 4.3321e-03, 
 2DIAGNOSTIC,     8, -7.630482528238e-01, 1.797693134862e+308, 7.1913e-01, 4.9720e-03, 
 2DIAGNOSTIC,     9, -8.423469017720e-01, 1.797693134862e+308, 7.2635e-01, 7.2200e-03, 
 2DIAGNOSTIC,    10, -8.569694557709e-01, 2.845116136651e-02, 7.3150e-01, 5.1460e-03, 
 2DIAGNOSTIC,    11, -8.701917126995e-01, 2.871708899576e-02, 7.3726e-01, 5.7621e-03, 
 2DIAGNOSTIC,    12, -8.814645611578e-01, 2.683607373951e-02, 7.4593e-01, 8.6651e-03, 
 2DIAGNOSTIC,    13, -8.822368113600e-01, 2.307206280501e-02, 7.5095e-01, 5.0199e-03, 
 2DIAGNOSTIC,    14, -8.834458717692e-01, 1.815384135011e-02, 7.5622e-01, 5.2712e-03, 
 2DIAGNOSTIC,    15, -8.851322801109e-01, 1.292532919843e-02, 7.6133e-01, 5.1110e-03, 
 2DIAGNOSTIC,    16, -8.870480809057e-01, 7.902435008226e-03, 7.6654e-01, 5.2159e-03, 
 2DIAGNOSTIC,    17, -8.886777819458e-01, 4.189413137371e-03, 7.7275e-01, 6.2070e-03, 
 2DIAGNOSTIC,    18, -8.889448809731e-01, 1.810422421090e-03, 7.7897e-01, 6.2151e-03, 
 2DIAGNOSTIC,    19, -8.890594322465e-01, 1.083853117382e-03, 7.8475e-01, 5.7819e-03, 
 2DIAGNOSTIC,    20, -8.887882560873e-01, 5.969783241555e-04, 7.9066e-01, 5.9099e-03, 
 2DIAGNOSTIC,    21, -8.886098614887e-01, 3.264824980563e-04, 7.9737e-01, 6.7089e-03, 
 2DIAGNOSTIC,    22, -8.885249831704e-01, 2.361096571235e-04, 8.0303e-01, 5.6601e-03, 
 2DIAGNOSTIC,    23, -8.882875302022e-01, 1.410432920809e-04, 8.0877e-01, 5.7411e-03, 
 2DIAGNOSTIC,    24, -8.882052344390e-01, 5.851496494606e-05, 8.1381e-01, 5.0380e-03, 
DIAGNOSTIC,Iteration,metricValue,convergenceValue,ITERATION_TIME_INDEX,SINCE_LAST
 2DIAGNOSTIC,     1, -7.469015878948e-01, 1.797693134862e+308, 1.5600e+00, 7.4620e-01, 
 2DIAGNOSTIC,     2, -7.476337609838e-01, 1.797693134862e+308, 1.5966e+00, 3.6638e-02, 
 2DIAGNOSTIC,     3, -7.481984148828e-01, 1.797693134862e+308, 1.6334e+00, 3.6732e-02, 
 2DIAGNOSTIC,     4, -7.485348956553e-01, 1.797693134862e+308, 1.6717e+00, 3.8328e-02, 
 2DIAGNOSTIC,     5, -7.488723348939e-01, 1.797693134862e+308, 1.7099e+00, 3.8180e-02, 
 2DIAGNOSTIC,     6, -7.493028717545e-01, 1.797693134862e+308, 1.7476e+00, 3.7722e-02, 
 2DIAGNOSTIC,     7, -7.498240981253e-01, 1.797693134862e+308, 1.7906e+00, 4.2951e-02, 
 2DIAGNOSTIC,     8, -7.499189037364e-01, 1.797693134862e+308, 1.8242e+00, 3.3628e-02, 
 2DIAGNOSTIC,     9, -7.503981904315e-01, 1.797693134862e+308, 1.8699e+00, 4.5759e-02, 
 2DIAGNOSTIC,    10, -7.505578656486e-01, 3.049238869947e-04, 1.9076e+00, 3.7684e-02, 
 2DIAGNOSTIC,    11, -7.505341233956e-01, 2.389539945226e-04, 1.9463e+00, 3.8691e-02, 
 2DIAGNOSTIC,    12, -7.505061913655e-01, 1.848758167545e-04, 1.9849e+00, 3.8568e-02, 
 2DIAGNOSTIC,    13, -7.505141120641e-01, 1.393602401498e-04, 2.0257e+00, 4.0833e-02, 
 2DIAGNOSTIC,    14, -7.505102732519e-01, 9.677096858714e-05, 2.0678e+00, 4.2131e-02, 
 2DIAGNOSTIC,    15, -7.505029862471e-01, 5.935599189837e-05, 2.1153e+00, 4.7417e-02, 
 2DIAGNOSTIC,    16, -7.504912485124e-01, 3.116310937336e-05, 2.1547e+00, 3.9413e-02, 
 2DIAGNOSTIC,    17, -7.504804688485e-01, 1.513171302842e-05, 2.1924e+00, 3.7754e-02, 
 2DIAGNOSTIC,    18, -7.504860792355e-01, 1.517272801468e-06, 2.2289e+00, 3.6442e-02, 
DIAGNOSTIC,Iteration,metricValue,convergenceValue,ITERATION_TIME_INDEX,SINCE_LAST
 2DIAGNOSTIC,     1, -6.294116115182e-01, 1.797693134862e+308, 3.3907e+00, 1.1618e+00, 
 2DIAGNOSTIC,     2, -6.299274337381e-01, 1.797693134862e+308, 3.7060e+00, 3.1527e-01, 
 2DIAGNOSTIC,     3, -6.304606937337e-01, 1.797693134862e+308, 3.9971e+00, 2.9109e-01, 
 2DIAGNOSTIC,     4, -6.311440983056e-01, 1.797693134862e+308, 4.3110e+00, 3.1394e-01, 
 2DIAGNOSTIC,     5, -6.319613521850e-01, 1.797693134862e+308, 4.6136e+00, 3.0265e-01, 
 2DIAGNOSTIC,     6, -6.326508619105e-01, 1.797693134862e+308, 5.1403e+00, 5.2671e-01, 
 2DIAGNOSTIC,     7, -6.326442431244e-01, 1.797693134862e+308, 5.5387e+00, 3.9839e-01, 
 2DIAGNOSTIC,     8, -6.326421029740e-01, 1.797693134862e+308, 5.8514e+00, 3.1265e-01, 
 2DIAGNOSTIC,     9, -6.326413589840e-01, 1.797693134862e+308, 6.1503e+00, 2.9895e-01, 
 2DIAGNOSTIC,    10, -6.326405356037e-01, 3.607193903200e-04, 6.4896e+00, 3.3929e-01, 
 2DIAGNOSTIC,    11, -6.326380580464e-01, 2.475998102233e-04, 6.7910e+00, 3.0132e-01, 
 2DIAGNOSTIC,    12, -6.326382568072e-01, 1.509095183983e-04, 7.0619e+00, 2.7094e-01, 
 2DIAGNOSTIC,    13, -6.326371996336e-01, 7.419550866447e-05, 7.3277e+00, 2.6576e-01, 
 2DIAGNOSTIC,    14, -6.326376012878e-01, 2.341664635966e-05, 7.6281e+00, 3.0043e-01, 
 2DIAGNOSTIC,    15, -6.326364675728e-01, 1.358505222745e-06, 7.9072e+00, 2.7915e-01, 
 2DIAGNOSTIC,    16, -6.326355129700e-01, 1.489402919594e-06, 8.1791e+00, 2.7188e-01, 
 2DIAGNOSTIC,    17, -6.326348602930e-01, 1.460469280470e-06, 8.5281e+00, 3.4901e-01, 
 2DIAGNOSTIC,    18, -6.326337608803e-01, 1.391313693727e-06, 8.8129e+00, 2.8475e-01, 
 2DIAGNOSTIC,    19, -6.326327161046e-01, 1.322246765904e-06, 9.0706e+00, 2.5767e-01, 
 2DIAGNOSTIC,    20, -6.326305163774e-01, 1.226844710822e-06, 9.3435e+00, 2.7292e-01, 
 2DIAGNOSTIC,    21, -6.326298184852e-01, 1.107474380993e-06, 9.6200e+00, 2.7649e-01, 
 2DIAGNOSTIC,    22, -6.326281932011e-01, 1.008190323684e-06, 9.9436e+00, 3.2360e-01, 
DIAGNOSTIC,Iteration,metricValue,convergenceValue,ITERATION_TIME_INDEX,SINCE_LAST
 2DIAGNOSTIC,     1, -5.634463070129e-01, 1.797693134862e+308, 1.3045e+01, 3.1013e+00, 
 2DIAGNOSTIC,     2, -5.639251006183e-01, 1.797693134862e+308, 1.5010e+01, 1.9651e+00, 
 2DIAGNOSTIC,     3, -5.643935834160e-01, 1.797693134862e+308, 1.6818e+01, 1.8082e+00, 
 2DIAGNOSTIC,     4, -5.653421950870e-01, 1.797693134862e+308, 1.8896e+01, 2.0775e+00, 
 2DIAGNOSTIC,     5, -5.666806616560e-01, 1.797693134862e+308, 2.1954e+01, 3.0583e+00, 
 2DIAGNOSTIC,     6, -5.666788686101e-01, 1.797693134862e+308, 2.4696e+01, 2.7423e+00, 
 2DIAGNOSTIC,     7, -5.666780001697e-01, 1.797693134862e+308, 2.6910e+01, 2.2136e+00, 
 2DIAGNOSTIC,     8, -5.666783603750e-01, 1.797693134862e+308, 2.9605e+01, 2.6948e+00, 
 2DIAGNOSTIC,     9, -5.666783953063e-01, 1.797693134862e+308, 3.1958e+01, 2.3529e+00, 
 2DIAGNOSTIC,    10, -5.666784374662e-01, 3.983068371732e-04, 3.4837e+01, 2.8791e+00, 
 2DIAGNOSTIC,    11, -5.666785004702e-01, 2.625654118304e-04, 3.6982e+01, 2.1450e+00, 
 2DIAGNOSTIC,    12, -5.666783976297e-01, 1.470656062045e-04, 3.8940e+01, 1.9581e+00, 
 2DIAGNOSTIC,    13, -5.666783036433e-01, 5.398594572363e-05, 4.0964e+01, 2.0247e+00, 
 2DIAGNOSTIC,    14, -5.666782332574e-01, 2.182697120767e-06, 4.2931e+01, 1.9663e+00, 
 2DIAGNOSTIC,    15, -5.666780043480e-01, 2.099997247998e-06, 4.4911e+01, 1.9802e+00, 
 2DIAGNOSTIC,    16, -5.666780492412e-01, 1.975944909138e-06, 4.6928e+01, 2.0169e+00, 
 2DIAGNOSTIC,    17, -5.666779396208e-01, 1.838561849335e-06, 4.8722e+01, 1.7941e+00, 
 2DIAGNOSTIC,    18, -5.666778573506e-01, 1.727470054246e-06, 5.0593e+01, 1.8708e+00, 
 2DIAGNOSTIC,    19, -5.666778213192e-01, 1.631944816179e-06, 5.2414e+01, 1.8213e+00, 
 2DIAGNOSTIC,    20, -5.666778634754e-01, 1.552102556424e-06, 5.4706e+01, 2.2917e+00, 
 2DIAGNOSTIC,    21, -5.666779873043e-01, 1.487995151699e-06, 5.6671e+01, 1.9653e+00, 
 2DIAGNOSTIC,    22, -5.666782995909e-01, 1.437030944733e-06, 5.8775e+01, 2.1044e+00, 
 2DIAGNOSTIC,    23, -5.666784016351e-01, 1.391506659981e-06, 6.1249e+01, 2.4734e+00, 
 2DIAGNOSTIC,    24, -5.666780895082e-01, 1.341268767004e-06, 6.3286e+01, 2.0375e+00, 
 2DIAGNOSTIC,    25, -5.666779105793e-01, 1.285670318568e-06, 6.5332e+01, 2.0460e+00, 
 2DIAGNOSTIC,    26, -5.666778667320e-01, 1.233226889594e-06, 6.7470e+01, 2.1381e+00, 
 2DIAGNOSTIC,    27, -5.666775445405e-01, 1.175623341086e-06, 6.9393e+01, 1.9230e+00, 
 2DIAGNOSTIC,    28, -5.666776939049e-01, 1.123783224762e-06, 7.1431e+01, 2.0379e+00, 
 2DIAGNOSTIC,    29, -5.666774919442e-01, 1.072663084412e-06, 7.3421e+01, 1.9893e+00, 
 2DIAGNOSTIC,    30, -5.666775058055e-01, 1.028384685520e-06, 7.5634e+01, 2.2134e+00, 
  Elapsed time (stage 0): 7.6773e+01


Total elapsed time: 7.6776e+01
Info [verificarlo]: loaded backend libinterflop_vprec.so
Info [interflop-vprec]: load backend with: 
Info [interflop-vprec]: precision-binary32 = 9
Info [interflop-vprec]: range-binary32 = 8
Info [interflop-vprec]: precision-binary64 = 9
Info [interflop-vprec]: range-binary64 = 8
Info [interflop-vprec]: mode = ob
Info [interflop-vprec]: error-mode = rel
Info [interflop-vprec]: max-abs-error-exponent = -1022
Info [interflop-vprec]: daz = false
Info [interflop-vprec]: ftz = false
Info [interflop-vprec]: 	instrument = none
Info [interflop-vprec]: 	prec-input-file = (null)
Info [interflop-vprec]: 	prec-output-file = (null)
Info [interflop-vprec]: 	prec-log-file = (null)
All_Command_lines_OK
Using double precision for computations.
=============================================================================
The composite transform comprises the following transforms (in order): 
  1. /home/mdugre/scratch/mri-registration-rp/datasets/ds004513/derivatives/mri-registration-rp/0001/antsRegistration-r8-p9/sub-s017/affine_Composite.h5[0] (type = Euler3DTransform)
  2. /home/mdugre/scratch/mri-registration-rp/datasets/ds004513/derivatives/mri-registration-rp/0001/antsRegistration-r8-p9/sub-s017/affine_Composite.h5[1] (type = Euler3DTransform)
  3. /home/mdugre/scratch/mri-registration-rp/datasets/ds004513/derivatives/mri-registration-rp/0001/antsRegistration-r8-p9/sub-s017/affine_Composite.h5[2] (type = Euler3DTransform)
  4. /home/mdugre/scratch/mri-registration-rp/datasets/ds004513/derivatives/mri-registration-rp/0001/antsRegistration-r8-p9/sub-s017/affine_Composite.h5[3] (type = AffineTransform)
=============================================================================
  number of levels = 4
  fixed image: /templateflow/tpl-MNI152NLin2009cAsym/tpl-MNI152NLin2009cAsym_res-01_desc-brain_T1w.nii.gz
  moving image: /home/mdugre/scratch/mri-registration-rp/datasets/ds004513/derivatives/mri-registration-rp/antsBrainExtraction/sub-s017/BrainExtractionBrain.nii.gz
Dimension = 3
Number of stages = 1
Use histogram matching = false
Winsorize image intensities = true
  Lower quantile = 0.005
  Upper quantile = 0.995


Stage 1 State
   Image metric = CC
     Fixed image = Image (0x3a8b6f0)
  RTTI typeinfo:   itk::Image<double, 3u>
  Reference Count: 2
  Modified Time: 1606
  Debug: Off
  Object Name: 
  Observers: 
    none
  Source: (none)
  Source output name: (none)
  Release Data: Off
