
##########################
# Experiment information #
##########################

EXPERIMENT_NAME: antsRegistration-r7-p19
VFC_BACKENDS: libinterflop_vprec.so --range-binary32=7 --precision-binary32=19 --range-binary64=7 --precision-binary64=19

SIF_IMG: /home/mdugre/projects/rrg-glatard/mdugre/containers/ants-vprec-no_metrics.simg

SUBJECT_ID: s037
INPUT_IMG: /home/mdugre/scratch/mri-registration-rp/datasets/ds004513/derivatives/mri-registration-rp/antsBrainExtraction/sub-s037/BrainExtractionBrain.nii.gz
OUTPUT_DIR: /home/mdugre/scratch/mri-registration-rp/datasets/ds004513/derivatives/mri-registration-rp/0001/antsRegistration-r7-p19/sub-s037

FIXED_IMG: /templateflow/tpl-MNI152NLin2009cAsym/tpl-MNI152NLin2009cAsym_res-01_desc-brain_T1w.nii.gz
DATA_DIR: /home/mdugre/scratch/mri-registration-rp/datasets/ds004513
TEMPLATEFLOW_DIR: /home/mdugre/projects/rrg-glatard/mdugre/templateflow
ITK_GLOBAL_DEFAULT_NUMBER_OF_THREADS: 16
##########################

Info [verificarlo]: loaded backend libinterflop_ieee.so
Info [interflop-ieee]: load backend with:
Info [interflop-ieee]: debug = false
Info [interflop-ieee]: debug-binary = false
Info [interflop-ieee]: no-backend-name = false
Info [interflop-ieee]: print-new-line = false
Info [interflop-ieee]: print-subnormal-normalized = false
Info [interflop-ieee]: count-op = false
All_Command_lines_OK
Using double precision for computations.
=============================================================================
The composite transform comprises the following transforms (in order): 
  1. Center of mass alignment using fixed image: /templateflow/tpl-MNI152NLin2009cAsym/tpl-MNI152NLin2009cAsym_res-01_desc-brain_T1w.nii.gz and moving image: /home/mdugre/scratch/mri-registration-rp/datasets/ds004513/derivatives/mri-registration-rp/antsBrainExtraction/sub-s037/BrainExtractionBrain.nii.gz (type = Euler3DTransform)
=============================================================================
  number of levels = 1
  fixed image: /templateflow/tpl-MNI152NLin2009cAsym/tpl-MNI152NLin2009cAsym_res-01_desc-brain_T1w.nii.gz
  moving image: /home/mdugre/scratch/mri-registration-rp/datasets/ds004513/derivatives/mri-registration-rp/antsBrainExtraction/sub-s037/BrainExtractionBrain.nii.gz
Dimension = 3
Number of stages = 1
Use histogram matching = false
Winsorize image intensities = true
  Lower quantile = 0.005
  Upper quantile = 0.995


Stage 1 State
   Image metric = MattesMI
     Fixed image = Image (0x32e9e70)
  RTTI typeinfo:   itk::Image<double, 3u>
  Reference Count: 2
  Modified Time: 2330
  Debug: Off
  Object Name: 
  Observers: 
    none
  Source: (none)
  Source output name: (none)
  Release Data: Off
  Data Released: False
  Global Release Data: Off
  PipelineMTime: 0
  UpdateMTime: 1941
  RealTimeStamp: 0 seconds 
  LargestPossibleRegion: 
    Dimension: 3
    Index: [0, 0, 0]
    Size: [193, 229, 193]
  BufferedRegion: 
    Dimension: 3
    Index: [0, 0, 0]
    Size: [193, 229, 193]
  RequestedRegion: 
    Dimension: 3
    Index: [0, 0, 0]
    Size: [193, 229, 193]
  Spacing: [1, 1, 1]
  Origin: [96, 132, -78]
  Direction: 
-1 0 0
0 -1 0
0 0 1

  IndexToPointMatrix: 
-1 0 0
0 -1 0
0 0 1

  PointToIndexMatrix: 
-1 0 0
0 -1 0
0 0 1

  Inverse Direction: 
-1 0 0
0 -1 0
0 0 1

  PixelContainer: 
    ImportImageContainer (0x32f2c60)
      RTTI typeinfo:   itk::ImportImageContainer<unsigned long, double>
      Reference Count: 1
      Modified Time: 1938
      Debug: Off
      Object Name: 
      Observers: 
        none
      Pointer: 0x14edfb764010
      Container manages memory: true
      Size: 8530021
      Capacity: 8530021

     Moving image = Image (0x3386ec0)
  RTTI typeinfo:   itk::Image<double, 3u>
  Reference Count: 2
  Modified Time: 2331
  Debug: Off
  Object Name: 
  Observers: 
    none
  Source: (none)
  Source output name: (none)
  Release Data: Off
  Data Released: False
  Global Release Data: Off
  PipelineMTime: 0
  UpdateMTime: 2328
  RealTimeStamp: 0 seconds 
  LargestPossibleRegion: 
    Dimension: 3
    Index: [0, 0, 0]
    Size: [160, 240, 256]
  BufferedRegion: 
    Dimension: 3
    Index: [0, 0, 0]
    Size: [160, 240, 256]
  RequestedRegion: 
    Dimension: 3
    Index: [0, 0, 0]
    Size: [160, 240, 256]
  Spacing: [1, 1, 1]
  Origin: [87.9508, 102.562, -147.639]
  Direction: 
-0.998659 -0.0436121 -0.0279129
0.043595 -0.999049 0.00121847
-0.0279395 -2.65543e-08 0.99961

  IndexToPointMatrix: 
-0.998659 -0.0436121 -0.0279129
0.043595 -0.999049 0.00121847
-0.0279395 -2.65543e-08 0.99961

  PointToIndexMatrix: 
-0.998659 0.043595 -0.0279395
-0.0436121 -0.999049 -2.65517e-08
-0.0279129 0.00121847 0.99961

  Inverse Direction: 
-0.998659 0.043595 -0.0279395
-0.0436121 -0.999049 -2.65517e-08
-0.0279129 0.00121847 0.99961

  PixelContainer: 
    ImportImageContainer (0x341e610)
      RTTI typeinfo:   itk::ImportImageContainer<unsigned long, double>
      Reference Count: 1
      Modified Time: 2325
      Debug: Off
      Object Name: 
      Observers: 
        none
      Pointer: 0x14edf6c63010
      Container manages memory: true
      Size: 9830400
      Capacity: 9830400

     Weighting = 1
     Sampling strategy = regular
     Number of bins = 32
     Radius = 4
     Sampling percentage  = 0.25
   Transform = Rigid
     Gradient step = 0.1
     Update field sigma (voxel space) = 0
     Total field sigma (voxel space) = 0
     Update field time sigma = 0
     Total field time sigma  = 0
     Number of time indices = 0
     Number of time point samples = 0
Registration using 1 total stages.

Stage 0
  iterations = 0
  convergence threshold = 1e-06
  convergence window size = 10
  number of levels = 1
  using the Mattes MI metric (number of bins = 32, weight = 1, use gradient filter = 0)
  preprocessing:  winsorizing the image intensities
  Shrink factors (level 1 out of 1): [1, 1, 1]
  smoothing sigmas per level: [0]
  regular sampling (percentage = 0.25)

*** Running Euler3DTransform registration ***

  Elapsed time (stage 0): 1.20607


Total elapsed time: 1.2308
Info [verificarlo]: loaded backend libinterflop_ieee.so
Info [interflop-ieee]: load backend with:
Info [interflop-ieee]: debug = false
Info [interflop-ieee]: debug-binary = false
Info [interflop-ieee]: no-backend-name = false
Info [interflop-ieee]: print-new-line = false
Info [interflop-ieee]: print-subnormal-normalized = false
Info [interflop-ieee]: count-op = false
All_Command_lines_OK
Using double precision for computations.
=============================================================================
The composite transform comprises the following transforms (in order): 
  1. /home/mdugre/scratch/mri-registration-rp/datasets/ds004513/derivatives/mri-registration-rp/0001/antsRegistration-r7-p19/sub-s037/align_Composite.h5[0] (type = Euler3DTransform)
  2. /home/mdugre/scratch/mri-registration-rp/datasets/ds004513/derivatives/mri-registration-rp/0001/antsRegistration-r7-p19/sub-s037/align_Composite.h5[1] (type = Euler3DTransform)
=============================================================================
  number of levels = 4
  fixed image: /templateflow/tpl-MNI152NLin2009cAsym/tpl-MNI152NLin2009cAsym_res-01_desc-brain_T1w.nii.gz
  moving image: /home/mdugre/scratch/mri-registration-rp/datasets/ds004513/derivatives/mri-registration-rp/antsBrainExtraction/sub-s037/BrainExtractionBrain.nii.gz
Dimension = 3
Number of stages = 1
Use histogram matching = false
Winsorize image intensities = true
  Lower quantile = 0.005
  Upper quantile = 0.995


Stage 1 State
   Image metric = MattesMI
     Fixed image = Image (0x46c5530)
  RTTI typeinfo:   itk::Image<double, 3u>
  Reference Count: 2
  Modified Time: 1578
  Debug: Off
  Object Name: 
  Observers: 
    none
  Source: (none)
  Source output name: (none)
  Release Data: Off
  Data Released: False
  Global Release Data: Off
  PipelineMTime: 0
  UpdateMTime: 1189
  RealTimeStamp: 0 seconds 
  LargestPossibleRegion: 
    Dimension: 3
    Index: [0, 0, 0]
    Size: [193, 229, 193]
  BufferedRegion: 
    Dimension: 3
    Index: [0, 0, 0]
    Size: [193, 229, 193]
  RequestedRegion: 
    Dimension: 3
    Index: [0, 0, 0]
    Size: [193, 229, 193]
  Spacing: [1, 1, 1]
  Origin: [96, 132, -78]
  Direction: 
-1 0 0
0 -1 0
0 0 1

  IndexToPointMatrix: 
-1 0 0
0 -1 0
0 0 1

  PointToIndexMatrix: 
-1 0 0
0 -1 0
0 0 1

  Inverse Direction: 
-1 0 0
0 -1 0
0 0 1

  PixelContainer: 
    ImportImageContainer (0x4783d60)
      RTTI typeinfo:   itk::ImportImageContainer<unsigned long, double>
      Reference Count: 1
      Modified Time: 1186
      Debug: Off
      Object Name: 
      Observers: 
        none
      Pointer: 0x146a455bc010
      Container manages memory: true
      Size: 8530021
      Capacity: 8530021

     Moving image = Image (0x4775f60)
  RTTI typeinfo:   itk::Image<double, 3u>
  Reference Count: 2
  Modified Time: 1579
  Debug: Off
  Object Name: 
  Observers: 
    none
  Source: (none)
  Source output name: (none)
  Release Data: Off
  Data Released: False
  Global Release Data: Off
  PipelineMTime: 0
  UpdateMTime: 1576
  RealTimeStamp: 0 seconds 
  LargestPossibleRegion: 
    Dimension: 3
    Index: [0, 0, 0]
    Size: [160, 240, 256]
  BufferedRegion: 
    Dimension: 3
    Index: [0, 0, 0]
    Size: [160, 240, 256]
  RequestedRegion: 
    Dimension: 3
    Index: [0, 0, 0]
    Size: [160, 240, 256]
  Spacing: [1, 1, 1]
  Origin: [87.9508, 102.562, -147.639]
  Direction: 
-0.998659 -0.0436121 -0.0279129
0.043595 -0.999049 0.00121847
-0.0279395 -2.65543e-08 0.99961

  IndexToPointMatrix: 
-0.998659 -0.0436121 -0.0279129
0.043595 -0.999049 0.00121847
-0.0279395 -2.65543e-08 0.99961

  PointToIndexMatrix: 
-0.998659 0.043595 -0.0279395
-0.0436121 -0.999049 -2.65517e-08
-0.0279129 0.00121847 0.99961

  Inverse Direction: 
-0.998659 0.043595 -0.0279395
-0.0436121 -0.999049 -2.65517e-08
-0.0279129 0.00121847 0.99961

  PixelContainer: 
    ImportImageContainer (0x47676d0)
      RTTI typeinfo:   itk::ImportImageContainer<unsigned long, double>
      Reference Count: 1
      Modified Time: 1573
      Debug: Off
      Object Name: 
      Observers: 
        none
      Pointer: 0x146a40abb010
      Container manages memory: true
      Size: 9830400
      Capacity: 9830400

     Weighting = 1
     Sampling strategy = regular
     Number of bins = 32
     Radius = 4
     Sampling percentage  = 0.25
   Transform = Rigid
     Gradient step = 0.1
     Update field sigma (voxel space) = 0
     Total field sigma (voxel space) = 0
     Update field time sigma = 0
     Total field time sigma  = 0
     Number of time indices = 0
     Number of time point samples = 0
Registration using 1 total stages.

Stage 0
  iterations = 1000x500x250x100
  convergence threshold = 1e-06
  convergence window size = 10
  number of levels = 4
  using the Mattes MI metric (number of bins = 32, weight = 1, use gradient filter = 0)
  preprocessing:  winsorizing the image intensities
  Shrink factors (level 1 out of 4): [8, 8, 8]
  Shrink factors (level 2 out of 4): [4, 4, 4]
  Shrink factors (level 3 out of 4): [2, 2, 2]
  Shrink factors (level 4 out of 4): [1, 1, 1]
  smoothing sigmas per level: [3, 2, 1, 0]
  regular sampling (percentage = 0.25)

*** Running Euler3DTransform registration ***

DIAGNOSTIC,Iteration,metricValue,convergenceValue,ITERATION_TIME_INDEX,SINCE_LAST
 2DIAGNOSTIC,     1, -4.299060189477e-01, 1.797693134862e+308, 7.0013e-01, 7.0013e-01, 
 2DIAGNOSTIC,     2, -4.311703807429e-01, 1.797693134862e+308, 7.0422e-01, 4.0870e-03, 
 2DIAGNOSTIC,     3, -4.334997061176e-01, 1.797693134862e+308, 7.0836e-01, 4.1420e-03, 
 2DIAGNOSTIC,     4, -4.389575130370e-01, 1.797693134862e+308, 7.1239e-01, 4.0319e-03, 
 2DIAGNOSTIC,     5, -4.438813134482e-01, 1.797693134862e+308, 7.1626e-01, 3.8681e-03, 
 2DIAGNOSTIC,     6, -4.461495460377e-01, 1.797693134862e+308, 7.2012e-01, 3.8600e-03, 
 2DIAGNOSTIC,     7, -4.511407144429e-01, 1.797693134862e+308, 7.2446e-01, 4.3340e-03, 
 2DIAGNOSTIC,     8, -4.667812032718e-01, 1.797693134862e+308, 7.2871e-01, 4.2570e-03, 
 2DIAGNOSTIC,     9, -4.753090114372e-01, 1.797693134862e+308, 7.3308e-01, 4.3650e-03, 
 2DIAGNOSTIC,    10, -4.802481719655e-01, 7.481707542057e-03, 7.3758e-01, 4.4990e-03, 
 2DIAGNOSTIC,    11, -4.821261368877e-01, 7.356704266140e-03, 7.4155e-01, 3.9749e-03, 
 2DIAGNOSTIC,    12, -4.837491005316e-01, 6.749992380107e-03, 7.4610e-01, 4.5459e-03, 
 2DIAGNOSTIC,    13, -5.028244927618e-01, 6.622215038776e-03, 7.5254e-01, 6.4368e-03, 
 2DIAGNOSTIC,    14, -5.042109134417e-01, 6.183615245770e-03, 7.5640e-01, 3.8610e-03, 
 2DIAGNOSTIC,    15, -5.066116081874e-01, 5.558135432467e-03, 7.6038e-01, 3.9821e-03, 
 2DIAGNOSTIC,    16, -5.083451635927e-01, 4.676295421682e-03, 7.6474e-01, 4.3659e-03, 
 2DIAGNOSTIC,    17, -5.184993492609e-01, 3.998770500683e-03, 7.7104e-01, 6.2962e-03, 
 2DIAGNOSTIC,    18, -5.256348855979e-01, 3.769024583834e-03, 7.7488e-01, 3.8412e-03, 
 2DIAGNOSTIC,    19, -5.260487278810e-01, 3.491513208886e-03, 7.7920e-01, 4.3139e-03, 
 2DIAGNOSTIC,    20, -5.292109537983e-01, 3.174906837069e-03, 7.8369e-01, 4.4920e-03, 
 2DIAGNOSTIC,    21, -5.301818257294e-01, 2.681600025507e-03, 7.8746e-01, 3.7692e-03, 
 2DIAGNOSTIC,    22, -5.312241372872e-01, 2.041188816278e-03, 7.9199e-01, 4.5371e-03, 
 2DIAGNOSTIC,    23, -5.321371339377e-01, 1.776979165888e-03, 7.9709e-01, 5.0919e-03, 
 2DIAGNOSTIC,    24, -5.330747194856e-01, 1.429097916206e-03, 8.0129e-01, 4.1990e-03, 
 2DIAGNOSTIC,    25, -5.340979416632e-01, 1.060387316596e-03, 8.0616e-01, 4.8702e-03, 
 2DIAGNOSTIC,    26, -5.353301753257e-01, 6.839344955361e-04, 8.1194e-01, 5.7838e-03, 
 2DIAGNOSTIC,    27, -5.359877796663e-01, 5.005577884801e-04, 8.1615e-01, 4.2081e-03, 
 2DIAGNOSTIC,    28, -5.363338839638e-01, 4.385709235082e-04, 8.2036e-01, 4.2150e-03, 
 2DIAGNOSTIC,    29, -5.373050724183e-01, 3.660294627485e-04, 8.2463e-01, 4.2658e-03, 
 2DIAGNOSTIC,    30, -5.398201307166e-01, 3.715997260623e-04, 8.2961e-01, 4.9779e-03, 
 2DIAGNOSTIC,    31, -5.446421401169e-01, 4.465277139695e-04, 8.3926e-01, 9.6509e-03, 
 2DIAGNOSTIC,    32, -5.446645633407e-01, 4.912651043395e-04, 8.4345e-01, 4.1909e-03, 
 2DIAGNOSTIC,    33, -5.447646992079e-01, 5.056485639897e-04, 8.4764e-01, 4.1902e-03, 
 2DIAGNOSTIC,    34, -5.449311066377e-01, 4.904133592008e-04, 8.5181e-01, 4.1699e-03, 
 2DIAGNOSTIC,    35, -5.452045395966e-01, 4.491575676990e-04, 8.5637e-01, 4.5602e-03, 
 2DIAGNOSTIC,    36, -5.456974601788e-01, 3.933124180630e-04, 8.6053e-01, 4.1580e-03, 
 2DIAGNOSTIC,    37, -5.462998610347e-01, 3.227901174468e-04, 8.6482e-01, 4.2901e-03, 
 2DIAGNOSTIC,    38, -5.470544326219e-01, 2.429341304674e-04, 8.6909e-01, 4.2729e-03, 
 2DIAGNOSTIC,    39, -5.483333247824e-01, 1.763349074643e-04, 8.7387e-01, 4.7820e-03, 
 2DIAGNOSTIC,    40, -5.485726075192e-01, 1.327613571235e-04, 8.7805e-01, 4.1780e-03, 
 2DIAGNOSTIC,    41, -5.488485515046e-01, 1.482718497571e-04, 8.8280e-01, 4.7472e-03, 
 2DIAGNOSTIC,    42, -5.491458079949e-01, 1.532231125725e-04, 8.8716e-01, 4.3678e-03, 
 2DIAGNOSTIC,    43, -5.502478062168e-01, 1.586989953307e-04, 8.9226e-01, 5.0929e-03, 
 2DIAGNOSTIC,    44, -5.634819215601e-01, 3.167393846262e-04, 8.9832e-01, 6.0608e-03, 
 2DIAGNOSTIC,    45, -5.665569343676e-01, 4.734792656418e-04, 9.0312e-01, 4.8020e-03, 
 2DIAGNOSTIC,    46, -5.687255553504e-01, 6.105578936998e-04, 9.0788e-01, 4.7579e-03, 
 2DIAGNOSTIC,    47, -5.690872367093e-01, 6.963157138361e-04, 9.1254e-01, 4.6599e-03, 
 2DIAGNOSTIC,    48, -5.694254627922e-01, 7.237675348036e-04, 9.1670e-01, 4.1630e-03, 
 2DIAGNOSTIC,    49, -5.697251379969e-01, 6.961543078182e-04, 9.2087e-01, 4.1699e-03, 
 2DIAGNOSTIC,    50, -5.705570506068e-01, 6.138628854351e-04, 9.2662e-01, 5.7471e-03, 
 2DIAGNOSTIC,    51, -5.708939860550e-01, 4.846316551650e-04, 9.3077e-01, 4.1521e-03, 
 2DIAGNOSTIC,    52, -5.714367532084e-01, 3.250323258180e-04, 9.3556e-01, 4.7860e-03, 
 2DIAGNOSTIC,    53, -5.717185836182e-01, 1.519085411680e-04, 9.3976e-01, 4.2040e-03, 
 2DIAGNOSTIC,    54, -5.727018372183e-01, 1.134340858087e-04, 9.4461e-01, 4.8530e-03, 
 2DIAGNOSTIC,    55, -5.754312058818e-01, 1.219572025375e-04, 9.5043e-01, 5.8200e-03, 
 2DIAGNOSTIC,    56, -5.779727584698e-01, 1.632344793920e-04, 9.5481e-01, 4.3731e-03, 
 2DIAGNOSTIC,    57, -5.807025775035e-01, 2.162943122067e-04, 9.6062e-01, 5.8160e-03, 
 2DIAGNOSTIC,    58, -5.810258076996e-01, 2.527211663395e-04, 9.6482e-01, 4.2019e-03, 
 2DIAGNOSTIC,    59, -5.814492534325e-01, 2.704115550872e-04, 9.6959e-01, 4.7631e-03, 
 2DIAGNOSTIC,    60, -5.822903257338e-01, 2.763060459839e-04, 9.7422e-01, 4.6310e-03, 
 2DIAGNOSTIC,    61, -5.823814364424e-01, 2.586188578201e-04, 9.7837e-01, 4.1540e-03, 
 2DIAGNOSTIC,    62, -5.826869810063e-01, 2.241289763922e-04, 9.8251e-01, 4.1420e-03, 
 2DIAGNOSTIC,    63, -5.830073965976e-01, 1.747488479232e-04, 9.8668e-01, 4.1709e-03, 
 2DIAGNOSTIC,    64, -5.830957431084e-01, 1.190813359419e-04, 9.9236e-01, 5.6732e-03, 
 2DIAGNOSTIC,    65, -5.831617498769e-01, 7.641860624252e-05, 9.9647e-01, 4.1139e-03, 
 2DIAGNOSTIC,    66, -5.831311758091e-01, 4.753976674947e-05, 1.0006e+00, 4.1609e-03, 
 2DIAGNOSTIC,    67, -5.834374230938e-01, 3.918417484493e-05, 1.0057e+00, 5.0280e-03, 
 2DIAGNOSTIC,    68, -5.839740718750e-01, 3.395876180496e-05, 1.0099e+00, 4.2219e-03, 
 2DIAGNOSTIC,    69, -5.844991149586e-01, 3.270264502335e-05, 1.0162e+00, 6.3560e-03, 
 2DIAGNOSTIC,    70, -5.855242478557e-01, 4.249443524329e-05, 1.0209e+00, 4.6499e-03, 
 2DIAGNOSTIC,    71, -5.856607177558e-01, 4.949539969300e-05, 1.0250e+00, 4.1559e-03, 
 2DIAGNOSTIC,    72, -5.857755486412e-01, 5.466474064749e-05, 1.0292e+00, 4.1568e-03, 
 2DIAGNOSTIC,    73, -5.860889935788e-01, 5.903858702605e-05, 1.0344e+00, 5.1758e-03, 
 2DIAGNOSTIC,    74, -5.861829880871e-01, 5.881282823304e-05, 1.0391e+00, 4.7619e-03, 
 2DIAGNOSTIC,    75, -5.862865204841e-01, 5.413267293916e-05, 1.0448e+00, 5.6491e-03, 
 2DIAGNOSTIC,    76, -5.864056469986e-01, 4.504277653815e-05, 1.0496e+00, 4.8399e-03, 
 2DIAGNOSTIC,    77, -5.864380719459e-01, 3.423853971217e-05, 1.0539e+00, 4.2431e-03, 
 2DIAGNOSTIC,    78, -5.864034970125e-01, 2.381810907598e-05, 1.0580e+00, 4.1740e-03, 
 2DIAGNOSTIC,    79, -5.864642920735e-01, 1.513866641564e-05, 1.0627e+00, 4.6220e-03, 
 2DIAGNOSTIC,    80, -5.867504609479e-01, 1.383567873431e-05, 1.0678e+00, 5.1539e-03, 
 2DIAGNOSTIC,    81, -5.866926643400e-01, 1.172601674494e-05, 1.0719e+00, 4.1139e-03, 
 2DIAGNOSTIC,    82, -5.868054193293e-01, 1.002328879960e-05, 1.0766e+00, 4.6639e-03, 
 2DIAGNOSTIC,    83, -5.872495152179e-01, 1.220556533409e-05, 1.0823e+00, 5.6951e-03, 
 2DIAGNOSTIC,    84, -5.872700787966e-01, 1.380898592717e-05, 1.0865e+00, 4.2300e-03, 
 2DIAGNOSTIC,    85, -5.873065248890e-01, 1.492347556802e-05, 1.0918e+00, 5.2629e-03, 
 2DIAGNOSTIC,    86, -5.872240084504e-01, 1.486253905680e-05, 1.0964e+00, 4.6520e-03, 
 2DIAGNOSTIC,    87, -5.872242548106e-01, 1.363761974922e-05, 1.1005e+00, 4.1029e-03, 
 2DIAGNOSTIC,    88, -5.873108792488e-01, 1.142477306201e-05, 1.1048e+00, 4.2150e-03, 
 2DIAGNOSTIC,    89, -5.873189371461e-01, 8.523949776268e-06, 1.1087e+00, 3.9659e-03, 
 2DIAGNOSTIC,    90, -5.874116159233e-01, 7.148709588161e-06, 1.1149e+00, 6.1460e-03, 
 2DIAGNOSTIC,    91, -5.874146836930e-01, 4.854532658569e-06, 1.1190e+00, 4.1308e-03, 
 2DIAGNOSTIC,    92, -5.874151874872e-01, 2.757140721833e-06, 1.1231e+00, 4.1461e-03, 
 2DIAGNOSTIC,    93, -5.874159102015e-01, 2.942427244057e-06, 1.1279e+00, 4.7259e-03, 
 2DIAGNOSTIC,    94, -5.874163174938e-01, 2.974137092458e-06, 1.1324e+00, 4.4980e-03, 
 2DIAGNOSTIC,    95, -5.874172989762e-01, 2.967746204259e-06, 1.1369e+00, 4.5230e-03, 
 2DIAGNOSTIC,    96, -5.874193679792e-01, 2.280642475726e-06, 1.1411e+00, 4.2291e-03, 
 2DIAGNOSTIC,    97, -5.874198164866e-01, 1.420896620754e-06, 1.1451e+00, 4.0231e-03, 
DIAGNOSTIC,Iteration,metricValue,convergenceValue,ITERATION_TIME_INDEX,SINCE_LAST
 2DIAGNOSTIC,     1, -4.733173340218e-01, 1.797693134862e+308, 1.8202e+00, 6.7506e-01, 
 2DIAGNOSTIC,     2, -4.740566723922e-01, 1.797693134862e+308, 1.8485e+00, 2.8302e-02, 
 2DIAGNOSTIC,     3, -4.751755242671e-01, 1.797693134862e+308, 1.8771e+00, 2.8617e-02, 
 2DIAGNOSTIC,     4, -4.772292551067e-01, 1.797693134862e+308, 1.9055e+00, 2.8410e-02, 
 2DIAGNOSTIC,     5, -4.804602066842e-01, 1.797693134862e+308, 1.9340e+00, 2.8441e-02, 
 2DIAGNOSTIC,     6, -4.823127830392e-01, 1.797693134862e+308, 1.9661e+00, 3.2168e-02, 
 2DIAGNOSTIC,     7, -4.830900629800e-01, 1.797693134862e+308, 1.9947e+00, 2.8602e-02, 
 2DIAGNOSTIC,     8, -4.832478541657e-01, 1.797693134862e+308, 2.0267e+00, 3.1998e-02, 
 2DIAGNOSTIC,     9, -4.835010736348e-01, 1.797693134862e+308, 2.0666e+00, 3.9816e-02, 
 2DIAGNOSTIC,    10, -4.836194639653e-01, 1.618763928608e-03, 2.0952e+00, 2.8660e-02, 
 2DIAGNOSTIC,    11, -4.846198398758e-01, 1.282408587847e-03, 2.1236e+00, 2.8367e-02, 
 2DIAGNOSTIC,    12, -4.858654960057e-01, 9.856872413139e-04, 2.1525e+00, 2.8949e-02, 
 2DIAGNOSTIC,    13, -4.863197986435e-01, 7.170433074859e-04, 2.1812e+00, 2.8690e-02, 
 2DIAGNOSTIC,    14, -4.870575708892e-01, 5.381032437969e-04, 2.2102e+00, 2.8981e-02, 
 2DIAGNOSTIC,    15, -4.875752376055e-01, 4.800894773447e-04, 2.2505e+00, 4.0341e-02, 
 2DIAGNOSTIC,    16, -4.888304164189e-01, 4.986596900064e-04, 2.2826e+00, 3.2015e-02, 
 2DIAGNOSTIC,    17, -4.891235641615e-01, 5.048787008182e-04, 2.3144e+00, 3.1880e-02, 
 2DIAGNOSTIC,    18, -4.895235883724e-01, 4.825216537125e-04, 2.3506e+00, 3.6193e-02, 
 2DIAGNOSTIC,    19, -4.899033776749e-01, 4.383878346272e-04, 2.3871e+00, 3.6496e-02, 
 2DIAGNOSTIC,    20, -4.899296136354e-01, 3.617210726837e-04, 2.4205e+00, 3.3412e-02, 
 2DIAGNOSTIC,    21, -4.900145357393e-01, 2.883641283038e-04, 2.4498e+00, 2.9256e-02, 
 2DIAGNOSTIC,    22, -4.900694875171e-01, 2.296059316467e-04, 2.4868e+00, 3.7005e-02, 
 2DIAGNOSTIC,    23, -4.902846195048e-01, 1.716505371773e-04, 2.5225e+00, 3.5725e-02, 
 2DIAGNOSTIC,    24, -4.903915736423e-01, 1.230880926086e-04, 2.5693e+00, 4.6792e-02, 
 2DIAGNOSTIC,    25, -4.904056288771e-01, 7.883960643765e-05, 2.5963e+00, 2.7002e-02, 
 2DIAGNOSTIC,    26, -4.904782605181e-01, 6.077007154835e-05, 2.6267e+00, 3.0367e-02, 
 2DIAGNOSTIC,    27, -4.905795322781e-01, 4.681133722417e-05, 2.6569e+00, 3.0197e-02, 
 2DIAGNOSTIC,    28, -4.906603588592e-01, 3.929049236707e-05, 2.6896e+00, 3.2670e-02, 
 2DIAGNOSTIC,    29, -4.907475543671e-01, 3.808455213155e-05, 2.7203e+00, 3.0769e-02, 
 2DIAGNOSTIC,    30, -4.908093118957e-01, 3.519842325229e-05, 2.7528e+00, 3.2492e-02, 
 2DIAGNOSTIC,    31, -4.908390358572e-01, 3.146501335283e-05, 2.7867e+00, 3.3910e-02, 
 2DIAGNOSTIC,    32, -4.909092811944e-01, 2.726838763891e-05, 2.8185e+00, 3.1748e-02, 
 2DIAGNOSTIC,    33, -4.911089192155e-01, 2.810278891334e-05, 2.8559e+00, 3.7455e-02, 
 2DIAGNOSTIC,    34, -4.912116958882e-01, 2.984241089538e-05, 2.9000e+00, 4.4060e-02, 
 2DIAGNOSTIC,    35, -4.912726313170e-01, 2.998064040979e-05, 2.9346e+00, 3.4604e-02, 
 2DIAGNOSTIC,    36, -4.913184470961e-01, 2.928883897541e-05, 2.9681e+00, 3.3552e-02, 
 2DIAGNOSTIC,    37, -4.913622867412e-01, 2.820270855480e-05, 3.0020e+00, 3.3822e-02, 
 2DIAGNOSTIC,    38, -4.915302339234e-01, 2.831437773915e-05, 3.0363e+00, 3.4363e-02, 
 2DIAGNOSTIC,    39, -4.921431054798e-01, 3.617565498450e-05, 3.0703e+00, 3.3970e-02, 
 2DIAGNOSTIC,    40, -4.929106186672e-01, 5.216623792174e-05, 3.1077e+00, 3.7381e-02, 
 2DIAGNOSTIC,    41, -4.929927528601e-01, 6.390283981914e-05, 3.1409e+00, 3.3172e-02, 
 2DIAGNOSTIC,    42, -4.930367345124e-01, 7.079845318687e-05, 3.1742e+00, 3.3389e-02, 
 2DIAGNOSTIC,    43, -4.930779691690e-01, 7.401869540861e-05, 3.2038e+00, 2.9602e-02, 
 2DIAGNOSTIC,    44, -4.931058017946e-01, 7.163704622364e-05, 3.2338e+00, 2.9951e-02, 
 2DIAGNOSTIC,    45, -4.932016776895e-01, 6.444094767401e-05, 3.2670e+00, 3.3221e-02, 
 2DIAGNOSTIC,    46, -4.932052524221e-01, 5.214781680433e-05, 3.3059e+00, 3.8918e-02, 
 2DIAGNOSTIC,    47, -4.932094060022e-01, 3.624392132780e-05, 3.3387e+00, 3.2800e-02, 
 2DIAGNOSTIC,    48, -4.932451386508e-01, 1.999554418652e-05, 3.3723e+00, 3.3600e-02, 
 2DIAGNOSTIC,    49, -4.932492832187e-01, 9.629296326644e-06, 3.4010e+00, 2.8620e-02, 
 2DIAGNOSTIC,    50, -4.933623986982e-01, 9.039281095639e-06, 3.4388e+00, 3.7803e-02, 
 2DIAGNOSTIC,    51, -4.934478102733e-01, 9.540210600678e-06, 3.4708e+00, 3.2011e-02, 
 2DIAGNOSTIC,    52, -4.934577418610e-01, 9.764241335655e-06, 3.5026e+00, 3.1793e-02, 
 2DIAGNOSTIC,    53, -4.934709975202e-01, 9.725904921085e-06, 3.5349e+00, 3.2350e-02, 
 2DIAGNOSTIC,    54, -4.934634894552e-01, 9.009413720503e-06, 3.5668e+00, 3.1865e-02, 
 2DIAGNOSTIC,    55, -4.934433595636e-01, 8.299289184395e-06, 3.6055e+00, 3.8679e-02, 
 2DIAGNOSTIC,    56, -4.935182566054e-01, 7.679427320412e-06, 3.6370e+00, 3.1550e-02, 
 2DIAGNOSTIC,    57, -4.935077647426e-01, 6.311937639739e-06, 3.6653e+00, 2.8303e-02, 
 2DIAGNOSTIC,    58, -4.935227591466e-01, 4.980437687416e-06, 3.6935e+00, 2.8190e-02, 
 2DIAGNOSTIC,    59, -4.935274781939e-01, 3.343940311321e-06, 3.7250e+00, 3.1466e-02, 
 2DIAGNOSTIC,    60, -4.935364952881e-01, 2.654571029111e-06, 3.7529e+00, 2.7972e-02, 
 2DIAGNOSTIC,    61, -4.935302289053e-01, 2.524665514623e-06, 3.7815e+00, 2.8576e-02, 
 2DIAGNOSTIC,    62, -4.935397279799e-01, 2.383041706966e-06, 3.8134e+00, 3.1841e-02, 
 2DIAGNOSTIC,    63, -4.935266309100e-01, 2.074873024418e-06, 3.8450e+00, 3.1600e-02, 
 2DIAGNOSTIC,    64, -4.935276710032e-01, 1.580838015259e-06, 3.8731e+00, 2.8167e-02, 
DIAGNOSTIC,Iteration,metricValue,convergenceValue,ITERATION_TIME_INDEX,SINCE_LAST
 2DIAGNOSTIC,     1, -4.341040015351e-01, 1.797693134862e+308, 4.9066e+00, 1.0335e+00, 
 2DIAGNOSTIC,     2, -4.342538379396e-01, 1.797693134862e+308, 5.1287e+00, 2.2202e-01, 
 2DIAGNOSTIC,     3, -4.343674061218e-01, 1.797693134862e+308, 5.3349e+00, 2.0628e-01, 
 2DIAGNOSTIC,     4, -4.344777340010e-01, 1.797693134862e+308, 5.5674e+00, 2.3252e-01, 
 2DIAGNOSTIC,     5, -4.345687499025e-01, 1.797693134862e+308, 5.7951e+00, 2.2767e-01, 
 2DIAGNOSTIC,     6, -4.348330920536e-01, 1.797693134862e+308, 6.0611e+00, 2.6600e-01, 
 2DIAGNOSTIC,     7, -4.349670878770e-01, 1.797693134862e+308, 6.3249e+00, 2.6380e-01, 
 2DIAGNOSTIC,     8, -4.349658216860e-01, 1.797693134862e+308, 6.6764e+00, 3.5143e-01, 
 2DIAGNOSTIC,     9, -4.349622957389e-01, 1.797693134862e+308, 6.9024e+00, 2.2602e-01, 
 2DIAGNOSTIC,    10, -4.349689401996e-01, 1.454763071991e-04, 7.1256e+00, 2.2325e-01, 
 2DIAGNOSTIC,    11, -4.349765970133e-01, 1.096461123040e-04, 7.4227e+00, 2.9706e-01, 
 2DIAGNOSTIC,    12, -4.349765828059e-01, 7.817116891078e-05, 7.7260e+00, 3.0331e-01, 
 2DIAGNOSTIC,    13, -4.349751819975e-01, 5.046337072125e-05, 7.9866e+00, 2.6063e-01, 
 2DIAGNOSTIC,    14, -4.349737764895e-01, 2.757981247581e-05, 8.2398e+00, 2.5316e-01, 
 2DIAGNOSTIC,    15, -4.349731499668e-01, 9.112532854905e-06, 8.4517e+00, 2.1193e-01, 
 2DIAGNOSTIC,    16, -4.349726391978e-01, 2.925736830195e-06, 8.6948e+00, 2.4306e-01, 
 2DIAGNOSTIC,    17, -4.349739079869e-01, 2.584517502978e-06, 8.9071e+00, 2.1234e-01, 
 2DIAGNOSTIC,    18, -4.349754872426e-01, 2.237029124719e-06, 9.1380e+00, 2.3085e-01, 
 2DIAGNOSTIC,    19, -4.349736638768e-01, 1.695013549505e-06, 9.3711e+00, 2.3310e-01, 
 2DIAGNOSTIC,    20, -4.349720560906e-01, 1.365612678869e-06, 9.6406e+00, 2.6948e-01, 
 2DIAGNOSTIC,    21, -4.349715915712e-01, 1.312976499405e-06, 9.8615e+00, 2.2088e-01, 
 2DIAGNOSTIC,    22, -4.349711172931e-01, 1.268072360207e-06, 1.0093e+01, 2.3116e-01, 
 2DIAGNOSTIC,    23, -4.349713113507e-01, 1.208943224931e-06, 1.0300e+01, 2.0760e-01, 
 2DIAGNOSTIC,    24, -4.349700581025e-01, 1.099911907700e-06, 1.0511e+01, 2.1072e-01, 
 2DIAGNOSTIC,    25, -4.349721558968e-01, 1.062467026268e-06, 1.0827e+01, 3.1564e-01, 
 2DIAGNOSTIC,    26, -4.349715759283e-01, 1.017667107930e-06, 1.1054e+01, 2.2789e-01, 
 2DIAGNOSTIC,    27, -4.349709710870e-01, 1.010149167542e-06, 1.1287e+01, 2.3210e-01, 
 2DIAGNOSTIC,    28, -4.349696997836e-01, 1.027939447541e-06, 1.1527e+01, 2.4024e-01, 
 2DIAGNOSTIC,    29, -4.349707898807e-01, 1.039678329602e-06, 1.1745e+01, 2.1802e-01, 
 2DIAGNOSTIC,    30, -4.349704962379e-01, 1.013034384129e-06, 1.1986e+01, 2.4144e-01, 
DIAGNOSTIC,Iteration,metricValue,convergenceValue,ITERATION_TIME_INDEX,SINCE_LAST
 2DIAGNOSTIC,     1, -4.014804197606e-01, 1.797693134862e+308, 1.4382e+01, 2.3962e+00, 
 2DIAGNOSTIC,     2, -4.015847966465e-01, 1.797693134862e+308, 1.5649e+01, 1.2666e+00, 
 2DIAGNOSTIC,     3, -4.016660403333e-01, 1.797693134862e+308, 1.7075e+01, 1.4262e+00, 
 2DIAGNOSTIC,     4, -4.016865689201e-01, 1.797693134862e+308, 1.8688e+01, 1.6125e+00, 
 2DIAGNOSTIC,     5, -4.016906407169e-01, 1.797693134862e+308, 2.0010e+01, 1.3222e+00, 
 2DIAGNOSTIC,     6, -4.016950523481e-01, 1.797693134862e+308, 2.1460e+01, 1.4498e+00, 
 2DIAGNOSTIC,     7, -4.017056317120e-01, 1.797693134862e+308, 2.2816e+01, 1.3558e+00, 
 2DIAGNOSTIC,     8, -4.017704544705e-01, 1.797693134862e+308, 2.4781e+01, 1.9650e+00, 
 2DIAGNOSTIC,     9, -4.018022525285e-01, 1.797693134862e+308, 2.6434e+01, 1.6529e+00, 
 2DIAGNOSTIC,    10, -4.018063457395e-01, 4.555091456340e-05, 2.8434e+01, 2.0008e+00, 
 2DIAGNOSTIC,    11, -4.018059360145e-01, 3.273273250995e-05, 3.1189e+01, 2.7546e+00, 
 2DIAGNOSTIC,    12, -4.018060196479e-01, 2.542414307172e-05, 3.5469e+01, 4.2806e+00, 
 2DIAGNOSTIC,    13, -4.018060196478e-01, 2.151515220165e-05, 3.8800e+01, 3.3304e+00, 
 2DIAGNOSTIC,    14, -4.018060196478e-01, 1.743526564711e-05, 4.0254e+01, 1.4541e+00, 
 2DIAGNOSTIC,    15, -4.018060196478e-01, 1.274842988751e-05, 4.1856e+01, 1.6020e+00, 
 2DIAGNOSTIC,    16, -4.018060196478e-01, 7.911775581834e-06, 4.3274e+01, 1.4177e+00, 
 2DIAGNOSTIC,    17, -4.018060196478e-01, 3.480567588858e-06, 4.4706e+01, 1.4328e+00, 
 2DIAGNOSTIC,    18, -4.018060196478e-01, 1.906675492748e-06, 4.6229e+01, 1.5224e+00, 
 2DIAGNOSTIC,    19, -4.018060196478e-01, 1.665042001713e-06, 4.8242e+01, 2.0136e+00, 
 2DIAGNOSTIC,    20, -4.018060196478e-01, 1.593686412081e-06, 5.0025e+01, 1.7822e+00, 
 2DIAGNOSTIC,    21, -4.018060196478e-01, 1.514968668667e-06, 5.1499e+01, 1.4739e+00, 
 2DIAGNOSTIC,    22, -4.018060196478e-01, 1.446097328106e-06, 5.3081e+01, 1.5823e+00, 
 2DIAGNOSTIC,    23, -4.018060196478e-01, 1.383215556143e-06, 5.4400e+01, 1.3196e+00, 
 2DIAGNOSTIC,    24, -4.018060196478e-01, 1.325574568806e-06, 5.5983e+01, 1.5825e+00, 
 2DIAGNOSTIC,    25, -4.018060196478e-01, 1.272545398556e-06, 5.7878e+01, 1.8952e+00, 
 2DIAGNOSTIC,    26, -4.018060196478e-01, 1.223595852973e-06, 5.9524e+01, 1.6457e+00, 
 2DIAGNOSTIC,    27, -4.018060196478e-01, 1.178272591426e-06, 6.0955e+01, 1.4312e+00, 
 2DIAGNOSTIC,    28, -4.018060196478e-01, 1.136187043005e-06, 6.2482e+01, 1.5270e+00, 
 2DIAGNOSTIC,    29, -4.018060196478e-01, 1.097004238185e-06, 6.4097e+01, 1.6147e+00, 
 2DIAGNOSTIC,    30, -4.018060196478e-01, 1.060433874371e-06, 6.5544e+01, 1.4477e+00, 
 2DIAGNOSTIC,    31, -4.018060196478e-01, 1.026223110899e-06, 6.7265e+01, 1.7205e+00, 
  Elapsed time (stage 0): 6.8029e+01


Total elapsed time: 6.8032e+01
Info [verificarlo]: loaded backend libinterflop_ieee.so
Info [interflop-ieee]: load backend with:
Info [interflop-ieee]: debug = false
Info [interflop-ieee]: debug-binary = false
Info [interflop-ieee]: no-backend-name = false
Info [interflop-ieee]: print-new-line = false
Info [interflop-ieee]: print-subnormal-normalized = false
Info [interflop-ieee]: count-op = false
All_Command_lines_OK
Using double precision for computations.
=============================================================================
The composite transform comprises the following transforms (in order): 
  1. /home/mdugre/scratch/mri-registration-rp/datasets/ds004513/derivatives/mri-registration-rp/0001/antsRegistration-r7-p19/sub-s037/rigid_Composite.h5[0] (type = Euler3DTransform)
  2. /home/mdugre/scratch/mri-registration-rp/datasets/ds004513/derivatives/mri-registration-rp/0001/antsRegistration-r7-p19/sub-s037/rigid_Composite.h5[1] (type = Euler3DTransform)
  3. /home/mdugre/scratch/mri-registration-rp/datasets/ds004513/derivatives/mri-registration-rp/0001/antsRegistration-r7-p19/sub-s037/rigid_Composite.h5[2] (type = Euler3DTransform)
=============================================================================
  number of levels = 4
  fixed image: /templateflow/tpl-MNI152NLin2009cAsym/tpl-MNI152NLin2009cAsym_res-01_desc-brain_T1w.nii.gz
  moving image: /home/mdugre/scratch/mri-registration-rp/datasets/ds004513/derivatives/mri-registration-rp/antsBrainExtraction/sub-s037/BrainExtractionBrain.nii.gz
Dimension = 3
Number of stages = 1
Use histogram matching = false
Winsorize image intensities = true
  Lower quantile = 0.005
  Upper quantile = 0.995


Stage 1 State
   Image metric = MattesMI
     Fixed image = Image (0x36137e0)
  RTTI typeinfo:   itk::Image<double, 3u>
  Reference Count: 2
  Modified Time: 1592
  Debug: Off
  Object Name: 
  Observers: 
    none
  Source: (none)
  Source output name: (none)
  Release Data: Off
  Data Released: False
  Global Release Data: Off
  PipelineMTime: 0
  UpdateMTime: 1203
  RealTimeStamp: 0 seconds 
  LargestPossibleRegion: 
    Dimension: 3
    Index: [0, 0, 0]
    Size: [193, 229, 193]
  BufferedRegion: 
    Dimension: 3
    Index: [0, 0, 0]
    Size: [193, 229, 193]
  RequestedRegion: 
    Dimension: 3
    Index: [0, 0, 0]
    Size: [193, 229, 193]
  Spacing: [1, 1, 1]
  Origin: [96, 132, -78]
  Direction: 
-1 0 0
0 -1 0
0 0 1

  IndexToPointMatrix: 
-1 0 0
0 -1 0
0 0 1

  PointToIndexMatrix: 
-1 0 0
0 -1 0
0 0 1

  Inverse Direction: 
-1 0 0
0 -1 0
0 0 1

  PixelContainer: 
    ImportImageContainer (0x36d3a20)
      RTTI typeinfo:   itk::ImportImageContainer<unsigned long, double>
      Reference Count: 1
      Modified Time: 1200
      Debug: Off
      Object Name: 
      Observers: 
        none
      Pointer: 0x14c77ba4a010
      Container manages memory: true
      Size: 8530021
      Capacity: 8530021

     Moving image = Image (0x36ced70)
  RTTI typeinfo:   itk::Image<double, 3u>
  Reference Count: 2
  Modified Time: 1593
  Debug: Off
  Object Name: 
  Observers: 
    none
  Source: (none)
  Source output name: (none)
  Release Data: Off
  Data Released: False
  Global Release Data: Off
  PipelineMTime: 0
  UpdateMTime: 1590
  RealTimeStamp: 0 seconds 
  LargestPossibleRegion: 
    Dimension: 3
    Index: [0, 0, 0]
    Size: [160, 240, 256]
  BufferedRegion: 
    Dimension: 3
    Index: [0, 0, 0]
    Size: [160, 240, 256]
  RequestedRegion: 
    Dimension: 3
    Index: [0, 0, 0]
    Size: [160, 240, 256]
  Spacing: [1, 1, 1]
  Origin: [87.9508, 102.562, -147.639]
  Direction: 
-0.998659 -0.0436121 -0.0279129
0.043595 -0.999049 0.00121847
-0.0279395 -2.65543e-08 0.99961

  IndexToPointMatrix: 
-0.998659 -0.0436121 -0.0279129
0.043595 -0.999049 0.00121847
-0.0279395 -2.65543e-08 0.99961

  PointToIndexMatrix: 
-0.998659 0.043595 -0.0279395
-0.0436121 -0.999049 -2.65517e-08
-0.0279129 0.00121847 0.99961

  Inverse Direction: 
-0.998659 0.043595 -0.0279395
-0.0436121 -0.999049 -2.65517e-08
-0.0279129 0.00121847 0.99961

  PixelContainer: 
    ImportImageContainer (0x3686c90)
      RTTI typeinfo:   itk::ImportImageContainer<unsigned long, double>
      Reference Count: 1
      Modified Time: 1587
      Debug: Off
      Object Name: 
      Observers: 
        none
      Pointer: 0x14c776f49010
      Container manages memory: true
      Size: 9830400
      Capacity: 9830400

     Weighting = 1
     Sampling strategy = regular
     Number of bins = 32
     Radius = 4
     Sampling percentage  = 0.25
   Transform = Affine
     Gradient step = 0.1
     Update field sigma (voxel space) = 0
     Total field sigma (voxel space) = 0
     Update field time sigma = 0
     Total field time sigma  = 0
     Number of time indices = 0
     Number of time point samples = 0
Registration using 1 total stages.

Stage 0
  iterations = 1000x500x250x100
  convergence threshold = 1e-06
  convergence window size = 10
  number of levels = 4
  using the Mattes MI metric (number of bins = 32, weight = 1, use gradient filter = 0)
  preprocessing:  winsorizing the image intensities
  Shrink factors (level 1 out of 4): [8, 8, 8]
  Shrink factors (level 2 out of 4): [4, 4, 4]
  Shrink factors (level 3 out of 4): [2, 2, 2]
  Shrink factors (level 4 out of 4): [1, 1, 1]
  smoothing sigmas per level: [3, 2, 1, 0]
  regular sampling (percentage = 0.25)

*** Running AffineTransform registration ***

DIAGNOSTIC,Iteration,metricValue,convergenceValue,ITERATION_TIME_INDEX,SINCE_LAST
 2DIAGNOSTIC,     1, -5.859761620664e-01, 1.797693134862e+308, 7.6918e-01, 7.6918e-01, 
 2DIAGNOSTIC,     2, -5.874807480309e-01, 1.797693134862e+308, 7.7421e-01, 5.0318e-03, 
 2DIAGNOSTIC,     3, -5.897908034429e-01, 1.797693134862e+308, 7.7993e-01, 5.7180e-03, 
 2DIAGNOSTIC,     4, -5.943551844922e-01, 1.797693134862e+308, 7.8495e-01, 5.0151e-03, 
 2DIAGNOSTIC,     5, -6.025578337638e-01, 1.797693134862e+308, 7.9002e-01, 5.0740e-03, 
 2DIAGNOSTIC,     6, -6.157979838164e-01, 1.797693134862e+308, 7.9485e-01, 4.8339e-03, 
 2DIAGNOSTIC,     7, -6.399793520562e-01, 1.797693134862e+308, 7.9973e-01, 4.8811e-03, 
 2DIAGNOSTIC,     8, -6.833728868764e-01, 1.797693134862e+308, 8.0544e-01, 5.7030e-03, 
 2DIAGNOSTIC,     9, -7.044701571337e-01, 1.797693134862e+308, 8.1202e-01, 6.5801e-03, 
 2DIAGNOSTIC,    10, -7.074602372724e-01, 1.409293317055e-02, 8.1853e-01, 6.5141e-03, 
 2DIAGNOSTIC,    11, -7.087095390235e-01, 1.389218917832e-02, 8.2540e-01, 6.8688e-03, 
 2DIAGNOSTIC,    12, -7.089266029753e-01, 1.255156413854e-02, 8.3105e-01, 5.6500e-03, 
 2DIAGNOSTIC,    13, -7.096051693379e-01, 1.038946576415e-02, 8.3610e-01, 5.0511e-03, 
 2DIAGNOSTIC,    14, -7.101796491896e-01, 7.778317981917e-03, 8.4111e-01, 5.0070e-03, 
 2DIAGNOSTIC,    15, -7.113708159104e-01, 5.121584790851e-03, 8.4620e-01, 5.0900e-03, 
 2DIAGNOSTIC,    16, -7.138555727307e-01, 2.780812052524e-03, 8.5124e-01, 5.0428e-03, 
 2DIAGNOSTIC,    17, -7.153685875578e-01, 1.103131972720e-03, 8.5627e-01, 5.0309e-03, 
 2DIAGNOSTIC,    18, -7.190457471852e-01, 6.251336850270e-04, 8.6482e-01, 8.5471e-03, 
 2DIAGNOSTIC,    19, -7.192033267547e-01, 6.153453214966e-04, 8.6994e-01, 5.1169e-03, 
 2DIAGNOSTIC,    20, -7.189854502861e-01, 6.086285707340e-04, 8.7667e-01, 6.7389e-03, 
 2DIAGNOSTIC,    21, -7.190139764044e-01, 5.724244921869e-04, 8.8230e-01, 5.6231e-03, 
 2DIAGNOSTIC,    22, -7.189398966836e-01, 4.884988559941e-04, 8.8791e-01, 5.6150e-03, 
 2DIAGNOSTIC,    23, -7.188606606412e-01, 3.772240053911e-04, 8.9300e-01, 5.0859e-03, 
 2DIAGNOSTIC,    24, -7.187924890189e-01, 2.495475680349e-04, 8.9805e-01, 5.0511e-03, 
 2DIAGNOSTIC,    25, -7.189378347706e-01, 1.318447758512e-04, 9.0363e-01, 5.5821e-03, 
 2DIAGNOSTIC,    26, -7.189808602507e-01, 5.184041079033e-05, 9.0872e-01, 5.0831e-03, 
DIAGNOSTIC,Iteration,metricValue,convergenceValue,ITERATION_TIME_INDEX,SINCE_LAST
 2DIAGNOSTIC,     1, -5.925248017238e-01, 1.797693134862e+308, 1.6684e+00, 7.5972e-01, 
 2DIAGNOSTIC,     2, -5.934003351311e-01, 1.797693134862e+308, 1.7075e+00, 3.9036e-02, 
 2DIAGNOSTIC,     3, -5.943716046318e-01, 1.797693134862e+308, 1.7434e+00, 3.5966e-02, 
 2DIAGNOSTIC,     4, -5.953152417490e-01, 1.797693134862e+308, 1.7791e+00, 3.5642e-02, 
 2DIAGNOSTIC,     5, -5.966959480270e-01, 1.797693134862e+308, 1.8136e+00, 3.4500e-02, 
 2DIAGNOSTIC,     6, -5.978434244123e-01, 1.797693134862e+308, 1.8483e+00, 3.4765e-02, 
 2DIAGNOSTIC,     7, -5.985829201213e-01, 1.797693134862e+308, 1.8874e+00, 3.9078e-02, 
 2DIAGNOSTIC,     8, -6.001955422696e-01, 1.797693134862e+308, 1.9352e+00, 4.7787e-02, 
 2DIAGNOSTIC,     9, -6.006588983237e-01, 1.797693134862e+308, 1.9740e+00, 3.8783e-02, 
 2DIAGNOSTIC,    10, -6.006599537160e-01, 9.686252351234e-04, 2.0284e+00, 5.4391e-02, 
 2DIAGNOSTIC,    11, -6.006596311115e-01, 7.927207795508e-04, 2.0670e+00, 3.8649e-02, 
 2DIAGNOSTIC,    12, -6.006418478089e-01, 6.091250382648e-04, 2.1034e+00, 3.6400e-02, 
 2DIAGNOSTIC,    13, -6.006404912711e-01, 4.337995830142e-04, 2.1416e+00, 3.8178e-02, 
