
##########################
# Experiment information #
##########################

EXPERIMENT_NAME: antsRegistration-r7-p7
VFC_BACKENDS: libinterflop_vprec.so --range-binary32=7 --precision-binary32=7 --range-binary64=7 --precision-binary64=7

SIF_IMG: /home/mdugre/projects/rrg-glatard/mdugre/containers/ants-vprec-no_metrics.simg

SUBJECT_ID: s037
INPUT_IMG: /home/mdugre/scratch/mri-registration-rp/datasets/ds004513/derivatives/mri-registration-rp/antsBrainExtraction/sub-s037/BrainExtractionBrain.nii.gz
OUTPUT_DIR: /home/mdugre/scratch/mri-registration-rp/datasets/ds004513/derivatives/mri-registration-rp/0001/antsRegistration-r7-p7/sub-s037

FIXED_IMG: /templateflow/tpl-MNI152NLin2009cAsym/tpl-MNI152NLin2009cAsym_res-01_desc-brain_T1w.nii.gz
DATA_DIR: /home/mdugre/scratch/mri-registration-rp/datasets/ds004513
TEMPLATEFLOW_DIR: /home/mdugre/projects/rrg-glatard/mdugre/templateflow
ITK_GLOBAL_DEFAULT_NUMBER_OF_THREADS: 16
##########################

Info [verificarlo]: loaded backend libinterflop_ieee.so
Info [interflop-ieee]: load backend with:
Info [interflop-ieee]: debug = false
Info [interflop-ieee]: debug-binary = false
Info [interflop-ieee]: no-backend-name = false
Info [interflop-ieee]: print-new-line = false
Info [interflop-ieee]: print-subnormal-normalized = false
Info [interflop-ieee]: count-op = false
All_Command_lines_OK
Using double precision for computations.
=============================================================================
The composite transform comprises the following transforms (in order): 
  1. Center of mass alignment using fixed image: /templateflow/tpl-MNI152NLin2009cAsym/tpl-MNI152NLin2009cAsym_res-01_desc-brain_T1w.nii.gz and moving image: /home/mdugre/scratch/mri-registration-rp/datasets/ds004513/derivatives/mri-registration-rp/antsBrainExtraction/sub-s037/BrainExtractionBrain.nii.gz (type = Euler3DTransform)
=============================================================================
  number of levels = 1
  fixed image: /templateflow/tpl-MNI152NLin2009cAsym/tpl-MNI152NLin2009cAsym_res-01_desc-brain_T1w.nii.gz
  moving image: /home/mdugre/scratch/mri-registration-rp/datasets/ds004513/derivatives/mri-registration-rp/antsBrainExtraction/sub-s037/BrainExtractionBrain.nii.gz
Dimension = 3
Number of stages = 1
Use histogram matching = false
Winsorize image intensities = true
  Lower quantile = 0.005
  Upper quantile = 0.995


Stage 1 State
   Image metric = MattesMI
     Fixed image = Image (0x4826bd0)
  RTTI typeinfo:   itk::Image<double, 3u>
  Reference Count: 2
  Modified Time: 2330
  Debug: Off
  Object Name: 
  Observers: 
    none
  Source: (none)
  Source output name: (none)
  Release Data: Off
  Data Released: False
  Global Release Data: Off
  PipelineMTime: 0
  UpdateMTime: 1941
  RealTimeStamp: 0 seconds 
  LargestPossibleRegion: 
    Dimension: 3
    Index: [0, 0, 0]
    Size: [193, 229, 193]
  BufferedRegion: 
    Dimension: 3
    Index: [0, 0, 0]
    Size: [193, 229, 193]
  RequestedRegion: 
    Dimension: 3
    Index: [0, 0, 0]
    Size: [193, 229, 193]
  Spacing: [1, 1, 1]
  Origin: [96, 132, -78]
  Direction: 
-1 0 0
0 -1 0
0 0 1

  IndexToPointMatrix: 
-1 0 0
0 -1 0
0 0 1

  PointToIndexMatrix: 
-1 0 0
0 -1 0
0 0 1

  Inverse Direction: 
-1 0 0
0 -1 0
0 0 1

  PixelContainer: 
    ImportImageContainer (0x482f9e0)
      RTTI typeinfo:   itk::ImportImageContainer<unsigned long, double>
      Reference Count: 1
      Modified Time: 1938
      Debug: Off
      Object Name: 
      Observers: 
        none
      Pointer: 0x14c632ab6010
      Container manages memory: true
      Size: 8530021
      Capacity: 8530021

     Moving image = Image (0x4830d40)
  RTTI typeinfo:   itk::Image<double, 3u>
  Reference Count: 2
  Modified Time: 2331
  Debug: Off
  Object Name: 
  Observers: 
    none
  Source: (none)
  Source output name: (none)
  Release Data: Off
  Data Released: False
  Global Release Data: Off
  PipelineMTime: 0
  UpdateMTime: 2328
  RealTimeStamp: 0 seconds 
  LargestPossibleRegion: 
    Dimension: 3
    Index: [0, 0, 0]
    Size: [160, 240, 256]
  BufferedRegion: 
    Dimension: 3
    Index: [0, 0, 0]
    Size: [160, 240, 256]
  RequestedRegion: 
    Dimension: 3
    Index: [0, 0, 0]
    Size: [160, 240, 256]
  Spacing: [1, 1, 1]
  Origin: [87.9508, 102.562, -147.639]
  Direction: 
-0.998659 -0.0436121 -0.0279129
0.043595 -0.999049 0.00121847
-0.0279395 -2.65543e-08 0.99961

  IndexToPointMatrix: 
-0.998659 -0.0436121 -0.0279129
0.043595 -0.999049 0.00121847
-0.0279395 -2.65543e-08 0.99961

  PointToIndexMatrix: 
-0.998659 0.043595 -0.0279395
-0.0436121 -0.999049 -2.65517e-08
-0.0279129 0.00121847 0.99961

  Inverse Direction: 
-0.998659 0.043595 -0.0279395
-0.0436121 -0.999049 -2.65517e-08
-0.0279129 0.00121847 0.99961

  PixelContainer: 
    ImportImageContainer (0x4856850)
      RTTI typeinfo:   itk::ImportImageContainer<unsigned long, double>
      Reference Count: 1
      Modified Time: 2325
      Debug: Off
      Object Name: 
      Observers: 
        none
      Pointer: 0x14c62dfb5010
      Container manages memory: true
      Size: 9830400
      Capacity: 9830400

     Weighting = 1
     Sampling strategy = regular
     Number of bins = 32
     Radius = 4
     Sampling percentage  = 0.25
   Transform = Rigid
     Gradient step = 0.1
     Update field sigma (voxel space) = 0
     Total field sigma (voxel space) = 0
     Update field time sigma = 0
     Total field time sigma  = 0
     Number of time indices = 0
     Number of time point samples = 0
Registration using 1 total stages.

Stage 0
  iterations = 0
  convergence threshold = 1e-06
  convergence window size = 10
  number of levels = 1
  using the Mattes MI metric (number of bins = 32, weight = 1, use gradient filter = 0)
  preprocessing:  winsorizing the image intensities
  Shrink factors (level 1 out of 1): [1, 1, 1]
  smoothing sigmas per level: [0]
  regular sampling (percentage = 0.25)

*** Running Euler3DTransform registration ***

  Elapsed time (stage 0): 1.20522


Total elapsed time: 1.20756
Info [verificarlo]: loaded backend libinterflop_ieee.so
Info [interflop-ieee]: load backend with:
Info [interflop-ieee]: debug = false
Info [interflop-ieee]: debug-binary = false
Info [interflop-ieee]: no-backend-name = false
Info [interflop-ieee]: print-new-line = false
Info [interflop-ieee]: print-subnormal-normalized = false
Info [interflop-ieee]: count-op = false
All_Command_lines_OK
Using double precision for computations.
=============================================================================
The composite transform comprises the following transforms (in order): 
  1. /home/mdugre/scratch/mri-registration-rp/datasets/ds004513/derivatives/mri-registration-rp/0001/antsRegistration-r7-p7/sub-s037/align_Composite.h5[0] (type = Euler3DTransform)
  2. /home/mdugre/scratch/mri-registration-rp/datasets/ds004513/derivatives/mri-registration-rp/0001/antsRegistration-r7-p7/sub-s037/align_Composite.h5[1] (type = Euler3DTransform)
=============================================================================
  number of levels = 4
  fixed image: /templateflow/tpl-MNI152NLin2009cAsym/tpl-MNI152NLin2009cAsym_res-01_desc-brain_T1w.nii.gz
  moving image: /home/mdugre/scratch/mri-registration-rp/datasets/ds004513/derivatives/mri-registration-rp/antsBrainExtraction/sub-s037/BrainExtractionBrain.nii.gz
Dimension = 3
Number of stages = 1
Use histogram matching = false
Winsorize image intensities = true
  Lower quantile = 0.005
  Upper quantile = 0.995


Stage 1 State
   Image metric = MattesMI
     Fixed image = Image (0x3af6530)
  RTTI typeinfo:   itk::Image<double, 3u>
  Reference Count: 2
  Modified Time: 1578
  Debug: Off
  Object Name: 
  Observers: 
    none
  Source: (none)
  Source output name: (none)
  Release Data: Off
  Data Released: False
  Global Release Data: Off
  PipelineMTime: 0
  UpdateMTime: 1189
  RealTimeStamp: 0 seconds 
  LargestPossibleRegion: 
    Dimension: 3
    Index: [0, 0, 0]
    Size: [193, 229, 193]
  BufferedRegion: 
    Dimension: 3
    Index: [0, 0, 0]
    Size: [193, 229, 193]
  RequestedRegion: 
    Dimension: 3
    Index: [0, 0, 0]
    Size: [193, 229, 193]
  Spacing: [1, 1, 1]
  Origin: [96, 132, -78]
  Direction: 
-1 0 0
0 -1 0
0 0 1

  IndexToPointMatrix: 
-1 0 0
0 -1 0
0 0 1

  PointToIndexMatrix: 
-1 0 0
0 -1 0
0 0 1

  Inverse Direction: 
-1 0 0
0 -1 0
0 0 1

  PixelContainer: 
    ImportImageContainer (0x3bb4d60)
      RTTI typeinfo:   itk::ImportImageContainer<unsigned long, double>
      Reference Count: 1
      Modified Time: 1186
      Debug: Off
      Object Name: 
      Observers: 
        none
      Pointer: 0x14bc8bbda010
      Container manages memory: true
      Size: 8530021
      Capacity: 8530021

     Moving image = Image (0x3ba6f60)
  RTTI typeinfo:   itk::Image<double, 3u>
  Reference Count: 2
  Modified Time: 1579
  Debug: Off
  Object Name: 
  Observers: 
    none
  Source: (none)
  Source output name: (none)
  Release Data: Off
  Data Released: False
  Global Release Data: Off
  PipelineMTime: 0
  UpdateMTime: 1576
  RealTimeStamp: 0 seconds 
  LargestPossibleRegion: 
    Dimension: 3
    Index: [0, 0, 0]
    Size: [160, 240, 256]
  BufferedRegion: 
    Dimension: 3
    Index: [0, 0, 0]
    Size: [160, 240, 256]
  RequestedRegion: 
    Dimension: 3
    Index: [0, 0, 0]
    Size: [160, 240, 256]
  Spacing: [1, 1, 1]
  Origin: [87.9508, 102.562, -147.639]
  Direction: 
-0.998659 -0.0436121 -0.0279129
0.043595 -0.999049 0.00121847
-0.0279395 -2.65543e-08 0.99961

  IndexToPointMatrix: 
-0.998659 -0.0436121 -0.0279129
0.043595 -0.999049 0.00121847
-0.0279395 -2.65543e-08 0.99961

  PointToIndexMatrix: 
-0.998659 0.043595 -0.0279395
-0.0436121 -0.999049 -2.65517e-08
-0.0279129 0.00121847 0.99961

  Inverse Direction: 
-0.998659 0.043595 -0.0279395
-0.0436121 -0.999049 -2.65517e-08
-0.0279129 0.00121847 0.99961

  PixelContainer: 
    ImportImageContainer (0x3b986d0)
      RTTI typeinfo:   itk::ImportImageContainer<unsigned long, double>
      Reference Count: 1
      Modified Time: 1573
      Debug: Off
      Object Name: 
      Observers: 
        none
      Pointer: 0x14bc870d9010
      Container manages memory: true
      Size: 9830400
      Capacity: 9830400

     Weighting = 1
     Sampling strategy = regular
     Number of bins = 32
     Radius = 4
     Sampling percentage  = 0.25
   Transform = Rigid
     Gradient step = 0.1
     Update field sigma (voxel space) = 0
     Total field sigma (voxel space) = 0
     Update field time sigma = 0
     Total field time sigma  = 0
     Number of time indices = 0
     Number of time point samples = 0
Registration using 1 total stages.

Stage 0
  iterations = 1000x500x250x100
  convergence threshold = 1e-06
  convergence window size = 10
  number of levels = 4
  using the Mattes MI metric (number of bins = 32, weight = 1, use gradient filter = 0)
  preprocessing:  winsorizing the image intensities
  Shrink factors (level 1 out of 4): [8, 8, 8]
  Shrink factors (level 2 out of 4): [4, 4, 4]
  Shrink factors (level 3 out of 4): [2, 2, 2]
  Shrink factors (level 4 out of 4): [1, 1, 1]
  smoothing sigmas per level: [3, 2, 1, 0]
  regular sampling (percentage = 0.25)

*** Running Euler3DTransform registration ***

DIAGNOSTIC,Iteration,metricValue,convergenceValue,ITERATION_TIME_INDEX,SINCE_LAST
 2DIAGNOSTIC,     1, -4.299060189477e-01, 1.797693134862e+308, 6.4156e-01, 6.4156e-01, 
 2DIAGNOSTIC,     2, -4.311703807429e-01, 1.797693134862e+308, 6.4651e-01, 4.9522e-03, 
 2DIAGNOSTIC,     3, -4.334997061176e-01, 1.797693134862e+308, 6.5089e-01, 4.3809e-03, 
 2DIAGNOSTIC,     4, -4.389575130370e-01, 1.797693134862e+308, 6.5516e-01, 4.2701e-03, 
 2DIAGNOSTIC,     5, -4.438813134482e-01, 1.797693134862e+308, 6.5939e-01, 4.2281e-03, 
 2DIAGNOSTIC,     6, -4.461495460377e-01, 1.797693134862e+308, 6.6370e-01, 4.3049e-03, 
 2DIAGNOSTIC,     7, -4.511407144429e-01, 1.797693134862e+308, 6.6874e-01, 5.0402e-03, 
 2DIAGNOSTIC,     8, -4.667812032718e-01, 1.797693134862e+308, 6.7392e-01, 5.1830e-03, 
 2DIAGNOSTIC,     9, -4.753090114372e-01, 1.797693134862e+308, 6.7891e-01, 4.9901e-03, 
 2DIAGNOSTIC,    10, -4.802481719655e-01, 7.481707542057e-03, 6.8395e-01, 5.0430e-03, 
 2DIAGNOSTIC,    11, -4.821261368877e-01, 7.356704266140e-03, 6.8854e-01, 4.5919e-03, 
 2DIAGNOSTIC,    12, -4.837491005316e-01, 6.749992380104e-03, 6.9390e-01, 5.3570e-03, 
 2DIAGNOSTIC,    13, -5.028244927608e-01, 6.622215038730e-03, 7.0143e-01, 7.5269e-03, 
 2DIAGNOSTIC,    14, -5.042109134424e-01, 6.183615245764e-03, 7.0587e-01, 4.4420e-03, 
 2DIAGNOSTIC,    15, -5.066116081851e-01, 5.558135432373e-03, 7.1030e-01, 4.4260e-03, 
 2DIAGNOSTIC,    16, -5.083451635834e-01, 4.676295421264e-03, 7.1478e-01, 4.4820e-03, 
 2DIAGNOSTIC,    17, -5.184993492831e-01, 3.998770501130e-03, 7.2191e-01, 7.1330e-03, 
 2DIAGNOSTIC,    18, -5.256348855876e-01, 3.769024583895e-03, 7.2641e-01, 4.4961e-03, 
 2DIAGNOSTIC,    19, -5.260487276242e-01, 3.491513200996e-03, 7.3154e-01, 5.1291e-03, 
 2DIAGNOSTIC,    20, -5.292109528368e-01, 3.174906802378e-03, 7.3652e-01, 4.9810e-03, 
 2DIAGNOSTIC,    21, -5.301818293468e-01, 2.681600097894e-03, 7.4115e-01, 4.6358e-03, 
 2DIAGNOSTIC,    22, -5.312241452051e-01, 2.041189088834e-03, 7.4608e-01, 4.9238e-03, 
 2DIAGNOSTIC,    23, -5.321371449420e-01, 1.776979670237e-03, 7.5156e-01, 5.4860e-03, 
 2DIAGNOSTIC,    24, -5.330747255160e-01, 1.429098465600e-03, 7.5601e-01, 4.4482e-03, 
 2DIAGNOSTIC,    25, -5.340979461110e-01, 1.060387824782e-03, 7.6102e-01, 5.0070e-03, 
 2DIAGNOSTIC,    26, -5.353301897883e-01, 6.839351389760e-04, 7.6727e-01, 6.2530e-03, 
 2DIAGNOSTIC,    27, -5.359877959549e-01, 5.005585244347e-04, 7.7166e-01, 4.3869e-03, 
 2DIAGNOSTIC,    28, -5.363338996643e-01, 4.385716637673e-04, 7.7608e-01, 4.4210e-03, 
 2DIAGNOSTIC,    29, -5.373050954971e-01, 3.660302862825e-04, 7.8051e-01, 4.4298e-03, 
 2DIAGNOSTIC,    30, -5.398201290059e-01, 3.716000597419e-04, 7.8571e-01, 5.2049e-03, 
 2DIAGNOSTIC,    31, -5.446419701943e-01, 4.465245677757e-04, 7.9578e-01, 1.0070e-02, 
 2DIAGNOSTIC,    32, -5.446643035333e-01, 4.912575758118e-04, 8.0011e-01, 4.3302e-03, 
 2DIAGNOSTIC,    33, -5.447644592412e-01, 5.056380545224e-04, 8.0475e-01, 4.6389e-03, 
 2DIAGNOSTIC,    34, -5.449309187059e-01, 4.904017646873e-04, 8.0912e-01, 4.3628e-03, 
 2DIAGNOSTIC,    35, -5.452044195890e-01, 4.491470893457e-04, 8.1339e-01, 4.2770e-03, 
 2DIAGNOSTIC,    36, -5.456974216959e-01, 3.933054483887e-04, 8.1771e-01, 4.3130e-03, 
 2DIAGNOSTIC,    37, -5.462998730680e-01, 3.227879245359e-04, 8.2200e-01, 4.2920e-03, 
 2DIAGNOSTIC,    38, -5.470544212447e-01, 2.429362587449e-04, 8.2645e-01, 4.4570e-03, 
 2DIAGNOSTIC,    39, -5.483331950440e-01, 1.763393089798e-04, 8.3126e-01, 4.8060e-03, 
 2DIAGNOSTIC,    40, -5.485726311116e-01, 1.327693709503e-04, 8.3555e-01, 4.2911e-03, 
 2DIAGNOSTIC,    41, -5.488484764420e-01, 1.482788461555e-04, 8.4036e-01, 4.8070e-03, 
 2DIAGNOSTIC,    42, -5.491455208692e-01, 1.532245222481e-04, 8.4474e-01, 4.3819e-03, 
 2DIAGNOSTIC,    43, -5.502458202055e-01, 1.586734352909e-04, 8.5002e-01, 5.2791e-03, 
 2DIAGNOSTIC,    44, -5.634834421809e-01, 3.167359499863e-04, 8.5636e-01, 6.3372e-03, 
 2DIAGNOSTIC,    45, -5.666309073767e-01, 4.743837186557e-04, 8.6123e-01, 4.8730e-03, 
 2DIAGNOSTIC,    46, -5.686776312689e-01, 6.107593987244e-04, 8.6593e-01, 4.6952e-03, 
 2DIAGNOSTIC,    47, -5.690905389604e-01, 6.964782126328e-04, 8.7052e-01, 4.5941e-03, 
 2DIAGNOSTIC,    48, -5.693707934256e-01, 7.231965654849e-04, 8.7519e-01, 4.6701e-03, 
 2DIAGNOSTIC,    49, -5.696170338637e-01, 6.943401194944e-04, 8.7932e-01, 4.1270e-03, 
 2DIAGNOSTIC,    50, -5.704295242989e-01, 6.108325605339e-04, 8.8396e-01, 4.6420e-03, 
 2DIAGNOSTIC,    51, -5.708223343156e-01, 4.813282136112e-04, 8.8825e-01, 4.2951e-03, 
 2DIAGNOSTIC,    52, -5.715573510899e-01, 3.237734978921e-04, 8.9391e-01, 5.6601e-03, 
 2DIAGNOSTIC,    53, -5.719198805270e-01, 1.534863881789e-04, 8.9807e-01, 4.1599e-03, 
 2DIAGNOSTIC,    54, -5.721454190064e-01, 1.100077883212e-04, 9.0223e-01, 4.1540e-03, 
 2DIAGNOSTIC,    55, -5.732734159068e-01, 9.930115669290e-05, 9.0703e-01, 4.8039e-03, 
 2DIAGNOSTIC,    56, -5.743548120671e-01, 1.093419977930e-04, 9.1220e-01, 5.1639e-03, 
 2DIAGNOSTIC,    57, -5.755492324446e-01, 1.235810429649e-04, 9.1680e-01, 4.6020e-03, 
 2DIAGNOSTIC,    58, -5.759916137747e-01, 1.321607049895e-04, 9.2095e-01, 4.1549e-03, 
 2DIAGNOSTIC,    59, -5.773511660113e-01, 1.424545888300e-04, 9.2717e-01, 6.2129e-03, 
 2DIAGNOSTIC,    60, -5.785937115788e-01, 1.568264957284e-04, 9.3127e-01, 4.1080e-03, 
 2DIAGNOSTIC,    61, -5.791413817912e-01, 1.634806822490e-04, 9.3588e-01, 4.6082e-03, 
 2DIAGNOSTIC,    62, -5.796355514915e-01, 1.649111433626e-04, 9.4056e-01, 4.6811e-03, 
 2DIAGNOSTIC,    63, -5.803615138728e-01, 1.598995672963e-04, 9.4470e-01, 4.1411e-03, 
 2DIAGNOSTIC,    64, -5.810096843630e-01, 1.467296185364e-04, 9.4952e-01, 4.8192e-03, 
 2DIAGNOSTIC,    65, -5.808039009764e-01, 1.271828788869e-04, 9.5425e-01, 4.7271e-03, 
 2DIAGNOSTIC,    66, -5.831652481237e-01, 1.238781280234e-04, 9.5903e-01, 4.7770e-03, 
 2DIAGNOSTIC,    67, -5.839277048399e-01, 1.239479284487e-04, 9.6529e-01, 6.2590e-03, 
 2DIAGNOSTIC,    68, -5.846728461291e-01, 1.211816477137e-04, 9.6942e-01, 4.1389e-03, 
 2DIAGNOSTIC,    69, -5.852365811307e-01, 1.216018764430e-04, 9.7407e-01, 4.6439e-03, 
 2DIAGNOSTIC,    70, -5.855185906066e-01, 1.218732400231e-04, 9.7952e-01, 5.4500e-03, 
 2DIAGNOSTIC,    71, -5.853654120673e-01, 1.131911063172e-04, 9.8463e-01, 5.1122e-03, 
 2DIAGNOSTIC,    72, -5.855067910288e-01, 9.839894752516e-05, 9.8976e-01, 5.1270e-03, 
 2DIAGNOSTIC,    73, -5.859865384945e-01, 8.331176649137e-05, 9.9432e-01, 4.5590e-03, 
 2DIAGNOSTIC,    74, -5.862169192097e-01, 6.707217852228e-05, 9.9935e-01, 5.0380e-03, 
 2DIAGNOSTIC,    75, -5.869935549656e-01, 4.852662155979e-05, 1.0050e+00, 5.6398e-03, 
 2DIAGNOSTIC,    76, -5.873015253619e-01, 4.423665163505e-05, 1.0095e+00, 4.5352e-03, 
 2DIAGNOSTIC,    77, -5.888493365324e-01, 5.153106678196e-05, 1.0151e+00, 5.6090e-03, 
 2DIAGNOSTIC,    78, -5.906104131442e-01, 7.018663100015e-05, 1.0216e+00, 6.4149e-03, 
 2DIAGNOSTIC,    79, -5.908739726046e-01, 8.679971345859e-05, 1.0261e+00, 4.5381e-03, 
 2DIAGNOSTIC,    80, -5.912940165707e-01, 9.946508496326e-05, 1.0307e+00, 4.5609e-03, 
 2DIAGNOSTIC,    81, -5.921880791641e-01, 1.070848219689e-04, 1.0392e+00, 8.5530e-03, 
 2DIAGNOSTIC,    82, -5.922111615110e-01, 1.049467076589e-04, 1.0439e+00, 4.6611e-03, 
 2DIAGNOSTIC,    83, -5.924067164209e-01, 9.694262018336e-05, 1.0489e+00, 5.0352e-03, 
 2DIAGNOSTIC,    84, -5.925618166722e-01, 8.223646811606e-05, 1.0534e+00, 4.5021e-03, 
 2DIAGNOSTIC,    85, -5.926537986251e-01, 6.547759066572e-05, 1.0579e+00, 4.5130e-03, 
 2DIAGNOSTIC,    86, -5.928131640714e-01, 4.548086376021e-05, 1.0629e+00, 4.9419e-03, 
 2DIAGNOSTIC,    87, -5.928937591941e-01, 3.107496101781e-05, 1.0676e+00, 4.7772e-03, 
 2DIAGNOSTIC,    88, -5.929749528773e-01, 2.497677920289e-05, 1.0722e+00, 4.5290e-03, 
 2DIAGNOSTIC,    89, -5.930642233973e-01, 1.868685077604e-05, 1.0767e+00, 4.4930e-03, 
 2DIAGNOSTIC,    90, -5.932519561729e-01, 1.413214385841e-05, 1.0819e+00, 5.2629e-03, 
 2DIAGNOSTIC,    91, -5.934868127427e-01, 1.476420219492e-05, 1.0888e+00, 6.8970e-03, 
 2DIAGNOSTIC,    92, -5.935531000888e-01, 1.445074775008e-05, 1.1029e+00, 1.4108e-02, 
 2DIAGNOSTIC,    93, -5.935530993926e-01, 1.387667158541e-05, 1.1075e+00, 4.6151e-03, 
 2DIAGNOSTIC,    94, -5.935531003964e-01, 1.287615110136e-05, 1.1119e+00, 4.3812e-03, 
 2DIAGNOSTIC,    95, -5.935531020938e-01, 1.115743409046e-05, 1.1164e+00, 4.5040e-03, 
 2DIAGNOSTIC,    96, -5.935531049638e-01, 9.262721522641e-06, 1.1211e+00, 4.6990e-03, 
 2DIAGNOSTIC,    97, -5.935531098162e-01, 6.975349622735e-06, 1.1255e+00, 4.3941e-03, 
 2DIAGNOSTIC,    98, -5.935531180197e-01, 4.540996152956e-06, 1.1298e+00, 4.3111e-03, 
 2DIAGNOSTIC,    99, -5.935531318861e-01, 2.209852601680e-06, 1.1341e+00, 4.2620e-03, 
DIAGNOSTIC,Iteration,metricValue,convergenceValue,ITERATION_TIME_INDEX,SINCE_LAST
 2DIAGNOSTIC,     1, -4.818940838491e-01, 1.797693134862e+308, 1.9045e+00, 7.7036e-01, 
 2DIAGNOSTIC,     2, -4.827721346870e-01, 1.797693134862e+308, 1.9346e+00, 3.0137e-02, 
 2DIAGNOSTIC,     3, -4.840429506398e-01, 1.797693134862e+308, 1.9652e+00, 3.0644e-02, 
 2DIAGNOSTIC,     4, -4.856245103469e-01, 1.797693134862e+308, 1.9991e+00, 3.3821e-02, 
 2DIAGNOSTIC,     5, -4.865590612004e-01, 1.797693134862e+308, 2.0301e+00, 3.1094e-02, 
 2DIAGNOSTIC,     6, -4.872666484206e-01, 1.797693134862e+308, 2.0608e+00, 3.0606e-02, 
 2DIAGNOSTIC,     7, -4.882589555052e-01, 1.797693134862e+308, 2.0905e+00, 2.9732e-02, 
 2DIAGNOSTIC,     8, -4.889460966189e-01, 1.797693134862e+308, 2.1359e+00, 4.5396e-02, 
 2DIAGNOSTIC,     9, -4.893824699936e-01, 1.797693134862e+308, 2.1702e+00, 3.4336e-02, 
 2DIAGNOSTIC,    10, -4.894903722244e-01, 1.064274587931e-03, 2.2002e+00, 2.9962e-02, 
 2DIAGNOSTIC,    11, -4.897372616280e-01, 8.331747159593e-04, 2.2317e+00, 3.1532e-02, 
 2DIAGNOSTIC,    12, -4.899980418886e-01, 6.206551503891e-04, 2.2691e+00, 3.7373e-02, 
 2DIAGNOSTIC,    13, -4.900981043651e-01, 4.448542512423e-04, 2.3049e+00, 3.5781e-02, 
 2DIAGNOSTIC,    14, -4.901701036608e-01, 3.226642124725e-04, 2.3459e+00, 4.1028e-02, 
 2DIAGNOSTIC,    15, -4.901790610686e-01, 2.243473279830e-04, 2.3768e+00, 3.0948e-02, 
 2DIAGNOSTIC,    16, -4.902038335786e-01, 1.440823339277e-04, 2.4096e+00, 3.2730e-02, 
 2DIAGNOSTIC,    17, -4.902443359898e-01, 9.500436863795e-05, 2.4429e+00, 3.3339e-02, 
 2DIAGNOSTIC,    18, -4.903083567299e-01, 6.675305993679e-05, 2.4732e+00, 3.0325e-02, 
 2DIAGNOSTIC,    19, -4.904094979147e-01, 5.198614992044e-05, 2.5106e+00, 3.7407e-02, 
 2DIAGNOSTIC,    20, -4.904824222994e-01, 3.916631307708e-05, 2.5445e+00, 3.3906e-02, 
 2DIAGNOSTIC,    21, -4.905100911318e-01, 3.152831290017e-05, 2.5782e+00, 3.3632e-02, 
 2DIAGNOSTIC,    22, -4.905473294630e-01, 2.963730974202e-05, 2.6081e+00, 2.9958e-02, 
 2DIAGNOSTIC,    23, -4.906917352560e-01, 3.138851526914e-05, 2.6386e+00, 3.0451e-02, 
 2DIAGNOSTIC,    24, -4.915791554897e-01, 5.331056724547e-05, 2.6881e+00, 4.9544e-02, 
 2DIAGNOSTIC,    25, -4.916726951682e-01, 7.041588314596e-05, 2.7297e+00, 4.1567e-02, 
 2DIAGNOSTIC,    26, -4.917094715346e-01, 8.131293687755e-05, 2.7627e+00, 3.3041e-02, 
 2DIAGNOSTIC,    27, -4.917368771475e-01, 8.561600225981e-05, 2.7923e+00, 2.9534e-02, 
 2DIAGNOSTIC,    28, -4.918287274137e-01, 8.475087310170e-05, 2.8228e+00, 3.0482e-02, 
 2DIAGNOSTIC,    29, -4.920874004913e-01, 8.288213957919e-05, 2.8538e+00, 3.1085e-02, 
 2DIAGNOSTIC,    30, -4.923800581083e-01, 8.031122496382e-05, 2.8848e+00, 3.0963e-02, 
 2DIAGNOSTIC,    31, -4.925661353233e-01, 7.460320628246e-05, 2.9217e+00, 3.6883e-02, 
 2DIAGNOSTIC,    32, -4.926622657914e-01, 6.487651436551e-05, 2.9670e+00, 4.5297e-02, 
 2DIAGNOSTIC,    33, -4.926486163563e-01, 5.159671516898e-05, 3.0071e+00, 4.0121e-02, 
 2DIAGNOSTIC,    34, -4.926561797888e-01, 4.952140322078e-05, 3.0567e+00, 4.9556e-02, 
 2DIAGNOSTIC,    35, -4.926856973457e-01, 4.491287355759e-05, 3.0919e+00, 3.5288e-02, 
 2DIAGNOSTIC,    36, -4.927199216507e-01, 3.750567292056e-05, 3.1310e+00, 3.9005e-02, 
 2DIAGNOSTIC,    37, -4.927590803850e-01, 2.809917534544e-05, 3.1652e+00, 3.4221e-02, 
 2DIAGNOSTIC,    38, -4.927971171531e-01, 1.856032233210e-05, 3.2003e+00, 3.5119e-02, 
 2DIAGNOSTIC,    39, -4.929212516572e-01, 1.344461474443e-05, 3.2393e+00, 3.8993e-02, 
 2DIAGNOSTIC,    40, -4.930084968084e-01, 1.277984113987e-05, 3.2803e+00, 4.1027e-02, 
 2DIAGNOSTIC,    41, -4.930795048188e-01, 1.458263850253e-05, 3.3156e+00, 3.5260e-02, 
 2DIAGNOSTIC,    42, -4.931319128085e-01, 1.704599002953e-05, 3.3750e+00, 5.9405e-02, 
 2DIAGNOSTIC,    43, -4.931704460709e-01, 1.817679032375e-05, 3.4226e+00, 4.7623e-02, 
 2DIAGNOSTIC,    44, -4.931708367387e-01, 1.767237779534e-05, 3.4646e+00, 4.1951e-02, 
 2DIAGNOSTIC,    45, -4.931713007041e-01, 1.594589235599e-05, 3.4955e+00, 3.0992e-02, 
 2DIAGNOSTIC,    46, -4.931563934202e-01, 1.308372612119e-05, 3.5266e+00, 3.1042e-02, 
 2DIAGNOSTIC,    47, -4.931496265464e-01, 9.569296355691e-06, 3.5576e+00, 3.0963e-02, 
 2DIAGNOSTIC,    48, -4.931586556211e-01, 5.892408521006e-06, 3.5921e+00, 3.4526e-02, 
 2DIAGNOSTIC,    49, -4.931683080521e-01, 3.428794797315e-06, 3.6230e+00, 3.0961e-02, 
 2DIAGNOSTIC,    50, -4.931640097433e-01, 1.747086092286e-06, 3.6564e+00, 3.3404e-02, 
 2DIAGNOSTIC,    51, -4.932154025568e-01, 1.410850424183e-06, 3.6895e+00, 3.3100e-02, 
 2DIAGNOSTIC,    52, -4.931778001305e-01, 1.151414337899e-06, 3.7192e+00, 2.9621e-02, 
 2DIAGNOSTIC,    53, -4.932502779621e-01, 2.076080327377e-06, 3.7564e+00, 3.7230e-02, 
 2DIAGNOSTIC,    54, -4.934436167830e-01, 4.878266010130e-06, 3.8063e+00, 4.9931e-02, 
 2DIAGNOSTIC,    55, -4.934545270992e-01, 7.234216826794e-06, 3.8384e+00, 3.2049e-02, 
 2DIAGNOSTIC,    56, -4.934793819070e-01, 8.999792431803e-06, 3.8711e+00, 3.2716e-02, 
 2DIAGNOSTIC,    57, -4.934800721760e-01, 9.857126173300e-06, 3.9115e+00, 4.0419e-02, 
 2DIAGNOSTIC,    58, -4.934838144414e-01, 9.910192616747e-06, 3.9448e+00, 3.3318e-02, 
 2DIAGNOSTIC,    59, -4.934784896317e-01, 9.073243691756e-06, 3.9778e+00, 3.2998e-02, 
 2DIAGNOSTIC,    60, -4.934738654931e-01, 7.342876709289e-06, 4.0069e+00, 2.9108e-02, 
 2DIAGNOSTIC,    61, -4.934784645988e-01, 5.590607035446e-06, 4.0362e+00, 2.9269e-02, 
 2DIAGNOSTIC,    62, -4.934839879980e-01, 3.108568437236e-06, 4.0689e+00, 3.2706e-02, 
DIAGNOSTIC,Iteration,metricValue,convergenceValue,ITERATION_TIME_INDEX,SINCE_LAST
 2DIAGNOSTIC,     1, -4.341935780233e-01, 1.797693134862e+308, 5.0276e+00, 9.5866e-01, 
 2DIAGNOSTIC,     2, -4.343756261108e-01, 1.797693134862e+308, 5.2605e+00, 2.3295e-01, 
 2DIAGNOSTIC,     3, -4.344682439658e-01, 1.797693134862e+308, 5.4812e+00, 2.2072e-01, 
 2DIAGNOSTIC,     4, -4.345622473264e-01, 1.797693134862e+308, 5.7527e+00, 2.7147e-01, 
 2DIAGNOSTIC,     5, -4.346361817859e-01, 1.797693134862e+308, 6.0083e+00, 2.5560e-01, 
 2DIAGNOSTIC,     6, -4.349186220590e-01, 1.797693134862e+308, 6.3461e+00, 3.3781e-01, 
 2DIAGNOSTIC,     7, -4.349916201541e-01, 1.797693134862e+308, 6.6452e+00, 2.9904e-01, 
 2DIAGNOSTIC,     8, -4.349986327701e-01, 1.797693134862e+308, 7.0162e+00, 3.7105e-01, 
 2DIAGNOSTIC,     9, -4.349987725519e-01, 1.797693134862e+308, 7.3173e+00, 3.0109e-01, 
 2DIAGNOSTIC,    10, -4.349961367408e-01, 1.317459507614e-04, 7.5826e+00, 2.6527e-01, 
 2DIAGNOSTIC,    11, -4.349960916805e-01, 9.616358493697e-05, 7.8497e+00, 2.6716e-01, 
 2DIAGNOSTIC,    12, -4.349941728139e-01, 6.781992518316e-05, 8.0842e+00, 2.3441e-01, 
 2DIAGNOSTIC,    13, -4.349941055335e-01, 4.273068404451e-05, 8.3323e+00, 2.4814e-01, 
 2DIAGNOSTIC,    14, -4.349942908039e-01, 2.208001049250e-05, 8.5955e+00, 2.6322e-01, 
 2DIAGNOSTIC,    15, -4.349946223179e-01, 5.302637264851e-06, 8.8489e+00, 2.5338e-01, 
 2DIAGNOSTIC,    16, -4.349929700444e-01, 1.720694975380e-06, 9.0877e+00, 2.3880e-01, 
 2DIAGNOSTIC,    17, -4.349917366756e-01, 1.338238187779e-06, 9.3360e+00, 2.4831e-01, 
 2DIAGNOSTIC,    18, -4.349923869297e-01, 1.325540883203e-06, 9.5516e+00, 2.1562e-01, 
 2DIAGNOSTIC,    19, -4.349926639782e-01, 1.368791483256e-06, 9.8232e+00, 2.7154e-01, 
 2DIAGNOSTIC,    20, -4.349922722450e-01, 1.335800205789e-06, 1.0096e+01, 2.7305e-01, 
 2DIAGNOSTIC,    21, -4.349909405911e-01, 1.290418036988e-06, 1.0319e+01, 2.2324e-01, 
 2DIAGNOSTIC,    22, -4.349905496558e-01, 1.203673681754e-06, 1.0562e+01, 2.4247e-01, 
 2DIAGNOSTIC,    23, -4.349911774750e-01, 1.161771661720e-06, 1.0859e+01, 2.9756e-01, 
 2DIAGNOSTIC,    24, -4.349918650228e-01, 1.165195183291e-06, 1.1103e+01, 2.4400e-01, 
 2DIAGNOSTIC,    25, -4.349913674606e-01, 1.180003246844e-06, 1.1390e+01, 2.8648e-01, 
 2DIAGNOSTIC,    26, -4.349915752398e-01, 1.168744711420e-06, 1.1640e+01, 2.5035e-01, 
 2DIAGNOSTIC,    27, -4.349906235883e-01, 1.110296302120e-06, 1.1879e+01, 2.3858e-01, 
 2DIAGNOSTIC,    28, -4.349927045409e-01, 1.125621587411e-06, 1.2158e+01, 2.7885e-01, 
 2DIAGNOSTIC,    29, -4.349909906482e-01, 1.106475784211e-06, 1.2441e+01, 2.8375e-01, 
 2DIAGNOSTIC,    30, -4.349915892890e-01, 1.094567322071e-06, 1.2721e+01, 2.7975e-01, 
 2DIAGNOSTIC,    31, -4.349897835408e-01, 1.014663162067e-06, 1.2995e+01, 2.7424e-01, 
DIAGNOSTIC,Iteration,metricValue,convergenceValue,ITERATION_TIME_INDEX,SINCE_LAST
 2DIAGNOSTIC,     1, -4.015407940132e-01, 1.797693134862e+308, 1.5515e+01, 2.5196e+00, 
 2DIAGNOSTIC,     2, -4.016563714578e-01, 1.797693134862e+308, 1.6931e+01, 1.4161e+00, 
 2DIAGNOSTIC,     3, -4.016740608515e-01, 1.797693134862e+308, 1.8526e+01, 1.5951e+00, 
 2DIAGNOSTIC,     4, -4.016915100669e-01, 1.797693134862e+308, 1.9933e+01, 1.4066e+00, 
 2DIAGNOSTIC,     5, -4.017106012318e-01, 1.797693134862e+308, 2.1451e+01, 1.5184e+00, 
 2DIAGNOSTIC,     6, -4.017276211007e-01, 1.797693134862e+308, 2.2955e+01, 1.5033e+00, 
 2DIAGNOSTIC,     7, -4.017367011832e-01, 1.797693134862e+308, 2.4766e+01, 1.8118e+00, 
 2DIAGNOSTIC,     8, -4.017414951140e-01, 1.797693134862e+308, 2.6222e+01, 1.4557e+00, 
 2DIAGNOSTIC,     9, -4.017612826560e-01, 1.797693134862e+308, 2.8055e+01, 1.8334e+00, 
 2DIAGNOSTIC,    10, -4.017796772646e-01, 3.160817685466e-05, 2.9375e+01, 1.3202e+00, 
 2DIAGNOSTIC,    11, -4.018192246268e-01, 2.347557907195e-05, 3.0676e+01, 1.3001e+00, 
 2DIAGNOSTIC,    12, -4.018453473885e-01, 2.315959373263e-05, 3.2054e+01, 1.3788e+00, 
 2DIAGNOSTIC,    13, -4.018459404606e-01, 2.202717228479e-05, 3.3351e+01, 1.2962e+00, 
 2DIAGNOSTIC,    14, -4.018542103988e-01, 2.059432583369e-05, 3.4697e+01, 1.3460e+00, 
 2DIAGNOSTIC,    15, -4.018610526187e-01, 1.887291459839e-05, 3.6344e+01, 1.6479e+00, 
 2DIAGNOSTIC,    16, -4.018697565642e-01, 1.693250103479e-05, 3.8466e+01, 2.1214e+00, 
 2DIAGNOSTIC,    17, -4.018708512202e-01, 1.425884974290e-05, 4.0107e+01, 1.6408e+00, 
 2DIAGNOSTIC,    18, -4.018710329022e-01, 1.094711726245e-05, 4.2092e+01, 1.9853e+00, 
 2DIAGNOSTIC,    19, -4.018710025933e-01, 7.882348268907e-06, 4.3654e+01, 1.5621e+00, 
 2DIAGNOSTIC,    20, -4.018708947767e-01, 5.159829751467e-06, 4.5127e+01, 1.4729e+00, 
 2DIAGNOSTIC,    21, -4.018708581238e-01, 3.668862954692e-06, 4.6957e+01, 1.8299e+00, 
 2DIAGNOSTIC,    22, -4.018707134018e-01, 2.952197744016e-06, 5.1196e+01, 4.2386e+00, 
 2DIAGNOSTIC,    23, -4.018707134000e-01, 2.174651328415e-06, 5.5508e+01, 4.3127e+00, 
 2DIAGNOSTIC,    24, -4.018707134000e-01, 1.629247005371e-06, 5.7040e+01, 1.5322e+00, 
 2DIAGNOSTIC,    25, -4.018707134000e-01, 1.285954658405e-06, 5.8491e+01, 1.4504e+00, 
 2DIAGNOSTIC,    26, -4.018707134000e-01, 1.203849936619e-06, 5.9941e+01, 1.4502e+00, 
 2DIAGNOSTIC,    27, -4.018707134000e-01, 1.158247885144e-06, 6.1454e+01, 1.5135e+00, 
 2DIAGNOSTIC,    28, -4.018707134000e-01, 1.122376381051e-06, 6.2963e+01, 1.5081e+00, 
 2DIAGNOSTIC,    29, -4.018707134000e-01, 1.089557401447e-06, 6.4407e+01, 1.4445e+00, 
 2DIAGNOSTIC,    30, -4.018707134000e-01, 1.057078125116e-06, 6.5929e+01, 1.5222e+00, 
 2DIAGNOSTIC,    31, -4.018707134000e-01, 1.026275996810e-06, 6.7709e+01, 1.7794e+00, 
  Elapsed time (stage 0): 6.8621e+01


Total elapsed time: 6.8623e+01
Info [verificarlo]: loaded backend libinterflop_ieee.so
Info [interflop-ieee]: load backend with:
Info [interflop-ieee]: debug = false
Info [interflop-ieee]: debug-binary = false
Info [interflop-ieee]: no-backend-name = false
Info [interflop-ieee]: print-new-line = false
Info [interflop-ieee]: print-subnormal-normalized = false
Info [interflop-ieee]: count-op = false
All_Command_lines_OK
Using double precision for computations.
=============================================================================
The composite transform comprises the following transforms (in order): 
  1. /home/mdugre/scratch/mri-registration-rp/datasets/ds004513/derivatives/mri-registration-rp/0001/antsRegistration-r7-p7/sub-s037/rigid_Composite.h5[0] (type = Euler3DTransform)
  2. /home/mdugre/scratch/mri-registration-rp/datasets/ds004513/derivatives/mri-registration-rp/0001/antsRegistration-r7-p7/sub-s037/rigid_Composite.h5[1] (type = Euler3DTransform)
  3. /home/mdugre/scratch/mri-registration-rp/datasets/ds004513/derivatives/mri-registration-rp/0001/antsRegistration-r7-p7/sub-s037/rigid_Composite.h5[2] (type = Euler3DTransform)
=============================================================================
  number of levels = 4
  fixed image: /templateflow/tpl-MNI152NLin2009cAsym/tpl-MNI152NLin2009cAsym_res-01_desc-brain_T1w.nii.gz
  moving image: /home/mdugre/scratch/mri-registration-rp/datasets/ds004513/derivatives/mri-registration-rp/antsBrainExtraction/sub-s037/BrainExtractionBrain.nii.gz
Dimension = 3
Number of stages = 1
Use histogram matching = false
Winsorize image intensities = true
  Lower quantile = 0.005
  Upper quantile = 0.995


Stage 1 State
   Image metric = MattesMI
     Fixed image = Image (0x32de530)
  RTTI typeinfo:   itk::Image<double, 3u>
  Reference Count: 2
  Modified Time: 1592
  Debug: Off
  Object Name: 
  Observers: 
    none
  Source: (none)
  Source output name: (none)
  Release Data: Off
  Data Released: False
  Global Release Data: Off
  PipelineMTime: 0
  UpdateMTime: 1203
  RealTimeStamp: 0 seconds 
  LargestPossibleRegion: 
    Dimension: 3
    Index: [0, 0, 0]
    Size: [193, 229, 193]
  BufferedRegion: 
    Dimension: 3
    Index: [0, 0, 0]
    Size: [193, 229, 193]
  RequestedRegion: 
    Dimension: 3
    Index: [0, 0, 0]
    Size: [193, 229, 193]
  Spacing: [1, 1, 1]
  Origin: [96, 132, -78]
  Direction: 
-1 0 0
0 -1 0
0 0 1

  IndexToPointMatrix: 
-1 0 0
0 -1 0
0 0 1

  PointToIndexMatrix: 
-1 0 0
0 -1 0
0 0 1

  Inverse Direction: 
-1 0 0
0 -1 0
0 0 1

  PixelContainer: 
    ImportImageContainer (0x33972a0)
      RTTI typeinfo:   itk::ImportImageContainer<unsigned long, double>
      Reference Count: 1
      Modified Time: 1200
      Debug: Off
      Object Name: 
      Observers: 
        none
      Pointer: 0x1505c17ed010
      Container manages memory: true
      Size: 8530021
      Capacity: 8530021

     Moving image = Image (0x3399e60)
  RTTI typeinfo:   itk::Image<double, 3u>
  Reference Count: 2
  Modified Time: 1593
  Debug: Off
  Object Name: 
  Observers: 
    none
  Source: (none)
  Source output name: (none)
  Release Data: Off
  Data Released: False
  Global Release Data: Off
  PipelineMTime: 0
  UpdateMTime: 1590
  RealTimeStamp: 0 seconds 
  LargestPossibleRegion: 
    Dimension: 3
    Index: [0, 0, 0]
    Size: [160, 240, 256]
  BufferedRegion: 
    Dimension: 3
    Index: [0, 0, 0]
    Size: [160, 240, 256]
  RequestedRegion: 
    Dimension: 3
    Index: [0, 0, 0]
    Size: [160, 240, 256]
  Spacing: [1, 1, 1]
  Origin: [87.9508, 102.562, -147.639]
  Direction: 
-0.998659 -0.0436121 -0.0279129
0.043595 -0.999049 0.00121847
-0.0279395 -2.65543e-08 0.99961

  IndexToPointMatrix: 
-0.998659 -0.0436121 -0.0279129
0.043595 -0.999049 0.00121847
-0.0279395 -2.65543e-08 0.99961

  PointToIndexMatrix: 
-0.998659 0.043595 -0.0279395
-0.0436121 -0.999049 -2.65517e-08
-0.0279129 0.00121847 0.99961

  Inverse Direction: 
-0.998659 0.043595 -0.0279395
-0.0436121 -0.999049 -2.65517e-08
-0.0279129 0.00121847 0.99961

  PixelContainer: 
    ImportImageContainer (0x33cd390)
      RTTI typeinfo:   itk::ImportImageContainer<unsigned long, double>
      Reference Count: 1
      Modified Time: 1587
      Debug: Off
      Object Name: 
      Observers: 
        none
      Pointer: 0x1505bccec010
      Container manages memory: true
      Size: 9830400
      Capacity: 9830400

     Weighting = 1
     Sampling strategy = regular
     Number of bins = 32
     Radius = 4
     Sampling percentage  = 0.25
   Transform = Affine
     Gradient step = 0.1
     Update field sigma (voxel space) = 0
     Total field sigma (voxel space) = 0
     Update field time sigma = 0
     Total field time sigma  = 0
     Number of time indices = 0
     Number of time point samples = 0
Registration using 1 total stages.

Stage 0
  iterations = 1000x500x250x100
  convergence threshold = 1e-06
  convergence window size = 10
  number of levels = 4
  using the Mattes MI metric (number of bins = 32, weight = 1, use gradient filter = 0)
  preprocessing:  winsorizing the image intensities
  Shrink factors (level 1 out of 4): [8, 8, 8]
  Shrink factors (level 2 out of 4): [4, 4, 4]
  Shrink factors (level 3 out of 4): [2, 2, 2]
  Shrink factors (level 4 out of 4): [1, 1, 1]
  smoothing sigmas per level: [3, 2, 1, 0]
  regular sampling (percentage = 0.25)

*** Running AffineTransform registration ***

DIAGNOSTIC,Iteration,metricValue,convergenceValue,ITERATION_TIME_INDEX,SINCE_LAST
 2DIAGNOSTIC,     1, -5.866593382839e-01, 1.797693134862e+308, 7.3524e-01, 7.3524e-01, 
 2DIAGNOSTIC,     2, -5.879023108602e-01, 1.797693134862e+308, 7.4008e-01, 4.8342e-03, 
 2DIAGNOSTIC,     3, -5.902233454129e-01, 1.797693134862e+308, 7.4472e-01, 4.6449e-03, 
 2DIAGNOSTIC,     4, -5.948377574827e-01, 1.797693134862e+308, 7.4925e-01, 4.5240e-03, 
 2DIAGNOSTIC,     5, -6.042779265903e-01, 1.797693134862e+308, 7.5380e-01, 4.5528e-03, 
 2DIAGNOSTIC,     6, -6.148019276985e-01, 1.797693134862e+308, 7.5844e-01, 4.6439e-03, 
 2DIAGNOSTIC,     7, -6.359842827413e-01, 1.797693134862e+308, 7.6319e-01, 4.7491e-03, 
 2DIAGNOSTIC,     8, -6.699278073521e-01, 1.797693134862e+308, 7.6864e-01, 5.4440e-03, 
 2DIAGNOSTIC,     9, -6.966567297140e-01, 1.797693134862e+308, 7.7665e-01, 8.0149e-03, 
 2DIAGNOSTIC,    10, -6.971803650645e-01, 1.278850299700e-02, 7.8238e-01, 5.7292e-03, 
 2DIAGNOSTIC,    11, -6.993635752521e-01, 1.265131608483e-02, 7.8745e-01, 5.0631e-03, 
 2DIAGNOSTIC,    12, -7.036602061589e-01, 1.161313606122e-02, 7.9258e-01, 5.1332e-03, 
 2DIAGNOSTIC,    13, -7.064326495623e-01, 9.854912135915e-03, 7.9827e-01, 5.6961e-03, 
 2DIAGNOSTIC,    14, -7.106266062604e-01, 7.741112585179e-03, 8.0333e-01, 5.0530e-03, 
 2DIAGNOSTIC,    15, -7.162525486011e-01, 5.675537827620e-03, 8.0895e-01, 5.6219e-03, 
 2DIAGNOSTIC,    16, -7.216962060162e-01, 3.805884104721e-03, 8.1499e-01, 6.0430e-03, 
 2DIAGNOSTIC,    17, -7.219193067409e-01, 2.349035932175e-03, 8.2204e-01, 7.0500e-03, 
 2DIAGNOSTIC,    18, -7.218688689838e-01, 1.640601223090e-03, 8.2771e-01, 5.6670e-03, 
 2DIAGNOSTIC,    19, -7.219483821705e-01, 1.462946958166e-03, 8.3327e-01, 5.5590e-03, 
 2DIAGNOSTIC,    20, -7.217933471701e-01, 1.174950970885e-03, 8.3879e-01, 5.5261e-03, 
 2DIAGNOSTIC,    21, -7.217518643894e-01, 8.478486970782e-04, 8.4382e-01, 5.0240e-03, 
 2DIAGNOSTIC,    22, -7.216406063339e-01, 5.545154053982e-04, 8.4971e-01, 5.8889e-03, 
 2DIAGNOSTIC,    23, -7.216154566261e-01, 2.875024184406e-04, 8.5576e-01, 6.0570e-03, 
 2DIAGNOSTIC,    24, -7.215411336877e-01, 8.752316431002e-05, 8.6126e-01, 5.4960e-03, 
DIAGNOSTIC,Iteration,metricValue,convergenceValue,ITERATION_TIME_INDEX,SINCE_LAST
 2DIAGNOSTIC,     1, -5.945496513920e-01, 1.797693134862e+308, 1.5587e+00, 6.9740e-01, 
 2DIAGNOSTIC,     2, -5.952840554319e-01, 1.797693134862e+308, 1.5954e+00, 3.6763e-02, 
 2DIAGNOSTIC,     3, -5.960438395356e-01, 1.797693134862e+308, 1.6309e+00, 3.5521e-02, 
 2DIAGNOSTIC,     4, -5.968733890692e-01, 1.797693134862e+308, 1.6662e+00, 3.5258e-02, 
 2DIAGNOSTIC,     5, -5.975626219605e-01, 1.797693134862e+308, 1.7022e+00, 3.5953e-02, 
 2DIAGNOSTIC,     6, -5.980890567060e-01, 1.797693134862e+308, 1.7410e+00, 3.8798e-02, 
 2DIAGNOSTIC,     7, -5.984454151267e-01, 1.797693134862e+308, 1.7778e+00, 3.6834e-02, 
 2DIAGNOSTIC,     8, -5.990032060607e-01, 1.797693134862e+308, 1.8110e+00, 3.3217e-02, 
 2DIAGNOSTIC,     9, -5.996644395927e-01, 1.797693134862e+308, 1.8482e+00, 3.7150e-02, 
 2DIAGNOSTIC,    10, -5.998521814427e-01, 5.752738835803e-04, 1.9043e+00, 5.6168e-02, 
 2DIAGNOSTIC,    11, -5.999506644457e-01, 4.647259033982e-04, 1.9406e+00, 3.6295e-02, 
 2DIAGNOSTIC,    12, -5.999661494063e-01, 3.609538627959e-04, 1.9804e+00, 3.9802e-02, 
 2DIAGNOSTIC,    13, -5.999531955594e-01, 2.675569626802e-04, 2.0156e+00, 3.5149e-02, 
 2DIAGNOSTIC,    14, -5.999702083705e-01, 1.915365978185e-04, 2.0555e+00, 3.9905e-02, 
