
##########################
# Experiment information #
##########################

EXPERIMENT_NAME: antsRegistration-r7-p6
VFC_BACKENDS: libinterflop_vprec.so --range-binary32=7 --precision-binary32=6 --range-binary64=7 --precision-binary64=6

SIF_IMG: /home/mdugre/projects/rrg-glatard/mdugre/containers/ants-vprec-no_metrics.simg

SUBJECT_ID: s032
INPUT_IMG: /home/mdugre/scratch/mri-registration-rp/datasets/ds004513/derivatives/mri-registration-rp/antsBrainExtraction/sub-s032/BrainExtractionBrain.nii.gz
OUTPUT_DIR: /home/mdugre/scratch/mri-registration-rp/datasets/ds004513/derivatives/mri-registration-rp/0001/antsRegistration-r7-p6/sub-s032

FIXED_IMG: /templateflow/tpl-MNI152NLin2009cAsym/tpl-MNI152NLin2009cAsym_res-01_desc-brain_T1w.nii.gz
DATA_DIR: /home/mdugre/scratch/mri-registration-rp/datasets/ds004513
TEMPLATEFLOW_DIR: /home/mdugre/projects/rrg-glatard/mdugre/templateflow
ITK_GLOBAL_DEFAULT_NUMBER_OF_THREADS: 16
##########################

Info [verificarlo]: loaded backend libinterflop_ieee.so
Info [interflop-ieee]: load backend with:
Info [interflop-ieee]: debug = false
Info [interflop-ieee]: debug-binary = false
Info [interflop-ieee]: no-backend-name = false
Info [interflop-ieee]: print-new-line = false
Info [interflop-ieee]: print-subnormal-normalized = false
Info [interflop-ieee]: count-op = false
All_Command_lines_OK
Using double precision for computations.
=============================================================================
The composite transform comprises the following transforms (in order): 
  1. Center of mass alignment using fixed image: /templateflow/tpl-MNI152NLin2009cAsym/tpl-MNI152NLin2009cAsym_res-01_desc-brain_T1w.nii.gz and moving image: /home/mdugre/scratch/mri-registration-rp/datasets/ds004513/derivatives/mri-registration-rp/antsBrainExtraction/sub-s032/BrainExtractionBrain.nii.gz (type = Euler3DTransform)
=============================================================================
  number of levels = 1
  fixed image: /templateflow/tpl-MNI152NLin2009cAsym/tpl-MNI152NLin2009cAsym_res-01_desc-brain_T1w.nii.gz
  moving image: /home/mdugre/scratch/mri-registration-rp/datasets/ds004513/derivatives/mri-registration-rp/antsBrainExtraction/sub-s032/BrainExtractionBrain.nii.gz
Dimension = 3
Number of stages = 1
Use histogram matching = false
Winsorize image intensities = true
  Lower quantile = 0.005
  Upper quantile = 0.995


Stage 1 State
   Image metric = MattesMI
     Fixed image = Image (0x4106bd0)
  RTTI typeinfo:   itk::Image<double, 3u>
  Reference Count: 2
  Modified Time: 2330
  Debug: Off
  Object Name: 
  Observers: 
    none
  Source: (none)
  Source output name: (none)
  Release Data: Off
  Data Released: False
  Global Release Data: Off
  PipelineMTime: 0
  UpdateMTime: 1941
  RealTimeStamp: 0 seconds 
  LargestPossibleRegion: 
    Dimension: 3
    Index: [0, 0, 0]
    Size: [193, 229, 193]
  BufferedRegion: 
    Dimension: 3
    Index: [0, 0, 0]
    Size: [193, 229, 193]
  RequestedRegion: 
    Dimension: 3
    Index: [0, 0, 0]
    Size: [193, 229, 193]
  Spacing: [1, 1, 1]
  Origin: [96, 132, -78]
  Direction: 
-1 0 0
0 -1 0
0 0 1

  IndexToPointMatrix: 
-1 0 0
0 -1 0
0 0 1

  PointToIndexMatrix: 
-1 0 0
0 -1 0
0 0 1

  Inverse Direction: 
-1 0 0
0 -1 0
0 0 1

  PixelContainer: 
    ImportImageContainer (0x410f9e0)
      RTTI typeinfo:   itk::ImportImageContainer<unsigned long, double>
      Reference Count: 1
      Modified Time: 1938
      Debug: Off
      Object Name: 
      Observers: 
        none
      Pointer: 0x14ac204f2010
      Container manages memory: true
      Size: 8530021
      Capacity: 8530021

     Moving image = Image (0x4110d40)
  RTTI typeinfo:   itk::Image<double, 3u>
  Reference Count: 2
  Modified Time: 2331
  Debug: Off
  Object Name: 
  Observers: 
    none
  Source: (none)
  Source output name: (none)
  Release Data: Off
  Data Released: False
  Global Release Data: Off
  PipelineMTime: 0
  UpdateMTime: 2328
  RealTimeStamp: 0 seconds 
  LargestPossibleRegion: 
    Dimension: 3
    Index: [0, 0, 0]
    Size: [160, 240, 256]
  BufferedRegion: 
    Dimension: 3
    Index: [0, 0, 0]
    Size: [160, 240, 256]
  RequestedRegion: 
    Dimension: 3
    Index: [0, 0, 0]
    Size: [160, 240, 256]
  Spacing: [1, 1, 1]
  Origin: [73.279, 104.707, -131.187]
  Direction: 
-0.997527 0.0645574 -0.0278053
-0.0645323 -0.997914 -0.00179875
-0.0278634 4.01097e-08 0.999612

  IndexToPointMatrix: 
-0.997527 0.0645574 -0.0278053
-0.0645323 -0.997914 -0.00179875
-0.0278634 4.01097e-08 0.999612

  PointToIndexMatrix: 
-0.997527 -0.0645323 -0.0278634
0.0645574 -0.997914 4.01049e-08
-0.0278053 -0.00179875 0.999612

  Inverse Direction: 
-0.997527 -0.0645323 -0.0278634
0.0645574 -0.997914 4.01049e-08
-0.0278053 -0.00179875 0.999612

  PixelContainer: 
    ImportImageContainer (0x4136850)
      RTTI typeinfo:   itk::ImportImageContainer<unsigned long, double>
      Reference Count: 1
      Modified Time: 2325
      Debug: Off
      Object Name: 
      Observers: 
        none
      Pointer: 0x14ac1b9f1010
      Container manages memory: true
      Size: 9830400
      Capacity: 9830400

     Weighting = 1
     Sampling strategy = regular
     Number of bins = 32
     Radius = 4
     Sampling percentage  = 0.25
   Transform = Rigid
     Gradient step = 0.1
     Update field sigma (voxel space) = 0
     Total field sigma (voxel space) = 0
     Update field time sigma = 0
     Total field time sigma  = 0
     Number of time indices = 0
     Number of time point samples = 0
Registration using 1 total stages.

Stage 0
  iterations = 0
  convergence threshold = 1e-06
  convergence window size = 10
  number of levels = 1
  using the Mattes MI metric (number of bins = 32, weight = 1, use gradient filter = 0)
  preprocessing:  winsorizing the image intensities
  Shrink factors (level 1 out of 1): [1, 1, 1]
  smoothing sigmas per level: [0]
  regular sampling (percentage = 0.25)

*** Running Euler3DTransform registration ***

  Elapsed time (stage 0): 1.22245


Total elapsed time: 1.22516
Info [verificarlo]: loaded backend libinterflop_ieee.so
Info [interflop-ieee]: load backend with:
Info [interflop-ieee]: debug = false
Info [interflop-ieee]: debug-binary = false
Info [interflop-ieee]: no-backend-name = false
Info [interflop-ieee]: print-new-line = false
Info [interflop-ieee]: print-subnormal-normalized = false
Info [interflop-ieee]: count-op = false
All_Command_lines_OK
Using double precision for computations.
=============================================================================
The composite transform comprises the following transforms (in order): 
  1. /home/mdugre/scratch/mri-registration-rp/datasets/ds004513/derivatives/mri-registration-rp/0001/antsRegistration-r7-p6/sub-s032/align_Composite.h5[0] (type = Euler3DTransform)
  2. /home/mdugre/scratch/mri-registration-rp/datasets/ds004513/derivatives/mri-registration-rp/0001/antsRegistration-r7-p6/sub-s032/align_Composite.h5[1] (type = Euler3DTransform)
=============================================================================
  number of levels = 4
  fixed image: /templateflow/tpl-MNI152NLin2009cAsym/tpl-MNI152NLin2009cAsym_res-01_desc-brain_T1w.nii.gz
  moving image: /home/mdugre/scratch/mri-registration-rp/datasets/ds004513/derivatives/mri-registration-rp/antsBrainExtraction/sub-s032/BrainExtractionBrain.nii.gz
Dimension = 3
Number of stages = 1
Use histogram matching = false
Winsorize image intensities = true
  Lower quantile = 0.005
  Upper quantile = 0.995


Stage 1 State
   Image metric = MattesMI
     Fixed image = Image (0x47b7530)
  RTTI typeinfo:   itk::Image<double, 3u>
  Reference Count: 2
  Modified Time: 1578
  Debug: Off
  Object Name: 
  Observers: 
    none
  Source: (none)
  Source output name: (none)
  Release Data: Off
  Data Released: False
  Global Release Data: Off
  PipelineMTime: 0
  UpdateMTime: 1189
  RealTimeStamp: 0 seconds 
  LargestPossibleRegion: 
    Dimension: 3
    Index: [0, 0, 0]
    Size: [193, 229, 193]
  BufferedRegion: 
    Dimension: 3
    Index: [0, 0, 0]
    Size: [193, 229, 193]
  RequestedRegion: 
    Dimension: 3
    Index: [0, 0, 0]
    Size: [193, 229, 193]
  Spacing: [1, 1, 1]
  Origin: [96, 132, -78]
  Direction: 
-1 0 0
0 -1 0
0 0 1

  IndexToPointMatrix: 
-1 0 0
0 -1 0
0 0 1

  PointToIndexMatrix: 
-1 0 0
0 -1 0
0 0 1

  Inverse Direction: 
-1 0 0
0 -1 0
0 0 1

  PixelContainer: 
    ImportImageContainer (0x4875d60)
      RTTI typeinfo:   itk::ImportImageContainer<unsigned long, double>
      Reference Count: 1
      Modified Time: 1186
      Debug: Off
      Object Name: 
      Observers: 
        none
      Pointer: 0x14ae01fee010
      Container manages memory: true
      Size: 8530021
      Capacity: 8530021

     Moving image = Image (0x4867f60)
  RTTI typeinfo:   itk::Image<double, 3u>
  Reference Count: 2
  Modified Time: 1579
  Debug: Off
  Object Name: 
  Observers: 
    none
  Source: (none)
  Source output name: (none)
  Release Data: Off
  Data Released: False
  Global Release Data: Off
  PipelineMTime: 0
  UpdateMTime: 1576
  RealTimeStamp: 0 seconds 
  LargestPossibleRegion: 
    Dimension: 3
    Index: [0, 0, 0]
    Size: [160, 240, 256]
  BufferedRegion: 
    Dimension: 3
    Index: [0, 0, 0]
    Size: [160, 240, 256]
  RequestedRegion: 
    Dimension: 3
    Index: [0, 0, 0]
    Size: [160, 240, 256]
  Spacing: [1, 1, 1]
  Origin: [73.279, 104.707, -131.187]
  Direction: 
-0.997527 0.0645574 -0.0278053
-0.0645323 -0.997914 -0.00179875
-0.0278634 4.01097e-08 0.999612

  IndexToPointMatrix: 
-0.997527 0.0645574 -0.0278053
-0.0645323 -0.997914 -0.00179875
-0.0278634 4.01097e-08 0.999612

  PointToIndexMatrix: 
-0.997527 -0.0645323 -0.0278634
0.0645574 -0.997914 4.01049e-08
-0.0278053 -0.00179875 0.999612

  Inverse Direction: 
-0.997527 -0.0645323 -0.0278634
0.0645574 -0.997914 4.01049e-08
-0.0278053 -0.00179875 0.999612

  PixelContainer: 
    ImportImageContainer (0x48596d0)
      RTTI typeinfo:   itk::ImportImageContainer<unsigned long, double>
      Reference Count: 1
      Modified Time: 1573
      Debug: Off
      Object Name: 
      Observers: 
        none
      Pointer: 0x14adfd4ed010
      Container manages memory: true
      Size: 9830400
      Capacity: 9830400

     Weighting = 1
     Sampling strategy = regular
     Number of bins = 32
     Radius = 4
     Sampling percentage  = 0.25
   Transform = Rigid
     Gradient step = 0.1
     Update field sigma (voxel space) = 0
     Total field sigma (voxel space) = 0
     Update field time sigma = 0
     Total field time sigma  = 0
     Number of time indices = 0
     Number of time point samples = 0
Registration using 1 total stages.

Stage 0
  iterations = 1000x500x250x100
  convergence threshold = 1e-06
  convergence window size = 10
  number of levels = 4
  using the Mattes MI metric (number of bins = 32, weight = 1, use gradient filter = 0)
  preprocessing:  winsorizing the image intensities
  Shrink factors (level 1 out of 4): [8, 8, 8]
  Shrink factors (level 2 out of 4): [4, 4, 4]
  Shrink factors (level 3 out of 4): [2, 2, 2]
  Shrink factors (level 4 out of 4): [1, 1, 1]
  smoothing sigmas per level: [3, 2, 1, 0]
  regular sampling (percentage = 0.25)

*** Running Euler3DTransform registration ***

DIAGNOSTIC,Iteration,metricValue,convergenceValue,ITERATION_TIME_INDEX,SINCE_LAST
 2DIAGNOSTIC,     1, -5.480496989617e-01, 1.797693134862e+308, 8.0054e-01, 8.0054e-01, 
 2DIAGNOSTIC,     2, -5.506811078454e-01, 1.797693134862e+308, 8.0549e-01, 4.9531e-03, 
 2DIAGNOSTIC,     3, -5.546514955662e-01, 1.797693134862e+308, 8.1030e-01, 4.8060e-03, 
 2DIAGNOSTIC,     4, -5.606863537750e-01, 1.797693134862e+308, 8.1546e-01, 5.1651e-03, 
 2DIAGNOSTIC,     5, -5.693661845193e-01, 1.797693134862e+308, 8.2037e-01, 4.9050e-03, 
 2DIAGNOSTIC,     6, -5.854078830086e-01, 1.797693134862e+308, 8.2590e-01, 5.5370e-03, 
 2DIAGNOSTIC,     7, -6.232769732918e-01, 1.797693134862e+308, 8.3071e-01, 4.8091e-03, 
 2DIAGNOSTIC,     8, -6.297683730473e-01, 1.797693134862e+308, 8.3569e-01, 4.9791e-03, 
 2DIAGNOSTIC,     9, -6.366738733405e-01, 1.797693134862e+308, 8.4404e-01, 8.3461e-03, 
 2DIAGNOSTIC,    10, -6.375630690827e-01, 1.201760866083e-02, 8.4838e-01, 4.3430e-03, 
 2DIAGNOSTIC,    11, -6.405337628679e-01, 1.087684809450e-02, 8.5275e-01, 4.3700e-03, 
 2DIAGNOSTIC,    12, -6.435528997438e-01, 9.167753354490e-03, 8.5759e-01, 4.8401e-03, 
 2DIAGNOSTIC,    13, -6.444720921444e-01, 7.089498731847e-03, 8.6188e-01, 4.2849e-03, 
 2DIAGNOSTIC,    14, -6.463616611293e-01, 4.967892496988e-03, 8.6673e-01, 4.8499e-03, 
 2DIAGNOSTIC,    15, -6.484646963404e-01, 3.033020789043e-03, 8.7430e-01, 7.5779e-03, 
 2DIAGNOSTIC,    16, -6.486009987994e-01, 1.520386367320e-03, 8.7860e-01, 4.2992e-03, 
 2DIAGNOSTIC,    17, -6.493699344760e-01, 1.108203205204e-03, 8.8319e-01, 4.5900e-03, 
 2DIAGNOSTIC,    18, -6.514578195065e-01, 8.586162135987e-04, 8.8749e-01, 4.3008e-03, 
 2DIAGNOSTIC,    19, -6.526592717406e-01, 7.533650369804e-04, 8.9216e-01, 4.6699e-03, 
 2DIAGNOSTIC,    20, -6.536191777189e-01, 6.303067369292e-04, 8.9680e-01, 4.6370e-03, 
 2DIAGNOSTIC,    21, -6.549162298979e-01, 5.534292205379e-04, 9.0129e-01, 4.4851e-03, 
 2DIAGNOSTIC,    22, -6.562385790832e-01, 5.226986103231e-04, 9.0652e-01, 5.2299e-03, 
 2DIAGNOSTIC,    23, -6.565000058113e-01, 4.680180012233e-04, 9.1148e-01, 4.9679e-03, 
 2DIAGNOSTIC,    24, -6.565387353854e-01, 4.101063704200e-04, 9.1665e-01, 5.1620e-03, 
 2DIAGNOSTIC,    25, -6.567702146892e-01, 3.618032093014e-04, 9.2181e-01, 5.1601e-03, 
 2DIAGNOSTIC,    26, -6.583507212369e-01, 3.132611037336e-04, 9.2654e-01, 4.7300e-03, 
 2DIAGNOSTIC,    27, -6.586527568469e-01, 2.554116018357e-04, 9.3118e-01, 4.6420e-03, 
 2DIAGNOSTIC,    28, -6.593310437739e-01, 2.225767143855e-04, 9.3676e-01, 5.5780e-03, 
 2DIAGNOSTIC,    29, -6.595734041655e-01, 1.939316665350e-04, 9.4187e-01, 5.1169e-03, 
 2DIAGNOSTIC,    30, -6.595955819569e-01, 1.634946778534e-04, 9.4703e-01, 5.1560e-03, 
 2DIAGNOSTIC,    31, -6.596949967569e-01, 1.392755860936e-04, 9.5139e-01, 4.3659e-03, 
 2DIAGNOSTIC,    32, -6.597157295314e-01, 1.221677497621e-04, 9.5643e-01, 5.0399e-03, 
 2DIAGNOSTIC,    33, -6.597001423847e-01, 9.820426863272e-05, 9.6376e-01, 7.3230e-03, 
 2DIAGNOSTIC,    34, -6.595254449707e-01, 6.486903007822e-05, 9.6834e-01, 4.5822e-03, 
 2DIAGNOSTIC,    35, -6.595295822813e-01, 3.010817891094e-05, 9.7300e-01, 4.6570e-03, 
 2DIAGNOSTIC,    36, -6.595351297938e-01, 1.424396567134e-05, 9.7759e-01, 4.5950e-03, 
 2DIAGNOSTIC,    37, -6.595409535783e-01, 1.474135180295e-06, 9.8196e-01, 4.3669e-03, 
DIAGNOSTIC,Iteration,metricValue,convergenceValue,ITERATION_TIME_INDEX,SINCE_LAST
 2DIAGNOSTIC,     1, -5.183739626493e-01, 1.797693134862e+308, 1.7903e+00, 8.0838e-01, 
 2DIAGNOSTIC,     2, -5.189226238250e-01, 1.797693134862e+308, 1.8297e+00, 3.9387e-02, 
 2DIAGNOSTIC,     3, -5.196899327311e-01, 1.797693134862e+308, 1.8609e+00, 3.1129e-02, 
 2DIAGNOSTIC,     4, -5.204463662967e-01, 1.797693134862e+308, 1.8925e+00, 3.1681e-02, 
 2DIAGNOSTIC,     5, -5.209979485257e-01, 1.797693134862e+308, 1.9239e+00, 3.1313e-02, 
 2DIAGNOSTIC,     6, -5.216357744142e-01, 1.797693134862e+308, 1.9597e+00, 3.5892e-02, 
 2DIAGNOSTIC,     7, -5.233753715039e-01, 1.797693134862e+308, 1.9944e+00, 3.4628e-02, 
 2DIAGNOSTIC,     8, -5.241119131451e-01, 1.797693134862e+308, 2.0346e+00, 4.0221e-02, 
 2DIAGNOSTIC,     9, -5.247293428739e-01, 1.797693134862e+308, 2.0764e+00, 4.1853e-02, 
 2DIAGNOSTIC,    10, -5.250028240347e-01, 8.899807876626e-04, 2.1099e+00, 3.3444e-02, 
 2DIAGNOSTIC,    11, -5.254483047809e-01, 7.905531987042e-04, 2.1431e+00, 3.3164e-02, 
 2DIAGNOSTIC,    12, -5.277635695192e-01, 7.650652181973e-04, 2.1770e+00, 3.3904e-02, 
 2DIAGNOSTIC,    13, -5.283161396504e-01, 7.264279958302e-04, 2.2144e+00, 3.7430e-02, 
 2DIAGNOSTIC,    14, -5.288222943014e-01, 6.775650653629e-04, 2.2489e+00, 3.4466e-02, 
 2DIAGNOSTIC,    15, -5.289976644674e-01, 6.012605721151e-04, 2.2811e+00, 3.2239e-02, 
 2DIAGNOSTIC,    16, -5.298475160040e-01, 5.287514496989e-04, 2.3228e+00, 4.1720e-02, 
 2DIAGNOSTIC,    17, -5.313522084276e-01, 5.176188096763e-04, 2.3602e+00, 3.7353e-02, 
 2DIAGNOSTIC,    18, -5.317211725705e-01, 4.916455603062e-04, 2.3949e+00, 3.4730e-02, 
 2DIAGNOSTIC,    19, -5.322490363339e-01, 4.569571033749e-04, 2.4357e+00, 4.0811e-02, 
 2DIAGNOSTIC,    20, -5.323376674766e-01, 3.940983198117e-04, 2.4669e+00, 3.1179e-02, 
 2DIAGNOSTIC,    21, -5.325910045786e-01, 3.171256102888e-04, 2.5030e+00, 3.6074e-02, 
 2DIAGNOSTIC,    22, -5.334985848426e-01, 2.960183606577e-04, 2.5378e+00, 3.4886e-02, 
 2DIAGNOSTIC,    23, -5.343211072612e-01, 2.806749573956e-04, 2.5764e+00, 3.8566e-02, 
 2DIAGNOSTIC,    24, -5.358630369291e-01, 2.866868662947e-04, 2.6219e+00, 4.5512e-02, 
 2DIAGNOSTIC,    25, -5.371557339185e-01, 2.965270690697e-04, 2.6525e+00, 3.0547e-02, 
 2DIAGNOSTIC,    26, -5.417050234273e-01, 3.886281342202e-04, 2.6840e+00, 3.1534e-02, 
 2DIAGNOSTIC,    27, -5.441672507225e-01, 5.139742615198e-04, 2.7157e+00, 3.1698e-02, 
 2DIAGNOSTIC,    28, -5.460267605013e-01, 6.239337804935e-04, 2.7736e+00, 5.7920e-02, 
 2DIAGNOSTIC,    29, -5.461989930653e-01, 6.808599821508e-04, 2.8046e+00, 3.0951e-02, 
 2DIAGNOSTIC,    30, -5.466571281805e-01, 6.799533810476e-04, 2.8360e+00, 3.1461e-02, 
 2DIAGNOSTIC,    31, -5.471285600984e-01, 6.263264081564e-04, 2.8665e+00, 3.0465e-02, 
 2DIAGNOSTIC,    32, -5.476343041425e-01, 5.396451923458e-04, 2.8974e+00, 3.0867e-02, 
 2DIAGNOSTIC,    33, -5.481583174113e-01, 4.291657960436e-04, 2.9291e+00, 3.1704e-02, 
 2DIAGNOSTIC,    34, -5.484981277788e-01, 3.150071327804e-04, 2.9599e+00, 3.0816e-02, 
 2DIAGNOSTIC,    35, -5.489985707399e-01, 2.039098671294e-04, 2.9918e+00, 3.1961e-02, 
 2DIAGNOSTIC,    36, -5.493541049014e-01, 1.516057226223e-04, 3.0343e+00, 4.2464e-02, 
 2DIAGNOSTIC,    37, -5.498299722319e-01, 1.293679940392e-04, 3.0667e+00, 3.2374e-02, 
 2DIAGNOSTIC,    38, -5.501769925539e-01, 1.269262418773e-04, 3.1020e+00, 3.5281e-02, 
 2DIAGNOSTIC,    39, -5.526637750776e-01, 1.487320196797e-04, 3.1598e+00, 5.7843e-02, 
 2DIAGNOSTIC,    40, -5.540452281748e-01, 1.788123080463e-04, 3.1894e+00, 2.9611e-02, 
 2DIAGNOSTIC,    41, -5.572653919486e-01, 2.379284936454e-04, 3.2217e+00, 3.2244e-02, 
 2DIAGNOSTIC,    42, -5.592768614695e-01, 3.026239515396e-04, 3.2525e+00, 3.0877e-02, 
 2DIAGNOSTIC,    43, -5.601022155674e-01, 3.518383016172e-04, 3.2850e+00, 3.2503e-02, 
 2DIAGNOSTIC,    44, -5.609637242544e-01, 3.796481141023e-04, 3.3272e+00, 4.2106e-02, 
 2DIAGNOSTIC,    45, -5.614259781106e-01, 3.809620419649e-04, 3.3575e+00, 3.0392e-02, 
 2DIAGNOSTIC,    46, -5.617533434881e-01, 3.534074272665e-04, 3.3958e+00, 3.8222e-02, 
 2DIAGNOSTIC,    47, -5.620744566676e-01, 3.023209439929e-04, 3.4264e+00, 3.0664e-02, 
 2DIAGNOSTIC,    48, -5.622851585699e-01, 2.304399865003e-04, 3.4569e+00, 3.0499e-02, 
 2DIAGNOSTIC,    49, -5.627299138910e-01, 1.712784750396e-04, 3.4987e+00, 4.1737e-02, 
 2DIAGNOSTIC,    50, -5.630383255567e-01, 1.152592866955e-04, 3.5326e+00, 3.3953e-02, 
 2DIAGNOSTIC,    51, -5.637084963273e-01, 9.019513066429e-05, 3.5636e+00, 3.0963e-02, 
 2DIAGNOSTIC,    52, -5.647145030478e-01, 8.780028121026e-05, 3.5939e+00, 3.0319e-02, 
 2DIAGNOSTIC,    53, -5.653952426700e-01, 9.169147526809e-05, 3.6248e+00, 3.0885e-02, 
 2DIAGNOSTIC,    54, -5.658659355841e-01, 9.952999396953e-05, 3.6675e+00, 4.2679e-02, 
 2DIAGNOSTIC,    55, -5.662264827009e-01, 1.054099043798e-04, 3.7011e+00, 3.3608e-02, 
 2DIAGNOSTIC,    56, -5.662980507292e-01, 1.046518280989e-04, 3.7357e+00, 3.4655e-02, 
 2DIAGNOSTIC,    57, -5.664921950985e-01, 9.858451096077e-05, 3.7719e+00, 3.6153e-02, 
 2DIAGNOSTIC,    58, -5.666456189328e-01, 8.647551915424e-05, 3.8067e+00, 3.4776e-02, 
 2DIAGNOSTIC,    59, -5.668966193966e-01, 7.272236861108e-05, 3.8450e+00, 3.8362e-02, 
 2DIAGNOSTIC,    60, -5.669904040034e-01, 5.595356611969e-05, 3.9026e+00, 5.7628e-02, 
 2DIAGNOSTIC,    61, -5.669848217834e-01, 3.999667970981e-05, 3.9373e+00, 3.4608e-02, 
 2DIAGNOSTIC,    62, -5.669793297819e-01, 2.913374280847e-05, 3.9710e+00, 3.3698e-02, 
 2DIAGNOSTIC,    63, -5.669964068974e-01, 2.155847987184e-05, 4.0178e+00, 4.6869e-02, 
 2DIAGNOSTIC,    64, -5.670128056881e-01, 1.606773425718e-05, 4.0632e+00, 4.5376e-02, 
 2DIAGNOSTIC,    65, -5.670208892768e-01, 1.220495494697e-05, 4.1008e+00, 3.7619e-02, 
 2DIAGNOSTIC,    66, -5.670181855037e-01, 7.882873329364e-06, 4.1470e+00, 4.6200e-02, 
 2DIAGNOSTIC,    67, -5.670120979643e-01, 4.446970466448e-06, 4.1829e+00, 3.5862e-02, 
 2DIAGNOSTIC,    68, -5.669814074574e-01, 1.624682174895e-06, 4.2148e+00, 3.1885e-02, 
DIAGNOSTIC,Iteration,metricValue,convergenceValue,ITERATION_TIME_INDEX,SINCE_LAST
 2DIAGNOSTIC,     1, -5.018726865886e-01, 1.797693134862e+308, 5.4031e+00, 1.1884e+00, 
 2DIAGNOSTIC,     2, -5.021208524892e-01, 1.797693134862e+308, 5.6976e+00, 2.9449e-01, 
 2DIAGNOSTIC,     3, -5.023807584787e-01, 1.797693134862e+308, 5.9738e+00, 2.7615e-01, 
 2DIAGNOSTIC,     4, -5.024713993443e-01, 1.797693134862e+308, 6.2983e+00, 3.2454e-01, 
 2DIAGNOSTIC,     5, -5.024655836648e-01, 1.797693134862e+308, 6.6150e+00, 3.1669e-01, 
 2DIAGNOSTIC,     6, -5.024746052951e-01, 1.797693134862e+308, 6.9038e+00, 2.8879e-01, 
 2DIAGNOSTIC,     7, -5.024807190349e-01, 1.797693134862e+308, 7.2254e+00, 3.2158e-01, 
 2DIAGNOSTIC,     8, -5.024869253031e-01, 1.797693134862e+308, 7.4853e+00, 2.5989e-01, 
 2DIAGNOSTIC,     9, -5.025066138819e-01, 1.797693134862e+308, 7.7793e+00, 2.9400e-01, 
 2DIAGNOSTIC,    10, -5.025097213513e-01, 6.283244650847e-05, 8.0375e+00, 2.5826e-01, 
 2DIAGNOSTIC,    11, -5.025108938218e-01, 3.058133284516e-05, 8.2847e+00, 2.4713e-01, 
 2DIAGNOSTIC,    12, -5.025103080431e-01, 1.259882465049e-05, 8.5322e+00, 2.4751e-01, 
 2DIAGNOSTIC,    13, -5.025096531054e-01, 7.651615345966e-06, 8.8740e+00, 3.4181e-01, 
 2DIAGNOSTIC,    14, -5.025135090456e-01, 6.758436875309e-06, 9.1831e+00, 3.0917e-01, 
 2DIAGNOSTIC,    15, -5.025129145716e-01, 5.320192515604e-06, 9.4918e+00, 3.0870e-01, 
 2DIAGNOSTIC,    16, -5.025123185418e-01, 4.074911998331e-06, 9.8135e+00, 3.2165e-01, 
 2DIAGNOSTIC,    17, -5.025101174811e-01, 2.920622828903e-06, 1.0099e+01, 2.8600e-01, 
 2DIAGNOSTIC,    18, -5.025094625746e-01, 1.957583124518e-06, 1.0402e+01, 3.0218e-01, 
 2DIAGNOSTIC,    19, -5.025088777540e-01, 1.642230017425e-06, 1.0735e+01, 3.3332e-01, 
 2DIAGNOSTIC,    20, -5.025083292887e-01, 1.431504969618e-06, 1.1031e+01, 2.9597e-01, 
 2DIAGNOSTIC,    21, -5.025087986882e-01, 1.302339848248e-06, 1.1358e+01, 3.2711e-01, 
 2DIAGNOSTIC,    22, -5.025099325455e-01, 1.220604001519e-06, 1.1659e+01, 3.0111e-01, 
 2DIAGNOSTIC,    23, -5.025103044693e-01, 1.156627375140e-06, 1.1980e+01, 3.2107e-01, 
 2DIAGNOSTIC,    24, -5.025098450435e-01, 1.199249492746e-06, 1.2385e+01, 4.0511e-01, 
 2DIAGNOSTIC,    25, -5.025092154296e-01, 1.223207383286e-06, 1.2684e+01, 2.9850e-01, 
 2DIAGNOSTIC,    26, -5.025070160724e-01, 1.190325697349e-06, 1.2936e+01, 2.5249e-01, 
 2DIAGNOSTIC,    27, -5.025082832771e-01, 1.144040354846e-06, 1.3231e+01, 2.9424e-01, 
 2DIAGNOSTIC,    28, -5.025105360346e-01, 1.135272834692e-06, 1.3540e+01, 3.0970e-01, 
 2DIAGNOSTIC,    29, -5.025127447142e-01, 1.158155874932e-06, 1.3864e+01, 3.2335e-01, 
 2DIAGNOSTIC,    30, -5.025132640775e-01, 1.173398531590e-06, 1.4117e+01, 2.5304e-01, 
 2DIAGNOSTIC,    31, -5.025113106747e-01, 1.150757172642e-06, 1.4424e+01, 3.0783e-01, 
 2DIAGNOSTIC,    32, -5.025107791132e-01, 1.129261085232e-06, 1.4765e+01, 3.4035e-01, 
 2DIAGNOSTIC,    33, -5.025101502082e-01, 1.090455539067e-06, 1.5060e+01, 2.9564e-01, 
 2DIAGNOSTIC,    34, -5.025112708739e-01, 1.052001399257e-06, 1.5394e+01, 3.3395e-01, 
 2DIAGNOSTIC,    35, -5.025122537031e-01, 1.011320506648e-06, 1.5686e+01, 2.9120e-01, 
DIAGNOSTIC,Iteration,metricValue,convergenceValue,ITERATION_TIME_INDEX,SINCE_LAST
 2DIAGNOSTIC,     1, -4.668402944652e-01, 1.797693134862e+308, 1.8325e+01, 2.6396e+00, 
 2DIAGNOSTIC,     2, -4.669709619679e-01, 1.797693134862e+308, 2.0176e+01, 1.8508e+00, 
 2DIAGNOSTIC,     3, -4.670406628246e-01, 1.797693134862e+308, 2.2045e+01, 1.8694e+00, 
 2DIAGNOSTIC,     4, -4.670850465319e-01, 1.797693134862e+308, 2.4945e+01, 2.8998e+00, 
 2DIAGNOSTIC,     5, -4.670847186710e-01, 1.797693134862e+308, 2.6729e+01, 1.7838e+00, 
 2DIAGNOSTIC,     6, -4.670847646691e-01, 1.797693134862e+308, 2.8559e+01, 1.8299e+00, 
 2DIAGNOSTIC,     7, -4.670844761991e-01, 1.797693134862e+308, 3.0710e+01, 2.1510e+00, 
 2DIAGNOSTIC,     8, -4.670842717719e-01, 1.797693134862e+308, 3.2549e+01, 1.8386e+00, 
 2DIAGNOSTIC,     9, -4.670839143570e-01, 1.797693134862e+308, 3.4722e+01, 2.1733e+00, 
 2DIAGNOSTIC,    10, -4.670839075406e-01, 2.585787956831e-05, 3.6672e+01, 1.9503e+00, 
 2DIAGNOSTIC,    11, -4.670838956811e-01, 1.117112321537e-05, 3.8671e+01, 1.9991e+00, 
 2DIAGNOSTIC,    12, -4.670837566926e-01, 4.734609825960e-06, 4.0387e+01, 1.7158e+00, 
 2DIAGNOSTIC,    13, -4.670836932503e-01, 2.300643069220e-06, 4.1893e+01, 1.5060e+00, 
 2DIAGNOSTIC,    14, -4.670838304152e-01, 2.163346260770e-06, 4.3629e+01, 1.7363e+00, 
 2DIAGNOSTIC,    15, -4.670838713490e-01, 2.042110288120e-06, 4.5318e+01, 1.6882e+00, 
 2DIAGNOSTIC,    16, -4.670838291126e-01, 1.943393667547e-06, 4.7247e+01, 1.9297e+00, 
 2DIAGNOSTIC,    17, -4.670838073765e-01, 1.849601491667e-06, 4.9070e+01, 1.8225e+00, 
 2DIAGNOSTIC,    18, -4.670837860090e-01, 1.760999245204e-06, 5.0815e+01, 1.7448e+00, 
 2DIAGNOSTIC,    19, -4.670837459942e-01, 1.669426498138e-06, 5.2788e+01, 1.9738e+00, 
 2DIAGNOSTIC,    20, -4.670837274153e-01, 1.586602101394e-06, 5.4477e+01, 1.6883e+00, 
 2DIAGNOSTIC,    21, -4.670837559740e-01, 1.512686970434e-06, 5.6340e+01, 1.8631e+00, 
 2DIAGNOSTIC,    22, -4.670837170085e-01, 1.440853202313e-06, 5.8070e+01, 1.7305e+00, 
 2DIAGNOSTIC,    23, -4.670837709090e-01, 1.375428467690e-06, 6.0012e+01, 1.9421e+00, 
 2DIAGNOSTIC,    24, -4.670836471688e-01, 1.316444853662e-06, 6.1714e+01, 1.7015e+00, 
 2DIAGNOSTIC,    25, -4.670835028553e-01, 1.260620294478e-06, 6.3321e+01, 1.6071e+00, 
 2DIAGNOSTIC,    26, -4.670835658010e-01, 1.210755664303e-06, 6.5113e+01, 1.7919e+00, 
 2DIAGNOSTIC,    27, -4.670835303185e-01, 1.164374277503e-06, 6.6703e+01, 1.5901e+00, 
 2DIAGNOSTIC,    28, -4.670833520007e-01, 1.118280066187e-06, 6.8665e+01, 1.9618e+00, 
 2DIAGNOSTIC,    29, -4.670833893106e-01, 1.077166806168e-06, 7.0626e+01, 1.9611e+00, 
 2DIAGNOSTIC,    30, -4.670834040871e-01, 1.040554359705e-06, 7.2504e+01, 1.8786e+00, 
 2DIAGNOSTIC,    31, -4.670833310378e-01, 1.007236624585e-06, 7.4294e+01, 1.7898e+00, 
  Elapsed time (stage 0): 7.5246e+01


Total elapsed time: 7.5248e+01
Info [verificarlo]: loaded backend libinterflop_ieee.so
Info [interflop-ieee]: load backend with:
Info [interflop-ieee]: debug = false
Info [interflop-ieee]: debug-binary = false
Info [interflop-ieee]: no-backend-name = false
Info [interflop-ieee]: print-new-line = false
Info [interflop-ieee]: print-subnormal-normalized = false
Info [interflop-ieee]: count-op = false
All_Command_lines_OK
Using double precision for computations.
=============================================================================
The composite transform comprises the following transforms (in order): 
  1. /home/mdugre/scratch/mri-registration-rp/datasets/ds004513/derivatives/mri-registration-rp/0001/antsRegistration-r7-p6/sub-s032/rigid_Composite.h5[0] (type = Euler3DTransform)
  2. /home/mdugre/scratch/mri-registration-rp/datasets/ds004513/derivatives/mri-registration-rp/0001/antsRegistration-r7-p6/sub-s032/rigid_Composite.h5[1] (type = Euler3DTransform)
  3. /home/mdugre/scratch/mri-registration-rp/datasets/ds004513/derivatives/mri-registration-rp/0001/antsRegistration-r7-p6/sub-s032/rigid_Composite.h5[2] (type = Euler3DTransform)
=============================================================================
  number of levels = 4
  fixed image: /templateflow/tpl-MNI152NLin2009cAsym/tpl-MNI152NLin2009cAsym_res-01_desc-brain_T1w.nii.gz
  moving image: /home/mdugre/scratch/mri-registration-rp/datasets/ds004513/derivatives/mri-registration-rp/antsBrainExtraction/sub-s032/BrainExtractionBrain.nii.gz
Dimension = 3
Number of stages = 1
Use histogram matching = false
Winsorize image intensities = true
  Lower quantile = 0.005
  Upper quantile = 0.995


Stage 1 State
   Image metric = MattesMI
     Fixed image = Image (0x44f4530)
  RTTI typeinfo:   itk::Image<double, 3u>
  Reference Count: 2
  Modified Time: 1592
  Debug: Off
  Object Name: 
  Observers: 
    none
  Source: (none)
  Source output name: (none)
  Release Data: Off
  Data Released: False
  Global Release Data: Off
  PipelineMTime: 0
  UpdateMTime: 1203
  RealTimeStamp: 0 seconds 
  LargestPossibleRegion: 
    Dimension: 3
    Index: [0, 0, 0]
    Size: [193, 229, 193]
  BufferedRegion: 
    Dimension: 3
    Index: [0, 0, 0]
    Size: [193, 229, 193]
  RequestedRegion: 
    Dimension: 3
    Index: [0, 0, 0]
    Size: [193, 229, 193]
  Spacing: [1, 1, 1]
  Origin: [96, 132, -78]
  Direction: 
-1 0 0
0 -1 0
0 0 1

  IndexToPointMatrix: 
-1 0 0
0 -1 0
0 0 1

  PointToIndexMatrix: 
-1 0 0
0 -1 0
0 0 1

  Inverse Direction: 
-1 0 0
0 -1 0
0 0 1

  PixelContainer: 
    ImportImageContainer (0x45ad2a0)
      RTTI typeinfo:   itk::ImportImageContainer<unsigned long, double>
      Reference Count: 1
      Modified Time: 1200
      Debug: Off
      Object Name: 
      Observers: 
        none
      Pointer: 0x146db2b29010
      Container manages memory: true
      Size: 8530021
      Capacity: 8530021

     Moving image = Image (0x45afe60)
  RTTI typeinfo:   itk::Image<double, 3u>
  Reference Count: 2
  Modified Time: 1593
  Debug: Off
  Object Name: 
  Observers: 
    none
  Source: (none)
  Source output name: (none)
  Release Data: Off
  Data Released: False
  Global Release Data: Off
  PipelineMTime: 0
  UpdateMTime: 1590
  RealTimeStamp: 0 seconds 
  LargestPossibleRegion: 
    Dimension: 3
    Index: [0, 0, 0]
    Size: [160, 240, 256]
  BufferedRegion: 
    Dimension: 3
    Index: [0, 0, 0]
    Size: [160, 240, 256]
  RequestedRegion: 
    Dimension: 3
    Index: [0, 0, 0]
    Size: [160, 240, 256]
  Spacing: [1, 1, 1]
  Origin: [73.279, 104.707, -131.187]
  Direction: 
-0.997527 0.0645574 -0.0278053
-0.0645323 -0.997914 -0.00179875
-0.0278634 4.01097e-08 0.999612

  IndexToPointMatrix: 
-0.997527 0.0645574 -0.0278053
-0.0645323 -0.997914 -0.00179875
-0.0278634 4.01097e-08 0.999612

  PointToIndexMatrix: 
-0.997527 -0.0645323 -0.0278634
0.0645574 -0.997914 4.01049e-08
-0.0278053 -0.00179875 0.999612

  Inverse Direction: 
-0.997527 -0.0645323 -0.0278634
0.0645574 -0.997914 4.01049e-08
-0.0278053 -0.00179875 0.999612

  PixelContainer: 
    ImportImageContainer (0x45e3390)
      RTTI typeinfo:   itk::ImportImageContainer<unsigned long, double>
      Reference Count: 1
      Modified Time: 1587
      Debug: Off
      Object Name: 
      Observers: 
        none
      Pointer: 0x146dae028010
      Container manages memory: true
      Size: 9830400
      Capacity: 9830400

     Weighting = 1
     Sampling strategy = regular
     Number of bins = 32
     Radius = 4
     Sampling percentage  = 0.25
   Transform = Affine
     Gradient step = 0.1
     Update field sigma (voxel space) = 0
     Total field sigma (voxel space) = 0
     Update field time sigma = 0
     Total field time sigma  = 0
     Number of time indices = 0
     Number of time point samples = 0
Registration using 1 total stages.

Stage 0
  iterations = 1000x500x250x100
  convergence threshold = 1e-06
  convergence window size = 10
  number of levels = 4
  using the Mattes MI metric (number of bins = 32, weight = 1, use gradient filter = 0)
  preprocessing:  winsorizing the image intensities
  Shrink factors (level 1 out of 4): [8, 8, 8]
  Shrink factors (level 2 out of 4): [4, 4, 4]
  Shrink factors (level 3 out of 4): [2, 2, 2]
  Shrink factors (level 4 out of 4): [1, 1, 1]
  smoothing sigmas per level: [3, 2, 1, 0]
  regular sampling (percentage = 0.25)

*** Running AffineTransform registration ***

DIAGNOSTIC,Iteration,metricValue,convergenceValue,ITERATION_TIME_INDEX,SINCE_LAST
 2DIAGNOSTIC,     1, -6.853641674779e-01, 1.797693134862e+308, 7.0448e-01, 7.0448e-01, 
 2DIAGNOSTIC,     2, -6.872781690149e-01, 1.797693134862e+308, 7.0971e-01, 5.2230e-03, 
 2DIAGNOSTIC,     3, -6.902609321439e-01, 1.797693134862e+308, 7.1501e-01, 5.3031e-03, 
 2DIAGNOSTIC,     4, -6.996684859097e-01, 1.797693134862e+308, 7.2036e-01, 5.3480e-03, 
 2DIAGNOSTIC,     5, -7.075591433912e-01, 1.797693134862e+308, 7.2533e-01, 4.9732e-03, 
 2DIAGNOSTIC,     6, -7.199114178122e-01, 1.797693134862e+308, 7.3108e-01, 5.7480e-03, 
 2DIAGNOSTIC,     7, -7.241089772801e-01, 1.797693134862e+308, 7.3739e-01, 6.3090e-03, 
 2DIAGNOSTIC,     8, -7.278204147580e-01, 1.797693134862e+308, 7.4535e-01, 7.9629e-03, 
 2DIAGNOSTIC,     9, -7.300687080582e-01, 1.797693134862e+308, 7.5100e-01, 5.6431e-03, 
 2DIAGNOSTIC,    10, -7.329547732818e-01, 4.995182704343e-03, 7.5653e-01, 5.5389e-03, 
 2DIAGNOSTIC,    11, -7.342165610250e-01, 4.198775299545e-03, 7.6277e-01, 6.2399e-03, 
 2DIAGNOSTIC,    12, -7.365344416490e-01, 3.304910615817e-03, 7.7121e-01, 8.4310e-03, 
 2DIAGNOSTIC,    13, -7.370265919551e-01, 2.358958705789e-03, 7.7739e-01, 6.1851e-03, 
 2DIAGNOSTIC,    14, -7.375933381380e-01, 1.619092246167e-03, 7.8433e-01, 6.9420e-03, 
 2DIAGNOSTIC,    15, -7.387318309993e-01, 1.063516868873e-03, 7.9142e-01, 7.0910e-03, 
 2DIAGNOSTIC,    16, -7.389356961081e-01, 7.891279713323e-04, 7.9910e-01, 7.6721e-03, 
 2DIAGNOSTIC,    17, -7.394872653699e-01, 5.840397630973e-04, 8.0659e-01, 7.4928e-03, 
 2DIAGNOSTIC,    18, -7.395632249862e-01, 4.308193015089e-04, 8.1330e-01, 6.7091e-03, 
 2DIAGNOSTIC,    19, -7.396913323778e-01, 3.027293522881e-04, 8.1880e-01, 5.5039e-03, 
 2DIAGNOSTIC,    20, -7.398131605866e-01, 2.184742204586e-04, 8.2486e-01, 6.0549e-03, 
 2DIAGNOSTIC,    21, -7.399888312083e-01, 1.479016356550e-04, 8.3293e-01, 8.0779e-03, 
 2DIAGNOSTIC,    22, -7.399046144066e-01, 1.099693638199e-04, 8.3802e-01, 5.0869e-03, 
 2DIAGNOSTIC,    23, -7.400070523850e-01, 7.542824614230e-05, 8.4332e-01, 5.3010e-03, 
 2DIAGNOSTIC,    24, -7.402267293384e-01, 4.928431793168e-05, 8.4896e-01, 5.6369e-03, 
 2DIAGNOSTIC,    25, -7.402691421701e-01, 3.910633077087e-05, 8.5419e-01, 5.2321e-03, 
 2DIAGNOSTIC,    26, -7.402945062233e-01, 2.942019373110e-05, 8.5922e-01, 5.0290e-03, 
 2DIAGNOSTIC,    27, -7.402142634598e-01, 2.469567058046e-05, 8.6623e-01, 7.0071e-03, 
 2DIAGNOSTIC,    28, -7.402902892444e-01, 2.023912235282e-05, 8.7184e-01, 5.6138e-03, 
 2DIAGNOSTIC,    29, -7.403767748418e-01, 1.704619788728e-05, 8.7701e-01, 5.1670e-03, 
 2DIAGNOSTIC,    30, -7.404264189435e-01, 1.467457183665e-05, 8.8261e-01, 5.6040e-03, 
 2DIAGNOSTIC,    31, -7.405558090216e-01, 1.510087837637e-05, 8.8782e-01, 5.2040e-03, 
 2DIAGNOSTIC,    32, -7.403851411600e-01, 1.106498039116e-05, 8.9467e-01, 6.8591e-03, 
 2DIAGNOSTIC,    33, -7.406553707038e-01, 1.072289460813e-05, 9.0034e-01, 5.6639e-03, 
 2DIAGNOSTIC,    34, -7.404785676792e-01, 9.831570856364e-06, 9.0536e-01, 5.0180e-03, 
 2DIAGNOSTIC,    35, -7.405014777125e-01, 8.911480157438e-06, 9.1112e-01, 5.7669e-03, 
 2DIAGNOSTIC,    36, -7.405174701707e-01, 7.778667110468e-06, 9.1639e-01, 5.2710e-03, 
 2DIAGNOSTIC,    37, -7.407306892891e-01, 7.427556846049e-06, 9.2225e-01, 5.8551e-03, 
 2DIAGNOSTIC,    38, -7.407547578463e-01, 7.406240683787e-06, 9.2928e-01, 7.0338e-03, 
 2DIAGNOSTIC,    39, -7.408611333740e-01, 8.694304878553e-06, 9.3447e-01, 5.1820e-03, 
 2DIAGNOSTIC,    40, -7.408717008602e-01, 9.747044050819e-06, 9.4082e-01, 6.3529e-03, 
 2DIAGNOSTIC,    41, -7.408859974616e-01, 1.130617752935e-05, 9.4613e-01, 5.3132e-03, 
 2DIAGNOSTIC,    42, -7.408932746499e-01, 1.016800225674e-05, 9.5186e-01, 5.7271e-03, 
 2DIAGNOSTIC,    43, -7.409179754388e-01, 1.088209078913e-05, 9.5698e-01, 5.1222e-03, 
 2DIAGNOSTIC,    44, -7.408294763131e-01, 8.263690815809e-06, 9.6212e-01, 5.1360e-03, 
 2DIAGNOSTIC,    45, -7.408671385341e-01, 5.605721153996e-06, 9.6790e-01, 5.7862e-03, 
 2DIAGNOSTIC,    46, -7.409753009748e-01, 3.590578519355e-06, 9.7442e-01, 6.5210e-03, 
 2DIAGNOSTIC,    47, -7.407876038423e-01, 1.566111807270e-06, 9.8022e-01, 5.8000e-03, 
DIAGNOSTIC,Iteration,metricValue,convergenceValue,ITERATION_TIME_INDEX,SINCE_LAST
 2DIAGNOSTIC,     1, -5.964259582947e-01, 1.797693134862e+308, 1.7355e+00, 7.5527e-01, 
 2DIAGNOSTIC,     2, -5.968683129842e-01, 1.797693134862e+308, 1.7705e+00, 3.4980e-02, 
 2DIAGNOSTIC,     3, -5.973621521018e-01, 1.797693134862e+308, 1.8060e+00, 3.5487e-02, 
 2DIAGNOSTIC,     4, -5.978340776868e-01, 1.797693134862e+308, 1.8430e+00, 3.7075e-02, 
 2DIAGNOSTIC,     5, -5.983702183844e-01, 1.797693134862e+308, 1.8840e+00, 4.0938e-02, 
 2DIAGNOSTIC,     6, -5.984949170197e-01, 1.797693134862e+308, 1.9224e+00, 3.8471e-02, 
 2DIAGNOSTIC,     7, -5.987621030992e-01, 1.797693134862e+308, 1.9591e+00, 3.6638e-02, 
 2DIAGNOSTIC,     8, -5.992537211534e-01, 1.797693134862e+308, 1.9972e+00, 3.8086e-02, 
 2DIAGNOSTIC,     9, -6.002850727030e-01, 1.797693134862e+308, 2.0529e+00, 5.5691e-02, 
 2DIAGNOSTIC,    10, -6.004367469438e-01, 4.200646605072e-04, 2.0930e+00, 4.0163e-02, 
 2DIAGNOSTIC,    11, -6.007669815046e-01, 3.810808475826e-04, 2.1314e+00, 3.8392e-02, 
 2DIAGNOSTIC,    12, -6.017385699169e-01, 3.706943192412e-04, 2.1681e+00, 3.6686e-02, 
 2DIAGNOSTIC,    13, -6.057239773154e-01, 4.904499882558e-04, 2.2397e+00, 7.1597e-02, 
 2DIAGNOSTIC,    14, -6.056695376556e-01, 5.585017111209e-04, 2.2867e+00, 4.6950e-02, 
 2DIAGNOSTIC,    15, -6.056759127511e-01, 5.858399078994e-04, 2.3277e+00, 4.1098e-02, 
 2DIAGNOSTIC,    16, -6.056724658649e-01, 5.618747711284e-04, 2.3772e+00, 4.9498e-02, 
 2DIAGNOSTIC,    17, -6.056587285134e-01, 4.953815770248e-04, 2.4197e+00, 4.2423e-02, 
 2DIAGNOSTIC,    18, -6.056513310541e-01, 4.010497366858e-04, 2.4538e+00, 3.4106e-02, 
 2DIAGNOSTIC,    19, -6.056443089194e-01, 3.052464094921e-04, 2.4910e+00, 3.7207e-02, 
 2DIAGNOSTIC,    20, -6.056288900506e-01, 1.956969668843e-04, 2.5252e+00, 3.4244e-02, 
 2DIAGNOSTIC,    21, -6.056346106135e-01, 8.656843886659e-05, 2.5639e+00, 3.8687e-02, 
DIAGNOSTIC,Iteration,metricValue,convergenceValue,ITERATION_TIME_INDEX,SINCE_LAST
 2DIAGNOSTIC,     1, -5.402515886600e-01, 1.797693134862e+308, 3.7725e+00, 1.2086e+00, 
 2DIAGNOSTIC,     2, -5.405223995103e-01, 1.797693134862e+308, 4.0896e+00, 3.1712e-01, 
 2DIAGNOSTIC,     3, -5.409659405249e-01, 1.797693134862e+308, 4.3880e+00, 2.9841e-01, 
 2DIAGNOSTIC,     4, -5.415834336539e-01, 1.797693134862e+308, 4.6705e+00, 2.8249e-01, 
 2DIAGNOSTIC,     5, -5.427017814326e-01, 1.797693134862e+308, 5.0760e+00, 4.0551e-01, 
 2DIAGNOSTIC,     6, -5.427067381706e-01, 1.797693134862e+308, 5.4182e+00, 3.4219e-01, 
 2DIAGNOSTIC,     7, -5.428681455263e-01, 1.797693134862e+308, 5.7388e+00, 3.2064e-01, 
 2DIAGNOSTIC,     8, -5.433053213195e-01, 1.797693134862e+308, 6.1625e+00, 4.2364e-01, 
 2DIAGNOSTIC,     9, -5.434269393748e-01, 1.797693134862e+308, 6.4713e+00, 3.0882e-01, 
 2DIAGNOSTIC,    10, -5.435529864857e-01, 4.268282081574e-04, 6.7849e+00, 3.1359e-01, 
 2DIAGNOSTIC,    11, -5.439170023952e-01, 3.486396300694e-04, 7.1192e+00, 3.3430e-01, 
 2DIAGNOSTIC,    12, -5.448246101032e-01, 3.040018939537e-04, 7.5491e+00, 4.2986e-01, 
 2DIAGNOSTIC,    13, -5.449876900523e-01, 2.621950735913e-04, 8.0881e+00, 5.3902e-01, 
 2DIAGNOSTIC,    14, -5.449867014922e-01, 2.250534800285e-04, 8.4507e+00, 3.6258e-01, 
 2DIAGNOSTIC,    15, -5.449841410768e-01, 2.122399589752e-04, 8.8016e+00, 3.5092e-01, 
 2DIAGNOSTIC,    16, -5.449772731136e-01, 1.815545323932e-04, 9.2379e+00, 4.3635e-01, 
 2DIAGNOSTIC,    17, -5.449748646625e-01, 1.420513504044e-04, 9.5963e+00, 3.5842e-01, 
 2DIAGNOSTIC,    18, -5.449743858842e-01, 1.066279110616e-04, 9.9531e+00, 3.5679e-01, 
 2DIAGNOSTIC,    19, -5.449729028853e-01, 6.894448943846e-05, 1.0332e+01, 3.7903e-01, 
 2DIAGNOSTIC,    20, -5.449702398677e-01, 3.210019559488e-05, 1.0732e+01, 3.9986e-01, 
 2DIAGNOSTIC,    21, -5.449685751206e-01, 4.358890025383e-06, 1.1116e+01, 3.8382e-01, 
