
##########################
# Experiment information #
##########################

EXPERIMENT_NAME: antsRegistration-r8-p19
VFC_BACKENDS: libinterflop_vprec.so --range-binary32=8 --precision-binary32=19 --range-binary64=8 --precision-binary64=19

SIF_IMG: /home/mdugre/projects/rrg-glatard/mdugre/containers/ants-vprec-no_metrics.simg

SUBJECT_ID: s020
INPUT_IMG: /home/mdugre/scratch/mri-registration-rp/datasets/ds004513/derivatives/mri-registration-rp/antsBrainExtraction/sub-s020/BrainExtractionBrain.nii.gz
OUTPUT_DIR: /home/mdugre/scratch/mri-registration-rp/datasets/ds004513/derivatives/mri-registration-rp/0001/antsRegistration-r8-p19/sub-s020

FIXED_IMG: /templateflow/tpl-MNI152NLin2009cAsym/tpl-MNI152NLin2009cAsym_res-01_desc-brain_T1w.nii.gz
DATA_DIR: /home/mdugre/scratch/mri-registration-rp/datasets/ds004513
TEMPLATEFLOW_DIR: /home/mdugre/projects/rrg-glatard/mdugre/templateflow
ITK_GLOBAL_DEFAULT_NUMBER_OF_THREADS: 16
##########################

Info [verificarlo]: loaded backend libinterflop_ieee.so
Info [interflop-ieee]: load backend with:
Info [interflop-ieee]: debug = false
Info [interflop-ieee]: debug-binary = false
Info [interflop-ieee]: no-backend-name = false
Info [interflop-ieee]: print-new-line = false
Info [interflop-ieee]: print-subnormal-normalized = false
Info [interflop-ieee]: count-op = false
All_Command_lines_OK
Using double precision for computations.
=============================================================================
The composite transform comprises the following transforms (in order): 
  1. Center of mass alignment using fixed image: /templateflow/tpl-MNI152NLin2009cAsym/tpl-MNI152NLin2009cAsym_res-01_desc-brain_T1w.nii.gz and moving image: /home/mdugre/scratch/mri-registration-rp/datasets/ds004513/derivatives/mri-registration-rp/antsBrainExtraction/sub-s020/BrainExtractionBrain.nii.gz (type = Euler3DTransform)
=============================================================================
  number of levels = 1
  fixed image: /templateflow/tpl-MNI152NLin2009cAsym/tpl-MNI152NLin2009cAsym_res-01_desc-brain_T1w.nii.gz
  moving image: /home/mdugre/scratch/mri-registration-rp/datasets/ds004513/derivatives/mri-registration-rp/antsBrainExtraction/sub-s020/BrainExtractionBrain.nii.gz
Dimension = 3
Number of stages = 1
Use histogram matching = false
Winsorize image intensities = true
  Lower quantile = 0.005
  Upper quantile = 0.995


Stage 1 State
   Image metric = MattesMI
     Fixed image = Image (0x4ca3e70)
  RTTI typeinfo:   itk::Image<double, 3u>
  Reference Count: 2
  Modified Time: 2334
  Debug: Off
  Object Name: 
  Observers: 
    none
  Source: (none)
  Source output name: (none)
  Release Data: Off
  Data Released: False
  Global Release Data: Off
  PipelineMTime: 0
  UpdateMTime: 1943
  RealTimeStamp: 0 seconds 
  LargestPossibleRegion: 
    Dimension: 3
    Index: [0, 0, 0]
    Size: [193, 229, 193]
  BufferedRegion: 
    Dimension: 3
    Index: [0, 0, 0]
    Size: [193, 229, 193]
  RequestedRegion: 
    Dimension: 3
    Index: [0, 0, 0]
    Size: [193, 229, 193]
  Spacing: [1, 1, 1]
  Origin: [96, 132, -78]
  Direction: 
-1 0 0
0 -1 0
0 0 1

  IndexToPointMatrix: 
-1 0 0
0 -1 0
0 0 1

  PointToIndexMatrix: 
-1 0 0
0 -1 0
0 0 1

  Inverse Direction: 
-1 0 0
0 -1 0
0 0 1

  PixelContainer: 
    ImportImageContainer (0x4cacc60)
      RTTI typeinfo:   itk::ImportImageContainer<unsigned long, double>
      Reference Count: 1
      Modified Time: 1940
      Debug: Off
      Object Name: 
      Observers: 
        none
      Pointer: 0x14684ff9e010
      Container manages memory: true
      Size: 8530021
      Capacity: 8530021

     Moving image = Image (0x4caf610)
  RTTI typeinfo:   itk::Image<double, 3u>
  Reference Count: 2
  Modified Time: 2335
  Debug: Off
  Object Name: 
  Observers: 
    none
  Source: (none)
  Source output name: (none)
  Release Data: Off
  Data Released: False
  Global Release Data: Off
  PipelineMTime: 0
  UpdateMTime: 2332
  RealTimeStamp: 0 seconds 
  LargestPossibleRegion: 
    Dimension: 3
    Index: [0, 0, 0]
    Size: [160, 240, 256]
  BufferedRegion: 
    Dimension: 3
    Index: [0, 0, 0]
    Size: [160, 240, 256]
  RequestedRegion: 
    Dimension: 3
    Index: [0, 0, 0]
    Size: [160, 240, 256]
  Spacing: [0.999995, 1, 1]
  Origin: [87.0906, 98.7205, -152.377]
  Direction: 
-0.996975 0.0261379 -0.0731913
-0.0260677 -0.999658 -0.00191374
-0.0732163 -2.46403e-08 0.997316

  IndexToPointMatrix: 
-0.996971 0.0261379 -0.0731913
-0.0260676 -0.999658 -0.00191374
-0.0732159 -2.46403e-08 0.997316

  PointToIndexMatrix: 
-0.99698 -0.0260679 -0.0732166
0.0261379 -0.999658 -2.46993e-08
-0.0731913 -0.00191374 0.997316

  Inverse Direction: 
-0.996975 -0.0260677 -0.0732163
0.0261379 -0.999658 -2.46993e-08
-0.0731913 -0.00191374 0.997316

  PixelContainer: 
    ImportImageContainer (0x4d48ef0)
      RTTI typeinfo:   itk::ImportImageContainer<unsigned long, double>
      Reference Count: 1
      Modified Time: 2329
      Debug: Off
      Object Name: 
      Observers: 
        none
      Pointer: 0x14684b49d010
      Container manages memory: true
      Size: 9830400
      Capacity: 9830400

     Weighting = 1
     Sampling strategy = regular
     Number of bins = 32
     Radius = 4
     Sampling percentage  = 0.25
   Transform = Rigid
     Gradient step = 0.1
     Update field sigma (voxel space) = 0
     Total field sigma (voxel space) = 0
     Update field time sigma = 0
     Total field time sigma  = 0
     Number of time indices = 0
     Number of time point samples = 0
Registration using 1 total stages.

Stage 0
  iterations = 0
  convergence threshold = 1e-06
  convergence window size = 10
  number of levels = 1
  using the Mattes MI metric (number of bins = 32, weight = 1, use gradient filter = 0)
  preprocessing:  winsorizing the image intensities
  Shrink factors (level 1 out of 1): [1, 1, 1]
  smoothing sigmas per level: [0]
  regular sampling (percentage = 0.25)

*** Running Euler3DTransform registration ***

  Elapsed time (stage 0): 1.12558


Total elapsed time: 1.1278
Info [verificarlo]: loaded backend libinterflop_ieee.so
Info [interflop-ieee]: load backend with:
Info [interflop-ieee]: debug = false
Info [interflop-ieee]: debug-binary = false
Info [interflop-ieee]: no-backend-name = false
Info [interflop-ieee]: print-new-line = false
Info [interflop-ieee]: print-subnormal-normalized = false
Info [interflop-ieee]: count-op = false
All_Command_lines_OK
Using double precision for computations.
=============================================================================
The composite transform comprises the following transforms (in order): 
  1. /home/mdugre/scratch/mri-registration-rp/datasets/ds004513/derivatives/mri-registration-rp/0001/antsRegistration-r8-p19/sub-s020/align_Composite.h5[0] (type = Euler3DTransform)
  2. /home/mdugre/scratch/mri-registration-rp/datasets/ds004513/derivatives/mri-registration-rp/0001/antsRegistration-r8-p19/sub-s020/align_Composite.h5[1] (type = Euler3DTransform)
=============================================================================
  number of levels = 4
  fixed image: /templateflow/tpl-MNI152NLin2009cAsym/tpl-MNI152NLin2009cAsym_res-01_desc-brain_T1w.nii.gz
  moving image: /home/mdugre/scratch/mri-registration-rp/datasets/ds004513/derivatives/mri-registration-rp/antsBrainExtraction/sub-s020/BrainExtractionBrain.nii.gz
Dimension = 3
Number of stages = 1
Use histogram matching = false
Winsorize image intensities = true
  Lower quantile = 0.005
  Upper quantile = 0.995


Stage 1 State
   Image metric = MattesMI
     Fixed image = Image (0x49e5530)
  RTTI typeinfo:   itk::Image<double, 3u>
  Reference Count: 2
  Modified Time: 1580
  Debug: Off
  Object Name: 
  Observers: 
    none
  Source: (none)
  Source output name: (none)
  Release Data: Off
  Data Released: False
  Global Release Data: Off
  PipelineMTime: 0
  UpdateMTime: 1189
  RealTimeStamp: 0 seconds 
  LargestPossibleRegion: 
    Dimension: 3
    Index: [0, 0, 0]
    Size: [193, 229, 193]
  BufferedRegion: 
    Dimension: 3
    Index: [0, 0, 0]
    Size: [193, 229, 193]
  RequestedRegion: 
    Dimension: 3
    Index: [0, 0, 0]
    Size: [193, 229, 193]
  Spacing: [1, 1, 1]
  Origin: [96, 132, -78]
  Direction: 
-1 0 0
0 -1 0
0 0 1

  IndexToPointMatrix: 
-1 0 0
0 -1 0
0 0 1

  PointToIndexMatrix: 
-1 0 0
0 -1 0
0 0 1

  Inverse Direction: 
-1 0 0
0 -1 0
0 0 1

  PixelContainer: 
    ImportImageContainer (0x4aa3d60)
      RTTI typeinfo:   itk::ImportImageContainer<unsigned long, double>
      Reference Count: 1
      Modified Time: 1186
      Debug: Off
      Object Name: 
      Observers: 
        none
      Pointer: 0x150e38ca7010
      Container manages memory: true
      Size: 8530021
      Capacity: 8530021

     Moving image = Image (0x4a95f60)
  RTTI typeinfo:   itk::Image<double, 3u>
  Reference Count: 2
  Modified Time: 1581
  Debug: Off
  Object Name: 
  Observers: 
    none
  Source: (none)
  Source output name: (none)
  Release Data: Off
  Data Released: False
  Global Release Data: Off
  PipelineMTime: 0
  UpdateMTime: 1578
  RealTimeStamp: 0 seconds 
  LargestPossibleRegion: 
    Dimension: 3
    Index: [0, 0, 0]
    Size: [160, 240, 256]
  BufferedRegion: 
    Dimension: 3
    Index: [0, 0, 0]
    Size: [160, 240, 256]
  RequestedRegion: 
    Dimension: 3
    Index: [0, 0, 0]
    Size: [160, 240, 256]
  Spacing: [0.999995, 1, 1]
  Origin: [87.0906, 98.7205, -152.377]
  Direction: 
-0.996975 0.0261379 -0.0731913
-0.0260677 -0.999658 -0.00191374
-0.0732163 -2.46403e-08 0.997316

  IndexToPointMatrix: 
-0.996971 0.0261379 -0.0731913
-0.0260676 -0.999658 -0.00191374
-0.0732159 -2.46403e-08 0.997316

  PointToIndexMatrix: 
-0.99698 -0.0260679 -0.0732166
0.0261379 -0.999658 -2.46993e-08
-0.0731913 -0.00191374 0.997316

  Inverse Direction: 
-0.996975 -0.0260677 -0.0732163
0.0261379 -0.999658 -2.46993e-08
-0.0731913 -0.00191374 0.997316

  PixelContainer: 
    ImportImageContainer (0x4a876d0)
      RTTI typeinfo:   itk::ImportImageContainer<unsigned long, double>
      Reference Count: 1
      Modified Time: 1575
      Debug: Off
      Object Name: 
      Observers: 
        none
      Pointer: 0x150e341a6010
      Container manages memory: true
      Size: 9830400
      Capacity: 9830400

     Weighting = 1
     Sampling strategy = regular
     Number of bins = 32
     Radius = 4
     Sampling percentage  = 0.25
   Transform = Rigid
     Gradient step = 0.1
     Update field sigma (voxel space) = 0
     Total field sigma (voxel space) = 0
     Update field time sigma = 0
     Total field time sigma  = 0
     Number of time indices = 0
     Number of time point samples = 0
Registration using 1 total stages.

Stage 0
  iterations = 1000x500x250x100
  convergence threshold = 1e-06
  convergence window size = 10
  number of levels = 4
  using the Mattes MI metric (number of bins = 32, weight = 1, use gradient filter = 0)
  preprocessing:  winsorizing the image intensities
  Shrink factors (level 1 out of 4): [8, 8, 8]
  Shrink factors (level 2 out of 4): [4, 4, 4]
  Shrink factors (level 3 out of 4): [2, 2, 2]
  Shrink factors (level 4 out of 4): [1, 1, 1]
  smoothing sigmas per level: [3, 2, 1, 0]
  regular sampling (percentage = 0.25)

*** Running Euler3DTransform registration ***

DIAGNOSTIC,Iteration,metricValue,convergenceValue,ITERATION_TIME_INDEX,SINCE_LAST
 2DIAGNOSTIC,     1, -3.791273390751e-01, 1.797693134862e+308, 8.2467e-01, 8.2467e-01, 
 2DIAGNOSTIC,     2, -3.803606001643e-01, 1.797693134862e+308, 8.2859e-01, 3.9282e-03, 
 2DIAGNOSTIC,     3, -3.828962034719e-01, 1.797693134862e+308, 8.3244e-01, 3.8431e-03, 
 2DIAGNOSTIC,     4, -3.876122532015e-01, 1.797693134862e+308, 8.3623e-01, 3.7889e-03, 
 2DIAGNOSTIC,     5, -3.904935334081e-01, 1.797693134862e+308, 8.4056e-01, 4.3330e-03, 
 2DIAGNOSTIC,     6, -3.911039700181e-01, 1.797693134862e+308, 8.4446e-01, 3.9051e-03, 
 2DIAGNOSTIC,     7, -3.914905453856e-01, 1.797693134862e+308, 8.4840e-01, 3.9310e-03, 
 2DIAGNOSTIC,     8, -3.925629083064e-01, 1.797693134862e+308, 8.5233e-01, 3.9320e-03, 
 2DIAGNOSTIC,     9, -3.981570789235e-01, 1.797693134862e+308, 8.5630e-01, 3.9759e-03, 
 2DIAGNOSTIC,    10, -4.079218556696e-01, 3.866687266231e-03, 8.6165e-01, 5.3451e-03, 
 2DIAGNOSTIC,    11, -4.246779602407e-01, 4.904320352956e-03, 8.6637e-01, 4.7259e-03, 
 2DIAGNOSTIC,    12, -4.297045200929e-01, 5.673254149496e-03, 8.7055e-01, 4.1740e-03, 
 2DIAGNOSTIC,    13, -4.335692915505e-01, 6.156954111622e-03, 8.7547e-01, 4.9210e-03, 
 2DIAGNOSTIC,    14, -4.439932007387e-01, 6.764094567488e-03, 8.7978e-01, 4.3139e-03, 
 2DIAGNOSTIC,    15, -4.466217673756e-01, 6.904768047594e-03, 8.8466e-01, 4.8809e-03, 
 2DIAGNOSTIC,    16, -4.513528166464e-01, 6.619270358491e-03, 8.8886e-01, 4.1950e-03, 
 2DIAGNOSTIC,    17, -4.528510998940e-01, 5.844785629411e-03, 8.9354e-01, 4.6811e-03, 
 2DIAGNOSTIC,    18, -4.555717392073e-01, 4.777374795987e-03, 8.9971e-01, 6.1710e-03, 
 2DIAGNOSTIC,    19, -4.559551111485e-01, 3.601534586840e-03, 9.0383e-01, 4.1180e-03, 
 2DIAGNOSTIC,    20, -4.573566256324e-01, 2.586715835654e-03, 9.0997e-01, 6.1409e-03, 
 2DIAGNOSTIC,    21, -4.575248618056e-01, 1.982973065826e-03, 9.1407e-01, 4.1029e-03, 
 2DIAGNOSTIC,    22, -4.577283085811e-01, 1.415640092288e-03, 9.1884e-01, 4.7622e-03, 
 2DIAGNOSTIC,    23, -4.579446576510e-01, 8.825842339160e-04, 9.2300e-01, 4.1690e-03, 
 2DIAGNOSTIC,    24, -4.580222237556e-01, 6.077371051634e-04, 9.2724e-01, 4.2341e-03, 
 2DIAGNOSTIC,    25, -4.581756280178e-01, 3.715362941458e-04, 9.3138e-01, 4.1401e-03, 
 2DIAGNOSTIC,    26, -4.586247900162e-01, 2.524090245984e-04, 9.3549e-01, 4.1139e-03, 
 2DIAGNOSTIC,    27, -4.589292941046e-01, 1.618636507828e-04, 9.4164e-01, 6.1510e-03, 
 2DIAGNOSTIC,    28, -4.591727105149e-01, 1.332836039988e-04, 9.4577e-01, 4.1280e-03, 
 2DIAGNOSTIC,    29, -4.592813826628e-01, 1.048059720549e-04, 9.5041e-01, 4.6430e-03, 
 2DIAGNOSTIC,    30, -4.597216533146e-01, 1.090573902706e-04, 9.5605e-01, 5.6338e-03, 
 2DIAGNOSTIC,    31, -4.598056713590e-01, 1.077784935348e-04, 9.6020e-01, 4.1549e-03, 
 2DIAGNOSTIC,    32, -4.606583327651e-01, 1.180266141286e-04, 9.6485e-01, 4.6470e-03, 
 2DIAGNOSTIC,    33, -4.610382649211e-01, 1.280771773429e-04, 9.6903e-01, 4.1761e-03, 
 2DIAGNOSTIC,    34, -4.611817274911e-01, 1.297543145453e-04, 9.7315e-01, 4.1249e-03, 
 2DIAGNOSTIC,    35, -4.615481239612e-01, 1.288232442616e-04, 9.7732e-01, 4.1740e-03, 
 2DIAGNOSTIC,    36, -4.621711527450e-01, 1.349731315688e-04, 9.8245e-01, 5.1210e-03, 
 2DIAGNOSTIC,    37, -4.629021144795e-01, 1.457796806938e-04, 9.8764e-01, 5.1939e-03, 
 2DIAGNOSTIC,    38, -4.630755493473e-01, 1.490910636970e-04, 9.9235e-01, 4.7150e-03, 
 2DIAGNOSTIC,    39, -4.634875038348e-01, 1.469551650406e-04, 9.9648e-01, 4.1299e-03, 
 2DIAGNOSTIC,    40, -4.637998672975e-01, 1.433162254142e-04, 1.0007e+00, 4.1752e-03, 
 2DIAGNOSTIC,    41, -4.665211193908e-01, 1.699736562418e-04, 1.0049e+00, 4.2410e-03, 
 2DIAGNOSTIC,    42, -4.674485742774e-01, 2.051875768991e-04, 1.0112e+00, 6.3329e-03, 
 2DIAGNOSTIC,    43, -4.684020737670e-01, 2.393604550767e-04, 1.0154e+00, 4.1990e-03, 
 2DIAGNOSTIC,    44, -4.688991400822e-01, 2.588901747880e-04, 1.0201e+00, 4.6208e-03, 
 2DIAGNOSTIC,    45, -4.694722203091e-01, 2.661007879780e-04, 1.0257e+00, 5.6798e-03, 
 2DIAGNOSTIC,    46, -4.695724002633e-01, 2.569084576572e-04, 1.0303e+00, 4.6098e-03, 
 2DIAGNOSTIC,    47, -4.697502024236e-01, 2.358627677996e-04, 1.0345e+00, 4.1089e-03, 
 2DIAGNOSTIC,    48, -4.705226688205e-01, 2.061314951587e-04, 1.0387e+00, 4.2748e-03, 
 2DIAGNOSTIC,    49, -4.710042567757e-01, 1.697664639291e-04, 1.0434e+00, 4.6849e-03, 
 2DIAGNOSTIC,    50, -4.710836720513e-01, 1.229286632266e-04, 1.0475e+00, 4.1230e-03, 
 2DIAGNOSTIC,    51, -4.716595363145e-01, 1.076180788760e-04, 1.0527e+00, 5.2130e-03, 
 2DIAGNOSTIC,    52, -4.722705403479e-01, 1.012113152528e-04, 1.0569e+00, 4.1411e-03, 
 2DIAGNOSTIC,    53, -4.728479722316e-01, 1.034356343413e-04, 1.0616e+00, 4.7171e-03, 
 2DIAGNOSTIC,    54, -4.739438907551e-01, 1.141873090690e-04, 1.0664e+00, 4.7660e-03, 
 2DIAGNOSTIC,    55, -4.748680572553e-01, 1.308214289979e-04, 1.0711e+00, 4.6842e-03, 
 2DIAGNOSTIC,    56, -4.756038891131e-01, 1.437495285676e-04, 1.0767e+00, 5.6610e-03, 
 2DIAGNOSTIC,    57, -4.757940124192e-01, 1.463020315703e-04, 1.0808e+00, 4.1130e-03, 
 2DIAGNOSTIC,    58, -4.761401079209e-01, 1.469610898020e-04, 1.0850e+00, 4.1449e-03, 
 2DIAGNOSTIC,    59, -4.761149646259e-01, 1.383722772310e-04, 1.0891e+00, 4.1139e-03, 
 2DIAGNOSTIC,    60, -4.762055763022e-01, 1.184848938996e-04, 1.0932e+00, 4.1211e-03, 
 2DIAGNOSTIC,    61, -4.768208912722e-01, 1.002050513548e-04, 1.0985e+00, 5.3101e-03, 
 2DIAGNOSTIC,    62, -4.777336769577e-01, 8.833229334150e-05, 1.1039e+00, 5.3549e-03, 
 2DIAGNOSTIC,    63, -4.785221511095e-01, 8.174907554236e-05, 1.1080e+00, 4.1721e-03, 
 2DIAGNOSTIC,    64, -4.786764659170e-01, 7.969271652806e-05, 1.1123e+00, 4.2140e-03, 
 2DIAGNOSTIC,    65, -4.795608298080e-01, 8.760320846280e-05, 1.1180e+00, 5.6992e-03, 
 2DIAGNOSTIC,    66, -4.799109724178e-01, 9.695939778060e-05, 1.1221e+00, 4.1730e-03, 
 2DIAGNOSTIC,    67, -4.802486991105e-01, 1.014307781643e-04, 1.1268e+00, 4.6701e-03, 
 2DIAGNOSTIC,    68, -4.804252994723e-01, 1.008949430701e-04, 1.1325e+00, 5.6930e-03, 
 2DIAGNOSTIC,    69, -4.805880639298e-01, 9.209539331380e-05, 1.1367e+00, 4.1730e-03, 
 2DIAGNOSTIC,    70, -4.816398065004e-01, 8.487859986858e-05, 1.1414e+00, 4.7050e-03, 
 2DIAGNOSTIC,    71, -4.822854681199e-01, 8.040885696855e-05, 1.1455e+00, 4.1678e-03, 
 2DIAGNOSTIC,    72, -4.823526933978e-01, 7.672150622741e-05, 1.1559e+00, 1.0311e-02, 
 2DIAGNOSTIC,    73, -4.824293304128e-01, 7.344521318334e-05, 1.1605e+00, 4.6780e-03, 
 2DIAGNOSTIC,    74, -4.827909727651e-01, 6.745695559861e-05, 1.1648e+00, 4.2820e-03, 
 2DIAGNOSTIC,    75, -4.833064905700e-01, 6.654008504807e-05, 1.1710e+00, 6.1960e-03, 
 2DIAGNOSTIC,    76, -4.836406260603e-01, 6.464136261045e-05, 1.1751e+00, 4.0860e-03, 
 2DIAGNOSTIC,    77, -4.838464262929e-01, 6.109640636909e-05, 1.1793e+00, 4.2062e-03, 
 2DIAGNOSTIC,    78, -4.840215432427e-01, 5.477484663925e-05, 1.1844e+00, 5.1239e-03, 
 2DIAGNOSTIC,    79, -4.840775091079e-01, 4.488835922030e-05, 1.1885e+00, 4.1111e-03, 
 2DIAGNOSTIC,    80, -4.841602350074e-01, 3.958987850468e-05, 1.1926e+00, 4.0650e-03, 
 2DIAGNOSTIC,    81, -4.843701686694e-01, 3.718355295309e-05, 1.1972e+00, 4.5929e-03, 
 2DIAGNOSTIC,    82, -4.846702574145e-01, 3.407396341289e-05, 1.2017e+00, 4.5509e-03, 
 2DIAGNOSTIC,    83, -4.848696597725e-01, 2.979790365746e-05, 1.2060e+00, 4.2970e-03, 
 2DIAGNOSTIC,    84, -4.874773869496e-01, 4.461262689840e-05, 1.2109e+00, 4.8730e-03, 
 2DIAGNOSTIC,    85, -4.939928471614e-01, 1.053986820419e-04, 1.2158e+00, 4.9272e-03, 
 2DIAGNOSTIC,    86, -4.944097180641e-01, 1.587723953333e-04, 1.2216e+00, 5.7831e-03, 
 2DIAGNOSTIC,    87, -4.953686158927e-01, 2.044940827576e-04, 1.2258e+00, 4.2021e-03, 
 2DIAGNOSTIC,    88, -4.962380932749e-01, 2.372021179059e-04, 1.2299e+00, 4.0731e-03, 
 2DIAGNOSTIC,    89, -4.969090246924e-01, 2.507748644835e-04, 1.2340e+00, 4.1349e-03, 
 2DIAGNOSTIC,    90, -4.976954695474e-01, 2.449894519945e-04, 1.2392e+00, 5.1870e-03, 
 2DIAGNOSTIC,    91, -4.983593389727e-01, 2.216082844111e-04, 1.2458e+00, 6.5839e-03, 
 2DIAGNOSTIC,    92, -4.983753715035e-01, 1.802518890893e-04, 1.2498e+00, 4.0400e-03, 
 2DIAGNOSTIC,    93, -4.984144635354e-01, 1.241040560139e-04, 1.2545e+00, 4.6201e-03, 
 2DIAGNOSTIC,    94, -4.984375159827e-01, 7.331758404526e-05, 1.2591e+00, 4.6651e-03, 
 2DIAGNOSTIC,    95, -4.983693865158e-01, 5.821306506067e-05, 1.2632e+00, 4.0801e-03, 
 2DIAGNOSTIC,    96, -4.983045540829e-01, 3.998682135776e-05, 1.2673e+00, 4.0691e-03, 
 2DIAGNOSTIC,    97, -4.983227075542e-01, 2.446252636523e-05, 1.2714e+00, 4.0741e-03, 
 2DIAGNOSTIC,    98, -4.982764996272e-01, 1.207163609541e-05, 1.2756e+00, 4.2050e-03, 
 2DIAGNOSTIC,    99, -4.983238912592e-01, 3.163523048900e-06, 1.2806e+00, 4.9899e-03, 
DIAGNOSTIC,Iteration,metricValue,convergenceValue,ITERATION_TIME_INDEX,SINCE_LAST
 2DIAGNOSTIC,     1, -4.038466017176e-01, 1.797693134862e+308, 2.0264e+00, 7.4589e-01, 
 2DIAGNOSTIC,     2, -4.041507150903e-01, 1.797693134862e+308, 2.0552e+00, 2.8744e-02, 
 2DIAGNOSTIC,     3, -4.047433921625e-01, 1.797693134862e+308, 2.0844e+00, 2.9165e-02, 
 2DIAGNOSTIC,     4, -4.052838928198e-01, 1.797693134862e+308, 2.1141e+00, 2.9797e-02, 
 2DIAGNOSTIC,     5, -4.059694048912e-01, 1.797693134862e+308, 2.1435e+00, 2.9358e-02, 
 2DIAGNOSTIC,     6, -4.065086641452e-01, 1.797693134862e+308, 2.1728e+00, 2.9331e-02, 
 2DIAGNOSTIC,     7, -4.075085818781e-01, 1.797693134862e+308, 2.2032e+00, 3.0316e-02, 
 2DIAGNOSTIC,     8, -4.085700092482e-01, 1.797693134862e+308, 2.2375e+00, 3.4325e-02, 
 2DIAGNOSTIC,     9, -4.104620798907e-01, 1.797693134862e+308, 2.2787e+00, 4.1228e-02, 
 2DIAGNOSTIC,    10, -4.116369763434e-01, 1.198943365785e-03, 2.3067e+00, 2.8007e-02, 
 2DIAGNOSTIC,    11, -4.149150763912e-01, 1.384868718212e-03, 2.3379e+00, 3.1137e-02, 
 2DIAGNOSTIC,    12, -4.157900669868e-01, 1.479600759025e-03, 2.3654e+00, 2.7517e-02, 
 2DIAGNOSTIC,    13, -4.162819064466e-01, 1.484541306105e-03, 2.3999e+00, 3.4544e-02, 
 2DIAGNOSTIC,    14, -4.164584613556e-01, 1.390466790799e-03, 2.4421e+00, 4.2190e-02, 
 2DIAGNOSTIC,    15, -4.164966445848e-01, 1.215520778759e-03, 2.4688e+00, 2.6741e-02, 
 2DIAGNOSTIC,    16, -4.166380856154e-01, 9.793760140984e-04, 2.5009e+00, 3.2081e-02, 
 2DIAGNOSTIC,    17, -4.167596299893e-01, 7.264201621352e-04, 2.5305e+00, 2.9562e-02, 
 2DIAGNOSTIC,    18, -4.168741395085e-01, 4.802467241434e-04, 2.5634e+00, 3.2926e-02, 
 2DIAGNOSTIC,    19, -4.169741860760e-01, 2.890351178650e-04, 2.5924e+00, 2.9011e-02, 
 2DIAGNOSTIC,    20, -4.170561964374e-01, 1.312479361100e-04, 2.6214e+00, 2.9017e-02, 
 2DIAGNOSTIC,    21, -4.172407101029e-01, 8.976581500954e-05, 2.6604e+00, 3.8947e-02, 
 2DIAGNOSTIC,    22, -4.172388639207e-01, 7.070239471212e-05, 2.7513e+00, 9.0873e-02, 
 2DIAGNOSTIC,    23, -4.172388638190e-01, 6.153621585734e-05, 2.7781e+00, 2.6801e-02, 
 2DIAGNOSTIC,    24, -4.172388649694e-01, 5.266614675079e-05, 2.8060e+00, 2.7956e-02, 
 2DIAGNOSTIC,    25, -4.172388669144e-01, 4.065927349253e-05, 2.8354e+00, 2.9361e-02, 
 2DIAGNOSTIC,    26, -4.172388702022e-01, 2.952541247895e-05, 2.8644e+00, 2.9044e-02, 
 2DIAGNOSTIC,    27, -4.172388757554e-01, 1.962247621147e-05, 2.8939e+00, 2.9433e-02, 
 2DIAGNOSTIC,    28, -4.172388851310e-01, 1.153655459282e-05, 2.9232e+00, 2.9377e-02, 
 2DIAGNOSTIC,    29, -4.172389009621e-01, 5.401126790927e-06, 2.9524e+00, 2.9128e-02, 
 2DIAGNOSTIC,    30, -4.172389277674e-01, 1.030269056193e-06, 2.9815e+00, 2.9168e-02, 
 2DIAGNOSTIC,    31, -4.172389728526e-01, 1.039499045202e-06, 3.0107e+00, 2.9210e-02, 
 2DIAGNOSTIC,    32, -4.172390485213e-01, 1.009704623592e-06, 3.0398e+00, 2.9066e-02, 
DIAGNOSTIC,Iteration,metricValue,convergenceValue,ITERATION_TIME_INDEX,SINCE_LAST
 2DIAGNOSTIC,     1, -3.580264743490e-01, 1.797693134862e+308, 4.1314e+00, 1.0916e+00, 
 2DIAGNOSTIC,     2, -3.582189692936e-01, 1.797693134862e+308, 4.3641e+00, 2.3270e-01, 
 2DIAGNOSTIC,     3, -3.584971915941e-01, 1.797693134862e+308, 4.5926e+00, 2.2845e-01, 
 2DIAGNOSTIC,     4, -3.587106611026e-01, 1.797693134862e+308, 4.8148e+00, 2.2224e-01, 
 2DIAGNOSTIC,     5, -3.588187535364e-01, 1.797693134862e+308, 5.0581e+00, 2.4333e-01, 
 2DIAGNOSTIC,     6, -3.590761951780e-01, 1.797693134862e+308, 5.3220e+00, 2.6383e-01, 
 2DIAGNOSTIC,     7, -3.591628060158e-01, 1.797693134862e+308, 5.7235e+00, 4.0157e-01, 
 2DIAGNOSTIC,     8, -3.591626085375e-01, 1.797693134862e+308, 5.9833e+00, 2.5972e-01, 
 2DIAGNOSTIC,     9, -3.591622424448e-01, 1.797693134862e+308, 6.3436e+00, 3.6037e-01, 
 2DIAGNOSTIC,    10, -3.591622729161e-01, 2.155207662963e-04, 6.5832e+00, 2.3961e-01, 
 2DIAGNOSTIC,    11, -3.591623227081e-01, 1.480709602177e-04, 6.7984e+00, 2.1516e-01, 
 2DIAGNOSTIC,    12, -3.591611535811e-01, 9.108227684423e-05, 7.1211e+00, 3.2272e-01, 
 2DIAGNOSTIC,    13, -3.591601709698e-01, 5.171763052673e-05, 7.3829e+00, 2.6176e-01, 
 2DIAGNOSTIC,    14, -3.591597509995e-01, 2.563793383935e-05, 7.6470e+00, 2.6414e-01, 
 2DIAGNOSTIC,    15, -3.591587190539e-01, 6.220883379829e-06, 7.8914e+00, 2.4437e-01, 
 2DIAGNOSTIC,    16, -3.591577799568e-01, 1.427801394227e-06, 8.1545e+00, 2.6309e-01, 
 2DIAGNOSTIC,    17, -3.591581414040e-01, 1.302950761034e-06, 8.4118e+00, 2.5734e-01, 
 2DIAGNOSTIC,    18, -3.591579838964e-01, 1.228771878324e-06, 8.6176e+00, 2.0573e-01, 
 2DIAGNOSTIC,    19, -3.591561213093e-01, 1.119060621800e-06, 8.8602e+00, 2.4268e-01, 
 2DIAGNOSTIC,    20, -3.591570821245e-01, 1.113140561879e-06, 9.0580e+00, 1.9772e-01, 
 2DIAGNOSTIC,    21, -3.591556978922e-01, 1.101293048748e-06, 9.3082e+00, 2.5019e-01, 
 2DIAGNOSTIC,    22, -3.591553612693e-01, 1.075912564957e-06, 9.5385e+00, 2.3031e-01, 
 2DIAGNOSTIC,    23, -3.591544426230e-01, 1.022018668133e-06, 9.7631e+00, 2.2465e-01, 
DIAGNOSTIC,Iteration,metricValue,convergenceValue,ITERATION_TIME_INDEX,SINCE_LAST
 2DIAGNOSTIC,     1, -3.306405561107e-01, 1.797693134862e+308, 1.2202e+01, 2.4385e+00, 
 2DIAGNOSTIC,     2, -3.307901740419e-01, 1.797693134862e+308, 1.3676e+01, 1.4745e+00, 
 2DIAGNOSTIC,     3, -3.308818043657e-01, 1.797693134862e+308, 1.5016e+01, 1.3400e+00, 
 2DIAGNOSTIC,     4, -3.309100865115e-01, 1.797693134862e+308, 1.6341e+01, 1.3245e+00, 
 2DIAGNOSTIC,     5, -3.309474717853e-01, 1.797693134862e+308, 1.7811e+01, 1.4703e+00, 
 2DIAGNOSTIC,     6, -3.310430841012e-01, 1.797693134862e+308, 2.0094e+01, 2.2834e+00, 
 2DIAGNOSTIC,     7, -3.310600483615e-01, 1.797693134862e+308, 2.1461e+01, 1.3665e+00, 
 2DIAGNOSTIC,     8, -3.310788345028e-01, 1.797693134862e+308, 2.2855e+01, 1.3944e+00, 
 2DIAGNOSTIC,     9, -3.310958615183e-01, 1.797693134862e+308, 2.4405e+01, 1.5501e+00, 
 2DIAGNOSTIC,    10, -3.311485267192e-01, 8.898363855209e-05, 2.6271e+01, 1.8660e+00, 
 2DIAGNOSTIC,    11, -3.311903352096e-01, 6.750694062713e-05, 2.7723e+01, 1.4519e+00, 
 2DIAGNOSTIC,    12, -3.312044670987e-01, 5.534367936015e-05, 3.0481e+01, 2.7583e+00, 
 2DIAGNOSTIC,    13, -3.312054750769e-01, 4.652691940119e-05, 3.2143e+01, 1.6617e+00, 
 2DIAGNOSTIC,    14, -3.312060561698e-01, 3.677526716393e-05, 3.3577e+01, 1.4337e+00, 
 2DIAGNOSTIC,    15, -3.312092552781e-01, 2.731932832335e-05, 3.4882e+01, 1.3048e+00, 
 2DIAGNOSTIC,    16, -3.312130926262e-01, 2.201746410217e-05, 3.6149e+01, 1.2669e+00, 
 2DIAGNOSTIC,    17, -3.312173265377e-01, 1.656956669556e-05, 3.7625e+01, 1.4764e+00, 
 2DIAGNOSTIC,    18, -3.312202655216e-01, 1.144061729597e-05, 3.9134e+01, 1.5091e+00, 
 2DIAGNOSTIC,    19, -3.312211347038e-01, 6.729164719450e-06, 4.0464e+01, 1.3294e+00, 
 2DIAGNOSTIC,    20, -3.312267305545e-01, 4.476946807358e-06, 4.1772e+01, 1.3086e+00, 
 2DIAGNOSTIC,    21, -3.312353938921e-01, 4.209940357366e-06, 4.3081e+01, 1.3092e+00, 
 2DIAGNOSTIC,    22, -3.312742532093e-01, 5.774037849682e-06, 4.4580e+01, 1.4990e+00, 
 2DIAGNOSTIC,    23, -3.312926554079e-01, 7.487932152155e-06, 4.6194e+01, 1.6138e+00, 
 2DIAGNOSTIC,    24, -3.313064604514e-01, 9.003338788199e-06, 4.7707e+01, 1.5129e+00, 
 2DIAGNOSTIC,    25, -3.313138522562e-01, 1.005109146588e-05, 4.9129e+01, 1.4223e+00, 
 2DIAGNOSTIC,    26, -3.313474417314e-01, 1.142373334419e-05, 5.0639e+01, 1.5096e+00, 
 2DIAGNOSTIC,    27, -3.314039980901e-01, 1.362210151344e-05, 5.2340e+01, 1.7011e+00, 
 2DIAGNOSTIC,    28, -3.314100568456e-01, 1.472203899450e-05, 5.3667e+01, 1.3271e+00, 
 2DIAGNOSTIC,    29, -3.314183977082e-01, 1.477418680378e-05, 5.5126e+01, 1.4589e+00, 
 2DIAGNOSTIC,    30, -3.314270328750e-01, 1.396463437436e-05, 5.6551e+01, 1.4250e+00, 
 2DIAGNOSTIC,    31, -3.314601164973e-01, 1.309939027473e-05, 5.8072e+01, 1.5212e+00, 
 2DIAGNOSTIC,    32, -3.314735265416e-01, 1.249104722521e-05, 5.9853e+01, 1.7806e+00, 
 2DIAGNOSTIC,    33, -3.314734808655e-01, 1.130785853722e-05, 6.1332e+01, 1.4794e+00, 
 2DIAGNOSTIC,    34, -3.314736871659e-01, 9.606937982853e-06, 6.2777e+01, 1.4445e+00, 
 2DIAGNOSTIC,    35, -3.314743657214e-01, 7.370609283470e-06, 6.4222e+01, 1.4449e+00, 
 2DIAGNOSTIC,    36, -3.314745307942e-01, 5.399367442902e-06, 6.5643e+01, 1.4213e+00, 
 2DIAGNOSTIC,    37, -3.314753986538e-01, 4.430359083801e-06, 6.6959e+01, 1.3161e+00, 
 2DIAGNOSTIC,    38, -3.314778439341e-01, 3.372130972908e-06, 6.8503e+01, 1.5444e+00, 
 2DIAGNOSTIC,    39, -3.314817962021e-01, 2.403877858898e-06, 7.0262e+01, 1.7588e+00, 
 2DIAGNOSTIC,    40, -3.314818949974e-01, 1.501338673143e-06, 7.1916e+01, 1.6544e+00, 
 2DIAGNOSTIC,    41, -3.314821072453e-01, 1.265896053971e-06, 7.3414e+01, 1.4976e+00, 
 2DIAGNOSTIC,    42, -3.314829365271e-01, 1.286830835952e-06, 7.4944e+01, 1.5295e+00, 
 2DIAGNOSTIC,    43, -3.314827170703e-01, 1.249490863081e-06, 7.6494e+01, 1.5505e+00, 
 2DIAGNOSTIC,    44, -3.314830720921e-01, 1.174949522363e-06, 7.7798e+01, 1.3036e+00, 
 2DIAGNOSTIC,    45, -3.314845556053e-01, 1.102310832325e-06, 7.9254e+01, 1.4562e+00, 
 2DIAGNOSTIC,    46, -3.314856908496e-01, 1.019666535568e-06, 8.0743e+01, 1.4894e+00, 
  Elapsed time (stage 0): 8.1621e+01


Total elapsed time: 8.1623e+01
Info [verificarlo]: loaded backend libinterflop_ieee.so
Info [interflop-ieee]: load backend with:
Info [interflop-ieee]: debug = false
Info [interflop-ieee]: debug-binary = false
Info [interflop-ieee]: no-backend-name = false
Info [interflop-ieee]: print-new-line = false
Info [interflop-ieee]: print-subnormal-normalized = false
Info [interflop-ieee]: count-op = false
All_Command_lines_OK
Using double precision for computations.
=============================================================================
The composite transform comprises the following transforms (in order): 
  1. /home/mdugre/scratch/mri-registration-rp/datasets/ds004513/derivatives/mri-registration-rp/0001/antsRegistration-r8-p19/sub-s020/rigid_Composite.h5[0] (type = Euler3DTransform)
  2. /home/mdugre/scratch/mri-registration-rp/datasets/ds004513/derivatives/mri-registration-rp/0001/antsRegistration-r8-p19/sub-s020/rigid_Composite.h5[1] (type = Euler3DTransform)
  3. /home/mdugre/scratch/mri-registration-rp/datasets/ds004513/derivatives/mri-registration-rp/0001/antsRegistration-r8-p19/sub-s020/rigid_Composite.h5[2] (type = Euler3DTransform)
=============================================================================
  number of levels = 4
  fixed image: /templateflow/tpl-MNI152NLin2009cAsym/tpl-MNI152NLin2009cAsym_res-01_desc-brain_T1w.nii.gz
  moving image: /home/mdugre/scratch/mri-registration-rp/datasets/ds004513/derivatives/mri-registration-rp/antsBrainExtraction/sub-s020/BrainExtractionBrain.nii.gz
Dimension = 3
Number of stages = 1
Use histogram matching = false
Winsorize image intensities = true
  Lower quantile = 0.005
  Upper quantile = 0.995


Stage 1 State
   Image metric = MattesMI
     Fixed image = Image (0x4e547e0)
  RTTI typeinfo:   itk::Image<double, 3u>
  Reference Count: 2
  Modified Time: 1594
  Debug: Off
  Object Name: 
  Observers: 
    none
  Source: (none)
  Source output name: (none)
  Release Data: Off
  Data Released: False
  Global Release Data: Off
  PipelineMTime: 0
  UpdateMTime: 1203
  RealTimeStamp: 0 seconds 
  LargestPossibleRegion: 
    Dimension: 3
    Index: [0, 0, 0]
    Size: [193, 229, 193]
  BufferedRegion: 
    Dimension: 3
    Index: [0, 0, 0]
    Size: [193, 229, 193]
  RequestedRegion: 
    Dimension: 3
    Index: [0, 0, 0]
    Size: [193, 229, 193]
  Spacing: [1, 1, 1]
  Origin: [96, 132, -78]
  Direction: 
-1 0 0
0 -1 0
0 0 1

  IndexToPointMatrix: 
-1 0 0
0 -1 0
0 0 1

  PointToIndexMatrix: 
-1 0 0
0 -1 0
0 0 1

  Inverse Direction: 
-1 0 0
0 -1 0
0 0 1

  PixelContainer: 
    ImportImageContainer (0x4f14a20)
      RTTI typeinfo:   itk::ImportImageContainer<unsigned long, double>
      Reference Count: 1
      Modified Time: 1200
      Debug: Off
      Object Name: 
      Observers: 
        none
      Pointer: 0x153c05015010
      Container manages memory: true
      Size: 8530021
      Capacity: 8530021

     Moving image = Image (0x4f0fd70)
  RTTI typeinfo:   itk::Image<double, 3u>
  Reference Count: 2
  Modified Time: 1595
  Debug: Off
  Object Name: 
  Observers: 
    none
  Source: (none)
  Source output name: (none)
  Release Data: Off
  Data Released: False
  Global Release Data: Off
  PipelineMTime: 0
  UpdateMTime: 1592
  RealTimeStamp: 0 seconds 
  LargestPossibleRegion: 
    Dimension: 3
    Index: [0, 0, 0]
    Size: [160, 240, 256]
  BufferedRegion: 
    Dimension: 3
    Index: [0, 0, 0]
    Size: [160, 240, 256]
  RequestedRegion: 
    Dimension: 3
    Index: [0, 0, 0]
    Size: [160, 240, 256]
  Spacing: [0.999995, 1, 1]
  Origin: [87.0906, 98.7205, -152.377]
  Direction: 
-0.996975 0.0261379 -0.0731913
-0.0260677 -0.999658 -0.00191374
-0.0732163 -2.46403e-08 0.997316

  IndexToPointMatrix: 
-0.996971 0.0261379 -0.0731913
-0.0260676 -0.999658 -0.00191374
-0.0732159 -2.46403e-08 0.997316

  PointToIndexMatrix: 
-0.99698 -0.0260679 -0.0732166
0.0261379 -0.999658 -2.46993e-08
-0.0731913 -0.00191374 0.997316

  Inverse Direction: 
-0.996975 -0.0260677 -0.0732163
0.0261379 -0.999658 -2.46993e-08
-0.0731913 -0.00191374 0.997316

  PixelContainer: 
    ImportImageContainer (0x4ec7c90)
      RTTI typeinfo:   itk::ImportImageContainer<unsigned long, double>
      Reference Count: 1
      Modified Time: 1589
      Debug: Off
      Object Name: 
      Observers: 
        none
      Pointer: 0x153c00514010
      Container manages memory: true
      Size: 9830400
      Capacity: 9830400

     Weighting = 1
     Sampling strategy = regular
     Number of bins = 32
     Radius = 4
     Sampling percentage  = 0.25
   Transform = Affine
     Gradient step = 0.1
     Update field sigma (voxel space) = 0
     Total field sigma (voxel space) = 0
     Update field time sigma = 0
     Total field time sigma  = 0
     Number of time indices = 0
     Number of time point samples = 0
Registration using 1 total stages.

Stage 0
  iterations = 1000x500x250x100
  convergence threshold = 1e-06
  convergence window size = 10
  number of levels = 4
  using the Mattes MI metric (number of bins = 32, weight = 1, use gradient filter = 0)
  preprocessing:  winsorizing the image intensities
  Shrink factors (level 1 out of 4): [8, 8, 8]
  Shrink factors (level 2 out of 4): [4, 4, 4]
  Shrink factors (level 3 out of 4): [2, 2, 2]
  Shrink factors (level 4 out of 4): [1, 1, 1]
  smoothing sigmas per level: [3, 2, 1, 0]
  regular sampling (percentage = 0.25)

*** Running AffineTransform registration ***

DIAGNOSTIC,Iteration,metricValue,convergenceValue,ITERATION_TIME_INDEX,SINCE_LAST
 2DIAGNOSTIC,     1, -5.001456293789e-01, 1.797693134862e+308, 9.2252e-01, 9.2252e-01, 
 2DIAGNOSTIC,     2, -5.018287662899e-01, 1.797693134862e+308, 9.2816e-01, 5.6391e-03, 
 2DIAGNOSTIC,     3, -5.045058607989e-01, 1.797693134862e+308, 9.3354e-01, 5.3821e-03, 
 2DIAGNOSTIC,     4, -5.090800485916e-01, 1.797693134862e+308, 9.3879e-01, 5.2490e-03, 
 2DIAGNOSTIC,     5, -5.173132320952e-01, 1.797693134862e+308, 9.4430e-01, 5.5141e-03, 
 2DIAGNOSTIC,     6, -5.365137981100e-01, 1.797693134862e+308, 9.5004e-01, 5.7421e-03, 
 2DIAGNOSTIC,     7, -5.676977493755e-01, 1.797693134862e+308, 9.5567e-01, 5.6210e-03, 
 2DIAGNOSTIC,     8, -6.563117975109e-01, 1.797693134862e+308, 9.6198e-01, 6.3138e-03, 
 2DIAGNOSTIC,     9, -6.871172051006e-01, 1.797693134862e+308, 9.6878e-01, 6.8040e-03, 
 2DIAGNOSTIC,    10, -7.090016618770e-01, 2.537207700930e-02, 9.7554e-01, 6.7611e-03, 
 2DIAGNOSTIC,    11, -7.424711411757e-01, 2.714843688415e-02, 9.8222e-01, 6.6741e-03, 
 2DIAGNOSTIC,    12, -7.500802279889e-01, 2.647669331383e-02, 9.8914e-01, 6.9258e-03, 
 2DIAGNOSTIC,    13, -7.818833319747e-01, 2.469134066976e-02, 9.9642e-01, 7.2789e-03, 
 2DIAGNOSTIC,    14, -8.050510588824e-01, 2.184696430321e-02, 1.0026e+00, 6.2070e-03, 
 2DIAGNOSTIC,    15, -8.151636419029e-01, 1.806439222164e-02, 1.0092e+00, 6.6051e-03, 
 2DIAGNOSTIC,    16, -8.333869889644e-01, 1.425829421671e-02, 1.0167e+00, 7.5080e-03, 
 2DIAGNOSTIC,    17, -8.371741148029e-01, 1.054895976004e-02, 1.0244e+00, 7.6911e-03, 
 2DIAGNOSTIC,    18, -8.390251502304e-01, 8.507484818845e-03, 1.0307e+00, 6.2690e-03, 
 2DIAGNOSTIC,    19, -8.457166376196e-01, 6.765563186520e-03, 1.0378e+00, 7.1321e-03, 
 2DIAGNOSTIC,    20, -8.457078592835e-01, 5.051259328738e-03, 1.0453e+00, 7.4732e-03, 
 2DIAGNOSTIC,    21, -8.456654911625e-01, 3.724854898376e-03, 1.0530e+00, 7.7178e-03, 
 2DIAGNOSTIC,    22, -8.455508435277e-01, 2.327653612022e-03, 1.0596e+00, 6.6218e-03, 
 2DIAGNOSTIC,    23, -8.457234827422e-01, 1.410806909104e-03, 1.0656e+00, 5.9838e-03, 
 2DIAGNOSTIC,    24, -8.458110091836e-01, 8.359871000492e-04, 1.0727e+00, 7.0548e-03, 
 2DIAGNOSTIC,    25, -8.458375683376e-01, 3.898517608017e-04, 1.0796e+00, 6.9449e-03, 
 2DIAGNOSTIC,    26, -8.459124388249e-01, 2.236089485174e-04, 1.0863e+00, 6.6791e-03, 
 2DIAGNOSTIC,    27, -8.464045630971e-01, 1.129659541776e-04, 1.0927e+00, 6.4161e-03, 
 2DIAGNOSTIC,    28, -8.465642980896e-01, 2.589519515947e-05, 1.0999e+00, 7.1371e-03, 
 2DIAGNOSTIC,    29, -8.474127892661e-01, 4.351923669021e-05, 1.1072e+00, 7.3850e-03, 
 2DIAGNOSTIC,    30, -8.482122249245e-01, 6.575959098916e-05, 1.1137e+00, 6.4468e-03, 
 2DIAGNOSTIC,    31, -8.484896209533e-01, 8.309598926479e-05, 1.1197e+00, 5.9760e-03, 
 2DIAGNOSTIC,    32, -8.507942860201e-01, 1.174893203482e-04, 1.1302e+00, 1.0563e-02, 
 2DIAGNOSTIC,    33, -8.506728073399e-01, 1.384508155965e-04, 1.1377e+00, 7.4670e-03, 
 2DIAGNOSTIC,    34, -8.506964131314e-01, 1.465509130347e-04, 1.1445e+00, 6.8190e-03, 
 2DIAGNOSTIC,    35, -8.505939151602e-01, 1.398006766954e-04, 1.1505e+00, 5.9662e-03, 
 2DIAGNOSTIC,    36, -8.504982199962e-01, 1.199616802465e-04, 1.1565e+00, 6.0170e-03, 
 2DIAGNOSTIC,    37, -8.505477331722e-01, 9.530131446918e-05, 1.1635e+00, 7.0372e-03, 
 2DIAGNOSTIC,    38, -8.505803808417e-01, 6.480246634415e-05, 1.1695e+00, 5.9609e-03, 
 2DIAGNOSTIC,    39, -8.506377543841e-01, 3.873624335901e-05, 1.1754e+00, 5.9052e-03, 
 2DIAGNOSTIC,    40, -8.511383812145e-01, 2.270780004526e-05, 1.1814e+00, 5.9469e-03, 
 2DIAGNOSTIC,    41, -8.514838287669e-01, 1.036042463859e-05, 1.1877e+00, 6.3920e-03, 
 2DIAGNOSTIC,    42, -8.521331507200e-01, 2.361012877859e-05, 1.1937e+00, 5.9988e-03, 
 2DIAGNOSTIC,    43, -8.540955665940e-01, 4.962440227063e-05, 1.2047e+00, 1.0939e-02, 
 2DIAGNOSTIC,    44, -8.541798136895e-01, 7.022185031506e-05, 1.2121e+00, 7.4501e-03, 
 2DIAGNOSTIC,    45, -8.540696908876e-01, 8.167252576244e-05, 1.2192e+00, 7.0710e-03, 
 2DIAGNOSTIC,    46, -8.539565774698e-01, 8.340459530653e-05, 1.2261e+00, 6.8521e-03, 
 2DIAGNOSTIC,    47, -8.538491706769e-01, 7.664684371530e-05, 1.2323e+00, 6.2559e-03, 
 2DIAGNOSTIC,    48, -8.534834818588e-01, 6.022602886389e-05, 1.2382e+00, 5.9361e-03, 
 2DIAGNOSTIC,    49, -8.535308065258e-01, 3.961265829447e-05, 1.2451e+00, 6.8879e-03, 
 2DIAGNOSTIC,    50, -8.535656122468e-01, 2.022183886715e-05, 1.2527e+00, 7.6110e-03, 
DIAGNOSTIC,Iteration,metricValue,convergenceValue,ITERATION_TIME_INDEX,SINCE_LAST
 2DIAGNOSTIC,     1, -7.142884552433e-01, 1.797693134862e+308, 1.9819e+00, 7.2916e-01, 
 2DIAGNOSTIC,     2, -7.153254571078e-01, 1.797693134862e+308, 2.0173e+00, 3.5405e-02, 
 2DIAGNOSTIC,     3, -7.161032582010e-01, 1.797693134862e+308, 2.0528e+00, 3.5504e-02, 
 2DIAGNOSTIC,     4, -7.162532039299e-01, 1.797693134862e+308, 2.1177e+00, 6.4859e-02, 
 2DIAGNOSTIC,     5, -7.162545096088e-01, 1.797693134862e+308, 2.1572e+00, 3.9510e-02, 
 2DIAGNOSTIC,     6, -7.162522952976e-01, 1.797693134862e+308, 2.1929e+00, 3.5714e-02, 
 2DIAGNOSTIC,     7, -7.162440879848e-01, 1.797693134862e+308, 2.2322e+00, 3.9281e-02, 
 2DIAGNOSTIC,     8, -7.162463814850e-01, 1.797693134862e+308, 2.2798e+00, 4.7649e-02, 
 2DIAGNOSTIC,     9, -7.162369914987e-01, 1.797693134862e+308, 2.3191e+00, 3.9324e-02, 
 2DIAGNOSTIC,    10, -7.162262731437e-01, 1.155236408005e-04, 2.3552e+00, 3.6097e-02, 
 2DIAGNOSTIC,    11, -7.162171810992e-01, 3.835378951490e-05, 2.3945e+00, 3.9222e-02, 
