
##########################
# Experiment information #
##########################

EXPERIMENT_NAME: antsRegistration-r7-p21
VFC_BACKENDS: libinterflop_vprec.so --range-binary32=7 --precision-binary32=21 --range-binary64=7 --precision-binary64=21

SIF_IMG: /home/mdugre/projects/rrg-glatard/mdugre/containers/ants-vprec-no_metrics.simg

SUBJECT_ID: s037
INPUT_IMG: /home/mdugre/scratch/mri-registration-rp/datasets/ds004513/derivatives/mri-registration-rp/antsBrainExtraction/sub-s037/BrainExtractionBrain.nii.gz
OUTPUT_DIR: /home/mdugre/scratch/mri-registration-rp/datasets/ds004513/derivatives/mri-registration-rp/0001/antsRegistration-r7-p21/sub-s037

FIXED_IMG: /templateflow/tpl-MNI152NLin2009cAsym/tpl-MNI152NLin2009cAsym_res-01_desc-brain_T1w.nii.gz
DATA_DIR: /home/mdugre/scratch/mri-registration-rp/datasets/ds004513
TEMPLATEFLOW_DIR: /home/mdugre/projects/rrg-glatard/mdugre/templateflow
ITK_GLOBAL_DEFAULT_NUMBER_OF_THREADS: 16
##########################

Info [verificarlo]: loaded backend libinterflop_ieee.so
Info [interflop-ieee]: load backend with:
Info [interflop-ieee]: debug = false
Info [interflop-ieee]: debug-binary = false
Info [interflop-ieee]: no-backend-name = false
Info [interflop-ieee]: print-new-line = false
Info [interflop-ieee]: print-subnormal-normalized = false
Info [interflop-ieee]: count-op = false
All_Command_lines_OK
Using double precision for computations.
=============================================================================
The composite transform comprises the following transforms (in order): 
  1. Center of mass alignment using fixed image: /templateflow/tpl-MNI152NLin2009cAsym/tpl-MNI152NLin2009cAsym_res-01_desc-brain_T1w.nii.gz and moving image: /home/mdugre/scratch/mri-registration-rp/datasets/ds004513/derivatives/mri-registration-rp/antsBrainExtraction/sub-s037/BrainExtractionBrain.nii.gz (type = Euler3DTransform)
=============================================================================
  number of levels = 1
  fixed image: /templateflow/tpl-MNI152NLin2009cAsym/tpl-MNI152NLin2009cAsym_res-01_desc-brain_T1w.nii.gz
  moving image: /home/mdugre/scratch/mri-registration-rp/datasets/ds004513/derivatives/mri-registration-rp/antsBrainExtraction/sub-s037/BrainExtractionBrain.nii.gz
Dimension = 3
Number of stages = 1
Use histogram matching = false
Winsorize image intensities = true
  Lower quantile = 0.005
  Upper quantile = 0.995


Stage 1 State
   Image metric = MattesMI
     Fixed image = Image (0x3a58e70)
  RTTI typeinfo:   itk::Image<double, 3u>
  Reference Count: 2
  Modified Time: 2330
  Debug: Off
  Object Name: 
  Observers: 
    none
  Source: (none)
  Source output name: (none)
  Release Data: Off
  Data Released: False
  Global Release Data: Off
  PipelineMTime: 0
  UpdateMTime: 1941
  RealTimeStamp: 0 seconds 
  LargestPossibleRegion: 
    Dimension: 3
    Index: [0, 0, 0]
    Size: [193, 229, 193]
  BufferedRegion: 
    Dimension: 3
    Index: [0, 0, 0]
    Size: [193, 229, 193]
  RequestedRegion: 
    Dimension: 3
    Index: [0, 0, 0]
    Size: [193, 229, 193]
  Spacing: [1, 1, 1]
  Origin: [96, 132, -78]
  Direction: 
-1 0 0
0 -1 0
0 0 1

  IndexToPointMatrix: 
-1 0 0
0 -1 0
0 0 1

  PointToIndexMatrix: 
-1 0 0
0 -1 0
0 0 1

  Inverse Direction: 
-1 0 0
0 -1 0
0 0 1

  PixelContainer: 
    ImportImageContainer (0x3a61c60)
      RTTI typeinfo:   itk::ImportImageContainer<unsigned long, double>
      Reference Count: 1
      Modified Time: 1938
      Debug: Off
      Object Name: 
      Observers: 
        none
      Pointer: 0x151d07f67010
      Container manages memory: true
      Size: 8530021
      Capacity: 8530021

     Moving image = Image (0x3af5ec0)
  RTTI typeinfo:   itk::Image<double, 3u>
  Reference Count: 2
  Modified Time: 2331
  Debug: Off
  Object Name: 
  Observers: 
    none
  Source: (none)
  Source output name: (none)
  Release Data: Off
  Data Released: False
  Global Release Data: Off
  PipelineMTime: 0
  UpdateMTime: 2328
  RealTimeStamp: 0 seconds 
  LargestPossibleRegion: 
    Dimension: 3
    Index: [0, 0, 0]
    Size: [160, 240, 256]
  BufferedRegion: 
    Dimension: 3
    Index: [0, 0, 0]
    Size: [160, 240, 256]
  RequestedRegion: 
    Dimension: 3
    Index: [0, 0, 0]
    Size: [160, 240, 256]
  Spacing: [1, 1, 1]
  Origin: [87.9508, 102.562, -147.639]
  Direction: 
-0.998659 -0.0436121 -0.0279129
0.043595 -0.999049 0.00121847
-0.0279395 -2.65543e-08 0.99961

  IndexToPointMatrix: 
-0.998659 -0.0436121 -0.0279129
0.043595 -0.999049 0.00121847
-0.0279395 -2.65543e-08 0.99961

  PointToIndexMatrix: 
-0.998659 0.043595 -0.0279395
-0.0436121 -0.999049 -2.65517e-08
-0.0279129 0.00121847 0.99961

  Inverse Direction: 
-0.998659 0.043595 -0.0279395
-0.0436121 -0.999049 -2.65517e-08
-0.0279129 0.00121847 0.99961

  PixelContainer: 
    ImportImageContainer (0x3b8d610)
      RTTI typeinfo:   itk::ImportImageContainer<unsigned long, double>
      Reference Count: 1
      Modified Time: 2325
      Debug: Off
      Object Name: 
      Observers: 
        none
      Pointer: 0x151d03466010
      Container manages memory: true
      Size: 9830400
      Capacity: 9830400

     Weighting = 1
     Sampling strategy = regular
     Number of bins = 32
     Radius = 4
     Sampling percentage  = 0.25
   Transform = Rigid
     Gradient step = 0.1
     Update field sigma (voxel space) = 0
     Total field sigma (voxel space) = 0
     Update field time sigma = 0
     Total field time sigma  = 0
     Number of time indices = 0
     Number of time point samples = 0
Registration using 1 total stages.

Stage 0
  iterations = 0
  convergence threshold = 1e-06
  convergence window size = 10
  number of levels = 1
  using the Mattes MI metric (number of bins = 32, weight = 1, use gradient filter = 0)
  preprocessing:  winsorizing the image intensities
  Shrink factors (level 1 out of 1): [1, 1, 1]
  smoothing sigmas per level: [0]
  regular sampling (percentage = 0.25)

*** Running Euler3DTransform registration ***

  Elapsed time (stage 0): 1.12272


Total elapsed time: 1.125
Info [verificarlo]: loaded backend libinterflop_ieee.so
Info [interflop-ieee]: load backend with:
Info [interflop-ieee]: debug = false
Info [interflop-ieee]: debug-binary = false
Info [interflop-ieee]: no-backend-name = false
Info [interflop-ieee]: print-new-line = false
Info [interflop-ieee]: print-subnormal-normalized = false
Info [interflop-ieee]: count-op = false
All_Command_lines_OK
Using double precision for computations.
=============================================================================
The composite transform comprises the following transforms (in order): 
  1. /home/mdugre/scratch/mri-registration-rp/datasets/ds004513/derivatives/mri-registration-rp/0001/antsRegistration-r7-p21/sub-s037/align_Composite.h5[0] (type = Euler3DTransform)
  2. /home/mdugre/scratch/mri-registration-rp/datasets/ds004513/derivatives/mri-registration-rp/0001/antsRegistration-r7-p21/sub-s037/align_Composite.h5[1] (type = Euler3DTransform)
=============================================================================
  number of levels = 4
  fixed image: /templateflow/tpl-MNI152NLin2009cAsym/tpl-MNI152NLin2009cAsym_res-01_desc-brain_T1w.nii.gz
  moving image: /home/mdugre/scratch/mri-registration-rp/datasets/ds004513/derivatives/mri-registration-rp/antsBrainExtraction/sub-s037/BrainExtractionBrain.nii.gz
Dimension = 3
Number of stages = 1
Use histogram matching = false
Winsorize image intensities = true
  Lower quantile = 0.005
  Upper quantile = 0.995


Stage 1 State
   Image metric = MattesMI
     Fixed image = Image (0x3cc1530)
  RTTI typeinfo:   itk::Image<double, 3u>
  Reference Count: 2
  Modified Time: 1578
  Debug: Off
  Object Name: 
  Observers: 
    none
  Source: (none)
  Source output name: (none)
  Release Data: Off
  Data Released: False
  Global Release Data: Off
  PipelineMTime: 0
  UpdateMTime: 1189
  RealTimeStamp: 0 seconds 
  LargestPossibleRegion: 
    Dimension: 3
    Index: [0, 0, 0]
    Size: [193, 229, 193]
  BufferedRegion: 
    Dimension: 3
    Index: [0, 0, 0]
    Size: [193, 229, 193]
  RequestedRegion: 
    Dimension: 3
    Index: [0, 0, 0]
    Size: [193, 229, 193]
  Spacing: [1, 1, 1]
  Origin: [96, 132, -78]
  Direction: 
-1 0 0
0 -1 0
0 0 1

  IndexToPointMatrix: 
-1 0 0
0 -1 0
0 0 1

  PointToIndexMatrix: 
-1 0 0
0 -1 0
0 0 1

  Inverse Direction: 
-1 0 0
0 -1 0
0 0 1

  PixelContainer: 
    ImportImageContainer (0x3d7fd60)
      RTTI typeinfo:   itk::ImportImageContainer<unsigned long, double>
      Reference Count: 1
      Modified Time: 1186
      Debug: Off
      Object Name: 
      Observers: 
        none
      Pointer: 0x14b915148010
      Container manages memory: true
      Size: 8530021
      Capacity: 8530021

     Moving image = Image (0x3d71f60)
  RTTI typeinfo:   itk::Image<double, 3u>
  Reference Count: 2
  Modified Time: 1579
  Debug: Off
  Object Name: 
  Observers: 
    none
  Source: (none)
  Source output name: (none)
  Release Data: Off
  Data Released: False
  Global Release Data: Off
  PipelineMTime: 0
  UpdateMTime: 1576
  RealTimeStamp: 0 seconds 
  LargestPossibleRegion: 
    Dimension: 3
    Index: [0, 0, 0]
    Size: [160, 240, 256]
  BufferedRegion: 
    Dimension: 3
    Index: [0, 0, 0]
    Size: [160, 240, 256]
  RequestedRegion: 
    Dimension: 3
    Index: [0, 0, 0]
    Size: [160, 240, 256]
  Spacing: [1, 1, 1]
  Origin: [87.9508, 102.562, -147.639]
  Direction: 
-0.998659 -0.0436121 -0.0279129
0.043595 -0.999049 0.00121847
-0.0279395 -2.65543e-08 0.99961

  IndexToPointMatrix: 
-0.998659 -0.0436121 -0.0279129
0.043595 -0.999049 0.00121847
-0.0279395 -2.65543e-08 0.99961

  PointToIndexMatrix: 
-0.998659 0.043595 -0.0279395
-0.0436121 -0.999049 -2.65517e-08
-0.0279129 0.00121847 0.99961

  Inverse Direction: 
-0.998659 0.043595 -0.0279395
-0.0436121 -0.999049 -2.65517e-08
-0.0279129 0.00121847 0.99961

  PixelContainer: 
    ImportImageContainer (0x3d636d0)
      RTTI typeinfo:   itk::ImportImageContainer<unsigned long, double>
      Reference Count: 1
      Modified Time: 1573
      Debug: Off
      Object Name: 
      Observers: 
        none
      Pointer: 0x14b910647010
      Container manages memory: true
      Size: 9830400
      Capacity: 9830400

     Weighting = 1
     Sampling strategy = regular
     Number of bins = 32
     Radius = 4
     Sampling percentage  = 0.25
   Transform = Rigid
     Gradient step = 0.1
     Update field sigma (voxel space) = 0
     Total field sigma (voxel space) = 0
     Update field time sigma = 0
     Total field time sigma  = 0
     Number of time indices = 0
     Number of time point samples = 0
Registration using 1 total stages.

Stage 0
  iterations = 1000x500x250x100
  convergence threshold = 1e-06
  convergence window size = 10
  number of levels = 4
  using the Mattes MI metric (number of bins = 32, weight = 1, use gradient filter = 0)
  preprocessing:  winsorizing the image intensities
  Shrink factors (level 1 out of 4): [8, 8, 8]
  Shrink factors (level 2 out of 4): [4, 4, 4]
  Shrink factors (level 3 out of 4): [2, 2, 2]
  Shrink factors (level 4 out of 4): [1, 1, 1]
  smoothing sigmas per level: [3, 2, 1, 0]
  regular sampling (percentage = 0.25)

*** Running Euler3DTransform registration ***

DIAGNOSTIC,Iteration,metricValue,convergenceValue,ITERATION_TIME_INDEX,SINCE_LAST
 2DIAGNOSTIC,     1, -4.299060189477e-01, 1.797693134862e+308, 6.9027e-01, 6.9027e-01, 
 2DIAGNOSTIC,     2, -4.311703807429e-01, 1.797693134862e+308, 6.9434e-01, 4.0741e-03, 
 2DIAGNOSTIC,     3, -4.334997061176e-01, 1.797693134862e+308, 6.9865e-01, 4.3099e-03, 
 2DIAGNOSTIC,     4, -4.389575130370e-01, 1.797693134862e+308, 7.0277e-01, 4.1130e-03, 
 2DIAGNOSTIC,     5, -4.438813134482e-01, 1.797693134862e+308, 7.0684e-01, 4.0710e-03, 
 2DIAGNOSTIC,     6, -4.461495460377e-01, 1.797693134862e+308, 7.1089e-01, 4.0491e-03, 
 2DIAGNOSTIC,     7, -4.511407144429e-01, 1.797693134862e+308, 7.1580e-01, 4.9160e-03, 
 2DIAGNOSTIC,     8, -4.667812032718e-01, 1.797693134862e+308, 7.2068e-01, 4.8752e-03, 
 2DIAGNOSTIC,     9, -4.753090114372e-01, 1.797693134862e+308, 7.2558e-01, 4.9000e-03, 
 2DIAGNOSTIC,    10, -4.802481719655e-01, 7.481707542057e-03, 7.3047e-01, 4.8962e-03, 
 2DIAGNOSTIC,    11, -4.821261368877e-01, 7.356704266141e-03, 7.3491e-01, 4.4320e-03, 
 2DIAGNOSTIC,    12, -4.837491005315e-01, 6.749992380101e-03, 7.3987e-01, 4.9610e-03, 
 2DIAGNOSTIC,    13, -5.028244927601e-01, 6.622215038695e-03, 7.4684e-01, 6.9690e-03, 
 2DIAGNOSTIC,    14, -5.042109134430e-01, 6.183615245762e-03, 7.5103e-01, 4.1959e-03, 
 2DIAGNOSTIC,    15, -5.066116081833e-01, 5.558135432304e-03, 7.5523e-01, 4.1978e-03, 
 2DIAGNOSTIC,    16, -5.083451635762e-01, 4.676295420941e-03, 7.5951e-01, 4.2779e-03, 
 2DIAGNOSTIC,    17, -5.184993493025e-01, 3.998770501552e-03, 7.6593e-01, 6.4192e-03, 
 2DIAGNOSTIC,    18, -5.256348855793e-01, 3.769024583993e-03, 7.7019e-01, 4.2620e-03, 
 2DIAGNOSTIC,    19, -5.260487274117e-01, 3.491513194500e-03, 7.7502e-01, 4.8308e-03, 
 2DIAGNOSTIC,    20, -5.292109520395e-01, 3.174906773642e-03, 7.7975e-01, 4.7312e-03, 
 2DIAGNOSTIC,    21, -5.301818323430e-01, 2.681600157836e-03, 7.8399e-01, 4.2360e-03, 
 2DIAGNOSTIC,    22, -5.312241517635e-01, 2.041189314563e-03, 7.8864e-01, 4.6542e-03, 
 2DIAGNOSTIC,    23, -5.321371540577e-01, 1.776980087978e-03, 7.9369e-01, 5.0530e-03, 
 2DIAGNOSTIC,    24, -5.330747305107e-01, 1.429098920637e-03, 7.9784e-01, 4.1442e-03, 
 2DIAGNOSTIC,    25, -5.340979497950e-01, 1.060388245684e-03, 8.0247e-01, 4.6270e-03, 
 2DIAGNOSTIC,    26, -5.353302017704e-01, 6.839356719775e-04, 8.0812e-01, 5.6500e-03, 
 2DIAGNOSTIC,    27, -5.359878094494e-01, 5.005591341338e-04, 8.1222e-01, 4.1058e-03, 
 2DIAGNOSTIC,    28, -5.363339126717e-01, 4.385722770687e-04, 8.1630e-01, 4.0810e-03, 
 2DIAGNOSTIC,    29, -5.373051146168e-01, 3.660309686016e-04, 8.2043e-01, 4.1289e-03, 
 2DIAGNOSTIC,    30, -5.398201275872e-01, 3.716003362135e-04, 8.2544e-01, 5.0058e-03, 
 2DIAGNOSTIC,    31, -5.446418282539e-01, 4.465219399296e-04, 8.3531e-01, 9.8770e-03, 
 2DIAGNOSTIC,    32, -5.446640880852e-01, 4.912513170260e-04, 8.3952e-01, 4.2109e-03, 
 2DIAGNOSTIC,    33, -5.447642602080e-01, 5.056293267887e-04, 8.4361e-01, 4.0801e-03, 
 2DIAGNOSTIC,    34, -5.449307628365e-01, 4.903921414246e-04, 8.4779e-01, 4.1881e-03, 
 2DIAGNOSTIC,    35, -5.452043200746e-01, 4.491383972580e-04, 8.5191e-01, 4.1151e-03, 
 2DIAGNOSTIC,    36, -5.456973898178e-01, 3.932996719975e-04, 8.5599e-01, 4.0841e-03, 
 2DIAGNOSTIC,    37, -5.462998831539e-01, 3.227861156234e-04, 8.6008e-01, 4.0891e-03, 
 2DIAGNOSTIC,    38, -5.470544119805e-01, 2.429380388844e-04, 8.6416e-01, 4.0810e-03, 
 2DIAGNOSTIC,    39, -5.483330891161e-01, 1.763429993958e-04, 8.6878e-01, 4.6170e-03, 
 2DIAGNOSTIC,    40, -5.485726512146e-01, 1.327760615388e-04, 8.7289e-01, 4.1130e-03, 
 2DIAGNOSTIC,    41, -5.488484156431e-01, 1.482846917410e-04, 8.7762e-01, 4.7309e-03, 
 2DIAGNOSTIC,    42, -5.491452897078e-01, 1.532258156251e-04, 8.8198e-01, 4.3530e-03, 
 2DIAGNOSTIC,    43, -5.502442281166e-01, 1.586530430332e-04, 8.8699e-01, 5.0120e-03, 
 2DIAGNOSTIC,    44, -5.634848221832e-01, 3.167352630930e-04, 8.9263e-01, 5.6388e-03, 
 2DIAGNOSTIC,    45, -5.666873630158e-01, 4.750756645597e-04, 8.9728e-01, 4.6551e-03, 
 2DIAGNOSTIC,    46, -5.687849316753e-01, 6.126335079380e-04, 9.0197e-01, 4.6830e-03, 
 2DIAGNOSTIC,    47, -5.691113127706e-01, 6.982817621914e-04, 9.0603e-01, 4.0600e-03, 
 2DIAGNOSTIC,    48, -5.696226121863e-01, 7.274385844537e-04, 9.1014e-01, 4.1151e-03, 
 2DIAGNOSTIC,    49, -5.705233262365e-01, 7.077168183468e-04, 9.1471e-01, 4.5722e-03, 
 2DIAGNOSTIC,    50, -5.706879945908e-01, 6.244047455818e-04, 9.2176e-01, 7.0510e-03, 
 2DIAGNOSTIC,    51, -5.707693383802e-01, 4.907802155006e-04, 9.2579e-01, 4.0231e-03, 
 2DIAGNOSTIC,    52, -5.709085090511e-01, 3.222794627852e-04, 9.3032e-01, 4.5359e-03, 
 2DIAGNOSTIC,    53, -5.710157744762e-01, 1.389837477537e-04, 9.3460e-01, 4.2820e-03, 
 2DIAGNOSTIC,    54, -5.710679075253e-01, 8.252514608199e-05, 9.3885e-01, 4.2479e-03, 
 2DIAGNOSTIC,    55, -5.712199222207e-01, 5.295561189378e-05, 9.4292e-01, 4.0710e-03, 
 2DIAGNOSTIC,    56, -5.714483422480e-01, 4.203395793969e-05, 9.4696e-01, 4.0321e-03, 
 2DIAGNOSTIC,    57, -5.716482705840e-01, 3.246141610091e-05, 9.5087e-01, 3.9179e-03, 
 2DIAGNOSTIC,    58, -5.724053415596e-01, 3.173615360670e-05, 9.5532e-01, 4.4498e-03, 
 2DIAGNOSTIC,    59, -5.758204862006e-01, 6.723176292661e-05, 9.6038e-01, 5.0550e-03, 
 2DIAGNOSTIC,    60, -5.764990743782e-01, 1.018009248106e-04, 9.6429e-01, 3.9110e-03, 
 2DIAGNOSTIC,    61, -5.771553628650e-01, 1.321340881625e-04, 9.6930e-01, 5.0151e-03, 
 2DIAGNOSTIC,    62, -5.788517230802e-01, 1.649379114046e-04, 9.7333e-01, 4.0231e-03, 
 2DIAGNOSTIC,    63, -5.792253622047e-01, 1.844468792169e-04, 9.7795e-01, 4.6210e-03, 
 2DIAGNOSTIC,    64, -5.798788016527e-01, 1.911535176968e-04, 9.8254e-01, 4.5900e-03, 
 2DIAGNOSTIC,    65, -5.782338283480e-01, 1.670186102006e-04, 9.8664e-01, 4.1039e-03, 
 2DIAGNOSTIC,    66, -5.807180980853e-01, 1.503507839309e-04, 9.9126e-01, 4.6139e-03, 
 2DIAGNOSTIC,    67, -5.824668919256e-01, 1.346196204337e-04, 9.9681e-01, 5.5509e-03, 
 2DIAGNOSTIC,    68, -5.828731938214e-01, 1.144699309489e-04, 1.0013e+00, 4.5140e-03, 
 2DIAGNOSTIC,    69, -5.831470611726e-01, 1.128091314900e-04, 1.0064e+00, 5.0440e-03, 
 2DIAGNOSTIC,    70, -5.831907774882e-01, 1.062251788520e-04, 1.0109e+00, 4.5822e-03, 
 2DIAGNOSTIC,    71, -5.831522986536e-01, 9.376363844021e-05, 1.0150e+00, 4.0538e-03, 
 2DIAGNOSTIC,    72, -5.831196057997e-01, 8.443579237271e-05, 1.0190e+00, 4.0100e-03, 
 2DIAGNOSTIC,    73, -5.831709659640e-01, 7.028625144427e-05, 1.0231e+00, 4.0669e-03, 
 2DIAGNOSTIC,    74, -5.832280182449e-01, 5.557537541695e-05, 1.0270e+00, 3.8998e-03, 
 2DIAGNOSTIC,    75, -5.832942624401e-01, 2.455823508782e-05, 1.0310e+00, 4.0290e-03, 
 2DIAGNOSTIC,    76, -5.833920016367e-01, 9.696811406015e-06, 1.0358e+00, 4.7829e-03, 
 2DIAGNOSTIC,    77, -5.834160585868e-01, 6.408143143972e-06, 1.0420e+00, 6.1839e-03, 
 2DIAGNOSTIC,    78, -5.834363470966e-01, 5.457987900187e-06, 1.0460e+00, 4.0131e-03, 
 2DIAGNOSTIC,    79, -5.834497714824e-01, 5.941877626795e-06, 1.0500e+00, 3.9999e-03, 
 2DIAGNOSTIC,    80, -5.834791782889e-01, 6.360941355288e-06, 1.0545e+00, 4.5159e-03, 
 2DIAGNOSTIC,    81, -5.835127438208e-01, 6.165434907206e-06, 1.0590e+00, 4.4930e-03, 
 2DIAGNOSTIC,    82, -5.836140650771e-01, 5.852448225553e-06, 1.0716e+00, 1.2627e-02, 
 2DIAGNOSTIC,    83, -5.836140636971e-01, 5.335213807982e-06, 1.0756e+00, 3.9821e-03, 
 2DIAGNOSTIC,    84, -5.836140683806e-01, 4.716815392710e-06, 1.0796e+00, 3.9990e-03, 
 2DIAGNOSTIC,    85, -5.836140762990e-01, 4.096993982201e-06, 1.0836e+00, 3.9892e-03, 
 2DIAGNOSTIC,    86, -5.836140896842e-01, 3.720411415770e-06, 1.0877e+00, 4.1540e-03, 
 2DIAGNOSTIC,    87, -5.836141123052e-01, 3.165465518174e-06, 1.0918e+00, 4.0519e-03, 
 2DIAGNOSTIC,    88, -5.836141505195e-01, 2.476964107491e-06, 1.0958e+00, 3.9892e-03, 
 2DIAGNOSTIC,    89, -5.836142150323e-01, 1.688873568476e-06, 1.0999e+00, 4.0851e-03, 
DIAGNOSTIC,Iteration,metricValue,convergenceValue,ITERATION_TIME_INDEX,SINCE_LAST
 2DIAGNOSTIC,     1, -4.758375266424e-01, 1.797693134862e+308, 1.7903e+00, 6.9045e-01, 
 2DIAGNOSTIC,     2, -4.763319997282e-01, 1.797693134862e+308, 1.8201e+00, 2.9794e-02, 
 2DIAGNOSTIC,     3, -4.771129524808e-01, 1.797693134862e+308, 1.8504e+00, 3.0241e-02, 
 2DIAGNOSTIC,     4, -4.782019513722e-01, 1.797693134862e+308, 1.8818e+00, 3.1469e-02, 
 2DIAGNOSTIC,     5, -4.790526467789e-01, 1.797693134862e+308, 1.9186e+00, 3.6728e-02, 
 2DIAGNOSTIC,     6, -4.804558687657e-01, 1.797693134862e+308, 1.9502e+00, 3.1665e-02, 
 2DIAGNOSTIC,     7, -4.810860904903e-01, 1.797693134862e+308, 1.9853e+00, 3.5038e-02, 
 2DIAGNOSTIC,     8, -4.813717340561e-01, 1.797693134862e+308, 2.0206e+00, 3.5289e-02, 
 2DIAGNOSTIC,     9, -4.820383172539e-01, 1.797693134862e+308, 2.0562e+00, 3.5599e-02, 
 2DIAGNOSTIC,    10, -4.820922413155e-01, 9.404484360074e-04, 2.0917e+00, 3.5501e-02, 
 2DIAGNOSTIC,    11, -4.822133983445e-01, 7.631011706139e-04, 2.1229e+00, 3.1205e-02, 
 2DIAGNOSTIC,    12, -4.825537233011e-01, 5.882830479575e-04, 2.1573e+00, 3.4419e-02, 
 2DIAGNOSTIC,    13, -4.826149292510e-01, 4.253021828016e-04, 2.1915e+00, 3.4186e-02, 
 2DIAGNOSTIC,    14, -4.826654806467e-01, 2.952663164155e-04, 2.2295e+00, 3.8023e-02, 
 2DIAGNOSTIC,    15, -4.826902792886e-01, 1.893732760072e-04, 2.2595e+00, 3.0006e-02, 
 2DIAGNOSTIC,    16, -4.826852361103e-01, 1.310551350684e-04, 2.2900e+00, 3.0508e-02, 
 2DIAGNOSTIC,    17, -4.826980859159e-01, 8.995986310911e-05, 2.3313e+00, 4.1305e-02, 
 2DIAGNOSTIC,    18, -4.827005750456e-01, 5.415134432040e-05, 2.3655e+00, 3.4238e-02, 
 2DIAGNOSTIC,    19, -4.826948933684e-01, 3.796452769271e-05, 2.4006e+00, 3.5028e-02, 
 2DIAGNOSTIC,    20, -4.826820775025e-01, 2.128817989278e-05, 2.4293e+00, 2.8771e-02, 
 2DIAGNOSTIC,    21, -4.826779443729e-01, 7.440740867511e-06, 2.4582e+00, 2.8889e-02, 
 2DIAGNOSTIC,    22, -4.826755117921e-01, 3.346910956374e-06, 2.4868e+00, 2.8543e-02, 
 2DIAGNOSTIC,    23, -4.827065770206e-01, 1.763850859017e-06, 2.5156e+00, 2.8793e-02, 
 2DIAGNOSTIC,    24, -4.827488826562e-01, 2.527818536789e-06, 2.5512e+00, 3.5634e-02, 
 2DIAGNOSTIC,    25, -4.827918265018e-01, 4.711226521341e-06, 2.5818e+00, 3.0601e-02, 
 2DIAGNOSTIC,    26, -4.827843893162e-01, 6.108036574387e-06, 2.6188e+00, 3.6974e-02, 
 2DIAGNOSTIC,    27, -4.827968141339e-01, 7.516049595112e-06, 2.6525e+00, 3.3731e-02, 
 2DIAGNOSTIC,    28, -4.827861475649e-01, 8.043332243926e-06, 2.6868e+00, 3.4281e-02, 
 2DIAGNOSTIC,    29, -4.827929360585e-01, 7.896938357968e-06, 2.7199e+00, 3.3103e-02, 
 2DIAGNOSTIC,    30, -4.827980923495e-01, 6.959526873337e-06, 2.7504e+00, 3.0538e-02, 
 2DIAGNOSTIC,    31, -4.828073634248e-01, 5.637874906421e-06, 2.7817e+00, 3.1248e-02, 
 2DIAGNOSTIC,    32, -4.828403050144e-01, 4.526419082482e-06, 2.8110e+00, 2.9306e-02, 
 2DIAGNOSTIC,    33, -4.829546616821e-01, 5.721615210223e-06, 2.8411e+00, 3.0118e-02, 
 2DIAGNOSTIC,    34, -4.835780170831e-01, 1.787618515506e-05, 2.8740e+00, 3.2883e-02, 
 2DIAGNOSTIC,    35, -4.838454697892e-01, 3.268762037671e-05, 2.9093e+00, 3.5275e-02, 
 2DIAGNOSTIC,    36, -4.851176385111e-01, 6.438384678592e-05, 2.9497e+00, 4.0419e-02, 
 2DIAGNOSTIC,    37, -4.859723380085e-01, 1.017521607324e-04, 2.9850e+00, 3.5316e-02, 
 2DIAGNOSTIC,    38, -4.879874535308e-01, 1.584664851684e-04, 3.0246e+00, 3.9615e-02, 
 2DIAGNOSTIC,    39, -4.904715274724e-01, 2.342478765218e-04, 3.0633e+00, 3.8731e-02, 
 2DIAGNOSTIC,    40, -4.911416361613e-01, 2.932321379795e-04, 3.0944e+00, 3.1096e-02, 
 2DIAGNOSTIC,    41, -4.914734257508e-01, 3.266960914244e-04, 3.1336e+00, 3.9135e-02, 
 2DIAGNOSTIC,    42, -4.917848206005e-01, 3.325433755273e-04, 3.1682e+00, 3.4607e-02, 
 2DIAGNOSTIC,    43, -4.920919876952e-01, 3.117190179879e-04, 3.1990e+00, 3.0863e-02, 
 2DIAGNOSTIC,    44, -4.923031057987e-01, 2.728902778500e-04, 3.2339e+00, 3.4891e-02, 
 2DIAGNOSTIC,    45, -4.925382020583e-01, 2.161968443320e-04, 3.2670e+00, 3.3076e-02, 
 2DIAGNOSTIC,    46, -4.926704658936e-01, 1.597417303589e-04, 3.3059e+00, 3.8937e-02, 
 2DIAGNOSTIC,    47, -4.928561198941e-01, 1.032327687041e-04, 3.3425e+00, 3.6564e-02, 
 2DIAGNOSTIC,    48, -4.929854396973e-01, 6.473219325618e-05, 3.3795e+00, 3.7029e-02, 
 2DIAGNOSTIC,    49, -4.930321708255e-01, 5.181865817236e-05, 3.4141e+00, 3.4527e-02, 
 2DIAGNOSTIC,    50, -4.930162975164e-01, 4.217047451815e-05, 3.4438e+00, 2.9767e-02, 
 2DIAGNOSTIC,    51, -4.930081741236e-01, 3.261906168887e-05, 3.4736e+00, 2.9798e-02, 
 2DIAGNOSTIC,    52, -4.930619995300e-01, 2.442553615047e-05, 3.5032e+00, 2.9614e-02, 
 2DIAGNOSTIC,    53, -4.931735308799e-01, 1.882485463280e-05, 3.5367e+00, 3.3433e-02, 
 2DIAGNOSTIC,    54, -4.931762185408e-01, 1.394089794061e-05, 3.5698e+00, 3.3147e-02, 
 2DIAGNOSTIC,    55, -4.932065602635e-01, 1.081251936605e-05, 3.6148e+00, 4.5017e-02, 
 2DIAGNOSTIC,    56, -4.932063447209e-01, 8.174844461299e-06, 3.6528e+00, 3.7986e-02, 
 2DIAGNOSTIC,    57, -4.932063849158e-01, 6.763811962518e-06, 3.7097e+00, 5.6906e-02, 
 2DIAGNOSTIC,    58, -4.932063859671e-01, 6.078219916786e-06, 3.8048e+00, 9.5081e-02, 
 2DIAGNOSTIC,    59, -4.932063859671e-01, 5.355208923408e-06, 3.8396e+00, 3.4804e-02, 
 2DIAGNOSTIC,    60, -4.932063859671e-01, 4.060868189257e-06, 3.8859e+00, 4.6294e-02, 
 2DIAGNOSTIC,    61, -4.932063859671e-01, 2.390322607890e-06, 3.9233e+00, 3.7345e-02, 
 2DIAGNOSTIC,    62, -4.932063859671e-01, 1.077613601550e-06, 3.9672e+00, 4.3980e-02, 
DIAGNOSTIC,Iteration,metricValue,convergenceValue,ITERATION_TIME_INDEX,SINCE_LAST
 2DIAGNOSTIC,     1, -4.342379088718e-01, 1.797693134862e+308, 5.0870e+00, 1.1197e+00, 
 2DIAGNOSTIC,     2, -4.344039287990e-01, 1.797693134862e+308, 5.3216e+00, 2.3464e-01, 
 2DIAGNOSTIC,     3, -4.344882186302e-01, 1.797693134862e+308, 5.5554e+00, 2.3383e-01, 
 2DIAGNOSTIC,     4, -4.345580762798e-01, 1.797693134862e+308, 5.7824e+00, 2.2698e-01, 
 2DIAGNOSTIC,     5, -4.346791181951e-01, 1.797693134862e+308, 6.0426e+00, 2.6018e-01, 
 2DIAGNOSTIC,     6, -4.347584425008e-01, 1.797693134862e+308, 6.3543e+00, 3.1173e-01, 
 2DIAGNOSTIC,     7, -4.347892115277e-01, 1.797693134862e+308, 6.5892e+00, 2.3492e-01, 
 2DIAGNOSTIC,     8, -4.347942064510e-01, 1.797693134862e+308, 6.7773e+00, 1.8806e-01, 
 2DIAGNOSTIC,     9, -4.348063326555e-01, 1.797693134862e+308, 6.9793e+00, 2.0199e-01, 
 2DIAGNOSTIC,    10, -4.348176583712e-01, 8.604031242276e-05, 7.1787e+00, 1.9943e-01, 
 2DIAGNOSTIC,    11, -4.348392498024e-01, 5.973477062214e-05, 7.4057e+00, 2.2695e-01, 
 2DIAGNOSTIC,    12, -4.349107951644e-01, 4.562317757709e-05, 7.6926e+00, 2.8697e-01, 
 2DIAGNOSTIC,    13, -4.349133345738e-01, 3.411572523787e-05, 7.9877e+00, 2.9504e-01, 
 2DIAGNOSTIC,    14, -4.349268495603e-01, 2.521699355076e-05, 8.2296e+00, 2.4192e-01, 
 2DIAGNOSTIC,    15, -4.349268675046e-01, 2.062914493473e-05, 8.4498e+00, 2.2022e-01, 
 2DIAGNOSTIC,    16, -4.349265721648e-01, 1.810217372364e-05, 8.7311e+00, 2.8130e-01, 
 2DIAGNOSTIC,    17, -4.349254665509e-01, 1.549610052342e-05, 9.0063e+00, 2.7522e-01, 
 2DIAGNOSTIC,    18, -4.349240483935e-01, 1.204399482746e-05, 9.2522e+00, 2.4584e-01, 
 2DIAGNOSTIC,    19, -4.349241626933e-01, 8.454839928909e-06, 9.4803e+00, 2.2817e-01, 
 2DIAGNOSTIC,    20, -4.349234880427e-01, 4.949258751878e-06, 9.6843e+00, 2.0400e-01, 
 2DIAGNOSTIC,    21, -4.349228919971e-01, 2.062507310760e-06, 9.9053e+00, 2.2100e-01, 
 2DIAGNOSTIC,    22, -4.349224264225e-01, 1.502893097895e-06, 1.0146e+01, 2.4017e-01, 
 2DIAGNOSTIC,    23, -4.349234202653e-01, 1.076581350554e-06, 1.0343e+01, 1.9722e-01, 
 2DIAGNOSTIC,    24, -4.349213996799e-01, 1.026002230953e-06, 1.0577e+01, 2.3466e-01, 
 2DIAGNOSTIC,    25, -4.349225217732e-01, 1.038665712452e-06, 1.0835e+01, 2.5769e-01, 
 2DIAGNOSTIC,    26, -4.349211267935e-01, 1.029640581539e-06, 1.1089e+01, 2.5363e-01, 
DIAGNOSTIC,Iteration,metricValue,convergenceValue,ITERATION_TIME_INDEX,SINCE_LAST
 2DIAGNOSTIC,     1, -4.013154838801e-01, 1.797693134862e+308, 1.3633e+01, 2.5445e+00, 
 2DIAGNOSTIC,     2, -4.014902557213e-01, 1.797693134862e+308, 1.5219e+01, 1.5858e+00, 
 2DIAGNOSTIC,     3, -4.016005997886e-01, 1.797693134862e+308, 1.6689e+01, 1.4701e+00, 
 2DIAGNOSTIC,     4, -4.016305838963e-01, 1.797693134862e+308, 1.8320e+01, 1.6309e+00, 
 2DIAGNOSTIC,     5, -4.016372653022e-01, 1.797693134862e+308, 2.0090e+01, 1.7705e+00, 
 2DIAGNOSTIC,     6, -4.016408897836e-01, 1.797693134862e+308, 2.1408e+01, 1.3176e+00, 
 2DIAGNOSTIC,     7, -4.016510635017e-01, 1.797693134862e+308, 2.2979e+01, 1.5709e+00, 
 2DIAGNOSTIC,     8, -4.016636322498e-01, 1.797693134862e+308, 2.4712e+01, 1.7330e+00, 
 2DIAGNOSTIC,     9, -4.016672211004e-01, 1.797693134862e+308, 2.6308e+01, 1.5956e+00, 
 2DIAGNOSTIC,    10, -4.016667632021e-01, 4.283282593934e-05, 2.7856e+01, 1.5487e+00, 
 2DIAGNOSTIC,    11, -4.016676743656e-01, 2.057995246343e-05, 2.9519e+01, 1.6626e+00, 
 2DIAGNOSTIC,    12, -4.016677611765e-01, 1.059151193879e-05, 3.1525e+01, 2.0058e+00, 
 2DIAGNOSTIC,    13, -4.016678705710e-01, 7.382211451967e-06, 3.3283e+01, 1.7586e+00, 
 2DIAGNOSTIC,    14, -4.016677065678e-01, 5.686739860816e-06, 3.4687e+01, 1.4040e+00, 
 2DIAGNOSTIC,    15, -4.016675501722e-01, 4.223957290161e-06, 3.6447e+01, 1.7600e+00, 
 2DIAGNOSTIC,    16, -4.016676463714e-01, 2.911709097844e-06, 3.8053e+01, 1.6061e+00, 
 2DIAGNOSTIC,    17, -4.016674789065e-01, 2.071338689714e-06, 3.9604e+01, 1.5508e+00, 
 2DIAGNOSTIC,    18, -4.016674009215e-01, 1.793329546841e-06, 4.1158e+01, 1.5535e+00, 
 2DIAGNOSTIC,    19, -4.016672356547e-01, 1.670820112390e-06, 4.2798e+01, 1.6404e+00, 
 2DIAGNOSTIC,    20, -4.016675078465e-01, 1.553635945062e-06, 4.4562e+01, 1.7643e+00, 
 2DIAGNOSTIC,    21, -4.016674263997e-01, 1.478503683199e-06, 4.6233e+01, 1.6704e+00, 
 2DIAGNOSTIC,    22, -4.016672549171e-01, 1.410811672903e-06, 4.7761e+01, 1.5278e+00, 
 2DIAGNOSTIC,    23, -4.016671694830e-01, 1.353509125411e-06, 4.9136e+01, 1.3752e+00, 
 2DIAGNOSTIC,    24, -4.016670849820e-01, 1.296551847496e-06, 5.0485e+01, 1.3493e+00, 
 2DIAGNOSTIC,    25, -4.016670020359e-01, 1.239781517968e-06, 5.2011e+01, 1.5254e+00, 
 2DIAGNOSTIC,    26, -4.016670058524e-01, 1.193234255091e-06, 5.3519e+01, 1.5085e+00, 
 2DIAGNOSTIC,    27, -4.016670112596e-01, 1.148892395365e-06, 5.4906e+01, 1.3869e+00, 
 2DIAGNOSTIC,    28, -4.016669336113e-01, 1.106744264928e-06, 5.6443e+01, 1.5368e+00, 
 2DIAGNOSTIC,    29, -4.016672960295e-01, 1.074914244621e-06, 5.8163e+01, 1.7201e+00, 
 2DIAGNOSTIC,    30, -4.016673142821e-01, 1.053890825990e-06, 5.9769e+01, 1.6066e+00, 
 2DIAGNOSTIC,    31, -4.016673399513e-01, 1.033687384792e-06, 6.1253e+01, 1.4837e+00, 
 2DIAGNOSTIC,    32, -4.016673672632e-01, 1.010972842302e-06, 6.2762e+01, 1.5087e+00, 
  Elapsed time (stage 0): 6.3663e+01


Total elapsed time: 6.3666e+01
Info [verificarlo]: loaded backend libinterflop_ieee.so
Info [interflop-ieee]: load backend with:
Info [interflop-ieee]: debug = false
Info [interflop-ieee]: debug-binary = false
Info [interflop-ieee]: no-backend-name = false
Info [interflop-ieee]: print-new-line = false
Info [interflop-ieee]: print-subnormal-normalized = false
Info [interflop-ieee]: count-op = false
All_Command_lines_OK
Using double precision for computations.
=============================================================================
The composite transform comprises the following transforms (in order): 
  1. /home/mdugre/scratch/mri-registration-rp/datasets/ds004513/derivatives/mri-registration-rp/0001/antsRegistration-r7-p21/sub-s037/rigid_Composite.h5[0] (type = Euler3DTransform)
  2. /home/mdugre/scratch/mri-registration-rp/datasets/ds004513/derivatives/mri-registration-rp/0001/antsRegistration-r7-p21/sub-s037/rigid_Composite.h5[1] (type = Euler3DTransform)
  3. /home/mdugre/scratch/mri-registration-rp/datasets/ds004513/derivatives/mri-registration-rp/0001/antsRegistration-r7-p21/sub-s037/rigid_Composite.h5[2] (type = Euler3DTransform)
=============================================================================
  number of levels = 4
  fixed image: /templateflow/tpl-MNI152NLin2009cAsym/tpl-MNI152NLin2009cAsym_res-01_desc-brain_T1w.nii.gz
  moving image: /home/mdugre/scratch/mri-registration-rp/datasets/ds004513/derivatives/mri-registration-rp/antsBrainExtraction/sub-s037/BrainExtractionBrain.nii.gz
Dimension = 3
Number of stages = 1
Use histogram matching = false
Winsorize image intensities = true
  Lower quantile = 0.005
  Upper quantile = 0.995


Stage 1 State
   Image metric = MattesMI
     Fixed image = Image (0x517d7e0)
  RTTI typeinfo:   itk::Image<double, 3u>
  Reference Count: 2
  Modified Time: 1592
  Debug: Off
  Object Name: 
  Observers: 
    none
  Source: (none)
  Source output name: (none)
  Release Data: Off
  Data Released: False
  Global Release Data: Off
  PipelineMTime: 0
  UpdateMTime: 1203
  RealTimeStamp: 0 seconds 
  LargestPossibleRegion: 
    Dimension: 3
    Index: [0, 0, 0]
    Size: [193, 229, 193]
  BufferedRegion: 
    Dimension: 3
    Index: [0, 0, 0]
    Size: [193, 229, 193]
  RequestedRegion: 
    Dimension: 3
    Index: [0, 0, 0]
    Size: [193, 229, 193]
  Spacing: [1, 1, 1]
  Origin: [96, 132, -78]
  Direction: 
-1 0 0
0 -1 0
0 0 1

  IndexToPointMatrix: 
-1 0 0
0 -1 0
0 0 1

  PointToIndexMatrix: 
-1 0 0
0 -1 0
0 0 1

  Inverse Direction: 
-1 0 0
0 -1 0
0 0 1

  PixelContainer: 
    ImportImageContainer (0x523da20)
      RTTI typeinfo:   itk::ImportImageContainer<unsigned long, double>
      Reference Count: 1
      Modified Time: 1200
      Debug: Off
      Object Name: 
      Observers: 
        none
      Pointer: 0x14e1a2a01010
      Container manages memory: true
      Size: 8530021
      Capacity: 8530021

     Moving image = Image (0x5238d70)
  RTTI typeinfo:   itk::Image<double, 3u>
  Reference Count: 2
  Modified Time: 1593
  Debug: Off
  Object Name: 
  Observers: 
    none
  Source: (none)
  Source output name: (none)
  Release Data: Off
  Data Released: False
  Global Release Data: Off
  PipelineMTime: 0
  UpdateMTime: 1590
  RealTimeStamp: 0 seconds 
  LargestPossibleRegion: 
    Dimension: 3
    Index: [0, 0, 0]
    Size: [160, 240, 256]
  BufferedRegion: 
    Dimension: 3
    Index: [0, 0, 0]
    Size: [160, 240, 256]
  RequestedRegion: 
    Dimension: 3
    Index: [0, 0, 0]
    Size: [160, 240, 256]
  Spacing: [1, 1, 1]
  Origin: [87.9508, 102.562, -147.639]
  Direction: 
-0.998659 -0.0436121 -0.0279129
0.043595 -0.999049 0.00121847
-0.0279395 -2.65543e-08 0.99961

  IndexToPointMatrix: 
-0.998659 -0.0436121 -0.0279129
0.043595 -0.999049 0.00121847
-0.0279395 -2.65543e-08 0.99961

  PointToIndexMatrix: 
-0.998659 0.043595 -0.0279395
-0.0436121 -0.999049 -2.65517e-08
-0.0279129 0.00121847 0.99961

  Inverse Direction: 
-0.998659 0.043595 -0.0279395
-0.0436121 -0.999049 -2.65517e-08
-0.0279129 0.00121847 0.99961

  PixelContainer: 
    ImportImageContainer (0x51f0c90)
      RTTI typeinfo:   itk::ImportImageContainer<unsigned long, double>
      Reference Count: 1
      Modified Time: 1587
      Debug: Off
      Object Name: 
      Observers: 
        none
      Pointer: 0x14e19df00010
      Container manages memory: true
      Size: 9830400
      Capacity: 9830400

     Weighting = 1
     Sampling strategy = regular
     Number of bins = 32
     Radius = 4
     Sampling percentage  = 0.25
   Transform = Affine
     Gradient step = 0.1
     Update field sigma (voxel space) = 0
     Total field sigma (voxel space) = 0
     Update field time sigma = 0
     Total field time sigma  = 0
     Number of time indices = 0
     Number of time point samples = 0
Registration using 1 total stages.

Stage 0
  iterations = 1000x500x250x100
  convergence threshold = 1e-06
  convergence window size = 10
  number of levels = 4
  using the Mattes MI metric (number of bins = 32, weight = 1, use gradient filter = 0)
  preprocessing:  winsorizing the image intensities
  Shrink factors (level 1 out of 4): [8, 8, 8]
  Shrink factors (level 2 out of 4): [4, 4, 4]
  Shrink factors (level 3 out of 4): [2, 2, 2]
  Shrink factors (level 4 out of 4): [1, 1, 1]
  smoothing sigmas per level: [3, 2, 1, 0]
  regular sampling (percentage = 0.25)

*** Running AffineTransform registration ***

DIAGNOSTIC,Iteration,metricValue,convergenceValue,ITERATION_TIME_INDEX,SINCE_LAST
 2DIAGNOSTIC,     1, -5.875482104908e-01, 1.797693134862e+308, 7.7382e-01, 7.7382e-01, 
 2DIAGNOSTIC,     2, -5.890051244539e-01, 1.797693134862e+308, 7.7882e-01, 5.0070e-03, 
 2DIAGNOSTIC,     3, -5.918468173777e-01, 1.797693134862e+308, 7.8379e-01, 4.9639e-03, 
 2DIAGNOSTIC,     4, -5.962810421522e-01, 1.797693134862e+308, 7.8900e-01, 5.2121e-03, 
 2DIAGNOSTIC,     5, -6.040973388343e-01, 1.797693134862e+308, 7.9374e-01, 4.7369e-03, 
 2DIAGNOSTIC,     6, -6.144379521387e-01, 1.797693134862e+308, 7.9848e-01, 4.7469e-03, 
 2DIAGNOSTIC,     7, -6.309414878871e-01, 1.797693134862e+308, 8.0394e-01, 5.4572e-03, 
 2DIAGNOSTIC,     8, -6.897458147265e-01, 1.797693134862e+308, 8.0970e-01, 5.7571e-03, 
 2DIAGNOSTIC,     9, -7.067328400882e-01, 1.797693134862e+308, 8.1537e-01, 5.6739e-03, 
 2DIAGNOSTIC,    10, -7.164060034671e-01, 1.430274897254e-02, 8.2172e-01, 6.3491e-03, 
 2DIAGNOSTIC,    11, -7.161977530915e-01, 1.437911246431e-02, 8.2900e-01, 7.2830e-03, 
 2DIAGNOSTIC,    12, -7.160289051280e-01, 1.321098800377e-02, 8.3464e-01, 5.6410e-03, 
 2DIAGNOSTIC,    13, -7.159113419478e-01, 1.112137944109e-02, 8.4021e-01, 5.5668e-03, 
 2DIAGNOSTIC,    14, -7.159266266703e-01, 8.480369054789e-03, 8.4591e-01, 5.7008e-03, 
 2DIAGNOSTIC,    15, -7.156643037869e-01, 5.686673125491e-03, 8.5147e-01, 5.5530e-03, 
 2DIAGNOSTIC,    16, -7.154238795640e-01, 3.034177466002e-03, 8.5705e-01, 5.5840e-03, 
 2DIAGNOSTIC,    17, -7.154785695958e-01, 8.206612960889e-04, 8.6265e-01, 5.6000e-03, 
 2DIAGNOSTIC,    18, -7.153779183440e-01, 1.698688060594e-04, 8.6765e-01, 5.0020e-03, 
DIAGNOSTIC,Iteration,metricValue,convergenceValue,ITERATION_TIME_INDEX,SINCE_LAST
 2DIAGNOSTIC,     1, -5.901112139995e-01, 1.797693134862e+308, 1.6387e+00, 7.7102e-01, 
 2DIAGNOSTIC,     2, -5.911124641391e-01, 1.797693134862e+308, 1.6742e+00, 3.5545e-02, 
 2DIAGNOSTIC,     3, -5.923673776586e-01, 1.797693134862e+308, 1.7125e+00, 3.8243e-02, 
 2DIAGNOSTIC,     4, -5.940079351594e-01, 1.797693134862e+308, 1.7478e+00, 3.5295e-02, 
 2DIAGNOSTIC,     5, -5.960517164156e-01, 1.797693134862e+308, 1.7832e+00, 3.5406e-02, 
 2DIAGNOSTIC,     6, -5.973766418105e-01, 1.797693134862e+308, 1.8265e+00, 4.3379e-02, 
 2DIAGNOSTIC,     7, -5.978501111035e-01, 1.797693134862e+308, 1.8664e+00, 3.9866e-02, 
 2DIAGNOSTIC,     8, -5.981548489490e-01, 1.797693134862e+308, 1.9056e+00, 3.9202e-02, 
 2DIAGNOSTIC,     9, -5.987016519185e-01, 1.797693134862e+308, 1.9497e+00, 4.4130e-02, 
 2DIAGNOSTIC,    10, -5.991678662814e-01, 1.041851471211e-03, 1.9893e+00, 3.9546e-02, 
 2DIAGNOSTIC,    11, -5.994753517326e-01, 8.120061078454e-04, 2.0248e+00, 3.5510e-02, 
 2DIAGNOSTIC,    12, -6.000248854551e-01, 6.100811026019e-04, 2.0688e+00, 4.3987e-02, 
 2DIAGNOSTIC,    13, -6.005391679770e-01, 4.488810919047e-04, 2.1169e+00, 4.8077e-02, 
 2DIAGNOSTIC,    14, -6.006607789849e-01, 3.285551599726e-04, 2.1677e+00, 5.0815e-02, 
 2DIAGNOSTIC,    15, -6.006628600232e-01, 2.586685683965e-04, 2.2150e+00, 4.7352e-02, 
 2DIAGNOSTIC,    16, -6.006683123856e-01, 2.136082737710e-04, 2.2548e+00, 3.9773e-02, 
 2DIAGNOSTIC,    17, -6.006556427787e-01, 1.671547307277e-04, 2.2974e+00, 4.2564e-02, 
 2DIAGNOSTIC,    18, -6.006501465220e-01, 1.181132022488e-04, 2.3337e+00, 3.6346e-02, 
 2DIAGNOSTIC,    19, -6.006453302563e-01, 7.692642501720e-05, 2.3687e+00, 3.5032e-02, 
 2DIAGNOSTIC,    20, -6.006435517049e-01, 4.405518269499e-05, 2.4100e+00, 4.1275e-02, 
 2DIAGNOSTIC,    21, -6.006332415802e-01, 1.692312181573e-05, 2.4463e+00, 3.6334e-02, 
 2DIAGNOSTIC,    22, -6.006280351174e-01, 2.307366998446e-06, 2.4837e+00, 3.7385e-02, 
DIAGNOSTIC,Iteration,metricValue,convergenceValue,ITERATION_TIME_INDEX,SINCE_LAST
 2DIAGNOSTIC,     1, -5.249106302744e-01, 1.797693134862e+308, 3.5860e+00, 1.1023e+00, 
 2DIAGNOSTIC,     2, -5.252434876306e-01, 1.797693134862e+308, 3.8385e+00, 2.5250e-01, 
 2DIAGNOSTIC,     3, -5.256288054237e-01, 1.797693134862e+308, 4.1186e+00, 2.8005e-01, 
 2DIAGNOSTIC,     4, -5.260140716593e-01, 1.797693134862e+308, 4.3779e+00, 2.5936e-01, 
 2DIAGNOSTIC,     5, -5.264655924141e-01, 1.797693134862e+308, 4.6177e+00, 2.3973e-01, 
 2DIAGNOSTIC,     6, -5.269949995941e-01, 1.797693134862e+308, 4.8602e+00, 2.4250e-01, 
 2DIAGNOSTIC,     7, -5.274449560463e-01, 1.797693134862e+308, 5.2137e+00, 3.5348e-01, 
 2DIAGNOSTIC,     8, -5.275302814625e-01, 1.797693134862e+308, 5.5774e+00, 3.6369e-01, 
 2DIAGNOSTIC,     9, -5.275445185129e-01, 1.797693134862e+308, 5.8507e+00, 2.7336e-01, 
 2DIAGNOSTIC,    10, -5.275834554345e-01, 3.687994217090e-04, 6.1216e+00, 2.7090e-01, 
 2DIAGNOSTIC,    11, -5.276071301519e-01, 2.833853385161e-04, 6.4081e+00, 2.8648e-01, 
