
##########################
# Experiment information #
##########################

EXPERIMENT_NAME: antsRegistration-r7-p16
VFC_BACKENDS: libinterflop_vprec.so --range-binary32=7 --precision-binary32=16 --range-binary64=7 --precision-binary64=16

SIF_IMG: /home/mdugre/projects/rrg-glatard/mdugre/containers/ants-vprec-no_metrics.simg

SUBJECT_ID: s014
INPUT_IMG: /home/mdugre/scratch/mri-registration-rp/datasets/ds004513/derivatives/mri-registration-rp/antsBrainExtraction/sub-s014/BrainExtractionBrain.nii.gz
OUTPUT_DIR: /home/mdugre/scratch/mri-registration-rp/datasets/ds004513/derivatives/mri-registration-rp/0001/antsRegistration-r7-p16/sub-s014

FIXED_IMG: /templateflow/tpl-MNI152NLin2009cAsym/tpl-MNI152NLin2009cAsym_res-01_desc-brain_T1w.nii.gz
DATA_DIR: /home/mdugre/scratch/mri-registration-rp/datasets/ds004513
TEMPLATEFLOW_DIR: /home/mdugre/projects/rrg-glatard/mdugre/templateflow
ITK_GLOBAL_DEFAULT_NUMBER_OF_THREADS: 16
##########################

Info [verificarlo]: loaded backend libinterflop_ieee.so
Info [interflop-ieee]: load backend with:
Info [interflop-ieee]: debug = false
Info [interflop-ieee]: debug-binary = false
Info [interflop-ieee]: no-backend-name = false
Info [interflop-ieee]: print-new-line = false
Info [interflop-ieee]: print-subnormal-normalized = false
Info [interflop-ieee]: count-op = false
All_Command_lines_OK
Using double precision for computations.
=============================================================================
The composite transform comprises the following transforms (in order): 
  1. Center of mass alignment using fixed image: /templateflow/tpl-MNI152NLin2009cAsym/tpl-MNI152NLin2009cAsym_res-01_desc-brain_T1w.nii.gz and moving image: /home/mdugre/scratch/mri-registration-rp/datasets/ds004513/derivatives/mri-registration-rp/antsBrainExtraction/sub-s014/BrainExtractionBrain.nii.gz (type = Euler3DTransform)
=============================================================================
  number of levels = 1
  fixed image: /templateflow/tpl-MNI152NLin2009cAsym/tpl-MNI152NLin2009cAsym_res-01_desc-brain_T1w.nii.gz
  moving image: /home/mdugre/scratch/mri-registration-rp/datasets/ds004513/derivatives/mri-registration-rp/antsBrainExtraction/sub-s014/BrainExtractionBrain.nii.gz
Dimension = 3
Number of stages = 1
Use histogram matching = false
Winsorize image intensities = true
  Lower quantile = 0.005
  Upper quantile = 0.995


Stage 1 State
   Image metric = MattesMI
     Fixed image = Image (0x4cd7e70)
  RTTI typeinfo:   itk::Image<double, 3u>
  Reference Count: 2
  Modified Time: 2334
  Debug: Off
  Object Name: 
  Observers: 
    none
  Source: (none)
  Source output name: (none)
  Release Data: Off
  Data Released: False
  Global Release Data: Off
  PipelineMTime: 0
  UpdateMTime: 1943
  RealTimeStamp: 0 seconds 
  LargestPossibleRegion: 
    Dimension: 3
    Index: [0, 0, 0]
    Size: [193, 229, 193]
  BufferedRegion: 
    Dimension: 3
    Index: [0, 0, 0]
    Size: [193, 229, 193]
  RequestedRegion: 
    Dimension: 3
    Index: [0, 0, 0]
    Size: [193, 229, 193]
  Spacing: [1, 1, 1]
  Origin: [96, 132, -78]
  Direction: 
-1 0 0
0 -1 0
0 0 1

  IndexToPointMatrix: 
-1 0 0
0 -1 0
0 0 1

  PointToIndexMatrix: 
-1 0 0
0 -1 0
0 0 1

  Inverse Direction: 
-1 0 0
0 -1 0
0 0 1

  PixelContainer: 
    ImportImageContainer (0x4ce4140)
      RTTI typeinfo:   itk::ImportImageContainer<unsigned long, double>
      Reference Count: 1
      Modified Time: 1940
      Debug: Off
      Object Name: 
      Observers: 
        none
      Pointer: 0x14688908a010
      Container manages memory: true
      Size: 8530021
      Capacity: 8530021

     Moving image = Image (0x4ce1310)
  RTTI typeinfo:   itk::Image<double, 3u>
  Reference Count: 2
  Modified Time: 2335
  Debug: Off
  Object Name: 
  Observers: 
    none
  Source: (none)
  Source output name: (none)
  Release Data: Off
  Data Released: False
  Global Release Data: Off
  PipelineMTime: 0
  UpdateMTime: 2332
  RealTimeStamp: 0 seconds 
  LargestPossibleRegion: 
    Dimension: 3
    Index: [0, 0, 0]
    Size: [160, 240, 256]
  BufferedRegion: 
    Dimension: 3
    Index: [0, 0, 0]
    Size: [160, 240, 256]
  RequestedRegion: 
    Dimension: 3
    Index: [0, 0, 0]
    Size: [160, 240, 256]
  Spacing: [0.999999, 1, 1]
  Origin: [84.1637, 106.709, -120.531]
  Direction: 
-0.999619 -0.0226874 -0.0157033
0.0226846 -0.999743 0.00035635
-0.0157073 -7.8229e-09 0.999877

  IndexToPointMatrix: 
-0.999619 -0.0226874 -0.0157033
0.0226845 -0.999743 0.00035635
-0.0157073 -7.8229e-09 0.999877

  PointToIndexMatrix: 
-0.99962 0.0226846 -0.0157073
-0.0226874 -0.999743 -7.83127e-09
-0.0157033 0.00035635 0.999877

  Inverse Direction: 
-0.999619 0.0226846 -0.0157073
-0.0226874 -0.999743 -7.83127e-09
-0.0157033 0.00035635 0.999877

  PixelContainer: 
    ImportImageContainer (0x4e0c610)
      RTTI typeinfo:   itk::ImportImageContainer<unsigned long, double>
      Reference Count: 1
      Modified Time: 2329
      Debug: Off
      Object Name: 
      Observers: 
        none
      Pointer: 0x146884589010
      Container manages memory: true
      Size: 9830400
      Capacity: 9830400

     Weighting = 1
     Sampling strategy = regular
     Number of bins = 32
     Radius = 4
     Sampling percentage  = 0.25
   Transform = Rigid
     Gradient step = 0.1
     Update field sigma (voxel space) = 0
     Total field sigma (voxel space) = 0
     Update field time sigma = 0
     Total field time sigma  = 0
     Number of time indices = 0
     Number of time point samples = 0
Registration using 1 total stages.

Stage 0
  iterations = 0
  convergence threshold = 1e-06
  convergence window size = 10
  number of levels = 1
  using the Mattes MI metric (number of bins = 32, weight = 1, use gradient filter = 0)
  preprocessing:  winsorizing the image intensities
  Shrink factors (level 1 out of 1): [1, 1, 1]
  smoothing sigmas per level: [0]
  regular sampling (percentage = 0.25)

*** Running Euler3DTransform registration ***

  Elapsed time (stage 0): 1.10727


Total elapsed time: 1.10959
Info [verificarlo]: loaded backend libinterflop_ieee.so
Info [interflop-ieee]: load backend with:
Info [interflop-ieee]: debug = false
Info [interflop-ieee]: debug-binary = false
Info [interflop-ieee]: no-backend-name = false
Info [interflop-ieee]: print-new-line = false
Info [interflop-ieee]: print-subnormal-normalized = false
Info [interflop-ieee]: count-op = false
All_Command_lines_OK
Using double precision for computations.
=============================================================================
The composite transform comprises the following transforms (in order): 
  1. /home/mdugre/scratch/mri-registration-rp/datasets/ds004513/derivatives/mri-registration-rp/0001/antsRegistration-r7-p16/sub-s014/align_Composite.h5[0] (type = Euler3DTransform)
  2. /home/mdugre/scratch/mri-registration-rp/datasets/ds004513/derivatives/mri-registration-rp/0001/antsRegistration-r7-p16/sub-s014/align_Composite.h5[1] (type = Euler3DTransform)
=============================================================================
  number of levels = 4
  fixed image: /templateflow/tpl-MNI152NLin2009cAsym/tpl-MNI152NLin2009cAsym_res-01_desc-brain_T1w.nii.gz
  moving image: /home/mdugre/scratch/mri-registration-rp/datasets/ds004513/derivatives/mri-registration-rp/antsBrainExtraction/sub-s014/BrainExtractionBrain.nii.gz
Dimension = 3
Number of stages = 1
Use histogram matching = false
Winsorize image intensities = true
  Lower quantile = 0.005
  Upper quantile = 0.995


Stage 1 State
   Image metric = MattesMI
     Fixed image = Image (0x3987530)
  RTTI typeinfo:   itk::Image<double, 3u>
  Reference Count: 2
  Modified Time: 1580
  Debug: Off
  Object Name: 
  Observers: 
    none
  Source: (none)
  Source output name: (none)
  Release Data: Off
  Data Released: False
  Global Release Data: Off
  PipelineMTime: 0
  UpdateMTime: 1189
  RealTimeStamp: 0 seconds 
  LargestPossibleRegion: 
    Dimension: 3
    Index: [0, 0, 0]
    Size: [193, 229, 193]
  BufferedRegion: 
    Dimension: 3
    Index: [0, 0, 0]
    Size: [193, 229, 193]
  RequestedRegion: 
    Dimension: 3
    Index: [0, 0, 0]
    Size: [193, 229, 193]
  Spacing: [1, 1, 1]
  Origin: [96, 132, -78]
  Direction: 
-1 0 0
0 -1 0
0 0 1

  IndexToPointMatrix: 
-1 0 0
0 -1 0
0 0 1

  PointToIndexMatrix: 
-1 0 0
0 -1 0
0 0 1

  Inverse Direction: 
-1 0 0
0 -1 0
0 0 1

  PixelContainer: 
    ImportImageContainer (0x3a45d60)
      RTTI typeinfo:   itk::ImportImageContainer<unsigned long, double>
      Reference Count: 1
      Modified Time: 1186
      Debug: Off
      Object Name: 
      Observers: 
        none
      Pointer: 0x1523edaae010
      Container manages memory: true
      Size: 8530021
      Capacity: 8530021

     Moving image = Image (0x3a37f60)
  RTTI typeinfo:   itk::Image<double, 3u>
  Reference Count: 2
  Modified Time: 1581
  Debug: Off
  Object Name: 
  Observers: 
    none
  Source: (none)
  Source output name: (none)
  Release Data: Off
  Data Released: False
  Global Release Data: Off
  PipelineMTime: 0
  UpdateMTime: 1578
  RealTimeStamp: 0 seconds 
  LargestPossibleRegion: 
    Dimension: 3
    Index: [0, 0, 0]
    Size: [160, 240, 256]
  BufferedRegion: 
    Dimension: 3
    Index: [0, 0, 0]
    Size: [160, 240, 256]
  RequestedRegion: 
    Dimension: 3
    Index: [0, 0, 0]
    Size: [160, 240, 256]
  Spacing: [0.999999, 1, 1]
  Origin: [84.1637, 106.709, -120.531]
  Direction: 
-0.999619 -0.0226874 -0.0157033
0.0226846 -0.999743 0.00035635
-0.0157073 -7.8229e-09 0.999877

  IndexToPointMatrix: 
-0.999619 -0.0226874 -0.0157033
0.0226845 -0.999743 0.00035635
-0.0157073 -7.8229e-09 0.999877

  PointToIndexMatrix: 
-0.99962 0.0226846 -0.0157073
-0.0226874 -0.999743 -7.83127e-09
-0.0157033 0.00035635 0.999877

  Inverse Direction: 
-0.999619 0.0226846 -0.0157073
-0.0226874 -0.999743 -7.83127e-09
-0.0157033 0.00035635 0.999877

  PixelContainer: 
    ImportImageContainer (0x3a296d0)
      RTTI typeinfo:   itk::ImportImageContainer<unsigned long, double>
      Reference Count: 1
      Modified Time: 1575
      Debug: Off
      Object Name: 
      Observers: 
        none
      Pointer: 0x1523e8fad010
      Container manages memory: true
      Size: 9830400
      Capacity: 9830400

     Weighting = 1
     Sampling strategy = regular
     Number of bins = 32
     Radius = 4
     Sampling percentage  = 0.25
   Transform = Rigid
     Gradient step = 0.1
     Update field sigma (voxel space) = 0
     Total field sigma (voxel space) = 0
     Update field time sigma = 0
     Total field time sigma  = 0
     Number of time indices = 0
     Number of time point samples = 0
Registration using 1 total stages.

Stage 0
  iterations = 1000x500x250x100
  convergence threshold = 1e-06
  convergence window size = 10
  number of levels = 4
  using the Mattes MI metric (number of bins = 32, weight = 1, use gradient filter = 0)
  preprocessing:  winsorizing the image intensities
  Shrink factors (level 1 out of 4): [8, 8, 8]
  Shrink factors (level 2 out of 4): [4, 4, 4]
  Shrink factors (level 3 out of 4): [2, 2, 2]
  Shrink factors (level 4 out of 4): [1, 1, 1]
  smoothing sigmas per level: [3, 2, 1, 0]
  regular sampling (percentage = 0.25)

*** Running Euler3DTransform registration ***

DIAGNOSTIC,Iteration,metricValue,convergenceValue,ITERATION_TIME_INDEX,SINCE_LAST
 2DIAGNOSTIC,     1, -4.770821406565e-01, 1.797693134862e+308, 7.1204e-01, 7.1204e-01, 
 2DIAGNOSTIC,     2, -4.784216133942e-01, 1.797693134862e+308, 7.1660e-01, 4.5629e-03, 
 2DIAGNOSTIC,     3, -4.807043200681e-01, 1.797693134862e+308, 7.2101e-01, 4.4110e-03, 
 2DIAGNOSTIC,     4, -4.840264478065e-01, 1.797693134862e+308, 7.2556e-01, 4.5440e-03, 
 2DIAGNOSTIC,     5, -4.883050305770e-01, 1.797693134862e+308, 7.3033e-01, 4.7779e-03, 
 2DIAGNOSTIC,     6, -4.953560426371e-01, 1.797693134862e+308, 7.3696e-01, 6.6240e-03, 
 2DIAGNOSTIC,     7, -5.007350570384e-01, 1.797693134862e+308, 7.4184e-01, 4.8778e-03, 
 2DIAGNOSTIC,     8, -5.013278569503e-01, 1.797693134862e+308, 7.4628e-01, 4.4451e-03, 
 2DIAGNOSTIC,     9, -5.085255256006e-01, 1.797693134862e+308, 7.5237e-01, 6.0890e-03, 
 2DIAGNOSTIC,    10, -5.161992633656e-01, 5.125196520979e-03, 7.5880e-01, 6.4321e-03, 
 2DIAGNOSTIC,    11, -5.167072941437e-01, 4.879252931146e-03, 7.6341e-01, 4.6051e-03, 
 2DIAGNOSTIC,    12, -5.203629876260e-01, 4.481282734468e-03, 7.6785e-01, 4.4391e-03, 
 2DIAGNOSTIC,    13, -5.229718709777e-01, 3.958672533579e-03, 7.7230e-01, 4.4529e-03, 
 2DIAGNOSTIC,    14, -5.250338110829e-01, 3.368007801722e-03, 7.8090e-01, 8.6019e-03, 
 2DIAGNOSTIC,    15, -5.272078697647e-01, 2.786121483390e-03, 7.8756e-01, 6.6571e-03, 
 2DIAGNOSTIC,    16, -5.275715603977e-01, 2.284098302161e-03, 7.9206e-01, 4.5011e-03, 
 2DIAGNOSTIC,    17, -5.282507656510e-01, 1.839921123737e-03, 7.9648e-01, 4.4229e-03, 
 2DIAGNOSTIC,    18, -5.289722876065e-01, 1.313912041895e-03, 8.0154e-01, 5.0530e-03, 
 2DIAGNOSTIC,    19, -5.292207410111e-01, 9.370568707336e-04, 8.0684e-01, 5.3010e-03, 
 2DIAGNOSTIC,    20, -5.294476960672e-01, 7.341365573340e-04, 8.1174e-01, 4.9059e-03, 
 2DIAGNOSTIC,    21, -5.294955840903e-01, 4.966190831881e-04, 8.1600e-01, 4.2579e-03, 
 2DIAGNOSTIC,    22, -5.295366245031e-01, 3.281311959346e-04, 8.2071e-01, 4.7071e-03, 
 2DIAGNOSTIC,    23, -5.295376311909e-01, 2.063244245680e-04, 8.2554e-01, 4.8330e-03, 
 2DIAGNOSTIC,    24, -5.295911249027e-01, 1.234508389565e-04, 8.3050e-01, 4.9560e-03, 
 2DIAGNOSTIC,    25, -5.296271130647e-01, 8.499150549765e-05, 8.3547e-01, 4.9691e-03, 
 2DIAGNOSTIC,    26, -5.296539599385e-01, 4.983583932625e-05, 8.3984e-01, 4.3759e-03, 
 2DIAGNOSTIC,    27, -5.297704229811e-01, 2.877322816149e-05, 8.4424e-01, 4.3938e-03, 
 2DIAGNOSTIC,    28, -5.299884954872e-01, 2.504887533561e-05, 8.5020e-01, 5.9690e-03, 
 2DIAGNOSTIC,    29, -5.300854192463e-01, 2.569611954041e-05, 8.5514e-01, 4.9369e-03, 
 2DIAGNOSTIC,    30, -5.300410324622e-01, 2.732899346029e-05, 8.5964e-01, 4.5018e-03, 
 2DIAGNOSTIC,    31, -5.300376932143e-01, 2.724560549998e-05, 8.6408e-01, 4.4358e-03, 
 2DIAGNOSTIC,    32, -5.301686264233e-01, 2.763232920028e-05, 8.6849e-01, 4.4100e-03, 
 2DIAGNOSTIC,    33, -5.303926738418e-01, 2.905769096800e-05, 8.7395e-01, 5.4650e-03, 
 2DIAGNOSTIC,    34, -5.304519664598e-01, 2.945835347640e-05, 8.7949e-01, 5.5339e-03, 
 2DIAGNOSTIC,    35, -5.305073139181e-01, 2.868169327182e-05, 8.8383e-01, 4.3411e-03, 
 2DIAGNOSTIC,    36, -5.305686017146e-01, 2.670517371750e-05, 8.8826e-01, 4.4351e-03, 
 2DIAGNOSTIC,    37, -5.306602858940e-01, 2.533264910904e-05, 8.9416e-01, 5.8930e-03, 
 2DIAGNOSTIC,    38, -5.306881156229e-01, 2.512162423986e-05, 8.9851e-01, 4.3550e-03, 
 2DIAGNOSTIC,    39, -5.307317416633e-01, 2.461885297892e-05, 9.0295e-01, 4.4420e-03, 
 2DIAGNOSTIC,    40, -5.308225091353e-01, 2.257034275924e-05, 9.0899e-01, 6.0351e-03, 
 2DIAGNOSTIC,    41, -5.308460424124e-01, 1.877385526322e-05, 9.1346e-01, 4.4670e-03, 
 2DIAGNOSTIC,    42, -5.308561837321e-01, 1.520831957903e-05, 9.1797e-01, 4.5099e-03, 
 2DIAGNOSTIC,    43, -5.308777649273e-01, 1.355835177921e-05, 9.2242e-01, 4.4520e-03, 
 2DIAGNOSTIC,    44, -5.309114036110e-01, 1.190613945088e-05, 9.2684e-01, 4.4169e-03, 
 2DIAGNOSTIC,    45, -5.310262965518e-01, 1.129423567279e-05, 9.3387e-01, 7.0360e-03, 
 2DIAGNOSTIC,    46, -5.310374074445e-01, 1.049838942639e-05, 9.3839e-01, 4.5209e-03, 
 2DIAGNOSTIC,    47, -5.310434720121e-01, 9.962263454889e-06, 9.4289e-01, 4.4999e-03, 
 2DIAGNOSTIC,    48, -5.310518853633e-01, 8.989886110051e-06, 9.4746e-01, 4.5679e-03, 
 2DIAGNOSTIC,    49, -5.310584329536e-01, 7.783359503008e-06, 9.5307e-01, 5.6081e-03, 
 2DIAGNOSTIC,    50, -5.310645817646e-01, 6.973833584101e-06, 9.5912e-01, 6.0470e-03, 
 2DIAGNOSTIC,    51, -5.310656430617e-01, 5.851695600374e-06, 9.6358e-01, 4.4601e-03, 
 2DIAGNOSTIC,    52, -5.310738190001e-01, 4.481863509549e-06, 9.6850e-01, 4.9269e-03, 
 2DIAGNOSTIC,    53, -5.310768127969e-01, 3.049471521310e-06, 9.7295e-01, 4.4501e-03, 
 2DIAGNOSTIC,    54, -5.310775506016e-01, 1.750844720129e-06, 9.7745e-01, 4.4980e-03, 
 2DIAGNOSTIC,    55, -5.310817434211e-01, 1.565716412983e-06, 9.8219e-01, 4.7421e-03, 
 2DIAGNOSTIC,    56, -5.310870994121e-01, 1.452195857454e-06, 9.8737e-01, 5.1792e-03, 
 2DIAGNOSTIC,    57, -5.310885232961e-01, 1.327089154863e-06, 9.9259e-01, 5.2180e-03, 
 2DIAGNOSTIC,    58, -5.310914487850e-01, 1.238639650954e-06, 9.9776e-01, 5.1692e-03, 
 2DIAGNOSTIC,    59, -5.311015678587e-01, 1.240623596493e-06, 1.0035e+00, 5.6939e-03, 
 2DIAGNOSTIC,    60, -5.311021904297e-01, 1.235244578856e-06, 1.0081e+00, 4.6611e-03, 
 2DIAGNOSTIC,    61, -5.311059901820e-01, 1.204917779069e-06, 1.0223e+00, 1.4186e-02, 
 2DIAGNOSTIC,    62, -5.311059901659e-01, 1.182103197377e-06, 1.0367e+00, 1.4443e-02, 
 2DIAGNOSTIC,    63, -5.311059901659e-01, 1.122797857848e-06, 1.0418e+00, 5.0812e-03, 
 2DIAGNOSTIC,    64, -5.311059901659e-01, 1.011506956583e-06, 1.0474e+00, 5.5449e-03, 
DIAGNOSTIC,Iteration,metricValue,convergenceValue,ITERATION_TIME_INDEX,SINCE_LAST
 2DIAGNOSTIC,     1, -4.295258231625e-01, 1.797693134862e+308, 1.7409e+00, 6.9349e-01, 
 2DIAGNOSTIC,     2, -4.302859640431e-01, 1.797693134862e+308, 1.7713e+00, 3.0393e-02, 
 2DIAGNOSTIC,     3, -4.309651196675e-01, 1.797693134862e+308, 1.8049e+00, 3.3669e-02, 
 2DIAGNOSTIC,     4, -4.317164347764e-01, 1.797693134862e+308, 1.8368e+00, 3.1834e-02, 
 2DIAGNOSTIC,     5, -4.325561938345e-01, 1.797693134862e+308, 1.8689e+00, 3.2106e-02, 
 2DIAGNOSTIC,     6, -4.341819580778e-01, 1.797693134862e+308, 1.9042e+00, 3.5331e-02, 
 2DIAGNOSTIC,     7, -4.354327949460e-01, 1.797693134862e+308, 1.9396e+00, 3.5410e-02, 
 2DIAGNOSTIC,     8, -4.367134834399e-01, 1.797693134862e+308, 1.9788e+00, 3.9227e-02, 
 2DIAGNOSTIC,     9, -4.377076816052e-01, 1.797693134862e+308, 2.0271e+00, 4.8220e-02, 
 2DIAGNOSTIC,    10, -4.379510214292e-01, 1.375954781895e-03, 2.0641e+00, 3.7049e-02, 
 2DIAGNOSTIC,    11, -4.381306699706e-01, 1.211218579675e-03, 2.0976e+00, 3.3511e-02, 
 2DIAGNOSTIC,    12, -4.403708091228e-01, 1.128184042318e-03, 2.1371e+00, 3.9522e-02, 
 2DIAGNOSTIC,    13, -4.435986505933e-01, 1.148562288921e-03, 2.1799e+00, 4.2806e-02, 
 2DIAGNOSTIC,    14, -4.436199448395e-01, 1.094787364176e-03, 2.2144e+00, 3.4494e-02, 
 2DIAGNOSTIC,    15, -4.445052017897e-01, 1.025845796809e-03, 2.2533e+00, 3.8823e-02, 
 2DIAGNOSTIC,    16, -4.479362667436e-01, 1.077370595820e-03, 2.2994e+00, 4.6171e-02, 
 2DIAGNOSTIC,    17, -4.481475950972e-01, 1.073587593624e-03, 2.3344e+00, 3.5006e-02, 
 2DIAGNOSTIC,    18, -4.482020490564e-01, 1.018146305732e-03, 2.3712e+00, 3.6797e-02, 
 2DIAGNOSTIC,    19, -4.481966708847e-01, 9.107728248466e-04, 2.4275e+00, 5.6229e-02, 
 2DIAGNOSTIC,    20, -4.481953336207e-01, 7.394369060722e-04, 2.4580e+00, 3.0539e-02, 
 2DIAGNOSTIC,    21, -4.481954334407e-01, 5.189437695420e-04, 2.4941e+00, 3.6065e-02, 
 2DIAGNOSTIC,    22, -4.482018534079e-01, 3.337448800437e-04, 2.5272e+00, 3.3133e-02, 
 2DIAGNOSTIC,    23, -4.481921491934e-01, 2.259319877343e-04, 2.5563e+00, 2.9094e-02, 
 2DIAGNOSTIC,    24, -4.482074312947e-01, 1.077320600764e-04, 2.5883e+00, 3.2011e-02, 
 2DIAGNOSTIC,    25, -4.482144438982e-01, 9.691655351696e-06, 2.6229e+00, 3.4549e-02, 
 2DIAGNOSTIC,    26, -4.482116709880e-01, 3.273678255568e-06, 2.6539e+00, 3.1044e-02, 
 2DIAGNOSTIC,    27, -4.482088353346e-01, 2.084624288495e-06, 2.6892e+00, 3.5340e-02, 
 2DIAGNOSTIC,    28, -4.482139219716e-01, 2.274301683397e-06, 2.7210e+00, 3.1802e-02, 
 2DIAGNOSTIC,    29, -4.482420866046e-01, 2.842583391560e-06, 2.7567e+00, 3.5632e-02, 
 2DIAGNOSTIC,    30, -4.482455732320e-01, 3.232684075490e-06, 2.7918e+00, 3.5107e-02, 
 2DIAGNOSTIC,    31, -4.482405886068e-01, 3.298135915618e-06, 2.8231e+00, 3.1367e-02, 
 2DIAGNOSTIC,    32, -4.482290914477e-01, 3.068919486177e-06, 2.8544e+00, 3.1261e-02, 
 2DIAGNOSTIC,    33, -4.482261087044e-01, 2.406542487746e-06, 2.8915e+00, 3.7145e-02, 
 2DIAGNOSTIC,    34, -4.482147420879e-01, 1.704266712595e-06, 2.9267e+00, 3.5106e-02, 
 2DIAGNOSTIC,    35, -4.482170221251e-01, 1.142410641392e-06, 2.9566e+00, 2.9994e-02, 
DIAGNOSTIC,Iteration,metricValue,convergenceValue,ITERATION_TIME_INDEX,SINCE_LAST
 2DIAGNOSTIC,     1, -3.932184618218e-01, 1.797693134862e+308, 4.1357e+00, 1.1791e+00, 
 2DIAGNOSTIC,     2, -3.933350080180e-01, 1.797693134862e+308, 4.3966e+00, 2.6088e-01, 
 2DIAGNOSTIC,     3, -3.934316047109e-01, 1.797693134862e+308, 4.6696e+00, 2.7299e-01, 
 2DIAGNOSTIC,     4, -3.934445201005e-01, 1.797693134862e+308, 4.9751e+00, 3.0553e-01, 
 2DIAGNOSTIC,     5, -3.934561040695e-01, 1.797693134862e+308, 5.2777e+00, 3.0256e-01, 
 2DIAGNOSTIC,     6, -3.934557399737e-01, 1.797693134862e+308, 5.6421e+00, 3.6438e-01, 
 2DIAGNOSTIC,     7, -3.934568947180e-01, 1.797693134862e+308, 6.1260e+00, 4.8394e-01, 
 2DIAGNOSTIC,     8, -3.934560025996e-01, 1.797693134862e+308, 6.4292e+00, 3.0324e-01, 
 2DIAGNOSTIC,     9, -3.934553706703e-01, 1.797693134862e+308, 6.8087e+00, 3.7945e-01, 
 2DIAGNOSTIC,    10, -3.934548435086e-01, 2.950388301105e-05, 7.1682e+00, 3.5950e-01, 
 2DIAGNOSTIC,    11, -3.934535150124e-01, 1.251787719403e-05, 7.4675e+00, 2.9931e-01, 
 2DIAGNOSTIC,    12, -3.934529103044e-01, 4.334106905493e-06, 7.7862e+00, 3.1873e-01, 
 2DIAGNOSTIC,    13, -3.934523311608e-01, 2.580302147670e-06, 8.1039e+00, 3.1770e-01, 
 2DIAGNOSTIC,    14, -3.934518640165e-01, 1.691075435933e-06, 8.5021e+00, 3.9814e-01, 
 2DIAGNOSTIC,    15, -3.934519733698e-01, 1.537715201158e-06, 8.8631e+00, 3.6106e-01, 
 2DIAGNOSTIC,    16, -3.934513608817e-01, 1.410840026056e-06, 9.1445e+00, 2.8139e-01, 
 2DIAGNOSTIC,    17, -3.934508379530e-01, 1.380509598872e-06, 9.4449e+00, 3.0042e-01, 
 2DIAGNOSTIC,    18, -3.934502559018e-01, 1.340256957152e-06, 9.7201e+00, 2.7515e-01, 
 2DIAGNOSTIC,    19, -3.934497851012e-01, 1.301860496142e-06, 1.0013e+01, 2.9275e-01, 
 2DIAGNOSTIC,    20, -3.934499620890e-01, 1.290039409817e-06, 1.0342e+01, 3.2892e-01, 
 2DIAGNOSTIC,    21, -3.934502604187e-01, 1.271710317864e-06, 1.0705e+01, 3.6353e-01, 
 2DIAGNOSTIC,    22, -3.934498714856e-01, 1.245514225132e-06, 1.1080e+01, 3.7427e-01, 
 2DIAGNOSTIC,    23, -3.934501306492e-01, 1.231426923293e-06, 1.1433e+01, 3.5296e-01, 
 2DIAGNOSTIC,    24, -3.934495534962e-01, 1.200792373077e-06, 1.1727e+01, 2.9400e-01, 
 2DIAGNOSTIC,    25, -3.934490926873e-01, 1.174527760404e-06, 1.2038e+01, 3.1106e-01, 
 2DIAGNOSTIC,    26, -3.934495815551e-01, 1.156238083548e-06, 1.2405e+01, 3.6715e-01, 
 2DIAGNOSTIC,    27, -3.934510332146e-01, 1.170201586867e-06, 1.2774e+01, 3.6938e-01, 
 2DIAGNOSTIC,    28, -3.934498669517e-01, 1.138213949196e-06, 1.3095e+01, 3.2054e-01, 
 2DIAGNOSTIC,    29, -3.934494067178e-01, 1.086573177982e-06, 1.3412e+01, 3.1785e-01, 
 2DIAGNOSTIC,    30, -3.934490070256e-01, 1.034518146523e-06, 1.3719e+01, 3.0632e-01, 
 2DIAGNOSTIC,    31, -3.934493551475e-01, 1.002859533944e-06, 1.4008e+01, 2.8874e-01, 
 2DIAGNOSTIC,    32, -3.934514388251e-01, 1.012149849572e-06, 1.4327e+01, 3.1964e-01, 
 2DIAGNOSTIC,    33, -3.934519790931e-01, 1.036071881823e-06, 1.4613e+01, 2.8560e-01, 
 2DIAGNOSTIC,    34, -3.934514161307e-01, 1.029042882187e-06, 1.4896e+01, 2.8367e-01, 
 2DIAGNOSTIC,    35, -3.934525147688e-01, 1.027695384362e-06, 1.5215e+01, 3.1814e-01, 
 2DIAGNOSTIC,    36, -3.934539683280e-01, 1.051995541797e-06, 1.5552e+01, 3.3763e-01, 
 2DIAGNOSTIC,    37, -3.934536116724e-01, 1.079271388000e-06, 1.5850e+01, 2.9726e-01, 
 2DIAGNOSTIC,    38, -3.934525130114e-01, 1.042002311019e-06, 1.6148e+01, 2.9886e-01, 
DIAGNOSTIC,Iteration,metricValue,convergenceValue,ITERATION_TIME_INDEX,SINCE_LAST
 2DIAGNOSTIC,     1, -3.660000231606e-01, 1.797693134862e+308, 1.8818e+01, 2.6696e+00, 
 2DIAGNOSTIC,     2, -3.661006044542e-01, 1.797693134862e+308, 2.0617e+01, 1.7986e+00, 
 2DIAGNOSTIC,     3, -3.661940053282e-01, 1.797693134862e+308, 2.2268e+01, 1.6516e+00, 
 2DIAGNOSTIC,     4, -3.662025643786e-01, 1.797693134862e+308, 2.5117e+01, 2.8485e+00, 
 2DIAGNOSTIC,     5, -3.662022977205e-01, 1.797693134862e+308, 2.7342e+01, 2.2258e+00, 
 2DIAGNOSTIC,     6, -3.662022733070e-01, 1.797693134862e+308, 2.9126e+01, 1.7836e+00, 
 2DIAGNOSTIC,     7, -3.662021510229e-01, 1.797693134862e+308, 3.0740e+01, 1.6136e+00, 
 2DIAGNOSTIC,     8, -3.662021104589e-01, 1.797693134862e+308, 3.2284e+01, 1.5446e+00, 
 2DIAGNOSTIC,     9, -3.662019867432e-01, 1.797693134862e+308, 3.3929e+01, 1.6443e+00, 
 2DIAGNOSTIC,    10, -3.662019340490e-01, 2.615307444061e-05, 3.5447e+01, 1.5185e+00, 
 2DIAGNOSTIC,    11, -3.662019021215e-01, 1.049209199834e-05, 3.7079e+01, 1.6321e+00, 
 2DIAGNOSTIC,    12, -3.662017877664e-01, 3.091361927068e-06, 3.8667e+01, 1.5877e+00, 
 2DIAGNOSTIC,    13, -3.662019075508e-01, 2.358435320718e-06, 4.0388e+01, 1.7208e+00, 
 2DIAGNOSTIC,    14, -3.662018586931e-01, 2.210206259415e-06, 4.2158e+01, 1.7701e+00, 
 2DIAGNOSTIC,    15, -3.662018919959e-01, 2.075386455275e-06, 4.3925e+01, 1.7670e+00, 
 2DIAGNOSTIC,    16, -3.662018421201e-01, 1.958104275529e-06, 4.5442e+01, 1.5178e+00, 
 2DIAGNOSTIC,    17, -3.662017315483e-01, 1.846828501587e-06, 4.6979e+01, 1.5361e+00, 
 2DIAGNOSTIC,    18, -3.662016584368e-01, 1.745449657899e-06, 4.8632e+01, 1.6539e+00, 
 2DIAGNOSTIC,    19, -3.662015876148e-01, 1.648798700377e-06, 5.0309e+01, 1.6763e+00, 
 2DIAGNOSTIC,    20, -3.662013732747e-01, 1.553843687718e-06, 5.2106e+01, 1.7974e+00, 
 2DIAGNOSTIC,    21, -3.662013254757e-01, 1.468744400733e-06, 5.4236e+01, 2.1300e+00, 
 2DIAGNOSTIC,    22, -3.662011170184e-01, 1.384171149983e-06, 5.5979e+01, 1.7432e+00, 
 2DIAGNOSTIC,    23, -3.662008967083e-01, 1.309503378344e-06, 5.7554e+01, 1.5746e+00, 
 2DIAGNOSTIC,    24, -3.662008589101e-01, 1.245215996308e-06, 5.9230e+01, 1.6761e+00, 
 2DIAGNOSTIC,    25, -3.662009022344e-01, 1.195923257181e-06, 6.0939e+01, 1.7091e+00, 
 2DIAGNOSTIC,    26, -3.662008588447e-01, 1.154782420909e-06, 6.2740e+01, 1.8013e+00, 
 2DIAGNOSTIC,    27, -3.662010886770e-01, 1.126687575501e-06, 6.4579e+01, 1.8382e+00, 
 2DIAGNOSTIC,    28, -3.662011544817e-01, 1.105168419661e-06, 6.6982e+01, 2.4033e+00, 
 2DIAGNOSTIC,    29, -3.662007271058e-01, 1.074819770491e-06, 7.0032e+01, 3.0499e+00, 
 2DIAGNOSTIC,    30, -3.662006710113e-01, 1.041888223245e-06, 7.2452e+01, 2.4207e+00, 
 2DIAGNOSTIC,    31, -3.662006079270e-01, 1.010052151994e-06, 7.4914e+01, 2.4612e+00, 
  Elapsed time (stage 0): 7.6127e+01


Total elapsed time: 7.6130e+01
Info [verificarlo]: loaded backend libinterflop_ieee.so
Info [interflop-ieee]: load backend with:
Info [interflop-ieee]: debug = false
Info [interflop-ieee]: debug-binary = false
Info [interflop-ieee]: no-backend-name = false
Info [interflop-ieee]: print-new-line = false
Info [interflop-ieee]: print-subnormal-normalized = false
Info [interflop-ieee]: count-op = false
All_Command_lines_OK
Using double precision for computations.
=============================================================================
The composite transform comprises the following transforms (in order): 
  1. /home/mdugre/scratch/mri-registration-rp/datasets/ds004513/derivatives/mri-registration-rp/0001/antsRegistration-r7-p16/sub-s014/rigid_Composite.h5[0] (type = Euler3DTransform)
  2. /home/mdugre/scratch/mri-registration-rp/datasets/ds004513/derivatives/mri-registration-rp/0001/antsRegistration-r7-p16/sub-s014/rigid_Composite.h5[1] (type = Euler3DTransform)
  3. /home/mdugre/scratch/mri-registration-rp/datasets/ds004513/derivatives/mri-registration-rp/0001/antsRegistration-r7-p16/sub-s014/rigid_Composite.h5[2] (type = Euler3DTransform)
=============================================================================
  number of levels = 4
  fixed image: /templateflow/tpl-MNI152NLin2009cAsym/tpl-MNI152NLin2009cAsym_res-01_desc-brain_T1w.nii.gz
  moving image: /home/mdugre/scratch/mri-registration-rp/datasets/ds004513/derivatives/mri-registration-rp/antsBrainExtraction/sub-s014/BrainExtractionBrain.nii.gz
Dimension = 3
Number of stages = 1
Use histogram matching = false
Winsorize image intensities = true
  Lower quantile = 0.005
  Upper quantile = 0.995


Stage 1 State
   Image metric = MattesMI
     Fixed image = Image (0x38097e0)
  RTTI typeinfo:   itk::Image<double, 3u>
  Reference Count: 2
  Modified Time: 1594
  Debug: Off
  Object Name: 
  Observers: 
    none
  Source: (none)
  Source output name: (none)
  Release Data: Off
  Data Released: False
  Global Release Data: Off
  PipelineMTime: 0
  UpdateMTime: 1203
  RealTimeStamp: 0 seconds 
  LargestPossibleRegion: 
    Dimension: 3
    Index: [0, 0, 0]
    Size: [193, 229, 193]
  BufferedRegion: 
    Dimension: 3
    Index: [0, 0, 0]
    Size: [193, 229, 193]
  RequestedRegion: 
    Dimension: 3
    Index: [0, 0, 0]
    Size: [193, 229, 193]
  Spacing: [1, 1, 1]
  Origin: [96, 132, -78]
  Direction: 
-1 0 0
0 -1 0
0 0 1

  IndexToPointMatrix: 
-1 0 0
0 -1 0
0 0 1

  PointToIndexMatrix: 
-1 0 0
0 -1 0
0 0 1

  Inverse Direction: 
-1 0 0
0 -1 0
0 0 1

  PixelContainer: 
    ImportImageContainer (0x38c9a20)
      RTTI typeinfo:   itk::ImportImageContainer<unsigned long, double>
      Reference Count: 1
      Modified Time: 1200
      Debug: Off
      Object Name: 
      Observers: 
        none
      Pointer: 0x14d617365010
      Container manages memory: true
      Size: 8530021
      Capacity: 8530021

     Moving image = Image (0x38c4d70)
  RTTI typeinfo:   itk::Image<double, 3u>
  Reference Count: 2
  Modified Time: 1595
  Debug: Off
  Object Name: 
  Observers: 
    none
  Source: (none)
  Source output name: (none)
  Release Data: Off
  Data Released: False
  Global Release Data: Off
  PipelineMTime: 0
  UpdateMTime: 1592
  RealTimeStamp: 0 seconds 
  LargestPossibleRegion: 
    Dimension: 3
    Index: [0, 0, 0]
    Size: [160, 240, 256]
  BufferedRegion: 
    Dimension: 3
    Index: [0, 0, 0]
    Size: [160, 240, 256]
  RequestedRegion: 
    Dimension: 3
    Index: [0, 0, 0]
    Size: [160, 240, 256]
  Spacing: [0.999999, 1, 1]
  Origin: [84.1637, 106.709, -120.531]
  Direction: 
-0.999619 -0.0226874 -0.0157033
0.0226846 -0.999743 0.00035635
-0.0157073 -7.8229e-09 0.999877

  IndexToPointMatrix: 
-0.999619 -0.0226874 -0.0157033
0.0226845 -0.999743 0.00035635
-0.0157073 -7.8229e-09 0.999877

  PointToIndexMatrix: 
-0.99962 0.0226846 -0.0157073
-0.0226874 -0.999743 -7.83127e-09
-0.0157033 0.00035635 0.999877

  Inverse Direction: 
-0.999619 0.0226846 -0.0157073
-0.0226874 -0.999743 -7.83127e-09
-0.0157033 0.00035635 0.999877

  PixelContainer: 
    ImportImageContainer (0x387cc90)
      RTTI typeinfo:   itk::ImportImageContainer<unsigned long, double>
      Reference Count: 1
      Modified Time: 1589
      Debug: Off
      Object Name: 
      Observers: 
        none
      Pointer: 0x14d612864010
      Container manages memory: true
      Size: 9830400
      Capacity: 9830400

     Weighting = 1
     Sampling strategy = regular
     Number of bins = 32
     Radius = 4
     Sampling percentage  = 0.25
   Transform = Affine
     Gradient step = 0.1
     Update field sigma (voxel space) = 0
     Total field sigma (voxel space) = 0
     Update field time sigma = 0
     Total field time sigma  = 0
     Number of time indices = 0
     Number of time point samples = 0
Registration using 1 total stages.

Stage 0
  iterations = 1000x500x250x100
  convergence threshold = 1e-06
  convergence window size = 10
  number of levels = 4
  using the Mattes MI metric (number of bins = 32, weight = 1, use gradient filter = 0)
  preprocessing:  winsorizing the image intensities
  Shrink factors (level 1 out of 4): [8, 8, 8]
  Shrink factors (level 2 out of 4): [4, 4, 4]
  Shrink factors (level 3 out of 4): [2, 2, 2]
  Shrink factors (level 4 out of 4): [1, 1, 1]
  smoothing sigmas per level: [3, 2, 1, 0]
  regular sampling (percentage = 0.25)

*** Running AffineTransform registration ***

DIAGNOSTIC,Iteration,metricValue,convergenceValue,ITERATION_TIME_INDEX,SINCE_LAST
 2DIAGNOSTIC,     1, -5.239750080526e-01, 1.797693134862e+308, 7.7716e-01, 7.7716e-01, 
 2DIAGNOSTIC,     2, -5.258640011132e-01, 1.797693134862e+308, 7.8333e-01, 6.1719e-03, 
 2DIAGNOSTIC,     3, -5.291088178394e-01, 1.797693134862e+308, 7.8842e-01, 5.0819e-03, 
 2DIAGNOSTIC,     4, -5.347710738846e-01, 1.797693134862e+308, 7.9386e-01, 5.4440e-03, 
 2DIAGNOSTIC,     5, -5.449383435052e-01, 1.797693134862e+308, 7.9910e-01, 5.2390e-03, 
 2DIAGNOSTIC,     6, -6.215305927096e-01, 1.797693134862e+308, 8.0516e-01, 6.0561e-03, 
 2DIAGNOSTIC,     7, -6.633610702130e-01, 1.797693134862e+308, 8.1054e-01, 5.3868e-03, 
 2DIAGNOSTIC,     8, -7.298997254850e-01, 1.797693134862e+308, 8.1794e-01, 7.3950e-03, 
 2DIAGNOSTIC,     9, -7.422520600197e-01, 1.797693134862e+308, 8.2380e-01, 5.8639e-03, 
 2DIAGNOSTIC,    10, -7.541337871848e-01, 2.915589930553e-02, 8.2995e-01, 6.1491e-03, 
 2DIAGNOSTIC,    11, -7.649021576451e-01, 2.764846858285e-02, 8.3754e-01, 7.5910e-03, 
 2DIAGNOSTIC,    12, -7.741613171727e-01, 2.434790583165e-02, 8.4641e-01, 8.8711e-03, 
 2DIAGNOSTIC,    13, -7.770749644025e-01, 1.968341193893e-02, 8.5396e-01, 7.5481e-03, 
 2DIAGNOSTIC,    14, -7.814240481943e-01, 1.436951108310e-02, 8.6083e-01, 6.8738e-03, 
 2DIAGNOSTIC,    15, -7.874240639607e-01, 9.014356786551e-03, 8.6859e-01, 7.7510e-03, 
 2DIAGNOSTIC,    16, -7.920940462389e-01, 5.733376103900e-03, 8.7471e-01, 6.1250e-03, 
 2DIAGNOSTIC,    17, -7.957348520562e-01, 3.442742433117e-03, 8.8069e-01, 5.9791e-03, 
 2DIAGNOSTIC,    18, -8.010582504864e-01, 2.769039698966e-03, 8.8890e-01, 8.2102e-03, 
 2DIAGNOSTIC,    19, -8.020626996910e-01, 2.204718062239e-03, 8.9567e-01, 6.7682e-03, 
 2DIAGNOSTIC,    20, -8.025890587161e-01, 1.748795500336e-03, 9.0130e-01, 5.6319e-03, 
 2DIAGNOSTIC,    21, -8.047955103935e-01, 1.424948006500e-03, 9.0786e-01, 6.5579e-03, 
 2DIAGNOSTIC,    22, -8.088027419720e-01, 1.241494100100e-03, 9.1579e-01, 7.9329e-03, 
 2DIAGNOSTIC,    23, -8.108243385039e-01, 1.042955135797e-03, 9.2136e-01, 5.5652e-03, 
 2DIAGNOSTIC,    24, -8.126173330329e-01, 8.657343361840e-04, 9.2702e-01, 5.6679e-03, 
 2DIAGNOSTIC,    25, -8.155466266697e-01, 7.640109343266e-04, 9.3328e-01, 6.2530e-03, 
 2DIAGNOSTIC,    26, -8.215065831003e-01, 7.575362244279e-04, 9.3877e-01, 5.4920e-03, 
 2DIAGNOSTIC,    27, -8.250965871259e-01, 7.800290548646e-04, 9.4505e-01, 6.2780e-03, 
 2DIAGNOSTIC,    28, -8.289072694383e-01, 8.532771919165e-04, 9.5196e-01, 6.9151e-03, 
 2DIAGNOSTIC,    29, -8.295852202040e-01, 8.638398224514e-04, 9.5761e-01, 5.6520e-03, 
 2DIAGNOSTIC,    30, -8.372795660931e-01, 8.974584037816e-04, 9.6412e-01, 6.5069e-03, 
 2DIAGNOSTIC,    31, -8.403346094553e-01, 9.046783416515e-04, 9.7286e-01, 8.7419e-03, 
 2DIAGNOSTIC,    32, -8.402197877257e-01, 8.715356106342e-04, 9.7904e-01, 6.1781e-03, 
 2DIAGNOSTIC,    33, -8.408486140491e-01, 7.906962407202e-04, 9.8558e-01, 6.5420e-03, 
 2DIAGNOSTIC,    34, -8.411945247837e-01, 6.644426933273e-04, 9.9098e-01, 5.3949e-03, 
 2DIAGNOSTIC,    35, -8.414350804561e-01, 5.151593081343e-04, 9.9694e-01, 5.9590e-03, 
 2DIAGNOSTIC,    36, -8.416712588869e-01, 3.896365011790e-04, 1.0023e+00, 5.3501e-03, 
 2DIAGNOSTIC,    37, -8.415835307078e-01, 2.702750220702e-04, 1.0077e+00, 5.4102e-03, 
 2DIAGNOSTIC,    38, -8.417528161225e-01, 1.724973889214e-04, 1.0131e+00, 5.3899e-03, 
 2DIAGNOSTIC,    39, -8.419029931802e-01, 6.994953417750e-05, 1.0186e+00, 5.4979e-03, 
 2DIAGNOSTIC,    40, -8.420473637648e-01, 3.831501295529e-05, 1.0239e+00, 5.3420e-03, 
 2DIAGNOSTIC,    41, -8.423317479059e-01, 3.505063229638e-05, 1.0303e+00, 6.4061e-03, 
 2DIAGNOSTIC,    42, -8.424961794325e-01, 2.901143847495e-05, 1.0360e+00, 5.6980e-03, 
 2DIAGNOSTIC,    43, -8.423004395676e-01, 2.425728193081e-05, 1.0434e+00, 7.4182e-03, 
 2DIAGNOSTIC,    44, -8.422978647678e-01, 2.039455790189e-05, 1.0611e+00, 1.7691e-02, 
 2DIAGNOSTIC,    45, -8.422978511323e-01, 1.673629750520e-05, 1.0671e+00, 5.9822e-03, 
 2DIAGNOSTIC,    46, -8.422978543900e-01, 1.358798032661e-05, 1.0731e+00, 6.0081e-03, 
 2DIAGNOSTIC,    47, -8.422978599010e-01, 8.646067718998e-06, 1.0795e+00, 6.3212e-03, 
 2DIAGNOSTIC,    48, -8.422978692182e-01, 4.493088454977e-06, 1.0858e+00, 6.3949e-03, 
 2DIAGNOSTIC,    49, -8.422978849684e-01, 1.298601113746e-06, 1.0920e+00, 6.1760e-03, 
DIAGNOSTIC,Iteration,metricValue,convergenceValue,ITERATION_TIME_INDEX,SINCE_LAST
 2DIAGNOSTIC,     1, -6.880687169211e-01, 1.797693134862e+308, 1.8651e+00, 7.7309e-01, 
 2DIAGNOSTIC,     2, -6.886938973308e-01, 1.797693134862e+308, 1.9152e+00, 5.0113e-02, 
 2DIAGNOSTIC,     3, -6.892110165567e-01, 1.797693134862e+308, 1.9659e+00, 5.0638e-02, 
 2DIAGNOSTIC,     4, -6.897132515492e-01, 1.797693134862e+308, 2.0100e+00, 4.4114e-02, 
 2DIAGNOSTIC,     5, -6.905630311571e-01, 1.797693134862e+308, 2.0488e+00, 3.8829e-02, 
 2DIAGNOSTIC,     6, -6.916105532627e-01, 1.797693134862e+308, 2.0921e+00, 4.3246e-02, 
 2DIAGNOSTIC,     7, -6.932344988635e-01, 1.797693134862e+308, 2.1649e+00, 7.2854e-02, 
 2DIAGNOSTIC,     8, -6.932389462916e-01, 1.797693134862e+308, 2.2071e+00, 4.2145e-02, 
 2DIAGNOSTIC,     9, -6.932738796932e-01, 1.797693134862e+308, 2.2504e+00, 4.3351e-02, 
 2DIAGNOSTIC,    10, -6.933213301530e-01, 5.747607661720e-04, 2.2974e+00, 4.6967e-02, 
 2DIAGNOSTIC,    11, -6.933557858506e-01, 4.614956800317e-04, 2.3434e+00, 4.6067e-02, 
 2DIAGNOSTIC,    12, -6.933718929243e-01, 3.471209536409e-04, 2.3969e+00, 5.3459e-02, 
 2DIAGNOSTIC,    13, -6.934066014257e-01, 2.369663078316e-04, 2.4523e+00, 5.5442e-02, 
 2DIAGNOSTIC,    14, -6.934363990019e-01, 1.373051659646e-04, 2.4970e+00, 4.4620e-02, 
 2DIAGNOSTIC,    15, -6.935497249258e-01, 6.469369306100e-05, 2.5444e+00, 4.7431e-02, 
 2DIAGNOSTIC,    16, -6.936289014888e-01, 2.310481962821e-05, 2.5955e+00, 5.1074e-02, 
 2DIAGNOSTIC,    17, -6.936192753619e-01, 2.347592260831e-05, 2.6447e+00, 4.9268e-02, 
 2DIAGNOSTIC,    18, -6.936223261834e-01, 2.203738780308e-05, 2.6859e+00, 4.1159e-02, 
 2DIAGNOSTIC,    19, -6.936147504541e-01, 1.944977398497e-05, 2.7331e+00, 4.7187e-02, 
 2DIAGNOSTIC,    20, -6.936189342666e-01, 1.647960295367e-05, 2.7815e+00, 4.8451e-02, 
 2DIAGNOSTIC,    21, -6.936099492568e-01, 1.287586516273e-05, 2.8276e+00, 4.6035e-02, 
 2DIAGNOSTIC,    22, -6.936024814703e-01, 8.724365714731e-06, 2.8712e+00, 4.3678e-02, 
 2DIAGNOSTIC,    23, -6.936178446602e-01, 5.182751322948e-06, 2.9220e+00, 5.0761e-02, 
 2DIAGNOSTIC,    24, -6.936075440069e-01, 1.862420855703e-06, 2.9615e+00, 3.9449e-02, 
DIAGNOSTIC,Iteration,metricValue,convergenceValue,ITERATION_TIME_INDEX,SINCE_LAST
 2DIAGNOSTIC,     1, -5.883207709167e-01, 1.797693134862e+308, 4.2010e+00, 1.2395e+00, 
 2DIAGNOSTIC,     2, -5.889700498436e-01, 1.797693134862e+308, 4.5518e+00, 3.5076e-01, 
 2DIAGNOSTIC,     3, -5.897073700267e-01, 1.797693134862e+308, 4.8729e+00, 3.2118e-01, 
 2DIAGNOSTIC,     4, -5.905580089639e-01, 1.797693134862e+308, 5.2327e+00, 3.5978e-01, 
 2DIAGNOSTIC,     5, -5.916819710197e-01, 1.797693134862e+308, 5.5766e+00, 3.4388e-01, 
 2DIAGNOSTIC,     6, -5.937981975471e-01, 1.797693134862e+308, 6.0757e+00, 4.9910e-01, 
 2DIAGNOSTIC,     7, -5.938450416767e-01, 1.797693134862e+308, 6.6748e+00, 5.9912e-01, 
 2DIAGNOSTIC,     8, -5.938463781161e-01, 1.797693134862e+308, 7.0547e+00, 3.7984e-01, 
 2DIAGNOSTIC,     9, -5.938459498391e-01, 1.797693134862e+308, 7.6877e+00, 6.3304e-01, 
 2DIAGNOSTIC,    10, -5.938465077813e-01, 7.031247148856e-04, 8.3448e+00, 6.5712e-01, 
 2DIAGNOSTIC,    11, -5.938444579090e-01, 5.186176363066e-04, 8.8570e+00, 5.1222e-01, 
 2DIAGNOSTIC,    12, -5.938432047876e-01, 3.445869511712e-04, 9.3510e+00, 4.9392e-01, 
 2DIAGNOSTIC,    13, -5.938419500744e-01, 1.945694206526e-04, 9.8717e+00, 5.2078e-01, 
 2DIAGNOSTIC,    14, -5.938419225931e-01, 7.753244790175e-05, 1.0331e+01, 4.5888e-01, 
 2DIAGNOSTIC,    15, -5.938417526086e-01, 3.279876244836e-06, 1.0701e+01, 3.7026e-01, 
 2DIAGNOSTIC,    16, -5.938410823687e-01, 1.597775898310e-06, 1.1122e+01, 4.2148e-01, 
 2DIAGNOSTIC,    17, -5.938399389226e-01, 1.439880035516e-06, 1.1545e+01, 4.2299e-01, 
 2DIAGNOSTIC,    18, -5.938391173066e-01, 1.354347649592e-06, 1.1977e+01, 4.3132e-01, 
 2DIAGNOSTIC,    19, -5.938389431052e-01, 1.299767397156e-06, 1.2431e+01, 4.5409e-01, 
