
##########################
# Experiment information #
##########################

EXPERIMENT_NAME: antsRegistration-r8-p23
VFC_BACKENDS: libinterflop_vprec.so --range-binary32=8 --precision-binary32=23 --range-binary64=8 --precision-binary64=23

SIF_IMG: /home/mdugre/projects/rrg-glatard/mdugre/containers/ants-vprec-no_metrics.simg

SUBJECT_ID: s003
INPUT_IMG: /home/mdugre/scratch/mri-registration-rp/datasets/ds004513/derivatives/mri-registration-rp/antsBrainExtraction/sub-s003/BrainExtractionBrain.nii.gz
OUTPUT_DIR: /home/mdugre/scratch/mri-registration-rp/datasets/ds004513/derivatives/mri-registration-rp/0001/antsRegistration-r8-p23/sub-s003

FIXED_IMG: /templateflow/tpl-MNI152NLin2009cAsym/tpl-MNI152NLin2009cAsym_res-01_desc-brain_T1w.nii.gz
DATA_DIR: /home/mdugre/scratch/mri-registration-rp/datasets/ds004513
TEMPLATEFLOW_DIR: /home/mdugre/projects/rrg-glatard/mdugre/templateflow
ITK_GLOBAL_DEFAULT_NUMBER_OF_THREADS: 16
##########################

Info [verificarlo]: loaded backend libinterflop_ieee.so
Info [interflop-ieee]: load backend with:
Info [interflop-ieee]: debug = false
Info [interflop-ieee]: debug-binary = false
Info [interflop-ieee]: no-backend-name = false
Info [interflop-ieee]: print-new-line = false
Info [interflop-ieee]: print-subnormal-normalized = false
Info [interflop-ieee]: count-op = false
All_Command_lines_OK
Using double precision for computations.
=============================================================================
The composite transform comprises the following transforms (in order): 
  1. Center of mass alignment using fixed image: /templateflow/tpl-MNI152NLin2009cAsym/tpl-MNI152NLin2009cAsym_res-01_desc-brain_T1w.nii.gz and moving image: /home/mdugre/scratch/mri-registration-rp/datasets/ds004513/derivatives/mri-registration-rp/antsBrainExtraction/sub-s003/BrainExtractionBrain.nii.gz (type = Euler3DTransform)
=============================================================================
  number of levels = 1
  fixed image: /templateflow/tpl-MNI152NLin2009cAsym/tpl-MNI152NLin2009cAsym_res-01_desc-brain_T1w.nii.gz
  moving image: /home/mdugre/scratch/mri-registration-rp/datasets/ds004513/derivatives/mri-registration-rp/antsBrainExtraction/sub-s003/BrainExtractionBrain.nii.gz
Dimension = 3
Number of stages = 1
Use histogram matching = false
Winsorize image intensities = true
  Lower quantile = 0.005
  Upper quantile = 0.995


Stage 1 State
   Image metric = MattesMI
     Fixed image = Image (0x37f4e70)
  RTTI typeinfo:   itk::Image<double, 3u>
  Reference Count: 2
  Modified Time: 2334
  Debug: Off
  Object Name: 
  Observers: 
    none
  Source: (none)
  Source output name: (none)
  Release Data: Off
  Data Released: False
  Global Release Data: Off
  PipelineMTime: 0
  UpdateMTime: 1943
  RealTimeStamp: 0 seconds 
  LargestPossibleRegion: 
    Dimension: 3
    Index: [0, 0, 0]
    Size: [193, 229, 193]
  BufferedRegion: 
    Dimension: 3
    Index: [0, 0, 0]
    Size: [193, 229, 193]
  RequestedRegion: 
    Dimension: 3
    Index: [0, 0, 0]
    Size: [193, 229, 193]
  Spacing: [1, 1, 1]
  Origin: [96, 132, -78]
  Direction: 
-1 0 0
0 -1 0
0 0 1

  IndexToPointMatrix: 
-1 0 0
0 -1 0
0 0 1

  PointToIndexMatrix: 
-1 0 0
0 -1 0
0 0 1

  Inverse Direction: 
-1 0 0
0 -1 0
0 0 1

  PixelContainer: 
    ImportImageContainer (0x3801140)
      RTTI typeinfo:   itk::ImportImageContainer<unsigned long, double>
      Reference Count: 1
      Modified Time: 1940
      Debug: Off
      Object Name: 
      Observers: 
        none
      Pointer: 0x154df4b91010
      Container manages memory: true
      Size: 8530021
      Capacity: 8530021

     Moving image = Image (0x37fe310)
  RTTI typeinfo:   itk::Image<double, 3u>
  Reference Count: 2
  Modified Time: 2335
  Debug: Off
  Object Name: 
  Observers: 
    none
  Source: (none)
  Source output name: (none)
  Release Data: Off
  Data Released: False
  Global Release Data: Off
  PipelineMTime: 0
  UpdateMTime: 2332
  RealTimeStamp: 0 seconds 
  LargestPossibleRegion: 
    Dimension: 3
    Index: [0, 0, 0]
    Size: [176, 240, 256]
  BufferedRegion: 
    Dimension: 3
    Index: [0, 0, 0]
    Size: [176, 240, 256]
  RequestedRegion: 
    Dimension: 3
    Index: [0, 0, 0]
    Size: [176, 240, 256]
  Spacing: [0.999999, 1, 1]
  Origin: [93.3499, 86.9368, -128.957]
  Direction: 
-0.999513 -0.0279216 -0.0139567
0.0279189 -0.99961 0.000389866
-0.0139622 2.01492e-08 0.999903

  IndexToPointMatrix: 
-0.999512 -0.0279216 -0.0139567
0.0279189 -0.99961 0.000389866
-0.0139621 2.01492e-08 0.999903

  PointToIndexMatrix: 
-0.999514 0.0279189 -0.0139622
-0.0279216 -0.99961 2.01716e-08
-0.0139567 0.000389866 0.999903

  Inverse Direction: 
-0.999513 0.0279189 -0.0139622
-0.0279216 -0.99961 2.01716e-08
-0.0139567 0.000389866 0.999903

  PixelContainer: 
    ImportImageContainer (0x3929610)
      RTTI typeinfo:   itk::ImportImageContainer<unsigned long, double>
      Reference Count: 1
      Modified Time: 2329
      Debug: Off
      Object Name: 
      Observers: 
        none
      Pointer: 0x154def910010
      Container manages memory: true
      Size: 10813440
      Capacity: 10813440

     Weighting = 1
     Sampling strategy = regular
     Number of bins = 32
     Radius = 4
     Sampling percentage  = 0.25
   Transform = Rigid
     Gradient step = 0.1
     Update field sigma (voxel space) = 0
     Total field sigma (voxel space) = 0
     Update field time sigma = 0
     Total field time sigma  = 0
     Number of time indices = 0
     Number of time point samples = 0
Registration using 1 total stages.

Stage 0
  iterations = 0
  convergence threshold = 1e-06
  convergence window size = 10
  number of levels = 1
  using the Mattes MI metric (number of bins = 32, weight = 1, use gradient filter = 0)
  preprocessing:  winsorizing the image intensities
  Shrink factors (level 1 out of 1): [1, 1, 1]
  smoothing sigmas per level: [0]
  regular sampling (percentage = 0.25)

*** Running Euler3DTransform registration ***

  Elapsed time (stage 0): 1.13927


Total elapsed time: 1.14157
Info [verificarlo]: loaded backend libinterflop_ieee.so
Info [interflop-ieee]: load backend with:
Info [interflop-ieee]: debug = false
Info [interflop-ieee]: debug-binary = false
Info [interflop-ieee]: no-backend-name = false
Info [interflop-ieee]: print-new-line = false
Info [interflop-ieee]: print-subnormal-normalized = false
Info [interflop-ieee]: count-op = false
All_Command_lines_OK
Using double precision for computations.
=============================================================================
The composite transform comprises the following transforms (in order): 
  1. /home/mdugre/scratch/mri-registration-rp/datasets/ds004513/derivatives/mri-registration-rp/0001/antsRegistration-r8-p23/sub-s003/align_Composite.h5[0] (type = Euler3DTransform)
  2. /home/mdugre/scratch/mri-registration-rp/datasets/ds004513/derivatives/mri-registration-rp/0001/antsRegistration-r8-p23/sub-s003/align_Composite.h5[1] (type = Euler3DTransform)
=============================================================================
  number of levels = 4
  fixed image: /templateflow/tpl-MNI152NLin2009cAsym/tpl-MNI152NLin2009cAsym_res-01_desc-brain_T1w.nii.gz
  moving image: /home/mdugre/scratch/mri-registration-rp/datasets/ds004513/derivatives/mri-registration-rp/antsBrainExtraction/sub-s003/BrainExtractionBrain.nii.gz
Dimension = 3
Number of stages = 1
Use histogram matching = false
Winsorize image intensities = true
  Lower quantile = 0.005
  Upper quantile = 0.995


Stage 1 State
   Image metric = MattesMI
     Fixed image = Image (0x3376530)
  RTTI typeinfo:   itk::Image<double, 3u>
  Reference Count: 2
  Modified Time: 1580
  Debug: Off
  Object Name: 
  Observers: 
    none
  Source: (none)
  Source output name: (none)
  Release Data: Off
  Data Released: False
  Global Release Data: Off
  PipelineMTime: 0
  UpdateMTime: 1189
  RealTimeStamp: 0 seconds 
  LargestPossibleRegion: 
    Dimension: 3
    Index: [0, 0, 0]
    Size: [193, 229, 193]
  BufferedRegion: 
    Dimension: 3
    Index: [0, 0, 0]
    Size: [193, 229, 193]
  RequestedRegion: 
    Dimension: 3
    Index: [0, 0, 0]
    Size: [193, 229, 193]
  Spacing: [1, 1, 1]
  Origin: [96, 132, -78]
  Direction: 
-1 0 0
0 -1 0
0 0 1

  IndexToPointMatrix: 
-1 0 0
0 -1 0
0 0 1

  PointToIndexMatrix: 
-1 0 0
0 -1 0
0 0 1

  Inverse Direction: 
-1 0 0
0 -1 0
0 0 1

  PixelContainer: 
    ImportImageContainer (0x3434d60)
      RTTI typeinfo:   itk::ImportImageContainer<unsigned long, double>
      Reference Count: 1
      Modified Time: 1186
      Debug: Off
      Object Name: 
      Observers: 
        none
      Pointer: 0x14572603d010
      Container manages memory: true
      Size: 8530021
      Capacity: 8530021

     Moving image = Image (0x3426f60)
  RTTI typeinfo:   itk::Image<double, 3u>
  Reference Count: 2
  Modified Time: 1581
  Debug: Off
  Object Name: 
  Observers: 
    none
  Source: (none)
  Source output name: (none)
  Release Data: Off
  Data Released: False
  Global Release Data: Off
  PipelineMTime: 0
  UpdateMTime: 1578
  RealTimeStamp: 0 seconds 
  LargestPossibleRegion: 
    Dimension: 3
    Index: [0, 0, 0]
    Size: [176, 240, 256]
  BufferedRegion: 
    Dimension: 3
    Index: [0, 0, 0]
    Size: [176, 240, 256]
  RequestedRegion: 
    Dimension: 3
    Index: [0, 0, 0]
    Size: [176, 240, 256]
  Spacing: [0.999999, 1, 1]
  Origin: [93.3499, 86.9368, -128.957]
  Direction: 
-0.999513 -0.0279216 -0.0139567
0.0279189 -0.99961 0.000389866
-0.0139622 2.01492e-08 0.999903

  IndexToPointMatrix: 
-0.999512 -0.0279216 -0.0139567
0.0279189 -0.99961 0.000389866
-0.0139621 2.01492e-08 0.999903

  PointToIndexMatrix: 
-0.999514 0.0279189 -0.0139622
-0.0279216 -0.99961 2.01716e-08
-0.0139567 0.000389866 0.999903

  Inverse Direction: 
-0.999513 0.0279189 -0.0139622
-0.0279216 -0.99961 2.01716e-08
-0.0139567 0.000389866 0.999903

  PixelContainer: 
    ImportImageContainer (0x34186d0)
      RTTI typeinfo:   itk::ImportImageContainer<unsigned long, double>
      Reference Count: 1
      Modified Time: 1575
      Debug: Off
      Object Name: 
      Observers: 
        none
      Pointer: 0x145720dbc010
      Container manages memory: true
      Size: 10813440
      Capacity: 10813440

     Weighting = 1
     Sampling strategy = regular
     Number of bins = 32
     Radius = 4
     Sampling percentage  = 0.25
   Transform = Rigid
     Gradient step = 0.1
     Update field sigma (voxel space) = 0
     Total field sigma (voxel space) = 0
     Update field time sigma = 0
     Total field time sigma  = 0
     Number of time indices = 0
     Number of time point samples = 0
Registration using 1 total stages.

Stage 0
  iterations = 1000x500x250x100
  convergence threshold = 1e-06
  convergence window size = 10
  number of levels = 4
  using the Mattes MI metric (number of bins = 32, weight = 1, use gradient filter = 0)
  preprocessing:  winsorizing the image intensities
  Shrink factors (level 1 out of 4): [8, 8, 8]
  Shrink factors (level 2 out of 4): [4, 4, 4]
  Shrink factors (level 3 out of 4): [2, 2, 2]
  Shrink factors (level 4 out of 4): [1, 1, 1]
  smoothing sigmas per level: [3, 2, 1, 0]
  regular sampling (percentage = 0.25)

*** Running Euler3DTransform registration ***

DIAGNOSTIC,Iteration,metricValue,convergenceValue,ITERATION_TIME_INDEX,SINCE_LAST
 2DIAGNOSTIC,     1, -4.871187133941e-01, 1.797693134862e+308, 7.5455e-01, 7.5455e-01, 
 2DIAGNOSTIC,     2, -4.887966556740e-01, 1.797693134862e+308, 7.5894e-01, 4.3969e-03, 
 2DIAGNOSTIC,     3, -4.919242839642e-01, 1.797693134862e+308, 7.6316e-01, 4.2119e-03, 
 2DIAGNOSTIC,     4, -5.019092629522e-01, 1.797693134862e+308, 7.6713e-01, 3.9752e-03, 
 2DIAGNOSTIC,     5, -5.198319788477e-01, 1.797693134862e+308, 7.7111e-01, 3.9840e-03, 
 2DIAGNOSTIC,     6, -5.251449584180e-01, 1.797693134862e+308, 7.7523e-01, 4.1201e-03, 
 2DIAGNOSTIC,     7, -5.365118080768e-01, 1.797693134862e+308, 7.7915e-01, 3.9189e-03, 
 2DIAGNOSTIC,     8, -5.564319077261e-01, 1.797693134862e+308, 7.8510e-01, 5.9469e-03, 
 2DIAGNOSTIC,     9, -5.572786469687e-01, 1.797693134862e+308, 7.8883e-01, 3.7289e-03, 
 2DIAGNOSTIC,    10, -5.597886110608e-01, 1.060089541986e-02, 7.9340e-01, 4.5662e-03, 
 2DIAGNOSTIC,    11, -5.645450860914e-01, 9.471656029003e-03, 7.9772e-01, 4.3261e-03, 
 2DIAGNOSTIC,    12, -5.675342641672e-01, 7.901754414630e-03, 8.0238e-01, 4.6620e-03, 
 2DIAGNOSTIC,    13, -5.685174641935e-01, 6.033280802480e-03, 8.0710e-01, 4.7150e-03, 
 2DIAGNOSTIC,    14, -5.693412095342e-01, 4.302087948770e-03, 8.1235e-01, 5.2509e-03, 
 2DIAGNOSTIC,    15, -5.718972801998e-01, 3.155204981954e-03, 8.1693e-01, 4.5800e-03, 
 2DIAGNOSTIC,    16, -5.734788767073e-01, 2.091398053252e-03, 8.2102e-01, 4.0901e-03, 
 2DIAGNOSTIC,    17, -5.737823402463e-01, 1.310029424174e-03, 8.2594e-01, 4.9181e-03, 
 2DIAGNOSTIC,    18, -5.749452616695e-01, 1.114936190119e-03, 8.3006e-01, 4.1211e-03, 
 2DIAGNOSTIC,    19, -5.774392255367e-01, 9.301256922408e-04, 8.3622e-01, 6.1572e-03, 
 2DIAGNOSTIC,    20, -5.782944999876e-01, 7.612328989909e-04, 8.4086e-01, 4.6389e-03, 
 2DIAGNOSTIC,    21, -5.788863756165e-01, 6.687985513327e-04, 8.4487e-01, 4.0159e-03, 
 2DIAGNOSTIC,    22, -5.857337703340e-01, 7.546209638083e-04, 8.4917e-01, 4.3011e-03, 
 2DIAGNOSTIC,    23, -6.028589201604e-01, 1.162232411644e-03, 8.5382e-01, 4.6480e-03, 
 2DIAGNOSTIC,    24, -6.086613829025e-01, 1.554691229579e-03, 8.5959e-01, 5.7681e-03, 
 2DIAGNOSTIC,    25, -6.127624298865e-01, 1.904928829178e-03, 8.6427e-01, 4.6830e-03, 
 2DIAGNOSTIC,    26, -6.171330101839e-01, 2.167612397137e-03, 8.6888e-01, 4.6041e-03, 
 2DIAGNOSTIC,    27, -6.180829720182e-01, 2.226134233693e-03, 8.7298e-01, 4.1001e-03, 
 2DIAGNOSTIC,    28, -6.204355228704e-01, 2.128618116395e-03, 8.7754e-01, 4.5609e-03, 
 2DIAGNOSTIC,    29, -6.216541935993e-01, 1.901236634168e-03, 8.8185e-01, 4.3108e-03, 
 2DIAGNOSTIC,    30, -6.252686873306e-01, 1.589741122853e-03, 8.8650e-01, 4.6480e-03, 
 2DIAGNOSTIC,    31, -6.305776793272e-01, 1.244380301253e-03, 8.9064e-01, 4.1451e-03, 
 2DIAGNOSTIC,    32, -6.437125099894e-01, 1.107468344560e-03, 8.9591e-01, 5.2719e-03, 
 2DIAGNOSTIC,    33, -6.470264076326e-01, 1.176390178159e-03, 9.0012e-01, 4.2059e-03, 
 2DIAGNOSTIC,    34, -6.489218333687e-01, 1.241904377237e-03, 9.0675e-01, 6.6280e-03, 
 2DIAGNOSTIC,    35, -6.509314971674e-01, 1.271892939499e-03, 9.1078e-01, 4.0381e-03, 
 2DIAGNOSTIC,    36, -6.520042192581e-01, 1.251975360544e-03, 9.1483e-01, 4.0462e-03, 
 2DIAGNOSTIC,    37, -6.528673768580e-01, 1.135506858572e-03, 9.1886e-01, 4.0319e-03, 
 2DIAGNOSTIC,    38, -6.532438873709e-01, 9.531166253775e-04, 9.2289e-01, 4.0250e-03, 
 2DIAGNOSTIC,    39, -6.541879211232e-01, 7.192532073253e-04, 9.2840e-01, 5.5120e-03, 
 2DIAGNOSTIC,    40, -6.542312945682e-01, 4.743604695618e-04, 9.3249e-01, 4.0910e-03, 
 2DIAGNOSTIC,    41, -6.546783889779e-01, 2.615747008260e-04, 9.3698e-01, 4.4861e-03, 
 2DIAGNOSTIC,    42, -6.549651554494e-01, 1.881404272072e-04, 9.4094e-01, 3.9659e-03, 
 2DIAGNOSTIC,    43, -6.556348077786e-01, 1.447339175703e-04, 9.4595e-01, 5.0070e-03, 
 2DIAGNOSTIC,    44, -6.557392103201e-01, 1.109047638322e-04, 9.4998e-01, 4.0319e-03, 
 2DIAGNOSTIC,    45, -6.563398099620e-01, 9.579239226683e-05, 9.5518e-01, 5.1939e-03, 
 2DIAGNOSTIC,    46, -6.587834330224e-01, 1.085251043257e-04, 9.6116e-01, 5.9881e-03, 
 2DIAGNOSTIC,    47, -6.586932907036e-01, 1.174866067426e-04, 9.6565e-01, 4.4899e-03, 
 2DIAGNOSTIC,    48, -6.586789467361e-01, 1.185534740218e-04, 9.6964e-01, 3.9849e-03, 
 2DIAGNOSTIC,    49, -6.586264726953e-01, 1.173138549287e-04, 9.7371e-01, 4.0720e-03, 
 2DIAGNOSTIC,    50, -6.586312061728e-01, 1.052539919876e-04, 9.7804e-01, 4.3330e-03, 
 2DIAGNOSTIC,    51, -6.586784868018e-01, 8.787762274482e-05, 9.8235e-01, 4.3111e-03, 
 2DIAGNOSTIC,    52, -6.587145255600e-01, 6.563821294232e-05, 9.8664e-01, 4.2820e-03, 
 2DIAGNOSTIC,    53, -6.587680802869e-01, 4.489109177912e-05, 9.9147e-01, 4.8361e-03, 
 2DIAGNOSTIC,    54, -6.594397508058e-01, 2.757613676024e-05, 9.9681e-01, 5.3370e-03, 
 2DIAGNOSTIC,    55, -6.598089352570e-01, 1.585558304527e-05, 1.0016e+00, 4.8079e-03, 
 2DIAGNOSTIC,    56, -6.599432338366e-01, 2.463799756018e-05, 1.0062e+00, 4.5671e-03, 
 2DIAGNOSTIC,    57, -6.598717114500e-01, 2.954310924303e-05, 1.0110e+00, 4.8449e-03, 
 2DIAGNOSTIC,    58, -6.600562203450e-01, 3.292234977082e-05, 1.0158e+00, 4.8189e-03, 
 2DIAGNOSTIC,    59, -6.600718339741e-01, 3.265767733745e-05, 1.0203e+00, 4.4019e-03, 
 2DIAGNOSTIC,    60, -6.601699856466e-01, 3.005105520144e-05, 1.0256e+00, 5.3360e-03, 
 2DIAGNOSTIC,    61, -6.601833221650e-01, 2.522293784060e-05, 1.0304e+00, 4.8192e-03, 
 2DIAGNOSTIC,    62, -6.601847495737e-01, 1.857441026026e-05, 1.0347e+00, 4.3380e-03, 
 2DIAGNOSTIC,    63, -6.601856020720e-01, 1.071858405590e-05, 1.0390e+00, 4.2911e-03, 
 2DIAGNOSTIC,    64, -6.601004193444e-01, 6.304659305269e-06, 1.0444e+00, 5.3380e-03, 
 2DIAGNOSTIC,    65, -6.601020744378e-01, 4.109719893199e-06, 1.0489e+00, 4.5590e-03, 
 2DIAGNOSTIC,    66, -6.601029389102e-01, 2.606199711399e-06, 1.0638e+00, 1.4902e-02, 
DIAGNOSTIC,Iteration,metricValue,convergenceValue,ITERATION_TIME_INDEX,SINCE_LAST
 2DIAGNOSTIC,     1, -5.278797811856e-01, 1.797693134862e+308, 1.8537e+00, 7.8987e-01, 
 2DIAGNOSTIC,     2, -5.285167269768e-01, 1.797693134862e+308, 1.8860e+00, 3.2316e-02, 
 2DIAGNOSTIC,     3, -5.291785121447e-01, 1.797693134862e+308, 1.9179e+00, 3.1878e-02, 
 2DIAGNOSTIC,     4, -5.296153752167e-01, 1.797693134862e+308, 1.9495e+00, 3.1581e-02, 
 2DIAGNOSTIC,     5, -5.298974351417e-01, 1.797693134862e+308, 1.9816e+00, 3.2092e-02, 
 2DIAGNOSTIC,     6, -5.302069007471e-01, 1.797693134862e+308, 2.0155e+00, 3.3949e-02, 
 2DIAGNOSTIC,     7, -5.303918365164e-01, 1.797693134862e+308, 2.0457e+00, 3.0204e-02, 
 2DIAGNOSTIC,     8, -5.305713276638e-01, 1.797693134862e+308, 2.0760e+00, 3.0306e-02, 
 2DIAGNOSTIC,     9, -5.308203436985e-01, 1.797693134862e+308, 2.1138e+00, 3.7816e-02, 
 2DIAGNOSTIC,    10, -5.309208314134e-01, 3.489232392580e-04, 2.1557e+00, 4.1820e-02, 
 2DIAGNOSTIC,    11, -5.309271713840e-01, 2.527192048977e-04, 2.1867e+00, 3.1081e-02, 
 2DIAGNOSTIC,    12, -5.312039569267e-01, 1.906039069160e-04, 2.2171e+00, 3.0337e-02, 
 2DIAGNOSTIC,    13, -5.314168348744e-01, 1.565487437403e-04, 2.2470e+00, 2.9907e-02, 
 2DIAGNOSTIC,    14, -5.316708353242e-01, 1.394683488569e-04, 2.2778e+00, 3.0855e-02, 
 2DIAGNOSTIC,    15, -5.320250119007e-01, 1.346389814804e-04, 2.3118e+00, 3.4007e-02, 
 2DIAGNOSTIC,    16, -5.323415596023e-01, 1.390824465569e-04, 2.3471e+00, 3.5263e-02, 
 2DIAGNOSTIC,    17, -5.327056685838e-01, 1.474675421408e-04, 2.3840e+00, 3.6859e-02, 
 2DIAGNOSTIC,    18, -5.331225167727e-01, 1.588406248497e-04, 2.4198e+00, 3.5871e-02, 
 2DIAGNOSTIC,    19, -5.346359349728e-01, 2.038883832684e-04, 2.4566e+00, 3.6766e-02, 
 2DIAGNOSTIC,    20, -5.367534270764e-01, 2.839966685223e-04, 2.4996e+00, 4.2946e-02, 
 2DIAGNOSTIC,    21, -5.368367451510e-01, 3.312456520869e-04, 2.5342e+00, 3.4632e-02, 
 2DIAGNOSTIC,    22, -5.368496936257e-01, 3.514363990152e-04, 2.5662e+00, 3.2040e-02, 
 2DIAGNOSTIC,    23, -5.368948226575e-01, 3.436548039279e-04, 2.5982e+00, 3.1945e-02, 
 2DIAGNOSTIC,    24, -5.369372615884e-01, 3.102675424094e-04, 2.6376e+00, 3.9443e-02, 
 2DIAGNOSTIC,    25, -5.369454627069e-01, 2.574578363373e-04, 2.6724e+00, 3.4810e-02, 
 2DIAGNOSTIC,    26, -5.369603263795e-01, 1.916833163979e-04, 2.7172e+00, 4.4768e-02, 
 2DIAGNOSTIC,    27, -5.370066331487e-01, 1.217959665103e-04, 2.7568e+00, 3.9632e-02, 
 2DIAGNOSTIC,    28, -5.370177808810e-01, 5.336703300346e-05, 2.7969e+00, 4.0059e-02, 
 2DIAGNOSTIC,    29, -5.370473118005e-01, 1.202980943169e-05, 2.8327e+00, 3.5770e-02, 
 2DIAGNOSTIC,    30, -5.370858432303e-01, 1.071502096230e-05, 2.8688e+00, 3.6188e-02, 
 2DIAGNOSTIC,    31, -5.371368061561e-01, 1.087853142459e-05, 2.9316e+00, 6.2769e-02, 
 2DIAGNOSTIC,    32, -5.371393764332e-01, 1.032349633642e-05, 2.9878e+00, 5.6210e-02, 
 2DIAGNOSTIC,    33, -5.371393888011e-01, 9.644062795411e-06, 3.0920e+00, 1.0422e-01, 
 2DIAGNOSTIC,    34, -5.371393888000e-01, 8.860092012508e-06, 3.1762e+00, 8.4205e-02, 
 2DIAGNOSTIC,    35, -5.371393888000e-01, 7.484639649412e-06, 3.2242e+00, 4.7993e-02, 
 2DIAGNOSTIC,    36, -5.371393888000e-01, 5.755698878326e-06, 3.2612e+00, 3.6999e-02, 
 2DIAGNOSTIC,    37, -5.371393888000e-01, 4.330108836239e-06, 3.2973e+00, 3.6081e-02, 
 2DIAGNOSTIC,    38, -5.371393888000e-01, 2.812307741816e-06, 3.3320e+00, 3.4697e-02, 
 2DIAGNOSTIC,    39, -5.371393888000e-01, 1.581870791613e-06, 3.3715e+00, 3.9520e-02, 
DIAGNOSTIC,Iteration,metricValue,convergenceValue,ITERATION_TIME_INDEX,SINCE_LAST
 2DIAGNOSTIC,     1, -4.770333080119e-01, 1.797693134862e+308, 4.5348e+00, 1.1633e+00, 
 2DIAGNOSTIC,     2, -4.772546555745e-01, 1.797693134862e+308, 4.7588e+00, 2.2399e-01, 
 2DIAGNOSTIC,     3, -4.774466401214e-01, 1.797693134862e+308, 5.0691e+00, 3.1032e-01, 
 2DIAGNOSTIC,     4, -4.775314869986e-01, 1.797693134862e+308, 5.3452e+00, 2.7608e-01, 
 2DIAGNOSTIC,     5, -4.775407813590e-01, 1.797693134862e+308, 5.5995e+00, 2.5433e-01, 
 2DIAGNOSTIC,     6, -4.775499506643e-01, 1.797693134862e+308, 5.8589e+00, 2.5940e-01, 
 2DIAGNOSTIC,     7, -4.775626489142e-01, 1.797693134862e+308, 6.0810e+00, 2.2216e-01, 
 2DIAGNOSTIC,     8, -4.775930692181e-01, 1.797693134862e+308, 6.3104e+00, 2.2935e-01, 
 2DIAGNOSTIC,     9, -4.776547858888e-01, 1.797693134862e+308, 6.5297e+00, 2.1934e-01, 
 2DIAGNOSTIC,    10, -4.777602660749e-01, 7.433137035702e-05, 6.7515e+00, 2.2176e-01, 
 2DIAGNOSTIC,    11, -4.779023824002e-01, 5.887965932141e-05, 7.0646e+00, 3.1313e-01, 
 2DIAGNOSTIC,    12, -4.779134345536e-01, 5.218947712583e-05, 7.3246e+00, 2.5999e-01, 
 2DIAGNOSTIC,    13, -4.779229980564e-01, 5.128966561854e-05, 7.5547e+00, 2.3005e-01, 
 2DIAGNOSTIC,    14, -4.779319065256e-01, 5.009614398833e-05, 7.8128e+00, 2.5812e-01, 
 2DIAGNOSTIC,    15, -4.779986099385e-01, 4.762625293381e-05, 8.0260e+00, 2.1324e-01, 
 2DIAGNOSTIC,    16, -4.781121387522e-01, 4.572565498941e-05, 8.2275e+00, 2.0146e-01, 
 2DIAGNOSTIC,    17, -4.783800344206e-01, 4.978958961230e-05, 8.5488e+00, 3.2133e-01, 
 2DIAGNOSTIC,    18, -4.785033815061e-01, 5.393643041329e-05, 8.7526e+00, 2.0385e-01, 
 2DIAGNOSTIC,    19, -4.785981479470e-01, 5.771006582874e-05, 8.9942e+00, 2.4150e-01, 
 2DIAGNOSTIC,    20, -4.787726892394e-01, 6.415913652765e-05, 9.3228e+00, 3.2870e-01, 
 2DIAGNOSTIC,    21, -4.788241584741e-01, 6.950321356725e-05, 9.6191e+00, 2.9630e-01, 
 2DIAGNOSTIC,    22, -4.789377836462e-01, 7.131994593988e-05, 1.0009e+01, 3.8955e-01, 
 2DIAGNOSTIC,    23, -4.789388350701e-01, 6.669463471511e-05, 1.0274e+01, 2.6497e-01, 
 2DIAGNOSTIC,    24, -4.789367632542e-01, 5.658468092077e-05, 1.0549e+01, 2.7517e-01, 
 2DIAGNOSTIC,    25, -4.789370241552e-01, 4.369896903712e-05, 1.0920e+01, 3.7167e-01, 
 2DIAGNOSTIC,    26, -4.789356623323e-01, 3.022963399353e-05, 1.1196e+01, 2.7527e-01, 
 2DIAGNOSTIC,    27, -4.789347058103e-01, 2.086840678268e-05, 1.1468e+01, 2.7175e-01, 
 2DIAGNOSTIC,    28, -4.789331781790e-01, 1.290186239829e-05, 1.1733e+01, 2.6563e-01, 
 2DIAGNOSTIC,    29, -4.789321077987e-01, 6.243880057835e-06, 1.2021e+01, 2.8784e-01, 
 2DIAGNOSTIC,    30, -4.789307312361e-01, 2.972835805685e-06, 1.2284e+01, 2.6328e-01, 
DIAGNOSTIC,Iteration,metricValue,convergenceValue,ITERATION_TIME_INDEX,SINCE_LAST
 2DIAGNOSTIC,     1, -4.452810366852e-01, 1.797693134862e+308, 1.4740e+01, 2.4557e+00, 
 2DIAGNOSTIC,     2, -4.453073307556e-01, 1.797693134862e+308, 1.6445e+01, 1.7056e+00, 
 2DIAGNOSTIC,     3, -4.453214025858e-01, 1.797693134862e+308, 1.7946e+01, 1.5005e+00, 
 2DIAGNOSTIC,     4, -4.453308815857e-01, 1.797693134862e+308, 1.9441e+01, 1.4946e+00, 
 2DIAGNOSTIC,     5, -4.453499852975e-01, 1.797693134862e+308, 2.2140e+01, 2.6993e+00, 
 2DIAGNOSTIC,     6, -4.453501202295e-01, 1.797693134862e+308, 2.4087e+01, 1.9470e+00, 
 2DIAGNOSTIC,     7, -4.453500271293e-01, 1.797693134862e+308, 2.5616e+01, 1.5295e+00, 
 2DIAGNOSTIC,     8, -4.453498933185e-01, 1.797693134862e+308, 2.7784e+01, 2.1673e+00, 
 2DIAGNOSTIC,     9, -4.453498426369e-01, 1.797693134862e+308, 2.9402e+01, 1.6183e+00, 
 2DIAGNOSTIC,    10, -4.453497917222e-01, 1.178752498726e-05, 3.1051e+01, 1.6491e+00, 
 2DIAGNOSTIC,    11, -4.453497475899e-01, 7.560759949080e-06, 3.2641e+01, 1.5896e+00, 
 2DIAGNOSTIC,    12, -4.453496982320e-01, 5.016875139680e-06, 3.4029e+01, 1.3881e+00, 
 2DIAGNOSTIC,    13, -4.453495875118e-01, 3.334326654170e-06, 3.5528e+01, 1.4992e+00, 
 2DIAGNOSTIC,    14, -4.453496094782e-01, 2.219837568318e-06, 3.7025e+01, 1.4967e+00, 
 2DIAGNOSTIC,    15, -4.453497061821e-01, 2.075258290046e-06, 3.8960e+01, 1.9356e+00, 
 2DIAGNOSTIC,    16, -4.453496701258e-01, 1.956746008711e-06, 4.0630e+01, 1.6694e+00, 
 2DIAGNOSTIC,    17, -4.453495278060e-01, 1.846470456632e-06, 4.2229e+01, 1.5993e+00, 
 2DIAGNOSTIC,    18, -4.453494879520e-01, 1.744835170236e-06, 4.3897e+01, 1.6678e+00, 
 2DIAGNOSTIC,    19, -4.453492815894e-01, 1.647296790537e-06, 4.5329e+01, 1.4317e+00, 
 2DIAGNOSTIC,    20, -4.453492903293e-01, 1.560682406081e-06, 4.6999e+01, 1.6701e+00, 
 2DIAGNOSTIC,    21, -4.453491529496e-01, 1.479515325385e-06, 4.8596e+01, 1.5977e+00, 
 2DIAGNOSTIC,    22, -4.453492077166e-01, 1.409419781224e-06, 5.0246e+01, 1.6495e+00, 
 2DIAGNOSTIC,    23, -4.453491976817e-01, 1.345452971681e-06, 5.1943e+01, 1.6969e+00, 
 2DIAGNOSTIC,    24, -4.453491136336e-01, 1.288605611535e-06, 5.3581e+01, 1.6381e+00, 
 2DIAGNOSTIC,    25, -4.453490280920e-01, 1.240125528414e-06, 5.5135e+01, 1.5544e+00, 
 2DIAGNOSTIC,    26, -4.453488439596e-01, 1.193095046773e-06, 5.6574e+01, 1.4393e+00, 
 2DIAGNOSTIC,    27, -4.453491579556e-01, 1.156497814195e-06, 5.8318e+01, 1.7439e+00, 
 2DIAGNOSTIC,    28, -4.453491036231e-01, 1.122216836916e-06, 6.0004e+01, 1.6860e+00, 
 2DIAGNOSTIC,    29, -4.453490728542e-01, 1.086459359805e-06, 6.1579e+01, 1.5743e+00, 
 2DIAGNOSTIC,    30, -4.453491549843e-01, 1.056266733475e-06, 6.3156e+01, 1.5770e+00, 
 2DIAGNOSTIC,    31, -4.453491500764e-01, 1.025387570457e-06, 6.5054e+01, 1.8981e+00, 
  Elapsed time (stage 0): 6.5953e+01


Total elapsed time: 6.5955e+01
Info [verificarlo]: loaded backend libinterflop_ieee.so
Info [interflop-ieee]: load backend with:
Info [interflop-ieee]: debug = false
Info [interflop-ieee]: debug-binary = false
Info [interflop-ieee]: no-backend-name = false
Info [interflop-ieee]: print-new-line = false
Info [interflop-ieee]: print-subnormal-normalized = false
Info [interflop-ieee]: count-op = false
All_Command_lines_OK
Using double precision for computations.
=============================================================================
The composite transform comprises the following transforms (in order): 
  1. /home/mdugre/scratch/mri-registration-rp/datasets/ds004513/derivatives/mri-registration-rp/0001/antsRegistration-r8-p23/sub-s003/rigid_Composite.h5[0] (type = Euler3DTransform)
  2. /home/mdugre/scratch/mri-registration-rp/datasets/ds004513/derivatives/mri-registration-rp/0001/antsRegistration-r8-p23/sub-s003/rigid_Composite.h5[1] (type = Euler3DTransform)
  3. /home/mdugre/scratch/mri-registration-rp/datasets/ds004513/derivatives/mri-registration-rp/0001/antsRegistration-r8-p23/sub-s003/rigid_Composite.h5[2] (type = Euler3DTransform)
=============================================================================
  number of levels = 4
  fixed image: /templateflow/tpl-MNI152NLin2009cAsym/tpl-MNI152NLin2009cAsym_res-01_desc-brain_T1w.nii.gz
  moving image: /home/mdugre/scratch/mri-registration-rp/datasets/ds004513/derivatives/mri-registration-rp/antsBrainExtraction/sub-s003/BrainExtractionBrain.nii.gz
Dimension = 3
Number of stages = 1
Use histogram matching = false
Winsorize image intensities = true
  Lower quantile = 0.005
  Upper quantile = 0.995


Stage 1 State
   Image metric = MattesMI
     Fixed image = Image (0x3c827e0)
  RTTI typeinfo:   itk::Image<double, 3u>
  Reference Count: 2
  Modified Time: 1594
  Debug: Off
  Object Name: 
  Observers: 
    none
  Source: (none)
  Source output name: (none)
  Release Data: Off
  Data Released: False
  Global Release Data: Off
  PipelineMTime: 0
  UpdateMTime: 1203
  RealTimeStamp: 0 seconds 
  LargestPossibleRegion: 
    Dimension: 3
    Index: [0, 0, 0]
    Size: [193, 229, 193]
  BufferedRegion: 
    Dimension: 3
    Index: [0, 0, 0]
    Size: [193, 229, 193]
  RequestedRegion: 
    Dimension: 3
    Index: [0, 0, 0]
    Size: [193, 229, 193]
  Spacing: [1, 1, 1]
  Origin: [96, 132, -78]
  Direction: 
-1 0 0
0 -1 0
0 0 1

  IndexToPointMatrix: 
-1 0 0
0 -1 0
0 0 1

  PointToIndexMatrix: 
-1 0 0
0 -1 0
0 0 1

  Inverse Direction: 
-1 0 0
0 -1 0
0 0 1

  PixelContainer: 
    ImportImageContainer (0x3d42a20)
      RTTI typeinfo:   itk::ImportImageContainer<unsigned long, double>
      Reference Count: 1
      Modified Time: 1200
      Debug: Off
      Object Name: 
      Observers: 
        none
      Pointer: 0x149f6b3c0010
      Container manages memory: true
      Size: 8530021
      Capacity: 8530021

     Moving image = Image (0x3d3dd70)
  RTTI typeinfo:   itk::Image<double, 3u>
  Reference Count: 2
  Modified Time: 1595
  Debug: Off
  Object Name: 
  Observers: 
    none
  Source: (none)
  Source output name: (none)
  Release Data: Off
  Data Released: False
  Global Release Data: Off
  PipelineMTime: 0
  UpdateMTime: 1592
  RealTimeStamp: 0 seconds 
  LargestPossibleRegion: 
    Dimension: 3
    Index: [0, 0, 0]
    Size: [176, 240, 256]
  BufferedRegion: 
    Dimension: 3
    Index: [0, 0, 0]
    Size: [176, 240, 256]
  RequestedRegion: 
    Dimension: 3
    Index: [0, 0, 0]
    Size: [176, 240, 256]
  Spacing: [0.999999, 1, 1]
  Origin: [93.3499, 86.9368, -128.957]
  Direction: 
-0.999513 -0.0279216 -0.0139567
0.0279189 -0.99961 0.000389866
-0.0139622 2.01492e-08 0.999903

  IndexToPointMatrix: 
-0.999512 -0.0279216 -0.0139567
0.0279189 -0.99961 0.000389866
-0.0139621 2.01492e-08 0.999903

  PointToIndexMatrix: 
-0.999514 0.0279189 -0.0139622
-0.0279216 -0.99961 2.01716e-08
-0.0139567 0.000389866 0.999903

  Inverse Direction: 
-0.999513 0.0279189 -0.0139622
-0.0279216 -0.99961 2.01716e-08
-0.0139567 0.000389866 0.999903

  PixelContainer: 
    ImportImageContainer (0x3cf5c90)
      RTTI typeinfo:   itk::ImportImageContainer<unsigned long, double>
      Reference Count: 1
      Modified Time: 1589
      Debug: Off
      Object Name: 
      Observers: 
        none
      Pointer: 0x149f6613f010
      Container manages memory: true
      Size: 10813440
      Capacity: 10813440

     Weighting = 1
     Sampling strategy = regular
     Number of bins = 32
     Radius = 4
     Sampling percentage  = 0.25
   Transform = Affine
     Gradient step = 0.1
     Update field sigma (voxel space) = 0
     Total field sigma (voxel space) = 0
     Update field time sigma = 0
     Total field time sigma  = 0
     Number of time indices = 0
     Number of time point samples = 0
Registration using 1 total stages.

Stage 0
  iterations = 1000x500x250x100
  convergence threshold = 1e-06
  convergence window size = 10
  number of levels = 4
  using the Mattes MI metric (number of bins = 32, weight = 1, use gradient filter = 0)
  preprocessing:  winsorizing the image intensities
  Shrink factors (level 1 out of 4): [8, 8, 8]
  Shrink factors (level 2 out of 4): [4, 4, 4]
  Shrink factors (level 3 out of 4): [2, 2, 2]
  Shrink factors (level 4 out of 4): [1, 1, 1]
  smoothing sigmas per level: [3, 2, 1, 0]
  regular sampling (percentage = 0.25)

*** Running AffineTransform registration ***

DIAGNOSTIC,Iteration,metricValue,convergenceValue,ITERATION_TIME_INDEX,SINCE_LAST
 2DIAGNOSTIC,     1, -6.594217035562e-01, 1.797693134862e+308, 1.1368e+00, 1.1368e+00, 
 2DIAGNOSTIC,     2, -6.621822565237e-01, 1.797693134862e+308, 1.1434e+00, 6.6171e-03, 
 2DIAGNOSTIC,     3, -6.662676650302e-01, 1.797693134862e+308, 1.1499e+00, 6.5141e-03, 
 2DIAGNOSTIC,     4, -6.722797068992e-01, 1.797693134862e+308, 1.1562e+00, 6.3291e-03, 
 2DIAGNOSTIC,     5, -6.804199916954e-01, 1.797693134862e+308, 1.1626e+00, 6.3760e-03, 
 2DIAGNOSTIC,     6, -6.918249552262e-01, 1.797693134862e+308, 1.1693e+00, 6.6590e-03, 
 2DIAGNOSTIC,     7, -7.144152020264e-01, 1.797693134862e+308, 1.1798e+00, 1.0558e-02, 
 2DIAGNOSTIC,     8, -7.209517128294e-01, 1.797693134862e+308, 1.1893e+00, 9.5019e-03, 
 2DIAGNOSTIC,     9, -7.211606523233e-01, 1.797693134862e+308, 1.1966e+00, 7.3359e-03, 
 2DIAGNOSTIC,    10, -7.212058655151e-01, 7.129185612007e-03, 1.2044e+00, 7.7188e-03, 
 2DIAGNOSTIC,    11, -7.210942177090e-01, 6.106359249365e-03, 1.2123e+00, 7.9820e-03, 
 2DIAGNOSTIC,    12, -7.211163122217e-01, 4.797339001223e-03, 1.2189e+00, 6.6011e-03, 
 2DIAGNOSTIC,    13, -7.213394231215e-01, 3.396873325538e-03, 1.2276e+00, 8.6551e-03, 
 2DIAGNOSTIC,    14, -7.215387596886e-01, 2.082152876343e-03, 1.2375e+00, 9.8622e-03, 
 2DIAGNOSTIC,    15, -7.214732912899e-01, 9.778799403704e-04, 1.2455e+00, 8.0040e-03, 
 2DIAGNOSTIC,    16, -7.214076822310e-01, 1.987874797412e-04, 1.2536e+00, 8.0800e-03, 
 2DIAGNOSTIC,    17, -7.213379760896e-01, 2.649608925684e-05, 1.2617e+00, 8.1239e-03, 
 2DIAGNOSTIC,    18, -7.212647677307e-01, 1.613619732210e-05, 1.2697e+00, 8.0309e-03, 
 2DIAGNOSTIC,    19, -7.210888797512e-01, 6.138261510073e-06, 1.2765e+00, 6.7561e-03, 
DIAGNOSTIC,Iteration,metricValue,convergenceValue,ITERATION_TIME_INDEX,SINCE_LAST
 2DIAGNOSTIC,     1, -5.927313857544e-01, 1.797693134862e+308, 2.3390e+00, 1.0626e+00, 
 2DIAGNOSTIC,     2, -5.933777194581e-01, 1.797693134862e+308, 2.3718e+00, 3.2716e-02, 
 2DIAGNOSTIC,     3, -5.940389892877e-01, 1.797693134862e+308, 2.4030e+00, 3.1277e-02, 
 2DIAGNOSTIC,     4, -5.947454601991e-01, 1.797693134862e+308, 2.4372e+00, 3.4120e-02, 
 2DIAGNOSTIC,     5, -5.949566897483e-01, 1.797693134862e+308, 2.4840e+00, 4.6820e-02, 
 2DIAGNOSTIC,     6, -5.950249527702e-01, 1.797693134862e+308, 2.5245e+00, 4.0557e-02, 
 2DIAGNOSTIC,     7, -5.949986669779e-01, 1.797693134862e+308, 2.5622e+00, 3.7707e-02, 
 2DIAGNOSTIC,     8, -5.949423427942e-01, 1.797693134862e+308, 2.6002e+00, 3.7933e-02, 
 2DIAGNOSTIC,     9, -5.949541426503e-01, 1.797693134862e+308, 2.6330e+00, 3.2861e-02, 
 2DIAGNOSTIC,    10, -5.950048563264e-01, 2.142272741109e-04, 2.6779e+00, 4.4918e-02, 
 2DIAGNOSTIC,    11, -5.950053324672e-01, 1.161830428703e-04, 2.7249e+00, 4.6925e-02, 
 2DIAGNOSTIC,    12, -5.949906129009e-01, 4.926293761712e-05, 2.7705e+00, 4.5660e-02, 
 2DIAGNOSTIC,    13, -5.949919055280e-01, 1.227071093522e-05, 2.8095e+00, 3.9004e-02, 
 2DIAGNOSTIC,    14, -5.949840367456e-01, 3.318333051727e-06, 2.8462e+00, 3.6664e-02, 
 2DIAGNOSTIC,    15, -5.949816161096e-01, 1.987753243587e-06, 2.8829e+00, 3.6656e-02, 
 2DIAGNOSTIC,    16, -5.949774246457e-01, 2.753313721307e-06, 2.9145e+00, 3.1690e-02, 
 2DIAGNOSTIC,    17, -5.949675112812e-01, 2.419179803155e-06, 2.9541e+00, 3.9541e-02, 
DIAGNOSTIC,Iteration,metricValue,convergenceValue,ITERATION_TIME_INDEX,SINCE_LAST
 2DIAGNOSTIC,     1, -5.235870170475e-01, 1.797693134862e+308, 4.1495e+00, 1.1954e+00, 
 2DIAGNOSTIC,     2, -5.237910267953e-01, 1.797693134862e+308, 4.4298e+00, 2.8036e-01, 
 2DIAGNOSTIC,     3, -5.239984142849e-01, 1.797693134862e+308, 4.7468e+00, 3.1702e-01, 
 2DIAGNOSTIC,     4, -5.240302761091e-01, 1.797693134862e+308, 5.1068e+00, 3.6001e-01, 
 2DIAGNOSTIC,     5, -5.240121138749e-01, 1.797693134862e+308, 5.4716e+00, 3.6476e-01, 
 2DIAGNOSTIC,     6, -5.240759672346e-01, 1.797693134862e+308, 5.8136e+00, 3.4195e-01, 
 2DIAGNOSTIC,     7, -5.241984977660e-01, 1.797693134862e+308, 6.1366e+00, 3.2304e-01, 
 2DIAGNOSTIC,     8, -5.243634941415e-01, 1.797693134862e+308, 6.4674e+00, 3.3082e-01, 
 2DIAGNOSTIC,     9, -5.247697184950e-01, 1.797693134862e+308, 6.8340e+00, 3.6661e-01, 
 2DIAGNOSTIC,    10, -5.252984665319e-01, 1.610479314661e-04, 7.2033e+00, 3.6929e-01, 
 2DIAGNOSTIC,    11, -5.265031437148e-01, 2.271228493766e-04, 7.6627e+00, 4.5934e-01, 
 2DIAGNOSTIC,    12, -5.269707224150e-01, 2.909794556925e-04, 8.1959e+00, 5.3326e-01, 
 2DIAGNOSTIC,    13, -5.271571401567e-01, 3.355468512797e-04, 8.5618e+00, 3.6584e-01, 
 2DIAGNOSTIC,    14, -5.284342977570e-01, 3.945560042999e-04, 8.9798e+00, 4.1804e-01, 
 2DIAGNOSTIC,    15, -5.287967154485e-01, 4.208328230243e-04, 9.3600e+00, 3.8021e-01, 
 2DIAGNOSTIC,    16, -5.289673243303e-01, 4.129722607288e-04, 9.7002e+00, 3.4018e-01, 
 2DIAGNOSTIC,    17, -5.291668602523e-01, 3.789621951053e-04, 9.9553e+00, 2.5511e-01, 
 2DIAGNOSTIC,    18, -5.298376350980e-01, 3.392042864563e-04, 1.0253e+01, 2.9736e-01, 
 2DIAGNOSTIC,    19, -5.314998369787e-01, 3.302766845889e-04, 1.0683e+01, 4.2993e-01, 
 2DIAGNOSTIC,    20, -5.317112175336e-01, 3.097123338646e-04, 1.1015e+01, 3.3247e-01, 
 2DIAGNOSTIC,    21, -5.317474303275e-01, 2.950735778356e-04, 1.1315e+01, 3.0006e-01, 
 2DIAGNOSTIC,    22, -5.317754855785e-01, 2.674617861786e-04, 1.1609e+01, 2.9427e-01, 
 2DIAGNOSTIC,    23, -5.318476538761e-01, 2.224044670751e-04, 1.1894e+01, 2.8430e-01, 
 2DIAGNOSTIC,    24, -5.320029071158e-01, 1.917385410526e-04, 1.2162e+01, 2.6792e-01, 
 2DIAGNOSTIC,    25, -5.321235247246e-01, 1.559800337137e-04, 1.2427e+01, 2.6525e-01, 
 2DIAGNOSTIC,    26, -5.324564521145e-01, 1.194460584973e-04, 1.2990e+01, 5.6306e-01, 
 2DIAGNOSTIC,    27, -5.324568684889e-01, 7.845336015683e-05, 1.3420e+01, 4.2977e-01, 
 2DIAGNOSTIC,    28, -5.324572146887e-01, 4.524730745156e-05, 1.3712e+01, 2.9228e-01, 
 2DIAGNOSTIC,    29, -5.324564833212e-01, 4.095005689259e-05, 1.4016e+01, 3.0431e-01, 
 2DIAGNOSTIC,    30, -5.324557508658e-01, 3.689115086888e-05, 1.4282e+01, 2.6590e-01, 
 2DIAGNOSTIC,    31, -5.324551917083e-01, 3.026441184430e-05, 1.4553e+01, 2.7092e-01, 
 2DIAGNOSTIC,    32, -5.324556966051e-01, 2.177384544850e-05, 1.4996e+01, 4.4273e-01, 
 2DIAGNOSTIC,    33, -5.324539202020e-01, 1.301699085964e-05, 1.5341e+01, 3.4559e-01, 
 2DIAGNOSTIC,    34, -5.324540473932e-01, 6.100850790849e-06, 1.5648e+01, 3.0646e-01, 
DIAGNOSTIC,Iteration,metricValue,convergenceValue,ITERATION_TIME_INDEX,SINCE_LAST
 2DIAGNOSTIC,     1, -4.891717157903e-01, 1.797693134862e+308, 1.8553e+01, 2.9052e+00, 
 2DIAGNOSTIC,     2, -4.893310399088e-01, 1.797693134862e+308, 2.0233e+01, 1.6794e+00, 
 2DIAGNOSTIC,     3, -4.895007392980e-01, 1.797693134862e+308, 2.2069e+01, 1.8360e+00, 
 2DIAGNOSTIC,     4, -4.897312028723e-01, 1.797693134862e+308, 2.3930e+01, 1.8619e+00, 
 2DIAGNOSTIC,     5, -4.899917166163e-01, 1.797693134862e+308, 2.6585e+01, 2.6550e+00, 
 2DIAGNOSTIC,     6, -4.899990681209e-01, 1.797693134862e+308, 2.9125e+01, 2.5397e+00, 
 2DIAGNOSTIC,     7, -4.899985699139e-01, 1.797693134862e+308, 3.2212e+01, 3.0865e+00, 
 2DIAGNOSTIC,     8, -4.899986403892e-01, 1.797693134862e+308, 3.4197e+01, 1.9857e+00, 
 2DIAGNOSTIC,     9, -4.899985063028e-01, 1.797693134862e+308, 3.6354e+01, 2.1569e+00, 
 2DIAGNOSTIC,    10, -4.899984960371e-01, 1.125952124003e-04, 3.8476e+01, 2.1214e+00, 
 2DIAGNOSTIC,    11, -4.899984739332e-01, 7.110627513704e-05, 4.0609e+01, 2.1332e+00, 
 2DIAGNOSTIC,    12, -4.899984412400e-01, 3.822460677758e-05, 4.2675e+01, 2.0666e+00, 
 2DIAGNOSTIC,    13, -4.899984226679e-01, 1.461564218123e-05, 4.4712e+01, 2.0361e+00, 
 2DIAGNOSTIC,    14, -4.899983712689e-01, 2.518281639857e-06, 4.6529e+01, 1.8174e+00, 
 2DIAGNOSTIC,    15, -4.899983598751e-01, 2.079978280264e-06, 4.8199e+01, 1.6697e+00, 
 2DIAGNOSTIC,    16, -4.899983083301e-01, 1.965447419747e-06, 5.0322e+01, 2.1234e+00, 
 2DIAGNOSTIC,    17, -4.899982658079e-01, 1.847991643121e-06, 5.2275e+01, 1.9526e+00, 
 2DIAGNOSTIC,    18, -4.899982522393e-01, 1.747754285561e-06, 5.4352e+01, 2.0773e+00, 
 2DIAGNOSTIC,    19, -4.899982767578e-01, 1.656555775185e-06, 5.6405e+01, 2.0527e+00, 
 2DIAGNOSTIC,    20, -4.899983928743e-01, 1.579197339528e-06, 5.8922e+01, 2.5174e+00, 
 2DIAGNOSTIC,    21, -4.899983155232e-01, 1.507483808338e-06, 6.0917e+01, 1.9947e+00, 
 2DIAGNOSTIC,    22, -4.899980253053e-01, 1.434610409336e-06, 6.3015e+01, 2.0979e+00, 
 2DIAGNOSTIC,    23, -4.899979536936e-01, 1.367139168172e-06, 6.4820e+01, 1.8054e+00, 
