
##########################
# Experiment information #
##########################

EXPERIMENT_NAME: antsRegistration-r7-p19
VFC_BACKENDS: libinterflop_vprec.so --range-binary32=7 --precision-binary32=19 --range-binary64=7 --precision-binary64=19

SIF_IMG: /home/mdugre/projects/rrg-glatard/mdugre/containers/ants-vprec-no_metrics.simg

SUBJECT_ID: s033
INPUT_IMG: /home/mdugre/scratch/mri-registration-rp/datasets/ds004513/derivatives/mri-registration-rp/antsBrainExtraction/sub-s033/BrainExtractionBrain.nii.gz
OUTPUT_DIR: /home/mdugre/scratch/mri-registration-rp/datasets/ds004513/derivatives/mri-registration-rp/0001/antsRegistration-r7-p19/sub-s033

FIXED_IMG: /templateflow/tpl-MNI152NLin2009cAsym/tpl-MNI152NLin2009cAsym_res-01_desc-brain_T1w.nii.gz
DATA_DIR: /home/mdugre/scratch/mri-registration-rp/datasets/ds004513
TEMPLATEFLOW_DIR: /home/mdugre/projects/rrg-glatard/mdugre/templateflow
ITK_GLOBAL_DEFAULT_NUMBER_OF_THREADS: 16
##########################

Info [verificarlo]: loaded backend libinterflop_ieee.so
Info [interflop-ieee]: load backend with:
Info [interflop-ieee]: debug = false
Info [interflop-ieee]: debug-binary = false
Info [interflop-ieee]: no-backend-name = false
Info [interflop-ieee]: print-new-line = false
Info [interflop-ieee]: print-subnormal-normalized = false
Info [interflop-ieee]: count-op = false
All_Command_lines_OK
Using double precision for computations.
=============================================================================
The composite transform comprises the following transforms (in order): 
  1. Center of mass alignment using fixed image: /templateflow/tpl-MNI152NLin2009cAsym/tpl-MNI152NLin2009cAsym_res-01_desc-brain_T1w.nii.gz and moving image: /home/mdugre/scratch/mri-registration-rp/datasets/ds004513/derivatives/mri-registration-rp/antsBrainExtraction/sub-s033/BrainExtractionBrain.nii.gz (type = Euler3DTransform)
=============================================================================
  number of levels = 1
  fixed image: /templateflow/tpl-MNI152NLin2009cAsym/tpl-MNI152NLin2009cAsym_res-01_desc-brain_T1w.nii.gz
  moving image: /home/mdugre/scratch/mri-registration-rp/datasets/ds004513/derivatives/mri-registration-rp/antsBrainExtraction/sub-s033/BrainExtractionBrain.nii.gz
Dimension = 3
Number of stages = 1
Use histogram matching = false
Winsorize image intensities = true
  Lower quantile = 0.005
  Upper quantile = 0.995


Stage 1 State
   Image metric = MattesMI
     Fixed image = Image (0x3360e70)
  RTTI typeinfo:   itk::Image<double, 3u>
  Reference Count: 2
  Modified Time: 2330
  Debug: Off
  Object Name: 
  Observers: 
    none
  Source: (none)
  Source output name: (none)
  Release Data: Off
  Data Released: False
  Global Release Data: Off
  PipelineMTime: 0
  UpdateMTime: 1941
  RealTimeStamp: 0 seconds 
  LargestPossibleRegion: 
    Dimension: 3
    Index: [0, 0, 0]
    Size: [193, 229, 193]
  BufferedRegion: 
    Dimension: 3
    Index: [0, 0, 0]
    Size: [193, 229, 193]
  RequestedRegion: 
    Dimension: 3
    Index: [0, 0, 0]
    Size: [193, 229, 193]
  Spacing: [1, 1, 1]
  Origin: [96, 132, -78]
  Direction: 
-1 0 0
0 -1 0
0 0 1

  IndexToPointMatrix: 
-1 0 0
0 -1 0
0 0 1

  PointToIndexMatrix: 
-1 0 0
0 -1 0
0 0 1

  Inverse Direction: 
-1 0 0
0 -1 0
0 0 1

  PixelContainer: 
    ImportImageContainer (0x3369c60)
      RTTI typeinfo:   itk::ImportImageContainer<unsigned long, double>
      Reference Count: 1
      Modified Time: 1938
      Debug: Off
      Object Name: 
      Observers: 
        none
      Pointer: 0x14bcb0f64010
      Container manages memory: true
      Size: 8530021
      Capacity: 8530021

     Moving image = Image (0x3363540)
  RTTI typeinfo:   itk::Image<double, 3u>
  Reference Count: 2
  Modified Time: 2331
  Debug: Off
  Object Name: 
  Observers: 
    none
  Source: (none)
  Source output name: (none)
  Release Data: Off
  Data Released: False
  Global Release Data: Off
  PipelineMTime: 0
  UpdateMTime: 2328
  RealTimeStamp: 0 seconds 
  LargestPossibleRegion: 
    Dimension: 3
    Index: [0, 0, 0]
    Size: [160, 240, 256]
  BufferedRegion: 
    Dimension: 3
    Index: [0, 0, 0]
    Size: [160, 240, 256]
  RequestedRegion: 
    Dimension: 3
    Index: [0, 0, 0]
    Size: [160, 240, 256]
  Spacing: [1, 1, 1]
  Origin: [91.5134, 94.282, -109.927]
  Direction: 
-0.99591 -0.0698718 -0.0572835
0.0697565 -0.997556 0.00401236
-0.0574239 5.01125e-08 0.99835

  IndexToPointMatrix: 
-0.99591 -0.0698718 -0.0572835
0.0697565 -0.997556 0.00401236
-0.0574239 5.01125e-08 0.99835

  PointToIndexMatrix: 
-0.99591 0.0697565 -0.0574239
-0.0698718 -0.997556 5.01483e-08
-0.0572835 0.00401236 0.99835

  Inverse Direction: 
-0.99591 0.0697565 -0.0574239
-0.0698718 -0.997556 5.01483e-08
-0.0572835 0.00401236 0.99835

  PixelContainer: 
    ImportImageContainer (0x3475610)
      RTTI typeinfo:   itk::ImportImageContainer<unsigned long, double>
      Reference Count: 1
      Modified Time: 2325
      Debug: Off
      Object Name: 
      Observers: 
        none
      Pointer: 0x14bcac463010
      Container manages memory: true
      Size: 9830400
      Capacity: 9830400

     Weighting = 1
     Sampling strategy = regular
     Number of bins = 32
     Radius = 4
     Sampling percentage  = 0.25
   Transform = Rigid
     Gradient step = 0.1
     Update field sigma (voxel space) = 0
     Total field sigma (voxel space) = 0
     Update field time sigma = 0
     Total field time sigma  = 0
     Number of time indices = 0
     Number of time point samples = 0
Registration using 1 total stages.

Stage 0
  iterations = 0
  convergence threshold = 1e-06
  convergence window size = 10
  number of levels = 1
  using the Mattes MI metric (number of bins = 32, weight = 1, use gradient filter = 0)
  preprocessing:  winsorizing the image intensities
  Shrink factors (level 1 out of 1): [1, 1, 1]
  smoothing sigmas per level: [0]
  regular sampling (percentage = 0.25)

*** Running Euler3DTransform registration ***

  Elapsed time (stage 0): 1.15965


Total elapsed time: 1.16761
Info [verificarlo]: loaded backend libinterflop_ieee.so
Info [interflop-ieee]: load backend with:
Info [interflop-ieee]: debug = false
Info [interflop-ieee]: debug-binary = false
Info [interflop-ieee]: no-backend-name = false
Info [interflop-ieee]: print-new-line = false
Info [interflop-ieee]: print-subnormal-normalized = false
Info [interflop-ieee]: count-op = false
All_Command_lines_OK
Using double precision for computations.
=============================================================================
The composite transform comprises the following transforms (in order): 
  1. /home/mdugre/scratch/mri-registration-rp/datasets/ds004513/derivatives/mri-registration-rp/0001/antsRegistration-r7-p19/sub-s033/align_Composite.h5[0] (type = Euler3DTransform)
  2. /home/mdugre/scratch/mri-registration-rp/datasets/ds004513/derivatives/mri-registration-rp/0001/antsRegistration-r7-p19/sub-s033/align_Composite.h5[1] (type = Euler3DTransform)
=============================================================================
  number of levels = 4
  fixed image: /templateflow/tpl-MNI152NLin2009cAsym/tpl-MNI152NLin2009cAsym_res-01_desc-brain_T1w.nii.gz
  moving image: /home/mdugre/scratch/mri-registration-rp/datasets/ds004513/derivatives/mri-registration-rp/antsBrainExtraction/sub-s033/BrainExtractionBrain.nii.gz
Dimension = 3
Number of stages = 1
Use histogram matching = false
Winsorize image intensities = true
  Lower quantile = 0.005
  Upper quantile = 0.995


Stage 1 State
   Image metric = MattesMI
     Fixed image = Image (0x4698530)
  RTTI typeinfo:   itk::Image<double, 3u>
  Reference Count: 2
  Modified Time: 1578
  Debug: Off
  Object Name: 
  Observers: 
    none
  Source: (none)
  Source output name: (none)
  Release Data: Off
  Data Released: False
  Global Release Data: Off
  PipelineMTime: 0
  UpdateMTime: 1189
  RealTimeStamp: 0 seconds 
  LargestPossibleRegion: 
    Dimension: 3
    Index: [0, 0, 0]
    Size: [193, 229, 193]
  BufferedRegion: 
    Dimension: 3
    Index: [0, 0, 0]
    Size: [193, 229, 193]
  RequestedRegion: 
    Dimension: 3
    Index: [0, 0, 0]
    Size: [193, 229, 193]
  Spacing: [1, 1, 1]
  Origin: [96, 132, -78]
  Direction: 
-1 0 0
0 -1 0
0 0 1

  IndexToPointMatrix: 
-1 0 0
0 -1 0
0 0 1

  PointToIndexMatrix: 
-1 0 0
0 -1 0
0 0 1

  Inverse Direction: 
-1 0 0
0 -1 0
0 0 1

  PixelContainer: 
    ImportImageContainer (0x4756d60)
      RTTI typeinfo:   itk::ImportImageContainer<unsigned long, double>
      Reference Count: 1
      Modified Time: 1186
      Debug: Off
      Object Name: 
      Observers: 
        none
      Pointer: 0x14c58199b010
      Container manages memory: true
      Size: 8530021
      Capacity: 8530021

     Moving image = Image (0x4748f60)
  RTTI typeinfo:   itk::Image<double, 3u>
  Reference Count: 2
  Modified Time: 1579
  Debug: Off
  Object Name: 
  Observers: 
    none
  Source: (none)
  Source output name: (none)
  Release Data: Off
  Data Released: False
  Global Release Data: Off
  PipelineMTime: 0
  UpdateMTime: 1576
  RealTimeStamp: 0 seconds 
  LargestPossibleRegion: 
    Dimension: 3
    Index: [0, 0, 0]
    Size: [160, 240, 256]
  BufferedRegion: 
    Dimension: 3
    Index: [0, 0, 0]
    Size: [160, 240, 256]
  RequestedRegion: 
    Dimension: 3
    Index: [0, 0, 0]
    Size: [160, 240, 256]
  Spacing: [1, 1, 1]
  Origin: [91.5134, 94.282, -109.927]
  Direction: 
-0.99591 -0.0698718 -0.0572835
0.0697565 -0.997556 0.00401236
-0.0574239 5.01125e-08 0.99835

  IndexToPointMatrix: 
-0.99591 -0.0698718 -0.0572835
0.0697565 -0.997556 0.00401236
-0.0574239 5.01125e-08 0.99835

  PointToIndexMatrix: 
-0.99591 0.0697565 -0.0574239
-0.0698718 -0.997556 5.01483e-08
-0.0572835 0.00401236 0.99835

  Inverse Direction: 
-0.99591 0.0697565 -0.0574239
-0.0698718 -0.997556 5.01483e-08
-0.0572835 0.00401236 0.99835

  PixelContainer: 
    ImportImageContainer (0x473a6d0)
      RTTI typeinfo:   itk::ImportImageContainer<unsigned long, double>
      Reference Count: 1
      Modified Time: 1573
      Debug: Off
      Object Name: 
      Observers: 
        none
      Pointer: 0x14c57ce9a010
      Container manages memory: true
      Size: 9830400
      Capacity: 9830400

     Weighting = 1
     Sampling strategy = regular
     Number of bins = 32
     Radius = 4
     Sampling percentage  = 0.25
   Transform = Rigid
     Gradient step = 0.1
     Update field sigma (voxel space) = 0
     Total field sigma (voxel space) = 0
     Update field time sigma = 0
     Total field time sigma  = 0
     Number of time indices = 0
     Number of time point samples = 0
Registration using 1 total stages.

Stage 0
  iterations = 1000x500x250x100
  convergence threshold = 1e-06
  convergence window size = 10
  number of levels = 4
  using the Mattes MI metric (number of bins = 32, weight = 1, use gradient filter = 0)
  preprocessing:  winsorizing the image intensities
  Shrink factors (level 1 out of 4): [8, 8, 8]
  Shrink factors (level 2 out of 4): [4, 4, 4]
  Shrink factors (level 3 out of 4): [2, 2, 2]
  Shrink factors (level 4 out of 4): [1, 1, 1]
  smoothing sigmas per level: [3, 2, 1, 0]
  regular sampling (percentage = 0.25)

*** Running Euler3DTransform registration ***

DIAGNOSTIC,Iteration,metricValue,convergenceValue,ITERATION_TIME_INDEX,SINCE_LAST
 2DIAGNOSTIC,     1, -4.945365495269e-01, 1.797693134862e+308, 7.4111e-01, 7.4111e-01, 
 2DIAGNOSTIC,     2, -4.961551199262e-01, 1.797693134862e+308, 7.4522e-01, 4.1111e-03, 
 2DIAGNOSTIC,     3, -4.991207097076e-01, 1.797693134862e+308, 7.4926e-01, 4.0469e-03, 
 2DIAGNOSTIC,     4, -5.030359852117e-01, 1.797693134862e+308, 7.5346e-01, 4.2000e-03, 
 2DIAGNOSTIC,     5, -5.059125054655e-01, 1.797693134862e+308, 7.5752e-01, 4.0619e-03, 
 2DIAGNOSTIC,     6, -5.092815596254e-01, 1.797693134862e+308, 7.6163e-01, 4.1089e-03, 
 2DIAGNOSTIC,     7, -5.205915484568e-01, 1.797693134862e+308, 7.6629e-01, 4.6551e-03, 
 2DIAGNOSTIC,     8, -5.236677933913e-01, 1.797693134862e+308, 7.7062e-01, 4.3302e-03, 
 2DIAGNOSTIC,     9, -5.261653611514e-01, 1.797693134862e+308, 7.7468e-01, 4.0610e-03, 
 2DIAGNOSTIC,    10, -5.313843279548e-01, 4.956236851461e-03, 7.7934e-01, 4.6618e-03, 
 2DIAGNOSTIC,    11, -5.461121550605e-01, 5.255951709879e-03, 7.8466e-01, 5.3170e-03, 
 2DIAGNOSTIC,    12, -5.563506773261e-01, 5.544499219511e-03, 7.8889e-01, 4.2329e-03, 
 2DIAGNOSTIC,    13, -6.011783753067e-01, 7.240286203889e-03, 7.9425e-01, 5.3630e-03, 
 2DIAGNOSTIC,    14, -6.166052824996e-01, 8.701253899013e-03, 7.9846e-01, 4.2040e-03, 
 2DIAGNOSTIC,    15, -6.211428291710e-01, 9.416357351107e-03, 8.0264e-01, 4.1771e-03, 
 2DIAGNOSTIC,    16, -6.235432153226e-01, 9.368281940737e-03, 8.0744e-01, 4.8039e-03, 
 2DIAGNOSTIC,    17, -6.347577466991e-01, 9.145335048570e-03, 8.1326e-01, 5.8169e-03, 
 2DIAGNOSTIC,    18, -6.413138478675e-01, 8.359392974507e-03, 8.1777e-01, 4.5111e-03, 
 2DIAGNOSTIC,    19, -6.420802728594e-01, 6.980623515695e-03, 8.2305e-01, 5.2791e-03, 
 2DIAGNOSTIC,    20, -6.425493385581e-01, 5.272872667993e-03, 8.2708e-01, 4.0281e-03, 
 2DIAGNOSTIC,    21, -6.431795009539e-01, 3.641466742142e-03, 8.3156e-01, 4.4842e-03, 
 2DIAGNOSTIC,    22, -6.434078414078e-01, 2.049114042623e-03, 8.3553e-01, 3.9749e-03, 
 2DIAGNOSTIC,    23, -6.435083895786e-01, 1.381096933479e-03, 8.4005e-01, 4.5130e-03, 
 2DIAGNOSTIC,    24, -6.436807775656e-01, 9.688116789420e-04, 8.4509e-01, 5.0471e-03, 
 2DIAGNOSTIC,    25, -6.439989482562e-01, 6.014655537443e-04, 8.5069e-01, 5.5959e-03, 
 2DIAGNOSTIC,    26, -6.448361613307e-01, 2.655199382180e-04, 8.5471e-01, 4.0171e-03, 
 2DIAGNOSTIC,    27, -6.460796026127e-01, 1.536867254009e-04, 8.5954e-01, 4.8370e-03, 
 2DIAGNOSTIC,    28, -6.463976188545e-01, 1.550354208677e-04, 8.6354e-01, 3.9909e-03, 
 2DIAGNOSTIC,    29, -6.463935453623e-01, 1.547432231119e-04, 8.6751e-01, 3.9768e-03, 
 2DIAGNOSTIC,    30, -6.464392295770e-01, 1.482977883243e-04, 8.7196e-01, 4.4489e-03, 
 2DIAGNOSTIC,    31, -6.463723507600e-01, 1.368670172274e-04, 8.7593e-01, 3.9668e-03, 
 2DIAGNOSTIC,    32, -6.464254419426e-01, 1.173263918770e-04, 8.8084e-01, 4.9129e-03, 
 2DIAGNOSTIC,    33, -6.464354983557e-01, 8.969308147038e-05, 8.9346e-01, 1.2621e-02, 
 2DIAGNOSTIC,    34, -6.464354983227e-01, 5.811468083824e-05, 9.0608e-01, 1.2620e-02, 
 2DIAGNOSTIC,    35, -6.464354983227e-01, 2.735359909269e-05, 9.1286e-01, 6.7751e-03, 
 2DIAGNOSTIC,    36, -6.464354983227e-01, 6.562000625640e-06, 9.1737e-01, 4.5140e-03, 
 2DIAGNOSTIC,    37, -6.464354983227e-01, 2.244512431193e-06, 9.2208e-01, 4.7081e-03, 
 2DIAGNOSTIC,    38, -6.464354983227e-01, 1.990758104829e-06, 9.2659e-01, 4.5121e-03, 
 2DIAGNOSTIC,    39, -6.464354983227e-01, 1.582334033343e-06, 9.3115e-01, 4.5640e-03, 
 2DIAGNOSTIC,    40, -6.464354983227e-01, 1.698168617649e-06, 9.3594e-01, 4.7891e-03, 
DIAGNOSTIC,Iteration,metricValue,convergenceValue,ITERATION_TIME_INDEX,SINCE_LAST
 2DIAGNOSTIC,     1, -5.367244465157e-01, 1.797693134862e+308, 1.6894e+00, 7.5343e-01, 
 2DIAGNOSTIC,     2, -5.380313851004e-01, 1.797693134862e+308, 1.7174e+00, 2.8047e-02, 
 2DIAGNOSTIC,     3, -5.401731927527e-01, 1.797693134862e+308, 1.7446e+00, 2.7182e-02, 
 2DIAGNOSTIC,     4, -5.431881358191e-01, 1.797693134862e+308, 1.7719e+00, 2.7311e-02, 
 2DIAGNOSTIC,     5, -5.453557605685e-01, 1.797693134862e+308, 1.7988e+00, 2.6885e-02, 
 2DIAGNOSTIC,     6, -5.461088569941e-01, 1.797693134862e+308, 1.8258e+00, 2.7021e-02, 
 2DIAGNOSTIC,     7, -5.462086685589e-01, 1.797693134862e+308, 1.8557e+00, 2.9900e-02, 
 2DIAGNOSTIC,     8, -5.464869272371e-01, 1.797693134862e+308, 1.8906e+00, 3.4851e-02, 
 2DIAGNOSTIC,     9, -5.465850820200e-01, 1.797693134862e+308, 1.9283e+00, 3.7696e-02, 
 2DIAGNOSTIC,    10, -5.466464849825e-01, 1.224741082482e-03, 1.9550e+00, 2.6739e-02, 
 2DIAGNOSTIC,    11, -5.470487715457e-01, 8.391098686113e-04, 1.9859e+00, 3.0894e-02, 
 2DIAGNOSTIC,    12, -5.471506824561e-01, 5.042747248481e-04, 2.0158e+00, 2.9886e-02, 
 2DIAGNOSTIC,    13, -5.471747720363e-01, 2.608961941223e-04, 2.0529e+00, 3.7158e-02, 
 2DIAGNOSTIC,    14, -5.471893674054e-01, 1.401591828425e-04, 2.0837e+00, 3.0799e-02, 
 2DIAGNOSTIC,    15, -5.471839951875e-01, 9.761637708584e-05, 2.1146e+00, 3.0812e-02, 
 2DIAGNOSTIC,    16, -5.471599226135e-01, 7.527599058418e-05, 2.1416e+00, 2.7041e-02, 
 2DIAGNOSTIC,    17, -5.471662418063e-01, 5.183170266922e-05, 2.1690e+00, 2.7357e-02, 
 2DIAGNOSTIC,    18, -5.471747025595e-01, 3.478188921193e-05, 2.1997e+00, 3.0758e-02, 
 2DIAGNOSTIC,    19, -5.471813448312e-01, 1.945624120309e-05, 2.2299e+00, 3.0183e-02, 
 2DIAGNOSTIC,    20, -5.471662910934e-01, 4.969798569301e-06, 2.2566e+00, 2.6742e-02, 
 2DIAGNOSTIC,    21, -5.471844155138e-01, 1.951255215252e-06, 2.2875e+00, 3.0872e-02, 
 2DIAGNOSTIC,    22, -5.471946851936e-01, 1.794825235497e-06, 2.3144e+00, 2.6846e-02, 
 2DIAGNOSTIC,    23, -5.472309774133e-01, 2.955888242832e-06, 2.3418e+00, 2.7407e-02, 
 2DIAGNOSTIC,    24, -5.472460344163e-01, 4.500345166462e-06, 2.3725e+00, 3.0764e-02, 
 2DIAGNOSTIC,    25, -5.473225341091e-01, 7.130563729002e-06, 2.4011e+00, 2.8567e-02, 
 2DIAGNOSTIC,    26, -5.474469318711e-01, 1.098291285314e-05, 2.4291e+00, 2.7986e-02, 
 2DIAGNOSTIC,    27, -5.481013378779e-01, 2.630866416607e-05, 2.4597e+00, 3.0637e-02, 
 2DIAGNOSTIC,    28, -5.480678945610e-01, 3.738996411323e-05, 2.4980e+00, 3.8328e-02, 
 2DIAGNOSTIC,    29, -5.482084715975e-01, 4.712043198165e-05, 2.5324e+00, 3.4328e-02, 
 2DIAGNOSTIC,    30, -5.482082517517e-01, 5.166417561094e-05, 2.5638e+00, 3.1443e-02, 
 2DIAGNOSTIC,    31, -5.482014614511e-01, 5.125923729514e-05, 2.5939e+00, 3.0094e-02, 
 2DIAGNOSTIC,    32, -5.481815955944e-01, 4.582632258806e-05, 2.6208e+00, 2.6909e-02, 
 2DIAGNOSTIC,    33, -5.481718256082e-01, 3.689943776441e-05, 2.6483e+00, 2.7458e-02, 
 2DIAGNOSTIC,    34, -5.481825625092e-01, 2.560031428259e-05, 2.6769e+00, 2.8666e-02, 
 2DIAGNOSTIC,    35, -5.481838556357e-01, 1.379951505801e-05, 2.7042e+00, 2.7290e-02, 
 2DIAGNOSTIC,    36, -5.481854579300e-01, 3.009169992747e-06, 2.7312e+00, 2.6982e-02, 
 2DIAGNOSTIC,    37, -5.482631349751e-01, 2.936475609269e-06, 2.7633e+00, 3.2121e-02, 
 2DIAGNOSTIC,    38, -5.482856021323e-01, 2.436036367223e-06, 2.7962e+00, 3.2915e-02, 
 2DIAGNOSTIC,    39, -5.482706802216e-01, 3.481445496806e-06, 2.8304e+00, 3.4104e-02, 
 2DIAGNOSTIC,    40, -5.481987637313e-01, 3.304840680174e-06, 2.8611e+00, 3.0726e-02, 
 2DIAGNOSTIC,    41, -5.482803550490e-01, 3.878339274333e-06, 2.8924e+00, 3.1343e-02, 
 2DIAGNOSTIC,    42, -5.481857478323e-01, 2.657005311556e-06, 2.9265e+00, 3.4111e-02, 
 2DIAGNOSTIC,    43, -5.482756758709e-01, 2.300076871610e-06, 2.9645e+00, 3.8004e-02, 
 2DIAGNOSTIC,    44, -5.483025189084e-01, 2.246198098889e-06, 2.9955e+00, 3.1004e-02, 
 2DIAGNOSTIC,    45, -5.482811780070e-01, 1.829148443284e-06, 3.0264e+00, 3.0825e-02, 
 2DIAGNOSTIC,    46, -5.482645578285e-01, 1.147195363697e-06, 3.0573e+00, 3.0980e-02, 
 2DIAGNOSTIC,    47, -5.482548593900e-01, 1.198222239832e-06, 3.1456e+00, 8.8274e-02, 
 2DIAGNOSTIC,    48, -5.482548593888e-01, 1.433645525066e-06, 3.2259e+00, 8.0275e-02, 
 2DIAGNOSTIC,    49, -5.482548593888e-01, 1.431777629759e-06, 3.2564e+00, 3.0511e-02, 
DIAGNOSTIC,Iteration,metricValue,convergenceValue,ITERATION_TIME_INDEX,SINCE_LAST
 2DIAGNOSTIC,     1, -4.661873999080e-01, 1.797693134862e+308, 4.3138e+00, 1.0574e+00, 
 2DIAGNOSTIC,     2, -4.663634443770e-01, 1.797693134862e+308, 4.5273e+00, 2.1353e-01, 
 2DIAGNOSTIC,     3, -4.665065294185e-01, 1.797693134862e+308, 4.7507e+00, 2.2332e-01, 
 2DIAGNOSTIC,     4, -4.666272965562e-01, 1.797693134862e+308, 4.9721e+00, 2.2144e-01, 
 2DIAGNOSTIC,     5, -4.667166911083e-01, 1.797693134862e+308, 5.1944e+00, 2.2230e-01, 
 2DIAGNOSTIC,     6, -4.668667294802e-01, 1.797693134862e+308, 5.4143e+00, 2.1993e-01, 
 2DIAGNOSTIC,     7, -4.669697679128e-01, 1.797693134862e+308, 5.6900e+00, 2.7564e-01, 
 2DIAGNOSTIC,     8, -4.670258280717e-01, 1.797693134862e+308, 6.0258e+00, 3.3587e-01, 
 2DIAGNOSTIC,     9, -4.670791350561e-01, 1.797693134862e+308, 6.2587e+00, 2.3292e-01, 
 2DIAGNOSTIC,    10, -4.671177545053e-01, 1.313501098155e-04, 6.4991e+00, 2.4033e-01, 
 2DIAGNOSTIC,    11, -4.671984812491e-01, 1.051586390779e-04, 6.7802e+00, 2.8112e-01, 
 2DIAGNOSTIC,    12, -4.674360563721e-01, 9.491032748328e-05, 7.1404e+00, 3.6021e-01, 
 2DIAGNOSTIC,    13, -4.675172279204e-01, 8.809895049237e-05, 7.3747e+00, 2.3429e-01, 
 2DIAGNOSTIC,    14, -4.675733021726e-01, 8.223714023976e-05, 7.7115e+00, 3.3676e-01, 
 2DIAGNOSTIC,    15, -4.675740540852e-01, 7.351375768107e-05, 8.0961e+00, 3.8462e-01, 
 2DIAGNOSTIC,    16, -4.675766558614e-01, 6.507182423321e-05, 8.3753e+00, 2.7923e-01, 
 2DIAGNOSTIC,    17, -4.675763208268e-01, 5.534665886906e-05, 8.7778e+00, 4.0252e-01, 
 2DIAGNOSTIC,    18, -4.675754425515e-01, 4.355573453916e-05, 9.0149e+00, 2.3703e-01, 
 2DIAGNOSTIC,    19, -4.675746184026e-01, 3.089753736252e-05, 9.2572e+00, 2.4234e-01, 
 2DIAGNOSTIC,    20, -4.675737746123e-01, 1.799037800908e-05, 9.4877e+00, 2.3050e-01, 
 2DIAGNOSTIC,    21, -4.675730059394e-01, 6.958609568064e-06, 9.7385e+00, 2.5076e-01, 
 2DIAGNOSTIC,    22, -4.675712068132e-01, 2.896936797780e-06, 9.9595e+00, 2.2099e-01, 
 2DIAGNOSTIC,    23, -4.675713562119e-01, 1.164093539209e-06, 1.0196e+01, 2.3666e-01, 
DIAGNOSTIC,Iteration,metricValue,convergenceValue,ITERATION_TIME_INDEX,SINCE_LAST
 2DIAGNOSTIC,     1, -4.258656058835e-01, 1.797693134862e+308, 1.2748e+01, 2.5519e+00, 
 2DIAGNOSTIC,     2, -4.259686895884e-01, 1.797693134862e+308, 1.4031e+01, 1.2834e+00, 
 2DIAGNOSTIC,     3, -4.260097555857e-01, 1.797693134862e+308, 1.6041e+01, 2.0093e+00, 
 2DIAGNOSTIC,     4, -4.260079761301e-01, 1.797693134862e+308, 1.7488e+01, 1.4476e+00, 
 2DIAGNOSTIC,     5, -4.260068771126e-01, 1.797693134862e+308, 1.9906e+01, 2.4181e+00, 
 2DIAGNOSTIC,     6, -4.260066086809e-01, 1.797693134862e+308, 2.1556e+01, 1.6496e+00, 
 2DIAGNOSTIC,     7, -4.260063467986e-01, 1.797693134862e+308, 2.3334e+01, 1.7776e+00, 
 2DIAGNOSTIC,     8, -4.260063693385e-01, 1.797693134862e+308, 2.4937e+01, 1.6038e+00, 
 2DIAGNOSTIC,     9, -4.260061873485e-01, 1.797693134862e+308, 2.6410e+01, 1.4728e+00, 
 2DIAGNOSTIC,    10, -4.260061015199e-01, 1.452763109210e-05, 2.7911e+01, 1.5008e+00, 
 2DIAGNOSTIC,    11, -4.260060117270e-01, 4.868806344371e-06, 2.9374e+01, 1.4632e+00, 
 2DIAGNOSTIC,    12, -4.260059301106e-01, 2.301818375142e-06, 3.1039e+01, 1.6646e+00, 
 2DIAGNOSTIC,    13, -4.260060551589e-01, 2.277018831431e-06, 3.2621e+01, 1.5819e+00, 
 2DIAGNOSTIC,    14, -4.260061710080e-01, 2.192935989243e-06, 3.4126e+01, 1.5056e+00, 
 2DIAGNOSTIC,    15, -4.260061833487e-01, 2.079156515761e-06, 3.5552e+01, 1.4256e+00, 
 2DIAGNOSTIC,    16, -4.260060004801e-01, 1.965011796820e-06, 3.7106e+01, 1.5543e+00, 
 2DIAGNOSTIC,    17, -4.260057131781e-01, 1.845043407875e-06, 3.8608e+01, 1.5021e+00, 
 2DIAGNOSTIC,    18, -4.260056244251e-01, 1.738617097957e-06, 4.0143e+01, 1.5349e+00, 
 2DIAGNOSTIC,    19, -4.260052350929e-01, 1.625764848703e-06, 4.1613e+01, 1.4696e+00, 
 2DIAGNOSTIC,    20, -4.260053629220e-01, 1.530405565678e-06, 4.2946e+01, 1.3328e+00, 
 2DIAGNOSTIC,    21, -4.260055035315e-01, 1.451345292315e-06, 4.4485e+01, 1.5397e+00, 
 2DIAGNOSTIC,    22, -4.260054293445e-01, 1.380520991953e-06, 4.6035e+01, 1.5496e+00, 
 2DIAGNOSTIC,    23, -4.260053509613e-01, 1.323438815162e-06, 4.7583e+01, 1.5482e+00, 
 2DIAGNOSTIC,    24, -4.260052733821e-01, 1.277844786901e-06, 4.9167e+01, 1.5838e+00, 
 2DIAGNOSTIC,    25, -4.260052027929e-01, 1.238790747093e-06, 5.0714e+01, 1.5474e+00, 
 2DIAGNOSTIC,    26, -4.260050365720e-01, 1.196896025228e-06, 5.2204e+01, 1.4900e+00, 
 2DIAGNOSTIC,    27, -4.260049601559e-01, 1.151709736552e-06, 5.3850e+01, 1.6458e+00, 
 2DIAGNOSTIC,    28, -4.260046778245e-01, 1.103783909245e-06, 5.5502e+01, 1.6512e+00, 
 2DIAGNOSTIC,    29, -4.260045908613e-01, 1.051328430535e-06, 5.6864e+01, 1.3627e+00, 
 2DIAGNOSTIC,    30, -4.260042078742e-01, 1.000866537836e-06, 5.8404e+01, 1.5394e+00, 
  Elapsed time (stage 0): 5.9214e+01


Total elapsed time: 5.9223e+01
Info [verificarlo]: loaded backend libinterflop_ieee.so
Info [interflop-ieee]: load backend with:
Info [interflop-ieee]: debug = false
Info [interflop-ieee]: debug-binary = false
Info [interflop-ieee]: no-backend-name = false
Info [interflop-ieee]: print-new-line = false
Info [interflop-ieee]: print-subnormal-normalized = false
Info [interflop-ieee]: count-op = false
All_Command_lines_OK
Using double precision for computations.
=============================================================================
The composite transform comprises the following transforms (in order): 
  1. /home/mdugre/scratch/mri-registration-rp/datasets/ds004513/derivatives/mri-registration-rp/0001/antsRegistration-r7-p19/sub-s033/rigid_Composite.h5[0] (type = Euler3DTransform)
  2. /home/mdugre/scratch/mri-registration-rp/datasets/ds004513/derivatives/mri-registration-rp/0001/antsRegistration-r7-p19/sub-s033/rigid_Composite.h5[1] (type = Euler3DTransform)
  3. /home/mdugre/scratch/mri-registration-rp/datasets/ds004513/derivatives/mri-registration-rp/0001/antsRegistration-r7-p19/sub-s033/rigid_Composite.h5[2] (type = Euler3DTransform)
=============================================================================
  number of levels = 4
  fixed image: /templateflow/tpl-MNI152NLin2009cAsym/tpl-MNI152NLin2009cAsym_res-01_desc-brain_T1w.nii.gz
  moving image: /home/mdugre/scratch/mri-registration-rp/datasets/ds004513/derivatives/mri-registration-rp/antsBrainExtraction/sub-s033/BrainExtractionBrain.nii.gz
Dimension = 3
Number of stages = 1
Use histogram matching = false
Winsorize image intensities = true
  Lower quantile = 0.005
  Upper quantile = 0.995


Stage 1 State
   Image metric = MattesMI
     Fixed image = Image (0x3c927e0)
  RTTI typeinfo:   itk::Image<double, 3u>
  Reference Count: 2
  Modified Time: 1592
  Debug: Off
  Object Name: 
  Observers: 
    none
  Source: (none)
  Source output name: (none)
  Release Data: Off
  Data Released: False
  Global Release Data: Off
  PipelineMTime: 0
  UpdateMTime: 1203
  RealTimeStamp: 0 seconds 
  LargestPossibleRegion: 
    Dimension: 3
    Index: [0, 0, 0]
    Size: [193, 229, 193]
  BufferedRegion: 
    Dimension: 3
    Index: [0, 0, 0]
    Size: [193, 229, 193]
  RequestedRegion: 
    Dimension: 3
    Index: [0, 0, 0]
    Size: [193, 229, 193]
  Spacing: [1, 1, 1]
  Origin: [96, 132, -78]
  Direction: 
-1 0 0
0 -1 0
0 0 1

  IndexToPointMatrix: 
-1 0 0
0 -1 0
0 0 1

  PointToIndexMatrix: 
-1 0 0
0 -1 0
0 0 1

  Inverse Direction: 
-1 0 0
0 -1 0
0 0 1

  PixelContainer: 
    ImportImageContainer (0x3d52a20)
      RTTI typeinfo:   itk::ImportImageContainer<unsigned long, double>
      Reference Count: 1
      Modified Time: 1200
      Debug: Off
      Object Name: 
      Observers: 
        none
      Pointer: 0x14bac5f4f010
      Container manages memory: true
      Size: 8530021
      Capacity: 8530021

     Moving image = Image (0x3d4dd70)
  RTTI typeinfo:   itk::Image<double, 3u>
  Reference Count: 2
  Modified Time: 1593
  Debug: Off
  Object Name: 
  Observers: 
    none
  Source: (none)
  Source output name: (none)
  Release Data: Off
  Data Released: False
  Global Release Data: Off
  PipelineMTime: 0
  UpdateMTime: 1590
  RealTimeStamp: 0 seconds 
  LargestPossibleRegion: 
    Dimension: 3
    Index: [0, 0, 0]
    Size: [160, 240, 256]
  BufferedRegion: 
    Dimension: 3
    Index: [0, 0, 0]
    Size: [160, 240, 256]
  RequestedRegion: 
    Dimension: 3
    Index: [0, 0, 0]
    Size: [160, 240, 256]
  Spacing: [1, 1, 1]
  Origin: [91.5134, 94.282, -109.927]
  Direction: 
-0.99591 -0.0698718 -0.0572835
0.0697565 -0.997556 0.00401236
-0.0574239 5.01125e-08 0.99835

  IndexToPointMatrix: 
-0.99591 -0.0698718 -0.0572835
0.0697565 -0.997556 0.00401236
-0.0574239 5.01125e-08 0.99835

  PointToIndexMatrix: 
-0.99591 0.0697565 -0.0574239
-0.0698718 -0.997556 5.01483e-08
-0.0572835 0.00401236 0.99835

  Inverse Direction: 
-0.99591 0.0697565 -0.0574239
-0.0698718 -0.997556 5.01483e-08
-0.0572835 0.00401236 0.99835

  PixelContainer: 
    ImportImageContainer (0x3d05c90)
      RTTI typeinfo:   itk::ImportImageContainer<unsigned long, double>
      Reference Count: 1
      Modified Time: 1587
      Debug: Off
      Object Name: 
      Observers: 
        none
      Pointer: 0x14bac144e010
      Container manages memory: true
      Size: 9830400
      Capacity: 9830400

     Weighting = 1
     Sampling strategy = regular
     Number of bins = 32
     Radius = 4
     Sampling percentage  = 0.25
   Transform = Affine
     Gradient step = 0.1
     Update field sigma (voxel space) = 0
     Total field sigma (voxel space) = 0
     Update field time sigma = 0
     Total field time sigma  = 0
     Number of time indices = 0
     Number of time point samples = 0
Registration using 1 total stages.

Stage 0
  iterations = 1000x500x250x100
  convergence threshold = 1e-06
  convergence window size = 10
  number of levels = 4
  using the Mattes MI metric (number of bins = 32, weight = 1, use gradient filter = 0)
  preprocessing:  winsorizing the image intensities
  Shrink factors (level 1 out of 4): [8, 8, 8]
  Shrink factors (level 2 out of 4): [4, 4, 4]
  Shrink factors (level 3 out of 4): [2, 2, 2]
  Shrink factors (level 4 out of 4): [1, 1, 1]
  smoothing sigmas per level: [3, 2, 1, 0]
  regular sampling (percentage = 0.25)

*** Running AffineTransform registration ***

DIAGNOSTIC,Iteration,metricValue,convergenceValue,ITERATION_TIME_INDEX,SINCE_LAST
 2DIAGNOSTIC,     1, -6.382782834845e-01, 1.797693134862e+308, 8.0193e-01, 8.0193e-01, 
 2DIAGNOSTIC,     2, -6.407435627895e-01, 1.797693134862e+308, 8.0633e-01, 4.4000e-03, 
 2DIAGNOSTIC,     3, -6.451538781005e-01, 1.797693134862e+308, 8.1062e-01, 4.2882e-03, 
 2DIAGNOSTIC,     4, -6.521803070243e-01, 1.797693134862e+308, 8.1526e-01, 4.6411e-03, 
 2DIAGNOSTIC,     5, -6.630835774316e-01, 1.797693134862e+308, 8.1963e-01, 4.3690e-03, 
 2DIAGNOSTIC,     6, -6.815461106979e-01, 1.797693134862e+308, 8.2417e-01, 4.5431e-03, 
 2DIAGNOSTIC,     7, -7.249566410814e-01, 1.797693134862e+308, 8.2896e-01, 4.7870e-03, 
 2DIAGNOSTIC,     8, -8.401135636120e-01, 1.797693134862e+308, 8.3345e-01, 4.4961e-03, 
 2DIAGNOSTIC,     9, -8.674783782529e-01, 1.797693134862e+308, 8.4110e-01, 7.6489e-03, 
 2DIAGNOSTIC,    10, -8.691797482083e-01, 2.372683085053e-02, 8.4602e-01, 4.9171e-03, 
 2DIAGNOSTIC,    11, -8.766984278509e-01, 2.360621060251e-02, 8.5069e-01, 4.6742e-03, 
 2DIAGNOSTIC,    12, -8.862188467311e-01, 2.175549885295e-02, 8.5541e-01, 4.7131e-03, 
 2DIAGNOSTIC,    13, -8.905547919356e-01, 1.848269042183e-02, 8.6018e-01, 4.7779e-03, 
 2DIAGNOSTIC,    14, -8.981870522309e-01, 1.446539874813e-02, 8.6547e-01, 5.2829e-03, 
 2DIAGNOSTIC,    15, -9.038624735412e-01, 1.020066572741e-02, 8.7121e-01, 5.7402e-03, 
 2DIAGNOSTIC,    16, -9.041834320792e-01, 6.056433014935e-03, 8.7643e-01, 5.2261e-03, 
 2DIAGNOSTIC,    17, -9.052592208840e-01, 2.790141447334e-03, 8.8167e-01, 5.2350e-03, 
 2DIAGNOSTIC,    18, -9.057223617179e-01, 1.948103364493e-03, 8.8649e-01, 4.8180e-03, 
 2DIAGNOSTIC,    19, -9.058691777506e-01, 1.538404474814e-03, 8.9164e-01, 5.1560e-03, 
 2DIAGNOSTIC,    20, -9.061473082407e-01, 1.064915202503e-03, 8.9705e-01, 5.4119e-03, 
 2DIAGNOSTIC,    21, -9.065631793582e-01, 6.727715065138e-04, 9.0174e-01, 4.6868e-03, 
 2DIAGNOSTIC,    22, -9.066274856163e-01, 4.094486925282e-04, 9.0919e-01, 7.4470e-03, 
 2DIAGNOSTIC,    23, -9.063220204272e-01, 1.916521415281e-04, 9.1445e-01, 5.2660e-03, 
 2DIAGNOSTIC,    24, -9.062098723164e-01, 8.192213296329e-05, 9.1914e-01, 4.6871e-03, 
 2DIAGNOSTIC,    25, -9.058112908189e-01, 4.664659303298e-05, 9.2397e-01, 4.8330e-03, 
 2DIAGNOSTIC,    26, -9.058407542678e-01, 1.434112893788e-05, 9.2871e-01, 4.7390e-03, 
DIAGNOSTIC,Iteration,metricValue,convergenceValue,ITERATION_TIME_INDEX,SINCE_LAST
 2DIAGNOSTIC,     1, -7.447572091298e-01, 1.797693134862e+308, 1.6774e+00, 7.4867e-01, 
 2DIAGNOSTIC,     2, -7.453751257327e-01, 1.797693134862e+308, 1.7126e+00, 3.5225e-02, 
 2DIAGNOSTIC,     3, -7.461038043573e-01, 1.797693134862e+308, 1.7543e+00, 4.1683e-02, 
 2DIAGNOSTIC,     4, -7.467695273587e-01, 1.797693134862e+308, 1.7905e+00, 3.6247e-02, 
 2DIAGNOSTIC,     5, -7.475764621439e-01, 1.797693134862e+308, 1.8308e+00, 4.0230e-02, 
 2DIAGNOSTIC,     6, -7.483692472628e-01, 1.797693134862e+308, 1.8799e+00, 4.9112e-02, 
 2DIAGNOSTIC,     7, -7.484259835662e-01, 1.797693134862e+308, 1.9201e+00, 4.0183e-02, 
 2DIAGNOSTIC,     8, -7.484672491778e-01, 1.797693134862e+308, 1.9585e+00, 3.8464e-02, 
 2DIAGNOSTIC,     9, -7.484929072473e-01, 1.797693134862e+308, 1.9934e+00, 3.4843e-02, 
 2DIAGNOSTIC,    10, -7.485554836571e-01, 3.487304835678e-04, 2.0286e+00, 3.5213e-02, 
 2DIAGNOSTIC,    11, -7.485716438571e-01, 2.439646090106e-04, 2.0679e+00, 3.9315e-02, 
 2DIAGNOSTIC,    12, -7.486372500642e-01, 1.566301126458e-04, 2.1027e+00, 3.4802e-02, 
 2DIAGNOSTIC,    13, -7.486598074595e-01, 9.087358960683e-05, 2.1446e+00, 4.1853e-02, 
 2DIAGNOSTIC,    14, -7.486659694321e-01, 4.438067616491e-05, 2.1876e+00, 4.3003e-02, 
 2DIAGNOSTIC,    15, -7.486558321392e-01, 1.989836310115e-05, 2.2229e+00, 3.5353e-02, 
 2DIAGNOSTIC,    16, -7.486259834268e-01, 1.495539341911e-05, 2.2663e+00, 4.3388e-02, 
 2DIAGNOSTIC,    17, -7.486504139550e-01, 1.120940537225e-05, 2.3077e+00, 4.1367e-02, 
 2DIAGNOSTIC,    18, -7.486382275124e-01, 7.597963446709e-06, 2.3466e+00, 3.8962e-02, 
 2DIAGNOSTIC,    19, -7.486405711631e-01, 4.376455159612e-06, 2.3864e+00, 3.9790e-02, 
 2DIAGNOSTIC,    20, -7.486158541475e-01, 1.967419008805e-06, 2.4258e+00, 3.9416e-02, 
DIAGNOSTIC,Iteration,metricValue,convergenceValue,ITERATION_TIME_INDEX,SINCE_LAST
 2DIAGNOSTIC,     1, -6.324028401665e-01, 1.797693134862e+308, 3.4708e+00, 1.0450e+00, 
 2DIAGNOSTIC,     2, -6.329978156564e-01, 1.797693134862e+308, 3.7493e+00, 2.7847e-01, 
 2DIAGNOSTIC,     3, -6.336477560537e-01, 1.797693134862e+308, 4.0478e+00, 2.9855e-01, 
 2DIAGNOSTIC,     4, -6.344599507401e-01, 1.797693134862e+308, 4.3474e+00, 2.9958e-01, 
 2DIAGNOSTIC,     5, -6.366071273247e-01, 1.797693134862e+308, 4.7674e+00, 4.2001e-01, 
 2DIAGNOSTIC,     6, -6.366052420685e-01, 1.797693134862e+308, 5.1552e+00, 3.8779e-01, 
 2DIAGNOSTIC,     7, -6.366036198479e-01, 1.797693134862e+308, 5.4179e+00, 2.6272e-01, 
 2DIAGNOSTIC,     8, -6.366024450644e-01, 1.797693134862e+308, 5.7513e+00, 3.3335e-01, 
 2DIAGNOSTIC,     9, -6.366024800130e-01, 1.797693134862e+308, 6.0781e+00, 3.2682e-01, 
 2DIAGNOSTIC,    10, -6.366019923563e-01, 4.694653471276e-04, 6.3625e+00, 2.8440e-01, 
 2DIAGNOSTIC,    11, -6.366021326331e-01, 3.154638479335e-04, 6.6548e+00, 2.9232e-01, 
 2DIAGNOSTIC,    12, -6.366011345292e-01, 1.822633389696e-04, 7.0279e+00, 3.7304e-01, 
 2DIAGNOSTIC,    13, -6.366016446513e-01, 7.583497925119e-05, 7.3341e+00, 3.0626e-01, 
 2DIAGNOSTIC,    14, -6.366007376531e-01, 1.908046949092e-06, 7.6308e+00, 2.9672e-01, 
 2DIAGNOSTIC,    15, -6.365987601954e-01, 1.820537943481e-06, 7.9143e+00, 2.8343e-01, 
 2DIAGNOSTIC,    16, -6.365993844471e-01, 1.739049142316e-06, 8.2048e+00, 2.9052e-01, 
 2DIAGNOSTIC,    17, -6.365984271873e-01, 1.622078704140e-06, 8.4898e+00, 2.8502e-01, 
 2DIAGNOSTIC,    18, -6.365976627352e-01, 1.493099860715e-06, 8.8282e+00, 3.3840e-01, 
 2DIAGNOSTIC,    19, -6.365950165922e-01, 1.342835523659e-06, 9.1040e+00, 2.7574e-01, 
 2DIAGNOSTIC,    20, -6.365910335662e-01, 1.140407128855e-06, 9.3422e+00, 2.3826e-01, 
DIAGNOSTIC,Iteration,metricValue,convergenceValue,ITERATION_TIME_INDEX,SINCE_LAST
 2DIAGNOSTIC,     1, -5.626619910394e-01, 1.797693134862e+308, 1.2371e+01, 3.0284e+00, 
 2DIAGNOSTIC,     2, -5.628747068566e-01, 1.797693134862e+308, 1.4068e+01, 1.6972e+00, 
 2DIAGNOSTIC,     3, -5.631422851480e-01, 1.797693134862e+308, 1.5858e+01, 1.7907e+00, 
 2DIAGNOSTIC,     4, -5.634732842328e-01, 1.797693134862e+308, 1.7557e+01, 1.6984e+00, 
 2DIAGNOSTIC,     5, -5.635570575263e-01, 1.797693134862e+308, 2.0253e+01, 2.6959e+00, 
 2DIAGNOSTIC,     6, -5.635928622733e-01, 1.797693134862e+308, 2.2248e+01, 1.9948e+00, 
 2DIAGNOSTIC,     7, -5.636293095616e-01, 1.797693134862e+308, 2.4191e+01, 1.9433e+00, 
 2DIAGNOSTIC,     8, -5.637063646818e-01, 1.797693134862e+308, 2.6027e+01, 1.8360e+00, 
 2DIAGNOSTIC,     9, -5.638593792346e-01, 1.797693134862e+308, 2.8220e+01, 2.1934e+00, 
 2DIAGNOSTIC,    10, -5.639206584688e-01, 1.340115821030e-04, 3.2314e+01, 4.0939e+00, 
 2DIAGNOSTIC,    11, -5.639205329515e-01, 9.792731207331e-05, 3.4131e+01, 1.8168e+00, 
 2DIAGNOSTIC,    12, -5.639203998640e-01, 6.827036686831e-05, 3.5794e+01, 1.6630e+00, 
 2DIAGNOSTIC,    13, -5.639201295142e-01, 4.727884586433e-05, 3.7601e+01, 1.8074e+00, 
 2DIAGNOSTIC,    14, -5.639200217222e-01, 3.697420219162e-05, 3.9333e+01, 1.7315e+00, 
 2DIAGNOSTIC,    15, -5.639199403297e-01, 2.765838709316e-05, 4.1538e+01, 2.2050e+00, 
 2DIAGNOSTIC,    16, -5.639198194975e-01, 1.835833311534e-05, 4.3399e+01, 1.8607e+00, 
 2DIAGNOSTIC,    17, -5.639197096006e-01, 9.742799177793e-06, 4.5073e+01, 1.6743e+00, 
 2DIAGNOSTIC,    18, -5.639196248327e-01, 3.411931361781e-06, 4.6951e+01, 1.8784e+00, 
 2DIAGNOSTIC,    19, -5.639195179282e-01, 1.606574251377e-06, 4.8942e+01, 1.9903e+00, 
 2DIAGNOSTIC,    20, -5.639195575882e-01, 1.534048471863e-06, 5.0858e+01, 1.9168e+00, 
 2DIAGNOSTIC,    21, -5.639194774501e-01, 1.468762378963e-06, 5.2964e+01, 2.1055e+00, 
 2DIAGNOSTIC,    22, -5.639192626354e-01, 1.405993619412e-06, 5.5052e+01, 2.0885e+00, 
 2DIAGNOSTIC,    23, -5.639191733115e-01, 1.344766995363e-06, 5.7210e+01, 2.1575e+00, 
 2DIAGNOSTIC,    24, -5.639191079565e-01, 1.288636559980e-06, 5.9107e+01, 1.8971e+00, 
 2DIAGNOSTIC,    25, -5.639187198397e-01, 1.230988726696e-06, 6.0713e+01, 1.6058e+00, 
 2DIAGNOSTIC,    26, -5.639185137574e-01, 1.175591069977e-06, 6.2758e+01, 2.0453e+00, 
 2DIAGNOSTIC,    27, -5.639185532945e-01, 1.127646347424e-06, 6.4553e+01, 1.7948e+00, 
 2DIAGNOSTIC,    28, -5.639180328896e-01, 1.076936742693e-06, 6.6529e+01, 1.9757e+00, 
 2DIAGNOSTIC,    29, -5.639176865306e-01, 1.027624363818e-06, 6.8372e+01, 1.8433e+00, 
  Elapsed time (stage 0): 6.9467e+01


Total elapsed time: 6.9470e+01
Info [verificarlo]: loaded backend libinterflop_vprec.so
Info [interflop-vprec]: load backend with: 
Info [interflop-vprec]: precision-binary32 = 19
Info [interflop-vprec]: range-binary32 = 7
Info [interflop-vprec]: precision-binary64 = 19
Info [interflop-vprec]: range-binary64 = 7
Info [interflop-vprec]: mode = ob
Info [interflop-vprec]: error-mode = rel
Info [interflop-vprec]: max-abs-error-exponent = -1022
Info [interflop-vprec]: daz = false
Info [interflop-vprec]: ftz = false
Info [interflop-vprec]: 	instrument = none
Info [interflop-vprec]: 	prec-input-file = (null)
Info [interflop-vprec]: 	prec-output-file = (null)
Info [interflop-vprec]: 	prec-log-file = (null)
All_Command_lines_OK
Using double precision for computations.
=============================================================================
The composite transform comprises the following transforms (in order): 
  1. /home/mdugre/scratch/mri-registration-rp/datasets/ds004513/derivatives/mri-registration-rp/0001/antsRegistration-r7-p19/sub-s033/affine_Composite.h5[0] (type = Euler3DTransform)
  2. /home/mdugre/scratch/mri-registration-rp/datasets/ds004513/derivatives/mri-registration-rp/0001/antsRegistration-r7-p19/sub-s033/affine_Composite.h5[1] (type = Euler3DTransform)
  3. /home/mdugre/scratch/mri-registration-rp/datasets/ds004513/derivatives/mri-registration-rp/0001/antsRegistration-r7-p19/sub-s033/affine_Composite.h5[2] (type = Euler3DTransform)
  4. /home/mdugre/scratch/mri-registration-rp/datasets/ds004513/derivatives/mri-registration-rp/0001/antsRegistration-r7-p19/sub-s033/affine_Composite.h5[3] (type = AffineTransform)
=============================================================================
  number of levels = 4
  fixed image: /templateflow/tpl-MNI152NLin2009cAsym/tpl-MNI152NLin2009cAsym_res-01_desc-brain_T1w.nii.gz
