
##########################
# Experiment information #
##########################

EXPERIMENT_NAME: antsRegistration-r7-p8
VFC_BACKENDS: libinterflop_vprec.so --range-binary32=7 --precision-binary32=8 --range-binary64=7 --precision-binary64=8

SIF_IMG: /home/mdugre/projects/rrg-glatard/mdugre/containers/ants-vprec-no_metrics.simg

SUBJECT_ID: s037
INPUT_IMG: /home/mdugre/scratch/mri-registration-rp/datasets/ds004513/derivatives/mri-registration-rp/antsBrainExtraction/sub-s037/BrainExtractionBrain.nii.gz
OUTPUT_DIR: /home/mdugre/scratch/mri-registration-rp/datasets/ds004513/derivatives/mri-registration-rp/0001/antsRegistration-r7-p8/sub-s037

FIXED_IMG: /templateflow/tpl-MNI152NLin2009cAsym/tpl-MNI152NLin2009cAsym_res-01_desc-brain_T1w.nii.gz
DATA_DIR: /home/mdugre/scratch/mri-registration-rp/datasets/ds004513
TEMPLATEFLOW_DIR: /home/mdugre/projects/rrg-glatard/mdugre/templateflow
ITK_GLOBAL_DEFAULT_NUMBER_OF_THREADS: 16
##########################

Info [verificarlo]: loaded backend libinterflop_ieee.so
Info [interflop-ieee]: load backend with:
Info [interflop-ieee]: debug = false
Info [interflop-ieee]: debug-binary = false
Info [interflop-ieee]: no-backend-name = false
Info [interflop-ieee]: print-new-line = false
Info [interflop-ieee]: print-subnormal-normalized = false
Info [interflop-ieee]: count-op = false
All_Command_lines_OK
Using double precision for computations.
=============================================================================
The composite transform comprises the following transforms (in order): 
  1. Center of mass alignment using fixed image: /templateflow/tpl-MNI152NLin2009cAsym/tpl-MNI152NLin2009cAsym_res-01_desc-brain_T1w.nii.gz and moving image: /home/mdugre/scratch/mri-registration-rp/datasets/ds004513/derivatives/mri-registration-rp/antsBrainExtraction/sub-s037/BrainExtractionBrain.nii.gz (type = Euler3DTransform)
=============================================================================
  number of levels = 1
  fixed image: /templateflow/tpl-MNI152NLin2009cAsym/tpl-MNI152NLin2009cAsym_res-01_desc-brain_T1w.nii.gz
  moving image: /home/mdugre/scratch/mri-registration-rp/datasets/ds004513/derivatives/mri-registration-rp/antsBrainExtraction/sub-s037/BrainExtractionBrain.nii.gz
Dimension = 3
Number of stages = 1
Use histogram matching = false
Winsorize image intensities = true
  Lower quantile = 0.005
  Upper quantile = 0.995


Stage 1 State
   Image metric = MattesMI
     Fixed image = Image (0x3788bd0)
  RTTI typeinfo:   itk::Image<double, 3u>
  Reference Count: 2
  Modified Time: 2330
  Debug: Off
  Object Name: 
  Observers: 
    none
  Source: (none)
  Source output name: (none)
  Release Data: Off
  Data Released: False
  Global Release Data: Off
  PipelineMTime: 0
  UpdateMTime: 1941
  RealTimeStamp: 0 seconds 
  LargestPossibleRegion: 
    Dimension: 3
    Index: [0, 0, 0]
    Size: [193, 229, 193]
  BufferedRegion: 
    Dimension: 3
    Index: [0, 0, 0]
    Size: [193, 229, 193]
  RequestedRegion: 
    Dimension: 3
    Index: [0, 0, 0]
    Size: [193, 229, 193]
  Spacing: [1, 1, 1]
  Origin: [96, 132, -78]
  Direction: 
-1 0 0
0 -1 0
0 0 1

  IndexToPointMatrix: 
-1 0 0
0 -1 0
0 0 1

  PointToIndexMatrix: 
-1 0 0
0 -1 0
0 0 1

  Inverse Direction: 
-1 0 0
0 -1 0
0 0 1

  PixelContainer: 
    ImportImageContainer (0x37919e0)
      RTTI typeinfo:   itk::ImportImageContainer<unsigned long, double>
      Reference Count: 1
      Modified Time: 1938
      Debug: Off
      Object Name: 
      Observers: 
        none
      Pointer: 0x14b8ba98d010
      Container manages memory: true
      Size: 8530021
      Capacity: 8530021

     Moving image = Image (0x3792d40)
  RTTI typeinfo:   itk::Image<double, 3u>
  Reference Count: 2
  Modified Time: 2331
  Debug: Off
  Object Name: 
  Observers: 
    none
  Source: (none)
  Source output name: (none)
  Release Data: Off
  Data Released: False
  Global Release Data: Off
  PipelineMTime: 0
  UpdateMTime: 2328
  RealTimeStamp: 0 seconds 
  LargestPossibleRegion: 
    Dimension: 3
    Index: [0, 0, 0]
    Size: [160, 240, 256]
  BufferedRegion: 
    Dimension: 3
    Index: [0, 0, 0]
    Size: [160, 240, 256]
  RequestedRegion: 
    Dimension: 3
    Index: [0, 0, 0]
    Size: [160, 240, 256]
  Spacing: [1, 1, 1]
  Origin: [87.9508, 102.562, -147.639]
  Direction: 
-0.998659 -0.0436121 -0.0279129
0.043595 -0.999049 0.00121847
-0.0279395 -2.65543e-08 0.99961

  IndexToPointMatrix: 
-0.998659 -0.0436121 -0.0279129
0.043595 -0.999049 0.00121847
-0.0279395 -2.65543e-08 0.99961

  PointToIndexMatrix: 
-0.998659 0.043595 -0.0279395
-0.0436121 -0.999049 -2.65517e-08
-0.0279129 0.00121847 0.99961

  Inverse Direction: 
-0.998659 0.043595 -0.0279395
-0.0436121 -0.999049 -2.65517e-08
-0.0279129 0.00121847 0.99961

  PixelContainer: 
    ImportImageContainer (0x37b8850)
      RTTI typeinfo:   itk::ImportImageContainer<unsigned long, double>
      Reference Count: 1
      Modified Time: 2325
      Debug: Off
      Object Name: 
      Observers: 
        none
      Pointer: 0x14b8b5e8c010
      Container manages memory: true
      Size: 9830400
      Capacity: 9830400

     Weighting = 1
     Sampling strategy = regular
     Number of bins = 32
     Radius = 4
     Sampling percentage  = 0.25
   Transform = Rigid
     Gradient step = 0.1
     Update field sigma (voxel space) = 0
     Total field sigma (voxel space) = 0
     Update field time sigma = 0
     Total field time sigma  = 0
     Number of time indices = 0
     Number of time point samples = 0
Registration using 1 total stages.

Stage 0
  iterations = 0
  convergence threshold = 1e-06
  convergence window size = 10
  number of levels = 1
  using the Mattes MI metric (number of bins = 32, weight = 1, use gradient filter = 0)
  preprocessing:  winsorizing the image intensities
  Shrink factors (level 1 out of 1): [1, 1, 1]
  smoothing sigmas per level: [0]
  regular sampling (percentage = 0.25)

*** Running Euler3DTransform registration ***

  Elapsed time (stage 0): 1.10497


Total elapsed time: 1.10701
Info [verificarlo]: loaded backend libinterflop_ieee.so
Info [interflop-ieee]: load backend with:
Info [interflop-ieee]: debug = false
Info [interflop-ieee]: debug-binary = false
Info [interflop-ieee]: no-backend-name = false
Info [interflop-ieee]: print-new-line = false
Info [interflop-ieee]: print-subnormal-normalized = false
Info [interflop-ieee]: count-op = false
All_Command_lines_OK
Using double precision for computations.
=============================================================================
The composite transform comprises the following transforms (in order): 
  1. /home/mdugre/scratch/mri-registration-rp/datasets/ds004513/derivatives/mri-registration-rp/0001/antsRegistration-r7-p8/sub-s037/align_Composite.h5[0] (type = Euler3DTransform)
  2. /home/mdugre/scratch/mri-registration-rp/datasets/ds004513/derivatives/mri-registration-rp/0001/antsRegistration-r7-p8/sub-s037/align_Composite.h5[1] (type = Euler3DTransform)
=============================================================================
  number of levels = 4
  fixed image: /templateflow/tpl-MNI152NLin2009cAsym/tpl-MNI152NLin2009cAsym_res-01_desc-brain_T1w.nii.gz
  moving image: /home/mdugre/scratch/mri-registration-rp/datasets/ds004513/derivatives/mri-registration-rp/antsBrainExtraction/sub-s037/BrainExtractionBrain.nii.gz
Dimension = 3
Number of stages = 1
Use histogram matching = false
Winsorize image intensities = true
  Lower quantile = 0.005
  Upper quantile = 0.995


Stage 1 State
   Image metric = MattesMI
     Fixed image = Image (0x3d84530)
  RTTI typeinfo:   itk::Image<double, 3u>
  Reference Count: 2
  Modified Time: 1578
  Debug: Off
  Object Name: 
  Observers: 
    none
  Source: (none)
  Source output name: (none)
  Release Data: Off
  Data Released: False
  Global Release Data: Off
  PipelineMTime: 0
  UpdateMTime: 1189
  RealTimeStamp: 0 seconds 
  LargestPossibleRegion: 
    Dimension: 3
    Index: [0, 0, 0]
    Size: [193, 229, 193]
  BufferedRegion: 
    Dimension: 3
    Index: [0, 0, 0]
    Size: [193, 229, 193]
  RequestedRegion: 
    Dimension: 3
    Index: [0, 0, 0]
    Size: [193, 229, 193]
  Spacing: [1, 1, 1]
  Origin: [96, 132, -78]
  Direction: 
-1 0 0
0 -1 0
0 0 1

  IndexToPointMatrix: 
-1 0 0
0 -1 0
0 0 1

  PointToIndexMatrix: 
-1 0 0
0 -1 0
0 0 1

  Inverse Direction: 
-1 0 0
0 -1 0
0 0 1

  PixelContainer: 
    ImportImageContainer (0x3e42d60)
      RTTI typeinfo:   itk::ImportImageContainer<unsigned long, double>
      Reference Count: 1
      Modified Time: 1186
      Debug: Off
      Object Name: 
      Observers: 
        none
      Pointer: 0x14cde5f49010
      Container manages memory: true
      Size: 8530021
      Capacity: 8530021

     Moving image = Image (0x3e34f60)
  RTTI typeinfo:   itk::Image<double, 3u>
  Reference Count: 2
  Modified Time: 1579
  Debug: Off
  Object Name: 
  Observers: 
    none
  Source: (none)
  Source output name: (none)
  Release Data: Off
  Data Released: False
  Global Release Data: Off
  PipelineMTime: 0
  UpdateMTime: 1576
  RealTimeStamp: 0 seconds 
  LargestPossibleRegion: 
    Dimension: 3
    Index: [0, 0, 0]
    Size: [160, 240, 256]
  BufferedRegion: 
    Dimension: 3
    Index: [0, 0, 0]
    Size: [160, 240, 256]
  RequestedRegion: 
    Dimension: 3
    Index: [0, 0, 0]
    Size: [160, 240, 256]
  Spacing: [1, 1, 1]
  Origin: [87.9508, 102.562, -147.639]
  Direction: 
-0.998659 -0.0436121 -0.0279129
0.043595 -0.999049 0.00121847
-0.0279395 -2.65543e-08 0.99961

  IndexToPointMatrix: 
-0.998659 -0.0436121 -0.0279129
0.043595 -0.999049 0.00121847
-0.0279395 -2.65543e-08 0.99961

  PointToIndexMatrix: 
-0.998659 0.043595 -0.0279395
-0.0436121 -0.999049 -2.65517e-08
-0.0279129 0.00121847 0.99961

  Inverse Direction: 
-0.998659 0.043595 -0.0279395
-0.0436121 -0.999049 -2.65517e-08
-0.0279129 0.00121847 0.99961

  PixelContainer: 
    ImportImageContainer (0x3e266d0)
      RTTI typeinfo:   itk::ImportImageContainer<unsigned long, double>
      Reference Count: 1
      Modified Time: 1573
      Debug: Off
      Object Name: 
      Observers: 
        none
      Pointer: 0x14cde1448010
      Container manages memory: true
      Size: 9830400
      Capacity: 9830400

     Weighting = 1
     Sampling strategy = regular
     Number of bins = 32
     Radius = 4
     Sampling percentage  = 0.25
   Transform = Rigid
     Gradient step = 0.1
     Update field sigma (voxel space) = 0
     Total field sigma (voxel space) = 0
     Update field time sigma = 0
     Total field time sigma  = 0
     Number of time indices = 0
     Number of time point samples = 0
Registration using 1 total stages.

Stage 0
  iterations = 1000x500x250x100
  convergence threshold = 1e-06
  convergence window size = 10
  number of levels = 4
  using the Mattes MI metric (number of bins = 32, weight = 1, use gradient filter = 0)
  preprocessing:  winsorizing the image intensities
  Shrink factors (level 1 out of 4): [8, 8, 8]
  Shrink factors (level 2 out of 4): [4, 4, 4]
  Shrink factors (level 3 out of 4): [2, 2, 2]
  Shrink factors (level 4 out of 4): [1, 1, 1]
  smoothing sigmas per level: [3, 2, 1, 0]
  regular sampling (percentage = 0.25)

*** Running Euler3DTransform registration ***

DIAGNOSTIC,Iteration,metricValue,convergenceValue,ITERATION_TIME_INDEX,SINCE_LAST
 2DIAGNOSTIC,     1, -4.299060189477e-01, 1.797693134862e+308, 8.3446e-01, 8.3446e-01, 
 2DIAGNOSTIC,     2, -4.311703807429e-01, 1.797693134862e+308, 8.3950e-01, 5.0449e-03, 
 2DIAGNOSTIC,     3, -4.334997061176e-01, 1.797693134862e+308, 8.4371e-01, 4.2059e-03, 
 2DIAGNOSTIC,     4, -4.389575130370e-01, 1.797693134862e+308, 8.4901e-01, 5.2989e-03, 
 2DIAGNOSTIC,     5, -4.438813134482e-01, 1.797693134862e+308, 8.5318e-01, 4.1749e-03, 
 2DIAGNOSTIC,     6, -4.461495460377e-01, 1.797693134862e+308, 8.5803e-01, 4.8499e-03, 
 2DIAGNOSTIC,     7, -4.511407144429e-01, 1.797693134862e+308, 8.6338e-01, 5.3530e-03, 
 2DIAGNOSTIC,     8, -4.667812032718e-01, 1.797693134862e+308, 8.6907e-01, 5.6911e-03, 
 2DIAGNOSTIC,     9, -4.753090114372e-01, 1.797693134862e+308, 8.7432e-01, 5.2440e-03, 
 2DIAGNOSTIC,    10, -4.802481719655e-01, 7.481707542057e-03, 8.7954e-01, 5.2230e-03, 
 2DIAGNOSTIC,    11, -4.821261368877e-01, 7.356704266140e-03, 8.8496e-01, 5.4159e-03, 
 2DIAGNOSTIC,    12, -4.837491005316e-01, 6.749992380106e-03, 8.9105e-01, 6.0940e-03, 
 2DIAGNOSTIC,    13, -5.028244927614e-01, 6.622215038757e-03, 8.9902e-01, 7.9710e-03, 
 2DIAGNOSTIC,    14, -5.042109134419e-01, 6.183615245763e-03, 9.0390e-01, 4.8759e-03, 
 2DIAGNOSTIC,    15, -5.066116081864e-01, 5.558135432425e-03, 9.0866e-01, 4.7569e-03, 
 2DIAGNOSTIC,    16, -5.083451635883e-01, 4.676295421486e-03, 9.1325e-01, 4.5969e-03, 
 2DIAGNOSTIC,    17, -5.184993492667e-01, 3.998770500732e-03, 9.2054e-01, 7.2870e-03, 
 2DIAGNOSTIC,    18, -5.256348855936e-01, 3.769024583748e-03, 9.2562e-01, 5.0781e-03, 
 2DIAGNOSTIC,    19, -5.260487277826e-01, 3.491513205783e-03, 9.3172e-01, 6.1021e-03, 
 2DIAGNOSTIC,    20, -5.292109534349e-01, 3.174906823876e-03, 9.3672e-01, 4.9989e-03, 
 2DIAGNOSTIC,    21, -5.301818271033e-01, 2.681600053016e-03, 9.4164e-01, 4.9179e-03, 
 2DIAGNOSTIC,    22, -5.312241402941e-01, 2.041188919832e-03, 9.4692e-01, 5.2800e-03, 
 2DIAGNOSTIC,    23, -5.321371381179e-01, 1.776979357520e-03, 9.5247e-01, 5.5490e-03, 
 2DIAGNOSTIC,    24, -5.330747217755e-01, 1.429098124945e-03, 9.5721e-01, 4.7488e-03, 
 2DIAGNOSTIC,    25, -5.340979433525e-01, 1.060387509686e-03, 9.6279e-01, 5.5780e-03, 
 2DIAGNOSTIC,    26, -5.353301808210e-01, 6.839347400288e-04, 9.6937e-01, 6.5739e-03, 
 2DIAGNOSTIC,    27, -5.359877858556e-01, 5.005580681007e-04, 9.7425e-01, 4.8800e-03, 
 2DIAGNOSTIC,    28, -5.363338899296e-01, 4.385712047885e-04, 9.7872e-01, 4.4770e-03, 
 2DIAGNOSTIC,    29, -5.373050811882e-01, 3.660297756932e-04, 9.8339e-01, 4.6651e-03, 
 2DIAGNOSTIC,    30, -5.398201300681e-01, 3.715998529643e-04, 9.8846e-01, 5.0731e-03, 
 2DIAGNOSTIC,    31, -5.446420755864e-01, 4.465265192630e-04, 9.9839e-01, 9.9249e-03, 
 2DIAGNOSTIC,    32, -5.446644646419e-01, 4.912622447035e-04, 1.0027e+00, 4.3380e-03, 
 2DIAGNOSTIC,    33, -5.447646080530e-01, 5.056445719135e-04, 1.0070e+00, 4.2448e-03, 
 2DIAGNOSTIC,    34, -5.449310352503e-01, 4.904089548678e-04, 1.0113e+00, 4.3209e-03, 
 2DIAGNOSTIC,    35, -5.452044940068e-01, 4.491535872037e-04, 1.0158e+00, 4.5140e-03, 
 2DIAGNOSTIC,    36, -5.456974455502e-01, 3.933097701787e-04, 1.0201e+00, 4.2701e-03, 
 2DIAGNOSTIC,    37, -5.462998655712e-01, 3.227892835669e-04, 1.0245e+00, 4.4441e-03, 
 2DIAGNOSTIC,    38, -5.470544282525e-01, 2.429349374628e-04, 1.0287e+00, 4.2031e-03, 
 2DIAGNOSTIC,    39, -5.483332754701e-01, 1.763365778419e-04, 1.0336e+00, 4.8521e-03, 
 2DIAGNOSTIC,    40, -5.485726164449e-01, 1.327643995668e-04, 1.0384e+00, 4.8399e-03, 
 2DIAGNOSTIC,    41, -5.488485228375e-01, 1.482745044019e-04, 1.0432e+00, 4.7910e-03, 
 2DIAGNOSTIC,    42, -5.491456982199e-01, 1.532236364881e-04, 1.0475e+00, 4.3409e-03, 
 2DIAGNOSTIC,    43, -5.502470503817e-01, 1.586892584837e-04, 1.0528e+00, 5.2969e-03, 
 2DIAGNOSTIC,    44, -5.634825513933e-01, 3.167387136355e-04, 1.0593e+00, 6.4571e-03, 
 2DIAGNOSTIC,    45, -5.665857925686e-01, 4.738326674001e-04, 1.0642e+00, 4.9381e-03, 
 2DIAGNOSTIC,    46, -5.687373704910e-01, 6.110014306203e-04, 1.0691e+00, 4.8170e-03, 
 2DIAGNOSTIC,    47, -5.690960890272e-01, 6.967783287386e-04, 1.0738e+00, 4.7159e-03, 
 2DIAGNOSTIC,    48, -5.694306447881e-01, 7.241661111717e-04, 1.0781e+00, 4.3368e-03, 
 2DIAGNOSTIC,    49, -5.697190078205e-01, 6.963232342637e-04, 1.0823e+00, 4.2129e-03, 
 2DIAGNOSTIC,    50, -5.705658913501e-01, 6.139576904688e-04, 1.0876e+00, 5.2400e-03, 
 2DIAGNOSTIC,    51, -5.709128505186e-01, 4.847486199672e-04, 1.0920e+00, 4.4510e-03, 
 2DIAGNOSTIC,    52, -5.715874638091e-01, 3.265402298899e-04, 1.0963e+00, 4.3321e-03, 
 2DIAGNOSTIC,    53, -5.721847928405e-01, 1.577987719456e-04, 1.1008e+00, 4.4310e-03, 
 2DIAGNOSTIC,    54, -5.747993316756e-01, 1.392679509173e-04, 1.1057e+00, 4.8769e-03, 
 2DIAGNOSTIC,    55, -5.764366404577e-01, 1.535958124272e-04, 1.1128e+00, 7.1568e-03, 
 2DIAGNOSTIC,    56, -5.798878670880e-01, 2.065427842747e-04, 1.1178e+00, 4.9810e-03, 
 2DIAGNOSTIC,    57, -5.803413954233e-01, 2.449604026282e-04, 1.1220e+00, 4.2570e-03, 
 2DIAGNOSTIC,    58, -5.807655829976e-01, 2.658872078035e-04, 1.1269e+00, 4.8320e-03, 
 2DIAGNOSTIC,    59, -5.820972159351e-01, 2.752026701483e-04, 1.1318e+00, 4.8919e-03, 
 2DIAGNOSTIC,    60, -5.830917727339e-01, 2.736544393422e-04, 1.1361e+00, 4.3471e-03, 
 2DIAGNOSTIC,    61, -5.845320872343e-01, 2.612517519840e-04, 1.1413e+00, 5.1420e-03, 
 2DIAGNOSTIC,    62, -5.902188568820e-01, 2.791492039444e-04, 1.1463e+00, 5.0631e-03, 
 2DIAGNOSTIC,    63, -5.915352144630e-01, 2.846430098165e-04, 1.1535e+00, 7.1869e-03, 
 2DIAGNOSTIC,    64, -5.919183863055e-01, 2.878258140288e-04, 1.1578e+00, 4.3261e-03, 
 2DIAGNOSTIC,    65, -5.921610266260e-01, 2.785251463260e-04, 1.1621e+00, 4.2861e-03, 
 2DIAGNOSTIC,    66, -5.922300128977e-01, 2.709855035306e-04, 1.1663e+00, 4.1690e-03, 
 2DIAGNOSTIC,    67, -5.922893599969e-01, 2.411087452574e-04, 1.1710e+00, 4.7021e-03, 
 2DIAGNOSTIC,    68, -5.924526926403e-01, 1.932745705692e-04, 1.1752e+00, 4.2028e-03, 
 2DIAGNOSTIC,    69, -5.925595918449e-01, 1.399403769762e-04, 1.1801e+00, 4.9450e-03, 
 2DIAGNOSTIC,    70, -5.931848694178e-01, 8.739103089938e-05, 1.1859e+00, 5.7721e-03, 
 2DIAGNOSTIC,    71, -5.932898343389e-01, 3.840389241530e-05, 1.1904e+00, 4.4448e-03, 
 2DIAGNOSTIC,    72, -5.937879807291e-01, 3.228065118990e-05, 1.1951e+00, 4.7770e-03, 
 2DIAGNOSTIC,    73, -5.944846976530e-01, 3.767418766420e-05, 1.1993e+00, 4.2069e-03, 
 2DIAGNOSTIC,    74, -5.945834813741e-01, 4.258402771886e-05, 1.2040e+00, 4.6990e-03, 
 2DIAGNOSTIC,    75, -5.946501648528e-01, 4.547889808422e-05, 1.2088e+00, 4.7441e-03, 
 2DIAGNOSTIC,    76, -5.949886092879e-01, 4.680211353680e-05, 1.2132e+00, 4.4301e-03, 
 2DIAGNOSTIC,    77, -5.950457218051e-01, 4.432895133108e-05, 1.2180e+00, 4.7371e-03, 
 2DIAGNOSTIC,    78, -5.950408651804e-01, 3.872564863094e-05, 1.2227e+00, 4.7371e-03, 
 2DIAGNOSTIC,    79, -5.951747665222e-01, 3.112968988827e-05, 1.2290e+00, 6.2950e-03, 
 2DIAGNOSTIC,    80, -5.951693106725e-01, 2.487207944376e-05, 1.2332e+00, 4.1819e-03, 
 2DIAGNOSTIC,    81, -5.952431718736e-01, 1.751699788562e-05, 1.2384e+00, 5.1968e-03, 
 2DIAGNOSTIC,    82, -5.952970887752e-01, 1.208088385328e-05, 1.2431e+00, 4.7050e-03, 
 2DIAGNOSTIC,    83, -5.952528007397e-01, 9.756343227132e-06, 1.2473e+00, 4.1840e-03, 
 2DIAGNOSTIC,    84, -5.952049168318e-01, 6.929200166927e-06, 1.2521e+00, 4.8490e-03, 
 2DIAGNOSTIC,    85, -5.952153767182e-01, 3.965879995677e-06, 1.2564e+00, 4.2980e-03, 
 2DIAGNOSTIC,    86, -5.951370651034e-01, 2.283950510993e-06, 1.2608e+00, 4.3821e-03, 
DIAGNOSTIC,Iteration,metricValue,convergenceValue,ITERATION_TIME_INDEX,SINCE_LAST
 2DIAGNOSTIC,     1, -4.842430054308e-01, 1.797693134862e+308, 2.0296e+00, 7.6878e-01, 
 2DIAGNOSTIC,     2, -4.848406106085e-01, 1.797693134862e+308, 2.0578e+00, 2.8207e-02, 
 2DIAGNOSTIC,     3, -4.860464420838e-01, 1.797693134862e+308, 2.0857e+00, 2.7906e-02, 
 2DIAGNOSTIC,     4, -4.879792135198e-01, 1.797693134862e+308, 2.1134e+00, 2.7715e-02, 
 2DIAGNOSTIC,     5, -4.893175755951e-01, 1.797693134862e+308, 2.1419e+00, 2.8462e-02, 
 2DIAGNOSTIC,     6, -4.902545211902e-01, 1.797693134862e+308, 2.1734e+00, 3.1563e-02, 
 2DIAGNOSTIC,     7, -4.904510672732e-01, 1.797693134862e+308, 2.2185e+00, 4.5111e-02, 
 2DIAGNOSTIC,     8, -4.904443962889e-01, 1.797693134862e+308, 2.2497e+00, 3.1146e-02, 
 2DIAGNOSTIC,     9, -4.904644250876e-01, 1.797693134862e+308, 2.2810e+00, 3.1303e-02, 
 2DIAGNOSTIC,    10, -4.904816902700e-01, 9.078811801394e-04, 2.3121e+00, 3.1132e-02, 
 2DIAGNOSTIC,    11, -4.904791347817e-01, 6.277130878763e-04, 2.3425e+00, 3.0367e-02, 
 2DIAGNOSTIC,    12, -4.904727267306e-01, 3.672529896334e-04, 2.3690e+00, 2.6499e-02, 
 2DIAGNOSTIC,    13, -4.904965120911e-01, 1.679770301136e-04, 2.3949e+00, 2.5903e-02, 
 2DIAGNOSTIC,    14, -4.905733214004e-01, 6.460420240689e-05, 2.4206e+00, 2.5692e-02, 
 2DIAGNOSTIC,    15, -4.906354214442e-01, 2.256884312976e-05, 2.4465e+00, 2.5969e-02, 
 2DIAGNOSTIC,    16, -4.908400185941e-01, 2.516213156593e-05, 2.4748e+00, 2.8312e-02, 
 2DIAGNOSTIC,    17, -4.910244254697e-01, 3.822469600777e-05, 2.5044e+00, 2.9582e-02, 
 2DIAGNOSTIC,    18, -4.911391269196e-01, 4.986556467289e-05, 2.5431e+00, 3.8679e-02, 
 2DIAGNOSTIC,    19, -4.912263779034e-01, 5.909943603082e-05, 2.5735e+00, 3.0358e-02, 
 2DIAGNOSTIC,    20, -4.912637838881e-01, 6.366343818078e-05, 2.6034e+00, 2.9888e-02, 
 2DIAGNOSTIC,    21, -4.913067926877e-01, 6.310566011796e-05, 2.6350e+00, 3.1596e-02, 
 2DIAGNOSTIC,    22, -4.914799292805e-01, 6.118221577806e-05, 2.6642e+00, 2.9261e-02, 
 2DIAGNOSTIC,    23, -4.917735698071e-01, 6.172044198670e-05, 2.6931e+00, 2.8883e-02, 
 2DIAGNOSTIC,    24, -4.919315250515e-01, 6.213643346295e-05, 2.7219e+00, 2.8809e-02, 
 2DIAGNOSTIC,    25, -4.925192390063e-01, 7.185649344226e-05, 2.7645e+00, 4.2593e-02, 
 2DIAGNOSTIC,    26, -4.927605430679e-01, 8.381579438660e-05, 2.8014e+00, 3.6882e-02, 
 2DIAGNOSTIC,    27, -4.927927878298e-01, 9.169279898492e-05, 2.8332e+00, 3.1791e-02, 
 2DIAGNOSTIC,    28, -4.928904724083e-01, 9.494767977215e-05, 2.8610e+00, 2.7820e-02, 
 2DIAGNOSTIC,    29, -4.930150906459e-01, 9.330836074502e-05, 2.8887e+00, 2.7660e-02, 
 2DIAGNOSTIC,    30, -4.931551078217e-01, 8.634008966660e-05, 2.9198e+00, 3.1193e-02, 
 2DIAGNOSTIC,    31, -4.932128751063e-01, 7.352072161267e-05, 2.9583e+00, 3.8504e-02, 
 2DIAGNOSTIC,    32, -4.932140412675e-01, 5.785357298844e-05, 2.9859e+00, 2.7580e-02, 
 2DIAGNOSTIC,    33, -4.932183937365e-01, 4.310433154409e-05, 3.0337e+00, 4.7767e-02, 
 2DIAGNOSTIC,    34, -4.932106845431e-01, 2.752039632034e-05, 3.0622e+00, 2.8541e-02, 
 2DIAGNOSTIC,    35, -4.932110201563e-01, 1.990534402104e-05, 3.0928e+00, 3.0577e-02, 
 2DIAGNOSTIC,    36, -4.932111190410e-01, 1.480300133206e-05, 3.1270e+00, 3.4179e-02, 
 2DIAGNOSTIC,    37, -4.932033453916e-01, 9.045790213678e-06, 3.2147e+00, 8.7739e-02, 
 2DIAGNOSTIC,    38, -4.932033453916e-01, 4.289736708019e-06, 3.2732e+00, 5.8424e-02, 
 2DIAGNOSTIC,    39, -4.932033453916e-01, 1.250245364588e-06, 3.3044e+00, 3.1263e-02, 
DIAGNOSTIC,Iteration,metricValue,convergenceValue,ITERATION_TIME_INDEX,SINCE_LAST
 2DIAGNOSTIC,     1, -4.342799608858e-01, 1.797693134862e+308, 4.3523e+00, 1.0479e+00, 
 2DIAGNOSTIC,     2, -4.344215955020e-01, 1.797693134862e+308, 4.5571e+00, 2.0483e-01, 
 2DIAGNOSTIC,     3, -4.344746042832e-01, 1.797693134862e+308, 4.7905e+00, 2.3336e-01, 
 2DIAGNOSTIC,     4, -4.345645934627e-01, 1.797693134862e+308, 5.0045e+00, 2.1401e-01, 
 2DIAGNOSTIC,     5, -4.347181592572e-01, 1.797693134862e+308, 5.3618e+00, 3.5730e-01, 
 2DIAGNOSTIC,     6, -4.347141364841e-01, 1.797693134862e+308, 5.5933e+00, 2.3147e-01, 
 2DIAGNOSTIC,     7, -4.347477001415e-01, 1.797693134862e+308, 5.8469e+00, 2.5359e-01, 
 2DIAGNOSTIC,     8, -4.348078767162e-01, 1.797693134862e+308, 6.1080e+00, 2.6117e-01, 
 2DIAGNOSTIC,     9, -4.348243509054e-01, 1.797693134862e+308, 6.3532e+00, 2.4520e-01, 
 2DIAGNOSTIC,    10, -4.348617975595e-01, 8.508156494354e-05, 6.6417e+00, 2.8848e-01, 
 2DIAGNOSTIC,    11, -4.348825779659e-01, 6.406115346119e-05, 6.9594e+00, 3.1771e-01, 
 2DIAGNOSTIC,    12, -4.348979204730e-01, 4.969156577379e-05, 7.1737e+00, 2.1431e-01, 
 2DIAGNOSTIC,    13, -4.349098346064e-01, 3.647240818531e-05, 7.4647e+00, 2.9092e-01, 
 2DIAGNOSTIC,    14, -4.349231994150e-01, 2.667473203935e-05, 7.7920e+00, 3.2733e-01, 
 2DIAGNOSTIC,    15, -4.349178753765e-01, 2.244967470635e-05, 8.0074e+00, 2.1538e-01, 
 2DIAGNOSTIC,    16, -4.349536223702e-01, 1.818454992160e-05, 8.2593e+00, 2.5199e-01, 
 2DIAGNOSTIC,    17, -4.349562406663e-01, 1.423851129466e-05, 8.5112e+00, 2.5189e-01, 
 2DIAGNOSTIC,    18, -4.349533435816e-01, 1.167903168770e-05, 8.7784e+00, 2.6713e-01, 
 2DIAGNOSTIC,    19, -4.349525967665e-01, 9.007426619460e-06, 9.0508e+00, 2.7246e-01, 
 2DIAGNOSTIC,    20, -4.349485613091e-01, 7.004505237287e-06, 9.2848e+00, 2.3401e-01, 
 2DIAGNOSTIC,    21, -4.349623702016e-01, 5.745707525574e-06, 9.5361e+00, 2.5127e-01, 
 2DIAGNOSTIC,    22, -4.349715584059e-01, 4.908774051522e-06, 9.7793e+00, 2.4322e-01, 
 2DIAGNOSTIC,    23, -4.349716627394e-01, 4.162692942088e-06, 1.0023e+01, 2.4383e-01, 
 2DIAGNOSTIC,    24, -4.349744363336e-01, 3.684993170987e-06, 1.0259e+01, 2.3601e-01, 
 2DIAGNOSTIC,    25, -4.349724066257e-01, 2.806890593510e-06, 1.0524e+01, 2.6478e-01, 
 2DIAGNOSTIC,    26, -4.349701280628e-01, 2.686370279656e-06, 1.0791e+01, 2.6663e-01, 
 2DIAGNOSTIC,    27, -4.349689760059e-01, 2.469782747531e-06, 1.1022e+01, 2.3151e-01, 
 2DIAGNOSTIC,    28, -4.349732312238e-01, 2.181461226859e-06, 1.1257e+01, 2.3540e-01, 
 2DIAGNOSTIC,    29, -4.349837859491e-01, 2.040326488879e-06, 1.1527e+01, 2.6925e-01, 
 2DIAGNOSTIC,    30, -4.349947402591e-01, 1.958813647458e-06, 1.2013e+01, 4.8632e-01, 
 2DIAGNOSTIC,    31, -4.349959163589e-01, 2.107498085997e-06, 1.2304e+01, 2.9053e-01, 
 2DIAGNOSTIC,    32, -4.349954823365e-01, 2.328957317978e-06, 1.2592e+01, 2.8794e-01, 
 2DIAGNOSTIC,    33, -4.349948409929e-01, 2.398912962422e-06, 1.2872e+01, 2.8054e-01, 
 2DIAGNOSTIC,    34, -4.349949808815e-01, 2.380878804761e-06, 1.3100e+01, 2.2774e-01, 
 2DIAGNOSTIC,    35, -4.349936338782e-01, 2.161151165848e-06, 1.3325e+01, 2.2500e-01, 
 2DIAGNOSTIC,    36, -4.349939991541e-01, 1.803952945054e-06, 1.3597e+01, 2.7198e-01, 
 2DIAGNOSTIC,    37, -4.349935420025e-01, 1.352989339041e-06, 1.3847e+01, 2.5063e-01, 
DIAGNOSTIC,Iteration,metricValue,convergenceValue,ITERATION_TIME_INDEX,SINCE_LAST
 2DIAGNOSTIC,     1, -4.015571780524e-01, 1.797693134862e+308, 1.6237e+01, 2.3893e+00, 
 2DIAGNOSTIC,     2, -4.017074558628e-01, 1.797693134862e+308, 1.7644e+01, 1.4076e+00, 
 2DIAGNOSTIC,     3, -4.017603666863e-01, 1.797693134862e+308, 1.9578e+01, 1.9335e+00, 
 2DIAGNOSTIC,     4, -4.017635061892e-01, 1.797693134862e+308, 2.1606e+01, 2.0284e+00, 
 2DIAGNOSTIC,     5, -4.017633790944e-01, 1.797693134862e+308, 2.3070e+01, 1.4638e+00, 
 2DIAGNOSTIC,     6, -4.017633339665e-01, 1.797693134862e+308, 2.4578e+01, 1.5080e+00, 
 2DIAGNOSTIC,     7, -4.017628615236e-01, 1.797693134862e+308, 2.5937e+01, 1.3591e+00, 
 2DIAGNOSTIC,     8, -4.017630764234e-01, 1.797693134862e+308, 2.7464e+01, 1.5271e+00, 
 2DIAGNOSTIC,     9, -4.017629702001e-01, 1.797693134862e+308, 2.9939e+01, 2.4752e+00, 
 2DIAGNOSTIC,    10, -4.017629549751e-01, 2.128239869685e-05, 3.1461e+01, 1.5214e+00, 
 2DIAGNOSTIC,    11, -4.017629318856e-01, 6.566940049496e-06, 3.3091e+01, 1.6304e+00, 
 2DIAGNOSTIC,    12, -4.017627642394e-01, 2.737268897851e-06, 3.4522e+01, 1.4310e+00, 
 2DIAGNOSTIC,    13, -4.017627370626e-01, 2.362008932028e-06, 3.6000e+01, 1.4775e+00, 
 2DIAGNOSTIC,    14, -4.017628369014e-01, 2.211509953359e-06, 3.7513e+01, 1.5132e+00, 
 2DIAGNOSTIC,    15, -4.017626079563e-01, 2.069545461114e-06, 3.9024e+01, 1.5111e+00, 
 2DIAGNOSTIC,    16, -4.017625202673e-01, 1.945158573866e-06, 4.0498e+01, 1.4742e+00, 
 2DIAGNOSTIC,    17, -4.017624215787e-01, 1.815464385817e-06, 4.2292e+01, 1.7941e+00, 
 2DIAGNOSTIC,    18, -4.017623597837e-01, 1.711399900746e-06, 4.3657e+01, 1.3647e+00, 
 2DIAGNOSTIC,    19, -4.017622283604e-01, 1.614465726475e-06, 4.5339e+01, 1.6819e+00, 
 2DIAGNOSTIC,    20, -4.017620178312e-01, 1.524917822279e-06, 4.6812e+01, 1.4729e+00, 
 2DIAGNOSTIC,    21, -4.017620675445e-01, 1.451321771824e-06, 4.8342e+01, 1.5308e+00, 
 2DIAGNOSTIC,    22, -4.017617925071e-01, 1.375928359207e-06, 4.9990e+01, 1.6474e+00, 
 2DIAGNOSTIC,    23, -4.017619805218e-01, 1.318585331624e-06, 5.1524e+01, 1.5344e+00, 
 2DIAGNOSTIC,    24, -4.017619581383e-01, 1.274327810545e-06, 5.3031e+01, 1.5070e+00, 
 2DIAGNOSTIC,    25, -4.017619287421e-01, 1.231174416701e-06, 5.4566e+01, 1.5350e+00, 
 2DIAGNOSTIC,    26, -4.017618231432e-01, 1.190085906884e-06, 5.5893e+01, 1.3270e+00, 
 2DIAGNOSTIC,    27, -4.017618492232e-01, 1.153358053362e-06, 5.7286e+01, 1.3926e+00, 
 2DIAGNOSTIC,    28, -4.017618649121e-01, 1.120365916991e-06, 5.8820e+01, 1.5342e+00, 
 2DIAGNOSTIC,    29, -4.017619510349e-01, 1.090031199788e-06, 6.0296e+01, 1.4759e+00, 
 2DIAGNOSTIC,    30, -4.017618451513e-01, 1.054848717007e-06, 6.1966e+01, 1.6703e+00, 
 2DIAGNOSTIC,    31, -4.017618190994e-01, 1.023360003030e-06, 6.3559e+01, 1.5929e+00, 
  Elapsed time (stage 0): 6.4426e+01


Total elapsed time: 6.4428e+01
Info [verificarlo]: loaded backend libinterflop_ieee.so
Info [interflop-ieee]: load backend with:
Info [interflop-ieee]: debug = false
Info [interflop-ieee]: debug-binary = false
Info [interflop-ieee]: no-backend-name = false
Info [interflop-ieee]: print-new-line = false
Info [interflop-ieee]: print-subnormal-normalized = false
Info [interflop-ieee]: count-op = false
All_Command_lines_OK
Using double precision for computations.
=============================================================================
The composite transform comprises the following transforms (in order): 
  1. /home/mdugre/scratch/mri-registration-rp/datasets/ds004513/derivatives/mri-registration-rp/0001/antsRegistration-r7-p8/sub-s037/rigid_Composite.h5[0] (type = Euler3DTransform)
  2. /home/mdugre/scratch/mri-registration-rp/datasets/ds004513/derivatives/mri-registration-rp/0001/antsRegistration-r7-p8/sub-s037/rigid_Composite.h5[1] (type = Euler3DTransform)
  3. /home/mdugre/scratch/mri-registration-rp/datasets/ds004513/derivatives/mri-registration-rp/0001/antsRegistration-r7-p8/sub-s037/rigid_Composite.h5[2] (type = Euler3DTransform)
=============================================================================
  number of levels = 4
  fixed image: /templateflow/tpl-MNI152NLin2009cAsym/tpl-MNI152NLin2009cAsym_res-01_desc-brain_T1w.nii.gz
  moving image: /home/mdugre/scratch/mri-registration-rp/datasets/ds004513/derivatives/mri-registration-rp/antsBrainExtraction/sub-s037/BrainExtractionBrain.nii.gz
Dimension = 3
Number of stages = 1
Use histogram matching = false
Winsorize image intensities = true
  Lower quantile = 0.005
  Upper quantile = 0.995


Stage 1 State
   Image metric = MattesMI
     Fixed image = Image (0x4fc6530)
  RTTI typeinfo:   itk::Image<double, 3u>
  Reference Count: 2
  Modified Time: 1592
  Debug: Off
  Object Name: 
  Observers: 
    none
  Source: (none)
  Source output name: (none)
  Release Data: Off
  Data Released: False
  Global Release Data: Off
  PipelineMTime: 0
  UpdateMTime: 1203
  RealTimeStamp: 0 seconds 
  LargestPossibleRegion: 
    Dimension: 3
    Index: [0, 0, 0]
    Size: [193, 229, 193]
  BufferedRegion: 
    Dimension: 3
    Index: [0, 0, 0]
    Size: [193, 229, 193]
  RequestedRegion: 
    Dimension: 3
    Index: [0, 0, 0]
    Size: [193, 229, 193]
  Spacing: [1, 1, 1]
  Origin: [96, 132, -78]
  Direction: 
-1 0 0
0 -1 0
0 0 1

  IndexToPointMatrix: 
-1 0 0
0 -1 0
0 0 1

  PointToIndexMatrix: 
-1 0 0
0 -1 0
0 0 1

  Inverse Direction: 
-1 0 0
0 -1 0
0 0 1

  PixelContainer: 
    ImportImageContainer (0x507f2a0)
      RTTI typeinfo:   itk::ImportImageContainer<unsigned long, double>
      Reference Count: 1
      Modified Time: 1200
      Debug: Off
      Object Name: 
      Observers: 
        none
      Pointer: 0x1482c62c3010
      Container manages memory: true
      Size: 8530021
      Capacity: 8530021

     Moving image = Image (0x5081e60)
  RTTI typeinfo:   itk::Image<double, 3u>
  Reference Count: 2
  Modified Time: 1593
  Debug: Off
  Object Name: 
  Observers: 
    none
  Source: (none)
  Source output name: (none)
  Release Data: Off
  Data Released: False
  Global Release Data: Off
  PipelineMTime: 0
  UpdateMTime: 1590
  RealTimeStamp: 0 seconds 
  LargestPossibleRegion: 
    Dimension: 3
    Index: [0, 0, 0]
    Size: [160, 240, 256]
  BufferedRegion: 
    Dimension: 3
    Index: [0, 0, 0]
    Size: [160, 240, 256]
  RequestedRegion: 
    Dimension: 3
    Index: [0, 0, 0]
    Size: [160, 240, 256]
  Spacing: [1, 1, 1]
  Origin: [87.9508, 102.562, -147.639]
  Direction: 
-0.998659 -0.0436121 -0.0279129
0.043595 -0.999049 0.00121847
-0.0279395 -2.65543e-08 0.99961

  IndexToPointMatrix: 
-0.998659 -0.0436121 -0.0279129
0.043595 -0.999049 0.00121847
-0.0279395 -2.65543e-08 0.99961

  PointToIndexMatrix: 
-0.998659 0.043595 -0.0279395
-0.0436121 -0.999049 -2.65517e-08
-0.0279129 0.00121847 0.99961

  Inverse Direction: 
-0.998659 0.043595 -0.0279395
-0.0436121 -0.999049 -2.65517e-08
-0.0279129 0.00121847 0.99961

  PixelContainer: 
    ImportImageContainer (0x50b5390)
      RTTI typeinfo:   itk::ImportImageContainer<unsigned long, double>
      Reference Count: 1
      Modified Time: 1587
      Debug: Off
      Object Name: 
      Observers: 
        none
      Pointer: 0x1482c17c2010
      Container manages memory: true
      Size: 9830400
      Capacity: 9830400

     Weighting = 1
     Sampling strategy = regular
     Number of bins = 32
     Radius = 4
     Sampling percentage  = 0.25
   Transform = Affine
     Gradient step = 0.1
     Update field sigma (voxel space) = 0
     Total field sigma (voxel space) = 0
     Update field time sigma = 0
     Total field time sigma  = 0
     Number of time indices = 0
     Number of time point samples = 0
Registration using 1 total stages.

Stage 0
  iterations = 1000x500x250x100
  convergence threshold = 1e-06
  convergence window size = 10
  number of levels = 4
  using the Mattes MI metric (number of bins = 32, weight = 1, use gradient filter = 0)
  preprocessing:  winsorizing the image intensities
  Shrink factors (level 1 out of 4): [8, 8, 8]
  Shrink factors (level 2 out of 4): [4, 4, 4]
  Shrink factors (level 3 out of 4): [2, 2, 2]
  Shrink factors (level 4 out of 4): [1, 1, 1]
  smoothing sigmas per level: [3, 2, 1, 0]
  regular sampling (percentage = 0.25)

*** Running AffineTransform registration ***

DIAGNOSTIC,Iteration,metricValue,convergenceValue,ITERATION_TIME_INDEX,SINCE_LAST
 2DIAGNOSTIC,     1, -5.856798907799e-01, 1.797693134862e+308, 8.9140e-01, 8.9140e-01, 
 2DIAGNOSTIC,     2, -5.874503438713e-01, 1.797693134862e+308, 8.9597e-01, 4.5681e-03, 
 2DIAGNOSTIC,     3, -5.899377231100e-01, 1.797693134862e+308, 9.0045e-01, 4.4830e-03, 
 2DIAGNOSTIC,     4, -5.949237860179e-01, 1.797693134862e+308, 9.0486e-01, 4.4079e-03, 
 2DIAGNOSTIC,     5, -6.036180642621e-01, 1.797693134862e+308, 9.0927e-01, 4.4100e-03, 
 2DIAGNOSTIC,     6, -6.153402608763e-01, 1.797693134862e+308, 9.1375e-01, 4.4830e-03, 
 2DIAGNOSTIC,     7, -6.341664196746e-01, 1.797693134862e+308, 9.1828e-01, 4.5280e-03, 
 2DIAGNOSTIC,     8, -6.683594202127e-01, 1.797693134862e+308, 9.2351e-01, 5.2352e-03, 
 2DIAGNOSTIC,     9, -7.125649311717e-01, 1.797693134862e+308, 9.3236e-01, 8.8460e-03, 
 2DIAGNOSTIC,    10, -7.122528717911e-01, 1.403225196334e-02, 9.3727e-01, 4.9050e-03, 
 2DIAGNOSTIC,    11, -7.153236445569e-01, 1.420062382802e-02, 9.4207e-01, 4.8048e-03, 
 2DIAGNOSTIC,    12, -7.186928233132e-01, 1.327050939577e-02, 9.4692e-01, 4.8461e-03, 
 2DIAGNOSTIC,    13, -7.202219122326e-01, 1.141953100894e-02, 9.5174e-01, 4.8251e-03, 
 2DIAGNOSTIC,    14, -7.209361394014e-01, 8.986308827562e-03, 9.5716e-01, 5.4190e-03, 
 2DIAGNOSTIC,    15, -7.208816401616e-01, 6.350189381583e-03, 9.6524e-01, 8.0788e-03, 
 2DIAGNOSTIC,    16, -7.209077935927e-01, 3.822614660536e-03, 9.7059e-01, 5.3489e-03, 
 2DIAGNOSTIC,    17, -7.207612539025e-01, 1.721547283617e-03, 9.7590e-01, 5.3141e-03, 
 2DIAGNOSTIC,    18, -7.207024476355e-01, 4.879870994687e-04, 9.8071e-01, 4.8099e-03, 
 2DIAGNOSTIC,    19, -7.205659128316e-01, 3.302901812563e-04, 9.8683e-01, 6.1159e-03, 
 2DIAGNOSTIC,    20, -7.205893867805e-01, 1.524353193083e-04, 9.9227e-01, 5.4412e-03, 
 2DIAGNOSTIC,    21, -7.205096033933e-01, 3.697544288378e-05, 9.9717e-01, 4.9021e-03, 
DIAGNOSTIC,Iteration,metricValue,convergenceValue,ITERATION_TIME_INDEX,SINCE_LAST
 2DIAGNOSTIC,     1, -5.937771256698e-01, 1.797693134862e+308, 1.7129e+00, 7.1569e-01, 
 2DIAGNOSTIC,     2, -5.944569890363e-01, 1.797693134862e+308, 1.7527e+00, 3.9806e-02, 
 2DIAGNOSTIC,     3, -5.954839935900e-01, 1.797693134862e+308, 1.7894e+00, 3.6747e-02, 
 2DIAGNOSTIC,     4, -5.966943482598e-01, 1.797693134862e+308, 1.8241e+00, 3.4669e-02, 
 2DIAGNOSTIC,     5, -5.979639265186e-01, 1.797693134862e+308, 1.8587e+00, 3.4629e-02, 
 2DIAGNOSTIC,     6, -5.986903117129e-01, 1.797693134862e+308, 1.8984e+00, 3.9706e-02, 
 2DIAGNOSTIC,     7, -5.988606198662e-01, 1.797693134862e+308, 1.9411e+00, 4.2723e-02, 
 2DIAGNOSTIC,     8, -5.990344063062e-01, 1.797693134862e+308, 1.9862e+00, 4.5030e-02, 
 2DIAGNOSTIC,     9, -5.993183456641e-01, 1.797693134862e+308, 2.0225e+00, 3.6361e-02, 
 2DIAGNOSTIC,    10, -5.998724092012e-01, 6.676051820812e-04, 2.0577e+00, 3.5124e-02, 
 2DIAGNOSTIC,    11, -6.001288227939e-01, 5.162922552527e-04, 2.1002e+00, 4.2571e-02, 
 2DIAGNOSTIC,    12, -6.004792452427e-01, 3.852124937189e-04, 2.1394e+00, 3.9131e-02, 
 2DIAGNOSTIC,    13, -6.006531021479e-01, 2.833693409964e-04, 2.1778e+00, 3.8438e-02, 
 2DIAGNOSTIC,    14, -6.009179460845e-01, 2.196902981824e-04, 2.2239e+00, 4.6062e-02, 
 2DIAGNOSTIC,    15, -6.009285903412e-01, 1.843665247638e-04, 2.2826e+00, 5.8715e-02, 
 2DIAGNOSTIC,    16, -6.009168303780e-01, 1.579679722464e-04, 2.3301e+00, 4.7550e-02, 
 2DIAGNOSTIC,    17, -6.009092591115e-01, 1.250063645063e-04, 2.3696e+00, 3.9487e-02, 
 2DIAGNOSTIC,    18, -6.009011421162e-01, 8.865481929109e-05, 2.4115e+00, 4.1852e-02, 
 2DIAGNOSTIC,    19, -6.008932706267e-01, 5.467945765383e-05, 2.4504e+00, 3.8919e-02, 
 2DIAGNOSTIC,    20, -6.008847919893e-01, 3.209540779074e-05, 2.4853e+00, 3.4889e-02, 
 2DIAGNOSTIC,    21, -6.008579454183e-01, 1.393533885626e-05, 2.5228e+00, 3.7577e-02, 
 2DIAGNOSTIC,    22, -6.008609874519e-01, 3.872524530629e-06, 2.5593e+00, 3.6445e-02, 
DIAGNOSTIC,Iteration,metricValue,convergenceValue,ITERATION_TIME_INDEX,SINCE_LAST
 2DIAGNOSTIC,     1, -5.252083257898e-01, 1.797693134862e+308, 3.6668e+00, 1.1075e+00, 
 2DIAGNOSTIC,     2, -5.255015799541e-01, 1.797693134862e+308, 3.9431e+00, 2.7628e-01, 
 2DIAGNOSTIC,     3, -5.258694486897e-01, 1.797693134862e+308, 4.2259e+00, 2.8288e-01, 
 2DIAGNOSTIC,     4, -5.263557650992e-01, 1.797693134862e+308, 4.4819e+00, 2.5594e-01, 
 2DIAGNOSTIC,     5, -5.267941437429e-01, 1.797693134862e+308, 4.7521e+00, 2.7025e-01, 
 2DIAGNOSTIC,     6, -5.272169052458e-01, 1.797693134862e+308, 5.0427e+00, 2.9061e-01, 
 2DIAGNOSTIC,     7, -5.276216997250e-01, 1.797693134862e+308, 5.5542e+00, 5.1146e-01, 
 2DIAGNOSTIC,     8, -5.276229984447e-01, 1.797693134862e+308, 5.8125e+00, 2.5830e-01, 
 2DIAGNOSTIC,     9, -5.276390134804e-01, 1.797693134862e+308, 6.1128e+00, 3.0026e-01, 
 2DIAGNOSTIC,    10, -5.276657206323e-01, 3.386069872808e-04, 6.4099e+00, 2.9711e-01, 
 2DIAGNOSTIC,    11, -5.276944099903e-01, 2.538377966887e-04, 6.7058e+00, 2.9594e-01, 
 2DIAGNOSTIC,    12, -5.277194293885e-01, 1.747476057191e-04, 6.9712e+00, 2.6543e-01, 
 2DIAGNOSTIC,    13, -5.277491696788e-01, 1.086636775596e-04, 7.2416e+00, 2.7032e-01, 
 2DIAGNOSTIC,    14, -5.277868594360e-01, 6.251974246950e-05, 7.6267e+00, 3.8510e-01, 
 2DIAGNOSTIC,    15, -5.278012170531e-01, 3.301874223509e-05, 7.9589e+00, 3.3225e-01, 
 2DIAGNOSTIC,    16, -5.278044896118e-01, 1.834668263678e-05, 8.2290e+00, 2.7012e-01, 
 2DIAGNOSTIC,    17, -5.278203507866e-01, 1.725793342519e-05, 8.5012e+00, 2.7216e-01, 
 2DIAGNOSTIC,    18, -5.278480477171e-01, 1.571989533790e-05, 8.7647e+00, 2.6346e-01, 
 2DIAGNOSTIC,    19, -5.278669401373e-01, 1.400296383169e-05, 9.0842e+00, 3.1954e-01, 
 2DIAGNOSTIC,    20, -5.279031756189e-01, 1.299854939391e-05, 9.5723e+00, 4.8811e-01, 
 2DIAGNOSTIC,    21, -5.279030836437e-01, 1.175442867432e-05, 9.8863e+00, 3.1399e-01, 
 2DIAGNOSTIC,    22, -5.279016424348e-01, 1.025015741759e-05, 1.0161e+01, 2.7482e-01, 
 2DIAGNOSTIC,    23, -5.279014949830e-01, 8.727428664521e-06, 1.0489e+01, 3.2835e-01, 
 2DIAGNOSTIC,    24, -5.279010834416e-01, 7.465053696941e-06, 1.0782e+01, 2.9231e-01, 
