
##########################
# Experiment information #
##########################

EXPERIMENT_NAME: antsRegistration-r8-p10
VFC_BACKENDS: libinterflop_vprec.so --range-binary32=8 --precision-binary32=10 --range-binary64=8 --precision-binary64=10

SIF_IMG: /home/mdugre/projects/rrg-glatard/mdugre/containers/ants-vprec-no_metrics.simg

SUBJECT_ID: s025
INPUT_IMG: /home/mdugre/scratch/mri-registration-rp/datasets/ds004513/derivatives/mri-registration-rp/antsBrainExtraction/sub-s025/BrainExtractionBrain.nii.gz
OUTPUT_DIR: /home/mdugre/scratch/mri-registration-rp/datasets/ds004513/derivatives/mri-registration-rp/0001/antsRegistration-r8-p10/sub-s025

FIXED_IMG: /templateflow/tpl-MNI152NLin2009cAsym/tpl-MNI152NLin2009cAsym_res-01_desc-brain_T1w.nii.gz
DATA_DIR: /home/mdugre/scratch/mri-registration-rp/datasets/ds004513
TEMPLATEFLOW_DIR: /home/mdugre/projects/rrg-glatard/mdugre/templateflow
ITK_GLOBAL_DEFAULT_NUMBER_OF_THREADS: 16
##########################

Info [verificarlo]: loaded backend libinterflop_ieee.so
Info [interflop-ieee]: load backend with:
Info [interflop-ieee]: debug = false
Info [interflop-ieee]: debug-binary = false
Info [interflop-ieee]: no-backend-name = false
Info [interflop-ieee]: print-new-line = false
Info [interflop-ieee]: print-subnormal-normalized = false
Info [interflop-ieee]: count-op = false
All_Command_lines_OK
Using double precision for computations.
=============================================================================
The composite transform comprises the following transforms (in order): 
  1. Center of mass alignment using fixed image: /templateflow/tpl-MNI152NLin2009cAsym/tpl-MNI152NLin2009cAsym_res-01_desc-brain_T1w.nii.gz and moving image: /home/mdugre/scratch/mri-registration-rp/datasets/ds004513/derivatives/mri-registration-rp/antsBrainExtraction/sub-s025/BrainExtractionBrain.nii.gz (type = Euler3DTransform)
=============================================================================
  number of levels = 1
  fixed image: /templateflow/tpl-MNI152NLin2009cAsym/tpl-MNI152NLin2009cAsym_res-01_desc-brain_T1w.nii.gz
  moving image: /home/mdugre/scratch/mri-registration-rp/datasets/ds004513/derivatives/mri-registration-rp/antsBrainExtraction/sub-s025/BrainExtractionBrain.nii.gz
Dimension = 3
Number of stages = 1
Use histogram matching = false
Winsorize image intensities = true
  Lower quantile = 0.005
  Upper quantile = 0.995


Stage 1 State
   Image metric = MattesMI
     Fixed image = Image (0x3834e70)
  RTTI typeinfo:   itk::Image<double, 3u>
  Reference Count: 2
  Modified Time: 2334
  Debug: Off
  Object Name: 
  Observers: 
    none
  Source: (none)
  Source output name: (none)
  Release Data: Off
  Data Released: False
  Global Release Data: Off
  PipelineMTime: 0
  UpdateMTime: 1943
  RealTimeStamp: 0 seconds 
  LargestPossibleRegion: 
    Dimension: 3
    Index: [0, 0, 0]
    Size: [193, 229, 193]
  BufferedRegion: 
    Dimension: 3
    Index: [0, 0, 0]
    Size: [193, 229, 193]
  RequestedRegion: 
    Dimension: 3
    Index: [0, 0, 0]
    Size: [193, 229, 193]
  Spacing: [1, 1, 1]
  Origin: [96, 132, -78]
  Direction: 
-1 0 0
0 -1 0
0 0 1

  IndexToPointMatrix: 
-1 0 0
0 -1 0
0 0 1

  PointToIndexMatrix: 
-1 0 0
0 -1 0
0 0 1

  Inverse Direction: 
-1 0 0
0 -1 0
0 0 1

  PixelContainer: 
    ImportImageContainer (0x383dc60)
      RTTI typeinfo:   itk::ImportImageContainer<unsigned long, double>
      Reference Count: 1
      Modified Time: 1940
      Debug: Off
      Object Name: 
      Observers: 
        none
      Pointer: 0x14a0ca09d010
      Container manages memory: true
      Size: 8530021
      Capacity: 8530021

     Moving image = Image (0x3840610)
  RTTI typeinfo:   itk::Image<double, 3u>
  Reference Count: 2
  Modified Time: 2335
  Debug: Off
  Object Name: 
  Observers: 
    none
  Source: (none)
  Source output name: (none)
  Release Data: Off
  Data Released: False
  Global Release Data: Off
  PipelineMTime: 0
  UpdateMTime: 2332
  RealTimeStamp: 0 seconds 
  LargestPossibleRegion: 
    Dimension: 3
    Index: [0, 0, 0]
    Size: [176, 240, 256]
  BufferedRegion: 
    Dimension: 3
    Index: [0, 0, 0]
    Size: [176, 240, 256]
  RequestedRegion: 
    Dimension: 3
    Index: [0, 0, 0]
    Size: [176, 240, 256]
  Spacing: [0.999999, 1, 1]
  Origin: [90.3778, 84.5091, -154.071]
  Direction: 
-0.999391 7.48184e-06 -0.0348969
-7.47664e-06 -1 -2.7953e-07
-0.0348969 -1.84481e-08 0.999391

  IndexToPointMatrix: 
-0.99939 7.48184e-06 -0.0348969
-7.47663e-06 -1 -2.7953e-07
-0.0348968 -1.84481e-08 0.999391

  PointToIndexMatrix: 
-0.999392 -7.47665e-06 -0.0348969
7.48184e-06 -1 -1.84481e-08
-0.0348969 -2.7953e-07 0.999391

  Inverse Direction: 
-0.999391 -7.47664e-06 -0.0348969
7.48184e-06 -1 -1.84481e-08
-0.0348969 -2.7953e-07 0.999391

  PixelContainer: 
    ImportImageContainer (0x38d9ef0)
      RTTI typeinfo:   itk::ImportImageContainer<unsigned long, double>
      Reference Count: 1
      Modified Time: 2329
      Debug: Off
      Object Name: 
      Observers: 
        none
      Pointer: 0x14a0c4e1c010
      Container manages memory: true
      Size: 10813440
      Capacity: 10813440

     Weighting = 1
     Sampling strategy = regular
     Number of bins = 32
     Radius = 4
     Sampling percentage  = 0.25
   Transform = Rigid
     Gradient step = 0.1
     Update field sigma (voxel space) = 0
     Total field sigma (voxel space) = 0
     Update field time sigma = 0
     Total field time sigma  = 0
     Number of time indices = 0
     Number of time point samples = 0
Registration using 1 total stages.

Stage 0
  iterations = 0
  convergence threshold = 1e-06
  convergence window size = 10
  number of levels = 1
  using the Mattes MI metric (number of bins = 32, weight = 1, use gradient filter = 0)
  preprocessing:  winsorizing the image intensities
  Shrink factors (level 1 out of 1): [1, 1, 1]
  smoothing sigmas per level: [0]
  regular sampling (percentage = 0.25)

*** Running Euler3DTransform registration ***

  Elapsed time (stage 0): 1.10733


Total elapsed time: 1.11576
Info [verificarlo]: loaded backend libinterflop_ieee.so
Info [interflop-ieee]: load backend with:
Info [interflop-ieee]: debug = false
Info [interflop-ieee]: debug-binary = false
Info [interflop-ieee]: no-backend-name = false
Info [interflop-ieee]: print-new-line = false
Info [interflop-ieee]: print-subnormal-normalized = false
Info [interflop-ieee]: count-op = false
All_Command_lines_OK
Using double precision for computations.
=============================================================================
The composite transform comprises the following transforms (in order): 
  1. /home/mdugre/scratch/mri-registration-rp/datasets/ds004513/derivatives/mri-registration-rp/0001/antsRegistration-r8-p10/sub-s025/align_Composite.h5[0] (type = Euler3DTransform)
  2. /home/mdugre/scratch/mri-registration-rp/datasets/ds004513/derivatives/mri-registration-rp/0001/antsRegistration-r8-p10/sub-s025/align_Composite.h5[1] (type = Euler3DTransform)
=============================================================================
  number of levels = 4
  fixed image: /templateflow/tpl-MNI152NLin2009cAsym/tpl-MNI152NLin2009cAsym_res-01_desc-brain_T1w.nii.gz
  moving image: /home/mdugre/scratch/mri-registration-rp/datasets/ds004513/derivatives/mri-registration-rp/antsBrainExtraction/sub-s025/BrainExtractionBrain.nii.gz
Dimension = 3
Number of stages = 1
Use histogram matching = false
Winsorize image intensities = true
  Lower quantile = 0.005
  Upper quantile = 0.995


Stage 1 State
   Image metric = MattesMI
     Fixed image = Image (0x32fe530)
  RTTI typeinfo:   itk::Image<double, 3u>
  Reference Count: 2
  Modified Time: 1580
  Debug: Off
  Object Name: 
  Observers: 
    none
  Source: (none)
  Source output name: (none)
  Release Data: Off
  Data Released: False
  Global Release Data: Off
  PipelineMTime: 0
  UpdateMTime: 1189
  RealTimeStamp: 0 seconds 
  LargestPossibleRegion: 
    Dimension: 3
    Index: [0, 0, 0]
    Size: [193, 229, 193]
  BufferedRegion: 
    Dimension: 3
    Index: [0, 0, 0]
    Size: [193, 229, 193]
  RequestedRegion: 
    Dimension: 3
    Index: [0, 0, 0]
    Size: [193, 229, 193]
  Spacing: [1, 1, 1]
  Origin: [96, 132, -78]
  Direction: 
-1 0 0
0 -1 0
0 0 1

  IndexToPointMatrix: 
-1 0 0
0 -1 0
0 0 1

  PointToIndexMatrix: 
-1 0 0
0 -1 0
0 0 1

  Inverse Direction: 
-1 0 0
0 -1 0
0 0 1

  PixelContainer: 
    ImportImageContainer (0x33bcd60)
      RTTI typeinfo:   itk::ImportImageContainer<unsigned long, double>
      Reference Count: 1
      Modified Time: 1186
      Debug: Off
      Object Name: 
      Observers: 
        none
      Pointer: 0x152aad1b9010
      Container manages memory: true
      Size: 8530021
      Capacity: 8530021

     Moving image = Image (0x33aef60)
  RTTI typeinfo:   itk::Image<double, 3u>
  Reference Count: 2
  Modified Time: 1581
  Debug: Off
  Object Name: 
  Observers: 
    none
  Source: (none)
  Source output name: (none)
  Release Data: Off
  Data Released: False
  Global Release Data: Off
  PipelineMTime: 0
  UpdateMTime: 1578
  RealTimeStamp: 0 seconds 
  LargestPossibleRegion: 
    Dimension: 3
    Index: [0, 0, 0]
    Size: [176, 240, 256]
  BufferedRegion: 
    Dimension: 3
    Index: [0, 0, 0]
    Size: [176, 240, 256]
  RequestedRegion: 
    Dimension: 3
    Index: [0, 0, 0]
    Size: [176, 240, 256]
  Spacing: [0.999999, 1, 1]
  Origin: [90.3778, 84.5091, -154.071]
  Direction: 
-0.999391 7.48184e-06 -0.0348969
-7.47664e-06 -1 -2.7953e-07
-0.0348969 -1.84481e-08 0.999391

  IndexToPointMatrix: 
-0.99939 7.48184e-06 -0.0348969
-7.47663e-06 -1 -2.7953e-07
-0.0348968 -1.84481e-08 0.999391

  PointToIndexMatrix: 
-0.999392 -7.47665e-06 -0.0348969
7.48184e-06 -1 -1.84481e-08
-0.0348969 -2.7953e-07 0.999391

  Inverse Direction: 
-0.999391 -7.47664e-06 -0.0348969
7.48184e-06 -1 -1.84481e-08
-0.0348969 -2.7953e-07 0.999391

  PixelContainer: 
    ImportImageContainer (0x33a06d0)
      RTTI typeinfo:   itk::ImportImageContainer<unsigned long, double>
      Reference Count: 1
      Modified Time: 1575
      Debug: Off
      Object Name: 
      Observers: 
        none
      Pointer: 0x152aa7f38010
      Container manages memory: true
      Size: 10813440
      Capacity: 10813440

     Weighting = 1
     Sampling strategy = regular
     Number of bins = 32
     Radius = 4
     Sampling percentage  = 0.25
   Transform = Rigid
     Gradient step = 0.1
     Update field sigma (voxel space) = 0
     Total field sigma (voxel space) = 0
     Update field time sigma = 0
     Total field time sigma  = 0
     Number of time indices = 0
     Number of time point samples = 0
Registration using 1 total stages.

Stage 0
  iterations = 1000x500x250x100
  convergence threshold = 1e-06
  convergence window size = 10
  number of levels = 4
  using the Mattes MI metric (number of bins = 32, weight = 1, use gradient filter = 0)
  preprocessing:  winsorizing the image intensities
  Shrink factors (level 1 out of 4): [8, 8, 8]
  Shrink factors (level 2 out of 4): [4, 4, 4]
  Shrink factors (level 3 out of 4): [2, 2, 2]
  Shrink factors (level 4 out of 4): [1, 1, 1]
  smoothing sigmas per level: [3, 2, 1, 0]
  regular sampling (percentage = 0.25)

*** Running Euler3DTransform registration ***

DIAGNOSTIC,Iteration,metricValue,convergenceValue,ITERATION_TIME_INDEX,SINCE_LAST
 2DIAGNOSTIC,     1, -5.323241903179e-01, 1.797693134862e+308, 7.6590e-01, 7.6590e-01, 
 2DIAGNOSTIC,     2, -5.346190553927e-01, 1.797693134862e+308, 7.7053e-01, 4.6351e-03, 
 2DIAGNOSTIC,     3, -5.378036555361e-01, 1.797693134862e+308, 7.7491e-01, 4.3738e-03, 
 2DIAGNOSTIC,     4, -5.422949451405e-01, 1.797693134862e+308, 7.7911e-01, 4.2009e-03, 
 2DIAGNOSTIC,     5, -5.486805952477e-01, 1.797693134862e+308, 7.8335e-01, 4.2400e-03, 
 2DIAGNOSTIC,     6, -5.542790085272e-01, 1.797693134862e+308, 7.8751e-01, 4.1599e-03, 
 2DIAGNOSTIC,     7, -5.627123115611e-01, 1.797693134862e+308, 7.9167e-01, 4.1630e-03, 
 2DIAGNOSTIC,     8, -5.766609943856e-01, 1.797693134862e+308, 7.9593e-01, 4.2560e-03, 
 2DIAGNOSTIC,     9, -5.881111419397e-01, 1.797693134862e+308, 8.0017e-01, 4.2431e-03, 
 2DIAGNOSTIC,    10, -6.012927005665e-01, 7.820055967720e-03, 8.0587e-01, 5.7020e-03, 
 2DIAGNOSTIC,    11, -6.192402913589e-01, 8.564422673930e-03, 8.1351e-01, 7.6439e-03, 
 2DIAGNOSTIC,    12, -6.197111897441e-01, 8.513711436492e-03, 8.1772e-01, 4.2031e-03, 
 2DIAGNOSTIC,    13, -6.223136777511e-01, 7.932305190640e-03, 8.2189e-01, 4.1759e-03, 
 2DIAGNOSTIC,    14, -6.239859078533e-01, 6.938967258809e-03, 8.2610e-01, 4.2069e-03, 
 2DIAGNOSTIC,    15, -6.258731029037e-01, 5.722268374546e-03, 8.4670e-01, 2.0601e-02, 
 2DIAGNOSTIC,    16, -6.290042957047e-01, 4.404898010742e-03, 8.5212e-01, 5.4171e-03, 
 2DIAGNOSTIC,    17, -6.327399548194e-01, 3.192249458096e-03, 8.5826e-01, 6.1369e-03, 
 2DIAGNOSTIC,    18, -6.361770329222e-01, 2.298162514733e-03, 8.6428e-01, 6.0251e-03, 
 2DIAGNOSTIC,    19, -6.381920795061e-01, 1.629119691697e-03, 8.6968e-01, 5.4002e-03, 
 2DIAGNOSTIC,    20, -6.414786468664e-01, 1.264281191390e-03, 8.7437e-01, 4.6899e-03, 
 2DIAGNOSTIC,    21, -6.422621311599e-01, 1.244231354766e-03, 8.7904e-01, 4.6721e-03, 
 2DIAGNOSTIC,    22, -6.443386369768e-01, 1.164065699664e-03, 8.8377e-01, 4.7228e-03, 
 2DIAGNOSTIC,    23, -6.458367311078e-01, 1.066297096014e-03, 8.8861e-01, 4.8470e-03, 
 2DIAGNOSTIC,    24, -6.528535016577e-01, 1.047817944608e-03, 8.9418e-01, 5.5671e-03, 
 2DIAGNOSTIC,    25, -6.591704566487e-01, 1.083081268019e-03, 9.0069e-01, 6.5110e-03, 
 2DIAGNOSTIC,    26, -6.605963664542e-01, 1.093549186343e-03, 9.0592e-01, 5.2240e-03, 
 2DIAGNOSTIC,    27, -6.608439805101e-01, 1.070984920144e-03, 9.1046e-01, 4.5450e-03, 
 2DIAGNOSTIC,    28, -6.615671816947e-01, 1.019502609174e-03, 9.1505e-01, 4.5850e-03, 
 2DIAGNOSTIC,    29, -6.628794642291e-01, 9.260607756391e-04, 9.1975e-01, 4.7030e-03, 
 2DIAGNOSTIC,    30, -6.728294702214e-01, 9.537366009129e-04, 9.2611e-01, 6.3620e-03, 
 2DIAGNOSTIC,    31, -6.735478194772e-01, 9.084137241713e-04, 9.3077e-01, 4.6570e-03, 
 2DIAGNOSTIC,    32, -6.743491605313e-01, 8.254109370857e-04, 9.3534e-01, 4.5700e-03, 
 2DIAGNOSTIC,    33, -6.778518267346e-01, 7.396583500346e-04, 9.4030e-01, 4.9632e-03, 
 2DIAGNOSTIC,    34, -6.872953016748e-01, 8.064166751364e-04, 9.5046e-01, 1.0164e-02, 
 2DIAGNOSTIC,    35, -6.877324456681e-01, 8.751632359648e-04, 9.5522e-01, 4.7550e-03, 
 2DIAGNOSTIC,    36, -6.893216934360e-01, 8.964303934362e-04, 9.5976e-01, 4.5419e-03, 
 2DIAGNOSTIC,    37, -6.927385002326e-01, 8.791456735193e-04, 9.6448e-01, 4.7190e-03, 
 2DIAGNOSTIC,    38, -7.010247433080e-01, 8.853563077265e-04, 9.6921e-01, 4.7300e-03, 
 2DIAGNOSTIC,    39, -7.063981163022e-01, 8.771487435975e-04, 9.7394e-01, 4.7321e-03, 
 2DIAGNOSTIC,    40, -7.084285859234e-01, 9.204339475124e-04, 9.7872e-01, 4.7741e-03, 
 2DIAGNOSTIC,    41, -7.161027414713e-01, 9.681700549628e-04, 9.8441e-01, 5.6939e-03, 
 2DIAGNOSTIC,    42, -7.193493949199e-01, 9.622085391153e-04, 9.9095e-01, 6.5420e-03, 
 2DIAGNOSTIC,    43, -7.222423907576e-01, 9.270950514271e-04, 9.9552e-01, 4.5671e-03, 
 2DIAGNOSTIC,    44, -7.286093357232e-01, 9.647119665387e-04, 1.0001e+00, 4.5421e-03, 
 2DIAGNOSTIC,    45, -7.390881524739e-01, 1.014878565363e-03, 1.0047e+00, 4.6000e-03, 
 2DIAGNOSTIC,    46, -7.438274291540e-01, 1.023977422646e-03, 1.0093e+00, 4.6270e-03, 
 2DIAGNOSTIC,    47, -7.509750578589e-01, 1.032072867482e-03, 1.0172e+00, 7.8669e-03, 
 2DIAGNOSTIC,    48, -7.533340580205e-01, 1.037619036712e-03, 1.0221e+00, 4.9620e-03, 
 2DIAGNOSTIC,    49, -7.535013126988e-01, 9.933717551749e-04, 1.0265e+00, 4.3890e-03, 
 2DIAGNOSTIC,    50, -7.537443761782e-01, 8.742103238893e-04, 1.0316e+00, 5.1410e-03, 
 2DIAGNOSTIC,    51, -7.543815424644e-01, 7.469057732898e-04, 1.0360e+00, 4.3731e-03, 
 2DIAGNOSTIC,    52, -7.558701405450e-01, 5.931784844887e-04, 1.0406e+00, 4.5559e-03, 
 2DIAGNOSTIC,    53, -7.576452706138e-01, 4.266776759654e-04, 1.0456e+00, 5.0230e-03, 
 2DIAGNOSTIC,    54, -7.585407783389e-01, 2.829165769339e-04, 1.0508e+00, 5.1811e-03, 
 2DIAGNOSTIC,    55, -7.588875724130e-01, 2.024143831580e-04, 1.0554e+00, 4.6029e-03, 
 2DIAGNOSTIC,    56, -7.604689296650e-01, 1.528414711151e-04, 1.0612e+00, 5.8429e-03, 
 2DIAGNOSTIC,    57, -7.603467113050e-01, 1.422708560221e-04, 1.0664e+00, 5.1970e-03, 
 2DIAGNOSTIC,    58, -7.605217585814e-01, 1.370887782546e-04, 1.0718e+00, 5.3942e-03, 
 2DIAGNOSTIC,    59, -7.608095652532e-01, 1.224370690679e-04, 1.0862e+00, 1.4406e-02, 
 2DIAGNOSTIC,    60, -7.608095046573e-01, 9.839868453970e-05, 1.0906e+00, 4.4010e-03, 
 2DIAGNOSTIC,    61, -7.608096288997e-01, 7.008061267673e-05, 1.0951e+00, 4.5249e-03, 
 2DIAGNOSTIC,    62, -7.608098389764e-01, 4.600403369578e-05, 1.0995e+00, 4.3900e-03, 
 2DIAGNOSTIC,    63, -7.608101940238e-01, 3.027933026893e-05, 1.1040e+00, 4.4448e-03, 
 2DIAGNOSTIC,    64, -7.608107938634e-01, 1.813825534133e-05, 1.1084e+00, 4.4580e-03, 
 2DIAGNOSTIC,    65, -7.608118067232e-01, 6.677128762102e-06, 1.1128e+00, 4.3428e-03, 
 2DIAGNOSTIC,    66, -7.608135237428e-01, 5.109477483316e-06, 1.1171e+00, 4.3631e-03, 
 2DIAGNOSTIC,    67, -7.608164147194e-01, 2.401342899992e-06, 1.1217e+00, 4.5221e-03, 
DIAGNOSTIC,Iteration,metricValue,convergenceValue,ITERATION_TIME_INDEX,SINCE_LAST
 2DIAGNOSTIC,     1, -6.033031140881e-01, 1.797693134862e+308, 1.9344e+00, 8.1272e-01, 
 2DIAGNOSTIC,     2, -6.042157835081e-01, 1.797693134862e+308, 1.9639e+00, 2.9518e-02, 
 2DIAGNOSTIC,     3, -6.055841098813e-01, 1.797693134862e+308, 1.9934e+00, 2.9512e-02, 
 2DIAGNOSTIC,     4, -6.075568773462e-01, 1.797693134862e+308, 2.0218e+00, 2.8377e-02, 
 2DIAGNOSTIC,     5, -6.090027098790e-01, 1.797693134862e+308, 2.0500e+00, 2.8192e-02, 
 2DIAGNOSTIC,     6, -6.101471124598e-01, 1.797693134862e+308, 2.0788e+00, 2.8760e-02, 
 2DIAGNOSTIC,     7, -6.117527977842e-01, 1.797693134862e+308, 2.1105e+00, 3.1708e-02, 
 2DIAGNOSTIC,     8, -6.204403765907e-01, 1.797693134862e+308, 2.1567e+00, 4.6223e-02, 
 2DIAGNOSTIC,     9, -6.204800591065e-01, 1.797693134862e+308, 2.1937e+00, 3.7048e-02, 
 2DIAGNOSTIC,    10, -6.204847433241e-01, 2.047473713671e-03, 2.2237e+00, 2.9974e-02, 
 2DIAGNOSTIC,    11, -6.205557685854e-01, 1.861550865272e-03, 2.2543e+00, 3.0631e-02, 
 2DIAGNOSTIC,    12, -6.206478262677e-01, 1.577138893135e-03, 2.2859e+00, 3.1600e-02, 
 2DIAGNOSTIC,    13, -6.208523698126e-01, 1.244766424306e-03, 2.3160e+00, 3.0039e-02, 
 2DIAGNOSTIC,    14, -6.209790285254e-01, 9.157986315509e-04, 2.3550e+00, 3.9044e-02, 
 2DIAGNOSTIC,    15, -6.209881258128e-01, 5.966365389658e-04, 2.3865e+00, 3.1453e-02, 
 2DIAGNOSTIC,    16, -6.209665581595e-01, 2.975272112080e-04, 2.4180e+00, 3.1566e-02, 
 2DIAGNOSTIC,    17, -6.210054599298e-01, 4.468468442573e-05, 2.4496e+00, 3.1560e-02, 
 2DIAGNOSTIC,    18, -6.210935971253e-01, 4.119816789472e-05, 2.4813e+00, 3.1694e-02, 
 2DIAGNOSTIC,    19, -6.215278571186e-01, 4.586473301782e-05, 2.5506e+00, 6.9269e-02, 
 2DIAGNOSTIC,    20, -6.216350967275e-01, 4.833384340801e-05, 2.5906e+00, 4.0019e-02, 
 2DIAGNOSTIC,    21, -6.216575478752e-01, 4.839123867223e-05, 2.6301e+00, 3.9536e-02, 
 2DIAGNOSTIC,    22, -6.216587280866e-01, 4.607778325827e-05, 2.6652e+00, 3.5083e-02, 
 2DIAGNOSTIC,    23, -6.216511575005e-01, 4.363609129212e-05, 2.6969e+00, 3.1718e-02, 
 2DIAGNOSTIC,    24, -6.216443610740e-01, 3.960011166845e-05, 2.7264e+00, 2.9483e-02, 
 2DIAGNOSTIC,    25, -6.216390585579e-01, 3.235092113762e-05, 2.7589e+00, 3.2473e-02, 
 2DIAGNOSTIC,    26, -6.216316500495e-01, 2.233838626013e-05, 2.7870e+00, 2.8117e-02, 
 2DIAGNOSTIC,    27, -6.216256604172e-01, 1.172110192722e-05, 2.8196e+00, 3.2571e-02, 
 2DIAGNOSTIC,    28, -6.216058271862e-01, 1.820870230290e-06, 2.8815e+00, 6.1917e-02, 
DIAGNOSTIC,Iteration,metricValue,convergenceValue,ITERATION_TIME_INDEX,SINCE_LAST
 2DIAGNOSTIC,     1, -5.347329423029e-01, 1.797693134862e+308, 4.0942e+00, 1.2127e+00, 
 2DIAGNOSTIC,     2, -5.350899564028e-01, 1.797693134862e+308, 4.3331e+00, 2.3890e-01, 
 2DIAGNOSTIC,     3, -5.353295760064e-01, 1.797693134862e+308, 4.5707e+00, 2.3763e-01, 
 2DIAGNOSTIC,     4, -5.354876378379e-01, 1.797693134862e+308, 4.8149e+00, 2.4415e-01, 
 2DIAGNOSTIC,     5, -5.356461485614e-01, 1.797693134862e+308, 5.0874e+00, 2.7256e-01, 
 2DIAGNOSTIC,     6, -5.357274506294e-01, 1.797693134862e+308, 5.4663e+00, 3.7894e-01, 
 2DIAGNOSTIC,     7, -5.357453465573e-01, 1.797693134862e+308, 5.7546e+00, 2.8821e-01, 
 2DIAGNOSTIC,     8, -5.357541612521e-01, 1.797693134862e+308, 6.0298e+00, 2.7526e-01, 
 2DIAGNOSTIC,     9, -5.357944116549e-01, 1.797693134862e+308, 6.3186e+00, 2.8874e-01, 
 2DIAGNOSTIC,    10, -5.358206741363e-01, 1.164905689768e-04, 6.5625e+00, 2.4389e-01, 
 2DIAGNOSTIC,    11, -5.358841950500e-01, 7.487541069418e-05, 6.8667e+00, 3.0429e-01, 
 2DIAGNOSTIC,    12, -5.359979475309e-01, 5.439238563353e-05, 7.2729e+00, 4.0616e-01, 
 2DIAGNOSTIC,    13, -5.359932133576e-01, 4.182689571058e-05, 7.7088e+00, 4.3586e-01, 
 2DIAGNOSTIC,    14, -5.359916514024e-01, 3.335394956853e-05, 8.0212e+00, 3.1249e-01, 
 2DIAGNOSTIC,    15, -5.359876271332e-01, 2.860443211160e-05, 8.2898e+00, 2.6858e-01, 
 2DIAGNOSTIC,    16, -5.359859117727e-01, 2.461551270257e-05, 8.5628e+00, 2.7296e-01, 
 2DIAGNOSTIC,    17, -5.359853467997e-01, 1.950714112871e-05, 8.9266e+00, 3.6381e-01, 
 2DIAGNOSTIC,    18, -5.359832942645e-01, 1.353056643606e-05, 9.2121e+00, 2.8552e-01, 
 2DIAGNOSTIC,    19, -5.359833705622e-01, 8.273900428950e-06, 9.4912e+00, 2.7912e-01, 
 2DIAGNOSTIC,    20, -5.359823329967e-01, 3.586216978047e-06, 9.7673e+00, 2.7606e-01, 
DIAGNOSTIC,Iteration,metricValue,convergenceValue,ITERATION_TIME_INDEX,SINCE_LAST
 2DIAGNOSTIC,     1, -4.896548174987e-01, 1.797693134862e+308, 1.2756e+01, 2.9888e+00, 
 2DIAGNOSTIC,     2, -4.896599779056e-01, 1.797693134862e+308, 1.4451e+01, 1.6952e+00, 
 2DIAGNOSTIC,     3, -4.896605481812e-01, 1.797693134862e+308, 1.7124e+01, 2.6723e+00, 
 2DIAGNOSTIC,     4, -4.896608835207e-01, 1.797693134862e+308, 1.8621e+01, 1.4978e+00, 
 2DIAGNOSTIC,     5, -4.896605706338e-01, 1.797693134862e+308, 2.0479e+01, 1.8572e+00, 
 2DIAGNOSTIC,     6, -4.896601598095e-01, 1.797693134862e+308, 2.2157e+01, 1.6783e+00, 
 2DIAGNOSTIC,     7, -4.896602517316e-01, 1.797693134862e+308, 2.4044e+01, 1.8870e+00, 
 2DIAGNOSTIC,     8, -4.896601119541e-01, 1.797693134862e+308, 2.5603e+01, 1.5593e+00, 
 2DIAGNOSTIC,     9, -4.896600549865e-01, 1.797693134862e+308, 2.6949e+01, 1.3456e+00, 
 2DIAGNOSTIC,    10, -4.896600389461e-01, 3.449132109437e-06, 2.8479e+01, 1.5306e+00, 
 2DIAGNOSTIC,    11, -4.896598705709e-01, 2.821482568249e-06, 3.0130e+01, 1.6510e+00, 
 2DIAGNOSTIC,    12, -4.896598456329e-01, 2.552504932640e-06, 3.2167e+01, 2.0366e+00, 
 2DIAGNOSTIC,    13, -4.896597519497e-01, 2.354197251683e-06, 3.3773e+01, 1.6055e+00, 
 2DIAGNOSTIC,    14, -4.896596581996e-01, 2.202934890616e-06, 3.5266e+01, 1.4932e+00, 
 2DIAGNOSTIC,    15, -4.896595800043e-01, 2.063524129819e-06, 3.6653e+01, 1.3876e+00, 
 2DIAGNOSTIC,    16, -4.896594119067e-01, 1.925681184387e-06, 3.8501e+01, 1.8480e+00, 
 2DIAGNOSTIC,    17, -4.896593716503e-01, 1.811799594756e-06, 4.0273e+01, 1.7711e+00, 
 2DIAGNOSTIC,    18, -4.896595225222e-01, 1.716367801857e-06, 4.1997e+01, 1.7248e+00, 
 2DIAGNOSTIC,    19, -4.896594406448e-01, 1.631229470847e-06, 4.3404e+01, 1.4067e+00, 
 2DIAGNOSTIC,    20, -4.896593824846e-01, 1.556700799508e-06, 4.5113e+01, 1.7089e+00, 
 2DIAGNOSTIC,    21, -4.896594649054e-01, 1.490166112610e-06, 4.6946e+01, 1.8335e+00, 
 2DIAGNOSTIC,    22, -4.896595096815e-01, 1.432410577998e-06, 4.8648e+01, 1.7020e+00, 
 2DIAGNOSTIC,    23, -4.896594222706e-01, 1.376260962013e-06, 5.0052e+01, 1.4040e+00, 
 2DIAGNOSTIC,    24, -4.896592388936e-01, 1.318844264381e-06, 5.1925e+01, 1.8728e+00, 
 2DIAGNOSTIC,    25, -4.896593820728e-01, 1.268441025278e-06, 5.3438e+01, 1.5129e+00, 
 2DIAGNOSTIC,    26, -4.896591945244e-01, 1.214181862344e-06, 5.5020e+01, 1.5823e+00, 
 2DIAGNOSTIC,    27, -4.896593643205e-01, 1.167537844647e-06, 5.6474e+01, 1.4532e+00, 
 2DIAGNOSTIC,    28, -4.896594551566e-01, 1.130240678313e-06, 5.7989e+01, 1.5154e+00, 
 2DIAGNOSTIC,    29, -4.896593520944e-01, 1.092418015464e-06, 5.9692e+01, 1.7036e+00, 
 2DIAGNOSTIC,    30, -4.896594659226e-01, 1.058666125396e-06, 6.1318e+01, 1.6251e+00, 
 2DIAGNOSTIC,    31, -4.896595388371e-01, 1.030038564685e-06, 6.2917e+01, 1.5995e+00, 
  Elapsed time (stage 0): 6.3776e+01


Total elapsed time: 6.3785e+01
Info [verificarlo]: loaded backend libinterflop_ieee.so
Info [interflop-ieee]: load backend with:
Info [interflop-ieee]: debug = false
Info [interflop-ieee]: debug-binary = false
Info [interflop-ieee]: no-backend-name = false
Info [interflop-ieee]: print-new-line = false
Info [interflop-ieee]: print-subnormal-normalized = false
Info [interflop-ieee]: count-op = false
All_Command_lines_OK
Using double precision for computations.
=============================================================================
The composite transform comprises the following transforms (in order): 
  1. /home/mdugre/scratch/mri-registration-rp/datasets/ds004513/derivatives/mri-registration-rp/0001/antsRegistration-r8-p10/sub-s025/rigid_Composite.h5[0] (type = Euler3DTransform)
  2. /home/mdugre/scratch/mri-registration-rp/datasets/ds004513/derivatives/mri-registration-rp/0001/antsRegistration-r8-p10/sub-s025/rigid_Composite.h5[1] (type = Euler3DTransform)
  3. /home/mdugre/scratch/mri-registration-rp/datasets/ds004513/derivatives/mri-registration-rp/0001/antsRegistration-r8-p10/sub-s025/rigid_Composite.h5[2] (type = Euler3DTransform)
=============================================================================
  number of levels = 4
  fixed image: /templateflow/tpl-MNI152NLin2009cAsym/tpl-MNI152NLin2009cAsym_res-01_desc-brain_T1w.nii.gz
  moving image: /home/mdugre/scratch/mri-registration-rp/datasets/ds004513/derivatives/mri-registration-rp/antsBrainExtraction/sub-s025/BrainExtractionBrain.nii.gz
Dimension = 3
Number of stages = 1
Use histogram matching = false
Winsorize image intensities = true
  Lower quantile = 0.005
  Upper quantile = 0.995


Stage 1 State
   Image metric = MattesMI
     Fixed image = Image (0x37757e0)
  RTTI typeinfo:   itk::Image<double, 3u>
  Reference Count: 2
  Modified Time: 1594
  Debug: Off
  Object Name: 
  Observers: 
    none
  Source: (none)
  Source output name: (none)
  Release Data: Off
  Data Released: False
  Global Release Data: Off
  PipelineMTime: 0
  UpdateMTime: 1203
  RealTimeStamp: 0 seconds 
  LargestPossibleRegion: 
    Dimension: 3
    Index: [0, 0, 0]
    Size: [193, 229, 193]
  BufferedRegion: 
    Dimension: 3
    Index: [0, 0, 0]
    Size: [193, 229, 193]
  RequestedRegion: 
    Dimension: 3
    Index: [0, 0, 0]
    Size: [193, 229, 193]
  Spacing: [1, 1, 1]
  Origin: [96, 132, -78]
  Direction: 
-1 0 0
0 -1 0
0 0 1

  IndexToPointMatrix: 
-1 0 0
0 -1 0
0 0 1

  PointToIndexMatrix: 
-1 0 0
0 -1 0
0 0 1

  Inverse Direction: 
-1 0 0
0 -1 0
0 0 1

  PixelContainer: 
    ImportImageContainer (0x3835a20)
      RTTI typeinfo:   itk::ImportImageContainer<unsigned long, double>
      Reference Count: 1
      Modified Time: 1200
      Debug: Off
      Object Name: 
      Observers: 
        none
      Pointer: 0x148555916010
      Container manages memory: true
      Size: 8530021
      Capacity: 8530021

     Moving image = Image (0x3830d70)
  RTTI typeinfo:   itk::Image<double, 3u>
  Reference Count: 2
  Modified Time: 1595
  Debug: Off
  Object Name: 
  Observers: 
    none
  Source: (none)
  Source output name: (none)
  Release Data: Off
  Data Released: False
  Global Release Data: Off
  PipelineMTime: 0
  UpdateMTime: 1592
  RealTimeStamp: 0 seconds 
  LargestPossibleRegion: 
    Dimension: 3
    Index: [0, 0, 0]
    Size: [176, 240, 256]
  BufferedRegion: 
    Dimension: 3
    Index: [0, 0, 0]
    Size: [176, 240, 256]
  RequestedRegion: 
    Dimension: 3
    Index: [0, 0, 0]
    Size: [176, 240, 256]
  Spacing: [0.999999, 1, 1]
  Origin: [90.3778, 84.5091, -154.071]
  Direction: 
-0.999391 7.48184e-06 -0.0348969
-7.47664e-06 -1 -2.7953e-07
-0.0348969 -1.84481e-08 0.999391

  IndexToPointMatrix: 
-0.99939 7.48184e-06 -0.0348969
-7.47663e-06 -1 -2.7953e-07
-0.0348968 -1.84481e-08 0.999391

  PointToIndexMatrix: 
-0.999392 -7.47665e-06 -0.0348969
7.48184e-06 -1 -1.84481e-08
-0.0348969 -2.7953e-07 0.999391

  Inverse Direction: 
-0.999391 -7.47664e-06 -0.0348969
7.48184e-06 -1 -1.84481e-08
-0.0348969 -2.7953e-07 0.999391

  PixelContainer: 
    ImportImageContainer (0x37e8c90)
      RTTI typeinfo:   itk::ImportImageContainer<unsigned long, double>
      Reference Count: 1
      Modified Time: 1589
      Debug: Off
      Object Name: 
      Observers: 
        none
      Pointer: 0x148550695010
      Container manages memory: true
      Size: 10813440
      Capacity: 10813440

     Weighting = 1
     Sampling strategy = regular
     Number of bins = 32
     Radius = 4
     Sampling percentage  = 0.25
   Transform = Affine
     Gradient step = 0.1
     Update field sigma (voxel space) = 0
     Total field sigma (voxel space) = 0
     Update field time sigma = 0
     Total field time sigma  = 0
     Number of time indices = 0
     Number of time point samples = 0
Registration using 1 total stages.

Stage 0
  iterations = 1000x500x250x100
  convergence threshold = 1e-06
  convergence window size = 10
  number of levels = 4
  using the Mattes MI metric (number of bins = 32, weight = 1, use gradient filter = 0)
  preprocessing:  winsorizing the image intensities
  Shrink factors (level 1 out of 4): [8, 8, 8]
  Shrink factors (level 2 out of 4): [4, 4, 4]
  Shrink factors (level 3 out of 4): [2, 2, 2]
  Shrink factors (level 4 out of 4): [1, 1, 1]
  smoothing sigmas per level: [3, 2, 1, 0]
  regular sampling (percentage = 0.25)

*** Running AffineTransform registration ***

DIAGNOSTIC,Iteration,metricValue,convergenceValue,ITERATION_TIME_INDEX,SINCE_LAST
 2DIAGNOSTIC,     1, -7.479047676886e-01, 1.797693134862e+308, 8.4654e-01, 8.4654e-01, 
 2DIAGNOSTIC,     2, -7.501281128848e-01, 1.797693134862e+308, 8.5209e-01, 5.5449e-03, 
 2DIAGNOSTIC,     3, -7.536454757467e-01, 1.797693134862e+308, 8.5705e-01, 4.9629e-03, 
 2DIAGNOSTIC,     4, -7.600260854549e-01, 1.797693134862e+308, 8.6208e-01, 5.0340e-03, 
 2DIAGNOSTIC,     5, -7.702471416727e-01, 1.797693134862e+308, 8.6756e-01, 5.4779e-03, 
 2DIAGNOSTIC,     6, -7.859641156813e-01, 1.797693134862e+308, 8.7342e-01, 5.8610e-03, 
 2DIAGNOSTIC,     7, -8.120545630309e-01, 1.797693134862e+308, 8.7950e-01, 6.0771e-03, 
 2DIAGNOSTIC,     8, -8.833078465389e-01, 1.797693134862e+308, 8.8590e-01, 6.3951e-03, 
 2DIAGNOSTIC,     9, -9.182970919775e-01, 1.797693134862e+308, 8.9079e-01, 4.8921e-03, 
 2DIAGNOSTIC,    10, -9.236884969391e-01, 1.545360636295e-02, 8.9815e-01, 7.3650e-03, 
 2DIAGNOSTIC,    11, -9.273394130015e-01, 1.554594283581e-02, 9.0288e-01, 4.7269e-03, 
 2DIAGNOSTIC,    12, -9.322458582796e-01, 1.443597315718e-02, 9.0820e-01, 5.3210e-03, 
 2DIAGNOSTIC,    13, -9.343991183405e-01, 1.233795384407e-02, 9.1362e-01, 5.4162e-03, 
 2DIAGNOSTIC,    14, -9.355479156087e-01, 9.627862728916e-03, 9.2023e-01, 6.6090e-03, 
 2DIAGNOSTIC,    15, -9.356348607077e-01, 6.690885837862e-03, 9.2493e-01, 4.7069e-03, 
 2DIAGNOSTIC,    16, -9.367712602678e-01, 3.907473821362e-03, 9.3016e-01, 5.2278e-03, 
 2DIAGNOSTIC,    17, -9.375142325211e-01, 1.611266018013e-03, 9.3505e-01, 4.8909e-03, 
 2DIAGNOSTIC,    18, -9.379064814073e-01, 7.329581418200e-04, 9.4037e-01, 5.3170e-03, 
 2DIAGNOSTIC,    19, -9.386100104907e-01, 5.002228116624e-04, 9.4564e-01, 5.2700e-03, 
 2DIAGNOSTIC,    20, -9.382253774357e-01, 3.274988621538e-04, 9.5089e-01, 5.2471e-03, 
 2DIAGNOSTIC,    21, -9.385473632728e-01, 2.020918752742e-04, 9.5780e-01, 6.9110e-03, 
 2DIAGNOSTIC,    22, -9.383444292071e-01, 1.383489752494e-04, 9.6266e-01, 4.8659e-03, 
 2DIAGNOSTIC,    23, -9.385758168104e-01, 1.008621205793e-04, 9.6731e-01, 4.6449e-03, 
 2DIAGNOSTIC,    24, -9.382984396417e-01, 6.917891366977e-05, 9.7197e-01, 4.6639e-03, 
 2DIAGNOSTIC,    25, -9.384315940917e-01, 3.656278438930e-05, 9.7769e-01, 5.7139e-03, 
 2DIAGNOSTIC,    26, -9.383807598023e-01, 1.651127715887e-05, 9.8289e-01, 5.2030e-03, 
 2DIAGNOSTIC,    27, -9.384731542528e-01, 6.367775184965e-06, 9.8759e-01, 4.7011e-03, 
 2DIAGNOSTIC,    28, -9.385261581292e-01, 1.313940488051e-06, 9.9222e-01, 4.6320e-03, 
 2DIAGNOSTIC,    29, -9.385885998070e-01, 5.168650242651e-06, 9.9809e-01, 5.8651e-03, 
 2DIAGNOSTIC,    30, -9.386121016437e-01, 4.460611602981e-06, 1.0034e+00, 5.2729e-03, 
 2DIAGNOSTIC,    31, -9.384694245531e-01, 5.369858989947e-06, 1.0080e+00, 4.6809e-03, 
 2DIAGNOSTIC,    32, -9.383379085492e-01, 2.464253690437e-06, 1.0127e+00, 4.6110e-03, 
 2DIAGNOSTIC,    33, -9.383826406384e-01, 2.346190006969e-06, 1.0179e+00, 5.2071e-03, 
DIAGNOSTIC,Iteration,metricValue,convergenceValue,ITERATION_TIME_INDEX,SINCE_LAST
 2DIAGNOSTIC,     1, -7.506582505574e-01, 1.797693134862e+308, 1.8448e+00, 8.2697e-01, 
 2DIAGNOSTIC,     2, -7.510224311443e-01, 1.797693134862e+308, 1.8883e+00, 4.3452e-02, 
 2DIAGNOSTIC,     3, -7.514750514825e-01, 1.797693134862e+308, 1.9281e+00, 3.9768e-02, 
 2DIAGNOSTIC,     4, -7.520361181915e-01, 1.797693134862e+308, 1.9615e+00, 3.3438e-02, 
 2DIAGNOSTIC,     5, -7.528638101327e-01, 1.797693134862e+308, 2.0001e+00, 3.8575e-02, 
 2DIAGNOSTIC,     6, -7.544742837545e-01, 1.797693134862e+308, 2.0375e+00, 3.7468e-02, 
 2DIAGNOSTIC,     7, -7.548064282758e-01, 1.797693134862e+308, 2.0884e+00, 5.0850e-02, 
 2DIAGNOSTIC,     8, -7.547920510715e-01, 1.797693134862e+308, 2.1345e+00, 4.6123e-02, 
 2DIAGNOSTIC,     9, -7.547989588050e-01, 1.797693134862e+308, 2.1769e+00, 4.2395e-02, 
 2DIAGNOSTIC,    10, -7.548096329315e-01, 4.310560949840e-04, 2.2137e+00, 3.6773e-02, 
 2DIAGNOSTIC,    11, -7.548038951690e-01, 3.317910440855e-04, 2.2502e+00, 3.6479e-02, 
 2DIAGNOSTIC,    12, -7.547739672408e-01, 2.299997828709e-04, 2.2912e+00, 4.1017e-02, 
 2DIAGNOSTIC,    13, -7.547790226594e-01, 1.372309415547e-04, 2.3282e+00, 3.7017e-02, 
 2DIAGNOSTIC,    14, -7.547675960087e-01, 6.031102743706e-05, 2.3645e+00, 3.6326e-02, 
 2DIAGNOSTIC,    15, -7.547552845758e-01, 7.787984477661e-06, 2.3974e+00, 3.2908e-02, 
DIAGNOSTIC,Iteration,metricValue,convergenceValue,ITERATION_TIME_INDEX,SINCE_LAST
 2DIAGNOSTIC,     1, -6.418741918360e-01, 1.797693134862e+308, 3.6057e+00, 1.2083e+00, 
 2DIAGNOSTIC,     2, -6.422216107310e-01, 1.797693134862e+308, 3.8839e+00, 2.7817e-01, 
 2DIAGNOSTIC,     3, -6.426547667830e-01, 1.797693134862e+308, 4.1858e+00, 3.0193e-01, 
 2DIAGNOSTIC,     4, -6.431962628708e-01, 1.797693134862e+308, 4.4740e+00, 2.8817e-01, 
 2DIAGNOSTIC,     5, -6.439415846516e-01, 1.797693134862e+308, 4.7546e+00, 2.8066e-01, 
 2DIAGNOSTIC,     6, -6.443380628938e-01, 1.797693134862e+308, 5.1583e+00, 4.0365e-01, 
 2DIAGNOSTIC,     7, -6.443781122341e-01, 1.797693134862e+308, 5.5303e+00, 3.7198e-01, 
 2DIAGNOSTIC,     8, -6.444075826325e-01, 1.797693134862e+308, 5.8254e+00, 2.9515e-01, 
 2DIAGNOSTIC,     9, -6.445438318563e-01, 1.797693134862e+308, 6.1233e+00, 2.9787e-01, 
 2DIAGNOSTIC,    10, -6.447109159702e-01, 2.996267536958e-04, 6.4562e+00, 3.3289e-01, 
 2DIAGNOSTIC,    11, -6.447400811269e-01, 2.230472224264e-04, 6.9135e+00, 4.5727e-01, 
 2DIAGNOSTIC,    12, -6.447672151307e-01, 1.535622178055e-04, 7.2716e+00, 3.5811e-01, 
 2DIAGNOSTIC,    13, -6.447631830987e-01, 9.576418152286e-05, 7.6956e+00, 4.2403e-01, 
 2DIAGNOSTIC,    14, -6.447609895135e-01, 5.419097261024e-05, 8.0394e+00, 3.4377e-01, 
 2DIAGNOSTIC,    15, -6.447616254056e-01, 3.498112563680e-05, 8.3760e+00, 3.3660e-01, 
 2DIAGNOSTIC,    16, -6.447572309465e-01, 2.597872326497e-05, 8.6986e+00, 3.2267e-01, 
 2DIAGNOSTIC,    17, -6.447571763061e-01, 1.694601737009e-05, 9.0808e+00, 3.8219e-01, 
 2DIAGNOSTIC,    18, -6.447567993949e-01, 8.202339967532e-06, 9.4323e+00, 3.5143e-01, 
 2DIAGNOSTIC,    19, -6.447558423989e-01, 2.832352890468e-06, 9.7123e+00, 2.8001e-01, 
 2DIAGNOSTIC,    20, -6.447537769403e-01, 1.520695616035e-06, 1.0035e+01, 3.2262e-01, 
DIAGNOSTIC,Iteration,metricValue,convergenceValue,ITERATION_TIME_INDEX,SINCE_LAST
 2DIAGNOSTIC,     1, -5.761767456829e-01, 1.797693134862e+308, 1.2936e+01, 2.9015e+00, 
 2DIAGNOSTIC,     2, -5.766844962954e-01, 1.797693134862e+308, 1.4604e+01, 1.6674e+00, 
 2DIAGNOSTIC,     3, -5.772085520199e-01, 1.797693134862e+308, 1.6220e+01, 1.6162e+00, 
 2DIAGNOSTIC,     4, -5.778060591451e-01, 1.797693134862e+308, 1.7937e+01, 1.7168e+00, 
 2DIAGNOSTIC,     5, -5.797428368042e-01, 1.797693134862e+308, 2.1800e+01, 3.8636e+00, 
 2DIAGNOSTIC,     6, -5.797437836884e-01, 1.797693134862e+308, 2.4537e+01, 2.7365e+00, 
 2DIAGNOSTIC,     7, -5.797439813557e-01, 1.797693134862e+308, 2.6522e+01, 1.9849e+00, 
 2DIAGNOSTIC,     8, -5.797437537135e-01, 1.797693134862e+308, 2.8375e+01, 1.8532e+00, 
 2DIAGNOSTIC,     9, -5.797438686127e-01, 1.797693134862e+308, 3.0578e+01, 2.2033e+00, 
 2DIAGNOSTIC,    10, -5.797436733501e-01, 4.415265445665e-04, 3.2566e+01, 1.9878e+00, 
 2DIAGNOSTIC,    11, -5.797436487295e-01, 2.991124873021e-04, 3.4561e+01, 1.9946e+00, 
 2DIAGNOSTIC,    12, -5.797436779610e-01, 1.756656484887e-04, 3.6550e+01, 1.9892e+00, 
 2DIAGNOSTIC,    13, -5.797435352718e-01, 7.564068423979e-05, 3.8582e+01, 2.0320e+00, 
 2DIAGNOSTIC,    14, -5.797435730507e-01, 2.283135008455e-06, 4.0576e+01, 1.9939e+00, 
 2DIAGNOSTIC,    15, -5.797432873763e-01, 2.087394390352e-06, 4.2362e+01, 1.7859e+00, 
 2DIAGNOSTIC,    16, -5.797434169425e-01, 1.952495389299e-06, 4.5011e+01, 2.6490e+00, 
 2DIAGNOSTIC,    17, -5.797433091877e-01, 1.839531276075e-06, 4.6993e+01, 1.9821e+00, 
 2DIAGNOSTIC,    18, -5.797432095680e-01, 1.733220631017e-06, 4.8740e+01, 1.7470e+00, 
 2DIAGNOSTIC,    19, -5.797429691374e-01, 1.638463586764e-06, 5.0376e+01, 1.6358e+00, 
 2DIAGNOSTIC,    20, -5.797427704807e-01, 1.547172443744e-06, 5.2349e+01, 1.9730e+00, 
 2DIAGNOSTIC,    21, -5.797429162971e-01, 1.471558140911e-06, 5.4192e+01, 1.8437e+00, 
 2DIAGNOSTIC,    22, -5.797427108572e-01, 1.402858208294e-06, 5.6155e+01, 1.9624e+00, 
 2DIAGNOSTIC,    23, -5.797424592595e-01, 1.335977503923e-06, 5.8124e+01, 1.9689e+00, 
 2DIAGNOSTIC,    24, -5.797421665647e-01, 1.274397482584e-06, 6.0287e+01, 2.1637e+00, 
 2DIAGNOSTIC,    25, -5.797419190140e-01, 1.212154635548e-06, 6.2335e+01, 2.0475e+00, 
 2DIAGNOSTIC,    26, -5.797416423207e-01, 1.157618242931e-06, 6.4131e+01, 1.7959e+00, 
 2DIAGNOSTIC,    27, -5.797415132288e-01, 1.109120743963e-06, 6.5737e+01, 1.6059e+00, 
 2DIAGNOSTIC,    28, -5.797413989017e-01, 1.067093621916e-06, 6.7771e+01, 2.0348e+00, 
 2DIAGNOSTIC,    29, -5.797414222511e-01, 1.031019270591e-06, 6.9595e+01, 1.8235e+00, 
  Elapsed time (stage 0): 7.0757e+01


Total elapsed time: 7.0773e+01
Info [verificarlo]: loaded backend libinterflop_vprec.so
Info [interflop-vprec]: load backend with: 
Info [interflop-vprec]: precision-binary32 = 10
Info [interflop-vprec]: range-binary32 = 8
Info [interflop-vprec]: precision-binary64 = 10
Info [interflop-vprec]: range-binary64 = 8
Info [interflop-vprec]: mode = ob
Info [interflop-vprec]: error-mode = rel
Info [interflop-vprec]: max-abs-error-exponent = -1022
Info [interflop-vprec]: daz = false
Info [interflop-vprec]: ftz = false
Info [interflop-vprec]: 	instrument = none
Info [interflop-vprec]: 	prec-input-file = (null)
Info [interflop-vprec]: 	prec-output-file = (null)
Info [interflop-vprec]: 	prec-log-file = (null)
All_Command_lines_OK
Using double precision for computations.
=============================================================================
The composite transform comprises the following transforms (in order): 
  1. /home/mdugre/scratch/mri-registration-rp/datasets/ds004513/derivatives/mri-registration-rp/0001/antsRegistration-r8-p10/sub-s025/affine_Composite.h5[0] (type = Euler3DTransform)
  2. /home/mdugre/scratch/mri-registration-rp/datasets/ds004513/derivatives/mri-registration-rp/0001/antsRegistration-r8-p10/sub-s025/affine_Composite.h5[1] (type = Euler3DTransform)
