
##########################
# Experiment information #
##########################

EXPERIMENT_NAME: antsRegistration-r7-p6
VFC_BACKENDS: libinterflop_vprec.so --range-binary32=7 --precision-binary32=6 --range-binary64=7 --precision-binary64=6

SIF_IMG: /home/mdugre/projects/rrg-glatard/mdugre/containers/ants-vprec-no_metrics.simg

SUBJECT_ID: s003
INPUT_IMG: /home/mdugre/scratch/mri-registration-rp/datasets/ds004513/derivatives/mri-registration-rp/antsBrainExtraction/sub-s003/BrainExtractionBrain.nii.gz
OUTPUT_DIR: /home/mdugre/scratch/mri-registration-rp/datasets/ds004513/derivatives/mri-registration-rp/0001/antsRegistration-r7-p6/sub-s003

FIXED_IMG: /templateflow/tpl-MNI152NLin2009cAsym/tpl-MNI152NLin2009cAsym_res-01_desc-brain_T1w.nii.gz
DATA_DIR: /home/mdugre/scratch/mri-registration-rp/datasets/ds004513
TEMPLATEFLOW_DIR: /home/mdugre/projects/rrg-glatard/mdugre/templateflow
ITK_GLOBAL_DEFAULT_NUMBER_OF_THREADS: 16
##########################

Info [verificarlo]: loaded backend libinterflop_ieee.so
Info [interflop-ieee]: load backend with:
Info [interflop-ieee]: debug = false
Info [interflop-ieee]: debug-binary = false
Info [interflop-ieee]: no-backend-name = false
Info [interflop-ieee]: print-new-line = false
Info [interflop-ieee]: print-subnormal-normalized = false
Info [interflop-ieee]: count-op = false
All_Command_lines_OK
Using double precision for computations.
=============================================================================
The composite transform comprises the following transforms (in order): 
  1. Center of mass alignment using fixed image: /templateflow/tpl-MNI152NLin2009cAsym/tpl-MNI152NLin2009cAsym_res-01_desc-brain_T1w.nii.gz and moving image: /home/mdugre/scratch/mri-registration-rp/datasets/ds004513/derivatives/mri-registration-rp/antsBrainExtraction/sub-s003/BrainExtractionBrain.nii.gz (type = Euler3DTransform)
=============================================================================
  number of levels = 1
  fixed image: /templateflow/tpl-MNI152NLin2009cAsym/tpl-MNI152NLin2009cAsym_res-01_desc-brain_T1w.nii.gz
  moving image: /home/mdugre/scratch/mri-registration-rp/datasets/ds004513/derivatives/mri-registration-rp/antsBrainExtraction/sub-s003/BrainExtractionBrain.nii.gz
Dimension = 3
Number of stages = 1
Use histogram matching = false
Winsorize image intensities = true
  Lower quantile = 0.005
  Upper quantile = 0.995


Stage 1 State
   Image metric = MattesMI
     Fixed image = Image (0x3d5cbd0)
  RTTI typeinfo:   itk::Image<double, 3u>
  Reference Count: 2
  Modified Time: 2334
  Debug: Off
  Object Name: 
  Observers: 
    none
  Source: (none)
  Source output name: (none)
  Release Data: Off
  Data Released: False
  Global Release Data: Off
  PipelineMTime: 0
  UpdateMTime: 1943
  RealTimeStamp: 0 seconds 
  LargestPossibleRegion: 
    Dimension: 3
    Index: [0, 0, 0]
    Size: [193, 229, 193]
  BufferedRegion: 
    Dimension: 3
    Index: [0, 0, 0]
    Size: [193, 229, 193]
  RequestedRegion: 
    Dimension: 3
    Index: [0, 0, 0]
    Size: [193, 229, 193]
  Spacing: [1, 1, 1]
  Origin: [96, 132, -78]
  Direction: 
-1 0 0
0 -1 0
0 0 1

  IndexToPointMatrix: 
-1 0 0
0 -1 0
0 0 1

  PointToIndexMatrix: 
-1 0 0
0 -1 0
0 0 1

  Inverse Direction: 
-1 0 0
0 -1 0
0 0 1

  PixelContainer: 
    ImportImageContainer (0x3db4930)
      RTTI typeinfo:   itk::ImportImageContainer<unsigned long, double>
      Reference Count: 1
      Modified Time: 1940
      Debug: Off
      Object Name: 
      Observers: 
        none
      Pointer: 0x14af0eae2010
      Container manages memory: true
      Size: 8530021
      Capacity: 8530021

     Moving image = Image (0x3e4c610)
  RTTI typeinfo:   itk::Image<double, 3u>
  Reference Count: 2
  Modified Time: 2335
  Debug: Off
  Object Name: 
  Observers: 
    none
  Source: (none)
  Source output name: (none)
  Release Data: Off
  Data Released: False
  Global Release Data: Off
  PipelineMTime: 0
  UpdateMTime: 2332
  RealTimeStamp: 0 seconds 
  LargestPossibleRegion: 
    Dimension: 3
    Index: [0, 0, 0]
    Size: [176, 240, 256]
  BufferedRegion: 
    Dimension: 3
    Index: [0, 0, 0]
    Size: [176, 240, 256]
  RequestedRegion: 
    Dimension: 3
    Index: [0, 0, 0]
    Size: [176, 240, 256]
  Spacing: [0.999999, 1, 1]
  Origin: [93.3499, 86.9368, -128.957]
  Direction: 
-0.999513 -0.0279216 -0.0139567
0.0279189 -0.99961 0.000389866
-0.0139622 2.01492e-08 0.999903

  IndexToPointMatrix: 
-0.999512 -0.0279216 -0.0139567
0.0279189 -0.99961 0.000389866
-0.0139621 2.01492e-08 0.999903

  PointToIndexMatrix: 
-0.999514 0.0279189 -0.0139622
-0.0279216 -0.99961 2.01716e-08
-0.0139567 0.000389866 0.999903

  Inverse Direction: 
-0.999513 0.0279189 -0.0139622
-0.0279216 -0.99961 2.01716e-08
-0.0139567 0.000389866 0.999903

  PixelContainer: 
    ImportImageContainer (0x3d8c850)
      RTTI typeinfo:   itk::ImportImageContainer<unsigned long, double>
      Reference Count: 1
      Modified Time: 2329
      Debug: Off
      Object Name: 
      Observers: 
        none
      Pointer: 0x14af09861010
      Container manages memory: true
      Size: 10813440
      Capacity: 10813440

     Weighting = 1
     Sampling strategy = regular
     Number of bins = 32
     Radius = 4
     Sampling percentage  = 0.25
   Transform = Rigid
     Gradient step = 0.1
     Update field sigma (voxel space) = 0
     Total field sigma (voxel space) = 0
     Update field time sigma = 0
     Total field time sigma  = 0
     Number of time indices = 0
     Number of time point samples = 0
Registration using 1 total stages.

Stage 0
  iterations = 0
  convergence threshold = 1e-06
  convergence window size = 10
  number of levels = 1
  using the Mattes MI metric (number of bins = 32, weight = 1, use gradient filter = 0)
  preprocessing:  winsorizing the image intensities
  Shrink factors (level 1 out of 1): [1, 1, 1]
  smoothing sigmas per level: [0]
  regular sampling (percentage = 0.25)

*** Running Euler3DTransform registration ***

  Elapsed time (stage 0): 1.16038


Total elapsed time: 1.1626
Info [verificarlo]: loaded backend libinterflop_ieee.so
Info [interflop-ieee]: load backend with:
Info [interflop-ieee]: debug = false
Info [interflop-ieee]: debug-binary = false
Info [interflop-ieee]: no-backend-name = false
Info [interflop-ieee]: print-new-line = false
Info [interflop-ieee]: print-subnormal-normalized = false
Info [interflop-ieee]: count-op = false
All_Command_lines_OK
Using double precision for computations.
=============================================================================
The composite transform comprises the following transforms (in order): 
  1. /home/mdugre/scratch/mri-registration-rp/datasets/ds004513/derivatives/mri-registration-rp/0001/antsRegistration-r7-p6/sub-s003/align_Composite.h5[0] (type = Euler3DTransform)
  2. /home/mdugre/scratch/mri-registration-rp/datasets/ds004513/derivatives/mri-registration-rp/0001/antsRegistration-r7-p6/sub-s003/align_Composite.h5[1] (type = Euler3DTransform)
=============================================================================
  number of levels = 4
  fixed image: /templateflow/tpl-MNI152NLin2009cAsym/tpl-MNI152NLin2009cAsym_res-01_desc-brain_T1w.nii.gz
  moving image: /home/mdugre/scratch/mri-registration-rp/datasets/ds004513/derivatives/mri-registration-rp/antsBrainExtraction/sub-s003/BrainExtractionBrain.nii.gz
Dimension = 3
Number of stages = 1
Use histogram matching = false
Winsorize image intensities = true
  Lower quantile = 0.005
  Upper quantile = 0.995


Stage 1 State
   Image metric = MattesMI
     Fixed image = Image (0x3b84530)
  RTTI typeinfo:   itk::Image<double, 3u>
  Reference Count: 2
  Modified Time: 1580
  Debug: Off
  Object Name: 
  Observers: 
    none
  Source: (none)
  Source output name: (none)
  Release Data: Off
  Data Released: False
  Global Release Data: Off
  PipelineMTime: 0
  UpdateMTime: 1189
  RealTimeStamp: 0 seconds 
  LargestPossibleRegion: 
    Dimension: 3
    Index: [0, 0, 0]
    Size: [193, 229, 193]
  BufferedRegion: 
    Dimension: 3
    Index: [0, 0, 0]
    Size: [193, 229, 193]
  RequestedRegion: 
    Dimension: 3
    Index: [0, 0, 0]
    Size: [193, 229, 193]
  Spacing: [1, 1, 1]
  Origin: [96, 132, -78]
  Direction: 
-1 0 0
0 -1 0
0 0 1

  IndexToPointMatrix: 
-1 0 0
0 -1 0
0 0 1

  PointToIndexMatrix: 
-1 0 0
0 -1 0
0 0 1

  Inverse Direction: 
-1 0 0
0 -1 0
0 0 1

  PixelContainer: 
    ImportImageContainer (0x3c42d60)
      RTTI typeinfo:   itk::ImportImageContainer<unsigned long, double>
      Reference Count: 1
      Modified Time: 1186
      Debug: Off
      Object Name: 
      Observers: 
        none
      Pointer: 0x1472321d6010
      Container manages memory: true
      Size: 8530021
      Capacity: 8530021

     Moving image = Image (0x3c34f60)
  RTTI typeinfo:   itk::Image<double, 3u>
  Reference Count: 2
  Modified Time: 1581
  Debug: Off
  Object Name: 
  Observers: 
    none
  Source: (none)
  Source output name: (none)
  Release Data: Off
  Data Released: False
  Global Release Data: Off
  PipelineMTime: 0
  UpdateMTime: 1578
  RealTimeStamp: 0 seconds 
  LargestPossibleRegion: 
    Dimension: 3
    Index: [0, 0, 0]
    Size: [176, 240, 256]
  BufferedRegion: 
    Dimension: 3
    Index: [0, 0, 0]
    Size: [176, 240, 256]
  RequestedRegion: 
    Dimension: 3
    Index: [0, 0, 0]
    Size: [176, 240, 256]
  Spacing: [0.999999, 1, 1]
  Origin: [93.3499, 86.9368, -128.957]
  Direction: 
-0.999513 -0.0279216 -0.0139567
0.0279189 -0.99961 0.000389866
-0.0139622 2.01492e-08 0.999903

  IndexToPointMatrix: 
-0.999512 -0.0279216 -0.0139567
0.0279189 -0.99961 0.000389866
-0.0139621 2.01492e-08 0.999903

  PointToIndexMatrix: 
-0.999514 0.0279189 -0.0139622
-0.0279216 -0.99961 2.01716e-08
-0.0139567 0.000389866 0.999903

  Inverse Direction: 
-0.999513 0.0279189 -0.0139622
-0.0279216 -0.99961 2.01716e-08
-0.0139567 0.000389866 0.999903

  PixelContainer: 
    ImportImageContainer (0x3c266d0)
      RTTI typeinfo:   itk::ImportImageContainer<unsigned long, double>
      Reference Count: 1
      Modified Time: 1575
      Debug: Off
      Object Name: 
      Observers: 
        none
      Pointer: 0x14722cf55010
      Container manages memory: true
      Size: 10813440
      Capacity: 10813440

     Weighting = 1
     Sampling strategy = regular
     Number of bins = 32
     Radius = 4
     Sampling percentage  = 0.25
   Transform = Rigid
     Gradient step = 0.1
     Update field sigma (voxel space) = 0
     Total field sigma (voxel space) = 0
     Update field time sigma = 0
     Total field time sigma  = 0
     Number of time indices = 0
     Number of time point samples = 0
Registration using 1 total stages.

Stage 0
  iterations = 1000x500x250x100
  convergence threshold = 1e-06
  convergence window size = 10
  number of levels = 4
  using the Mattes MI metric (number of bins = 32, weight = 1, use gradient filter = 0)
  preprocessing:  winsorizing the image intensities
  Shrink factors (level 1 out of 4): [8, 8, 8]
  Shrink factors (level 2 out of 4): [4, 4, 4]
  Shrink factors (level 3 out of 4): [2, 2, 2]
  Shrink factors (level 4 out of 4): [1, 1, 1]
  smoothing sigmas per level: [3, 2, 1, 0]
  regular sampling (percentage = 0.25)

*** Running Euler3DTransform registration ***

DIAGNOSTIC,Iteration,metricValue,convergenceValue,ITERATION_TIME_INDEX,SINCE_LAST
 2DIAGNOSTIC,     1, -4.871187133941e-01, 1.797693134862e+308, 8.4553e-01, 8.4553e-01, 
 2DIAGNOSTIC,     2, -4.887966556740e-01, 1.797693134862e+308, 8.5039e-01, 4.8590e-03, 
 2DIAGNOSTIC,     3, -4.919242839642e-01, 1.797693134862e+308, 8.5558e-01, 5.1899e-03, 
 2DIAGNOSTIC,     4, -5.019092629522e-01, 1.797693134862e+308, 8.6079e-01, 5.2099e-03, 
 2DIAGNOSTIC,     5, -5.198319788477e-01, 1.797693134862e+308, 8.6545e-01, 4.6599e-03, 
 2DIAGNOSTIC,     6, -5.251449584180e-01, 1.797693134862e+308, 8.7007e-01, 4.6229e-03, 
 2DIAGNOSTIC,     7, -5.365118080768e-01, 1.797693134862e+308, 8.7483e-01, 4.7560e-03, 
 2DIAGNOSTIC,     8, -5.564319077261e-01, 1.797693134862e+308, 8.8167e-01, 6.8431e-03, 
 2DIAGNOSTIC,     9, -5.572786469687e-01, 1.797693134862e+308, 8.8609e-01, 4.4169e-03, 
 2DIAGNOSTIC,    10, -5.597886110608e-01, 1.060089541986e-02, 8.9131e-01, 5.2230e-03, 
 2DIAGNOSTIC,    11, -5.645450860914e-01, 9.471656029002e-03, 8.9595e-01, 4.6420e-03, 
 2DIAGNOSTIC,    12, -5.675342641672e-01, 7.901754414630e-03, 9.0151e-01, 5.5621e-03, 
 2DIAGNOSTIC,    13, -5.685174641935e-01, 6.033280802480e-03, 9.0702e-01, 5.5101e-03, 
 2DIAGNOSTIC,    14, -5.693412095343e-01, 4.302087948772e-03, 9.1276e-01, 5.7390e-03, 
 2DIAGNOSTIC,    15, -5.718972801999e-01, 3.155204981959e-03, 9.1780e-01, 5.0330e-03, 
 2DIAGNOSTIC,    16, -5.734788767073e-01, 2.091398053256e-03, 9.2230e-01, 4.5049e-03, 
 2DIAGNOSTIC,    17, -5.737823402463e-01, 1.310029424176e-03, 9.2699e-01, 4.6930e-03, 
 2DIAGNOSTIC,    18, -5.749452616696e-01, 1.114936190122e-03, 9.3160e-01, 4.6098e-03, 
 2DIAGNOSTIC,    19, -5.774392255374e-01, 9.301256922621e-04, 9.3892e-01, 7.3180e-03, 
 2DIAGNOSTIC,    20, -5.782944999927e-01, 7.612328991404e-04, 9.4436e-01, 5.4390e-03, 
 2DIAGNOSTIC,    21, -5.788863756072e-01, 6.687985512272e-04, 9.4938e-01, 5.0211e-03, 
 2DIAGNOSTIC,    22, -5.857337702099e-01, 7.546209608031e-04, 9.5420e-01, 4.8170e-03, 
 2DIAGNOSTIC,    23, -6.028589200287e-01, 1.162232406207e-03, 9.5958e-01, 5.3861e-03, 
 2DIAGNOSTIC,    24, -6.086613850401e-01, 1.554691270572e-03, 9.6619e-01, 6.6061e-03, 
 2DIAGNOSTIC,    25, -6.127624321279e-01, 1.904928909294e-03, 9.7177e-01, 5.5780e-03, 
 2DIAGNOSTIC,    26, -6.171330104123e-01, 2.167612466889e-03, 9.7696e-01, 5.1942e-03, 
 2DIAGNOSTIC,    27, -6.180829711777e-01, 2.226134269333e-03, 9.8153e-01, 4.5640e-03, 
 2DIAGNOSTIC,    28, -6.204355231491e-01, 2.128618137222e-03, 9.8661e-01, 5.0809e-03, 
 2DIAGNOSTIC,    29, -6.216541956618e-01, 1.901236667972e-03, 9.9122e-01, 4.6110e-03, 
 2DIAGNOSTIC,    30, -6.252686898044e-01, 1.589741171439e-03, 9.9658e-01, 5.3599e-03, 
 2DIAGNOSTIC,    31, -6.305777551225e-01, 1.244381534821e-03, 1.0013e+00, 4.7178e-03, 
 2DIAGNOSTIC,    32, -6.437128244680e-01, 1.107474221031e-03, 1.0073e+00, 5.9900e-03, 
 2DIAGNOSTIC,    33, -6.470251141460e-01, 1.176375722856e-03, 1.0120e+00, 4.6852e-03, 
 2DIAGNOSTIC,    34, -6.489206526505e-01, 1.241874701251e-03, 1.0195e+00, 7.4999e-03, 
 2DIAGNOSTIC,    35, -6.509315397110e-01, 1.271868667074e-03, 1.0240e+00, 4.5350e-03, 
 2DIAGNOSTIC,    36, -6.520053859692e-01, 1.251972807289e-03, 1.0285e+00, 4.4861e-03, 
 2DIAGNOSTIC,    37, -6.528675762123e-01, 1.135512065258e-03, 1.0329e+00, 4.3850e-03, 
 2DIAGNOSTIC,    38, -6.532427233436e-01, 9.531124034963e-04, 1.0373e+00, 4.4491e-03, 
 2DIAGNOSTIC,    39, -6.541830958196e-01, 7.191957389502e-04, 1.0434e+00, 6.0639e-03, 
 2DIAGNOSTIC,    40, -6.542232892403e-01, 4.742200127345e-04, 1.0478e+00, 4.4160e-03, 
 2DIAGNOSTIC,    41, -6.546715925137e-01, 2.613838396682e-04, 1.0522e+00, 4.4260e-03, 
 2DIAGNOSTIC,    42, -6.552161095739e-01, 1.908700234399e-04, 1.0583e+00, 6.0189e-03, 
 2DIAGNOSTIC,    43, -6.554090237570e-01, 1.445617794959e-04, 1.0627e+00, 4.4909e-03, 
 2DIAGNOSTIC,    44, -6.554500787613e-01, 1.074876225917e-04, 1.0672e+00, 4.4420e-03, 
 2DIAGNOSTIC,    45, -6.555124070569e-01, 8.392450456256e-05, 1.0718e+00, 4.6110e-03, 
 2DIAGNOSTIC,    46, -6.555918138175e-01, 6.535340794313e-05, 1.0770e+00, 5.2052e-03, 
 2DIAGNOSTIC,    47, -6.557561464809e-01, 5.174228604096e-05, 1.0819e+00, 4.8590e-03, 
 2DIAGNOSTIC,    48, -6.557078577026e-01, 3.683588755768e-05, 1.0868e+00, 4.9410e-03, 
 2DIAGNOSTIC,    49, -6.556639919171e-01, 2.795620894624e-05, 1.0912e+00, 4.4279e-03, 
 2DIAGNOSTIC,    50, -6.556343854342e-01, 1.694434748715e-05, 1.0956e+00, 4.4031e-03, 
 2DIAGNOSTIC,    51, -6.558722222305e-01, 1.105017175357e-05, 1.1006e+00, 4.9450e-03, 
 2DIAGNOSTIC,    52, -6.560361332463e-01, 1.068928053624e-05, 1.1058e+00, 5.2621e-03, 
 2DIAGNOSTIC,    53, -6.558869088458e-01, 9.760723667155e-06, 1.1108e+00, 4.9601e-03, 
 2DIAGNOSTIC,    54, -6.559108708282e-01, 8.674254645825e-06, 1.1158e+00, 5.0061e-03, 
 2DIAGNOSTIC,    55, -6.556802278996e-01, 5.416380959605e-06, 1.1205e+00, 4.6721e-03, 
 2DIAGNOSTIC,    56, -6.557886728784e-01, 3.343354635491e-06, 1.1254e+00, 4.9531e-03, 
 2DIAGNOSTIC,    57, -6.559028812193e-01, 3.302812509275e-06, 1.1299e+00, 4.4811e-03, 
 2DIAGNOSTIC,    58, -6.559152348346e-01, 2.722361533092e-06, 1.1349e+00, 5.0099e-03, 
 2DIAGNOSTIC,    59, -6.563693255858e-01, 5.279064117347e-06, 1.1401e+00, 5.1520e-03, 
 2DIAGNOSTIC,    60, -6.573522171220e-01, 1.457161430456e-05, 1.1549e+00, 1.4845e-02, 
 2DIAGNOSTIC,    61, -6.576812741479e-01, 2.628261336157e-05, 1.1640e+00, 9.1250e-03, 
 2DIAGNOSTIC,    62, -6.577959444797e-01, 3.726307280546e-05, 1.1689e+00, 4.8580e-03, 
 2DIAGNOSTIC,    63, -6.577547742048e-01, 4.303137131306e-05, 1.1734e+00, 4.5350e-03, 
 2DIAGNOSTIC,    64, -6.578080169337e-01, 4.512419056769e-05, 1.1779e+00, 4.5102e-03, 
 2DIAGNOSTIC,    65, -6.580530827494e-01, 4.280958794009e-05, 1.1825e+00, 4.5731e-03, 
 2DIAGNOSTIC,    66, -6.582240489829e-01, 3.837026710036e-05, 1.1869e+00, 4.3931e-03, 
 2DIAGNOSTIC,    67, -6.584650205679e-01, 3.299382412554e-05, 1.1939e+00, 6.9921e-03, 
 2DIAGNOSTIC,    68, -6.584093874982e-01, 2.438834584646e-05, 1.1983e+00, 4.4451e-03, 
 2DIAGNOSTIC,    69, -6.585147479638e-01, 1.737255163396e-05, 1.2027e+00, 4.3941e-03, 
 2DIAGNOSTIC,    70, -6.586266093503e-01, 1.605491204167e-05, 1.2072e+00, 4.4541e-03, 
 2DIAGNOSTIC,    71, -6.586904174347e-01, 1.575349452278e-05, 1.2116e+00, 4.4060e-03, 
 2DIAGNOSTIC,    72, -6.600929935431e-01, 2.368615580755e-05, 1.2178e+00, 6.1550e-03, 
 2DIAGNOSTIC,    73, -6.606371955445e-01, 3.210028845634e-05, 1.2238e+00, 6.0210e-03, 
 2DIAGNOSTIC,    74, -6.606971986712e-01, 3.791979413736e-05, 1.2288e+00, 4.9920e-03, 
 2DIAGNOSTIC,    75, -6.606292593170e-01, 4.117995492804e-05, 1.2331e+00, 4.3190e-03, 
 2DIAGNOSTIC,    76, -6.605632668024e-01, 4.104647208303e-05, 1.2374e+00, 4.3521e-03, 
 2DIAGNOSTIC,    77, -6.604951872690e-01, 3.791315998237e-05, 1.2418e+00, 4.3390e-03, 
 2DIAGNOSTIC,    78, -6.605155643963e-01, 3.095351856850e-05, 1.2467e+00, 4.8890e-03, 
 2DIAGNOSTIC,    79, -6.605374536014e-01, 2.205887948172e-05, 1.2519e+00, 5.2662e-03, 
 2DIAGNOSTIC,    80, -6.605482045764e-01, 1.214649423921e-05, 1.2569e+00, 4.9980e-03, 
 2DIAGNOSTIC,    81, -6.604692712648e-01, 1.103275542700e-06, 1.2630e+00, 6.0229e-03, 
DIAGNOSTIC,Iteration,metricValue,convergenceValue,ITERATION_TIME_INDEX,SINCE_LAST
 2DIAGNOSTIC,     1, -5.284472492796e-01, 1.797693134862e+308, 2.0554e+00, 7.9242e-01, 
 2DIAGNOSTIC,     2, -5.291533984346e-01, 1.797693134862e+308, 2.0870e+00, 3.1665e-02, 
 2DIAGNOSTIC,     3, -5.297492556699e-01, 1.797693134862e+308, 2.1190e+00, 3.1923e-02, 
 2DIAGNOSTIC,     4, -5.301121380895e-01, 1.797693134862e+308, 2.1505e+00, 3.1567e-02, 
 2DIAGNOSTIC,     5, -5.303723786069e-01, 1.797693134862e+308, 2.1842e+00, 3.3698e-02, 
 2DIAGNOSTIC,     6, -5.306914139841e-01, 1.797693134862e+308, 2.2164e+00, 3.2185e-02, 
 2DIAGNOSTIC,     7, -5.309693084603e-01, 1.797693134862e+308, 2.2565e+00, 4.0113e-02, 
 2DIAGNOSTIC,     8, -5.311135129306e-01, 1.797693134862e+308, 2.2890e+00, 3.2507e-02, 
 2DIAGNOSTIC,     9, -5.314816585308e-01, 1.797693134862e+308, 2.3211e+00, 3.2096e-02, 
 2DIAGNOSTIC,    10, -5.320876733408e-01, 3.828163783137e-04, 2.3535e+00, 3.2343e-02, 
 2DIAGNOSTIC,    11, -5.338429227448e-01, 3.965275621608e-04, 2.3979e+00, 4.4458e-02, 
 2DIAGNOSTIC,    12, -5.344613851092e-01, 4.293943596142e-04, 2.4334e+00, 3.5430e-02, 
 2DIAGNOSTIC,    13, -5.345484403456e-01, 4.470221747106e-04, 2.4735e+00, 4.0095e-02, 
 2DIAGNOSTIC,    14, -5.345890069182e-01, 4.381342335347e-04, 2.5049e+00, 3.1482e-02, 
 2DIAGNOSTIC,    15, -5.346329179221e-01, 4.010808354655e-04, 2.5387e+00, 3.3735e-02, 
 2DIAGNOSTIC,    16, -5.347294551519e-01, 3.448559999610e-04, 2.5814e+00, 4.2739e-02, 
 2DIAGNOSTIC,    17, -5.348836764241e-01, 2.770215397319e-04, 2.6286e+00, 4.7181e-02, 
 2DIAGNOSTIC,    18, -5.351443744993e-01, 2.039169906769e-04, 2.6982e+00, 6.9640e-02, 
 2DIAGNOSTIC,    19, -5.351559726298e-01, 1.307326337799e-04, 2.7324e+00, 3.4184e-02, 
 2DIAGNOSTIC,    20, -5.352008606544e-01, 6.928329612635e-05, 2.7769e+00, 4.4478e-02, 
 2DIAGNOSTIC,    21, -5.352270854471e-01, 5.228203979795e-05, 2.8240e+00, 4.7107e-02, 
 2DIAGNOSTIC,    22, -5.352196067733e-01, 4.678158763950e-05, 2.8617e+00, 3.7667e-02, 
 2DIAGNOSTIC,    23, -5.352245136313e-01, 3.958824275734e-05, 2.9024e+00, 4.0780e-02, 
 2DIAGNOSTIC,    24, -5.352304474599e-01, 3.047805820206e-05, 2.9409e+00, 3.8408e-02, 
 2DIAGNOSTIC,    25, -5.352309789210e-01, 2.035795835818e-05, 2.9791e+00, 3.8257e-02, 
 2DIAGNOSTIC,    26, -5.352272068089e-01, 1.109536006083e-05, 3.0171e+00, 3.8036e-02, 
 2DIAGNOSTIC,    27, -5.352268096624e-01, 4.502527600959e-06, 3.0563e+00, 3.9197e-02, 
 2DIAGNOSTIC,    28, -5.352197847697e-01, 2.907294725206e-06, 3.0902e+00, 3.3837e-02, 
 2DIAGNOSTIC,    29, -5.352265935400e-01, 1.573947095747e-06, 3.1249e+00, 3.4695e-02, 
 2DIAGNOSTIC,    30, -5.352418296123e-01, 1.333861387738e-06, 3.1612e+00, 3.6291e-02, 
 2DIAGNOSTIC,    31, -5.352689647064e-01, 2.000098237608e-06, 3.2084e+00, 4.7228e-02, 
 2DIAGNOSTIC,    32, -5.352769788835e-01, 2.533269059725e-06, 3.2449e+00, 3.6489e-02, 
 2DIAGNOSTIC,    33, -5.352759270365e-01, 2.954032377898e-06, 3.2826e+00, 3.7742e-02, 
 2DIAGNOSTIC,    34, -5.352863301369e-01, 3.422792774276e-06, 3.3195e+00, 3.6881e-02, 
 2DIAGNOSTIC,    35, -5.352900392356e-01, 3.684400062012e-06, 3.3516e+00, 3.2102e-02, 
 2DIAGNOSTIC,    36, -5.353269828638e-01, 4.150887370942e-06, 3.3815e+00, 2.9912e-02, 
 2DIAGNOSTIC,    37, -5.353863040263e-01, 5.121442358320e-06, 3.4119e+00, 3.0398e-02, 
 2DIAGNOSTIC,    38, -5.354645635834e-01, 6.621705483323e-06, 3.4449e+00, 3.2982e-02, 
 2DIAGNOSTIC,    39, -5.355570333627e-01, 8.833975547372e-06, 3.4808e+00, 3.5891e-02, 
 2DIAGNOSTIC,    40, -5.356560429361e-01, 1.166879453949e-05, 3.5237e+00, 4.2918e-02, 
 2DIAGNOSTIC,    41, -5.356779364776e-01, 1.394614483456e-05, 3.5604e+00, 3.6719e-02, 
 2DIAGNOSTIC,    42, -5.356825734439e-01, 1.502859777535e-05, 3.5903e+00, 2.9826e-02, 
 2DIAGNOSTIC,    43, -5.357121103161e-01, 1.505239640113e-05, 3.6202e+00, 2.9956e-02, 
 2DIAGNOSTIC,    44, -5.357361704709e-01, 1.410766457522e-05, 3.6506e+00, 3.0435e-02, 
 2DIAGNOSTIC,    45, -5.357800081873e-01, 1.247053212307e-05, 3.6807e+00, 3.0072e-02, 
 2DIAGNOSTIC,    46, -5.361133908964e-01, 1.405678074330e-05, 3.7326e+00, 5.1858e-02, 
 2DIAGNOSTIC,    47, -5.361214750274e-01, 1.496398993027e-05, 3.7664e+00, 3.3834e-02, 
 2DIAGNOSTIC,    48, -5.361081144903e-01, 1.521540335574e-05, 3.7978e+00, 3.1383e-02, 
 2DIAGNOSTIC,    49, -5.361021496007e-01, 1.503114483771e-05, 3.8338e+00, 3.6006e-02, 
 2DIAGNOSTIC,    50, -5.361098882311e-01, 1.458987608747e-05, 3.8666e+00, 3.2846e-02, 
 2DIAGNOSTIC,    51, -5.361234062190e-01, 1.313784730411e-05, 3.8998e+00, 3.3203e-02, 
 2DIAGNOSTIC,    52, -5.361510291388e-01, 1.085541988811e-05, 3.9318e+00, 3.1917e-02, 
 2DIAGNOSTIC,    53, -5.362204599902e-01, 8.719644215265e-06, 3.9687e+00, 3.6946e-02, 
 2DIAGNOSTIC,    54, -5.365112590093e-01, 8.999913352709e-06, 4.0171e+00, 4.8430e-02, 
 2DIAGNOSTIC,    55, -5.365218412679e-01, 8.825461803481e-06, 4.0551e+00, 3.7944e-02, 
 2DIAGNOSTIC,    56, -5.365177881154e-01, 1.102504780397e-05, 4.0875e+00, 3.2398e-02, 
 2DIAGNOSTIC,    57, -5.365138255732e-01, 1.222427185256e-05, 4.1234e+00, 3.5868e-02, 
 2DIAGNOSTIC,    58, -5.365073036506e-01, 1.206345588665e-05, 4.1620e+00, 3.8600e-02, 
 2DIAGNOSTIC,    59, -5.365148052594e-01, 1.077223897062e-05, 4.2010e+00, 3.9019e-02, 
 2DIAGNOSTIC,    60, -5.365143391717e-01, 8.599855202854e-06, 4.3127e+00, 1.1172e-01, 
 2DIAGNOSTIC,    61, -5.365143391544e-01, 5.882625031515e-06, 4.4279e+00, 1.1516e-01, 
 2DIAGNOSTIC,    62, -5.365143391544e-01, 2.990773172788e-06, 4.4655e+00, 3.7640e-02, 
DIAGNOSTIC,Iteration,metricValue,convergenceValue,ITERATION_TIME_INDEX,SINCE_LAST
 2DIAGNOSTIC,     1, -4.763172285077e-01, 1.797693134862e+308, 5.6526e+00, 1.1871e+00, 
 2DIAGNOSTIC,     2, -4.765386079066e-01, 1.797693134862e+308, 5.9435e+00, 2.9089e-01, 
 2DIAGNOSTIC,     3, -4.767137851315e-01, 1.797693134862e+308, 6.2539e+00, 3.1043e-01, 
 2DIAGNOSTIC,     4, -4.768182868959e-01, 1.797693134862e+308, 6.5722e+00, 3.1823e-01, 
 2DIAGNOSTIC,     5, -4.768623464498e-01, 1.797693134862e+308, 6.9149e+00, 3.4277e-01, 
 2DIAGNOSTIC,     6, -4.768625337247e-01, 1.797693134862e+308, 7.1944e+00, 2.7945e-01, 
 2DIAGNOSTIC,     7, -4.769120228679e-01, 1.797693134862e+308, 7.5229e+00, 3.2853e-01, 
 2DIAGNOSTIC,     8, -4.770506578475e-01, 1.797693134862e+308, 7.8190e+00, 2.9608e-01, 
 2DIAGNOSTIC,     9, -4.774656433815e-01, 1.797693134862e+308, 8.0992e+00, 2.8022e-01, 
 2DIAGNOSTIC,    10, -4.776321850449e-01, 1.465079819117e-04, 8.5413e+00, 4.4213e-01, 
 2DIAGNOSTIC,    11, -4.776893622566e-01, 1.385116529166e-04, 8.8784e+00, 3.3704e-01, 
 2DIAGNOSTIC,    12, -4.777327193586e-01, 1.329694672122e-04, 9.1466e+00, 2.6823e-01, 
 2DIAGNOSTIC,    13, -4.778323141571e-01, 1.289036692531e-04, 9.4278e+00, 2.8117e-01, 
 2DIAGNOSTIC,    14, -4.782446209573e-01, 1.354883517981e-04, 9.8017e+00, 3.7393e-01, 
 2DIAGNOSTIC,    15, -4.782837958211e-01, 1.318759884881e-04, 1.0082e+01, 2.8007e-01, 
 2DIAGNOSTIC,    16, -4.783099958900e-01, 1.182002611896e-04, 1.0350e+01, 2.6844e-01, 
 2DIAGNOSTIC,    17, -4.784810525034e-01, 1.034711655042e-04, 1.0612e+01, 2.6183e-01, 
 2DIAGNOSTIC,    18, -4.786755669128e-01, 9.147376322363e-05, 1.1065e+01, 4.5244e-01, 
 2DIAGNOSTIC,    19, -4.786766140038e-01, 8.502654462755e-05, 1.1385e+01, 3.2033e-01, 
 2DIAGNOSTIC,    20, -4.786820354455e-01, 7.669611858852e-05, 1.1705e+01, 3.2005e-01, 
 2DIAGNOSTIC,    21, -4.786815651323e-01, 6.401220712567e-05, 1.2002e+01, 2.9674e-01, 
 2DIAGNOSTIC,    22, -4.786917466433e-01, 4.807375197607e-05, 1.2292e+01, 2.9071e-01, 
 2DIAGNOSTIC,    23, -4.787032373657e-01, 3.164580388949e-05, 1.2555e+01, 2.6287e-01, 
 2DIAGNOSTIC,    24, -4.787256771386e-01, 2.455353336418e-05, 1.2851e+01, 2.9537e-01, 
 2DIAGNOSTIC,    25, -4.787551985394e-01, 1.757978763205e-05, 1.3143e+01, 2.9255e-01, 
 2DIAGNOSTIC,    26, -4.787782191596e-01, 1.066781237462e-05, 1.3400e+01, 2.5657e-01, 
 2DIAGNOSTIC,    27, -4.788170442548e-01, 7.878498393926e-06, 1.3968e+01, 5.6854e-01, 
 2DIAGNOSTIC,    28, -4.788173900580e-01, 8.782018306286e-06, 1.4300e+01, 3.3201e-01, 
 2DIAGNOSTIC,    29, -4.788153311465e-01, 8.886765467869e-06, 1.4615e+01, 3.1488e-01, 
 2DIAGNOSTIC,    30, -4.788139098988e-01, 8.334413943989e-06, 1.4921e+01, 3.0636e-01, 
 2DIAGNOSTIC,    31, -4.788132562078e-01, 7.099958351131e-06, 1.5231e+01, 3.0996e-01, 
 2DIAGNOSTIC,    32, -4.788125574252e-01, 5.537074086445e-06, 1.5602e+01, 3.7040e-01, 
 2DIAGNOSTIC,    33, -4.788118031717e-01, 3.830538442724e-06, 1.5863e+01, 2.6131e-01, 
 2DIAGNOSTIC,    34, -4.788102667873e-01, 2.319887534050e-06, 1.6129e+01, 2.6551e-01, 
 2DIAGNOSTIC,    35, -4.788111189797e-01, 1.277987850726e-06, 1.6424e+01, 2.9556e-01, 
DIAGNOSTIC,Iteration,metricValue,convergenceValue,ITERATION_TIME_INDEX,SINCE_LAST
 2DIAGNOSTIC,     1, -4.453632413929e-01, 1.797693134862e+308, 1.9131e+01, 2.7065e+00, 
 2DIAGNOSTIC,     2, -4.453905425445e-01, 1.797693134862e+308, 2.0888e+01, 1.7577e+00, 
 2DIAGNOSTIC,     3, -4.453947339940e-01, 1.797693134862e+308, 2.3636e+01, 2.7478e+00, 
 2DIAGNOSTIC,     4, -4.453955074460e-01, 1.797693134862e+308, 2.5511e+01, 1.8746e+00, 
 2DIAGNOSTIC,     5, -4.453950638048e-01, 1.797693134862e+308, 2.7323e+01, 1.8122e+00, 
 2DIAGNOSTIC,     6, -4.453939438356e-01, 1.797693134862e+308, 3.0054e+01, 2.7305e+00, 
 2DIAGNOSTIC,     7, -4.453938482735e-01, 1.797693134862e+308, 3.2396e+01, 2.3424e+00, 
 2DIAGNOSTIC,     8, -4.453938770864e-01, 1.797693134862e+308, 3.4277e+01, 1.8808e+00, 
 2DIAGNOSTIC,     9, -4.453937761974e-01, 1.797693134862e+308, 3.6059e+01, 1.7822e+00, 
 2DIAGNOSTIC,    10, -4.453936891291e-01, 5.204548773466e-06, 3.7678e+01, 1.6191e+00, 
 2DIAGNOSTIC,    11, -4.453936627196e-01, 2.916310733653e-06, 3.9775e+01, 2.0971e+00, 
 2DIAGNOSTIC,    12, -4.453936719507e-01, 2.453434064187e-06, 4.1835e+01, 2.0597e+00, 
 2DIAGNOSTIC,    13, -4.453933845422e-01, 2.268892970836e-06, 4.4311e+01, 2.4762e+00, 
 2DIAGNOSTIC,    14, -4.453933124479e-01, 2.159194417470e-06, 4.6363e+01, 2.0520e+00, 
 2DIAGNOSTIC,    15, -4.453932347728e-01, 2.053624319640e-06, 4.8197e+01, 1.8345e+00, 
 2DIAGNOSTIC,    16, -4.453931642114e-01, 1.919872062051e-06, 5.0279e+01, 2.0814e+00, 
 2DIAGNOSTIC,    17, -4.453931796412e-01, 1.805036212887e-06, 5.2128e+01, 1.8487e+00, 
 2DIAGNOSTIC,    18, -4.453931178210e-01, 1.708039779794e-06, 5.3951e+01, 1.8234e+00, 
 2DIAGNOSTIC,    19, -4.453928852489e-01, 1.615731139097e-06, 5.6003e+01, 2.0525e+00, 
 2DIAGNOSTIC,    20, -4.453929163680e-01, 1.536435932724e-06, 5.8051e+01, 2.0480e+00, 
 2DIAGNOSTIC,    21, -4.453928558572e-01, 1.466839395538e-06, 5.9861e+01, 1.8091e+00, 
 2DIAGNOSTIC,    22, -4.453927263624e-01, 1.404691292714e-06, 6.1916e+01, 2.0554e+00, 
 2DIAGNOSTIC,    23, -4.453927562482e-01, 1.344806616024e-06, 6.3942e+01, 2.0258e+00, 
 2DIAGNOSTIC,    24, -4.453926877171e-01, 1.289817884567e-06, 6.5612e+01, 1.6700e+00, 
 2DIAGNOSTIC,    25, -4.453927204048e-01, 1.241473367872e-06, 6.7239e+01, 1.6271e+00, 
 2DIAGNOSTIC,    26, -4.453927756333e-01, 1.199260536211e-06, 6.9269e+01, 2.0298e+00, 
 2DIAGNOSTIC,    27, -4.453927976619e-01, 1.163326785070e-06, 7.1103e+01, 1.8345e+00, 
 2DIAGNOSTIC,    28, -4.453927239556e-01, 1.128425556815e-06, 7.2678e+01, 1.5746e+00, 
 2DIAGNOSTIC,    29, -4.453926599409e-01, 1.090137371346e-06, 7.4291e+01, 1.6137e+00, 
 2DIAGNOSTIC,    30, -4.453927004858e-01, 1.056596077902e-06, 7.5931e+01, 1.6395e+00, 
 2DIAGNOSTIC,    31, -4.453926815050e-01, 1.023909086607e-06, 7.7733e+01, 1.8026e+00, 
  Elapsed time (stage 0): 7.8714e+01


Total elapsed time: 7.8717e+01
Info [verificarlo]: loaded backend libinterflop_ieee.so
Info [interflop-ieee]: load backend with:
Info [interflop-ieee]: debug = false
Info [interflop-ieee]: debug-binary = false
Info [interflop-ieee]: no-backend-name = false
Info [interflop-ieee]: print-new-line = false
Info [interflop-ieee]: print-subnormal-normalized = false
Info [interflop-ieee]: count-op = false
All_Command_lines_OK
Using double precision for computations.
=============================================================================
The composite transform comprises the following transforms (in order): 
  1. /home/mdugre/scratch/mri-registration-rp/datasets/ds004513/derivatives/mri-registration-rp/0001/antsRegistration-r7-p6/sub-s003/rigid_Composite.h5[0] (type = Euler3DTransform)
  2. /home/mdugre/scratch/mri-registration-rp/datasets/ds004513/derivatives/mri-registration-rp/0001/antsRegistration-r7-p6/sub-s003/rigid_Composite.h5[1] (type = Euler3DTransform)
  3. /home/mdugre/scratch/mri-registration-rp/datasets/ds004513/derivatives/mri-registration-rp/0001/antsRegistration-r7-p6/sub-s003/rigid_Composite.h5[2] (type = Euler3DTransform)
=============================================================================
  number of levels = 4
  fixed image: /templateflow/tpl-MNI152NLin2009cAsym/tpl-MNI152NLin2009cAsym_res-01_desc-brain_T1w.nii.gz
  moving image: /home/mdugre/scratch/mri-registration-rp/datasets/ds004513/derivatives/mri-registration-rp/antsBrainExtraction/sub-s003/BrainExtractionBrain.nii.gz
Dimension = 3
Number of stages = 1
Use histogram matching = false
Winsorize image intensities = true
  Lower quantile = 0.005
  Upper quantile = 0.995


Stage 1 State
   Image metric = MattesMI
     Fixed image = Image (0x4502530)
  RTTI typeinfo:   itk::Image<double, 3u>
  Reference Count: 2
  Modified Time: 1594
  Debug: Off
  Object Name: 
  Observers: 
    none
  Source: (none)
  Source output name: (none)
  Release Data: Off
  Data Released: False
  Global Release Data: Off
  PipelineMTime: 0
  UpdateMTime: 1203
  RealTimeStamp: 0 seconds 
  LargestPossibleRegion: 
    Dimension: 3
    Index: [0, 0, 0]
    Size: [193, 229, 193]
  BufferedRegion: 
    Dimension: 3
    Index: [0, 0, 0]
    Size: [193, 229, 193]
  RequestedRegion: 
    Dimension: 3
    Index: [0, 0, 0]
    Size: [193, 229, 193]
  Spacing: [1, 1, 1]
  Origin: [96, 132, -78]
  Direction: 
-1 0 0
0 -1 0
0 0 1

  IndexToPointMatrix: 
-1 0 0
0 -1 0
0 0 1

  PointToIndexMatrix: 
-1 0 0
0 -1 0
0 0 1

  Inverse Direction: 
-1 0 0
0 -1 0
0 0 1

  PixelContainer: 
    ImportImageContainer (0x45bb2a0)
      RTTI typeinfo:   itk::ImportImageContainer<unsigned long, double>
      Reference Count: 1
      Modified Time: 1200
      Debug: Off
      Object Name: 
      Observers: 
        none
      Pointer: 0x14c6aa0b5010
      Container manages memory: true
      Size: 8530021
      Capacity: 8530021

     Moving image = Image (0x45bde60)
  RTTI typeinfo:   itk::Image<double, 3u>
  Reference Count: 2
  Modified Time: 1595
  Debug: Off
  Object Name: 
  Observers: 
    none
  Source: (none)
  Source output name: (none)
  Release Data: Off
  Data Released: False
  Global Release Data: Off
  PipelineMTime: 0
  UpdateMTime: 1592
  RealTimeStamp: 0 seconds 
  LargestPossibleRegion: 
    Dimension: 3
    Index: [0, 0, 0]
    Size: [176, 240, 256]
  BufferedRegion: 
    Dimension: 3
    Index: [0, 0, 0]
    Size: [176, 240, 256]
  RequestedRegion: 
    Dimension: 3
    Index: [0, 0, 0]
    Size: [176, 240, 256]
  Spacing: [0.999999, 1, 1]
  Origin: [93.3499, 86.9368, -128.957]
  Direction: 
-0.999513 -0.0279216 -0.0139567
0.0279189 -0.99961 0.000389866
-0.0139622 2.01492e-08 0.999903

  IndexToPointMatrix: 
-0.999512 -0.0279216 -0.0139567
0.0279189 -0.99961 0.000389866
-0.0139621 2.01492e-08 0.999903

  PointToIndexMatrix: 
-0.999514 0.0279189 -0.0139622
-0.0279216 -0.99961 2.01716e-08
-0.0139567 0.000389866 0.999903

  Inverse Direction: 
-0.999513 0.0279189 -0.0139622
-0.0279216 -0.99961 2.01716e-08
-0.0139567 0.000389866 0.999903

  PixelContainer: 
    ImportImageContainer (0x45f1390)
      RTTI typeinfo:   itk::ImportImageContainer<unsigned long, double>
      Reference Count: 1
      Modified Time: 1589
      Debug: Off
      Object Name: 
      Observers: 
        none
      Pointer: 0x14c6a4e34010
      Container manages memory: true
      Size: 10813440
      Capacity: 10813440

     Weighting = 1
     Sampling strategy = regular
     Number of bins = 32
     Radius = 4
     Sampling percentage  = 0.25
   Transform = Affine
     Gradient step = 0.1
     Update field sigma (voxel space) = 0
     Total field sigma (voxel space) = 0
     Update field time sigma = 0
     Total field time sigma  = 0
     Number of time indices = 0
     Number of time point samples = 0
Registration using 1 total stages.

Stage 0
  iterations = 1000x500x250x100
  convergence threshold = 1e-06
  convergence window size = 10
  number of levels = 4
  using the Mattes MI metric (number of bins = 32, weight = 1, use gradient filter = 0)
  preprocessing:  winsorizing the image intensities
  Shrink factors (level 1 out of 4): [8, 8, 8]
  Shrink factors (level 2 out of 4): [4, 4, 4]
  Shrink factors (level 3 out of 4): [2, 2, 2]
  Shrink factors (level 4 out of 4): [1, 1, 1]
  smoothing sigmas per level: [3, 2, 1, 0]
  regular sampling (percentage = 0.25)

*** Running AffineTransform registration ***

DIAGNOSTIC,Iteration,metricValue,convergenceValue,ITERATION_TIME_INDEX,SINCE_LAST
 2DIAGNOSTIC,     1, -6.607157172114e-01, 1.797693134862e+308, 1.0083e+00, 1.0083e+00, 
 2DIAGNOSTIC,     2, -6.631863091480e-01, 1.797693134862e+308, 1.0139e+00, 5.6159e-03, 
 2DIAGNOSTIC,     3, -6.669921653855e-01, 1.797693134862e+308, 1.0204e+00, 6.4571e-03, 
 2DIAGNOSTIC,     4, -6.729280061216e-01, 1.797693134862e+308, 1.0260e+00, 5.5921e-03, 
 2DIAGNOSTIC,     5, -6.811632300991e-01, 1.797693134862e+308, 1.0312e+00, 5.2118e-03, 
 2DIAGNOSTIC,     6, -6.938413226775e-01, 1.797693134862e+308, 1.0366e+00, 5.3689e-03, 
 2DIAGNOSTIC,     7, -7.100140829663e-01, 1.797693134862e+308, 1.0444e+00, 7.8111e-03, 
 2DIAGNOSTIC,     8, -7.189845839850e-01, 1.797693134862e+308, 1.0516e+00, 7.2188e-03, 
 2DIAGNOSTIC,     9, -7.190273991198e-01, 1.797693134862e+308, 1.0588e+00, 7.2660e-03, 
 2DIAGNOSTIC,    10, -7.193307382925e-01, 6.723948441792e-03, 1.0657e+00, 6.8271e-03, 
 2DIAGNOSTIC,    11, -7.195773015079e-01, 5.772651483463e-03, 1.0730e+00, 7.3130e-03, 
 2DIAGNOSTIC,    12, -7.198610120937e-01, 4.554493334351e-03, 1.0798e+00, 6.8440e-03, 
 2DIAGNOSTIC,    13, -7.204327653988e-01, 3.254553053847e-03, 1.0859e+00, 6.0279e-03, 
 2DIAGNOSTIC,    14, -7.215360130200e-01, 2.059460062773e-03, 1.0927e+00, 6.8171e-03, 
 2DIAGNOSTIC,    15, -7.226338615986e-01, 1.092047689149e-03, 1.0986e+00, 5.9350e-03, 
 2DIAGNOSTIC,    16, -7.247388660905e-01, 5.139336186795e-04, 1.1072e+00, 8.6110e-03, 
 2DIAGNOSTIC,    17, -7.252515564719e-01, 3.484867802911e-04, 1.1172e+00, 9.9969e-03, 
 2DIAGNOSTIC,    18, -7.250937421804e-01, 3.678966193852e-04, 1.1230e+00, 5.7600e-03, 
 2DIAGNOSTIC,    19, -7.251385614097e-01, 3.535943015011e-04, 1.1295e+00, 6.5289e-03, 
 2DIAGNOSTIC,    20, -7.253428192558e-01, 3.179102889846e-04, 1.1357e+00, 6.2301e-03, 
 2DIAGNOSTIC,    21, -7.256043019289e-01, 2.653689502966e-04, 1.1419e+00, 6.1679e-03, 
 2DIAGNOSTIC,    22, -7.261011273106e-01, 2.072413560448e-04, 1.1489e+00, 6.9480e-03, 
 2DIAGNOSTIC,    23, -7.262482690696e-01, 1.477331176785e-04, 1.1551e+00, 6.2199e-03, 
 2DIAGNOSTIC,    24, -7.263159538064e-01, 9.924767831455e-05, 1.1610e+00, 5.9030e-03, 
 2DIAGNOSTIC,    25, -7.264716301102e-01, 6.474004918654e-05, 1.1685e+00, 7.4890e-03, 
 2DIAGNOSTIC,    26, -7.264610799203e-01, 5.879937584503e-05, 1.1752e+00, 6.7670e-03, 
 2DIAGNOSTIC,    27, -7.264967355058e-01, 5.602599146979e-05, 1.1814e+00, 6.1820e-03, 
 2DIAGNOSTIC,    28, -7.264397460310e-01, 4.525854878201e-05, 1.1901e+00, 8.7051e-03, 
 2DIAGNOSTIC,    29, -7.264420778025e-01, 3.180283092933e-05, 1.1963e+00, 6.1669e-03, 
 2DIAGNOSTIC,    30, -7.264458015873e-01, 1.909528955829e-05, 1.2025e+00, 6.2521e-03, 
 2DIAGNOSTIC,    31, -7.264544124454e-01, 8.821405275798e-06, 1.2094e+00, 6.9060e-03, 
 2DIAGNOSTIC,    32, -7.264651761311e-01, 4.760066096440e-06, 1.2170e+00, 7.5219e-03, 
 2DIAGNOSTIC,    33, -7.266913469112e-01, 5.098611681374e-06, 1.2245e+00, 7.5169e-03, 
 2DIAGNOSTIC,    34, -7.266662524328e-01, 5.406672730350e-06, 1.2341e+00, 9.6052e-03, 
 2DIAGNOSTIC,    35, -7.267858751330e-01, 8.436957762238e-06, 1.2399e+00, 5.7900e-03, 
 2DIAGNOSTIC,    36, -7.267987408048e-01, 1.058652636817e-05, 1.2459e+00, 5.9879e-03, 
 2DIAGNOSTIC,    37, -7.268167325309e-01, 1.228622774026e-05, 1.2518e+00, 5.8830e-03, 
 2DIAGNOSTIC,    38, -7.268407642302e-01, 1.244289023953e-05, 1.2603e+00, 8.5371e-03, 
 2DIAGNOSTIC,    39, -7.268527964942e-01, 1.162318004110e-05, 1.2678e+00, 7.5409e-03, 
 2DIAGNOSTIC,    40, -7.268564361385e-01, 9.907071102652e-06, 1.2737e+00, 5.8541e-03, 
 2DIAGNOSTIC,    41, -7.268940041458e-01, 7.870682618906e-06, 1.2804e+00, 6.6891e-03, 
 2DIAGNOSTIC,    42, -7.270127049272e-01, 6.420231735704e-06, 1.2874e+00, 7.0281e-03, 
 2DIAGNOSTIC,    43, -7.270211709677e-01, 6.650636166693e-06, 1.2944e+00, 7.0062e-03, 
 2DIAGNOSTIC,    44, -7.270295520744e-01, 6.142659861846e-06, 1.3019e+00, 7.4482e-03, 
 2DIAGNOSTIC,    45, -7.270374379555e-01, 6.277916710571e-06, 1.3081e+00, 6.2761e-03, 
 2DIAGNOSTIC,    46, -7.270473067828e-01, 6.061218149962e-06, 1.3145e+00, 6.3500e-03, 
 2DIAGNOSTIC,    47, -7.270623611312e-01, 5.596174064579e-06, 1.3222e+00, 7.7269e-03, 
 2DIAGNOSTIC,    48, -7.270728790158e-01, 4.961199731909e-06, 1.3286e+00, 6.3698e-03, 
 2DIAGNOSTIC,    49, -7.271955675734e-01, 5.045990490730e-06, 1.3348e+00, 6.2330e-03, 
 2DIAGNOSTIC,    50, -7.272432145616e-01, 5.089794991742e-06, 1.3417e+00, 6.8541e-03, 
 2DIAGNOSTIC,    51, -7.277222582128e-01, 8.685697549388e-06, 1.3490e+00, 7.3540e-03, 
 2DIAGNOSTIC,    52, -7.277603647730e-01, 1.247376840912e-05, 1.3557e+00, 6.6619e-03, 
 2DIAGNOSTIC,    53, -7.278044433363e-01, 1.540708721247e-05, 1.3631e+00, 7.4029e-03, 
