
##########################
# Experiment information #
##########################

EXPERIMENT_NAME: antsRegistration-r8-p16
VFC_BACKENDS: libinterflop_vprec.so --range-binary32=8 --precision-binary32=16 --range-binary64=8 --precision-binary64=16

SIF_IMG: /home/mdugre/projects/rrg-glatard/mdugre/containers/ants-vprec-no_metrics.simg

SUBJECT_ID: s014
INPUT_IMG: /home/mdugre/scratch/mri-registration-rp/datasets/ds004513/derivatives/mri-registration-rp/antsBrainExtraction/sub-s014/BrainExtractionBrain.nii.gz
OUTPUT_DIR: /home/mdugre/scratch/mri-registration-rp/datasets/ds004513/derivatives/mri-registration-rp/0001/antsRegistration-r8-p16/sub-s014

FIXED_IMG: /templateflow/tpl-MNI152NLin2009cAsym/tpl-MNI152NLin2009cAsym_res-01_desc-brain_T1w.nii.gz
DATA_DIR: /home/mdugre/scratch/mri-registration-rp/datasets/ds004513
TEMPLATEFLOW_DIR: /home/mdugre/projects/rrg-glatard/mdugre/templateflow
ITK_GLOBAL_DEFAULT_NUMBER_OF_THREADS: 16
##########################

Info [verificarlo]: loaded backend libinterflop_ieee.so
Info [interflop-ieee]: load backend with:
Info [interflop-ieee]: debug = false
Info [interflop-ieee]: debug-binary = false
Info [interflop-ieee]: no-backend-name = false
Info [interflop-ieee]: print-new-line = false
Info [interflop-ieee]: print-subnormal-normalized = false
Info [interflop-ieee]: count-op = false
All_Command_lines_OK
Using double precision for computations.
=============================================================================
The composite transform comprises the following transforms (in order): 
  1. Center of mass alignment using fixed image: /templateflow/tpl-MNI152NLin2009cAsym/tpl-MNI152NLin2009cAsym_res-01_desc-brain_T1w.nii.gz and moving image: /home/mdugre/scratch/mri-registration-rp/datasets/ds004513/derivatives/mri-registration-rp/antsBrainExtraction/sub-s014/BrainExtractionBrain.nii.gz (type = Euler3DTransform)
=============================================================================
  number of levels = 1
  fixed image: /templateflow/tpl-MNI152NLin2009cAsym/tpl-MNI152NLin2009cAsym_res-01_desc-brain_T1w.nii.gz
  moving image: /home/mdugre/scratch/mri-registration-rp/datasets/ds004513/derivatives/mri-registration-rp/antsBrainExtraction/sub-s014/BrainExtractionBrain.nii.gz
Dimension = 3
Number of stages = 1
Use histogram matching = false
Winsorize image intensities = true
  Lower quantile = 0.005
  Upper quantile = 0.995


Stage 1 State
   Image metric = MattesMI
     Fixed image = Image (0x4935e70)
  RTTI typeinfo:   itk::Image<double, 3u>
  Reference Count: 2
  Modified Time: 2334
  Debug: Off
  Object Name: 
  Observers: 
    none
  Source: (none)
  Source output name: (none)
  Release Data: Off
  Data Released: False
  Global Release Data: Off
  PipelineMTime: 0
  UpdateMTime: 1943
  RealTimeStamp: 0 seconds 
  LargestPossibleRegion: 
    Dimension: 3
    Index: [0, 0, 0]
    Size: [193, 229, 193]
  BufferedRegion: 
    Dimension: 3
    Index: [0, 0, 0]
    Size: [193, 229, 193]
  RequestedRegion: 
    Dimension: 3
    Index: [0, 0, 0]
    Size: [193, 229, 193]
  Spacing: [1, 1, 1]
  Origin: [96, 132, -78]
  Direction: 
-1 0 0
0 -1 0
0 0 1

  IndexToPointMatrix: 
-1 0 0
0 -1 0
0 0 1

  PointToIndexMatrix: 
-1 0 0
0 -1 0
0 0 1

  Inverse Direction: 
-1 0 0
0 -1 0
0 0 1

  PixelContainer: 
    ImportImageContainer (0x4942140)
      RTTI typeinfo:   itk::ImportImageContainer<unsigned long, double>
      Reference Count: 1
      Modified Time: 1940
      Debug: Off
      Object Name: 
      Observers: 
        none
      Pointer: 0x1543e1f75010
      Container manages memory: true
      Size: 8530021
      Capacity: 8530021

     Moving image = Image (0x493f310)
  RTTI typeinfo:   itk::Image<double, 3u>
  Reference Count: 2
  Modified Time: 2335
  Debug: Off
  Object Name: 
  Observers: 
    none
  Source: (none)
  Source output name: (none)
  Release Data: Off
  Data Released: False
  Global Release Data: Off
  PipelineMTime: 0
  UpdateMTime: 2332
  RealTimeStamp: 0 seconds 
  LargestPossibleRegion: 
    Dimension: 3
    Index: [0, 0, 0]
    Size: [160, 240, 256]
  BufferedRegion: 
    Dimension: 3
    Index: [0, 0, 0]
    Size: [160, 240, 256]
  RequestedRegion: 
    Dimension: 3
    Index: [0, 0, 0]
    Size: [160, 240, 256]
  Spacing: [0.999999, 1, 1]
  Origin: [84.1637, 106.709, -120.531]
  Direction: 
-0.999619 -0.0226874 -0.0157033
0.0226846 -0.999743 0.00035635
-0.0157073 -7.8229e-09 0.999877

  IndexToPointMatrix: 
-0.999619 -0.0226874 -0.0157033
0.0226845 -0.999743 0.00035635
-0.0157073 -7.8229e-09 0.999877

  PointToIndexMatrix: 
-0.99962 0.0226846 -0.0157073
-0.0226874 -0.999743 -7.83127e-09
-0.0157033 0.00035635 0.999877

  Inverse Direction: 
-0.999619 0.0226846 -0.0157073
-0.0226874 -0.999743 -7.83127e-09
-0.0157033 0.00035635 0.999877

  PixelContainer: 
    ImportImageContainer (0x4a6a610)
      RTTI typeinfo:   itk::ImportImageContainer<unsigned long, double>
      Reference Count: 1
      Modified Time: 2329
      Debug: Off
      Object Name: 
      Observers: 
        none
      Pointer: 0x1543dd474010
      Container manages memory: true
      Size: 9830400
      Capacity: 9830400

     Weighting = 1
     Sampling strategy = regular
     Number of bins = 32
     Radius = 4
     Sampling percentage  = 0.25
   Transform = Rigid
     Gradient step = 0.1
     Update field sigma (voxel space) = 0
     Total field sigma (voxel space) = 0
     Update field time sigma = 0
     Total field time sigma  = 0
     Number of time indices = 0
     Number of time point samples = 0
Registration using 1 total stages.

Stage 0
  iterations = 0
  convergence threshold = 1e-06
  convergence window size = 10
  number of levels = 1
  using the Mattes MI metric (number of bins = 32, weight = 1, use gradient filter = 0)
  preprocessing:  winsorizing the image intensities
  Shrink factors (level 1 out of 1): [1, 1, 1]
  smoothing sigmas per level: [0]
  regular sampling (percentage = 0.25)

*** Running Euler3DTransform registration ***

  Elapsed time (stage 0): 1.10473


Total elapsed time: 1.10692
Info [verificarlo]: loaded backend libinterflop_ieee.so
Info [interflop-ieee]: load backend with:
Info [interflop-ieee]: debug = false
Info [interflop-ieee]: debug-binary = false
Info [interflop-ieee]: no-backend-name = false
Info [interflop-ieee]: print-new-line = false
Info [interflop-ieee]: print-subnormal-normalized = false
Info [interflop-ieee]: count-op = false
All_Command_lines_OK
Using double precision for computations.
=============================================================================
The composite transform comprises the following transforms (in order): 
  1. /home/mdugre/scratch/mri-registration-rp/datasets/ds004513/derivatives/mri-registration-rp/0001/antsRegistration-r8-p16/sub-s014/align_Composite.h5[0] (type = Euler3DTransform)
  2. /home/mdugre/scratch/mri-registration-rp/datasets/ds004513/derivatives/mri-registration-rp/0001/antsRegistration-r8-p16/sub-s014/align_Composite.h5[1] (type = Euler3DTransform)
=============================================================================
  number of levels = 4
  fixed image: /templateflow/tpl-MNI152NLin2009cAsym/tpl-MNI152NLin2009cAsym_res-01_desc-brain_T1w.nii.gz
  moving image: /home/mdugre/scratch/mri-registration-rp/datasets/ds004513/derivatives/mri-registration-rp/antsBrainExtraction/sub-s014/BrainExtractionBrain.nii.gz
Dimension = 3
Number of stages = 1
Use histogram matching = false
Winsorize image intensities = true
  Lower quantile = 0.005
  Upper quantile = 0.995


Stage 1 State
   Image metric = MattesMI
     Fixed image = Image (0x4066530)
  RTTI typeinfo:   itk::Image<double, 3u>
  Reference Count: 2
  Modified Time: 1580
  Debug: Off
  Object Name: 
  Observers: 
    none
  Source: (none)
  Source output name: (none)
  Release Data: Off
  Data Released: False
  Global Release Data: Off
  PipelineMTime: 0
  UpdateMTime: 1189
  RealTimeStamp: 0 seconds 
  LargestPossibleRegion: 
    Dimension: 3
    Index: [0, 0, 0]
    Size: [193, 229, 193]
  BufferedRegion: 
    Dimension: 3
    Index: [0, 0, 0]
    Size: [193, 229, 193]
  RequestedRegion: 
    Dimension: 3
    Index: [0, 0, 0]
    Size: [193, 229, 193]
  Spacing: [1, 1, 1]
  Origin: [96, 132, -78]
  Direction: 
-1 0 0
0 -1 0
0 0 1

  IndexToPointMatrix: 
-1 0 0
0 -1 0
0 0 1

  PointToIndexMatrix: 
-1 0 0
0 -1 0
0 0 1

  Inverse Direction: 
-1 0 0
0 -1 0
0 0 1

  PixelContainer: 
    ImportImageContainer (0x4124d60)
      RTTI typeinfo:   itk::ImportImageContainer<unsigned long, double>
      Reference Count: 1
      Modified Time: 1186
      Debug: Off
      Object Name: 
      Observers: 
        none
      Pointer: 0x152b29ae8010
      Container manages memory: true
      Size: 8530021
      Capacity: 8530021

     Moving image = Image (0x4116f60)
  RTTI typeinfo:   itk::Image<double, 3u>
  Reference Count: 2
  Modified Time: 1581
  Debug: Off
  Object Name: 
  Observers: 
    none
  Source: (none)
  Source output name: (none)
  Release Data: Off
  Data Released: False
  Global Release Data: Off
  PipelineMTime: 0
  UpdateMTime: 1578
  RealTimeStamp: 0 seconds 
  LargestPossibleRegion: 
    Dimension: 3
    Index: [0, 0, 0]
    Size: [160, 240, 256]
  BufferedRegion: 
    Dimension: 3
    Index: [0, 0, 0]
    Size: [160, 240, 256]
  RequestedRegion: 
    Dimension: 3
    Index: [0, 0, 0]
    Size: [160, 240, 256]
  Spacing: [0.999999, 1, 1]
  Origin: [84.1637, 106.709, -120.531]
  Direction: 
-0.999619 -0.0226874 -0.0157033
0.0226846 -0.999743 0.00035635
-0.0157073 -7.8229e-09 0.999877

  IndexToPointMatrix: 
-0.999619 -0.0226874 -0.0157033
0.0226845 -0.999743 0.00035635
-0.0157073 -7.8229e-09 0.999877

  PointToIndexMatrix: 
-0.99962 0.0226846 -0.0157073
-0.0226874 -0.999743 -7.83127e-09
-0.0157033 0.00035635 0.999877

  Inverse Direction: 
-0.999619 0.0226846 -0.0157073
-0.0226874 -0.999743 -7.83127e-09
-0.0157033 0.00035635 0.999877

  PixelContainer: 
    ImportImageContainer (0x41086d0)
      RTTI typeinfo:   itk::ImportImageContainer<unsigned long, double>
      Reference Count: 1
      Modified Time: 1575
      Debug: Off
      Object Name: 
      Observers: 
        none
      Pointer: 0x152b24fe7010
      Container manages memory: true
      Size: 9830400
      Capacity: 9830400

     Weighting = 1
     Sampling strategy = regular
     Number of bins = 32
     Radius = 4
     Sampling percentage  = 0.25
   Transform = Rigid
     Gradient step = 0.1
     Update field sigma (voxel space) = 0
     Total field sigma (voxel space) = 0
     Update field time sigma = 0
     Total field time sigma  = 0
     Number of time indices = 0
     Number of time point samples = 0
Registration using 1 total stages.

Stage 0
  iterations = 1000x500x250x100
  convergence threshold = 1e-06
  convergence window size = 10
  number of levels = 4
  using the Mattes MI metric (number of bins = 32, weight = 1, use gradient filter = 0)
  preprocessing:  winsorizing the image intensities
  Shrink factors (level 1 out of 4): [8, 8, 8]
  Shrink factors (level 2 out of 4): [4, 4, 4]
  Shrink factors (level 3 out of 4): [2, 2, 2]
  Shrink factors (level 4 out of 4): [1, 1, 1]
  smoothing sigmas per level: [3, 2, 1, 0]
  regular sampling (percentage = 0.25)

*** Running Euler3DTransform registration ***

DIAGNOSTIC,Iteration,metricValue,convergenceValue,ITERATION_TIME_INDEX,SINCE_LAST
 2DIAGNOSTIC,     1, -4.770821406565e-01, 1.797693134862e+308, 8.5140e-01, 8.5140e-01, 
 2DIAGNOSTIC,     2, -4.784216133942e-01, 1.797693134862e+308, 8.5567e-01, 4.2710e-03, 
 2DIAGNOSTIC,     3, -4.807043200681e-01, 1.797693134862e+308, 8.6072e-01, 5.0569e-03, 
 2DIAGNOSTIC,     4, -4.840264478065e-01, 1.797693134862e+308, 8.6520e-01, 4.4761e-03, 
 2DIAGNOSTIC,     5, -4.883050305770e-01, 1.797693134862e+308, 8.6954e-01, 4.3359e-03, 
 2DIAGNOSTIC,     6, -4.953560426371e-01, 1.797693134862e+308, 8.7432e-01, 4.7798e-03, 
 2DIAGNOSTIC,     7, -5.007350570384e-01, 1.797693134862e+308, 8.7848e-01, 4.1599e-03, 
 2DIAGNOSTIC,     8, -5.013278569503e-01, 1.797693134862e+308, 8.8271e-01, 4.2381e-03, 
 2DIAGNOSTIC,     9, -5.085255256006e-01, 1.797693134862e+308, 8.8809e-01, 5.3730e-03, 
 2DIAGNOSTIC,    10, -5.161992633656e-01, 5.125196520979e-03, 8.9421e-01, 6.1190e-03, 
 2DIAGNOSTIC,    11, -5.167072941437e-01, 4.879252931146e-03, 8.9846e-01, 4.2491e-03, 
 2DIAGNOSTIC,    12, -5.203629876260e-01, 4.481282734468e-03, 9.0276e-01, 4.3089e-03, 
 2DIAGNOSTIC,    13, -5.229718709777e-01, 3.958672533579e-03, 9.0701e-01, 4.2500e-03, 
 2DIAGNOSTIC,    14, -5.250338110829e-01, 3.368007801723e-03, 9.1192e-01, 4.9050e-03, 
 2DIAGNOSTIC,    15, -5.272078697648e-01, 2.786121483392e-03, 9.1832e-01, 6.3970e-03, 
 2DIAGNOSTIC,    16, -5.275715603978e-01, 2.284098302165e-03, 9.2248e-01, 4.1599e-03, 
 2DIAGNOSTIC,    17, -5.282507656511e-01, 1.839921123742e-03, 9.2661e-01, 4.1318e-03, 
 2DIAGNOSTIC,    18, -5.289722876066e-01, 1.313912041899e-03, 9.3173e-01, 5.1169e-03, 
 2DIAGNOSTIC,    19, -5.292207410111e-01, 9.370568707357e-04, 9.3699e-01, 5.2679e-03, 
 2DIAGNOSTIC,    20, -5.294476960672e-01, 7.341365573344e-04, 9.4176e-01, 4.7660e-03, 
 2DIAGNOSTIC,    21, -5.294955840903e-01, 4.966190831870e-04, 9.4598e-01, 4.2191e-03, 
 2DIAGNOSTIC,    22, -5.295366245031e-01, 3.281311959322e-04, 9.5070e-01, 4.7240e-03, 
 2DIAGNOSTIC,    23, -5.295376311909e-01, 2.063244245650e-04, 9.5544e-01, 4.7359e-03, 
 2DIAGNOSTIC,    24, -5.295911249027e-01, 1.234508389535e-04, 9.6015e-01, 4.7069e-03, 
 2DIAGNOSTIC,    25, -5.296271130648e-01, 8.499150549826e-05, 9.6489e-01, 4.7410e-03, 
 2DIAGNOSTIC,    26, -5.296539599384e-01, 4.983583932663e-05, 9.6920e-01, 4.3101e-03, 
 2DIAGNOSTIC,    27, -5.297704229810e-01, 2.877322816047e-05, 9.7341e-01, 4.2109e-03, 
 2DIAGNOSTIC,    28, -5.299884954869e-01, 2.504887532839e-05, 9.7921e-01, 5.8048e-03, 
 2DIAGNOSTIC,    29, -5.300854192462e-01, 2.569611953317e-05, 9.8391e-01, 4.6940e-03, 
 2DIAGNOSTIC,    30, -5.300410324622e-01, 2.732899345341e-05, 9.8815e-01, 4.2410e-03, 
 2DIAGNOSTIC,    31, -5.300376932142e-01, 2.724560549348e-05, 9.9234e-01, 4.1969e-03, 
 2DIAGNOSTIC,    32, -5.301686264233e-01, 2.763232919658e-05, 9.9655e-01, 4.2071e-03, 
 2DIAGNOSTIC,    33, -5.303926738419e-01, 2.905769096894e-05, 1.0018e+00, 5.2271e-03, 
 2DIAGNOSTIC,    34, -5.304519664599e-01, 2.945835348145e-05, 1.0070e+00, 5.2040e-03, 
 2DIAGNOSTIC,    35, -5.305073139182e-01, 2.868169328180e-05, 1.0112e+00, 4.2331e-03, 
 2DIAGNOSTIC,    36, -5.305686017147e-01, 2.670517372845e-05, 1.0154e+00, 4.2090e-03, 
 2DIAGNOSTIC,    37, -5.306602858941e-01, 2.533264911961e-05, 1.0211e+00, 5.7099e-03, 
 2DIAGNOSTIC,    38, -5.306881156230e-01, 2.512162424552e-05, 1.0256e+00, 4.4510e-03, 
 2DIAGNOSTIC,    39, -5.307317416634e-01, 2.461885298320e-05, 1.0299e+00, 4.2791e-03, 
 2DIAGNOSTIC,    40, -5.308225091353e-01, 2.257034276145e-05, 1.0355e+00, 5.6760e-03, 
 2DIAGNOSTIC,    41, -5.308460424125e-01, 1.877385526209e-05, 1.0398e+00, 4.2551e-03, 
 2DIAGNOSTIC,    42, -5.308561837321e-01, 1.520831957607e-05, 1.0441e+00, 4.2939e-03, 
 2DIAGNOSTIC,    43, -5.308777649273e-01, 1.355835177574e-05, 1.0483e+00, 4.1871e-03, 
 2DIAGNOSTIC,    44, -5.309114036110e-01, 1.190613944728e-05, 1.0524e+00, 4.1661e-03, 
 2DIAGNOSTIC,    45, -5.310262965518e-01, 1.129423566943e-05, 1.0591e+00, 6.6662e-03, 
 2DIAGNOSTIC,    46, -5.310374074445e-01, 1.049838942319e-05, 1.0633e+00, 4.1800e-03, 
 2DIAGNOSTIC,    47, -5.310434720121e-01, 9.962263452536e-06, 1.0675e+00, 4.2281e-03, 
 2DIAGNOSTIC,    48, -5.310518853633e-01, 8.989886108420e-06, 1.0717e+00, 4.1871e-03, 
 2DIAGNOSTIC,    49, -5.310584329536e-01, 7.783359502279e-06, 1.0769e+00, 5.2171e-03, 
 2DIAGNOSTIC,    50, -5.310645817646e-01, 6.973833584039e-06, 1.0826e+00, 5.6391e-03, 
 2DIAGNOSTIC,    51, -5.310656430618e-01, 5.851695600464e-06, 1.0867e+00, 4.1630e-03, 
 2DIAGNOSTIC,    52, -5.310738190002e-01, 4.481863509809e-06, 1.0914e+00, 4.6880e-03, 
 2DIAGNOSTIC,    53, -5.310768127969e-01, 3.049471521455e-06, 1.0956e+00, 4.1728e-03, 
 2DIAGNOSTIC,    54, -5.310775506016e-01, 1.750844720188e-06, 1.0998e+00, 4.2250e-03, 
 2DIAGNOSTIC,    55, -5.310817434211e-01, 1.565716413104e-06, 1.1041e+00, 4.2739e-03, 
 2DIAGNOSTIC,    56, -5.310870994121e-01, 1.452195857506e-06, 1.1088e+00, 4.6909e-03, 
 2DIAGNOSTIC,    57, -5.310885232962e-01, 1.327089154873e-06, 1.1134e+00, 4.6570e-03, 
 2DIAGNOSTIC,    58, -5.310914487850e-01, 1.238639651058e-06, 1.1181e+00, 4.6849e-03, 
 2DIAGNOSTIC,    59, -5.311015678587e-01, 1.240623596587e-06, 1.1233e+00, 5.1398e-03, 
 2DIAGNOSTIC,    60, -5.311021904297e-01, 1.235244578932e-06, 1.1275e+00, 4.2570e-03, 
 2DIAGNOSTIC,    61, -5.311059901820e-01, 1.204917779107e-06, 1.1407e+00, 1.3147e-02, 
 2DIAGNOSTIC,    62, -5.311059901659e-01, 1.182103197373e-06, 1.1538e+00, 1.3103e-02, 
 2DIAGNOSTIC,    63, -5.311059901659e-01, 1.122797857755e-06, 1.1584e+00, 4.6659e-03, 
 2DIAGNOSTIC,    64, -5.311059901659e-01, 1.011506956430e-06, 1.1651e+00, 6.6400e-03, 
DIAGNOSTIC,Iteration,metricValue,convergenceValue,ITERATION_TIME_INDEX,SINCE_LAST
 2DIAGNOSTIC,     1, -4.295258231625e-01, 1.797693134862e+308, 1.9019e+00, 7.3686e-01, 
 2DIAGNOSTIC,     2, -4.302859640432e-01, 1.797693134862e+308, 1.9321e+00, 3.0170e-02, 
 2DIAGNOSTIC,     3, -4.309651196675e-01, 1.797693134862e+308, 1.9614e+00, 2.9313e-02, 
 2DIAGNOSTIC,     4, -4.317164347764e-01, 1.797693134862e+308, 1.9918e+00, 3.0414e-02, 
 2DIAGNOSTIC,     5, -4.325561938345e-01, 1.797693134862e+308, 2.0221e+00, 3.0313e-02, 
 2DIAGNOSTIC,     6, -4.341819580778e-01, 1.797693134862e+308, 2.0528e+00, 3.0685e-02, 
 2DIAGNOSTIC,     7, -4.354327949460e-01, 1.797693134862e+308, 2.0822e+00, 2.9344e-02, 
 2DIAGNOSTIC,     8, -4.367134834400e-01, 1.797693134862e+308, 2.1130e+00, 3.0870e-02, 
 2DIAGNOSTIC,     9, -4.377076816052e-01, 1.797693134862e+308, 2.1516e+00, 3.8592e-02, 
 2DIAGNOSTIC,    10, -4.379510214292e-01, 1.375954781895e-03, 2.1836e+00, 3.1962e-02, 
 2DIAGNOSTIC,    11, -4.381306699705e-01, 1.211218579669e-03, 2.2132e+00, 2.9631e-02, 
 2DIAGNOSTIC,    12, -4.403708091232e-01, 1.128184042330e-03, 2.2457e+00, 3.2500e-02, 
 2DIAGNOSTIC,    13, -4.435986505901e-01, 1.148562288768e-03, 2.2833e+00, 3.7605e-02, 
 2DIAGNOSTIC,    14, -4.436199448269e-01, 1.094787363467e-03, 2.3154e+00, 3.2099e-02, 
 2DIAGNOSTIC,    15, -4.445052017222e-01, 1.025845793319e-03, 2.3475e+00, 3.2062e-02, 
 2DIAGNOSTIC,    16, -4.479362667315e-01, 1.077370592528e-03, 2.3901e+00, 4.2561e-02, 
 2DIAGNOSTIC,    17, -4.481475950962e-01, 1.073587591139e-03, 2.4223e+00, 3.2214e-02, 
 2DIAGNOSTIC,    18, -4.482020490472e-01, 1.018146303883e-03, 2.4619e+00, 3.9589e-02, 
 2DIAGNOSTIC,    19, -4.481966708747e-01, 9.107728237640e-04, 2.5184e+00, 5.6511e-02, 
 2DIAGNOSTIC,    20, -4.481953336058e-01, 7.394369056430e-04, 2.5499e+00, 3.1578e-02, 
 2DIAGNOSTIC,    21, -4.481954334341e-01, 5.189437699695e-04, 2.5874e+00, 3.7491e-02, 
 2DIAGNOSTIC,    22, -4.482018534019e-01, 3.337448811925e-04, 2.6214e+00, 3.3963e-02, 
 2DIAGNOSTIC,    23, -4.481921491885e-01, 2.259319893813e-04, 2.6523e+00, 3.0899e-02, 
 2DIAGNOSTIC,    24, -4.482074312943e-01, 1.077320619652e-04, 2.6867e+00, 3.4364e-02, 
 2DIAGNOSTIC,    25, -4.482144439020e-01, 9.691655935791e-06, 2.7201e+00, 3.3473e-02, 
 2DIAGNOSTIC,    26, -4.482116709968e-01, 3.273679065829e-06, 2.7541e+00, 3.3960e-02, 
 2DIAGNOSTIC,    27, -4.482088353461e-01, 2.084625560894e-06, 2.7946e+00, 4.0542e-02, 
 2DIAGNOSTIC,    28, -4.482139219841e-01, 2.274303101298e-06, 2.8286e+00, 3.4001e-02, 
 2DIAGNOSTIC,    29, -4.482420866204e-01, 2.842584869434e-06, 2.8656e+00, 3.6936e-02, 
 2DIAGNOSTIC,    30, -4.482455732497e-01, 3.232685398959e-06, 2.9034e+00, 3.7831e-02, 
 2DIAGNOSTIC,    31, -4.482405886249e-01, 3.298137152316e-06, 2.9352e+00, 3.1748e-02, 
 2DIAGNOSTIC,    32, -4.482290914664e-01, 3.068920548958e-06, 2.9671e+00, 3.1968e-02, 
 2DIAGNOSTIC,    33, -4.482261087213e-01, 2.406543272680e-06, 3.0032e+00, 3.6045e-02, 
 2DIAGNOSTIC,    34, -4.482147421044e-01, 1.704267238431e-06, 3.0395e+00, 3.6354e-02, 
 2DIAGNOSTIC,    35, -4.482170221415e-01, 1.142410945509e-06, 3.0703e+00, 3.0738e-02, 
DIAGNOSTIC,Iteration,metricValue,convergenceValue,ITERATION_TIME_INDEX,SINCE_LAST
 2DIAGNOSTIC,     1, -3.932184618474e-01, 1.797693134862e+308, 4.2529e+00, 1.1826e+00, 
 2DIAGNOSTIC,     2, -3.933350080408e-01, 1.797693134862e+308, 4.5120e+00, 2.5910e-01, 
 2DIAGNOSTIC,     3, -3.934316047280e-01, 1.797693134862e+308, 4.7754e+00, 2.6339e-01, 
 2DIAGNOSTIC,     4, -3.934445201251e-01, 1.797693134862e+308, 5.0988e+00, 3.2343e-01, 
 2DIAGNOSTIC,     5, -3.934561040954e-01, 1.797693134862e+308, 5.3757e+00, 2.7686e-01, 
 2DIAGNOSTIC,     6, -3.934519587914e-01, 1.797693134862e+308, 5.6784e+00, 3.0272e-01, 
 2DIAGNOSTIC,     7, -3.934609783469e-01, 1.797693134862e+308, 5.9691e+00, 2.9074e-01, 
 2DIAGNOSTIC,     8, -3.934662065169e-01, 1.797693134862e+308, 6.2719e+00, 3.0278e-01, 
 2DIAGNOSTIC,     9, -3.934657227905e-01, 1.797693134862e+308, 6.5410e+00, 2.6915e-01, 
 2DIAGNOSTIC,    10, -3.934652654775e-01, 3.152003726029e-05, 7.0073e+00, 4.6629e-01, 
 2DIAGNOSTIC,    11, -3.934654510941e-01, 1.477511460213e-05, 7.2686e+00, 2.6123e-01, 
 2DIAGNOSTIC,    12, -3.934648700999e-01, 6.580331427489e-06, 7.5361e+00, 2.6751e-01, 
 2DIAGNOSTIC,    13, -3.934643181620e-01, 4.606065541771e-06, 7.7933e+00, 2.5722e-01, 
 2DIAGNOSTIC,    14, -3.934638001226e-01, 3.345436602603e-06, 8.0251e+00, 2.3185e-01, 
 2DIAGNOSTIC,    15, -3.934634290575e-01, 2.710370083758e-06, 8.2420e+00, 2.1683e-01, 
 2DIAGNOSTIC,    16, -3.934625528988e-01, 1.864556140888e-06, 8.5484e+00, 3.0643e-01, 
 2DIAGNOSTIC,    17, -3.934627931491e-01, 1.517172922766e-06, 8.8265e+00, 2.7808e-01, 
 2DIAGNOSTIC,    18, -3.934616481130e-01, 1.405024782547e-06, 9.0950e+00, 2.6854e-01, 
 2DIAGNOSTIC,    19, -3.934612447019e-01, 1.306027073038e-06, 9.3477e+00, 2.5267e-01, 
 2DIAGNOSTIC,    20, -3.934603216924e-01, 1.201002449921e-06, 9.7373e+00, 3.8958e-01, 
 2DIAGNOSTIC,    21, -3.934604180772e-01, 1.152650054258e-06, 1.0011e+01, 2.7383e-01, 
 2DIAGNOSTIC,    22, -3.934597593692e-01, 1.101366733543e-06, 1.0293e+01, 2.8194e-01, 
 2DIAGNOSTIC,    23, -3.934590999365e-01, 1.049398609253e-06, 1.0530e+01, 2.3684e-01, 
 2DIAGNOSTIC,    24, -3.934584993852e-01, 1.000310276632e-06, 1.0797e+01, 2.6747e-01, 
DIAGNOSTIC,Iteration,metricValue,convergenceValue,ITERATION_TIME_INDEX,SINCE_LAST
 2DIAGNOSTIC,     1, -3.660019237471e-01, 1.797693134862e+308, 1.3247e+01, 2.4492e+00, 
 2DIAGNOSTIC,     2, -3.661063447729e-01, 1.797693134862e+308, 1.4583e+01, 1.3362e+00, 
 2DIAGNOSTIC,     3, -3.661714049379e-01, 1.797693134862e+308, 1.6089e+01, 1.5066e+00, 
 2DIAGNOSTIC,     4, -3.661708553052e-01, 1.797693134862e+308, 1.8346e+01, 2.2562e+00, 
 2DIAGNOSTIC,     5, -3.661696512266e-01, 1.797693134862e+308, 1.9858e+01, 1.5122e+00, 
 2DIAGNOSTIC,     6, -3.661696342948e-01, 1.797693134862e+308, 2.4067e+01, 4.2094e+00, 
 2DIAGNOSTIC,     7, -3.661696342932e-01, 1.797693134862e+308, 2.8210e+01, 4.1434e+00, 
 2DIAGNOSTIC,     8, -3.661696342932e-01, 1.797693134862e+308, 2.9717e+01, 1.5065e+00, 
 2DIAGNOSTIC,     9, -3.661696342932e-01, 1.797693134862e+308, 3.1208e+01, 1.4912e+00, 
 2DIAGNOSTIC,    10, -3.661696342932e-01, 2.034947699529e-05, 3.2751e+01, 1.5427e+00, 
 2DIAGNOSTIC,    11, -3.661696342932e-01, 7.187794558591e-06, 3.4265e+01, 1.5139e+00, 
 2DIAGNOSTIC,    12, -3.661696342932e-01, 2.466672514037e-06, 3.5812e+01, 1.5470e+00, 
 2DIAGNOSTIC,    13, -3.661696342932e-01, 2.373246466625e-06, 3.7524e+01, 1.7120e+00, 
 2DIAGNOSTIC,    14, -3.661696342932e-01, 2.271299488529e-06, 3.9286e+01, 1.7627e+00, 
 2DIAGNOSTIC,    15, -3.661696342932e-01, 2.120749475448e-06, 4.0971e+01, 1.6850e+00, 
 2DIAGNOSTIC,    16, -3.661696342932e-01, 1.988197552760e-06, 4.2914e+01, 1.9427e+00, 
 2DIAGNOSTIC,    17, -3.661696342932e-01, 1.871240471976e-06, 4.4781e+01, 1.8673e+00, 
 2DIAGNOSTIC,    18, -3.661696342932e-01, 1.767279071911e-06, 4.6635e+01, 1.8539e+00, 
 2DIAGNOSTIC,    19, -3.661696342932e-01, 1.674261335731e-06, 4.8566e+01, 1.9305e+00, 
 2DIAGNOSTIC,    20, -3.661696342932e-01, 1.590545662788e-06, 5.0108e+01, 1.5419e+00, 
 2DIAGNOSTIC,    21, -3.661696342932e-01, 1.514803147439e-06, 5.1669e+01, 1.5612e+00, 
 2DIAGNOSTIC,    22, -3.661696342932e-01, 1.445946510172e-06, 5.3376e+01, 1.7069e+00, 
 2DIAGNOSTIC,    23, -3.661696342932e-01, 1.383077568695e-06, 5.5107e+01, 1.7310e+00, 
 2DIAGNOSTIC,    24, -3.661696342932e-01, 1.325447841573e-06, 5.6696e+01, 1.5892e+00, 
 2DIAGNOSTIC,    25, -3.661696342932e-01, 1.272428607431e-06, 5.8228e+01, 1.5317e+00, 
 2DIAGNOSTIC,    26, -3.661696342932e-01, 1.223487873590e-06, 5.9731e+01, 1.5030e+00, 
 2DIAGNOSTIC,    27, -3.661696342932e-01, 1.178172462889e-06, 6.1381e+01, 1.6498e+00, 
 2DIAGNOSTIC,    28, -3.661696342932e-01, 1.136093939216e-06, 6.3006e+01, 1.6250e+00, 
 2DIAGNOSTIC,    29, -3.661696342932e-01, 1.096917445015e-06, 6.4516e+01, 1.5099e+00, 
 2DIAGNOSTIC,    30, -3.661696342932e-01, 1.060352771275e-06, 6.6032e+01, 1.5165e+00, 
 2DIAGNOSTIC,    31, -3.661696342932e-01, 1.026147156150e-06, 6.7696e+01, 1.6638e+00, 
  Elapsed time (stage 0): 6.8516e+01


Total elapsed time: 6.8519e+01
Info [verificarlo]: loaded backend libinterflop_ieee.so
Info [interflop-ieee]: load backend with:
Info [interflop-ieee]: debug = false
Info [interflop-ieee]: debug-binary = false
Info [interflop-ieee]: no-backend-name = false
Info [interflop-ieee]: print-new-line = false
Info [interflop-ieee]: print-subnormal-normalized = false
Info [interflop-ieee]: count-op = false
All_Command_lines_OK
Using double precision for computations.
=============================================================================
The composite transform comprises the following transforms (in order): 
  1. /home/mdugre/scratch/mri-registration-rp/datasets/ds004513/derivatives/mri-registration-rp/0001/antsRegistration-r8-p16/sub-s014/rigid_Composite.h5[0] (type = Euler3DTransform)
  2. /home/mdugre/scratch/mri-registration-rp/datasets/ds004513/derivatives/mri-registration-rp/0001/antsRegistration-r8-p16/sub-s014/rigid_Composite.h5[1] (type = Euler3DTransform)
  3. /home/mdugre/scratch/mri-registration-rp/datasets/ds004513/derivatives/mri-registration-rp/0001/antsRegistration-r8-p16/sub-s014/rigid_Composite.h5[2] (type = Euler3DTransform)
=============================================================================
  number of levels = 4
  fixed image: /templateflow/tpl-MNI152NLin2009cAsym/tpl-MNI152NLin2009cAsym_res-01_desc-brain_T1w.nii.gz
  moving image: /home/mdugre/scratch/mri-registration-rp/datasets/ds004513/derivatives/mri-registration-rp/antsBrainExtraction/sub-s014/BrainExtractionBrain.nii.gz
Dimension = 3
Number of stages = 1
Use histogram matching = false
Winsorize image intensities = true
  Lower quantile = 0.005
  Upper quantile = 0.995


Stage 1 State
   Image metric = MattesMI
     Fixed image = Image (0x49217e0)
  RTTI typeinfo:   itk::Image<double, 3u>
  Reference Count: 2
  Modified Time: 1594
  Debug: Off
  Object Name: 
  Observers: 
    none
  Source: (none)
  Source output name: (none)
  Release Data: Off
  Data Released: False
  Global Release Data: Off
  PipelineMTime: 0
  UpdateMTime: 1203
  RealTimeStamp: 0 seconds 
  LargestPossibleRegion: 
    Dimension: 3
    Index: [0, 0, 0]
    Size: [193, 229, 193]
  BufferedRegion: 
    Dimension: 3
    Index: [0, 0, 0]
    Size: [193, 229, 193]
  RequestedRegion: 
    Dimension: 3
    Index: [0, 0, 0]
    Size: [193, 229, 193]
  Spacing: [1, 1, 1]
  Origin: [96, 132, -78]
  Direction: 
-1 0 0
0 -1 0
0 0 1

  IndexToPointMatrix: 
-1 0 0
0 -1 0
0 0 1

  PointToIndexMatrix: 
-1 0 0
0 -1 0
0 0 1

  Inverse Direction: 
-1 0 0
0 -1 0
0 0 1

  PixelContainer: 
    ImportImageContainer (0x49e1a20)
      RTTI typeinfo:   itk::ImportImageContainer<unsigned long, double>
      Reference Count: 1
      Modified Time: 1200
      Debug: Off
      Object Name: 
      Observers: 
        none
      Pointer: 0x14bb1f6bf010
      Container manages memory: true
      Size: 8530021
      Capacity: 8530021

     Moving image = Image (0x49dcd70)
  RTTI typeinfo:   itk::Image<double, 3u>
  Reference Count: 2
  Modified Time: 1595
  Debug: Off
  Object Name: 
  Observers: 
    none
  Source: (none)
  Source output name: (none)
  Release Data: Off
  Data Released: False
  Global Release Data: Off
  PipelineMTime: 0
  UpdateMTime: 1592
  RealTimeStamp: 0 seconds 
  LargestPossibleRegion: 
    Dimension: 3
    Index: [0, 0, 0]
    Size: [160, 240, 256]
  BufferedRegion: 
    Dimension: 3
    Index: [0, 0, 0]
    Size: [160, 240, 256]
  RequestedRegion: 
    Dimension: 3
    Index: [0, 0, 0]
    Size: [160, 240, 256]
  Spacing: [0.999999, 1, 1]
  Origin: [84.1637, 106.709, -120.531]
  Direction: 
-0.999619 -0.0226874 -0.0157033
0.0226846 -0.999743 0.00035635
-0.0157073 -7.8229e-09 0.999877

  IndexToPointMatrix: 
-0.999619 -0.0226874 -0.0157033
0.0226845 -0.999743 0.00035635
-0.0157073 -7.8229e-09 0.999877

  PointToIndexMatrix: 
-0.99962 0.0226846 -0.0157073
-0.0226874 -0.999743 -7.83127e-09
-0.0157033 0.00035635 0.999877

  Inverse Direction: 
-0.999619 0.0226846 -0.0157073
-0.0226874 -0.999743 -7.83127e-09
-0.0157033 0.00035635 0.999877

  PixelContainer: 
    ImportImageContainer (0x4994c90)
      RTTI typeinfo:   itk::ImportImageContainer<unsigned long, double>
      Reference Count: 1
      Modified Time: 1589
      Debug: Off
      Object Name: 
      Observers: 
        none
      Pointer: 0x14bb1abbe010
      Container manages memory: true
      Size: 9830400
      Capacity: 9830400

     Weighting = 1
     Sampling strategy = regular
     Number of bins = 32
     Radius = 4
     Sampling percentage  = 0.25
   Transform = Affine
     Gradient step = 0.1
     Update field sigma (voxel space) = 0
     Total field sigma (voxel space) = 0
     Update field time sigma = 0
     Total field time sigma  = 0
     Number of time indices = 0
     Number of time point samples = 0
Registration using 1 total stages.

Stage 0
  iterations = 1000x500x250x100
  convergence threshold = 1e-06
  convergence window size = 10
  number of levels = 4
  using the Mattes MI metric (number of bins = 32, weight = 1, use gradient filter = 0)
  preprocessing:  winsorizing the image intensities
  Shrink factors (level 1 out of 4): [8, 8, 8]
  Shrink factors (level 2 out of 4): [4, 4, 4]
  Shrink factors (level 3 out of 4): [2, 2, 2]
  Shrink factors (level 4 out of 4): [1, 1, 1]
  smoothing sigmas per level: [3, 2, 1, 0]
  regular sampling (percentage = 0.25)

*** Running AffineTransform registration ***

DIAGNOSTIC,Iteration,metricValue,convergenceValue,ITERATION_TIME_INDEX,SINCE_LAST
 2DIAGNOSTIC,     1, -5.242380907936e-01, 1.797693134862e+308, 1.0955e+00, 1.0955e+00, 
 2DIAGNOSTIC,     2, -5.261114165211e-01, 1.797693134862e+308, 1.1017e+00, 6.1510e-03, 
 2DIAGNOSTIC,     3, -5.292894720496e-01, 1.797693134862e+308, 1.1076e+00, 5.8699e-03, 
 2DIAGNOSTIC,     4, -5.347191809354e-01, 1.797693134862e+308, 1.1134e+00, 5.8589e-03, 
 2DIAGNOSTIC,     5, -5.447150256896e-01, 1.797693134862e+308, 1.1195e+00, 6.0461e-03, 
 2DIAGNOSTIC,     6, -6.476851129684e-01, 1.797693134862e+308, 1.1275e+00, 8.0211e-03, 
 2DIAGNOSTIC,     7, -7.279713063979e-01, 1.797693134862e+308, 1.1416e+00, 1.4156e-02, 
 2DIAGNOSTIC,     8, -7.278187071407e-01, 1.797693134862e+308, 1.1480e+00, 6.3589e-03, 
 2DIAGNOSTIC,     9, -7.279008646890e-01, 1.797693134862e+308, 1.1538e+00, 5.8370e-03, 
 2DIAGNOSTIC,    10, -7.280384859136e-01, 2.864626098342e-02, 1.1606e+00, 6.7952e-03, 
 2DIAGNOSTIC,    11, -7.281264372663e-01, 2.496119204561e-02, 1.1671e+00, 6.4270e-03, 
 2DIAGNOSTIC,    12, -7.281676128959e-01, 1.977714075715e-02, 1.1739e+00, 6.8772e-03, 
 2DIAGNOSTIC,    13, -7.283750773020e-01, 1.388466728429e-02, 1.1801e+00, 6.1820e-03, 
 2DIAGNOSTIC,    14, -7.286116426544e-01, 7.929131697125e-03, 1.1870e+00, 6.8610e-03, 
 2DIAGNOSTIC,    15, -7.289776279919e-01, 2.376786032940e-03, 1.1939e+00, 6.9051e-03, 
 2DIAGNOSTIC,    16, -7.294208980082e-01, 8.605322382696e-05, 1.2005e+00, 6.5641e-03, 
 2DIAGNOSTIC,    17, -7.303039783615e-01, 1.208807899252e-04, 1.2069e+00, 6.4430e-03, 
 2DIAGNOSTIC,    18, -7.321098418893e-01, 1.791118771101e-04, 1.2132e+00, 6.2780e-03, 
 2DIAGNOSTIC,    19, -7.341927952765e-01, 2.614851179368e-04, 1.2194e+00, 6.2461e-03, 
 2DIAGNOSTIC,    20, -7.380488115002e-01, 3.940756770085e-04, 1.2260e+00, 6.5420e-03, 
 2DIAGNOSTIC,    21, -7.450001311253e-01, 6.152650030597e-04, 1.2329e+00, 6.9220e-03, 
 2DIAGNOSTIC,    22, -7.589390009968e-01, 1.018499336827e-03, 1.2398e+00, 6.9220e-03, 
 2DIAGNOSTIC,    23, -7.683154120580e-01, 1.454736148909e-03, 1.2523e+00, 1.2460e-02, 
 2DIAGNOSTIC,    24, -7.689026508638e-01, 1.728439792700e-03, 1.2587e+00, 6.4690e-03, 
 2DIAGNOSTIC,    25, -7.704727091722e-01, 1.852130220565e-03, 1.2649e+00, 6.2039e-03, 
 2DIAGNOSTIC,    26, -7.721774140235e-01, 1.824901125799e-03, 1.2809e+00, 1.5944e-02, 
 2DIAGNOSTIC,    27, -7.728046740181e-01, 1.647279577341e-03, 1.2891e+00, 8.1730e-03, 
 2DIAGNOSTIC,    28, -7.728228169154e-01, 1.354108792084e-03, 1.2962e+00, 7.1449e-03, 
 2DIAGNOSTIC,    29, -7.729988836483e-01, 9.897841043603e-04, 1.3022e+00, 6.0480e-03, 
 2DIAGNOSTIC,    30, -7.736495172972e-01, 6.204841440054e-04, 1.3084e+00, 6.1231e-03, 
 2DIAGNOSTIC,    31, -7.750614343684e-01, 3.226141743055e-04, 1.3145e+00, 6.0971e-03, 
 2DIAGNOSTIC,    32, -7.788486116861e-01, 2.325255599914e-04, 1.3217e+00, 7.2010e-03, 
 2DIAGNOSTIC,    33, -7.952188262857e-01, 4.364808800577e-04, 1.3289e+00, 7.2381e-03, 
 2DIAGNOSTIC,    34, -8.125854424120e-01, 7.900421606765e-04, 1.3373e+00, 8.3480e-03, 
 2DIAGNOSTIC,    35, -8.160034966610e-01, 1.098916999379e-03, 1.3435e+00, 6.2759e-03, 
 2DIAGNOSTIC,    36, -8.197676981816e-01, 1.347506124493e-03, 1.3497e+00, 6.1998e-03, 
 2DIAGNOSTIC,    37, -8.249215391340e-01, 1.515225018519e-03, 1.3566e+00, 6.8569e-03, 
 2DIAGNOSTIC,    38, -8.410171393705e-01, 1.690020679649e-03, 1.3647e+00, 8.0690e-03, 
 2DIAGNOSTIC,    39, -8.436516226940e-01, 1.715601562044e-03, 1.3713e+00, 6.6431e-03, 
 2DIAGNOSTIC,    40, -8.437237352303e-01, 1.587074938641e-03, 1.3778e+00, 6.5169e-03, 
 2DIAGNOSTIC,    41, -8.437580783867e-01, 1.333875343440e-03, 1.3852e+00, 7.3411e-03, 
 2DIAGNOSTIC,    42, -8.436384916069e-01, 9.982258016786e-04, 1.3920e+00, 6.8281e-03, 
 2DIAGNOSTIC,    43, -8.435626801936e-01, 7.244560639689e-04, 1.3990e+00, 6.9799e-03, 
 2DIAGNOSTIC,    44, -8.437965155800e-01, 5.480609510302e-04, 1.4066e+00, 7.5991e-03, 
 2DIAGNOSTIC,    45, -8.436478364403e-01, 3.576895718969e-04, 1.4124e+00, 5.8632e-03, 
 2DIAGNOSTIC,    46, -8.435632280398e-01, 1.737692794770e-04, 1.4183e+00, 5.8730e-03, 
 2DIAGNOSTIC,    47, -8.434304273153e-01, 1.920640962022e-05, 1.4258e+00, 7.5102e-03, 
DIAGNOSTIC,Iteration,metricValue,convergenceValue,ITERATION_TIME_INDEX,SINCE_LAST
 2DIAGNOSTIC,     1, -6.895594147110e-01, 1.797693134862e+308, 2.1497e+00, 7.2393e-01, 
 2DIAGNOSTIC,     2, -6.903235820407e-01, 1.797693134862e+308, 2.1877e+00, 3.7943e-02, 
 2DIAGNOSTIC,     3, -6.907864327200e-01, 1.797693134862e+308, 2.2257e+00, 3.7986e-02, 
 2DIAGNOSTIC,     4, -6.909973804219e-01, 1.797693134862e+308, 2.2631e+00, 3.7436e-02, 
 2DIAGNOSTIC,     5, -6.911892982927e-01, 1.797693134862e+308, 2.3012e+00, 3.8117e-02, 
 2DIAGNOSTIC,     6, -6.916913437683e-01, 1.797693134862e+308, 2.3520e+00, 5.0802e-02, 
 2DIAGNOSTIC,     7, -6.917304862196e-01, 1.797693134862e+308, 2.3900e+00, 3.7930e-02, 
 2DIAGNOSTIC,     8, -6.919425294543e-01, 1.797693134862e+308, 2.4279e+00, 3.7961e-02, 
 2DIAGNOSTIC,     9, -6.926006049469e-01, 1.797693134862e+308, 2.4849e+00, 5.6973e-02, 
 2DIAGNOSTIC,    10, -6.928459176765e-01, 2.709030529232e-04, 2.5274e+00, 4.2491e-02, 
 2DIAGNOSTIC,    11, -6.929171673667e-01, 2.224619697550e-04, 2.5652e+00, 3.7780e-02, 
 2DIAGNOSTIC,    12, -6.930017149625e-01, 1.915110954829e-04, 2.6032e+00, 3.8091e-02, 
 2DIAGNOSTIC,    13, -6.930993872700e-01, 1.660163874860e-04, 2.6402e+00, 3.6959e-02, 
 2DIAGNOSTIC,    14, -6.932034998938e-01, 1.382000304093e-04, 2.6780e+00, 3.7762e-02, 
 2DIAGNOSTIC,    15, -6.934178873038e-01, 1.123285001825e-04, 2.7196e+00, 4.1611e-02, 
 2DIAGNOSTIC,    16, -6.934939717723e-01, 9.459656880026e-05, 2.7726e+00, 5.3066e-02, 
 2DIAGNOSTIC,    17, -6.934813840289e-01, 7.121450586636e-05, 2.8107e+00, 3.8049e-02, 
 2DIAGNOSTIC,    18, -6.934965041453e-01, 4.893031947704e-05, 2.8508e+00, 4.0077e-02, 
 2DIAGNOSTIC,    19, -6.935376746791e-01, 3.958226765730e-05, 2.8904e+00, 3.9586e-02, 
 2DIAGNOSTIC,    20, -6.936597913052e-01, 3.508873177310e-05, 2.9595e+00, 6.9102e-02, 
 2DIAGNOSTIC,    21, -6.936680748513e-01, 2.937354635321e-05, 3.0032e+00, 4.3726e-02, 
 2DIAGNOSTIC,    22, -6.936444839626e-01, 2.278488720216e-05, 3.0463e+00, 4.3137e-02, 
 2DIAGNOSTIC,    23, -6.936495294626e-01, 1.666462490070e-05, 3.0897e+00, 4.3336e-02, 
 2DIAGNOSTIC,    24, -6.936279986649e-01, 1.091639904837e-05, 3.1389e+00, 4.9284e-02, 
 2DIAGNOSTIC,    25, -6.936318411123e-01, 8.244021351377e-06, 3.1930e+00, 5.4046e-02, 
 2DIAGNOSTIC,    26, -6.936124334409e-01, 6.023088098557e-06, 3.2429e+00, 4.9920e-02, 
 2DIAGNOSTIC,    27, -6.936012223941e-01, 3.193649305656e-06, 3.2968e+00, 5.3891e-02, 
DIAGNOSTIC,Iteration,metricValue,convergenceValue,ITERATION_TIME_INDEX,SINCE_LAST
 2DIAGNOSTIC,     1, -5.886862209617e-01, 1.797693134862e+308, 4.5108e+00, 1.2140e+00, 
 2DIAGNOSTIC,     2, -5.892793624128e-01, 1.797693134862e+308, 4.7977e+00, 2.8696e-01, 
 2DIAGNOSTIC,     3, -5.899919669735e-01, 1.797693134862e+308, 5.1402e+00, 3.4242e-01, 
 2DIAGNOSTIC,     4, -5.908210985982e-01, 1.797693134862e+308, 5.4767e+00, 3.3655e-01, 
 2DIAGNOSTIC,     5, -5.919030580391e-01, 1.797693134862e+308, 5.8744e+00, 3.9769e-01, 
 2DIAGNOSTIC,     6, -5.938205009485e-01, 1.797693134862e+308, 6.3682e+00, 4.9375e-01, 
 2DIAGNOSTIC,     7, -5.938310320429e-01, 1.797693134862e+308, 6.7880e+00, 4.1986e-01, 
 2DIAGNOSTIC,     8, -5.938287481491e-01, 1.797693134862e+308, 7.1101e+00, 3.2208e-01, 
 2DIAGNOSTIC,     9, -5.938272217721e-01, 1.797693134862e+308, 7.7118e+00, 6.0169e-01, 
 2DIAGNOSTIC,    10, -5.938287714815e-01, 6.528286277510e-04, 8.1685e+00, 4.5673e-01, 
 2DIAGNOSTIC,    11, -5.938263440954e-01, 4.789394307429e-04, 8.6294e+00, 4.6085e-01, 
 2DIAGNOSTIC,    12, -5.938256176659e-01, 3.151183812968e-04, 9.0319e+00, 4.0249e-01, 
 2DIAGNOSTIC,    13, -5.938247583190e-01, 1.753794743375e-04, 9.4019e+00, 3.7005e-01, 
 2DIAGNOSTIC,    14, -5.938238011582e-01, 6.805390145005e-05, 9.7364e+00, 3.3448e-01, 
 2DIAGNOSTIC,    15, -5.938230316633e-01, 1.877669949857e-06, 1.0070e+01, 3.3345e-01, 
 2DIAGNOSTIC,    16, -5.938238085087e-01, 1.494096845231e-06, 1.0468e+01, 3.9860e-01, 
 2DIAGNOSTIC,    17, -5.938230803261e-01, 1.479463285936e-06, 1.0813e+01, 3.4459e-01, 
 2DIAGNOSTIC,    18, -5.938239271444e-01, 1.466312690233e-06, 1.1191e+01, 3.7810e-01, 
 2DIAGNOSTIC,    19, -5.938237046988e-01, 1.436478229498e-06, 1.1542e+01, 3.5042e-01, 
 2DIAGNOSTIC,    20, -5.938233618618e-01, 1.462463745348e-06, 1.1862e+01, 3.2010e-01, 
 2DIAGNOSTIC,    21, -5.938221663670e-01, 1.415627236150e-06, 1.2174e+01, 3.1257e-01, 
 2DIAGNOSTIC,    22, -5.938221981461e-01, 1.368107477175e-06, 1.2497e+01, 3.2257e-01, 
 2DIAGNOSTIC,    23, -5.938222274087e-01, 1.314882270592e-06, 1.2819e+01, 3.2225e-01, 
 2DIAGNOSTIC,    24, -5.938222544646e-01, 1.254118971575e-06, 1.3248e+01, 4.2891e-01, 
 2DIAGNOSTIC,    25, -5.938212431215e-01, 1.170827777557e-06, 1.3552e+01, 3.0399e-01, 
 2DIAGNOSTIC,    26, -5.938191528047e-01, 1.080893514180e-06, 1.3866e+01, 3.1449e-01, 
DIAGNOSTIC,Iteration,metricValue,convergenceValue,ITERATION_TIME_INDEX,SINCE_LAST
 2DIAGNOSTIC,     1, -5.279120836313e-01, 1.797693134862e+308, 1.6818e+01, 2.9512e+00, 
 2DIAGNOSTIC,     2, -5.279805728795e-01, 1.797693134862e+308, 1.9201e+01, 2.3836e+00, 
 2DIAGNOSTIC,     3, -5.279810929329e-01, 1.797693134862e+308, 2.1703e+01, 2.5020e+00, 
 2DIAGNOSTIC,     4, -5.279802522026e-01, 1.797693134862e+308, 2.4099e+01, 2.3955e+00, 
 2DIAGNOSTIC,     5, -5.279799616396e-01, 1.797693134862e+308, 2.6108e+01, 2.0096e+00, 
