
##########################
# Experiment information #
##########################

EXPERIMENT_NAME: antsRegistration-r8-p23
VFC_BACKENDS: libinterflop_vprec.so --range-binary32=8 --precision-binary32=23 --range-binary64=8 --precision-binary64=23

SIF_IMG: /home/mdugre/projects/rrg-glatard/mdugre/containers/ants-vprec-no_metrics.simg

SUBJECT_ID: s033
INPUT_IMG: /home/mdugre/scratch/mri-registration-rp/datasets/ds004513/derivatives/mri-registration-rp/antsBrainExtraction/sub-s033/BrainExtractionBrain.nii.gz
OUTPUT_DIR: /home/mdugre/scratch/mri-registration-rp/datasets/ds004513/derivatives/mri-registration-rp/0001/antsRegistration-r8-p23/sub-s033

FIXED_IMG: /templateflow/tpl-MNI152NLin2009cAsym/tpl-MNI152NLin2009cAsym_res-01_desc-brain_T1w.nii.gz
DATA_DIR: /home/mdugre/scratch/mri-registration-rp/datasets/ds004513
TEMPLATEFLOW_DIR: /home/mdugre/projects/rrg-glatard/mdugre/templateflow
ITK_GLOBAL_DEFAULT_NUMBER_OF_THREADS: 16
##########################

Info [verificarlo]: loaded backend libinterflop_ieee.so
Info [interflop-ieee]: load backend with:
Info [interflop-ieee]: debug = false
Info [interflop-ieee]: debug-binary = false
Info [interflop-ieee]: no-backend-name = false
Info [interflop-ieee]: print-new-line = false
Info [interflop-ieee]: print-subnormal-normalized = false
Info [interflop-ieee]: count-op = false
All_Command_lines_OK
Using double precision for computations.
=============================================================================
The composite transform comprises the following transforms (in order): 
  1. Center of mass alignment using fixed image: /templateflow/tpl-MNI152NLin2009cAsym/tpl-MNI152NLin2009cAsym_res-01_desc-brain_T1w.nii.gz and moving image: /home/mdugre/scratch/mri-registration-rp/datasets/ds004513/derivatives/mri-registration-rp/antsBrainExtraction/sub-s033/BrainExtractionBrain.nii.gz (type = Euler3DTransform)
=============================================================================
  number of levels = 1
  fixed image: /templateflow/tpl-MNI152NLin2009cAsym/tpl-MNI152NLin2009cAsym_res-01_desc-brain_T1w.nii.gz
  moving image: /home/mdugre/scratch/mri-registration-rp/datasets/ds004513/derivatives/mri-registration-rp/antsBrainExtraction/sub-s033/BrainExtractionBrain.nii.gz
Dimension = 3
Number of stages = 1
Use histogram matching = false
Winsorize image intensities = true
  Lower quantile = 0.005
  Upper quantile = 0.995


Stage 1 State
   Image metric = MattesMI
     Fixed image = Image (0x342de70)
  RTTI typeinfo:   itk::Image<double, 3u>
  Reference Count: 2
  Modified Time: 2330
  Debug: Off
  Object Name: 
  Observers: 
    none
  Source: (none)
  Source output name: (none)
  Release Data: Off
  Data Released: False
  Global Release Data: Off
  PipelineMTime: 0
  UpdateMTime: 1941
  RealTimeStamp: 0 seconds 
  LargestPossibleRegion: 
    Dimension: 3
    Index: [0, 0, 0]
    Size: [193, 229, 193]
  BufferedRegion: 
    Dimension: 3
    Index: [0, 0, 0]
    Size: [193, 229, 193]
  RequestedRegion: 
    Dimension: 3
    Index: [0, 0, 0]
    Size: [193, 229, 193]
  Spacing: [1, 1, 1]
  Origin: [96, 132, -78]
  Direction: 
-1 0 0
0 -1 0
0 0 1

  IndexToPointMatrix: 
-1 0 0
0 -1 0
0 0 1

  PointToIndexMatrix: 
-1 0 0
0 -1 0
0 0 1

  Inverse Direction: 
-1 0 0
0 -1 0
0 0 1

  PixelContainer: 
    ImportImageContainer (0x3436c60)
      RTTI typeinfo:   itk::ImportImageContainer<unsigned long, double>
      Reference Count: 1
      Modified Time: 1938
      Debug: Off
      Object Name: 
      Observers: 
        none
      Pointer: 0x14dfd86bf010
      Container manages memory: true
      Size: 8530021
      Capacity: 8530021

     Moving image = Image (0x3430540)
  RTTI typeinfo:   itk::Image<double, 3u>
  Reference Count: 2
  Modified Time: 2331
  Debug: Off
  Object Name: 
  Observers: 
    none
  Source: (none)
  Source output name: (none)
  Release Data: Off
  Data Released: False
  Global Release Data: Off
  PipelineMTime: 0
  UpdateMTime: 2328
  RealTimeStamp: 0 seconds 
  LargestPossibleRegion: 
    Dimension: 3
    Index: [0, 0, 0]
    Size: [160, 240, 256]
  BufferedRegion: 
    Dimension: 3
    Index: [0, 0, 0]
    Size: [160, 240, 256]
  RequestedRegion: 
    Dimension: 3
    Index: [0, 0, 0]
    Size: [160, 240, 256]
  Spacing: [1, 1, 1]
  Origin: [91.5134, 94.282, -109.927]
  Direction: 
-0.99591 -0.0698718 -0.0572835
0.0697565 -0.997556 0.00401236
-0.0574239 5.01125e-08 0.99835

  IndexToPointMatrix: 
-0.99591 -0.0698718 -0.0572835
0.0697565 -0.997556 0.00401236
-0.0574239 5.01125e-08 0.99835

  PointToIndexMatrix: 
-0.99591 0.0697565 -0.0574239
-0.0698718 -0.997556 5.01483e-08
-0.0572835 0.00401236 0.99835

  Inverse Direction: 
-0.99591 0.0697565 -0.0574239
-0.0698718 -0.997556 5.01483e-08
-0.0572835 0.00401236 0.99835

  PixelContainer: 
    ImportImageContainer (0x3542610)
      RTTI typeinfo:   itk::ImportImageContainer<unsigned long, double>
      Reference Count: 1
      Modified Time: 2325
      Debug: Off
      Object Name: 
      Observers: 
        none
      Pointer: 0x14dfd3bbe010
      Container manages memory: true
      Size: 9830400
      Capacity: 9830400

     Weighting = 1
     Sampling strategy = regular
     Number of bins = 32
     Radius = 4
     Sampling percentage  = 0.25
   Transform = Rigid
     Gradient step = 0.1
     Update field sigma (voxel space) = 0
     Total field sigma (voxel space) = 0
     Update field time sigma = 0
     Total field time sigma  = 0
     Number of time indices = 0
     Number of time point samples = 0
Registration using 1 total stages.

Stage 0
  iterations = 0
  convergence threshold = 1e-06
  convergence window size = 10
  number of levels = 1
  using the Mattes MI metric (number of bins = 32, weight = 1, use gradient filter = 0)
  preprocessing:  winsorizing the image intensities
  Shrink factors (level 1 out of 1): [1, 1, 1]
  smoothing sigmas per level: [0]
  regular sampling (percentage = 0.25)

*** Running Euler3DTransform registration ***

  Elapsed time (stage 0): 1.10027


Total elapsed time: 1.10227
Info [verificarlo]: loaded backend libinterflop_ieee.so
Info [interflop-ieee]: load backend with:
Info [interflop-ieee]: debug = false
Info [interflop-ieee]: debug-binary = false
Info [interflop-ieee]: no-backend-name = false
Info [interflop-ieee]: print-new-line = false
Info [interflop-ieee]: print-subnormal-normalized = false
Info [interflop-ieee]: count-op = false
All_Command_lines_OK
Using double precision for computations.
=============================================================================
The composite transform comprises the following transforms (in order): 
  1. /home/mdugre/scratch/mri-registration-rp/datasets/ds004513/derivatives/mri-registration-rp/0001/antsRegistration-r8-p23/sub-s033/align_Composite.h5[0] (type = Euler3DTransform)
  2. /home/mdugre/scratch/mri-registration-rp/datasets/ds004513/derivatives/mri-registration-rp/0001/antsRegistration-r8-p23/sub-s033/align_Composite.h5[1] (type = Euler3DTransform)
=============================================================================
  number of levels = 4
  fixed image: /templateflow/tpl-MNI152NLin2009cAsym/tpl-MNI152NLin2009cAsym_res-01_desc-brain_T1w.nii.gz
  moving image: /home/mdugre/scratch/mri-registration-rp/datasets/ds004513/derivatives/mri-registration-rp/antsBrainExtraction/sub-s033/BrainExtractionBrain.nii.gz
Dimension = 3
Number of stages = 1
Use histogram matching = false
Winsorize image intensities = true
  Lower quantile = 0.005
  Upper quantile = 0.995


Stage 1 State
   Image metric = MattesMI
     Fixed image = Image (0x5251530)
  RTTI typeinfo:   itk::Image<double, 3u>
  Reference Count: 2
  Modified Time: 1578
  Debug: Off
  Object Name: 
  Observers: 
    none
  Source: (none)
  Source output name: (none)
  Release Data: Off
  Data Released: False
  Global Release Data: Off
  PipelineMTime: 0
  UpdateMTime: 1189
  RealTimeStamp: 0 seconds 
  LargestPossibleRegion: 
    Dimension: 3
    Index: [0, 0, 0]
    Size: [193, 229, 193]
  BufferedRegion: 
    Dimension: 3
    Index: [0, 0, 0]
    Size: [193, 229, 193]
  RequestedRegion: 
    Dimension: 3
    Index: [0, 0, 0]
    Size: [193, 229, 193]
  Spacing: [1, 1, 1]
  Origin: [96, 132, -78]
  Direction: 
-1 0 0
0 -1 0
0 0 1

  IndexToPointMatrix: 
-1 0 0
0 -1 0
0 0 1

  PointToIndexMatrix: 
-1 0 0
0 -1 0
0 0 1

  Inverse Direction: 
-1 0 0
0 -1 0
0 0 1

  PixelContainer: 
    ImportImageContainer (0x530fd60)
      RTTI typeinfo:   itk::ImportImageContainer<unsigned long, double>
      Reference Count: 1
      Modified Time: 1186
      Debug: Off
      Object Name: 
      Observers: 
        none
      Pointer: 0x148bbe073010
      Container manages memory: true
      Size: 8530021
      Capacity: 8530021

     Moving image = Image (0x5301f60)
  RTTI typeinfo:   itk::Image<double, 3u>
  Reference Count: 2
  Modified Time: 1579
  Debug: Off
  Object Name: 
  Observers: 
    none
  Source: (none)
  Source output name: (none)
  Release Data: Off
  Data Released: False
  Global Release Data: Off
  PipelineMTime: 0
  UpdateMTime: 1576
  RealTimeStamp: 0 seconds 
  LargestPossibleRegion: 
    Dimension: 3
    Index: [0, 0, 0]
    Size: [160, 240, 256]
  BufferedRegion: 
    Dimension: 3
    Index: [0, 0, 0]
    Size: [160, 240, 256]
  RequestedRegion: 
    Dimension: 3
    Index: [0, 0, 0]
    Size: [160, 240, 256]
  Spacing: [1, 1, 1]
  Origin: [91.5134, 94.282, -109.927]
  Direction: 
-0.99591 -0.0698718 -0.0572835
0.0697565 -0.997556 0.00401236
-0.0574239 5.01125e-08 0.99835

  IndexToPointMatrix: 
-0.99591 -0.0698718 -0.0572835
0.0697565 -0.997556 0.00401236
-0.0574239 5.01125e-08 0.99835

  PointToIndexMatrix: 
-0.99591 0.0697565 -0.0574239
-0.0698718 -0.997556 5.01483e-08
-0.0572835 0.00401236 0.99835

  Inverse Direction: 
-0.99591 0.0697565 -0.0574239
-0.0698718 -0.997556 5.01483e-08
-0.0572835 0.00401236 0.99835

  PixelContainer: 
    ImportImageContainer (0x52f36d0)
      RTTI typeinfo:   itk::ImportImageContainer<unsigned long, double>
      Reference Count: 1
      Modified Time: 1573
      Debug: Off
      Object Name: 
      Observers: 
        none
      Pointer: 0x148bb9572010
      Container manages memory: true
      Size: 9830400
      Capacity: 9830400

     Weighting = 1
     Sampling strategy = regular
     Number of bins = 32
     Radius = 4
     Sampling percentage  = 0.25
   Transform = Rigid
     Gradient step = 0.1
     Update field sigma (voxel space) = 0
     Total field sigma (voxel space) = 0
     Update field time sigma = 0
     Total field time sigma  = 0
     Number of time indices = 0
     Number of time point samples = 0
Registration using 1 total stages.

Stage 0
  iterations = 1000x500x250x100
  convergence threshold = 1e-06
  convergence window size = 10
  number of levels = 4
  using the Mattes MI metric (number of bins = 32, weight = 1, use gradient filter = 0)
  preprocessing:  winsorizing the image intensities
  Shrink factors (level 1 out of 4): [8, 8, 8]
  Shrink factors (level 2 out of 4): [4, 4, 4]
  Shrink factors (level 3 out of 4): [2, 2, 2]
  Shrink factors (level 4 out of 4): [1, 1, 1]
  smoothing sigmas per level: [3, 2, 1, 0]
  regular sampling (percentage = 0.25)

*** Running Euler3DTransform registration ***

DIAGNOSTIC,Iteration,metricValue,convergenceValue,ITERATION_TIME_INDEX,SINCE_LAST
 2DIAGNOSTIC,     1, -4.945365495269e-01, 1.797693134862e+308, 7.0050e-01, 7.0050e-01, 
 2DIAGNOSTIC,     2, -4.961551199262e-01, 1.797693134862e+308, 7.0438e-01, 3.8819e-03, 
 2DIAGNOSTIC,     3, -4.991207097076e-01, 1.797693134862e+308, 7.0816e-01, 3.7820e-03, 
 2DIAGNOSTIC,     4, -5.030359852117e-01, 1.797693134862e+308, 7.1195e-01, 3.7880e-03, 
 2DIAGNOSTIC,     5, -5.059125054655e-01, 1.797693134862e+308, 7.1592e-01, 3.9771e-03, 
 2DIAGNOSTIC,     6, -5.092815596254e-01, 1.797693134862e+308, 7.2001e-01, 4.0839e-03, 
 2DIAGNOSTIC,     7, -5.205915484568e-01, 1.797693134862e+308, 7.2467e-01, 4.6630e-03, 
 2DIAGNOSTIC,     8, -5.236677933913e-01, 1.797693134862e+308, 7.2880e-01, 4.1251e-03, 
 2DIAGNOSTIC,     9, -5.261653611514e-01, 1.797693134862e+308, 7.3248e-01, 3.6781e-03, 
 2DIAGNOSTIC,    10, -5.313843279548e-01, 4.956236851461e-03, 7.3670e-01, 4.2241e-03, 
 2DIAGNOSTIC,    11, -5.461121550605e-01, 5.255951709877e-03, 7.4187e-01, 5.1720e-03, 
 2DIAGNOSTIC,    12, -5.563506773258e-01, 5.544499219495e-03, 7.4597e-01, 4.0960e-03, 
 2DIAGNOSTIC,    13, -6.011783753091e-01, 7.240286203978e-03, 7.5104e-01, 5.0709e-03, 
 2DIAGNOSTIC,    14, -6.166052825032e-01, 8.701253899217e-03, 7.5487e-01, 3.8350e-03, 
 2DIAGNOSTIC,    15, -6.211428291633e-01, 9.416357351002e-03, 7.5877e-01, 3.8939e-03, 
 2DIAGNOSTIC,    16, -6.235432151318e-01, 9.368281934590e-03, 7.6348e-01, 4.7178e-03, 
 2DIAGNOSTIC,    17, -6.347577460719e-01, 9.145335025039e-03, 7.6933e-01, 5.8451e-03, 
 2DIAGNOSTIC,    18, -6.413138476337e-01, 8.359392949146e-03, 7.7390e-01, 4.5719e-03, 
 2DIAGNOSTIC,    19, -6.420802710656e-01, 6.980623449685e-03, 7.7897e-01, 5.0728e-03, 
 2DIAGNOSTIC,    20, -6.425493366909e-01, 5.272872570937e-03, 7.8301e-01, 4.0369e-03, 
 2DIAGNOSTIC,    21, -6.431795003337e-01, 3.641466655416e-03, 7.8756e-01, 4.5509e-03, 
 2DIAGNOSTIC,    22, -6.434078409174e-01, 2.049113974878e-03, 7.9161e-01, 4.0441e-03, 
 2DIAGNOSTIC,    23, -6.435083888505e-01, 1.381096884698e-03, 7.9618e-01, 4.5769e-03, 
 2DIAGNOSTIC,    24, -6.436807752848e-01, 9.688116211345e-04, 8.0127e-01, 5.0888e-03, 
 2DIAGNOSTIC,    25, -6.439989378263e-01, 6.014653339913e-04, 8.0703e-01, 5.7540e-03, 
 2DIAGNOSTIC,    26, -6.448361521655e-01, 2.655196143079e-04, 8.1110e-01, 4.0781e-03, 
 2DIAGNOSTIC,    27, -6.460796038282e-01, 1.536865123222e-04, 8.1561e-01, 4.5049e-03, 
 2DIAGNOSTIC,    28, -6.463976197751e-01, 1.550353259229e-04, 8.1962e-01, 4.0071e-03, 
 2DIAGNOSTIC,    29, -6.463935459005e-01, 1.547432177496e-04, 8.2348e-01, 3.8588e-03, 
 2DIAGNOSTIC,    30, -6.464392298707e-01, 1.482978658578e-04, 8.2780e-01, 4.3268e-03, 
 2DIAGNOSTIC,    31, -6.463723508874e-01, 1.368671802705e-04, 8.3180e-01, 3.9968e-03, 
 2DIAGNOSTIC,    32, -6.464254415334e-01, 1.173266082073e-04, 8.3696e-01, 5.1658e-03, 
 2DIAGNOSTIC,    33, -6.464354984679e-01, 8.969333040614e-05, 8.4971e-01, 1.2743e-02, 
 2DIAGNOSTIC,    34, -6.464354984350e-01, 5.811492060798e-05, 8.6240e-01, 1.2695e-02, 
 2DIAGNOSTIC,    35, -6.464354984350e-01, 2.735369800313e-05, 8.6736e-01, 4.9610e-03, 
 2DIAGNOSTIC,    36, -6.464354984350e-01, 6.561970557963e-06, 8.7232e-01, 4.9560e-03, 
 2DIAGNOSTIC,    37, -6.464354984350e-01, 2.244496712735e-06, 8.7738e-01, 5.0640e-03, 
 2DIAGNOSTIC,    38, -6.464354984350e-01, 1.990753735179e-06, 8.8184e-01, 4.4570e-03, 
 2DIAGNOSTIC,    39, -6.464354984350e-01, 1.582336111298e-06, 8.8633e-01, 4.4880e-03, 
 2DIAGNOSTIC,    40, -6.464354984350e-01, 1.698173802894e-06, 8.9079e-01, 4.4599e-03, 
DIAGNOSTIC,Iteration,metricValue,convergenceValue,ITERATION_TIME_INDEX,SINCE_LAST
 2DIAGNOSTIC,     1, -5.367244449452e-01, 1.797693134862e+308, 1.5666e+00, 6.7579e-01, 
 2DIAGNOSTIC,     2, -5.380313832790e-01, 1.797693134862e+308, 1.5934e+00, 2.6840e-02, 
 2DIAGNOSTIC,     3, -5.401731908284e-01, 1.797693134862e+308, 1.6202e+00, 2.6737e-02, 
 2DIAGNOSTIC,     4, -5.431881342423e-01, 1.797693134862e+308, 1.6494e+00, 2.9199e-02, 
 2DIAGNOSTIC,     5, -5.453557595074e-01, 1.797693134862e+308, 1.6781e+00, 2.8776e-02, 
 2DIAGNOSTIC,     6, -5.461088564555e-01, 1.797693134862e+308, 1.7070e+00, 2.8917e-02, 
 2DIAGNOSTIC,     7, -5.462086680271e-01, 1.797693134862e+308, 1.7409e+00, 3.3875e-02, 
 2DIAGNOSTIC,     8, -5.464869266770e-01, 1.797693134862e+308, 1.7770e+00, 3.6095e-02, 
 2DIAGNOSTIC,     9, -5.465850813269e-01, 1.797693134862e+308, 1.8166e+00, 3.9553e-02, 
 2DIAGNOSTIC,    10, -5.466464836654e-01, 1.224741229984e-03, 1.8454e+00, 2.8818e-02, 
 2DIAGNOSTIC,    11, -5.470487705796e-01, 8.391099768424e-04, 1.8769e+00, 3.1463e-02, 
 2DIAGNOSTIC,    12, -5.471506826942e-01, 5.042748319644e-04, 1.9077e+00, 3.0876e-02, 
 2DIAGNOSTIC,    13, -5.471747724581e-01, 2.608962927388e-04, 1.9467e+00, 3.8967e-02, 
 2DIAGNOSTIC,    14, -5.471893678465e-01, 1.401592795689e-04, 1.9795e+00, 3.2848e-02, 
 2DIAGNOSTIC,    15, -5.471839956612e-01, 9.761648309847e-05, 2.0125e+00, 3.3003e-02, 
 2DIAGNOSTIC,    16, -5.471599231077e-01, 7.527611246744e-05, 2.0419e+00, 2.9382e-02, 
 2DIAGNOSTIC,    17, -5.471662423125e-01, 5.183182689798e-05, 2.0717e+00, 2.9779e-02, 
 2DIAGNOSTIC,    18, -5.471747030919e-01, 3.478200385392e-05, 2.1051e+00, 3.3362e-02, 
 2DIAGNOSTIC,    19, -5.471813453771e-01, 1.945633448182e-05, 2.1395e+00, 3.4438e-02, 
 2DIAGNOSTIC,    20, -5.471662916519e-01, 4.969848214909e-06, 2.1698e+00, 3.0291e-02, 
 2DIAGNOSTIC,    21, -5.471844160804e-01, 1.951268892131e-06, 2.2037e+00, 3.3885e-02, 
 2DIAGNOSTIC,    22, -5.471946857290e-01, 1.794832612360e-06, 2.2364e+00, 3.2689e-02, 
 2DIAGNOSTIC,    23, -5.472309779261e-01, 2.955892848551e-06, 2.2662e+00, 2.9824e-02, 
 2DIAGNOSTIC,    24, -5.472460348750e-01, 4.500346034303e-06, 2.3017e+00, 3.5468e-02, 
 2DIAGNOSTIC,    25, -5.473225345610e-01, 7.130561624817e-06, 2.3314e+00, 2.9687e-02, 
 2DIAGNOSTIC,    26, -5.474469323995e-01, 1.098291013701e-05, 2.3605e+00, 2.9153e-02, 
 2DIAGNOSTIC,    27, -5.481013380817e-01, 2.630865505517e-05, 2.3943e+00, 3.3760e-02, 
 2DIAGNOSTIC,    28, -5.480678933025e-01, 3.738992343222e-05, 2.4325e+00, 3.8213e-02, 
 2DIAGNOSTIC,    29, -5.482084716759e-01, 4.712039069784e-05, 2.4672e+00, 3.4769e-02, 
 2DIAGNOSTIC,    30, -5.482082519347e-01, 5.166413862410e-05, 2.4981e+00, 3.0837e-02, 
 2DIAGNOSTIC,    31, -5.482014616571e-01, 5.125920816473e-05, 2.5290e+00, 3.0911e-02, 
 2DIAGNOSTIC,    32, -5.481815957662e-01, 4.582630305466e-05, 2.5557e+00, 2.6684e-02, 
 2DIAGNOSTIC,    33, -5.481718257872e-01, 3.689942927250e-05, 2.5817e+00, 2.5981e-02, 
 2DIAGNOSTIC,    34, -5.481825627191e-01, 2.560031629782e-05, 2.6090e+00, 2.7338e-02, 
 2DIAGNOSTIC,    35, -5.481838558071e-01, 1.379952554615e-05, 2.6377e+00, 2.8713e-02, 
 2DIAGNOSTIC,    36, -5.481854580122e-01, 3.009187509603e-06, 2.6653e+00, 2.7595e-02, 
 2DIAGNOSTIC,    37, -5.482631349717e-01, 2.936493226399e-06, 2.6960e+00, 3.0724e-02, 
 2DIAGNOSTIC,    38, -5.482856021667e-01, 2.436032416120e-06, 2.7276e+00, 3.1572e-02, 
 2DIAGNOSTIC,    39, -5.482706825187e-01, 3.481469355294e-06, 2.7603e+00, 3.2691e-02, 
 2DIAGNOSTIC,    40, -5.481987783469e-01, 3.305049293672e-06, 2.7946e+00, 3.4352e-02, 
 2DIAGNOSTIC,    41, -5.482804298147e-01, 3.879462592872e-06, 2.8289e+00, 3.4212e-02, 
 2DIAGNOSTIC,    42, -5.481860060521e-01, 2.661143593076e-06, 2.8653e+00, 3.6427e-02, 
 2DIAGNOSTIC,    43, -5.482756823773e-01, 2.303599107883e-06, 2.9045e+00, 3.9222e-02, 
 2DIAGNOSTIC,    44, -5.483025257561e-01, 2.248921788781e-06, 2.9380e+00, 3.3452e-02, 
 2DIAGNOSTIC,    45, -5.482811790379e-01, 1.830775393820e-06, 2.9749e+00, 3.6941e-02, 
 2DIAGNOSTIC,    46, -5.482645576796e-01, 1.147539608112e-06, 3.0084e+00, 3.3534e-02, 
 2DIAGNOSTIC,    47, -5.482548592833e-01, 1.197281006220e-06, 3.1060e+00, 9.7563e-02, 
 2DIAGNOSTIC,    48, -5.482548592821e-01, 1.431611863393e-06, 3.1967e+00, 9.0738e-02, 
 2DIAGNOSTIC,    49, -5.482548592821e-01, 1.428960776696e-06, 3.2279e+00, 3.1152e-02, 
DIAGNOSTIC,Iteration,metricValue,convergenceValue,ITERATION_TIME_INDEX,SINCE_LAST
 2DIAGNOSTIC,     1, -4.661873910230e-01, 1.797693134862e+308, 4.2292e+00, 1.0013e+00, 
 2DIAGNOSTIC,     2, -4.663634386097e-01, 1.797693134862e+308, 4.4152e+00, 1.8600e-01, 
 2DIAGNOSTIC,     3, -4.665065253043e-01, 1.797693134862e+308, 4.6009e+00, 1.8572e-01, 
 2DIAGNOSTIC,     4, -4.666272922109e-01, 1.797693134862e+308, 4.7977e+00, 1.9676e-01, 
 2DIAGNOSTIC,     5, -4.667166866168e-01, 1.797693134862e+308, 5.0070e+00, 2.0933e-01, 
 2DIAGNOSTIC,     6, -4.668667212865e-01, 1.797693134862e+308, 5.2211e+00, 2.1407e-01, 
 2DIAGNOSTIC,     7, -4.669697638815e-01, 1.797693134862e+308, 5.4371e+00, 2.1607e-01, 
 2DIAGNOSTIC,     8, -4.670258366633e-01, 1.797693134862e+308, 5.6949e+00, 2.5775e-01, 
 2DIAGNOSTIC,     9, -4.670791305139e-01, 1.797693134862e+308, 5.8951e+00, 2.0020e-01, 
 2DIAGNOSTIC,    10, -4.671177513066e-01, 1.313510373357e-04, 6.0940e+00, 1.9894e-01, 
 2DIAGNOSTIC,    11, -4.671984771618e-01, 1.051591455869e-04, 6.2882e+00, 1.9419e-01, 
 2DIAGNOSTIC,    12, -4.674361484175e-01, 9.491545469899e-05, 6.5671e+00, 2.7892e-01, 
 2DIAGNOSTIC,    13, -4.675162732398e-01, 8.805846628497e-05, 6.7722e+00, 2.0513e-01, 
 2DIAGNOSTIC,    14, -4.675732975296e-01, 8.220388495137e-05, 7.0395e+00, 2.6721e-01, 
 2DIAGNOSTIC,    15, -4.675740514752e-01, 7.348834478245e-05, 7.2869e+00, 2.4739e-01, 
 2DIAGNOSTIC,    16, -4.675763016104e-01, 6.504185527439e-05, 7.5897e+00, 3.0281e-01, 
 2DIAGNOSTIC,    17, -4.675746333286e-01, 5.526884618782e-05, 7.8109e+00, 2.2121e-01, 
 2DIAGNOSTIC,    18, -4.675729975649e-01, 4.341903248848e-05, 8.0574e+00, 2.4653e-01, 
 2DIAGNOSTIC,    19, -4.675721450893e-01, 3.071914260807e-05, 8.2767e+00, 2.1934e-01, 
 2DIAGNOSTIC,    20, -4.675713477686e-01, 1.779102272471e-05, 8.4929e+00, 2.1614e-01, 
 2DIAGNOSTIC,    21, -4.675677822173e-01, 6.677725465684e-06, 8.7278e+00, 2.3488e-01, 
 2DIAGNOSTIC,    22, -4.675680927523e-01, 2.633262654456e-06, 8.9307e+00, 2.0290e-01, 
DIAGNOSTIC,Iteration,metricValue,convergenceValue,ITERATION_TIME_INDEX,SINCE_LAST
 2DIAGNOSTIC,     1, -4.258650674561e-01, 1.797693134862e+308, 1.1401e+01, 2.4699e+00, 
 2DIAGNOSTIC,     2, -4.259686088017e-01, 1.797693134862e+308, 1.2791e+01, 1.3900e+00, 
 2DIAGNOSTIC,     3, -4.260095416259e-01, 1.797693134862e+308, 1.4599e+01, 1.8084e+00, 
 2DIAGNOSTIC,     4, -4.260079725360e-01, 1.797693134862e+308, 1.6916e+01, 2.3167e+00, 
 2DIAGNOSTIC,     5, -4.260082662628e-01, 1.797693134862e+308, 1.8449e+01, 1.5335e+00, 
 2DIAGNOSTIC,     6, -4.260081791709e-01, 1.797693134862e+308, 2.0099e+01, 1.6502e+00, 
 2DIAGNOSTIC,     7, -4.260082233676e-01, 1.797693134862e+308, 2.1570e+01, 1.4706e+00, 
 2DIAGNOSTIC,     8, -4.260081630199e-01, 1.797693134862e+308, 2.3068e+01, 1.4980e+00, 
 2DIAGNOSTIC,     9, -4.260077827969e-01, 1.797693134862e+308, 2.4592e+01, 1.5242e+00, 
 2DIAGNOSTIC,    10, -4.260080144515e-01, 1.494345681267e-05, 2.6204e+01, 1.6122e+00, 
 2DIAGNOSTIC,    11, -4.260079267147e-01, 5.185169185004e-06, 2.7643e+01, 1.4390e+00, 
 2DIAGNOSTIC,    12, -4.260078380172e-01, 2.533307532415e-06, 2.9089e+01, 1.4458e+00, 
 2DIAGNOSTIC,    13, -4.260077496072e-01, 2.399029721614e-06, 3.0364e+01, 1.2747e+00, 
 2DIAGNOSTIC,    14, -4.260074612145e-01, 2.199633327593e-06, 3.1785e+01, 1.4209e+00, 
 2DIAGNOSTIC,    15, -4.260077966696e-01, 2.061683779669e-06, 3.3294e+01, 1.5096e+00, 
 2DIAGNOSTIC,    16, -4.260079163659e-01, 1.946843996500e-06, 3.5071e+01, 1.7764e+00, 
 2DIAGNOSTIC,    17, -4.260077163913e-01, 1.843167475153e-06, 3.6547e+01, 1.4765e+00, 
 2DIAGNOSTIC,    18, -4.260077198077e-01, 1.752522633569e-06, 3.7951e+01, 1.4035e+00, 
 2DIAGNOSTIC,    19, -4.260075214840e-01, 1.652267772850e-06, 3.9300e+01, 1.3492e+00, 
 2DIAGNOSTIC,    20, -4.260074287408e-01, 1.568629017637e-06, 4.0799e+01, 1.4994e+00, 
 2DIAGNOSTIC,    21, -4.260075384275e-01, 1.495520678969e-06, 4.2150e+01, 1.3504e+00, 
 2DIAGNOSTIC,    22, -4.260072450171e-01, 1.419268997348e-06, 4.3624e+01, 1.4741e+00, 
 2DIAGNOSTIC,    23, -4.260070592441e-01, 1.344883261353e-06, 4.4921e+01, 1.2970e+00, 
 2DIAGNOSTIC,    24, -4.260075986423e-01, 1.287135761342e-06, 4.6360e+01, 1.4397e+00, 
 2DIAGNOSTIC,    25, -4.260079225850e-01, 1.254498307179e-06, 4.7865e+01, 1.5046e+00, 
 2DIAGNOSTIC,    26, -4.260078329361e-01, 1.226734358969e-06, 4.9299e+01, 1.4344e+00, 
 2DIAGNOSTIC,    27, -4.260077498391e-01, 1.194133307070e-06, 5.0889e+01, 1.5891e+00, 
 2DIAGNOSTIC,    28, -4.260074622118e-01, 1.155943771876e-06, 5.2361e+01, 1.4721e+00, 
 2DIAGNOSTIC,    29, -4.260071717926e-01, 1.107161966024e-06, 5.3904e+01, 1.5432e+00, 
 2DIAGNOSTIC,    30, -4.260072878891e-01, 1.060884515722e-06, 5.5204e+01, 1.3000e+00, 
 2DIAGNOSTIC,    31, -4.260075188326e-01, 1.024959883404e-06, 5.6954e+01, 1.7499e+00, 
  Elapsed time (stage 0): 5.7747e+01


Total elapsed time: 5.7749e+01
Info [verificarlo]: loaded backend libinterflop_ieee.so
Info [interflop-ieee]: load backend with:
Info [interflop-ieee]: debug = false
Info [interflop-ieee]: debug-binary = false
Info [interflop-ieee]: no-backend-name = false
Info [interflop-ieee]: print-new-line = false
Info [interflop-ieee]: print-subnormal-normalized = false
Info [interflop-ieee]: count-op = false
All_Command_lines_OK
Using double precision for computations.
=============================================================================
The composite transform comprises the following transforms (in order): 
  1. /home/mdugre/scratch/mri-registration-rp/datasets/ds004513/derivatives/mri-registration-rp/0001/antsRegistration-r8-p23/sub-s033/rigid_Composite.h5[0] (type = Euler3DTransform)
  2. /home/mdugre/scratch/mri-registration-rp/datasets/ds004513/derivatives/mri-registration-rp/0001/antsRegistration-r8-p23/sub-s033/rigid_Composite.h5[1] (type = Euler3DTransform)
  3. /home/mdugre/scratch/mri-registration-rp/datasets/ds004513/derivatives/mri-registration-rp/0001/antsRegistration-r8-p23/sub-s033/rigid_Composite.h5[2] (type = Euler3DTransform)
=============================================================================
  number of levels = 4
  fixed image: /templateflow/tpl-MNI152NLin2009cAsym/tpl-MNI152NLin2009cAsym_res-01_desc-brain_T1w.nii.gz
  moving image: /home/mdugre/scratch/mri-registration-rp/datasets/ds004513/derivatives/mri-registration-rp/antsBrainExtraction/sub-s033/BrainExtractionBrain.nii.gz
Dimension = 3
Number of stages = 1
Use histogram matching = false
Winsorize image intensities = true
  Lower quantile = 0.005
  Upper quantile = 0.995


Stage 1 State
   Image metric = MattesMI
     Fixed image = Image (0x44df7e0)
  RTTI typeinfo:   itk::Image<double, 3u>
  Reference Count: 2
  Modified Time: 1592
  Debug: Off
  Object Name: 
  Observers: 
    none
  Source: (none)
  Source output name: (none)
  Release Data: Off
  Data Released: False
  Global Release Data: Off
  PipelineMTime: 0
  UpdateMTime: 1203
  RealTimeStamp: 0 seconds 
  LargestPossibleRegion: 
    Dimension: 3
    Index: [0, 0, 0]
    Size: [193, 229, 193]
  BufferedRegion: 
    Dimension: 3
    Index: [0, 0, 0]
    Size: [193, 229, 193]
  RequestedRegion: 
    Dimension: 3
    Index: [0, 0, 0]
    Size: [193, 229, 193]
  Spacing: [1, 1, 1]
  Origin: [96, 132, -78]
  Direction: 
-1 0 0
0 -1 0
0 0 1

  IndexToPointMatrix: 
-1 0 0
0 -1 0
0 0 1

  PointToIndexMatrix: 
-1 0 0
0 -1 0
0 0 1

  Inverse Direction: 
-1 0 0
0 -1 0
0 0 1

  PixelContainer: 
    ImportImageContainer (0x459fa20)
      RTTI typeinfo:   itk::ImportImageContainer<unsigned long, double>
      Reference Count: 1
      Modified Time: 1200
      Debug: Off
      Object Name: 
      Observers: 
        none
      Pointer: 0x14cf227f5010
      Container manages memory: true
      Size: 8530021
      Capacity: 8530021

     Moving image = Image (0x459ad70)
  RTTI typeinfo:   itk::Image<double, 3u>
  Reference Count: 2
  Modified Time: 1593
  Debug: Off
  Object Name: 
  Observers: 
    none
  Source: (none)
  Source output name: (none)
  Release Data: Off
  Data Released: False
  Global Release Data: Off
  PipelineMTime: 0
  UpdateMTime: 1590
  RealTimeStamp: 0 seconds 
  LargestPossibleRegion: 
    Dimension: 3
    Index: [0, 0, 0]
    Size: [160, 240, 256]
  BufferedRegion: 
    Dimension: 3
    Index: [0, 0, 0]
    Size: [160, 240, 256]
  RequestedRegion: 
    Dimension: 3
    Index: [0, 0, 0]
    Size: [160, 240, 256]
  Spacing: [1, 1, 1]
  Origin: [91.5134, 94.282, -109.927]
  Direction: 
-0.99591 -0.0698718 -0.0572835
0.0697565 -0.997556 0.00401236
-0.0574239 5.01125e-08 0.99835

  IndexToPointMatrix: 
-0.99591 -0.0698718 -0.0572835
0.0697565 -0.997556 0.00401236
-0.0574239 5.01125e-08 0.99835

  PointToIndexMatrix: 
-0.99591 0.0697565 -0.0574239
-0.0698718 -0.997556 5.01483e-08
-0.0572835 0.00401236 0.99835

  Inverse Direction: 
-0.99591 0.0697565 -0.0574239
-0.0698718 -0.997556 5.01483e-08
-0.0572835 0.00401236 0.99835

  PixelContainer: 
    ImportImageContainer (0x4552c90)
      RTTI typeinfo:   itk::ImportImageContainer<unsigned long, double>
      Reference Count: 1
      Modified Time: 1587
      Debug: Off
      Object Name: 
      Observers: 
        none
      Pointer: 0x14cf1dcf4010
      Container manages memory: true
      Size: 9830400
      Capacity: 9830400

     Weighting = 1
     Sampling strategy = regular
     Number of bins = 32
     Radius = 4
     Sampling percentage  = 0.25
   Transform = Affine
     Gradient step = 0.1
     Update field sigma (voxel space) = 0
     Total field sigma (voxel space) = 0
     Update field time sigma = 0
     Total field time sigma  = 0
     Number of time indices = 0
     Number of time point samples = 0
Registration using 1 total stages.

Stage 0
  iterations = 1000x500x250x100
  convergence threshold = 1e-06
  convergence window size = 10
  number of levels = 4
  using the Mattes MI metric (number of bins = 32, weight = 1, use gradient filter = 0)
  preprocessing:  winsorizing the image intensities
  Shrink factors (level 1 out of 4): [8, 8, 8]
  Shrink factors (level 2 out of 4): [4, 4, 4]
  Shrink factors (level 3 out of 4): [2, 2, 2]
  Shrink factors (level 4 out of 4): [1, 1, 1]
  smoothing sigmas per level: [3, 2, 1, 0]
  regular sampling (percentage = 0.25)

*** Running AffineTransform registration ***

DIAGNOSTIC,Iteration,metricValue,convergenceValue,ITERATION_TIME_INDEX,SINCE_LAST
 2DIAGNOSTIC,     1, -6.382809073982e-01, 1.797693134862e+308, 6.7804e-01, 6.7804e-01, 
 2DIAGNOSTIC,     2, -6.407463729351e-01, 1.797693134862e+308, 6.8222e-01, 4.1790e-03, 
 2DIAGNOSTIC,     3, -6.451563856922e-01, 1.797693134862e+308, 6.8641e-01, 4.1940e-03, 
 2DIAGNOSTIC,     4, -6.521822810038e-01, 1.797693134862e+308, 6.9041e-01, 4.0040e-03, 
 2DIAGNOSTIC,     5, -6.630833210454e-01, 1.797693134862e+308, 6.9446e-01, 4.0431e-03, 
 2DIAGNOSTIC,     6, -6.815411589799e-01, 1.797693134862e+308, 6.9917e-01, 4.7121e-03, 
 2DIAGNOSTIC,     7, -7.249747605673e-01, 1.797693134862e+308, 7.0470e-01, 5.5261e-03, 
 2DIAGNOSTIC,     8, -8.402295801997e-01, 1.797693134862e+308, 7.0910e-01, 4.4038e-03, 
 2DIAGNOSTIC,     9, -8.670045537165e-01, 1.797693134862e+308, 7.1593e-01, 6.8290e-03, 
 2DIAGNOSTIC,    10, -8.690368256715e-01, 2.370969189886e-02, 7.2046e-01, 4.5311e-03, 
 2DIAGNOSTIC,    11, -8.788702301187e-01, 2.366322270957e-02, 7.2472e-01, 4.2610e-03, 
 2DIAGNOSTIC,    12, -8.887406322463e-01, 2.187528965542e-02, 7.2900e-01, 4.2779e-03, 
 2DIAGNOSTIC,    13, -8.929105981992e-01, 1.864044879412e-02, 7.3472e-01, 5.7251e-03, 
 2DIAGNOSTIC,    14, -8.986894048604e-01, 1.459660761830e-02, 7.4051e-01, 5.7850e-03, 
 2DIAGNOSTIC,    15, -9.051774878689e-01, 1.031729281759e-02, 7.4735e-01, 6.8450e-03, 
 2DIAGNOSTIC,    16, -9.052617861148e-01, 6.142552518202e-03, 7.5311e-01, 5.7580e-03, 
 2DIAGNOSTIC,    17, -9.054082804667e-01, 2.821980904975e-03, 7.5894e-01, 5.8291e-03, 
 2DIAGNOSTIC,    18, -9.053915271562e-01, 1.922392017229e-03, 7.6412e-01, 5.1789e-03, 
 2DIAGNOSTIC,    19, -9.053187168180e-01, 1.449862977284e-03, 7.6880e-01, 4.6830e-03, 
 2DIAGNOSTIC,    20, -9.052886164614e-01, 9.275818464944e-04, 7.7348e-01, 4.6780e-03, 
 2DIAGNOSTIC,    21, -9.054641975304e-01, 5.381970163129e-04, 7.7863e-01, 5.1470e-03, 
 2DIAGNOSTIC,    22, -9.056615467944e-01, 2.975740367977e-04, 7.8327e-01, 4.6430e-03, 
 2DIAGNOSTIC,    23, -9.057502535781e-01, 1.149936241188e-04, 7.8843e-01, 5.1620e-03, 
 2DIAGNOSTIC,    24, -9.059300999324e-01, 2.131192756072e-05, 7.9309e-01, 4.6549e-03, 
 2DIAGNOSTIC,    25, -9.059773424469e-01, 2.348100179232e-05, 7.9822e-01, 5.1310e-03, 
 2DIAGNOSTIC,    26, -9.061320370159e-01, 2.644455864196e-05, 8.0285e-01, 4.6360e-03, 
 2DIAGNOSTIC,    27, -9.061749692168e-01, 2.912182915010e-05, 8.0752e-01, 4.6659e-03, 
 2DIAGNOSTIC,    28, -9.064754730870e-01, 3.244810840904e-05, 8.1269e-01, 5.1661e-03, 
 2DIAGNOSTIC,    29, -9.066320684756e-01, 3.352989898060e-05, 8.1846e-01, 5.7731e-03, 
 2DIAGNOSTIC,    30, -9.067505733921e-01, 3.243898671906e-05, 8.2523e-01, 6.7658e-03, 
 2DIAGNOSTIC,    31, -9.064759313448e-01, 2.738016265628e-05, 8.3052e-01, 5.2919e-03, 
 2DIAGNOSTIC,    32, -9.065567247517e-01, 2.319650230886e-05, 8.3528e-01, 4.7641e-03, 
 2DIAGNOSTIC,    33, -9.066472431999e-01, 1.889111153686e-05, 8.4043e-01, 5.1460e-03, 
 2DIAGNOSTIC,    34, -9.065474379934e-01, 1.386133426402e-05, 8.4515e-01, 4.7200e-03, 
 2DIAGNOSTIC,    35, -9.062781655927e-01, 5.845363719684e-06, 8.4978e-01, 4.6351e-03, 
DIAGNOSTIC,Iteration,metricValue,convergenceValue,ITERATION_TIME_INDEX,SINCE_LAST
 2DIAGNOSTIC,     1, -7.442978017874e-01, 1.797693134862e+308, 1.5314e+00, 6.8164e-01, 
 2DIAGNOSTIC,     2, -7.450900194688e-01, 1.797693134862e+308, 1.5666e+00, 3.5156e-02, 
 2DIAGNOSTIC,     3, -7.459145578374e-01, 1.797693134862e+308, 1.6050e+00, 3.8425e-02, 
 2DIAGNOSTIC,     4, -7.466472878440e-01, 1.797693134862e+308, 1.6403e+00, 3.5313e-02, 
 2DIAGNOSTIC,     5, -7.473880379082e-01, 1.797693134862e+308, 1.6758e+00, 3.5509e-02, 
 2DIAGNOSTIC,     6, -7.484009194400e-01, 1.797693134862e+308, 1.7453e+00, 6.9450e-02, 
 2DIAGNOSTIC,     7, -7.483882238808e-01, 1.797693134862e+308, 1.7903e+00, 4.5065e-02, 
 2DIAGNOSTIC,     8, -7.484149615234e-01, 1.797693134862e+308, 1.8394e+00, 4.9063e-02, 
 2DIAGNOSTIC,     9, -7.484240274576e-01, 1.797693134862e+308, 1.8801e+00, 4.0661e-02, 
 2DIAGNOSTIC,    10, -7.484159741684e-01, 3.746972618558e-04, 1.9209e+00, 4.0856e-02, 
 2DIAGNOSTIC,    11, -7.483957349268e-01, 2.523878886014e-04, 1.9652e+00, 4.4238e-02, 
 2DIAGNOSTIC,    12, -7.484192947739e-01, 1.537931179861e-04, 2.0016e+00, 3.6441e-02, 
 2DIAGNOSTIC,    13, -7.484192983991e-01, 8.094602504215e-05, 2.0372e+00, 3.5639e-02, 
 2DIAGNOSTIC,    14, -7.484410463436e-01, 3.162131944695e-05, 2.0725e+00, 3.5242e-02, 
 2DIAGNOSTIC,    15, -7.484575295199e-01, 4.663724625334e-06, 2.1087e+00, 3.6185e-02, 
 2DIAGNOSTIC,    16, -7.484848245731e-01, 5.582239303525e-06, 2.1452e+00, 3.6521e-02, 
 2DIAGNOSTIC,    17, -7.485358634039e-01, 6.889304422365e-06, 2.1856e+00, 4.0452e-02, 
 2DIAGNOSTIC,    18, -7.485695607230e-01, 8.827431032574e-06, 2.2303e+00, 4.4683e-02, 
 2DIAGNOSTIC,    19, -7.485660491966e-01, 1.001917322765e-05, 2.2709e+00, 4.0576e-02, 
 2DIAGNOSTIC,    20, -7.485604938733e-01, 1.009084590731e-05, 2.3119e+00, 4.1018e-02, 
 2DIAGNOSTIC,    21, -7.485557819005e-01, 8.905772816835e-06, 2.3492e+00, 3.7248e-02, 
 2DIAGNOSTIC,    22, -7.485701330747e-01, 7.783971671851e-06, 2.3945e+00, 4.5344e-02, 
 2DIAGNOSTIC,    23, -7.486014973355e-01, 6.663952241345e-06, 2.4318e+00, 3.7271e-02, 
 2DIAGNOSTIC,    24, -7.486390082983e-01, 6.078149698489e-06, 2.4723e+00, 4.0504e-02, 
 2DIAGNOSTIC,    25, -7.486774488226e-01, 5.928533164209e-06, 2.5130e+00, 4.0688e-02, 
 2DIAGNOSTIC,    26, -7.486550653876e-01, 5.406826101541e-06, 2.5539e+00, 4.0948e-02, 
 2DIAGNOSTIC,    27, -7.486360090847e-01, 4.983784423672e-06, 2.5904e+00, 3.6497e-02, 
 2DIAGNOSTIC,    28, -7.486393983289e-01, 4.737191911984e-06, 2.6318e+00, 4.1397e-02, 
 2DIAGNOSTIC,    29, -7.486187085628e-01, 3.834194358211e-06, 2.6810e+00, 4.9206e-02, 
 2DIAGNOSTIC,    30, -7.486194146620e-01, 2.676819839821e-06, 2.7341e+00, 5.3077e-02, 
 2DIAGNOSTIC,    31, -7.486194744851e-01, 1.392412542503e-06, 2.7708e+00, 3.6659e-02, 
DIAGNOSTIC,Iteration,metricValue,convergenceValue,ITERATION_TIME_INDEX,SINCE_LAST
 2DIAGNOSTIC,     1, -6.324349889750e-01, 1.797693134862e+308, 3.7909e+00, 1.0202e+00, 
 2DIAGNOSTIC,     2, -6.330373730260e-01, 1.797693134862e+308, 4.0361e+00, 2.4514e-01, 
 2DIAGNOSTIC,     3, -6.336829115644e-01, 1.797693134862e+308, 4.2617e+00, 2.2559e-01, 
 2DIAGNOSTIC,     4, -6.345164069264e-01, 1.797693134862e+308, 4.4984e+00, 2.3679e-01, 
 2DIAGNOSTIC,     5, -6.368036122455e-01, 1.797693134862e+308, 4.9751e+00, 4.7666e-01, 
 2DIAGNOSTIC,     6, -6.367990353963e-01, 1.797693134862e+308, 5.2400e+00, 2.6495e-01, 
 2DIAGNOSTIC,     7, -6.367938446095e-01, 1.797693134862e+308, 5.5876e+00, 3.4753e-01, 
 2DIAGNOSTIC,     8, -6.367949388957e-01, 1.797693134862e+308, 5.8822e+00, 2.9461e-01, 
 2DIAGNOSTIC,     9, -6.367942238261e-01, 1.797693134862e+308, 6.1565e+00, 2.7433e-01, 
 2DIAGNOSTIC,    10, -6.367936398535e-01, 4.901626340222e-04, 6.4523e+00, 2.9575e-01, 
 2DIAGNOSTIC,    11, -6.367929525575e-01, 3.308655873471e-04, 6.7266e+00, 2.7437e-01, 
 2DIAGNOSTIC,    12, -6.367907599370e-01, 1.922035723283e-04, 7.0155e+00, 2.8891e-01, 
 2DIAGNOSTIC,    13, -6.367897550969e-01, 8.008642579800e-05, 7.2758e+00, 2.6029e-01, 
 2DIAGNOSTIC,    14, -6.367890292452e-01, 1.449306189241e-06, 7.5188e+00, 2.4300e-01, 
 2DIAGNOSTIC,    15, -6.367873563884e-01, 1.490305088753e-06, 7.8017e+00, 2.8283e-01, 
 2DIAGNOSTIC,    16, -6.367852700819e-01, 1.403586838186e-06, 8.0393e+00, 2.3761e-01, 
 2DIAGNOSTIC,    17, -6.367822712038e-01, 1.166423281761e-06, 8.2853e+00, 2.4602e-01, 
DIAGNOSTIC,Iteration,metricValue,convergenceValue,ITERATION_TIME_INDEX,SINCE_LAST
 2DIAGNOSTIC,     1, -5.628268075129e-01, 1.797693134862e+308, 1.1239e+01, 2.9537e+00, 
 2DIAGNOSTIC,     2, -5.630120203760e-01, 1.797693134862e+308, 1.2960e+01, 1.7215e+00, 
 2DIAGNOSTIC,     3, -5.631912050148e-01, 1.797693134862e+308, 1.4685e+01, 1.7241e+00, 
 2DIAGNOSTIC,     4, -5.635005919597e-01, 1.797693134862e+308, 1.6625e+01, 1.9402e+00, 
 2DIAGNOSTIC,     5, -5.639431202005e-01, 1.797693134862e+308, 1.9837e+01, 3.2124e+00, 
 2DIAGNOSTIC,     6, -5.639486408080e-01, 1.797693134862e+308, 2.1532e+01, 1.6951e+00, 
 2DIAGNOSTIC,     7, -5.639514659480e-01, 1.797693134862e+308, 2.3339e+01, 1.8063e+00, 
 2DIAGNOSTIC,     8, -5.639542022815e-01, 1.797693134862e+308, 2.5227e+01, 1.8883e+00, 
 2DIAGNOSTIC,     9, -5.639556097410e-01, 1.797693134862e+308, 2.7243e+01, 2.0162e+00, 
 2DIAGNOSTIC,    10, -5.639554295353e-01, 1.393332221558e-04, 2.9230e+01, 1.9867e+00, 
 2DIAGNOSTIC,    11, -5.639559724416e-01, 9.166991955925e-05, 3.1307e+01, 2.0767e+00, 
 2DIAGNOSTIC,    12, -5.639559304985e-01, 5.201607325241e-05, 3.3111e+01, 1.8042e+00, 
 2DIAGNOSTIC,    13, -5.639560251439e-01, 2.082581420286e-05, 3.5172e+01, 2.0616e+00, 
 2DIAGNOSTIC,    14, -5.639546444999e-01, 3.061989562680e-06, 3.7245e+01, 2.0725e+00, 
 2DIAGNOSTIC,    15, -5.639542195370e-01, 2.453393341997e-06, 3.9349e+01, 2.1045e+00, 
 2DIAGNOSTIC,    16, -5.639541680790e-01, 2.061647241841e-06, 4.1298e+01, 1.9490e+00, 
 2DIAGNOSTIC,    17, -5.639539723137e-01, 1.784540326642e-06, 4.3157e+01, 1.8588e+00, 
 2DIAGNOSTIC,    18, -5.639537742746e-01, 1.616492994225e-06, 4.5134e+01, 1.9773e+00, 
 2DIAGNOSTIC,    19, -5.639534478721e-01, 1.509852804130e-06, 4.7100e+01, 1.9654e+00, 
 2DIAGNOSTIC,    20, -5.639535598308e-01, 1.427524243425e-06, 4.9307e+01, 2.2076e+00, 
 2DIAGNOSTIC,    21, -5.639534744018e-01, 1.378589347220e-06, 5.1117e+01, 1.8093e+00, 
 2DIAGNOSTIC,    22, -5.639530436822e-01, 1.335487149666e-06, 5.3350e+01, 2.2329e+00, 
 2DIAGNOSTIC,    23, -5.639530194687e-01, 1.309185112437e-06, 5.5631e+01, 2.2812e+00, 
 2DIAGNOSTIC,    24, -5.639529629084e-01, 1.262019696871e-06, 5.7427e+01, 1.7959e+00, 
 2DIAGNOSTIC,    25, -5.639528219535e-01, 1.212996150864e-06, 5.9305e+01, 1.8779e+00, 
 2DIAGNOSTIC,    26, -5.639526626420e-01, 1.169340780018e-06, 6.1266e+01, 1.9620e+00, 
 2DIAGNOSTIC,    27, -5.639526144896e-01, 1.129735376325e-06, 6.3056e+01, 1.7895e+00, 
 2DIAGNOSTIC,    28, -5.639526343623e-01, 1.094499001014e-06, 6.4962e+01, 1.9065e+00, 
 2DIAGNOSTIC,    29, -5.639525782361e-01, 1.058758924179e-06, 6.6803e+01, 1.8405e+00, 
 2DIAGNOSTIC,    30, -5.639526054346e-01, 1.031385269697e-06, 6.8586e+01, 1.7834e+00, 
 2DIAGNOSTIC,    31, -5.639523114207e-01, 1.002585850028e-06, 7.0396e+01, 1.8100e+00, 
  Elapsed time (stage 0): 7.1566e+01


Total elapsed time: 7.1568e+01
Info [verificarlo]: loaded backend libinterflop_vprec.so
Info [interflop-vprec]: load backend with: 
Info [interflop-vprec]: precision-binary32 = 23
Info [interflop-vprec]: range-binary32 = 8
Info [interflop-vprec]: precision-binary64 = 23
