
##########################
# Experiment information #
##########################

EXPERIMENT_NAME: antsRegistration-r8-p6
VFC_BACKENDS: libinterflop_vprec.so --range-binary32=8 --precision-binary32=6 --range-binary64=8 --precision-binary64=6

SIF_IMG: /home/mdugre/projects/rrg-glatard/mdugre/containers/ants-vprec-no_metrics.simg

SUBJECT_ID: s037
INPUT_IMG: /home/mdugre/scratch/mri-registration-rp/datasets/ds004513/derivatives/mri-registration-rp/antsBrainExtraction/sub-s037/BrainExtractionBrain.nii.gz
OUTPUT_DIR: /home/mdugre/scratch/mri-registration-rp/datasets/ds004513/derivatives/mri-registration-rp/0001/antsRegistration-r8-p6/sub-s037

FIXED_IMG: /templateflow/tpl-MNI152NLin2009cAsym/tpl-MNI152NLin2009cAsym_res-01_desc-brain_T1w.nii.gz
DATA_DIR: /home/mdugre/scratch/mri-registration-rp/datasets/ds004513
TEMPLATEFLOW_DIR: /home/mdugre/projects/rrg-glatard/mdugre/templateflow
ITK_GLOBAL_DEFAULT_NUMBER_OF_THREADS: 16
##########################

Info [verificarlo]: loaded backend libinterflop_ieee.so
Info [interflop-ieee]: load backend with:
Info [interflop-ieee]: debug = false
Info [interflop-ieee]: debug-binary = false
Info [interflop-ieee]: no-backend-name = false
Info [interflop-ieee]: print-new-line = false
Info [interflop-ieee]: print-subnormal-normalized = false
Info [interflop-ieee]: count-op = false
All_Command_lines_OK
Using double precision for computations.
=============================================================================
The composite transform comprises the following transforms (in order): 
  1. Center of mass alignment using fixed image: /templateflow/tpl-MNI152NLin2009cAsym/tpl-MNI152NLin2009cAsym_res-01_desc-brain_T1w.nii.gz and moving image: /home/mdugre/scratch/mri-registration-rp/datasets/ds004513/derivatives/mri-registration-rp/antsBrainExtraction/sub-s037/BrainExtractionBrain.nii.gz (type = Euler3DTransform)
=============================================================================
  number of levels = 1
  fixed image: /templateflow/tpl-MNI152NLin2009cAsym/tpl-MNI152NLin2009cAsym_res-01_desc-brain_T1w.nii.gz
  moving image: /home/mdugre/scratch/mri-registration-rp/datasets/ds004513/derivatives/mri-registration-rp/antsBrainExtraction/sub-s037/BrainExtractionBrain.nii.gz
Dimension = 3
Number of stages = 1
Use histogram matching = false
Winsorize image intensities = true
  Lower quantile = 0.005
  Upper quantile = 0.995


Stage 1 State
   Image metric = MattesMI
     Fixed image = Image (0x4f39bd0)
  RTTI typeinfo:   itk::Image<double, 3u>
  Reference Count: 2
  Modified Time: 2330
  Debug: Off
  Object Name: 
  Observers: 
    none
  Source: (none)
  Source output name: (none)
  Release Data: Off
  Data Released: False
  Global Release Data: Off
  PipelineMTime: 0
  UpdateMTime: 1941
  RealTimeStamp: 0 seconds 
  LargestPossibleRegion: 
    Dimension: 3
    Index: [0, 0, 0]
    Size: [193, 229, 193]
  BufferedRegion: 
    Dimension: 3
    Index: [0, 0, 0]
    Size: [193, 229, 193]
  RequestedRegion: 
    Dimension: 3
    Index: [0, 0, 0]
    Size: [193, 229, 193]
  Spacing: [1, 1, 1]
  Origin: [96, 132, -78]
  Direction: 
-1 0 0
0 -1 0
0 0 1

  IndexToPointMatrix: 
-1 0 0
0 -1 0
0 0 1

  PointToIndexMatrix: 
-1 0 0
0 -1 0
0 0 1

  Inverse Direction: 
-1 0 0
0 -1 0
0 0 1

  PixelContainer: 
    ImportImageContainer (0x4f429e0)
      RTTI typeinfo:   itk::ImportImageContainer<unsigned long, double>
      Reference Count: 1
      Modified Time: 1938
      Debug: Off
      Object Name: 
      Observers: 
        none
      Pointer: 0x1539f7171010
      Container manages memory: true
      Size: 8530021
      Capacity: 8530021

     Moving image = Image (0x4f43d40)
  RTTI typeinfo:   itk::Image<double, 3u>
  Reference Count: 2
  Modified Time: 2331
  Debug: Off
  Object Name: 
  Observers: 
    none
  Source: (none)
  Source output name: (none)
  Release Data: Off
  Data Released: False
  Global Release Data: Off
  PipelineMTime: 0
  UpdateMTime: 2328
  RealTimeStamp: 0 seconds 
  LargestPossibleRegion: 
    Dimension: 3
    Index: [0, 0, 0]
    Size: [160, 240, 256]
  BufferedRegion: 
    Dimension: 3
    Index: [0, 0, 0]
    Size: [160, 240, 256]
  RequestedRegion: 
    Dimension: 3
    Index: [0, 0, 0]
    Size: [160, 240, 256]
  Spacing: [1, 1, 1]
  Origin: [87.9508, 102.562, -147.639]
  Direction: 
-0.998659 -0.0436121 -0.0279129
0.043595 -0.999049 0.00121847
-0.0279395 -2.65543e-08 0.99961

  IndexToPointMatrix: 
-0.998659 -0.0436121 -0.0279129
0.043595 -0.999049 0.00121847
-0.0279395 -2.65543e-08 0.99961

  PointToIndexMatrix: 
-0.998659 0.043595 -0.0279395
-0.0436121 -0.999049 -2.65517e-08
-0.0279129 0.00121847 0.99961

  Inverse Direction: 
-0.998659 0.043595 -0.0279395
-0.0436121 -0.999049 -2.65517e-08
-0.0279129 0.00121847 0.99961

  PixelContainer: 
    ImportImageContainer (0x4f69850)
      RTTI typeinfo:   itk::ImportImageContainer<unsigned long, double>
      Reference Count: 1
      Modified Time: 2325
      Debug: Off
      Object Name: 
      Observers: 
        none
      Pointer: 0x1539f2670010
      Container manages memory: true
      Size: 9830400
      Capacity: 9830400

     Weighting = 1
     Sampling strategy = regular
     Number of bins = 32
     Radius = 4
     Sampling percentage  = 0.25
   Transform = Rigid
     Gradient step = 0.1
     Update field sigma (voxel space) = 0
     Total field sigma (voxel space) = 0
     Update field time sigma = 0
     Total field time sigma  = 0
     Number of time indices = 0
     Number of time point samples = 0
Registration using 1 total stages.

Stage 0
  iterations = 0
  convergence threshold = 1e-06
  convergence window size = 10
  number of levels = 1
  using the Mattes MI metric (number of bins = 32, weight = 1, use gradient filter = 0)
  preprocessing:  winsorizing the image intensities
  Shrink factors (level 1 out of 1): [1, 1, 1]
  smoothing sigmas per level: [0]
  regular sampling (percentage = 0.25)

*** Running Euler3DTransform registration ***

  Elapsed time (stage 0): 1.15115


Total elapsed time: 1.15347
Info [verificarlo]: loaded backend libinterflop_ieee.so
Info [interflop-ieee]: load backend with:
Info [interflop-ieee]: debug = false
Info [interflop-ieee]: debug-binary = false
Info [interflop-ieee]: no-backend-name = false
Info [interflop-ieee]: print-new-line = false
Info [interflop-ieee]: print-subnormal-normalized = false
Info [interflop-ieee]: count-op = false
All_Command_lines_OK
Using double precision for computations.
=============================================================================
The composite transform comprises the following transforms (in order): 
  1. /home/mdugre/scratch/mri-registration-rp/datasets/ds004513/derivatives/mri-registration-rp/0001/antsRegistration-r8-p6/sub-s037/align_Composite.h5[0] (type = Euler3DTransform)
  2. /home/mdugre/scratch/mri-registration-rp/datasets/ds004513/derivatives/mri-registration-rp/0001/antsRegistration-r8-p6/sub-s037/align_Composite.h5[1] (type = Euler3DTransform)
=============================================================================
  number of levels = 4
  fixed image: /templateflow/tpl-MNI152NLin2009cAsym/tpl-MNI152NLin2009cAsym_res-01_desc-brain_T1w.nii.gz
  moving image: /home/mdugre/scratch/mri-registration-rp/datasets/ds004513/derivatives/mri-registration-rp/antsBrainExtraction/sub-s037/BrainExtractionBrain.nii.gz
Dimension = 3
Number of stages = 1
Use histogram matching = false
Winsorize image intensities = true
  Lower quantile = 0.005
  Upper quantile = 0.995


Stage 1 State
   Image metric = MattesMI
     Fixed image = Image (0x3462530)
  RTTI typeinfo:   itk::Image<double, 3u>
  Reference Count: 2
  Modified Time: 1578
  Debug: Off
  Object Name: 
  Observers: 
    none
  Source: (none)
  Source output name: (none)
  Release Data: Off
  Data Released: False
  Global Release Data: Off
  PipelineMTime: 0
  UpdateMTime: 1189
  RealTimeStamp: 0 seconds 
  LargestPossibleRegion: 
    Dimension: 3
    Index: [0, 0, 0]
    Size: [193, 229, 193]
  BufferedRegion: 
    Dimension: 3
    Index: [0, 0, 0]
    Size: [193, 229, 193]
  RequestedRegion: 
    Dimension: 3
    Index: [0, 0, 0]
    Size: [193, 229, 193]
  Spacing: [1, 1, 1]
  Origin: [96, 132, -78]
  Direction: 
-1 0 0
0 -1 0
0 0 1

  IndexToPointMatrix: 
-1 0 0
0 -1 0
0 0 1

  PointToIndexMatrix: 
-1 0 0
0 -1 0
0 0 1

  Inverse Direction: 
-1 0 0
0 -1 0
0 0 1

  PixelContainer: 
    ImportImageContainer (0x3520d60)
      RTTI typeinfo:   itk::ImportImageContainer<unsigned long, double>
      Reference Count: 1
      Modified Time: 1186
      Debug: Off
      Object Name: 
      Observers: 
        none
      Pointer: 0x145f48a9b010
      Container manages memory: true
      Size: 8530021
      Capacity: 8530021

     Moving image = Image (0x3512f60)
  RTTI typeinfo:   itk::Image<double, 3u>
  Reference Count: 2
  Modified Time: 1579
  Debug: Off
  Object Name: 
  Observers: 
    none
  Source: (none)
  Source output name: (none)
  Release Data: Off
  Data Released: False
  Global Release Data: Off
  PipelineMTime: 0
  UpdateMTime: 1576
  RealTimeStamp: 0 seconds 
  LargestPossibleRegion: 
    Dimension: 3
    Index: [0, 0, 0]
    Size: [160, 240, 256]
  BufferedRegion: 
    Dimension: 3
    Index: [0, 0, 0]
    Size: [160, 240, 256]
  RequestedRegion: 
    Dimension: 3
    Index: [0, 0, 0]
    Size: [160, 240, 256]
  Spacing: [1, 1, 1]
  Origin: [87.9508, 102.562, -147.639]
  Direction: 
-0.998659 -0.0436121 -0.0279129
0.043595 -0.999049 0.00121847
-0.0279395 -2.65543e-08 0.99961

  IndexToPointMatrix: 
-0.998659 -0.0436121 -0.0279129
0.043595 -0.999049 0.00121847
-0.0279395 -2.65543e-08 0.99961

  PointToIndexMatrix: 
-0.998659 0.043595 -0.0279395
-0.0436121 -0.999049 -2.65517e-08
-0.0279129 0.00121847 0.99961

  Inverse Direction: 
-0.998659 0.043595 -0.0279395
-0.0436121 -0.999049 -2.65517e-08
-0.0279129 0.00121847 0.99961

  PixelContainer: 
    ImportImageContainer (0x35046d0)
      RTTI typeinfo:   itk::ImportImageContainer<unsigned long, double>
      Reference Count: 1
      Modified Time: 1573
      Debug: Off
      Object Name: 
      Observers: 
        none
      Pointer: 0x145f43f9a010
      Container manages memory: true
      Size: 9830400
      Capacity: 9830400

     Weighting = 1
     Sampling strategy = regular
     Number of bins = 32
     Radius = 4
     Sampling percentage  = 0.25
   Transform = Rigid
     Gradient step = 0.1
     Update field sigma (voxel space) = 0
     Total field sigma (voxel space) = 0
     Update field time sigma = 0
     Total field time sigma  = 0
     Number of time indices = 0
     Number of time point samples = 0
Registration using 1 total stages.

Stage 0
  iterations = 1000x500x250x100
  convergence threshold = 1e-06
  convergence window size = 10
  number of levels = 4
  using the Mattes MI metric (number of bins = 32, weight = 1, use gradient filter = 0)
  preprocessing:  winsorizing the image intensities
  Shrink factors (level 1 out of 4): [8, 8, 8]
  Shrink factors (level 2 out of 4): [4, 4, 4]
  Shrink factors (level 3 out of 4): [2, 2, 2]
  Shrink factors (level 4 out of 4): [1, 1, 1]
  smoothing sigmas per level: [3, 2, 1, 0]
  regular sampling (percentage = 0.25)

*** Running Euler3DTransform registration ***

DIAGNOSTIC,Iteration,metricValue,convergenceValue,ITERATION_TIME_INDEX,SINCE_LAST
 2DIAGNOSTIC,     1, -4.299060189477e-01, 1.797693134862e+308, 7.4106e-01, 7.4106e-01, 
 2DIAGNOSTIC,     2, -4.311703807429e-01, 1.797693134862e+308, 7.4666e-01, 5.5981e-03, 
 2DIAGNOSTIC,     3, -4.334997061176e-01, 1.797693134862e+308, 7.5176e-01, 5.0960e-03, 
 2DIAGNOSTIC,     4, -4.389575130370e-01, 1.797693134862e+308, 7.5686e-01, 5.1060e-03, 
 2DIAGNOSTIC,     5, -4.438813134482e-01, 1.797693134862e+308, 7.6180e-01, 4.9329e-03, 
 2DIAGNOSTIC,     6, -4.461495460377e-01, 1.797693134862e+308, 7.6684e-01, 5.0390e-03, 
 2DIAGNOSTIC,     7, -4.511407144429e-01, 1.797693134862e+308, 7.7299e-01, 6.1500e-03, 
 2DIAGNOSTIC,     8, -4.667812032718e-01, 1.797693134862e+308, 7.7909e-01, 6.1049e-03, 
 2DIAGNOSTIC,     9, -4.753090114372e-01, 1.797693134862e+308, 7.8468e-01, 5.5909e-03, 
 2DIAGNOSTIC,    10, -4.802481719655e-01, 7.481707542057e-03, 7.9044e-01, 5.7611e-03, 
 2DIAGNOSTIC,    11, -4.821261368877e-01, 7.356704266140e-03, 7.9574e-01, 5.2929e-03, 
 2DIAGNOSTIC,    12, -4.837491005316e-01, 6.749992380106e-03, 8.0194e-01, 6.2089e-03, 
 2DIAGNOSTIC,    13, -5.028244927614e-01, 6.622215038759e-03, 8.1053e-01, 8.5840e-03, 
 2DIAGNOSTIC,    14, -5.042109134420e-01, 6.183615245768e-03, 8.1563e-01, 5.0981e-03, 
 2DIAGNOSTIC,    15, -5.066116081865e-01, 5.558135432431e-03, 8.2085e-01, 5.2261e-03, 
 2DIAGNOSTIC,    16, -5.083451635892e-01, 4.676295421523e-03, 8.2604e-01, 5.1858e-03, 
 2DIAGNOSTIC,    17, -5.184993492693e-01, 3.998770500851e-03, 8.3378e-01, 7.7450e-03, 
 2DIAGNOSTIC,    18, -5.256348855940e-01, 3.769024583857e-03, 8.3901e-01, 5.2290e-03, 
 2DIAGNOSTIC,    19, -5.260487277841e-01, 3.491513205909e-03, 8.4513e-01, 6.1162e-03, 
 2DIAGNOSTIC,    20, -5.292109534356e-01, 3.174906823981e-03, 8.5080e-01, 5.6691e-03, 
 2DIAGNOSTIC,    21, -5.301818270942e-01, 2.681600052820e-03, 8.5575e-01, 4.9551e-03, 
 2DIAGNOSTIC,    22, -5.312241402746e-01, 2.041188919115e-03, 8.6135e-01, 5.5919e-03, 
 2DIAGNOSTIC,    23, -5.321371380895e-01, 1.776979356178e-03, 8.6749e-01, 6.1491e-03, 
 2DIAGNOSTIC,    24, -5.330747217609e-01, 1.429098123492e-03, 8.7275e-01, 5.2550e-03, 
 2DIAGNOSTIC,    25, -5.340979433414e-01, 1.060387508335e-03, 8.7824e-01, 5.4951e-03, 
 2DIAGNOSTIC,    26, -5.353301807821e-01, 6.839347382989e-04, 8.8496e-01, 6.7201e-03, 
 2DIAGNOSTIC,    27, -5.359877858116e-01, 5.005580661432e-04, 8.8995e-01, 4.9820e-03, 
 2DIAGNOSTIC,    28, -5.363338898873e-01, 4.385712027910e-04, 8.9480e-01, 4.8501e-03, 
 2DIAGNOSTIC,    29, -5.373050811255e-01, 3.660297734463e-04, 8.9978e-01, 4.9810e-03, 
 2DIAGNOSTIC,    30, -5.398201300714e-01, 3.715998519485e-04, 9.0557e-01, 5.7909e-03, 
 2DIAGNOSTIC,    31, -5.446420760492e-01, 4.465265277146e-04, 9.1649e-01, 1.0923e-02, 
 2DIAGNOSTIC,    32, -5.446644653530e-01, 4.912622651767e-04, 9.2122e-01, 4.7269e-03, 
 2DIAGNOSTIC,    33, -5.447646087091e-01, 5.056446005633e-04, 9.2584e-01, 4.6260e-03, 
 2DIAGNOSTIC,    34, -5.449310357625e-01, 4.904089864921e-04, 9.3052e-01, 4.6742e-03, 
 2DIAGNOSTIC,    35, -5.452044943311e-01, 4.491536157455e-04, 9.3508e-01, 4.5590e-03, 
 2DIAGNOSTIC,    36, -5.456974456494e-01, 3.933097890675e-04, 9.3969e-01, 4.6158e-03, 
 2DIAGNOSTIC,    37, -5.462998655316e-01, 3.227892893422e-04, 9.4429e-01, 4.5969e-03, 
 2DIAGNOSTIC,    38, -5.470544282787e-01, 2.429349314202e-04, 9.4893e-01, 4.6439e-03, 
 2DIAGNOSTIC,    39, -5.483332758273e-01, 1.763365657057e-04, 9.5404e-01, 5.1079e-03, 
 2DIAGNOSTIC,    40, -5.485726163780e-01, 1.327643775837e-04, 9.5865e-01, 4.6060e-03, 
 2DIAGNOSTIC,    41, -5.488485230444e-01, 1.482744852885e-04, 9.6385e-01, 5.1980e-03, 
 2DIAGNOSTIC,    42, -5.491456990155e-01, 1.532236328801e-04, 9.6902e-01, 5.1749e-03, 
 2DIAGNOSTIC,    43, -5.502470558736e-01, 1.586893294606e-04, 9.7477e-01, 5.7540e-03, 
 2DIAGNOSTIC,    44, -5.634825476942e-01, 3.167387297579e-04, 9.8168e-01, 6.9010e-03, 
 2DIAGNOSTIC,    45, -5.665855846635e-01, 4.738301309527e-04, 9.8713e-01, 5.4572e-03, 
 2DIAGNOSTIC,    46, -5.687372828935e-01, 6.109982130635e-04, 9.9242e-01, 5.2872e-03, 
 2DIAGNOSTIC,    47, -5.690960238725e-01, 6.967749592709e-04, 9.9754e-01, 5.1160e-03, 
 2DIAGNOSTIC,    48, -5.694306040062e-01, 7.241631682992e-04, 1.0022e+00, 4.6322e-03, 
 2DIAGNOSTIC,    49, -5.697190526117e-01, 6.963219652352e-04, 1.0069e+00, 4.6849e-03, 
 2DIAGNOSTIC,    50, -5.705658293786e-01, 6.139569896862e-04, 1.0126e+00, 5.7309e-03, 
 2DIAGNOSTIC,    51, -5.709126813512e-01, 4.847474211799e-04, 1.0172e+00, 4.6549e-03, 
 2DIAGNOSTIC,    52, -5.715878762873e-01, 3.265447393978e-04, 1.0218e+00, 4.5769e-03, 
 2DIAGNOSTIC,    53, -5.721850163743e-01, 1.578062276714e-04, 1.0266e+00, 4.7948e-03, 
 2DIAGNOSTIC,    54, -5.747988242640e-01, 1.392702645016e-04, 1.0318e+00, 5.2190e-03, 
 2DIAGNOSTIC,    55, -5.764690523872e-01, 1.539149788984e-04, 1.0395e+00, 7.6871e-03, 
 2DIAGNOSTIC,    56, -5.798859610867e-01, 2.067967665482e-04, 1.0447e+00, 5.1799e-03, 
 2DIAGNOSTIC,    57, -5.803402571098e-01, 2.451476467951e-04, 1.0493e+00, 4.6000e-03, 
 2DIAGNOSTIC,    58, -5.807631712981e-01, 2.659816136919e-04, 1.0545e+00, 5.1799e-03, 
 2DIAGNOSTIC,    59, -5.821568299479e-01, 2.757581649360e-04, 1.0601e+00, 5.6679e-03, 
 2DIAGNOSTIC,    60, -5.824516937248e-01, 2.683305165698e-04, 1.0653e+00, 5.1239e-03, 
 2DIAGNOSTIC,    61, -5.826582187092e-01, 2.401339254547e-04, 1.0708e+00, 5.5470e-03, 
 2DIAGNOSTIC,    62, -5.827104298418e-01, 1.965334471524e-04, 1.0754e+00, 4.6160e-03, 
 2DIAGNOSTIC,    63, -5.827334856848e-01, 1.408057132052e-04, 1.0799e+00, 4.4289e-03, 
 2DIAGNOSTIC,    64, -5.827394950753e-01, 9.513597212700e-05, 1.0844e+00, 4.5359e-03, 
 2DIAGNOSTIC,    65, -5.827594007941e-01, 5.496205315206e-05, 1.0895e+00, 5.1320e-03, 
 2DIAGNOSTIC,    66, -5.827116005439e-01, 3.809717412545e-05, 1.0943e+00, 4.8001e-03, 
 2DIAGNOSTIC,    67, -5.827384527730e-01, 2.205241824174e-05, 1.1003e+00, 5.9421e-03, 
 2DIAGNOSTIC,    68, -5.827468037928e-01, 7.540267574959e-06, 1.1052e+00, 4.8900e-03, 
 2DIAGNOSTIC,    69, -5.827514226657e-01, 3.492686842348e-06, 1.1107e+00, 5.5399e-03, 
 2DIAGNOSTIC,    70, -5.828385551227e-01, 2.133217231953e-06, 1.1155e+00, 4.7920e-03, 
 2DIAGNOSTIC,    71, -5.828444828357e-01, 2.217220147944e-06, 1.1204e+00, 4.9481e-03, 
 2DIAGNOSTIC,    72, -5.828761184465e-01, 2.749149312035e-06, 1.1270e+00, 6.5911e-03, 
 2DIAGNOSTIC,    73, -5.829525262599e-01, 3.761809089130e-06, 1.1432e+00, 1.6181e-02, 
 2DIAGNOSTIC,    74, -5.829525244522e-01, 4.450157642326e-06, 1.1478e+00, 4.6339e-03, 
 2DIAGNOSTIC,    75, -5.829525270091e-01, 4.886356404908e-06, 1.1527e+00, 4.8430e-03, 
 2DIAGNOSTIC,    76, -5.829525313320e-01, 4.553426992335e-06, 1.1574e+00, 4.7369e-03, 
 2DIAGNOSTIC,    77, -5.829525386379e-01, 4.019909600424e-06, 1.1625e+00, 5.0650e-03, 
 2DIAGNOSTIC,    78, -5.829525509806e-01, 3.209802962784e-06, 1.1672e+00, 4.7240e-03, 
 2DIAGNOSTIC,    79, -5.829525718190e-01, 2.170538624120e-06, 1.1722e+00, 4.9641e-03, 
 2DIAGNOSTIC,    80, -5.829526069626e-01, 1.571236448257e-06, 1.1769e+00, 4.7300e-03, 
DIAGNOSTIC,Iteration,metricValue,convergenceValue,ITERATION_TIME_INDEX,SINCE_LAST
 2DIAGNOSTIC,     1, -4.666692017686e-01, 1.797693134862e+308, 1.9250e+00, 7.4813e-01, 
 2DIAGNOSTIC,     2, -4.671071000448e-01, 1.797693134862e+308, 1.9601e+00, 3.5107e-02, 
 2DIAGNOSTIC,     3, -4.683248871862e-01, 1.797693134862e+308, 1.9917e+00, 3.1572e-02, 
 2DIAGNOSTIC,     4, -4.710807125774e-01, 1.797693134862e+308, 2.0268e+00, 3.5080e-02, 
 2DIAGNOSTIC,     5, -4.730851819739e-01, 1.797693134862e+308, 2.0584e+00, 3.1574e-02, 
 2DIAGNOSTIC,     6, -4.754396479907e-01, 1.797693134862e+308, 2.0954e+00, 3.7059e-02, 
 2DIAGNOSTIC,     7, -4.782051724454e-01, 1.797693134862e+308, 2.1290e+00, 3.3579e-02, 
 2DIAGNOSTIC,     8, -4.787893773193e-01, 1.797693134862e+308, 2.1590e+00, 3.0011e-02, 
 2DIAGNOSTIC,     9, -4.818239550769e-01, 1.797693134862e+308, 2.1925e+00, 3.3506e-02, 
 2DIAGNOSTIC,    10, -4.839010502415e-01, 2.468268145806e-03, 2.2263e+00, 3.3821e-02, 
 2DIAGNOSTIC,    11, -4.849016324191e-01, 2.289095475653e-03, 2.2721e+00, 4.5761e-02, 
 2DIAGNOSTIC,    12, -4.854505127888e-01, 1.985527943273e-03, 2.3067e+00, 3.4571e-02, 
 2DIAGNOSTIC,    13, -4.863306396504e-01, 1.645838568732e-03, 2.3367e+00, 2.9976e-02, 
 2DIAGNOSTIC,    14, -4.865873392477e-01, 1.332463008817e-03, 2.3697e+00, 3.3009e-02, 
 2DIAGNOSTIC,    15, -4.867581838817e-01, 1.023980187480e-03, 2.3985e+00, 2.8786e-02, 
 2DIAGNOSTIC,    16, -4.870396395591e-01, 7.574825729213e-04, 2.4315e+00, 3.3066e-02, 
 2DIAGNOSTIC,    17, -4.895214609180e-01, 6.374269323575e-04, 2.4752e+00, 4.3646e-02, 
 2DIAGNOSTIC,    18, -4.910703365456e-01, 5.381753319643e-04, 2.5051e+00, 2.9987e-02, 
 2DIAGNOSTIC,    19, -4.914606769266e-01, 5.047456612169e-04, 2.5425e+00, 3.7392e-02, 
 2DIAGNOSTIC,    20, -4.915773243637e-01, 4.938517142118e-04, 2.5722e+00, 2.9702e-02, 
 2DIAGNOSTIC,    21, -4.916829261315e-01, 4.695866771871e-04, 2.6059e+00, 3.3620e-02, 
 2DIAGNOSTIC,    22, -4.917322799241e-01, 4.182389247138e-04, 2.6360e+00, 3.0122e-02, 
 2DIAGNOSTIC,    23, -4.917938300999e-01, 3.556705228300e-04, 2.6659e+00, 2.9894e-02, 
 2DIAGNOSTIC,    24, -4.926983339913e-01, 2.943291210265e-04, 2.6994e+00, 3.3488e-02, 
 2DIAGNOSTIC,    25, -4.929552101023e-01, 2.209990243385e-04, 2.7405e+00, 4.1098e-02, 
 2DIAGNOSTIC,    26, -4.930700061308e-01, 1.407259186400e-04, 2.7743e+00, 3.3802e-02, 
 2DIAGNOSTIC,    27, -4.931278716837e-01, 1.080590005002e-04, 2.8090e+00, 3.4747e-02, 
 2DIAGNOSTIC,    28, -4.930925645757e-01, 9.922204673599e-05, 2.8482e+00, 3.9194e-02, 
 2DIAGNOSTIC,    29, -4.931209804540e-01, 8.992877294056e-05, 2.8837e+00, 3.5519e-02, 
 2DIAGNOSTIC,    30, -4.931667832703e-01, 7.585190425648e-05, 2.9148e+00, 3.1122e-02, 
 2DIAGNOSTIC,    31, -4.931687149824e-01, 5.783294906499e-05, 2.9490e+00, 3.4171e-02, 
 2DIAGNOSTIC,    32, -4.931769452105e-01, 3.687054452451e-05, 2.9830e+00, 3.3974e-02, 
 2DIAGNOSTIC,    33, -4.931626823855e-01, 1.427891231078e-05, 3.0172e+00, 3.4196e-02, 
 2DIAGNOSTIC,    34, -4.931788642844e-01, 7.522702539953e-06, 3.0527e+00, 3.5473e-02, 
 2DIAGNOSTIC,    35, -4.931776936236e-01, 4.728215484463e-06, 3.0875e+00, 3.4828e-02, 
 2DIAGNOSTIC,    36, -4.931790325512e-01, 3.584045832200e-06, 3.1178e+00, 3.0337e-02, 
 2DIAGNOSTIC,    37, -4.931882118375e-01, 3.340262467504e-06, 3.1515e+00, 3.3683e-02, 
 2DIAGNOSTIC,    38, -4.932045355954e-01, 2.577379203426e-06, 3.1812e+00, 2.9650e-02, 
 2DIAGNOSTIC,    39, -4.931988821124e-01, 2.004518284041e-06, 3.2179e+00, 3.6708e-02, 
 2DIAGNOSTIC,    40, -4.932259331076e-01, 2.415016465217e-06, 3.2558e+00, 3.7953e-02, 
 2DIAGNOSTIC,    41, -4.932066300884e-01, 2.393552280919e-06, 3.2899e+00, 3.4030e-02, 
 2DIAGNOSTIC,    42, -4.932234253909e-01, 2.583017120080e-06, 3.3270e+00, 3.7180e-02, 
 2DIAGNOSTIC,    43, -4.932162242309e-01, 2.285278108461e-06, 3.3615e+00, 3.4478e-02, 
 2DIAGNOSTIC,    44, -4.932053625526e-01, 1.927814683167e-06, 3.3968e+00, 3.5243e-02, 
 2DIAGNOSTIC,    45, -4.932061163179e-01, 1.472738278427e-06, 3.4271e+00, 3.0380e-02, 
DIAGNOSTIC,Iteration,metricValue,convergenceValue,ITERATION_TIME_INDEX,SINCE_LAST
 2DIAGNOSTIC,     1, -4.343580749925e-01, 1.797693134862e+308, 4.5499e+00, 1.1228e+00, 
 2DIAGNOSTIC,     2, -4.344481295087e-01, 1.797693134862e+308, 4.7728e+00, 2.2293e-01, 
 2DIAGNOSTIC,     3, -4.345267240932e-01, 1.797693134862e+308, 5.0068e+00, 2.3398e-01, 
 2DIAGNOSTIC,     4, -4.346740931128e-01, 1.797693134862e+308, 5.2754e+00, 2.6856e-01, 
 2DIAGNOSTIC,     5, -4.347366792952e-01, 1.797693134862e+308, 5.5970e+00, 3.2163e-01, 
 2DIAGNOSTIC,     6, -4.347617096370e-01, 1.797693134862e+308, 5.8234e+00, 2.2643e-01, 
 2DIAGNOSTIC,     7, -4.347834284225e-01, 1.797693134862e+308, 6.0488e+00, 2.2535e-01, 
 2DIAGNOSTIC,     8, -4.348191922189e-01, 1.797693134862e+308, 6.2813e+00, 2.3254e-01, 
 2DIAGNOSTIC,     9, -4.349142212588e-01, 1.797693134862e+308, 6.5823e+00, 3.0096e-01, 
 2DIAGNOSTIC,    10, -4.349258389479e-01, 8.395805342777e-05, 6.8183e+00, 2.3603e-01, 
 2DIAGNOSTIC,    11, -4.349526502206e-01, 6.612444610575e-05, 7.1159e+00, 2.9755e-01, 
 2DIAGNOSTIC,    12, -4.349752597377e-01, 5.178027230489e-05, 7.4117e+00, 2.9582e-01, 
 2DIAGNOSTIC,    13, -4.349771864644e-01, 3.904419375080e-05, 7.8664e+00, 4.5470e-01, 
 2DIAGNOSTIC,    14, -4.349796519708e-01, 3.169493443317e-05, 8.1263e+00, 2.5988e-01, 
 2DIAGNOSTIC,    15, -4.349781951857e-01, 2.529502389535e-05, 8.3769e+00, 2.5067e-01, 
 2DIAGNOSTIC,    16, -4.349766924076e-01, 1.856759322774e-05, 8.6145e+00, 2.3761e-01, 
 2DIAGNOSTIC,    17, -4.349760335462e-01, 1.191107234140e-05, 8.8479e+00, 2.3336e-01, 
 2DIAGNOSTIC,    18, -4.349746901789e-01, 6.233482965357e-06, 9.1096e+00, 2.6169e-01, 
 2DIAGNOSTIC,    19, -4.349740484514e-01, 3.998001501727e-06, 9.3321e+00, 2.2254e-01, 
 2DIAGNOSTIC,    20, -4.349734988474e-01, 2.117180437085e-06, 9.5886e+00, 2.5647e-01, 
 2DIAGNOSTIC,    21, -4.349728704711e-01, 1.163827979427e-06, 9.8261e+00, 2.3755e-01, 
DIAGNOSTIC,Iteration,metricValue,convergenceValue,ITERATION_TIME_INDEX,SINCE_LAST
 2DIAGNOSTIC,     1, -4.014524779102e-01, 1.797693134862e+308, 1.2343e+01, 2.5172e+00, 
 2DIAGNOSTIC,     2, -4.015607182146e-01, 1.797693134862e+308, 1.3848e+01, 1.5041e+00, 
 2DIAGNOSTIC,     3, -4.016805201096e-01, 1.797693134862e+308, 1.5760e+01, 1.9128e+00, 
 2DIAGNOSTIC,     4, -4.016976637857e-01, 1.797693134862e+308, 1.7678e+01, 1.9173e+00, 
 2DIAGNOSTIC,     5, -4.016979121880e-01, 1.797693134862e+308, 1.9366e+01, 1.6882e+00, 
 2DIAGNOSTIC,     6, -4.016979996371e-01, 1.797693134862e+308, 2.1835e+01, 2.4696e+00, 
 2DIAGNOSTIC,     7, -4.016971397922e-01, 1.797693134862e+308, 2.3923e+01, 2.0878e+00, 
 2DIAGNOSTIC,     8, -4.016970472099e-01, 1.797693134862e+308, 2.5960e+01, 2.0372e+00, 
 2DIAGNOSTIC,     9, -4.016969449866e-01, 1.797693134862e+308, 2.7681e+01, 1.7205e+00, 
 2DIAGNOSTIC,    10, -4.016969042364e-01, 2.970179419060e-05, 2.9182e+01, 1.5010e+00, 
 2DIAGNOSTIC,    11, -4.016969810237e-01, 1.251036330099e-05, 3.0932e+01, 1.7503e+00, 
 2DIAGNOSTIC,    12, -4.016971859611e-01, 3.526918040730e-06, 3.2418e+01, 1.4856e+00, 
 2DIAGNOSTIC,    13, -4.016970494239e-01, 2.333294975843e-06, 3.3811e+01, 1.3933e+00, 
 2DIAGNOSTIC,    14, -4.016967656640e-01, 2.172138654513e-06, 3.5350e+01, 1.5387e+00, 
 2DIAGNOSTIC,    15, -4.016965626874e-01, 2.043579346758e-06, 3.7050e+01, 1.7003e+00, 
 2DIAGNOSTIC,    16, -4.016967320896e-01, 1.950420457517e-06, 3.8669e+01, 1.6187e+00, 
 2DIAGNOSTIC,    17, -4.016967616985e-01, 1.836549383447e-06, 4.0327e+01, 1.6579e+00, 
 2DIAGNOSTIC,    18, -4.016968077368e-01, 1.736874281878e-06, 4.1858e+01, 1.5311e+00, 
 2DIAGNOSTIC,    19, -4.016967774973e-01, 1.646075053194e-06, 4.3480e+01, 1.6221e+00, 
 2DIAGNOSTIC,    20, -4.016968276625e-01, 1.567445532244e-06, 4.5157e+01, 1.6776e+00, 
 2DIAGNOSTIC,    21, -4.016966114655e-01, 1.493243566228e-06, 4.6576e+01, 1.4186e+00, 
 2DIAGNOSTIC,    22, -4.016966860278e-01, 1.436861651355e-06, 4.8081e+01, 1.5050e+00, 
 2DIAGNOSTIC,    23, -4.016968380346e-01, 1.386826262058e-06, 4.9436e+01, 1.3553e+00, 
 2DIAGNOSTIC,    24, -4.016971210309e-01, 1.340633209806e-06, 5.0965e+01, 1.5281e+00, 
 2DIAGNOSTIC,    25, -4.016971037963e-01, 1.290232606026e-06, 5.2838e+01, 1.8733e+00, 
 2DIAGNOSTIC,    26, -4.016970402013e-01, 1.245154416123e-06, 5.4469e+01, 1.6314e+00, 
 2DIAGNOSTIC,    27, -4.016968870191e-01, 1.198251884174e-06, 5.6017e+01, 1.5476e+00, 
 2DIAGNOSTIC,    28, -4.016967477739e-01, 1.150385607968e-06, 5.7790e+01, 1.7734e+00, 
 2DIAGNOSTIC,    29, -4.016966911619e-01, 1.102182259030e-06, 5.9314e+01, 1.5236e+00, 
 2DIAGNOSTIC,    30, -4.016965686443e-01, 1.055142799938e-06, 6.0926e+01, 1.6127e+00, 
 2DIAGNOSTIC,    31, -4.016965146850e-01, 1.005616663399e-06, 6.2465e+01, 1.5382e+00, 
  Elapsed time (stage 0): 6.3350e+01


Total elapsed time: 6.3353e+01
Info [verificarlo]: loaded backend libinterflop_ieee.so
Info [interflop-ieee]: load backend with:
Info [interflop-ieee]: debug = false
Info [interflop-ieee]: debug-binary = false
Info [interflop-ieee]: no-backend-name = false
Info [interflop-ieee]: print-new-line = false
Info [interflop-ieee]: print-subnormal-normalized = false
Info [interflop-ieee]: count-op = false
All_Command_lines_OK
Using double precision for computations.
=============================================================================
The composite transform comprises the following transforms (in order): 
  1. /home/mdugre/scratch/mri-registration-rp/datasets/ds004513/derivatives/mri-registration-rp/0001/antsRegistration-r8-p6/sub-s037/rigid_Composite.h5[0] (type = Euler3DTransform)
  2. /home/mdugre/scratch/mri-registration-rp/datasets/ds004513/derivatives/mri-registration-rp/0001/antsRegistration-r8-p6/sub-s037/rigid_Composite.h5[1] (type = Euler3DTransform)
  3. /home/mdugre/scratch/mri-registration-rp/datasets/ds004513/derivatives/mri-registration-rp/0001/antsRegistration-r8-p6/sub-s037/rigid_Composite.h5[2] (type = Euler3DTransform)
=============================================================================
  number of levels = 4
  fixed image: /templateflow/tpl-MNI152NLin2009cAsym/tpl-MNI152NLin2009cAsym_res-01_desc-brain_T1w.nii.gz
  moving image: /home/mdugre/scratch/mri-registration-rp/datasets/ds004513/derivatives/mri-registration-rp/antsBrainExtraction/sub-s037/BrainExtractionBrain.nii.gz
Dimension = 3
Number of stages = 1
Use histogram matching = false
Winsorize image intensities = true
  Lower quantile = 0.005
  Upper quantile = 0.995


Stage 1 State
   Image metric = MattesMI
     Fixed image = Image (0x4fc3530)
  RTTI typeinfo:   itk::Image<double, 3u>
  Reference Count: 2
  Modified Time: 1592
  Debug: Off
  Object Name: 
  Observers: 
    none
  Source: (none)
  Source output name: (none)
  Release Data: Off
  Data Released: False
  Global Release Data: Off
  PipelineMTime: 0
  UpdateMTime: 1203
  RealTimeStamp: 0 seconds 
  LargestPossibleRegion: 
    Dimension: 3
    Index: [0, 0, 0]
    Size: [193, 229, 193]
  BufferedRegion: 
    Dimension: 3
    Index: [0, 0, 0]
    Size: [193, 229, 193]
  RequestedRegion: 
    Dimension: 3
    Index: [0, 0, 0]
    Size: [193, 229, 193]
  Spacing: [1, 1, 1]
  Origin: [96, 132, -78]
  Direction: 
-1 0 0
0 -1 0
0 0 1

  IndexToPointMatrix: 
-1 0 0
0 -1 0
0 0 1

  PointToIndexMatrix: 
-1 0 0
0 -1 0
0 0 1

  Inverse Direction: 
-1 0 0
0 -1 0
0 0 1

  PixelContainer: 
    ImportImageContainer (0x507c2a0)
      RTTI typeinfo:   itk::ImportImageContainer<unsigned long, double>
      Reference Count: 1
      Modified Time: 1200
      Debug: Off
      Object Name: 
      Observers: 
        none
      Pointer: 0x147b0e725010
      Container manages memory: true
      Size: 8530021
      Capacity: 8530021

     Moving image = Image (0x507ee60)
  RTTI typeinfo:   itk::Image<double, 3u>
  Reference Count: 2
  Modified Time: 1593
  Debug: Off
  Object Name: 
  Observers: 
    none
  Source: (none)
  Source output name: (none)
  Release Data: Off
  Data Released: False
  Global Release Data: Off
  PipelineMTime: 0
  UpdateMTime: 1590
  RealTimeStamp: 0 seconds 
  LargestPossibleRegion: 
    Dimension: 3
    Index: [0, 0, 0]
    Size: [160, 240, 256]
  BufferedRegion: 
    Dimension: 3
    Index: [0, 0, 0]
    Size: [160, 240, 256]
  RequestedRegion: 
    Dimension: 3
    Index: [0, 0, 0]
    Size: [160, 240, 256]
  Spacing: [1, 1, 1]
  Origin: [87.9508, 102.562, -147.639]
  Direction: 
-0.998659 -0.0436121 -0.0279129
0.043595 -0.999049 0.00121847
-0.0279395 -2.65543e-08 0.99961

  IndexToPointMatrix: 
-0.998659 -0.0436121 -0.0279129
0.043595 -0.999049 0.00121847
-0.0279395 -2.65543e-08 0.99961

  PointToIndexMatrix: 
-0.998659 0.043595 -0.0279395
-0.0436121 -0.999049 -2.65517e-08
-0.0279129 0.00121847 0.99961

  Inverse Direction: 
-0.998659 0.043595 -0.0279395
-0.0436121 -0.999049 -2.65517e-08
-0.0279129 0.00121847 0.99961

  PixelContainer: 
    ImportImageContainer (0x50b2390)
      RTTI typeinfo:   itk::ImportImageContainer<unsigned long, double>
      Reference Count: 1
      Modified Time: 1587
      Debug: Off
      Object Name: 
      Observers: 
        none
      Pointer: 0x147b09c24010
      Container manages memory: true
      Size: 9830400
      Capacity: 9830400

     Weighting = 1
     Sampling strategy = regular
     Number of bins = 32
     Radius = 4
     Sampling percentage  = 0.25
   Transform = Affine
     Gradient step = 0.1
     Update field sigma (voxel space) = 0
     Total field sigma (voxel space) = 0
     Update field time sigma = 0
     Total field time sigma  = 0
     Number of time indices = 0
     Number of time point samples = 0
Registration using 1 total stages.

Stage 0
  iterations = 1000x500x250x100
  convergence threshold = 1e-06
  convergence window size = 10
  number of levels = 4
  using the Mattes MI metric (number of bins = 32, weight = 1, use gradient filter = 0)
  preprocessing:  winsorizing the image intensities
  Shrink factors (level 1 out of 4): [8, 8, 8]
  Shrink factors (level 2 out of 4): [4, 4, 4]
  Shrink factors (level 3 out of 4): [2, 2, 2]
  Shrink factors (level 4 out of 4): [1, 1, 1]
  smoothing sigmas per level: [3, 2, 1, 0]
  regular sampling (percentage = 0.25)

*** Running AffineTransform registration ***

DIAGNOSTIC,Iteration,metricValue,convergenceValue,ITERATION_TIME_INDEX,SINCE_LAST
 2DIAGNOSTIC,     1, -5.865790359238e-01, 1.797693134862e+308, 7.1476e-01, 7.1476e-01, 
 2DIAGNOSTIC,     2, -5.881698059586e-01, 1.797693134862e+308, 7.1952e-01, 4.7569e-03, 
 2DIAGNOSTIC,     3, -5.909660940084e-01, 1.797693134862e+308, 7.2447e-01, 4.9529e-03, 
 2DIAGNOSTIC,     4, -5.955411153136e-01, 1.797693134862e+308, 7.2931e-01, 4.8351e-03, 
 2DIAGNOSTIC,     5, -6.037619701794e-01, 1.797693134862e+308, 7.3414e-01, 4.8270e-03, 
 2DIAGNOSTIC,     6, -6.148202200295e-01, 1.797693134862e+308, 7.3886e-01, 4.7250e-03, 
 2DIAGNOSTIC,     7, -6.323493289319e-01, 1.797693134862e+308, 7.4377e-01, 4.9071e-03, 
 2DIAGNOSTIC,     8, -6.641780765475e-01, 1.797693134862e+308, 7.5013e-01, 6.3660e-03, 
 2DIAGNOSTIC,     9, -7.104895172303e-01, 1.797693134862e+308, 7.5698e-01, 6.8491e-03, 
 2DIAGNOSTIC,    10, -7.122853625105e-01, 1.367317130627e-02, 7.6219e-01, 5.2099e-03, 
 2DIAGNOSTIC,    11, -7.173495089210e-01, 1.405757334045e-02, 7.6745e-01, 5.2559e-03, 
 2DIAGNOSTIC,    12, -7.228108356301e-01, 1.338356412305e-02, 7.7341e-01, 5.9612e-03, 
 2DIAGNOSTIC,    13, -7.234050741474e-01, 1.171738201258e-02, 7.8084e-01, 7.4251e-03, 
 2DIAGNOSTIC,    14, -7.235520639564e-01, 9.385595614396e-03, 7.8639e-01, 5.5590e-03, 
 2DIAGNOSTIC,    15, -7.237791956264e-01, 6.793728971847e-03, 7.9160e-01, 5.2030e-03, 
 2DIAGNOSTIC,    16, -7.236181298315e-01, 4.241043142276e-03, 7.9819e-01, 6.5970e-03, 
 2DIAGNOSTIC,    17, -7.236676223442e-01, 2.054589252329e-03, 8.0405e-01, 5.8520e-03, 
 2DIAGNOSTIC,    18, -7.236142700535e-01, 6.593474192116e-04, 8.1035e-01, 6.3040e-03, 
 2DIAGNOSTIC,    19, -7.235315105484e-01, 3.892800334002e-04, 8.1626e-01, 5.9052e-03, 
 2DIAGNOSTIC,    20, -7.233548982824e-01, 1.447568635142e-04, 8.2153e-01, 5.2760e-03, 
 2DIAGNOSTIC,    21, -7.233991087454e-01, 1.081323723023e-05, 8.2671e-01, 5.1818e-03, 
DIAGNOSTIC,Iteration,metricValue,convergenceValue,ITERATION_TIME_INDEX,SINCE_LAST
 2DIAGNOSTIC,     1, -5.954879582668e-01, 1.797693134862e+308, 1.5379e+00, 7.1124e-01, 
 2DIAGNOSTIC,     2, -5.960473640588e-01, 1.797693134862e+308, 1.5755e+00, 3.7540e-02, 
 2DIAGNOSTIC,     3, -5.966559353507e-01, 1.797693134862e+308, 1.6132e+00, 3.7740e-02, 
 2DIAGNOSTIC,     4, -5.973349428769e-01, 1.797693134862e+308, 1.6496e+00, 3.6368e-02, 
 2DIAGNOSTIC,     5, -5.981321963151e-01, 1.797693134862e+308, 1.6881e+00, 3.8500e-02, 
 2DIAGNOSTIC,     6, -5.989674306285e-01, 1.797693134862e+308, 1.7292e+00, 4.1130e-02, 
 2DIAGNOSTIC,     7, -5.991078154672e-01, 1.797693134862e+308, 1.7674e+00, 3.8188e-02, 
 2DIAGNOSTIC,     8, -5.993405281574e-01, 1.797693134862e+308, 1.8077e+00, 4.0279e-02, 
 2DIAGNOSTIC,     9, -5.997801662977e-01, 1.797693134862e+308, 1.8521e+00, 4.4431e-02, 
 2DIAGNOSTIC,    10, -5.998302360398e-01, 4.999613633649e-04, 1.8875e+00, 3.5383e-02, 
 2DIAGNOSTIC,    11, -5.999904519797e-01, 3.924693315697e-04, 1.9252e+00, 3.7736e-02, 
 2DIAGNOSTIC,    12, -6.001945024151e-01, 2.982487873525e-04, 1.9632e+00, 3.7990e-02, 
 2DIAGNOSTIC,    13, -6.010217340184e-01, 2.440988571446e-04, 2.0040e+00, 4.0781e-02, 
 2DIAGNOSTIC,    14, -6.026859101388e-01, 2.538874225271e-04, 2.0815e+00, 7.7524e-02, 
 2DIAGNOSTIC,    15, -6.026865405374e-01, 2.628679206976e-04, 2.1285e+00, 4.6997e-02, 
 2DIAGNOSTIC,    16, -6.026934692899e-01, 2.728377373801e-04, 2.1743e+00, 4.5730e-02, 
 2DIAGNOSTIC,    17, -6.026977475388e-01, 2.612722541377e-04, 2.2158e+00, 4.1535e-02, 
 2DIAGNOSTIC,    18, -6.026826140716e-01, 2.319702263058e-04, 2.2542e+00, 3.8394e-02, 
 2DIAGNOSTIC,    19, -6.026561394990e-01, 1.940766028658e-04, 2.2970e+00, 4.2760e-02, 
 2DIAGNOSTIC,    20, -6.026666951192e-01, 1.436856760124e-04, 2.3373e+00, 4.0301e-02, 
 2DIAGNOSTIC,    21, -6.026565715448e-01, 8.894734996696e-05, 2.3762e+00, 3.8901e-02, 
 2DIAGNOSTIC,    22, -6.026525721030e-01, 3.526930637614e-05, 2.4154e+00, 3.9221e-02, 
DIAGNOSTIC,Iteration,metricValue,convergenceValue,ITERATION_TIME_INDEX,SINCE_LAST
 2DIAGNOSTIC,     1, -5.274950123813e-01, 1.797693134862e+308, 3.5572e+00, 1.1419e+00, 
 2DIAGNOSTIC,     2, -5.276886309214e-01, 1.797693134862e+308, 3.8837e+00, 3.2645e-01, 
 2DIAGNOSTIC,     3, -5.277979229603e-01, 1.797693134862e+308, 4.1821e+00, 2.9839e-01, 
 2DIAGNOSTIC,     4, -5.278688057034e-01, 1.797693134862e+308, 4.6077e+00, 4.2566e-01, 
 2DIAGNOSTIC,     5, -5.278698780941e-01, 1.797693134862e+308, 5.0092e+00, 4.0145e-01, 
 2DIAGNOSTIC,     6, -5.278706866964e-01, 1.797693134862e+308, 5.4053e+00, 3.9607e-01, 
 2DIAGNOSTIC,     7, -5.278681252337e-01, 1.797693134862e+308, 5.8442e+00, 4.3894e-01, 
 2DIAGNOSTIC,     8, -5.278669575564e-01, 1.797693134862e+308, 6.2340e+00, 3.8980e-01, 
 2DIAGNOSTIC,     9, -5.278653170676e-01, 1.797693134862e+308, 6.6570e+00, 4.2305e-01, 
 2DIAGNOSTIC,    10, -5.278648532963e-01, 3.400784086652e-05, 7.0088e+00, 3.5177e-01, 
 2DIAGNOSTIC,    11, -5.278643878359e-01, 1.415027930664e-05, 7.3530e+00, 3.4419e-01, 
 2DIAGNOSTIC,    12, -5.278623073107e-01, 5.087532257864e-06, 7.6425e+00, 2.8947e-01, 
 2DIAGNOSTIC,    13, -5.278637936592e-01, 1.707902837281e-06, 7.9812e+00, 3.3877e-01, 
 2DIAGNOSTIC,    14, -5.278634782986e-01, 1.588369869146e-06, 8.3214e+00, 3.4019e-01, 
 2DIAGNOSTIC,    15, -5.278616521061e-01, 1.517848927171e-06, 8.6879e+00, 3.6646e-01, 
 2DIAGNOSTIC,    16, -5.278623776539e-01, 1.567194113761e-06, 9.0186e+00, 3.3076e-01, 
 2DIAGNOSTIC,    17, -5.278604472101e-01, 1.506892086077e-06, 9.3522e+00, 3.3353e-01, 
 2DIAGNOSTIC,    18, -5.278593786333e-01, 1.421615467199e-06, 9.6757e+00, 3.2348e-01, 
 2DIAGNOSTIC,    19, -5.278589314523e-01, 1.318173965856e-06, 9.9984e+00, 3.2274e-01, 
 2DIAGNOSTIC,    20, -5.278607288228e-01, 1.294345442056e-06, 1.0366e+01, 3.6722e-01, 
 2DIAGNOSTIC,    21, -5.278607178594e-01, 1.288170750000e-06, 1.0679e+01, 3.1292e-01, 
 2DIAGNOSTIC,    22, -5.278597152071e-01, 1.227583741284e-06, 1.1010e+01, 3.3193e-01, 
 2DIAGNOSTIC,    23, -5.278581816008e-01, 1.193552076437e-06, 1.1334e+01, 3.2313e-01, 
 2DIAGNOSTIC,    24, -5.278564913526e-01, 1.136611486506e-06, 1.1621e+01, 2.8730e-01, 
 2DIAGNOSTIC,    25, -5.278569651095e-01, 1.071181868768e-06, 1.1950e+01, 3.2874e-01, 
 2DIAGNOSTIC,    26, -5.278564510737e-01, 1.033546390770e-06, 1.2232e+01, 2.8246e-01, 
DIAGNOSTIC,Iteration,metricValue,convergenceValue,ITERATION_TIME_INDEX,SINCE_LAST
 2DIAGNOSTIC,     1, -4.830248965171e-01, 1.797693134862e+308, 1.5292e+01, 3.0601e+00, 
 2DIAGNOSTIC,     2, -4.831799927010e-01, 1.797693134862e+308, 1.7173e+01, 1.8811e+00, 
 2DIAGNOSTIC,     3, -4.834505232318e-01, 1.797693134862e+308, 1.8971e+01, 1.7980e+00, 
 2DIAGNOSTIC,     4, -4.837258760215e-01, 1.797693134862e+308, 2.0913e+01, 1.9416e+00, 
 2DIAGNOSTIC,     5, -4.840592938554e-01, 1.797693134862e+308, 2.3035e+01, 2.1226e+00, 
 2DIAGNOSTIC,     6, -4.842615379173e-01, 1.797693134862e+308, 2.6777e+01, 3.7420e+00, 
 2DIAGNOSTIC,     7, -4.842617709995e-01, 1.797693134862e+308, 2.9100e+01, 2.3227e+00, 
 2DIAGNOSTIC,     8, -4.842614444234e-01, 1.797693134862e+308, 3.1469e+01, 2.3692e+00, 
 2DIAGNOSTIC,     9, -4.842613711547e-01, 1.797693134862e+308, 3.3831e+01, 2.3617e+00, 
 2DIAGNOSTIC,    10, -4.842606968761e-01, 1.813554684151e-04, 3.6659e+01, 2.8281e+00, 
 2DIAGNOSTIC,    11, -4.842604331952e-01, 1.234862588501e-04, 3.8893e+01, 2.2337e+00, 
 2DIAGNOSTIC,    12, -4.842604881940e-01, 7.206084282486e-05, 4.0932e+01, 2.0388e+00, 
 2DIAGNOSTIC,    13, -4.842603492171e-01, 3.447319973165e-05, 4.3072e+01, 2.1402e+00, 
