
##########################
# Experiment information #
##########################

EXPERIMENT_NAME: antsRegistration-r7-p6
VFC_BACKENDS: libinterflop_vprec.so --range-binary32=7 --precision-binary32=6 --range-binary64=7 --precision-binary64=6

SIF_IMG: /home/mdugre/projects/rrg-glatard/mdugre/containers/ants-vprec-no_metrics.simg

SUBJECT_ID: s035
INPUT_IMG: /home/mdugre/scratch/mri-registration-rp/datasets/ds004513/derivatives/mri-registration-rp/antsBrainExtraction/sub-s035/BrainExtractionBrain.nii.gz
OUTPUT_DIR: /home/mdugre/scratch/mri-registration-rp/datasets/ds004513/derivatives/mri-registration-rp/0001/antsRegistration-r7-p6/sub-s035

FIXED_IMG: /templateflow/tpl-MNI152NLin2009cAsym/tpl-MNI152NLin2009cAsym_res-01_desc-brain_T1w.nii.gz
DATA_DIR: /home/mdugre/scratch/mri-registration-rp/datasets/ds004513
TEMPLATEFLOW_DIR: /home/mdugre/projects/rrg-glatard/mdugre/templateflow
ITK_GLOBAL_DEFAULT_NUMBER_OF_THREADS: 16
##########################

Info [verificarlo]: loaded backend libinterflop_ieee.so
Info [interflop-ieee]: load backend with:
Info [interflop-ieee]: debug = false
Info [interflop-ieee]: debug-binary = false
Info [interflop-ieee]: no-backend-name = false
Info [interflop-ieee]: print-new-line = false
Info [interflop-ieee]: print-subnormal-normalized = false
Info [interflop-ieee]: count-op = false
All_Command_lines_OK
Using double precision for computations.
=============================================================================
The composite transform comprises the following transforms (in order): 
  1. Center of mass alignment using fixed image: /templateflow/tpl-MNI152NLin2009cAsym/tpl-MNI152NLin2009cAsym_res-01_desc-brain_T1w.nii.gz and moving image: /home/mdugre/scratch/mri-registration-rp/datasets/ds004513/derivatives/mri-registration-rp/antsBrainExtraction/sub-s035/BrainExtractionBrain.nii.gz (type = Euler3DTransform)
=============================================================================
  number of levels = 1
  fixed image: /templateflow/tpl-MNI152NLin2009cAsym/tpl-MNI152NLin2009cAsym_res-01_desc-brain_T1w.nii.gz
  moving image: /home/mdugre/scratch/mri-registration-rp/datasets/ds004513/derivatives/mri-registration-rp/antsBrainExtraction/sub-s035/BrainExtractionBrain.nii.gz
Dimension = 3
Number of stages = 1
Use histogram matching = false
Winsorize image intensities = true
  Lower quantile = 0.005
  Upper quantile = 0.995


Stage 1 State
   Image metric = MattesMI
     Fixed image = Image (0x337ebd0)
  RTTI typeinfo:   itk::Image<double, 3u>
  Reference Count: 2
  Modified Time: 2330
  Debug: Off
  Object Name: 
  Observers: 
    none
  Source: (none)
  Source output name: (none)
  Release Data: Off
  Data Released: False
  Global Release Data: Off
  PipelineMTime: 0
  UpdateMTime: 1941
  RealTimeStamp: 0 seconds 
  LargestPossibleRegion: 
    Dimension: 3
    Index: [0, 0, 0]
    Size: [193, 229, 193]
  BufferedRegion: 
    Dimension: 3
    Index: [0, 0, 0]
    Size: [193, 229, 193]
  RequestedRegion: 
    Dimension: 3
    Index: [0, 0, 0]
    Size: [193, 229, 193]
  Spacing: [1, 1, 1]
  Origin: [96, 132, -78]
  Direction: 
-1 0 0
0 -1 0
0 0 1

  IndexToPointMatrix: 
-1 0 0
0 -1 0
0 0 1

  PointToIndexMatrix: 
-1 0 0
0 -1 0
0 0 1

  Inverse Direction: 
-1 0 0
0 -1 0
0 0 1

  PixelContainer: 
    ImportImageContainer (0x33879e0)
      RTTI typeinfo:   itk::ImportImageContainer<unsigned long, double>
      Reference Count: 1
      Modified Time: 1938
      Debug: Off
      Object Name: 
      Observers: 
        none
      Pointer: 0x145f2d52b010
      Container manages memory: true
      Size: 8530021
      Capacity: 8530021

     Moving image = Image (0x3388d40)
  RTTI typeinfo:   itk::Image<double, 3u>
  Reference Count: 2
  Modified Time: 2331
  Debug: Off
  Object Name: 
  Observers: 
    none
  Source: (none)
  Source output name: (none)
  Release Data: Off
  Data Released: False
  Global Release Data: Off
  PipelineMTime: 0
  UpdateMTime: 2328
  RealTimeStamp: 0 seconds 
  LargestPossibleRegion: 
    Dimension: 3
    Index: [0, 0, 0]
    Size: [160, 240, 256]
  BufferedRegion: 
    Dimension: 3
    Index: [0, 0, 0]
    Size: [160, 240, 256]
  RequestedRegion: 
    Dimension: 3
    Index: [0, 0, 0]
    Size: [160, 240, 256]
  Spacing: [1, 1, 1]
  Origin: [98.6438, 87.6358, -117.989]
  Direction: 
-0.993515 -0.100993 -0.0522355
0.100854 -0.994887 0.00530255
-0.0525039 1.93537e-08 0.998621

  IndexToPointMatrix: 
-0.993515 -0.100993 -0.0522355
0.100854 -0.994887 0.00530255
-0.0525039 1.93537e-08 0.998621

  PointToIndexMatrix: 
-0.993515 0.100854 -0.0525039
-0.100993 -0.994887 1.93006e-08
-0.0522355 0.00530255 0.998621

  Inverse Direction: 
-0.993515 0.100854 -0.0525039
-0.100993 -0.994887 1.93006e-08
-0.0522355 0.00530255 0.998621

  PixelContainer: 
    ImportImageContainer (0x33ae850)
      RTTI typeinfo:   itk::ImportImageContainer<unsigned long, double>
      Reference Count: 1
      Modified Time: 2325
      Debug: Off
      Object Name: 
      Observers: 
        none
      Pointer: 0x145f28a2a010
      Container manages memory: true
      Size: 9830400
      Capacity: 9830400

     Weighting = 1
     Sampling strategy = regular
     Number of bins = 32
     Radius = 4
     Sampling percentage  = 0.25
   Transform = Rigid
     Gradient step = 0.1
     Update field sigma (voxel space) = 0
     Total field sigma (voxel space) = 0
     Update field time sigma = 0
     Total field time sigma  = 0
     Number of time indices = 0
     Number of time point samples = 0
Registration using 1 total stages.

Stage 0
  iterations = 0
  convergence threshold = 1e-06
  convergence window size = 10
  number of levels = 1
  using the Mattes MI metric (number of bins = 32, weight = 1, use gradient filter = 0)
  preprocessing:  winsorizing the image intensities
  Shrink factors (level 1 out of 1): [1, 1, 1]
  smoothing sigmas per level: [0]
  regular sampling (percentage = 0.25)

*** Running Euler3DTransform registration ***

  Elapsed time (stage 0): 1.09963


Total elapsed time: 1.10182
Info [verificarlo]: loaded backend libinterflop_ieee.so
Info [interflop-ieee]: load backend with:
Info [interflop-ieee]: debug = false
Info [interflop-ieee]: debug-binary = false
Info [interflop-ieee]: no-backend-name = false
Info [interflop-ieee]: print-new-line = false
Info [interflop-ieee]: print-subnormal-normalized = false
Info [interflop-ieee]: count-op = false
All_Command_lines_OK
Using double precision for computations.
=============================================================================
The composite transform comprises the following transforms (in order): 
  1. /home/mdugre/scratch/mri-registration-rp/datasets/ds004513/derivatives/mri-registration-rp/0001/antsRegistration-r7-p6/sub-s035/align_Composite.h5[0] (type = Euler3DTransform)
  2. /home/mdugre/scratch/mri-registration-rp/datasets/ds004513/derivatives/mri-registration-rp/0001/antsRegistration-r7-p6/sub-s035/align_Composite.h5[1] (type = Euler3DTransform)
=============================================================================
  number of levels = 4
  fixed image: /templateflow/tpl-MNI152NLin2009cAsym/tpl-MNI152NLin2009cAsym_res-01_desc-brain_T1w.nii.gz
  moving image: /home/mdugre/scratch/mri-registration-rp/datasets/ds004513/derivatives/mri-registration-rp/antsBrainExtraction/sub-s035/BrainExtractionBrain.nii.gz
Dimension = 3
Number of stages = 1
Use histogram matching = false
Winsorize image intensities = true
  Lower quantile = 0.005
  Upper quantile = 0.995


Stage 1 State
   Image metric = MattesMI
     Fixed image = Image (0x4082530)
  RTTI typeinfo:   itk::Image<double, 3u>
  Reference Count: 2
  Modified Time: 1578
  Debug: Off
  Object Name: 
  Observers: 
    none
  Source: (none)
  Source output name: (none)
  Release Data: Off
  Data Released: False
  Global Release Data: Off
  PipelineMTime: 0
  UpdateMTime: 1189
  RealTimeStamp: 0 seconds 
  LargestPossibleRegion: 
    Dimension: 3
    Index: [0, 0, 0]
    Size: [193, 229, 193]
  BufferedRegion: 
    Dimension: 3
    Index: [0, 0, 0]
    Size: [193, 229, 193]
  RequestedRegion: 
    Dimension: 3
    Index: [0, 0, 0]
    Size: [193, 229, 193]
  Spacing: [1, 1, 1]
  Origin: [96, 132, -78]
  Direction: 
-1 0 0
0 -1 0
0 0 1

  IndexToPointMatrix: 
-1 0 0
0 -1 0
0 0 1

  PointToIndexMatrix: 
-1 0 0
0 -1 0
0 0 1

  Inverse Direction: 
-1 0 0
0 -1 0
0 0 1

  PixelContainer: 
    ImportImageContainer (0x4140d60)
      RTTI typeinfo:   itk::ImportImageContainer<unsigned long, double>
      Reference Count: 1
      Modified Time: 1186
      Debug: Off
      Object Name: 
      Observers: 
        none
      Pointer: 0x149991879010
      Container manages memory: true
      Size: 8530021
      Capacity: 8530021

     Moving image = Image (0x4132f60)
  RTTI typeinfo:   itk::Image<double, 3u>
  Reference Count: 2
  Modified Time: 1579
  Debug: Off
  Object Name: 
  Observers: 
    none
  Source: (none)
  Source output name: (none)
  Release Data: Off
  Data Released: False
  Global Release Data: Off
  PipelineMTime: 0
  UpdateMTime: 1576
  RealTimeStamp: 0 seconds 
  LargestPossibleRegion: 
    Dimension: 3
    Index: [0, 0, 0]
    Size: [160, 240, 256]
  BufferedRegion: 
    Dimension: 3
    Index: [0, 0, 0]
    Size: [160, 240, 256]
  RequestedRegion: 
    Dimension: 3
    Index: [0, 0, 0]
    Size: [160, 240, 256]
  Spacing: [1, 1, 1]
  Origin: [98.6438, 87.6358, -117.989]
  Direction: 
-0.993515 -0.100993 -0.0522355
0.100854 -0.994887 0.00530255
-0.0525039 1.93537e-08 0.998621

  IndexToPointMatrix: 
-0.993515 -0.100993 -0.0522355
0.100854 -0.994887 0.00530255
-0.0525039 1.93537e-08 0.998621

  PointToIndexMatrix: 
-0.993515 0.100854 -0.0525039
-0.100993 -0.994887 1.93006e-08
-0.0522355 0.00530255 0.998621

  Inverse Direction: 
-0.993515 0.100854 -0.0525039
-0.100993 -0.994887 1.93006e-08
-0.0522355 0.00530255 0.998621

  PixelContainer: 
    ImportImageContainer (0x41246d0)
      RTTI typeinfo:   itk::ImportImageContainer<unsigned long, double>
      Reference Count: 1
      Modified Time: 1573
      Debug: Off
      Object Name: 
      Observers: 
        none
      Pointer: 0x14998cd78010
      Container manages memory: true
      Size: 9830400
      Capacity: 9830400

     Weighting = 1
     Sampling strategy = regular
     Number of bins = 32
     Radius = 4
     Sampling percentage  = 0.25
   Transform = Rigid
     Gradient step = 0.1
     Update field sigma (voxel space) = 0
     Total field sigma (voxel space) = 0
     Update field time sigma = 0
     Total field time sigma  = 0
     Number of time indices = 0
     Number of time point samples = 0
Registration using 1 total stages.

Stage 0
  iterations = 1000x500x250x100
  convergence threshold = 1e-06
  convergence window size = 10
  number of levels = 4
  using the Mattes MI metric (number of bins = 32, weight = 1, use gradient filter = 0)
  preprocessing:  winsorizing the image intensities
  Shrink factors (level 1 out of 4): [8, 8, 8]
  Shrink factors (level 2 out of 4): [4, 4, 4]
  Shrink factors (level 3 out of 4): [2, 2, 2]
  Shrink factors (level 4 out of 4): [1, 1, 1]
  smoothing sigmas per level: [3, 2, 1, 0]
  regular sampling (percentage = 0.25)

*** Running Euler3DTransform registration ***

DIAGNOSTIC,Iteration,metricValue,convergenceValue,ITERATION_TIME_INDEX,SINCE_LAST
 2DIAGNOSTIC,     1, -5.238630234552e-01, 1.797693134862e+308, 8.0615e-01, 8.0615e-01, 
 2DIAGNOSTIC,     2, -5.257885820767e-01, 1.797693134862e+308, 8.1070e-01, 4.5431e-03, 
 2DIAGNOSTIC,     3, -5.278597554839e-01, 1.797693134862e+308, 8.1517e-01, 4.4699e-03, 
 2DIAGNOSTIC,     4, -5.302176117225e-01, 1.797693134862e+308, 8.1946e-01, 4.2949e-03, 
 2DIAGNOSTIC,     5, -5.343462816845e-01, 1.797693134862e+308, 8.2378e-01, 4.3151e-03, 
 2DIAGNOSTIC,     6, -5.399239396740e-01, 1.797693134862e+308, 8.2827e-01, 4.4971e-03, 
 2DIAGNOSTIC,     7, -5.490554822001e-01, 1.797693134862e+308, 8.3277e-01, 4.4930e-03, 
 2DIAGNOSTIC,     8, -5.545204224448e-01, 1.797693134862e+308, 8.3853e-01, 5.7571e-03, 
 2DIAGNOSTIC,     9, -5.601437715553e-01, 1.797693134862e+308, 8.4298e-01, 4.4520e-03, 
 2DIAGNOSTIC,    10, -5.617741193774e-01, 5.067640484485e-03, 8.4767e-01, 4.6959e-03, 
 2DIAGNOSTIC,    11, -5.649562249041e-01, 4.796539612083e-03, 8.5332e-01, 5.6462e-03, 
 2DIAGNOSTIC,    12, -5.658710903081e-01, 4.260783098155e-03, 8.5831e-01, 4.9911e-03, 
 2DIAGNOSTIC,    13, -5.662828333056e-01, 3.524744036645e-03, 8.6285e-01, 4.5440e-03, 
 2DIAGNOSTIC,    14, -5.685908474577e-01, 2.751340472953e-03, 8.6803e-01, 5.1739e-03, 
 2DIAGNOSTIC,    15, -5.732745043306e-01, 2.134644679428e-03, 8.7486e-01, 6.8278e-03, 
 2DIAGNOSTIC,    16, -5.738084427846e-01, 1.591333148337e-03, 8.8046e-01, 5.6078e-03, 
 2DIAGNOSTIC,    17, -5.739093703465e-01, 1.247363567741e-03, 8.8490e-01, 4.4410e-03, 
 2DIAGNOSTIC,    18, -5.745773598458e-01, 1.002163966317e-03, 8.8962e-01, 4.7159e-03, 
 2DIAGNOSTIC,    19, -5.752045522722e-01, 8.579763081912e-04, 8.9448e-01, 4.8559e-03, 
 2DIAGNOSTIC,    20, -5.755578777726e-01, 6.955845773840e-04, 8.9915e-01, 4.6692e-03, 
 2DIAGNOSTIC,    21, -5.761681227724e-01, 5.767135182653e-04, 9.0375e-01, 4.6039e-03, 
 2DIAGNOSTIC,    22, -5.775610178280e-01, 4.707067062472e-04, 9.0844e-01, 4.6921e-03, 
 2DIAGNOSTIC,    23, -5.801876522127e-01, 3.965856196632e-04, 9.1335e-01, 4.9059e-03, 
 2DIAGNOSTIC,    24, -5.873578871715e-01, 4.881452202821e-04, 9.1992e-01, 6.5742e-03, 
 2DIAGNOSTIC,    25, -5.924052233401e-01, 7.199711432647e-04, 9.2638e-01, 6.4590e-03, 
 2DIAGNOSTIC,    26, -5.933789722438e-01, 8.944842696590e-04, 9.3216e-01, 5.7831e-03, 
 2DIAGNOSTIC,    27, -5.948140362517e-01, 1.002036484100e-03, 9.3727e-01, 5.1072e-03, 
 2DIAGNOSTIC,    28, -5.954370004472e-01, 1.029952320533e-03, 9.4176e-01, 4.4911e-03, 
 2DIAGNOSTIC,    29, -5.955619965548e-01, 9.699000559863e-04, 9.4626e-01, 4.4980e-03, 
 2DIAGNOSTIC,    30, -5.960977142368e-01, 8.366692957443e-04, 9.5089e-01, 4.6329e-03, 
 2DIAGNOSTIC,    31, -5.971105016073e-01, 6.606986233499e-04, 9.5606e-01, 5.1639e-03, 
 2DIAGNOSTIC,    32, -5.989728413268e-01, 4.853112631860e-04, 9.6294e-01, 6.8822e-03, 
 2DIAGNOSTIC,    33, -5.996340170788e-01, 3.222359242740e-04, 9.6755e-01, 4.6070e-03, 
 2DIAGNOSTIC,    34, -5.997688324473e-01, 2.443793006373e-04, 9.7203e-01, 4.4839e-03, 
 2DIAGNOSTIC,    35, -5.999328162462e-01, 2.224308778040e-04, 9.7761e-01, 5.5802e-03, 
 2DIAGNOSTIC,    36, -6.001598298270e-01, 1.965988096036e-04, 9.8219e-01, 4.5841e-03, 
 2DIAGNOSTIC,    37, -6.004938012739e-01, 1.767006108264e-04, 9.8737e-01, 5.1780e-03, 
 2DIAGNOSTIC,    38, -6.008280009853e-01, 1.536048152675e-04, 9.9212e-01, 4.7438e-03, 
 2DIAGNOSTIC,    39, -6.038559363849e-01, 1.574331423555e-04, 9.9803e-01, 5.9171e-03, 
 2DIAGNOSTIC,    40, -6.077047307781e-01, 1.993081305286e-04, 1.0031e+00, 5.0349e-03, 
 2DIAGNOSTIC,    41, -6.174632647139e-01, 3.481386520205e-04, 1.0094e+00, 6.3610e-03, 
 2DIAGNOSTIC,    42, -6.161977610229e-01, 4.608903529048e-04, 1.0190e+00, 9.5570e-03, 
 2DIAGNOSTIC,    43, -6.161564215766e-01, 5.335364330472e-04, 1.0237e+00, 4.6990e-03, 
 2DIAGNOSTIC,    44, -6.170771941866e-01, 5.644812090542e-04, 1.0284e+00, 4.6880e-03, 
 2DIAGNOSTIC,    45, -6.185357051998e-01, 5.560466495265e-04, 1.0330e+00, 4.5769e-03, 
 2DIAGNOSTIC,    46, -6.206472464232e-01, 5.180550850021e-04, 1.0375e+00, 4.5800e-03, 
 2DIAGNOSTIC,    47, -6.234100348856e-01, 4.649599703591e-04, 1.0421e+00, 4.6000e-03, 
 2DIAGNOSTIC,    48, -6.282459734800e-01, 4.232182746993e-04, 1.0468e+00, 4.6511e-03, 
 2DIAGNOSTIC,    49, -6.332857040655e-01, 4.219357590403e-04, 1.0515e+00, 4.6980e-03, 
 2DIAGNOSTIC,    50, -6.437673497213e-01, 5.158709500913e-04, 1.0563e+00, 4.8141e-03, 
 2DIAGNOSTIC,    51, -6.567709947303e-01, 7.709782044454e-04, 1.0612e+00, 4.8950e-03, 
 2DIAGNOSTIC,    52, -6.630139246998e-01, 9.856124171298e-04, 1.0665e+00, 5.3611e-03, 
 2DIAGNOSTIC,    53, -6.637658028916e-01, 1.103855491654e-03, 1.0712e+00, 4.6711e-03, 
 2DIAGNOSTIC,    54, -6.646848133601e-01, 1.129224990752e-03, 1.0762e+00, 5.0278e-03, 
 2DIAGNOSTIC,    55, -6.699955344624e-01, 1.103370886276e-03, 1.0848e+00, 8.5499e-03, 
 2DIAGNOSTIC,    56, -6.720090272119e-01, 1.005090494360e-03, 1.0918e+00, 6.9780e-03, 
 2DIAGNOSTIC,    57, -6.720482058326e-01, 8.375245558828e-04, 1.0964e+00, 4.5979e-03, 
 2DIAGNOSTIC,    58, -6.725919855048e-01, 6.425671439549e-04, 1.1011e+00, 4.7579e-03, 
 2DIAGNOSTIC,    59, -6.729036524903e-01, 4.360800099736e-04, 1.1059e+00, 4.8048e-03, 
 2DIAGNOSTIC,    60, -6.731488790073e-01, 2.773046472830e-04, 1.1105e+00, 4.5938e-03, 
 2DIAGNOSTIC,    61, -6.734259132645e-01, 1.993310545400e-04, 1.1151e+00, 4.5619e-03, 
 2DIAGNOSTIC,    62, -6.739132198477e-01, 1.568957988352e-04, 1.1197e+00, 4.5631e-03, 
 2DIAGNOSTIC,    63, -6.762843357697e-01, 1.247258825738e-04, 1.1260e+00, 6.3272e-03, 
 2DIAGNOSTIC,    64, -6.766381648215e-01, 8.969295984578e-05, 1.1305e+00, 4.5459e-03, 
 2DIAGNOSTIC,    65, -6.771215286819e-01, 8.898239934775e-05, 1.1351e+00, 4.5249e-03, 
 2DIAGNOSTIC,    66, -6.778537331403e-01, 9.953385501461e-05, 1.1404e+00, 5.3070e-03, 
 2DIAGNOSTIC,    67, -6.792268261573e-01, 1.098305866649e-04, 1.1468e+00, 6.4030e-03, 
 2DIAGNOSTIC,    68, -6.807680991496e-01, 1.231389941483e-04, 1.1514e+00, 4.6151e-03, 
 2DIAGNOSTIC,    69, -6.815199816728e-01, 1.312165571139e-04, 1.1560e+00, 4.6151e-03, 
 2DIAGNOSTIC,    70, -6.818105045393e-01, 1.303112773919e-04, 1.1687e+00, 1.2740e-02, 
 2DIAGNOSTIC,    71, -6.820510456059e-01, 1.205026364446e-04, 1.1741e+00, 5.3549e-03, 
 2DIAGNOSTIC,    72, -6.822317164644e-01, 1.032404747930e-04, 1.1785e+00, 4.4448e-03, 
 2DIAGNOSTIC,    73, -6.825798804855e-01, 9.372217447076e-05, 1.1844e+00, 5.8849e-03, 
 2DIAGNOSTIC,    74, -6.826263803744e-01, 7.797262617809e-05, 1.1886e+00, 4.1680e-03, 
 2DIAGNOSTIC,    75, -6.826914430764e-01, 5.871067979942e-05, 1.1928e+00, 4.2269e-03, 
 2DIAGNOSTIC,    76, -6.828123140250e-01, 3.951612575499e-05, 1.1970e+00, 4.2169e-03, 
 2DIAGNOSTIC,    77, -6.832344859104e-01, 2.762755044310e-05, 1.2013e+00, 4.2429e-03, 
 2DIAGNOSTIC,    78, -6.838171856388e-01, 2.580738520399e-05, 1.2075e+00, 6.2160e-03, 
 2DIAGNOSTIC,    79, -6.837376442344e-01, 2.541990032392e-05, 1.2118e+00, 4.3390e-03, 
 2DIAGNOSTIC,    80, -6.837941053222e-01, 2.471284883055e-05, 1.2161e+00, 4.2598e-03, 
 2DIAGNOSTIC,    81, -6.839726557741e-01, 2.407043563671e-05, 1.2204e+00, 4.2889e-03, 
 2DIAGNOSTIC,    82, -6.841107824534e-01, 2.281074686428e-05, 1.2246e+00, 4.2710e-03, 
 2DIAGNOSTIC,    83, -6.851046028247e-01, 2.675766732608e-05, 1.2306e+00, 5.9319e-03, 
 2DIAGNOSTIC,    84, -6.858177711767e-01, 3.208793032794e-05, 1.2358e+00, 5.1730e-03, 
 2DIAGNOSTIC,    85, -6.861555593385e-01, 3.640318979125e-05, 1.2423e+00, 6.5331e-03, 
 2DIAGNOSTIC,    86, -6.861558537377e-01, 3.780094280858e-05, 1.2463e+00, 4.0500e-03, 
 2DIAGNOSTIC,    87, -6.861668702257e-01, 3.777672480086e-05, 1.2504e+00, 4.0541e-03, 
 2DIAGNOSTIC,    88, -6.861799202958e-01, 3.717402314501e-05, 1.2544e+00, 4.0300e-03, 
 2DIAGNOSTIC,    89, -6.861876099174e-01, 3.259262819059e-05, 1.2590e+00, 4.5569e-03, 
 2DIAGNOSTIC,    90, -6.861914275883e-01, 2.533771791409e-05, 1.2631e+00, 4.1101e-03, 
 2DIAGNOSTIC,    91, -6.861984162192e-01, 1.686206476393e-05, 1.2675e+00, 4.4391e-03, 
 2DIAGNOSTIC,    92, -6.862113144236e-01, 7.665830807477e-06, 1.2719e+00, 4.3581e-03, 
 2DIAGNOSTIC,    93, -6.862267090837e-01, 2.805684245393e-06, 1.2760e+00, 4.1389e-03, 
 2DIAGNOSTIC,    94, -6.862421171725e-01, 1.276977459844e-06, 1.2807e+00, 4.6721e-03, 
 2DIAGNOSTIC,    95, -6.863402580015e-01, 1.767214791048e-06, 1.2859e+00, 5.1949e-03, 
 2DIAGNOSTIC,    96, -6.863402240217e-01, 2.099805574685e-06, 1.2900e+00, 4.1332e-03, 
 2DIAGNOSTIC,    97, -6.863404716174e-01, 2.313288392211e-06, 1.2941e+00, 4.1170e-03, 
 2DIAGNOSTIC,    98, -6.863412442224e-01, 2.401608072902e-06, 1.2988e+00, 4.6098e-03, 
 2DIAGNOSTIC,    99, -6.863465005913e-01, 2.346210146727e-06, 1.3049e+00, 6.1100e-03, 
 2DIAGNOSTIC,   100, -6.863468015963e-01, 2.109887400936e-06, 1.3100e+00, 5.1651e-03, 
 2DIAGNOSTIC,   101, -6.863468093527e-01, 1.737920450440e-06, 1.3231e+00, 1.3065e-02, 
 2DIAGNOSTIC,   102, -6.863468093525e-01, 1.301698603084e-06, 1.3327e+00, 9.5730e-03, 
DIAGNOSTIC,Iteration,metricValue,convergenceValue,ITERATION_TIME_INDEX,SINCE_LAST
 2DIAGNOSTIC,     1, -5.582102728845e-01, 1.797693134862e+308, 2.0146e+00, 6.8196e-01, 
 2DIAGNOSTIC,     2, -5.585582195922e-01, 1.797693134862e+308, 2.0431e+00, 2.8490e-02, 
 2DIAGNOSTIC,     3, -5.591015459715e-01, 1.797693134862e+308, 2.0726e+00, 2.9480e-02, 
 2DIAGNOSTIC,     4, -5.597964899012e-01, 1.797693134862e+308, 2.1031e+00, 3.0508e-02, 
 2DIAGNOSTIC,     5, -5.608399650329e-01, 1.797693134862e+308, 2.1372e+00, 3.4124e-02, 
 2DIAGNOSTIC,     6, -5.612100376696e-01, 1.797693134862e+308, 2.1685e+00, 3.1252e-02, 
 2DIAGNOSTIC,     7, -5.624328329355e-01, 1.797693134862e+308, 2.2068e+00, 3.8327e-02, 
 2DIAGNOSTIC,     8, -5.635113214875e-01, 1.797693134862e+308, 2.2365e+00, 2.9662e-02, 
 2DIAGNOSTIC,     9, -5.652558688119e-01, 1.797693134862e+308, 2.2696e+00, 3.3136e-02, 
 2DIAGNOSTIC,    10, -5.660054180263e-01, 9.160149494463e-04, 2.3090e+00, 3.9353e-02, 
 2DIAGNOSTIC,    11, -5.660067744602e-01, 8.656150968990e-04, 2.3374e+00, 2.8454e-02, 
 2DIAGNOSTIC,    12, -5.661999607215e-01, 7.700288960838e-04, 2.3775e+00, 4.0138e-02, 
 2DIAGNOSTIC,    13, -5.662081246444e-01, 6.404948628567e-04, 2.4101e+00, 3.2578e-02, 
 2DIAGNOSTIC,    14, -5.661983176730e-01, 4.949332294926e-04, 2.4390e+00, 2.8837e-02, 
 2DIAGNOSTIC,    15, -5.661901999545e-01, 3.589753941002e-04, 2.4712e+00, 3.2285e-02, 
 2DIAGNOSTIC,    16, -5.662088598479e-01, 2.197452111009e-04, 2.5076e+00, 3.6334e-02, 
 2DIAGNOSTIC,    17, -5.661941766595e-01, 1.127324882035e-04, 2.5400e+00, 3.2373e-02, 
 2DIAGNOSTIC,    18, -5.661897778100e-01, 3.636322075926e-05, 2.5690e+00, 2.9082e-02, 
 2DIAGNOSTIC,    19, -5.661791695453e-01, 1.039976952577e-05, 2.6010e+00, 3.1937e-02, 
 2DIAGNOSTIC,    20, -5.661659090904e-01, 4.854475759236e-06, 2.6337e+00, 3.2716e-02, 
DIAGNOSTIC,Iteration,metricValue,convergenceValue,ITERATION_TIME_INDEX,SINCE_LAST
 2DIAGNOSTIC,     1, -5.037787521911e-01, 1.797693134862e+308, 3.6960e+00, 1.0623e+00, 
 2DIAGNOSTIC,     2, -5.039637543167e-01, 1.797693134862e+308, 3.9341e+00, 2.3809e-01, 
 2DIAGNOSTIC,     3, -5.041161709861e-01, 1.797693134862e+308, 4.1779e+00, 2.4376e-01, 
 2DIAGNOSTIC,     4, -5.042287692452e-01, 1.797693134862e+308, 4.4308e+00, 2.5291e-01, 
 2DIAGNOSTIC,     5, -5.042820939022e-01, 1.797693134862e+308, 4.7499e+00, 3.1908e-01, 
 2DIAGNOSTIC,     6, -5.043278103764e-01, 1.797693134862e+308, 5.1263e+00, 3.7641e-01, 
 2DIAGNOSTIC,     7, -5.043290145433e-01, 1.797693134862e+308, 5.4609e+00, 3.3462e-01, 
 2DIAGNOSTIC,     8, -5.043300662909e-01, 1.797693134862e+308, 5.7373e+00, 2.7638e-01, 
 2DIAGNOSTIC,     9, -5.043313647985e-01, 1.797693134862e+308, 6.0344e+00, 2.9708e-01, 
 2DIAGNOSTIC,    10, -5.043301485951e-01, 6.389414155289e-05, 6.2965e+00, 2.6215e-01, 
 2DIAGNOSTIC,    11, -5.043286282465e-01, 3.601706618320e-05, 6.5483e+00, 2.5184e-01, 
 2DIAGNOSTIC,    12, -5.043315634170e-01, 1.853726968747e-05, 6.8176e+00, 2.6926e-01, 
 2DIAGNOSTIC,    13, -5.043322120209e-01, 8.863164684139e-06, 7.0980e+00, 2.8042e-01, 
 2DIAGNOSTIC,    14, -5.043323472880e-01, 4.487513049947e-06, 7.3898e+00, 2.9181e-01, 
 2DIAGNOSTIC,    15, -5.043324439149e-01, 2.455185529340e-06, 7.6432e+00, 2.5333e-01, 
 2DIAGNOSTIC,    16, -5.043296860580e-01, 2.160582999622e-06, 7.8877e+00, 2.4455e-01, 
 2DIAGNOSTIC,    17, -5.043340604976e-01, 2.069800240458e-06, 8.1861e+00, 2.9837e-01, 
 2DIAGNOSTIC,    18, -5.043348732497e-01, 2.021149810662e-06, 8.4747e+00, 2.8863e-01, 
 2DIAGNOSTIC,    19, -5.043358095065e-01, 2.021704969893e-06, 8.7443e+00, 2.6955e-01, 
 2DIAGNOSTIC,    20, -5.043354469105e-01, 1.949732156087e-06, 9.0322e+00, 2.8790e-01, 
 2DIAGNOSTIC,    21, -5.043374145012e-01, 1.862912350388e-06, 9.3059e+00, 2.7378e-01, 
 2DIAGNOSTIC,    22, -5.043415478329e-01, 1.929316745766e-06, 9.6314e+00, 3.2551e-01, 
 2DIAGNOSTIC,    23, -5.043415664222e-01, 1.956628983855e-06, 1.0019e+01, 3.8728e-01, 
 2DIAGNOSTIC,    24, -5.043427245907e-01, 1.960614811156e-06, 1.0298e+01, 2.7878e-01, 
 2DIAGNOSTIC,    25, -5.043455735190e-01, 1.974990553731e-06, 1.0572e+01, 2.7456e-01, 
 2DIAGNOSTIC,    26, -5.043486666321e-01, 1.924797455762e-06, 1.0883e+01, 3.1068e-01, 
 2DIAGNOSTIC,    27, -5.043494356012e-01, 1.916915875200e-06, 1.1179e+01, 2.9630e-01, 
 2DIAGNOSTIC,    28, -5.043503142584e-01, 1.874824971257e-06, 1.1423e+01, 2.4378e-01, 
 2DIAGNOSTIC,    29, -5.043536162297e-01, 1.850297841326e-06, 1.1724e+01, 3.0077e-01, 
 2DIAGNOSTIC,    30, -5.043541713151e-01, 1.757135218730e-06, 1.1990e+01, 2.6656e-01, 
 2DIAGNOSTIC,    31, -5.043537894233e-01, 1.630555970251e-06, 1.2237e+01, 2.4724e-01, 
 2DIAGNOSTIC,    32, -5.043507048587e-01, 1.474919904883e-06, 1.2491e+01, 2.5401e-01, 
 2DIAGNOSTIC,    33, -5.043517959209e-01, 1.304015878896e-06, 1.2766e+01, 2.7417e-01, 
 2DIAGNOSTIC,    34, -5.043524944492e-01, 1.138888001934e-06, 1.3015e+01, 2.4974e-01, 
DIAGNOSTIC,Iteration,metricValue,convergenceValue,ITERATION_TIME_INDEX,SINCE_LAST
 2DIAGNOSTIC,     1, -4.670060480667e-01, 1.797693134862e+308, 1.5675e+01, 2.6600e+00, 
 2DIAGNOSTIC,     2, -4.671289341677e-01, 1.797693134862e+308, 1.7248e+01, 1.5728e+00, 
 2DIAGNOSTIC,     3, -4.671318550000e-01, 1.797693134862e+308, 1.9632e+01, 2.3840e+00, 
 2DIAGNOSTIC,     4, -4.671326340293e-01, 1.797693134862e+308, 2.1241e+01, 1.6087e+00, 
 2DIAGNOSTIC,     5, -4.671328599389e-01, 1.797693134862e+308, 2.2816e+01, 1.5750e+00, 
 2DIAGNOSTIC,     6, -4.671329422005e-01, 1.797693134862e+308, 2.5453e+01, 2.6373e+00, 
 2DIAGNOSTIC,     7, -4.671330369999e-01, 1.797693134862e+308, 3.0442e+01, 4.9888e+00, 
 2DIAGNOSTIC,     8, -4.671330369997e-01, 1.797693134862e+308, 3.3826e+01, 3.3839e+00, 
 2DIAGNOSTIC,     9, -4.671330369997e-01, 1.797693134862e+308, 3.6023e+01, 2.1969e+00, 
 2DIAGNOSTIC,    10, -4.671330369997e-01, 1.118832259678e-05, 3.7843e+01, 1.8198e+00, 
 2DIAGNOSTIC,    11, -4.671330369997e-01, 3.197020420773e-06, 3.9600e+01, 1.7578e+00, 
 2DIAGNOSTIC,    12, -4.671330369997e-01, 2.737214994997e-06, 4.1377e+01, 1.7762e+00, 
 2DIAGNOSTIC,    13, -4.671330369997e-01, 2.476185152256e-06, 4.3814e+01, 2.4376e+00, 
 2DIAGNOSTIC,    14, -4.671330369997e-01, 2.283477164342e-06, 4.6134e+01, 2.3197e+00, 
 2DIAGNOSTIC,    15, -4.671330369997e-01, 2.124546974847e-06, 4.7752e+01, 1.6179e+00, 
 2DIAGNOSTIC,    16, -4.671330369997e-01, 1.988155536828e-06, 4.9403e+01, 1.6514e+00, 
 2DIAGNOSTIC,    17, -4.671330369997e-01, 1.871203263282e-06, 5.0926e+01, 1.5227e+00, 
 2DIAGNOSTIC,    18, -4.671330369997e-01, 1.767245882779e-06, 5.2614e+01, 1.6878e+00, 
 2DIAGNOSTIC,    19, -4.671330369997e-01, 1.674231548308e-06, 5.4163e+01, 1.5493e+00, 
 2DIAGNOSTIC,    20, -4.671330369997e-01, 1.590518779612e-06, 5.5894e+01, 1.7307e+00, 
 2DIAGNOSTIC,    21, -4.671330369997e-01, 1.514778763645e-06, 5.7671e+01, 1.7774e+00, 
 2DIAGNOSTIC,    22, -4.671330369997e-01, 1.445924292728e-06, 5.9441e+01, 1.7697e+00, 
 2DIAGNOSTIC,    23, -4.671330369997e-01, 1.383057241199e-06, 6.1398e+01, 1.9574e+00, 
 2DIAGNOSTIC,    24, -4.671330369997e-01, 1.325429172770e-06, 6.2990e+01, 1.5921e+00, 
 2DIAGNOSTIC,    25, -4.671330369997e-01, 1.272411402284e-06, 6.4650e+01, 1.6600e+00, 
 2DIAGNOSTIC,    26, -4.671330369997e-01, 1.223471966488e-06, 6.6292e+01, 1.6412e+00, 
 2DIAGNOSTIC,    27, -4.671330369997e-01, 1.178157712306e-06, 6.7809e+01, 1.5178e+00, 
 2DIAGNOSTIC,    28, -4.671330369997e-01, 1.136080223438e-06, 6.9485e+01, 1.6759e+00, 
 2DIAGNOSTIC,    29, -4.671330369997e-01, 1.096904658861e-06, 7.1088e+01, 1.6026e+00, 
 2DIAGNOSTIC,    30, -4.671330369997e-01, 1.060340823339e-06, 7.2819e+01, 1.7310e+00, 
 2DIAGNOSTIC,    31, -4.671330369997e-01, 1.026135966642e-06, 7.4554e+01, 1.7350e+00, 
  Elapsed time (stage 0): 7.5475e+01


Total elapsed time: 7.5478e+01
Info [verificarlo]: loaded backend libinterflop_ieee.so
Info [interflop-ieee]: load backend with:
Info [interflop-ieee]: debug = false
Info [interflop-ieee]: debug-binary = false
Info [interflop-ieee]: no-backend-name = false
Info [interflop-ieee]: print-new-line = false
Info [interflop-ieee]: print-subnormal-normalized = false
Info [interflop-ieee]: count-op = false
All_Command_lines_OK
Using double precision for computations.
=============================================================================
The composite transform comprises the following transforms (in order): 
  1. /home/mdugre/scratch/mri-registration-rp/datasets/ds004513/derivatives/mri-registration-rp/0001/antsRegistration-r7-p6/sub-s035/rigid_Composite.h5[0] (type = Euler3DTransform)
  2. /home/mdugre/scratch/mri-registration-rp/datasets/ds004513/derivatives/mri-registration-rp/0001/antsRegistration-r7-p6/sub-s035/rigid_Composite.h5[1] (type = Euler3DTransform)
  3. /home/mdugre/scratch/mri-registration-rp/datasets/ds004513/derivatives/mri-registration-rp/0001/antsRegistration-r7-p6/sub-s035/rigid_Composite.h5[2] (type = Euler3DTransform)
=============================================================================
  number of levels = 4
  fixed image: /templateflow/tpl-MNI152NLin2009cAsym/tpl-MNI152NLin2009cAsym_res-01_desc-brain_T1w.nii.gz
  moving image: /home/mdugre/scratch/mri-registration-rp/datasets/ds004513/derivatives/mri-registration-rp/antsBrainExtraction/sub-s035/BrainExtractionBrain.nii.gz
Dimension = 3
Number of stages = 1
Use histogram matching = false
Winsorize image intensities = true
  Lower quantile = 0.005
  Upper quantile = 0.995


Stage 1 State
   Image metric = MattesMI
     Fixed image = Image (0x51c2530)
  RTTI typeinfo:   itk::Image<double, 3u>
  Reference Count: 2
  Modified Time: 1592
  Debug: Off
  Object Name: 
  Observers: 
    none
  Source: (none)
  Source output name: (none)
  Release Data: Off
  Data Released: False
  Global Release Data: Off
  PipelineMTime: 0
  UpdateMTime: 1203
  RealTimeStamp: 0 seconds 
  LargestPossibleRegion: 
    Dimension: 3
    Index: [0, 0, 0]
    Size: [193, 229, 193]
  BufferedRegion: 
    Dimension: 3
    Index: [0, 0, 0]
    Size: [193, 229, 193]
  RequestedRegion: 
    Dimension: 3
    Index: [0, 0, 0]
    Size: [193, 229, 193]
  Spacing: [1, 1, 1]
  Origin: [96, 132, -78]
  Direction: 
-1 0 0
0 -1 0
0 0 1

  IndexToPointMatrix: 
-1 0 0
0 -1 0
0 0 1

  PointToIndexMatrix: 
-1 0 0
0 -1 0
0 0 1

  Inverse Direction: 
-1 0 0
0 -1 0
0 0 1

  PixelContainer: 
    ImportImageContainer (0x527b2a0)
      RTTI typeinfo:   itk::ImportImageContainer<unsigned long, double>
      Reference Count: 1
      Modified Time: 1200
      Debug: Off
      Object Name: 
      Observers: 
        none
      Pointer: 0x145d8956e010
      Container manages memory: true
      Size: 8530021
      Capacity: 8530021

     Moving image = Image (0x527de60)
  RTTI typeinfo:   itk::Image<double, 3u>
  Reference Count: 2
  Modified Time: 1593
  Debug: Off
  Object Name: 
  Observers: 
    none
  Source: (none)
  Source output name: (none)
  Release Data: Off
  Data Released: False
  Global Release Data: Off
  PipelineMTime: 0
  UpdateMTime: 1590
  RealTimeStamp: 0 seconds 
  LargestPossibleRegion: 
    Dimension: 3
    Index: [0, 0, 0]
    Size: [160, 240, 256]
  BufferedRegion: 
    Dimension: 3
    Index: [0, 0, 0]
    Size: [160, 240, 256]
  RequestedRegion: 
    Dimension: 3
    Index: [0, 0, 0]
    Size: [160, 240, 256]
  Spacing: [1, 1, 1]
  Origin: [98.6438, 87.6358, -117.989]
  Direction: 
-0.993515 -0.100993 -0.0522355
0.100854 -0.994887 0.00530255
-0.0525039 1.93537e-08 0.998621

  IndexToPointMatrix: 
-0.993515 -0.100993 -0.0522355
0.100854 -0.994887 0.00530255
-0.0525039 1.93537e-08 0.998621

  PointToIndexMatrix: 
-0.993515 0.100854 -0.0525039
-0.100993 -0.994887 1.93006e-08
-0.0522355 0.00530255 0.998621

  Inverse Direction: 
-0.993515 0.100854 -0.0525039
-0.100993 -0.994887 1.93006e-08
-0.0522355 0.00530255 0.998621

  PixelContainer: 
    ImportImageContainer (0x52b1390)
      RTTI typeinfo:   itk::ImportImageContainer<unsigned long, double>
      Reference Count: 1
      Modified Time: 1587
      Debug: Off
      Object Name: 
      Observers: 
        none
      Pointer: 0x145d84a6d010
      Container manages memory: true
      Size: 9830400
      Capacity: 9830400

     Weighting = 1
     Sampling strategy = regular
     Number of bins = 32
     Radius = 4
     Sampling percentage  = 0.25
   Transform = Affine
     Gradient step = 0.1
     Update field sigma (voxel space) = 0
     Total field sigma (voxel space) = 0
     Update field time sigma = 0
     Total field time sigma  = 0
     Number of time indices = 0
     Number of time point samples = 0
Registration using 1 total stages.

Stage 0
  iterations = 1000x500x250x100
  convergence threshold = 1e-06
  convergence window size = 10
  number of levels = 4
  using the Mattes MI metric (number of bins = 32, weight = 1, use gradient filter = 0)
  preprocessing:  winsorizing the image intensities
  Shrink factors (level 1 out of 4): [8, 8, 8]
  Shrink factors (level 2 out of 4): [4, 4, 4]
  Shrink factors (level 3 out of 4): [2, 2, 2]
  Shrink factors (level 4 out of 4): [1, 1, 1]
  smoothing sigmas per level: [3, 2, 1, 0]
  regular sampling (percentage = 0.25)

*** Running AffineTransform registration ***

DIAGNOSTIC,Iteration,metricValue,convergenceValue,ITERATION_TIME_INDEX,SINCE_LAST
 2DIAGNOSTIC,     1, -6.790286511556e-01, 1.797693134862e+308, 6.5722e-01, 6.5722e-01, 
 2DIAGNOSTIC,     2, -6.812065079302e-01, 1.797693134862e+308, 6.6228e-01, 5.0621e-03, 
 2DIAGNOSTIC,     3, -6.853345485962e-01, 1.797693134862e+308, 6.6687e-01, 4.5850e-03, 
 2DIAGNOSTIC,     4, -6.941638523420e-01, 1.797693134862e+308, 6.7138e-01, 4.5099e-03, 
 2DIAGNOSTIC,     5, -7.036242895003e-01, 1.797693134862e+308, 6.7590e-01, 4.5240e-03, 
 2DIAGNOSTIC,     6, -7.158310832116e-01, 1.797693134862e+308, 6.8047e-01, 4.5681e-03, 
 2DIAGNOSTIC,     7, -7.350602642918e-01, 1.797693134862e+308, 6.8685e-01, 6.3779e-03, 
 2DIAGNOSTIC,     8, -7.379010612543e-01, 1.797693134862e+308, 6.9146e-01, 4.6179e-03, 
 2DIAGNOSTIC,     9, -7.386715004140e-01, 1.797693134862e+308, 6.9601e-01, 4.5469e-03, 
 2DIAGNOSTIC,    10, -7.393910231228e-01, 6.741722950652e-03, 7.0357e-01, 7.5631e-03, 
 2DIAGNOSTIC,    11, -7.392730619627e-01, 5.641131365426e-03, 7.0873e-01, 5.1589e-03, 
 2DIAGNOSTIC,    12, -7.392643863898e-01, 4.290685710176e-03, 7.1352e-01, 4.7901e-03, 
 2DIAGNOSTIC,    13, -7.388956539786e-01, 2.881156617506e-03, 7.2091e-01, 7.3912e-03, 
 2DIAGNOSTIC,    14, -7.388529758986e-01, 1.670570498587e-03, 7.2560e-01, 4.6890e-03, 
 2DIAGNOSTIC,    15, -7.387468413731e-01, 7.172074944282e-04, 7.3126e-01, 5.6531e-03, 
 2DIAGNOSTIC,    16, -7.385808930923e-01, 1.043150837857e-04, 7.3652e-01, 5.2621e-03, 
DIAGNOSTIC,Iteration,metricValue,convergenceValue,ITERATION_TIME_INDEX,SINCE_LAST
 2DIAGNOSTIC,     1, -6.095361651674e-01, 1.797693134862e+308, 1.4242e+00, 6.8771e-01, 
 2DIAGNOSTIC,     2, -6.098286079200e-01, 1.797693134862e+308, 1.4665e+00, 4.2255e-02, 
 2DIAGNOSTIC,     3, -6.099531172875e-01, 1.797693134862e+308, 1.5016e+00, 3.5154e-02, 
 2DIAGNOSTIC,     4, -6.102359144856e-01, 1.797693134862e+308, 1.5368e+00, 3.5188e-02, 
 2DIAGNOSTIC,     5, -6.104448508110e-01, 1.797693134862e+308, 1.5740e+00, 3.7186e-02, 
 2DIAGNOSTIC,     6, -6.107087978914e-01, 1.797693134862e+308, 1.6334e+00, 5.9347e-02, 
 2DIAGNOSTIC,     7, -6.107154820522e-01, 1.797693134862e+308, 1.6735e+00, 4.0147e-02, 
 2DIAGNOSTIC,     8, -6.107568237244e-01, 1.797693134862e+308, 1.7142e+00, 4.0745e-02, 
 2DIAGNOSTIC,     9, -6.107530787652e-01, 1.797693134862e+308, 1.7648e+00, 5.0504e-02, 
 2DIAGNOSTIC,    10, -6.107485017460e-01, 1.359707254269e-04, 1.8053e+00, 4.0524e-02, 
 2DIAGNOSTIC,    11, -6.107534019635e-01, 9.302998075744e-05, 1.8397e+00, 3.4451e-02, 
 2DIAGNOSTIC,    12, -6.107528396335e-01, 6.055998080284e-05, 1.8827e+00, 4.2945e-02, 
 2DIAGNOSTIC,    13, -6.107544460406e-01, 3.230462917031e-05, 1.9219e+00, 3.9208e-02, 
 2DIAGNOSTIC,    14, -6.107287607825e-01, 1.383449425392e-05, 1.9562e+00, 3.4320e-02, 
 2DIAGNOSTIC,    15, -6.107319386276e-01, 3.169594477104e-06, 1.9940e+00, 3.7752e-02, 
 2DIAGNOSTIC,    16, -6.107225296456e-01, 1.142583589159e-06, 2.0315e+00, 3.7506e-02, 
DIAGNOSTIC,Iteration,metricValue,convergenceValue,ITERATION_TIME_INDEX,SINCE_LAST
 2DIAGNOSTIC,     1, -5.340299717429e-01, 1.797693134862e+308, 3.1372e+00, 1.1057e+00, 
 2DIAGNOSTIC,     2, -5.343709236918e-01, 1.797693134862e+308, 3.4117e+00, 2.7447e-01, 
 2DIAGNOSTIC,     3, -5.347511024605e-01, 1.797693134862e+308, 3.7175e+00, 3.0586e-01, 
 2DIAGNOSTIC,     4, -5.350052170331e-01, 1.797693134862e+308, 4.0246e+00, 3.0708e-01, 
 2DIAGNOSTIC,     5, -5.350393130879e-01, 1.797693134862e+308, 4.4556e+00, 4.3101e-01, 
 2DIAGNOSTIC,     6, -5.350395895918e-01, 1.797693134862e+308, 4.7527e+00, 2.9713e-01, 
 2DIAGNOSTIC,     7, -5.350754813262e-01, 1.797693134862e+308, 5.0685e+00, 3.1573e-01, 
 2DIAGNOSTIC,     8, -5.351364647699e-01, 1.797693134862e+308, 5.3258e+00, 2.5732e-01, 
 2DIAGNOSTIC,     9, -5.351831754748e-01, 1.797693134862e+308, 5.6608e+00, 3.3506e-01, 
 2DIAGNOSTIC,    10, -5.352361216677e-01, 1.210950879569e-04, 6.0968e+00, 4.3599e-01, 
 2DIAGNOSTIC,    11, -5.352359935415e-01, 7.365399559427e-05, 6.4243e+00, 3.2744e-01, 
 2DIAGNOSTIC,    12, -5.352487147988e-01, 4.314076289418e-05, 6.7212e+00, 2.9690e-01, 
 2DIAGNOSTIC,    13, -5.352668283955e-01, 2.963020571475e-05, 6.9865e+00, 2.6537e-01, 
 2DIAGNOSTIC,    14, -5.352930268486e-01, 2.614366592027e-05, 7.2414e+00, 2.5485e-01, 
 2DIAGNOSTIC,    15, -5.353523545526e-01, 2.425238988565e-05, 7.5103e+00, 2.6896e-01, 
 2DIAGNOSTIC,    16, -5.354487713797e-01, 2.374947205193e-05, 7.8542e+00, 3.4381e-01, 
 2DIAGNOSTIC,    17, -5.357018284146e-01, 3.026026546391e-05, 8.1651e+00, 3.1090e-01, 
 2DIAGNOSTIC,    18, -5.359191093356e-01, 4.144912970859e-05, 8.6247e+00, 4.5969e-01, 
 2DIAGNOSTIC,    19, -5.361443959166e-01, 5.528111228720e-05, 9.0580e+00, 4.3330e-01, 
 2DIAGNOSTIC,    20, -5.362051430582e-01, 6.574607119911e-05, 9.4074e+00, 3.4939e-01, 
 2DIAGNOSTIC,    21, -5.362078802778e-01, 6.935323146946e-05, 9.8901e+00, 4.8269e-01, 
 2DIAGNOSTIC,    22, -5.362102366740e-01, 6.665380536910e-05, 1.0282e+01, 3.9168e-01, 
 2DIAGNOSTIC,    23, -5.362091984053e-01, 5.841465776257e-05, 1.0648e+01, 3.6602e-01, 
 2DIAGNOSTIC,    24, -5.362091140540e-01, 4.606966436963e-05, 1.0959e+01, 3.1095e-01, 
 2DIAGNOSTIC,    25, -5.362089449352e-01, 3.181059317905e-05, 1.1287e+01, 3.2817e-01, 
 2DIAGNOSTIC,    26, -5.362099048700e-01, 1.774021889620e-05, 1.1606e+01, 3.1916e-01, 
 2DIAGNOSTIC,    27, -5.362099831333e-01, 8.082852347414e-06, 1.1919e+01, 3.1306e-01, 
 2DIAGNOSTIC,    28, -5.362096488456e-01, 2.469780450494e-06, 1.2248e+01, 3.2913e-01, 
 2DIAGNOSTIC,    29, -5.362091280510e-01, 1.201732042093e-06, 1.2544e+01, 2.9617e-01, 
 2DIAGNOSTIC,    30, -5.362109074858e-01, 1.113613566736e-06, 1.2923e+01, 3.7828e-01, 
 2DIAGNOSTIC,    31, -5.362112095980e-01, 1.075554696632e-06, 1.3273e+01, 3.5061e-01, 
 2DIAGNOSTIC,    32, -5.362105643547e-01, 1.064125416964e-06, 1.3570e+01, 2.9664e-01, 
 2DIAGNOSTIC,    33, -5.362091544881e-01, 1.008684848057e-06, 1.3902e+01, 3.3162e-01, 
DIAGNOSTIC,Iteration,metricValue,convergenceValue,ITERATION_TIME_INDEX,SINCE_LAST
 2DIAGNOSTIC,     1, -4.910921625662e-01, 1.797693134862e+308, 1.7019e+01, 3.1174e+00, 
 2DIAGNOSTIC,     2, -4.915154181564e-01, 1.797693134862e+308, 1.8780e+01, 1.7610e+00, 
 2DIAGNOSTIC,     3, -4.918908191386e-01, 1.797693134862e+308, 2.0728e+01, 1.9479e+00, 
 2DIAGNOSTIC,     4, -4.921391219588e-01, 1.797693134862e+308, 2.2387e+01, 1.6594e+00, 
 2DIAGNOSTIC,     5, -4.923789444173e-01, 1.797693134862e+308, 2.4218e+01, 1.8307e+00, 
 2DIAGNOSTIC,     6, -4.927848017393e-01, 1.797693134862e+308, 2.6262e+01, 2.0441e+00, 
 2DIAGNOSTIC,     7, -4.929172253381e-01, 1.797693134862e+308, 3.1252e+01, 4.9904e+00, 
