
##########################
# Experiment information #
##########################

EXPERIMENT_NAME: antsRegistration-r7-p19
VFC_BACKENDS: libinterflop_vprec.so --range-binary32=7 --precision-binary32=19 --range-binary64=7 --precision-binary64=19

SIF_IMG: /home/mdugre/projects/rrg-glatard/mdugre/containers/ants-vprec-no_metrics.simg

SUBJECT_ID: s032
INPUT_IMG: /home/mdugre/scratch/mri-registration-rp/datasets/ds004513/derivatives/mri-registration-rp/antsBrainExtraction/sub-s032/BrainExtractionBrain.nii.gz
OUTPUT_DIR: /home/mdugre/scratch/mri-registration-rp/datasets/ds004513/derivatives/mri-registration-rp/0001/antsRegistration-r7-p19/sub-s032

FIXED_IMG: /templateflow/tpl-MNI152NLin2009cAsym/tpl-MNI152NLin2009cAsym_res-01_desc-brain_T1w.nii.gz
DATA_DIR: /home/mdugre/scratch/mri-registration-rp/datasets/ds004513
TEMPLATEFLOW_DIR: /home/mdugre/projects/rrg-glatard/mdugre/templateflow
ITK_GLOBAL_DEFAULT_NUMBER_OF_THREADS: 16
##########################

Info [verificarlo]: loaded backend libinterflop_ieee.so
Info [interflop-ieee]: load backend with:
Info [interflop-ieee]: debug = false
Info [interflop-ieee]: debug-binary = false
Info [interflop-ieee]: no-backend-name = false
Info [interflop-ieee]: print-new-line = false
Info [interflop-ieee]: print-subnormal-normalized = false
Info [interflop-ieee]: count-op = false
All_Command_lines_OK
Using double precision for computations.
=============================================================================
The composite transform comprises the following transforms (in order): 
  1. Center of mass alignment using fixed image: /templateflow/tpl-MNI152NLin2009cAsym/tpl-MNI152NLin2009cAsym_res-01_desc-brain_T1w.nii.gz and moving image: /home/mdugre/scratch/mri-registration-rp/datasets/ds004513/derivatives/mri-registration-rp/antsBrainExtraction/sub-s032/BrainExtractionBrain.nii.gz (type = Euler3DTransform)
=============================================================================
  number of levels = 1
  fixed image: /templateflow/tpl-MNI152NLin2009cAsym/tpl-MNI152NLin2009cAsym_res-01_desc-brain_T1w.nii.gz
  moving image: /home/mdugre/scratch/mri-registration-rp/datasets/ds004513/derivatives/mri-registration-rp/antsBrainExtraction/sub-s032/BrainExtractionBrain.nii.gz
Dimension = 3
Number of stages = 1
Use histogram matching = false
Winsorize image intensities = true
  Lower quantile = 0.005
  Upper quantile = 0.995


Stage 1 State
   Image metric = MattesMI
     Fixed image = Image (0x4fb1e70)
  RTTI typeinfo:   itk::Image<double, 3u>
  Reference Count: 2
  Modified Time: 2330
  Debug: Off
  Object Name: 
  Observers: 
    none
  Source: (none)
  Source output name: (none)
  Release Data: Off
  Data Released: False
  Global Release Data: Off
  PipelineMTime: 0
  UpdateMTime: 1941
  RealTimeStamp: 0 seconds 
  LargestPossibleRegion: 
    Dimension: 3
    Index: [0, 0, 0]
    Size: [193, 229, 193]
  BufferedRegion: 
    Dimension: 3
    Index: [0, 0, 0]
    Size: [193, 229, 193]
  RequestedRegion: 
    Dimension: 3
    Index: [0, 0, 0]
    Size: [193, 229, 193]
  Spacing: [1, 1, 1]
  Origin: [96, 132, -78]
  Direction: 
-1 0 0
0 -1 0
0 0 1

  IndexToPointMatrix: 
-1 0 0
0 -1 0
0 0 1

  PointToIndexMatrix: 
-1 0 0
0 -1 0
0 0 1

  Inverse Direction: 
-1 0 0
0 -1 0
0 0 1

  PixelContainer: 
    ImportImageContainer (0x4fbac60)
      RTTI typeinfo:   itk::ImportImageContainer<unsigned long, double>
      Reference Count: 1
      Modified Time: 1938
      Debug: Off
      Object Name: 
      Observers: 
        none
      Pointer: 0x14603dba0010
      Container manages memory: true
      Size: 8530021
      Capacity: 8530021

     Moving image = Image (0x504eec0)
  RTTI typeinfo:   itk::Image<double, 3u>
  Reference Count: 2
  Modified Time: 2331
  Debug: Off
  Object Name: 
  Observers: 
    none
  Source: (none)
  Source output name: (none)
  Release Data: Off
  Data Released: False
  Global Release Data: Off
  PipelineMTime: 0
  UpdateMTime: 2328
  RealTimeStamp: 0 seconds 
  LargestPossibleRegion: 
    Dimension: 3
    Index: [0, 0, 0]
    Size: [160, 240, 256]
  BufferedRegion: 
    Dimension: 3
    Index: [0, 0, 0]
    Size: [160, 240, 256]
  RequestedRegion: 
    Dimension: 3
    Index: [0, 0, 0]
    Size: [160, 240, 256]
  Spacing: [1, 1, 1]
  Origin: [73.279, 104.707, -131.187]
  Direction: 
-0.997527 0.0645574 -0.0278053
-0.0645323 -0.997914 -0.00179875
-0.0278634 4.01097e-08 0.999612

  IndexToPointMatrix: 
-0.997527 0.0645574 -0.0278053
-0.0645323 -0.997914 -0.00179875
-0.0278634 4.01097e-08 0.999612

  PointToIndexMatrix: 
-0.997527 -0.0645323 -0.0278634
0.0645574 -0.997914 4.01049e-08
-0.0278053 -0.00179875 0.999612

  Inverse Direction: 
-0.997527 -0.0645323 -0.0278634
0.0645574 -0.997914 4.01049e-08
-0.0278053 -0.00179875 0.999612

  PixelContainer: 
    ImportImageContainer (0x50e6610)
      RTTI typeinfo:   itk::ImportImageContainer<unsigned long, double>
      Reference Count: 1
      Modified Time: 2325
      Debug: Off
      Object Name: 
      Observers: 
        none
      Pointer: 0x14603909f010
      Container manages memory: true
      Size: 9830400
      Capacity: 9830400

     Weighting = 1
     Sampling strategy = regular
     Number of bins = 32
     Radius = 4
     Sampling percentage  = 0.25
   Transform = Rigid
     Gradient step = 0.1
     Update field sigma (voxel space) = 0
     Total field sigma (voxel space) = 0
     Update field time sigma = 0
     Total field time sigma  = 0
     Number of time indices = 0
     Number of time point samples = 0
Registration using 1 total stages.

Stage 0
  iterations = 0
  convergence threshold = 1e-06
  convergence window size = 10
  number of levels = 1
  using the Mattes MI metric (number of bins = 32, weight = 1, use gradient filter = 0)
  preprocessing:  winsorizing the image intensities
  Shrink factors (level 1 out of 1): [1, 1, 1]
  smoothing sigmas per level: [0]
  regular sampling (percentage = 0.25)

*** Running Euler3DTransform registration ***

  Elapsed time (stage 0): 1.14817


Total elapsed time: 1.15889
Info [verificarlo]: loaded backend libinterflop_ieee.so
Info [interflop-ieee]: load backend with:
Info [interflop-ieee]: debug = false
Info [interflop-ieee]: debug-binary = false
Info [interflop-ieee]: no-backend-name = false
Info [interflop-ieee]: print-new-line = false
Info [interflop-ieee]: print-subnormal-normalized = false
Info [interflop-ieee]: count-op = false
All_Command_lines_OK
Using double precision for computations.
=============================================================================
The composite transform comprises the following transforms (in order): 
  1. /home/mdugre/scratch/mri-registration-rp/datasets/ds004513/derivatives/mri-registration-rp/0001/antsRegistration-r7-p19/sub-s032/align_Composite.h5[0] (type = Euler3DTransform)
  2. /home/mdugre/scratch/mri-registration-rp/datasets/ds004513/derivatives/mri-registration-rp/0001/antsRegistration-r7-p19/sub-s032/align_Composite.h5[1] (type = Euler3DTransform)
=============================================================================
  number of levels = 4
  fixed image: /templateflow/tpl-MNI152NLin2009cAsym/tpl-MNI152NLin2009cAsym_res-01_desc-brain_T1w.nii.gz
  moving image: /home/mdugre/scratch/mri-registration-rp/datasets/ds004513/derivatives/mri-registration-rp/antsBrainExtraction/sub-s032/BrainExtractionBrain.nii.gz
Dimension = 3
Number of stages = 1
Use histogram matching = false
Winsorize image intensities = true
  Lower quantile = 0.005
  Upper quantile = 0.995


Stage 1 State
   Image metric = MattesMI
     Fixed image = Image (0x4211530)
  RTTI typeinfo:   itk::Image<double, 3u>
  Reference Count: 2
  Modified Time: 1578
  Debug: Off
  Object Name: 
  Observers: 
    none
  Source: (none)
  Source output name: (none)
  Release Data: Off
  Data Released: False
  Global Release Data: Off
  PipelineMTime: 0
  UpdateMTime: 1189
  RealTimeStamp: 0 seconds 
  LargestPossibleRegion: 
    Dimension: 3
    Index: [0, 0, 0]
    Size: [193, 229, 193]
  BufferedRegion: 
    Dimension: 3
    Index: [0, 0, 0]
    Size: [193, 229, 193]
  RequestedRegion: 
    Dimension: 3
    Index: [0, 0, 0]
    Size: [193, 229, 193]
  Spacing: [1, 1, 1]
  Origin: [96, 132, -78]
  Direction: 
-1 0 0
0 -1 0
0 0 1

  IndexToPointMatrix: 
-1 0 0
0 -1 0
0 0 1

  PointToIndexMatrix: 
-1 0 0
0 -1 0
0 0 1

  Inverse Direction: 
-1 0 0
0 -1 0
0 0 1

  PixelContainer: 
    ImportImageContainer (0x42cfd60)
      RTTI typeinfo:   itk::ImportImageContainer<unsigned long, double>
      Reference Count: 1
      Modified Time: 1186
      Debug: Off
      Object Name: 
      Observers: 
        none
      Pointer: 0x1524ebf3c010
      Container manages memory: true
      Size: 8530021
      Capacity: 8530021

     Moving image = Image (0x42c1f60)
  RTTI typeinfo:   itk::Image<double, 3u>
  Reference Count: 2
  Modified Time: 1579
  Debug: Off
  Object Name: 
  Observers: 
    none
  Source: (none)
  Source output name: (none)
  Release Data: Off
  Data Released: False
  Global Release Data: Off
  PipelineMTime: 0
  UpdateMTime: 1576
  RealTimeStamp: 0 seconds 
  LargestPossibleRegion: 
    Dimension: 3
    Index: [0, 0, 0]
    Size: [160, 240, 256]
  BufferedRegion: 
    Dimension: 3
    Index: [0, 0, 0]
    Size: [160, 240, 256]
  RequestedRegion: 
    Dimension: 3
    Index: [0, 0, 0]
    Size: [160, 240, 256]
  Spacing: [1, 1, 1]
  Origin: [73.279, 104.707, -131.187]
  Direction: 
-0.997527 0.0645574 -0.0278053
-0.0645323 -0.997914 -0.00179875
-0.0278634 4.01097e-08 0.999612

  IndexToPointMatrix: 
-0.997527 0.0645574 -0.0278053
-0.0645323 -0.997914 -0.00179875
-0.0278634 4.01097e-08 0.999612

  PointToIndexMatrix: 
-0.997527 -0.0645323 -0.0278634
0.0645574 -0.997914 4.01049e-08
-0.0278053 -0.00179875 0.999612

  Inverse Direction: 
-0.997527 -0.0645323 -0.0278634
0.0645574 -0.997914 4.01049e-08
-0.0278053 -0.00179875 0.999612

  PixelContainer: 
    ImportImageContainer (0x42b36d0)
      RTTI typeinfo:   itk::ImportImageContainer<unsigned long, double>
      Reference Count: 1
      Modified Time: 1573
      Debug: Off
      Object Name: 
      Observers: 
        none
      Pointer: 0x1524e743b010
      Container manages memory: true
      Size: 9830400
      Capacity: 9830400

     Weighting = 1
     Sampling strategy = regular
     Number of bins = 32
     Radius = 4
     Sampling percentage  = 0.25
   Transform = Rigid
     Gradient step = 0.1
     Update field sigma (voxel space) = 0
     Total field sigma (voxel space) = 0
     Update field time sigma = 0
     Total field time sigma  = 0
     Number of time indices = 0
     Number of time point samples = 0
Registration using 1 total stages.

Stage 0
  iterations = 1000x500x250x100
  convergence threshold = 1e-06
  convergence window size = 10
  number of levels = 4
  using the Mattes MI metric (number of bins = 32, weight = 1, use gradient filter = 0)
  preprocessing:  winsorizing the image intensities
  Shrink factors (level 1 out of 4): [8, 8, 8]
  Shrink factors (level 2 out of 4): [4, 4, 4]
  Shrink factors (level 3 out of 4): [2, 2, 2]
  Shrink factors (level 4 out of 4): [1, 1, 1]
  smoothing sigmas per level: [3, 2, 1, 0]
  regular sampling (percentage = 0.25)

*** Running Euler3DTransform registration ***

DIAGNOSTIC,Iteration,metricValue,convergenceValue,ITERATION_TIME_INDEX,SINCE_LAST
 2DIAGNOSTIC,     1, -5.480496989617e-01, 1.797693134862e+308, 7.7899e-01, 7.7899e-01, 
 2DIAGNOSTIC,     2, -5.506811078454e-01, 1.797693134862e+308, 7.8412e-01, 5.1360e-03, 
 2DIAGNOSTIC,     3, -5.546514955662e-01, 1.797693134862e+308, 7.8885e-01, 4.7262e-03, 
 2DIAGNOSTIC,     4, -5.606863537750e-01, 1.797693134862e+308, 7.9418e-01, 5.3308e-03, 
 2DIAGNOSTIC,     5, -5.693661845193e-01, 1.797693134862e+308, 7.9879e-01, 4.6151e-03, 
 2DIAGNOSTIC,     6, -5.854078830086e-01, 1.797693134862e+308, 8.0342e-01, 4.6260e-03, 
 2DIAGNOSTIC,     7, -6.232769732918e-01, 1.797693134862e+308, 8.0800e-01, 4.5800e-03, 
 2DIAGNOSTIC,     8, -6.297683730473e-01, 1.797693134862e+308, 8.1318e-01, 5.1832e-03, 
 2DIAGNOSTIC,     9, -6.366738733405e-01, 1.797693134862e+308, 8.2134e-01, 8.1549e-03, 
 2DIAGNOSTIC,    10, -6.375630690827e-01, 1.201760866083e-02, 8.2610e-01, 4.7610e-03, 
 2DIAGNOSTIC,    11, -6.405337628679e-01, 1.087684809450e-02, 8.3064e-01, 4.5402e-03, 
 2DIAGNOSTIC,    12, -6.435528997438e-01, 9.167753354490e-03, 8.3592e-01, 5.2860e-03, 
 2DIAGNOSTIC,    13, -6.444720921444e-01, 7.089498731847e-03, 8.4043e-01, 4.5021e-03, 
 2DIAGNOSTIC,    14, -6.463616611293e-01, 4.967892496988e-03, 8.4565e-01, 5.2202e-03, 
 2DIAGNOSTIC,    15, -6.484646963404e-01, 3.033020789043e-03, 8.5462e-01, 8.9698e-03, 
 2DIAGNOSTIC,    16, -6.486009987994e-01, 1.520386367320e-03, 8.5936e-01, 4.7441e-03, 
 2DIAGNOSTIC,    17, -6.493699344760e-01, 1.108203205204e-03, 8.6412e-01, 4.7619e-03, 
 2DIAGNOSTIC,    18, -6.514578195065e-01, 8.586162135987e-04, 8.6923e-01, 5.1079e-03, 
 2DIAGNOSTIC,    19, -6.526592717406e-01, 7.533650369805e-04, 8.7401e-01, 4.7808e-03, 
 2DIAGNOSTIC,    20, -6.536191777189e-01, 6.303067369292e-04, 8.7871e-01, 4.6949e-03, 
 2DIAGNOSTIC,    21, -6.549162298979e-01, 5.534292205378e-04, 8.8369e-01, 4.9810e-03, 
 2DIAGNOSTIC,    22, -6.562385790832e-01, 5.226986103231e-04, 8.8963e-01, 5.9459e-03, 
 2DIAGNOSTIC,    23, -6.565000058113e-01, 4.680180012233e-04, 8.9511e-01, 5.4741e-03, 
 2DIAGNOSTIC,    24, -6.565387353854e-01, 4.101063704201e-04, 9.0077e-01, 5.6641e-03, 
 2DIAGNOSTIC,    25, -6.567702146892e-01, 3.618032093018e-04, 9.0662e-01, 5.8529e-03, 
 2DIAGNOSTIC,    26, -6.583507212369e-01, 3.132611037338e-04, 9.1161e-01, 4.9820e-03, 
 2DIAGNOSTIC,    27, -6.586527568469e-01, 2.554116018357e-04, 9.1647e-01, 4.8671e-03, 
 2DIAGNOSTIC,    28, -6.593310437739e-01, 2.225767143852e-04, 9.2264e-01, 6.1700e-03, 
 2DIAGNOSTIC,    29, -6.595734041655e-01, 1.939316665348e-04, 9.2793e-01, 5.2860e-03, 
 2DIAGNOSTIC,    30, -6.595955819569e-01, 1.634946778534e-04, 9.3330e-01, 5.3749e-03, 
 2DIAGNOSTIC,    31, -6.596949967569e-01, 1.392755860933e-04, 9.3811e-01, 4.8020e-03, 
 2DIAGNOSTIC,    32, -6.597157295314e-01, 1.221677497617e-04, 9.4334e-01, 5.2330e-03, 
 2DIAGNOSTIC,    33, -6.597001423847e-01, 9.820426863199e-05, 9.5087e-01, 7.5302e-03, 
 2DIAGNOSTIC,    34, -6.595254449706e-01, 6.486903007653e-05, 9.5586e-01, 4.9920e-03, 
 2DIAGNOSTIC,    35, -6.595295822813e-01, 3.010817890914e-05, 9.6049e-01, 4.6270e-03, 
 2DIAGNOSTIC,    36, -6.595351297938e-01, 1.424396566936e-05, 9.6515e-01, 4.6580e-03, 
 2DIAGNOSTIC,    37, -6.595409535783e-01, 1.474135178575e-06, 9.6996e-01, 4.8101e-03, 
DIAGNOSTIC,Iteration,metricValue,convergenceValue,ITERATION_TIME_INDEX,SINCE_LAST
 2DIAGNOSTIC,     1, -5.183739626498e-01, 1.797693134862e+308, 1.7662e+00, 7.9620e-01, 
 2DIAGNOSTIC,     2, -5.189226238255e-01, 1.797693134862e+308, 1.7987e+00, 3.2565e-02, 
 2DIAGNOSTIC,     3, -5.196899327317e-01, 1.797693134862e+308, 1.8393e+00, 4.0624e-02, 
 2DIAGNOSTIC,     4, -5.204463662971e-01, 1.797693134862e+308, 1.8741e+00, 3.4794e-02, 
 2DIAGNOSTIC,     5, -5.209979485262e-01, 1.797693134862e+308, 1.9108e+00, 3.6703e-02, 
 2DIAGNOSTIC,     6, -5.216357744147e-01, 1.797693134862e+308, 1.9435e+00, 3.2639e-02, 
 2DIAGNOSTIC,     7, -5.233753714973e-01, 1.797693134862e+308, 1.9784e+00, 3.4921e-02, 
 2DIAGNOSTIC,     8, -5.241119131408e-01, 1.797693134862e+308, 2.0241e+00, 4.5677e-02, 
 2DIAGNOSTIC,     9, -5.247293428716e-01, 1.797693134862e+308, 2.0664e+00, 4.2349e-02, 
 2DIAGNOSTIC,    10, -5.250028240482e-01, 8.899807878628e-04, 2.0986e+00, 3.2183e-02, 
 2DIAGNOSTIC,    11, -5.255570909113e-01, 7.959217642064e-04, 2.1349e+00, 3.6313e-02, 
 2DIAGNOSTIC,    12, -5.289098581607e-01, 8.211614509102e-04, 2.1726e+00, 3.7641e-02, 
 2DIAGNOSTIC,    13, -5.295596045951e-01, 8.231569224490e-04, 2.2140e+00, 4.1383e-02, 
 2DIAGNOSTIC,    14, -5.295253598826e-01, 7.798187212505e-04, 2.2478e+00, 3.3824e-02, 
 2DIAGNOSTIC,    15, -5.301734629001e-01, 7.172061532963e-04, 2.2794e+00, 3.1664e-02, 
 2DIAGNOSTIC,    16, -5.312974314483e-01, 6.544533236618e-04, 2.3126e+00, 3.3120e-02, 
 2DIAGNOSTIC,    17, -5.330531238913e-01, 6.473148518451e-04, 2.3747e+00, 6.2123e-02, 
 2DIAGNOSTIC,    18, -5.331722505140e-01, 6.054606570582e-04, 2.4079e+00, 3.3241e-02, 
 2DIAGNOSTIC,    19, -5.334117316441e-01, 5.389629605359e-04, 2.4449e+00, 3.7019e-02, 
 2DIAGNOSTIC,    20, -5.338314524243e-01, 4.491846285740e-04, 2.4826e+00, 3.7679e-02, 
 2DIAGNOSTIC,    21, -5.362045520156e-01, 3.983582405022e-04, 2.5335e+00, 5.0890e-02, 
 2DIAGNOSTIC,    22, -5.365899935694e-01, 4.043095461967e-04, 2.5684e+00, 3.4862e-02, 
 2DIAGNOSTIC,    23, -5.369682715879e-01, 3.971209426221e-04, 2.6028e+00, 3.4435e-02, 
 2DIAGNOSTIC,    24, -5.377645084653e-01, 3.716622056211e-04, 2.6375e+00, 3.4677e-02, 
 2DIAGNOSTIC,    25, -5.385455086498e-01, 3.434345654997e-04, 2.6795e+00, 4.1990e-02, 
 2DIAGNOSTIC,    26, -5.386952991106e-01, 3.096303004966e-04, 2.7168e+00, 3.7360e-02, 
 2DIAGNOSTIC,    27, -5.390107277071e-01, 2.906853197953e-04, 2.7537e+00, 3.6858e-02, 
 2DIAGNOSTIC,    28, -5.422228616389e-01, 3.102145669453e-04, 2.7921e+00, 3.8379e-02, 
 2DIAGNOSTIC,    29, -5.465981045267e-01, 3.829104527163e-04, 2.8364e+00, 4.4328e-02, 
 2DIAGNOSTIC,    30, -5.509337675273e-01, 4.965122950307e-04, 2.8678e+00, 3.1383e-02, 
 2DIAGNOSTIC,    31, -5.576136000073e-01, 7.111790886338e-04, 2.9067e+00, 3.8901e-02, 
 2DIAGNOSTIC,    32, -5.629891734170e-01, 9.391412743098e-04, 2.9442e+00, 3.7500e-02, 
 2DIAGNOSTIC,    33, -5.646526716100e-01, 1.095166481335e-03, 2.9922e+00, 4.8052e-02, 
 2DIAGNOSTIC,    34, -5.653287801008e-01, 1.160904601994e-03, 3.0236e+00, 3.1393e-02, 
 2DIAGNOSTIC,    35, -5.663950367155e-01, 1.140969870363e-03, 3.0630e+00, 3.9349e-02, 
 2DIAGNOSTIC,    36, -5.666213587415e-01, 1.018848601603e-03, 3.1088e+00, 4.5841e-02, 
 2DIAGNOSTIC,    37, -5.666283774058e-01, 8.105207926105e-04, 3.1410e+00, 3.2145e-02, 
 2DIAGNOSTIC,    38, -5.666207056647e-01, 5.813527487355e-04, 3.1732e+00, 3.2210e-02, 
 2DIAGNOSTIC,    39, -5.666179218299e-01, 3.687906196546e-04, 3.2075e+00, 3.4300e-02, 
 2DIAGNOSTIC,    40, -5.666159819144e-01, 1.878314649855e-04, 3.2381e+00, 3.0638e-02, 
 2DIAGNOSTIC,    41, -5.666259574102e-01, 8.248083544191e-05, 3.2723e+00, 3.4157e-02, 
 2DIAGNOSTIC,    42, -5.666273324675e-01, 4.158759931868e-05, 3.3102e+00, 3.7907e-02, 
 2DIAGNOSTIC,    43, -5.666236303821e-01, 1.902322976791e-05, 3.3462e+00, 3.6004e-02, 
 2DIAGNOSTIC,    44, -5.666342482039e-01, 3.647223074096e-06, 3.3869e+00, 4.0678e-02, 
 2DIAGNOSTIC,    45, -5.666318609687e-01, 1.014530080067e-06, 3.4228e+00, 3.5918e-02, 
DIAGNOSTIC,Iteration,metricValue,convergenceValue,ITERATION_TIME_INDEX,SINCE_LAST
 2DIAGNOSTIC,     1, -5.017471454044e-01, 1.797693134862e+308, 4.6409e+00, 1.2181e+00, 
 2DIAGNOSTIC,     2, -5.020298794460e-01, 1.797693134862e+308, 4.8906e+00, 2.4964e-01, 
 2DIAGNOSTIC,     3, -5.023453911025e-01, 1.797693134862e+308, 5.1720e+00, 2.8142e-01, 
 2DIAGNOSTIC,     4, -5.024512342339e-01, 1.797693134862e+308, 5.4925e+00, 3.2055e-01, 
 2DIAGNOSTIC,     5, -5.024453339329e-01, 1.797693134862e+308, 5.7794e+00, 2.8688e-01, 
 2DIAGNOSTIC,     6, -5.024417268172e-01, 1.797693134862e+308, 6.0594e+00, 2.8003e-01, 
 2DIAGNOSTIC,     7, -5.024375118250e-01, 1.797693134862e+308, 6.3589e+00, 2.9945e-01, 
 2DIAGNOSTIC,     8, -5.024357532473e-01, 1.797693134862e+308, 6.6464e+00, 2.8755e-01, 
 2DIAGNOSTIC,     9, -5.024306015875e-01, 1.797693134862e+308, 6.9472e+00, 3.0082e-01, 
 2DIAGNOSTIC,    10, -5.024352498077e-01, 6.511365770694e-05, 7.2804e+00, 3.3316e-01, 
 2DIAGNOSTIC,    11, -5.024364924883e-01, 2.683261772285e-05, 7.5991e+00, 3.1870e-01, 
 2DIAGNOSTIC,    12, -5.024383391663e-01, 5.834106761235e-06, 7.9245e+00, 3.2541e-01, 
 2DIAGNOSTIC,    13, -5.024383973682e-01, 1.379783740735e-06, 8.2505e+00, 3.2603e-01, 
 2DIAGNOSTIC,    14, -5.024339452801e-01, 1.763237529429e-06, 8.5111e+00, 2.6051e-01, 
 2DIAGNOSTIC,    15, -5.024344998075e-01, 1.944887510541e-06, 8.7873e+00, 2.7621e-01, 
 2DIAGNOSTIC,    16, -5.024373676471e-01, 2.090356363629e-06, 9.1191e+00, 3.3180e-01, 
 2DIAGNOSTIC,    17, -5.024375073139e-01, 2.069714010913e-06, 9.4142e+00, 2.9511e-01, 
 2DIAGNOSTIC,    18, -5.024368477710e-01, 1.965612417415e-06, 9.7863e+00, 3.7213e-01, 
 2DIAGNOSTIC,    19, -5.024353643833e-01, 1.658091291087e-06, 1.0065e+01, 2.7889e-01, 
 2DIAGNOSTIC,    20, -5.024348185527e-01, 1.499476805264e-06, 1.0350e+01, 2.8441e-01, 
 2DIAGNOSTIC,    21, -5.024326530698e-01, 1.334521416256e-06, 1.0690e+01, 3.4081e-01, 
 2DIAGNOSTIC,    22, -5.024322149609e-01, 1.236965356512e-06, 1.0996e+01, 3.0595e-01, 
 2DIAGNOSTIC,    23, -5.024335762585e-01, 1.206670647610e-06, 1.1319e+01, 3.2310e-01, 
 2DIAGNOSTIC,    24, -5.024325524826e-01, 1.065688367115e-06, 1.1593e+01, 2.7391e-01, 
 2DIAGNOSTIC,    25, -5.024370007931e-01, 1.072913321347e-06, 1.1896e+01, 3.0242e-01, 
 2DIAGNOSTIC,    26, -5.024344295805e-01, 1.102347178920e-06, 1.2219e+01, 3.2332e-01, 
 2DIAGNOSTIC,    27, -5.024309339028e-01, 1.073071774792e-06, 1.2549e+01, 3.3037e-01, 
DIAGNOSTIC,Iteration,metricValue,convergenceValue,ITERATION_TIME_INDEX,SINCE_LAST
 2DIAGNOSTIC,     1, -4.668977025339e-01, 1.797693134862e+308, 1.5370e+01, 2.8203e+00, 
 2DIAGNOSTIC,     2, -4.669774821311e-01, 1.797693134862e+308, 1.6901e+01, 1.5312e+00, 
 2DIAGNOSTIC,     3, -4.669944794019e-01, 1.797693134862e+308, 1.9103e+01, 2.2016e+00, 
 2DIAGNOSTIC,     4, -4.670108762823e-01, 1.797693134862e+308, 2.0710e+01, 1.6071e+00, 
 2DIAGNOSTIC,     5, -4.670142327548e-01, 1.797693134862e+308, 2.2485e+01, 1.7752e+00, 
 2DIAGNOSTIC,     6, -4.670142889660e-01, 1.797693134862e+308, 2.4305e+01, 1.8201e+00, 
 2DIAGNOSTIC,     7, -4.670157219045e-01, 1.797693134862e+308, 2.5923e+01, 1.6184e+00, 
 2DIAGNOSTIC,     8, -4.670236347007e-01, 1.797693134862e+308, 2.7740e+01, 1.8167e+00, 
 2DIAGNOSTIC,     9, -4.670393719981e-01, 1.797693134862e+308, 2.9349e+01, 1.6093e+00, 
 2DIAGNOSTIC,    10, -4.670551961790e-01, 1.744021021451e-05, 3.1526e+01, 2.1765e+00, 
 2DIAGNOSTIC,    11, -4.670558761166e-01, 1.152638301595e-05, 3.3054e+01, 1.5282e+00, 
 2DIAGNOSTIC,    12, -4.670623225038e-01, 1.020398268124e-05, 3.4773e+01, 1.7193e+00, 
 2DIAGNOSTIC,    13, -4.670666419659e-01, 9.375447589069e-06, 3.7288e+01, 2.5149e+00, 
 2DIAGNOSTIC,    14, -4.670672540017e-01, 8.755282524073e-06, 4.0006e+01, 2.7180e+00, 
 2DIAGNOSTIC,    15, -4.670672110770e-01, 7.758598966928e-06, 4.1716e+01, 1.7100e+00, 
 2DIAGNOSTIC,    16, -4.670670767055e-01, 6.377760968485e-06, 4.3535e+01, 1.8187e+00, 
 2DIAGNOSTIC,    17, -4.670670670670e-01, 4.810057943165e-06, 4.5582e+01, 2.0468e+00, 
 2DIAGNOSTIC,    18, -4.670670126829e-01, 3.398891162951e-06, 4.7481e+01, 1.8989e+00, 
 2DIAGNOSTIC,    19, -4.670669536282e-01, 2.475467532695e-06, 4.9279e+01, 1.7984e+00, 
 2DIAGNOSTIC,    20, -4.670669012636e-01, 2.053748051067e-06, 5.1038e+01, 1.7585e+00, 
 2DIAGNOSTIC,    21, -4.670666830364e-01, 1.638939209965e-06, 5.2738e+01, 1.7000e+00, 
 2DIAGNOSTIC,    22, -4.670665552347e-01, 1.421945509242e-06, 5.4421e+01, 1.6829e+00, 
 2DIAGNOSTIC,    23, -4.670665119708e-01, 1.338711924891e-06, 5.6036e+01, 1.6156e+00, 
 2DIAGNOSTIC,    24, -4.670665017216e-01, 1.281760270672e-06, 5.7797e+01, 1.7604e+00, 
 2DIAGNOSTIC,    25, -4.670664632868e-01, 1.231550866412e-06, 5.9638e+01, 1.8417e+00, 
 2DIAGNOSTIC,    26, -4.670664067296e-01, 1.184660374465e-06, 6.1451e+01, 1.8129e+00, 
 2DIAGNOSTIC,    27, -4.670662472590e-01, 1.141185517028e-06, 6.2927e+01, 1.4752e+00, 
 2DIAGNOSTIC,    28, -4.670661941870e-01, 1.102016053120e-06, 6.4464e+01, 1.5371e+00, 
 2DIAGNOSTIC,    29, -4.670662187986e-01, 1.067961270397e-06, 6.5988e+01, 1.5246e+00, 
 2DIAGNOSTIC,    30, -4.670661693236e-01, 1.036871389269e-06, 6.7820e+01, 1.8319e+00, 
 2DIAGNOSTIC,    31, -4.670662396362e-01, 1.007217306094e-06, 6.9434e+01, 1.6137e+00, 
  Elapsed time (stage 0): 7.0309e+01


Total elapsed time: 7.0322e+01
Info [verificarlo]: loaded backend libinterflop_ieee.so
Info [interflop-ieee]: load backend with:
Info [interflop-ieee]: debug = false
Info [interflop-ieee]: debug-binary = false
Info [interflop-ieee]: no-backend-name = false
Info [interflop-ieee]: print-new-line = false
Info [interflop-ieee]: print-subnormal-normalized = false
Info [interflop-ieee]: count-op = false
All_Command_lines_OK
Using double precision for computations.
=============================================================================
The composite transform comprises the following transforms (in order): 
  1. /home/mdugre/scratch/mri-registration-rp/datasets/ds004513/derivatives/mri-registration-rp/0001/antsRegistration-r7-p19/sub-s032/rigid_Composite.h5[0] (type = Euler3DTransform)
  2. /home/mdugre/scratch/mri-registration-rp/datasets/ds004513/derivatives/mri-registration-rp/0001/antsRegistration-r7-p19/sub-s032/rigid_Composite.h5[1] (type = Euler3DTransform)
  3. /home/mdugre/scratch/mri-registration-rp/datasets/ds004513/derivatives/mri-registration-rp/0001/antsRegistration-r7-p19/sub-s032/rigid_Composite.h5[2] (type = Euler3DTransform)
=============================================================================
  number of levels = 4
  fixed image: /templateflow/tpl-MNI152NLin2009cAsym/tpl-MNI152NLin2009cAsym_res-01_desc-brain_T1w.nii.gz
  moving image: /home/mdugre/scratch/mri-registration-rp/datasets/ds004513/derivatives/mri-registration-rp/antsBrainExtraction/sub-s032/BrainExtractionBrain.nii.gz
Dimension = 3
Number of stages = 1
Use histogram matching = false
Winsorize image intensities = true
  Lower quantile = 0.005
  Upper quantile = 0.995


Stage 1 State
   Image metric = MattesMI
     Fixed image = Image (0x363a7e0)
  RTTI typeinfo:   itk::Image<double, 3u>
  Reference Count: 2
  Modified Time: 1592
  Debug: Off
  Object Name: 
  Observers: 
    none
  Source: (none)
  Source output name: (none)
  Release Data: Off
  Data Released: False
  Global Release Data: Off
  PipelineMTime: 0
  UpdateMTime: 1203
  RealTimeStamp: 0 seconds 
  LargestPossibleRegion: 
    Dimension: 3
    Index: [0, 0, 0]
    Size: [193, 229, 193]
  BufferedRegion: 
    Dimension: 3
    Index: [0, 0, 0]
    Size: [193, 229, 193]
  RequestedRegion: 
    Dimension: 3
    Index: [0, 0, 0]
    Size: [193, 229, 193]
  Spacing: [1, 1, 1]
  Origin: [96, 132, -78]
  Direction: 
-1 0 0
0 -1 0
0 0 1

  IndexToPointMatrix: 
-1 0 0
0 -1 0
0 0 1

  PointToIndexMatrix: 
-1 0 0
0 -1 0
0 0 1

  Inverse Direction: 
-1 0 0
0 -1 0
0 0 1

  PixelContainer: 
    ImportImageContainer (0x36faa20)
      RTTI typeinfo:   itk::ImportImageContainer<unsigned long, double>
      Reference Count: 1
      Modified Time: 1200
      Debug: Off
      Object Name: 
      Observers: 
        none
      Pointer: 0x1519ceff6010
      Container manages memory: true
      Size: 8530021
      Capacity: 8530021

     Moving image = Image (0x36f5d70)
  RTTI typeinfo:   itk::Image<double, 3u>
  Reference Count: 2
  Modified Time: 1593
  Debug: Off
  Object Name: 
  Observers: 
    none
  Source: (none)
  Source output name: (none)
  Release Data: Off
  Data Released: False
  Global Release Data: Off
  PipelineMTime: 0
  UpdateMTime: 1590
  RealTimeStamp: 0 seconds 
  LargestPossibleRegion: 
    Dimension: 3
    Index: [0, 0, 0]
    Size: [160, 240, 256]
  BufferedRegion: 
    Dimension: 3
    Index: [0, 0, 0]
    Size: [160, 240, 256]
  RequestedRegion: 
    Dimension: 3
    Index: [0, 0, 0]
    Size: [160, 240, 256]
  Spacing: [1, 1, 1]
  Origin: [73.279, 104.707, -131.187]
  Direction: 
-0.997527 0.0645574 -0.0278053
-0.0645323 -0.997914 -0.00179875
-0.0278634 4.01097e-08 0.999612

  IndexToPointMatrix: 
-0.997527 0.0645574 -0.0278053
-0.0645323 -0.997914 -0.00179875
-0.0278634 4.01097e-08 0.999612

  PointToIndexMatrix: 
-0.997527 -0.0645323 -0.0278634
0.0645574 -0.997914 4.01049e-08
-0.0278053 -0.00179875 0.999612

  Inverse Direction: 
-0.997527 -0.0645323 -0.0278634
0.0645574 -0.997914 4.01049e-08
-0.0278053 -0.00179875 0.999612

  PixelContainer: 
    ImportImageContainer (0x36adc90)
      RTTI typeinfo:   itk::ImportImageContainer<unsigned long, double>
      Reference Count: 1
      Modified Time: 1587
      Debug: Off
      Object Name: 
      Observers: 
        none
      Pointer: 0x1519ca4f5010
      Container manages memory: true
      Size: 9830400
      Capacity: 9830400

     Weighting = 1
     Sampling strategy = regular
     Number of bins = 32
     Radius = 4
     Sampling percentage  = 0.25
   Transform = Affine
     Gradient step = 0.1
     Update field sigma (voxel space) = 0
     Total field sigma (voxel space) = 0
     Update field time sigma = 0
     Total field time sigma  = 0
     Number of time indices = 0
     Number of time point samples = 0
Registration using 1 total stages.

Stage 0
  iterations = 1000x500x250x100
  convergence threshold = 1e-06
  convergence window size = 10
  number of levels = 4
  using the Mattes MI metric (number of bins = 32, weight = 1, use gradient filter = 0)
  preprocessing:  winsorizing the image intensities
  Shrink factors (level 1 out of 4): [8, 8, 8]
  Shrink factors (level 2 out of 4): [4, 4, 4]
  Shrink factors (level 3 out of 4): [2, 2, 2]
  Shrink factors (level 4 out of 4): [1, 1, 1]
  smoothing sigmas per level: [3, 2, 1, 0]
  regular sampling (percentage = 0.25)

*** Running AffineTransform registration ***

DIAGNOSTIC,Iteration,metricValue,convergenceValue,ITERATION_TIME_INDEX,SINCE_LAST
 2DIAGNOSTIC,     1, -6.846957975754e-01, 1.797693134862e+308, 8.1935e-01, 8.1935e-01, 
 2DIAGNOSTIC,     2, -6.865094999362e-01, 1.797693134862e+308, 8.2610e-01, 6.7508e-03, 
 2DIAGNOSTIC,     3, -6.892296150451e-01, 1.797693134862e+308, 8.3230e-01, 6.2001e-03, 
 2DIAGNOSTIC,     4, -6.945844520858e-01, 1.797693134862e+308, 8.3825e-01, 5.9462e-03, 
 2DIAGNOSTIC,     5, -7.051980388508e-01, 1.797693134862e+308, 8.4347e-01, 5.2180e-03, 
 2DIAGNOSTIC,     6, -7.182556788833e-01, 1.797693134862e+308, 8.4826e-01, 4.7998e-03, 
 2DIAGNOSTIC,     7, -7.241113530265e-01, 1.797693134862e+308, 8.5429e-01, 6.0272e-03, 
 2DIAGNOSTIC,     8, -7.261430742580e-01, 1.797693134862e+308, 8.5907e-01, 4.7750e-03, 
 2DIAGNOSTIC,     9, -7.289556880216e-01, 1.797693134862e+308, 8.6390e-01, 4.8370e-03, 
 2DIAGNOSTIC,    10, -7.305274008486e-01, 5.006075526751e-03, 8.7022e-01, 6.3190e-03, 
 2DIAGNOSTIC,    11, -7.345664981789e-01, 4.326796958114e-03, 8.7673e-01, 6.5081e-03, 
 2DIAGNOSTIC,    12, -7.351153728020e-01, 3.454204750781e-03, 8.8216e-01, 5.4281e-03, 
 2DIAGNOSTIC,    13, -7.358073502354e-01, 2.518403654672e-03, 8.8963e-01, 7.4661e-03, 
 2DIAGNOSTIC,    14, -7.357542533618e-01, 1.640425815489e-03, 8.9523e-01, 5.6050e-03, 
 2DIAGNOSTIC,    15, -7.364871387442e-01, 1.024633445282e-03, 9.0058e-01, 5.3470e-03, 
 2DIAGNOSTIC,    16, -7.372728690354e-01, 7.315451302620e-04, 9.0575e-01, 5.1751e-03, 
 2DIAGNOSTIC,    17, -7.377698033535e-01, 5.532468414708e-04, 9.1110e-01, 5.3511e-03, 
 2DIAGNOSTIC,    18, -7.380306572339e-01, 3.945034582469e-04, 9.1625e-01, 5.1448e-03, 
 2DIAGNOSTIC,    19, -7.389445547995e-01, 2.940911134271e-04, 9.2256e-01, 6.3150e-03, 
 2DIAGNOSTIC,    20, -7.396074570260e-01, 2.182109551577e-04, 9.3082e-01, 8.2550e-03, 
 2DIAGNOSTIC,    21, -7.394914738043e-01, 2.023741007327e-04, 9.3619e-01, 5.3742e-03, 
 2DIAGNOSTIC,    22, -7.394933285288e-01, 1.791915203480e-04, 9.4100e-01, 4.8029e-03, 
 2DIAGNOSTIC,    23, -7.395528802200e-01, 1.546491979125e-04, 9.4599e-01, 4.9939e-03, 
 2DIAGNOSTIC,    24, -7.396167074335e-01, 1.175906329401e-04, 9.5076e-01, 4.7710e-03, 
 2DIAGNOSTIC,    25, -7.396723270623e-01, 8.455670161395e-05, 9.5576e-01, 4.9980e-03, 
 2DIAGNOSTIC,    26, -7.397203334641e-01, 5.887541419951e-05, 9.6123e-01, 5.4748e-03, 
 2DIAGNOSTIC,    27, -7.396536768403e-01, 3.614799440019e-05, 9.6650e-01, 5.2710e-03, 
 2DIAGNOSTIC,    28, -7.395918369202e-01, 1.430174571083e-05, 9.7470e-01, 8.1940e-03, 
 2DIAGNOSTIC,    29, -7.395922037370e-01, 4.780644273443e-06, 9.7949e-01, 4.7870e-03, 
 2DIAGNOSTIC,    30, -7.395940374630e-01, 4.217111471493e-06, 9.8421e-01, 4.7231e-03, 
 2DIAGNOSTIC,    31, -7.395969338312e-01, 1.969279545093e-06, 9.8916e-01, 4.9510e-03, 
DIAGNOSTIC,Iteration,metricValue,convergenceValue,ITERATION_TIME_INDEX,SINCE_LAST
 2DIAGNOSTIC,     1, -5.981181010006e-01, 1.797693134862e+308, 1.7846e+00, 7.9547e-01, 
 2DIAGNOSTIC,     2, -5.986922179923e-01, 1.797693134862e+308, 1.8214e+00, 3.6749e-02, 
 2DIAGNOSTIC,     3, -5.991890519044e-01, 1.797693134862e+308, 1.8597e+00, 3.8304e-02, 
 2DIAGNOSTIC,     4, -5.992962987757e-01, 1.797693134862e+308, 1.8984e+00, 3.8698e-02, 
 2DIAGNOSTIC,     5, -5.992594141998e-01, 1.797693134862e+308, 1.9371e+00, 3.8692e-02, 
 2DIAGNOSTIC,     6, -5.991278716703e-01, 1.797693134862e+308, 1.9940e+00, 5.6951e-02, 
 2DIAGNOSTIC,     7, -5.991353017489e-01, 1.797693134862e+308, 2.0325e+00, 3.8524e-02, 
 2DIAGNOSTIC,     8, -5.991201394328e-01, 1.797693134862e+308, 2.0709e+00, 3.8371e-02, 
 2DIAGNOSTIC,     9, -5.991160808576e-01, 1.797693134862e+308, 2.1092e+00, 3.8295e-02, 
 2DIAGNOSTIC,    10, -5.991208677968e-01, 6.143303483477e-05, 2.1516e+00, 4.2400e-02, 
 2DIAGNOSTIC,    11, -5.991206464346e-01, 1.059288207236e-05, 2.1947e+00, 4.3086e-02, 
DIAGNOSTIC,Iteration,metricValue,convergenceValue,ITERATION_TIME_INDEX,SINCE_LAST
 2DIAGNOSTIC,     1, -5.337560210482e-01, 1.797693134862e+308, 3.4058e+00, 1.2111e+00, 
 2DIAGNOSTIC,     2, -5.340139248919e-01, 1.797693134862e+308, 3.6971e+00, 2.9131e-01, 
 2DIAGNOSTIC,     3, -5.343484020288e-01, 1.797693134862e+308, 4.0196e+00, 3.2249e-01, 
 2DIAGNOSTIC,     4, -5.347552026676e-01, 1.797693134862e+308, 4.3111e+00, 2.9144e-01, 
 2DIAGNOSTIC,     5, -5.352560835844e-01, 1.797693134862e+308, 4.5938e+00, 2.8274e-01, 
 2DIAGNOSTIC,     6, -5.361312379263e-01, 1.797693134862e+308, 4.9068e+00, 3.1295e-01, 
 2DIAGNOSTIC,     7, -5.379967573639e-01, 1.797693134862e+308, 5.3941e+00, 4.8732e-01, 
 2DIAGNOSTIC,     8, -5.388791087123e-01, 1.797693134862e+308, 5.7420e+00, 3.4797e-01, 
 2DIAGNOSTIC,     9, -5.412956807311e-01, 1.797693134862e+308, 6.1241e+00, 3.8207e-01, 
 2DIAGNOSTIC,    10, -5.442753317565e-01, 1.152534142844e-03, 6.5561e+00, 4.3203e-01, 
 2DIAGNOSTIC,    11, -5.443762112952e-01, 1.234193174326e-03, 6.9079e+00, 3.5180e-01, 
 2DIAGNOSTIC,    12, -5.443802731178e-01, 1.204989517882e-03, 7.2216e+00, 3.1364e-01, 
 2DIAGNOSTIC,    13, -5.443889933562e-01, 1.086895628644e-03, 7.6502e+00, 4.2864e-01, 
 2DIAGNOSTIC,    14, -5.443893563386e-01, 9.017179425749e-04, 8.2230e+00, 5.7276e-01, 
 2DIAGNOSTIC,    15, -5.443882202745e-01, 6.752681961073e-04, 8.5368e+00, 3.1385e-01, 
 2DIAGNOSTIC,    16, -5.443860816495e-01, 4.438672017475e-04, 8.8774e+00, 3.4052e-01, 
 2DIAGNOSTIC,    17, -5.443859436317e-01, 2.586013873992e-04, 9.2289e+00, 3.5157e-01, 
 2DIAGNOSTIC,    18, -5.443861717546e-01, 9.522812610542e-05, 9.6441e+00, 4.1520e-01, 
 2DIAGNOSTIC,    19, -5.443852500193e-01, 5.036127252611e-06, 1.0017e+01, 3.7281e-01, 
 2DIAGNOSTIC,    20, -5.443855369012e-01, 1.857363528902e-06, 1.0359e+01, 3.4231e-01, 
 2DIAGNOSTIC,    21, -5.443853660373e-01, 1.479752119997e-06, 1.0700e+01, 3.4118e-01, 
 2DIAGNOSTIC,    22, -5.443849000847e-01, 1.220473603798e-06, 1.0998e+01, 2.9759e-01, 
 2DIAGNOSTIC,    23, -5.443848015304e-01, 1.201664683072e-06, 1.1275e+01, 2.7740e-01, 
 2DIAGNOSTIC,    24, -5.443838714674e-01, 1.190062177643e-06, 1.1593e+01, 3.1723e-01, 
 2DIAGNOSTIC,    25, -5.443836768648e-01, 1.166551698850e-06, 1.1982e+01, 3.8966e-01, 
 2DIAGNOSTIC,    26, -5.443833949738e-01, 1.106360193862e-06, 1.2303e+01, 3.2108e-01, 
 2DIAGNOSTIC,    27, -5.443836073987e-01, 1.063457990599e-06, 1.2696e+01, 3.9255e-01, 
 2DIAGNOSTIC,    28, -5.443823311629e-01, 1.015770864379e-06, 1.3069e+01, 3.7258e-01, 
DIAGNOSTIC,Iteration,metricValue,convergenceValue,ITERATION_TIME_INDEX,SINCE_LAST
 2DIAGNOSTIC,     1, -4.999199730288e-01, 1.797693134862e+308, 1.6302e+01, 3.2330e+00, 
 2DIAGNOSTIC,     2, -5.001095853242e-01, 1.797693134862e+308, 1.8165e+01, 1.8632e+00, 
 2DIAGNOSTIC,     3, -5.002313524848e-01, 1.797693134862e+308, 2.0087e+01, 1.9225e+00, 
 2DIAGNOSTIC,     4, -5.003518785457e-01, 1.797693134862e+308, 2.2097e+01, 2.0101e+00, 
 2DIAGNOSTIC,     5, -5.006166976787e-01, 1.797693134862e+308, 2.4527e+01, 2.4294e+00, 
 2DIAGNOSTIC,     6, -5.006322502805e-01, 1.797693134862e+308, 2.6696e+01, 2.1689e+00, 
 2DIAGNOSTIC,     7, -5.006323702899e-01, 1.797693134862e+308, 2.8839e+01, 2.1432e+00, 
 2DIAGNOSTIC,     8, -5.006314524084e-01, 1.797693134862e+308, 3.1752e+01, 2.9134e+00, 
 2DIAGNOSTIC,     9, -5.006309663359e-01, 1.797693134862e+308, 3.3821e+01, 2.0682e+00, 
 2DIAGNOSTIC,    10, -5.006306565555e-01, 9.294639858072e-05, 3.7089e+01, 3.2683e+00, 
 2DIAGNOSTIC,    11, -5.006305198153e-01, 5.827050820742e-05, 3.9252e+01, 2.1632e+00, 
 2DIAGNOSTIC,    12, -5.006304635646e-01, 3.348591885009e-05, 4.1351e+01, 2.0993e+00, 
 2DIAGNOSTIC,    13, -5.006301898895e-01, 1.503870691066e-05, 4.3596e+01, 2.2445e+00, 
 2DIAGNOSTIC,    14, -5.006300469824e-01, 2.667180665938e-06, 4.5745e+01, 2.1496e+00, 
 2DIAGNOSTIC,    15, -5.006299922566e-01, 1.915590373200e-06, 4.8085e+01, 2.3398e+00, 
 2DIAGNOSTIC,    16, -5.006299127716e-01, 1.825138746248e-06, 4.9995e+01, 1.9096e+00, 
 2DIAGNOSTIC,    17, -5.006296124464e-01, 1.754930438989e-06, 5.1756e+01, 1.7616e+00, 
 2DIAGNOSTIC,    18, -5.006295470682e-01, 1.672917574864e-06, 5.3749e+01, 1.9929e+00, 
 2DIAGNOSTIC,    19, -5.006294664425e-01, 1.591583499438e-06, 5.5420e+01, 1.6706e+00, 
 2DIAGNOSTIC,    20, -5.006296082605e-01, 1.521243843283e-06, 5.7408e+01, 1.9883e+00, 
 2DIAGNOSTIC,    21, -5.006294200108e-01, 1.455095962589e-06, 5.9288e+01, 1.8803e+00, 
 2DIAGNOSTIC,    22, -5.006293605246e-01, 1.398000688074e-06, 6.1315e+01, 2.0262e+00, 
 2DIAGNOSTIC,    23, -5.006294097465e-01, 1.344993922563e-06, 6.3112e+01, 1.7976e+00, 
 2DIAGNOSTIC,    24, -5.006294921647e-01, 1.298362836792e-06, 6.5361e+01, 2.2487e+00, 
 2DIAGNOSTIC,    25, -5.006293712022e-01, 1.253884474625e-06, 6.7732e+01, 2.3708e+00, 
 2DIAGNOSTIC,    26, -5.006290969668e-01, 1.207182549756e-06, 6.9567e+01, 1.8348e+00, 
 2DIAGNOSTIC,    27, -5.006291318769e-01, 1.160171151489e-06, 7.1619e+01, 2.0521e+00, 
 2DIAGNOSTIC,    28, -5.006289735149e-01, 1.113565775458e-06, 7.3592e+01, 1.9738e+00, 
 2DIAGNOSTIC,    29, -5.006291823234e-01, 1.074668547117e-06, 7.5585e+01, 1.9921e+00, 
 2DIAGNOSTIC,    30, -5.006296817805e-01, 1.052633893203e-06, 7.7301e+01, 1.7160e+00, 
 2DIAGNOSTIC,    31, -5.006301938971e-01, 1.038588144715e-06, 8.0031e+01, 2.7306e+00, 
 2DIAGNOSTIC,    32, -5.006303487295e-01, 1.025826384241e-06, 8.2246e+01, 2.2144e+00, 
 2DIAGNOSTIC,    33, -5.006302610365e-01, 1.010231989715e-06, 8.4260e+01, 2.0143e+00, 
  Elapsed time (stage 0): 8.5349e+01


Total elapsed time: 8.5364e+01
Info [verificarlo]: loaded backend libinterflop_vprec.so
Info [interflop-vprec]: load backend with: 
Info [interflop-vprec]: precision-binary32 = 19
Info [interflop-vprec]: range-binary32 = 7
Info [interflop-vprec]: precision-binary64 = 19
Info [interflop-vprec]: range-binary64 = 7
Info [interflop-vprec]: mode = ob
Info [interflop-vprec]: error-mode = rel
Info [interflop-vprec]: max-abs-error-exponent = -1022
Info [interflop-vprec]: daz = false
Info [interflop-vprec]: ftz = false
Info [interflop-vprec]: 	instrument = none
Info [interflop-vprec]: 	prec-input-file = (null)
Info [interflop-vprec]: 	prec-output-file = (null)
Info [interflop-vprec]: 	prec-log-file = (null)
All_Command_lines_OK
Using double precision for computations.
=============================================================================
The composite transform comprises the following transforms (in order): 
  1. /home/mdugre/scratch/mri-registration-rp/datasets/ds004513/derivatives/mri-registration-rp/0001/antsRegistration-r7-p19/sub-s032/affine_Composite.h5[0] (type = Euler3DTransform)
  2. /home/mdugre/scratch/mri-registration-rp/datasets/ds004513/derivatives/mri-registration-rp/0001/antsRegistration-r7-p19/sub-s032/affine_Composite.h5[1] (type = Euler3DTransform)
