
##########################
# Experiment information #
##########################

EXPERIMENT_NAME: antsRegistration-r7-p18
VFC_BACKENDS: libinterflop_vprec.so --range-binary32=7 --precision-binary32=18 --range-binary64=7 --precision-binary64=18

SIF_IMG: /home/mdugre/projects/rrg-glatard/mdugre/containers/ants-vprec-no_metrics.simg

SUBJECT_ID: s033
INPUT_IMG: /home/mdugre/scratch/mri-registration-rp/datasets/ds004513/derivatives/mri-registration-rp/antsBrainExtraction/sub-s033/BrainExtractionBrain.nii.gz
OUTPUT_DIR: /home/mdugre/scratch/mri-registration-rp/datasets/ds004513/derivatives/mri-registration-rp/0001/antsRegistration-r7-p18/sub-s033

FIXED_IMG: /templateflow/tpl-MNI152NLin2009cAsym/tpl-MNI152NLin2009cAsym_res-01_desc-brain_T1w.nii.gz
DATA_DIR: /home/mdugre/scratch/mri-registration-rp/datasets/ds004513
TEMPLATEFLOW_DIR: /home/mdugre/projects/rrg-glatard/mdugre/templateflow
ITK_GLOBAL_DEFAULT_NUMBER_OF_THREADS: 16
##########################

Info [verificarlo]: loaded backend libinterflop_ieee.so
Info [interflop-ieee]: load backend with:
Info [interflop-ieee]: debug = false
Info [interflop-ieee]: debug-binary = false
Info [interflop-ieee]: no-backend-name = false
Info [interflop-ieee]: print-new-line = false
Info [interflop-ieee]: print-subnormal-normalized = false
Info [interflop-ieee]: count-op = false
All_Command_lines_OK
Using double precision for computations.
=============================================================================
The composite transform comprises the following transforms (in order): 
  1. Center of mass alignment using fixed image: /templateflow/tpl-MNI152NLin2009cAsym/tpl-MNI152NLin2009cAsym_res-01_desc-brain_T1w.nii.gz and moving image: /home/mdugre/scratch/mri-registration-rp/datasets/ds004513/derivatives/mri-registration-rp/antsBrainExtraction/sub-s033/BrainExtractionBrain.nii.gz (type = Euler3DTransform)
=============================================================================
  number of levels = 1
  fixed image: /templateflow/tpl-MNI152NLin2009cAsym/tpl-MNI152NLin2009cAsym_res-01_desc-brain_T1w.nii.gz
  moving image: /home/mdugre/scratch/mri-registration-rp/datasets/ds004513/derivatives/mri-registration-rp/antsBrainExtraction/sub-s033/BrainExtractionBrain.nii.gz
Dimension = 3
Number of stages = 1
Use histogram matching = false
Winsorize image intensities = true
  Lower quantile = 0.005
  Upper quantile = 0.995


Stage 1 State
   Image metric = MattesMI
     Fixed image = Image (0x42fde70)
  RTTI typeinfo:   itk::Image<double, 3u>
  Reference Count: 2
  Modified Time: 2330
  Debug: Off
  Object Name: 
  Observers: 
    none
  Source: (none)
  Source output name: (none)
  Release Data: Off
  Data Released: False
  Global Release Data: Off
  PipelineMTime: 0
  UpdateMTime: 1941
  RealTimeStamp: 0 seconds 
  LargestPossibleRegion: 
    Dimension: 3
    Index: [0, 0, 0]
    Size: [193, 229, 193]
  BufferedRegion: 
    Dimension: 3
    Index: [0, 0, 0]
    Size: [193, 229, 193]
  RequestedRegion: 
    Dimension: 3
    Index: [0, 0, 0]
    Size: [193, 229, 193]
  Spacing: [1, 1, 1]
  Origin: [96, 132, -78]
  Direction: 
-1 0 0
0 -1 0
0 0 1

  IndexToPointMatrix: 
-1 0 0
0 -1 0
0 0 1

  PointToIndexMatrix: 
-1 0 0
0 -1 0
0 0 1

  Inverse Direction: 
-1 0 0
0 -1 0
0 0 1

  PixelContainer: 
    ImportImageContainer (0x4306c60)
      RTTI typeinfo:   itk::ImportImageContainer<unsigned long, double>
      Reference Count: 1
      Modified Time: 1938
      Debug: Off
      Object Name: 
      Observers: 
        none
      Pointer: 0x147153dcd010
      Container manages memory: true
      Size: 8530021
      Capacity: 8530021

     Moving image = Image (0x4300540)
  RTTI typeinfo:   itk::Image<double, 3u>
  Reference Count: 2
  Modified Time: 2331
  Debug: Off
  Object Name: 
  Observers: 
    none
  Source: (none)
  Source output name: (none)
  Release Data: Off
  Data Released: False
  Global Release Data: Off
  PipelineMTime: 0
  UpdateMTime: 2328
  RealTimeStamp: 0 seconds 
  LargestPossibleRegion: 
    Dimension: 3
    Index: [0, 0, 0]
    Size: [160, 240, 256]
  BufferedRegion: 
    Dimension: 3
    Index: [0, 0, 0]
    Size: [160, 240, 256]
  RequestedRegion: 
    Dimension: 3
    Index: [0, 0, 0]
    Size: [160, 240, 256]
  Spacing: [1, 1, 1]
  Origin: [91.5134, 94.282, -109.927]
  Direction: 
-0.99591 -0.0698718 -0.0572835
0.0697565 -0.997556 0.00401236
-0.0574239 5.01125e-08 0.99835

  IndexToPointMatrix: 
-0.99591 -0.0698718 -0.0572835
0.0697565 -0.997556 0.00401236
-0.0574239 5.01125e-08 0.99835

  PointToIndexMatrix: 
-0.99591 0.0697565 -0.0574239
-0.0698718 -0.997556 5.01483e-08
-0.0572835 0.00401236 0.99835

  Inverse Direction: 
-0.99591 0.0697565 -0.0574239
-0.0698718 -0.997556 5.01483e-08
-0.0572835 0.00401236 0.99835

  PixelContainer: 
    ImportImageContainer (0x4412610)
      RTTI typeinfo:   itk::ImportImageContainer<unsigned long, double>
      Reference Count: 1
      Modified Time: 2325
      Debug: Off
      Object Name: 
      Observers: 
        none
      Pointer: 0x14714f2cc010
      Container manages memory: true
      Size: 9830400
      Capacity: 9830400

     Weighting = 1
     Sampling strategy = regular
     Number of bins = 32
     Radius = 4
     Sampling percentage  = 0.25
   Transform = Rigid
     Gradient step = 0.1
     Update field sigma (voxel space) = 0
     Total field sigma (voxel space) = 0
     Update field time sigma = 0
     Total field time sigma  = 0
     Number of time indices = 0
     Number of time point samples = 0
Registration using 1 total stages.

Stage 0
  iterations = 0
  convergence threshold = 1e-06
  convergence window size = 10
  number of levels = 1
  using the Mattes MI metric (number of bins = 32, weight = 1, use gradient filter = 0)
  preprocessing:  winsorizing the image intensities
  Shrink factors (level 1 out of 1): [1, 1, 1]
  smoothing sigmas per level: [0]
  regular sampling (percentage = 0.25)

*** Running Euler3DTransform registration ***

  Elapsed time (stage 0): 1.19061


Total elapsed time: 1.19289
Info [verificarlo]: loaded backend libinterflop_ieee.so
Info [interflop-ieee]: load backend with:
Info [interflop-ieee]: debug = false
Info [interflop-ieee]: debug-binary = false
Info [interflop-ieee]: no-backend-name = false
Info [interflop-ieee]: print-new-line = false
Info [interflop-ieee]: print-subnormal-normalized = false
Info [interflop-ieee]: count-op = false
All_Command_lines_OK
Using double precision for computations.
=============================================================================
The composite transform comprises the following transforms (in order): 
  1. /home/mdugre/scratch/mri-registration-rp/datasets/ds004513/derivatives/mri-registration-rp/0001/antsRegistration-r7-p18/sub-s033/align_Composite.h5[0] (type = Euler3DTransform)
  2. /home/mdugre/scratch/mri-registration-rp/datasets/ds004513/derivatives/mri-registration-rp/0001/antsRegistration-r7-p18/sub-s033/align_Composite.h5[1] (type = Euler3DTransform)
=============================================================================
  number of levels = 4
  fixed image: /templateflow/tpl-MNI152NLin2009cAsym/tpl-MNI152NLin2009cAsym_res-01_desc-brain_T1w.nii.gz
  moving image: /home/mdugre/scratch/mri-registration-rp/datasets/ds004513/derivatives/mri-registration-rp/antsBrainExtraction/sub-s033/BrainExtractionBrain.nii.gz
Dimension = 3
Number of stages = 1
Use histogram matching = false
Winsorize image intensities = true
  Lower quantile = 0.005
  Upper quantile = 0.995


Stage 1 State
   Image metric = MattesMI
     Fixed image = Image (0x3832530)
  RTTI typeinfo:   itk::Image<double, 3u>
  Reference Count: 2
  Modified Time: 1578
  Debug: Off
  Object Name: 
  Observers: 
    none
  Source: (none)
  Source output name: (none)
  Release Data: Off
  Data Released: False
  Global Release Data: Off
  PipelineMTime: 0
  UpdateMTime: 1189
  RealTimeStamp: 0 seconds 
  LargestPossibleRegion: 
    Dimension: 3
    Index: [0, 0, 0]
    Size: [193, 229, 193]
  BufferedRegion: 
    Dimension: 3
    Index: [0, 0, 0]
    Size: [193, 229, 193]
  RequestedRegion: 
    Dimension: 3
    Index: [0, 0, 0]
    Size: [193, 229, 193]
  Spacing: [1, 1, 1]
  Origin: [96, 132, -78]
  Direction: 
-1 0 0
0 -1 0
0 0 1

  IndexToPointMatrix: 
-1 0 0
0 -1 0
0 0 1

  PointToIndexMatrix: 
-1 0 0
0 -1 0
0 0 1

  Inverse Direction: 
-1 0 0
0 -1 0
0 0 1

  PixelContainer: 
    ImportImageContainer (0x38f0d60)
      RTTI typeinfo:   itk::ImportImageContainer<unsigned long, double>
      Reference Count: 1
      Modified Time: 1186
      Debug: Off
      Object Name: 
      Observers: 
        none
      Pointer: 0x148a35ebe010
      Container manages memory: true
      Size: 8530021
      Capacity: 8530021

     Moving image = Image (0x38e2f60)
  RTTI typeinfo:   itk::Image<double, 3u>
  Reference Count: 2
  Modified Time: 1579
  Debug: Off
  Object Name: 
  Observers: 
    none
  Source: (none)
  Source output name: (none)
  Release Data: Off
  Data Released: False
  Global Release Data: Off
  PipelineMTime: 0
  UpdateMTime: 1576
  RealTimeStamp: 0 seconds 
  LargestPossibleRegion: 
    Dimension: 3
    Index: [0, 0, 0]
    Size: [160, 240, 256]
  BufferedRegion: 
    Dimension: 3
    Index: [0, 0, 0]
    Size: [160, 240, 256]
  RequestedRegion: 
    Dimension: 3
    Index: [0, 0, 0]
    Size: [160, 240, 256]
  Spacing: [1, 1, 1]
  Origin: [91.5134, 94.282, -109.927]
  Direction: 
-0.99591 -0.0698718 -0.0572835
0.0697565 -0.997556 0.00401236
-0.0574239 5.01125e-08 0.99835

  IndexToPointMatrix: 
-0.99591 -0.0698718 -0.0572835
0.0697565 -0.997556 0.00401236
-0.0574239 5.01125e-08 0.99835

  PointToIndexMatrix: 
-0.99591 0.0697565 -0.0574239
-0.0698718 -0.997556 5.01483e-08
-0.0572835 0.00401236 0.99835

  Inverse Direction: 
-0.99591 0.0697565 -0.0574239
-0.0698718 -0.997556 5.01483e-08
-0.0572835 0.00401236 0.99835

  PixelContainer: 
    ImportImageContainer (0x38d46d0)
      RTTI typeinfo:   itk::ImportImageContainer<unsigned long, double>
      Reference Count: 1
      Modified Time: 1573
      Debug: Off
      Object Name: 
      Observers: 
        none
      Pointer: 0x148a313bd010
      Container manages memory: true
      Size: 9830400
      Capacity: 9830400

     Weighting = 1
     Sampling strategy = regular
     Number of bins = 32
     Radius = 4
     Sampling percentage  = 0.25
   Transform = Rigid
     Gradient step = 0.1
     Update field sigma (voxel space) = 0
     Total field sigma (voxel space) = 0
     Update field time sigma = 0
     Total field time sigma  = 0
     Number of time indices = 0
     Number of time point samples = 0
Registration using 1 total stages.

Stage 0
  iterations = 1000x500x250x100
  convergence threshold = 1e-06
  convergence window size = 10
  number of levels = 4
  using the Mattes MI metric (number of bins = 32, weight = 1, use gradient filter = 0)
  preprocessing:  winsorizing the image intensities
  Shrink factors (level 1 out of 4): [8, 8, 8]
  Shrink factors (level 2 out of 4): [4, 4, 4]
  Shrink factors (level 3 out of 4): [2, 2, 2]
  Shrink factors (level 4 out of 4): [1, 1, 1]
  smoothing sigmas per level: [3, 2, 1, 0]
  regular sampling (percentage = 0.25)

*** Running Euler3DTransform registration ***

DIAGNOSTIC,Iteration,metricValue,convergenceValue,ITERATION_TIME_INDEX,SINCE_LAST
 2DIAGNOSTIC,     1, -4.945365495269e-01, 1.797693134862e+308, 1.0488e+00, 1.0488e+00, 
 2DIAGNOSTIC,     2, -4.961551199262e-01, 1.797693134862e+308, 1.0541e+00, 5.3411e-03, 
 2DIAGNOSTIC,     3, -4.991207097076e-01, 1.797693134862e+308, 1.0597e+00, 5.6059e-03, 
 2DIAGNOSTIC,     4, -5.030359852117e-01, 1.797693134862e+308, 1.0658e+00, 6.1340e-03, 
 2DIAGNOSTIC,     5, -5.059125054655e-01, 1.797693134862e+308, 1.0710e+00, 5.1200e-03, 
 2DIAGNOSTIC,     6, -5.092815596254e-01, 1.797693134862e+308, 1.0762e+00, 5.2061e-03, 
 2DIAGNOSTIC,     7, -5.205915484568e-01, 1.797693134862e+308, 1.0829e+00, 6.7711e-03, 
 2DIAGNOSTIC,     8, -5.236677933913e-01, 1.797693134862e+308, 1.0887e+00, 5.7530e-03, 
 2DIAGNOSTIC,     9, -5.261653611514e-01, 1.797693134862e+308, 1.0939e+00, 5.2450e-03, 
 2DIAGNOSTIC,    10, -5.313843279548e-01, 4.956236851461e-03, 1.0998e+00, 5.8920e-03, 
 2DIAGNOSTIC,    11, -5.461121550605e-01, 5.255951709878e-03, 1.1071e+00, 7.2460e-03, 
 2DIAGNOSTIC,    12, -5.563506773259e-01, 5.544499219501e-03, 1.1135e+00, 6.4061e-03, 
 2DIAGNOSTIC,    13, -6.011783753082e-01, 7.240286203945e-03, 1.1206e+00, 7.0930e-03, 
 2DIAGNOSTIC,    14, -6.166052825019e-01, 8.701253899141e-03, 1.1258e+00, 5.2581e-03, 
 2DIAGNOSTIC,    15, -6.211428291662e-01, 9.416357351042e-03, 1.1318e+00, 5.9600e-03, 
 2DIAGNOSTIC,    16, -6.235432152035e-01, 9.368281936897e-03, 1.1385e+00, 6.6810e-03, 
 2DIAGNOSTIC,    17, -6.347577463079e-01, 9.145335033890e-03, 1.1461e+00, 7.6618e-03, 
 2DIAGNOSTIC,    18, -6.413138477221e-01, 8.359392958698e-03, 1.1531e+00, 6.9780e-03, 
 2DIAGNOSTIC,    19, -6.420802717434e-01, 6.980623474605e-03, 1.1609e+00, 7.8011e-03, 
 2DIAGNOSTIC,    20, -6.425493373972e-01, 5.272872607616e-03, 1.1670e+00, 6.0561e-03, 
 2DIAGNOSTIC,    21, -6.431795005674e-01, 3.641466688185e-03, 1.1738e+00, 6.7968e-03, 
 2DIAGNOSTIC,    22, -6.434078411024e-01, 2.049114000475e-03, 1.1798e+00, 6.0070e-03, 
 2DIAGNOSTIC,    23, -6.435083891259e-01, 1.381096903144e-03, 1.1863e+00, 6.5620e-03, 
 2DIAGNOSTIC,    24, -6.436807761455e-01, 9.688116429731e-04, 1.1929e+00, 6.5830e-03, 
 2DIAGNOSTIC,    25, -6.439989417532e-01, 6.014654167517e-04, 1.2010e+00, 8.0769e-03, 
 2DIAGNOSTIC,    26, -6.448361556144e-01, 2.655197361988e-04, 1.2063e+00, 5.3351e-03, 
 2DIAGNOSTIC,    27, -6.460796033727e-01, 1.536865924881e-04, 1.2128e+00, 6.4740e-03, 
 2DIAGNOSTIC,    28, -6.463976194307e-01, 1.550353616249e-04, 1.2181e+00, 5.2722e-03, 
 2DIAGNOSTIC,    29, -6.463935456996e-01, 1.547432197656e-04, 1.2244e+00, 6.2890e-03, 
 2DIAGNOSTIC,    30, -6.464392297609e-01, 1.482978367039e-04, 1.2313e+00, 6.8939e-03, 
 2DIAGNOSTIC,    31, -6.463723508399e-01, 1.368671189035e-04, 1.2365e+00, 5.2068e-03, 
 2DIAGNOSTIC,    32, -6.464254416875e-01, 1.173265267531e-04, 1.2437e+00, 7.2839e-03, 
 2DIAGNOSTIC,    33, -6.464354984257e-01, 8.969323666613e-05, 1.2606e+00, 1.6870e-02, 
 2DIAGNOSTIC,    34, -6.464354983928e-01, 5.811483032252e-05, 1.2785e+00, 1.7917e-02, 
 2DIAGNOSTIC,    35, -6.464354983928e-01, 2.735366073092e-05, 1.2856e+00, 7.0908e-03, 
 2DIAGNOSTIC,    36, -6.464354983928e-01, 6.561981803828e-06, 1.2927e+00, 7.0391e-03, 
 2DIAGNOSTIC,    37, -6.464354983928e-01, 2.244502574217e-06, 1.2985e+00, 5.7981e-03, 
 2DIAGNOSTIC,    38, -6.464354983928e-01, 1.990755347334e-06, 1.3047e+00, 6.2649e-03, 
 2DIAGNOSTIC,    39, -6.464354983928e-01, 1.582335315931e-06, 1.3108e+00, 6.1009e-03, 
 2DIAGNOSTIC,    40, -6.464354983928e-01, 1.698171846490e-06, 1.3171e+00, 6.2609e-03, 
DIAGNOSTIC,Iteration,metricValue,convergenceValue,ITERATION_TIME_INDEX,SINCE_LAST
 2DIAGNOSTIC,     1, -5.367244455344e-01, 1.797693134862e+308, 2.1760e+00, 8.5891e-01, 
 2DIAGNOSTIC,     2, -5.380313839622e-01, 1.797693134862e+308, 2.2038e+00, 2.7761e-02, 
 2DIAGNOSTIC,     3, -5.401731915498e-01, 1.797693134862e+308, 2.2325e+00, 2.8728e-02, 
 2DIAGNOSTIC,     4, -5.431881348331e-01, 1.797693134862e+308, 2.2620e+00, 2.9557e-02, 
 2DIAGNOSTIC,     5, -5.453557599047e-01, 1.797693134862e+308, 2.2911e+00, 2.9088e-02, 
 2DIAGNOSTIC,     6, -5.461088566572e-01, 1.797693134862e+308, 2.3207e+00, 2.9528e-02, 
 2DIAGNOSTIC,     7, -5.462086682262e-01, 1.797693134862e+308, 2.3536e+00, 3.2888e-02, 
 2DIAGNOSTIC,     8, -5.464869268866e-01, 1.797693134862e+308, 2.3896e+00, 3.6087e-02, 
 2DIAGNOSTIC,     9, -5.465850815855e-01, 1.797693134862e+308, 2.4284e+00, 3.8715e-02, 
 2DIAGNOSTIC,    10, -5.466464841567e-01, 1.224741174445e-03, 2.4559e+00, 2.7518e-02, 
 2DIAGNOSTIC,    11, -5.470487709402e-01, 8.391099360376e-04, 2.4883e+00, 3.2467e-02, 
 2DIAGNOSTIC,    12, -5.471506826048e-01, 5.042747916675e-04, 2.5202e+00, 3.1822e-02, 
 2DIAGNOSTIC,    13, -5.471747723000e-01, 2.608962557086e-04, 2.5594e+00, 3.9268e-02, 
 2DIAGNOSTIC,    14, -5.471893676812e-01, 1.401592433128e-04, 2.5948e+00, 3.5344e-02, 
 2DIAGNOSTIC,    15, -5.471839954838e-01, 9.761644341444e-05, 2.6277e+00, 3.2962e-02, 
 2DIAGNOSTIC,    16, -5.471599229226e-01, 7.527606688204e-05, 2.6552e+00, 2.7489e-02, 
 2DIAGNOSTIC,    17, -5.471662421229e-01, 5.183178046246e-05, 2.6849e+00, 2.9687e-02, 
 2DIAGNOSTIC,    18, -5.471747028925e-01, 3.478196102322e-05, 2.7207e+00, 3.5756e-02, 
 2DIAGNOSTIC,    19, -5.471813451726e-01, 1.945629963603e-05, 2.7585e+00, 3.7847e-02, 
 2DIAGNOSTIC,    20, -5.471662914427e-01, 4.969829662187e-06, 2.7907e+00, 3.2161e-02, 
 2DIAGNOSTIC,    21, -5.471844158682e-01, 1.951263780449e-06, 2.8247e+00, 3.4040e-02, 
 2DIAGNOSTIC,    22, -5.471946855285e-01, 1.794829855260e-06, 2.8565e+00, 3.1808e-02, 
 2DIAGNOSTIC,    23, -5.472309777341e-01, 2.955891127643e-06, 2.8891e+00, 3.2567e-02, 
 2DIAGNOSTIC,    24, -5.472460347032e-01, 4.500345711679e-06, 2.9230e+00, 3.3875e-02, 
 2DIAGNOSTIC,    25, -5.473225343918e-01, 7.130562413839e-06, 2.9538e+00, 3.0873e-02, 
 2DIAGNOSTIC,    26, -5.474469322016e-01, 1.098291115428e-05, 2.9845e+00, 3.0630e-02, 
 2DIAGNOSTIC,    27, -5.481013380055e-01, 2.630865847002e-05, 3.0190e+00, 3.4573e-02, 
 2DIAGNOSTIC,    28, -5.480678937736e-01, 3.738993866542e-05, 3.0617e+00, 4.2707e-02, 
 2DIAGNOSTIC,    29, -5.482084716466e-01, 4.712040615885e-05, 3.1015e+00, 3.9762e-02, 
 2DIAGNOSTIC,    30, -5.482082518663e-01, 5.166415247731e-05, 3.1360e+00, 3.4531e-02, 
 2DIAGNOSTIC,    31, -5.482014615800e-01, 5.125921907732e-05, 3.1705e+00, 3.4422e-02, 
 2DIAGNOSTIC,    32, -5.481815957020e-01, 4.582631037413e-05, 3.2006e+00, 3.0174e-02, 
 2DIAGNOSTIC,    33, -5.481718257202e-01, 3.689943245747e-05, 3.2312e+00, 3.0527e-02, 
 2DIAGNOSTIC,    34, -5.481825626406e-01, 2.560031554804e-05, 3.2617e+00, 3.0542e-02, 
 2DIAGNOSTIC,    35, -5.481838557430e-01, 1.379952162242e-05, 3.2927e+00, 3.0951e-02, 
 2DIAGNOSTIC,    36, -5.481854579815e-01, 3.009180951787e-06, 3.3231e+00, 3.0467e-02, 
 2DIAGNOSTIC,    37, -5.482631349730e-01, 2.936486631213e-06, 3.3591e+00, 3.5959e-02, 
 2DIAGNOSTIC,    38, -5.482856021539e-01, 2.436033893331e-06, 3.3979e+00, 3.8847e-02, 
 2DIAGNOSTIC,    39, -5.482706816602e-01, 3.481460440494e-06, 3.4325e+00, 3.4551e-02, 
 2DIAGNOSTIC,    40, -5.481987728852e-01, 3.304971337562e-06, 3.4667e+00, 3.4168e-02, 
 2DIAGNOSTIC,    41, -5.482804018670e-01, 3.879042712977e-06, 3.5200e+00, 5.3301e-02, 
 2DIAGNOSTIC,    42, -5.481859095514e-01, 2.659596986910e-06, 3.5588e+00, 3.8855e-02, 
 2DIAGNOSTIC,    43, -5.482756799391e-01, 2.302282660873e-06, 3.6015e+00, 4.2701e-02, 
 2DIAGNOSTIC,    44, -5.483025231875e-01, 2.247903688399e-06, 3.6395e+00, 3.8018e-02, 
 2DIAGNOSTIC,    45, -5.482811786500e-01, 1.830167184243e-06, 3.6752e+00, 3.5701e-02, 
 2DIAGNOSTIC,    46, -5.482645577349e-01, 1.147410828954e-06, 3.7094e+00, 3.4139e-02, 
 2DIAGNOSTIC,    47, -5.482548593232e-01, 1.197632706142e-06, 3.8086e+00, 9.9221e-02, 
 2DIAGNOSTIC,    48, -5.482548593220e-01, 1.432371900069e-06, 3.9096e+00, 1.0098e-01, 
 2DIAGNOSTIC,    49, -5.482548593220e-01, 1.430013578243e-06, 3.9459e+00, 3.6363e-02, 
DIAGNOSTIC,Iteration,metricValue,convergenceValue,ITERATION_TIME_INDEX,SINCE_LAST
 2DIAGNOSTIC,     1, -4.661873943530e-01, 1.797693134862e+308, 5.0758e+00, 1.1299e+00, 
 2DIAGNOSTIC,     2, -4.663634407711e-01, 1.797693134862e+308, 5.3668e+00, 2.9103e-01, 
 2DIAGNOSTIC,     3, -4.665065268435e-01, 1.797693134862e+308, 5.6419e+00, 2.7508e-01, 
 2DIAGNOSTIC,     4, -4.666272938360e-01, 1.797693134862e+308, 5.9035e+00, 2.6164e-01, 
 2DIAGNOSTIC,     5, -4.667166882972e-01, 1.797693134862e+308, 6.1700e+00, 2.6649e-01, 
 2DIAGNOSTIC,     6, -4.668667243518e-01, 1.797693134862e+308, 6.4241e+00, 2.5409e-01, 
 2DIAGNOSTIC,     7, -4.669697653940e-01, 1.797693134862e+308, 6.7742e+00, 3.5007e-01, 
 2DIAGNOSTIC,     8, -4.670258334785e-01, 1.797693134862e+308, 7.1651e+00, 3.9087e-01, 
 2DIAGNOSTIC,     9, -4.670791322143e-01, 1.797693134862e+308, 7.4220e+00, 2.5699e-01, 
 2DIAGNOSTIC,    10, -4.671177525053e-01, 1.313506913509e-04, 7.6834e+00, 2.6132e-01, 
 2DIAGNOSTIC,    11, -4.671984786951e-01, 1.051589570812e-04, 7.9332e+00, 2.4984e-01, 
 2DIAGNOSTIC,    12, -4.674361140502e-01, 9.491354051214e-05, 8.3626e+00, 4.2939e-01, 
 2DIAGNOSTIC,    13, -4.675162714679e-01, 8.805681359572e-05, 8.6379e+00, 2.7527e-01, 
 2DIAGNOSTIC,    14, -4.675732992985e-01, 8.220270185122e-05, 9.0074e+00, 3.6957e-01, 
 2DIAGNOSTIC,    15, -4.675740524792e-01, 7.348762995887e-05, 9.3491e+00, 3.4165e-01, 
 2DIAGNOSTIC,    16, -4.675763034474e-01, 6.504173026674e-05, 9.8220e+00, 4.7296e-01, 
 2DIAGNOSTIC,    17, -4.675763997953e-01, 5.533237244052e-05, 1.0093e+01, 2.7101e-01, 
 2DIAGNOSTIC,    18, -4.675746406892e-01, 4.352721341130e-05, 1.0362e+01, 2.6889e-01, 
 2DIAGNOSTIC,    19, -4.675729813547e-01, 3.083234438562e-05, 1.0649e+01, 2.8724e-01, 
 2DIAGNOSTIC,    20, -4.675713173841e-01, 1.787338310946e-05, 1.0932e+01, 2.8247e-01, 
 2DIAGNOSTIC,    21, -4.675679164830e-01, 6.729518457628e-06, 1.1186e+01, 2.5410e-01, 
 2DIAGNOSTIC,    22, -4.675676534517e-01, 2.633960512484e-06, 1.1493e+01, 3.0685e-01, 
DIAGNOSTIC,Iteration,metricValue,convergenceValue,ITERATION_TIME_INDEX,SINCE_LAST
 2DIAGNOSTIC,     1, -4.258650715884e-01, 1.797693134862e+308, 1.4123e+01, 2.6306e+00, 
 2DIAGNOSTIC,     2, -4.259686234500e-01, 1.797693134862e+308, 1.5661e+01, 1.5380e+00, 
 2DIAGNOSTIC,     3, -4.260095499166e-01, 1.797693134862e+308, 1.7686e+01, 2.0251e+00, 
 2DIAGNOSTIC,     4, -4.260079818501e-01, 1.797693134862e+308, 1.9920e+01, 2.2340e+00, 
 2DIAGNOSTIC,     5, -4.260080726627e-01, 1.797693134862e+308, 2.1599e+01, 1.6787e+00, 
 2DIAGNOSTIC,     6, -4.260081331616e-01, 1.797693134862e+308, 2.3204e+01, 1.6051e+00, 
 2DIAGNOSTIC,     7, -4.260082715941e-01, 1.797693134862e+308, 2.5095e+01, 1.8904e+00, 
 2DIAGNOSTIC,     8, -4.260079805077e-01, 1.797693134862e+308, 2.6822e+01, 1.7269e+00, 
 2DIAGNOSTIC,     9, -4.260078916508e-01, 1.797693134862e+308, 2.8408e+01, 1.5861e+00, 
 2DIAGNOSTIC,    10, -4.260079141486e-01, 1.493587953079e-05, 3.0129e+01, 1.7214e+00, 
 2DIAGNOSTIC,    11, -4.260079354712e-01, 5.184557228227e-06, 3.1886e+01, 1.7567e+00, 
 2DIAGNOSTIC,    12, -4.260077551568e-01, 2.533753104550e-06, 3.3595e+01, 1.7094e+00, 
 2DIAGNOSTIC,    13, -4.260077780176e-01, 2.405862489341e-06, 3.4921e+01, 1.3254e+00, 
 2DIAGNOSTIC,    14, -4.260078159907e-01, 2.227081760217e-06, 3.6728e+01, 1.8071e+00, 
 2DIAGNOSTIC,    15, -4.260079263594e-01, 2.084820042256e-06, 3.8432e+01, 1.7044e+00, 
 2DIAGNOSTIC,    16, -4.260076274277e-01, 1.953232628776e-06, 4.0132e+01, 1.7002e+00, 
 2DIAGNOSTIC,    17, -4.260075334050e-01, 1.842910812566e-06, 4.1637e+01, 1.5047e+00, 
 2DIAGNOSTIC,    18, -4.260075460512e-01, 1.737297769859e-06, 4.3758e+01, 2.1212e+00, 
 2DIAGNOSTIC,    19, -4.260075494152e-01, 1.642195941023e-06, 4.5277e+01, 1.5189e+00, 
 2DIAGNOSTIC,    20, -4.260073511507e-01, 1.553560471386e-06, 4.6781e+01, 1.5042e+00, 
 2DIAGNOSTIC,    21, -4.260073578859e-01, 1.478240758843e-06, 4.8288e+01, 1.5063e+00, 
 2DIAGNOSTIC,    22, -4.260071599080e-01, 1.401761853086e-06, 4.9765e+01, 1.4777e+00, 
 2DIAGNOSTIC,    23, -4.260071639976e-01, 1.336789906881e-06, 5.1092e+01, 1.3271e+00, 
 2DIAGNOSTIC,    24, -4.260070667561e-01, 1.279643205947e-06, 5.2553e+01, 1.4608e+00, 
 2DIAGNOSTIC,    25, -4.260069726200e-01, 1.232083258335e-06, 5.4050e+01, 1.4974e+00, 
 2DIAGNOSTIC,    26, -4.260071894937e-01, 1.190020038837e-06, 5.5553e+01, 1.5024e+00, 
 2DIAGNOSTIC,    27, -4.260077201472e-01, 1.164785594469e-06, 5.7275e+01, 1.7226e+00, 
 2DIAGNOSTIC,    28, -4.260078349437e-01, 1.145284157497e-06, 5.8967e+01, 1.6914e+00, 
 2DIAGNOSTIC,    29, -4.260078426952e-01, 1.126771388957e-06, 6.0555e+01, 1.5886e+00, 
 2DIAGNOSTIC,    30, -4.260077532778e-01, 1.100459253223e-06, 6.2020e+01, 1.4649e+00, 
 2DIAGNOSTIC,    31, -4.260076620611e-01, 1.070301828998e-06, 6.3664e+01, 1.6439e+00, 
 2DIAGNOSTIC,    32, -4.260075657547e-01, 1.031472348673e-06, 6.4978e+01, 1.3137e+00, 
  Elapsed time (stage 0): 6.5982e+01


Total elapsed time: 6.5984e+01
Info [verificarlo]: loaded backend libinterflop_ieee.so
Info [interflop-ieee]: load backend with:
Info [interflop-ieee]: debug = false
Info [interflop-ieee]: debug-binary = false
Info [interflop-ieee]: no-backend-name = false
Info [interflop-ieee]: print-new-line = false
Info [interflop-ieee]: print-subnormal-normalized = false
Info [interflop-ieee]: count-op = false
All_Command_lines_OK
Using double precision for computations.
=============================================================================
The composite transform comprises the following transforms (in order): 
  1. /home/mdugre/scratch/mri-registration-rp/datasets/ds004513/derivatives/mri-registration-rp/0001/antsRegistration-r7-p18/sub-s033/rigid_Composite.h5[0] (type = Euler3DTransform)
  2. /home/mdugre/scratch/mri-registration-rp/datasets/ds004513/derivatives/mri-registration-rp/0001/antsRegistration-r7-p18/sub-s033/rigid_Composite.h5[1] (type = Euler3DTransform)
  3. /home/mdugre/scratch/mri-registration-rp/datasets/ds004513/derivatives/mri-registration-rp/0001/antsRegistration-r7-p18/sub-s033/rigid_Composite.h5[2] (type = Euler3DTransform)
=============================================================================
  number of levels = 4
  fixed image: /templateflow/tpl-MNI152NLin2009cAsym/tpl-MNI152NLin2009cAsym_res-01_desc-brain_T1w.nii.gz
  moving image: /home/mdugre/scratch/mri-registration-rp/datasets/ds004513/derivatives/mri-registration-rp/antsBrainExtraction/sub-s033/BrainExtractionBrain.nii.gz
Dimension = 3
Number of stages = 1
Use histogram matching = false
Winsorize image intensities = true
  Lower quantile = 0.005
  Upper quantile = 0.995


Stage 1 State
   Image metric = MattesMI
     Fixed image = Image (0x4eed7e0)
  RTTI typeinfo:   itk::Image<double, 3u>
  Reference Count: 2
  Modified Time: 1592
  Debug: Off
  Object Name: 
  Observers: 
    none
  Source: (none)
  Source output name: (none)
  Release Data: Off
  Data Released: False
  Global Release Data: Off
  PipelineMTime: 0
  UpdateMTime: 1203
  RealTimeStamp: 0 seconds 
  LargestPossibleRegion: 
    Dimension: 3
    Index: [0, 0, 0]
    Size: [193, 229, 193]
  BufferedRegion: 
    Dimension: 3
    Index: [0, 0, 0]
    Size: [193, 229, 193]
  RequestedRegion: 
    Dimension: 3
    Index: [0, 0, 0]
    Size: [193, 229, 193]
  Spacing: [1, 1, 1]
  Origin: [96, 132, -78]
  Direction: 
-1 0 0
0 -1 0
0 0 1

  IndexToPointMatrix: 
-1 0 0
0 -1 0
0 0 1

  PointToIndexMatrix: 
-1 0 0
0 -1 0
0 0 1

  Inverse Direction: 
-1 0 0
0 -1 0
0 0 1

  PixelContainer: 
    ImportImageContainer (0x4fada20)
      RTTI typeinfo:   itk::ImportImageContainer<unsigned long, double>
      Reference Count: 1
      Modified Time: 1200
      Debug: Off
      Object Name: 
      Observers: 
        none
      Pointer: 0x14d5b7a40010
      Container manages memory: true
      Size: 8530021
      Capacity: 8530021

     Moving image = Image (0x4fa8d70)
  RTTI typeinfo:   itk::Image<double, 3u>
  Reference Count: 2
  Modified Time: 1593
  Debug: Off
  Object Name: 
  Observers: 
    none
  Source: (none)
  Source output name: (none)
  Release Data: Off
  Data Released: False
  Global Release Data: Off
  PipelineMTime: 0
  UpdateMTime: 1590
  RealTimeStamp: 0 seconds 
  LargestPossibleRegion: 
    Dimension: 3
    Index: [0, 0, 0]
    Size: [160, 240, 256]
  BufferedRegion: 
    Dimension: 3
    Index: [0, 0, 0]
    Size: [160, 240, 256]
  RequestedRegion: 
    Dimension: 3
    Index: [0, 0, 0]
    Size: [160, 240, 256]
  Spacing: [1, 1, 1]
  Origin: [91.5134, 94.282, -109.927]
  Direction: 
-0.99591 -0.0698718 -0.0572835
0.0697565 -0.997556 0.00401236
-0.0574239 5.01125e-08 0.99835

  IndexToPointMatrix: 
-0.99591 -0.0698718 -0.0572835
0.0697565 -0.997556 0.00401236
-0.0574239 5.01125e-08 0.99835

  PointToIndexMatrix: 
-0.99591 0.0697565 -0.0574239
-0.0698718 -0.997556 5.01483e-08
-0.0572835 0.00401236 0.99835

  Inverse Direction: 
-0.99591 0.0697565 -0.0574239
-0.0698718 -0.997556 5.01483e-08
-0.0572835 0.00401236 0.99835

  PixelContainer: 
    ImportImageContainer (0x4f60c90)
      RTTI typeinfo:   itk::ImportImageContainer<unsigned long, double>
      Reference Count: 1
      Modified Time: 1587
      Debug: Off
      Object Name: 
      Observers: 
        none
      Pointer: 0x14d5b2f3f010
      Container manages memory: true
      Size: 9830400
      Capacity: 9830400

     Weighting = 1
     Sampling strategy = regular
     Number of bins = 32
     Radius = 4
     Sampling percentage  = 0.25
   Transform = Affine
     Gradient step = 0.1
     Update field sigma (voxel space) = 0
     Total field sigma (voxel space) = 0
     Update field time sigma = 0
     Total field time sigma  = 0
     Number of time indices = 0
     Number of time point samples = 0
Registration using 1 total stages.

Stage 0
  iterations = 1000x500x250x100
  convergence threshold = 1e-06
  convergence window size = 10
  number of levels = 4
  using the Mattes MI metric (number of bins = 32, weight = 1, use gradient filter = 0)
  preprocessing:  winsorizing the image intensities
  Shrink factors (level 1 out of 4): [8, 8, 8]
  Shrink factors (level 2 out of 4): [4, 4, 4]
  Shrink factors (level 3 out of 4): [2, 2, 2]
  Shrink factors (level 4 out of 4): [1, 1, 1]
  smoothing sigmas per level: [3, 2, 1, 0]
  regular sampling (percentage = 0.25)

*** Running AffineTransform registration ***

DIAGNOSTIC,Iteration,metricValue,convergenceValue,ITERATION_TIME_INDEX,SINCE_LAST
 2DIAGNOSTIC,     1, -6.382810811661e-01, 1.797693134862e+308, 1.2662e+00, 1.2662e+00, 
 2DIAGNOSTIC,     2, -6.407465654320e-01, 1.797693134862e+308, 1.2738e+00, 7.5610e-03, 
 2DIAGNOSTIC,     3, -6.451565558333e-01, 1.797693134862e+308, 1.2820e+00, 8.2610e-03, 
 2DIAGNOSTIC,     4, -6.521824190480e-01, 1.797693134862e+308, 1.2891e+00, 7.1328e-03, 
 2DIAGNOSTIC,     5, -6.630833060182e-01, 1.797693134862e+308, 1.2967e+00, 7.5240e-03, 
 2DIAGNOSTIC,     6, -6.815408691986e-01, 1.797693134862e+308, 1.3045e+00, 7.7832e-03, 
 2DIAGNOSTIC,     7, -7.249759244310e-01, 1.797693134862e+308, 1.3143e+00, 9.8550e-03, 
 2DIAGNOSTIC,     8, -8.402387046515e-01, 1.797693134862e+308, 1.3222e+00, 7.8931e-03, 
 2DIAGNOSTIC,     9, -8.669880342631e-01, 1.797693134862e+308, 1.3346e+00, 1.2398e-02, 
 2DIAGNOSTIC,    10, -8.690141845387e-01, 2.370857773413e-02, 1.3422e+00, 7.6511e-03, 
 2DIAGNOSTIC,    11, -8.788575497658e-01, 2.366193993270e-02, 1.3501e+00, 7.8530e-03, 
 2DIAGNOSTIC,    12, -8.887440595933e-01, 2.187443023822e-02, 1.3577e+00, 7.5810e-03, 
 2DIAGNOSTIC,    13, -8.929112522094e-01, 1.863992840557e-02, 1.3660e+00, 8.3041e-03, 
 2DIAGNOSTIC,    14, -8.986788892552e-01, 1.459616398979e-02, 1.3754e+00, 9.3780e-03, 
 2DIAGNOSTIC,    15, -9.051773305929e-01, 1.031721183685e-02, 1.3863e+00, 1.0918e-02, 
 2DIAGNOSTIC,    16, -9.052608674433e-01, 6.142746901653e-03, 1.3959e+00, 9.6521e-03, 
 2DIAGNOSTIC,    17, -9.054081479493e-01, 2.822427250571e-03, 1.4042e+00, 8.2860e-03, 
 2DIAGNOSTIC,    18, -9.052651645476e-01, 1.920729466366e-03, 1.4117e+00, 7.4630e-03, 
 2DIAGNOSTIC,    19, -9.053417766861e-01, 1.448853823920e-03, 1.4195e+00, 7.7820e-03, 
 2DIAGNOSTIC,    20, -9.056308644461e-01, 9.326119248205e-04, 1.4272e+00, 7.7159e-03, 
 2DIAGNOSTIC,    21, -9.057907051738e-01, 5.479140451357e-04, 1.4353e+00, 8.0891e-03, 
 2DIAGNOSTIC,    22, -9.059083268987e-01, 3.097233326921e-04, 1.4434e+00, 8.1699e-03, 
 2DIAGNOSTIC,    23, -9.059076625708e-01, 1.269696185199e-04, 1.4506e+00, 7.1678e-03, 
 2DIAGNOSTIC,    24, -9.060848001584e-01, 3.177960658175e-05, 1.4582e+00, 7.6070e-03, 
 2DIAGNOSTIC,    25, -9.061400758208e-01, 3.170063930849e-05, 1.4657e+00, 7.4730e-03, 
 2DIAGNOSTIC,    26, -9.063737724847e-01, 3.284153633617e-05, 1.4739e+00, 8.1999e-03, 
 2DIAGNOSTIC,    27, -9.065864991671e-01, 3.551888706561e-05, 1.4840e+00, 1.0114e-02, 
 2DIAGNOSTIC,    28, -9.066213787011e-01, 3.346513737105e-05, 1.4948e+00, 1.0806e-02, 
 2DIAGNOSTIC,    29, -9.061308935893e-01, 2.367582062360e-05, 1.5045e+00, 9.7032e-03, 
 2DIAGNOSTIC,    30, -9.059975725842e-01, 1.435667369312e-05, 1.5154e+00, 1.0850e-02, 
 2DIAGNOSTIC,    31, -9.060239780641e-01, 6.380645297503e-06, 1.5227e+00, 7.3431e-03, 
DIAGNOSTIC,Iteration,metricValue,convergenceValue,ITERATION_TIME_INDEX,SINCE_LAST
 2DIAGNOSTIC,     1, -7.439573711660e-01, 1.797693134862e+308, 2.6237e+00, 1.1010e+00, 
 2DIAGNOSTIC,     2, -7.448080030837e-01, 1.797693134862e+308, 2.6781e+00, 5.4423e-02, 
 2DIAGNOSTIC,     3, -7.457617041541e-01, 1.797693134862e+308, 2.7223e+00, 4.4217e-02, 
 2DIAGNOSTIC,     4, -7.465205337613e-01, 1.797693134862e+308, 2.7688e+00, 4.6450e-02, 
 2DIAGNOSTIC,     5, -7.471927219423e-01, 1.797693134862e+308, 2.8182e+00, 4.9443e-02, 
 2DIAGNOSTIC,     6, -7.483572284320e-01, 1.797693134862e+308, 2.8875e+00, 6.9327e-02, 
 2DIAGNOSTIC,     7, -7.483856077626e-01, 1.797693134862e+308, 2.9295e+00, 4.1972e-02, 
 2DIAGNOSTIC,     8, -7.483766104738e-01, 1.797693134862e+308, 2.9714e+00, 4.1923e-02, 
 2DIAGNOSTIC,     9, -7.483745008072e-01, 1.797693134862e+308, 3.0132e+00, 4.1795e-02, 
 2DIAGNOSTIC,    10, -7.483761445908e-01, 4.001413187120e-04, 3.0498e+00, 3.6558e-02, 
 2DIAGNOSTIC,    11, -7.483854649969e-01, 2.698822527764e-04, 3.0870e+00, 3.7249e-02, 
 2DIAGNOSTIC,    12, -7.484053763653e-01, 1.646313958522e-04, 3.1247e+00, 3.7697e-02, 
 2DIAGNOSTIC,    13, -7.484499559661e-01, 9.032116682849e-05, 3.1637e+00, 3.8951e-02, 
 2DIAGNOSTIC,    14, -7.484732058307e-01, 3.975133687721e-05, 3.2058e+00, 4.2119e-02, 
 2DIAGNOSTIC,    15, -7.485088527682e-01, 9.616186489383e-06, 3.2468e+00, 4.0979e-02, 
 2DIAGNOSTIC,    16, -7.485395477945e-01, 1.093702501581e-05, 3.2894e+00, 4.2614e-02, 
 2DIAGNOSTIC,    17, -7.485782451160e-01, 1.277082941334e-05, 3.3262e+00, 3.6834e-02, 
 2DIAGNOSTIC,    18, -7.485586263378e-01, 1.277201419827e-05, 3.3637e+00, 3.7423e-02, 
 2DIAGNOSTIC,    19, -7.485801787454e-01, 1.216694904189e-05, 3.4010e+00, 3.7319e-02, 
 2DIAGNOSTIC,    20, -7.486222788681e-01, 1.147270826651e-05, 3.4385e+00, 3.7502e-02, 
 2DIAGNOSTIC,    21, -7.486674915813e-01, 1.088010035735e-05, 3.4802e+00, 4.1702e-02, 
 2DIAGNOSTIC,    22, -7.486471706708e-01, 9.433447846187e-06, 3.5222e+00, 4.2041e-02, 
 2DIAGNOSTIC,    23, -7.486510047882e-01, 8.201501424464e-06, 3.5636e+00, 4.1406e-02, 
 2DIAGNOSTIC,    24, -7.486433451574e-01, 6.678802884810e-06, 3.6131e+00, 4.9506e-02, 
 2DIAGNOSTIC,    25, -7.486307952715e-01, 5.099791217593e-06, 3.6486e+00, 3.5451e-02, 
 2DIAGNOSTIC,    26, -7.486334503513e-01, 3.747824397424e-06, 3.6884e+00, 3.9807e-02, 
 2DIAGNOSTIC,    27, -7.486370392363e-01, 2.872021216620e-06, 3.7243e+00, 3.5889e-02, 
 2DIAGNOSTIC,    28, -7.486099920757e-01, 1.271254589860e-06, 3.7641e+00, 3.9788e-02, 
DIAGNOSTIC,Iteration,metricValue,convergenceValue,ITERATION_TIME_INDEX,SINCE_LAST
 2DIAGNOSTIC,     1, -6.324386903490e-01, 1.797693134862e+308, 5.0967e+00, 1.3326e+00, 
 2DIAGNOSTIC,     2, -6.330424875327e-01, 1.797693134862e+308, 5.4868e+00, 3.9006e-01, 
 2DIAGNOSTIC,     3, -6.336960745407e-01, 1.797693134862e+308, 5.8710e+00, 3.8425e-01, 
 2DIAGNOSTIC,     4, -6.345219876842e-01, 1.797693134862e+308, 6.2628e+00, 3.9181e-01, 
 2DIAGNOSTIC,     5, -6.368230396824e-01, 1.797693134862e+308, 6.9483e+00, 6.8552e-01, 
 2DIAGNOSTIC,     6, -6.368150676044e-01, 1.797693134862e+308, 7.3419e+00, 3.9353e-01, 
 2DIAGNOSTIC,     7, -6.368123416530e-01, 1.797693134862e+308, 7.9799e+00, 6.3803e-01, 
 2DIAGNOSTIC,     8, -6.368134892792e-01, 1.797693134862e+308, 8.3703e+00, 3.9040e-01, 
 2DIAGNOSTIC,     9, -6.368129105048e-01, 1.797693134862e+308, 8.7360e+00, 3.6565e-01, 
 2DIAGNOSTIC,    10, -6.368122280672e-01, 4.917618856540e-04, 9.0979e+00, 3.6198e-01, 
 2DIAGNOSTIC,    11, -6.368100395308e-01, 3.319118058875e-04, 9.4441e+00, 3.4617e-01, 
 2DIAGNOSTIC,    12, -6.368104529191e-01, 1.928415422601e-04, 9.7877e+00, 3.4362e-01, 
 2DIAGNOSTIC,    13, -6.368082096162e-01, 8.056301046365e-05, 1.0144e+01, 3.5635e-01, 
 2DIAGNOSTIC,    14, -6.368086396816e-01, 1.527226458173e-06, 1.0454e+01, 3.0962e-01, 
 2DIAGNOSTIC,    15, -6.368065315677e-01, 1.617548554850e-06, 1.0806e+01, 3.5255e-01, 
 2DIAGNOSTIC,    16, -6.368069954921e-01, 1.537434331303e-06, 1.1123e+01, 3.1659e-01, 
 2DIAGNOSTIC,    17, -6.368049446450e-01, 1.381009003043e-06, 1.1484e+01, 3.6126e-01, 
 2DIAGNOSTIC,    18, -6.368040994244e-01, 1.295909953992e-06, 1.1863e+01, 3.7852e-01, 
 2DIAGNOSTIC,    19, -6.368019437272e-01, 1.199719934182e-06, 1.2207e+01, 3.4444e-01, 
 2DIAGNOSTIC,    20, -6.367999118623e-01, 1.098606363041e-06, 1.2552e+01, 3.4489e-01, 
DIAGNOSTIC,Iteration,metricValue,convergenceValue,ITERATION_TIME_INDEX,SINCE_LAST
 2DIAGNOSTIC,     1, -5.628360319949e-01, 1.797693134862e+308, 1.5617e+01, 3.0649e+00, 
 2DIAGNOSTIC,     2, -5.630211581685e-01, 1.797693134862e+308, 1.7414e+01, 1.7974e+00, 
 2DIAGNOSTIC,     3, -5.632019097772e-01, 1.797693134862e+308, 1.9331e+01, 1.9166e+00, 
 2DIAGNOSTIC,     4, -5.635147283149e-01, 1.797693134862e+308, 2.1494e+01, 2.1628e+00, 
 2DIAGNOSTIC,     5, -5.639486644501e-01, 1.797693134862e+308, 2.4101e+01, 2.6069e+00, 
 2DIAGNOSTIC,     6, -5.639527292599e-01, 1.797693134862e+308, 2.8207e+01, 4.1062e+00, 
 2DIAGNOSTIC,     7, -5.639524077226e-01, 1.797693134862e+308, 3.0796e+01, 2.5897e+00, 
 2DIAGNOSTIC,     8, -5.639523766420e-01, 1.797693134862e+308, 3.3253e+01, 2.4570e+00, 
 2DIAGNOSTIC,     9, -5.639522759519e-01, 1.797693134862e+308, 3.5501e+01, 2.2480e+00, 
 2DIAGNOSTIC,    10, -5.639521588788e-01, 1.373863304717e-04, 3.7576e+01, 2.0743e+00, 
 2DIAGNOSTIC,    11, -5.639520624240e-01, 8.976772019012e-05, 3.9556e+01, 1.9804e+00, 
 2DIAGNOSTIC,    12, -5.639520008348e-01, 5.031366855164e-05, 4.1708e+01, 2.1522e+00, 
 2DIAGNOSTIC,    13, -5.639520559209e-01, 1.949878484393e-05, 4.3657e+01, 1.9484e+00, 
 2DIAGNOSTIC,    14, -5.639518550956e-01, 2.350521872696e-06, 4.5880e+01, 2.2232e+00, 
 2DIAGNOSTIC,    15, -5.639519151155e-01, 2.065463348508e-06, 4.8020e+01, 2.1398e+00, 
 2DIAGNOSTIC,    16, -5.639516926791e-01, 1.942452873480e-06, 5.0137e+01, 2.1170e+00, 
 2DIAGNOSTIC,    17, -5.639518134085e-01, 1.832315910562e-06, 5.2313e+01, 2.1760e+00, 
 2DIAGNOSTIC,    18, -5.639519340282e-01, 1.740430254159e-06, 5.4367e+01, 2.0544e+00, 
 2DIAGNOSTIC,    19, -5.639519907793e-01, 1.659549095867e-06, 5.6506e+01, 2.1395e+00, 
 2DIAGNOSTIC,    20, -5.639521221927e-01, 1.588662263595e-06, 5.8689e+01, 2.1826e+00, 
 2DIAGNOSTIC,    21, -5.639520157867e-01, 1.519899077984e-06, 6.0866e+01, 2.1769e+00, 
 2DIAGNOSTIC,    22, -5.639518871735e-01, 1.452609387262e-06, 6.3012e+01, 2.1458e+00, 
 2DIAGNOSTIC,    23, -5.639519053723e-01, 1.392289489671e-06, 6.5200e+01, 2.1883e+00, 
 2DIAGNOSTIC,    24, -5.639518472022e-01, 1.330551984091e-06, 6.7265e+01, 2.0653e+00, 
 2DIAGNOSTIC,    25, -5.639516867305e-01, 1.271429018526e-06, 6.9124e+01, 1.8583e+00, 
 2DIAGNOSTIC,    26, -5.639517864370e-01, 1.214688685400e-06, 7.1122e+01, 1.9987e+00, 
 2DIAGNOSTIC,    27, -5.639517858157e-01, 1.165173892273e-06, 7.3095e+01, 1.9728e+00, 
 2DIAGNOSTIC,    28, -5.639513873751e-01, 1.115392529345e-06, 7.5732e+01, 2.6366e+00, 
 2DIAGNOSTIC,    29, -5.639514162188e-01, 1.072635655325e-06, 7.7821e+01, 2.0891e+00, 
 2DIAGNOSTIC,    30, -5.639512879107e-01, 1.035074609503e-06, 7.9599e+01, 1.7787e+00, 
  Elapsed time (stage 0): 8.0808e+01


Total elapsed time: 8.0811e+01
Info [verificarlo]: loaded backend libinterflop_vprec.so
Info [interflop-vprec]: load backend with: 
Info [interflop-vprec]: precision-binary32 = 18
Info [interflop-vprec]: range-binary32 = 7
Info [interflop-vprec]: precision-binary64 = 18
Info [interflop-vprec]: range-binary64 = 7
Info [interflop-vprec]: mode = ob
Info [interflop-vprec]: error-mode = rel
Info [interflop-vprec]: max-abs-error-exponent = -1022
Info [interflop-vprec]: daz = false
Info [interflop-vprec]: ftz = false
Info [interflop-vprec]: 	instrument = none
Info [interflop-vprec]: 	prec-input-file = (null)
