
##########################
# Experiment information #
##########################

EXPERIMENT_NAME: antsRegistration-r7-p17
VFC_BACKENDS: libinterflop_vprec.so --range-binary32=7 --precision-binary32=17 --range-binary64=7 --precision-binary64=17

SIF_IMG: /home/mdugre/projects/rrg-glatard/mdugre/containers/ants-vprec-no_metrics.simg

SUBJECT_ID: s017
INPUT_IMG: /home/mdugre/scratch/mri-registration-rp/datasets/ds004513/derivatives/mri-registration-rp/antsBrainExtraction/sub-s017/BrainExtractionBrain.nii.gz
OUTPUT_DIR: /home/mdugre/scratch/mri-registration-rp/datasets/ds004513/derivatives/mri-registration-rp/0001/antsRegistration-r7-p17/sub-s017

FIXED_IMG: /templateflow/tpl-MNI152NLin2009cAsym/tpl-MNI152NLin2009cAsym_res-01_desc-brain_T1w.nii.gz
DATA_DIR: /home/mdugre/scratch/mri-registration-rp/datasets/ds004513
TEMPLATEFLOW_DIR: /home/mdugre/projects/rrg-glatard/mdugre/templateflow
ITK_GLOBAL_DEFAULT_NUMBER_OF_THREADS: 16
##########################

Info [verificarlo]: loaded backend libinterflop_ieee.so
Info [interflop-ieee]: load backend with:
Info [interflop-ieee]: debug = false
Info [interflop-ieee]: debug-binary = false
Info [interflop-ieee]: no-backend-name = false
Info [interflop-ieee]: print-new-line = false
Info [interflop-ieee]: print-subnormal-normalized = false
Info [interflop-ieee]: count-op = false
All_Command_lines_OK
Using double precision for computations.
=============================================================================
The composite transform comprises the following transforms (in order): 
  1. Center of mass alignment using fixed image: /templateflow/tpl-MNI152NLin2009cAsym/tpl-MNI152NLin2009cAsym_res-01_desc-brain_T1w.nii.gz and moving image: /home/mdugre/scratch/mri-registration-rp/datasets/ds004513/derivatives/mri-registration-rp/antsBrainExtraction/sub-s017/BrainExtractionBrain.nii.gz (type = Euler3DTransform)
=============================================================================
  number of levels = 1
  fixed image: /templateflow/tpl-MNI152NLin2009cAsym/tpl-MNI152NLin2009cAsym_res-01_desc-brain_T1w.nii.gz
  moving image: /home/mdugre/scratch/mri-registration-rp/datasets/ds004513/derivatives/mri-registration-rp/antsBrainExtraction/sub-s017/BrainExtractionBrain.nii.gz
Dimension = 3
Number of stages = 1
Use histogram matching = false
Winsorize image intensities = true
  Lower quantile = 0.005
  Upper quantile = 0.995


Stage 1 State
   Image metric = MattesMI
     Fixed image = Image (0x4e69e70)
  RTTI typeinfo:   itk::Image<double, 3u>
  Reference Count: 2
  Modified Time: 2334
  Debug: Off
  Object Name: 
  Observers: 
    none
  Source: (none)
  Source output name: (none)
  Release Data: Off
  Data Released: False
  Global Release Data: Off
  PipelineMTime: 0
  UpdateMTime: 1943
  RealTimeStamp: 0 seconds 
  LargestPossibleRegion: 
    Dimension: 3
    Index: [0, 0, 0]
    Size: [193, 229, 193]
  BufferedRegion: 
    Dimension: 3
    Index: [0, 0, 0]
    Size: [193, 229, 193]
  RequestedRegion: 
    Dimension: 3
    Index: [0, 0, 0]
    Size: [193, 229, 193]
  Spacing: [1, 1, 1]
  Origin: [96, 132, -78]
  Direction: 
-1 0 0
0 -1 0
0 0 1

  IndexToPointMatrix: 
-1 0 0
0 -1 0
0 0 1

  PointToIndexMatrix: 
-1 0 0
0 -1 0
0 0 1

  Inverse Direction: 
-1 0 0
0 -1 0
0 0 1

  PixelContainer: 
    ImportImageContainer (0x4e72c60)
      RTTI typeinfo:   itk::ImportImageContainer<unsigned long, double>
      Reference Count: 1
      Modified Time: 1940
      Debug: Off
      Object Name: 
      Observers: 
        none
      Pointer: 0x14c959ca5010
      Container manages memory: true
      Size: 8530021
      Capacity: 8530021

     Moving image = Image (0x4e75610)
  RTTI typeinfo:   itk::Image<double, 3u>
  Reference Count: 2
  Modified Time: 2335
  Debug: Off
  Object Name: 
  Observers: 
    none
  Source: (none)
  Source output name: (none)
  Release Data: Off
  Data Released: False
  Global Release Data: Off
  PipelineMTime: 0
  UpdateMTime: 2332
  RealTimeStamp: 0 seconds 
  LargestPossibleRegion: 
    Dimension: 3
    Index: [0, 0, 0]
    Size: [160, 240, 256]
  BufferedRegion: 
    Dimension: 3
    Index: [0, 0, 0]
    Size: [160, 240, 256]
  RequestedRegion: 
    Dimension: 3
    Index: [0, 0, 0]
    Size: [160, 240, 256]
  Spacing: [1, 1, 1]
  Origin: [91.3357, 102.231, -120.042]
  Direction: 
-0.997442 -5.36781e-05 -0.0714818
5.35416e-05 -1 3.82465e-06
-0.0714818 -1.23894e-08 0.997442

  IndexToPointMatrix: 
-0.997444 -5.36781e-05 -0.0714818
5.35418e-05 -1 3.82465e-06
-0.0714819 -1.23894e-08 0.997442

  PointToIndexMatrix: 
-0.99744 5.35415e-05 -0.0714816
-5.36781e-05 -1 -1.23894e-08
-0.0714818 3.82465e-06 0.997442

  Inverse Direction: 
-0.997442 5.35416e-05 -0.0714818
-5.36781e-05 -1 -1.23894e-08
-0.0714818 3.82465e-06 0.997442

  PixelContainer: 
    ImportImageContainer (0x4f0eef0)
      RTTI typeinfo:   itk::ImportImageContainer<unsigned long, double>
      Reference Count: 1
      Modified Time: 2329
      Debug: Off
      Object Name: 
      Observers: 
        none
      Pointer: 0x14c9551a4010
      Container manages memory: true
      Size: 9830400
      Capacity: 9830400

     Weighting = 1
     Sampling strategy = regular
     Number of bins = 32
     Radius = 4
     Sampling percentage  = 0.25
   Transform = Rigid
     Gradient step = 0.1
     Update field sigma (voxel space) = 0
     Total field sigma (voxel space) = 0
     Update field time sigma = 0
     Total field time sigma  = 0
     Number of time indices = 0
     Number of time point samples = 0
Registration using 1 total stages.

Stage 0
  iterations = 0
  convergence threshold = 1e-06
  convergence window size = 10
  number of levels = 1
  using the Mattes MI metric (number of bins = 32, weight = 1, use gradient filter = 0)
  preprocessing:  winsorizing the image intensities
  Shrink factors (level 1 out of 1): [1, 1, 1]
  smoothing sigmas per level: [0]
  regular sampling (percentage = 0.25)

*** Running Euler3DTransform registration ***

  Elapsed time (stage 0): 1.10608


Total elapsed time: 1.10825
Info [verificarlo]: loaded backend libinterflop_ieee.so
Info [interflop-ieee]: load backend with:
Info [interflop-ieee]: debug = false
Info [interflop-ieee]: debug-binary = false
Info [interflop-ieee]: no-backend-name = false
Info [interflop-ieee]: print-new-line = false
Info [interflop-ieee]: print-subnormal-normalized = false
Info [interflop-ieee]: count-op = false
All_Command_lines_OK
Using double precision for computations.
=============================================================================
The composite transform comprises the following transforms (in order): 
  1. /home/mdugre/scratch/mri-registration-rp/datasets/ds004513/derivatives/mri-registration-rp/0001/antsRegistration-r7-p17/sub-s017/align_Composite.h5[0] (type = Euler3DTransform)
  2. /home/mdugre/scratch/mri-registration-rp/datasets/ds004513/derivatives/mri-registration-rp/0001/antsRegistration-r7-p17/sub-s017/align_Composite.h5[1] (type = Euler3DTransform)
=============================================================================
  number of levels = 4
  fixed image: /templateflow/tpl-MNI152NLin2009cAsym/tpl-MNI152NLin2009cAsym_res-01_desc-brain_T1w.nii.gz
  moving image: /home/mdugre/scratch/mri-registration-rp/datasets/ds004513/derivatives/mri-registration-rp/antsBrainExtraction/sub-s017/BrainExtractionBrain.nii.gz
Dimension = 3
Number of stages = 1
Use histogram matching = false
Winsorize image intensities = true
  Lower quantile = 0.005
  Upper quantile = 0.995


Stage 1 State
   Image metric = MattesMI
     Fixed image = Image (0x3d25530)
  RTTI typeinfo:   itk::Image<double, 3u>
  Reference Count: 2
  Modified Time: 1580
  Debug: Off
  Object Name: 
  Observers: 
    none
  Source: (none)
  Source output name: (none)
  Release Data: Off
  Data Released: False
  Global Release Data: Off
  PipelineMTime: 0
  UpdateMTime: 1189
  RealTimeStamp: 0 seconds 
  LargestPossibleRegion: 
    Dimension: 3
    Index: [0, 0, 0]
    Size: [193, 229, 193]
  BufferedRegion: 
    Dimension: 3
    Index: [0, 0, 0]
    Size: [193, 229, 193]
  RequestedRegion: 
    Dimension: 3
    Index: [0, 0, 0]
    Size: [193, 229, 193]
  Spacing: [1, 1, 1]
  Origin: [96, 132, -78]
  Direction: 
-1 0 0
0 -1 0
0 0 1

  IndexToPointMatrix: 
-1 0 0
0 -1 0
0 0 1

  PointToIndexMatrix: 
-1 0 0
0 -1 0
0 0 1

  Inverse Direction: 
-1 0 0
0 -1 0
0 0 1

  PixelContainer: 
    ImportImageContainer (0x3de3d60)
      RTTI typeinfo:   itk::ImportImageContainer<unsigned long, double>
      Reference Count: 1
      Modified Time: 1186
      Debug: Off
      Object Name: 
      Observers: 
        none
      Pointer: 0x15174afb6010
      Container manages memory: true
      Size: 8530021
      Capacity: 8530021

     Moving image = Image (0x3dd5f60)
  RTTI typeinfo:   itk::Image<double, 3u>
  Reference Count: 2
  Modified Time: 1581
  Debug: Off
  Object Name: 
  Observers: 
    none
  Source: (none)
  Source output name: (none)
  Release Data: Off
  Data Released: False
  Global Release Data: Off
  PipelineMTime: 0
  UpdateMTime: 1578
  RealTimeStamp: 0 seconds 
  LargestPossibleRegion: 
    Dimension: 3
    Index: [0, 0, 0]
    Size: [160, 240, 256]
  BufferedRegion: 
    Dimension: 3
    Index: [0, 0, 0]
    Size: [160, 240, 256]
  RequestedRegion: 
    Dimension: 3
    Index: [0, 0, 0]
    Size: [160, 240, 256]
  Spacing: [1, 1, 1]
  Origin: [91.3357, 102.231, -120.042]
  Direction: 
-0.997442 -5.36781e-05 -0.0714818
5.35416e-05 -1 3.82465e-06
-0.0714818 -1.23894e-08 0.997442

  IndexToPointMatrix: 
-0.997444 -5.36781e-05 -0.0714818
5.35418e-05 -1 3.82465e-06
-0.0714819 -1.23894e-08 0.997442

  PointToIndexMatrix: 
-0.99744 5.35415e-05 -0.0714816
-5.36781e-05 -1 -1.23894e-08
-0.0714818 3.82465e-06 0.997442

  Inverse Direction: 
-0.997442 5.35416e-05 -0.0714818
-5.36781e-05 -1 -1.23894e-08
-0.0714818 3.82465e-06 0.997442

  PixelContainer: 
    ImportImageContainer (0x3dc76d0)
      RTTI typeinfo:   itk::ImportImageContainer<unsigned long, double>
      Reference Count: 1
      Modified Time: 1575
      Debug: Off
      Object Name: 
      Observers: 
        none
      Pointer: 0x1517464b5010
      Container manages memory: true
      Size: 9830400
      Capacity: 9830400

     Weighting = 1
     Sampling strategy = regular
     Number of bins = 32
     Radius = 4
     Sampling percentage  = 0.25
   Transform = Rigid
     Gradient step = 0.1
     Update field sigma (voxel space) = 0
     Total field sigma (voxel space) = 0
     Update field time sigma = 0
     Total field time sigma  = 0
     Number of time indices = 0
     Number of time point samples = 0
Registration using 1 total stages.

Stage 0
  iterations = 1000x500x250x100
  convergence threshold = 1e-06
  convergence window size = 10
  number of levels = 4
  using the Mattes MI metric (number of bins = 32, weight = 1, use gradient filter = 0)
  preprocessing:  winsorizing the image intensities
  Shrink factors (level 1 out of 4): [8, 8, 8]
  Shrink factors (level 2 out of 4): [4, 4, 4]
  Shrink factors (level 3 out of 4): [2, 2, 2]
  Shrink factors (level 4 out of 4): [1, 1, 1]
  smoothing sigmas per level: [3, 2, 1, 0]
  regular sampling (percentage = 0.25)

*** Running Euler3DTransform registration ***

DIAGNOSTIC,Iteration,metricValue,convergenceValue,ITERATION_TIME_INDEX,SINCE_LAST
 2DIAGNOSTIC,     1, -5.567767283252e-01, 1.797693134862e+308, 6.7732e-01, 6.7732e-01, 
 2DIAGNOSTIC,     2, -5.584239703569e-01, 1.797693134862e+308, 6.8103e-01, 3.7031e-03, 
 2DIAGNOSTIC,     3, -5.612715515272e-01, 1.797693134862e+308, 6.8582e-01, 4.7889e-03, 
 2DIAGNOSTIC,     4, -5.637780194106e-01, 1.797693134862e+308, 6.9020e-01, 4.3819e-03, 
 2DIAGNOSTIC,     5, -5.658229214212e-01, 1.797693134862e+308, 6.9395e-01, 3.7479e-03, 
 2DIAGNOSTIC,     6, -5.696445468689e-01, 1.797693134862e+308, 6.9763e-01, 3.6879e-03, 
 2DIAGNOSTIC,     7, -5.734118275242e-01, 1.797693134862e+308, 7.0133e-01, 3.7000e-03, 
 2DIAGNOSTIC,     8, -5.754533484979e-01, 1.797693134862e+308, 7.0656e-01, 5.2230e-03, 
 2DIAGNOSTIC,     9, -5.763021950250e-01, 1.797693134862e+308, 7.1017e-01, 3.6180e-03, 
 2DIAGNOSTIC,    10, -5.771142770255e-01, 2.558085388189e-03, 7.1520e-01, 5.0261e-03, 
 2DIAGNOSTIC,    11, -5.785125587612e-01, 2.176117873031e-03, 7.1896e-01, 3.7570e-03, 
 2DIAGNOSTIC,    12, -5.799413348090e-01, 1.786767970983e-03, 7.2322e-01, 4.2601e-03, 
 2DIAGNOSTIC,    13, -5.809477908980e-01, 1.443124036835e-03, 7.2745e-01, 4.2350e-03, 
 2DIAGNOSTIC,    14, -5.814655964876e-01, 1.127354078216e-03, 7.3122e-01, 3.7680e-03, 
 2DIAGNOSTIC,    15, -5.819093877219e-01, 8.331089413526e-04, 7.3544e-01, 4.2150e-03, 
 2DIAGNOSTIC,    16, -5.822326442998e-01, 6.258215683233e-04, 7.3981e-01, 4.3750e-03, 
 2DIAGNOSTIC,    17, -5.825793599843e-01, 5.040365830239e-04, 7.4364e-01, 3.8280e-03, 
 2DIAGNOSTIC,    18, -5.863713925916e-01, 5.095725576648e-04, 7.4752e-01, 3.8788e-03, 
 2DIAGNOSTIC,    19, -5.901617810168e-01, 5.855607354908e-04, 7.5431e-01, 6.7930e-03, 
 2DIAGNOSTIC,    20, -5.906016223816e-01, 6.286272500305e-04, 7.5964e-01, 5.3270e-03, 
 2DIAGNOSTIC,    21, -5.907365705866e-01, 6.467002963830e-04, 7.6445e-01, 4.8130e-03, 
 2DIAGNOSTIC,    22, -5.906256574994e-01, 6.330265936371e-04, 7.6909e-01, 4.6439e-03, 
 2DIAGNOSTIC,    23, -5.906307681710e-01, 5.816453055167e-04, 7.7303e-01, 3.9310e-03, 
 2DIAGNOSTIC,    24, -5.905636622010e-01, 4.878472529211e-04, 7.7708e-01, 4.0541e-03, 
 2DIAGNOSTIC,    25, -5.906024985370e-01, 3.662279783949e-04, 7.8171e-01, 4.6332e-03, 
 2DIAGNOSTIC,    26, -5.906025304324e-01, 2.276984665065e-04, 7.8563e-01, 3.9201e-03, 
 2DIAGNOSTIC,    27, -5.906211320574e-01, 8.394584288725e-05, 7.8971e-01, 4.0801e-03, 
 2DIAGNOSTIC,    28, -5.908796758313e-01, 1.198925031205e-05, 7.9360e-01, 3.8919e-03, 
 2DIAGNOSTIC,    29, -5.911411552395e-01, 1.217108543280e-05, 7.9798e-01, 4.3769e-03, 
 2DIAGNOSTIC,    30, -5.915241330962e-01, 2.456301684453e-05, 8.0408e-01, 6.0999e-03, 
 2DIAGNOSTIC,    31, -5.916229825993e-01, 3.758205306264e-05, 8.0817e-01, 4.0848e-03, 
 2DIAGNOSTIC,    32, -5.916651208817e-01, 4.532975449208e-05, 8.1207e-01, 3.9048e-03, 
 2DIAGNOSTIC,    33, -5.916874987632e-01, 4.885284294699e-05, 8.1615e-01, 4.0801e-03, 
 2DIAGNOSTIC,    34, -5.917053822200e-01, 4.682712858827e-05, 8.2052e-01, 4.3700e-03, 
 2DIAGNOSTIC,    35, -5.917390904868e-01, 4.153275817403e-05, 8.3113e-01, 1.0608e-02, 
 2DIAGNOSTIC,    36, -5.917390912695e-01, 3.272086429443e-05, 8.3523e-01, 4.1020e-03, 
 2DIAGNOSTIC,    37, -5.917391070342e-01, 2.163060314841e-05, 8.3933e-01, 4.1010e-03, 
 2DIAGNOSTIC,    38, -5.917391330930e-01, 1.245673595323e-05, 8.4323e-01, 3.8972e-03, 
 2DIAGNOSTIC,    39, -5.917391754735e-01, 5.801896389507e-06, 8.4730e-01, 4.0660e-03, 
 2DIAGNOSTIC,    40, -5.917392424311e-01, 3.643428651320e-06, 8.5133e-01, 4.0309e-03, 
 2DIAGNOSTIC,    41, -5.917393428829e-01, 2.487109298503e-06, 8.5538e-01, 4.0519e-03, 
 2DIAGNOSTIC,    42, -5.917394845334e-01, 1.715730317403e-06, 8.5926e-01, 3.8769e-03, 
 2DIAGNOSTIC,    43, -5.917396625587e-01, 1.144189314753e-06, 8.6359e-01, 4.3302e-03, 
DIAGNOSTIC,Iteration,metricValue,convergenceValue,ITERATION_TIME_INDEX,SINCE_LAST
 2DIAGNOSTIC,     1, -4.784004501421e-01, 1.797693134862e+308, 1.5697e+00, 7.0616e-01, 
 2DIAGNOSTIC,     2, -4.783999131490e-01, 1.797693134862e+308, 1.5971e+00, 2.7394e-02, 
 2DIAGNOSTIC,     3, -4.784190365427e-01, 1.797693134862e+308, 1.6276e+00, 3.0417e-02, 
 2DIAGNOSTIC,     4, -4.785028756513e-01, 1.797693134862e+308, 1.6553e+00, 2.7737e-02, 
 2DIAGNOSTIC,     5, -4.786647485433e-01, 1.797693134862e+308, 1.6838e+00, 2.8482e-02, 
 2DIAGNOSTIC,     6, -4.788099932961e-01, 1.797693134862e+308, 1.7107e+00, 2.6882e-02, 
 2DIAGNOSTIC,     7, -4.794645847218e-01, 1.797693134862e+308, 1.7369e+00, 2.6252e-02, 
 2DIAGNOSTIC,     8, -4.813619171750e-01, 1.797693134862e+308, 1.7730e+00, 3.6131e-02, 
 2DIAGNOSTIC,     9, -4.817935635328e-01, 1.797693134862e+308, 1.8021e+00, 2.9023e-02, 
 2DIAGNOSTIC,    10, -4.822647496897e-01, 5.583367504647e-04, 1.8284e+00, 2.6315e-02, 
 2DIAGNOSTIC,    11, -4.831344909908e-01, 6.366384574736e-04, 1.8578e+00, 2.9417e-02, 
 2DIAGNOSTIC,    12, -4.835768992577e-01, 6.653898034784e-04, 1.9002e+00, 4.2449e-02, 
 2DIAGNOSTIC,    13, -4.835677565323e-01, 6.290342968955e-04, 1.9344e+00, 3.4130e-02, 
 2DIAGNOSTIC,    14, -4.835733047840e-01, 5.452729207817e-04, 1.9724e+00, 3.8064e-02, 
 2DIAGNOSTIC,    15, -4.835701547250e-01, 4.305772095941e-04, 2.0027e+00, 3.0261e-02, 
 2DIAGNOSTIC,    16, -4.835566913005e-01, 2.956272804067e-04, 2.0318e+00, 2.9088e-02, 
 2DIAGNOSTIC,    17, -4.835523104087e-01, 1.703980275179e-04, 2.0575e+00, 2.5751e-02, 
 2DIAGNOSTIC,    18, -4.835483887832e-01, 1.058854945981e-04, 2.0835e+00, 2.6009e-02, 
 2DIAGNOSTIC,    19, -4.835469915472e-01, 5.203914176425e-05, 2.1092e+00, 2.5620e-02, 
 2DIAGNOSTIC,    20, -4.835401827380e-01, 1.204163307933e-05, 2.1398e+00, 3.0644e-02, 
DIAGNOSTIC,Iteration,metricValue,convergenceValue,ITERATION_TIME_INDEX,SINCE_LAST
 2DIAGNOSTIC,     1, -4.161561167872e-01, 1.797693134862e+308, 3.2564e+00, 1.1166e+00, 
 2DIAGNOSTIC,     2, -4.161756893438e-01, 1.797693134862e+308, 3.5199e+00, 2.6348e-01, 
 2DIAGNOSTIC,     3, -4.161696114508e-01, 1.797693134862e+308, 3.7496e+00, 2.2975e-01, 
 2DIAGNOSTIC,     4, -4.161681503552e-01, 1.797693134862e+308, 4.0891e+00, 3.3948e-01, 
 2DIAGNOSTIC,     5, -4.161678896601e-01, 1.797693134862e+308, 4.3252e+00, 2.3609e-01, 
 2DIAGNOSTIC,     6, -4.161669123584e-01, 1.797693134862e+308, 4.5758e+00, 2.5062e-01, 
 2DIAGNOSTIC,     7, -4.161667485642e-01, 1.797693134862e+308, 4.8630e+00, 2.8723e-01, 
 2DIAGNOSTIC,     8, -4.161656816014e-01, 1.797693134862e+308, 5.0759e+00, 2.1285e-01, 
 2DIAGNOSTIC,     9, -4.161650043537e-01, 1.797693134862e+308, 5.2946e+00, 2.1870e-01, 
 2DIAGNOSTIC,    10, -4.161655463813e-01, 2.943366597841e-06, 5.5691e+00, 2.7447e-01, 
 2DIAGNOSTIC,    11, -4.161636420994e-01, 1.720591492199e-06, 5.8194e+00, 2.5031e-01, 
 2DIAGNOSTIC,    12, -4.161624970808e-01, 1.867462473895e-06, 6.0360e+00, 2.1666e-01, 
 2DIAGNOSTIC,    13, -4.161615819743e-01, 1.698398061731e-06, 6.2562e+00, 2.2020e-01, 
 2DIAGNOSTIC,    14, -4.161624603293e-01, 1.592444846835e-06, 6.4998e+00, 2.4360e-01, 
 2DIAGNOSTIC,    15, -4.161620529812e-01, 1.530180434972e-06, 6.7341e+00, 2.3424e-01, 
 2DIAGNOSTIC,    16, -4.161603835105e-01, 1.417836915985e-06, 6.9655e+00, 2.3148e-01, 
 2DIAGNOSTIC,    17, -4.161625251480e-01, 1.455414115489e-06, 7.2011e+00, 2.3560e-01, 
 2DIAGNOSTIC,    18, -4.161617349624e-01, 1.453854859002e-06, 7.4042e+00, 2.0310e-01, 
 2DIAGNOSTIC,    19, -4.161656140593e-01, 1.594928500048e-06, 7.6466e+00, 2.4237e-01, 
 2DIAGNOSTIC,    20, -4.161678254529e-01, 1.821576322836e-06, 7.9751e+00, 3.2845e-01, 
 2DIAGNOSTIC,    21, -4.161672172259e-01, 1.924327021646e-06, 8.2053e+00, 2.3023e-01, 
 2DIAGNOSTIC,    22, -4.161665846122e-01, 1.927748308761e-06, 8.4345e+00, 2.2917e-01, 
 2DIAGNOSTIC,    23, -4.161660793965e-01, 1.843028033618e-06, 8.6743e+00, 2.3982e-01, 
 2DIAGNOSTIC,    24, -4.161655365532e-01, 1.730448865922e-06, 8.8693e+00, 1.9505e-01, 
 2DIAGNOSTIC,    25, -4.161651834946e-01, 1.568353732044e-06, 9.0723e+00, 2.0297e-01, 
 2DIAGNOSTIC,    26, -4.161660037664e-01, 1.368374529610e-06, 9.2941e+00, 2.2181e-01, 
 2DIAGNOSTIC,    27, -4.161651045495e-01, 1.203105052132e-06, 9.5019e+00, 2.0780e-01, 
 2DIAGNOSTIC,    28, -4.161679884897e-01, 1.097088642939e-06, 9.7376e+00, 2.3568e-01, 
 2DIAGNOSTIC,    29, -4.161710849647e-01, 1.162831220841e-06, 9.9721e+00, 2.3454e-01, 
 2DIAGNOSTIC,    30, -4.161703640305e-01, 1.250475695373e-06, 1.0194e+01, 2.2173e-01, 
 2DIAGNOSTIC,    31, -4.161708142910e-01, 1.313167811726e-06, 1.0452e+01, 2.5833e-01, 
 2DIAGNOSTIC,    32, -4.161710089263e-01, 1.336085268810e-06, 1.0671e+01, 2.1874e-01, 
 2DIAGNOSTIC,    33, -4.161749613447e-01, 1.395595231782e-06, 1.0899e+01, 2.2812e-01, 
 2DIAGNOSTIC,    34, -4.161777487503e-01, 1.452526296887e-06, 1.1105e+01, 2.0571e-01, 
 2DIAGNOSTIC,    35, -4.161792220174e-01, 1.478601713404e-06, 1.1323e+01, 2.1855e-01, 
 2DIAGNOSTIC,    36, -4.161806859645e-01, 1.495439419276e-06, 1.1548e+01, 2.2517e-01, 
 2DIAGNOSTIC,    37, -4.161791778422e-01, 1.407680671181e-06, 1.1766e+01, 2.1722e-01, 
 2DIAGNOSTIC,    38, -4.161838486863e-01, 1.406626877965e-06, 1.2040e+01, 2.7411e-01, 
 2DIAGNOSTIC,    39, -4.161849953096e-01, 1.422742182754e-06, 1.2299e+01, 2.5945e-01, 
 2DIAGNOSTIC,    40, -4.161860914887e-01, 1.386764642425e-06, 1.2624e+01, 3.2430e-01, 
 2DIAGNOSTIC,    41, -4.161854987573e-01, 1.295749584695e-06, 1.2837e+01, 2.1310e-01, 
 2DIAGNOSTIC,    42, -4.161840259985e-01, 1.138573348009e-06, 1.3048e+01, 2.1177e-01, 
 2DIAGNOSTIC,    43, -4.161834049857e-01, 1.004201837886e-06, 1.3258e+01, 2.0946e-01, 
DIAGNOSTIC,Iteration,metricValue,convergenceValue,ITERATION_TIME_INDEX,SINCE_LAST
 2DIAGNOSTIC,     1, -3.834265912332e-01, 1.797693134862e+308, 1.5670e+01, 2.4126e+00, 
 2DIAGNOSTIC,     2, -3.834925053354e-01, 1.797693134862e+308, 1.7176e+01, 1.5053e+00, 
 2DIAGNOSTIC,     3, -3.834978116473e-01, 1.797693134862e+308, 1.8745e+01, 1.5690e+00, 
 2DIAGNOSTIC,     4, -3.835004127724e-01, 1.797693134862e+308, 2.0286e+01, 1.5415e+00, 
 2DIAGNOSTIC,     5, -3.835019582509e-01, 1.797693134862e+308, 2.1847e+01, 1.5608e+00, 
 2DIAGNOSTIC,     6, -3.835049957413e-01, 1.797693134862e+308, 2.3568e+01, 1.7208e+00, 
 2DIAGNOSTIC,     7, -3.835058343717e-01, 1.797693134862e+308, 2.5247e+01, 1.6792e+00, 
 2DIAGNOSTIC,     8, -3.835066498250e-01, 1.797693134862e+308, 2.7138e+01, 1.8910e+00, 
 2DIAGNOSTIC,     9, -3.835062955318e-01, 1.797693134862e+308, 2.8866e+01, 1.7277e+00, 
 2DIAGNOSTIC,    10, -3.835063108993e-01, 1.066660749846e-05, 3.0618e+01, 1.7518e+00, 
 2DIAGNOSTIC,    11, -3.835061571787e-01, 4.747040722897e-06, 3.2806e+01, 2.1884e+00, 
 2DIAGNOSTIC,    12, -3.835060832645e-01, 3.706200672721e-06, 3.4171e+01, 1.3653e+00, 
 2DIAGNOSTIC,    13, -3.835060190717e-01, 3.027826116733e-06, 3.5815e+01, 1.6434e+00, 
 2DIAGNOSTIC,    14, -3.835058638474e-01, 2.523467067639e-06, 3.7392e+01, 1.5776e+00, 
 2DIAGNOSTIC,    15, -3.835058006960e-01, 2.133709276833e-06, 3.8977e+01, 1.5851e+00, 
 2DIAGNOSTIC,    16, -3.835056463967e-01, 1.924177726570e-06, 4.0800e+01, 1.8226e+00, 
 2DIAGNOSTIC,    17, -3.835054775125e-01, 1.773328559614e-06, 4.2280e+01, 1.4804e+00, 
 2DIAGNOSTIC,    18, -3.835053086118e-01, 1.675385377979e-06, 4.3677e+01, 1.3961e+00, 
 2DIAGNOSTIC,    19, -3.835051448140e-01, 1.576051817977e-06, 4.5069e+01, 1.3929e+00, 
 2DIAGNOSTIC,    20, -3.835051658762e-01, 1.497295074510e-06, 4.6488e+01, 1.4185e+00, 
 2DIAGNOSTIC,    21, -3.835053779571e-01, 1.436675313667e-06, 4.8080e+01, 1.5917e+00, 
 2DIAGNOSTIC,    22, -3.835055901410e-01, 1.393331720993e-06, 4.9708e+01, 1.6282e+00, 
 2DIAGNOSTIC,    23, -3.835055251002e-01, 1.354581542261e-06, 5.1266e+01, 1.5579e+00, 
 2DIAGNOSTIC,    24, -3.835054518281e-01, 1.314933130540e-06, 5.2761e+01, 1.4948e+00, 
 2DIAGNOSTIC,    25, -3.835053813421e-01, 1.275595341077e-06, 5.4251e+01, 1.4902e+00, 
 2DIAGNOSTIC,    26, -3.835053141615e-01, 1.232550095258e-06, 5.5613e+01, 1.3627e+00, 
 2DIAGNOSTIC,    27, -3.835053494674e-01, 1.188143193762e-06, 5.7017e+01, 1.4032e+00, 
 2DIAGNOSTIC,    28, -3.835054089352e-01, 1.143229099797e-06, 5.8514e+01, 1.4971e+00, 
 2DIAGNOSTIC,    29, -3.835055814677e-01, 1.101082729861e-06, 5.9885e+01, 1.3708e+00, 
 2DIAGNOSTIC,    30, -3.835053714640e-01, 1.056523028134e-06, 6.2046e+01, 2.1610e+00, 
 2DIAGNOSTIC,    31, -3.835053052287e-01, 1.018740041249e-06, 6.3597e+01, 1.5515e+00, 
  Elapsed time (stage 0): 6.4380e+01


Total elapsed time: 6.4382e+01
Info [verificarlo]: loaded backend libinterflop_ieee.so
Info [interflop-ieee]: load backend with:
Info [interflop-ieee]: debug = false
Info [interflop-ieee]: debug-binary = false
Info [interflop-ieee]: no-backend-name = false
Info [interflop-ieee]: print-new-line = false
Info [interflop-ieee]: print-subnormal-normalized = false
Info [interflop-ieee]: count-op = false
All_Command_lines_OK
Using double precision for computations.
=============================================================================
The composite transform comprises the following transforms (in order): 
  1. /home/mdugre/scratch/mri-registration-rp/datasets/ds004513/derivatives/mri-registration-rp/0001/antsRegistration-r7-p17/sub-s017/rigid_Composite.h5[0] (type = Euler3DTransform)
  2. /home/mdugre/scratch/mri-registration-rp/datasets/ds004513/derivatives/mri-registration-rp/0001/antsRegistration-r7-p17/sub-s017/rigid_Composite.h5[1] (type = Euler3DTransform)
  3. /home/mdugre/scratch/mri-registration-rp/datasets/ds004513/derivatives/mri-registration-rp/0001/antsRegistration-r7-p17/sub-s017/rigid_Composite.h5[2] (type = Euler3DTransform)
=============================================================================
  number of levels = 4
  fixed image: /templateflow/tpl-MNI152NLin2009cAsym/tpl-MNI152NLin2009cAsym_res-01_desc-brain_T1w.nii.gz
  moving image: /home/mdugre/scratch/mri-registration-rp/datasets/ds004513/derivatives/mri-registration-rp/antsBrainExtraction/sub-s017/BrainExtractionBrain.nii.gz
Dimension = 3
Number of stages = 1
Use histogram matching = false
Winsorize image intensities = true
  Lower quantile = 0.005
  Upper quantile = 0.995


Stage 1 State
   Image metric = MattesMI
     Fixed image = Image (0x50627e0)
  RTTI typeinfo:   itk::Image<double, 3u>
  Reference Count: 2
  Modified Time: 1594
  Debug: Off
  Object Name: 
  Observers: 
    none
  Source: (none)
  Source output name: (none)
  Release Data: Off
  Data Released: False
  Global Release Data: Off
  PipelineMTime: 0
  UpdateMTime: 1203
  RealTimeStamp: 0 seconds 
  LargestPossibleRegion: 
    Dimension: 3
    Index: [0, 0, 0]
    Size: [193, 229, 193]
  BufferedRegion: 
    Dimension: 3
    Index: [0, 0, 0]
    Size: [193, 229, 193]
  RequestedRegion: 
    Dimension: 3
    Index: [0, 0, 0]
    Size: [193, 229, 193]
  Spacing: [1, 1, 1]
  Origin: [96, 132, -78]
  Direction: 
-1 0 0
0 -1 0
0 0 1

  IndexToPointMatrix: 
-1 0 0
0 -1 0
0 0 1

  PointToIndexMatrix: 
-1 0 0
0 -1 0
0 0 1

  Inverse Direction: 
-1 0 0
0 -1 0
0 0 1

  PixelContainer: 
    ImportImageContainer (0x5122a20)
      RTTI typeinfo:   itk::ImportImageContainer<unsigned long, double>
      Reference Count: 1
      Modified Time: 1200
      Debug: Off
      Object Name: 
      Observers: 
        none
      Pointer: 0x1549d2726010
      Container manages memory: true
      Size: 8530021
      Capacity: 8530021

     Moving image = Image (0x511dd70)
  RTTI typeinfo:   itk::Image<double, 3u>
  Reference Count: 2
  Modified Time: 1595
  Debug: Off
  Object Name: 
  Observers: 
    none
  Source: (none)
  Source output name: (none)
  Release Data: Off
  Data Released: False
  Global Release Data: Off
  PipelineMTime: 0
  UpdateMTime: 1592
  RealTimeStamp: 0 seconds 
  LargestPossibleRegion: 
    Dimension: 3
    Index: [0, 0, 0]
    Size: [160, 240, 256]
  BufferedRegion: 
    Dimension: 3
    Index: [0, 0, 0]
    Size: [160, 240, 256]
  RequestedRegion: 
    Dimension: 3
    Index: [0, 0, 0]
    Size: [160, 240, 256]
  Spacing: [1, 1, 1]
  Origin: [91.3357, 102.231, -120.042]
  Direction: 
-0.997442 -5.36781e-05 -0.0714818
5.35416e-05 -1 3.82465e-06
-0.0714818 -1.23894e-08 0.997442

  IndexToPointMatrix: 
-0.997444 -5.36781e-05 -0.0714818
5.35418e-05 -1 3.82465e-06
-0.0714819 -1.23894e-08 0.997442

  PointToIndexMatrix: 
-0.99744 5.35415e-05 -0.0714816
-5.36781e-05 -1 -1.23894e-08
-0.0714818 3.82465e-06 0.997442

  Inverse Direction: 
-0.997442 5.35416e-05 -0.0714818
-5.36781e-05 -1 -1.23894e-08
-0.0714818 3.82465e-06 0.997442

  PixelContainer: 
    ImportImageContainer (0x50d5c90)
      RTTI typeinfo:   itk::ImportImageContainer<unsigned long, double>
      Reference Count: 1
      Modified Time: 1589
      Debug: Off
      Object Name: 
      Observers: 
        none
      Pointer: 0x1549cdc25010
      Container manages memory: true
      Size: 9830400
      Capacity: 9830400

     Weighting = 1
     Sampling strategy = regular
     Number of bins = 32
     Radius = 4
     Sampling percentage  = 0.25
   Transform = Affine
     Gradient step = 0.1
     Update field sigma (voxel space) = 0
     Total field sigma (voxel space) = 0
     Update field time sigma = 0
     Total field time sigma  = 0
     Number of time indices = 0
     Number of time point samples = 0
Registration using 1 total stages.

Stage 0
  iterations = 1000x500x250x100
  convergence threshold = 1e-06
  convergence window size = 10
  number of levels = 4
  using the Mattes MI metric (number of bins = 32, weight = 1, use gradient filter = 0)
  preprocessing:  winsorizing the image intensities
  Shrink factors (level 1 out of 4): [8, 8, 8]
  Shrink factors (level 2 out of 4): [4, 4, 4]
  Shrink factors (level 3 out of 4): [2, 2, 2]
  Shrink factors (level 4 out of 4): [1, 1, 1]
  smoothing sigmas per level: [3, 2, 1, 0]
  regular sampling (percentage = 0.25)

*** Running AffineTransform registration ***

DIAGNOSTIC,Iteration,metricValue,convergenceValue,ITERATION_TIME_INDEX,SINCE_LAST
 2DIAGNOSTIC,     1, -5.806290998442e-01, 1.797693134862e+308, 7.0574e-01, 7.0574e-01, 
 2DIAGNOSTIC,     2, -5.832407507940e-01, 1.797693134862e+308, 7.1015e-01, 4.4060e-03, 
 2DIAGNOSTIC,     3, -5.883921006111e-01, 1.797693134862e+308, 7.1519e-01, 5.0378e-03, 
 2DIAGNOSTIC,     4, -5.973582020733e-01, 1.797693134862e+308, 7.1925e-01, 4.0641e-03, 
 2DIAGNOSTIC,     5, -6.166279651940e-01, 1.797693134862e+308, 7.2381e-01, 4.5578e-03, 
 2DIAGNOSTIC,     6, -6.406440245410e-01, 1.797693134862e+308, 7.2795e-01, 4.1461e-03, 
 2DIAGNOSTIC,     7, -7.009864258744e-01, 1.797693134862e+308, 7.3272e-01, 4.7631e-03, 
 2DIAGNOSTIC,     8, -7.630482518022e-01, 1.797693134862e+308, 7.3747e-01, 4.7569e-03, 
 2DIAGNOSTIC,     9, -8.423469020603e-01, 1.797693134862e+308, 7.4470e-01, 7.2231e-03, 
 2DIAGNOSTIC,    10, -8.569694553263e-01, 2.845116132197e-02, 7.4985e-01, 5.1548e-03, 
 2DIAGNOSTIC,    11, -8.701917124268e-01, 2.871708896717e-02, 7.5576e-01, 5.9130e-03, 
 2DIAGNOSTIC,    12, -8.814645613231e-01, 2.683607374000e-02, 7.6442e-01, 8.6589e-03, 
 2DIAGNOSTIC,    13, -8.822368115951e-01, 2.307206283132e-02, 7.6977e-01, 5.3470e-03, 
 2DIAGNOSTIC,    14, -8.834458719097e-01, 1.815384139384e-02, 7.7473e-01, 4.9548e-03, 
 2DIAGNOSTIC,    15, -8.851322802021e-01, 1.292532924814e-02, 7.7964e-01, 4.9119e-03, 
 2DIAGNOSTIC,    16, -8.870480809586e-01, 7.902435056485e-03, 7.8485e-01, 5.2099e-03, 
 2DIAGNOSTIC,    17, -8.886777819784e-01, 4.189413169288e-03, 7.9094e-01, 6.0930e-03, 
 2DIAGNOSTIC,    18, -8.889448810425e-01, 1.810422429034e-03, 7.9749e-01, 6.5529e-03, 
 2DIAGNOSTIC,    19, -8.890594323283e-01, 1.083853129827e-03, 8.0305e-01, 5.5540e-03, 
 2DIAGNOSTIC,    20, -8.887882561627e-01, 5.969783260720e-04, 8.0880e-01, 5.7490e-03, 
 2DIAGNOSTIC,    21, -8.886098615602e-01, 3.264824931242e-04, 8.1531e-01, 6.5179e-03, 
 2DIAGNOSTIC,    22, -8.885249832406e-01, 2.361096536000e-04, 8.2100e-01, 5.6851e-03, 
 2DIAGNOSTIC,    23, -8.882875302725e-01, 1.410432912577e-04, 8.2592e-01, 4.9241e-03, 
 2DIAGNOSTIC,    24, -8.882052345083e-01, 5.851496523893e-05, 8.3091e-01, 4.9911e-03, 
DIAGNOSTIC,Iteration,metricValue,convergenceValue,ITERATION_TIME_INDEX,SINCE_LAST
 2DIAGNOSTIC,     1, -7.469015879479e-01, 1.797693134862e+308, 1.5932e+00, 7.6229e-01, 
 2DIAGNOSTIC,     2, -7.476337610272e-01, 1.797693134862e+308, 1.6311e+00, 3.7900e-02, 
 2DIAGNOSTIC,     3, -7.481984149171e-01, 1.797693134862e+308, 1.6677e+00, 3.6594e-02, 
 2DIAGNOSTIC,     4, -7.485348956858e-01, 1.797693134862e+308, 1.7039e+00, 3.6176e-02, 
 2DIAGNOSTIC,     5, -7.488723349196e-01, 1.797693134862e+308, 1.7404e+00, 3.6532e-02, 
 2DIAGNOSTIC,     6, -7.493028718121e-01, 1.797693134862e+308, 1.7918e+00, 5.1348e-02, 
 2DIAGNOSTIC,     7, -7.498240981485e-01, 1.797693134862e+308, 1.8378e+00, 4.6056e-02, 
 2DIAGNOSTIC,     8, -7.499189037771e-01, 1.797693134862e+308, 1.8758e+00, 3.7939e-02, 
 2DIAGNOSTIC,     9, -7.503981904147e-01, 1.797693134862e+308, 1.9228e+00, 4.7022e-02, 
 2DIAGNOSTIC,    10, -7.505578656653e-01, 3.049238838485e-04, 1.9648e+00, 4.2053e-02, 
 2DIAGNOSTIC,    11, -7.505341233994e-01, 2.389539915179e-04, 2.0069e+00, 4.2122e-02, 
 2DIAGNOSTIC,    12, -7.505061913946e-01, 1.848758146400e-04, 2.0460e+00, 3.9038e-02, 
 2DIAGNOSTIC,    13, -7.505141120940e-01, 1.393602387434e-04, 2.0855e+00, 3.9483e-02, 
 2DIAGNOSTIC,    14, -7.505102732794e-01, 9.677096777340e-05, 2.1242e+00, 3.8765e-02, 
 2DIAGNOSTIC,    15, -7.505029862732e-01, 5.935599149370e-05, 2.1668e+00, 4.2589e-02, 
 2DIAGNOSTIC,    16, -7.504912485375e-01, 3.116311009879e-05, 2.2083e+00, 4.1442e-02, 
 2DIAGNOSTIC,    17, -7.504804688728e-01, 1.513171387524e-05, 2.2463e+00, 3.8037e-02, 
 2DIAGNOSTIC,    18, -7.504860792579e-01, 1.517274043926e-06, 2.2932e+00, 4.6897e-02, 
DIAGNOSTIC,Iteration,metricValue,convergenceValue,ITERATION_TIME_INDEX,SINCE_LAST
 2DIAGNOSTIC,     1, -6.294116115570e-01, 1.797693134862e+308, 3.4279e+00, 1.1347e+00, 
 2DIAGNOSTIC,     2, -6.299274337646e-01, 1.797693134862e+308, 3.7025e+00, 2.7465e-01, 
 2DIAGNOSTIC,     3, -6.304606937529e-01, 1.797693134862e+308, 3.9681e+00, 2.6559e-01, 
 2DIAGNOSTIC,     4, -6.311440983206e-01, 1.797693134862e+308, 4.2189e+00, 2.5077e-01, 
 2DIAGNOSTIC,     5, -6.319613521835e-01, 1.797693134862e+308, 4.4757e+00, 2.5684e-01, 
 2DIAGNOSTIC,     6, -6.326508619523e-01, 1.797693134862e+308, 4.9436e+00, 4.6795e-01, 
 2DIAGNOSTIC,     7, -6.326442431666e-01, 1.797693134862e+308, 5.3692e+00, 4.2556e-01, 
 2DIAGNOSTIC,     8, -6.326421030169e-01, 1.797693134862e+308, 5.6760e+00, 3.0679e-01, 
 2DIAGNOSTIC,     9, -6.326413590277e-01, 1.797693134862e+308, 5.9800e+00, 3.0395e-01, 
 2DIAGNOSTIC,    10, -6.326405356475e-01, 3.607193928463e-04, 6.2826e+00, 3.0262e-01, 
 2DIAGNOSTIC,    11, -6.326380580904e-01, 2.475998134803e-04, 6.5582e+00, 2.7560e-01, 
 2DIAGNOSTIC,    12, -6.326382568513e-01, 1.509095215000e-04, 6.8316e+00, 2.7342e-01, 
 2DIAGNOSTIC,    13, -6.326371996767e-01, 7.419551108749e-05, 7.1127e+00, 2.8110e-01, 
 2DIAGNOSTIC,    14, -6.326376013313e-01, 2.341664789630e-05, 7.3955e+00, 2.8284e-01, 
 2DIAGNOSTIC,    15, -6.326364676164e-01, 1.358505317295e-06, 7.6796e+00, 2.8407e-01, 
 2DIAGNOSTIC,    16, -6.326355130144e-01, 1.489402982419e-06, 7.9252e+00, 2.4563e-01, 
 2DIAGNOSTIC,    17, -6.326348603374e-01, 1.460469318322e-06, 8.2726e+00, 3.4732e-01, 
 2DIAGNOSTIC,    18, -6.326337609249e-01, 1.391313729900e-06, 8.5784e+00, 3.0582e-01, 
 2DIAGNOSTIC,    19, -6.326327161491e-01, 1.322246814969e-06, 8.8560e+00, 2.7763e-01, 
 2DIAGNOSTIC,    20, -6.326305164226e-01, 1.226844782092e-06, 9.1216e+00, 2.6561e-01, 
 2DIAGNOSTIC,    21, -6.326298185305e-01, 1.107474471344e-06, 9.3660e+00, 2.4440e-01, 
 2DIAGNOSTIC,    22, -6.326281932469e-01, 1.008190436094e-06, 9.6462e+00, 2.8023e-01, 
DIAGNOSTIC,Iteration,metricValue,convergenceValue,ITERATION_TIME_INDEX,SINCE_LAST
 2DIAGNOSTIC,     1, -5.634463072073e-01, 1.797693134862e+308, 1.2582e+01, 2.9360e+00, 
 2DIAGNOSTIC,     2, -5.639251007874e-01, 1.797693134862e+308, 1.4495e+01, 1.9130e+00, 
 2DIAGNOSTIC,     3, -5.643935835245e-01, 1.797693134862e+308, 1.6230e+01, 1.7353e+00, 
 2DIAGNOSTIC,     4, -5.653421951687e-01, 1.797693134862e+308, 1.8397e+01, 2.1664e+00, 
 2DIAGNOSTIC,     5, -5.666806433248e-01, 1.797693134862e+308, 2.1389e+01, 2.9924e+00, 
 2DIAGNOSTIC,     6, -5.666788519980e-01, 1.797693134862e+308, 2.4051e+01, 2.6612e+00, 
 2DIAGNOSTIC,     7, -5.666779838092e-01, 1.797693134862e+308, 2.6258e+01, 2.2079e+00, 
 2DIAGNOSTIC,     8, -5.666783440643e-01, 1.797693134862e+308, 2.8924e+01, 2.6655e+00, 
 2DIAGNOSTIC,     9, -5.666783790117e-01, 1.797693134862e+308, 3.1391e+01, 2.4669e+00, 
 2DIAGNOSTIC,    10, -5.666783832865e-01, 3.983024421456e-04, 3.3484e+01, 2.0936e+00, 
 2DIAGNOSTIC,    11, -5.666785010221e-01, 2.625627891843e-04, 3.5696e+01, 2.2111e+00, 
 2DIAGNOSTIC,    12, -5.666783091247e-01, 1.470608722891e-04, 3.7647e+01, 1.9513e+00, 
 2DIAGNOSTIC,    13, -5.666782287289e-01, 5.398046675048e-05, 3.9419e+01, 1.7722e+00, 
 2DIAGNOSTIC,    14, -5.666781614696e-01, 2.177193327249e-06, 4.1704e+01, 2.2847e+00, 
 2DIAGNOSTIC,    15, -5.666780449678e-01, 2.098089197808e-06, 4.3773e+01, 2.0691e+00, 
 2DIAGNOSTIC,    16, -5.666777932206e-01, 1.967996748078e-06, 4.5598e+01, 1.8255e+00, 
 2DIAGNOSTIC,    17, -5.666778721387e-01, 1.831902007976e-06, 4.7612e+01, 2.0139e+00, 
 2DIAGNOSTIC,    18, -5.666778169044e-01, 1.723141667125e-06, 4.9420e+01, 1.8078e+00, 
 2DIAGNOSTIC,    19, -5.666778266008e-01, 1.631217481465e-06, 5.1191e+01, 1.7707e+00, 
 2DIAGNOSTIC,    20, -5.666779460383e-01, 1.555644000228e-06, 5.2956e+01, 1.7652e+00, 
 2DIAGNOSTIC,    21, -5.666782509418e-01, 1.500834189955e-06, 5.5061e+01, 2.1049e+00, 
 2DIAGNOSTIC,    22, -5.666783441387e-01, 1.449997448520e-06, 5.7244e+01, 2.1836e+00, 
 2DIAGNOSTIC,    23, -5.666781122522e-01, 1.396490940525e-06, 5.9461e+01, 2.2167e+00, 
 2DIAGNOSTIC,    24, -5.666779119535e-01, 1.340977084180e-06, 6.1546e+01, 2.0849e+00, 
 2DIAGNOSTIC,    25, -5.666778608444e-01, 1.285340232970e-06, 6.3602e+01, 2.0561e+00, 
 2DIAGNOSTIC,    26, -5.666776792159e-01, 1.224225175303e-06, 6.5696e+01, 2.0937e+00, 
 2DIAGNOSTIC,    27, -5.666775474265e-01, 1.166718243115e-06, 6.7622e+01, 1.9261e+00, 
 2DIAGNOSTIC,    28, -5.666775058248e-01, 1.112934095326e-06, 6.9453e+01, 1.8316e+00, 
 2DIAGNOSTIC,    29, -5.666775385280e-01, 1.065894179204e-06, 7.1919e+01, 2.4656e+00, 
 2DIAGNOSTIC,    30, -5.666775833947e-01, 1.027519793334e-06, 7.3896e+01, 1.9769e+00, 
  Elapsed time (stage 0): 7.5010e+01


Total elapsed time: 7.5012e+01
Info [verificarlo]: loaded backend libinterflop_vprec.so
Info [interflop-vprec]: load backend with: 
Info [interflop-vprec]: precision-binary32 = 17
Info [interflop-vprec]: range-binary32 = 7
Info [interflop-vprec]: precision-binary64 = 17
Info [interflop-vprec]: range-binary64 = 7
Info [interflop-vprec]: mode = ob
Info [interflop-vprec]: error-mode = rel
Info [interflop-vprec]: max-abs-error-exponent = -1022
Info [interflop-vprec]: daz = false
Info [interflop-vprec]: ftz = false
Info [interflop-vprec]: 	instrument = none
Info [interflop-vprec]: 	prec-input-file = (null)
Info [interflop-vprec]: 	prec-output-file = (null)
Info [interflop-vprec]: 	prec-log-file = (null)
All_Command_lines_OK
Using double precision for computations.
=============================================================================
The composite transform comprises the following transforms (in order): 
  1. /home/mdugre/scratch/mri-registration-rp/datasets/ds004513/derivatives/mri-registration-rp/0001/antsRegistration-r7-p17/sub-s017/affine_Composite.h5[0] (type = Euler3DTransform)
  2. /home/mdugre/scratch/mri-registration-rp/datasets/ds004513/derivatives/mri-registration-rp/0001/antsRegistration-r7-p17/sub-s017/affine_Composite.h5[1] (type = Euler3DTransform)
  3. /home/mdugre/scratch/mri-registration-rp/datasets/ds004513/derivatives/mri-registration-rp/0001/antsRegistration-r7-p17/sub-s017/affine_Composite.h5[2] (type = Euler3DTransform)
  4. /home/mdugre/scratch/mri-registration-rp/datasets/ds004513/derivatives/mri-registration-rp/0001/antsRegistration-r7-p17/sub-s017/affine_Composite.h5[3] (type = AffineTransform)
=============================================================================
  number of levels = 4
  fixed image: /templateflow/tpl-MNI152NLin2009cAsym/tpl-MNI152NLin2009cAsym_res-01_desc-brain_T1w.nii.gz
  moving image: /home/mdugre/scratch/mri-registration-rp/datasets/ds004513/derivatives/mri-registration-rp/antsBrainExtraction/sub-s017/BrainExtractionBrain.nii.gz
Dimension = 3
Number of stages = 1
Use histogram matching = false
Winsorize image intensities = true
  Lower quantile = 0.005
  Upper quantile = 0.995


Stage 1 State
   Image metric = CC
     Fixed image = Image (0x44f66f0)
  RTTI typeinfo:   itk::Image<double, 3u>
  Reference Count: 2
  Modified Time: 1606
  Debug: Off
  Object Name: 
  Observers: 
    none
  Source: (none)
  Source output name: (none)
