
##########################
# Experiment information #
##########################

EXPERIMENT_NAME: antsRegistration-r8-p14
VFC_BACKENDS: libinterflop_vprec.so --range-binary32=8 --precision-binary32=14 --range-binary64=8 --precision-binary64=14

SIF_IMG: /home/mdugre/projects/rrg-glatard/mdugre/containers/ants-vprec-no_metrics.simg

SUBJECT_ID: s033
INPUT_IMG: /home/mdugre/scratch/mri-registration-rp/datasets/ds004513/derivatives/mri-registration-rp/antsBrainExtraction/sub-s033/BrainExtractionBrain.nii.gz
OUTPUT_DIR: /home/mdugre/scratch/mri-registration-rp/datasets/ds004513/derivatives/mri-registration-rp/0001/antsRegistration-r8-p14/sub-s033

FIXED_IMG: /templateflow/tpl-MNI152NLin2009cAsym/tpl-MNI152NLin2009cAsym_res-01_desc-brain_T1w.nii.gz
DATA_DIR: /home/mdugre/scratch/mri-registration-rp/datasets/ds004513
TEMPLATEFLOW_DIR: /home/mdugre/projects/rrg-glatard/mdugre/templateflow
ITK_GLOBAL_DEFAULT_NUMBER_OF_THREADS: 16
##########################

Info [verificarlo]: loaded backend libinterflop_ieee.so
Info [interflop-ieee]: load backend with:
Info [interflop-ieee]: debug = false
Info [interflop-ieee]: debug-binary = false
Info [interflop-ieee]: no-backend-name = false
Info [interflop-ieee]: print-new-line = false
Info [interflop-ieee]: print-subnormal-normalized = false
Info [interflop-ieee]: count-op = false
All_Command_lines_OK
Using double precision for computations.
=============================================================================
The composite transform comprises the following transforms (in order): 
  1. Center of mass alignment using fixed image: /templateflow/tpl-MNI152NLin2009cAsym/tpl-MNI152NLin2009cAsym_res-01_desc-brain_T1w.nii.gz and moving image: /home/mdugre/scratch/mri-registration-rp/datasets/ds004513/derivatives/mri-registration-rp/antsBrainExtraction/sub-s033/BrainExtractionBrain.nii.gz (type = Euler3DTransform)
=============================================================================
  number of levels = 1
  fixed image: /templateflow/tpl-MNI152NLin2009cAsym/tpl-MNI152NLin2009cAsym_res-01_desc-brain_T1w.nii.gz
  moving image: /home/mdugre/scratch/mri-registration-rp/datasets/ds004513/derivatives/mri-registration-rp/antsBrainExtraction/sub-s033/BrainExtractionBrain.nii.gz
Dimension = 3
Number of stages = 1
Use histogram matching = false
Winsorize image intensities = true
  Lower quantile = 0.005
  Upper quantile = 0.995


Stage 1 State
   Image metric = MattesMI
     Fixed image = Image (0x4796e70)
  RTTI typeinfo:   itk::Image<double, 3u>
  Reference Count: 2
  Modified Time: 2330
  Debug: Off
  Object Name: 
  Observers: 
    none
  Source: (none)
  Source output name: (none)
  Release Data: Off
  Data Released: False
  Global Release Data: Off
  PipelineMTime: 0
  UpdateMTime: 1941
  RealTimeStamp: 0 seconds 
  LargestPossibleRegion: 
    Dimension: 3
    Index: [0, 0, 0]
    Size: [193, 229, 193]
  BufferedRegion: 
    Dimension: 3
    Index: [0, 0, 0]
    Size: [193, 229, 193]
  RequestedRegion: 
    Dimension: 3
    Index: [0, 0, 0]
    Size: [193, 229, 193]
  Spacing: [1, 1, 1]
  Origin: [96, 132, -78]
  Direction: 
-1 0 0
0 -1 0
0 0 1

  IndexToPointMatrix: 
-1 0 0
0 -1 0
0 0 1

  PointToIndexMatrix: 
-1 0 0
0 -1 0
0 0 1

  Inverse Direction: 
-1 0 0
0 -1 0
0 0 1

  PixelContainer: 
    ImportImageContainer (0x479fc60)
      RTTI typeinfo:   itk::ImportImageContainer<unsigned long, double>
      Reference Count: 1
      Modified Time: 1938
      Debug: Off
      Object Name: 
      Observers: 
        none
      Pointer: 0x149ea3c53010
      Container manages memory: true
      Size: 8530021
      Capacity: 8530021

     Moving image = Image (0x4799540)
  RTTI typeinfo:   itk::Image<double, 3u>
  Reference Count: 2
  Modified Time: 2331
  Debug: Off
  Object Name: 
  Observers: 
    none
  Source: (none)
  Source output name: (none)
  Release Data: Off
  Data Released: False
  Global Release Data: Off
  PipelineMTime: 0
  UpdateMTime: 2328
  RealTimeStamp: 0 seconds 
  LargestPossibleRegion: 
    Dimension: 3
    Index: [0, 0, 0]
    Size: [160, 240, 256]
  BufferedRegion: 
    Dimension: 3
    Index: [0, 0, 0]
    Size: [160, 240, 256]
  RequestedRegion: 
    Dimension: 3
    Index: [0, 0, 0]
    Size: [160, 240, 256]
  Spacing: [1, 1, 1]
  Origin: [91.5134, 94.282, -109.927]
  Direction: 
-0.99591 -0.0698718 -0.0572835
0.0697565 -0.997556 0.00401236
-0.0574239 5.01125e-08 0.99835

  IndexToPointMatrix: 
-0.99591 -0.0698718 -0.0572835
0.0697565 -0.997556 0.00401236
-0.0574239 5.01125e-08 0.99835

  PointToIndexMatrix: 
-0.99591 0.0697565 -0.0574239
-0.0698718 -0.997556 5.01483e-08
-0.0572835 0.00401236 0.99835

  Inverse Direction: 
-0.99591 0.0697565 -0.0574239
-0.0698718 -0.997556 5.01483e-08
-0.0572835 0.00401236 0.99835

  PixelContainer: 
    ImportImageContainer (0x48ab610)
      RTTI typeinfo:   itk::ImportImageContainer<unsigned long, double>
      Reference Count: 1
      Modified Time: 2325
      Debug: Off
      Object Name: 
      Observers: 
        none
      Pointer: 0x149e9f152010
      Container manages memory: true
      Size: 9830400
      Capacity: 9830400

     Weighting = 1
     Sampling strategy = regular
     Number of bins = 32
     Radius = 4
     Sampling percentage  = 0.25
   Transform = Rigid
     Gradient step = 0.1
     Update field sigma (voxel space) = 0
     Total field sigma (voxel space) = 0
     Update field time sigma = 0
     Total field time sigma  = 0
     Number of time indices = 0
     Number of time point samples = 0
Registration using 1 total stages.

Stage 0
  iterations = 0
  convergence threshold = 1e-06
  convergence window size = 10
  number of levels = 1
  using the Mattes MI metric (number of bins = 32, weight = 1, use gradient filter = 0)
  preprocessing:  winsorizing the image intensities
  Shrink factors (level 1 out of 1): [1, 1, 1]
  smoothing sigmas per level: [0]
  regular sampling (percentage = 0.25)

*** Running Euler3DTransform registration ***

  Elapsed time (stage 0): 1.10856


Total elapsed time: 1.11084
Info [verificarlo]: loaded backend libinterflop_ieee.so
Info [interflop-ieee]: load backend with:
Info [interflop-ieee]: debug = false
Info [interflop-ieee]: debug-binary = false
Info [interflop-ieee]: no-backend-name = false
Info [interflop-ieee]: print-new-line = false
Info [interflop-ieee]: print-subnormal-normalized = false
Info [interflop-ieee]: count-op = false
All_Command_lines_OK
Using double precision for computations.
=============================================================================
The composite transform comprises the following transforms (in order): 
  1. /home/mdugre/scratch/mri-registration-rp/datasets/ds004513/derivatives/mri-registration-rp/0001/antsRegistration-r8-p14/sub-s033/align_Composite.h5[0] (type = Euler3DTransform)
  2. /home/mdugre/scratch/mri-registration-rp/datasets/ds004513/derivatives/mri-registration-rp/0001/antsRegistration-r8-p14/sub-s033/align_Composite.h5[1] (type = Euler3DTransform)
=============================================================================
  number of levels = 4
  fixed image: /templateflow/tpl-MNI152NLin2009cAsym/tpl-MNI152NLin2009cAsym_res-01_desc-brain_T1w.nii.gz
  moving image: /home/mdugre/scratch/mri-registration-rp/datasets/ds004513/derivatives/mri-registration-rp/antsBrainExtraction/sub-s033/BrainExtractionBrain.nii.gz
Dimension = 3
Number of stages = 1
Use histogram matching = false
Winsorize image intensities = true
  Lower quantile = 0.005
  Upper quantile = 0.995


Stage 1 State
   Image metric = MattesMI
     Fixed image = Image (0x4de2530)
  RTTI typeinfo:   itk::Image<double, 3u>
  Reference Count: 2
  Modified Time: 1578
  Debug: Off
  Object Name: 
  Observers: 
    none
  Source: (none)
  Source output name: (none)
  Release Data: Off
  Data Released: False
  Global Release Data: Off
  PipelineMTime: 0
  UpdateMTime: 1189
  RealTimeStamp: 0 seconds 
  LargestPossibleRegion: 
    Dimension: 3
    Index: [0, 0, 0]
    Size: [193, 229, 193]
  BufferedRegion: 
    Dimension: 3
    Index: [0, 0, 0]
    Size: [193, 229, 193]
  RequestedRegion: 
    Dimension: 3
    Index: [0, 0, 0]
    Size: [193, 229, 193]
  Spacing: [1, 1, 1]
  Origin: [96, 132, -78]
  Direction: 
-1 0 0
0 -1 0
0 0 1

  IndexToPointMatrix: 
-1 0 0
0 -1 0
0 0 1

  PointToIndexMatrix: 
-1 0 0
0 -1 0
0 0 1

  Inverse Direction: 
-1 0 0
0 -1 0
0 0 1

  PixelContainer: 
    ImportImageContainer (0x4ea0d60)
      RTTI typeinfo:   itk::ImportImageContainer<unsigned long, double>
      Reference Count: 1
      Modified Time: 1186
      Debug: Off
      Object Name: 
      Observers: 
        none
      Pointer: 0x146abd651010
      Container manages memory: true
      Size: 8530021
      Capacity: 8530021

     Moving image = Image (0x4e92f60)
  RTTI typeinfo:   itk::Image<double, 3u>
  Reference Count: 2
  Modified Time: 1579
  Debug: Off
  Object Name: 
  Observers: 
    none
  Source: (none)
  Source output name: (none)
  Release Data: Off
  Data Released: False
  Global Release Data: Off
  PipelineMTime: 0
  UpdateMTime: 1576
  RealTimeStamp: 0 seconds 
  LargestPossibleRegion: 
    Dimension: 3
    Index: [0, 0, 0]
    Size: [160, 240, 256]
  BufferedRegion: 
    Dimension: 3
    Index: [0, 0, 0]
    Size: [160, 240, 256]
  RequestedRegion: 
    Dimension: 3
    Index: [0, 0, 0]
    Size: [160, 240, 256]
  Spacing: [1, 1, 1]
  Origin: [91.5134, 94.282, -109.927]
  Direction: 
-0.99591 -0.0698718 -0.0572835
0.0697565 -0.997556 0.00401236
-0.0574239 5.01125e-08 0.99835

  IndexToPointMatrix: 
-0.99591 -0.0698718 -0.0572835
0.0697565 -0.997556 0.00401236
-0.0574239 5.01125e-08 0.99835

  PointToIndexMatrix: 
-0.99591 0.0697565 -0.0574239
-0.0698718 -0.997556 5.01483e-08
-0.0572835 0.00401236 0.99835

  Inverse Direction: 
-0.99591 0.0697565 -0.0574239
-0.0698718 -0.997556 5.01483e-08
-0.0572835 0.00401236 0.99835

  PixelContainer: 
    ImportImageContainer (0x4e846d0)
      RTTI typeinfo:   itk::ImportImageContainer<unsigned long, double>
      Reference Count: 1
      Modified Time: 1573
      Debug: Off
      Object Name: 
      Observers: 
        none
      Pointer: 0x146ab8b50010
      Container manages memory: true
      Size: 9830400
      Capacity: 9830400

     Weighting = 1
     Sampling strategy = regular
     Number of bins = 32
     Radius = 4
     Sampling percentage  = 0.25
   Transform = Rigid
     Gradient step = 0.1
     Update field sigma (voxel space) = 0
     Total field sigma (voxel space) = 0
     Update field time sigma = 0
     Total field time sigma  = 0
     Number of time indices = 0
     Number of time point samples = 0
Registration using 1 total stages.

Stage 0
  iterations = 1000x500x250x100
  convergence threshold = 1e-06
  convergence window size = 10
  number of levels = 4
  using the Mattes MI metric (number of bins = 32, weight = 1, use gradient filter = 0)
  preprocessing:  winsorizing the image intensities
  Shrink factors (level 1 out of 4): [8, 8, 8]
  Shrink factors (level 2 out of 4): [4, 4, 4]
  Shrink factors (level 3 out of 4): [2, 2, 2]
  Shrink factors (level 4 out of 4): [1, 1, 1]
  smoothing sigmas per level: [3, 2, 1, 0]
  regular sampling (percentage = 0.25)

*** Running Euler3DTransform registration ***

DIAGNOSTIC,Iteration,metricValue,convergenceValue,ITERATION_TIME_INDEX,SINCE_LAST
 2DIAGNOSTIC,     1, -4.945365495269e-01, 1.797693134862e+308, 6.7052e-01, 6.7052e-01, 
 2DIAGNOSTIC,     2, -4.961551199262e-01, 1.797693134862e+308, 6.7516e-01, 4.6341e-03, 
 2DIAGNOSTIC,     3, -4.991207097076e-01, 1.797693134862e+308, 6.7951e-01, 4.3540e-03, 
 2DIAGNOSTIC,     4, -5.030359852117e-01, 1.797693134862e+308, 6.8366e-01, 4.1549e-03, 
 2DIAGNOSTIC,     5, -5.059125054655e-01, 1.797693134862e+308, 6.8749e-01, 3.8300e-03, 
 2DIAGNOSTIC,     6, -5.092815596254e-01, 1.797693134862e+308, 6.9224e-01, 4.7491e-03, 
 2DIAGNOSTIC,     7, -5.205915484568e-01, 1.797693134862e+308, 6.9671e-01, 4.4651e-03, 
 2DIAGNOSTIC,     8, -5.236677933913e-01, 1.797693134862e+308, 7.0061e-01, 3.9001e-03, 
 2DIAGNOSTIC,     9, -5.261653611514e-01, 1.797693134862e+308, 7.0506e-01, 4.4479e-03, 
 2DIAGNOSTIC,    10, -5.313843279548e-01, 4.956236851461e-03, 7.0951e-01, 4.4560e-03, 
 2DIAGNOSTIC,    11, -5.461121550605e-01, 5.255951709878e-03, 7.1498e-01, 5.4672e-03, 
 2DIAGNOSTIC,    12, -5.563506773259e-01, 5.544499219498e-03, 7.1929e-01, 4.3120e-03, 
 2DIAGNOSTIC,    13, -6.011783753086e-01, 7.240286203960e-03, 7.2480e-01, 5.5108e-03, 
 2DIAGNOSTIC,    14, -6.166052825025e-01, 8.701253899176e-03, 7.2954e-01, 4.7350e-03, 
 2DIAGNOSTIC,    15, -6.211428291648e-01, 9.416357351023e-03, 7.3411e-01, 4.5769e-03, 
 2DIAGNOSTIC,    16, -6.235432151704e-01, 9.368281935832e-03, 7.3937e-01, 5.2540e-03, 
 2DIAGNOSTIC,    17, -6.347577461985e-01, 9.145335029790e-03, 7.4489e-01, 5.5189e-03, 
 2DIAGNOSTIC,    18, -6.413138476808e-01, 8.359392954263e-03, 7.4997e-01, 5.0800e-03, 
 2DIAGNOSTIC,    19, -6.420802714271e-01, 6.980623462993e-03, 7.5503e-01, 5.0590e-03, 
 2DIAGNOSTIC,    20, -6.425493370671e-01, 5.272872590497e-03, 7.5886e-01, 3.8369e-03, 
 2DIAGNOSTIC,    21, -6.431795004588e-01, 3.641466672895e-03, 7.6342e-01, 4.5550e-03, 
 2DIAGNOSTIC,    22, -6.434078410163e-01, 2.049113988531e-03, 7.6721e-01, 3.7901e-03, 
 2DIAGNOSTIC,    23, -6.435083889972e-01, 1.381096894527e-03, 7.7154e-01, 4.3340e-03, 
 2DIAGNOSTIC,    24, -6.436807757447e-01, 9.688116327853e-04, 7.7677e-01, 5.2321e-03, 
 2DIAGNOSTIC,    25, -6.439989399307e-01, 6.014653783260e-04, 7.8248e-01, 5.7092e-03, 
 2DIAGNOSTIC,    26, -6.448361540151e-01, 2.655196796731e-04, 7.8660e-01, 4.1130e-03, 
 2DIAGNOSTIC,    27, -6.460796035826e-01, 1.536865553247e-04, 7.9120e-01, 4.6048e-03, 
 2DIAGNOSTIC,    28, -6.463976195889e-01, 1.550353450870e-04, 7.9536e-01, 4.1540e-03, 
 2DIAGNOSTIC,    29, -6.463935457916e-01, 1.547432188316e-04, 7.9944e-01, 4.0860e-03, 
 2DIAGNOSTIC,    30, -6.464392298113e-01, 1.482978502073e-04, 8.0405e-01, 4.6091e-03, 
 2DIAGNOSTIC,    31, -6.463723508616e-01, 1.368671473698e-04, 8.0814e-01, 4.0910e-03, 
 2DIAGNOSTIC,    32, -6.464254416160e-01, 1.173265645591e-04, 8.1317e-01, 5.0242e-03, 
 2DIAGNOSTIC,    33, -6.464354984453e-01, 8.969328018100e-05, 8.2608e-01, 1.2915e-02, 
 2DIAGNOSTIC,    34, -6.464354984124e-01, 5.811487223193e-05, 8.3885e-01, 1.2769e-02, 
 2DIAGNOSTIC,    35, -6.464354984124e-01, 2.735367805158e-05, 8.4344e-01, 4.5910e-03, 
 2DIAGNOSTIC,    36, -6.464354984124e-01, 6.561976637641e-06, 8.4895e-01, 5.5089e-03, 
 2DIAGNOSTIC,    37, -6.464354984124e-01, 2.244499894024e-06, 8.5353e-01, 4.5779e-03, 
 2DIAGNOSTIC,    38, -6.464354984124e-01, 1.990754622580e-06, 8.5759e-01, 4.0641e-03, 
 2DIAGNOSTIC,    39, -6.464354984124e-01, 1.582335694337e-06, 8.6214e-01, 4.5481e-03, 
 2DIAGNOSTIC,    40, -6.464354984124e-01, 1.698172757424e-06, 8.6672e-01, 4.5760e-03, 
DIAGNOSTIC,Iteration,metricValue,convergenceValue,ITERATION_TIME_INDEX,SINCE_LAST
 2DIAGNOSTIC,     1, -5.367244452625e-01, 1.797693134862e+308, 1.5444e+00, 6.7770e-01, 
 2DIAGNOSTIC,     2, -5.380313836469e-01, 1.797693134862e+308, 1.5716e+00, 2.7135e-02, 
 2DIAGNOSTIC,     3, -5.401731912172e-01, 1.797693134862e+308, 1.5999e+00, 2.8341e-02, 
 2DIAGNOSTIC,     4, -5.431881345609e-01, 1.797693134862e+308, 1.6309e+00, 3.0967e-02, 
 2DIAGNOSTIC,     5, -5.453557597219e-01, 1.797693134862e+308, 1.6613e+00, 3.0477e-02, 
 2DIAGNOSTIC,     6, -5.461088565643e-01, 1.797693134862e+308, 1.6976e+00, 3.6219e-02, 
 2DIAGNOSTIC,     7, -5.462086681346e-01, 1.797693134862e+308, 1.7319e+00, 3.4370e-02, 
 2DIAGNOSTIC,     8, -5.464869267903e-01, 1.797693134862e+308, 1.7677e+00, 3.5777e-02, 
 2DIAGNOSTIC,     9, -5.465850814671e-01, 1.797693134862e+308, 1.8063e+00, 3.8642e-02, 
 2DIAGNOSTIC,    10, -5.466464839319e-01, 1.224741200217e-03, 1.8341e+00, 2.7751e-02, 
 2DIAGNOSTIC,    11, -5.470487707750e-01, 8.391099550082e-04, 1.8654e+00, 3.1291e-02, 
 2DIAGNOSTIC,    12, -5.471506826461e-01, 5.042748103415e-04, 1.8967e+00, 3.1286e-02, 
 2DIAGNOSTIC,    13, -5.471747723729e-01, 2.608962728213e-04, 1.9349e+00, 3.8250e-02, 
 2DIAGNOSTIC,    14, -5.471893677574e-01, 1.401592600239e-04, 1.9628e+00, 2.7888e-02, 
 2DIAGNOSTIC,    15, -5.471839955655e-01, 9.761646166973e-05, 1.9944e+00, 3.1573e-02, 
 2DIAGNOSTIC,    16, -5.471599230078e-01, 7.527608782497e-05, 2.0226e+00, 2.8230e-02, 
 2DIAGNOSTIC,    17, -5.471662422102e-01, 5.183180177739e-05, 2.0501e+00, 2.7491e-02, 
 2DIAGNOSTIC,    18, -5.471747029843e-01, 3.478198066884e-05, 2.0821e+00, 3.2013e-02, 
 2DIAGNOSTIC,    19, -5.471813452667e-01, 1.945631561667e-05, 2.1134e+00, 3.1329e-02, 
 2DIAGNOSTIC,    20, -5.471662915390e-01, 4.969838175245e-06, 2.1418e+00, 2.8366e-02, 
 2DIAGNOSTIC,    21, -5.471844159659e-01, 1.951266126413e-06, 2.1727e+00, 3.0919e-02, 
 2DIAGNOSTIC,    22, -5.471946856208e-01, 1.794831120679e-06, 2.2005e+00, 2.7787e-02, 
 2DIAGNOSTIC,    23, -5.472309778225e-01, 2.955891917150e-06, 2.2287e+00, 2.8218e-02, 
 2DIAGNOSTIC,    24, -5.472460347823e-01, 4.500345858575e-06, 2.2602e+00, 3.1477e-02, 
 2DIAGNOSTIC,    25, -5.473225344697e-01, 7.130562049915e-06, 2.2878e+00, 2.7613e-02, 
 2DIAGNOSTIC,    26, -5.474469322928e-01, 1.098291068592e-05, 2.3160e+00, 2.8196e-02, 
 2DIAGNOSTIC,    27, -5.481013380405e-01, 2.630865689599e-05, 2.3478e+00, 3.1761e-02, 
 2DIAGNOSTIC,    28, -5.480678935569e-01, 3.738993165410e-05, 2.3871e+00, 3.9315e-02, 
 2DIAGNOSTIC,    29, -5.482084716600e-01, 4.712039904118e-05, 2.4214e+00, 3.4287e-02, 
 2DIAGNOSTIC,    30, -5.482082518977e-01, 5.166414609875e-05, 2.4547e+00, 3.3329e-02, 
 2DIAGNOSTIC,    31, -5.482014616154e-01, 5.125921405136e-05, 2.4891e+00, 3.4384e-02, 
 2DIAGNOSTIC,    32, -5.481815957315e-01, 4.582630700159e-05, 2.5179e+00, 2.8832e-02, 
 2DIAGNOSTIC,    33, -5.481718257510e-01, 3.689943098788e-05, 2.5470e+00, 2.9086e-02, 
 2DIAGNOSTIC,    34, -5.481825626767e-01, 2.560031588970e-05, 2.5768e+00, 2.9744e-02, 
 2DIAGNOSTIC,    35, -5.481838557725e-01, 1.379952342580e-05, 2.6078e+00, 3.1034e-02, 
 2DIAGNOSTIC,    36, -5.481854579956e-01, 3.009183969036e-06, 2.6388e+00, 3.0977e-02, 
 2DIAGNOSTIC,    37, -5.482631349724e-01, 2.936489665619e-06, 2.6726e+00, 3.3864e-02, 
 2DIAGNOSTIC,    38, -5.482856021598e-01, 2.436033215342e-06, 2.7062e+00, 3.3516e-02, 
 2DIAGNOSTIC,    39, -5.482706820544e-01, 3.481464534345e-06, 2.7391e+00, 3.2927e-02, 
 2DIAGNOSTIC,    40, -5.481987753936e-01, 3.305007140655e-06, 2.7725e+00, 3.3469e-02, 
 2DIAGNOSTIC,    41, -5.482804147020e-01, 3.879235544475e-06, 2.8084e+00, 3.5902e-02, 
 2DIAGNOSTIC,    42, -5.481859538691e-01, 2.660307264171e-06, 2.8458e+00, 3.7304e-02, 
 2DIAGNOSTIC,    43, -5.482756810578e-01, 2.302887225358e-06, 2.8863e+00, 4.0525e-02, 
 2DIAGNOSTIC,    44, -5.483025243657e-01, 2.248371222043e-06, 2.9204e+00, 3.4118e-02, 
 2DIAGNOSTIC,    45, -5.482811788277e-01, 1.830446475587e-06, 2.9556e+00, 3.5177e-02, 
 2DIAGNOSTIC,    46, -5.482645577094e-01, 1.147469948139e-06, 2.9881e+00, 3.2491e-02, 
 2DIAGNOSTIC,    47, -5.482548593048e-01, 1.197471174066e-06, 3.0973e+00, 1.0926e-01, 
 2DIAGNOSTIC,    48, -5.482548593037e-01, 1.432022849416e-06, 3.2076e+00, 1.1026e-01, 
 2DIAGNOSTIC,    49, -5.482548593037e-01, 1.429530085379e-06, 3.2452e+00, 3.7627e-02, 
DIAGNOSTIC,Iteration,metricValue,convergenceValue,ITERATION_TIME_INDEX,SINCE_LAST
 2DIAGNOSTIC,     1, -4.661873928250e-01, 1.797693134862e+308, 4.3498e+00, 1.1046e+00, 
 2DIAGNOSTIC,     2, -4.663634397792e-01, 1.797693134862e+308, 4.6022e+00, 2.5237e-01, 
 2DIAGNOSTIC,     3, -4.665065261368e-01, 1.797693134862e+308, 4.8476e+00, 2.4541e-01, 
 2DIAGNOSTIC,     4, -4.666272930898e-01, 1.797693134862e+308, 5.0791e+00, 2.3148e-01, 
 2DIAGNOSTIC,     5, -4.667166875256e-01, 1.797693134862e+308, 5.3309e+00, 2.5176e-01, 
 2DIAGNOSTIC,     6, -4.668667229444e-01, 1.797693134862e+308, 5.5822e+00, 2.5138e-01, 
 2DIAGNOSTIC,     7, -4.669697647003e-01, 1.797693134862e+308, 5.8453e+00, 2.6303e-01, 
 2DIAGNOSTIC,     8, -4.670258349450e-01, 1.797693134862e+308, 6.1758e+00, 3.3058e-01, 
 2DIAGNOSTIC,     9, -4.670791314337e-01, 1.797693134862e+308, 6.4053e+00, 2.2944e-01, 
 2DIAGNOSTIC,    10, -4.671177519552e-01, 1.313508503534e-04, 6.6429e+00, 2.3766e-01, 
 2DIAGNOSTIC,    11, -4.671984779916e-01, 1.051590437709e-04, 6.8853e+00, 2.4236e-01, 
 2DIAGNOSTIC,    12, -4.674361298440e-01, 9.491442019137e-05, 7.2604e+00, 3.7505e-01, 
 2DIAGNOSTIC,    13, -4.675162722818e-01, 8.805757299393e-05, 7.5026e+00, 2.4226e-01, 
 2DIAGNOSTIC,    14, -4.675732984852e-01, 8.220324536462e-05, 7.8400e+00, 3.3738e-01, 
 2DIAGNOSTIC,    15, -4.675740520154e-01, 7.348795814011e-05, 8.1389e+00, 2.9886e-01, 
 2DIAGNOSTIC,    16, -4.675763026044e-01, 6.504178746781e-05, 8.5565e+00, 4.1763e-01, 
 2DIAGNOSTIC,    17, -4.675763989486e-01, 5.533219934051e-05, 8.7821e+00, 2.2565e-01, 
 2DIAGNOSTIC,    18, -4.675746398648e-01, 4.352693426413e-05, 9.0125e+00, 2.3038e-01, 
 2DIAGNOSTIC,    19, -4.675729805841e-01, 3.083193675993e-05, 9.2731e+00, 2.6062e-01, 
 2DIAGNOSTIC,    20, -4.675713166931e-01, 1.787290593226e-05, 9.5021e+00, 2.2897e-01, 
 2DIAGNOSTIC,    21, -4.675679157348e-01, 6.728997108719e-06, 9.7280e+00, 2.2590e-01, 
 2DIAGNOSTIC,    22, -4.675676526035e-01, 2.633912744708e-06, 9.9500e+00, 2.2204e-01, 
DIAGNOSTIC,Iteration,metricValue,convergenceValue,ITERATION_TIME_INDEX,SINCE_LAST
 2DIAGNOSTIC,     1, -4.258650669512e-01, 1.797693134862e+308, 1.2525e+01, 2.5752e+00, 
 2DIAGNOSTIC,     2, -4.259686174812e-01, 1.797693134862e+308, 1.4013e+01, 1.4880e+00, 
 2DIAGNOSTIC,     3, -4.260095475425e-01, 1.797693134862e+308, 1.6052e+01, 2.0383e+00, 
 2DIAGNOSTIC,     4, -4.260079791544e-01, 1.797693134862e+308, 1.8335e+01, 2.2836e+00, 
 2DIAGNOSTIC,     5, -4.260082732475e-01, 1.797693134862e+308, 1.9854e+01, 1.5185e+00, 
 2DIAGNOSTIC,     6, -4.260081857546e-01, 1.797693134862e+308, 2.1520e+01, 1.6664e+00, 
 2DIAGNOSTIC,     7, -4.260082297622e-01, 1.797693134862e+308, 2.3154e+01, 1.6336e+00, 
 2DIAGNOSTIC,     8, -4.260082715277e-01, 1.797693134862e+308, 2.4673e+01, 1.5195e+00, 
 2DIAGNOSTIC,     9, -4.260078911267e-01, 1.797693134862e+308, 2.6195e+01, 1.5217e+00, 
 2DIAGNOSTIC,    10, -4.260080320914e-01, 1.495527013974e-05, 2.7715e+01, 1.5203e+00, 
 2DIAGNOSTIC,    11, -4.260076675551e-01, 5.176750643848e-06, 2.9232e+01, 1.5171e+00, 
 2DIAGNOSTIC,    12, -4.260078224582e-01, 2.523200185026e-06, 3.0761e+01, 1.5288e+00, 
 2DIAGNOSTIC,    13, -4.260075440140e-01, 2.377818054983e-06, 3.2439e+01, 1.6778e+00, 
 2DIAGNOSTIC,    14, -4.260073499791e-01, 2.175541129648e-06, 3.4049e+01, 1.6103e+00, 
 2DIAGNOSTIC,    15, -4.260072578792e-01, 2.018438804458e-06, 3.5560e+01, 1.5104e+00, 
 2DIAGNOSTIC,    16, -4.260070642200e-01, 1.878373661543e-06, 3.6881e+01, 1.3210e+00, 
 2DIAGNOSTIC,    17, -4.260070806879e-01, 1.767173847561e-06, 3.8319e+01, 1.4382e+00, 
 2DIAGNOSTIC,    18, -4.260077195222e-01, 1.703433398968e-06, 3.9982e+01, 1.6629e+00, 
 2DIAGNOSTIC,    19, -4.260078316154e-01, 1.642106439922e-06, 4.1478e+01, 1.4961e+00, 
 2DIAGNOSTIC,    20, -4.260078410547e-01, 1.595434492380e-06, 4.2982e+01, 1.5046e+00, 
 2DIAGNOSTIC,    21, -4.260077519660e-01, 1.538468823427e-06, 4.4582e+01, 1.6000e+00, 
 2DIAGNOSTIC,    22, -4.260076591252e-01, 1.486555607749e-06, 4.6269e+01, 1.6869e+00, 
 2DIAGNOSTIC,    23, -4.260075636701e-01, 1.424271772799e-06, 4.7770e+01, 1.5004e+00, 
 2DIAGNOSTIC,    24, -4.260075699704e-01, 1.357997041679e-06, 4.9504e+01, 1.7338e+00, 
 2DIAGNOSTIC,    25, -4.260074708294e-01, 1.289212626737e-06, 5.1173e+01, 1.6699e+00, 
 2DIAGNOSTIC,    26, -4.260071674912e-01, 1.211701078731e-06, 5.2571e+01, 1.3977e+00, 
 2DIAGNOSTIC,    27, -4.260071718116e-01, 1.141381825137e-06, 5.3920e+01, 1.3491e+00, 
 2DIAGNOSTIC,    28, -4.260071788438e-01, 1.094752898417e-06, 5.5227e+01, 1.3066e+00, 
 2DIAGNOSTIC,    29, -4.260072935900e-01, 1.060293147420e-06, 5.6661e+01, 1.4338e+00, 
 2DIAGNOSTIC,    30, -4.260075214099e-01, 1.036858853859e-06, 5.8127e+01, 1.4666e+00, 
 2DIAGNOSTIC,    31, -4.260076448037e-01, 1.017942333738e-06, 5.9619e+01, 1.4916e+00, 
  Elapsed time (stage 0): 6.0423e+01


Total elapsed time: 6.0426e+01
Info [verificarlo]: loaded backend libinterflop_ieee.so
Info [interflop-ieee]: load backend with:
Info [interflop-ieee]: debug = false
Info [interflop-ieee]: debug-binary = false
Info [interflop-ieee]: no-backend-name = false
Info [interflop-ieee]: print-new-line = false
Info [interflop-ieee]: print-subnormal-normalized = false
Info [interflop-ieee]: count-op = false
All_Command_lines_OK
Using double precision for computations.
=============================================================================
The composite transform comprises the following transforms (in order): 
  1. /home/mdugre/scratch/mri-registration-rp/datasets/ds004513/derivatives/mri-registration-rp/0001/antsRegistration-r8-p14/sub-s033/rigid_Composite.h5[0] (type = Euler3DTransform)
  2. /home/mdugre/scratch/mri-registration-rp/datasets/ds004513/derivatives/mri-registration-rp/0001/antsRegistration-r8-p14/sub-s033/rigid_Composite.h5[1] (type = Euler3DTransform)
  3. /home/mdugre/scratch/mri-registration-rp/datasets/ds004513/derivatives/mri-registration-rp/0001/antsRegistration-r8-p14/sub-s033/rigid_Composite.h5[2] (type = Euler3DTransform)
=============================================================================
  number of levels = 4
  fixed image: /templateflow/tpl-MNI152NLin2009cAsym/tpl-MNI152NLin2009cAsym_res-01_desc-brain_T1w.nii.gz
  moving image: /home/mdugre/scratch/mri-registration-rp/datasets/ds004513/derivatives/mri-registration-rp/antsBrainExtraction/sub-s033/BrainExtractionBrain.nii.gz
Dimension = 3
Number of stages = 1
Use histogram matching = false
Winsorize image intensities = true
  Lower quantile = 0.005
  Upper quantile = 0.995


Stage 1 State
   Image metric = MattesMI
     Fixed image = Image (0x51c37e0)
  RTTI typeinfo:   itk::Image<double, 3u>
  Reference Count: 2
  Modified Time: 1592
  Debug: Off
  Object Name: 
  Observers: 
    none
  Source: (none)
  Source output name: (none)
  Release Data: Off
  Data Released: False
  Global Release Data: Off
  PipelineMTime: 0
  UpdateMTime: 1203
  RealTimeStamp: 0 seconds 
  LargestPossibleRegion: 
    Dimension: 3
    Index: [0, 0, 0]
    Size: [193, 229, 193]
  BufferedRegion: 
    Dimension: 3
    Index: [0, 0, 0]
    Size: [193, 229, 193]
  RequestedRegion: 
    Dimension: 3
    Index: [0, 0, 0]
    Size: [193, 229, 193]
  Spacing: [1, 1, 1]
  Origin: [96, 132, -78]
  Direction: 
-1 0 0
0 -1 0
0 0 1

  IndexToPointMatrix: 
-1 0 0
0 -1 0
0 0 1

  PointToIndexMatrix: 
-1 0 0
0 -1 0
0 0 1

  Inverse Direction: 
-1 0 0
0 -1 0
0 0 1

  PixelContainer: 
    ImportImageContainer (0x5283a20)
      RTTI typeinfo:   itk::ImportImageContainer<unsigned long, double>
      Reference Count: 1
      Modified Time: 1200
      Debug: Off
      Object Name: 
      Observers: 
        none
      Pointer: 0x1502f0e2e010
      Container manages memory: true
      Size: 8530021
      Capacity: 8530021

     Moving image = Image (0x527ed70)
  RTTI typeinfo:   itk::Image<double, 3u>
  Reference Count: 2
  Modified Time: 1593
  Debug: Off
  Object Name: 
  Observers: 
    none
  Source: (none)
  Source output name: (none)
  Release Data: Off
  Data Released: False
  Global Release Data: Off
  PipelineMTime: 0
  UpdateMTime: 1590
  RealTimeStamp: 0 seconds 
  LargestPossibleRegion: 
    Dimension: 3
    Index: [0, 0, 0]
    Size: [160, 240, 256]
  BufferedRegion: 
    Dimension: 3
    Index: [0, 0, 0]
    Size: [160, 240, 256]
  RequestedRegion: 
    Dimension: 3
    Index: [0, 0, 0]
    Size: [160, 240, 256]
  Spacing: [1, 1, 1]
  Origin: [91.5134, 94.282, -109.927]
  Direction: 
-0.99591 -0.0698718 -0.0572835
0.0697565 -0.997556 0.00401236
-0.0574239 5.01125e-08 0.99835

  IndexToPointMatrix: 
-0.99591 -0.0698718 -0.0572835
0.0697565 -0.997556 0.00401236
-0.0574239 5.01125e-08 0.99835

  PointToIndexMatrix: 
-0.99591 0.0697565 -0.0574239
-0.0698718 -0.997556 5.01483e-08
-0.0572835 0.00401236 0.99835

  Inverse Direction: 
-0.99591 0.0697565 -0.0574239
-0.0698718 -0.997556 5.01483e-08
-0.0572835 0.00401236 0.99835

  PixelContainer: 
    ImportImageContainer (0x5236c90)
      RTTI typeinfo:   itk::ImportImageContainer<unsigned long, double>
      Reference Count: 1
      Modified Time: 1587
      Debug: Off
      Object Name: 
      Observers: 
        none
      Pointer: 0x1502ec32d010
      Container manages memory: true
      Size: 9830400
      Capacity: 9830400

     Weighting = 1
     Sampling strategy = regular
     Number of bins = 32
     Radius = 4
     Sampling percentage  = 0.25
   Transform = Affine
     Gradient step = 0.1
     Update field sigma (voxel space) = 0
     Total field sigma (voxel space) = 0
     Update field time sigma = 0
     Total field time sigma  = 0
     Number of time indices = 0
     Number of time point samples = 0
Registration using 1 total stages.

Stage 0
  iterations = 1000x500x250x100
  convergence threshold = 1e-06
  convergence window size = 10
  number of levels = 4
  using the Mattes MI metric (number of bins = 32, weight = 1, use gradient filter = 0)
  preprocessing:  winsorizing the image intensities
  Shrink factors (level 1 out of 4): [8, 8, 8]
  Shrink factors (level 2 out of 4): [4, 4, 4]
  Shrink factors (level 3 out of 4): [2, 2, 2]
  Shrink factors (level 4 out of 4): [1, 1, 1]
  smoothing sigmas per level: [3, 2, 1, 0]
  regular sampling (percentage = 0.25)

*** Running AffineTransform registration ***

DIAGNOSTIC,Iteration,metricValue,convergenceValue,ITERATION_TIME_INDEX,SINCE_LAST
 2DIAGNOSTIC,     1, -6.382810430356e-01, 1.797693134862e+308, 6.5936e-01, 6.5936e-01, 
 2DIAGNOSTIC,     2, -6.407465218037e-01, 1.797693134862e+308, 6.6439e-01, 5.0220e-03, 
 2DIAGNOSTIC,     3, -6.451565166579e-01, 1.797693134862e+308, 6.6923e-01, 4.8420e-03, 
 2DIAGNOSTIC,     4, -6.521823850533e-01, 1.797693134862e+308, 6.7384e-01, 4.6101e-03, 
 2DIAGNOSTIC,     5, -6.630833063352e-01, 1.797693134862e+308, 6.7848e-01, 4.6360e-03, 
 2DIAGNOSTIC,     6, -6.815409235359e-01, 1.797693134862e+308, 6.8333e-01, 4.8590e-03, 
 2DIAGNOSTIC,     7, -7.249756597897e-01, 1.797693134862e+308, 6.8964e-01, 6.3009e-03, 
 2DIAGNOSTIC,     8, -8.402363249374e-01, 1.797693134862e+308, 6.9476e-01, 5.1219e-03, 
 2DIAGNOSTIC,     9, -8.669925127893e-01, 1.797693134862e+308, 7.0275e-01, 7.9930e-03, 
 2DIAGNOSTIC,    10, -8.690202705681e-01, 2.370887993302e-02, 7.0792e-01, 5.1689e-03, 
 2DIAGNOSTIC,    11, -8.788610142433e-01, 2.366228813326e-02, 7.1288e-01, 4.9648e-03, 
 2DIAGNOSTIC,    12, -8.887432577445e-01, 2.187466659020e-02, 7.1798e-01, 5.0950e-03, 
 2DIAGNOSTIC,    13, -8.929111215785e-01, 1.864007267010e-02, 7.2371e-01, 5.7271e-03, 
 2DIAGNOSTIC,    14, -8.986816551374e-01, 1.459628383152e-02, 7.2924e-01, 5.5380e-03, 
 2DIAGNOSTIC,    15, -9.051774103254e-01, 1.031723313396e-02, 7.3638e-01, 7.1349e-03, 
 2DIAGNOSTIC,    16, -9.052611474995e-01, 6.142692566595e-03, 7.4273e-01, 6.3529e-03, 
 2DIAGNOSTIC,    17, -9.054082161399e-01, 2.822305390049e-03, 7.4836e-01, 5.6241e-03, 
 2DIAGNOSTIC,    18, -9.052651260404e-01, 1.920508234221e-03, 7.5336e-01, 5.0049e-03, 
 2DIAGNOSTIC,    19, -9.053416289459e-01, 1.448686670222e-03, 7.5843e-01, 5.0719e-03, 
 2DIAGNOSTIC,    20, -9.056305480685e-01, 9.325345616795e-04, 7.6349e-01, 5.0540e-03, 
 2DIAGNOSTIC,    21, -9.057901728826e-01, 5.478799573365e-04, 7.6926e-01, 5.7771e-03, 
 2DIAGNOSTIC,    22, -9.059077219762e-01, 3.096624118769e-04, 7.7425e-01, 4.9908e-03, 
 2DIAGNOSTIC,    23, -9.059070829511e-01, 1.268988073852e-04, 7.7928e-01, 5.0211e-03, 
 2DIAGNOSTIC,    24, -9.060842876318e-01, 3.174987062164e-05, 7.8449e-01, 5.2102e-03, 
 2DIAGNOSTIC,    25, -9.061397026237e-01, 3.167610283348e-05, 7.8958e-01, 5.0900e-03, 
 2DIAGNOSTIC,    26, -9.063734761884e-01, 3.282776382014e-05, 7.9461e-01, 5.0392e-03, 
 2DIAGNOSTIC,    27, -9.065863144363e-01, 3.551505931752e-05, 8.0152e-01, 6.9029e-03, 
 2DIAGNOSTIC,    28, -9.066216509655e-01, 3.347505445252e-05, 8.0821e-01, 6.6891e-03, 
 2DIAGNOSTIC,    29, -9.061322096344e-01, 2.370829586781e-05, 8.1434e-01, 6.1321e-03, 
 2DIAGNOSTIC,    30, -9.059992175060e-01, 1.440860711899e-05, 8.1976e-01, 5.4250e-03, 
 2DIAGNOSTIC,    31, -9.057792563513e-01, 3.769269882631e-06, 8.2468e-01, 4.9112e-03, 
DIAGNOSTIC,Iteration,metricValue,convergenceValue,ITERATION_TIME_INDEX,SINCE_LAST
 2DIAGNOSTIC,     1, -7.439594944654e-01, 1.797693134862e+308, 1.5043e+00, 6.7958e-01, 
 2DIAGNOSTIC,     2, -7.448092982259e-01, 1.797693134862e+308, 1.5415e+00, 3.7260e-02, 
 2DIAGNOSTIC,     3, -7.457622816722e-01, 1.797693134862e+308, 1.5781e+00, 3.6550e-02, 
 2DIAGNOSTIC,     4, -7.465207746410e-01, 1.797693134862e+308, 1.6147e+00, 3.6635e-02, 
 2DIAGNOSTIC,     5, -7.471933930835e-01, 1.797693134862e+308, 1.6550e+00, 4.0252e-02, 
 2DIAGNOSTIC,     6, -7.483572321311e-01, 1.797693134862e+308, 1.7202e+00, 6.5213e-02, 
 2DIAGNOSTIC,     7, -7.483854171350e-01, 1.797693134862e+308, 1.7603e+00, 4.0148e-02, 
 2DIAGNOSTIC,     8, -7.483800102678e-01, 1.797693134862e+308, 1.7965e+00, 3.6212e-02, 
 2DIAGNOSTIC,     9, -7.483768549117e-01, 1.797693134862e+308, 1.8325e+00, 3.5975e-02, 
 2DIAGNOSTIC,    10, -7.483980587335e-01, 4.009912692063e-04, 1.8734e+00, 4.0936e-02, 
 2DIAGNOSTIC,    11, -7.484170612303e-01, 2.716667736976e-04, 1.9087e+00, 3.5224e-02, 
 2DIAGNOSTIC,    12, -7.484304247578e-01, 1.667999605136e-04, 1.9477e+00, 3.9043e-02, 
 2DIAGNOSTIC,    13, -7.484574907718e-01, 9.210241491225e-05, 1.9836e+00, 3.5903e-02, 
 2DIAGNOSTIC,    14, -7.484791593299e-01, 4.099982926972e-05, 2.0196e+00, 3.5959e-02, 
 2DIAGNOSTIC,    15, -7.485102091392e-01, 1.016911048289e-05, 2.0597e+00, 4.0125e-02, 
 2DIAGNOSTIC,    16, -7.485404979840e-01, 1.079655451856e-05, 2.0989e+00, 3.9174e-02, 
 2DIAGNOSTIC,    17, -7.485788116519e-01, 1.202476338900e-05, 2.1348e+00, 3.5935e-02, 
 2DIAGNOSTIC,    18, -7.485589094737e-01, 1.164086008832e-05, 2.1762e+00, 4.1378e-02, 
 2DIAGNOSTIC,    19, -7.485802040733e-01, 1.076113410567e-05, 2.2138e+00, 3.7643e-02, 
 2DIAGNOSTIC,    20, -7.486220447828e-01, 1.030650669841e-05, 2.2497e+00, 3.5910e-02, 
 2DIAGNOSTIC,    21, -7.486670183281e-01, 1.020976116218e-05, 2.2911e+00, 4.1323e-02, 
 2DIAGNOSTIC,    22, -7.486476673778e-01, 9.187271562829e-06, 2.3329e+00, 4.1868e-02, 
 2DIAGNOSTIC,    23, -7.486532403099e-01, 8.104215619427e-06, 2.3691e+00, 3.6159e-02, 
 2DIAGNOSTIC,    24, -7.486454995430e-01, 6.702130251258e-06, 2.4241e+00, 5.4971e-02, 
 2DIAGNOSTIC,    25, -7.486350089199e-01, 5.194029252545e-06, 2.4607e+00, 3.6681e-02, 
 2DIAGNOSTIC,    26, -7.486363512843e-01, 3.873136125890e-06, 2.4959e+00, 3.5193e-02, 
 2DIAGNOSTIC,    27, -7.486120233086e-01, 2.616610995446e-06, 2.5319e+00, 3.5936e-02, 
DIAGNOSTIC,Iteration,metricValue,convergenceValue,ITERATION_TIME_INDEX,SINCE_LAST
 2DIAGNOSTIC,     1, -6.324382898273e-01, 1.797693134862e+308, 3.6767e+00, 1.1448e+00, 
 2DIAGNOSTIC,     2, -6.330454616346e-01, 1.797693134862e+308, 3.9701e+00, 2.9337e-01, 
 2DIAGNOSTIC,     3, -6.337035603416e-01, 1.797693134862e+308, 4.2564e+00, 2.8628e-01, 
 2DIAGNOSTIC,     4, -6.345361141960e-01, 1.797693134862e+308, 4.5323e+00, 2.7598e-01, 
 2DIAGNOSTIC,     5, -6.368407382151e-01, 1.797693134862e+308, 5.0220e+00, 4.8970e-01, 
 2DIAGNOSTIC,     6, -6.368316286444e-01, 1.797693134862e+308, 5.4600e+00, 4.3792e-01, 
 2DIAGNOSTIC,     7, -6.368307323596e-01, 1.797693134862e+308, 5.7920e+00, 3.3205e-01, 
 2DIAGNOSTIC,     8, -6.368303573740e-01, 1.797693134862e+308, 6.1115e+00, 3.1953e-01, 
 2DIAGNOSTIC,     9, -6.368301673742e-01, 1.797693134862e+308, 6.4297e+00, 3.1818e-01, 
 2DIAGNOSTIC,    10, -6.368296439810e-01, 4.934821376314e-04, 6.7889e+00, 3.5915e-01, 
 2DIAGNOSTIC,    11, -6.368271667764e-01, 3.329188254880e-04, 7.0976e+00, 3.0875e-01, 
 2DIAGNOSTIC,    12, -6.368275864683e-01, 1.932899313738e-04, 7.3922e+00, 2.9455e-01, 
 2DIAGNOSTIC,    13, -6.368268776148e-01, 8.070074377434e-05, 7.6885e+00, 2.9629e-01, 
 2DIAGNOSTIC,    14, -6.368280683955e-01, 1.617762374923e-06, 8.0916e+00, 4.0313e-01, 
 2DIAGNOSTIC,    15, -6.368284020570e-01, 1.837304625191e-06, 8.4104e+00, 3.1883e-01, 
 2DIAGNOSTIC,    16, -6.368272798641e-01, 1.771344771195e-06, 8.6999e+00, 2.8944e-01, 
 2DIAGNOSTIC,    17, -6.368263587866e-01, 1.687171223785e-06, 9.0366e+00, 3.3675e-01, 
 2DIAGNOSTIC,    18, -6.368253777789e-01, 1.595491052601e-06, 9.3624e+00, 3.2579e-01, 
 2DIAGNOSTIC,    19, -6.368242811860e-01, 1.498666056539e-06, 9.6470e+00, 2.8453e-01, 
 2DIAGNOSTIC,    20, -6.368234029496e-01, 1.398121667225e-06, 9.9668e+00, 3.1986e-01, 
 2DIAGNOSTIC,    21, -6.368238742920e-01, 1.282905977708e-06, 1.0238e+01, 2.7099e-01, 
 2DIAGNOSTIC,    22, -6.368218351362e-01, 1.167521663611e-06, 1.0499e+01, 2.6092e-01, 
 2DIAGNOSTIC,    23, -6.368231602247e-01, 1.100815705403e-06, 1.0868e+01, 3.6887e-01, 
 2DIAGNOSTIC,    24, -6.368235291764e-01, 1.094022428726e-06, 1.1185e+01, 3.1781e-01, 
 2DIAGNOSTIC,    25, -6.368211359521e-01, 1.072714498958e-06, 1.1500e+01, 3.1475e-01, 
 2DIAGNOSTIC,    26, -6.368201051522e-01, 1.036561209179e-06, 1.1820e+01, 3.2001e-01, 
DIAGNOSTIC,Iteration,metricValue,convergenceValue,ITERATION_TIME_INDEX,SINCE_LAST
 2DIAGNOSTIC,     1, -5.628459507966e-01, 1.797693134862e+308, 1.4686e+01, 2.8657e+00, 
 2DIAGNOSTIC,     2, -5.630277840568e-01, 1.797693134862e+308, 1.6544e+01, 1.8584e+00, 
 2DIAGNOSTIC,     3, -5.632101551887e-01, 1.797693134862e+308, 1.8390e+01, 1.8457e+00, 
 2DIAGNOSTIC,     4, -5.635255886631e-01, 1.797693134862e+308, 2.0473e+01, 2.0831e+00, 
 2DIAGNOSTIC,     5, -5.639650597663e-01, 1.797693134862e+308, 2.4553e+01, 4.0798e+00, 
 2DIAGNOSTIC,     6, -5.639647010581e-01, 1.797693134862e+308, 2.6402e+01, 1.8487e+00, 
 2DIAGNOSTIC,     7, -5.639647896764e-01, 1.797693134862e+308, 2.8767e+01, 2.3649e+00, 
 2DIAGNOSTIC,     8, -5.639648558756e-01, 1.797693134862e+308, 3.0471e+01, 1.7049e+00, 
 2DIAGNOSTIC,     9, -5.639646739474e-01, 1.797693134862e+308, 3.2444e+01, 1.9730e+00, 
 2DIAGNOSTIC,    10, -5.639643057424e-01, 1.378990874491e-04, 3.4374e+01, 1.9300e+00, 
 2DIAGNOSTIC,    11, -5.639643782733e-01, 9.015182979168e-05, 3.6222e+01, 1.8475e+00, 
 2DIAGNOSTIC,    12, -5.639643175943e-01, 5.042084880325e-05, 3.8124e+01, 1.9016e+00, 
 2DIAGNOSTIC,    13, -5.639642263298e-01, 1.941567328485e-05, 3.9784e+01, 1.6604e+00, 
 2DIAGNOSTIC,    14, -5.639641734662e-01, 2.204064518077e-06, 4.1663e+01, 1.8788e+00, 
 2DIAGNOSTIC,    15, -5.639642674332e-01, 2.068764276442e-06, 4.3394e+01, 1.7317e+00, 
 2DIAGNOSTIC,    16, -5.639644259802e-01, 1.948621501643e-06, 4.5270e+01, 1.8752e+00, 
 2DIAGNOSTIC,    17, -5.639641247526e-01, 1.839622274735e-06, 4.7238e+01, 1.9684e+00, 
 2DIAGNOSTIC,    18, -5.639640803567e-01, 1.746769288692e-06, 4.9060e+01, 1.8216e+00, 
 2DIAGNOSTIC,    19, -5.639637057055e-01, 1.651180408575e-06, 5.0749e+01, 1.6894e+00, 
 2DIAGNOSTIC,    20, -5.639638176274e-01, 1.560854588224e-06, 5.2641e+01, 1.8916e+00, 
 2DIAGNOSTIC,    21, -5.639638595253e-01, 1.484430892415e-06, 5.4650e+01, 2.0091e+00, 
 2DIAGNOSTIC,    22, -5.639637045034e-01, 1.412935309635e-06, 5.6414e+01, 1.7637e+00, 
 2DIAGNOSTIC,    23, -5.639637917145e-01, 1.351024505797e-06, 5.8518e+01, 2.1048e+00, 
 2DIAGNOSTIC,    24, -5.639638171764e-01, 1.296662533130e-06, 6.0596e+01, 2.0774e+00, 
 2DIAGNOSTIC,    25, -5.639636752344e-01, 1.248176077821e-06, 6.2579e+01, 1.9830e+00, 
 2DIAGNOSTIC,    26, -5.639638269898e-01, 1.211881673222e-06, 6.4451e+01, 1.8718e+00, 
 2DIAGNOSTIC,    27, -5.639636308292e-01, 1.170014766745e-06, 6.6513e+01, 2.0629e+00, 
 2DIAGNOSTIC,    28, -5.639635371417e-01, 1.129748324231e-06, 6.8214e+01, 1.7009e+00, 
 2DIAGNOSTIC,    29, -5.639633332240e-01, 1.082775978191e-06, 7.0042e+01, 1.8278e+00, 
 2DIAGNOSTIC,    30, -5.639632443242e-01, 1.040704588125e-06, 7.1849e+01, 1.8071e+00, 
 2DIAGNOSTIC,    31, -5.639632870062e-01, 1.004651925006e-06, 7.3719e+01, 1.8702e+00, 
  Elapsed time (stage 0): 7.4765e+01


Total elapsed time: 7.4768e+01
Info [verificarlo]: loaded backend libinterflop_vprec.so
Info [interflop-vprec]: load backend with: 
Info [interflop-vprec]: precision-binary32 = 14
