
##########################
# Experiment information #
##########################

EXPERIMENT_NAME: antsRegistration-r8-p7
VFC_BACKENDS: libinterflop_vprec.so --range-binary32=8 --precision-binary32=7 --range-binary64=8 --precision-binary64=7

SIF_IMG: /home/mdugre/projects/rrg-glatard/mdugre/containers/ants-vprec-no_metrics.simg

SUBJECT_ID: s020
INPUT_IMG: /home/mdugre/scratch/mri-registration-rp/datasets/ds004513/derivatives/mri-registration-rp/antsBrainExtraction/sub-s020/BrainExtractionBrain.nii.gz
OUTPUT_DIR: /home/mdugre/scratch/mri-registration-rp/datasets/ds004513/derivatives/mri-registration-rp/0001/antsRegistration-r8-p7/sub-s020

FIXED_IMG: /templateflow/tpl-MNI152NLin2009cAsym/tpl-MNI152NLin2009cAsym_res-01_desc-brain_T1w.nii.gz
DATA_DIR: /home/mdugre/scratch/mri-registration-rp/datasets/ds004513
TEMPLATEFLOW_DIR: /home/mdugre/projects/rrg-glatard/mdugre/templateflow
ITK_GLOBAL_DEFAULT_NUMBER_OF_THREADS: 16
##########################

Info [verificarlo]: loaded backend libinterflop_ieee.so
Info [interflop-ieee]: load backend with:
Info [interflop-ieee]: debug = false
Info [interflop-ieee]: debug-binary = false
Info [interflop-ieee]: no-backend-name = false
Info [interflop-ieee]: print-new-line = false
Info [interflop-ieee]: print-subnormal-normalized = false
Info [interflop-ieee]: count-op = false
All_Command_lines_OK
Using double precision for computations.
=============================================================================
The composite transform comprises the following transforms (in order): 
  1. Center of mass alignment using fixed image: /templateflow/tpl-MNI152NLin2009cAsym/tpl-MNI152NLin2009cAsym_res-01_desc-brain_T1w.nii.gz and moving image: /home/mdugre/scratch/mri-registration-rp/datasets/ds004513/derivatives/mri-registration-rp/antsBrainExtraction/sub-s020/BrainExtractionBrain.nii.gz (type = Euler3DTransform)
=============================================================================
  number of levels = 1
  fixed image: /templateflow/tpl-MNI152NLin2009cAsym/tpl-MNI152NLin2009cAsym_res-01_desc-brain_T1w.nii.gz
  moving image: /home/mdugre/scratch/mri-registration-rp/datasets/ds004513/derivatives/mri-registration-rp/antsBrainExtraction/sub-s020/BrainExtractionBrain.nii.gz
Dimension = 3
Number of stages = 1
Use histogram matching = false
Winsorize image intensities = true
  Lower quantile = 0.005
  Upper quantile = 0.995


Stage 1 State
   Image metric = MattesMI
     Fixed image = Image (0x4599bd0)
  RTTI typeinfo:   itk::Image<double, 3u>
  Reference Count: 2
  Modified Time: 2334
  Debug: Off
  Object Name: 
  Observers: 
    none
  Source: (none)
  Source output name: (none)
  Release Data: Off
  Data Released: False
  Global Release Data: Off
  PipelineMTime: 0
  UpdateMTime: 1943
  RealTimeStamp: 0 seconds 
  LargestPossibleRegion: 
    Dimension: 3
    Index: [0, 0, 0]
    Size: [193, 229, 193]
  BufferedRegion: 
    Dimension: 3
    Index: [0, 0, 0]
    Size: [193, 229, 193]
  RequestedRegion: 
    Dimension: 3
    Index: [0, 0, 0]
    Size: [193, 229, 193]
  Spacing: [1, 1, 1]
  Origin: [96, 132, -78]
  Direction: 
-1 0 0
0 -1 0
0 0 1

  IndexToPointMatrix: 
-1 0 0
0 -1 0
0 0 1

  PointToIndexMatrix: 
-1 0 0
0 -1 0
0 0 1

  Inverse Direction: 
-1 0 0
0 -1 0
0 0 1

  PixelContainer: 
    ImportImageContainer (0x45a29e0)
      RTTI typeinfo:   itk::ImportImageContainer<unsigned long, double>
      Reference Count: 1
      Modified Time: 1940
      Debug: Off
      Object Name: 
      Observers: 
        none
      Pointer: 0x151c71422010
      Container manages memory: true
      Size: 8530021
      Capacity: 8530021

     Moving image = Image (0x45a3bd0)
  RTTI typeinfo:   itk::Image<double, 3u>
  Reference Count: 2
  Modified Time: 2335
  Debug: Off
  Object Name: 
  Observers: 
    none
  Source: (none)
  Source output name: (none)
  Release Data: Off
  Data Released: False
  Global Release Data: Off
  PipelineMTime: 0
  UpdateMTime: 2332
  RealTimeStamp: 0 seconds 
  LargestPossibleRegion: 
    Dimension: 3
    Index: [0, 0, 0]
    Size: [160, 240, 256]
  BufferedRegion: 
    Dimension: 3
    Index: [0, 0, 0]
    Size: [160, 240, 256]
  RequestedRegion: 
    Dimension: 3
    Index: [0, 0, 0]
    Size: [160, 240, 256]
  Spacing: [0.999995, 1, 1]
  Origin: [87.0906, 98.7205, -152.377]
  Direction: 
-0.996975 0.0261379 -0.0731913
-0.0260677 -0.999658 -0.00191374
-0.0732163 -2.46403e-08 0.997316

  IndexToPointMatrix: 
-0.996971 0.0261379 -0.0731913
-0.0260676 -0.999658 -0.00191374
-0.0732159 -2.46403e-08 0.997316

  PointToIndexMatrix: 
-0.99698 -0.0260679 -0.0732166
0.0261379 -0.999658 -2.46993e-08
-0.0731913 -0.00191374 0.997316

  Inverse Direction: 
-0.996975 -0.0260677 -0.0732163
0.0261379 -0.999658 -2.46993e-08
-0.0731913 -0.00191374 0.997316

  PixelContainer: 
    ImportImageContainer (0x4729b50)
      RTTI typeinfo:   itk::ImportImageContainer<unsigned long, double>
      Reference Count: 1
      Modified Time: 2329
      Debug: Off
      Object Name: 
      Observers: 
        none
      Pointer: 0x151c6c921010
      Container manages memory: true
      Size: 9830400
      Capacity: 9830400

     Weighting = 1
     Sampling strategy = regular
     Number of bins = 32
     Radius = 4
     Sampling percentage  = 0.25
   Transform = Rigid
     Gradient step = 0.1
     Update field sigma (voxel space) = 0
     Total field sigma (voxel space) = 0
     Update field time sigma = 0
     Total field time sigma  = 0
     Number of time indices = 0
     Number of time point samples = 0
Registration using 1 total stages.

Stage 0
  iterations = 0
  convergence threshold = 1e-06
  convergence window size = 10
  number of levels = 1
  using the Mattes MI metric (number of bins = 32, weight = 1, use gradient filter = 0)
  preprocessing:  winsorizing the image intensities
  Shrink factors (level 1 out of 1): [1, 1, 1]
  smoothing sigmas per level: [0]
  regular sampling (percentage = 0.25)

*** Running Euler3DTransform registration ***

  Elapsed time (stage 0): 1.11067


Total elapsed time: 1.11286
Info [verificarlo]: loaded backend libinterflop_ieee.so
Info [interflop-ieee]: load backend with:
Info [interflop-ieee]: debug = false
Info [interflop-ieee]: debug-binary = false
Info [interflop-ieee]: no-backend-name = false
Info [interflop-ieee]: print-new-line = false
Info [interflop-ieee]: print-subnormal-normalized = false
Info [interflop-ieee]: count-op = false
All_Command_lines_OK
Using double precision for computations.
=============================================================================
The composite transform comprises the following transforms (in order): 
  1. /home/mdugre/scratch/mri-registration-rp/datasets/ds004513/derivatives/mri-registration-rp/0001/antsRegistration-r8-p7/sub-s020/align_Composite.h5[0] (type = Euler3DTransform)
  2. /home/mdugre/scratch/mri-registration-rp/datasets/ds004513/derivatives/mri-registration-rp/0001/antsRegistration-r8-p7/sub-s020/align_Composite.h5[1] (type = Euler3DTransform)
=============================================================================
  number of levels = 4
  fixed image: /templateflow/tpl-MNI152NLin2009cAsym/tpl-MNI152NLin2009cAsym_res-01_desc-brain_T1w.nii.gz
  moving image: /home/mdugre/scratch/mri-registration-rp/datasets/ds004513/derivatives/mri-registration-rp/antsBrainExtraction/sub-s020/BrainExtractionBrain.nii.gz
Dimension = 3
Number of stages = 1
Use histogram matching = false
Winsorize image intensities = true
  Lower quantile = 0.005
  Upper quantile = 0.995


Stage 1 State
   Image metric = MattesMI
     Fixed image = Image (0x521d530)
  RTTI typeinfo:   itk::Image<double, 3u>
  Reference Count: 2
  Modified Time: 1580
  Debug: Off
  Object Name: 
  Observers: 
    none
  Source: (none)
  Source output name: (none)
  Release Data: Off
  Data Released: False
  Global Release Data: Off
  PipelineMTime: 0
  UpdateMTime: 1189
  RealTimeStamp: 0 seconds 
  LargestPossibleRegion: 
    Dimension: 3
    Index: [0, 0, 0]
    Size: [193, 229, 193]
  BufferedRegion: 
    Dimension: 3
    Index: [0, 0, 0]
    Size: [193, 229, 193]
  RequestedRegion: 
    Dimension: 3
    Index: [0, 0, 0]
    Size: [193, 229, 193]
  Spacing: [1, 1, 1]
  Origin: [96, 132, -78]
  Direction: 
-1 0 0
0 -1 0
0 0 1

  IndexToPointMatrix: 
-1 0 0
0 -1 0
0 0 1

  PointToIndexMatrix: 
-1 0 0
0 -1 0
0 0 1

  Inverse Direction: 
-1 0 0
0 -1 0
0 0 1

  PixelContainer: 
    ImportImageContainer (0x52dbd60)
      RTTI typeinfo:   itk::ImportImageContainer<unsigned long, double>
      Reference Count: 1
      Modified Time: 1186
      Debug: Off
      Object Name: 
      Observers: 
        none
      Pointer: 0x151010d4c010
      Container manages memory: true
      Size: 8530021
      Capacity: 8530021

     Moving image = Image (0x52cdf60)
  RTTI typeinfo:   itk::Image<double, 3u>
  Reference Count: 2
  Modified Time: 1581
  Debug: Off
  Object Name: 
  Observers: 
    none
  Source: (none)
  Source output name: (none)
  Release Data: Off
  Data Released: False
  Global Release Data: Off
  PipelineMTime: 0
  UpdateMTime: 1578
  RealTimeStamp: 0 seconds 
  LargestPossibleRegion: 
    Dimension: 3
    Index: [0, 0, 0]
    Size: [160, 240, 256]
  BufferedRegion: 
    Dimension: 3
    Index: [0, 0, 0]
    Size: [160, 240, 256]
  RequestedRegion: 
    Dimension: 3
    Index: [0, 0, 0]
    Size: [160, 240, 256]
  Spacing: [0.999995, 1, 1]
  Origin: [87.0906, 98.7205, -152.377]
  Direction: 
-0.996975 0.0261379 -0.0731913
-0.0260677 -0.999658 -0.00191374
-0.0732163 -2.46403e-08 0.997316

  IndexToPointMatrix: 
-0.996971 0.0261379 -0.0731913
-0.0260676 -0.999658 -0.00191374
-0.0732159 -2.46403e-08 0.997316

  PointToIndexMatrix: 
-0.99698 -0.0260679 -0.0732166
0.0261379 -0.999658 -2.46993e-08
-0.0731913 -0.00191374 0.997316

  Inverse Direction: 
-0.996975 -0.0260677 -0.0732163
0.0261379 -0.999658 -2.46993e-08
-0.0731913 -0.00191374 0.997316

  PixelContainer: 
    ImportImageContainer (0x52bf6d0)
      RTTI typeinfo:   itk::ImportImageContainer<unsigned long, double>
      Reference Count: 1
      Modified Time: 1575
      Debug: Off
      Object Name: 
      Observers: 
        none
      Pointer: 0x15100c24b010
      Container manages memory: true
      Size: 9830400
      Capacity: 9830400

     Weighting = 1
     Sampling strategy = regular
     Number of bins = 32
     Radius = 4
     Sampling percentage  = 0.25
   Transform = Rigid
     Gradient step = 0.1
     Update field sigma (voxel space) = 0
     Total field sigma (voxel space) = 0
     Update field time sigma = 0
     Total field time sigma  = 0
     Number of time indices = 0
     Number of time point samples = 0
Registration using 1 total stages.

Stage 0
  iterations = 1000x500x250x100
  convergence threshold = 1e-06
  convergence window size = 10
  number of levels = 4
  using the Mattes MI metric (number of bins = 32, weight = 1, use gradient filter = 0)
  preprocessing:  winsorizing the image intensities
  Shrink factors (level 1 out of 4): [8, 8, 8]
  Shrink factors (level 2 out of 4): [4, 4, 4]
  Shrink factors (level 3 out of 4): [2, 2, 2]
  Shrink factors (level 4 out of 4): [1, 1, 1]
  smoothing sigmas per level: [3, 2, 1, 0]
  regular sampling (percentage = 0.25)

*** Running Euler3DTransform registration ***

DIAGNOSTIC,Iteration,metricValue,convergenceValue,ITERATION_TIME_INDEX,SINCE_LAST
 2DIAGNOSTIC,     1, -3.791273390751e-01, 1.797693134862e+308, 7.3288e-01, 7.3288e-01, 
 2DIAGNOSTIC,     2, -3.803606001643e-01, 1.797693134862e+308, 7.3710e-01, 4.2169e-03, 
 2DIAGNOSTIC,     3, -3.828962034719e-01, 1.797693134862e+308, 7.4110e-01, 4.0019e-03, 
 2DIAGNOSTIC,     4, -3.876122532015e-01, 1.797693134862e+308, 7.4565e-01, 4.5509e-03, 
 2DIAGNOSTIC,     5, -3.904935334081e-01, 1.797693134862e+308, 7.5001e-01, 4.3590e-03, 
 2DIAGNOSTIC,     6, -3.911039700181e-01, 1.797693134862e+308, 7.5402e-01, 4.0040e-03, 
 2DIAGNOSTIC,     7, -3.914905453856e-01, 1.797693134862e+308, 7.5839e-01, 4.3709e-03, 
 2DIAGNOSTIC,     8, -3.925629083064e-01, 1.797693134862e+308, 7.6235e-01, 3.9668e-03, 
 2DIAGNOSTIC,     9, -3.981570789235e-01, 1.797693134862e+308, 7.6630e-01, 3.9449e-03, 
 2DIAGNOSTIC,    10, -4.079218556696e-01, 3.866687266231e-03, 7.7172e-01, 5.4221e-03, 
 2DIAGNOSTIC,    11, -4.246779602407e-01, 4.904320352958e-03, 7.7654e-01, 4.8161e-03, 
 2DIAGNOSTIC,    12, -4.297045200929e-01, 5.673254149499e-03, 7.8083e-01, 4.2930e-03, 
 2DIAGNOSTIC,    13, -4.335692915523e-01, 6.156954111721e-03, 7.8566e-01, 4.8330e-03, 
 2DIAGNOSTIC,    14, -4.439932007364e-01, 6.764094567456e-03, 7.8994e-01, 4.2741e-03, 
 2DIAGNOSTIC,    15, -4.466217675106e-01, 6.904768053717e-03, 7.9541e-01, 5.4750e-03, 
 2DIAGNOSTIC,    16, -4.513528166458e-01, 6.619270363424e-03, 7.9991e-01, 4.4999e-03, 
 2DIAGNOSTIC,    17, -4.528510990881e-01, 5.844785600984e-03, 8.0470e-01, 4.7860e-03, 
 2DIAGNOSTIC,    18, -4.555717391970e-01, 4.777374771503e-03, 8.1090e-01, 6.2001e-03, 
 2DIAGNOSTIC,    19, -4.559551091637e-01, 3.601534496697e-03, 8.1504e-01, 4.1420e-03, 
 2DIAGNOSTIC,    20, -4.573567109674e-01, 2.586718640515e-03, 8.2149e-01, 6.4502e-03, 
 2DIAGNOSTIC,    21, -4.575251290863e-01, 1.982983961404e-03, 8.2606e-01, 4.5722e-03, 
 2DIAGNOSTIC,    22, -4.577285046180e-01, 1.415654989899e-03, 8.3079e-01, 4.7321e-03, 
 2DIAGNOSTIC,    23, -4.579445990899e-01, 8.825941295746e-04, 8.3522e-01, 4.4260e-03, 
 2DIAGNOSTIC,    24, -4.580221397977e-01, 6.077410489593e-04, 8.3949e-01, 4.2739e-03, 
 2DIAGNOSTIC,    25, -4.581754983785e-01, 3.715330561656e-04, 8.4407e-01, 4.5750e-03, 
 2DIAGNOSTIC,    26, -4.586244768505e-01, 2.523946354515e-04, 8.4865e-01, 4.5850e-03, 
 2DIAGNOSTIC,    27, -4.589281331109e-01, 1.618196666098e-04, 8.5511e-01, 6.4511e-03, 
 2DIAGNOSTIC,    28, -4.591705443821e-01, 1.331933939768e-04, 8.5947e-01, 4.3681e-03, 
 2DIAGNOSTIC,    29, -4.592796539257e-01, 1.046917004512e-04, 8.6457e-01, 5.0998e-03, 
 2DIAGNOSTIC,    30, -4.596800548244e-01, 1.080570282039e-04, 8.7061e-01, 6.0380e-03, 
 2DIAGNOSTIC,    31, -4.599394428124e-01, 1.097937323896e-04, 8.7485e-01, 4.2360e-03, 
 2DIAGNOSTIC,    32, -4.599343112756e-01, 1.049692067782e-04, 8.7895e-01, 4.1010e-03, 
 2DIAGNOSTIC,    33, -4.600729286379e-01, 9.787697873410e-05, 8.8302e-01, 4.0731e-03, 
 2DIAGNOSTIC,    34, -4.601768991013e-01, 8.557410618549e-05, 8.8759e-01, 4.5710e-03, 
 2DIAGNOSTIC,    35, -4.602314075807e-01, 6.959124060272e-05, 8.9314e-01, 5.5480e-03, 
 2DIAGNOSTIC,    36, -4.602523533633e-01, 5.639314009007e-05, 8.9755e-01, 4.4091e-03, 
 2DIAGNOSTIC,    37, -4.604045749956e-01, 4.671563114138e-05, 9.0163e-01, 4.0820e-03, 
 2DIAGNOSTIC,    38, -4.610417557264e-01, 4.825694595917e-05, 9.0622e-01, 4.5931e-03, 
 2DIAGNOSTIC,    39, -4.612209742640e-01, 4.955410991910e-05, 9.1034e-01, 4.1189e-03, 
 2DIAGNOSTIC,    40, -4.612049473468e-01, 5.234642586307e-05, 9.1606e-01, 5.7209e-03, 
 2DIAGNOSTIC,    41, -4.615199294062e-01, 5.939476915406e-05, 9.2036e-01, 4.2961e-03, 
 2DIAGNOSTIC,    42, -4.616679291455e-01, 6.249976869779e-05, 9.2586e-01, 5.5020e-03, 
 2DIAGNOSTIC,    43, -4.620436758647e-01, 6.706634116209e-05, 9.3056e-01, 4.6940e-03, 
 2DIAGNOSTIC,    44, -4.631824633297e-01, 8.317812901165e-05, 9.3725e-01, 6.6931e-03, 
 2DIAGNOSTIC,    45, -4.644324132868e-01, 1.091063952034e-04, 9.4154e-01, 4.2930e-03, 
 2DIAGNOSTIC,    46, -4.645301123279e-01, 1.249343958279e-04, 9.4577e-01, 4.2300e-03, 
 2DIAGNOSTIC,    47, -4.648069625945e-01, 1.341699717992e-04, 9.5015e-01, 4.3731e-03, 
 2DIAGNOSTIC,    48, -4.661768045039e-01, 1.570951618039e-04, 9.5585e-01, 5.7011e-03, 
 2DIAGNOSTIC,    49, -4.666308054264e-01, 1.716569624257e-04, 9.5999e-01, 4.1442e-03, 
 2DIAGNOSTIC,    50, -4.669966207802e-01, 1.734710263802e-04, 9.6472e-01, 4.7340e-03, 
 2DIAGNOSTIC,    51, -4.679261425568e-01, 1.746244017698e-04, 9.6948e-01, 4.7541e-03, 
 2DIAGNOSTIC,    52, -4.689945763618e-01, 1.739829926199e-04, 9.7387e-01, 4.3900e-03, 
 2DIAGNOSTIC,    53, -4.915099326817e-01, 4.314403522827e-04, 9.7871e-01, 4.8392e-03, 
 2DIAGNOSTIC,    54, -4.952656429315e-01, 6.869352453457e-04, 9.8350e-01, 4.7970e-03, 
 2DIAGNOSTIC,    55, -4.972106723922e-01, 9.054251846727e-04, 9.8879e-01, 5.2850e-03, 
 2DIAGNOSTIC,    56, -4.969809806558e-01, 1.031005320640e-03, 9.9399e-01, 5.1980e-03, 
 2DIAGNOSTIC,    57, -4.991776137522e-01, 1.079769204626e-03, 9.9865e-01, 4.6659e-03, 
 2DIAGNOSTIC,    58, -5.001618102432e-01, 1.044092246817e-03, 1.0028e+00, 4.1749e-03, 
 2DIAGNOSTIC,    59, -5.003887684307e-01, 9.153506506279e-04, 1.0069e+00, 4.0860e-03, 
 2DIAGNOSTIC,    60, -5.005619669159e-01, 7.128409630851e-04, 1.0116e+00, 4.6680e-03, 
 2DIAGNOSTIC,    61, -5.014363170886e-01, 4.709597420063e-04, 1.0172e+00, 5.5699e-03, 
 2DIAGNOSTIC,    62, -5.017915831117e-01, 2.005646191152e-04, 1.0227e+00, 5.5840e-03, 
 2DIAGNOSTIC,    63, -5.018040147419e-01, 1.431420501476e-04, 1.0273e+00, 4.5559e-03, 
 2DIAGNOSTIC,    64, -5.019069517277e-01, 1.115412789763e-04, 1.0319e+00, 4.6482e-03, 
 2DIAGNOSTIC,    65, -5.019035744911e-01, 8.940705497739e-05, 1.0360e+00, 4.1049e-03, 
 2DIAGNOSTIC,    66, -5.018970817169e-01, 5.664275808550e-05, 1.0403e+00, 4.2880e-03, 
 2DIAGNOSTIC,    67, -5.019695579349e-01, 4.033830558830e-05, 1.0444e+00, 4.0751e-03, 
 2DIAGNOSTIC,    68, -5.020775496556e-01, 3.075530481722e-05, 1.0488e+00, 4.3631e-03, 
 2DIAGNOSTIC,    69, -5.021386244529e-01, 2.121975809368e-05, 1.0535e+00, 4.6899e-03, 
 2DIAGNOSTIC,    70, -5.024661081609e-01, 1.423908514691e-05, 1.0591e+00, 5.6648e-03, 
 2DIAGNOSTIC,    71, -5.024374474662e-01, 1.338319892702e-05, 1.0638e+00, 4.6840e-03, 
 2DIAGNOSTIC,    72, -5.023708480511e-01, 1.383060716096e-05, 1.0679e+00, 4.1320e-03, 
 2DIAGNOSTIC,    73, -5.023848078158e-01, 1.321397992380e-05, 1.0722e+00, 4.2431e-03, 
 2DIAGNOSTIC,    74, -5.024027140217e-01, 1.236789330370e-05, 1.0764e+00, 4.2131e-03, 
 2DIAGNOSTIC,    75, -5.027028296504e-01, 1.279919228679e-05, 1.0810e+00, 4.6329e-03, 
 2DIAGNOSTIC,    76, -5.028222214663e-01, 1.287362849087e-05, 1.0912e+00, 1.0216e-02, 
 2DIAGNOSTIC,    77, -5.028986267171e-01, 1.297264979029e-05, 1.0954e+00, 4.1771e-03, 
 2DIAGNOSTIC,    78, -5.028219822780e-01, 1.215325855604e-05, 1.0996e+00, 4.1571e-03, 
 2DIAGNOSTIC,    79, -5.028226155782e-01, 1.064891934698e-05, 1.1038e+00, 4.2350e-03, 
 2DIAGNOSTIC,    80, -5.028236680340e-01, 1.067491300098e-05, 1.1080e+00, 4.2181e-03, 
 2DIAGNOSTIC,    81, -5.028254847942e-01, 9.491315050080e-06, 1.1122e+00, 4.1599e-03, 
 2DIAGNOSTIC,    82, -5.028283640597e-01, 7.013194416910e-06, 1.1163e+00, 4.1499e-03, 
 2DIAGNOSTIC,    83, -5.028326461065e-01, 4.141252667487e-06, 1.1211e+00, 4.7281e-03, 
 2DIAGNOSTIC,    84, -5.028382606367e-01, 1.112430174276e-06, 1.1252e+00, 4.1690e-03, 
DIAGNOSTIC,Iteration,metricValue,convergenceValue,ITERATION_TIME_INDEX,SINCE_LAST
 2DIAGNOSTIC,     1, -4.050065202832e-01, 1.797693134862e+308, 1.7997e+00, 6.7443e-01, 
 2DIAGNOSTIC,     2, -4.054435975228e-01, 1.797693134862e+308, 1.8262e+00, 2.6506e-02, 
 2DIAGNOSTIC,     3, -4.060597025543e-01, 1.797693134862e+308, 1.8517e+00, 2.5519e-02, 
 2DIAGNOSTIC,     4, -4.065959260084e-01, 1.797693134862e+308, 1.8801e+00, 2.8407e-02, 
 2DIAGNOSTIC,     5, -4.068958398403e-01, 1.797693134862e+308, 1.9089e+00, 2.8752e-02, 
 2DIAGNOSTIC,     6, -4.071868878059e-01, 1.797693134862e+308, 1.9369e+00, 2.8073e-02, 
 2DIAGNOSTIC,     7, -4.086745802704e-01, 1.797693134862e+308, 1.9647e+00, 2.7779e-02, 
 2DIAGNOSTIC,     8, -4.113688592042e-01, 1.797693134862e+308, 2.0037e+00, 3.8971e-02, 
 2DIAGNOSTIC,     9, -4.124089657493e-01, 1.797693134862e+308, 2.0464e+00, 4.2705e-02, 
 2DIAGNOSTIC,    10, -4.126501174970e-01, 1.289402982869e-03, 2.0775e+00, 3.1127e-02, 
 2DIAGNOSTIC,    11, -4.133099349939e-01, 1.269762418458e-03, 2.1026e+00, 2.5080e-02, 
 2DIAGNOSTIC,    12, -4.140778405940e-01, 1.207107894826e-03, 2.1316e+00, 2.8986e-02, 
 2DIAGNOSTIC,    13, -4.145541647607e-01, 1.099925430308e-03, 2.1598e+00, 2.8203e-02, 
 2DIAGNOSTIC,    14, -4.147190668619e-01, 9.431805743746e-04, 2.1849e+00, 2.5103e-02, 
 2DIAGNOSTIC,    15, -4.151290451616e-01, 7.570826655418e-04, 2.2208e+00, 3.5884e-02, 
 2DIAGNOSTIC,    16, -4.154048537731e-01, 5.493901668134e-04, 2.2539e+00, 3.3155e-02, 
 2DIAGNOSTIC,    17, -4.158273806960e-01, 3.905592966943e-04, 2.2842e+00, 3.0261e-02, 
 2DIAGNOSTIC,    18, -4.162890776520e-01, 3.337215152186e-04, 2.3149e+00, 3.0681e-02, 
 2DIAGNOSTIC,    19, -4.164630959413e-01, 2.964678532497e-04, 2.3444e+00, 2.9484e-02, 
 2DIAGNOSTIC,    20, -4.167027917254e-01, 2.520922757583e-04, 2.3839e+00, 3.9552e-02, 
 2DIAGNOSTIC,    21, -4.166907902691e-01, 2.093408880135e-04, 2.4170e+00, 3.3063e-02, 
 2DIAGNOSTIC,    22, -4.167564647632e-01, 1.769734672153e-04, 2.4439e+00, 2.6905e-02, 
 2DIAGNOSTIC,    23, -4.168331851776e-01, 1.475044143485e-04, 2.4745e+00, 3.0596e-02, 
 2DIAGNOSTIC,    24, -4.172662152690e-01, 1.237328002179e-04, 2.5326e+00, 5.8102e-02, 
 2DIAGNOSTIC,    25, -4.172623681995e-01, 1.012966252933e-04, 2.5624e+00, 2.9808e-02, 
 2DIAGNOSTIC,    26, -4.172638715156e-01, 7.859322857083e-05, 2.5884e+00, 2.6002e-02, 
 2DIAGNOSTIC,    27, -4.172585849042e-01, 6.089507696866e-05, 2.6152e+00, 2.6869e-02, 
 2DIAGNOSTIC,    28, -4.172610587084e-01, 5.011285208777e-05, 2.6419e+00, 2.6675e-02, 
 2DIAGNOSTIC,    29, -4.172649584814e-01, 3.935287474727e-05, 2.6684e+00, 2.6496e-02, 
 2DIAGNOSTIC,    30, -4.172902497941e-01, 3.178700275354e-05, 2.6951e+00, 2.6658e-02, 
 2DIAGNOSTIC,    31, -4.173093424456e-01, 2.208524634528e-05, 2.7250e+00, 2.9963e-02, 
 2DIAGNOSTIC,    32, -4.173113585391e-01, 1.251518269373e-05, 2.7519e+00, 2.6862e-02, 
 2DIAGNOSTIC,    33, -4.173006091734e-01, 3.563567339590e-06, 2.7786e+00, 2.6728e-02, 
 2DIAGNOSTIC,    34, -4.173124599693e-01, 3.890345348936e-06, 2.8052e+00, 2.6601e-02, 
 2DIAGNOSTIC,    35, -4.173195955545e-01, 3.962896978352e-06, 2.8364e+00, 3.1160e-02, 
 2DIAGNOSTIC,    36, -4.173326189176e-01, 4.010654257477e-06, 2.8686e+00, 3.2185e-02, 
 2DIAGNOSTIC,    37, -4.173304717794e-01, 3.625331015722e-06, 2.8967e+00, 2.8151e-02, 
 2DIAGNOSTIC,    38, -4.173591904613e-01, 3.578212807335e-06, 2.9245e+00, 2.7777e-02, 
 2DIAGNOSTIC,    39, -4.173797865924e-01, 3.681087275831e-06, 2.9536e+00, 2.9084e-02, 
 2DIAGNOSTIC,    40, -4.174277804001e-01, 4.741940332134e-06, 2.9862e+00, 3.2594e-02, 
 2DIAGNOSTIC,    41, -4.175091099044e-01, 7.038905015012e-06, 3.0184e+00, 3.2220e-02, 
 2DIAGNOSTIC,    42, -4.175432007102e-01, 9.201795966692e-06, 3.0614e+00, 4.2957e-02, 
 2DIAGNOSTIC,    43, -4.175532820886e-01, 1.044963855840e-05, 3.0936e+00, 3.2206e-02, 
 2DIAGNOSTIC,    44, -4.175637664348e-01, 1.107199851220e-05, 3.1260e+00, 3.2407e-02, 
 2DIAGNOSTIC,    45, -4.175664295767e-01, 1.081514056061e-05, 3.1546e+00, 2.8645e-02, 
 2DIAGNOSTIC,    46, -4.175671218770e-01, 9.796360111187e-06, 3.1867e+00, 3.2034e-02, 
 2DIAGNOSTIC,    47, -4.175893644705e-01, 8.235248413230e-06, 3.2150e+00, 2.8313e-02, 
 2DIAGNOSTIC,    48, -4.175881720736e-01, 6.414509479698e-06, 3.2474e+00, 3.2479e-02, 
 2DIAGNOSTIC,    49, -4.176031347587e-01, 4.618266217463e-06, 3.2794e+00, 3.1934e-02, 
 2DIAGNOSTIC,    50, -4.176454534140e-01, 3.724589562968e-06, 3.3115e+00, 3.2169e-02, 
 2DIAGNOSTIC,    51, -4.178112473430e-01, 5.862815868844e-06, 3.3509e+00, 3.9337e-02, 
 2DIAGNOSTIC,    52, -4.178135694399e-01, 7.836456146638e-06, 3.4447e+00, 9.3832e-02, 
 2DIAGNOSTIC,    53, -4.178135694341e-01, 9.201399378909e-06, 3.5393e+00, 9.4574e-02, 
 2DIAGNOSTIC,    54, -4.178135694341e-01, 9.856222669771e-06, 3.5682e+00, 2.8925e-02, 
 2DIAGNOSTIC,    55, -4.178135694341e-01, 9.616644645393e-06, 3.6078e+00, 3.9614e-02, 
 2DIAGNOSTIC,    56, -4.178135694341e-01, 8.485059508099e-06, 3.6402e+00, 3.2347e-02, 
 2DIAGNOSTIC,    57, -4.178135694341e-01, 6.902851869814e-06, 3.6759e+00, 3.5754e-02, 
 2DIAGNOSTIC,    58, -4.178135694341e-01, 4.784646870586e-06, 3.7081e+00, 3.2141e-02, 
 2DIAGNOSTIC,    59, -4.178135694341e-01, 2.514646736725e-06, 3.7440e+00, 3.5936e-02, 
DIAGNOSTIC,Iteration,metricValue,convergenceValue,ITERATION_TIME_INDEX,SINCE_LAST
 2DIAGNOSTIC,     1, -3.571632174873e-01, 1.797693134862e+308, 4.8109e+00, 1.0669e+00, 
 2DIAGNOSTIC,     2, -3.573499707509e-01, 1.797693134862e+308, 5.0172e+00, 2.0632e-01, 
 2DIAGNOSTIC,     3, -3.576132979132e-01, 1.797693134862e+308, 5.2124e+00, 1.9523e-01, 
 2DIAGNOSTIC,     4, -3.580578787869e-01, 1.797693134862e+308, 5.4013e+00, 1.8884e-01, 
 2DIAGNOSTIC,     5, -3.586798969789e-01, 1.797693134862e+308, 5.6597e+00, 2.5844e-01, 
 2DIAGNOSTIC,     6, -3.587098596193e-01, 1.797693134862e+308, 5.8550e+00, 1.9524e-01, 
 2DIAGNOSTIC,     7, -3.587378080519e-01, 1.797693134862e+308, 6.0474e+00, 1.9247e-01, 
 2DIAGNOSTIC,     8, -3.589038246465e-01, 1.797693134862e+308, 6.2741e+00, 2.2665e-01, 
 2DIAGNOSTIC,     9, -3.590344623315e-01, 1.797693134862e+308, 6.6638e+00, 3.8968e-01, 
 2DIAGNOSTIC,    10, -3.590392873690e-01, 3.661390577624e-04, 6.9241e+00, 2.6039e-01, 
 2DIAGNOSTIC,    11, -3.590386607078e-01, 2.717472097309e-04, 7.2578e+00, 3.3364e-01, 
 2DIAGNOSTIC,    12, -3.590390355810e-01, 1.819664494216e-04, 7.4730e+00, 2.1521e-01, 
 2DIAGNOSTIC,    13, -3.590375914783e-01, 1.053078850706e-04, 7.7286e+00, 2.5556e-01, 
 2DIAGNOSTIC,    14, -3.590358461974e-01, 5.422591924542e-05, 7.9194e+00, 1.9085e-01, 
 2DIAGNOSTIC,    15, -3.590329598167e-01, 3.802519007906e-05, 8.1412e+00, 2.2181e-01, 
 2DIAGNOSTIC,    16, -3.590332382320e-01, 2.222449527349e-05, 8.4158e+00, 2.7458e-01, 
 2DIAGNOSTIC,    17, -3.590326561620e-01, 7.549878853687e-06, 8.6484e+00, 2.3259e-01, 
 2DIAGNOSTIC,    18, -3.590320737088e-01, 1.103782946300e-06, 8.8487e+00, 2.0034e-01, 
DIAGNOSTIC,Iteration,metricValue,convergenceValue,ITERATION_TIME_INDEX,SINCE_LAST
 2DIAGNOSTIC,     1, -3.303645535676e-01, 1.797693134862e+308, 1.1201e+01, 2.3527e+00, 
 2DIAGNOSTIC,     2, -3.306268184168e-01, 1.797693134862e+308, 1.2510e+01, 1.3082e+00, 
 2DIAGNOSTIC,     3, -3.307885943512e-01, 1.797693134862e+308, 1.3777e+01, 1.2677e+00, 
 2DIAGNOSTIC,     4, -3.309176816771e-01, 1.797693134862e+308, 1.5226e+01, 1.4485e+00, 
 2DIAGNOSTIC,     5, -3.310459823074e-01, 1.797693134862e+308, 1.6826e+01, 1.6007e+00, 
 2DIAGNOSTIC,     6, -3.313449212446e-01, 1.797693134862e+308, 1.8598e+01, 1.7719e+00, 
 2DIAGNOSTIC,     7, -3.314867827102e-01, 1.797693134862e+308, 2.0008e+01, 1.4096e+00, 
 2DIAGNOSTIC,     8, -3.316213976664e-01, 1.797693134862e+308, 2.1261e+01, 1.2532e+00, 
 2DIAGNOSTIC,     9, -3.316739691659e-01, 1.797693134862e+308, 2.3467e+01, 2.2058e+00, 
 2DIAGNOSTIC,    10, -3.316871902654e-01, 2.724310706289e-04, 2.5078e+01, 1.6111e+00, 
 2DIAGNOSTIC,    11, -3.316863337531e-01, 2.109926506925e-04, 2.7464e+01, 2.3857e+00, 
 2DIAGNOSTIC,    12, -3.316868789788e-01, 1.596580819672e-04, 2.9016e+01, 1.5517e+00, 
 2DIAGNOSTIC,    13, -3.316870340419e-01, 1.127367375056e-04, 3.1046e+01, 2.0306e+00, 
 2DIAGNOSTIC,    14, -3.316869783751e-01, 7.046426004047e-05, 3.2507e+01, 1.4607e+00, 
 2DIAGNOSTIC,    15, -3.316869209415e-01, 3.465285705316e-05, 3.3920e+01, 1.4132e+00, 
 2DIAGNOSTIC,    16, -3.316867178154e-01, 1.626709588098e-05, 3.5170e+01, 1.2503e+00, 
 2DIAGNOSTIC,    17, -3.316865910074e-01, 5.730777613802e-06, 3.6587e+01, 1.4170e+00, 
 2DIAGNOSTIC,    18, -3.316866112760e-01, 2.359542271735e-06, 3.7841e+01, 1.2538e+00, 
 2DIAGNOSTIC,    19, -3.316865043874e-01, 1.639384382933e-06, 3.9258e+01, 1.4166e+00, 
 2DIAGNOSTIC,    20, -3.316864638721e-01, 1.561397653831e-06, 4.0766e+01, 1.5085e+00, 
 2DIAGNOSTIC,    21, -3.316863658018e-01, 1.454270876472e-06, 4.2202e+01, 1.4357e+00, 
 2DIAGNOSTIC,    22, -3.316863231560e-01, 1.382130736444e-06, 4.3614e+01, 1.4117e+00, 
 2DIAGNOSTIC,    23, -3.316862863285e-01, 1.326648184384e-06, 4.4853e+01, 1.2389e+00, 
 2DIAGNOSTIC,    24, -3.316862016946e-01, 1.276082861545e-06, 4.6674e+01, 1.8219e+00, 
 2DIAGNOSTIC,    25, -3.316862244417e-01, 1.233343307067e-06, 4.8319e+01, 1.6446e+00, 
 2DIAGNOSTIC,    26, -3.316862514802e-01, 1.191896674919e-06, 5.0094e+01, 1.7746e+00, 
 2DIAGNOSTIC,    27, -3.316861211557e-01, 1.148299662752e-06, 5.1677e+01, 1.5831e+00, 
 2DIAGNOSTIC,    28, -3.316860613419e-01, 1.109687595771e-06, 5.3123e+01, 1.4467e+00, 
 2DIAGNOSTIC,    29, -3.316860002386e-01, 1.071366020254e-06, 5.4486e+01, 1.3630e+00, 
 2DIAGNOSTIC,    30, -3.316860869554e-01, 1.039404029103e-06, 5.5779e+01, 1.2928e+00, 
 2DIAGNOSTIC,    31, -3.316861147693e-01, 1.009462593363e-06, 5.7251e+01, 1.4714e+00, 
  Elapsed time (stage 0): 5.8060e+01


Total elapsed time: 5.8062e+01
Info [verificarlo]: loaded backend libinterflop_ieee.so
Info [interflop-ieee]: load backend with:
Info [interflop-ieee]: debug = false
Info [interflop-ieee]: debug-binary = false
Info [interflop-ieee]: no-backend-name = false
Info [interflop-ieee]: print-new-line = false
Info [interflop-ieee]: print-subnormal-normalized = false
Info [interflop-ieee]: count-op = false
All_Command_lines_OK
Using double precision for computations.
=============================================================================
The composite transform comprises the following transforms (in order): 
  1. /home/mdugre/scratch/mri-registration-rp/datasets/ds004513/derivatives/mri-registration-rp/0001/antsRegistration-r8-p7/sub-s020/rigid_Composite.h5[0] (type = Euler3DTransform)
  2. /home/mdugre/scratch/mri-registration-rp/datasets/ds004513/derivatives/mri-registration-rp/0001/antsRegistration-r8-p7/sub-s020/rigid_Composite.h5[1] (type = Euler3DTransform)
  3. /home/mdugre/scratch/mri-registration-rp/datasets/ds004513/derivatives/mri-registration-rp/0001/antsRegistration-r8-p7/sub-s020/rigid_Composite.h5[2] (type = Euler3DTransform)
=============================================================================
  number of levels = 4
  fixed image: /templateflow/tpl-MNI152NLin2009cAsym/tpl-MNI152NLin2009cAsym_res-01_desc-brain_T1w.nii.gz
  moving image: /home/mdugre/scratch/mri-registration-rp/datasets/ds004513/derivatives/mri-registration-rp/antsBrainExtraction/sub-s020/BrainExtractionBrain.nii.gz
Dimension = 3
Number of stages = 1
Use histogram matching = false
Winsorize image intensities = true
  Lower quantile = 0.005
  Upper quantile = 0.995


Stage 1 State
   Image metric = MattesMI
     Fixed image = Image (0x3fa7530)
  RTTI typeinfo:   itk::Image<double, 3u>
  Reference Count: 2
  Modified Time: 1594
  Debug: Off
  Object Name: 
  Observers: 
    none
  Source: (none)
  Source output name: (none)
  Release Data: Off
  Data Released: False
  Global Release Data: Off
  PipelineMTime: 0
  UpdateMTime: 1203
  RealTimeStamp: 0 seconds 
  LargestPossibleRegion: 
    Dimension: 3
    Index: [0, 0, 0]
    Size: [193, 229, 193]
  BufferedRegion: 
    Dimension: 3
    Index: [0, 0, 0]
    Size: [193, 229, 193]
  RequestedRegion: 
    Dimension: 3
    Index: [0, 0, 0]
    Size: [193, 229, 193]
  Spacing: [1, 1, 1]
  Origin: [96, 132, -78]
  Direction: 
-1 0 0
0 -1 0
0 0 1

  IndexToPointMatrix: 
-1 0 0
0 -1 0
0 0 1

  PointToIndexMatrix: 
-1 0 0
0 -1 0
0 0 1

  Inverse Direction: 
-1 0 0
0 -1 0
0 0 1

  PixelContainer: 
    ImportImageContainer (0x40602a0)
      RTTI typeinfo:   itk::ImportImageContainer<unsigned long, double>
      Reference Count: 1
      Modified Time: 1200
      Debug: Off
      Object Name: 
      Observers: 
        none
      Pointer: 0x152bb9cf2010
      Container manages memory: true
      Size: 8530021
      Capacity: 8530021

     Moving image = Image (0x4062e60)
  RTTI typeinfo:   itk::Image<double, 3u>
  Reference Count: 2
  Modified Time: 1595
  Debug: Off
  Object Name: 
  Observers: 
    none
  Source: (none)
  Source output name: (none)
  Release Data: Off
  Data Released: False
  Global Release Data: Off
  PipelineMTime: 0
  UpdateMTime: 1592
  RealTimeStamp: 0 seconds 
  LargestPossibleRegion: 
    Dimension: 3
    Index: [0, 0, 0]
    Size: [160, 240, 256]
  BufferedRegion: 
    Dimension: 3
    Index: [0, 0, 0]
    Size: [160, 240, 256]
  RequestedRegion: 
    Dimension: 3
    Index: [0, 0, 0]
    Size: [160, 240, 256]
  Spacing: [0.999995, 1, 1]
  Origin: [87.0906, 98.7205, -152.377]
  Direction: 
-0.996975 0.0261379 -0.0731913
-0.0260677 -0.999658 -0.00191374
-0.0732163 -2.46403e-08 0.997316

  IndexToPointMatrix: 
-0.996971 0.0261379 -0.0731913
-0.0260676 -0.999658 -0.00191374
-0.0732159 -2.46403e-08 0.997316

  PointToIndexMatrix: 
-0.99698 -0.0260679 -0.0732166
0.0261379 -0.999658 -2.46993e-08
-0.0731913 -0.00191374 0.997316

  Inverse Direction: 
-0.996975 -0.0260677 -0.0732163
0.0261379 -0.999658 -2.46993e-08
-0.0731913 -0.00191374 0.997316

  PixelContainer: 
    ImportImageContainer (0x4096390)
      RTTI typeinfo:   itk::ImportImageContainer<unsigned long, double>
      Reference Count: 1
      Modified Time: 1589
      Debug: Off
      Object Name: 
      Observers: 
        none
      Pointer: 0x152bb51f1010
      Container manages memory: true
      Size: 9830400
      Capacity: 9830400

     Weighting = 1
     Sampling strategy = regular
     Number of bins = 32
     Radius = 4
     Sampling percentage  = 0.25
   Transform = Affine
     Gradient step = 0.1
     Update field sigma (voxel space) = 0
     Total field sigma (voxel space) = 0
     Update field time sigma = 0
     Total field time sigma  = 0
     Number of time indices = 0
     Number of time point samples = 0
Registration using 1 total stages.

Stage 0
  iterations = 1000x500x250x100
  convergence threshold = 1e-06
  convergence window size = 10
  number of levels = 4
  using the Mattes MI metric (number of bins = 32, weight = 1, use gradient filter = 0)
  preprocessing:  winsorizing the image intensities
  Shrink factors (level 1 out of 4): [8, 8, 8]
  Shrink factors (level 2 out of 4): [4, 4, 4]
  Shrink factors (level 3 out of 4): [2, 2, 2]
  Shrink factors (level 4 out of 4): [1, 1, 1]
  smoothing sigmas per level: [3, 2, 1, 0]
  regular sampling (percentage = 0.25)

*** Running AffineTransform registration ***

DIAGNOSTIC,Iteration,metricValue,convergenceValue,ITERATION_TIME_INDEX,SINCE_LAST
 2DIAGNOSTIC,     1, -5.038081090722e-01, 1.797693134862e+308, 7.8733e-01, 7.8733e-01, 
 2DIAGNOSTIC,     2, -5.054736592077e-01, 1.797693134862e+308, 7.9173e-01, 4.3988e-03, 
 2DIAGNOSTIC,     3, -5.084703702791e-01, 1.797693134862e+308, 7.9618e-01, 4.4460e-03, 
 2DIAGNOSTIC,     4, -5.133636894974e-01, 1.797693134862e+308, 8.0026e-01, 4.0882e-03, 
 2DIAGNOSTIC,     5, -5.217851781617e-01, 1.797693134862e+308, 8.0421e-01, 3.9470e-03, 
 2DIAGNOSTIC,     6, -5.356899035113e-01, 1.797693134862e+308, 8.0836e-01, 4.1449e-03, 
 2DIAGNOSTIC,     7, -5.597966988014e-01, 1.797693134862e+308, 8.1260e-01, 4.2491e-03, 
 2DIAGNOSTIC,     8, -6.556335744608e-01, 1.797693134862e+308, 8.1721e-01, 4.6041e-03, 
 2DIAGNOSTIC,     9, -7.047110838332e-01, 1.797693134862e+308, 8.2134e-01, 4.1339e-03, 
 2DIAGNOSTIC,    10, -7.437618001870e-01, 2.674739714220e-02, 8.2725e-01, 5.9042e-03, 
 2DIAGNOSTIC,    11, -7.591971226799e-01, 2.881326623834e-02, 8.3236e-01, 5.1110e-03, 
 2DIAGNOSTIC,    12, -7.776460928127e-01, 2.864214212945e-02, 8.3779e-01, 5.4300e-03, 
 2DIAGNOSTIC,    13, -8.106712351150e-01, 2.708127833922e-02, 8.4234e-01, 4.5550e-03, 
 2DIAGNOSTIC,    14, -8.216292509639e-01, 2.382558741383e-02, 8.4787e-01, 5.5280e-03, 
 2DIAGNOSTIC,    15, -8.348979530932e-01, 1.961861950906e-02, 8.5271e-01, 4.8440e-03, 
 2DIAGNOSTIC,    16, -8.387020027044e-01, 1.480623832578e-02, 8.5757e-01, 4.8599e-03, 
 2DIAGNOSTIC,    17, -8.396710588404e-01, 9.936155078173e-03, 8.6207e-01, 4.4949e-03, 
 2DIAGNOSTIC,    18, -8.437146535349e-01, 7.111595803268e-03, 8.6775e-01, 5.6779e-03, 
 2DIAGNOSTIC,    19, -8.445835532570e-01, 5.058592188058e-03, 8.7290e-01, 5.1570e-03, 
 2DIAGNOSTIC,    20, -8.471380263628e-01, 3.636664070593e-03, 8.7814e-01, 5.2378e-03, 
 2DIAGNOSTIC,    21, -8.497153894450e-01, 2.385920276825e-03, 8.8525e-01, 7.1070e-03, 
 2DIAGNOSTIC,    22, -8.501647394536e-01, 1.380783945917e-03, 8.9071e-01, 5.4610e-03, 
 2DIAGNOSTIC,    23, -8.499984903098e-01, 9.145995130394e-04, 8.9680e-01, 6.0871e-03, 
 2DIAGNOSTIC,    24, -8.498866510995e-01, 5.815664317410e-04, 9.0230e-01, 5.5051e-03, 
 2DIAGNOSTIC,    25, -8.497352942158e-01, 4.289016363072e-04, 9.0779e-01, 5.4920e-03, 
 2DIAGNOSTIC,    26, -8.497420722457e-01, 3.064047302245e-04, 9.1268e-01, 4.8909e-03, 
 2DIAGNOSTIC,    27, -8.496558840224e-01, 1.771939544352e-04, 9.1806e-01, 5.3771e-03, 
 2DIAGNOSTIC,    28, -8.496334196666e-01, 9.776416456497e-05, 9.2255e-01, 4.4930e-03, 
 2DIAGNOSTIC,    29, -8.497685071900e-01, 2.829036577481e-05, 9.2711e-01, 4.5590e-03, 
DIAGNOSTIC,Iteration,metricValue,convergenceValue,ITERATION_TIME_INDEX,SINCE_LAST
 2DIAGNOSTIC,     1, -7.133692511953e-01, 1.797693134862e+308, 1.6299e+00, 7.0277e-01, 
 2DIAGNOSTIC,     2, -7.138235965013e-01, 1.797693134862e+308, 1.6645e+00, 3.4611e-02, 
 2DIAGNOSTIC,     3, -7.142073737050e-01, 1.797693134862e+308, 1.7054e+00, 4.0859e-02, 
 2DIAGNOSTIC,     4, -7.144147658639e-01, 1.797693134862e+308, 1.7440e+00, 3.8669e-02, 
 2DIAGNOSTIC,     5, -7.144250414137e-01, 1.797693134862e+308, 1.7860e+00, 4.2002e-02, 
 2DIAGNOSTIC,     6, -7.144193615786e-01, 1.797693134862e+308, 1.8281e+00, 4.2081e-02, 
 2DIAGNOSTIC,     7, -7.144228494903e-01, 1.797693134862e+308, 1.8666e+00, 3.8475e-02, 
 2DIAGNOSTIC,     8, -7.144234957296e-01, 1.797693134862e+308, 1.9088e+00, 4.2245e-02, 
 2DIAGNOSTIC,     9, -7.144247643435e-01, 1.797693134862e+308, 1.9471e+00, 3.8295e-02, 
 2DIAGNOSTIC,    10, -7.144189523745e-01, 7.200027136785e-05, 1.9819e+00, 3.4742e-02, 
 2DIAGNOSTIC,    11, -7.144398425902e-01, 3.211872295426e-05, 2.0216e+00, 3.9691e-02, 
 2DIAGNOSTIC,    12, -7.144642366389e-01, 1.184023627927e-05, 2.0563e+00, 3.4751e-02, 
 2DIAGNOSTIC,    13, -7.144916993045e-01, 6.240997004678e-06, 2.0950e+00, 3.8663e-02, 
 2DIAGNOSTIC,    14, -7.145609185876e-01, 8.945514825651e-06, 2.1298e+00, 3.4806e-02, 
 2DIAGNOSTIC,    15, -7.146251538825e-01, 1.262930077893e-05, 2.1722e+00, 4.2436e-02, 
 2DIAGNOSTIC,    16, -7.146550240789e-01, 1.546421487986e-05, 2.2105e+00, 3.8296e-02, 
 2DIAGNOSTIC,    17, -7.146919450684e-01, 1.767887415510e-05, 2.2450e+00, 3.4461e-02, 
 2DIAGNOSTIC,    18, -7.146936635033e-01, 1.823429211829e-05, 2.2837e+00, 3.8757e-02, 
 2DIAGNOSTIC,    19, -7.147363595654e-01, 1.812971832032e-05, 2.3187e+00, 3.5021e-02, 
 2DIAGNOSTIC,    20, -7.147907745141e-01, 1.743520804180e-05, 2.3532e+00, 3.4411e-02, 
 2DIAGNOSTIC,    21, -7.148405511904e-01, 1.664793420204e-05, 2.3918e+00, 3.8633e-02, 
 2DIAGNOSTIC,    22, -7.148940498520e-01, 1.593281678767e-05, 2.4322e+00, 4.0404e-02, 
 2DIAGNOSTIC,    23, -7.150255246156e-01, 1.665423258345e-05, 2.4736e+00, 4.1382e-02, 
 2DIAGNOSTIC,    24, -7.152292770938e-01, 2.033965023705e-05, 2.5123e+00, 3.8696e-02, 
 2DIAGNOSTIC,    25, -7.154008318577e-01, 2.561579654187e-05, 2.5513e+00, 3.9030e-02, 
 2DIAGNOSTIC,    26, -7.156048056989e-01, 3.174392299366e-05, 2.5965e+00, 4.5196e-02, 
 2DIAGNOSTIC,    27, -7.156395241522e-01, 3.558813812131e-05, 2.6322e+00, 3.5654e-02, 
 2DIAGNOSTIC,    28, -7.157048606903e-01, 3.688300263526e-05, 2.6670e+00, 3.4826e-02, 
 2DIAGNOSTIC,    29, -7.158503783224e-01, 3.725497772701e-05, 2.7018e+00, 3.4799e-02, 
 2DIAGNOSTIC,    30, -7.160550867882e-01, 3.753974422320e-05, 2.7360e+00, 3.4251e-02, 
 2DIAGNOSTIC,    31, -7.161834371970e-01, 3.658797974122e-05, 2.7709e+00, 3.4831e-02, 
 2DIAGNOSTIC,    32, -7.163665156760e-01, 3.527842603784e-05, 2.8294e+00, 5.8558e-02, 
 2DIAGNOSTIC,    33, -7.163032810839e-01, 3.158798277103e-05, 2.8681e+00, 3.8689e-02, 
 2DIAGNOSTIC,    34, -7.162795458478e-01, 2.732145246729e-05, 2.9027e+00, 3.4594e-02, 
 2DIAGNOSTIC,    35, -7.162820544902e-01, 2.270163350906e-05, 2.9375e+00, 3.4784e-02, 
 2DIAGNOSTIC,    36, -7.162855448467e-01, 1.852599640689e-05, 2.9800e+00, 4.2502e-02, 
 2DIAGNOSTIC,    37, -7.163003915684e-01, 1.342396877587e-05, 3.0185e+00, 3.8559e-02, 
 2DIAGNOSTIC,    38, -7.162891990786e-01, 7.966185052215e-06, 3.0573e+00, 3.8798e-02, 
 2DIAGNOSTIC,    39, -7.162908428669e-01, 3.607573305340e-06, 3.0919e+00, 3.4515e-02, 
 2DIAGNOSTIC,    40, -7.162801957010e-01, 1.105258658363e-06, 3.1277e+00, 3.5803e-02, 
