
##########################
# Experiment information #
##########################

EXPERIMENT_NAME: antsRegistration-r7-p18
VFC_BACKENDS: libinterflop_vprec.so --range-binary32=7 --precision-binary32=18 --range-binary64=7 --precision-binary64=18

SIF_IMG: /home/mdugre/projects/rrg-glatard/mdugre/containers/ants-vprec-no_metrics.simg

SUBJECT_ID: s037
INPUT_IMG: /home/mdugre/scratch/mri-registration-rp/datasets/ds004513/derivatives/mri-registration-rp/antsBrainExtraction/sub-s037/BrainExtractionBrain.nii.gz
OUTPUT_DIR: /home/mdugre/scratch/mri-registration-rp/datasets/ds004513/derivatives/mri-registration-rp/0001/antsRegistration-r7-p18/sub-s037

FIXED_IMG: /templateflow/tpl-MNI152NLin2009cAsym/tpl-MNI152NLin2009cAsym_res-01_desc-brain_T1w.nii.gz
DATA_DIR: /home/mdugre/scratch/mri-registration-rp/datasets/ds004513
TEMPLATEFLOW_DIR: /home/mdugre/projects/rrg-glatard/mdugre/templateflow
ITK_GLOBAL_DEFAULT_NUMBER_OF_THREADS: 16
##########################

Info [verificarlo]: loaded backend libinterflop_ieee.so
Info [interflop-ieee]: load backend with:
Info [interflop-ieee]: debug = false
Info [interflop-ieee]: debug-binary = false
Info [interflop-ieee]: no-backend-name = false
Info [interflop-ieee]: print-new-line = false
Info [interflop-ieee]: print-subnormal-normalized = false
Info [interflop-ieee]: count-op = false
All_Command_lines_OK
Using double precision for computations.
=============================================================================
The composite transform comprises the following transforms (in order): 
  1. Center of mass alignment using fixed image: /templateflow/tpl-MNI152NLin2009cAsym/tpl-MNI152NLin2009cAsym_res-01_desc-brain_T1w.nii.gz and moving image: /home/mdugre/scratch/mri-registration-rp/datasets/ds004513/derivatives/mri-registration-rp/antsBrainExtraction/sub-s037/BrainExtractionBrain.nii.gz (type = Euler3DTransform)
=============================================================================
  number of levels = 1
  fixed image: /templateflow/tpl-MNI152NLin2009cAsym/tpl-MNI152NLin2009cAsym_res-01_desc-brain_T1w.nii.gz
  moving image: /home/mdugre/scratch/mri-registration-rp/datasets/ds004513/derivatives/mri-registration-rp/antsBrainExtraction/sub-s037/BrainExtractionBrain.nii.gz
Dimension = 3
Number of stages = 1
Use histogram matching = false
Winsorize image intensities = true
  Lower quantile = 0.005
  Upper quantile = 0.995


Stage 1 State
   Image metric = MattesMI
     Fixed image = Image (0x497de70)
  RTTI typeinfo:   itk::Image<double, 3u>
  Reference Count: 2
  Modified Time: 2330
  Debug: Off
  Object Name: 
  Observers: 
    none
  Source: (none)
  Source output name: (none)
  Release Data: Off
  Data Released: False
  Global Release Data: Off
  PipelineMTime: 0
  UpdateMTime: 1941
  RealTimeStamp: 0 seconds 
  LargestPossibleRegion: 
    Dimension: 3
    Index: [0, 0, 0]
    Size: [193, 229, 193]
  BufferedRegion: 
    Dimension: 3
    Index: [0, 0, 0]
    Size: [193, 229, 193]
  RequestedRegion: 
    Dimension: 3
    Index: [0, 0, 0]
    Size: [193, 229, 193]
  Spacing: [1, 1, 1]
  Origin: [96, 132, -78]
  Direction: 
-1 0 0
0 -1 0
0 0 1

  IndexToPointMatrix: 
-1 0 0
0 -1 0
0 0 1

  PointToIndexMatrix: 
-1 0 0
0 -1 0
0 0 1

  Inverse Direction: 
-1 0 0
0 -1 0
0 0 1

  PixelContainer: 
    ImportImageContainer (0x4986c60)
      RTTI typeinfo:   itk::ImportImageContainer<unsigned long, double>
      Reference Count: 1
      Modified Time: 1938
      Debug: Off
      Object Name: 
      Observers: 
        none
      Pointer: 0x14c472bf7010
      Container manages memory: true
      Size: 8530021
      Capacity: 8530021

     Moving image = Image (0x4a1aec0)
  RTTI typeinfo:   itk::Image<double, 3u>
  Reference Count: 2
  Modified Time: 2331
  Debug: Off
  Object Name: 
  Observers: 
    none
  Source: (none)
  Source output name: (none)
  Release Data: Off
  Data Released: False
  Global Release Data: Off
  PipelineMTime: 0
  UpdateMTime: 2328
  RealTimeStamp: 0 seconds 
  LargestPossibleRegion: 
    Dimension: 3
    Index: [0, 0, 0]
    Size: [160, 240, 256]
  BufferedRegion: 
    Dimension: 3
    Index: [0, 0, 0]
    Size: [160, 240, 256]
  RequestedRegion: 
    Dimension: 3
    Index: [0, 0, 0]
    Size: [160, 240, 256]
  Spacing: [1, 1, 1]
  Origin: [87.9508, 102.562, -147.639]
  Direction: 
-0.998659 -0.0436121 -0.0279129
0.043595 -0.999049 0.00121847
-0.0279395 -2.65543e-08 0.99961

  IndexToPointMatrix: 
-0.998659 -0.0436121 -0.0279129
0.043595 -0.999049 0.00121847
-0.0279395 -2.65543e-08 0.99961

  PointToIndexMatrix: 
-0.998659 0.043595 -0.0279395
-0.0436121 -0.999049 -2.65517e-08
-0.0279129 0.00121847 0.99961

  Inverse Direction: 
-0.998659 0.043595 -0.0279395
-0.0436121 -0.999049 -2.65517e-08
-0.0279129 0.00121847 0.99961

  PixelContainer: 
    ImportImageContainer (0x4ab2610)
      RTTI typeinfo:   itk::ImportImageContainer<unsigned long, double>
      Reference Count: 1
      Modified Time: 2325
      Debug: Off
      Object Name: 
      Observers: 
        none
      Pointer: 0x14c46e0f6010
      Container manages memory: true
      Size: 9830400
      Capacity: 9830400

     Weighting = 1
     Sampling strategy = regular
     Number of bins = 32
     Radius = 4
     Sampling percentage  = 0.25
   Transform = Rigid
     Gradient step = 0.1
     Update field sigma (voxel space) = 0
     Total field sigma (voxel space) = 0
     Update field time sigma = 0
     Total field time sigma  = 0
     Number of time indices = 0
     Number of time point samples = 0
Registration using 1 total stages.

Stage 0
  iterations = 0
  convergence threshold = 1e-06
  convergence window size = 10
  number of levels = 1
  using the Mattes MI metric (number of bins = 32, weight = 1, use gradient filter = 0)
  preprocessing:  winsorizing the image intensities
  Shrink factors (level 1 out of 1): [1, 1, 1]
  smoothing sigmas per level: [0]
  regular sampling (percentage = 0.25)

*** Running Euler3DTransform registration ***

  Elapsed time (stage 0): 1.20843


Total elapsed time: 1.21064
Info [verificarlo]: loaded backend libinterflop_ieee.so
Info [interflop-ieee]: load backend with:
Info [interflop-ieee]: debug = false
Info [interflop-ieee]: debug-binary = false
Info [interflop-ieee]: no-backend-name = false
Info [interflop-ieee]: print-new-line = false
Info [interflop-ieee]: print-subnormal-normalized = false
Info [interflop-ieee]: count-op = false
All_Command_lines_OK
Using double precision for computations.
=============================================================================
The composite transform comprises the following transforms (in order): 
  1. /home/mdugre/scratch/mri-registration-rp/datasets/ds004513/derivatives/mri-registration-rp/0001/antsRegistration-r7-p18/sub-s037/align_Composite.h5[0] (type = Euler3DTransform)
  2. /home/mdugre/scratch/mri-registration-rp/datasets/ds004513/derivatives/mri-registration-rp/0001/antsRegistration-r7-p18/sub-s037/align_Composite.h5[1] (type = Euler3DTransform)
=============================================================================
  number of levels = 4
  fixed image: /templateflow/tpl-MNI152NLin2009cAsym/tpl-MNI152NLin2009cAsym_res-01_desc-brain_T1w.nii.gz
  moving image: /home/mdugre/scratch/mri-registration-rp/datasets/ds004513/derivatives/mri-registration-rp/antsBrainExtraction/sub-s037/BrainExtractionBrain.nii.gz
Dimension = 3
Number of stages = 1
Use histogram matching = false
Winsorize image intensities = true
  Lower quantile = 0.005
  Upper quantile = 0.995


Stage 1 State
   Image metric = MattesMI
     Fixed image = Image (0x4b2d530)
  RTTI typeinfo:   itk::Image<double, 3u>
  Reference Count: 2
  Modified Time: 1578
  Debug: Off
  Object Name: 
  Observers: 
    none
  Source: (none)
  Source output name: (none)
  Release Data: Off
  Data Released: False
  Global Release Data: Off
  PipelineMTime: 0
  UpdateMTime: 1189
  RealTimeStamp: 0 seconds 
  LargestPossibleRegion: 
    Dimension: 3
    Index: [0, 0, 0]
    Size: [193, 229, 193]
  BufferedRegion: 
    Dimension: 3
    Index: [0, 0, 0]
    Size: [193, 229, 193]
  RequestedRegion: 
    Dimension: 3
    Index: [0, 0, 0]
    Size: [193, 229, 193]
  Spacing: [1, 1, 1]
  Origin: [96, 132, -78]
  Direction: 
-1 0 0
0 -1 0
0 0 1

  IndexToPointMatrix: 
-1 0 0
0 -1 0
0 0 1

  PointToIndexMatrix: 
-1 0 0
0 -1 0
0 0 1

  Inverse Direction: 
-1 0 0
0 -1 0
0 0 1

  PixelContainer: 
    ImportImageContainer (0x4bebd60)
      RTTI typeinfo:   itk::ImportImageContainer<unsigned long, double>
      Reference Count: 1
      Modified Time: 1186
      Debug: Off
      Object Name: 
      Observers: 
        none
      Pointer: 0x151caac33010
      Container manages memory: true
      Size: 8530021
      Capacity: 8530021

     Moving image = Image (0x4bddf60)
  RTTI typeinfo:   itk::Image<double, 3u>
  Reference Count: 2
  Modified Time: 1579
  Debug: Off
  Object Name: 
  Observers: 
    none
  Source: (none)
  Source output name: (none)
  Release Data: Off
  Data Released: False
  Global Release Data: Off
  PipelineMTime: 0
  UpdateMTime: 1576
  RealTimeStamp: 0 seconds 
  LargestPossibleRegion: 
    Dimension: 3
    Index: [0, 0, 0]
    Size: [160, 240, 256]
  BufferedRegion: 
    Dimension: 3
    Index: [0, 0, 0]
    Size: [160, 240, 256]
  RequestedRegion: 
    Dimension: 3
    Index: [0, 0, 0]
    Size: [160, 240, 256]
  Spacing: [1, 1, 1]
  Origin: [87.9508, 102.562, -147.639]
  Direction: 
-0.998659 -0.0436121 -0.0279129
0.043595 -0.999049 0.00121847
-0.0279395 -2.65543e-08 0.99961

  IndexToPointMatrix: 
-0.998659 -0.0436121 -0.0279129
0.043595 -0.999049 0.00121847
-0.0279395 -2.65543e-08 0.99961

  PointToIndexMatrix: 
-0.998659 0.043595 -0.0279395
-0.0436121 -0.999049 -2.65517e-08
-0.0279129 0.00121847 0.99961

  Inverse Direction: 
-0.998659 0.043595 -0.0279395
-0.0436121 -0.999049 -2.65517e-08
-0.0279129 0.00121847 0.99961

  PixelContainer: 
    ImportImageContainer (0x4bcf6d0)
      RTTI typeinfo:   itk::ImportImageContainer<unsigned long, double>
      Reference Count: 1
      Modified Time: 1573
      Debug: Off
      Object Name: 
      Observers: 
        none
      Pointer: 0x151ca6132010
      Container manages memory: true
      Size: 9830400
      Capacity: 9830400

     Weighting = 1
     Sampling strategy = regular
     Number of bins = 32
     Radius = 4
     Sampling percentage  = 0.25
   Transform = Rigid
     Gradient step = 0.1
     Update field sigma (voxel space) = 0
     Total field sigma (voxel space) = 0
     Update field time sigma = 0
     Total field time sigma  = 0
     Number of time indices = 0
     Number of time point samples = 0
Registration using 1 total stages.

Stage 0
  iterations = 1000x500x250x100
  convergence threshold = 1e-06
  convergence window size = 10
  number of levels = 4
  using the Mattes MI metric (number of bins = 32, weight = 1, use gradient filter = 0)
  preprocessing:  winsorizing the image intensities
  Shrink factors (level 1 out of 4): [8, 8, 8]
  Shrink factors (level 2 out of 4): [4, 4, 4]
  Shrink factors (level 3 out of 4): [2, 2, 2]
  Shrink factors (level 4 out of 4): [1, 1, 1]
  smoothing sigmas per level: [3, 2, 1, 0]
  regular sampling (percentage = 0.25)

*** Running Euler3DTransform registration ***

DIAGNOSTIC,Iteration,metricValue,convergenceValue,ITERATION_TIME_INDEX,SINCE_LAST
 2DIAGNOSTIC,     1, -4.299060189477e-01, 1.797693134862e+308, 1.1681e+00, 1.1681e+00, 
 2DIAGNOSTIC,     2, -4.311703807429e-01, 1.797693134862e+308, 1.1744e+00, 6.3000e-03, 
 2DIAGNOSTIC,     3, -4.334997061176e-01, 1.797693134862e+308, 1.1799e+00, 5.5132e-03, 
 2DIAGNOSTIC,     4, -4.389575130370e-01, 1.797693134862e+308, 1.1853e+00, 5.4491e-03, 
 2DIAGNOSTIC,     5, -4.438813134482e-01, 1.797693134862e+308, 1.1906e+00, 5.3022e-03, 
 2DIAGNOSTIC,     6, -4.461495460377e-01, 1.797693134862e+308, 1.1960e+00, 5.3561e-03, 
 2DIAGNOSTIC,     7, -4.511407144429e-01, 1.797693134862e+308, 1.2026e+00, 6.6152e-03, 
 2DIAGNOSTIC,     8, -4.667812032718e-01, 1.797693134862e+308, 1.2090e+00, 6.3949e-03, 
 2DIAGNOSTIC,     9, -4.753090114372e-01, 1.797693134862e+308, 1.2171e+00, 8.1260e-03, 
 2DIAGNOSTIC,    10, -4.802481719655e-01, 7.481707542057e-03, 1.2238e+00, 6.6869e-03, 
 2DIAGNOSTIC,    11, -4.821261368877e-01, 7.356704266140e-03, 1.2302e+00, 6.3510e-03, 
 2DIAGNOSTIC,    12, -4.837491005316e-01, 6.749992380104e-03, 1.2369e+00, 6.7489e-03, 
 2DIAGNOSTIC,    13, -5.028244927606e-01, 6.622215038722e-03, 1.2499e+00, 1.2934e-02, 
 2DIAGNOSTIC,    14, -5.042109134424e-01, 6.183615245758e-03, 1.2575e+00, 7.6439e-03, 
 2DIAGNOSTIC,    15, -5.066116081847e-01, 5.558135432354e-03, 1.2662e+00, 8.7240e-03, 
 2DIAGNOSTIC,    16, -5.083451635810e-01, 4.676295421160e-03, 1.2722e+00, 5.9850e-03, 
 2DIAGNOSTIC,    17, -5.184993492836e-01, 3.998770501063e-03, 1.2831e+00, 1.0854e-02, 
 2DIAGNOSTIC,    18, -5.256348855855e-01, 3.769024583780e-03, 1.2884e+00, 5.3520e-03, 
 2DIAGNOSTIC,    19, -5.260487275830e-01, 3.491513199638e-03, 1.2962e+00, 7.7400e-03, 
 2DIAGNOSTIC,    20, -5.292109526884e-01, 3.174906796931e-03, 1.3048e+00, 8.6119e-03, 
 2DIAGNOSTIC,    21, -5.301818299123e-01, 2.681600109224e-03, 1.3104e+00, 5.6541e-03, 
 2DIAGNOSTIC,    22, -5.312241464424e-01, 2.041189131479e-03, 1.3177e+00, 7.2408e-03, 
 2DIAGNOSTIC,    23, -5.321371466637e-01, 1.776979749184e-03, 1.3246e+00, 6.9790e-03, 
 2DIAGNOSTIC,    24, -5.330747264580e-01, 1.429098551580e-03, 1.3305e+00, 5.8651e-03, 
 2DIAGNOSTIC,    25, -5.340979468062e-01, 1.060387904322e-03, 1.3377e+00, 7.2250e-03, 
 2DIAGNOSTIC,    26, -5.353301920538e-01, 6.839352397370e-04, 1.3452e+00, 7.4708e-03, 
 2DIAGNOSTIC,    27, -5.359877985064e-01, 5.005586396789e-04, 1.3506e+00, 5.3480e-03, 
 2DIAGNOSTIC,    28, -5.363339021238e-01, 4.385717797358e-04, 1.3562e+00, 5.6059e-03, 
 2DIAGNOSTIC,    29, -5.373050991129e-01, 3.660304153395e-04, 1.3617e+00, 5.5568e-03, 
 2DIAGNOSTIC,    30, -5.398201287396e-01, 3.716001121829e-04, 1.3682e+00, 6.5181e-03, 
 2DIAGNOSTIC,    31, -5.446419433594e-01, 4.465240711262e-04, 1.3810e+00, 1.2722e-02, 
 2DIAGNOSTIC,    32, -5.446642627971e-01, 4.912563925815e-04, 1.3867e+00, 5.7521e-03, 
 2DIAGNOSTIC,    33, -5.447644216119e-01, 5.056364044788e-04, 1.3921e+00, 5.4049e-03, 
 2DIAGNOSTIC,    34, -5.449308892384e-01, 4.903999453094e-04, 1.3979e+00, 5.8200e-03, 
 2DIAGNOSTIC,    35, -5.452044007778e-01, 4.491454460358e-04, 1.4034e+00, 5.4970e-03, 
 2DIAGNOSTIC,    36, -5.456974156741e-01, 3.933043563917e-04, 1.4094e+00, 5.9359e-03, 
 2DIAGNOSTIC,    37, -5.462998749777e-01, 3.227875826606e-04, 1.4153e+00, 5.9059e-03, 
 2DIAGNOSTIC,    38, -5.470544194893e-01, 2.429365953342e-04, 1.4211e+00, 5.8270e-03, 
 2DIAGNOSTIC,    39, -5.483331747082e-01, 1.763400022898e-04, 1.4272e+00, 6.1300e-03, 
 2DIAGNOSTIC,    40, -5.485726348708e-01, 1.327706315519e-04, 1.4327e+00, 5.4288e-03, 
 2DIAGNOSTIC,    41, -5.488484648773e-01, 1.482799469261e-04, 1.4392e+00, 6.5081e-03, 
 2DIAGNOSTIC,    42, -5.491454768287e-01, 1.532247591306e-04, 1.4447e+00, 5.5010e-03, 
 2DIAGNOSTIC,    43, -5.502455108818e-01, 1.586694672147e-04, 1.4514e+00, 6.7019e-03, 
 2DIAGNOSTIC,    44, -5.634837456177e-01, 3.167362601212e-04, 1.4594e+00, 8.0042e-03, 
 2DIAGNOSTIC,    45, -5.666416572821e-01, 4.745158569538e-04, 1.4660e+00, 6.5899e-03, 
 2DIAGNOSTIC,    46, -5.686826952924e-01, 6.109329693171e-04, 1.4718e+00, 5.8560e-03, 
 2DIAGNOSTIC,    47, -5.690941716102e-01, 6.966615498827e-04, 1.4779e+00, 6.0651e-03, 
 2DIAGNOSTIC,    48, -5.694041760166e-01, 7.237123188590e-04, 1.4831e+00, 5.1661e-03, 
 2DIAGNOSTIC,    49, -5.696077812921e-01, 6.946375301363e-04, 1.4882e+00, 5.1179e-03, 
 2DIAGNOSTIC,    50, -5.701707632057e-01, 6.081883102451e-04, 1.4939e+00, 5.7671e-03, 
 2DIAGNOSTIC,    51, -5.707937743096e-01, 4.786529019636e-04, 1.5004e+00, 6.4230e-03, 
 2DIAGNOSTIC,    52, -5.707026676161e-01, 3.125821474008e-04, 1.5172e+00, 1.6815e-02, 
 2DIAGNOSTIC,    53, -5.707026649721e-01, 1.317013630724e-04, 1.5224e+00, 5.1851e-03, 
 2DIAGNOSTIC,    54, -5.707027035347e-01, 7.794246848992e-05, 1.5275e+00, 5.1551e-03, 
 2DIAGNOSTIC,    55, -5.707027687360e-01, 4.937079102857e-05, 1.5327e+00, 5.1351e-03, 
 2DIAGNOSTIC,    56, -5.707028789686e-01, 3.677253345892e-05, 1.5377e+00, 5.0840e-03, 
 2DIAGNOSTIC,    57, -5.707030653083e-01, 2.510107661360e-05, 1.5452e+00, 7.4329e-03, 
 2DIAGNOSTIC,    58, -5.707033802289e-01, 1.450429641056e-05, 1.5504e+00, 5.2030e-03, 
 2DIAGNOSTIC,    59, -5.707039121524e-01, 4.730085784426e-06, 1.5557e+00, 5.2860e-03, 
DIAGNOSTIC,Iteration,metricValue,convergenceValue,ITERATION_TIME_INDEX,SINCE_LAST
 2DIAGNOSTIC,     1, -4.564071238326e-01, 1.797693134862e+308, 2.4391e+00, 8.8346e-01, 
 2DIAGNOSTIC,     2, -4.567168028890e-01, 1.797693134862e+308, 2.4697e+00, 3.0540e-02, 
 2DIAGNOSTIC,     3, -4.571676841790e-01, 1.797693134862e+308, 2.5020e+00, 3.2366e-02, 
 2DIAGNOSTIC,     4, -4.578721883576e-01, 1.797693134862e+308, 2.5337e+00, 3.1654e-02, 
 2DIAGNOSTIC,     5, -4.595201682749e-01, 1.797693134862e+308, 2.5660e+00, 3.2296e-02, 
 2DIAGNOSTIC,     6, -4.665990904665e-01, 1.797693134862e+308, 2.6039e+00, 3.7944e-02, 
 2DIAGNOSTIC,     7, -4.698247548696e-01, 1.797693134862e+308, 2.6480e+00, 4.4127e-02, 
 2DIAGNOSTIC,     8, -4.711871085884e-01, 1.797693134862e+308, 2.6822e+00, 3.4130e-02, 
 2DIAGNOSTIC,     9, -4.750888495886e-01, 1.797693134862e+308, 2.7232e+00, 4.1026e-02, 
 2DIAGNOSTIC,    10, -4.787191918698e-01, 3.362672585744e-03, 2.7558e+00, 3.2578e-02, 
 2DIAGNOSTIC,    11, -4.840651060945e-01, 3.559873739880e-03, 2.7895e+00, 3.3736e-02, 
 2DIAGNOSTIC,    12, -4.863025240470e-01, 3.527084908512e-03, 2.8220e+00, 3.2480e-02, 
 2DIAGNOSTIC,    13, -4.887308676142e-01, 3.320750214380e-03, 2.8720e+00, 5.0049e-02, 
 2DIAGNOSTIC,    14, -4.893488858597e-01, 2.903351402506e-03, 2.9051e+00, 3.3097e-02, 
 2DIAGNOSTIC,    15, -4.896309930247e-01, 2.349120334239e-03, 2.9439e+00, 3.8709e-02, 
 2DIAGNOSTIC,    16, -4.901025914013e-01, 1.931678186873e-03, 2.9833e+00, 3.9411e-02, 
 2DIAGNOSTIC,    17, -4.901795062220e-01, 1.504016786638e-03, 3.0277e+00, 4.4397e-02, 
 2DIAGNOSTIC,    18, -4.902376096225e-01, 1.033190063738e-03, 3.0689e+00, 4.1252e-02, 
 2DIAGNOSTIC,    19, -4.904538529970e-01, 6.467750145986e-04, 3.1099e+00, 4.1033e-02, 
 2DIAGNOSTIC,    20, -4.905856596507e-01, 3.493624432931e-04, 3.1492e+00, 3.9219e-02, 
 2DIAGNOSTIC,    21, -4.906668175346e-01, 2.015140918750e-04, 3.1945e+00, 4.5337e-02, 
 2DIAGNOSTIC,    22, -4.906959815970e-01, 1.084749162562e-04, 3.2300e+00, 3.5457e-02, 
 2DIAGNOSTIC,    23, -4.907528706556e-01, 7.771182685107e-05, 3.2625e+00, 3.2584e-02, 
 2DIAGNOSTIC,    24, -4.911185777588e-01, 6.660044134745e-05, 3.3001e+00, 3.7546e-02, 
 2DIAGNOSTIC,    25, -4.911704755438e-01, 5.761795019069e-05, 3.3468e+00, 4.6700e-02, 
 2DIAGNOSTIC,    26, -4.913521903229e-01, 5.901102841347e-05, 3.3861e+00, 3.9307e-02, 
 2DIAGNOSTIC,    27, -4.913512046744e-01, 5.660184103280e-05, 3.4252e+00, 3.9058e-02, 
 2DIAGNOSTIC,    28, -4.913995987350e-01, 5.133829774836e-05, 3.4619e+00, 3.6750e-02, 
 2DIAGNOSTIC,    29, -4.913972753954e-01, 4.591621982154e-05, 3.4953e+00, 3.3385e-02, 
 2DIAGNOSTIC,    30, -4.913994849519e-01, 3.920014655256e-05, 3.5312e+00, 3.5919e-02, 
 2DIAGNOSTIC,    31, -4.913972426176e-01, 3.088294846925e-05, 3.5660e+00, 3.4803e-02, 
 2DIAGNOSTIC,    32, -4.913944502288e-01, 2.080759631596e-05, 3.5983e+00, 3.2258e-02, 
 2DIAGNOSTIC,    33, -4.914021653929e-01, 1.049471888243e-05, 3.6343e+00, 3.6014e-02, 
 2DIAGNOSTIC,    34, -4.914046785337e-01, 6.275978704187e-06, 3.6669e+00, 3.2596e-02, 
 2DIAGNOSTIC,    35, -4.914081973825e-01, 2.653137949612e-06, 3.6989e+00, 3.2027e-02, 
 2DIAGNOSTIC,    36, -4.914275047039e-01, 2.365331748303e-06, 3.7322e+00, 3.3282e-02, 
 2DIAGNOSTIC,    37, -4.914718509698e-01, 2.613664311778e-06, 3.7649e+00, 3.2706e-02, 
 2DIAGNOSTIC,    38, -4.917507263333e-01, 7.726722378823e-06, 3.8022e+00, 3.7347e-02, 
 2DIAGNOSTIC,    39, -4.923334612569e-01, 2.054690538543e-05, 3.8683e+00, 6.6043e-02, 
 2DIAGNOSTIC,    40, -4.924589253918e-01, 3.252452395452e-05, 3.9046e+00, 3.6310e-02, 
 2DIAGNOSTIC,    41, -4.925096984491e-01, 4.168708757581e-05, 3.9370e+00, 3.2428e-02, 
 2DIAGNOSTIC,    42, -4.926014618669e-01, 4.785018221186e-05, 3.9690e+00, 3.2015e-02, 
 2DIAGNOSTIC,    43, -4.926691253428e-01, 5.016120361255e-05, 3.9995e+00, 3.0513e-02, 
 2DIAGNOSTIC,    44, -4.928383708750e-01, 4.979164600640e-05, 4.0410e+00, 4.1478e-02, 
 2DIAGNOSTIC,    45, -4.932255140669e-01, 4.980109278752e-05, 4.0813e+00, 4.0259e-02, 
 2DIAGNOSTIC,    46, -4.933565089844e-01, 4.705372667597e-05, 4.1388e+00, 5.7468e-02, 
 2DIAGNOSTIC,    47, -4.933792893555e-01, 4.085977889400e-05, 4.1793e+00, 4.0595e-02, 
 2DIAGNOSTIC,    48, -4.933855636072e-01, 3.444549970210e-05, 4.2346e+00, 5.5299e-02, 
 2DIAGNOSTIC,    49, -4.933815687129e-01, 3.192643978304e-05, 4.2720e+00, 3.7367e-02, 
 2DIAGNOSTIC,    50, -4.933693548584e-01, 2.776391926545e-05, 4.3251e+00, 5.3081e-02, 
 2DIAGNOSTIC,    51, -4.933658146218e-01, 2.168127314572e-05, 4.3686e+00, 4.3470e-02, 
 2DIAGNOSTIC,    52, -4.933523305487e-01, 1.475801931417e-05, 4.4096e+00, 4.0991e-02, 
 2DIAGNOSTIC,    53, -4.933537921440e-01, 7.526692377278e-06, 4.4428e+00, 3.3257e-02, 
 2DIAGNOSTIC,    54, -4.933482657138e-01, 1.573334738759e-06, 4.4783e+00, 3.5467e-02, 
DIAGNOSTIC,Iteration,metricValue,convergenceValue,ITERATION_TIME_INDEX,SINCE_LAST
 2DIAGNOSTIC,     1, -4.341426745358e-01, 1.797693134862e+308, 5.6530e+00, 1.1747e+00, 
 2DIAGNOSTIC,     2, -4.343064109301e-01, 1.797693134862e+308, 5.8936e+00, 2.4066e-01, 
 2DIAGNOSTIC,     3, -4.344291790688e-01, 1.797693134862e+308, 6.1431e+00, 2.4948e-01, 
 2DIAGNOSTIC,     4, -4.345524302481e-01, 1.797693134862e+308, 6.3886e+00, 2.4549e-01, 
 2DIAGNOSTIC,     5, -4.346416911254e-01, 1.797693134862e+308, 6.7974e+00, 4.0880e-01, 
 2DIAGNOSTIC,     6, -4.346725103505e-01, 1.797693134862e+308, 7.0619e+00, 2.6450e-01, 
 2DIAGNOSTIC,     7, -4.346900482803e-01, 1.797693134862e+308, 7.3537e+00, 2.9178e-01, 
 2DIAGNOSTIC,     8, -4.347260252017e-01, 1.797693134862e+308, 7.6245e+00, 2.7079e-01, 
 2DIAGNOSTIC,     9, -4.347673113954e-01, 1.797693134862e+308, 7.9340e+00, 3.0950e-01, 
 2DIAGNOSTIC,    10, -4.347856230545e-01, 8.972855314669e-05, 8.3046e+00, 3.7064e-01, 
 2DIAGNOSTIC,    11, -4.348091064132e-01, 6.277356273329e-05, 8.5512e+00, 2.4653e-01, 
 2DIAGNOSTIC,    12, -4.348266071747e-01, 4.477130338476e-05, 8.8393e+00, 2.8817e-01, 
 2DIAGNOSTIC,    13, -4.348727449969e-01, 3.409684338997e-05, 9.1337e+00, 2.9434e-01, 
 2DIAGNOSTIC,    14, -4.348964141015e-01, 2.877068004667e-05, 9.4165e+00, 2.8284e-01, 
 2DIAGNOSTIC,    15, -4.349124696016e-01, 2.630610224866e-05, 9.6905e+00, 2.7400e-01, 
 2DIAGNOSTIC,    16, -4.349128615942e-01, 2.323413252260e-05, 9.9339e+00, 2.4339e-01, 
 2DIAGNOSTIC,    17, -4.349141562798e-01, 1.928361167543e-05, 1.0177e+01, 2.4273e-01, 
 2DIAGNOSTIC,    18, -4.349222895474e-01, 1.571929454661e-05, 1.0435e+01, 2.5849e-01, 
 2DIAGNOSTIC,    19, -4.349813939361e-01, 1.466419262979e-05, 1.0824e+01, 3.8912e-01, 
 2DIAGNOSTIC,    20, -4.350689125985e-01, 1.591306260215e-05, 1.1298e+01, 4.7385e-01, 
 2DIAGNOSTIC,    21, -4.350868037692e-01, 1.695655832804e-05, 1.1600e+01, 3.0210e-01, 
 2DIAGNOSTIC,    22, -4.350855515362e-01, 1.696636314663e-05, 1.1929e+01, 3.2884e-01, 
 2DIAGNOSTIC,    23, -4.350863951109e-01, 1.688227308985e-05, 1.2333e+01, 4.0422e-01, 
 2DIAGNOSTIC,    24, -4.350866854067e-01, 1.596306041465e-05, 1.2657e+01, 3.2351e-01, 
 2DIAGNOSTIC,    25, -4.350847232192e-01, 1.406845584932e-05, 1.3014e+01, 3.5710e-01, 
 2DIAGNOSTIC,    26, -4.350840937115e-01, 1.112217589039e-05, 1.3394e+01, 3.7988e-01, 
 2DIAGNOSTIC,    27, -4.350833765464e-01, 7.520900930508e-06, 1.3699e+01, 3.0484e-01, 
 2DIAGNOSTIC,    28, -4.350818845658e-01, 3.725033305930e-06, 1.3983e+01, 2.8440e-01, 
 2DIAGNOSTIC,    29, -4.350820290214e-01, 1.230316269370e-06, 1.4261e+01, 2.7776e-01, 
DIAGNOSTIC,Iteration,metricValue,convergenceValue,ITERATION_TIME_INDEX,SINCE_LAST
 2DIAGNOSTIC,     1, -4.016284510219e-01, 1.797693134862e+308, 1.6983e+01, 2.7220e+00, 
 2DIAGNOSTIC,     2, -4.018037841693e-01, 1.797693134862e+308, 1.8748e+01, 1.7651e+00, 
 2DIAGNOSTIC,     3, -4.019088628383e-01, 1.797693134862e+308, 2.0573e+01, 1.8253e+00, 
 2DIAGNOSTIC,     4, -4.019334861387e-01, 1.797693134862e+308, 2.2458e+01, 1.8851e+00, 
 2DIAGNOSTIC,     5, -4.019358450850e-01, 1.797693134862e+308, 2.4097e+01, 1.6392e+00, 
 2DIAGNOSTIC,     6, -4.019481778905e-01, 1.797693134862e+308, 2.5637e+01, 1.5396e+00, 
 2DIAGNOSTIC,     7, -4.019996727152e-01, 1.797693134862e+308, 2.7333e+01, 1.6958e+00, 
 2DIAGNOSTIC,     8, -4.021870799166e-01, 1.797693134862e+308, 2.9390e+01, 2.0567e+00, 
 2DIAGNOSTIC,     9, -4.022166093821e-01, 1.797693134862e+308, 3.1088e+01, 1.6983e+00, 
 2DIAGNOSTIC,    10, -4.022252880919e-01, 8.701835441613e-05, 3.2675e+01, 1.5869e+00, 
 2DIAGNOSTIC,    11, -4.022506184009e-01, 7.023804777323e-05, 3.5020e+01, 2.3457e+00, 
 2DIAGNOSTIC,    12, -4.022734018913e-01, 6.162769235034e-05, 3.6576e+01, 1.5555e+00, 
 2DIAGNOSTIC,    13, -4.022901124304e-01, 5.541498568458e-05, 3.8065e+01, 1.4896e+00, 
 2DIAGNOSTIC,    14, -4.023047312641e-01, 4.725556162448e-05, 3.9540e+01, 1.4747e+00, 
 2DIAGNOSTIC,    15, -4.023546681810e-01, 3.868944320773e-05, 4.1907e+01, 2.3668e+00, 
 2DIAGNOSTIC,    16, -4.023570667637e-01, 2.848083723228e-05, 4.3661e+01, 1.7543e+00, 
 2DIAGNOSTIC,    17, -4.023612257153e-01, 1.915575989305e-05, 4.5374e+01, 1.7126e+00, 
 2DIAGNOSTIC,    18, -4.023636667248e-01, 1.672399596462e-05, 4.6943e+01, 1.5694e+00, 
 2DIAGNOSTIC,    19, -4.023693641197e-01, 1.447093175849e-05, 4.8498e+01, 1.5548e+00, 
 2DIAGNOSTIC,    20, -4.023874826664e-01, 1.216046418214e-05, 5.0831e+01, 2.3331e+00, 
 2DIAGNOSTIC,    21, -4.023870749061e-01, 9.895122112032e-06, 5.2303e+01, 1.4716e+00, 
 2DIAGNOSTIC,    22, -4.023901627537e-01, 7.908445783508e-06, 5.3801e+01, 1.4980e+00, 
 2DIAGNOSTIC,    23, -4.023977013496e-01, 6.245700048986e-06, 5.5502e+01, 1.7008e+00, 
 2DIAGNOSTIC,    24, -4.023992469696e-01, 4.691899259092e-06, 5.7654e+01, 2.1527e+00, 
 2DIAGNOSTIC,    25, -4.023990169742e-01, 4.345535032153e-06, 5.9493e+01, 1.8383e+00, 
 2DIAGNOSTIC,    26, -4.023995373143e-01, 3.818307276110e-06, 6.1067e+01, 1.5746e+00, 
 2DIAGNOSTIC,    27, -4.023998572045e-01, 3.208839444734e-06, 6.3108e+01, 2.0410e+00, 
 2DIAGNOSTIC,    28, -4.023999758519e-01, 2.513439519763e-06, 6.4775e+01, 1.6673e+00, 
 2DIAGNOSTIC,    29, -4.023996487707e-01, 1.854192857705e-06, 6.6879e+01, 2.1040e+00, 
 2DIAGNOSTIC,    30, -4.023997428213e-01, 1.600639265464e-06, 6.8419e+01, 1.5400e+00, 
 2DIAGNOSTIC,    31, -4.023995804309e-01, 1.299664695448e-06, 7.0356e+01, 1.9370e+00, 
 2DIAGNOSTIC,    32, -4.023993258095e-01, 1.049577034479e-06, 7.2090e+01, 1.7331e+00, 
  Elapsed time (stage 0): 7.3006e+01


Total elapsed time: 7.3009e+01
Info [verificarlo]: loaded backend libinterflop_ieee.so
Info [interflop-ieee]: load backend with:
Info [interflop-ieee]: debug = false
Info [interflop-ieee]: debug-binary = false
Info [interflop-ieee]: no-backend-name = false
Info [interflop-ieee]: print-new-line = false
Info [interflop-ieee]: print-subnormal-normalized = false
Info [interflop-ieee]: count-op = false
All_Command_lines_OK
Using double precision for computations.
=============================================================================
The composite transform comprises the following transforms (in order): 
  1. /home/mdugre/scratch/mri-registration-rp/datasets/ds004513/derivatives/mri-registration-rp/0001/antsRegistration-r7-p18/sub-s037/rigid_Composite.h5[0] (type = Euler3DTransform)
  2. /home/mdugre/scratch/mri-registration-rp/datasets/ds004513/derivatives/mri-registration-rp/0001/antsRegistration-r7-p18/sub-s037/rigid_Composite.h5[1] (type = Euler3DTransform)
  3. /home/mdugre/scratch/mri-registration-rp/datasets/ds004513/derivatives/mri-registration-rp/0001/antsRegistration-r7-p18/sub-s037/rigid_Composite.h5[2] (type = Euler3DTransform)
=============================================================================
  number of levels = 4
  fixed image: /templateflow/tpl-MNI152NLin2009cAsym/tpl-MNI152NLin2009cAsym_res-01_desc-brain_T1w.nii.gz
  moving image: /home/mdugre/scratch/mri-registration-rp/datasets/ds004513/derivatives/mri-registration-rp/antsBrainExtraction/sub-s037/BrainExtractionBrain.nii.gz
Dimension = 3
Number of stages = 1
Use histogram matching = false
Winsorize image intensities = true
  Lower quantile = 0.005
  Upper quantile = 0.995


Stage 1 State
   Image metric = MattesMI
     Fixed image = Image (0x435b7e0)
  RTTI typeinfo:   itk::Image<double, 3u>
  Reference Count: 2
  Modified Time: 1592
  Debug: Off
  Object Name: 
  Observers: 
    none
  Source: (none)
  Source output name: (none)
  Release Data: Off
  Data Released: False
  Global Release Data: Off
  PipelineMTime: 0
  UpdateMTime: 1203
  RealTimeStamp: 0 seconds 
  LargestPossibleRegion: 
    Dimension: 3
    Index: [0, 0, 0]
    Size: [193, 229, 193]
  BufferedRegion: 
    Dimension: 3
    Index: [0, 0, 0]
    Size: [193, 229, 193]
  RequestedRegion: 
    Dimension: 3
    Index: [0, 0, 0]
    Size: [193, 229, 193]
  Spacing: [1, 1, 1]
  Origin: [96, 132, -78]
  Direction: 
-1 0 0
0 -1 0
0 0 1

  IndexToPointMatrix: 
-1 0 0
0 -1 0
0 0 1

  PointToIndexMatrix: 
-1 0 0
0 -1 0
0 0 1

  Inverse Direction: 
-1 0 0
0 -1 0
0 0 1

  PixelContainer: 
    ImportImageContainer (0x441ba20)
      RTTI typeinfo:   itk::ImportImageContainer<unsigned long, double>
      Reference Count: 1
      Modified Time: 1200
      Debug: Off
      Object Name: 
      Observers: 
        none
      Pointer: 0x152d8d135010
      Container manages memory: true
      Size: 8530021
      Capacity: 8530021

     Moving image = Image (0x4416d70)
  RTTI typeinfo:   itk::Image<double, 3u>
  Reference Count: 2
  Modified Time: 1593
  Debug: Off
  Object Name: 
  Observers: 
    none
  Source: (none)
  Source output name: (none)
  Release Data: Off
  Data Released: False
  Global Release Data: Off
  PipelineMTime: 0
  UpdateMTime: 1590
  RealTimeStamp: 0 seconds 
  LargestPossibleRegion: 
    Dimension: 3
    Index: [0, 0, 0]
    Size: [160, 240, 256]
  BufferedRegion: 
    Dimension: 3
    Index: [0, 0, 0]
    Size: [160, 240, 256]
  RequestedRegion: 
    Dimension: 3
    Index: [0, 0, 0]
    Size: [160, 240, 256]
  Spacing: [1, 1, 1]
  Origin: [87.9508, 102.562, -147.639]
  Direction: 
-0.998659 -0.0436121 -0.0279129
0.043595 -0.999049 0.00121847
-0.0279395 -2.65543e-08 0.99961

  IndexToPointMatrix: 
-0.998659 -0.0436121 -0.0279129
0.043595 -0.999049 0.00121847
-0.0279395 -2.65543e-08 0.99961

  PointToIndexMatrix: 
-0.998659 0.043595 -0.0279395
-0.0436121 -0.999049 -2.65517e-08
-0.0279129 0.00121847 0.99961

  Inverse Direction: 
-0.998659 0.043595 -0.0279395
-0.0436121 -0.999049 -2.65517e-08
-0.0279129 0.00121847 0.99961

  PixelContainer: 
    ImportImageContainer (0x43cec90)
      RTTI typeinfo:   itk::ImportImageContainer<unsigned long, double>
      Reference Count: 1
      Modified Time: 1587
      Debug: Off
      Object Name: 
      Observers: 
        none
      Pointer: 0x152d88634010
      Container manages memory: true
      Size: 9830400
      Capacity: 9830400

     Weighting = 1
     Sampling strategy = regular
     Number of bins = 32
     Radius = 4
     Sampling percentage  = 0.25
   Transform = Affine
     Gradient step = 0.1
     Update field sigma (voxel space) = 0
     Total field sigma (voxel space) = 0
     Update field time sigma = 0
     Total field time sigma  = 0
     Number of time indices = 0
     Number of time point samples = 0
Registration using 1 total stages.

Stage 0
  iterations = 1000x500x250x100
  convergence threshold = 1e-06
  convergence window size = 10
  number of levels = 4
  using the Mattes MI metric (number of bins = 32, weight = 1, use gradient filter = 0)
  preprocessing:  winsorizing the image intensities
  Shrink factors (level 1 out of 4): [8, 8, 8]
  Shrink factors (level 2 out of 4): [4, 4, 4]
  Shrink factors (level 3 out of 4): [2, 2, 2]
  Shrink factors (level 4 out of 4): [1, 1, 1]
  smoothing sigmas per level: [3, 2, 1, 0]
  regular sampling (percentage = 0.25)

*** Running AffineTransform registration ***

DIAGNOSTIC,Iteration,metricValue,convergenceValue,ITERATION_TIME_INDEX,SINCE_LAST
 2DIAGNOSTIC,     1, -5.817203418555e-01, 1.797693134862e+308, 8.2677e-01, 8.2677e-01, 
 2DIAGNOSTIC,     2, -5.835640648476e-01, 1.797693134862e+308, 8.3272e-01, 5.9540e-03, 
 2DIAGNOSTIC,     3, -5.866848737683e-01, 1.797693134862e+308, 8.3827e-01, 5.5490e-03, 
 2DIAGNOSTIC,     4, -5.918129494190e-01, 1.797693134862e+308, 8.4354e-01, 5.2741e-03, 
 2DIAGNOSTIC,     5, -6.025148813385e-01, 1.797693134862e+308, 8.4946e-01, 5.9140e-03, 
 2DIAGNOSTIC,     6, -6.214022257761e-01, 1.797693134862e+308, 8.5530e-01, 5.8420e-03, 
 2DIAGNOSTIC,     7, -6.414852229885e-01, 1.797693134862e+308, 8.6112e-01, 5.8219e-03, 
 2DIAGNOSTIC,     8, -6.832137151928e-01, 1.797693134862e+308, 8.6803e-01, 6.9070e-03, 
 2DIAGNOSTIC,     9, -6.940049229429e-01, 1.797693134862e+308, 8.7565e-01, 7.6158e-03, 
 2DIAGNOSTIC,    10, -7.042454856296e-01, 1.414868218621e-02, 8.8573e-01, 1.0082e-02, 
 2DIAGNOSTIC,    11, -7.061692895736e-01, 1.373440477573e-02, 8.9438e-01, 8.6541e-03, 
 2DIAGNOSTIC,    12, -7.067225748245e-01, 1.225716245979e-02, 9.0117e-01, 6.7890e-03, 
 2DIAGNOSTIC,    13, -7.074542328678e-01, 1.004755520509e-02, 9.0681e-01, 5.6379e-03, 
 2DIAGNOSTIC,    14, -7.088401940659e-01, 7.472905229424e-03, 9.1252e-01, 5.7139e-03, 
 2DIAGNOSTIC,    15, -7.114310952080e-01, 4.978676371439e-03, 9.1840e-01, 5.8770e-03, 
 2DIAGNOSTIC,    16, -7.147336048119e-01, 2.964004755892e-03, 9.2504e-01, 6.6440e-03, 
 2DIAGNOSTIC,    17, -7.162475660994e-01, 1.454425097050e-03, 9.3215e-01, 7.1111e-03, 
 2DIAGNOSTIC,    18, -7.161712780051e-01, 9.768619379312e-04, 9.3789e-01, 5.7371e-03, 
 2DIAGNOSTIC,    19, -7.197297100086e-01, 7.792435739362e-04, 9.4426e-01, 6.3720e-03, 
 2DIAGNOSTIC,    20, -7.192918675690e-01, 7.347927684315e-04, 9.5125e-01, 6.9828e-03, 
 2DIAGNOSTIC,    21, -7.194514815177e-01, 6.686556484300e-04, 9.5818e-01, 6.9342e-03, 
 2DIAGNOSTIC,    22, -7.195702772621e-01, 5.606177160513e-04, 9.6451e-01, 6.3272e-03, 
 2DIAGNOSTIC,    23, -7.194636564165e-01, 4.221552099145e-04, 9.7213e-01, 7.6189e-03, 
 2DIAGNOSTIC,    24, -7.193252030415e-01, 2.772869789313e-04, 9.7842e-01, 6.2912e-03, 
 2DIAGNOSTIC,    25, -7.192637177492e-01, 1.597438977381e-04, 9.8411e-01, 5.6891e-03, 
 2DIAGNOSTIC,    26, -7.192291122332e-01, 8.941278260827e-05, 9.9035e-01, 6.2389e-03, 
 2DIAGNOSTIC,    27, -7.192925306140e-01, 4.109458161988e-05, 9.9654e-01, 6.1948e-03, 
DIAGNOSTIC,Iteration,metricValue,convergenceValue,ITERATION_TIME_INDEX,SINCE_LAST
 2DIAGNOSTIC,     1, -5.931983052969e-01, 1.797693134862e+308, 1.8534e+00, 8.5682e-01, 
 2DIAGNOSTIC,     2, -5.939276176668e-01, 1.797693134862e+308, 1.8973e+00, 4.3899e-02, 
 2DIAGNOSTIC,     3, -5.948338513502e-01, 1.797693134862e+308, 1.9468e+00, 4.9537e-02, 
 2DIAGNOSTIC,     4, -5.957277934388e-01, 1.797693134862e+308, 2.0061e+00, 5.9259e-02, 
 2DIAGNOSTIC,     5, -5.967706240798e-01, 1.797693134862e+308, 2.0464e+00, 4.0340e-02, 
 2DIAGNOSTIC,     6, -5.981558266457e-01, 1.797693134862e+308, 2.0908e+00, 4.4419e-02, 
 2DIAGNOSTIC,     7, -5.985592820187e-01, 1.797693134862e+308, 2.1316e+00, 4.0774e-02, 
 2DIAGNOSTIC,     8, -5.993949449676e-01, 1.797693134862e+308, 2.1938e+00, 6.2259e-02, 
 2DIAGNOSTIC,     9, -5.996866409731e-01, 1.797693134862e+308, 2.2335e+00, 3.9623e-02, 
 2DIAGNOSTIC,    10, -5.999494269837e-01, 7.903482409835e-04, 2.2755e+00, 4.1999e-02, 
 2DIAGNOSTIC,    11, -6.000415424121e-01, 6.367963540730e-04, 2.3218e+00, 4.6307e-02, 
 2DIAGNOSTIC,    12, -6.002797224704e-01, 4.901405574078e-04, 2.3639e+00, 4.2124e-02, 
 2DIAGNOSTIC,    13, -6.007462371792e-01, 3.720126689653e-04, 2.4462e+00, 8.2274e-02, 
 2DIAGNOSTIC,    14, -6.007599400624e-01, 2.672586280866e-04, 2.5036e+00, 5.7442e-02, 
 2DIAGNOSTIC,    15, -6.007459152104e-01, 1.843657612197e-04, 2.5543e+00, 5.0636e-02, 
 2DIAGNOSTIC,    16, -6.007349676496e-01, 1.362043323407e-04, 2.6027e+00, 4.8417e-02, 
 2DIAGNOSTIC,    17, -6.007240948401e-01, 9.173214396183e-05, 2.6571e+00, 5.4394e-02, 
 2DIAGNOSTIC,    18, -6.007202344012e-01, 6.552886635329e-05, 2.6987e+00, 4.1632e-02, 
 2DIAGNOSTIC,    19, -6.007089344844e-01, 4.307485548780e-05, 2.7548e+00, 5.6146e-02, 
 2DIAGNOSTIC,    20, -6.006931451640e-01, 2.508263420276e-05, 2.8109e+00, 5.6032e-02, 
 2DIAGNOSTIC,    21, -6.006852328636e-01, 8.513991320687e-06, 2.8807e+00, 6.9840e-02, 
DIAGNOSTIC,Iteration,metricValue,convergenceValue,ITERATION_TIME_INDEX,SINCE_LAST
 2DIAGNOSTIC,     1, -5.252324566888e-01, 1.797693134862e+308, 4.1128e+00, 1.2320e+00, 
 2DIAGNOSTIC,     2, -5.255367132882e-01, 1.797693134862e+308, 4.4358e+00, 3.2306e-01, 
 2DIAGNOSTIC,     3, -5.259351294328e-01, 1.797693134862e+308, 4.7453e+00, 3.0945e-01, 
 2DIAGNOSTIC,     4, -5.264363572724e-01, 1.797693134862e+308, 5.0849e+00, 3.3965e-01, 
 2DIAGNOSTIC,     5, -5.269187403459e-01, 1.797693134862e+308, 5.4160e+00, 3.3103e-01, 
 2DIAGNOSTIC,     6, -5.272940862407e-01, 1.797693134862e+308, 5.7953e+00, 3.7933e-01, 
 2DIAGNOSTIC,     7, -5.274062024760e-01, 1.797693134862e+308, 6.1386e+00, 3.4333e-01, 
 2DIAGNOSTIC,     8, -5.274811117524e-01, 1.797693134862e+308, 6.4938e+00, 3.5522e-01, 
 2DIAGNOSTIC,     9, -5.276579501182e-01, 1.797693134862e+308, 6.8314e+00, 3.3759e-01, 
 2DIAGNOSTIC,    10, -5.278441462599e-01, 3.304086619012e-04, 7.1381e+00, 3.0663e-01, 
 2DIAGNOSTIC,    11, -5.278815435733e-01, 2.555074090805e-04, 7.5197e+00, 3.8161e-01, 
 2DIAGNOSTIC,    12, -5.278854022225e-01, 1.844460909641e-04, 7.8732e+00, 3.5353e-01, 
 2DIAGNOSTIC,    13, -5.278906900600e-01, 1.246109479975e-04, 8.2113e+00, 3.3811e-01, 
 2DIAGNOSTIC,    14, -5.278908862891e-01, 8.113307424390e-05, 8.5373e+00, 3.2601e-01, 
 2DIAGNOSTIC,    15, -5.278926656353e-01, 5.323243188066e-05, 8.8759e+00, 3.3863e-01, 
 2DIAGNOSTIC,    16, -5.278926659345e-01, 3.675973819765e-05, 9.2131e+00, 3.3715e-01, 
 2DIAGNOSTIC,    17, -5.278933926001e-01, 2.269439902217e-05, 9.5512e+00, 3.3807e-01, 
 2DIAGNOSTIC,    18, -5.278933290774e-01, 1.044244961239e-05, 9.8904e+00, 3.3922e-01, 
 2DIAGNOSTIC,    19, -5.278936565551e-01, 3.566309849351e-06, 1.0238e+01, 3.4801e-01, 
 2DIAGNOSTIC,    20, -5.278923881342e-01, 2.160192275391e-06, 1.0577e+01, 3.3879e-01, 
 2DIAGNOSTIC,    21, -5.278909658701e-01, 1.758100912359e-06, 1.0880e+01, 3.0247e-01, 
 2DIAGNOSTIC,    22, -5.278917585477e-01, 1.481471122416e-06, 1.1217e+01, 3.3779e-01, 
 2DIAGNOSTIC,    23, -5.278901816331e-01, 1.311555383160e-06, 1.1561e+01, 3.4309e-01, 
 2DIAGNOSTIC,    24, -5.278884532236e-01, 1.128047590768e-06, 1.1869e+01, 3.0866e-01, 
 2DIAGNOSTIC,    25, -5.278879242115e-01, 1.006475707090e-06, 1.2168e+01, 2.9884e-01, 
DIAGNOSTIC,Iteration,metricValue,convergenceValue,ITERATION_TIME_INDEX,SINCE_LAST
 2DIAGNOSTIC,     1, -4.828511153310e-01, 1.797693134862e+308, 1.5529e+01, 3.3605e+00, 
 2DIAGNOSTIC,     2, -4.831339628250e-01, 1.797693134862e+308, 1.7582e+01, 2.0530e+00, 
 2DIAGNOSTIC,     3, -4.835133373357e-01, 1.797693134862e+308, 1.9602e+01, 2.0207e+00, 
 2DIAGNOSTIC,     4, -4.838663681745e-01, 1.797693134862e+308, 2.1808e+01, 2.2054e+00, 
 2DIAGNOSTIC,     5, -4.846275354865e-01, 1.797693134862e+308, 2.4086e+01, 2.2787e+00, 
 2DIAGNOSTIC,     6, -4.849496822842e-01, 1.797693134862e+308, 2.9407e+01, 5.3210e+00, 
 2DIAGNOSTIC,     7, -4.849495235697e-01, 1.797693134862e+308, 3.1772e+01, 2.3643e+00, 
 2DIAGNOSTIC,     8, -4.849495473074e-01, 1.797693134862e+308, 3.3866e+01, 2.0947e+00, 
 2DIAGNOSTIC,     9, -4.849494591547e-01, 1.797693134862e+308, 3.5906e+01, 2.0395e+00, 
 2DIAGNOSTIC,    10, -4.849492708376e-01, 3.113780258470e-04, 3.7816e+01, 1.9102e+00, 
 2DIAGNOSTIC,    11, -4.849492121714e-01, 2.152362044587e-04, 4.0360e+01, 2.5436e+00, 
 2DIAGNOSTIC,    12, -4.849491232049e-01, 1.301488634847e-04, 4.2419e+01, 2.0595e+00, 
