
##########################
# Experiment information #
##########################

EXPERIMENT_NAME: antsRegistration-r7-p23
VFC_BACKENDS: libinterflop_vprec.so --range-binary32=7 --precision-binary32=23 --range-binary64=7 --precision-binary64=23

SIF_IMG: /home/mdugre/projects/rrg-glatard/mdugre/containers/ants-vprec-no_metrics.simg

SUBJECT_ID: s014
INPUT_IMG: /home/mdugre/scratch/mri-registration-rp/datasets/ds004513/derivatives/mri-registration-rp/antsBrainExtraction/sub-s014/BrainExtractionBrain.nii.gz
OUTPUT_DIR: /home/mdugre/scratch/mri-registration-rp/datasets/ds004513/derivatives/mri-registration-rp/0001/antsRegistration-r7-p23/sub-s014

FIXED_IMG: /templateflow/tpl-MNI152NLin2009cAsym/tpl-MNI152NLin2009cAsym_res-01_desc-brain_T1w.nii.gz
DATA_DIR: /home/mdugre/scratch/mri-registration-rp/datasets/ds004513
TEMPLATEFLOW_DIR: /home/mdugre/projects/rrg-glatard/mdugre/templateflow
ITK_GLOBAL_DEFAULT_NUMBER_OF_THREADS: 16
##########################

Info [verificarlo]: loaded backend libinterflop_ieee.so
Info [interflop-ieee]: load backend with:
Info [interflop-ieee]: debug = false
Info [interflop-ieee]: debug-binary = false
Info [interflop-ieee]: no-backend-name = false
Info [interflop-ieee]: print-new-line = false
Info [interflop-ieee]: print-subnormal-normalized = false
Info [interflop-ieee]: count-op = false
All_Command_lines_OK
Using double precision for computations.
=============================================================================
The composite transform comprises the following transforms (in order): 
  1. Center of mass alignment using fixed image: /templateflow/tpl-MNI152NLin2009cAsym/tpl-MNI152NLin2009cAsym_res-01_desc-brain_T1w.nii.gz and moving image: /home/mdugre/scratch/mri-registration-rp/datasets/ds004513/derivatives/mri-registration-rp/antsBrainExtraction/sub-s014/BrainExtractionBrain.nii.gz (type = Euler3DTransform)
=============================================================================
  number of levels = 1
  fixed image: /templateflow/tpl-MNI152NLin2009cAsym/tpl-MNI152NLin2009cAsym_res-01_desc-brain_T1w.nii.gz
  moving image: /home/mdugre/scratch/mri-registration-rp/datasets/ds004513/derivatives/mri-registration-rp/antsBrainExtraction/sub-s014/BrainExtractionBrain.nii.gz
Dimension = 3
Number of stages = 1
Use histogram matching = false
Winsorize image intensities = true
  Lower quantile = 0.005
  Upper quantile = 0.995


Stage 1 State
   Image metric = MattesMI
     Fixed image = Image (0x3c24e70)
  RTTI typeinfo:   itk::Image<double, 3u>
  Reference Count: 2
  Modified Time: 2334
  Debug: Off
  Object Name: 
  Observers: 
    none
  Source: (none)
  Source output name: (none)
  Release Data: Off
  Data Released: False
  Global Release Data: Off
  PipelineMTime: 0
  UpdateMTime: 1943
  RealTimeStamp: 0 seconds 
  LargestPossibleRegion: 
    Dimension: 3
    Index: [0, 0, 0]
    Size: [193, 229, 193]
  BufferedRegion: 
    Dimension: 3
    Index: [0, 0, 0]
    Size: [193, 229, 193]
  RequestedRegion: 
    Dimension: 3
    Index: [0, 0, 0]
    Size: [193, 229, 193]
  Spacing: [1, 1, 1]
  Origin: [96, 132, -78]
  Direction: 
-1 0 0
0 -1 0
0 0 1

  IndexToPointMatrix: 
-1 0 0
0 -1 0
0 0 1

  PointToIndexMatrix: 
-1 0 0
0 -1 0
0 0 1

  Inverse Direction: 
-1 0 0
0 -1 0
0 0 1

  PixelContainer: 
    ImportImageContainer (0x3c31140)
      RTTI typeinfo:   itk::ImportImageContainer<unsigned long, double>
      Reference Count: 1
      Modified Time: 1940
      Debug: Off
      Object Name: 
      Observers: 
        none
      Pointer: 0x14b56eb8b010
      Container manages memory: true
      Size: 8530021
      Capacity: 8530021

     Moving image = Image (0x3c2e310)
  RTTI typeinfo:   itk::Image<double, 3u>
  Reference Count: 2
  Modified Time: 2335
  Debug: Off
  Object Name: 
  Observers: 
    none
  Source: (none)
  Source output name: (none)
  Release Data: Off
  Data Released: False
  Global Release Data: Off
  PipelineMTime: 0
  UpdateMTime: 2332
  RealTimeStamp: 0 seconds 
  LargestPossibleRegion: 
    Dimension: 3
    Index: [0, 0, 0]
    Size: [160, 240, 256]
  BufferedRegion: 
    Dimension: 3
    Index: [0, 0, 0]
    Size: [160, 240, 256]
  RequestedRegion: 
    Dimension: 3
    Index: [0, 0, 0]
    Size: [160, 240, 256]
  Spacing: [0.999999, 1, 1]
  Origin: [84.1637, 106.709, -120.531]
  Direction: 
-0.999619 -0.0226874 -0.0157033
0.0226846 -0.999743 0.00035635
-0.0157073 -7.8229e-09 0.999877

  IndexToPointMatrix: 
-0.999619 -0.0226874 -0.0157033
0.0226845 -0.999743 0.00035635
-0.0157073 -7.8229e-09 0.999877

  PointToIndexMatrix: 
-0.99962 0.0226846 -0.0157073
-0.0226874 -0.999743 -7.83127e-09
-0.0157033 0.00035635 0.999877

  Inverse Direction: 
-0.999619 0.0226846 -0.0157073
-0.0226874 -0.999743 -7.83127e-09
-0.0157033 0.00035635 0.999877

  PixelContainer: 
    ImportImageContainer (0x3d59610)
      RTTI typeinfo:   itk::ImportImageContainer<unsigned long, double>
      Reference Count: 1
      Modified Time: 2329
      Debug: Off
      Object Name: 
      Observers: 
        none
      Pointer: 0x14b56a08a010
      Container manages memory: true
      Size: 9830400
      Capacity: 9830400

     Weighting = 1
     Sampling strategy = regular
     Number of bins = 32
     Radius = 4
     Sampling percentage  = 0.25
   Transform = Rigid
     Gradient step = 0.1
     Update field sigma (voxel space) = 0
     Total field sigma (voxel space) = 0
     Update field time sigma = 0
     Total field time sigma  = 0
     Number of time indices = 0
     Number of time point samples = 0
Registration using 1 total stages.

Stage 0
  iterations = 0
  convergence threshold = 1e-06
  convergence window size = 10
  number of levels = 1
  using the Mattes MI metric (number of bins = 32, weight = 1, use gradient filter = 0)
  preprocessing:  winsorizing the image intensities
  Shrink factors (level 1 out of 1): [1, 1, 1]
  smoothing sigmas per level: [0]
  regular sampling (percentage = 0.25)

*** Running Euler3DTransform registration ***

  Elapsed time (stage 0): 1.10689


Total elapsed time: 1.10921
Info [verificarlo]: loaded backend libinterflop_ieee.so
Info [interflop-ieee]: load backend with:
Info [interflop-ieee]: debug = false
Info [interflop-ieee]: debug-binary = false
Info [interflop-ieee]: no-backend-name = false
Info [interflop-ieee]: print-new-line = false
Info [interflop-ieee]: print-subnormal-normalized = false
Info [interflop-ieee]: count-op = false
All_Command_lines_OK
Using double precision for computations.
=============================================================================
The composite transform comprises the following transforms (in order): 
  1. /home/mdugre/scratch/mri-registration-rp/datasets/ds004513/derivatives/mri-registration-rp/0001/antsRegistration-r7-p23/sub-s014/align_Composite.h5[0] (type = Euler3DTransform)
  2. /home/mdugre/scratch/mri-registration-rp/datasets/ds004513/derivatives/mri-registration-rp/0001/antsRegistration-r7-p23/sub-s014/align_Composite.h5[1] (type = Euler3DTransform)
=============================================================================
  number of levels = 4
  fixed image: /templateflow/tpl-MNI152NLin2009cAsym/tpl-MNI152NLin2009cAsym_res-01_desc-brain_T1w.nii.gz
  moving image: /home/mdugre/scratch/mri-registration-rp/datasets/ds004513/derivatives/mri-registration-rp/antsBrainExtraction/sub-s014/BrainExtractionBrain.nii.gz
Dimension = 3
Number of stages = 1
Use histogram matching = false
Winsorize image intensities = true
  Lower quantile = 0.005
  Upper quantile = 0.995


Stage 1 State
   Image metric = MattesMI
     Fixed image = Image (0x399c530)
  RTTI typeinfo:   itk::Image<double, 3u>
  Reference Count: 2
  Modified Time: 1580
  Debug: Off
  Object Name: 
  Observers: 
    none
  Source: (none)
  Source output name: (none)
  Release Data: Off
  Data Released: False
  Global Release Data: Off
  PipelineMTime: 0
  UpdateMTime: 1189
  RealTimeStamp: 0 seconds 
  LargestPossibleRegion: 
    Dimension: 3
    Index: [0, 0, 0]
    Size: [193, 229, 193]
  BufferedRegion: 
    Dimension: 3
    Index: [0, 0, 0]
    Size: [193, 229, 193]
  RequestedRegion: 
    Dimension: 3
    Index: [0, 0, 0]
    Size: [193, 229, 193]
  Spacing: [1, 1, 1]
  Origin: [96, 132, -78]
  Direction: 
-1 0 0
0 -1 0
0 0 1

  IndexToPointMatrix: 
-1 0 0
0 -1 0
0 0 1

  PointToIndexMatrix: 
-1 0 0
0 -1 0
0 0 1

  Inverse Direction: 
-1 0 0
0 -1 0
0 0 1

  PixelContainer: 
    ImportImageContainer (0x3a5ad60)
      RTTI typeinfo:   itk::ImportImageContainer<unsigned long, double>
      Reference Count: 1
      Modified Time: 1186
      Debug: Off
      Object Name: 
      Observers: 
        none
      Pointer: 0x1491138b0010
      Container manages memory: true
      Size: 8530021
      Capacity: 8530021

     Moving image = Image (0x3a4cf60)
  RTTI typeinfo:   itk::Image<double, 3u>
  Reference Count: 2
  Modified Time: 1581
  Debug: Off
  Object Name: 
  Observers: 
    none
  Source: (none)
  Source output name: (none)
  Release Data: Off
  Data Released: False
  Global Release Data: Off
  PipelineMTime: 0
  UpdateMTime: 1578
  RealTimeStamp: 0 seconds 
  LargestPossibleRegion: 
    Dimension: 3
    Index: [0, 0, 0]
    Size: [160, 240, 256]
  BufferedRegion: 
    Dimension: 3
    Index: [0, 0, 0]
    Size: [160, 240, 256]
  RequestedRegion: 
    Dimension: 3
    Index: [0, 0, 0]
    Size: [160, 240, 256]
  Spacing: [0.999999, 1, 1]
  Origin: [84.1637, 106.709, -120.531]
  Direction: 
-0.999619 -0.0226874 -0.0157033
0.0226846 -0.999743 0.00035635
-0.0157073 -7.8229e-09 0.999877

  IndexToPointMatrix: 
-0.999619 -0.0226874 -0.0157033
0.0226845 -0.999743 0.00035635
-0.0157073 -7.8229e-09 0.999877

  PointToIndexMatrix: 
-0.99962 0.0226846 -0.0157073
-0.0226874 -0.999743 -7.83127e-09
-0.0157033 0.00035635 0.999877

  Inverse Direction: 
-0.999619 0.0226846 -0.0157073
-0.0226874 -0.999743 -7.83127e-09
-0.0157033 0.00035635 0.999877

  PixelContainer: 
    ImportImageContainer (0x3a3e6d0)
      RTTI typeinfo:   itk::ImportImageContainer<unsigned long, double>
      Reference Count: 1
      Modified Time: 1575
      Debug: Off
      Object Name: 
      Observers: 
        none
      Pointer: 0x14910edaf010
      Container manages memory: true
      Size: 9830400
      Capacity: 9830400

     Weighting = 1
     Sampling strategy = regular
     Number of bins = 32
     Radius = 4
     Sampling percentage  = 0.25
   Transform = Rigid
     Gradient step = 0.1
     Update field sigma (voxel space) = 0
     Total field sigma (voxel space) = 0
     Update field time sigma = 0
     Total field time sigma  = 0
     Number of time indices = 0
     Number of time point samples = 0
Registration using 1 total stages.

Stage 0
  iterations = 1000x500x250x100
  convergence threshold = 1e-06
  convergence window size = 10
  number of levels = 4
  using the Mattes MI metric (number of bins = 32, weight = 1, use gradient filter = 0)
  preprocessing:  winsorizing the image intensities
  Shrink factors (level 1 out of 4): [8, 8, 8]
  Shrink factors (level 2 out of 4): [4, 4, 4]
  Shrink factors (level 3 out of 4): [2, 2, 2]
  Shrink factors (level 4 out of 4): [1, 1, 1]
  smoothing sigmas per level: [3, 2, 1, 0]
  regular sampling (percentage = 0.25)

*** Running Euler3DTransform registration ***

DIAGNOSTIC,Iteration,metricValue,convergenceValue,ITERATION_TIME_INDEX,SINCE_LAST
 2DIAGNOSTIC,     1, -4.770821406565e-01, 1.797693134862e+308, 7.6044e-01, 7.6044e-01, 
 2DIAGNOSTIC,     2, -4.784216133942e-01, 1.797693134862e+308, 7.6495e-01, 4.5071e-03, 
 2DIAGNOSTIC,     3, -4.807043200681e-01, 1.797693134862e+308, 7.6987e-01, 4.9279e-03, 
 2DIAGNOSTIC,     4, -4.840264478065e-01, 1.797693134862e+308, 7.7445e-01, 4.5750e-03, 
 2DIAGNOSTIC,     5, -4.883050305770e-01, 1.797693134862e+308, 7.7871e-01, 4.2570e-03, 
 2DIAGNOSTIC,     6, -4.953560426371e-01, 1.797693134862e+308, 7.8348e-01, 4.7688e-03, 
 2DIAGNOSTIC,     7, -5.007350570384e-01, 1.797693134862e+308, 7.8760e-01, 4.1239e-03, 
 2DIAGNOSTIC,     8, -5.013278569503e-01, 1.797693134862e+308, 7.9186e-01, 4.2639e-03, 
 2DIAGNOSTIC,     9, -5.085255256006e-01, 1.797693134862e+308, 7.9740e-01, 5.5408e-03, 
 2DIAGNOSTIC,    10, -5.161992633656e-01, 5.125196520979e-03, 8.0365e-01, 6.2490e-03, 
 2DIAGNOSTIC,    11, -5.167072941437e-01, 4.879252931146e-03, 8.0808e-01, 4.4250e-03, 
 2DIAGNOSTIC,    12, -5.203629876260e-01, 4.481282734469e-03, 8.1262e-01, 4.5440e-03, 
 2DIAGNOSTIC,    13, -5.229718709777e-01, 3.958672533580e-03, 8.1698e-01, 4.3540e-03, 
 2DIAGNOSTIC,    14, -5.250338110830e-01, 3.368007801724e-03, 8.2207e-01, 5.0979e-03, 
 2DIAGNOSTIC,    15, -5.272078697648e-01, 2.786121483397e-03, 8.2878e-01, 6.7041e-03, 
 2DIAGNOSTIC,    16, -5.275715603979e-01, 2.284098302172e-03, 8.3313e-01, 4.3509e-03, 
 2DIAGNOSTIC,    17, -5.282507656512e-01, 1.839921123750e-03, 8.3754e-01, 4.4060e-03, 
 2DIAGNOSTIC,    18, -5.289722876066e-01, 1.313912041904e-03, 8.4256e-01, 5.0261e-03, 
 2DIAGNOSTIC,    19, -5.292207410111e-01, 9.370568707390e-04, 8.4784e-01, 5.2772e-03, 
 2DIAGNOSTIC,    20, -5.294476960672e-01, 7.341365573350e-04, 8.5263e-01, 4.7948e-03, 
 2DIAGNOSTIC,    21, -5.294955840903e-01, 4.966190831850e-04, 8.5689e-01, 4.2522e-03, 
 2DIAGNOSTIC,    22, -5.295366245031e-01, 3.281311959285e-04, 8.6175e-01, 4.8652e-03, 
 2DIAGNOSTIC,    23, -5.295376311909e-01, 2.063244245603e-04, 8.6652e-01, 4.7648e-03, 
 2DIAGNOSTIC,    24, -5.295911249027e-01, 1.234508389487e-04, 8.7124e-01, 4.7262e-03, 
 2DIAGNOSTIC,    25, -5.296271130650e-01, 8.499150549908e-05, 8.7608e-01, 4.8361e-03, 
 2DIAGNOSTIC,    26, -5.296539599384e-01, 4.983583932716e-05, 8.8030e-01, 4.2188e-03, 
 2DIAGNOSTIC,    27, -5.297704229809e-01, 2.877322815881e-05, 8.8452e-01, 4.2260e-03, 
 2DIAGNOSTIC,    28, -5.299884954864e-01, 2.504887531696e-05, 8.9037e-01, 5.8460e-03, 
 2DIAGNOSTIC,    29, -5.300854192462e-01, 2.569611952193e-05, 8.9511e-01, 4.7438e-03, 
 2DIAGNOSTIC,    30, -5.300410324621e-01, 2.732899344277e-05, 8.9927e-01, 4.1530e-03, 
 2DIAGNOSTIC,    31, -5.300376932141e-01, 2.724560548349e-05, 9.0348e-01, 4.2181e-03, 
 2DIAGNOSTIC,    32, -5.301686264233e-01, 2.763232919113e-05, 9.0769e-01, 4.2109e-03, 
 2DIAGNOSTIC,    33, -5.303926738421e-01, 2.905769097106e-05, 9.1288e-01, 5.1889e-03, 
 2DIAGNOSTIC,    34, -5.304519664601e-01, 2.945835349012e-05, 9.1808e-01, 5.1970e-03, 
 2DIAGNOSTIC,    35, -5.305073139184e-01, 2.868169329822e-05, 9.2226e-01, 4.1800e-03, 
 2DIAGNOSTIC,    36, -5.305686017148e-01, 2.670517374645e-05, 9.2645e-01, 4.1940e-03, 
 2DIAGNOSTIC,    37, -5.306602858943e-01, 2.533264913695e-05, 9.3216e-01, 5.7039e-03, 
 2DIAGNOSTIC,    38, -5.306881156231e-01, 2.512162425491e-05, 9.3639e-01, 4.2341e-03, 
 2DIAGNOSTIC,    39, -5.307317416635e-01, 2.461885299025e-05, 9.4065e-01, 4.2529e-03, 
 2DIAGNOSTIC,    40, -5.308225091354e-01, 2.257034276508e-05, 9.4639e-01, 5.7461e-03, 
 2DIAGNOSTIC,    41, -5.308460424125e-01, 1.877385526026e-05, 9.5062e-01, 4.2310e-03, 
 2DIAGNOSTIC,    42, -5.308561837321e-01, 1.520831957120e-05, 9.5489e-01, 4.2698e-03, 
 2DIAGNOSTIC,    43, -5.308777649273e-01, 1.355835177018e-05, 9.5911e-01, 4.2171e-03, 
 2DIAGNOSTIC,    44, -5.309114036110e-01, 1.190613944156e-05, 9.6329e-01, 4.1840e-03, 
 2DIAGNOSTIC,    45, -5.310262965518e-01, 1.129423566396e-05, 9.7002e-01, 6.7310e-03, 
 2DIAGNOSTIC,    46, -5.310374074445e-01, 1.049838941799e-05, 9.7426e-01, 4.2329e-03, 
 2DIAGNOSTIC,    47, -5.310434720121e-01, 9.962263448651e-06, 9.7847e-01, 4.2090e-03, 
 2DIAGNOSTIC,    48, -5.310518853633e-01, 8.989886105627e-06, 9.8270e-01, 4.2348e-03, 
 2DIAGNOSTIC,    49, -5.310584329536e-01, 7.783359500860e-06, 9.8785e-01, 5.1489e-03, 
 2DIAGNOSTIC,    50, -5.310645817646e-01, 6.973833583633e-06, 9.9348e-01, 5.6300e-03, 
 2DIAGNOSTIC,    51, -5.310656430618e-01, 5.851695600252e-06, 9.9770e-01, 4.2160e-03, 
 2DIAGNOSTIC,    52, -5.310738190002e-01, 4.481863509879e-06, 1.0024e+00, 4.7250e-03, 
 2DIAGNOSTIC,    53, -5.310768127969e-01, 3.049471521448e-06, 1.0067e+00, 4.2732e-03, 
 2DIAGNOSTIC,    54, -5.310775506016e-01, 1.750844720129e-06, 1.0108e+00, 4.1182e-03, 
 2DIAGNOSTIC,    55, -5.310817434211e-01, 1.565716413139e-06, 1.0149e+00, 4.1170e-03, 
 2DIAGNOSTIC,    56, -5.310870994121e-01, 1.452195857461e-06, 1.0196e+00, 4.6768e-03, 
 2DIAGNOSTIC,    57, -5.310885232962e-01, 1.327089154804e-06, 1.0242e+00, 4.6182e-03, 
 2DIAGNOSTIC,    58, -5.310914487850e-01, 1.238639651159e-06, 1.0289e+00, 4.6461e-03, 
 2DIAGNOSTIC,    59, -5.311015678587e-01, 1.240623596709e-06, 1.0340e+00, 5.1329e-03, 
 2DIAGNOSTIC,    60, -5.311021904297e-01, 1.235244579047e-06, 1.0381e+00, 4.1080e-03, 
 2DIAGNOSTIC,    61, -5.311059901820e-01, 1.204917779156e-06, 1.0512e+00, 1.3134e-02, 
 2DIAGNOSTIC,    62, -5.311059901659e-01, 1.182103197359e-06, 1.0641e+00, 1.2851e-02, 
 2DIAGNOSTIC,    63, -5.311059901659e-01, 1.122797857609e-06, 1.0690e+00, 4.9019e-03, 
 2DIAGNOSTIC,    64, -5.311059901659e-01, 1.011506956181e-06, 1.0740e+00, 5.0268e-03, 
DIAGNOSTIC,Iteration,metricValue,convergenceValue,ITERATION_TIME_INDEX,SINCE_LAST
 2DIAGNOSTIC,     1, -4.295258231625e-01, 1.797693134862e+308, 1.8021e+00, 7.2812e-01, 
 2DIAGNOSTIC,     2, -4.302859640432e-01, 1.797693134862e+308, 1.8331e+00, 3.0917e-02, 
 2DIAGNOSTIC,     3, -4.309651196675e-01, 1.797693134862e+308, 1.8644e+00, 3.1323e-02, 
 2DIAGNOSTIC,     4, -4.317164347764e-01, 1.797693134862e+308, 1.8955e+00, 3.1084e-02, 
 2DIAGNOSTIC,     5, -4.325561938345e-01, 1.797693134862e+308, 1.9265e+00, 3.0997e-02, 
 2DIAGNOSTIC,     6, -4.341819580779e-01, 1.797693134862e+308, 1.9573e+00, 3.0825e-02, 
 2DIAGNOSTIC,     7, -4.354327949460e-01, 1.797693134862e+308, 1.9883e+00, 3.1002e-02, 
 2DIAGNOSTIC,     8, -4.367134834401e-01, 1.797693134862e+308, 2.0232e+00, 3.4911e-02, 
 2DIAGNOSTIC,     9, -4.377076816053e-01, 1.797693134862e+308, 2.0650e+00, 4.1820e-02, 
 2DIAGNOSTIC,    10, -4.379510214291e-01, 1.375954781895e-03, 2.0962e+00, 3.1194e-02, 
 2DIAGNOSTIC,    11, -4.381306699704e-01, 1.211218579660e-03, 2.1268e+00, 3.0557e-02, 
 2DIAGNOSTIC,    12, -4.403708091237e-01, 1.128184042348e-03, 2.1621e+00, 3.5314e-02, 
 2DIAGNOSTIC,    13, -4.435986505852e-01, 1.148562288537e-03, 2.2021e+00, 3.9980e-02, 
 2DIAGNOSTIC,    14, -4.436199448082e-01, 1.094787362407e-03, 2.2344e+00, 3.2384e-02, 
 2DIAGNOSTIC,    15, -4.445052016212e-01, 1.025845788096e-03, 2.2656e+00, 3.1167e-02, 
 2DIAGNOSTIC,    16, -4.479362667134e-01, 1.077370587602e-03, 2.3069e+00, 4.1309e-02, 
 2DIAGNOSTIC,    17, -4.481475950946e-01, 1.073587587419e-03, 2.3369e+00, 3.0016e-02, 
 2DIAGNOSTIC,    18, -4.482020490334e-01, 1.018146301111e-03, 2.3697e+00, 3.2759e-02, 
 2DIAGNOSTIC,    19, -4.481966708596e-01, 9.107728221389e-04, 2.4247e+00, 5.5050e-02, 
 2DIAGNOSTIC,    20, -4.481953335834e-01, 7.394369049973e-04, 2.4545e+00, 2.9747e-02, 
 2DIAGNOSTIC,    21, -4.481954334243e-01, 5.189437706073e-04, 2.4903e+00, 3.5786e-02, 
 2DIAGNOSTIC,    22, -4.482018533930e-01, 3.337448829114e-04, 2.5225e+00, 3.2235e-02, 
 2DIAGNOSTIC,    23, -4.481921491811e-01, 2.259319918462e-04, 2.5520e+00, 2.9465e-02, 
 2DIAGNOSTIC,    24, -4.482074312936e-01, 1.077320647931e-04, 2.5863e+00, 3.4321e-02, 
 2DIAGNOSTIC,    25, -4.482144439077e-01, 9.691656811736e-06, 2.6252e+00, 3.8905e-02, 
 2DIAGNOSTIC,    26, -4.482116710100e-01, 3.273680280490e-06, 2.6641e+00, 3.8869e-02, 
 2DIAGNOSTIC,    27, -4.482088353632e-01, 2.084627464607e-06, 2.7018e+00, 3.7713e-02, 
 2DIAGNOSTIC,    28, -4.482139220027e-01, 2.274305221095e-06, 2.7323e+00, 3.0526e-02, 
 2DIAGNOSTIC,    29, -4.482420866438e-01, 2.842587078687e-06, 2.7664e+00, 3.4114e-02, 
 2DIAGNOSTIC,    30, -4.482455732761e-01, 3.232687377203e-06, 2.8020e+00, 3.5600e-02, 
 2DIAGNOSTIC,    31, -4.482405886520e-01, 3.298139001039e-06, 2.8373e+00, 3.5234e-02, 
 2DIAGNOSTIC,    32, -4.482290914943e-01, 3.068922137785e-06, 2.8684e+00, 3.1130e-02, 
 2DIAGNOSTIC,    33, -4.482261087466e-01, 2.406544446179e-06, 2.9037e+00, 3.5349e-02, 
 2DIAGNOSTIC,    34, -4.482147421291e-01, 1.704268024608e-06, 2.9382e+00, 3.4499e-02, 
 2DIAGNOSTIC,    35, -4.482170221661e-01, 1.142411400319e-06, 2.9692e+00, 3.0934e-02, 
DIAGNOSTIC,Iteration,metricValue,convergenceValue,ITERATION_TIME_INDEX,SINCE_LAST
 2DIAGNOSTIC,     1, -3.932184618856e-01, 1.797693134862e+308, 4.1188e+00, 1.1496e+00, 
 2DIAGNOSTIC,     2, -3.933350080748e-01, 1.797693134862e+308, 4.3690e+00, 2.5021e-01, 
 2DIAGNOSTIC,     3, -3.934316047536e-01, 1.797693134862e+308, 4.6125e+00, 2.4344e-01, 
 2DIAGNOSTIC,     4, -3.934445201619e-01, 1.797693134862e+308, 4.9088e+00, 2.9634e-01, 
 2DIAGNOSTIC,     5, -3.934561041341e-01, 1.797693134862e+308, 5.2205e+00, 3.1174e-01, 
 2DIAGNOSTIC,     6, -3.934557400408e-01, 1.797693134862e+308, 5.5496e+00, 3.2906e-01, 
 2DIAGNOSTIC,     7, -3.934568947858e-01, 1.797693134862e+308, 6.0566e+00, 5.0701e-01, 
 2DIAGNOSTIC,     8, -3.934560026672e-01, 1.797693134862e+308, 6.3428e+00, 2.8619e-01, 
 2DIAGNOSTIC,     9, -3.934553707386e-01, 1.797693134862e+308, 6.6990e+00, 3.5618e-01, 
 2DIAGNOSTIC,    10, -3.934548435768e-01, 2.950388556544e-05, 6.9892e+00, 2.9019e-01, 
 2DIAGNOSTIC,    11, -3.934535150803e-01, 1.251787980615e-05, 7.2748e+00, 2.8565e-01, 
 2DIAGNOSTIC,    12, -3.934529103722e-01, 4.334108943863e-06, 7.5833e+00, 3.0853e-01, 
 2DIAGNOSTIC,    13, -3.934523312285e-01, 2.580302697633e-06, 7.8314e+00, 2.4809e-01, 
 2DIAGNOSTIC,    14, -3.934518640839e-01, 1.691075611626e-06, 8.1378e+00, 3.0639e-01, 
 2DIAGNOSTIC,    15, -3.934519734371e-01, 1.537715182659e-06, 8.4378e+00, 2.9996e-01, 
 2DIAGNOSTIC,    16, -3.934513609483e-01, 1.410839919933e-06, 8.6818e+00, 2.4402e-01, 
 2DIAGNOSTIC,    17, -3.934508380195e-01, 1.380509451462e-06, 8.9569e+00, 2.7510e-01, 
 2DIAGNOSTIC,    18, -3.934502559679e-01, 1.340256759810e-06, 9.1940e+00, 2.3710e-01, 
 2DIAGNOSTIC,    19, -3.934497851676e-01, 1.301860311803e-06, 9.4548e+00, 2.6086e-01, 
 2DIAGNOSTIC,    20, -3.934499621551e-01, 1.290039241618e-06, 9.7126e+00, 2.5774e-01, 
 2DIAGNOSTIC,    21, -3.934502604848e-01, 1.271710167762e-06, 9.9781e+00, 2.6553e-01, 
 2DIAGNOSTIC,    22, -3.934498715517e-01, 1.245514101300e-06, 1.0260e+01, 2.8235e-01, 
 2DIAGNOSTIC,    23, -3.934501307150e-01, 1.231426822020e-06, 1.0529e+01, 2.6836e-01, 
 2DIAGNOSTIC,    24, -3.934495535619e-01, 1.200792292551e-06, 1.0759e+01, 2.3067e-01, 
 2DIAGNOSTIC,    25, -3.934490927534e-01, 1.174527715059e-06, 1.0993e+01, 2.3333e-01, 
 2DIAGNOSTIC,    26, -3.934495816217e-01, 1.156238071467e-06, 1.1264e+01, 2.7167e-01, 
 2DIAGNOSTIC,    27, -3.934510332815e-01, 1.170201608870e-06, 1.1576e+01, 3.1194e-01, 
 2DIAGNOSTIC,    28, -3.934498670184e-01, 1.138213984613e-06, 1.1840e+01, 2.6386e-01, 
 2DIAGNOSTIC,    29, -3.934494067850e-01, 1.086573243103e-06, 1.2097e+01, 2.5714e-01, 
 2DIAGNOSTIC,    30, -3.934490070949e-01, 1.034518276863e-06, 1.2361e+01, 2.6311e-01, 
 2DIAGNOSTIC,    31, -3.934493552166e-01, 1.002859706695e-06, 1.2592e+01, 2.3185e-01, 
 2DIAGNOSTIC,    32, -3.934514388933e-01, 1.012150028450e-06, 1.2870e+01, 2.7715e-01, 
 2DIAGNOSTIC,    33, -3.934519791626e-01, 1.036072070214e-06, 1.3109e+01, 2.3906e-01, 
 2DIAGNOSTIC,    34, -3.934514162002e-01, 1.029043059673e-06, 1.3346e+01, 2.3725e-01, 
 2DIAGNOSTIC,    35, -3.934525148393e-01, 1.027695562372e-06, 1.3611e+01, 2.6532e-01, 
 2DIAGNOSTIC,    36, -3.934539683984e-01, 1.051995710787e-06, 1.3927e+01, 3.1595e-01, 
 2DIAGNOSTIC,    37, -3.934536117427e-01, 1.079271539171e-06, 1.4185e+01, 2.5767e-01, 
 2DIAGNOSTIC,    38, -3.934525130818e-01, 1.042002427742e-06, 1.4454e+01, 2.6913e-01, 
DIAGNOSTIC,Iteration,metricValue,convergenceValue,ITERATION_TIME_INDEX,SINCE_LAST
 2DIAGNOSTIC,     1, -3.660000232029e-01, 1.797693134862e+308, 1.7067e+01, 2.6131e+00, 
 2DIAGNOSTIC,     2, -3.661006044930e-01, 1.797693134862e+308, 1.8666e+01, 1.5989e+00, 
 2DIAGNOSTIC,     3, -3.661940053516e-01, 1.797693134862e+308, 2.0261e+01, 1.5952e+00, 
 2DIAGNOSTIC,     4, -3.662025643947e-01, 1.797693134862e+308, 2.2795e+01, 2.5341e+00, 
 2DIAGNOSTIC,     5, -3.662022977370e-01, 1.797693134862e+308, 2.4678e+01, 1.8830e+00, 
 2DIAGNOSTIC,     6, -3.662022733235e-01, 1.797693134862e+308, 2.6253e+01, 1.5742e+00, 
 2DIAGNOSTIC,     7, -3.662021510393e-01, 1.797693134862e+308, 2.8044e+01, 1.7911e+00, 
 2DIAGNOSTIC,     8, -3.662021104748e-01, 1.797693134862e+308, 2.9739e+01, 1.6956e+00, 
 2DIAGNOSTIC,     9, -3.662019867588e-01, 1.797693134862e+308, 3.1268e+01, 1.5284e+00, 
 2DIAGNOSTIC,    10, -3.662019340645e-01, 2.615307038056e-05, 3.2741e+01, 1.4731e+00, 
 2DIAGNOSTIC,    11, -3.662019021369e-01, 1.049208980750e-05, 3.4288e+01, 1.5469e+00, 
 2DIAGNOSTIC,    12, -3.662017877817e-01, 3.091361285651e-06, 3.5882e+01, 1.5941e+00, 
 2DIAGNOSTIC,    13, -3.662019075666e-01, 2.358435171518e-06, 3.7592e+01, 1.7105e+00, 
 2DIAGNOSTIC,    14, -3.662018587091e-01, 2.210206147379e-06, 3.9176e+01, 1.5840e+00, 
 2DIAGNOSTIC,    15, -3.662018920114e-01, 2.075386381653e-06, 4.0756e+01, 1.5801e+00, 
 2DIAGNOSTIC,    16, -3.662018421354e-01, 1.958104232883e-06, 4.2235e+01, 1.4790e+00, 
 2DIAGNOSTIC,    17, -3.662017315636e-01, 1.846828480333e-06, 4.3780e+01, 1.5443e+00, 
 2DIAGNOSTIC,    18, -3.662016584520e-01, 1.745449631982e-06, 4.5567e+01, 1.7875e+00, 
 2DIAGNOSTIC,    19, -3.662015876307e-01, 1.648798695374e-06, 4.7199e+01, 1.6315e+00, 
 2DIAGNOSTIC,    20, -3.662013732917e-01, 1.553843735173e-06, 4.8748e+01, 1.5490e+00, 
 2DIAGNOSTIC,    21, -3.662013254920e-01, 1.468744461663e-06, 5.0836e+01, 2.0883e+00, 
 2DIAGNOSTIC,    22, -3.662011170346e-01, 1.384171218803e-06, 5.2469e+01, 1.6330e+00, 
 2DIAGNOSTIC,    23, -3.662008967261e-01, 1.309503514429e-06, 5.3920e+01, 1.4506e+00, 
 2DIAGNOSTIC,    24, -3.662008589274e-01, 1.245216168573e-06, 5.5551e+01, 1.6314e+00, 
 2DIAGNOSTIC,    25, -3.662009022519e-01, 1.195923439820e-06, 5.7100e+01, 1.5490e+00, 
 2DIAGNOSTIC,    26, -3.662008588624e-01, 1.154782592140e-06, 5.8482e+01, 1.3823e+00, 
 2DIAGNOSTIC,    27, -3.662010886945e-01, 1.126687716020e-06, 6.0088e+01, 1.6057e+00, 
 2DIAGNOSTIC,    28, -3.662011544998e-01, 1.105168531391e-06, 6.1726e+01, 1.6385e+00, 
 2DIAGNOSTIC,    29, -3.662007271237e-01, 1.074819860052e-06, 6.3446e+01, 1.7195e+00, 
 2DIAGNOSTIC,    30, -3.662006710288e-01, 1.041888301412e-06, 6.5062e+01, 1.6156e+00, 
 2DIAGNOSTIC,    31, -3.662006079446e-01, 1.010052196659e-06, 6.6652e+01, 1.5900e+00, 
  Elapsed time (stage 0): 6.7515e+01


Total elapsed time: 6.7517e+01
Info [verificarlo]: loaded backend libinterflop_ieee.so
Info [interflop-ieee]: load backend with:
Info [interflop-ieee]: debug = false
Info [interflop-ieee]: debug-binary = false
Info [interflop-ieee]: no-backend-name = false
Info [interflop-ieee]: print-new-line = false
Info [interflop-ieee]: print-subnormal-normalized = false
Info [interflop-ieee]: count-op = false
All_Command_lines_OK
Using double precision for computations.
=============================================================================
The composite transform comprises the following transforms (in order): 
  1. /home/mdugre/scratch/mri-registration-rp/datasets/ds004513/derivatives/mri-registration-rp/0001/antsRegistration-r7-p23/sub-s014/rigid_Composite.h5[0] (type = Euler3DTransform)
  2. /home/mdugre/scratch/mri-registration-rp/datasets/ds004513/derivatives/mri-registration-rp/0001/antsRegistration-r7-p23/sub-s014/rigid_Composite.h5[1] (type = Euler3DTransform)
  3. /home/mdugre/scratch/mri-registration-rp/datasets/ds004513/derivatives/mri-registration-rp/0001/antsRegistration-r7-p23/sub-s014/rigid_Composite.h5[2] (type = Euler3DTransform)
=============================================================================
  number of levels = 4
  fixed image: /templateflow/tpl-MNI152NLin2009cAsym/tpl-MNI152NLin2009cAsym_res-01_desc-brain_T1w.nii.gz
  moving image: /home/mdugre/scratch/mri-registration-rp/datasets/ds004513/derivatives/mri-registration-rp/antsBrainExtraction/sub-s014/BrainExtractionBrain.nii.gz
Dimension = 3
Number of stages = 1
Use histogram matching = false
Winsorize image intensities = true
  Lower quantile = 0.005
  Upper quantile = 0.995


Stage 1 State
   Image metric = MattesMI
     Fixed image = Image (0x4b017e0)
  RTTI typeinfo:   itk::Image<double, 3u>
  Reference Count: 2
  Modified Time: 1594
  Debug: Off
  Object Name: 
  Observers: 
    none
  Source: (none)
  Source output name: (none)
  Release Data: Off
  Data Released: False
  Global Release Data: Off
  PipelineMTime: 0
  UpdateMTime: 1203
  RealTimeStamp: 0 seconds 
  LargestPossibleRegion: 
    Dimension: 3
    Index: [0, 0, 0]
    Size: [193, 229, 193]
  BufferedRegion: 
    Dimension: 3
    Index: [0, 0, 0]
    Size: [193, 229, 193]
  RequestedRegion: 
    Dimension: 3
    Index: [0, 0, 0]
    Size: [193, 229, 193]
  Spacing: [1, 1, 1]
  Origin: [96, 132, -78]
  Direction: 
-1 0 0
0 -1 0
0 0 1

  IndexToPointMatrix: 
-1 0 0
0 -1 0
0 0 1

  PointToIndexMatrix: 
-1 0 0
0 -1 0
0 0 1

  Inverse Direction: 
-1 0 0
0 -1 0
0 0 1

  PixelContainer: 
    ImportImageContainer (0x4bc1a20)
      RTTI typeinfo:   itk::ImportImageContainer<unsigned long, double>
      Reference Count: 1
      Modified Time: 1200
      Debug: Off
      Object Name: 
      Observers: 
        none
      Pointer: 0x14a5e9b32010
      Container manages memory: true
      Size: 8530021
      Capacity: 8530021

     Moving image = Image (0x4bbcd70)
  RTTI typeinfo:   itk::Image<double, 3u>
  Reference Count: 2
  Modified Time: 1595
  Debug: Off
  Object Name: 
  Observers: 
    none
  Source: (none)
  Source output name: (none)
  Release Data: Off
  Data Released: False
  Global Release Data: Off
  PipelineMTime: 0
  UpdateMTime: 1592
  RealTimeStamp: 0 seconds 
  LargestPossibleRegion: 
    Dimension: 3
    Index: [0, 0, 0]
    Size: [160, 240, 256]
  BufferedRegion: 
    Dimension: 3
    Index: [0, 0, 0]
    Size: [160, 240, 256]
  RequestedRegion: 
    Dimension: 3
    Index: [0, 0, 0]
    Size: [160, 240, 256]
  Spacing: [0.999999, 1, 1]
  Origin: [84.1637, 106.709, -120.531]
  Direction: 
-0.999619 -0.0226874 -0.0157033
0.0226846 -0.999743 0.00035635
-0.0157073 -7.8229e-09 0.999877

  IndexToPointMatrix: 
-0.999619 -0.0226874 -0.0157033
0.0226845 -0.999743 0.00035635
-0.0157073 -7.8229e-09 0.999877

  PointToIndexMatrix: 
-0.99962 0.0226846 -0.0157073
-0.0226874 -0.999743 -7.83127e-09
-0.0157033 0.00035635 0.999877

  Inverse Direction: 
-0.999619 0.0226846 -0.0157073
-0.0226874 -0.999743 -7.83127e-09
-0.0157033 0.00035635 0.999877

  PixelContainer: 
    ImportImageContainer (0x4b74c90)
      RTTI typeinfo:   itk::ImportImageContainer<unsigned long, double>
      Reference Count: 1
      Modified Time: 1589
      Debug: Off
      Object Name: 
      Observers: 
        none
      Pointer: 0x14a5e5031010
      Container manages memory: true
      Size: 9830400
      Capacity: 9830400

     Weighting = 1
     Sampling strategy = regular
     Number of bins = 32
     Radius = 4
     Sampling percentage  = 0.25
   Transform = Affine
     Gradient step = 0.1
     Update field sigma (voxel space) = 0
     Total field sigma (voxel space) = 0
     Update field time sigma = 0
     Total field time sigma  = 0
     Number of time indices = 0
     Number of time point samples = 0
Registration using 1 total stages.

Stage 0
  iterations = 1000x500x250x100
  convergence threshold = 1e-06
  convergence window size = 10
  number of levels = 4
  using the Mattes MI metric (number of bins = 32, weight = 1, use gradient filter = 0)
  preprocessing:  winsorizing the image intensities
  Shrink factors (level 1 out of 4): [8, 8, 8]
  Shrink factors (level 2 out of 4): [4, 4, 4]
  Shrink factors (level 3 out of 4): [2, 2, 2]
  Shrink factors (level 4 out of 4): [1, 1, 1]
  smoothing sigmas per level: [3, 2, 1, 0]
  regular sampling (percentage = 0.25)

*** Running AffineTransform registration ***

DIAGNOSTIC,Iteration,metricValue,convergenceValue,ITERATION_TIME_INDEX,SINCE_LAST
 2DIAGNOSTIC,     1, -5.239750083012e-01, 1.797693134862e+308, 9.0289e-01, 9.0289e-01, 
 2DIAGNOSTIC,     2, -5.258640013839e-01, 1.797693134862e+308, 9.0860e-01, 5.7139e-03, 
 2DIAGNOSTIC,     3, -5.291088180839e-01, 1.797693134862e+308, 9.1442e-01, 5.8188e-03, 
 2DIAGNOSTIC,     4, -5.347710741813e-01, 1.797693134862e+308, 9.2103e-01, 6.6080e-03, 
 2DIAGNOSTIC,     5, -5.449383437579e-01, 1.797693134862e+308, 9.2657e-01, 5.5480e-03, 
 2DIAGNOSTIC,     6, -6.215306327032e-01, 1.797693134862e+308, 9.3237e-01, 5.7938e-03, 
 2DIAGNOSTIC,     7, -6.633611095246e-01, 1.797693134862e+308, 9.3923e-01, 6.8660e-03, 
 2DIAGNOSTIC,     8, -7.298997546060e-01, 1.797693134862e+308, 9.4774e-01, 8.5080e-03, 
 2DIAGNOSTIC,     9, -7.422520973898e-01, 1.797693134862e+308, 9.5488e-01, 7.1402e-03, 
 2DIAGNOSTIC,    10, -7.541338204289e-01, 2.915590354166e-02, 9.6111e-01, 6.2261e-03, 
 2DIAGNOSTIC,    11, -7.649021910355e-01, 2.764847188415e-02, 9.6795e-01, 6.8419e-03, 
 2DIAGNOSTIC,    12, -7.741613767208e-01, 2.434790896772e-02, 9.7578e-01, 7.8299e-03, 
 2DIAGNOSTIC,    13, -7.770752059263e-01, 1.968342035402e-02, 9.8244e-01, 6.6638e-03, 
 2DIAGNOSTIC,    14, -7.814243633303e-01, 1.436952532781e-02, 9.8868e-01, 6.2389e-03, 
 2DIAGNOSTIC,    15, -7.874240644238e-01, 9.014366245491e-03, 9.9636e-01, 7.6809e-03, 
 2DIAGNOSTIC,    16, -7.920938653120e-01, 5.733377106239e-03, 1.0025e+00, 6.1510e-03, 
 2DIAGNOSTIC,    17, -7.957349002373e-01, 3.442741419350e-03, 1.0085e+00, 6.0122e-03, 
 2DIAGNOSTIC,    18, -8.010581640074e-01, 2.769033242887e-03, 1.0158e+00, 7.3121e-03, 
 2DIAGNOSTIC,    19, -8.020624678740e-01, 2.204704547738e-03, 1.0228e+00, 6.9239e-03, 
 2DIAGNOSTIC,    20, -8.025886081762e-01, 1.748772782681e-03, 1.0289e+00, 6.1171e-03, 
 2DIAGNOSTIC,    21, -8.047947527059e-01, 1.424913479287e-03, 1.0358e+00, 6.9492e-03, 
 2DIAGNOSTIC,    22, -8.088014147942e-01, 1.241442216215e-03, 1.0438e+00, 7.9870e-03, 
 2DIAGNOSTIC,    23, -8.108219236403e-01, 1.042876895966e-03, 1.0498e+00, 6.0320e-03, 
 2DIAGNOSTIC,    24, -8.126151392360e-01, 8.656448833043e-04, 1.0559e+00, 6.0630e-03, 
 2DIAGNOSTIC,    25, -8.155474968272e-01, 7.639624336424e-04, 1.0628e+00, 6.8760e-03, 
 2DIAGNOSTIC,    26, -8.215011899629e-01, 7.574316228170e-04, 1.0685e+00, 5.6899e-03, 
 2DIAGNOSTIC,    27, -8.250894384445e-01, 7.798643713318e-04, 1.0752e+00, 6.7220e-03, 
 2DIAGNOSTIC,    28, -8.288900564459e-01, 8.529330078357e-04, 1.0829e+00, 7.6771e-03, 
 2DIAGNOSTIC,    29, -8.297165681975e-01, 8.653289116075e-04, 1.0885e+00, 5.6279e-03, 
 2DIAGNOSTIC,    30, -8.333737501714e-01, 8.490150223282e-04, 1.0944e+00, 5.9140e-03, 
 2DIAGNOSTIC,    31, -8.366881072938e-01, 8.191295537045e-04, 1.1012e+00, 6.7840e-03, 
 2DIAGNOSTIC,    32, -8.378460651307e-01, 7.740069479632e-04, 1.1072e+00, 5.9869e-03, 
 2DIAGNOSTIC,    33, -8.386443284811e-01, 6.920071579912e-04, 1.1140e+00, 6.7620e-03, 
 2DIAGNOSTIC,    34, -8.393200284646e-01, 5.779644131809e-04, 1.1216e+00, 7.5991e-03, 
 2DIAGNOSTIC,    35, -8.396557525900e-01, 4.502231673066e-04, 1.1272e+00, 5.6379e-03, 
 2DIAGNOSTIC,    36, -8.402328226614e-01, 3.547087269200e-04, 1.1332e+00, 5.9791e-03, 
 2DIAGNOSTIC,    37, -8.406979399575e-01, 2.715456432382e-04, 1.1387e+00, 5.5771e-03, 
 2DIAGNOSTIC,    38, -8.411695522052e-01, 2.099679746710e-04, 1.1454e+00, 6.6612e-03, 
 2DIAGNOSTIC,    39, -8.413406728365e-01, 1.409381625655e-04, 1.1510e+00, 5.5652e-03, 
 2DIAGNOSTIC,    40, -8.419746657953e-01, 1.015340391892e-04, 1.1582e+00, 7.2410e-03, 
 2DIAGNOSTIC,    41, -8.420479279880e-01, 8.493594608973e-05, 1.1638e+00, 5.5969e-03, 
 2DIAGNOSTIC,    42, -8.422138556250e-01, 7.272110230447e-05, 1.1702e+00, 6.3491e-03, 
 2DIAGNOSTIC,    43, -8.428855043943e-01, 6.678463273987e-05, 1.1787e+00, 8.5480e-03, 
 2DIAGNOSTIC,    44, -8.426930864491e-01, 5.873659365005e-05, 1.1849e+00, 6.2010e-03, 
 2DIAGNOSTIC,    45, -8.427431113397e-01, 4.870412237807e-05, 1.1905e+00, 5.5921e-03, 
 2DIAGNOSTIC,    46, -8.427715986095e-01, 3.937403223949e-05, 1.1970e+00, 6.5210e-03, 
 2DIAGNOSTIC,    47, -8.428560999777e-01, 3.098067518093e-05, 1.2026e+00, 5.5480e-03, 
 2DIAGNOSTIC,    48, -8.428384495660e-01, 2.346072207484e-05, 1.2089e+00, 6.2859e-03, 
 2DIAGNOSTIC,    49, -8.429139664891e-01, 1.584096414887e-05, 1.2148e+00, 5.9109e-03, 
 2DIAGNOSTIC,    50, -8.426186935244e-01, 9.635735133660e-06, 1.2211e+00, 6.2871e-03, 
 2DIAGNOSTIC,    51, -8.425535063487e-01, 2.952147273250e-06, 1.2276e+00, 6.5680e-03, 
DIAGNOSTIC,Iteration,metricValue,convergenceValue,ITERATION_TIME_INDEX,SINCE_LAST
 2DIAGNOSTIC,     1, -6.903927364667e-01, 1.797693134862e+308, 1.9349e+00, 7.0724e-01, 
 2DIAGNOSTIC,     2, -6.912711363533e-01, 1.797693134862e+308, 1.9714e+00, 3.6560e-02, 
 2DIAGNOSTIC,     3, -6.917415514853e-01, 1.797693134862e+308, 2.0081e+00, 3.6650e-02, 
 2DIAGNOSTIC,     4, -6.919447126290e-01, 1.797693134862e+308, 2.0434e+00, 3.5370e-02, 
 2DIAGNOSTIC,     5, -6.923352106161e-01, 1.797693134862e+308, 2.0821e+00, 3.8694e-02, 
 2DIAGNOSTIC,     6, -6.927227061481e-01, 1.797693134862e+308, 2.1202e+00, 3.8025e-02, 
 2DIAGNOSTIC,     7, -6.932790481879e-01, 1.797693134862e+308, 2.1800e+00, 5.9871e-02, 
 2DIAGNOSTIC,     8, -6.932632383811e-01, 1.797693134862e+308, 2.2226e+00, 4.2579e-02, 
 2DIAGNOSTIC,     9, -6.932983348626e-01, 1.797693134862e+308, 2.2618e+00, 3.9168e-02, 
 2DIAGNOSTIC,    10, -6.933978110261e-01, 2.712880182982e-04, 2.3023e+00, 4.0488e-02, 
 2DIAGNOSTIC,    11, -6.935340118521e-01, 1.963685582458e-04, 2.3491e+00, 4.6833e-02, 
 2DIAGNOSTIC,    12, -6.937317024350e-01, 1.528031315896e-04, 2.4068e+00, 5.7744e-02, 
 2DIAGNOSTIC,    13, -6.937200895940e-01, 1.169031880272e-04, 2.4511e+00, 4.4238e-02, 
 2DIAGNOSTIC,    14, -6.936960035379e-01, 8.118528162576e-05, 2.4901e+00, 3.8997e-02, 
 2DIAGNOSTIC,    15, -6.936637619282e-01, 5.274274797105e-05, 2.5384e+00, 4.8304e-02, 
 2DIAGNOSTIC,    16, -6.936656682436e-01, 3.272599754184e-05, 2.5888e+00, 5.0443e-02, 
 2DIAGNOSTIC,    17, -6.936549332724e-01, 2.535019740568e-05, 2.6289e+00, 4.0036e-02, 
 2DIAGNOSTIC,    18, -6.936324246064e-01, 1.579314984468e-05, 2.6840e+00, 5.5102e-02, 
 2DIAGNOSTIC,    19, -6.936114603681e-01, 6.316213261089e-06, 2.7507e+00, 6.6741e-02, 
DIAGNOSTIC,Iteration,metricValue,convergenceValue,ITERATION_TIME_INDEX,SINCE_LAST
 2DIAGNOSTIC,     1, -5.887338445979e-01, 1.797693134862e+308, 3.8829e+00, 1.1322e+00, 
 2DIAGNOSTIC,     2, -5.893434616620e-01, 1.797693134862e+308, 4.1989e+00, 3.1605e-01, 
 2DIAGNOSTIC,     3, -5.900693817437e-01, 1.797693134862e+308, 4.5171e+00, 3.1822e-01, 
 2DIAGNOSTIC,     4, -5.909046611875e-01, 1.797693134862e+308, 4.8403e+00, 3.2319e-01, 
 2DIAGNOSTIC,     5, -5.918966773344e-01, 1.797693134862e+308, 5.1363e+00, 2.9602e-01, 
 2DIAGNOSTIC,     6, -5.926286067947e-01, 1.797693134862e+308, 5.4516e+00, 3.1529e-01, 
 2DIAGNOSTIC,     7, -5.938268215106e-01, 1.797693134862e+308, 6.0986e+00, 6.4696e-01, 
 2DIAGNOSTIC,     8, -5.938269879931e-01, 1.797693134862e+308, 6.5160e+00, 4.1740e-01, 
 2DIAGNOSTIC,     9, -5.938248029435e-01, 1.797693134862e+308, 6.9076e+00, 3.9163e-01, 
 2DIAGNOSTIC,    10, -5.938241429077e-01, 6.335847034491e-04, 7.2866e+00, 3.7902e-01, 
 2DIAGNOSTIC,    11, -5.938187128254e-01, 4.787777894875e-04, 7.6564e+00, 3.6978e-01, 
 2DIAGNOSTIC,    12, -5.938185436817e-01, 3.308607649304e-04, 7.9873e+00, 3.3084e-01, 
 2DIAGNOSTIC,    13, -5.938171417821e-01, 2.027000649361e-04, 8.2769e+00, 2.8961e-01, 
 2DIAGNOSTIC,    14, -5.938176982895e-01, 1.033436077232e-04, 8.6112e+00, 3.3431e-01, 
 2DIAGNOSTIC,    15, -5.938182518106e-01, 3.956847553491e-05, 8.9593e+00, 3.4813e-01, 
 2DIAGNOSTIC,    16, -5.938175716663e-01, 1.237841552329e-06, 9.2840e+00, 3.2469e-01, 
 2DIAGNOSTIC,    17, -5.938188783320e-01, 1.331225240105e-06, 9.6825e+00, 3.9853e-01, 
 2DIAGNOSTIC,    18, -5.938186567990e-01, 1.461670362864e-06, 1.0020e+01, 3.3740e-01, 
 2DIAGNOSTIC,    19, -5.938181677424e-01, 1.538369007938e-06, 1.0354e+01, 3.3397e-01, 
 2DIAGNOSTIC,    20, -5.938174826782e-01, 1.591737895851e-06, 1.0701e+01, 3.4707e-01, 
 2DIAGNOSTIC,    21, -5.938166539216e-01, 1.497539163231e-06, 1.1030e+01, 3.2913e-01, 
 2DIAGNOSTIC,    22, -5.938161022390e-01, 1.399014603713e-06, 1.1399e+01, 3.6856e-01, 
