
##########################
# Experiment information #
##########################

EXPERIMENT_NAME: antsRegistration-r7-p23
VFC_BACKENDS: libinterflop_vprec.so --range-binary32=7 --precision-binary32=23 --range-binary64=7 --precision-binary64=23

SIF_IMG: /home/mdugre/projects/rrg-glatard/mdugre/containers/ants-vprec-no_metrics.simg

SUBJECT_ID: s003
INPUT_IMG: /home/mdugre/scratch/mri-registration-rp/datasets/ds004513/derivatives/mri-registration-rp/antsBrainExtraction/sub-s003/BrainExtractionBrain.nii.gz
OUTPUT_DIR: /home/mdugre/scratch/mri-registration-rp/datasets/ds004513/derivatives/mri-registration-rp/0001/antsRegistration-r7-p23/sub-s003

FIXED_IMG: /templateflow/tpl-MNI152NLin2009cAsym/tpl-MNI152NLin2009cAsym_res-01_desc-brain_T1w.nii.gz
DATA_DIR: /home/mdugre/scratch/mri-registration-rp/datasets/ds004513
TEMPLATEFLOW_DIR: /home/mdugre/projects/rrg-glatard/mdugre/templateflow
ITK_GLOBAL_DEFAULT_NUMBER_OF_THREADS: 16
##########################

Info [verificarlo]: loaded backend libinterflop_ieee.so
Info [interflop-ieee]: load backend with:
Info [interflop-ieee]: debug = false
Info [interflop-ieee]: debug-binary = false
Info [interflop-ieee]: no-backend-name = false
Info [interflop-ieee]: print-new-line = false
Info [interflop-ieee]: print-subnormal-normalized = false
Info [interflop-ieee]: count-op = false
All_Command_lines_OK
Using double precision for computations.
=============================================================================
The composite transform comprises the following transforms (in order): 
  1. Center of mass alignment using fixed image: /templateflow/tpl-MNI152NLin2009cAsym/tpl-MNI152NLin2009cAsym_res-01_desc-brain_T1w.nii.gz and moving image: /home/mdugre/scratch/mri-registration-rp/datasets/ds004513/derivatives/mri-registration-rp/antsBrainExtraction/sub-s003/BrainExtractionBrain.nii.gz (type = Euler3DTransform)
=============================================================================
  number of levels = 1
  fixed image: /templateflow/tpl-MNI152NLin2009cAsym/tpl-MNI152NLin2009cAsym_res-01_desc-brain_T1w.nii.gz
  moving image: /home/mdugre/scratch/mri-registration-rp/datasets/ds004513/derivatives/mri-registration-rp/antsBrainExtraction/sub-s003/BrainExtractionBrain.nii.gz
Dimension = 3
Number of stages = 1
Use histogram matching = false
Winsorize image intensities = true
  Lower quantile = 0.005
  Upper quantile = 0.995


Stage 1 State
   Image metric = MattesMI
     Fixed image = Image (0x3a44e70)
  RTTI typeinfo:   itk::Image<double, 3u>
  Reference Count: 2
  Modified Time: 2334
  Debug: Off
  Object Name: 
  Observers: 
    none
  Source: (none)
  Source output name: (none)
  Release Data: Off
  Data Released: False
  Global Release Data: Off
  PipelineMTime: 0
  UpdateMTime: 1943
  RealTimeStamp: 0 seconds 
  LargestPossibleRegion: 
    Dimension: 3
    Index: [0, 0, 0]
    Size: [193, 229, 193]
  BufferedRegion: 
    Dimension: 3
    Index: [0, 0, 0]
    Size: [193, 229, 193]
  RequestedRegion: 
    Dimension: 3
    Index: [0, 0, 0]
    Size: [193, 229, 193]
  Spacing: [1, 1, 1]
  Origin: [96, 132, -78]
  Direction: 
-1 0 0
0 -1 0
0 0 1

  IndexToPointMatrix: 
-1 0 0
0 -1 0
0 0 1

  PointToIndexMatrix: 
-1 0 0
0 -1 0
0 0 1

  Inverse Direction: 
-1 0 0
0 -1 0
0 0 1

  PixelContainer: 
    ImportImageContainer (0x3a51140)
      RTTI typeinfo:   itk::ImportImageContainer<unsigned long, double>
      Reference Count: 1
      Modified Time: 1940
      Debug: Off
      Object Name: 
      Observers: 
        none
      Pointer: 0x14d5876b9010
      Container manages memory: true
      Size: 8530021
      Capacity: 8530021

     Moving image = Image (0x3a4e310)
  RTTI typeinfo:   itk::Image<double, 3u>
  Reference Count: 2
  Modified Time: 2335
  Debug: Off
  Object Name: 
  Observers: 
    none
  Source: (none)
  Source output name: (none)
  Release Data: Off
  Data Released: False
  Global Release Data: Off
  PipelineMTime: 0
  UpdateMTime: 2332
  RealTimeStamp: 0 seconds 
  LargestPossibleRegion: 
    Dimension: 3
    Index: [0, 0, 0]
    Size: [176, 240, 256]
  BufferedRegion: 
    Dimension: 3
    Index: [0, 0, 0]
    Size: [176, 240, 256]
  RequestedRegion: 
    Dimension: 3
    Index: [0, 0, 0]
    Size: [176, 240, 256]
  Spacing: [0.999999, 1, 1]
  Origin: [93.3499, 86.9368, -128.957]
  Direction: 
-0.999513 -0.0279216 -0.0139567
0.0279189 -0.99961 0.000389866
-0.0139622 2.01492e-08 0.999903

  IndexToPointMatrix: 
-0.999512 -0.0279216 -0.0139567
0.0279189 -0.99961 0.000389866
-0.0139621 2.01492e-08 0.999903

  PointToIndexMatrix: 
-0.999514 0.0279189 -0.0139622
-0.0279216 -0.99961 2.01716e-08
-0.0139567 0.000389866 0.999903

  Inverse Direction: 
-0.999513 0.0279189 -0.0139622
-0.0279216 -0.99961 2.01716e-08
-0.0139567 0.000389866 0.999903

  PixelContainer: 
    ImportImageContainer (0x3b79610)
      RTTI typeinfo:   itk::ImportImageContainer<unsigned long, double>
      Reference Count: 1
      Modified Time: 2329
      Debug: Off
      Object Name: 
      Observers: 
        none
      Pointer: 0x14d582438010
      Container manages memory: true
      Size: 10813440
      Capacity: 10813440

     Weighting = 1
     Sampling strategy = regular
     Number of bins = 32
     Radius = 4
     Sampling percentage  = 0.25
   Transform = Rigid
     Gradient step = 0.1
     Update field sigma (voxel space) = 0
     Total field sigma (voxel space) = 0
     Update field time sigma = 0
     Total field time sigma  = 0
     Number of time indices = 0
     Number of time point samples = 0
Registration using 1 total stages.

Stage 0
  iterations = 0
  convergence threshold = 1e-06
  convergence window size = 10
  number of levels = 1
  using the Mattes MI metric (number of bins = 32, weight = 1, use gradient filter = 0)
  preprocessing:  winsorizing the image intensities
  Shrink factors (level 1 out of 1): [1, 1, 1]
  smoothing sigmas per level: [0]
  regular sampling (percentage = 0.25)

*** Running Euler3DTransform registration ***

  Elapsed time (stage 0): 1.14542


Total elapsed time: 1.1504
Info [verificarlo]: loaded backend libinterflop_ieee.so
Info [interflop-ieee]: load backend with:
Info [interflop-ieee]: debug = false
Info [interflop-ieee]: debug-binary = false
Info [interflop-ieee]: no-backend-name = false
Info [interflop-ieee]: print-new-line = false
Info [interflop-ieee]: print-subnormal-normalized = false
Info [interflop-ieee]: count-op = false
All_Command_lines_OK
Using double precision for computations.
=============================================================================
The composite transform comprises the following transforms (in order): 
  1. /home/mdugre/scratch/mri-registration-rp/datasets/ds004513/derivatives/mri-registration-rp/0001/antsRegistration-r7-p23/sub-s003/align_Composite.h5[0] (type = Euler3DTransform)
  2. /home/mdugre/scratch/mri-registration-rp/datasets/ds004513/derivatives/mri-registration-rp/0001/antsRegistration-r7-p23/sub-s003/align_Composite.h5[1] (type = Euler3DTransform)
=============================================================================
  number of levels = 4
  fixed image: /templateflow/tpl-MNI152NLin2009cAsym/tpl-MNI152NLin2009cAsym_res-01_desc-brain_T1w.nii.gz
  moving image: /home/mdugre/scratch/mri-registration-rp/datasets/ds004513/derivatives/mri-registration-rp/antsBrainExtraction/sub-s003/BrainExtractionBrain.nii.gz
Dimension = 3
Number of stages = 1
Use histogram matching = false
Winsorize image intensities = true
  Lower quantile = 0.005
  Upper quantile = 0.995


Stage 1 State
   Image metric = MattesMI
     Fixed image = Image (0x3c64530)
  RTTI typeinfo:   itk::Image<double, 3u>
  Reference Count: 2
  Modified Time: 1580
  Debug: Off
  Object Name: 
  Observers: 
    none
  Source: (none)
  Source output name: (none)
  Release Data: Off
  Data Released: False
  Global Release Data: Off
  PipelineMTime: 0
  UpdateMTime: 1189
  RealTimeStamp: 0 seconds 
  LargestPossibleRegion: 
    Dimension: 3
    Index: [0, 0, 0]
    Size: [193, 229, 193]
  BufferedRegion: 
    Dimension: 3
    Index: [0, 0, 0]
    Size: [193, 229, 193]
  RequestedRegion: 
    Dimension: 3
    Index: [0, 0, 0]
    Size: [193, 229, 193]
  Spacing: [1, 1, 1]
  Origin: [96, 132, -78]
  Direction: 
-1 0 0
0 -1 0
0 0 1

  IndexToPointMatrix: 
-1 0 0
0 -1 0
0 0 1

  PointToIndexMatrix: 
-1 0 0
0 -1 0
0 0 1

  Inverse Direction: 
-1 0 0
0 -1 0
0 0 1

  PixelContainer: 
    ImportImageContainer (0x3d22d60)
      RTTI typeinfo:   itk::ImportImageContainer<unsigned long, double>
      Reference Count: 1
      Modified Time: 1186
      Debug: Off
      Object Name: 
      Observers: 
        none
      Pointer: 0x146d0cbfa010
      Container manages memory: true
      Size: 8530021
      Capacity: 8530021

     Moving image = Image (0x3d14f60)
  RTTI typeinfo:   itk::Image<double, 3u>
  Reference Count: 2
  Modified Time: 1581
  Debug: Off
  Object Name: 
  Observers: 
    none
  Source: (none)
  Source output name: (none)
  Release Data: Off
  Data Released: False
  Global Release Data: Off
  PipelineMTime: 0
  UpdateMTime: 1578
  RealTimeStamp: 0 seconds 
  LargestPossibleRegion: 
    Dimension: 3
    Index: [0, 0, 0]
    Size: [176, 240, 256]
  BufferedRegion: 
    Dimension: 3
    Index: [0, 0, 0]
    Size: [176, 240, 256]
  RequestedRegion: 
    Dimension: 3
    Index: [0, 0, 0]
    Size: [176, 240, 256]
  Spacing: [0.999999, 1, 1]
  Origin: [93.3499, 86.9368, -128.957]
  Direction: 
-0.999513 -0.0279216 -0.0139567
0.0279189 -0.99961 0.000389866
-0.0139622 2.01492e-08 0.999903

  IndexToPointMatrix: 
-0.999512 -0.0279216 -0.0139567
0.0279189 -0.99961 0.000389866
-0.0139621 2.01492e-08 0.999903

  PointToIndexMatrix: 
-0.999514 0.0279189 -0.0139622
-0.0279216 -0.99961 2.01716e-08
-0.0139567 0.000389866 0.999903

  Inverse Direction: 
-0.999513 0.0279189 -0.0139622
-0.0279216 -0.99961 2.01716e-08
-0.0139567 0.000389866 0.999903

  PixelContainer: 
    ImportImageContainer (0x3d066d0)
      RTTI typeinfo:   itk::ImportImageContainer<unsigned long, double>
      Reference Count: 1
      Modified Time: 1575
      Debug: Off
      Object Name: 
      Observers: 
        none
      Pointer: 0x146d07979010
      Container manages memory: true
      Size: 10813440
      Capacity: 10813440

     Weighting = 1
     Sampling strategy = regular
     Number of bins = 32
     Radius = 4
     Sampling percentage  = 0.25
   Transform = Rigid
     Gradient step = 0.1
     Update field sigma (voxel space) = 0
     Total field sigma (voxel space) = 0
     Update field time sigma = 0
     Total field time sigma  = 0
     Number of time indices = 0
     Number of time point samples = 0
Registration using 1 total stages.

Stage 0
  iterations = 1000x500x250x100
  convergence threshold = 1e-06
  convergence window size = 10
  number of levels = 4
  using the Mattes MI metric (number of bins = 32, weight = 1, use gradient filter = 0)
  preprocessing:  winsorizing the image intensities
  Shrink factors (level 1 out of 4): [8, 8, 8]
  Shrink factors (level 2 out of 4): [4, 4, 4]
  Shrink factors (level 3 out of 4): [2, 2, 2]
  Shrink factors (level 4 out of 4): [1, 1, 1]
  smoothing sigmas per level: [3, 2, 1, 0]
  regular sampling (percentage = 0.25)

*** Running Euler3DTransform registration ***

DIAGNOSTIC,Iteration,metricValue,convergenceValue,ITERATION_TIME_INDEX,SINCE_LAST
 2DIAGNOSTIC,     1, -4.871187133941e-01, 1.797693134862e+308, 8.2737e-01, 8.2737e-01, 
 2DIAGNOSTIC,     2, -4.887966556740e-01, 1.797693134862e+308, 8.3303e-01, 5.6691e-03, 
 2DIAGNOSTIC,     3, -4.919242839642e-01, 1.797693134862e+308, 8.3787e-01, 4.8330e-03, 
 2DIAGNOSTIC,     4, -5.019092629522e-01, 1.797693134862e+308, 8.4270e-01, 4.8280e-03, 
 2DIAGNOSTIC,     5, -5.198319788477e-01, 1.797693134862e+308, 8.4753e-01, 4.8361e-03, 
 2DIAGNOSTIC,     6, -5.251449584180e-01, 1.797693134862e+308, 8.5246e-01, 4.9250e-03, 
 2DIAGNOSTIC,     7, -5.365118080768e-01, 1.797693134862e+308, 8.5741e-01, 4.9520e-03, 
 2DIAGNOSTIC,     8, -5.564319077261e-01, 1.797693134862e+308, 8.6478e-01, 7.3740e-03, 
 2DIAGNOSTIC,     9, -5.572786469687e-01, 1.797693134862e+308, 8.6941e-01, 4.6248e-03, 
 2DIAGNOSTIC,    10, -5.597886110608e-01, 1.060089541986e-02, 8.7487e-01, 5.4581e-03, 
 2DIAGNOSTIC,    11, -5.645450860914e-01, 9.471656029002e-03, 8.7995e-01, 5.0869e-03, 
 2DIAGNOSTIC,    12, -5.675342641672e-01, 7.901754414630e-03, 8.8568e-01, 5.7261e-03, 
 2DIAGNOSTIC,    13, -5.685174641935e-01, 6.033280802480e-03, 8.9125e-01, 5.5671e-03, 
 2DIAGNOSTIC,    14, -5.693412095342e-01, 4.302087948771e-03, 8.9762e-01, 6.3770e-03, 
 2DIAGNOSTIC,    15, -5.718972801998e-01, 3.155204981957e-03, 9.0311e-01, 5.4879e-03, 
 2DIAGNOSTIC,    16, -5.734788767073e-01, 2.091398053255e-03, 9.0832e-01, 5.2071e-03, 
 2DIAGNOSTIC,    17, -5.737823402463e-01, 1.310029424176e-03, 9.1338e-01, 5.0581e-03, 
 2DIAGNOSTIC,    18, -5.749452616696e-01, 1.114936190122e-03, 9.1866e-01, 5.2829e-03, 
 2DIAGNOSTIC,    19, -5.774392255374e-01, 9.301256922603e-04, 9.2658e-01, 7.9231e-03, 
 2DIAGNOSTIC,    20, -5.782944999923e-01, 7.612328991292e-04, 9.3243e-01, 5.8498e-03, 
 2DIAGNOSTIC,    21, -5.788863756079e-01, 6.687985512357e-04, 9.3764e-01, 5.2049e-03, 
 2DIAGNOSTIC,    22, -5.857337702193e-01, 7.546209610313e-04, 9.4290e-01, 5.2638e-03, 
 2DIAGNOSTIC,    23, -6.028589200382e-01, 1.162232406609e-03, 9.4893e-01, 6.0339e-03, 
 2DIAGNOSTIC,    24, -6.086613848866e-01, 1.554691267636e-03, 9.5637e-01, 7.4339e-03, 
 2DIAGNOSTIC,    25, -6.127624319681e-01, 1.904928903571e-03, 9.6254e-01, 6.1750e-03, 
 2DIAGNOSTIC,    26, -6.171330103954e-01, 2.167612461892e-03, 9.6854e-01, 5.9979e-03, 
 2DIAGNOSTIC,    27, -6.180829712370e-01, 2.226134266760e-03, 9.7368e-01, 5.1410e-03, 
 2DIAGNOSTIC,    28, -6.204355231298e-01, 2.128618135720e-03, 9.7955e-01, 5.8641e-03, 
 2DIAGNOSTIC,    29, -6.216541955162e-01, 1.901236665577e-03, 9.8791e-01, 8.3680e-03, 
 2DIAGNOSTIC,    30, -6.252686896529e-01, 1.589741168405e-03, 9.9419e-01, 6.2761e-03, 
 2DIAGNOSTIC,    31, -6.305777499145e-01, 1.244381450379e-03, 1.0003e+00, 6.0639e-03, 
 2DIAGNOSTIC,    32, -6.437128027614e-01, 1.107473816052e-03, 1.0074e+00, 7.1220e-03, 
 2DIAGNOSTIC,    33, -6.470252039579e-01, 1.176376729068e-03, 1.0130e+00, 5.5819e-03, 
 2DIAGNOSTIC,    34, -6.489207348800e-01, 1.241876767133e-03, 1.0215e+00, 8.5800e-03, 
 2DIAGNOSTIC,    35, -6.509315377776e-01, 1.271870370608e-03, 1.0269e+00, 5.3129e-03, 
 2DIAGNOSTIC,    36, -6.520053054659e-01, 1.251973005862e-03, 1.0317e+00, 4.8501e-03, 
 2DIAGNOSTIC,    37, -6.528675621501e-01, 1.135511716762e-03, 1.0365e+00, 4.8220e-03, 
 2DIAGNOSTIC,    38, -6.532428043664e-01, 9.531127063562e-04, 1.0415e+00, 4.9798e-03, 
 2DIAGNOSTIC,    39, -6.541834264686e-01, 7.191996775179e-04, 1.0484e+00, 6.9029e-03, 
 2DIAGNOSTIC,    40, -6.542238294940e-01, 4.742295269197e-04, 1.0533e+00, 4.9000e-03, 
 2DIAGNOSTIC,    41, -6.546720505195e-01, 2.613967231036e-04, 1.0581e+00, 4.7932e-03, 
 2DIAGNOSTIC,    42, -6.552166542468e-01, 1.908857044088e-04, 1.0646e+00, 6.5231e-03, 
 2DIAGNOSTIC,    43, -6.554093957019e-01, 1.445778824560e-04, 1.0697e+00, 5.0869e-03, 
 2DIAGNOSTIC,    44, -6.554504383488e-01, 1.075023931011e-04, 1.0744e+00, 4.7178e-03, 
 2DIAGNOSTIC,    45, -6.555127091242e-01, 8.393509575983e-05, 1.0794e+00, 4.9770e-03, 
 2DIAGNOSTIC,    46, -6.555920347397e-01, 6.535737754262e-05, 1.0849e+00, 5.4991e-03, 
 2DIAGNOSTIC,    47, -6.557563875728e-01, 5.174048503093e-05, 1.0906e+00, 5.6980e-03, 
 2DIAGNOSTIC,    48, -6.557082974657e-01, 3.683159525576e-05, 1.0968e+00, 6.2010e-03, 
 2DIAGNOSTIC,    49, -6.557460291507e-01, 2.874033181141e-05, 1.1022e+00, 5.4240e-03, 
 2DIAGNOSTIC,    50, -6.556021884288e-01, 1.730823167340e-05, 1.1072e+00, 4.9329e-03, 
 2DIAGNOSTIC,    51, -6.556233372698e-01, 9.011773977406e-06, 1.1120e+00, 4.8709e-03, 
 2DIAGNOSTIC,    52, -6.556509679400e-01, 5.366840429701e-06, 1.1175e+00, 5.4300e-03, 
 2DIAGNOSTIC,    53, -6.557675389008e-01, 4.146346901459e-06, 1.1229e+00, 5.4789e-03, 
 2DIAGNOSTIC,    54, -6.559566980155e-01, 4.634127593828e-06, 1.1287e+00, 5.7130e-03, 
 2DIAGNOSTIC,    55, -6.558843001972e-01, 4.612581920003e-06, 1.1346e+00, 5.9390e-03, 
 2DIAGNOSTIC,    56, -6.558224223398e-01, 4.368996015951e-06, 1.1404e+00, 5.8501e-03, 
 2DIAGNOSTIC,    57, -6.557500860929e-01, 4.548954176894e-06, 1.1470e+00, 6.5889e-03, 
 2DIAGNOSTIC,    58, -6.556802871363e-01, 3.353711074395e-06, 1.1531e+00, 6.1171e-03, 
 2DIAGNOSTIC,    59, -6.555239759107e-01, 1.012635285399e-06, 1.1591e+00, 5.9559e-03, 
DIAGNOSTIC,Iteration,metricValue,convergenceValue,ITERATION_TIME_INDEX,SINCE_LAST
 2DIAGNOSTIC,     1, -5.251522187400e-01, 1.797693134862e+308, 2.0160e+00, 8.5693e-01, 
 2DIAGNOSTIC,     2, -5.257820015706e-01, 1.797693134862e+308, 2.0467e+00, 3.0653e-02, 
 2DIAGNOSTIC,     3, -5.265389217502e-01, 1.797693134862e+308, 2.0774e+00, 3.0712e-02, 
 2DIAGNOSTIC,     4, -5.273024609966e-01, 1.797693134862e+308, 2.1075e+00, 3.0077e-02, 
 2DIAGNOSTIC,     5, -5.278393170675e-01, 1.797693134862e+308, 2.1398e+00, 3.2282e-02, 
 2DIAGNOSTIC,     6, -5.281629572964e-01, 1.797693134862e+308, 2.1753e+00, 3.5561e-02, 
 2DIAGNOSTIC,     7, -5.294636537962e-01, 1.797693134862e+308, 2.2162e+00, 4.0909e-02, 
 2DIAGNOSTIC,     8, -5.311450573901e-01, 1.797693134862e+308, 2.2695e+00, 5.3262e-02, 
 2DIAGNOSTIC,     9, -5.314534617209e-01, 1.797693134862e+308, 2.3045e+00, 3.4967e-02, 
 2DIAGNOSTIC,    10, -5.315123440363e-01, 8.428093820703e-04, 2.3385e+00, 3.4053e-02, 
 2DIAGNOSTIC,    11, -5.317619320821e-01, 7.357556831546e-04, 2.3736e+00, 3.5130e-02, 
 2DIAGNOSTIC,    12, -5.329684926384e-01, 6.614979549474e-04, 2.4169e+00, 4.3240e-02, 
 2DIAGNOSTIC,    13, -5.337009177885e-01, 5.976287061703e-04, 2.4544e+00, 3.7562e-02, 
 2DIAGNOSTIC,    14, -5.337799456422e-01, 5.210399491760e-04, 2.4903e+00, 3.5832e-02, 
 2DIAGNOSTIC,    15, -5.338247407644e-01, 4.302270096672e-04, 2.5237e+00, 3.3465e-02, 
 2DIAGNOSTIC,    16, -5.338456235151e-01, 3.228291487109e-04, 2.5580e+00, 3.4238e-02, 
 2DIAGNOSTIC,    17, -5.339227703655e-01, 2.399525594166e-04, 2.5885e+00, 3.0550e-02, 
 2DIAGNOSTIC,    18, -5.339751372439e-01, 1.952720920068e-04, 2.6289e+00, 4.0416e-02, 
 2DIAGNOSTIC,    19, -5.340753639834e-01, 1.493762723270e-04, 2.6613e+00, 3.2377e-02, 
 2DIAGNOSTIC,    20, -5.340965362380e-01, 9.697960844997e-05, 2.6981e+00, 3.6819e-02, 
 2DIAGNOSTIC,    21, -5.341021717510e-01, 4.661331606548e-05, 2.7341e+00, 3.5944e-02, 
 2DIAGNOSTIC,    22, -5.341038286612e-01, 2.555306900504e-05, 2.7754e+00, 4.1294e-02, 
 2DIAGNOSTIC,    23, -5.340901673375e-01, 2.073266375383e-05, 2.8132e+00, 3.7817e-02, 
 2DIAGNOSTIC,    24, -5.340837097876e-01, 1.609232919958e-05, 2.8488e+00, 3.5597e-02, 
 2DIAGNOSTIC,    25, -5.340783138761e-01, 1.129188228273e-05, 2.8853e+00, 3.6539e-02, 
 2DIAGNOSTIC,    26, -5.340746545810e-01, 6.269154124716e-06, 2.9244e+00, 3.9072e-02, 
 2DIAGNOSTIC,    27, -5.340886100018e-01, 2.948363757652e-06, 2.9578e+00, 3.3393e-02, 
 2DIAGNOSTIC,    28, -5.342865721259e-01, 4.422584387362e-06, 2.9956e+00, 3.7851e-02, 
 2DIAGNOSTIC,    29, -5.344425956461e-01, 1.009691436381e-05, 3.0518e+00, 5.6190e-02, 
 2DIAGNOSTIC,    30, -5.344456684630e-01, 1.493540645366e-05, 3.0901e+00, 3.8264e-02, 
 2DIAGNOSTIC,    31, -5.346885162882e-01, 2.250956108485e-05, 3.1248e+00, 3.4700e-02, 
 2DIAGNOSTIC,    32, -5.348202034230e-01, 2.971277133606e-05, 3.1627e+00, 3.7941e-02, 
 2DIAGNOSTIC,    33, -5.348623275581e-01, 3.413839772348e-05, 3.2067e+00, 4.4001e-02, 
 2DIAGNOSTIC,    34, -5.350119790627e-01, 3.742197300474e-05, 3.2399e+00, 3.3125e-02, 
 2DIAGNOSTIC,    35, -5.351949469872e-01, 3.976338700136e-05, 3.3009e+00, 6.1024e-02, 
 2DIAGNOSTIC,    36, -5.352162130219e-01, 3.849924719337e-05, 3.3455e+00, 4.4581e-02, 
 2DIAGNOSTIC,    37, -5.352119988512e-01, 3.382188895471e-05, 3.4065e+00, 6.1006e-02, 
 2DIAGNOSTIC,    38, -5.352107273849e-01, 2.903055208741e-05, 3.4493e+00, 4.2804e-02, 
 2DIAGNOSTIC,    39, -5.351975740439e-01, 2.378068520113e-05, 3.4869e+00, 3.7586e-02, 
 2DIAGNOSTIC,    40, -5.352005104010e-01, 1.657668249194e-05, 3.5230e+00, 3.6099e-02, 
 2DIAGNOSTIC,    41, -5.351868257582e-01, 1.117361817724e-05, 3.5549e+00, 3.1965e-02, 
 2DIAGNOSTIC,    42, -5.351893701191e-01, 6.789033109050e-06, 3.5867e+00, 3.1778e-02, 
 2DIAGNOSTIC,    43, -5.351930799620e-01, 2.578869564410e-06, 3.6172e+00, 3.0450e-02, 
DIAGNOSTIC,Iteration,metricValue,convergenceValue,ITERATION_TIME_INDEX,SINCE_LAST
 2DIAGNOSTIC,     1, -4.739728820483e-01, 1.797693134862e+308, 4.8040e+00, 1.1868e+00, 
 2DIAGNOSTIC,     2, -4.741394056793e-01, 1.797693134862e+308, 5.0765e+00, 2.7251e-01, 
 2DIAGNOSTIC,     3, -4.743501512464e-01, 1.797693134862e+308, 5.3078e+00, 2.3135e-01, 
 2DIAGNOSTIC,     4, -4.745632885231e-01, 1.797693134862e+308, 5.5730e+00, 2.6511e-01, 
 2DIAGNOSTIC,     5, -4.748109624797e-01, 1.797693134862e+308, 5.8368e+00, 2.6383e-01, 
 2DIAGNOSTIC,     6, -4.749762147647e-01, 1.797693134862e+308, 6.1211e+00, 2.8428e-01, 
 2DIAGNOSTIC,     7, -4.753822393355e-01, 1.797693134862e+308, 6.3927e+00, 2.7166e-01, 
 2DIAGNOSTIC,     8, -4.774108305692e-01, 1.797693134862e+308, 6.7794e+00, 3.8672e-01, 
 2DIAGNOSTIC,     9, -4.775117821921e-01, 1.797693134862e+308, 7.2649e+00, 4.8543e-01, 
 2DIAGNOSTIC,    10, -4.775272264963e-01, 5.446994626688e-04, 7.5876e+00, 3.2274e-01, 
 2DIAGNOSTIC,    11, -4.776706484602e-01, 5.274810350389e-04, 7.8926e+00, 3.0499e-01, 
 2DIAGNOSTIC,    12, -4.777244098538e-01, 4.762470572332e-04, 8.2299e+00, 3.3727e-01, 
 2DIAGNOSTIC,    13, -4.778078916869e-01, 4.020267562872e-04, 8.5142e+00, 2.8437e-01, 
 2DIAGNOSTIC,    14, -4.780667564007e-01, 3.219663446343e-04, 8.9121e+00, 3.9781e-01, 
 2DIAGNOSTIC,    15, -4.782087509605e-01, 2.399966620392e-04, 9.3581e+00, 4.4606e-01, 
 2DIAGNOSTIC,    16, -4.782429865989e-01, 1.543971965478e-04, 9.6612e+00, 3.0307e-01, 
 2DIAGNOSTIC,    17, -4.783314520401e-01, 8.034820519730e-05, 9.9130e+00, 2.5181e-01, 
 2DIAGNOSTIC,    18, -4.784768825139e-01, 7.923810796749e-05, 1.0144e+01, 2.3090e-01, 
 2DIAGNOSTIC,    19, -4.786583465671e-01, 7.975285066320e-05, 1.0379e+01, 2.3551e-01, 
 2DIAGNOSTIC,    20, -4.787731291196e-01, 7.661616227507e-05, 1.0608e+01, 2.2813e-01, 
 2DIAGNOSTIC,    21, -4.788167692822e-01, 7.219982415553e-05, 1.0912e+01, 3.0436e-01, 
 2DIAGNOSTIC,    22, -4.788176855065e-01, 6.317664249580e-05, 1.1140e+01, 2.2806e-01, 
 2DIAGNOSTIC,    23, -4.788347794016e-01, 5.160964568003e-05, 1.1373e+01, 2.3336e-01, 
 2DIAGNOSTIC,    24, -4.788813752072e-01, 4.373404485682e-05, 1.1765e+01, 3.9174e-01, 
 2DIAGNOSTIC,    25, -4.788789504508e-01, 3.579993218738e-05, 1.2069e+01, 3.0433e-01, 
 2DIAGNOSTIC,    26, -4.788771876218e-01, 2.601912458571e-05, 1.2333e+01, 2.6373e-01, 
 2DIAGNOSTIC,    27, -4.788741821676e-01, 1.652414021398e-05, 1.2664e+01, 3.3098e-01, 
 2DIAGNOSTIC,    28, -4.788720440919e-01, 9.233608988635e-06, 1.2947e+01, 2.8287e-01, 
 2DIAGNOSTIC,    29, -4.788698433653e-01, 5.288788535361e-06, 1.3171e+01, 2.2440e-01, 
 2DIAGNOSTIC,    30, -4.788722717078e-01, 3.515290244852e-06, 1.3457e+01, 2.8531e-01, 
 2DIAGNOSTIC,    31, -4.788714678922e-01, 2.463324451085e-06, 1.3719e+01, 2.6271e-01, 
 2DIAGNOSTIC,    32, -4.788691164824e-01, 1.316805152071e-06, 1.3977e+01, 2.5714e-01, 
DIAGNOSTIC,Iteration,metricValue,convergenceValue,ITERATION_TIME_INDEX,SINCE_LAST
 2DIAGNOSTIC,     1, -4.453330572279e-01, 1.797693134862e+308, 1.6640e+01, 2.6632e+00, 
 2DIAGNOSTIC,     2, -4.453687989295e-01, 1.797693134862e+308, 1.8338e+01, 1.6981e+00, 
 2DIAGNOSTIC,     3, -4.453751577475e-01, 1.797693134862e+308, 2.1013e+01, 2.6752e+00, 
 2DIAGNOSTIC,     4, -4.453751616523e-01, 1.797693134862e+308, 2.3009e+01, 1.9964e+00, 
 2DIAGNOSTIC,     5, -4.453750498439e-01, 1.797693134862e+308, 2.5096e+01, 2.0868e+00, 
 2DIAGNOSTIC,     6, -4.453749820071e-01, 1.797693134862e+308, 2.7618e+01, 2.5215e+00, 
 2DIAGNOSTIC,     7, -4.453750248936e-01, 1.797693134862e+308, 2.9375e+01, 1.7568e+00, 
 2DIAGNOSTIC,     8, -4.453749647054e-01, 1.797693134862e+308, 3.0963e+01, 1.5887e+00, 
 2DIAGNOSTIC,     9, -4.453749233833e-01, 1.797693134862e+308, 3.2520e+01, 1.5565e+00, 
 2DIAGNOSTIC,    10, -4.453749138497e-01, 6.180034236677e-06, 3.4268e+01, 1.7483e+00, 
 2DIAGNOSTIC,    11, -4.453748765034e-01, 3.220457320319e-06, 3.5694e+01, 1.4254e+00, 
 2DIAGNOSTIC,    12, -4.453749617889e-01, 2.620120707328e-06, 3.7558e+01, 1.8649e+00, 
 2DIAGNOSTIC,    13, -4.453748248255e-01, 2.420111291965e-06, 3.9171e+01, 1.6124e+00, 
 2DIAGNOSTIC,    14, -4.453747146001e-01, 2.246647466161e-06, 4.0951e+01, 1.7803e+00, 
 2DIAGNOSTIC,    15, -4.453745812057e-01, 2.088415088114e-06, 4.2393e+01, 1.4420e+00, 
 2DIAGNOSTIC,    16, -4.453746527776e-01, 1.952988064866e-06, 4.4126e+01, 1.7325e+00, 
 2DIAGNOSTIC,    17, -4.453745403878e-01, 1.833926722657e-06, 4.5755e+01, 1.6293e+00, 
 2DIAGNOSTIC,    18, -4.453746313052e-01, 1.732794491317e-06, 4.7326e+01, 1.5711e+00, 
 2DIAGNOSTIC,    19, -4.453746017239e-01, 1.643161064747e-06, 4.9010e+01, 1.6836e+00, 
 2DIAGNOSTIC,    20, -4.453744953449e-01, 1.561754009047e-06, 5.0560e+01, 1.5501e+00, 
 2DIAGNOSTIC,    21, -4.453743492895e-01, 1.485144282859e-06, 5.2191e+01, 1.6309e+00, 
 2DIAGNOSTIC,    22, -4.453743403575e-01, 1.420599009178e-06, 5.4155e+01, 1.9639e+00, 
 2DIAGNOSTIC,    23, -4.453743279069e-01, 1.359847093069e-06, 5.5916e+01, 1.7619e+00, 
 2DIAGNOSTIC,    24, -4.453743061287e-01, 1.302856676814e-06, 5.7470e+01, 1.5532e+00, 
 2DIAGNOSTIC,    25, -4.453743302180e-01, 1.249775874762e-06, 5.8987e+01, 1.5176e+00, 
 2DIAGNOSTIC,    26, -4.453745172178e-01, 1.209389291011e-06, 6.0732e+01, 1.7444e+00, 
 2DIAGNOSTIC,    27, -4.453744734158e-01, 1.169407071747e-06, 6.2358e+01, 1.6266e+00, 
 2DIAGNOSTIC,    28, -4.453745198532e-01, 1.136267728678e-06, 6.3952e+01, 1.5941e+00, 
 2DIAGNOSTIC,    29, -4.453746622971e-01, 1.107937327126e-06, 6.5690e+01, 1.7371e+00, 
 2DIAGNOSTIC,    30, -4.453746017478e-01, 1.076871708861e-06, 6.7335e+01, 1.6456e+00, 
 2DIAGNOSTIC,    31, -4.453744925889e-01, 1.041009399010e-06, 6.9135e+01, 1.7996e+00, 
 2DIAGNOSTIC,    32, -4.453748376976e-01, 1.012783134524e-06, 7.0900e+01, 1.7654e+00, 
  Elapsed time (stage 0): 7.1848e+01


Total elapsed time: 7.1853e+01
Info [verificarlo]: loaded backend libinterflop_ieee.so
Info [interflop-ieee]: load backend with:
Info [interflop-ieee]: debug = false
Info [interflop-ieee]: debug-binary = false
Info [interflop-ieee]: no-backend-name = false
Info [interflop-ieee]: print-new-line = false
Info [interflop-ieee]: print-subnormal-normalized = false
Info [interflop-ieee]: count-op = false
All_Command_lines_OK
Using double precision for computations.
=============================================================================
The composite transform comprises the following transforms (in order): 
  1. /home/mdugre/scratch/mri-registration-rp/datasets/ds004513/derivatives/mri-registration-rp/0001/antsRegistration-r7-p23/sub-s003/rigid_Composite.h5[0] (type = Euler3DTransform)
  2. /home/mdugre/scratch/mri-registration-rp/datasets/ds004513/derivatives/mri-registration-rp/0001/antsRegistration-r7-p23/sub-s003/rigid_Composite.h5[1] (type = Euler3DTransform)
  3. /home/mdugre/scratch/mri-registration-rp/datasets/ds004513/derivatives/mri-registration-rp/0001/antsRegistration-r7-p23/sub-s003/rigid_Composite.h5[2] (type = Euler3DTransform)
=============================================================================
  number of levels = 4
  fixed image: /templateflow/tpl-MNI152NLin2009cAsym/tpl-MNI152NLin2009cAsym_res-01_desc-brain_T1w.nii.gz
  moving image: /home/mdugre/scratch/mri-registration-rp/datasets/ds004513/derivatives/mri-registration-rp/antsBrainExtraction/sub-s003/BrainExtractionBrain.nii.gz
Dimension = 3
Number of stages = 1
Use histogram matching = false
Winsorize image intensities = true
  Lower quantile = 0.005
  Upper quantile = 0.995


Stage 1 State
   Image metric = MattesMI
     Fixed image = Image (0x454f7e0)
  RTTI typeinfo:   itk::Image<double, 3u>
  Reference Count: 2
  Modified Time: 1594
  Debug: Off
  Object Name: 
  Observers: 
    none
  Source: (none)
  Source output name: (none)
  Release Data: Off
  Data Released: False
  Global Release Data: Off
  PipelineMTime: 0
  UpdateMTime: 1203
  RealTimeStamp: 0 seconds 
  LargestPossibleRegion: 
    Dimension: 3
    Index: [0, 0, 0]
    Size: [193, 229, 193]
  BufferedRegion: 
    Dimension: 3
    Index: [0, 0, 0]
    Size: [193, 229, 193]
  RequestedRegion: 
    Dimension: 3
    Index: [0, 0, 0]
    Size: [193, 229, 193]
  Spacing: [1, 1, 1]
  Origin: [96, 132, -78]
  Direction: 
-1 0 0
0 -1 0
0 0 1

  IndexToPointMatrix: 
-1 0 0
0 -1 0
0 0 1

  PointToIndexMatrix: 
-1 0 0
0 -1 0
0 0 1

  Inverse Direction: 
-1 0 0
0 -1 0
0 0 1

  PixelContainer: 
    ImportImageContainer (0x460fa20)
      RTTI typeinfo:   itk::ImportImageContainer<unsigned long, double>
      Reference Count: 1
      Modified Time: 1200
      Debug: Off
      Object Name: 
      Observers: 
        none
      Pointer: 0x14eff325f010
      Container manages memory: true
      Size: 8530021
      Capacity: 8530021

     Moving image = Image (0x460ad70)
  RTTI typeinfo:   itk::Image<double, 3u>
  Reference Count: 2
  Modified Time: 1595
  Debug: Off
  Object Name: 
  Observers: 
    none
  Source: (none)
  Source output name: (none)
  Release Data: Off
  Data Released: False
  Global Release Data: Off
  PipelineMTime: 0
  UpdateMTime: 1592
  RealTimeStamp: 0 seconds 
  LargestPossibleRegion: 
    Dimension: 3
    Index: [0, 0, 0]
    Size: [176, 240, 256]
  BufferedRegion: 
    Dimension: 3
    Index: [0, 0, 0]
    Size: [176, 240, 256]
  RequestedRegion: 
    Dimension: 3
    Index: [0, 0, 0]
    Size: [176, 240, 256]
  Spacing: [0.999999, 1, 1]
  Origin: [93.3499, 86.9368, -128.957]
  Direction: 
-0.999513 -0.0279216 -0.0139567
0.0279189 -0.99961 0.000389866
-0.0139622 2.01492e-08 0.999903

  IndexToPointMatrix: 
-0.999512 -0.0279216 -0.0139567
0.0279189 -0.99961 0.000389866
-0.0139621 2.01492e-08 0.999903

  PointToIndexMatrix: 
-0.999514 0.0279189 -0.0139622
-0.0279216 -0.99961 2.01716e-08
-0.0139567 0.000389866 0.999903

  Inverse Direction: 
-0.999513 0.0279189 -0.0139622
-0.0279216 -0.99961 2.01716e-08
-0.0139567 0.000389866 0.999903

  PixelContainer: 
    ImportImageContainer (0x45c2c90)
      RTTI typeinfo:   itk::ImportImageContainer<unsigned long, double>
      Reference Count: 1
      Modified Time: 1589
      Debug: Off
      Object Name: 
      Observers: 
        none
      Pointer: 0x14efedfde010
      Container manages memory: true
      Size: 10813440
      Capacity: 10813440

     Weighting = 1
     Sampling strategy = regular
     Number of bins = 32
     Radius = 4
     Sampling percentage  = 0.25
   Transform = Affine
     Gradient step = 0.1
     Update field sigma (voxel space) = 0
     Total field sigma (voxel space) = 0
     Update field time sigma = 0
     Total field time sigma  = 0
     Number of time indices = 0
     Number of time point samples = 0
Registration using 1 total stages.

Stage 0
  iterations = 1000x500x250x100
  convergence threshold = 1e-06
  convergence window size = 10
  number of levels = 4
  using the Mattes MI metric (number of bins = 32, weight = 1, use gradient filter = 0)
  preprocessing:  winsorizing the image intensities
  Shrink factors (level 1 out of 4): [8, 8, 8]
  Shrink factors (level 2 out of 4): [4, 4, 4]
  Shrink factors (level 3 out of 4): [2, 2, 2]
  Shrink factors (level 4 out of 4): [1, 1, 1]
  smoothing sigmas per level: [3, 2, 1, 0]
  regular sampling (percentage = 0.25)

*** Running AffineTransform registration ***

DIAGNOSTIC,Iteration,metricValue,convergenceValue,ITERATION_TIME_INDEX,SINCE_LAST
 2DIAGNOSTIC,     1, -6.599687444294e-01, 1.797693134862e+308, 7.3129e-01, 7.3129e-01, 
 2DIAGNOSTIC,     2, -6.625902783923e-01, 1.797693134862e+308, 7.3652e-01, 5.2359e-03, 
 2DIAGNOSTIC,     3, -6.666235767669e-01, 1.797693134862e+308, 7.4181e-01, 5.2881e-03, 
 2DIAGNOSTIC,     4, -6.724794968610e-01, 1.797693134862e+308, 7.4675e-01, 4.9338e-03, 
 2DIAGNOSTIC,     5, -6.803844912552e-01, 1.797693134862e+308, 7.5160e-01, 4.8559e-03, 
 2DIAGNOSTIC,     6, -6.919341952463e-01, 1.797693134862e+308, 7.5657e-01, 4.9732e-03, 
 2DIAGNOSTIC,     7, -7.147922107846e-01, 1.797693134862e+308, 7.6529e-01, 8.7140e-03, 
 2DIAGNOSTIC,     8, -7.205927399481e-01, 1.797693134862e+308, 7.7032e-01, 5.0321e-03, 
 2DIAGNOSTIC,     9, -7.213131669552e-01, 1.797693134862e+308, 7.7615e-01, 5.8320e-03, 
 2DIAGNOSTIC,    10, -7.212870625042e-01, 7.082699934107e-03, 7.8206e-01, 5.9118e-03, 
 2DIAGNOSTIC,    11, -7.216100364650e-01, 6.094348049095e-03, 7.8909e-01, 7.0260e-03, 
 2DIAGNOSTIC,    12, -7.218546082634e-01, 4.817297600478e-03, 7.9499e-01, 5.9021e-03, 
 2DIAGNOSTIC,    13, -7.213942650050e-01, 3.419589505586e-03, 8.0261e-01, 7.6210e-03, 
 2DIAGNOSTIC,    14, -7.213894123338e-01, 2.095696697839e-03, 8.0950e-01, 6.8889e-03, 
 2DIAGNOSTIC,    15, -7.214324992818e-01, 9.783093393752e-04, 8.1555e-01, 6.0470e-03, 
 2DIAGNOSTIC,    16, -7.212843918596e-01, 1.883744710435e-04, 8.2093e-01, 5.3790e-03, 
 2DIAGNOSTIC,    17, -7.213712794694e-01, 1.799093264684e-05, 8.2700e-01, 6.0718e-03, 
DIAGNOSTIC,Iteration,metricValue,convergenceValue,ITERATION_TIME_INDEX,SINCE_LAST
 2DIAGNOSTIC,     1, -5.940750665809e-01, 1.797693134862e+308, 1.6070e+00, 7.7998e-01, 
 2DIAGNOSTIC,     2, -5.943192785442e-01, 1.797693134862e+308, 1.6418e+00, 3.4797e-02, 
 2DIAGNOSTIC,     3, -5.946408104018e-01, 1.797693134862e+308, 1.6803e+00, 3.8495e-02, 
 2DIAGNOSTIC,     4, -5.946251402715e-01, 1.797693134862e+308, 1.7288e+00, 4.8486e-02, 
 2DIAGNOSTIC,     5, -5.946633508370e-01, 1.797693134862e+308, 1.7656e+00, 3.6821e-02, 
 2DIAGNOSTIC,     6, -5.947698421466e-01, 1.797693134862e+308, 1.8038e+00, 3.8229e-02, 
 2DIAGNOSTIC,     7, -5.952380058549e-01, 1.797693134862e+308, 1.8375e+00, 3.3724e-02, 
 2DIAGNOSTIC,     8, -5.967244730505e-01, 1.797693134862e+308, 1.8734e+00, 3.5895e-02, 
 2DIAGNOSTIC,     9, -5.992404217930e-01, 1.797693134862e+308, 1.9184e+00, 4.4991e-02, 
 2DIAGNOSTIC,    10, -6.000581224346e-01, 5.778951036941e-04, 1.9675e+00, 4.9047e-02, 
 2DIAGNOSTIC,    11, -6.006805071017e-01, 6.690629417845e-04, 2.0119e+00, 4.4460e-02, 
 2DIAGNOSTIC,    12, -6.008320571120e-01, 7.013466991673e-04, 2.0485e+00, 3.6626e-02, 
 2DIAGNOSTIC,    13, -6.012118553450e-01, 6.906018024107e-04, 2.0884e+00, 3.9806e-02, 
 2DIAGNOSTIC,    14, -6.012605577284e-01, 6.186166166502e-04, 2.1320e+00, 4.3656e-02, 
 2DIAGNOSTIC,    15, -6.013016367987e-01, 5.027762933480e-04, 2.1854e+00, 5.3412e-02, 
 2DIAGNOSTIC,    16, -6.013561683343e-01, 3.614903742274e-04, 2.2244e+00, 3.8975e-02, 
 2DIAGNOSTIC,    17, -6.015503151351e-01, 2.221911125190e-04, 2.2636e+00, 3.9199e-02, 
 2DIAGNOSTIC,    18, -6.017324214841e-01, 1.204706039417e-04, 2.3103e+00, 4.6694e-02, 
 2DIAGNOSTIC,    19, -6.018262773801e-01, 8.330989985429e-05, 2.3601e+00, 4.9826e-02, 
 2DIAGNOSTIC,    20, -6.018685487698e-01, 6.252209169240e-05, 2.3997e+00, 3.9615e-02, 
 2DIAGNOSTIC,    21, -6.018934637766e-01, 5.272912392425e-05, 2.4439e+00, 4.4148e-02, 
 2DIAGNOSTIC,    22, -6.018945051866e-01, 4.207332460542e-05, 2.4778e+00, 3.3887e-02, 
 2DIAGNOSTIC,    23, -6.018939218724e-01, 3.630526875188e-05, 2.5120e+00, 3.4220e-02, 
 2DIAGNOSTIC,    24, -6.020020395389e-01, 3.085990880970e-05, 2.5502e+00, 3.8220e-02, 
 2DIAGNOSTIC,    25, -6.022032478380e-01, 2.766632318708e-05, 2.5991e+00, 4.8897e-02, 
 2DIAGNOSTIC,    26, -6.021903305227e-01, 2.287152331242e-05, 2.6583e+00, 5.9229e-02, 
 2DIAGNOSTIC,    27, -6.021467028915e-01, 1.905663595318e-05, 2.7157e+00, 5.7390e-02, 
 2DIAGNOSTIC,    28, -6.021390410196e-01, 1.682016873911e-05, 2.7535e+00, 3.7761e-02, 
 2DIAGNOSTIC,    29, -6.021418818234e-01, 1.477308229612e-05, 2.7917e+00, 3.8180e-02, 
 2DIAGNOSTIC,    30, -6.021441987518e-01, 1.219031749984e-05, 2.8317e+00, 4.0081e-02, 
 2DIAGNOSTIC,    31, -6.021364278673e-01, 9.002112527558e-06, 2.8748e+00, 4.3102e-02, 
 2DIAGNOSTIC,    32, -6.021375966926e-01, 5.375871625926e-06, 2.9231e+00, 4.8258e-02, 
 2DIAGNOSTIC,    33, -6.021205862520e-01, 1.292498722008e-06, 2.9589e+00, 3.5798e-02, 
DIAGNOSTIC,Iteration,metricValue,convergenceValue,ITERATION_TIME_INDEX,SINCE_LAST
 2DIAGNOSTIC,     1, -5.258901308351e-01, 1.797693134862e+308, 4.2028e+00, 1.2439e+00, 
 2DIAGNOSTIC,     2, -5.262065646861e-01, 1.797693134862e+308, 4.5223e+00, 3.1941e-01, 
 2DIAGNOSTIC,     3, -5.265055448792e-01, 1.797693134862e+308, 4.8954e+00, 3.7316e-01, 
 2DIAGNOSTIC,     4, -5.267666099551e-01, 1.797693134862e+308, 5.2468e+00, 3.5141e-01, 
 2DIAGNOSTIC,     5, -5.270733206975e-01, 1.797693134862e+308, 5.5954e+00, 3.4857e-01, 
 2DIAGNOSTIC,     6, -5.275114113919e-01, 1.797693134862e+308, 5.9268e+00, 3.3141e-01, 
 2DIAGNOSTIC,     7, -5.283692352791e-01, 1.797693134862e+308, 6.2772e+00, 3.5042e-01, 
 2DIAGNOSTIC,     8, -5.332763288868e-01, 1.797693134862e+308, 6.8019e+00, 5.2468e-01, 
 2DIAGNOSTIC,     9, -5.333540811518e-01, 1.797693134862e+308, 7.0950e+00, 2.9313e-01, 
 2DIAGNOSTIC,    10, -5.334519551572e-01, 1.044749239980e-03, 7.4618e+00, 3.6679e-01, 
 2DIAGNOSTIC,    11, -5.334603554434e-01, 1.027320551866e-03, 7.8912e+00, 4.2936e-01, 
 2DIAGNOSTIC,    12, -5.334514748617e-01, 9.333133034752e-04, 8.2341e+00, 3.4286e-01, 
 2DIAGNOSTIC,    13, -5.334405707227e-01, 7.784297533812e-04, 8.6304e+00, 3.9637e-01, 
 2DIAGNOSTIC,    14, -5.334384140847e-01, 5.849208283720e-04, 9.1326e+00, 5.0216e-01, 
 2DIAGNOSTIC,    15, -5.334380354875e-01, 3.778382427902e-04, 9.5429e+00, 4.1028e-01, 
 2DIAGNOSTIC,    16, -5.334374397851e-01, 1.781651783313e-04, 9.9171e+00, 3.7424e-01, 
 2DIAGNOSTIC,    17, -5.334367971595e-01, 8.541880712989e-06, 1.0299e+01, 3.8229e-01, 
 2DIAGNOSTIC,    18, -5.334363949253e-01, 3.154281347888e-06, 1.0649e+01, 3.4987e-01, 
DIAGNOSTIC,Iteration,metricValue,convergenceValue,ITERATION_TIME_INDEX,SINCE_LAST
 2DIAGNOSTIC,     1, -4.886798811345e-01, 1.797693134862e+308, 1.3503e+01, 2.8540e+00, 
 2DIAGNOSTIC,     2, -4.888303849040e-01, 1.797693134862e+308, 1.5227e+01, 1.7238e+00, 
 2DIAGNOSTIC,     3, -4.890062592808e-01, 1.797693134862e+308, 1.6948e+01, 1.7209e+00, 
 2DIAGNOSTIC,     4, -4.892202186733e-01, 1.797693134862e+308, 1.8811e+01, 1.8636e+00, 
 2DIAGNOSTIC,     5, -4.892789078105e-01, 1.797693134862e+308, 2.0648e+01, 1.8364e+00, 
 2DIAGNOSTIC,     6, -4.893105365164e-01, 1.797693134862e+308, 2.3317e+01, 2.6691e+00, 
 2DIAGNOSTIC,     7, -4.893135662542e-01, 1.797693134862e+308, 2.5210e+01, 1.8934e+00, 
 2DIAGNOSTIC,     8, -4.893125490456e-01, 1.797693134862e+308, 2.7296e+01, 2.0855e+00, 
 2DIAGNOSTIC,     9, -4.893125851505e-01, 1.797693134862e+308, 2.9339e+01, 2.0428e+00, 
 2DIAGNOSTIC,    10, -4.893122591980e-01, 7.973031206115e-05, 3.1445e+01, 2.1068e+00, 
 2DIAGNOSTIC,    11, -4.893124357939e-01, 4.675378892062e-05, 3.4437e+01, 2.9914e+00, 
 2DIAGNOSTIC,    12, -4.893125193381e-01, 2.255152443019e-05, 3.6406e+01, 1.9687e+00, 
 2DIAGNOSTIC,    13, -4.893123852259e-01, 7.911218034576e-06, 3.8289e+01, 1.8836e+00, 
 2DIAGNOSTIC,    14, -4.893123379404e-01, 3.691996355776e-06, 4.0235e+01, 1.9460e+00, 
 2DIAGNOSTIC,    15, -4.893122906250e-01, 2.142976075037e-06, 4.2366e+01, 2.1306e+00, 
 2DIAGNOSTIC,    16, -4.893122550869e-01, 1.929042145424e-06, 4.4354e+01, 1.9878e+00, 
 2DIAGNOSTIC,    17, -4.893122015068e-01, 1.848226942616e-06, 4.6484e+01, 2.1304e+00, 
 2DIAGNOSTIC,    18, -4.893121417196e-01, 1.743797326079e-06, 4.8564e+01, 2.0802e+00, 
 2DIAGNOSTIC,    19, -4.893120913276e-01, 1.652577075711e-06, 5.0715e+01, 2.1513e+00, 
 2DIAGNOSTIC,    20, -4.893120522154e-01, 1.561758638351e-06, 5.2601e+01, 1.8854e+00, 
 2DIAGNOSTIC,    21, -4.893120614617e-01, 1.487314195560e-06, 5.4730e+01, 2.1289e+00, 
 2DIAGNOSTIC,    22, -4.893121376743e-01, 1.426498746057e-06, 5.6855e+01, 2.1254e+00, 
 2DIAGNOSTIC,    23, -4.893120958782e-01, 1.368336754563e-06, 5.9012e+01, 2.1572e+00, 
 2DIAGNOSTIC,    24, -4.893120363361e-01, 1.313918309487e-06, 6.0944e+01, 1.9318e+00, 
 2DIAGNOSTIC,    25, -4.893120108068e-01, 1.263318688570e-06, 6.3108e+01, 2.1638e+00, 
