
##########################
# Experiment information #
##########################

EXPERIMENT_NAME: antsRegistration-r7-p12
VFC_BACKENDS: libinterflop_vprec.so --range-binary32=7 --precision-binary32=12 --range-binary64=7 --precision-binary64=12

SIF_IMG: /home/mdugre/projects/rrg-glatard/mdugre/containers/ants-vprec-no_metrics.simg

SUBJECT_ID: s025
INPUT_IMG: /home/mdugre/scratch/mri-registration-rp/datasets/ds004513/derivatives/mri-registration-rp/antsBrainExtraction/sub-s025/BrainExtractionBrain.nii.gz
OUTPUT_DIR: /home/mdugre/scratch/mri-registration-rp/datasets/ds004513/derivatives/mri-registration-rp/0001/antsRegistration-r7-p12/sub-s025

FIXED_IMG: /templateflow/tpl-MNI152NLin2009cAsym/tpl-MNI152NLin2009cAsym_res-01_desc-brain_T1w.nii.gz
DATA_DIR: /home/mdugre/scratch/mri-registration-rp/datasets/ds004513
TEMPLATEFLOW_DIR: /home/mdugre/projects/rrg-glatard/mdugre/templateflow
ITK_GLOBAL_DEFAULT_NUMBER_OF_THREADS: 16
##########################

Info [verificarlo]: loaded backend libinterflop_ieee.so
Info [interflop-ieee]: load backend with:
Info [interflop-ieee]: debug = false
Info [interflop-ieee]: debug-binary = false
Info [interflop-ieee]: no-backend-name = false
Info [interflop-ieee]: print-new-line = false
Info [interflop-ieee]: print-subnormal-normalized = false
Info [interflop-ieee]: count-op = false
All_Command_lines_OK
Using double precision for computations.
=============================================================================
The composite transform comprises the following transforms (in order): 
  1. Center of mass alignment using fixed image: /templateflow/tpl-MNI152NLin2009cAsym/tpl-MNI152NLin2009cAsym_res-01_desc-brain_T1w.nii.gz and moving image: /home/mdugre/scratch/mri-registration-rp/datasets/ds004513/derivatives/mri-registration-rp/antsBrainExtraction/sub-s025/BrainExtractionBrain.nii.gz (type = Euler3DTransform)
=============================================================================
  number of levels = 1
  fixed image: /templateflow/tpl-MNI152NLin2009cAsym/tpl-MNI152NLin2009cAsym_res-01_desc-brain_T1w.nii.gz
  moving image: /home/mdugre/scratch/mri-registration-rp/datasets/ds004513/derivatives/mri-registration-rp/antsBrainExtraction/sub-s025/BrainExtractionBrain.nii.gz
Dimension = 3
Number of stages = 1
Use histogram matching = false
Winsorize image intensities = true
  Lower quantile = 0.005
  Upper quantile = 0.995


Stage 1 State
   Image metric = MattesMI
     Fixed image = Image (0x4f6ae70)
  RTTI typeinfo:   itk::Image<double, 3u>
  Reference Count: 2
  Modified Time: 2334
  Debug: Off
  Object Name: 
  Observers: 
    none
  Source: (none)
  Source output name: (none)
  Release Data: Off
  Data Released: False
  Global Release Data: Off
  PipelineMTime: 0
  UpdateMTime: 1943
  RealTimeStamp: 0 seconds 
  LargestPossibleRegion: 
    Dimension: 3
    Index: [0, 0, 0]
    Size: [193, 229, 193]
  BufferedRegion: 
    Dimension: 3
    Index: [0, 0, 0]
    Size: [193, 229, 193]
  RequestedRegion: 
    Dimension: 3
    Index: [0, 0, 0]
    Size: [193, 229, 193]
  Spacing: [1, 1, 1]
  Origin: [96, 132, -78]
  Direction: 
-1 0 0
0 -1 0
0 0 1

  IndexToPointMatrix: 
-1 0 0
0 -1 0
0 0 1

  PointToIndexMatrix: 
-1 0 0
0 -1 0
0 0 1

  Inverse Direction: 
-1 0 0
0 -1 0
0 0 1

  PixelContainer: 
    ImportImageContainer (0x4f73c60)
      RTTI typeinfo:   itk::ImportImageContainer<unsigned long, double>
      Reference Count: 1
      Modified Time: 1940
      Debug: Off
      Object Name: 
      Observers: 
        none
      Pointer: 0x14bacf24b010
      Container manages memory: true
      Size: 8530021
      Capacity: 8530021

     Moving image = Image (0x4f76610)
  RTTI typeinfo:   itk::Image<double, 3u>
  Reference Count: 2
  Modified Time: 2335
  Debug: Off
  Object Name: 
  Observers: 
    none
  Source: (none)
  Source output name: (none)
  Release Data: Off
  Data Released: False
  Global Release Data: Off
  PipelineMTime: 0
  UpdateMTime: 2332
  RealTimeStamp: 0 seconds 
  LargestPossibleRegion: 
    Dimension: 3
    Index: [0, 0, 0]
    Size: [176, 240, 256]
  BufferedRegion: 
    Dimension: 3
    Index: [0, 0, 0]
    Size: [176, 240, 256]
  RequestedRegion: 
    Dimension: 3
    Index: [0, 0, 0]
    Size: [176, 240, 256]
  Spacing: [0.999999, 1, 1]
  Origin: [90.3778, 84.5091, -154.071]
  Direction: 
-0.999391 7.48184e-06 -0.0348969
-7.47664e-06 -1 -2.7953e-07
-0.0348969 -1.84481e-08 0.999391

  IndexToPointMatrix: 
-0.99939 7.48184e-06 -0.0348969
-7.47663e-06 -1 -2.7953e-07
-0.0348968 -1.84481e-08 0.999391

  PointToIndexMatrix: 
-0.999392 -7.47665e-06 -0.0348969
7.48184e-06 -1 -1.84481e-08
-0.0348969 -2.7953e-07 0.999391

  Inverse Direction: 
-0.999391 -7.47664e-06 -0.0348969
7.48184e-06 -1 -1.84481e-08
-0.0348969 -2.7953e-07 0.999391

  PixelContainer: 
    ImportImageContainer (0x500fef0)
      RTTI typeinfo:   itk::ImportImageContainer<unsigned long, double>
      Reference Count: 1
      Modified Time: 2329
      Debug: Off
      Object Name: 
      Observers: 
        none
      Pointer: 0x14bac9fca010
      Container manages memory: true
      Size: 10813440
      Capacity: 10813440

     Weighting = 1
     Sampling strategy = regular
     Number of bins = 32
     Radius = 4
     Sampling percentage  = 0.25
   Transform = Rigid
     Gradient step = 0.1
     Update field sigma (voxel space) = 0
     Total field sigma (voxel space) = 0
     Update field time sigma = 0
     Total field time sigma  = 0
     Number of time indices = 0
     Number of time point samples = 0
Registration using 1 total stages.

Stage 0
  iterations = 0
  convergence threshold = 1e-06
  convergence window size = 10
  number of levels = 1
  using the Mattes MI metric (number of bins = 32, weight = 1, use gradient filter = 0)
  preprocessing:  winsorizing the image intensities
  Shrink factors (level 1 out of 1): [1, 1, 1]
  smoothing sigmas per level: [0]
  regular sampling (percentage = 0.25)

*** Running Euler3DTransform registration ***

  Elapsed time (stage 0): 1.14151


Total elapsed time: 1.15308
Info [verificarlo]: loaded backend libinterflop_ieee.so
Info [interflop-ieee]: load backend with:
Info [interflop-ieee]: debug = false
Info [interflop-ieee]: debug-binary = false
Info [interflop-ieee]: no-backend-name = false
Info [interflop-ieee]: print-new-line = false
Info [interflop-ieee]: print-subnormal-normalized = false
Info [interflop-ieee]: count-op = false
All_Command_lines_OK
Using double precision for computations.
=============================================================================
The composite transform comprises the following transforms (in order): 
  1. /home/mdugre/scratch/mri-registration-rp/datasets/ds004513/derivatives/mri-registration-rp/0001/antsRegistration-r7-p12/sub-s025/align_Composite.h5[0] (type = Euler3DTransform)
  2. /home/mdugre/scratch/mri-registration-rp/datasets/ds004513/derivatives/mri-registration-rp/0001/antsRegistration-r7-p12/sub-s025/align_Composite.h5[1] (type = Euler3DTransform)
=============================================================================
  number of levels = 4
  fixed image: /templateflow/tpl-MNI152NLin2009cAsym/tpl-MNI152NLin2009cAsym_res-01_desc-brain_T1w.nii.gz
  moving image: /home/mdugre/scratch/mri-registration-rp/datasets/ds004513/derivatives/mri-registration-rp/antsBrainExtraction/sub-s025/BrainExtractionBrain.nii.gz
Dimension = 3
Number of stages = 1
Use histogram matching = false
Winsorize image intensities = true
  Lower quantile = 0.005
  Upper quantile = 0.995


Stage 1 State
   Image metric = MattesMI
     Fixed image = Image (0x3869530)
  RTTI typeinfo:   itk::Image<double, 3u>
  Reference Count: 2
  Modified Time: 1580
  Debug: Off
  Object Name: 
  Observers: 
    none
  Source: (none)
  Source output name: (none)
  Release Data: Off
  Data Released: False
  Global Release Data: Off
  PipelineMTime: 0
  UpdateMTime: 1189
  RealTimeStamp: 0 seconds 
  LargestPossibleRegion: 
    Dimension: 3
    Index: [0, 0, 0]
    Size: [193, 229, 193]
  BufferedRegion: 
    Dimension: 3
    Index: [0, 0, 0]
    Size: [193, 229, 193]
  RequestedRegion: 
    Dimension: 3
    Index: [0, 0, 0]
    Size: [193, 229, 193]
  Spacing: [1, 1, 1]
  Origin: [96, 132, -78]
  Direction: 
-1 0 0
0 -1 0
0 0 1

  IndexToPointMatrix: 
-1 0 0
0 -1 0
0 0 1

  PointToIndexMatrix: 
-1 0 0
0 -1 0
0 0 1

  Inverse Direction: 
-1 0 0
0 -1 0
0 0 1

  PixelContainer: 
    ImportImageContainer (0x3927d60)
      RTTI typeinfo:   itk::ImportImageContainer<unsigned long, double>
      Reference Count: 1
      Modified Time: 1186
      Debug: Off
      Object Name: 
      Observers: 
        none
      Pointer: 0x15298c005010
      Container manages memory: true
      Size: 8530021
      Capacity: 8530021

     Moving image = Image (0x3919f60)
  RTTI typeinfo:   itk::Image<double, 3u>
  Reference Count: 2
  Modified Time: 1581
  Debug: Off
  Object Name: 
  Observers: 
    none
  Source: (none)
  Source output name: (none)
  Release Data: Off
  Data Released: False
  Global Release Data: Off
  PipelineMTime: 0
  UpdateMTime: 1578
  RealTimeStamp: 0 seconds 
  LargestPossibleRegion: 
    Dimension: 3
    Index: [0, 0, 0]
    Size: [176, 240, 256]
  BufferedRegion: 
    Dimension: 3
    Index: [0, 0, 0]
    Size: [176, 240, 256]
  RequestedRegion: 
    Dimension: 3
    Index: [0, 0, 0]
    Size: [176, 240, 256]
  Spacing: [0.999999, 1, 1]
  Origin: [90.3778, 84.5091, -154.071]
  Direction: 
-0.999391 7.48184e-06 -0.0348969
-7.47664e-06 -1 -2.7953e-07
-0.0348969 -1.84481e-08 0.999391

  IndexToPointMatrix: 
-0.99939 7.48184e-06 -0.0348969
-7.47663e-06 -1 -2.7953e-07
-0.0348968 -1.84481e-08 0.999391

  PointToIndexMatrix: 
-0.999392 -7.47665e-06 -0.0348969
7.48184e-06 -1 -1.84481e-08
-0.0348969 -2.7953e-07 0.999391

  Inverse Direction: 
-0.999391 -7.47664e-06 -0.0348969
7.48184e-06 -1 -1.84481e-08
-0.0348969 -2.7953e-07 0.999391

  PixelContainer: 
    ImportImageContainer (0x390b6d0)
      RTTI typeinfo:   itk::ImportImageContainer<unsigned long, double>
      Reference Count: 1
      Modified Time: 1575
      Debug: Off
      Object Name: 
      Observers: 
        none
      Pointer: 0x152986d84010
      Container manages memory: true
      Size: 10813440
      Capacity: 10813440

     Weighting = 1
     Sampling strategy = regular
     Number of bins = 32
     Radius = 4
     Sampling percentage  = 0.25
   Transform = Rigid
     Gradient step = 0.1
     Update field sigma (voxel space) = 0
     Total field sigma (voxel space) = 0
     Update field time sigma = 0
     Total field time sigma  = 0
     Number of time indices = 0
     Number of time point samples = 0
Registration using 1 total stages.

Stage 0
  iterations = 1000x500x250x100
  convergence threshold = 1e-06
  convergence window size = 10
  number of levels = 4
  using the Mattes MI metric (number of bins = 32, weight = 1, use gradient filter = 0)
  preprocessing:  winsorizing the image intensities
  Shrink factors (level 1 out of 4): [8, 8, 8]
  Shrink factors (level 2 out of 4): [4, 4, 4]
  Shrink factors (level 3 out of 4): [2, 2, 2]
  Shrink factors (level 4 out of 4): [1, 1, 1]
  smoothing sigmas per level: [3, 2, 1, 0]
  regular sampling (percentage = 0.25)

*** Running Euler3DTransform registration ***

DIAGNOSTIC,Iteration,metricValue,convergenceValue,ITERATION_TIME_INDEX,SINCE_LAST
 2DIAGNOSTIC,     1, -5.323241903179e-01, 1.797693134862e+308, 7.6676e-01, 7.6676e-01, 
 2DIAGNOSTIC,     2, -5.346190553927e-01, 1.797693134862e+308, 7.7159e-01, 4.8289e-03, 
 2DIAGNOSTIC,     3, -5.378036555361e-01, 1.797693134862e+308, 7.7632e-01, 4.7321e-03, 
 2DIAGNOSTIC,     4, -5.422949451405e-01, 1.797693134862e+308, 7.8081e-01, 4.4909e-03, 
 2DIAGNOSTIC,     5, -5.486805952477e-01, 1.797693134862e+308, 7.8618e-01, 5.3711e-03, 
 2DIAGNOSTIC,     6, -5.542790085272e-01, 1.797693134862e+308, 7.9116e-01, 4.9770e-03, 
 2DIAGNOSTIC,     7, -5.627123115611e-01, 1.797693134862e+308, 7.9588e-01, 4.7171e-03, 
 2DIAGNOSTIC,     8, -5.766609943856e-01, 1.797693134862e+308, 8.0104e-01, 5.1692e-03, 
 2DIAGNOSTIC,     9, -5.881111419397e-01, 1.797693134862e+308, 8.0644e-01, 5.3978e-03, 
 2DIAGNOSTIC,    10, -6.012927005665e-01, 7.820055967720e-03, 8.1315e-01, 6.7110e-03, 
 2DIAGNOSTIC,    11, -6.192402913589e-01, 8.564422673930e-03, 8.2092e-01, 7.7629e-03, 
 2DIAGNOSTIC,    12, -6.197111897441e-01, 8.513711436493e-03, 8.2621e-01, 5.2981e-03, 
 2DIAGNOSTIC,    13, -6.223136777511e-01, 7.932305190641e-03, 8.3089e-01, 4.6809e-03, 
 2DIAGNOSTIC,    14, -6.239859078533e-01, 6.938967258809e-03, 8.3538e-01, 4.4830e-03, 
 2DIAGNOSTIC,    15, -6.258731029037e-01, 5.722268374545e-03, 8.3967e-01, 4.2901e-03, 
 2DIAGNOSTIC,    16, -6.290042957047e-01, 4.404898010741e-03, 8.4413e-01, 4.4601e-03, 
 2DIAGNOSTIC,    17, -6.327399548192e-01, 3.192249458090e-03, 8.4966e-01, 5.5342e-03, 
 2DIAGNOSTIC,    18, -6.361770329222e-01, 2.298162514728e-03, 8.5520e-01, 5.5411e-03, 
 2DIAGNOSTIC,    19, -6.381920795071e-01, 1.629119691719e-03, 8.6029e-01, 5.0871e-03, 
 2DIAGNOSTIC,    20, -6.414786468659e-01, 1.264281191395e-03, 8.6494e-01, 4.6480e-03, 
 2DIAGNOSTIC,    21, -6.422621311593e-01, 1.244231354755e-03, 8.6946e-01, 4.5240e-03, 
 2DIAGNOSTIC,    22, -6.443386369763e-01, 1.164065699644e-03, 8.7413e-01, 4.6659e-03, 
 2DIAGNOSTIC,    23, -6.458367311075e-01, 1.066297095988e-03, 8.7875e-01, 4.6229e-03, 
 2DIAGNOSTIC,    24, -6.528535016480e-01, 1.047817944395e-03, 8.8442e-01, 5.6651e-03, 
 2DIAGNOSTIC,    25, -6.591704566339e-01, 1.083081267568e-03, 8.9065e-01, 6.2289e-03, 
 2DIAGNOSTIC,    26, -6.605963664190e-01, 1.093549185351e-03, 8.9559e-01, 4.9460e-03, 
 2DIAGNOSTIC,    27, -6.608439805278e-01, 1.070984919661e-03, 9.0002e-01, 4.4320e-03, 
 2DIAGNOSTIC,    28, -6.615671817254e-01, 1.019502609395e-03, 9.0438e-01, 4.3590e-03, 
 2DIAGNOSTIC,    29, -6.628794637939e-01, 9.260607690767e-04, 9.0894e-01, 4.5619e-03, 
 2DIAGNOSTIC,    30, -6.728294729987e-01, 9.537366382547e-04, 9.1595e-01, 7.0031e-03, 
 2DIAGNOSTIC,    31, -6.735478218264e-01, 9.084137910028e-04, 9.2044e-01, 4.4930e-03, 
 2DIAGNOSTIC,    32, -6.743491634192e-01, 8.254110334097e-04, 9.2486e-01, 4.4150e-03, 
 2DIAGNOSTIC,    33, -6.778518278605e-01, 7.396584408170e-04, 9.2962e-01, 4.7691e-03, 
 2DIAGNOSTIC,    34, -6.872952998490e-01, 8.064167129469e-04, 9.3886e-01, 9.2390e-03, 
 2DIAGNOSTIC,    35, -6.877324160237e-01, 8.751628597488e-04, 9.4335e-01, 4.4839e-03, 
 2DIAGNOSTIC,    36, -6.893216606187e-01, 8.964296332212e-04, 9.5314e-01, 9.7909e-03, 
 2DIAGNOSTIC,    37, -6.927384311235e-01, 8.791441792292e-04, 9.5754e-01, 4.3981e-03, 
 2DIAGNOSTIC,    38, -7.010244778509e-01, 8.853519466043e-04, 9.6202e-01, 4.4811e-03, 
 2DIAGNOSTIC,    39, -7.063982288260e-01, 8.771465001063e-04, 9.6647e-01, 4.4539e-03, 
 2DIAGNOSTIC,    40, -7.084287796268e-01, 9.204347130999e-04, 9.7089e-01, 4.4231e-03, 
 2DIAGNOSTIC,    41, -7.161021040087e-01, 9.681645401998e-04, 9.7609e-01, 5.1920e-03, 
 2DIAGNOSTIC,    42, -7.193481377217e-01, 9.621913939437e-04, 9.8231e-01, 6.2261e-03, 
 2DIAGNOSTIC,    43, -7.222404752107e-01, 9.270618316409e-04, 9.8709e-01, 4.7748e-03, 
 2DIAGNOSTIC,    44, -7.286084266450e-01, 9.646766874803e-04, 9.9158e-01, 4.4949e-03, 
 2DIAGNOSTIC,    45, -7.390739996892e-01, 1.014714437019e-03, 9.9613e-01, 4.5471e-03, 
 2DIAGNOSTIC,    46, -7.438163736398e-01, 1.023739961166e-03, 1.0007e+00, 4.5869e-03, 
 2DIAGNOSTIC,    47, -7.509618314569e-01, 1.031766054154e-03, 1.0087e+00, 7.9472e-03, 
 2DIAGNOSTIC,    48, -7.533286879672e-01, 1.037343985991e-03, 1.0135e+00, 4.8070e-03, 
 2DIAGNOSTIC,    49, -7.534982298490e-01, 9.931752767956e-04, 1.0177e+00, 4.2548e-03, 
 2DIAGNOSTIC,    50, -7.537412854674e-01, 8.741100324134e-04, 1.0225e+00, 4.8120e-03, 
 2DIAGNOSTIC,    51, -7.543783002988e-01, 7.469002814940e-04, 1.0269e+00, 4.3240e-03, 
 2DIAGNOSTIC,    52, -7.558662709156e-01, 5.932526087043e-04, 1.0312e+00, 4.3180e-03, 
 2DIAGNOSTIC,    53, -7.576428762305e-01, 4.268254655005e-04, 1.0361e+00, 4.9150e-03, 
 2DIAGNOSTIC,    54, -7.584181898811e-01, 2.821760255618e-04, 1.0409e+00, 4.8420e-03, 
 2DIAGNOSTIC,    55, -7.588826138682e-01, 2.017321644312e-04, 1.0453e+00, 4.3619e-03, 
 2DIAGNOSTIC,    56, -7.605857648789e-01, 1.531980524240e-04, 1.0517e+00, 6.4099e-03, 
 2DIAGNOSTIC,    57, -7.605735616343e-01, 1.443650494002e-04, 1.0565e+00, 4.8270e-03, 
 2DIAGNOSTIC,    58, -7.604489725776e-01, 1.385186180648e-04, 1.0608e+00, 4.2801e-03, 
 2DIAGNOSTIC,    59, -7.604437743223e-01, 1.210987468853e-04, 1.0651e+00, 4.2839e-03, 
 2DIAGNOSTIC,    60, -7.606056859727e-01, 9.569902965787e-05, 1.0700e+00, 4.9212e-03, 
 2DIAGNOSTIC,    61, -7.606982192508e-01, 6.684369990265e-05, 1.0747e+00, 4.6761e-03, 
 2DIAGNOSTIC,    62, -7.605906950456e-01, 4.178166934033e-05, 1.0796e+00, 4.8790e-03, 
 2DIAGNOSTIC,    63, -7.607152433805e-01, 2.648076450950e-05, 1.0844e+00, 4.8201e-03, 
 2DIAGNOSTIC,    64, -7.611564484361e-01, 1.722768387229e-05, 1.0904e+00, 6.0511e-03, 
 2DIAGNOSTIC,    65, -7.610667091167e-01, 8.674791724110e-06, 1.0950e+00, 4.5230e-03, 
 2DIAGNOSTIC,    66, -7.610901520018e-01, 1.061253376401e-05, 1.0994e+00, 4.4389e-03, 
 2DIAGNOSTIC,    67, -7.614234945571e-01, 1.359549257956e-05, 1.1039e+00, 4.4720e-03, 
 2DIAGNOSTIC,    68, -7.621020774411e-01, 1.855337790970e-05, 1.1120e+00, 8.0910e-03, 
 2DIAGNOSTIC,    69, -7.621022412910e-01, 2.141748921815e-05, 1.1163e+00, 4.2801e-03, 
 2DIAGNOSTIC,    70, -7.621023933381e-01, 2.320760555609e-05, 1.1212e+00, 4.9391e-03, 
 2DIAGNOSTIC,    71, -7.621024021735e-01, 2.342192441910e-05, 1.1271e+00, 5.8970e-03, 
 2DIAGNOSTIC,    72, -7.621024038804e-01, 2.075786788834e-05, 1.1335e+00, 6.3789e-03, 
 2DIAGNOSTIC,    73, -7.621024039496e-01, 1.678002511634e-05, 1.1402e+00, 6.7351e-03, 
 2DIAGNOSTIC,    74, -7.621024039521e-01, 1.384358934796e-05, 1.1463e+00, 6.0780e-03, 
 2DIAGNOSTIC,    75, -7.621024039523e-01, 9.291451190822e-06, 1.1528e+00, 6.5129e-03, 
 2DIAGNOSTIC,    76, -7.621024039523e-01, 4.140544501863e-06, 1.1587e+00, 5.8770e-03, 
DIAGNOSTIC,Iteration,metricValue,convergenceValue,ITERATION_TIME_INDEX,SINCE_LAST
 2DIAGNOSTIC,     1, -6.045544756542e-01, 1.797693134862e+308, 1.9246e+00, 7.6596e-01, 
 2DIAGNOSTIC,     2, -6.053961218994e-01, 1.797693134862e+308, 1.9532e+00, 2.8582e-02, 
 2DIAGNOSTIC,     3, -6.067102697368e-01, 1.797693134862e+308, 1.9816e+00, 2.8418e-02, 
 2DIAGNOSTIC,     4, -6.082432244616e-01, 1.797693134862e+308, 2.0096e+00, 2.7972e-02, 
 2DIAGNOSTIC,     5, -6.094758359400e-01, 1.797693134862e+308, 2.0386e+00, 2.9030e-02, 
 2DIAGNOSTIC,     6, -6.106814507747e-01, 1.797693134862e+308, 2.0687e+00, 3.0069e-02, 
 2DIAGNOSTIC,     7, -6.123807584545e-01, 1.797693134862e+308, 2.0997e+00, 3.0973e-02, 
 2DIAGNOSTIC,     8, -6.201035945844e-01, 1.797693134862e+308, 2.1445e+00, 4.4848e-02, 
 2DIAGNOSTIC,     9, -6.204010172522e-01, 1.797693134862e+308, 2.1748e+00, 3.0264e-02, 
 2DIAGNOSTIC,    10, -6.204413676812e-01, 1.885895580028e-03, 2.2091e+00, 3.4304e-02, 
 2DIAGNOSTIC,    11, -6.205485640006e-01, 1.728929018569e-03, 2.2397e+00, 3.0570e-02, 
 2DIAGNOSTIC,    12, -6.207470216443e-01, 1.481682894546e-03, 2.2730e+00, 3.3334e-02, 
 2DIAGNOSTIC,    13, -6.208294478121e-01, 1.183834216573e-03, 2.3069e+00, 3.3896e-02, 
 2DIAGNOSTIC,    14, -6.208553959656e-01, 8.724314159876e-04, 2.3390e+00, 3.2086e-02, 
 2DIAGNOSTIC,    15, -6.210913347674e-01, 5.723045801266e-04, 2.3806e+00, 4.1625e-02, 
 2DIAGNOSTIC,    16, -6.211603787454e-01, 2.957970552222e-04, 2.4308e+00, 5.0202e-02, 
 2DIAGNOSTIC,    17, -6.211731703190e-01, 6.560647696242e-05, 2.4650e+00, 3.4199e-02, 
 2DIAGNOSTIC,    18, -6.211741967760e-01, 5.323698960501e-05, 2.4988e+00, 3.3818e-02, 
 2DIAGNOSTIC,    19, -6.211714748410e-01, 4.464099031444e-05, 2.5329e+00, 3.4067e-02, 
 2DIAGNOSTIC,    20, -6.211650316848e-01, 3.362534483854e-05, 2.5626e+00, 2.9742e-02, 
 2DIAGNOSTIC,    21, -6.211500207341e-01, 2.257153740486e-05, 2.5938e+00, 3.1208e-02, 
 2DIAGNOSTIC,    22, -6.211606808825e-01, 1.497886373031e-05, 2.6304e+00, 3.6580e-02, 
 2DIAGNOSTIC,    23, -6.211489627170e-01, 8.253730515155e-06, 2.6663e+00, 3.5858e-02, 
 2DIAGNOSTIC,    24, -6.211550756984e-01, 1.960350535381e-06, 2.6997e+00, 3.3383e-02, 
DIAGNOSTIC,Iteration,metricValue,convergenceValue,ITERATION_TIME_INDEX,SINCE_LAST
 2DIAGNOSTIC,     1, -5.346087281918e-01, 1.797693134862e+308, 3.8002e+00, 1.1006e+00, 
 2DIAGNOSTIC,     2, -5.347692707883e-01, 1.797693134862e+308, 4.0627e+00, 2.6248e-01, 
 2DIAGNOSTIC,     3, -5.348744571738e-01, 1.797693134862e+308, 4.3210e+00, 2.5827e-01, 
 2DIAGNOSTIC,     4, -5.350051303432e-01, 1.797693134862e+308, 4.5634e+00, 2.4244e-01, 
 2DIAGNOSTIC,     5, -5.352867236301e-01, 1.797693134862e+308, 4.8410e+00, 2.7755e-01, 
 2DIAGNOSTIC,     6, -5.358614071297e-01, 1.797693134862e+308, 5.2629e+00, 4.2190e-01, 
 2DIAGNOSTIC,     7, -5.358779094869e-01, 1.797693134862e+308, 5.5469e+00, 2.8398e-01, 
 2DIAGNOSTIC,     8, -5.358825379354e-01, 1.797693134862e+308, 5.8223e+00, 2.7543e-01, 
 2DIAGNOSTIC,     9, -5.358833210283e-01, 1.797693134862e+308, 6.0986e+00, 2.7635e-01, 
 2DIAGNOSTIC,    10, -5.358838172741e-01, 1.867756781274e-04, 6.3708e+00, 2.7218e-01, 
 2DIAGNOSTIC,    11, -5.358836280321e-01, 1.425220446761e-04, 6.6204e+00, 2.4960e-01, 
 2DIAGNOSTIC,    12, -5.358839844448e-01, 1.002793365960e-04, 6.9033e+00, 2.8285e-01, 
 2DIAGNOSTIC,    13, -5.358816709009e-01, 6.028796113630e-05, 7.1675e+00, 2.6421e-01, 
 2DIAGNOSTIC,    14, -5.358836040769e-01, 2.575499989352e-05, 7.3991e+00, 2.3160e-01, 
 2DIAGNOSTIC,    15, -5.358827747411e-01, 3.042202889852e-06, 7.6806e+00, 2.8153e-01, 
 2DIAGNOSTIC,    16, -5.358847043408e-01, 2.196800942045e-06, 7.8999e+00, 2.1926e-01, 
 2DIAGNOSTIC,    17, -5.358849163656e-01, 1.948994236473e-06, 8.1399e+00, 2.4009e-01, 
 2DIAGNOSTIC,    18, -5.358878875620e-01, 1.946095117021e-06, 8.4209e+00, 2.8097e-01, 
 2DIAGNOSTIC,    19, -5.358921663541e-01, 2.066064833328e-06, 8.6903e+00, 2.6941e-01, 
 2DIAGNOSTIC,    20, -5.358907864922e-01, 2.111292285084e-06, 8.9983e+00, 3.0800e-01, 
 2DIAGNOSTIC,    21, -5.358933549451e-01, 2.166467446656e-06, 9.2562e+00, 2.5792e-01, 
 2DIAGNOSTIC,    22, -5.358914172540e-01, 2.118520762796e-06, 9.5304e+00, 2.7415e-01, 
 2DIAGNOSTIC,    23, -5.358904759579e-01, 1.935933701507e-06, 9.7683e+00, 2.3787e-01, 
 2DIAGNOSTIC,    24, -5.358885468279e-01, 1.717279609251e-06, 1.0044e+01, 2.7572e-01, 
 2DIAGNOSTIC,    25, -5.358886989295e-01, 1.465118828779e-06, 1.0286e+01, 2.4228e-01, 
 2DIAGNOSTIC,    26, -5.358889506148e-01, 1.259316994795e-06, 1.0527e+01, 2.4092e-01, 
 2DIAGNOSTIC,    27, -5.358893543223e-01, 1.076222979561e-06, 1.0804e+01, 2.7683e-01, 
DIAGNOSTIC,Iteration,metricValue,convergenceValue,ITERATION_TIME_INDEX,SINCE_LAST
 2DIAGNOSTIC,     1, -4.895063579533e-01, 1.797693134862e+308, 1.3303e+01, 2.4991e+00, 
 2DIAGNOSTIC,     2, -4.895289079030e-01, 1.797693134862e+308, 1.4627e+01, 1.3237e+00, 
 2DIAGNOSTIC,     3, -4.895427351637e-01, 1.797693134862e+308, 1.7427e+01, 2.7997e+00, 
 2DIAGNOSTIC,     4, -4.895439904755e-01, 1.797693134862e+308, 1.8769e+01, 1.3421e+00, 
 2DIAGNOSTIC,     5, -4.895439357576e-01, 1.797693134862e+308, 2.0788e+01, 2.0198e+00, 
 2DIAGNOSTIC,     6, -4.895437742700e-01, 1.797693134862e+308, 2.2515e+01, 1.7267e+00, 
 2DIAGNOSTIC,     7, -4.895433706721e-01, 1.797693134862e+308, 2.4524e+01, 2.0090e+00, 
 2DIAGNOSTIC,     8, -4.895433266921e-01, 1.797693134862e+308, 2.6177e+01, 1.6525e+00, 
 2DIAGNOSTIC,     9, -4.895432633873e-01, 1.797693134862e+308, 2.7660e+01, 1.4830e+00, 
 2DIAGNOSTIC,    10, -4.895432371009e-01, 6.055898183865e-06, 2.9239e+01, 1.5790e+00, 
 2DIAGNOSTIC,    11, -4.895430942937e-01, 3.618248101342e-06, 3.0852e+01, 1.6132e+00, 
 2DIAGNOSTIC,    12, -4.895431054732e-01, 2.595266918939e-06, 3.2344e+01, 1.4924e+00, 
 2DIAGNOSTIC,    13, -4.895431162103e-01, 2.350924938929e-06, 3.3749e+01, 1.4051e+00, 
 2DIAGNOSTIC,    14, -4.895433304579e-01, 2.210813413311e-06, 3.5336e+01, 1.5867e+00, 
 2DIAGNOSTIC,    15, -4.895432534227e-01, 2.089669545763e-06, 3.7094e+01, 1.7582e+00, 
 2DIAGNOSTIC,    16, -4.895432077568e-01, 1.979628193913e-06, 3.8659e+01, 1.5648e+00, 
 2DIAGNOSTIC,    17, -4.895431532727e-01, 1.867817111999e-06, 4.0158e+01, 1.4986e+00, 
 2DIAGNOSTIC,    18, -4.895429938268e-01, 1.762111508034e-06, 4.1786e+01, 1.6288e+00, 
 2DIAGNOSTIC,    19, -4.895431572468e-01, 1.671035596895e-06, 4.3284e+01, 1.4977e+00, 
 2DIAGNOSTIC,    20, -4.895429549455e-01, 1.582657583120e-06, 4.4773e+01, 1.4893e+00, 
 2DIAGNOSTIC,    21, -4.895430062413e-01, 1.501166297435e-06, 4.6398e+01, 1.6244e+00, 
 2DIAGNOSTIC,    22, -4.895430574096e-01, 1.430037106405e-06, 4.7963e+01, 1.5651e+00, 
 2DIAGNOSTIC,    23, -4.895429859948e-01, 1.364802401420e-06, 4.9809e+01, 1.8459e+00, 
 2DIAGNOSTIC,    24, -4.895428940706e-01, 1.309742645707e-06, 5.1195e+01, 1.3863e+00, 
 2DIAGNOSTIC,    25, -4.895427026697e-01, 1.254401784043e-06, 5.2543e+01, 1.3476e+00, 
 2DIAGNOSTIC,    26, -4.895427723239e-01, 1.205662761822e-06, 5.4045e+01, 1.5019e+00, 
 2DIAGNOSTIC,    27, -4.895427556862e-01, 1.160609603965e-06, 5.5449e+01, 1.4039e+00, 
 2DIAGNOSTIC,    28, -4.895426914209e-01, 1.115650732922e-06, 5.6924e+01, 1.4756e+00, 
 2DIAGNOSTIC,    29, -4.895428155617e-01, 1.081729413273e-06, 5.8298e+01, 1.3736e+00, 
 2DIAGNOSTIC,    30, -4.895427916769e-01, 1.047062593462e-06, 5.9936e+01, 1.6380e+00, 
 2DIAGNOSTIC,    31, -4.895430426706e-01, 1.021491757541e-06, 6.2018e+01, 2.0817e+00, 
  Elapsed time (stage 0): 6.2849e+01


Total elapsed time: 6.2858e+01
Info [verificarlo]: loaded backend libinterflop_ieee.so
Info [interflop-ieee]: load backend with:
Info [interflop-ieee]: debug = false
Info [interflop-ieee]: debug-binary = false
Info [interflop-ieee]: no-backend-name = false
Info [interflop-ieee]: print-new-line = false
Info [interflop-ieee]: print-subnormal-normalized = false
Info [interflop-ieee]: count-op = false
All_Command_lines_OK
Using double precision for computations.
=============================================================================
The composite transform comprises the following transforms (in order): 
  1. /home/mdugre/scratch/mri-registration-rp/datasets/ds004513/derivatives/mri-registration-rp/0001/antsRegistration-r7-p12/sub-s025/rigid_Composite.h5[0] (type = Euler3DTransform)
  2. /home/mdugre/scratch/mri-registration-rp/datasets/ds004513/derivatives/mri-registration-rp/0001/antsRegistration-r7-p12/sub-s025/rigid_Composite.h5[1] (type = Euler3DTransform)
  3. /home/mdugre/scratch/mri-registration-rp/datasets/ds004513/derivatives/mri-registration-rp/0001/antsRegistration-r7-p12/sub-s025/rigid_Composite.h5[2] (type = Euler3DTransform)
=============================================================================
  number of levels = 4
  fixed image: /templateflow/tpl-MNI152NLin2009cAsym/tpl-MNI152NLin2009cAsym_res-01_desc-brain_T1w.nii.gz
  moving image: /home/mdugre/scratch/mri-registration-rp/datasets/ds004513/derivatives/mri-registration-rp/antsBrainExtraction/sub-s025/BrainExtractionBrain.nii.gz
Dimension = 3
Number of stages = 1
Use histogram matching = false
Winsorize image intensities = true
  Lower quantile = 0.005
  Upper quantile = 0.995


Stage 1 State
   Image metric = MattesMI
     Fixed image = Image (0x37e67e0)
  RTTI typeinfo:   itk::Image<double, 3u>
  Reference Count: 2
  Modified Time: 1594
  Debug: Off
  Object Name: 
  Observers: 
    none
  Source: (none)
  Source output name: (none)
  Release Data: Off
  Data Released: False
  Global Release Data: Off
  PipelineMTime: 0
  UpdateMTime: 1203
  RealTimeStamp: 0 seconds 
  LargestPossibleRegion: 
    Dimension: 3
    Index: [0, 0, 0]
    Size: [193, 229, 193]
  BufferedRegion: 
    Dimension: 3
    Index: [0, 0, 0]
    Size: [193, 229, 193]
  RequestedRegion: 
    Dimension: 3
    Index: [0, 0, 0]
    Size: [193, 229, 193]
  Spacing: [1, 1, 1]
  Origin: [96, 132, -78]
  Direction: 
-1 0 0
0 -1 0
0 0 1

  IndexToPointMatrix: 
-1 0 0
0 -1 0
0 0 1

  PointToIndexMatrix: 
-1 0 0
0 -1 0
0 0 1

  Inverse Direction: 
-1 0 0
0 -1 0
0 0 1

  PixelContainer: 
    ImportImageContainer (0x38a6a20)
      RTTI typeinfo:   itk::ImportImageContainer<unsigned long, double>
      Reference Count: 1
      Modified Time: 1200
      Debug: Off
      Object Name: 
      Observers: 
        none
      Pointer: 0x14a32ac33010
      Container manages memory: true
      Size: 8530021
      Capacity: 8530021

     Moving image = Image (0x38a1d70)
  RTTI typeinfo:   itk::Image<double, 3u>
  Reference Count: 2
  Modified Time: 1595
  Debug: Off
  Object Name: 
  Observers: 
    none
  Source: (none)
  Source output name: (none)
  Release Data: Off
  Data Released: False
  Global Release Data: Off
  PipelineMTime: 0
  UpdateMTime: 1592
  RealTimeStamp: 0 seconds 
  LargestPossibleRegion: 
    Dimension: 3
    Index: [0, 0, 0]
    Size: [176, 240, 256]
  BufferedRegion: 
    Dimension: 3
    Index: [0, 0, 0]
    Size: [176, 240, 256]
  RequestedRegion: 
    Dimension: 3
    Index: [0, 0, 0]
    Size: [176, 240, 256]
  Spacing: [0.999999, 1, 1]
  Origin: [90.3778, 84.5091, -154.071]
  Direction: 
-0.999391 7.48184e-06 -0.0348969
-7.47664e-06 -1 -2.7953e-07
-0.0348969 -1.84481e-08 0.999391

  IndexToPointMatrix: 
-0.99939 7.48184e-06 -0.0348969
-7.47663e-06 -1 -2.7953e-07
-0.0348968 -1.84481e-08 0.999391

  PointToIndexMatrix: 
-0.999392 -7.47665e-06 -0.0348969
7.48184e-06 -1 -1.84481e-08
-0.0348969 -2.7953e-07 0.999391

  Inverse Direction: 
-0.999391 -7.47664e-06 -0.0348969
7.48184e-06 -1 -1.84481e-08
-0.0348969 -2.7953e-07 0.999391

  PixelContainer: 
    ImportImageContainer (0x3859c90)
      RTTI typeinfo:   itk::ImportImageContainer<unsigned long, double>
      Reference Count: 1
      Modified Time: 1589
      Debug: Off
      Object Name: 
      Observers: 
        none
      Pointer: 0x14a3259b2010
      Container manages memory: true
      Size: 10813440
      Capacity: 10813440

     Weighting = 1
     Sampling strategy = regular
     Number of bins = 32
     Radius = 4
     Sampling percentage  = 0.25
   Transform = Affine
     Gradient step = 0.1
     Update field sigma (voxel space) = 0
     Total field sigma (voxel space) = 0
     Update field time sigma = 0
     Total field time sigma  = 0
     Number of time indices = 0
     Number of time point samples = 0
Registration using 1 total stages.

Stage 0
  iterations = 1000x500x250x100
  convergence threshold = 1e-06
  convergence window size = 10
  number of levels = 4
  using the Mattes MI metric (number of bins = 32, weight = 1, use gradient filter = 0)
  preprocessing:  winsorizing the image intensities
  Shrink factors (level 1 out of 4): [8, 8, 8]
  Shrink factors (level 2 out of 4): [4, 4, 4]
  Shrink factors (level 3 out of 4): [2, 2, 2]
  Shrink factors (level 4 out of 4): [1, 1, 1]
  smoothing sigmas per level: [3, 2, 1, 0]
  regular sampling (percentage = 0.25)

*** Running AffineTransform registration ***

DIAGNOSTIC,Iteration,metricValue,convergenceValue,ITERATION_TIME_INDEX,SINCE_LAST
 2DIAGNOSTIC,     1, -7.480279168832e-01, 1.797693134862e+308, 8.4717e-01, 8.4717e-01, 
 2DIAGNOSTIC,     2, -7.502129573336e-01, 1.797693134862e+308, 8.5250e-01, 5.3310e-03, 
 2DIAGNOSTIC,     3, -7.536308864349e-01, 1.797693134862e+308, 8.5746e-01, 4.9570e-03, 
 2DIAGNOSTIC,     4, -7.594596814715e-01, 1.797693134862e+308, 8.6204e-01, 4.5810e-03, 
 2DIAGNOSTIC,     5, -7.691861534968e-01, 1.797693134862e+308, 8.6684e-01, 4.8010e-03, 
 2DIAGNOSTIC,     6, -7.850617984288e-01, 1.797693134862e+308, 8.7172e-01, 4.8800e-03, 
 2DIAGNOSTIC,     7, -8.103664312448e-01, 1.797693134862e+308, 8.7758e-01, 5.8601e-03, 
 2DIAGNOSTIC,     8, -8.696825947365e-01, 1.797693134862e+308, 8.8388e-01, 6.3019e-03, 
 2DIAGNOSTIC,     9, -9.129828518502e-01, 1.797693134862e+308, 8.8903e-01, 5.1482e-03, 
 2DIAGNOSTIC,    10, -9.256192242134e-01, 1.503799119860e-02, 8.9562e-01, 6.5858e-03, 
 2DIAGNOSTIC,    11, -9.295872655224e-01, 1.540599278220e-02, 9.0125e-01, 5.6291e-03, 
 2DIAGNOSTIC,    12, -9.311859178091e-01, 1.444996416665e-02, 9.0859e-01, 7.3450e-03, 
 2DIAGNOSTIC,    13, -9.313621460405e-01, 1.243721965249e-02, 9.1384e-01, 5.2500e-03, 
 2DIAGNOSTIC,    14, -9.348643996630e-01, 9.828962107665e-03, 9.1927e-01, 5.4240e-03, 
 2DIAGNOSTIC,    15, -9.361621720156e-01, 6.965641653455e-03, 9.2603e-01, 6.7689e-03, 
 2DIAGNOSTIC,    16, -9.365754195071e-01, 4.209901613514e-03, 9.3238e-01, 6.3472e-03, 
 2DIAGNOSTIC,    17, -9.368955952639e-01, 1.901530856803e-03, 9.3785e-01, 5.4700e-03, 
 2DIAGNOSTIC,    18, -9.368673468929e-01, 7.608343352525e-04, 9.4399e-01, 6.1390e-03, 
 2DIAGNOSTIC,    19, -9.370388225172e-01, 4.228481474091e-04, 9.4949e-01, 5.4970e-03, 
 2DIAGNOSTIC,    20, -9.381686012765e-01, 3.045610445661e-04, 9.5585e-01, 6.3601e-03, 
 2DIAGNOSTIC,    21, -9.382581552482e-01, 2.325468634961e-04, 9.6267e-01, 6.8221e-03, 
 2DIAGNOSTIC,    22, -9.385427107031e-01, 1.747182260830e-04, 9.6887e-01, 6.2022e-03, 
 2DIAGNOSTIC,    23, -9.385149015056e-01, 1.072246033998e-04, 9.7501e-01, 6.1381e-03, 
 2DIAGNOSTIC,    24, -9.386605084630e-01, 8.437776176696e-05, 9.8158e-01, 6.5730e-03, 
 2DIAGNOSTIC,    25, -9.386003333228e-01, 7.123158984858e-05, 9.8727e-01, 5.6860e-03, 
 2DIAGNOSTIC,    26, -9.384090600756e-01, 5.520404914368e-05, 9.9475e-01, 7.4780e-03, 
 2DIAGNOSTIC,    27, -9.381693980855e-01, 3.659357781901e-05, 1.0010e+00, 6.2380e-03, 
 2DIAGNOSTIC,    28, -9.382000362596e-01, 1.622615308874e-05, 1.0066e+00, 5.5990e-03, 
DIAGNOSTIC,Iteration,metricValue,convergenceValue,ITERATION_TIME_INDEX,SINCE_LAST
 2DIAGNOSTIC,     1, -7.503722468999e-01, 1.797693134862e+308, 1.8085e+00, 8.0196e-01, 
 2DIAGNOSTIC,     2, -7.507969488846e-01, 1.797693134862e+308, 1.8449e+00, 3.6405e-02, 
 2DIAGNOSTIC,     3, -7.513477420964e-01, 1.797693134862e+308, 1.8810e+00, 3.6091e-02, 
 2DIAGNOSTIC,     4, -7.520580459397e-01, 1.797693134862e+308, 1.9169e+00, 3.5872e-02, 
 2DIAGNOSTIC,     5, -7.534048685325e-01, 1.797693134862e+308, 1.9657e+00, 4.8761e-02, 
 2DIAGNOSTIC,     6, -7.544849441385e-01, 1.797693134862e+308, 2.0310e+00, 6.5346e-02, 
 2DIAGNOSTIC,     7, -7.544441931789e-01, 1.797693134862e+308, 2.0702e+00, 3.9219e-02, 
 2DIAGNOSTIC,     8, -7.544550307578e-01, 1.797693134862e+308, 2.1112e+00, 4.0947e-02, 
 2DIAGNOSTIC,     9, -7.544702455580e-01, 1.797693134862e+308, 2.1523e+00, 4.1154e-02, 
 2DIAGNOSTIC,    10, -7.545160902832e-01, 4.118125839983e-04, 2.1938e+00, 4.1437e-02, 
 2DIAGNOSTIC,    11, -7.545274106913e-01, 3.005062036134e-04, 2.2378e+00, 4.4045e-02, 
 2DIAGNOSTIC,    12, -7.545589506658e-01, 1.958157052896e-04, 2.2753e+00, 3.7469e-02, 
 2DIAGNOSTIC,    13, -7.546174631822e-01, 1.078870803567e-04, 2.3186e+00, 4.3279e-02, 
 2DIAGNOSTIC,    14, -7.547021870043e-01, 4.363272462039e-05, 2.3628e+00, 4.4262e-02, 
 2DIAGNOSTIC,    15, -7.547187712204e-01, 1.762530173428e-05, 2.4008e+00, 3.7944e-02, 
 2DIAGNOSTIC,    16, -7.547266514703e-01, 1.915555368291e-05, 2.4389e+00, 3.8175e-02, 
 2DIAGNOSTIC,    17, -7.546878511134e-01, 1.718717489434e-05, 2.4783e+00, 3.9339e-02, 
 2DIAGNOSTIC,    18, -7.546978020881e-01, 1.446601191341e-05, 2.5233e+00, 4.5038e-02, 
 2DIAGNOSTIC,    19, -7.546918547765e-01, 1.097955874126e-05, 2.5612e+00, 3.7912e-02, 
 2DIAGNOSTIC,    20, -7.546889963670e-01, 7.788750247970e-06, 2.5939e+00, 3.2682e-02, 
 2DIAGNOSTIC,    21, -7.546880514809e-01, 4.534645498017e-06, 2.6276e+00, 3.3731e-02, 
 2DIAGNOSTIC,    22, -7.546948029319e-01, 1.952652381482e-06, 2.6648e+00, 3.7147e-02, 
DIAGNOSTIC,Iteration,metricValue,convergenceValue,ITERATION_TIME_INDEX,SINCE_LAST
 2DIAGNOSTIC,     1, -6.415074003270e-01, 1.797693134862e+308, 3.8755e+00, 1.2107e+00, 
 2DIAGNOSTIC,     2, -6.419375104673e-01, 1.797693134862e+308, 4.1598e+00, 2.8426e-01, 
 2DIAGNOSTIC,     3, -6.424317825728e-01, 1.797693134862e+308, 4.4459e+00, 2.8610e-01, 
 2DIAGNOSTIC,     4, -6.429416383670e-01, 1.797693134862e+308, 4.7054e+00, 2.5953e-01, 
 2DIAGNOSTIC,     5, -6.436883525488e-01, 1.797693134862e+308, 4.9824e+00, 2.7698e-01, 
 2DIAGNOSTIC,     6, -6.449148198987e-01, 1.797693134862e+308, 5.3879e+00, 4.0548e-01, 
 2DIAGNOSTIC,     7, -6.449500060976e-01, 1.797693134862e+308, 5.8561e+00, 4.6823e-01, 
 2DIAGNOSTIC,     8, -6.449497156330e-01, 1.797693134862e+308, 6.3021e+00, 4.4599e-01, 
 2DIAGNOSTIC,     9, -6.449506104844e-01, 1.797693134862e+308, 6.6418e+00, 3.3969e-01, 
 2DIAGNOSTIC,    10, -6.449495390062e-01, 3.997708918686e-04, 6.9734e+00, 3.3161e-01, 
 2DIAGNOSTIC,    11, -6.449469978826e-01, 2.924025312506e-04, 7.2560e+00, 2.8259e-01, 
 2DIAGNOSTIC,    12, -6.449475254648e-01, 1.928060170562e-04, 7.5779e+00, 3.2189e-01, 
 2DIAGNOSTIC,    13, -6.449467254372e-01, 1.086215788986e-04, 7.8939e+00, 3.1600e-01, 
 2DIAGNOSTIC,    14, -6.449459236435e-01, 4.269105468455e-05, 8.1753e+00, 2.8144e-01, 
 2DIAGNOSTIC,    15, -6.449455526264e-01, 2.805993008947e-06, 8.4915e+00, 3.1620e-01, 
 2DIAGNOSTIC,    16, -6.449466068123e-01, 1.671907675957e-06, 8.8226e+00, 3.3107e-01, 
 2DIAGNOSTIC,    17, -6.449445263204e-01, 1.558746442372e-06, 9.1451e+00, 3.2254e-01, 
 2DIAGNOSTIC,    18, -6.449421701428e-01, 1.422380674028e-06, 9.4277e+00, 2.8261e-01, 
 2DIAGNOSTIC,    19, -6.449401541110e-01, 1.308480976521e-06, 9.7491e+00, 3.2141e-01, 
 2DIAGNOSTIC,    20, -6.449408912261e-01, 1.234219393478e-06, 1.0030e+01, 2.8096e-01, 
 2DIAGNOSTIC,    21, -6.449421338111e-01, 1.170355993042e-06, 1.0345e+01, 3.1490e-01, 
 2DIAGNOSTIC,    22, -6.449419416544e-01, 1.151064034213e-06, 1.0633e+01, 2.8815e-01, 
 2DIAGNOSTIC,    23, -6.449405537860e-01, 1.121564479394e-06, 1.0940e+01, 3.0645e-01, 
 2DIAGNOSTIC,    24, -6.449426336863e-01, 1.144226891459e-06, 1.1217e+01, 2.7695e-01, 
 2DIAGNOSTIC,    25, -6.449432473241e-01, 1.183244336525e-06, 1.1602e+01, 3.8575e-01, 
 2DIAGNOSTIC,    26, -6.449429707718e-01, 1.240249378309e-06, 1.1957e+01, 3.5483e-01, 
 2DIAGNOSTIC,    27, -6.449405757875e-01, 1.220204781063e-06, 1.2277e+01, 3.1978e-01, 
 2DIAGNOSTIC,    28, -6.449381258506e-01, 1.124823693500e-06, 1.2601e+01, 3.2388e-01, 
DIAGNOSTIC,Iteration,metricValue,convergenceValue,ITERATION_TIME_INDEX,SINCE_LAST
 2DIAGNOSTIC,     1, -5.762539138516e-01, 1.797693134862e+308, 1.5412e+01, 2.8117e+00, 
 2DIAGNOSTIC,     2, -5.766940047514e-01, 1.797693134862e+308, 1.7229e+01, 1.8168e+00, 
 2DIAGNOSTIC,     3, -5.772003496550e-01, 1.797693134862e+308, 1.8931e+01, 1.7013e+00, 
 2DIAGNOSTIC,     4, -5.777617241977e-01, 1.797693134862e+308, 2.0717e+01, 1.7862e+00, 
 2DIAGNOSTIC,     5, -5.785984295275e-01, 1.797693134862e+308, 2.2341e+01, 1.6242e+00, 
 2DIAGNOSTIC,     6, -5.792687390312e-01, 1.797693134862e+308, 2.7550e+01, 5.2086e+00, 
 2DIAGNOSTIC,     7, -5.792687558880e-01, 1.797693134862e+308, 2.9608e+01, 2.0589e+00, 
 2DIAGNOSTIC,     8, -5.792684625920e-01, 1.797693134862e+308, 3.1521e+01, 1.9125e+00, 
 2DIAGNOSTIC,     9, -5.792681721399e-01, 1.797693134862e+308, 3.3511e+01, 1.9905e+00, 
 2DIAGNOSTIC,    10, -5.792680291420e-01, 3.732243517696e-04, 3.5326e+01, 1.8147e+00, 
 2DIAGNOSTIC,    11, -5.792677409173e-01, 2.597858098795e-04, 3.7088e+01, 1.7620e+00, 
 2DIAGNOSTIC,    12, -5.792677576614e-01, 1.604078416374e-04, 3.8953e+01, 1.8648e+00, 
 2DIAGNOSTIC,    13, -5.792674743713e-01, 8.140702906231e-05, 4.0515e+01, 1.5625e+00, 
 2DIAGNOSTIC,    14, -5.792673527162e-01, 2.567010684465e-05, 4.2263e+01, 1.7472e+00, 
 2DIAGNOSTIC,    15, -5.792673930910e-01, 2.008230732084e-06, 4.4170e+01, 1.9069e+00, 
 2DIAGNOSTIC,    16, -5.792672785382e-01, 1.890673031524e-06, 4.6060e+01, 1.8905e+00, 
 2DIAGNOSTIC,    17, -5.792668707239e-01, 1.785009900550e-06, 4.7988e+01, 1.9277e+00, 
 2DIAGNOSTIC,    18, -5.792667575900e-01, 1.688632967907e-06, 4.9746e+01, 1.7583e+00, 
 2DIAGNOSTIC,    19, -5.792663343698e-01, 1.591409374183e-06, 5.1708e+01, 1.9615e+00, 
 2DIAGNOSTIC,    20, -5.792660659340e-01, 1.501847298267e-06, 5.3622e+01, 1.9142e+00, 
 2DIAGNOSTIC,    21, -5.792659363364e-01, 1.419392914627e-06, 5.5579e+01, 1.9576e+00, 
 2DIAGNOSTIC,    22, -5.792656567193e-01, 1.347783824629e-06, 5.7364e+01, 1.7849e+00, 
 2DIAGNOSTIC,    23, -5.792655407852e-01, 1.283364498610e-06, 5.9106e+01, 1.7416e+00, 
