
##########################
# Experiment information #
##########################

EXPERIMENT_NAME: antsRegistration-r8-p12
VFC_BACKENDS: libinterflop_vprec.so --range-binary32=8 --precision-binary32=12 --range-binary64=8 --precision-binary64=12

SIF_IMG: /home/mdugre/projects/rrg-glatard/mdugre/containers/ants-vprec-no_metrics.simg

SUBJECT_ID: s003
INPUT_IMG: /home/mdugre/scratch/mri-registration-rp/datasets/ds004513/derivatives/mri-registration-rp/antsBrainExtraction/sub-s003/BrainExtractionBrain.nii.gz
OUTPUT_DIR: /home/mdugre/scratch/mri-registration-rp/datasets/ds004513/derivatives/mri-registration-rp/0001/antsRegistration-r8-p12/sub-s003

FIXED_IMG: /templateflow/tpl-MNI152NLin2009cAsym/tpl-MNI152NLin2009cAsym_res-01_desc-brain_T1w.nii.gz
DATA_DIR: /home/mdugre/scratch/mri-registration-rp/datasets/ds004513
TEMPLATEFLOW_DIR: /home/mdugre/projects/rrg-glatard/mdugre/templateflow
ITK_GLOBAL_DEFAULT_NUMBER_OF_THREADS: 16
##########################

Info [verificarlo]: loaded backend libinterflop_ieee.so
Info [interflop-ieee]: load backend with:
Info [interflop-ieee]: debug = false
Info [interflop-ieee]: debug-binary = false
Info [interflop-ieee]: no-backend-name = false
Info [interflop-ieee]: print-new-line = false
Info [interflop-ieee]: print-subnormal-normalized = false
Info [interflop-ieee]: count-op = false
All_Command_lines_OK
Using double precision for computations.
=============================================================================
The composite transform comprises the following transforms (in order): 
  1. Center of mass alignment using fixed image: /templateflow/tpl-MNI152NLin2009cAsym/tpl-MNI152NLin2009cAsym_res-01_desc-brain_T1w.nii.gz and moving image: /home/mdugre/scratch/mri-registration-rp/datasets/ds004513/derivatives/mri-registration-rp/antsBrainExtraction/sub-s003/BrainExtractionBrain.nii.gz (type = Euler3DTransform)
=============================================================================
  number of levels = 1
  fixed image: /templateflow/tpl-MNI152NLin2009cAsym/tpl-MNI152NLin2009cAsym_res-01_desc-brain_T1w.nii.gz
  moving image: /home/mdugre/scratch/mri-registration-rp/datasets/ds004513/derivatives/mri-registration-rp/antsBrainExtraction/sub-s003/BrainExtractionBrain.nii.gz
Dimension = 3
Number of stages = 1
Use histogram matching = false
Winsorize image intensities = true
  Lower quantile = 0.005
  Upper quantile = 0.995


Stage 1 State
   Image metric = MattesMI
     Fixed image = Image (0x4ac1e70)
  RTTI typeinfo:   itk::Image<double, 3u>
  Reference Count: 2
  Modified Time: 2334
  Debug: Off
  Object Name: 
  Observers: 
    none
  Source: (none)
  Source output name: (none)
  Release Data: Off
  Data Released: False
  Global Release Data: Off
  PipelineMTime: 0
  UpdateMTime: 1943
  RealTimeStamp: 0 seconds 
  LargestPossibleRegion: 
    Dimension: 3
    Index: [0, 0, 0]
    Size: [193, 229, 193]
  BufferedRegion: 
    Dimension: 3
    Index: [0, 0, 0]
    Size: [193, 229, 193]
  RequestedRegion: 
    Dimension: 3
    Index: [0, 0, 0]
    Size: [193, 229, 193]
  Spacing: [1, 1, 1]
  Origin: [96, 132, -78]
  Direction: 
-1 0 0
0 -1 0
0 0 1

  IndexToPointMatrix: 
-1 0 0
0 -1 0
0 0 1

  PointToIndexMatrix: 
-1 0 0
0 -1 0
0 0 1

  Inverse Direction: 
-1 0 0
0 -1 0
0 0 1

  PixelContainer: 
    ImportImageContainer (0x4ace140)
      RTTI typeinfo:   itk::ImportImageContainer<unsigned long, double>
      Reference Count: 1
      Modified Time: 1940
      Debug: Off
      Object Name: 
      Observers: 
        none
      Pointer: 0x152506a92010
      Container manages memory: true
      Size: 8530021
      Capacity: 8530021

     Moving image = Image (0x4acb310)
  RTTI typeinfo:   itk::Image<double, 3u>
  Reference Count: 2
  Modified Time: 2335
  Debug: Off
  Object Name: 
  Observers: 
    none
  Source: (none)
  Source output name: (none)
  Release Data: Off
  Data Released: False
  Global Release Data: Off
  PipelineMTime: 0
  UpdateMTime: 2332
  RealTimeStamp: 0 seconds 
  LargestPossibleRegion: 
    Dimension: 3
    Index: [0, 0, 0]
    Size: [176, 240, 256]
  BufferedRegion: 
    Dimension: 3
    Index: [0, 0, 0]
    Size: [176, 240, 256]
  RequestedRegion: 
    Dimension: 3
    Index: [0, 0, 0]
    Size: [176, 240, 256]
  Spacing: [0.999999, 1, 1]
  Origin: [93.3499, 86.9368, -128.957]
  Direction: 
-0.999513 -0.0279216 -0.0139567
0.0279189 -0.99961 0.000389866
-0.0139622 2.01492e-08 0.999903

  IndexToPointMatrix: 
-0.999512 -0.0279216 -0.0139567
0.0279189 -0.99961 0.000389866
-0.0139621 2.01492e-08 0.999903

  PointToIndexMatrix: 
-0.999514 0.0279189 -0.0139622
-0.0279216 -0.99961 2.01716e-08
-0.0139567 0.000389866 0.999903

  Inverse Direction: 
-0.999513 0.0279189 -0.0139622
-0.0279216 -0.99961 2.01716e-08
-0.0139567 0.000389866 0.999903

  PixelContainer: 
    ImportImageContainer (0x4bf6610)
      RTTI typeinfo:   itk::ImportImageContainer<unsigned long, double>
      Reference Count: 1
      Modified Time: 2329
      Debug: Off
      Object Name: 
      Observers: 
        none
      Pointer: 0x152501811010
      Container manages memory: true
      Size: 10813440
      Capacity: 10813440

     Weighting = 1
     Sampling strategy = regular
     Number of bins = 32
     Radius = 4
     Sampling percentage  = 0.25
   Transform = Rigid
     Gradient step = 0.1
     Update field sigma (voxel space) = 0
     Total field sigma (voxel space) = 0
     Update field time sigma = 0
     Total field time sigma  = 0
     Number of time indices = 0
     Number of time point samples = 0
Registration using 1 total stages.

Stage 0
  iterations = 0
  convergence threshold = 1e-06
  convergence window size = 10
  number of levels = 1
  using the Mattes MI metric (number of bins = 32, weight = 1, use gradient filter = 0)
  preprocessing:  winsorizing the image intensities
  Shrink factors (level 1 out of 1): [1, 1, 1]
  smoothing sigmas per level: [0]
  regular sampling (percentage = 0.25)

*** Running Euler3DTransform registration ***

  Elapsed time (stage 0): 1.16355


Total elapsed time: 1.1728
Info [verificarlo]: loaded backend libinterflop_ieee.so
Info [interflop-ieee]: load backend with:
Info [interflop-ieee]: debug = false
Info [interflop-ieee]: debug-binary = false
Info [interflop-ieee]: no-backend-name = false
Info [interflop-ieee]: print-new-line = false
Info [interflop-ieee]: print-subnormal-normalized = false
Info [interflop-ieee]: count-op = false
All_Command_lines_OK
Using double precision for computations.
=============================================================================
The composite transform comprises the following transforms (in order): 
  1. /home/mdugre/scratch/mri-registration-rp/datasets/ds004513/derivatives/mri-registration-rp/0001/antsRegistration-r8-p12/sub-s003/align_Composite.h5[0] (type = Euler3DTransform)
  2. /home/mdugre/scratch/mri-registration-rp/datasets/ds004513/derivatives/mri-registration-rp/0001/antsRegistration-r8-p12/sub-s003/align_Composite.h5[1] (type = Euler3DTransform)
=============================================================================
  number of levels = 4
  fixed image: /templateflow/tpl-MNI152NLin2009cAsym/tpl-MNI152NLin2009cAsym_res-01_desc-brain_T1w.nii.gz
  moving image: /home/mdugre/scratch/mri-registration-rp/datasets/ds004513/derivatives/mri-registration-rp/antsBrainExtraction/sub-s003/BrainExtractionBrain.nii.gz
Dimension = 3
Number of stages = 1
Use histogram matching = false
Winsorize image intensities = true
  Lower quantile = 0.005
  Upper quantile = 0.995


Stage 1 State
   Image metric = MattesMI
     Fixed image = Image (0x4d84530)
  RTTI typeinfo:   itk::Image<double, 3u>
  Reference Count: 2
  Modified Time: 1580
  Debug: Off
  Object Name: 
  Observers: 
    none
  Source: (none)
  Source output name: (none)
  Release Data: Off
  Data Released: False
  Global Release Data: Off
  PipelineMTime: 0
  UpdateMTime: 1189
  RealTimeStamp: 0 seconds 
  LargestPossibleRegion: 
    Dimension: 3
    Index: [0, 0, 0]
    Size: [193, 229, 193]
  BufferedRegion: 
    Dimension: 3
    Index: [0, 0, 0]
    Size: [193, 229, 193]
  RequestedRegion: 
    Dimension: 3
    Index: [0, 0, 0]
    Size: [193, 229, 193]
  Spacing: [1, 1, 1]
  Origin: [96, 132, -78]
  Direction: 
-1 0 0
0 -1 0
0 0 1

  IndexToPointMatrix: 
-1 0 0
0 -1 0
0 0 1

  PointToIndexMatrix: 
-1 0 0
0 -1 0
0 0 1

  Inverse Direction: 
-1 0 0
0 -1 0
0 0 1

  PixelContainer: 
    ImportImageContainer (0x4e42d60)
      RTTI typeinfo:   itk::ImportImageContainer<unsigned long, double>
      Reference Count: 1
      Modified Time: 1186
      Debug: Off
      Object Name: 
      Observers: 
        none
      Pointer: 0x14785fc10010
      Container manages memory: true
      Size: 8530021
      Capacity: 8530021

     Moving image = Image (0x4e34f60)
  RTTI typeinfo:   itk::Image<double, 3u>
  Reference Count: 2
  Modified Time: 1581
  Debug: Off
  Object Name: 
  Observers: 
    none
  Source: (none)
  Source output name: (none)
  Release Data: Off
  Data Released: False
  Global Release Data: Off
  PipelineMTime: 0
  UpdateMTime: 1578
  RealTimeStamp: 0 seconds 
  LargestPossibleRegion: 
    Dimension: 3
    Index: [0, 0, 0]
    Size: [176, 240, 256]
  BufferedRegion: 
    Dimension: 3
    Index: [0, 0, 0]
    Size: [176, 240, 256]
  RequestedRegion: 
    Dimension: 3
    Index: [0, 0, 0]
    Size: [176, 240, 256]
  Spacing: [0.999999, 1, 1]
  Origin: [93.3499, 86.9368, -128.957]
  Direction: 
-0.999513 -0.0279216 -0.0139567
0.0279189 -0.99961 0.000389866
-0.0139622 2.01492e-08 0.999903

  IndexToPointMatrix: 
-0.999512 -0.0279216 -0.0139567
0.0279189 -0.99961 0.000389866
-0.0139621 2.01492e-08 0.999903

  PointToIndexMatrix: 
-0.999514 0.0279189 -0.0139622
-0.0279216 -0.99961 2.01716e-08
-0.0139567 0.000389866 0.999903

  Inverse Direction: 
-0.999513 0.0279189 -0.0139622
-0.0279216 -0.99961 2.01716e-08
-0.0139567 0.000389866 0.999903

  PixelContainer: 
    ImportImageContainer (0x4e266d0)
      RTTI typeinfo:   itk::ImportImageContainer<unsigned long, double>
      Reference Count: 1
      Modified Time: 1575
      Debug: Off
      Object Name: 
      Observers: 
        none
      Pointer: 0x14785a98f010
      Container manages memory: true
      Size: 10813440
      Capacity: 10813440

     Weighting = 1
     Sampling strategy = regular
     Number of bins = 32
     Radius = 4
     Sampling percentage  = 0.25
   Transform = Rigid
     Gradient step = 0.1
     Update field sigma (voxel space) = 0
     Total field sigma (voxel space) = 0
     Update field time sigma = 0
     Total field time sigma  = 0
     Number of time indices = 0
     Number of time point samples = 0
Registration using 1 total stages.

Stage 0
  iterations = 1000x500x250x100
  convergence threshold = 1e-06
  convergence window size = 10
  number of levels = 4
  using the Mattes MI metric (number of bins = 32, weight = 1, use gradient filter = 0)
  preprocessing:  winsorizing the image intensities
  Shrink factors (level 1 out of 4): [8, 8, 8]
  Shrink factors (level 2 out of 4): [4, 4, 4]
  Shrink factors (level 3 out of 4): [2, 2, 2]
  Shrink factors (level 4 out of 4): [1, 1, 1]
  smoothing sigmas per level: [3, 2, 1, 0]
  regular sampling (percentage = 0.25)

*** Running Euler3DTransform registration ***

DIAGNOSTIC,Iteration,metricValue,convergenceValue,ITERATION_TIME_INDEX,SINCE_LAST
 2DIAGNOSTIC,     1, -4.871187133941e-01, 1.797693134862e+308, 8.8593e-01, 8.8593e-01, 
 2DIAGNOSTIC,     2, -4.887966556740e-01, 1.797693134862e+308, 8.9032e-01, 4.3888e-03, 
 2DIAGNOSTIC,     3, -4.919242839642e-01, 1.797693134862e+308, 8.9475e-01, 4.4310e-03, 
 2DIAGNOSTIC,     4, -5.019092629522e-01, 1.797693134862e+308, 8.9914e-01, 4.3921e-03, 
 2DIAGNOSTIC,     5, -5.198319788477e-01, 1.797693134862e+308, 9.0333e-01, 4.1881e-03, 
 2DIAGNOSTIC,     6, -5.251449584180e-01, 1.797693134862e+308, 9.0762e-01, 4.2889e-03, 
 2DIAGNOSTIC,     7, -5.365118080768e-01, 1.797693134862e+308, 9.1222e-01, 4.5979e-03, 
 2DIAGNOSTIC,     8, -5.564319077261e-01, 1.797693134862e+308, 9.1888e-01, 6.6659e-03, 
 2DIAGNOSTIC,     9, -5.572786469687e-01, 1.797693134862e+308, 9.2317e-01, 4.2889e-03, 
 2DIAGNOSTIC,    10, -5.597886110608e-01, 1.060089541986e-02, 9.2833e-01, 5.1579e-03, 
 2DIAGNOSTIC,    11, -5.645450860914e-01, 9.471656029002e-03, 9.3303e-01, 4.6990e-03, 
 2DIAGNOSTIC,    12, -5.675342641672e-01, 7.901754414629e-03, 9.3855e-01, 5.5211e-03, 
 2DIAGNOSTIC,    13, -5.685174641935e-01, 6.033280802479e-03, 9.4377e-01, 5.2209e-03, 
 2DIAGNOSTIC,    14, -5.693412095342e-01, 4.302087948769e-03, 9.4954e-01, 5.7678e-03, 
 2DIAGNOSTIC,    15, -5.718972801998e-01, 3.155204981954e-03, 9.5455e-01, 5.0130e-03, 
 2DIAGNOSTIC,    16, -5.734788767073e-01, 2.091398053252e-03, 9.5898e-01, 4.4272e-03, 
 2DIAGNOSTIC,    17, -5.737823402463e-01, 1.310029424174e-03, 9.6377e-01, 4.7860e-03, 
 2DIAGNOSTIC,    18, -5.749452616696e-01, 1.114936190120e-03, 9.6841e-01, 4.6391e-03, 
 2DIAGNOSTIC,    19, -5.774392255371e-01, 9.301256922526e-04, 9.7554e-01, 7.1311e-03, 
 2DIAGNOSTIC,    20, -5.782944999904e-01, 7.612328990751e-04, 9.8104e-01, 5.4989e-03, 
 2DIAGNOSTIC,    21, -5.788863756115e-01, 6.687985512804e-04, 9.8590e-01, 4.8640e-03, 
 2DIAGNOSTIC,    22, -5.857337702661e-01, 7.546209621699e-04, 9.9075e-01, 4.8468e-03, 
 2DIAGNOSTIC,    23, -6.028589200871e-01, 1.162232408648e-03, 9.9695e-01, 6.1991e-03, 
 2DIAGNOSTIC,    24, -6.086613840952e-01, 1.554691252480e-03, 1.0044e+00, 7.4110e-03, 
 2DIAGNOSTIC,    25, -6.127624311406e-01, 1.904928873969e-03, 1.0098e+00, 5.4770e-03, 
 2DIAGNOSTIC,    26, -6.171330103099e-01, 2.167612436094e-03, 1.0158e+00, 5.9240e-03, 
 2DIAGNOSTIC,    27, -6.180829715462e-01, 2.226134253541e-03, 1.0212e+00, 5.4140e-03, 
 2DIAGNOSTIC,    28, -6.204355230278e-01, 2.128618127998e-03, 1.0265e+00, 5.3561e-03, 
 2DIAGNOSTIC,    29, -6.216541947586e-01, 1.901236653144e-03, 1.0319e+00, 5.3709e-03, 
 2DIAGNOSTIC,    30, -6.252686888538e-01, 1.589741152414e-03, 1.0388e+00, 6.9010e-03, 
 2DIAGNOSTIC,    31, -6.305777228191e-01, 1.244381010824e-03, 1.0440e+00, 5.2271e-03, 
 2DIAGNOSTIC,    32, -6.437126898541e-01, 1.107471709200e-03, 1.0505e+00, 6.4690e-03, 
 2DIAGNOSTIC,    33, -6.470256707695e-01, 1.176381957404e-03, 1.0563e+00, 5.7752e-03, 
 2DIAGNOSTIC,    34, -6.489211619932e-01, 1.241887499612e-03, 1.0651e+00, 8.7821e-03, 
 2DIAGNOSTIC,    35, -6.509315256165e-01, 1.271879191389e-03, 1.0701e+00, 5.0519e-03, 
 2DIAGNOSTIC,    36, -6.520048856003e-01, 1.251973990812e-03, 1.0746e+00, 4.4780e-03, 
 2DIAGNOSTIC,    37, -6.528674897370e-01, 1.135509877113e-03, 1.0794e+00, 4.8232e-03, 
 2DIAGNOSTIC,    38, -6.532432252241e-01, 9.531142595138e-04, 1.0852e+00, 5.7971e-03, 
 2DIAGNOSTIC,    39, -6.541851420376e-01, 7.192201034208e-04, 1.0921e+00, 6.8500e-03, 
 2DIAGNOSTIC,    40, -6.542266729183e-01, 4.742793788202e-04, 1.0965e+00, 4.4389e-03, 
 2DIAGNOSTIC,    41, -6.546744677728e-01, 2.614644731305e-04, 1.1017e+00, 5.1720e-03, 
 2DIAGNOSTIC,    42, -6.552195303087e-01, 1.909683839718e-04, 1.1083e+00, 6.5870e-03, 
 2DIAGNOSTIC,    43, -6.554113765343e-01, 1.446630463605e-04, 1.1133e+00, 5.0759e-03, 
 2DIAGNOSTIC,    44, -6.553649760844e-01, 1.066312861793e-04, 1.1188e+00, 5.4979e-03, 
 2DIAGNOSTIC,    45, -6.555143112164e-01, 8.318232926344e-05, 1.1244e+00, 5.6121e-03, 
 2DIAGNOSTIC,    46, -6.555931896206e-01, 6.474372621706e-05, 1.1298e+00, 5.3852e-03, 
 2DIAGNOSTIC,    47, -6.557585466279e-01, 5.132827237121e-05, 1.1356e+00, 5.7309e-03, 
 2DIAGNOSTIC,    48, -6.556231148973e-01, 3.580992297590e-05, 1.1425e+00, 6.9101e-03, 
 2DIAGNOSTIC,    49, -6.557491885684e-01, 2.813478157996e-05, 1.1716e+00, 2.9157e-02, 
 2DIAGNOSTIC,    50, -6.556011027943e-01, 1.708477049172e-05, 1.1793e+00, 7.7138e-03, 
 2DIAGNOSTIC,    51, -6.556134407684e-01, 9.071493438109e-06, 1.1835e+00, 4.1342e-03, 
 2DIAGNOSTIC,    52, -6.556339178702e-01, 5.652843342016e-06, 1.1875e+00, 4.0779e-03, 
 2DIAGNOSTIC,    53, -6.557634752238e-01, 4.771037939565e-06, 1.1921e+00, 4.5071e-03, 
 2DIAGNOSTIC,    54, -6.559349229380e-01, 4.573360782790e-06, 1.1965e+00, 4.4799e-03, 
 2DIAGNOSTIC,    55, -6.560795430409e-01, 6.480669814332e-06, 1.2024e+00, 5.8739e-03, 
 2DIAGNOSTIC,    56, -6.558807683749e-01, 6.717515645228e-06, 1.2068e+00, 4.3950e-03, 
 2DIAGNOSTIC,    57, -6.558853296821e-01, 7.853657767606e-06, 1.2109e+00, 4.0810e-03, 
 2DIAGNOSTIC,    58, -6.558045357340e-01, 6.445232828816e-06, 1.2148e+00, 3.8841e-03, 
 2DIAGNOSTIC,    59, -6.559036420452e-01, 6.304024090135e-06, 1.2196e+00, 4.8499e-03, 
 2DIAGNOSTIC,    60, -6.559096303009e-01, 4.484147862346e-06, 1.2241e+00, 4.4391e-03, 
 2DIAGNOSTIC,    61, -6.558275505446e-01, 1.868398261325e-06, 1.2280e+00, 3.9141e-03, 
DIAGNOSTIC,Iteration,metricValue,convergenceValue,ITERATION_TIME_INDEX,SINCE_LAST
 2DIAGNOSTIC,     1, -5.251432611947e-01, 1.797693134862e+308, 1.9831e+00, 7.5513e-01, 
 2DIAGNOSTIC,     2, -5.257730738555e-01, 1.797693134862e+308, 2.0119e+00, 2.8837e-02, 
 2DIAGNOSTIC,     3, -5.265212604360e-01, 1.797693134862e+308, 2.0421e+00, 3.0155e-02, 
 2DIAGNOSTIC,     4, -5.272925973659e-01, 1.797693134862e+308, 2.0717e+00, 2.9611e-02, 
 2DIAGNOSTIC,     5, -5.278322065664e-01, 1.797693134862e+308, 2.1021e+00, 3.0434e-02, 
 2DIAGNOSTIC,     6, -5.281558172845e-01, 1.797693134862e+308, 2.1321e+00, 2.9955e-02, 
 2DIAGNOSTIC,     7, -5.294468124767e-01, 1.797693134862e+308, 2.1620e+00, 2.9949e-02, 
 2DIAGNOSTIC,     8, -5.311814506938e-01, 1.797693134862e+308, 2.2079e+00, 4.5880e-02, 
 2DIAGNOSTIC,     9, -5.314022827832e-01, 1.797693134862e+308, 2.2418e+00, 3.3906e-02, 
 2DIAGNOSTIC,    10, -5.314991573072e-01, 8.424799251298e-04, 2.2715e+00, 2.9645e-02, 
 2DIAGNOSTIC,    11, -5.318967676053e-01, 7.424633614524e-04, 2.3027e+00, 3.1192e-02, 
 2DIAGNOSTIC,    12, -5.340048090582e-01, 7.134975097457e-04, 2.3370e+00, 3.4302e-02, 
 2DIAGNOSTIC,    13, -5.354168630832e-01, 7.098306884027e-04, 2.3702e+00, 3.3277e-02, 
 2DIAGNOSTIC,    14, -5.360063741726e-01, 6.941867806324e-04, 2.4150e+00, 4.4734e-02, 
 2DIAGNOSTIC,    15, -5.361540340725e-01, 6.443912541351e-04, 2.4446e+00, 2.9656e-02, 
 2DIAGNOSTIC,    16, -5.363588434101e-01, 5.596387173568e-04, 2.4741e+00, 2.9434e-02, 
 2DIAGNOSTIC,    17, -5.364480646341e-01, 4.744911667722e-04, 2.5038e+00, 2.9746e-02, 
 2DIAGNOSTIC,    18, -5.365321401357e-01, 4.083818868072e-04, 2.5330e+00, 2.9186e-02, 
 2DIAGNOSTIC,    19, -5.367083859932e-01, 3.234338439969e-04, 2.5624e+00, 2.9447e-02, 
 2DIAGNOSTIC,    20, -5.369931047702e-01, 2.281318256676e-04, 2.6060e+00, 4.3518e-02, 
 2DIAGNOSTIC,    21, -5.370836144819e-01, 1.322147576068e-04, 2.6581e+00, 5.2123e-02, 
 2DIAGNOSTIC,    22, -5.370645407847e-01, 8.285063022859e-05, 2.6886e+00, 3.0540e-02, 
 2DIAGNOSTIC,    23, -5.370811558559e-01, 6.315879967489e-05, 2.7314e+00, 4.2795e-02, 
 2DIAGNOSTIC,    24, -5.370766414296e-01, 5.224676972270e-05, 2.7686e+00, 3.7228e-02, 
 2DIAGNOSTIC,    25, -5.370787945998e-01, 4.043373113629e-05, 2.7990e+00, 3.0336e-02, 
 2DIAGNOSTIC,    26, -5.370740157573e-01, 2.993423721852e-05, 2.8310e+00, 3.2045e-02, 
 2DIAGNOSTIC,    27, -5.370698083005e-01, 1.927918695346e-05, 2.8663e+00, 3.5258e-02, 
 2DIAGNOSTIC,    28, -5.370718919231e-01, 9.319001345189e-06, 2.8990e+00, 3.2691e-02, 
 2DIAGNOSTIC,    29, -5.370668558366e-01, 2.283799130032e-06, 2.9363e+00, 3.7281e-02, 
DIAGNOSTIC,Iteration,metricValue,convergenceValue,ITERATION_TIME_INDEX,SINCE_LAST
 2DIAGNOSTIC,     1, -4.771268705444e-01, 1.797693134862e+308, 4.0676e+00, 1.1313e+00, 
 2DIAGNOSTIC,     2, -4.773844163051e-01, 1.797693134862e+308, 4.3067e+00, 2.3913e-01, 
 2DIAGNOSTIC,     3, -4.775568490229e-01, 1.797693134862e+308, 4.5439e+00, 2.3725e-01, 
 2DIAGNOSTIC,     4, -4.776370331549e-01, 1.797693134862e+308, 4.8235e+00, 2.7952e-01, 
 2DIAGNOSTIC,     5, -4.776567632555e-01, 1.797693134862e+308, 5.0935e+00, 2.7000e-01, 
 2DIAGNOSTIC,     6, -4.776655852437e-01, 1.797693134862e+308, 5.3201e+00, 2.2662e-01, 
 2DIAGNOSTIC,     7, -4.777131933234e-01, 1.797693134862e+308, 5.5510e+00, 2.3091e-01, 
 2DIAGNOSTIC,     8, -4.778016888759e-01, 1.797693134862e+308, 5.7796e+00, 2.2858e-01, 
 2DIAGNOSTIC,     9, -4.779939287356e-01, 1.797693134862e+308, 6.1239e+00, 3.4435e-01, 
 2DIAGNOSTIC,    10, -4.780277454068e-01, 1.008964164371e-04, 6.3570e+00, 2.3314e-01, 
 2DIAGNOSTIC,    11, -4.782068718870e-01, 8.726335366224e-05, 6.6951e+00, 3.3801e-01, 
 2DIAGNOSTIC,    12, -4.782738885857e-01, 8.411168866174e-05, 6.9559e+00, 2.6081e-01, 
 2DIAGNOSTIC,    13, -4.785187869152e-01, 9.302149353728e-05, 7.2423e+00, 2.8646e-01, 
 2DIAGNOSTIC,    14, -4.788420533474e-01, 1.092817436183e-04, 7.5374e+00, 2.9503e-01, 
 2DIAGNOSTIC,    15, -4.789092173140e-01, 1.168313606690e-04, 7.7954e+00, 2.5801e-01, 
 2DIAGNOSTIC,    16, -4.789139814110e-01, 1.136234484522e-04, 8.1987e+00, 4.0336e-01, 
 2DIAGNOSTIC,    17, -4.789136487242e-01, 1.022950228576e-04, 8.4812e+00, 2.8248e-01, 
 2DIAGNOSTIC,    18, -4.789125509351e-01, 8.561893547599e-05, 8.7499e+00, 2.6868e-01, 
 2DIAGNOSTIC,    19, -4.789104760845e-01, 6.874817116524e-05, 9.0050e+00, 2.5511e-01, 
 2DIAGNOSTIC,    20, -4.789093523947e-01, 4.822742301196e-05, 9.2632e+00, 2.5825e-01, 
 2DIAGNOSTIC,    21, -4.789099181105e-01, 3.057376313251e-05, 9.5225e+00, 2.5922e-01, 
 2DIAGNOSTIC,    22, -4.789065453443e-01, 1.347670187891e-05, 9.8115e+00, 2.8904e-01, 
 2DIAGNOSTIC,    23, -4.789067406570e-01, 2.861408500365e-06, 1.0084e+01, 2.7238e-01, 
DIAGNOSTIC,Iteration,metricValue,convergenceValue,ITERATION_TIME_INDEX,SINCE_LAST
 2DIAGNOSTIC,     1, -4.452933374933e-01, 1.797693134862e+308, 1.2629e+01, 2.5449e+00, 
 2DIAGNOSTIC,     2, -4.453206458639e-01, 1.797693134862e+308, 1.4478e+01, 1.8489e+00, 
 2DIAGNOSTIC,     3, -4.453211393885e-01, 1.797693134862e+308, 1.6101e+01, 1.6236e+00, 
 2DIAGNOSTIC,     4, -4.453229929787e-01, 1.797693134862e+308, 1.7994e+01, 1.8923e+00, 
 2DIAGNOSTIC,     5, -4.453225615085e-01, 1.797693134862e+308, 1.9584e+01, 1.5903e+00, 
 2DIAGNOSTIC,     6, -4.453222388810e-01, 1.797693134862e+308, 2.2060e+01, 2.4758e+00, 
 2DIAGNOSTIC,     7, -4.453223645626e-01, 1.797693134862e+308, 2.3739e+01, 1.6794e+00, 
 2DIAGNOSTIC,     8, -4.453222565028e-01, 1.797693134862e+308, 2.5457e+01, 1.7180e+00, 
 2DIAGNOSTIC,     9, -4.453222302132e-01, 1.797693134862e+308, 2.6996e+01, 1.5392e+00, 
 2DIAGNOSTIC,    10, -4.453222159834e-01, 5.140367276335e-06, 2.8564e+01, 1.5680e+00, 
 2DIAGNOSTIC,    11, -4.453221458750e-01, 2.995288505558e-06, 3.0195e+01, 1.6305e+00, 
 2DIAGNOSTIC,    12, -4.453221350569e-01, 2.650371267288e-06, 3.1746e+01, 1.5514e+00, 
 2DIAGNOSTIC,    13, -4.453220966886e-01, 2.377816100074e-06, 3.3319e+01, 1.5725e+00, 
 2DIAGNOSTIC,    14, -4.453220451777e-01, 2.233139725527e-06, 3.4851e+01, 1.5329e+00, 
 2DIAGNOSTIC,    15, -4.453219059034e-01, 2.087475603485e-06, 3.6211e+01, 1.3594e+00, 
 2DIAGNOSTIC,    16, -4.453218799556e-01, 1.949106720994e-06, 3.7604e+01, 1.3929e+00, 
 2DIAGNOSTIC,    17, -4.453221606557e-01, 1.845916090572e-06, 3.9216e+01, 1.6125e+00, 
 2DIAGNOSTIC,    18, -4.453221344672e-01, 1.751400207174e-06, 4.0748e+01, 1.5322e+00, 
 2DIAGNOSTIC,    19, -4.453222429401e-01, 1.671215697122e-06, 4.2626e+01, 1.8773e+00, 
 2DIAGNOSTIC,    20, -4.453221266991e-01, 1.595326122733e-06, 4.4254e+01, 1.6280e+00, 
 2DIAGNOSTIC,    21, -4.453219893396e-01, 1.520004361835e-06, 4.5929e+01, 1.6756e+00, 
 2DIAGNOSTIC,    22, -4.453220138970e-01, 1.451380208746e-06, 4.7485e+01, 1.5560e+00, 
 2DIAGNOSTIC,    23, -4.453219481638e-01, 1.385159297908e-06, 4.8902e+01, 1.4171e+00, 
 2DIAGNOSTIC,    24, -4.453218978033e-01, 1.321733164375e-06, 5.0334e+01, 1.4313e+00, 
 2DIAGNOSTIC,    25, -4.453219612983e-01, 1.261966528672e-06, 5.1677e+01, 1.3432e+00, 
 2DIAGNOSTIC,    26, -4.453220695840e-01, 1.209617251793e-06, 5.3181e+01, 1.5046e+00, 
 2DIAGNOSTIC,    27, -4.453220760560e-01, 1.169175385812e-06, 5.4785e+01, 1.6041e+00, 
 2DIAGNOSTIC,    28, -4.453220205105e-01, 1.130528265496e-06, 5.6413e+01, 1.6280e+00, 
 2DIAGNOSTIC,    29, -4.453218460359e-01, 1.093757727291e-06, 5.8036e+01, 1.6222e+00, 
 2DIAGNOSTIC,    30, -4.453218476048e-01, 1.057429819588e-06, 5.9617e+01, 1.5817e+00, 
 2DIAGNOSTIC,    31, -4.453215542395e-01, 1.014699579076e-06, 6.1186e+01, 1.5687e+00, 
  Elapsed time (stage 0): 6.2084e+01


Total elapsed time: 6.2092e+01
Info [verificarlo]: loaded backend libinterflop_ieee.so
Info [interflop-ieee]: load backend with:
Info [interflop-ieee]: debug = false
Info [interflop-ieee]: debug-binary = false
Info [interflop-ieee]: no-backend-name = false
Info [interflop-ieee]: print-new-line = false
Info [interflop-ieee]: print-subnormal-normalized = false
Info [interflop-ieee]: count-op = false
All_Command_lines_OK
Using double precision for computations.
=============================================================================
The composite transform comprises the following transforms (in order): 
  1. /home/mdugre/scratch/mri-registration-rp/datasets/ds004513/derivatives/mri-registration-rp/0001/antsRegistration-r8-p12/sub-s003/rigid_Composite.h5[0] (type = Euler3DTransform)
  2. /home/mdugre/scratch/mri-registration-rp/datasets/ds004513/derivatives/mri-registration-rp/0001/antsRegistration-r8-p12/sub-s003/rigid_Composite.h5[1] (type = Euler3DTransform)
  3. /home/mdugre/scratch/mri-registration-rp/datasets/ds004513/derivatives/mri-registration-rp/0001/antsRegistration-r8-p12/sub-s003/rigid_Composite.h5[2] (type = Euler3DTransform)
=============================================================================
  number of levels = 4
  fixed image: /templateflow/tpl-MNI152NLin2009cAsym/tpl-MNI152NLin2009cAsym_res-01_desc-brain_T1w.nii.gz
  moving image: /home/mdugre/scratch/mri-registration-rp/datasets/ds004513/derivatives/mri-registration-rp/antsBrainExtraction/sub-s003/BrainExtractionBrain.nii.gz
Dimension = 3
Number of stages = 1
Use histogram matching = false
Winsorize image intensities = true
  Lower quantile = 0.005
  Upper quantile = 0.995


Stage 1 State
   Image metric = MattesMI
     Fixed image = Image (0x51937e0)
  RTTI typeinfo:   itk::Image<double, 3u>
  Reference Count: 2
  Modified Time: 1594
  Debug: Off
  Object Name: 
  Observers: 
    none
  Source: (none)
  Source output name: (none)
  Release Data: Off
  Data Released: False
  Global Release Data: Off
  PipelineMTime: 0
  UpdateMTime: 1203
  RealTimeStamp: 0 seconds 
  LargestPossibleRegion: 
    Dimension: 3
    Index: [0, 0, 0]
    Size: [193, 229, 193]
  BufferedRegion: 
    Dimension: 3
    Index: [0, 0, 0]
    Size: [193, 229, 193]
  RequestedRegion: 
    Dimension: 3
    Index: [0, 0, 0]
    Size: [193, 229, 193]
  Spacing: [1, 1, 1]
  Origin: [96, 132, -78]
  Direction: 
-1 0 0
0 -1 0
0 0 1

  IndexToPointMatrix: 
-1 0 0
0 -1 0
0 0 1

  PointToIndexMatrix: 
-1 0 0
0 -1 0
0 0 1

  Inverse Direction: 
-1 0 0
0 -1 0
0 0 1

  PixelContainer: 
    ImportImageContainer (0x5253a20)
      RTTI typeinfo:   itk::ImportImageContainer<unsigned long, double>
      Reference Count: 1
      Modified Time: 1200
      Debug: Off
      Object Name: 
      Observers: 
        none
      Pointer: 0x1529c14af010
      Container manages memory: true
      Size: 8530021
      Capacity: 8530021

     Moving image = Image (0x524ed70)
  RTTI typeinfo:   itk::Image<double, 3u>
  Reference Count: 2
  Modified Time: 1595
  Debug: Off
  Object Name: 
  Observers: 
    none
  Source: (none)
  Source output name: (none)
  Release Data: Off
  Data Released: False
  Global Release Data: Off
  PipelineMTime: 0
  UpdateMTime: 1592
  RealTimeStamp: 0 seconds 
  LargestPossibleRegion: 
    Dimension: 3
    Index: [0, 0, 0]
    Size: [176, 240, 256]
  BufferedRegion: 
    Dimension: 3
    Index: [0, 0, 0]
    Size: [176, 240, 256]
  RequestedRegion: 
    Dimension: 3
    Index: [0, 0, 0]
    Size: [176, 240, 256]
  Spacing: [0.999999, 1, 1]
  Origin: [93.3499, 86.9368, -128.957]
  Direction: 
-0.999513 -0.0279216 -0.0139567
0.0279189 -0.99961 0.000389866
-0.0139622 2.01492e-08 0.999903

  IndexToPointMatrix: 
-0.999512 -0.0279216 -0.0139567
0.0279189 -0.99961 0.000389866
-0.0139621 2.01492e-08 0.999903

  PointToIndexMatrix: 
-0.999514 0.0279189 -0.0139622
-0.0279216 -0.99961 2.01716e-08
-0.0139567 0.000389866 0.999903

  Inverse Direction: 
-0.999513 0.0279189 -0.0139622
-0.0279216 -0.99961 2.01716e-08
-0.0139567 0.000389866 0.999903

  PixelContainer: 
    ImportImageContainer (0x5206c90)
      RTTI typeinfo:   itk::ImportImageContainer<unsigned long, double>
      Reference Count: 1
      Modified Time: 1589
      Debug: Off
      Object Name: 
      Observers: 
        none
      Pointer: 0x1529bc22e010
      Container manages memory: true
      Size: 10813440
      Capacity: 10813440

     Weighting = 1
     Sampling strategy = regular
     Number of bins = 32
     Radius = 4
     Sampling percentage  = 0.25
   Transform = Affine
     Gradient step = 0.1
     Update field sigma (voxel space) = 0
     Total field sigma (voxel space) = 0
     Update field time sigma = 0
     Total field time sigma  = 0
     Number of time indices = 0
     Number of time point samples = 0
Registration using 1 total stages.

Stage 0
  iterations = 1000x500x250x100
  convergence threshold = 1e-06
  convergence window size = 10
  number of levels = 4
  using the Mattes MI metric (number of bins = 32, weight = 1, use gradient filter = 0)
  preprocessing:  winsorizing the image intensities
  Shrink factors (level 1 out of 4): [8, 8, 8]
  Shrink factors (level 2 out of 4): [4, 4, 4]
  Shrink factors (level 3 out of 4): [2, 2, 2]
  Shrink factors (level 4 out of 4): [1, 1, 1]
  smoothing sigmas per level: [3, 2, 1, 0]
  regular sampling (percentage = 0.25)

*** Running AffineTransform registration ***

DIAGNOSTIC,Iteration,metricValue,convergenceValue,ITERATION_TIME_INDEX,SINCE_LAST
 2DIAGNOSTIC,     1, -6.593560656087e-01, 1.797693134862e+308, 6.9208e-01, 6.9208e-01, 
 2DIAGNOSTIC,     2, -6.619246538889e-01, 1.797693134862e+308, 6.9746e-01, 5.3899e-03, 
 2DIAGNOSTIC,     3, -6.659338520231e-01, 1.797693134862e+308, 7.0227e-01, 4.8060e-03, 
 2DIAGNOSTIC,     4, -6.717728896277e-01, 1.797693134862e+308, 7.0680e-01, 4.5340e-03, 
 2DIAGNOSTIC,     5, -6.797983722436e-01, 1.797693134862e+308, 7.1129e-01, 4.4880e-03, 
 2DIAGNOSTIC,     6, -6.907613642416e-01, 1.797693134862e+308, 7.1597e-01, 4.6749e-03, 
 2DIAGNOSTIC,     7, -7.122444348929e-01, 1.797693134862e+308, 7.2372e-01, 7.7491e-03, 
 2DIAGNOSTIC,     8, -7.201173813062e-01, 1.797693134862e+308, 7.2889e-01, 5.1770e-03, 
 2DIAGNOSTIC,     9, -7.202401622467e-01, 1.797693134862e+308, 7.3350e-01, 4.6060e-03, 
 2DIAGNOSTIC,    10, -7.212149537883e-01, 7.065954257147e-03, 7.3893e-01, 5.4350e-03, 
 2DIAGNOSTIC,    11, -7.213762503867e-01, 6.121474641655e-03, 7.4434e-01, 5.4059e-03, 
 2DIAGNOSTIC,    12, -7.217411893353e-01, 4.881692204487e-03, 7.5125e-01, 6.9098e-03, 
 2DIAGNOSTIC,    13, -7.217461889025e-01, 3.522728183944e-03, 7.5655e-01, 5.3039e-03, 
 2DIAGNOSTIC,    14, -7.214058934090e-01, 2.211405711399e-03, 7.6238e-01, 5.8250e-03, 
 2DIAGNOSTIC,    15, -7.214498459775e-01, 1.098947917099e-03, 7.6856e-01, 6.1789e-03, 
 2DIAGNOSTIC,    16, -7.213084862451e-01, 2.893539494144e-04, 7.7398e-01, 5.4209e-03, 
 2DIAGNOSTIC,    17, -7.213459133714e-01, 5.758742477545e-05, 7.7943e-01, 5.4491e-03, 
 2DIAGNOSTIC,    18, -7.212998720313e-01, 2.276016973217e-05, 7.8432e-01, 4.8878e-03, 
DIAGNOSTIC,Iteration,metricValue,convergenceValue,ITERATION_TIME_INDEX,SINCE_LAST
 2DIAGNOSTIC,     1, -5.944854063499e-01, 1.797693134862e+308, 1.5603e+00, 7.7595e-01, 
 2DIAGNOSTIC,     2, -5.947853959218e-01, 1.797693134862e+308, 1.5946e+00, 3.4287e-02, 
 2DIAGNOSTIC,     3, -5.950068524542e-01, 1.797693134862e+308, 1.6286e+00, 3.4067e-02, 
 2DIAGNOSTIC,     4, -5.952901921053e-01, 1.797693134862e+308, 1.6665e+00, 3.7832e-02, 
 2DIAGNOSTIC,     5, -5.952741177332e-01, 1.797693134862e+308, 1.7096e+00, 4.3159e-02, 
 2DIAGNOSTIC,     6, -5.953685917775e-01, 1.797693134862e+308, 1.7484e+00, 3.8811e-02, 
 2DIAGNOSTIC,     7, -5.956629399388e-01, 1.797693134862e+308, 1.7857e+00, 3.7322e-02, 
 2DIAGNOSTIC,     8, -5.959294299758e-01, 1.797693134862e+308, 1.8249e+00, 3.9140e-02, 
 2DIAGNOSTIC,     9, -5.968839432420e-01, 1.797693134862e+308, 1.8634e+00, 3.8513e-02, 
 2DIAGNOSTIC,    10, -5.997402519904e-01, 3.812091433873e-04, 1.9009e+00, 3.7518e-02, 
 2DIAGNOSTIC,    11, -6.007411646535e-01, 5.039696901079e-04, 1.9511e+00, 5.0202e-02, 
 2DIAGNOSTIC,    12, -6.011666208508e-01, 5.904602149805e-04, 1.9884e+00, 3.7313e-02, 
 2DIAGNOSTIC,    13, -6.013097024370e-01, 6.249630553374e-04, 2.0348e+00, 4.6331e-02, 
 2DIAGNOSTIC,    14, -6.013811311034e-01, 6.099037732960e-04, 2.0749e+00, 4.0160e-02, 
 2DIAGNOSTIC,    15, -6.013973378608e-01, 5.400348084906e-04, 2.1170e+00, 4.2107e-02, 
 2DIAGNOSTIC,    16, -6.014306346131e-01, 4.329587069502e-04, 2.1672e+00, 5.0204e-02, 
 2DIAGNOSTIC,    17, -6.014305311972e-01, 3.082157943747e-04, 2.2095e+00, 4.2281e-02, 
 2DIAGNOSTIC,    18, -6.014320713819e-01, 1.767118347755e-04, 2.2514e+00, 4.1897e-02, 
 2DIAGNOSTIC,    19, -6.014206008577e-01, 6.488100563403e-05, 2.2943e+00, 4.2899e-02, 
 2DIAGNOSTIC,    20, -6.014174257718e-01, 2.563796439582e-05, 2.3381e+00, 4.3820e-02, 
 2DIAGNOSTIC,    21, -6.014142319966e-01, 1.023851205075e-05, 2.3755e+00, 3.7361e-02, 
 2DIAGNOSTIC,    22, -6.014156848884e-01, 4.571088141531e-06, 2.4158e+00, 4.0323e-02, 
 2DIAGNOSTIC,    23, -6.014339556113e-01, 2.406232880482e-06, 2.4623e+00, 4.6519e-02, 
 2DIAGNOSTIC,    24, -6.014523444392e-01, 2.094287547917e-06, 2.5017e+00, 3.9328e-02, 
 2DIAGNOSTIC,    25, -6.014643400810e-01, 2.249852441516e-06, 2.5494e+00, 4.7736e-02, 
 2DIAGNOSTIC,    26, -6.015173948918e-01, 3.878392535253e-06, 2.5910e+00, 4.1588e-02, 
 2DIAGNOSTIC,    27, -6.016194437851e-01, 6.902271898361e-06, 2.6256e+00, 3.4645e-02, 
 2DIAGNOSTIC,    28, -6.017434433979e-01, 1.125791726216e-05, 2.6619e+00, 3.6246e-02, 
 2DIAGNOSTIC,    29, -6.019272107647e-01, 1.714356082044e-05, 2.6961e+00, 3.4237e-02, 
 2DIAGNOSTIC,    30, -6.021434463851e-01, 2.445044608730e-05, 2.7501e+00, 5.3993e-02, 
 2DIAGNOSTIC,    31, -6.021015695160e-01, 2.833886373610e-05, 2.7987e+00, 4.8567e-02, 
 2DIAGNOSTIC,    32, -6.021239205001e-01, 2.981207294884e-05, 2.8409e+00, 4.2187e-02, 
 2DIAGNOSTIC,    33, -6.021049450522e-01, 2.844848539233e-05, 2.8881e+00, 4.7212e-02, 
 2DIAGNOSTIC,    34, -6.021088634668e-01, 2.483562468437e-05, 2.9265e+00, 3.8377e-02, 
 2DIAGNOSTIC,    35, -6.021102568786e-01, 1.930793283384e-05, 2.9635e+00, 3.7085e-02, 
 2DIAGNOSTIC,    36, -6.021029540826e-01, 1.295529085657e-05, 3.0020e+00, 3.8448e-02, 
 2DIAGNOSTIC,    37, -6.020857903765e-01, 6.915142498780e-06, 3.0364e+00, 3.4365e-02, 
 2DIAGNOSTIC,    38, -6.020977225137e-01, 2.277997156477e-06, 3.0710e+00, 3.4608e-02, 
DIAGNOSTIC,Iteration,metricValue,convergenceValue,ITERATION_TIME_INDEX,SINCE_LAST
 2DIAGNOSTIC,     1, -5.261900599489e-01, 1.797693134862e+308, 4.2319e+00, 1.1610e+00, 
 2DIAGNOSTIC,     2, -5.264665985715e-01, 1.797693134862e+308, 4.5128e+00, 2.8088e-01, 
 2DIAGNOSTIC,     3, -5.267361041728e-01, 1.797693134862e+308, 4.7807e+00, 2.6792e-01, 
 2DIAGNOSTIC,     4, -5.269867373508e-01, 1.797693134862e+308, 5.0410e+00, 2.6022e-01, 
 2DIAGNOSTIC,     5, -5.272829569852e-01, 1.797693134862e+308, 5.3080e+00, 2.6703e-01, 
 2DIAGNOSTIC,     6, -5.277196117106e-01, 1.797693134862e+308, 5.5751e+00, 2.6712e-01, 
 2DIAGNOSTIC,     7, -5.284144725763e-01, 1.797693134862e+308, 5.8426e+00, 2.6749e-01, 
 2DIAGNOSTIC,     8, -5.304006190418e-01, 1.797693134862e+308, 6.4841e+00, 6.4154e-01, 
 2DIAGNOSTIC,     9, -5.304014966572e-01, 1.797693134862e+308, 6.8146e+00, 3.3046e-01, 
 2DIAGNOSTIC,    10, -5.303961349697e-01, 5.927742059966e-04, 7.1583e+00, 3.4366e-01, 
 2DIAGNOSTIC,    11, -5.303934352270e-01, 5.453561627951e-04, 7.6254e+00, 4.6713e-01, 
 2DIAGNOSTIC,    12, -5.303941884681e-01, 4.687467395717e-04, 7.8977e+00, 2.7233e-01, 
 2DIAGNOSTIC,    13, -5.303935190515e-01, 3.716550096878e-04, 8.2166e+00, 3.1888e-01, 
 2DIAGNOSTIC,    14, -5.303921139940e-01, 2.645433860183e-04, 8.5653e+00, 3.4866e-01, 
 2DIAGNOSTIC,    15, -5.303917397190e-01, 1.594326579035e-04, 8.8901e+00, 3.2487e-01, 
 2DIAGNOSTIC,    16, -5.303912064424e-01, 6.785629170908e-05, 9.1687e+00, 2.7857e-01, 
 2DIAGNOSTIC,    17, -5.303900057008e-01, 1.135979046551e-06, 9.4530e+00, 2.8429e-01, 
 2DIAGNOSTIC,    18, -5.303912462542e-01, 1.218076243599e-06, 9.7555e+00, 3.0253e-01, 
 2DIAGNOSTIC,    19, -5.303927179766e-01, 1.412090647954e-06, 1.0072e+01, 3.1646e-01, 
 2DIAGNOSTIC,    20, -5.303932123653e-01, 1.481820883921e-06, 1.0345e+01, 2.7325e-01, 
 2DIAGNOSTIC,    21, -5.303937153682e-01, 1.498816094757e-06, 1.0708e+01, 3.6277e-01, 
 2DIAGNOSTIC,    22, -5.303933430496e-01, 1.526055029538e-06, 1.1006e+01, 2.9779e-01, 
 2DIAGNOSTIC,    23, -5.303919297667e-01, 1.495774893862e-06, 1.1275e+01, 2.6942e-01, 
 2DIAGNOSTIC,    24, -5.303918453065e-01, 1.424327589095e-06, 1.1578e+01, 3.0260e-01, 
 2DIAGNOSTIC,    25, -5.303921322362e-01, 1.347336745131e-06, 1.1894e+01, 3.1622e-01, 
 2DIAGNOSTIC,    26, -5.303922628285e-01, 1.261789270991e-06, 1.2170e+01, 2.7597e-01, 
 2DIAGNOSTIC,    27, -5.303921854827e-01, 1.153730514639e-06, 1.2472e+01, 3.0204e-01, 
 2DIAGNOSTIC,    28, -5.303933796666e-01, 1.102663163610e-06, 1.2767e+01, 2.9515e-01, 
 2DIAGNOSTIC,    29, -5.303922095083e-01, 1.063257532449e-06, 1.3072e+01, 3.0529e-01, 
 2DIAGNOSTIC,    30, -5.303923334085e-01, 1.040870290403e-06, 1.3367e+01, 2.9407e-01, 
 2DIAGNOSTIC,    31, -5.303926537529e-01, 1.036013740907e-06, 1.3687e+01, 3.2072e-01, 
 2DIAGNOSTIC,    32, -5.303922318316e-01, 1.017573498761e-06, 1.4001e+01, 3.1360e-01, 
DIAGNOSTIC,Iteration,metricValue,convergenceValue,ITERATION_TIME_INDEX,SINCE_LAST
 2DIAGNOSTIC,     1, -4.861271045450e-01, 1.797693134862e+308, 1.6869e+01, 2.8678e+00, 
 2DIAGNOSTIC,     2, -4.863450169697e-01, 1.797693134862e+308, 1.8550e+01, 1.6817e+00, 
 2DIAGNOSTIC,     3, -4.865408104827e-01, 1.797693134862e+308, 2.0274e+01, 1.7239e+00, 
 2DIAGNOSTIC,     4, -4.868374733524e-01, 1.797693134862e+308, 2.1984e+01, 1.7099e+00, 
 2DIAGNOSTIC,     5, -4.878825930081e-01, 1.797693134862e+308, 2.3863e+01, 1.8787e+00, 
 2DIAGNOSTIC,     6, -4.880931465849e-01, 1.797693134862e+308, 2.5601e+01, 1.7376e+00, 
 2DIAGNOSTIC,     7, -4.881979811855e-01, 1.797693134862e+308, 2.7621e+01, 2.0205e+00, 
 2DIAGNOSTIC,     8, -4.883736354839e-01, 1.797693134862e+308, 3.0725e+01, 3.1039e+00, 
 2DIAGNOSTIC,     9, -4.883813562939e-01, 1.797693134862e+308, 3.2456e+01, 1.7309e+00, 
 2DIAGNOSTIC,    10, -4.884089420732e-01, 3.539896279012e-04, 3.4164e+01, 1.7083e+00, 
 2DIAGNOSTIC,    11, -4.884399396542e-01, 2.708854009367e-04, 3.5898e+01, 1.7341e+00, 
 2DIAGNOSTIC,    12, -4.884524962157e-01, 1.893723042494e-04, 3.7862e+01, 1.9633e+00, 
 2DIAGNOSTIC,    13, -4.884575806176e-01, 1.127719678855e-04, 4.1194e+01, 3.3321e+00, 
 2DIAGNOSTIC,    14, -4.884574473035e-01, 4.836475045576e-05, 4.3129e+01, 1.9352e+00, 
 2DIAGNOSTIC,    15, -4.884572538754e-01, 2.884648873974e-05, 4.4996e+01, 1.8676e+00, 
 2DIAGNOSTIC,    16, -4.884571614346e-01, 1.693426692564e-05, 4.6835e+01, 1.8390e+00, 
 2DIAGNOSTIC,    17, -4.884570904231e-01, 8.473214939297e-06, 4.9023e+01, 2.1876e+00, 
 2DIAGNOSTIC,    18, -4.884567776661e-01, 6.033237725002e-06, 5.1237e+01, 2.2142e+00, 
 2DIAGNOSTIC,    19, -4.884564549773e-01, 3.675218063791e-06, 5.3118e+01, 1.8807e+00, 
 2DIAGNOSTIC,    20, -4.884564175300e-01, 2.150858809384e-06, 5.5033e+01, 1.9147e+00, 
 2DIAGNOSTIC,    21, -4.884563933860e-01, 1.570235224090e-06, 5.6983e+01, 1.9508e+00, 
 2DIAGNOSTIC,    22, -4.884562615541e-01, 1.362240788665e-06, 5.8952e+01, 1.9691e+00, 
 2DIAGNOSTIC,    23, -4.884561660324e-01, 1.306851656606e-06, 6.0642e+01, 1.6900e+00, 
 2DIAGNOSTIC,    24, -4.884560445625e-01, 1.257411923111e-06, 6.2647e+01, 2.0048e+00, 
 2DIAGNOSTIC,    25, -4.884562829157e-01, 1.219433736821e-06, 6.4769e+01, 2.1216e+00, 
 2DIAGNOSTIC,    26, -4.884562808038e-01, 1.186981213215e-06, 6.7016e+01, 2.2470e+00, 
 2DIAGNOSTIC,    27, -4.884561068091e-01, 1.155346365148e-06, 6.8972e+01, 1.9566e+00, 
