
##########################
# Experiment information #
##########################

EXPERIMENT_NAME: antsRegistration-r8-p22
VFC_BACKENDS: libinterflop_vprec.so --range-binary32=8 --precision-binary32=22 --range-binary64=8 --precision-binary64=22

SIF_IMG: /home/mdugre/projects/rrg-glatard/mdugre/containers/ants-vprec-no_metrics.simg

SUBJECT_ID: s020
INPUT_IMG: /home/mdugre/scratch/mri-registration-rp/datasets/ds004513/derivatives/mri-registration-rp/antsBrainExtraction/sub-s020/BrainExtractionBrain.nii.gz
OUTPUT_DIR: /home/mdugre/scratch/mri-registration-rp/datasets/ds004513/derivatives/mri-registration-rp/0001/antsRegistration-r8-p22/sub-s020

FIXED_IMG: /templateflow/tpl-MNI152NLin2009cAsym/tpl-MNI152NLin2009cAsym_res-01_desc-brain_T1w.nii.gz
DATA_DIR: /home/mdugre/scratch/mri-registration-rp/datasets/ds004513
TEMPLATEFLOW_DIR: /home/mdugre/projects/rrg-glatard/mdugre/templateflow
ITK_GLOBAL_DEFAULT_NUMBER_OF_THREADS: 16
##########################

Info [verificarlo]: loaded backend libinterflop_ieee.so
Info [interflop-ieee]: load backend with:
Info [interflop-ieee]: debug = false
Info [interflop-ieee]: debug-binary = false
Info [interflop-ieee]: no-backend-name = false
Info [interflop-ieee]: print-new-line = false
Info [interflop-ieee]: print-subnormal-normalized = false
Info [interflop-ieee]: count-op = false
All_Command_lines_OK
Using double precision for computations.
=============================================================================
The composite transform comprises the following transforms (in order): 
  1. Center of mass alignment using fixed image: /templateflow/tpl-MNI152NLin2009cAsym/tpl-MNI152NLin2009cAsym_res-01_desc-brain_T1w.nii.gz and moving image: /home/mdugre/scratch/mri-registration-rp/datasets/ds004513/derivatives/mri-registration-rp/antsBrainExtraction/sub-s020/BrainExtractionBrain.nii.gz (type = Euler3DTransform)
=============================================================================
  number of levels = 1
  fixed image: /templateflow/tpl-MNI152NLin2009cAsym/tpl-MNI152NLin2009cAsym_res-01_desc-brain_T1w.nii.gz
  moving image: /home/mdugre/scratch/mri-registration-rp/datasets/ds004513/derivatives/mri-registration-rp/antsBrainExtraction/sub-s020/BrainExtractionBrain.nii.gz
Dimension = 3
Number of stages = 1
Use histogram matching = false
Winsorize image intensities = true
  Lower quantile = 0.005
  Upper quantile = 0.995


Stage 1 State
   Image metric = MattesMI
     Fixed image = Image (0x48d1e70)
  RTTI typeinfo:   itk::Image<double, 3u>
  Reference Count: 2
  Modified Time: 2334
  Debug: Off
  Object Name: 
  Observers: 
    none
  Source: (none)
  Source output name: (none)
  Release Data: Off
  Data Released: False
  Global Release Data: Off
  PipelineMTime: 0
  UpdateMTime: 1943
  RealTimeStamp: 0 seconds 
  LargestPossibleRegion: 
    Dimension: 3
    Index: [0, 0, 0]
    Size: [193, 229, 193]
  BufferedRegion: 
    Dimension: 3
    Index: [0, 0, 0]
    Size: [193, 229, 193]
  RequestedRegion: 
    Dimension: 3
    Index: [0, 0, 0]
    Size: [193, 229, 193]
  Spacing: [1, 1, 1]
  Origin: [96, 132, -78]
  Direction: 
-1 0 0
0 -1 0
0 0 1

  IndexToPointMatrix: 
-1 0 0
0 -1 0
0 0 1

  PointToIndexMatrix: 
-1 0 0
0 -1 0
0 0 1

  Inverse Direction: 
-1 0 0
0 -1 0
0 0 1

  PixelContainer: 
    ImportImageContainer (0x48dac60)
      RTTI typeinfo:   itk::ImportImageContainer<unsigned long, double>
      Reference Count: 1
      Modified Time: 1940
      Debug: Off
      Object Name: 
      Observers: 
        none
      Pointer: 0x14dc3b540010
      Container manages memory: true
      Size: 8530021
      Capacity: 8530021

     Moving image = Image (0x48dd610)
  RTTI typeinfo:   itk::Image<double, 3u>
  Reference Count: 2
  Modified Time: 2335
  Debug: Off
  Object Name: 
  Observers: 
    none
  Source: (none)
  Source output name: (none)
  Release Data: Off
  Data Released: False
  Global Release Data: Off
  PipelineMTime: 0
  UpdateMTime: 2332
  RealTimeStamp: 0 seconds 
  LargestPossibleRegion: 
    Dimension: 3
    Index: [0, 0, 0]
    Size: [160, 240, 256]
  BufferedRegion: 
    Dimension: 3
    Index: [0, 0, 0]
    Size: [160, 240, 256]
  RequestedRegion: 
    Dimension: 3
    Index: [0, 0, 0]
    Size: [160, 240, 256]
  Spacing: [0.999995, 1, 1]
  Origin: [87.0906, 98.7205, -152.377]
  Direction: 
-0.996975 0.0261379 -0.0731913
-0.0260677 -0.999658 -0.00191374
-0.0732163 -2.46403e-08 0.997316

  IndexToPointMatrix: 
-0.996971 0.0261379 -0.0731913
-0.0260676 -0.999658 -0.00191374
-0.0732159 -2.46403e-08 0.997316

  PointToIndexMatrix: 
-0.99698 -0.0260679 -0.0732166
0.0261379 -0.999658 -2.46993e-08
-0.0731913 -0.00191374 0.997316

  Inverse Direction: 
-0.996975 -0.0260677 -0.0732163
0.0261379 -0.999658 -2.46993e-08
-0.0731913 -0.00191374 0.997316

  PixelContainer: 
    ImportImageContainer (0x4976ef0)
      RTTI typeinfo:   itk::ImportImageContainer<unsigned long, double>
      Reference Count: 1
      Modified Time: 2329
      Debug: Off
      Object Name: 
      Observers: 
        none
      Pointer: 0x14dc36a3f010
      Container manages memory: true
      Size: 9830400
      Capacity: 9830400

     Weighting = 1
     Sampling strategy = regular
     Number of bins = 32
     Radius = 4
     Sampling percentage  = 0.25
   Transform = Rigid
     Gradient step = 0.1
     Update field sigma (voxel space) = 0
     Total field sigma (voxel space) = 0
     Update field time sigma = 0
     Total field time sigma  = 0
     Number of time indices = 0
     Number of time point samples = 0
Registration using 1 total stages.

Stage 0
  iterations = 0
  convergence threshold = 1e-06
  convergence window size = 10
  number of levels = 1
  using the Mattes MI metric (number of bins = 32, weight = 1, use gradient filter = 0)
  preprocessing:  winsorizing the image intensities
  Shrink factors (level 1 out of 1): [1, 1, 1]
  smoothing sigmas per level: [0]
  regular sampling (percentage = 0.25)

*** Running Euler3DTransform registration ***

  Elapsed time (stage 0): 1.11138


Total elapsed time: 1.11346
Info [verificarlo]: loaded backend libinterflop_ieee.so
Info [interflop-ieee]: load backend with:
Info [interflop-ieee]: debug = false
Info [interflop-ieee]: debug-binary = false
Info [interflop-ieee]: no-backend-name = false
Info [interflop-ieee]: print-new-line = false
Info [interflop-ieee]: print-subnormal-normalized = false
Info [interflop-ieee]: count-op = false
All_Command_lines_OK
Using double precision for computations.
=============================================================================
The composite transform comprises the following transforms (in order): 
  1. /home/mdugre/scratch/mri-registration-rp/datasets/ds004513/derivatives/mri-registration-rp/0001/antsRegistration-r8-p22/sub-s020/align_Composite.h5[0] (type = Euler3DTransform)
  2. /home/mdugre/scratch/mri-registration-rp/datasets/ds004513/derivatives/mri-registration-rp/0001/antsRegistration-r8-p22/sub-s020/align_Composite.h5[1] (type = Euler3DTransform)
=============================================================================
  number of levels = 4
  fixed image: /templateflow/tpl-MNI152NLin2009cAsym/tpl-MNI152NLin2009cAsym_res-01_desc-brain_T1w.nii.gz
  moving image: /home/mdugre/scratch/mri-registration-rp/datasets/ds004513/derivatives/mri-registration-rp/antsBrainExtraction/sub-s020/BrainExtractionBrain.nii.gz
Dimension = 3
Number of stages = 1
Use histogram matching = false
Winsorize image intensities = true
  Lower quantile = 0.005
  Upper quantile = 0.995


Stage 1 State
   Image metric = MattesMI
     Fixed image = Image (0x4104530)
  RTTI typeinfo:   itk::Image<double, 3u>
  Reference Count: 2
  Modified Time: 1580
  Debug: Off
  Object Name: 
  Observers: 
    none
  Source: (none)
  Source output name: (none)
  Release Data: Off
  Data Released: False
  Global Release Data: Off
  PipelineMTime: 0
  UpdateMTime: 1189
  RealTimeStamp: 0 seconds 
  LargestPossibleRegion: 
    Dimension: 3
    Index: [0, 0, 0]
    Size: [193, 229, 193]
  BufferedRegion: 
    Dimension: 3
    Index: [0, 0, 0]
    Size: [193, 229, 193]
  RequestedRegion: 
    Dimension: 3
    Index: [0, 0, 0]
    Size: [193, 229, 193]
  Spacing: [1, 1, 1]
  Origin: [96, 132, -78]
  Direction: 
-1 0 0
0 -1 0
0 0 1

  IndexToPointMatrix: 
-1 0 0
0 -1 0
0 0 1

  PointToIndexMatrix: 
-1 0 0
0 -1 0
0 0 1

  Inverse Direction: 
-1 0 0
0 -1 0
0 0 1

  PixelContainer: 
    ImportImageContainer (0x41c2d60)
      RTTI typeinfo:   itk::ImportImageContainer<unsigned long, double>
      Reference Count: 1
      Modified Time: 1186
      Debug: Off
      Object Name: 
      Observers: 
        none
      Pointer: 0x14830a5dd010
      Container manages memory: true
      Size: 8530021
      Capacity: 8530021

     Moving image = Image (0x41b4f60)
  RTTI typeinfo:   itk::Image<double, 3u>
  Reference Count: 2
  Modified Time: 1581
  Debug: Off
  Object Name: 
  Observers: 
    none
  Source: (none)
  Source output name: (none)
  Release Data: Off
  Data Released: False
  Global Release Data: Off
  PipelineMTime: 0
  UpdateMTime: 1578
  RealTimeStamp: 0 seconds 
  LargestPossibleRegion: 
    Dimension: 3
    Index: [0, 0, 0]
    Size: [160, 240, 256]
  BufferedRegion: 
    Dimension: 3
    Index: [0, 0, 0]
    Size: [160, 240, 256]
  RequestedRegion: 
    Dimension: 3
    Index: [0, 0, 0]
    Size: [160, 240, 256]
  Spacing: [0.999995, 1, 1]
  Origin: [87.0906, 98.7205, -152.377]
  Direction: 
-0.996975 0.0261379 -0.0731913
-0.0260677 -0.999658 -0.00191374
-0.0732163 -2.46403e-08 0.997316

  IndexToPointMatrix: 
-0.996971 0.0261379 -0.0731913
-0.0260676 -0.999658 -0.00191374
-0.0732159 -2.46403e-08 0.997316

  PointToIndexMatrix: 
-0.99698 -0.0260679 -0.0732166
0.0261379 -0.999658 -2.46993e-08
-0.0731913 -0.00191374 0.997316

  Inverse Direction: 
-0.996975 -0.0260677 -0.0732163
0.0261379 -0.999658 -2.46993e-08
-0.0731913 -0.00191374 0.997316

  PixelContainer: 
    ImportImageContainer (0x41a66d0)
      RTTI typeinfo:   itk::ImportImageContainer<unsigned long, double>
      Reference Count: 1
      Modified Time: 1575
      Debug: Off
      Object Name: 
      Observers: 
        none
      Pointer: 0x148305adc010
      Container manages memory: true
      Size: 9830400
      Capacity: 9830400

     Weighting = 1
     Sampling strategy = regular
     Number of bins = 32
     Radius = 4
     Sampling percentage  = 0.25
   Transform = Rigid
     Gradient step = 0.1
     Update field sigma (voxel space) = 0
     Total field sigma (voxel space) = 0
     Update field time sigma = 0
     Total field time sigma  = 0
     Number of time indices = 0
     Number of time point samples = 0
Registration using 1 total stages.

Stage 0
  iterations = 1000x500x250x100
  convergence threshold = 1e-06
  convergence window size = 10
  number of levels = 4
  using the Mattes MI metric (number of bins = 32, weight = 1, use gradient filter = 0)
  preprocessing:  winsorizing the image intensities
  Shrink factors (level 1 out of 4): [8, 8, 8]
  Shrink factors (level 2 out of 4): [4, 4, 4]
  Shrink factors (level 3 out of 4): [2, 2, 2]
  Shrink factors (level 4 out of 4): [1, 1, 1]
  smoothing sigmas per level: [3, 2, 1, 0]
  regular sampling (percentage = 0.25)

*** Running Euler3DTransform registration ***

DIAGNOSTIC,Iteration,metricValue,convergenceValue,ITERATION_TIME_INDEX,SINCE_LAST
 2DIAGNOSTIC,     1, -3.791273390751e-01, 1.797693134862e+308, 7.0802e-01, 7.0802e-01, 
 2DIAGNOSTIC,     2, -3.803606001643e-01, 1.797693134862e+308, 7.1262e-01, 4.6051e-03, 
 2DIAGNOSTIC,     3, -3.828962034719e-01, 1.797693134862e+308, 7.1683e-01, 4.2109e-03, 
 2DIAGNOSTIC,     4, -3.876122532015e-01, 1.797693134862e+308, 7.2085e-01, 4.0159e-03, 
 2DIAGNOSTIC,     5, -3.904935334081e-01, 1.797693134862e+308, 7.2559e-01, 4.7410e-03, 
 2DIAGNOSTIC,     6, -3.911039700181e-01, 1.797693134862e+308, 7.2965e-01, 4.0610e-03, 
 2DIAGNOSTIC,     7, -3.914905453856e-01, 1.797693134862e+308, 7.3375e-01, 4.1010e-03, 
 2DIAGNOSTIC,     8, -3.925629083064e-01, 1.797693134862e+308, 7.3796e-01, 4.2121e-03, 
 2DIAGNOSTIC,     9, -3.981570789235e-01, 1.797693134862e+308, 7.4229e-01, 4.3280e-03, 
 2DIAGNOSTIC,    10, -4.079218556696e-01, 3.866687266231e-03, 7.4808e-01, 5.7859e-03, 
 2DIAGNOSTIC,    11, -4.246779602407e-01, 4.904320352954e-03, 7.5318e-01, 5.1041e-03, 
 2DIAGNOSTIC,    12, -4.297045200929e-01, 5.673254149494e-03, 7.5787e-01, 4.6930e-03, 
 2DIAGNOSTIC,    13, -4.335692915493e-01, 6.156954111557e-03, 7.6304e-01, 5.1630e-03, 
 2DIAGNOSTIC,    14, -4.439932007401e-01, 6.764094567504e-03, 7.6756e-01, 4.5199e-03, 
 2DIAGNOSTIC,    15, -4.466217672910e-01, 6.904768043750e-03, 7.7263e-01, 5.0731e-03, 
 2DIAGNOSTIC,    16, -4.513528166467e-01, 6.619270355387e-03, 7.7704e-01, 4.4060e-03, 
 2DIAGNOSTIC,    17, -4.528511004050e-01, 5.844785647458e-03, 7.8225e-01, 5.2159e-03, 
 2DIAGNOSTIC,    18, -4.555717392013e-01, 4.777374811059e-03, 7.8869e-01, 6.4330e-03, 
 2DIAGNOSTIC,    19, -4.559551123814e-01, 3.601534642710e-03, 7.9304e-01, 4.3569e-03, 
 2DIAGNOSTIC,    20, -4.573565714245e-01, 2.586714052775e-03, 7.9947e-01, 6.4299e-03, 
 2DIAGNOSTIC,    21, -4.575246920690e-01, 1.982966145333e-03, 8.0371e-01, 4.2369e-03, 
 2DIAGNOSTIC,    22, -4.577281839981e-01, 1.415630628019e-03, 8.0852e-01, 4.8108e-03, 
 2DIAGNOSTIC,    23, -4.579446948075e-01, 8.825779461496e-04, 8.1276e-01, 4.2441e-03, 
 2DIAGNOSTIC,    24, -4.580222770614e-01, 6.077345979904e-04, 8.1706e-01, 4.2930e-03, 
 2DIAGNOSTIC,    25, -4.581757103146e-01, 3.715383482779e-04, 8.2118e-01, 4.1239e-03, 
 2DIAGNOSTIC,    26, -4.586249881124e-01, 2.524181418019e-04, 8.2530e-01, 4.1220e-03, 
 2DIAGNOSTIC,    27, -4.589300406292e-01, 1.618917938492e-04, 8.3155e-01, 6.2480e-03, 
 2DIAGNOSTIC,    28, -4.591740902436e-01, 1.333411687978e-04, 8.3575e-01, 4.2019e-03, 
 2DIAGNOSTIC,    29, -4.592824778299e-01, 1.048787029638e-04, 8.4056e-01, 4.8089e-03, 
 2DIAGNOSTIC,    30, -4.597223420448e-01, 1.091278594154e-04, 8.4635e-01, 5.7878e-03, 
 2DIAGNOSTIC,    31, -4.598060750645e-01, 1.078320283806e-04, 8.5058e-01, 4.2341e-03, 
 2DIAGNOSTIC,    32, -4.606662664804e-01, 1.182141847711e-04, 8.5535e-01, 4.7669e-03, 
 2DIAGNOSTIC,    33, -4.610313429001e-01, 1.280762180841e-04, 8.5961e-01, 4.2541e-03, 
 2DIAGNOSTIC,    34, -4.611719250527e-01, 1.295317181027e-04, 8.6390e-01, 4.2930e-03, 
 2DIAGNOSTIC,    35, -4.615327451998e-01, 1.283110770096e-04, 8.6818e-01, 4.2820e-03, 
 2DIAGNOSTIC,    36, -4.621697929766e-01, 1.344900093225e-04, 8.7403e-01, 5.8541e-03, 
 2DIAGNOSTIC,    37, -4.629385283129e-01, 1.460323981886e-04, 8.7830e-01, 4.2670e-03, 
 2DIAGNOSTIC,    38, -4.632884340001e-01, 1.530262340254e-04, 8.8290e-01, 4.5981e-03, 
 2DIAGNOSTIC,    39, -4.639354543175e-01, 1.578311633502e-04, 8.8726e-01, 4.3590e-03, 
 2DIAGNOSTIC,    40, -4.658895917661e-01, 1.862122551523e-04, 8.9225e-01, 4.9961e-03, 
 2DIAGNOSTIC,    41, -4.814334720909e-01, 4.402691299275e-04, 8.9713e-01, 4.8718e-03, 
 2DIAGNOSTIC,    42, -4.886047729073e-01, 7.555861332666e-04, 9.0349e-01, 6.3670e-03, 
 2DIAGNOSTIC,    43, -4.905415089618e-01, 1.017264010825e-03, 9.0786e-01, 4.3678e-03, 
 2DIAGNOSTIC,    44, -5.002614592213e-01, 1.315825252177e-03, 9.1233e-01, 4.4641e-03, 
 2DIAGNOSTIC,    45, -5.079519315759e-01, 1.584389690763e-03, 9.1673e-01, 4.4069e-03, 
 2DIAGNOSTIC,    46, -5.110021305192e-01, 1.734176970595e-03, 9.2172e-01, 4.9911e-03, 
 2DIAGNOSTIC,    47, -5.160729154756e-01, 1.789749957735e-03, 9.2663e-01, 4.9040e-03, 
 2DIAGNOSTIC,    48, -5.176367271282e-01, 1.699311886712e-03, 9.3407e-01, 7.4389e-03, 
 2DIAGNOSTIC,    49, -5.177889296517e-01, 1.462601824062e-03, 9.3840e-01, 4.3349e-03, 
 2DIAGNOSTIC,    50, -5.177701535571e-01, 1.116211708735e-03, 9.4263e-01, 4.2338e-03, 
 2DIAGNOSTIC,    51, -5.178856472058e-01, 8.699193941909e-04, 9.4755e-01, 4.9150e-03, 
 2DIAGNOSTIC,    52, -5.180658843096e-01, 6.406125805625e-04, 9.5170e-01, 4.1480e-03, 
 2DIAGNOSTIC,    53, -5.181842922454e-01, 3.818647366852e-04, 9.5581e-01, 4.1130e-03, 
 2DIAGNOSTIC,    54, -5.184249894172e-01, 2.109179867439e-04, 9.5994e-01, 4.1289e-03, 
 2DIAGNOSTIC,    55, -5.186432033174e-01, 1.160074794055e-04, 9.6468e-01, 4.7381e-03, 
 2DIAGNOSTIC,    56, -5.189792344432e-01, 4.987170307331e-05, 9.7142e-01, 6.7451e-03, 
 2DIAGNOSTIC,    57, -5.190562563438e-01, 3.684557185329e-05, 9.7612e-01, 4.6959e-03, 
 2DIAGNOSTIC,    58, -5.190025891425e-01, 3.688149455393e-05, 9.8033e-01, 4.2131e-03, 
 2DIAGNOSTIC,    59, -5.189547361677e-01, 3.460162335849e-05, 9.8505e-01, 4.7219e-03, 
 2DIAGNOSTIC,    60, -5.189890527943e-01, 2.927093896898e-05, 9.8929e-01, 4.2388e-03, 
 2DIAGNOSTIC,    61, -5.190275754633e-01, 2.283731427385e-05, 9.9355e-01, 4.2620e-03, 
 2DIAGNOSTIC,    62, -5.190730557460e-01, 1.671494589624e-05, 9.9796e-01, 4.4091e-03, 
 2DIAGNOSTIC,    63, -5.192333134989e-01, 1.197280280131e-05, 1.0026e+00, 4.6329e-03, 
 2DIAGNOSTIC,    64, -5.194452961541e-01, 1.057237627804e-05, 1.0072e+00, 4.6070e-03, 
 2DIAGNOSTIC,    65, -5.196714870255e-01, 1.228570585035e-05, 1.0119e+00, 4.7271e-03, 
 2DIAGNOSTIC,    66, -5.200605314089e-01, 1.942404418040e-05, 1.0176e+00, 5.7189e-03, 
 2DIAGNOSTIC,    67, -5.201193296062e-01, 2.569241626025e-05, 1.0222e+00, 4.5950e-03, 
 2DIAGNOSTIC,    68, -5.201412523502e-01, 2.910108451219e-05, 1.0269e+00, 4.6880e-03, 
 2DIAGNOSTIC,    69, -5.202950453857e-01, 3.059058352775e-05, 1.0311e+00, 4.1850e-03, 
 2DIAGNOSTIC,    70, -5.203482777874e-01, 2.982922711656e-05, 1.0359e+00, 4.7929e-03, 
 2DIAGNOSTIC,    71, -5.201659412291e-01, 2.502371883293e-05, 1.0407e+00, 4.7691e-03, 
 2DIAGNOSTIC,    72, -5.203529209645e-01, 2.000583545509e-05, 1.0449e+00, 4.2260e-03, 
 2DIAGNOSTIC,    73, -5.203817802579e-01, 1.477407763211e-05, 1.0491e+00, 4.2031e-03, 
 2DIAGNOSTIC,    74, -5.206121456088e-01, 1.186158778833e-05, 1.0533e+00, 4.2300e-03, 
 2DIAGNOSTIC,    75, -5.210226664664e-01, 1.290761799983e-05, 1.0598e+00, 6.4418e-03, 
 2DIAGNOSTIC,    76, -5.210789035090e-01, 1.618669104959e-05, 1.0645e+00, 4.7481e-03, 
 2DIAGNOSTIC,    77, -5.211028683096e-01, 1.854919269073e-05, 1.0692e+00, 4.6899e-03, 
 2DIAGNOSTIC,    78, -5.210308941302e-01, 1.870115572674e-05, 1.0736e+00, 4.3540e-03, 
 2DIAGNOSTIC,    79, -5.211246829475e-01, 1.893305779325e-05, 1.0779e+00, 4.3118e-03, 
 2DIAGNOSTIC,    80, -5.211393500659e-01, 1.785570019384e-05, 1.0823e+00, 4.4060e-03, 
 2DIAGNOSTIC,    81, -5.211594922460e-01, 1.390412006523e-05, 1.0868e+00, 4.5171e-03, 
 2DIAGNOSTIC,    82, -5.212300666980e-01, 1.069034465592e-05, 1.0922e+00, 5.4371e-03, 
 2DIAGNOSTIC,    83, -5.212771474971e-01, 7.101601644258e-06, 1.0980e+00, 5.7061e-03, 
 2DIAGNOSTIC,    84, -5.212814009196e-01, 4.529153399387e-06, 1.1042e+00, 6.2640e-03, 
 2DIAGNOSTIC,    85, -5.212814201187e-01, 4.473067209911e-06, 1.1095e+00, 5.2600e-03, 
 2DIAGNOSTIC,    86, -5.212814236815e-01, 4.413284333114e-06, 1.1142e+00, 4.6999e-03, 
 2DIAGNOSTIC,    87, -5.212814246696e-01, 4.144185115695e-06, 1.1194e+00, 5.2629e-03, 
 2DIAGNOSTIC,    88, -5.212814249000e-01, 3.014975899983e-06, 1.1248e+00, 5.3968e-03, 
 2DIAGNOSTIC,    89, -5.212814249659e-01, 2.285950926975e-06, 1.1302e+00, 5.3740e-03, 
 2DIAGNOSTIC,    90, -5.212814249852e-01, 1.493604967486e-06, 1.1352e+00, 4.9751e-03, 
DIAGNOSTIC,Iteration,metricValue,convergenceValue,ITERATION_TIME_INDEX,SINCE_LAST
 2DIAGNOSTIC,     1, -4.136161204514e-01, 1.797693134862e+308, 1.8626e+00, 7.2742e-01, 
 2DIAGNOSTIC,     2, -4.140452972893e-01, 1.797693134862e+308, 1.8887e+00, 2.6146e-02, 
 2DIAGNOSTIC,     3, -4.144266986922e-01, 1.797693134862e+308, 1.9162e+00, 2.7471e-02, 
 2DIAGNOSTIC,     4, -4.146963269208e-01, 1.797693134862e+308, 1.9452e+00, 2.8951e-02, 
 2DIAGNOSTIC,     5, -4.150351926337e-01, 1.797693134862e+308, 1.9715e+00, 2.6324e-02, 
 2DIAGNOSTIC,     6, -4.152873636257e-01, 1.797693134862e+308, 1.9979e+00, 2.6363e-02, 
 2DIAGNOSTIC,     7, -4.165718574460e-01, 1.797693134862e+308, 2.0280e+00, 3.0163e-02, 
 2DIAGNOSTIC,     8, -4.175342555667e-01, 1.797693134862e+308, 2.0577e+00, 2.9667e-02, 
 2DIAGNOSTIC,     9, -4.178317021382e-01, 1.797693134862e+308, 2.0839e+00, 2.6193e-02, 
 2DIAGNOSTIC,    10, -4.182977762343e-01, 7.612338161519e-04, 2.1115e+00, 2.7599e-02, 
 2DIAGNOSTIC,    11, -4.202738207149e-01, 8.218520853431e-04, 2.1453e+00, 3.3817e-02, 
 2DIAGNOSTIC,    12, -4.228345746662e-01, 9.641987686543e-04, 2.1752e+00, 2.9941e-02, 
 2DIAGNOSTIC,    13, -4.234305829501e-01, 1.045405404384e-03, 2.2152e+00, 3.9996e-02, 
 2DIAGNOSTIC,    14, -4.234929622333e-01, 1.038774590273e-03, 2.2433e+00, 2.8054e-02, 
 2DIAGNOSTIC,    15, -4.237216004417e-01, 9.666653976291e-04, 2.2796e+00, 3.6281e-02, 
 2DIAGNOSTIC,    16, -4.238109077442e-01, 8.271985693411e-04, 2.3230e+00, 4.3441e-02, 
 2DIAGNOSTIC,    17, -4.238219080050e-01, 6.774312208469e-04, 2.3551e+00, 3.2084e-02, 
 2DIAGNOSTIC,    18, -4.238219707920e-01, 5.189199404719e-04, 2.3904e+00, 3.5286e-02, 
 2DIAGNOSTIC,    19, -4.238110349319e-01, 3.413761623913e-04, 2.4171e+00, 2.6704e-02, 
 2DIAGNOSTIC,    20, -4.238020093089e-01, 1.650255208963e-04, 2.4467e+00, 2.9619e-02, 
 2DIAGNOSTIC,    21, -4.238084587253e-01, 5.216679074482e-05, 2.4777e+00, 3.0965e-02, 
 2DIAGNOSTIC,    22, -4.238064798808e-01, 2.324257509199e-05, 2.5059e+00, 2.8214e-02, 
 2DIAGNOSTIC,    23, -4.237999262155e-01, 1.222927062128e-05, 2.5340e+00, 2.8122e-02, 
 2DIAGNOSTIC,    24, -4.238105744112e-01, 3.048621253554e-06, 2.5657e+00, 3.1656e-02, 
DIAGNOSTIC,Iteration,metricValue,convergenceValue,ITERATION_TIME_INDEX,SINCE_LAST
 2DIAGNOSTIC,     1, -3.619250964548e-01, 1.797693134862e+308, 3.7128e+00, 1.1471e+00, 
 2DIAGNOSTIC,     2, -3.620315382329e-01, 1.797693134862e+308, 3.9488e+00, 2.3597e-01, 
 2DIAGNOSTIC,     3, -3.620620238516e-01, 1.797693134862e+308, 4.1716e+00, 2.2279e-01, 
 2DIAGNOSTIC,     4, -3.620610074921e-01, 1.797693134862e+308, 4.6184e+00, 4.4683e-01, 
 2DIAGNOSTIC,     5, -3.620617085114e-01, 1.797693134862e+308, 4.8642e+00, 2.4578e-01, 
 2DIAGNOSTIC,     6, -3.620610973056e-01, 1.797693134862e+308, 5.0858e+00, 2.2168e-01, 
 2DIAGNOSTIC,     7, -3.620609483589e-01, 1.797693134862e+308, 5.3222e+00, 2.3640e-01, 
 2DIAGNOSTIC,     8, -3.620610170136e-01, 1.797693134862e+308, 5.5427e+00, 2.2043e-01, 
 2DIAGNOSTIC,     9, -3.620599535917e-01, 1.797693134862e+308, 5.7734e+00, 2.3075e-01, 
 2DIAGNOSTIC,    10, -3.620599934477e-01, 1.565363713922e-05, 6.0089e+00, 2.3549e-01, 
 2DIAGNOSTIC,    11, -3.620592158409e-01, 4.662960365928e-06, 6.2153e+00, 2.0638e-01, 
 2DIAGNOSTIC,    12, -3.620587622944e-01, 2.222215335398e-06, 6.4629e+00, 2.4759e-01, 
 2DIAGNOSTIC,    13, -3.620567785245e-01, 1.918917758234e-06, 6.7386e+00, 2.7577e-01, 
 2DIAGNOSTIC,    14, -3.620572798109e-01, 1.679500401100e-06, 6.9834e+00, 2.4475e-01, 
 2DIAGNOSTIC,    15, -3.620563156481e-01, 1.511168977439e-06, 7.1981e+00, 2.1474e-01, 
 2DIAGNOSTIC,    16, -3.620555730501e-01, 1.353537241164e-06, 7.4437e+00, 2.4561e-01, 
 2DIAGNOSTIC,    17, -3.620554825600e-01, 1.262820657905e-06, 7.6982e+00, 2.5447e-01, 
 2DIAGNOSTIC,    18, -3.620548358859e-01, 1.214466459509e-06, 8.0006e+00, 3.0240e-01, 
 2DIAGNOSTIC,    19, -3.620544891791e-01, 1.163754144537e-06, 8.2754e+00, 2.7479e-01, 
 2DIAGNOSTIC,    20, -3.620539807088e-01, 1.147246703026e-06, 8.5382e+00, 2.6284e-01, 
 2DIAGNOSTIC,    21, -3.620534538242e-01, 1.125350256106e-06, 8.8016e+00, 2.6334e-01, 
 2DIAGNOSTIC,    22, -3.620522638681e-01, 1.085206315067e-06, 9.0408e+00, 2.3926e-01, 
 2DIAGNOSTIC,    23, -3.620524408115e-01, 1.020423287895e-06, 9.3152e+00, 2.7440e-01, 
 2DIAGNOSTIC,    24, -3.620527434963e-01, 1.021308983204e-06, 9.6045e+00, 2.8922e-01, 
 2DIAGNOSTIC,    25, -3.620530090045e-01, 1.028604458136e-06, 9.8985e+00, 2.9401e-01, 
 2DIAGNOSTIC,    26, -3.620525632871e-01, 1.022492859680e-06, 1.0132e+01, 2.3328e-01, 
 2DIAGNOSTIC,    27, -3.620522475529e-01, 1.025358992435e-06, 1.0438e+01, 3.0624e-01, 
 2DIAGNOSTIC,    28, -3.620523787736e-01, 1.028080397605e-06, 1.0699e+01, 2.6121e-01, 
 2DIAGNOSTIC,    29, -3.620519157258e-01, 1.018007505647e-06, 1.0915e+01, 2.1557e-01, 
DIAGNOSTIC,Iteration,metricValue,convergenceValue,ITERATION_TIME_INDEX,SINCE_LAST
 2DIAGNOSTIC,     1, -3.327838634225e-01, 1.797693134862e+308, 1.3692e+01, 2.7768e+00, 
 2DIAGNOSTIC,     2, -3.327933871553e-01, 1.797693134862e+308, 1.6012e+01, 2.3206e+00, 
 2DIAGNOSTIC,     3, -3.327935873650e-01, 1.797693134862e+308, 1.7513e+01, 1.5011e+00, 
 2DIAGNOSTIC,     4, -3.327932871621e-01, 1.797693134862e+308, 1.9363e+01, 1.8494e+00, 
 2DIAGNOSTIC,     5, -3.327932505542e-01, 1.797693134862e+308, 2.4288e+01, 4.9249e+00, 
 2DIAGNOSTIC,     6, -3.327932505529e-01, 1.797693134862e+308, 2.9017e+01, 4.7289e+00, 
 2DIAGNOSTIC,     7, -3.327932505529e-01, 1.797693134862e+308, 3.1012e+01, 1.9955e+00, 
 2DIAGNOSTIC,     8, -3.327932505529e-01, 1.797693134862e+308, 3.2619e+01, 1.6065e+00, 
 2DIAGNOSTIC,     9, -3.327932505529e-01, 1.797693134862e+308, 3.4267e+01, 1.6490e+00, 
 2DIAGNOSTIC,    10, -3.327932505529e-01, 3.950827473537e-06, 3.6047e+01, 1.7795e+00, 
 2DIAGNOSTIC,    11, -3.327932505529e-01, 2.856374869575e-06, 3.7817e+01, 1.7704e+00, 
 2DIAGNOSTIC,    12, -3.327932505529e-01, 2.624586632111e-06, 3.9543e+01, 1.7252e+00, 
 2DIAGNOSTIC,    13, -3.327932505529e-01, 2.444517106848e-06, 4.1495e+01, 1.9529e+00, 
 2DIAGNOSTIC,    14, -3.327932505529e-01, 2.272141605697e-06, 4.3216e+01, 1.7210e+00, 
 2DIAGNOSTIC,    15, -3.327932505529e-01, 2.120665299227e-06, 4.4851e+01, 1.6343e+00, 
 2DIAGNOSTIC,    16, -3.327932505529e-01, 1.988123497068e-06, 4.6463e+01, 1.6127e+00, 
 2DIAGNOSTIC,    17, -3.327932505529e-01, 1.871174872548e-06, 4.8070e+01, 1.6066e+00, 
 2DIAGNOSTIC,    18, -3.327932505529e-01, 1.767220558939e-06, 5.0266e+01, 2.1954e+00, 
 2DIAGNOSTIC,    19, -3.327932505529e-01, 1.674208820003e-06, 5.1931e+01, 1.6657e+00, 
 2DIAGNOSTIC,    20, -3.327932505529e-01, 1.590498267375e-06, 5.3506e+01, 1.5744e+00, 
 2DIAGNOSTIC,    21, -3.327932505529e-01, 1.514760158423e-06, 5.4957e+01, 1.4518e+00, 
 2DIAGNOSTIC,    22, -3.327932505529e-01, 1.445907340462e-06, 5.6512e+01, 1.5543e+00, 
 2DIAGNOSTIC,    23, -3.327932505529e-01, 1.383041731043e-06, 5.8315e+01, 1.8029e+00, 
 2DIAGNOSTIC,    24, -3.327932505529e-01, 1.325414928241e-06, 6.0168e+01, 1.8538e+00, 
 2DIAGNOSTIC,    25, -3.327932505529e-01, 1.272398274535e-06, 6.2050e+01, 1.8817e+00, 
 2DIAGNOSTIC,    26, -3.327932505529e-01, 1.223459829128e-06, 6.3737e+01, 1.6864e+00, 
 2DIAGNOSTIC,    27, -3.327932505529e-01, 1.178146457358e-06, 6.5463e+01, 1.7263e+00, 
 2DIAGNOSTIC,    28, -3.327932505529e-01, 1.136069758059e-06, 6.7274e+01, 1.8116e+00, 
 2DIAGNOSTIC,    29, -3.327932505529e-01, 1.096894902804e-06, 6.8721e+01, 1.4469e+00, 
 2DIAGNOSTIC,    30, -3.327932505529e-01, 1.060331706861e-06, 7.0382e+01, 1.6610e+00, 
 2DIAGNOSTIC,    31, -3.327932505529e-01, 1.026127428812e-06, 7.2193e+01, 1.8110e+00, 
  Elapsed time (stage 0): 7.3058e+01


Total elapsed time: 7.3061e+01
Info [verificarlo]: loaded backend libinterflop_ieee.so
Info [interflop-ieee]: load backend with:
Info [interflop-ieee]: debug = false
Info [interflop-ieee]: debug-binary = false
Info [interflop-ieee]: no-backend-name = false
Info [interflop-ieee]: print-new-line = false
Info [interflop-ieee]: print-subnormal-normalized = false
Info [interflop-ieee]: count-op = false
All_Command_lines_OK
Using double precision for computations.
=============================================================================
The composite transform comprises the following transforms (in order): 
  1. /home/mdugre/scratch/mri-registration-rp/datasets/ds004513/derivatives/mri-registration-rp/0001/antsRegistration-r8-p22/sub-s020/rigid_Composite.h5[0] (type = Euler3DTransform)
  2. /home/mdugre/scratch/mri-registration-rp/datasets/ds004513/derivatives/mri-registration-rp/0001/antsRegistration-r8-p22/sub-s020/rigid_Composite.h5[1] (type = Euler3DTransform)
  3. /home/mdugre/scratch/mri-registration-rp/datasets/ds004513/derivatives/mri-registration-rp/0001/antsRegistration-r8-p22/sub-s020/rigid_Composite.h5[2] (type = Euler3DTransform)
=============================================================================
  number of levels = 4
  fixed image: /templateflow/tpl-MNI152NLin2009cAsym/tpl-MNI152NLin2009cAsym_res-01_desc-brain_T1w.nii.gz
  moving image: /home/mdugre/scratch/mri-registration-rp/datasets/ds004513/derivatives/mri-registration-rp/antsBrainExtraction/sub-s020/BrainExtractionBrain.nii.gz
Dimension = 3
Number of stages = 1
Use histogram matching = false
Winsorize image intensities = true
  Lower quantile = 0.005
  Upper quantile = 0.995


Stage 1 State
   Image metric = MattesMI
     Fixed image = Image (0x4d057e0)
  RTTI typeinfo:   itk::Image<double, 3u>
  Reference Count: 2
  Modified Time: 1594
  Debug: Off
  Object Name: 
  Observers: 
    none
  Source: (none)
  Source output name: (none)
  Release Data: Off
  Data Released: False
  Global Release Data: Off
  PipelineMTime: 0
  UpdateMTime: 1203
  RealTimeStamp: 0 seconds 
  LargestPossibleRegion: 
    Dimension: 3
    Index: [0, 0, 0]
    Size: [193, 229, 193]
  BufferedRegion: 
    Dimension: 3
    Index: [0, 0, 0]
    Size: [193, 229, 193]
  RequestedRegion: 
    Dimension: 3
    Index: [0, 0, 0]
    Size: [193, 229, 193]
  Spacing: [1, 1, 1]
  Origin: [96, 132, -78]
  Direction: 
-1 0 0
0 -1 0
0 0 1

  IndexToPointMatrix: 
-1 0 0
0 -1 0
0 0 1

  PointToIndexMatrix: 
-1 0 0
0 -1 0
0 0 1

  Inverse Direction: 
-1 0 0
0 -1 0
0 0 1

  PixelContainer: 
    ImportImageContainer (0x4dc5a20)
      RTTI typeinfo:   itk::ImportImageContainer<unsigned long, double>
      Reference Count: 1
      Modified Time: 1200
      Debug: Off
      Object Name: 
      Observers: 
        none
      Pointer: 0x148fdca07010
      Container manages memory: true
      Size: 8530021
      Capacity: 8530021

     Moving image = Image (0x4dc0d70)
  RTTI typeinfo:   itk::Image<double, 3u>
  Reference Count: 2
  Modified Time: 1595
  Debug: Off
  Object Name: 
  Observers: 
    none
  Source: (none)
  Source output name: (none)
  Release Data: Off
  Data Released: False
  Global Release Data: Off
  PipelineMTime: 0
  UpdateMTime: 1592
  RealTimeStamp: 0 seconds 
  LargestPossibleRegion: 
    Dimension: 3
    Index: [0, 0, 0]
    Size: [160, 240, 256]
  BufferedRegion: 
    Dimension: 3
    Index: [0, 0, 0]
    Size: [160, 240, 256]
  RequestedRegion: 
    Dimension: 3
    Index: [0, 0, 0]
    Size: [160, 240, 256]
  Spacing: [0.999995, 1, 1]
  Origin: [87.0906, 98.7205, -152.377]
  Direction: 
-0.996975 0.0261379 -0.0731913
-0.0260677 -0.999658 -0.00191374
-0.0732163 -2.46403e-08 0.997316

  IndexToPointMatrix: 
-0.996971 0.0261379 -0.0731913
-0.0260676 -0.999658 -0.00191374
-0.0732159 -2.46403e-08 0.997316

  PointToIndexMatrix: 
-0.99698 -0.0260679 -0.0732166
0.0261379 -0.999658 -2.46993e-08
-0.0731913 -0.00191374 0.997316

  Inverse Direction: 
-0.996975 -0.0260677 -0.0732163
0.0261379 -0.999658 -2.46993e-08
-0.0731913 -0.00191374 0.997316

  PixelContainer: 
    ImportImageContainer (0x4d78c90)
      RTTI typeinfo:   itk::ImportImageContainer<unsigned long, double>
      Reference Count: 1
      Modified Time: 1589
      Debug: Off
      Object Name: 
      Observers: 
        none
      Pointer: 0x148fd7f06010
      Container manages memory: true
      Size: 9830400
      Capacity: 9830400

     Weighting = 1
     Sampling strategy = regular
     Number of bins = 32
     Radius = 4
     Sampling percentage  = 0.25
   Transform = Affine
     Gradient step = 0.1
     Update field sigma (voxel space) = 0
     Total field sigma (voxel space) = 0
     Update field time sigma = 0
     Total field time sigma  = 0
     Number of time indices = 0
     Number of time point samples = 0
Registration using 1 total stages.

Stage 0
  iterations = 1000x500x250x100
  convergence threshold = 1e-06
  convergence window size = 10
  number of levels = 4
  using the Mattes MI metric (number of bins = 32, weight = 1, use gradient filter = 0)
  preprocessing:  winsorizing the image intensities
  Shrink factors (level 1 out of 4): [8, 8, 8]
  Shrink factors (level 2 out of 4): [4, 4, 4]
  Shrink factors (level 3 out of 4): [2, 2, 2]
  Shrink factors (level 4 out of 4): [1, 1, 1]
  smoothing sigmas per level: [3, 2, 1, 0]
  regular sampling (percentage = 0.25)

*** Running AffineTransform registration ***

DIAGNOSTIC,Iteration,metricValue,convergenceValue,ITERATION_TIME_INDEX,SINCE_LAST
 2DIAGNOSTIC,     1, -5.167470838864e-01, 1.797693134862e+308, 8.6591e-01, 8.6591e-01, 
 2DIAGNOSTIC,     2, -5.184681470165e-01, 1.797693134862e+308, 8.7097e-01, 5.0611e-03, 
 2DIAGNOSTIC,     3, -5.213757969436e-01, 1.797693134862e+308, 8.7584e-01, 4.8690e-03, 
 2DIAGNOSTIC,     4, -5.272404896454e-01, 1.797693134862e+308, 8.8165e-01, 5.8091e-03, 
 2DIAGNOSTIC,     5, -5.414390291664e-01, 1.797693134862e+308, 8.8699e-01, 5.3411e-03, 
 2DIAGNOSTIC,     6, -6.071000707647e-01, 1.797693134862e+308, 8.9260e-01, 5.6109e-03, 
 2DIAGNOSTIC,     7, -6.602332562830e-01, 1.797693134862e+308, 9.0013e-01, 7.5319e-03, 
 2DIAGNOSTIC,     8, -7.317372083207e-01, 1.797693134862e+308, 9.0669e-01, 6.5539e-03, 
 2DIAGNOSTIC,     9, -7.643229704889e-01, 1.797693134862e+308, 9.1340e-01, 6.7141e-03, 
 2DIAGNOSTIC,    10, -7.888276821830e-01, 3.255326588030e-02, 9.2062e-01, 7.2141e-03, 
 2DIAGNOSTIC,    11, -8.262800446365e-01, 3.269114127364e-02, 9.2985e-01, 9.2289e-03, 
 2DIAGNOSTIC,    12, -8.295909761357e-01, 3.005770960459e-02, 9.3562e-01, 5.7759e-03, 
 2DIAGNOSTIC,    13, -8.397390853493e-01, 2.567851024050e-02, 9.4186e-01, 6.2358e-03, 
 2DIAGNOSTIC,    14, -8.446935765526e-01, 2.011638110488e-02, 9.4917e-01, 7.3140e-03, 
 2DIAGNOSTIC,    15, -8.464573591636e-01, 1.406968865261e-02, 9.5577e-01, 6.5942e-03, 
 2DIAGNOSTIC,    16, -8.491406321512e-01, 9.376874460582e-03, 9.6303e-01, 7.2601e-03, 
 2DIAGNOSTIC,    17, -8.506758356321e-01, 5.745092509397e-03, 9.7071e-01, 7.6799e-03, 
 2DIAGNOSTIC,    18, -8.510277437423e-01, 3.643527800284e-03, 9.8051e-01, 9.8090e-03, 
 2DIAGNOSTIC,    19, -8.509065622058e-01, 2.132260922689e-03, 9.8644e-01, 5.9271e-03, 
 2DIAGNOSTIC,    20, -8.513337219542e-01, 1.068052924570e-03, 9.9237e-01, 5.9299e-03, 
 2DIAGNOSTIC,    21, -8.522227403530e-01, 7.276316027560e-04, 9.9860e-01, 6.2261e-03, 
 2DIAGNOSTIC,    22, -8.535847125150e-01, 4.322328216089e-04, 1.0045e+00, 5.9249e-03, 
 2DIAGNOSTIC,    23, -8.546107780758e-01, 3.092279530425e-04, 1.0123e+00, 7.7720e-03, 
 2DIAGNOSTIC,    24, -8.558780553148e-01, 2.673760571261e-04, 1.0225e+00, 1.0179e-02, 
 2DIAGNOSTIC,    25, -8.558699817868e-01, 2.299352037133e-04, 1.0296e+00, 7.1311e-03, 
 2DIAGNOSTIC,    26, -8.558860643247e-01, 2.127621556559e-04, 1.0355e+00, 5.9090e-03, 
 2DIAGNOSTIC,    27, -8.557757857699e-01, 1.966552158759e-04, 1.0414e+00, 5.8510e-03, 
 2DIAGNOSTIC,    28, -8.558093463279e-01, 1.685826134861e-04, 1.0472e+00, 5.8289e-03, 
 2DIAGNOSTIC,    29, -8.558519454610e-01, 1.258408059098e-04, 1.0529e+00, 5.6899e-03, 
 2DIAGNOSTIC,    30, -8.559002993991e-01, 8.035460889428e-05, 1.0590e+00, 6.1269e-03, 
 2DIAGNOSTIC,    31, -8.559338830209e-01, 4.148166607584e-05, 1.0648e+00, 5.7671e-03, 
 2DIAGNOSTIC,    32, -8.559786121530e-01, 1.740067672365e-05, 1.0711e+00, 6.3181e-03, 
 2DIAGNOSTIC,    33, -8.558698168499e-01, 3.105121440153e-06, 1.0769e+00, 5.8520e-03, 
 2DIAGNOSTIC,    34, -8.560460985696e-01, 4.983332137540e-06, 1.0828e+00, 5.8842e-03, 
 2DIAGNOSTIC,    35, -8.558358892033e-01, 4.026635892940e-06, 1.0893e+00, 6.4270e-03, 
 2DIAGNOSTIC,    36, -8.560278401238e-01, 5.026200249836e-06, 1.0956e+00, 6.3159e-03, 
 2DIAGNOSTIC,    37, -8.558083078980e-01, 2.315389288392e-06, 1.1013e+00, 5.7011e-03, 
DIAGNOSTIC,Iteration,metricValue,convergenceValue,ITERATION_TIME_INDEX,SINCE_LAST
 2DIAGNOSTIC,     1, -7.165728422343e-01, 1.797693134862e+308, 1.8541e+00, 7.5284e-01, 
 2DIAGNOSTIC,     2, -7.174564116743e-01, 1.797693134862e+308, 1.8914e+00, 3.7264e-02, 
 2DIAGNOSTIC,     3, -7.181042821175e-01, 1.797693134862e+308, 1.9313e+00, 3.9910e-02, 
 2DIAGNOSTIC,     4, -7.182446613186e-01, 1.797693134862e+308, 1.9857e+00, 5.4439e-02, 
 2DIAGNOSTIC,     5, -7.182468339062e-01, 1.797693134862e+308, 2.0323e+00, 4.6594e-02, 
 2DIAGNOSTIC,     6, -7.182273727979e-01, 1.797693134862e+308, 2.0714e+00, 3.9124e-02, 
 2DIAGNOSTIC,     7, -7.182186220827e-01, 1.797693134862e+308, 2.1077e+00, 3.6249e-02, 
 2DIAGNOSTIC,     8, -7.182128967907e-01, 1.797693134862e+308, 2.1477e+00, 4.0041e-02, 
 2DIAGNOSTIC,     9, -7.182183478816e-01, 1.797693134862e+308, 2.1879e+00, 4.0190e-02, 
 2DIAGNOSTIC,    10, -7.181879512908e-01, 9.587423722422e-05, 2.2236e+00, 3.5681e-02, 
 2DIAGNOSTIC,    11, -7.182032800536e-01, 3.111224886171e-05, 2.2641e+00, 4.0483e-02, 
 2DIAGNOSTIC,    12, -7.181817114677e-01, 2.479108559272e-06, 2.3043e+00, 4.0226e-02, 
DIAGNOSTIC,Iteration,metricValue,convergenceValue,ITERATION_TIME_INDEX,SINCE_LAST
 2DIAGNOSTIC,     1, -5.954877728116e-01, 1.797693134862e+308, 3.3449e+00, 1.0406e+00, 
 2DIAGNOSTIC,     2, -5.958289909599e-01, 1.797693134862e+308, 3.5934e+00, 2.4848e-01, 
 2DIAGNOSTIC,     3, -5.961236216978e-01, 1.797693134862e+308, 3.8302e+00, 2.3681e-01, 
 2DIAGNOSTIC,     4, -5.964240443414e-01, 1.797693134862e+308, 4.0785e+00, 2.4831e-01, 
 2DIAGNOSTIC,     5, -5.970091516707e-01, 1.797693134862e+308, 4.3267e+00, 2.4813e-01, 
 2DIAGNOSTIC,     6, -5.972716240414e-01, 1.797693134862e+308, 4.7351e+00, 4.0848e-01, 
 2DIAGNOSTIC,     7, -5.972619604713e-01, 1.797693134862e+308, 5.0910e+00, 3.5588e-01, 
 2DIAGNOSTIC,     8, -5.972604206052e-01, 1.797693134862e+308, 5.4158e+00, 3.2476e-01, 
 2DIAGNOSTIC,     9, -5.972604831416e-01, 1.797693134862e+308, 5.7019e+00, 2.8614e-01, 
 2DIAGNOSTIC,    10, -5.972604974270e-01, 2.058891051131e-04, 6.0182e+00, 3.1631e-01, 
 2DIAGNOSTIC,    11, -5.972588142750e-01, 1.382350395958e-04, 6.3290e+00, 3.1078e-01, 
 2DIAGNOSTIC,    12, -5.972585343449e-01, 8.341747779293e-05, 6.6173e+00, 2.8825e-01, 
 2DIAGNOSTIC,    13, -5.972576699531e-01, 4.060948599516e-05, 6.9123e+00, 2.9508e-01, 
 2DIAGNOSTIC,    14, -5.972558114899e-01, 1.014114547755e-05, 7.2263e+00, 3.1401e-01, 
 2DIAGNOSTIC,    15, -5.972559023998e-01, 1.353368863158e-06, 7.5345e+00, 3.0814e-01, 
 2DIAGNOSTIC,    16, -5.972555083546e-01, 1.541518463197e-06, 7.8447e+00, 3.1019e-01, 
 2DIAGNOSTIC,    17, -5.972538578705e-01, 1.433034640799e-06, 8.1252e+00, 2.8057e-01, 
 2DIAGNOSTIC,    18, -5.972540027041e-01, 1.341269088344e-06, 8.4470e+00, 3.2172e-01, 
 2DIAGNOSTIC,    19, -5.972547135473e-01, 1.317559420226e-06, 8.7629e+00, 3.1595e-01, 
 2DIAGNOSTIC,    20, -5.972557233523e-01, 1.353627201592e-06, 9.1335e+00, 3.7055e-01, 
 2DIAGNOSTIC,    21, -5.972554738691e-01, 1.363713810841e-06, 9.4571e+00, 3.2368e-01, 
 2DIAGNOSTIC,    22, -5.972552194200e-01, 1.376857393376e-06, 9.7575e+00, 3.0037e-01, 
 2DIAGNOSTIC,    23, -5.972546121747e-01, 1.366358533893e-06, 1.0075e+01, 3.1769e-01, 
 2DIAGNOSTIC,    24, -5.972544344625e-01, 1.317160851902e-06, 1.0583e+01, 5.0737e-01, 
 2DIAGNOSTIC,    25, -5.972546938674e-01, 1.278794464390e-06, 1.1011e+01, 4.2825e-01, 
 2DIAGNOSTIC,    26, -5.972536778428e-01, 1.217785657662e-06, 1.1372e+01, 3.6123e-01, 
 2DIAGNOSTIC,    27, -5.972528179568e-01, 1.118630526348e-06, 1.1714e+01, 3.4206e-01, 
 2DIAGNOSTIC,    28, -5.972522177115e-01, 1.024743397693e-06, 1.2098e+01, 3.8384e-01, 
DIAGNOSTIC,Iteration,metricValue,convergenceValue,ITERATION_TIME_INDEX,SINCE_LAST
 2DIAGNOSTIC,     1, -5.294759268968e-01, 1.797693134862e+308, 1.5463e+01, 3.3647e+00, 
 2DIAGNOSTIC,     2, -5.297751765486e-01, 1.797693134862e+308, 1.7570e+01, 2.1071e+00, 
 2DIAGNOSTIC,     3, -5.300497793261e-01, 1.797693134862e+308, 1.9586e+01, 2.0164e+00, 
 2DIAGNOSTIC,     4, -5.307433524071e-01, 1.797693134862e+308, 2.1787e+01, 2.2008e+00, 
 2DIAGNOSTIC,     5, -5.312814406729e-01, 1.797693134862e+308, 2.4374e+01, 2.5872e+00, 
 2DIAGNOSTIC,     6, -5.314151141689e-01, 1.797693134862e+308, 2.8744e+01, 4.3702e+00, 
 2DIAGNOSTIC,     7, -5.314153026301e-01, 1.797693134862e+308, 3.1744e+01, 3.0000e+00, 
