
##########################
# Experiment information #
##########################

EXPERIMENT_NAME: antsRegistration-r8-p21
VFC_BACKENDS: libinterflop_vprec.so --range-binary32=8 --precision-binary32=21 --range-binary64=8 --precision-binary64=21

SIF_IMG: /home/mdugre/projects/rrg-glatard/mdugre/containers/ants-vprec-no_metrics.simg

SUBJECT_ID: s003
INPUT_IMG: /home/mdugre/scratch/mri-registration-rp/datasets/ds004513/derivatives/mri-registration-rp/antsBrainExtraction/sub-s003/BrainExtractionBrain.nii.gz
OUTPUT_DIR: /home/mdugre/scratch/mri-registration-rp/datasets/ds004513/derivatives/mri-registration-rp/0001/antsRegistration-r8-p21/sub-s003

FIXED_IMG: /templateflow/tpl-MNI152NLin2009cAsym/tpl-MNI152NLin2009cAsym_res-01_desc-brain_T1w.nii.gz
DATA_DIR: /home/mdugre/scratch/mri-registration-rp/datasets/ds004513
TEMPLATEFLOW_DIR: /home/mdugre/projects/rrg-glatard/mdugre/templateflow
ITK_GLOBAL_DEFAULT_NUMBER_OF_THREADS: 16
##########################

Info [verificarlo]: loaded backend libinterflop_ieee.so
Info [interflop-ieee]: load backend with:
Info [interflop-ieee]: debug = false
Info [interflop-ieee]: debug-binary = false
Info [interflop-ieee]: no-backend-name = false
Info [interflop-ieee]: print-new-line = false
Info [interflop-ieee]: print-subnormal-normalized = false
Info [interflop-ieee]: count-op = false
All_Command_lines_OK
Using double precision for computations.
=============================================================================
The composite transform comprises the following transforms (in order): 
  1. Center of mass alignment using fixed image: /templateflow/tpl-MNI152NLin2009cAsym/tpl-MNI152NLin2009cAsym_res-01_desc-brain_T1w.nii.gz and moving image: /home/mdugre/scratch/mri-registration-rp/datasets/ds004513/derivatives/mri-registration-rp/antsBrainExtraction/sub-s003/BrainExtractionBrain.nii.gz (type = Euler3DTransform)
=============================================================================
  number of levels = 1
  fixed image: /templateflow/tpl-MNI152NLin2009cAsym/tpl-MNI152NLin2009cAsym_res-01_desc-brain_T1w.nii.gz
  moving image: /home/mdugre/scratch/mri-registration-rp/datasets/ds004513/derivatives/mri-registration-rp/antsBrainExtraction/sub-s003/BrainExtractionBrain.nii.gz
Dimension = 3
Number of stages = 1
Use histogram matching = false
Winsorize image intensities = true
  Lower quantile = 0.005
  Upper quantile = 0.995


Stage 1 State
   Image metric = MattesMI
     Fixed image = Image (0x3e7ae70)
  RTTI typeinfo:   itk::Image<double, 3u>
  Reference Count: 2
  Modified Time: 2334
  Debug: Off
  Object Name: 
  Observers: 
    none
  Source: (none)
  Source output name: (none)
  Release Data: Off
  Data Released: False
  Global Release Data: Off
  PipelineMTime: 0
  UpdateMTime: 1943
  RealTimeStamp: 0 seconds 
  LargestPossibleRegion: 
    Dimension: 3
    Index: [0, 0, 0]
    Size: [193, 229, 193]
  BufferedRegion: 
    Dimension: 3
    Index: [0, 0, 0]
    Size: [193, 229, 193]
  RequestedRegion: 
    Dimension: 3
    Index: [0, 0, 0]
    Size: [193, 229, 193]
  Spacing: [1, 1, 1]
  Origin: [96, 132, -78]
  Direction: 
-1 0 0
0 -1 0
0 0 1

  IndexToPointMatrix: 
-1 0 0
0 -1 0
0 0 1

  PointToIndexMatrix: 
-1 0 0
0 -1 0
0 0 1

  Inverse Direction: 
-1 0 0
0 -1 0
0 0 1

  PixelContainer: 
    ImportImageContainer (0x3e87140)
      RTTI typeinfo:   itk::ImportImageContainer<unsigned long, double>
      Reference Count: 1
      Modified Time: 1940
      Debug: Off
      Object Name: 
      Observers: 
        none
      Pointer: 0x147eacca8010
      Container manages memory: true
      Size: 8530021
      Capacity: 8530021

     Moving image = Image (0x3e84310)
  RTTI typeinfo:   itk::Image<double, 3u>
  Reference Count: 2
  Modified Time: 2335
  Debug: Off
  Object Name: 
  Observers: 
    none
  Source: (none)
  Source output name: (none)
  Release Data: Off
  Data Released: False
  Global Release Data: Off
  PipelineMTime: 0
  UpdateMTime: 2332
  RealTimeStamp: 0 seconds 
  LargestPossibleRegion: 
    Dimension: 3
    Index: [0, 0, 0]
    Size: [176, 240, 256]
  BufferedRegion: 
    Dimension: 3
    Index: [0, 0, 0]
    Size: [176, 240, 256]
  RequestedRegion: 
    Dimension: 3
    Index: [0, 0, 0]
    Size: [176, 240, 256]
  Spacing: [0.999999, 1, 1]
  Origin: [93.3499, 86.9368, -128.957]
  Direction: 
-0.999513 -0.0279216 -0.0139567
0.0279189 -0.99961 0.000389866
-0.0139622 2.01492e-08 0.999903

  IndexToPointMatrix: 
-0.999512 -0.0279216 -0.0139567
0.0279189 -0.99961 0.000389866
-0.0139621 2.01492e-08 0.999903

  PointToIndexMatrix: 
-0.999514 0.0279189 -0.0139622
-0.0279216 -0.99961 2.01716e-08
-0.0139567 0.000389866 0.999903

  Inverse Direction: 
-0.999513 0.0279189 -0.0139622
-0.0279216 -0.99961 2.01716e-08
-0.0139567 0.000389866 0.999903

  PixelContainer: 
    ImportImageContainer (0x3faf610)
      RTTI typeinfo:   itk::ImportImageContainer<unsigned long, double>
      Reference Count: 1
      Modified Time: 2329
      Debug: Off
      Object Name: 
      Observers: 
        none
      Pointer: 0x147ea7a27010
      Container manages memory: true
      Size: 10813440
      Capacity: 10813440

     Weighting = 1
     Sampling strategy = regular
     Number of bins = 32
     Radius = 4
     Sampling percentage  = 0.25
   Transform = Rigid
     Gradient step = 0.1
     Update field sigma (voxel space) = 0
     Total field sigma (voxel space) = 0
     Update field time sigma = 0
     Total field time sigma  = 0
     Number of time indices = 0
     Number of time point samples = 0
Registration using 1 total stages.

Stage 0
  iterations = 0
  convergence threshold = 1e-06
  convergence window size = 10
  number of levels = 1
  using the Mattes MI metric (number of bins = 32, weight = 1, use gradient filter = 0)
  preprocessing:  winsorizing the image intensities
  Shrink factors (level 1 out of 1): [1, 1, 1]
  smoothing sigmas per level: [0]
  regular sampling (percentage = 0.25)

*** Running Euler3DTransform registration ***

  Elapsed time (stage 0): 1.15045


Total elapsed time: 1.1589
Info [verificarlo]: loaded backend libinterflop_ieee.so
Info [interflop-ieee]: load backend with:
Info [interflop-ieee]: debug = false
Info [interflop-ieee]: debug-binary = false
Info [interflop-ieee]: no-backend-name = false
Info [interflop-ieee]: print-new-line = false
Info [interflop-ieee]: print-subnormal-normalized = false
Info [interflop-ieee]: count-op = false
All_Command_lines_OK
Using double precision for computations.
=============================================================================
The composite transform comprises the following transforms (in order): 
  1. /home/mdugre/scratch/mri-registration-rp/datasets/ds004513/derivatives/mri-registration-rp/0001/antsRegistration-r8-p21/sub-s003/align_Composite.h5[0] (type = Euler3DTransform)
  2. /home/mdugre/scratch/mri-registration-rp/datasets/ds004513/derivatives/mri-registration-rp/0001/antsRegistration-r8-p21/sub-s003/align_Composite.h5[1] (type = Euler3DTransform)
=============================================================================
  number of levels = 4
  fixed image: /templateflow/tpl-MNI152NLin2009cAsym/tpl-MNI152NLin2009cAsym_res-01_desc-brain_T1w.nii.gz
  moving image: /home/mdugre/scratch/mri-registration-rp/datasets/ds004513/derivatives/mri-registration-rp/antsBrainExtraction/sub-s003/BrainExtractionBrain.nii.gz
Dimension = 3
Number of stages = 1
Use histogram matching = false
Winsorize image intensities = true
  Lower quantile = 0.005
  Upper quantile = 0.995


Stage 1 State
   Image metric = MattesMI
     Fixed image = Image (0x3eaf530)
  RTTI typeinfo:   itk::Image<double, 3u>
  Reference Count: 2
  Modified Time: 1580
  Debug: Off
  Object Name: 
  Observers: 
    none
  Source: (none)
  Source output name: (none)
  Release Data: Off
  Data Released: False
  Global Release Data: Off
  PipelineMTime: 0
  UpdateMTime: 1189
  RealTimeStamp: 0 seconds 
  LargestPossibleRegion: 
    Dimension: 3
    Index: [0, 0, 0]
    Size: [193, 229, 193]
  BufferedRegion: 
    Dimension: 3
    Index: [0, 0, 0]
    Size: [193, 229, 193]
  RequestedRegion: 
    Dimension: 3
    Index: [0, 0, 0]
    Size: [193, 229, 193]
  Spacing: [1, 1, 1]
  Origin: [96, 132, -78]
  Direction: 
-1 0 0
0 -1 0
0 0 1

  IndexToPointMatrix: 
-1 0 0
0 -1 0
0 0 1

  PointToIndexMatrix: 
-1 0 0
0 -1 0
0 0 1

  Inverse Direction: 
-1 0 0
0 -1 0
0 0 1

  PixelContainer: 
    ImportImageContainer (0x3f6dd60)
      RTTI typeinfo:   itk::ImportImageContainer<unsigned long, double>
      Reference Count: 1
      Modified Time: 1186
      Debug: Off
      Object Name: 
      Observers: 
        none
      Pointer: 0x14589c00f010
      Container manages memory: true
      Size: 8530021
      Capacity: 8530021

     Moving image = Image (0x3f5ff60)
  RTTI typeinfo:   itk::Image<double, 3u>
  Reference Count: 2
  Modified Time: 1581
  Debug: Off
  Object Name: 
  Observers: 
    none
  Source: (none)
  Source output name: (none)
  Release Data: Off
  Data Released: False
  Global Release Data: Off
  PipelineMTime: 0
  UpdateMTime: 1578
  RealTimeStamp: 0 seconds 
  LargestPossibleRegion: 
    Dimension: 3
    Index: [0, 0, 0]
    Size: [176, 240, 256]
  BufferedRegion: 
    Dimension: 3
    Index: [0, 0, 0]
    Size: [176, 240, 256]
  RequestedRegion: 
    Dimension: 3
    Index: [0, 0, 0]
    Size: [176, 240, 256]
  Spacing: [0.999999, 1, 1]
  Origin: [93.3499, 86.9368, -128.957]
  Direction: 
-0.999513 -0.0279216 -0.0139567
0.0279189 -0.99961 0.000389866
-0.0139622 2.01492e-08 0.999903

  IndexToPointMatrix: 
-0.999512 -0.0279216 -0.0139567
0.0279189 -0.99961 0.000389866
-0.0139621 2.01492e-08 0.999903

  PointToIndexMatrix: 
-0.999514 0.0279189 -0.0139622
-0.0279216 -0.99961 2.01716e-08
-0.0139567 0.000389866 0.999903

  Inverse Direction: 
-0.999513 0.0279189 -0.0139622
-0.0279216 -0.99961 2.01716e-08
-0.0139567 0.000389866 0.999903

  PixelContainer: 
    ImportImageContainer (0x3f516d0)
      RTTI typeinfo:   itk::ImportImageContainer<unsigned long, double>
      Reference Count: 1
      Modified Time: 1575
      Debug: Off
      Object Name: 
      Observers: 
        none
      Pointer: 0x145896d8e010
      Container manages memory: true
      Size: 10813440
      Capacity: 10813440

     Weighting = 1
     Sampling strategy = regular
     Number of bins = 32
     Radius = 4
     Sampling percentage  = 0.25
   Transform = Rigid
     Gradient step = 0.1
     Update field sigma (voxel space) = 0
     Total field sigma (voxel space) = 0
     Update field time sigma = 0
     Total field time sigma  = 0
     Number of time indices = 0
     Number of time point samples = 0
Registration using 1 total stages.

Stage 0
  iterations = 1000x500x250x100
  convergence threshold = 1e-06
  convergence window size = 10
  number of levels = 4
  using the Mattes MI metric (number of bins = 32, weight = 1, use gradient filter = 0)
  preprocessing:  winsorizing the image intensities
  Shrink factors (level 1 out of 4): [8, 8, 8]
  Shrink factors (level 2 out of 4): [4, 4, 4]
  Shrink factors (level 3 out of 4): [2, 2, 2]
  Shrink factors (level 4 out of 4): [1, 1, 1]
  smoothing sigmas per level: [3, 2, 1, 0]
  regular sampling (percentage = 0.25)

*** Running Euler3DTransform registration ***

DIAGNOSTIC,Iteration,metricValue,convergenceValue,ITERATION_TIME_INDEX,SINCE_LAST
 2DIAGNOSTIC,     1, -4.871187133941e-01, 1.797693134862e+308, 7.4814e-01, 7.4814e-01, 
 2DIAGNOSTIC,     2, -4.887966556740e-01, 1.797693134862e+308, 7.5317e-01, 5.0309e-03, 
 2DIAGNOSTIC,     3, -4.919242839642e-01, 1.797693134862e+308, 7.5782e-01, 4.6430e-03, 
 2DIAGNOSTIC,     4, -5.019092629522e-01, 1.797693134862e+308, 7.6204e-01, 4.2272e-03, 
 2DIAGNOSTIC,     5, -5.198319788477e-01, 1.797693134862e+308, 7.6654e-01, 4.4911e-03, 
 2DIAGNOSTIC,     6, -5.251449584180e-01, 1.797693134862e+308, 7.7074e-01, 4.2031e-03, 
 2DIAGNOSTIC,     7, -5.365118080768e-01, 1.797693134862e+308, 7.7500e-01, 4.2579e-03, 
 2DIAGNOSTIC,     8, -5.564319077261e-01, 1.797693134862e+308, 7.8142e-01, 6.4189e-03, 
 2DIAGNOSTIC,     9, -5.572786469687e-01, 1.797693134862e+308, 7.8534e-01, 3.9270e-03, 
 2DIAGNOSTIC,    10, -5.597886110608e-01, 1.060089541986e-02, 7.9011e-01, 4.7691e-03, 
 2DIAGNOSTIC,    11, -5.645450860914e-01, 9.471656029003e-03, 7.9427e-01, 4.1602e-03, 
 2DIAGNOSTIC,    12, -5.675342641672e-01, 7.901754414630e-03, 7.9903e-01, 4.7610e-03, 
 2DIAGNOSTIC,    13, -5.685174641935e-01, 6.033280802480e-03, 8.0382e-01, 4.7882e-03, 
 2DIAGNOSTIC,    14, -5.693412095342e-01, 4.302087948769e-03, 8.0929e-01, 5.4729e-03, 
 2DIAGNOSTIC,    15, -5.718972801997e-01, 3.155204981952e-03, 8.1402e-01, 4.7300e-03, 
 2DIAGNOSTIC,    16, -5.734788767073e-01, 2.091398053251e-03, 8.1831e-01, 4.2810e-03, 
 2DIAGNOSTIC,    17, -5.737823402463e-01, 1.310029424174e-03, 8.2242e-01, 4.1130e-03, 
 2DIAGNOSTIC,    18, -5.749452616695e-01, 1.114936190119e-03, 8.2665e-01, 4.2291e-03, 
 2DIAGNOSTIC,    19, -5.774392255365e-01, 9.301256922362e-04, 8.3315e-01, 6.4981e-03, 
 2DIAGNOSTIC,    20, -5.782944999863e-01, 7.612328989556e-04, 8.3790e-01, 4.7541e-03, 
 2DIAGNOSTIC,    21, -5.788863756190e-01, 6.687985513666e-04, 8.4235e-01, 4.4539e-03, 
 2DIAGNOSTIC,    22, -5.857337703663e-01, 7.546209645936e-04, 8.4668e-01, 4.3221e-03, 
 2DIAGNOSTIC,    23, -6.028589201949e-01, 1.162232413066e-03, 8.5147e-01, 4.7941e-03, 
 2DIAGNOSTIC,    24, -6.086613823419e-01, 1.554691218823e-03, 8.5754e-01, 6.0680e-03, 
 2DIAGNOSTIC,    25, -6.127624292975e-01, 1.904928808137e-03, 8.6219e-01, 4.6480e-03, 
 2DIAGNOSTIC,    26, -6.171330101244e-01, 2.167612378827e-03, 8.6677e-01, 4.5869e-03, 
 2DIAGNOSTIC,    27, -6.180829722396e-01, 2.226134224352e-03, 8.7087e-01, 4.0948e-03, 
 2DIAGNOSTIC,    28, -6.204355227968e-01, 2.128618110933e-03, 8.7547e-01, 4.6048e-03, 
 2DIAGNOSTIC,    29, -6.216541930582e-01, 1.901236625303e-03, 8.7959e-01, 4.1149e-03, 
 2DIAGNOSTIC,    30, -6.252686867554e-01, 1.589741111337e-03, 8.8433e-01, 4.7410e-03, 
 2DIAGNOSTIC,    31, -6.305776599855e-01, 1.244379987368e-03, 8.8848e-01, 4.1530e-03, 
 2DIAGNOSTIC,    32, -6.437124293588e-01, 1.107466839959e-03, 8.9386e-01, 5.3792e-03, 
 2DIAGNOSTIC,    33, -6.470267405374e-01, 1.176393904950e-03, 8.9802e-01, 4.1630e-03, 
 2DIAGNOSTIC,    34, -6.489221352314e-01, 1.241911990341e-03, 9.0497e-01, 6.9489e-03, 
 2DIAGNOSTIC,    35, -6.509314831622e-01, 1.271899121450e-03, 9.0905e-01, 4.0751e-03, 
 2DIAGNOSTIC,    36, -6.520039184291e-01, 1.251975954893e-03, 9.1312e-01, 4.0700e-03, 
 2DIAGNOSTIC,    37, -6.528673278459e-01, 1.135505499749e-03, 9.1719e-01, 4.0691e-03, 
 2DIAGNOSTIC,    38, -6.532441840958e-01, 9.531176699064e-04, 9.2130e-01, 4.1120e-03, 
 2DIAGNOSTIC,    39, -6.541892491745e-01, 7.192690445710e-04, 9.2779e-01, 6.4900e-03, 
 2DIAGNOSTIC,    40, -6.543485218474e-01, 4.757865704738e-04, 9.3181e-01, 4.0228e-03, 
 2DIAGNOSTIC,    41, -6.543538521603e-01, 2.589741528649e-04, 9.3588e-01, 4.0679e-03, 
 2DIAGNOSTIC,    42, -6.545480971154e-01, 1.810724066225e-04, 9.4051e-01, 4.6301e-03, 
 2DIAGNOSTIC,    43, -6.547202490813e-01, 1.285518879586e-04, 9.4504e-01, 4.5352e-03, 
 2DIAGNOSTIC,    44, -6.549027329380e-01, 8.851483596613e-05, 9.4907e-01, 4.0240e-03, 
 2DIAGNOSTIC,    45, -6.550445007264e-01, 6.466171540566e-05, 9.5310e-01, 4.0290e-03, 
 2DIAGNOSTIC,    46, -6.553616736145e-01, 5.017821226342e-05, 9.5757e-01, 4.4730e-03, 
 2DIAGNOSTIC,    47, -6.558786973444e-01, 4.555377186404e-05, 9.6208e-01, 4.5052e-03, 
 2DIAGNOSTIC,    48, -6.561664493095e-01, 4.304685760160e-05, 9.6654e-01, 4.4639e-03, 
 2DIAGNOSTIC,    49, -6.562569605960e-01, 4.658457685854e-05, 9.7056e-01, 4.0181e-03, 
 2DIAGNOSTIC,    50, -6.561930016020e-01, 4.657406921264e-05, 9.7604e-01, 5.4791e-03, 
 2DIAGNOSTIC,    51, -6.562111897611e-01, 4.238266894423e-05, 9.8049e-01, 4.4570e-03, 
 2DIAGNOSTIC,    52, -6.561359413145e-01, 3.534836338662e-05, 9.8518e-01, 4.6840e-03, 
 2DIAGNOSTIC,    53, -6.560573748898e-01, 2.607220712319e-05, 9.8939e-01, 4.2100e-03, 
 2DIAGNOSTIC,    54, -6.559842345927e-01, 1.574679032229e-05, 9.9395e-01, 4.5660e-03, 
 2DIAGNOSTIC,    55, -6.558218280464e-01, 4.223537995493e-06, 9.9791e-01, 3.9608e-03, 
DIAGNOSTIC,Iteration,metricValue,convergenceValue,ITERATION_TIME_INDEX,SINCE_LAST
 2DIAGNOSTIC,     1, -5.253168987298e-01, 1.797693134862e+308, 1.7829e+00, 7.8494e-01, 
 2DIAGNOSTIC,     2, -5.259559691132e-01, 1.797693134862e+308, 1.8121e+00, 2.9194e-02, 
 2DIAGNOSTIC,     3, -5.267011487681e-01, 1.797693134862e+308, 1.8402e+00, 2.8192e-02, 
 2DIAGNOSTIC,     4, -5.275067254895e-01, 1.797693134862e+308, 1.8700e+00, 2.9722e-02, 
 2DIAGNOSTIC,     5, -5.280169138439e-01, 1.797693134862e+308, 1.8992e+00, 2.9203e-02, 
 2DIAGNOSTIC,     6, -5.283341860489e-01, 1.797693134862e+308, 1.9305e+00, 3.1286e-02, 
 2DIAGNOSTIC,     7, -5.296477099788e-01, 1.797693134862e+308, 1.9635e+00, 3.3065e-02, 
 2DIAGNOSTIC,     8, -5.317492856320e-01, 1.797693134862e+308, 2.0067e+00, 4.3180e-02, 
 2DIAGNOSTIC,     9, -5.328780465632e-01, 1.797693134862e+308, 2.0350e+00, 2.8292e-02, 
 2DIAGNOSTIC,    10, -5.334523584145e-01, 1.012182548171e-03, 2.0696e+00, 3.4605e-02, 
 2DIAGNOSTIC,    11, -5.338215713859e-01, 9.543101456270e-04, 2.1002e+00, 3.0587e-02, 
 2DIAGNOSTIC,    12, -5.339364108733e-01, 8.537123590344e-04, 2.1345e+00, 3.4324e-02, 
 2DIAGNOSTIC,    13, -5.342487224201e-01, 7.335951582212e-04, 2.1836e+00, 4.9050e-02, 
 2DIAGNOSTIC,    14, -5.342569872526e-01, 5.947727497261e-04, 2.2167e+00, 3.3112e-02, 
 2DIAGNOSTIC,    15, -5.342494796719e-01, 4.395792630822e-04, 2.2487e+00, 3.2079e-02, 
 2DIAGNOSTIC,    16, -5.342305453020e-01, 2.738818642717e-04, 2.2807e+00, 3.1903e-02, 
 2DIAGNOSTIC,    17, -5.342278699849e-01, 1.427401427280e-04, 2.3093e+00, 2.8667e-02, 
 2DIAGNOSTIC,    18, -5.342198099367e-01, 7.470741569061e-05, 2.3478e+00, 3.8485e-02, 
 2DIAGNOSTIC,    19, -5.342136125850e-01, 3.839067109796e-05, 2.3816e+00, 3.3761e-02, 
 2DIAGNOSTIC,    20, -5.342145310890e-01, 1.758717270081e-05, 2.4158e+00, 3.4187e-02, 
 2DIAGNOSTIC,    21, -5.342080740625e-01, 6.537730620544e-06, 2.4494e+00, 3.3634e-02, 
DIAGNOSTIC,Iteration,metricValue,convergenceValue,ITERATION_TIME_INDEX,SINCE_LAST
 2DIAGNOSTIC,     1, -4.721707438518e-01, 1.797693134862e+308, 3.5984e+00, 1.1490e+00, 
 2DIAGNOSTIC,     2, -4.722924610956e-01, 1.797693134862e+308, 3.8268e+00, 2.2848e-01, 
 2DIAGNOSTIC,     3, -4.724479240239e-01, 1.797693134862e+308, 4.0567e+00, 2.2986e-01, 
 2DIAGNOSTIC,     4, -4.727032950180e-01, 1.797693134862e+308, 4.2955e+00, 2.3876e-01, 
 2DIAGNOSTIC,     5, -4.730963790749e-01, 1.797693134862e+308, 4.5212e+00, 2.2572e-01, 
 2DIAGNOSTIC,     6, -4.734530161858e-01, 1.797693134862e+308, 4.7742e+00, 2.5305e-01, 
 2DIAGNOSTIC,     7, -4.748111556397e-01, 1.797693134862e+308, 5.0397e+00, 2.6544e-01, 
 2DIAGNOSTIC,     8, -4.759159824315e-01, 1.797693134862e+308, 5.4539e+00, 4.1420e-01, 
 2DIAGNOSTIC,     9, -4.769670546680e-01, 1.797693134862e+308, 5.7478e+00, 2.9398e-01, 
 2DIAGNOSTIC,    10, -4.776382678334e-01, 7.841605879260e-04, 5.9886e+00, 2.4079e-01, 
 2DIAGNOSTIC,    11, -4.779715846118e-01, 8.059417003218e-04, 6.2650e+00, 2.7639e-01, 
 2DIAGNOSTIC,    12, -4.782096476727e-01, 7.696399647097e-04, 6.6948e+00, 4.2980e-01, 
 2DIAGNOSTIC,    13, -4.782739082547e-01, 6.791008032072e-04, 6.9557e+00, 2.6089e-01, 
 2DIAGNOSTIC,    14, -4.784825614095e-01, 5.598311475047e-04, 7.2308e+00, 2.7513e-01, 
 2DIAGNOSTIC,    15, -4.785617572921e-01, 4.247501628999e-04, 7.5679e+00, 3.3706e-01, 
 2DIAGNOSTIC,    16, -4.785581235431e-01, 2.804907434696e-04, 7.8946e+00, 3.2670e-01, 
 2DIAGNOSTIC,    17, -4.785609437101e-01, 1.751599254974e-04, 8.1474e+00, 2.5279e-01, 
 2DIAGNOSTIC,    18, -4.785565437624e-01, 1.014874189398e-04, 8.4355e+00, 2.8815e-01, 
 2DIAGNOSTIC,    19, -4.785559936201e-01, 5.889180809503e-05, 8.6711e+00, 2.3553e-01, 
 2DIAGNOSTIC,    20, -4.785566605473e-01, 3.507649300112e-05, 8.9378e+00, 2.6673e-01, 
 2DIAGNOSTIC,    21, -4.785592590456e-01, 1.987938399476e-05, 9.2016e+00, 2.6377e-01, 
 2DIAGNOSTIC,    22, -4.785600230393e-01, 1.088191201498e-05, 9.4474e+00, 2.4582e-01, 
 2DIAGNOSTIC,    23, -4.785586515133e-01, 3.288857768229e-06, 9.7100e+00, 2.6258e-01, 
 2DIAGNOSTIC,    24, -4.785584989276e-01, 1.279335737417e-06, 1.0014e+01, 3.0415e-01, 
 2DIAGNOSTIC,    25, -4.785579661006e-01, 1.312947453889e-06, 1.0286e+01, 2.7150e-01, 
 2DIAGNOSTIC,    26, -4.785573434251e-01, 1.238416742717e-06, 1.0527e+01, 2.4129e-01, 
 2DIAGNOSTIC,    27, -4.785568295142e-01, 1.222036397464e-06, 1.0808e+01, 2.8079e-01, 
 2DIAGNOSTIC,    28, -4.785563618714e-01, 1.101309187658e-06, 1.1086e+01, 2.7830e-01, 
DIAGNOSTIC,Iteration,metricValue,convergenceValue,ITERATION_TIME_INDEX,SINCE_LAST
 2DIAGNOSTIC,     1, -4.445756832413e-01, 1.797693134862e+308, 1.3746e+01, 2.6595e+00, 
 2DIAGNOSTIC,     2, -4.446621470227e-01, 1.797693134862e+308, 1.5334e+01, 1.5881e+00, 
 2DIAGNOSTIC,     3, -4.446636985545e-01, 1.797693134862e+308, 1.6859e+01, 1.5258e+00, 
 2DIAGNOSTIC,     4, -4.446671440542e-01, 1.797693134862e+308, 1.8877e+01, 2.0174e+00, 
 2DIAGNOSTIC,     5, -4.446688874053e-01, 1.797693134862e+308, 2.0566e+01, 1.6890e+00, 
 2DIAGNOSTIC,     6, -4.446686986378e-01, 1.797693134862e+308, 2.2278e+01, 1.7121e+00, 
 2DIAGNOSTIC,     7, -4.446680384906e-01, 1.797693134862e+308, 2.4960e+01, 2.6823e+00, 
 2DIAGNOSTIC,     8, -4.446682537528e-01, 1.797693134862e+308, 2.6533e+01, 1.5730e+00, 
 2DIAGNOSTIC,     9, -4.446682591537e-01, 1.797693134862e+308, 2.8073e+01, 1.5402e+00, 
 2DIAGNOSTIC,    10, -4.446680003542e-01, 9.652082552936e-06, 2.9690e+01, 1.6165e+00, 
 2DIAGNOSTIC,    11, -4.446677942759e-01, 3.460335426586e-06, 3.1138e+01, 1.4484e+00, 
 2DIAGNOSTIC,    12, -4.446679462415e-01, 2.865166668198e-06, 3.2717e+01, 1.5781e+00, 
 2DIAGNOSTIC,    13, -4.446677251474e-01, 2.403052073705e-06, 3.4482e+01, 1.7655e+00, 
 2DIAGNOSTIC,    14, -4.446676638559e-01, 2.162791331695e-06, 3.5943e+01, 1.4615e+00, 
 2DIAGNOSTIC,    15, -4.446677948464e-01, 2.044744741428e-06, 3.7628e+01, 1.6846e+00, 
 2DIAGNOSTIC,    16, -4.446676855784e-01, 1.937208483696e-06, 3.9416e+01, 1.7875e+00, 
 2DIAGNOSTIC,    17, -4.446677822031e-01, 1.825540874509e-06, 4.1158e+01, 1.7421e+00, 
 2DIAGNOSTIC,    18, -4.446678435350e-01, 1.740135671661e-06, 4.3241e+01, 2.0829e+00, 
 2DIAGNOSTIC,    19, -4.446676780101e-01, 1.661061813360e-06, 4.5488e+01, 2.2479e+00, 
 2DIAGNOSTIC,    20, -4.446676788718e-01, 1.583182861559e-06, 4.7035e+01, 1.5462e+00, 
 2DIAGNOSTIC,    21, -4.446675049255e-01, 1.501592498003e-06, 4.8828e+01, 1.7936e+00, 
 2DIAGNOSTIC,    22, -4.446675060089e-01, 1.433345873450e-06, 5.0355e+01, 1.5269e+00, 
 2DIAGNOSTIC,    23, -4.446674204961e-01, 1.363652904075e-06, 5.2062e+01, 1.7073e+00, 
 2DIAGNOSTIC,    24, -4.446673349841e-01, 1.297641672178e-06, 5.3530e+01, 1.4676e+00, 
 2DIAGNOSTIC,    25, -4.446672507479e-01, 1.240920158456e-06, 5.4901e+01, 1.3713e+00, 
 2DIAGNOSTIC,    26, -4.446672560550e-01, 1.188922900394e-06, 5.6559e+01, 1.6572e+00, 
 2DIAGNOSTIC,    27, -4.446672599909e-01, 1.146285248992e-06, 5.7904e+01, 1.3458e+00, 
 2DIAGNOSTIC,    28, -4.446671793100e-01, 1.109309056398e-06, 5.9267e+01, 1.3629e+00, 
 2DIAGNOSTIC,    29, -4.446671904416e-01, 1.074061410672e-06, 6.0669e+01, 1.4021e+00, 
 2DIAGNOSTIC,    30, -4.446671217848e-01, 1.041966341063e-06, 6.2077e+01, 1.4079e+00, 
 2DIAGNOSTIC,    31, -4.446671528231e-01, 1.010704303195e-06, 6.3588e+01, 1.5108e+00, 
  Elapsed time (stage 0): 6.4481e+01


Total elapsed time: 6.4492e+01
Info [verificarlo]: loaded backend libinterflop_ieee.so
Info [interflop-ieee]: load backend with:
Info [interflop-ieee]: debug = false
Info [interflop-ieee]: debug-binary = false
Info [interflop-ieee]: no-backend-name = false
Info [interflop-ieee]: print-new-line = false
Info [interflop-ieee]: print-subnormal-normalized = false
Info [interflop-ieee]: count-op = false
All_Command_lines_OK
Using double precision for computations.
=============================================================================
The composite transform comprises the following transforms (in order): 
  1. /home/mdugre/scratch/mri-registration-rp/datasets/ds004513/derivatives/mri-registration-rp/0001/antsRegistration-r8-p21/sub-s003/rigid_Composite.h5[0] (type = Euler3DTransform)
  2. /home/mdugre/scratch/mri-registration-rp/datasets/ds004513/derivatives/mri-registration-rp/0001/antsRegistration-r8-p21/sub-s003/rigid_Composite.h5[1] (type = Euler3DTransform)
  3. /home/mdugre/scratch/mri-registration-rp/datasets/ds004513/derivatives/mri-registration-rp/0001/antsRegistration-r8-p21/sub-s003/rigid_Composite.h5[2] (type = Euler3DTransform)
=============================================================================
  number of levels = 4
  fixed image: /templateflow/tpl-MNI152NLin2009cAsym/tpl-MNI152NLin2009cAsym_res-01_desc-brain_T1w.nii.gz
  moving image: /home/mdugre/scratch/mri-registration-rp/datasets/ds004513/derivatives/mri-registration-rp/antsBrainExtraction/sub-s003/BrainExtractionBrain.nii.gz
Dimension = 3
Number of stages = 1
Use histogram matching = false
Winsorize image intensities = true
  Lower quantile = 0.005
  Upper quantile = 0.995


Stage 1 State
   Image metric = MattesMI
     Fixed image = Image (0x4ed67e0)
  RTTI typeinfo:   itk::Image<double, 3u>
  Reference Count: 2
  Modified Time: 1594
  Debug: Off
  Object Name: 
  Observers: 
    none
  Source: (none)
  Source output name: (none)
  Release Data: Off
  Data Released: False
  Global Release Data: Off
  PipelineMTime: 0
  UpdateMTime: 1203
  RealTimeStamp: 0 seconds 
  LargestPossibleRegion: 
    Dimension: 3
    Index: [0, 0, 0]
    Size: [193, 229, 193]
  BufferedRegion: 
    Dimension: 3
    Index: [0, 0, 0]
    Size: [193, 229, 193]
  RequestedRegion: 
    Dimension: 3
    Index: [0, 0, 0]
    Size: [193, 229, 193]
  Spacing: [1, 1, 1]
  Origin: [96, 132, -78]
  Direction: 
-1 0 0
0 -1 0
0 0 1

  IndexToPointMatrix: 
-1 0 0
0 -1 0
0 0 1

  PointToIndexMatrix: 
-1 0 0
0 -1 0
0 0 1

  Inverse Direction: 
-1 0 0
0 -1 0
0 0 1

  PixelContainer: 
    ImportImageContainer (0x4f96a20)
      RTTI typeinfo:   itk::ImportImageContainer<unsigned long, double>
      Reference Count: 1
      Modified Time: 1200
      Debug: Off
      Object Name: 
      Observers: 
        none
      Pointer: 0x149635acb010
      Container manages memory: true
      Size: 8530021
      Capacity: 8530021

     Moving image = Image (0x4f91d70)
  RTTI typeinfo:   itk::Image<double, 3u>
  Reference Count: 2
  Modified Time: 1595
  Debug: Off
  Object Name: 
  Observers: 
    none
  Source: (none)
  Source output name: (none)
  Release Data: Off
  Data Released: False
  Global Release Data: Off
  PipelineMTime: 0
  UpdateMTime: 1592
  RealTimeStamp: 0 seconds 
  LargestPossibleRegion: 
    Dimension: 3
    Index: [0, 0, 0]
    Size: [176, 240, 256]
  BufferedRegion: 
    Dimension: 3
    Index: [0, 0, 0]
    Size: [176, 240, 256]
  RequestedRegion: 
    Dimension: 3
    Index: [0, 0, 0]
    Size: [176, 240, 256]
  Spacing: [0.999999, 1, 1]
  Origin: [93.3499, 86.9368, -128.957]
  Direction: 
-0.999513 -0.0279216 -0.0139567
0.0279189 -0.99961 0.000389866
-0.0139622 2.01492e-08 0.999903

  IndexToPointMatrix: 
-0.999512 -0.0279216 -0.0139567
0.0279189 -0.99961 0.000389866
-0.0139621 2.01492e-08 0.999903

  PointToIndexMatrix: 
-0.999514 0.0279189 -0.0139622
-0.0279216 -0.99961 2.01716e-08
-0.0139567 0.000389866 0.999903

  Inverse Direction: 
-0.999513 0.0279189 -0.0139622
-0.0279216 -0.99961 2.01716e-08
-0.0139567 0.000389866 0.999903

  PixelContainer: 
    ImportImageContainer (0x4f49c90)
      RTTI typeinfo:   itk::ImportImageContainer<unsigned long, double>
      Reference Count: 1
      Modified Time: 1589
      Debug: Off
      Object Name: 
      Observers: 
        none
      Pointer: 0x14963084a010
      Container manages memory: true
      Size: 10813440
      Capacity: 10813440

     Weighting = 1
     Sampling strategy = regular
     Number of bins = 32
     Radius = 4
     Sampling percentage  = 0.25
   Transform = Affine
     Gradient step = 0.1
     Update field sigma (voxel space) = 0
     Total field sigma (voxel space) = 0
     Update field time sigma = 0
     Total field time sigma  = 0
     Number of time indices = 0
     Number of time point samples = 0
Registration using 1 total stages.

Stage 0
  iterations = 1000x500x250x100
  convergence threshold = 1e-06
  convergence window size = 10
  number of levels = 4
  using the Mattes MI metric (number of bins = 32, weight = 1, use gradient filter = 0)
  preprocessing:  winsorizing the image intensities
  Shrink factors (level 1 out of 4): [8, 8, 8]
  Shrink factors (level 2 out of 4): [4, 4, 4]
  Shrink factors (level 3 out of 4): [2, 2, 2]
  Shrink factors (level 4 out of 4): [1, 1, 1]
  smoothing sigmas per level: [3, 2, 1, 0]
  regular sampling (percentage = 0.25)

*** Running AffineTransform registration ***

DIAGNOSTIC,Iteration,metricValue,convergenceValue,ITERATION_TIME_INDEX,SINCE_LAST
 2DIAGNOSTIC,     1, -6.527746558510e-01, 1.797693134862e+308, 8.1079e-01, 8.1079e-01, 
 2DIAGNOSTIC,     2, -6.551764977594e-01, 1.797693134862e+308, 8.1570e-01, 4.9052e-03, 
 2DIAGNOSTIC,     3, -6.592498697838e-01, 1.797693134862e+308, 8.2038e-01, 4.6849e-03, 
 2DIAGNOSTIC,     4, -6.651617930357e-01, 1.797693134862e+308, 8.2504e-01, 4.6599e-03, 
 2DIAGNOSTIC,     5, -6.753494690946e-01, 1.797693134862e+308, 8.2972e-01, 4.6811e-03, 
 2DIAGNOSTIC,     6, -6.890881522554e-01, 1.797693134862e+308, 8.3473e-01, 5.0111e-03, 
 2DIAGNOSTIC,     7, -7.077205748328e-01, 1.797693134862e+308, 8.4037e-01, 5.6391e-03, 
 2DIAGNOSTIC,     8, -7.152581269932e-01, 1.797693134862e+308, 8.4775e-01, 7.3810e-03, 
 2DIAGNOSTIC,     9, -7.153024610839e-01, 1.797693134862e+308, 8.5333e-01, 5.5742e-03, 
 2DIAGNOSTIC,    10, -7.160511441902e-01, 7.356819441965e-03, 8.5873e-01, 5.4040e-03, 
 2DIAGNOSTIC,    11, -7.172916205200e-01, 6.336134029994e-03, 8.6408e-01, 5.3501e-03, 
 2DIAGNOSTIC,    12, -7.187922488121e-01, 5.048994877917e-03, 8.6936e-01, 5.2781e-03, 
 2DIAGNOSTIC,    13, -7.200117618694e-01, 3.678516039459e-03, 8.7483e-01, 5.4669e-03, 
 2DIAGNOSTIC,    14, -7.222229380571e-01, 2.419110132179e-03, 8.8090e-01, 6.0790e-03, 
 2DIAGNOSTIC,    15, -7.233792827885e-01, 1.419622268210e-03, 8.8765e-01, 6.7430e-03, 
 2DIAGNOSTIC,    16, -7.235435867127e-01, 7.617215553860e-04, 8.9323e-01, 5.5780e-03, 
 2DIAGNOSTIC,    17, -7.235943746618e-01, 5.556490570385e-04, 8.9832e-01, 5.0988e-03, 
 2DIAGNOSTIC,    18, -7.236906261885e-01, 4.942983304841e-04, 9.0358e-01, 5.2550e-03, 
 2DIAGNOSTIC,    19, -7.242624221279e-01, 4.065517692073e-04, 9.0899e-01, 5.4131e-03, 
 2DIAGNOSTIC,    20, -7.245688787837e-01, 3.107647096776e-04, 9.1416e-01, 5.1720e-03, 
 2DIAGNOSTIC,    21, -7.249324484967e-01, 2.264073103899e-04, 9.1997e-01, 5.8060e-03, 
 2DIAGNOSTIC,    22, -7.259279127602e-01, 1.748609254472e-04, 9.2832e-01, 8.3470e-03, 
 2DIAGNOSTIC,    23, -7.261005772394e-01, 1.348457666152e-04, 9.3346e-01, 5.1389e-03, 
 2DIAGNOSTIC,    24, -7.262252403481e-01, 1.243896166338e-04, 9.3918e-01, 5.7230e-03, 
 2DIAGNOSTIC,    25, -7.262743520284e-01, 1.226611640256e-04, 9.4550e-01, 6.3229e-03, 
 2DIAGNOSTIC,    26, -7.263146434446e-01, 1.128353809546e-04, 9.5066e-01, 5.1620e-03, 
 2DIAGNOSTIC,    27, -7.263637941198e-01, 9.461512233254e-05, 9.5646e-01, 5.7981e-03, 
 2DIAGNOSTIC,    28, -7.263208702242e-01, 6.948535720947e-05, 9.6194e-01, 5.4791e-03, 
 2DIAGNOSTIC,    29, -7.262870552062e-01, 4.725615763904e-05, 9.6710e-01, 5.1570e-03, 
 2DIAGNOSTIC,    30, -7.265323867967e-01, 2.958790709550e-05, 9.7425e-01, 7.1530e-03, 
 2DIAGNOSTIC,    31, -7.265552601600e-01, 1.493273232443e-05, 9.7945e-01, 5.1980e-03, 
 2DIAGNOSTIC,    32, -7.265811884415e-01, 1.261516023278e-05, 9.8526e-01, 5.8119e-03, 
 2DIAGNOSTIC,    33, -7.267169498854e-01, 1.309160858331e-05, 9.9193e-01, 6.6659e-03, 
 2DIAGNOSTIC,    34, -7.267059769874e-01, 1.368241864539e-05, 9.9765e-01, 5.7230e-03, 
 2DIAGNOSTIC,    35, -7.267140575971e-01, 1.364702579017e-05, 1.0036e+00, 5.9021e-03, 
 2DIAGNOSTIC,    36, -7.266811783508e-01, 1.246401235256e-05, 1.0089e+00, 5.3329e-03, 
 2DIAGNOSTIC,    37, -7.266394738351e-01, 1.037616323691e-05, 1.0146e+00, 5.6889e-03, 
 2DIAGNOSTIC,    38, -7.267797410148e-01, 8.544795868651e-06, 1.0204e+00, 5.8031e-03, 
 2DIAGNOSTIC,    39, -7.268978981876e-01, 6.816196134719e-06, 1.0270e+00, 6.6421e-03, 
 2DIAGNOSTIC,    40, -7.269042438834e-01, 7.101021643599e-06, 1.0322e+00, 5.1942e-03, 
 2DIAGNOSTIC,    41, -7.269274573232e-01, 7.265783755570e-06, 1.0381e+00, 5.9021e-03, 
 2DIAGNOSTIC,    42, -7.269481558255e-01, 7.223875287874e-06, 1.0433e+00, 5.1460e-03, 
 2DIAGNOSTIC,    43, -7.269051370763e-01, 7.396257679541e-06, 1.0486e+00, 5.3511e-03, 
 2DIAGNOSTIC,    44, -7.271180346579e-01, 8.728937879239e-06, 1.0538e+00, 5.1582e-03, 
 2DIAGNOSTIC,    45, -7.272345017242e-01, 1.029825698940e-05, 1.0590e+00, 5.1908e-03, 
 2DIAGNOSTIC,    46, -7.274942093312e-01, 1.286198918384e-05, 1.0673e+00, 8.3070e-03, 
 2DIAGNOSTIC,    47, -7.274587128864e-01, 1.345511119300e-05, 1.0728e+00, 5.5180e-03, 
 2DIAGNOSTIC,    48, -7.274683254302e-01, 1.406262541602e-05, 1.0784e+00, 5.5869e-03, 
 2DIAGNOSTIC,    49, -7.274981806579e-01, 1.456001195194e-05, 1.0835e+00, 5.1732e-03, 
 2DIAGNOSTIC,    50, -7.277011839461e-01, 1.531449674040e-05, 1.0903e+00, 6.7501e-03, 
 2DIAGNOSTIC,    51, -7.276238938601e-01, 1.415366104665e-05, 1.0960e+00, 5.7130e-03, 
 2DIAGNOSTIC,    52, -7.276320861201e-01, 1.204062515592e-05, 1.1019e+00, 5.9340e-03, 
 2DIAGNOSTIC,    53, -7.276397289760e-01, 8.659925490435e-06, 1.1073e+00, 5.3380e-03, 
 2DIAGNOSTIC,    54, -7.276592708934e-01, 6.311135520465e-06, 1.1124e+00, 5.1548e-03, 
 2DIAGNOSTIC,    55, -7.275753783419e-01, 3.653282022256e-06, 1.1187e+00, 6.2618e-03, 
 2DIAGNOSTIC,    56, -7.275805600817e-01, 2.702359567699e-06, 1.1239e+00, 5.2190e-03, 
 2DIAGNOSTIC,    57, -7.275911256160e-01, 1.426463044196e-06, 1.1291e+00, 5.1591e-03, 
DIAGNOSTIC,Iteration,metricValue,convergenceValue,ITERATION_TIME_INDEX,SINCE_LAST
 2DIAGNOSTIC,     1, -5.974855102419e-01, 1.797693134862e+308, 1.9647e+00, 8.3561e-01, 
 2DIAGNOSTIC,     2, -5.981175913754e-01, 1.797693134862e+308, 2.0256e+00, 6.0878e-02, 
 2DIAGNOSTIC,     3, -5.988783469666e-01, 1.797693134862e+308, 2.0622e+00, 3.6678e-02, 
 2DIAGNOSTIC,     4, -5.995724651443e-01, 1.797693134862e+308, 2.0990e+00, 3.6785e-02, 
 2DIAGNOSTIC,     5, -5.999484526817e-01, 1.797693134862e+308, 2.1402e+00, 4.1221e-02, 
 2DIAGNOSTIC,     6, -6.004228784539e-01, 1.797693134862e+308, 2.1814e+00, 4.1165e-02, 
 2DIAGNOSTIC,     7, -6.007292610338e-01, 1.797693134862e+308, 2.2348e+00, 5.3360e-02, 
 2DIAGNOSTIC,     8, -6.007252960780e-01, 1.797693134862e+308, 2.2764e+00, 4.1584e-02, 
 2DIAGNOSTIC,     9, -6.008017446635e-01, 1.797693134862e+308, 2.3180e+00, 4.1688e-02, 
 2DIAGNOSTIC,    10, -6.009103275096e-01, 3.673492451100e-04, 2.3546e+00, 3.6541e-02, 
 2DIAGNOSTIC,    11, -6.009855189452e-01, 2.578520468396e-04, 2.3912e+00, 3.6623e-02, 
 2DIAGNOSTIC,    12, -6.010991738781e-01, 1.726678260967e-04, 2.4280e+00, 3.6786e-02, 
 2DIAGNOSTIC,    13, -6.013958904260e-01, 1.234363982743e-04, 2.4663e+00, 3.8326e-02, 
 2DIAGNOSTIC,    14, -6.014288366640e-01, 9.459903288160e-05, 2.5162e+00, 4.9890e-02, 
 2DIAGNOSTIC,    15, -6.014294841336e-01, 7.282609433142e-05, 2.5507e+00, 3.4483e-02, 
 2DIAGNOSTIC,    16, -6.015188960341e-01, 6.384709831866e-05, 2.5845e+00, 3.3796e-02, 
 2DIAGNOSTIC,    17, -6.015797075626e-01, 6.038632281619e-05, 2.6181e+00, 3.3659e-02, 
 2DIAGNOSTIC,    18, -6.016040914144e-01, 5.228857159128e-05, 2.6542e+00, 3.6075e-02, 
 2DIAGNOSTIC,    19, -6.016712221025e-01, 4.392648151990e-05, 2.6883e+00, 3.4034e-02, 
 2DIAGNOSTIC,    20, -6.017980396128e-01, 3.811537941403e-05, 2.7340e+00, 4.5729e-02, 
 2DIAGNOSTIC,    21, -6.018082623997e-01, 3.130681581277e-05, 2.7679e+00, 3.3880e-02, 
 2DIAGNOSTIC,    22, -6.018282196841e-01, 2.505510638931e-05, 2.8184e+00, 5.0569e-02, 
 2DIAGNOSTIC,    23, -6.018373911219e-01, 2.345685919759e-05, 2.8588e+00, 4.0376e-02, 
 2DIAGNOSTIC,    24, -6.018236063635e-01, 2.031067408657e-05, 2.8999e+00, 4.1083e-02, 
 2DIAGNOSTIC,    25, -6.018156747936e-01, 1.543896547486e-05, 2.9398e+00, 3.9937e-02, 
 2DIAGNOSTIC,    26, -6.018170505669e-01, 1.124622090011e-05, 2.9799e+00, 4.0096e-02, 
 2DIAGNOSTIC,    27, -6.018088911586e-01, 7.367685933693e-06, 3.0166e+00, 3.6711e-02, 
 2DIAGNOSTIC,    28, -6.018014930434e-01, 3.465036238208e-06, 3.0541e+00, 3.7463e-02, 
DIAGNOSTIC,Iteration,metricValue,convergenceValue,ITERATION_TIME_INDEX,SINCE_LAST
 2DIAGNOSTIC,     1, -5.246117336235e-01, 1.797693134862e+308, 4.2904e+00, 1.2363e+00, 
 2DIAGNOSTIC,     2, -5.249266600676e-01, 1.797693134862e+308, 4.5731e+00, 2.8271e-01, 
 2DIAGNOSTIC,     3, -5.252411794312e-01, 1.797693134862e+308, 4.8825e+00, 3.0940e-01, 
 2DIAGNOSTIC,     4, -5.256187497220e-01, 1.797693134862e+308, 5.1926e+00, 3.1011e-01, 
 2DIAGNOSTIC,     5, -5.260852638337e-01, 1.797693134862e+308, 5.4920e+00, 2.9939e-01, 
 2DIAGNOSTIC,     6, -5.267368757399e-01, 1.797693134862e+308, 5.7942e+00, 3.0220e-01, 
 2DIAGNOSTIC,     7, -5.277264256143e-01, 1.797693134862e+308, 6.0927e+00, 2.9854e-01, 
 2DIAGNOSTIC,     8, -5.313241102046e-01, 1.797693134862e+308, 6.4875e+00, 3.9473e-01, 
 2DIAGNOSTIC,     9, -5.330176075841e-01, 1.797693134862e+308, 7.4728e+00, 9.8534e-01, 
 2DIAGNOSTIC,    10, -5.330168688003e-01, 1.125102431651e-03, 7.7963e+00, 3.2352e-01, 
 2DIAGNOSTIC,    11, -5.330161370704e-01, 1.112405500258e-03, 8.1011e+00, 3.0476e-01, 
 2DIAGNOSTIC,    12, -5.330155788826e-01, 1.016430774263e-03, 8.4131e+00, 3.1200e-01, 
 2DIAGNOSTIC,    13, -5.330158533463e-01, 8.541651856565e-04, 8.7298e+00, 3.1668e-01, 
 2DIAGNOSTIC,    14, -5.330150718784e-01, 6.511688551243e-04, 9.0365e+00, 3.0671e-01, 
 2DIAGNOSTIC,    15, -5.330142901203e-01, 4.344987545561e-04, 9.3163e+00, 2.7978e-01, 
 2DIAGNOSTIC,    16, -5.330136473551e-01, 2.287027136048e-04, 9.6359e+00, 3.1963e-01, 
 2DIAGNOSTIC,    17, -5.330138671914e-01, 5.500644773968e-05, 9.9326e+00, 2.9665e-01, 
 2DIAGNOSTIC,    18, -5.330132552367e-01, 1.495258875335e-06, 1.0248e+01, 3.1559e-01, 
 2DIAGNOSTIC,    19, -5.330134950238e-01, 1.450046937586e-06, 1.0570e+01, 3.2181e-01, 
 2DIAGNOSTIC,    20, -5.330118701978e-01, 1.368395026409e-06, 1.0848e+01, 2.7785e-01, 
 2DIAGNOSTIC,    21, -5.330124476822e-01, 1.313531734264e-06, 1.1149e+01, 3.0166e-01, 
 2DIAGNOSTIC,    22, -5.330120411659e-01, 1.258145106112e-06, 1.1497e+01, 3.4734e-01, 
 2DIAGNOSTIC,    23, -5.330116332115e-01, 1.222725991963e-06, 1.1853e+01, 3.5608e-01, 
 2DIAGNOSTIC,    24, -5.330110725032e-01, 1.176771292126e-06, 1.2160e+01, 3.0734e-01, 
 2DIAGNOSTIC,    25, -5.330098187300e-01, 1.106240242417e-06, 1.2513e+01, 3.5242e-01, 
 2DIAGNOSTIC,    26, -5.330094626139e-01, 1.036902797430e-06, 1.2835e+01, 3.2240e-01, 
 2DIAGNOSTIC,    27, -5.330105241740e-01, 1.015842595029e-06, 1.3179e+01, 3.4377e-01, 
DIAGNOSTIC,Iteration,metricValue,convergenceValue,ITERATION_TIME_INDEX,SINCE_LAST
 2DIAGNOSTIC,     1, -4.874966552745e-01, 1.797693134862e+308, 1.6287e+01, 3.1080e+00, 
 2DIAGNOSTIC,     2, -4.877537344561e-01, 1.797693134862e+308, 1.8054e+01, 1.7672e+00, 
 2DIAGNOSTIC,     3, -4.879840936925e-01, 1.797693134862e+308, 1.9740e+01, 1.6863e+00, 
 2DIAGNOSTIC,     4, -4.882450442846e-01, 1.797693134862e+308, 2.1405e+01, 1.6651e+00, 
 2DIAGNOSTIC,     5, -4.884702511311e-01, 1.797693134862e+308, 2.3182e+01, 1.7768e+00, 
 2DIAGNOSTIC,     6, -4.885832807765e-01, 1.797693134862e+308, 2.6191e+01, 3.0091e+00, 
 2DIAGNOSTIC,     7, -4.886008781489e-01, 1.797693134862e+308, 2.7969e+01, 1.7780e+00, 
 2DIAGNOSTIC,     8, -4.886295453136e-01, 1.797693134862e+308, 2.9697e+01, 1.7275e+00, 
 2DIAGNOSTIC,     9, -4.886826614812e-01, 1.797693134862e+308, 3.1397e+01, 1.7004e+00, 
 2DIAGNOSTIC,    10, -4.887360508616e-01, 1.596795416140e-04, 3.3101e+01, 1.7038e+00, 
 2DIAGNOSTIC,    11, -4.888267295424e-01, 1.147583643185e-04, 3.4885e+01, 1.7837e+00, 
 2DIAGNOSTIC,    12, -4.890210860535e-01, 8.910683837278e-05, 3.6668e+01, 1.7836e+00, 
