
##########################
# Experiment information #
##########################

EXPERIMENT_NAME: antsRegistration-r7-p22
VFC_BACKENDS: libinterflop_vprec.so --range-binary32=7 --precision-binary32=22 --range-binary64=7 --precision-binary64=22

SIF_IMG: /home/mdugre/projects/rrg-glatard/mdugre/containers/ants-vprec-no_metrics.simg

SUBJECT_ID: s032
INPUT_IMG: /home/mdugre/scratch/mri-registration-rp/datasets/ds004513/derivatives/mri-registration-rp/antsBrainExtraction/sub-s032/BrainExtractionBrain.nii.gz
OUTPUT_DIR: /home/mdugre/scratch/mri-registration-rp/datasets/ds004513/derivatives/mri-registration-rp/0001/antsRegistration-r7-p22/sub-s032

FIXED_IMG: /templateflow/tpl-MNI152NLin2009cAsym/tpl-MNI152NLin2009cAsym_res-01_desc-brain_T1w.nii.gz
DATA_DIR: /home/mdugre/scratch/mri-registration-rp/datasets/ds004513
TEMPLATEFLOW_DIR: /home/mdugre/projects/rrg-glatard/mdugre/templateflow
ITK_GLOBAL_DEFAULT_NUMBER_OF_THREADS: 16
##########################

Info [verificarlo]: loaded backend libinterflop_ieee.so
Info [interflop-ieee]: load backend with:
Info [interflop-ieee]: debug = false
Info [interflop-ieee]: debug-binary = false
Info [interflop-ieee]: no-backend-name = false
Info [interflop-ieee]: print-new-line = false
Info [interflop-ieee]: print-subnormal-normalized = false
Info [interflop-ieee]: count-op = false
All_Command_lines_OK
Using double precision for computations.
=============================================================================
The composite transform comprises the following transforms (in order): 
  1. Center of mass alignment using fixed image: /templateflow/tpl-MNI152NLin2009cAsym/tpl-MNI152NLin2009cAsym_res-01_desc-brain_T1w.nii.gz and moving image: /home/mdugre/scratch/mri-registration-rp/datasets/ds004513/derivatives/mri-registration-rp/antsBrainExtraction/sub-s032/BrainExtractionBrain.nii.gz (type = Euler3DTransform)
=============================================================================
  number of levels = 1
  fixed image: /templateflow/tpl-MNI152NLin2009cAsym/tpl-MNI152NLin2009cAsym_res-01_desc-brain_T1w.nii.gz
  moving image: /home/mdugre/scratch/mri-registration-rp/datasets/ds004513/derivatives/mri-registration-rp/antsBrainExtraction/sub-s032/BrainExtractionBrain.nii.gz
Dimension = 3
Number of stages = 1
Use histogram matching = false
Winsorize image intensities = true
  Lower quantile = 0.005
  Upper quantile = 0.995


Stage 1 State
   Image metric = MattesMI
     Fixed image = Image (0x3469e70)
  RTTI typeinfo:   itk::Image<double, 3u>
  Reference Count: 2
  Modified Time: 2330
  Debug: Off
  Object Name: 
  Observers: 
    none
  Source: (none)
  Source output name: (none)
  Release Data: Off
  Data Released: False
  Global Release Data: Off
  PipelineMTime: 0
  UpdateMTime: 1941
  RealTimeStamp: 0 seconds 
  LargestPossibleRegion: 
    Dimension: 3
    Index: [0, 0, 0]
    Size: [193, 229, 193]
  BufferedRegion: 
    Dimension: 3
    Index: [0, 0, 0]
    Size: [193, 229, 193]
  RequestedRegion: 
    Dimension: 3
    Index: [0, 0, 0]
    Size: [193, 229, 193]
  Spacing: [1, 1, 1]
  Origin: [96, 132, -78]
  Direction: 
-1 0 0
0 -1 0
0 0 1

  IndexToPointMatrix: 
-1 0 0
0 -1 0
0 0 1

  PointToIndexMatrix: 
-1 0 0
0 -1 0
0 0 1

  Inverse Direction: 
-1 0 0
0 -1 0
0 0 1

  PixelContainer: 
    ImportImageContainer (0x3472c60)
      RTTI typeinfo:   itk::ImportImageContainer<unsigned long, double>
      Reference Count: 1
      Modified Time: 1938
      Debug: Off
      Object Name: 
      Observers: 
        none
      Pointer: 0x146d55f3d010
      Container manages memory: true
      Size: 8530021
      Capacity: 8530021

     Moving image = Image (0x3506ec0)
  RTTI typeinfo:   itk::Image<double, 3u>
  Reference Count: 2
  Modified Time: 2331
  Debug: Off
  Object Name: 
  Observers: 
    none
  Source: (none)
  Source output name: (none)
  Release Data: Off
  Data Released: False
  Global Release Data: Off
  PipelineMTime: 0
  UpdateMTime: 2328
  RealTimeStamp: 0 seconds 
  LargestPossibleRegion: 
    Dimension: 3
    Index: [0, 0, 0]
    Size: [160, 240, 256]
  BufferedRegion: 
    Dimension: 3
    Index: [0, 0, 0]
    Size: [160, 240, 256]
  RequestedRegion: 
    Dimension: 3
    Index: [0, 0, 0]
    Size: [160, 240, 256]
  Spacing: [1, 1, 1]
  Origin: [73.279, 104.707, -131.187]
  Direction: 
-0.997527 0.0645574 -0.0278053
-0.0645323 -0.997914 -0.00179875
-0.0278634 4.01097e-08 0.999612

  IndexToPointMatrix: 
-0.997527 0.0645574 -0.0278053
-0.0645323 -0.997914 -0.00179875
-0.0278634 4.01097e-08 0.999612

  PointToIndexMatrix: 
-0.997527 -0.0645323 -0.0278634
0.0645574 -0.997914 4.01049e-08
-0.0278053 -0.00179875 0.999612

  Inverse Direction: 
-0.997527 -0.0645323 -0.0278634
0.0645574 -0.997914 4.01049e-08
-0.0278053 -0.00179875 0.999612

  PixelContainer: 
    ImportImageContainer (0x359e610)
      RTTI typeinfo:   itk::ImportImageContainer<unsigned long, double>
      Reference Count: 1
      Modified Time: 2325
      Debug: Off
      Object Name: 
      Observers: 
        none
      Pointer: 0x146d5143c010
      Container manages memory: true
      Size: 9830400
      Capacity: 9830400

     Weighting = 1
     Sampling strategy = regular
     Number of bins = 32
     Radius = 4
     Sampling percentage  = 0.25
   Transform = Rigid
     Gradient step = 0.1
     Update field sigma (voxel space) = 0
     Total field sigma (voxel space) = 0
     Update field time sigma = 0
     Total field time sigma  = 0
     Number of time indices = 0
     Number of time point samples = 0
Registration using 1 total stages.

Stage 0
  iterations = 0
  convergence threshold = 1e-06
  convergence window size = 10
  number of levels = 1
  using the Mattes MI metric (number of bins = 32, weight = 1, use gradient filter = 0)
  preprocessing:  winsorizing the image intensities
  Shrink factors (level 1 out of 1): [1, 1, 1]
  smoothing sigmas per level: [0]
  regular sampling (percentage = 0.25)

*** Running Euler3DTransform registration ***

  Elapsed time (stage 0): 1.08112


Total elapsed time: 1.08331
Info [verificarlo]: loaded backend libinterflop_ieee.so
Info [interflop-ieee]: load backend with:
Info [interflop-ieee]: debug = false
Info [interflop-ieee]: debug-binary = false
Info [interflop-ieee]: no-backend-name = false
Info [interflop-ieee]: print-new-line = false
Info [interflop-ieee]: print-subnormal-normalized = false
Info [interflop-ieee]: count-op = false
All_Command_lines_OK
Using double precision for computations.
=============================================================================
The composite transform comprises the following transforms (in order): 
  1. /home/mdugre/scratch/mri-registration-rp/datasets/ds004513/derivatives/mri-registration-rp/0001/antsRegistration-r7-p22/sub-s032/align_Composite.h5[0] (type = Euler3DTransform)
  2. /home/mdugre/scratch/mri-registration-rp/datasets/ds004513/derivatives/mri-registration-rp/0001/antsRegistration-r7-p22/sub-s032/align_Composite.h5[1] (type = Euler3DTransform)
=============================================================================
  number of levels = 4
  fixed image: /templateflow/tpl-MNI152NLin2009cAsym/tpl-MNI152NLin2009cAsym_res-01_desc-brain_T1w.nii.gz
  moving image: /home/mdugre/scratch/mri-registration-rp/datasets/ds004513/derivatives/mri-registration-rp/antsBrainExtraction/sub-s032/BrainExtractionBrain.nii.gz
Dimension = 3
Number of stages = 1
Use histogram matching = false
Winsorize image intensities = true
  Lower quantile = 0.005
  Upper quantile = 0.995


Stage 1 State
   Image metric = MattesMI
     Fixed image = Image (0x44bd530)
  RTTI typeinfo:   itk::Image<double, 3u>
  Reference Count: 2
  Modified Time: 1578
  Debug: Off
  Object Name: 
  Observers: 
    none
  Source: (none)
  Source output name: (none)
  Release Data: Off
  Data Released: False
  Global Release Data: Off
  PipelineMTime: 0
  UpdateMTime: 1189
  RealTimeStamp: 0 seconds 
  LargestPossibleRegion: 
    Dimension: 3
    Index: [0, 0, 0]
    Size: [193, 229, 193]
  BufferedRegion: 
    Dimension: 3
    Index: [0, 0, 0]
    Size: [193, 229, 193]
  RequestedRegion: 
    Dimension: 3
    Index: [0, 0, 0]
    Size: [193, 229, 193]
  Spacing: [1, 1, 1]
  Origin: [96, 132, -78]
  Direction: 
-1 0 0
0 -1 0
0 0 1

  IndexToPointMatrix: 
-1 0 0
0 -1 0
0 0 1

  PointToIndexMatrix: 
-1 0 0
0 -1 0
0 0 1

  Inverse Direction: 
-1 0 0
0 -1 0
0 0 1

  PixelContainer: 
    ImportImageContainer (0x457bd60)
      RTTI typeinfo:   itk::ImportImageContainer<unsigned long, double>
      Reference Count: 1
      Modified Time: 1186
      Debug: Off
      Object Name: 
      Observers: 
        none
      Pointer: 0x14735cff0010
      Container manages memory: true
      Size: 8530021
      Capacity: 8530021

     Moving image = Image (0x456df60)
  RTTI typeinfo:   itk::Image<double, 3u>
  Reference Count: 2
  Modified Time: 1579
  Debug: Off
  Object Name: 
  Observers: 
    none
  Source: (none)
  Source output name: (none)
  Release Data: Off
  Data Released: False
  Global Release Data: Off
  PipelineMTime: 0
  UpdateMTime: 1576
  RealTimeStamp: 0 seconds 
  LargestPossibleRegion: 
    Dimension: 3
    Index: [0, 0, 0]
    Size: [160, 240, 256]
  BufferedRegion: 
    Dimension: 3
    Index: [0, 0, 0]
    Size: [160, 240, 256]
  RequestedRegion: 
    Dimension: 3
    Index: [0, 0, 0]
    Size: [160, 240, 256]
  Spacing: [1, 1, 1]
  Origin: [73.279, 104.707, -131.187]
  Direction: 
-0.997527 0.0645574 -0.0278053
-0.0645323 -0.997914 -0.00179875
-0.0278634 4.01097e-08 0.999612

  IndexToPointMatrix: 
-0.997527 0.0645574 -0.0278053
-0.0645323 -0.997914 -0.00179875
-0.0278634 4.01097e-08 0.999612

  PointToIndexMatrix: 
-0.997527 -0.0645323 -0.0278634
0.0645574 -0.997914 4.01049e-08
-0.0278053 -0.00179875 0.999612

  Inverse Direction: 
-0.997527 -0.0645323 -0.0278634
0.0645574 -0.997914 4.01049e-08
-0.0278053 -0.00179875 0.999612

  PixelContainer: 
    ImportImageContainer (0x455f6d0)
      RTTI typeinfo:   itk::ImportImageContainer<unsigned long, double>
      Reference Count: 1
      Modified Time: 1573
      Debug: Off
      Object Name: 
      Observers: 
        none
      Pointer: 0x1473584ef010
      Container manages memory: true
      Size: 9830400
      Capacity: 9830400

     Weighting = 1
     Sampling strategy = regular
     Number of bins = 32
     Radius = 4
     Sampling percentage  = 0.25
   Transform = Rigid
     Gradient step = 0.1
     Update field sigma (voxel space) = 0
     Total field sigma (voxel space) = 0
     Update field time sigma = 0
     Total field time sigma  = 0
     Number of time indices = 0
     Number of time point samples = 0
Registration using 1 total stages.

Stage 0
  iterations = 1000x500x250x100
  convergence threshold = 1e-06
  convergence window size = 10
  number of levels = 4
  using the Mattes MI metric (number of bins = 32, weight = 1, use gradient filter = 0)
  preprocessing:  winsorizing the image intensities
  Shrink factors (level 1 out of 4): [8, 8, 8]
  Shrink factors (level 2 out of 4): [4, 4, 4]
  Shrink factors (level 3 out of 4): [2, 2, 2]
  Shrink factors (level 4 out of 4): [1, 1, 1]
  smoothing sigmas per level: [3, 2, 1, 0]
  regular sampling (percentage = 0.25)

*** Running Euler3DTransform registration ***

DIAGNOSTIC,Iteration,metricValue,convergenceValue,ITERATION_TIME_INDEX,SINCE_LAST
 2DIAGNOSTIC,     1, -5.480496989617e-01, 1.797693134862e+308, 6.6128e-01, 6.6128e-01, 
 2DIAGNOSTIC,     2, -5.506811078454e-01, 1.797693134862e+308, 6.6536e-01, 4.0791e-03, 
 2DIAGNOSTIC,     3, -5.546514955662e-01, 1.797693134862e+308, 6.6922e-01, 3.8610e-03, 
 2DIAGNOSTIC,     4, -5.606863537750e-01, 1.797693134862e+308, 6.7301e-01, 3.7920e-03, 
 2DIAGNOSTIC,     5, -5.693661845193e-01, 1.797693134862e+308, 6.7717e-01, 4.1580e-03, 
 2DIAGNOSTIC,     6, -5.854078830086e-01, 1.797693134862e+308, 6.8142e-01, 4.2460e-03, 
 2DIAGNOSTIC,     7, -6.232769732918e-01, 1.797693134862e+308, 6.8585e-01, 4.4270e-03, 
 2DIAGNOSTIC,     8, -6.297683730473e-01, 1.797693134862e+308, 6.9051e-01, 4.6599e-03, 
 2DIAGNOSTIC,     9, -6.366738733405e-01, 1.797693134862e+308, 6.9813e-01, 7.6270e-03, 
 2DIAGNOSTIC,    10, -6.375630690827e-01, 1.201760866083e-02, 7.0303e-01, 4.9019e-03, 
 2DIAGNOSTIC,    11, -6.405337628679e-01, 1.087684809450e-02, 7.0804e-01, 5.0061e-03, 
 2DIAGNOSTIC,    12, -6.435528997438e-01, 9.167753354490e-03, 7.1388e-01, 5.8379e-03, 
 2DIAGNOSTIC,    13, -6.444720921444e-01, 7.089498731847e-03, 7.1818e-01, 4.2992e-03, 
 2DIAGNOSTIC,    14, -6.463616611293e-01, 4.967892496988e-03, 7.2292e-01, 4.7390e-03, 
 2DIAGNOSTIC,    15, -6.484646963404e-01, 3.033020789043e-03, 7.3058e-01, 7.6649e-03, 
 2DIAGNOSTIC,    16, -6.486009987994e-01, 1.520386367320e-03, 7.3480e-01, 4.2200e-03, 
 2DIAGNOSTIC,    17, -6.493699344760e-01, 1.108203205204e-03, 7.3894e-01, 4.1389e-03, 
 2DIAGNOSTIC,    18, -6.514578195065e-01, 8.586162135985e-04, 7.4321e-01, 4.2682e-03, 
 2DIAGNOSTIC,    19, -6.526592717406e-01, 7.533650369803e-04, 7.4808e-01, 4.8752e-03, 
 2DIAGNOSTIC,    20, -6.536191777189e-01, 6.303067369292e-04, 7.5256e-01, 4.4742e-03, 
 2DIAGNOSTIC,    21, -6.549162298979e-01, 5.534292205379e-04, 7.5746e-01, 4.9062e-03, 
 2DIAGNOSTIC,    22, -6.562385790832e-01, 5.226986103232e-04, 7.6292e-01, 5.4600e-03, 
 2DIAGNOSTIC,    23, -6.565000058113e-01, 4.680180012235e-04, 7.6761e-01, 4.6890e-03, 
 2DIAGNOSTIC,    24, -6.565387353854e-01, 4.101063704205e-04, 7.7279e-01, 5.1758e-03, 
 2DIAGNOSTIC,    25, -6.567702146893e-01, 3.618032093028e-04, 7.7773e-01, 4.9429e-03, 
 2DIAGNOSTIC,    26, -6.583507212369e-01, 3.132611037340e-04, 7.8244e-01, 4.7131e-03, 
 2DIAGNOSTIC,    27, -6.586527568469e-01, 2.554116018356e-04, 7.8709e-01, 4.6451e-03, 
 2DIAGNOSTIC,    28, -6.593310437738e-01, 2.225767143846e-04, 7.9295e-01, 5.8591e-03, 
 2DIAGNOSTIC,    29, -6.595734041655e-01, 1.939316665341e-04, 7.9785e-01, 4.9009e-03, 
 2DIAGNOSTIC,    30, -6.595955819569e-01, 1.634946778530e-04, 8.0267e-01, 4.8161e-03, 
 2DIAGNOSTIC,    31, -6.596949967568e-01, 1.392755860926e-04, 8.0700e-01, 4.3361e-03, 
 2DIAGNOSTIC,    32, -6.597157295313e-01, 1.221677497608e-04, 8.1192e-01, 4.9231e-03, 
 2DIAGNOSTIC,    33, -6.597001423846e-01, 9.820426863034e-05, 8.1892e-01, 6.9971e-03, 
 2DIAGNOSTIC,    34, -6.595254449704e-01, 6.486903007272e-05, 8.2304e-01, 4.1208e-03, 
 2DIAGNOSTIC,    35, -6.595295822812e-01, 3.010817890510e-05, 8.2727e-01, 4.2241e-03, 
 2DIAGNOSTIC,    36, -6.595351297937e-01, 1.424396566486e-05, 8.3185e-01, 4.5810e-03, 
 2DIAGNOSTIC,    37, -6.595409535782e-01, 1.474135174599e-06, 8.3641e-01, 4.5660e-03, 
DIAGNOSTIC,Iteration,metricValue,convergenceValue,ITERATION_TIME_INDEX,SINCE_LAST
 2DIAGNOSTIC,     1, -5.183739626511e-01, 1.797693134862e+308, 1.5036e+00, 6.6722e-01, 
 2DIAGNOSTIC,     2, -5.189226238267e-01, 1.797693134862e+308, 1.5301e+00, 2.6494e-02, 
 2DIAGNOSTIC,     3, -5.196899327330e-01, 1.797693134862e+308, 1.5565e+00, 2.6359e-02, 
 2DIAGNOSTIC,     4, -5.204463662981e-01, 1.797693134862e+308, 1.5828e+00, 2.6306e-02, 
 2DIAGNOSTIC,     5, -5.209979485275e-01, 1.797693134862e+308, 1.6093e+00, 2.6524e-02, 
 2DIAGNOSTIC,     6, -5.216357744159e-01, 1.797693134862e+308, 1.6425e+00, 3.3166e-02, 
 2DIAGNOSTIC,     7, -5.233753714821e-01, 1.797693134862e+308, 1.6784e+00, 3.5960e-02, 
 2DIAGNOSTIC,     8, -5.241119131308e-01, 1.797693134862e+308, 1.7193e+00, 4.0844e-02, 
 2DIAGNOSTIC,     9, -5.247293428663e-01, 1.797693134862e+308, 1.7607e+00, 4.1437e-02, 
 2DIAGNOSTIC,    10, -5.250028240790e-01, 8.899807883152e-04, 1.7945e+00, 3.3742e-02, 
 2DIAGNOSTIC,    11, -5.255570911658e-01, 7.959217773597e-04, 1.8317e+00, 3.7193e-02, 
 2DIAGNOSTIC,    12, -5.289098581378e-01, 8.211614606544e-04, 1.8659e+00, 3.4252e-02, 
 2DIAGNOSTIC,    13, -5.295596037731e-01, 8.231568956098e-04, 1.9002e+00, 3.4246e-02, 
 2DIAGNOSTIC,    14, -5.295253589309e-01, 7.798186613971e-04, 1.9308e+00, 3.0677e-02, 
 2DIAGNOSTIC,    15, -5.301734598918e-01, 7.172059957520e-04, 1.9615e+00, 3.0626e-02, 
 2DIAGNOSTIC,    16, -5.312974387243e-01, 6.544534441183e-04, 1.9943e+00, 3.2818e-02, 
 2DIAGNOSTIC,    17, -5.330531471882e-01, 6.473157045272e-04, 2.0473e+00, 5.3009e-02, 
 2DIAGNOSTIC,    18, -5.331722644441e-01, 6.054617895914e-04, 2.0749e+00, 2.7645e-02, 
 2DIAGNOSTIC,    19, -5.334118343662e-01, 5.389667771621e-04, 2.1005e+00, 2.5543e-02, 
 2DIAGNOSTIC,    20, -5.338315232833e-01, 4.491895805009e-04, 2.1289e+00, 2.8406e-02, 
 2DIAGNOSTIC,    21, -5.362206155884e-01, 3.987741014132e-04, 2.1701e+00, 4.1200e-02, 
 2DIAGNOSTIC,    22, -5.366127322257e-01, 4.052115596135e-04, 2.2009e+00, 3.0774e-02, 
 2DIAGNOSTIC,    23, -5.369761764594e-01, 3.980347743859e-04, 2.2313e+00, 3.0409e-02, 
 2DIAGNOSTIC,    24, -5.377730660496e-01, 3.725329055505e-04, 2.2614e+00, 3.0090e-02, 
 2DIAGNOSTIC,    25, -5.385440776345e-01, 3.439659480335e-04, 2.3005e+00, 3.9148e-02, 
 2DIAGNOSTIC,    26, -5.387538291720e-01, 3.110320173150e-04, 2.3281e+00, 2.7625e-02, 
 2DIAGNOSTIC,    27, -5.392239753211e-01, 2.957952156477e-04, 2.3593e+00, 3.1203e-02, 
 2DIAGNOSTIC,    28, -5.402812168196e-01, 2.769639729781e-04, 2.3945e+00, 3.5212e-02, 
 2DIAGNOSTIC,    29, -5.406168512868e-01, 2.437668975368e-04, 2.4204e+00, 2.5876e-02, 
 2DIAGNOSTIC,    30, -5.407164215641e-01, 1.980304351316e-04, 2.4469e+00, 2.6492e-02, 
 2DIAGNOSTIC,    31, -5.409399838206e-01, 1.820819660367e-04, 2.4719e+00, 2.4947e-02, 
 2DIAGNOSTIC,    32, -5.415365222954e-01, 1.665220797033e-04, 2.4997e+00, 2.7884e-02, 
 2DIAGNOSTIC,    33, -5.460889938012e-01, 2.151416368269e-04, 2.5312e+00, 3.1411e-02, 
 2DIAGNOSTIC,    34, -5.494478938841e-01, 3.035362745013e-04, 2.5705e+00, 3.9325e-02, 
 2DIAGNOSTIC,    35, -5.499552023181e-01, 3.771964265034e-04, 2.6041e+00, 3.3672e-02, 
 2DIAGNOSTIC,    36, -5.503853170565e-01, 4.218111057512e-04, 2.6353e+00, 3.1202e-02, 
 2DIAGNOSTIC,    37, -5.508256738291e-01, 4.369545547347e-04, 2.6639e+00, 2.8504e-02, 
 2DIAGNOSTIC,    38, -5.513070554124e-01, 4.299807380999e-04, 2.6910e+00, 2.7116e-02, 
 2DIAGNOSTIC,    39, -5.520846908820e-01, 3.967554918861e-04, 2.7219e+00, 3.0957e-02, 
 2DIAGNOSTIC,    40, -5.525002536885e-01, 3.349243280944e-04, 2.7689e+00, 4.6986e-02, 
 2DIAGNOSTIC,    41, -5.525121615885e-01, 2.485246137982e-04, 2.8014e+00, 3.2526e-02, 
 2DIAGNOSTIC,    42, -5.528767406050e-01, 1.539173265452e-04, 2.8296e+00, 2.8136e-02, 
 2DIAGNOSTIC,    43, -5.532328014714e-01, 1.085106949851e-04, 2.8613e+00, 3.1699e-02, 
 2DIAGNOSTIC,    44, -5.537746924415e-01, 1.016047449857e-04, 2.8893e+00, 2.7982e-02, 
 2DIAGNOSTIC,    45, -5.542149602627e-01, 9.635003773260e-05, 2.9172e+00, 2.7969e-02, 
 2DIAGNOSTIC,    46, -5.546834447479e-01, 9.254625753274e-05, 2.9586e+00, 4.1423e-02, 
 2DIAGNOSTIC,    47, -5.555264073319e-01, 9.450232104341e-05, 2.9990e+00, 4.0334e-02, 
 2DIAGNOSTIC,    48, -5.555311332502e-01, 9.232905861378e-05, 3.0272e+00, 2.8222e-02, 
 2DIAGNOSTIC,    49, -5.557521179106e-01, 9.222454444004e-05, 3.0552e+00, 2.7970e-02, 
 2DIAGNOSTIC,    50, -5.558242479169e-01, 8.856278806578e-05, 3.0839e+00, 2.8756e-02, 
 2DIAGNOSTIC,    51, -5.562276249363e-01, 8.081846118833e-05, 3.1133e+00, 2.9361e-02, 
 2DIAGNOSTIC,    52, -5.566969252346e-01, 7.394300919896e-05, 3.1495e+00, 3.6168e-02, 
 2DIAGNOSTIC,    53, -5.569497518221e-01, 6.621186927590e-05, 3.1818e+00, 3.2386e-02, 
 2DIAGNOSTIC,    54, -5.573830287258e-01, 6.205910349870e-05, 3.2152e+00, 3.3384e-02, 
 2DIAGNOSTIC,    55, -5.587496643226e-01, 6.935557205286e-05, 3.2519e+00, 3.6628e-02, 
 2DIAGNOSTIC,    56, -5.593467086599e-01, 7.922422939795e-05, 3.2886e+00, 3.6745e-02, 
 2DIAGNOSTIC,    57, -5.604758178706e-01, 9.934714093723e-05, 3.3177e+00, 2.9057e-02, 
 2DIAGNOSTIC,    58, -5.624208948290e-01, 1.268139878102e-04, 3.3468e+00, 2.9138e-02, 
 2DIAGNOSTIC,    59, -5.643435498661e-01, 1.599152785633e-04, 3.3755e+00, 2.8658e-02, 
 2DIAGNOSTIC,    60, -5.646810369717e-01, 1.797615419212e-04, 3.4045e+00, 2.9067e-02, 
 2DIAGNOSTIC,    61, -5.653713172649e-01, 1.912781922992e-04, 3.4412e+00, 3.6645e-02, 
 2DIAGNOSTIC,    62, -5.656391931196e-01, 1.903474132000e-04, 3.4738e+00, 3.2672e-02, 
 2DIAGNOSTIC,    63, -5.657743780601e-01, 1.742058697758e-04, 3.5068e+00, 3.2980e-02, 
 2DIAGNOSTIC,    64, -5.659757751154e-01, 1.467000068388e-04, 3.5398e+00, 3.2932e-02, 
 2DIAGNOSTIC,    65, -5.660642060505e-01, 1.178011291836e-04, 3.5678e+00, 2.8059e-02, 
 2DIAGNOSTIC,    66, -5.664583665554e-01, 8.644336756015e-05, 3.6059e+00, 3.8042e-02, 
 2DIAGNOSTIC,    67, -5.666976231836e-01, 5.811325293904e-05, 3.6574e+00, 5.1513e-02, 
 2DIAGNOSTIC,    68, -5.666917003655e-01, 3.962683423759e-05, 3.6919e+00, 3.4534e-02, 
 2DIAGNOSTIC,    69, -5.666975286234e-01, 3.255273760856e-05, 3.7188e+00, 2.6888e-02, 
 2DIAGNOSTIC,    70, -5.666969890317e-01, 2.499729457114e-05, 3.7494e+00, 3.0656e-02, 
 2DIAGNOSTIC,    71, -5.667104129552e-01, 2.037978656444e-05, 3.7804e+00, 3.0914e-02, 
 2DIAGNOSTIC,    72, -5.667237381615e-01, 1.596541630304e-05, 3.8104e+00, 3.0049e-02, 
 2DIAGNOSTIC,    73, -5.667383345593e-01, 1.125282125561e-05, 3.8479e+00, 3.7540e-02, 
 2DIAGNOSTIC,    74, -5.667422428842e-01, 7.114630568485e-06, 3.8820e+00, 3.4081e-02, 
 2DIAGNOSTIC,    75, -5.667425840166e-01, 3.004801825612e-06, 3.9141e+00, 3.2113e-02, 
 2DIAGNOSTIC,    76, -5.667533167970e-01, 1.478922066004e-06, 3.9447e+00, 3.0512e-02, 
 2DIAGNOSTIC,    77, -5.667565502884e-01, 1.525296146826e-06, 3.9748e+00, 3.0143e-02, 
 2DIAGNOSTIC,    78, -5.667565504134e-01, 1.423611882911e-06, 4.0090e+00, 3.4180e-02, 
 2DIAGNOSTIC,    79, -5.667527811862e-01, 1.244596133924e-06, 4.0419e+00, 3.2899e-02, 
DIAGNOSTIC,Iteration,metricValue,convergenceValue,ITERATION_TIME_INDEX,SINCE_LAST
 2DIAGNOSTIC,     1, -5.015773342655e-01, 1.797693134862e+308, 5.0820e+00, 1.0401e+00, 
 2DIAGNOSTIC,     2, -5.017275942402e-01, 1.797693134862e+308, 5.2917e+00, 2.0966e-01, 
 2DIAGNOSTIC,     3, -5.018888166924e-01, 1.797693134862e+308, 5.5121e+00, 2.2046e-01, 
 2DIAGNOSTIC,     4, -5.020032131031e-01, 1.797693134862e+308, 5.6915e+00, 1.7935e-01, 
 2DIAGNOSTIC,     5, -5.020483887884e-01, 1.797693134862e+308, 5.8806e+00, 1.8913e-01, 
 2DIAGNOSTIC,     6, -5.021422662156e-01, 1.797693134862e+308, 6.1360e+00, 2.5539e-01, 
 2DIAGNOSTIC,     7, -5.021586549095e-01, 1.797693134862e+308, 6.3741e+00, 2.3816e-01, 
 2DIAGNOSTIC,     8, -5.021709716146e-01, 1.797693134862e+308, 6.5887e+00, 2.1451e-01, 
 2DIAGNOSTIC,     9, -5.021759999229e-01, 1.797693134862e+308, 6.8055e+00, 2.1688e-01, 
 2DIAGNOSTIC,    10, -5.021799437920e-01, 7.567777190996e-05, 7.0164e+00, 2.1089e-01, 
 2DIAGNOSTIC,    11, -5.021997460375e-01, 4.960929536682e-05, 7.2418e+00, 2.2542e-01, 
 2DIAGNOSTIC,    12, -5.022852403801e-01, 3.464877010553e-05, 7.5165e+00, 2.7462e-01, 
 2DIAGNOSTIC,    13, -5.022841983456e-01, 2.591868203734e-05, 7.7992e+00, 2.8277e-01, 
 2DIAGNOSTIC,    14, -5.022846825346e-01, 2.100367305809e-05, 8.0622e+00, 2.6302e-01, 
 2DIAGNOSTIC,    15, -5.022836297209e-01, 1.665832981855e-05, 8.2685e+00, 2.0621e-01, 
 2DIAGNOSTIC,    16, -5.022837171825e-01, 1.481600706459e-05, 8.5035e+00, 2.3508e-01, 
 2DIAGNOSTIC,    17, -5.022817355864e-01, 1.243113899854e-05, 8.7199e+00, 2.1642e-01, 
 2DIAGNOSTIC,    18, -5.022805412854e-01, 9.684400480124e-06, 8.9314e+00, 2.1147e-01, 
 2DIAGNOSTIC,    19, -5.022808707130e-01, 6.698508955377e-06, 9.1555e+00, 2.2413e-01, 
 2DIAGNOSTIC,    20, -5.022804403242e-01, 3.655368558821e-06, 9.3684e+00, 2.1289e-01, 
 2DIAGNOSTIC,    21, -5.022798674930e-01, 1.162053278735e-06, 9.5611e+00, 1.9266e-01, 
 2DIAGNOSTIC,    22, -5.022801787859e-01, 1.137778934714e-06, 9.7774e+00, 2.1626e-01, 
 2DIAGNOSTIC,    23, -5.022804653710e-01, 1.125356580041e-06, 9.9620e+00, 1.8469e-01, 
 2DIAGNOSTIC,    24, -5.022793258163e-01, 1.122365067281e-06, 1.0150e+01, 1.8838e-01, 
 2DIAGNOSTIC,    25, -5.022810511155e-01, 1.154007673282e-06, 1.0379e+01, 2.2829e-01, 
 2DIAGNOSTIC,    26, -5.022809358582e-01, 1.193761717547e-06, 1.0614e+01, 2.3489e-01, 
 2DIAGNOSTIC,    27, -5.022806478847e-01, 1.186501200443e-06, 1.0820e+01, 2.0621e-01, 
 2DIAGNOSTIC,    28, -5.022807051029e-01, 1.156198230941e-06, 1.1026e+01, 2.0604e-01, 
 2DIAGNOSTIC,    29, -5.022832755007e-01, 1.182990933032e-06, 1.1219e+01, 1.9348e-01, 
 2DIAGNOSTIC,    30, -5.022852105978e-01, 1.226807674885e-06, 1.1435e+01, 2.1589e-01, 
 2DIAGNOSTIC,    31, -5.022870770643e-01, 1.274742264530e-06, 1.1646e+01, 2.1098e-01, 
 2DIAGNOSTIC,    32, -5.022880835223e-01, 1.319852795896e-06, 1.1842e+01, 1.9531e-01, 
 2DIAGNOSTIC,    33, -5.022892637403e-01, 1.357652399579e-06, 1.2025e+01, 1.8320e-01, 
 2DIAGNOSTIC,    34, -5.022969737389e-01, 1.463600296913e-06, 1.2251e+01, 2.2670e-01, 
 2DIAGNOSTIC,    35, -5.023008048331e-01, 1.599322468210e-06, 1.2464e+01, 2.1265e-01, 
 2DIAGNOSTIC,    36, -5.023030571219e-01, 1.695620804189e-06, 1.2674e+01, 2.1012e-01, 
 2DIAGNOSTIC,    37, -5.022998670074e-01, 1.658392302796e-06, 1.2880e+01, 2.0607e-01, 
 2DIAGNOSTIC,    38, -5.023040465827e-01, 1.611777103398e-06, 1.3067e+01, 1.8700e-01, 
 2DIAGNOSTIC,    39, -5.023056274356e-01, 1.549811914182e-06, 1.3247e+01, 1.8010e-01, 
 2DIAGNOSTIC,    40, -5.023075998225e-01, 1.473802416666e-06, 1.3458e+01, 2.1064e-01, 
 2DIAGNOSTIC,    41, -5.023092563697e-01, 1.386788372262e-06, 1.3663e+01, 2.0548e-01, 
 2DIAGNOSTIC,    42, -5.023109184883e-01, 1.283617405985e-06, 1.3876e+01, 2.1212e-01, 
 2DIAGNOSTIC,    43, -5.023087690278e-01, 1.119620760718e-06, 1.4172e+01, 2.9667e-01, 
 2DIAGNOSTIC,    44, -5.023083379806e-01, 1.019420718392e-06, 1.4364e+01, 1.9200e-01, 
DIAGNOSTIC,Iteration,metricValue,convergenceValue,ITERATION_TIME_INDEX,SINCE_LAST
 2DIAGNOSTIC,     1, -4.668966036926e-01, 1.797693134862e+308, 1.6743e+01, 2.3791e+00, 
 2DIAGNOSTIC,     2, -4.670223492135e-01, 1.797693134862e+308, 1.8277e+01, 1.5337e+00, 
 2DIAGNOSTIC,     3, -4.670280196750e-01, 1.797693134862e+308, 2.0808e+01, 2.5309e+00, 
 2DIAGNOSTIC,     4, -4.670282842027e-01, 1.797693134862e+308, 2.2556e+01, 1.7481e+00, 
 2DIAGNOSTIC,     5, -4.670284882278e-01, 1.797693134862e+308, 2.4209e+01, 1.6529e+00, 
 2DIAGNOSTIC,     6, -4.670284073904e-01, 1.797693134862e+308, 2.5575e+01, 1.3657e+00, 
 2DIAGNOSTIC,     7, -4.670282432294e-01, 1.797693134862e+308, 2.7071e+01, 1.4962e+00, 
 2DIAGNOSTIC,     8, -4.670280793776e-01, 1.797693134862e+308, 2.8410e+01, 1.3386e+00, 
 2DIAGNOSTIC,     9, -4.670280185055e-01, 1.797693134862e+308, 2.9875e+01, 1.4658e+00, 
 2DIAGNOSTIC,    10, -4.670280405013e-01, 1.148187043218e-05, 3.1370e+01, 1.4948e+00, 
 2DIAGNOSTIC,    11, -4.670279655418e-01, 3.181233736355e-06, 3.2807e+01, 1.4368e+00, 
 2DIAGNOSTIC,    12, -4.670278850423e-01, 2.603423906788e-06, 3.4229e+01, 1.4220e+00, 
 2DIAGNOSTIC,    13, -4.670278999599e-01, 2.384893104224e-06, 3.5505e+01, 1.2758e+00, 
 2DIAGNOSTIC,    14, -4.670278344170e-01, 2.211410772043e-06, 3.6948e+01, 1.4430e+00, 
 2DIAGNOSTIC,    15, -4.670283240048e-01, 2.094688697662e-06, 3.8521e+01, 1.5736e+00, 
 2DIAGNOSTIC,    16, -4.670283710741e-01, 1.993227589522e-06, 3.9826e+01, 1.3046e+00, 
 2DIAGNOSTIC,    17, -4.670278167942e-01, 1.877855026401e-06, 4.1781e+01, 1.9552e+00, 
 2DIAGNOSTIC,    18, -4.670277435416e-01, 1.767532856370e-06, 4.3201e+01, 1.4199e+00, 
 2DIAGNOSTIC,    19, -4.670275791031e-01, 1.661341980493e-06, 4.4657e+01, 1.4561e+00, 
 2DIAGNOSTIC,    20, -4.670276043513e-01, 1.568041093948e-06, 4.6079e+01, 1.4218e+00, 
 2DIAGNOSTIC,    21, -4.670276210106e-01, 1.483942925797e-06, 4.7584e+01, 1.5048e+00, 
 2DIAGNOSTIC,    22, -4.670274498366e-01, 1.403777280314e-06, 4.9062e+01, 1.4778e+00, 
 2DIAGNOSTIC,    23, -4.670272783839e-01, 1.330860586339e-06, 5.0385e+01, 1.3230e+00, 
 2DIAGNOSTIC,    24, -4.670272050280e-01, 1.264974148180e-06, 5.1686e+01, 1.3013e+00, 
 2DIAGNOSTIC,    25, -4.670272340878e-01, 1.222371917818e-06, 5.3127e+01, 1.4415e+00, 
 2DIAGNOSTIC,    26, -4.670273499992e-01, 1.191757077336e-06, 5.4554e+01, 1.4269e+00, 
 2DIAGNOSTIC,    27, -4.670272749362e-01, 1.152208806296e-06, 5.5963e+01, 1.4083e+00, 
 2DIAGNOSTIC,    28, -4.670272104911e-01, 1.115225354502e-06, 5.7392e+01, 1.4291e+00, 
 2DIAGNOSTIC,    29, -4.670274229315e-01, 1.083796057691e-06, 5.8710e+01, 1.3181e+00, 
 2DIAGNOSTIC,    30, -4.670272919381e-01, 1.053271232412e-06, 5.9990e+01, 1.2797e+00, 
 2DIAGNOSTIC,    31, -4.670273744800e-01, 1.027432711249e-06, 6.1295e+01, 1.3050e+00, 
 2DIAGNOSTIC,    32, -4.670276854068e-01, 1.005840696650e-06, 6.3044e+01, 1.7495e+00, 
  Elapsed time (stage 0): 6.3807e+01


Total elapsed time: 6.3810e+01
Info [verificarlo]: loaded backend libinterflop_ieee.so
Info [interflop-ieee]: load backend with:
Info [interflop-ieee]: debug = false
Info [interflop-ieee]: debug-binary = false
Info [interflop-ieee]: no-backend-name = false
Info [interflop-ieee]: print-new-line = false
Info [interflop-ieee]: print-subnormal-normalized = false
Info [interflop-ieee]: count-op = false
All_Command_lines_OK
Using double precision for computations.
=============================================================================
The composite transform comprises the following transforms (in order): 
  1. /home/mdugre/scratch/mri-registration-rp/datasets/ds004513/derivatives/mri-registration-rp/0001/antsRegistration-r7-p22/sub-s032/rigid_Composite.h5[0] (type = Euler3DTransform)
  2. /home/mdugre/scratch/mri-registration-rp/datasets/ds004513/derivatives/mri-registration-rp/0001/antsRegistration-r7-p22/sub-s032/rigid_Composite.h5[1] (type = Euler3DTransform)
  3. /home/mdugre/scratch/mri-registration-rp/datasets/ds004513/derivatives/mri-registration-rp/0001/antsRegistration-r7-p22/sub-s032/rigid_Composite.h5[2] (type = Euler3DTransform)
=============================================================================
  number of levels = 4
  fixed image: /templateflow/tpl-MNI152NLin2009cAsym/tpl-MNI152NLin2009cAsym_res-01_desc-brain_T1w.nii.gz
  moving image: /home/mdugre/scratch/mri-registration-rp/datasets/ds004513/derivatives/mri-registration-rp/antsBrainExtraction/sub-s032/BrainExtractionBrain.nii.gz
Dimension = 3
Number of stages = 1
Use histogram matching = false
Winsorize image intensities = true
  Lower quantile = 0.005
  Upper quantile = 0.995


Stage 1 State
   Image metric = MattesMI
     Fixed image = Image (0x4ea77e0)
  RTTI typeinfo:   itk::Image<double, 3u>
  Reference Count: 2
  Modified Time: 1592
  Debug: Off
  Object Name: 
  Observers: 
    none
  Source: (none)
  Source output name: (none)
  Release Data: Off
  Data Released: False
  Global Release Data: Off
  PipelineMTime: 0
  UpdateMTime: 1203
  RealTimeStamp: 0 seconds 
  LargestPossibleRegion: 
    Dimension: 3
    Index: [0, 0, 0]
    Size: [193, 229, 193]
  BufferedRegion: 
    Dimension: 3
    Index: [0, 0, 0]
    Size: [193, 229, 193]
  RequestedRegion: 
    Dimension: 3
    Index: [0, 0, 0]
    Size: [193, 229, 193]
  Spacing: [1, 1, 1]
  Origin: [96, 132, -78]
  Direction: 
-1 0 0
0 -1 0
0 0 1

  IndexToPointMatrix: 
-1 0 0
0 -1 0
0 0 1

  PointToIndexMatrix: 
-1 0 0
0 -1 0
0 0 1

  Inverse Direction: 
-1 0 0
0 -1 0
0 0 1

  PixelContainer: 
    ImportImageContainer (0x4f67a20)
      RTTI typeinfo:   itk::ImportImageContainer<unsigned long, double>
      Reference Count: 1
      Modified Time: 1200
      Debug: Off
      Object Name: 
      Observers: 
        none
      Pointer: 0x146b37631010
      Container manages memory: true
      Size: 8530021
      Capacity: 8530021

     Moving image = Image (0x4f62d70)
  RTTI typeinfo:   itk::Image<double, 3u>
  Reference Count: 2
  Modified Time: 1593
  Debug: Off
  Object Name: 
  Observers: 
    none
  Source: (none)
  Source output name: (none)
  Release Data: Off
  Data Released: False
  Global Release Data: Off
  PipelineMTime: 0
  UpdateMTime: 1590
  RealTimeStamp: 0 seconds 
  LargestPossibleRegion: 
    Dimension: 3
    Index: [0, 0, 0]
    Size: [160, 240, 256]
  BufferedRegion: 
    Dimension: 3
    Index: [0, 0, 0]
    Size: [160, 240, 256]
  RequestedRegion: 
    Dimension: 3
    Index: [0, 0, 0]
    Size: [160, 240, 256]
  Spacing: [1, 1, 1]
  Origin: [73.279, 104.707, -131.187]
  Direction: 
-0.997527 0.0645574 -0.0278053
-0.0645323 -0.997914 -0.00179875
-0.0278634 4.01097e-08 0.999612

  IndexToPointMatrix: 
-0.997527 0.0645574 -0.0278053
-0.0645323 -0.997914 -0.00179875
-0.0278634 4.01097e-08 0.999612

  PointToIndexMatrix: 
-0.997527 -0.0645323 -0.0278634
0.0645574 -0.997914 4.01049e-08
-0.0278053 -0.00179875 0.999612

  Inverse Direction: 
-0.997527 -0.0645323 -0.0278634
0.0645574 -0.997914 4.01049e-08
-0.0278053 -0.00179875 0.999612

  PixelContainer: 
    ImportImageContainer (0x4f1ac90)
      RTTI typeinfo:   itk::ImportImageContainer<unsigned long, double>
      Reference Count: 1
      Modified Time: 1587
      Debug: Off
      Object Name: 
      Observers: 
        none
      Pointer: 0x146b32b30010
      Container manages memory: true
      Size: 9830400
      Capacity: 9830400

     Weighting = 1
     Sampling strategy = regular
     Number of bins = 32
     Radius = 4
     Sampling percentage  = 0.25
   Transform = Affine
     Gradient step = 0.1
     Update field sigma (voxel space) = 0
     Total field sigma (voxel space) = 0
     Update field time sigma = 0
     Total field time sigma  = 0
     Number of time indices = 0
     Number of time point samples = 0
Registration using 1 total stages.

Stage 0
  iterations = 1000x500x250x100
  convergence threshold = 1e-06
  convergence window size = 10
  number of levels = 4
  using the Mattes MI metric (number of bins = 32, weight = 1, use gradient filter = 0)
  preprocessing:  winsorizing the image intensities
  Shrink factors (level 1 out of 4): [8, 8, 8]
  Shrink factors (level 2 out of 4): [4, 4, 4]
  Shrink factors (level 3 out of 4): [2, 2, 2]
  Shrink factors (level 4 out of 4): [1, 1, 1]
  smoothing sigmas per level: [3, 2, 1, 0]
  regular sampling (percentage = 0.25)

*** Running AffineTransform registration ***

DIAGNOSTIC,Iteration,metricValue,convergenceValue,ITERATION_TIME_INDEX,SINCE_LAST
 2DIAGNOSTIC,     1, -6.836498477933e-01, 1.797693134862e+308, 6.8458e-01, 6.8458e-01, 
 2DIAGNOSTIC,     2, -6.852429233819e-01, 1.797693134862e+308, 6.8898e-01, 4.3941e-03, 
 2DIAGNOSTIC,     3, -6.879280878134e-01, 1.797693134862e+308, 6.9299e-01, 4.0150e-03, 
 2DIAGNOSTIC,     4, -6.925798187891e-01, 1.797693134862e+308, 6.9721e-01, 4.2231e-03, 
 2DIAGNOSTIC,     5, -7.009448423880e-01, 1.797693134862e+308, 7.0119e-01, 3.9749e-03, 
 2DIAGNOSTIC,     6, -7.095823740178e-01, 1.797693134862e+308, 7.0556e-01, 4.3702e-03, 
 2DIAGNOSTIC,     7, -7.218900937975e-01, 1.797693134862e+308, 7.1076e-01, 5.1999e-03, 
 2DIAGNOSTIC,     8, -7.267421123663e-01, 1.797693134862e+308, 7.1532e-01, 4.5629e-03, 
 2DIAGNOSTIC,     9, -7.275713119301e-01, 1.797693134862e+308, 7.1955e-01, 4.2241e-03, 
 2DIAGNOSTIC,    10, -7.291818775458e-01, 5.026331800250e-03, 7.2446e-01, 4.9109e-03, 
 2DIAGNOSTIC,    11, -7.325245738101e-01, 4.448251026037e-03, 7.3149e-01, 7.0379e-03, 
 2DIAGNOSTIC,    12, -7.330438318954e-01, 3.635285788919e-03, 7.3582e-01, 4.3240e-03, 
 2DIAGNOSTIC,    13, -7.350377888245e-01, 2.767611236161e-03, 7.4036e-01, 4.5440e-03, 
 2DIAGNOSTIC,    14, -7.355846979113e-01, 1.925384208167e-03, 7.4457e-01, 4.2112e-03, 
 2DIAGNOSTIC,    15, -7.356753432742e-01, 1.245927795876e-03, 7.4965e-01, 5.0762e-03, 
 2DIAGNOSTIC,    16, -7.356547388777e-01, 7.455651402791e-04, 7.5385e-01, 4.2019e-03, 
 2DIAGNOSTIC,    17, -7.356405364210e-01, 5.205286478833e-04, 7.5806e-01, 4.2050e-03, 
 2DIAGNOSTIC,    18, -7.357432772160e-01, 3.823236253949e-04, 7.6282e-01, 4.7679e-03, 
 2DIAGNOSTIC,    19, -7.360032919043e-01, 2.460180973552e-04, 7.6715e-01, 4.3280e-03, 
 2DIAGNOSTIC,    20, -7.365545293921e-01, 1.422453792195e-04, 7.7288e-01, 5.7271e-03, 
 2DIAGNOSTIC,    21, -7.370063765324e-01, 1.067745987824e-04, 7.7781e-01, 4.9291e-03, 
 2DIAGNOSTIC,    22, -7.369545041903e-01, 7.222181395765e-05, 7.8328e-01, 5.4722e-03, 
 2DIAGNOSTIC,    23, -7.370850331122e-01, 7.040208664934e-05, 7.8765e-01, 4.3690e-03, 
 2DIAGNOSTIC,    24, -7.371357908308e-01, 7.194325618372e-05, 7.9189e-01, 4.2431e-03, 
 2DIAGNOSTIC,    25, -7.373282184142e-01, 7.101197510705e-05, 7.9629e-01, 4.4019e-03, 
 2DIAGNOSTIC,    26, -7.377269327994e-01, 6.920734279548e-05, 8.0111e-01, 4.8170e-03, 
 2DIAGNOSTIC,    27, -7.378521839313e-01, 6.274737302206e-05, 8.0745e-01, 6.3391e-03, 
 2DIAGNOSTIC,    28, -7.378865125070e-01, 5.299430441402e-05, 8.1227e-01, 4.8151e-03, 
 2DIAGNOSTIC,    29, -7.378939371856e-01, 4.255775852027e-05, 8.1707e-01, 4.8010e-03, 
 2DIAGNOSTIC,    30, -7.378005034580e-01, 3.469794182036e-05, 8.2138e-01, 4.3130e-03, 
 2DIAGNOSTIC,    31, -7.377093702932e-01, 2.871367726873e-05, 8.2568e-01, 4.2989e-03, 
 2DIAGNOSTIC,    32, -7.376212699448e-01, 1.875224590172e-05, 8.2996e-01, 4.2791e-03, 
 2DIAGNOSTIC,    33, -7.376338197211e-01, 9.488057388075e-06, 8.3459e-01, 4.6329e-03, 
DIAGNOSTIC,Iteration,metricValue,convergenceValue,ITERATION_TIME_INDEX,SINCE_LAST
 2DIAGNOSTIC,     1, -5.948272016907e-01, 1.797693134862e+308, 1.4972e+00, 6.6257e-01, 
 2DIAGNOSTIC,     2, -5.948583712370e-01, 1.797693134862e+308, 1.5362e+00, 3.9091e-02, 
 2DIAGNOSTIC,     3, -5.949030563765e-01, 1.797693134862e+308, 1.5730e+00, 3.6800e-02, 
 2DIAGNOSTIC,     4, -5.949153112125e-01, 1.797693134862e+308, 1.6051e+00, 3.2036e-02, 
 2DIAGNOSTIC,     5, -5.949090419988e-01, 1.797693134862e+308, 1.6523e+00, 4.7220e-02, 
 2DIAGNOSTIC,     6, -5.949151264191e-01, 1.797693134862e+308, 1.6963e+00, 4.3996e-02, 
 2DIAGNOSTIC,     7, -5.949229866925e-01, 1.797693134862e+308, 1.7303e+00, 3.3987e-02, 
 2DIAGNOSTIC,     8, -5.949166711605e-01, 1.797693134862e+308, 1.7699e+00, 3.9580e-02, 
 2DIAGNOSTIC,     9, -5.949036237481e-01, 1.797693134862e+308, 1.8048e+00, 3.4894e-02, 
 2DIAGNOSTIC,    10, -5.949012354813e-01, 9.282482471062e-06, 1.8448e+00, 4.0011e-02, 
 2DIAGNOSTIC,    11, -5.948950031152e-01, 4.268362792686e-06, 1.8819e+00, 3.7105e-02, 
DIAGNOSTIC,Iteration,metricValue,convergenceValue,ITERATION_TIME_INDEX,SINCE_LAST
 2DIAGNOSTIC,     1, -5.305928980061e-01, 1.797693134862e+308, 2.8473e+00, 9.6545e-01, 
 2DIAGNOSTIC,     2, -5.309790820459e-01, 1.797693134862e+308, 3.0727e+00, 2.2542e-01, 
 2DIAGNOSTIC,     3, -5.315840658183e-01, 1.797693134862e+308, 3.2947e+00, 2.2193e-01, 
 2DIAGNOSTIC,     4, -5.324369960387e-01, 1.797693134862e+308, 3.5357e+00, 2.4107e-01, 
 2DIAGNOSTIC,     5, -5.335177574760e-01, 1.797693134862e+308, 3.7512e+00, 2.1549e-01, 
 2DIAGNOSTIC,     6, -5.346508038592e-01, 1.797693134862e+308, 3.9707e+00, 2.1948e-01, 
 2DIAGNOSTIC,     7, -5.370247643847e-01, 1.797693134862e+308, 4.2613e+00, 2.9056e-01, 
 2DIAGNOSTIC,     8, -5.380459247310e-01, 1.797693134862e+308, 4.6268e+00, 3.6553e-01, 
 2DIAGNOSTIC,     9, -5.381372057048e-01, 1.797693134862e+308, 4.8456e+00, 2.1875e-01, 
 2DIAGNOSTIC,    10, -5.387069134412e-01, 1.132081367865e-03, 5.0721e+00, 2.2654e-01, 
 2DIAGNOSTIC,    11, -5.389855134497e-01, 1.004443199340e-03, 5.2940e+00, 2.2190e-01, 
 2DIAGNOSTIC,    12, -5.395767341619e-01, 8.499986887253e-04, 5.5114e+00, 2.1741e-01, 
 2DIAGNOSTIC,    13, -5.405407172769e-01, 7.059944070233e-04, 5.7550e+00, 2.4361e-01, 
 2DIAGNOSTIC,    14, -5.427424475424e-01, 6.342795112608e-04, 6.0665e+00, 3.1149e-01, 
 2DIAGNOSTIC,    15, -5.440605389894e-01, 5.977649816826e-04, 6.5582e+00, 4.9171e-01, 
 2DIAGNOSTIC,    16, -5.440578200018e-01, 5.467286439556e-04, 6.7843e+00, 2.2604e-01, 
 2DIAGNOSTIC,    17, -5.440729390474e-01, 5.265177548655e-04, 7.0204e+00, 2.3614e-01, 
 2DIAGNOSTIC,    18, -5.440964834765e-01, 4.908938218302e-04, 7.2423e+00, 2.2188e-01, 
 2DIAGNOSTIC,    19, -5.441323054187e-01, 4.159153561600e-04, 7.4693e+00, 2.2699e-01, 
 2DIAGNOSTIC,    20, -5.441888626874e-01, 3.261370585864e-04, 7.7067e+00, 2.3744e-01, 
 2DIAGNOSTIC,    21, -5.442632068589e-01, 2.242617315268e-04, 7.9333e+00, 2.2660e-01, 
 2DIAGNOSTIC,    22, -5.443350649192e-01, 1.272976838078e-04, 8.1533e+00, 2.1993e-01, 
 2DIAGNOSTIC,    23, -5.444124705102e-01, 4.983060459787e-05, 8.3881e+00, 2.3484e-01, 
 2DIAGNOSTIC,    24, -5.444767323821e-01, 2.322347556525e-05, 8.6495e+00, 2.6144e-01, 
