
##########################
# Experiment information #
##########################

EXPERIMENT_NAME: antsRegistration-r7-p15
VFC_BACKENDS: libinterflop_vprec.so --range-binary32=7 --precision-binary32=15 --range-binary64=7 --precision-binary64=15

SIF_IMG: /home/mdugre/projects/rrg-glatard/mdugre/containers/ants-vprec-no_metrics.simg

SUBJECT_ID: s033
INPUT_IMG: /home/mdugre/scratch/mri-registration-rp/datasets/ds004513/derivatives/mri-registration-rp/antsBrainExtraction/sub-s033/BrainExtractionBrain.nii.gz
OUTPUT_DIR: /home/mdugre/scratch/mri-registration-rp/datasets/ds004513/derivatives/mri-registration-rp/0001/antsRegistration-r7-p15/sub-s033

FIXED_IMG: /templateflow/tpl-MNI152NLin2009cAsym/tpl-MNI152NLin2009cAsym_res-01_desc-brain_T1w.nii.gz
DATA_DIR: /home/mdugre/scratch/mri-registration-rp/datasets/ds004513
TEMPLATEFLOW_DIR: /home/mdugre/projects/rrg-glatard/mdugre/templateflow
ITK_GLOBAL_DEFAULT_NUMBER_OF_THREADS: 16
##########################

Info [verificarlo]: loaded backend libinterflop_ieee.so
Info [interflop-ieee]: load backend with:
Info [interflop-ieee]: debug = false
Info [interflop-ieee]: debug-binary = false
Info [interflop-ieee]: no-backend-name = false
Info [interflop-ieee]: print-new-line = false
Info [interflop-ieee]: print-subnormal-normalized = false
Info [interflop-ieee]: count-op = false
All_Command_lines_OK
Using double precision for computations.
=============================================================================
The composite transform comprises the following transforms (in order): 
  1. Center of mass alignment using fixed image: /templateflow/tpl-MNI152NLin2009cAsym/tpl-MNI152NLin2009cAsym_res-01_desc-brain_T1w.nii.gz and moving image: /home/mdugre/scratch/mri-registration-rp/datasets/ds004513/derivatives/mri-registration-rp/antsBrainExtraction/sub-s033/BrainExtractionBrain.nii.gz (type = Euler3DTransform)
=============================================================================
  number of levels = 1
  fixed image: /templateflow/tpl-MNI152NLin2009cAsym/tpl-MNI152NLin2009cAsym_res-01_desc-brain_T1w.nii.gz
  moving image: /home/mdugre/scratch/mri-registration-rp/datasets/ds004513/derivatives/mri-registration-rp/antsBrainExtraction/sub-s033/BrainExtractionBrain.nii.gz
Dimension = 3
Number of stages = 1
Use histogram matching = false
Winsorize image intensities = true
  Lower quantile = 0.005
  Upper quantile = 0.995


Stage 1 State
   Image metric = MattesMI
     Fixed image = Image (0x3762e70)
  RTTI typeinfo:   itk::Image<double, 3u>
  Reference Count: 2
  Modified Time: 2330
  Debug: Off
  Object Name: 
  Observers: 
    none
  Source: (none)
  Source output name: (none)
  Release Data: Off
  Data Released: False
  Global Release Data: Off
  PipelineMTime: 0
  UpdateMTime: 1941
  RealTimeStamp: 0 seconds 
  LargestPossibleRegion: 
    Dimension: 3
    Index: [0, 0, 0]
    Size: [193, 229, 193]
  BufferedRegion: 
    Dimension: 3
    Index: [0, 0, 0]
    Size: [193, 229, 193]
  RequestedRegion: 
    Dimension: 3
    Index: [0, 0, 0]
    Size: [193, 229, 193]
  Spacing: [1, 1, 1]
  Origin: [96, 132, -78]
  Direction: 
-1 0 0
0 -1 0
0 0 1

  IndexToPointMatrix: 
-1 0 0
0 -1 0
0 0 1

  PointToIndexMatrix: 
-1 0 0
0 -1 0
0 0 1

  Inverse Direction: 
-1 0 0
0 -1 0
0 0 1

  PixelContainer: 
    ImportImageContainer (0x376bc60)
      RTTI typeinfo:   itk::ImportImageContainer<unsigned long, double>
      Reference Count: 1
      Modified Time: 1938
      Debug: Off
      Object Name: 
      Observers: 
        none
      Pointer: 0x1490cf80b010
      Container manages memory: true
      Size: 8530021
      Capacity: 8530021

     Moving image = Image (0x3765540)
  RTTI typeinfo:   itk::Image<double, 3u>
  Reference Count: 2
  Modified Time: 2331
  Debug: Off
  Object Name: 
  Observers: 
    none
  Source: (none)
  Source output name: (none)
  Release Data: Off
  Data Released: False
  Global Release Data: Off
  PipelineMTime: 0
  UpdateMTime: 2328
  RealTimeStamp: 0 seconds 
  LargestPossibleRegion: 
    Dimension: 3
    Index: [0, 0, 0]
    Size: [160, 240, 256]
  BufferedRegion: 
    Dimension: 3
    Index: [0, 0, 0]
    Size: [160, 240, 256]
  RequestedRegion: 
    Dimension: 3
    Index: [0, 0, 0]
    Size: [160, 240, 256]
  Spacing: [1, 1, 1]
  Origin: [91.5134, 94.282, -109.927]
  Direction: 
-0.99591 -0.0698718 -0.0572835
0.0697565 -0.997556 0.00401236
-0.0574239 5.01125e-08 0.99835

  IndexToPointMatrix: 
-0.99591 -0.0698718 -0.0572835
0.0697565 -0.997556 0.00401236
-0.0574239 5.01125e-08 0.99835

  PointToIndexMatrix: 
-0.99591 0.0697565 -0.0574239
-0.0698718 -0.997556 5.01483e-08
-0.0572835 0.00401236 0.99835

  Inverse Direction: 
-0.99591 0.0697565 -0.0574239
-0.0698718 -0.997556 5.01483e-08
-0.0572835 0.00401236 0.99835

  PixelContainer: 
    ImportImageContainer (0x3877610)
      RTTI typeinfo:   itk::ImportImageContainer<unsigned long, double>
      Reference Count: 1
      Modified Time: 2325
      Debug: Off
      Object Name: 
      Observers: 
        none
      Pointer: 0x1490cad0a010
      Container manages memory: true
      Size: 9830400
      Capacity: 9830400

     Weighting = 1
     Sampling strategy = regular
     Number of bins = 32
     Radius = 4
     Sampling percentage  = 0.25
   Transform = Rigid
     Gradient step = 0.1
     Update field sigma (voxel space) = 0
     Total field sigma (voxel space) = 0
     Update field time sigma = 0
     Total field time sigma  = 0
     Number of time indices = 0
     Number of time point samples = 0
Registration using 1 total stages.

Stage 0
  iterations = 0
  convergence threshold = 1e-06
  convergence window size = 10
  number of levels = 1
  using the Mattes MI metric (number of bins = 32, weight = 1, use gradient filter = 0)
  preprocessing:  winsorizing the image intensities
  Shrink factors (level 1 out of 1): [1, 1, 1]
  smoothing sigmas per level: [0]
  regular sampling (percentage = 0.25)

*** Running Euler3DTransform registration ***

  Elapsed time (stage 0): 1.09103


Total elapsed time: 1.09319
Info [verificarlo]: loaded backend libinterflop_ieee.so
Info [interflop-ieee]: load backend with:
Info [interflop-ieee]: debug = false
Info [interflop-ieee]: debug-binary = false
Info [interflop-ieee]: no-backend-name = false
Info [interflop-ieee]: print-new-line = false
Info [interflop-ieee]: print-subnormal-normalized = false
Info [interflop-ieee]: count-op = false
All_Command_lines_OK
Using double precision for computations.
=============================================================================
The composite transform comprises the following transforms (in order): 
  1. /home/mdugre/scratch/mri-registration-rp/datasets/ds004513/derivatives/mri-registration-rp/0001/antsRegistration-r7-p15/sub-s033/align_Composite.h5[0] (type = Euler3DTransform)
  2. /home/mdugre/scratch/mri-registration-rp/datasets/ds004513/derivatives/mri-registration-rp/0001/antsRegistration-r7-p15/sub-s033/align_Composite.h5[1] (type = Euler3DTransform)
=============================================================================
  number of levels = 4
  fixed image: /templateflow/tpl-MNI152NLin2009cAsym/tpl-MNI152NLin2009cAsym_res-01_desc-brain_T1w.nii.gz
  moving image: /home/mdugre/scratch/mri-registration-rp/datasets/ds004513/derivatives/mri-registration-rp/antsBrainExtraction/sub-s033/BrainExtractionBrain.nii.gz
Dimension = 3
Number of stages = 1
Use histogram matching = false
Winsorize image intensities = true
  Lower quantile = 0.005
  Upper quantile = 0.995


Stage 1 State
   Image metric = MattesMI
     Fixed image = Image (0x4dbf530)
  RTTI typeinfo:   itk::Image<double, 3u>
  Reference Count: 2
  Modified Time: 1578
  Debug: Off
  Object Name: 
  Observers: 
    none
  Source: (none)
  Source output name: (none)
  Release Data: Off
  Data Released: False
  Global Release Data: Off
  PipelineMTime: 0
  UpdateMTime: 1189
  RealTimeStamp: 0 seconds 
  LargestPossibleRegion: 
    Dimension: 3
    Index: [0, 0, 0]
    Size: [193, 229, 193]
  BufferedRegion: 
    Dimension: 3
    Index: [0, 0, 0]
    Size: [193, 229, 193]
  RequestedRegion: 
    Dimension: 3
    Index: [0, 0, 0]
    Size: [193, 229, 193]
  Spacing: [1, 1, 1]
  Origin: [96, 132, -78]
  Direction: 
-1 0 0
0 -1 0
0 0 1

  IndexToPointMatrix: 
-1 0 0
0 -1 0
0 0 1

  PointToIndexMatrix: 
-1 0 0
0 -1 0
0 0 1

  Inverse Direction: 
-1 0 0
0 -1 0
0 0 1

  PixelContainer: 
    ImportImageContainer (0x4e7dd60)
      RTTI typeinfo:   itk::ImportImageContainer<unsigned long, double>
      Reference Count: 1
      Modified Time: 1186
      Debug: Off
      Object Name: 
      Observers: 
        none
      Pointer: 0x151590ce0010
      Container manages memory: true
      Size: 8530021
      Capacity: 8530021

     Moving image = Image (0x4e6ff60)
  RTTI typeinfo:   itk::Image<double, 3u>
  Reference Count: 2
  Modified Time: 1579
  Debug: Off
  Object Name: 
  Observers: 
    none
  Source: (none)
  Source output name: (none)
  Release Data: Off
  Data Released: False
  Global Release Data: Off
  PipelineMTime: 0
  UpdateMTime: 1576
  RealTimeStamp: 0 seconds 
  LargestPossibleRegion: 
    Dimension: 3
    Index: [0, 0, 0]
    Size: [160, 240, 256]
  BufferedRegion: 
    Dimension: 3
    Index: [0, 0, 0]
    Size: [160, 240, 256]
  RequestedRegion: 
    Dimension: 3
    Index: [0, 0, 0]
    Size: [160, 240, 256]
  Spacing: [1, 1, 1]
  Origin: [91.5134, 94.282, -109.927]
  Direction: 
-0.99591 -0.0698718 -0.0572835
0.0697565 -0.997556 0.00401236
-0.0574239 5.01125e-08 0.99835

  IndexToPointMatrix: 
-0.99591 -0.0698718 -0.0572835
0.0697565 -0.997556 0.00401236
-0.0574239 5.01125e-08 0.99835

  PointToIndexMatrix: 
-0.99591 0.0697565 -0.0574239
-0.0698718 -0.997556 5.01483e-08
-0.0572835 0.00401236 0.99835

  Inverse Direction: 
-0.99591 0.0697565 -0.0574239
-0.0698718 -0.997556 5.01483e-08
-0.0572835 0.00401236 0.99835

  PixelContainer: 
    ImportImageContainer (0x4e616d0)
      RTTI typeinfo:   itk::ImportImageContainer<unsigned long, double>
      Reference Count: 1
      Modified Time: 1573
      Debug: Off
      Object Name: 
      Observers: 
        none
      Pointer: 0x15158c1df010
      Container manages memory: true
      Size: 9830400
      Capacity: 9830400

     Weighting = 1
     Sampling strategy = regular
     Number of bins = 32
     Radius = 4
     Sampling percentage  = 0.25
   Transform = Rigid
     Gradient step = 0.1
     Update field sigma (voxel space) = 0
     Total field sigma (voxel space) = 0
     Update field time sigma = 0
     Total field time sigma  = 0
     Number of time indices = 0
     Number of time point samples = 0
Registration using 1 total stages.

Stage 0
  iterations = 1000x500x250x100
  convergence threshold = 1e-06
  convergence window size = 10
  number of levels = 4
  using the Mattes MI metric (number of bins = 32, weight = 1, use gradient filter = 0)
  preprocessing:  winsorizing the image intensities
  Shrink factors (level 1 out of 4): [8, 8, 8]
  Shrink factors (level 2 out of 4): [4, 4, 4]
  Shrink factors (level 3 out of 4): [2, 2, 2]
  Shrink factors (level 4 out of 4): [1, 1, 1]
  smoothing sigmas per level: [3, 2, 1, 0]
  regular sampling (percentage = 0.25)

*** Running Euler3DTransform registration ***

DIAGNOSTIC,Iteration,metricValue,convergenceValue,ITERATION_TIME_INDEX,SINCE_LAST
 2DIAGNOSTIC,     1, -4.945365495269e-01, 1.797693134862e+308, 7.3970e-01, 7.3970e-01, 
 2DIAGNOSTIC,     2, -4.961551199262e-01, 1.797693134862e+308, 7.4439e-01, 4.6909e-03, 
 2DIAGNOSTIC,     3, -4.991207097076e-01, 1.797693134862e+308, 7.4915e-01, 4.7631e-03, 
 2DIAGNOSTIC,     4, -5.030359852117e-01, 1.797693134862e+308, 7.5352e-01, 4.3671e-03, 
 2DIAGNOSTIC,     5, -5.059125054655e-01, 1.797693134862e+308, 7.5746e-01, 3.9420e-03, 
 2DIAGNOSTIC,     6, -5.092815596254e-01, 1.797693134862e+308, 7.6157e-01, 4.1049e-03, 
 2DIAGNOSTIC,     7, -5.205915484568e-01, 1.797693134862e+308, 7.6636e-01, 4.7922e-03, 
 2DIAGNOSTIC,     8, -5.236677933913e-01, 1.797693134862e+308, 7.7059e-01, 4.2350e-03, 
 2DIAGNOSTIC,     9, -5.261653611514e-01, 1.797693134862e+308, 7.7473e-01, 4.1401e-03, 
 2DIAGNOSTIC,    10, -5.313843279548e-01, 4.956236851461e-03, 7.7917e-01, 4.4401e-03, 
 2DIAGNOSTIC,    11, -5.461121550605e-01, 5.255951709878e-03, 7.8511e-01, 5.9309e-03, 
 2DIAGNOSTIC,    12, -5.563506773259e-01, 5.544499219500e-03, 7.8960e-01, 4.4980e-03, 
 2DIAGNOSTIC,    13, -6.011783753088e-01, 7.240286203966e-03, 7.9493e-01, 5.3260e-03, 
 2DIAGNOSTIC,    14, -6.166052825026e-01, 8.701253899185e-03, 7.9927e-01, 4.3380e-03, 
 2DIAGNOSTIC,    15, -6.211428291647e-01, 9.416357351024e-03, 8.0365e-01, 4.3859e-03, 
 2DIAGNOSTIC,    16, -6.235432151660e-01, 9.368281935693e-03, 8.0839e-01, 4.7388e-03, 
 2DIAGNOSTIC,    17, -6.347577461863e-01, 9.145335029314e-03, 8.1384e-01, 5.4510e-03, 
 2DIAGNOSTIC,    18, -6.413138476779e-01, 8.359392953800e-03, 8.1832e-01, 4.4749e-03, 
 2DIAGNOSTIC,    19, -6.420802714023e-01, 6.980623461997e-03, 8.2395e-01, 5.6319e-03, 
 2DIAGNOSTIC,    20, -6.425493370440e-01, 5.272872589176e-03, 8.2812e-01, 4.1711e-03, 
 2DIAGNOSTIC,    21, -6.431795004478e-01, 3.641466671687e-03, 8.3281e-01, 4.6852e-03, 
 2DIAGNOSTIC,    22, -6.434078410082e-01, 2.049113987588e-03, 8.3684e-01, 4.0319e-03, 
 2DIAGNOSTIC,    23, -6.435083889882e-01, 1.381096893901e-03, 8.4143e-01, 4.5919e-03, 
 2DIAGNOSTIC,    24, -6.436807757089e-01, 9.688116319666e-04, 8.4663e-01, 5.2030e-03, 
 2DIAGNOSTIC,    25, -6.439989397327e-01, 6.014653742381e-04, 8.5243e-01, 5.7950e-03, 
 2DIAGNOSTIC,    26, -6.448361538340e-01, 2.655196732865e-04, 8.5646e-01, 4.0278e-03, 
 2DIAGNOSTIC,    27, -6.460796036138e-01, 1.536865510549e-04, 8.6090e-01, 4.4489e-03, 
 2DIAGNOSTIC,    28, -6.463976196149e-01, 1.550353431116e-04, 8.6484e-01, 3.9361e-03, 
 2DIAGNOSTIC,    29, -6.463935458085e-01, 1.547432187162e-04, 8.6878e-01, 3.9370e-03, 
 2DIAGNOSTIC,    30, -6.464392298199e-01, 1.482978518204e-04, 8.7320e-01, 4.4241e-03, 
 2DIAGNOSTIC,    31, -6.463723508656e-01, 1.368671505364e-04, 8.7712e-01, 3.9201e-03, 
 2DIAGNOSTIC,    32, -6.464254416084e-01, 1.173265686461e-04, 8.8202e-01, 4.9012e-03, 
 2DIAGNOSTIC,    33, -6.464354984476e-01, 8.969328485062e-05, 8.9441e-01, 1.2384e-02, 
 2DIAGNOSTIC,    34, -6.464354984146e-01, 5.811487674195e-05, 9.0688e-01, 1.2469e-02, 
 2DIAGNOSTIC,    35, -6.464354984146e-01, 2.735367980864e-05, 9.1321e-01, 6.3288e-03, 
 2DIAGNOSTIC,    36, -6.464354984146e-01, 6.561975784664e-06, 9.1811e-01, 4.9078e-03, 
 2DIAGNOSTIC,    37, -6.464354984146e-01, 2.244499381507e-06, 9.2256e-01, 4.4429e-03, 
 2DIAGNOSTIC,    38, -6.464354984146e-01, 1.990754414091e-06, 9.2836e-01, 5.8072e-03, 
 2DIAGNOSTIC,    39, -6.464354984146e-01, 1.582335683668e-06, 9.3279e-01, 4.4250e-03, 
 2DIAGNOSTIC,    40, -6.464354984146e-01, 1.698172839223e-06, 9.3720e-01, 4.4110e-03, 
DIAGNOSTIC,Iteration,metricValue,convergenceValue,ITERATION_TIME_INDEX,SINCE_LAST
 2DIAGNOSTIC,     1, -5.367244452248e-01, 1.797693134862e+308, 1.6783e+00, 7.4107e-01, 
 2DIAGNOSTIC,     2, -5.380313836029e-01, 1.797693134862e+308, 1.7061e+00, 2.7846e-02, 
 2DIAGNOSTIC,     3, -5.401731911691e-01, 1.797693134862e+308, 1.7345e+00, 2.8348e-02, 
 2DIAGNOSTIC,     4, -5.431881345203e-01, 1.797693134862e+308, 1.7611e+00, 2.6664e-02, 
 2DIAGNOSTIC,     5, -5.453557596936e-01, 1.797693134862e+308, 1.7890e+00, 2.7865e-02, 
 2DIAGNOSTIC,     6, -5.461088565500e-01, 1.797693134862e+308, 1.8160e+00, 2.6984e-02, 
 2DIAGNOSTIC,     7, -5.462086681201e-01, 1.797693134862e+308, 1.8469e+00, 3.0975e-02, 
 2DIAGNOSTIC,     8, -5.464869267746e-01, 1.797693134862e+308, 1.8811e+00, 3.4153e-02, 
 2DIAGNOSTIC,     9, -5.465850814451e-01, 1.797693134862e+308, 1.9182e+00, 3.7144e-02, 
 2DIAGNOSTIC,    10, -5.466464838898e-01, 1.224741203017e-03, 1.9465e+00, 2.8245e-02, 
 2DIAGNOSTIC,    11, -5.470487707449e-01, 8.391099568695e-04, 1.9769e+00, 3.0369e-02, 
 2DIAGNOSTIC,    12, -5.471506826515e-01, 5.042748125098e-04, 2.0076e+00, 3.0768e-02, 
 2DIAGNOSTIC,    13, -5.471747723837e-01, 2.608962750741e-04, 2.0458e+00, 3.8209e-02, 
 2DIAGNOSTIC,    14, -5.471893677688e-01, 1.401592624709e-04, 2.0764e+00, 3.0578e-02, 
 2DIAGNOSTIC,    15, -5.471839955778e-01, 9.761646454595e-05, 2.1071e+00, 3.0650e-02, 
 2DIAGNOSTIC,    16, -5.471599230208e-01, 7.527609127754e-05, 2.1396e+00, 3.2526e-02, 
 2DIAGNOSTIC,    17, -5.471662422235e-01, 5.183180539649e-05, 2.1689e+00, 2.9277e-02, 
 2DIAGNOSTIC,    18, -5.471747029984e-01, 3.478198408741e-05, 2.2043e+00, 3.5432e-02, 
 2DIAGNOSTIC,    19, -5.471813452812e-01, 1.945631841120e-05, 2.2388e+00, 3.4510e-02, 
 2DIAGNOSTIC,    20, -5.471662915538e-01, 4.969839637825e-06, 2.2694e+00, 3.0555e-02, 
 2DIAGNOSTIC,    21, -5.471844159809e-01, 1.951266527113e-06, 2.3036e+00, 3.4217e-02, 
 2DIAGNOSTIC,    22, -5.471946856350e-01, 1.794831336589e-06, 2.3341e+00, 3.0562e-02, 
 2DIAGNOSTIC,    23, -5.472309778361e-01, 2.955892053826e-06, 2.3655e+00, 3.1363e-02, 
 2DIAGNOSTIC,    24, -5.472460347944e-01, 4.500345890411e-06, 2.4002e+00, 3.4739e-02, 
 2DIAGNOSTIC,    25, -5.473225344816e-01, 7.130561997977e-06, 2.4310e+00, 3.0724e-02, 
 2DIAGNOSTIC,    26, -5.474469323067e-01, 1.098291061428e-05, 2.4615e+00, 3.0535e-02, 
 2DIAGNOSTIC,    27, -5.481013380465e-01, 2.630865666504e-05, 2.4965e+00, 3.4963e-02, 
 2DIAGNOSTIC,    28, -5.480678935227e-01, 3.738993056953e-05, 2.5417e+00, 4.5273e-02, 
 2DIAGNOSTIC,    29, -5.482084716625e-01, 4.712039794828e-05, 2.5839e+00, 4.2197e-02, 
 2DIAGNOSTIC,    30, -5.482082519029e-01, 5.166414512512e-05, 2.6223e+00, 3.8398e-02, 
 2DIAGNOSTIC,    31, -5.482014616213e-01, 5.125921329186e-05, 2.6581e+00, 3.5767e-02, 
 2DIAGNOSTIC,    32, -5.481815957364e-01, 4.582630649985e-05, 2.6881e+00, 2.9967e-02, 
 2DIAGNOSTIC,    33, -5.481718257561e-01, 3.689943078064e-05, 2.7187e+00, 3.0618e-02, 
 2DIAGNOSTIC,    34, -5.481825626827e-01, 2.560031596145e-05, 2.7484e+00, 2.9739e-02, 
 2DIAGNOSTIC,    35, -5.481838557773e-01, 1.379952371884e-05, 2.7774e+00, 2.8972e-02, 
 2DIAGNOSTIC,    36, -5.481854579979e-01, 3.009184441537e-06, 2.8069e+00, 2.9536e-02, 
 2DIAGNOSTIC,    37, -5.482631349723e-01, 2.936490141114e-06, 2.8401e+00, 3.3208e-02, 
 2DIAGNOSTIC,    38, -5.482856021608e-01, 2.436033100153e-06, 2.8724e+00, 3.2297e-02, 
 2DIAGNOSTIC,    39, -5.482706821205e-01, 3.481465223346e-06, 2.9048e+00, 3.2363e-02, 
 2DIAGNOSTIC,    40, -5.481987758144e-01, 3.305013147659e-06, 2.9378e+00, 3.3040e-02, 
 2DIAGNOSTIC,    41, -5.482804168549e-01, 3.879267890708e-06, 2.9706e+00, 3.2759e-02, 
 2DIAGNOSTIC,    42, -5.481859613029e-01, 2.660426406769e-06, 3.0067e+00, 3.6141e-02, 
 2DIAGNOSTIC,    43, -5.482756812457e-01, 2.302988638282e-06, 3.0489e+00, 4.2129e-02, 
 2DIAGNOSTIC,    44, -5.483025245637e-01, 2.248449652489e-06, 3.0819e+00, 3.3025e-02, 
 2DIAGNOSTIC,    45, -5.482811788576e-01, 1.830493330430e-06, 3.1148e+00, 3.2865e-02, 
 2DIAGNOSTIC,    46, -5.482645577052e-01, 1.147479870352e-06, 3.1475e+00, 3.2725e-02, 
 2DIAGNOSTIC,    47, -5.482548593018e-01, 1.197444082963e-06, 3.2405e+00, 9.3003e-02, 
 2DIAGNOSTIC,    48, -5.482548593006e-01, 1.431964302336e-06, 3.3314e+00, 9.0942e-02, 
 2DIAGNOSTIC,    49, -5.482548593006e-01, 1.429448984718e-06, 3.3646e+00, 3.3215e-02, 
DIAGNOSTIC,Iteration,metricValue,convergenceValue,ITERATION_TIME_INDEX,SINCE_LAST
 2DIAGNOSTIC,     1, -4.661873925687e-01, 1.797693134862e+308, 4.5261e+00, 1.1615e+00, 
 2DIAGNOSTIC,     2, -4.663634396130e-01, 1.797693134862e+308, 4.8338e+00, 3.0765e-01, 
 2DIAGNOSTIC,     3, -4.665065260185e-01, 1.797693134862e+308, 5.1050e+00, 2.7120e-01, 
 2DIAGNOSTIC,     4, -4.666272929648e-01, 1.797693134862e+308, 5.3844e+00, 2.7947e-01, 
 2DIAGNOSTIC,     5, -4.667166873964e-01, 1.797693134862e+308, 5.6429e+00, 2.5846e-01, 
 2DIAGNOSTIC,     6, -4.668667227087e-01, 1.797693134862e+308, 5.8909e+00, 2.4799e-01, 
 2DIAGNOSTIC,     7, -4.669697645841e-01, 1.797693134862e+308, 6.1823e+00, 2.9140e-01, 
 2DIAGNOSTIC,     8, -4.670258351899e-01, 1.797693134862e+308, 6.5475e+00, 3.6520e-01, 
 2DIAGNOSTIC,     9, -4.670791313029e-01, 1.797693134862e+308, 6.8471e+00, 2.9963e-01, 
 2DIAGNOSTIC,    10, -4.671177518630e-01, 1.313508769740e-04, 7.1350e+00, 2.8788e-01, 
 2DIAGNOSTIC,    11, -4.671984778736e-01, 1.051590582624e-04, 7.4204e+00, 2.8542e-01, 
 2DIAGNOSTIC,    12, -4.674361324846e-01, 9.491456727262e-05, 7.8730e+00, 4.5256e-01, 
 2DIAGNOSTIC,    13, -4.675162724179e-01, 8.805769998173e-05, 8.1787e+00, 3.0566e-01, 
 2DIAGNOSTIC,    14, -4.675732983491e-01, 8.220333626384e-05, 8.5181e+00, 3.3948e-01, 
 2DIAGNOSTIC,    15, -4.675740519387e-01, 7.348801308076e-05, 8.8123e+00, 2.9421e-01, 
 2DIAGNOSTIC,    16, -4.675763024632e-01, 6.504179708580e-05, 9.2561e+00, 4.4376e-01, 
 2DIAGNOSTIC,    17, -4.675763988073e-01, 5.533217045467e-05, 9.4885e+00, 2.3244e-01, 
 2DIAGNOSTIC,    18, -4.675746397279e-01, 4.352688766858e-05, 9.7602e+00, 2.7163e-01, 
 2DIAGNOSTIC,    19, -4.675729804550e-01, 3.083186865635e-05, 1.0051e+01, 2.9102e-01, 
 2DIAGNOSTIC,    20, -4.675713165774e-01, 1.787282617559e-05, 1.0289e+01, 2.3761e-01, 
 2DIAGNOSTIC,    21, -4.675679156095e-01, 6.728909936152e-06, 1.0524e+01, 2.3488e-01, 
 2DIAGNOSTIC,    22, -4.675676524615e-01, 2.633904734699e-06, 1.0740e+01, 2.1610e-01, 
DIAGNOSTIC,Iteration,metricValue,convergenceValue,ITERATION_TIME_INDEX,SINCE_LAST
 2DIAGNOSTIC,     1, -4.258650661763e-01, 1.797693134862e+308, 1.3325e+01, 2.5847e+00, 
 2DIAGNOSTIC,     2, -4.259686164829e-01, 1.797693134862e+308, 1.4811e+01, 1.4865e+00, 
 2DIAGNOSTIC,     3, -4.260095471440e-01, 1.797693134862e+308, 1.6880e+01, 2.0686e+00, 
 2DIAGNOSTIC,     4, -4.260079787021e-01, 1.797693134862e+308, 1.9267e+01, 2.3873e+00, 
 2DIAGNOSTIC,     5, -4.260082727640e-01, 1.797693134862e+308, 2.0788e+01, 1.5213e+00, 
 2DIAGNOSTIC,     6, -4.260081852929e-01, 1.797693134862e+308, 2.2412e+01, 1.6240e+00, 
 2DIAGNOSTIC,     7, -4.260082293106e-01, 1.797693134862e+308, 2.3931e+01, 1.5185e+00, 
 2DIAGNOSTIC,     8, -4.260082710634e-01, 1.797693134862e+308, 2.5460e+01, 1.5297e+00, 
 2DIAGNOSTIC,     9, -4.260078906664e-01, 1.797693134862e+308, 2.6949e+01, 1.4885e+00, 
 2DIAGNOSTIC,    10, -4.260080316393e-01, 1.495532022845e-05, 2.8356e+01, 1.4076e+00, 
 2DIAGNOSTIC,    11, -4.260076670915e-01, 5.176780550065e-06, 2.9828e+01, 1.4714e+00, 
 2DIAGNOSTIC,    12, -4.260078220099e-01, 2.523198017912e-06, 3.1341e+01, 1.5136e+00, 
 2DIAGNOSTIC,    13, -4.260075435636e-01, 2.377819692159e-06, 3.3179e+01, 1.8376e+00, 
 2DIAGNOSTIC,    14, -4.260073495286e-01, 2.175543368996e-06, 3.4679e+01, 1.4996e+00, 
 2DIAGNOSTIC,    15, -4.260072574331e-01, 2.018440142554e-06, 3.6305e+01, 1.6266e+00, 
 2DIAGNOSTIC,    16, -4.260070637716e-01, 1.878374887160e-06, 3.7723e+01, 1.4179e+00, 
 2DIAGNOSTIC,    17, -4.260070802423e-01, 1.767175381182e-06, 3.9054e+01, 1.3312e+00, 
 2DIAGNOSTIC,    18, -4.260077190704e-01, 1.703434358111e-06, 4.0764e+01, 1.7097e+00, 
 2DIAGNOSTIC,    19, -4.260078311671e-01, 1.642107053411e-06, 4.2297e+01, 1.5330e+00, 
 2DIAGNOSTIC,    20, -4.260078406021e-01, 1.595434883130e-06, 4.3890e+01, 1.5925e+00, 
 2DIAGNOSTIC,    21, -4.260077515070e-01, 1.538468392515e-06, 4.5400e+01, 1.5109e+00, 
 2DIAGNOSTIC,    22, -4.260076586633e-01, 1.486554858397e-06, 4.6891e+01, 1.4908e+00, 
 2DIAGNOSTIC,    23, -4.260075632089e-01, 1.424270765230e-06, 4.8192e+01, 1.3005e+00, 
 2DIAGNOSTIC,    24, -4.260074687382e-01, 1.355194745166e-06, 4.9568e+01, 1.3764e+00, 
 2DIAGNOSTIC,    25, -4.260071755558e-01, 1.278995279103e-06, 5.1041e+01, 1.4729e+00, 
 2DIAGNOSTIC,    26, -4.260073000495e-01, 1.206688833480e-06, 5.2696e+01, 1.6552e+00, 
 2DIAGNOSTIC,    27, -4.260077440109e-01, 1.152123499798e-06, 5.4187e+01, 1.4907e+00, 
 2DIAGNOSTIC,    28, -4.260075631646e-01, 1.114390442425e-06, 5.5542e+01, 1.3554e+00, 
 2DIAGNOSTIC,    29, -4.260077077967e-01, 1.087507832134e-06, 5.7100e+01, 1.5572e+00, 
 2DIAGNOSTIC,    30, -4.260078394792e-01, 1.066569757499e-06, 5.8823e+01, 1.7233e+00, 
 2DIAGNOSTIC,    31, -4.260076496006e-01, 1.040224643534e-06, 6.0743e+01, 1.9202e+00, 
 2DIAGNOSTIC,    32, -4.260075510332e-01, 1.010178361217e-06, 6.2402e+01, 1.6590e+00, 
  Elapsed time (stage 0): 6.3292e+01


Total elapsed time: 6.3294e+01
Info [verificarlo]: loaded backend libinterflop_ieee.so
Info [interflop-ieee]: load backend with:
Info [interflop-ieee]: debug = false
Info [interflop-ieee]: debug-binary = false
Info [interflop-ieee]: no-backend-name = false
Info [interflop-ieee]: print-new-line = false
Info [interflop-ieee]: print-subnormal-normalized = false
Info [interflop-ieee]: count-op = false
All_Command_lines_OK
Using double precision for computations.
=============================================================================
The composite transform comprises the following transforms (in order): 
  1. /home/mdugre/scratch/mri-registration-rp/datasets/ds004513/derivatives/mri-registration-rp/0001/antsRegistration-r7-p15/sub-s033/rigid_Composite.h5[0] (type = Euler3DTransform)
  2. /home/mdugre/scratch/mri-registration-rp/datasets/ds004513/derivatives/mri-registration-rp/0001/antsRegistration-r7-p15/sub-s033/rigid_Composite.h5[1] (type = Euler3DTransform)
  3. /home/mdugre/scratch/mri-registration-rp/datasets/ds004513/derivatives/mri-registration-rp/0001/antsRegistration-r7-p15/sub-s033/rigid_Composite.h5[2] (type = Euler3DTransform)
=============================================================================
  number of levels = 4
  fixed image: /templateflow/tpl-MNI152NLin2009cAsym/tpl-MNI152NLin2009cAsym_res-01_desc-brain_T1w.nii.gz
  moving image: /home/mdugre/scratch/mri-registration-rp/datasets/ds004513/derivatives/mri-registration-rp/antsBrainExtraction/sub-s033/BrainExtractionBrain.nii.gz
Dimension = 3
Number of stages = 1
Use histogram matching = false
Winsorize image intensities = true
  Lower quantile = 0.005
  Upper quantile = 0.995


Stage 1 State
   Image metric = MattesMI
     Fixed image = Image (0x39937e0)
  RTTI typeinfo:   itk::Image<double, 3u>
  Reference Count: 2
  Modified Time: 1592
  Debug: Off
  Object Name: 
  Observers: 
    none
  Source: (none)
  Source output name: (none)
  Release Data: Off
  Data Released: False
  Global Release Data: Off
  PipelineMTime: 0
  UpdateMTime: 1203
  RealTimeStamp: 0 seconds 
  LargestPossibleRegion: 
    Dimension: 3
    Index: [0, 0, 0]
    Size: [193, 229, 193]
  BufferedRegion: 
    Dimension: 3
    Index: [0, 0, 0]
    Size: [193, 229, 193]
  RequestedRegion: 
    Dimension: 3
    Index: [0, 0, 0]
    Size: [193, 229, 193]
  Spacing: [1, 1, 1]
  Origin: [96, 132, -78]
  Direction: 
-1 0 0
0 -1 0
0 0 1

  IndexToPointMatrix: 
-1 0 0
0 -1 0
0 0 1

  PointToIndexMatrix: 
-1 0 0
0 -1 0
0 0 1

  Inverse Direction: 
-1 0 0
0 -1 0
0 0 1

  PixelContainer: 
    ImportImageContainer (0x3a53a20)
      RTTI typeinfo:   itk::ImportImageContainer<unsigned long, double>
      Reference Count: 1
      Modified Time: 1200
      Debug: Off
      Object Name: 
      Observers: 
        none
      Pointer: 0x15006c7f0010
      Container manages memory: true
      Size: 8530021
      Capacity: 8530021

     Moving image = Image (0x3a4ed70)
  RTTI typeinfo:   itk::Image<double, 3u>
  Reference Count: 2
  Modified Time: 1593
  Debug: Off
  Object Name: 
  Observers: 
    none
  Source: (none)
  Source output name: (none)
  Release Data: Off
  Data Released: False
  Global Release Data: Off
  PipelineMTime: 0
  UpdateMTime: 1590
  RealTimeStamp: 0 seconds 
  LargestPossibleRegion: 
    Dimension: 3
    Index: [0, 0, 0]
    Size: [160, 240, 256]
  BufferedRegion: 
    Dimension: 3
    Index: [0, 0, 0]
    Size: [160, 240, 256]
  RequestedRegion: 
    Dimension: 3
    Index: [0, 0, 0]
    Size: [160, 240, 256]
  Spacing: [1, 1, 1]
  Origin: [91.5134, 94.282, -109.927]
  Direction: 
-0.99591 -0.0698718 -0.0572835
0.0697565 -0.997556 0.00401236
-0.0574239 5.01125e-08 0.99835

  IndexToPointMatrix: 
-0.99591 -0.0698718 -0.0572835
0.0697565 -0.997556 0.00401236
-0.0574239 5.01125e-08 0.99835

  PointToIndexMatrix: 
-0.99591 0.0697565 -0.0574239
-0.0698718 -0.997556 5.01483e-08
-0.0572835 0.00401236 0.99835

  Inverse Direction: 
-0.99591 0.0697565 -0.0574239
-0.0698718 -0.997556 5.01483e-08
-0.0572835 0.00401236 0.99835

  PixelContainer: 
    ImportImageContainer (0x3a06c90)
      RTTI typeinfo:   itk::ImportImageContainer<unsigned long, double>
      Reference Count: 1
      Modified Time: 1587
      Debug: Off
      Object Name: 
      Observers: 
        none
      Pointer: 0x150067cef010
      Container manages memory: true
      Size: 9830400
      Capacity: 9830400

     Weighting = 1
     Sampling strategy = regular
     Number of bins = 32
     Radius = 4
     Sampling percentage  = 0.25
   Transform = Affine
     Gradient step = 0.1
     Update field sigma (voxel space) = 0
     Total field sigma (voxel space) = 0
     Update field time sigma = 0
     Total field time sigma  = 0
     Number of time indices = 0
     Number of time point samples = 0
Registration using 1 total stages.

Stage 0
  iterations = 1000x500x250x100
  convergence threshold = 1e-06
  convergence window size = 10
  number of levels = 4
  using the Mattes MI metric (number of bins = 32, weight = 1, use gradient filter = 0)
  preprocessing:  winsorizing the image intensities
  Shrink factors (level 1 out of 4): [8, 8, 8]
  Shrink factors (level 2 out of 4): [4, 4, 4]
  Shrink factors (level 3 out of 4): [2, 2, 2]
  Shrink factors (level 4 out of 4): [1, 1, 1]
  smoothing sigmas per level: [3, 2, 1, 0]
  regular sampling (percentage = 0.25)

*** Running AffineTransform registration ***

DIAGNOSTIC,Iteration,metricValue,convergenceValue,ITERATION_TIME_INDEX,SINCE_LAST
 2DIAGNOSTIC,     1, -6.382810366324e-01, 1.797693134862e+308, 1.0485e+00, 1.0485e+00, 
 2DIAGNOSTIC,     2, -6.407465144788e-01, 1.797693134862e+308, 1.0532e+00, 4.7061e-03, 
 2DIAGNOSTIC,     3, -6.451565100784e-01, 1.797693134862e+308, 1.0581e+00, 4.8749e-03, 
 2DIAGNOSTIC,     4, -6.521823793423e-01, 1.797693134862e+308, 1.0629e+00, 4.7441e-03, 
 2DIAGNOSTIC,     5, -6.630833063847e-01, 1.797693134862e+308, 1.0678e+00, 4.9090e-03, 
 2DIAGNOSTIC,     6, -6.815409326763e-01, 1.797693134862e+308, 1.0727e+00, 4.9632e-03, 
 2DIAGNOSTIC,     7, -7.249756153085e-01, 1.797693134862e+308, 1.0784e+00, 5.6970e-03, 
 2DIAGNOSTIC,     8, -8.402359254194e-01, 1.797693134862e+308, 1.0835e+00, 5.1260e-03, 
 2DIAGNOSTIC,     9, -8.669932637374e-01, 1.797693134862e+308, 1.0916e+00, 8.0109e-03, 
 2DIAGNOSTIC,    10, -8.690212912472e-01, 2.370893059955e-02, 1.0966e+00, 5.0728e-03, 
 2DIAGNOSTIC,    11, -8.788615958360e-01, 2.366234653951e-02, 1.1017e+00, 5.0669e-03, 
 2DIAGNOSTIC,    12, -8.887431233378e-01, 2.187470624294e-02, 1.1068e+00, 5.0740e-03, 
 2DIAGNOSTIC,    13, -8.929110999909e-01, 1.864009688888e-02, 1.1125e+00, 5.7092e-03, 
 2DIAGNOSTIC,    14, -8.986821206786e-01, 1.459630399431e-02, 1.1181e+00, 5.6541e-03, 
 2DIAGNOSTIC,    15, -9.051774225960e-01, 1.031723673251e-02, 1.1254e+00, 7.2849e-03, 
 2DIAGNOSTIC,    16, -9.052611925312e-01, 6.142683430090e-03, 1.1320e+00, 6.6178e-03, 
 2DIAGNOSTIC,    17, -9.054082262350e-01, 2.822284896552e-03, 1.1382e+00, 6.1750e-03, 
 2DIAGNOSTIC,    18, -9.052651182958e-01, 1.920471045384e-03, 1.1441e+00, 5.8951e-03, 
 2DIAGNOSTIC,    19, -9.053416030118e-01, 1.448658539533e-03, 1.1496e+00, 5.4460e-03, 
 2DIAGNOSTIC,    20, -9.056304940421e-01, 9.325214949228e-04, 1.1550e+00, 5.4519e-03, 
 2DIAGNOSTIC,    21, -9.057900827601e-01, 5.478741738806e-04, 1.1611e+00, 6.0768e-03, 
 2DIAGNOSTIC,    22, -9.059076196518e-01, 3.096521487353e-04, 1.1669e+00, 5.8360e-03, 
 2DIAGNOSTIC,    23, -9.059069850919e-01, 1.268869141633e-04, 1.1725e+00, 5.5830e-03, 
 2DIAGNOSTIC,    24, -9.060842011625e-01, 3.174491619230e-05, 1.1784e+00, 5.9412e-03, 
 2DIAGNOSTIC,    25, -9.061396397215e-01, 3.167202816731e-05, 1.1836e+00, 5.1901e-03, 
 2DIAGNOSTIC,    26, -9.063734262755e-01, 3.282548772600e-05, 1.1889e+00, 5.2409e-03, 
 2DIAGNOSTIC,    27, -9.065862832638e-01, 3.551444971010e-05, 1.1959e+00, 7.0431e-03, 
 2DIAGNOSTIC,    28, -9.066216963148e-01, 3.347674489896e-05, 1.2030e+00, 7.0779e-03, 
 2DIAGNOSTIC,    29, -9.061324285783e-01, 2.371374674121e-05, 1.2094e+00, 6.3672e-03, 
 2DIAGNOSTIC,    30, -9.059994926141e-01, 1.441731361796e-05, 1.2151e+00, 5.7340e-03, 
 2DIAGNOSTIC,    31, -9.057794731403e-01, 3.779181031546e-06, 1.2202e+00, 5.1131e-03, 
DIAGNOSTIC,Iteration,metricValue,convergenceValue,ITERATION_TIME_INDEX,SINCE_LAST
 2DIAGNOSTIC,     1, -7.439598501989e-01, 1.797693134862e+308, 1.9229e+00, 7.0268e-01, 
 2DIAGNOSTIC,     2, -7.448095155203e-01, 1.797693134862e+308, 1.9569e+00, 3.4023e-02, 
 2DIAGNOSTIC,     3, -7.457623780299e-01, 1.797693134862e+308, 1.9912e+00, 3.4281e-02, 
 2DIAGNOSTIC,     4, -7.465208148888e-01, 1.797693134862e+308, 2.0248e+00, 3.3576e-02, 
 2DIAGNOSTIC,     5, -7.471935057723e-01, 1.797693134862e+308, 2.0625e+00, 3.7739e-02, 
 2DIAGNOSTIC,     6, -7.483572337682e-01, 1.797693134862e+308, 2.1274e+00, 6.4896e-02, 
 2DIAGNOSTIC,     7, -7.483853875313e-01, 1.797693134862e+308, 2.1644e+00, 3.7013e-02, 
 2DIAGNOSTIC,     8, -7.483799777910e-01, 1.797693134862e+308, 2.1979e+00, 3.3450e-02, 
 2DIAGNOSTIC,     9, -7.483768228944e-01, 1.797693134862e+308, 2.2335e+00, 3.5630e-02, 
 2DIAGNOSTIC,    10, -7.483980328174e-01, 4.009630444258e-04, 2.2733e+00, 3.9806e-02, 
 2DIAGNOSTIC,    11, -7.484170351370e-01, 2.716503645712e-04, 2.3082e+00, 3.4908e-02, 
 2DIAGNOSTIC,    12, -7.484304030467e-01, 1.667907711362e-04, 2.3477e+00, 3.9488e-02, 
 2DIAGNOSTIC,    13, -7.484574755757e-01, 9.209683533294e-05, 2.3829e+00, 3.5188e-02, 
 2DIAGNOSTIC,    14, -7.484791524550e-01, 4.099643872002e-05, 2.4191e+00, 3.6217e-02, 
 2DIAGNOSTIC,    15, -7.485102224220e-01, 1.017033705192e-05, 2.4590e+00, 3.9909e-02, 
 2DIAGNOSTIC,    16, -7.485405226785e-01, 1.079934949774e-05, 2.4987e+00, 3.9700e-02, 
 2DIAGNOSTIC,    17, -7.485690119994e-01, 1.180831622277e-05, 2.5391e+00, 4.0380e-02, 
 2DIAGNOSTIC,    18, -7.485713057256e-01, 1.172413079165e-05, 2.5747e+00, 3.5629e-02, 
 2DIAGNOSTIC,    19, -7.485797723944e-01, 1.083315704053e-05, 2.6098e+00, 3.5083e-02, 
 2DIAGNOSTIC,    20, -7.486230411397e-01, 1.039797107211e-05, 2.6456e+00, 3.5837e-02, 
 2DIAGNOSTIC,    21, -7.486690270681e-01, 1.033228933460e-05, 2.6853e+00, 3.9705e-02, 
 2DIAGNOSTIC,    22, -7.486466231086e-01, 9.271543718749e-06, 2.7265e+00, 4.1106e-02, 
 2DIAGNOSTIC,    23, -7.486535630912e-01, 8.165626825374e-06, 2.7670e+00, 4.0549e-02, 
 2DIAGNOSTIC,    24, -7.486444203311e-01, 6.713300008052e-06, 2.8146e+00, 4.7620e-02, 
 2DIAGNOSTIC,    25, -7.486315799890e-01, 5.126635029204e-06, 2.8506e+00, 3.5952e-02, 
 2DIAGNOSTIC,    26, -7.486335677871e-01, 3.755035707986e-06, 2.8899e+00, 3.9378e-02, 
 2DIAGNOSTIC,    27, -7.486371893862e-01, 2.706548898744e-06, 2.9254e+00, 3.5457e-02, 
 2DIAGNOSTIC,    28, -7.486113839110e-01, 1.279988640884e-06, 2.9614e+00, 3.6005e-02, 
DIAGNOSTIC,Iteration,metricValue,convergenceValue,ITERATION_TIME_INDEX,SINCE_LAST
 2DIAGNOSTIC,     1, -6.324344688057e-01, 1.797693134862e+308, 4.0282e+00, 1.0668e+00, 
 2DIAGNOSTIC,     2, -6.330414085852e-01, 1.797693134862e+308, 4.3173e+00, 2.8906e-01, 
 2DIAGNOSTIC,     3, -6.337026264992e-01, 1.797693134862e+308, 4.5971e+00, 2.7981e-01, 
 2DIAGNOSTIC,     4, -6.345287605819e-01, 1.797693134862e+308, 4.8884e+00, 2.9131e-01, 
 2DIAGNOSTIC,     5, -6.368378333409e-01, 1.797693134862e+308, 5.3227e+00, 4.3431e-01, 
 2DIAGNOSTIC,     6, -6.368270606626e-01, 1.797693134862e+308, 5.7655e+00, 4.4275e-01, 
 2DIAGNOSTIC,     7, -6.368263523208e-01, 1.797693134862e+308, 6.2490e+00, 4.8357e-01, 
 2DIAGNOSTIC,     8, -6.368268000477e-01, 1.797693134862e+308, 6.5836e+00, 3.3460e-01, 
 2DIAGNOSTIC,     9, -6.368229997285e-01, 1.797693134862e+308, 6.8755e+00, 2.9189e-01, 
 2DIAGNOSTIC,    10, -6.368223356332e-01, 4.931754067656e-04, 7.2065e+00, 3.3100e-01, 
 2DIAGNOSTIC,    11, -6.368216666011e-01, 3.326302699408e-04, 7.5495e+00, 3.4300e-01, 
 2DIAGNOSTIC,    12, -6.368194894429e-01, 1.929295052663e-04, 7.8964e+00, 3.4687e-01, 
 2DIAGNOSTIC,    13, -6.368188465849e-01, 8.043210386081e-05, 8.2267e+00, 3.3035e-01, 
 2DIAGNOSTIC,    14, -6.368165807142e-01, 1.134123957053e-06, 8.5223e+00, 2.9559e-01, 
 2DIAGNOSTIC,    15, -6.368132833918e-01, 1.240324137841e-06, 8.8108e+00, 2.8845e-01, 
 2DIAGNOSTIC,    16, -6.368134560456e-01, 1.119341724504e-06, 9.1784e+00, 3.6759e-01, 
 2DIAGNOSTIC,    17, -6.368144695637e-01, 1.097971315964e-06, 9.5565e+00, 3.7817e-01, 
 2DIAGNOSTIC,    18, -6.368139390761e-01, 1.149482039116e-06, 9.8885e+00, 3.3197e-01, 
 2DIAGNOSTIC,    19, -6.368097596364e-01, 1.066733197531e-06, 1.0240e+01, 3.5132e-01, 
 2DIAGNOSTIC,    20, -6.368100842695e-01, 1.045225271418e-06, 1.0555e+01, 3.1494e-01, 
 2DIAGNOSTIC,    21, -6.368092897918e-01, 1.044629234330e-06, 1.0895e+01, 3.3999e-01, 
DIAGNOSTIC,Iteration,metricValue,convergenceValue,ITERATION_TIME_INDEX,SINCE_LAST
 2DIAGNOSTIC,     1, -5.628407422695e-01, 1.797693134862e+308, 1.4080e+01, 3.1850e+00, 
 2DIAGNOSTIC,     2, -5.630208796793e-01, 1.797693134862e+308, 1.6021e+01, 1.9409e+00, 
 2DIAGNOSTIC,     3, -5.632090777345e-01, 1.797693134862e+308, 1.7953e+01, 1.9326e+00, 
 2DIAGNOSTIC,     4, -5.635288311090e-01, 1.797693134862e+308, 1.9844e+01, 1.8904e+00, 
 2DIAGNOSTIC,     5, -5.639748514359e-01, 1.797693134862e+308, 2.3631e+01, 3.7875e+00, 
 2DIAGNOSTIC,     6, -5.639746599410e-01, 1.797693134862e+308, 2.5726e+01, 2.0949e+00, 
 2DIAGNOSTIC,     7, -5.639746482654e-01, 1.797693134862e+308, 2.7863e+01, 2.1373e+00, 
 2DIAGNOSTIC,     8, -5.639742445844e-01, 1.797693134862e+308, 2.9711e+01, 1.8477e+00, 
 2DIAGNOSTIC,     9, -5.639738264263e-01, 1.797693134862e+308, 3.1763e+01, 2.0521e+00, 
 2DIAGNOSTIC,    10, -5.639741643611e-01, 1.398926493627e-04, 3.3682e+01, 1.9189e+00, 
 2DIAGNOSTIC,    11, -5.639742176734e-01, 9.153727127638e-05, 3.5965e+01, 2.2827e+00, 
 2DIAGNOSTIC,    12, -5.639739340716e-01, 5.109471807389e-05, 3.9057e+01, 3.0921e+00, 
 2DIAGNOSTIC,    13, -5.639738217387e-01, 1.965118994407e-05, 4.0967e+01, 1.9101e+00, 
 2DIAGNOSTIC,    14, -5.639737160023e-01, 2.189328933921e-06, 4.2935e+01, 1.9681e+00, 
 2DIAGNOSTIC,    15, -5.639735877904e-01, 2.050088066682e-06, 4.4849e+01, 1.9134e+00, 
 2DIAGNOSTIC,    16, -5.639733104108e-01, 1.919658348601e-06, 4.6703e+01, 1.8549e+00, 
 2DIAGNOSTIC,    17, -5.639733339962e-01, 1.811944978433e-06, 4.8329e+01, 1.6256e+00, 
 2DIAGNOSTIC,    18, -5.639730799535e-01, 1.703711918918e-06, 5.0145e+01, 1.8155e+00, 
 2DIAGNOSTIC,    19, -5.639731151102e-01, 1.602440319062e-06, 5.1849e+01, 1.7047e+00, 
 2DIAGNOSTIC,    20, -5.639728805984e-01, 1.520449425280e-06, 5.3472e+01, 1.6224e+00, 
 2DIAGNOSTIC,    21, -5.639728338968e-01, 1.453311264138e-06, 5.5302e+01, 1.8305e+00, 
 2DIAGNOSTIC,    22, -5.639725622603e-01, 1.385345299740e-06, 5.7525e+01, 2.2228e+00, 
 2DIAGNOSTIC,    23, -5.639724827187e-01, 1.324884274422e-06, 5.9452e+01, 1.9272e+00, 
 2DIAGNOSTIC,    24, -5.639723792748e-01, 1.270558101320e-06, 6.1132e+01, 1.6798e+00, 
 2DIAGNOSTIC,    25, -5.639723058474e-01, 1.221808904169e-06, 6.2929e+01, 1.7967e+00, 
 2DIAGNOSTIC,    26, -5.639724300389e-01, 1.178608442030e-06, 6.4833e+01, 1.9041e+00, 
 2DIAGNOSTIC,    27, -5.639726396158e-01, 1.147264148432e-06, 6.6704e+01, 1.8713e+00, 
 2DIAGNOSTIC,    28, -5.639725945577e-01, 1.115575787518e-06, 6.8613e+01, 1.9088e+00, 
 2DIAGNOSTIC,    29, -5.639723142613e-01, 1.083942243060e-06, 7.0414e+01, 1.8008e+00, 
 2DIAGNOSTIC,    30, -5.639721022387e-01, 1.048309236154e-06, 7.2444e+01, 2.0300e+00, 
 2DIAGNOSTIC,    31, -5.639718895054e-01, 1.011987802807e-06, 7.4559e+01, 2.1150e+00, 
  Elapsed time (stage 0): 7.5768e+01


Total elapsed time: 7.5771e+01
Info [verificarlo]: loaded backend libinterflop_vprec.so
Info [interflop-vprec]: load backend with: 
Info [interflop-vprec]: precision-binary32 = 15
Info [interflop-vprec]: range-binary32 = 7
Info [interflop-vprec]: precision-binary64 = 15
Info [interflop-vprec]: range-binary64 = 7
Info [interflop-vprec]: mode = ob
Info [interflop-vprec]: error-mode = rel
Info [interflop-vprec]: max-abs-error-exponent = -1022
