
##########################
# Experiment information #
##########################

EXPERIMENT_NAME: antsRegistration-r7-p19
VFC_BACKENDS: libinterflop_vprec.so --range-binary32=7 --precision-binary32=19 --range-binary64=7 --precision-binary64=19

SIF_IMG: /home/mdugre/projects/rrg-glatard/mdugre/containers/ants-vprec-no_metrics.simg

SUBJECT_ID: s003
INPUT_IMG: /home/mdugre/scratch/mri-registration-rp/datasets/ds004513/derivatives/mri-registration-rp/antsBrainExtraction/sub-s003/BrainExtractionBrain.nii.gz
OUTPUT_DIR: /home/mdugre/scratch/mri-registration-rp/datasets/ds004513/derivatives/mri-registration-rp/0001/antsRegistration-r7-p19/sub-s003

FIXED_IMG: /templateflow/tpl-MNI152NLin2009cAsym/tpl-MNI152NLin2009cAsym_res-01_desc-brain_T1w.nii.gz
DATA_DIR: /home/mdugre/scratch/mri-registration-rp/datasets/ds004513
TEMPLATEFLOW_DIR: /home/mdugre/projects/rrg-glatard/mdugre/templateflow
ITK_GLOBAL_DEFAULT_NUMBER_OF_THREADS: 16
##########################

Info [verificarlo]: loaded backend libinterflop_ieee.so
Info [interflop-ieee]: load backend with:
Info [interflop-ieee]: debug = false
Info [interflop-ieee]: debug-binary = false
Info [interflop-ieee]: no-backend-name = false
Info [interflop-ieee]: print-new-line = false
Info [interflop-ieee]: print-subnormal-normalized = false
Info [interflop-ieee]: count-op = false
All_Command_lines_OK
Using double precision for computations.
=============================================================================
The composite transform comprises the following transforms (in order): 
  1. Center of mass alignment using fixed image: /templateflow/tpl-MNI152NLin2009cAsym/tpl-MNI152NLin2009cAsym_res-01_desc-brain_T1w.nii.gz and moving image: /home/mdugre/scratch/mri-registration-rp/datasets/ds004513/derivatives/mri-registration-rp/antsBrainExtraction/sub-s003/BrainExtractionBrain.nii.gz (type = Euler3DTransform)
=============================================================================
  number of levels = 1
  fixed image: /templateflow/tpl-MNI152NLin2009cAsym/tpl-MNI152NLin2009cAsym_res-01_desc-brain_T1w.nii.gz
  moving image: /home/mdugre/scratch/mri-registration-rp/datasets/ds004513/derivatives/mri-registration-rp/antsBrainExtraction/sub-s003/BrainExtractionBrain.nii.gz
Dimension = 3
Number of stages = 1
Use histogram matching = false
Winsorize image intensities = true
  Lower quantile = 0.005
  Upper quantile = 0.995


Stage 1 State
   Image metric = MattesMI
     Fixed image = Image (0x412fe70)
  RTTI typeinfo:   itk::Image<double, 3u>
  Reference Count: 2
  Modified Time: 2334
  Debug: Off
  Object Name: 
  Observers: 
    none
  Source: (none)
  Source output name: (none)
  Release Data: Off
  Data Released: False
  Global Release Data: Off
  PipelineMTime: 0
  UpdateMTime: 1943
  RealTimeStamp: 0 seconds 
  LargestPossibleRegion: 
    Dimension: 3
    Index: [0, 0, 0]
    Size: [193, 229, 193]
  BufferedRegion: 
    Dimension: 3
    Index: [0, 0, 0]
    Size: [193, 229, 193]
  RequestedRegion: 
    Dimension: 3
    Index: [0, 0, 0]
    Size: [193, 229, 193]
  Spacing: [1, 1, 1]
  Origin: [96, 132, -78]
  Direction: 
-1 0 0
0 -1 0
0 0 1

  IndexToPointMatrix: 
-1 0 0
0 -1 0
0 0 1

  PointToIndexMatrix: 
-1 0 0
0 -1 0
0 0 1

  Inverse Direction: 
-1 0 0
0 -1 0
0 0 1

  PixelContainer: 
    ImportImageContainer (0x413c140)
      RTTI typeinfo:   itk::ImportImageContainer<unsigned long, double>
      Reference Count: 1
      Modified Time: 1940
      Debug: Off
      Object Name: 
      Observers: 
        none
      Pointer: 0x14a29a4b5010
      Container manages memory: true
      Size: 8530021
      Capacity: 8530021

     Moving image = Image (0x4139310)
  RTTI typeinfo:   itk::Image<double, 3u>
  Reference Count: 2
  Modified Time: 2335
  Debug: Off
  Object Name: 
  Observers: 
    none
  Source: (none)
  Source output name: (none)
  Release Data: Off
  Data Released: False
  Global Release Data: Off
  PipelineMTime: 0
  UpdateMTime: 2332
  RealTimeStamp: 0 seconds 
  LargestPossibleRegion: 
    Dimension: 3
    Index: [0, 0, 0]
    Size: [176, 240, 256]
  BufferedRegion: 
    Dimension: 3
    Index: [0, 0, 0]
    Size: [176, 240, 256]
  RequestedRegion: 
    Dimension: 3
    Index: [0, 0, 0]
    Size: [176, 240, 256]
  Spacing: [0.999999, 1, 1]
  Origin: [93.3499, 86.9368, -128.957]
  Direction: 
-0.999513 -0.0279216 -0.0139567
0.0279189 -0.99961 0.000389866
-0.0139622 2.01492e-08 0.999903

  IndexToPointMatrix: 
-0.999512 -0.0279216 -0.0139567
0.0279189 -0.99961 0.000389866
-0.0139621 2.01492e-08 0.999903

  PointToIndexMatrix: 
-0.999514 0.0279189 -0.0139622
-0.0279216 -0.99961 2.01716e-08
-0.0139567 0.000389866 0.999903

  Inverse Direction: 
-0.999513 0.0279189 -0.0139622
-0.0279216 -0.99961 2.01716e-08
-0.0139567 0.000389866 0.999903

  PixelContainer: 
    ImportImageContainer (0x4264610)
      RTTI typeinfo:   itk::ImportImageContainer<unsigned long, double>
      Reference Count: 1
      Modified Time: 2329
      Debug: Off
      Object Name: 
      Observers: 
        none
      Pointer: 0x14a295234010
      Container manages memory: true
      Size: 10813440
      Capacity: 10813440

     Weighting = 1
     Sampling strategy = regular
     Number of bins = 32
     Radius = 4
     Sampling percentage  = 0.25
   Transform = Rigid
     Gradient step = 0.1
     Update field sigma (voxel space) = 0
     Total field sigma (voxel space) = 0
     Update field time sigma = 0
     Total field time sigma  = 0
     Number of time indices = 0
     Number of time point samples = 0
Registration using 1 total stages.

Stage 0
  iterations = 0
  convergence threshold = 1e-06
  convergence window size = 10
  number of levels = 1
  using the Mattes MI metric (number of bins = 32, weight = 1, use gradient filter = 0)
  preprocessing:  winsorizing the image intensities
  Shrink factors (level 1 out of 1): [1, 1, 1]
  smoothing sigmas per level: [0]
  regular sampling (percentage = 0.25)

*** Running Euler3DTransform registration ***

  Elapsed time (stage 0): 1.10032


Total elapsed time: 1.10537
Info [verificarlo]: loaded backend libinterflop_ieee.so
Info [interflop-ieee]: load backend with:
Info [interflop-ieee]: debug = false
Info [interflop-ieee]: debug-binary = false
Info [interflop-ieee]: no-backend-name = false
Info [interflop-ieee]: print-new-line = false
Info [interflop-ieee]: print-subnormal-normalized = false
Info [interflop-ieee]: count-op = false
All_Command_lines_OK
Using double precision for computations.
=============================================================================
The composite transform comprises the following transforms (in order): 
  1. /home/mdugre/scratch/mri-registration-rp/datasets/ds004513/derivatives/mri-registration-rp/0001/antsRegistration-r7-p19/sub-s003/align_Composite.h5[0] (type = Euler3DTransform)
  2. /home/mdugre/scratch/mri-registration-rp/datasets/ds004513/derivatives/mri-registration-rp/0001/antsRegistration-r7-p19/sub-s003/align_Composite.h5[1] (type = Euler3DTransform)
=============================================================================
  number of levels = 4
  fixed image: /templateflow/tpl-MNI152NLin2009cAsym/tpl-MNI152NLin2009cAsym_res-01_desc-brain_T1w.nii.gz
  moving image: /home/mdugre/scratch/mri-registration-rp/datasets/ds004513/derivatives/mri-registration-rp/antsBrainExtraction/sub-s003/BrainExtractionBrain.nii.gz
Dimension = 3
Number of stages = 1
Use histogram matching = false
Winsorize image intensities = true
  Lower quantile = 0.005
  Upper quantile = 0.995


Stage 1 State
   Image metric = MattesMI
     Fixed image = Image (0x403b530)
  RTTI typeinfo:   itk::Image<double, 3u>
  Reference Count: 2
  Modified Time: 1580
  Debug: Off
  Object Name: 
  Observers: 
    none
  Source: (none)
  Source output name: (none)
  Release Data: Off
  Data Released: False
  Global Release Data: Off
  PipelineMTime: 0
  UpdateMTime: 1189
  RealTimeStamp: 0 seconds 
  LargestPossibleRegion: 
    Dimension: 3
    Index: [0, 0, 0]
    Size: [193, 229, 193]
  BufferedRegion: 
    Dimension: 3
    Index: [0, 0, 0]
    Size: [193, 229, 193]
  RequestedRegion: 
    Dimension: 3
    Index: [0, 0, 0]
    Size: [193, 229, 193]
  Spacing: [1, 1, 1]
  Origin: [96, 132, -78]
  Direction: 
-1 0 0
0 -1 0
0 0 1

  IndexToPointMatrix: 
-1 0 0
0 -1 0
0 0 1

  PointToIndexMatrix: 
-1 0 0
0 -1 0
0 0 1

  Inverse Direction: 
-1 0 0
0 -1 0
0 0 1

  PixelContainer: 
    ImportImageContainer (0x40f9d60)
      RTTI typeinfo:   itk::ImportImageContainer<unsigned long, double>
      Reference Count: 1
      Modified Time: 1186
      Debug: Off
      Object Name: 
      Observers: 
        none
      Pointer: 0x14a2de645010
      Container manages memory: true
      Size: 8530021
      Capacity: 8530021

     Moving image = Image (0x40ebf60)
  RTTI typeinfo:   itk::Image<double, 3u>
  Reference Count: 2
  Modified Time: 1581
  Debug: Off
  Object Name: 
  Observers: 
    none
  Source: (none)
  Source output name: (none)
  Release Data: Off
  Data Released: False
  Global Release Data: Off
  PipelineMTime: 0
  UpdateMTime: 1578
  RealTimeStamp: 0 seconds 
  LargestPossibleRegion: 
    Dimension: 3
    Index: [0, 0, 0]
    Size: [176, 240, 256]
  BufferedRegion: 
    Dimension: 3
    Index: [0, 0, 0]
    Size: [176, 240, 256]
  RequestedRegion: 
    Dimension: 3
    Index: [0, 0, 0]
    Size: [176, 240, 256]
  Spacing: [0.999999, 1, 1]
  Origin: [93.3499, 86.9368, -128.957]
  Direction: 
-0.999513 -0.0279216 -0.0139567
0.0279189 -0.99961 0.000389866
-0.0139622 2.01492e-08 0.999903

  IndexToPointMatrix: 
-0.999512 -0.0279216 -0.0139567
0.0279189 -0.99961 0.000389866
-0.0139621 2.01492e-08 0.999903

  PointToIndexMatrix: 
-0.999514 0.0279189 -0.0139622
-0.0279216 -0.99961 2.01716e-08
-0.0139567 0.000389866 0.999903

  Inverse Direction: 
-0.999513 0.0279189 -0.0139622
-0.0279216 -0.99961 2.01716e-08
-0.0139567 0.000389866 0.999903

  PixelContainer: 
    ImportImageContainer (0x40dd6d0)
      RTTI typeinfo:   itk::ImportImageContainer<unsigned long, double>
      Reference Count: 1
      Modified Time: 1575
      Debug: Off
      Object Name: 
      Observers: 
        none
      Pointer: 0x14a2d93c4010
      Container manages memory: true
      Size: 10813440
      Capacity: 10813440

     Weighting = 1
     Sampling strategy = regular
     Number of bins = 32
     Radius = 4
     Sampling percentage  = 0.25
   Transform = Rigid
     Gradient step = 0.1
     Update field sigma (voxel space) = 0
     Total field sigma (voxel space) = 0
     Update field time sigma = 0
     Total field time sigma  = 0
     Number of time indices = 0
     Number of time point samples = 0
Registration using 1 total stages.

Stage 0
  iterations = 1000x500x250x100
  convergence threshold = 1e-06
  convergence window size = 10
  number of levels = 4
  using the Mattes MI metric (number of bins = 32, weight = 1, use gradient filter = 0)
  preprocessing:  winsorizing the image intensities
  Shrink factors (level 1 out of 4): [8, 8, 8]
  Shrink factors (level 2 out of 4): [4, 4, 4]
  Shrink factors (level 3 out of 4): [2, 2, 2]
  Shrink factors (level 4 out of 4): [1, 1, 1]
  smoothing sigmas per level: [3, 2, 1, 0]
  regular sampling (percentage = 0.25)

*** Running Euler3DTransform registration ***

DIAGNOSTIC,Iteration,metricValue,convergenceValue,ITERATION_TIME_INDEX,SINCE_LAST
 2DIAGNOSTIC,     1, -4.871187133941e-01, 1.797693134862e+308, 8.2352e-01, 8.2352e-01, 
 2DIAGNOSTIC,     2, -4.887966556740e-01, 1.797693134862e+308, 8.2841e-01, 4.8912e-03, 
 2DIAGNOSTIC,     3, -4.919242839642e-01, 1.797693134862e+308, 8.3290e-01, 4.4880e-03, 
 2DIAGNOSTIC,     4, -5.019092629522e-01, 1.797693134862e+308, 8.3850e-01, 5.5971e-03, 
 2DIAGNOSTIC,     5, -5.198319788477e-01, 1.797693134862e+308, 8.4298e-01, 4.4811e-03, 
 2DIAGNOSTIC,     6, -5.251449584180e-01, 1.797693134862e+308, 8.4749e-01, 4.5149e-03, 
 2DIAGNOSTIC,     7, -5.365118080768e-01, 1.797693134862e+308, 8.5287e-01, 5.3799e-03, 
 2DIAGNOSTIC,     8, -5.564319077261e-01, 1.797693134862e+308, 8.6001e-01, 7.1361e-03, 
 2DIAGNOSTIC,     9, -5.572786469687e-01, 1.797693134862e+308, 8.6477e-01, 4.7581e-03, 
 2DIAGNOSTIC,    10, -5.597886110608e-01, 1.060089541986e-02, 8.7037e-01, 5.6059e-03, 
 2DIAGNOSTIC,    11, -5.645450860914e-01, 9.471656029002e-03, 8.7575e-01, 5.3751e-03, 
 2DIAGNOSTIC,    12, -5.675342641672e-01, 7.901754414630e-03, 8.8181e-01, 6.0580e-03, 
 2DIAGNOSTIC,    13, -5.685174641935e-01, 6.033280802480e-03, 8.8796e-01, 6.1510e-03, 
 2DIAGNOSTIC,    14, -5.693412095343e-01, 4.302087948772e-03, 8.9374e-01, 5.7771e-03, 
 2DIAGNOSTIC,    15, -5.718972801999e-01, 3.155204981959e-03, 8.9867e-01, 4.9300e-03, 
 2DIAGNOSTIC,    16, -5.734788767073e-01, 2.091398053256e-03, 9.0294e-01, 4.2729e-03, 
 2DIAGNOSTIC,    17, -5.737823402463e-01, 1.310029424176e-03, 9.0722e-01, 4.2830e-03, 
 2DIAGNOSTIC,    18, -5.749452616696e-01, 1.114936190123e-03, 9.1159e-01, 4.3688e-03, 
 2DIAGNOSTIC,    19, -5.774392255375e-01, 9.301256922660e-04, 9.1867e-01, 7.0751e-03, 
 2DIAGNOSTIC,    20, -5.782944999937e-01, 7.612328991696e-04, 9.2389e-01, 5.2240e-03, 
 2DIAGNOSTIC,    21, -5.788863756053e-01, 6.687985512038e-04, 9.2847e-01, 4.5769e-03, 
 2DIAGNOSTIC,    22, -5.857337701847e-01, 7.546209601915e-04, 9.3326e-01, 4.7920e-03, 
 2DIAGNOSTIC,    23, -6.028589200016e-01, 1.162232405093e-03, 9.3855e-01, 5.2938e-03, 
 2DIAGNOSTIC,    24, -6.086613854816e-01, 1.554691279046e-03, 9.4498e-01, 6.4261e-03, 
 2DIAGNOSTIC,    25, -6.127624325920e-01, 1.904928925872e-03, 9.4993e-01, 4.9531e-03, 
 2DIAGNOSTIC,    26, -6.171330104590e-01, 2.167612481309e-03, 9.5471e-01, 4.7829e-03, 
 2DIAGNOSTIC,    27, -6.180829710031e-01, 2.226134276683e-03, 9.5918e-01, 4.4670e-03, 
 2DIAGNOSTIC,    28, -6.204355232073e-01, 2.128618141519e-03, 9.6412e-01, 4.9410e-03, 
 2DIAGNOSTIC,    29, -6.216541960884e-01, 1.901236674957e-03, 9.6853e-01, 4.4038e-03, 
 2DIAGNOSTIC,    30, -6.252686902598e-01, 1.589741180550e-03, 9.7367e-01, 5.1470e-03, 
 2DIAGNOSTIC,    31, -6.305777703792e-01, 1.244381782443e-03, 9.7813e-01, 4.4591e-03, 
 2DIAGNOSTIC,    32, -6.437128880126e-01, 1.107475407014e-03, 9.8391e-01, 5.7821e-03, 
 2DIAGNOSTIC,    33, -6.470248514389e-01, 1.176372780782e-03, 9.8839e-01, 4.4749e-03, 
 2DIAGNOSTIC,    34, -6.489204116872e-01, 1.241868652871e-03, 9.9563e-01, 7.2420e-03, 
 2DIAGNOSTIC,    35, -6.509315447871e-01, 1.271863671088e-03, 9.9998e-01, 4.3480e-03, 
 2DIAGNOSTIC,    36, -6.520056207567e-01, 1.251972206091e-03, 1.0043e+00, 4.3650e-03, 
 2DIAGNOSTIC,    37, -6.528676168113e-01, 1.135513061316e-03, 1.0085e+00, 4.1471e-03, 
 2DIAGNOSTIC,    38, -6.532424863123e-01, 9.531115000642e-04, 1.0128e+00, 4.3511e-03, 
 2DIAGNOSTIC,    39, -6.541821289089e-01, 7.191842114984e-04, 1.0188e+00, 5.9090e-03, 
 2DIAGNOSTIC,    40, -6.542217102588e-01, 4.741921996542e-04, 1.0231e+00, 4.3550e-03, 
 2DIAGNOSTIC,    41, -6.546702669497e-01, 2.613463424974e-04, 1.0274e+00, 4.2980e-03, 
 2DIAGNOSTIC,    42, -6.552145176025e-01, 1.908243363179e-04, 1.0332e+00, 5.7940e-03, 
 2DIAGNOSTIC,    43, -6.554079407861e-01, 1.445148814782e-04, 1.0375e+00, 4.2720e-03, 
 2DIAGNOSTIC,    44, -6.554490345102e-01, 1.074446474799e-04, 1.0419e+00, 4.4780e-03, 
 2DIAGNOSTIC,    45, -6.554241166868e-01, 8.296704197965e-05, 1.0464e+00, 4.4630e-03, 
 2DIAGNOSTIC,    46, -6.555911717749e-01, 6.455170255185e-05, 1.0515e+00, 5.0850e-03, 
 2DIAGNOSTIC,    47, -6.557546877380e-01, 5.111943325902e-05, 1.0563e+00, 4.8029e-03, 
 2DIAGNOSTIC,    48, -6.557066215599e-01, 3.643944299422e-05, 1.0613e+00, 4.9810e-03, 
 2DIAGNOSTIC,    49, -6.557493359709e-01, 2.866013703165e-05, 1.0661e+00, 4.8580e-03, 
 2DIAGNOSTIC,    50, -6.556018809548e-01, 1.750142337249e-05, 1.0704e+00, 4.2381e-03, 
 2DIAGNOSTIC,    51, -6.556179950211e-01, 9.395830596948e-06, 1.0745e+00, 4.1401e-03, 
 2DIAGNOSTIC,    52, -6.556423410687e-01, 5.849824619774e-06, 1.0792e+00, 4.6990e-03, 
 2DIAGNOSTIC,    53, -6.557676566544e-01, 4.764523130130e-06, 1.0842e+00, 4.9679e-03, 
 2DIAGNOSTIC,    54, -6.559372977757e-01, 5.180608931232e-06, 1.0902e+00, 6.0401e-03, 
 2DIAGNOSTIC,    55, -6.561385796867e-01, 6.610777832046e-06, 1.0969e+00, 6.6528e-03, 
 2DIAGNOSTIC,    56, -6.560655273513e-01, 8.146558359231e-06, 1.1011e+00, 4.2429e-03, 
 2DIAGNOSTIC,    57, -6.559009649393e-01, 8.940570870957e-06, 1.1056e+00, 4.4951e-03, 
 2DIAGNOSTIC,    58, -6.559090676567e-01, 8.595306926124e-06, 1.1118e+00, 6.1560e-03, 
 2DIAGNOSTIC,    59, -6.558271338128e-01, 7.163060386051e-06, 1.1160e+00, 4.2002e-03, 
 2DIAGNOSTIC,    60, -6.557491430669e-01, 3.384347914356e-06, 1.1203e+00, 4.3659e-03, 
DIAGNOSTIC,Iteration,metricValue,convergenceValue,ITERATION_TIME_INDEX,SINCE_LAST
 2DIAGNOSTIC,     1, -5.251880772335e-01, 1.797693134862e+308, 1.8483e+00, 7.2798e-01, 
 2DIAGNOSTIC,     2, -5.257777012351e-01, 1.797693134862e+308, 1.8775e+00, 2.9224e-02, 
 2DIAGNOSTIC,     3, -5.265378361244e-01, 1.797693134862e+308, 1.9074e+00, 2.9857e-02, 
 2DIAGNOSTIC,     4, -5.272919944783e-01, 1.797693134862e+308, 1.9372e+00, 2.9820e-02, 
 2DIAGNOSTIC,     5, -5.278430154034e-01, 1.797693134862e+308, 1.9666e+00, 2.9432e-02, 
 2DIAGNOSTIC,     6, -5.281790262550e-01, 1.797693134862e+308, 1.9968e+00, 3.0142e-02, 
 2DIAGNOSTIC,     7, -5.295019173953e-01, 1.797693134862e+308, 2.0279e+00, 3.1085e-02, 
 2DIAGNOSTIC,     8, -5.310609296018e-01, 1.797693134862e+308, 2.0724e+00, 4.4521e-02, 
 2DIAGNOSTIC,     9, -5.313257631838e-01, 1.797693134862e+308, 2.1019e+00, 2.9509e-02, 
 2DIAGNOSTIC,    10, -5.313887897051e-01, 8.266748171414e-04, 2.1321e+00, 3.0198e-02, 
 2DIAGNOSTIC,    11, -5.317680622556e-01, 7.252217287874e-04, 2.1627e+00, 3.0554e-02, 
 2DIAGNOSTIC,    12, -5.332014855211e-01, 6.647166670187e-04, 2.1971e+00, 3.4401e-02, 
 2DIAGNOSTIC,    13, -5.344941060537e-01, 6.353079194580e-04, 2.2386e+00, 4.1549e-02, 
 2DIAGNOSTIC,    14, -5.354773931636e-01, 6.186330037270e-04, 2.2736e+00, 3.5043e-02, 
 2DIAGNOSTIC,    15, -5.356389610418e-01, 5.748182309206e-04, 2.3086e+00, 3.4947e-02, 
 2DIAGNOSTIC,    16, -5.356238974088e-01, 4.948415991048e-04, 2.3503e+00, 4.1684e-02, 
 2DIAGNOSTIC,    17, -5.356316413884e-01, 4.192549476156e-04, 2.3838e+00, 3.3557e-02, 
 2DIAGNOSTIC,    18, -5.356205467620e-01, 3.587388448442e-04, 2.4134e+00, 2.9609e-02, 
 2DIAGNOSTIC,    19, -5.356194525826e-01, 2.791229653890e-04, 2.4463e+00, 3.2902e-02, 
 2DIAGNOSTIC,    20, -5.356175638373e-01, 1.839574068230e-04, 2.4832e+00, 3.6896e-02, 
 2DIAGNOSTIC,    21, -5.356040378979e-01, 8.999097690668e-05, 2.5182e+00, 3.4961e-02, 
 2DIAGNOSTIC,    22, -5.355907494385e-01, 3.031230944764e-05, 2.5480e+00, 2.9761e-02, 
 2DIAGNOSTIC,    23, -5.355790685296e-01, 2.294495143974e-06, 2.5774e+00, 2.9459e-02, 
DIAGNOSTIC,Iteration,metricValue,convergenceValue,ITERATION_TIME_INDEX,SINCE_LAST
 2DIAGNOSTIC,     1, -4.751062613027e-01, 1.797693134862e+308, 3.6748e+00, 1.0974e+00, 
 2DIAGNOSTIC,     2, -4.752558794404e-01, 1.797693134862e+308, 3.9105e+00, 2.3574e-01, 
 2DIAGNOSTIC,     3, -4.754499041425e-01, 1.797693134862e+308, 4.1560e+00, 2.4550e-01, 
 2DIAGNOSTIC,     4, -4.755685421355e-01, 1.797693134862e+308, 4.4380e+00, 2.8200e-01, 
 2DIAGNOSTIC,     5, -4.756637424453e-01, 1.797693134862e+308, 4.7020e+00, 2.6400e-01, 
 2DIAGNOSTIC,     6, -4.758635683451e-01, 1.797693134862e+308, 4.9854e+00, 2.8338e-01, 
 2DIAGNOSTIC,     7, -4.764207521992e-01, 1.797693134862e+308, 5.3242e+00, 3.3879e-01, 
 2DIAGNOSTIC,     8, -4.765502468745e-01, 1.797693134862e+308, 5.6025e+00, 2.7833e-01, 
 2DIAGNOSTIC,     9, -4.769006461850e-01, 1.797693134862e+308, 5.9143e+00, 3.1177e-01, 
 2DIAGNOSTIC,    10, -4.773255837452e-01, 2.933294018426e-04, 6.1570e+00, 2.4272e-01, 
 2DIAGNOSTIC,    11, -4.774174959971e-01, 2.873146174625e-04, 6.4554e+00, 2.9836e-01, 
 2DIAGNOSTIC,    12, -4.774725059203e-01, 2.667327822730e-04, 6.8004e+00, 3.4504e-01, 
 2DIAGNOSTIC,    13, -4.774998417915e-01, 2.357300203644e-04, 7.0995e+00, 2.9907e-01, 
 2DIAGNOSTIC,    14, -4.776278093349e-01, 1.985770802372e-04, 7.3226e+00, 2.2312e-01, 
 2DIAGNOSTIC,    15, -4.779870519097e-01, 1.662074470133e-04, 7.5627e+00, 2.4010e-01, 
 2DIAGNOSTIC,    16, -4.784412581425e-01, 1.464587044045e-04, 7.7905e+00, 2.2779e-01, 
 2DIAGNOSTIC,    17, -4.786154276733e-01, 1.413693243967e-04, 8.0530e+00, 2.6252e-01, 
 2DIAGNOSTIC,    18, -4.787371638267e-01, 1.323386209296e-04, 8.4104e+00, 3.5735e-01, 
 2DIAGNOSTIC,    19, -4.787636423048e-01, 1.237402402739e-04, 8.6695e+00, 2.5917e-01, 
 2DIAGNOSTIC,    20, -4.787673526526e-01, 1.172469940531e-04, 8.9300e+00, 2.6042e-01, 
 2DIAGNOSTIC,    21, -4.787618572354e-01, 1.028654229933e-04, 9.1860e+00, 2.5608e-01, 
 2DIAGNOSTIC,    22, -4.787639644245e-01, 8.193869240468e-05, 9.4838e+00, 2.9773e-01, 
 2DIAGNOSTIC,    23, -4.787649482092e-01, 5.617540038277e-05, 9.7400e+00, 2.5627e-01, 
 2DIAGNOSTIC,    24, -4.787633675066e-01, 3.049130270034e-05, 9.9952e+00, 2.5520e-01, 
 2DIAGNOSTIC,    25, -4.787622925753e-01, 1.244453120352e-05, 1.0251e+01, 2.5561e-01, 
 2DIAGNOSTIC,    26, -4.787604735188e-01, 5.027924067189e-06, 1.0506e+01, 2.5514e-01, 
 2DIAGNOSTIC,    27, -4.787607958309e-01, 1.581950187422e-06, 1.0768e+01, 2.6236e-01, 
DIAGNOSTIC,Iteration,metricValue,convergenceValue,ITERATION_TIME_INDEX,SINCE_LAST
 2DIAGNOSTIC,     1, -4.453992805782e-01, 1.797693134862e+308, 1.3599e+01, 2.8303e+00, 
 2DIAGNOSTIC,     2, -4.454066162994e-01, 1.797693134862e+308, 1.5170e+01, 1.5715e+00, 
 2DIAGNOSTIC,     3, -4.454105146501e-01, 1.797693134862e+308, 1.7222e+01, 2.0514e+00, 
 2DIAGNOSTIC,     4, -4.454084568559e-01, 1.797693134862e+308, 1.8950e+01, 1.7288e+00, 
 2DIAGNOSTIC,     5, -4.454077373506e-01, 1.797693134862e+308, 2.0600e+01, 1.6497e+00, 
 2DIAGNOSTIC,     6, -4.454085196281e-01, 1.797693134862e+308, 2.3274e+01, 2.6734e+00, 
 2DIAGNOSTIC,     7, -4.454086195007e-01, 1.797693134862e+308, 2.5426e+01, 2.1524e+00, 
 2DIAGNOSTIC,     8, -4.454085105676e-01, 1.797693134862e+308, 2.7119e+01, 1.6926e+00, 
 2DIAGNOSTIC,     9, -4.454085595068e-01, 1.797693134862e+308, 2.8827e+01, 1.7084e+00, 
 2DIAGNOSTIC,    10, -4.454085032597e-01, 3.801084783844e-06, 3.0343e+01, 1.5157e+00, 
 2DIAGNOSTIC,    11, -4.454084691593e-01, 2.923451286510e-06, 3.2227e+01, 1.8844e+00, 
 2DIAGNOSTIC,    12, -4.454084907757e-01, 2.572419894251e-06, 3.3874e+01, 1.6467e+00, 
 2DIAGNOSTIC,    13, -4.454083454716e-01, 2.469752321613e-06, 3.5257e+01, 1.3835e+00, 
 2DIAGNOSTIC,    14, -4.454083085144e-01, 2.285814890590e-06, 3.6704e+01, 1.4464e+00, 
 2DIAGNOSTIC,    15, -4.454083954556e-01, 2.097289718991e-06, 3.8110e+01, 1.4066e+00, 
 2DIAGNOSTIC,    16, -4.454086776355e-01, 1.976606384055e-06, 3.9792e+01, 1.6821e+00, 
 2DIAGNOSTIC,    17, -4.454087455746e-01, 1.877310462771e-06, 4.1334e+01, 1.5415e+00, 
 2DIAGNOSTIC,    18, -4.454085079857e-01, 1.776294253374e-06, 4.3049e+01, 1.7154e+00, 
 2DIAGNOSTIC,    19, -4.454083180348e-01, 1.680825711718e-06, 4.4704e+01, 1.6548e+00, 
 2DIAGNOSTIC,    20, -4.454083338543e-01, 1.593004247950e-06, 4.6299e+01, 1.5948e+00, 
 2DIAGNOSTIC,    21, -4.454081630652e-01, 1.506634240138e-06, 4.7858e+01, 1.5588e+00, 
 2DIAGNOSTIC,    22, -4.454079221439e-01, 1.422682694312e-06, 4.9593e+01, 1.7349e+00, 
 2DIAGNOSTIC,    23, -4.454077689645e-01, 1.340374798466e-06, 5.1109e+01, 1.5162e+00, 
 2DIAGNOSTIC,    24, -4.454079861414e-01, 1.273842832751e-06, 5.2958e+01, 1.8490e+00, 
 2DIAGNOSTIC,    25, -4.454079493559e-01, 1.218193689950e-06, 5.4588e+01, 1.6298e+00, 
 2DIAGNOSTIC,    26, -4.454078062703e-01, 1.175263097696e-06, 5.6006e+01, 1.4184e+00, 
 2DIAGNOSTIC,    27, -4.454077733248e-01, 1.141286937886e-06, 5.7405e+01, 1.3985e+00, 
 2DIAGNOSTIC,    28, -4.454078657686e-01, 1.110000773789e-06, 5.9048e+01, 1.6431e+00, 
 2DIAGNOSTIC,    29, -4.454078197289e-01, 1.077816847141e-06, 6.0586e+01, 1.5382e+00, 
 2DIAGNOSTIC,    30, -4.454077261359e-01, 1.047964990508e-06, 6.1998e+01, 1.4118e+00, 
 2DIAGNOSTIC,    31, -4.454076026770e-01, 1.015459891097e-06, 6.4117e+01, 2.1189e+00, 
  Elapsed time (stage 0): 6.5081e+01


Total elapsed time: 6.5085e+01
Info [verificarlo]: loaded backend libinterflop_ieee.so
Info [interflop-ieee]: load backend with:
Info [interflop-ieee]: debug = false
Info [interflop-ieee]: debug-binary = false
Info [interflop-ieee]: no-backend-name = false
Info [interflop-ieee]: print-new-line = false
Info [interflop-ieee]: print-subnormal-normalized = false
Info [interflop-ieee]: count-op = false
All_Command_lines_OK
Using double precision for computations.
=============================================================================
The composite transform comprises the following transforms (in order): 
  1. /home/mdugre/scratch/mri-registration-rp/datasets/ds004513/derivatives/mri-registration-rp/0001/antsRegistration-r7-p19/sub-s003/rigid_Composite.h5[0] (type = Euler3DTransform)
  2. /home/mdugre/scratch/mri-registration-rp/datasets/ds004513/derivatives/mri-registration-rp/0001/antsRegistration-r7-p19/sub-s003/rigid_Composite.h5[1] (type = Euler3DTransform)
  3. /home/mdugre/scratch/mri-registration-rp/datasets/ds004513/derivatives/mri-registration-rp/0001/antsRegistration-r7-p19/sub-s003/rigid_Composite.h5[2] (type = Euler3DTransform)
=============================================================================
  number of levels = 4
  fixed image: /templateflow/tpl-MNI152NLin2009cAsym/tpl-MNI152NLin2009cAsym_res-01_desc-brain_T1w.nii.gz
  moving image: /home/mdugre/scratch/mri-registration-rp/datasets/ds004513/derivatives/mri-registration-rp/antsBrainExtraction/sub-s003/BrainExtractionBrain.nii.gz
Dimension = 3
Number of stages = 1
Use histogram matching = false
Winsorize image intensities = true
  Lower quantile = 0.005
  Upper quantile = 0.995


Stage 1 State
   Image metric = MattesMI
     Fixed image = Image (0x50507e0)
  RTTI typeinfo:   itk::Image<double, 3u>
  Reference Count: 2
  Modified Time: 1594
  Debug: Off
  Object Name: 
  Observers: 
    none
  Source: (none)
  Source output name: (none)
  Release Data: Off
  Data Released: False
  Global Release Data: Off
  PipelineMTime: 0
  UpdateMTime: 1203
  RealTimeStamp: 0 seconds 
  LargestPossibleRegion: 
    Dimension: 3
    Index: [0, 0, 0]
    Size: [193, 229, 193]
  BufferedRegion: 
    Dimension: 3
    Index: [0, 0, 0]
    Size: [193, 229, 193]
  RequestedRegion: 
    Dimension: 3
    Index: [0, 0, 0]
    Size: [193, 229, 193]
  Spacing: [1, 1, 1]
  Origin: [96, 132, -78]
  Direction: 
-1 0 0
0 -1 0
0 0 1

  IndexToPointMatrix: 
-1 0 0
0 -1 0
0 0 1

  PointToIndexMatrix: 
-1 0 0
0 -1 0
0 0 1

  Inverse Direction: 
-1 0 0
0 -1 0
0 0 1

  PixelContainer: 
    ImportImageContainer (0x5110a20)
      RTTI typeinfo:   itk::ImportImageContainer<unsigned long, double>
      Reference Count: 1
      Modified Time: 1200
      Debug: Off
      Object Name: 
      Observers: 
        none
      Pointer: 0x146e1bce0010
      Container manages memory: true
      Size: 8530021
      Capacity: 8530021

     Moving image = Image (0x510bd70)
  RTTI typeinfo:   itk::Image<double, 3u>
  Reference Count: 2
  Modified Time: 1595
  Debug: Off
  Object Name: 
  Observers: 
    none
  Source: (none)
  Source output name: (none)
  Release Data: Off
  Data Released: False
  Global Release Data: Off
  PipelineMTime: 0
  UpdateMTime: 1592
  RealTimeStamp: 0 seconds 
  LargestPossibleRegion: 
    Dimension: 3
    Index: [0, 0, 0]
    Size: [176, 240, 256]
  BufferedRegion: 
    Dimension: 3
    Index: [0, 0, 0]
    Size: [176, 240, 256]
  RequestedRegion: 
    Dimension: 3
    Index: [0, 0, 0]
    Size: [176, 240, 256]
  Spacing: [0.999999, 1, 1]
  Origin: [93.3499, 86.9368, -128.957]
  Direction: 
-0.999513 -0.0279216 -0.0139567
0.0279189 -0.99961 0.000389866
-0.0139622 2.01492e-08 0.999903

  IndexToPointMatrix: 
-0.999512 -0.0279216 -0.0139567
0.0279189 -0.99961 0.000389866
-0.0139621 2.01492e-08 0.999903

  PointToIndexMatrix: 
-0.999514 0.0279189 -0.0139622
-0.0279216 -0.99961 2.01716e-08
-0.0139567 0.000389866 0.999903

  Inverse Direction: 
-0.999513 0.0279189 -0.0139622
-0.0279216 -0.99961 2.01716e-08
-0.0139567 0.000389866 0.999903

  PixelContainer: 
    ImportImageContainer (0x50c3c90)
      RTTI typeinfo:   itk::ImportImageContainer<unsigned long, double>
      Reference Count: 1
      Modified Time: 1589
      Debug: Off
      Object Name: 
      Observers: 
        none
      Pointer: 0x146e16a5f010
      Container manages memory: true
      Size: 10813440
      Capacity: 10813440

     Weighting = 1
     Sampling strategy = regular
     Number of bins = 32
     Radius = 4
     Sampling percentage  = 0.25
   Transform = Affine
     Gradient step = 0.1
     Update field sigma (voxel space) = 0
     Total field sigma (voxel space) = 0
     Update field time sigma = 0
     Total field time sigma  = 0
     Number of time indices = 0
     Number of time point samples = 0
Registration using 1 total stages.

Stage 0
  iterations = 1000x500x250x100
  convergence threshold = 1e-06
  convergence window size = 10
  number of levels = 4
  using the Mattes MI metric (number of bins = 32, weight = 1, use gradient filter = 0)
  preprocessing:  winsorizing the image intensities
  Shrink factors (level 1 out of 4): [8, 8, 8]
  Shrink factors (level 2 out of 4): [4, 4, 4]
  Shrink factors (level 3 out of 4): [2, 2, 2]
  Shrink factors (level 4 out of 4): [1, 1, 1]
  smoothing sigmas per level: [3, 2, 1, 0]
  regular sampling (percentage = 0.25)

*** Running AffineTransform registration ***

DIAGNOSTIC,Iteration,metricValue,convergenceValue,ITERATION_TIME_INDEX,SINCE_LAST
 2DIAGNOSTIC,     1, -6.606712808858e-01, 1.797693134862e+308, 8.2944e-01, 8.2944e-01, 
 2DIAGNOSTIC,     2, -6.629957346635e-01, 1.797693134862e+308, 8.3543e-01, 5.9969e-03, 
 2DIAGNOSTIC,     3, -6.670434521414e-01, 1.797693134862e+308, 8.4128e-01, 5.8479e-03, 
 2DIAGNOSTIC,     4, -6.731648122762e-01, 1.797693134862e+308, 8.4619e-01, 4.9090e-03, 
 2DIAGNOSTIC,     5, -6.814380222463e-01, 1.797693134862e+308, 8.5114e-01, 4.9441e-03, 
 2DIAGNOSTIC,     6, -6.951199717479e-01, 1.797693134862e+308, 8.5633e-01, 5.1990e-03, 
 2DIAGNOSTIC,     7, -7.072586271836e-01, 1.797693134862e+308, 8.6270e-01, 6.3651e-03, 
 2DIAGNOSTIC,     8, -7.151445172616e-01, 1.797693134862e+308, 8.7221e-01, 9.5131e-03, 
 2DIAGNOSTIC,     9, -7.166418412280e-01, 1.797693134862e+308, 8.7830e-01, 6.0911e-03, 
 2DIAGNOSTIC,    10, -7.180769043678e-01, 6.440204570438e-03, 8.8392e-01, 5.6181e-03, 
 2DIAGNOSTIC,    11, -7.201368060868e-01, 5.598967299353e-03, 8.9058e-01, 6.6590e-03, 
 2DIAGNOSTIC,    12, -7.210147296648e-01, 4.504461051165e-03, 8.9584e-01, 5.2640e-03, 
 2DIAGNOSTIC,    13, -7.223934943715e-01, 3.348162113283e-03, 9.0230e-01, 6.4528e-03, 
 2DIAGNOSTIC,    14, -7.237081497282e-01, 2.277275768419e-03, 9.0850e-01, 6.2072e-03, 
 2DIAGNOSTIC,    15, -7.245499797651e-01, 1.388730725237e-03, 9.1601e-01, 7.5028e-03, 
 2DIAGNOSTIC,    16, -7.257969250294e-01, 8.589959744181e-04, 9.2359e-01, 7.5800e-03, 
 2DIAGNOSTIC,    17, -7.257361824320e-01, 5.966617872005e-04, 9.3136e-01, 7.7691e-03, 
 2DIAGNOSTIC,    18, -7.259522592611e-01, 4.911449168379e-04, 9.3702e-01, 5.6601e-03, 
 2DIAGNOSTIC,    19, -7.261836277614e-01, 3.879952893427e-04, 9.4307e-01, 6.0511e-03, 
 2DIAGNOSTIC,    20, -7.262941216472e-01, 2.895604036945e-04, 9.5045e-01, 7.3810e-03, 
 2DIAGNOSTIC,    21, -7.265074593916e-01, 2.172628434899e-04, 9.5868e-01, 8.2331e-03, 
 2DIAGNOSTIC,    22, -7.263888432292e-01, 1.451461720713e-04, 9.6534e-01, 6.6552e-03, 
 2DIAGNOSTIC,    23, -7.264105409415e-01, 9.034837364408e-05, 9.7160e-01, 6.2649e-03, 
 2DIAGNOSTIC,    24, -7.264836878894e-01, 5.480293112666e-05, 9.7758e-01, 5.9781e-03, 
 2DIAGNOSTIC,    25, -7.264316153602e-01, 2.913555934475e-05, 9.8317e-01, 5.5881e-03, 
 2DIAGNOSTIC,    26, -7.264725351460e-01, 2.276740662733e-05, 9.9156e-01, 8.3930e-03, 
 2DIAGNOSTIC,    27, -7.264959725241e-01, 1.428756234159e-05, 9.9761e-01, 6.0441e-03, 
 2DIAGNOSTIC,    28, -7.265981344902e-01, 9.681888024464e-06, 1.0051e+00, 7.4689e-03, 
 2DIAGNOSTIC,    29, -7.266002356635e-01, 7.727167761193e-06, 1.0120e+00, 6.9671e-03, 
 2DIAGNOSTIC,    30, -7.266176377925e-01, 6.909847346505e-06, 1.0182e+00, 6.2070e-03, 
 2DIAGNOSTIC,    31, -7.266240669155e-01, 8.487151112423e-06, 1.0253e+00, 7.0500e-03, 
 2DIAGNOSTIC,    32, -7.270447826805e-01, 1.299693385230e-05, 1.0317e+00, 6.4220e-03, 
 2DIAGNOSTIC,    33, -7.273059440865e-01, 1.931333197908e-05, 1.0401e+00, 8.3361e-03, 
 2DIAGNOSTIC,    34, -7.273218338201e-01, 2.454821763041e-05, 1.0466e+00, 6.5370e-03, 
 2DIAGNOSTIC,    35, -7.272986121073e-01, 2.649681169798e-05, 1.0531e+00, 6.4671e-03, 
 2DIAGNOSTIC,    36, -7.273133598720e-01, 2.656210577753e-05, 1.0601e+00, 7.0870e-03, 
 2DIAGNOSTIC,    37, -7.272180162515e-01, 2.329136986161e-05, 1.0666e+00, 6.4671e-03, 
 2DIAGNOSTIC,    38, -7.271241336934e-01, 1.811357363743e-05, 1.0729e+00, 6.2408e-03, 
 2DIAGNOSTIC,    39, -7.271333940013e-01, 1.174773170269e-05, 1.0796e+00, 6.7501e-03, 
 2DIAGNOSTIC,    40, -7.270482473489e-01, 4.056460409511e-06, 1.0856e+00, 6.0289e-03, 
DIAGNOSTIC,Iteration,metricValue,convergenceValue,ITERATION_TIME_INDEX,SINCE_LAST
 2DIAGNOSTIC,     1, -5.975634231522e-01, 1.797693134862e+308, 1.8703e+00, 7.8462e-01, 
 2DIAGNOSTIC,     2, -5.981795814917e-01, 1.797693134862e+308, 1.9085e+00, 3.8291e-02, 
 2DIAGNOSTIC,     3, -5.988270972577e-01, 1.797693134862e+308, 1.9436e+00, 3.5093e-02, 
 2DIAGNOSTIC,     4, -5.995083369294e-01, 1.797693134862e+308, 1.9783e+00, 3.4627e-02, 
 2DIAGNOSTIC,     5, -5.999988847028e-01, 1.797693134862e+308, 2.0117e+00, 3.3385e-02, 
 2DIAGNOSTIC,     6, -6.003646697065e-01, 1.797693134862e+308, 2.0510e+00, 3.9324e-02, 
 2DIAGNOSTIC,     7, -6.006673617130e-01, 1.797693134862e+308, 2.1029e+00, 5.1928e-02, 
 2DIAGNOSTIC,     8, -6.006884688960e-01, 1.797693134862e+308, 2.1383e+00, 3.5351e-02, 
 2DIAGNOSTIC,     9, -6.007376697449e-01, 1.797693134862e+308, 2.1731e+00, 3.4827e-02, 
 2DIAGNOSTIC,    10, -6.008313315770e-01, 3.543868338887e-04, 2.2131e+00, 4.0003e-02, 
 2DIAGNOSTIC,    11, -6.009308647244e-01, 2.500158230505e-04, 2.2523e+00, 3.9218e-02, 
 2DIAGNOSTIC,    12, -6.010952098218e-01, 1.713348238592e-04, 2.2851e+00, 3.2765e-02, 
 2DIAGNOSTIC,    13, -6.012526992208e-01, 1.184675061221e-04, 2.3218e+00, 3.6766e-02, 
 2DIAGNOSTIC,    14, -6.019435685450e-01, 1.088020327117e-04, 2.3856e+00, 6.3743e-02, 
 2DIAGNOSTIC,    15, -6.019230143506e-01, 1.047885426151e-04, 2.4290e+00, 4.3462e-02, 
 2DIAGNOSTIC,    16, -6.019209623247e-01, 1.026619654687e-04, 2.4718e+00, 4.2807e-02, 
 2DIAGNOSTIC,    17, -6.019177411054e-01, 1.001037328725e-04, 2.5053e+00, 3.3442e-02, 
 2DIAGNOSTIC,    18, -6.019170002563e-01, 8.916633480062e-05, 2.5459e+00, 4.0659e-02, 
 2DIAGNOSTIC,    19, -6.019052760451e-01, 7.194390884100e-05, 2.5847e+00, 3.8739e-02, 
 2DIAGNOSTIC,    20, -6.019019415422e-01, 5.204876856447e-05, 2.6222e+00, 3.7482e-02, 
 2DIAGNOSTIC,    21, -6.018810425143e-01, 3.131566020539e-05, 2.6600e+00, 3.7814e-02, 
 2DIAGNOSTIC,    22, -6.018704982699e-01, 1.307987891273e-05, 2.7013e+00, 4.1361e-02, 
DIAGNOSTIC,Iteration,metricValue,convergenceValue,ITERATION_TIME_INDEX,SINCE_LAST
 2DIAGNOSTIC,     1, -5.250762216380e-01, 1.797693134862e+308, 3.8724e+00, 1.1711e+00, 
 2DIAGNOSTIC,     2, -5.253714491508e-01, 1.797693134862e+308, 4.1856e+00, 3.1314e-01, 
 2DIAGNOSTIC,     3, -5.256798194619e-01, 1.797693134862e+308, 4.5093e+00, 3.2375e-01, 
 2DIAGNOSTIC,     4, -5.259639069040e-01, 1.797693134862e+308, 4.8316e+00, 3.2230e-01, 
 2DIAGNOSTIC,     5, -5.263871171710e-01, 1.797693134862e+308, 5.1749e+00, 3.4323e-01, 
 2DIAGNOSTIC,     6, -5.268540346281e-01, 1.797693134862e+308, 5.5005e+00, 3.2568e-01, 
 2DIAGNOSTIC,     7, -5.299037336272e-01, 1.797693134862e+308, 5.8877e+00, 3.8713e-01, 
 2DIAGNOSTIC,     8, -5.332843738702e-01, 1.797693134862e+308, 6.3719e+00, 4.8423e-01, 
 2DIAGNOSTIC,     9, -5.334095673361e-01, 1.797693134862e+308, 6.7535e+00, 3.8156e-01, 
 2DIAGNOSTIC,    10, -5.334011820857e-01, 1.218621920851e-03, 7.1897e+00, 4.3627e-01, 
 2DIAGNOSTIC,    11, -5.334111215962e-01, 1.162283935943e-03, 7.8087e+00, 6.1898e-01, 
 2DIAGNOSTIC,    12, -5.334118028041e-01, 1.021957100429e-03, 8.1686e+00, 3.5994e-01, 
 2DIAGNOSTIC,    13, -5.334114868639e-01, 8.214504970617e-04, 8.5081e+00, 3.3948e-01, 
 2DIAGNOSTIC,    14, -5.334117209628e-01, 5.874148209149e-04, 8.8760e+00, 3.6788e-01, 
 2DIAGNOSTIC,    15, -5.334102242226e-01, 3.492449416696e-04, 9.1679e+00, 2.9192e-01, 
 2DIAGNOSTIC,    16, -5.334100574376e-01, 1.233324261781e-04, 9.5009e+00, 3.3294e-01, 
 2DIAGNOSTIC,    17, -5.334107851265e-01, 6.085491927113e-06, 9.7945e+00, 2.9364e-01, 
 2DIAGNOSTIC,    18, -5.334100290819e-01, 1.996547344375e-06, 1.0190e+01, 3.9598e-01, 
 2DIAGNOSTIC,    19, -5.334103746331e-01, 1.868534837558e-06, 1.0455e+01, 2.6436e-01, 
 2DIAGNOSTIC,    20, -5.334089722003e-01, 1.467063225180e-06, 1.0727e+01, 2.7172e-01, 
 2DIAGNOSTIC,    21, -5.334079719373e-01, 1.344434112135e-06, 1.1052e+01, 3.2576e-01, 
 2DIAGNOSTIC,    22, -5.334078471039e-01, 1.262951876774e-06, 1.1370e+01, 3.1805e-01, 
 2DIAGNOSTIC,    23, -5.334061060551e-01, 1.157255922188e-06, 1.1664e+01, 2.9327e-01, 
 2DIAGNOSTIC,    24, -5.334062088718e-01, 1.091528334496e-06, 1.1997e+01, 3.3369e-01, 
 2DIAGNOSTIC,    25, -5.334070535172e-01, 1.039592689149e-06, 1.2377e+01, 3.7946e-01, 
DIAGNOSTIC,Iteration,metricValue,convergenceValue,ITERATION_TIME_INDEX,SINCE_LAST
 2DIAGNOSTIC,     1, -4.876385756601e-01, 1.797693134862e+308, 1.5247e+01, 2.8700e+00, 
 2DIAGNOSTIC,     2, -4.878497202031e-01, 1.797693134862e+308, 1.6983e+01, 1.7363e+00, 
 2DIAGNOSTIC,     3, -4.881403098865e-01, 1.797693134862e+308, 1.8803e+01, 1.8198e+00, 
 2DIAGNOSTIC,     4, -4.885760244478e-01, 1.797693134862e+308, 2.0533e+01, 1.7306e+00, 
 2DIAGNOSTIC,     5, -4.887425935576e-01, 1.797693134862e+308, 2.2325e+01, 1.7920e+00, 
 2DIAGNOSTIC,     6, -4.888235730607e-01, 1.797693134862e+308, 2.4208e+01, 1.8823e+00, 
 2DIAGNOSTIC,     7, -4.889388720495e-01, 1.797693134862e+308, 2.6459e+01, 2.2514e+00, 
 2DIAGNOSTIC,     8, -4.890909215845e-01, 1.797693134862e+308, 2.8449e+01, 1.9894e+00, 
 2DIAGNOSTIC,     9, -4.892157886889e-01, 1.797693134862e+308, 3.0740e+01, 2.2919e+00, 
 2DIAGNOSTIC,    10, -4.893726254801e-01, 2.229049543344e-04, 3.2605e+01, 1.8646e+00, 
 2DIAGNOSTIC,    11, -4.896218396736e-01, 1.868408612394e-04, 3.4527e+01, 1.9219e+00, 
 2DIAGNOSTIC,    12, -4.896953718116e-01, 1.537887814193e-04, 3.6669e+01, 2.1423e+00, 
 2DIAGNOSTIC,    13, -4.897990642429e-01, 1.294052657320e-04, 3.8832e+01, 2.1629e+00, 
 2DIAGNOSTIC,    14, -4.899194528801e-01, 1.199350465780e-04, 4.2671e+01, 3.8387e+00, 
 2DIAGNOSTIC,    15, -4.899190481064e-01, 1.072921080900e-04, 4.4706e+01, 2.0347e+00, 
 2DIAGNOSTIC,    16, -4.899188420956e-01, 8.947374194951e-05, 4.6628e+01, 1.9228e+00, 
 2DIAGNOSTIC,    17, -4.899186359796e-01, 6.960513263093e-05, 4.8469e+01, 1.8408e+00, 
 2DIAGNOSTIC,    18, -4.899184281590e-01, 5.058870013373e-05, 5.0203e+01, 1.7337e+00, 
 2DIAGNOSTIC,    19, -4.899183365596e-01, 3.278564641809e-05, 5.2087e+01, 1.8845e+00, 
 2DIAGNOSTIC,    20, -4.899180221525e-01, 1.827531594138e-05, 5.4121e+01, 2.0340e+00, 
 2DIAGNOSTIC,    21, -4.899179189002e-01, 1.051617374646e-05, 5.6031e+01, 1.9098e+00, 
 2DIAGNOSTIC,    22, -4.899175972392e-01, 4.515671315992e-06, 5.7914e+01, 1.8828e+00, 
 2DIAGNOSTIC,    23, -4.899174987401e-01, 1.279350353621e-06, 6.0086e+01, 2.1724e+00, 
 2DIAGNOSTIC,    24, -4.899175084441e-01, 1.236610978228e-06, 6.2133e+01, 2.0462e+00, 
 2DIAGNOSTIC,    25, -4.899174061731e-01, 1.193981616091e-06, 6.3892e+01, 1.7589e+00, 
 2DIAGNOSTIC,    26, -4.899173083304e-01, 1.155521419285e-06, 6.5641e+01, 1.7500e+00, 
 2DIAGNOSTIC,    27, -4.899173278237e-01, 1.122583774119e-06, 6.7591e+01, 1.9493e+00, 
 2DIAGNOSTIC,    28, -4.899173462902e-01, 1.093356504688e-06, 6.9653e+01, 2.0621e+00, 
 2DIAGNOSTIC,    29, -4.899170253379e-01, 1.062049894397e-06, 7.1553e+01, 1.8998e+00, 
 2DIAGNOSTIC,    30, -4.899169205256e-01, 1.028289982649e-06, 7.3632e+01, 2.0793e+00, 
  Elapsed time (stage 0): 7.4842e+01


Total elapsed time: 7.4846e+01
