
##########################
# Experiment information #
##########################

EXPERIMENT_NAME: antsRegistration-r8-p19
VFC_BACKENDS: libinterflop_vprec.so --range-binary32=8 --precision-binary32=19 --range-binary64=8 --precision-binary64=19

SIF_IMG: /home/mdugre/projects/rrg-glatard/mdugre/containers/ants-vprec-no_metrics.simg

SUBJECT_ID: s017
INPUT_IMG: /home/mdugre/scratch/mri-registration-rp/datasets/ds004513/derivatives/mri-registration-rp/antsBrainExtraction/sub-s017/BrainExtractionBrain.nii.gz
OUTPUT_DIR: /home/mdugre/scratch/mri-registration-rp/datasets/ds004513/derivatives/mri-registration-rp/0001/antsRegistration-r8-p19/sub-s017

FIXED_IMG: /templateflow/tpl-MNI152NLin2009cAsym/tpl-MNI152NLin2009cAsym_res-01_desc-brain_T1w.nii.gz
DATA_DIR: /home/mdugre/scratch/mri-registration-rp/datasets/ds004513
TEMPLATEFLOW_DIR: /home/mdugre/projects/rrg-glatard/mdugre/templateflow
ITK_GLOBAL_DEFAULT_NUMBER_OF_THREADS: 16
##########################

Info [verificarlo]: loaded backend libinterflop_ieee.so
Info [interflop-ieee]: load backend with:
Info [interflop-ieee]: debug = false
Info [interflop-ieee]: debug-binary = false
Info [interflop-ieee]: no-backend-name = false
Info [interflop-ieee]: print-new-line = false
Info [interflop-ieee]: print-subnormal-normalized = false
Info [interflop-ieee]: count-op = false
All_Command_lines_OK
Using double precision for computations.
=============================================================================
The composite transform comprises the following transforms (in order): 
  1. Center of mass alignment using fixed image: /templateflow/tpl-MNI152NLin2009cAsym/tpl-MNI152NLin2009cAsym_res-01_desc-brain_T1w.nii.gz and moving image: /home/mdugre/scratch/mri-registration-rp/datasets/ds004513/derivatives/mri-registration-rp/antsBrainExtraction/sub-s017/BrainExtractionBrain.nii.gz (type = Euler3DTransform)
=============================================================================
  number of levels = 1
  fixed image: /templateflow/tpl-MNI152NLin2009cAsym/tpl-MNI152NLin2009cAsym_res-01_desc-brain_T1w.nii.gz
  moving image: /home/mdugre/scratch/mri-registration-rp/datasets/ds004513/derivatives/mri-registration-rp/antsBrainExtraction/sub-s017/BrainExtractionBrain.nii.gz
Dimension = 3
Number of stages = 1
Use histogram matching = false
Winsorize image intensities = true
  Lower quantile = 0.005
  Upper quantile = 0.995


Stage 1 State
   Image metric = MattesMI
     Fixed image = Image (0x4e00e70)
  RTTI typeinfo:   itk::Image<double, 3u>
  Reference Count: 2
  Modified Time: 2334
  Debug: Off
  Object Name: 
  Observers: 
    none
  Source: (none)
  Source output name: (none)
  Release Data: Off
  Data Released: False
  Global Release Data: Off
  PipelineMTime: 0
  UpdateMTime: 1943
  RealTimeStamp: 0 seconds 
  LargestPossibleRegion: 
    Dimension: 3
    Index: [0, 0, 0]
    Size: [193, 229, 193]
  BufferedRegion: 
    Dimension: 3
    Index: [0, 0, 0]
    Size: [193, 229, 193]
  RequestedRegion: 
    Dimension: 3
    Index: [0, 0, 0]
    Size: [193, 229, 193]
  Spacing: [1, 1, 1]
  Origin: [96, 132, -78]
  Direction: 
-1 0 0
0 -1 0
0 0 1

  IndexToPointMatrix: 
-1 0 0
0 -1 0
0 0 1

  PointToIndexMatrix: 
-1 0 0
0 -1 0
0 0 1

  Inverse Direction: 
-1 0 0
0 -1 0
0 0 1

  PixelContainer: 
    ImportImageContainer (0x4e09c60)
      RTTI typeinfo:   itk::ImportImageContainer<unsigned long, double>
      Reference Count: 1
      Modified Time: 1940
      Debug: Off
      Object Name: 
      Observers: 
        none
      Pointer: 0x146b6b1a5010
      Container manages memory: true
      Size: 8530021
      Capacity: 8530021

     Moving image = Image (0x4e0c610)
  RTTI typeinfo:   itk::Image<double, 3u>
  Reference Count: 2
  Modified Time: 2335
  Debug: Off
  Object Name: 
  Observers: 
    none
  Source: (none)
  Source output name: (none)
  Release Data: Off
  Data Released: False
  Global Release Data: Off
  PipelineMTime: 0
  UpdateMTime: 2332
  RealTimeStamp: 0 seconds 
  LargestPossibleRegion: 
    Dimension: 3
    Index: [0, 0, 0]
    Size: [160, 240, 256]
  BufferedRegion: 
    Dimension: 3
    Index: [0, 0, 0]
    Size: [160, 240, 256]
  RequestedRegion: 
    Dimension: 3
    Index: [0, 0, 0]
    Size: [160, 240, 256]
  Spacing: [1, 1, 1]
  Origin: [91.3357, 102.231, -120.042]
  Direction: 
-0.997442 -5.36781e-05 -0.0714818
5.35416e-05 -1 3.82465e-06
-0.0714818 -1.23894e-08 0.997442

  IndexToPointMatrix: 
-0.997444 -5.36781e-05 -0.0714818
5.35418e-05 -1 3.82465e-06
-0.0714819 -1.23894e-08 0.997442

  PointToIndexMatrix: 
-0.99744 5.35415e-05 -0.0714816
-5.36781e-05 -1 -1.23894e-08
-0.0714818 3.82465e-06 0.997442

  Inverse Direction: 
-0.997442 5.35416e-05 -0.0714818
-5.36781e-05 -1 -1.23894e-08
-0.0714818 3.82465e-06 0.997442

  PixelContainer: 
    ImportImageContainer (0x4ea5ef0)
      RTTI typeinfo:   itk::ImportImageContainer<unsigned long, double>
      Reference Count: 1
      Modified Time: 2329
      Debug: Off
      Object Name: 
      Observers: 
        none
      Pointer: 0x146b666a4010
      Container manages memory: true
      Size: 9830400
      Capacity: 9830400

     Weighting = 1
     Sampling strategy = regular
     Number of bins = 32
     Radius = 4
     Sampling percentage  = 0.25
   Transform = Rigid
     Gradient step = 0.1
     Update field sigma (voxel space) = 0
     Total field sigma (voxel space) = 0
     Update field time sigma = 0
     Total field time sigma  = 0
     Number of time indices = 0
     Number of time point samples = 0
Registration using 1 total stages.

Stage 0
  iterations = 0
  convergence threshold = 1e-06
  convergence window size = 10
  number of levels = 1
  using the Mattes MI metric (number of bins = 32, weight = 1, use gradient filter = 0)
  preprocessing:  winsorizing the image intensities
  Shrink factors (level 1 out of 1): [1, 1, 1]
  smoothing sigmas per level: [0]
  regular sampling (percentage = 0.25)

*** Running Euler3DTransform registration ***

  Elapsed time (stage 0): 1.067


Total elapsed time: 1.06938
Info [verificarlo]: loaded backend libinterflop_ieee.so
Info [interflop-ieee]: load backend with:
Info [interflop-ieee]: debug = false
Info [interflop-ieee]: debug-binary = false
Info [interflop-ieee]: no-backend-name = false
Info [interflop-ieee]: print-new-line = false
Info [interflop-ieee]: print-subnormal-normalized = false
Info [interflop-ieee]: count-op = false
All_Command_lines_OK
Using double precision for computations.
=============================================================================
The composite transform comprises the following transforms (in order): 
  1. /home/mdugre/scratch/mri-registration-rp/datasets/ds004513/derivatives/mri-registration-rp/0001/antsRegistration-r8-p19/sub-s017/align_Composite.h5[0] (type = Euler3DTransform)
  2. /home/mdugre/scratch/mri-registration-rp/datasets/ds004513/derivatives/mri-registration-rp/0001/antsRegistration-r8-p19/sub-s017/align_Composite.h5[1] (type = Euler3DTransform)
=============================================================================
  number of levels = 4
  fixed image: /templateflow/tpl-MNI152NLin2009cAsym/tpl-MNI152NLin2009cAsym_res-01_desc-brain_T1w.nii.gz
  moving image: /home/mdugre/scratch/mri-registration-rp/datasets/ds004513/derivatives/mri-registration-rp/antsBrainExtraction/sub-s017/BrainExtractionBrain.nii.gz
Dimension = 3
Number of stages = 1
Use histogram matching = false
Winsorize image intensities = true
  Lower quantile = 0.005
  Upper quantile = 0.995


Stage 1 State
   Image metric = MattesMI
     Fixed image = Image (0x3d4f530)
  RTTI typeinfo:   itk::Image<double, 3u>
  Reference Count: 2
  Modified Time: 1580
  Debug: Off
  Object Name: 
  Observers: 
    none
  Source: (none)
  Source output name: (none)
  Release Data: Off
  Data Released: False
  Global Release Data: Off
  PipelineMTime: 0
  UpdateMTime: 1189
  RealTimeStamp: 0 seconds 
  LargestPossibleRegion: 
    Dimension: 3
    Index: [0, 0, 0]
    Size: [193, 229, 193]
  BufferedRegion: 
    Dimension: 3
    Index: [0, 0, 0]
    Size: [193, 229, 193]
  RequestedRegion: 
    Dimension: 3
    Index: [0, 0, 0]
    Size: [193, 229, 193]
  Spacing: [1, 1, 1]
  Origin: [96, 132, -78]
  Direction: 
-1 0 0
0 -1 0
0 0 1

  IndexToPointMatrix: 
-1 0 0
0 -1 0
0 0 1

  PointToIndexMatrix: 
-1 0 0
0 -1 0
0 0 1

  Inverse Direction: 
-1 0 0
0 -1 0
0 0 1

  PixelContainer: 
    ImportImageContainer (0x3e0dd60)
      RTTI typeinfo:   itk::ImportImageContainer<unsigned long, double>
      Reference Count: 1
      Modified Time: 1186
      Debug: Off
      Object Name: 
      Observers: 
        none
      Pointer: 0x14fd4273a010
      Container manages memory: true
      Size: 8530021
      Capacity: 8530021

     Moving image = Image (0x3dfff60)
  RTTI typeinfo:   itk::Image<double, 3u>
  Reference Count: 2
  Modified Time: 1581
  Debug: Off
  Object Name: 
  Observers: 
    none
  Source: (none)
  Source output name: (none)
  Release Data: Off
  Data Released: False
  Global Release Data: Off
  PipelineMTime: 0
  UpdateMTime: 1578
  RealTimeStamp: 0 seconds 
  LargestPossibleRegion: 
    Dimension: 3
    Index: [0, 0, 0]
    Size: [160, 240, 256]
  BufferedRegion: 
    Dimension: 3
    Index: [0, 0, 0]
    Size: [160, 240, 256]
  RequestedRegion: 
    Dimension: 3
    Index: [0, 0, 0]
    Size: [160, 240, 256]
  Spacing: [1, 1, 1]
  Origin: [91.3357, 102.231, -120.042]
  Direction: 
-0.997442 -5.36781e-05 -0.0714818
5.35416e-05 -1 3.82465e-06
-0.0714818 -1.23894e-08 0.997442

  IndexToPointMatrix: 
-0.997444 -5.36781e-05 -0.0714818
5.35418e-05 -1 3.82465e-06
-0.0714819 -1.23894e-08 0.997442

  PointToIndexMatrix: 
-0.99744 5.35415e-05 -0.0714816
-5.36781e-05 -1 -1.23894e-08
-0.0714818 3.82465e-06 0.997442

  Inverse Direction: 
-0.997442 5.35416e-05 -0.0714818
-5.36781e-05 -1 -1.23894e-08
-0.0714818 3.82465e-06 0.997442

  PixelContainer: 
    ImportImageContainer (0x3df16d0)
      RTTI typeinfo:   itk::ImportImageContainer<unsigned long, double>
      Reference Count: 1
      Modified Time: 1575
      Debug: Off
      Object Name: 
      Observers: 
        none
      Pointer: 0x14fd3dc39010
      Container manages memory: true
      Size: 9830400
      Capacity: 9830400

     Weighting = 1
     Sampling strategy = regular
     Number of bins = 32
     Radius = 4
     Sampling percentage  = 0.25
   Transform = Rigid
     Gradient step = 0.1
     Update field sigma (voxel space) = 0
     Total field sigma (voxel space) = 0
     Update field time sigma = 0
     Total field time sigma  = 0
     Number of time indices = 0
     Number of time point samples = 0
Registration using 1 total stages.

Stage 0
  iterations = 1000x500x250x100
  convergence threshold = 1e-06
  convergence window size = 10
  number of levels = 4
  using the Mattes MI metric (number of bins = 32, weight = 1, use gradient filter = 0)
  preprocessing:  winsorizing the image intensities
  Shrink factors (level 1 out of 4): [8, 8, 8]
  Shrink factors (level 2 out of 4): [4, 4, 4]
  Shrink factors (level 3 out of 4): [2, 2, 2]
  Shrink factors (level 4 out of 4): [1, 1, 1]
  smoothing sigmas per level: [3, 2, 1, 0]
  regular sampling (percentage = 0.25)

*** Running Euler3DTransform registration ***

DIAGNOSTIC,Iteration,metricValue,convergenceValue,ITERATION_TIME_INDEX,SINCE_LAST
 2DIAGNOSTIC,     1, -5.567767283252e-01, 1.797693134862e+308, 6.8483e-01, 6.8483e-01, 
 2DIAGNOSTIC,     2, -5.584239703569e-01, 1.797693134862e+308, 6.8935e-01, 4.5199e-03, 
 2DIAGNOSTIC,     3, -5.612715515272e-01, 1.797693134862e+308, 6.9326e-01, 3.9060e-03, 
 2DIAGNOSTIC,     4, -5.637780194106e-01, 1.797693134862e+308, 6.9741e-01, 4.1490e-03, 
 2DIAGNOSTIC,     5, -5.658229214212e-01, 1.797693134862e+308, 7.0110e-01, 3.6919e-03, 
 2DIAGNOSTIC,     6, -5.696445468689e-01, 1.797693134862e+308, 7.0489e-01, 3.7889e-03, 
 2DIAGNOSTIC,     7, -5.734118275242e-01, 1.797693134862e+308, 7.0871e-01, 3.8190e-03, 
 2DIAGNOSTIC,     8, -5.754533484979e-01, 1.797693134862e+308, 7.1389e-01, 5.1820e-03, 
 2DIAGNOSTIC,     9, -5.763021950250e-01, 1.797693134862e+308, 7.1756e-01, 3.6640e-03, 
 2DIAGNOSTIC,    10, -5.771142770255e-01, 2.558085388189e-03, 7.2246e-01, 4.9071e-03, 
 2DIAGNOSTIC,    11, -5.785125587612e-01, 2.176117873031e-03, 7.2628e-01, 3.8168e-03, 
 2DIAGNOSTIC,    12, -5.799413348090e-01, 1.786767970983e-03, 7.3061e-01, 4.3340e-03, 
 2DIAGNOSTIC,    13, -5.809477908980e-01, 1.443124036835e-03, 7.3495e-01, 4.3368e-03, 
 2DIAGNOSTIC,    14, -5.814655964876e-01, 1.127354078216e-03, 7.3882e-01, 3.8729e-03, 
 2DIAGNOSTIC,    15, -5.819093877219e-01, 8.331089413524e-04, 7.4314e-01, 4.3180e-03, 
 2DIAGNOSTIC,    16, -5.822326442998e-01, 6.258215683231e-04, 7.4743e-01, 4.2892e-03, 
 2DIAGNOSTIC,    17, -5.825793599843e-01, 5.040365830236e-04, 7.5138e-01, 3.9501e-03, 
 2DIAGNOSTIC,    18, -5.863713925916e-01, 5.095725576645e-04, 7.5539e-01, 4.0121e-03, 
 2DIAGNOSTIC,    19, -5.901617810168e-01, 5.855607354923e-04, 7.6250e-01, 7.1061e-03, 
 2DIAGNOSTIC,    20, -5.906016223817e-01, 6.286272500337e-04, 7.6738e-01, 4.8819e-03, 
 2DIAGNOSTIC,    21, -5.907365705867e-01, 6.467002963876e-04, 7.7190e-01, 4.5168e-03, 
 2DIAGNOSTIC,    22, -5.906256574995e-01, 6.330265936425e-04, 7.7627e-01, 4.3721e-03, 
 2DIAGNOSTIC,    23, -5.906307681711e-01, 5.816453055225e-04, 7.8014e-01, 3.8681e-03, 
 2DIAGNOSTIC,    24, -5.905636622011e-01, 4.878472529265e-04, 7.8406e-01, 3.9201e-03, 
 2DIAGNOSTIC,    25, -5.906024985371e-01, 3.662279783994e-04, 7.8838e-01, 4.3249e-03, 
 2DIAGNOSTIC,    26, -5.906025304325e-01, 2.276984665098e-04, 7.9258e-01, 4.1990e-03, 
 2DIAGNOSTIC,    27, -5.906211320575e-01, 8.394584288881e-05, 7.9653e-01, 3.9489e-03, 
 2DIAGNOSTIC,    28, -5.908796758314e-01, 1.198925031178e-05, 8.0043e-01, 3.8950e-03, 
 2DIAGNOSTIC,    29, -5.911411552396e-01, 1.217108543223e-05, 8.0481e-01, 4.3840e-03, 
 2DIAGNOSTIC,    30, -5.915241330963e-01, 2.456301684483e-05, 8.1063e-01, 5.8210e-03, 
 2DIAGNOSTIC,    31, -5.916229825992e-01, 3.758205306009e-05, 8.1458e-01, 3.9530e-03, 
 2DIAGNOSTIC,    32, -5.916651208816e-01, 4.532975448765e-05, 8.1847e-01, 3.8869e-03, 
 2DIAGNOSTIC,    33, -5.916874987632e-01, 4.885284294168e-05, 8.2256e-01, 4.0848e-03, 
 2DIAGNOSTIC,    34, -5.917053822200e-01, 4.682712858314e-05, 8.2693e-01, 4.3769e-03, 
 2DIAGNOSTIC,    35, -5.917390904868e-01, 4.153275816982e-05, 8.3759e-01, 1.0655e-02, 
 2DIAGNOSTIC,    36, -5.917390912695e-01, 3.272086429148e-05, 8.4148e-01, 3.8891e-03, 
 2DIAGNOSTIC,    37, -5.917391070342e-01, 2.163060314690e-05, 8.4541e-01, 3.9330e-03, 
 2DIAGNOSTIC,    38, -5.917391330930e-01, 1.245673595306e-05, 8.4930e-01, 3.8888e-03, 
 2DIAGNOSTIC,    39, -5.917391754735e-01, 5.801896390746e-06, 8.5316e-01, 3.8660e-03, 
 2DIAGNOSTIC,    40, -5.917392424312e-01, 3.643428654564e-06, 8.5710e-01, 3.9341e-03, 
 2DIAGNOSTIC,    41, -5.917393428829e-01, 2.487109300682e-06, 8.6105e-01, 3.9501e-03, 
 2DIAGNOSTIC,    42, -5.917394845335e-01, 1.715730318715e-06, 8.6490e-01, 3.8490e-03, 
 2DIAGNOSTIC,    43, -5.917396625587e-01, 1.144189315481e-06, 8.6879e-01, 3.8879e-03, 
DIAGNOSTIC,Iteration,metricValue,convergenceValue,ITERATION_TIME_INDEX,SINCE_LAST
 2DIAGNOSTIC,     1, -4.784004501428e-01, 1.797693134862e+308, 1.5935e+00, 7.2472e-01, 
 2DIAGNOSTIC,     2, -4.783999131497e-01, 1.797693134862e+308, 1.6206e+00, 2.7078e-02, 
 2DIAGNOSTIC,     3, -4.784190365435e-01, 1.797693134862e+308, 1.6512e+00, 3.0589e-02, 
 2DIAGNOSTIC,     4, -4.785028756520e-01, 1.797693134862e+308, 1.6784e+00, 2.7246e-02, 
 2DIAGNOSTIC,     5, -4.786647485440e-01, 1.797693134862e+308, 1.7054e+00, 2.7021e-02, 
 2DIAGNOSTIC,     6, -4.788099932969e-01, 1.797693134862e+308, 1.7323e+00, 2.6829e-02, 
 2DIAGNOSTIC,     7, -4.794645847229e-01, 1.797693134862e+308, 1.7594e+00, 2.7157e-02, 
 2DIAGNOSTIC,     8, -4.813619171764e-01, 1.797693134862e+308, 1.7959e+00, 3.6467e-02, 
 2DIAGNOSTIC,     9, -4.817935635332e-01, 1.797693134862e+308, 1.8260e+00, 3.0065e-02, 
 2DIAGNOSTIC,    10, -4.822647496872e-01, 5.583367502828e-04, 1.8534e+00, 2.7446e-02, 
 2DIAGNOSTIC,    11, -4.831344909909e-01, 6.366384572874e-04, 1.8838e+00, 3.0401e-02, 
 2DIAGNOSTIC,    12, -4.835768992619e-01, 6.653898034998e-04, 1.9274e+00, 4.3622e-02, 
 2DIAGNOSTIC,    13, -4.835677565334e-01, 6.290342969419e-04, 1.9616e+00, 3.4173e-02, 
 2DIAGNOSTIC,    14, -4.835733047850e-01, 5.452729208523e-04, 1.9981e+00, 3.6458e-02, 
 2DIAGNOSTIC,    15, -4.835701547262e-01, 4.305772096862e-04, 2.0279e+00, 2.9869e-02, 
 2DIAGNOSTIC,    16, -4.835566913016e-01, 2.956272805042e-04, 2.0547e+00, 2.6803e-02, 
 2DIAGNOSTIC,    17, -4.835523104096e-01, 1.703980276105e-04, 2.0847e+00, 2.9920e-02, 
 2DIAGNOSTIC,    18, -4.835483887839e-01, 1.058854946834e-04, 2.1111e+00, 2.6451e-02, 
 2DIAGNOSTIC,    19, -4.835469915475e-01, 5.203914180014e-05, 2.1384e+00, 2.7255e-02, 
 2DIAGNOSTIC,    20, -4.835401827380e-01, 1.204163296578e-05, 2.1701e+00, 3.1750e-02, 
DIAGNOSTIC,Iteration,metricValue,convergenceValue,ITERATION_TIME_INDEX,SINCE_LAST
 2DIAGNOSTIC,     1, -4.161561167866e-01, 1.797693134862e+308, 3.2942e+00, 1.1241e+00, 
 2DIAGNOSTIC,     2, -4.161756893439e-01, 1.797693134862e+308, 3.5969e+00, 3.0267e-01, 
 2DIAGNOSTIC,     3, -4.161696114510e-01, 1.797693134862e+308, 3.8651e+00, 2.6825e-01, 
 2DIAGNOSTIC,     4, -4.161681503554e-01, 1.797693134862e+308, 4.2564e+00, 3.9126e-01, 
 2DIAGNOSTIC,     5, -4.161678896604e-01, 1.797693134862e+308, 4.5253e+00, 2.6898e-01, 
 2DIAGNOSTIC,     6, -4.161669123586e-01, 1.797693134862e+308, 4.7860e+00, 2.6061e-01, 
 2DIAGNOSTIC,     7, -4.161667485645e-01, 1.797693134862e+308, 5.0579e+00, 2.7193e-01, 
 2DIAGNOSTIC,     8, -4.161656816017e-01, 1.797693134862e+308, 5.2903e+00, 2.3237e-01, 
 2DIAGNOSTIC,     9, -4.161650043540e-01, 1.797693134862e+308, 5.5696e+00, 2.7936e-01, 
 2DIAGNOSTIC,    10, -4.161655463815e-01, 2.943366671684e-06, 5.8593e+00, 2.8965e-01, 
 2DIAGNOSTIC,    11, -4.161636420996e-01, 1.720591505577e-06, 6.1218e+00, 2.6248e-01, 
 2DIAGNOSTIC,    12, -4.161624970810e-01, 1.867462472771e-06, 6.3922e+00, 2.7040e-01, 
 2DIAGNOSTIC,    13, -4.161615819746e-01, 1.698398057498e-06, 6.6561e+00, 2.6393e-01, 
 2DIAGNOSTIC,    14, -4.161624603297e-01, 1.592444845919e-06, 6.9121e+00, 2.5600e-01, 
 2DIAGNOSTIC,    15, -4.161620529816e-01, 1.530180440121e-06, 7.1830e+00, 2.7091e-01, 
 2DIAGNOSTIC,    16, -4.161603835108e-01, 1.417836922896e-06, 7.4165e+00, 2.3346e-01, 
 2DIAGNOSTIC,    17, -4.161625251484e-01, 1.455414125967e-06, 7.6730e+00, 2.5659e-01, 
 2DIAGNOSTIC,    18, -4.161617349628e-01, 1.453854869798e-06, 7.8988e+00, 2.2574e-01, 
 2DIAGNOSTIC,    19, -4.161656140596e-01, 1.594928510207e-06, 8.1661e+00, 2.6728e-01, 
 2DIAGNOSTIC,    20, -4.161678254533e-01, 1.821576335104e-06, 8.5400e+00, 3.7393e-01, 
 2DIAGNOSTIC,    21, -4.161672172263e-01, 1.924327032055e-06, 8.8053e+00, 2.6529e-01, 
 2DIAGNOSTIC,    22, -4.161665846126e-01, 1.927748315055e-06, 9.0474e+00, 2.4208e-01, 
 2DIAGNOSTIC,    23, -4.161660793969e-01, 1.843028037997e-06, 9.3190e+00, 2.7165e-01, 
 2DIAGNOSTIC,    24, -4.161655365536e-01, 1.730448871244e-06, 9.5465e+00, 2.2752e-01, 
 2DIAGNOSTIC,    25, -4.161651834949e-01, 1.568353736076e-06, 9.7856e+00, 2.3904e-01, 
 2DIAGNOSTIC,    26, -4.161660037667e-01, 1.368374529610e-06, 1.0053e+01, 2.6700e-01, 
 2DIAGNOSTIC,    27, -4.161651045498e-01, 1.203105047733e-06, 1.0343e+01, 2.9048e-01, 
 2DIAGNOSTIC,    28, -4.161679884900e-01, 1.097088636159e-06, 1.0603e+01, 2.6034e-01, 
 2DIAGNOSTIC,    29, -4.161710849649e-01, 1.162831209316e-06, 1.0895e+01, 2.9182e-01, 
 2DIAGNOSTIC,    30, -4.161703640306e-01, 1.250475682953e-06, 1.1175e+01, 2.7956e-01, 
 2DIAGNOSTIC,    31, -4.161708142912e-01, 1.313167800755e-06, 1.1456e+01, 2.8163e-01, 
 2DIAGNOSTIC,    32, -4.161710089266e-01, 1.336085261212e-06, 1.1702e+01, 2.4605e-01, 
 2DIAGNOSTIC,    33, -4.161749613451e-01, 1.395595228784e-06, 1.1993e+01, 2.9020e-01, 
 2DIAGNOSTIC,    34, -4.161777487508e-01, 1.452526301595e-06, 1.2238e+01, 2.4575e-01, 
 2DIAGNOSTIC,    35, -4.161792220182e-01, 1.478601728926e-06, 1.2516e+01, 2.7716e-01, 
 2DIAGNOSTIC,    36, -4.161806859654e-01, 1.495439444280e-06, 1.2789e+01, 2.7388e-01, 
 2DIAGNOSTIC,    37, -4.161791778430e-01, 1.407680700550e-06, 1.3042e+01, 2.5261e-01, 
 2DIAGNOSTIC,    38, -4.161838486872e-01, 1.406626911667e-06, 1.3373e+01, 3.3100e-01, 
 2DIAGNOSTIC,    39, -4.161849953106e-01, 1.422742218263e-06, 1.3699e+01, 3.2553e-01, 
 2DIAGNOSTIC,    40, -4.161860914897e-01, 1.386764675017e-06, 1.4087e+01, 3.8802e-01, 
 2DIAGNOSTIC,    41, -4.161854987583e-01, 1.295749612541e-06, 1.4374e+01, 2.8719e-01, 
 2DIAGNOSTIC,    42, -4.161840259995e-01, 1.138573369024e-06, 1.4666e+01, 2.9198e-01, 
 2DIAGNOSTIC,    43, -4.161834049866e-01, 1.004201851087e-06, 1.4909e+01, 2.4315e-01, 
DIAGNOSTIC,Iteration,metricValue,convergenceValue,ITERATION_TIME_INDEX,SINCE_LAST
 2DIAGNOSTIC,     1, -3.834265912384e-01, 1.797693134862e+308, 1.7391e+01, 2.4821e+00, 
 2DIAGNOSTIC,     2, -3.834925053386e-01, 1.797693134862e+308, 1.8981e+01, 1.5899e+00, 
 2DIAGNOSTIC,     3, -3.834978116517e-01, 1.797693134862e+308, 2.0652e+01, 1.6712e+00, 
 2DIAGNOSTIC,     4, -3.835004127757e-01, 1.797693134862e+308, 2.2417e+01, 1.7648e+00, 
 2DIAGNOSTIC,     5, -3.835019582524e-01, 1.797693134862e+308, 2.4113e+01, 1.6962e+00, 
 2DIAGNOSTIC,     6, -3.835049957434e-01, 1.797693134862e+308, 2.5935e+01, 1.8220e+00, 
 2DIAGNOSTIC,     7, -3.835058343730e-01, 1.797693134862e+308, 2.7712e+01, 1.7773e+00, 
 2DIAGNOSTIC,     8, -3.835066498262e-01, 1.797693134862e+308, 2.9638e+01, 1.9253e+00, 
 2DIAGNOSTIC,     9, -3.835062955328e-01, 1.797693134862e+308, 3.1463e+01, 1.8252e+00, 
 2DIAGNOSTIC,    10, -3.835063109003e-01, 1.066660680987e-05, 3.3193e+01, 1.7305e+00, 
 2DIAGNOSTIC,    11, -3.835061571797e-01, 4.747040242128e-06, 3.5418e+01, 2.2243e+00, 
 2DIAGNOSTIC,    12, -3.835060832655e-01, 3.706200278356e-06, 3.6865e+01, 1.4478e+00, 
 2DIAGNOSTIC,    13, -3.835060190727e-01, 3.027825901836e-06, 3.8608e+01, 1.7429e+00, 
 2DIAGNOSTIC,    14, -3.835058638484e-01, 2.523466972632e-06, 4.0247e+01, 1.6391e+00, 
 2DIAGNOSTIC,    15, -3.835058006970e-01, 2.133709204918e-06, 4.1942e+01, 1.6941e+00, 
 2DIAGNOSTIC,    16, -3.835056463977e-01, 1.924177705115e-06, 4.3837e+01, 1.8950e+00, 
 2DIAGNOSTIC,    17, -3.835054775134e-01, 1.773328551467e-06, 4.5519e+01, 1.6825e+00, 
 2DIAGNOSTIC,    18, -3.835053086128e-01, 1.675385373802e-06, 4.6927e+01, 1.4084e+00, 
 2DIAGNOSTIC,    19, -3.835051448150e-01, 1.576051814958e-06, 4.8296e+01, 1.3685e+00, 
 2DIAGNOSTIC,    20, -3.835051658772e-01, 1.497295071186e-06, 4.9691e+01, 1.3955e+00, 
 2DIAGNOSTIC,    21, -3.835053779581e-01, 1.436675311647e-06, 5.1263e+01, 1.5712e+00, 
 2DIAGNOSTIC,    22, -3.835055901420e-01, 1.393331720008e-06, 5.3029e+01, 1.7666e+00, 
 2DIAGNOSTIC,    23, -3.835055251011e-01, 1.354581541636e-06, 5.4700e+01, 1.6712e+00, 
 2DIAGNOSTIC,    24, -3.835054518290e-01, 1.314933129978e-06, 5.6279e+01, 1.5788e+00, 
 2DIAGNOSTIC,    25, -3.835053813431e-01, 1.275595340383e-06, 5.7925e+01, 1.6455e+00, 
 2DIAGNOSTIC,    26, -3.835053141625e-01, 1.232550093953e-06, 5.9399e+01, 1.4746e+00, 
 2DIAGNOSTIC,    27, -3.835053494683e-01, 1.188143191770e-06, 6.0932e+01, 1.5327e+00, 
 2DIAGNOSTIC,    28, -3.835054089361e-01, 1.143229096903e-06, 6.2532e+01, 1.5999e+00, 
 2DIAGNOSTIC,    29, -3.835055814686e-01, 1.101082725947e-06, 6.3998e+01, 1.4662e+00, 
 2DIAGNOSTIC,    30, -3.835053714649e-01, 1.056523023957e-06, 6.6090e+01, 2.0918e+00, 
 2DIAGNOSTIC,    31, -3.835053052296e-01, 1.018740037745e-06, 6.7630e+01, 1.5398e+00, 
  Elapsed time (stage 0): 6.8447e+01


Total elapsed time: 6.8450e+01
Info [verificarlo]: loaded backend libinterflop_ieee.so
Info [interflop-ieee]: load backend with:
Info [interflop-ieee]: debug = false
Info [interflop-ieee]: debug-binary = false
Info [interflop-ieee]: no-backend-name = false
Info [interflop-ieee]: print-new-line = false
Info [interflop-ieee]: print-subnormal-normalized = false
Info [interflop-ieee]: count-op = false
All_Command_lines_OK
Using double precision for computations.
=============================================================================
The composite transform comprises the following transforms (in order): 
  1. /home/mdugre/scratch/mri-registration-rp/datasets/ds004513/derivatives/mri-registration-rp/0001/antsRegistration-r8-p19/sub-s017/rigid_Composite.h5[0] (type = Euler3DTransform)
  2. /home/mdugre/scratch/mri-registration-rp/datasets/ds004513/derivatives/mri-registration-rp/0001/antsRegistration-r8-p19/sub-s017/rigid_Composite.h5[1] (type = Euler3DTransform)
  3. /home/mdugre/scratch/mri-registration-rp/datasets/ds004513/derivatives/mri-registration-rp/0001/antsRegistration-r8-p19/sub-s017/rigid_Composite.h5[2] (type = Euler3DTransform)
=============================================================================
  number of levels = 4
  fixed image: /templateflow/tpl-MNI152NLin2009cAsym/tpl-MNI152NLin2009cAsym_res-01_desc-brain_T1w.nii.gz
  moving image: /home/mdugre/scratch/mri-registration-rp/datasets/ds004513/derivatives/mri-registration-rp/antsBrainExtraction/sub-s017/BrainExtractionBrain.nii.gz
Dimension = 3
Number of stages = 1
Use histogram matching = false
Winsorize image intensities = true
  Lower quantile = 0.005
  Upper quantile = 0.995


Stage 1 State
   Image metric = MattesMI
     Fixed image = Image (0x4eec7e0)
  RTTI typeinfo:   itk::Image<double, 3u>
  Reference Count: 2
  Modified Time: 1594
  Debug: Off
  Object Name: 
  Observers: 
    none
  Source: (none)
  Source output name: (none)
  Release Data: Off
  Data Released: False
  Global Release Data: Off
  PipelineMTime: 0
  UpdateMTime: 1203
  RealTimeStamp: 0 seconds 
  LargestPossibleRegion: 
    Dimension: 3
    Index: [0, 0, 0]
    Size: [193, 229, 193]
  BufferedRegion: 
    Dimension: 3
    Index: [0, 0, 0]
    Size: [193, 229, 193]
  RequestedRegion: 
    Dimension: 3
    Index: [0, 0, 0]
    Size: [193, 229, 193]
  Spacing: [1, 1, 1]
  Origin: [96, 132, -78]
  Direction: 
-1 0 0
0 -1 0
0 0 1

  IndexToPointMatrix: 
-1 0 0
0 -1 0
0 0 1

  PointToIndexMatrix: 
-1 0 0
0 -1 0
0 0 1

  Inverse Direction: 
-1 0 0
0 -1 0
0 0 1

  PixelContainer: 
    ImportImageContainer (0x4faca20)
      RTTI typeinfo:   itk::ImportImageContainer<unsigned long, double>
      Reference Count: 1
      Modified Time: 1200
      Debug: Off
      Object Name: 
      Observers: 
        none
      Pointer: 0x14644f8ee010
      Container manages memory: true
      Size: 8530021
      Capacity: 8530021

     Moving image = Image (0x4fa7d70)
  RTTI typeinfo:   itk::Image<double, 3u>
  Reference Count: 2
  Modified Time: 1595
  Debug: Off
  Object Name: 
  Observers: 
    none
  Source: (none)
  Source output name: (none)
  Release Data: Off
  Data Released: False
  Global Release Data: Off
  PipelineMTime: 0
  UpdateMTime: 1592
  RealTimeStamp: 0 seconds 
  LargestPossibleRegion: 
    Dimension: 3
    Index: [0, 0, 0]
    Size: [160, 240, 256]
  BufferedRegion: 
    Dimension: 3
    Index: [0, 0, 0]
    Size: [160, 240, 256]
  RequestedRegion: 
    Dimension: 3
    Index: [0, 0, 0]
    Size: [160, 240, 256]
  Spacing: [1, 1, 1]
  Origin: [91.3357, 102.231, -120.042]
  Direction: 
-0.997442 -5.36781e-05 -0.0714818
5.35416e-05 -1 3.82465e-06
-0.0714818 -1.23894e-08 0.997442

  IndexToPointMatrix: 
-0.997444 -5.36781e-05 -0.0714818
5.35418e-05 -1 3.82465e-06
-0.0714819 -1.23894e-08 0.997442

  PointToIndexMatrix: 
-0.99744 5.35415e-05 -0.0714816
-5.36781e-05 -1 -1.23894e-08
-0.0714818 3.82465e-06 0.997442

  Inverse Direction: 
-0.997442 5.35416e-05 -0.0714818
-5.36781e-05 -1 -1.23894e-08
-0.0714818 3.82465e-06 0.997442

  PixelContainer: 
    ImportImageContainer (0x4f5fc90)
      RTTI typeinfo:   itk::ImportImageContainer<unsigned long, double>
      Reference Count: 1
      Modified Time: 1589
      Debug: Off
      Object Name: 
      Observers: 
        none
      Pointer: 0x14644aded010
      Container manages memory: true
      Size: 9830400
      Capacity: 9830400

     Weighting = 1
     Sampling strategy = regular
     Number of bins = 32
     Radius = 4
     Sampling percentage  = 0.25
   Transform = Affine
     Gradient step = 0.1
     Update field sigma (voxel space) = 0
     Total field sigma (voxel space) = 0
     Update field time sigma = 0
     Total field time sigma  = 0
     Number of time indices = 0
     Number of time point samples = 0
Registration using 1 total stages.

Stage 0
  iterations = 1000x500x250x100
  convergence threshold = 1e-06
  convergence window size = 10
  number of levels = 4
  using the Mattes MI metric (number of bins = 32, weight = 1, use gradient filter = 0)
  preprocessing:  winsorizing the image intensities
  Shrink factors (level 1 out of 4): [8, 8, 8]
  Shrink factors (level 2 out of 4): [4, 4, 4]
  Shrink factors (level 3 out of 4): [2, 2, 2]
  Shrink factors (level 4 out of 4): [1, 1, 1]
  smoothing sigmas per level: [3, 2, 1, 0]
  regular sampling (percentage = 0.25)

*** Running AffineTransform registration ***

DIAGNOSTIC,Iteration,metricValue,convergenceValue,ITERATION_TIME_INDEX,SINCE_LAST
 2DIAGNOSTIC,     1, -5.806290998355e-01, 1.797693134862e+308, 8.5476e-01, 8.5476e-01, 
 2DIAGNOSTIC,     2, -5.832407507858e-01, 1.797693134862e+308, 8.5956e-01, 4.7920e-03, 
 2DIAGNOSTIC,     3, -5.883921006387e-01, 1.797693134862e+308, 8.6496e-01, 5.4021e-03, 
 2DIAGNOSTIC,     4, -5.973582021447e-01, 1.797693134862e+308, 8.7012e-01, 5.1620e-03, 
 2DIAGNOSTIC,     5, -6.166279650374e-01, 1.797693134862e+308, 8.7667e-01, 6.5489e-03, 
 2DIAGNOSTIC,     6, -6.406440242547e-01, 1.797693134862e+308, 8.8228e-01, 5.6129e-03, 
 2DIAGNOSTIC,     7, -7.009864249068e-01, 1.797693134862e+308, 8.8726e-01, 4.9770e-03, 
 2DIAGNOSTIC,     8, -7.630482503677e-01, 1.797693134862e+308, 8.9250e-01, 5.2431e-03, 
 2DIAGNOSTIC,     9, -8.423469024636e-01, 1.797693134862e+308, 9.0055e-01, 8.0490e-03, 
 2DIAGNOSTIC,    10, -8.569694547012e-01, 2.845116125936e-02, 9.0609e-01, 5.5399e-03, 
 2DIAGNOSTIC,    11, -8.701917120432e-01, 2.871708892696e-02, 9.1232e-01, 6.2249e-03, 
 2DIAGNOSTIC,    12, -8.814645615544e-01, 2.683607374060e-02, 9.2161e-01, 9.2909e-03, 
 2DIAGNOSTIC,    13, -8.822368119242e-01, 2.307206286819e-02, 9.2703e-01, 5.4252e-03, 
 2DIAGNOSTIC,    14, -8.834458721062e-01, 1.815384145517e-02, 9.3301e-01, 5.9760e-03, 
 2DIAGNOSTIC,    15, -8.851322803295e-01, 1.292532931788e-02, 9.3855e-01, 5.5430e-03, 
 2DIAGNOSTIC,    16, -8.870480810324e-01, 7.902435124225e-03, 9.4416e-01, 5.6059e-03, 
 2DIAGNOSTIC,    17, -8.886777820239e-01, 4.189413214114e-03, 9.5094e-01, 6.7830e-03, 
 2DIAGNOSTIC,    18, -8.889448811396e-01, 1.810422440220e-03, 9.5763e-01, 6.6900e-03, 
 2DIAGNOSTIC,    19, -8.890594324427e-01, 1.083853147319e-03, 9.6370e-01, 6.0701e-03, 
 2DIAGNOSTIC,    20, -8.887882562682e-01, 5.969783287814e-04, 9.6984e-01, 6.1421e-03, 
 2DIAGNOSTIC,    21, -8.886098616601e-01, 3.264824862182e-04, 9.7709e-01, 7.2501e-03, 
 2DIAGNOSTIC,    22, -8.885249833387e-01, 2.361096486691e-04, 9.8320e-01, 6.1040e-03, 
 2DIAGNOSTIC,    23, -8.882875303708e-01, 1.410432901127e-04, 9.8938e-01, 6.1870e-03, 
 2DIAGNOSTIC,    24, -8.882052346052e-01, 5.851496565672e-05, 9.9495e-01, 5.5702e-03, 
DIAGNOSTIC,Iteration,metricValue,convergenceValue,ITERATION_TIME_INDEX,SINCE_LAST
 2DIAGNOSTIC,     1, -7.469015880221e-01, 1.797693134862e+308, 1.7757e+00, 7.8077e-01, 
 2DIAGNOSTIC,     2, -7.476337610878e-01, 1.797693134862e+308, 1.8133e+00, 3.7545e-02, 
 2DIAGNOSTIC,     3, -7.481984149650e-01, 1.797693134862e+308, 1.8524e+00, 3.9080e-02, 
 2DIAGNOSTIC,     4, -7.485348957286e-01, 1.797693134862e+308, 1.8921e+00, 3.9715e-02, 
 2DIAGNOSTIC,     5, -7.488723349556e-01, 1.797693134862e+308, 1.9349e+00, 4.2804e-02, 
 2DIAGNOSTIC,     6, -7.493028718926e-01, 1.797693134862e+308, 1.9803e+00, 4.5397e-02, 
 2DIAGNOSTIC,     7, -7.498240981810e-01, 1.797693134862e+308, 2.0280e+00, 4.7731e-02, 
 2DIAGNOSTIC,     8, -7.499189038342e-01, 1.797693134862e+308, 2.0694e+00, 4.1387e-02, 
 2DIAGNOSTIC,     9, -7.503981903911e-01, 1.797693134862e+308, 2.1247e+00, 5.5349e-02, 
 2DIAGNOSTIC,    10, -7.505578656887e-01, 3.049238794525e-04, 2.1700e+00, 4.5248e-02, 
 2DIAGNOSTIC,    11, -7.505341234047e-01, 2.389539873188e-04, 2.2127e+00, 4.2725e-02, 
 2DIAGNOSTIC,    12, -7.505061914354e-01, 1.848758116854e-04, 2.2551e+00, 4.2343e-02, 
 2DIAGNOSTIC,    13, -7.505141121358e-01, 1.393602367781e-04, 2.2927e+00, 3.7619e-02, 
 2DIAGNOSTIC,    14, -7.505102733180e-01, 9.677096663629e-05, 2.3323e+00, 3.9647e-02, 
 2DIAGNOSTIC,    15, -7.505029863099e-01, 5.935599092803e-05, 2.3759e+00, 4.3586e-02, 
 2DIAGNOSTIC,    16, -7.504912485727e-01, 3.116311111535e-05, 2.4130e+00, 3.7141e-02, 
 2DIAGNOSTIC,    17, -7.504804689068e-01, 1.513171506178e-05, 2.4467e+00, 3.3636e-02, 
 2DIAGNOSTIC,    18, -7.504860792893e-01, 1.517275784589e-06, 2.4800e+00, 3.3296e-02, 
DIAGNOSTIC,Iteration,metricValue,convergenceValue,ITERATION_TIME_INDEX,SINCE_LAST
 2DIAGNOSTIC,     1, -6.294116116114e-01, 1.797693134862e+308, 3.6283e+00, 1.1483e+00, 
 2DIAGNOSTIC,     2, -6.299274338016e-01, 1.797693134862e+308, 3.9392e+00, 3.1089e-01, 
 2DIAGNOSTIC,     3, -6.304606937798e-01, 1.797693134862e+308, 4.2430e+00, 3.0386e-01, 
 2DIAGNOSTIC,     4, -6.311440983418e-01, 1.797693134862e+308, 4.5467e+00, 3.0366e-01, 
 2DIAGNOSTIC,     5, -6.319613521813e-01, 1.797693134862e+308, 4.8566e+00, 3.0987e-01, 
 2DIAGNOSTIC,     6, -6.326508620110e-01, 1.797693134862e+308, 5.3867e+00, 5.3018e-01, 
 2DIAGNOSTIC,     7, -6.326442432257e-01, 1.797693134862e+308, 5.8347e+00, 4.4793e-01, 
 2DIAGNOSTIC,     8, -6.326421030770e-01, 1.797693134862e+308, 6.1504e+00, 3.1570e-01, 
 2DIAGNOSTIC,     9, -6.326413590889e-01, 1.797693134862e+308, 6.4849e+00, 3.3447e-01, 
 2DIAGNOSTIC,    10, -6.326405357088e-01, 3.607193963872e-04, 6.8414e+00, 3.5652e-01, 
 2DIAGNOSTIC,    11, -6.326380581521e-01, 2.475998180444e-04, 7.1808e+00, 3.3942e-01, 
 2DIAGNOSTIC,    12, -6.326382569130e-01, 1.509095258462e-04, 7.4611e+00, 2.8026e-01, 
 2DIAGNOSTIC,    13, -6.326371997369e-01, 7.419551448255e-05, 7.7779e+00, 3.1686e-01, 
 2DIAGNOSTIC,    14, -6.326376013923e-01, 2.341665004933e-05, 8.0960e+00, 3.1805e-01, 
 2DIAGNOSTIC,    15, -6.326364676775e-01, 1.358505449869e-06, 8.3710e+00, 2.7499e-01, 
 2DIAGNOSTIC,    16, -6.326355130765e-01, 1.489403070487e-06, 8.6576e+00, 2.8660e-01, 
 2DIAGNOSTIC,    17, -6.326348603995e-01, 1.460469371536e-06, 9.0004e+00, 3.4278e-01, 
 2DIAGNOSTIC,    18, -6.326337609873e-01, 1.391313780741e-06, 9.3399e+00, 3.3953e-01, 
 2DIAGNOSTIC,    19, -6.326327162116e-01, 1.322246883803e-06, 9.6454e+00, 3.0556e-01, 
 2DIAGNOSTIC,    20, -6.326305164858e-01, 1.226844881894e-06, 9.9936e+00, 3.4821e-01, 
 2DIAGNOSTIC,    21, -6.326298185938e-01, 1.107474597833e-06, 1.0287e+01, 2.9314e-01, 
 2DIAGNOSTIC,    22, -6.326281933110e-01, 1.008190593496e-06, 1.0564e+01, 2.7701e-01, 
DIAGNOSTIC,Iteration,metricValue,convergenceValue,ITERATION_TIME_INDEX,SINCE_LAST
 2DIAGNOSTIC,     1, -5.634463074795e-01, 1.797693134862e+308, 1.3537e+01, 2.9731e+00, 
 2DIAGNOSTIC,     2, -5.639251010243e-01, 1.797693134862e+308, 1.5656e+01, 2.1192e+00, 
 2DIAGNOSTIC,     3, -5.643935836766e-01, 1.797693134862e+308, 1.7631e+01, 1.9746e+00, 
 2DIAGNOSTIC,     4, -5.653421952831e-01, 1.797693134862e+308, 1.9826e+01, 2.1951e+00, 
 2DIAGNOSTIC,     5, -5.666806176420e-01, 1.797693134862e+308, 2.2702e+01, 2.8762e+00, 
 2DIAGNOSTIC,     6, -5.666788287226e-01, 1.797693134862e+308, 2.5211e+01, 2.5095e+00, 
 2DIAGNOSTIC,     7, -5.666781101008e-01, 1.797693134862e+308, 2.7344e+01, 2.1326e+00, 
 2DIAGNOSTIC,     8, -5.666783212128e-01, 1.797693134862e+308, 2.9998e+01, 2.6541e+00, 
 2DIAGNOSTIC,     9, -5.666785053945e-01, 1.797693134862e+308, 3.2298e+01, 2.2997e+00, 
 2DIAGNOSTIC,    10, -5.666785096733e-01, 3.983164587937e-04, 3.4327e+01, 2.0291e+00, 
 2DIAGNOSTIC,    11, -5.666784782018e-01, 2.625719990720e-04, 3.6710e+01, 2.3832e+00, 
 2DIAGNOSTIC,    12, -5.666781760281e-01, 1.470608152865e-04, 3.8987e+01, 2.2768e+00, 
 2DIAGNOSTIC,    13, -5.666781722880e-01, 5.397562390309e-05, 4.1164e+01, 2.1774e+00, 
 2DIAGNOSTIC,    14, -5.666778978628e-01, 2.161087311714e-06, 4.3180e+01, 2.0156e+00, 
 2DIAGNOSTIC,    15, -5.666778465638e-01, 2.075157743878e-06, 4.4923e+01, 1.7431e+00, 
 2DIAGNOSTIC,    16, -5.666779916006e-01, 1.953602069421e-06, 4.6785e+01, 1.8618e+00, 
 2DIAGNOSTIC,    17, -5.666783397015e-01, 1.838560689311e-06, 4.8795e+01, 2.0097e+00, 
 2DIAGNOSTIC,    18, -5.666783894787e-01, 1.746424519590e-06, 5.1378e+01, 2.5835e+00, 
 2DIAGNOSTIC,    19, -5.666781668414e-01, 1.665180784788e-06, 5.3513e+01, 2.1350e+00, 
 2DIAGNOSTIC,    20, -5.666780934007e-01, 1.591590909129e-06, 5.5269e+01, 1.7554e+00, 
 2DIAGNOSTIC,    21, -5.666779231020e-01, 1.520235757620e-06, 5.7213e+01, 1.9440e+00, 
 2DIAGNOSTIC,    22, -5.666778566298e-01, 1.446330064617e-06, 5.9450e+01, 2.2375e+00, 
 2DIAGNOSTIC,    23, -5.666775270228e-01, 1.371798127592e-06, 6.1566e+01, 2.1162e+00, 
 2DIAGNOSTIC,    24, -5.666776675536e-01, 1.302219476862e-06, 6.3593e+01, 2.0264e+00, 
 2DIAGNOSTIC,    25, -5.666775096462e-01, 1.236166447031e-06, 6.5667e+01, 2.0742e+00, 
 2DIAGNOSTIC,    26, -5.666775608876e-01, 1.182305417478e-06, 6.8037e+01, 2.3705e+00, 
 2DIAGNOSTIC,    27, -5.666774791830e-01, 1.141276602348e-06, 7.0064e+01, 2.0268e+00, 
 2DIAGNOSTIC,    28, -5.666773796548e-01, 1.105985921970e-06, 7.1843e+01, 1.7792e+00, 
 2DIAGNOSTIC,    29, -5.666771652470e-01, 1.068493270820e-06, 7.3748e+01, 1.9045e+00, 
 2DIAGNOSTIC,    30, -5.666773073090e-01, 1.037466226705e-06, 7.5790e+01, 2.0424e+00, 
 2DIAGNOSTIC,    31, -5.666769514232e-01, 1.002016018950e-06, 7.7855e+01, 2.0653e+00, 
  Elapsed time (stage 0): 7.9014e+01


Total elapsed time: 7.9016e+01
Info [verificarlo]: loaded backend libinterflop_vprec.so
Info [interflop-vprec]: load backend with: 
Info [interflop-vprec]: precision-binary32 = 19
Info [interflop-vprec]: range-binary32 = 8
Info [interflop-vprec]: precision-binary64 = 19
Info [interflop-vprec]: range-binary64 = 8
Info [interflop-vprec]: mode = ob
Info [interflop-vprec]: error-mode = rel
Info [interflop-vprec]: max-abs-error-exponent = -1022
Info [interflop-vprec]: daz = false
Info [interflop-vprec]: ftz = false
Info [interflop-vprec]: 	instrument = none
Info [interflop-vprec]: 	prec-input-file = (null)
Info [interflop-vprec]: 	prec-output-file = (null)
Info [interflop-vprec]: 	prec-log-file = (null)
All_Command_lines_OK
Using double precision for computations.
=============================================================================
The composite transform comprises the following transforms (in order): 
  1. /home/mdugre/scratch/mri-registration-rp/datasets/ds004513/derivatives/mri-registration-rp/0001/antsRegistration-r8-p19/sub-s017/affine_Composite.h5[0] (type = Euler3DTransform)
  2. /home/mdugre/scratch/mri-registration-rp/datasets/ds004513/derivatives/mri-registration-rp/0001/antsRegistration-r8-p19/sub-s017/affine_Composite.h5[1] (type = Euler3DTransform)
  3. /home/mdugre/scratch/mri-registration-rp/datasets/ds004513/derivatives/mri-registration-rp/0001/antsRegistration-r8-p19/sub-s017/affine_Composite.h5[2] (type = Euler3DTransform)
  4. /home/mdugre/scratch/mri-registration-rp/datasets/ds004513/derivatives/mri-registration-rp/0001/antsRegistration-r8-p19/sub-s017/affine_Composite.h5[3] (type = AffineTransform)
=============================================================================
  number of levels = 4
  fixed image: /templateflow/tpl-MNI152NLin2009cAsym/tpl-MNI152NLin2009cAsym_res-01_desc-brain_T1w.nii.gz
  moving image: /home/mdugre/scratch/mri-registration-rp/datasets/ds004513/derivatives/mri-registration-rp/antsBrainExtraction/sub-s017/BrainExtractionBrain.nii.gz
Dimension = 3
Number of stages = 1
Use histogram matching = false
Winsorize image intensities = true
  Lower quantile = 0.005
  Upper quantile = 0.995


Stage 1 State
   Image metric = CC
     Fixed image = Image (0x51106f0)
  RTTI typeinfo:   itk::Image<double, 3u>
  Reference Count: 2
  Modified Time: 1608
  Debug: Off
