
##########################
# Experiment information #
##########################

EXPERIMENT_NAME: antsRegistration-r7-p21
VFC_BACKENDS: libinterflop_vprec.so --range-binary32=7 --precision-binary32=21 --range-binary64=7 --precision-binary64=21

SIF_IMG: /home/mdugre/projects/rrg-glatard/mdugre/containers/ants-vprec-no_metrics.simg

SUBJECT_ID: s032
INPUT_IMG: /home/mdugre/scratch/mri-registration-rp/datasets/ds004513/derivatives/mri-registration-rp/antsBrainExtraction/sub-s032/BrainExtractionBrain.nii.gz
OUTPUT_DIR: /home/mdugre/scratch/mri-registration-rp/datasets/ds004513/derivatives/mri-registration-rp/0001/antsRegistration-r7-p21/sub-s032

FIXED_IMG: /templateflow/tpl-MNI152NLin2009cAsym/tpl-MNI152NLin2009cAsym_res-01_desc-brain_T1w.nii.gz
DATA_DIR: /home/mdugre/scratch/mri-registration-rp/datasets/ds004513
TEMPLATEFLOW_DIR: /home/mdugre/projects/rrg-glatard/mdugre/templateflow
ITK_GLOBAL_DEFAULT_NUMBER_OF_THREADS: 16
##########################

Info [verificarlo]: loaded backend libinterflop_ieee.so
Info [interflop-ieee]: load backend with:
Info [interflop-ieee]: debug = false
Info [interflop-ieee]: debug-binary = false
Info [interflop-ieee]: no-backend-name = false
Info [interflop-ieee]: print-new-line = false
Info [interflop-ieee]: print-subnormal-normalized = false
Info [interflop-ieee]: count-op = false
All_Command_lines_OK
Using double precision for computations.
=============================================================================
The composite transform comprises the following transforms (in order): 
  1. Center of mass alignment using fixed image: /templateflow/tpl-MNI152NLin2009cAsym/tpl-MNI152NLin2009cAsym_res-01_desc-brain_T1w.nii.gz and moving image: /home/mdugre/scratch/mri-registration-rp/datasets/ds004513/derivatives/mri-registration-rp/antsBrainExtraction/sub-s032/BrainExtractionBrain.nii.gz (type = Euler3DTransform)
=============================================================================
  number of levels = 1
  fixed image: /templateflow/tpl-MNI152NLin2009cAsym/tpl-MNI152NLin2009cAsym_res-01_desc-brain_T1w.nii.gz
  moving image: /home/mdugre/scratch/mri-registration-rp/datasets/ds004513/derivatives/mri-registration-rp/antsBrainExtraction/sub-s032/BrainExtractionBrain.nii.gz
Dimension = 3
Number of stages = 1
Use histogram matching = false
Winsorize image intensities = true
  Lower quantile = 0.005
  Upper quantile = 0.995


Stage 1 State
   Image metric = MattesMI
     Fixed image = Image (0x42a9e70)
  RTTI typeinfo:   itk::Image<double, 3u>
  Reference Count: 2
  Modified Time: 2330
  Debug: Off
  Object Name: 
  Observers: 
    none
  Source: (none)
  Source output name: (none)
  Release Data: Off
  Data Released: False
  Global Release Data: Off
  PipelineMTime: 0
  UpdateMTime: 1941
  RealTimeStamp: 0 seconds 
  LargestPossibleRegion: 
    Dimension: 3
    Index: [0, 0, 0]
    Size: [193, 229, 193]
  BufferedRegion: 
    Dimension: 3
    Index: [0, 0, 0]
    Size: [193, 229, 193]
  RequestedRegion: 
    Dimension: 3
    Index: [0, 0, 0]
    Size: [193, 229, 193]
  Spacing: [1, 1, 1]
  Origin: [96, 132, -78]
  Direction: 
-1 0 0
0 -1 0
0 0 1

  IndexToPointMatrix: 
-1 0 0
0 -1 0
0 0 1

  PointToIndexMatrix: 
-1 0 0
0 -1 0
0 0 1

  Inverse Direction: 
-1 0 0
0 -1 0
0 0 1

  PixelContainer: 
    ImportImageContainer (0x42b2c60)
      RTTI typeinfo:   itk::ImportImageContainer<unsigned long, double>
      Reference Count: 1
      Modified Time: 1938
      Debug: Off
      Object Name: 
      Observers: 
        none
      Pointer: 0x14a14fd72010
      Container manages memory: true
      Size: 8530021
      Capacity: 8530021

     Moving image = Image (0x4346ec0)
  RTTI typeinfo:   itk::Image<double, 3u>
  Reference Count: 2
  Modified Time: 2331
  Debug: Off
  Object Name: 
  Observers: 
    none
  Source: (none)
  Source output name: (none)
  Release Data: Off
  Data Released: False
  Global Release Data: Off
  PipelineMTime: 0
  UpdateMTime: 2328
  RealTimeStamp: 0 seconds 
  LargestPossibleRegion: 
    Dimension: 3
    Index: [0, 0, 0]
    Size: [160, 240, 256]
  BufferedRegion: 
    Dimension: 3
    Index: [0, 0, 0]
    Size: [160, 240, 256]
  RequestedRegion: 
    Dimension: 3
    Index: [0, 0, 0]
    Size: [160, 240, 256]
  Spacing: [1, 1, 1]
  Origin: [73.279, 104.707, -131.187]
  Direction: 
-0.997527 0.0645574 -0.0278053
-0.0645323 -0.997914 -0.00179875
-0.0278634 4.01097e-08 0.999612

  IndexToPointMatrix: 
-0.997527 0.0645574 -0.0278053
-0.0645323 -0.997914 -0.00179875
-0.0278634 4.01097e-08 0.999612

  PointToIndexMatrix: 
-0.997527 -0.0645323 -0.0278634
0.0645574 -0.997914 4.01049e-08
-0.0278053 -0.00179875 0.999612

  Inverse Direction: 
-0.997527 -0.0645323 -0.0278634
0.0645574 -0.997914 4.01049e-08
-0.0278053 -0.00179875 0.999612

  PixelContainer: 
    ImportImageContainer (0x43de610)
      RTTI typeinfo:   itk::ImportImageContainer<unsigned long, double>
      Reference Count: 1
      Modified Time: 2325
      Debug: Off
      Object Name: 
      Observers: 
        none
      Pointer: 0x14a14b271010
      Container manages memory: true
      Size: 9830400
      Capacity: 9830400

     Weighting = 1
     Sampling strategy = regular
     Number of bins = 32
     Radius = 4
     Sampling percentage  = 0.25
   Transform = Rigid
     Gradient step = 0.1
     Update field sigma (voxel space) = 0
     Total field sigma (voxel space) = 0
     Update field time sigma = 0
     Total field time sigma  = 0
     Number of time indices = 0
     Number of time point samples = 0
Registration using 1 total stages.

Stage 0
  iterations = 0
  convergence threshold = 1e-06
  convergence window size = 10
  number of levels = 1
  using the Mattes MI metric (number of bins = 32, weight = 1, use gradient filter = 0)
  preprocessing:  winsorizing the image intensities
  Shrink factors (level 1 out of 1): [1, 1, 1]
  smoothing sigmas per level: [0]
  regular sampling (percentage = 0.25)

*** Running Euler3DTransform registration ***

  Elapsed time (stage 0): 1.10329


Total elapsed time: 1.10565
Info [verificarlo]: loaded backend libinterflop_ieee.so
Info [interflop-ieee]: load backend with:
Info [interflop-ieee]: debug = false
Info [interflop-ieee]: debug-binary = false
Info [interflop-ieee]: no-backend-name = false
Info [interflop-ieee]: print-new-line = false
Info [interflop-ieee]: print-subnormal-normalized = false
Info [interflop-ieee]: count-op = false
All_Command_lines_OK
Using double precision for computations.
=============================================================================
The composite transform comprises the following transforms (in order): 
  1. /home/mdugre/scratch/mri-registration-rp/datasets/ds004513/derivatives/mri-registration-rp/0001/antsRegistration-r7-p21/sub-s032/align_Composite.h5[0] (type = Euler3DTransform)
  2. /home/mdugre/scratch/mri-registration-rp/datasets/ds004513/derivatives/mri-registration-rp/0001/antsRegistration-r7-p21/sub-s032/align_Composite.h5[1] (type = Euler3DTransform)
=============================================================================
  number of levels = 4
  fixed image: /templateflow/tpl-MNI152NLin2009cAsym/tpl-MNI152NLin2009cAsym_res-01_desc-brain_T1w.nii.gz
  moving image: /home/mdugre/scratch/mri-registration-rp/datasets/ds004513/derivatives/mri-registration-rp/antsBrainExtraction/sub-s032/BrainExtractionBrain.nii.gz
Dimension = 3
Number of stages = 1
Use histogram matching = false
Winsorize image intensities = true
  Lower quantile = 0.005
  Upper quantile = 0.995


Stage 1 State
   Image metric = MattesMI
     Fixed image = Image (0x3e41530)
  RTTI typeinfo:   itk::Image<double, 3u>
  Reference Count: 2
  Modified Time: 1578
  Debug: Off
  Object Name: 
  Observers: 
    none
  Source: (none)
  Source output name: (none)
  Release Data: Off
  Data Released: False
  Global Release Data: Off
  PipelineMTime: 0
  UpdateMTime: 1189
  RealTimeStamp: 0 seconds 
  LargestPossibleRegion: 
    Dimension: 3
    Index: [0, 0, 0]
    Size: [193, 229, 193]
  BufferedRegion: 
    Dimension: 3
    Index: [0, 0, 0]
    Size: [193, 229, 193]
  RequestedRegion: 
    Dimension: 3
    Index: [0, 0, 0]
    Size: [193, 229, 193]
  Spacing: [1, 1, 1]
  Origin: [96, 132, -78]
  Direction: 
-1 0 0
0 -1 0
0 0 1

  IndexToPointMatrix: 
-1 0 0
0 -1 0
0 0 1

  PointToIndexMatrix: 
-1 0 0
0 -1 0
0 0 1

  Inverse Direction: 
-1 0 0
0 -1 0
0 0 1

  PixelContainer: 
    ImportImageContainer (0x3effd60)
      RTTI typeinfo:   itk::ImportImageContainer<unsigned long, double>
      Reference Count: 1
      Modified Time: 1186
      Debug: Off
      Object Name: 
      Observers: 
        none
      Pointer: 0x147be0a39010
      Container manages memory: true
      Size: 8530021
      Capacity: 8530021

     Moving image = Image (0x3ef1f60)
  RTTI typeinfo:   itk::Image<double, 3u>
  Reference Count: 2
  Modified Time: 1579
  Debug: Off
  Object Name: 
  Observers: 
    none
  Source: (none)
  Source output name: (none)
  Release Data: Off
  Data Released: False
  Global Release Data: Off
  PipelineMTime: 0
  UpdateMTime: 1576
  RealTimeStamp: 0 seconds 
  LargestPossibleRegion: 
    Dimension: 3
    Index: [0, 0, 0]
    Size: [160, 240, 256]
  BufferedRegion: 
    Dimension: 3
    Index: [0, 0, 0]
    Size: [160, 240, 256]
  RequestedRegion: 
    Dimension: 3
    Index: [0, 0, 0]
    Size: [160, 240, 256]
  Spacing: [1, 1, 1]
  Origin: [73.279, 104.707, -131.187]
  Direction: 
-0.997527 0.0645574 -0.0278053
-0.0645323 -0.997914 -0.00179875
-0.0278634 4.01097e-08 0.999612

  IndexToPointMatrix: 
-0.997527 0.0645574 -0.0278053
-0.0645323 -0.997914 -0.00179875
-0.0278634 4.01097e-08 0.999612

  PointToIndexMatrix: 
-0.997527 -0.0645323 -0.0278634
0.0645574 -0.997914 4.01049e-08
-0.0278053 -0.00179875 0.999612

  Inverse Direction: 
-0.997527 -0.0645323 -0.0278634
0.0645574 -0.997914 4.01049e-08
-0.0278053 -0.00179875 0.999612

  PixelContainer: 
    ImportImageContainer (0x3ee36d0)
      RTTI typeinfo:   itk::ImportImageContainer<unsigned long, double>
      Reference Count: 1
      Modified Time: 1573
      Debug: Off
      Object Name: 
      Observers: 
        none
      Pointer: 0x147bdbf38010
      Container manages memory: true
      Size: 9830400
      Capacity: 9830400

     Weighting = 1
     Sampling strategy = regular
     Number of bins = 32
     Radius = 4
     Sampling percentage  = 0.25
   Transform = Rigid
     Gradient step = 0.1
     Update field sigma (voxel space) = 0
     Total field sigma (voxel space) = 0
     Update field time sigma = 0
     Total field time sigma  = 0
     Number of time indices = 0
     Number of time point samples = 0
Registration using 1 total stages.

Stage 0
  iterations = 1000x500x250x100
  convergence threshold = 1e-06
  convergence window size = 10
  number of levels = 4
  using the Mattes MI metric (number of bins = 32, weight = 1, use gradient filter = 0)
  preprocessing:  winsorizing the image intensities
  Shrink factors (level 1 out of 4): [8, 8, 8]
  Shrink factors (level 2 out of 4): [4, 4, 4]
  Shrink factors (level 3 out of 4): [2, 2, 2]
  Shrink factors (level 4 out of 4): [1, 1, 1]
  smoothing sigmas per level: [3, 2, 1, 0]
  regular sampling (percentage = 0.25)

*** Running Euler3DTransform registration ***

DIAGNOSTIC,Iteration,metricValue,convergenceValue,ITERATION_TIME_INDEX,SINCE_LAST
 2DIAGNOSTIC,     1, -5.480496989617e-01, 1.797693134862e+308, 6.3679e-01, 6.3679e-01, 
 2DIAGNOSTIC,     2, -5.506811078454e-01, 1.797693134862e+308, 6.4076e-01, 3.9780e-03, 
 2DIAGNOSTIC,     3, -5.546514955662e-01, 1.797693134862e+308, 6.4461e-01, 3.8469e-03, 
 2DIAGNOSTIC,     4, -5.606863537750e-01, 1.797693134862e+308, 6.4814e-01, 3.5291e-03, 
 2DIAGNOSTIC,     5, -5.693661845193e-01, 1.797693134862e+308, 6.5163e-01, 3.4950e-03, 
 2DIAGNOSTIC,     6, -5.854078830086e-01, 1.797693134862e+308, 6.5539e-01, 3.7570e-03, 
 2DIAGNOSTIC,     7, -6.232769732918e-01, 1.797693134862e+308, 6.5896e-01, 3.5720e-03, 
 2DIAGNOSTIC,     8, -6.297683730473e-01, 1.797693134862e+308, 6.6302e-01, 4.0591e-03, 
 2DIAGNOSTIC,     9, -6.366738733405e-01, 1.797693134862e+308, 6.6950e-01, 6.4750e-03, 
 2DIAGNOSTIC,    10, -6.375630690827e-01, 1.201760866083e-02, 6.7350e-01, 3.9990e-03, 
 2DIAGNOSTIC,    11, -6.405337628679e-01, 1.087684809450e-02, 6.7705e-01, 3.5510e-03, 
 2DIAGNOSTIC,    12, -6.435528997438e-01, 9.167753354490e-03, 6.8122e-01, 4.1711e-03, 
 2DIAGNOSTIC,    13, -6.444720921444e-01, 7.089498731847e-03, 6.8482e-01, 3.6011e-03, 
 2DIAGNOSTIC,    14, -6.463616611293e-01, 4.967892496988e-03, 6.8896e-01, 4.1440e-03, 
 2DIAGNOSTIC,    15, -6.484646963404e-01, 3.033020789043e-03, 6.9559e-01, 6.6271e-03, 
 2DIAGNOSTIC,    16, -6.486009987994e-01, 1.520386367320e-03, 6.9944e-01, 3.8500e-03, 
 2DIAGNOSTIC,    17, -6.493699344760e-01, 1.108203205204e-03, 7.0372e-01, 4.2832e-03, 
 2DIAGNOSTIC,    18, -6.514578195065e-01, 8.586162135985e-04, 7.0765e-01, 3.9260e-03, 
 2DIAGNOSTIC,    19, -6.526592717406e-01, 7.533650369804e-04, 7.1125e-01, 3.5970e-03, 
 2DIAGNOSTIC,    20, -6.536191777189e-01, 6.303067369293e-04, 7.1493e-01, 3.6850e-03, 
 2DIAGNOSTIC,    21, -6.549162298979e-01, 5.534292205379e-04, 7.1853e-01, 3.5989e-03, 
 2DIAGNOSTIC,    22, -6.562385790832e-01, 5.226986103233e-04, 7.2296e-01, 4.4322e-03, 
 2DIAGNOSTIC,    23, -6.565000058113e-01, 4.680180012237e-04, 7.2724e-01, 4.2772e-03, 
 2DIAGNOSTIC,    24, -6.565387353854e-01, 4.101063704207e-04, 7.3153e-01, 4.2911e-03, 
 2DIAGNOSTIC,    25, -6.567702146893e-01, 3.618032093030e-04, 7.3568e-01, 4.1440e-03, 
 2DIAGNOSTIC,    26, -6.583507212369e-01, 3.132611037338e-04, 7.4000e-01, 4.3230e-03, 
 2DIAGNOSTIC,    27, -6.586527568469e-01, 2.554116018351e-04, 7.4406e-01, 4.0579e-03, 
 2DIAGNOSTIC,    28, -6.593310437738e-01, 2.225767143841e-04, 7.4923e-01, 5.1749e-03, 
 2DIAGNOSTIC,    29, -6.595734041655e-01, 1.939316665338e-04, 7.5338e-01, 4.1461e-03, 
 2DIAGNOSTIC,    30, -6.595955819569e-01, 1.634946778529e-04, 7.5773e-01, 4.3540e-03, 
 2DIAGNOSTIC,    31, -6.596949967568e-01, 1.392755860926e-04, 7.6151e-01, 3.7780e-03, 
 2DIAGNOSTIC,    32, -6.597157295314e-01, 1.221677497610e-04, 7.6565e-01, 4.1440e-03, 
 2DIAGNOSTIC,    33, -6.597001423846e-01, 9.820426863073e-05, 7.7147e-01, 5.8122e-03, 
 2DIAGNOSTIC,    34, -6.595254449704e-01, 6.486903007320e-05, 7.7506e-01, 3.5992e-03, 
 2DIAGNOSTIC,    35, -6.595295822812e-01, 3.010817890557e-05, 7.7876e-01, 3.6922e-03, 
 2DIAGNOSTIC,    36, -6.595351297937e-01, 1.424396566511e-05, 7.8320e-01, 4.4458e-03, 
 2DIAGNOSTIC,    37, -6.595409535782e-01, 1.474135174689e-06, 7.8709e-01, 3.8891e-03, 
DIAGNOSTIC,Iteration,metricValue,convergenceValue,ITERATION_TIME_INDEX,SINCE_LAST
 2DIAGNOSTIC,     1, -5.183739626511e-01, 1.797693134862e+308, 1.4424e+00, 6.5528e-01, 
 2DIAGNOSTIC,     2, -5.189226238268e-01, 1.797693134862e+308, 1.4762e+00, 3.3834e-02, 
 2DIAGNOSTIC,     3, -5.196899327331e-01, 1.797693134862e+308, 1.5039e+00, 2.7702e-02, 
 2DIAGNOSTIC,     4, -5.204463662982e-01, 1.797693134862e+308, 1.5306e+00, 2.6699e-02, 
 2DIAGNOSTIC,     5, -5.209979485275e-01, 1.797693134862e+308, 1.5564e+00, 2.5766e-02, 
 2DIAGNOSTIC,     6, -5.216357744159e-01, 1.797693134862e+308, 1.5824e+00, 2.6000e-02, 
 2DIAGNOSTIC,     7, -5.233753714820e-01, 1.797693134862e+308, 1.6086e+00, 2.6269e-02, 
 2DIAGNOSTIC,     8, -5.241119131308e-01, 1.797693134862e+308, 1.6417e+00, 3.3017e-02, 
 2DIAGNOSTIC,     9, -5.247293428662e-01, 1.797693134862e+308, 1.6769e+00, 3.5256e-02, 
 2DIAGNOSTIC,    10, -5.250028240791e-01, 8.899807883052e-04, 1.7069e+00, 3.0011e-02, 
 2DIAGNOSTIC,    11, -5.254483050457e-01, 7.905532126244e-04, 1.7366e+00, 2.9724e-02, 
 2DIAGNOSTIC,    12, -5.277635691760e-01, 7.650652141930e-04, 1.7665e+00, 2.9880e-02, 
 2DIAGNOSTIC,    13, -5.283161391531e-01, 7.264279715032e-04, 1.7926e+00, 2.6097e-02, 
 2DIAGNOSTIC,    14, -5.288222940101e-01, 6.775650338001e-04, 1.8186e+00, 2.5962e-02, 
 2DIAGNOSTIC,    15, -5.289976643604e-01, 6.012605431287e-04, 1.8451e+00, 2.6491e-02, 
 2DIAGNOSTIC,    16, -5.298475150764e-01, 5.287513976622e-04, 1.8789e+00, 3.3863e-02, 
 2DIAGNOSTIC,    17, -5.313522113862e-01, 5.176188662784e-04, 1.9085e+00, 2.9598e-02, 
 2DIAGNOSTIC,    18, -5.317211903826e-01, 4.916461509824e-04, 1.9372e+00, 2.8633e-02, 
 2DIAGNOSTIC,    19, -5.322490381452e-01, 4.569576503633e-04, 1.9685e+00, 3.1347e-02, 
 2DIAGNOSTIC,    20, -5.323376746903e-01, 3.940989424123e-04, 1.9946e+00, 2.6112e-02, 
 2DIAGNOSTIC,    21, -5.325910093155e-01, 3.171261830329e-04, 2.0247e+00, 3.0102e-02, 
 2DIAGNOSTIC,    22, -5.334985684333e-01, 2.960182953723e-04, 2.0551e+00, 3.0413e-02, 
 2DIAGNOSTIC,    23, -5.343210817070e-01, 2.806741087422e-04, 2.0856e+00, 3.0411e-02, 
 2DIAGNOSTIC,    24, -5.358671358338e-01, 2.867779541114e-04, 2.1239e+00, 3.8339e-02, 
 2DIAGNOSTIC,    25, -5.371393398058e-01, 2.962503278123e-04, 2.1510e+00, 2.7081e-02, 
 2DIAGNOSTIC,    26, -5.416551827831e-01, 3.873605119973e-04, 2.1783e+00, 2.7363e-02, 
 2DIAGNOSTIC,    27, -5.440680041028e-01, 5.109452667307e-04, 2.2052e+00, 2.6855e-02, 
 2DIAGNOSTIC,    28, -5.458534651448e-01, 6.181566283407e-04, 2.2567e+00, 5.1475e-02, 
 2DIAGNOSTIC,    29, -5.459389597980e-01, 6.714944508434e-04, 2.2861e+00, 2.9415e-02, 
 2DIAGNOSTIC,    30, -5.464294156611e-01, 6.687300861910e-04, 2.3133e+00, 2.7229e-02, 
 2DIAGNOSTIC,    31, -5.469774172714e-01, 6.157101957869e-04, 2.3401e+00, 2.6809e-02, 
 2DIAGNOSTIC,    32, -5.474943787897e-01, 5.307516210197e-04, 2.3671e+00, 2.7015e-02, 
 2DIAGNOSTIC,    33, -5.480497594411e-01, 4.232695966074e-04, 2.3937e+00, 2.6545e-02, 
 2DIAGNOSTIC,    34, -5.484104176173e-01, 3.129023436331e-04, 2.4213e+00, 2.7593e-02, 
 2DIAGNOSTIC,    35, -5.488209507479e-01, 2.038721817087e-04, 2.4479e+00, 2.6647e-02, 
 2DIAGNOSTIC,    36, -5.502527925922e-01, 1.689662804403e-04, 2.4792e+00, 3.1258e-02, 
 2DIAGNOSTIC,    37, -5.507309574632e-01, 1.603937219308e-04, 2.5116e+00, 3.2393e-02, 
 2DIAGNOSTIC,    38, -5.511467285317e-01, 1.680572133811e-04, 2.5445e+00, 3.2929e-02, 
 2DIAGNOSTIC,    39, -5.522774292325e-01, 1.760733780007e-04, 2.5839e+00, 3.9394e-02, 
 2DIAGNOSTIC,    40, -5.523035294457e-01, 1.733887621407e-04, 2.6106e+00, 2.6679e-02, 
 2DIAGNOSTIC,    41, -5.531320687191e-01, 1.720615369209e-04, 2.6407e+00, 3.0117e-02, 
 2DIAGNOSTIC,    42, -5.534436166428e-01, 1.646017659786e-04, 2.6671e+00, 2.6413e-02, 
 2DIAGNOSTIC,    43, -5.536320455293e-01, 1.511017345684e-04, 2.6937e+00, 2.6632e-02, 
 2DIAGNOSTIC,    44, -5.543920976978e-01, 1.374062681307e-04, 2.7203e+00, 2.6555e-02, 
 2DIAGNOSTIC,    45, -5.562791142946e-01, 1.376786704699e-04, 2.7614e+00, 4.1119e-02, 
 2DIAGNOSTIC,    46, -5.566169124550e-01, 1.446329349844e-04, 2.7914e+00, 2.9957e-02, 
 2DIAGNOSTIC,    47, -5.567844404303e-01, 1.449762084036e-04, 2.8217e+00, 3.0378e-02, 
 2DIAGNOSTIC,    48, -5.572803812234e-01, 1.415639607279e-04, 2.8483e+00, 2.6537e-02, 
 2DIAGNOSTIC,    49, -5.587862828976e-01, 1.530345741703e-04, 2.8863e+00, 3.8020e-02, 
 2DIAGNOSTIC,    50, -5.608020385938e-01, 1.700215486894e-04, 2.9169e+00, 3.0634e-02, 
 2DIAGNOSTIC,    51, -5.610292856731e-01, 1.805819415548e-04, 2.9437e+00, 2.6737e-02, 
 2DIAGNOSTIC,    52, -5.648150681960e-01, 2.156127059470e-04, 2.9744e+00, 3.0738e-02, 
 2DIAGNOSTIC,    53, -5.660634539988e-01, 2.420846012795e-04, 3.0009e+00, 2.6493e-02, 
 2DIAGNOSTIC,    54, -5.664933769341e-01, 2.552710208803e-04, 3.0361e+00, 3.5242e-02, 
 2DIAGNOSTIC,    55, -5.664946505490e-01, 2.617654346087e-04, 3.0727e+00, 3.6561e-02, 
 2DIAGNOSTIC,    56, -5.664882960276e-01, 2.462905239310e-04, 3.1051e+00, 3.2361e-02, 
 2DIAGNOSTIC,    57, -5.664881969810e-01, 2.090951705800e-04, 3.1372e+00, 3.2118e-02, 
 2DIAGNOSTIC,    58, -5.664850254174e-01, 1.571855278730e-04, 3.1653e+00, 2.8101e-02, 
 2DIAGNOSTIC,    59, -5.665006501806e-01, 1.055031943948e-04, 3.1938e+00, 2.8461e-02, 
 2DIAGNOSTIC,    60, -5.666135025999e-01, 6.457107868800e-05, 3.2223e+00, 2.8536e-02, 
 2DIAGNOSTIC,    61, -5.668188982826e-01, 2.181916630388e-05, 3.2508e+00, 2.8496e-02, 
 2DIAGNOSTIC,    62, -5.671307896072e-01, 1.265953430876e-05, 3.2902e+00, 3.9408e-02, 
 2DIAGNOSTIC,    63, -5.671785962041e-01, 1.322669157609e-05, 3.3185e+00, 2.8279e-02, 
 2DIAGNOSTIC,    64, -5.672163068688e-01, 1.640223840452e-05, 3.3578e+00, 3.9346e-02, 
 2DIAGNOSTIC,    65, -5.672737712868e-01, 1.843376089005e-05, 3.3900e+00, 3.2187e-02, 
 2DIAGNOSTIC,    66, -5.673514797944e-01, 1.919693039663e-05, 3.4291e+00, 3.9066e-02, 
 2DIAGNOSTIC,    67, -5.673478197581e-01, 1.806794730217e-05, 3.4611e+00, 3.2060e-02, 
 2DIAGNOSTIC,    68, -5.673353371738e-01, 1.519238412779e-05, 3.4968e+00, 3.5696e-02, 
 2DIAGNOSTIC,    69, -5.673364070158e-01, 1.114884413344e-05, 3.5289e+00, 3.2056e-02, 
 2DIAGNOSTIC,    70, -5.673288751571e-01, 6.956170603933e-06, 3.5610e+00, 3.2088e-02, 
 2DIAGNOSTIC,    71, -5.673214029773e-01, 3.640574197401e-06, 3.5918e+00, 3.0867e-02, 
 2DIAGNOSTIC,    72, -5.673302084671e-01, 2.425367784036e-06, 3.6190e+00, 2.7167e-02, 
 2DIAGNOSTIC,    73, -5.673474384649e-01, 1.521482974512e-06, 3.6467e+00, 2.7681e-02, 
DIAGNOSTIC,Iteration,metricValue,convergenceValue,ITERATION_TIME_INDEX,SINCE_LAST
 2DIAGNOSTIC,     1, -5.012758738007e-01, 1.797693134862e+308, 4.6492e+00, 1.0025e+00, 
 2DIAGNOSTIC,     2, -5.015531308814e-01, 1.797693134862e+308, 4.8333e+00, 1.8412e-01, 
 2DIAGNOSTIC,     3, -5.018751319512e-01, 1.797693134862e+308, 5.0314e+00, 1.9807e-01, 
 2DIAGNOSTIC,     4, -5.020886370065e-01, 1.797693134862e+308, 5.2429e+00, 2.1151e-01, 
 2DIAGNOSTIC,     5, -5.021473899482e-01, 1.797693134862e+308, 5.4750e+00, 2.3214e-01, 
 2DIAGNOSTIC,     6, -5.021734081100e-01, 1.797693134862e+308, 5.6780e+00, 2.0299e-01, 
 2DIAGNOSTIC,     7, -5.021975630016e-01, 1.797693134862e+308, 5.8823e+00, 2.0426e-01, 
 2DIAGNOSTIC,     8, -5.022546206182e-01, 1.797693134862e+308, 6.0883e+00, 2.0600e-01, 
 2DIAGNOSTIC,     9, -5.024208675386e-01, 1.797693134862e+308, 6.4532e+00, 3.6495e-01, 
 2DIAGNOSTIC,    10, -5.024234638970e-01, 1.292668493524e-04, 6.7295e+00, 2.7628e-01, 
 2DIAGNOSTIC,    11, -5.024227750402e-01, 8.708209463262e-05, 6.9561e+00, 2.2663e-01, 
 2DIAGNOSTIC,    12, -5.024218041594e-01, 5.724401369840e-05, 7.1692e+00, 2.1313e-01, 
 2DIAGNOSTIC,    13, -5.024206416469e-01, 4.075157549133e-05, 7.4885e+00, 3.1923e-01, 
 2DIAGNOSTIC,    14, -5.024199186245e-01, 3.157837790754e-05, 7.7248e+00, 2.3635e-01, 
 2DIAGNOSTIC,    15, -5.024191603113e-01, 2.313427337776e-05, 7.9611e+00, 2.3623e-01, 
 2DIAGNOSTIC,    16, -5.024184138625e-01, 1.480899126645e-05, 8.1650e+00, 2.0391e-01, 
 2DIAGNOSTIC,    17, -5.024177186896e-01, 7.078837135993e-06, 8.3978e+00, 2.3285e-01, 
 2DIAGNOSTIC,    18, -5.024170066180e-01, 1.349943890679e-06, 8.6037e+00, 2.0587e-01, 
 2DIAGNOSTIC,    19, -5.024162554901e-01, 1.189932946538e-06, 8.7895e+00, 1.8581e-01, 
 2DIAGNOSTIC,    20, -5.024155513597e-01, 1.144785377709e-06, 8.9948e+00, 2.0524e-01, 
 2DIAGNOSTIC,    21, -5.024157524683e-01, 1.132898515346e-06, 9.1998e+00, 2.0505e-01, 
 2DIAGNOSTIC,    22, -5.024160938299e-01, 1.141680137741e-06, 9.4291e+00, 2.2926e-01, 
 2DIAGNOSTIC,    23, -5.024163907005e-01, 1.156861451954e-06, 9.6336e+00, 2.0450e-01, 
 2DIAGNOSTIC,    24, -5.024160578740e-01, 1.167558284790e-06, 9.8354e+00, 2.0179e-01, 
 2DIAGNOSTIC,    25, -5.024166197172e-01, 1.188582615649e-06, 1.0046e+01, 2.1059e-01, 
 2DIAGNOSTIC,    26, -5.024158940678e-01, 1.183475173770e-06, 1.0251e+01, 2.0537e-01, 
 2DIAGNOSTIC,    27, -5.024151083799e-01, 1.151811847115e-06, 1.0455e+01, 2.0371e-01, 
 2DIAGNOSTIC,    28, -5.024123527316e-01, 1.055541050766e-06, 1.0663e+01, 2.0841e-01, 
DIAGNOSTIC,Iteration,metricValue,convergenceValue,ITERATION_TIME_INDEX,SINCE_LAST
 2DIAGNOSTIC,     1, -4.669520992126e-01, 1.797693134862e+308, 1.3013e+01, 2.3494e+00, 
 2DIAGNOSTIC,     2, -4.670417486039e-01, 1.797693134862e+308, 1.4668e+01, 1.6552e+00, 
 2DIAGNOSTIC,     3, -4.670451977131e-01, 1.797693134862e+308, 1.7480e+01, 2.8123e+00, 
 2DIAGNOSTIC,     4, -4.670454727689e-01, 1.797693134862e+308, 1.9034e+01, 1.5541e+00, 
 2DIAGNOSTIC,     5, -4.670453551058e-01, 1.797693134862e+308, 2.0621e+01, 1.5864e+00, 
 2DIAGNOSTIC,     6, -4.670453104471e-01, 1.797693134862e+308, 2.2169e+01, 1.5485e+00, 
 2DIAGNOSTIC,     7, -4.670451702708e-01, 1.797693134862e+308, 2.3753e+01, 1.5834e+00, 
 2DIAGNOSTIC,     8, -4.670450261252e-01, 1.797693134862e+308, 2.5122e+01, 1.3688e+00, 
 2DIAGNOSTIC,     9, -4.670449070400e-01, 1.797693134862e+308, 2.6889e+01, 1.7679e+00, 
 2DIAGNOSTIC,    10, -4.670449316018e-01, 8.981812477618e-06, 2.8371e+01, 1.4819e+00, 
 2DIAGNOSTIC,    11, -4.670448652378e-01, 3.019668070953e-06, 2.9825e+01, 1.4535e+00, 
 2DIAGNOSTIC,    12, -4.670446171321e-01, 2.568680143894e-06, 3.1243e+01, 1.4180e+00, 
 2DIAGNOSTIC,    13, -4.670444645616e-01, 2.348813773756e-06, 3.2669e+01, 1.4258e+00, 
 2DIAGNOSTIC,    14, -4.670444149283e-01, 2.179213243067e-06, 3.4163e+01, 1.4948e+00, 
 2DIAGNOSTIC,    15, -4.670443831182e-01, 2.034367234630e-06, 3.5688e+01, 1.5246e+00, 
 2DIAGNOSTIC,    16, -4.670444535260e-01, 1.916527005985e-06, 3.7137e+01, 1.4489e+00, 
 2DIAGNOSTIC,    17, -4.670443339658e-01, 1.810021701416e-06, 3.8577e+01, 1.4400e+00, 
 2DIAGNOSTIC,    18, -4.670442887787e-01, 1.714941135190e-06, 4.0161e+01, 1.5836e+00, 
 2DIAGNOSTIC,    19, -4.670441627585e-01, 1.626768327240e-06, 4.1451e+01, 1.2910e+00, 
 2DIAGNOSTIC,    20, -4.670441680446e-01, 1.552669605831e-06, 4.3032e+01, 1.5810e+00, 
 2DIAGNOSTIC,    21, -4.670443467638e-01, 1.492450545530e-06, 4.4645e+01, 1.6129e+00, 
 2DIAGNOSTIC,    22, -4.670444019547e-01, 1.434400711389e-06, 4.6038e+01, 1.3931e+00, 
 2DIAGNOSTIC,    23, -4.670443747578e-01, 1.377840031049e-06, 4.7335e+01, 1.2967e+00, 
 2DIAGNOSTIC,    24, -4.670443872237e-01, 1.325702205283e-06, 4.8821e+01, 1.4854e+00, 
 2DIAGNOSTIC,    25, -4.670444853281e-01, 1.279218913214e-06, 5.0560e+01, 1.7396e+00, 
 2DIAGNOSTIC,    26, -4.670442649580e-01, 1.232031922344e-06, 5.2022e+01, 1.4619e+00, 
 2DIAGNOSTIC,    27, -4.670441163560e-01, 1.181626140143e-06, 5.3666e+01, 1.6439e+00, 
 2DIAGNOSTIC,    28, -4.670440406350e-01, 1.132082717958e-06, 5.5278e+01, 1.6122e+00, 
 2DIAGNOSTIC,    29, -4.670439558243e-01, 1.081892667169e-06, 5.6740e+01, 1.4614e+00, 
 2DIAGNOSTIC,    30, -4.670437801750e-01, 1.032876557387e-06, 5.8035e+01, 1.2955e+00, 
  Elapsed time (stage 0): 5.8831e+01


Total elapsed time: 5.8834e+01
Info [verificarlo]: loaded backend libinterflop_ieee.so
Info [interflop-ieee]: load backend with:
Info [interflop-ieee]: debug = false
Info [interflop-ieee]: debug-binary = false
Info [interflop-ieee]: no-backend-name = false
Info [interflop-ieee]: print-new-line = false
Info [interflop-ieee]: print-subnormal-normalized = false
Info [interflop-ieee]: count-op = false
All_Command_lines_OK
Using double precision for computations.
=============================================================================
The composite transform comprises the following transforms (in order): 
  1. /home/mdugre/scratch/mri-registration-rp/datasets/ds004513/derivatives/mri-registration-rp/0001/antsRegistration-r7-p21/sub-s032/rigid_Composite.h5[0] (type = Euler3DTransform)
  2. /home/mdugre/scratch/mri-registration-rp/datasets/ds004513/derivatives/mri-registration-rp/0001/antsRegistration-r7-p21/sub-s032/rigid_Composite.h5[1] (type = Euler3DTransform)
  3. /home/mdugre/scratch/mri-registration-rp/datasets/ds004513/derivatives/mri-registration-rp/0001/antsRegistration-r7-p21/sub-s032/rigid_Composite.h5[2] (type = Euler3DTransform)
=============================================================================
  number of levels = 4
  fixed image: /templateflow/tpl-MNI152NLin2009cAsym/tpl-MNI152NLin2009cAsym_res-01_desc-brain_T1w.nii.gz
  moving image: /home/mdugre/scratch/mri-registration-rp/datasets/ds004513/derivatives/mri-registration-rp/antsBrainExtraction/sub-s032/BrainExtractionBrain.nii.gz
Dimension = 3
Number of stages = 1
Use histogram matching = false
Winsorize image intensities = true
  Lower quantile = 0.005
  Upper quantile = 0.995


Stage 1 State
   Image metric = MattesMI
     Fixed image = Image (0x391f7e0)
  RTTI typeinfo:   itk::Image<double, 3u>
  Reference Count: 2
  Modified Time: 1592
  Debug: Off
  Object Name: 
  Observers: 
    none
  Source: (none)
  Source output name: (none)
  Release Data: Off
  Data Released: False
  Global Release Data: Off
  PipelineMTime: 0
  UpdateMTime: 1203
  RealTimeStamp: 0 seconds 
  LargestPossibleRegion: 
    Dimension: 3
    Index: [0, 0, 0]
    Size: [193, 229, 193]
  BufferedRegion: 
    Dimension: 3
    Index: [0, 0, 0]
    Size: [193, 229, 193]
  RequestedRegion: 
    Dimension: 3
    Index: [0, 0, 0]
    Size: [193, 229, 193]
  Spacing: [1, 1, 1]
  Origin: [96, 132, -78]
  Direction: 
-1 0 0
0 -1 0
0 0 1

  IndexToPointMatrix: 
-1 0 0
0 -1 0
0 0 1

  PointToIndexMatrix: 
-1 0 0
0 -1 0
0 0 1

  Inverse Direction: 
-1 0 0
0 -1 0
0 0 1

  PixelContainer: 
    ImportImageContainer (0x39dfa20)
      RTTI typeinfo:   itk::ImportImageContainer<unsigned long, double>
      Reference Count: 1
      Modified Time: 1200
      Debug: Off
      Object Name: 
      Observers: 
        none
      Pointer: 0x14b8ea9a9010
      Container manages memory: true
      Size: 8530021
      Capacity: 8530021

     Moving image = Image (0x39dad70)
  RTTI typeinfo:   itk::Image<double, 3u>
  Reference Count: 2
  Modified Time: 1593
  Debug: Off
  Object Name: 
  Observers: 
    none
  Source: (none)
  Source output name: (none)
  Release Data: Off
  Data Released: False
  Global Release Data: Off
  PipelineMTime: 0
  UpdateMTime: 1590
  RealTimeStamp: 0 seconds 
  LargestPossibleRegion: 
    Dimension: 3
    Index: [0, 0, 0]
    Size: [160, 240, 256]
  BufferedRegion: 
    Dimension: 3
    Index: [0, 0, 0]
    Size: [160, 240, 256]
  RequestedRegion: 
    Dimension: 3
    Index: [0, 0, 0]
    Size: [160, 240, 256]
  Spacing: [1, 1, 1]
  Origin: [73.279, 104.707, -131.187]
  Direction: 
-0.997527 0.0645574 -0.0278053
-0.0645323 -0.997914 -0.00179875
-0.0278634 4.01097e-08 0.999612

  IndexToPointMatrix: 
-0.997527 0.0645574 -0.0278053
-0.0645323 -0.997914 -0.00179875
-0.0278634 4.01097e-08 0.999612

  PointToIndexMatrix: 
-0.997527 -0.0645323 -0.0278634
0.0645574 -0.997914 4.01049e-08
-0.0278053 -0.00179875 0.999612

  Inverse Direction: 
-0.997527 -0.0645323 -0.0278634
0.0645574 -0.997914 4.01049e-08
-0.0278053 -0.00179875 0.999612

  PixelContainer: 
    ImportImageContainer (0x3992c90)
      RTTI typeinfo:   itk::ImportImageContainer<unsigned long, double>
      Reference Count: 1
      Modified Time: 1587
      Debug: Off
      Object Name: 
      Observers: 
        none
      Pointer: 0x14b8e5ea8010
      Container manages memory: true
      Size: 9830400
      Capacity: 9830400

     Weighting = 1
     Sampling strategy = regular
     Number of bins = 32
     Radius = 4
     Sampling percentage  = 0.25
   Transform = Affine
     Gradient step = 0.1
     Update field sigma (voxel space) = 0
     Total field sigma (voxel space) = 0
     Update field time sigma = 0
     Total field time sigma  = 0
     Number of time indices = 0
     Number of time point samples = 0
Registration using 1 total stages.

Stage 0
  iterations = 1000x500x250x100
  convergence threshold = 1e-06
  convergence window size = 10
  number of levels = 4
  using the Mattes MI metric (number of bins = 32, weight = 1, use gradient filter = 0)
  preprocessing:  winsorizing the image intensities
  Shrink factors (level 1 out of 4): [8, 8, 8]
  Shrink factors (level 2 out of 4): [4, 4, 4]
  Shrink factors (level 3 out of 4): [2, 2, 2]
  Shrink factors (level 4 out of 4): [1, 1, 1]
  smoothing sigmas per level: [3, 2, 1, 0]
  regular sampling (percentage = 0.25)

*** Running AffineTransform registration ***

DIAGNOSTIC,Iteration,metricValue,convergenceValue,ITERATION_TIME_INDEX,SINCE_LAST
 2DIAGNOSTIC,     1, -6.840071951323e-01, 1.797693134862e+308, 6.7528e-01, 6.7528e-01, 
 2DIAGNOSTIC,     2, -6.858325279159e-01, 1.797693134862e+308, 6.7966e-01, 4.3812e-03, 
 2DIAGNOSTIC,     3, -6.887105268536e-01, 1.797693134862e+308, 6.8385e-01, 4.1881e-03, 
 2DIAGNOSTIC,     4, -6.926952615588e-01, 1.797693134862e+308, 6.8820e-01, 4.3471e-03, 
 2DIAGNOSTIC,     5, -7.027030843069e-01, 1.797693134862e+308, 6.9290e-01, 4.7021e-03, 
 2DIAGNOSTIC,     6, -7.214782440192e-01, 1.797693134862e+308, 6.9803e-01, 5.1291e-03, 
 2DIAGNOSTIC,     7, -7.212451884822e-01, 1.797693134862e+308, 7.0309e-01, 5.0600e-03, 
 2DIAGNOSTIC,     8, -7.216591698617e-01, 1.797693134862e+308, 7.0715e-01, 4.0591e-03, 
 2DIAGNOSTIC,     9, -7.224394183861e-01, 1.797693134862e+308, 7.1118e-01, 4.0331e-03, 
 2DIAGNOSTIC,    10, -7.234046330893e-01, 4.466677132856e-03, 7.1543e-01, 4.2541e-03, 
 2DIAGNOSTIC,    11, -7.257030719214e-01, 3.646771628905e-03, 7.1960e-01, 4.1702e-03, 
 2DIAGNOSTIC,    12, -7.271269537234e-01, 2.749185600820e-03, 7.2377e-01, 4.1699e-03, 
 2DIAGNOSTIC,    13, -7.282659958585e-01, 1.877976240924e-03, 7.2840e-01, 4.6279e-03, 
 2DIAGNOSTIC,    14, -7.291366065580e-01, 1.100475286104e-03, 7.3534e-01, 6.9430e-03, 
 2DIAGNOSTIC,    15, -7.291631350740e-01, 5.806295356096e-04, 7.3951e-01, 4.1652e-03, 
 2DIAGNOSTIC,    16, -7.296074423738e-01, 5.520045704454e-04, 7.4414e-01, 4.6270e-03, 
 2DIAGNOSTIC,    17, -7.299736854411e-01, 4.788313873905e-04, 7.4876e-01, 4.6291e-03, 
 2DIAGNOSTIC,    18, -7.300033967567e-01, 3.795869682716e-04, 7.5293e-01, 4.1640e-03, 
 2DIAGNOSTIC,    19, -7.302991302198e-01, 2.787595329542e-04, 7.5738e-01, 4.4470e-03, 
 2DIAGNOSTIC,    20, -7.318361782053e-01, 2.112461638555e-04, 7.6217e-01, 4.7970e-03, 
 2DIAGNOSTIC,    21, -7.334926628519e-01, 2.040875492104e-04, 7.6792e-01, 5.7490e-03, 
 2DIAGNOSTIC,    22, -7.334666825326e-01, 2.028443716980e-04, 7.7248e-01, 4.5550e-03, 
 2DIAGNOSTIC,    23, -7.344348768493e-01, 2.194831690993e-04, 7.7724e-01, 4.7581e-03, 
 2DIAGNOSTIC,    24, -7.349305202546e-01, 2.367115742455e-04, 7.8198e-01, 4.7479e-03, 
 2DIAGNOSTIC,    25, -7.350796590516e-01, 2.325249414589e-04, 7.8674e-01, 4.7538e-03, 
 2DIAGNOSTIC,    26, -7.349866308298e-01, 2.119322762839e-04, 7.9097e-01, 4.2291e-03, 
 2DIAGNOSTIC,    27, -7.351384210345e-01, 1.810609908965e-04, 7.9571e-01, 4.7412e-03, 
 2DIAGNOSTIC,    28, -7.353746734917e-01, 1.394375438276e-04, 7.9994e-01, 4.2310e-03, 
 2DIAGNOSTIC,    29, -7.360818036820e-01, 1.006816871716e-04, 8.0451e-01, 4.5710e-03, 
 2DIAGNOSTIC,    30, -7.371531664195e-01, 8.862968487874e-05, 8.0959e-01, 5.0800e-03, 
 2DIAGNOSTIC,    31, -7.378919558672e-01, 9.945054273606e-05, 8.1386e-01, 4.2691e-03, 
 2DIAGNOSTIC,    32, -7.385296890923e-01, 1.075254562940e-04, 8.1924e-01, 5.3811e-03, 
 2DIAGNOSTIC,    33, -7.385024954244e-01, 1.160306469470e-04, 8.2483e-01, 5.5890e-03, 
 2DIAGNOSTIC,    34, -7.387146621704e-01, 1.212751015829e-04, 8.2960e-01, 4.7729e-03, 
 2DIAGNOSTIC,    35, -7.390224226315e-01, 1.197738261008e-04, 8.3385e-01, 4.2470e-03, 
 2DIAGNOSTIC,    36, -7.393144989975e-01, 1.090549128586e-04, 8.3887e-01, 5.0261e-03, 
 2DIAGNOSTIC,    37, -7.393664479055e-01, 9.084044055012e-05, 8.5220e-01, 1.3323e-02, 
 2DIAGNOSTIC,    38, -7.393664468420e-01, 6.756084497316e-05, 8.5645e-01, 4.2541e-03, 
 2DIAGNOSTIC,    39, -7.393664667360e-01, 4.612117572569e-05, 8.6071e-01, 4.2629e-03, 
 2DIAGNOSTIC,    40, -7.393665003691e-01, 3.172218641056e-05, 8.6495e-01, 4.2369e-03, 
 2DIAGNOSTIC,    41, -7.393665572210e-01, 2.192224681121e-05, 8.6921e-01, 4.2610e-03, 
 2DIAGNOSTIC,    42, -7.393666532962e-01, 1.656762683150e-05, 8.7346e-01, 4.2448e-03, 
 2DIAGNOSTIC,    43, -7.393668155850e-01, 9.731599443299e-06, 8.7772e-01, 4.2651e-03, 
 2DIAGNOSTIC,    44, -7.393670893502e-01, 4.196960121047e-06, 8.8198e-01, 4.2551e-03, 
 2DIAGNOSTIC,    45, -7.393675505394e-01, 1.184972209058e-06, 8.8621e-01, 4.2369e-03, 
DIAGNOSTIC,Iteration,metricValue,convergenceValue,ITERATION_TIME_INDEX,SINCE_LAST
 2DIAGNOSTIC,     1, -5.979892806499e-01, 1.797693134862e+308, 1.5725e+00, 6.8625e-01, 
 2DIAGNOSTIC,     2, -5.982189174079e-01, 1.797693134862e+308, 1.6051e+00, 3.2612e-02, 
 2DIAGNOSTIC,     3, -5.984806109823e-01, 1.797693134862e+308, 1.6382e+00, 3.3074e-02, 
 2DIAGNOSTIC,     4, -5.988567037220e-01, 1.797693134862e+308, 1.6733e+00, 3.5118e-02, 
 2DIAGNOSTIC,     5, -5.996807768757e-01, 1.797693134862e+308, 1.7079e+00, 3.4655e-02, 
 2DIAGNOSTIC,     6, -6.012576028226e-01, 1.797693134862e+308, 1.7376e+00, 2.9692e-02, 
 2DIAGNOSTIC,     7, -6.045817655368e-01, 1.797693134862e+308, 1.7986e+00, 6.1030e-02, 
 2DIAGNOSTIC,     8, -6.045761951337e-01, 1.797693134862e+308, 1.8417e+00, 4.3082e-02, 
 2DIAGNOSTIC,     9, -6.045721319835e-01, 1.797693134862e+308, 1.8851e+00, 4.3365e-02, 
 2DIAGNOSTIC,    10, -6.045750291677e-01, 9.177568394888e-04, 1.9234e+00, 3.8300e-02, 
 2DIAGNOSTIC,    11, -6.045609676610e-01, 7.980491318727e-04, 1.9617e+00, 3.8326e-02, 
 2DIAGNOSTIC,    12, -6.045570159074e-01, 6.339871407820e-04, 1.9931e+00, 3.1429e-02, 
 2DIAGNOSTIC,    13, -6.045445934484e-01, 4.477937236028e-04, 2.0282e+00, 3.5096e-02, 
 2DIAGNOSTIC,    14, -6.045491222248e-01, 2.623730931675e-04, 2.0616e+00, 3.3378e-02, 
 2DIAGNOSTIC,    15, -6.045472774207e-01, 1.037140999731e-04, 2.0946e+00, 3.2961e-02, 
DIAGNOSTIC,Iteration,metricValue,convergenceValue,ITERATION_TIME_INDEX,SINCE_LAST
 2DIAGNOSTIC,     1, -5.399312710375e-01, 1.797693134862e+308, 3.1344e+00, 1.0398e+00, 
 2DIAGNOSTIC,     2, -5.402778714029e-01, 1.797693134862e+308, 3.3493e+00, 2.1487e-01, 
 2DIAGNOSTIC,     3, -5.407744293642e-01, 1.797693134862e+308, 3.5944e+00, 2.4516e-01, 
 2DIAGNOSTIC,     4, -5.414059954976e-01, 1.797693134862e+308, 3.8479e+00, 2.5349e-01, 
 2DIAGNOSTIC,     5, -5.420901411764e-01, 1.797693134862e+308, 4.0764e+00, 2.2845e-01, 
 2DIAGNOSTIC,     6, -5.435882377007e-01, 1.797693134862e+308, 4.5274e+00, 4.5099e-01, 
 2DIAGNOSTIC,     7, -5.435922424081e-01, 1.797693134862e+308, 4.7936e+00, 2.6627e-01, 
 2DIAGNOSTIC,     8, -5.435898049237e-01, 1.797693134862e+308, 5.0888e+00, 2.9517e-01, 
 2DIAGNOSTIC,     9, -5.435913609064e-01, 1.797693134862e+308, 5.4838e+00, 3.9500e-01, 
 2DIAGNOSTIC,    10, -5.435915869652e-01, 5.168337245189e-04, 5.7267e+00, 2.4287e-01, 
 2DIAGNOSTIC,    11, -5.435899946115e-01, 3.843952069762e-04, 5.9824e+00, 2.5577e-01, 
 2DIAGNOSTIC,    12, -5.435892882367e-01, 2.549297579862e-04, 6.2026e+00, 2.2010e-01, 
 2DIAGNOSTIC,    13, -5.435887783901e-01, 1.432222349347e-04, 6.4714e+00, 2.6885e-01, 
 2DIAGNOSTIC,    14, -5.435873716511e-01, 5.823521377935e-05, 6.7115e+00, 2.4013e-01, 
 2DIAGNOSTIC,    15, -5.435869539258e-01, 1.862672723243e-06, 6.9359e+00, 2.2434e-01, 
 2DIAGNOSTIC,    16, -5.435859437208e-01, 1.565140579932e-06, 7.2105e+00, 2.7468e-01, 
 2DIAGNOSTIC,    17, -5.435865677584e-01, 1.487931915407e-06, 7.4527e+00, 2.4211e-01, 
 2DIAGNOSTIC,    18, -5.435866175207e-01, 1.382951718976e-06, 7.7144e+00, 2.6170e-01, 
 2DIAGNOSTIC,    19, -5.435875185121e-01, 1.392004503678e-06, 8.0029e+00, 2.8851e-01, 
 2DIAGNOSTIC,    20, -5.435848563280e-01, 1.363599023717e-06, 8.2651e+00, 2.6227e-01, 
 2DIAGNOSTIC,    21, -5.435848105649e-01, 1.320761609781e-06, 8.4843e+00, 2.1913e-01, 
 2DIAGNOSTIC,    22, -5.435834258751e-01, 1.249587226554e-06, 8.7189e+00, 2.3467e-01, 
 2DIAGNOSTIC,    23, -5.435860437835e-01, 1.251276994928e-06, 9.0273e+00, 3.0836e-01, 
 2DIAGNOSTIC,    24, -5.435839370909e-01, 1.186786879971e-06, 9.3244e+00, 2.9712e-01, 
 2DIAGNOSTIC,    25, -5.435842773429e-01, 1.142085837666e-06, 9.6119e+00, 2.8746e-01, 
 2DIAGNOSTIC,    26, -5.435835880722e-01, 1.079415045228e-06, 9.8722e+00, 2.6028e-01, 
 2DIAGNOSTIC,    27, -5.435828186906e-01, 1.031652782646e-06, 1.0085e+01, 2.1295e-01, 
DIAGNOSTIC,Iteration,metricValue,convergenceValue,ITERATION_TIME_INDEX,SINCE_LAST
 2DIAGNOSTIC,     1, -4.987693257508e-01, 1.797693134862e+308, 1.2820e+01, 2.7344e+00, 
 2DIAGNOSTIC,     2, -4.989586088325e-01, 1.797693134862e+308, 1.4418e+01, 1.5981e+00, 
 2DIAGNOSTIC,     3, -4.991863847632e-01, 1.797693134862e+308, 1.6082e+01, 1.6645e+00, 
 2DIAGNOSTIC,     4, -4.994904326660e-01, 1.797693134862e+308, 1.7687e+01, 1.6044e+00, 
