
##########################
# Experiment information #
##########################

EXPERIMENT_NAME: antsRegistration-r8-p17
VFC_BACKENDS: libinterflop_vprec.so --range-binary32=8 --precision-binary32=17 --range-binary64=8 --precision-binary64=17

SIF_IMG: /home/mdugre/projects/rrg-glatard/mdugre/containers/ants-vprec-no_metrics.simg

SUBJECT_ID: s037
INPUT_IMG: /home/mdugre/scratch/mri-registration-rp/datasets/ds004513/derivatives/mri-registration-rp/antsBrainExtraction/sub-s037/BrainExtractionBrain.nii.gz
OUTPUT_DIR: /home/mdugre/scratch/mri-registration-rp/datasets/ds004513/derivatives/mri-registration-rp/0001/antsRegistration-r8-p17/sub-s037

FIXED_IMG: /templateflow/tpl-MNI152NLin2009cAsym/tpl-MNI152NLin2009cAsym_res-01_desc-brain_T1w.nii.gz
DATA_DIR: /home/mdugre/scratch/mri-registration-rp/datasets/ds004513
TEMPLATEFLOW_DIR: /home/mdugre/projects/rrg-glatard/mdugre/templateflow
ITK_GLOBAL_DEFAULT_NUMBER_OF_THREADS: 16
##########################

Info [verificarlo]: loaded backend libinterflop_ieee.so
Info [interflop-ieee]: load backend with:
Info [interflop-ieee]: debug = false
Info [interflop-ieee]: debug-binary = false
Info [interflop-ieee]: no-backend-name = false
Info [interflop-ieee]: print-new-line = false
Info [interflop-ieee]: print-subnormal-normalized = false
Info [interflop-ieee]: count-op = false
All_Command_lines_OK
Using double precision for computations.
=============================================================================
The composite transform comprises the following transforms (in order): 
  1. Center of mass alignment using fixed image: /templateflow/tpl-MNI152NLin2009cAsym/tpl-MNI152NLin2009cAsym_res-01_desc-brain_T1w.nii.gz and moving image: /home/mdugre/scratch/mri-registration-rp/datasets/ds004513/derivatives/mri-registration-rp/antsBrainExtraction/sub-s037/BrainExtractionBrain.nii.gz (type = Euler3DTransform)
=============================================================================
  number of levels = 1
  fixed image: /templateflow/tpl-MNI152NLin2009cAsym/tpl-MNI152NLin2009cAsym_res-01_desc-brain_T1w.nii.gz
  moving image: /home/mdugre/scratch/mri-registration-rp/datasets/ds004513/derivatives/mri-registration-rp/antsBrainExtraction/sub-s037/BrainExtractionBrain.nii.gz
Dimension = 3
Number of stages = 1
Use histogram matching = false
Winsorize image intensities = true
  Lower quantile = 0.005
  Upper quantile = 0.995


Stage 1 State
   Image metric = MattesMI
     Fixed image = Image (0x4483e70)
  RTTI typeinfo:   itk::Image<double, 3u>
  Reference Count: 2
  Modified Time: 2330
  Debug: Off
  Object Name: 
  Observers: 
    none
  Source: (none)
  Source output name: (none)
  Release Data: Off
  Data Released: False
  Global Release Data: Off
  PipelineMTime: 0
  UpdateMTime: 1941
  RealTimeStamp: 0 seconds 
  LargestPossibleRegion: 
    Dimension: 3
    Index: [0, 0, 0]
    Size: [193, 229, 193]
  BufferedRegion: 
    Dimension: 3
    Index: [0, 0, 0]
    Size: [193, 229, 193]
  RequestedRegion: 
    Dimension: 3
    Index: [0, 0, 0]
    Size: [193, 229, 193]
  Spacing: [1, 1, 1]
  Origin: [96, 132, -78]
  Direction: 
-1 0 0
0 -1 0
0 0 1

  IndexToPointMatrix: 
-1 0 0
0 -1 0
0 0 1

  PointToIndexMatrix: 
-1 0 0
0 -1 0
0 0 1

  Inverse Direction: 
-1 0 0
0 -1 0
0 0 1

  PixelContainer: 
    ImportImageContainer (0x448cc60)
      RTTI typeinfo:   itk::ImportImageContainer<unsigned long, double>
      Reference Count: 1
      Modified Time: 1938
      Debug: Off
      Object Name: 
      Observers: 
        none
      Pointer: 0x150177279010
      Container manages memory: true
      Size: 8530021
      Capacity: 8530021

     Moving image = Image (0x4520ec0)
  RTTI typeinfo:   itk::Image<double, 3u>
  Reference Count: 2
  Modified Time: 2331
  Debug: Off
  Object Name: 
  Observers: 
    none
  Source: (none)
  Source output name: (none)
  Release Data: Off
  Data Released: False
  Global Release Data: Off
  PipelineMTime: 0
  UpdateMTime: 2328
  RealTimeStamp: 0 seconds 
  LargestPossibleRegion: 
    Dimension: 3
    Index: [0, 0, 0]
    Size: [160, 240, 256]
  BufferedRegion: 
    Dimension: 3
    Index: [0, 0, 0]
    Size: [160, 240, 256]
  RequestedRegion: 
    Dimension: 3
    Index: [0, 0, 0]
    Size: [160, 240, 256]
  Spacing: [1, 1, 1]
  Origin: [87.9508, 102.562, -147.639]
  Direction: 
-0.998659 -0.0436121 -0.0279129
0.043595 -0.999049 0.00121847
-0.0279395 -2.65543e-08 0.99961

  IndexToPointMatrix: 
-0.998659 -0.0436121 -0.0279129
0.043595 -0.999049 0.00121847
-0.0279395 -2.65543e-08 0.99961

  PointToIndexMatrix: 
-0.998659 0.043595 -0.0279395
-0.0436121 -0.999049 -2.65517e-08
-0.0279129 0.00121847 0.99961

  Inverse Direction: 
-0.998659 0.043595 -0.0279395
-0.0436121 -0.999049 -2.65517e-08
-0.0279129 0.00121847 0.99961

  PixelContainer: 
    ImportImageContainer (0x45b8610)
      RTTI typeinfo:   itk::ImportImageContainer<unsigned long, double>
      Reference Count: 1
      Modified Time: 2325
      Debug: Off
      Object Name: 
      Observers: 
        none
      Pointer: 0x150172778010
      Container manages memory: true
      Size: 9830400
      Capacity: 9830400

     Weighting = 1
     Sampling strategy = regular
     Number of bins = 32
     Radius = 4
     Sampling percentage  = 0.25
   Transform = Rigid
     Gradient step = 0.1
     Update field sigma (voxel space) = 0
     Total field sigma (voxel space) = 0
     Update field time sigma = 0
     Total field time sigma  = 0
     Number of time indices = 0
     Number of time point samples = 0
Registration using 1 total stages.

Stage 0
  iterations = 0
  convergence threshold = 1e-06
  convergence window size = 10
  number of levels = 1
  using the Mattes MI metric (number of bins = 32, weight = 1, use gradient filter = 0)
  preprocessing:  winsorizing the image intensities
  Shrink factors (level 1 out of 1): [1, 1, 1]
  smoothing sigmas per level: [0]
  regular sampling (percentage = 0.25)

*** Running Euler3DTransform registration ***

  Elapsed time (stage 0): 1.11378


Total elapsed time: 1.11595
Info [verificarlo]: loaded backend libinterflop_ieee.so
Info [interflop-ieee]: load backend with:
Info [interflop-ieee]: debug = false
Info [interflop-ieee]: debug-binary = false
Info [interflop-ieee]: no-backend-name = false
Info [interflop-ieee]: print-new-line = false
Info [interflop-ieee]: print-subnormal-normalized = false
Info [interflop-ieee]: count-op = false
All_Command_lines_OK
Using double precision for computations.
=============================================================================
The composite transform comprises the following transforms (in order): 
  1. /home/mdugre/scratch/mri-registration-rp/datasets/ds004513/derivatives/mri-registration-rp/0001/antsRegistration-r8-p17/sub-s037/align_Composite.h5[0] (type = Euler3DTransform)
  2. /home/mdugre/scratch/mri-registration-rp/datasets/ds004513/derivatives/mri-registration-rp/0001/antsRegistration-r8-p17/sub-s037/align_Composite.h5[1] (type = Euler3DTransform)
=============================================================================
  number of levels = 4
  fixed image: /templateflow/tpl-MNI152NLin2009cAsym/tpl-MNI152NLin2009cAsym_res-01_desc-brain_T1w.nii.gz
  moving image: /home/mdugre/scratch/mri-registration-rp/datasets/ds004513/derivatives/mri-registration-rp/antsBrainExtraction/sub-s037/BrainExtractionBrain.nii.gz
Dimension = 3
Number of stages = 1
Use histogram matching = false
Winsorize image intensities = true
  Lower quantile = 0.005
  Upper quantile = 0.995


Stage 1 State
   Image metric = MattesMI
     Fixed image = Image (0x3eca530)
  RTTI typeinfo:   itk::Image<double, 3u>
  Reference Count: 2
  Modified Time: 1578
  Debug: Off
  Object Name: 
  Observers: 
    none
  Source: (none)
  Source output name: (none)
  Release Data: Off
  Data Released: False
  Global Release Data: Off
  PipelineMTime: 0
  UpdateMTime: 1189
  RealTimeStamp: 0 seconds 
  LargestPossibleRegion: 
    Dimension: 3
    Index: [0, 0, 0]
    Size: [193, 229, 193]
  BufferedRegion: 
    Dimension: 3
    Index: [0, 0, 0]
    Size: [193, 229, 193]
  RequestedRegion: 
    Dimension: 3
    Index: [0, 0, 0]
    Size: [193, 229, 193]
  Spacing: [1, 1, 1]
  Origin: [96, 132, -78]
  Direction: 
-1 0 0
0 -1 0
0 0 1

  IndexToPointMatrix: 
-1 0 0
0 -1 0
0 0 1

  PointToIndexMatrix: 
-1 0 0
0 -1 0
0 0 1

  Inverse Direction: 
-1 0 0
0 -1 0
0 0 1

  PixelContainer: 
    ImportImageContainer (0x3f88d60)
      RTTI typeinfo:   itk::ImportImageContainer<unsigned long, double>
      Reference Count: 1
      Modified Time: 1186
      Debug: Off
      Object Name: 
      Observers: 
        none
      Pointer: 0x149c77f09010
      Container manages memory: true
      Size: 8530021
      Capacity: 8530021

     Moving image = Image (0x3f7af60)
  RTTI typeinfo:   itk::Image<double, 3u>
  Reference Count: 2
  Modified Time: 1579
  Debug: Off
  Object Name: 
  Observers: 
    none
  Source: (none)
  Source output name: (none)
  Release Data: Off
  Data Released: False
  Global Release Data: Off
  PipelineMTime: 0
  UpdateMTime: 1576
  RealTimeStamp: 0 seconds 
  LargestPossibleRegion: 
    Dimension: 3
    Index: [0, 0, 0]
    Size: [160, 240, 256]
  BufferedRegion: 
    Dimension: 3
    Index: [0, 0, 0]
    Size: [160, 240, 256]
  RequestedRegion: 
    Dimension: 3
    Index: [0, 0, 0]
    Size: [160, 240, 256]
  Spacing: [1, 1, 1]
  Origin: [87.9508, 102.562, -147.639]
  Direction: 
-0.998659 -0.0436121 -0.0279129
0.043595 -0.999049 0.00121847
-0.0279395 -2.65543e-08 0.99961

  IndexToPointMatrix: 
-0.998659 -0.0436121 -0.0279129
0.043595 -0.999049 0.00121847
-0.0279395 -2.65543e-08 0.99961

  PointToIndexMatrix: 
-0.998659 0.043595 -0.0279395
-0.0436121 -0.999049 -2.65517e-08
-0.0279129 0.00121847 0.99961

  Inverse Direction: 
-0.998659 0.043595 -0.0279395
-0.0436121 -0.999049 -2.65517e-08
-0.0279129 0.00121847 0.99961

  PixelContainer: 
    ImportImageContainer (0x3f6c6d0)
      RTTI typeinfo:   itk::ImportImageContainer<unsigned long, double>
      Reference Count: 1
      Modified Time: 1573
      Debug: Off
      Object Name: 
      Observers: 
        none
      Pointer: 0x149c73408010
      Container manages memory: true
      Size: 9830400
      Capacity: 9830400

     Weighting = 1
     Sampling strategy = regular
     Number of bins = 32
     Radius = 4
     Sampling percentage  = 0.25
   Transform = Rigid
     Gradient step = 0.1
     Update field sigma (voxel space) = 0
     Total field sigma (voxel space) = 0
     Update field time sigma = 0
     Total field time sigma  = 0
     Number of time indices = 0
     Number of time point samples = 0
Registration using 1 total stages.

Stage 0
  iterations = 1000x500x250x100
  convergence threshold = 1e-06
  convergence window size = 10
  number of levels = 4
  using the Mattes MI metric (number of bins = 32, weight = 1, use gradient filter = 0)
  preprocessing:  winsorizing the image intensities
  Shrink factors (level 1 out of 4): [8, 8, 8]
  Shrink factors (level 2 out of 4): [4, 4, 4]
  Shrink factors (level 3 out of 4): [2, 2, 2]
  Shrink factors (level 4 out of 4): [1, 1, 1]
  smoothing sigmas per level: [3, 2, 1, 0]
  regular sampling (percentage = 0.25)

*** Running Euler3DTransform registration ***

DIAGNOSTIC,Iteration,metricValue,convergenceValue,ITERATION_TIME_INDEX,SINCE_LAST
 2DIAGNOSTIC,     1, -4.299060189477e-01, 1.797693134862e+308, 8.2780e-01, 8.2780e-01, 
 2DIAGNOSTIC,     2, -4.311703807429e-01, 1.797693134862e+308, 8.3260e-01, 4.8051e-03, 
 2DIAGNOSTIC,     3, -4.334997061176e-01, 1.797693134862e+308, 8.3724e-01, 4.6382e-03, 
 2DIAGNOSTIC,     4, -4.389575130370e-01, 1.797693134862e+308, 8.4151e-01, 4.2751e-03, 
 2DIAGNOSTIC,     5, -4.438813134482e-01, 1.797693134862e+308, 8.4593e-01, 4.4179e-03, 
 2DIAGNOSTIC,     6, -4.461495460377e-01, 1.797693134862e+308, 8.5016e-01, 4.2298e-03, 
 2DIAGNOSTIC,     7, -4.511407144429e-01, 1.797693134862e+308, 8.5505e-01, 4.8919e-03, 
 2DIAGNOSTIC,     8, -4.667812032718e-01, 1.797693134862e+308, 8.6015e-01, 5.0931e-03, 
 2DIAGNOSTIC,     9, -4.753090114372e-01, 1.797693134862e+308, 8.6503e-01, 4.8859e-03, 
 2DIAGNOSTIC,    10, -4.802481719655e-01, 7.481707542057e-03, 8.7004e-01, 5.0070e-03, 
 2DIAGNOSTIC,    11, -4.821261368877e-01, 7.356704266141e-03, 8.7441e-01, 4.3709e-03, 
 2DIAGNOSTIC,    12, -4.837491005315e-01, 6.749992380100e-03, 8.7974e-01, 5.3329e-03, 
 2DIAGNOSTIC,    13, -5.028244927604e-01, 6.622215038706e-03, 8.8696e-01, 7.2129e-03, 
 2DIAGNOSTIC,    14, -5.042109134430e-01, 6.183615245769e-03, 8.9133e-01, 4.3759e-03, 
 2DIAGNOSTIC,    15, -5.066116081839e-01, 5.558135432330e-03, 8.9568e-01, 4.3449e-03, 
 2DIAGNOSTIC,    16, -5.083451635792e-01, 4.676295421072e-03, 9.0007e-01, 4.3881e-03, 
 2DIAGNOSTIC,    17, -5.184993493011e-01, 3.998770501606e-03, 9.0679e-01, 6.7241e-03, 
 2DIAGNOSTIC,    18, -5.256348855819e-01, 3.769024584113e-03, 9.1116e-01, 4.3659e-03, 
 2DIAGNOSTIC,    19, -5.260487274662e-01, 3.491513196270e-03, 9.1604e-01, 4.8828e-03, 
 2DIAGNOSTIC,    20, -5.292109522373e-01, 3.174906780875e-03, 9.2113e-01, 5.0929e-03, 
 2DIAGNOSTIC,    21, -5.301818315911e-01, 2.681600142771e-03, 9.2544e-01, 4.3058e-03, 
 2DIAGNOSTIC,    22, -5.312241501181e-01, 2.041189257864e-03, 9.3029e-01, 4.8521e-03, 
 2DIAGNOSTIC,    23, -5.321371517691e-01, 1.776979983039e-03, 9.3567e-01, 5.3840e-03, 
 2DIAGNOSTIC,    24, -5.330747292578e-01, 1.429098806339e-03, 9.4006e-01, 4.3910e-03, 
 2DIAGNOSTIC,    25, -5.340979488705e-01, 1.060388139950e-03, 9.4498e-01, 4.9150e-03, 
 2DIAGNOSTIC,    26, -5.353301987606e-01, 6.839355380755e-04, 9.5090e-01, 5.9240e-03, 
 2DIAGNOSTIC,    27, -5.359878060594e-01, 5.005589810038e-04, 9.5524e-01, 4.3399e-03, 
 2DIAGNOSTIC,    28, -5.363339094041e-01, 4.385721230064e-04, 9.5951e-01, 4.2710e-03, 
 2DIAGNOSTIC,    29, -5.373051098132e-01, 3.660307971786e-04, 9.6387e-01, 4.3578e-03, 
 2DIAGNOSTIC,    30, -5.398201279421e-01, 3.716002666364e-04, 9.6899e-01, 5.1150e-03, 
 2DIAGNOSTIC,    31, -5.446418639279e-01, 4.465226002596e-04, 9.7889e-01, 9.9001e-03, 
 2DIAGNOSTIC,    32, -5.446641422379e-01, 4.912528900004e-04, 9.8309e-01, 4.2000e-03, 
 2DIAGNOSTIC,    33, -5.447643102373e-01, 5.056315203913e-04, 9.8731e-01, 4.2250e-03, 
 2DIAGNOSTIC,    34, -5.449308020101e-01, 4.903945600737e-04, 9.9146e-01, 4.1490e-03, 
 2DIAGNOSTIC,    35, -5.452043450789e-01, 4.491405817453e-04, 9.9565e-01, 4.1859e-03, 
 2DIAGNOSTIC,    36, -5.456973978175e-01, 3.933011234881e-04, 9.9982e-01, 4.1721e-03, 
 2DIAGNOSTIC,    37, -5.462998806015e-01, 3.227865697286e-04, 1.0040e+00, 4.1420e-03, 
 2DIAGNOSTIC,    38, -5.470544142893e-01, 2.429375907456e-04, 1.0082e+00, 4.2322e-03, 
 2DIAGNOSTIC,    39, -5.483331152814e-01, 1.763420647576e-04, 1.0129e+00, 4.7169e-03, 
 2DIAGNOSTIC,    40, -5.485726461133e-01, 1.327743733202e-04, 1.0171e+00, 4.2009e-03, 
 2DIAGNOSTIC,    41, -5.488484308458e-01, 1.482832163624e-04, 1.0218e+00, 4.6880e-03, 
 2DIAGNOSTIC,    42, -5.491453474199e-01, 1.532254813506e-04, 1.0262e+00, 4.3690e-03, 
 2DIAGNOSTIC,    43, -5.502446223602e-01, 1.586580862614e-04, 1.0313e+00, 5.1479e-03, 
 2DIAGNOSTIC,    44, -5.634846176783e-01, 3.167371562400e-04, 1.0375e+00, 6.1738e-03, 
 2DIAGNOSTIC,    45, -5.666736871610e-01, 4.749095146205e-04, 1.0424e+00, 4.8749e-03, 
 2DIAGNOSTIC,    46, -5.686983738779e-01, 6.114570884580e-04, 1.0471e+00, 4.7441e-03, 
 2DIAGNOSTIC,    47, -5.691058906930e-01, 6.972241355012e-04, 1.0513e+00, 4.1811e-03, 
 2DIAGNOSTIC,    48, -5.696222704573e-01, 7.266143427771e-04, 1.0555e+00, 4.2050e-03, 
 2DIAGNOSTIC,    49, -5.705252184721e-01, 7.072163042055e-04, 1.0602e+00, 4.7040e-03, 
 2DIAGNOSTIC,    50, -5.706964996349e-01, 6.243533923210e-04, 1.0674e+00, 7.2138e-03, 
 2DIAGNOSTIC,    51, -5.707786056954e-01, 4.911816024601e-04, 1.0716e+00, 4.1878e-03, 
 2DIAGNOSTIC,    52, -5.709319904030e-01, 3.232121408176e-04, 1.0763e+00, 4.6990e-03, 
 2DIAGNOSTIC,    53, -5.710349133762e-01, 1.402750531965e-04, 1.0805e+00, 4.2040e-03, 
 2DIAGNOSTIC,    54, -5.710839598451e-01, 8.401083746082e-05, 1.0846e+00, 4.1411e-03, 
 2DIAGNOSTIC,    55, -5.712311429049e-01, 5.433791428543e-05, 1.0888e+00, 4.1511e-03, 
 2DIAGNOSTIC,    56, -5.714553799110e-01, 4.241832867920e-05, 1.0929e+00, 4.1499e-03, 
 2DIAGNOSTIC,    57, -5.716557371526e-01, 3.261917094157e-05, 1.0971e+00, 4.1420e-03, 
 2DIAGNOSTIC,    58, -5.724131134654e-01, 3.170990759111e-05, 1.1019e+00, 4.8120e-03, 
 2DIAGNOSTIC,    59, -5.758223957005e-01, 6.699833005919e-05, 1.1072e+00, 5.2800e-03, 
 2DIAGNOSTIC,    60, -5.764798586337e-01, 1.012636475694e-04, 1.1114e+00, 4.2329e-03, 
 2DIAGNOSTIC,    61, -5.775823369724e-01, 1.352851536437e-04, 1.1181e+00, 6.7360e-03, 
 2DIAGNOSTIC,    62, -5.790019275892e-01, 1.689637217409e-04, 1.1226e+00, 4.4401e-03, 
 2DIAGNOSTIC,    63, -5.793007764843e-01, 1.883681960887e-04, 1.1274e+00, 4.8130e-03, 
 2DIAGNOSTIC,    64, -5.795672845283e-01, 1.913970794160e-04, 1.1317e+00, 4.2651e-03, 
 2DIAGNOSTIC,    65, -5.801299820711e-01, 1.817853986808e-04, 1.1360e+00, 4.3652e-03, 
 2DIAGNOSTIC,    66, -5.813809574693e-01, 1.671509041204e-04, 1.1409e+00, 4.8549e-03, 
 2DIAGNOSTIC,    67, -5.828078915643e-01, 1.496822377087e-04, 1.1492e+00, 8.2998e-03, 
 2DIAGNOSTIC,    68, -5.830136959183e-01, 1.251598641400e-04, 1.1535e+00, 4.2849e-03, 
 2DIAGNOSTIC,    69, -5.831987995370e-01, 1.173647376844e-04, 1.1582e+00, 4.6792e-03, 
 2DIAGNOSTIC,    70, -5.833068217129e-01, 1.043187122855e-04, 1.1627e+00, 4.5369e-03, 
 2DIAGNOSTIC,    71, -5.833867281203e-01, 9.004521266497e-05, 1.1669e+00, 4.2210e-03, 
 2DIAGNOSTIC,    72, -5.834577543659e-01, 7.834208980296e-05, 1.1711e+00, 4.2231e-03, 
 2DIAGNOSTIC,    73, -5.842499723358e-01, 6.744967583458e-05, 1.1778e+00, 6.6881e-03, 
 2DIAGNOSTIC,    74, -5.845881443663e-01, 5.471086453521e-05, 1.1821e+00, 4.2531e-03, 
 2DIAGNOSTIC,    75, -5.846498899263e-01, 4.137588905725e-05, 1.1863e+00, 4.2250e-03, 
 2DIAGNOSTIC,    76, -5.848034645376e-01, 3.404485364848e-05, 1.1905e+00, 4.2059e-03, 
 2DIAGNOSTIC,    77, -5.851409264631e-01, 3.569179192753e-05, 1.1957e+00, 5.2178e-03, 
 2DIAGNOSTIC,    78, -5.852338323385e-01, 3.573962880127e-05, 1.2017e+00, 5.9428e-03, 
 2DIAGNOSTIC,    79, -5.852557843211e-01, 3.371548321144e-05, 1.2058e+00, 4.1819e-03, 
 2DIAGNOSTIC,    80, -5.855944593853e-01, 3.155524743933e-05, 1.2106e+00, 4.7228e-03, 
 2DIAGNOSTIC,    81, -5.857309601806e-01, 2.785344966579e-05, 1.2148e+00, 4.2689e-03, 
 2DIAGNOSTIC,    82, -5.858044538076e-01, 2.237144160203e-05, 1.2195e+00, 4.7071e-03, 
 2DIAGNOSTIC,    83, -5.859426940385e-01, 2.074163660737e-05, 1.2238e+00, 4.2140e-03, 
 2DIAGNOSTIC,    84, -5.861787478700e-01, 2.077557251521e-05, 1.2383e+00, 1.4495e-02, 
 2DIAGNOSTIC,    85, -5.865077732121e-01, 2.118341987105e-05, 1.2434e+00, 5.1410e-03, 
 2DIAGNOSTIC,    86, -5.865303764321e-01, 2.054197674323e-05, 1.2482e+00, 4.8490e-03, 
 2DIAGNOSTIC,    87, -5.865403528296e-01, 2.009713556700e-05, 1.2545e+00, 6.2239e-03, 
 2DIAGNOSTIC,    88, -5.865472046204e-01, 1.839341174046e-05, 1.2586e+00, 4.1621e-03, 
 2DIAGNOSTIC,    89, -5.866096134453e-01, 1.541142605428e-05, 1.2627e+00, 4.1170e-03, 
 2DIAGNOSTIC,    90, -5.866456629684e-01, 1.315907646615e-05, 1.2668e+00, 4.0810e-03, 
 2DIAGNOSTIC,    91, -5.866782861579e-01, 1.069769998279e-05, 1.2709e+00, 4.1111e-03, 
 2DIAGNOSTIC,    92, -5.867378194480e-01, 8.070502010080e-06, 1.2750e+00, 4.0388e-03, 
 2DIAGNOSTIC,    93, -5.868856960207e-01, 6.333248543095e-06, 1.2791e+00, 4.0739e-03, 
 2DIAGNOSTIC,    94, -5.870734656842e-01, 6.319845258795e-06, 1.2835e+00, 4.4880e-03, 
 2DIAGNOSTIC,    95, -5.871906697031e-01, 8.138566062087e-06, 1.2900e+00, 6.4721e-03, 
 2DIAGNOSTIC,    96, -5.872613566868e-01, 9.673118239555e-06, 1.2941e+00, 4.0650e-03, 
 2DIAGNOSTIC,    97, -5.872820791603e-01, 1.044601797826e-05, 1.2981e+00, 4.0672e-03, 
 2DIAGNOSTIC,    98, -5.873163538885e-01, 1.043096711782e-05, 1.3021e+00, 4.0030e-03, 
 2DIAGNOSTIC,    99, -5.873678424792e-01, 1.001612011794e-05, 1.3066e+00, 4.4701e-03, 
 2DIAGNOSTIC,   100, -5.873932119590e-01, 8.982981424457e-06, 1.3122e+00, 5.6169e-03, 
 2DIAGNOSTIC,   101, -5.874205978646e-01, 7.450705112273e-06, 1.3167e+00, 4.4281e-03, 
 2DIAGNOSTIC,   102, -5.874282839701e-01, 5.598712896014e-06, 1.3211e+00, 4.4079e-03, 
 2DIAGNOSTIC,   103, -5.874793832750e-01, 4.253384141534e-06, 1.3250e+00, 3.9182e-03, 
 2DIAGNOSTIC,   104, -5.874893173820e-01, 3.512415779906e-06, 1.3294e+00, 4.3991e-03, 
 2DIAGNOSTIC,   105, -5.874172975769e-01, 2.691726181562e-06, 1.3347e+00, 5.3589e-03, 
 2DIAGNOSTIC,   106, -5.874001550463e-01, 1.932383427787e-06, 1.3390e+00, 4.2260e-03, 
 2DIAGNOSTIC,   107, -5.874100906556e-01, 1.176063744867e-06, 1.3430e+00, 4.0479e-03, 
DIAGNOSTIC,Iteration,metricValue,convergenceValue,ITERATION_TIME_INDEX,SINCE_LAST
 2DIAGNOSTIC,     1, -4.732760753408e-01, 1.797693134862e+308, 2.0632e+00, 7.2019e-01, 
 2DIAGNOSTIC,     2, -4.740037889788e-01, 1.797693134862e+308, 2.0920e+00, 2.8754e-02, 
 2DIAGNOSTIC,     3, -4.751352411750e-01, 1.797693134862e+308, 2.1213e+00, 2.9319e-02, 
 2DIAGNOSTIC,     4, -4.772260981314e-01, 1.797693134862e+308, 2.1501e+00, 2.8785e-02, 
 2DIAGNOSTIC,     5, -4.804542163262e-01, 1.797693134862e+308, 2.1811e+00, 3.1074e-02, 
 2DIAGNOSTIC,     6, -4.823198990640e-01, 1.797693134862e+308, 2.2159e+00, 3.4790e-02, 
 2DIAGNOSTIC,     7, -4.831212530579e-01, 1.797693134862e+308, 2.2454e+00, 2.9492e-02, 
 2DIAGNOSTIC,     8, -4.832304452074e-01, 1.797693134862e+308, 2.2814e+00, 3.6018e-02, 
 2DIAGNOSTIC,     9, -4.833767589888e-01, 1.797693134862e+308, 2.3156e+00, 3.4113e-02, 
 2DIAGNOSTIC,    10, -4.835846222578e-01, 1.617571681201e-03, 2.3452e+00, 2.9625e-02, 
 2DIAGNOSTIC,    11, -4.843682224420e-01, 1.267444288596e-03, 2.3778e+00, 3.2597e-02, 
 2DIAGNOSTIC,    12, -4.848408576768e-01, 9.223079950232e-04, 2.4106e+00, 3.2790e-02, 
 2DIAGNOSTIC,    13, -4.849606238568e-01, 6.047826406478e-04, 2.4505e+00, 3.9913e-02, 
 2DIAGNOSTIC,    14, -4.849843591160e-01, 3.656207549154e-04, 2.4915e+00, 4.1054e-02, 
 2DIAGNOSTIC,    15, -4.849877521752e-01, 2.510476646857e-04, 2.5260e+00, 3.4475e-02, 
 2DIAGNOSTIC,    16, -4.849826893081e-01, 1.955025819208e-04, 2.5558e+00, 2.9774e-02, 
 2DIAGNOSTIC,    17, -4.849793326923e-01, 1.561179358963e-04, 2.5848e+00, 2.9053e-02, 
 2DIAGNOSTIC,    18, -4.849785455706e-01, 1.106846520981e-04, 2.6136e+00, 2.8750e-02, 
 2DIAGNOSTIC,    19, -4.849964554490e-01, 6.538664737157e-05, 2.6421e+00, 2.8564e-02, 
 2DIAGNOSTIC,    20, -4.850214544634e-01, 2.513093753003e-05, 2.6734e+00, 3.1288e-02, 
 2DIAGNOSTIC,    21, -4.850855001836e-01, 9.979754848691e-06, 2.7048e+00, 3.1400e-02, 
 2DIAGNOSTIC,    22, -4.851668954960e-01, 1.014374481798e-05, 2.7387e+00, 3.3820e-02, 
 2DIAGNOSTIC,    23, -4.853626663788e-01, 1.751003403452e-05, 2.7837e+00, 4.5087e-02, 
 2DIAGNOSTIC,    24, -4.853850285642e-01, 2.377663629002e-05, 2.8141e+00, 3.0340e-02, 
 2DIAGNOSTIC,    25, -4.854354583363e-01, 2.875588770415e-05, 2.8435e+00, 2.9427e-02, 
 2DIAGNOSTIC,    26, -4.856724059045e-01, 3.603474027935e-05, 2.8758e+00, 3.2249e-02, 
 2DIAGNOSTIC,    27, -4.861514278061e-01, 4.969311733040e-05, 2.9038e+00, 2.8073e-02, 
 2DIAGNOSTIC,    28, -4.866476128272e-01, 6.792888663602e-05, 2.9329e+00, 2.9075e-02, 
 2DIAGNOSTIC,    29, -4.869924319840e-01, 8.585434806085e-05, 2.9733e+00, 4.0400e-02, 
 2DIAGNOSTIC,    30, -4.874585463731e-01, 1.042713680284e-04, 3.0023e+00, 2.8995e-02, 
 2DIAGNOSTIC,    31, -4.879683563721e-01, 1.224718240167e-04, 3.0312e+00, 2.8880e-02, 
 2DIAGNOSTIC,    32, -4.887392781780e-01, 1.433179310154e-04, 3.0704e+00, 3.9186e-02, 
 2DIAGNOSTIC,    33, -4.891066850249e-01, 1.591286371566e-04, 3.1030e+00, 3.2654e-02, 
 2DIAGNOSTIC,    34, -4.893996407343e-01, 1.645497212647e-04, 3.1354e+00, 3.2400e-02, 
 2DIAGNOSTIC,    35, -4.897614987180e-01, 1.611039174092e-04, 3.1685e+00, 3.3073e-02, 
 2DIAGNOSTIC,    36, -4.900538474841e-01, 1.509822741888e-04, 3.1975e+00, 2.8963e-02, 
 2DIAGNOSTIC,    37, -4.911276469587e-01, 1.514540320294e-04, 3.2266e+00, 2.9150e-02, 
 2DIAGNOSTIC,    38, -4.917075300243e-01, 1.537371398154e-04, 3.2635e+00, 3.6851e-02, 
 2DIAGNOSTIC,    39, -4.927780303117e-01, 1.625747427699e-04, 3.3139e+00, 5.0429e-02, 
 2DIAGNOSTIC,    40, -4.928282610315e-01, 1.629033552482e-04, 3.3429e+00, 2.9057e-02, 
 2DIAGNOSTIC,    41, -4.929154728332e-01, 1.562452298565e-04, 3.3721e+00, 2.9151e-02, 
 2DIAGNOSTIC,    42, -4.930839818555e-01, 1.480645919600e-04, 3.4004e+00, 2.8340e-02, 
 2DIAGNOSTIC,    43, -4.931300051058e-01, 1.315547699810e-04, 3.4325e+00, 3.2015e-02, 
 2DIAGNOSTIC,    44, -4.931573244504e-01, 1.074630390764e-04, 3.4648e+00, 3.2336e-02, 
 2DIAGNOSTIC,    45, -4.931536826416e-01, 7.905516539914e-05, 3.4936e+00, 2.8813e-02, 
 2DIAGNOSTIC,    46, -4.931731749249e-01, 4.827413877612e-05, 3.5257e+00, 3.2130e-02, 
 2DIAGNOSTIC,    47, -4.931788668288e-01, 2.760996943975e-05, 3.5539e+00, 2.8185e-02, 
 2DIAGNOSTIC,    48, -4.932043823857e-01, 1.224134590848e-05, 3.5828e+00, 2.8923e-02, 
 2DIAGNOSTIC,    49, -4.932740812437e-01, 1.000640234287e-05, 3.6117e+00, 2.8828e-02, 
 2DIAGNOSTIC,    50, -4.933340313495e-01, 8.236040465591e-06, 3.6610e+00, 4.9342e-02, 
 2DIAGNOSTIC,    51, -4.933540283775e-01, 6.982250101553e-06, 3.6901e+00, 2.9137e-02, 
 2DIAGNOSTIC,    52, -4.933665780206e-01, 7.199769596466e-06, 3.7221e+00, 3.1934e-02, 
 2DIAGNOSTIC,    53, -4.933724286587e-01, 7.344628890540e-06, 3.7538e+00, 3.1752e-02, 
 2DIAGNOSTIC,    54, -4.933698213558e-01, 7.096216288131e-06, 3.7823e+00, 2.8424e-02, 
 2DIAGNOSTIC,    55, -4.933669877608e-01, 6.152841234924e-06, 3.8112e+00, 2.8964e-02, 
 2DIAGNOSTIC,    56, -4.933875006876e-01, 5.133805193507e-06, 3.8506e+00, 3.9334e-02, 
 2DIAGNOSTIC,    57, -4.933993606741e-01, 3.893583742955e-06, 3.8790e+00, 2.8398e-02, 
 2DIAGNOSTIC,    58, -4.933974879003e-01, 2.601947169955e-06, 3.9059e+00, 2.6954e-02, 
 2DIAGNOSTIC,    59, -4.934816910678e-01, 2.670579460684e-06, 3.9441e+00, 3.8226e-02, 
 2DIAGNOSTIC,    60, -4.934833188241e-01, 3.105292873513e-06, 3.9754e+00, 3.1227e-02, 
 2DIAGNOSTIC,    61, -4.934764818214e-01, 3.406268139352e-06, 4.0030e+00, 2.7608e-02, 
 2DIAGNOSTIC,    62, -4.934624734408e-01, 3.416790919770e-06, 4.0303e+00, 2.7380e-02, 
 2DIAGNOSTIC,    63, -4.934572074858e-01, 3.157058101923e-06, 4.0611e+00, 3.0773e-02, 
 2DIAGNOSTIC,    64, -4.934600455168e-01, 2.643495100676e-06, 4.0890e+00, 2.7901e-02, 
 2DIAGNOSTIC,    65, -4.934404594560e-01, 1.728528577747e-06, 4.1199e+00, 3.0866e-02, 
 2DIAGNOSTIC,    66, -4.934578091909e-01, 1.071373353784e-06, 4.1550e+00, 3.5079e-02, 
DIAGNOSTIC,Iteration,metricValue,convergenceValue,ITERATION_TIME_INDEX,SINCE_LAST
 2DIAGNOSTIC,     1, -4.341936433221e-01, 1.797693134862e+308, 5.1887e+00, 1.0338e+00, 
 2DIAGNOSTIC,     2, -4.343897080471e-01, 1.797693134862e+308, 5.4445e+00, 2.5579e-01, 
 2DIAGNOSTIC,     3, -4.344918946306e-01, 1.797693134862e+308, 5.6913e+00, 2.4674e-01, 
 2DIAGNOSTIC,     4, -4.346151451127e-01, 1.797693134862e+308, 5.9532e+00, 2.6190e-01, 
 2DIAGNOSTIC,     5, -4.346907901481e-01, 1.797693134862e+308, 6.3405e+00, 3.8730e-01, 
 2DIAGNOSTIC,     6, -4.347124533273e-01, 1.797693134862e+308, 6.6300e+00, 2.8954e-01, 
 2DIAGNOSTIC,     7, -4.347175815635e-01, 1.797693134862e+308, 6.9130e+00, 2.8303e-01, 
 2DIAGNOSTIC,     8, -4.347202454058e-01, 1.797693134862e+308, 7.1770e+00, 2.6398e-01, 
 2DIAGNOSTIC,     9, -4.347242110790e-01, 1.797693134862e+308, 7.4402e+00, 2.6322e-01, 
 2DIAGNOSTIC,    10, -4.347327461457e-01, 7.139312270137e-05, 7.7344e+00, 2.9421e-01, 
 2DIAGNOSTIC,    11, -4.347444533878e-01, 4.191024750361e-05, 7.9954e+00, 2.6097e-01, 
 2DIAGNOSTIC,    12, -4.347544640277e-01, 2.504360006622e-05, 8.2756e+00, 2.8023e-01, 
 2DIAGNOSTIC,    13, -4.347781271998e-01, 1.496254797233e-05, 8.5380e+00, 2.6237e-01, 
 2DIAGNOSTIC,    14, -4.348498480613e-01, 1.418411823936e-05, 8.8203e+00, 2.8224e-01, 
 2DIAGNOSTIC,    15, -4.348941726630e-01, 1.755029341768e-05, 9.1045e+00, 2.8424e-01, 
 2DIAGNOSTIC,    16, -4.349186872244e-01, 2.095390165059e-05, 9.4126e+00, 3.0811e-01, 
 2DIAGNOSTIC,    17, -4.349394892397e-01, 2.323933666692e-05, 9.6512e+00, 2.3855e-01, 
 2DIAGNOSTIC,    18, -4.349682282890e-01, 2.443352757965e-05, 9.9569e+00, 3.0573e-01, 
 2DIAGNOSTIC,    19, -4.349867003818e-01, 2.411936801826e-05, 1.0214e+01, 2.5682e-01, 
 2DIAGNOSTIC,    20, -4.349947830107e-01, 2.226868752998e-05, 1.0588e+01, 3.7436e-01, 
 2DIAGNOSTIC,    21, -4.349943226445e-01, 1.904846030251e-05, 1.0839e+01, 2.5057e-01, 
 2DIAGNOSTIC,    22, -4.349928709586e-01, 1.476133754912e-05, 1.1147e+01, 3.0866e-01, 
 2DIAGNOSTIC,    23, -4.349908332534e-01, 1.017098952461e-05, 1.1417e+01, 2.7017e-01, 
 2DIAGNOSTIC,    24, -4.349902740554e-01, 7.049192922826e-06, 1.1635e+01, 2.1761e-01, 
 2DIAGNOSTIC,    25, -4.349899100113e-01, 4.783532222372e-06, 1.1894e+01, 2.5866e-01, 
 2DIAGNOSTIC,    26, -4.349901634276e-01, 2.984856889328e-06, 1.2170e+01, 2.7609e-01, 
 2DIAGNOSTIC,    27, -4.349879703920e-01, 1.593075879693e-06, 1.2403e+01, 2.3302e-01, 
DIAGNOSTIC,Iteration,metricValue,convergenceValue,ITERATION_TIME_INDEX,SINCE_LAST
 2DIAGNOSTIC,     1, -4.015084972306e-01, 1.797693134862e+308, 1.4947e+01, 2.5438e+00, 
 2DIAGNOSTIC,     2, -4.016317976668e-01, 1.797693134862e+308, 1.6332e+01, 1.3852e+00, 
 2DIAGNOSTIC,     3, -4.017169253452e-01, 1.797693134862e+308, 1.8065e+01, 1.7336e+00, 
 2DIAGNOSTIC,     4, -4.017319742467e-01, 1.797693134862e+308, 2.0055e+01, 1.9900e+00, 
 2DIAGNOSTIC,     5, -4.017331199888e-01, 1.797693134862e+308, 2.2049e+01, 1.9938e+00, 
 2DIAGNOSTIC,     6, -4.017332574116e-01, 1.797693134862e+308, 2.3701e+01, 1.6514e+00, 
 2DIAGNOSTIC,     7, -4.017329487987e-01, 1.797693134862e+308, 2.5633e+01, 1.9324e+00, 
 2DIAGNOSTIC,     8, -4.017328930571e-01, 1.797693134862e+308, 2.7111e+01, 1.4782e+00, 
 2DIAGNOSTIC,     9, -4.017329298369e-01, 1.797693134862e+308, 2.8583e+01, 1.4720e+00, 
 2DIAGNOSTIC,    10, -4.017326188652e-01, 2.611577222615e-05, 3.0067e+01, 1.4838e+00, 
 2DIAGNOSTIC,    11, -4.017325585269e-01, 1.028772957702e-05, 3.1570e+01, 1.5028e+00, 
 2DIAGNOSTIC,    12, -4.017324224952e-01, 3.564501029479e-06, 3.2902e+01, 1.3328e+00, 
 2DIAGNOSTIC,    13, -4.017323122219e-01, 2.397550982539e-06, 3.4330e+01, 1.4272e+00, 
 2DIAGNOSTIC,    14, -4.017327633645e-01, 2.183360136243e-06, 3.6305e+01, 1.9750e+00, 
 2DIAGNOSTIC,    15, -4.017327015677e-01, 2.056044884347e-06, 3.8003e+01, 1.6979e+00, 
 2DIAGNOSTIC,    16, -4.017326366675e-01, 1.954534773266e-06, 3.9486e+01, 1.4837e+00, 
 2DIAGNOSTIC,    17, -4.017325007863e-01, 1.849919154008e-06, 4.0847e+01, 1.3603e+00, 
 2DIAGNOSTIC,    18, -4.017324789034e-01, 1.755730221417e-06, 4.2434e+01, 1.5879e+00, 
 2DIAGNOSTIC,    19, -4.017325219979e-01, 1.675388900779e-06, 4.3979e+01, 1.5441e+00, 
 2DIAGNOSTIC,    20, -4.017325648890e-01, 1.593289552661e-06, 4.6014e+01, 2.0350e+00, 
 2DIAGNOSTIC,    21, -4.017323149324e-01, 1.508662734469e-06, 4.7488e+01, 1.4749e+00, 
 2DIAGNOSTIC,    22, -4.017321590427e-01, 1.423514274214e-06, 4.9186e+01, 1.6979e+00, 
 2DIAGNOSTIC,    23, -4.017320972719e-01, 1.342212957701e-06, 5.0732e+01, 1.5455e+00, 
 2DIAGNOSTIC,    24, -4.017318721207e-01, 1.277997702699e-06, 5.2192e+01, 1.4602e+00, 
 2DIAGNOSTIC,    25, -4.017320957353e-01, 1.228042641216e-06, 5.3722e+01, 1.5302e+00, 
 2DIAGNOSTIC,    26, -4.017320791065e-01, 1.183856607939e-06, 5.5337e+01, 1.6149e+00, 
 2DIAGNOSTIC,    27, -4.017320363910e-01, 1.142132677732e-06, 5.6950e+01, 1.6131e+00, 
 2DIAGNOSTIC,    28, -4.017319144827e-01, 1.103215469575e-06, 5.8627e+01, 1.6771e+00, 
 2DIAGNOSTIC,    29, -4.017318884662e-01, 1.070482841987e-06, 6.0213e+01, 1.5856e+00, 
 2DIAGNOSTIC,    30, -4.017319609810e-01, 1.045154135917e-06, 6.1571e+01, 1.3585e+00, 
 2DIAGNOSTIC,    31, -4.017322572945e-01, 1.023848835248e-06, 6.3085e+01, 1.5133e+00, 
 2DIAGNOSTIC,    32, -4.017325083471e-01, 1.006107070670e-06, 6.4674e+01, 1.5894e+00, 
  Elapsed time (stage 0): 6.5473e+01


Total elapsed time: 6.5475e+01
Info [verificarlo]: loaded backend libinterflop_ieee.so
Info [interflop-ieee]: load backend with:
Info [interflop-ieee]: debug = false
Info [interflop-ieee]: debug-binary = false
Info [interflop-ieee]: no-backend-name = false
Info [interflop-ieee]: print-new-line = false
Info [interflop-ieee]: print-subnormal-normalized = false
Info [interflop-ieee]: count-op = false
All_Command_lines_OK
Using double precision for computations.
=============================================================================
The composite transform comprises the following transforms (in order): 
  1. /home/mdugre/scratch/mri-registration-rp/datasets/ds004513/derivatives/mri-registration-rp/0001/antsRegistration-r8-p17/sub-s037/rigid_Composite.h5[0] (type = Euler3DTransform)
  2. /home/mdugre/scratch/mri-registration-rp/datasets/ds004513/derivatives/mri-registration-rp/0001/antsRegistration-r8-p17/sub-s037/rigid_Composite.h5[1] (type = Euler3DTransform)
  3. /home/mdugre/scratch/mri-registration-rp/datasets/ds004513/derivatives/mri-registration-rp/0001/antsRegistration-r8-p17/sub-s037/rigid_Composite.h5[2] (type = Euler3DTransform)
=============================================================================
  number of levels = 4
  fixed image: /templateflow/tpl-MNI152NLin2009cAsym/tpl-MNI152NLin2009cAsym_res-01_desc-brain_T1w.nii.gz
  moving image: /home/mdugre/scratch/mri-registration-rp/datasets/ds004513/derivatives/mri-registration-rp/antsBrainExtraction/sub-s037/BrainExtractionBrain.nii.gz
Dimension = 3
Number of stages = 1
Use histogram matching = false
Winsorize image intensities = true
  Lower quantile = 0.005
  Upper quantile = 0.995


Stage 1 State
   Image metric = MattesMI
     Fixed image = Image (0x334d7e0)
  RTTI typeinfo:   itk::Image<double, 3u>
  Reference Count: 2
  Modified Time: 1592
  Debug: Off
  Object Name: 
  Observers: 
    none
  Source: (none)
  Source output name: (none)
  Release Data: Off
  Data Released: False
  Global Release Data: Off
  PipelineMTime: 0
  UpdateMTime: 1203
  RealTimeStamp: 0 seconds 
  LargestPossibleRegion: 
    Dimension: 3
    Index: [0, 0, 0]
    Size: [193, 229, 193]
  BufferedRegion: 
    Dimension: 3
    Index: [0, 0, 0]
    Size: [193, 229, 193]
  RequestedRegion: 
    Dimension: 3
    Index: [0, 0, 0]
    Size: [193, 229, 193]
  Spacing: [1, 1, 1]
  Origin: [96, 132, -78]
  Direction: 
-1 0 0
0 -1 0
0 0 1

  IndexToPointMatrix: 
-1 0 0
0 -1 0
0 0 1

  PointToIndexMatrix: 
-1 0 0
0 -1 0
0 0 1

  Inverse Direction: 
-1 0 0
0 -1 0
0 0 1

  PixelContainer: 
    ImportImageContainer (0x340da20)
      RTTI typeinfo:   itk::ImportImageContainer<unsigned long, double>
      Reference Count: 1
      Modified Time: 1200
      Debug: Off
      Object Name: 
      Observers: 
        none
      Pointer: 0x14ffe8ebe010
      Container manages memory: true
      Size: 8530021
      Capacity: 8530021

     Moving image = Image (0x3408d70)
  RTTI typeinfo:   itk::Image<double, 3u>
  Reference Count: 2
  Modified Time: 1593
  Debug: Off
  Object Name: 
  Observers: 
    none
  Source: (none)
  Source output name: (none)
  Release Data: Off
  Data Released: False
  Global Release Data: Off
  PipelineMTime: 0
  UpdateMTime: 1590
  RealTimeStamp: 0 seconds 
  LargestPossibleRegion: 
    Dimension: 3
    Index: [0, 0, 0]
    Size: [160, 240, 256]
  BufferedRegion: 
    Dimension: 3
    Index: [0, 0, 0]
    Size: [160, 240, 256]
  RequestedRegion: 
    Dimension: 3
    Index: [0, 0, 0]
    Size: [160, 240, 256]
  Spacing: [1, 1, 1]
  Origin: [87.9508, 102.562, -147.639]
  Direction: 
-0.998659 -0.0436121 -0.0279129
0.043595 -0.999049 0.00121847
-0.0279395 -2.65543e-08 0.99961

  IndexToPointMatrix: 
-0.998659 -0.0436121 -0.0279129
0.043595 -0.999049 0.00121847
-0.0279395 -2.65543e-08 0.99961

  PointToIndexMatrix: 
-0.998659 0.043595 -0.0279395
-0.0436121 -0.999049 -2.65517e-08
-0.0279129 0.00121847 0.99961

  Inverse Direction: 
-0.998659 0.043595 -0.0279395
-0.0436121 -0.999049 -2.65517e-08
-0.0279129 0.00121847 0.99961

  PixelContainer: 
    ImportImageContainer (0x33c0c90)
      RTTI typeinfo:   itk::ImportImageContainer<unsigned long, double>
      Reference Count: 1
      Modified Time: 1587
      Debug: Off
      Object Name: 
      Observers: 
        none
      Pointer: 0x14ffe43bd010
      Container manages memory: true
      Size: 9830400
      Capacity: 9830400

     Weighting = 1
     Sampling strategy = regular
     Number of bins = 32
     Radius = 4
     Sampling percentage  = 0.25
   Transform = Affine
     Gradient step = 0.1
     Update field sigma (voxel space) = 0
     Total field sigma (voxel space) = 0
     Update field time sigma = 0
     Total field time sigma  = 0
     Number of time indices = 0
     Number of time point samples = 0
Registration using 1 total stages.

Stage 0
  iterations = 1000x500x250x100
  convergence threshold = 1e-06
  convergence window size = 10
  number of levels = 4
  using the Mattes MI metric (number of bins = 32, weight = 1, use gradient filter = 0)
  preprocessing:  winsorizing the image intensities
  Shrink factors (level 1 out of 4): [8, 8, 8]
  Shrink factors (level 2 out of 4): [4, 4, 4]
  Shrink factors (level 3 out of 4): [2, 2, 2]
  Shrink factors (level 4 out of 4): [1, 1, 1]
  smoothing sigmas per level: [3, 2, 1, 0]
  regular sampling (percentage = 0.25)

*** Running AffineTransform registration ***

DIAGNOSTIC,Iteration,metricValue,convergenceValue,ITERATION_TIME_INDEX,SINCE_LAST
 2DIAGNOSTIC,     1, -5.859762730984e-01, 1.797693134862e+308, 9.6681e-01, 9.6681e-01, 
 2DIAGNOSTIC,     2, -5.877642397258e-01, 1.797693134862e+308, 9.7297e-01, 6.1641e-03, 
 2DIAGNOSTIC,     3, -5.905125338957e-01, 1.797693134862e+308, 9.7901e-01, 6.0389e-03, 
 2DIAGNOSTIC,     4, -5.952249402344e-01, 1.797693134862e+308, 9.8591e-01, 6.8998e-03, 
 2DIAGNOSTIC,     5, -6.037684036369e-01, 1.797693134862e+308, 9.9157e-01, 5.6570e-03, 
 2DIAGNOSTIC,     6, -6.154181518061e-01, 1.797693134862e+308, 9.9818e-01, 6.6111e-03, 
 2DIAGNOSTIC,     7, -6.336397611912e-01, 1.797693134862e+308, 1.0051e+00, 6.8810e-03, 
 2DIAGNOSTIC,     8, -6.874886223512e-01, 1.797693134862e+308, 1.0128e+00, 7.7231e-03, 
 2DIAGNOSTIC,     9, -7.024314042246e-01, 1.797693134862e+308, 1.0200e+00, 7.2632e-03, 
 2DIAGNOSTIC,    10, -7.097569260205e-01, 1.404734491750e-02, 1.0270e+00, 6.9671e-03, 
 2DIAGNOSTIC,    11, -7.155510049915e-01, 1.413042477420e-02, 1.0381e+00, 1.1063e-02, 
 2DIAGNOSTIC,    12, -7.167138031555e-01, 1.304040719685e-02, 1.0495e+00, 1.1453e-02, 
 2DIAGNOSTIC,    13, -7.167242160530e-01, 1.103631594434e-02, 1.0581e+00, 8.6000e-03, 
 2DIAGNOSTIC,    14, -7.168048832069e-01, 8.493007289627e-03, 1.0652e+00, 7.0949e-03, 
 2DIAGNOSTIC,    15, -7.169253366851e-01, 5.813282080022e-03, 1.0717e+00, 6.4681e-03, 
 2DIAGNOSTIC,    16, -7.169993995399e-01, 3.286005574994e-03, 1.0782e+00, 6.5160e-03, 
 2DIAGNOSTIC,    17, -7.168662834257e-01, 1.199313893474e-03, 1.0853e+00, 7.0438e-03, 
 2DIAGNOSTIC,    18, -7.168359170193e-01, 5.149376560547e-04, 1.0912e+00, 5.9650e-03, 
 2DIAGNOSTIC,    19, -7.168362602353e-01, 1.901241523352e-04, 1.0990e+00, 7.8180e-03, 
 2DIAGNOSTIC,    20, -7.169640553724e-01, 3.625780619445e-05, 1.1070e+00, 7.9620e-03, 
 2DIAGNOSTIC,    21, -7.170448420426e-01, 1.159308693897e-05, 1.1130e+00, 6.0060e-03, 
 2DIAGNOSTIC,    22, -7.168504170425e-01, 6.900705325504e-06, 1.1208e+00, 7.8220e-03, 
 2DIAGNOSTIC,    23, -7.168041440652e-01, 1.666765070553e-06, 1.1275e+00, 6.6760e-03, 
DIAGNOSTIC,Iteration,metricValue,convergenceValue,ITERATION_TIME_INDEX,SINCE_LAST
 2DIAGNOSTIC,     1, -5.905651099698e-01, 1.797693134862e+308, 1.9374e+00, 8.0987e-01, 
 2DIAGNOSTIC,     2, -5.914593871499e-01, 1.797693134862e+308, 1.9765e+00, 3.9128e-02, 
 2DIAGNOSTIC,     3, -5.925426726968e-01, 1.797693134862e+308, 2.0144e+00, 3.7908e-02, 
 2DIAGNOSTIC,     4, -5.938854030749e-01, 1.797693134862e+308, 2.0521e+00, 3.7670e-02, 
 2DIAGNOSTIC,     5, -5.951851694384e-01, 1.797693134862e+308, 2.0904e+00, 3.8297e-02, 
 2DIAGNOSTIC,     6, -5.963567797328e-01, 1.797693134862e+308, 2.1276e+00, 3.7208e-02, 
