
##########################
# Experiment information #
##########################

EXPERIMENT_NAME: antsRegistration-r7-p12
VFC_BACKENDS: libinterflop_vprec.so --range-binary32=7 --precision-binary32=12 --range-binary64=7 --precision-binary64=12

SIF_IMG: /home/mdugre/projects/rrg-glatard/mdugre/containers/ants-vprec-no_metrics.simg

SUBJECT_ID: s033
INPUT_IMG: /home/mdugre/scratch/mri-registration-rp/datasets/ds004513/derivatives/mri-registration-rp/antsBrainExtraction/sub-s033/BrainExtractionBrain.nii.gz
OUTPUT_DIR: /home/mdugre/scratch/mri-registration-rp/datasets/ds004513/derivatives/mri-registration-rp/0001/antsRegistration-r7-p12/sub-s033

FIXED_IMG: /templateflow/tpl-MNI152NLin2009cAsym/tpl-MNI152NLin2009cAsym_res-01_desc-brain_T1w.nii.gz
DATA_DIR: /home/mdugre/scratch/mri-registration-rp/datasets/ds004513
TEMPLATEFLOW_DIR: /home/mdugre/projects/rrg-glatard/mdugre/templateflow
ITK_GLOBAL_DEFAULT_NUMBER_OF_THREADS: 16
##########################

Info [verificarlo]: loaded backend libinterflop_ieee.so
Info [interflop-ieee]: load backend with:
Info [interflop-ieee]: debug = false
Info [interflop-ieee]: debug-binary = false
Info [interflop-ieee]: no-backend-name = false
Info [interflop-ieee]: print-new-line = false
Info [interflop-ieee]: print-subnormal-normalized = false
Info [interflop-ieee]: count-op = false
All_Command_lines_OK
Using double precision for computations.
=============================================================================
The composite transform comprises the following transforms (in order): 
  1. Center of mass alignment using fixed image: /templateflow/tpl-MNI152NLin2009cAsym/tpl-MNI152NLin2009cAsym_res-01_desc-brain_T1w.nii.gz and moving image: /home/mdugre/scratch/mri-registration-rp/datasets/ds004513/derivatives/mri-registration-rp/antsBrainExtraction/sub-s033/BrainExtractionBrain.nii.gz (type = Euler3DTransform)
=============================================================================
  number of levels = 1
  fixed image: /templateflow/tpl-MNI152NLin2009cAsym/tpl-MNI152NLin2009cAsym_res-01_desc-brain_T1w.nii.gz
  moving image: /home/mdugre/scratch/mri-registration-rp/datasets/ds004513/derivatives/mri-registration-rp/antsBrainExtraction/sub-s033/BrainExtractionBrain.nii.gz
Dimension = 3
Number of stages = 1
Use histogram matching = false
Winsorize image intensities = true
  Lower quantile = 0.005
  Upper quantile = 0.995


Stage 1 State
   Image metric = MattesMI
     Fixed image = Image (0x4fa4e70)
  RTTI typeinfo:   itk::Image<double, 3u>
  Reference Count: 2
  Modified Time: 2330
  Debug: Off
  Object Name: 
  Observers: 
    none
  Source: (none)
  Source output name: (none)
  Release Data: Off
  Data Released: False
  Global Release Data: Off
  PipelineMTime: 0
  UpdateMTime: 1941
  RealTimeStamp: 0 seconds 
  LargestPossibleRegion: 
    Dimension: 3
    Index: [0, 0, 0]
    Size: [193, 229, 193]
  BufferedRegion: 
    Dimension: 3
    Index: [0, 0, 0]
    Size: [193, 229, 193]
  RequestedRegion: 
    Dimension: 3
    Index: [0, 0, 0]
    Size: [193, 229, 193]
  Spacing: [1, 1, 1]
  Origin: [96, 132, -78]
  Direction: 
-1 0 0
0 -1 0
0 0 1

  IndexToPointMatrix: 
-1 0 0
0 -1 0
0 0 1

  PointToIndexMatrix: 
-1 0 0
0 -1 0
0 0 1

  Inverse Direction: 
-1 0 0
0 -1 0
0 0 1

  PixelContainer: 
    ImportImageContainer (0x4fadc60)
      RTTI typeinfo:   itk::ImportImageContainer<unsigned long, double>
      Reference Count: 1
      Modified Time: 1938
      Debug: Off
      Object Name: 
      Observers: 
        none
      Pointer: 0x14f465e7e010
      Container manages memory: true
      Size: 8530021
      Capacity: 8530021

     Moving image = Image (0x4fa7540)
  RTTI typeinfo:   itk::Image<double, 3u>
  Reference Count: 2
  Modified Time: 2331
  Debug: Off
  Object Name: 
  Observers: 
    none
  Source: (none)
  Source output name: (none)
  Release Data: Off
  Data Released: False
  Global Release Data: Off
  PipelineMTime: 0
  UpdateMTime: 2328
  RealTimeStamp: 0 seconds 
  LargestPossibleRegion: 
    Dimension: 3
    Index: [0, 0, 0]
    Size: [160, 240, 256]
  BufferedRegion: 
    Dimension: 3
    Index: [0, 0, 0]
    Size: [160, 240, 256]
  RequestedRegion: 
    Dimension: 3
    Index: [0, 0, 0]
    Size: [160, 240, 256]
  Spacing: [1, 1, 1]
  Origin: [91.5134, 94.282, -109.927]
  Direction: 
-0.99591 -0.0698718 -0.0572835
0.0697565 -0.997556 0.00401236
-0.0574239 5.01125e-08 0.99835

  IndexToPointMatrix: 
-0.99591 -0.0698718 -0.0572835
0.0697565 -0.997556 0.00401236
-0.0574239 5.01125e-08 0.99835

  PointToIndexMatrix: 
-0.99591 0.0697565 -0.0574239
-0.0698718 -0.997556 5.01483e-08
-0.0572835 0.00401236 0.99835

  Inverse Direction: 
-0.99591 0.0697565 -0.0574239
-0.0698718 -0.997556 5.01483e-08
-0.0572835 0.00401236 0.99835

  PixelContainer: 
    ImportImageContainer (0x50b9610)
      RTTI typeinfo:   itk::ImportImageContainer<unsigned long, double>
      Reference Count: 1
      Modified Time: 2325
      Debug: Off
      Object Name: 
      Observers: 
        none
      Pointer: 0x14f46137d010
      Container manages memory: true
      Size: 9830400
      Capacity: 9830400

     Weighting = 1
     Sampling strategy = regular
     Number of bins = 32
     Radius = 4
     Sampling percentage  = 0.25
   Transform = Rigid
     Gradient step = 0.1
     Update field sigma (voxel space) = 0
     Total field sigma (voxel space) = 0
     Update field time sigma = 0
     Total field time sigma  = 0
     Number of time indices = 0
     Number of time point samples = 0
Registration using 1 total stages.

Stage 0
  iterations = 0
  convergence threshold = 1e-06
  convergence window size = 10
  number of levels = 1
  using the Mattes MI metric (number of bins = 32, weight = 1, use gradient filter = 0)
  preprocessing:  winsorizing the image intensities
  Shrink factors (level 1 out of 1): [1, 1, 1]
  smoothing sigmas per level: [0]
  regular sampling (percentage = 0.25)

*** Running Euler3DTransform registration ***

  Elapsed time (stage 0): 1.08192


Total elapsed time: 1.08424
Info [verificarlo]: loaded backend libinterflop_ieee.so
Info [interflop-ieee]: load backend with:
Info [interflop-ieee]: debug = false
Info [interflop-ieee]: debug-binary = false
Info [interflop-ieee]: no-backend-name = false
Info [interflop-ieee]: print-new-line = false
Info [interflop-ieee]: print-subnormal-normalized = false
Info [interflop-ieee]: count-op = false
All_Command_lines_OK
Using double precision for computations.
=============================================================================
The composite transform comprises the following transforms (in order): 
  1. /home/mdugre/scratch/mri-registration-rp/datasets/ds004513/derivatives/mri-registration-rp/0001/antsRegistration-r7-p12/sub-s033/align_Composite.h5[0] (type = Euler3DTransform)
  2. /home/mdugre/scratch/mri-registration-rp/datasets/ds004513/derivatives/mri-registration-rp/0001/antsRegistration-r7-p12/sub-s033/align_Composite.h5[1] (type = Euler3DTransform)
=============================================================================
  number of levels = 4
  fixed image: /templateflow/tpl-MNI152NLin2009cAsym/tpl-MNI152NLin2009cAsym_res-01_desc-brain_T1w.nii.gz
  moving image: /home/mdugre/scratch/mri-registration-rp/datasets/ds004513/derivatives/mri-registration-rp/antsBrainExtraction/sub-s033/BrainExtractionBrain.nii.gz
Dimension = 3
Number of stages = 1
Use histogram matching = false
Winsorize image intensities = true
  Lower quantile = 0.005
  Upper quantile = 0.995


Stage 1 State
   Image metric = MattesMI
     Fixed image = Image (0x3741530)
  RTTI typeinfo:   itk::Image<double, 3u>
  Reference Count: 2
  Modified Time: 1578
  Debug: Off
  Object Name: 
  Observers: 
    none
  Source: (none)
  Source output name: (none)
  Release Data: Off
  Data Released: False
  Global Release Data: Off
  PipelineMTime: 0
  UpdateMTime: 1189
  RealTimeStamp: 0 seconds 
  LargestPossibleRegion: 
    Dimension: 3
    Index: [0, 0, 0]
    Size: [193, 229, 193]
  BufferedRegion: 
    Dimension: 3
    Index: [0, 0, 0]
    Size: [193, 229, 193]
  RequestedRegion: 
    Dimension: 3
    Index: [0, 0, 0]
    Size: [193, 229, 193]
  Spacing: [1, 1, 1]
  Origin: [96, 132, -78]
  Direction: 
-1 0 0
0 -1 0
0 0 1

  IndexToPointMatrix: 
-1 0 0
0 -1 0
0 0 1

  PointToIndexMatrix: 
-1 0 0
0 -1 0
0 0 1

  Inverse Direction: 
-1 0 0
0 -1 0
0 0 1

  PixelContainer: 
    ImportImageContainer (0x37ffd60)
      RTTI typeinfo:   itk::ImportImageContainer<unsigned long, double>
      Reference Count: 1
      Modified Time: 1186
      Debug: Off
      Object Name: 
      Observers: 
        none
      Pointer: 0x150db4c98010
      Container manages memory: true
      Size: 8530021
      Capacity: 8530021

     Moving image = Image (0x37f1f60)
  RTTI typeinfo:   itk::Image<double, 3u>
  Reference Count: 2
  Modified Time: 1579
  Debug: Off
  Object Name: 
  Observers: 
    none
  Source: (none)
  Source output name: (none)
  Release Data: Off
  Data Released: False
  Global Release Data: Off
  PipelineMTime: 0
  UpdateMTime: 1576
  RealTimeStamp: 0 seconds 
  LargestPossibleRegion: 
    Dimension: 3
    Index: [0, 0, 0]
    Size: [160, 240, 256]
  BufferedRegion: 
    Dimension: 3
    Index: [0, 0, 0]
    Size: [160, 240, 256]
  RequestedRegion: 
    Dimension: 3
    Index: [0, 0, 0]
    Size: [160, 240, 256]
  Spacing: [1, 1, 1]
  Origin: [91.5134, 94.282, -109.927]
  Direction: 
-0.99591 -0.0698718 -0.0572835
0.0697565 -0.997556 0.00401236
-0.0574239 5.01125e-08 0.99835

  IndexToPointMatrix: 
-0.99591 -0.0698718 -0.0572835
0.0697565 -0.997556 0.00401236
-0.0574239 5.01125e-08 0.99835

  PointToIndexMatrix: 
-0.99591 0.0697565 -0.0574239
-0.0698718 -0.997556 5.01483e-08
-0.0572835 0.00401236 0.99835

  Inverse Direction: 
-0.99591 0.0697565 -0.0574239
-0.0698718 -0.997556 5.01483e-08
-0.0572835 0.00401236 0.99835

  PixelContainer: 
    ImportImageContainer (0x37e36d0)
      RTTI typeinfo:   itk::ImportImageContainer<unsigned long, double>
      Reference Count: 1
      Modified Time: 1573
      Debug: Off
      Object Name: 
      Observers: 
        none
      Pointer: 0x150db0197010
      Container manages memory: true
      Size: 9830400
      Capacity: 9830400

     Weighting = 1
     Sampling strategy = regular
     Number of bins = 32
     Radius = 4
     Sampling percentage  = 0.25
   Transform = Rigid
     Gradient step = 0.1
     Update field sigma (voxel space) = 0
     Total field sigma (voxel space) = 0
     Update field time sigma = 0
     Total field time sigma  = 0
     Number of time indices = 0
     Number of time point samples = 0
Registration using 1 total stages.

Stage 0
  iterations = 1000x500x250x100
  convergence threshold = 1e-06
  convergence window size = 10
  number of levels = 4
  using the Mattes MI metric (number of bins = 32, weight = 1, use gradient filter = 0)
  preprocessing:  winsorizing the image intensities
  Shrink factors (level 1 out of 4): [8, 8, 8]
  Shrink factors (level 2 out of 4): [4, 4, 4]
  Shrink factors (level 3 out of 4): [2, 2, 2]
  Shrink factors (level 4 out of 4): [1, 1, 1]
  smoothing sigmas per level: [3, 2, 1, 0]
  regular sampling (percentage = 0.25)

*** Running Euler3DTransform registration ***

DIAGNOSTIC,Iteration,metricValue,convergenceValue,ITERATION_TIME_INDEX,SINCE_LAST
 2DIAGNOSTIC,     1, -4.945365495269e-01, 1.797693134862e+308, 6.5216e-01, 6.5216e-01, 
 2DIAGNOSTIC,     2, -4.961551199262e-01, 1.797693134862e+308, 6.5596e-01, 3.7959e-03, 
 2DIAGNOSTIC,     3, -4.991207097076e-01, 1.797693134862e+308, 6.5980e-01, 3.8478e-03, 
 2DIAGNOSTIC,     4, -5.030359852117e-01, 1.797693134862e+308, 6.6356e-01, 3.7580e-03, 
 2DIAGNOSTIC,     5, -5.059125054655e-01, 1.797693134862e+308, 6.6726e-01, 3.7022e-03, 
 2DIAGNOSTIC,     6, -5.092815596254e-01, 1.797693134862e+308, 6.7121e-01, 3.9439e-03, 
 2DIAGNOSTIC,     7, -5.205915484568e-01, 1.797693134862e+308, 6.7556e-01, 4.3509e-03, 
 2DIAGNOSTIC,     8, -5.236677933913e-01, 1.797693134862e+308, 6.7941e-01, 3.8521e-03, 
 2DIAGNOSTIC,     9, -5.261653611514e-01, 1.797693134862e+308, 6.8308e-01, 3.6690e-03, 
 2DIAGNOSTIC,    10, -5.313843279548e-01, 4.956236851461e-03, 6.8704e-01, 3.9561e-03, 
 2DIAGNOSTIC,    11, -5.461121550605e-01, 5.255951709878e-03, 6.9168e-01, 4.6449e-03, 
 2DIAGNOSTIC,    12, -5.563506773259e-01, 5.544499219499e-03, 6.9546e-01, 3.7749e-03, 
 2DIAGNOSTIC,    13, -6.011783753086e-01, 7.240286203957e-03, 7.0021e-01, 4.7538e-03, 
 2DIAGNOSTIC,    14, -6.166052825023e-01, 8.701253899169e-03, 7.0403e-01, 3.8171e-03, 
 2DIAGNOSTIC,    15, -6.211428291652e-01, 9.416357351028e-03, 7.0785e-01, 3.8190e-03, 
 2DIAGNOSTIC,    16, -6.235432151779e-01, 9.368281936074e-03, 7.1205e-01, 4.2031e-03, 
 2DIAGNOSTIC,    17, -6.347577462240e-01, 9.145335030739e-03, 7.1742e-01, 5.3680e-03, 
 2DIAGNOSTIC,    18, -6.413138476909e-01, 8.359392955305e-03, 7.2146e-01, 4.0410e-03, 
 2DIAGNOSTIC,    19, -6.420802715037e-01, 6.980623465782e-03, 7.2595e-01, 4.4951e-03, 
 2DIAGNOSTIC,    20, -6.425493371479e-01, 5.272872594650e-03, 7.2961e-01, 3.6609e-03, 
 2DIAGNOSTIC,    21, -6.431795004844e-01, 3.641466676597e-03, 7.3398e-01, 4.3619e-03, 
 2DIAGNOSTIC,    22, -6.434078410368e-01, 2.049113991423e-03, 7.3779e-01, 3.8111e-03, 
 2DIAGNOSTIC,    23, -6.435083890287e-01, 1.381096896629e-03, 7.4186e-01, 4.0710e-03, 
 2DIAGNOSTIC,    24, -6.436807758406e-01, 9.688116352479e-04, 7.4677e-01, 4.9088e-03, 
 2DIAGNOSTIC,    25, -6.439989403566e-01, 6.014653873306e-04, 7.5244e-01, 5.6701e-03, 
 2DIAGNOSTIC,    26, -6.448361543868e-01, 2.655196928134e-04, 7.5643e-01, 3.9940e-03, 
 2DIAGNOSTIC,    27, -6.460796035359e-01, 1.536865639439e-04, 7.6142e-01, 4.9839e-03, 
 2DIAGNOSTIC,    28, -6.463976195544e-01, 1.550353489013e-04, 7.6542e-01, 4.0002e-03, 
 2DIAGNOSTIC,    29, -6.463935457721e-01, 1.547432190461e-04, 7.6935e-01, 3.9380e-03, 
 2DIAGNOSTIC,    30, -6.464392298004e-01, 1.482978470931e-04, 7.7380e-01, 4.4420e-03, 
 2DIAGNOSTIC,    31, -6.463723508570e-01, 1.368671407384e-04, 7.7778e-01, 3.9852e-03, 
 2DIAGNOSTIC,    32, -6.464254416328e-01, 1.173265557183e-04, 7.8273e-01, 4.9500e-03, 
 2DIAGNOSTIC,    33, -6.464354984408e-01, 8.969326999536e-05, 7.9554e-01, 1.2810e-02, 
 2DIAGNOSTIC,    34, -6.464354984078e-01, 5.811486242562e-05, 8.0832e-01, 1.2777e-02, 
 2DIAGNOSTIC,    35, -6.464354984078e-01, 2.735367396843e-05, 8.1431e-01, 5.9891e-03, 
 2DIAGNOSTIC,    36, -6.464354984078e-01, 6.561977762227e-06, 8.1876e-01, 4.4549e-03, 
 2DIAGNOSTIC,    37, -6.464354984078e-01, 2.244500457646e-06, 8.2321e-01, 4.4491e-03, 
 2DIAGNOSTIC,    38, -6.464354984078e-01, 1.990754755203e-06, 8.2762e-01, 4.4129e-03, 
 2DIAGNOSTIC,    39, -6.464354984078e-01, 1.582335591273e-06, 8.3205e-01, 4.4310e-03, 
 2DIAGNOSTIC,    40, -6.464354984078e-01, 1.698172539734e-06, 8.3649e-01, 4.4351e-03, 
DIAGNOSTIC,Iteration,metricValue,convergenceValue,ITERATION_TIME_INDEX,SINCE_LAST
 2DIAGNOSTIC,     1, -5.367244453237e-01, 1.797693134862e+308, 1.5036e+00, 6.6706e-01, 
 2DIAGNOSTIC,     2, -5.380313837178e-01, 1.797693134862e+308, 1.5305e+00, 2.6968e-02, 
 2DIAGNOSTIC,     3, -5.401731912916e-01, 1.797693134862e+308, 1.5597e+00, 2.9230e-02, 
 2DIAGNOSTIC,     4, -5.431881346214e-01, 1.797693134862e+308, 1.5897e+00, 2.9982e-02, 
 2DIAGNOSTIC,     5, -5.453557597622e-01, 1.797693134862e+308, 1.6201e+00, 3.0405e-02, 
 2DIAGNOSTIC,     6, -5.461088565848e-01, 1.797693134862e+308, 1.6499e+00, 2.9751e-02, 
 2DIAGNOSTIC,     7, -5.462086681547e-01, 1.797693134862e+308, 1.6820e+00, 3.2081e-02, 
 2DIAGNOSTIC,     8, -5.464869268113e-01, 1.797693134862e+308, 1.7184e+00, 3.6414e-02, 
 2DIAGNOSTIC,     9, -5.465850814922e-01, 1.797693134862e+308, 1.7595e+00, 4.1130e-02, 
 2DIAGNOSTIC,    10, -5.466464839795e-01, 1.224741194195e-03, 1.7887e+00, 2.9182e-02, 
 2DIAGNOSTIC,    11, -5.470487708102e-01, 8.391099505188e-04, 1.8225e+00, 3.3804e-02, 
 2DIAGNOSTIC,    12, -5.471506826367e-01, 5.042748060174e-04, 1.8585e+00, 3.5987e-02, 
 2DIAGNOSTIC,    13, -5.471747723567e-01, 2.608962689341e-04, 1.9010e+00, 4.2527e-02, 
 2DIAGNOSTIC,    14, -5.471893677405e-01, 1.401592562978e-04, 1.9292e+00, 2.8222e-02, 
 2DIAGNOSTIC,    15, -5.471839955474e-01, 9.761645765675e-05, 1.9596e+00, 3.0354e-02, 
 2DIAGNOSTIC,    16, -5.471599229890e-01, 7.527608326437e-05, 1.9882e+00, 2.8628e-02, 
 2DIAGNOSTIC,    17, -5.471662421909e-01, 5.183179716551e-05, 2.0161e+00, 2.7869e-02, 
 2DIAGNOSTIC,    18, -5.471747029640e-01, 3.478197644156e-05, 2.0485e+00, 3.2442e-02, 
 2DIAGNOSTIC,    19, -5.471813452459e-01, 1.945631218188e-05, 2.0810e+00, 3.2437e-02, 
 2DIAGNOSTIC,    20, -5.471662915177e-01, 4.969836338131e-06, 2.1103e+00, 2.9377e-02, 
 2DIAGNOSTIC,    21, -5.471844159443e-01, 1.951265619485e-06, 2.1422e+00, 3.1869e-02, 
 2DIAGNOSTIC,    22, -5.471946856004e-01, 1.794830847161e-06, 2.1694e+00, 2.7194e-02, 
 2DIAGNOSTIC,    23, -5.472309778030e-01, 2.955891747057e-06, 2.1986e+00, 2.9210e-02, 
 2DIAGNOSTIC,    24, -5.472460347648e-01, 4.500345828724e-06, 2.2335e+00, 3.4867e-02, 
 2DIAGNOSTIC,    25, -5.473225344525e-01, 7.130562131412e-06, 2.2622e+00, 2.8720e-02, 
 2DIAGNOSTIC,    26, -5.474469322726e-01, 1.098291078951e-05, 2.2910e+00, 2.8842e-02, 
 2DIAGNOSTIC,    27, -5.481013380329e-01, 2.630865724686e-05, 2.3214e+00, 3.0337e-02, 
 2DIAGNOSTIC,    28, -5.480678936045e-01, 3.738993320104e-05, 2.3594e+00, 3.8032e-02, 
 2DIAGNOSTIC,    29, -5.482084716572e-01, 4.712040061388e-05, 2.3942e+00, 3.4747e-02, 
 2DIAGNOSTIC,    30, -5.482082518909e-01, 5.166414750981e-05, 2.4252e+00, 3.1063e-02, 
 2DIAGNOSTIC,    31, -5.482014616077e-01, 5.125921516538e-05, 2.4561e+00, 3.0893e-02, 
 2DIAGNOSTIC,    32, -5.481815957251e-01, 4.582630775136e-05, 2.4836e+00, 2.7507e-02, 
 2DIAGNOSTIC,    33, -5.481718257443e-01, 3.689943131784e-05, 2.5137e+00, 3.0049e-02, 
 2DIAGNOSTIC,    34, -5.481825626688e-01, 2.560031581970e-05, 2.5438e+00, 3.0103e-02, 
 2DIAGNOSTIC,    35, -5.481838557660e-01, 1.379952303194e-05, 2.5725e+00, 2.8697e-02, 
 2DIAGNOSTIC,    36, -5.481854579925e-01, 3.009183305005e-06, 2.6020e+00, 2.9578e-02, 
 2DIAGNOSTIC,    37, -5.482631349726e-01, 2.936488997900e-06, 2.6349e+00, 3.2812e-02, 
 2DIAGNOSTIC,    38, -5.482856021585e-01, 2.436033362006e-06, 2.6676e+00, 3.2723e-02, 
 2DIAGNOSTIC,    39, -5.482706819689e-01, 3.481463647179e-06, 2.7002e+00, 3.2578e-02, 
 2DIAGNOSTIC,    40, -5.481987748496e-01, 3.304999376671e-06, 2.7318e+00, 3.1601e-02, 
 2DIAGNOSTIC,    41, -5.482804119184e-01, 3.879193724823e-06, 2.7629e+00, 3.1183e-02, 
 2DIAGNOSTIC,    42, -5.481859442577e-01, 2.660153223751e-06, 2.7963e+00, 3.3396e-02, 
 2DIAGNOSTIC,    43, -5.482756808151e-01, 2.302756109671e-06, 2.8361e+00, 3.9725e-02, 
 2DIAGNOSTIC,    44, -5.483025241100e-01, 2.248269822695e-06, 2.8700e+00, 3.3941e-02, 
 2DIAGNOSTIC,    45, -5.482811787891e-01, 1.830385901087e-06, 2.9045e+00, 3.4462e-02, 
 2DIAGNOSTIC,    46, -5.482645577149e-01, 1.147457124102e-06, 2.9375e+00, 3.3065e-02, 
 2DIAGNOSTIC,    47, -5.482548593088e-01, 1.197506204781e-06, 3.0305e+00, 9.2954e-02, 
 2DIAGNOSTIC,    48, -5.482548593076e-01, 1.432098549435e-06, 3.1140e+00, 8.3542e-02, 
 2DIAGNOSTIC,    49, -5.482548593076e-01, 1.429634943616e-06, 3.1504e+00, 3.6349e-02, 
DIAGNOSTIC,Iteration,metricValue,convergenceValue,ITERATION_TIME_INDEX,SINCE_LAST
 2DIAGNOSTIC,     1, -4.661873931567e-01, 1.797693134862e+308, 4.1612e+00, 1.0109e+00, 
 2DIAGNOSTIC,     2, -4.663634399945e-01, 1.797693134862e+308, 4.3679e+00, 2.0670e-01, 
 2DIAGNOSTIC,     3, -4.665065262902e-01, 1.797693134862e+308, 4.5668e+00, 1.9889e-01, 
 2DIAGNOSTIC,     4, -4.666272932517e-01, 1.797693134862e+308, 4.7494e+00, 1.8258e-01, 
 2DIAGNOSTIC,     5, -4.667166876931e-01, 1.797693134862e+308, 4.9469e+00, 1.9747e-01, 
 2DIAGNOSTIC,     6, -4.668667232499e-01, 1.797693134862e+308, 5.1343e+00, 1.8738e-01, 
 2DIAGNOSTIC,     7, -4.669697648510e-01, 1.797693134862e+308, 5.3495e+00, 2.1524e-01, 
 2DIAGNOSTIC,     8, -4.670258346273e-01, 1.797693134862e+308, 5.6223e+00, 2.7283e-01, 
 2DIAGNOSTIC,     9, -4.670791316031e-01, 1.797693134862e+308, 5.8043e+00, 1.8194e-01, 
 2DIAGNOSTIC,    10, -4.671177520746e-01, 1.313508158715e-04, 6.0188e+00, 2.1450e-01, 
 2DIAGNOSTIC,    11, -4.671984781444e-01, 1.051590249785e-04, 6.2534e+00, 2.3468e-01, 
 2DIAGNOSTIC,    12, -4.674361264178e-01, 9.491422936514e-05, 6.5657e+00, 3.1224e-01, 
 2DIAGNOSTIC,    13, -4.675162721052e-01, 8.805740824640e-05, 6.7701e+00, 2.0438e-01, 
 2DIAGNOSTIC,    14, -4.675732986615e-01, 8.220312743687e-05, 7.0447e+00, 2.7467e-01, 
 2DIAGNOSTIC,    15, -4.675740521146e-01, 7.348788686265e-05, 7.2826e+00, 2.3788e-01, 
 2DIAGNOSTIC,    16, -4.675763027873e-01, 6.504177498598e-05, 7.6536e+00, 3.7096e-01, 
 2DIAGNOSTIC,    17, -4.675763991323e-01, 5.533223683481e-05, 7.8512e+00, 1.9764e-01, 
 2DIAGNOSTIC,    18, -4.675746400437e-01, 4.352699479264e-05, 8.0339e+00, 1.8269e-01, 
 2DIAGNOSTIC,    19, -4.675729807513e-01, 3.083202517717e-05, 8.2538e+00, 2.1987e-01, 
 2DIAGNOSTIC,    20, -4.675713168430e-01, 1.787300945477e-05, 8.4770e+00, 2.2321e-01, 
 2DIAGNOSTIC,    21, -4.675679158972e-01, 6.729110230655e-06, 8.6591e+00, 1.8211e-01, 
 2DIAGNOSTIC,    22, -4.675676527876e-01, 2.633923140746e-06, 8.8702e+00, 2.1109e-01, 
DIAGNOSTIC,Iteration,metricValue,convergenceValue,ITERATION_TIME_INDEX,SINCE_LAST
 2DIAGNOSTIC,     1, -4.258650679565e-01, 1.797693134862e+308, 1.1326e+01, 2.4556e+00, 
 2DIAGNOSTIC,     2, -4.259686187764e-01, 1.797693134862e+308, 1.2694e+01, 1.3685e+00, 
 2DIAGNOSTIC,     3, -4.260095480594e-01, 1.797693134862e+308, 1.4485e+01, 1.7903e+00, 
 2DIAGNOSTIC,     4, -4.260079797412e-01, 1.797693134862e+308, 1.6711e+01, 2.2261e+00, 
 2DIAGNOSTIC,     5, -4.260082738743e-01, 1.797693134862e+308, 1.8199e+01, 1.4887e+00, 
 2DIAGNOSTIC,     6, -4.260081863533e-01, 1.797693134862e+308, 1.9909e+01, 1.7100e+00, 
 2DIAGNOSTIC,     7, -4.260082303477e-01, 1.797693134862e+308, 2.1362e+01, 1.4524e+00, 
 2DIAGNOSTIC,     8, -4.260082721297e-01, 1.797693134862e+308, 2.2848e+01, 1.4859e+00, 
 2DIAGNOSTIC,     9, -4.260078917237e-01, 1.797693134862e+308, 2.4424e+01, 1.5761e+00, 
 2DIAGNOSTIC,    10, -4.260080326781e-01, 1.495520513752e-05, 2.5707e+01, 1.2833e+00, 
 2DIAGNOSTIC,    11, -4.260077701200e-01, 5.182895789865e-06, 2.7155e+01, 1.4481e+00, 
 2DIAGNOSTIC,    12, -4.260078230405e-01, 2.528155143580e-06, 2.8578e+01, 1.4226e+00, 
 2DIAGNOSTIC,    13, -4.260075445978e-01, 2.381491223141e-06, 3.0146e+01, 1.5680e+00, 
 2DIAGNOSTIC,    14, -4.260073505633e-01, 2.177805948467e-06, 3.1577e+01, 1.4314e+00, 
 2DIAGNOSTIC,    15, -4.260072584577e-01, 2.019186854191e-06, 3.3058e+01, 1.4813e+00, 
 2DIAGNOSTIC,    16, -4.260070648014e-01, 1.877669237413e-06, 3.4471e+01, 1.4128e+00, 
 2DIAGNOSTIC,    17, -4.260070812872e-01, 1.765305275021e-06, 3.5764e+01, 1.2928e+00, 
 2DIAGNOSTIC,    18, -4.260077201086e-01, 1.700778626511e-06, 3.7443e+01, 1.6794e+00, 
 2DIAGNOSTIC,    19, -4.260078321971e-01, 1.638978691591e-06, 3.9016e+01, 1.5725e+00, 
 2DIAGNOSTIC,    20, -4.260078416417e-01, 1.592032972196e-06, 4.0444e+01, 1.4285e+00, 
 2DIAGNOSTIC,    21, -4.260077525614e-01, 1.538469465913e-06, 4.1901e+01, 1.4569e+00, 
 2DIAGNOSTIC,    22, -4.260076597241e-01, 1.486556466888e-06, 4.3305e+01, 1.4037e+00, 
 2DIAGNOSTIC,    23, -4.260075642675e-01, 1.424272754201e-06, 4.4721e+01, 1.4159e+00, 
 2DIAGNOSTIC,    24, -4.260074712549e-01, 1.355237471211e-06, 4.6016e+01, 1.2953e+00, 
 2DIAGNOSTIC,    25, -4.260070784233e-01, 1.276410933719e-06, 4.7404e+01, 1.3877e+00, 
 2DIAGNOSTIC,    26, -4.260075146650e-01, 1.209995305257e-06, 4.8873e+01, 1.4685e+00, 
 2DIAGNOSTIC,    27, -4.260078474376e-01, 1.157576721256e-06, 5.0326e+01, 1.4537e+00, 
 2DIAGNOSTIC,    28, -4.260075737654e-01, 1.119237308576e-06, 5.1707e+01, 1.3807e+00, 
 2DIAGNOSTIC,    29, -4.260078380445e-01, 1.094239869298e-06, 5.3809e+01, 2.1019e+00, 
 2DIAGNOSTIC,    30, -4.260076441694e-01, 1.067055228822e-06, 5.5262e+01, 1.4528e+00, 
 2DIAGNOSTIC,    31, -4.260076514143e-01, 1.039166311265e-06, 5.6741e+01, 1.4791e+00, 
 2DIAGNOSTIC,    32, -4.260074548029e-01, 1.005558943661e-06, 5.8381e+01, 1.6403e+00, 
  Elapsed time (stage 0): 5.9136e+01


Total elapsed time: 5.9138e+01
Info [verificarlo]: loaded backend libinterflop_ieee.so
Info [interflop-ieee]: load backend with:
Info [interflop-ieee]: debug = false
Info [interflop-ieee]: debug-binary = false
Info [interflop-ieee]: no-backend-name = false
Info [interflop-ieee]: print-new-line = false
Info [interflop-ieee]: print-subnormal-normalized = false
Info [interflop-ieee]: count-op = false
All_Command_lines_OK
Using double precision for computations.
=============================================================================
The composite transform comprises the following transforms (in order): 
  1. /home/mdugre/scratch/mri-registration-rp/datasets/ds004513/derivatives/mri-registration-rp/0001/antsRegistration-r7-p12/sub-s033/rigid_Composite.h5[0] (type = Euler3DTransform)
  2. /home/mdugre/scratch/mri-registration-rp/datasets/ds004513/derivatives/mri-registration-rp/0001/antsRegistration-r7-p12/sub-s033/rigid_Composite.h5[1] (type = Euler3DTransform)
  3. /home/mdugre/scratch/mri-registration-rp/datasets/ds004513/derivatives/mri-registration-rp/0001/antsRegistration-r7-p12/sub-s033/rigid_Composite.h5[2] (type = Euler3DTransform)
=============================================================================
  number of levels = 4
  fixed image: /templateflow/tpl-MNI152NLin2009cAsym/tpl-MNI152NLin2009cAsym_res-01_desc-brain_T1w.nii.gz
  moving image: /home/mdugre/scratch/mri-registration-rp/datasets/ds004513/derivatives/mri-registration-rp/antsBrainExtraction/sub-s033/BrainExtractionBrain.nii.gz
Dimension = 3
Number of stages = 1
Use histogram matching = false
Winsorize image intensities = true
  Lower quantile = 0.005
  Upper quantile = 0.995


Stage 1 State
   Image metric = MattesMI
     Fixed image = Image (0x3ee47e0)
  RTTI typeinfo:   itk::Image<double, 3u>
  Reference Count: 2
  Modified Time: 1592
  Debug: Off
  Object Name: 
  Observers: 
    none
  Source: (none)
  Source output name: (none)
  Release Data: Off
  Data Released: False
  Global Release Data: Off
  PipelineMTime: 0
  UpdateMTime: 1203
  RealTimeStamp: 0 seconds 
  LargestPossibleRegion: 
    Dimension: 3
    Index: [0, 0, 0]
    Size: [193, 229, 193]
  BufferedRegion: 
    Dimension: 3
    Index: [0, 0, 0]
    Size: [193, 229, 193]
  RequestedRegion: 
    Dimension: 3
    Index: [0, 0, 0]
    Size: [193, 229, 193]
  Spacing: [1, 1, 1]
  Origin: [96, 132, -78]
  Direction: 
-1 0 0
0 -1 0
0 0 1

  IndexToPointMatrix: 
-1 0 0
0 -1 0
0 0 1

  PointToIndexMatrix: 
-1 0 0
0 -1 0
0 0 1

  Inverse Direction: 
-1 0 0
0 -1 0
0 0 1

  PixelContainer: 
    ImportImageContainer (0x3fa4a20)
      RTTI typeinfo:   itk::ImportImageContainer<unsigned long, double>
      Reference Count: 1
      Modified Time: 1200
      Debug: Off
      Object Name: 
      Observers: 
        none
      Pointer: 0x151724acb010
      Container manages memory: true
      Size: 8530021
      Capacity: 8530021

     Moving image = Image (0x3f9fd70)
  RTTI typeinfo:   itk::Image<double, 3u>
  Reference Count: 2
  Modified Time: 1593
  Debug: Off
  Object Name: 
  Observers: 
    none
  Source: (none)
  Source output name: (none)
  Release Data: Off
  Data Released: False
  Global Release Data: Off
  PipelineMTime: 0
  UpdateMTime: 1590
  RealTimeStamp: 0 seconds 
  LargestPossibleRegion: 
    Dimension: 3
    Index: [0, 0, 0]
    Size: [160, 240, 256]
  BufferedRegion: 
    Dimension: 3
    Index: [0, 0, 0]
    Size: [160, 240, 256]
  RequestedRegion: 
    Dimension: 3
    Index: [0, 0, 0]
    Size: [160, 240, 256]
  Spacing: [1, 1, 1]
  Origin: [91.5134, 94.282, -109.927]
  Direction: 
-0.99591 -0.0698718 -0.0572835
0.0697565 -0.997556 0.00401236
-0.0574239 5.01125e-08 0.99835

  IndexToPointMatrix: 
-0.99591 -0.0698718 -0.0572835
0.0697565 -0.997556 0.00401236
-0.0574239 5.01125e-08 0.99835

  PointToIndexMatrix: 
-0.99591 0.0697565 -0.0574239
-0.0698718 -0.997556 5.01483e-08
-0.0572835 0.00401236 0.99835

  Inverse Direction: 
-0.99591 0.0697565 -0.0574239
-0.0698718 -0.997556 5.01483e-08
-0.0572835 0.00401236 0.99835

  PixelContainer: 
    ImportImageContainer (0x3f57c90)
      RTTI typeinfo:   itk::ImportImageContainer<unsigned long, double>
      Reference Count: 1
      Modified Time: 1587
      Debug: Off
      Object Name: 
      Observers: 
        none
      Pointer: 0x15171ffca010
      Container manages memory: true
      Size: 9830400
      Capacity: 9830400

     Weighting = 1
     Sampling strategy = regular
     Number of bins = 32
     Radius = 4
     Sampling percentage  = 0.25
   Transform = Affine
     Gradient step = 0.1
     Update field sigma (voxel space) = 0
     Total field sigma (voxel space) = 0
     Update field time sigma = 0
     Total field time sigma  = 0
     Number of time indices = 0
     Number of time point samples = 0
Registration using 1 total stages.

Stage 0
  iterations = 1000x500x250x100
  convergence threshold = 1e-06
  convergence window size = 10
  number of levels = 4
  using the Mattes MI metric (number of bins = 32, weight = 1, use gradient filter = 0)
  preprocessing:  winsorizing the image intensities
  Shrink factors (level 1 out of 4): [8, 8, 8]
  Shrink factors (level 2 out of 4): [4, 4, 4]
  Shrink factors (level 3 out of 4): [2, 2, 2]
  Shrink factors (level 4 out of 4): [1, 1, 1]
  smoothing sigmas per level: [3, 2, 1, 0]
  regular sampling (percentage = 0.25)

*** Running AffineTransform registration ***

DIAGNOSTIC,Iteration,metricValue,convergenceValue,ITERATION_TIME_INDEX,SINCE_LAST
 2DIAGNOSTIC,     1, -6.382810513402e-01, 1.797693134862e+308, 8.2305e-01, 8.2305e-01, 
 2DIAGNOSTIC,     2, -6.407465313037e-01, 1.797693134862e+308, 8.2745e-01, 4.4010e-03, 
 2DIAGNOSTIC,     3, -6.451565251916e-01, 1.797693134862e+308, 8.3188e-01, 4.4222e-03, 
 2DIAGNOSTIC,     4, -6.521823924618e-01, 1.797693134862e+308, 8.3613e-01, 4.2520e-03, 
 2DIAGNOSTIC,     5, -6.630833062736e-01, 1.797693134862e+308, 8.4042e-01, 4.2930e-03, 
 2DIAGNOSTIC,     6, -6.815409116863e-01, 1.797693134862e+308, 8.4478e-01, 4.3600e-03, 
 2DIAGNOSTIC,     7, -7.249757174898e-01, 1.797693134862e+308, 8.4990e-01, 5.1160e-03, 
 2DIAGNOSTIC,     8, -8.402368430972e-01, 1.797693134862e+308, 8.5455e-01, 4.6480e-03, 
 2DIAGNOSTIC,     9, -8.669915386742e-01, 1.797693134862e+308, 8.6174e-01, 7.1990e-03, 
 2DIAGNOSTIC,    10, -8.690189465727e-01, 2.370881420774e-02, 8.6639e-01, 4.6480e-03, 
 2DIAGNOSTIC,    11, -8.788602600558e-01, 2.366221237667e-02, 8.7097e-01, 4.5781e-03, 
 2DIAGNOSTIC,    12, -8.887434321596e-01, 2.187461516124e-02, 8.7558e-01, 4.6141e-03, 
 2DIAGNOSTIC,    13, -8.929111496506e-01, 1.864004126225e-02, 8.8074e-01, 5.1529e-03, 
 2DIAGNOSTIC,    14, -8.986810517657e-01, 1.459625769597e-02, 8.8586e-01, 5.1260e-03, 
 2DIAGNOSTIC,    15, -9.051773934314e-01, 1.031722845757e-02, 8.9247e-01, 6.6080e-03, 
 2DIAGNOSTIC,    16, -9.052610879626e-01, 6.142704384227e-03, 8.9802e-01, 5.5530e-03, 
 2DIAGNOSTIC,    17, -9.054082020679e-01, 2.822331923048e-03, 9.0303e-01, 5.0051e-03, 
 2DIAGNOSTIC,    18, -9.052651352002e-01, 1.920556413740e-03, 9.0759e-01, 4.5559e-03, 
 2DIAGNOSTIC,    19, -9.053416618286e-01, 1.448723100104e-03, 9.1209e-01, 4.5071e-03, 
 2DIAGNOSTIC,    20, -9.056306175814e-01, 9.325514606117e-04, 9.1683e-01, 4.7340e-03, 
 2DIAGNOSTIC,    21, -9.057902893838e-01, 5.478874288466e-04, 9.2194e-01, 5.1100e-03, 
 2DIAGNOSTIC,    22, -9.059078543523e-01, 3.096757131145e-04, 9.2653e-01, 4.5960e-03, 
 2DIAGNOSTIC,    23, -9.059072096122e-01, 1.269142419589e-04, 9.3113e-01, 4.5998e-03, 
 2DIAGNOSTIC,    24, -9.060843995885e-01, 3.175632886393e-05, 9.3590e-01, 4.7691e-03, 
 2DIAGNOSTIC,    25, -9.061397840817e-01, 3.168141987107e-05, 9.4049e-01, 4.5910e-03, 
 2DIAGNOSTIC,    26, -9.063735409658e-01, 3.283074508772e-05, 9.4526e-01, 4.7650e-03, 
 2DIAGNOSTIC,    27, -9.065863548359e-01, 3.551587461557e-05, 9.5149e-01, 6.2301e-03, 
 2DIAGNOSTIC,    28, -9.066215916155e-01, 3.347287520966e-05, 9.5768e-01, 6.1882e-03, 
 2DIAGNOSTIC,    29, -9.061319235994e-01, 2.370121136511e-05, 9.6342e-01, 5.7449e-03, 
 2DIAGNOSTIC,    30, -9.059988580573e-01, 1.439727162400e-05, 9.6960e-01, 6.1769e-03, 
 2DIAGNOSTIC,    31, -9.060251730734e-01, 6.428849511964e-06, 9.7417e-01, 4.5750e-03, 
DIAGNOSTIC,Iteration,metricValue,convergenceValue,ITERATION_TIME_INDEX,SINCE_LAST
 2DIAGNOSTIC,     1, -7.439590297780e-01, 1.797693134862e+308, 1.6474e+00, 6.7327e-01, 
 2DIAGNOSTIC,     2, -7.448090144216e-01, 1.797693134862e+308, 1.6846e+00, 3.7159e-02, 
 2DIAGNOSTIC,     3, -7.457621558584e-01, 1.797693134862e+308, 1.7195e+00, 3.4933e-02, 
 2DIAGNOSTIC,     4, -7.465207221092e-01, 1.797693134862e+308, 1.7557e+00, 3.6190e-02, 
 2DIAGNOSTIC,     5, -7.471932463033e-01, 1.797693134862e+308, 1.7944e+00, 3.8692e-02, 
 2DIAGNOSTIC,     6, -7.483572306665e-01, 1.797693134862e+308, 1.8574e+00, 6.3003e-02, 
 2DIAGNOSTIC,     7, -7.483854575963e-01, 1.797693134862e+308, 1.8961e+00, 3.8642e-02, 
 2DIAGNOSTIC,     8, -7.483657408641e-01, 1.797693134862e+308, 1.9346e+00, 3.8506e-02, 
 2DIAGNOSTIC,     9, -7.483768974112e-01, 1.797693134862e+308, 1.9696e+00, 3.5059e-02, 
 2DIAGNOSTIC,    10, -7.483980931763e-01, 4.006465451188e-04, 2.0088e+00, 3.9141e-02, 
 2DIAGNOSTIC,    11, -7.484170957663e-01, 2.714577461832e-04, 2.0436e+00, 3.4882e-02, 
 2DIAGNOSTIC,    12, -7.484304533179e-01, 1.667372437992e-04, 2.0829e+00, 3.9221e-02, 
 2DIAGNOSTIC,    13, -7.484575111107e-01, 9.217903577494e-05, 2.1187e+00, 3.5842e-02, 
 2DIAGNOSTIC,    14, -7.484791687495e-01, 4.118568829209e-05, 2.1552e+00, 3.6530e-02, 
 2DIAGNOSTIC,    15, -7.485101915554e-01, 1.042224865798e-05, 2.1947e+00, 3.9423e-02, 
 2DIAGNOSTIC,    16, -7.485404653730e-01, 1.108990769548e-05, 2.2348e+00, 4.0138e-02, 
 2DIAGNOSTIC,    17, -7.485787747314e-01, 1.234046760431e-05, 2.2754e+00, 4.0637e-02, 
 2DIAGNOSTIC,    18, -7.485588682649e-01, 1.163630030574e-05, 2.3166e+00, 4.1210e-02, 
 2DIAGNOSTIC,    19, -7.485801632651e-01, 1.075681295143e-05, 2.3532e+00, 3.6544e-02, 
 2DIAGNOSTIC,    20, -7.486220089478e-01, 1.030274871416e-05, 2.3897e+00, 3.6458e-02, 
 2DIAGNOSTIC,    21, -7.486669898879e-01, 1.020700060871e-05, 2.4297e+00, 4.0007e-02, 
 2DIAGNOSTIC,    22, -7.486476218377e-01, 9.185271054840e-06, 2.4685e+00, 3.8852e-02, 
 2DIAGNOSTIC,    23, -7.486531695780e-01, 8.102552932827e-06, 2.5038e+00, 3.5284e-02, 
 2DIAGNOSTIC,    24, -7.486454532435e-01, 6.701165568619e-06, 2.5587e+00, 5.4887e-02, 
 2DIAGNOSTIC,    25, -7.486349611707e-01, 5.193348740079e-06, 2.5903e+00, 3.1660e-02, 
 2DIAGNOSTIC,    26, -7.486363067486e-01, 3.872608692036e-06, 2.6256e+00, 3.5246e-02, 
 2DIAGNOSTIC,    27, -7.486119760123e-01, 2.616187814219e-06, 2.6615e+00, 3.5932e-02, 
DIAGNOSTIC,Iteration,metricValue,convergenceValue,ITERATION_TIME_INDEX,SINCE_LAST
 2DIAGNOSTIC,     1, -6.324382059176e-01, 1.797693134862e+308, 3.6936e+00, 1.0321e+00, 
 2DIAGNOSTIC,     2, -6.330453559460e-01, 1.797693134862e+308, 3.9267e+00, 2.3306e-01, 
 2DIAGNOSTIC,     3, -6.337034653182e-01, 1.797693134862e+308, 4.1587e+00, 2.3204e-01, 
 2DIAGNOSTIC,     4, -6.345360312265e-01, 1.797693134862e+308, 4.3909e+00, 2.3220e-01, 
 2DIAGNOSTIC,     5, -6.368407080018e-01, 1.797693134862e+308, 4.8129e+00, 4.2201e-01, 
 2DIAGNOSTIC,     6, -6.368301837210e-01, 1.797693134862e+308, 5.1661e+00, 3.5318e-01, 
 2DIAGNOSTIC,     7, -6.368304747609e-01, 1.797693134862e+308, 5.4490e+00, 2.8289e-01, 
 2DIAGNOSTIC,     8, -6.368288611707e-01, 1.797693134862e+308, 5.7098e+00, 2.6082e-01, 
 2DIAGNOSTIC,     9, -6.368296394052e-01, 1.797693134862e+308, 5.9605e+00, 2.5066e-01, 
 2DIAGNOSTIC,    10, -6.368275808481e-01, 4.933194841141e-04, 6.2144e+00, 2.5396e-01, 
 2DIAGNOSTIC,    11, -6.368274610122e-01, 3.328329346589e-04, 6.4768e+00, 2.6238e-01, 
 2DIAGNOSTIC,    12, -6.368284120519e-01, 1.932917498808e-04, 6.7565e+00, 2.7973e-01, 
 2DIAGNOSTIC,    13, -6.368262760345e-01, 8.072720174324e-05, 7.0560e+00, 2.9947e-01, 
 2DIAGNOSTIC,    14, -6.368254702770e-01, 1.602161878209e-06, 7.3008e+00, 2.4475e-01, 
 2DIAGNOSTIC,    15, -6.368236639013e-01, 1.727423746462e-06, 7.5464e+00, 2.4560e-01, 
 2DIAGNOSTIC,    16, -6.368225419115e-01, 1.548006713037e-06, 7.8465e+00, 3.0011e-01, 
 2DIAGNOSTIC,    17, -6.368234599878e-01, 1.462571014542e-06, 8.1953e+00, 3.4887e-01, 
 2DIAGNOSTIC,    18, -6.368222694315e-01, 1.352936807121e-06, 8.4834e+00, 2.8809e-01, 
 2DIAGNOSTIC,    19, -6.368211212501e-01, 1.287756942490e-06, 8.7691e+00, 2.8566e-01, 
 2DIAGNOSTIC,    20, -6.368200862864e-01, 1.197225659000e-06, 9.0380e+00, 2.6895e-01, 
 2DIAGNOSTIC,    21, -6.368189158108e-01, 1.123656041470e-06, 9.2882e+00, 2.5014e-01, 
 2DIAGNOSTIC,    22, -6.368179134433e-01, 1.092754655450e-06, 9.5241e+00, 2.3590e-01, 
 2DIAGNOSTIC,    23, -6.368186088875e-01, 1.069765971466e-06, 9.7838e+00, 2.5978e-01, 
 2DIAGNOSTIC,    24, -6.368195961856e-01, 1.082114237765e-06, 1.0043e+01, 2.5939e-01, 
 2DIAGNOSTIC,    25, -6.368174856419e-01, 1.046694103606e-06, 1.0280e+01, 2.3639e-01, 
 2DIAGNOSTIC,    26, -6.368172796864e-01, 1.013402166024e-06, 1.0524e+01, 2.4450e-01, 
DIAGNOSTIC,Iteration,metricValue,convergenceValue,ITERATION_TIME_INDEX,SINCE_LAST
 2DIAGNOSTIC,     1, -5.628460789831e-01, 1.797693134862e+308, 1.3521e+01, 2.9969e+00, 
 2DIAGNOSTIC,     2, -5.630279022855e-01, 1.797693134862e+308, 1.5322e+01, 1.8007e+00, 
 2DIAGNOSTIC,     3, -5.632099789955e-01, 1.797693134862e+308, 1.7172e+01, 1.8499e+00, 
 2DIAGNOSTIC,     4, -5.635255617673e-01, 1.797693134862e+308, 1.9076e+01, 1.9043e+00, 
 2DIAGNOSTIC,     5, -5.639645937865e-01, 1.797693134862e+308, 2.1885e+01, 2.8094e+00, 
 2DIAGNOSTIC,     6, -5.639620421952e-01, 1.797693134862e+308, 2.3752e+01, 1.8671e+00, 
 2DIAGNOSTIC,     7, -5.639593539048e-01, 1.797693134862e+308, 2.6010e+01, 2.2571e+00, 
 2DIAGNOSTIC,     8, -5.639582648773e-01, 1.797693134862e+308, 2.7816e+01, 1.8063e+00, 
 2DIAGNOSTIC,     9, -5.639576827272e-01, 1.797693134862e+308, 2.9769e+01, 1.9532e+00, 
 2DIAGNOSTIC,    10, -5.639568041775e-01, 1.368291901127e-04, 3.1596e+01, 1.8272e+00, 
 2DIAGNOSTIC,    11, -5.639559974427e-01, 8.909320685310e-05, 3.3596e+01, 1.9998e+00, 
 2DIAGNOSTIC,    12, -5.639554222807e-01, 4.944763943650e-05, 3.5575e+01, 1.9792e+00, 
 2DIAGNOSTIC,    13, -5.639559091330e-01, 1.861289593305e-05, 3.7455e+01, 1.8793e+00, 
 2DIAGNOSTIC,    14, -5.639557455755e-01, 1.618725013003e-06, 3.9892e+01, 2.4373e+00, 
 2DIAGNOSTIC,    15, -5.639555922653e-01, 1.703203091508e-06, 4.1760e+01, 1.8684e+00, 
 2DIAGNOSTIC,    16, -5.639552421361e-01, 1.726686822870e-06, 4.3704e+01, 1.9441e+00, 
 2DIAGNOSTIC,    17, -5.639551751205e-01, 1.690611172077e-06, 4.5553e+01, 1.8488e+00, 
 2DIAGNOSTIC,    18, -5.639551421593e-01, 1.643375615382e-06, 4.7488e+01, 1.9351e+00, 
 2DIAGNOSTIC,    19, -5.639551090556e-01, 1.596370698999e-06, 4.9438e+01, 1.9494e+00, 
 2DIAGNOSTIC,    20, -5.639548036855e-01, 1.532214890076e-06, 5.1493e+01, 2.0557e+00, 
 2DIAGNOSTIC,    21, -5.639548576711e-01, 1.462394012025e-06, 5.3302e+01, 1.8087e+00, 
 2DIAGNOSTIC,    22, -5.639547647232e-01, 1.388045289374e-06, 5.5217e+01, 1.9148e+00, 
 2DIAGNOSTIC,    23, -5.639546575240e-01, 1.333853194826e-06, 5.7027e+01, 1.8104e+00, 
 2DIAGNOSTIC,    24, -5.639545777358e-01, 1.283788201925e-06, 5.8746e+01, 1.7184e+00, 
 2DIAGNOSTIC,    25, -5.639546911923e-01, 1.241130489556e-06, 6.0514e+01, 1.7679e+00, 
 2DIAGNOSTIC,    26, -5.639548827726e-01, 1.201563533074e-06, 6.2689e+01, 2.1754e+00, 
 2DIAGNOSTIC,    27, -5.639549590867e-01, 1.167038046722e-06, 6.4584e+01, 1.8950e+00, 
 2DIAGNOSTIC,    28, -5.639548614713e-01, 1.133745849959e-06, 6.6516e+01, 1.9315e+00, 
 2DIAGNOSTIC,    29, -5.639547581348e-01, 1.100898564400e-06, 6.8223e+01, 1.7075e+00, 
 2DIAGNOSTIC,    30, -5.639546848667e-01, 1.063458574695e-06, 7.0062e+01, 1.8392e+00, 
 2DIAGNOSTIC,    31, -5.639545855215e-01, 1.027344782585e-06, 7.1748e+01, 1.6854e+00, 
  Elapsed time (stage 0): 7.2791e+01


Total elapsed time: 7.2793e+01
Info [verificarlo]: loaded backend libinterflop_vprec.so
