
##########################
# Experiment information #
##########################

EXPERIMENT_NAME: antsRegistration-r8-p11
VFC_BACKENDS: libinterflop_vprec.so --range-binary32=8 --precision-binary32=11 --range-binary64=8 --precision-binary64=11

SIF_IMG: /home/mdugre/projects/rrg-glatard/mdugre/containers/ants-vprec-no_metrics.simg

SUBJECT_ID: s037
INPUT_IMG: /home/mdugre/scratch/mri-registration-rp/datasets/ds004513/derivatives/mri-registration-rp/antsBrainExtraction/sub-s037/BrainExtractionBrain.nii.gz
OUTPUT_DIR: /home/mdugre/scratch/mri-registration-rp/datasets/ds004513/derivatives/mri-registration-rp/0001/antsRegistration-r8-p11/sub-s037

FIXED_IMG: /templateflow/tpl-MNI152NLin2009cAsym/tpl-MNI152NLin2009cAsym_res-01_desc-brain_T1w.nii.gz
DATA_DIR: /home/mdugre/scratch/mri-registration-rp/datasets/ds004513
TEMPLATEFLOW_DIR: /home/mdugre/projects/rrg-glatard/mdugre/templateflow
ITK_GLOBAL_DEFAULT_NUMBER_OF_THREADS: 16
##########################

Info [verificarlo]: loaded backend libinterflop_ieee.so
Info [interflop-ieee]: load backend with:
Info [interflop-ieee]: debug = false
Info [interflop-ieee]: debug-binary = false
Info [interflop-ieee]: no-backend-name = false
Info [interflop-ieee]: print-new-line = false
Info [interflop-ieee]: print-subnormal-normalized = false
Info [interflop-ieee]: count-op = false
All_Command_lines_OK
Using double precision for computations.
=============================================================================
The composite transform comprises the following transforms (in order): 
  1. Center of mass alignment using fixed image: /templateflow/tpl-MNI152NLin2009cAsym/tpl-MNI152NLin2009cAsym_res-01_desc-brain_T1w.nii.gz and moving image: /home/mdugre/scratch/mri-registration-rp/datasets/ds004513/derivatives/mri-registration-rp/antsBrainExtraction/sub-s037/BrainExtractionBrain.nii.gz (type = Euler3DTransform)
=============================================================================
  number of levels = 1
  fixed image: /templateflow/tpl-MNI152NLin2009cAsym/tpl-MNI152NLin2009cAsym_res-01_desc-brain_T1w.nii.gz
  moving image: /home/mdugre/scratch/mri-registration-rp/datasets/ds004513/derivatives/mri-registration-rp/antsBrainExtraction/sub-s037/BrainExtractionBrain.nii.gz
Dimension = 3
Number of stages = 1
Use histogram matching = false
Winsorize image intensities = true
  Lower quantile = 0.005
  Upper quantile = 0.995


Stage 1 State
   Image metric = MattesMI
     Fixed image = Image (0x4d2be70)
  RTTI typeinfo:   itk::Image<double, 3u>
  Reference Count: 2
  Modified Time: 2330
  Debug: Off
  Object Name: 
  Observers: 
    none
  Source: (none)
  Source output name: (none)
  Release Data: Off
  Data Released: False
  Global Release Data: Off
  PipelineMTime: 0
  UpdateMTime: 1941
  RealTimeStamp: 0 seconds 
  LargestPossibleRegion: 
    Dimension: 3
    Index: [0, 0, 0]
    Size: [193, 229, 193]
  BufferedRegion: 
    Dimension: 3
    Index: [0, 0, 0]
    Size: [193, 229, 193]
  RequestedRegion: 
    Dimension: 3
    Index: [0, 0, 0]
    Size: [193, 229, 193]
  Spacing: [1, 1, 1]
  Origin: [96, 132, -78]
  Direction: 
-1 0 0
0 -1 0
0 0 1

  IndexToPointMatrix: 
-1 0 0
0 -1 0
0 0 1

  PointToIndexMatrix: 
-1 0 0
0 -1 0
0 0 1

  Inverse Direction: 
-1 0 0
0 -1 0
0 0 1

  PixelContainer: 
    ImportImageContainer (0x4d34c60)
      RTTI typeinfo:   itk::ImportImageContainer<unsigned long, double>
      Reference Count: 1
      Modified Time: 1938
      Debug: Off
      Object Name: 
      Observers: 
        none
      Pointer: 0x1542cb10a010
      Container manages memory: true
      Size: 8530021
      Capacity: 8530021

     Moving image = Image (0x4dc8ec0)
  RTTI typeinfo:   itk::Image<double, 3u>
  Reference Count: 2
  Modified Time: 2331
  Debug: Off
  Object Name: 
  Observers: 
    none
  Source: (none)
  Source output name: (none)
  Release Data: Off
  Data Released: False
  Global Release Data: Off
  PipelineMTime: 0
  UpdateMTime: 2328
  RealTimeStamp: 0 seconds 
  LargestPossibleRegion: 
    Dimension: 3
    Index: [0, 0, 0]
    Size: [160, 240, 256]
  BufferedRegion: 
    Dimension: 3
    Index: [0, 0, 0]
    Size: [160, 240, 256]
  RequestedRegion: 
    Dimension: 3
    Index: [0, 0, 0]
    Size: [160, 240, 256]
  Spacing: [1, 1, 1]
  Origin: [87.9508, 102.562, -147.639]
  Direction: 
-0.998659 -0.0436121 -0.0279129
0.043595 -0.999049 0.00121847
-0.0279395 -2.65543e-08 0.99961

  IndexToPointMatrix: 
-0.998659 -0.0436121 -0.0279129
0.043595 -0.999049 0.00121847
-0.0279395 -2.65543e-08 0.99961

  PointToIndexMatrix: 
-0.998659 0.043595 -0.0279395
-0.0436121 -0.999049 -2.65517e-08
-0.0279129 0.00121847 0.99961

  Inverse Direction: 
-0.998659 0.043595 -0.0279395
-0.0436121 -0.999049 -2.65517e-08
-0.0279129 0.00121847 0.99961

  PixelContainer: 
    ImportImageContainer (0x4e60610)
      RTTI typeinfo:   itk::ImportImageContainer<unsigned long, double>
      Reference Count: 1
      Modified Time: 2325
      Debug: Off
      Object Name: 
      Observers: 
        none
      Pointer: 0x1542c6609010
      Container manages memory: true
      Size: 9830400
      Capacity: 9830400

     Weighting = 1
     Sampling strategy = regular
     Number of bins = 32
     Radius = 4
     Sampling percentage  = 0.25
   Transform = Rigid
     Gradient step = 0.1
     Update field sigma (voxel space) = 0
     Total field sigma (voxel space) = 0
     Update field time sigma = 0
     Total field time sigma  = 0
     Number of time indices = 0
     Number of time point samples = 0
Registration using 1 total stages.

Stage 0
  iterations = 0
  convergence threshold = 1e-06
  convergence window size = 10
  number of levels = 1
  using the Mattes MI metric (number of bins = 32, weight = 1, use gradient filter = 0)
  preprocessing:  winsorizing the image intensities
  Shrink factors (level 1 out of 1): [1, 1, 1]
  smoothing sigmas per level: [0]
  regular sampling (percentage = 0.25)

*** Running Euler3DTransform registration ***

  Elapsed time (stage 0): 1.12178


Total elapsed time: 1.12423
Info [verificarlo]: loaded backend libinterflop_ieee.so
Info [interflop-ieee]: load backend with:
Info [interflop-ieee]: debug = false
Info [interflop-ieee]: debug-binary = false
Info [interflop-ieee]: no-backend-name = false
Info [interflop-ieee]: print-new-line = false
Info [interflop-ieee]: print-subnormal-normalized = false
Info [interflop-ieee]: count-op = false
All_Command_lines_OK
Using double precision for computations.
=============================================================================
The composite transform comprises the following transforms (in order): 
  1. /home/mdugre/scratch/mri-registration-rp/datasets/ds004513/derivatives/mri-registration-rp/0001/antsRegistration-r8-p11/sub-s037/align_Composite.h5[0] (type = Euler3DTransform)
  2. /home/mdugre/scratch/mri-registration-rp/datasets/ds004513/derivatives/mri-registration-rp/0001/antsRegistration-r8-p11/sub-s037/align_Composite.h5[1] (type = Euler3DTransform)
=============================================================================
  number of levels = 4
  fixed image: /templateflow/tpl-MNI152NLin2009cAsym/tpl-MNI152NLin2009cAsym_res-01_desc-brain_T1w.nii.gz
  moving image: /home/mdugre/scratch/mri-registration-rp/datasets/ds004513/derivatives/mri-registration-rp/antsBrainExtraction/sub-s037/BrainExtractionBrain.nii.gz
Dimension = 3
Number of stages = 1
Use histogram matching = false
Winsorize image intensities = true
  Lower quantile = 0.005
  Upper quantile = 0.995


Stage 1 State
   Image metric = MattesMI
     Fixed image = Image (0x4635530)
  RTTI typeinfo:   itk::Image<double, 3u>
  Reference Count: 2
  Modified Time: 1578
  Debug: Off
  Object Name: 
  Observers: 
    none
  Source: (none)
  Source output name: (none)
  Release Data: Off
  Data Released: False
  Global Release Data: Off
  PipelineMTime: 0
  UpdateMTime: 1189
  RealTimeStamp: 0 seconds 
  LargestPossibleRegion: 
    Dimension: 3
    Index: [0, 0, 0]
    Size: [193, 229, 193]
  BufferedRegion: 
    Dimension: 3
    Index: [0, 0, 0]
    Size: [193, 229, 193]
  RequestedRegion: 
    Dimension: 3
    Index: [0, 0, 0]
    Size: [193, 229, 193]
  Spacing: [1, 1, 1]
  Origin: [96, 132, -78]
  Direction: 
-1 0 0
0 -1 0
0 0 1

  IndexToPointMatrix: 
-1 0 0
0 -1 0
0 0 1

  PointToIndexMatrix: 
-1 0 0
0 -1 0
0 0 1

  Inverse Direction: 
-1 0 0
0 -1 0
0 0 1

  PixelContainer: 
    ImportImageContainer (0x46f3d60)
      RTTI typeinfo:   itk::ImportImageContainer<unsigned long, double>
      Reference Count: 1
      Modified Time: 1186
      Debug: Off
      Object Name: 
      Observers: 
        none
      Pointer: 0x148c7bc72010
      Container manages memory: true
      Size: 8530021
      Capacity: 8530021

     Moving image = Image (0x46e5f60)
  RTTI typeinfo:   itk::Image<double, 3u>
  Reference Count: 2
  Modified Time: 1579
  Debug: Off
  Object Name: 
  Observers: 
    none
  Source: (none)
  Source output name: (none)
  Release Data: Off
  Data Released: False
  Global Release Data: Off
  PipelineMTime: 0
  UpdateMTime: 1576
  RealTimeStamp: 0 seconds 
  LargestPossibleRegion: 
    Dimension: 3
    Index: [0, 0, 0]
    Size: [160, 240, 256]
  BufferedRegion: 
    Dimension: 3
    Index: [0, 0, 0]
    Size: [160, 240, 256]
  RequestedRegion: 
    Dimension: 3
    Index: [0, 0, 0]
    Size: [160, 240, 256]
  Spacing: [1, 1, 1]
  Origin: [87.9508, 102.562, -147.639]
  Direction: 
-0.998659 -0.0436121 -0.0279129
0.043595 -0.999049 0.00121847
-0.0279395 -2.65543e-08 0.99961

  IndexToPointMatrix: 
-0.998659 -0.0436121 -0.0279129
0.043595 -0.999049 0.00121847
-0.0279395 -2.65543e-08 0.99961

  PointToIndexMatrix: 
-0.998659 0.043595 -0.0279395
-0.0436121 -0.999049 -2.65517e-08
-0.0279129 0.00121847 0.99961

  Inverse Direction: 
-0.998659 0.043595 -0.0279395
-0.0436121 -0.999049 -2.65517e-08
-0.0279129 0.00121847 0.99961

  PixelContainer: 
    ImportImageContainer (0x46d76d0)
      RTTI typeinfo:   itk::ImportImageContainer<unsigned long, double>
      Reference Count: 1
      Modified Time: 1573
      Debug: Off
      Object Name: 
      Observers: 
        none
      Pointer: 0x148c77171010
      Container manages memory: true
      Size: 9830400
      Capacity: 9830400

     Weighting = 1
     Sampling strategy = regular
     Number of bins = 32
     Radius = 4
     Sampling percentage  = 0.25
   Transform = Rigid
     Gradient step = 0.1
     Update field sigma (voxel space) = 0
     Total field sigma (voxel space) = 0
     Update field time sigma = 0
     Total field time sigma  = 0
     Number of time indices = 0
     Number of time point samples = 0
Registration using 1 total stages.

Stage 0
  iterations = 1000x500x250x100
  convergence threshold = 1e-06
  convergence window size = 10
  number of levels = 4
  using the Mattes MI metric (number of bins = 32, weight = 1, use gradient filter = 0)
  preprocessing:  winsorizing the image intensities
  Shrink factors (level 1 out of 4): [8, 8, 8]
  Shrink factors (level 2 out of 4): [4, 4, 4]
  Shrink factors (level 3 out of 4): [2, 2, 2]
  Shrink factors (level 4 out of 4): [1, 1, 1]
  smoothing sigmas per level: [3, 2, 1, 0]
  regular sampling (percentage = 0.25)

*** Running Euler3DTransform registration ***

DIAGNOSTIC,Iteration,metricValue,convergenceValue,ITERATION_TIME_INDEX,SINCE_LAST
 2DIAGNOSTIC,     1, -4.299060189477e-01, 1.797693134862e+308, 8.9498e-01, 8.9498e-01, 
 2DIAGNOSTIC,     2, -4.311703807429e-01, 1.797693134862e+308, 8.9952e-01, 4.5381e-03, 
 2DIAGNOSTIC,     3, -4.334997061176e-01, 1.797693134862e+308, 9.0426e-01, 4.7419e-03, 
 2DIAGNOSTIC,     4, -4.389575130370e-01, 1.797693134862e+308, 9.0959e-01, 5.3248e-03, 
 2DIAGNOSTIC,     5, -4.438813134482e-01, 1.797693134862e+308, 9.1450e-01, 4.9140e-03, 
 2DIAGNOSTIC,     6, -4.461495460377e-01, 1.797693134862e+308, 9.2006e-01, 5.5549e-03, 
 2DIAGNOSTIC,     7, -4.511407144429e-01, 1.797693134862e+308, 9.2677e-01, 6.7158e-03, 
 2DIAGNOSTIC,     8, -4.667812032718e-01, 1.797693134862e+308, 9.3350e-01, 6.7298e-03, 
 2DIAGNOSTIC,     9, -4.753090114372e-01, 1.797693134862e+308, 9.3942e-01, 5.9130e-03, 
 2DIAGNOSTIC,    10, -4.802481719655e-01, 7.481707542057e-03, 9.4488e-01, 5.4669e-03, 
 2DIAGNOSTIC,    11, -4.821261368877e-01, 7.356704266140e-03, 9.4973e-01, 4.8430e-03, 
 2DIAGNOSTIC,    12, -4.837491005316e-01, 6.749992380104e-03, 9.5535e-01, 5.6231e-03, 
 2DIAGNOSTIC,    13, -5.028244927608e-01, 6.622215038731e-03, 9.6384e-01, 8.4951e-03, 
 2DIAGNOSTIC,    14, -5.042109134424e-01, 6.183615245764e-03, 9.6853e-01, 4.6849e-03, 
 2DIAGNOSTIC,    15, -5.066116081851e-01, 5.558135432376e-03, 9.7321e-01, 4.6830e-03, 
 2DIAGNOSTIC,    16, -5.083451635835e-01, 4.676295421270e-03, 9.7829e-01, 5.0769e-03, 
 2DIAGNOSTIC,    17, -5.184993492830e-01, 3.998770501129e-03, 9.8610e-01, 7.8139e-03, 
 2DIAGNOSTIC,    18, -5.256348855877e-01, 3.769024583897e-03, 9.9112e-01, 5.0211e-03, 
 2DIAGNOSTIC,    19, -5.260487276259e-01, 3.491513201050e-03, 9.9681e-01, 5.6891e-03, 
 2DIAGNOSTIC,    20, -5.292109528434e-01, 3.174906802615e-03, 1.0022e+00, 5.4080e-03, 
 2DIAGNOSTIC,    21, -5.301818293218e-01, 2.681600097391e-03, 1.0070e+00, 4.8060e-03, 
 2DIAGNOSTIC,    22, -5.312241451503e-01, 2.041189086946e-03, 1.0124e+00, 5.3711e-03, 
 2DIAGNOSTIC,    23, -5.321371448663e-01, 1.776979666757e-03, 1.0184e+00, 5.9729e-03, 
 2DIAGNOSTIC,    24, -5.330747254742e-01, 1.429098461804e-03, 1.0233e+00, 4.9601e-03, 
 2DIAGNOSTIC,    25, -5.340979460803e-01, 1.060387821271e-03, 1.0288e+00, 5.4779e-03, 
 2DIAGNOSTIC,    26, -5.353301896895e-01, 6.839351345543e-04, 1.0357e+00, 6.8769e-03, 
 2DIAGNOSTIC,    27, -5.359877958435e-01, 5.005585193942e-04, 1.0405e+00, 4.7989e-03, 
 2DIAGNOSTIC,    28, -5.363338995570e-01, 4.385716587115e-04, 1.0453e+00, 4.7789e-03, 
 2DIAGNOSTIC,    29, -5.373050953393e-01, 3.660302806702e-04, 1.0501e+00, 4.8151e-03, 
 2DIAGNOSTIC,    30, -5.398201290179e-01, 3.716000574941e-04, 1.0559e+00, 5.8422e-03, 
 2DIAGNOSTIC,    31, -5.446419713650e-01, 4.465245894853e-04, 1.0671e+00, 1.1197e-02, 
 2DIAGNOSTIC,    32, -5.446643053098e-01, 4.912576274523e-04, 1.0719e+00, 4.7359e-03, 
 2DIAGNOSTIC,    33, -5.447644608823e-01, 5.056381265121e-04, 1.0766e+00, 4.7319e-03, 
 2DIAGNOSTIC,    34, -5.449309199914e-01, 4.904018440543e-04, 1.0813e+00, 4.7410e-03, 
 2DIAGNOSTIC,    35, -5.452044204102e-01, 4.491471610357e-04, 1.0859e+00, 4.6201e-03, 
 2DIAGNOSTIC,    36, -5.456974219598e-01, 3.933054960473e-04, 1.0905e+00, 4.5762e-03, 
 2DIAGNOSTIC,    37, -5.462998729861e-01, 3.227879394903e-04, 1.0952e+00, 4.6370e-03, 
 2DIAGNOSTIC,    38, -5.470544213223e-01, 2.429362441106e-04, 1.0997e+00, 4.5719e-03, 
 2DIAGNOSTIC,    39, -5.483331959304e-01, 1.763392787633e-04, 1.1051e+00, 5.3179e-03, 
 2DIAGNOSTIC,    40, -5.485726309481e-01, 1.327693159864e-04, 1.1100e+00, 4.9040e-03, 
 2DIAGNOSTIC,    41, -5.488484769464e-01, 1.482787981488e-04, 1.1153e+00, 5.3151e-03, 
 2DIAGNOSTIC,    42, -5.491455227894e-01, 1.532245118915e-04, 1.1206e+00, 5.2891e-03, 
 2DIAGNOSTIC,    43, -5.502458336867e-01, 1.586736081914e-04, 1.1266e+00, 6.0189e-03, 
 2DIAGNOSTIC,    44, -5.634834291278e-01, 3.167359385837e-04, 1.1336e+00, 7.0701e-03, 
 2DIAGNOSTIC,    45, -5.666304343834e-01, 4.743779066030e-04, 1.1392e+00, 5.5590e-03, 
 2DIAGNOSTIC,    46, -5.686774228429e-01, 6.107519353588e-04, 1.1450e+00, 5.7681e-03, 
 2DIAGNOSTIC,    47, -5.690903898206e-01, 6.964704186567e-04, 1.1506e+00, 5.6272e-03, 
 2DIAGNOSTIC,    48, -5.693706970542e-01, 7.231897350985e-04, 1.1652e+00, 1.4579e-02, 
 2DIAGNOSTIC,    49, -5.696170815206e-01, 6.943365409198e-04, 1.1709e+00, 5.7111e-03, 
 2DIAGNOSTIC,    50, -5.704296200801e-01, 6.108329969806e-04, 1.1767e+00, 5.8210e-03, 
 2DIAGNOSTIC,    51, -5.708223088223e-01, 4.813311429334e-04, 1.1817e+00, 5.0089e-03, 
 2DIAGNOSTIC,    52, -5.715602406787e-01, 3.238089790130e-04, 1.1886e+00, 6.8660e-03, 
 2DIAGNOSTIC,    53, -5.719199219435e-01, 1.535197728730e-04, 1.1934e+00, 4.8130e-03, 
 2DIAGNOSTIC,    54, -5.721466275670e-01, 1.100486969386e-04, 1.1984e+00, 5.0139e-03, 
 2DIAGNOSTIC,    55, -5.733637932246e-01, 1.002178860182e-04, 1.2039e+00, 5.4791e-03, 
 2DIAGNOSTIC,    56, -5.743413521059e-01, 1.099882535879e-04, 1.2095e+00, 5.6272e-03, 
 2DIAGNOSTIC,    57, -5.755072986303e-01, 1.236743957243e-04, 1.2148e+00, 5.2888e-03, 
 2DIAGNOSTIC,    58, -5.788420103034e-01, 1.585698360044e-04, 1.2216e+00, 6.7649e-03, 
 2DIAGNOSTIC,    59, -5.792470366507e-01, 1.821948216848e-04, 1.2271e+00, 5.5320e-03, 
 2DIAGNOSTIC,    60, -5.803510959336e-01, 2.048932938545e-04, 1.2321e+00, 5.0261e-03, 
 2DIAGNOSTIC,    61, -5.819629464270e-01, 2.246571456145e-04, 1.2376e+00, 5.4860e-03, 
 2DIAGNOSTIC,    62, -5.829037732891e-01, 2.362435675628e-04, 1.2433e+00, 5.6689e-03, 
 2DIAGNOSTIC,    63, -5.839719600861e-01, 2.366430605439e-04, 1.2482e+00, 4.8919e-03, 
 2DIAGNOSTIC,    64, -5.847325243514e-01, 2.223838084000e-04, 1.2537e+00, 5.5010e-03, 
 2DIAGNOSTIC,    65, -5.851532911971e-01, 2.008610848451e-04, 1.2607e+00, 7.0350e-03, 
 2DIAGNOSTIC,    66, -5.853955916171e-01, 1.705559587118e-04, 1.2660e+00, 5.2361e-03, 
 2DIAGNOSTIC,    67, -5.855377544538e-01, 1.345506367671e-04, 1.2712e+00, 5.2750e-03, 
 2DIAGNOSTIC,    68, -5.856323883389e-01, 1.136226359214e-04, 1.2758e+00, 4.5898e-03, 
 2DIAGNOSTIC,    69, -5.856132314258e-01, 8.533490029926e-05, 1.2805e+00, 4.6470e-03, 
 2DIAGNOSTIC,    70, -5.857738635790e-01, 5.913228009401e-05, 1.2854e+00, 4.9570e-03, 
 2DIAGNOSTIC,    71, -5.861702513330e-01, 4.294490315879e-05, 1.2907e+00, 5.2352e-03, 
 2DIAGNOSTIC,    72, -5.868252583725e-01, 3.464558020617e-05, 1.2970e+00, 6.3550e-03, 
 2DIAGNOSTIC,    73, -5.869320955700e-01, 3.159493562093e-05, 1.3047e+00, 7.6599e-03, 
 2DIAGNOSTIC,    74, -5.869206510327e-01, 3.099016885882e-05, 1.3095e+00, 4.7979e-03, 
 2DIAGNOSTIC,    75, -5.870063320958e-01, 3.104190047696e-05, 1.3141e+00, 4.6120e-03, 
 2DIAGNOSTIC,    76, -5.871750832927e-01, 3.088793363644e-05, 1.3192e+00, 5.1301e-03, 
 2DIAGNOSTIC,    77, -5.871744917122e-01, 2.865028452998e-05, 1.3238e+00, 4.5400e-03, 
 2DIAGNOSTIC,    78, -5.871589980041e-01, 2.434099587689e-05, 1.3288e+00, 5.0921e-03, 
 2DIAGNOSTIC,    79, -5.872001338145e-01, 1.807908163351e-05, 1.3334e+00, 4.5140e-03, 
 2DIAGNOSTIC,    80, -5.871537810315e-01, 1.099722903191e-05, 1.3379e+00, 4.5080e-03, 
 2DIAGNOSTIC,    81, -5.871872189642e-01, 5.731974056827e-06, 1.3424e+00, 4.5578e-03, 
 2DIAGNOSTIC,    82, -5.872221068113e-01, 4.463285220559e-06, 1.3475e+00, 5.1110e-03, 
 2DIAGNOSTIC,    83, -5.872394386894e-01, 3.635077454881e-06, 1.3526e+00, 5.0609e-03, 
 2DIAGNOSTIC,    84, -5.872234104490e-01, 2.343958280752e-06, 1.3588e+00, 6.1710e-03, 
 2DIAGNOSTIC,    85, -5.873894440038e-01, 2.419127603348e-06, 1.3634e+00, 4.6000e-03, 
 2DIAGNOSTIC,    86, -5.874237208517e-01, 3.496946757175e-06, 1.3684e+00, 4.9849e-03, 
 2DIAGNOSTIC,    87, -5.874840892546e-01, 4.606662339281e-06, 1.3738e+00, 5.4669e-03, 
 2DIAGNOSTIC,    88, -5.873664530297e-01, 4.495872381056e-06, 1.3799e+00, 6.0339e-03, 
 2DIAGNOSTIC,    89, -5.873950063783e-01, 4.434967091797e-06, 1.3848e+00, 4.9698e-03, 
 2DIAGNOSTIC,    90, -5.874692724798e-01, 4.119432688842e-06, 1.3898e+00, 4.9930e-03, 
 2DIAGNOSTIC,    91, -5.875055281165e-01, 3.811156853297e-06, 1.3945e+00, 4.6589e-03, 
 2DIAGNOSTIC,    92, -5.874359524444e-01, 2.991889303885e-06, 1.3990e+00, 4.5590e-03, 
 2DIAGNOSTIC,    93, -5.874450072240e-01, 2.130819510759e-06, 1.4036e+00, 4.5710e-03, 
 2DIAGNOSTIC,    94, -5.874583309775e-01, 1.080714916866e-06, 1.4084e+00, 4.8239e-03, 
DIAGNOSTIC,Iteration,metricValue,convergenceValue,ITERATION_TIME_INDEX,SINCE_LAST
 2DIAGNOSTIC,     1, -4.739149250976e-01, 1.797693134862e+308, 2.1137e+00, 7.0528e-01, 
 2DIAGNOSTIC,     2, -4.746284058230e-01, 1.797693134862e+308, 2.1431e+00, 2.9389e-02, 
 2DIAGNOSTIC,     3, -4.757650131783e-01, 1.797693134862e+308, 2.1737e+00, 3.0639e-02, 
 2DIAGNOSTIC,     4, -4.778821270376e-01, 1.797693134862e+308, 2.2059e+00, 3.2123e-02, 
 2DIAGNOSTIC,     5, -4.806059438079e-01, 1.797693134862e+308, 2.2357e+00, 2.9842e-02, 
 2DIAGNOSTIC,     6, -4.825568448956e-01, 1.797693134862e+308, 2.2698e+00, 3.4101e-02, 
 2DIAGNOSTIC,     7, -4.835930408026e-01, 1.797693134862e+308, 2.2995e+00, 2.9746e-02, 
 2DIAGNOSTIC,     8, -4.838310795166e-01, 1.797693134862e+308, 2.3302e+00, 3.0656e-02, 
 2DIAGNOSTIC,     9, -4.846771125240e-01, 1.797693134862e+308, 2.3675e+00, 3.7294e-02, 
 2DIAGNOSTIC,    10, -4.849079618664e-01, 1.685316147594e-03, 2.3971e+00, 2.9587e-02, 
 2DIAGNOSTIC,    11, -4.849655420556e-01, 1.334487250339e-03, 2.4341e+00, 3.7051e-02, 
 2DIAGNOSTIC,    12, -4.851103722733e-01, 9.668483809326e-04, 2.4787e+00, 4.4566e-02, 
 2DIAGNOSTIC,    13, -4.852159327746e-01, 6.253078932760e-04, 2.5119e+00, 3.3197e-02, 
 2DIAGNOSTIC,    14, -4.852624810822e-01, 3.652989577759e-04, 2.5412e+00, 2.9318e-02, 
 2DIAGNOSTIC,    15, -4.853600037438e-01, 2.162562841494e-04, 2.5724e+00, 3.1207e-02, 
 2DIAGNOSTIC,    16, -4.854358171900e-01, 1.404292757399e-04, 2.6076e+00, 3.5173e-02, 
 2DIAGNOSTIC,    17, -4.854834234702e-01, 9.854340830129e-05, 2.6388e+00, 3.1171e-02, 
 2DIAGNOSTIC,    18, -4.855499653384e-01, 6.166444326058e-05, 2.6701e+00, 3.1304e-02, 
 2DIAGNOSTIC,    19, -4.856038936429e-01, 5.087349043115e-05, 2.7017e+00, 3.1600e-02, 
 2DIAGNOSTIC,    20, -4.858131565364e-01, 4.954375470353e-05, 2.7370e+00, 3.5280e-02, 
 2DIAGNOSTIC,    21, -4.860876951579e-01, 5.295198320972e-05, 2.7731e+00, 3.6118e-02, 
 2DIAGNOSTIC,    22, -4.864598421786e-01, 6.489151619213e-05, 2.8091e+00, 3.6046e-02, 
 2DIAGNOSTIC,    23, -4.864948378522e-01, 7.333489307471e-05, 2.8454e+00, 3.6314e-02, 
 2DIAGNOSTIC,    24, -4.877443182579e-01, 1.061846453512e-04, 2.8858e+00, 4.0325e-02, 
 2DIAGNOSTIC,    25, -4.884732469430e-01, 1.451478516632e-04, 2.9173e+00, 3.1590e-02, 
 2DIAGNOSTIC,    26, -4.894488086486e-01, 1.910318126496e-04, 2.9562e+00, 3.8807e-02, 
 2DIAGNOSTIC,    27, -4.899163041684e-01, 2.267138834139e-04, 2.9914e+00, 3.5276e-02, 
 2DIAGNOSTIC,    28, -4.899714006748e-01, 2.412923829651e-04, 3.0236e+00, 3.2128e-02, 
 2DIAGNOSTIC,    29, -4.902279780148e-01, 2.384472404279e-04, 3.0595e+00, 3.5982e-02, 
 2DIAGNOSTIC,    30, -4.905670483651e-01, 2.236325847866e-04, 3.0948e+00, 3.5251e-02, 
 2DIAGNOSTIC,    31, -4.908351579254e-01, 1.986689642667e-04, 3.1312e+00, 3.6366e-02, 
 2DIAGNOSTIC,    32, -4.915265429564e-01, 1.762982624591e-04, 3.1828e+00, 5.1683e-02, 
 2DIAGNOSTIC,    33, -4.917037925573e-01, 1.419875842196e-04, 3.2135e+00, 3.0662e-02, 
 2DIAGNOSTIC,    34, -4.920473800634e-01, 1.237692356088e-04, 3.2479e+00, 3.4371e-02, 
 2DIAGNOSTIC,    35, -4.921535127027e-01, 1.084723695850e-04, 3.2906e+00, 4.2767e-02, 
 2DIAGNOSTIC,    36, -4.921847837145e-01, 9.996022868528e-05, 3.3313e+00, 4.0704e-02, 
 2DIAGNOSTIC,    37, -4.921862662356e-01, 8.989565687465e-05, 3.3786e+00, 4.7263e-02, 
 2DIAGNOSTIC,    38, -4.921793409059e-01, 7.257509442135e-05, 3.4124e+00, 3.3809e-02, 
 2DIAGNOSTIC,    39, -4.921725534138e-01, 5.304181370107e-05, 3.4461e+00, 3.3639e-02, 
 2DIAGNOSTIC,    40, -4.921734919706e-01, 3.449067089632e-05, 3.4791e+00, 3.3086e-02, 
 2DIAGNOSTIC,    41, -4.921593409095e-01, 1.706979385989e-05, 3.5124e+00, 3.3291e-02, 
 2DIAGNOSTIC,    42, -4.921611666656e-01, 8.583122941823e-06, 3.5419e+00, 2.9517e-02, 
 2DIAGNOSTIC,    43, -4.921565648050e-01, 1.981922275074e-06, 3.5713e+00, 2.9377e-02, 
DIAGNOSTIC,Iteration,metricValue,convergenceValue,ITERATION_TIME_INDEX,SINCE_LAST
 2DIAGNOSTIC,     1, -4.339364208660e-01, 1.797693134862e+308, 4.6321e+00, 1.0608e+00, 
 2DIAGNOSTIC,     2, -4.341069512565e-01, 1.797693134862e+308, 4.8854e+00, 2.5333e-01, 
 2DIAGNOSTIC,     3, -4.341962917415e-01, 1.797693134862e+308, 5.1362e+00, 2.5083e-01, 
 2DIAGNOSTIC,     4, -4.342650266369e-01, 1.797693134862e+308, 5.3995e+00, 2.6330e-01, 
 2DIAGNOSTIC,     5, -4.343296617794e-01, 1.797693134862e+308, 5.6430e+00, 2.4351e-01, 
 2DIAGNOSTIC,     6, -4.344356513335e-01, 1.797693134862e+308, 5.9262e+00, 2.8320e-01, 
 2DIAGNOSTIC,     7, -4.345781560437e-01, 1.797693134862e+308, 6.1569e+00, 2.3067e-01, 
 2DIAGNOSTIC,     8, -4.346920161280e-01, 1.797693134862e+308, 6.3914e+00, 2.3447e-01, 
 2DIAGNOSTIC,     9, -4.347673536722e-01, 1.797693134862e+308, 6.8238e+00, 4.3244e-01, 
 2DIAGNOSTIC,    10, -4.347782076751e-01, 1.294812539862e-04, 7.0723e+00, 2.4850e-01, 
 2DIAGNOSTIC,    11, -4.347888074051e-01, 1.061136980200e-04, 7.3523e+00, 2.7999e-01, 
 2DIAGNOSTIC,    12, -4.348184844374e-01, 8.814674977202e-05, 7.6431e+00, 2.9077e-01, 
 2DIAGNOSTIC,    13, -4.348211489470e-01, 6.971815983733e-05, 8.0635e+00, 4.2042e-01, 
 2DIAGNOSTIC,    14, -4.348231454935e-01, 5.114051642519e-05, 8.3451e+00, 2.8158e-01, 
 2DIAGNOSTIC,    15, -4.348223095545e-01, 3.338354272628e-05, 8.6432e+00, 2.9807e-01, 
 2DIAGNOSTIC,    16, -4.348224164598e-01, 1.924717940112e-05, 8.9304e+00, 2.8718e-01, 
 2DIAGNOSTIC,    17, -4.348222974448e-01, 1.055944695685e-05, 9.1964e+00, 2.6604e-01, 
 2DIAGNOSTIC,    18, -4.348213752415e-01, 6.064517055739e-06, 9.4299e+00, 2.3352e-01, 
 2DIAGNOSTIC,    19, -4.348213799070e-01, 4.247905080586e-06, 9.7020e+00, 2.7209e-01, 
 2DIAGNOSTIC,    20, -4.348211623863e-01, 2.724699853879e-06, 9.9671e+00, 2.6513e-01, 
 2DIAGNOSTIC,    21, -4.348207333053e-01, 1.533041917093e-06, 1.0205e+01, 2.3835e-01, 
 2DIAGNOSTIC,    22, -4.348213172492e-01, 1.346051881866e-06, 1.0438e+01, 2.3225e-01, 
 2DIAGNOSTIC,    23, -4.348215614719e-01, 1.265292627020e-06, 1.0710e+01, 2.7188e-01, 
 2DIAGNOSTIC,    24, -4.348194632833e-01, 1.200151689723e-06, 1.0993e+01, 2.8379e-01, 
 2DIAGNOSTIC,    25, -4.348201885032e-01, 1.150660677601e-06, 1.1412e+01, 4.1893e-01, 
 2DIAGNOSTIC,    26, -4.348202790034e-01, 1.120335886597e-06, 1.1664e+01, 2.5120e-01, 
 2DIAGNOSTIC,    27, -4.348180651056e-01, 1.045174995780e-06, 1.1910e+01, 2.4689e-01, 
DIAGNOSTIC,Iteration,metricValue,convergenceValue,ITERATION_TIME_INDEX,SINCE_LAST
 2DIAGNOSTIC,     1, -4.015695084120e-01, 1.797693134862e+308, 1.4541e+01, 2.6311e+00, 
 2DIAGNOSTIC,     2, -4.016262668971e-01, 1.797693134862e+308, 1.6076e+01, 1.5347e+00, 
 2DIAGNOSTIC,     3, -4.016711470705e-01, 1.797693134862e+308, 1.7629e+01, 1.5531e+00, 
 2DIAGNOSTIC,     4, -4.017109489399e-01, 1.797693134862e+308, 1.8945e+01, 1.3158e+00, 
 2DIAGNOSTIC,     5, -4.017437875650e-01, 1.797693134862e+308, 2.0700e+01, 1.7550e+00, 
 2DIAGNOSTIC,     6, -4.017742216283e-01, 1.797693134862e+308, 2.2383e+01, 1.6833e+00, 
 2DIAGNOSTIC,     7, -4.017832645254e-01, 1.797693134862e+308, 2.4297e+01, 1.9140e+00, 
 2DIAGNOSTIC,     8, -4.017957491205e-01, 1.797693134862e+308, 2.5812e+01, 1.5148e+00, 
 2DIAGNOSTIC,     9, -4.018143443175e-01, 1.797693134862e+308, 2.7706e+01, 1.8942e+00, 
 2DIAGNOSTIC,    10, -4.018443608310e-01, 4.318294209409e-05, 2.9238e+01, 1.5320e+00, 
 2DIAGNOSTIC,    11, -4.018659239594e-01, 3.436153844445e-05, 3.0712e+01, 1.4739e+00, 
 2DIAGNOSTIC,    12, -4.018896837828e-01, 2.890400537719e-05, 3.3606e+01, 2.8934e+00, 
 2DIAGNOSTIC,    13, -4.018890598034e-01, 2.429737225647e-05, 3.8255e+01, 4.6489e+00, 
 2DIAGNOSTIC,    14, -4.018890597941e-01, 2.036315722931e-05, 4.2669e+01, 4.4139e+00, 
 2DIAGNOSTIC,    15, -4.018890597941e-01, 1.681122088926e-05, 4.4397e+01, 1.7283e+00, 
 2DIAGNOSTIC,    16, -4.018890597941e-01, 1.368492195000e-05, 4.6334e+01, 1.9374e+00, 
 2DIAGNOSTIC,    17, -4.018890597941e-01, 1.022086346671e-05, 4.8106e+01, 1.7722e+00, 
 2DIAGNOSTIC,    18, -4.018890597941e-01, 6.865073617503e-06, 4.9796e+01, 1.6899e+00, 
 2DIAGNOSTIC,    19, -4.018890597941e-01, 4.074644038690e-06, 5.1637e+01, 1.8402e+00, 
 2DIAGNOSTIC,    20, -4.018890597941e-01, 2.389760233312e-06, 5.3738e+01, 2.1010e+00, 
 2DIAGNOSTIC,    21, -4.018890597941e-01, 1.494024411311e-06, 5.5432e+01, 1.6946e+00, 
 2DIAGNOSTIC,    22, -4.018890597941e-01, 1.446163640555e-06, 5.7124e+01, 1.6920e+00, 
 2DIAGNOSTIC,    23, -4.018890597941e-01, 1.383276499810e-06, 5.8770e+01, 1.6461e+00, 
 2DIAGNOSTIC,    24, -4.018890597941e-01, 1.325630538902e-06, 6.0308e+01, 1.5373e+00, 
 2DIAGNOSTIC,    25, -4.018890597941e-01, 1.272596980011e-06, 6.1803e+01, 1.4953e+00, 
 2DIAGNOSTIC,    26, -4.018890597941e-01, 1.223643542436e-06, 6.3308e+01, 1.5050e+00, 
 2DIAGNOSTIC,    27, -4.018890597941e-01, 1.178316813330e-06, 6.5332e+01, 2.0237e+00, 
 2DIAGNOSTIC,    28, -4.018890597941e-01, 1.136228162259e-06, 6.6868e+01, 1.5370e+00, 
 2DIAGNOSTIC,    29, -4.018890597941e-01, 1.097042570217e-06, 6.8331e+01, 1.4623e+00, 
 2DIAGNOSTIC,    30, -4.018890597941e-01, 1.060469693254e-06, 6.9951e+01, 1.6203e+00, 
 2DIAGNOSTIC,    31, -4.018890597941e-01, 1.026256655913e-06, 7.1499e+01, 1.5483e+00, 
  Elapsed time (stage 0): 7.2335e+01


Total elapsed time: 7.2337e+01
Info [verificarlo]: loaded backend libinterflop_ieee.so
Info [interflop-ieee]: load backend with:
Info [interflop-ieee]: debug = false
Info [interflop-ieee]: debug-binary = false
Info [interflop-ieee]: no-backend-name = false
Info [interflop-ieee]: print-new-line = false
Info [interflop-ieee]: print-subnormal-normalized = false
Info [interflop-ieee]: count-op = false
All_Command_lines_OK
Using double precision for computations.
=============================================================================
The composite transform comprises the following transforms (in order): 
  1. /home/mdugre/scratch/mri-registration-rp/datasets/ds004513/derivatives/mri-registration-rp/0001/antsRegistration-r8-p11/sub-s037/rigid_Composite.h5[0] (type = Euler3DTransform)
  2. /home/mdugre/scratch/mri-registration-rp/datasets/ds004513/derivatives/mri-registration-rp/0001/antsRegistration-r8-p11/sub-s037/rigid_Composite.h5[1] (type = Euler3DTransform)
  3. /home/mdugre/scratch/mri-registration-rp/datasets/ds004513/derivatives/mri-registration-rp/0001/antsRegistration-r8-p11/sub-s037/rigid_Composite.h5[2] (type = Euler3DTransform)
=============================================================================
  number of levels = 4
  fixed image: /templateflow/tpl-MNI152NLin2009cAsym/tpl-MNI152NLin2009cAsym_res-01_desc-brain_T1w.nii.gz
  moving image: /home/mdugre/scratch/mri-registration-rp/datasets/ds004513/derivatives/mri-registration-rp/antsBrainExtraction/sub-s037/BrainExtractionBrain.nii.gz
Dimension = 3
Number of stages = 1
Use histogram matching = false
Winsorize image intensities = true
  Lower quantile = 0.005
  Upper quantile = 0.995


Stage 1 State
   Image metric = MattesMI
     Fixed image = Image (0x394a7e0)
  RTTI typeinfo:   itk::Image<double, 3u>
  Reference Count: 2
  Modified Time: 1592
  Debug: Off
  Object Name: 
  Observers: 
    none
  Source: (none)
  Source output name: (none)
  Release Data: Off
  Data Released: False
  Global Release Data: Off
  PipelineMTime: 0
  UpdateMTime: 1203
  RealTimeStamp: 0 seconds 
  LargestPossibleRegion: 
    Dimension: 3
    Index: [0, 0, 0]
    Size: [193, 229, 193]
  BufferedRegion: 
    Dimension: 3
    Index: [0, 0, 0]
    Size: [193, 229, 193]
  RequestedRegion: 
    Dimension: 3
    Index: [0, 0, 0]
    Size: [193, 229, 193]
  Spacing: [1, 1, 1]
  Origin: [96, 132, -78]
  Direction: 
-1 0 0
0 -1 0
0 0 1

  IndexToPointMatrix: 
-1 0 0
0 -1 0
0 0 1

  PointToIndexMatrix: 
-1 0 0
0 -1 0
0 0 1

  Inverse Direction: 
-1 0 0
0 -1 0
0 0 1

  PixelContainer: 
    ImportImageContainer (0x3a0aa20)
      RTTI typeinfo:   itk::ImportImageContainer<unsigned long, double>
      Reference Count: 1
      Modified Time: 1200
      Debug: Off
      Object Name: 
      Observers: 
        none
      Pointer: 0x15014d0e0010
      Container manages memory: true
      Size: 8530021
      Capacity: 8530021

     Moving image = Image (0x3a05d70)
  RTTI typeinfo:   itk::Image<double, 3u>
  Reference Count: 2
  Modified Time: 1593
  Debug: Off
  Object Name: 
  Observers: 
    none
  Source: (none)
  Source output name: (none)
  Release Data: Off
  Data Released: False
  Global Release Data: Off
  PipelineMTime: 0
  UpdateMTime: 1590
  RealTimeStamp: 0 seconds 
  LargestPossibleRegion: 
    Dimension: 3
    Index: [0, 0, 0]
    Size: [160, 240, 256]
  BufferedRegion: 
    Dimension: 3
    Index: [0, 0, 0]
    Size: [160, 240, 256]
  RequestedRegion: 
    Dimension: 3
    Index: [0, 0, 0]
    Size: [160, 240, 256]
  Spacing: [1, 1, 1]
  Origin: [87.9508, 102.562, -147.639]
  Direction: 
-0.998659 -0.0436121 -0.0279129
0.043595 -0.999049 0.00121847
-0.0279395 -2.65543e-08 0.99961

  IndexToPointMatrix: 
-0.998659 -0.0436121 -0.0279129
0.043595 -0.999049 0.00121847
-0.0279395 -2.65543e-08 0.99961

  PointToIndexMatrix: 
-0.998659 0.043595 -0.0279395
-0.0436121 -0.999049 -2.65517e-08
-0.0279129 0.00121847 0.99961

  Inverse Direction: 
-0.998659 0.043595 -0.0279395
-0.0436121 -0.999049 -2.65517e-08
-0.0279129 0.00121847 0.99961

  PixelContainer: 
    ImportImageContainer (0x39bdc90)
      RTTI typeinfo:   itk::ImportImageContainer<unsigned long, double>
      Reference Count: 1
      Modified Time: 1587
      Debug: Off
      Object Name: 
      Observers: 
        none
      Pointer: 0x1501485df010
      Container manages memory: true
      Size: 9830400
      Capacity: 9830400

     Weighting = 1
     Sampling strategy = regular
     Number of bins = 32
     Radius = 4
     Sampling percentage  = 0.25
   Transform = Affine
     Gradient step = 0.1
     Update field sigma (voxel space) = 0
     Total field sigma (voxel space) = 0
     Update field time sigma = 0
     Total field time sigma  = 0
     Number of time indices = 0
     Number of time point samples = 0
Registration using 1 total stages.

Stage 0
  iterations = 1000x500x250x100
  convergence threshold = 1e-06
  convergence window size = 10
  number of levels = 4
  using the Mattes MI metric (number of bins = 32, weight = 1, use gradient filter = 0)
  preprocessing:  winsorizing the image intensities
  Shrink factors (level 1 out of 4): [8, 8, 8]
  Shrink factors (level 2 out of 4): [4, 4, 4]
  Shrink factors (level 3 out of 4): [2, 2, 2]
  Shrink factors (level 4 out of 4): [1, 1, 1]
  smoothing sigmas per level: [3, 2, 1, 0]
  regular sampling (percentage = 0.25)

*** Running AffineTransform registration ***

DIAGNOSTIC,Iteration,metricValue,convergenceValue,ITERATION_TIME_INDEX,SINCE_LAST
 2DIAGNOSTIC,     1, -5.845051402321e-01, 1.797693134862e+308, 9.3364e-01, 9.3364e-01, 
 2DIAGNOSTIC,     2, -5.860716757506e-01, 1.797693134862e+308, 9.3956e-01, 5.9259e-03, 
 2DIAGNOSTIC,     3, -5.885797503783e-01, 1.797693134862e+308, 9.4507e-01, 5.5060e-03, 
 2DIAGNOSTIC,     4, -5.931303364073e-01, 1.797693134862e+308, 9.5007e-01, 5.0070e-03, 
 2DIAGNOSTIC,     5, -6.029180577072e-01, 1.797693134862e+308, 9.5510e-01, 5.0211e-03, 
 2DIAGNOSTIC,     6, -6.163576750631e-01, 1.797693134862e+308, 9.6023e-01, 5.1329e-03, 
 2DIAGNOSTIC,     7, -6.330108776809e-01, 1.797693134862e+308, 9.6620e-01, 5.9700e-03, 
 2DIAGNOSTIC,     8, -6.808884199777e-01, 1.797693134862e+308, 9.7479e-01, 8.5909e-03, 
 2DIAGNOSTIC,     9, -6.825640491566e-01, 1.797693134862e+308, 9.7998e-01, 5.1870e-03, 
 2DIAGNOSTIC,    10, -6.852823110895e-01, 1.230764368429e-02, 9.8557e-01, 5.5900e-03, 
 2DIAGNOSTIC,    11, -6.954063763103e-01, 1.209969784850e-02, 9.9120e-01, 5.6291e-03, 
 2DIAGNOSTIC,    12, -7.082405036907e-01, 1.134808907826e-02, 9.9674e-01, 5.5461e-03, 
 2DIAGNOSTIC,    13, -7.129021662821e-01, 9.916463062786e-03, 1.0030e+00, 6.2840e-03, 
 2DIAGNOSTIC,    14, -7.150193757976e-01, 8.026512063998e-03, 1.0101e+00, 7.0531e-03, 
 2DIAGNOSTIC,    15, -7.179963540158e-01, 6.073702214685e-03, 1.0196e+00, 9.5160e-03, 
 2DIAGNOSTIC,    16, -7.182631897475e-01, 4.201923649687e-03, 1.0254e+00, 5.7549e-03, 
 2DIAGNOSTIC,    17, -7.187528161285e-01, 2.579825613459e-03, 1.0309e+00, 5.5180e-03, 
 2DIAGNOSTIC,    18, -7.192898550703e-01, 2.067508099776e-03, 1.0363e+00, 5.4519e-03, 
 2DIAGNOSTIC,    19, -7.199797626188e-01, 1.479806081643e-03, 1.0416e+00, 5.3260e-03, 
 2DIAGNOSTIC,    20, -7.199714933944e-01, 8.733114550332e-04, 1.0476e+00, 5.9500e-03, 
 2DIAGNOSTIC,    21, -7.198469328250e-01, 4.434632583374e-04, 1.0537e+00, 6.1309e-03, 
 2DIAGNOSTIC,    22, -7.197476511906e-01, 2.570358711280e-04, 1.0611e+00, 7.3981e-03, 
 2DIAGNOSTIC,    23, -7.194793278625e-01, 1.436804380103e-04, 1.0669e+00, 5.7471e-03, 
 2DIAGNOSTIC,    24, -7.194033503519e-01, 6.123550246174e-05, 1.0730e+00, 6.1262e-03, 
 2DIAGNOSTIC,    25, -7.193222518828e-01, 2.862711231823e-05, 1.0787e+00, 5.7299e-03, 
DIAGNOSTIC,Iteration,metricValue,convergenceValue,ITERATION_TIME_INDEX,SINCE_LAST
 2DIAGNOSTIC,     1, -5.927312590801e-01, 1.797693134862e+308, 1.9138e+00, 8.3510e-01, 
 2DIAGNOSTIC,     2, -5.936124983406e-01, 1.797693134862e+308, 1.9580e+00, 4.4215e-02, 
 2DIAGNOSTIC,     3, -5.946096433305e-01, 1.797693134862e+308, 1.9992e+00, 4.1187e-02, 
 2DIAGNOSTIC,     4, -5.954767750891e-01, 1.797693134862e+308, 2.0388e+00, 3.9532e-02, 
 2DIAGNOSTIC,     5, -5.969357455364e-01, 1.797693134862e+308, 2.0778e+00, 3.9074e-02, 
 2DIAGNOSTIC,     6, -5.979113719567e-01, 1.797693134862e+308, 2.1183e+00, 4.0423e-02, 
 2DIAGNOSTIC,     7, -5.983960817591e-01, 1.797693134862e+308, 2.1664e+00, 4.8119e-02, 
 2DIAGNOSTIC,     8, -5.999286684056e-01, 1.797693134862e+308, 2.2163e+00, 4.9884e-02, 
 2DIAGNOSTIC,     9, -6.004959668689e-01, 1.797693134862e+308, 2.2679e+00, 5.1589e-02, 
 2DIAGNOSTIC,    10, -6.005374754885e-01, 9.113369166485e-04, 2.3202e+00, 5.2339e-02, 
 2DIAGNOSTIC,    11, -6.005261724518e-01, 7.422164615421e-04, 2.3647e+00, 4.4534e-02, 
 2DIAGNOSTIC,    12, -6.005250376580e-01, 5.699615919824e-04, 2.4073e+00, 4.2529e-02, 
 2DIAGNOSTIC,    13, -6.005497825769e-01, 4.097360723010e-04, 2.4540e+00, 4.6769e-02, 
 2DIAGNOSTIC,    14, -6.005600777487e-01, 2.639891959290e-04, 2.4964e+00, 4.2386e-02, 
 2DIAGNOSTIC,    15, -6.005416461061e-01, 1.594932812351e-04, 2.5353e+00, 3.8861e-02, 
 2DIAGNOSTIC,    16, -6.005555775476e-01, 8.349868927249e-05, 2.5792e+00, 4.3940e-02, 
 2DIAGNOSTIC,    17, -6.005550939050e-01, 2.146857815379e-05, 2.6220e+00, 4.2778e-02, 
 2DIAGNOSTIC,    18, -6.005406699732e-01, 4.152070844331e-06, 2.6614e+00, 3.9380e-02, 
 2DIAGNOSTIC,    19, -6.005373599209e-01, 2.511688337155e-06, 2.7038e+00, 4.2399e-02, 
 2DIAGNOSTIC,    20, -6.005618308522e-01, 2.544346099122e-06, 2.7440e+00, 4.0238e-02, 
 2DIAGNOSTIC,    21, -6.005676100998e-01, 2.346180757749e-06, 2.7820e+00, 3.8014e-02, 
 2DIAGNOSTIC,    22, -6.005552461967e-01, 1.780455414727e-06, 2.8341e+00, 5.2061e-02, 
 2DIAGNOSTIC,    23, -6.005315783112e-01, 1.271632051256e-06, 2.8760e+00, 4.1919e-02, 
DIAGNOSTIC,Iteration,metricValue,convergenceValue,ITERATION_TIME_INDEX,SINCE_LAST
 2DIAGNOSTIC,     1, -5.251502646427e-01, 1.797693134862e+308, 4.1447e+00, 1.2687e+00, 
 2DIAGNOSTIC,     2, -5.254293045582e-01, 1.797693134862e+308, 4.4621e+00, 3.1736e-01, 
 2DIAGNOSTIC,     3, -5.257783525506e-01, 1.797693134862e+308, 4.7806e+00, 3.1855e-01, 
 2DIAGNOSTIC,     4, -5.262056755763e-01, 1.797693134862e+308, 5.1023e+00, 3.2165e-01, 
 2DIAGNOSTIC,     5, -5.267097389698e-01, 1.797693134862e+308, 5.3998e+00, 2.9754e-01, 
 2DIAGNOSTIC,     6, -5.272095105983e-01, 1.797693134862e+308, 5.7122e+00, 3.1234e-01, 
 2DIAGNOSTIC,     7, -5.276319863140e-01, 1.797693134862e+308, 6.1536e+00, 4.4146e-01, 
 2DIAGNOSTIC,     8, -5.277223580031e-01, 1.797693134862e+308, 6.5672e+00, 4.1357e-01, 
 2DIAGNOSTIC,     9, -5.277380808409e-01, 1.797693134862e+308, 6.9917e+00, 4.2447e-01, 
 2DIAGNOSTIC,    10, -5.277437143973e-01, 3.659778911967e-04, 7.3602e+00, 3.6859e-01, 
 2DIAGNOSTIC,    11, -5.277423547593e-01, 2.799146770664e-04, 7.7057e+00, 3.4548e-01, 
 2DIAGNOSTIC,    12, -5.277432484701e-01, 1.957138261785e-04, 8.0550e+00, 3.4926e-01, 
 2DIAGNOSTIC,    13, -5.277419447202e-01, 1.214361064966e-04, 8.4030e+00, 3.4805e-01, 
 2DIAGNOSTIC,    14, -5.277413076697e-01, 6.333133604944e-05, 8.7474e+00, 3.4432e-01, 
 2DIAGNOSTIC,    15, -5.277418152710e-01, 2.526490909684e-05, 9.0821e+00, 3.3476e-01, 
 2DIAGNOSTIC,    16, -5.277431862241e-01, 6.364103472906e-06, 9.3982e+00, 3.1611e-01, 
 2DIAGNOSTIC,    17, -5.277459951969e-01, 2.699719888991e-06, 9.7353e+00, 3.3708e-01, 
