
##########################
# Experiment information #
##########################

EXPERIMENT_NAME: antsRegistration-r7-p17
VFC_BACKENDS: libinterflop_vprec.so --range-binary32=7 --precision-binary32=17 --range-binary64=7 --precision-binary64=17

SIF_IMG: /home/mdugre/projects/rrg-glatard/mdugre/containers/ants-vprec-no_metrics.simg

SUBJECT_ID: s025
INPUT_IMG: /home/mdugre/scratch/mri-registration-rp/datasets/ds004513/derivatives/mri-registration-rp/antsBrainExtraction/sub-s025/BrainExtractionBrain.nii.gz
OUTPUT_DIR: /home/mdugre/scratch/mri-registration-rp/datasets/ds004513/derivatives/mri-registration-rp/0001/antsRegistration-r7-p17/sub-s025

FIXED_IMG: /templateflow/tpl-MNI152NLin2009cAsym/tpl-MNI152NLin2009cAsym_res-01_desc-brain_T1w.nii.gz
DATA_DIR: /home/mdugre/scratch/mri-registration-rp/datasets/ds004513
TEMPLATEFLOW_DIR: /home/mdugre/projects/rrg-glatard/mdugre/templateflow
ITK_GLOBAL_DEFAULT_NUMBER_OF_THREADS: 16
##########################

Info [verificarlo]: loaded backend libinterflop_ieee.so
Info [interflop-ieee]: load backend with:
Info [interflop-ieee]: debug = false
Info [interflop-ieee]: debug-binary = false
Info [interflop-ieee]: no-backend-name = false
Info [interflop-ieee]: print-new-line = false
Info [interflop-ieee]: print-subnormal-normalized = false
Info [interflop-ieee]: count-op = false
All_Command_lines_OK
Using double precision for computations.
=============================================================================
The composite transform comprises the following transforms (in order): 
  1. Center of mass alignment using fixed image: /templateflow/tpl-MNI152NLin2009cAsym/tpl-MNI152NLin2009cAsym_res-01_desc-brain_T1w.nii.gz and moving image: /home/mdugre/scratch/mri-registration-rp/datasets/ds004513/derivatives/mri-registration-rp/antsBrainExtraction/sub-s025/BrainExtractionBrain.nii.gz (type = Euler3DTransform)
=============================================================================
  number of levels = 1
  fixed image: /templateflow/tpl-MNI152NLin2009cAsym/tpl-MNI152NLin2009cAsym_res-01_desc-brain_T1w.nii.gz
  moving image: /home/mdugre/scratch/mri-registration-rp/datasets/ds004513/derivatives/mri-registration-rp/antsBrainExtraction/sub-s025/BrainExtractionBrain.nii.gz
Dimension = 3
Number of stages = 1
Use histogram matching = false
Winsorize image intensities = true
  Lower quantile = 0.005
  Upper quantile = 0.995


Stage 1 State
   Image metric = MattesMI
     Fixed image = Image (0x3748e70)
  RTTI typeinfo:   itk::Image<double, 3u>
  Reference Count: 2
  Modified Time: 2334
  Debug: Off
  Object Name: 
  Observers: 
    none
  Source: (none)
  Source output name: (none)
  Release Data: Off
  Data Released: False
  Global Release Data: Off
  PipelineMTime: 0
  UpdateMTime: 1943
  RealTimeStamp: 0 seconds 
  LargestPossibleRegion: 
    Dimension: 3
    Index: [0, 0, 0]
    Size: [193, 229, 193]
  BufferedRegion: 
    Dimension: 3
    Index: [0, 0, 0]
    Size: [193, 229, 193]
  RequestedRegion: 
    Dimension: 3
    Index: [0, 0, 0]
    Size: [193, 229, 193]
  Spacing: [1, 1, 1]
  Origin: [96, 132, -78]
  Direction: 
-1 0 0
0 -1 0
0 0 1

  IndexToPointMatrix: 
-1 0 0
0 -1 0
0 0 1

  PointToIndexMatrix: 
-1 0 0
0 -1 0
0 0 1

  Inverse Direction: 
-1 0 0
0 -1 0
0 0 1

  PixelContainer: 
    ImportImageContainer (0x3751c60)
      RTTI typeinfo:   itk::ImportImageContainer<unsigned long, double>
      Reference Count: 1
      Modified Time: 1940
      Debug: Off
      Object Name: 
      Observers: 
        none
      Pointer: 0x14dfd5846010
      Container manages memory: true
      Size: 8530021
      Capacity: 8530021

     Moving image = Image (0x3754610)
  RTTI typeinfo:   itk::Image<double, 3u>
  Reference Count: 2
  Modified Time: 2335
  Debug: Off
  Object Name: 
  Observers: 
    none
  Source: (none)
  Source output name: (none)
  Release Data: Off
  Data Released: False
  Global Release Data: Off
  PipelineMTime: 0
  UpdateMTime: 2332
  RealTimeStamp: 0 seconds 
  LargestPossibleRegion: 
    Dimension: 3
    Index: [0, 0, 0]
    Size: [176, 240, 256]
  BufferedRegion: 
    Dimension: 3
    Index: [0, 0, 0]
    Size: [176, 240, 256]
  RequestedRegion: 
    Dimension: 3
    Index: [0, 0, 0]
    Size: [176, 240, 256]
  Spacing: [0.999999, 1, 1]
  Origin: [90.3778, 84.5091, -154.071]
  Direction: 
-0.999391 7.48184e-06 -0.0348969
-7.47664e-06 -1 -2.7953e-07
-0.0348969 -1.84481e-08 0.999391

  IndexToPointMatrix: 
-0.99939 7.48184e-06 -0.0348969
-7.47663e-06 -1 -2.7953e-07
-0.0348968 -1.84481e-08 0.999391

  PointToIndexMatrix: 
-0.999392 -7.47665e-06 -0.0348969
7.48184e-06 -1 -1.84481e-08
-0.0348969 -2.7953e-07 0.999391

  Inverse Direction: 
-0.999391 -7.47664e-06 -0.0348969
7.48184e-06 -1 -1.84481e-08
-0.0348969 -2.7953e-07 0.999391

  PixelContainer: 
    ImportImageContainer (0x37edef0)
      RTTI typeinfo:   itk::ImportImageContainer<unsigned long, double>
      Reference Count: 1
      Modified Time: 2329
      Debug: Off
      Object Name: 
      Observers: 
        none
      Pointer: 0x14dfd05c5010
      Container manages memory: true
      Size: 10813440
      Capacity: 10813440

     Weighting = 1
     Sampling strategy = regular
     Number of bins = 32
     Radius = 4
     Sampling percentage  = 0.25
   Transform = Rigid
     Gradient step = 0.1
     Update field sigma (voxel space) = 0
     Total field sigma (voxel space) = 0
     Update field time sigma = 0
     Total field time sigma  = 0
     Number of time indices = 0
     Number of time point samples = 0
Registration using 1 total stages.

Stage 0
  iterations = 0
  convergence threshold = 1e-06
  convergence window size = 10
  number of levels = 1
  using the Mattes MI metric (number of bins = 32, weight = 1, use gradient filter = 0)
  preprocessing:  winsorizing the image intensities
  Shrink factors (level 1 out of 1): [1, 1, 1]
  smoothing sigmas per level: [0]
  regular sampling (percentage = 0.25)

*** Running Euler3DTransform registration ***

  Elapsed time (stage 0): 1.12428


Total elapsed time: 1.12651
Info [verificarlo]: loaded backend libinterflop_ieee.so
Info [interflop-ieee]: load backend with:
Info [interflop-ieee]: debug = false
Info [interflop-ieee]: debug-binary = false
Info [interflop-ieee]: no-backend-name = false
Info [interflop-ieee]: print-new-line = false
Info [interflop-ieee]: print-subnormal-normalized = false
Info [interflop-ieee]: count-op = false
All_Command_lines_OK
Using double precision for computations.
=============================================================================
The composite transform comprises the following transforms (in order): 
  1. /home/mdugre/scratch/mri-registration-rp/datasets/ds004513/derivatives/mri-registration-rp/0001/antsRegistration-r7-p17/sub-s025/align_Composite.h5[0] (type = Euler3DTransform)
  2. /home/mdugre/scratch/mri-registration-rp/datasets/ds004513/derivatives/mri-registration-rp/0001/antsRegistration-r7-p17/sub-s025/align_Composite.h5[1] (type = Euler3DTransform)
=============================================================================
  number of levels = 4
  fixed image: /templateflow/tpl-MNI152NLin2009cAsym/tpl-MNI152NLin2009cAsym_res-01_desc-brain_T1w.nii.gz
  moving image: /home/mdugre/scratch/mri-registration-rp/datasets/ds004513/derivatives/mri-registration-rp/antsBrainExtraction/sub-s025/BrainExtractionBrain.nii.gz
Dimension = 3
Number of stages = 1
Use histogram matching = false
Winsorize image intensities = true
  Lower quantile = 0.005
  Upper quantile = 0.995


Stage 1 State
   Image metric = MattesMI
     Fixed image = Image (0x3a39530)
  RTTI typeinfo:   itk::Image<double, 3u>
  Reference Count: 2
  Modified Time: 1580
  Debug: Off
  Object Name: 
  Observers: 
    none
  Source: (none)
  Source output name: (none)
  Release Data: Off
  Data Released: False
  Global Release Data: Off
  PipelineMTime: 0
  UpdateMTime: 1189
  RealTimeStamp: 0 seconds 
  LargestPossibleRegion: 
    Dimension: 3
    Index: [0, 0, 0]
    Size: [193, 229, 193]
  BufferedRegion: 
    Dimension: 3
    Index: [0, 0, 0]
    Size: [193, 229, 193]
  RequestedRegion: 
    Dimension: 3
    Index: [0, 0, 0]
    Size: [193, 229, 193]
  Spacing: [1, 1, 1]
  Origin: [96, 132, -78]
  Direction: 
-1 0 0
0 -1 0
0 0 1

  IndexToPointMatrix: 
-1 0 0
0 -1 0
0 0 1

  PointToIndexMatrix: 
-1 0 0
0 -1 0
0 0 1

  Inverse Direction: 
-1 0 0
0 -1 0
0 0 1

  PixelContainer: 
    ImportImageContainer (0x3af7d60)
      RTTI typeinfo:   itk::ImportImageContainer<unsigned long, double>
      Reference Count: 1
      Modified Time: 1186
      Debug: Off
      Object Name: 
      Observers: 
        none
      Pointer: 0x1455abe09010
      Container manages memory: true
      Size: 8530021
      Capacity: 8530021

     Moving image = Image (0x3ae9f60)
  RTTI typeinfo:   itk::Image<double, 3u>
  Reference Count: 2
  Modified Time: 1581
  Debug: Off
  Object Name: 
  Observers: 
    none
  Source: (none)
  Source output name: (none)
  Release Data: Off
  Data Released: False
  Global Release Data: Off
  PipelineMTime: 0
  UpdateMTime: 1578
  RealTimeStamp: 0 seconds 
  LargestPossibleRegion: 
    Dimension: 3
    Index: [0, 0, 0]
    Size: [176, 240, 256]
  BufferedRegion: 
    Dimension: 3
    Index: [0, 0, 0]
    Size: [176, 240, 256]
  RequestedRegion: 
    Dimension: 3
    Index: [0, 0, 0]
    Size: [176, 240, 256]
  Spacing: [0.999999, 1, 1]
  Origin: [90.3778, 84.5091, -154.071]
  Direction: 
-0.999391 7.48184e-06 -0.0348969
-7.47664e-06 -1 -2.7953e-07
-0.0348969 -1.84481e-08 0.999391

  IndexToPointMatrix: 
-0.99939 7.48184e-06 -0.0348969
-7.47663e-06 -1 -2.7953e-07
-0.0348968 -1.84481e-08 0.999391

  PointToIndexMatrix: 
-0.999392 -7.47665e-06 -0.0348969
7.48184e-06 -1 -1.84481e-08
-0.0348969 -2.7953e-07 0.999391

  Inverse Direction: 
-0.999391 -7.47664e-06 -0.0348969
7.48184e-06 -1 -1.84481e-08
-0.0348969 -2.7953e-07 0.999391

  PixelContainer: 
    ImportImageContainer (0x3adb6d0)
      RTTI typeinfo:   itk::ImportImageContainer<unsigned long, double>
      Reference Count: 1
      Modified Time: 1575
      Debug: Off
      Object Name: 
      Observers: 
        none
      Pointer: 0x1455a6b88010
      Container manages memory: true
      Size: 10813440
      Capacity: 10813440

     Weighting = 1
     Sampling strategy = regular
     Number of bins = 32
     Radius = 4
     Sampling percentage  = 0.25
   Transform = Rigid
     Gradient step = 0.1
     Update field sigma (voxel space) = 0
     Total field sigma (voxel space) = 0
     Update field time sigma = 0
     Total field time sigma  = 0
     Number of time indices = 0
     Number of time point samples = 0
Registration using 1 total stages.

Stage 0
  iterations = 1000x500x250x100
  convergence threshold = 1e-06
  convergence window size = 10
  number of levels = 4
  using the Mattes MI metric (number of bins = 32, weight = 1, use gradient filter = 0)
  preprocessing:  winsorizing the image intensities
  Shrink factors (level 1 out of 4): [8, 8, 8]
  Shrink factors (level 2 out of 4): [4, 4, 4]
  Shrink factors (level 3 out of 4): [2, 2, 2]
  Shrink factors (level 4 out of 4): [1, 1, 1]
  smoothing sigmas per level: [3, 2, 1, 0]
  regular sampling (percentage = 0.25)

*** Running Euler3DTransform registration ***

DIAGNOSTIC,Iteration,metricValue,convergenceValue,ITERATION_TIME_INDEX,SINCE_LAST
 2DIAGNOSTIC,     1, -5.323241903179e-01, 1.797693134862e+308, 7.1497e-01, 7.1497e-01, 
 2DIAGNOSTIC,     2, -5.346190553927e-01, 1.797693134862e+308, 7.1945e-01, 4.4749e-03, 
 2DIAGNOSTIC,     3, -5.378036555361e-01, 1.797693134862e+308, 7.2364e-01, 4.1881e-03, 
 2DIAGNOSTIC,     4, -5.422949451405e-01, 1.797693134862e+308, 7.2777e-01, 4.1370e-03, 
 2DIAGNOSTIC,     5, -5.486805952477e-01, 1.797693134862e+308, 7.3185e-01, 4.0772e-03, 
 2DIAGNOSTIC,     6, -5.542790085272e-01, 1.797693134862e+308, 7.3608e-01, 4.2319e-03, 
 2DIAGNOSTIC,     7, -5.627123115611e-01, 1.797693134862e+308, 7.4015e-01, 4.0700e-03, 
 2DIAGNOSTIC,     8, -5.766609943856e-01, 1.797693134862e+308, 7.4466e-01, 4.5021e-03, 
 2DIAGNOSTIC,     9, -5.881111419397e-01, 1.797693134862e+308, 7.4874e-01, 4.0810e-03, 
 2DIAGNOSTIC,    10, -6.012927005665e-01, 7.820055967719e-03, 7.5399e-01, 5.2571e-03, 
 2DIAGNOSTIC,    11, -6.192402913594e-01, 8.564422673951e-03, 7.6096e-01, 6.9690e-03, 
 2DIAGNOSTIC,    12, -6.197111897450e-01, 8.513711436544e-03, 7.6488e-01, 3.9220e-03, 
 2DIAGNOSTIC,    13, -6.223136777509e-01, 7.932305190676e-03, 7.6880e-01, 3.9129e-03, 
 2DIAGNOSTIC,    14, -6.239859078526e-01, 6.938967258808e-03, 7.7276e-01, 3.9651e-03, 
 2DIAGNOSTIC,    15, -6.258731029031e-01, 5.722268374517e-03, 7.7687e-01, 4.1029e-03, 
 2DIAGNOSTIC,    16, -6.290042957032e-01, 4.404898010663e-03, 7.8083e-01, 3.9661e-03, 
 2DIAGNOSTIC,    17, -6.327399548121e-01, 3.192249457818e-03, 7.8580e-01, 4.9701e-03, 
 2DIAGNOSTIC,    18, -6.361770329219e-01, 2.298162514496e-03, 7.9077e-01, 4.9670e-03, 
 2DIAGNOSTIC,    19, -6.381920795579e-01, 1.629119692824e-03, 7.9516e-01, 4.3879e-03, 
 2DIAGNOSTIC,    20, -6.414786468365e-01, 1.264281191645e-03, 7.9905e-01, 3.8922e-03, 
 2DIAGNOSTIC,    21, -6.422621311281e-01, 1.244231354252e-03, 8.0290e-01, 3.8559e-03, 
 2DIAGNOSTIC,    22, -6.443386369492e-01, 1.164065698605e-03, 8.0682e-01, 3.9189e-03, 
 2DIAGNOSTIC,    23, -6.458367310891e-01, 1.066297094683e-03, 8.1086e-01, 4.0379e-03, 
 2DIAGNOSTIC,    24, -6.528535011617e-01, 1.047817933774e-03, 8.1545e-01, 4.5919e-03, 
 2DIAGNOSTIC,    25, -6.591704558981e-01, 1.083081245050e-03, 8.2099e-01, 5.5392e-03, 
 2DIAGNOSTIC,    26, -6.605963646623e-01, 1.093549135765e-03, 8.2554e-01, 4.5459e-03, 
 2DIAGNOSTIC,    27, -6.608439814111e-01, 1.070984895545e-03, 8.2958e-01, 4.0450e-03, 
 2DIAGNOSTIC,    28, -6.615671832615e-01, 1.019502620446e-03, 8.3360e-01, 4.0128e-03, 
 2DIAGNOSTIC,    29, -6.628794420609e-01, 9.260604413981e-04, 8.3763e-01, 4.0300e-03, 
 2DIAGNOSTIC,    30, -6.728296117320e-01, 9.537385036587e-04, 8.4316e-01, 5.5311e-03, 
 2DIAGNOSTIC,    31, -6.735479391893e-01, 9.084171296520e-04, 8.4734e-01, 4.1790e-03, 
 2DIAGNOSTIC,    32, -6.743493076903e-01, 8.254158454206e-04, 8.5133e-01, 3.9890e-03, 
 2DIAGNOSTIC,    33, -6.778518840937e-01, 7.396629757654e-04, 8.5546e-01, 4.1311e-03, 
 2DIAGNOSTIC,    34, -6.872952081900e-01, 8.064185956057e-04, 8.6441e-01, 8.9581e-03, 
 2DIAGNOSTIC,    35, -6.877309345250e-01, 8.751440526965e-04, 8.6837e-01, 3.9551e-03, 
 2DIAGNOSTIC,    36, -6.893200219928e-01, 8.963916554613e-04, 8.7232e-01, 3.9461e-03, 
 2DIAGNOSTIC,    37, -6.927350378800e-01, 8.790702534498e-04, 8.7624e-01, 3.9201e-03, 
 2DIAGNOSTIC,    38, -7.010111766781e-01, 8.851342229034e-04, 8.8017e-01, 3.9310e-03, 
 2DIAGNOSTIC,    39, -7.064038102559e-01, 8.770340459109e-04, 8.8409e-01, 3.9229e-03, 
 2DIAGNOSTIC,    40, -7.084384136104e-01, 9.204720917496e-04, 8.8805e-01, 3.9561e-03, 
 2DIAGNOSTIC,    41, -7.160693962978e-01, 9.678788623767e-04, 8.9245e-01, 4.4072e-03, 
 2DIAGNOSTIC,    42, -7.194677718542e-01, 9.632568735550e-04, 8.9734e-01, 4.8912e-03, 
 2DIAGNOSTIC,    43, -7.227007306709e-01, 9.327665681641e-04, 9.0179e-01, 4.4429e-03, 
 2DIAGNOSTIC,    44, -7.263247735304e-01, 9.465983847583e-04, 9.0573e-01, 3.9470e-03, 
 2DIAGNOSTIC,    45, -7.444355179344e-01, 1.051390047003e-03, 9.1056e-01, 4.8251e-03, 
 2DIAGNOSTIC,    46, -7.459966100854e-01, 1.076224976827e-03, 9.1442e-01, 3.8590e-03, 
 2DIAGNOSTIC,    47, -7.460371018662e-01, 1.029432388600e-03, 9.1825e-01, 3.8271e-03, 
 2DIAGNOSTIC,    48, -7.469299569563e-01, 9.722311951908e-04, 9.2452e-01, 6.2761e-03, 
 2DIAGNOSTIC,    49, -7.470724128562e-01, 8.736815014568e-04, 9.2833e-01, 3.8111e-03, 
 2DIAGNOSTIC,    50, -7.474360871192e-01, 7.131934688177e-04, 9.3214e-01, 3.8090e-03, 
 2DIAGNOSTIC,    51, -7.476897157994e-01, 5.580082179758e-04, 9.3646e-01, 4.3199e-03, 
 2DIAGNOSTIC,    52, -7.477662763829e-01, 3.871396615948e-04, 9.4030e-01, 3.8419e-03, 
 2DIAGNOSTIC,    53, -7.477649153312e-01, 2.139504906679e-04, 9.4466e-01, 4.3540e-03, 
 2DIAGNOSTIC,    54, -7.477468130676e-01, 5.231894954395e-05, 9.4894e-01, 4.2779e-03, 
 2DIAGNOSTIC,    55, -7.477199484821e-01, 3.317634071031e-05, 9.5285e-01, 3.9139e-03, 
 2DIAGNOSTIC,    56, -7.477378900546e-01, 2.380724640236e-05, 9.5673e-01, 3.8772e-03, 
 2DIAGNOSTIC,    57, -7.481644210165e-01, 1.592576339760e-05, 9.6056e-01, 3.8340e-03, 
 2DIAGNOSTIC,    58, -7.484115603596e-01, 1.519901389555e-05, 9.6510e-01, 4.5421e-03, 
 2DIAGNOSTIC,    59, -7.486875738225e-01, 1.606408387391e-05, 9.7141e-01, 6.3071e-03, 
 2DIAGNOSTIC,    60, -7.487835013027e-01, 1.863688516290e-05, 9.7594e-01, 4.5352e-03, 
 2DIAGNOSTIC,    61, -7.487342703039e-01, 2.080451953694e-05, 9.8054e-01, 4.5991e-03, 
 2DIAGNOSTIC,    62, -7.484261825666e-01, 1.936090243237e-05, 9.8486e-01, 4.3161e-03, 
 2DIAGNOSTIC,    63, -7.484538282326e-01, 1.636201938844e-05, 9.8876e-01, 3.9051e-03, 
 2DIAGNOSTIC,    64, -7.484971721040e-01, 1.209278952810e-05, 9.9262e-01, 3.8559e-03, 
 2DIAGNOSTIC,    65, -7.484436100934e-01, 6.340634229451e-06, 9.9649e-01, 3.8700e-03, 
 2DIAGNOSTIC,    66, -7.487781533535e-01, 2.462557576414e-06, 1.0004e+00, 3.8700e-03, 
 2DIAGNOSTIC,    67, -7.491131914339e-01, 3.252664198490e-06, 1.0061e+00, 5.7731e-03, 
 2DIAGNOSTIC,    68, -7.489390520028e-01, 4.121253166324e-06, 1.0100e+00, 3.8588e-03, 
 2DIAGNOSTIC,    69, -7.489642810039e-01, 6.473283548317e-06, 1.0138e+00, 3.8419e-03, 
 2DIAGNOSTIC,    70, -7.502623855295e-01, 1.649096232259e-05, 1.0191e+00, 5.3129e-03, 
 2DIAGNOSTIC,    71, -7.505832772023e-01, 2.603866908640e-05, 1.0230e+00, 3.8359e-03, 
 2DIAGNOSTIC,    72, -7.508296923254e-01, 3.247440319245e-05, 1.0273e+00, 4.3631e-03, 
 2DIAGNOSTIC,    73, -7.510814809598e-01, 3.735713741950e-05, 1.0312e+00, 3.8488e-03, 
 2DIAGNOSTIC,    74, -7.510210505037e-01, 3.848683831137e-05, 1.0351e+00, 3.8810e-03, 
 2DIAGNOSTIC,    75, -7.525535635610e-01, 4.396682409265e-05, 1.0391e+00, 4.0371e-03, 
 2DIAGNOSTIC,    76, -7.571995895733e-01, 7.187769537794e-05, 1.0445e+00, 5.3909e-03, 
 2DIAGNOSTIC,    77, -7.583908561983e-01, 9.978571512113e-05, 1.0489e+00, 4.3631e-03, 
 2DIAGNOSTIC,    78, -7.612635012017e-01, 1.319317813410e-04, 1.0552e+00, 6.2871e-03, 
 2DIAGNOSTIC,    79, -7.613242460651e-01, 1.508048577526e-04, 1.0590e+00, 3.7971e-03, 
 2DIAGNOSTIC,    80, -7.616454762497e-01, 1.630228849600e-04, 1.0633e+00, 4.3650e-03, 
 2DIAGNOSTIC,    81, -7.617009629475e-01, 1.608518048364e-04, 1.0677e+00, 4.3540e-03, 
 2DIAGNOSTIC,    82, -7.615980727827e-01, 1.438368334331e-04, 1.0715e+00, 3.8359e-03, 
 2DIAGNOSTIC,    83, -7.616448718634e-01, 1.151618884050e-04, 1.0758e+00, 4.3011e-03, 
 2DIAGNOSTIC,    84, -7.615345649588e-01, 7.540919085402e-05, 1.0798e+00, 4.0209e-03, 
 2DIAGNOSTIC,    85, -7.616143576784e-01, 3.683956709467e-05, 1.0841e+00, 4.2648e-03, 
 2DIAGNOSTIC,    86, -7.621086531224e-01, 2.015532584266e-05, 1.0880e+00, 3.8588e-03, 
 2DIAGNOSTIC,    87, -7.620377541927e-01, 6.819811614642e-06, 1.0918e+00, 3.8700e-03, 
 2DIAGNOSTIC,    88, -7.625004444091e-01, 8.713780722227e-06, 1.0966e+00, 4.7569e-03, 
 2DIAGNOSTIC,    89, -7.629014826149e-01, 1.180363407326e-05, 1.1014e+00, 4.7820e-03, 
 2DIAGNOSTIC,    90, -7.627635428587e-01, 1.449084825893e-05, 1.1057e+00, 4.3340e-03, 
 2DIAGNOSTIC,    91, -7.627586297451e-01, 1.601967473873e-05, 1.1096e+00, 3.8600e-03, 
 2DIAGNOSTIC,    92, -7.626959961309e-01, 1.527531913293e-05, 1.1144e+00, 4.7970e-03, 
 2DIAGNOSTIC,    93, -7.626260044260e-01, 1.301844641072e-05, 1.1187e+00, 4.3719e-03, 
 2DIAGNOSTIC,    94, -7.626716107914e-01, 9.293517637987e-06, 1.1226e+00, 3.8309e-03, 
 2DIAGNOSTIC,    95, -7.627162651497e-01, 5.279590736042e-06, 1.1268e+00, 4.2751e-03, 
 2DIAGNOSTIC,    96, -7.626243197096e-01, 2.632740157054e-06, 1.1311e+00, 4.2741e-03, 
DIAGNOSTIC,Iteration,metricValue,convergenceValue,ITERATION_TIME_INDEX,SINCE_LAST
 2DIAGNOSTIC,     1, -6.052555662832e-01, 1.797693134862e+308, 1.9453e+00, 8.1417e-01, 
 2DIAGNOSTIC,     2, -6.060435657988e-01, 1.797693134862e+308, 1.9759e+00, 3.0579e-02, 
 2DIAGNOSTIC,     3, -6.069947939217e-01, 1.797693134862e+308, 2.0066e+00, 3.0722e-02, 
 2DIAGNOSTIC,     4, -6.080053058292e-01, 1.797693134862e+308, 2.0377e+00, 3.1097e-02, 
 2DIAGNOSTIC,     5, -6.091521062954e-01, 1.797693134862e+308, 2.0689e+00, 3.1194e-02, 
 2DIAGNOSTIC,     6, -6.102449886138e-01, 1.797693134862e+308, 2.0983e+00, 2.9392e-02, 
 2DIAGNOSTIC,     7, -6.127871288224e-01, 1.797693134862e+308, 2.1272e+00, 2.8943e-02, 
 2DIAGNOSTIC,     8, -6.163226316870e-01, 1.797693134862e+308, 2.1567e+00, 2.9479e-02, 
 2DIAGNOSTIC,     9, -6.207450870762e-01, 1.797693134862e+308, 2.2072e+00, 5.0499e-02, 
 2DIAGNOSTIC,    10, -6.210355866770e-01, 1.749599845348e-03, 2.2444e+00, 3.7214e-02, 
 2DIAGNOSTIC,    11, -6.210204528094e-01, 1.688334542837e-03, 2.2736e+00, 2.9192e-02, 
 2DIAGNOSTIC,    12, -6.210235946873e-01, 1.517766086346e-03, 2.3111e+00, 3.7507e-02, 
 2DIAGNOSTIC,    13, -6.210048665961e-01, 1.267494687589e-03, 2.3434e+00, 3.2340e-02, 
 2DIAGNOSTIC,    14, -6.210050854725e-01, 9.697504558360e-04, 2.3721e+00, 2.8712e-02, 
 2DIAGNOSTIC,    15, -6.209860116362e-01, 6.596951573024e-04, 2.4048e+00, 3.2643e-02, 
 2DIAGNOSTIC,    16, -6.209986246629e-01, 3.616152730537e-04, 2.4379e+00, 3.3101e-02, 
 2DIAGNOSTIC,    17, -6.209924060094e-01, 1.335181295606e-04, 2.4702e+00, 3.2295e-02, 
 2DIAGNOSTIC,    18, -6.210054088845e-01, 6.647817827901e-06, 2.5028e+00, 3.2642e-02, 
DIAGNOSTIC,Iteration,metricValue,convergenceValue,ITERATION_TIME_INDEX,SINCE_LAST
 2DIAGNOSTIC,     1, -5.345181214079e-01, 1.797693134862e+308, 3.6600e+00, 1.1572e+00, 
 2DIAGNOSTIC,     2, -5.346539476304e-01, 1.797693134862e+308, 3.9168e+00, 2.5672e-01, 
 2DIAGNOSTIC,     3, -5.347615974167e-01, 1.797693134862e+308, 4.2226e+00, 3.0589e-01, 
 2DIAGNOSTIC,     4, -5.347752496816e-01, 1.797693134862e+308, 4.5021e+00, 2.7943e-01, 
 2DIAGNOSTIC,     5, -5.347811260878e-01, 1.797693134862e+308, 4.7391e+00, 2.3707e-01, 
 2DIAGNOSTIC,     6, -5.348113536071e-01, 1.797693134862e+308, 4.9583e+00, 2.1916e-01, 
 2DIAGNOSTIC,     7, -5.349208707034e-01, 1.797693134862e+308, 5.1819e+00, 2.2356e-01, 
 2DIAGNOSTIC,     8, -5.352061914495e-01, 1.797693134862e+308, 5.4036e+00, 2.2172e-01, 
 2DIAGNOSTIC,     9, -5.354984229400e-01, 1.797693134862e+308, 5.7612e+00, 3.5763e-01, 
 2DIAGNOSTIC,    10, -5.355945610241e-01, 1.200253773420e-04, 6.0311e+00, 2.6993e-01, 
 2DIAGNOSTIC,    11, -5.356035954422e-01, 1.188736530416e-04, 6.2828e+00, 2.5166e-01, 
 2DIAGNOSTIC,    12, -5.356161141382e-01, 1.140731979174e-04, 6.5294e+00, 2.4661e-01, 
 2DIAGNOSTIC,    13, -5.356698957517e-01, 1.063496180191e-04, 6.7712e+00, 2.4184e-01, 
 2DIAGNOSTIC,    14, -5.358890923959e-01, 9.891067372066e-05, 7.1462e+00, 3.7496e-01, 
 2DIAGNOSTIC,    15, -5.358930251842e-01, 8.388209221032e-05, 7.4019e+00, 2.5566e-01, 
 2DIAGNOSTIC,    16, -5.358920097232e-01, 6.446938454985e-05, 7.6278e+00, 2.2590e-01, 
 2DIAGNOSTIC,    17, -5.358879101170e-01, 4.488743915493e-05, 7.8787e+00, 2.5096e-01, 
 2DIAGNOSTIC,    18, -5.358935048162e-01, 3.183446323861e-05, 8.1441e+00, 2.6538e-01, 
 2DIAGNOSTIC,    19, -5.358928182113e-01, 2.533309400326e-05, 8.4292e+00, 2.8514e-01, 
 2DIAGNOSTIC,    20, -5.358920492176e-01, 1.981302796136e-05, 8.7329e+00, 3.0368e-01, 
 2DIAGNOSTIC,    21, -5.358868886460e-01, 1.332054116963e-05, 9.0571e+00, 3.2421e-01, 
 2DIAGNOSTIC,    22, -5.358893748526e-01, 6.711115653840e-06, 9.3461e+00, 2.8894e-01, 
 2DIAGNOSTIC,    23, -5.358862764710e-01, 1.204569612639e-06, 9.5926e+00, 2.4650e-01, 
DIAGNOSTIC,Iteration,metricValue,convergenceValue,ITERATION_TIME_INDEX,SINCE_LAST
 2DIAGNOSTIC,     1, -4.895594655176e-01, 1.797693134862e+308, 1.2914e+01, 3.3216e+00, 
 2DIAGNOSTIC,     2, -4.895623291980e-01, 1.797693134862e+308, 1.5005e+01, 2.0909e+00, 
 2DIAGNOSTIC,     3, -4.895619618563e-01, 1.797693134862e+308, 1.6649e+01, 1.6436e+00, 
 2DIAGNOSTIC,     4, -4.895614242307e-01, 1.797693134862e+308, 1.8200e+01, 1.5509e+00, 
 2DIAGNOSTIC,     5, -4.895615657270e-01, 1.797693134862e+308, 1.9913e+01, 1.7130e+00, 
 2DIAGNOSTIC,     6, -4.895612459776e-01, 1.797693134862e+308, 2.1514e+01, 1.6017e+00, 
 2DIAGNOSTIC,     7, -4.895608563860e-01, 1.797693134862e+308, 2.4150e+01, 2.6355e+00, 
 2DIAGNOSTIC,     8, -4.895608754696e-01, 1.797693134862e+308, 2.5725e+01, 1.5752e+00, 
 2DIAGNOSTIC,     9, -4.895607782195e-01, 1.797693134862e+308, 2.7186e+01, 1.4609e+00, 
 2DIAGNOSTIC,    10, -4.895606940718e-01, 3.110916962229e-06, 2.8818e+01, 1.6322e+00, 
 2DIAGNOSTIC,    11, -4.895606097799e-01, 2.698275933966e-06, 3.0550e+01, 1.7318e+00, 
 2DIAGNOSTIC,    12, -4.895602987584e-01, 2.495926948051e-06, 3.2091e+01, 1.5416e+00, 
 2DIAGNOSTIC,    13, -4.895602459164e-01, 2.320820227608e-06, 3.3835e+01, 1.7435e+00, 
 2DIAGNOSTIC,    14, -4.895601855335e-01, 2.156720866064e-06, 3.5414e+01, 1.5794e+00, 
 2DIAGNOSTIC,    15, -4.895601355028e-01, 2.028690594624e-06, 3.7248e+01, 1.8339e+00, 
 2DIAGNOSTIC,    16, -4.895599387838e-01, 1.906814694960e-06, 3.8834e+01, 1.5858e+00, 
 2DIAGNOSTIC,    17, -4.895597293187e-01, 1.786533848691e-06, 4.0255e+01, 1.4214e+00, 
 2DIAGNOSTIC,    18, -4.895596519598e-01, 1.685733967749e-06, 4.1633e+01, 1.3782e+00, 
 2DIAGNOSTIC,    19, -4.895598338383e-01, 1.605503879482e-06, 4.3066e+01, 1.4328e+00, 
 2DIAGNOSTIC,    20, -4.895597119002e-01, 1.533410549710e-06, 4.4635e+01, 1.5691e+00, 
 2DIAGNOSTIC,    21, -4.895596102632e-01, 1.468803673958e-06, 4.6310e+01, 1.6747e+00, 
 2DIAGNOSTIC,    22, -4.895595312538e-01, 1.404304327532e-06, 4.8010e+01, 1.7002e+00, 
 2DIAGNOSTIC,    23, -4.895593157272e-01, 1.342491037060e-06, 5.0071e+01, 2.0607e+00, 
 2DIAGNOSTIC,    24, -4.895592270256e-01, 1.285948146530e-06, 5.1647e+01, 1.5762e+00, 
 2DIAGNOSTIC,    25, -4.895591285691e-01, 1.234238847292e-06, 5.3358e+01, 1.7106e+00, 
 2DIAGNOSTIC,    26, -4.895590300883e-01, 1.183699801711e-06, 5.4883e+01, 1.5256e+00, 
 2DIAGNOSTIC,    27, -4.895589440189e-01, 1.134405115635e-06, 5.6437e+01, 1.5536e+00, 
 2DIAGNOSTIC,    28, -4.895588787764e-01, 1.089708870472e-06, 5.7837e+01, 1.4002e+00, 
 2DIAGNOSTIC,    29, -4.895589645801e-01, 1.057889491465e-06, 5.9525e+01, 1.6876e+00, 
 2DIAGNOSTIC,    30, -4.895592986438e-01, 1.035909704260e-06, 6.1129e+01, 1.6039e+00, 
 2DIAGNOSTIC,    31, -4.895593998944e-01, 1.017483444304e-06, 6.2767e+01, 1.6386e+00, 
 2DIAGNOSTIC,    32, -4.895594743578e-01, 1.001092072184e-06, 6.4344e+01, 1.5770e+00, 
  Elapsed time (stage 0): 6.5159e+01


Total elapsed time: 6.5162e+01
Info [verificarlo]: loaded backend libinterflop_ieee.so
Info [interflop-ieee]: load backend with:
Info [interflop-ieee]: debug = false
Info [interflop-ieee]: debug-binary = false
Info [interflop-ieee]: no-backend-name = false
Info [interflop-ieee]: print-new-line = false
Info [interflop-ieee]: print-subnormal-normalized = false
Info [interflop-ieee]: count-op = false
All_Command_lines_OK
Using double precision for computations.
=============================================================================
The composite transform comprises the following transforms (in order): 
  1. /home/mdugre/scratch/mri-registration-rp/datasets/ds004513/derivatives/mri-registration-rp/0001/antsRegistration-r7-p17/sub-s025/rigid_Composite.h5[0] (type = Euler3DTransform)
  2. /home/mdugre/scratch/mri-registration-rp/datasets/ds004513/derivatives/mri-registration-rp/0001/antsRegistration-r7-p17/sub-s025/rigid_Composite.h5[1] (type = Euler3DTransform)
  3. /home/mdugre/scratch/mri-registration-rp/datasets/ds004513/derivatives/mri-registration-rp/0001/antsRegistration-r7-p17/sub-s025/rigid_Composite.h5[2] (type = Euler3DTransform)
=============================================================================
  number of levels = 4
  fixed image: /templateflow/tpl-MNI152NLin2009cAsym/tpl-MNI152NLin2009cAsym_res-01_desc-brain_T1w.nii.gz
  moving image: /home/mdugre/scratch/mri-registration-rp/datasets/ds004513/derivatives/mri-registration-rp/antsBrainExtraction/sub-s025/BrainExtractionBrain.nii.gz
Dimension = 3
Number of stages = 1
Use histogram matching = false
Winsorize image intensities = true
  Lower quantile = 0.005
  Upper quantile = 0.995


Stage 1 State
   Image metric = MattesMI
     Fixed image = Image (0x3d557e0)
  RTTI typeinfo:   itk::Image<double, 3u>
  Reference Count: 2
  Modified Time: 1594
  Debug: Off
  Object Name: 
  Observers: 
    none
  Source: (none)
  Source output name: (none)
  Release Data: Off
  Data Released: False
  Global Release Data: Off
  PipelineMTime: 0
  UpdateMTime: 1203
  RealTimeStamp: 0 seconds 
  LargestPossibleRegion: 
    Dimension: 3
    Index: [0, 0, 0]
    Size: [193, 229, 193]
  BufferedRegion: 
    Dimension: 3
    Index: [0, 0, 0]
    Size: [193, 229, 193]
  RequestedRegion: 
    Dimension: 3
    Index: [0, 0, 0]
    Size: [193, 229, 193]
  Spacing: [1, 1, 1]
  Origin: [96, 132, -78]
  Direction: 
-1 0 0
0 -1 0
0 0 1

  IndexToPointMatrix: 
-1 0 0
0 -1 0
0 0 1

  PointToIndexMatrix: 
-1 0 0
0 -1 0
0 0 1

  Inverse Direction: 
-1 0 0
0 -1 0
0 0 1

  PixelContainer: 
    ImportImageContainer (0x3e15a20)
      RTTI typeinfo:   itk::ImportImageContainer<unsigned long, double>
      Reference Count: 1
      Modified Time: 1200
      Debug: Off
      Object Name: 
      Observers: 
        none
      Pointer: 0x1467bdbed010
      Container manages memory: true
      Size: 8530021
      Capacity: 8530021

     Moving image = Image (0x3e10d70)
  RTTI typeinfo:   itk::Image<double, 3u>
  Reference Count: 2
  Modified Time: 1595
  Debug: Off
  Object Name: 
  Observers: 
    none
  Source: (none)
  Source output name: (none)
  Release Data: Off
  Data Released: False
  Global Release Data: Off
  PipelineMTime: 0
  UpdateMTime: 1592
  RealTimeStamp: 0 seconds 
  LargestPossibleRegion: 
    Dimension: 3
    Index: [0, 0, 0]
    Size: [176, 240, 256]
  BufferedRegion: 
    Dimension: 3
    Index: [0, 0, 0]
    Size: [176, 240, 256]
  RequestedRegion: 
    Dimension: 3
    Index: [0, 0, 0]
    Size: [176, 240, 256]
  Spacing: [0.999999, 1, 1]
  Origin: [90.3778, 84.5091, -154.071]
  Direction: 
-0.999391 7.48184e-06 -0.0348969
-7.47664e-06 -1 -2.7953e-07
-0.0348969 -1.84481e-08 0.999391

  IndexToPointMatrix: 
-0.99939 7.48184e-06 -0.0348969
-7.47663e-06 -1 -2.7953e-07
-0.0348968 -1.84481e-08 0.999391

  PointToIndexMatrix: 
-0.999392 -7.47665e-06 -0.0348969
7.48184e-06 -1 -1.84481e-08
-0.0348969 -2.7953e-07 0.999391

  Inverse Direction: 
-0.999391 -7.47664e-06 -0.0348969
7.48184e-06 -1 -1.84481e-08
-0.0348969 -2.7953e-07 0.999391

  PixelContainer: 
    ImportImageContainer (0x3dc8c90)
      RTTI typeinfo:   itk::ImportImageContainer<unsigned long, double>
      Reference Count: 1
      Modified Time: 1589
      Debug: Off
      Object Name: 
      Observers: 
        none
      Pointer: 0x1467b896c010
      Container manages memory: true
      Size: 10813440
      Capacity: 10813440

     Weighting = 1
     Sampling strategy = regular
     Number of bins = 32
     Radius = 4
     Sampling percentage  = 0.25
   Transform = Affine
     Gradient step = 0.1
     Update field sigma (voxel space) = 0
     Total field sigma (voxel space) = 0
     Update field time sigma = 0
     Total field time sigma  = 0
     Number of time indices = 0
     Number of time point samples = 0
Registration using 1 total stages.

Stage 0
  iterations = 1000x500x250x100
  convergence threshold = 1e-06
  convergence window size = 10
  number of levels = 4
  using the Mattes MI metric (number of bins = 32, weight = 1, use gradient filter = 0)
  preprocessing:  winsorizing the image intensities
  Shrink factors (level 1 out of 4): [8, 8, 8]
  Shrink factors (level 2 out of 4): [4, 4, 4]
  Shrink factors (level 3 out of 4): [2, 2, 2]
  Shrink factors (level 4 out of 4): [1, 1, 1]
  smoothing sigmas per level: [3, 2, 1, 0]
  regular sampling (percentage = 0.25)

*** Running AffineTransform registration ***

DIAGNOSTIC,Iteration,metricValue,convergenceValue,ITERATION_TIME_INDEX,SINCE_LAST
 2DIAGNOSTIC,     1, -7.484508491426e-01, 1.797693134862e+308, 7.8901e-01, 7.8901e-01, 
 2DIAGNOSTIC,     2, -7.504038090131e-01, 1.797693134862e+308, 7.9348e-01, 4.4780e-03, 
 2DIAGNOSTIC,     3, -7.537986314238e-01, 1.797693134862e+308, 7.9794e-01, 4.4611e-03, 
 2DIAGNOSTIC,     4, -7.598501501825e-01, 1.797693134862e+308, 8.0224e-01, 4.2989e-03, 
 2DIAGNOSTIC,     5, -7.698231481836e-01, 1.797693134862e+308, 8.0657e-01, 4.3318e-03, 
 2DIAGNOSTIC,     6, -7.850835232424e-01, 1.797693134862e+308, 8.1108e-01, 4.5021e-03, 
 2DIAGNOSTIC,     7, -8.098421397480e-01, 1.797693134862e+308, 8.1619e-01, 5.1179e-03, 
 2DIAGNOSTIC,     8, -8.832000894424e-01, 1.797693134862e+308, 8.2193e-01, 5.7380e-03, 
 2DIAGNOSTIC,     9, -9.210231887030e-01, 1.797693134862e+308, 8.2634e-01, 4.4122e-03, 
 2DIAGNOSTIC,    10, -9.280498470472e-01, 1.561183263561e-02, 8.3238e-01, 6.0329e-03, 
 2DIAGNOSTIC,    11, -9.299003721622e-01, 1.578343832574e-02, 8.3702e-01, 4.6442e-03, 
 2DIAGNOSTIC,    12, -9.327504039070e-01, 1.465719489924e-02, 8.4362e-01, 6.5980e-03, 
 2DIAGNOSTIC,    13, -9.350188776265e-01, 1.252596461355e-02, 8.4926e-01, 5.6438e-03, 
 2DIAGNOSTIC,    14, -9.365480695753e-01, 9.768379779491e-03, 8.5389e-01, 4.6229e-03, 
 2DIAGNOSTIC,    15, -9.374823016963e-01, 6.789990007154e-03, 8.5903e-01, 5.1479e-03, 
 2DIAGNOSTIC,    16, -9.382481588390e-01, 3.947464916080e-03, 8.6486e-01, 5.8300e-03, 
 2DIAGNOSTIC,    17, -9.379014125745e-01, 1.550328640478e-03, 8.7002e-01, 5.1539e-03, 
 2DIAGNOSTIC,    18, -9.381693206258e-01, 6.228924990501e-04, 8.7515e-01, 5.1270e-03, 
 2DIAGNOSTIC,    19, -9.383854579225e-01, 3.943714361174e-04, 8.8028e-01, 5.1382e-03, 
 2DIAGNOSTIC,    20, -9.378636203723e-01, 2.596385813092e-04, 8.8603e-01, 5.7490e-03, 
 2DIAGNOSTIC,    21, -9.379354607054e-01, 1.440162262553e-04, 8.9071e-01, 4.6780e-03, 
 2DIAGNOSTIC,    22, -9.378438262358e-01, 6.636819777067e-05, 8.9527e-01, 4.5581e-03, 
 2DIAGNOSTIC,    23, -9.377787835111e-01, 2.031512374982e-05, 8.9995e-01, 4.6799e-03, 
DIAGNOSTIC,Iteration,metricValue,convergenceValue,ITERATION_TIME_INDEX,SINCE_LAST
 2DIAGNOSTIC,     1, -7.491900360367e-01, 1.797693134862e+308, 1.6720e+00, 7.7203e-01, 
 2DIAGNOSTIC,     2, -7.497427346957e-01, 1.797693134862e+308, 1.7099e+00, 3.7961e-02, 
 2DIAGNOSTIC,     3, -7.502734297108e-01, 1.797693134862e+308, 1.7456e+00, 3.5689e-02, 
 2DIAGNOSTIC,     4, -7.510019361141e-01, 1.797693134862e+308, 1.7811e+00, 3.5428e-02, 
 2DIAGNOSTIC,     5, -7.523795768139e-01, 1.797693134862e+308, 1.8194e+00, 3.8394e-02, 
 2DIAGNOSTIC,     6, -7.544844953472e-01, 1.797693134862e+308, 1.8576e+00, 3.8179e-02, 
 2DIAGNOSTIC,     7, -7.548796417708e-01, 1.797693134862e+308, 1.9067e+00, 4.9053e-02, 
 2DIAGNOSTIC,     8, -7.548883105024e-01, 1.797693134862e+308, 1.9470e+00, 4.0359e-02, 
 2DIAGNOSTIC,     9, -7.549105495987e-01, 1.797693134862e+308, 1.9929e+00, 4.5890e-02, 
 2DIAGNOSTIC,    10, -7.548926996970e-01, 5.928350330341e-04, 2.0310e+00, 3.8105e-02, 
 2DIAGNOSTIC,    11, -7.548700363287e-01, 4.539617318394e-04, 2.0661e+00, 3.5048e-02, 
 2DIAGNOSTIC,    12, -7.548655501541e-01, 3.151676128530e-04, 2.1037e+00, 3.7658e-02, 
 2DIAGNOSTIC,    13, -7.548761806241e-01, 1.860855378485e-04, 2.1426e+00, 3.8811e-02, 
 2DIAGNOSTIC,    14, -7.548455833634e-01, 7.737858079414e-05, 2.1809e+00, 3.8303e-02, 
 2DIAGNOSTIC,    15, -7.548238478653e-01, 9.074537896711e-06, 2.2189e+00, 3.8069e-02, 
DIAGNOSTIC,Iteration,metricValue,convergenceValue,ITERATION_TIME_INDEX,SINCE_LAST
 2DIAGNOSTIC,     1, -6.416768700404e-01, 1.797693134862e+308, 3.3391e+00, 1.1202e+00, 
 2DIAGNOSTIC,     2, -6.420568608476e-01, 1.797693134862e+308, 3.6087e+00, 2.6961e-01, 
 2DIAGNOSTIC,     3, -6.425346029372e-01, 1.797693134862e+308, 3.8760e+00, 2.6731e-01, 
 2DIAGNOSTIC,     4, -6.430474666756e-01, 1.797693134862e+308, 4.1385e+00, 2.6250e-01, 
 2DIAGNOSTIC,     5, -6.438546552350e-01, 1.797693134862e+308, 4.3890e+00, 2.5049e-01, 
 2DIAGNOSTIC,     6, -6.441959175824e-01, 1.797693134862e+308, 4.6850e+00, 2.9600e-01, 
 2DIAGNOSTIC,     7, -6.443330273245e-01, 1.797693134862e+308, 5.0408e+00, 3.5579e-01, 
 2DIAGNOSTIC,     8, -6.444284538311e-01, 1.797693134862e+308, 5.7461e+00, 7.0529e-01, 
 2DIAGNOSTIC,     9, -6.444293910447e-01, 1.797693134862e+308, 6.0449e+00, 2.9878e-01, 
 2DIAGNOSTIC,    10, -6.444301598807e-01, 3.040514351569e-04, 6.3039e+00, 2.5900e-01, 
 2DIAGNOSTIC,    11, -6.444300212805e-01, 2.152642030726e-04, 6.5979e+00, 2.9402e-01, 
 2DIAGNOSTIC,    12, -6.444329614788e-01, 1.364067752083e-04, 6.9096e+00, 3.1171e-01, 
 2DIAGNOSTIC,    13, -6.444364955417e-01, 7.391000212030e-05, 7.3266e+00, 4.1700e-01, 
 2DIAGNOSTIC,    14, -6.444354334373e-01, 2.945607229592e-05, 7.6374e+00, 3.1078e-01, 
 2DIAGNOSTIC,    15, -6.444343262828e-01, 1.198624994887e-05, 7.9361e+00, 2.9872e-01, 
 2DIAGNOSTIC,    16, -6.444333513152e-01, 5.111344578909e-06, 8.2142e+00, 2.7817e-01, 
 2DIAGNOSTIC,    17, -6.444324600270e-01, 2.223336731090e-06, 8.4898e+00, 2.7557e-01, 
 2DIAGNOSTIC,    18, -6.444319278157e-01, 1.948777422767e-06, 8.7644e+00, 2.7460e-01, 
 2DIAGNOSTIC,    19, -6.444376928670e-01, 1.842635136265e-06, 9.0429e+00, 2.7852e-01, 
 2DIAGNOSTIC,    20, -6.444386966174e-01, 1.769321654743e-06, 9.3573e+00, 3.1434e-01, 
 2DIAGNOSTIC,    21, -6.444410169958e-01, 1.732230652120e-06, 9.7103e+00, 3.5298e-01, 
 2DIAGNOSTIC,    22, -6.444393830095e-01, 1.703071044294e-06, 1.0054e+01, 3.4384e-01, 
 2DIAGNOSTIC,    23, -6.444384317507e-01, 1.703625293434e-06, 1.0372e+01, 3.1746e-01, 
 2DIAGNOSTIC,    24, -6.444387350309e-01, 1.659326258112e-06, 1.0666e+01, 2.9422e-01, 
 2DIAGNOSTIC,    25, -6.444375327594e-01, 1.545021209665e-06, 1.1000e+01, 3.3425e-01, 
 2DIAGNOSTIC,    26, -6.444364238822e-01, 1.380256984450e-06, 1.1298e+01, 2.9758e-01, 
 2DIAGNOSTIC,    27, -6.444369528461e-01, 1.209459904047e-06, 1.1619e+01, 3.2149e-01, 
 2DIAGNOSTIC,    28, -6.444361548879e-01, 1.024769449208e-06, 1.1934e+01, 3.1458e-01, 
DIAGNOSTIC,Iteration,metricValue,convergenceValue,ITERATION_TIME_INDEX,SINCE_LAST
 2DIAGNOSTIC,     1, -5.759196801470e-01, 1.797693134862e+308, 1.4805e+01, 2.8713e+00, 
 2DIAGNOSTIC,     2, -5.764267049937e-01, 1.797693134862e+308, 1.6462e+01, 1.6570e+00, 
 2DIAGNOSTIC,     3, -5.769687478450e-01, 1.797693134862e+308, 1.8108e+01, 1.6464e+00, 
 2DIAGNOSTIC,     4, -5.775796771274e-01, 1.797693134862e+308, 1.9790e+01, 1.6819e+00, 
 2DIAGNOSTIC,     5, -5.786680838456e-01, 1.797693134862e+308, 2.1454e+01, 1.6642e+00, 
 2DIAGNOSTIC,     6, -5.800089436032e-01, 1.797693134862e+308, 2.3921e+01, 2.4666e+00, 
 2DIAGNOSTIC,     7, -5.803116092986e-01, 1.797693134862e+308, 2.6842e+01, 2.9213e+00, 
 2DIAGNOSTIC,     8, -5.803092024005e-01, 1.797693134862e+308, 2.8698e+01, 1.8560e+00, 
 2DIAGNOSTIC,     9, -5.803115685487e-01, 1.797693134862e+308, 3.0339e+01, 1.6404e+00, 
 2DIAGNOSTIC,    10, -5.803141772587e-01, 5.744032177183e-04, 3.2180e+01, 1.8416e+00, 
 2DIAGNOSTIC,    11, -5.803156691498e-01, 4.289923239932e-04, 3.3853e+01, 1.6723e+00, 
 2DIAGNOSTIC,    12, -5.803207933610e-01, 2.906056710773e-04, 3.5751e+01, 1.8987e+00, 
 2DIAGNOSTIC,    13, -5.803262211028e-01, 1.688454420814e-04, 3.7891e+01, 2.1395e+00, 
 2DIAGNOSTIC,    14, -5.803254291944e-01, 7.043263547993e-05, 3.9796e+01, 1.9048e+00, 
 2DIAGNOSTIC,    15, -5.803259144052e-01, 1.342795699338e-05, 4.1714e+01, 1.9179e+00, 
 2DIAGNOSTIC,    16, -5.803243018954e-01, 3.325269378421e-06, 4.3571e+01, 1.8577e+00, 
 2DIAGNOSTIC,    17, -5.803229161798e-01, 2.986182133249e-06, 4.6776e+01, 3.2049e+00, 
 2DIAGNOSTIC,    18, -5.803226771338e-01, 2.507517640374e-06, 4.8872e+01, 2.0960e+00, 
 2DIAGNOSTIC,    19, -5.803225206427e-01, 2.067545808608e-06, 5.0674e+01, 1.8012e+00, 
 2DIAGNOSTIC,    20, -5.803224768778e-01, 1.700358282730e-06, 5.2476e+01, 1.8027e+00, 
 2DIAGNOSTIC,    21, -5.803223022895e-01, 1.387330108994e-06, 5.4335e+01, 1.8593e+00, 
 2DIAGNOSTIC,    22, -5.803220823303e-01, 1.221410940021e-06, 5.5974e+01, 1.6387e+00, 
 2DIAGNOSTIC,    23, -5.803217682125e-01, 1.200466444917e-06, 5.7858e+01, 1.8841e+00, 
 2DIAGNOSTIC,    24, -5.803219347107e-01, 1.184768518611e-06, 5.9858e+01, 1.9997e+00, 
