
##########################
# Experiment information #
##########################

EXPERIMENT_NAME: antsRegistration-r8-p9
VFC_BACKENDS: libinterflop_vprec.so --range-binary32=8 --precision-binary32=9 --range-binary64=8 --precision-binary64=9

SIF_IMG: /home/mdugre/projects/rrg-glatard/mdugre/containers/ants-vprec-no_metrics.simg

SUBJECT_ID: s025
INPUT_IMG: /home/mdugre/scratch/mri-registration-rp/datasets/ds004513/derivatives/mri-registration-rp/antsBrainExtraction/sub-s025/BrainExtractionBrain.nii.gz
OUTPUT_DIR: /home/mdugre/scratch/mri-registration-rp/datasets/ds004513/derivatives/mri-registration-rp/0001/antsRegistration-r8-p9/sub-s025

FIXED_IMG: /templateflow/tpl-MNI152NLin2009cAsym/tpl-MNI152NLin2009cAsym_res-01_desc-brain_T1w.nii.gz
DATA_DIR: /home/mdugre/scratch/mri-registration-rp/datasets/ds004513
TEMPLATEFLOW_DIR: /home/mdugre/projects/rrg-glatard/mdugre/templateflow
ITK_GLOBAL_DEFAULT_NUMBER_OF_THREADS: 16
##########################

Info [verificarlo]: loaded backend libinterflop_ieee.so
Info [interflop-ieee]: load backend with:
Info [interflop-ieee]: debug = false
Info [interflop-ieee]: debug-binary = false
Info [interflop-ieee]: no-backend-name = false
Info [interflop-ieee]: print-new-line = false
Info [interflop-ieee]: print-subnormal-normalized = false
Info [interflop-ieee]: count-op = false
All_Command_lines_OK
Using double precision for computations.
=============================================================================
The composite transform comprises the following transforms (in order): 
  1. Center of mass alignment using fixed image: /templateflow/tpl-MNI152NLin2009cAsym/tpl-MNI152NLin2009cAsym_res-01_desc-brain_T1w.nii.gz and moving image: /home/mdugre/scratch/mri-registration-rp/datasets/ds004513/derivatives/mri-registration-rp/antsBrainExtraction/sub-s025/BrainExtractionBrain.nii.gz (type = Euler3DTransform)
=============================================================================
  number of levels = 1
  fixed image: /templateflow/tpl-MNI152NLin2009cAsym/tpl-MNI152NLin2009cAsym_res-01_desc-brain_T1w.nii.gz
  moving image: /home/mdugre/scratch/mri-registration-rp/datasets/ds004513/derivatives/mri-registration-rp/antsBrainExtraction/sub-s025/BrainExtractionBrain.nii.gz
Dimension = 3
Number of stages = 1
Use histogram matching = false
Winsorize image intensities = true
  Lower quantile = 0.005
  Upper quantile = 0.995


Stage 1 State
   Image metric = MattesMI
     Fixed image = Image (0x4aaabd0)
  RTTI typeinfo:   itk::Image<double, 3u>
  Reference Count: 2
  Modified Time: 2334
  Debug: Off
  Object Name: 
  Observers: 
    none
  Source: (none)
  Source output name: (none)
  Release Data: Off
  Data Released: False
  Global Release Data: Off
  PipelineMTime: 0
  UpdateMTime: 1943
  RealTimeStamp: 0 seconds 
  LargestPossibleRegion: 
    Dimension: 3
    Index: [0, 0, 0]
    Size: [193, 229, 193]
  BufferedRegion: 
    Dimension: 3
    Index: [0, 0, 0]
    Size: [193, 229, 193]
  RequestedRegion: 
    Dimension: 3
    Index: [0, 0, 0]
    Size: [193, 229, 193]
  Spacing: [1, 1, 1]
  Origin: [96, 132, -78]
  Direction: 
-1 0 0
0 -1 0
0 0 1

  IndexToPointMatrix: 
-1 0 0
0 -1 0
0 0 1

  PointToIndexMatrix: 
-1 0 0
0 -1 0
0 0 1

  Inverse Direction: 
-1 0 0
0 -1 0
0 0 1

  PixelContainer: 
    ImportImageContainer (0x4ab39e0)
      RTTI typeinfo:   itk::ImportImageContainer<unsigned long, double>
      Reference Count: 1
      Modified Time: 1940
      Debug: Off
      Object Name: 
      Observers: 
        none
      Pointer: 0x1472a21d4010
      Container manages memory: true
      Size: 8530021
      Capacity: 8530021

     Moving image = Image (0x4ab4bd0)
  RTTI typeinfo:   itk::Image<double, 3u>
  Reference Count: 2
  Modified Time: 2335
  Debug: Off
  Object Name: 
  Observers: 
    none
  Source: (none)
  Source output name: (none)
  Release Data: Off
  Data Released: False
  Global Release Data: Off
  PipelineMTime: 0
  UpdateMTime: 2332
  RealTimeStamp: 0 seconds 
  LargestPossibleRegion: 
    Dimension: 3
    Index: [0, 0, 0]
    Size: [176, 240, 256]
  BufferedRegion: 
    Dimension: 3
    Index: [0, 0, 0]
    Size: [176, 240, 256]
  RequestedRegion: 
    Dimension: 3
    Index: [0, 0, 0]
    Size: [176, 240, 256]
  Spacing: [0.999999, 1, 1]
  Origin: [90.3778, 84.5091, -154.071]
  Direction: 
-0.999391 7.48184e-06 -0.0348969
-7.47664e-06 -1 -2.7953e-07
-0.0348969 -1.84481e-08 0.999391

  IndexToPointMatrix: 
-0.99939 7.48184e-06 -0.0348969
-7.47663e-06 -1 -2.7953e-07
-0.0348968 -1.84481e-08 0.999391

  PointToIndexMatrix: 
-0.999392 -7.47665e-06 -0.0348969
7.48184e-06 -1 -1.84481e-08
-0.0348969 -2.7953e-07 0.999391

  Inverse Direction: 
-0.999391 -7.47664e-06 -0.0348969
7.48184e-06 -1 -1.84481e-08
-0.0348969 -2.7953e-07 0.999391

  PixelContainer: 
    ImportImageContainer (0x4c3ab50)
      RTTI typeinfo:   itk::ImportImageContainer<unsigned long, double>
      Reference Count: 1
      Modified Time: 2329
      Debug: Off
      Object Name: 
      Observers: 
        none
      Pointer: 0x14729cf53010
      Container manages memory: true
      Size: 10813440
      Capacity: 10813440

     Weighting = 1
     Sampling strategy = regular
     Number of bins = 32
     Radius = 4
     Sampling percentage  = 0.25
   Transform = Rigid
     Gradient step = 0.1
     Update field sigma (voxel space) = 0
     Total field sigma (voxel space) = 0
     Update field time sigma = 0
     Total field time sigma  = 0
     Number of time indices = 0
     Number of time point samples = 0
Registration using 1 total stages.

Stage 0
  iterations = 0
  convergence threshold = 1e-06
  convergence window size = 10
  number of levels = 1
  using the Mattes MI metric (number of bins = 32, weight = 1, use gradient filter = 0)
  preprocessing:  winsorizing the image intensities
  Shrink factors (level 1 out of 1): [1, 1, 1]
  smoothing sigmas per level: [0]
  regular sampling (percentage = 0.25)

*** Running Euler3DTransform registration ***

  Elapsed time (stage 0): 1.07219


Total elapsed time: 1.07441
Info [verificarlo]: loaded backend libinterflop_ieee.so
Info [interflop-ieee]: load backend with:
Info [interflop-ieee]: debug = false
Info [interflop-ieee]: debug-binary = false
Info [interflop-ieee]: no-backend-name = false
Info [interflop-ieee]: print-new-line = false
Info [interflop-ieee]: print-subnormal-normalized = false
Info [interflop-ieee]: count-op = false
All_Command_lines_OK
Using double precision for computations.
=============================================================================
The composite transform comprises the following transforms (in order): 
  1. /home/mdugre/scratch/mri-registration-rp/datasets/ds004513/derivatives/mri-registration-rp/0001/antsRegistration-r8-p9/sub-s025/align_Composite.h5[0] (type = Euler3DTransform)
  2. /home/mdugre/scratch/mri-registration-rp/datasets/ds004513/derivatives/mri-registration-rp/0001/antsRegistration-r8-p9/sub-s025/align_Composite.h5[1] (type = Euler3DTransform)
=============================================================================
  number of levels = 4
  fixed image: /templateflow/tpl-MNI152NLin2009cAsym/tpl-MNI152NLin2009cAsym_res-01_desc-brain_T1w.nii.gz
  moving image: /home/mdugre/scratch/mri-registration-rp/datasets/ds004513/derivatives/mri-registration-rp/antsBrainExtraction/sub-s025/BrainExtractionBrain.nii.gz
Dimension = 3
Number of stages = 1
Use histogram matching = false
Winsorize image intensities = true
  Lower quantile = 0.005
  Upper quantile = 0.995


Stage 1 State
   Image metric = MattesMI
     Fixed image = Image (0x4ebe530)
  RTTI typeinfo:   itk::Image<double, 3u>
  Reference Count: 2
  Modified Time: 1580
  Debug: Off
  Object Name: 
  Observers: 
    none
  Source: (none)
  Source output name: (none)
  Release Data: Off
  Data Released: False
  Global Release Data: Off
  PipelineMTime: 0
  UpdateMTime: 1189
  RealTimeStamp: 0 seconds 
  LargestPossibleRegion: 
    Dimension: 3
    Index: [0, 0, 0]
    Size: [193, 229, 193]
  BufferedRegion: 
    Dimension: 3
    Index: [0, 0, 0]
    Size: [193, 229, 193]
  RequestedRegion: 
    Dimension: 3
    Index: [0, 0, 0]
    Size: [193, 229, 193]
  Spacing: [1, 1, 1]
  Origin: [96, 132, -78]
  Direction: 
-1 0 0
0 -1 0
0 0 1

  IndexToPointMatrix: 
-1 0 0
0 -1 0
0 0 1

  PointToIndexMatrix: 
-1 0 0
0 -1 0
0 0 1

  Inverse Direction: 
-1 0 0
0 -1 0
0 0 1

  PixelContainer: 
    ImportImageContainer (0x4f7cd60)
      RTTI typeinfo:   itk::ImportImageContainer<unsigned long, double>
      Reference Count: 1
      Modified Time: 1186
      Debug: Off
      Object Name: 
      Observers: 
        none
      Pointer: 0x149d7a430010
      Container manages memory: true
      Size: 8530021
      Capacity: 8530021

     Moving image = Image (0x4f6ef60)
  RTTI typeinfo:   itk::Image<double, 3u>
  Reference Count: 2
  Modified Time: 1581
  Debug: Off
  Object Name: 
  Observers: 
    none
  Source: (none)
  Source output name: (none)
  Release Data: Off
  Data Released: False
  Global Release Data: Off
  PipelineMTime: 0
  UpdateMTime: 1578
  RealTimeStamp: 0 seconds 
  LargestPossibleRegion: 
    Dimension: 3
    Index: [0, 0, 0]
    Size: [176, 240, 256]
  BufferedRegion: 
    Dimension: 3
    Index: [0, 0, 0]
    Size: [176, 240, 256]
  RequestedRegion: 
    Dimension: 3
    Index: [0, 0, 0]
    Size: [176, 240, 256]
  Spacing: [0.999999, 1, 1]
  Origin: [90.3778, 84.5091, -154.071]
  Direction: 
-0.999391 7.48184e-06 -0.0348969
-7.47664e-06 -1 -2.7953e-07
-0.0348969 -1.84481e-08 0.999391

  IndexToPointMatrix: 
-0.99939 7.48184e-06 -0.0348969
-7.47663e-06 -1 -2.7953e-07
-0.0348968 -1.84481e-08 0.999391

  PointToIndexMatrix: 
-0.999392 -7.47665e-06 -0.0348969
7.48184e-06 -1 -1.84481e-08
-0.0348969 -2.7953e-07 0.999391

  Inverse Direction: 
-0.999391 -7.47664e-06 -0.0348969
7.48184e-06 -1 -1.84481e-08
-0.0348969 -2.7953e-07 0.999391

  PixelContainer: 
    ImportImageContainer (0x4f606d0)
      RTTI typeinfo:   itk::ImportImageContainer<unsigned long, double>
      Reference Count: 1
      Modified Time: 1575
      Debug: Off
      Object Name: 
      Observers: 
        none
      Pointer: 0x149d751af010
      Container manages memory: true
      Size: 10813440
      Capacity: 10813440

     Weighting = 1
     Sampling strategy = regular
     Number of bins = 32
     Radius = 4
     Sampling percentage  = 0.25
   Transform = Rigid
     Gradient step = 0.1
     Update field sigma (voxel space) = 0
     Total field sigma (voxel space) = 0
     Update field time sigma = 0
     Total field time sigma  = 0
     Number of time indices = 0
     Number of time point samples = 0
Registration using 1 total stages.

Stage 0
  iterations = 1000x500x250x100
  convergence threshold = 1e-06
  convergence window size = 10
  number of levels = 4
  using the Mattes MI metric (number of bins = 32, weight = 1, use gradient filter = 0)
  preprocessing:  winsorizing the image intensities
  Shrink factors (level 1 out of 4): [8, 8, 8]
  Shrink factors (level 2 out of 4): [4, 4, 4]
  Shrink factors (level 3 out of 4): [2, 2, 2]
  Shrink factors (level 4 out of 4): [1, 1, 1]
  smoothing sigmas per level: [3, 2, 1, 0]
  regular sampling (percentage = 0.25)

*** Running Euler3DTransform registration ***

DIAGNOSTIC,Iteration,metricValue,convergenceValue,ITERATION_TIME_INDEX,SINCE_LAST
 2DIAGNOSTIC,     1, -5.323241903179e-01, 1.797693134862e+308, 7.6779e-01, 7.6779e-01, 
 2DIAGNOSTIC,     2, -5.346190553927e-01, 1.797693134862e+308, 7.7144e-01, 3.6471e-03, 
 2DIAGNOSTIC,     3, -5.378036555361e-01, 1.797693134862e+308, 7.7504e-01, 3.6061e-03, 
 2DIAGNOSTIC,     4, -5.422949451405e-01, 1.797693134862e+308, 7.7889e-01, 3.8459e-03, 
 2DIAGNOSTIC,     5, -5.486805952477e-01, 1.797693134862e+308, 7.8252e-01, 3.6321e-03, 
 2DIAGNOSTIC,     6, -5.542790085272e-01, 1.797693134862e+308, 7.8592e-01, 3.3951e-03, 
 2DIAGNOSTIC,     7, -5.627123115611e-01, 1.797693134862e+308, 7.8992e-01, 3.9999e-03, 
 2DIAGNOSTIC,     8, -5.766609943856e-01, 1.797693134862e+308, 7.9364e-01, 3.7189e-03, 
 2DIAGNOSTIC,     9, -5.881111419397e-01, 1.797693134862e+308, 7.9735e-01, 3.7091e-03, 
 2DIAGNOSTIC,    10, -6.012927005665e-01, 7.820055967719e-03, 8.0244e-01, 5.0910e-03, 
 2DIAGNOSTIC,    11, -6.192402913592e-01, 8.564422673945e-03, 8.0913e-01, 6.6900e-03, 
 2DIAGNOSTIC,    12, -6.197111897447e-01, 8.513711436530e-03, 8.1295e-01, 3.8280e-03, 
 2DIAGNOSTIC,    13, -6.223136777510e-01, 7.932305190667e-03, 8.1661e-01, 3.6590e-03, 
 2DIAGNOSTIC,    14, -6.239859078528e-01, 6.938967258808e-03, 8.2034e-01, 3.7220e-03, 
 2DIAGNOSTIC,    15, -6.258731029033e-01, 5.722268374525e-03, 8.2411e-01, 3.7732e-03, 
 2DIAGNOSTIC,    16, -6.290042957036e-01, 4.404898010684e-03, 8.2797e-01, 3.8600e-03, 
 2DIAGNOSTIC,    17, -6.327399548139e-01, 3.192249457891e-03, 8.3299e-01, 5.0240e-03, 
 2DIAGNOSTIC,    18, -6.361770329220e-01, 2.298162514558e-03, 8.3806e-01, 5.0638e-03, 
 2DIAGNOSTIC,    19, -6.381920795445e-01, 1.629119692533e-03, 8.4237e-01, 4.3089e-03, 
 2DIAGNOSTIC,    20, -6.414786468442e-01, 1.264281191579e-03, 8.4638e-01, 4.0140e-03, 
 2DIAGNOSTIC,    21, -6.422621311363e-01, 1.244231354384e-03, 8.5024e-01, 3.8600e-03, 
 2DIAGNOSTIC,    22, -6.443386369563e-01, 1.164065698878e-03, 8.5410e-01, 3.8590e-03, 
 2DIAGNOSTIC,    23, -6.458367310939e-01, 1.066297095026e-03, 8.5808e-01, 3.9840e-03, 
 2DIAGNOSTIC,    24, -6.528535012904e-01, 1.047817936584e-03, 8.6255e-01, 4.4670e-03, 
 2DIAGNOSTIC,    25, -6.591704560929e-01, 1.083081251010e-03, 8.6842e-01, 5.8758e-03, 
 2DIAGNOSTIC,    26, -6.605963651274e-01, 1.093549148892e-03, 8.7353e-01, 5.1041e-03, 
 2DIAGNOSTIC,    27, -6.608439811773e-01, 1.070984901929e-03, 8.7736e-01, 3.8271e-03, 
 2DIAGNOSTIC,    28, -6.615671828549e-01, 1.019502617521e-03, 8.8122e-01, 3.8681e-03, 
 2DIAGNOSTIC,    29, -6.628794478142e-01, 9.260605281450e-04, 8.8558e-01, 4.3559e-03, 
 2DIAGNOSTIC,    30, -6.728295749956e-01, 9.537380096834e-04, 8.9158e-01, 5.9979e-03, 
 2DIAGNOSTIC,    31, -6.735479081093e-01, 9.084162455310e-04, 8.9597e-01, 4.3919e-03, 
 2DIAGNOSTIC,    32, -6.743492694851e-01, 8.254145711312e-04, 9.0015e-01, 4.1821e-03, 
 2DIAGNOSTIC,    33, -6.778518692055e-01, 7.396617748924e-04, 9.0426e-01, 4.1051e-03, 
 2DIAGNOSTIC,    34, -6.872952325130e-01, 8.064180977668e-04, 9.1327e-01, 9.0172e-03, 
 2DIAGNOSTIC,    35, -6.877313268457e-01, 8.751490336601e-04, 9.1751e-01, 4.2350e-03, 
 2DIAGNOSTIC,    36, -6.893204559962e-01, 8.964017138720e-04, 9.2225e-01, 4.7441e-03, 
 2DIAGNOSTIC,    37, -6.927359302281e-01, 8.790897550566e-04, 9.2678e-01, 4.5300e-03, 
 2DIAGNOSTIC,    38, -7.010147050485e-01, 8.851918869471e-04, 9.3123e-01, 4.4441e-03, 
 2DIAGNOSTIC,    39, -7.064023385624e-01, 8.770639090016e-04, 9.3512e-01, 3.8950e-03, 
 2DIAGNOSTIC,    40, -7.084358680773e-01, 9.204623336574e-04, 9.3946e-01, 4.3411e-03, 
 2DIAGNOSTIC,    41, -7.160781336543e-01, 9.679554605785e-04, 9.4410e-01, 4.6351e-03, 
 2DIAGNOSTIC,    42, -7.194808438607e-01, 9.634491047141e-04, 9.4992e-01, 5.8191e-03, 
 2DIAGNOSTIC,    43, -7.227246361019e-01, 9.331615770148e-04, 9.5485e-01, 4.9291e-03, 
 2DIAGNOSTIC,    44, -7.263000779993e-01, 9.466603456528e-04, 9.5879e-01, 3.9420e-03, 
 2DIAGNOSTIC,    45, -7.443174245294e-01, 1.050236304067e-03, 9.6397e-01, 5.1801e-03, 
 2DIAGNOSTIC,    46, -7.460506916118e-01, 1.075687757772e-03, 9.6848e-01, 4.5109e-03, 
 2DIAGNOSTIC,    47, -7.461544835132e-01, 1.030059016567e-03, 9.7258e-01, 4.1039e-03, 
 2DIAGNOSTIC,    48, -7.468501046709e-01, 9.721309795125e-04, 9.7770e-01, 5.1141e-03, 
 2DIAGNOSTIC,    49, -7.473588161095e-01, 8.761956550454e-04, 9.8230e-01, 4.6010e-03, 
 2DIAGNOSTIC,    50, -7.476510118734e-01, 7.172411323936e-04, 9.8644e-01, 4.1380e-03, 
 2DIAGNOSTIC,    51, -7.478768619796e-01, 5.629920547139e-04, 9.9093e-01, 4.4889e-03, 
 2DIAGNOSTIC,    52, -7.479776191505e-01, 3.928006655421e-04, 9.9543e-01, 4.4999e-03, 
 2DIAGNOSTIC,    53, -7.480691226566e-01, 2.205830451608e-04, 9.9942e-01, 3.9921e-03, 
 2DIAGNOSTIC,    54, -7.482888647357e-01, 6.073821953889e-05, 1.0035e+00, 4.0710e-03, 
 2DIAGNOSTIC,    55, -7.517851559210e-01, 6.914604503129e-05, 1.0081e+00, 4.6542e-03, 
 2DIAGNOSTIC,    56, -7.525894743688e-01, 8.937305248695e-05, 1.0137e+00, 5.5199e-03, 
 2DIAGNOSTIC,    57, -7.526580646482e-01, 1.016621263632e-04, 1.0178e+00, 4.1718e-03, 
 2DIAGNOSTIC,    58, -7.532205338441e-01, 1.134226678845e-04, 1.0223e+00, 4.5149e-03, 
 2DIAGNOSTIC,    59, -7.534227360161e-01, 1.188635706007e-04, 1.0270e+00, 4.6761e-03, 
 2DIAGNOSTIC,    60, -7.535913260180e-01, 1.155512634388e-04, 1.0310e+00, 3.9911e-03, 
 2DIAGNOSTIC,    61, -7.539436409343e-01, 1.052069291698e-04, 1.0350e+00, 3.9821e-03, 
 2DIAGNOSTIC,    62, -7.555198810305e-01, 9.692438713104e-05, 1.0395e+00, 4.5090e-03, 
 2DIAGNOSTIC,    63, -7.553120263308e-01, 7.890416987186e-05, 1.0440e+00, 4.5140e-03, 
 2DIAGNOSTIC,    64, -7.566836309394e-01, 6.401953619446e-05, 1.0480e+00, 3.9709e-03, 
 2DIAGNOSTIC,    65, -7.582618950726e-01, 7.611627802358e-05, 1.0539e+00, 5.9280e-03, 
 2DIAGNOSTIC,    66, -7.586698815581e-01, 8.800550147248e-05, 1.0579e+00, 3.9740e-03, 
 2DIAGNOSTIC,    67, -7.584606640656e-01, 9.015506106936e-05, 1.0619e+00, 3.9620e-03, 
 2DIAGNOSTIC,    68, -7.587576540871e-01, 8.908170142322e-05, 1.0658e+00, 3.9470e-03, 
 2DIAGNOSTIC,    69, -7.593238311221e-01, 8.411836001939e-05, 1.0703e+00, 4.4611e-03, 
 2DIAGNOSTIC,    70, -7.598958197969e-01, 7.540874216554e-05, 1.0744e+00, 4.1230e-03, 
 2DIAGNOSTIC,    71, -7.629983606831e-01, 7.973793056624e-05, 1.0795e+00, 5.0890e-03, 
 2DIAGNOSTIC,    72, -7.628238107894e-01, 8.424741753945e-05, 1.0849e+00, 5.4500e-03, 
 2DIAGNOSTIC,    73, -7.629035543008e-01, 8.000409793356e-05, 1.0894e+00, 4.4491e-03, 
 2DIAGNOSTIC,    74, -7.628381602281e-01, 7.547245315492e-05, 1.0934e+00, 4.0650e-03, 
 2DIAGNOSTIC,    75, -7.628048250087e-01, 7.217753010094e-05, 1.0979e+00, 4.4332e-03, 
 2DIAGNOSTIC,    76, -7.626106867259e-01, 6.304591887764e-05, 1.1018e+00, 3.9530e-03, 
 2DIAGNOSTIC,    77, -7.626662913741e-01, 4.733532439462e-05, 1.1058e+00, 3.9301e-03, 
 2DIAGNOSTIC,    78, -7.626036098786e-01, 2.897674467603e-05, 1.1102e+00, 4.4329e-03, 
 2DIAGNOSTIC,    79, -7.626197904951e-01, 1.150390755093e-05, 1.1146e+00, 4.3831e-03, 
DIAGNOSTIC,Iteration,metricValue,convergenceValue,ITERATION_TIME_INDEX,SINCE_LAST
 2DIAGNOSTIC,     1, -6.080705793140e-01, 1.797693134862e+308, 1.9073e+00, 7.9276e-01, 
 2DIAGNOSTIC,     2, -6.087412837041e-01, 1.797693134862e+308, 1.9372e+00, 2.9837e-02, 
 2DIAGNOSTIC,     3, -6.096480805127e-01, 1.797693134862e+308, 1.9645e+00, 2.7307e-02, 
 2DIAGNOSTIC,     4, -6.105394763620e-01, 1.797693134862e+308, 1.9923e+00, 2.7785e-02, 
 2DIAGNOSTIC,     5, -6.116041555291e-01, 1.797693134862e+308, 2.0214e+00, 2.9100e-02, 
 2DIAGNOSTIC,     6, -6.123335787192e-01, 1.797693134862e+308, 2.0486e+00, 2.7223e-02, 
 2DIAGNOSTIC,     7, -6.150431799832e-01, 1.797693134862e+308, 2.0799e+00, 3.1285e-02, 
 2DIAGNOSTIC,     8, -6.158919736308e-01, 1.797693134862e+308, 2.1143e+00, 3.4418e-02, 
 2DIAGNOSTIC,     9, -6.167845184842e-01, 1.797693134862e+308, 2.1433e+00, 2.8994e-02, 
 2DIAGNOSTIC,    10, -6.176543556636e-01, 1.080267525473e-03, 2.1740e+00, 3.0728e-02, 
 2DIAGNOSTIC,    11, -6.184746626232e-01, 9.957421878980e-04, 2.2098e+00, 3.5812e-02, 
 2DIAGNOSTIC,    12, -6.187306411229e-01, 8.703459428053e-04, 2.2390e+00, 2.9190e-02, 
 2DIAGNOSTIC,    13, -6.192273774237e-01, 7.355971284892e-04, 2.2726e+00, 3.3546e-02, 
 2DIAGNOSTIC,    14, -6.195553119560e-01, 5.940682880180e-04, 2.3006e+00, 2.8041e-02, 
 2DIAGNOSTIC,    15, -6.199873928474e-01, 4.638288813685e-04, 2.3346e+00, 3.3957e-02, 
 2DIAGNOSTIC,    16, -6.203634339174e-01, 3.375316064805e-04, 2.3623e+00, 2.7794e-02, 
 2DIAGNOSTIC,    17, -6.206404629280e-01, 2.762153680490e-04, 2.3911e+00, 2.8721e-02, 
 2DIAGNOSTIC,    18, -6.207659229971e-01, 2.211917081083e-04, 2.4237e+00, 3.2603e-02, 
 2DIAGNOSTIC,    19, -6.208318588000e-01, 1.746125423608e-04, 2.4599e+00, 3.6276e-02, 
 2DIAGNOSTIC,    20, -6.212627171366e-01, 1.462310450850e-04, 2.4917e+00, 3.1795e-02, 
 2DIAGNOSTIC,    21, -6.212699123743e-01, 1.249515349834e-04, 2.5332e+00, 4.1447e-02, 
 2DIAGNOSTIC,    22, -6.212658534934e-01, 9.929886089215e-05, 2.5658e+00, 3.2638e-02, 
 2DIAGNOSTIC,    23, -6.212615748480e-01, 7.671974558797e-05, 2.5951e+00, 2.9232e-02, 
 2DIAGNOSTIC,    24, -6.212505692707e-01, 5.493532992541e-05, 2.6275e+00, 3.2472e-02, 
 2DIAGNOSTIC,    25, -6.212359269983e-01, 3.732599881467e-05, 2.6584e+00, 3.0842e-02, 
 2DIAGNOSTIC,    26, -6.212315100060e-01, 2.414777012733e-05, 2.6890e+00, 3.0637e-02, 
 2DIAGNOSTIC,    27, -6.212284151127e-01, 1.453143497352e-05, 2.7167e+00, 2.7729e-02, 
 2DIAGNOSTIC,    28, -6.212431477699e-01, 6.705935512628e-06, 2.7471e+00, 3.0407e-02, 
DIAGNOSTIC,Iteration,metricValue,convergenceValue,ITERATION_TIME_INDEX,SINCE_LAST
 2DIAGNOSTIC,     1, -5.346116894637e-01, 1.797693134862e+308, 3.8486e+00, 1.1014e+00, 
 2DIAGNOSTIC,     2, -5.348467853555e-01, 1.797693134862e+308, 4.0427e+00, 1.9414e-01, 
 2DIAGNOSTIC,     3, -5.350189120682e-01, 1.797693134862e+308, 4.2547e+00, 2.1200e-01, 
 2DIAGNOSTIC,     4, -5.351676914590e-01, 1.797693134862e+308, 4.4515e+00, 1.9678e-01, 
 2DIAGNOSTIC,     5, -5.353441821892e-01, 1.797693134862e+308, 4.6678e+00, 2.1628e-01, 
 2DIAGNOSTIC,     6, -5.355844066629e-01, 1.797693134862e+308, 4.9118e+00, 2.4400e-01, 
 2DIAGNOSTIC,     7, -5.359505419750e-01, 1.797693134862e+308, 5.2536e+00, 3.4179e-01, 
 2DIAGNOSTIC,     8, -5.359578414480e-01, 1.797693134862e+308, 5.5388e+00, 2.8518e-01, 
 2DIAGNOSTIC,     9, -5.359542673468e-01, 1.797693134862e+308, 5.7972e+00, 2.5846e-01, 
 2DIAGNOSTIC,    10, -5.359520295129e-01, 1.821786530076e-04, 6.0206e+00, 2.2335e-01, 
 2DIAGNOSTIC,    11, -5.359505889150e-01, 1.388731385155e-04, 6.2610e+00, 2.4038e-01, 
 2DIAGNOSTIC,    12, -5.359475783088e-01, 1.005358893164e-04, 6.5128e+00, 2.5186e-01, 
 2DIAGNOSTIC,    13, -5.359465893937e-01, 6.626299984906e-05, 6.7239e+00, 2.1106e-01, 
 2DIAGNOSTIC,    14, -5.359455866596e-01, 3.683968888847e-05, 6.9140e+00, 1.9014e-01, 
 2DIAGNOSTIC,    15, -5.359446384916e-01, 1.431384061899e-05, 7.1426e+00, 2.2860e-01, 
 2DIAGNOSTIC,    16, -5.359447721586e-01, 1.112612096330e-06, 7.3428e+00, 2.0015e-01, 
DIAGNOSTIC,Iteration,metricValue,convergenceValue,ITERATION_TIME_INDEX,SINCE_LAST
 2DIAGNOSTIC,     1, -4.895792614002e-01, 1.797693134862e+308, 1.1639e+01, 4.2961e+00, 
 2DIAGNOSTIC,     2, -4.895793389286e-01, 1.797693134862e+308, 1.3272e+01, 1.6334e+00, 
 2DIAGNOSTIC,     3, -4.895793776087e-01, 1.797693134862e+308, 1.4938e+01, 1.6655e+00, 
 2DIAGNOSTIC,     4, -4.895792525548e-01, 1.797693134862e+308, 1.6461e+01, 1.5230e+00, 
 2DIAGNOSTIC,     5, -4.895792307032e-01, 1.797693134862e+308, 1.8211e+01, 1.7502e+00, 
 2DIAGNOSTIC,     6, -4.895791519596e-01, 1.797693134862e+308, 1.9762e+01, 1.5514e+00, 
 2DIAGNOSTIC,     7, -4.895789435814e-01, 1.797693134862e+308, 2.1137e+01, 1.3744e+00, 
 2DIAGNOSTIC,     8, -4.895788680885e-01, 1.797693134862e+308, 2.2672e+01, 1.5356e+00, 
 2DIAGNOSTIC,     9, -4.895788943531e-01, 1.797693134862e+308, 2.4006e+01, 1.3334e+00, 
 2DIAGNOSTIC,    10, -4.895787060219e-01, 3.096308015135e-06, 2.5610e+01, 1.6043e+00, 
 2DIAGNOSTIC,    11, -4.895787501183e-01, 2.805751821849e-06, 2.7193e+01, 1.5832e+00, 
 2DIAGNOSTIC,    12, -4.895786661986e-01, 2.570933134105e-06, 2.8535e+01, 1.3421e+00, 
 2DIAGNOSTIC,    13, -4.895786043698e-01, 2.378592608238e-06, 3.0053e+01, 1.5178e+00, 
 2DIAGNOSTIC,    14, -4.895786395221e-01, 2.216136753566e-06, 3.1424e+01, 1.3711e+00, 
 2DIAGNOSTIC,    15, -4.895785826397e-01, 2.077341562393e-06, 3.2928e+01, 1.5036e+00, 
 2DIAGNOSTIC,    16, -4.895785262024e-01, 1.955210901572e-06, 3.4306e+01, 1.3782e+00, 
 2DIAGNOSTIC,    17, -4.895785104638e-01, 1.842906668957e-06, 3.5866e+01, 1.5598e+00, 
 2DIAGNOSTIC,    18, -4.895786108788e-01, 1.746423224327e-06, 3.7393e+01, 1.5270e+00, 
 2DIAGNOSTIC,    19, -4.895784048200e-01, 1.656543100477e-06, 3.8791e+01, 1.3978e+00, 
 2DIAGNOSTIC,    20, -4.895782964985e-01, 1.568815249285e-06, 4.0468e+01, 1.6770e+00, 
 2DIAGNOSTIC,    21, -4.895782758043e-01, 1.492266892042e-06, 4.2472e+01, 2.0041e+00, 
 2DIAGNOSTIC,    22, -4.895780752150e-01, 1.417198849704e-06, 4.4080e+01, 1.6079e+00, 
 2DIAGNOSTIC,    23, -4.895778632482e-01, 1.344440109324e-06, 4.5644e+01, 1.5645e+00, 
 2DIAGNOSTIC,    24, -4.895777763882e-01, 1.280293743494e-06, 4.7240e+01, 1.5959e+00, 
 2DIAGNOSTIC,    25, -4.895775787021e-01, 1.219660584417e-06, 4.8594e+01, 1.3538e+00, 
 2DIAGNOSTIC,    26, -4.895774050599e-01, 1.163535898754e-06, 5.0031e+01, 1.4373e+00, 
 2DIAGNOSTIC,    27, -4.895775046659e-01, 1.118979105208e-06, 5.1539e+01, 1.5078e+00, 
 2DIAGNOSTIC,    28, -4.895775304183e-01, 1.085816926573e-06, 5.3715e+01, 2.1761e+00, 
 2DIAGNOSTIC,    29, -4.895773193616e-01, 1.051342366928e-06, 5.5300e+01, 1.5854e+00, 
 2DIAGNOSTIC,    30, -4.895772220506e-01, 1.019629427161e-06, 5.6660e+01, 1.3595e+00, 
  Elapsed time (stage 0): 5.7492e+01


Total elapsed time: 5.7495e+01
Info [verificarlo]: loaded backend libinterflop_ieee.so
Info [interflop-ieee]: load backend with:
Info [interflop-ieee]: debug = false
Info [interflop-ieee]: debug-binary = false
Info [interflop-ieee]: no-backend-name = false
Info [interflop-ieee]: print-new-line = false
Info [interflop-ieee]: print-subnormal-normalized = false
Info [interflop-ieee]: count-op = false
All_Command_lines_OK
Using double precision for computations.
=============================================================================
The composite transform comprises the following transforms (in order): 
  1. /home/mdugre/scratch/mri-registration-rp/datasets/ds004513/derivatives/mri-registration-rp/0001/antsRegistration-r8-p9/sub-s025/rigid_Composite.h5[0] (type = Euler3DTransform)
  2. /home/mdugre/scratch/mri-registration-rp/datasets/ds004513/derivatives/mri-registration-rp/0001/antsRegistration-r8-p9/sub-s025/rigid_Composite.h5[1] (type = Euler3DTransform)
  3. /home/mdugre/scratch/mri-registration-rp/datasets/ds004513/derivatives/mri-registration-rp/0001/antsRegistration-r8-p9/sub-s025/rigid_Composite.h5[2] (type = Euler3DTransform)
=============================================================================
  number of levels = 4
  fixed image: /templateflow/tpl-MNI152NLin2009cAsym/tpl-MNI152NLin2009cAsym_res-01_desc-brain_T1w.nii.gz
  moving image: /home/mdugre/scratch/mri-registration-rp/datasets/ds004513/derivatives/mri-registration-rp/antsBrainExtraction/sub-s025/BrainExtractionBrain.nii.gz
Dimension = 3
Number of stages = 1
Use histogram matching = false
Winsorize image intensities = true
  Lower quantile = 0.005
  Upper quantile = 0.995


Stage 1 State
   Image metric = MattesMI
     Fixed image = Image (0x47bc530)
  RTTI typeinfo:   itk::Image<double, 3u>
  Reference Count: 2
  Modified Time: 1594
  Debug: Off
  Object Name: 
  Observers: 
    none
  Source: (none)
  Source output name: (none)
  Release Data: Off
  Data Released: False
  Global Release Data: Off
  PipelineMTime: 0
  UpdateMTime: 1203
  RealTimeStamp: 0 seconds 
  LargestPossibleRegion: 
    Dimension: 3
    Index: [0, 0, 0]
    Size: [193, 229, 193]
  BufferedRegion: 
    Dimension: 3
    Index: [0, 0, 0]
    Size: [193, 229, 193]
  RequestedRegion: 
    Dimension: 3
    Index: [0, 0, 0]
    Size: [193, 229, 193]
  Spacing: [1, 1, 1]
  Origin: [96, 132, -78]
  Direction: 
-1 0 0
0 -1 0
0 0 1

  IndexToPointMatrix: 
-1 0 0
0 -1 0
0 0 1

  PointToIndexMatrix: 
-1 0 0
0 -1 0
0 0 1

  Inverse Direction: 
-1 0 0
0 -1 0
0 0 1

  PixelContainer: 
    ImportImageContainer (0x48752a0)
      RTTI typeinfo:   itk::ImportImageContainer<unsigned long, double>
      Reference Count: 1
      Modified Time: 1200
      Debug: Off
      Object Name: 
      Observers: 
        none
      Pointer: 0x152fdedf8010
      Container manages memory: true
      Size: 8530021
      Capacity: 8530021

     Moving image = Image (0x4877e60)
  RTTI typeinfo:   itk::Image<double, 3u>
  Reference Count: 2
  Modified Time: 1595
  Debug: Off
  Object Name: 
  Observers: 
    none
  Source: (none)
  Source output name: (none)
  Release Data: Off
  Data Released: False
  Global Release Data: Off
  PipelineMTime: 0
  UpdateMTime: 1592
  RealTimeStamp: 0 seconds 
  LargestPossibleRegion: 
    Dimension: 3
    Index: [0, 0, 0]
    Size: [176, 240, 256]
  BufferedRegion: 
    Dimension: 3
    Index: [0, 0, 0]
    Size: [176, 240, 256]
  RequestedRegion: 
    Dimension: 3
    Index: [0, 0, 0]
    Size: [176, 240, 256]
  Spacing: [0.999999, 1, 1]
  Origin: [90.3778, 84.5091, -154.071]
  Direction: 
-0.999391 7.48184e-06 -0.0348969
-7.47664e-06 -1 -2.7953e-07
-0.0348969 -1.84481e-08 0.999391

  IndexToPointMatrix: 
-0.99939 7.48184e-06 -0.0348969
-7.47663e-06 -1 -2.7953e-07
-0.0348968 -1.84481e-08 0.999391

  PointToIndexMatrix: 
-0.999392 -7.47665e-06 -0.0348969
7.48184e-06 -1 -1.84481e-08
-0.0348969 -2.7953e-07 0.999391

  Inverse Direction: 
-0.999391 -7.47664e-06 -0.0348969
7.48184e-06 -1 -1.84481e-08
-0.0348969 -2.7953e-07 0.999391

  PixelContainer: 
    ImportImageContainer (0x48ab390)
      RTTI typeinfo:   itk::ImportImageContainer<unsigned long, double>
      Reference Count: 1
      Modified Time: 1589
      Debug: Off
      Object Name: 
      Observers: 
        none
      Pointer: 0x152fd9b77010
      Container manages memory: true
      Size: 10813440
      Capacity: 10813440

     Weighting = 1
     Sampling strategy = regular
     Number of bins = 32
     Radius = 4
     Sampling percentage  = 0.25
   Transform = Affine
     Gradient step = 0.1
     Update field sigma (voxel space) = 0
     Total field sigma (voxel space) = 0
     Update field time sigma = 0
     Total field time sigma  = 0
     Number of time indices = 0
     Number of time point samples = 0
Registration using 1 total stages.

Stage 0
  iterations = 1000x500x250x100
  convergence threshold = 1e-06
  convergence window size = 10
  number of levels = 4
  using the Mattes MI metric (number of bins = 32, weight = 1, use gradient filter = 0)
  preprocessing:  winsorizing the image intensities
  Shrink factors (level 1 out of 4): [8, 8, 8]
  Shrink factors (level 2 out of 4): [4, 4, 4]
  Shrink factors (level 3 out of 4): [2, 2, 2]
  Shrink factors (level 4 out of 4): [1, 1, 1]
  smoothing sigmas per level: [3, 2, 1, 0]
  regular sampling (percentage = 0.25)

*** Running AffineTransform registration ***

DIAGNOSTIC,Iteration,metricValue,convergenceValue,ITERATION_TIME_INDEX,SINCE_LAST
 2DIAGNOSTIC,     1, -7.478481991104e-01, 1.797693134862e+308, 7.1075e-01, 7.1075e-01, 
 2DIAGNOSTIC,     2, -7.499624829634e-01, 1.797693134862e+308, 7.1514e-01, 4.3881e-03, 
 2DIAGNOSTIC,     3, -7.532811705737e-01, 1.797693134862e+308, 7.1924e-01, 4.1020e-03, 
 2DIAGNOSTIC,     4, -7.597932118711e-01, 1.797693134862e+308, 7.2322e-01, 3.9811e-03, 
 2DIAGNOSTIC,     5, -7.707328793779e-01, 1.797693134862e+308, 7.2729e-01, 4.0691e-03, 
 2DIAGNOSTIC,     6, -7.868310326396e-01, 1.797693134862e+308, 7.3145e-01, 4.1549e-03, 
 2DIAGNOSTIC,     7, -8.128178641114e-01, 1.797693134862e+308, 7.3621e-01, 4.7662e-03, 
 2DIAGNOSTIC,     8, -8.751289102340e-01, 1.797693134862e+308, 7.4127e-01, 5.0581e-03, 
 2DIAGNOSTIC,     9, -9.140648102171e-01, 1.797693134862e+308, 7.4532e-01, 4.0460e-03, 
 2DIAGNOSTIC,    10, -9.241771426081e-01, 1.519413145094e-02, 7.5089e-01, 5.5711e-03, 
 2DIAGNOSTIC,    11, -9.314586883680e-01, 1.549921101116e-02, 7.5606e-01, 5.1680e-03, 
 2DIAGNOSTIC,    12, -9.348919072682e-01, 1.452590905849e-02, 7.6075e-01, 4.6940e-03, 
 2DIAGNOSTIC,    13, -9.362027447654e-01, 1.251586140491e-02, 7.6528e-01, 4.5328e-03, 
 2DIAGNOSTIC,    14, -9.371606632260e-01, 9.863272691156e-03, 7.6951e-01, 4.2219e-03, 
 2DIAGNOSTIC,    15, -9.378441221368e-01, 6.977136470503e-03, 7.7515e-01, 5.6419e-03, 
 2DIAGNOSTIC,    16, -9.384935040579e-01, 4.207227168133e-03, 7.7968e-01, 4.5319e-03, 
 2DIAGNOSTIC,    17, -9.386628057482e-01, 1.890681728109e-03, 7.8458e-01, 4.8971e-03, 
 2DIAGNOSTIC,    18, -9.381674030594e-01, 7.901818441962e-04, 7.9005e-01, 5.4781e-03, 
 2DIAGNOSTIC,    19, -9.382259535830e-01, 4.100742562017e-04, 7.9418e-01, 4.1239e-03, 
 2DIAGNOSTIC,    20, -9.381680161280e-01, 1.939032306028e-04, 7.9922e-01, 5.0399e-03, 
 2DIAGNOSTIC,    21, -9.382341364447e-01, 9.407084999788e-05, 8.0369e-01, 4.4739e-03, 
 2DIAGNOSTIC,    22, -9.381769324674e-01, 4.463830436070e-05, 8.0872e-01, 5.0290e-03, 
 2DIAGNOSTIC,    23, -9.382583112201e-01, 1.527649978145e-05, 8.1321e-01, 4.4851e-03, 
DIAGNOSTIC,Iteration,metricValue,convergenceValue,ITERATION_TIME_INDEX,SINCE_LAST
 2DIAGNOSTIC,     1, -7.505099978507e-01, 1.797693134862e+308, 1.5447e+00, 7.3146e-01, 
 2DIAGNOSTIC,     2, -7.509199252504e-01, 1.797693134862e+308, 1.5770e+00, 3.2330e-02, 
 2DIAGNOSTIC,     3, -7.513990786749e-01, 1.797693134862e+308, 1.6094e+00, 3.2411e-02, 
 2DIAGNOSTIC,     4, -7.518496065257e-01, 1.797693134862e+308, 1.6423e+00, 3.2909e-02, 
 2DIAGNOSTIC,     5, -7.528138148458e-01, 1.797693134862e+308, 1.6858e+00, 4.3504e-02, 
 2DIAGNOSTIC,     6, -7.538971107478e-01, 1.797693134862e+308, 1.7303e+00, 4.4468e-02, 
 2DIAGNOSTIC,     7, -7.539475545768e-01, 1.797693134862e+308, 1.7648e+00, 3.4552e-02, 
 2DIAGNOSTIC,     8, -7.541099103341e-01, 1.797693134862e+308, 1.8051e+00, 4.0226e-02, 
 2DIAGNOSTIC,     9, -7.541707695019e-01, 1.797693134862e+308, 1.8396e+00, 3.4551e-02, 
 2DIAGNOSTIC,    10, -7.541938492851e-01, 3.650808953769e-04, 1.8812e+00, 4.1580e-02, 
 2DIAGNOSTIC,    11, -7.542503530312e-01, 2.779426838569e-04, 1.9334e+00, 5.2167e-02, 
 2DIAGNOSTIC,    12, -7.541972306998e-01, 1.919647819570e-04, 1.9801e+00, 4.6746e-02, 
 2DIAGNOSTIC,    13, -7.541992237110e-01, 1.165682142918e-04, 2.0187e+00, 3.8580e-02, 
 2DIAGNOSTIC,    14, -7.541997235502e-01, 5.333798812707e-05, 2.0547e+00, 3.5976e-02, 
 2DIAGNOSTIC,    15, -7.541860109479e-01, 1.705436610887e-05, 2.0912e+00, 3.6502e-02, 
 2DIAGNOSTIC,    16, -7.541873856051e-01, 9.544697379890e-06, 2.1296e+00, 3.8465e-02, 
 2DIAGNOSTIC,    17, -7.541749425717e-01, 2.999327872170e-06, 2.1742e+00, 4.4567e-02, 
DIAGNOSTIC,Iteration,metricValue,convergenceValue,ITERATION_TIME_INDEX,SINCE_LAST
 2DIAGNOSTIC,     1, -6.421080848939e-01, 1.797693134862e+308, 3.2764e+00, 1.1022e+00, 
 2DIAGNOSTIC,     2, -6.424420685410e-01, 1.797693134862e+308, 3.5278e+00, 2.5137e-01, 
 2DIAGNOSTIC,     3, -6.428451605412e-01, 1.797693134862e+308, 3.7770e+00, 2.4921e-01, 
 2DIAGNOSTIC,     4, -6.432724676059e-01, 1.797693134862e+308, 4.0207e+00, 2.4368e-01, 
 2DIAGNOSTIC,     5, -6.444432433307e-01, 1.797693134862e+308, 4.2973e+00, 2.7666e-01, 
 2DIAGNOSTIC,     6, -6.451623458239e-01, 1.797693134862e+308, 4.6820e+00, 3.8470e-01, 
 2DIAGNOSTIC,     7, -6.451322221059e-01, 1.797693134862e+308, 5.0202e+00, 3.3815e-01, 
 2DIAGNOSTIC,     8, -6.451158450994e-01, 1.797693134862e+308, 5.2373e+00, 2.1715e-01, 
 2DIAGNOSTIC,     9, -6.451146237957e-01, 1.797693134862e+308, 5.4840e+00, 2.4671e-01, 
 2DIAGNOSTIC,    10, -6.451200186882e-01, 3.530190090874e-04, 5.7614e+00, 2.7734e-01, 
 2DIAGNOSTIC,    11, -6.451269145075e-01, 2.545664600754e-04, 6.0128e+00, 2.5141e-01, 
 2DIAGNOSTIC,    12, -6.451412782313e-01, 1.631701485210e-04, 6.2505e+00, 2.3767e-01, 
 2DIAGNOSTIC,    13, -6.451528254193e-01, 8.589647109272e-05, 6.5813e+00, 3.3085e-01, 
 2DIAGNOSTIC,    14, -6.451606650145e-01, 2.500582540539e-05, 6.8350e+00, 2.5365e-01, 
 2DIAGNOSTIC,    15, -6.451600657611e-01, 3.949276732168e-06, 7.1003e+00, 2.6536e-01, 
 2DIAGNOSTIC,    16, -6.451562402348e-01, 5.095461663468e-06, 7.3621e+00, 2.6173e-01, 
 2DIAGNOSTIC,    17, -6.451538262521e-01, 4.988779542400e-06, 7.6352e+00, 2.7315e-01, 
 2DIAGNOSTIC,    18, -6.451511630542e-01, 4.138434373989e-06, 7.9419e+00, 3.0670e-01, 
 2DIAGNOSTIC,    19, -6.451494193979e-01, 3.088702171250e-06, 8.1821e+00, 2.4023e-01, 
 2DIAGNOSTIC,    20, -6.451517563711e-01, 2.186204456536e-06, 8.4219e+00, 2.3974e-01, 
 2DIAGNOSTIC,    21, -6.451706177572e-01, 1.850893822063e-06, 8.6418e+00, 2.1989e-01, 
 2DIAGNOSTIC,    22, -6.451779040718e-01, 1.934219459862e-06, 8.8852e+00, 2.4340e-01, 
 2DIAGNOSTIC,    23, -6.451901747859e-01, 2.417835933521e-06, 9.1704e+00, 2.8526e-01, 
 2DIAGNOSTIC,    24, -6.451938063527e-01, 2.975042793209e-06, 9.4530e+00, 2.8254e-01, 
 2DIAGNOSTIC,    25, -6.451938382200e-01, 3.324520133789e-06, 9.7035e+00, 2.5049e-01, 
 2DIAGNOSTIC,    26, -6.451926560767e-01, 3.367535331616e-06, 9.9782e+00, 2.7468e-01, 
 2DIAGNOSTIC,    27, -6.452034148485e-01, 3.340849401130e-06, 1.0257e+01, 2.7892e-01, 
 2DIAGNOSTIC,    28, -6.452075379479e-01, 3.132249822131e-06, 1.0526e+01, 2.6913e-01, 
 2DIAGNOSTIC,    29, -6.452290472029e-01, 3.052495910712e-06, 1.0850e+01, 3.2409e-01, 
 2DIAGNOSTIC,    30, -6.452238644822e-01, 2.741825714365e-06, 1.1142e+01, 2.9211e-01, 
 2DIAGNOSTIC,    31, -6.452229181068e-01, 2.553250782467e-06, 1.1422e+01, 2.7974e-01, 
 2DIAGNOSTIC,    32, -6.452229461418e-01, 2.330020697452e-06, 1.1764e+01, 3.4198e-01, 
 2DIAGNOSTIC,    33, -6.452223065832e-01, 2.143527250094e-06, 1.2037e+01, 2.7302e-01, 
 2DIAGNOSTIC,    34, -6.452216655154e-01, 1.892312848400e-06, 1.2290e+01, 2.5243e-01, 
 2DIAGNOSTIC,    35, -6.452178864147e-01, 1.520594851600e-06, 1.2542e+01, 2.5198e-01, 
 2DIAGNOSTIC,    36, -6.452187463506e-01, 1.110126309291e-06, 1.2807e+01, 2.6582e-01, 
DIAGNOSTIC,Iteration,metricValue,convergenceValue,ITERATION_TIME_INDEX,SINCE_LAST
 2DIAGNOSTIC,     1, -5.764359751853e-01, 1.797693134862e+308, 1.5621e+01, 2.8139e+00, 
 2DIAGNOSTIC,     2, -5.769015146555e-01, 1.797693134862e+308, 1.7276e+01, 1.6544e+00, 
 2DIAGNOSTIC,     3, -5.774088461660e-01, 1.797693134862e+308, 1.9034e+01, 1.7579e+00, 
 2DIAGNOSTIC,     4, -5.780092574377e-01, 1.797693134862e+308, 2.0667e+01, 1.6338e+00, 
 2DIAGNOSTIC,     5, -5.784947599191e-01, 1.797693134862e+308, 2.2305e+01, 1.6380e+00, 
 2DIAGNOSTIC,     6, -5.796701126738e-01, 1.797693134862e+308, 2.5442e+01, 3.1364e+00, 
 2DIAGNOSTIC,     7, -5.796768839352e-01, 1.797693134862e+308, 2.7276e+01, 1.8338e+00, 
 2DIAGNOSTIC,     8, -5.796754710554e-01, 1.797693134862e+308, 3.0556e+01, 3.2803e+00, 
 2DIAGNOSTIC,     9, -5.796757415659e-01, 1.797693134862e+308, 3.2947e+01, 2.3910e+00, 
 2DIAGNOSTIC,    10, -5.796756778733e-01, 4.073449701600e-04, 3.4839e+01, 1.8923e+00, 
 2DIAGNOSTIC,    11, -5.796754328048e-01, 2.920724433852e-04, 3.6536e+01, 1.6965e+00, 
 2DIAGNOSTIC,    12, -5.796752264421e-01, 1.890008509836e-04, 3.8356e+01, 1.8203e+00, 
 2DIAGNOSTIC,    13, -5.796753212258e-01, 1.044471822608e-04, 3.9951e+01, 1.5953e+00, 
 2DIAGNOSTIC,    14, -5.796753308142e-01, 4.379442496924e-05, 4.2483e+01, 2.5315e+00, 
 2DIAGNOSTIC,    15, -5.796753552356e-01, 2.237920187595e-06, 4.4326e+01, 1.8430e+00, 
 2DIAGNOSTIC,    16, -5.796750889174e-01, 1.917330576001e-06, 4.6261e+01, 1.9358e+00, 
 2DIAGNOSTIC,    17, -5.796749731647e-01, 1.834987266081e-06, 4.7965e+01, 1.7037e+00, 
 2DIAGNOSTIC,    18, -5.796747308589e-01, 1.719857121343e-06, 4.9635e+01, 1.6703e+00, 
 2DIAGNOSTIC,    19, -5.796748303463e-01, 1.630877763163e-06, 5.1341e+01, 1.7051e+00, 
 2DIAGNOSTIC,    20, -5.796747982398e-01, 1.552612806550e-06, 5.3011e+01, 1.6705e+00, 
 2DIAGNOSTIC,    21, -5.796746978291e-01, 1.477645253559e-06, 5.4953e+01, 1.9424e+00, 
 2DIAGNOSTIC,    22, -5.796748277988e-01, 1.411517792392e-06, 5.6904e+01, 1.9509e+00, 
 2DIAGNOSTIC,    23, -5.796748318988e-01, 1.356470306302e-06, 5.8999e+01, 2.0950e+00, 
 2DIAGNOSTIC,    24, -5.796747516593e-01, 1.307032537270e-06, 6.0702e+01, 1.7024e+00, 
 2DIAGNOSTIC,    25, -5.796742681433e-01, 1.254511485811e-06, 6.2458e+01, 1.7564e+00, 
 2DIAGNOSTIC,    26, -5.796743181737e-01, 1.204032878628e-06, 6.4164e+01, 1.7056e+00, 
 2DIAGNOSTIC,    27, -5.796743565062e-01, 1.157753652108e-06, 6.6011e+01, 1.8467e+00, 
 2DIAGNOSTIC,    28, -5.796745453020e-01, 1.115610139130e-06, 6.8086e+01, 2.0753e+00, 
 2DIAGNOSTIC,    29, -5.796740785763e-01, 1.072182781586e-06, 6.9895e+01, 1.8089e+00, 
 2DIAGNOSTIC,    30, -5.796741213895e-01, 1.034707251525e-06, 7.1935e+01, 2.0398e+00, 
