
##########################
# Experiment information #
##########################

EXPERIMENT_NAME: antsRegistration-r7-p22
VFC_BACKENDS: libinterflop_vprec.so --range-binary32=7 --precision-binary32=22 --range-binary64=7 --precision-binary64=22

SIF_IMG: /home/mdugre/projects/rrg-glatard/mdugre/containers/ants-vprec-no_metrics.simg

SUBJECT_ID: s035
INPUT_IMG: /home/mdugre/scratch/mri-registration-rp/datasets/ds004513/derivatives/mri-registration-rp/antsBrainExtraction/sub-s035/BrainExtractionBrain.nii.gz
OUTPUT_DIR: /home/mdugre/scratch/mri-registration-rp/datasets/ds004513/derivatives/mri-registration-rp/0001/antsRegistration-r7-p22/sub-s035

FIXED_IMG: /templateflow/tpl-MNI152NLin2009cAsym/tpl-MNI152NLin2009cAsym_res-01_desc-brain_T1w.nii.gz
DATA_DIR: /home/mdugre/scratch/mri-registration-rp/datasets/ds004513
TEMPLATEFLOW_DIR: /home/mdugre/projects/rrg-glatard/mdugre/templateflow
ITK_GLOBAL_DEFAULT_NUMBER_OF_THREADS: 16
##########################

Info [verificarlo]: loaded backend libinterflop_ieee.so
Info [interflop-ieee]: load backend with:
Info [interflop-ieee]: debug = false
Info [interflop-ieee]: debug-binary = false
Info [interflop-ieee]: no-backend-name = false
Info [interflop-ieee]: print-new-line = false
Info [interflop-ieee]: print-subnormal-normalized = false
Info [interflop-ieee]: count-op = false
All_Command_lines_OK
Using double precision for computations.
=============================================================================
The composite transform comprises the following transforms (in order): 
  1. Center of mass alignment using fixed image: /templateflow/tpl-MNI152NLin2009cAsym/tpl-MNI152NLin2009cAsym_res-01_desc-brain_T1w.nii.gz and moving image: /home/mdugre/scratch/mri-registration-rp/datasets/ds004513/derivatives/mri-registration-rp/antsBrainExtraction/sub-s035/BrainExtractionBrain.nii.gz (type = Euler3DTransform)
=============================================================================
  number of levels = 1
  fixed image: /templateflow/tpl-MNI152NLin2009cAsym/tpl-MNI152NLin2009cAsym_res-01_desc-brain_T1w.nii.gz
  moving image: /home/mdugre/scratch/mri-registration-rp/datasets/ds004513/derivatives/mri-registration-rp/antsBrainExtraction/sub-s035/BrainExtractionBrain.nii.gz
Dimension = 3
Number of stages = 1
Use histogram matching = false
Winsorize image intensities = true
  Lower quantile = 0.005
  Upper quantile = 0.995


Stage 1 State
   Image metric = MattesMI
     Fixed image = Image (0x4f33e70)
  RTTI typeinfo:   itk::Image<double, 3u>
  Reference Count: 2
  Modified Time: 2330
  Debug: Off
  Object Name: 
  Observers: 
    none
  Source: (none)
  Source output name: (none)
  Release Data: Off
  Data Released: False
  Global Release Data: Off
  PipelineMTime: 0
  UpdateMTime: 1941
  RealTimeStamp: 0 seconds 
  LargestPossibleRegion: 
    Dimension: 3
    Index: [0, 0, 0]
    Size: [193, 229, 193]
  BufferedRegion: 
    Dimension: 3
    Index: [0, 0, 0]
    Size: [193, 229, 193]
  RequestedRegion: 
    Dimension: 3
    Index: [0, 0, 0]
    Size: [193, 229, 193]
  Spacing: [1, 1, 1]
  Origin: [96, 132, -78]
  Direction: 
-1 0 0
0 -1 0
0 0 1

  IndexToPointMatrix: 
-1 0 0
0 -1 0
0 0 1

  PointToIndexMatrix: 
-1 0 0
0 -1 0
0 0 1

  Inverse Direction: 
-1 0 0
0 -1 0
0 0 1

  PixelContainer: 
    ImportImageContainer (0x4f3cc60)
      RTTI typeinfo:   itk::ImportImageContainer<unsigned long, double>
      Reference Count: 1
      Modified Time: 1938
      Debug: Off
      Object Name: 
      Observers: 
        none
      Pointer: 0x14e5c7b54010
      Container manages memory: true
      Size: 8530021
      Capacity: 8530021

     Moving image = Image (0x4fd0ec0)
  RTTI typeinfo:   itk::Image<double, 3u>
  Reference Count: 2
  Modified Time: 2331
  Debug: Off
  Object Name: 
  Observers: 
    none
  Source: (none)
  Source output name: (none)
  Release Data: Off
  Data Released: False
  Global Release Data: Off
  PipelineMTime: 0
  UpdateMTime: 2328
  RealTimeStamp: 0 seconds 
  LargestPossibleRegion: 
    Dimension: 3
    Index: [0, 0, 0]
    Size: [160, 240, 256]
  BufferedRegion: 
    Dimension: 3
    Index: [0, 0, 0]
    Size: [160, 240, 256]
  RequestedRegion: 
    Dimension: 3
    Index: [0, 0, 0]
    Size: [160, 240, 256]
  Spacing: [1, 1, 1]
  Origin: [98.6438, 87.6358, -117.989]
  Direction: 
-0.993515 -0.100993 -0.0522355
0.100854 -0.994887 0.00530255
-0.0525039 1.93537e-08 0.998621

  IndexToPointMatrix: 
-0.993515 -0.100993 -0.0522355
0.100854 -0.994887 0.00530255
-0.0525039 1.93537e-08 0.998621

  PointToIndexMatrix: 
-0.993515 0.100854 -0.0525039
-0.100993 -0.994887 1.93006e-08
-0.0522355 0.00530255 0.998621

  Inverse Direction: 
-0.993515 0.100854 -0.0525039
-0.100993 -0.994887 1.93006e-08
-0.0522355 0.00530255 0.998621

  PixelContainer: 
    ImportImageContainer (0x5068610)
      RTTI typeinfo:   itk::ImportImageContainer<unsigned long, double>
      Reference Count: 1
      Modified Time: 2325
      Debug: Off
      Object Name: 
      Observers: 
        none
      Pointer: 0x14e5c3053010
      Container manages memory: true
      Size: 9830400
      Capacity: 9830400

     Weighting = 1
     Sampling strategy = regular
     Number of bins = 32
     Radius = 4
     Sampling percentage  = 0.25
   Transform = Rigid
     Gradient step = 0.1
     Update field sigma (voxel space) = 0
     Total field sigma (voxel space) = 0
     Update field time sigma = 0
     Total field time sigma  = 0
     Number of time indices = 0
     Number of time point samples = 0
Registration using 1 total stages.

Stage 0
  iterations = 0
  convergence threshold = 1e-06
  convergence window size = 10
  number of levels = 1
  using the Mattes MI metric (number of bins = 32, weight = 1, use gradient filter = 0)
  preprocessing:  winsorizing the image intensities
  Shrink factors (level 1 out of 1): [1, 1, 1]
  smoothing sigmas per level: [0]
  regular sampling (percentage = 0.25)

*** Running Euler3DTransform registration ***

  Elapsed time (stage 0): 1.1092


Total elapsed time: 1.1114
Info [verificarlo]: loaded backend libinterflop_ieee.so
Info [interflop-ieee]: load backend with:
Info [interflop-ieee]: debug = false
Info [interflop-ieee]: debug-binary = false
Info [interflop-ieee]: no-backend-name = false
Info [interflop-ieee]: print-new-line = false
Info [interflop-ieee]: print-subnormal-normalized = false
Info [interflop-ieee]: count-op = false
All_Command_lines_OK
Using double precision for computations.
=============================================================================
The composite transform comprises the following transforms (in order): 
  1. /home/mdugre/scratch/mri-registration-rp/datasets/ds004513/derivatives/mri-registration-rp/0001/antsRegistration-r7-p22/sub-s035/align_Composite.h5[0] (type = Euler3DTransform)
  2. /home/mdugre/scratch/mri-registration-rp/datasets/ds004513/derivatives/mri-registration-rp/0001/antsRegistration-r7-p22/sub-s035/align_Composite.h5[1] (type = Euler3DTransform)
=============================================================================
  number of levels = 4
  fixed image: /templateflow/tpl-MNI152NLin2009cAsym/tpl-MNI152NLin2009cAsym_res-01_desc-brain_T1w.nii.gz
  moving image: /home/mdugre/scratch/mri-registration-rp/datasets/ds004513/derivatives/mri-registration-rp/antsBrainExtraction/sub-s035/BrainExtractionBrain.nii.gz
Dimension = 3
Number of stages = 1
Use histogram matching = false
Winsorize image intensities = true
  Lower quantile = 0.005
  Upper quantile = 0.995


Stage 1 State
   Image metric = MattesMI
     Fixed image = Image (0x467a530)
  RTTI typeinfo:   itk::Image<double, 3u>
  Reference Count: 2
  Modified Time: 1578
  Debug: Off
  Object Name: 
  Observers: 
    none
  Source: (none)
  Source output name: (none)
  Release Data: Off
  Data Released: False
  Global Release Data: Off
  PipelineMTime: 0
  UpdateMTime: 1189
  RealTimeStamp: 0 seconds 
  LargestPossibleRegion: 
    Dimension: 3
    Index: [0, 0, 0]
    Size: [193, 229, 193]
  BufferedRegion: 
    Dimension: 3
    Index: [0, 0, 0]
    Size: [193, 229, 193]
  RequestedRegion: 
    Dimension: 3
    Index: [0, 0, 0]
    Size: [193, 229, 193]
  Spacing: [1, 1, 1]
  Origin: [96, 132, -78]
  Direction: 
-1 0 0
0 -1 0
0 0 1

  IndexToPointMatrix: 
-1 0 0
0 -1 0
0 0 1

  PointToIndexMatrix: 
-1 0 0
0 -1 0
0 0 1

  Inverse Direction: 
-1 0 0
0 -1 0
0 0 1

  PixelContainer: 
    ImportImageContainer (0x4738d60)
      RTTI typeinfo:   itk::ImportImageContainer<unsigned long, double>
      Reference Count: 1
      Modified Time: 1186
      Debug: Off
      Object Name: 
      Observers: 
        none
      Pointer: 0x154222f01010
      Container manages memory: true
      Size: 8530021
      Capacity: 8530021

     Moving image = Image (0x472af60)
  RTTI typeinfo:   itk::Image<double, 3u>
  Reference Count: 2
  Modified Time: 1579
  Debug: Off
  Object Name: 
  Observers: 
    none
  Source: (none)
  Source output name: (none)
  Release Data: Off
  Data Released: False
  Global Release Data: Off
  PipelineMTime: 0
  UpdateMTime: 1576
  RealTimeStamp: 0 seconds 
  LargestPossibleRegion: 
    Dimension: 3
    Index: [0, 0, 0]
    Size: [160, 240, 256]
  BufferedRegion: 
    Dimension: 3
    Index: [0, 0, 0]
    Size: [160, 240, 256]
  RequestedRegion: 
    Dimension: 3
    Index: [0, 0, 0]
    Size: [160, 240, 256]
  Spacing: [1, 1, 1]
  Origin: [98.6438, 87.6358, -117.989]
  Direction: 
-0.993515 -0.100993 -0.0522355
0.100854 -0.994887 0.00530255
-0.0525039 1.93537e-08 0.998621

  IndexToPointMatrix: 
-0.993515 -0.100993 -0.0522355
0.100854 -0.994887 0.00530255
-0.0525039 1.93537e-08 0.998621

  PointToIndexMatrix: 
-0.993515 0.100854 -0.0525039
-0.100993 -0.994887 1.93006e-08
-0.0522355 0.00530255 0.998621

  Inverse Direction: 
-0.993515 0.100854 -0.0525039
-0.100993 -0.994887 1.93006e-08
-0.0522355 0.00530255 0.998621

  PixelContainer: 
    ImportImageContainer (0x471c6d0)
      RTTI typeinfo:   itk::ImportImageContainer<unsigned long, double>
      Reference Count: 1
      Modified Time: 1573
      Debug: Off
      Object Name: 
      Observers: 
        none
      Pointer: 0x15421e400010
      Container manages memory: true
      Size: 9830400
      Capacity: 9830400

     Weighting = 1
     Sampling strategy = regular
     Number of bins = 32
     Radius = 4
     Sampling percentage  = 0.25
   Transform = Rigid
     Gradient step = 0.1
     Update field sigma (voxel space) = 0
     Total field sigma (voxel space) = 0
     Update field time sigma = 0
     Total field time sigma  = 0
     Number of time indices = 0
     Number of time point samples = 0
Registration using 1 total stages.

Stage 0
  iterations = 1000x500x250x100
  convergence threshold = 1e-06
  convergence window size = 10
  number of levels = 4
  using the Mattes MI metric (number of bins = 32, weight = 1, use gradient filter = 0)
  preprocessing:  winsorizing the image intensities
  Shrink factors (level 1 out of 4): [8, 8, 8]
  Shrink factors (level 2 out of 4): [4, 4, 4]
  Shrink factors (level 3 out of 4): [2, 2, 2]
  Shrink factors (level 4 out of 4): [1, 1, 1]
  smoothing sigmas per level: [3, 2, 1, 0]
  regular sampling (percentage = 0.25)

*** Running Euler3DTransform registration ***

DIAGNOSTIC,Iteration,metricValue,convergenceValue,ITERATION_TIME_INDEX,SINCE_LAST
 2DIAGNOSTIC,     1, -5.238630234552e-01, 1.797693134862e+308, 1.0709e+00, 1.0709e+00, 
 2DIAGNOSTIC,     2, -5.257885820767e-01, 1.797693134862e+308, 1.0765e+00, 5.5518e-03, 
 2DIAGNOSTIC,     3, -5.278597554839e-01, 1.797693134862e+308, 1.0823e+00, 5.8041e-03, 
 2DIAGNOSTIC,     4, -5.302176117225e-01, 1.797693134862e+308, 1.0880e+00, 5.7030e-03, 
 2DIAGNOSTIC,     5, -5.343462816845e-01, 1.797693134862e+308, 1.0934e+00, 5.3999e-03, 
 2DIAGNOSTIC,     6, -5.399239396740e-01, 1.797693134862e+308, 1.0990e+00, 5.5869e-03, 
 2DIAGNOSTIC,     7, -5.490554822001e-01, 1.797693134862e+308, 1.1050e+00, 6.0611e-03, 
 2DIAGNOSTIC,     8, -5.545204224448e-01, 1.797693134862e+308, 1.1127e+00, 7.6418e-03, 
 2DIAGNOSTIC,     9, -5.601437715553e-01, 1.797693134862e+308, 1.1183e+00, 5.5900e-03, 
 2DIAGNOSTIC,    10, -5.617741193774e-01, 5.067640484485e-03, 1.1244e+00, 6.1059e-03, 
 2DIAGNOSTIC,    11, -5.649562249041e-01, 4.796539612083e-03, 1.1314e+00, 7.0541e-03, 
 2DIAGNOSTIC,    12, -5.658710903081e-01, 4.260783098155e-03, 1.1377e+00, 6.2950e-03, 
 2DIAGNOSTIC,    13, -5.662828333056e-01, 3.524744036645e-03, 1.1433e+00, 5.6219e-03, 
 2DIAGNOSTIC,    14, -5.685908474577e-01, 2.751340472953e-03, 1.1500e+00, 6.6588e-03, 
 2DIAGNOSTIC,    15, -5.732745043306e-01, 2.134644679428e-03, 1.1582e+00, 8.1542e-03, 
 2DIAGNOSTIC,    16, -5.738084427845e-01, 1.591333148336e-03, 1.1648e+00, 6.6869e-03, 
 2DIAGNOSTIC,    17, -5.739093703465e-01, 1.247363567740e-03, 1.1707e+00, 5.8169e-03, 
 2DIAGNOSTIC,    18, -5.745773598458e-01, 1.002163966315e-03, 1.1764e+00, 5.7130e-03, 
 2DIAGNOSTIC,    19, -5.752045522723e-01, 8.579763081923e-04, 1.1820e+00, 5.6520e-03, 
 2DIAGNOSTIC,    20, -5.755578777727e-01, 6.955845773876e-04, 1.1874e+00, 5.3639e-03, 
 2DIAGNOSTIC,    21, -5.761681227725e-01, 5.767135182709e-04, 1.1928e+00, 5.3718e-03, 
 2DIAGNOSTIC,    22, -5.775610178281e-01, 4.707067062546e-04, 1.1982e+00, 5.3959e-03, 
 2DIAGNOSTIC,    23, -5.801876522133e-01, 3.965856196825e-04, 1.2038e+00, 5.6739e-03, 
 2DIAGNOSTIC,    24, -5.873578871761e-01, 4.881452203948e-04, 1.2115e+00, 7.6280e-03, 
 2DIAGNOSTIC,    25, -5.924052233479e-01, 7.199711435146e-04, 1.2277e+00, 1.6233e-02, 
 2DIAGNOSTIC,    26, -5.933789722526e-01, 8.944842700295e-04, 1.2362e+00, 8.5380e-03, 
 2DIAGNOSTIC,    27, -5.948140362550e-01, 1.002036484445e-03, 1.2426e+00, 6.3250e-03, 
 2DIAGNOSTIC,    28, -5.954370004536e-01, 1.029952320881e-03, 1.2478e+00, 5.2190e-03, 
 2DIAGNOSTIC,    29, -5.955619965617e-01, 9.699000563117e-04, 1.2531e+00, 5.2891e-03, 
 2DIAGNOSTIC,    30, -5.960977142433e-01, 8.366692960082e-04, 1.2583e+00, 5.2691e-03, 
 2DIAGNOSTIC,    31, -5.971105016159e-01, 6.606986235684e-04, 1.2647e+00, 6.3610e-03, 
 2DIAGNOSTIC,    32, -5.989728413268e-01, 4.853112632093e-04, 1.2728e+00, 8.1031e-03, 
 2DIAGNOSTIC,    33, -5.996340171239e-01, 3.222359248035e-04, 1.2780e+00, 5.2071e-03, 
 2DIAGNOSTIC,    34, -5.997688324892e-01, 2.443793015798e-04, 1.2832e+00, 5.2421e-03, 
 2DIAGNOSTIC,    35, -5.999328162849e-01, 2.224308790516e-04, 1.2900e+00, 6.7041e-03, 
 2DIAGNOSTIC,    36, -6.001598298616e-01, 1.965988109908e-04, 1.2952e+00, 5.2462e-03, 
 2DIAGNOSTIC,    37, -6.004938013042e-01, 1.767006120794e-04, 1.3010e+00, 5.8470e-03, 
 2DIAGNOSTIC,    38, -6.008280010247e-01, 1.536048164250e-04, 1.3064e+00, 5.3451e-03, 
 2DIAGNOSTIC,    39, -6.038559363687e-01, 1.574331426075e-04, 1.3126e+00, 6.1619e-03, 
 2DIAGNOSTIC,    40, -6.077047302565e-01, 1.993081236837e-04, 1.3181e+00, 5.5220e-03, 
 2DIAGNOSTIC,    41, -6.174632739640e-01, 3.481387566699e-04, 1.3253e+00, 7.2451e-03, 
 2DIAGNOSTIC,    42, -6.161977902118e-01, 4.608907831217e-04, 1.3366e+00, 1.1259e-02, 
 2DIAGNOSTIC,    43, -6.161564577336e-01, 5.335372061728e-04, 1.3420e+00, 5.3949e-03, 
 2DIAGNOSTIC,    44, -6.170772269053e-01, 5.644821984589e-04, 1.3475e+00, 5.5361e-03, 
 2DIAGNOSTIC,    45, -6.185357312411e-01, 5.560476829664e-04, 1.3530e+00, 5.4431e-03, 
 2DIAGNOSTIC,    46, -6.206472626440e-01, 5.180559575058e-04, 1.3582e+00, 5.2171e-03, 
 2DIAGNOSTIC,    47, -6.234100437567e-01, 4.649605265778e-04, 1.3637e+00, 5.5220e-03, 
 2DIAGNOSTIC,    48, -6.282459771489e-01, 4.232184221130e-04, 1.3691e+00, 5.3630e-03, 
 2DIAGNOSTIC,    49, -6.332856912648e-01, 4.219353412916e-04, 1.3751e+00, 6.0041e-03, 
 2DIAGNOSTIC,    50, -6.437673285957e-01, 5.158699507657e-04, 1.3812e+00, 6.1121e-03, 
 2DIAGNOSTIC,    51, -6.567709930354e-01, 7.709770176801e-04, 1.3871e+00, 5.9659e-03, 
 2DIAGNOSTIC,    52, -6.630139282150e-01, 9.856113881636e-04, 1.3942e+00, 7.0910e-03, 
 2DIAGNOSTIC,    53, -6.637658018959e-01, 1.103854734659e-03, 1.4005e+00, 6.2461e-03, 
 2DIAGNOSTIC,    54, -6.646848066152e-01, 1.129224492263e-03, 1.4062e+00, 5.7499e-03, 
 2DIAGNOSTIC,    55, -6.699954699552e-01, 1.103370126755e-03, 1.4174e+00, 1.1176e-02, 
 2DIAGNOSTIC,    56, -6.720089898486e-01, 1.005089713326e-03, 1.4252e+00, 7.8259e-03, 
 2DIAGNOSTIC,    57, -6.720481621167e-01, 8.375236982116e-04, 1.4316e+00, 6.3651e-03, 
 2DIAGNOSTIC,    58, -6.725919488440e-01, 6.425663123148e-04, 1.4377e+00, 6.1271e-03, 
 2DIAGNOSTIC,    59, -6.729036345068e-01, 4.360793088907e-04, 1.4431e+00, 5.3349e-03, 
 2DIAGNOSTIC,    60, -6.731488714409e-01, 2.773041538420e-04, 1.4491e+00, 6.0942e-03, 
 2DIAGNOSTIC,    61, -6.734259052525e-01, 1.993309524234e-04, 1.4548e+00, 5.6660e-03, 
 2DIAGNOSTIC,    62, -6.739132084454e-01, 1.568960941961e-04, 1.4605e+00, 5.6810e-03, 
 2DIAGNOSTIC,    63, -6.762843157669e-01, 1.247264348332e-04, 1.4686e+00, 8.0950e-03, 
 2DIAGNOSTIC,    64, -6.766381545853e-01, 8.969374894037e-05, 1.4741e+00, 5.4979e-03, 
 2DIAGNOSTIC,    65, -6.771215164946e-01, 8.898289938802e-05, 1.4800e+00, 5.9299e-03, 
 2DIAGNOSTIC,    66, -6.778537157348e-01, 9.953418779587e-05, 1.4865e+00, 6.5298e-03, 
 2DIAGNOSTIC,    67, -6.792268214235e-01, 1.098307738966e-04, 1.4948e+00, 8.3020e-03, 
 2DIAGNOSTIC,    68, -6.807680852540e-01, 1.231390030278e-04, 1.5005e+00, 5.6150e-03, 
 2DIAGNOSTIC,    69, -6.815199544558e-01, 1.312164278187e-04, 1.5058e+00, 5.3160e-03, 
 2DIAGNOSTIC,    70, -6.818104685810e-01, 1.303110401417e-04, 1.5129e+00, 7.1340e-03, 
 2DIAGNOSTIC,    71, -6.820510206575e-01, 1.205023875655e-04, 1.5184e+00, 5.4750e-03, 
 2DIAGNOSTIC,    72, -6.822316931825e-01, 1.032402245104e-04, 1.5239e+00, 5.5439e-03, 
 2DIAGNOSTIC,    73, -6.825798764206e-01, 9.372201257188e-05, 1.5313e+00, 7.4031e-03, 
 2DIAGNOSTIC,    74, -6.826263995256e-01, 7.797277275333e-05, 1.5369e+00, 5.5320e-03, 
 2DIAGNOSTIC,    75, -6.826914602859e-01, 5.871108705386e-05, 1.5424e+00, 5.5318e-03, 
 2DIAGNOSTIC,    76, -6.828123360270e-01, 3.951674305955e-05, 1.5480e+00, 5.5749e-03, 
 2DIAGNOSTIC,    77, -6.832344971561e-01, 2.762832399416e-05, 1.5535e+00, 5.4851e-03, 
 2DIAGNOSTIC,    78, -6.838171685073e-01, 2.580801677905e-05, 1.5611e+00, 7.6568e-03, 
 2DIAGNOSTIC,    79, -6.837376257014e-01, 2.542025151430e-05, 1.5664e+00, 5.2619e-03, 
 2DIAGNOSTIC,    80, -6.837940876780e-01, 2.471284540808e-05, 1.5713e+00, 4.9379e-03, 
 2DIAGNOSTIC,    81, -6.839726398826e-01, 2.407015996115e-05, 1.5764e+00, 5.0530e-03, 
 2DIAGNOSTIC,    82, -6.841107652486e-01, 2.281023430721e-05, 1.5813e+00, 4.9610e-03, 
 2DIAGNOSTIC,    83, -6.851046064783e-01, 2.675719436774e-05, 1.5882e+00, 6.8550e-03, 
 2DIAGNOSTIC,    84, -6.858177454467e-01, 3.208750529143e-05, 1.5947e+00, 6.5050e-03, 
 2DIAGNOSTIC,    85, -6.861555781017e-01, 3.640308251505e-05, 1.6025e+00, 7.8290e-03, 
 2DIAGNOSTIC,    86, -6.861558715066e-01, 3.780116838588e-05, 1.6073e+00, 4.7588e-03, 
 2DIAGNOSTIC,    87, -6.861668892843e-01, 3.777720789713e-05, 1.6121e+00, 4.7870e-03, 
 2DIAGNOSTIC,    88, -6.861799412398e-01, 3.717457653836e-05, 1.6170e+00, 4.9438e-03, 
 2DIAGNOSTIC,    89, -6.861876284708e-01, 3.259317820533e-05, 1.6222e+00, 5.2309e-03, 
 2DIAGNOSTIC,    90, -6.861914433069e-01, 2.533820043020e-05, 1.6269e+00, 4.6499e-03, 
 2DIAGNOSTIC,    91, -6.861984300437e-01, 1.686243277516e-05, 1.6319e+00, 5.0492e-03, 
 2DIAGNOSTIC,    92, -6.862113262609e-01, 7.666033902802e-06, 1.6369e+00, 4.9140e-03, 
 2DIAGNOSTIC,    93, -6.862267150824e-01, 2.805786146374e-06, 1.6416e+00, 4.7879e-03, 
 2DIAGNOSTIC,    94, -6.862421190287e-01, 1.276804226265e-06, 1.6471e+00, 5.4832e-03, 
 2DIAGNOSTIC,    95, -6.863402486990e-01, 1.766948583592e-06, 1.6538e+00, 6.6910e-03, 
 2DIAGNOSTIC,    96, -6.863402082816e-01, 2.099440145772e-06, 1.6586e+00, 4.7450e-03, 
 2DIAGNOSTIC,    97, -6.863403405611e-01, 2.312331418532e-06, 1.6636e+00, 5.0812e-03, 
 2DIAGNOSTIC,    98, -6.863407872858e-01, 2.398691930805e-06, 1.6686e+00, 4.9310e-03, 
 2DIAGNOSTIC,    99, -6.863418485487e-01, 2.322632006039e-06, 1.6734e+00, 4.8280e-03, 
 2DIAGNOSTIC,   100, -6.863433153920e-01, 2.074115218657e-06, 1.6884e+00, 1.5000e-02, 
 2DIAGNOSTIC,   101, -6.863433152578e-01, 1.693239756621e-06, 1.7035e+00, 1.5086e-02, 
 2DIAGNOSTIC,   102, -6.863433152578e-01, 1.252389564490e-06, 1.7104e+00, 6.9559e-03, 
DIAGNOSTIC,Iteration,metricValue,convergenceValue,ITERATION_TIME_INDEX,SINCE_LAST
 2DIAGNOSTIC,     1, -5.583136321873e-01, 1.797693134862e+308, 2.4751e+00, 7.6463e-01, 
 2DIAGNOSTIC,     2, -5.587691130265e-01, 1.797693134862e+308, 2.5036e+00, 2.8539e-02, 
 2DIAGNOSTIC,     3, -5.591104086276e-01, 1.797693134862e+308, 2.5316e+00, 2.8021e-02, 
 2DIAGNOSTIC,     4, -5.599295167146e-01, 1.797693134862e+308, 2.5660e+00, 3.4375e-02, 
 2DIAGNOSTIC,     5, -5.608880849020e-01, 1.797693134862e+308, 2.6021e+00, 3.6055e-02, 
 2DIAGNOSTIC,     6, -5.613234671682e-01, 1.797693134862e+308, 2.6341e+00, 3.2040e-02, 
 2DIAGNOSTIC,     7, -5.624614747673e-01, 1.797693134862e+308, 2.6726e+00, 3.8510e-02, 
 2DIAGNOSTIC,     8, -5.631244909058e-01, 1.797693134862e+308, 2.7229e+00, 5.0312e-02, 
 2DIAGNOSTIC,     9, -5.632667746054e-01, 1.797693134862e+308, 2.7593e+00, 3.6409e-02, 
 2DIAGNOSTIC,    10, -5.639218954934e-01, 6.925345881038e-04, 2.7928e+00, 3.3508e-02, 
 2DIAGNOSTIC,    11, -5.654848391273e-01, 6.698306624335e-04, 2.8327e+00, 3.9869e-02, 
 2DIAGNOSTIC,    12, -5.660119216449e-01, 6.307666446380e-04, 2.8689e+00, 3.6166e-02, 
 2DIAGNOSTIC,    13, -5.661372056424e-01, 5.589586162619e-04, 2.9642e+00, 9.5332e-02, 
 2DIAGNOSTIC,    14, -5.661372041950e-01, 4.771376996104e-04, 2.9947e+00, 3.0526e-02, 
 2DIAGNOSTIC,    15, -5.661372453618e-01, 3.953937447947e-04, 3.0242e+00, 2.9506e-02, 
 2DIAGNOSTIC,    16, -5.661373149437e-01, 3.000047525278e-04, 3.0535e+00, 2.9299e-02, 
 2DIAGNOSTIC,    17, -5.661374325237e-01, 2.216118648018e-04, 3.0849e+00, 3.1391e-02, 
 2DIAGNOSTIC,    18, -5.661376311941e-01, 1.509770489576e-04, 3.1153e+00, 3.0381e-02, 
 2DIAGNOSTIC,    19, -5.661379676714e-01, 7.799400724858e-05, 3.1449e+00, 2.9561e-02, 
 2DIAGNOSTIC,    20, -5.661385353605e-01, 2.086700094441e-05, 3.1756e+00, 3.0755e-02, 
 2DIAGNOSTIC,    21, -5.661394906736e-01, 4.629596756921e-06, 3.2097e+00, 3.4086e-02, 
 2DIAGNOSTIC,    22, -5.661411057183e-01, 1.615469811006e-06, 3.2398e+00, 3.0081e-02, 
 2DIAGNOSTIC,    23, -5.661348137662e-01, 1.455981286543e-06, 3.2709e+00, 3.1111e-02, 
 2DIAGNOSTIC,    24, -5.661392414113e-01, 1.400802856169e-06, 3.3022e+00, 3.1280e-02, 
 2DIAGNOSTIC,    25, -5.661462294268e-01, 1.481314939406e-06, 3.3331e+00, 3.0961e-02, 
 2DIAGNOSTIC,    26, -5.661572321883e-01, 1.745711367844e-06, 3.3678e+00, 3.4660e-02, 
 2DIAGNOSTIC,    27, -5.661424697787e-01, 1.665537253330e-06, 3.4019e+00, 3.4109e-02, 
 2DIAGNOSTIC,    28, -5.661381084688e-01, 1.484400549867e-06, 3.4441e+00, 4.2200e-02, 
 2DIAGNOSTIC,    29, -5.661477901205e-01, 1.458428469242e-06, 3.4818e+00, 3.7718e-02, 
 2DIAGNOSTIC,    30, -5.661626107584e-01, 1.644230399341e-06, 3.5159e+00, 3.4089e-02, 
 2DIAGNOSTIC,    31, -5.661535119657e-01, 1.621302490859e-06, 3.5606e+00, 4.4647e-02, 
 2DIAGNOSTIC,    32, -5.661441830978e-01, 1.440736050781e-06, 3.5995e+00, 3.8975e-02, 
 2DIAGNOSTIC,    33, -5.661558988586e-01, 1.321355158838e-06, 3.6511e+00, 5.1608e-02, 
 2DIAGNOSTIC,    34, -5.661431769803e-01, 1.036168881630e-06, 3.6913e+00, 4.0145e-02, 
DIAGNOSTIC,Iteration,metricValue,convergenceValue,ITERATION_TIME_INDEX,SINCE_LAST
 2DIAGNOSTIC,     1, -5.039541190996e-01, 1.797693134862e+308, 4.7563e+00, 1.0650e+00, 
 2DIAGNOSTIC,     2, -5.041050334912e-01, 1.797693134862e+308, 5.0184e+00, 2.6210e-01, 
 2DIAGNOSTIC,     3, -5.041898647533e-01, 1.797693134862e+308, 5.2650e+00, 2.4661e-01, 
 2DIAGNOSTIC,     4, -5.042447891309e-01, 1.797693134862e+308, 5.5102e+00, 2.4524e-01, 
 2DIAGNOSTIC,     5, -5.043461388431e-01, 1.797693134862e+308, 6.0047e+00, 4.9444e-01, 
 2DIAGNOSTIC,     6, -5.043443868375e-01, 1.797693134862e+308, 6.2947e+00, 2.9003e-01, 
 2DIAGNOSTIC,     7, -5.043448326235e-01, 1.797693134862e+308, 6.5765e+00, 2.8184e-01, 
 2DIAGNOSTIC,     8, -5.043451997132e-01, 1.797693134862e+308, 6.8656e+00, 2.8909e-01, 
 2DIAGNOSTIC,     9, -5.043441631128e-01, 1.797693134862e+308, 7.1578e+00, 2.9222e-01, 
 2DIAGNOSTIC,    10, -5.043449084413e-01, 4.574408820535e-05, 7.4387e+00, 2.8084e-01, 
 2DIAGNOSTIC,    11, -5.043445286498e-01, 2.565986448486e-05, 7.7071e+00, 2.6843e-01, 
 2DIAGNOSTIC,    12, -5.043469155107e-01, 1.407672340945e-05, 7.9439e+00, 2.3678e-01, 
 2DIAGNOSTIC,    13, -5.043502305285e-01, 7.046360578938e-06, 8.2162e+00, 2.7229e-01, 
 2DIAGNOSTIC,    14, -5.043510185998e-01, 2.725595263667e-06, 8.5238e+00, 3.0757e-01, 
 2DIAGNOSTIC,    15, -5.043498327750e-01, 2.707210520342e-06, 8.7914e+00, 2.6765e-01, 
 2DIAGNOSTIC,    16, -5.043495052226e-01, 2.566463316159e-06, 9.0283e+00, 2.3690e-01, 
 2DIAGNOSTIC,    17, -5.043474338495e-01, 2.333368772804e-06, 9.2699e+00, 2.4156e-01, 
 2DIAGNOSTIC,    18, -5.043486575276e-01, 2.133321577842e-06, 9.5411e+00, 2.7127e-01, 
 2DIAGNOSTIC,    19, -5.043482579992e-01, 1.875644728727e-06, 9.8191e+00, 2.7802e-01, 
 2DIAGNOSTIC,    20, -5.043479103191e-01, 1.639182295420e-06, 1.0096e+01, 2.7724e-01, 
 2DIAGNOSTIC,    21, -5.043476676036e-01, 1.404745242121e-06, 1.0366e+01, 2.7000e-01, 
 2DIAGNOSTIC,    22, -5.043477085199e-01, 1.262122258705e-06, 1.0625e+01, 2.5824e-01, 
 2DIAGNOSTIC,    23, -5.043493779306e-01, 1.269687011404e-06, 1.0926e+01, 3.0092e-01, 
 2DIAGNOSTIC,    24, -5.043495033324e-01, 1.307498216210e-06, 1.1289e+01, 3.6331e-01, 
 2DIAGNOSTIC,    25, -5.043489214375e-01, 1.304800788131e-06, 1.1610e+01, 3.2141e-01, 
 2DIAGNOSTIC,    26, -5.043481468959e-01, 1.277947734753e-06, 1.1868e+01, 2.5741e-01, 
 2DIAGNOSTIC,    27, -5.043473530405e-01, 1.187436415293e-06, 1.2130e+01, 2.6251e-01, 
 2DIAGNOSTIC,    28, -5.043466554000e-01, 1.112675549295e-06, 1.2387e+01, 2.5720e-01, 
 2DIAGNOSTIC,    29, -5.043470542682e-01, 1.045259772479e-06, 1.2655e+01, 2.6806e-01, 
DIAGNOSTIC,Iteration,metricValue,convergenceValue,ITERATION_TIME_INDEX,SINCE_LAST
 2DIAGNOSTIC,     1, -4.670279374591e-01, 1.797693134862e+308, 1.5239e+01, 2.5834e+00, 
 2DIAGNOSTIC,     2, -4.671061884337e-01, 1.797693134862e+308, 1.6688e+01, 1.4489e+00, 
 2DIAGNOSTIC,     3, -4.671358812975e-01, 1.797693134862e+308, 1.8618e+01, 1.9306e+00, 
 2DIAGNOSTIC,     4, -4.671469483552e-01, 1.797693134862e+308, 2.1601e+01, 2.9822e+00, 
 2DIAGNOSTIC,     5, -4.671468517212e-01, 1.797693134862e+308, 2.6221e+01, 4.6204e+00, 
 2DIAGNOSTIC,     6, -4.671468517180e-01, 1.797693134862e+308, 3.0436e+01, 4.2152e+00, 
 2DIAGNOSTIC,     7, -4.671468517180e-01, 1.797693134862e+308, 3.2082e+01, 1.6457e+00, 
 2DIAGNOSTIC,     8, -4.671468517180e-01, 1.797693134862e+308, 3.3840e+01, 1.7584e+00, 
 2DIAGNOSTIC,     9, -4.671468517180e-01, 1.797693134862e+308, 3.5615e+01, 1.7750e+00, 
 2DIAGNOSTIC,    10, -4.671468517180e-01, 1.304316824777e-05, 3.7163e+01, 1.5478e+00, 
 2DIAGNOSTIC,    11, -4.671468517180e-01, 5.667289735459e-06, 3.8710e+01, 1.5467e+00, 
 2DIAGNOSTIC,    12, -4.671468517180e-01, 3.202841631411e-06, 4.0371e+01, 1.6614e+00, 
 2DIAGNOSTIC,    13, -4.671468517180e-01, 2.442462972943e-06, 4.1947e+01, 1.5762e+00, 
 2DIAGNOSTIC,    14, -4.671468517180e-01, 2.272196430508e-06, 4.3537e+01, 1.5901e+00, 
 2DIAGNOSTIC,    15, -4.671468517180e-01, 2.120713114520e-06, 4.5254e+01, 1.7161e+00, 
 2DIAGNOSTIC,    16, -4.671468517180e-01, 1.988165522229e-06, 4.7083e+01, 1.8295e+00, 
 2DIAGNOSTIC,    17, -4.671468517180e-01, 1.871212099006e-06, 4.9026e+01, 1.9426e+00, 
 2DIAGNOSTIC,    18, -4.671468517180e-01, 1.767253764003e-06, 5.0596e+01, 1.5706e+00, 
 2DIAGNOSTIC,    19, -4.671468517180e-01, 1.674238621734e-06, 5.2330e+01, 1.7339e+00, 
 2DIAGNOSTIC,    20, -4.671468517180e-01, 1.590525163415e-06, 5.4152e+01, 1.8217e+00, 
 2DIAGNOSTIC,    21, -4.671468517180e-01, 1.514784553902e-06, 5.5795e+01, 1.6430e+00, 
 2DIAGNOSTIC,    22, -4.671468517180e-01, 1.445929568543e-06, 5.7463e+01, 1.6682e+00, 
 2DIAGNOSTIC,    23, -4.671468517180e-01, 1.383062068240e-06, 5.9042e+01, 1.5790e+00, 
 2DIAGNOSTIC,    24, -4.671468517180e-01, 1.325433605912e-06, 6.0873e+01, 1.8311e+00, 
 2DIAGNOSTIC,    25, -4.671468517180e-01, 1.272415487877e-06, 6.2607e+01, 1.7338e+00, 
 2DIAGNOSTIC,    26, -4.671468517180e-01, 1.223475743856e-06, 6.4259e+01, 1.6520e+00, 
 2DIAGNOSTIC,    27, -4.671468517180e-01, 1.178161215053e-06, 6.5696e+01, 1.4372e+00, 
 2DIAGNOSTIC,    28, -4.671468517180e-01, 1.136083480499e-06, 6.7273e+01, 1.5773e+00, 
 2DIAGNOSTIC,    29, -4.671468517180e-01, 1.096907695119e-06, 6.8913e+01, 1.6400e+00, 
 2DIAGNOSTIC,    30, -4.671468517180e-01, 1.060343660576e-06, 7.0537e+01, 1.6232e+00, 
 2DIAGNOSTIC,    31, -4.671468517180e-01, 1.026138623753e-06, 7.2104e+01, 1.5673e+00, 
  Elapsed time (stage 0): 7.3029e+01


Total elapsed time: 7.3032e+01
Info [verificarlo]: loaded backend libinterflop_ieee.so
Info [interflop-ieee]: load backend with:
Info [interflop-ieee]: debug = false
Info [interflop-ieee]: debug-binary = false
Info [interflop-ieee]: no-backend-name = false
Info [interflop-ieee]: print-new-line = false
Info [interflop-ieee]: print-subnormal-normalized = false
Info [interflop-ieee]: count-op = false
All_Command_lines_OK
Using double precision for computations.
=============================================================================
The composite transform comprises the following transforms (in order): 
  1. /home/mdugre/scratch/mri-registration-rp/datasets/ds004513/derivatives/mri-registration-rp/0001/antsRegistration-r7-p22/sub-s035/rigid_Composite.h5[0] (type = Euler3DTransform)
  2. /home/mdugre/scratch/mri-registration-rp/datasets/ds004513/derivatives/mri-registration-rp/0001/antsRegistration-r7-p22/sub-s035/rigid_Composite.h5[1] (type = Euler3DTransform)
  3. /home/mdugre/scratch/mri-registration-rp/datasets/ds004513/derivatives/mri-registration-rp/0001/antsRegistration-r7-p22/sub-s035/rigid_Composite.h5[2] (type = Euler3DTransform)
=============================================================================
  number of levels = 4
  fixed image: /templateflow/tpl-MNI152NLin2009cAsym/tpl-MNI152NLin2009cAsym_res-01_desc-brain_T1w.nii.gz
  moving image: /home/mdugre/scratch/mri-registration-rp/datasets/ds004513/derivatives/mri-registration-rp/antsBrainExtraction/sub-s035/BrainExtractionBrain.nii.gz
Dimension = 3
Number of stages = 1
Use histogram matching = false
Winsorize image intensities = true
  Lower quantile = 0.005
  Upper quantile = 0.995


Stage 1 State
   Image metric = MattesMI
     Fixed image = Image (0x333b7e0)
  RTTI typeinfo:   itk::Image<double, 3u>
  Reference Count: 2
  Modified Time: 1592
  Debug: Off
  Object Name: 
  Observers: 
    none
  Source: (none)
  Source output name: (none)
  Release Data: Off
  Data Released: False
  Global Release Data: Off
  PipelineMTime: 0
  UpdateMTime: 1203
  RealTimeStamp: 0 seconds 
  LargestPossibleRegion: 
    Dimension: 3
    Index: [0, 0, 0]
    Size: [193, 229, 193]
  BufferedRegion: 
    Dimension: 3
    Index: [0, 0, 0]
    Size: [193, 229, 193]
  RequestedRegion: 
    Dimension: 3
    Index: [0, 0, 0]
    Size: [193, 229, 193]
  Spacing: [1, 1, 1]
  Origin: [96, 132, -78]
  Direction: 
-1 0 0
0 -1 0
0 0 1

  IndexToPointMatrix: 
-1 0 0
0 -1 0
0 0 1

  PointToIndexMatrix: 
-1 0 0
0 -1 0
0 0 1

  Inverse Direction: 
-1 0 0
0 -1 0
0 0 1

  PixelContainer: 
    ImportImageContainer (0x33fba20)
      RTTI typeinfo:   itk::ImportImageContainer<unsigned long, double>
      Reference Count: 1
      Modified Time: 1200
      Debug: Off
      Object Name: 
      Observers: 
        none
      Pointer: 0x147641887010
      Container manages memory: true
      Size: 8530021
      Capacity: 8530021

     Moving image = Image (0x33f6d70)
  RTTI typeinfo:   itk::Image<double, 3u>
  Reference Count: 2
  Modified Time: 1593
  Debug: Off
  Object Name: 
  Observers: 
    none
  Source: (none)
  Source output name: (none)
  Release Data: Off
  Data Released: False
  Global Release Data: Off
  PipelineMTime: 0
  UpdateMTime: 1590
  RealTimeStamp: 0 seconds 
  LargestPossibleRegion: 
    Dimension: 3
    Index: [0, 0, 0]
    Size: [160, 240, 256]
  BufferedRegion: 
    Dimension: 3
    Index: [0, 0, 0]
    Size: [160, 240, 256]
  RequestedRegion: 
    Dimension: 3
    Index: [0, 0, 0]
    Size: [160, 240, 256]
  Spacing: [1, 1, 1]
  Origin: [98.6438, 87.6358, -117.989]
  Direction: 
-0.993515 -0.100993 -0.0522355
0.100854 -0.994887 0.00530255
-0.0525039 1.93537e-08 0.998621

  IndexToPointMatrix: 
-0.993515 -0.100993 -0.0522355
0.100854 -0.994887 0.00530255
-0.0525039 1.93537e-08 0.998621

  PointToIndexMatrix: 
-0.993515 0.100854 -0.0525039
-0.100993 -0.994887 1.93006e-08
-0.0522355 0.00530255 0.998621

  Inverse Direction: 
-0.993515 0.100854 -0.0525039
-0.100993 -0.994887 1.93006e-08
-0.0522355 0.00530255 0.998621

  PixelContainer: 
    ImportImageContainer (0x33aec90)
      RTTI typeinfo:   itk::ImportImageContainer<unsigned long, double>
      Reference Count: 1
      Modified Time: 1587
      Debug: Off
      Object Name: 
      Observers: 
        none
      Pointer: 0x14763cd86010
      Container manages memory: true
      Size: 9830400
      Capacity: 9830400

     Weighting = 1
     Sampling strategy = regular
     Number of bins = 32
     Radius = 4
     Sampling percentage  = 0.25
   Transform = Affine
     Gradient step = 0.1
     Update field sigma (voxel space) = 0
     Total field sigma (voxel space) = 0
     Update field time sigma = 0
     Total field time sigma  = 0
     Number of time indices = 0
     Number of time point samples = 0
Registration using 1 total stages.

Stage 0
  iterations = 1000x500x250x100
  convergence threshold = 1e-06
  convergence window size = 10
  number of levels = 4
  using the Mattes MI metric (number of bins = 32, weight = 1, use gradient filter = 0)
  preprocessing:  winsorizing the image intensities
  Shrink factors (level 1 out of 4): [8, 8, 8]
  Shrink factors (level 2 out of 4): [4, 4, 4]
  Shrink factors (level 3 out of 4): [2, 2, 2]
  Shrink factors (level 4 out of 4): [1, 1, 1]
  smoothing sigmas per level: [3, 2, 1, 0]
  regular sampling (percentage = 0.25)

*** Running AffineTransform registration ***

DIAGNOSTIC,Iteration,metricValue,convergenceValue,ITERATION_TIME_INDEX,SINCE_LAST
 2DIAGNOSTIC,     1, -6.791535661389e-01, 1.797693134862e+308, 7.6514e-01, 7.6514e-01, 
 2DIAGNOSTIC,     2, -6.814415015418e-01, 1.797693134862e+308, 7.6998e-01, 4.8409e-03, 
 2DIAGNOSTIC,     3, -6.856734876114e-01, 1.797693134862e+308, 7.7492e-01, 4.9469e-03, 
 2DIAGNOSTIC,     4, -6.942943369198e-01, 1.797693134862e+308, 7.8006e-01, 5.1310e-03, 
 2DIAGNOSTIC,     5, -7.033905432958e-01, 1.797693134862e+308, 7.8503e-01, 4.9779e-03, 
 2DIAGNOSTIC,     6, -7.161500027423e-01, 1.797693134862e+308, 7.9014e-01, 5.1100e-03, 
 2DIAGNOSTIC,     7, -7.350029922829e-01, 1.797693134862e+308, 7.9732e-01, 7.1762e-03, 
 2DIAGNOSTIC,     8, -7.387471890134e-01, 1.797693134862e+308, 8.0239e-01, 5.0721e-03, 
 2DIAGNOSTIC,     9, -7.392423493732e-01, 1.797693134862e+308, 8.0824e-01, 5.8529e-03, 
 2DIAGNOSTIC,    10, -7.409806800221e-01, 6.822678540752e-03, 8.1438e-01, 6.1371e-03, 
 2DIAGNOSTIC,    11, -7.404952281759e-01, 5.739907773869e-03, 8.2037e-01, 5.9888e-03, 
 2DIAGNOSTIC,    12, -7.400249338466e-01, 4.384420260062e-03, 8.2696e-01, 6.5849e-03, 
 2DIAGNOSTIC,    13, -7.399871559245e-01, 2.976051758658e-03, 8.3343e-01, 6.4740e-03, 
 2DIAGNOSTIC,    14, -7.399292699065e-01, 1.751145384354e-03, 8.4053e-01, 7.0992e-03, 
 2DIAGNOSTIC,    15, -7.399080362063e-01, 7.700188734592e-04, 8.4661e-01, 6.0790e-03, 
 2DIAGNOSTIC,    16, -7.397542354002e-01, 1.424012755758e-04, 8.5304e-01, 6.4290e-03, 
 2DIAGNOSTIC,    17, -7.397076679521e-01, 1.079037273827e-05, 8.5882e-01, 5.7821e-03, 
DIAGNOSTIC,Iteration,metricValue,convergenceValue,ITERATION_TIME_INDEX,SINCE_LAST
 2DIAGNOSTIC,     1, -6.099832291532e-01, 1.797693134862e+308, 1.6651e+00, 8.0630e-01, 
 2DIAGNOSTIC,     2, -6.100799422679e-01, 1.797693134862e+308, 1.7066e+00, 4.1464e-02, 
 2DIAGNOSTIC,     3, -6.102445889620e-01, 1.797693134862e+308, 1.7535e+00, 4.6905e-02, 
 2DIAGNOSTIC,     4, -6.106269471864e-01, 1.797693134862e+308, 1.7952e+00, 4.1719e-02, 
 2DIAGNOSTIC,     5, -6.109231448671e-01, 1.797693134862e+308, 1.8378e+00, 4.2577e-02, 
 2DIAGNOSTIC,     6, -6.112612261453e-01, 1.797693134862e+308, 1.8814e+00, 4.3654e-02, 
 2DIAGNOSTIC,     7, -6.113080040156e-01, 1.797693134862e+308, 1.9309e+00, 4.9502e-02, 
 2DIAGNOSTIC,     8, -6.112647796613e-01, 1.797693134862e+308, 1.9763e+00, 4.5366e-02, 
 2DIAGNOSTIC,     9, -6.112774427468e-01, 1.797693134862e+308, 2.0174e+00, 4.1061e-02, 
 2DIAGNOSTIC,    10, -6.112494841623e-01, 1.614976874896e-04, 2.0608e+00, 4.3460e-02, 
 2DIAGNOSTIC,    11, -6.112439157939e-01, 1.156464684506e-04, 2.1019e+00, 4.1058e-02, 
 2DIAGNOSTIC,    12, -6.112419824409e-01, 7.111734716392e-05, 2.1562e+00, 5.4314e-02, 
 2DIAGNOSTIC,    13, -6.112461326073e-01, 3.323559426753e-05, 2.1975e+00, 4.1289e-02, 
 2DIAGNOSTIC,    14, -6.112390065265e-01, 1.031300288522e-05, 2.2385e+00, 4.0967e-02, 
DIAGNOSTIC,Iteration,metricValue,convergenceValue,ITERATION_TIME_INDEX,SINCE_LAST
 2DIAGNOSTIC,     1, -5.346041953987e-01, 1.797693134862e+308, 3.4220e+00, 1.1835e+00, 
 2DIAGNOSTIC,     2, -5.349051733231e-01, 1.797693134862e+308, 3.6990e+00, 2.7709e-01, 
 2DIAGNOSTIC,     3, -5.352844758395e-01, 1.797693134862e+308, 3.9837e+00, 2.8469e-01, 
 2DIAGNOSTIC,     4, -5.354211623751e-01, 1.797693134862e+308, 4.3131e+00, 3.2937e-01, 
 2DIAGNOSTIC,     5, -5.354379284686e-01, 1.797693134862e+308, 4.6956e+00, 3.8251e-01, 
 2DIAGNOSTIC,     6, -5.354399972335e-01, 1.797693134862e+308, 5.1244e+00, 4.2881e-01, 
 2DIAGNOSTIC,     7, -5.354404484536e-01, 1.797693134862e+308, 5.4807e+00, 3.5626e-01, 
 2DIAGNOSTIC,     8, -5.354368433662e-01, 1.797693134862e+308, 5.9001e+00, 4.1941e-01, 
 2DIAGNOSTIC,     9, -5.354369613292e-01, 1.797693134862e+308, 6.2224e+00, 3.2227e-01, 
 2DIAGNOSTIC,    10, -5.354359482070e-01, 7.818545029903e-05, 6.5385e+00, 3.1619e-01, 
 2DIAGNOSTIC,    11, -5.354355845900e-01, 3.539504518406e-05, 6.8590e+00, 3.2040e-01, 
 2DIAGNOSTIC,    12, -5.354353413854e-01, 9.733143583102e-06, 7.1686e+00, 3.0966e-01, 
 2DIAGNOSTIC,    13, -5.354350970530e-01, 2.712715933481e-06, 7.5279e+00, 3.5931e-01, 
 2DIAGNOSTIC,    14, -5.354343995257e-01, 1.811810141902e-06, 7.8457e+00, 3.1781e-01, 
 2DIAGNOSTIC,    15, -5.354338301219e-01, 1.643482929428e-06, 8.1325e+00, 2.8682e-01, 
 2DIAGNOSTIC,    16, -5.354335557358e-01, 1.598215712439e-06, 8.4745e+00, 3.4199e-01, 
 2DIAGNOSTIC,    17, -5.354325911634e-01, 1.580804341560e-06, 8.8307e+00, 3.5619e-01, 
 2DIAGNOSTIC,    18, -5.354320041735e-01, 1.468574622139e-06, 9.1912e+00, 3.6045e-01, 
 2DIAGNOSTIC,    19, -5.354314168551e-01, 1.383758223339e-06, 9.4667e+00, 2.7555e-01, 
 2DIAGNOSTIC,    20, -5.354299097506e-01, 1.267827746287e-06, 9.7517e+00, 2.8493e-01, 
 2DIAGNOSTIC,    21, -5.354307343348e-01, 1.205416628756e-06, 1.0084e+01, 3.3259e-01, 
 2DIAGNOSTIC,    22, -5.354304627717e-01, 1.164134347337e-06, 1.0445e+01, 3.6035e-01, 
 2DIAGNOSTIC,    23, -5.354297950457e-01, 1.132175798474e-06, 1.0785e+01, 3.4045e-01, 
 2DIAGNOSTIC,    24, -5.354281921609e-01, 1.076510269933e-06, 1.1101e+01, 3.1588e-01, 
 2DIAGNOSTIC,    25, -5.354275866072e-01, 1.024681511155e-06, 1.1415e+01, 3.1360e-01, 
DIAGNOSTIC,Iteration,metricValue,convergenceValue,ITERATION_TIME_INDEX,SINCE_LAST
 2DIAGNOSTIC,     1, -4.914886734800e-01, 1.797693134862e+308, 1.4410e+01, 2.9959e+00, 
 2DIAGNOSTIC,     2, -4.916689739460e-01, 1.797693134862e+308, 1.6299e+01, 1.8883e+00, 
 2DIAGNOSTIC,     3, -4.918772138507e-01, 1.797693134862e+308, 1.8080e+01, 1.7814e+00, 
 2DIAGNOSTIC,     4, -4.921158501002e-01, 1.797693134862e+308, 2.0011e+01, 1.9304e+00, 
 2DIAGNOSTIC,     5, -4.921662816500e-01, 1.797693134862e+308, 2.2033e+01, 2.0227e+00, 
 2DIAGNOSTIC,     6, -4.922214669192e-01, 1.797693134862e+308, 2.3940e+01, 1.9073e+00, 
 2DIAGNOSTIC,     7, -4.922785709630e-01, 1.797693134862e+308, 2.5838e+01, 1.8971e+00, 
