
##########################
# Experiment information #
##########################

EXPERIMENT_NAME: antsRegistration-r7-p13
VFC_BACKENDS: libinterflop_vprec.so --range-binary32=7 --precision-binary32=13 --range-binary64=7 --precision-binary64=13

SIF_IMG: /home/mdugre/projects/rrg-glatard/mdugre/containers/ants-vprec-no_metrics.simg

SUBJECT_ID: s025
INPUT_IMG: /home/mdugre/scratch/mri-registration-rp/datasets/ds004513/derivatives/mri-registration-rp/antsBrainExtraction/sub-s025/BrainExtractionBrain.nii.gz
OUTPUT_DIR: /home/mdugre/scratch/mri-registration-rp/datasets/ds004513/derivatives/mri-registration-rp/0001/antsRegistration-r7-p13/sub-s025

FIXED_IMG: /templateflow/tpl-MNI152NLin2009cAsym/tpl-MNI152NLin2009cAsym_res-01_desc-brain_T1w.nii.gz
DATA_DIR: /home/mdugre/scratch/mri-registration-rp/datasets/ds004513
TEMPLATEFLOW_DIR: /home/mdugre/projects/rrg-glatard/mdugre/templateflow
ITK_GLOBAL_DEFAULT_NUMBER_OF_THREADS: 16
##########################

Info [verificarlo]: loaded backend libinterflop_ieee.so
Info [interflop-ieee]: load backend with:
Info [interflop-ieee]: debug = false
Info [interflop-ieee]: debug-binary = false
Info [interflop-ieee]: no-backend-name = false
Info [interflop-ieee]: print-new-line = false
Info [interflop-ieee]: print-subnormal-normalized = false
Info [interflop-ieee]: count-op = false
All_Command_lines_OK
Using double precision for computations.
=============================================================================
The composite transform comprises the following transforms (in order): 
  1. Center of mass alignment using fixed image: /templateflow/tpl-MNI152NLin2009cAsym/tpl-MNI152NLin2009cAsym_res-01_desc-brain_T1w.nii.gz and moving image: /home/mdugre/scratch/mri-registration-rp/datasets/ds004513/derivatives/mri-registration-rp/antsBrainExtraction/sub-s025/BrainExtractionBrain.nii.gz (type = Euler3DTransform)
=============================================================================
  number of levels = 1
  fixed image: /templateflow/tpl-MNI152NLin2009cAsym/tpl-MNI152NLin2009cAsym_res-01_desc-brain_T1w.nii.gz
  moving image: /home/mdugre/scratch/mri-registration-rp/datasets/ds004513/derivatives/mri-registration-rp/antsBrainExtraction/sub-s025/BrainExtractionBrain.nii.gz
Dimension = 3
Number of stages = 1
Use histogram matching = false
Winsorize image intensities = true
  Lower quantile = 0.005
  Upper quantile = 0.995


Stage 1 State
   Image metric = MattesMI
     Fixed image = Image (0x3a73e70)
  RTTI typeinfo:   itk::Image<double, 3u>
  Reference Count: 2
  Modified Time: 2334
  Debug: Off
  Object Name: 
  Observers: 
    none
  Source: (none)
  Source output name: (none)
  Release Data: Off
  Data Released: False
  Global Release Data: Off
  PipelineMTime: 0
  UpdateMTime: 1943
  RealTimeStamp: 0 seconds 
  LargestPossibleRegion: 
    Dimension: 3
    Index: [0, 0, 0]
    Size: [193, 229, 193]
  BufferedRegion: 
    Dimension: 3
    Index: [0, 0, 0]
    Size: [193, 229, 193]
  RequestedRegion: 
    Dimension: 3
    Index: [0, 0, 0]
    Size: [193, 229, 193]
  Spacing: [1, 1, 1]
  Origin: [96, 132, -78]
  Direction: 
-1 0 0
0 -1 0
0 0 1

  IndexToPointMatrix: 
-1 0 0
0 -1 0
0 0 1

  PointToIndexMatrix: 
-1 0 0
0 -1 0
0 0 1

  Inverse Direction: 
-1 0 0
0 -1 0
0 0 1

  PixelContainer: 
    ImportImageContainer (0x3a7cc60)
      RTTI typeinfo:   itk::ImportImageContainer<unsigned long, double>
      Reference Count: 1
      Modified Time: 1940
      Debug: Off
      Object Name: 
      Observers: 
        none
      Pointer: 0x14e0fac3d010
      Container manages memory: true
      Size: 8530021
      Capacity: 8530021

     Moving image = Image (0x3a7f610)
  RTTI typeinfo:   itk::Image<double, 3u>
  Reference Count: 2
  Modified Time: 2335
  Debug: Off
  Object Name: 
  Observers: 
    none
  Source: (none)
  Source output name: (none)
  Release Data: Off
  Data Released: False
  Global Release Data: Off
  PipelineMTime: 0
  UpdateMTime: 2332
  RealTimeStamp: 0 seconds 
  LargestPossibleRegion: 
    Dimension: 3
    Index: [0, 0, 0]
    Size: [176, 240, 256]
  BufferedRegion: 
    Dimension: 3
    Index: [0, 0, 0]
    Size: [176, 240, 256]
  RequestedRegion: 
    Dimension: 3
    Index: [0, 0, 0]
    Size: [176, 240, 256]
  Spacing: [0.999999, 1, 1]
  Origin: [90.3778, 84.5091, -154.071]
  Direction: 
-0.999391 7.48184e-06 -0.0348969
-7.47664e-06 -1 -2.7953e-07
-0.0348969 -1.84481e-08 0.999391

  IndexToPointMatrix: 
-0.99939 7.48184e-06 -0.0348969
-7.47663e-06 -1 -2.7953e-07
-0.0348968 -1.84481e-08 0.999391

  PointToIndexMatrix: 
-0.999392 -7.47665e-06 -0.0348969
7.48184e-06 -1 -1.84481e-08
-0.0348969 -2.7953e-07 0.999391

  Inverse Direction: 
-0.999391 -7.47664e-06 -0.0348969
7.48184e-06 -1 -1.84481e-08
-0.0348969 -2.7953e-07 0.999391

  PixelContainer: 
    ImportImageContainer (0x3b18ef0)
      RTTI typeinfo:   itk::ImportImageContainer<unsigned long, double>
      Reference Count: 1
      Modified Time: 2329
      Debug: Off
      Object Name: 
      Observers: 
        none
      Pointer: 0x14e0f59bc010
      Container manages memory: true
      Size: 10813440
      Capacity: 10813440

     Weighting = 1
     Sampling strategy = regular
     Number of bins = 32
     Radius = 4
     Sampling percentage  = 0.25
   Transform = Rigid
     Gradient step = 0.1
     Update field sigma (voxel space) = 0
     Total field sigma (voxel space) = 0
     Update field time sigma = 0
     Total field time sigma  = 0
     Number of time indices = 0
     Number of time point samples = 0
Registration using 1 total stages.

Stage 0
  iterations = 0
  convergence threshold = 1e-06
  convergence window size = 10
  number of levels = 1
  using the Mattes MI metric (number of bins = 32, weight = 1, use gradient filter = 0)
  preprocessing:  winsorizing the image intensities
  Shrink factors (level 1 out of 1): [1, 1, 1]
  smoothing sigmas per level: [0]
  regular sampling (percentage = 0.25)

*** Running Euler3DTransform registration ***

  Elapsed time (stage 0): 1.08365


Total elapsed time: 1.08571
Info [verificarlo]: loaded backend libinterflop_ieee.so
Info [interflop-ieee]: load backend with:
Info [interflop-ieee]: debug = false
Info [interflop-ieee]: debug-binary = false
Info [interflop-ieee]: no-backend-name = false
Info [interflop-ieee]: print-new-line = false
Info [interflop-ieee]: print-subnormal-normalized = false
Info [interflop-ieee]: count-op = false
All_Command_lines_OK
Using double precision for computations.
=============================================================================
The composite transform comprises the following transforms (in order): 
  1. /home/mdugre/scratch/mri-registration-rp/datasets/ds004513/derivatives/mri-registration-rp/0001/antsRegistration-r7-p13/sub-s025/align_Composite.h5[0] (type = Euler3DTransform)
  2. /home/mdugre/scratch/mri-registration-rp/datasets/ds004513/derivatives/mri-registration-rp/0001/antsRegistration-r7-p13/sub-s025/align_Composite.h5[1] (type = Euler3DTransform)
=============================================================================
  number of levels = 4
  fixed image: /templateflow/tpl-MNI152NLin2009cAsym/tpl-MNI152NLin2009cAsym_res-01_desc-brain_T1w.nii.gz
  moving image: /home/mdugre/scratch/mri-registration-rp/datasets/ds004513/derivatives/mri-registration-rp/antsBrainExtraction/sub-s025/BrainExtractionBrain.nii.gz
Dimension = 3
Number of stages = 1
Use histogram matching = false
Winsorize image intensities = true
  Lower quantile = 0.005
  Upper quantile = 0.995


Stage 1 State
   Image metric = MattesMI
     Fixed image = Image (0x4b57530)
  RTTI typeinfo:   itk::Image<double, 3u>
  Reference Count: 2
  Modified Time: 1580
  Debug: Off
  Object Name: 
  Observers: 
    none
  Source: (none)
  Source output name: (none)
  Release Data: Off
  Data Released: False
  Global Release Data: Off
  PipelineMTime: 0
  UpdateMTime: 1189
  RealTimeStamp: 0 seconds 
  LargestPossibleRegion: 
    Dimension: 3
    Index: [0, 0, 0]
    Size: [193, 229, 193]
  BufferedRegion: 
    Dimension: 3
    Index: [0, 0, 0]
    Size: [193, 229, 193]
  RequestedRegion: 
    Dimension: 3
    Index: [0, 0, 0]
    Size: [193, 229, 193]
  Spacing: [1, 1, 1]
  Origin: [96, 132, -78]
  Direction: 
-1 0 0
0 -1 0
0 0 1

  IndexToPointMatrix: 
-1 0 0
0 -1 0
0 0 1

  PointToIndexMatrix: 
-1 0 0
0 -1 0
0 0 1

  Inverse Direction: 
-1 0 0
0 -1 0
0 0 1

  PixelContainer: 
    ImportImageContainer (0x4c15d60)
      RTTI typeinfo:   itk::ImportImageContainer<unsigned long, double>
      Reference Count: 1
      Modified Time: 1186
      Debug: Off
      Object Name: 
      Observers: 
        none
      Pointer: 0x14a08bc2f010
      Container manages memory: true
      Size: 8530021
      Capacity: 8530021

     Moving image = Image (0x4c07f60)
  RTTI typeinfo:   itk::Image<double, 3u>
  Reference Count: 2
  Modified Time: 1581
  Debug: Off
  Object Name: 
  Observers: 
    none
  Source: (none)
  Source output name: (none)
  Release Data: Off
  Data Released: False
  Global Release Data: Off
  PipelineMTime: 0
  UpdateMTime: 1578
  RealTimeStamp: 0 seconds 
  LargestPossibleRegion: 
    Dimension: 3
    Index: [0, 0, 0]
    Size: [176, 240, 256]
  BufferedRegion: 
    Dimension: 3
    Index: [0, 0, 0]
    Size: [176, 240, 256]
  RequestedRegion: 
    Dimension: 3
    Index: [0, 0, 0]
    Size: [176, 240, 256]
  Spacing: [0.999999, 1, 1]
  Origin: [90.3778, 84.5091, -154.071]
  Direction: 
-0.999391 7.48184e-06 -0.0348969
-7.47664e-06 -1 -2.7953e-07
-0.0348969 -1.84481e-08 0.999391

  IndexToPointMatrix: 
-0.99939 7.48184e-06 -0.0348969
-7.47663e-06 -1 -2.7953e-07
-0.0348968 -1.84481e-08 0.999391

  PointToIndexMatrix: 
-0.999392 -7.47665e-06 -0.0348969
7.48184e-06 -1 -1.84481e-08
-0.0348969 -2.7953e-07 0.999391

  Inverse Direction: 
-0.999391 -7.47664e-06 -0.0348969
7.48184e-06 -1 -1.84481e-08
-0.0348969 -2.7953e-07 0.999391

  PixelContainer: 
    ImportImageContainer (0x4bf96d0)
      RTTI typeinfo:   itk::ImportImageContainer<unsigned long, double>
      Reference Count: 1
      Modified Time: 1575
      Debug: Off
      Object Name: 
      Observers: 
        none
      Pointer: 0x14a0869ae010
      Container manages memory: true
      Size: 10813440
      Capacity: 10813440

     Weighting = 1
     Sampling strategy = regular
     Number of bins = 32
     Radius = 4
     Sampling percentage  = 0.25
   Transform = Rigid
     Gradient step = 0.1
     Update field sigma (voxel space) = 0
     Total field sigma (voxel space) = 0
     Update field time sigma = 0
     Total field time sigma  = 0
     Number of time indices = 0
     Number of time point samples = 0
Registration using 1 total stages.

Stage 0
  iterations = 1000x500x250x100
  convergence threshold = 1e-06
  convergence window size = 10
  number of levels = 4
  using the Mattes MI metric (number of bins = 32, weight = 1, use gradient filter = 0)
  preprocessing:  winsorizing the image intensities
  Shrink factors (level 1 out of 4): [8, 8, 8]
  Shrink factors (level 2 out of 4): [4, 4, 4]
  Shrink factors (level 3 out of 4): [2, 2, 2]
  Shrink factors (level 4 out of 4): [1, 1, 1]
  smoothing sigmas per level: [3, 2, 1, 0]
  regular sampling (percentage = 0.25)

*** Running Euler3DTransform registration ***

DIAGNOSTIC,Iteration,metricValue,convergenceValue,ITERATION_TIME_INDEX,SINCE_LAST
 2DIAGNOSTIC,     1, -5.323241903179e-01, 1.797693134862e+308, 7.7805e-01, 7.7805e-01, 
 2DIAGNOSTIC,     2, -5.346190553927e-01, 1.797693134862e+308, 7.8336e-01, 5.3089e-03, 
 2DIAGNOSTIC,     3, -5.378036555361e-01, 1.797693134862e+308, 7.8823e-01, 4.8661e-03, 
 2DIAGNOSTIC,     4, -5.422949451405e-01, 1.797693134862e+308, 7.9384e-01, 5.6112e-03, 
 2DIAGNOSTIC,     5, -5.486805952477e-01, 1.797693134862e+308, 7.9887e-01, 5.0290e-03, 
 2DIAGNOSTIC,     6, -5.542790085272e-01, 1.797693134862e+308, 8.0340e-01, 4.5331e-03, 
 2DIAGNOSTIC,     7, -5.627123115611e-01, 1.797693134862e+308, 8.0836e-01, 4.9570e-03, 
 2DIAGNOSTIC,     8, -5.766609943856e-01, 1.797693134862e+308, 8.1305e-01, 4.6961e-03, 
 2DIAGNOSTIC,     9, -5.881111419397e-01, 1.797693134862e+308, 8.1749e-01, 4.4372e-03, 
 2DIAGNOSTIC,    10, -6.012927005665e-01, 7.820055967720e-03, 8.2393e-01, 6.4359e-03, 
 2DIAGNOSTIC,    11, -6.192402913589e-01, 8.564422673930e-03, 8.3198e-01, 8.0481e-03, 
 2DIAGNOSTIC,    12, -6.197111897441e-01, 8.513711436491e-03, 8.3677e-01, 4.7989e-03, 
 2DIAGNOSTIC,    13, -6.223136777511e-01, 7.932305190640e-03, 8.4162e-01, 4.8480e-03, 
 2DIAGNOSTIC,    14, -6.239859078533e-01, 6.938967258809e-03, 8.4618e-01, 4.5531e-03, 
 2DIAGNOSTIC,    15, -6.258731029037e-01, 5.722268374545e-03, 8.5069e-01, 4.5130e-03, 
 2DIAGNOSTIC,    16, -6.290042957048e-01, 4.404898010743e-03, 8.5500e-01, 4.3101e-03, 
 2DIAGNOSTIC,    17, -6.327399548195e-01, 3.192249458100e-03, 8.6136e-01, 6.3660e-03, 
 2DIAGNOSTIC,    18, -6.361770329222e-01, 2.298162514737e-03, 8.6781e-01, 6.4468e-03, 
 2DIAGNOSTIC,    19, -6.381920795052e-01, 1.629119691677e-03, 8.7413e-01, 6.3140e-03, 
 2DIAGNOSTIC,    20, -6.414786468670e-01, 1.264281191386e-03, 8.7955e-01, 5.4278e-03, 
 2DIAGNOSTIC,    21, -6.422621311605e-01, 1.244231354775e-03, 8.8469e-01, 5.1410e-03, 
 2DIAGNOSTIC,    22, -6.443386369773e-01, 1.164065699683e-03, 8.8959e-01, 4.9000e-03, 
 2DIAGNOSTIC,    23, -6.458367311081e-01, 1.066297096038e-03, 8.9448e-01, 4.8900e-03, 
 2DIAGNOSTIC,    24, -6.528535016662e-01, 1.047817944794e-03, 9.0100e-01, 6.5138e-03, 
 2DIAGNOSTIC,    25, -6.591704566615e-01, 1.083081268413e-03, 9.0734e-01, 6.3419e-03, 
 2DIAGNOSTIC,    26, -6.605963664849e-01, 1.093549187211e-03, 9.1268e-01, 5.3411e-03, 
 2DIAGNOSTIC,    27, -6.608439804947e-01, 1.070984920565e-03, 9.1800e-01, 5.3191e-03, 
 2DIAGNOSTIC,    28, -6.615671816678e-01, 1.019502608981e-03, 9.2293e-01, 4.9269e-03, 
 2DIAGNOSTIC,    29, -6.628794646092e-01, 9.260607813699e-04, 9.2836e-01, 5.4350e-03, 
 2DIAGNOSTIC,    30, -6.728294677959e-01, 9.537365683014e-04, 9.3553e-01, 7.1690e-03, 
 2DIAGNOSTIC,    31, -6.735478174255e-01, 9.084136658061e-04, 9.4071e-01, 5.1751e-03, 
 2DIAGNOSTIC,    32, -6.743491580092e-01, 8.254108529644e-04, 9.4621e-01, 5.5060e-03, 
 2DIAGNOSTIC,    33, -6.778518257513e-01, 7.396582707530e-04, 9.5109e-01, 4.8800e-03, 
 2DIAGNOSTIC,    34, -6.872953032680e-01, 8.064166420987e-04, 9.6161e-01, 1.0514e-02, 
 2DIAGNOSTIC,    35, -6.877324715565e-01, 8.751635644984e-04, 9.6623e-01, 4.6251e-03, 
 2DIAGNOSTIC,    36, -6.893217220963e-01, 8.964310573311e-04, 9.7068e-01, 4.4458e-03, 
 2DIAGNOSTIC,    37, -6.927385605979e-01, 8.791469786374e-04, 9.7521e-01, 4.5369e-03, 
 2DIAGNOSTIC,    38, -7.010249751010e-01, 8.853601160660e-04, 9.7996e-01, 4.7500e-03, 
 2DIAGNOSTIC,    39, -7.063980180143e-01, 8.771507024010e-04, 9.8520e-01, 5.2321e-03, 
 2DIAGNOSTIC,    40, -7.084284167210e-01, 9.204332780952e-04, 9.8969e-01, 4.4971e-03, 
 2DIAGNOSTIC,    41, -7.161032979680e-01, 9.681748681623e-04, 9.9486e-01, 5.1701e-03, 
 2DIAGNOSTIC,    42, -7.193504932987e-01, 9.622235146217e-04, 1.0013e+00, 6.4311e-03, 
 2DIAGNOSTIC,    43, -7.222440648913e-01, 9.271240780529e-04, 1.0060e+00, 4.6730e-03, 
 2DIAGNOSTIC,    44, -7.286101281259e-01, 9.647427743780e-04, 1.0104e+00, 4.4239e-03, 
 2DIAGNOSTIC,    45, -7.391004829587e-01, 1.015021611581e-03, 1.0148e+00, 4.4172e-03, 
 2DIAGNOSTIC,    46, -7.438370600205e-01, 1.024184323944e-03, 1.0191e+00, 4.3321e-03, 
 2DIAGNOSTIC,    47, -7.509865807666e-01, 1.032340161284e-03, 1.0267e+00, 7.5941e-03, 
 2DIAGNOSTIC,    48, -7.533385714589e-01, 1.037857139527e-03, 1.0315e+00, 4.7550e-03, 
 2DIAGNOSTIC,    49, -7.535038954482e-01, 9.935406882872e-04, 1.0357e+00, 4.1730e-03, 
 2DIAGNOSTIC,    50, -7.537469527916e-01, 8.742948418234e-04, 1.0404e+00, 4.7290e-03, 
 2DIAGNOSTIC,    51, -7.543842616056e-01, 7.469074744856e-04, 1.0446e+00, 4.2229e-03, 
 2DIAGNOSTIC,    52, -7.558733913472e-01, 5.931108026444e-04, 1.0490e+00, 4.3771e-03, 
 2DIAGNOSTIC,    53, -7.576473444610e-01, 4.265470140403e-04, 1.0538e+00, 4.7929e-03, 
 2DIAGNOSTIC,    54, -7.585432017488e-01, 2.827319634031e-04, 1.0590e+00, 5.2612e-03, 
 2DIAGNOSTIC,    55, -7.589373543775e-01, 2.026538206127e-04, 1.0633e+00, 4.2460e-03, 
 2DIAGNOSTIC,    56, -7.598066983964e-01, 1.480037921625e-04, 1.0684e+00, 5.1432e-03, 
 2DIAGNOSTIC,    57, -7.598117398623e-01, 1.341453458171e-04, 1.0728e+00, 4.3471e-03, 
 2DIAGNOSTIC,    58, -7.599392568258e-01, 1.261009386713e-04, 1.0775e+00, 4.7638e-03, 
 2DIAGNOSTIC,    59, -7.600795828512e-01, 1.086134989239e-04, 1.0822e+00, 4.6759e-03, 
 2DIAGNOSTIC,    60, -7.601352774528e-01, 8.361899711776e-05, 1.0876e+00, 5.3499e-03, 
 2DIAGNOSTIC,    61, -7.608030817430e-01, 6.047020729711e-05, 1.0923e+00, 4.6818e-03, 
 2DIAGNOSTIC,    62, -7.609570269566e-01, 4.321561021736e-05, 1.0975e+00, 5.2018e-03, 
 2DIAGNOSTIC,    63, -7.609798133716e-01, 3.444226527761e-05, 1.1022e+00, 4.7069e-03, 
 2DIAGNOSTIC,    64, -7.607820811011e-01, 2.735456301033e-05, 1.1065e+00, 4.3750e-03, 
 2DIAGNOSTIC,    65, -7.608258393628e-01, 2.063955829890e-05, 1.1110e+00, 4.4439e-03, 
 2DIAGNOSTIC,    66, -7.610031899479e-01, 1.877792256215e-05, 1.1156e+00, 4.6670e-03, 
 2DIAGNOSTIC,    67, -7.611885723623e-01, 1.632300795443e-05, 1.1198e+00, 4.1692e-03, 
 2DIAGNOSTIC,    68, -7.616807147496e-01, 1.625575621792e-05, 1.1245e+00, 4.6899e-03, 
 2DIAGNOSTIC,    69, -7.620293258600e-01, 1.764252722513e-05, 1.1295e+00, 4.9500e-03, 
 2DIAGNOSTIC,    70, -7.619913729524e-01, 1.733127354527e-05, 1.1351e+00, 5.6400e-03, 
 2DIAGNOSTIC,    71, -7.616132568588e-01, 1.711381758026e-05, 1.1394e+00, 4.2760e-03, 
 2DIAGNOSTIC,    72, -7.617009076937e-01, 1.673823377005e-05, 1.1440e+00, 4.6000e-03, 
 2DIAGNOSTIC,    73, -7.618454953546e-01, 1.570614025526e-05, 1.1481e+00, 4.1530e-03, 
 2DIAGNOSTIC,    74, -7.618595594573e-01, 1.214156940627e-05, 1.1523e+00, 4.2012e-03, 
 2DIAGNOSTIC,    75, -7.618623236776e-01, 7.861184989371e-06, 1.1571e+00, 4.7629e-03, 
 2DIAGNOSTIC,    76, -7.622110418285e-01, 5.922327440655e-06, 1.1706e+00, 1.3520e-02, 
 2DIAGNOSTIC,    77, -7.622110409292e-01, 4.390867582591e-06, 1.1748e+00, 4.2381e-03, 
 2DIAGNOSTIC,    78, -7.622110438857e-01, 5.033213810596e-06, 1.1790e+00, 4.1258e-03, 
 2DIAGNOSTIC,    79, -7.622110488834e-01, 7.039486058007e-06, 1.1832e+00, 4.1800e-03, 
 2DIAGNOSTIC,    80, -7.622110573295e-01, 8.225809387778e-06, 1.1873e+00, 4.1649e-03, 
 2DIAGNOSTIC,    81, -7.622110715977e-01, 6.686885505465e-06, 1.1917e+00, 4.3311e-03, 
 2DIAGNOSTIC,    82, -7.622110956852e-01, 4.995949585510e-06, 1.1958e+00, 4.1449e-03, 
 2DIAGNOSTIC,    83, -7.622111363028e-01, 3.645506915197e-06, 1.2001e+00, 4.2720e-03, 
 2DIAGNOSTIC,    84, -7.622112046623e-01, 2.107334339009e-06, 1.2043e+00, 4.1840e-03, 
DIAGNOSTIC,Iteration,metricValue,convergenceValue,ITERATION_TIME_INDEX,SINCE_LAST
 2DIAGNOSTIC,     1, -6.045243805152e-01, 1.797693134862e+308, 1.9340e+00, 7.2973e-01, 
 2DIAGNOSTIC,     2, -6.053609504413e-01, 1.797693134862e+308, 1.9635e+00, 2.9543e-02, 
 2DIAGNOSTIC,     3, -6.067237282746e-01, 1.797693134862e+308, 1.9926e+00, 2.9049e-02, 
 2DIAGNOSTIC,     4, -6.082647361300e-01, 1.797693134862e+308, 2.0212e+00, 2.8584e-02, 
 2DIAGNOSTIC,     5, -6.095214489771e-01, 1.797693134862e+308, 2.0501e+00, 2.8955e-02, 
 2DIAGNOSTIC,     6, -6.106988862515e-01, 1.797693134862e+308, 2.0799e+00, 2.9792e-02, 
 2DIAGNOSTIC,     7, -6.124551539607e-01, 1.797693134862e+308, 2.1094e+00, 2.9508e-02, 
 2DIAGNOSTIC,     8, -6.195163935785e-01, 1.797693134862e+308, 2.1457e+00, 3.6308e-02, 
 2DIAGNOSTIC,     9, -6.198771979023e-01, 1.797693134862e+308, 2.1814e+00, 3.5714e-02, 
 2DIAGNOSTIC,    10, -6.198931662858e-01, 1.823797258344e-03, 2.2101e+00, 2.8633e-02, 
 2DIAGNOSTIC,    11, -6.201672403108e-01, 1.665905021496e-03, 2.2432e+00, 3.3128e-02, 
 2DIAGNOSTIC,    12, -6.204661351045e-01, 1.427072135987e-03, 2.2786e+00, 3.5380e-02, 
 2DIAGNOSTIC,    13, -6.205427178237e-01, 1.143108926760e-03, 2.3176e+00, 3.8983e-02, 
 2DIAGNOSTIC,    14, -6.205388128300e-01, 8.467572653924e-04, 2.3493e+00, 3.1697e-02, 
 2DIAGNOSTIC,    15, -6.205340748387e-01, 5.551186100450e-04, 2.3770e+00, 2.7735e-02, 
 2DIAGNOSTIC,    16, -6.205300175338e-01, 2.845234526202e-04, 2.4090e+00, 3.2041e-02, 
 2DIAGNOSTIC,    17, -6.205238518495e-01, 6.203977780808e-05, 2.4374e+00, 2.8322e-02, 
 2DIAGNOSTIC,    18, -6.205317103217e-01, 4.003101009533e-05, 2.4654e+00, 2.8055e-02, 
 2DIAGNOSTIC,    19, -6.205661596680e-01, 2.658750772684e-05, 2.4980e+00, 3.2633e-02, 
 2DIAGNOSTIC,    20, -6.205589332611e-01, 1.229710185512e-05, 2.5266e+00, 2.8586e-02, 
 2DIAGNOSTIC,    21, -6.206473440367e-01, 6.190540544189e-06, 2.5545e+00, 2.7870e-02, 
 2DIAGNOSTIC,    22, -6.207201074012e-01, 7.905489557432e-06, 2.5905e+00, 3.5967e-02, 
 2DIAGNOSTIC,    23, -6.207337083841e-01, 1.064635536028e-05, 2.6188e+00, 2.8349e-02, 
 2DIAGNOSTIC,    24, -6.207551075160e-01, 1.265148678022e-05, 2.6506e+00, 3.1796e-02, 
 2DIAGNOSTIC,    25, -6.208268860931e-01, 1.467827156369e-05, 2.6789e+00, 2.8274e-02, 
 2DIAGNOSTIC,    26, -6.208770132094e-01, 1.606039912150e-05, 2.7148e+00, 3.5869e-02, 
 2DIAGNOSTIC,    27, -6.208880689908e-01, 1.599639490477e-05, 2.7476e+00, 3.2867e-02, 
 2DIAGNOSTIC,    28, -6.208742857536e-01, 1.446324897537e-05, 2.7765e+00, 2.8919e-02, 
 2DIAGNOSTIC,    29, -6.208758051447e-01, 1.239895185409e-05, 2.8054e+00, 2.8856e-02, 
 2DIAGNOSTIC,    30, -6.209269171987e-01, 1.003295451792e-05, 2.8371e+00, 3.1683e-02, 
 2DIAGNOSTIC,    31, -6.209519326488e-01, 8.589713350382e-06, 2.8693e+00, 3.2247e-02, 
 2DIAGNOSTIC,    32, -6.209110200978e-01, 6.988111503202e-06, 2.9011e+00, 3.1795e-02, 
 2DIAGNOSTIC,    33, -6.209128020531e-01, 5.180035236564e-06, 2.9294e+00, 2.8304e-02, 
 2DIAGNOSTIC,    34, -6.210377014149e-01, 5.036310361757e-06, 2.9722e+00, 4.2760e-02, 
 2DIAGNOSTIC,    35, -6.210132293391e-01, 5.045007617797e-06, 3.0045e+00, 3.2310e-02, 
 2DIAGNOSTIC,    36, -6.210002507925e-01, 5.151522270055e-06, 3.0328e+00, 2.8265e-02, 
 2DIAGNOSTIC,    37, -6.210060796042e-01, 5.105315595229e-06, 3.0649e+00, 3.2151e-02, 
 2DIAGNOSTIC,    38, -6.210156492029e-01, 4.605567462096e-06, 3.0968e+00, 3.1923e-02, 
 2DIAGNOSTIC,    39, -6.210148156785e-01, 3.730571454384e-06, 3.1290e+00, 3.2126e-02, 
 2DIAGNOSTIC,    40, -6.210177237346e-01, 3.231461376364e-06, 3.1607e+00, 3.1706e-02, 
 2DIAGNOSTIC,    41, -6.210252420984e-01, 2.929394822108e-06, 3.1881e+00, 2.7447e-02, 
 2DIAGNOSTIC,    42, -6.210539080969e-01, 2.310966354054e-06, 3.2161e+00, 2.7956e-02, 
 2DIAGNOSTIC,    43, -6.211341244146e-01, 2.396364224735e-06, 3.2484e+00, 3.2376e-02, 
 2DIAGNOSTIC,    44, -6.211729234016e-01, 4.016004885310e-06, 3.2772e+00, 2.8722e-02, 
 2DIAGNOSTIC,    45, -6.212055665745e-01, 5.340762350446e-06, 3.3052e+00, 2.8060e-02, 
 2DIAGNOSTIC,    46, -6.214204766476e-01, 8.185811145377e-06, 3.3372e+00, 3.1931e-02, 
 2DIAGNOSTIC,    47, -6.215029930983e-01, 1.099499251371e-05, 3.3725e+00, 3.5316e-02, 
 2DIAGNOSTIC,    48, -6.214843437904e-01, 1.260554007178e-05, 3.4080e+00, 3.5569e-02, 
 2DIAGNOSTIC,    49, -6.215499276532e-01, 1.365422545779e-05, 3.4362e+00, 2.8156e-02, 
 2DIAGNOSTIC,    50, -6.216041124846e-01, 1.393112416305e-05, 3.4645e+00, 2.8314e-02, 
 2DIAGNOSTIC,    51, -6.217325634882e-01, 1.410721129803e-05, 3.4966e+00, 3.2119e-02, 
 2DIAGNOSTIC,    52, -6.217522305573e-01, 1.336245364365e-05, 3.5288e+00, 3.2147e-02, 
 2DIAGNOSTIC,    53, -6.217598650165e-01, 1.222156404071e-05, 3.5612e+00, 3.2427e-02, 
 2DIAGNOSTIC,    54, -6.217181976105e-01, 1.001629058601e-05, 3.5931e+00, 3.1905e-02, 
 2DIAGNOSTIC,    55, -6.217192279279e-01, 7.221421355959e-06, 3.6251e+00, 3.2026e-02, 
 2DIAGNOSTIC,    56, -6.217325666192e-01, 5.723356101068e-06, 3.6603e+00, 3.5127e-02, 
 2DIAGNOSTIC,    57, -6.217224293981e-01, 4.368100383952e-06, 3.6888e+00, 2.8585e-02, 
 2DIAGNOSTIC,    58, -6.217230591072e-01, 2.561371847183e-06, 3.7218e+00, 3.2947e-02, 
 2DIAGNOSTIC,    59, -6.217233796661e-01, 1.143516858947e-06, 3.7538e+00, 3.2030e-02, 
DIAGNOSTIC,Iteration,metricValue,convergenceValue,ITERATION_TIME_INDEX,SINCE_LAST
 2DIAGNOSTIC,     1, -5.348802129981e-01, 1.797693134862e+308, 4.8507e+00, 1.0969e+00, 
 2DIAGNOSTIC,     2, -5.351622068888e-01, 1.797693134862e+308, 5.0777e+00, 2.2700e-01, 
 2DIAGNOSTIC,     3, -5.353933306877e-01, 1.797693134862e+308, 5.2968e+00, 2.1908e-01, 
 2DIAGNOSTIC,     4, -5.355776741438e-01, 1.797693134862e+308, 5.5426e+00, 2.4579e-01, 
 2DIAGNOSTIC,     5, -5.356573994025e-01, 1.797693134862e+308, 5.8010e+00, 2.5845e-01, 
 2DIAGNOSTIC,     6, -5.359153216558e-01, 1.797693134862e+308, 6.1901e+00, 3.8911e-01, 
 2DIAGNOSTIC,     7, -5.359219102543e-01, 1.797693134862e+308, 6.5706e+00, 3.8047e-01, 
 2DIAGNOSTIC,     8, -5.359200714344e-01, 1.797693134862e+308, 6.8775e+00, 3.0692e-01, 
 2DIAGNOSTIC,     9, -5.359184040278e-01, 1.797693134862e+308, 7.1270e+00, 2.4951e-01, 
 2DIAGNOSTIC,    10, -5.359176681851e-01, 1.236959847807e-04, 7.3943e+00, 2.6727e-01, 
 2DIAGNOSTIC,    11, -5.359169727062e-01, 7.889946118661e-05, 7.6180e+00, 2.2368e-01, 
 2DIAGNOSTIC,    12, -5.359143944322e-01, 4.692619250371e-05, 7.8460e+00, 2.2804e-01, 
 2DIAGNOSTIC,    13, -5.359133020004e-01, 2.526223360756e-05, 8.0964e+00, 2.5032e-01, 
 2DIAGNOSTIC,    14, -5.359156060860e-01, 1.173149750941e-05, 8.4074e+00, 3.1105e-01, 
 2DIAGNOSTIC,    15, -5.359147876696e-01, 1.669386299724e-06, 8.6479e+00, 2.4047e-01, 
 2DIAGNOSTIC,    16, -5.359139830113e-01, 1.426075496497e-06, 8.9457e+00, 2.9785e-01, 
 2DIAGNOSTIC,    17, -5.359130444455e-01, 1.443308839673e-06, 9.1665e+00, 2.2077e-01, 
 2DIAGNOSTIC,    18, -5.359100303695e-01, 1.356687913651e-06, 9.4208e+00, 2.5427e-01, 
 2DIAGNOSTIC,    19, -5.359103094042e-01, 1.278535815066e-06, 9.6949e+00, 2.7415e-01, 
 2DIAGNOSTIC,    20, -5.359082565167e-01, 1.168914988685e-06, 9.9624e+00, 2.6747e-01, 
 2DIAGNOSTIC,    21, -5.359050735427e-01, 1.014402799419e-06, 1.0220e+01, 2.5730e-01, 
DIAGNOSTIC,Iteration,metricValue,convergenceValue,ITERATION_TIME_INDEX,SINCE_LAST
 2DIAGNOSTIC,     1, -4.896801890567e-01, 1.797693134862e+308, 1.2852e+01, 2.6321e+00, 
 2DIAGNOSTIC,     2, -4.896856400768e-01, 1.797693134862e+308, 1.5587e+01, 2.7354e+00, 
 2DIAGNOSTIC,     3, -4.896852269250e-01, 1.797693134862e+308, 1.7452e+01, 1.8647e+00, 
 2DIAGNOSTIC,     4, -4.896843492935e-01, 1.797693134862e+308, 1.9236e+01, 1.7844e+00, 
 2DIAGNOSTIC,     5, -4.896831759293e-01, 1.797693134862e+308, 2.1577e+01, 2.3411e+00, 
 2DIAGNOSTIC,     6, -4.896827641732e-01, 1.797693134862e+308, 2.3406e+01, 1.8286e+00, 
 2DIAGNOSTIC,     7, -4.896826262037e-01, 1.797693134862e+308, 2.5169e+01, 1.7634e+00, 
 2DIAGNOSTIC,     8, -4.896828752341e-01, 1.797693134862e+308, 2.6926e+01, 1.7568e+00, 
 2DIAGNOSTIC,     9, -4.896825690246e-01, 1.797693134862e+308, 2.8766e+01, 1.8400e+00, 
 2DIAGNOSTIC,    10, -4.896825642717e-01, 3.016671387288e-06, 3.0623e+01, 1.8569e+00, 
 2DIAGNOSTIC,    11, -4.896826548265e-01, 2.537000478045e-06, 3.2209e+01, 1.5863e+00, 
 2DIAGNOSTIC,    12, -4.896826282154e-01, 2.430355572583e-06, 3.3774e+01, 1.5649e+00, 
 2DIAGNOSTIC,    13, -4.896825463302e-01, 2.338081355274e-06, 3.5525e+01, 1.7505e+00, 
 2DIAGNOSTIC,    14, -4.896824905469e-01, 2.231594918009e-06, 3.7337e+01, 1.8124e+00, 
 2DIAGNOSTIC,    15, -4.896824185217e-01, 2.095410849140e-06, 3.9022e+01, 1.6846e+00, 
 2DIAGNOSTIC,    16, -4.896822248614e-01, 1.956626205446e-06, 4.0524e+01, 1.5019e+00, 
 2DIAGNOSTIC,    17, -4.896821745049e-01, 1.830408850059e-06, 4.2168e+01, 1.6442e+00, 
 2DIAGNOSTIC,    18, -4.896822231761e-01, 1.731897106991e-06, 4.3706e+01, 1.5379e+00, 
 2DIAGNOSTIC,    19, -4.896820389682e-01, 1.631960502027e-06, 4.5365e+01, 1.6593e+00, 
 2DIAGNOSTIC,    20, -4.896819803863e-01, 1.544190264699e-06, 4.6847e+01, 1.4824e+00, 
 2DIAGNOSTIC,    21, -4.896819620650e-01, 1.471167576081e-06, 4.8539e+01, 1.6920e+00, 
 2DIAGNOSTIC,    22, -4.896820158263e-01, 1.409535317159e-06, 5.0229e+01, 1.6898e+00, 
 2DIAGNOSTIC,    23, -4.896819756415e-01, 1.353456603084e-06, 5.1913e+01, 1.6842e+00, 
 2DIAGNOSTIC,    24, -4.896819673454e-01, 1.303360322349e-06, 5.3643e+01, 1.7298e+00, 
 2DIAGNOSTIC,    25, -4.896817461371e-01, 1.252723500683e-06, 5.5229e+01, 1.5861e+00, 
 2DIAGNOSTIC,    26, -4.896818113795e-01, 1.205075164538e-06, 5.6807e+01, 1.5775e+00, 
 2DIAGNOSTIC,    27, -4.896818117072e-01, 1.161398979717e-06, 5.8373e+01, 1.5665e+00, 
 2DIAGNOSTIC,    28, -4.896815368969e-01, 1.117775182621e-06, 5.9933e+01, 1.5598e+00, 
 2DIAGNOSTIC,    29, -4.896813519592e-01, 1.071747523146e-06, 6.1318e+01, 1.3849e+00, 
 2DIAGNOSTIC,    30, -4.896813159488e-01, 1.029452305096e-06, 6.2904e+01, 1.5861e+00, 
  Elapsed time (stage 0): 6.3734e+01


Total elapsed time: 6.3736e+01
Info [verificarlo]: loaded backend libinterflop_ieee.so
Info [interflop-ieee]: load backend with:
Info [interflop-ieee]: debug = false
Info [interflop-ieee]: debug-binary = false
Info [interflop-ieee]: no-backend-name = false
Info [interflop-ieee]: print-new-line = false
Info [interflop-ieee]: print-subnormal-normalized = false
Info [interflop-ieee]: count-op = false
All_Command_lines_OK
Using double precision for computations.
=============================================================================
The composite transform comprises the following transforms (in order): 
  1. /home/mdugre/scratch/mri-registration-rp/datasets/ds004513/derivatives/mri-registration-rp/0001/antsRegistration-r7-p13/sub-s025/rigid_Composite.h5[0] (type = Euler3DTransform)
  2. /home/mdugre/scratch/mri-registration-rp/datasets/ds004513/derivatives/mri-registration-rp/0001/antsRegistration-r7-p13/sub-s025/rigid_Composite.h5[1] (type = Euler3DTransform)
  3. /home/mdugre/scratch/mri-registration-rp/datasets/ds004513/derivatives/mri-registration-rp/0001/antsRegistration-r7-p13/sub-s025/rigid_Composite.h5[2] (type = Euler3DTransform)
=============================================================================
  number of levels = 4
  fixed image: /templateflow/tpl-MNI152NLin2009cAsym/tpl-MNI152NLin2009cAsym_res-01_desc-brain_T1w.nii.gz
  moving image: /home/mdugre/scratch/mri-registration-rp/datasets/ds004513/derivatives/mri-registration-rp/antsBrainExtraction/sub-s025/BrainExtractionBrain.nii.gz
Dimension = 3
Number of stages = 1
Use histogram matching = false
Winsorize image intensities = true
  Lower quantile = 0.005
  Upper quantile = 0.995


Stage 1 State
   Image metric = MattesMI
     Fixed image = Image (0x3ec87e0)
  RTTI typeinfo:   itk::Image<double, 3u>
  Reference Count: 2
  Modified Time: 1594
  Debug: Off
  Object Name: 
  Observers: 
    none
  Source: (none)
  Source output name: (none)
  Release Data: Off
  Data Released: False
  Global Release Data: Off
  PipelineMTime: 0
  UpdateMTime: 1203
  RealTimeStamp: 0 seconds 
  LargestPossibleRegion: 
    Dimension: 3
    Index: [0, 0, 0]
    Size: [193, 229, 193]
  BufferedRegion: 
    Dimension: 3
    Index: [0, 0, 0]
    Size: [193, 229, 193]
  RequestedRegion: 
    Dimension: 3
    Index: [0, 0, 0]
    Size: [193, 229, 193]
  Spacing: [1, 1, 1]
  Origin: [96, 132, -78]
  Direction: 
-1 0 0
0 -1 0
0 0 1

  IndexToPointMatrix: 
-1 0 0
0 -1 0
0 0 1

  PointToIndexMatrix: 
-1 0 0
0 -1 0
0 0 1

  Inverse Direction: 
-1 0 0
0 -1 0
0 0 1

  PixelContainer: 
    ImportImageContainer (0x3f88a20)
      RTTI typeinfo:   itk::ImportImageContainer<unsigned long, double>
      Reference Count: 1
      Modified Time: 1200
      Debug: Off
      Object Name: 
      Observers: 
        none
      Pointer: 0x148aa88b3010
      Container manages memory: true
      Size: 8530021
      Capacity: 8530021

     Moving image = Image (0x3f83d70)
  RTTI typeinfo:   itk::Image<double, 3u>
  Reference Count: 2
  Modified Time: 1595
  Debug: Off
  Object Name: 
  Observers: 
    none
  Source: (none)
  Source output name: (none)
  Release Data: Off
  Data Released: False
  Global Release Data: Off
  PipelineMTime: 0
  UpdateMTime: 1592
  RealTimeStamp: 0 seconds 
  LargestPossibleRegion: 
    Dimension: 3
    Index: [0, 0, 0]
    Size: [176, 240, 256]
  BufferedRegion: 
    Dimension: 3
    Index: [0, 0, 0]
    Size: [176, 240, 256]
  RequestedRegion: 
    Dimension: 3
    Index: [0, 0, 0]
    Size: [176, 240, 256]
  Spacing: [0.999999, 1, 1]
  Origin: [90.3778, 84.5091, -154.071]
  Direction: 
-0.999391 7.48184e-06 -0.0348969
-7.47664e-06 -1 -2.7953e-07
-0.0348969 -1.84481e-08 0.999391

  IndexToPointMatrix: 
-0.99939 7.48184e-06 -0.0348969
-7.47663e-06 -1 -2.7953e-07
-0.0348968 -1.84481e-08 0.999391

  PointToIndexMatrix: 
-0.999392 -7.47665e-06 -0.0348969
7.48184e-06 -1 -1.84481e-08
-0.0348969 -2.7953e-07 0.999391

  Inverse Direction: 
-0.999391 -7.47664e-06 -0.0348969
7.48184e-06 -1 -1.84481e-08
-0.0348969 -2.7953e-07 0.999391

  PixelContainer: 
    ImportImageContainer (0x3f3bc90)
      RTTI typeinfo:   itk::ImportImageContainer<unsigned long, double>
      Reference Count: 1
      Modified Time: 1589
      Debug: Off
      Object Name: 
      Observers: 
        none
      Pointer: 0x148aa3632010
      Container manages memory: true
      Size: 10813440
      Capacity: 10813440

     Weighting = 1
     Sampling strategy = regular
     Number of bins = 32
     Radius = 4
     Sampling percentage  = 0.25
   Transform = Affine
     Gradient step = 0.1
     Update field sigma (voxel space) = 0
     Total field sigma (voxel space) = 0
     Update field time sigma = 0
     Total field time sigma  = 0
     Number of time indices = 0
     Number of time point samples = 0
Registration using 1 total stages.

Stage 0
  iterations = 1000x500x250x100
  convergence threshold = 1e-06
  convergence window size = 10
  number of levels = 4
  using the Mattes MI metric (number of bins = 32, weight = 1, use gradient filter = 0)
  preprocessing:  winsorizing the image intensities
  Shrink factors (level 1 out of 4): [8, 8, 8]
  Shrink factors (level 2 out of 4): [4, 4, 4]
  Shrink factors (level 3 out of 4): [2, 2, 2]
  Shrink factors (level 4 out of 4): [1, 1, 1]
  smoothing sigmas per level: [3, 2, 1, 0]
  regular sampling (percentage = 0.25)

*** Running AffineTransform registration ***

DIAGNOSTIC,Iteration,metricValue,convergenceValue,ITERATION_TIME_INDEX,SINCE_LAST
 2DIAGNOSTIC,     1, -7.476083920095e-01, 1.797693134862e+308, 9.0659e-01, 9.0659e-01, 
 2DIAGNOSTIC,     2, -7.499231920923e-01, 1.797693134862e+308, 9.1130e-01, 4.7119e-03, 
 2DIAGNOSTIC,     3, -7.532776308352e-01, 1.797693134862e+308, 9.1575e-01, 4.4560e-03, 
 2DIAGNOSTIC,     4, -7.599748274248e-01, 1.797693134862e+308, 9.2023e-01, 4.4711e-03, 
 2DIAGNOSTIC,     5, -7.714474595436e-01, 1.797693134862e+308, 9.2459e-01, 4.3612e-03, 
 2DIAGNOSTIC,     6, -7.867926400509e-01, 1.797693134862e+308, 9.2905e-01, 4.4670e-03, 
 2DIAGNOSTIC,     7, -8.224191819278e-01, 1.797693134862e+308, 9.3355e-01, 4.4990e-03, 
 2DIAGNOSTIC,     8, -9.010354295552e-01, 1.797693134862e+308, 9.3936e-01, 5.8091e-03, 
 2DIAGNOSTIC,     9, -9.225094336791e-01, 1.797693134862e+308, 9.4399e-01, 4.6270e-03, 
 2DIAGNOSTIC,    10, -9.310634207034e-01, 1.638936597534e-02, 9.5086e-01, 6.8738e-03, 
 2DIAGNOSTIC,    11, -9.355955479911e-01, 1.632287951455e-02, 9.5575e-01, 4.8852e-03, 
 2DIAGNOSTIC,    12, -9.368516343579e-01, 1.490799697870e-02, 9.6069e-01, 4.9450e-03, 
 2DIAGNOSTIC,    13, -9.378980119720e-01, 1.248404635252e-02, 9.6581e-01, 5.1150e-03, 
 2DIAGNOSTIC,    14, -9.378101340413e-01, 9.471136184215e-03, 9.7188e-01, 6.0680e-03, 
 2DIAGNOSTIC,    15, -9.383653108551e-01, 6.329845509426e-03, 9.7696e-01, 5.0871e-03, 
 2DIAGNOSTIC,    16, -9.384883035667e-01, 3.362480207411e-03, 9.8186e-01, 4.9000e-03, 
 2DIAGNOSTIC,    17, -9.382343853023e-01, 1.112863323375e-03, 9.8619e-01, 4.3271e-03, 
 2DIAGNOSTIC,    18, -9.381573548689e-01, 4.493664739117e-04, 9.9067e-01, 4.4770e-03, 
 2DIAGNOSTIC,    19, -9.382596981545e-01, 1.863936112238e-04, 9.9502e-01, 4.3550e-03, 
 2DIAGNOSTIC,    20, -9.384123777306e-01, 7.382932342639e-05, 9.9943e-01, 4.4091e-03, 
 2DIAGNOSTIC,    21, -9.385835650810e-01, 3.791402127098e-05, 1.0041e+00, 4.7081e-03, 
 2DIAGNOSTIC,    22, -9.386210121593e-01, 2.076137883730e-05, 1.0091e+00, 4.9422e-03, 
 2DIAGNOSTIC,    23, -9.382721319171e-01, 1.337641330540e-05, 1.0153e+00, 6.1979e-03, 
 2DIAGNOSTIC,    24, -9.383311981575e-01, 5.045854383587e-06, 1.0203e+00, 5.0349e-03, 
 2DIAGNOSTIC,    25, -9.382261315996e-01, 2.621960414596e-06, 1.0267e+00, 6.3891e-03, 
DIAGNOSTIC,Iteration,metricValue,convergenceValue,ITERATION_TIME_INDEX,SINCE_LAST
 2DIAGNOSTIC,     1, -7.505584494963e-01, 1.797693134862e+308, 1.8157e+00, 7.8902e-01, 
 2DIAGNOSTIC,     2, -7.509379486039e-01, 1.797693134862e+308, 1.8534e+00, 3.7678e-02, 
 2DIAGNOSTIC,     3, -7.514013524219e-01, 1.797693134862e+308, 1.8872e+00, 3.3845e-02, 
 2DIAGNOSTIC,     4, -7.519108118483e-01, 1.797693134862e+308, 1.9211e+00, 3.3813e-02, 
 2DIAGNOSTIC,     5, -7.527805260530e-01, 1.797693134862e+308, 1.9596e+00, 3.8538e-02, 
 2DIAGNOSTIC,     6, -7.545303720354e-01, 1.797693134862e+308, 1.9982e+00, 3.8587e-02, 
 2DIAGNOSTIC,     7, -7.548394074322e-01, 1.797693134862e+308, 2.0435e+00, 4.5273e-02, 
 2DIAGNOSTIC,     8, -7.548683835220e-01, 1.797693134862e+308, 2.0809e+00, 3.7395e-02, 
 2DIAGNOSTIC,     9, -7.548890138076e-01, 1.797693134862e+308, 2.1223e+00, 4.1460e-02, 
 2DIAGNOSTIC,    10, -7.548625055029e-01, 4.502128297609e-04, 2.1598e+00, 3.7474e-02, 
 2DIAGNOSTIC,    11, -7.548454722899e-01, 3.475230511875e-04, 2.1966e+00, 3.6799e-02, 
 2DIAGNOSTIC,    12, -7.548302561997e-01, 2.423995245776e-04, 2.2348e+00, 3.8238e-02, 
 2DIAGNOSTIC,    13, -7.548377355079e-01, 1.461466630367e-04, 2.2760e+00, 4.1169e-02, 
 2DIAGNOSTIC,    14, -7.548128889000e-01, 6.367470935469e-05, 2.3147e+00, 3.8739e-02, 
 2DIAGNOSTIC,    15, -7.548040189300e-01, 7.119460164171e-06, 2.3484e+00, 3.3648e-02, 
DIAGNOSTIC,Iteration,metricValue,convergenceValue,ITERATION_TIME_INDEX,SINCE_LAST
 2DIAGNOSTIC,     1, -6.417339918917e-01, 1.797693134862e+308, 3.4382e+00, 1.0899e+00, 
 2DIAGNOSTIC,     2, -6.421329970592e-01, 1.797693134862e+308, 3.6928e+00, 2.5459e-01, 
 2DIAGNOSTIC,     3, -6.425960225021e-01, 1.797693134862e+308, 3.9508e+00, 2.5801e-01, 
 2DIAGNOSTIC,     4, -6.431065447290e-01, 1.797693134862e+308, 4.2378e+00, 2.8699e-01, 
 2DIAGNOSTIC,     5, -6.439205995337e-01, 1.797693134862e+308, 4.5135e+00, 2.7568e-01, 
 2DIAGNOSTIC,     6, -6.442496802352e-01, 1.797693134862e+308, 4.8340e+00, 3.2046e-01, 
 2DIAGNOSTIC,     7, -6.443271502736e-01, 1.797693134862e+308, 5.1376e+00, 3.0364e-01, 
 2DIAGNOSTIC,     8, -6.444439845739e-01, 1.797693134862e+308, 5.7165e+00, 5.7891e-01, 
 2DIAGNOSTIC,     9, -6.444538890310e-01, 1.797693134862e+308, 6.0288e+00, 3.1230e-01, 
 2DIAGNOSTIC,    10, -6.444517541610e-01, 2.976192692877e-04, 6.3407e+00, 3.1186e-01, 
 2DIAGNOSTIC,    11, -6.444553825336e-01, 2.095005708539e-04, 6.6617e+00, 3.2106e-01, 
 2DIAGNOSTIC,    12, -6.444674904341e-01, 1.328068212616e-04, 6.9860e+00, 3.2430e-01, 
 2DIAGNOSTIC,    13, -6.444714319522e-01, 7.196198585697e-05, 7.2966e+00, 3.1060e-01, 
 2DIAGNOSTIC,    14, -6.444876975751e-01, 2.952867967843e-05, 7.6125e+00, 3.1584e-01, 
 2DIAGNOSTIC,    15, -6.445130989461e-01, 1.477320404515e-05, 7.9284e+00, 3.1588e-01, 
 2DIAGNOSTIC,    16, -6.445153795639e-01, 9.811647110960e-06, 8.2515e+00, 3.2314e-01, 
 2DIAGNOSTIC,    17, -6.445258204449e-01, 6.918984401416e-06, 8.5738e+00, 3.2229e-01, 
 2DIAGNOSTIC,    18, -6.445291304729e-01, 6.820804975369e-06, 8.8972e+00, 3.2337e-01, 
 2DIAGNOSTIC,    19, -6.445287368607e-01, 6.485417629751e-06, 9.2062e+00, 3.0906e-01, 
 2DIAGNOSTIC,    20, -6.445303493038e-01, 5.721368720811e-06, 9.4888e+00, 2.8254e-01, 
 2DIAGNOSTIC,    21, -6.445279615680e-01, 4.667223623953e-06, 9.7780e+00, 2.8921e-01, 
 2DIAGNOSTIC,    22, -6.445359211847e-01, 3.824908531486e-06, 1.0083e+01, 3.0509e-01, 
 2DIAGNOSTIC,    23, -6.445551693262e-01, 3.269716457810e-06, 1.0388e+01, 3.0465e-01, 
 2DIAGNOSTIC,    24, -6.445963283874e-01, 3.620738589609e-06, 1.0655e+01, 2.6682e-01, 
 2DIAGNOSTIC,    25, -6.446532524955e-01, 5.168471562143e-06, 1.1001e+01, 3.4622e-01, 
 2DIAGNOSTIC,    26, -6.446959917423e-01, 6.976318125539e-06, 1.1269e+01, 2.6787e-01, 
