
##########################
# Experiment information #
##########################

EXPERIMENT_NAME: antsRegistration-r8-p23
VFC_BACKENDS: libinterflop_vprec.so --range-binary32=8 --precision-binary32=23 --range-binary64=8 --precision-binary64=23

SIF_IMG: /home/mdugre/projects/rrg-glatard/mdugre/containers/ants-vprec-no_metrics.simg

SUBJECT_ID: s032
INPUT_IMG: /home/mdugre/scratch/mri-registration-rp/datasets/ds004513/derivatives/mri-registration-rp/antsBrainExtraction/sub-s032/BrainExtractionBrain.nii.gz
OUTPUT_DIR: /home/mdugre/scratch/mri-registration-rp/datasets/ds004513/derivatives/mri-registration-rp/0001/antsRegistration-r8-p23/sub-s032

FIXED_IMG: /templateflow/tpl-MNI152NLin2009cAsym/tpl-MNI152NLin2009cAsym_res-01_desc-brain_T1w.nii.gz
DATA_DIR: /home/mdugre/scratch/mri-registration-rp/datasets/ds004513
TEMPLATEFLOW_DIR: /home/mdugre/projects/rrg-glatard/mdugre/templateflow
ITK_GLOBAL_DEFAULT_NUMBER_OF_THREADS: 16
##########################

Info [verificarlo]: loaded backend libinterflop_ieee.so
Info [interflop-ieee]: load backend with:
Info [interflop-ieee]: debug = false
Info [interflop-ieee]: debug-binary = false
Info [interflop-ieee]: no-backend-name = false
Info [interflop-ieee]: print-new-line = false
Info [interflop-ieee]: print-subnormal-normalized = false
Info [interflop-ieee]: count-op = false
All_Command_lines_OK
Using double precision for computations.
=============================================================================
The composite transform comprises the following transforms (in order): 
  1. Center of mass alignment using fixed image: /templateflow/tpl-MNI152NLin2009cAsym/tpl-MNI152NLin2009cAsym_res-01_desc-brain_T1w.nii.gz and moving image: /home/mdugre/scratch/mri-registration-rp/datasets/ds004513/derivatives/mri-registration-rp/antsBrainExtraction/sub-s032/BrainExtractionBrain.nii.gz (type = Euler3DTransform)
=============================================================================
  number of levels = 1
  fixed image: /templateflow/tpl-MNI152NLin2009cAsym/tpl-MNI152NLin2009cAsym_res-01_desc-brain_T1w.nii.gz
  moving image: /home/mdugre/scratch/mri-registration-rp/datasets/ds004513/derivatives/mri-registration-rp/antsBrainExtraction/sub-s032/BrainExtractionBrain.nii.gz
Dimension = 3
Number of stages = 1
Use histogram matching = false
Winsorize image intensities = true
  Lower quantile = 0.005
  Upper quantile = 0.995


Stage 1 State
   Image metric = MattesMI
     Fixed image = Image (0x3efae70)
  RTTI typeinfo:   itk::Image<double, 3u>
  Reference Count: 2
  Modified Time: 2330
  Debug: Off
  Object Name: 
  Observers: 
    none
  Source: (none)
  Source output name: (none)
  Release Data: Off
  Data Released: False
  Global Release Data: Off
  PipelineMTime: 0
  UpdateMTime: 1941
  RealTimeStamp: 0 seconds 
  LargestPossibleRegion: 
    Dimension: 3
    Index: [0, 0, 0]
    Size: [193, 229, 193]
  BufferedRegion: 
    Dimension: 3
    Index: [0, 0, 0]
    Size: [193, 229, 193]
  RequestedRegion: 
    Dimension: 3
    Index: [0, 0, 0]
    Size: [193, 229, 193]
  Spacing: [1, 1, 1]
  Origin: [96, 132, -78]
  Direction: 
-1 0 0
0 -1 0
0 0 1

  IndexToPointMatrix: 
-1 0 0
0 -1 0
0 0 1

  PointToIndexMatrix: 
-1 0 0
0 -1 0
0 0 1

  Inverse Direction: 
-1 0 0
0 -1 0
0 0 1

  PixelContainer: 
    ImportImageContainer (0x3f03c60)
      RTTI typeinfo:   itk::ImportImageContainer<unsigned long, double>
      Reference Count: 1
      Modified Time: 1938
      Debug: Off
      Object Name: 
      Observers: 
        none
      Pointer: 0x149657b3a010
      Container manages memory: true
      Size: 8530021
      Capacity: 8530021

     Moving image = Image (0x3f97ec0)
  RTTI typeinfo:   itk::Image<double, 3u>
  Reference Count: 2
  Modified Time: 2331
  Debug: Off
  Object Name: 
  Observers: 
    none
  Source: (none)
  Source output name: (none)
  Release Data: Off
  Data Released: False
  Global Release Data: Off
  PipelineMTime: 0
  UpdateMTime: 2328
  RealTimeStamp: 0 seconds 
  LargestPossibleRegion: 
    Dimension: 3
    Index: [0, 0, 0]
    Size: [160, 240, 256]
  BufferedRegion: 
    Dimension: 3
    Index: [0, 0, 0]
    Size: [160, 240, 256]
  RequestedRegion: 
    Dimension: 3
    Index: [0, 0, 0]
    Size: [160, 240, 256]
  Spacing: [1, 1, 1]
  Origin: [73.279, 104.707, -131.187]
  Direction: 
-0.997527 0.0645574 -0.0278053
-0.0645323 -0.997914 -0.00179875
-0.0278634 4.01097e-08 0.999612

  IndexToPointMatrix: 
-0.997527 0.0645574 -0.0278053
-0.0645323 -0.997914 -0.00179875
-0.0278634 4.01097e-08 0.999612

  PointToIndexMatrix: 
-0.997527 -0.0645323 -0.0278634
0.0645574 -0.997914 4.01049e-08
-0.0278053 -0.00179875 0.999612

  Inverse Direction: 
-0.997527 -0.0645323 -0.0278634
0.0645574 -0.997914 4.01049e-08
-0.0278053 -0.00179875 0.999612

  PixelContainer: 
    ImportImageContainer (0x402f610)
      RTTI typeinfo:   itk::ImportImageContainer<unsigned long, double>
      Reference Count: 1
      Modified Time: 2325
      Debug: Off
      Object Name: 
      Observers: 
        none
      Pointer: 0x149653039010
      Container manages memory: true
      Size: 9830400
      Capacity: 9830400

     Weighting = 1
     Sampling strategy = regular
     Number of bins = 32
     Radius = 4
     Sampling percentage  = 0.25
   Transform = Rigid
     Gradient step = 0.1
     Update field sigma (voxel space) = 0
     Total field sigma (voxel space) = 0
     Update field time sigma = 0
     Total field time sigma  = 0
     Number of time indices = 0
     Number of time point samples = 0
Registration using 1 total stages.

Stage 0
  iterations = 0
  convergence threshold = 1e-06
  convergence window size = 10
  number of levels = 1
  using the Mattes MI metric (number of bins = 32, weight = 1, use gradient filter = 0)
  preprocessing:  winsorizing the image intensities
  Shrink factors (level 1 out of 1): [1, 1, 1]
  smoothing sigmas per level: [0]
  regular sampling (percentage = 0.25)

*** Running Euler3DTransform registration ***

  Elapsed time (stage 0): 1.10784


Total elapsed time: 1.11516
Info [verificarlo]: loaded backend libinterflop_ieee.so
Info [interflop-ieee]: load backend with:
Info [interflop-ieee]: debug = false
Info [interflop-ieee]: debug-binary = false
Info [interflop-ieee]: no-backend-name = false
Info [interflop-ieee]: print-new-line = false
Info [interflop-ieee]: print-subnormal-normalized = false
Info [interflop-ieee]: count-op = false
All_Command_lines_OK
Using double precision for computations.
=============================================================================
The composite transform comprises the following transforms (in order): 
  1. /home/mdugre/scratch/mri-registration-rp/datasets/ds004513/derivatives/mri-registration-rp/0001/antsRegistration-r8-p23/sub-s032/align_Composite.h5[0] (type = Euler3DTransform)
  2. /home/mdugre/scratch/mri-registration-rp/datasets/ds004513/derivatives/mri-registration-rp/0001/antsRegistration-r8-p23/sub-s032/align_Composite.h5[1] (type = Euler3DTransform)
=============================================================================
  number of levels = 4
  fixed image: /templateflow/tpl-MNI152NLin2009cAsym/tpl-MNI152NLin2009cAsym_res-01_desc-brain_T1w.nii.gz
  moving image: /home/mdugre/scratch/mri-registration-rp/datasets/ds004513/derivatives/mri-registration-rp/antsBrainExtraction/sub-s032/BrainExtractionBrain.nii.gz
Dimension = 3
Number of stages = 1
Use histogram matching = false
Winsorize image intensities = true
  Lower quantile = 0.005
  Upper quantile = 0.995


Stage 1 State
   Image metric = MattesMI
     Fixed image = Image (0x4dc5530)
  RTTI typeinfo:   itk::Image<double, 3u>
  Reference Count: 2
  Modified Time: 1578
  Debug: Off
  Object Name: 
  Observers: 
    none
  Source: (none)
  Source output name: (none)
  Release Data: Off
  Data Released: False
  Global Release Data: Off
  PipelineMTime: 0
  UpdateMTime: 1189
  RealTimeStamp: 0 seconds 
  LargestPossibleRegion: 
    Dimension: 3
    Index: [0, 0, 0]
    Size: [193, 229, 193]
  BufferedRegion: 
    Dimension: 3
    Index: [0, 0, 0]
    Size: [193, 229, 193]
  RequestedRegion: 
    Dimension: 3
    Index: [0, 0, 0]
    Size: [193, 229, 193]
  Spacing: [1, 1, 1]
  Origin: [96, 132, -78]
  Direction: 
-1 0 0
0 -1 0
0 0 1

  IndexToPointMatrix: 
-1 0 0
0 -1 0
0 0 1

  PointToIndexMatrix: 
-1 0 0
0 -1 0
0 0 1

  Inverse Direction: 
-1 0 0
0 -1 0
0 0 1

  PixelContainer: 
    ImportImageContainer (0x4e83d60)
      RTTI typeinfo:   itk::ImportImageContainer<unsigned long, double>
      Reference Count: 1
      Modified Time: 1186
      Debug: Off
      Object Name: 
      Observers: 
        none
      Pointer: 0x14890ea48010
      Container manages memory: true
      Size: 8530021
      Capacity: 8530021

     Moving image = Image (0x4e75f60)
  RTTI typeinfo:   itk::Image<double, 3u>
  Reference Count: 2
  Modified Time: 1579
  Debug: Off
  Object Name: 
  Observers: 
    none
  Source: (none)
  Source output name: (none)
  Release Data: Off
  Data Released: False
  Global Release Data: Off
  PipelineMTime: 0
  UpdateMTime: 1576
  RealTimeStamp: 0 seconds 
  LargestPossibleRegion: 
    Dimension: 3
    Index: [0, 0, 0]
    Size: [160, 240, 256]
  BufferedRegion: 
    Dimension: 3
    Index: [0, 0, 0]
    Size: [160, 240, 256]
  RequestedRegion: 
    Dimension: 3
    Index: [0, 0, 0]
    Size: [160, 240, 256]
  Spacing: [1, 1, 1]
  Origin: [73.279, 104.707, -131.187]
  Direction: 
-0.997527 0.0645574 -0.0278053
-0.0645323 -0.997914 -0.00179875
-0.0278634 4.01097e-08 0.999612

  IndexToPointMatrix: 
-0.997527 0.0645574 -0.0278053
-0.0645323 -0.997914 -0.00179875
-0.0278634 4.01097e-08 0.999612

  PointToIndexMatrix: 
-0.997527 -0.0645323 -0.0278634
0.0645574 -0.997914 4.01049e-08
-0.0278053 -0.00179875 0.999612

  Inverse Direction: 
-0.997527 -0.0645323 -0.0278634
0.0645574 -0.997914 4.01049e-08
-0.0278053 -0.00179875 0.999612

  PixelContainer: 
    ImportImageContainer (0x4e676d0)
      RTTI typeinfo:   itk::ImportImageContainer<unsigned long, double>
      Reference Count: 1
      Modified Time: 1573
      Debug: Off
      Object Name: 
      Observers: 
        none
      Pointer: 0x148909f47010
      Container manages memory: true
      Size: 9830400
      Capacity: 9830400

     Weighting = 1
     Sampling strategy = regular
     Number of bins = 32
     Radius = 4
     Sampling percentage  = 0.25
   Transform = Rigid
     Gradient step = 0.1
     Update field sigma (voxel space) = 0
     Total field sigma (voxel space) = 0
     Update field time sigma = 0
     Total field time sigma  = 0
     Number of time indices = 0
     Number of time point samples = 0
Registration using 1 total stages.

Stage 0
  iterations = 1000x500x250x100
  convergence threshold = 1e-06
  convergence window size = 10
  number of levels = 4
  using the Mattes MI metric (number of bins = 32, weight = 1, use gradient filter = 0)
  preprocessing:  winsorizing the image intensities
  Shrink factors (level 1 out of 4): [8, 8, 8]
  Shrink factors (level 2 out of 4): [4, 4, 4]
  Shrink factors (level 3 out of 4): [2, 2, 2]
  Shrink factors (level 4 out of 4): [1, 1, 1]
  smoothing sigmas per level: [3, 2, 1, 0]
  regular sampling (percentage = 0.25)

*** Running Euler3DTransform registration ***

DIAGNOSTIC,Iteration,metricValue,convergenceValue,ITERATION_TIME_INDEX,SINCE_LAST
 2DIAGNOSTIC,     1, -5.480496989617e-01, 1.797693134862e+308, 7.7196e-01, 7.7196e-01, 
 2DIAGNOSTIC,     2, -5.506811078454e-01, 1.797693134862e+308, 7.7697e-01, 5.0130e-03, 
 2DIAGNOSTIC,     3, -5.546514955662e-01, 1.797693134862e+308, 7.8224e-01, 5.2700e-03, 
 2DIAGNOSTIC,     4, -5.606863537750e-01, 1.797693134862e+308, 7.8642e-01, 4.1711e-03, 
 2DIAGNOSTIC,     5, -5.693661845193e-01, 1.797693134862e+308, 7.9115e-01, 4.7381e-03, 
 2DIAGNOSTIC,     6, -5.854078830086e-01, 1.797693134862e+308, 7.9587e-01, 4.7150e-03, 
 2DIAGNOSTIC,     7, -6.232769732918e-01, 1.797693134862e+308, 8.0075e-01, 4.8840e-03, 
 2DIAGNOSTIC,     8, -6.297683730473e-01, 1.797693134862e+308, 8.0595e-01, 5.2009e-03, 
 2DIAGNOSTIC,     9, -6.366738733405e-01, 1.797693134862e+308, 8.1520e-01, 9.2452e-03, 
 2DIAGNOSTIC,    10, -6.375630690827e-01, 1.201760866083e-02, 8.1999e-01, 4.7948e-03, 
 2DIAGNOSTIC,    11, -6.405337628679e-01, 1.087684809450e-02, 8.2575e-01, 5.7540e-03, 
 2DIAGNOSTIC,    12, -6.435528997438e-01, 9.167753354490e-03, 8.3151e-01, 5.7619e-03, 
 2DIAGNOSTIC,    13, -6.444720921444e-01, 7.089498731847e-03, 8.3667e-01, 5.1630e-03, 
 2DIAGNOSTIC,    14, -6.463616611293e-01, 4.967892496988e-03, 8.4244e-01, 5.7681e-03, 
 2DIAGNOSTIC,    15, -6.484646963404e-01, 3.033020789043e-03, 8.5122e-01, 8.7810e-03, 
 2DIAGNOSTIC,    16, -6.486009987994e-01, 1.520386367320e-03, 8.5633e-01, 5.1050e-03, 
 2DIAGNOSTIC,    17, -6.493699344760e-01, 1.108203205204e-03, 8.6165e-01, 5.3191e-03, 
 2DIAGNOSTIC,    18, -6.514578195065e-01, 8.586162135985e-04, 8.7112e-01, 9.4709e-03, 
 2DIAGNOSTIC,    19, -6.526592717406e-01, 7.533650369805e-04, 8.7599e-01, 4.8761e-03, 
 2DIAGNOSTIC,    20, -6.536191777189e-01, 6.303067369293e-04, 8.8111e-01, 5.1200e-03, 
 2DIAGNOSTIC,    21, -6.549162298979e-01, 5.534292205381e-04, 8.8620e-01, 5.0900e-03, 
 2DIAGNOSTIC,    22, -6.562385790832e-01, 5.226986103234e-04, 8.9272e-01, 6.5200e-03, 
 2DIAGNOSTIC,    23, -6.565000058113e-01, 4.680180012236e-04, 8.9906e-01, 6.3331e-03, 
 2DIAGNOSTIC,    24, -6.565387353854e-01, 4.101063704207e-04, 9.0849e-01, 9.4311e-03, 
 2DIAGNOSTIC,    25, -6.567702146894e-01, 3.618032093044e-04, 9.1429e-01, 5.8010e-03, 
 2DIAGNOSTIC,    26, -6.583507212369e-01, 3.132611037350e-04, 9.1947e-01, 5.1780e-03, 
 2DIAGNOSTIC,    27, -6.586527568469e-01, 2.554116018364e-04, 9.2453e-01, 5.0600e-03, 
 2DIAGNOSTIC,    28, -6.593310437738e-01, 2.225767143842e-04, 9.3121e-01, 6.6831e-03, 
 2DIAGNOSTIC,    29, -6.595734041655e-01, 1.939316665336e-04, 9.3715e-01, 5.9390e-03, 
 2DIAGNOSTIC,    30, -6.595955819569e-01, 1.634946778526e-04, 9.4322e-01, 6.0749e-03, 
 2DIAGNOSTIC,    31, -6.596949967568e-01, 1.392755860911e-04, 9.4862e-01, 5.3990e-03, 
 2DIAGNOSTIC,    32, -6.597157295313e-01, 1.221677497585e-04, 9.5462e-01, 6.0010e-03, 
 2DIAGNOSTIC,    33, -6.597001423845e-01, 9.820426862631e-05, 9.6320e-01, 8.5728e-03, 
 2DIAGNOSTIC,    34, -6.595254449700e-01, 6.486903006424e-05, 9.6831e-01, 5.1110e-03, 
 2DIAGNOSTIC,    35, -6.595295822809e-01, 3.010817889611e-05, 9.7322e-01, 4.9150e-03, 
 2DIAGNOSTIC,    36, -6.595351297935e-01, 1.424396565556e-05, 9.7844e-01, 5.2130e-03, 
 2DIAGNOSTIC,    37, -6.595409535780e-01, 1.474135166695e-06, 9.8349e-01, 5.0581e-03, 
DIAGNOSTIC,Iteration,metricValue,convergenceValue,ITERATION_TIME_INDEX,SINCE_LAST
 2DIAGNOSTIC,     1, -5.183739626533e-01, 1.797693134862e+308, 1.7349e+00, 7.5139e-01, 
 2DIAGNOSTIC,     2, -5.189226238289e-01, 1.797693134862e+308, 1.7662e+00, 3.1282e-02, 
 2DIAGNOSTIC,     3, -5.196899327356e-01, 1.797693134862e+308, 1.7954e+00, 2.9283e-02, 
 2DIAGNOSTIC,     4, -5.204463663000e-01, 1.797693134862e+308, 1.8237e+00, 2.8297e-02, 
 2DIAGNOSTIC,     5, -5.209979485298e-01, 1.797693134862e+308, 1.8518e+00, 2.8029e-02, 
 2DIAGNOSTIC,     6, -5.216357744181e-01, 1.797693134862e+308, 1.8806e+00, 2.8791e-02, 
 2DIAGNOSTIC,     7, -5.233753714529e-01, 1.797693134862e+308, 1.9094e+00, 2.8870e-02, 
 2DIAGNOSTIC,     8, -5.241119131117e-01, 1.797693134862e+308, 1.9477e+00, 3.8229e-02, 
 2DIAGNOSTIC,     9, -5.247293428560e-01, 1.797693134862e+308, 1.9877e+00, 4.0036e-02, 
 2DIAGNOSTIC,    10, -5.250028241383e-01, 8.899807892098e-04, 2.0197e+00, 3.1966e-02, 
 2DIAGNOSTIC,    11, -5.255570916555e-01, 7.959218026974e-04, 2.0559e+00, 3.6239e-02, 
 2DIAGNOSTIC,    12, -5.289098580938e-01, 8.211614794215e-04, 2.0931e+00, 3.7239e-02, 
 2DIAGNOSTIC,    13, -5.295596021906e-01, 8.231568439472e-04, 2.1238e+00, 3.0676e-02, 
 2DIAGNOSTIC,    14, -5.295253570974e-01, 7.798185461222e-04, 2.1546e+00, 3.0748e-02, 
 2DIAGNOSTIC,    15, -5.301734540971e-01, 7.172056922951e-04, 2.1876e+00, 3.3047e-02, 
 2DIAGNOSTIC,    16, -5.312974527367e-01, 6.544536760478e-04, 2.2197e+00, 3.2102e-02, 
 2DIAGNOSTIC,    17, -5.330531917975e-01, 6.473173384656e-04, 2.2754e+00, 5.5731e-02, 
 2DIAGNOSTIC,    18, -5.331722911915e-01, 6.054639615336e-04, 2.3067e+00, 3.1256e-02, 
 2DIAGNOSTIC,    19, -5.334120322240e-01, 5.389741211674e-04, 2.3368e+00, 3.0099e-02, 
 2DIAGNOSTIC,    20, -5.338316603221e-01, 4.491991286542e-04, 2.3689e+00, 3.2053e-02, 
 2DIAGNOSTIC,    21, -5.362371427392e-01, 3.992053317651e-04, 2.4120e+00, 4.3160e-02, 
 2DIAGNOSTIC,    22, -5.366276428722e-01, 4.059341343845e-04, 2.4397e+00, 2.7701e-02, 
 2DIAGNOSTIC,    23, -5.369915879265e-01, 3.989726352727e-04, 2.4724e+00, 3.2730e-02, 
 2DIAGNOSTIC,    24, -5.378047398604e-01, 3.739492453894e-04, 2.5016e+00, 2.9188e-02, 
 2DIAGNOSTIC,    25, -5.385015703621e-01, 3.440831416387e-04, 2.5454e+00, 4.3729e-02, 
 2DIAGNOSTIC,    26, -5.387779343077e-01, 3.113587139147e-04, 2.5737e+00, 2.8288e-02, 
 2DIAGNOSTIC,    27, -5.394906637787e-01, 3.010536410888e-04, 2.6117e+00, 3.8076e-02, 
 2DIAGNOSTIC,    28, -5.400802908245e-01, 2.772097488687e-04, 2.6461e+00, 3.4376e-02, 
 2DIAGNOSTIC,    29, -5.403099236939e-01, 2.376978923141e-04, 2.6763e+00, 3.0172e-02, 
 2DIAGNOSTIC,    30, -5.409760669301e-01, 1.967918902524e-04, 2.7255e+00, 4.9206e-02, 
 2DIAGNOSTIC,    31, -5.416568450326e-01, 1.931911170162e-04, 2.7594e+00, 3.3933e-02, 
 2DIAGNOSTIC,    32, -5.421730545021e-01, 1.865764374768e-04, 2.7952e+00, 3.5821e-02, 
 2DIAGNOSTIC,    33, -5.428254761606e-01, 1.789272008682e-04, 2.8368e+00, 4.1574e-02, 
 2DIAGNOSTIC,    34, -5.437036585406e-01, 1.811950026990e-04, 2.8638e+00, 2.6985e-02, 
 2DIAGNOSTIC,    35, -5.442808066376e-01, 1.854467703784e-04, 2.8986e+00, 3.4775e-02, 
 2DIAGNOSTIC,    36, -5.462843833655e-01, 2.053906000945e-04, 2.9446e+00, 4.6022e-02, 
 2DIAGNOSTIC,    37, -5.466496104887e-01, 2.195497497368e-04, 2.9743e+00, 2.9728e-02, 
 2DIAGNOSTIC,    38, -5.485493074375e-01, 2.472910342733e-04, 3.0032e+00, 2.8897e-02, 
 2DIAGNOSTIC,    39, -5.493147389431e-01, 2.631413930991e-04, 3.0414e+00, 3.8184e-02, 
 2DIAGNOSTIC,    40, -5.494951572775e-01, 2.642206872495e-04, 3.0776e+00, 3.6245e-02, 
 2DIAGNOSTIC,    41, -5.495823403800e-01, 2.501507762299e-04, 3.1103e+00, 3.2689e-02, 
 2DIAGNOSTIC,    42, -5.497132596602e-01, 2.210670492267e-04, 3.1389e+00, 2.8590e-02, 
 2DIAGNOSTIC,    43, -5.502691997121e-01, 1.869898228622e-04, 3.1738e+00, 3.4886e-02, 
 2DIAGNOSTIC,    44, -5.518912429129e-01, 1.666116451814e-04, 3.2094e+00, 3.5561e-02, 
 2DIAGNOSTIC,    45, -5.561548865643e-01, 1.875415305579e-04, 3.2472e+00, 3.7875e-02, 
 2DIAGNOSTIC,    46, -5.600002210274e-01, 2.561610475201e-04, 3.2834e+00, 3.6158e-02, 
 2DIAGNOSTIC,    47, -5.605742483106e-01, 3.069806346590e-04, 3.3287e+00, 4.5330e-02, 
 2DIAGNOSTIC,    48, -5.614808630855e-01, 3.578957560756e-04, 3.3631e+00, 3.4398e-02, 
 2DIAGNOSTIC,    49, -5.619289556146e-01, 3.854785252279e-04, 3.4053e+00, 4.2121e-02, 
 2DIAGNOSTIC,    50, -5.631444856150e-01, 3.889589830567e-04, 3.4376e+00, 3.2323e-02, 
 2DIAGNOSTIC,    51, -5.634712106236e-01, 3.586625688605e-04, 3.4799e+00, 4.2328e-02, 
 2DIAGNOSTIC,    52, -5.638458789345e-01, 3.009738823346e-04, 3.5484e+00, 6.8466e-02, 
 2DIAGNOSTIC,    53, -5.640210980562e-01, 2.246288839175e-04, 3.5779e+00, 2.9538e-02, 
 2DIAGNOSTIC,    54, -5.644378398388e-01, 1.488454654933e-04, 3.6122e+00, 3.4286e-02, 
 2DIAGNOSTIC,    55, -5.651057517765e-01, 1.077158044410e-04, 3.6430e+00, 3.0787e-02, 
 2DIAGNOSTIC,    56, -5.657448307783e-01, 9.967822769618e-05, 3.6760e+00, 3.3000e-02, 
 2DIAGNOSTIC,    57, -5.659707500943e-01, 8.966719684320e-05, 3.7079e+00, 3.1894e-02, 
 2DIAGNOSTIC,    58, -5.662854119116e-01, 8.261552392169e-05, 3.7382e+00, 3.0312e-02, 
 2DIAGNOSTIC,    59, -5.666784927689e-01, 7.512213254901e-05, 3.7710e+00, 3.2791e-02, 
 2DIAGNOSTIC,    60, -5.670664656620e-01, 7.452554394225e-05, 3.8145e+00, 4.3502e-02, 
 2DIAGNOSTIC,    61, -5.672612453696e-01, 7.116047429935e-05, 3.8451e+00, 3.0648e-02, 
 2DIAGNOSTIC,    62, -5.673047992094e-01, 6.471843907562e-05, 3.9074e+00, 6.2264e-02, 
 2DIAGNOSTIC,    63, -5.673031271399e-01, 5.380629365442e-05, 3.9598e+00, 5.2429e-02, 
 2DIAGNOSTIC,    64, -5.673257254668e-01, 4.159680490325e-05, 4.0070e+00, 4.7154e-02, 
 2DIAGNOSTIC,    65, -5.673326478359e-01, 3.108551509744e-05, 4.0498e+00, 4.2850e-02, 
 2DIAGNOSTIC,    66, -5.673423105333e-01, 2.307640613920e-05, 4.0972e+00, 4.7397e-02, 
 2DIAGNOSTIC,    67, -5.673307429953e-01, 1.481445835451e-05, 4.1397e+00, 4.2477e-02, 
 2DIAGNOSTIC,    68, -5.673283098471e-01, 7.792519619791e-06, 4.1758e+00, 3.6120e-02, 
 2DIAGNOSTIC,    69, -5.673290882987e-01, 3.184870462622e-06, 4.2135e+00, 3.7722e-02, 
 2DIAGNOSTIC,    70, -5.673374286494e-01, 1.355952042634e-06, 4.2677e+00, 5.4150e-02, 
DIAGNOSTIC,Iteration,metricValue,convergenceValue,ITERATION_TIME_INDEX,SINCE_LAST
 2DIAGNOSTIC,     1, -5.017429072517e-01, 1.797693134862e+308, 5.3882e+00, 1.1205e+00, 
 2DIAGNOSTIC,     2, -5.019456079018e-01, 1.797693134862e+308, 5.6021e+00, 2.1388e-01, 
 2DIAGNOSTIC,     3, -5.021468044187e-01, 1.797693134862e+308, 5.8678e+00, 2.6574e-01, 
 2DIAGNOSTIC,     4, -5.022672574182e-01, 1.797693134862e+308, 6.1556e+00, 2.8777e-01, 
 2DIAGNOSTIC,     5, -5.023482962471e-01, 1.797693134862e+308, 6.4212e+00, 2.6557e-01, 
 2DIAGNOSTIC,     6, -5.023491443223e-01, 1.797693134862e+308, 6.6787e+00, 2.5748e-01, 
 2DIAGNOSTIC,     7, -5.023525302703e-01, 1.797693134862e+308, 6.9402e+00, 2.6154e-01, 
 2DIAGNOSTIC,     8, -5.023693213508e-01, 1.797693134862e+308, 7.1507e+00, 2.1045e-01, 
 2DIAGNOSTIC,     9, -5.023734951945e-01, 1.797693134862e+308, 7.3789e+00, 2.2822e-01, 
 2DIAGNOSTIC,    10, -5.024214934174e-01, 7.383688417949e-05, 7.5963e+00, 2.1740e-01, 
 2DIAGNOSTIC,    11, -5.024944728721e-01, 4.784229660053e-05, 7.9439e+00, 3.4761e-01, 
 2DIAGNOSTIC,    12, -5.025033195734e-01, 3.191199675544e-05, 8.1685e+00, 2.2456e-01, 
 2DIAGNOSTIC,    13, -5.025154930646e-01, 2.501906608099e-05, 8.4260e+00, 2.5755e-01, 
 2DIAGNOSTIC,    14, -5.025146976645e-01, 2.183145195445e-05, 8.6518e+00, 2.2580e-01, 
 2DIAGNOSTIC,    15, -5.025144842196e-01, 2.031346274904e-05, 8.8813e+00, 2.2951e-01, 
 2DIAGNOSTIC,    16, -5.025447314733e-01, 1.837848563195e-05, 9.2527e+00, 3.7142e-01, 
 2DIAGNOSTIC,    17, -5.025446438160e-01, 1.523896864655e-05, 9.5046e+00, 2.5187e-01, 
 2DIAGNOSTIC,    18, -5.025414782299e-01, 1.169769658037e-05, 9.7533e+00, 2.4869e-01, 
 2DIAGNOSTIC,    19, -5.025416831732e-01, 7.745458756286e-06, 1.0014e+01, 2.6042e-01, 
 2DIAGNOSTIC,    20, -5.025424634814e-01, 4.949345055204e-06, 1.0272e+01, 2.5875e-01, 
 2DIAGNOSTIC,    21, -5.025382560872e-01, 3.940559863531e-06, 1.0515e+01, 2.4218e-01, 
 2DIAGNOSTIC,    22, -5.025400817015e-01, 3.063015482682e-06, 1.0772e+01, 2.5752e-01, 
 2DIAGNOSTIC,    23, -5.025448558361e-01, 2.539094719763e-06, 1.1100e+01, 3.2758e-01, 
 2DIAGNOSTIC,    24, -5.025435543447e-01, 1.905613444673e-06, 1.1357e+01, 2.5761e-01, 
 2DIAGNOSTIC,    25, -5.025431309502e-01, 1.236004455729e-06, 1.1584e+01, 2.2680e-01, 
 2DIAGNOSTIC,    26, -5.025421369433e-01, 1.260083221107e-06, 1.1839e+01, 2.5522e-01, 
 2DIAGNOSTIC,    27, -5.025451625214e-01, 1.342081553710e-06, 1.2070e+01, 2.3040e-01, 
 2DIAGNOSTIC,    28, -5.025435976181e-01, 1.302108147368e-06, 1.2465e+01, 3.9537e-01, 
 2DIAGNOSTIC,    29, -5.025445177673e-01, 1.271712856840e-06, 1.2760e+01, 2.9518e-01, 
 2DIAGNOSTIC,    30, -5.025429243515e-01, 1.216042512103e-06, 1.3005e+01, 2.4419e-01, 
 2DIAGNOSTIC,    31, -5.025421870055e-01, 1.059422659273e-06, 1.3239e+01, 2.3399e-01, 
DIAGNOSTIC,Iteration,metricValue,convergenceValue,ITERATION_TIME_INDEX,SINCE_LAST
 2DIAGNOSTIC,     1, -4.668184660938e-01, 1.797693134862e+308, 1.5794e+01, 2.5558e+00, 
 2DIAGNOSTIC,     2, -4.669512889533e-01, 1.797693134862e+308, 1.7313e+01, 1.5185e+00, 
 2DIAGNOSTIC,     3, -4.670138741923e-01, 1.797693134862e+308, 1.8646e+01, 1.3330e+00, 
 2DIAGNOSTIC,     4, -4.670446683797e-01, 1.797693134862e+308, 1.9931e+01, 1.2852e+00, 
 2DIAGNOSTIC,     5, -4.670608656173e-01, 1.797693134862e+308, 2.1489e+01, 1.5582e+00, 
 2DIAGNOSTIC,     6, -4.670727129384e-01, 1.797693134862e+308, 2.3426e+01, 1.9372e+00, 
 2DIAGNOSTIC,     7, -4.670733597856e-01, 1.797693134862e+308, 2.4733e+01, 1.3063e+00, 
 2DIAGNOSTIC,     8, -4.670791003372e-01, 1.797693134862e+308, 2.6306e+01, 1.5734e+00, 
 2DIAGNOSTIC,     9, -4.670820580326e-01, 1.797693134862e+308, 2.7979e+01, 1.6726e+00, 
 2DIAGNOSTIC,    10, -4.670817451194e-01, 2.987620505719e-05, 2.9634e+01, 1.6557e+00, 
 2DIAGNOSTIC,    11, -4.670822836347e-01, 1.534821594891e-05, 3.1676e+01, 2.0415e+00, 
 2DIAGNOSTIC,    12, -4.670827042073e-01, 8.820697140505e-06, 3.3303e+01, 1.6275e+00, 
 2DIAGNOSTIC,    13, -4.670825060283e-01, 5.631990454794e-06, 3.5118e+01, 1.8146e+00, 
 2DIAGNOSTIC,    14, -4.670825078386e-01, 3.932441638474e-06, 3.6809e+01, 1.6908e+00, 
 2DIAGNOSTIC,    15, -4.670823522517e-01, 2.948935437508e-06, 3.8582e+01, 1.7728e+00, 
 2DIAGNOSTIC,    16, -4.670823085428e-01, 2.464810603967e-06, 4.0314e+01, 1.7324e+00, 
 2DIAGNOSTIC,    17, -4.670822390638e-01, 2.009321142943e-06, 4.1659e+01, 1.3448e+00, 
 2DIAGNOSTIC,    18, -4.670820936042e-01, 1.778170626222e-06, 4.3194e+01, 1.5353e+00, 
 2DIAGNOSTIC,    19, -4.670821203767e-01, 1.666773520349e-06, 4.4661e+01, 1.4669e+00, 
 2DIAGNOSTIC,    20, -4.670820468568e-01, 1.555019151986e-06, 4.6109e+01, 1.4476e+00, 
 2DIAGNOSTIC,    21, -4.670820760658e-01, 1.473302540481e-06, 4.7763e+01, 1.6541e+00, 
 2DIAGNOSTIC,    22, -4.670820266151e-01, 1.413262957245e-06, 4.9454e+01, 1.6908e+00, 
 2DIAGNOSTIC,    23, -4.670822496199e-01, 1.362176512518e-06, 5.0911e+01, 1.4570e+00, 
 2DIAGNOSTIC,    24, -4.670823184855e-01, 1.319017403342e-06, 5.2634e+01, 1.7230e+00, 
 2DIAGNOSTIC,    25, -4.670822714626e-01, 1.274961515633e-06, 5.4403e+01, 1.7690e+00, 
 2DIAGNOSTIC,    26, -4.670822000496e-01, 1.231515874126e-06, 5.5925e+01, 1.5224e+00, 
 2DIAGNOSTIC,    27, -4.670820414250e-01, 1.185524329338e-06, 5.7239e+01, 1.3141e+00, 
 2DIAGNOSTIC,    28, -4.670818985702e-01, 1.135815503525e-06, 5.8715e+01, 1.4758e+00, 
 2DIAGNOSTIC,    29, -4.670820355337e-01, 1.093016537702e-06, 6.0219e+01, 1.5038e+00, 
 2DIAGNOSTIC,    30, -4.670818841576e-01, 1.048774363722e-06, 6.1610e+01, 1.3915e+00, 
 2DIAGNOSTIC,    31, -4.670820264395e-01, 1.012063647901e-06, 6.3325e+01, 1.7146e+00, 
  Elapsed time (stage 0): 6.4239e+01


Total elapsed time: 6.4250e+01
Info [verificarlo]: loaded backend libinterflop_ieee.so
Info [interflop-ieee]: load backend with:
Info [interflop-ieee]: debug = false
Info [interflop-ieee]: debug-binary = false
Info [interflop-ieee]: no-backend-name = false
Info [interflop-ieee]: print-new-line = false
Info [interflop-ieee]: print-subnormal-normalized = false
Info [interflop-ieee]: count-op = false
All_Command_lines_OK
Using double precision for computations.
=============================================================================
The composite transform comprises the following transforms (in order): 
  1. /home/mdugre/scratch/mri-registration-rp/datasets/ds004513/derivatives/mri-registration-rp/0001/antsRegistration-r8-p23/sub-s032/rigid_Composite.h5[0] (type = Euler3DTransform)
  2. /home/mdugre/scratch/mri-registration-rp/datasets/ds004513/derivatives/mri-registration-rp/0001/antsRegistration-r8-p23/sub-s032/rigid_Composite.h5[1] (type = Euler3DTransform)
  3. /home/mdugre/scratch/mri-registration-rp/datasets/ds004513/derivatives/mri-registration-rp/0001/antsRegistration-r8-p23/sub-s032/rigid_Composite.h5[2] (type = Euler3DTransform)
=============================================================================
  number of levels = 4
  fixed image: /templateflow/tpl-MNI152NLin2009cAsym/tpl-MNI152NLin2009cAsym_res-01_desc-brain_T1w.nii.gz
  moving image: /home/mdugre/scratch/mri-registration-rp/datasets/ds004513/derivatives/mri-registration-rp/antsBrainExtraction/sub-s032/BrainExtractionBrain.nii.gz
Dimension = 3
Number of stages = 1
Use histogram matching = false
Winsorize image intensities = true
  Lower quantile = 0.005
  Upper quantile = 0.995


Stage 1 State
   Image metric = MattesMI
     Fixed image = Image (0x41e47e0)
  RTTI typeinfo:   itk::Image<double, 3u>
  Reference Count: 2
  Modified Time: 1592
  Debug: Off
  Object Name: 
  Observers: 
    none
  Source: (none)
  Source output name: (none)
  Release Data: Off
  Data Released: False
  Global Release Data: Off
  PipelineMTime: 0
  UpdateMTime: 1203
  RealTimeStamp: 0 seconds 
  LargestPossibleRegion: 
    Dimension: 3
    Index: [0, 0, 0]
    Size: [193, 229, 193]
  BufferedRegion: 
    Dimension: 3
    Index: [0, 0, 0]
    Size: [193, 229, 193]
  RequestedRegion: 
    Dimension: 3
    Index: [0, 0, 0]
    Size: [193, 229, 193]
  Spacing: [1, 1, 1]
  Origin: [96, 132, -78]
  Direction: 
-1 0 0
0 -1 0
0 0 1

  IndexToPointMatrix: 
-1 0 0
0 -1 0
0 0 1

  PointToIndexMatrix: 
-1 0 0
0 -1 0
0 0 1

  Inverse Direction: 
-1 0 0
0 -1 0
0 0 1

  PixelContainer: 
    ImportImageContainer (0x42a4a20)
      RTTI typeinfo:   itk::ImportImageContainer<unsigned long, double>
      Reference Count: 1
      Modified Time: 1200
      Debug: Off
      Object Name: 
      Observers: 
        none
      Pointer: 0x14559641a010
      Container manages memory: true
      Size: 8530021
      Capacity: 8530021

     Moving image = Image (0x429fd70)
  RTTI typeinfo:   itk::Image<double, 3u>
  Reference Count: 2
  Modified Time: 1593
  Debug: Off
  Object Name: 
  Observers: 
    none
  Source: (none)
  Source output name: (none)
  Release Data: Off
  Data Released: False
  Global Release Data: Off
  PipelineMTime: 0
  UpdateMTime: 1590
  RealTimeStamp: 0 seconds 
  LargestPossibleRegion: 
    Dimension: 3
    Index: [0, 0, 0]
    Size: [160, 240, 256]
  BufferedRegion: 
    Dimension: 3
    Index: [0, 0, 0]
    Size: [160, 240, 256]
  RequestedRegion: 
    Dimension: 3
    Index: [0, 0, 0]
    Size: [160, 240, 256]
  Spacing: [1, 1, 1]
  Origin: [73.279, 104.707, -131.187]
  Direction: 
-0.997527 0.0645574 -0.0278053
-0.0645323 -0.997914 -0.00179875
-0.0278634 4.01097e-08 0.999612

  IndexToPointMatrix: 
-0.997527 0.0645574 -0.0278053
-0.0645323 -0.997914 -0.00179875
-0.0278634 4.01097e-08 0.999612

  PointToIndexMatrix: 
-0.997527 -0.0645323 -0.0278634
0.0645574 -0.997914 4.01049e-08
-0.0278053 -0.00179875 0.999612

  Inverse Direction: 
-0.997527 -0.0645323 -0.0278634
0.0645574 -0.997914 4.01049e-08
-0.0278053 -0.00179875 0.999612

  PixelContainer: 
    ImportImageContainer (0x4257c90)
      RTTI typeinfo:   itk::ImportImageContainer<unsigned long, double>
      Reference Count: 1
      Modified Time: 1587
      Debug: Off
      Object Name: 
      Observers: 
        none
      Pointer: 0x145591919010
      Container manages memory: true
      Size: 9830400
      Capacity: 9830400

     Weighting = 1
     Sampling strategy = regular
     Number of bins = 32
     Radius = 4
     Sampling percentage  = 0.25
   Transform = Affine
     Gradient step = 0.1
     Update field sigma (voxel space) = 0
     Total field sigma (voxel space) = 0
     Update field time sigma = 0
     Total field time sigma  = 0
     Number of time indices = 0
     Number of time point samples = 0
Registration using 1 total stages.

Stage 0
  iterations = 1000x500x250x100
  convergence threshold = 1e-06
  convergence window size = 10
  number of levels = 4
  using the Mattes MI metric (number of bins = 32, weight = 1, use gradient filter = 0)
  preprocessing:  winsorizing the image intensities
  Shrink factors (level 1 out of 4): [8, 8, 8]
  Shrink factors (level 2 out of 4): [4, 4, 4]
  Shrink factors (level 3 out of 4): [2, 2, 2]
  Shrink factors (level 4 out of 4): [1, 1, 1]
  smoothing sigmas per level: [3, 2, 1, 0]
  regular sampling (percentage = 0.25)

*** Running AffineTransform registration ***

DIAGNOSTIC,Iteration,metricValue,convergenceValue,ITERATION_TIME_INDEX,SINCE_LAST
 2DIAGNOSTIC,     1, -6.851185410033e-01, 1.797693134862e+308, 7.6523e-01, 7.6523e-01, 
 2DIAGNOSTIC,     2, -6.869627142844e-01, 1.797693134862e+308, 7.7064e-01, 5.4140e-03, 
 2DIAGNOSTIC,     3, -6.899613416357e-01, 1.797693134862e+308, 7.7628e-01, 5.6350e-03, 
 2DIAGNOSTIC,     4, -6.951390002190e-01, 1.797693134862e+308, 7.8115e-01, 4.8780e-03, 
 2DIAGNOSTIC,     5, -7.136771916631e-01, 1.797693134862e+308, 7.8743e-01, 6.2780e-03, 
 2DIAGNOSTIC,     6, -7.210842359804e-01, 1.797693134862e+308, 7.9335e-01, 5.9130e-03, 
 2DIAGNOSTIC,     7, -7.213442446156e-01, 1.797693134862e+308, 7.9828e-01, 4.9362e-03, 
 2DIAGNOSTIC,     8, -7.225725644893e-01, 1.797693134862e+308, 8.0327e-01, 4.9920e-03, 
 2DIAGNOSTIC,     9, -7.247500938348e-01, 1.797693134862e+308, 8.0824e-01, 4.9710e-03, 
 2DIAGNOSTIC,    10, -7.287722952202e-01, 4.534064490559e-03, 8.1344e-01, 5.1920e-03, 
 2DIAGNOSTIC,    11, -7.304684342125e-01, 3.724548072413e-03, 8.1975e-01, 6.3162e-03, 
 2DIAGNOSTIC,    12, -7.327897362683e-01, 2.867317198440e-03, 8.2533e-01, 5.5740e-03, 
 2DIAGNOSTIC,    13, -7.342535649323e-01, 2.029245740767e-03, 8.3086e-01, 5.5289e-03, 
 2DIAGNOSTIC,    14, -7.345612979422e-01, 1.272159442666e-03, 8.3589e-01, 5.0368e-03, 
 2DIAGNOSTIC,    15, -7.353536123455e-01, 1.007511336673e-03, 8.4177e-01, 5.8789e-03, 
 2DIAGNOSTIC,    16, -7.359697478728e-01, 8.829419702534e-04, 8.4702e-01, 5.2509e-03, 
 2DIAGNOSTIC,    17, -7.368829568933e-01, 7.196574855939e-04, 8.5400e-01, 6.9730e-03, 
 2DIAGNOSTIC,    18, -7.373298959344e-01, 5.448317899315e-04, 8.5901e-01, 5.0189e-03, 
 2DIAGNOSTIC,    19, -7.376615523655e-01, 3.892922257004e-04, 8.6457e-01, 5.5561e-03, 
 2DIAGNOSTIC,    20, -7.380320831648e-01, 3.000473065067e-04, 8.6994e-01, 5.3680e-03, 
 2DIAGNOSTIC,    21, -7.384150252113e-01, 2.295028838518e-04, 8.7563e-01, 5.6911e-03, 
 2DIAGNOSTIC,    22, -7.385066721420e-01, 1.864982895710e-04, 8.8075e-01, 5.1169e-03, 
 2DIAGNOSTIC,    23, -7.386842022363e-01, 1.581254428920e-04, 8.8616e-01, 5.4119e-03, 
 2DIAGNOSTIC,    24, -7.387629656993e-01, 1.236861778492e-04, 8.9176e-01, 5.6040e-03, 
 2DIAGNOSTIC,    25, -7.387012388934e-01, 9.191481883222e-05, 8.9739e-01, 5.6260e-03, 
 2DIAGNOSTIC,    26, -7.385471312855e-01, 6.080036635839e-05, 9.0312e-01, 5.7361e-03, 
 2DIAGNOSTIC,    27, -7.386037368247e-01, 4.045512999155e-05, 9.0873e-01, 5.6021e-03, 
 2DIAGNOSTIC,    28, -7.386638909434e-01, 2.487099124339e-05, 9.1444e-01, 5.7161e-03, 
 2DIAGNOSTIC,    29, -7.385559904156e-01, 1.102290116645e-05, 9.2130e-01, 6.8562e-03, 
 2DIAGNOSTIC,    30, -7.385007406319e-01, 1.268419388731e-06, 9.2640e-01, 5.1041e-03, 
DIAGNOSTIC,Iteration,metricValue,convergenceValue,ITERATION_TIME_INDEX,SINCE_LAST
 2DIAGNOSTIC,     1, -5.967836731794e-01, 1.797693134862e+308, 1.7005e+00, 7.7407e-01, 
 2DIAGNOSTIC,     2, -5.971005025215e-01, 1.797693134862e+308, 1.7483e+00, 4.7819e-02, 
 2DIAGNOSTIC,     3, -5.975683556266e-01, 1.797693134862e+308, 1.7911e+00, 4.2837e-02, 
 2DIAGNOSTIC,     4, -5.984659555065e-01, 1.797693134862e+308, 1.8330e+00, 4.1904e-02, 
 2DIAGNOSTIC,     5, -6.003018422639e-01, 1.797693134862e+308, 1.8734e+00, 4.0369e-02, 
 2DIAGNOSTIC,     6, -6.028461667300e-01, 1.797693134862e+308, 1.9357e+00, 6.2261e-02, 
 2DIAGNOSTIC,     7, -6.028430672447e-01, 1.797693134862e+308, 1.9746e+00, 3.8925e-02, 
 2DIAGNOSTIC,     8, -6.029913696533e-01, 1.797693134862e+308, 2.0098e+00, 3.5170e-02, 
 2DIAGNOSTIC,     9, -6.031777935784e-01, 1.797693134862e+308, 2.0455e+00, 3.5709e-02, 
 2DIAGNOSTIC,    10, -6.035260712847e-01, 8.703032373411e-04, 2.0852e+00, 3.9775e-02, 
 2DIAGNOSTIC,    11, -6.041233848886e-01, 7.248819239559e-04, 2.1347e+00, 4.9500e-02, 
 2DIAGNOSTIC,    12, -6.042322782186e-01, 5.561675603980e-04, 2.1730e+00, 3.8268e-02, 
 2DIAGNOSTIC,    13, -6.042372513974e-01, 3.823789932995e-04, 2.2058e+00, 3.2768e-02, 
 2DIAGNOSTIC,    14, -6.046584746930e-01, 2.429758652894e-04, 2.2418e+00, 3.5996e-02, 
 2DIAGNOSTIC,    15, -6.049634035846e-01, 1.648514646556e-04, 2.2785e+00, 3.6746e-02, 
 2DIAGNOSTIC,    16, -6.050464354238e-01, 1.588322292760e-04, 2.3187e+00, 4.0224e-02, 
 2DIAGNOSTIC,    17, -6.050170367277e-01, 1.384032847283e-04, 2.3631e+00, 4.4393e-02, 
 2DIAGNOSTIC,    18, -6.049962630323e-01, 1.113374538746e-04, 2.4133e+00, 5.0174e-02, 
 2DIAGNOSTIC,    19, -6.049910572823e-01, 8.129003318277e-05, 2.4561e+00, 4.2748e-02, 
 2DIAGNOSTIC,    20, -6.049933731124e-01, 5.457929925275e-05, 2.4910e+00, 3.4976e-02, 
 2DIAGNOSTIC,    21, -6.049783107716e-01, 3.858089666824e-05, 2.5261e+00, 3.5023e-02, 
 2DIAGNOSTIC,    22, -6.049752959923e-01, 2.307716829058e-05, 2.5702e+00, 4.4148e-02, 
 2DIAGNOSTIC,    23, -6.049768528939e-01, 6.901056996897e-06, 2.6076e+00, 3.7417e-02, 
DIAGNOSTIC,Iteration,metricValue,convergenceValue,ITERATION_TIME_INDEX,SINCE_LAST
 2DIAGNOSTIC,     1, -5.410009553052e-01, 1.797693134862e+308, 3.8008e+00, 1.1932e+00, 
 2DIAGNOSTIC,     2, -5.413321261198e-01, 1.797693134862e+308, 4.0886e+00, 2.8777e-01, 
 2DIAGNOSTIC,     3, -5.416890972569e-01, 1.797693134862e+308, 4.4347e+00, 3.4607e-01, 
 2DIAGNOSTIC,     4, -5.420674763802e-01, 1.797693134862e+308, 4.7278e+00, 2.9312e-01, 
 2DIAGNOSTIC,     5, -5.426715997715e-01, 1.797693134862e+308, 5.0347e+00, 3.0697e-01, 
 2DIAGNOSTIC,     6, -5.445221428639e-01, 1.797693134862e+308, 5.6384e+00, 6.0363e-01, 
 2DIAGNOSTIC,     7, -5.445371103308e-01, 1.797693134862e+308, 6.0050e+00, 3.6658e-01, 
 2DIAGNOSTIC,     8, -5.445315085157e-01, 1.797693134862e+308, 6.3467e+00, 3.4178e-01, 
 2DIAGNOSTIC,     9, -5.445268659315e-01, 1.797693134862e+308, 6.7935e+00, 4.4677e-01, 
 2DIAGNOSTIC,    10, -5.445234060968e-01, 5.143060453626e-04, 7.1454e+00, 3.5191e-01, 
 2DIAGNOSTIC,    11, -5.445249842674e-01, 3.960376928772e-04, 7.4821e+00, 3.3674e-01, 
 2DIAGNOSTIC,    12, -5.445225365205e-01, 2.764689354036e-04, 7.8258e+00, 3.4362e-01, 
 2DIAGNOSTIC,    13, -5.445236281665e-01, 1.660910417273e-04, 8.1727e+00, 3.4694e-01, 
 2DIAGNOSTIC,    14, -5.445228885339e-01, 7.095199398825e-05, 8.6046e+00, 4.3185e-01, 
 2DIAGNOSTIC,    15, -5.445214479610e-01, 1.412809799942e-06, 8.9573e+00, 3.5272e-01, 
 2DIAGNOSTIC,    16, -5.445218052290e-01, 1.102977235393e-06, 9.2900e+00, 3.3277e-01, 
 2DIAGNOSTIC,    17, -5.445201276892e-01, 1.321294245175e-06, 9.6346e+00, 3.4456e-01, 
 2DIAGNOSTIC,    18, -5.445205020947e-01, 1.418630704131e-06, 9.9412e+00, 3.0659e-01, 
 2DIAGNOSTIC,    19, -5.445201383442e-01, 1.402371312853e-06, 1.0243e+01, 3.0197e-01, 
 2DIAGNOSTIC,    20, -5.445212072952e-01, 1.349588633189e-06, 1.0582e+01, 3.3892e-01, 
 2DIAGNOSTIC,    21, -5.445227206160e-01, 1.402595176316e-06, 1.0887e+01, 3.0498e-01, 
 2DIAGNOSTIC,    22, -5.445232640782e-01, 1.414418812677e-06, 1.1258e+01, 3.7122e-01, 
 2DIAGNOSTIC,    23, -5.445212793327e-01, 1.408735234000e-06, 1.1582e+01, 3.2378e-01, 
 2DIAGNOSTIC,    24, -5.445206827481e-01, 1.374498515207e-06, 1.1869e+01, 2.8690e-01, 
 2DIAGNOSTIC,    25, -5.445209780134e-01, 1.313655531604e-06, 1.2136e+01, 2.6665e-01, 
 2DIAGNOSTIC,    26, -5.445204813301e-01, 1.250276913584e-06, 1.2429e+01, 2.9321e-01, 
 2DIAGNOSTIC,    27, -5.445208491097e-01, 1.163897728113e-06, 1.2719e+01, 2.8997e-01, 
 2DIAGNOSTIC,    28, -5.445203772839e-01, 1.084630896570e-06, 1.2970e+01, 2.5158e-01, 
DIAGNOSTIC,Iteration,metricValue,convergenceValue,ITERATION_TIME_INDEX,SINCE_LAST
 2DIAGNOSTIC,     1, -5.002462632640e-01, 1.797693134862e+308, 1.5791e+01, 2.8202e+00, 
 2DIAGNOSTIC,     2, -5.003382807841e-01, 1.797693134862e+308, 1.7501e+01, 1.7102e+00, 
 2DIAGNOSTIC,     3, -5.004235426743e-01, 1.797693134862e+308, 1.9211e+01, 1.7104e+00, 
 2DIAGNOSTIC,     4, -5.004666759864e-01, 1.797693134862e+308, 2.3779e+01, 4.5683e+00, 
 2DIAGNOSTIC,     5, -5.004667657579e-01, 1.797693134862e+308, 2.5721e+01, 1.9412e+00, 
 2DIAGNOSTIC,     6, -5.004664994164e-01, 1.797693134862e+308, 2.7706e+01, 1.9855e+00, 
 2DIAGNOSTIC,     7, -5.004665373729e-01, 1.797693134862e+308, 2.9968e+01, 2.2616e+00, 
 2DIAGNOSTIC,     8, -5.004664384764e-01, 1.797693134862e+308, 3.1953e+01, 1.9852e+00, 
 2DIAGNOSTIC,     9, -5.004663371077e-01, 1.797693134862e+308, 3.3817e+01, 1.8642e+00, 
