
##########################
# Experiment information #
##########################

EXPERIMENT_NAME: antsRegistration-r7-p18
VFC_BACKENDS: libinterflop_vprec.so --range-binary32=7 --precision-binary32=18 --range-binary64=7 --precision-binary64=18

SIF_IMG: /home/mdugre/projects/rrg-glatard/mdugre/containers/ants-vprec-no_metrics.simg

SUBJECT_ID: s017
INPUT_IMG: /home/mdugre/scratch/mri-registration-rp/datasets/ds004513/derivatives/mri-registration-rp/antsBrainExtraction/sub-s017/BrainExtractionBrain.nii.gz
OUTPUT_DIR: /home/mdugre/scratch/mri-registration-rp/datasets/ds004513/derivatives/mri-registration-rp/0001/antsRegistration-r7-p18/sub-s017

FIXED_IMG: /templateflow/tpl-MNI152NLin2009cAsym/tpl-MNI152NLin2009cAsym_res-01_desc-brain_T1w.nii.gz
DATA_DIR: /home/mdugre/scratch/mri-registration-rp/datasets/ds004513
TEMPLATEFLOW_DIR: /home/mdugre/projects/rrg-glatard/mdugre/templateflow
ITK_GLOBAL_DEFAULT_NUMBER_OF_THREADS: 16
##########################

Info [verificarlo]: loaded backend libinterflop_ieee.so
Info [interflop-ieee]: load backend with:
Info [interflop-ieee]: debug = false
Info [interflop-ieee]: debug-binary = false
Info [interflop-ieee]: no-backend-name = false
Info [interflop-ieee]: print-new-line = false
Info [interflop-ieee]: print-subnormal-normalized = false
Info [interflop-ieee]: count-op = false
All_Command_lines_OK
Using double precision for computations.
=============================================================================
The composite transform comprises the following transforms (in order): 
  1. Center of mass alignment using fixed image: /templateflow/tpl-MNI152NLin2009cAsym/tpl-MNI152NLin2009cAsym_res-01_desc-brain_T1w.nii.gz and moving image: /home/mdugre/scratch/mri-registration-rp/datasets/ds004513/derivatives/mri-registration-rp/antsBrainExtraction/sub-s017/BrainExtractionBrain.nii.gz (type = Euler3DTransform)
=============================================================================
  number of levels = 1
  fixed image: /templateflow/tpl-MNI152NLin2009cAsym/tpl-MNI152NLin2009cAsym_res-01_desc-brain_T1w.nii.gz
  moving image: /home/mdugre/scratch/mri-registration-rp/datasets/ds004513/derivatives/mri-registration-rp/antsBrainExtraction/sub-s017/BrainExtractionBrain.nii.gz
Dimension = 3
Number of stages = 1
Use histogram matching = false
Winsorize image intensities = true
  Lower quantile = 0.005
  Upper quantile = 0.995


Stage 1 State
   Image metric = MattesMI
     Fixed image = Image (0x4537e70)
  RTTI typeinfo:   itk::Image<double, 3u>
  Reference Count: 2
  Modified Time: 2334
  Debug: Off
  Object Name: 
  Observers: 
    none
  Source: (none)
  Source output name: (none)
  Release Data: Off
  Data Released: False
  Global Release Data: Off
  PipelineMTime: 0
  UpdateMTime: 1943
  RealTimeStamp: 0 seconds 
  LargestPossibleRegion: 
    Dimension: 3
    Index: [0, 0, 0]
    Size: [193, 229, 193]
  BufferedRegion: 
    Dimension: 3
    Index: [0, 0, 0]
    Size: [193, 229, 193]
  RequestedRegion: 
    Dimension: 3
    Index: [0, 0, 0]
    Size: [193, 229, 193]
  Spacing: [1, 1, 1]
  Origin: [96, 132, -78]
  Direction: 
-1 0 0
0 -1 0
0 0 1

  IndexToPointMatrix: 
-1 0 0
0 -1 0
0 0 1

  PointToIndexMatrix: 
-1 0 0
0 -1 0
0 0 1

  Inverse Direction: 
-1 0 0
0 -1 0
0 0 1

  PixelContainer: 
    ImportImageContainer (0x4540c60)
      RTTI typeinfo:   itk::ImportImageContainer<unsigned long, double>
      Reference Count: 1
      Modified Time: 1940
      Debug: Off
      Object Name: 
      Observers: 
        none
      Pointer: 0x14669e9ee010
      Container manages memory: true
      Size: 8530021
      Capacity: 8530021

     Moving image = Image (0x4543610)
  RTTI typeinfo:   itk::Image<double, 3u>
  Reference Count: 2
  Modified Time: 2335
  Debug: Off
  Object Name: 
  Observers: 
    none
  Source: (none)
  Source output name: (none)
  Release Data: Off
  Data Released: False
  Global Release Data: Off
  PipelineMTime: 0
  UpdateMTime: 2332
  RealTimeStamp: 0 seconds 
  LargestPossibleRegion: 
    Dimension: 3
    Index: [0, 0, 0]
    Size: [160, 240, 256]
  BufferedRegion: 
    Dimension: 3
    Index: [0, 0, 0]
    Size: [160, 240, 256]
  RequestedRegion: 
    Dimension: 3
    Index: [0, 0, 0]
    Size: [160, 240, 256]
  Spacing: [1, 1, 1]
  Origin: [91.3357, 102.231, -120.042]
  Direction: 
-0.997442 -5.36781e-05 -0.0714818
5.35416e-05 -1 3.82465e-06
-0.0714818 -1.23894e-08 0.997442

  IndexToPointMatrix: 
-0.997444 -5.36781e-05 -0.0714818
5.35418e-05 -1 3.82465e-06
-0.0714819 -1.23894e-08 0.997442

  PointToIndexMatrix: 
-0.99744 5.35415e-05 -0.0714816
-5.36781e-05 -1 -1.23894e-08
-0.0714818 3.82465e-06 0.997442

  Inverse Direction: 
-0.997442 5.35416e-05 -0.0714818
-5.36781e-05 -1 -1.23894e-08
-0.0714818 3.82465e-06 0.997442

  PixelContainer: 
    ImportImageContainer (0x45dcef0)
      RTTI typeinfo:   itk::ImportImageContainer<unsigned long, double>
      Reference Count: 1
      Modified Time: 2329
      Debug: Off
      Object Name: 
      Observers: 
        none
      Pointer: 0x146699eed010
      Container manages memory: true
      Size: 9830400
      Capacity: 9830400

     Weighting = 1
     Sampling strategy = regular
     Number of bins = 32
     Radius = 4
     Sampling percentage  = 0.25
   Transform = Rigid
     Gradient step = 0.1
     Update field sigma (voxel space) = 0
     Total field sigma (voxel space) = 0
     Update field time sigma = 0
     Total field time sigma  = 0
     Number of time indices = 0
     Number of time point samples = 0
Registration using 1 total stages.

Stage 0
  iterations = 0
  convergence threshold = 1e-06
  convergence window size = 10
  number of levels = 1
  using the Mattes MI metric (number of bins = 32, weight = 1, use gradient filter = 0)
  preprocessing:  winsorizing the image intensities
  Shrink factors (level 1 out of 1): [1, 1, 1]
  smoothing sigmas per level: [0]
  regular sampling (percentage = 0.25)

*** Running Euler3DTransform registration ***

  Elapsed time (stage 0): 1.0904


Total elapsed time: 1.09269
Info [verificarlo]: loaded backend libinterflop_ieee.so
Info [interflop-ieee]: load backend with:
Info [interflop-ieee]: debug = false
Info [interflop-ieee]: debug-binary = false
Info [interflop-ieee]: no-backend-name = false
Info [interflop-ieee]: print-new-line = false
Info [interflop-ieee]: print-subnormal-normalized = false
Info [interflop-ieee]: count-op = false
All_Command_lines_OK
Using double precision for computations.
=============================================================================
The composite transform comprises the following transforms (in order): 
  1. /home/mdugre/scratch/mri-registration-rp/datasets/ds004513/derivatives/mri-registration-rp/0001/antsRegistration-r7-p18/sub-s017/align_Composite.h5[0] (type = Euler3DTransform)
  2. /home/mdugre/scratch/mri-registration-rp/datasets/ds004513/derivatives/mri-registration-rp/0001/antsRegistration-r7-p18/sub-s017/align_Composite.h5[1] (type = Euler3DTransform)
=============================================================================
  number of levels = 4
  fixed image: /templateflow/tpl-MNI152NLin2009cAsym/tpl-MNI152NLin2009cAsym_res-01_desc-brain_T1w.nii.gz
  moving image: /home/mdugre/scratch/mri-registration-rp/datasets/ds004513/derivatives/mri-registration-rp/antsBrainExtraction/sub-s017/BrainExtractionBrain.nii.gz
Dimension = 3
Number of stages = 1
Use histogram matching = false
Winsorize image intensities = true
  Lower quantile = 0.005
  Upper quantile = 0.995


Stage 1 State
   Image metric = MattesMI
     Fixed image = Image (0x360d530)
  RTTI typeinfo:   itk::Image<double, 3u>
  Reference Count: 2
  Modified Time: 1580
  Debug: Off
  Object Name: 
  Observers: 
    none
  Source: (none)
  Source output name: (none)
  Release Data: Off
  Data Released: False
  Global Release Data: Off
  PipelineMTime: 0
  UpdateMTime: 1189
  RealTimeStamp: 0 seconds 
  LargestPossibleRegion: 
    Dimension: 3
    Index: [0, 0, 0]
    Size: [193, 229, 193]
  BufferedRegion: 
    Dimension: 3
    Index: [0, 0, 0]
    Size: [193, 229, 193]
  RequestedRegion: 
    Dimension: 3
    Index: [0, 0, 0]
    Size: [193, 229, 193]
  Spacing: [1, 1, 1]
  Origin: [96, 132, -78]
  Direction: 
-1 0 0
0 -1 0
0 0 1

  IndexToPointMatrix: 
-1 0 0
0 -1 0
0 0 1

  PointToIndexMatrix: 
-1 0 0
0 -1 0
0 0 1

  Inverse Direction: 
-1 0 0
0 -1 0
0 0 1

  PixelContainer: 
    ImportImageContainer (0x36cbd60)
      RTTI typeinfo:   itk::ImportImageContainer<unsigned long, double>
      Reference Count: 1
      Modified Time: 1186
      Debug: Off
      Object Name: 
      Observers: 
        none
      Pointer: 0x14ffa97da010
      Container manages memory: true
      Size: 8530021
      Capacity: 8530021

     Moving image = Image (0x36bdf60)
  RTTI typeinfo:   itk::Image<double, 3u>
  Reference Count: 2
  Modified Time: 1581
  Debug: Off
  Object Name: 
  Observers: 
    none
  Source: (none)
  Source output name: (none)
  Release Data: Off
  Data Released: False
  Global Release Data: Off
  PipelineMTime: 0
  UpdateMTime: 1578
  RealTimeStamp: 0 seconds 
  LargestPossibleRegion: 
    Dimension: 3
    Index: [0, 0, 0]
    Size: [160, 240, 256]
  BufferedRegion: 
    Dimension: 3
    Index: [0, 0, 0]
    Size: [160, 240, 256]
  RequestedRegion: 
    Dimension: 3
    Index: [0, 0, 0]
    Size: [160, 240, 256]
  Spacing: [1, 1, 1]
  Origin: [91.3357, 102.231, -120.042]
  Direction: 
-0.997442 -5.36781e-05 -0.0714818
5.35416e-05 -1 3.82465e-06
-0.0714818 -1.23894e-08 0.997442

  IndexToPointMatrix: 
-0.997444 -5.36781e-05 -0.0714818
5.35418e-05 -1 3.82465e-06
-0.0714819 -1.23894e-08 0.997442

  PointToIndexMatrix: 
-0.99744 5.35415e-05 -0.0714816
-5.36781e-05 -1 -1.23894e-08
-0.0714818 3.82465e-06 0.997442

  Inverse Direction: 
-0.997442 5.35416e-05 -0.0714818
-5.36781e-05 -1 -1.23894e-08
-0.0714818 3.82465e-06 0.997442

  PixelContainer: 
    ImportImageContainer (0x36af6d0)
      RTTI typeinfo:   itk::ImportImageContainer<unsigned long, double>
      Reference Count: 1
      Modified Time: 1575
      Debug: Off
      Object Name: 
      Observers: 
        none
      Pointer: 0x14ffa4cd9010
      Container manages memory: true
      Size: 9830400
      Capacity: 9830400

     Weighting = 1
     Sampling strategy = regular
     Number of bins = 32
     Radius = 4
     Sampling percentage  = 0.25
   Transform = Rigid
     Gradient step = 0.1
     Update field sigma (voxel space) = 0
     Total field sigma (voxel space) = 0
     Update field time sigma = 0
     Total field time sigma  = 0
     Number of time indices = 0
     Number of time point samples = 0
Registration using 1 total stages.

Stage 0
  iterations = 1000x500x250x100
  convergence threshold = 1e-06
  convergence window size = 10
  number of levels = 4
  using the Mattes MI metric (number of bins = 32, weight = 1, use gradient filter = 0)
  preprocessing:  winsorizing the image intensities
  Shrink factors (level 1 out of 4): [8, 8, 8]
  Shrink factors (level 2 out of 4): [4, 4, 4]
  Shrink factors (level 3 out of 4): [2, 2, 2]
  Shrink factors (level 4 out of 4): [1, 1, 1]
  smoothing sigmas per level: [3, 2, 1, 0]
  regular sampling (percentage = 0.25)

*** Running Euler3DTransform registration ***

DIAGNOSTIC,Iteration,metricValue,convergenceValue,ITERATION_TIME_INDEX,SINCE_LAST
 2DIAGNOSTIC,     1, -5.567767283252e-01, 1.797693134862e+308, 7.5550e-01, 7.5550e-01, 
 2DIAGNOSTIC,     2, -5.584239703569e-01, 1.797693134862e+308, 7.6022e-01, 4.7200e-03, 
 2DIAGNOSTIC,     3, -5.612715515272e-01, 1.797693134862e+308, 7.6514e-01, 4.9288e-03, 
 2DIAGNOSTIC,     4, -5.637780194106e-01, 1.797693134862e+308, 7.7083e-01, 5.6889e-03, 
 2DIAGNOSTIC,     5, -5.658229214212e-01, 1.797693134862e+308, 7.7535e-01, 4.5190e-03, 
 2DIAGNOSTIC,     6, -5.696445468689e-01, 1.797693134862e+308, 7.8120e-01, 5.8520e-03, 
 2DIAGNOSTIC,     7, -5.734118275242e-01, 1.797693134862e+308, 7.8623e-01, 5.0311e-03, 
 2DIAGNOSTIC,     8, -5.754533484979e-01, 1.797693134862e+308, 7.9289e-01, 6.6559e-03, 
 2DIAGNOSTIC,     9, -5.763021950250e-01, 1.797693134862e+308, 7.9729e-01, 4.4010e-03, 
 2DIAGNOSTIC,    10, -5.771142770255e-01, 2.558085388189e-03, 8.0380e-01, 6.5038e-03, 
 2DIAGNOSTIC,    11, -5.785125587612e-01, 2.176117873031e-03, 8.0876e-01, 4.9610e-03, 
 2DIAGNOSTIC,    12, -5.799413348090e-01, 1.786767970983e-03, 8.1381e-01, 5.0490e-03, 
 2DIAGNOSTIC,    13, -5.809477908980e-01, 1.443124036835e-03, 8.1844e-01, 4.6329e-03, 
 2DIAGNOSTIC,    14, -5.814655964876e-01, 1.127354078216e-03, 8.2250e-01, 4.0660e-03, 
 2DIAGNOSTIC,    15, -5.819093877219e-01, 8.331089413526e-04, 8.2707e-01, 4.5660e-03, 
 2DIAGNOSTIC,    16, -5.822326442998e-01, 6.258215683233e-04, 8.3161e-01, 4.5412e-03, 
 2DIAGNOSTIC,    17, -5.825793599843e-01, 5.040365830240e-04, 8.3630e-01, 4.6880e-03, 
 2DIAGNOSTIC,    18, -5.863713925916e-01, 5.095725576652e-04, 8.4066e-01, 4.3650e-03, 
 2DIAGNOSTIC,    19, -5.901617810168e-01, 5.855607354921e-04, 8.4832e-01, 7.6551e-03, 
 2DIAGNOSTIC,    20, -5.906016223816e-01, 6.286272500328e-04, 8.5353e-01, 5.2099e-03, 
 2DIAGNOSTIC,    21, -5.907365705867e-01, 6.467002963861e-04, 8.5841e-01, 4.8819e-03, 
 2DIAGNOSTIC,    22, -5.906256574995e-01, 6.330265936407e-04, 8.6314e-01, 4.7290e-03, 
 2DIAGNOSTIC,    23, -5.906307681711e-01, 5.816453055206e-04, 8.6757e-01, 4.4320e-03, 
 2DIAGNOSTIC,    24, -5.905636622011e-01, 4.878472529249e-04, 8.7181e-01, 4.2419e-03, 
 2DIAGNOSTIC,    25, -5.906024985370e-01, 3.662279783982e-04, 8.7671e-01, 4.9000e-03, 
 2DIAGNOSTIC,    26, -5.906025304325e-01, 2.276984665091e-04, 8.8097e-01, 4.2539e-03, 
 2DIAGNOSTIC,    27, -5.906211320574e-01, 8.394584288877e-05, 8.8555e-01, 4.5848e-03, 
 2DIAGNOSTIC,    28, -5.908796758314e-01, 1.198925031254e-05, 8.9002e-01, 4.4711e-03, 
 2DIAGNOSTIC,    29, -5.911411552396e-01, 1.217108543295e-05, 8.9492e-01, 4.8950e-03, 
 2DIAGNOSTIC,    30, -5.915241330963e-01, 2.456301684524e-05, 9.0142e-01, 6.4960e-03, 
 2DIAGNOSTIC,    31, -5.916229825992e-01, 3.758205306090e-05, 9.0576e-01, 4.3409e-03, 
 2DIAGNOSTIC,    32, -5.916651208816e-01, 4.532975448868e-05, 9.1014e-01, 4.3840e-03, 
 2DIAGNOSTIC,    33, -5.916874987632e-01, 4.885284294277e-05, 9.1447e-01, 4.3261e-03, 
 2DIAGNOSTIC,    34, -5.917053822200e-01, 4.682712858411e-05, 9.1927e-01, 4.7989e-03, 
 2DIAGNOSTIC,    35, -5.917390904868e-01, 4.153275817057e-05, 9.3102e-01, 1.1753e-02, 
 2DIAGNOSTIC,    36, -5.917390912695e-01, 3.272086429197e-05, 9.3560e-01, 4.5769e-03, 
 2DIAGNOSTIC,    37, -5.917391070342e-01, 2.163060314709e-05, 9.3992e-01, 4.3299e-03, 
 2DIAGNOSTIC,    38, -5.917391330930e-01, 1.245673595299e-05, 9.4422e-01, 4.2999e-03, 
 2DIAGNOSTIC,    39, -5.917391754735e-01, 5.801896390437e-06, 9.4900e-01, 4.7801e-03, 
 2DIAGNOSTIC,    40, -5.917392424312e-01, 3.643428653877e-06, 9.5344e-01, 4.4332e-03, 
 2DIAGNOSTIC,    41, -5.917393428829e-01, 2.487109300207e-06, 9.5790e-01, 4.4630e-03, 
 2DIAGNOSTIC,    42, -5.917394845335e-01, 1.715730318413e-06, 9.6255e-01, 4.6442e-03, 
 2DIAGNOSTIC,    43, -5.917396625587e-01, 1.144189315311e-06, 9.6705e-01, 4.5061e-03, 
DIAGNOSTIC,Iteration,metricValue,convergenceValue,ITERATION_TIME_INDEX,SINCE_LAST
 2DIAGNOSTIC,     1, -4.784004501427e-01, 1.797693134862e+308, 1.7295e+00, 7.6246e-01, 
 2DIAGNOSTIC,     2, -4.783999131496e-01, 1.797693134862e+308, 1.7587e+00, 2.9158e-02, 
 2DIAGNOSTIC,     3, -4.784190365433e-01, 1.797693134862e+308, 1.7893e+00, 3.0610e-02, 
 2DIAGNOSTIC,     4, -4.785028756519e-01, 1.797693134862e+308, 1.8162e+00, 2.6953e-02, 
 2DIAGNOSTIC,     5, -4.786647485438e-01, 1.797693134862e+308, 1.8437e+00, 2.7449e-02, 
 2DIAGNOSTIC,     6, -4.788099932968e-01, 1.797693134862e+308, 1.8710e+00, 2.7349e-02, 
 2DIAGNOSTIC,     7, -4.794645847227e-01, 1.797693134862e+308, 1.8980e+00, 2.6964e-02, 
 2DIAGNOSTIC,     8, -4.813619171761e-01, 1.797693134862e+308, 1.9369e+00, 3.8952e-02, 
 2DIAGNOSTIC,     9, -4.817935635331e-01, 1.797693134862e+308, 1.9694e+00, 3.2473e-02, 
 2DIAGNOSTIC,    10, -4.822647496877e-01, 5.583367503202e-04, 1.9973e+00, 2.7845e-02, 
 2DIAGNOSTIC,    11, -4.831344909909e-01, 6.366384573259e-04, 2.0329e+00, 3.5640e-02, 
 2DIAGNOSTIC,    12, -4.835768992611e-01, 6.653898034979e-04, 2.0794e+00, 4.6525e-02, 
 2DIAGNOSTIC,    13, -4.835677565332e-01, 6.290342969353e-04, 2.1147e+00, 3.5290e-02, 
 2DIAGNOSTIC,    14, -4.835733047848e-01, 5.452729208408e-04, 2.1577e+00, 4.2970e-02, 
 2DIAGNOSTIC,    15, -4.835701547260e-01, 4.305772096701e-04, 2.1932e+00, 3.5485e-02, 
 2DIAGNOSTIC,    16, -4.835566913014e-01, 2.956272804866e-04, 2.2281e+00, 3.4915e-02, 
 2DIAGNOSTIC,    17, -4.835523104095e-01, 1.703980275933e-04, 2.2612e+00, 3.3083e-02, 
 2DIAGNOSTIC,    18, -4.835483887838e-01, 1.058854946671e-04, 2.2896e+00, 2.8384e-02, 
 2DIAGNOSTIC,    19, -4.835469915475e-01, 5.203914179313e-05, 2.3187e+00, 2.9153e-02, 
 2DIAGNOSTIC,    20, -4.835401827380e-01, 1.204163298798e-05, 2.3513e+00, 3.2642e-02, 
DIAGNOSTIC,Iteration,metricValue,convergenceValue,ITERATION_TIME_INDEX,SINCE_LAST
 2DIAGNOSTIC,     1, -4.161561167868e-01, 1.797693134862e+308, 3.5489e+00, 1.1976e+00, 
 2DIAGNOSTIC,     2, -4.161756893439e-01, 1.797693134862e+308, 3.8858e+00, 3.3688e-01, 
 2DIAGNOSTIC,     3, -4.161696114509e-01, 1.797693134862e+308, 4.1622e+00, 2.7640e-01, 
 2DIAGNOSTIC,     4, -4.161681503554e-01, 1.797693134862e+308, 4.5456e+00, 3.8342e-01, 
 2DIAGNOSTIC,     5, -4.161678896603e-01, 1.797693134862e+308, 4.7619e+00, 2.1628e-01, 
 2DIAGNOSTIC,     6, -4.161669123586e-01, 1.797693134862e+308, 5.0261e+00, 2.6417e-01, 
 2DIAGNOSTIC,     7, -4.161667485644e-01, 1.797693134862e+308, 5.3250e+00, 2.9892e-01, 
 2DIAGNOSTIC,     8, -4.161656816017e-01, 1.797693134862e+308, 5.5499e+00, 2.2494e-01, 
 2DIAGNOSTIC,     9, -4.161650043539e-01, 1.797693134862e+308, 5.8481e+00, 2.9813e-01, 
 2DIAGNOSTIC,    10, -4.161655463815e-01, 2.943366656863e-06, 6.1687e+00, 3.2065e-01, 
 2DIAGNOSTIC,    11, -4.161636420996e-01, 1.720591502802e-06, 6.4380e+00, 2.6925e-01, 
 2DIAGNOSTIC,    12, -4.161624970810e-01, 1.867462472951e-06, 6.9347e+00, 4.9678e-01, 
 2DIAGNOSTIC,    13, -4.161615819745e-01, 1.698398058331e-06, 7.5029e+00, 5.6817e-01, 
 2DIAGNOSTIC,    14, -4.161624603296e-01, 1.592444846099e-06, 7.9902e+00, 4.8726e-01, 
 2DIAGNOSTIC,    15, -4.161620529815e-01, 1.530180439108e-06, 8.4493e+00, 4.5909e-01, 
 2DIAGNOSTIC,    16, -4.161603835108e-01, 1.417836921550e-06, 8.7950e+00, 3.4575e-01, 
 2DIAGNOSTIC,    17, -4.161625251483e-01, 1.455414123865e-06, 9.1553e+00, 3.6025e-01, 
 2DIAGNOSTIC,    18, -4.161617349627e-01, 1.453854867627e-06, 9.4635e+00, 3.0829e-01, 
 2DIAGNOSTIC,    19, -4.161656140595e-01, 1.594928508174e-06, 1.0190e+01, 7.2598e-01, 
 2DIAGNOSTIC,    20, -4.161678254533e-01, 1.821576332696e-06, 1.0694e+01, 5.0442e-01, 
 2DIAGNOSTIC,    21, -4.161672172262e-01, 1.924327029952e-06, 1.1037e+01, 3.4326e-01, 
 2DIAGNOSTIC,    22, -4.161665846126e-01, 1.927748313792e-06, 1.1312e+01, 2.7499e-01, 
 2DIAGNOSTIC,    23, -4.161660793968e-01, 1.843028037095e-06, 1.1633e+01, 3.2109e-01, 
 2DIAGNOSTIC,    24, -4.161655365535e-01, 1.730448870162e-06, 1.1915e+01, 2.8174e-01, 
 2DIAGNOSTIC,    25, -4.161651834948e-01, 1.568353735250e-06, 1.2217e+01, 3.0246e-01, 
 2DIAGNOSTIC,    26, -4.161660037667e-01, 1.368374529562e-06, 1.2514e+01, 2.9691e-01, 
 2DIAGNOSTIC,    27, -4.161651045497e-01, 1.203105048565e-06, 1.2771e+01, 2.5644e-01, 
 2DIAGNOSTIC,    28, -4.161679884899e-01, 1.097088637499e-06, 1.3036e+01, 2.6481e-01, 
 2DIAGNOSTIC,    29, -4.161710849649e-01, 1.162831211626e-06, 1.3298e+01, 2.6186e-01, 
 2DIAGNOSTIC,    30, -4.161703640306e-01, 1.250475685464e-06, 1.3574e+01, 2.7605e-01, 
 2DIAGNOSTIC,    31, -4.161708142912e-01, 1.313167802955e-06, 1.3828e+01, 2.5403e-01, 
 2DIAGNOSTIC,    32, -4.161710089266e-01, 1.336085262732e-06, 1.4049e+01, 2.2177e-01, 
 2DIAGNOSTIC,    33, -4.161749613450e-01, 1.395595229402e-06, 1.4345e+01, 2.9610e-01, 
 2DIAGNOSTIC,    34, -4.161777487507e-01, 1.452526300662e-06, 1.4571e+01, 2.2522e-01, 
 2DIAGNOSTIC,    35, -4.161792220181e-01, 1.478601725859e-06, 1.4825e+01, 2.5448e-01, 
 2DIAGNOSTIC,    36, -4.161806859652e-01, 1.495439439333e-06, 1.5082e+01, 2.5668e-01, 
 2DIAGNOSTIC,    37, -4.161791778428e-01, 1.407680694718e-06, 1.5306e+01, 2.2377e-01, 
 2DIAGNOSTIC,    38, -4.161838486870e-01, 1.406626904985e-06, 1.5611e+01, 3.0529e-01, 
 2DIAGNOSTIC,    39, -4.161849953104e-01, 1.422742211186e-06, 1.5903e+01, 2.9189e-01, 
 2DIAGNOSTIC,    40, -4.161860914895e-01, 1.386764668553e-06, 1.6252e+01, 3.4959e-01, 
 2DIAGNOSTIC,    41, -4.161854987581e-01, 1.295749607000e-06, 1.6504e+01, 2.5127e-01, 
 2DIAGNOSTIC,    42, -4.161840259993e-01, 1.138573364836e-06, 1.6768e+01, 2.6414e-01, 
 2DIAGNOSTIC,    43, -4.161834049864e-01, 1.004201848454e-06, 1.7019e+01, 2.5078e-01, 
DIAGNOSTIC,Iteration,metricValue,convergenceValue,ITERATION_TIME_INDEX,SINCE_LAST
 2DIAGNOSTIC,     1, -3.834265912374e-01, 1.797693134862e+308, 1.9556e+01, 2.5376e+00, 
 2DIAGNOSTIC,     2, -3.834925053379e-01, 1.797693134862e+308, 2.1156e+01, 1.5996e+00, 
 2DIAGNOSTIC,     3, -3.834978116508e-01, 1.797693134862e+308, 2.2764e+01, 1.6084e+00, 
 2DIAGNOSTIC,     4, -3.835004127751e-01, 1.797693134862e+308, 2.4346e+01, 1.5821e+00, 
 2DIAGNOSTIC,     5, -3.835019582521e-01, 1.797693134862e+308, 2.5927e+01, 1.5808e+00, 
 2DIAGNOSTIC,     6, -3.835049957429e-01, 1.797693134862e+308, 2.7691e+01, 1.7642e+00, 
 2DIAGNOSTIC,     7, -3.835058343727e-01, 1.797693134862e+308, 2.9559e+01, 1.8680e+00, 
 2DIAGNOSTIC,     8, -3.835066498259e-01, 1.797693134862e+308, 3.1432e+01, 1.8731e+00, 
 2DIAGNOSTIC,     9, -3.835062955326e-01, 1.797693134862e+308, 3.3091e+01, 1.6583e+00, 
 2DIAGNOSTIC,    10, -3.835063109001e-01, 1.066660694708e-05, 3.4831e+01, 1.7405e+00, 
 2DIAGNOSTIC,    11, -3.835061571795e-01, 4.747040338177e-06, 3.7128e+01, 2.2966e+00, 
 2DIAGNOSTIC,    12, -3.835060832653e-01, 3.706200357195e-06, 3.8558e+01, 1.4300e+00, 
 2DIAGNOSTIC,    13, -3.835060190725e-01, 3.027825944926e-06, 4.0034e+01, 1.4762e+00, 
 2DIAGNOSTIC,    14, -3.835058638482e-01, 2.523466991713e-06, 4.1563e+01, 1.5292e+00, 
 2DIAGNOSTIC,    15, -3.835058006968e-01, 2.133709219296e-06, 4.3179e+01, 1.6163e+00, 
 2DIAGNOSTIC,    16, -3.835056463975e-01, 1.924177709486e-06, 4.5213e+01, 2.0336e+00, 
 2DIAGNOSTIC,    17, -3.835054775132e-01, 1.773328553181e-06, 4.6869e+01, 1.6555e+00, 
 2DIAGNOSTIC,    18, -3.835053086126e-01, 1.675385374683e-06, 4.8472e+01, 1.6039e+00, 
 2DIAGNOSTIC,    19, -3.835051448148e-01, 1.576051815569e-06, 4.9915e+01, 1.4421e+00, 
 2DIAGNOSTIC,    20, -3.835051658770e-01, 1.497295071880e-06, 5.1359e+01, 1.4443e+00, 
 2DIAGNOSTIC,    21, -3.835053779579e-01, 1.436675312078e-06, 5.2852e+01, 1.4930e+00, 
 2DIAGNOSTIC,    22, -3.835055901418e-01, 1.393331720223e-06, 5.4346e+01, 1.4942e+00, 
 2DIAGNOSTIC,    23, -3.835055251010e-01, 1.354581541817e-06, 5.5835e+01, 1.4890e+00, 
 2DIAGNOSTIC,    24, -3.835054518288e-01, 1.314933130082e-06, 5.7248e+01, 1.4132e+00, 
 2DIAGNOSTIC,    25, -3.835053813429e-01, 1.275595340473e-06, 5.8821e+01, 1.5731e+00, 
 2DIAGNOSTIC,    26, -3.835053141623e-01, 1.232550094189e-06, 6.0245e+01, 1.4238e+00, 
 2DIAGNOSTIC,    27, -3.835053494681e-01, 1.188143192152e-06, 6.1743e+01, 1.4980e+00, 
 2DIAGNOSTIC,    28, -3.835054089359e-01, 1.143229097458e-06, 6.3383e+01, 1.6396e+00, 
 2DIAGNOSTIC,    29, -3.835055814684e-01, 1.101082726725e-06, 6.4739e+01, 1.3567e+00, 
 2DIAGNOSTIC,    30, -3.835053714647e-01, 1.056523024782e-06, 6.6896e+01, 2.1566e+00, 
 2DIAGNOSTIC,    31, -3.835053052295e-01, 1.018740038446e-06, 6.8891e+01, 1.9951e+00, 
  Elapsed time (stage 0): 6.9815e+01


Total elapsed time: 6.9817e+01
Info [verificarlo]: loaded backend libinterflop_ieee.so
Info [interflop-ieee]: load backend with:
Info [interflop-ieee]: debug = false
Info [interflop-ieee]: debug-binary = false
Info [interflop-ieee]: no-backend-name = false
Info [interflop-ieee]: print-new-line = false
Info [interflop-ieee]: print-subnormal-normalized = false
Info [interflop-ieee]: count-op = false
All_Command_lines_OK
Using double precision for computations.
=============================================================================
The composite transform comprises the following transforms (in order): 
  1. /home/mdugre/scratch/mri-registration-rp/datasets/ds004513/derivatives/mri-registration-rp/0001/antsRegistration-r7-p18/sub-s017/rigid_Composite.h5[0] (type = Euler3DTransform)
  2. /home/mdugre/scratch/mri-registration-rp/datasets/ds004513/derivatives/mri-registration-rp/0001/antsRegistration-r7-p18/sub-s017/rigid_Composite.h5[1] (type = Euler3DTransform)
  3. /home/mdugre/scratch/mri-registration-rp/datasets/ds004513/derivatives/mri-registration-rp/0001/antsRegistration-r7-p18/sub-s017/rigid_Composite.h5[2] (type = Euler3DTransform)
=============================================================================
  number of levels = 4
  fixed image: /templateflow/tpl-MNI152NLin2009cAsym/tpl-MNI152NLin2009cAsym_res-01_desc-brain_T1w.nii.gz
  moving image: /home/mdugre/scratch/mri-registration-rp/datasets/ds004513/derivatives/mri-registration-rp/antsBrainExtraction/sub-s017/BrainExtractionBrain.nii.gz
Dimension = 3
Number of stages = 1
Use histogram matching = false
Winsorize image intensities = true
  Lower quantile = 0.005
  Upper quantile = 0.995


Stage 1 State
   Image metric = MattesMI
     Fixed image = Image (0x40f27e0)
  RTTI typeinfo:   itk::Image<double, 3u>
  Reference Count: 2
  Modified Time: 1594
  Debug: Off
  Object Name: 
  Observers: 
    none
  Source: (none)
  Source output name: (none)
  Release Data: Off
  Data Released: False
  Global Release Data: Off
  PipelineMTime: 0
  UpdateMTime: 1203
  RealTimeStamp: 0 seconds 
  LargestPossibleRegion: 
    Dimension: 3
    Index: [0, 0, 0]
    Size: [193, 229, 193]
  BufferedRegion: 
    Dimension: 3
    Index: [0, 0, 0]
    Size: [193, 229, 193]
  RequestedRegion: 
    Dimension: 3
    Index: [0, 0, 0]
    Size: [193, 229, 193]
  Spacing: [1, 1, 1]
  Origin: [96, 132, -78]
  Direction: 
-1 0 0
0 -1 0
0 0 1

  IndexToPointMatrix: 
-1 0 0
0 -1 0
0 0 1

  PointToIndexMatrix: 
-1 0 0
0 -1 0
0 0 1

  Inverse Direction: 
-1 0 0
0 -1 0
0 0 1

  PixelContainer: 
    ImportImageContainer (0x41b2a20)
      RTTI typeinfo:   itk::ImportImageContainer<unsigned long, double>
      Reference Count: 1
      Modified Time: 1200
      Debug: Off
      Object Name: 
      Observers: 
        none
      Pointer: 0x145621603010
      Container manages memory: true
      Size: 8530021
      Capacity: 8530021

     Moving image = Image (0x41add70)
  RTTI typeinfo:   itk::Image<double, 3u>
  Reference Count: 2
  Modified Time: 1595
  Debug: Off
  Object Name: 
  Observers: 
    none
  Source: (none)
  Source output name: (none)
  Release Data: Off
  Data Released: False
  Global Release Data: Off
  PipelineMTime: 0
  UpdateMTime: 1592
  RealTimeStamp: 0 seconds 
  LargestPossibleRegion: 
    Dimension: 3
    Index: [0, 0, 0]
    Size: [160, 240, 256]
  BufferedRegion: 
    Dimension: 3
    Index: [0, 0, 0]
    Size: [160, 240, 256]
  RequestedRegion: 
    Dimension: 3
    Index: [0, 0, 0]
    Size: [160, 240, 256]
  Spacing: [1, 1, 1]
  Origin: [91.3357, 102.231, -120.042]
  Direction: 
-0.997442 -5.36781e-05 -0.0714818
5.35416e-05 -1 3.82465e-06
-0.0714818 -1.23894e-08 0.997442

  IndexToPointMatrix: 
-0.997444 -5.36781e-05 -0.0714818
5.35418e-05 -1 3.82465e-06
-0.0714819 -1.23894e-08 0.997442

  PointToIndexMatrix: 
-0.99744 5.35415e-05 -0.0714816
-5.36781e-05 -1 -1.23894e-08
-0.0714818 3.82465e-06 0.997442

  Inverse Direction: 
-0.997442 5.35416e-05 -0.0714818
-5.36781e-05 -1 -1.23894e-08
-0.0714818 3.82465e-06 0.997442

  PixelContainer: 
    ImportImageContainer (0x4165c90)
      RTTI typeinfo:   itk::ImportImageContainer<unsigned long, double>
      Reference Count: 1
      Modified Time: 1589
      Debug: Off
      Object Name: 
      Observers: 
        none
      Pointer: 0x14561cb02010
      Container manages memory: true
      Size: 9830400
      Capacity: 9830400

     Weighting = 1
     Sampling strategy = regular
     Number of bins = 32
     Radius = 4
     Sampling percentage  = 0.25
   Transform = Affine
     Gradient step = 0.1
     Update field sigma (voxel space) = 0
     Total field sigma (voxel space) = 0
     Update field time sigma = 0
     Total field time sigma  = 0
     Number of time indices = 0
     Number of time point samples = 0
Registration using 1 total stages.

Stage 0
  iterations = 1000x500x250x100
  convergence threshold = 1e-06
  convergence window size = 10
  number of levels = 4
  using the Mattes MI metric (number of bins = 32, weight = 1, use gradient filter = 0)
  preprocessing:  winsorizing the image intensities
  Shrink factors (level 1 out of 4): [8, 8, 8]
  Shrink factors (level 2 out of 4): [4, 4, 4]
  Shrink factors (level 3 out of 4): [2, 2, 2]
  Shrink factors (level 4 out of 4): [1, 1, 1]
  smoothing sigmas per level: [3, 2, 1, 0]
  regular sampling (percentage = 0.25)

*** Running AffineTransform registration ***

DIAGNOSTIC,Iteration,metricValue,convergenceValue,ITERATION_TIME_INDEX,SINCE_LAST
 2DIAGNOSTIC,     1, -5.806290998373e-01, 1.797693134862e+308, 7.8265e-01, 7.8265e-01, 
 2DIAGNOSTIC,     2, -5.832407507874e-01, 1.797693134862e+308, 7.8801e-01, 5.3592e-03, 
 2DIAGNOSTIC,     3, -5.883921006332e-01, 1.797693134862e+308, 7.9422e-01, 6.2160e-03, 
 2DIAGNOSTIC,     4, -5.973582021306e-01, 1.797693134862e+308, 8.0041e-01, 6.1910e-03, 
 2DIAGNOSTIC,     5, -6.166279650687e-01, 1.797693134862e+308, 8.0721e-01, 6.7999e-03, 
 2DIAGNOSTIC,     6, -6.406440243115e-01, 1.797693134862e+308, 8.1211e-01, 4.8928e-03, 
 2DIAGNOSTIC,     7, -7.009864250989e-01, 1.797693134862e+308, 8.1717e-01, 5.0631e-03, 
 2DIAGNOSTIC,     8, -7.630482506526e-01, 1.797693134862e+308, 8.2266e-01, 5.4951e-03, 
 2DIAGNOSTIC,     9, -8.423469023838e-01, 1.797693134862e+308, 8.3051e-01, 7.8511e-03, 
 2DIAGNOSTIC,    10, -8.569694548254e-01, 2.845116127180e-02, 8.3613e-01, 5.6181e-03, 
 2DIAGNOSTIC,    11, -8.701917121194e-01, 2.871708893495e-02, 8.4223e-01, 6.0978e-03, 
 2DIAGNOSTIC,    12, -8.814645615088e-01, 2.683607374049e-02, 8.5175e-01, 9.5179e-03, 
 2DIAGNOSTIC,    13, -8.822368118591e-01, 2.307206286088e-02, 8.5709e-01, 5.3430e-03, 
 2DIAGNOSTIC,    14, -8.834458720674e-01, 1.815384144300e-02, 8.6237e-01, 5.2831e-03, 
 2DIAGNOSTIC,    15, -8.851322803044e-01, 1.292532930404e-02, 8.6796e-01, 5.5900e-03, 
 2DIAGNOSTIC,    16, -8.870480810179e-01, 7.902435110782e-03, 8.7390e-01, 5.9381e-03, 
 2DIAGNOSTIC,    17, -8.886777820150e-01, 4.189413205216e-03, 8.8062e-01, 6.7179e-03, 
 2DIAGNOSTIC,    18, -8.889448811204e-01, 1.810422437998e-03, 8.8717e-01, 6.5470e-03, 
 2DIAGNOSTIC,    19, -8.890594324201e-01, 1.083853143845e-03, 8.9320e-01, 6.0349e-03, 
 2DIAGNOSTIC,    20, -8.887882562473e-01, 5.969783282390e-04, 8.9954e-01, 6.3429e-03, 
 2DIAGNOSTIC,    21, -8.886098616403e-01, 3.264824875820e-04, 9.0679e-01, 7.2460e-03, 
 2DIAGNOSTIC,    22, -8.885249833193e-01, 2.361096496421e-04, 9.1280e-01, 6.0101e-03, 
 2DIAGNOSTIC,    23, -8.882875303514e-01, 1.410432903359e-04, 9.1903e-01, 6.2299e-03, 
 2DIAGNOSTIC,    24, -8.882052345860e-01, 5.851496557121e-05, 9.2464e-01, 5.6100e-03, 
DIAGNOSTIC,Iteration,metricValue,convergenceValue,ITERATION_TIME_INDEX,SINCE_LAST
 2DIAGNOSTIC,     1, -7.469015880074e-01, 1.797693134862e+308, 1.6947e+00, 7.7009e-01, 
 2DIAGNOSTIC,     2, -7.476337610758e-01, 1.797693134862e+308, 1.7344e+00, 3.9672e-02, 
 2DIAGNOSTIC,     3, -7.481984149555e-01, 1.797693134862e+308, 1.7715e+00, 3.7084e-02, 
 2DIAGNOSTIC,     4, -7.485348957201e-01, 1.797693134862e+308, 1.8074e+00, 3.5966e-02, 
 2DIAGNOSTIC,     5, -7.488723349485e-01, 1.797693134862e+308, 1.8456e+00, 3.8106e-02, 
 2DIAGNOSTIC,     6, -7.493028718767e-01, 1.797693134862e+308, 1.8868e+00, 4.1248e-02, 
 2DIAGNOSTIC,     7, -7.498240981745e-01, 1.797693134862e+308, 1.9298e+00, 4.2984e-02, 
 2DIAGNOSTIC,     8, -7.499189038229e-01, 1.797693134862e+308, 1.9663e+00, 3.6540e-02, 
 2DIAGNOSTIC,     9, -7.503981903958e-01, 1.797693134862e+308, 2.0088e+00, 4.2523e-02, 
 2DIAGNOSTIC,    10, -7.505578656840e-01, 3.049238803189e-04, 2.0491e+00, 4.0231e-02, 
 2DIAGNOSTIC,    11, -7.505341234037e-01, 2.389539881470e-04, 2.0890e+00, 3.9899e-02, 
 2DIAGNOSTIC,    12, -7.505061914273e-01, 1.848758122681e-04, 2.1295e+00, 4.0520e-02, 
 2DIAGNOSTIC,    13, -7.505141121275e-01, 1.393602371657e-04, 2.1693e+00, 3.9810e-02, 
 2DIAGNOSTIC,    14, -7.505102733104e-01, 9.677096686062e-05, 2.2095e+00, 4.0201e-02, 
 2DIAGNOSTIC,    15, -7.505029863026e-01, 5.935599103968e-05, 2.2563e+00, 4.6748e-02, 
 2DIAGNOSTIC,    16, -7.504912485657e-01, 3.116311091363e-05, 2.2945e+00, 3.8212e-02, 
 2DIAGNOSTIC,    17, -7.504804689001e-01, 1.513171482645e-05, 2.3294e+00, 3.4880e-02, 
 2DIAGNOSTIC,    18, -7.504860792830e-01, 1.517275439504e-06, 2.3637e+00, 3.4390e-02, 
DIAGNOSTIC,Iteration,metricValue,convergenceValue,ITERATION_TIME_INDEX,SINCE_LAST
 2DIAGNOSTIC,     1, -6.294116116006e-01, 1.797693134862e+308, 3.5294e+00, 1.1656e+00, 
 2DIAGNOSTIC,     2, -6.299274337943e-01, 1.797693134862e+308, 3.8128e+00, 2.8339e-01, 
 2DIAGNOSTIC,     3, -6.304606937745e-01, 1.797693134862e+308, 4.0857e+00, 2.7297e-01, 
 2DIAGNOSTIC,     4, -6.311440983376e-01, 1.797693134862e+308, 4.3668e+00, 2.8101e-01, 
 2DIAGNOSTIC,     5, -6.319613521818e-01, 1.797693134862e+308, 4.6472e+00, 2.8040e-01, 
 2DIAGNOSTIC,     6, -6.326508619994e-01, 1.797693134862e+308, 5.2721e+00, 6.2496e-01, 
 2DIAGNOSTIC,     7, -6.326442432140e-01, 1.797693134862e+308, 5.7503e+00, 4.7822e-01, 
 2DIAGNOSTIC,     8, -6.326421030651e-01, 1.797693134862e+308, 6.0836e+00, 3.3332e-01, 
 2DIAGNOSTIC,     9, -6.326413590768e-01, 1.797693134862e+308, 6.4236e+00, 3.3995e-01, 
 2DIAGNOSTIC,    10, -6.326405356967e-01, 3.607193956852e-04, 6.8132e+00, 3.8959e-01, 
 2DIAGNOSTIC,    11, -6.326380581399e-01, 2.475998171396e-04, 7.1452e+00, 3.3201e-01, 
 2DIAGNOSTIC,    12, -6.326382569008e-01, 1.509095249846e-04, 7.4262e+00, 2.8100e-01, 
 2DIAGNOSTIC,    13, -6.326371997250e-01, 7.419551380954e-05, 7.7262e+00, 2.9996e-01, 
 2DIAGNOSTIC,    14, -6.326376013802e-01, 2.341664962253e-05, 8.0666e+00, 3.4044e-01, 
 2DIAGNOSTIC,    15, -6.326364676654e-01, 1.358505423571e-06, 8.3796e+00, 3.1305e-01, 
 2DIAGNOSTIC,    16, -6.326355130642e-01, 1.489403053015e-06, 8.6629e+00, 2.8326e-01, 
 2DIAGNOSTIC,    17, -6.326348603872e-01, 1.460469360968e-06, 9.0227e+00, 3.5982e-01, 
 2DIAGNOSTIC,    18, -6.326337609750e-01, 1.391313770686e-06, 9.3407e+00, 3.1797e-01, 
 2DIAGNOSTIC,    19, -6.326327161992e-01, 1.322246870140e-06, 9.6215e+00, 2.8083e-01, 
 2DIAGNOSTIC,    20, -6.326305164733e-01, 1.226844862090e-06, 9.9159e+00, 2.9441e-01, 
 2DIAGNOSTIC,    21, -6.326298185813e-01, 1.107474572763e-06, 1.0218e+01, 3.0218e-01, 
 2DIAGNOSTIC,    22, -6.326281932983e-01, 1.008190562313e-06, 1.0509e+01, 2.9084e-01, 
DIAGNOSTIC,Iteration,metricValue,convergenceValue,ITERATION_TIME_INDEX,SINCE_LAST
 2DIAGNOSTIC,     1, -5.634463074256e-01, 1.797693134862e+308, 1.3683e+01, 3.1741e+00, 
 2DIAGNOSTIC,     2, -5.639251009774e-01, 1.797693134862e+308, 1.5436e+01, 1.7534e+00, 
 2DIAGNOSTIC,     3, -5.643935836464e-01, 1.797693134862e+308, 1.7282e+01, 1.8460e+00, 
 2DIAGNOSTIC,     4, -5.653421952604e-01, 1.797693134862e+308, 1.9380e+01, 2.0974e+00, 
 2DIAGNOSTIC,     5, -5.666806227328e-01, 1.797693134862e+308, 2.2505e+01, 3.1252e+00, 
 2DIAGNOSTIC,     6, -5.666788333362e-01, 1.797693134862e+308, 2.5076e+01, 2.5711e+00, 
 2DIAGNOSTIC,     7, -5.666781146447e-01, 1.797693134862e+308, 2.7206e+01, 2.1294e+00, 
 2DIAGNOSTIC,     8, -5.666783257425e-01, 1.797693134862e+308, 2.9805e+01, 2.5993e+00, 
 2DIAGNOSTIC,     9, -5.666785099198e-01, 1.797693134862e+308, 3.2176e+01, 2.3708e+00, 
 2DIAGNOSTIC,    10, -5.666783649858e-01, 3.983096661035e-04, 3.4164e+01, 1.9886e+00, 
 2DIAGNOSTIC,    11, -5.666784827252e-01, 2.625665756389e-04, 3.6272e+01, 2.1079e+00, 
 2DIAGNOSTIC,    12, -5.666783057010e-01, 1.470620048914e-04, 3.8193e+01, 1.9204e+00, 
 2DIAGNOSTIC,    13, -5.666780856920e-01, 5.397379146148e-05, 4.0154e+01, 1.9612e+00, 
 2DIAGNOSTIC,    14, -5.666780298711e-01, 2.165048778618e-06, 4.2230e+01, 2.0759e+00, 
 2DIAGNOSTIC,    15, -5.666779409701e-01, 2.082528787278e-06, 4.3958e+01, 1.7284e+00, 
 2DIAGNOSTIC,    16, -5.666778937285e-01, 1.957161589267e-06, 4.5848e+01, 1.8897e+00, 
 2DIAGNOSTIC,    17, -5.666778103695e-01, 1.825814246445e-06, 4.7879e+01, 2.0318e+00, 
 2DIAGNOSTIC,    18, -5.666777725179e-01, 1.718264537494e-06, 4.9893e+01, 2.0138e+00, 
 2DIAGNOSTIC,    19, -5.666778544660e-01, 1.633875668240e-06, 5.1753e+01, 1.8597e+00, 
 2DIAGNOSTIC,    20, -5.666778438095e-01, 1.557628766115e-06, 5.3759e+01, 2.0059e+00, 
 2DIAGNOSTIC,    21, -5.666780088413e-01, 1.498682078792e-06, 5.5545e+01, 1.7864e+00, 
 2DIAGNOSTIC,    22, -5.666781385956e-01, 1.445689609081e-06, 5.7646e+01, 2.1002e+00, 
 2DIAGNOSTIC,    23, -5.666782353111e-01, 1.394709786620e-06, 5.9599e+01, 1.9533e+00, 
 2DIAGNOSTIC,    24, -5.666783529563e-01, 1.348294737892e-06, 6.2118e+01, 2.5194e+00, 
 2DIAGNOSTIC,    25, -5.666783063261e-01, 1.300791921163e-06, 6.4336e+01, 2.2172e+00, 
 2DIAGNOSTIC,    26, -5.666780983499e-01, 1.249514300625e-06, 6.6459e+01, 2.1237e+00, 
 2DIAGNOSTIC,    27, -5.666777797833e-01, 1.192300093315e-06, 6.8571e+01, 2.1114e+00, 
 2DIAGNOSTIC,    28, -5.666778631276e-01, 1.138787723870e-06, 7.0667e+01, 2.0960e+00, 
 2DIAGNOSTIC,    29, -5.666776639321e-01, 1.086619893322e-06, 7.2524e+01, 1.8570e+00, 
 2DIAGNOSTIC,    30, -5.666776824725e-01, 1.039113233604e-06, 7.4667e+01, 2.1429e+00, 
  Elapsed time (stage 0): 7.5857e+01


Total elapsed time: 7.5860e+01
Info [verificarlo]: loaded backend libinterflop_vprec.so
Info [interflop-vprec]: load backend with: 
Info [interflop-vprec]: precision-binary32 = 18
Info [interflop-vprec]: range-binary32 = 7
Info [interflop-vprec]: precision-binary64 = 18
Info [interflop-vprec]: range-binary64 = 7
Info [interflop-vprec]: mode = ob
Info [interflop-vprec]: error-mode = rel
Info [interflop-vprec]: max-abs-error-exponent = -1022
Info [interflop-vprec]: daz = false
Info [interflop-vprec]: ftz = false
Info [interflop-vprec]: 	instrument = none
Info [interflop-vprec]: 	prec-input-file = (null)
Info [interflop-vprec]: 	prec-output-file = (null)
Info [interflop-vprec]: 	prec-log-file = (null)
All_Command_lines_OK
Using double precision for computations.
=============================================================================
The composite transform comprises the following transforms (in order): 
  1. /home/mdugre/scratch/mri-registration-rp/datasets/ds004513/derivatives/mri-registration-rp/0001/antsRegistration-r7-p18/sub-s017/affine_Composite.h5[0] (type = Euler3DTransform)
  2. /home/mdugre/scratch/mri-registration-rp/datasets/ds004513/derivatives/mri-registration-rp/0001/antsRegistration-r7-p18/sub-s017/affine_Composite.h5[1] (type = Euler3DTransform)
  3. /home/mdugre/scratch/mri-registration-rp/datasets/ds004513/derivatives/mri-registration-rp/0001/antsRegistration-r7-p18/sub-s017/affine_Composite.h5[2] (type = Euler3DTransform)
  4. /home/mdugre/scratch/mri-registration-rp/datasets/ds004513/derivatives/mri-registration-rp/0001/antsRegistration-r7-p18/sub-s017/affine_Composite.h5[3] (type = AffineTransform)
=============================================================================
  number of levels = 4
  fixed image: /templateflow/tpl-MNI152NLin2009cAsym/tpl-MNI152NLin2009cAsym_res-01_desc-brain_T1w.nii.gz
  moving image: /home/mdugre/scratch/mri-registration-rp/datasets/ds004513/derivatives/mri-registration-rp/antsBrainExtraction/sub-s017/BrainExtractionBrain.nii.gz
Dimension = 3
Number of stages = 1
Use histogram matching = false
Winsorize image intensities = true
  Lower quantile = 0.005
  Upper quantile = 0.995


Stage 1 State
   Image metric = CC
     Fixed image = Image (0x3f636f0)
  RTTI typeinfo:   itk::Image<double, 3u>
  Reference Count: 2
  Modified Time: 1608
  Debug: Off
  Object Name: 
  Observers: 
    none
  Source: (none)
  Source output name: (none)
