
##########################
# Experiment information #
##########################

EXPERIMENT_NAME: antsRegistration-r7-p13
VFC_BACKENDS: libinterflop_vprec.so --range-binary32=7 --precision-binary32=13 --range-binary64=7 --precision-binary64=13

SIF_IMG: /home/mdugre/projects/rrg-glatard/mdugre/containers/ants-vprec-no_metrics.simg

SUBJECT_ID: s020
INPUT_IMG: /home/mdugre/scratch/mri-registration-rp/datasets/ds004513/derivatives/mri-registration-rp/antsBrainExtraction/sub-s020/BrainExtractionBrain.nii.gz
OUTPUT_DIR: /home/mdugre/scratch/mri-registration-rp/datasets/ds004513/derivatives/mri-registration-rp/0001/antsRegistration-r7-p13/sub-s020

FIXED_IMG: /templateflow/tpl-MNI152NLin2009cAsym/tpl-MNI152NLin2009cAsym_res-01_desc-brain_T1w.nii.gz
DATA_DIR: /home/mdugre/scratch/mri-registration-rp/datasets/ds004513
TEMPLATEFLOW_DIR: /home/mdugre/projects/rrg-glatard/mdugre/templateflow
ITK_GLOBAL_DEFAULT_NUMBER_OF_THREADS: 16
##########################

Info [verificarlo]: loaded backend libinterflop_ieee.so
Info [interflop-ieee]: load backend with:
Info [interflop-ieee]: debug = false
Info [interflop-ieee]: debug-binary = false
Info [interflop-ieee]: no-backend-name = false
Info [interflop-ieee]: print-new-line = false
Info [interflop-ieee]: print-subnormal-normalized = false
Info [interflop-ieee]: count-op = false
All_Command_lines_OK
Using double precision for computations.
=============================================================================
The composite transform comprises the following transforms (in order): 
  1. Center of mass alignment using fixed image: /templateflow/tpl-MNI152NLin2009cAsym/tpl-MNI152NLin2009cAsym_res-01_desc-brain_T1w.nii.gz and moving image: /home/mdugre/scratch/mri-registration-rp/datasets/ds004513/derivatives/mri-registration-rp/antsBrainExtraction/sub-s020/BrainExtractionBrain.nii.gz (type = Euler3DTransform)
=============================================================================
  number of levels = 1
  fixed image: /templateflow/tpl-MNI152NLin2009cAsym/tpl-MNI152NLin2009cAsym_res-01_desc-brain_T1w.nii.gz
  moving image: /home/mdugre/scratch/mri-registration-rp/datasets/ds004513/derivatives/mri-registration-rp/antsBrainExtraction/sub-s020/BrainExtractionBrain.nii.gz
Dimension = 3
Number of stages = 1
Use histogram matching = false
Winsorize image intensities = true
  Lower quantile = 0.005
  Upper quantile = 0.995


Stage 1 State
   Image metric = MattesMI
     Fixed image = Image (0x475be70)
  RTTI typeinfo:   itk::Image<double, 3u>
  Reference Count: 2
  Modified Time: 2334
  Debug: Off
  Object Name: 
  Observers: 
    none
  Source: (none)
  Source output name: (none)
  Release Data: Off
  Data Released: False
  Global Release Data: Off
  PipelineMTime: 0
  UpdateMTime: 1943
  RealTimeStamp: 0 seconds 
  LargestPossibleRegion: 
    Dimension: 3
    Index: [0, 0, 0]
    Size: [193, 229, 193]
  BufferedRegion: 
    Dimension: 3
    Index: [0, 0, 0]
    Size: [193, 229, 193]
  RequestedRegion: 
    Dimension: 3
    Index: [0, 0, 0]
    Size: [193, 229, 193]
  Spacing: [1, 1, 1]
  Origin: [96, 132, -78]
  Direction: 
-1 0 0
0 -1 0
0 0 1

  IndexToPointMatrix: 
-1 0 0
0 -1 0
0 0 1

  PointToIndexMatrix: 
-1 0 0
0 -1 0
0 0 1

  Inverse Direction: 
-1 0 0
0 -1 0
0 0 1

  PixelContainer: 
    ImportImageContainer (0x4764c60)
      RTTI typeinfo:   itk::ImportImageContainer<unsigned long, double>
      Reference Count: 1
      Modified Time: 1940
      Debug: Off
      Object Name: 
      Observers: 
        none
      Pointer: 0x1458d49d9010
      Container manages memory: true
      Size: 8530021
      Capacity: 8530021

     Moving image = Image (0x4767610)
  RTTI typeinfo:   itk::Image<double, 3u>
  Reference Count: 2
  Modified Time: 2335
  Debug: Off
  Object Name: 
  Observers: 
    none
  Source: (none)
  Source output name: (none)
  Release Data: Off
  Data Released: False
  Global Release Data: Off
  PipelineMTime: 0
  UpdateMTime: 2332
  RealTimeStamp: 0 seconds 
  LargestPossibleRegion: 
    Dimension: 3
    Index: [0, 0, 0]
    Size: [160, 240, 256]
  BufferedRegion: 
    Dimension: 3
    Index: [0, 0, 0]
    Size: [160, 240, 256]
  RequestedRegion: 
    Dimension: 3
    Index: [0, 0, 0]
    Size: [160, 240, 256]
  Spacing: [0.999995, 1, 1]
  Origin: [87.0906, 98.7205, -152.377]
  Direction: 
-0.996975 0.0261379 -0.0731913
-0.0260677 -0.999658 -0.00191374
-0.0732163 -2.46403e-08 0.997316

  IndexToPointMatrix: 
-0.996971 0.0261379 -0.0731913
-0.0260676 -0.999658 -0.00191374
-0.0732159 -2.46403e-08 0.997316

  PointToIndexMatrix: 
-0.99698 -0.0260679 -0.0732166
0.0261379 -0.999658 -2.46993e-08
-0.0731913 -0.00191374 0.997316

  Inverse Direction: 
-0.996975 -0.0260677 -0.0732163
0.0261379 -0.999658 -2.46993e-08
-0.0731913 -0.00191374 0.997316

  PixelContainer: 
    ImportImageContainer (0x4800ef0)
      RTTI typeinfo:   itk::ImportImageContainer<unsigned long, double>
      Reference Count: 1
      Modified Time: 2329
      Debug: Off
      Object Name: 
      Observers: 
        none
      Pointer: 0x1458cfed8010
      Container manages memory: true
      Size: 9830400
      Capacity: 9830400

     Weighting = 1
     Sampling strategy = regular
     Number of bins = 32
     Radius = 4
     Sampling percentage  = 0.25
   Transform = Rigid
     Gradient step = 0.1
     Update field sigma (voxel space) = 0
     Total field sigma (voxel space) = 0
     Update field time sigma = 0
     Total field time sigma  = 0
     Number of time indices = 0
     Number of time point samples = 0
Registration using 1 total stages.

Stage 0
  iterations = 0
  convergence threshold = 1e-06
  convergence window size = 10
  number of levels = 1
  using the Mattes MI metric (number of bins = 32, weight = 1, use gradient filter = 0)
  preprocessing:  winsorizing the image intensities
  Shrink factors (level 1 out of 1): [1, 1, 1]
  smoothing sigmas per level: [0]
  regular sampling (percentage = 0.25)

*** Running Euler3DTransform registration ***

  Elapsed time (stage 0): 1.16176


Total elapsed time: 1.16402
Info [verificarlo]: loaded backend libinterflop_ieee.so
Info [interflop-ieee]: load backend with:
Info [interflop-ieee]: debug = false
Info [interflop-ieee]: debug-binary = false
Info [interflop-ieee]: no-backend-name = false
Info [interflop-ieee]: print-new-line = false
Info [interflop-ieee]: print-subnormal-normalized = false
Info [interflop-ieee]: count-op = false
All_Command_lines_OK
Using double precision for computations.
=============================================================================
The composite transform comprises the following transforms (in order): 
  1. /home/mdugre/scratch/mri-registration-rp/datasets/ds004513/derivatives/mri-registration-rp/0001/antsRegistration-r7-p13/sub-s020/align_Composite.h5[0] (type = Euler3DTransform)
  2. /home/mdugre/scratch/mri-registration-rp/datasets/ds004513/derivatives/mri-registration-rp/0001/antsRegistration-r7-p13/sub-s020/align_Composite.h5[1] (type = Euler3DTransform)
=============================================================================
  number of levels = 4
  fixed image: /templateflow/tpl-MNI152NLin2009cAsym/tpl-MNI152NLin2009cAsym_res-01_desc-brain_T1w.nii.gz
  moving image: /home/mdugre/scratch/mri-registration-rp/datasets/ds004513/derivatives/mri-registration-rp/antsBrainExtraction/sub-s020/BrainExtractionBrain.nii.gz
Dimension = 3
Number of stages = 1
Use histogram matching = false
Winsorize image intensities = true
  Lower quantile = 0.005
  Upper quantile = 0.995


Stage 1 State
   Image metric = MattesMI
     Fixed image = Image (0x3977530)
  RTTI typeinfo:   itk::Image<double, 3u>
  Reference Count: 2
  Modified Time: 1580
  Debug: Off
  Object Name: 
  Observers: 
    none
  Source: (none)
  Source output name: (none)
  Release Data: Off
  Data Released: False
  Global Release Data: Off
  PipelineMTime: 0
  UpdateMTime: 1189
  RealTimeStamp: 0 seconds 
  LargestPossibleRegion: 
    Dimension: 3
    Index: [0, 0, 0]
    Size: [193, 229, 193]
  BufferedRegion: 
    Dimension: 3
    Index: [0, 0, 0]
    Size: [193, 229, 193]
  RequestedRegion: 
    Dimension: 3
    Index: [0, 0, 0]
    Size: [193, 229, 193]
  Spacing: [1, 1, 1]
  Origin: [96, 132, -78]
  Direction: 
-1 0 0
0 -1 0
0 0 1

  IndexToPointMatrix: 
-1 0 0
0 -1 0
0 0 1

  PointToIndexMatrix: 
-1 0 0
0 -1 0
0 0 1

  Inverse Direction: 
-1 0 0
0 -1 0
0 0 1

  PixelContainer: 
    ImportImageContainer (0x3a35d60)
      RTTI typeinfo:   itk::ImportImageContainer<unsigned long, double>
      Reference Count: 1
      Modified Time: 1186
      Debug: Off
      Object Name: 
      Observers: 
        none
      Pointer: 0x1513fda49010
      Container manages memory: true
      Size: 8530021
      Capacity: 8530021

     Moving image = Image (0x3a27f60)
  RTTI typeinfo:   itk::Image<double, 3u>
  Reference Count: 2
  Modified Time: 1581
  Debug: Off
  Object Name: 
  Observers: 
    none
  Source: (none)
  Source output name: (none)
  Release Data: Off
  Data Released: False
  Global Release Data: Off
  PipelineMTime: 0
  UpdateMTime: 1578
  RealTimeStamp: 0 seconds 
  LargestPossibleRegion: 
    Dimension: 3
    Index: [0, 0, 0]
    Size: [160, 240, 256]
  BufferedRegion: 
    Dimension: 3
    Index: [0, 0, 0]
    Size: [160, 240, 256]
  RequestedRegion: 
    Dimension: 3
    Index: [0, 0, 0]
    Size: [160, 240, 256]
  Spacing: [0.999995, 1, 1]
  Origin: [87.0906, 98.7205, -152.377]
  Direction: 
-0.996975 0.0261379 -0.0731913
-0.0260677 -0.999658 -0.00191374
-0.0732163 -2.46403e-08 0.997316

  IndexToPointMatrix: 
-0.996971 0.0261379 -0.0731913
-0.0260676 -0.999658 -0.00191374
-0.0732159 -2.46403e-08 0.997316

  PointToIndexMatrix: 
-0.99698 -0.0260679 -0.0732166
0.0261379 -0.999658 -2.46993e-08
-0.0731913 -0.00191374 0.997316

  Inverse Direction: 
-0.996975 -0.0260677 -0.0732163
0.0261379 -0.999658 -2.46993e-08
-0.0731913 -0.00191374 0.997316

  PixelContainer: 
    ImportImageContainer (0x3a196d0)
      RTTI typeinfo:   itk::ImportImageContainer<unsigned long, double>
      Reference Count: 1
      Modified Time: 1575
      Debug: Off
      Object Name: 
      Observers: 
        none
      Pointer: 0x1513f8f48010
      Container manages memory: true
      Size: 9830400
      Capacity: 9830400

     Weighting = 1
     Sampling strategy = regular
     Number of bins = 32
     Radius = 4
     Sampling percentage  = 0.25
   Transform = Rigid
     Gradient step = 0.1
     Update field sigma (voxel space) = 0
     Total field sigma (voxel space) = 0
     Update field time sigma = 0
     Total field time sigma  = 0
     Number of time indices = 0
     Number of time point samples = 0
Registration using 1 total stages.

Stage 0
  iterations = 1000x500x250x100
  convergence threshold = 1e-06
  convergence window size = 10
  number of levels = 4
  using the Mattes MI metric (number of bins = 32, weight = 1, use gradient filter = 0)
  preprocessing:  winsorizing the image intensities
  Shrink factors (level 1 out of 4): [8, 8, 8]
  Shrink factors (level 2 out of 4): [4, 4, 4]
  Shrink factors (level 3 out of 4): [2, 2, 2]
  Shrink factors (level 4 out of 4): [1, 1, 1]
  smoothing sigmas per level: [3, 2, 1, 0]
  regular sampling (percentage = 0.25)

*** Running Euler3DTransform registration ***

DIAGNOSTIC,Iteration,metricValue,convergenceValue,ITERATION_TIME_INDEX,SINCE_LAST
 2DIAGNOSTIC,     1, -3.791273390751e-01, 1.797693134862e+308, 6.9930e-01, 6.9930e-01, 
 2DIAGNOSTIC,     2, -3.803606001643e-01, 1.797693134862e+308, 7.0379e-01, 4.4949e-03, 
 2DIAGNOSTIC,     3, -3.828962034719e-01, 1.797693134862e+308, 7.0867e-01, 4.8771e-03, 
 2DIAGNOSTIC,     4, -3.876122532015e-01, 1.797693134862e+308, 7.1345e-01, 4.7810e-03, 
 2DIAGNOSTIC,     5, -3.904935334081e-01, 1.797693134862e+308, 7.1853e-01, 5.0800e-03, 
 2DIAGNOSTIC,     6, -3.911039700181e-01, 1.797693134862e+308, 7.2388e-01, 5.3470e-03, 
 2DIAGNOSTIC,     7, -3.914905453856e-01, 1.797693134862e+308, 7.2874e-01, 4.8678e-03, 
 2DIAGNOSTIC,     8, -3.925629083064e-01, 1.797693134862e+308, 7.3336e-01, 4.6201e-03, 
 2DIAGNOSTIC,     9, -3.981570789235e-01, 1.797693134862e+308, 7.3815e-01, 4.7870e-03, 
 2DIAGNOSTIC,    10, -4.079218556696e-01, 3.866687266231e-03, 7.4527e-01, 7.1218e-03, 
 2DIAGNOSTIC,    11, -4.246779602407e-01, 4.904320352956e-03, 7.5084e-01, 5.5690e-03, 
 2DIAGNOSTIC,    12, -4.297045200929e-01, 5.673254149495e-03, 7.5667e-01, 5.8298e-03, 
 2DIAGNOSTIC,    13, -4.335692915502e-01, 6.156954111604e-03, 7.6260e-01, 5.9290e-03, 
 2DIAGNOSTIC,    14, -4.439932007391e-01, 6.764094567495e-03, 7.6836e-01, 5.7590e-03, 
 2DIAGNOSTIC,    15, -4.466217673515e-01, 6.904768046498e-03, 7.7434e-01, 5.9819e-03, 
 2DIAGNOSTIC,    16, -4.513528166466e-01, 6.619270357609e-03, 7.8089e-01, 6.5498e-03, 
 2DIAGNOSTIC,    17, -4.528511000392e-01, 5.844785634540e-03, 7.8675e-01, 5.8591e-03, 
 2DIAGNOSTIC,    18, -4.555717392066e-01, 4.777374800309e-03, 7.9568e-01, 8.9250e-03, 
 2DIAGNOSTIC,    19, -4.559551115002e-01, 3.601534602795e-03, 8.0123e-01, 5.5499e-03, 
 2DIAGNOSTIC,    20, -4.573566102435e-01, 2.586715329596e-03, 8.1031e-01, 9.0880e-03, 
 2DIAGNOSTIC,    21, -4.575248136111e-01, 1.982971100971e-03, 8.1571e-01, 5.3930e-03, 
 2DIAGNOSTIC,    22, -4.577282732208e-01, 1.415637405528e-03, 8.2184e-01, 6.1340e-03, 
 2DIAGNOSTIC,    23, -4.579446682019e-01, 8.825824489904e-04, 8.2652e-01, 4.6771e-03, 
 2DIAGNOSTIC,    24, -4.580222388896e-01, 6.077363935149e-04, 8.3121e-01, 4.6871e-03, 
 2DIAGNOSTIC,    25, -4.581756513834e-01, 3.715368774395e-04, 8.3595e-01, 4.7419e-03, 
 2DIAGNOSTIC,    26, -4.586248463151e-01, 2.524116145588e-04, 8.4064e-01, 4.6899e-03, 
 2DIAGNOSTIC,    27, -4.589295029328e-01, 1.618715654603e-04, 8.4800e-01, 7.3609e-03, 
 2DIAGNOSTIC,    28, -4.591731024447e-01, 1.332998886994e-04, 8.5302e-01, 5.0180e-03, 
 2DIAGNOSTIC,    29, -4.592816945596e-01, 1.048265979719e-04, 8.5883e-01, 5.8138e-03, 
 2DIAGNOSTIC,    30, -4.597218488996e-01, 1.090773881843e-04, 8.6557e-01, 6.7399e-03, 
 2DIAGNOSTIC,    31, -4.598057878632e-01, 1.077937386695e-04, 8.7041e-01, 4.8411e-03, 
 2DIAGNOSTIC,    32, -4.606605009625e-01, 1.180781945747e-04, 8.7589e-01, 5.4791e-03, 
 2DIAGNOSTIC,    33, -4.610363084479e-01, 1.280756758703e-04, 8.8099e-01, 5.1000e-03, 
 2DIAGNOSTIC,    34, -4.611789318118e-01, 1.296899367877e-04, 8.8601e-01, 5.0240e-03, 
 2DIAGNOSTIC,    35, -4.615437611074e-01, 1.286771170846e-04, 8.9109e-01, 5.0771e-03, 
 2DIAGNOSTIC,    36, -4.621707762116e-01, 1.348358895634e-04, 8.9737e-01, 6.2790e-03, 
 2DIAGNOSTIC,    37, -4.629067138143e-01, 1.457509223684e-04, 9.0295e-01, 5.5819e-03, 
 2DIAGNOSTIC,    38, -4.631406479614e-01, 1.502029663099e-04, 9.0853e-01, 5.5819e-03, 
 2DIAGNOSTIC,    39, -4.635672453088e-01, 1.492565025516e-04, 9.1354e-01, 5.0042e-03, 
 2DIAGNOSTIC,    40, -4.640387389553e-01, 1.491032436353e-04, 9.1853e-01, 4.9951e-03, 
 2DIAGNOSTIC,    41, -4.650886681990e-01, 1.521180020325e-04, 9.2370e-01, 5.1711e-03, 
 2DIAGNOSTIC,    42, -4.684618076731e-01, 2.049496537284e-04, 9.3140e-01, 7.6971e-03, 
 2DIAGNOSTIC,    43, -4.698899534546e-01, 2.616071507735e-04, 9.3715e-01, 5.7449e-03, 
 2DIAGNOSTIC,    44, -4.704894039836e-01, 3.017091100981e-04, 9.4222e-01, 5.0769e-03, 
 2DIAGNOSTIC,    45, -4.707575529953e-01, 3.207260286209e-04, 9.4822e-01, 5.9950e-03, 
 2DIAGNOSTIC,    46, -4.709063106309e-01, 3.188196545126e-04, 9.5348e-01, 5.2640e-03, 
 2DIAGNOSTIC,    47, -4.718291543741e-01, 3.084910541558e-04, 9.5819e-01, 4.7081e-03, 
 2DIAGNOSTIC,    48, -4.737457269082e-01, 2.971750527643e-04, 9.6448e-01, 6.2878e-03, 
 2DIAGNOSTIC,    49, -4.748504449202e-01, 2.778904298636e-04, 9.6906e-01, 4.5860e-03, 
 2DIAGNOSTIC,    50, -4.752082661736e-01, 2.438937711345e-04, 9.7411e-01, 5.0449e-03, 
 2DIAGNOSTIC,    51, -4.756882875503e-01, 2.066072125587e-04, 9.7852e-01, 4.4160e-03, 
 2DIAGNOSTIC,    52, -4.762427138372e-01, 1.986422637959e-04, 9.8304e-01, 4.5121e-03, 
 2DIAGNOSTIC,    53, -4.777868495431e-01, 2.069841914213e-04, 9.8938e-01, 6.3460e-03, 
 2DIAGNOSTIC,    54, -4.793772724768e-01, 2.203783369698e-04, 9.9445e-01, 5.0681e-03, 
 2DIAGNOSTIC,    55, -4.798749047031e-01, 2.210917877342e-04, 9.9983e-01, 5.3821e-03, 
 2DIAGNOSTIC,    56, -4.808705976070e-01, 2.139294480040e-04, 1.0045e+00, 4.6692e-03, 
 2DIAGNOSTIC,    57, -4.827612817889e-01, 2.172078629590e-04, 1.0104e+00, 5.9400e-03, 
 2DIAGNOSTIC,    58, -4.836391749085e-01, 2.290307311209e-04, 1.0174e+00, 6.9151e-03, 
 2DIAGNOSTIC,    59, -4.746056480514e-01, 1.336137270880e-04, 1.0275e+00, 1.0131e-02, 
 2DIAGNOSTIC,    60, -4.749712189764e-01, 3.950591919962e-05, 1.0321e+00, 4.6391e-03, 
DIAGNOSTIC,Iteration,metricValue,convergenceValue,ITERATION_TIME_INDEX,SINCE_LAST
 2DIAGNOSTIC,     1, -3.898459386522e-01, 1.797693134862e+308, 1.7072e+00, 6.7508e-01, 
 2DIAGNOSTIC,     2, -3.906393849206e-01, 1.797693134862e+308, 1.7412e+00, 3.3977e-02, 
 2DIAGNOSTIC,     3, -3.919368904752e-01, 1.797693134862e+308, 1.7722e+00, 3.0995e-02, 
 2DIAGNOSTIC,     4, -3.942041711153e-01, 1.797693134862e+308, 1.8020e+00, 2.9785e-02, 
 2DIAGNOSTIC,     5, -3.990057583402e-01, 1.797693134862e+308, 1.8319e+00, 2.9980e-02, 
 2DIAGNOSTIC,     6, -4.056525026253e-01, 1.797693134862e+308, 1.8619e+00, 2.9943e-02, 
 2DIAGNOSTIC,     7, -4.091700826909e-01, 1.797693134862e+308, 1.8916e+00, 2.9702e-02, 
 2DIAGNOSTIC,     8, -4.113581687268e-01, 1.797693134862e+308, 1.9257e+00, 3.4138e-02, 
 2DIAGNOSTIC,     9, -4.133179499399e-01, 1.797693134862e+308, 1.9558e+00, 3.0075e-02, 
 2DIAGNOSTIC,    10, -4.139968302831e-01, 4.647986118541e-03, 1.9895e+00, 3.3746e-02, 
 2DIAGNOSTIC,    11, -4.146780450440e-01, 4.046282518468e-03, 2.0197e+00, 3.0133e-02, 
 2DIAGNOSTIC,    12, -4.156345254348e-01, 3.287554344988e-03, 2.0504e+00, 3.0722e-02, 
 2DIAGNOSTIC,    13, -4.189290031295e-01, 2.600842971896e-03, 2.0915e+00, 4.1112e-02, 
 2DIAGNOSTIC,    14, -4.192562424947e-01, 1.903631589722e-03, 2.1261e+00, 3.4565e-02, 
 2DIAGNOSTIC,    15, -4.192842579258e-01, 1.349608686882e-03, 2.1571e+00, 3.1074e-02, 
 2DIAGNOSTIC,    16, -4.192928959182e-01, 1.033131836982e-03, 2.1882e+00, 3.1058e-02, 
 2DIAGNOSTIC,    17, -4.193315563740e-01, 8.034166585645e-04, 2.2157e+00, 2.7513e-02, 
 2DIAGNOSTIC,    18, -4.194531243643e-01, 6.112687847592e-04, 2.2437e+00, 2.7983e-02, 
 2DIAGNOSTIC,    19, -4.197377082510e-01, 4.647467812917e-04, 2.2771e+00, 3.3359e-02, 
 2DIAGNOSTIC,    20, -4.204298326546e-01, 3.390202939639e-04, 2.3112e+00, 3.4119e-02, 
 2DIAGNOSTIC,    21, -4.206710707508e-01, 2.246385174597e-04, 2.3403e+00, 2.9076e-02, 
 2DIAGNOSTIC,    22, -4.208202388462e-01, 1.321459159409e-04, 2.3773e+00, 3.7086e-02, 
 2DIAGNOSTIC,    23, -4.208784864897e-01, 1.362418479392e-04, 2.4103e+00, 3.2930e-02, 
 2DIAGNOSTIC,    24, -4.209382847858e-01, 1.383741897614e-04, 2.4434e+00, 3.3093e-02, 
 2DIAGNOSTIC,    25, -4.210510463786e-01, 1.310799229098e-04, 2.5000e+00, 5.6622e-02, 
 2DIAGNOSTIC,    26, -4.210738907605e-01, 1.128948511893e-04, 2.5273e+00, 2.7354e-02, 
 2DIAGNOSTIC,    27, -4.210848593800e-01, 8.707570590370e-05, 2.5579e+00, 3.0546e-02, 
 2DIAGNOSTIC,    28, -4.210797317284e-01, 5.800279370500e-05, 2.5854e+00, 2.7540e-02, 
 2DIAGNOSTIC,    29, -4.210822612039e-01, 3.204214620089e-05, 2.6167e+00, 3.1249e-02, 
 2DIAGNOSTIC,    30, -4.210843507598e-01, 2.066747391279e-05, 2.6439e+00, 2.7209e-02, 
 2DIAGNOSTIC,    31, -4.210797822610e-01, 1.334724490682e-05, 2.6748e+00, 3.0940e-02, 
 2DIAGNOSTIC,    32, -4.210746911126e-01, 8.433461953089e-06, 2.7030e+00, 2.8132e-02, 
 2DIAGNOSTIC,    33, -4.210696804671e-01, 4.228353500155e-06, 2.7341e+00, 3.1101e-02, 
 2DIAGNOSTIC,    34, -4.210706683399e-01, 1.134903304632e-06, 2.7653e+00, 3.1212e-02, 
DIAGNOSTIC,Iteration,metricValue,convergenceValue,ITERATION_TIME_INDEX,SINCE_LAST
 2DIAGNOSTIC,     1, -3.601259729008e-01, 1.797693134862e+308, 3.8115e+00, 1.0462e+00, 
 2DIAGNOSTIC,     2, -3.602715754934e-01, 1.797693134862e+308, 4.0375e+00, 2.2602e-01, 
 2DIAGNOSTIC,     3, -3.605065989055e-01, 1.797693134862e+308, 4.2621e+00, 2.2464e-01, 
 2DIAGNOSTIC,     4, -3.608221736627e-01, 1.797693134862e+308, 4.4870e+00, 2.2484e-01, 
 2DIAGNOSTIC,     5, -3.609380005605e-01, 1.797693134862e+308, 4.8943e+00, 4.0728e-01, 
 2DIAGNOSTIC,     6, -3.609379840006e-01, 1.797693134862e+308, 5.2050e+00, 3.1077e-01, 
 2DIAGNOSTIC,     7, -3.609387991881e-01, 1.797693134862e+308, 5.4922e+00, 2.8716e-01, 
 2DIAGNOSTIC,     8, -3.609374686882e-01, 1.797693134862e+308, 5.7573e+00, 2.6508e-01, 
 2DIAGNOSTIC,     9, -3.609367940434e-01, 1.797693134862e+308, 6.0389e+00, 2.8166e-01, 
 2DIAGNOSTIC,    10, -3.609372386586e-01, 1.410087409774e-04, 6.3010e+00, 2.6212e-01, 
 2DIAGNOSTIC,    11, -3.609369090127e-01, 8.324309474386e-05, 6.5392e+00, 2.3813e-01, 
 2DIAGNOSTIC,    12, -3.609367871494e-01, 3.738707249219e-05, 6.7950e+00, 2.5580e-01, 
 2DIAGNOSTIC,    13, -3.609370939819e-01, 9.250948282399e-06, 7.0365e+00, 2.4156e-01, 
 2DIAGNOSTIC,    14, -3.609368752439e-01, 2.075913598826e-06, 7.3072e+00, 2.7063e-01, 
 2DIAGNOSTIC,    15, -3.609367242313e-01, 1.950191421282e-06, 7.5740e+00, 2.6689e-01, 
 2DIAGNOSTIC,    16, -3.609372311097e-01, 1.878092673241e-06, 7.8351e+00, 2.6111e-01, 
 2DIAGNOSTIC,    17, -3.609362181853e-01, 1.816417502715e-06, 8.1570e+00, 3.2189e-01, 
 2DIAGNOSTIC,    18, -3.609363732413e-01, 1.717377798277e-06, 8.3779e+00, 2.2088e-01, 
 2DIAGNOSTIC,    19, -3.609353438587e-01, 1.561801962306e-06, 8.5835e+00, 2.0559e-01, 
 2DIAGNOSTIC,    20, -3.609358515438e-01, 1.470932843431e-06, 8.8631e+00, 2.7956e-01, 
 2DIAGNOSTIC,    21, -3.609361480621e-01, 1.397721494122e-06, 9.0812e+00, 2.1812e-01, 
 2DIAGNOSTIC,    22, -3.609345541239e-01, 1.280046690255e-06, 9.3037e+00, 2.2256e-01, 
 2DIAGNOSTIC,    23, -3.609332181072e-01, 1.155493227371e-06, 9.5240e+00, 2.2023e-01, 
 2DIAGNOSTIC,    24, -3.609339081519e-01, 1.079218789245e-06, 9.8225e+00, 2.9854e-01, 
 2DIAGNOSTIC,    25, -3.609334239138e-01, 1.009288598156e-06, 1.0084e+01, 2.6130e-01, 
DIAGNOSTIC,Iteration,metricValue,convergenceValue,ITERATION_TIME_INDEX,SINCE_LAST
 2DIAGNOSTIC,     1, -3.312714793410e-01, 1.797693134862e+308, 1.2486e+01, 2.4017e+00, 
 2DIAGNOSTIC,     2, -3.314538051266e-01, 1.797693134862e+308, 1.3927e+01, 1.4419e+00, 
 2DIAGNOSTIC,     3, -3.316912132887e-01, 1.797693134862e+308, 1.5578e+01, 1.6510e+00, 
 2DIAGNOSTIC,     4, -3.319227373051e-01, 1.797693134862e+308, 1.6865e+01, 1.2869e+00, 
 2DIAGNOSTIC,     5, -3.320378742679e-01, 1.797693134862e+308, 1.8387e+01, 1.5216e+00, 
 2DIAGNOSTIC,     6, -3.321000412121e-01, 1.797693134862e+308, 1.9869e+01, 1.4822e+00, 
 2DIAGNOSTIC,     7, -3.321145327329e-01, 1.797693134862e+308, 2.1165e+01, 1.2957e+00, 
 2DIAGNOSTIC,     8, -3.322225034669e-01, 1.797693134862e+308, 2.2539e+01, 1.3747e+00, 
 2DIAGNOSTIC,     9, -3.325621510187e-01, 1.797693134862e+308, 2.4175e+01, 1.6353e+00, 
 2DIAGNOSTIC,    10, -3.326709932098e-01, 2.463471388979e-04, 2.7069e+01, 2.8947e+00, 
 2DIAGNOSTIC,    11, -3.326708767840e-01, 2.060144414105e-04, 2.8818e+01, 1.7490e+00, 
 2DIAGNOSTIC,    12, -3.326709191532e-01, 1.674835518549e-04, 3.0507e+01, 1.6890e+00, 
 2DIAGNOSTIC,    13, -3.326708770805e-01, 1.352622130617e-04, 3.1996e+01, 1.4882e+00, 
 2DIAGNOSTIC,    14, -3.326708682481e-01, 1.091954292482e-04, 3.3706e+01, 1.7104e+00, 
 2DIAGNOSTIC,    15, -3.326708316545e-01, 8.324419214840e-05, 3.5369e+01, 1.6629e+00, 
 2DIAGNOSTIC,    16, -3.326707098697e-01, 5.674151581517e-05, 3.6975e+01, 1.6060e+00, 
 2DIAGNOSTIC,    17, -3.326705772476e-01, 2.918257909761e-05, 3.8465e+01, 1.4901e+00, 
 2DIAGNOSTIC,    18, -3.326705835861e-01, 6.896581573469e-06, 3.9772e+01, 1.3071e+00, 
 2DIAGNOSTIC,    19, -3.326705243999e-01, 1.628748997687e-06, 4.1048e+01, 1.2757e+00, 
 2DIAGNOSTIC,    20, -3.326704722986e-01, 1.544568500586e-06, 4.2498e+01, 1.4501e+00, 
 2DIAGNOSTIC,    21, -3.326704973231e-01, 1.469186907146e-06, 4.3933e+01, 1.4352e+00, 
 2DIAGNOSTIC,    22, -3.326703170245e-01, 1.399726945232e-06, 4.5384e+01, 1.4510e+00, 
 2DIAGNOSTIC,    23, -3.326702203082e-01, 1.335709480230e-06, 4.6865e+01, 1.4809e+00, 
 2DIAGNOSTIC,    24, -3.326700540756e-01, 1.275329345664e-06, 4.8449e+01, 1.5842e+00, 
 2DIAGNOSTIC,    25, -3.326700085608e-01, 1.221906983567e-06, 4.9934e+01, 1.4848e+00, 
 2DIAGNOSTIC,    26, -3.326699544091e-01, 1.171691946994e-06, 5.1389e+01, 1.4549e+00, 
 2DIAGNOSTIC,    27, -3.326698375555e-01, 1.122259684273e-06, 5.2807e+01, 1.4184e+00, 
 2DIAGNOSTIC,    28, -3.326698001229e-01, 1.080958996966e-06, 5.4126e+01, 1.3189e+00, 
 2DIAGNOSTIC,    29, -3.326698547568e-01, 1.047684141359e-06, 5.5641e+01, 1.5147e+00, 
 2DIAGNOSTIC,    30, -3.326700717460e-01, 1.025858405834e-06, 5.7227e+01, 1.5857e+00, 
 2DIAGNOSTIC,    31, -3.326700928834e-01, 1.009952513092e-06, 5.8716e+01, 1.4892e+00, 
  Elapsed time (stage 0): 5.9505e+01


Total elapsed time: 5.9507e+01
Info [verificarlo]: loaded backend libinterflop_ieee.so
Info [interflop-ieee]: load backend with:
Info [interflop-ieee]: debug = false
Info [interflop-ieee]: debug-binary = false
Info [interflop-ieee]: no-backend-name = false
Info [interflop-ieee]: print-new-line = false
Info [interflop-ieee]: print-subnormal-normalized = false
Info [interflop-ieee]: count-op = false
All_Command_lines_OK
Using double precision for computations.
=============================================================================
The composite transform comprises the following transforms (in order): 
  1. /home/mdugre/scratch/mri-registration-rp/datasets/ds004513/derivatives/mri-registration-rp/0001/antsRegistration-r7-p13/sub-s020/rigid_Composite.h5[0] (type = Euler3DTransform)
  2. /home/mdugre/scratch/mri-registration-rp/datasets/ds004513/derivatives/mri-registration-rp/0001/antsRegistration-r7-p13/sub-s020/rigid_Composite.h5[1] (type = Euler3DTransform)
  3. /home/mdugre/scratch/mri-registration-rp/datasets/ds004513/derivatives/mri-registration-rp/0001/antsRegistration-r7-p13/sub-s020/rigid_Composite.h5[2] (type = Euler3DTransform)
=============================================================================
  number of levels = 4
  fixed image: /templateflow/tpl-MNI152NLin2009cAsym/tpl-MNI152NLin2009cAsym_res-01_desc-brain_T1w.nii.gz
  moving image: /home/mdugre/scratch/mri-registration-rp/datasets/ds004513/derivatives/mri-registration-rp/antsBrainExtraction/sub-s020/BrainExtractionBrain.nii.gz
Dimension = 3
Number of stages = 1
Use histogram matching = false
Winsorize image intensities = true
  Lower quantile = 0.005
  Upper quantile = 0.995


Stage 1 State
   Image metric = MattesMI
     Fixed image = Image (0x3df67e0)
  RTTI typeinfo:   itk::Image<double, 3u>
  Reference Count: 2
  Modified Time: 1594
  Debug: Off
  Object Name: 
  Observers: 
    none
  Source: (none)
  Source output name: (none)
  Release Data: Off
  Data Released: False
  Global Release Data: Off
  PipelineMTime: 0
  UpdateMTime: 1203
  RealTimeStamp: 0 seconds 
  LargestPossibleRegion: 
    Dimension: 3
    Index: [0, 0, 0]
    Size: [193, 229, 193]
  BufferedRegion: 
    Dimension: 3
    Index: [0, 0, 0]
    Size: [193, 229, 193]
  RequestedRegion: 
    Dimension: 3
    Index: [0, 0, 0]
    Size: [193, 229, 193]
  Spacing: [1, 1, 1]
  Origin: [96, 132, -78]
  Direction: 
-1 0 0
0 -1 0
0 0 1

  IndexToPointMatrix: 
-1 0 0
0 -1 0
0 0 1

  PointToIndexMatrix: 
-1 0 0
0 -1 0
0 0 1

  Inverse Direction: 
-1 0 0
0 -1 0
0 0 1

  PixelContainer: 
    ImportImageContainer (0x3eb6a20)
      RTTI typeinfo:   itk::ImportImageContainer<unsigned long, double>
      Reference Count: 1
      Modified Time: 1200
      Debug: Off
      Object Name: 
      Observers: 
        none
      Pointer: 0x14f8004b3010
      Container manages memory: true
      Size: 8530021
      Capacity: 8530021

     Moving image = Image (0x3eb1d70)
  RTTI typeinfo:   itk::Image<double, 3u>
  Reference Count: 2
  Modified Time: 1595
  Debug: Off
  Object Name: 
  Observers: 
    none
  Source: (none)
  Source output name: (none)
  Release Data: Off
  Data Released: False
  Global Release Data: Off
  PipelineMTime: 0
  UpdateMTime: 1592
  RealTimeStamp: 0 seconds 
  LargestPossibleRegion: 
    Dimension: 3
    Index: [0, 0, 0]
    Size: [160, 240, 256]
  BufferedRegion: 
    Dimension: 3
    Index: [0, 0, 0]
    Size: [160, 240, 256]
  RequestedRegion: 
    Dimension: 3
    Index: [0, 0, 0]
    Size: [160, 240, 256]
  Spacing: [0.999995, 1, 1]
  Origin: [87.0906, 98.7205, -152.377]
  Direction: 
-0.996975 0.0261379 -0.0731913
-0.0260677 -0.999658 -0.00191374
-0.0732163 -2.46403e-08 0.997316

  IndexToPointMatrix: 
-0.996971 0.0261379 -0.0731913
-0.0260676 -0.999658 -0.00191374
-0.0732159 -2.46403e-08 0.997316

  PointToIndexMatrix: 
-0.99698 -0.0260679 -0.0732166
0.0261379 -0.999658 -2.46993e-08
-0.0731913 -0.00191374 0.997316

  Inverse Direction: 
-0.996975 -0.0260677 -0.0732163
0.0261379 -0.999658 -2.46993e-08
-0.0731913 -0.00191374 0.997316

  PixelContainer: 
    ImportImageContainer (0x3e69c90)
      RTTI typeinfo:   itk::ImportImageContainer<unsigned long, double>
      Reference Count: 1
      Modified Time: 1589
      Debug: Off
      Object Name: 
      Observers: 
        none
      Pointer: 0x14f7fb9b2010
      Container manages memory: true
      Size: 9830400
      Capacity: 9830400

     Weighting = 1
     Sampling strategy = regular
     Number of bins = 32
     Radius = 4
     Sampling percentage  = 0.25
   Transform = Affine
     Gradient step = 0.1
     Update field sigma (voxel space) = 0
     Total field sigma (voxel space) = 0
     Update field time sigma = 0
     Total field time sigma  = 0
     Number of time indices = 0
     Number of time point samples = 0
Registration using 1 total stages.

Stage 0
  iterations = 1000x500x250x100
  convergence threshold = 1e-06
  convergence window size = 10
  number of levels = 4
  using the Mattes MI metric (number of bins = 32, weight = 1, use gradient filter = 0)
  preprocessing:  winsorizing the image intensities
  Shrink factors (level 1 out of 4): [8, 8, 8]
  Shrink factors (level 2 out of 4): [4, 4, 4]
  Shrink factors (level 3 out of 4): [2, 2, 2]
  Shrink factors (level 4 out of 4): [1, 1, 1]
  smoothing sigmas per level: [3, 2, 1, 0]
  regular sampling (percentage = 0.25)

*** Running AffineTransform registration ***

DIAGNOSTIC,Iteration,metricValue,convergenceValue,ITERATION_TIME_INDEX,SINCE_LAST
 2DIAGNOSTIC,     1, -5.137663431635e-01, 1.797693134862e+308, 8.0465e-01, 8.0465e-01, 
 2DIAGNOSTIC,     2, -5.152457438378e-01, 1.797693134862e+308, 8.1029e-01, 5.6441e-03, 
 2DIAGNOSTIC,     3, -5.178820351538e-01, 1.797693134862e+308, 8.1566e-01, 5.3720e-03, 
 2DIAGNOSTIC,     4, -5.229049136356e-01, 1.797693134862e+308, 8.2096e-01, 5.2919e-03, 
 2DIAGNOSTIC,     5, -5.375453488430e-01, 1.797693134862e+308, 8.2625e-01, 5.2981e-03, 
 2DIAGNOSTIC,     6, -6.009395335198e-01, 1.797693134862e+308, 8.3262e-01, 6.3632e-03, 
 2DIAGNOSTIC,     7, -6.856860327690e-01, 1.797693134862e+308, 8.3860e-01, 5.9860e-03, 
 2DIAGNOSTIC,     8, -7.125274738567e-01, 1.797693134862e+308, 8.4435e-01, 5.7509e-03, 
 2DIAGNOSTIC,     9, -7.599928324482e-01, 1.797693134862e+308, 8.5091e-01, 6.5582e-03, 
 2DIAGNOSTIC,    10, -7.758113296620e-01, 3.234581699585e-02, 8.5971e-01, 8.7960e-03, 
 2DIAGNOSTIC,    11, -7.793270057483e-01, 3.086322774119e-02, 8.6766e-01, 7.9510e-03, 
 2DIAGNOSTIC,    12, -7.842996714541e-01, 2.716306011354e-02, 8.7363e-01, 5.9760e-03, 
 2DIAGNOSTIC,    13, -8.027743532267e-01, 2.240237240829e-02, 8.7984e-01, 6.2079e-03, 
 2DIAGNOSTIC,    14, -8.251499920207e-01, 1.726602523683e-02, 8.8570e-01, 5.8560e-03, 
 2DIAGNOSTIC,    15, -8.373747306431e-01, 1.211733069060e-02, 8.9245e-01, 6.7470e-03, 
 2DIAGNOSTIC,    16, -8.406087883074e-01, 8.342486274499e-03, 8.9898e-01, 6.5322e-03, 
 2DIAGNOSTIC,    17, -8.435018412751e-01, 6.452606093011e-03, 9.0481e-01, 5.8351e-03, 
 2DIAGNOSTIC,    18, -8.517778353289e-01, 4.976748709272e-03, 9.1394e-01, 9.1250e-03, 
 2DIAGNOSTIC,    19, -8.522821631735e-01, 4.215259604563e-03, 9.2021e-01, 6.2771e-03, 
 2DIAGNOSTIC,    20, -8.524059179180e-01, 3.472234371657e-03, 9.2684e-01, 6.6211e-03, 
 2DIAGNOSTIC,    21, -8.525200134622e-01, 2.568034927362e-03, 9.3253e-01, 5.6951e-03, 
 2DIAGNOSTIC,    22, -8.530885171399e-01, 1.616828552646e-03, 9.3864e-01, 6.1049e-03, 
 2DIAGNOSTIC,    23, -8.534777744795e-01, 9.169473322670e-04, 9.4434e-01, 5.7039e-03, 
 2DIAGNOSTIC,    24, -8.551990408841e-01, 5.781177676110e-04, 9.5039e-01, 6.0539e-03, 
 2DIAGNOSTIC,    25, -8.566149991799e-01, 4.245537751457e-04, 9.5698e-01, 6.5832e-03, 
 2DIAGNOSTIC,    26, -8.570590066724e-01, 2.984791304340e-04, 9.6588e-01, 8.8999e-03, 
 2DIAGNOSTIC,    27, -8.570338510511e-01, 1.922199625301e-04, 9.7268e-01, 6.8049e-03, 
 2DIAGNOSTIC,    28, -8.569739973404e-01, 1.865183651827e-04, 9.7886e-01, 6.1781e-03, 
 2DIAGNOSTIC,    29, -8.567829317304e-01, 1.676121833538e-04, 9.8510e-01, 6.2430e-03, 
 2DIAGNOSTIC,    30, -8.570258506230e-01, 1.387652948517e-04, 9.9208e-01, 6.9790e-03, 
 2DIAGNOSTIC,    31, -8.574285661111e-01, 1.051065456734e-04, 1.0004e+00, 8.3411e-03, 
 2DIAGNOSTIC,    32, -8.573246252438e-01, 6.954997538959e-05, 1.0067e+00, 6.3081e-03, 
 2DIAGNOSTIC,    33, -8.570759473632e-01, 3.134777195271e-05, 1.0129e+00, 6.1600e-03, 
 2DIAGNOSTIC,    34, -8.568256608129e-01, 8.375887734453e-06, 1.0204e+00, 7.5512e-03, 
DIAGNOSTIC,Iteration,metricValue,convergenceValue,ITERATION_TIME_INDEX,SINCE_LAST
 2DIAGNOSTIC,     1, -7.171452308039e-01, 1.797693134862e+308, 1.8421e+00, 8.2164e-01, 
 2DIAGNOSTIC,     2, -7.180264847926e-01, 1.797693134862e+308, 1.8834e+00, 4.1346e-02, 
 2DIAGNOSTIC,     3, -7.184479881608e-01, 1.797693134862e+308, 1.9309e+00, 4.7427e-02, 
 2DIAGNOSTIC,     4, -7.184096080280e-01, 1.797693134862e+308, 1.9710e+00, 4.0141e-02, 
 2DIAGNOSTIC,     5, -7.184130936378e-01, 1.797693134862e+308, 2.0153e+00, 4.4318e-02, 
 2DIAGNOSTIC,     6, -7.184246609078e-01, 1.797693134862e+308, 2.0532e+00, 3.7854e-02, 
 2DIAGNOSTIC,     7, -7.183997904975e-01, 1.797693134862e+308, 2.1125e+00, 5.9300e-02, 
 2DIAGNOSTIC,     8, -7.184264401855e-01, 1.797693134862e+308, 2.1628e+00, 5.0295e-02, 
 2DIAGNOSTIC,     9, -7.184205063285e-01, 1.797693134862e+308, 2.2058e+00, 4.3068e-02, 
 2DIAGNOSTIC,    10, -7.183856005161e-01, 6.517774267130e-05, 2.2454e+00, 3.9562e-02, 
 2DIAGNOSTIC,    11, -7.183934651391e-01, 1.448457386793e-05, 2.2887e+00, 4.3285e-02, 
DIAGNOSTIC,Iteration,metricValue,convergenceValue,ITERATION_TIME_INDEX,SINCE_LAST
 2DIAGNOSTIC,     1, -5.957078722882e-01, 1.797693134862e+308, 3.4489e+00, 1.1602e+00, 
 2DIAGNOSTIC,     2, -5.959946844866e-01, 1.797693134862e+308, 3.7280e+00, 2.7914e-01, 
 2DIAGNOSTIC,     3, -5.962306062199e-01, 1.797693134862e+308, 3.9996e+00, 2.7155e-01, 
 2DIAGNOSTIC,     4, -5.964542269861e-01, 1.797693134862e+308, 4.3046e+00, 3.0508e-01, 
 2DIAGNOSTIC,     5, -5.968236609226e-01, 1.797693134862e+308, 4.8030e+00, 4.9839e-01, 
 2DIAGNOSTIC,     6, -5.968323938549e-01, 1.797693134862e+308, 5.1120e+00, 3.0899e-01, 
 2DIAGNOSTIC,     7, -5.968383541405e-01, 1.797693134862e+308, 5.4488e+00, 3.3676e-01, 
 2DIAGNOSTIC,     8, -5.968462889459e-01, 1.797693134862e+308, 5.8249e+00, 3.7610e-01, 
 2DIAGNOSTIC,     9, -5.968597708856e-01, 1.797693134862e+308, 6.2024e+00, 3.7751e-01, 
 2DIAGNOSTIC,    10, -5.968650116063e-01, 1.235230985828e-04, 6.5705e+00, 3.6810e-01, 
 2DIAGNOSTIC,    11, -5.969058746407e-01, 7.919115656939e-05, 6.8897e+00, 3.1920e-01, 
 2DIAGNOSTIC,    12, -5.969572686981e-01, 4.887251051122e-05, 7.1885e+00, 2.9882e-01, 
 2DIAGNOSTIC,    13, -5.970115273503e-01, 2.957354377060e-05, 7.4762e+00, 2.8774e-01, 
 2DIAGNOSTIC,    14, -5.970584431085e-01, 1.940186346099e-05, 7.7637e+00, 2.8750e-01, 
 2DIAGNOSTIC,    15, -5.971186055668e-01, 2.265852821767e-05, 8.0244e+00, 2.6068e-01, 
 2DIAGNOSTIC,    16, -5.971727740984e-01, 2.546627115438e-05, 8.3279e+00, 3.0346e-01, 
 2DIAGNOSTIC,    17, -5.971747400903e-01, 2.596887498671e-05, 8.6327e+00, 3.0483e-01, 
 2DIAGNOSTIC,    18, -5.971959648133e-01, 2.497784172019e-05, 9.1479e+00, 5.1516e-01, 
 2DIAGNOSTIC,    19, -5.971980755511e-01, 2.233781246748e-05, 9.4951e+00, 3.4725e-01, 
 2DIAGNOSTIC,    20, -5.971957258216e-01, 1.809092002458e-05, 9.7981e+00, 3.0297e-01, 
 2DIAGNOSTIC,    21, -5.971962125861e-01, 1.363207235196e-05, 1.0122e+01, 3.2357e-01, 
 2DIAGNOSTIC,    22, -5.971954304788e-01, 9.535785148493e-06, 1.0541e+01, 4.1967e-01, 
 2DIAGNOSTIC,    23, -5.971945523338e-01, 6.141729583527e-06, 1.0898e+01, 3.5710e-01, 
 2DIAGNOSTIC,    24, -5.971935363349e-01, 3.473024427748e-06, 1.1220e+01, 3.2162e-01, 
 2DIAGNOSTIC,    25, -5.971926728121e-01, 1.923859134376e-06, 1.1645e+01, 4.2484e-01, 
 2DIAGNOSTIC,    26, -5.971919822788e-01, 1.416365314012e-06, 1.1987e+01, 3.4173e-01, 
DIAGNOSTIC,Iteration,metricValue,convergenceValue,ITERATION_TIME_INDEX,SINCE_LAST
 2DIAGNOSTIC,     1, -5.294842414059e-01, 1.797693134862e+308, 1.5105e+01, 3.1182e+00, 
 2DIAGNOSTIC,     2, -5.297958190664e-01, 1.797693134862e+308, 1.7081e+01, 1.9761e+00, 
 2DIAGNOSTIC,     3, -5.300900062610e-01, 1.797693134862e+308, 1.8824e+01, 1.7431e+00, 
 2DIAGNOSTIC,     4, -5.304266463604e-01, 1.797693134862e+308, 2.0763e+01, 1.9389e+00, 
 2DIAGNOSTIC,     5, -5.315663056846e-01, 1.797693134862e+308, 2.3562e+01, 2.7988e+00, 
 2DIAGNOSTIC,     6, -5.316269515391e-01, 1.797693134862e+308, 2.7076e+01, 3.5139e+00, 
 2DIAGNOSTIC,     7, -5.316275542640e-01, 1.797693134862e+308, 2.9598e+01, 2.5226e+00, 
 2DIAGNOSTIC,     8, -5.316275783167e-01, 1.797693134862e+308, 3.1912e+01, 2.3139e+00, 
 2DIAGNOSTIC,     9, -5.316275181057e-01, 1.797693134862e+308, 3.3829e+01, 1.9174e+00, 
 2DIAGNOSTIC,    10, -5.316274330035e-01, 2.918907634716e-04, 3.5754e+01, 1.9242e+00, 
 2DIAGNOSTIC,    11, -5.316272013413e-01, 1.997801548894e-04, 3.7889e+01, 2.1353e+00, 
 2DIAGNOSTIC,    12, -5.316271126731e-01, 1.199009007680e-04, 3.9628e+01, 1.7394e+00, 
 2DIAGNOSTIC,    13, -5.316270528816e-01, 5.405350836152e-05, 4.1553e+01, 1.9248e+00, 
 2DIAGNOSTIC,    14, -5.316270985312e-01, 4.582029113659e-06, 4.3273e+01, 1.7199e+00, 
 2DIAGNOSTIC,    15, -5.316267842886e-01, 2.081020528150e-06, 4.5262e+01, 1.9886e+00, 
 2DIAGNOSTIC,    16, -5.316268614774e-01, 1.927068881510e-06, 4.7472e+01, 2.2105e+00, 
 2DIAGNOSTIC,    17, -5.316267660995e-01, 1.812803721711e-06, 4.9591e+01, 2.1190e+00, 
 2DIAGNOSTIC,    18, -5.316266707102e-01, 1.714544772345e-06, 5.1538e+01, 1.9465e+00, 
 2DIAGNOSTIC,    19, -5.316265711755e-01, 1.627182124757e-06, 5.3522e+01, 1.9839e+00, 
 2DIAGNOSTIC,    20, -5.316263625298e-01, 1.545434658495e-06, 5.5503e+01, 1.9817e+00, 
 2DIAGNOSTIC,    21, -5.316264509630e-01, 1.472274121589e-06, 5.7575e+01, 2.0714e+00, 
 2DIAGNOSTIC,    22, -5.316265289187e-01, 1.409369337325e-06, 5.9482e+01, 1.9076e+00, 
 2DIAGNOSTIC,    23, -5.316262486563e-01, 1.347384985022e-06, 6.1375e+01, 1.8927e+00, 
 2DIAGNOSTIC,    24, -5.316261463068e-01, 1.293200624669e-06, 6.3227e+01, 1.8525e+00, 
 2DIAGNOSTIC,    25, -5.316262840928e-01, 1.242657004075e-06, 6.5395e+01, 2.1678e+00, 
 2DIAGNOSTIC,    26, -5.316262605961e-01, 1.199744016869e-06, 6.7492e+01, 2.0967e+00, 
 2DIAGNOSTIC,    27, -5.316262370158e-01, 1.159909258967e-06, 6.9463e+01, 1.9707e+00, 
 2DIAGNOSTIC,    28, -5.316261284347e-01, 1.120973840418e-06, 7.1639e+01, 2.1759e+00, 
 2DIAGNOSTIC,    29, -5.316260195930e-01, 1.082596270886e-06, 7.3800e+01, 2.1613e+00, 
 2DIAGNOSTIC,    30, -5.316259396148e-01, 1.042912561949e-06, 7.5886e+01, 2.0864e+00, 
 2DIAGNOSTIC,    31, -5.316257954392e-01, 1.006379908283e-06, 7.7717e+01, 1.8309e+00, 
  Elapsed time (stage 0): 7.8925e+01


Total elapsed time: 7.8927e+01
Info [verificarlo]: loaded backend libinterflop_vprec.so
Info [interflop-vprec]: load backend with: 
Info [interflop-vprec]: precision-binary32 = 13
Info [interflop-vprec]: range-binary32 = 7
Info [interflop-vprec]: precision-binary64 = 13
Info [interflop-vprec]: range-binary64 = 7
Info [interflop-vprec]: mode = ob
Info [interflop-vprec]: error-mode = rel
Info [interflop-vprec]: max-abs-error-exponent = -1022
Info [interflop-vprec]: daz = false
Info [interflop-vprec]: ftz = false
Info [interflop-vprec]: 	instrument = none
