
##########################
# Experiment information #
##########################

EXPERIMENT_NAME: antsRegistration-r7-p17
VFC_BACKENDS: libinterflop_vprec.so --range-binary32=7 --precision-binary32=17 --range-binary64=7 --precision-binary64=17

SIF_IMG: /home/mdugre/projects/rrg-glatard/mdugre/containers/ants-vprec-no_metrics.simg

SUBJECT_ID: s020
INPUT_IMG: /home/mdugre/scratch/mri-registration-rp/datasets/ds004513/derivatives/mri-registration-rp/antsBrainExtraction/sub-s020/BrainExtractionBrain.nii.gz
OUTPUT_DIR: /home/mdugre/scratch/mri-registration-rp/datasets/ds004513/derivatives/mri-registration-rp/0001/antsRegistration-r7-p17/sub-s020

FIXED_IMG: /templateflow/tpl-MNI152NLin2009cAsym/tpl-MNI152NLin2009cAsym_res-01_desc-brain_T1w.nii.gz
DATA_DIR: /home/mdugre/scratch/mri-registration-rp/datasets/ds004513
TEMPLATEFLOW_DIR: /home/mdugre/projects/rrg-glatard/mdugre/templateflow
ITK_GLOBAL_DEFAULT_NUMBER_OF_THREADS: 16
##########################

Info [verificarlo]: loaded backend libinterflop_ieee.so
Info [interflop-ieee]: load backend with:
Info [interflop-ieee]: debug = false
Info [interflop-ieee]: debug-binary = false
Info [interflop-ieee]: no-backend-name = false
Info [interflop-ieee]: print-new-line = false
Info [interflop-ieee]: print-subnormal-normalized = false
Info [interflop-ieee]: count-op = false
All_Command_lines_OK
Using double precision for computations.
=============================================================================
The composite transform comprises the following transforms (in order): 
  1. Center of mass alignment using fixed image: /templateflow/tpl-MNI152NLin2009cAsym/tpl-MNI152NLin2009cAsym_res-01_desc-brain_T1w.nii.gz and moving image: /home/mdugre/scratch/mri-registration-rp/datasets/ds004513/derivatives/mri-registration-rp/antsBrainExtraction/sub-s020/BrainExtractionBrain.nii.gz (type = Euler3DTransform)
=============================================================================
  number of levels = 1
  fixed image: /templateflow/tpl-MNI152NLin2009cAsym/tpl-MNI152NLin2009cAsym_res-01_desc-brain_T1w.nii.gz
  moving image: /home/mdugre/scratch/mri-registration-rp/datasets/ds004513/derivatives/mri-registration-rp/antsBrainExtraction/sub-s020/BrainExtractionBrain.nii.gz
Dimension = 3
Number of stages = 1
Use histogram matching = false
Winsorize image intensities = true
  Lower quantile = 0.005
  Upper quantile = 0.995


Stage 1 State
   Image metric = MattesMI
     Fixed image = Image (0x4827e70)
  RTTI typeinfo:   itk::Image<double, 3u>
  Reference Count: 2
  Modified Time: 2334
  Debug: Off
  Object Name: 
  Observers: 
    none
  Source: (none)
  Source output name: (none)
  Release Data: Off
  Data Released: False
  Global Release Data: Off
  PipelineMTime: 0
  UpdateMTime: 1943
  RealTimeStamp: 0 seconds 
  LargestPossibleRegion: 
    Dimension: 3
    Index: [0, 0, 0]
    Size: [193, 229, 193]
  BufferedRegion: 
    Dimension: 3
    Index: [0, 0, 0]
    Size: [193, 229, 193]
  RequestedRegion: 
    Dimension: 3
    Index: [0, 0, 0]
    Size: [193, 229, 193]
  Spacing: [1, 1, 1]
  Origin: [96, 132, -78]
  Direction: 
-1 0 0
0 -1 0
0 0 1

  IndexToPointMatrix: 
-1 0 0
0 -1 0
0 0 1

  PointToIndexMatrix: 
-1 0 0
0 -1 0
0 0 1

  Inverse Direction: 
-1 0 0
0 -1 0
0 0 1

  PixelContainer: 
    ImportImageContainer (0x4830c60)
      RTTI typeinfo:   itk::ImportImageContainer<unsigned long, double>
      Reference Count: 1
      Modified Time: 1940
      Debug: Off
      Object Name: 
      Observers: 
        none
      Pointer: 0x15228b3bc010
      Container manages memory: true
      Size: 8530021
      Capacity: 8530021

     Moving image = Image (0x4833610)
  RTTI typeinfo:   itk::Image<double, 3u>
  Reference Count: 2
  Modified Time: 2335
  Debug: Off
  Object Name: 
  Observers: 
    none
  Source: (none)
  Source output name: (none)
  Release Data: Off
  Data Released: False
  Global Release Data: Off
  PipelineMTime: 0
  UpdateMTime: 2332
  RealTimeStamp: 0 seconds 
  LargestPossibleRegion: 
    Dimension: 3
    Index: [0, 0, 0]
    Size: [160, 240, 256]
  BufferedRegion: 
    Dimension: 3
    Index: [0, 0, 0]
    Size: [160, 240, 256]
  RequestedRegion: 
    Dimension: 3
    Index: [0, 0, 0]
    Size: [160, 240, 256]
  Spacing: [0.999995, 1, 1]
  Origin: [87.0906, 98.7205, -152.377]
  Direction: 
-0.996975 0.0261379 -0.0731913
-0.0260677 -0.999658 -0.00191374
-0.0732163 -2.46403e-08 0.997316

  IndexToPointMatrix: 
-0.996971 0.0261379 -0.0731913
-0.0260676 -0.999658 -0.00191374
-0.0732159 -2.46403e-08 0.997316

  PointToIndexMatrix: 
-0.99698 -0.0260679 -0.0732166
0.0261379 -0.999658 -2.46993e-08
-0.0731913 -0.00191374 0.997316

  Inverse Direction: 
-0.996975 -0.0260677 -0.0732163
0.0261379 -0.999658 -2.46993e-08
-0.0731913 -0.00191374 0.997316

  PixelContainer: 
    ImportImageContainer (0x48ccef0)
      RTTI typeinfo:   itk::ImportImageContainer<unsigned long, double>
      Reference Count: 1
      Modified Time: 2329
      Debug: Off
      Object Name: 
      Observers: 
        none
      Pointer: 0x1522868bb010
      Container manages memory: true
      Size: 9830400
      Capacity: 9830400

     Weighting = 1
     Sampling strategy = regular
     Number of bins = 32
     Radius = 4
     Sampling percentage  = 0.25
   Transform = Rigid
     Gradient step = 0.1
     Update field sigma (voxel space) = 0
     Total field sigma (voxel space) = 0
     Update field time sigma = 0
     Total field time sigma  = 0
     Number of time indices = 0
     Number of time point samples = 0
Registration using 1 total stages.

Stage 0
  iterations = 0
  convergence threshold = 1e-06
  convergence window size = 10
  number of levels = 1
  using the Mattes MI metric (number of bins = 32, weight = 1, use gradient filter = 0)
  preprocessing:  winsorizing the image intensities
  Shrink factors (level 1 out of 1): [1, 1, 1]
  smoothing sigmas per level: [0]
  regular sampling (percentage = 0.25)

*** Running Euler3DTransform registration ***

  Elapsed time (stage 0): 1.11159


Total elapsed time: 1.11364
Info [verificarlo]: loaded backend libinterflop_ieee.so
Info [interflop-ieee]: load backend with:
Info [interflop-ieee]: debug = false
Info [interflop-ieee]: debug-binary = false
Info [interflop-ieee]: no-backend-name = false
Info [interflop-ieee]: print-new-line = false
Info [interflop-ieee]: print-subnormal-normalized = false
Info [interflop-ieee]: count-op = false
All_Command_lines_OK
Using double precision for computations.
=============================================================================
The composite transform comprises the following transforms (in order): 
  1. /home/mdugre/scratch/mri-registration-rp/datasets/ds004513/derivatives/mri-registration-rp/0001/antsRegistration-r7-p17/sub-s020/align_Composite.h5[0] (type = Euler3DTransform)
  2. /home/mdugre/scratch/mri-registration-rp/datasets/ds004513/derivatives/mri-registration-rp/0001/antsRegistration-r7-p17/sub-s020/align_Composite.h5[1] (type = Euler3DTransform)
=============================================================================
  number of levels = 4
  fixed image: /templateflow/tpl-MNI152NLin2009cAsym/tpl-MNI152NLin2009cAsym_res-01_desc-brain_T1w.nii.gz
  moving image: /home/mdugre/scratch/mri-registration-rp/datasets/ds004513/derivatives/mri-registration-rp/antsBrainExtraction/sub-s020/BrainExtractionBrain.nii.gz
Dimension = 3
Number of stages = 1
Use histogram matching = false
Winsorize image intensities = true
  Lower quantile = 0.005
  Upper quantile = 0.995


Stage 1 State
   Image metric = MattesMI
     Fixed image = Image (0x32c8530)
  RTTI typeinfo:   itk::Image<double, 3u>
  Reference Count: 2
  Modified Time: 1580
  Debug: Off
  Object Name: 
  Observers: 
    none
  Source: (none)
  Source output name: (none)
  Release Data: Off
  Data Released: False
  Global Release Data: Off
  PipelineMTime: 0
  UpdateMTime: 1189
  RealTimeStamp: 0 seconds 
  LargestPossibleRegion: 
    Dimension: 3
    Index: [0, 0, 0]
    Size: [193, 229, 193]
  BufferedRegion: 
    Dimension: 3
    Index: [0, 0, 0]
    Size: [193, 229, 193]
  RequestedRegion: 
    Dimension: 3
    Index: [0, 0, 0]
    Size: [193, 229, 193]
  Spacing: [1, 1, 1]
  Origin: [96, 132, -78]
  Direction: 
-1 0 0
0 -1 0
0 0 1

  IndexToPointMatrix: 
-1 0 0
0 -1 0
0 0 1

  PointToIndexMatrix: 
-1 0 0
0 -1 0
0 0 1

  Inverse Direction: 
-1 0 0
0 -1 0
0 0 1

  PixelContainer: 
    ImportImageContainer (0x3386d60)
      RTTI typeinfo:   itk::ImportImageContainer<unsigned long, double>
      Reference Count: 1
      Modified Time: 1186
      Debug: Off
      Object Name: 
      Observers: 
        none
      Pointer: 0x14f2269c6010
      Container manages memory: true
      Size: 8530021
      Capacity: 8530021

     Moving image = Image (0x3378f60)
  RTTI typeinfo:   itk::Image<double, 3u>
  Reference Count: 2
  Modified Time: 1581
  Debug: Off
  Object Name: 
  Observers: 
    none
  Source: (none)
  Source output name: (none)
  Release Data: Off
  Data Released: False
  Global Release Data: Off
  PipelineMTime: 0
  UpdateMTime: 1578
  RealTimeStamp: 0 seconds 
  LargestPossibleRegion: 
    Dimension: 3
    Index: [0, 0, 0]
    Size: [160, 240, 256]
  BufferedRegion: 
    Dimension: 3
    Index: [0, 0, 0]
    Size: [160, 240, 256]
  RequestedRegion: 
    Dimension: 3
    Index: [0, 0, 0]
    Size: [160, 240, 256]
  Spacing: [0.999995, 1, 1]
  Origin: [87.0906, 98.7205, -152.377]
  Direction: 
-0.996975 0.0261379 -0.0731913
-0.0260677 -0.999658 -0.00191374
-0.0732163 -2.46403e-08 0.997316

  IndexToPointMatrix: 
-0.996971 0.0261379 -0.0731913
-0.0260676 -0.999658 -0.00191374
-0.0732159 -2.46403e-08 0.997316

  PointToIndexMatrix: 
-0.99698 -0.0260679 -0.0732166
0.0261379 -0.999658 -2.46993e-08
-0.0731913 -0.00191374 0.997316

  Inverse Direction: 
-0.996975 -0.0260677 -0.0732163
0.0261379 -0.999658 -2.46993e-08
-0.0731913 -0.00191374 0.997316

  PixelContainer: 
    ImportImageContainer (0x336a6d0)
      RTTI typeinfo:   itk::ImportImageContainer<unsigned long, double>
      Reference Count: 1
      Modified Time: 1575
      Debug: Off
      Object Name: 
      Observers: 
        none
      Pointer: 0x14f221ec5010
      Container manages memory: true
      Size: 9830400
      Capacity: 9830400

     Weighting = 1
     Sampling strategy = regular
     Number of bins = 32
     Radius = 4
     Sampling percentage  = 0.25
   Transform = Rigid
     Gradient step = 0.1
     Update field sigma (voxel space) = 0
     Total field sigma (voxel space) = 0
     Update field time sigma = 0
     Total field time sigma  = 0
     Number of time indices = 0
     Number of time point samples = 0
Registration using 1 total stages.

Stage 0
  iterations = 1000x500x250x100
  convergence threshold = 1e-06
  convergence window size = 10
  number of levels = 4
  using the Mattes MI metric (number of bins = 32, weight = 1, use gradient filter = 0)
  preprocessing:  winsorizing the image intensities
  Shrink factors (level 1 out of 4): [8, 8, 8]
  Shrink factors (level 2 out of 4): [4, 4, 4]
  Shrink factors (level 3 out of 4): [2, 2, 2]
  Shrink factors (level 4 out of 4): [1, 1, 1]
  smoothing sigmas per level: [3, 2, 1, 0]
  regular sampling (percentage = 0.25)

*** Running Euler3DTransform registration ***

DIAGNOSTIC,Iteration,metricValue,convergenceValue,ITERATION_TIME_INDEX,SINCE_LAST
 2DIAGNOSTIC,     1, -3.791273390751e-01, 1.797693134862e+308, 6.2633e-01, 6.2633e-01, 
 2DIAGNOSTIC,     2, -3.803606001643e-01, 1.797693134862e+308, 6.3026e-01, 3.9291e-03, 
 2DIAGNOSTIC,     3, -3.828962034719e-01, 1.797693134862e+308, 6.3412e-01, 3.8579e-03, 
 2DIAGNOSTIC,     4, -3.876122532015e-01, 1.797693134862e+308, 6.3763e-01, 3.5100e-03, 
 2DIAGNOSTIC,     5, -3.904935334081e-01, 1.797693134862e+308, 6.4154e-01, 3.9070e-03, 
 2DIAGNOSTIC,     6, -3.911039700181e-01, 1.797693134862e+308, 6.4488e-01, 3.3422e-03, 
 2DIAGNOSTIC,     7, -3.914905453856e-01, 1.797693134862e+308, 6.4825e-01, 3.3731e-03, 
 2DIAGNOSTIC,     8, -3.925629083064e-01, 1.797693134862e+308, 6.5161e-01, 3.3531e-03, 
 2DIAGNOSTIC,     9, -3.981570789235e-01, 1.797693134862e+308, 6.5514e-01, 3.5329e-03, 
 2DIAGNOSTIC,    10, -4.079218556696e-01, 3.866687266231e-03, 6.6007e-01, 4.9360e-03, 
 2DIAGNOSTIC,    11, -4.246779602407e-01, 4.904320352955e-03, 6.6469e-01, 4.6179e-03, 
 2DIAGNOSTIC,    12, -4.297045200929e-01, 5.673254149494e-03, 6.6876e-01, 4.0679e-03, 
 2DIAGNOSTIC,    13, -4.335692915496e-01, 6.156954111574e-03, 6.7337e-01, 4.6082e-03, 
 2DIAGNOSTIC,    14, -4.439932007398e-01, 6.764094567503e-03, 6.7747e-01, 4.1020e-03, 
 2DIAGNOSTIC,    15, -4.466217673116e-01, 6.904768044687e-03, 6.8210e-01, 4.6341e-03, 
 2DIAGNOSTIC,    16, -4.513528166467e-01, 6.619270356147e-03, 6.8625e-01, 4.1442e-03, 
 2DIAGNOSTIC,    17, -4.528511002784e-01, 5.844785642979e-03, 6.9078e-01, 4.5338e-03, 
 2DIAGNOSTIC,    18, -4.555717392077e-01, 4.777374807505e-03, 6.9671e-01, 5.9252e-03, 
 2DIAGNOSTIC,    19, -4.559551120856e-01, 3.601534629360e-03, 7.0068e-01, 3.9742e-03, 
 2DIAGNOSTIC,    20, -4.573565848973e-01, 2.586714496327e-03, 7.0659e-01, 5.9071e-03, 
 2DIAGNOSTIC,    21, -4.575247342191e-01, 1.982967864509e-03, 7.1075e-01, 4.1630e-03, 
 2DIAGNOSTIC,    22, -4.577282149424e-01, 1.415632978887e-03, 7.1574e-01, 4.9860e-03, 
 2DIAGNOSTIC,    23, -4.579446855820e-01, 8.825795079773e-04, 7.1970e-01, 3.9630e-03, 
 2DIAGNOSTIC,    24, -4.580222638239e-01, 6.077352207011e-04, 7.2369e-01, 3.9880e-03, 
 2DIAGNOSTIC,    25, -4.581756898820e-01, 3.715378381143e-04, 7.2766e-01, 3.9690e-03, 
 2DIAGNOSTIC,    26, -4.586249389829e-01, 2.524158790603e-04, 7.3163e-01, 3.9701e-03, 
 2DIAGNOSTIC,    27, -4.589298530184e-01, 1.618847512663e-04, 7.3756e-01, 5.9359e-03, 
 2DIAGNOSTIC,    28, -4.591737479095e-01, 1.333268352704e-04, 7.4162e-01, 4.0560e-03, 
 2DIAGNOSTIC,    29, -4.592822081548e-01, 1.048606643537e-04, 7.4607e-01, 4.4539e-03, 
 2DIAGNOSTIC,    30, -4.597221711977e-01, 1.091103895662e-04, 7.5168e-01, 5.6028e-03, 
 2DIAGNOSTIC,    31, -4.598059745965e-01, 1.078187616789e-04, 7.5570e-01, 4.0190e-03, 
 2DIAGNOSTIC,    32, -4.606642637784e-01, 1.181669672776e-04, 7.6018e-01, 4.4820e-03, 
 2DIAGNOSTIC,    33, -4.610330703962e-01, 1.280760872583e-04, 7.6426e-01, 4.0801e-03, 
 2DIAGNOSTIC,    34, -4.611743373427e-01, 1.295862959412e-04, 7.6827e-01, 4.0090e-03, 
 2DIAGNOSTIC,    35, -4.615365441414e-01, 1.284373715883e-04, 7.7242e-01, 4.1549e-03, 
 2DIAGNOSTIC,    36, -4.621701404926e-01, 1.346095461756e-04, 7.7833e-01, 5.9059e-03, 
 2DIAGNOSTIC,    37, -4.629368013110e-01, 1.460979717332e-04, 7.8247e-01, 4.1409e-03, 
 2DIAGNOSTIC,    38, -4.632891534981e-01, 1.530734499995e-04, 7.8658e-01, 4.1091e-03, 
 2DIAGNOSTIC,    39, -4.639364288458e-01, 1.578583897202e-04, 7.9084e-01, 4.2648e-03, 
 2DIAGNOSTIC,    40, -4.659610978522e-01, 1.873604215145e-04, 7.9581e-01, 4.9629e-03, 
 2DIAGNOSTIC,    41, -4.816251133464e-01, 4.442289981130e-04, 8.0223e-01, 6.4249e-03, 
 2DIAGNOSTIC,    42, -4.862996486992e-01, 7.235621624404e-04, 8.0646e-01, 4.2291e-03, 
 2DIAGNOSTIC,    43, -4.895262815193e-01, 9.745981154452e-04, 8.1065e-01, 4.1950e-03, 
 2DIAGNOSTIC,    44, -4.927719650450e-01, 1.172369300786e-03, 8.1559e-01, 4.9310e-03, 
 2DIAGNOSTIC,    45, -4.980143153998e-01, 1.326811325339e-03, 8.2181e-01, 6.2230e-03, 
 2DIAGNOSTIC,    46, -4.984079160462e-01, 1.356488918382e-03, 8.2616e-01, 4.3480e-03, 
 2DIAGNOSTIC,    47, -4.985982326417e-01, 1.268036075150e-03, 8.3033e-01, 4.1730e-03, 
 2DIAGNOSTIC,    48, -4.990109006907e-01, 1.076149860781e-03, 8.3443e-01, 4.1020e-03, 
 2DIAGNOSTIC,    49, -4.992112238764e-01, 8.026164772932e-04, 8.3908e-01, 4.6470e-03, 
 2DIAGNOSTIC,    50, -5.000109890675e-01, 4.946175215918e-04, 8.4378e-01, 4.6990e-03, 
 2DIAGNOSTIC,    51, -4.999993325973e-01, 3.450979850096e-04, 8.5225e-01, 8.4710e-03, 
 2DIAGNOSTIC,    52, -5.000510939355e-01, 2.265894823886e-04, 8.5682e-01, 4.5681e-03, 
 2DIAGNOSTIC,    53, -5.001949425139e-01, 1.310437363625e-04, 8.6094e-01, 4.1211e-03, 
 2DIAGNOSTIC,    54, -5.003916554912e-01, 6.504265135699e-05, 8.6505e-01, 4.1170e-03, 
 2DIAGNOSTIC,    55, -5.005377189045e-01, 5.653258830522e-05, 8.6941e-01, 4.3569e-03, 
 2DIAGNOSTIC,    56, -5.007001966697e-01, 4.919573509831e-05, 8.7438e-01, 4.9729e-03, 
 2DIAGNOSTIC,    57, -5.006692108440e-01, 3.925119891620e-05, 8.7929e-01, 4.9019e-03, 
 2DIAGNOSTIC,    58, -5.006480336937e-01, 3.023147934219e-05, 8.8393e-01, 4.6401e-03, 
 2DIAGNOSTIC,    59, -5.007040392653e-01, 2.114879081186e-05, 8.8866e-01, 4.7321e-03, 
 2DIAGNOSTIC,    60, -5.007751898676e-01, 1.939046897804e-05, 8.9317e-01, 4.5102e-03, 
 2DIAGNOSTIC,    61, -5.010442249217e-01, 1.848473497470e-05, 8.9780e-01, 4.6339e-03, 
 2DIAGNOSTIC,    62, -5.015960249141e-01, 2.185217043097e-05, 9.0296e-01, 5.1560e-03, 
 2DIAGNOSTIC,    63, -5.017348713569e-01, 2.570449536929e-05, 9.0931e-01, 6.3529e-03, 
 2DIAGNOSTIC,    64, -5.017224343512e-01, 2.881235257424e-05, 9.1550e-01, 6.1851e-03, 
 2DIAGNOSTIC,    65, -5.018133629322e-01, 3.137138595222e-05, 9.2028e-01, 4.7829e-03, 
 2DIAGNOSTIC,    66, -5.018590497380e-01, 3.276352457617e-05, 9.2507e-01, 4.7939e-03, 
 2DIAGNOSTIC,    67, -5.019182487820e-01, 3.118570332204e-05, 9.2984e-01, 4.7629e-03, 
 2DIAGNOSTIC,    68, -5.025009293163e-01, 3.176399882493e-05, 9.3747e-01, 7.6361e-03, 
 2DIAGNOSTIC,    69, -5.025634375426e-01, 3.031614079073e-05, 9.4278e-01, 5.3120e-03, 
 2DIAGNOSTIC,    70, -5.025074550638e-01, 2.622423916260e-05, 9.4809e-01, 5.3098e-03, 
 2DIAGNOSTIC,    71, -5.024579400951e-01, 2.163391117436e-05, 9.5283e-01, 4.7379e-03, 
 2DIAGNOSTIC,    72, -5.024093162248e-01, 1.937198753976e-05, 9.5773e-01, 4.8971e-03, 
 2DIAGNOSTIC,    73, -5.024455280571e-01, 1.674913157790e-05, 9.6246e-01, 4.7359e-03, 
 2DIAGNOSTIC,    74, -5.025062149408e-01, 1.297643175971e-05, 9.6729e-01, 4.8220e-03, 
 2DIAGNOSTIC,    75, -5.027661613755e-01, 1.101373506100e-05, 9.7203e-01, 4.7388e-03, 
 2DIAGNOSTIC,    76, -5.028609882572e-01, 9.223694854912e-06, 9.7910e-01, 7.0779e-03, 
 2DIAGNOSTIC,    77, -5.028770665184e-01, 7.115814620363e-06, 9.8443e-01, 5.3270e-03, 
 2DIAGNOSTIC,    78, -5.028880636697e-01, 9.046400623708e-06, 9.8934e-01, 4.9071e-03, 
 2DIAGNOSTIC,    79, -5.028333476960e-01, 1.014991870892e-05, 9.9407e-01, 4.7319e-03, 
 2DIAGNOSTIC,    80, -5.027789890302e-01, 9.439018526347e-06, 9.9935e-01, 5.2810e-03, 
 2DIAGNOSTIC,    81, -5.028444273737e-01, 8.005204586166e-06, 1.0046e+00, 5.2898e-03, 
 2DIAGNOSTIC,    82, -5.028691316038e-01, 5.699095852213e-06, 1.0112e+00, 6.5479e-03, 
 2DIAGNOSTIC,    83, -5.029408805937e-01, 3.742828487722e-06, 1.0159e+00, 4.7569e-03, 
 2DIAGNOSTIC,    84, -5.029489899263e-01, 1.967959107556e-06, 1.0219e+00, 5.9159e-03, 
 2DIAGNOSTIC,    85, -5.028750761529e-01, 1.403060731955e-06, 1.0369e+00, 1.5035e-02, 
 2DIAGNOSTIC,    86, -5.028750761525e-01, 1.427633130765e-06, 1.0497e+00, 1.2755e-02, 
 2DIAGNOSTIC,    87, -5.028750761525e-01, 1.438429579401e-06, 1.0557e+00, 6.0410e-03, 
 2DIAGNOSTIC,    88, -5.028750761525e-01, 1.418963896634e-06, 1.0612e+00, 5.5239e-03, 
DIAGNOSTIC,Iteration,metricValue,convergenceValue,ITERATION_TIME_INDEX,SINCE_LAST
 2DIAGNOSTIC,     1, -4.070018153875e-01, 1.797693134862e+308, 1.7847e+00, 7.2350e-01, 
 2DIAGNOSTIC,     2, -4.073837261944e-01, 1.797693134862e+308, 1.8110e+00, 2.6303e-02, 
 2DIAGNOSTIC,     3, -4.080756473767e-01, 1.797693134862e+308, 1.8403e+00, 2.9303e-02, 
 2DIAGNOSTIC,     4, -4.092799566035e-01, 1.797693134862e+308, 1.8700e+00, 2.9721e-02, 
 2DIAGNOSTIC,     5, -4.109764013623e-01, 1.797693134862e+308, 1.9023e+00, 3.2271e-02, 
 2DIAGNOSTIC,     6, -4.128892950553e-01, 1.797693134862e+308, 1.9433e+00, 4.1017e-02, 
 2DIAGNOSTIC,     7, -4.131120115788e-01, 1.797693134862e+308, 1.9791e+00, 3.5721e-02, 
 2DIAGNOSTIC,     8, -4.134099445054e-01, 1.797693134862e+308, 2.0155e+00, 3.6437e-02, 
 2DIAGNOSTIC,     9, -4.134374154415e-01, 1.797693134862e+308, 2.0469e+00, 3.1404e-02, 
 2DIAGNOSTIC,    10, -4.134468206212e-01, 1.219421846523e-03, 2.0735e+00, 2.6630e-02, 
 2DIAGNOSTIC,    11, -4.135111083078e-01, 9.399886648647e-04, 2.1005e+00, 2.6995e-02, 
 2DIAGNOSTIC,    12, -4.136318890569e-01, 6.528380926207e-04, 2.1276e+00, 2.7065e-02, 
 2DIAGNOSTIC,    13, -4.137805198989e-01, 3.965129927935e-04, 2.1547e+00, 2.7121e-02, 
 2DIAGNOSTIC,    14, -4.142867250014e-01, 2.242905135813e-04, 2.1816e+00, 2.6864e-02, 
 2DIAGNOSTIC,    15, -4.149665688647e-01, 1.615015656276e-04, 2.2265e+00, 4.4947e-02, 
 2DIAGNOSTIC,    16, -4.150486072331e-01, 1.773476614770e-04, 2.2532e+00, 2.6714e-02, 
 2DIAGNOSTIC,    17, -4.153130925687e-01, 1.950577030613e-04, 2.2804e+00, 2.7136e-02, 
 2DIAGNOSTIC,    18, -4.156097697714e-01, 2.156999678384e-04, 2.3252e+00, 4.4818e-02, 
 2DIAGNOSTIC,    19, -4.156405026213e-01, 2.159707771887e-04, 2.3562e+00, 3.1032e-02, 
 2DIAGNOSTIC,    20, -4.156438476085e-01, 1.965883798746e-04, 2.3830e+00, 2.6813e-02, 
 2DIAGNOSTIC,    21, -4.156580734898e-01, 1.636996627806e-04, 2.4132e+00, 3.0173e-02, 
 2DIAGNOSTIC,    22, -4.156829993627e-01, 1.234627788124e-04, 2.4399e+00, 2.6654e-02, 
 2DIAGNOSTIC,    23, -4.157008029751e-01, 7.996442169080e-05, 2.4669e+00, 2.6996e-02, 
 2DIAGNOSTIC,    24, -4.157441680379e-01, 4.804154364730e-05, 2.4972e+00, 3.0340e-02, 
 2DIAGNOSTIC,    25, -4.158118480111e-01, 3.499131522400e-05, 2.5240e+00, 2.6800e-02, 
 2DIAGNOSTIC,    26, -4.158566998497e-01, 2.300337979739e-05, 2.5543e+00, 3.0278e-02, 
 2DIAGNOSTIC,    27, -4.159147948766e-01, 1.785446436938e-05, 2.5814e+00, 2.7168e-02, 
 2DIAGNOSTIC,    28, -4.160421862673e-01, 2.187942785561e-05, 2.6083e+00, 2.6826e-02, 
 2DIAGNOSTIC,    29, -4.162909308881e-01, 3.022019944677e-05, 2.6423e+00, 3.4022e-02, 
 2DIAGNOSTIC,    30, -4.163662849498e-01, 3.691471493323e-05, 2.6766e+00, 3.4332e-02, 
 2DIAGNOSTIC,    31, -4.164194111266e-01, 4.131555925527e-05, 2.7070e+00, 3.0365e-02, 
 2DIAGNOSTIC,    32, -4.164559973426e-01, 4.300556139977e-05, 2.7339e+00, 2.6915e-02, 
 2DIAGNOSTIC,    33, -4.169411273928e-01, 5.102176313289e-05, 2.7645e+00, 3.0551e-02, 
 2DIAGNOSTIC,    34, -4.172713606263e-01, 6.098788448321e-05, 2.7945e+00, 3.0048e-02, 
 2DIAGNOSTIC,    35, -4.173695612050e-01, 6.785004994101e-05, 2.8249e+00, 3.0381e-02, 
 2DIAGNOSTIC,    36, -4.174327607596e-01, 7.024508278286e-05, 2.8557e+00, 3.0797e-02, 
 2DIAGNOSTIC,    37, -4.174949848934e-01, 6.818983502179e-05, 2.8830e+00, 2.7350e-02, 
 2DIAGNOSTIC,    38, -4.176010848137e-01, 6.378625491747e-05, 2.9104e+00, 2.7335e-02, 
 2DIAGNOSTIC,    39, -4.176440254019e-01, 5.856414305873e-05, 2.9440e+00, 3.3675e-02, 
 2DIAGNOSTIC,    40, -4.176948361437e-01, 5.034209467840e-05, 2.9811e+00, 3.7027e-02, 
 2DIAGNOSTIC,    41, -4.177505443915e-01, 3.977146194550e-05, 3.0200e+00, 3.8943e-02, 
 2DIAGNOSTIC,    42, -4.177506729440e-01, 2.641624461515e-05, 3.0512e+00, 3.1214e-02, 
 2DIAGNOSTIC,    43, -4.177488090345e-01, 1.880780230896e-05, 3.0823e+00, 3.1093e-02, 
 2DIAGNOSTIC,    44, -4.177376830920e-01, 1.476657011298e-05, 3.1115e+00, 2.9145e-02, 
 2DIAGNOSTIC,    45, -4.177388520083e-01, 1.107178851151e-05, 3.1421e+00, 3.0681e-02, 
 2DIAGNOSTIC,    46, -4.177322551867e-01, 7.373089908280e-06, 3.1713e+00, 2.9144e-02, 
 2DIAGNOSTIC,    47, -4.177258041950e-01, 3.978628546644e-06, 3.2011e+00, 2.9800e-02, 
 2DIAGNOSTIC,    48, -4.177334425210e-01, 2.039579773318e-06, 3.2283e+00, 2.7248e-02, 
DIAGNOSTIC,Iteration,metricValue,convergenceValue,ITERATION_TIME_INDEX,SINCE_LAST
 2DIAGNOSTIC,     1, -3.572665841152e-01, 1.797693134862e+308, 4.2066e+00, 9.7824e-01, 
 2DIAGNOSTIC,     2, -3.574461187803e-01, 1.797693134862e+308, 4.4082e+00, 2.0162e-01, 
 2DIAGNOSTIC,     3, -3.577341254639e-01, 1.797693134862e+308, 4.6110e+00, 2.0279e-01, 
 2DIAGNOSTIC,     4, -3.581450893146e-01, 1.797693134862e+308, 4.8138e+00, 2.0277e-01, 
 2DIAGNOSTIC,     5, -3.586618090872e-01, 1.797693134862e+308, 5.0366e+00, 2.2289e-01, 
 2DIAGNOSTIC,     6, -3.587275000058e-01, 1.797693134862e+308, 5.2187e+00, 1.8209e-01, 
 2DIAGNOSTIC,     7, -3.588166218227e-01, 1.797693134862e+308, 5.4193e+00, 2.0058e-01, 
 2DIAGNOSTIC,     8, -3.591794426850e-01, 1.797693134862e+308, 5.6348e+00, 2.1552e-01, 
 2DIAGNOSTIC,     9, -3.593396037820e-01, 1.797693134862e+308, 5.8161e+00, 1.8131e-01, 
 2DIAGNOSTIC,    10, -3.594366299965e-01, 4.125480051901e-04, 6.0411e+00, 2.2494e-01, 
 2DIAGNOSTIC,    11, -3.595530478732e-01, 3.407864389013e-04, 6.2661e+00, 2.2497e-01, 
 2DIAGNOSTIC,    12, -3.599211006195e-01, 2.870228078709e-04, 6.5887e+00, 3.2260e-01, 
 2DIAGNOSTIC,    13, -3.600670837052e-01, 2.411624727742e-04, 6.7672e+00, 1.7859e-01, 
 2DIAGNOSTIC,    14, -3.603891410529e-01, 2.208087366841e-04, 6.9774e+00, 2.1012e-01, 
 2DIAGNOSTIC,    15, -3.606100836173e-01, 2.222083304538e-04, 7.2516e+00, 2.7425e-01, 
 2DIAGNOSTIC,    16, -3.606074265035e-01, 2.064065253782e-04, 7.4675e+00, 2.1586e-01, 
 2DIAGNOSTIC,    17, -3.606092938317e-01, 1.776080875836e-04, 7.7550e+00, 2.8748e-01, 
 2DIAGNOSTIC,    18, -3.606098360338e-01, 1.516245379694e-04, 7.9698e+00, 2.1481e-01, 
 2DIAGNOSTIC,    19, -3.606097494662e-01, 1.210727596787e-04, 8.2108e+00, 2.4106e-01, 
 2DIAGNOSTIC,    20, -3.606076164486e-01, 8.618997699518e-05, 8.4388e+00, 2.2794e-01, 
 2DIAGNOSTIC,    21, -3.606079518132e-01, 5.099551168533e-05, 8.6462e+00, 2.0744e-01, 
 2DIAGNOSTIC,    22, -3.606075370565e-01, 2.771791837020e-05, 8.8272e+00, 1.8095e-01, 
 2DIAGNOSTIC,    23, -3.606072701039e-01, 8.792042747126e-06, 9.0370e+00, 2.0981e-01, 
 2DIAGNOSTIC,    24, -3.606070607036e-01, 1.143833475055e-06, 9.2526e+00, 2.1564e-01, 
 2DIAGNOSTIC,    25, -3.606068938230e-01, 1.109426378161e-06, 9.4641e+00, 2.1152e-01, 
 2DIAGNOSTIC,    26, -3.606086463860e-01, 1.064407417213e-06, 9.7173e+00, 2.5320e-01, 
 2DIAGNOSTIC,    27, -3.606081049105e-01, 1.073871115059e-06, 9.9278e+00, 2.1042e-01, 
 2DIAGNOSTIC,    28, -3.606075326870e-01, 1.092565595398e-06, 1.0132e+01, 2.0410e-01, 
 2DIAGNOSTIC,    29, -3.606070186342e-01, 1.100748992865e-06, 1.0318e+01, 1.8608e-01, 
 2DIAGNOSTIC,    30, -3.606066001012e-01, 1.040472111156e-06, 1.0566e+01, 2.4819e-01, 
 2DIAGNOSTIC,    31, -3.606068916393e-01, 1.001523971068e-06, 1.0798e+01, 2.3188e-01, 
DIAGNOSTIC,Iteration,metricValue,convergenceValue,ITERATION_TIME_INDEX,SINCE_LAST
 2DIAGNOSTIC,     1, -3.316397162474e-01, 1.797693134862e+308, 1.3362e+01, 2.5642e+00, 
 2DIAGNOSTIC,     2, -3.316470917334e-01, 1.797693134862e+308, 1.4648e+01, 1.2857e+00, 
 2DIAGNOSTIC,     3, -3.316481851735e-01, 1.797693134862e+308, 1.6094e+01, 1.4460e+00, 
 2DIAGNOSTIC,     4, -3.316766796700e-01, 1.797693134862e+308, 1.7727e+01, 1.6329e+00, 
 2DIAGNOSTIC,     5, -3.316837292969e-01, 1.797693134862e+308, 1.9412e+01, 1.6853e+00, 
 2DIAGNOSTIC,     6, -3.316838435604e-01, 1.797693134862e+308, 2.1114e+01, 1.7014e+00, 
 2DIAGNOSTIC,     7, -3.316835795427e-01, 1.797693134862e+308, 2.2573e+01, 1.4590e+00, 
 2DIAGNOSTIC,     8, -3.316832021062e-01, 1.797693134862e+308, 2.3857e+01, 1.2847e+00, 
 2DIAGNOSTIC,     9, -3.316828168195e-01, 1.797693134862e+308, 2.5531e+01, 1.6741e+00, 
 2DIAGNOSTIC,    10, -3.316829387898e-01, 1.194380931240e-05, 2.7777e+01, 2.2456e+00, 
 2DIAGNOSTIC,    11, -3.316828978389e-01, 8.359253064236e-06, 2.9277e+01, 1.5004e+00, 
 2DIAGNOSTIC,    12, -3.316828568251e-01, 5.436295880193e-06, 3.0782e+01, 1.5045e+00, 
 2DIAGNOSTIC,    13, -3.316828918708e-01, 2.738539844283e-06, 3.2354e+01, 1.5723e+00, 
 2DIAGNOSTIC,    14, -3.316827025364e-01, 2.119945562679e-06, 3.3799e+01, 1.4444e+00, 
 2DIAGNOSTIC,    15, -3.316825812247e-01, 1.993069726772e-06, 3.5268e+01, 1.4699e+00, 
 2DIAGNOSTIC,    16, -3.316824597386e-01, 1.893312270032e-06, 3.6539e+01, 1.2707e+00, 
 2DIAGNOSTIC,    17, -3.316824220443e-01, 1.799209071486e-06, 3.8147e+01, 1.6082e+00, 
 2DIAGNOSTIC,    18, -3.316822491073e-01, 1.696478220424e-06, 3.9565e+01, 1.4178e+00, 
 2DIAGNOSTIC,    19, -3.316823543284e-01, 1.598550249220e-06, 4.1054e+01, 1.4888e+00, 
 2DIAGNOSTIC,    20, -3.316822484152e-01, 1.518083351651e-06, 4.3013e+01, 1.9596e+00, 
 2DIAGNOSTIC,    21, -3.316821839531e-01, 1.447834638346e-06, 4.4496e+01, 1.4823e+00, 
 2DIAGNOSTIC,    22, -3.316820515471e-01, 1.383420386851e-06, 4.5798e+01, 1.3025e+00, 
 2DIAGNOSTIC,    23, -3.316819251020e-01, 1.327271694399e-06, 4.7143e+01, 1.3452e+00, 
 2DIAGNOSTIC,    24, -3.316819496875e-01, 1.275208148618e-06, 4.8645e+01, 1.5017e+00, 
 2DIAGNOSTIC,    25, -3.316819082591e-01, 1.226360702364e-06, 5.0167e+01, 1.5219e+00, 
 2DIAGNOSTIC,    26, -3.316818633133e-01, 1.180186790045e-06, 5.1493e+01, 1.3261e+00, 
 2DIAGNOSTIC,    27, -3.316818356356e-01, 1.139709984277e-06, 5.2993e+01, 1.4994e+00, 
 2DIAGNOSTIC,    28, -3.316818261325e-01, 1.100068753118e-06, 5.4457e+01, 1.4642e+00, 
 2DIAGNOSTIC,    29, -3.316817955189e-01, 1.068752931634e-06, 5.5744e+01, 1.2873e+00, 
 2DIAGNOSTIC,    30, -3.316818622840e-01, 1.041047796219e-06, 5.7096e+01, 1.3522e+00, 
 2DIAGNOSTIC,    31, -3.316821853835e-01, 1.024139922715e-06, 5.8554e+01, 1.4574e+00, 
 2DIAGNOSTIC,    32, -3.316822250694e-01, 1.005860841154e-06, 6.0050e+01, 1.4969e+00, 
  Elapsed time (stage 0): 6.0861e+01


Total elapsed time: 6.0863e+01
Info [verificarlo]: loaded backend libinterflop_ieee.so
Info [interflop-ieee]: load backend with:
Info [interflop-ieee]: debug = false
Info [interflop-ieee]: debug-binary = false
Info [interflop-ieee]: no-backend-name = false
Info [interflop-ieee]: print-new-line = false
Info [interflop-ieee]: print-subnormal-normalized = false
Info [interflop-ieee]: count-op = false
All_Command_lines_OK
Using double precision for computations.
=============================================================================
The composite transform comprises the following transforms (in order): 
  1. /home/mdugre/scratch/mri-registration-rp/datasets/ds004513/derivatives/mri-registration-rp/0001/antsRegistration-r7-p17/sub-s020/rigid_Composite.h5[0] (type = Euler3DTransform)
  2. /home/mdugre/scratch/mri-registration-rp/datasets/ds004513/derivatives/mri-registration-rp/0001/antsRegistration-r7-p17/sub-s020/rigid_Composite.h5[1] (type = Euler3DTransform)
  3. /home/mdugre/scratch/mri-registration-rp/datasets/ds004513/derivatives/mri-registration-rp/0001/antsRegistration-r7-p17/sub-s020/rigid_Composite.h5[2] (type = Euler3DTransform)
=============================================================================
  number of levels = 4
  fixed image: /templateflow/tpl-MNI152NLin2009cAsym/tpl-MNI152NLin2009cAsym_res-01_desc-brain_T1w.nii.gz
  moving image: /home/mdugre/scratch/mri-registration-rp/datasets/ds004513/derivatives/mri-registration-rp/antsBrainExtraction/sub-s020/BrainExtractionBrain.nii.gz
Dimension = 3
Number of stages = 1
Use histogram matching = false
Winsorize image intensities = true
  Lower quantile = 0.005
  Upper quantile = 0.995


Stage 1 State
   Image metric = MattesMI
     Fixed image = Image (0x434f7e0)
  RTTI typeinfo:   itk::Image<double, 3u>
  Reference Count: 2
  Modified Time: 1594
  Debug: Off
  Object Name: 
  Observers: 
    none
  Source: (none)
  Source output name: (none)
  Release Data: Off
  Data Released: False
  Global Release Data: Off
  PipelineMTime: 0
  UpdateMTime: 1203
  RealTimeStamp: 0 seconds 
  LargestPossibleRegion: 
    Dimension: 3
    Index: [0, 0, 0]
    Size: [193, 229, 193]
  BufferedRegion: 
    Dimension: 3
    Index: [0, 0, 0]
    Size: [193, 229, 193]
  RequestedRegion: 
    Dimension: 3
    Index: [0, 0, 0]
    Size: [193, 229, 193]
  Spacing: [1, 1, 1]
  Origin: [96, 132, -78]
  Direction: 
-1 0 0
0 -1 0
0 0 1

  IndexToPointMatrix: 
-1 0 0
0 -1 0
0 0 1

  PointToIndexMatrix: 
-1 0 0
0 -1 0
0 0 1

  Inverse Direction: 
-1 0 0
0 -1 0
0 0 1

  PixelContainer: 
    ImportImageContainer (0x440fa20)
      RTTI typeinfo:   itk::ImportImageContainer<unsigned long, double>
      Reference Count: 1
      Modified Time: 1200
      Debug: Off
      Object Name: 
      Observers: 
        none
      Pointer: 0x151807e7f010
      Container manages memory: true
      Size: 8530021
      Capacity: 8530021

     Moving image = Image (0x440ad70)
  RTTI typeinfo:   itk::Image<double, 3u>
  Reference Count: 2
  Modified Time: 1595
  Debug: Off
  Object Name: 
  Observers: 
    none
  Source: (none)
  Source output name: (none)
  Release Data: Off
  Data Released: False
  Global Release Data: Off
  PipelineMTime: 0
  UpdateMTime: 1592
  RealTimeStamp: 0 seconds 
  LargestPossibleRegion: 
    Dimension: 3
    Index: [0, 0, 0]
    Size: [160, 240, 256]
  BufferedRegion: 
    Dimension: 3
    Index: [0, 0, 0]
    Size: [160, 240, 256]
  RequestedRegion: 
    Dimension: 3
    Index: [0, 0, 0]
    Size: [160, 240, 256]
  Spacing: [0.999995, 1, 1]
  Origin: [87.0906, 98.7205, -152.377]
  Direction: 
-0.996975 0.0261379 -0.0731913
-0.0260677 -0.999658 -0.00191374
-0.0732163 -2.46403e-08 0.997316

  IndexToPointMatrix: 
-0.996971 0.0261379 -0.0731913
-0.0260676 -0.999658 -0.00191374
-0.0732159 -2.46403e-08 0.997316

  PointToIndexMatrix: 
-0.99698 -0.0260679 -0.0732166
0.0261379 -0.999658 -2.46993e-08
-0.0731913 -0.00191374 0.997316

  Inverse Direction: 
-0.996975 -0.0260677 -0.0732163
0.0261379 -0.999658 -2.46993e-08
-0.0731913 -0.00191374 0.997316

  PixelContainer: 
    ImportImageContainer (0x43c2c90)
      RTTI typeinfo:   itk::ImportImageContainer<unsigned long, double>
      Reference Count: 1
      Modified Time: 1589
      Debug: Off
      Object Name: 
      Observers: 
        none
      Pointer: 0x15180337e010
      Container manages memory: true
      Size: 9830400
      Capacity: 9830400

     Weighting = 1
     Sampling strategy = regular
     Number of bins = 32
     Radius = 4
     Sampling percentage  = 0.25
   Transform = Affine
     Gradient step = 0.1
     Update field sigma (voxel space) = 0
     Total field sigma (voxel space) = 0
     Update field time sigma = 0
     Total field time sigma  = 0
     Number of time indices = 0
     Number of time point samples = 0
Registration using 1 total stages.

Stage 0
  iterations = 1000x500x250x100
  convergence threshold = 1e-06
  convergence window size = 10
  number of levels = 4
  using the Mattes MI metric (number of bins = 32, weight = 1, use gradient filter = 0)
  preprocessing:  winsorizing the image intensities
  Shrink factors (level 1 out of 4): [8, 8, 8]
  Shrink factors (level 2 out of 4): [4, 4, 4]
  Shrink factors (level 3 out of 4): [2, 2, 2]
  Shrink factors (level 4 out of 4): [1, 1, 1]
  smoothing sigmas per level: [3, 2, 1, 0]
  regular sampling (percentage = 0.25)

*** Running AffineTransform registration ***

DIAGNOSTIC,Iteration,metricValue,convergenceValue,ITERATION_TIME_INDEX,SINCE_LAST
 2DIAGNOSTIC,     1, -5.009956769080e-01, 1.797693134862e+308, 8.3052e-01, 8.3052e-01, 
 2DIAGNOSTIC,     2, -5.029381537322e-01, 1.797693134862e+308, 8.3528e-01, 4.7522e-03, 
 2DIAGNOSTIC,     3, -5.073319214653e-01, 1.797693134862e+308, 8.3994e-01, 4.6630e-03, 
 2DIAGNOSTIC,     4, -5.157697704800e-01, 1.797693134862e+308, 8.4446e-01, 4.5230e-03, 
 2DIAGNOSTIC,     5, -5.245469238314e-01, 1.797693134862e+308, 8.4897e-01, 4.5061e-03, 
 2DIAGNOSTIC,     6, -5.401087701084e-01, 1.797693134862e+308, 8.5376e-01, 4.7960e-03, 
 2DIAGNOSTIC,     7, -5.723710869988e-01, 1.797693134862e+308, 8.5839e-01, 4.6289e-03, 
 2DIAGNOSTIC,     8, -6.457497765763e-01, 1.797693134862e+308, 8.6369e-01, 5.2991e-03, 
 2DIAGNOSTIC,     9, -6.862203051232e-01, 1.797693134862e+308, 8.6946e-01, 5.7659e-03, 
 2DIAGNOSTIC,    10, -7.097620054354e-01, 2.466273718058e-02, 8.7809e-01, 8.6310e-03, 
 2DIAGNOSTIC,    11, -7.227274850285e-01, 2.556655841558e-02, 8.8377e-01, 5.6808e-03, 
 2DIAGNOSTIC,    12, -7.434379323178e-01, 2.486072898602e-02, 8.8931e-01, 5.5361e-03, 
 2DIAGNOSTIC,    13, -7.591399063661e-01, 2.270897613831e-02, 8.9450e-01, 5.1939e-03, 
 2DIAGNOSTIC,    14, -7.773403363119e-01, 1.971730435245e-02, 9.0059e-01, 6.0871e-03, 
 2DIAGNOSTIC,    15, -8.383837697759e-01, 1.744163730028e-02, 9.0969e-01, 9.1019e-03, 
 2DIAGNOSTIC,    16, -8.396322651131e-01, 1.439526065766e-02, 9.1522e-01, 5.5289e-03, 
 2DIAGNOSTIC,    17, -8.396050385286e-01, 1.130060543276e-02, 9.2015e-01, 4.9350e-03, 
 2DIAGNOSTIC,    18, -8.395703113363e-01, 9.334517591007e-03, 9.2611e-01, 5.9581e-03, 
 2DIAGNOSTIC,    19, -8.400295255281e-01, 7.655259036587e-03, 9.3192e-01, 5.8091e-03, 
 2DIAGNOSTIC,    20, -8.407018225691e-01, 5.958445604943e-03, 9.3687e-01, 4.9469e-03, 
 2DIAGNOSTIC,    21, -8.419896780841e-01, 4.178240391150e-03, 9.4240e-01, 5.5299e-03, 
 2DIAGNOSTIC,    22, -8.454411848145e-01, 2.664150713031e-03, 9.4912e-01, 6.7191e-03, 
 2DIAGNOSTIC,    23, -8.469483047991e-01, 1.363556703941e-03, 9.5482e-01, 5.7020e-03, 
 2DIAGNOSTIC,    24, -8.476366626955e-01, 3.497256989014e-04, 9.6073e-01, 5.9080e-03, 
 2DIAGNOSTIC,    25, -8.479925959396e-01, 3.698088751236e-04, 9.6895e-01, 8.2290e-03, 
 2DIAGNOSTIC,    26, -8.481386211050e-01, 3.746292172807e-04, 9.7399e-01, 5.0390e-03, 
 2DIAGNOSTIC,    27, -8.481958157942e-01, 3.439589063241e-04, 9.7896e-01, 4.9710e-03, 
 2DIAGNOSTIC,    28, -8.484097103265e-01, 2.859122734038e-04, 9.8447e-01, 5.5070e-03, 
 2DIAGNOSTIC,    29, -8.486504146859e-01, 2.154589213749e-04, 9.8939e-01, 4.9140e-03, 
 2DIAGNOSTIC,    30, -8.489204087847e-01, 1.425020863982e-04, 9.9446e-01, 5.0731e-03, 
 2DIAGNOSTIC,    31, -8.490782486747e-01, 7.849174790650e-05, 9.9948e-01, 5.0199e-03, 
 2DIAGNOSTIC,    32, -8.495266705142e-01, 5.773227585067e-05, 1.0050e+00, 5.5349e-03, 
 2DIAGNOSTIC,    33, -8.496137411364e-01, 5.106499474712e-05, 1.0100e+00, 4.9739e-03, 
 2DIAGNOSTIC,    34, -8.497405592309e-01, 4.907001341175e-05, 1.0153e+00, 5.2838e-03, 
 2DIAGNOSTIC,    35, -8.504502324771e-01, 5.408430703945e-05, 1.0209e+00, 5.6069e-03, 
 2DIAGNOSTIC,    36, -8.504200662142e-01, 5.477738846190e-05, 1.0259e+00, 4.9849e-03, 
 2DIAGNOSTIC,    37, -8.506093415330e-01, 5.285466619086e-05, 1.0314e+00, 5.5411e-03, 
 2DIAGNOSTIC,    38, -8.507061179260e-01, 4.917054282268e-05, 1.0373e+00, 5.9280e-03, 
 2DIAGNOSTIC,    39, -8.516297319045e-01, 5.214459192752e-05, 1.0434e+00, 6.0730e-03, 
 2DIAGNOSTIC,    40, -8.513655469109e-01, 4.983726785912e-05, 1.0486e+00, 5.2431e-03, 
 2DIAGNOSTIC,    41, -8.520769750340e-01, 5.088705098416e-05, 1.0536e+00, 4.9429e-03, 
 2DIAGNOSTIC,    42, -8.544401163327e-01, 7.174213775257e-05, 1.0596e+00, 5.9750e-03, 
 2DIAGNOSTIC,    43, -8.545415687602e-01, 8.582580708944e-05, 1.0743e+00, 1.4757e-02, 
 2DIAGNOSTIC,    44, -8.545415284360e-01, 9.219088311321e-05, 1.0796e+00, 5.2330e-03, 
 2DIAGNOSTIC,    45, -8.545416166829e-01, 9.563572636407e-05, 1.0845e+00, 4.9589e-03, 
 2DIAGNOSTIC,    46, -8.545417658783e-01, 8.956176710634e-05, 1.0895e+00, 4.9820e-03, 
 2DIAGNOSTIC,    47, -8.545420180560e-01, 7.645333341054e-05, 1.0955e+00, 5.9581e-03, 
 2DIAGNOSTIC,    48, -8.545424441717e-01, 5.722270981893e-05, 1.1004e+00, 4.9651e-03, 
 2DIAGNOSTIC,    49, -8.545431638335e-01, 4.068562229520e-05, 1.1054e+00, 4.9648e-03, 
 2DIAGNOSTIC,    50, -8.545443782199e-01, 1.920998720371e-05, 1.1104e+00, 4.9660e-03, 
 2DIAGNOSTIC,    51, -8.545464245200e-01, 1.459208532274e-06, 1.1153e+00, 4.9880e-03, 
DIAGNOSTIC,Iteration,metricValue,convergenceValue,ITERATION_TIME_INDEX,SINCE_LAST
 2DIAGNOSTIC,     1, -7.144806820551e-01, 1.797693134862e+308, 1.7787e+00, 6.6341e-01, 
 2DIAGNOSTIC,     2, -7.154492000673e-01, 1.797693134862e+308, 1.8104e+00, 3.1615e-02, 
 2DIAGNOSTIC,     3, -7.160731400732e-01, 1.797693134862e+308, 1.8617e+00, 5.1375e-02, 
 2DIAGNOSTIC,     4, -7.160835854772e-01, 1.797693134862e+308, 1.9055e+00, 4.3742e-02, 
 2DIAGNOSTIC,     5, -7.160824336944e-01, 1.797693134862e+308, 1.9379e+00, 3.2410e-02, 
 2DIAGNOSTIC,     6, -7.160703083203e-01, 1.797693134862e+308, 1.9723e+00, 3.4443e-02, 
 2DIAGNOSTIC,     7, -7.160674777588e-01, 1.797693134862e+308, 2.0200e+00, 4.7685e-02, 
 2DIAGNOSTIC,     8, -7.160504373790e-01, 1.797693134862e+308, 2.0587e+00, 3.8671e-02, 
 2DIAGNOSTIC,     9, -7.160595226200e-01, 1.797693134862e+308, 2.0955e+00, 3.6848e-02, 
 2DIAGNOSTIC,    10, -7.160462014858e-01, 8.549261291936e-05, 2.1323e+00, 3.6732e-02, 
