
##########################
# Experiment information #
##########################

EXPERIMENT_NAME: antsRegistration-r7-p14
VFC_BACKENDS: libinterflop_vprec.so --range-binary32=7 --precision-binary32=14 --range-binary64=7 --precision-binary64=14

SIF_IMG: /home/mdugre/projects/rrg-glatard/mdugre/containers/ants-vprec-no_metrics.simg

SUBJECT_ID: s037
INPUT_IMG: /home/mdugre/scratch/mri-registration-rp/datasets/ds004513/derivatives/mri-registration-rp/antsBrainExtraction/sub-s037/BrainExtractionBrain.nii.gz
OUTPUT_DIR: /home/mdugre/scratch/mri-registration-rp/datasets/ds004513/derivatives/mri-registration-rp/0001/antsRegistration-r7-p14/sub-s037

FIXED_IMG: /templateflow/tpl-MNI152NLin2009cAsym/tpl-MNI152NLin2009cAsym_res-01_desc-brain_T1w.nii.gz
DATA_DIR: /home/mdugre/scratch/mri-registration-rp/datasets/ds004513
TEMPLATEFLOW_DIR: /home/mdugre/projects/rrg-glatard/mdugre/templateflow
ITK_GLOBAL_DEFAULT_NUMBER_OF_THREADS: 16
##########################

Info [verificarlo]: loaded backend libinterflop_ieee.so
Info [interflop-ieee]: load backend with:
Info [interflop-ieee]: debug = false
Info [interflop-ieee]: debug-binary = false
Info [interflop-ieee]: no-backend-name = false
Info [interflop-ieee]: print-new-line = false
Info [interflop-ieee]: print-subnormal-normalized = false
Info [interflop-ieee]: count-op = false
All_Command_lines_OK
Using double precision for computations.
=============================================================================
The composite transform comprises the following transforms (in order): 
  1. Center of mass alignment using fixed image: /templateflow/tpl-MNI152NLin2009cAsym/tpl-MNI152NLin2009cAsym_res-01_desc-brain_T1w.nii.gz and moving image: /home/mdugre/scratch/mri-registration-rp/datasets/ds004513/derivatives/mri-registration-rp/antsBrainExtraction/sub-s037/BrainExtractionBrain.nii.gz (type = Euler3DTransform)
=============================================================================
  number of levels = 1
  fixed image: /templateflow/tpl-MNI152NLin2009cAsym/tpl-MNI152NLin2009cAsym_res-01_desc-brain_T1w.nii.gz
  moving image: /home/mdugre/scratch/mri-registration-rp/datasets/ds004513/derivatives/mri-registration-rp/antsBrainExtraction/sub-s037/BrainExtractionBrain.nii.gz
Dimension = 3
Number of stages = 1
Use histogram matching = false
Winsorize image intensities = true
  Lower quantile = 0.005
  Upper quantile = 0.995


Stage 1 State
   Image metric = MattesMI
     Fixed image = Image (0x3569e70)
  RTTI typeinfo:   itk::Image<double, 3u>
  Reference Count: 2
  Modified Time: 2330
  Debug: Off
  Object Name: 
  Observers: 
    none
  Source: (none)
  Source output name: (none)
  Release Data: Off
  Data Released: False
  Global Release Data: Off
  PipelineMTime: 0
  UpdateMTime: 1941
  RealTimeStamp: 0 seconds 
  LargestPossibleRegion: 
    Dimension: 3
    Index: [0, 0, 0]
    Size: [193, 229, 193]
  BufferedRegion: 
    Dimension: 3
    Index: [0, 0, 0]
    Size: [193, 229, 193]
  RequestedRegion: 
    Dimension: 3
    Index: [0, 0, 0]
    Size: [193, 229, 193]
  Spacing: [1, 1, 1]
  Origin: [96, 132, -78]
  Direction: 
-1 0 0
0 -1 0
0 0 1

  IndexToPointMatrix: 
-1 0 0
0 -1 0
0 0 1

  PointToIndexMatrix: 
-1 0 0
0 -1 0
0 0 1

  Inverse Direction: 
-1 0 0
0 -1 0
0 0 1

  PixelContainer: 
    ImportImageContainer (0x3572c60)
      RTTI typeinfo:   itk::ImportImageContainer<unsigned long, double>
      Reference Count: 1
      Modified Time: 1938
      Debug: Off
      Object Name: 
      Observers: 
        none
      Pointer: 0x14cfba8fe010
      Container manages memory: true
      Size: 8530021
      Capacity: 8530021

     Moving image = Image (0x3606ec0)
  RTTI typeinfo:   itk::Image<double, 3u>
  Reference Count: 2
  Modified Time: 2331
  Debug: Off
  Object Name: 
  Observers: 
    none
  Source: (none)
  Source output name: (none)
  Release Data: Off
  Data Released: False
  Global Release Data: Off
  PipelineMTime: 0
  UpdateMTime: 2328
  RealTimeStamp: 0 seconds 
  LargestPossibleRegion: 
    Dimension: 3
    Index: [0, 0, 0]
    Size: [160, 240, 256]
  BufferedRegion: 
    Dimension: 3
    Index: [0, 0, 0]
    Size: [160, 240, 256]
  RequestedRegion: 
    Dimension: 3
    Index: [0, 0, 0]
    Size: [160, 240, 256]
  Spacing: [1, 1, 1]
  Origin: [87.9508, 102.562, -147.639]
  Direction: 
-0.998659 -0.0436121 -0.0279129
0.043595 -0.999049 0.00121847
-0.0279395 -2.65543e-08 0.99961

  IndexToPointMatrix: 
-0.998659 -0.0436121 -0.0279129
0.043595 -0.999049 0.00121847
-0.0279395 -2.65543e-08 0.99961

  PointToIndexMatrix: 
-0.998659 0.043595 -0.0279395
-0.0436121 -0.999049 -2.65517e-08
-0.0279129 0.00121847 0.99961

  Inverse Direction: 
-0.998659 0.043595 -0.0279395
-0.0436121 -0.999049 -2.65517e-08
-0.0279129 0.00121847 0.99961

  PixelContainer: 
    ImportImageContainer (0x369e610)
      RTTI typeinfo:   itk::ImportImageContainer<unsigned long, double>
      Reference Count: 1
      Modified Time: 2325
      Debug: Off
      Object Name: 
      Observers: 
        none
      Pointer: 0x14cfb5dfd010
      Container manages memory: true
      Size: 9830400
      Capacity: 9830400

     Weighting = 1
     Sampling strategy = regular
     Number of bins = 32
     Radius = 4
     Sampling percentage  = 0.25
   Transform = Rigid
     Gradient step = 0.1
     Update field sigma (voxel space) = 0
     Total field sigma (voxel space) = 0
     Update field time sigma = 0
     Total field time sigma  = 0
     Number of time indices = 0
     Number of time point samples = 0
Registration using 1 total stages.

Stage 0
  iterations = 0
  convergence threshold = 1e-06
  convergence window size = 10
  number of levels = 1
  using the Mattes MI metric (number of bins = 32, weight = 1, use gradient filter = 0)
  preprocessing:  winsorizing the image intensities
  Shrink factors (level 1 out of 1): [1, 1, 1]
  smoothing sigmas per level: [0]
  regular sampling (percentage = 0.25)

*** Running Euler3DTransform registration ***

  Elapsed time (stage 0): 1.1504


Total elapsed time: 1.1525
Info [verificarlo]: loaded backend libinterflop_ieee.so
Info [interflop-ieee]: load backend with:
Info [interflop-ieee]: debug = false
Info [interflop-ieee]: debug-binary = false
Info [interflop-ieee]: no-backend-name = false
Info [interflop-ieee]: print-new-line = false
Info [interflop-ieee]: print-subnormal-normalized = false
Info [interflop-ieee]: count-op = false
All_Command_lines_OK
Using double precision for computations.
=============================================================================
The composite transform comprises the following transforms (in order): 
  1. /home/mdugre/scratch/mri-registration-rp/datasets/ds004513/derivatives/mri-registration-rp/0001/antsRegistration-r7-p14/sub-s037/align_Composite.h5[0] (type = Euler3DTransform)
  2. /home/mdugre/scratch/mri-registration-rp/datasets/ds004513/derivatives/mri-registration-rp/0001/antsRegistration-r7-p14/sub-s037/align_Composite.h5[1] (type = Euler3DTransform)
=============================================================================
  number of levels = 4
  fixed image: /templateflow/tpl-MNI152NLin2009cAsym/tpl-MNI152NLin2009cAsym_res-01_desc-brain_T1w.nii.gz
  moving image: /home/mdugre/scratch/mri-registration-rp/datasets/ds004513/derivatives/mri-registration-rp/antsBrainExtraction/sub-s037/BrainExtractionBrain.nii.gz
Dimension = 3
Number of stages = 1
Use histogram matching = false
Winsorize image intensities = true
  Lower quantile = 0.005
  Upper quantile = 0.995


Stage 1 State
   Image metric = MattesMI
     Fixed image = Image (0x46ac530)
  RTTI typeinfo:   itk::Image<double, 3u>
  Reference Count: 2
  Modified Time: 1578
  Debug: Off
  Object Name: 
  Observers: 
    none
  Source: (none)
  Source output name: (none)
  Release Data: Off
  Data Released: False
  Global Release Data: Off
  PipelineMTime: 0
  UpdateMTime: 1189
  RealTimeStamp: 0 seconds 
  LargestPossibleRegion: 
    Dimension: 3
    Index: [0, 0, 0]
    Size: [193, 229, 193]
  BufferedRegion: 
    Dimension: 3
    Index: [0, 0, 0]
    Size: [193, 229, 193]
  RequestedRegion: 
    Dimension: 3
    Index: [0, 0, 0]
    Size: [193, 229, 193]
  Spacing: [1, 1, 1]
  Origin: [96, 132, -78]
  Direction: 
-1 0 0
0 -1 0
0 0 1

  IndexToPointMatrix: 
-1 0 0
0 -1 0
0 0 1

  PointToIndexMatrix: 
-1 0 0
0 -1 0
0 0 1

  Inverse Direction: 
-1 0 0
0 -1 0
0 0 1

  PixelContainer: 
    ImportImageContainer (0x476ad60)
      RTTI typeinfo:   itk::ImportImageContainer<unsigned long, double>
      Reference Count: 1
      Modified Time: 1186
      Debug: Off
      Object Name: 
      Observers: 
        none
      Pointer: 0x14b9c3826010
      Container manages memory: true
      Size: 8530021
      Capacity: 8530021

     Moving image = Image (0x475cf60)
  RTTI typeinfo:   itk::Image<double, 3u>
  Reference Count: 2
  Modified Time: 1579
  Debug: Off
  Object Name: 
  Observers: 
    none
  Source: (none)
  Source output name: (none)
  Release Data: Off
  Data Released: False
  Global Release Data: Off
  PipelineMTime: 0
  UpdateMTime: 1576
  RealTimeStamp: 0 seconds 
  LargestPossibleRegion: 
    Dimension: 3
    Index: [0, 0, 0]
    Size: [160, 240, 256]
  BufferedRegion: 
    Dimension: 3
    Index: [0, 0, 0]
    Size: [160, 240, 256]
  RequestedRegion: 
    Dimension: 3
    Index: [0, 0, 0]
    Size: [160, 240, 256]
  Spacing: [1, 1, 1]
  Origin: [87.9508, 102.562, -147.639]
  Direction: 
-0.998659 -0.0436121 -0.0279129
0.043595 -0.999049 0.00121847
-0.0279395 -2.65543e-08 0.99961

  IndexToPointMatrix: 
-0.998659 -0.0436121 -0.0279129
0.043595 -0.999049 0.00121847
-0.0279395 -2.65543e-08 0.99961

  PointToIndexMatrix: 
-0.998659 0.043595 -0.0279395
-0.0436121 -0.999049 -2.65517e-08
-0.0279129 0.00121847 0.99961

  Inverse Direction: 
-0.998659 0.043595 -0.0279395
-0.0436121 -0.999049 -2.65517e-08
-0.0279129 0.00121847 0.99961

  PixelContainer: 
    ImportImageContainer (0x474e6d0)
      RTTI typeinfo:   itk::ImportImageContainer<unsigned long, double>
      Reference Count: 1
      Modified Time: 1573
      Debug: Off
      Object Name: 
      Observers: 
        none
      Pointer: 0x14b9bed25010
      Container manages memory: true
      Size: 9830400
      Capacity: 9830400

     Weighting = 1
     Sampling strategy = regular
     Number of bins = 32
     Radius = 4
     Sampling percentage  = 0.25
   Transform = Rigid
     Gradient step = 0.1
     Update field sigma (voxel space) = 0
     Total field sigma (voxel space) = 0
     Update field time sigma = 0
     Total field time sigma  = 0
     Number of time indices = 0
     Number of time point samples = 0
Registration using 1 total stages.

Stage 0
  iterations = 1000x500x250x100
  convergence threshold = 1e-06
  convergence window size = 10
  number of levels = 4
  using the Mattes MI metric (number of bins = 32, weight = 1, use gradient filter = 0)
  preprocessing:  winsorizing the image intensities
  Shrink factors (level 1 out of 4): [8, 8, 8]
  Shrink factors (level 2 out of 4): [4, 4, 4]
  Shrink factors (level 3 out of 4): [2, 2, 2]
  Shrink factors (level 4 out of 4): [1, 1, 1]
  smoothing sigmas per level: [3, 2, 1, 0]
  regular sampling (percentage = 0.25)

*** Running Euler3DTransform registration ***

DIAGNOSTIC,Iteration,metricValue,convergenceValue,ITERATION_TIME_INDEX,SINCE_LAST
 2DIAGNOSTIC,     1, -4.299060189477e-01, 1.797693134862e+308, 8.0286e-01, 8.0286e-01, 
 2DIAGNOSTIC,     2, -4.311703807429e-01, 1.797693134862e+308, 8.0784e-01, 4.9889e-03, 
 2DIAGNOSTIC,     3, -4.334997061176e-01, 1.797693134862e+308, 8.1226e-01, 4.4181e-03, 
 2DIAGNOSTIC,     4, -4.389575130370e-01, 1.797693134862e+308, 8.1674e-01, 4.4770e-03, 
 2DIAGNOSTIC,     5, -4.438813134482e-01, 1.797693134862e+308, 8.2122e-01, 4.4808e-03, 
 2DIAGNOSTIC,     6, -4.461495460377e-01, 1.797693134862e+308, 8.2574e-01, 4.5190e-03, 
 2DIAGNOSTIC,     7, -4.511407144429e-01, 1.797693134862e+308, 8.3100e-01, 5.2650e-03, 
 2DIAGNOSTIC,     8, -4.667812032718e-01, 1.797693134862e+308, 8.3633e-01, 5.3260e-03, 
 2DIAGNOSTIC,     9, -4.753090114372e-01, 1.797693134862e+308, 8.4143e-01, 5.1010e-03, 
 2DIAGNOSTIC,    10, -4.802481719655e-01, 7.481707542057e-03, 8.4665e-01, 5.2230e-03, 
 2DIAGNOSTIC,    11, -4.821261368877e-01, 7.356704266140e-03, 8.5127e-01, 4.6141e-03, 
 2DIAGNOSTIC,    12, -4.837491005317e-01, 6.749992380107e-03, 8.5670e-01, 5.4281e-03, 
 2DIAGNOSTIC,    13, -5.028244927616e-01, 6.622215038769e-03, 8.6430e-01, 7.6039e-03, 
 2DIAGNOSTIC,    14, -5.042109134417e-01, 6.183615245763e-03, 8.6883e-01, 4.5319e-03, 
 2DIAGNOSTIC,    15, -5.066116081871e-01, 5.558135432449e-03, 8.7332e-01, 4.4880e-03, 
 2DIAGNOSTIC,    16, -5.083451635905e-01, 4.676295421587e-03, 8.7787e-01, 4.5471e-03, 
 2DIAGNOSTIC,    17, -5.184993492594e-01, 3.998770500554e-03, 8.8492e-01, 7.0550e-03, 
 2DIAGNOSTIC,    18, -5.256348855963e-01, 3.769024583682e-03, 8.8986e-01, 4.9398e-03, 
 2DIAGNOSTIC,    19, -5.260487278537e-01, 3.491513207931e-03, 8.9525e-01, 5.3890e-03, 
 2DIAGNOSTIC,    20, -5.292109537032e-01, 3.174906833523e-03, 9.0071e-01, 5.4562e-03, 
 2DIAGNOSTIC,    21, -5.301818260965e-01, 2.681600032875e-03, 9.0526e-01, 4.5569e-03, 
 2DIAGNOSTIC,    22, -5.312241380902e-01, 2.041188843990e-03, 9.1035e-01, 5.0850e-03, 
 2DIAGNOSTIC,    23, -5.321371350556e-01, 1.776979217186e-03, 9.1601e-01, 5.6610e-03, 
 2DIAGNOSTIC,    24, -5.330747200969e-01, 1.429097972073e-03, 9.2055e-01, 4.5371e-03, 
 2DIAGNOSTIC,    25, -5.340979421145e-01, 1.060387368284e-03, 9.2568e-01, 5.1281e-03, 
 2DIAGNOSTIC,    26, -5.353301767971e-01, 6.839345610038e-04, 9.3196e-01, 6.2840e-03, 
 2DIAGNOSTIC,    27, -5.359877813237e-01, 5.005578633278e-04, 9.3641e-01, 4.4498e-03, 
 2DIAGNOSTIC,    28, -5.363338855614e-01, 4.385709988327e-04, 9.4094e-01, 4.5300e-03, 
 2DIAGNOSTIC,    29, -5.373050747674e-01, 3.660295465807e-04, 9.4551e-01, 4.5738e-03, 
 2DIAGNOSTIC,    30, -5.398201305446e-01, 3.715997601803e-04, 9.5091e-01, 5.3949e-03, 
 2DIAGNOSTIC,    31, -5.446421228334e-01, 4.465273941215e-04, 9.6139e-01, 1.0484e-02, 
 2DIAGNOSTIC,    32, -5.446645369022e-01, 4.912643384693e-04, 9.6584e-01, 4.4479e-03, 
 2DIAGNOSTIC,    33, -5.447646747915e-01, 5.056474947606e-04, 9.7024e-01, 4.4012e-03, 
 2DIAGNOSTIC,    34, -5.449310875181e-01, 4.904121795389e-04, 9.7464e-01, 4.3969e-03, 
 2DIAGNOSTIC,    35, -5.452045273889e-01, 4.491565015937e-04, 9.7901e-01, 4.3731e-03, 
 2DIAGNOSTIC,    36, -5.456974562663e-01, 3.933117089665e-04, 9.8339e-01, 4.3750e-03, 
 2DIAGNOSTIC,    37, -5.462998622539e-01, 3.227898942612e-04, 9.8779e-01, 4.4072e-03, 
 2DIAGNOSTIC,    38, -5.470544314522e-01, 2.429343467534e-04, 9.9217e-01, 4.3740e-03, 
 2DIAGNOSTIC,    39, -5.483333115691e-01, 1.763353548837e-04, 9.9711e-01, 4.9438e-03, 
 2DIAGNOSTIC,    40, -5.485726099129e-01, 1.327621720669e-04, 1.0017e+00, 4.6010e-03, 
 2DIAGNOSTIC,    41, -5.488485438209e-01, 1.482725607184e-04, 1.0070e+00, 5.3000e-03, 
 2DIAGNOSTIC,    42, -5.491457785669e-01, 1.532232524270e-04, 1.0117e+00, 4.7040e-03, 
 2DIAGNOSTIC,    43, -5.502476036693e-01, 1.586963856095e-04, 1.0172e+00, 5.5020e-03, 
 2DIAGNOSTIC,    44, -5.634820994105e-01, 3.167393183778e-04, 1.0238e+00, 6.6161e-03, 
 2DIAGNOSTIC,    45, -5.665646638358e-01, 4.735740187039e-04, 1.0290e+00, 5.1551e-03, 
 2DIAGNOSTIC,    46, -5.687285965205e-01, 6.106752935662e-04, 1.0340e+00, 4.9982e-03, 
 2DIAGNOSTIC,    47, -5.690895368044e-01, 6.964375871407e-04, 1.0389e+00, 4.9341e-03, 
 2DIAGNOSTIC,    48, -5.694267656675e-01, 7.238716458616e-04, 1.0433e+00, 4.3781e-03, 
 2DIAGNOSTIC,    49, -5.697235199144e-01, 6.961977804314e-04, 1.0477e+00, 4.4260e-03, 
 2DIAGNOSTIC,    50, -5.705594040787e-01, 6.138870710404e-04, 1.0538e+00, 6.0720e-03, 
 2DIAGNOSTIC,    51, -5.708994803975e-01, 4.846673456570e-04, 1.0587e+00, 4.9088e-03, 
 2DIAGNOSTIC,    52, -5.711756276068e-01, 3.222893422240e-04, 1.0631e+00, 4.3919e-03, 
 2DIAGNOSTIC,    53, -5.714012480426e-01, 1.462631739931e-04, 1.0675e+00, 4.4129e-03, 
 2DIAGNOSTIC,    54, -5.723197283077e-01, 1.048809665823e-04, 1.0721e+00, 4.5829e-03, 
 2DIAGNOSTIC,    55, -5.761374214241e-01, 1.221841118761e-04, 1.0791e+00, 7.0150e-03, 
 2DIAGNOSTIC,    56, -5.785555107975e-01, 1.703309094251e-04, 1.0837e+00, 4.5512e-03, 
 2DIAGNOSTIC,    57, -5.817168876764e-01, 2.335767468323e-04, 1.0893e+00, 5.6090e-03, 
 2DIAGNOSTIC,    58, -5.826788685094e-01, 2.841125526208e-04, 1.0943e+00, 5.0762e-03, 
 2DIAGNOSTIC,    59, -5.828895506032e-01, 3.102023984853e-04, 1.0994e+00, 5.0631e-03, 
 2DIAGNOSTIC,    60, -5.831247913038e-01, 3.149789169403e-04, 1.1044e+00, 5.0139e-03, 
 2DIAGNOSTIC,    61, -5.832221930278e-01, 2.928228930709e-04, 1.1094e+00, 4.9689e-03, 
 2DIAGNOSTIC,    62, -5.831864117964e-01, 2.454812316102e-04, 1.1143e+00, 4.9450e-03, 
 2DIAGNOSTIC,    63, -5.834774735062e-01, 1.809302830833e-04, 1.1188e+00, 4.4332e-03, 
 2DIAGNOSTIC,    64, -5.842647727332e-01, 1.150844414418e-04, 1.1249e+00, 6.1340e-03, 
 2DIAGNOSTIC,    65, -5.848692465425e-01, 7.632371279280e-05, 1.1299e+00, 5.0080e-03, 
 2DIAGNOSTIC,    66, -5.849470139320e-01, 5.100443420866e-05, 1.1343e+00, 4.4198e-03, 
 2DIAGNOSTIC,    67, -5.849909913787e-01, 4.701380755327e-05, 1.1389e+00, 4.5750e-03, 
 2DIAGNOSTIC,    68, -5.853530979897e-01, 4.899826276354e-05, 1.1439e+00, 4.9951e-03, 
 2DIAGNOSTIC,    69, -5.854894292873e-01, 4.867346941343e-05, 1.1500e+00, 6.0720e-03, 
 2DIAGNOSTIC,    70, -5.856025224789e-01, 4.626965532223e-05, 1.1544e+00, 4.4169e-03, 
 2DIAGNOSTIC,    71, -5.856747119193e-01, 4.092511772941e-05, 1.1588e+00, 4.4010e-03, 
 2DIAGNOSTIC,    72, -5.860434014049e-01, 3.435825609297e-05, 1.1640e+00, 5.2130e-03, 
 2DIAGNOSTIC,    73, -5.863239712265e-01, 2.863988868173e-05, 1.1708e+00, 6.7751e-03, 
 2DIAGNOSTIC,    74, -5.864399536006e-01, 2.663861345121e-05, 1.1752e+00, 4.4072e-03, 
 2DIAGNOSTIC,    75, -5.869928733533e-01, 3.033419769379e-05, 1.1796e+00, 4.3941e-03, 
 2DIAGNOSTIC,    76, -5.870780399337e-01, 3.211699966862e-05, 1.1840e+00, 4.3981e-03, 
 2DIAGNOSTIC,    77, -5.871049672776e-01, 3.122212932372e-05, 1.1889e+00, 4.8881e-03, 
 2DIAGNOSTIC,    78, -5.871360831645e-01, 3.003307322242e-05, 1.1933e+00, 4.4060e-03, 
 2DIAGNOSTIC,    79, -5.871924129964e-01, 2.729340543797e-05, 1.1982e+00, 4.9078e-03, 
 2DIAGNOSTIC,    80, -5.871657500266e-01, 2.257510042752e-05, 1.2026e+00, 4.3781e-03, 
 2DIAGNOSTIC,    81, -5.872590003598e-01, 1.686668983918e-05, 1.2075e+00, 4.9071e-03, 
 2DIAGNOSTIC,    82, -5.873305363192e-01, 1.251800260297e-05, 1.2156e+00, 8.1730e-03, 
 2DIAGNOSTIC,    83, -5.873305633216e-01, 8.891866039017e-06, 1.2200e+00, 4.3631e-03, 
 2DIAGNOSTIC,    84, -5.873309407063e-01, 5.180726989837e-06, 1.2244e+00, 4.4260e-03, 
 2DIAGNOSTIC,    85, -5.873312954501e-01, 4.485314357547e-06, 1.2288e+00, 4.3550e-03, 
 2DIAGNOSTIC,    86, -5.873317891783e-01, 3.923214235799e-06, 1.2332e+00, 4.3712e-03, 
 2DIAGNOSTIC,    87, -5.873325018479e-01, 3.186160814087e-06, 1.2375e+00, 4.3690e-03, 
 2DIAGNOSTIC,    88, -5.873332990913e-01, 2.381211193307e-06, 1.2419e+00, 4.4179e-03, 
 2DIAGNOSTIC,    89, -5.873342598523e-01, 1.754471554569e-06, 1.2468e+00, 4.8919e-03, 
DIAGNOSTIC,Iteration,metricValue,convergenceValue,ITERATION_TIME_INDEX,SINCE_LAST
 2DIAGNOSTIC,     1, -4.734723734692e-01, 1.797693134862e+308, 1.9739e+00, 7.2702e-01, 
 2DIAGNOSTIC,     2, -4.741661971280e-01, 1.797693134862e+308, 2.0025e+00, 2.8675e-02, 
 2DIAGNOSTIC,     3, -4.753001786350e-01, 1.797693134862e+308, 2.0321e+00, 2.9558e-02, 
 2DIAGNOSTIC,     4, -4.774232966729e-01, 1.797693134862e+308, 2.0598e+00, 2.7677e-02, 
 2DIAGNOSTIC,     5, -4.804648150666e-01, 1.797693134862e+308, 2.0884e+00, 2.8599e-02, 
 2DIAGNOSTIC,     6, -4.823100667598e-01, 1.797693134862e+308, 2.1210e+00, 3.2665e-02, 
 2DIAGNOSTIC,     7, -4.831921684455e-01, 1.797693134862e+308, 2.1499e+00, 2.8875e-02, 
 2DIAGNOSTIC,     8, -4.833131217404e-01, 1.797693134862e+308, 2.1772e+00, 2.7340e-02, 
 2DIAGNOSTIC,     9, -4.836113974479e-01, 1.797693134862e+308, 2.2111e+00, 3.3815e-02, 
 2DIAGNOSTIC,    10, -4.842295628585e-01, 1.640181645690e-03, 2.2558e+00, 4.4748e-02, 
 2DIAGNOSTIC,    11, -4.848278295154e-01, 1.309406918272e-03, 2.2843e+00, 2.8524e-02, 
 2DIAGNOSTIC,    12, -4.858944884677e-01, 1.004535383653e-03, 2.3129e+00, 2.8547e-02, 
 2DIAGNOSTIC,    13, -4.869916147791e-01, 7.572795177884e-04, 2.3419e+00, 2.9027e-02, 
 2DIAGNOSTIC,    14, -4.876658166793e-01, 5.922693926274e-04, 2.3771e+00, 3.5177e-02, 
 2DIAGNOSTIC,    15, -4.880803472727e-01, 5.298351559868e-04, 2.4111e+00, 3.4031e-02, 
 2DIAGNOSTIC,    16, -4.885504663036e-01, 5.113800337510e-04, 2.4449e+00, 3.3775e-02, 
 2DIAGNOSTIC,    17, -4.892431336946e-01, 5.023451575344e-04, 2.4757e+00, 3.0850e-02, 
 2DIAGNOSTIC,    18, -4.896233789932e-01, 4.637071790584e-04, 2.5118e+00, 3.6060e-02, 
 2DIAGNOSTIC,    19, -4.900464158563e-01, 4.085491502851e-04, 2.5439e+00, 3.2083e-02, 
 2DIAGNOSTIC,    20, -4.902401938493e-01, 3.452093027218e-04, 2.5915e+00, 4.7612e-02, 
 2DIAGNOSTIC,    21, -4.903617626046e-01, 2.757476887074e-04, 2.6257e+00, 3.4244e-02, 
 2DIAGNOSTIC,    22, -4.908525637162e-01, 2.279185987452e-04, 2.6611e+00, 3.5332e-02, 
 2DIAGNOSTIC,    23, -4.910741373240e-01, 1.960513328026e-04, 2.6971e+00, 3.5984e-02, 
 2DIAGNOSTIC,    24, -4.911486230494e-01, 1.668469735578e-04, 2.7284e+00, 3.1352e-02, 
 2DIAGNOSTIC,    25, -4.912290520300e-01, 1.361669013066e-04, 2.7666e+00, 3.8211e-02, 
 2DIAGNOSTIC,    26, -4.913424661967e-01, 1.080870749509e-04, 2.8094e+00, 4.2782e-02, 
 2DIAGNOSTIC,    27, -4.914031123419e-01, 8.808656303699e-05, 2.8441e+00, 3.4695e-02, 
 2DIAGNOSTIC,    28, -4.914026440890e-01, 6.900409423800e-05, 2.8835e+00, 3.9454e-02, 
 2DIAGNOSTIC,    29, -4.914041777270e-01, 5.348744538806e-05, 2.9166e+00, 3.3076e-02, 
 2DIAGNOSTIC,    30, -4.914074127671e-01, 3.799867306990e-05, 2.9491e+00, 3.2516e-02, 
 2DIAGNOSTIC,    31, -4.914015112750e-01, 2.196500592305e-05, 2.9795e+00, 3.0309e-02, 
 2DIAGNOSTIC,    32, -4.914041326727e-01, 1.386787835990e-05, 3.0114e+00, 3.1967e-02, 
 2DIAGNOSTIC,    33, -4.914062405275e-01, 9.010088581979e-06, 3.0402e+00, 2.8802e-02, 
 2DIAGNOSTIC,    34, -4.914019531446e-01, 4.881034847561e-06, 3.0719e+00, 3.1681e-02, 
 2DIAGNOSTIC,    35, -4.914074000074e-01, 2.008129790673e-06, 3.1006e+00, 2.8698e-02, 
 2DIAGNOSTIC,    36, -4.914175307424e-01, 1.165057818608e-06, 3.1356e+00, 3.4991e-02, 
 2DIAGNOSTIC,    37, -4.914127203906e-01, 1.218268486630e-06, 3.1672e+00, 3.1651e-02, 
 2DIAGNOSTIC,    38, -4.914152832659e-01, 1.270688826400e-06, 3.1992e+00, 3.1986e-02, 
 2DIAGNOSTIC,    39, -4.914112621767e-01, 1.241910103839e-06, 3.2274e+00, 2.8152e-02, 
 2DIAGNOSTIC,    40, -4.914097928111e-01, 1.203039485264e-06, 3.2557e+00, 2.8345e-02, 
 2DIAGNOSTIC,    41, -4.914357558120e-01, 1.409229895263e-06, 3.2837e+00, 2.7976e-02, 
 2DIAGNOSTIC,    42, -4.914516790814e-01, 1.791561676071e-06, 3.3117e+00, 2.7959e-02, 
 2DIAGNOSTIC,    43, -4.915144620688e-01, 2.939201609903e-06, 3.3400e+00, 2.8377e-02, 
 2DIAGNOSTIC,    44, -4.916596783038e-01, 5.673740913953e-06, 3.3666e+00, 2.6544e-02, 
 2DIAGNOSTIC,    45, -4.920133172611e-01, 1.241413641872e-05, 3.3969e+00, 3.0364e-02, 
 2DIAGNOSTIC,    46, -4.921279549559e-01, 1.922082623491e-05, 3.4435e+00, 4.6568e-02, 
 2DIAGNOSTIC,    47, -4.922222764507e-01, 2.510318403520e-05, 3.4775e+00, 3.3970e-02, 
 2DIAGNOSTIC,    48, -4.922903055047e-01, 2.929578365235e-05, 3.5099e+00, 3.2437e-02, 
 2DIAGNOSTIC,    49, -4.925419374747e-01, 3.348558787201e-05, 3.5391e+00, 2.9212e-02, 
 2DIAGNOSTIC,    50, -4.931345099832e-01, 4.110522776763e-05, 3.5700e+00, 3.0855e-02, 
 2DIAGNOSTIC,    51, -4.932733576777e-01, 4.626624270507e-05, 3.6093e+00, 3.9271e-02, 
 2DIAGNOSTIC,    52, -4.933331845291e-01, 4.781639722962e-05, 3.6407e+00, 3.1476e-02, 
 2DIAGNOSTIC,    53, -4.933833005088e-01, 4.611745401695e-05, 3.6718e+00, 3.1065e-02, 
 2DIAGNOSTIC,    54, -4.934525531334e-01, 4.228883689674e-05, 3.7066e+00, 3.4795e-02, 
 2DIAGNOSTIC,    55, -4.935452456072e-01, 3.917781282517e-05, 3.7600e+00, 5.3386e-02, 
 2DIAGNOSTIC,    56, -4.935566623432e-01, 3.374295977981e-05, 3.7952e+00, 3.5230e-02, 
 2DIAGNOSTIC,    57, -4.935501740598e-01, 2.632050038980e-05, 3.8301e+00, 3.4916e-02, 
 2DIAGNOSTIC,    58, -4.935355379372e-01, 1.724250368096e-05, 3.8596e+00, 2.9436e-02, 
 2DIAGNOSTIC,    59, -4.935287288249e-01, 9.128037283705e-06, 3.8888e+00, 2.9235e-02, 
 2DIAGNOSTIC,    60, -4.935141594176e-01, 6.013561165061e-06, 3.9217e+00, 3.2900e-02, 
 2DIAGNOSTIC,    61, -4.935149745588e-01, 3.800810752248e-06, 3.9553e+00, 3.3585e-02, 
 2DIAGNOSTIC,    62, -4.935078948136e-01, 1.845666522830e-06, 3.9856e+00, 3.0292e-02, 
DIAGNOSTIC,Iteration,metricValue,convergenceValue,ITERATION_TIME_INDEX,SINCE_LAST
 2DIAGNOSTIC,     1, -4.341757815013e-01, 1.797693134862e+308, 5.0447e+00, 1.0592e+00, 
 2DIAGNOSTIC,     2, -4.343470925416e-01, 1.797693134862e+308, 5.2782e+00, 2.3349e-01, 
 2DIAGNOSTIC,     3, -4.344578112477e-01, 1.797693134862e+308, 5.5024e+00, 2.2414e-01, 
 2DIAGNOSTIC,     4, -4.345411282161e-01, 1.797693134862e+308, 5.7301e+00, 2.2774e-01, 
 2DIAGNOSTIC,     5, -4.346256190757e-01, 1.797693134862e+308, 5.9571e+00, 2.2702e-01, 
 2DIAGNOSTIC,     6, -4.350219633649e-01, 1.797693134862e+308, 6.3294e+00, 3.7227e-01, 
 2DIAGNOSTIC,     7, -4.351113662237e-01, 1.797693134862e+308, 6.5804e+00, 2.5095e-01, 
 2DIAGNOSTIC,     8, -4.351785706728e-01, 1.797693134862e+308, 6.9367e+00, 3.5638e-01, 
 2DIAGNOSTIC,     9, -4.351826658772e-01, 1.797693134862e+308, 7.1826e+00, 2.4589e-01, 
 2DIAGNOSTIC,    10, -4.351968859779e-01, 1.724086449980e-04, 7.4235e+00, 2.4092e-01, 
 2DIAGNOSTIC,    11, -4.352209378191e-01, 1.361620536793e-04, 7.7133e+00, 2.8974e-01, 
 2DIAGNOSTIC,    12, -4.352327725844e-01, 1.037431189728e-04, 8.1846e+00, 4.7131e-01, 
 2DIAGNOSTIC,    13, -4.352329852582e-01, 7.295606400538e-05, 8.4673e+00, 2.8272e-01, 
 2DIAGNOSTIC,    14, -4.352341674559e-01, 4.429613378761e-05, 8.7499e+00, 2.8258e-01, 
 2DIAGNOSTIC,    15, -4.352350846398e-01, 1.893615595125e-05, 9.0254e+00, 2.7554e-01, 
 2DIAGNOSTIC,    16, -4.352341376703e-01, 1.126439637524e-05, 9.3408e+00, 3.1532e-01, 
 2DIAGNOSTIC,    17, -4.352331823127e-01, 6.969204120071e-06, 9.6523e+00, 3.1156e-01, 
 2DIAGNOSTIC,    18, -4.352318436714e-01, 5.086973204033e-06, 9.9017e+00, 2.4935e-01, 
 2DIAGNOSTIC,    19, -4.352306552852e-01, 3.197555877209e-06, 1.0162e+01, 2.6069e-01, 
 2DIAGNOSTIC,    20, -4.352310341058e-01, 1.814396961265e-06, 1.0411e+01, 2.4818e-01, 
 2DIAGNOSTIC,    21, -4.352304831385e-01, 1.262545980013e-06, 1.0673e+01, 2.6246e-01, 
 2DIAGNOSTIC,    22, -4.352291839986e-01, 1.098822025473e-06, 1.0942e+01, 2.6944e-01, 
DIAGNOSTIC,Iteration,metricValue,convergenceValue,ITERATION_TIME_INDEX,SINCE_LAST
 2DIAGNOSTIC,     1, -4.015913023808e-01, 1.797693134862e+308, 1.3460e+01, 2.5179e+00, 
 2DIAGNOSTIC,     2, -4.017318445463e-01, 1.797693134862e+308, 1.4781e+01, 1.3207e+00, 
 2DIAGNOSTIC,     3, -4.018672635231e-01, 1.797693134862e+308, 1.6339e+01, 1.5575e+00, 
 2DIAGNOSTIC,     4, -4.020097429101e-01, 1.797693134862e+308, 1.7816e+01, 1.4777e+00, 
 2DIAGNOSTIC,     5, -4.020531555250e-01, 1.797693134862e+308, 1.9787e+01, 1.9708e+00, 
 2DIAGNOSTIC,     6, -4.020585588852e-01, 1.797693134862e+308, 2.1300e+01, 1.5129e+00, 
 2DIAGNOSTIC,     7, -4.020588234989e-01, 1.797693134862e+308, 2.2686e+01, 1.3859e+00, 
 2DIAGNOSTIC,     8, -4.020656823780e-01, 1.797693134862e+308, 2.4104e+01, 1.4187e+00, 
 2DIAGNOSTIC,     9, -4.020777723517e-01, 1.797693134862e+308, 2.5593e+01, 1.4888e+00, 
 2DIAGNOSTIC,    10, -4.021170422097e-01, 7.325496778163e-05, 2.7718e+01, 2.1253e+00, 
 2DIAGNOSTIC,    11, -4.021232154648e-01, 4.552131536098e-05, 3.0208e+01, 2.4900e+00, 
 2DIAGNOSTIC,    12, -4.021236103143e-01, 2.683318923238e-05, 3.1946e+01, 1.7373e+00, 
 2DIAGNOSTIC,    13, -4.021231548129e-01, 1.601801466268e-05, 3.3597e+01, 1.6513e+00, 
 2DIAGNOSTIC,    14, -4.021230434590e-01, 1.263263665990e-05, 3.5188e+01, 1.5906e+00, 
 2DIAGNOSTIC,    15, -4.021231064565e-01, 1.076588945403e-05, 3.6928e+01, 1.7405e+00, 
 2DIAGNOSTIC,    16, -4.021229944735e-01, 8.573996727546e-06, 3.8556e+01, 1.6280e+00, 
 2DIAGNOSTIC,    17, -4.021228952715e-01, 6.064098725972e-06, 4.0022e+01, 1.4656e+00, 
 2DIAGNOSTIC,    18, -4.021228751528e-01, 3.723715721257e-06, 4.1567e+01, 1.5457e+00, 
 2DIAGNOSTIC,    19, -4.021227674034e-01, 1.855430164663e-06, 4.2908e+01, 1.3411e+00, 
 2DIAGNOSTIC,    20, -4.021228810976e-01, 1.542927937144e-06, 4.4273e+01, 1.3646e+00, 
 2DIAGNOSTIC,    21, -4.021228039711e-01, 1.469140923402e-06, 4.6031e+01, 1.7582e+00, 
 2DIAGNOSTIC,    22, -4.021228158708e-01, 1.419956384606e-06, 4.7591e+01, 1.5602e+00, 
 2DIAGNOSTIC,    23, -4.021227051199e-01, 1.360216012533e-06, 4.9231e+01, 1.6398e+00, 
 2DIAGNOSTIC,    24, -4.021226951772e-01, 1.304006999672e-06, 5.0798e+01, 1.5667e+00, 
 2DIAGNOSTIC,    25, -4.021224035816e-01, 1.247851725367e-06, 5.2172e+01, 1.3745e+00, 
 2DIAGNOSTIC,    26, -4.021224050045e-01, 1.195558184779e-06, 5.3742e+01, 1.5699e+00, 
 2DIAGNOSTIC,    27, -4.021224869031e-01, 1.149276838544e-06, 5.5229e+01, 1.4867e+00, 
 2DIAGNOSTIC,    28, -4.021224572424e-01, 1.107733409278e-06, 5.7046e+01, 1.8172e+00, 
 2DIAGNOSTIC,    29, -4.021223924793e-01, 1.067530571372e-06, 5.8546e+01, 1.4998e+00, 
 2DIAGNOSTIC,    30, -4.021223218063e-01, 1.034008792915e-06, 5.9907e+01, 1.3613e+00, 
 2DIAGNOSTIC,    31, -4.021223498975e-01, 1.004029415219e-06, 6.1458e+01, 1.5511e+00, 
  Elapsed time (stage 0): 6.2393e+01


Total elapsed time: 6.2395e+01
Info [verificarlo]: loaded backend libinterflop_ieee.so
Info [interflop-ieee]: load backend with:
Info [interflop-ieee]: debug = false
Info [interflop-ieee]: debug-binary = false
Info [interflop-ieee]: no-backend-name = false
Info [interflop-ieee]: print-new-line = false
Info [interflop-ieee]: print-subnormal-normalized = false
Info [interflop-ieee]: count-op = false
All_Command_lines_OK
Using double precision for computations.
=============================================================================
The composite transform comprises the following transforms (in order): 
  1. /home/mdugre/scratch/mri-registration-rp/datasets/ds004513/derivatives/mri-registration-rp/0001/antsRegistration-r7-p14/sub-s037/rigid_Composite.h5[0] (type = Euler3DTransform)
  2. /home/mdugre/scratch/mri-registration-rp/datasets/ds004513/derivatives/mri-registration-rp/0001/antsRegistration-r7-p14/sub-s037/rigid_Composite.h5[1] (type = Euler3DTransform)
  3. /home/mdugre/scratch/mri-registration-rp/datasets/ds004513/derivatives/mri-registration-rp/0001/antsRegistration-r7-p14/sub-s037/rigid_Composite.h5[2] (type = Euler3DTransform)
=============================================================================
  number of levels = 4
  fixed image: /templateflow/tpl-MNI152NLin2009cAsym/tpl-MNI152NLin2009cAsym_res-01_desc-brain_T1w.nii.gz
  moving image: /home/mdugre/scratch/mri-registration-rp/datasets/ds004513/derivatives/mri-registration-rp/antsBrainExtraction/sub-s037/BrainExtractionBrain.nii.gz
Dimension = 3
Number of stages = 1
Use histogram matching = false
Winsorize image intensities = true
  Lower quantile = 0.005
  Upper quantile = 0.995


Stage 1 State
   Image metric = MattesMI
     Fixed image = Image (0x3aa67e0)
  RTTI typeinfo:   itk::Image<double, 3u>
  Reference Count: 2
  Modified Time: 1592
  Debug: Off
  Object Name: 
  Observers: 
    none
  Source: (none)
  Source output name: (none)
  Release Data: Off
  Data Released: False
  Global Release Data: Off
  PipelineMTime: 0
  UpdateMTime: 1203
  RealTimeStamp: 0 seconds 
  LargestPossibleRegion: 
    Dimension: 3
    Index: [0, 0, 0]
    Size: [193, 229, 193]
  BufferedRegion: 
    Dimension: 3
    Index: [0, 0, 0]
    Size: [193, 229, 193]
  RequestedRegion: 
    Dimension: 3
    Index: [0, 0, 0]
    Size: [193, 229, 193]
  Spacing: [1, 1, 1]
  Origin: [96, 132, -78]
  Direction: 
-1 0 0
0 -1 0
0 0 1

  IndexToPointMatrix: 
-1 0 0
0 -1 0
0 0 1

  PointToIndexMatrix: 
-1 0 0
0 -1 0
0 0 1

  Inverse Direction: 
-1 0 0
0 -1 0
0 0 1

  PixelContainer: 
    ImportImageContainer (0x3b66a20)
      RTTI typeinfo:   itk::ImportImageContainer<unsigned long, double>
      Reference Count: 1
      Modified Time: 1200
      Debug: Off
      Object Name: 
      Observers: 
        none
      Pointer: 0x14ebb435b010
      Container manages memory: true
      Size: 8530021
      Capacity: 8530021

     Moving image = Image (0x3b61d70)
  RTTI typeinfo:   itk::Image<double, 3u>
  Reference Count: 2
  Modified Time: 1593
  Debug: Off
  Object Name: 
  Observers: 
    none
  Source: (none)
  Source output name: (none)
  Release Data: Off
  Data Released: False
  Global Release Data: Off
  PipelineMTime: 0
  UpdateMTime: 1590
  RealTimeStamp: 0 seconds 
  LargestPossibleRegion: 
    Dimension: 3
    Index: [0, 0, 0]
    Size: [160, 240, 256]
  BufferedRegion: 
    Dimension: 3
    Index: [0, 0, 0]
    Size: [160, 240, 256]
  RequestedRegion: 
    Dimension: 3
    Index: [0, 0, 0]
    Size: [160, 240, 256]
  Spacing: [1, 1, 1]
  Origin: [87.9508, 102.562, -147.639]
  Direction: 
-0.998659 -0.0436121 -0.0279129
0.043595 -0.999049 0.00121847
-0.0279395 -2.65543e-08 0.99961

  IndexToPointMatrix: 
-0.998659 -0.0436121 -0.0279129
0.043595 -0.999049 0.00121847
-0.0279395 -2.65543e-08 0.99961

  PointToIndexMatrix: 
-0.998659 0.043595 -0.0279395
-0.0436121 -0.999049 -2.65517e-08
-0.0279129 0.00121847 0.99961

  Inverse Direction: 
-0.998659 0.043595 -0.0279395
-0.0436121 -0.999049 -2.65517e-08
-0.0279129 0.00121847 0.99961

  PixelContainer: 
    ImportImageContainer (0x3b19c90)
      RTTI typeinfo:   itk::ImportImageContainer<unsigned long, double>
      Reference Count: 1
      Modified Time: 1587
      Debug: Off
      Object Name: 
      Observers: 
        none
      Pointer: 0x14ebaf85a010
      Container manages memory: true
      Size: 9830400
      Capacity: 9830400

     Weighting = 1
     Sampling strategy = regular
     Number of bins = 32
     Radius = 4
     Sampling percentage  = 0.25
   Transform = Affine
     Gradient step = 0.1
     Update field sigma (voxel space) = 0
     Total field sigma (voxel space) = 0
     Update field time sigma = 0
     Total field time sigma  = 0
     Number of time indices = 0
     Number of time point samples = 0
Registration using 1 total stages.

Stage 0
  iterations = 1000x500x250x100
  convergence threshold = 1e-06
  convergence window size = 10
  number of levels = 4
  using the Mattes MI metric (number of bins = 32, weight = 1, use gradient filter = 0)
  preprocessing:  winsorizing the image intensities
  Shrink factors (level 1 out of 4): [8, 8, 8]
  Shrink factors (level 2 out of 4): [4, 4, 4]
  Shrink factors (level 3 out of 4): [2, 2, 2]
  Shrink factors (level 4 out of 4): [1, 1, 1]
  smoothing sigmas per level: [3, 2, 1, 0]
  regular sampling (percentage = 0.25)

*** Running AffineTransform registration ***

DIAGNOSTIC,Iteration,metricValue,convergenceValue,ITERATION_TIME_INDEX,SINCE_LAST
 2DIAGNOSTIC,     1, -5.844090969352e-01, 1.797693134862e+308, 6.9607e-01, 6.9607e-01, 
 2DIAGNOSTIC,     2, -5.861270596465e-01, 1.797693134862e+308, 7.0048e-01, 4.4081e-03, 
 2DIAGNOSTIC,     3, -5.894350253138e-01, 1.797693134862e+308, 7.0476e-01, 4.2799e-03, 
 2DIAGNOSTIC,     4, -5.957189187306e-01, 1.797693134862e+308, 7.0912e-01, 4.3650e-03, 
 2DIAGNOSTIC,     5, -6.043155351653e-01, 1.797693134862e+308, 7.1345e-01, 4.3290e-03, 
 2DIAGNOSTIC,     6, -6.143746549208e-01, 1.797693134862e+308, 7.1770e-01, 4.2448e-03, 
 2DIAGNOSTIC,     7, -6.376020365557e-01, 1.797693134862e+308, 7.2246e-01, 4.7650e-03, 
 2DIAGNOSTIC,     8, -6.739838612517e-01, 1.797693134862e+308, 7.2793e-01, 5.4691e-03, 
 2DIAGNOSTIC,     9, -6.918937623743e-01, 1.797693134862e+308, 7.3335e-01, 5.4171e-03, 
 2DIAGNOSTIC,    10, -6.972742557670e-01, 1.294941137507e-02, 7.4113e-01, 7.7829e-03, 
 2DIAGNOSTIC,    11, -6.974591315355e-01, 1.261558301306e-02, 7.4590e-01, 4.7650e-03, 
 2DIAGNOSTIC,    12, -6.985373871554e-01, 1.131949483321e-02, 7.5067e-01, 4.7691e-03, 
 2DIAGNOSTIC,    13, -7.016524054508e-01, 9.418682902226e-03, 7.5546e-01, 4.7941e-03, 
 2DIAGNOSTIC,    14, -7.054622416397e-01, 7.266357666939e-03, 7.6033e-01, 4.8730e-03, 
 2DIAGNOSTIC,    15, -7.094593095099e-01, 5.139686116609e-03, 7.6706e-01, 6.7229e-03, 
 2DIAGNOSTIC,    16, -7.118846592736e-01, 3.169739803486e-03, 7.7341e-01, 6.3519e-03, 
 2DIAGNOSTIC,    17, -7.150516608919e-01, 1.809886040185e-03, 7.7924e-01, 5.8291e-03, 
 2DIAGNOSTIC,    18, -7.171725734542e-01, 1.351629793499e-03, 7.8496e-01, 5.7199e-03, 
 2DIAGNOSTIC,    19, -7.183573050018e-01, 1.245035182284e-03, 7.9065e-01, 5.6951e-03, 
 2DIAGNOSTIC,    20, -7.186985630743e-01, 1.156668490536e-03, 7.9619e-01, 5.5401e-03, 
 2DIAGNOSTIC,    21, -7.188219148733e-01, 9.771253041272e-04, 8.0172e-01, 5.5249e-03, 
 2DIAGNOSTIC,    22, -7.188356179413e-01, 7.446341900872e-04, 8.0680e-01, 5.0879e-03, 
 2DIAGNOSTIC,    23, -7.197208178937e-01, 5.363230521339e-04, 8.1231e-01, 5.5079e-03, 
 2DIAGNOSTIC,    24, -7.206745495405e-01, 3.782756182910e-04, 8.2064e-01, 8.3270e-03, 
 2DIAGNOSTIC,    25, -7.206935640423e-01, 2.652268053466e-04, 8.2613e-01, 5.4932e-03, 
 2DIAGNOSTIC,    26, -7.207118244499e-01, 1.755083784646e-04, 8.3161e-01, 5.4760e-03, 
 2DIAGNOSTIC,    27, -7.205817313577e-01, 1.228686721426e-04, 8.3648e-01, 4.8718e-03, 
 2DIAGNOSTIC,    28, -7.205701870707e-01, 9.345894875439e-05, 8.4204e-01, 5.5571e-03, 
 2DIAGNOSTIC,    29, -7.206477658324e-01, 7.515271301312e-05, 8.4688e-01, 4.8430e-03, 
 2DIAGNOSTIC,    30, -7.206128538802e-01, 5.541330290012e-05, 8.5164e-01, 4.7600e-03, 
 2DIAGNOSTIC,    31, -7.206666877147e-01, 3.461328758066e-05, 8.5628e-01, 4.6411e-03, 
 2DIAGNOSTIC,    32, -7.209198375001e-01, 1.529113310321e-05, 8.6142e-01, 5.1360e-03, 
 2DIAGNOSTIC,    33, -7.211466572645e-01, 9.327077930242e-06, 8.6612e-01, 4.7040e-03, 
 2DIAGNOSTIC,    34, -7.211799409557e-01, 1.482680821770e-05, 8.7086e-01, 4.7338e-03, 
 2DIAGNOSTIC,    35, -7.215231460339e-01, 2.298566303437e-05, 8.7552e-01, 4.6670e-03, 
 2DIAGNOSTIC,    36, -7.218558449207e-01, 3.255466886530e-05, 8.8123e-01, 5.7039e-03, 
 2DIAGNOSTIC,    37, -7.218599519837e-01, 3.707481853036e-05, 8.8665e-01, 5.4281e-03, 
 2DIAGNOSTIC,    38, -7.218633558560e-01, 3.784788769447e-05, 8.9235e-01, 5.6999e-03, 
 2DIAGNOSTIC,    39, -7.218742489677e-01, 3.607712466100e-05, 8.9684e-01, 4.4861e-03, 
 2DIAGNOSTIC,    40, -7.218869649454e-01, 3.079282498957e-05, 9.0166e-01, 4.8230e-03, 
 2DIAGNOSTIC,    41, -7.218940103934e-01, 2.341572047323e-05, 9.0731e-01, 5.6481e-03, 
 2DIAGNOSTIC,    42, -7.220003625338e-01, 1.772488130425e-05, 9.1279e-01, 5.4770e-03, 
 2DIAGNOSTIC,    43, -7.221003658555e-01, 1.384712584486e-05, 9.1783e-01, 5.0459e-03, 
 2DIAGNOSTIC,    44, -7.221016002456e-01, 9.153200467352e-06, 9.2300e-01, 5.1689e-03, 
 2DIAGNOSTIC,    45, -7.221051538096e-01, 6.949359074637e-06, 9.2789e-01, 4.8909e-03, 
 2DIAGNOSTIC,    46, -7.220063645959e-01, 6.329550041453e-06, 9.3333e-01, 5.4402e-03, 
 2DIAGNOSTIC,    47, -7.220071579931e-01, 5.250372475708e-06, 9.3793e-01, 4.5960e-03, 
 2DIAGNOSTIC,    48, -7.219071285592e-01, 2.935982390723e-06, 9.4290e-01, 4.9651e-03, 
DIAGNOSTIC,Iteration,metricValue,convergenceValue,ITERATION_TIME_INDEX,SINCE_LAST
 2DIAGNOSTIC,     1, -5.923912871834e-01, 1.797693134862e+308, 1.6573e+00, 7.1438e-01, 
 2DIAGNOSTIC,     2, -5.932579104209e-01, 1.797693134862e+308, 1.6938e+00, 3.6509e-02, 
 2DIAGNOSTIC,     3, -5.942638408462e-01, 1.797693134862e+308, 1.7315e+00, 3.7745e-02, 
 2DIAGNOSTIC,     4, -5.952740307167e-01, 1.797693134862e+308, 1.7680e+00, 3.6496e-02, 
 2DIAGNOSTIC,     5, -5.960045841366e-01, 1.797693134862e+308, 1.8053e+00, 3.7255e-02, 
 2DIAGNOSTIC,     6, -5.966184673063e-01, 1.797693134862e+308, 1.8429e+00, 3.7601e-02, 
 2DIAGNOSTIC,     7, -5.970740769489e-01, 1.797693134862e+308, 1.8825e+00, 3.9578e-02, 
 2DIAGNOSTIC,     8, -5.978357522114e-01, 1.797693134862e+308, 1.9225e+00, 3.9997e-02, 
 2DIAGNOSTIC,     9, -5.982924280028e-01, 1.797693134862e+308, 1.9607e+00, 3.8205e-02, 
