
##########################
# Experiment information #
##########################

EXPERIMENT_NAME: antsRegistration-r7-p9
VFC_BACKENDS: libinterflop_vprec.so --range-binary32=7 --precision-binary32=9 --range-binary64=7 --precision-binary64=9

SIF_IMG: /home/mdugre/projects/rrg-glatard/mdugre/containers/ants-vprec-no_metrics.simg

SUBJECT_ID: s032
INPUT_IMG: /home/mdugre/scratch/mri-registration-rp/datasets/ds004513/derivatives/mri-registration-rp/antsBrainExtraction/sub-s032/BrainExtractionBrain.nii.gz
OUTPUT_DIR: /home/mdugre/scratch/mri-registration-rp/datasets/ds004513/derivatives/mri-registration-rp/0001/antsRegistration-r7-p9/sub-s032

FIXED_IMG: /templateflow/tpl-MNI152NLin2009cAsym/tpl-MNI152NLin2009cAsym_res-01_desc-brain_T1w.nii.gz
DATA_DIR: /home/mdugre/scratch/mri-registration-rp/datasets/ds004513
TEMPLATEFLOW_DIR: /home/mdugre/projects/rrg-glatard/mdugre/templateflow
ITK_GLOBAL_DEFAULT_NUMBER_OF_THREADS: 16
##########################

Info [verificarlo]: loaded backend libinterflop_ieee.so
Info [interflop-ieee]: load backend with:
Info [interflop-ieee]: debug = false
Info [interflop-ieee]: debug-binary = false
Info [interflop-ieee]: no-backend-name = false
Info [interflop-ieee]: print-new-line = false
Info [interflop-ieee]: print-subnormal-normalized = false
Info [interflop-ieee]: count-op = false
All_Command_lines_OK
Using double precision for computations.
=============================================================================
The composite transform comprises the following transforms (in order): 
  1. Center of mass alignment using fixed image: /templateflow/tpl-MNI152NLin2009cAsym/tpl-MNI152NLin2009cAsym_res-01_desc-brain_T1w.nii.gz and moving image: /home/mdugre/scratch/mri-registration-rp/datasets/ds004513/derivatives/mri-registration-rp/antsBrainExtraction/sub-s032/BrainExtractionBrain.nii.gz (type = Euler3DTransform)
=============================================================================
  number of levels = 1
  fixed image: /templateflow/tpl-MNI152NLin2009cAsym/tpl-MNI152NLin2009cAsym_res-01_desc-brain_T1w.nii.gz
  moving image: /home/mdugre/scratch/mri-registration-rp/datasets/ds004513/derivatives/mri-registration-rp/antsBrainExtraction/sub-s032/BrainExtractionBrain.nii.gz
Dimension = 3
Number of stages = 1
Use histogram matching = false
Winsorize image intensities = true
  Lower quantile = 0.005
  Upper quantile = 0.995


Stage 1 State
   Image metric = MattesMI
     Fixed image = Image (0x4081bd0)
  RTTI typeinfo:   itk::Image<double, 3u>
  Reference Count: 2
  Modified Time: 2330
  Debug: Off
  Object Name: 
  Observers: 
    none
  Source: (none)
  Source output name: (none)
  Release Data: Off
  Data Released: False
  Global Release Data: Off
  PipelineMTime: 0
  UpdateMTime: 1941
  RealTimeStamp: 0 seconds 
  LargestPossibleRegion: 
    Dimension: 3
    Index: [0, 0, 0]
    Size: [193, 229, 193]
  BufferedRegion: 
    Dimension: 3
    Index: [0, 0, 0]
    Size: [193, 229, 193]
  RequestedRegion: 
    Dimension: 3
    Index: [0, 0, 0]
    Size: [193, 229, 193]
  Spacing: [1, 1, 1]
  Origin: [96, 132, -78]
  Direction: 
-1 0 0
0 -1 0
0 0 1

  IndexToPointMatrix: 
-1 0 0
0 -1 0
0 0 1

  PointToIndexMatrix: 
-1 0 0
0 -1 0
0 0 1

  Inverse Direction: 
-1 0 0
0 -1 0
0 0 1

  PixelContainer: 
    ImportImageContainer (0x408a9e0)
      RTTI typeinfo:   itk::ImportImageContainer<unsigned long, double>
      Reference Count: 1
      Modified Time: 1938
      Debug: Off
      Object Name: 
      Observers: 
        none
      Pointer: 0x14742fb85010
      Container manages memory: true
      Size: 8530021
      Capacity: 8530021

     Moving image = Image (0x408bd40)
  RTTI typeinfo:   itk::Image<double, 3u>
  Reference Count: 2
  Modified Time: 2331
  Debug: Off
  Object Name: 
  Observers: 
    none
  Source: (none)
  Source output name: (none)
  Release Data: Off
  Data Released: False
  Global Release Data: Off
  PipelineMTime: 0
  UpdateMTime: 2328
  RealTimeStamp: 0 seconds 
  LargestPossibleRegion: 
    Dimension: 3
    Index: [0, 0, 0]
    Size: [160, 240, 256]
  BufferedRegion: 
    Dimension: 3
    Index: [0, 0, 0]
    Size: [160, 240, 256]
  RequestedRegion: 
    Dimension: 3
    Index: [0, 0, 0]
    Size: [160, 240, 256]
  Spacing: [1, 1, 1]
  Origin: [73.279, 104.707, -131.187]
  Direction: 
-0.997527 0.0645574 -0.0278053
-0.0645323 -0.997914 -0.00179875
-0.0278634 4.01097e-08 0.999612

  IndexToPointMatrix: 
-0.997527 0.0645574 -0.0278053
-0.0645323 -0.997914 -0.00179875
-0.0278634 4.01097e-08 0.999612

  PointToIndexMatrix: 
-0.997527 -0.0645323 -0.0278634
0.0645574 -0.997914 4.01049e-08
-0.0278053 -0.00179875 0.999612

  Inverse Direction: 
-0.997527 -0.0645323 -0.0278634
0.0645574 -0.997914 4.01049e-08
-0.0278053 -0.00179875 0.999612

  PixelContainer: 
    ImportImageContainer (0x40b1850)
      RTTI typeinfo:   itk::ImportImageContainer<unsigned long, double>
      Reference Count: 1
      Modified Time: 2325
      Debug: Off
      Object Name: 
      Observers: 
        none
      Pointer: 0x14742b084010
      Container manages memory: true
      Size: 9830400
      Capacity: 9830400

     Weighting = 1
     Sampling strategy = regular
     Number of bins = 32
     Radius = 4
     Sampling percentage  = 0.25
   Transform = Rigid
     Gradient step = 0.1
     Update field sigma (voxel space) = 0
     Total field sigma (voxel space) = 0
     Update field time sigma = 0
     Total field time sigma  = 0
     Number of time indices = 0
     Number of time point samples = 0
Registration using 1 total stages.

Stage 0
  iterations = 0
  convergence threshold = 1e-06
  convergence window size = 10
  number of levels = 1
  using the Mattes MI metric (number of bins = 32, weight = 1, use gradient filter = 0)
  preprocessing:  winsorizing the image intensities
  Shrink factors (level 1 out of 1): [1, 1, 1]
  smoothing sigmas per level: [0]
  regular sampling (percentage = 0.25)

*** Running Euler3DTransform registration ***

  Elapsed time (stage 0): 1.17678


Total elapsed time: 1.17932
Info [verificarlo]: loaded backend libinterflop_ieee.so
Info [interflop-ieee]: load backend with:
Info [interflop-ieee]: debug = false
Info [interflop-ieee]: debug-binary = false
Info [interflop-ieee]: no-backend-name = false
Info [interflop-ieee]: print-new-line = false
Info [interflop-ieee]: print-subnormal-normalized = false
Info [interflop-ieee]: count-op = false
All_Command_lines_OK
Using double precision for computations.
=============================================================================
The composite transform comprises the following transforms (in order): 
  1. /home/mdugre/scratch/mri-registration-rp/datasets/ds004513/derivatives/mri-registration-rp/0001/antsRegistration-r7-p9/sub-s032/align_Composite.h5[0] (type = Euler3DTransform)
  2. /home/mdugre/scratch/mri-registration-rp/datasets/ds004513/derivatives/mri-registration-rp/0001/antsRegistration-r7-p9/sub-s032/align_Composite.h5[1] (type = Euler3DTransform)
=============================================================================
  number of levels = 4
  fixed image: /templateflow/tpl-MNI152NLin2009cAsym/tpl-MNI152NLin2009cAsym_res-01_desc-brain_T1w.nii.gz
  moving image: /home/mdugre/scratch/mri-registration-rp/datasets/ds004513/derivatives/mri-registration-rp/antsBrainExtraction/sub-s032/BrainExtractionBrain.nii.gz
Dimension = 3
Number of stages = 1
Use histogram matching = false
Winsorize image intensities = true
  Lower quantile = 0.005
  Upper quantile = 0.995


Stage 1 State
   Image metric = MattesMI
     Fixed image = Image (0x4fb1530)
  RTTI typeinfo:   itk::Image<double, 3u>
  Reference Count: 2
  Modified Time: 1578
  Debug: Off
  Object Name: 
  Observers: 
    none
  Source: (none)
  Source output name: (none)
  Release Data: Off
  Data Released: False
  Global Release Data: Off
  PipelineMTime: 0
  UpdateMTime: 1189
  RealTimeStamp: 0 seconds 
  LargestPossibleRegion: 
    Dimension: 3
    Index: [0, 0, 0]
    Size: [193, 229, 193]
  BufferedRegion: 
    Dimension: 3
    Index: [0, 0, 0]
    Size: [193, 229, 193]
  RequestedRegion: 
    Dimension: 3
    Index: [0, 0, 0]
    Size: [193, 229, 193]
  Spacing: [1, 1, 1]
  Origin: [96, 132, -78]
  Direction: 
-1 0 0
0 -1 0
0 0 1

  IndexToPointMatrix: 
-1 0 0
0 -1 0
0 0 1

  PointToIndexMatrix: 
-1 0 0
0 -1 0
0 0 1

  Inverse Direction: 
-1 0 0
0 -1 0
0 0 1

  PixelContainer: 
    ImportImageContainer (0x506fd60)
      RTTI typeinfo:   itk::ImportImageContainer<unsigned long, double>
      Reference Count: 1
      Modified Time: 1186
      Debug: Off
      Object Name: 
      Observers: 
        none
      Pointer: 0x14cd3ab77010
      Container manages memory: true
      Size: 8530021
      Capacity: 8530021

     Moving image = Image (0x5061f60)
  RTTI typeinfo:   itk::Image<double, 3u>
  Reference Count: 2
  Modified Time: 1579
  Debug: Off
  Object Name: 
  Observers: 
    none
  Source: (none)
  Source output name: (none)
  Release Data: Off
  Data Released: False
  Global Release Data: Off
  PipelineMTime: 0
  UpdateMTime: 1576
  RealTimeStamp: 0 seconds 
  LargestPossibleRegion: 
    Dimension: 3
    Index: [0, 0, 0]
    Size: [160, 240, 256]
  BufferedRegion: 
    Dimension: 3
    Index: [0, 0, 0]
    Size: [160, 240, 256]
  RequestedRegion: 
    Dimension: 3
    Index: [0, 0, 0]
    Size: [160, 240, 256]
  Spacing: [1, 1, 1]
  Origin: [73.279, 104.707, -131.187]
  Direction: 
-0.997527 0.0645574 -0.0278053
-0.0645323 -0.997914 -0.00179875
-0.0278634 4.01097e-08 0.999612

  IndexToPointMatrix: 
-0.997527 0.0645574 -0.0278053
-0.0645323 -0.997914 -0.00179875
-0.0278634 4.01097e-08 0.999612

  PointToIndexMatrix: 
-0.997527 -0.0645323 -0.0278634
0.0645574 -0.997914 4.01049e-08
-0.0278053 -0.00179875 0.999612

  Inverse Direction: 
-0.997527 -0.0645323 -0.0278634
0.0645574 -0.997914 4.01049e-08
-0.0278053 -0.00179875 0.999612

  PixelContainer: 
    ImportImageContainer (0x50536d0)
      RTTI typeinfo:   itk::ImportImageContainer<unsigned long, double>
      Reference Count: 1
      Modified Time: 1573
      Debug: Off
      Object Name: 
      Observers: 
        none
      Pointer: 0x14cd36076010
      Container manages memory: true
      Size: 9830400
      Capacity: 9830400

     Weighting = 1
     Sampling strategy = regular
     Number of bins = 32
     Radius = 4
     Sampling percentage  = 0.25
   Transform = Rigid
     Gradient step = 0.1
     Update field sigma (voxel space) = 0
     Total field sigma (voxel space) = 0
     Update field time sigma = 0
     Total field time sigma  = 0
     Number of time indices = 0
     Number of time point samples = 0
Registration using 1 total stages.

Stage 0
  iterations = 1000x500x250x100
  convergence threshold = 1e-06
  convergence window size = 10
  number of levels = 4
  using the Mattes MI metric (number of bins = 32, weight = 1, use gradient filter = 0)
  preprocessing:  winsorizing the image intensities
  Shrink factors (level 1 out of 4): [8, 8, 8]
  Shrink factors (level 2 out of 4): [4, 4, 4]
  Shrink factors (level 3 out of 4): [2, 2, 2]
  Shrink factors (level 4 out of 4): [1, 1, 1]
  smoothing sigmas per level: [3, 2, 1, 0]
  regular sampling (percentage = 0.25)

*** Running Euler3DTransform registration ***

DIAGNOSTIC,Iteration,metricValue,convergenceValue,ITERATION_TIME_INDEX,SINCE_LAST
 2DIAGNOSTIC,     1, -5.480496989617e-01, 1.797693134862e+308, 7.4692e-01, 7.4692e-01, 
 2DIAGNOSTIC,     2, -5.506811078454e-01, 1.797693134862e+308, 7.5189e-01, 4.9720e-03, 
 2DIAGNOSTIC,     3, -5.546514955662e-01, 1.797693134862e+308, 7.5776e-01, 5.8758e-03, 
 2DIAGNOSTIC,     4, -5.606863537750e-01, 1.797693134862e+308, 7.6321e-01, 5.4500e-03, 
 2DIAGNOSTIC,     5, -5.693661845193e-01, 1.797693134862e+308, 7.6832e-01, 5.1100e-03, 
 2DIAGNOSTIC,     6, -5.854078830086e-01, 1.797693134862e+308, 7.7378e-01, 5.4529e-03, 
 2DIAGNOSTIC,     7, -6.232769732918e-01, 1.797693134862e+308, 7.7972e-01, 5.9431e-03, 
 2DIAGNOSTIC,     8, -6.297683730473e-01, 1.797693134862e+308, 7.8559e-01, 5.8739e-03, 
 2DIAGNOSTIC,     9, -6.366738733405e-01, 1.797693134862e+308, 7.9464e-01, 9.0489e-03, 
 2DIAGNOSTIC,    10, -6.375630690827e-01, 1.201760866083e-02, 7.9944e-01, 4.7989e-03, 
 2DIAGNOSTIC,    11, -6.405337628679e-01, 1.087684809450e-02, 8.0505e-01, 5.6109e-03, 
 2DIAGNOSTIC,    12, -6.435528997438e-01, 9.167753354490e-03, 8.1086e-01, 5.8119e-03, 
 2DIAGNOSTIC,    13, -6.444720921444e-01, 7.089498731847e-03, 8.1561e-01, 4.7450e-03, 
 2DIAGNOSTIC,    14, -6.463616611293e-01, 4.967892496988e-03, 8.2217e-01, 6.5608e-03, 
 2DIAGNOSTIC,    15, -6.484646963404e-01, 3.033020789043e-03, 8.3158e-01, 9.4099e-03, 
 2DIAGNOSTIC,    16, -6.486009987994e-01, 1.520386367320e-03, 8.3717e-01, 5.5940e-03, 
 2DIAGNOSTIC,    17, -6.493699344760e-01, 1.108203205204e-03, 8.4189e-01, 4.7200e-03, 
 2DIAGNOSTIC,    18, -6.514578195065e-01, 8.586162135985e-04, 8.4684e-01, 4.9429e-03, 
 2DIAGNOSTIC,    19, -6.526592717406e-01, 7.533650369804e-04, 8.5193e-01, 5.0900e-03, 
 2DIAGNOSTIC,    20, -6.536191777189e-01, 6.303067369293e-04, 8.5761e-01, 5.6820e-03, 
 2DIAGNOSTIC,    21, -6.549162298979e-01, 5.534292205380e-04, 8.6253e-01, 4.9231e-03, 
 2DIAGNOSTIC,    22, -6.562385790832e-01, 5.226986103233e-04, 8.6932e-01, 6.7880e-03, 
 2DIAGNOSTIC,    23, -6.565000058113e-01, 4.680180012237e-04, 8.7521e-01, 5.8851e-03, 
 2DIAGNOSTIC,    24, -6.565387353854e-01, 4.101063704208e-04, 8.8111e-01, 5.9040e-03, 
 2DIAGNOSTIC,    25, -6.567702146894e-01, 3.618032093043e-04, 8.8714e-01, 6.0310e-03, 
 2DIAGNOSTIC,    26, -6.583507212369e-01, 3.132611037349e-04, 8.9294e-01, 5.8041e-03, 
 2DIAGNOSTIC,    27, -6.586527568469e-01, 2.554116018362e-04, 8.9932e-01, 6.3789e-03, 
 2DIAGNOSTIC,    28, -6.593310437738e-01, 2.225767143842e-04, 9.0579e-01, 6.4659e-03, 
 2DIAGNOSTIC,    29, -6.595734041655e-01, 1.939316665336e-04, 9.1174e-01, 5.9521e-03, 
 2DIAGNOSTIC,    30, -6.595955819569e-01, 1.634946778527e-04, 9.1695e-01, 5.2130e-03, 
 2DIAGNOSTIC,    31, -6.596949967568e-01, 1.392755860913e-04, 9.2186e-01, 4.9059e-03, 
 2DIAGNOSTIC,    32, -6.597157295313e-01, 1.221677497588e-04, 9.2708e-01, 5.2152e-03, 
 2DIAGNOSTIC,    33, -6.597001423845e-01, 9.820426862683e-05, 9.3446e-01, 7.3829e-03, 
 2DIAGNOSTIC,    34, -6.595254449701e-01, 6.486903006521e-05, 9.3932e-01, 4.8640e-03, 
 2DIAGNOSTIC,    35, -6.595295822809e-01, 3.010817889713e-05, 9.4427e-01, 4.9450e-03, 
 2DIAGNOSTIC,    36, -6.595351297935e-01, 1.424396565656e-05, 9.4919e-01, 4.9241e-03, 
 2DIAGNOSTIC,    37, -6.595409535781e-01, 1.474135167497e-06, 9.5432e-01, 5.1279e-03, 
DIAGNOSTIC,Iteration,metricValue,convergenceValue,ITERATION_TIME_INDEX,SINCE_LAST
 2DIAGNOSTIC,     1, -5.183739626530e-01, 1.797693134862e+308, 1.6920e+00, 7.3771e-01, 
 2DIAGNOSTIC,     2, -5.189226238287e-01, 1.797693134862e+308, 1.7285e+00, 3.6474e-02, 
 2DIAGNOSTIC,     3, -5.196899327353e-01, 1.797693134862e+308, 1.7672e+00, 3.8740e-02, 
 2DIAGNOSTIC,     4, -5.204463662998e-01, 1.797693134862e+308, 1.7959e+00, 2.8699e-02, 
 2DIAGNOSTIC,     5, -5.209979485296e-01, 1.797693134862e+308, 1.8254e+00, 2.9445e-02, 
 2DIAGNOSTIC,     6, -5.216357744179e-01, 1.797693134862e+308, 1.8526e+00, 2.7175e-02, 
 2DIAGNOSTIC,     7, -5.233753714559e-01, 1.797693134862e+308, 1.8823e+00, 2.9783e-02, 
 2DIAGNOSTIC,     8, -5.241119131136e-01, 1.797693134862e+308, 1.9199e+00, 3.7569e-02, 
 2DIAGNOSTIC,     9, -5.247293428570e-01, 1.797693134862e+308, 1.9551e+00, 3.5165e-02, 
 2DIAGNOSTIC,    10, -5.250028241323e-01, 8.899807891179e-04, 1.9872e+00, 3.2167e-02, 
 2DIAGNOSTIC,    11, -5.254483053633e-01, 7.905532293524e-04, 2.0183e+00, 3.1023e-02, 
 2DIAGNOSTIC,    12, -5.277635687638e-01, 7.650652093906e-04, 2.0500e+00, 3.1762e-02, 
 2DIAGNOSTIC,    13, -5.283161385559e-01, 7.264279422859e-04, 2.0778e+00, 2.7786e-02, 
 2DIAGNOSTIC,    14, -5.288222936602e-01, 6.775649958841e-04, 2.1060e+00, 2.8227e-02, 
 2DIAGNOSTIC,    15, -5.289976642319e-01, 6.012605083012e-04, 2.1342e+00, 2.8158e-02, 
 2DIAGNOSTIC,    16, -5.298475139631e-01, 5.287513351743e-04, 2.1704e+00, 3.6213e-02, 
 2DIAGNOSTIC,    17, -5.313522149348e-01, 5.176189341256e-04, 2.2024e+00, 3.2024e-02, 
 2DIAGNOSTIC,    18, -5.317212117468e-01, 4.916468594320e-04, 2.2349e+00, 3.2472e-02, 
 2DIAGNOSTIC,    19, -5.322490403167e-01, 4.569583064086e-04, 2.2713e+00, 3.6337e-02, 
 2DIAGNOSTIC,    20, -5.323376833391e-01, 3.940996890823e-04, 2.3012e+00, 2.9938e-02, 
 2DIAGNOSTIC,    21, -5.325910150039e-01, 3.171268701185e-04, 2.3356e+00, 3.4377e-02, 
 2DIAGNOSTIC,    22, -5.334985486910e-01, 2.960182156981e-04, 2.3702e+00, 3.4675e-02, 
 2DIAGNOSTIC,    23, -5.343136310150e-01, 2.804991929266e-04, 2.4055e+00, 3.5264e-02, 
 2DIAGNOSTIC,    24, -5.358648427986e-01, 2.865799521161e-04, 2.4548e+00, 4.9253e-02, 
 2DIAGNOSTIC,    25, -5.371553189325e-01, 2.964380006360e-04, 2.4934e+00, 3.8649e-02, 
 2DIAGNOSTIC,    26, -5.415588125794e-01, 3.855511307198e-04, 2.5246e+00, 3.1182e-02, 
 2DIAGNOSTIC,    27, -5.440112774999e-01, 5.083217740051e-04, 2.5632e+00, 3.8639e-02, 
 2DIAGNOSTIC,    28, -5.456684012057e-01, 6.125320326964e-04, 2.6128e+00, 4.9529e-02, 
 2DIAGNOSTIC,    29, -5.459834936641e-01, 6.678916546309e-04, 2.6411e+00, 2.8327e-02, 
 2DIAGNOSTIC,    30, -5.471209333345e-01, 6.787454988123e-04, 2.6695e+00, 2.8434e-02, 
 2DIAGNOSTIC,    31, -5.479436911732e-01, 6.419469637800e-04, 2.7002e+00, 3.0664e-02, 
 2DIAGNOSTIC,    32, -5.484139715776e-01, 5.689814565157e-04, 2.7298e+00, 2.9582e-02, 
 2DIAGNOSTIC,    33, -5.487990814291e-01, 4.664895922545e-04, 2.7602e+00, 3.0486e-02, 
 2DIAGNOSTIC,    34, -5.502176949501e-01, 3.734044396227e-04, 2.7924e+00, 3.2101e-02, 
 2DIAGNOSTIC,    35, -5.553751704392e-01, 3.467266397095e-04, 2.8343e+00, 4.1994e-02, 
 2DIAGNOSTIC,    36, -5.604112259455e-01, 4.254304246783e-04, 2.8666e+00, 3.2235e-02, 
 2DIAGNOSTIC,    37, -5.623496134585e-01, 5.209695720332e-04, 2.8948e+00, 2.8198e-02, 
 2DIAGNOSTIC,    38, -5.628753205873e-01, 5.935460651571e-04, 2.9305e+00, 3.5748e-02, 
 2DIAGNOSTIC,    39, -5.637606970127e-01, 6.225081934806e-04, 2.9627e+00, 3.2125e-02, 
 2DIAGNOSTIC,    40, -5.640082208546e-01, 6.076003142773e-04, 2.9914e+00, 2.8769e-02, 
 2DIAGNOSTIC,    41, -5.644155824612e-01, 5.503770900684e-04, 3.0264e+00, 3.4989e-02, 
 2DIAGNOSTIC,    42, -5.647116692942e-01, 4.537597260004e-04, 3.0685e+00, 4.2106e-02, 
 2DIAGNOSTIC,    43, -5.648143636156e-01, 3.256451125500e-04, 3.1056e+00, 3.7087e-02, 
 2DIAGNOSTIC,    44, -5.648168230123e-01, 1.888313258402e-04, 3.1339e+00, 2.8282e-02, 
 2DIAGNOSTIC,    45, -5.648023734500e-01, 9.921075620049e-05, 3.1645e+00, 3.0617e-02, 
 2DIAGNOSTIC,    46, -5.648164554778e-01, 6.149792231231e-05, 3.2002e+00, 3.5698e-02, 
 2DIAGNOSTIC,    47, -5.648357013203e-01, 4.143983813367e-05, 3.2289e+00, 2.8678e-02, 
 2DIAGNOSTIC,    48, -5.648228399093e-01, 2.375268074001e-05, 3.2733e+00, 4.4456e-02, 
 2DIAGNOSTIC,    49, -5.648258249727e-01, 1.414965529440e-05, 3.3062e+00, 3.2897e-02, 
 2DIAGNOSTIC,    50, -5.648213584330e-01, 6.138178900026e-06, 3.3392e+00, 3.2920e-02, 
 2DIAGNOSTIC,    51, -5.648184157210e-01, 2.002906399460e-06, 3.3730e+00, 3.3837e-02, 
DIAGNOSTIC,Iteration,metricValue,convergenceValue,ITERATION_TIME_INDEX,SINCE_LAST
 2DIAGNOSTIC,     1, -5.015171420770e-01, 1.797693134862e+308, 4.4724e+00, 1.0994e+00, 
 2DIAGNOSTIC,     2, -5.016893894294e-01, 1.797693134862e+308, 4.7138e+00, 2.4139e-01, 
 2DIAGNOSTIC,     3, -5.018388533171e-01, 1.797693134862e+308, 4.9690e+00, 2.5520e-01, 
 2DIAGNOSTIC,     4, -5.019192888346e-01, 1.797693134862e+308, 5.2625e+00, 2.9346e-01, 
 2DIAGNOSTIC,     5, -5.019515788568e-01, 1.797693134862e+308, 5.5171e+00, 2.5465e-01, 
 2DIAGNOSTIC,     6, -5.019661260439e-01, 1.797693134862e+308, 5.8790e+00, 3.6184e-01, 
 2DIAGNOSTIC,     7, -5.019661144792e-01, 1.797693134862e+308, 6.1627e+00, 2.8375e-01, 
 2DIAGNOSTIC,     8, -5.019676082252e-01, 1.797693134862e+308, 6.4565e+00, 2.9382e-01, 
 2DIAGNOSTIC,     9, -5.019651908564e-01, 1.797693134862e+308, 6.7459e+00, 2.8941e-01, 
 2DIAGNOSTIC,    10, -5.019655342775e-01, 4.871121590734e-05, 7.0190e+00, 2.7310e-01, 
 2DIAGNOSTIC,    11, -5.019624736737e-01, 2.469216427164e-05, 7.2736e+00, 2.5458e-01, 
 2DIAGNOSTIC,    12, -5.019619664865e-01, 1.069463440724e-05, 7.5319e+00, 2.5829e-01, 
 2DIAGNOSTIC,    13, -5.019622401277e-01, 4.572505849190e-06, 7.8398e+00, 3.0788e-01, 
 2DIAGNOSTIC,    14, -5.019623907754e-01, 2.359995966289e-06, 8.1145e+00, 2.7472e-01, 
 2DIAGNOSTIC,    15, -5.019608474058e-01, 1.580619875236e-06, 8.3742e+00, 2.5973e-01, 
 2DIAGNOSTIC,    16, -5.019600898207e-01, 1.439140777215e-06, 8.6284e+00, 2.5415e-01, 
 2DIAGNOSTIC,    17, -5.019593587203e-01, 1.338737374554e-06, 8.8533e+00, 2.2492e-01, 
 2DIAGNOSTIC,    18, -5.019595094380e-01, 1.350644177819e-06, 9.0917e+00, 2.3838e-01, 
 2DIAGNOSTIC,    19, -5.019605817782e-01, 1.357496318591e-06, 9.3587e+00, 2.6704e-01, 
 2DIAGNOSTIC,    20, -5.019600104086e-01, 1.388739921580e-06, 9.6302e+00, 2.7142e-01, 
 2DIAGNOSTIC,    21, -5.019611259239e-01, 1.385343866636e-06, 9.8929e+00, 2.6276e-01, 
 2DIAGNOSTIC,    22, -5.019615463987e-01, 1.391143467727e-06, 1.0159e+01, 2.6602e-01, 
 2DIAGNOSTIC,    23, -5.019618097474e-01, 1.413635247270e-06, 1.0391e+01, 2.3186e-01, 
 2DIAGNOSTIC,    24, -5.019630826420e-01, 1.465508112246e-06, 1.0649e+01, 2.5782e-01, 
 2DIAGNOSTIC,    25, -5.019634977882e-01, 1.474313011632e-06, 1.0922e+01, 2.7300e-01, 
 2DIAGNOSTIC,    26, -5.019614408665e-01, 1.402813740538e-06, 1.1194e+01, 2.7270e-01, 
 2DIAGNOSTIC,    27, -5.019618348590e-01, 1.314156026291e-06, 1.1461e+01, 2.6708e-01, 
 2DIAGNOSTIC,    28, -5.019620857002e-01, 1.225926185802e-06, 1.1779e+01, 3.1769e-01, 
 2DIAGNOSTIC,    29, -5.019605435697e-01, 1.125676094366e-06, 1.2021e+01, 2.4192e-01, 
 2DIAGNOSTIC,    30, -5.019598410537e-01, 1.005858462293e-06, 1.2260e+01, 2.3902e-01, 
DIAGNOSTIC,Iteration,metricValue,convergenceValue,ITERATION_TIME_INDEX,SINCE_LAST
 2DIAGNOSTIC,     1, -4.662111072416e-01, 1.797693134862e+308, 1.4777e+01, 2.5169e+00, 
 2DIAGNOSTIC,     2, -4.664708183884e-01, 1.797693134862e+308, 1.6119e+01, 1.3423e+00, 
 2DIAGNOSTIC,     3, -4.666006241376e-01, 1.797693134862e+308, 1.7484e+01, 1.3650e+00, 
 2DIAGNOSTIC,     4, -4.667250331867e-01, 1.797693134862e+308, 1.8829e+01, 1.3453e+00, 
 2DIAGNOSTIC,     5, -4.667881168789e-01, 1.797693134862e+308, 2.0268e+01, 1.4383e+00, 
 2DIAGNOSTIC,     6, -4.668984487708e-01, 1.797693134862e+308, 2.2166e+01, 1.8979e+00, 
 2DIAGNOSTIC,     7, -4.669147189869e-01, 1.797693134862e+308, 2.3709e+01, 1.5435e+00, 
 2DIAGNOSTIC,     8, -4.669145593253e-01, 1.797693134862e+308, 2.5019e+01, 1.3102e+00, 
 2DIAGNOSTIC,     9, -4.669290139207e-01, 1.797693134862e+308, 2.6392e+01, 1.3729e+00, 
 2DIAGNOSTIC,    10, -4.669588577720e-01, 9.301208464034e-05, 2.9313e+01, 2.9210e+00, 
 2DIAGNOSTIC,    11, -4.669586059754e-01, 5.856054084057e-05, 3.0980e+01, 1.6664e+00, 
 2DIAGNOSTIC,    12, -4.669581960284e-01, 3.795389562600e-05, 3.2798e+01, 1.8183e+00, 
 2DIAGNOSTIC,    13, -4.669582147695e-01, 2.338234978491e-05, 3.4551e+01, 1.7527e+00, 
 2DIAGNOSTIC,    14, -4.669581344302e-01, 1.437349164225e-05, 3.5945e+01, 1.3947e+00, 
 2DIAGNOSTIC,    15, -4.669578790836e-01, 7.868275154505e-06, 3.7740e+01, 1.7949e+00, 
 2DIAGNOSTIC,    16, -4.669578857357e-01, 5.835308979407e-06, 3.9447e+01, 1.7073e+00, 
 2DIAGNOSTIC,    17, -4.669578026197e-01, 4.291113247581e-06, 4.0850e+01, 1.4030e+00, 
 2DIAGNOSTIC,    18, -4.669577247134e-01, 2.685002940685e-06, 4.2211e+01, 1.3610e+00, 
 2DIAGNOSTIC,    19, -4.669577469587e-01, 1.599232404309e-06, 4.3731e+01, 1.5197e+00, 
 2DIAGNOSTIC,    20, -4.669577616080e-01, 1.538066700640e-06, 4.5180e+01, 1.4486e+00, 
 2DIAGNOSTIC,    21, -4.669575132039e-01, 1.473447782861e-06, 4.6546e+01, 1.3660e+00, 
 2DIAGNOSTIC,    22, -4.669575538219e-01, 1.408473666274e-06, 4.8231e+01, 1.6850e+00, 
 2DIAGNOSTIC,    23, -4.669576616426e-01, 1.355950555518e-06, 4.9746e+01, 1.5155e+00, 
 2DIAGNOSTIC,    24, -4.669574979821e-01, 1.304163222214e-06, 5.1069e+01, 1.3228e+00, 
 2DIAGNOSTIC,    25, -4.669574368857e-01, 1.250950130663e-06, 5.2556e+01, 1.4870e+00, 
 2DIAGNOSTIC,    26, -4.669574793440e-01, 1.205191561458e-06, 5.4104e+01, 1.5478e+00, 
 2DIAGNOSTIC,    27, -4.669572347775e-01, 1.157130618802e-06, 5.5752e+01, 1.6487e+00, 
 2DIAGNOSTIC,    28, -4.669570910632e-01, 1.109700183577e-06, 5.7315e+01, 1.5625e+00, 
 2DIAGNOSTIC,    29, -4.669569657372e-01, 1.065921067633e-06, 5.8968e+01, 1.6532e+00, 
 2DIAGNOSTIC,    30, -4.669570254406e-01, 1.029691779376e-06, 6.0610e+01, 1.6421e+00, 
  Elapsed time (stage 0): 6.1416e+01


Total elapsed time: 6.1419e+01
Info [verificarlo]: loaded backend libinterflop_ieee.so
Info [interflop-ieee]: load backend with:
Info [interflop-ieee]: debug = false
Info [interflop-ieee]: debug-binary = false
Info [interflop-ieee]: no-backend-name = false
Info [interflop-ieee]: print-new-line = false
Info [interflop-ieee]: print-subnormal-normalized = false
Info [interflop-ieee]: count-op = false
All_Command_lines_OK
Using double precision for computations.
=============================================================================
The composite transform comprises the following transforms (in order): 
  1. /home/mdugre/scratch/mri-registration-rp/datasets/ds004513/derivatives/mri-registration-rp/0001/antsRegistration-r7-p9/sub-s032/rigid_Composite.h5[0] (type = Euler3DTransform)
  2. /home/mdugre/scratch/mri-registration-rp/datasets/ds004513/derivatives/mri-registration-rp/0001/antsRegistration-r7-p9/sub-s032/rigid_Composite.h5[1] (type = Euler3DTransform)
  3. /home/mdugre/scratch/mri-registration-rp/datasets/ds004513/derivatives/mri-registration-rp/0001/antsRegistration-r7-p9/sub-s032/rigid_Composite.h5[2] (type = Euler3DTransform)
=============================================================================
  number of levels = 4
  fixed image: /templateflow/tpl-MNI152NLin2009cAsym/tpl-MNI152NLin2009cAsym_res-01_desc-brain_T1w.nii.gz
  moving image: /home/mdugre/scratch/mri-registration-rp/datasets/ds004513/derivatives/mri-registration-rp/antsBrainExtraction/sub-s032/BrainExtractionBrain.nii.gz
Dimension = 3
Number of stages = 1
Use histogram matching = false
Winsorize image intensities = true
  Lower quantile = 0.005
  Upper quantile = 0.995


Stage 1 State
   Image metric = MattesMI
     Fixed image = Image (0x4249530)
  RTTI typeinfo:   itk::Image<double, 3u>
  Reference Count: 2
  Modified Time: 1592
  Debug: Off
  Object Name: 
  Observers: 
    none
  Source: (none)
  Source output name: (none)
  Release Data: Off
  Data Released: False
  Global Release Data: Off
  PipelineMTime: 0
  UpdateMTime: 1203
  RealTimeStamp: 0 seconds 
  LargestPossibleRegion: 
    Dimension: 3
    Index: [0, 0, 0]
    Size: [193, 229, 193]
  BufferedRegion: 
    Dimension: 3
    Index: [0, 0, 0]
    Size: [193, 229, 193]
  RequestedRegion: 
    Dimension: 3
    Index: [0, 0, 0]
    Size: [193, 229, 193]
  Spacing: [1, 1, 1]
  Origin: [96, 132, -78]
  Direction: 
-1 0 0
0 -1 0
0 0 1

  IndexToPointMatrix: 
-1 0 0
0 -1 0
0 0 1

  PointToIndexMatrix: 
-1 0 0
0 -1 0
0 0 1

  Inverse Direction: 
-1 0 0
0 -1 0
0 0 1

  PixelContainer: 
    ImportImageContainer (0x43022a0)
      RTTI typeinfo:   itk::ImportImageContainer<unsigned long, double>
      Reference Count: 1
      Modified Time: 1200
      Debug: Off
      Object Name: 
      Observers: 
        none
      Pointer: 0x14f5e2c03010
      Container manages memory: true
      Size: 8530021
      Capacity: 8530021

     Moving image = Image (0x4304e60)
  RTTI typeinfo:   itk::Image<double, 3u>
  Reference Count: 2
  Modified Time: 1593
  Debug: Off
  Object Name: 
  Observers: 
    none
  Source: (none)
  Source output name: (none)
  Release Data: Off
  Data Released: False
  Global Release Data: Off
  PipelineMTime: 0
  UpdateMTime: 1590
  RealTimeStamp: 0 seconds 
  LargestPossibleRegion: 
    Dimension: 3
    Index: [0, 0, 0]
    Size: [160, 240, 256]
  BufferedRegion: 
    Dimension: 3
    Index: [0, 0, 0]
    Size: [160, 240, 256]
  RequestedRegion: 
    Dimension: 3
    Index: [0, 0, 0]
    Size: [160, 240, 256]
  Spacing: [1, 1, 1]
  Origin: [73.279, 104.707, -131.187]
  Direction: 
-0.997527 0.0645574 -0.0278053
-0.0645323 -0.997914 -0.00179875
-0.0278634 4.01097e-08 0.999612

  IndexToPointMatrix: 
-0.997527 0.0645574 -0.0278053
-0.0645323 -0.997914 -0.00179875
-0.0278634 4.01097e-08 0.999612

  PointToIndexMatrix: 
-0.997527 -0.0645323 -0.0278634
0.0645574 -0.997914 4.01049e-08
-0.0278053 -0.00179875 0.999612

  Inverse Direction: 
-0.997527 -0.0645323 -0.0278634
0.0645574 -0.997914 4.01049e-08
-0.0278053 -0.00179875 0.999612

  PixelContainer: 
    ImportImageContainer (0x4338390)
      RTTI typeinfo:   itk::ImportImageContainer<unsigned long, double>
      Reference Count: 1
      Modified Time: 1587
      Debug: Off
      Object Name: 
      Observers: 
        none
      Pointer: 0x14f5de102010
      Container manages memory: true
      Size: 9830400
      Capacity: 9830400

     Weighting = 1
     Sampling strategy = regular
     Number of bins = 32
     Radius = 4
     Sampling percentage  = 0.25
   Transform = Affine
     Gradient step = 0.1
     Update field sigma (voxel space) = 0
     Total field sigma (voxel space) = 0
     Update field time sigma = 0
     Total field time sigma  = 0
     Number of time indices = 0
     Number of time point samples = 0
Registration using 1 total stages.

Stage 0
  iterations = 1000x500x250x100
  convergence threshold = 1e-06
  convergence window size = 10
  number of levels = 4
  using the Mattes MI metric (number of bins = 32, weight = 1, use gradient filter = 0)
  preprocessing:  winsorizing the image intensities
  Shrink factors (level 1 out of 4): [8, 8, 8]
  Shrink factors (level 2 out of 4): [4, 4, 4]
  Shrink factors (level 3 out of 4): [2, 2, 2]
  Shrink factors (level 4 out of 4): [1, 1, 1]
  smoothing sigmas per level: [3, 2, 1, 0]
  regular sampling (percentage = 0.25)

*** Running AffineTransform registration ***

DIAGNOSTIC,Iteration,metricValue,convergenceValue,ITERATION_TIME_INDEX,SINCE_LAST
 2DIAGNOSTIC,     1, -6.865804672678e-01, 1.797693134862e+308, 8.0199e-01, 8.0199e-01, 
 2DIAGNOSTIC,     2, -6.882510914034e-01, 1.797693134862e+308, 8.0740e-01, 5.4059e-03, 
 2DIAGNOSTIC,     3, -6.913790148661e-01, 1.797693134862e+308, 8.1217e-01, 4.7688e-03, 
 2DIAGNOSTIC,     4, -6.974017258352e-01, 1.797693134862e+308, 8.1756e-01, 5.3918e-03, 
 2DIAGNOSTIC,     5, -7.048924006133e-01, 1.797693134862e+308, 8.2273e-01, 5.1689e-03, 
 2DIAGNOSTIC,     6, -7.131427889457e-01, 1.797693134862e+308, 8.2775e-01, 5.0230e-03, 
 2DIAGNOSTIC,     7, -7.182447070748e-01, 1.797693134862e+308, 8.3564e-01, 7.8862e-03, 
 2DIAGNOSTIC,     8, -7.242899627280e-01, 1.797693134862e+308, 8.4066e-01, 5.0180e-03, 
 2DIAGNOSTIC,     9, -7.274002171313e-01, 1.797693134862e+308, 8.4583e-01, 5.1699e-03, 
 2DIAGNOSTIC,    10, -7.299586087938e-01, 4.489368165871e-03, 8.5197e-01, 6.1400e-03, 
 2DIAGNOSTIC,    11, -7.325986402117e-01, 3.967801356052e-03, 8.5793e-01, 5.9650e-03, 
 2DIAGNOSTIC,    12, -7.332609540284e-01, 3.257440001631e-03, 8.6650e-01, 8.5690e-03, 
 2DIAGNOSTIC,    13, -7.333954376043e-01, 2.465193383754e-03, 8.7168e-01, 5.1820e-03, 
 2DIAGNOSTIC,    14, -7.342823770610e-01, 1.759705137143e-03, 8.7744e-01, 5.7549e-03, 
 2DIAGNOSTIC,    15, -7.349557413102e-01, 1.202145128029e-03, 8.8295e-01, 5.5099e-03, 
 2DIAGNOSTIC,    16, -7.361724670475e-01, 8.381446014666e-04, 8.8951e-01, 6.5632e-03, 
 2DIAGNOSTIC,    17, -7.365920414680e-01, 5.665315401235e-04, 8.9554e-01, 6.0320e-03, 
 2DIAGNOSTIC,    18, -7.367588363093e-01, 4.097216408519e-04, 9.0217e-01, 6.6330e-03, 
 2DIAGNOSTIC,    19, -7.368074912316e-01, 2.969832714145e-04, 9.0999e-01, 7.8130e-03, 
 2DIAGNOSTIC,    20, -7.368354638484e-01, 2.177532788931e-04, 9.1528e-01, 5.2972e-03, 
 2DIAGNOSTIC,    21, -7.369395785896e-01, 1.770472976546e-04, 9.2060e-01, 5.3110e-03, 
 2DIAGNOSTIC,    22, -7.370589195290e-01, 1.377720959191e-04, 9.2590e-01, 5.3051e-03, 
 2DIAGNOSTIC,    23, -7.371477157657e-01, 9.298172337861e-05, 9.3120e-01, 5.2960e-03, 
 2DIAGNOSTIC,    24, -7.372150523159e-01, 5.903684745397e-05, 9.3656e-01, 5.3599e-03, 
 2DIAGNOSTIC,    25, -7.374197405546e-01, 3.578897417124e-05, 9.4197e-01, 5.4131e-03, 
 2DIAGNOSTIC,    26, -7.377564985001e-01, 3.430299289233e-05, 9.4733e-01, 5.3592e-03, 
 2DIAGNOSTIC,    27, -7.381030040032e-01, 4.074576176994e-05, 9.5285e-01, 5.5230e-03, 
 2DIAGNOSTIC,    28, -7.395027477020e-01, 6.482731955265e-05, 9.6009e-01, 7.2422e-03, 
 2DIAGNOSTIC,    29, -7.399148166446e-01, 8.701342974555e-05, 9.6607e-01, 5.9729e-03, 
 2DIAGNOSTIC,    30, -7.402619400307e-01, 1.045361212955e-04, 9.7267e-01, 6.6030e-03, 
 2DIAGNOSTIC,    31, -7.401784434075e-01, 1.114927040028e-04, 9.7860e-01, 5.9299e-03, 
 2DIAGNOSTIC,    32, -7.403121828799e-01, 1.106644480811e-04, 9.8423e-01, 5.6291e-03, 
 2DIAGNOSTIC,    33, -7.408741067299e-01, 1.069517580199e-04, 9.9009e-01, 5.8560e-03, 
 2DIAGNOSTIC,    34, -7.411826263536e-01, 9.742293956257e-05, 1.0061e+00, 1.5990e-02, 
 2DIAGNOSTIC,    35, -7.411826256134e-01, 8.168071917108e-05, 1.0113e+00, 5.2550e-03, 
 2DIAGNOSTIC,    36, -7.411826537880e-01, 6.307880878632e-05, 1.0166e+00, 5.2359e-03, 
 2DIAGNOSTIC,    37, -7.411827014124e-01, 4.293024146547e-05, 1.0220e+00, 5.4629e-03, 
 2DIAGNOSTIC,    38, -7.411827818911e-01, 3.398907258398e-05, 1.0274e+00, 5.3351e-03, 
 2DIAGNOSTIC,    39, -7.411829178271e-01, 2.630852120468e-05, 1.0328e+00, 5.4722e-03, 
 2DIAGNOSTIC,    40, -7.411831472582e-01, 2.008323846224e-05, 1.0382e+00, 5.3480e-03, 
 2DIAGNOSTIC,    41, -7.411835339830e-01, 1.161432819454e-05, 1.0435e+00, 5.2912e-03, 
 2DIAGNOSTIC,    42, -7.411841843978e-01, 3.649795209216e-06, 1.0487e+00, 5.2409e-03, 
DIAGNOSTIC,Iteration,metricValue,convergenceValue,ITERATION_TIME_INDEX,SINCE_LAST
 2DIAGNOSTIC,     1, -5.975090903623e-01, 1.797693134862e+308, 1.8861e+00, 8.3741e-01, 
 2DIAGNOSTIC,     2, -5.978356788252e-01, 1.797693134862e+308, 1.9269e+00, 4.0799e-02, 
 2DIAGNOSTIC,     3, -5.983800481609e-01, 1.797693134862e+308, 1.9794e+00, 5.2519e-02, 
 2DIAGNOSTIC,     4, -5.986105874562e-01, 1.797693134862e+308, 2.0256e+00, 4.6197e-02, 
 2DIAGNOSTIC,     5, -5.986933119105e-01, 1.797693134862e+308, 2.0762e+00, 5.0587e-02, 
 2DIAGNOSTIC,     6, -5.986904970543e-01, 1.797693134862e+308, 2.1188e+00, 4.2617e-02, 
 2DIAGNOSTIC,     7, -5.986925767514e-01, 1.797693134862e+308, 2.1793e+00, 6.0407e-02, 
 2DIAGNOSTIC,     8, -5.986672342964e-01, 1.797693134862e+308, 2.2253e+00, 4.6016e-02, 
 2DIAGNOSTIC,     9, -5.986471378361e-01, 1.797693134862e+308, 2.2859e+00, 6.0624e-02, 
 2DIAGNOSTIC,    10, -5.986441301130e-01, 1.021246028316e-04, 2.3299e+00, 4.3966e-02, 
 2DIAGNOSTIC,    11, -5.986500435261e-01, 4.860834903482e-05, 2.3729e+00, 4.3087e-02, 
 2DIAGNOSTIC,    12, -5.986461720927e-01, 1.221380691853e-05, 2.4152e+00, 4.2229e-02, 
DIAGNOSTIC,Iteration,metricValue,convergenceValue,ITERATION_TIME_INDEX,SINCE_LAST
 2DIAGNOSTIC,     1, -5.349346408843e-01, 1.797693134862e+308, 3.6909e+00, 1.2757e+00, 
 2DIAGNOSTIC,     2, -5.351814215617e-01, 1.797693134862e+308, 4.0002e+00, 3.0927e-01, 
 2DIAGNOSTIC,     3, -5.355523700024e-01, 1.797693134862e+308, 4.3227e+00, 3.2257e-01, 
 2DIAGNOSTIC,     4, -5.361246242112e-01, 1.797693134862e+308, 4.6441e+00, 3.2135e-01, 
 2DIAGNOSTIC,     5, -5.369560469065e-01, 1.797693134862e+308, 4.9866e+00, 3.4247e-01, 
 2DIAGNOSTIC,     6, -5.381717435954e-01, 1.797693134862e+308, 5.2874e+00, 3.0083e-01, 
 2DIAGNOSTIC,     7, -5.413870048866e-01, 1.797693134862e+308, 5.7241e+00, 4.3668e-01, 
 2DIAGNOSTIC,     8, -5.422417561950e-01, 1.797693134862e+308, 6.0559e+00, 3.3185e-01, 
 2DIAGNOSTIC,     9, -5.425241841241e-01, 1.797693134862e+308, 6.3722e+00, 3.1632e-01, 
 2DIAGNOSTIC,    10, -5.426654024610e-01, 1.137738237729e-03, 6.6999e+00, 3.2762e-01, 
 2DIAGNOSTIC,    11, -5.428367999811e-01, 1.026945927031e-03, 7.0021e+00, 3.0221e-01, 
 2DIAGNOSTIC,    12, -5.429197187435e-01, 8.552146707282e-04, 7.3254e+00, 3.2332e-01, 
 2DIAGNOSTIC,    13, -5.433208706128e-01, 6.638838591295e-04, 7.6450e+00, 3.1959e-01, 
 2DIAGNOSTIC,    14, -5.444677648456e-01, 5.055994449511e-04, 8.0646e+00, 4.1960e-01, 
 2DIAGNOSTIC,    15, -5.447641446217e-01, 3.617496064122e-04, 8.4026e+00, 3.3804e-01, 
 2DIAGNOSTIC,    16, -5.447701742221e-01, 2.409356156799e-04, 8.9260e+00, 5.2341e-01, 
 2DIAGNOSTIC,    17, -5.447703917402e-01, 2.118479086764e-04, 9.4209e+00, 4.9485e-01, 
 2DIAGNOSTIC,    18, -5.447709199456e-01, 1.912920052518e-04, 9.7726e+00, 3.5172e-01, 
 2DIAGNOSTIC,    19, -5.447696639669e-01, 1.625079320175e-04, 1.0115e+01, 3.4259e-01, 
 2DIAGNOSTIC,    20, -5.447695383341e-01, 1.252093082551e-04, 1.0442e+01, 3.2707e-01, 
 2DIAGNOSTIC,    21, -5.447705681507e-01, 8.477987973154e-05, 1.0731e+01, 2.8877e-01, 
 2DIAGNOSTIC,    22, -5.447673064400e-01, 4.234373855477e-05, 1.1015e+01, 2.8437e-01, 
 2DIAGNOSTIC,    23, -5.447662203244e-01, 8.252527471754e-06, 1.1389e+01, 3.7374e-01, 
 2DIAGNOSTIC,    24, -5.447667801045e-01, 1.263022322048e-06, 1.1705e+01, 3.1561e-01, 
 2DIAGNOSTIC,    25, -5.447653277810e-01, 1.022204955139e-06, 1.2007e+01, 3.0250e-01, 
DIAGNOSTIC,Iteration,metricValue,convergenceValue,ITERATION_TIME_INDEX,SINCE_LAST
 2DIAGNOSTIC,     1, -4.999159039121e-01, 1.797693134862e+308, 1.4857e+01, 2.8500e+00, 
 2DIAGNOSTIC,     2, -5.001145772321e-01, 1.797693134862e+308, 1.6607e+01, 1.7498e+00, 
 2DIAGNOSTIC,     3, -5.002981835812e-01, 1.797693134862e+308, 1.8248e+01, 1.6411e+00, 
 2DIAGNOSTIC,     4, -5.004906997628e-01, 1.797693134862e+308, 2.0054e+01, 1.8055e+00, 
 2DIAGNOSTIC,     5, -5.005318759507e-01, 1.797693134862e+308, 2.2571e+01, 2.5173e+00, 
 2DIAGNOSTIC,     6, -5.005430482928e-01, 1.797693134862e+308, 2.4122e+01, 1.5508e+00, 
 2DIAGNOSTIC,     7, -5.005565287644e-01, 1.797693134862e+308, 2.6038e+01, 1.9161e+00, 
 2DIAGNOSTIC,     8, -5.005583002152e-01, 1.797693134862e+308, 2.8135e+01, 2.0976e+00, 
 2DIAGNOSTIC,     9, -5.005575051632e-01, 1.797693134862e+308, 3.1016e+01, 2.8809e+00, 
 2DIAGNOSTIC,    10, -5.005577133109e-01, 7.383273833068e-05, 3.3127e+01, 2.1106e+00, 
 2DIAGNOSTIC,    11, -5.005578169347e-01, 4.065615486405e-05, 3.4873e+01, 1.7461e+00, 
 2DIAGNOSTIC,    12, -5.005578132820e-01, 1.890557199516e-05, 3.6800e+01, 1.9267e+00, 
 2DIAGNOSTIC,    13, -5.005576811376e-01, 6.834874028486e-06, 3.8804e+01, 2.0040e+00, 
 2DIAGNOSTIC,    14, -5.005576273758e-01, 3.864540275969e-06, 4.0477e+01, 1.6737e+00, 
 2DIAGNOSTIC,    15, -5.005576114748e-01, 2.698395305020e-06, 4.2143e+01, 1.6654e+00, 
 2DIAGNOSTIC,    16, -5.005577670945e-01, 2.013571564957e-06, 4.4050e+01, 1.9069e+00, 
 2DIAGNOSTIC,    17, -5.005578672241e-01, 1.858596117114e-06, 4.6002e+01, 1.9520e+00, 
 2DIAGNOSTIC,    18, -5.005576904344e-01, 1.773233880405e-06, 4.7937e+01, 1.9355e+00, 
 2DIAGNOSTIC,    19, -5.005576172581e-01, 1.670541671182e-06, 4.9831e+01, 1.8943e+00, 
 2DIAGNOSTIC,    20, -5.005574600882e-01, 1.579827305899e-06, 5.1627e+01, 1.7959e+00, 
 2DIAGNOSTIC,    21, -5.005575605282e-01, 1.504163217564e-06, 5.3586e+01, 1.9584e+00, 
 2DIAGNOSTIC,    22, -5.005576253890e-01, 1.437846281642e-06, 5.5605e+01, 2.0190e+00, 
 2DIAGNOSTIC,    23, -5.005574563142e-01, 1.370719811530e-06, 5.7291e+01, 1.6858e+00, 
 2DIAGNOSTIC,    24, -5.005574281876e-01, 1.308745990088e-06, 5.9162e+01, 1.8716e+00, 
 2DIAGNOSTIC,    25, -5.005575423513e-01, 1.255457028580e-06, 6.0822e+01, 1.6602e+00, 
 2DIAGNOSTIC,    26, -5.005576273476e-01, 1.212826185815e-06, 6.3051e+01, 2.2282e+00, 
 2DIAGNOSTIC,    27, -5.005576924087e-01, 1.177826755926e-06, 6.4796e+01, 1.7450e+00, 
 2DIAGNOSTIC,    28, -5.005575857986e-01, 1.139735352325e-06, 6.6592e+01, 1.7964e+00, 
 2DIAGNOSTIC,    29, -5.005575878668e-01, 1.102791841581e-06, 6.8385e+01, 1.7931e+00, 
 2DIAGNOSTIC,    30, -5.005575025865e-01, 1.063037346677e-06, 7.0501e+01, 2.1163e+00, 
 2DIAGNOSTIC,    31, -5.005574466233e-01, 1.026311001386e-06, 7.2284e+01, 1.7826e+00, 
  Elapsed time (stage 0): 7.3340e+01


Total elapsed time: 7.3344e+01
