
##########################
# Experiment information #
##########################

EXPERIMENT_NAME: antsRegistration-r7-p7
VFC_BACKENDS: libinterflop_vprec.so --range-binary32=7 --precision-binary32=7 --range-binary64=7 --precision-binary64=7

SIF_IMG: /home/mdugre/projects/rrg-glatard/mdugre/containers/ants-vprec-no_metrics.simg

SUBJECT_ID: s014
INPUT_IMG: /home/mdugre/scratch/mri-registration-rp/datasets/ds004513/derivatives/mri-registration-rp/antsBrainExtraction/sub-s014/BrainExtractionBrain.nii.gz
OUTPUT_DIR: /home/mdugre/scratch/mri-registration-rp/datasets/ds004513/derivatives/mri-registration-rp/0001/antsRegistration-r7-p7/sub-s014

FIXED_IMG: /templateflow/tpl-MNI152NLin2009cAsym/tpl-MNI152NLin2009cAsym_res-01_desc-brain_T1w.nii.gz
DATA_DIR: /home/mdugre/scratch/mri-registration-rp/datasets/ds004513
TEMPLATEFLOW_DIR: /home/mdugre/projects/rrg-glatard/mdugre/templateflow
ITK_GLOBAL_DEFAULT_NUMBER_OF_THREADS: 16
##########################

Info [verificarlo]: loaded backend libinterflop_ieee.so
Info [interflop-ieee]: load backend with:
Info [interflop-ieee]: debug = false
Info [interflop-ieee]: debug-binary = false
Info [interflop-ieee]: no-backend-name = false
Info [interflop-ieee]: print-new-line = false
Info [interflop-ieee]: print-subnormal-normalized = false
Info [interflop-ieee]: count-op = false
All_Command_lines_OK
Using double precision for computations.
=============================================================================
The composite transform comprises the following transforms (in order): 
  1. Center of mass alignment using fixed image: /templateflow/tpl-MNI152NLin2009cAsym/tpl-MNI152NLin2009cAsym_res-01_desc-brain_T1w.nii.gz and moving image: /home/mdugre/scratch/mri-registration-rp/datasets/ds004513/derivatives/mri-registration-rp/antsBrainExtraction/sub-s014/BrainExtractionBrain.nii.gz (type = Euler3DTransform)
=============================================================================
  number of levels = 1
  fixed image: /templateflow/tpl-MNI152NLin2009cAsym/tpl-MNI152NLin2009cAsym_res-01_desc-brain_T1w.nii.gz
  moving image: /home/mdugre/scratch/mri-registration-rp/datasets/ds004513/derivatives/mri-registration-rp/antsBrainExtraction/sub-s014/BrainExtractionBrain.nii.gz
Dimension = 3
Number of stages = 1
Use histogram matching = false
Winsorize image intensities = true
  Lower quantile = 0.005
  Upper quantile = 0.995


Stage 1 State
   Image metric = MattesMI
     Fixed image = Image (0x50b3bd0)
  RTTI typeinfo:   itk::Image<double, 3u>
  Reference Count: 2
  Modified Time: 2334
  Debug: Off
  Object Name: 
  Observers: 
    none
  Source: (none)
  Source output name: (none)
  Release Data: Off
  Data Released: False
  Global Release Data: Off
  PipelineMTime: 0
  UpdateMTime: 1943
  RealTimeStamp: 0 seconds 
  LargestPossibleRegion: 
    Dimension: 3
    Index: [0, 0, 0]
    Size: [193, 229, 193]
  BufferedRegion: 
    Dimension: 3
    Index: [0, 0, 0]
    Size: [193, 229, 193]
  RequestedRegion: 
    Dimension: 3
    Index: [0, 0, 0]
    Size: [193, 229, 193]
  Spacing: [1, 1, 1]
  Origin: [96, 132, -78]
  Direction: 
-1 0 0
0 -1 0
0 0 1

  IndexToPointMatrix: 
-1 0 0
0 -1 0
0 0 1

  PointToIndexMatrix: 
-1 0 0
0 -1 0
0 0 1

  Inverse Direction: 
-1 0 0
0 -1 0
0 0 1

  PixelContainer: 
    ImportImageContainer (0x510b930)
      RTTI typeinfo:   itk::ImportImageContainer<unsigned long, double>
      Reference Count: 1
      Modified Time: 1940
      Debug: Off
      Object Name: 
      Observers: 
        none
      Pointer: 0x15479b6e2010
      Container manages memory: true
      Size: 8530021
      Capacity: 8530021

     Moving image = Image (0x51a3610)
  RTTI typeinfo:   itk::Image<double, 3u>
  Reference Count: 2
  Modified Time: 2335
  Debug: Off
  Object Name: 
  Observers: 
    none
  Source: (none)
  Source output name: (none)
  Release Data: Off
  Data Released: False
  Global Release Data: Off
  PipelineMTime: 0
  UpdateMTime: 2332
  RealTimeStamp: 0 seconds 
  LargestPossibleRegion: 
    Dimension: 3
    Index: [0, 0, 0]
    Size: [160, 240, 256]
  BufferedRegion: 
    Dimension: 3
    Index: [0, 0, 0]
    Size: [160, 240, 256]
  RequestedRegion: 
    Dimension: 3
    Index: [0, 0, 0]
    Size: [160, 240, 256]
  Spacing: [0.999999, 1, 1]
  Origin: [84.1637, 106.709, -120.531]
  Direction: 
-0.999619 -0.0226874 -0.0157033
0.0226846 -0.999743 0.00035635
-0.0157073 -7.8229e-09 0.999877

  IndexToPointMatrix: 
-0.999619 -0.0226874 -0.0157033
0.0226845 -0.999743 0.00035635
-0.0157073 -7.8229e-09 0.999877

  PointToIndexMatrix: 
-0.99962 0.0226846 -0.0157073
-0.0226874 -0.999743 -7.83127e-09
-0.0157033 0.00035635 0.999877

  Inverse Direction: 
-0.999619 0.0226846 -0.0157073
-0.0226874 -0.999743 -7.83127e-09
-0.0157033 0.00035635 0.999877

  PixelContainer: 
    ImportImageContainer (0x50e3850)
      RTTI typeinfo:   itk::ImportImageContainer<unsigned long, double>
      Reference Count: 1
      Modified Time: 2329
      Debug: Off
      Object Name: 
      Observers: 
        none
      Pointer: 0x154796be1010
      Container manages memory: true
      Size: 9830400
      Capacity: 9830400

     Weighting = 1
     Sampling strategy = regular
     Number of bins = 32
     Radius = 4
     Sampling percentage  = 0.25
   Transform = Rigid
     Gradient step = 0.1
     Update field sigma (voxel space) = 0
     Total field sigma (voxel space) = 0
     Update field time sigma = 0
     Total field time sigma  = 0
     Number of time indices = 0
     Number of time point samples = 0
Registration using 1 total stages.

Stage 0
  iterations = 0
  convergence threshold = 1e-06
  convergence window size = 10
  number of levels = 1
  using the Mattes MI metric (number of bins = 32, weight = 1, use gradient filter = 0)
  preprocessing:  winsorizing the image intensities
  Shrink factors (level 1 out of 1): [1, 1, 1]
  smoothing sigmas per level: [0]
  regular sampling (percentage = 0.25)

*** Running Euler3DTransform registration ***

  Elapsed time (stage 0): 1.09997


Total elapsed time: 1.1029
Info [verificarlo]: loaded backend libinterflop_ieee.so
Info [interflop-ieee]: load backend with:
Info [interflop-ieee]: debug = false
Info [interflop-ieee]: debug-binary = false
Info [interflop-ieee]: no-backend-name = false
Info [interflop-ieee]: print-new-line = false
Info [interflop-ieee]: print-subnormal-normalized = false
Info [interflop-ieee]: count-op = false
All_Command_lines_OK
Using double precision for computations.
=============================================================================
The composite transform comprises the following transforms (in order): 
  1. /home/mdugre/scratch/mri-registration-rp/datasets/ds004513/derivatives/mri-registration-rp/0001/antsRegistration-r7-p7/sub-s014/align_Composite.h5[0] (type = Euler3DTransform)
  2. /home/mdugre/scratch/mri-registration-rp/datasets/ds004513/derivatives/mri-registration-rp/0001/antsRegistration-r7-p7/sub-s014/align_Composite.h5[1] (type = Euler3DTransform)
=============================================================================
  number of levels = 4
  fixed image: /templateflow/tpl-MNI152NLin2009cAsym/tpl-MNI152NLin2009cAsym_res-01_desc-brain_T1w.nii.gz
  moving image: /home/mdugre/scratch/mri-registration-rp/datasets/ds004513/derivatives/mri-registration-rp/antsBrainExtraction/sub-s014/BrainExtractionBrain.nii.gz
Dimension = 3
Number of stages = 1
Use histogram matching = false
Winsorize image intensities = true
  Lower quantile = 0.005
  Upper quantile = 0.995


Stage 1 State
   Image metric = MattesMI
     Fixed image = Image (0x4d58530)
  RTTI typeinfo:   itk::Image<double, 3u>
  Reference Count: 2
  Modified Time: 1580
  Debug: Off
  Object Name: 
  Observers: 
    none
  Source: (none)
  Source output name: (none)
  Release Data: Off
  Data Released: False
  Global Release Data: Off
  PipelineMTime: 0
  UpdateMTime: 1189
  RealTimeStamp: 0 seconds 
  LargestPossibleRegion: 
    Dimension: 3
    Index: [0, 0, 0]
    Size: [193, 229, 193]
  BufferedRegion: 
    Dimension: 3
    Index: [0, 0, 0]
    Size: [193, 229, 193]
  RequestedRegion: 
    Dimension: 3
    Index: [0, 0, 0]
    Size: [193, 229, 193]
  Spacing: [1, 1, 1]
  Origin: [96, 132, -78]
  Direction: 
-1 0 0
0 -1 0
0 0 1

  IndexToPointMatrix: 
-1 0 0
0 -1 0
0 0 1

  PointToIndexMatrix: 
-1 0 0
0 -1 0
0 0 1

  Inverse Direction: 
-1 0 0
0 -1 0
0 0 1

  PixelContainer: 
    ImportImageContainer (0x4e16d60)
      RTTI typeinfo:   itk::ImportImageContainer<unsigned long, double>
      Reference Count: 1
      Modified Time: 1186
      Debug: Off
      Object Name: 
      Observers: 
        none
      Pointer: 0x14ea98f8f010
      Container manages memory: true
      Size: 8530021
      Capacity: 8530021

     Moving image = Image (0x4e08f60)
  RTTI typeinfo:   itk::Image<double, 3u>
  Reference Count: 2
  Modified Time: 1581
  Debug: Off
  Object Name: 
  Observers: 
    none
  Source: (none)
  Source output name: (none)
  Release Data: Off
  Data Released: False
  Global Release Data: Off
  PipelineMTime: 0
  UpdateMTime: 1578
  RealTimeStamp: 0 seconds 
  LargestPossibleRegion: 
    Dimension: 3
    Index: [0, 0, 0]
    Size: [160, 240, 256]
  BufferedRegion: 
    Dimension: 3
    Index: [0, 0, 0]
    Size: [160, 240, 256]
  RequestedRegion: 
    Dimension: 3
    Index: [0, 0, 0]
    Size: [160, 240, 256]
  Spacing: [0.999999, 1, 1]
  Origin: [84.1637, 106.709, -120.531]
  Direction: 
-0.999619 -0.0226874 -0.0157033
0.0226846 -0.999743 0.00035635
-0.0157073 -7.8229e-09 0.999877

  IndexToPointMatrix: 
-0.999619 -0.0226874 -0.0157033
0.0226845 -0.999743 0.00035635
-0.0157073 -7.8229e-09 0.999877

  PointToIndexMatrix: 
-0.99962 0.0226846 -0.0157073
-0.0226874 -0.999743 -7.83127e-09
-0.0157033 0.00035635 0.999877

  Inverse Direction: 
-0.999619 0.0226846 -0.0157073
-0.0226874 -0.999743 -7.83127e-09
-0.0157033 0.00035635 0.999877

  PixelContainer: 
    ImportImageContainer (0x4dfa6d0)
      RTTI typeinfo:   itk::ImportImageContainer<unsigned long, double>
      Reference Count: 1
      Modified Time: 1575
      Debug: Off
      Object Name: 
      Observers: 
        none
      Pointer: 0x14ea9448e010
      Container manages memory: true
      Size: 9830400
      Capacity: 9830400

     Weighting = 1
     Sampling strategy = regular
     Number of bins = 32
     Radius = 4
     Sampling percentage  = 0.25
   Transform = Rigid
     Gradient step = 0.1
     Update field sigma (voxel space) = 0
     Total field sigma (voxel space) = 0
     Update field time sigma = 0
     Total field time sigma  = 0
     Number of time indices = 0
     Number of time point samples = 0
Registration using 1 total stages.

Stage 0
  iterations = 1000x500x250x100
  convergence threshold = 1e-06
  convergence window size = 10
  number of levels = 4
  using the Mattes MI metric (number of bins = 32, weight = 1, use gradient filter = 0)
  preprocessing:  winsorizing the image intensities
  Shrink factors (level 1 out of 4): [8, 8, 8]
  Shrink factors (level 2 out of 4): [4, 4, 4]
  Shrink factors (level 3 out of 4): [2, 2, 2]
  Shrink factors (level 4 out of 4): [1, 1, 1]
  smoothing sigmas per level: [3, 2, 1, 0]
  regular sampling (percentage = 0.25)

*** Running Euler3DTransform registration ***

DIAGNOSTIC,Iteration,metricValue,convergenceValue,ITERATION_TIME_INDEX,SINCE_LAST
 2DIAGNOSTIC,     1, -4.770821406565e-01, 1.797693134862e+308, 7.8445e-01, 7.8445e-01, 
 2DIAGNOSTIC,     2, -4.784216133942e-01, 1.797693134862e+308, 7.9021e-01, 5.7662e-03, 
 2DIAGNOSTIC,     3, -4.807043200681e-01, 1.797693134862e+308, 7.9508e-01, 4.8618e-03, 
 2DIAGNOSTIC,     4, -4.840264478065e-01, 1.797693134862e+308, 8.0011e-01, 5.0309e-03, 
 2DIAGNOSTIC,     5, -4.883050305770e-01, 1.797693134862e+308, 8.0481e-01, 4.7050e-03, 
 2DIAGNOSTIC,     6, -4.953560426371e-01, 1.797693134862e+308, 8.1129e-01, 6.4750e-03, 
 2DIAGNOSTIC,     7, -5.007350570384e-01, 1.797693134862e+308, 8.1626e-01, 4.9760e-03, 
 2DIAGNOSTIC,     8, -5.013278569503e-01, 1.797693134862e+308, 8.2095e-01, 4.6918e-03, 
 2DIAGNOSTIC,     9, -5.085255256006e-01, 1.797693134862e+308, 8.2632e-01, 5.3620e-03, 
 2DIAGNOSTIC,    10, -5.161992633656e-01, 5.125196520979e-03, 8.3423e-01, 7.9100e-03, 
 2DIAGNOSTIC,    11, -5.167072941437e-01, 4.879252931146e-03, 8.3925e-01, 5.0209e-03, 
 2DIAGNOSTIC,    12, -5.203629876260e-01, 4.481282734468e-03, 8.4428e-01, 5.0380e-03, 
 2DIAGNOSTIC,    13, -5.229718709777e-01, 3.958672533580e-03, 8.4971e-01, 5.4281e-03, 
 2DIAGNOSTIC,    14, -5.250338110830e-01, 3.368007801724e-03, 8.5525e-01, 5.5342e-03, 
 2DIAGNOSTIC,    15, -5.272078697648e-01, 2.786121483397e-03, 8.6245e-01, 7.2021e-03, 
 2DIAGNOSTIC,    16, -5.275715603979e-01, 2.284098302173e-03, 8.6714e-01, 4.6859e-03, 
 2DIAGNOSTIC,    17, -5.282507656512e-01, 1.839921123751e-03, 8.7291e-01, 5.7731e-03, 
 2DIAGNOSTIC,    18, -5.289722876066e-01, 1.313912041905e-03, 8.7844e-01, 5.5280e-03, 
 2DIAGNOSTIC,    19, -5.292207410111e-01, 9.370568707394e-04, 8.8368e-01, 5.2459e-03, 
 2DIAGNOSTIC,    20, -5.294476960672e-01, 7.341365573353e-04, 8.8929e-01, 5.6121e-03, 
 2DIAGNOSTIC,    21, -5.294955840903e-01, 4.966190831850e-04, 8.9486e-01, 5.5649e-03, 
 2DIAGNOSTIC,    22, -5.295366245031e-01, 3.281311959284e-04, 9.0114e-01, 6.2802e-03, 
 2DIAGNOSTIC,    23, -5.295376311909e-01, 2.063244245600e-04, 9.0679e-01, 5.6539e-03, 
 2DIAGNOSTIC,    24, -5.295911249027e-01, 1.234508389485e-04, 9.1302e-01, 6.2230e-03, 
 2DIAGNOSTIC,    25, -5.296271130650e-01, 8.499150549900e-05, 9.1852e-01, 5.5001e-03, 
 2DIAGNOSTIC,    26, -5.296539599384e-01, 4.983583932710e-05, 9.2357e-01, 5.0581e-03, 
 2DIAGNOSTIC,    27, -5.297704229809e-01, 2.877322815876e-05, 9.3040e-01, 6.8240e-03, 
 2DIAGNOSTIC,    28, -5.299884954864e-01, 2.504887531673e-05, 9.3779e-01, 7.3919e-03, 
 2DIAGNOSTIC,    29, -5.300854192462e-01, 2.569611952168e-05, 9.4323e-01, 5.4421e-03, 
 2DIAGNOSTIC,    30, -5.300410324621e-01, 2.732899344252e-05, 9.4781e-01, 4.5769e-03, 
 2DIAGNOSTIC,    31, -5.300376932141e-01, 2.724560548325e-05, 9.5358e-01, 5.7671e-03, 
 2DIAGNOSTIC,    32, -5.301686264233e-01, 2.763232919093e-05, 9.5827e-01, 4.6971e-03, 
 2DIAGNOSTIC,    33, -5.303926738421e-01, 2.905769097091e-05, 9.6463e-01, 6.3541e-03, 
 2DIAGNOSTIC,    34, -5.304519664601e-01, 2.945835349008e-05, 9.7061e-01, 5.9800e-03, 
 2DIAGNOSTIC,    35, -5.305073139184e-01, 2.868169329832e-05, 9.7574e-01, 5.1332e-03, 
 2DIAGNOSTIC,    36, -5.305686017148e-01, 2.670517374654e-05, 9.8020e-01, 4.4641e-03, 
 2DIAGNOSTIC,    37, -5.306602858943e-01, 2.533264913701e-05, 9.8757e-01, 7.3681e-03, 
 2DIAGNOSTIC,    38, -5.306881156231e-01, 2.512162425493e-05, 9.9234e-01, 4.7710e-03, 
 2DIAGNOSTIC,    39, -5.307317416635e-01, 2.461885299028e-05, 9.9745e-01, 5.1110e-03, 
 2DIAGNOSTIC,    40, -5.308225091354e-01, 2.257034276511e-05, 1.0045e+00, 7.0801e-03, 
 2DIAGNOSTIC,    41, -5.308460424125e-01, 1.877385526025e-05, 1.0090e+00, 4.4348e-03, 
 2DIAGNOSTIC,    42, -5.308561837321e-01, 1.520831957118e-05, 1.0135e+00, 4.5121e-03, 
 2DIAGNOSTIC,    43, -5.308777649273e-01, 1.355835177010e-05, 1.0180e+00, 4.5202e-03, 
 2DIAGNOSTIC,    44, -5.309114036110e-01, 1.190613944147e-05, 1.0226e+00, 4.5722e-03, 
 2DIAGNOSTIC,    45, -5.310262965518e-01, 1.129423566389e-05, 1.0299e+00, 7.3311e-03, 
 2DIAGNOSTIC,    46, -5.310374074445e-01, 1.049838941792e-05, 1.0344e+00, 4.5340e-03, 
 2DIAGNOSTIC,    47, -5.310434720121e-01, 9.962263448609e-06, 1.0390e+00, 4.5590e-03, 
 2DIAGNOSTIC,    48, -5.310518853633e-01, 8.989886105617e-06, 1.0435e+00, 4.5340e-03, 
 2DIAGNOSTIC,    49, -5.310584329536e-01, 7.783359500912e-06, 1.0492e+00, 5.6658e-03, 
 2DIAGNOSTIC,    50, -5.310645817646e-01, 6.973833583734e-06, 1.0555e+00, 6.2611e-03, 
 2DIAGNOSTIC,    51, -5.310656430618e-01, 5.851695600370e-06, 1.0607e+00, 5.2340e-03, 
 2DIAGNOSTIC,    52, -5.310738190002e-01, 4.481863509997e-06, 1.0663e+00, 5.5752e-03, 
 2DIAGNOSTIC,    53, -5.310768127969e-01, 3.049471521539e-06, 1.0707e+00, 4.4551e-03, 
 2DIAGNOSTIC,    54, -5.310775506016e-01, 1.750844720191e-06, 1.0752e+00, 4.5040e-03, 
 2DIAGNOSTIC,    55, -5.310817434211e-01, 1.565716413202e-06, 1.0797e+00, 4.4971e-03, 
 2DIAGNOSTIC,    56, -5.310870994121e-01, 1.452195857492e-06, 1.0847e+00, 5.0211e-03, 
 2DIAGNOSTIC,    57, -5.310885232962e-01, 1.327089154821e-06, 1.0898e+00, 5.0051e-03, 
 2DIAGNOSTIC,    58, -5.310914487850e-01, 1.238639651166e-06, 1.0950e+00, 5.2431e-03, 
 2DIAGNOSTIC,    59, -5.311015678587e-01, 1.240623596722e-06, 1.1009e+00, 5.8830e-03, 
 2DIAGNOSTIC,    60, -5.311021904297e-01, 1.235244579047e-06, 1.1054e+00, 4.5290e-03, 
 2DIAGNOSTIC,    61, -5.311059901820e-01, 1.204917779159e-06, 1.1197e+00, 1.4268e-02, 
 2DIAGNOSTIC,    62, -5.311059901659e-01, 1.182103197356e-06, 1.1339e+00, 1.4255e-02, 
 2DIAGNOSTIC,    63, -5.311059901659e-01, 1.122797857595e-06, 1.1402e+00, 6.2339e-03, 
 2DIAGNOSTIC,    64, -5.311059901659e-01, 1.011506956163e-06, 1.1456e+00, 5.4829e-03, 
DIAGNOSTIC,Iteration,metricValue,convergenceValue,ITERATION_TIME_INDEX,SINCE_LAST
 2DIAGNOSTIC,     1, -4.295258231625e-01, 1.797693134862e+308, 1.8573e+00, 7.1165e-01, 
 2DIAGNOSTIC,     2, -4.302859640432e-01, 1.797693134862e+308, 1.8910e+00, 3.3701e-02, 
 2DIAGNOSTIC,     3, -4.309651196675e-01, 1.797693134862e+308, 1.9226e+00, 3.1556e-02, 
 2DIAGNOSTIC,     4, -4.317164347764e-01, 1.797693134862e+308, 1.9537e+00, 3.1114e-02, 
 2DIAGNOSTIC,     5, -4.325561938345e-01, 1.797693134862e+308, 1.9855e+00, 3.1873e-02, 
 2DIAGNOSTIC,     6, -4.341819580779e-01, 1.797693134862e+308, 2.0170e+00, 3.1490e-02, 
 2DIAGNOSTIC,     7, -4.354327949460e-01, 1.797693134862e+308, 2.0494e+00, 3.2368e-02, 
 2DIAGNOSTIC,     8, -4.367134834401e-01, 1.797693134862e+308, 2.0864e+00, 3.7029e-02, 
 2DIAGNOSTIC,     9, -4.377076816053e-01, 1.797693134862e+308, 2.1354e+00, 4.9004e-02, 
 2DIAGNOSTIC,    10, -4.379510214291e-01, 1.375954781893e-03, 2.1676e+00, 3.2132e-02, 
 2DIAGNOSTIC,    11, -4.381306699704e-01, 1.211218579657e-03, 2.2009e+00, 3.3298e-02, 
 2DIAGNOSTIC,    12, -4.403708091238e-01, 1.128184042351e-03, 2.2383e+00, 3.7419e-02, 
 2DIAGNOSTIC,    13, -4.435986505837e-01, 1.148562288460e-03, 2.2807e+00, 4.2395e-02, 
 2DIAGNOSTIC,    14, -4.436199448019e-01, 1.094787362056e-03, 2.3131e+00, 3.2419e-02, 
 2DIAGNOSTIC,    15, -4.445052015865e-01, 1.025845786314e-03, 2.3467e+00, 3.3553e-02, 
 2DIAGNOSTIC,    16, -4.479362667070e-01, 1.077370585909e-03, 2.3900e+00, 4.3394e-02, 
 2DIAGNOSTIC,    17, -4.481475950936e-01, 1.073587586122e-03, 2.4262e+00, 3.6153e-02, 
 2DIAGNOSTIC,    18, -4.482020490281e-01, 1.018146300125e-03, 2.4624e+00, 3.6179e-02, 
 2DIAGNOSTIC,    19, -4.481966708547e-01, 9.107728215603e-04, 2.5200e+00, 5.7586e-02, 
 2DIAGNOSTIC,    20, -4.481953335760e-01, 7.394369047711e-04, 2.5507e+00, 3.0778e-02, 
 2DIAGNOSTIC,    21, -4.481954334211e-01, 5.189437708340e-04, 2.5910e+00, 4.0283e-02, 
 2DIAGNOSTIC,    22, -4.482018533901e-01, 3.337448835177e-04, 2.6275e+00, 3.6426e-02, 
 2DIAGNOSTIC,    23, -4.481921491787e-01, 2.259319927174e-04, 2.6560e+00, 2.8545e-02, 
 2DIAGNOSTIC,    24, -4.482074312934e-01, 1.077320657959e-04, 2.6883e+00, 3.2352e-02, 
 2DIAGNOSTIC,    25, -4.482144439096e-01, 9.691657140903e-06, 2.7280e+00, 3.9683e-02, 
 2DIAGNOSTIC,    26, -4.482116710145e-01, 3.273680712901e-06, 2.7687e+00, 4.0638e-02, 
 2DIAGNOSTIC,    27, -4.482088353690e-01, 2.084628114796e-06, 2.8065e+00, 3.7872e-02, 
 2DIAGNOSTIC,    28, -4.482139220090e-01, 2.274305926545e-06, 2.8414e+00, 3.4897e-02, 
 2DIAGNOSTIC,    29, -4.482420866518e-01, 2.842587814807e-06, 2.8925e+00, 5.1097e-02, 
 2DIAGNOSTIC,    30, -4.482455732850e-01, 3.232688036973e-06, 2.9419e+00, 4.9375e-02, 
 2DIAGNOSTIC,    31, -4.482405886612e-01, 3.298139618704e-06, 2.9800e+00, 3.8044e-02, 
 2DIAGNOSTIC,    32, -4.482290915037e-01, 3.068922669366e-06, 3.0187e+00, 3.8739e-02, 
 2DIAGNOSTIC,    33, -4.482261087552e-01, 2.406544839371e-06, 3.0615e+00, 4.2849e-02, 
 2DIAGNOSTIC,    34, -4.482147421374e-01, 1.704268288508e-06, 3.0995e+00, 3.7919e-02, 
 2DIAGNOSTIC,    35, -4.482170221744e-01, 1.142411553311e-06, 3.1320e+00, 3.2521e-02, 
DIAGNOSTIC,Iteration,metricValue,convergenceValue,ITERATION_TIME_INDEX,SINCE_LAST
 2DIAGNOSTIC,     1, -3.932184618986e-01, 1.797693134862e+308, 4.2677e+00, 1.1358e+00, 
 2DIAGNOSTIC,     2, -3.933350080863e-01, 1.797693134862e+308, 4.5273e+00, 2.5957e-01, 
 2DIAGNOSTIC,     3, -3.934316047622e-01, 1.797693134862e+308, 4.7802e+00, 2.5289e-01, 
 2DIAGNOSTIC,     4, -3.934445201742e-01, 1.797693134862e+308, 5.0809e+00, 3.0073e-01, 
 2DIAGNOSTIC,     5, -3.934561041471e-01, 1.797693134862e+308, 5.3799e+00, 2.9894e-01, 
 2DIAGNOSTIC,     6, -3.934557400543e-01, 1.797693134862e+308, 5.6995e+00, 3.1960e-01, 
 2DIAGNOSTIC,     7, -3.934568947995e-01, 1.797693134862e+308, 6.1616e+00, 4.6212e-01, 
 2DIAGNOSTIC,     8, -3.934560026808e-01, 1.797693134862e+308, 6.4461e+00, 2.8446e-01, 
 2DIAGNOSTIC,     9, -3.934553707524e-01, 1.797693134862e+308, 6.8185e+00, 3.7248e-01, 
 2DIAGNOSTIC,    10, -3.934548435905e-01, 2.950388606805e-05, 7.1202e+00, 3.0169e-01, 
 2DIAGNOSTIC,    11, -3.934535150940e-01, 1.251788032729e-05, 7.4239e+00, 3.0373e-01, 
 2DIAGNOSTIC,    12, -3.934529103858e-01, 4.334109354631e-06, 7.7215e+00, 2.9760e-01, 
 2DIAGNOSTIC,    13, -3.934523312421e-01, 2.580302809918e-06, 7.9691e+00, 2.4753e-01, 
 2DIAGNOSTIC,    14, -3.934518640976e-01, 1.691075647473e-06, 8.2638e+00, 2.9477e-01, 
 2DIAGNOSTIC,    15, -3.934519734506e-01, 1.537715178981e-06, 8.5480e+00, 2.8415e-01, 
 2DIAGNOSTIC,    16, -3.934513609617e-01, 1.410839898630e-06, 8.8010e+00, 2.5296e-01, 
 2DIAGNOSTIC,    17, -3.934508380329e-01, 1.380509421861e-06, 9.0962e+00, 2.9527e-01, 
 2DIAGNOSTIC,    18, -3.934502559812e-01, 1.340256720071e-06, 9.3530e+00, 2.5675e-01, 
 2DIAGNOSTIC,    19, -3.934497851810e-01, 1.301860274715e-06, 9.6561e+00, 3.0313e-01, 
 2DIAGNOSTIC,    20, -3.934499621684e-01, 1.290039207839e-06, 9.9081e+00, 2.5197e-01, 
 2DIAGNOSTIC,    21, -3.934502604981e-01, 1.271710137633e-06, 1.0181e+01, 2.7253e-01, 
 2DIAGNOSTIC,    22, -3.934498715650e-01, 1.245514076556e-06, 1.0477e+01, 2.9602e-01, 
 2DIAGNOSTIC,    23, -3.934501307282e-01, 1.231426801834e-06, 1.0758e+01, 2.8152e-01, 
 2DIAGNOSTIC,    24, -3.934495535751e-01, 1.200792276543e-06, 1.1003e+01, 2.4463e-01, 
 2DIAGNOSTIC,    25, -3.934490927668e-01, 1.174527706177e-06, 1.1248e+01, 2.4510e-01, 
 2DIAGNOSTIC,    26, -3.934495816351e-01, 1.156238069233e-06, 1.1546e+01, 2.9821e-01, 
 2DIAGNOSTIC,    27, -3.934510332950e-01, 1.170201613512e-06, 1.1889e+01, 3.4322e-01, 
 2DIAGNOSTIC,    28, -3.934498670318e-01, 1.138213991912e-06, 1.2181e+01, 2.9144e-01, 
 2DIAGNOSTIC,    29, -3.934494067985e-01, 1.086573256384e-06, 1.2470e+01, 2.8944e-01, 
 2DIAGNOSTIC,    30, -3.934490071088e-01, 1.034518303356e-06, 1.2758e+01, 2.8784e-01, 
 2DIAGNOSTIC,    31, -3.934493552305e-01, 1.002859741701e-06, 1.2992e+01, 2.3364e-01, 
 2DIAGNOSTIC,    32, -3.934514389071e-01, 1.012150064671e-06, 1.3296e+01, 3.0448e-01, 
 2DIAGNOSTIC,    33, -3.934519791766e-01, 1.036072108392e-06, 1.3550e+01, 2.5365e-01, 
 2DIAGNOSTIC,    34, -3.934514162143e-01, 1.029043095672e-06, 1.3780e+01, 2.2988e-01, 
 2DIAGNOSTIC,    35, -3.934525148535e-01, 1.027695598493e-06, 1.4056e+01, 2.7623e-01, 
 2DIAGNOSTIC,    36, -3.934539684126e-01, 1.051995745033e-06, 1.4363e+01, 3.0694e-01, 
 2DIAGNOSTIC,    37, -3.934536117569e-01, 1.079271569782e-06, 1.4653e+01, 2.9011e-01, 
 2DIAGNOSTIC,    38, -3.934525130960e-01, 1.042002451362e-06, 1.4935e+01, 2.8176e-01, 
DIAGNOSTIC,Iteration,metricValue,convergenceValue,ITERATION_TIME_INDEX,SINCE_LAST
 2DIAGNOSTIC,     1, -3.660000232115e-01, 1.797693134862e+308, 1.7606e+01, 2.6717e+00, 
 2DIAGNOSTIC,     2, -3.661006045008e-01, 1.797693134862e+308, 1.9375e+01, 1.7687e+00, 
 2DIAGNOSTIC,     3, -3.661940053563e-01, 1.797693134862e+308, 2.1109e+01, 1.7341e+00, 
 2DIAGNOSTIC,     4, -3.662025643979e-01, 1.797693134862e+308, 2.3957e+01, 2.8478e+00, 
 2DIAGNOSTIC,     5, -3.662022977403e-01, 1.797693134862e+308, 2.6024e+01, 2.0665e+00, 
 2DIAGNOSTIC,     6, -3.662022733269e-01, 1.797693134862e+308, 2.7756e+01, 1.7328e+00, 
 2DIAGNOSTIC,     7, -3.662021510426e-01, 1.797693134862e+308, 2.9347e+01, 1.5904e+00, 
 2DIAGNOSTIC,     8, -3.662021104780e-01, 1.797693134862e+308, 3.0980e+01, 1.6335e+00, 
 2DIAGNOSTIC,     9, -3.662019867620e-01, 1.797693134862e+308, 3.2615e+01, 1.6348e+00, 
 2DIAGNOSTIC,    10, -3.662019340676e-01, 2.615306955936e-05, 3.4089e+01, 1.4737e+00, 
 2DIAGNOSTIC,    11, -3.662019021400e-01, 1.049208936878e-05, 3.5744e+01, 1.6550e+00, 
 2DIAGNOSTIC,    12, -3.662017877849e-01, 3.091361157961e-06, 3.7364e+01, 1.6208e+00, 
 2DIAGNOSTIC,    13, -3.662019075698e-01, 2.358435140945e-06, 3.9066e+01, 1.7012e+00, 
 2DIAGNOSTIC,    14, -3.662018587124e-01, 2.210206124550e-06, 4.0729e+01, 1.6634e+00, 
 2DIAGNOSTIC,    15, -3.662018920146e-01, 2.075386366623e-06, 4.2383e+01, 1.6539e+00, 
 2DIAGNOSTIC,    16, -3.662018421385e-01, 1.958104224140e-06, 4.3932e+01, 1.5487e+00, 
 2DIAGNOSTIC,    17, -3.662017315667e-01, 1.846828475913e-06, 4.5349e+01, 1.4177e+00, 
 2DIAGNOSTIC,    18, -3.662016584551e-01, 1.745449626785e-06, 4.7062e+01, 1.7121e+00, 
 2DIAGNOSTIC,    19, -3.662015876339e-01, 1.648798694312e-06, 4.8683e+01, 1.6216e+00, 
 2DIAGNOSTIC,    20, -3.662013732951e-01, 1.553843744652e-06, 5.0335e+01, 1.6522e+00, 
 2DIAGNOSTIC,    21, -3.662013254953e-01, 1.468744473869e-06, 5.2251e+01, 1.9158e+00, 
 2DIAGNOSTIC,    22, -3.662011170379e-01, 1.384171232598e-06, 5.3942e+01, 1.6905e+00, 
 2DIAGNOSTIC,    23, -3.662008967297e-01, 1.309503541762e-06, 5.5402e+01, 1.4608e+00, 
 2DIAGNOSTIC,    24, -3.662008589309e-01, 1.245216203233e-06, 5.7122e+01, 1.7199e+00, 
 2DIAGNOSTIC,    25, -3.662009022555e-01, 1.195923476541e-06, 5.8749e+01, 1.6267e+00, 
 2DIAGNOSTIC,    26, -3.662008588659e-01, 1.154782626606e-06, 6.0278e+01, 1.5294e+00, 
 2DIAGNOSTIC,    27, -3.662010886981e-01, 1.126687744282e-06, 6.2007e+01, 1.7284e+00, 
 2DIAGNOSTIC,    28, -3.662011545034e-01, 1.105168553894e-06, 6.3646e+01, 1.6388e+00, 
 2DIAGNOSTIC,    29, -3.662007271274e-01, 1.074819878037e-06, 6.5486e+01, 1.8402e+00, 
 2DIAGNOSTIC,    30, -3.662006710324e-01, 1.041888317073e-06, 6.7174e+01, 1.6877e+00, 
 2DIAGNOSTIC,    31, -3.662006079482e-01, 1.010052205520e-06, 6.8874e+01, 1.7002e+00, 
  Elapsed time (stage 0): 6.9861e+01


Total elapsed time: 6.9863e+01
Info [verificarlo]: loaded backend libinterflop_ieee.so
Info [interflop-ieee]: load backend with:
Info [interflop-ieee]: debug = false
Info [interflop-ieee]: debug-binary = false
Info [interflop-ieee]: no-backend-name = false
Info [interflop-ieee]: print-new-line = false
Info [interflop-ieee]: print-subnormal-normalized = false
Info [interflop-ieee]: count-op = false
All_Command_lines_OK
Using double precision for computations.
=============================================================================
The composite transform comprises the following transforms (in order): 
  1. /home/mdugre/scratch/mri-registration-rp/datasets/ds004513/derivatives/mri-registration-rp/0001/antsRegistration-r7-p7/sub-s014/rigid_Composite.h5[0] (type = Euler3DTransform)
  2. /home/mdugre/scratch/mri-registration-rp/datasets/ds004513/derivatives/mri-registration-rp/0001/antsRegistration-r7-p7/sub-s014/rigid_Composite.h5[1] (type = Euler3DTransform)
  3. /home/mdugre/scratch/mri-registration-rp/datasets/ds004513/derivatives/mri-registration-rp/0001/antsRegistration-r7-p7/sub-s014/rigid_Composite.h5[2] (type = Euler3DTransform)
=============================================================================
  number of levels = 4
  fixed image: /templateflow/tpl-MNI152NLin2009cAsym/tpl-MNI152NLin2009cAsym_res-01_desc-brain_T1w.nii.gz
  moving image: /home/mdugre/scratch/mri-registration-rp/datasets/ds004513/derivatives/mri-registration-rp/antsBrainExtraction/sub-s014/BrainExtractionBrain.nii.gz
Dimension = 3
Number of stages = 1
Use histogram matching = false
Winsorize image intensities = true
  Lower quantile = 0.005
  Upper quantile = 0.995


Stage 1 State
   Image metric = MattesMI
     Fixed image = Image (0x410a530)
  RTTI typeinfo:   itk::Image<double, 3u>
  Reference Count: 2
  Modified Time: 1594
  Debug: Off
  Object Name: 
  Observers: 
    none
  Source: (none)
  Source output name: (none)
  Release Data: Off
  Data Released: False
  Global Release Data: Off
  PipelineMTime: 0
  UpdateMTime: 1203
  RealTimeStamp: 0 seconds 
  LargestPossibleRegion: 
    Dimension: 3
    Index: [0, 0, 0]
    Size: [193, 229, 193]
  BufferedRegion: 
    Dimension: 3
    Index: [0, 0, 0]
    Size: [193, 229, 193]
  RequestedRegion: 
    Dimension: 3
    Index: [0, 0, 0]
    Size: [193, 229, 193]
  Spacing: [1, 1, 1]
  Origin: [96, 132, -78]
  Direction: 
-1 0 0
0 -1 0
0 0 1

  IndexToPointMatrix: 
-1 0 0
0 -1 0
0 0 1

  PointToIndexMatrix: 
-1 0 0
0 -1 0
0 0 1

  Inverse Direction: 
-1 0 0
0 -1 0
0 0 1

  PixelContainer: 
    ImportImageContainer (0x41c32a0)
      RTTI typeinfo:   itk::ImportImageContainer<unsigned long, double>
      Reference Count: 1
      Modified Time: 1200
      Debug: Off
      Object Name: 
      Observers: 
        none
      Pointer: 0x14e204142010
      Container manages memory: true
      Size: 8530021
      Capacity: 8530021

     Moving image = Image (0x41c5e60)
  RTTI typeinfo:   itk::Image<double, 3u>
  Reference Count: 2
  Modified Time: 1595
  Debug: Off
  Object Name: 
  Observers: 
    none
  Source: (none)
  Source output name: (none)
  Release Data: Off
  Data Released: False
  Global Release Data: Off
  PipelineMTime: 0
  UpdateMTime: 1592
  RealTimeStamp: 0 seconds 
  LargestPossibleRegion: 
    Dimension: 3
    Index: [0, 0, 0]
    Size: [160, 240, 256]
  BufferedRegion: 
    Dimension: 3
    Index: [0, 0, 0]
    Size: [160, 240, 256]
  RequestedRegion: 
    Dimension: 3
    Index: [0, 0, 0]
    Size: [160, 240, 256]
  Spacing: [0.999999, 1, 1]
  Origin: [84.1637, 106.709, -120.531]
  Direction: 
-0.999619 -0.0226874 -0.0157033
0.0226846 -0.999743 0.00035635
-0.0157073 -7.8229e-09 0.999877

  IndexToPointMatrix: 
-0.999619 -0.0226874 -0.0157033
0.0226845 -0.999743 0.00035635
-0.0157073 -7.8229e-09 0.999877

  PointToIndexMatrix: 
-0.99962 0.0226846 -0.0157073
-0.0226874 -0.999743 -7.83127e-09
-0.0157033 0.00035635 0.999877

  Inverse Direction: 
-0.999619 0.0226846 -0.0157073
-0.0226874 -0.999743 -7.83127e-09
-0.0157033 0.00035635 0.999877

  PixelContainer: 
    ImportImageContainer (0x41f9390)
      RTTI typeinfo:   itk::ImportImageContainer<unsigned long, double>
      Reference Count: 1
      Modified Time: 1589
      Debug: Off
      Object Name: 
      Observers: 
        none
      Pointer: 0x14e1ff641010
      Container manages memory: true
      Size: 9830400
      Capacity: 9830400

     Weighting = 1
     Sampling strategy = regular
     Number of bins = 32
     Radius = 4
     Sampling percentage  = 0.25
   Transform = Affine
     Gradient step = 0.1
     Update field sigma (voxel space) = 0
     Total field sigma (voxel space) = 0
     Update field time sigma = 0
     Total field time sigma  = 0
     Number of time indices = 0
     Number of time point samples = 0
Registration using 1 total stages.

Stage 0
  iterations = 1000x500x250x100
  convergence threshold = 1e-06
  convergence window size = 10
  number of levels = 4
  using the Mattes MI metric (number of bins = 32, weight = 1, use gradient filter = 0)
  preprocessing:  winsorizing the image intensities
  Shrink factors (level 1 out of 4): [8, 8, 8]
  Shrink factors (level 2 out of 4): [4, 4, 4]
  Shrink factors (level 3 out of 4): [2, 2, 2]
  Shrink factors (level 4 out of 4): [1, 1, 1]
  smoothing sigmas per level: [3, 2, 1, 0]
  regular sampling (percentage = 0.25)

*** Running AffineTransform registration ***

DIAGNOSTIC,Iteration,metricValue,convergenceValue,ITERATION_TIME_INDEX,SINCE_LAST
 2DIAGNOSTIC,     1, -5.239750083514e-01, 1.797693134862e+308, 6.8695e-01, 6.8695e-01, 
 2DIAGNOSTIC,     2, -5.258640014385e-01, 1.797693134862e+308, 6.9243e-01, 5.4770e-03, 
 2DIAGNOSTIC,     3, -5.291088181334e-01, 1.797693134862e+308, 6.9786e-01, 5.4250e-03, 
 2DIAGNOSTIC,     4, -5.347710742415e-01, 1.797693134862e+308, 7.0333e-01, 5.4691e-03, 
 2DIAGNOSTIC,     5, -5.449383438106e-01, 1.797693134862e+308, 7.0858e-01, 5.2509e-03, 
 2DIAGNOSTIC,     6, -6.215306406809e-01, 1.797693134862e+308, 7.1436e-01, 5.7852e-03, 
 2DIAGNOSTIC,     7, -6.633611173716e-01, 1.797693134862e+308, 7.2047e-01, 6.1049e-03, 
 2DIAGNOSTIC,     8, -7.298997604044e-01, 1.797693134862e+308, 7.2871e-01, 8.2409e-03, 
 2DIAGNOSTIC,     9, -7.422521048447e-01, 1.797693134862e+308, 7.3449e-01, 5.7831e-03, 
 2DIAGNOSTIC,    10, -7.541338270661e-01, 2.915590438657e-02, 7.4017e-01, 5.6751e-03, 
 2DIAGNOSTIC,    11, -7.649021976969e-01, 2.764847254261e-02, 7.4666e-01, 6.4931e-03, 
 2DIAGNOSTIC,    12, -7.741613886004e-01, 2.434790959327e-02, 7.5502e-01, 8.3570e-03, 
 2DIAGNOSTIC,    13, -7.770752540940e-01, 1.968342203230e-02, 7.6195e-01, 6.9330e-03, 
 2DIAGNOSTIC,    14, -7.814244261962e-01, 1.436952816915e-02, 7.6847e-01, 6.5219e-03, 
 2DIAGNOSTIC,    15, -7.874240645633e-01, 9.014368133563e-03, 7.7613e-01, 7.6568e-03, 
 2DIAGNOSTIC,    16, -7.920938292183e-01, 5.733377307125e-03, 7.8238e-01, 6.2530e-03, 
 2DIAGNOSTIC,    17, -7.957349098623e-01, 3.442741218336e-03, 7.8858e-01, 6.1970e-03, 
 2DIAGNOSTIC,    18, -8.010581467312e-01, 2.769031955096e-03, 7.9609e-01, 7.5130e-03, 
 2DIAGNOSTIC,    19, -8.020624215571e-01, 2.204701850118e-03, 8.0282e-01, 6.7339e-03, 
 2DIAGNOSTIC,    20, -8.025885182950e-01, 1.748768249221e-03, 8.0870e-01, 5.8711e-03, 
 2DIAGNOSTIC,    21, -8.047946018650e-01, 1.424906595984e-03, 8.1573e-01, 7.0369e-03, 
 2DIAGNOSTIC,    22, -8.088011521044e-01, 1.241431907076e-03, 8.2399e-01, 8.2521e-03, 
 2DIAGNOSTIC,    23, -8.108214418728e-01, 1.042861321277e-03, 8.3038e-01, 6.3951e-03, 
 2DIAGNOSTIC,    24, -8.126147012331e-01, 8.656270576333e-04, 8.3629e-01, 5.9142e-03, 
 2DIAGNOSTIC,    25, -8.155476707943e-01, 7.639527754309e-04, 8.4294e-01, 6.6450e-03, 
 2DIAGNOSTIC,    26, -8.215001139093e-01, 7.574107593261e-04, 8.4938e-01, 6.4380e-03, 
 2DIAGNOSTIC,    27, -8.250880095521e-01, 7.798314716771e-04, 8.5603e-01, 6.6559e-03, 
 2DIAGNOSTIC,    28, -8.288866488188e-01, 8.528646579630e-04, 8.6427e-01, 8.2319e-03, 
 2DIAGNOSTIC,    29, -8.297129916487e-01, 8.652320643430e-04, 8.7040e-01, 6.1359e-03, 
 2DIAGNOSTIC,    30, -8.333721104521e-01, 8.489246580064e-04, 8.7641e-01, 6.0041e-03, 
 2DIAGNOSTIC,    31, -8.366871755168e-01, 8.190608699406e-04, 8.8309e-01, 6.6819e-03, 
 2DIAGNOSTIC,    32, -8.378450912941e-01, 7.739635365425e-04, 8.8913e-01, 6.0389e-03, 
 2DIAGNOSTIC,    33, -8.386435932588e-01, 6.919923617596e-04, 8.9579e-01, 6.6628e-03, 
 2DIAGNOSTIC,    34, -8.393206248125e-01, 5.779926679644e-04, 9.0425e-01, 8.4651e-03, 
 2DIAGNOSTIC,    35, -8.396565452117e-01, 4.502970118759e-04, 9.1026e-01, 6.0050e-03, 
 2DIAGNOSTIC,    36, -8.402330198504e-01, 3.547989497471e-04, 9.1620e-01, 5.9409e-03, 
 2DIAGNOSTIC,    37, -8.406979169087e-01, 2.716381936305e-04, 9.2215e-01, 5.9531e-03, 
 2DIAGNOSTIC,    38, -8.411693595878e-01, 2.100331875481e-04, 9.2862e-01, 6.4640e-03, 
 2DIAGNOSTIC,    39, -8.413404467090e-01, 1.409687005023e-04, 9.3505e-01, 6.4280e-03, 
 2DIAGNOSTIC,    40, -8.419739915609e-01, 1.015424759075e-04, 9.4225e-01, 7.2010e-03, 
 2DIAGNOSTIC,    41, -8.420474243333e-01, 8.493101734891e-05, 9.4856e-01, 6.3100e-03, 
 2DIAGNOSTIC,    42, -8.422139399213e-01, 7.270885014402e-05, 9.5511e-01, 6.5529e-03, 
 2DIAGNOSTIC,    43, -8.428790075435e-01, 6.671171839160e-05, 9.6218e-01, 7.0710e-03, 
 2DIAGNOSTIC,    44, -8.433458234133e-01, 6.413367467263e-05, 9.7009e-01, 7.9062e-03, 
 2DIAGNOSTIC,    45, -8.434585523865e-01, 5.915027777452e-05, 9.7673e-01, 6.6452e-03, 
 2DIAGNOSTIC,    46, -8.431360800735e-01, 5.088272617724e-05, 9.8327e-01, 6.5341e-03, 
 2DIAGNOSTIC,    47, -8.430430413663e-01, 4.118822390976e-05, 9.8921e-01, 5.9478e-03, 
 2DIAGNOSTIC,    48, -8.428316815230e-01, 2.997206854041e-05, 9.9572e-01, 6.5081e-03, 
 2DIAGNOSTIC,    49, -8.428559898955e-01, 1.771387882494e-05, 1.0017e+00, 5.9321e-03, 
 2DIAGNOSTIC,    50, -8.427630867317e-01, 8.315626064129e-06, 1.0088e+00, 7.1030e-03, 
DIAGNOSTIC,Iteration,metricValue,convergenceValue,ITERATION_TIME_INDEX,SINCE_LAST
 2DIAGNOSTIC,     1, -6.903225585462e-01, 1.797693134862e+308, 1.7448e+00, 7.3606e-01, 
 2DIAGNOSTIC,     2, -6.911293697424e-01, 1.797693134862e+308, 1.7852e+00, 4.0351e-02, 
 2DIAGNOSTIC,     3, -6.916099075776e-01, 1.797693134862e+308, 1.8241e+00, 3.8915e-02, 
 2DIAGNOSTIC,     4, -6.918709133806e-01, 1.797693134862e+308, 1.8626e+00, 3.8475e-02, 
 2DIAGNOSTIC,     5, -6.922944179688e-01, 1.797693134862e+308, 1.9018e+00, 3.9242e-02, 
 2DIAGNOSTIC,     6, -6.926824134507e-01, 1.797693134862e+308, 1.9418e+00, 3.9997e-02, 
 2DIAGNOSTIC,     7, -6.934024315964e-01, 1.797693134862e+308, 1.9894e+00, 4.7633e-02, 
 2DIAGNOSTIC,     8, -6.936837948647e-01, 1.797693134862e+308, 2.0585e+00, 6.9055e-02, 
 2DIAGNOSTIC,     9, -6.936776501058e-01, 1.797693134862e+308, 2.1033e+00, 4.4813e-02, 
 2DIAGNOSTIC,    10, -6.936717050435e-01, 3.237647540640e-04, 2.1439e+00, 4.0570e-02, 
 2DIAGNOSTIC,    11, -6.936681404101e-01, 2.407712715265e-04, 2.1980e+00, 5.4079e-02, 
 2DIAGNOSTIC,    12, -6.936713850683e-01, 1.773725381968e-04, 2.2477e+00, 4.9755e-02, 
 2DIAGNOSTIC,    13, -6.936502907752e-01, 1.223504829302e-04, 2.2877e+00, 4.0020e-02, 
 2DIAGNOSTIC,    14, -6.936434319074e-01, 7.187171330193e-05, 2.3361e+00, 4.8421e-02, 
 2DIAGNOSTIC,    15, -6.936359495644e-01, 3.321734085668e-05, 2.3762e+00, 4.0071e-02, 
 2DIAGNOSTIC,    16, -6.936286432710e-01, 5.859608116929e-06, 2.4158e+00, 3.9552e-02, 
DIAGNOSTIC,Iteration,metricValue,convergenceValue,ITERATION_TIME_INDEX,SINCE_LAST
 2DIAGNOSTIC,     1, -5.887204282846e-01, 1.797693134862e+308, 3.5636e+00, 1.1479e+00, 
 2DIAGNOSTIC,     2, -5.893436064047e-01, 1.797693134862e+308, 3.8921e+00, 3.2845e-01, 
 2DIAGNOSTIC,     3, -5.900460562374e-01, 1.797693134862e+308, 4.2411e+00, 3.4898e-01, 
 2DIAGNOSTIC,     4, -5.908701222631e-01, 1.797693134862e+308, 4.5386e+00, 2.9755e-01, 
 2DIAGNOSTIC,     5, -5.918253953002e-01, 1.797693134862e+308, 4.8514e+00, 3.1281e-01, 
 2DIAGNOSTIC,     6, -5.925749671919e-01, 1.797693134862e+308, 5.2175e+00, 3.6601e-01, 
 2DIAGNOSTIC,     7, -5.925951393237e-01, 1.797693134862e+308, 5.5093e+00, 2.9181e-01, 
 2DIAGNOSTIC,     8, -5.927169381518e-01, 1.797693134862e+308, 5.8409e+00, 3.3160e-01, 
 2DIAGNOSTIC,     9, -5.929003148964e-01, 1.797693134862e+308, 6.3658e+00, 5.2490e-01, 
 2DIAGNOSTIC,    10, -5.928935480209e-01, 4.877857186380e-04, 6.6887e+00, 3.2297e-01, 
 2DIAGNOSTIC,    11, -5.928950253276e-01, 3.472283249763e-04, 7.1081e+00, 4.1933e-01, 
 2DIAGNOSTIC,    12, -5.928849711717e-01, 2.240039757255e-04, 7.6233e+00, 5.1519e-01, 
 2DIAGNOSTIC,    13, -5.928865449693e-01, 1.257059982968e-04, 7.9833e+00, 3.6007e-01, 
 2DIAGNOSTIC,    14, -5.928855779310e-01, 5.776945551589e-05, 8.3164e+00, 3.3303e-01, 
 2DIAGNOSTIC,    15, -5.928846573980e-01, 2.374942153617e-05, 8.6159e+00, 2.9955e-01, 
 2DIAGNOSTIC,    16, -5.928839416253e-01, 1.459440973592e-05, 8.9463e+00, 3.3043e-01, 
 2DIAGNOSTIC,    17, -5.928832214202e-01, 5.872075718401e-06, 9.2447e+00, 2.9840e-01, 
DIAGNOSTIC,Iteration,metricValue,convergenceValue,ITERATION_TIME_INDEX,SINCE_LAST
 2DIAGNOSTIC,     1, -5.264745717930e-01, 1.797693134862e+308, 1.2409e+01, 3.1640e+00, 
 2DIAGNOSTIC,     2, -5.268118363010e-01, 1.797693134862e+308, 1.4492e+01, 2.0829e+00, 
 2DIAGNOSTIC,     3, -5.270515804324e-01, 1.797693134862e+308, 1.6511e+01, 2.0192e+00, 
 2DIAGNOSTIC,     4, -5.272992097647e-01, 1.797693134862e+308, 1.8703e+01, 2.1923e+00, 
 2DIAGNOSTIC,     5, -5.280639427562e-01, 1.797693134862e+308, 2.2469e+01, 3.7657e+00, 
 2DIAGNOSTIC,     6, -5.280644866257e-01, 1.797693134862e+308, 2.5588e+01, 3.1191e+00, 
 2DIAGNOSTIC,     7, -5.280638743468e-01, 1.797693134862e+308, 2.7720e+01, 2.1323e+00, 
 2DIAGNOSTIC,     8, -5.280638544672e-01, 1.797693134862e+308, 2.9683e+01, 1.9631e+00, 
