
##########################
# Experiment information #
##########################

EXPERIMENT_NAME: antsRegistration-r7-p9
VFC_BACKENDS: libinterflop_vprec.so --range-binary32=7 --precision-binary32=9 --range-binary64=7 --precision-binary64=9

SIF_IMG: /home/mdugre/projects/rrg-glatard/mdugre/containers/ants-vprec-no_metrics.simg

SUBJECT_ID: s003
INPUT_IMG: /home/mdugre/scratch/mri-registration-rp/datasets/ds004513/derivatives/mri-registration-rp/antsBrainExtraction/sub-s003/BrainExtractionBrain.nii.gz
OUTPUT_DIR: /home/mdugre/scratch/mri-registration-rp/datasets/ds004513/derivatives/mri-registration-rp/0001/antsRegistration-r7-p9/sub-s003

FIXED_IMG: /templateflow/tpl-MNI152NLin2009cAsym/tpl-MNI152NLin2009cAsym_res-01_desc-brain_T1w.nii.gz
DATA_DIR: /home/mdugre/scratch/mri-registration-rp/datasets/ds004513
TEMPLATEFLOW_DIR: /home/mdugre/projects/rrg-glatard/mdugre/templateflow
ITK_GLOBAL_DEFAULT_NUMBER_OF_THREADS: 16
##########################

Info [verificarlo]: loaded backend libinterflop_ieee.so
Info [interflop-ieee]: load backend with:
Info [interflop-ieee]: debug = false
Info [interflop-ieee]: debug-binary = false
Info [interflop-ieee]: no-backend-name = false
Info [interflop-ieee]: print-new-line = false
Info [interflop-ieee]: print-subnormal-normalized = false
Info [interflop-ieee]: count-op = false
All_Command_lines_OK
Using double precision for computations.
=============================================================================
The composite transform comprises the following transforms (in order): 
  1. Center of mass alignment using fixed image: /templateflow/tpl-MNI152NLin2009cAsym/tpl-MNI152NLin2009cAsym_res-01_desc-brain_T1w.nii.gz and moving image: /home/mdugre/scratch/mri-registration-rp/datasets/ds004513/derivatives/mri-registration-rp/antsBrainExtraction/sub-s003/BrainExtractionBrain.nii.gz (type = Euler3DTransform)
=============================================================================
  number of levels = 1
  fixed image: /templateflow/tpl-MNI152NLin2009cAsym/tpl-MNI152NLin2009cAsym_res-01_desc-brain_T1w.nii.gz
  moving image: /home/mdugre/scratch/mri-registration-rp/datasets/ds004513/derivatives/mri-registration-rp/antsBrainExtraction/sub-s003/BrainExtractionBrain.nii.gz
Dimension = 3
Number of stages = 1
Use histogram matching = false
Winsorize image intensities = true
  Lower quantile = 0.005
  Upper quantile = 0.995


Stage 1 State
   Image metric = MattesMI
     Fixed image = Image (0x3f2cbd0)
  RTTI typeinfo:   itk::Image<double, 3u>
  Reference Count: 2
  Modified Time: 2334
  Debug: Off
  Object Name: 
  Observers: 
    none
  Source: (none)
  Source output name: (none)
  Release Data: Off
  Data Released: False
  Global Release Data: Off
  PipelineMTime: 0
  UpdateMTime: 1943
  RealTimeStamp: 0 seconds 
  LargestPossibleRegion: 
    Dimension: 3
    Index: [0, 0, 0]
    Size: [193, 229, 193]
  BufferedRegion: 
    Dimension: 3
    Index: [0, 0, 0]
    Size: [193, 229, 193]
  RequestedRegion: 
    Dimension: 3
    Index: [0, 0, 0]
    Size: [193, 229, 193]
  Spacing: [1, 1, 1]
  Origin: [96, 132, -78]
  Direction: 
-1 0 0
0 -1 0
0 0 1

  IndexToPointMatrix: 
-1 0 0
0 -1 0
0 0 1

  PointToIndexMatrix: 
-1 0 0
0 -1 0
0 0 1

  Inverse Direction: 
-1 0 0
0 -1 0
0 0 1

  PixelContainer: 
    ImportImageContainer (0x3f84930)
      RTTI typeinfo:   itk::ImportImageContainer<unsigned long, double>
      Reference Count: 1
      Modified Time: 1940
      Debug: Off
      Object Name: 
      Observers: 
        none
      Pointer: 0x14f104d9e010
      Container manages memory: true
      Size: 8530021
      Capacity: 8530021

     Moving image = Image (0x401c610)
  RTTI typeinfo:   itk::Image<double, 3u>
  Reference Count: 2
  Modified Time: 2335
  Debug: Off
  Object Name: 
  Observers: 
    none
  Source: (none)
  Source output name: (none)
  Release Data: Off
  Data Released: False
  Global Release Data: Off
  PipelineMTime: 0
  UpdateMTime: 2332
  RealTimeStamp: 0 seconds 
  LargestPossibleRegion: 
    Dimension: 3
    Index: [0, 0, 0]
    Size: [176, 240, 256]
  BufferedRegion: 
    Dimension: 3
    Index: [0, 0, 0]
    Size: [176, 240, 256]
  RequestedRegion: 
    Dimension: 3
    Index: [0, 0, 0]
    Size: [176, 240, 256]
  Spacing: [0.999999, 1, 1]
  Origin: [93.3499, 86.9368, -128.957]
  Direction: 
-0.999513 -0.0279216 -0.0139567
0.0279189 -0.99961 0.000389866
-0.0139622 2.01492e-08 0.999903

  IndexToPointMatrix: 
-0.999512 -0.0279216 -0.0139567
0.0279189 -0.99961 0.000389866
-0.0139621 2.01492e-08 0.999903

  PointToIndexMatrix: 
-0.999514 0.0279189 -0.0139622
-0.0279216 -0.99961 2.01716e-08
-0.0139567 0.000389866 0.999903

  Inverse Direction: 
-0.999513 0.0279189 -0.0139622
-0.0279216 -0.99961 2.01716e-08
-0.0139567 0.000389866 0.999903

  PixelContainer: 
    ImportImageContainer (0x3f5c850)
      RTTI typeinfo:   itk::ImportImageContainer<unsigned long, double>
      Reference Count: 1
      Modified Time: 2329
      Debug: Off
      Object Name: 
      Observers: 
        none
      Pointer: 0x14f0ffb1d010
      Container manages memory: true
      Size: 10813440
      Capacity: 10813440

     Weighting = 1
     Sampling strategy = regular
     Number of bins = 32
     Radius = 4
     Sampling percentage  = 0.25
   Transform = Rigid
     Gradient step = 0.1
     Update field sigma (voxel space) = 0
     Total field sigma (voxel space) = 0
     Update field time sigma = 0
     Total field time sigma  = 0
     Number of time indices = 0
     Number of time point samples = 0
Registration using 1 total stages.

Stage 0
  iterations = 0
  convergence threshold = 1e-06
  convergence window size = 10
  number of levels = 1
  using the Mattes MI metric (number of bins = 32, weight = 1, use gradient filter = 0)
  preprocessing:  winsorizing the image intensities
  Shrink factors (level 1 out of 1): [1, 1, 1]
  smoothing sigmas per level: [0]
  regular sampling (percentage = 0.25)

*** Running Euler3DTransform registration ***

  Elapsed time (stage 0): 1.12567


Total elapsed time: 1.12817
Info [verificarlo]: loaded backend libinterflop_ieee.so
Info [interflop-ieee]: load backend with:
Info [interflop-ieee]: debug = false
Info [interflop-ieee]: debug-binary = false
Info [interflop-ieee]: no-backend-name = false
Info [interflop-ieee]: print-new-line = false
Info [interflop-ieee]: print-subnormal-normalized = false
Info [interflop-ieee]: count-op = false
All_Command_lines_OK
Using double precision for computations.
=============================================================================
The composite transform comprises the following transforms (in order): 
  1. /home/mdugre/scratch/mri-registration-rp/datasets/ds004513/derivatives/mri-registration-rp/0001/antsRegistration-r7-p9/sub-s003/align_Composite.h5[0] (type = Euler3DTransform)
  2. /home/mdugre/scratch/mri-registration-rp/datasets/ds004513/derivatives/mri-registration-rp/0001/antsRegistration-r7-p9/sub-s003/align_Composite.h5[1] (type = Euler3DTransform)
=============================================================================
  number of levels = 4
  fixed image: /templateflow/tpl-MNI152NLin2009cAsym/tpl-MNI152NLin2009cAsym_res-01_desc-brain_T1w.nii.gz
  moving image: /home/mdugre/scratch/mri-registration-rp/datasets/ds004513/derivatives/mri-registration-rp/antsBrainExtraction/sub-s003/BrainExtractionBrain.nii.gz
Dimension = 3
Number of stages = 1
Use histogram matching = false
Winsorize image intensities = true
  Lower quantile = 0.005
  Upper quantile = 0.995


Stage 1 State
   Image metric = MattesMI
     Fixed image = Image (0x42db530)
  RTTI typeinfo:   itk::Image<double, 3u>
  Reference Count: 2
  Modified Time: 1580
  Debug: Off
  Object Name: 
  Observers: 
    none
  Source: (none)
  Source output name: (none)
  Release Data: Off
  Data Released: False
  Global Release Data: Off
  PipelineMTime: 0
  UpdateMTime: 1189
  RealTimeStamp: 0 seconds 
  LargestPossibleRegion: 
    Dimension: 3
    Index: [0, 0, 0]
    Size: [193, 229, 193]
  BufferedRegion: 
    Dimension: 3
    Index: [0, 0, 0]
    Size: [193, 229, 193]
  RequestedRegion: 
    Dimension: 3
    Index: [0, 0, 0]
    Size: [193, 229, 193]
  Spacing: [1, 1, 1]
  Origin: [96, 132, -78]
  Direction: 
-1 0 0
0 -1 0
0 0 1

  IndexToPointMatrix: 
-1 0 0
0 -1 0
0 0 1

  PointToIndexMatrix: 
-1 0 0
0 -1 0
0 0 1

  Inverse Direction: 
-1 0 0
0 -1 0
0 0 1

  PixelContainer: 
    ImportImageContainer (0x4399d60)
      RTTI typeinfo:   itk::ImportImageContainer<unsigned long, double>
      Reference Count: 1
      Modified Time: 1186
      Debug: Off
      Object Name: 
      Observers: 
        none
      Pointer: 0x154ce4da5010
      Container manages memory: true
      Size: 8530021
      Capacity: 8530021

     Moving image = Image (0x438bf60)
  RTTI typeinfo:   itk::Image<double, 3u>
  Reference Count: 2
  Modified Time: 1581
  Debug: Off
  Object Name: 
  Observers: 
    none
  Source: (none)
  Source output name: (none)
  Release Data: Off
  Data Released: False
  Global Release Data: Off
  PipelineMTime: 0
  UpdateMTime: 1578
  RealTimeStamp: 0 seconds 
  LargestPossibleRegion: 
    Dimension: 3
    Index: [0, 0, 0]
    Size: [176, 240, 256]
  BufferedRegion: 
    Dimension: 3
    Index: [0, 0, 0]
    Size: [176, 240, 256]
  RequestedRegion: 
    Dimension: 3
    Index: [0, 0, 0]
    Size: [176, 240, 256]
  Spacing: [0.999999, 1, 1]
  Origin: [93.3499, 86.9368, -128.957]
  Direction: 
-0.999513 -0.0279216 -0.0139567
0.0279189 -0.99961 0.000389866
-0.0139622 2.01492e-08 0.999903

  IndexToPointMatrix: 
-0.999512 -0.0279216 -0.0139567
0.0279189 -0.99961 0.000389866
-0.0139621 2.01492e-08 0.999903

  PointToIndexMatrix: 
-0.999514 0.0279189 -0.0139622
-0.0279216 -0.99961 2.01716e-08
-0.0139567 0.000389866 0.999903

  Inverse Direction: 
-0.999513 0.0279189 -0.0139622
-0.0279216 -0.99961 2.01716e-08
-0.0139567 0.000389866 0.999903

  PixelContainer: 
    ImportImageContainer (0x437d6d0)
      RTTI typeinfo:   itk::ImportImageContainer<unsigned long, double>
      Reference Count: 1
      Modified Time: 1575
      Debug: Off
      Object Name: 
      Observers: 
        none
      Pointer: 0x154cdfb24010
      Container manages memory: true
      Size: 10813440
      Capacity: 10813440

     Weighting = 1
     Sampling strategy = regular
     Number of bins = 32
     Radius = 4
     Sampling percentage  = 0.25
   Transform = Rigid
     Gradient step = 0.1
     Update field sigma (voxel space) = 0
     Total field sigma (voxel space) = 0
     Update field time sigma = 0
     Total field time sigma  = 0
     Number of time indices = 0
     Number of time point samples = 0
Registration using 1 total stages.

Stage 0
  iterations = 1000x500x250x100
  convergence threshold = 1e-06
  convergence window size = 10
  number of levels = 4
  using the Mattes MI metric (number of bins = 32, weight = 1, use gradient filter = 0)
  preprocessing:  winsorizing the image intensities
  Shrink factors (level 1 out of 4): [8, 8, 8]
  Shrink factors (level 2 out of 4): [4, 4, 4]
  Shrink factors (level 3 out of 4): [2, 2, 2]
  Shrink factors (level 4 out of 4): [1, 1, 1]
  smoothing sigmas per level: [3, 2, 1, 0]
  regular sampling (percentage = 0.25)

*** Running Euler3DTransform registration ***

DIAGNOSTIC,Iteration,metricValue,convergenceValue,ITERATION_TIME_INDEX,SINCE_LAST
 2DIAGNOSTIC,     1, -4.871187133941e-01, 1.797693134862e+308, 8.4494e-01, 8.4494e-01, 
 2DIAGNOSTIC,     2, -4.887966556740e-01, 1.797693134862e+308, 8.5064e-01, 5.7039e-03, 
 2DIAGNOSTIC,     3, -4.919242839642e-01, 1.797693134862e+308, 8.5642e-01, 5.7731e-03, 
 2DIAGNOSTIC,     4, -5.019092629522e-01, 1.797693134862e+308, 8.6246e-01, 6.0410e-03, 
 2DIAGNOSTIC,     5, -5.198319788477e-01, 1.797693134862e+308, 8.6783e-01, 5.3730e-03, 
 2DIAGNOSTIC,     6, -5.251449584180e-01, 1.797693134862e+308, 8.7410e-01, 6.2680e-03, 
 2DIAGNOSTIC,     7, -5.365118080768e-01, 1.797693134862e+308, 8.7974e-01, 5.6441e-03, 
 2DIAGNOSTIC,     8, -5.564319077261e-01, 1.797693134862e+308, 8.8767e-01, 7.9281e-03, 
 2DIAGNOSTIC,     9, -5.572786469687e-01, 1.797693134862e+308, 8.9228e-01, 4.6141e-03, 
 2DIAGNOSTIC,    10, -5.597886110608e-01, 1.060089541986e-02, 8.9784e-01, 5.5590e-03, 
 2DIAGNOSTIC,    11, -5.645450860914e-01, 9.471656029002e-03, 9.0284e-01, 4.9951e-03, 
 2DIAGNOSTIC,    12, -5.675342641672e-01, 7.901754414630e-03, 9.0872e-01, 5.8801e-03, 
 2DIAGNOSTIC,    13, -5.685174641935e-01, 6.033280802479e-03, 9.1415e-01, 5.4300e-03, 
 2DIAGNOSTIC,    14, -5.693412095342e-01, 4.302087948769e-03, 9.2066e-01, 6.5129e-03, 
 2DIAGNOSTIC,    15, -5.718972801998e-01, 3.155204981954e-03, 9.2602e-01, 5.3620e-03, 
 2DIAGNOSTIC,    16, -5.734788767073e-01, 2.091398053252e-03, 9.3080e-01, 4.7779e-03, 
 2DIAGNOSTIC,    17, -5.737823402463e-01, 1.310029424174e-03, 9.3560e-01, 4.8010e-03, 
 2DIAGNOSTIC,    18, -5.749452616696e-01, 1.114936190120e-03, 9.4041e-01, 4.8060e-03, 
 2DIAGNOSTIC,    19, -5.774392255370e-01, 9.301256922494e-04, 9.4776e-01, 7.3500e-03, 
 2DIAGNOSTIC,    20, -5.782944999896e-01, 7.612328990513e-04, 9.5320e-01, 5.4450e-03, 
 2DIAGNOSTIC,    21, -5.788863756130e-01, 6.687985512982e-04, 9.5816e-01, 4.9570e-03, 
 2DIAGNOSTIC,    22, -5.857337702863e-01, 7.546209626585e-04, 9.6313e-01, 4.9720e-03, 
 2DIAGNOSTIC,    23, -6.028589201090e-01, 1.162232409541e-03, 9.6870e-01, 5.5690e-03, 
 2DIAGNOSTIC,    24, -6.086613837391e-01, 1.554691245640e-03, 9.7569e-01, 6.9871e-03, 
 2DIAGNOSTIC,    25, -6.127624307657e-01, 1.904928860584e-03, 9.8141e-01, 5.7271e-03, 
 2DIAGNOSTIC,    26, -6.171330102724e-01, 2.167612424456e-03, 9.8704e-01, 5.6272e-03, 
 2DIAGNOSTIC,    27, -6.180829716875e-01, 2.226134247616e-03, 9.9175e-01, 4.7069e-03, 
 2DIAGNOSTIC,    28, -6.204355229806e-01, 2.128618124533e-03, 9.9709e-01, 5.3389e-03, 
 2DIAGNOSTIC,    29, -6.216541944137e-01, 1.901236647502e-03, 1.0018e+00, 4.7359e-03, 
 2DIAGNOSTIC,    30, -6.252686884851e-01, 1.589741145039e-03, 1.0074e+00, 5.5611e-03, 
 2DIAGNOSTIC,    31, -6.305777104882e-01, 1.244380810674e-03, 1.0126e+00, 5.2600e-03, 
 2DIAGNOSTIC,    32, -6.437126384762e-01, 1.107470750336e-03, 1.0191e+00, 6.4931e-03, 
 2DIAGNOSTIC,    33, -6.470258829906e-01, 1.176384333413e-03, 1.0247e+00, 5.5618e-03, 
 2DIAGNOSTIC,    34, -6.489213557231e-01, 1.241892371770e-03, 1.0329e+00, 8.2402e-03, 
 2DIAGNOSTIC,    35, -6.509315187026e-01, 1.271883176376e-03, 1.0380e+00, 5.0681e-03, 
 2DIAGNOSTIC,    36, -6.520046937140e-01, 1.251974404342e-03, 1.0427e+00, 4.6780e-03, 
 2DIAGNOSTIC,    37, -6.528674569791e-01, 1.135509016154e-03, 1.0474e+00, 4.6711e-03, 
 2DIAGNOSTIC,    38, -6.532434164918e-01, 9.531149489573e-04, 1.0520e+00, 4.5979e-03, 
 2DIAGNOSTIC,    39, -6.541859267206e-01, 7.192294420171e-04, 1.0583e+00, 6.3112e-03, 
 2DIAGNOSTIC,    40, -6.542279891598e-01, 4.743023811104e-04, 1.0629e+00, 4.6120e-03, 
 2DIAGNOSTIC,    41, -6.546755849984e-01, 2.614957831471e-04, 1.0678e+00, 4.9059e-03, 
 2DIAGNOSTIC,    42, -6.552208615041e-01, 1.910066604244e-04, 1.0741e+00, 6.2671e-03, 
 2DIAGNOSTIC,    43, -6.554123098905e-01, 1.447026599317e-04, 1.0786e+00, 4.5969e-03, 
 2DIAGNOSTIC,    44, -6.553658724677e-01, 1.066678308636e-04, 1.0832e+00, 4.5979e-03, 
 2DIAGNOSTIC,    45, -6.555150577280e-01, 8.320874902872e-05, 1.0878e+00, 4.5359e-03, 
 2DIAGNOSTIC,    46, -6.555937358651e-01, 6.475405156171e-05, 1.0929e+00, 5.1491e-03, 
 2DIAGNOSTIC,    47, -6.556716738808e-01, 5.044035912634e-05, 1.0975e+00, 4.5760e-03, 
 2DIAGNOSTIC,    48, -6.557405685073e-01, 3.619465478567e-05, 1.1020e+00, 4.4990e-03, 
 2DIAGNOSTIC,    49, -6.557033331893e-01, 2.806042339313e-05, 1.1083e+00, 6.2599e-03, 
 2DIAGNOSTIC,    50, -6.556366759524e-01, 1.740675416284e-05, 1.1133e+00, 5.0712e-03, 
 2DIAGNOSTIC,    51, -6.556523777906e-01, 9.765420578057e-06, 1.1185e+00, 5.1222e-03, 
 2DIAGNOSTIC,    52, -6.557396101439e-01, 7.233408287621e-06, 1.1236e+00, 5.1730e-03, 
 2DIAGNOSTIC,    53, -6.559474801261e-01, 7.714462183315e-06, 1.1287e+00, 5.1141e-03, 
 2DIAGNOSTIC,    54, -6.559605614405e-01, 7.156440692983e-06, 1.1342e+00, 5.4982e-03, 
 2DIAGNOSTIC,    55, -6.558855100630e-01, 6.665852581515e-06, 1.1388e+00, 4.5171e-03, 
 2DIAGNOSTIC,    56, -6.558136822254e-01, 5.699897952675e-06, 1.1442e+00, 5.4772e-03, 
 2DIAGNOSTIC,    57, -6.556772957224e-01, 3.766693216011e-06, 1.1488e+00, 4.5519e-03, 
 2DIAGNOSTIC,    58, -6.558538179621e-01, 3.563409759783e-06, 1.1539e+00, 5.0778e-03, 
 2DIAGNOSTIC,    59, -6.559891723511e-01, 3.817085251660e-06, 1.1611e+00, 7.2262e-03, 
 2DIAGNOSTIC,    60, -6.560501360811e-01, 3.718227071129e-06, 1.1662e+00, 5.0731e-03, 
 2DIAGNOSTIC,    61, -6.559776914880e-01, 2.925889588955e-06, 1.1707e+00, 4.5710e-03, 
 2DIAGNOSTIC,    62, -6.559028037750e-01, 2.025126999497e-06, 1.1753e+00, 4.5540e-03, 
 2DIAGNOSTIC,    63, -6.559196894083e-01, 2.644498455922e-06, 1.1798e+00, 4.4811e-03, 
 2DIAGNOSTIC,    64, -6.560579965527e-01, 4.088310059661e-06, 1.1851e+00, 5.3370e-03, 
 2DIAGNOSTIC,    65, -6.562111360225e-01, 5.677449384307e-06, 1.1912e+00, 6.0930e-03, 
 2DIAGNOSTIC,    66, -6.564864417752e-01, 8.193968340946e-06, 1.2053e+00, 1.4111e-02, 
 2DIAGNOSTIC,    67, -6.564864413291e-01, 8.918316260698e-06, 1.2098e+00, 4.5249e-03, 
 2DIAGNOSTIC,    68, -6.564864459988e-01, 1.001433228902e-05, 1.2144e+00, 4.5199e-03, 
 2DIAGNOSTIC,    69, -6.564864538941e-01, 1.104883086150e-05, 1.2188e+00, 4.4580e-03, 
 2DIAGNOSTIC,    70, -6.564864672416e-01, 1.141832412777e-05, 1.2235e+00, 4.6761e-03, 
 2DIAGNOSTIC,    71, -6.564864898021e-01, 1.024986614808e-05, 1.2280e+00, 4.5080e-03, 
 2DIAGNOSTIC,    72, -6.564865279240e-01, 7.712935200009e-06, 1.2326e+00, 4.6010e-03, 
 2DIAGNOSTIC,    73, -6.564865923082e-01, 4.673056609934e-06, 1.2376e+00, 4.9529e-03, 
 2DIAGNOSTIC,    74, -6.564867009550e-01, 2.166106043649e-06, 1.2423e+00, 4.7560e-03, 
DIAGNOSTIC,Iteration,metricValue,convergenceValue,ITERATION_TIME_INDEX,SINCE_LAST
 2DIAGNOSTIC,     1, -5.254913117606e-01, 1.797693134862e+308, 2.0470e+00, 8.0471e-01, 
 2DIAGNOSTIC,     2, -5.261285079885e-01, 1.797693134862e+308, 2.0772e+00, 3.0223e-02, 
 2DIAGNOSTIC,     3, -5.269485533659e-01, 1.797693134862e+308, 2.1072e+00, 2.9950e-02, 
 2DIAGNOSTIC,     4, -5.279215487335e-01, 1.797693134862e+308, 2.1380e+00, 3.0775e-02, 
 2DIAGNOSTIC,     5, -5.284802985182e-01, 1.797693134862e+308, 2.1675e+00, 2.9557e-02, 
 2DIAGNOSTIC,     6, -5.287597667483e-01, 1.797693134862e+308, 2.1982e+00, 3.0623e-02, 
 2DIAGNOSTIC,     7, -5.293394050273e-01, 1.797693134862e+308, 2.2283e+00, 3.0106e-02, 
 2DIAGNOSTIC,     8, -5.316826408364e-01, 1.797693134862e+308, 2.2667e+00, 3.8416e-02, 
 2DIAGNOSTIC,     9, -5.318750000336e-01, 1.797693134862e+308, 2.3000e+00, 3.3349e-02, 
 2DIAGNOSTIC,    10, -5.320776648498e-01, 8.435921602520e-04, 2.3309e+00, 3.0921e-02, 
 2DIAGNOSTIC,    11, -5.329500348275e-01, 7.678337239904e-04, 2.3699e+00, 3.8940e-02, 
 2DIAGNOSTIC,    12, -5.344533799171e-01, 7.299319214267e-04, 2.4042e+00, 3.4298e-02, 
 2DIAGNOSTIC,    13, -5.358126600463e-01, 7.183966130544e-04, 2.4354e+00, 3.1262e-02, 
 2DIAGNOSTIC,    14, -5.359848189274e-01, 6.864861631971e-04, 2.4808e+00, 4.5369e-02, 
 2DIAGNOSTIC,    15, -5.360550577994e-01, 6.212371347388e-04, 2.5119e+00, 3.1039e-02, 
 2DIAGNOSTIC,    16, -5.360928035959e-01, 5.186139861677e-04, 2.5411e+00, 2.9209e-02, 
 2DIAGNOSTIC,    17, -5.362052971547e-01, 3.994800134359e-04, 2.5701e+00, 2.9050e-02, 
 2DIAGNOSTIC,    18, -5.362828600553e-01, 3.282678417314e-04, 2.6050e+00, 3.4910e-02, 
 2DIAGNOSTIC,    19, -5.363000353181e-01, 2.408429371508e-04, 2.6415e+00, 3.6513e-02, 
 2DIAGNOSTIC,    20, -5.363124257898e-01, 1.461699034909e-04, 2.6748e+00, 3.3265e-02, 
 2DIAGNOSTIC,    21, -5.363177600774e-01, 6.881232320707e-05, 2.7048e+00, 3.0031e-02, 
 2DIAGNOSTIC,    22, -5.363181507122e-01, 2.781084367166e-05, 2.7353e+00, 3.0460e-02, 
 2DIAGNOSTIC,    23, -5.363508586238e-01, 2.010132598560e-05, 2.7661e+00, 3.0859e-02, 
 2DIAGNOSTIC,    24, -5.364480225312e-01, 1.724275993718e-05, 2.8000e+00, 3.3844e-02, 
 2DIAGNOSTIC,    25, -5.365846775895e-01, 1.750856565706e-05, 2.8443e+00, 4.4326e-02, 
 2DIAGNOSTIC,    26, -5.365797571728e-01, 1.681156835651e-05, 2.8775e+00, 3.3190e-02, 
 2DIAGNOSTIC,    27, -5.365821706863e-01, 1.699486058960e-05, 2.9120e+00, 3.4517e-02, 
 2DIAGNOSTIC,    28, -5.365769899071e-01, 1.706894263024e-05, 2.9473e+00, 3.5257e-02, 
 2DIAGNOSTIC,    29, -5.365728103883e-01, 1.582752589603e-05, 2.9763e+00, 2.8983e-02, 
 2DIAGNOSTIC,    30, -5.365780248520e-01, 1.355131371791e-05, 3.0096e+00, 3.3312e-02, 
 2DIAGNOSTIC,    31, -5.365854452261e-01, 1.048152507636e-05, 3.0431e+00, 3.3532e-02, 
 2DIAGNOSTIC,    32, -5.366102038770e-01, 7.164943650113e-06, 3.0764e+00, 3.3282e-02, 
 2DIAGNOSTIC,    33, -5.366233163722e-01, 4.177954681245e-06, 3.1063e+00, 2.9906e-02, 
 2DIAGNOSTIC,    34, -5.366995015332e-01, 3.716457275357e-06, 3.1375e+00, 3.1214e-02, 
 2DIAGNOSTIC,    35, -5.367890099880e-01, 6.431363581322e-06, 3.1726e+00, 3.5094e-02, 
 2DIAGNOSTIC,    36, -5.370700724597e-01, 1.252329216905e-05, 3.2154e+00, 4.2774e-02, 
 2DIAGNOSTIC,    37, -5.370983573842e-01, 1.753165411326e-05, 3.2514e+00, 3.5995e-02, 
 2DIAGNOSTIC,    38, -5.371140450459e-01, 2.088719576692e-05, 3.2910e+00, 3.9592e-02, 
 2DIAGNOSTIC,    39, -5.371501019203e-01, 2.263705985390e-05, 3.3299e+00, 3.8938e-02, 
 2DIAGNOSTIC,    40, -5.371757072492e-01, 2.258918277389e-05, 3.3658e+00, 3.5885e-02, 
 2DIAGNOSTIC,    41, -5.371700987359e-01, 2.042920421687e-05, 3.4067e+00, 4.0897e-02, 
 2DIAGNOSTIC,    42, -5.371703127305e-01, 1.683118694561e-05, 3.4432e+00, 3.6531e-02, 
 2DIAGNOSTIC,    43, -5.371704187750e-01, 1.207051954546e-05, 3.4778e+00, 3.4556e-02, 
 2DIAGNOSTIC,    44, -5.371628311788e-01, 7.278377378087e-06, 3.5133e+00, 3.5496e-02, 
 2DIAGNOSTIC,    45, -5.371629528760e-01, 3.040145693498e-06, 3.5451e+00, 3.1832e-02, 
 2DIAGNOSTIC,    46, -5.371631482842e-01, 2.011738358426e-06, 3.5755e+00, 3.0387e-02, 
 2DIAGNOSTIC,    47, -5.371564176152e-01, 1.148175606553e-06, 3.6042e+00, 2.8730e-02, 
DIAGNOSTIC,Iteration,metricValue,convergenceValue,ITERATION_TIME_INDEX,SINCE_LAST
 2DIAGNOSTIC,     1, -4.770822506174e-01, 1.797693134862e+308, 4.8022e+00, 1.1980e+00, 
 2DIAGNOSTIC,     2, -4.773068219716e-01, 1.797693134862e+308, 5.0341e+00, 2.3185e-01, 
 2DIAGNOSTIC,     3, -4.774933152656e-01, 1.797693134862e+308, 5.3081e+00, 2.7401e-01, 
 2DIAGNOSTIC,     4, -4.775610318477e-01, 1.797693134862e+308, 5.6191e+00, 3.1097e-01, 
 2DIAGNOSTIC,     5, -4.775783928449e-01, 1.797693134862e+308, 5.8796e+00, 2.6058e-01, 
 2DIAGNOSTIC,     6, -4.775855612740e-01, 1.797693134862e+308, 6.1811e+00, 3.0147e-01, 
 2DIAGNOSTIC,     7, -4.775882588993e-01, 1.797693134862e+308, 6.6250e+00, 4.4392e-01, 
 2DIAGNOSTIC,     8, -4.775905636870e-01, 1.797693134862e+308, 6.9112e+00, 2.8616e-01, 
 2DIAGNOSTIC,     9, -4.775902409169e-01, 1.797693134862e+308, 7.2463e+00, 3.3511e-01, 
 2DIAGNOSTIC,    10, -4.775899158329e-01, 5.302574192412e-05, 7.5272e+00, 2.8086e-01, 
 2DIAGNOSTIC,    11, -4.775888832543e-01, 2.416157900284e-05, 7.8209e+00, 2.9375e-01, 
 2DIAGNOSTIC,    12, -4.775884408355e-01, 9.104680104274e-06, 8.1234e+00, 3.0249e-01, 
 2DIAGNOSTIC,    13, -4.775870843927e-01, 4.181670893375e-06, 8.3931e+00, 2.6973e-01, 
 2DIAGNOSTIC,    14, -4.775874523827e-01, 2.683966596653e-06, 8.6473e+00, 2.5422e-01, 
 2DIAGNOSTIC,    15, -4.775880800865e-01, 2.055861700295e-06, 8.9425e+00, 2.9518e-01, 
 2DIAGNOSTIC,    16, -4.775878454201e-01, 1.767558237054e-06, 9.2248e+00, 2.8224e-01, 
 2DIAGNOSTIC,    17, -4.775875412952e-01, 1.615949037644e-06, 9.5106e+00, 2.8586e-01, 
 2DIAGNOSTIC,    18, -4.775858631827e-01, 1.526424851725e-06, 9.8215e+00, 3.1083e-01, 
 2DIAGNOSTIC,    19, -4.775861376485e-01, 1.467978181874e-06, 1.0080e+01, 2.5805e-01, 
 2DIAGNOSTIC,    20, -4.775856743387e-01, 1.409847277624e-06, 1.0434e+01, 3.5408e-01, 
 2DIAGNOSTIC,    21, -4.775860555241e-01, 1.355472119081e-06, 1.0730e+01, 2.9664e-01, 
 2DIAGNOSTIC,    22, -4.775872943543e-01, 1.343926704804e-06, 1.1003e+01, 2.7300e-01, 
 2DIAGNOSTIC,    23, -4.775860093651e-01, 1.274155818277e-06, 1.1248e+01, 2.4433e-01, 
 2DIAGNOSTIC,    24, -4.775864962765e-01, 1.242496462467e-06, 1.1523e+01, 2.7573e-01, 
 2DIAGNOSTIC,    25, -4.775845628221e-01, 1.189413044542e-06, 1.1776e+01, 2.5256e-01, 
 2DIAGNOSTIC,    26, -4.775844852356e-01, 1.141624706325e-06, 1.2043e+01, 2.6757e-01, 
 2DIAGNOSTIC,    27, -4.775854941996e-01, 1.120920174492e-06, 1.2279e+01, 2.3572e-01, 
 2DIAGNOSTIC,    28, -4.775863910789e-01, 1.089359404342e-06, 1.2561e+01, 2.8212e-01, 
 2DIAGNOSTIC,    29, -4.775875948356e-01, 1.095287483426e-06, 1.2837e+01, 2.7595e-01, 
 2DIAGNOSTIC,    30, -4.775916771452e-01, 1.172905750135e-06, 1.3102e+01, 2.6525e-01, 
 2DIAGNOSTIC,    31, -4.775957248922e-01, 1.317471076089e-06, 1.3330e+01, 2.2802e-01, 
 2DIAGNOSTIC,    32, -4.775966534001e-01, 1.464667714723e-06, 1.3593e+01, 2.6248e-01, 
 2DIAGNOSTIC,    33, -4.776046023011e-01, 1.678965674407e-06, 1.3826e+01, 2.3301e-01, 
 2DIAGNOSTIC,    34, -4.776093968013e-01, 1.903151486907e-06, 1.4090e+01, 2.6444e-01, 
 2DIAGNOSTIC,    35, -4.776127538151e-01, 2.045338035647e-06, 1.4383e+01, 2.9222e-01, 
 2DIAGNOSTIC,    36, -4.776185640085e-01, 2.166411907825e-06, 1.4633e+01, 2.4997e-01, 
 2DIAGNOSTIC,    37, -4.776394992672e-01, 2.510951883004e-06, 1.4924e+01, 2.9120e-01, 
 2DIAGNOSTIC,    38, -4.776558867531e-01, 2.942183024622e-06, 1.5197e+01, 2.7368e-01, 
 2DIAGNOSTIC,    39, -4.776706885740e-01, 3.390349879007e-06, 1.5518e+01, 3.2100e-01, 
 2DIAGNOSTIC,    40, -4.776752780298e-01, 3.700229230109e-06, 1.5855e+01, 3.3692e-01, 
 2DIAGNOSTIC,    41, -4.776747019055e-01, 3.772123533533e-06, 1.6214e+01, 3.5898e-01, 
 2DIAGNOSTIC,    42, -4.776758832604e-01, 3.581013486367e-06, 1.6505e+01, 2.9023e-01, 
 2DIAGNOSTIC,    43, -4.776754893500e-01, 3.228350997021e-06, 1.6779e+01, 2.7436e-01, 
 2DIAGNOSTIC,    44, -4.776743063563e-01, 2.702732030110e-06, 1.7039e+01, 2.5988e-01, 
 2DIAGNOSTIC,    45, -4.776730180854e-01, 2.042079667114e-06, 1.7299e+01, 2.5988e-01, 
 2DIAGNOSTIC,    46, -4.776733582894e-01, 1.359939219944e-06, 1.7558e+01, 2.5964e-01, 
DIAGNOSTIC,Iteration,metricValue,convergenceValue,ITERATION_TIME_INDEX,SINCE_LAST
 2DIAGNOSTIC,     1, -4.447540970374e-01, 1.797693134862e+308, 2.0100e+01, 2.5421e+00, 
 2DIAGNOSTIC,     2, -4.448074794494e-01, 1.797693134862e+308, 2.1770e+01, 1.6698e+00, 
 2DIAGNOSTIC,     3, -4.449117907123e-01, 1.797693134862e+308, 2.3315e+01, 1.5448e+00, 
 2DIAGNOSTIC,     4, -4.449943760561e-01, 1.797693134862e+308, 2.5243e+01, 1.9275e+00, 
 2DIAGNOSTIC,     5, -4.451030425559e-01, 1.797693134862e+308, 2.6885e+01, 1.6424e+00, 
 2DIAGNOSTIC,     6, -4.451322235674e-01, 1.797693134862e+308, 2.8289e+01, 1.4042e+00, 
 2DIAGNOSTIC,     7, -4.452058909907e-01, 1.797693134862e+308, 2.9868e+01, 1.5792e+00, 
 2DIAGNOSTIC,     8, -4.452219779322e-01, 1.797693134862e+308, 3.3043e+01, 3.1750e+00, 
 2DIAGNOSTIC,     9, -4.452220210787e-01, 1.797693134862e+308, 3.7691e+01, 4.6476e+00, 
 2DIAGNOSTIC,    10, -4.452220210764e-01, 7.670978949732e-05, 4.2194e+01, 4.5034e+00, 
 2DIAGNOSTIC,    11, -4.452220210764e-01, 5.589914470668e-05, 4.3830e+01, 1.6359e+00, 
 2DIAGNOSTIC,    12, -4.452220210764e-01, 3.655898529553e-05, 4.5444e+01, 1.6141e+00, 
 2DIAGNOSTIC,    13, -4.452220210764e-01, 2.220167954259e-05, 4.7136e+01, 1.6917e+00, 
 2DIAGNOSTIC,    14, -4.452220210764e-01, 1.179430940029e-05, 4.8700e+01, 1.5636e+00, 
 2DIAGNOSTIC,    15, -4.452220210764e-01, 6.544704082817e-06, 5.0314e+01, 1.6148e+00, 
 2DIAGNOSTIC,    16, -4.452220210764e-01, 2.633778953612e-06, 5.2031e+01, 1.7172e+00, 
 2DIAGNOSTIC,    17, -4.452220210764e-01, 1.873199136748e-06, 5.3611e+01, 1.5791e+00, 
 2DIAGNOSTIC,    18, -4.452220210764e-01, 1.767580745771e-06, 5.5221e+01, 1.6102e+00, 
 2DIAGNOSTIC,    19, -4.452220210764e-01, 1.674532160531e-06, 5.7204e+01, 1.9829e+00, 
 2DIAGNOSTIC,    20, -4.452220210764e-01, 1.590790079331e-06, 5.8761e+01, 1.5570e+00, 
 2DIAGNOSTIC,    21, -4.452220210764e-01, 1.515024838160e-06, 6.0426e+01, 1.6650e+00, 
 2DIAGNOSTIC,    22, -4.452220210764e-01, 1.446148503337e-06, 6.2037e+01, 1.6116e+00, 
 2DIAGNOSTIC,    23, -4.452220210764e-01, 1.383262377475e-06, 6.3645e+01, 1.6074e+00, 
 2DIAGNOSTIC,    24, -4.452220210764e-01, 1.325617569138e-06, 6.5593e+01, 1.9485e+00, 
 2DIAGNOSTIC,    25, -4.452220210764e-01, 1.272585027232e-06, 6.7555e+01, 1.9619e+00, 
 2DIAGNOSTIC,    26, -4.452220210764e-01, 1.223632491512e-06, 6.9140e+01, 1.5850e+00, 
 2DIAGNOSTIC,    27, -4.452220210764e-01, 1.178306565951e-06, 7.0757e+01, 1.6165e+00, 
 2DIAGNOSTIC,    28, -4.452220210764e-01, 1.136218633832e-06, 7.2377e+01, 1.6206e+00, 
 2DIAGNOSTIC,    29, -4.452220210764e-01, 1.097033687621e-06, 7.3955e+01, 1.5780e+00, 
 2DIAGNOSTIC,    30, -4.452220210764e-01, 1.060461393039e-06, 7.5649e+01, 1.6940e+00, 
 2DIAGNOSTIC,    31, -4.452220210764e-01, 1.026248882617e-06, 7.7272e+01, 1.6231e+00, 
  Elapsed time (stage 0): 7.8135e+01


Total elapsed time: 7.8138e+01
Info [verificarlo]: loaded backend libinterflop_ieee.so
Info [interflop-ieee]: load backend with:
Info [interflop-ieee]: debug = false
Info [interflop-ieee]: debug-binary = false
Info [interflop-ieee]: no-backend-name = false
Info [interflop-ieee]: print-new-line = false
Info [interflop-ieee]: print-subnormal-normalized = false
Info [interflop-ieee]: count-op = false
All_Command_lines_OK
Using double precision for computations.
=============================================================================
The composite transform comprises the following transforms (in order): 
  1. /home/mdugre/scratch/mri-registration-rp/datasets/ds004513/derivatives/mri-registration-rp/0001/antsRegistration-r7-p9/sub-s003/rigid_Composite.h5[0] (type = Euler3DTransform)
  2. /home/mdugre/scratch/mri-registration-rp/datasets/ds004513/derivatives/mri-registration-rp/0001/antsRegistration-r7-p9/sub-s003/rigid_Composite.h5[1] (type = Euler3DTransform)
  3. /home/mdugre/scratch/mri-registration-rp/datasets/ds004513/derivatives/mri-registration-rp/0001/antsRegistration-r7-p9/sub-s003/rigid_Composite.h5[2] (type = Euler3DTransform)
=============================================================================
  number of levels = 4
  fixed image: /templateflow/tpl-MNI152NLin2009cAsym/tpl-MNI152NLin2009cAsym_res-01_desc-brain_T1w.nii.gz
  moving image: /home/mdugre/scratch/mri-registration-rp/datasets/ds004513/derivatives/mri-registration-rp/antsBrainExtraction/sub-s003/BrainExtractionBrain.nii.gz
Dimension = 3
Number of stages = 1
Use histogram matching = false
Winsorize image intensities = true
  Lower quantile = 0.005
  Upper quantile = 0.995


Stage 1 State
   Image metric = MattesMI
     Fixed image = Image (0x3dd7530)
  RTTI typeinfo:   itk::Image<double, 3u>
  Reference Count: 2
  Modified Time: 1594
  Debug: Off
  Object Name: 
  Observers: 
    none
  Source: (none)
  Source output name: (none)
  Release Data: Off
  Data Released: False
  Global Release Data: Off
  PipelineMTime: 0
  UpdateMTime: 1203
  RealTimeStamp: 0 seconds 
  LargestPossibleRegion: 
    Dimension: 3
    Index: [0, 0, 0]
    Size: [193, 229, 193]
  BufferedRegion: 
    Dimension: 3
    Index: [0, 0, 0]
    Size: [193, 229, 193]
  RequestedRegion: 
    Dimension: 3
    Index: [0, 0, 0]
    Size: [193, 229, 193]
  Spacing: [1, 1, 1]
  Origin: [96, 132, -78]
  Direction: 
-1 0 0
0 -1 0
0 0 1

  IndexToPointMatrix: 
-1 0 0
0 -1 0
0 0 1

  PointToIndexMatrix: 
-1 0 0
0 -1 0
0 0 1

  Inverse Direction: 
-1 0 0
0 -1 0
0 0 1

  PixelContainer: 
    ImportImageContainer (0x3e902a0)
      RTTI typeinfo:   itk::ImportImageContainer<unsigned long, double>
      Reference Count: 1
      Modified Time: 1200
      Debug: Off
      Object Name: 
      Observers: 
        none
      Pointer: 0x14c936157010
      Container manages memory: true
      Size: 8530021
      Capacity: 8530021

     Moving image = Image (0x3e92e60)
  RTTI typeinfo:   itk::Image<double, 3u>
  Reference Count: 2
  Modified Time: 1595
  Debug: Off
  Object Name: 
  Observers: 
    none
  Source: (none)
  Source output name: (none)
  Release Data: Off
  Data Released: False
  Global Release Data: Off
  PipelineMTime: 0
  UpdateMTime: 1592
  RealTimeStamp: 0 seconds 
  LargestPossibleRegion: 
    Dimension: 3
    Index: [0, 0, 0]
    Size: [176, 240, 256]
  BufferedRegion: 
    Dimension: 3
    Index: [0, 0, 0]
    Size: [176, 240, 256]
  RequestedRegion: 
    Dimension: 3
    Index: [0, 0, 0]
    Size: [176, 240, 256]
  Spacing: [0.999999, 1, 1]
  Origin: [93.3499, 86.9368, -128.957]
  Direction: 
-0.999513 -0.0279216 -0.0139567
0.0279189 -0.99961 0.000389866
-0.0139622 2.01492e-08 0.999903

  IndexToPointMatrix: 
-0.999512 -0.0279216 -0.0139567
0.0279189 -0.99961 0.000389866
-0.0139621 2.01492e-08 0.999903

  PointToIndexMatrix: 
-0.999514 0.0279189 -0.0139622
-0.0279216 -0.99961 2.01716e-08
-0.0139567 0.000389866 0.999903

  Inverse Direction: 
-0.999513 0.0279189 -0.0139622
-0.0279216 -0.99961 2.01716e-08
-0.0139567 0.000389866 0.999903

  PixelContainer: 
    ImportImageContainer (0x3ec6390)
      RTTI typeinfo:   itk::ImportImageContainer<unsigned long, double>
      Reference Count: 1
      Modified Time: 1589
      Debug: Off
      Object Name: 
      Observers: 
        none
      Pointer: 0x14c930ed6010
      Container manages memory: true
      Size: 10813440
      Capacity: 10813440

     Weighting = 1
     Sampling strategy = regular
     Number of bins = 32
     Radius = 4
     Sampling percentage  = 0.25
   Transform = Affine
     Gradient step = 0.1
     Update field sigma (voxel space) = 0
     Total field sigma (voxel space) = 0
     Update field time sigma = 0
     Total field time sigma  = 0
     Number of time indices = 0
     Number of time point samples = 0
Registration using 1 total stages.

Stage 0
  iterations = 1000x500x250x100
  convergence threshold = 1e-06
  convergence window size = 10
  number of levels = 4
  using the Mattes MI metric (number of bins = 32, weight = 1, use gradient filter = 0)
  preprocessing:  winsorizing the image intensities
  Shrink factors (level 1 out of 4): [8, 8, 8]
  Shrink factors (level 2 out of 4): [4, 4, 4]
  Shrink factors (level 3 out of 4): [2, 2, 2]
  Shrink factors (level 4 out of 4): [1, 1, 1]
  smoothing sigmas per level: [3, 2, 1, 0]
  regular sampling (percentage = 0.25)

*** Running AffineTransform registration ***

DIAGNOSTIC,Iteration,metricValue,convergenceValue,ITERATION_TIME_INDEX,SINCE_LAST
 2DIAGNOSTIC,     1, -6.614036197652e-01, 1.797693134862e+308, 8.1568e-01, 8.1568e-01, 
 2DIAGNOSTIC,     2, -6.640541507485e-01, 1.797693134862e+308, 8.2136e-01, 5.6729e-03, 
 2DIAGNOSTIC,     3, -6.686679849607e-01, 1.797693134862e+308, 8.2652e-01, 5.1682e-03, 
 2DIAGNOSTIC,     4, -6.758678079336e-01, 1.797693134862e+308, 8.3178e-01, 5.2609e-03, 
 2DIAGNOSTIC,     5, -6.848039562714e-01, 1.797693134862e+308, 8.3684e-01, 5.0509e-03, 
 2DIAGNOSTIC,     6, -6.955940886136e-01, 1.797693134862e+308, 8.4196e-01, 5.1250e-03, 
 2DIAGNOSTIC,     7, -7.157253458862e-01, 1.797693134862e+308, 8.4793e-01, 5.9700e-03, 
 2DIAGNOSTIC,     8, -7.235021251233e-01, 1.797693134862e+308, 8.5388e-01, 5.9490e-03, 
 2DIAGNOSTIC,     9, -7.209199243789e-01, 1.797693134862e+308, 8.6172e-01, 7.8421e-03, 
 2DIAGNOSTIC,    10, -7.207400283582e-01, 6.887973479479e-03, 8.7055e-01, 8.8310e-03, 
 2DIAGNOSTIC,    11, -7.207724202842e-01, 5.768525204553e-03, 8.7695e-01, 6.4020e-03, 
 2DIAGNOSTIC,    12, -7.207673720328e-01, 4.404178657727e-03, 8.8305e-01, 6.0911e-03, 
 2DIAGNOSTIC,    13, -7.206280297632e-01, 2.995777888505e-03, 8.8848e-01, 5.4371e-03, 
 2DIAGNOSTIC,    14, -7.206289254905e-01, 1.737868346050e-03, 8.9481e-01, 6.3241e-03, 
 2DIAGNOSTIC,    15, -7.205486413478e-01, 7.347431898737e-04, 9.0042e-01, 5.6109e-03, 
 2DIAGNOSTIC,    16, -7.204454183823e-01, 4.957897386647e-05, 9.0700e-01, 6.5789e-03, 
DIAGNOSTIC,Iteration,metricValue,convergenceValue,ITERATION_TIME_INDEX,SINCE_LAST
 2DIAGNOSTIC,     1, -5.948181959877e-01, 1.797693134862e+308, 1.6658e+00, 7.5877e-01, 
 2DIAGNOSTIC,     2, -5.950720363767e-01, 1.797693134862e+308, 1.7046e+00, 3.8829e-02, 
 2DIAGNOSTIC,     3, -5.950855068403e-01, 1.797693134862e+308, 1.7421e+00, 3.7499e-02, 
 2DIAGNOSTIC,     4, -5.954491344231e-01, 1.797693134862e+308, 1.7834e+00, 4.1268e-02, 
 2DIAGNOSTIC,     5, -5.956921615206e-01, 1.797693134862e+308, 1.8240e+00, 4.0669e-02, 
 2DIAGNOSTIC,     6, -5.957564850913e-01, 1.797693134862e+308, 1.8854e+00, 6.1343e-02, 
 2DIAGNOSTIC,     7, -5.957621933593e-01, 1.797693134862e+308, 1.9313e+00, 4.5923e-02, 
 2DIAGNOSTIC,     8, -5.957505645992e-01, 1.797693134862e+308, 1.9693e+00, 3.7990e-02, 
 2DIAGNOSTIC,     9, -5.957481014445e-01, 1.797693134862e+308, 2.0093e+00, 4.0046e-02, 
 2DIAGNOSTIC,    10, -5.957393095425e-01, 1.051022866663e-04, 2.0474e+00, 3.8051e-02, 
 2DIAGNOSTIC,    11, -5.957294090842e-01, 6.652584979835e-05, 2.0856e+00, 3.8209e-02, 
 2DIAGNOSTIC,    12, -5.957185423557e-01, 3.864917279088e-05, 2.1201e+00, 3.4529e-02, 
 2DIAGNOSTIC,    13, -5.957311786435e-01, 1.254242937046e-05, 2.1577e+00, 3.7624e-02, 
 2DIAGNOSTIC,    14, -5.957422984831e-01, 1.797244713678e-06, 2.1960e+00, 3.8270e-02, 
DIAGNOSTIC,Iteration,metricValue,convergenceValue,ITERATION_TIME_INDEX,SINCE_LAST
 2DIAGNOSTIC,     1, -5.224985537784e-01, 1.797693134862e+308, 3.3490e+00, 1.1530e+00, 
 2DIAGNOSTIC,     2, -5.225757472484e-01, 1.797693134862e+308, 3.6769e+00, 3.2791e-01, 
 2DIAGNOSTIC,     3, -5.226977442981e-01, 1.797693134862e+308, 4.1274e+00, 4.5047e-01, 
 2DIAGNOSTIC,     4, -5.227057727106e-01, 1.797693134862e+308, 4.8442e+00, 7.1686e-01, 
 2DIAGNOSTIC,     5, -5.227048306488e-01, 1.797693134862e+308, 5.2217e+00, 3.7747e-01, 
 2DIAGNOSTIC,     6, -5.227046382375e-01, 1.797693134862e+308, 5.5490e+00, 3.2725e-01, 
 2DIAGNOSTIC,     7, -5.227027198065e-01, 1.797693134862e+308, 5.8578e+00, 3.0885e-01, 
 2DIAGNOSTIC,     8, -5.227019018405e-01, 1.797693134862e+308, 6.1687e+00, 3.1089e-01, 
 2DIAGNOSTIC,     9, -5.227020143367e-01, 1.797693134862e+308, 6.4447e+00, 2.7596e-01, 
 2DIAGNOSTIC,    10, -5.227009825888e-01, 2.026565795930e-05, 6.7454e+00, 3.0073e-01, 
 2DIAGNOSTIC,    11, -5.227021090405e-01, 9.064538037951e-06, 7.1112e+00, 3.6577e-01, 
 2DIAGNOSTIC,    12, -5.227005026753e-01, 2.446871674527e-06, 7.4454e+00, 3.3423e-01, 
 2DIAGNOSTIC,    13, -5.226988958298e-01, 1.893834670363e-06, 7.7857e+00, 3.4035e-01, 
 2DIAGNOSTIC,    14, -5.226967456441e-01, 1.700052324527e-06, 8.1179e+00, 3.3218e-01, 
 2DIAGNOSTIC,    15, -5.226937859613e-01, 1.442827375089e-06, 8.3976e+00, 2.7973e-01, 
 2DIAGNOSTIC,    16, -5.226950940203e-01, 1.320229539845e-06, 8.7571e+00, 3.5943e-01, 
 2DIAGNOSTIC,    17, -5.226937490524e-01, 1.166890516116e-06, 9.1053e+00, 3.4823e-01, 
 2DIAGNOSTIC,    18, -5.226930238936e-01, 1.050549756534e-06, 9.4307e+00, 3.2544e-01, 
 2DIAGNOSTIC,    19, -5.226931771588e-01, 1.023232071122e-06, 9.7442e+00, 3.1343e-01, 
DIAGNOSTIC,Iteration,metricValue,convergenceValue,ITERATION_TIME_INDEX,SINCE_LAST
 2DIAGNOSTIC,     1, -4.765195973629e-01, 1.797693134862e+308, 1.3239e+01, 3.4949e+00, 
 2DIAGNOSTIC,     2, -4.768411955916e-01, 1.797693134862e+308, 1.5325e+01, 2.0857e+00, 
 2DIAGNOSTIC,     3, -4.772047314824e-01, 1.797693134862e+308, 1.7100e+01, 1.7749e+00, 
 2DIAGNOSTIC,     4, -4.774415523164e-01, 1.797693134862e+308, 1.8846e+01, 1.7459e+00, 
 2DIAGNOSTIC,     5, -4.777007446460e-01, 1.797693134862e+308, 2.0767e+01, 1.9217e+00, 
 2DIAGNOSTIC,     6, -4.780177997336e-01, 1.797693134862e+308, 2.2702e+01, 1.9346e+00, 
 2DIAGNOSTIC,     7, -4.782683029113e-01, 1.797693134862e+308, 2.4918e+01, 2.2165e+00, 
 2DIAGNOSTIC,     8, -4.788569160120e-01, 1.797693134862e+308, 2.6709e+01, 1.7907e+00, 
 2DIAGNOSTIC,     9, -4.810926536843e-01, 1.797693134862e+308, 2.8689e+01, 1.9799e+00, 
 2DIAGNOSTIC,    10, -4.856954429776e-01, 8.632293692888e-04, 3.0706e+01, 2.0168e+00, 
 2DIAGNOSTIC,    11, -4.870052082938e-01, 1.119648655168e-03, 3.3608e+01, 2.9022e+00, 
 2DIAGNOSTIC,    12, -4.870756615761e-01, 1.254186584471e-03, 3.5594e+01, 1.9856e+00, 
