
##########################
# Experiment information #
##########################

EXPERIMENT_NAME: antsRegistration-r8-p17
VFC_BACKENDS: libinterflop_vprec.so --range-binary32=8 --precision-binary32=17 --range-binary64=8 --precision-binary64=17

SIF_IMG: /home/mdugre/projects/rrg-glatard/mdugre/containers/ants-vprec-no_metrics.simg

SUBJECT_ID: s003
INPUT_IMG: /home/mdugre/scratch/mri-registration-rp/datasets/ds004513/derivatives/mri-registration-rp/antsBrainExtraction/sub-s003/BrainExtractionBrain.nii.gz
OUTPUT_DIR: /home/mdugre/scratch/mri-registration-rp/datasets/ds004513/derivatives/mri-registration-rp/0001/antsRegistration-r8-p17/sub-s003

FIXED_IMG: /templateflow/tpl-MNI152NLin2009cAsym/tpl-MNI152NLin2009cAsym_res-01_desc-brain_T1w.nii.gz
DATA_DIR: /home/mdugre/scratch/mri-registration-rp/datasets/ds004513
TEMPLATEFLOW_DIR: /home/mdugre/projects/rrg-glatard/mdugre/templateflow
ITK_GLOBAL_DEFAULT_NUMBER_OF_THREADS: 16
##########################

Info [verificarlo]: loaded backend libinterflop_ieee.so
Info [interflop-ieee]: load backend with:
Info [interflop-ieee]: debug = false
Info [interflop-ieee]: debug-binary = false
Info [interflop-ieee]: no-backend-name = false
Info [interflop-ieee]: print-new-line = false
Info [interflop-ieee]: print-subnormal-normalized = false
Info [interflop-ieee]: count-op = false
All_Command_lines_OK
Using double precision for computations.
=============================================================================
The composite transform comprises the following transforms (in order): 
  1. Center of mass alignment using fixed image: /templateflow/tpl-MNI152NLin2009cAsym/tpl-MNI152NLin2009cAsym_res-01_desc-brain_T1w.nii.gz and moving image: /home/mdugre/scratch/mri-registration-rp/datasets/ds004513/derivatives/mri-registration-rp/antsBrainExtraction/sub-s003/BrainExtractionBrain.nii.gz (type = Euler3DTransform)
=============================================================================
  number of levels = 1
  fixed image: /templateflow/tpl-MNI152NLin2009cAsym/tpl-MNI152NLin2009cAsym_res-01_desc-brain_T1w.nii.gz
  moving image: /home/mdugre/scratch/mri-registration-rp/datasets/ds004513/derivatives/mri-registration-rp/antsBrainExtraction/sub-s003/BrainExtractionBrain.nii.gz
Dimension = 3
Number of stages = 1
Use histogram matching = false
Winsorize image intensities = true
  Lower quantile = 0.005
  Upper quantile = 0.995


Stage 1 State
   Image metric = MattesMI
     Fixed image = Image (0x37c6e70)
  RTTI typeinfo:   itk::Image<double, 3u>
  Reference Count: 2
  Modified Time: 2334
  Debug: Off
  Object Name: 
  Observers: 
    none
  Source: (none)
  Source output name: (none)
  Release Data: Off
  Data Released: False
  Global Release Data: Off
  PipelineMTime: 0
  UpdateMTime: 1943
  RealTimeStamp: 0 seconds 
  LargestPossibleRegion: 
    Dimension: 3
    Index: [0, 0, 0]
    Size: [193, 229, 193]
  BufferedRegion: 
    Dimension: 3
    Index: [0, 0, 0]
    Size: [193, 229, 193]
  RequestedRegion: 
    Dimension: 3
    Index: [0, 0, 0]
    Size: [193, 229, 193]
  Spacing: [1, 1, 1]
  Origin: [96, 132, -78]
  Direction: 
-1 0 0
0 -1 0
0 0 1

  IndexToPointMatrix: 
-1 0 0
0 -1 0
0 0 1

  PointToIndexMatrix: 
-1 0 0
0 -1 0
0 0 1

  Inverse Direction: 
-1 0 0
0 -1 0
0 0 1

  PixelContainer: 
    ImportImageContainer (0x37d3140)
      RTTI typeinfo:   itk::ImportImageContainer<unsigned long, double>
      Reference Count: 1
      Modified Time: 1940
      Debug: Off
      Object Name: 
      Observers: 
        none
      Pointer: 0x14f6d6c5a010
      Container manages memory: true
      Size: 8530021
      Capacity: 8530021

     Moving image = Image (0x37d0310)
  RTTI typeinfo:   itk::Image<double, 3u>
  Reference Count: 2
  Modified Time: 2335
  Debug: Off
  Object Name: 
  Observers: 
    none
  Source: (none)
  Source output name: (none)
  Release Data: Off
  Data Released: False
  Global Release Data: Off
  PipelineMTime: 0
  UpdateMTime: 2332
  RealTimeStamp: 0 seconds 
  LargestPossibleRegion: 
    Dimension: 3
    Index: [0, 0, 0]
    Size: [176, 240, 256]
  BufferedRegion: 
    Dimension: 3
    Index: [0, 0, 0]
    Size: [176, 240, 256]
  RequestedRegion: 
    Dimension: 3
    Index: [0, 0, 0]
    Size: [176, 240, 256]
  Spacing: [0.999999, 1, 1]
  Origin: [93.3499, 86.9368, -128.957]
  Direction: 
-0.999513 -0.0279216 -0.0139567
0.0279189 -0.99961 0.000389866
-0.0139622 2.01492e-08 0.999903

  IndexToPointMatrix: 
-0.999512 -0.0279216 -0.0139567
0.0279189 -0.99961 0.000389866
-0.0139621 2.01492e-08 0.999903

  PointToIndexMatrix: 
-0.999514 0.0279189 -0.0139622
-0.0279216 -0.99961 2.01716e-08
-0.0139567 0.000389866 0.999903

  Inverse Direction: 
-0.999513 0.0279189 -0.0139622
-0.0279216 -0.99961 2.01716e-08
-0.0139567 0.000389866 0.999903

  PixelContainer: 
    ImportImageContainer (0x38fb610)
      RTTI typeinfo:   itk::ImportImageContainer<unsigned long, double>
      Reference Count: 1
      Modified Time: 2329
      Debug: Off
      Object Name: 
      Observers: 
        none
      Pointer: 0x14f6d19d9010
      Container manages memory: true
      Size: 10813440
      Capacity: 10813440

     Weighting = 1
     Sampling strategy = regular
     Number of bins = 32
     Radius = 4
     Sampling percentage  = 0.25
   Transform = Rigid
     Gradient step = 0.1
     Update field sigma (voxel space) = 0
     Total field sigma (voxel space) = 0
     Update field time sigma = 0
     Total field time sigma  = 0
     Number of time indices = 0
     Number of time point samples = 0
Registration using 1 total stages.

Stage 0
  iterations = 0
  convergence threshold = 1e-06
  convergence window size = 10
  number of levels = 1
  using the Mattes MI metric (number of bins = 32, weight = 1, use gradient filter = 0)
  preprocessing:  winsorizing the image intensities
  Shrink factors (level 1 out of 1): [1, 1, 1]
  smoothing sigmas per level: [0]
  regular sampling (percentage = 0.25)

*** Running Euler3DTransform registration ***

  Elapsed time (stage 0): 1.14788


Total elapsed time: 1.15012
Info [verificarlo]: loaded backend libinterflop_ieee.so
Info [interflop-ieee]: load backend with:
Info [interflop-ieee]: debug = false
Info [interflop-ieee]: debug-binary = false
Info [interflop-ieee]: no-backend-name = false
Info [interflop-ieee]: print-new-line = false
Info [interflop-ieee]: print-subnormal-normalized = false
Info [interflop-ieee]: count-op = false
All_Command_lines_OK
Using double precision for computations.
=============================================================================
The composite transform comprises the following transforms (in order): 
  1. /home/mdugre/scratch/mri-registration-rp/datasets/ds004513/derivatives/mri-registration-rp/0001/antsRegistration-r8-p17/sub-s003/align_Composite.h5[0] (type = Euler3DTransform)
  2. /home/mdugre/scratch/mri-registration-rp/datasets/ds004513/derivatives/mri-registration-rp/0001/antsRegistration-r8-p17/sub-s003/align_Composite.h5[1] (type = Euler3DTransform)
=============================================================================
  number of levels = 4
  fixed image: /templateflow/tpl-MNI152NLin2009cAsym/tpl-MNI152NLin2009cAsym_res-01_desc-brain_T1w.nii.gz
  moving image: /home/mdugre/scratch/mri-registration-rp/datasets/ds004513/derivatives/mri-registration-rp/antsBrainExtraction/sub-s003/BrainExtractionBrain.nii.gz
Dimension = 3
Number of stages = 1
Use histogram matching = false
Winsorize image intensities = true
  Lower quantile = 0.005
  Upper quantile = 0.995


Stage 1 State
   Image metric = MattesMI
     Fixed image = Image (0x5040530)
  RTTI typeinfo:   itk::Image<double, 3u>
  Reference Count: 2
  Modified Time: 1580
  Debug: Off
  Object Name: 
  Observers: 
    none
  Source: (none)
  Source output name: (none)
  Release Data: Off
  Data Released: False
  Global Release Data: Off
  PipelineMTime: 0
  UpdateMTime: 1189
  RealTimeStamp: 0 seconds 
  LargestPossibleRegion: 
    Dimension: 3
    Index: [0, 0, 0]
    Size: [193, 229, 193]
  BufferedRegion: 
    Dimension: 3
    Index: [0, 0, 0]
    Size: [193, 229, 193]
  RequestedRegion: 
    Dimension: 3
    Index: [0, 0, 0]
    Size: [193, 229, 193]
  Spacing: [1, 1, 1]
  Origin: [96, 132, -78]
  Direction: 
-1 0 0
0 -1 0
0 0 1

  IndexToPointMatrix: 
-1 0 0
0 -1 0
0 0 1

  PointToIndexMatrix: 
-1 0 0
0 -1 0
0 0 1

  Inverse Direction: 
-1 0 0
0 -1 0
0 0 1

  PixelContainer: 
    ImportImageContainer (0x50fed60)
      RTTI typeinfo:   itk::ImportImageContainer<unsigned long, double>
      Reference Count: 1
      Modified Time: 1186
      Debug: Off
      Object Name: 
      Observers: 
        none
      Pointer: 0x14a39c98d010
      Container manages memory: true
      Size: 8530021
      Capacity: 8530021

     Moving image = Image (0x50f0f60)
  RTTI typeinfo:   itk::Image<double, 3u>
  Reference Count: 2
  Modified Time: 1581
  Debug: Off
  Object Name: 
  Observers: 
    none
  Source: (none)
  Source output name: (none)
  Release Data: Off
  Data Released: False
  Global Release Data: Off
  PipelineMTime: 0
  UpdateMTime: 1578
  RealTimeStamp: 0 seconds 
  LargestPossibleRegion: 
    Dimension: 3
    Index: [0, 0, 0]
    Size: [176, 240, 256]
  BufferedRegion: 
    Dimension: 3
    Index: [0, 0, 0]
    Size: [176, 240, 256]
  RequestedRegion: 
    Dimension: 3
    Index: [0, 0, 0]
    Size: [176, 240, 256]
  Spacing: [0.999999, 1, 1]
  Origin: [93.3499, 86.9368, -128.957]
  Direction: 
-0.999513 -0.0279216 -0.0139567
0.0279189 -0.99961 0.000389866
-0.0139622 2.01492e-08 0.999903

  IndexToPointMatrix: 
-0.999512 -0.0279216 -0.0139567
0.0279189 -0.99961 0.000389866
-0.0139621 2.01492e-08 0.999903

  PointToIndexMatrix: 
-0.999514 0.0279189 -0.0139622
-0.0279216 -0.99961 2.01716e-08
-0.0139567 0.000389866 0.999903

  Inverse Direction: 
-0.999513 0.0279189 -0.0139622
-0.0279216 -0.99961 2.01716e-08
-0.0139567 0.000389866 0.999903

  PixelContainer: 
    ImportImageContainer (0x50e26d0)
      RTTI typeinfo:   itk::ImportImageContainer<unsigned long, double>
      Reference Count: 1
      Modified Time: 1575
      Debug: Off
      Object Name: 
      Observers: 
        none
      Pointer: 0x14a39770c010
      Container manages memory: true
      Size: 10813440
      Capacity: 10813440

     Weighting = 1
     Sampling strategy = regular
     Number of bins = 32
     Radius = 4
     Sampling percentage  = 0.25
   Transform = Rigid
     Gradient step = 0.1
     Update field sigma (voxel space) = 0
     Total field sigma (voxel space) = 0
     Update field time sigma = 0
     Total field time sigma  = 0
     Number of time indices = 0
     Number of time point samples = 0
Registration using 1 total stages.

Stage 0
  iterations = 1000x500x250x100
  convergence threshold = 1e-06
  convergence window size = 10
  number of levels = 4
  using the Mattes MI metric (number of bins = 32, weight = 1, use gradient filter = 0)
  preprocessing:  winsorizing the image intensities
  Shrink factors (level 1 out of 4): [8, 8, 8]
  Shrink factors (level 2 out of 4): [4, 4, 4]
  Shrink factors (level 3 out of 4): [2, 2, 2]
  Shrink factors (level 4 out of 4): [1, 1, 1]
  smoothing sigmas per level: [3, 2, 1, 0]
  regular sampling (percentage = 0.25)

*** Running Euler3DTransform registration ***

DIAGNOSTIC,Iteration,metricValue,convergenceValue,ITERATION_TIME_INDEX,SINCE_LAST
 2DIAGNOSTIC,     1, -4.871187133941e-01, 1.797693134862e+308, 8.5556e-01, 8.5556e-01, 
 2DIAGNOSTIC,     2, -4.887966556740e-01, 1.797693134862e+308, 8.6069e-01, 5.1370e-03, 
 2DIAGNOSTIC,     3, -4.919242839642e-01, 1.797693134862e+308, 8.6622e-01, 5.5280e-03, 
 2DIAGNOSTIC,     4, -5.019092629522e-01, 1.797693134862e+308, 8.7093e-01, 4.7112e-03, 
 2DIAGNOSTIC,     5, -5.198319788477e-01, 1.797693134862e+308, 8.7619e-01, 5.2540e-03, 
 2DIAGNOSTIC,     6, -5.251449584180e-01, 1.797693134862e+308, 8.8141e-01, 5.2271e-03, 
 2DIAGNOSTIC,     7, -5.365118080768e-01, 1.797693134862e+308, 8.8621e-01, 4.7939e-03, 
 2DIAGNOSTIC,     8, -5.564319077261e-01, 1.797693134862e+308, 8.9366e-01, 7.4561e-03, 
 2DIAGNOSTIC,     9, -5.572786469687e-01, 1.797693134862e+308, 8.9818e-01, 4.5159e-03, 
 2DIAGNOSTIC,    10, -5.597886110608e-01, 1.060089541986e-02, 9.0352e-01, 5.3449e-03, 
 2DIAGNOSTIC,    11, -5.645450860914e-01, 9.471656029002e-03, 9.0831e-01, 4.7829e-03, 
 2DIAGNOSTIC,    12, -5.675342641672e-01, 7.901754414630e-03, 9.1365e-01, 5.3480e-03, 
 2DIAGNOSTIC,    13, -5.685174641935e-01, 6.033280802479e-03, 9.1896e-01, 5.3020e-03, 
 2DIAGNOSTIC,    14, -5.693412095342e-01, 4.302087948769e-03, 9.2491e-01, 5.9519e-03, 
 2DIAGNOSTIC,    15, -5.718972801998e-01, 3.155204981954e-03, 9.3009e-01, 5.1789e-03, 
 2DIAGNOSTIC,    16, -5.734788767073e-01, 2.091398053252e-03, 9.3494e-01, 4.8561e-03, 
 2DIAGNOSTIC,    17, -5.737823402463e-01, 1.310029424174e-03, 9.3972e-01, 4.7779e-03, 
 2DIAGNOSTIC,    18, -5.749452616696e-01, 1.114936190120e-03, 9.4471e-01, 4.9899e-03, 
 2DIAGNOSTIC,    19, -5.774392255370e-01, 9.301256922513e-04, 9.5215e-01, 7.4391e-03, 
 2DIAGNOSTIC,    20, -5.782944999901e-01, 7.612328990649e-04, 9.5774e-01, 5.5940e-03, 
 2DIAGNOSTIC,    21, -5.788863756122e-01, 6.687985512895e-04, 9.6271e-01, 4.9620e-03, 
 2DIAGNOSTIC,    22, -5.857337702753e-01, 7.546209623922e-04, 9.6771e-01, 5.0092e-03, 
 2DIAGNOSTIC,    23, -6.028589200973e-01, 1.162232409058e-03, 9.7325e-01, 5.5349e-03, 
 2DIAGNOSTIC,    24, -6.086613839295e-01, 1.554691249293e-03, 9.7999e-01, 6.7389e-03, 
 2DIAGNOSTIC,    25, -6.127624309655e-01, 1.904928867724e-03, 9.8536e-01, 5.3668e-03, 
 2DIAGNOSTIC,    26, -6.171330102927e-01, 2.167612430671e-03, 9.9062e-01, 5.2669e-03, 
 2DIAGNOSTIC,    27, -6.180829716125e-01, 2.226134250790e-03, 9.9535e-01, 4.7238e-03, 
 2DIAGNOSTIC,    28, -6.204355230055e-01, 2.128618126388e-03, 1.0007e+00, 5.3151e-03, 
 2DIAGNOSTIC,    29, -6.216541945970e-01, 1.901236650504e-03, 1.0058e+00, 5.1560e-03, 
 2DIAGNOSTIC,    30, -6.252686886790e-01, 1.589741148920e-03, 1.0118e+00, 5.9371e-03, 
 2DIAGNOSTIC,    31, -6.305777170401e-01, 1.244380916980e-03, 1.0167e+00, 4.9231e-03, 
 2DIAGNOSTIC,    32, -6.437126657841e-01, 1.107471259908e-03, 1.0229e+00, 6.2289e-03, 
 2DIAGNOSTIC,    33, -6.470257701654e-01, 1.176383070065e-03, 1.0279e+00, 4.9751e-03, 
 2DIAGNOSTIC,    34, -6.489212527830e-01, 1.241889782214e-03, 1.0356e+00, 7.6802e-03, 
 2DIAGNOSTIC,    35, -6.509315224554e-01, 1.271881059488e-03, 1.0402e+00, 4.6711e-03, 
 2DIAGNOSTIC,    36, -6.520047958202e-01, 1.251974187172e-03, 1.0448e+00, 4.6091e-03, 
 2DIAGNOSTIC,    37, -6.528674744343e-01, 1.135509476551e-03, 1.0494e+00, 4.5800e-03, 
 2DIAGNOSTIC,    38, -6.532433149206e-01, 9.531145858112e-04, 1.0541e+00, 4.6408e-03, 
 2DIAGNOSTIC,    39, -6.541855086660e-01, 7.192244685467e-04, 1.0604e+00, 6.3250e-03, 
 2DIAGNOSTIC,    40, -6.542272881786e-01, 4.742901292173e-04, 1.0653e+00, 4.8950e-03, 
 2DIAGNOSTIC,    41, -6.546749902973e-01, 2.614791087734e-04, 1.0699e+00, 4.5762e-03, 
 2DIAGNOSTIC,    42, -6.552201534108e-01, 1.909862834451e-04, 1.0764e+00, 6.5830e-03, 
 2DIAGNOSTIC,    43, -6.554118131803e-01, 1.446815743041e-04, 1.0816e+00, 5.1270e-03, 
 2DIAGNOSTIC,    44, -6.553653956279e-01, 1.066483845830e-04, 1.0862e+00, 4.5891e-03, 
 2DIAGNOSTIC,    45, -6.555146606023e-01, 8.319469535945e-05, 1.0907e+00, 4.5750e-03, 
 2DIAGNOSTIC,    46, -6.555934452540e-01, 6.474856479301e-05, 1.0959e+00, 5.1260e-03, 
 2DIAGNOSTIC,    47, -6.557588175973e-01, 5.132643266276e-05, 1.1011e+00, 5.2550e-03, 
 2DIAGNOSTIC,    48, -6.557398153990e-01, 3.695296043265e-05, 1.1058e+00, 4.6411e-03, 
 2DIAGNOSTIC,    49, -6.557031701253e-01, 2.866127984801e-05, 1.1120e+00, 6.2129e-03, 
 2DIAGNOSTIC,    50, -6.556362675795e-01, 1.779782231331e-05, 1.1170e+00, 5.0659e-03, 
 2DIAGNOSTIC,    51, -6.556521995855e-01, 9.905186866891e-06, 1.1221e+00, 5.0979e-03, 
 2DIAGNOSTIC,    52, -6.557392184836e-01, 7.105615747866e-06, 1.1273e+00, 5.1510e-03, 
 2DIAGNOSTIC,    53, -6.559474290139e-01, 7.357465100308e-06, 1.1319e+00, 4.5910e-03, 
 2DIAGNOSTIC,    54, -6.559606170488e-01, 6.629860431380e-06, 1.1370e+00, 5.1320e-03, 
 2DIAGNOSTIC,    55, -6.558854999309e-01, 6.023699075583e-06, 1.1415e+00, 4.5378e-03, 
 2DIAGNOSTIC,    56, -6.558136890747e-01, 4.979584901640e-06, 1.1466e+00, 5.0540e-03, 
 2DIAGNOSTIC,    57, -6.556776141334e-01, 3.780333918228e-06, 1.1517e+00, 5.0790e-03, 
 2DIAGNOSTIC,    58, -6.558036263077e-01, 3.168639961339e-06, 1.1569e+00, 5.2571e-03, 
DIAGNOSTIC,Iteration,metricValue,convergenceValue,ITERATION_TIME_INDEX,SINCE_LAST
 2DIAGNOSTIC,     1, -5.251708899032e-01, 1.797693134862e+308, 1.9984e+00, 8.4149e-01, 
 2DIAGNOSTIC,     2, -5.257921847122e-01, 1.797693134862e+308, 2.0326e+00, 3.4217e-02, 
 2DIAGNOSTIC,     3, -5.265560799150e-01, 1.797693134862e+308, 2.0646e+00, 3.1928e-02, 
 2DIAGNOSTIC,     4, -5.273225056396e-01, 1.797693134862e+308, 2.0966e+00, 3.2021e-02, 
 2DIAGNOSTIC,     5, -5.278495323469e-01, 1.797693134862e+308, 2.1283e+00, 3.1739e-02, 
 2DIAGNOSTIC,     6, -5.281787457502e-01, 1.797693134862e+308, 2.1603e+00, 3.1938e-02, 
 2DIAGNOSTIC,     7, -5.295024239733e-01, 1.797693134862e+308, 2.1924e+00, 3.2157e-02, 
 2DIAGNOSTIC,     8, -5.309956515483e-01, 1.797693134862e+308, 2.2442e+00, 5.1797e-02, 
 2DIAGNOSTIC,     9, -5.314377866899e-01, 1.797693134862e+308, 2.2757e+00, 3.1457e-02, 
 2DIAGNOSTIC,    10, -5.315068000680e-01, 8.345262240089e-04, 2.3104e+00, 3.4762e-02, 
 2DIAGNOSTIC,    11, -5.317666985323e-01, 7.298458864068e-04, 2.3432e+00, 3.2746e-02, 
 2DIAGNOSTIC,    12, -5.329445680293e-01, 6.565223213434e-04, 2.3869e+00, 4.3673e-02, 
 2DIAGNOSTIC,    13, -5.336111163939e-01, 5.916135557284e-04, 2.4226e+00, 3.5731e-02, 
 2DIAGNOSTIC,    14, -5.337362500223e-01, 5.165867519819e-04, 2.4602e+00, 3.7650e-02, 
 2DIAGNOSTIC,    15, -5.339193854907e-01, 4.318955497039e-04, 2.4955e+00, 3.5269e-02, 
 2DIAGNOSTIC,    16, -5.339788403652e-01, 3.309973462605e-04, 2.5284e+00, 3.2859e-02, 
 2DIAGNOSTIC,    17, -5.339828404076e-01, 2.518121361435e-04, 2.5575e+00, 2.9105e-02, 
 2DIAGNOSTIC,    18, -5.340126151062e-01, 2.031135270667e-04, 2.5876e+00, 3.0124e-02, 
 2DIAGNOSTIC,    19, -5.340322046749e-01, 1.543597200478e-04, 2.6169e+00, 2.9305e-02, 
 2DIAGNOSTIC,    20, -5.340853904564e-01, 9.996220420341e-05, 2.6501e+00, 3.3183e-02, 
 2DIAGNOSTIC,    21, -5.341287666865e-01, 4.867244899167e-05, 2.6871e+00, 3.7006e-02, 
 2DIAGNOSTIC,    22, -5.340895831641e-01, 2.498428708355e-05, 2.7202e+00, 3.3060e-02, 
 2DIAGNOSTIC,    23, -5.340898947867e-01, 1.670657046866e-05, 2.7496e+00, 2.9489e-02, 
 2DIAGNOSTIC,    24, -5.342243963542e-01, 1.336182558055e-05, 2.7795e+00, 2.9897e-02, 
 2DIAGNOSTIC,    25, -5.345529442089e-01, 1.995219134104e-05, 2.8237e+00, 4.4146e-02, 
 2DIAGNOSTIC,    26, -5.348396476635e-01, 3.122757559806e-05, 2.8573e+00, 3.3600e-02, 
 2DIAGNOSTIC,    27, -5.349713567423e-01, 4.149759044628e-05, 2.8864e+00, 2.9095e-02, 
 2DIAGNOSTIC,    28, -5.351852083047e-01, 5.197987163014e-05, 2.9197e+00, 3.3308e-02, 
 2DIAGNOSTIC,    29, -5.355767733139e-01, 6.441311752241e-05, 2.9634e+00, 4.3744e-02, 
 2DIAGNOSTIC,    30, -5.361739399439e-01, 8.132702806277e-05, 3.0030e+00, 3.9556e-02, 
 2DIAGNOSTIC,    31, -5.363268828921e-01, 9.271735715020e-05, 3.0354e+00, 3.2436e-02, 
 2DIAGNOSTIC,    32, -5.364246580753e-01, 9.588267704895e-05, 3.0655e+00, 3.0104e-02, 
 2DIAGNOSTIC,    33, -5.364732708206e-01, 9.077699843506e-05, 3.0947e+00, 2.9127e-02, 
 2DIAGNOSTIC,    34, -5.365599418581e-01, 8.074362309442e-05, 3.1237e+00, 2.9024e-02, 
 2DIAGNOSTIC,    35, -5.367824557668e-01, 7.186558537792e-05, 3.1603e+00, 3.6642e-02, 
 2DIAGNOSTIC,    36, -5.368535418507e-01, 6.197065769591e-05, 3.2043e+00, 4.3951e-02, 
 2DIAGNOSTIC,    37, -5.368534838741e-01, 4.881430189985e-05, 3.2338e+00, 2.9556e-02, 
 2DIAGNOSTIC,    38, -5.369271992054e-01, 3.584303467661e-05, 3.2672e+00, 3.3410e-02, 
 2DIAGNOSTIC,    39, -5.370205217023e-01, 2.659820898565e-05, 3.2954e+00, 2.8148e-02, 
 2DIAGNOSTIC,    40, -5.370539180698e-01, 2.364675862664e-05, 3.3286e+00, 3.3251e-02, 
 2DIAGNOSTIC,    41, -5.370768642311e-01, 2.092678208818e-05, 3.3611e+00, 3.2451e-02, 
 2DIAGNOSTIC,    42, -5.370815715232e-01, 1.776434603056e-05, 3.3906e+00, 2.9464e-02, 
 2DIAGNOSTIC,    43, -5.371200574572e-01, 1.421010114367e-05, 3.4200e+00, 2.9486e-02, 
 2DIAGNOSTIC,    44, -5.371389247919e-01, 1.070977007457e-05, 3.4622e+00, 4.2168e-02, 
 2DIAGNOSTIC,    45, -5.371494781080e-01, 9.147245403986e-06, 3.5555e+00, 9.3271e-02, 
 2DIAGNOSTIC,    46, -5.371494780569e-01, 7.696813350676e-06, 3.5844e+00, 2.8872e-02, 
 2DIAGNOSTIC,    47, -5.371494782556e-01, 5.634038593102e-06, 3.6139e+00, 2.9519e-02, 
 2DIAGNOSTIC,    48, -5.371494785915e-01, 3.973391035080e-06, 3.6424e+00, 2.8527e-02, 
 2DIAGNOSTIC,    49, -5.371494791594e-01, 3.065594438818e-06, 3.6713e+00, 2.8922e-02, 
 2DIAGNOSTIC,    50, -5.371494801194e-01, 2.316106801670e-06, 3.7000e+00, 2.8705e-02, 
 2DIAGNOSTIC,    51, -5.371494817418e-01, 1.681058375235e-06, 3.7299e+00, 2.9833e-02, 
 2DIAGNOSTIC,    52, -5.371494844827e-01, 1.010455746481e-06, 3.7591e+00, 2.9265e-02, 
DIAGNOSTIC,Iteration,metricValue,convergenceValue,ITERATION_TIME_INDEX,SINCE_LAST
 2DIAGNOSTIC,     1, -4.770539112576e-01, 1.797693134862e+308, 4.8581e+00, 1.0990e+00, 
 2DIAGNOSTIC,     2, -4.772520074334e-01, 1.797693134862e+308, 5.1121e+00, 2.5407e-01, 
 2DIAGNOSTIC,     3, -4.774084027142e-01, 1.797693134862e+308, 5.3958e+00, 2.8370e-01, 
 2DIAGNOSTIC,     4, -4.774707354133e-01, 1.797693134862e+308, 5.6904e+00, 2.9451e-01, 
 2DIAGNOSTIC,     5, -4.774953506244e-01, 1.797693134862e+308, 5.9708e+00, 2.8042e-01, 
 2DIAGNOSTIC,     6, -4.775079538788e-01, 1.797693134862e+308, 6.2263e+00, 2.5554e-01, 
 2DIAGNOSTIC,     7, -4.775457463958e-01, 1.797693134862e+308, 6.4747e+00, 2.4842e-01, 
 2DIAGNOSTIC,     8, -4.777115062041e-01, 1.797693134862e+308, 6.7285e+00, 2.5377e-01, 
 2DIAGNOSTIC,     9, -4.781536284557e-01, 1.797693134862e+308, 7.0683e+00, 3.3979e-01, 
 2DIAGNOSTIC,    10, -4.782305319637e-01, 1.349456072674e-04, 7.3252e+00, 2.5694e-01, 
 2DIAGNOSTIC,    11, -4.782562041261e-01, 1.277969894122e-04, 7.5861e+00, 2.6088e-01, 
 2DIAGNOSTIC,    12, -4.783394054349e-01, 1.247246330032e-04, 7.8192e+00, 2.3307e-01, 
 2DIAGNOSTIC,    13, -4.787576324941e-01, 1.370831319365e-04, 8.1945e+00, 3.7536e-01, 
 2DIAGNOSTIC,    14, -4.788124268947e-01, 1.396201608332e-04, 8.4327e+00, 2.3821e-01, 
 2DIAGNOSTIC,    15, -4.788883241919e-01, 1.334456230344e-04, 8.7239e+00, 2.9115e-01, 
 2DIAGNOSTIC,    16, -4.788972021021e-01, 1.172623217234e-04, 8.9915e+00, 2.6760e-01, 
 2DIAGNOSTIC,    17, -4.788914319128e-01, 9.350635454788e-05, 9.2599e+00, 2.6843e-01, 
 2DIAGNOSTIC,    18, -4.788882602433e-01, 6.872531631741e-05, 9.5192e+00, 2.5927e-01, 
 2DIAGNOSTIC,    19, -4.788874577418e-01, 5.406109335906e-05, 9.7884e+00, 2.6919e-01, 
 2DIAGNOSTIC,    20, -4.788845309061e-01, 3.835888575097e-05, 1.0080e+01, 2.9163e-01, 
 2DIAGNOSTIC,    21, -4.788825922623e-01, 2.149060815044e-05, 1.0348e+01, 2.6762e-01, 
 2DIAGNOSTIC,    22, -4.788813389654e-01, 6.236295578319e-06, 1.0693e+01, 3.4501e-01, 
 2DIAGNOSTIC,    23, -4.788798900742e-01, 2.618527990828e-06, 1.0987e+01, 2.9451e-01, 
DIAGNOSTIC,Iteration,metricValue,convergenceValue,ITERATION_TIME_INDEX,SINCE_LAST
 2DIAGNOSTIC,     1, -4.453325830599e-01, 1.797693134862e+308, 1.3460e+01, 2.4723e+00, 
 2DIAGNOSTIC,     2, -4.453829512253e-01, 1.797693134862e+308, 1.5174e+01, 1.7149e+00, 
 2DIAGNOSTIC,     3, -4.454000007032e-01, 1.797693134862e+308, 1.7447e+01, 2.2726e+00, 
 2DIAGNOSTIC,     4, -4.453993771638e-01, 1.797693134862e+308, 1.9798e+01, 2.3505e+00, 
 2DIAGNOSTIC,     5, -4.453998948730e-01, 1.797693134862e+308, 2.1822e+01, 2.0247e+00, 
 2DIAGNOSTIC,     6, -4.453998078646e-01, 1.797693134862e+308, 2.3560e+01, 1.7375e+00, 
 2DIAGNOSTIC,     7, -4.453997554195e-01, 1.797693134862e+308, 2.4906e+01, 1.3465e+00, 
 2DIAGNOSTIC,     8, -4.453996393824e-01, 1.797693134862e+308, 2.6597e+01, 1.6907e+00, 
 2DIAGNOSTIC,     9, -4.453995752092e-01, 1.797693134862e+308, 2.8236e+01, 1.6388e+00, 
 2DIAGNOSTIC,    10, -4.453993325161e-01, 8.361197843129e-06, 2.9784e+01, 1.5479e+00, 
 2DIAGNOSTIC,    11, -4.453992799681e-01, 3.805886510957e-06, 3.1176e+01, 1.3922e+00, 
 2DIAGNOSTIC,    12, -4.453992513928e-01, 2.578712719067e-06, 3.2529e+01, 1.3533e+00, 
 2DIAGNOSTIC,    13, -4.453992632455e-01, 2.385363481863e-06, 3.4542e+01, 2.0130e+00, 
 2DIAGNOSTIC,    14, -4.453991926630e-01, 2.192869489145e-06, 3.6079e+01, 1.5371e+00, 
 2DIAGNOSTIC,    15, -4.453991220675e-01, 2.052565334726e-06, 3.7594e+01, 1.5144e+00, 
 2DIAGNOSTIC,    16, -4.453990547080e-01, 1.929982669291e-06, 3.8977e+01, 1.3840e+00, 
 2DIAGNOSTIC,    17, -4.453989911975e-01, 1.822791803725e-06, 4.0449e+01, 1.4717e+00, 
 2DIAGNOSTIC,    18, -4.453988564203e-01, 1.723023154328e-06, 4.1815e+01, 1.3654e+00, 
 2DIAGNOSTIC,    19, -4.453989257681e-01, 1.638338301621e-06, 4.3434e+01, 1.6199e+00, 
 2DIAGNOSTIC,    20, -4.453988188915e-01, 1.554253131149e-06, 4.5079e+01, 1.6445e+00, 
 2DIAGNOSTIC,    21, -4.453989362048e-01, 1.483617077760e-06, 4.7029e+01, 1.9496e+00, 
 2DIAGNOSTIC,    22, -4.453989759034e-01, 1.422517195523e-06, 4.8608e+01, 1.5798e+00, 
 2DIAGNOSTIC,    23, -4.453987518755e-01, 1.363057308627e-06, 5.0036e+01, 1.4279e+00, 
 2DIAGNOSTIC,    24, -4.453987310670e-01, 1.308228361370e-06, 5.2027e+01, 1.9911e+00, 
 2DIAGNOSTIC,    25, -4.453987536239e-01, 1.258138696225e-06, 5.3710e+01, 1.6832e+00, 
 2DIAGNOSTIC,    26, -4.453986102427e-01, 1.207950573401e-06, 5.5216e+01, 1.5056e+00, 
 2DIAGNOSTIC,    27, -4.453985774454e-01, 1.160824402463e-06, 5.6935e+01, 1.7194e+00, 
 2DIAGNOSTIC,    28, -4.453986567426e-01, 1.117478115688e-06, 5.8354e+01, 1.4185e+00, 
 2DIAGNOSTIC,    29, -4.453987016956e-01, 1.081419762142e-06, 5.9847e+01, 1.4935e+00, 
 2DIAGNOSTIC,    30, -4.453984869798e-01, 1.042236445196e-06, 6.1728e+01, 1.8807e+00, 
 2DIAGNOSTIC,    31, -4.453984343487e-01, 1.008754553958e-06, 6.3280e+01, 1.5524e+00, 
  Elapsed time (stage 0): 6.4238e+01


Total elapsed time: 6.4241e+01
Info [verificarlo]: loaded backend libinterflop_ieee.so
Info [interflop-ieee]: load backend with:
Info [interflop-ieee]: debug = false
Info [interflop-ieee]: debug-binary = false
Info [interflop-ieee]: no-backend-name = false
Info [interflop-ieee]: print-new-line = false
Info [interflop-ieee]: print-subnormal-normalized = false
Info [interflop-ieee]: count-op = false
All_Command_lines_OK
Using double precision for computations.
=============================================================================
The composite transform comprises the following transforms (in order): 
  1. /home/mdugre/scratch/mri-registration-rp/datasets/ds004513/derivatives/mri-registration-rp/0001/antsRegistration-r8-p17/sub-s003/rigid_Composite.h5[0] (type = Euler3DTransform)
  2. /home/mdugre/scratch/mri-registration-rp/datasets/ds004513/derivatives/mri-registration-rp/0001/antsRegistration-r8-p17/sub-s003/rigid_Composite.h5[1] (type = Euler3DTransform)
  3. /home/mdugre/scratch/mri-registration-rp/datasets/ds004513/derivatives/mri-registration-rp/0001/antsRegistration-r8-p17/sub-s003/rigid_Composite.h5[2] (type = Euler3DTransform)
=============================================================================
  number of levels = 4
  fixed image: /templateflow/tpl-MNI152NLin2009cAsym/tpl-MNI152NLin2009cAsym_res-01_desc-brain_T1w.nii.gz
  moving image: /home/mdugre/scratch/mri-registration-rp/datasets/ds004513/derivatives/mri-registration-rp/antsBrainExtraction/sub-s003/BrainExtractionBrain.nii.gz
Dimension = 3
Number of stages = 1
Use histogram matching = false
Winsorize image intensities = true
  Lower quantile = 0.005
  Upper quantile = 0.995


Stage 1 State
   Image metric = MattesMI
     Fixed image = Image (0x40087e0)
  RTTI typeinfo:   itk::Image<double, 3u>
  Reference Count: 2
  Modified Time: 1594
  Debug: Off
  Object Name: 
  Observers: 
    none
  Source: (none)
  Source output name: (none)
  Release Data: Off
  Data Released: False
  Global Release Data: Off
  PipelineMTime: 0
  UpdateMTime: 1203
  RealTimeStamp: 0 seconds 
  LargestPossibleRegion: 
    Dimension: 3
    Index: [0, 0, 0]
    Size: [193, 229, 193]
  BufferedRegion: 
    Dimension: 3
    Index: [0, 0, 0]
    Size: [193, 229, 193]
  RequestedRegion: 
    Dimension: 3
    Index: [0, 0, 0]
    Size: [193, 229, 193]
  Spacing: [1, 1, 1]
  Origin: [96, 132, -78]
  Direction: 
-1 0 0
0 -1 0
0 0 1

  IndexToPointMatrix: 
-1 0 0
0 -1 0
0 0 1

  PointToIndexMatrix: 
-1 0 0
0 -1 0
0 0 1

  Inverse Direction: 
-1 0 0
0 -1 0
0 0 1

  PixelContainer: 
    ImportImageContainer (0x40c8a20)
      RTTI typeinfo:   itk::ImportImageContainer<unsigned long, double>
      Reference Count: 1
      Modified Time: 1200
      Debug: Off
      Object Name: 
      Observers: 
        none
      Pointer: 0x14cd471fc010
      Container manages memory: true
      Size: 8530021
      Capacity: 8530021

     Moving image = Image (0x40c3d70)
  RTTI typeinfo:   itk::Image<double, 3u>
  Reference Count: 2
  Modified Time: 1595
  Debug: Off
  Object Name: 
  Observers: 
    none
  Source: (none)
  Source output name: (none)
  Release Data: Off
  Data Released: False
  Global Release Data: Off
  PipelineMTime: 0
  UpdateMTime: 1592
  RealTimeStamp: 0 seconds 
  LargestPossibleRegion: 
    Dimension: 3
    Index: [0, 0, 0]
    Size: [176, 240, 256]
  BufferedRegion: 
    Dimension: 3
    Index: [0, 0, 0]
    Size: [176, 240, 256]
  RequestedRegion: 
    Dimension: 3
    Index: [0, 0, 0]
    Size: [176, 240, 256]
  Spacing: [0.999999, 1, 1]
  Origin: [93.3499, 86.9368, -128.957]
  Direction: 
-0.999513 -0.0279216 -0.0139567
0.0279189 -0.99961 0.000389866
-0.0139622 2.01492e-08 0.999903

  IndexToPointMatrix: 
-0.999512 -0.0279216 -0.0139567
0.0279189 -0.99961 0.000389866
-0.0139621 2.01492e-08 0.999903

  PointToIndexMatrix: 
-0.999514 0.0279189 -0.0139622
-0.0279216 -0.99961 2.01716e-08
-0.0139567 0.000389866 0.999903

  Inverse Direction: 
-0.999513 0.0279189 -0.0139622
-0.0279216 -0.99961 2.01716e-08
-0.0139567 0.000389866 0.999903

  PixelContainer: 
    ImportImageContainer (0x407bc90)
      RTTI typeinfo:   itk::ImportImageContainer<unsigned long, double>
      Reference Count: 1
      Modified Time: 1589
      Debug: Off
      Object Name: 
      Observers: 
        none
      Pointer: 0x14cd41f7b010
      Container manages memory: true
      Size: 10813440
      Capacity: 10813440

     Weighting = 1
     Sampling strategy = regular
     Number of bins = 32
     Radius = 4
     Sampling percentage  = 0.25
   Transform = Affine
     Gradient step = 0.1
     Update field sigma (voxel space) = 0
     Total field sigma (voxel space) = 0
     Update field time sigma = 0
     Total field time sigma  = 0
     Number of time indices = 0
     Number of time point samples = 0
Registration using 1 total stages.

Stage 0
  iterations = 1000x500x250x100
  convergence threshold = 1e-06
  convergence window size = 10
  number of levels = 4
  using the Mattes MI metric (number of bins = 32, weight = 1, use gradient filter = 0)
  preprocessing:  winsorizing the image intensities
  Shrink factors (level 1 out of 4): [8, 8, 8]
  Shrink factors (level 2 out of 4): [4, 4, 4]
  Shrink factors (level 3 out of 4): [2, 2, 2]
  Shrink factors (level 4 out of 4): [1, 1, 1]
  smoothing sigmas per level: [3, 2, 1, 0]
  regular sampling (percentage = 0.25)

*** Running AffineTransform registration ***

DIAGNOSTIC,Iteration,metricValue,convergenceValue,ITERATION_TIME_INDEX,SINCE_LAST
 2DIAGNOSTIC,     1, -6.607389689104e-01, 1.797693134862e+308, 9.6464e-01, 9.6464e-01, 
 2DIAGNOSTIC,     2, -6.632399140191e-01, 1.797693134862e+308, 9.6923e-01, 4.5891e-03, 
 2DIAGNOSTIC,     3, -6.669817631974e-01, 1.797693134862e+308, 9.7430e-01, 5.0731e-03, 
 2DIAGNOSTIC,     4, -6.728263696337e-01, 1.797693134862e+308, 9.7873e-01, 4.4310e-03, 
 2DIAGNOSTIC,     5, -6.808249145530e-01, 1.797693134862e+308, 9.8316e-01, 4.4291e-03, 
 2DIAGNOSTIC,     6, -6.933516734466e-01, 1.797693134862e+308, 9.8765e-01, 4.4889e-03, 
 2DIAGNOSTIC,     7, -7.140479294296e-01, 1.797693134862e+308, 9.9515e-01, 7.4990e-03, 
 2DIAGNOSTIC,     8, -7.194088261467e-01, 1.797693134862e+308, 9.9972e-01, 4.5710e-03, 
 2DIAGNOSTIC,     9, -7.202665378583e-01, 1.797693134862e+308, 1.0049e+00, 5.1520e-03, 
 2DIAGNOSTIC,    10, -7.214742338951e-01, 6.937767748925e-03, 1.0115e+00, 6.6671e-03, 
 2DIAGNOSTIC,    11, -7.215656697201e-01, 5.984077848075e-03, 1.0183e+00, 6.7971e-03, 
 2DIAGNOSTIC,    12, -7.215663197936e-01, 4.735556429707e-03, 1.0238e+00, 5.4600e-03, 
 2DIAGNOSTIC,    13, -7.215400916297e-01, 3.375161576088e-03, 1.0286e+00, 4.8220e-03, 
 2DIAGNOSTIC,    14, -7.215636002031e-01, 2.086132234292e-03, 1.0351e+00, 6.4650e-03, 
 2DIAGNOSTIC,    15, -7.216047756117e-01, 9.999720292777e-04, 1.0403e+00, 5.2469e-03, 
 2DIAGNOSTIC,    16, -7.214641373191e-01, 2.618238358203e-04, 1.0459e+00, 5.5630e-03, 
 2DIAGNOSTIC,    17, -7.211176400711e-01, 6.941773575583e-05, 1.0513e+00, 5.3880e-03, 
 2DIAGNOSTIC,    18, -7.211914721099e-01, 1.444546562545e-05, 1.0566e+00, 5.3241e-03, 
DIAGNOSTIC,Iteration,metricValue,convergenceValue,ITERATION_TIME_INDEX,SINCE_LAST
 2DIAGNOSTIC,     1, -5.939626659801e-01, 1.797693134862e+308, 1.8444e+00, 7.8779e-01, 
 2DIAGNOSTIC,     2, -5.942791690777e-01, 1.797693134862e+308, 1.8894e+00, 4.4962e-02, 
 2DIAGNOSTIC,     3, -5.946068662398e-01, 1.797693134862e+308, 1.9285e+00, 3.9097e-02, 
 2DIAGNOSTIC,     4, -5.946958953426e-01, 1.797693134862e+308, 1.9679e+00, 3.9441e-02, 
 2DIAGNOSTIC,     5, -5.947392147578e-01, 1.797693134862e+308, 2.0098e+00, 4.1913e-02, 
 2DIAGNOSTIC,     6, -5.947570025942e-01, 1.797693134862e+308, 2.0515e+00, 4.1677e-02, 
 2DIAGNOSTIC,     7, -5.947392296724e-01, 1.797693134862e+308, 2.0892e+00, 3.7700e-02, 
 2DIAGNOSTIC,     8, -5.947305083945e-01, 1.797693134862e+308, 2.1275e+00, 3.8352e-02, 
 2DIAGNOSTIC,     9, -5.947196369694e-01, 1.797693134862e+308, 2.1698e+00, 4.2269e-02, 
 2DIAGNOSTIC,    10, -5.947037601192e-01, 6.225399616445e-05, 2.2091e+00, 3.9328e-02, 
 2DIAGNOSTIC,    11, -5.946857598536e-01, 2.465818182822e-05, 2.2472e+00, 3.8022e-02, 
 2DIAGNOSTIC,    12, -5.946944995007e-01, 4.045427640431e-06, 2.3026e+00, 5.5412e-02, 
DIAGNOSTIC,Iteration,metricValue,convergenceValue,ITERATION_TIME_INDEX,SINCE_LAST
 2DIAGNOSTIC,     1, -5.235360562922e-01, 1.797693134862e+308, 3.4508e+00, 1.1483e+00, 
 2DIAGNOSTIC,     2, -5.237040687971e-01, 1.797693134862e+308, 3.7589e+00, 3.0811e-01, 
 2DIAGNOSTIC,     3, -5.237970955749e-01, 1.797693134862e+308, 4.1270e+00, 3.6810e-01, 
 2DIAGNOSTIC,     4, -5.238287154978e-01, 1.797693134862e+308, 4.4705e+00, 3.4350e-01, 
 2DIAGNOSTIC,     5, -5.238105808550e-01, 1.797693134862e+308, 4.8181e+00, 3.4755e-01, 
 2DIAGNOSTIC,     6, -5.238304860352e-01, 1.797693134862e+308, 5.1396e+00, 3.2151e-01, 
 2DIAGNOSTIC,     7, -5.238889286158e-01, 1.797693134862e+308, 5.4709e+00, 3.3133e-01, 
 2DIAGNOSTIC,     8, -5.240084485673e-01, 1.797693134862e+308, 5.8083e+00, 3.3737e-01, 
 2DIAGNOSTIC,     9, -5.242228228993e-01, 1.797693134862e+308, 6.1288e+00, 3.2046e-01, 
 2DIAGNOSTIC,    10, -5.247992902057e-01, 1.060377531445e-04, 6.4586e+00, 3.2984e-01, 
 2DIAGNOSTIC,    11, -5.257528056724e-01, 1.657173689521e-04, 6.7917e+00, 3.3311e-01, 
 2DIAGNOSTIC,    12, -5.265453350828e-01, 2.432441273135e-04, 7.1651e+00, 3.7343e-01, 
 2DIAGNOSTIC,    13, -5.267743847771e-01, 3.002613483460e-04, 7.4422e+00, 2.7709e-01, 
 2DIAGNOSTIC,    14, -5.275629435362e-01, 3.542975400688e-04, 7.7328e+00, 2.9055e-01, 
 2DIAGNOSTIC,    15, -5.286757443969e-01, 4.077386976745e-04, 8.0056e+00, 2.7286e-01, 
 2DIAGNOSTIC,    16, -5.324390188930e-01, 5.437418256730e-04, 8.4642e+00, 4.5858e-01, 
 2DIAGNOSTIC,    17, -5.326771832361e-01, 6.202423746467e-04, 8.7515e+00, 2.8732e-01, 
 2DIAGNOSTIC,    18, -5.333236778828e-01, 6.558896307075e-04, 9.0275e+00, 2.7602e-01, 
 2DIAGNOSTIC,    19, -5.335666032668e-01, 6.411399319207e-04, 9.6669e+00, 6.3931e-01, 
 2DIAGNOSTIC,    20, -5.335556811999e-01, 5.825323047969e-04, 1.0094e+01, 4.2707e-01, 
 2DIAGNOSTIC,    21, -5.335563063262e-01, 4.983869766760e-04, 1.0508e+01, 4.1412e-01, 
 2DIAGNOSTIC,    22, -5.335576522993e-01, 3.951548495122e-04, 1.0994e+01, 4.8636e-01, 
 2DIAGNOSTIC,    23, -5.335574674725e-01, 2.704560451897e-04, 1.1382e+01, 3.8741e-01, 
 2DIAGNOSTIC,    24, -5.335564443463e-01, 1.489497800257e-04, 1.1824e+01, 4.4250e-01, 
 2DIAGNOSTIC,    25, -5.335558356251e-01, 4.528857261575e-05, 1.2211e+01, 3.8631e-01, 
 2DIAGNOSTIC,    26, -5.335550910320e-01, 2.346086509872e-05, 1.2600e+01, 3.8974e-01, 
 2DIAGNOSTIC,    27, -5.335542115143e-01, 5.581354639891e-06, 1.2946e+01, 3.4603e-01, 
DIAGNOSTIC,Iteration,metricValue,convergenceValue,ITERATION_TIME_INDEX,SINCE_LAST
 2DIAGNOSTIC,     1, -4.889543286808e-01, 1.797693134862e+308, 1.6351e+01, 3.4045e+00, 
 2DIAGNOSTIC,     2, -4.891027408443e-01, 1.797693134862e+308, 1.8461e+01, 2.1100e+00, 
 2DIAGNOSTIC,     3, -4.892513917214e-01, 1.797693134862e+308, 2.0586e+01, 2.1251e+00, 
 2DIAGNOSTIC,     4, -4.892993187346e-01, 1.797693134862e+308, 2.2953e+01, 2.3666e+00, 
 2DIAGNOSTIC,     5, -4.892994123872e-01, 1.797693134862e+308, 2.5810e+01, 2.8579e+00, 
 2DIAGNOSTIC,     6, -4.893009062047e-01, 1.797693134862e+308, 2.7613e+01, 1.8028e+00, 
 2DIAGNOSTIC,     7, -4.893002189545e-01, 1.797693134862e+308, 2.9857e+01, 2.2441e+00, 
 2DIAGNOSTIC,     8, -4.893001439783e-01, 1.797693134862e+308, 3.3171e+01, 3.3137e+00, 
 2DIAGNOSTIC,     9, -4.893002454936e-01, 1.797693134862e+308, 3.5886e+01, 2.7147e+00, 
 2DIAGNOSTIC,    10, -4.893000196678e-01, 3.531319932257e-05, 3.8000e+01, 2.1148e+00, 
 2DIAGNOSTIC,    11, -4.892994934318e-01, 1.557234599792e-05, 4.0109e+01, 2.1086e+00, 
 2DIAGNOSTIC,    12, -4.892994869926e-01, 4.991853931310e-06, 4.2753e+01, 2.6439e+00, 
 2DIAGNOSTIC,    13, -4.892992326084e-01, 2.398466298861e-06, 4.4854e+01, 2.1009e+00, 
 2DIAGNOSTIC,    14, -4.892992407703e-01, 2.169077831182e-06, 4.6681e+01, 1.8276e+00, 
 2DIAGNOSTIC,    15, -4.892990534825e-01, 1.974127772850e-06, 4.8729e+01, 2.0481e+00, 
 2DIAGNOSTIC,    16, -4.892988497041e-01, 1.864981843958e-06, 5.0620e+01, 1.8903e+00, 
 2DIAGNOSTIC,    17, -4.892988493452e-01, 1.756751720212e-06, 5.2477e+01, 1.8576e+00, 
 2DIAGNOSTIC,    18, -4.892988105144e-01, 1.666959529453e-06, 5.4689e+01, 2.2112e+00, 
 2DIAGNOSTIC,    19, -4.892987295399e-01, 1.596528915175e-06, 5.6532e+01, 1.8432e+00, 
 2DIAGNOSTIC,    20, -4.892986485625e-01, 1.531941003954e-06, 5.8263e+01, 1.7315e+00, 
 2DIAGNOSTIC,    21, -4.892984779570e-01, 1.459751049364e-06, 6.0130e+01, 1.8666e+00, 
 2DIAGNOSTIC,    22, -4.892984163097e-01, 1.397677406256e-06, 6.2353e+01, 2.2235e+00, 
 2DIAGNOSTIC,    23, -4.892983546494e-01, 1.337376071678e-06, 6.4318e+01, 1.9644e+00, 
 2DIAGNOSTIC,    24, -4.892984346008e-01, 1.288591494071e-06, 6.6202e+01, 1.8837e+00, 
 2DIAGNOSTIC,    25, -4.892983772619e-01, 1.241570683208e-06, 6.8218e+01, 2.0160e+00, 
 2DIAGNOSTIC,    26, -4.892983297452e-01, 1.195529844886e-06, 7.0113e+01, 1.8957e+00, 
 2DIAGNOSTIC,    27, -4.892984338130e-01, 1.157824608071e-06, 7.2038e+01, 1.9248e+00, 
 2DIAGNOSTIC,    28, -4.892983397991e-01, 1.121875650642e-06, 7.4078e+01, 2.0399e+00, 
 2DIAGNOSTIC,    29, -4.892982693413e-01, 1.086748325461e-06, 7.6167e+01, 2.0885e+00, 
 2DIAGNOSTIC,    30, -4.892982688629e-01, 1.053476350897e-06, 7.8039e+01, 1.8723e+00, 
 2DIAGNOSTIC,    31, -4.892982555240e-01, 1.019568009047e-06, 7.9916e+01, 1.8768e+00, 
  Elapsed time (stage 0): 8.1106e+01


Total elapsed time: 8.1109e+01
Info [verificarlo]: loaded backend libinterflop_vprec.so
Info [interflop-vprec]: load backend with: 
Info [interflop-vprec]: precision-binary32 = 17
Info [interflop-vprec]: range-binary32 = 8
Info [interflop-vprec]: precision-binary64 = 17
Info [interflop-vprec]: range-binary64 = 8
Info [interflop-vprec]: mode = ob
Info [interflop-vprec]: error-mode = rel
Info [interflop-vprec]: max-abs-error-exponent = -1022
Info [interflop-vprec]: daz = false
Info [interflop-vprec]: ftz = false
Info [interflop-vprec]: 	instrument = none
