
##########################
# Experiment information #
##########################

EXPERIMENT_NAME: antsRegistration-r7-p9
VFC_BACKENDS: libinterflop_vprec.so --range-binary32=7 --precision-binary32=9 --range-binary64=7 --precision-binary64=9

SIF_IMG: /home/mdugre/projects/rrg-glatard/mdugre/containers/ants-vprec-no_metrics.simg

SUBJECT_ID: s020
INPUT_IMG: /home/mdugre/scratch/mri-registration-rp/datasets/ds004513/derivatives/mri-registration-rp/antsBrainExtraction/sub-s020/BrainExtractionBrain.nii.gz
OUTPUT_DIR: /home/mdugre/scratch/mri-registration-rp/datasets/ds004513/derivatives/mri-registration-rp/0001/antsRegistration-r7-p9/sub-s020

FIXED_IMG: /templateflow/tpl-MNI152NLin2009cAsym/tpl-MNI152NLin2009cAsym_res-01_desc-brain_T1w.nii.gz
DATA_DIR: /home/mdugre/scratch/mri-registration-rp/datasets/ds004513
TEMPLATEFLOW_DIR: /home/mdugre/projects/rrg-glatard/mdugre/templateflow
ITK_GLOBAL_DEFAULT_NUMBER_OF_THREADS: 16
##########################

Info [verificarlo]: loaded backend libinterflop_ieee.so
Info [interflop-ieee]: load backend with:
Info [interflop-ieee]: debug = false
Info [interflop-ieee]: debug-binary = false
Info [interflop-ieee]: no-backend-name = false
Info [interflop-ieee]: print-new-line = false
Info [interflop-ieee]: print-subnormal-normalized = false
Info [interflop-ieee]: count-op = false
All_Command_lines_OK
Using double precision for computations.
=============================================================================
The composite transform comprises the following transforms (in order): 
  1. Center of mass alignment using fixed image: /templateflow/tpl-MNI152NLin2009cAsym/tpl-MNI152NLin2009cAsym_res-01_desc-brain_T1w.nii.gz and moving image: /home/mdugre/scratch/mri-registration-rp/datasets/ds004513/derivatives/mri-registration-rp/antsBrainExtraction/sub-s020/BrainExtractionBrain.nii.gz (type = Euler3DTransform)
=============================================================================
  number of levels = 1
  fixed image: /templateflow/tpl-MNI152NLin2009cAsym/tpl-MNI152NLin2009cAsym_res-01_desc-brain_T1w.nii.gz
  moving image: /home/mdugre/scratch/mri-registration-rp/datasets/ds004513/derivatives/mri-registration-rp/antsBrainExtraction/sub-s020/BrainExtractionBrain.nii.gz
Dimension = 3
Number of stages = 1
Use histogram matching = false
Winsorize image intensities = true
  Lower quantile = 0.005
  Upper quantile = 0.995


Stage 1 State
   Image metric = MattesMI
     Fixed image = Image (0x5134bd0)
  RTTI typeinfo:   itk::Image<double, 3u>
  Reference Count: 2
  Modified Time: 2334
  Debug: Off
  Object Name: 
  Observers: 
    none
  Source: (none)
  Source output name: (none)
  Release Data: Off
  Data Released: False
  Global Release Data: Off
  PipelineMTime: 0
  UpdateMTime: 1943
  RealTimeStamp: 0 seconds 
  LargestPossibleRegion: 
    Dimension: 3
    Index: [0, 0, 0]
    Size: [193, 229, 193]
  BufferedRegion: 
    Dimension: 3
    Index: [0, 0, 0]
    Size: [193, 229, 193]
  RequestedRegion: 
    Dimension: 3
    Index: [0, 0, 0]
    Size: [193, 229, 193]
  Spacing: [1, 1, 1]
  Origin: [96, 132, -78]
  Direction: 
-1 0 0
0 -1 0
0 0 1

  IndexToPointMatrix: 
-1 0 0
0 -1 0
0 0 1

  PointToIndexMatrix: 
-1 0 0
0 -1 0
0 0 1

  Inverse Direction: 
-1 0 0
0 -1 0
0 0 1

  PixelContainer: 
    ImportImageContainer (0x513d9e0)
      RTTI typeinfo:   itk::ImportImageContainer<unsigned long, double>
      Reference Count: 1
      Modified Time: 1940
      Debug: Off
      Object Name: 
      Observers: 
        none
      Pointer: 0x1479d0767010
      Container manages memory: true
      Size: 8530021
      Capacity: 8530021

     Moving image = Image (0x513ebd0)
  RTTI typeinfo:   itk::Image<double, 3u>
  Reference Count: 2
  Modified Time: 2335
  Debug: Off
  Object Name: 
  Observers: 
    none
  Source: (none)
  Source output name: (none)
  Release Data: Off
  Data Released: False
  Global Release Data: Off
  PipelineMTime: 0
  UpdateMTime: 2332
  RealTimeStamp: 0 seconds 
  LargestPossibleRegion: 
    Dimension: 3
    Index: [0, 0, 0]
    Size: [160, 240, 256]
  BufferedRegion: 
    Dimension: 3
    Index: [0, 0, 0]
    Size: [160, 240, 256]
  RequestedRegion: 
    Dimension: 3
    Index: [0, 0, 0]
    Size: [160, 240, 256]
  Spacing: [0.999995, 1, 1]
  Origin: [87.0906, 98.7205, -152.377]
  Direction: 
-0.996975 0.0261379 -0.0731913
-0.0260677 -0.999658 -0.00191374
-0.0732163 -2.46403e-08 0.997316

  IndexToPointMatrix: 
-0.996971 0.0261379 -0.0731913
-0.0260676 -0.999658 -0.00191374
-0.0732159 -2.46403e-08 0.997316

  PointToIndexMatrix: 
-0.99698 -0.0260679 -0.0732166
0.0261379 -0.999658 -2.46993e-08
-0.0731913 -0.00191374 0.997316

  Inverse Direction: 
-0.996975 -0.0260677 -0.0732163
0.0261379 -0.999658 -2.46993e-08
-0.0731913 -0.00191374 0.997316

  PixelContainer: 
    ImportImageContainer (0x52c4b50)
      RTTI typeinfo:   itk::ImportImageContainer<unsigned long, double>
      Reference Count: 1
      Modified Time: 2329
      Debug: Off
      Object Name: 
      Observers: 
        none
      Pointer: 0x1479cbc66010
      Container manages memory: true
      Size: 9830400
      Capacity: 9830400

     Weighting = 1
     Sampling strategy = regular
     Number of bins = 32
     Radius = 4
     Sampling percentage  = 0.25
   Transform = Rigid
     Gradient step = 0.1
     Update field sigma (voxel space) = 0
     Total field sigma (voxel space) = 0
     Update field time sigma = 0
     Total field time sigma  = 0
     Number of time indices = 0
     Number of time point samples = 0
Registration using 1 total stages.

Stage 0
  iterations = 0
  convergence threshold = 1e-06
  convergence window size = 10
  number of levels = 1
  using the Mattes MI metric (number of bins = 32, weight = 1, use gradient filter = 0)
  preprocessing:  winsorizing the image intensities
  Shrink factors (level 1 out of 1): [1, 1, 1]
  smoothing sigmas per level: [0]
  regular sampling (percentage = 0.25)

*** Running Euler3DTransform registration ***

  Elapsed time (stage 0): 1.14871


Total elapsed time: 1.15087
Info [verificarlo]: loaded backend libinterflop_ieee.so
Info [interflop-ieee]: load backend with:
Info [interflop-ieee]: debug = false
Info [interflop-ieee]: debug-binary = false
Info [interflop-ieee]: no-backend-name = false
Info [interflop-ieee]: print-new-line = false
Info [interflop-ieee]: print-subnormal-normalized = false
Info [interflop-ieee]: count-op = false
All_Command_lines_OK
Using double precision for computations.
=============================================================================
The composite transform comprises the following transforms (in order): 
  1. /home/mdugre/scratch/mri-registration-rp/datasets/ds004513/derivatives/mri-registration-rp/0001/antsRegistration-r7-p9/sub-s020/align_Composite.h5[0] (type = Euler3DTransform)
  2. /home/mdugre/scratch/mri-registration-rp/datasets/ds004513/derivatives/mri-registration-rp/0001/antsRegistration-r7-p9/sub-s020/align_Composite.h5[1] (type = Euler3DTransform)
=============================================================================
  number of levels = 4
  fixed image: /templateflow/tpl-MNI152NLin2009cAsym/tpl-MNI152NLin2009cAsym_res-01_desc-brain_T1w.nii.gz
  moving image: /home/mdugre/scratch/mri-registration-rp/datasets/ds004513/derivatives/mri-registration-rp/antsBrainExtraction/sub-s020/BrainExtractionBrain.nii.gz
Dimension = 3
Number of stages = 1
Use histogram matching = false
Winsorize image intensities = true
  Lower quantile = 0.005
  Upper quantile = 0.995


Stage 1 State
   Image metric = MattesMI
     Fixed image = Image (0x4191530)
  RTTI typeinfo:   itk::Image<double, 3u>
  Reference Count: 2
  Modified Time: 1580
  Debug: Off
  Object Name: 
  Observers: 
    none
  Source: (none)
  Source output name: (none)
  Release Data: Off
  Data Released: False
  Global Release Data: Off
  PipelineMTime: 0
  UpdateMTime: 1189
  RealTimeStamp: 0 seconds 
  LargestPossibleRegion: 
    Dimension: 3
    Index: [0, 0, 0]
    Size: [193, 229, 193]
  BufferedRegion: 
    Dimension: 3
    Index: [0, 0, 0]
    Size: [193, 229, 193]
  RequestedRegion: 
    Dimension: 3
    Index: [0, 0, 0]
    Size: [193, 229, 193]
  Spacing: [1, 1, 1]
  Origin: [96, 132, -78]
  Direction: 
-1 0 0
0 -1 0
0 0 1

  IndexToPointMatrix: 
-1 0 0
0 -1 0
0 0 1

  PointToIndexMatrix: 
-1 0 0
0 -1 0
0 0 1

  Inverse Direction: 
-1 0 0
0 -1 0
0 0 1

  PixelContainer: 
    ImportImageContainer (0x424fd60)
      RTTI typeinfo:   itk::ImportImageContainer<unsigned long, double>
      Reference Count: 1
      Modified Time: 1186
      Debug: Off
      Object Name: 
      Observers: 
        none
      Pointer: 0x1473acaf5010
      Container manages memory: true
      Size: 8530021
      Capacity: 8530021

     Moving image = Image (0x4241f60)
  RTTI typeinfo:   itk::Image<double, 3u>
  Reference Count: 2
  Modified Time: 1581
  Debug: Off
  Object Name: 
  Observers: 
    none
  Source: (none)
  Source output name: (none)
  Release Data: Off
  Data Released: False
  Global Release Data: Off
  PipelineMTime: 0
  UpdateMTime: 1578
  RealTimeStamp: 0 seconds 
  LargestPossibleRegion: 
    Dimension: 3
    Index: [0, 0, 0]
    Size: [160, 240, 256]
  BufferedRegion: 
    Dimension: 3
    Index: [0, 0, 0]
    Size: [160, 240, 256]
  RequestedRegion: 
    Dimension: 3
    Index: [0, 0, 0]
    Size: [160, 240, 256]
  Spacing: [0.999995, 1, 1]
  Origin: [87.0906, 98.7205, -152.377]
  Direction: 
-0.996975 0.0261379 -0.0731913
-0.0260677 -0.999658 -0.00191374
-0.0732163 -2.46403e-08 0.997316

  IndexToPointMatrix: 
-0.996971 0.0261379 -0.0731913
-0.0260676 -0.999658 -0.00191374
-0.0732159 -2.46403e-08 0.997316

  PointToIndexMatrix: 
-0.99698 -0.0260679 -0.0732166
0.0261379 -0.999658 -2.46993e-08
-0.0731913 -0.00191374 0.997316

  Inverse Direction: 
-0.996975 -0.0260677 -0.0732163
0.0261379 -0.999658 -2.46993e-08
-0.0731913 -0.00191374 0.997316

  PixelContainer: 
    ImportImageContainer (0x42336d0)
      RTTI typeinfo:   itk::ImportImageContainer<unsigned long, double>
      Reference Count: 1
      Modified Time: 1575
      Debug: Off
      Object Name: 
      Observers: 
        none
      Pointer: 0x1473a7ff4010
      Container manages memory: true
      Size: 9830400
      Capacity: 9830400

     Weighting = 1
     Sampling strategy = regular
     Number of bins = 32
     Radius = 4
     Sampling percentage  = 0.25
   Transform = Rigid
     Gradient step = 0.1
     Update field sigma (voxel space) = 0
     Total field sigma (voxel space) = 0
     Update field time sigma = 0
     Total field time sigma  = 0
     Number of time indices = 0
     Number of time point samples = 0
Registration using 1 total stages.

Stage 0
  iterations = 1000x500x250x100
  convergence threshold = 1e-06
  convergence window size = 10
  number of levels = 4
  using the Mattes MI metric (number of bins = 32, weight = 1, use gradient filter = 0)
  preprocessing:  winsorizing the image intensities
  Shrink factors (level 1 out of 4): [8, 8, 8]
  Shrink factors (level 2 out of 4): [4, 4, 4]
  Shrink factors (level 3 out of 4): [2, 2, 2]
  Shrink factors (level 4 out of 4): [1, 1, 1]
  smoothing sigmas per level: [3, 2, 1, 0]
  regular sampling (percentage = 0.25)

*** Running Euler3DTransform registration ***

DIAGNOSTIC,Iteration,metricValue,convergenceValue,ITERATION_TIME_INDEX,SINCE_LAST
 2DIAGNOSTIC,     1, -3.791273390751e-01, 1.797693134862e+308, 7.5423e-01, 7.5423e-01, 
 2DIAGNOSTIC,     2, -3.803606001643e-01, 1.797693134862e+308, 7.5912e-01, 4.8859e-03, 
 2DIAGNOSTIC,     3, -3.828962034719e-01, 1.797693134862e+308, 7.6376e-01, 4.6391e-03, 
 2DIAGNOSTIC,     4, -3.876122532015e-01, 1.797693134862e+308, 7.6842e-01, 4.6620e-03, 
 2DIAGNOSTIC,     5, -3.904935334081e-01, 1.797693134862e+308, 7.7429e-01, 5.8730e-03, 
 2DIAGNOSTIC,     6, -3.911039700181e-01, 1.797693134862e+308, 7.7889e-01, 4.5979e-03, 
 2DIAGNOSTIC,     7, -3.914905453856e-01, 1.797693134862e+308, 7.8351e-01, 4.6170e-03, 
 2DIAGNOSTIC,     8, -3.925629083064e-01, 1.797693134862e+308, 7.8830e-01, 4.7970e-03, 
 2DIAGNOSTIC,     9, -3.981570789235e-01, 1.797693134862e+308, 7.9331e-01, 5.0070e-03, 
 2DIAGNOSTIC,    10, -4.079218556696e-01, 3.866687266231e-03, 7.9980e-01, 6.4859e-03, 
 2DIAGNOSTIC,    11, -4.246779602407e-01, 4.904320352957e-03, 8.0534e-01, 5.5451e-03, 
 2DIAGNOSTIC,    12, -4.297045200929e-01, 5.673254149497e-03, 8.1030e-01, 4.9610e-03, 
 2DIAGNOSTIC,    13, -4.335692915515e-01, 6.156954111678e-03, 8.1586e-01, 5.5580e-03, 
 2DIAGNOSTIC,    14, -4.439932007375e-01, 6.764094567474e-03, 8.2076e-01, 4.8931e-03, 
 2DIAGNOSTIC,    15, -4.466217674489e-01, 6.904768050921e-03, 8.2645e-01, 5.6949e-03, 
 2DIAGNOSTIC,    16, -4.513528166462e-01, 6.619270361176e-03, 8.3149e-01, 5.0390e-03, 
 2DIAGNOSTIC,    17, -4.528510994527e-01, 5.844785613835e-03, 8.3701e-01, 5.5249e-03, 
 2DIAGNOSTIC,    18, -4.555717392097e-01, 4.777374782877e-03, 8.4398e-01, 6.9671e-03, 
 2DIAGNOSTIC,    19, -4.559551100781e-01, 3.601534538314e-03, 8.4861e-01, 4.6279e-03, 
 2DIAGNOSTIC,    20, -4.573566724150e-01, 2.586717374068e-03, 8.5566e-01, 7.0531e-03, 
 2DIAGNOSTIC,    21, -4.575250083043e-01, 1.982979038578e-03, 8.6029e-01, 4.6270e-03, 
 2DIAGNOSTIC,    22, -4.577284160327e-01, 1.415648258363e-03, 8.6558e-01, 5.2950e-03, 
 2DIAGNOSTIC,    23, -4.579446255667e-01, 8.825896584408e-04, 8.7017e-01, 4.5879e-03, 
 2DIAGNOSTIC,    24, -4.580221777478e-01, 6.077392673103e-04, 8.7471e-01, 4.5371e-03, 
 2DIAGNOSTIC,    25, -4.581755569847e-01, 3.715345200924e-04, 8.7936e-01, 4.6501e-03, 
 2DIAGNOSTIC,    26, -4.586246185937e-01, 2.524011438240e-04, 8.8388e-01, 4.5240e-03, 
 2DIAGNOSTIC,    27, -4.589286584630e-01, 1.618395647833e-04, 8.9095e-01, 7.0670e-03, 
 2DIAGNOSTIC,    28, -4.591715223518e-01, 1.332341561519e-04, 8.9568e-01, 4.7281e-03, 
 2DIAGNOSTIC,    29, -4.592804360452e-01, 1.047433554681e-04, 9.0121e-01, 5.5330e-03, 
 2DIAGNOSTIC,    30, -4.597210539491e-01, 1.089965641608e-04, 9.0768e-01, 6.4640e-03, 
 2DIAGNOSTIC,    31, -4.598052905726e-01, 1.077315503490e-04, 9.1241e-01, 4.7300e-03, 
 2DIAGNOSTIC,    32, -4.606515532570e-01, 1.178654380614e-04, 9.1767e-01, 5.2669e-03, 
 2DIAGNOSTIC,    33, -4.610442721303e-01, 1.280792521914e-04, 9.2245e-01, 4.7781e-03, 
 2DIAGNOSTIC,    34, -4.611903514363e-01, 1.299506134380e-04, 9.2728e-01, 4.8308e-03, 
 2DIAGNOSTIC,    35, -4.615615879645e-01, 1.292722885203e-04, 9.3282e-01, 5.5420e-03, 
 2DIAGNOSTIC,    36, -4.621296784487e-01, 1.346242413176e-04, 9.3919e-01, 6.3629e-03, 
 2DIAGNOSTIC,    37, -4.627564286374e-01, 1.429035163843e-04, 9.4413e-01, 4.9441e-03, 
 2DIAGNOSTIC,    38, -4.631662522348e-01, 1.481676262364e-04, 9.4954e-01, 5.4128e-03, 
 2DIAGNOSTIC,    39, -4.636670409456e-01, 1.492948181560e-04, 9.5732e-01, 7.7758e-03, 
 2DIAGNOSTIC,    40, -4.638099587369e-01, 1.457694970169e-04, 9.6215e-01, 4.8349e-03, 
 2DIAGNOSTIC,    41, -4.639956254950e-01, 1.325241891917e-04, 9.6697e-01, 4.8170e-03, 
 2DIAGNOSTIC,    42, -4.641759529875e-01, 1.229641814652e-04, 9.7179e-01, 4.8220e-03, 
 2DIAGNOSTIC,    43, -4.642638713993e-01, 1.093903691031e-04, 9.7666e-01, 4.8680e-03, 
 2DIAGNOSTIC,    44, -4.643975190704e-01, 9.016935238489e-05, 9.8167e-01, 5.0080e-03, 
 2DIAGNOSTIC,    45, -4.646345545504e-01, 7.190219245627e-05, 9.8671e-01, 5.0409e-03, 
 2DIAGNOSTIC,    46, -4.652186492333e-01, 6.358086373313e-05, 9.9204e-01, 5.3298e-03, 
 2DIAGNOSTIC,    47, -4.655016228594e-01, 6.178308671568e-05, 9.9946e-01, 7.4170e-03, 
 2DIAGNOSTIC,    48, -4.655638178395e-01, 6.039954096970e-05, 1.0044e+00, 4.9129e-03, 
 2DIAGNOSTIC,    49, -4.655858459504e-01, 6.030907302332e-05, 1.0093e+00, 4.9100e-03, 
 2DIAGNOSTIC,    50, -4.657210305944e-01, 5.802373468291e-05, 1.0141e+00, 4.8082e-03, 
 2DIAGNOSTIC,    51, -4.670841492323e-01, 6.954185809232e-05, 1.0195e+00, 5.4340e-03, 
 2DIAGNOSTIC,    52, -4.675684962811e-01, 8.164744851866e-05, 1.0249e+00, 5.4128e-03, 
 2DIAGNOSTIC,    53, -4.680621984680e-01, 9.264012928715e-05, 1.0310e+00, 6.0289e-03, 
 2DIAGNOSTIC,    54, -4.687086190424e-01, 1.037935953428e-04, 1.0360e+00, 5.0139e-03, 
 2DIAGNOSTIC,    55, -4.689515498667e-01, 1.098942450232e-04, 1.0415e+00, 5.5430e-03, 
 2DIAGNOSTIC,    56, -4.694199499366e-01, 1.169651028173e-04, 1.0470e+00, 5.5151e-03, 
 2DIAGNOSTIC,    57, -4.696247935182e-01, 1.178807048809e-04, 1.0517e+00, 4.7121e-03, 
 2DIAGNOSTIC,    58, -4.705388849803e-01, 1.183403955755e-04, 1.0566e+00, 4.8280e-03, 
 2DIAGNOSTIC,    59, -4.728349294224e-01, 1.322866252111e-04, 1.0633e+00, 6.7649e-03, 
 2DIAGNOSTIC,    60, -4.752125163884e-01, 1.587194964373e-04, 1.0682e+00, 4.8509e-03, 
 2DIAGNOSTIC,    61, -4.760461363608e-01, 1.914923167298e-04, 1.0748e+00, 6.6481e-03, 
 2DIAGNOSTIC,    62, -4.761422957090e-01, 2.110268603795e-04, 1.0797e+00, 4.8230e-03, 
 2DIAGNOSTIC,    63, -4.763141403836e-01, 2.164696470794e-04, 1.0848e+00, 5.1141e-03, 
 2DIAGNOSTIC,    64, -4.763918393388e-01, 2.077153696519e-04, 1.0892e+00, 4.4248e-03, 
 2DIAGNOSTIC,    65, -4.764694736628e-01, 1.819682989610e-04, 1.0942e+00, 4.9629e-03, 
 2DIAGNOSTIC,    66, -4.766418138565e-01, 1.458967767479e-04, 1.1001e+00, 5.8990e-03, 
 2DIAGNOSTIC,    67, -4.766754142543e-01, 9.950817312440e-05, 1.1044e+00, 4.3440e-03, 
 2DIAGNOSTIC,    68, -4.767153456240e-01, 5.362330547154e-05, 1.1092e+00, 4.7588e-03, 
 2DIAGNOSTIC,    69, -4.767778633427e-01, 2.499570950431e-05, 1.1147e+00, 5.5780e-03, 
 2DIAGNOSTIC,    70, -4.767985820706e-01, 1.618519911466e-05, 1.1199e+00, 5.1210e-03, 
 2DIAGNOSTIC,    71, -4.768302737803e-01, 1.375556271200e-05, 1.1249e+00, 5.0800e-03, 
 2DIAGNOSTIC,    72, -4.768538630731e-01, 1.112730254471e-05, 1.1300e+00, 5.0850e-03, 
 2DIAGNOSTIC,    73, -4.768910405631e-01, 9.346066513895e-06, 1.1345e+00, 4.4999e-03, 
 2DIAGNOSTIC,    74, -4.771223173651e-01, 9.363812145519e-06, 1.1396e+00, 5.0950e-03, 
 2DIAGNOSTIC,    75, -4.771346972118e-01, 9.186204615638e-06, 1.1448e+00, 5.1570e-03, 
 2DIAGNOSTIC,    76, -4.771591491179e-01, 9.813643202232e-06, 1.1496e+00, 4.8108e-03, 
 2DIAGNOSTIC,    77, -4.770965876779e-01, 9.304838004426e-06, 1.1548e+00, 5.1830e-03, 
 2DIAGNOSTIC,    78, -4.772672281303e-01, 9.637360078561e-06, 1.1609e+00, 6.1240e-03, 
 2DIAGNOSTIC,    79, -4.772037392802e-01, 8.992235524526e-06, 1.1658e+00, 4.8728e-03, 
 2DIAGNOSTIC,    80, -4.772061823194e-01, 7.730297729963e-06, 1.1704e+00, 4.5862e-03, 
 2DIAGNOSTIC,    81, -4.772096076659e-01, 6.105730236428e-06, 1.1756e+00, 5.2299e-03, 
 2DIAGNOSTIC,    82, -4.772111095048e-01, 4.172087652455e-06, 1.1810e+00, 5.3809e-03, 
 2DIAGNOSTIC,    83, -4.773563000278e-01, 3.228512776279e-06, 1.1880e+00, 7.0479e-03, 
 2DIAGNOSTIC,    84, -4.773595021588e-01, 3.737867653904e-06, 1.1932e+00, 5.1398e-03, 
 2DIAGNOSTIC,    85, -4.773597097634e-01, 4.027338349808e-06, 1.1977e+00, 4.5321e-03, 
 2DIAGNOSTIC,    86, -4.773601470353e-01, 4.175572963470e-06, 1.2023e+00, 4.5922e-03, 
 2DIAGNOSTIC,    87, -4.773619189473e-01, 3.475732944002e-06, 1.2069e+00, 4.5879e-03, 
 2DIAGNOSTIC,    88, -4.773655997143e-01, 3.719792197992e-06, 1.2114e+00, 4.5419e-03, 
 2DIAGNOSTIC,    89, -4.773720876097e-01, 3.232565058065e-06, 1.2161e+00, 4.6918e-03, 
 2DIAGNOSTIC,    90, -4.774006056305e-01, 2.708511098071e-06, 1.2212e+00, 5.1310e-03, 
 2DIAGNOSTIC,    91, -4.774071117528e-01, 2.045164362790e-06, 1.2268e+00, 5.6150e-03, 
 2DIAGNOSTIC,    92, -4.774225719743e-01, 1.322279314032e-06, 1.2315e+00, 4.6048e-03, 
 2DIAGNOSTIC,    93, -4.774436224597e-01, 1.629898166584e-06, 1.2363e+00, 4.8060e-03, 
 2DIAGNOSTIC,    94, -4.780382940905e-01, 5.744162011503e-06, 1.2410e+00, 4.7040e-03, 
 2DIAGNOSTIC,    95, -4.793189768189e-01, 1.748422956686e-05, 1.2484e+00, 7.4821e-03, 
 2DIAGNOSTIC,    96, -4.794446131173e-01, 2.793496977940e-05, 1.2531e+00, 4.6468e-03, 
 2DIAGNOSTIC,    97, -4.795092709092e-01, 3.605254296468e-05, 1.2580e+00, 4.9500e-03, 
 2DIAGNOSTIC,    98, -4.796890342520e-01, 4.181323212111e-05, 1.2632e+00, 5.1639e-03, 
 2DIAGNOSTIC,    99, -4.803335539169e-01, 4.739128879096e-05, 1.2696e+00, 6.3629e-03, 
 2DIAGNOSTIC,   100, -4.808220112061e-01, 5.124931838667e-05, 1.2741e+00, 4.5090e-03, 
 2DIAGNOSTIC,   101, -4.809181024818e-01, 5.071995566372e-05, 1.2787e+00, 4.6191e-03, 
 2DIAGNOSTIC,   102, -4.810316310972e-01, 4.633845151407e-05, 1.2834e+00, 4.6630e-03, 
 2DIAGNOSTIC,   103, -4.812262322902e-01, 3.888585513449e-05, 1.2880e+00, 4.6661e-03, 
 2DIAGNOSTIC,   104, -4.831288273293e-01, 4.235756013199e-05, 1.2945e+00, 6.4311e-03, 
 2DIAGNOSTIC,   105, -4.833276524935e-01, 5.001543038410e-05, 1.2991e+00, 4.6260e-03, 
 2DIAGNOSTIC,   106, -4.834395987354e-01, 5.424840621170e-05, 1.3104e+00, 1.1335e-02, 
 2DIAGNOSTIC,   107, -4.837216042583e-01, 5.538683945003e-05, 1.3164e+00, 5.9562e-03, 
 2DIAGNOSTIC,   108, -4.838665264725e-01, 5.287397286040e-05, 1.3213e+00, 4.8881e-03, 
 2DIAGNOSTIC,   109, -4.844631143427e-01, 5.207677223928e-05, 1.3286e+00, 7.3800e-03, 
 2DIAGNOSTIC,   110, -4.846572341353e-01, 4.998405335705e-05, 1.3336e+00, 4.9870e-03, 
 2DIAGNOSTIC,   111, -4.849795009324e-01, 4.560226149329e-05, 1.3390e+00, 5.3551e-03, 
 2DIAGNOSTIC,   112, -4.853126607106e-01, 3.946037800139e-05, 1.3437e+00, 4.7638e-03, 
 2DIAGNOSTIC,   113, -4.858055240424e-01, 3.305514842444e-05, 1.3494e+00, 5.6610e-03, 
 2DIAGNOSTIC,   114, -4.859363840101e-01, 3.445777803754e-05, 1.3548e+00, 5.4152e-03, 
 2DIAGNOSTIC,   115, -4.865149443062e-01, 3.668951878402e-05, 1.3602e+00, 5.3968e-03, 
 2DIAGNOSTIC,   116, -4.868799625913e-01, 3.781643891313e-05, 1.3661e+00, 5.8539e-03, 
 2DIAGNOSTIC,   117, -4.872704066141e-01, 3.878863357199e-05, 1.3708e+00, 4.7350e-03, 
 2DIAGNOSTIC,   118, -4.878470915241e-01, 3.967020004510e-05, 1.3754e+00, 4.6060e-03, 
 2DIAGNOSTIC,   119, -4.881432542995e-01, 4.126997301173e-05, 1.3802e+00, 4.7460e-03, 
 2DIAGNOSTIC,   120, -4.902115188459e-01, 5.038867561254e-05, 1.3868e+00, 6.6111e-03, 
 2DIAGNOSTIC,   121, -4.907376791924e-01, 5.848944147545e-05, 1.3916e+00, 4.8709e-03, 
 2DIAGNOSTIC,   122, -4.912260532707e-01, 6.493087042996e-05, 1.3971e+00, 5.4550e-03, 
 2DIAGNOSTIC,   123, -4.914329402432e-01, 6.858376299715e-05, 1.4018e+00, 4.7309e-03, 
 2DIAGNOSTIC,   124, -4.916384976175e-01, 6.714693200948e-05, 1.4066e+00, 4.7362e-03, 
 2DIAGNOSTIC,   125, -4.921903547213e-01, 6.462615233344e-05, 1.4124e+00, 5.8751e-03, 
 2DIAGNOSTIC,   126, -4.925099676386e-01, 5.908763086049e-05, 1.4173e+00, 4.8180e-03, 
 2DIAGNOSTIC,   127, -4.929870664218e-01, 5.215508904017e-05, 1.4221e+00, 4.8268e-03, 
 2DIAGNOSTIC,   128, -4.966237618689e-01, 6.046459438136e-05, 1.4287e+00, 6.5670e-03, 
 2DIAGNOSTIC,   129, -4.997182796323e-01, 7.813408700096e-05, 1.4418e+00, 1.3165e-02, 
 2DIAGNOSTIC,   130, -4.997945329467e-01, 9.775558162456e-05, 1.4465e+00, 4.6952e-03, 
 2DIAGNOSTIC,   131, -4.998024097269e-01, 1.104378848744e-04, 1.4514e+00, 4.9140e-03, 
 2DIAGNOSTIC,   132, -4.998156563286e-01, 1.146931124737e-04, 1.4563e+00, 4.8611e-03, 
 2DIAGNOSTIC,   133, -4.998380803242e-01, 1.085148202656e-04, 1.4611e+00, 4.7729e-03, 
 2DIAGNOSTIC,   134, -4.998757640689e-01, 9.271305747915e-05, 1.4655e+00, 4.4611e-03, 
 2DIAGNOSTIC,   135, -4.999386034488e-01, 7.114665059937e-05, 1.4699e+00, 4.3921e-03, 
 2DIAGNOSTIC,   136, -5.000437459816e-01, 4.528944886704e-05, 1.4743e+00, 4.3731e-03, 
 2DIAGNOSTIC,   137, -5.002302263443e-01, 1.810440659033e-05, 1.4787e+00, 4.4601e-03, 
 2DIAGNOSTIC,   138, -5.005774873820e-01, 6.721824110982e-06, 1.4831e+00, 4.3480e-03, 
 2DIAGNOSTIC,   139, -5.013884833891e-01, 1.188640721301e-05, 1.4875e+00, 4.3750e-03, 
 2DIAGNOSTIC,   140, -5.026878341030e-01, 2.172235683601e-05, 1.4924e+00, 4.9160e-03, 
 2DIAGNOSTIC,   141, -5.027496904431e-01, 2.952050516988e-05, 1.4974e+00, 5.0042e-03, 
 2DIAGNOSTIC,   142, -5.027669192791e-01, 3.458705914620e-05, 1.5018e+00, 4.3879e-03, 
 2DIAGNOSTIC,   143, -5.027843365855e-01, 3.646772597428e-05, 1.5062e+00, 4.3850e-03, 
 2DIAGNOSTIC,   144, -5.028412495009e-01, 3.513034959128e-05, 1.5111e+00, 4.9469e-03, 
 2DIAGNOSTIC,   145, -5.030372864982e-01, 3.141468065731e-05, 1.5179e+00, 6.7651e-03, 
 2DIAGNOSTIC,   146, -5.029834744344e-01, 2.494436292795e-05, 1.5228e+00, 4.9551e-03, 
 2DIAGNOSTIC,   147, -5.028361729634e-01, 1.643339643310e-05, 1.5274e+00, 4.6048e-03, 
 2DIAGNOSTIC,   148, -5.028481044346e-01, 7.935607331344e-06, 1.5318e+00, 4.3671e-03, 
 2DIAGNOSTIC,   149, -5.028675931860e-01, 2.008862322648e-06, 1.5362e+00, 4.4150e-03, 
 2DIAGNOSTIC,   150, -5.029781099744e-01, 1.633330455121e-06, 1.5406e+00, 4.4060e-03, 
 2DIAGNOSTIC,   151, -5.029885113903e-01, 1.409540631771e-06, 1.5456e+00, 4.9260e-03, 
 2DIAGNOSTIC,   152, -5.030626776707e-01, 1.465430777736e-06, 1.5510e+00, 5.4021e-03, 
 2DIAGNOSTIC,   153, -5.029928425949e-01, 1.193267134132e-06, 1.5600e+00, 9.0001e-03, 
 2DIAGNOSTIC,   154, -5.029928502321e-01, 1.028014283665e-06, 1.5740e+00, 1.4088e-02, 
 2DIAGNOSTIC,   155, -5.029928502320e-01, 1.541412823080e-06, 1.5839e+00, 9.8121e-03, 
 2DIAGNOSTIC,   156, -5.029928502320e-01, 1.722085930319e-06, 1.5888e+00, 4.9698e-03, 
 2DIAGNOSTIC,   157, -5.029928502320e-01, 1.192412265753e-06, 1.5943e+00, 5.5230e-03, 
DIAGNOSTIC,Iteration,metricValue,convergenceValue,ITERATION_TIME_INDEX,SINCE_LAST
 2DIAGNOSTIC,     1, -4.067663234157e-01, 1.797693134862e+308, 2.3249e+00, 7.3055e-01, 
 2DIAGNOSTIC,     2, -4.073835878339e-01, 1.797693134862e+308, 2.3563e+00, 3.1411e-02, 
 2DIAGNOSTIC,     3, -4.081036037983e-01, 1.797693134862e+308, 2.3937e+00, 3.7389e-02, 
 2DIAGNOSTIC,     4, -4.088099248413e-01, 1.797693134862e+308, 2.4349e+00, 4.1192e-02, 
 2DIAGNOSTIC,     5, -4.091220006658e-01, 1.797693134862e+308, 2.4746e+00, 3.9671e-02, 
 2DIAGNOSTIC,     6, -4.095160179348e-01, 1.797693134862e+308, 2.5038e+00, 2.9291e-02, 
 2DIAGNOSTIC,     7, -4.110337687990e-01, 1.797693134862e+308, 2.5322e+00, 2.8378e-02, 
 2DIAGNOSTIC,     8, -4.116897976663e-01, 1.797693134862e+308, 2.5612e+00, 2.8996e-02, 
 2DIAGNOSTIC,     9, -4.126029680621e-01, 1.797693134862e+308, 2.5979e+00, 3.6652e-02, 
 2DIAGNOSTIC,    10, -4.138933992554e-01, 1.064592249086e-03, 2.6300e+00, 3.2097e-02, 
 2DIAGNOSTIC,    11, -4.142082484081e-01, 1.010182647350e-03, 2.6625e+00, 3.2483e-02, 
 2DIAGNOSTIC,    12, -4.147580656192e-01, 9.410132205199e-04, 2.6946e+00, 3.2163e-02, 
 2DIAGNOSTIC,    13, -4.151566590930e-01, 8.562394318133e-04, 2.7278e+00, 3.3210e-02, 
 2DIAGNOSTIC,    14, -4.155282075569e-01, 7.592604763382e-04, 2.7560e+00, 2.8209e-02, 
 2DIAGNOSTIC,    15, -4.159067754692e-01, 6.377726440664e-04, 2.7845e+00, 2.8489e-02, 
 2DIAGNOSTIC,    16, -4.166738685457e-01, 5.219633975467e-04, 2.8175e+00, 3.2988e-02, 
 2DIAGNOSTIC,    17, -4.172720649214e-01, 4.574578716329e-04, 2.8613e+00, 4.3742e-02, 
 2DIAGNOSTIC,    18, -4.174090648278e-01, 3.878241845374e-04, 2.8932e+00, 3.1995e-02, 
 2DIAGNOSTIC,    19, -4.178209743040e-01, 3.372095648176e-04, 2.9218e+00, 2.8579e-02, 
 2DIAGNOSTIC,    20, -4.179371547844e-01, 3.087022316612e-04, 2.9534e+00, 3.1547e-02, 
 2DIAGNOSTIC,    21, -4.179638299489e-01, 2.649527705439e-04, 2.9813e+00, 2.7917e-02, 
 2DIAGNOSTIC,    22, -4.181056046895e-01, 2.220263334700e-04, 3.0096e+00, 2.8297e-02, 
 2DIAGNOSTIC,    23, -4.187858242026e-01, 1.944062222872e-04, 3.0459e+00, 3.6269e-02, 
 2DIAGNOSTIC,    24, -4.194289887997e-01, 1.795580327370e-04, 3.0842e+00, 3.8341e-02, 
 2DIAGNOSTIC,    25, -4.194566713910e-01, 1.596757253655e-04, 3.1159e+00, 3.1688e-02, 
 2DIAGNOSTIC,    26, -4.194649917266e-01, 1.471116546413e-04, 3.1484e+00, 3.2530e-02, 
 2DIAGNOSTIC,    27, -4.194907628658e-01, 1.378114024932e-04, 3.1845e+00, 3.6131e-02, 
 2DIAGNOSTIC,    28, -4.194893126725e-01, 1.190175987073e-04, 3.2162e+00, 3.1679e-02, 
 2DIAGNOSTIC,    29, -4.194865922319e-01, 9.974722489339e-05, 3.2446e+00, 2.8354e-02, 
 2DIAGNOSTIC,    30, -4.194854150316e-01, 7.529573986771e-05, 3.2732e+00, 2.8644e-02, 
 2DIAGNOSTIC,    31, -4.194926869390e-01, 4.647866932210e-05, 3.3041e+00, 3.0873e-02, 
 2DIAGNOSTIC,    32, -4.194986427816e-01, 1.807754275670e-05, 3.3329e+00, 2.8852e-02, 
 2DIAGNOSTIC,    33, -4.195135417614e-01, 3.827898942883e-06, 3.3640e+00, 3.1003e-02, 
 2DIAGNOSTIC,    34, -4.195130243273e-01, 3.069772796120e-06, 3.3954e+00, 3.1449e-02, 
 2DIAGNOSTIC,    35, -4.195062599950e-01, 2.568751522991e-06, 3.4229e+00, 2.7512e-02, 
 2DIAGNOSTIC,    36, -4.195163765152e-01, 2.279096958668e-06, 3.4565e+00, 3.3584e-02, 
 2DIAGNOSTIC,    37, -4.195285673165e-01, 2.563679745163e-06, 3.4896e+00, 3.3119e-02, 
 2DIAGNOSTIC,    38, -4.195281997529e-01, 2.631272879593e-06, 3.5214e+00, 3.1747e-02, 
 2DIAGNOSTIC,    39, -4.195127760393e-01, 2.216423385416e-06, 3.5497e+00, 2.8310e-02, 
 2DIAGNOSTIC,    40, -4.195322526506e-01, 2.015932282849e-06, 3.5783e+00, 2.8658e-02, 
 2DIAGNOSTIC,    41, -4.195535164377e-01, 2.168959351734e-06, 3.6098e+00, 3.1516e-02, 
 2DIAGNOSTIC,    42, -4.195442665226e-01, 2.105762742198e-06, 3.6422e+00, 3.2381e-02, 
 2DIAGNOSTIC,    43, -4.195319472187e-01, 1.973387138990e-06, 3.6744e+00, 3.2149e-02, 
 2DIAGNOSTIC,    44, -4.195354919748e-01, 1.796654055284e-06, 3.7071e+00, 3.2691e-02, 
 2DIAGNOSTIC,    45, -4.195297068120e-01, 1.321748932463e-06, 3.7426e+00, 3.5508e-02, 
DIAGNOSTIC,Iteration,metricValue,convergenceValue,ITERATION_TIME_INDEX,SINCE_LAST
 2DIAGNOSTIC,     1, -3.596717320703e-01, 1.797693134862e+308, 4.8171e+00, 1.0746e+00, 
 2DIAGNOSTIC,     2, -3.598193189683e-01, 1.797693134862e+308, 5.0652e+00, 2.4801e-01, 
 2DIAGNOSTIC,     3, -3.599543808889e-01, 1.797693134862e+308, 5.3002e+00, 2.3502e-01, 
 2DIAGNOSTIC,     4, -3.600509897429e-01, 1.797693134862e+308, 5.5249e+00, 2.2472e-01, 
 2DIAGNOSTIC,     5, -3.601489689143e-01, 1.797693134862e+308, 5.7567e+00, 2.3177e-01, 
 2DIAGNOSTIC,     6, -3.603321224952e-01, 1.797693134862e+308, 6.0175e+00, 2.6086e-01, 
 2DIAGNOSTIC,     7, -3.607314336477e-01, 1.797693134862e+308, 6.5387e+00, 5.2121e-01, 
 2DIAGNOSTIC,     8, -3.607593228161e-01, 1.797693134862e+308, 6.7519e+00, 2.1312e-01, 
 2DIAGNOSTIC,     9, -3.607717344935e-01, 1.797693134862e+308, 6.9652e+00, 2.1331e-01, 
 2DIAGNOSTIC,    10, -3.608302170755e-01, 2.322162273454e-04, 7.1882e+00, 2.2298e-01, 
 2DIAGNOSTIC,    11, -3.609110272028e-01, 1.974676127003e-04, 7.4260e+00, 2.3786e-01, 
 2DIAGNOSTIC,    12, -3.610061218123e-01, 1.663585969699e-04, 7.7064e+00, 2.8042e-01, 
 2DIAGNOSTIC,    13, -3.610179035335e-01, 1.340837962381e-04, 8.0054e+00, 2.9892e-01, 
 2DIAGNOSTIC,    14, -3.610118959364e-01, 9.999614009527e-05, 8.2692e+00, 2.6383e-01, 
 2DIAGNOSTIC,    15, -3.610114473650e-01, 6.669312186813e-05, 8.6211e+00, 3.5195e-01, 
 2DIAGNOSTIC,    16, -3.610110134848e-01, 4.001236034851e-05, 9.0171e+00, 3.9600e-01, 
 2DIAGNOSTIC,    17, -3.610113724801e-01, 3.142354883215e-05, 9.3607e+00, 3.4358e-01, 
 2DIAGNOSTIC,    18, -3.610102073504e-01, 2.227915183059e-05, 9.6463e+00, 2.8557e-01, 
 2DIAGNOSTIC,    19, -3.610103142105e-01, 1.275596072397e-05, 9.9442e+00, 2.9789e-01, 
 2DIAGNOSTIC,    20, -3.610090864154e-01, 5.374681960220e-06, 1.0234e+01, 2.9022e-01, 
 2DIAGNOSTIC,    21, -3.610072203028e-01, 1.207234080661e-06, 1.0520e+01, 2.8541e-01, 
DIAGNOSTIC,Iteration,metricValue,convergenceValue,ITERATION_TIME_INDEX,SINCE_LAST
 2DIAGNOSTIC,     1, -3.315045179437e-01, 1.797693134862e+308, 1.3121e+01, 2.6007e+00, 
 2DIAGNOSTIC,     2, -3.316124863278e-01, 1.797693134862e+308, 1.4553e+01, 1.4322e+00, 
 2DIAGNOSTIC,     3, -3.317155932989e-01, 1.797693134862e+308, 1.5993e+01, 1.4401e+00, 
 2DIAGNOSTIC,     4, -3.318347942868e-01, 1.797693134862e+308, 1.7460e+01, 1.4673e+00, 
 2DIAGNOSTIC,     5, -3.320819133300e-01, 1.797693134862e+308, 1.9011e+01, 1.5504e+00, 
 2DIAGNOSTIC,     6, -3.321436124759e-01, 1.797693134862e+308, 2.0857e+01, 1.8465e+00, 
 2DIAGNOSTIC,     7, -3.322174997987e-01, 1.797693134862e+308, 2.2534e+01, 1.6771e+00, 
 2DIAGNOSTIC,     8, -3.324012349266e-01, 1.797693134862e+308, 2.3985e+01, 1.4512e+00, 
 2DIAGNOSTIC,     9, -3.324536292757e-01, 1.797693134862e+308, 2.5280e+01, 1.2943e+00, 
 2DIAGNOSTIC,    10, -3.325402493151e-01, 2.120968601993e-04, 2.7513e+01, 2.2337e+00, 
 2DIAGNOSTIC,    11, -3.325585204650e-01, 1.788958749338e-04, 2.9312e+01, 1.7987e+00, 
 2DIAGNOSTIC,    12, -3.325592627940e-01, 1.433306905177e-04, 3.0785e+01, 1.4726e+00, 
 2DIAGNOSTIC,    13, -3.325594291421e-01, 1.072482255168e-04, 3.2279e+01, 1.4946e+00, 
 2DIAGNOSTIC,    14, -3.325602655209e-01, 7.373199893233e-05, 3.3701e+01, 1.4213e+00, 
 2DIAGNOSTIC,    15, -3.325611389732e-01, 5.233142026639e-05, 3.5165e+01, 1.4642e+00, 
 2DIAGNOSTIC,    16, -3.325639960723e-01, 3.247216722248e-05, 3.6452e+01, 1.2876e+00, 
 2DIAGNOSTIC,    17, -3.325706431407e-01, 1.602826892615e-05, 3.7841e+01, 1.3887e+00, 
 2DIAGNOSTIC,    18, -3.325848506532e-01, 9.496657473261e-06, 3.9261e+01, 1.4198e+00, 
 2DIAGNOSTIC,    19, -3.326061583236e-01, 6.140003182387e-06, 4.1423e+01, 2.1619e+00, 
 2DIAGNOSTIC,    20, -3.326050515113e-01, 6.324018349595e-06, 4.2834e+01, 1.4110e+00, 
 2DIAGNOSTIC,    21, -3.326077942775e-01, 6.923276810102e-06, 4.4137e+01, 1.3031e+00, 
 2DIAGNOSTIC,    22, -3.326157002482e-01, 7.303154426035e-06, 4.5570e+01, 1.4336e+00, 
 2DIAGNOSTIC,    23, -3.326265668604e-01, 7.492828600117e-06, 4.7784e+01, 2.2134e+00, 
 2DIAGNOSTIC,    24, -3.326274364526e-01, 7.138413533142e-06, 4.9426e+01, 1.6424e+00, 
 2DIAGNOSTIC,    25, -3.326274885313e-01, 6.311730538812e-06, 5.1192e+01, 1.7661e+00, 
 2DIAGNOSTIC,    26, -3.326275599778e-01, 5.185687023866e-06, 5.2939e+01, 1.7468e+00, 
 2DIAGNOSTIC,    27, -3.326276077095e-01, 3.971228041411e-06, 5.4428e+01, 1.4884e+00, 
 2DIAGNOSTIC,    28, -3.326275903930e-01, 2.989235489345e-06, 5.6207e+01, 1.7793e+00, 
 2DIAGNOSTIC,    29, -3.326275325245e-01, 2.530712368408e-06, 5.7751e+01, 1.5437e+00, 
 2DIAGNOSTIC,    30, -3.326275402472e-01, 1.941414287512e-06, 5.9101e+01, 1.3507e+00, 
 2DIAGNOSTIC,    31, -3.326274829640e-01, 1.378560486986e-06, 6.0551e+01, 1.4497e+00, 
 2DIAGNOSTIC,    32, -3.326273552461e-01, 1.017354081388e-06, 6.2005e+01, 1.4539e+00, 
  Elapsed time (stage 0): 6.2839e+01


Total elapsed time: 6.2842e+01
Info [verificarlo]: loaded backend libinterflop_ieee.so
Info [interflop-ieee]: load backend with:
Info [interflop-ieee]: debug = false
Info [interflop-ieee]: debug-binary = false
Info [interflop-ieee]: no-backend-name = false
Info [interflop-ieee]: print-new-line = false
Info [interflop-ieee]: print-subnormal-normalized = false
Info [interflop-ieee]: count-op = false
All_Command_lines_OK
Using double precision for computations.
=============================================================================
The composite transform comprises the following transforms (in order): 
  1. /home/mdugre/scratch/mri-registration-rp/datasets/ds004513/derivatives/mri-registration-rp/0001/antsRegistration-r7-p9/sub-s020/rigid_Composite.h5[0] (type = Euler3DTransform)
  2. /home/mdugre/scratch/mri-registration-rp/datasets/ds004513/derivatives/mri-registration-rp/0001/antsRegistration-r7-p9/sub-s020/rigid_Composite.h5[1] (type = Euler3DTransform)
  3. /home/mdugre/scratch/mri-registration-rp/datasets/ds004513/derivatives/mri-registration-rp/0001/antsRegistration-r7-p9/sub-s020/rigid_Composite.h5[2] (type = Euler3DTransform)
=============================================================================
  number of levels = 4
  fixed image: /templateflow/tpl-MNI152NLin2009cAsym/tpl-MNI152NLin2009cAsym_res-01_desc-brain_T1w.nii.gz
  moving image: /home/mdugre/scratch/mri-registration-rp/datasets/ds004513/derivatives/mri-registration-rp/antsBrainExtraction/sub-s020/BrainExtractionBrain.nii.gz
Dimension = 3
Number of stages = 1
Use histogram matching = false
Winsorize image intensities = true
  Lower quantile = 0.005
  Upper quantile = 0.995


Stage 1 State
   Image metric = MattesMI
     Fixed image = Image (0x45ec530)
  RTTI typeinfo:   itk::Image<double, 3u>
  Reference Count: 2
  Modified Time: 1594
  Debug: Off
  Object Name: 
  Observers: 
    none
  Source: (none)
  Source output name: (none)
  Release Data: Off
  Data Released: False
  Global Release Data: Off
  PipelineMTime: 0
  UpdateMTime: 1203
  RealTimeStamp: 0 seconds 
  LargestPossibleRegion: 
    Dimension: 3
    Index: [0, 0, 0]
    Size: [193, 229, 193]
  BufferedRegion: 
    Dimension: 3
    Index: [0, 0, 0]
    Size: [193, 229, 193]
  RequestedRegion: 
    Dimension: 3
    Index: [0, 0, 0]
    Size: [193, 229, 193]
  Spacing: [1, 1, 1]
  Origin: [96, 132, -78]
  Direction: 
-1 0 0
0 -1 0
0 0 1

  IndexToPointMatrix: 
-1 0 0
0 -1 0
0 0 1

  PointToIndexMatrix: 
-1 0 0
0 -1 0
0 0 1

  Inverse Direction: 
-1 0 0
0 -1 0
0 0 1

  PixelContainer: 
    ImportImageContainer (0x46a52a0)
      RTTI typeinfo:   itk::ImportImageContainer<unsigned long, double>
      Reference Count: 1
      Modified Time: 1200
      Debug: Off
      Object Name: 
      Observers: 
        none
      Pointer: 0x14a9c8cd8010
      Container manages memory: true
      Size: 8530021
      Capacity: 8530021

     Moving image = Image (0x46a7e60)
  RTTI typeinfo:   itk::Image<double, 3u>
  Reference Count: 2
  Modified Time: 1595
  Debug: Off
  Object Name: 
  Observers: 
    none
  Source: (none)
  Source output name: (none)
  Release Data: Off
  Data Released: False
  Global Release Data: Off
  PipelineMTime: 0
  UpdateMTime: 1592
  RealTimeStamp: 0 seconds 
  LargestPossibleRegion: 
    Dimension: 3
    Index: [0, 0, 0]
    Size: [160, 240, 256]
  BufferedRegion: 
    Dimension: 3
    Index: [0, 0, 0]
    Size: [160, 240, 256]
  RequestedRegion: 
    Dimension: 3
    Index: [0, 0, 0]
    Size: [160, 240, 256]
  Spacing: [0.999995, 1, 1]
  Origin: [87.0906, 98.7205, -152.377]
  Direction: 
-0.996975 0.0261379 -0.0731913
-0.0260677 -0.999658 -0.00191374
-0.0732163 -2.46403e-08 0.997316

  IndexToPointMatrix: 
-0.996971 0.0261379 -0.0731913
-0.0260676 -0.999658 -0.00191374
-0.0732159 -2.46403e-08 0.997316

  PointToIndexMatrix: 
-0.99698 -0.0260679 -0.0732166
0.0261379 -0.999658 -2.46993e-08
-0.0731913 -0.00191374 0.997316

  Inverse Direction: 
-0.996975 -0.0260677 -0.0732163
0.0261379 -0.999658 -2.46993e-08
-0.0731913 -0.00191374 0.997316

  PixelContainer: 
    ImportImageContainer (0x46db390)
      RTTI typeinfo:   itk::ImportImageContainer<unsigned long, double>
      Reference Count: 1
      Modified Time: 1589
      Debug: Off
      Object Name: 
      Observers: 
        none
      Pointer: 0x14a9c41d7010
      Container manages memory: true
      Size: 9830400
      Capacity: 9830400

     Weighting = 1
     Sampling strategy = regular
     Number of bins = 32
     Radius = 4
     Sampling percentage  = 0.25
   Transform = Affine
     Gradient step = 0.1
     Update field sigma (voxel space) = 0
     Total field sigma (voxel space) = 0
     Update field time sigma = 0
     Total field time sigma  = 0
     Number of time indices = 0
     Number of time point samples = 0
Registration using 1 total stages.

Stage 0
  iterations = 1000x500x250x100
  convergence threshold = 1e-06
  convergence window size = 10
  number of levels = 4
  using the Mattes MI metric (number of bins = 32, weight = 1, use gradient filter = 0)
  preprocessing:  winsorizing the image intensities
  Shrink factors (level 1 out of 4): [8, 8, 8]
  Shrink factors (level 2 out of 4): [4, 4, 4]
  Shrink factors (level 3 out of 4): [2, 2, 2]
  Shrink factors (level 4 out of 4): [1, 1, 1]
  smoothing sigmas per level: [3, 2, 1, 0]
  regular sampling (percentage = 0.25)

*** Running AffineTransform registration ***

DIAGNOSTIC,Iteration,metricValue,convergenceValue,ITERATION_TIME_INDEX,SINCE_LAST
 2DIAGNOSTIC,     1, -5.119184826000e-01, 1.797693134862e+308, 9.6826e-01, 9.6826e-01, 
 2DIAGNOSTIC,     2, -5.136974227536e-01, 1.797693134862e+308, 9.7375e-01, 5.4841e-03, 
 2DIAGNOSTIC,     3, -5.166081175581e-01, 1.797693134862e+308, 9.7941e-01, 5.6610e-03, 
 2DIAGNOSTIC,     4, -5.214569070082e-01, 1.797693134862e+308, 9.8540e-01, 5.9931e-03, 
 2DIAGNOSTIC,     5, -5.292385146196e-01, 1.797693134862e+308, 9.9160e-01, 6.1929e-03, 
 2DIAGNOSTIC,     6, -5.846780478496e-01, 1.797693134862e+308, 9.9835e-01, 6.7520e-03, 
 2DIAGNOSTIC,     7, -6.886312989318e-01, 1.797693134862e+308, 1.0050e+00, 6.6590e-03, 
