
##########################
# Experiment information #
##########################

EXPERIMENT_NAME: antsRegistration-r8-p9
VFC_BACKENDS: libinterflop_vprec.so --range-binary32=8 --precision-binary32=9 --range-binary64=8 --precision-binary64=9

SIF_IMG: /home/mdugre/projects/rrg-glatard/mdugre/containers/ants-vprec-no_metrics.simg

SUBJECT_ID: s003
INPUT_IMG: /home/mdugre/scratch/mri-registration-rp/datasets/ds004513/derivatives/mri-registration-rp/antsBrainExtraction/sub-s003/BrainExtractionBrain.nii.gz
OUTPUT_DIR: /home/mdugre/scratch/mri-registration-rp/datasets/ds004513/derivatives/mri-registration-rp/0001/antsRegistration-r8-p9/sub-s003

FIXED_IMG: /templateflow/tpl-MNI152NLin2009cAsym/tpl-MNI152NLin2009cAsym_res-01_desc-brain_T1w.nii.gz
DATA_DIR: /home/mdugre/scratch/mri-registration-rp/datasets/ds004513
TEMPLATEFLOW_DIR: /home/mdugre/projects/rrg-glatard/mdugre/templateflow
ITK_GLOBAL_DEFAULT_NUMBER_OF_THREADS: 16
##########################

Info [verificarlo]: loaded backend libinterflop_ieee.so
Info [interflop-ieee]: load backend with:
Info [interflop-ieee]: debug = false
Info [interflop-ieee]: debug-binary = false
Info [interflop-ieee]: no-backend-name = false
Info [interflop-ieee]: print-new-line = false
Info [interflop-ieee]: print-subnormal-normalized = false
Info [interflop-ieee]: count-op = false
All_Command_lines_OK
Using double precision for computations.
=============================================================================
The composite transform comprises the following transforms (in order): 
  1. Center of mass alignment using fixed image: /templateflow/tpl-MNI152NLin2009cAsym/tpl-MNI152NLin2009cAsym_res-01_desc-brain_T1w.nii.gz and moving image: /home/mdugre/scratch/mri-registration-rp/datasets/ds004513/derivatives/mri-registration-rp/antsBrainExtraction/sub-s003/BrainExtractionBrain.nii.gz (type = Euler3DTransform)
=============================================================================
  number of levels = 1
  fixed image: /templateflow/tpl-MNI152NLin2009cAsym/tpl-MNI152NLin2009cAsym_res-01_desc-brain_T1w.nii.gz
  moving image: /home/mdugre/scratch/mri-registration-rp/datasets/ds004513/derivatives/mri-registration-rp/antsBrainExtraction/sub-s003/BrainExtractionBrain.nii.gz
Dimension = 3
Number of stages = 1
Use histogram matching = false
Winsorize image intensities = true
  Lower quantile = 0.005
  Upper quantile = 0.995


Stage 1 State
   Image metric = MattesMI
     Fixed image = Image (0x3b7ebd0)
  RTTI typeinfo:   itk::Image<double, 3u>
  Reference Count: 2
  Modified Time: 2334
  Debug: Off
  Object Name: 
  Observers: 
    none
  Source: (none)
  Source output name: (none)
  Release Data: Off
  Data Released: False
  Global Release Data: Off
  PipelineMTime: 0
  UpdateMTime: 1943
  RealTimeStamp: 0 seconds 
  LargestPossibleRegion: 
    Dimension: 3
    Index: [0, 0, 0]
    Size: [193, 229, 193]
  BufferedRegion: 
    Dimension: 3
    Index: [0, 0, 0]
    Size: [193, 229, 193]
  RequestedRegion: 
    Dimension: 3
    Index: [0, 0, 0]
    Size: [193, 229, 193]
  Spacing: [1, 1, 1]
  Origin: [96, 132, -78]
  Direction: 
-1 0 0
0 -1 0
0 0 1

  IndexToPointMatrix: 
-1 0 0
0 -1 0
0 0 1

  PointToIndexMatrix: 
-1 0 0
0 -1 0
0 0 1

  Inverse Direction: 
-1 0 0
0 -1 0
0 0 1

  PixelContainer: 
    ImportImageContainer (0x3bd6930)
      RTTI typeinfo:   itk::ImportImageContainer<unsigned long, double>
      Reference Count: 1
      Modified Time: 1940
      Debug: Off
      Object Name: 
      Observers: 
        none
      Pointer: 0x14a0372f8010
      Container manages memory: true
      Size: 8530021
      Capacity: 8530021

     Moving image = Image (0x3c6e610)
  RTTI typeinfo:   itk::Image<double, 3u>
  Reference Count: 2
  Modified Time: 2335
  Debug: Off
  Object Name: 
  Observers: 
    none
  Source: (none)
  Source output name: (none)
  Release Data: Off
  Data Released: False
  Global Release Data: Off
  PipelineMTime: 0
  UpdateMTime: 2332
  RealTimeStamp: 0 seconds 
  LargestPossibleRegion: 
    Dimension: 3
    Index: [0, 0, 0]
    Size: [176, 240, 256]
  BufferedRegion: 
    Dimension: 3
    Index: [0, 0, 0]
    Size: [176, 240, 256]
  RequestedRegion: 
    Dimension: 3
    Index: [0, 0, 0]
    Size: [176, 240, 256]
  Spacing: [0.999999, 1, 1]
  Origin: [93.3499, 86.9368, -128.957]
  Direction: 
-0.999513 -0.0279216 -0.0139567
0.0279189 -0.99961 0.000389866
-0.0139622 2.01492e-08 0.999903

  IndexToPointMatrix: 
-0.999512 -0.0279216 -0.0139567
0.0279189 -0.99961 0.000389866
-0.0139621 2.01492e-08 0.999903

  PointToIndexMatrix: 
-0.999514 0.0279189 -0.0139622
-0.0279216 -0.99961 2.01716e-08
-0.0139567 0.000389866 0.999903

  Inverse Direction: 
-0.999513 0.0279189 -0.0139622
-0.0279216 -0.99961 2.01716e-08
-0.0139567 0.000389866 0.999903

  PixelContainer: 
    ImportImageContainer (0x3bae850)
      RTTI typeinfo:   itk::ImportImageContainer<unsigned long, double>
      Reference Count: 1
      Modified Time: 2329
      Debug: Off
      Object Name: 
      Observers: 
        none
      Pointer: 0x14a032077010
      Container manages memory: true
      Size: 10813440
      Capacity: 10813440

     Weighting = 1
     Sampling strategy = regular
     Number of bins = 32
     Radius = 4
     Sampling percentage  = 0.25
   Transform = Rigid
     Gradient step = 0.1
     Update field sigma (voxel space) = 0
     Total field sigma (voxel space) = 0
     Update field time sigma = 0
     Total field time sigma  = 0
     Number of time indices = 0
     Number of time point samples = 0
Registration using 1 total stages.

Stage 0
  iterations = 0
  convergence threshold = 1e-06
  convergence window size = 10
  number of levels = 1
  using the Mattes MI metric (number of bins = 32, weight = 1, use gradient filter = 0)
  preprocessing:  winsorizing the image intensities
  Shrink factors (level 1 out of 1): [1, 1, 1]
  smoothing sigmas per level: [0]
  regular sampling (percentage = 0.25)

*** Running Euler3DTransform registration ***

  Elapsed time (stage 0): 1.16412


Total elapsed time: 1.16787
Info [verificarlo]: loaded backend libinterflop_ieee.so
Info [interflop-ieee]: load backend with:
Info [interflop-ieee]: debug = false
Info [interflop-ieee]: debug-binary = false
Info [interflop-ieee]: no-backend-name = false
Info [interflop-ieee]: print-new-line = false
Info [interflop-ieee]: print-subnormal-normalized = false
Info [interflop-ieee]: count-op = false
All_Command_lines_OK
Using double precision for computations.
=============================================================================
The composite transform comprises the following transforms (in order): 
  1. /home/mdugre/scratch/mri-registration-rp/datasets/ds004513/derivatives/mri-registration-rp/0001/antsRegistration-r8-p9/sub-s003/align_Composite.h5[0] (type = Euler3DTransform)
  2. /home/mdugre/scratch/mri-registration-rp/datasets/ds004513/derivatives/mri-registration-rp/0001/antsRegistration-r8-p9/sub-s003/align_Composite.h5[1] (type = Euler3DTransform)
=============================================================================
  number of levels = 4
  fixed image: /templateflow/tpl-MNI152NLin2009cAsym/tpl-MNI152NLin2009cAsym_res-01_desc-brain_T1w.nii.gz
  moving image: /home/mdugre/scratch/mri-registration-rp/datasets/ds004513/derivatives/mri-registration-rp/antsBrainExtraction/sub-s003/BrainExtractionBrain.nii.gz
Dimension = 3
Number of stages = 1
Use histogram matching = false
Winsorize image intensities = true
  Lower quantile = 0.005
  Upper quantile = 0.995


Stage 1 State
   Image metric = MattesMI
     Fixed image = Image (0x4b80530)
  RTTI typeinfo:   itk::Image<double, 3u>
  Reference Count: 2
  Modified Time: 1580
  Debug: Off
  Object Name: 
  Observers: 
    none
  Source: (none)
  Source output name: (none)
  Release Data: Off
  Data Released: False
  Global Release Data: Off
  PipelineMTime: 0
  UpdateMTime: 1189
  RealTimeStamp: 0 seconds 
  LargestPossibleRegion: 
    Dimension: 3
    Index: [0, 0, 0]
    Size: [193, 229, 193]
  BufferedRegion: 
    Dimension: 3
    Index: [0, 0, 0]
    Size: [193, 229, 193]
  RequestedRegion: 
    Dimension: 3
    Index: [0, 0, 0]
    Size: [193, 229, 193]
  Spacing: [1, 1, 1]
  Origin: [96, 132, -78]
  Direction: 
-1 0 0
0 -1 0
0 0 1

  IndexToPointMatrix: 
-1 0 0
0 -1 0
0 0 1

  PointToIndexMatrix: 
-1 0 0
0 -1 0
0 0 1

  Inverse Direction: 
-1 0 0
0 -1 0
0 0 1

  PixelContainer: 
    ImportImageContainer (0x4c3ed60)
      RTTI typeinfo:   itk::ImportImageContainer<unsigned long, double>
      Reference Count: 1
      Modified Time: 1186
      Debug: Off
      Object Name: 
      Observers: 
        none
      Pointer: 0x14b6ae157010
      Container manages memory: true
      Size: 8530021
      Capacity: 8530021

     Moving image = Image (0x4c30f60)
  RTTI typeinfo:   itk::Image<double, 3u>
  Reference Count: 2
  Modified Time: 1581
  Debug: Off
  Object Name: 
  Observers: 
    none
  Source: (none)
  Source output name: (none)
  Release Data: Off
  Data Released: False
  Global Release Data: Off
  PipelineMTime: 0
  UpdateMTime: 1578
  RealTimeStamp: 0 seconds 
  LargestPossibleRegion: 
    Dimension: 3
    Index: [0, 0, 0]
    Size: [176, 240, 256]
  BufferedRegion: 
    Dimension: 3
    Index: [0, 0, 0]
    Size: [176, 240, 256]
  RequestedRegion: 
    Dimension: 3
    Index: [0, 0, 0]
    Size: [176, 240, 256]
  Spacing: [0.999999, 1, 1]
  Origin: [93.3499, 86.9368, -128.957]
  Direction: 
-0.999513 -0.0279216 -0.0139567
0.0279189 -0.99961 0.000389866
-0.0139622 2.01492e-08 0.999903

  IndexToPointMatrix: 
-0.999512 -0.0279216 -0.0139567
0.0279189 -0.99961 0.000389866
-0.0139621 2.01492e-08 0.999903

  PointToIndexMatrix: 
-0.999514 0.0279189 -0.0139622
-0.0279216 -0.99961 2.01716e-08
-0.0139567 0.000389866 0.999903

  Inverse Direction: 
-0.999513 0.0279189 -0.0139622
-0.0279216 -0.99961 2.01716e-08
-0.0139567 0.000389866 0.999903

  PixelContainer: 
    ImportImageContainer (0x4c226d0)
      RTTI typeinfo:   itk::ImportImageContainer<unsigned long, double>
      Reference Count: 1
      Modified Time: 1575
      Debug: Off
      Object Name: 
      Observers: 
        none
      Pointer: 0x14b6a8ed6010
      Container manages memory: true
      Size: 10813440
      Capacity: 10813440

     Weighting = 1
     Sampling strategy = regular
     Number of bins = 32
     Radius = 4
     Sampling percentage  = 0.25
   Transform = Rigid
     Gradient step = 0.1
     Update field sigma (voxel space) = 0
     Total field sigma (voxel space) = 0
     Update field time sigma = 0
     Total field time sigma  = 0
     Number of time indices = 0
     Number of time point samples = 0
Registration using 1 total stages.

Stage 0
  iterations = 1000x500x250x100
  convergence threshold = 1e-06
  convergence window size = 10
  number of levels = 4
  using the Mattes MI metric (number of bins = 32, weight = 1, use gradient filter = 0)
  preprocessing:  winsorizing the image intensities
  Shrink factors (level 1 out of 4): [8, 8, 8]
  Shrink factors (level 2 out of 4): [4, 4, 4]
  Shrink factors (level 3 out of 4): [2, 2, 2]
  Shrink factors (level 4 out of 4): [1, 1, 1]
  smoothing sigmas per level: [3, 2, 1, 0]
  regular sampling (percentage = 0.25)

*** Running Euler3DTransform registration ***

DIAGNOSTIC,Iteration,metricValue,convergenceValue,ITERATION_TIME_INDEX,SINCE_LAST
 2DIAGNOSTIC,     1, -4.871187133941e-01, 1.797693134862e+308, 8.9948e-01, 8.9948e-01, 
 2DIAGNOSTIC,     2, -4.887966556740e-01, 1.797693134862e+308, 9.0398e-01, 4.5009e-03, 
 2DIAGNOSTIC,     3, -4.919242839642e-01, 1.797693134862e+308, 9.0876e-01, 4.7801e-03, 
 2DIAGNOSTIC,     4, -5.019092629522e-01, 1.797693134862e+308, 9.1317e-01, 4.4119e-03, 
 2DIAGNOSTIC,     5, -5.198319788477e-01, 1.797693134862e+308, 9.1754e-01, 4.3631e-03, 
 2DIAGNOSTIC,     6, -5.251449584180e-01, 1.797693134862e+308, 9.2187e-01, 4.3290e-03, 
 2DIAGNOSTIC,     7, -5.365118080768e-01, 1.797693134862e+308, 9.2626e-01, 4.3960e-03, 
 2DIAGNOSTIC,     8, -5.564319077261e-01, 1.797693134862e+308, 9.3263e-01, 6.3691e-03, 
 2DIAGNOSTIC,     9, -5.572786469687e-01, 1.797693134862e+308, 9.3667e-01, 4.0431e-03, 
 2DIAGNOSTIC,    10, -5.597886110608e-01, 1.060089541986e-02, 9.4154e-01, 4.8680e-03, 
 2DIAGNOSTIC,    11, -5.645450860914e-01, 9.471656029002e-03, 9.4644e-01, 4.9000e-03, 
 2DIAGNOSTIC,    12, -5.675342641672e-01, 7.901754414629e-03, 9.5212e-01, 5.6732e-03, 
 2DIAGNOSTIC,    13, -5.685174641934e-01, 6.033280802479e-03, 9.5759e-01, 5.4760e-03, 
 2DIAGNOSTIC,    14, -5.693412095342e-01, 4.302087948768e-03, 9.6343e-01, 5.8429e-03, 
 2DIAGNOSTIC,    15, -5.718972801997e-01, 3.155204981951e-03, 9.6842e-01, 4.9901e-03, 
 2DIAGNOSTIC,    16, -5.734788767073e-01, 2.091398053250e-03, 9.7287e-01, 4.4451e-03, 
 2DIAGNOSTIC,    17, -5.737823402463e-01, 1.310029424173e-03, 9.7752e-01, 4.6480e-03, 
 2DIAGNOSTIC,    18, -5.749452616695e-01, 1.114936190118e-03, 9.8211e-01, 4.5879e-03, 
 2DIAGNOSTIC,    19, -5.774392255369e-01, 9.301256922461e-04, 9.8942e-01, 7.3149e-03, 
 2DIAGNOSTIC,    20, -5.782944999889e-01, 7.612328990303e-04, 9.9492e-01, 5.4979e-03, 
 2DIAGNOSTIC,    21, -5.788863756142e-01, 6.687985513107e-04, 9.9960e-01, 4.6821e-03, 
 2DIAGNOSTIC,    22, -5.857337703028e-01, 7.546209630572e-04, 1.0043e+00, 4.7271e-03, 
 2DIAGNOSTIC,    23, -6.028589201256e-01, 1.162232410244e-03, 1.0096e+00, 5.2869e-03, 
 2DIAGNOSTIC,    24, -6.086613834718e-01, 1.554691240533e-03, 1.0160e+00, 6.3739e-03, 
 2DIAGNOSTIC,    25, -6.127624304882e-01, 1.904928850633e-03, 1.0211e+00, 5.0640e-03, 
 2DIAGNOSTIC,    26, -6.171330102428e-01, 2.167612415764e-03, 1.0261e+00, 5.0008e-03, 
 2DIAGNOSTIC,    27, -6.180829717903e-01, 2.226134243134e-03, 1.0306e+00, 4.5438e-03, 
 2DIAGNOSTIC,    28, -6.204355229471e-01, 2.128618121919e-03, 1.0355e+00, 4.9260e-03, 
 2DIAGNOSTIC,    29, -6.216541941610e-01, 1.901236643344e-03, 1.0399e+00, 4.4229e-03, 
 2DIAGNOSTIC,    30, -6.252686882241e-01, 1.589741139811e-03, 1.0452e+00, 5.2340e-03, 
 2DIAGNOSTIC,    31, -6.305777014527e-01, 1.244380664208e-03, 1.0498e+00, 4.5779e-03, 
 2DIAGNOSTIC,    32, -6.437126007930e-01, 1.107470047396e-03, 1.0557e+00, 5.9061e-03, 
 2DIAGNOSTIC,    33, -6.470260387897e-01, 1.176386078573e-03, 1.0603e+00, 4.5922e-03, 
 2DIAGNOSTIC,    34, -6.489214976854e-01, 1.241895945370e-03, 1.0676e+00, 7.3810e-03, 
 2DIAGNOSTIC,    35, -6.509315132665e-01, 1.271886093942e-03, 1.0721e+00, 4.4460e-03, 
 2DIAGNOSTIC,    36, -6.520045523760e-01, 1.251974694834e-03, 1.0766e+00, 4.4839e-03, 
 2DIAGNOSTIC,    37, -6.528674327359e-01, 1.135508370976e-03, 1.0810e+00, 4.4141e-03, 
 2DIAGNOSTIC,    38, -6.532435564189e-01, 9.531154393604e-04, 1.0854e+00, 4.3821e-03, 
 2DIAGNOSTIC,    39, -6.541865101847e-01, 7.192363790635e-04, 1.0916e+00, 6.2549e-03, 
 2DIAGNOSTIC,    40, -6.542289618001e-01, 4.743194178083e-04, 1.0960e+00, 4.3740e-03, 
 2DIAGNOSTIC,    41, -6.546764100587e-01, 2.615189537164e-04, 1.1003e+00, 4.3390e-03, 
 2DIAGNOSTIC,    42, -6.552218416354e-01, 1.910349396077e-04, 1.1064e+00, 6.0511e-03, 
 2DIAGNOSTIC,    43, -6.554129965625e-01, 1.447318823696e-04, 1.1108e+00, 4.4250e-03, 
 2DIAGNOSTIC,    44, -6.553665313903e-01, 1.066947395906e-04, 1.1152e+00, 4.3809e-03, 
 2DIAGNOSTIC,    45, -6.555156066026e-01, 8.322815761592e-05, 1.1195e+00, 4.3170e-03, 
 2DIAGNOSTIC,    46, -6.555941376853e-01, 6.476157940503e-05, 1.1244e+00, 4.8771e-03, 
 2DIAGNOSTIC,    47, -6.556721062773e-01, 5.043741803197e-05, 1.1287e+00, 4.3480e-03, 
 2DIAGNOSTIC,    48, -6.557412746797e-01, 3.618622608322e-05, 1.1331e+00, 4.3359e-03, 
 2DIAGNOSTIC,    49, -6.557035766206e-01, 2.804719456883e-05, 1.1390e+00, 5.9180e-03, 
 2DIAGNOSTIC,    50, -6.556370564463e-01, 1.739536978950e-05, 1.1439e+00, 4.8950e-03, 
 2DIAGNOSTIC,    51, -6.556525058900e-01, 9.753093441429e-06, 1.1486e+00, 4.7400e-03, 
 2DIAGNOSTIC,    52, -6.557396080290e-01, 7.221642041054e-06, 1.1536e+00, 5.0189e-03, 
 2DIAGNOSTIC,    53, -6.559471627558e-01, 7.698935348705e-06, 1.1580e+00, 4.3671e-03, 
 2DIAGNOSTIC,    54, -6.559602503337e-01, 7.138705464323e-06, 1.1628e+00, 4.7650e-03, 
 2DIAGNOSTIC,    55, -6.558869811984e-01, 6.661970996816e-06, 1.1671e+00, 4.3070e-03, 
 2DIAGNOSTIC,    56, -6.559055503329e-01, 6.463300343131e-06, 1.1730e+00, 5.9700e-03, 
 2DIAGNOSTIC,    57, -6.557455968761e-01, 4.981099514866e-06, 1.1781e+00, 5.0809e-03, 
 2DIAGNOSTIC,    58, -6.555942538430e-01, 2.474501703296e-06, 1.1824e+00, 4.2500e-03, 
DIAGNOSTIC,Iteration,metricValue,convergenceValue,ITERATION_TIME_INDEX,SINCE_LAST
 2DIAGNOSTIC,     1, -5.251717245742e-01, 1.797693134862e+308, 1.9879e+00, 8.0550e-01, 
 2DIAGNOSTIC,     2, -5.257857676071e-01, 1.797693134862e+308, 2.0250e+00, 3.7149e-02, 
 2DIAGNOSTIC,     3, -5.265574346452e-01, 1.797693134862e+308, 2.0672e+00, 4.2137e-02, 
 2DIAGNOSTIC,     4, -5.273171738519e-01, 1.797693134862e+308, 2.1095e+00, 4.2364e-02, 
 2DIAGNOSTIC,     5, -5.278516608764e-01, 1.797693134862e+308, 2.1456e+00, 3.6107e-02, 
 2DIAGNOSTIC,     6, -5.281802678302e-01, 1.797693134862e+308, 2.1822e+00, 3.6604e-02, 
 2DIAGNOSTIC,     7, -5.295044719511e-01, 1.797693134862e+308, 2.2258e+00, 4.3565e-02, 
 2DIAGNOSTIC,     8, -5.309926641173e-01, 1.797693134862e+308, 2.2932e+00, 6.7387e-02, 
 2DIAGNOSTIC,     9, -5.314375116547e-01, 1.797693134862e+308, 2.3274e+00, 3.4246e-02, 
 2DIAGNOSTIC,    10, -5.314995042001e-01, 8.343955992559e-04, 2.3630e+00, 3.5582e-02, 
 2DIAGNOSTIC,    11, -5.317667317579e-01, 7.298547511679e-04, 2.3953e+00, 3.2261e-02, 
 2DIAGNOSTIC,    12, -5.329503653104e-01, 6.565607422540e-04, 2.4370e+00, 4.1756e-02, 
 2DIAGNOSTIC,    13, -5.336081882464e-01, 5.916414188700e-04, 2.4747e+00, 3.7653e-02, 
 2DIAGNOSTIC,    14, -5.337305640192e-01, 5.162499694049e-04, 2.5108e+00, 3.6147e-02, 
 2DIAGNOSTIC,    15, -5.339252410605e-01, 4.319556601460e-04, 2.5584e+00, 4.7590e-02, 
 2DIAGNOSTIC,    16, -5.339820180609e-01, 3.312671613002e-04, 2.5925e+00, 3.4040e-02, 
 2DIAGNOSTIC,    17, -5.340060043755e-01, 2.528924147189e-04, 2.6275e+00, 3.5031e-02, 
 2DIAGNOSTIC,    18, -5.340567925697e-01, 2.052794318389e-04, 2.6681e+00, 4.0604e-02, 
 2DIAGNOSTIC,    19, -5.340989515101e-01, 1.580084004744e-04, 2.7056e+00, 3.7494e-02, 
 2DIAGNOSTIC,    20, -5.343467365319e-01, 1.096095206055e-04, 2.7574e+00, 5.1859e-02, 
 2DIAGNOSTIC,    21, -5.343283066294e-01, 6.132367681463e-05, 2.7888e+00, 3.1314e-02, 
 2DIAGNOSTIC,    22, -5.343887591186e-01, 4.185470273793e-05, 2.8217e+00, 3.2976e-02, 
 2DIAGNOSTIC,    23, -5.346240861885e-01, 4.109138314304e-05, 2.8787e+00, 5.6934e-02, 
 2DIAGNOSTIC,    24, -5.346632643956e-01, 3.998833020202e-05, 2.9155e+00, 3.6836e-02, 
 2DIAGNOSTIC,    25, -5.347085998962e-01, 4.043175435686e-05, 2.9496e+00, 3.4063e-02, 
 2DIAGNOSTIC,    26, -5.349739156841e-01, 4.383517680416e-05, 2.9824e+00, 3.2793e-02, 
 2DIAGNOSTIC,    27, -5.355320080242e-01, 5.438610341411e-05, 3.0114e+00, 2.9075e-02, 
 2DIAGNOSTIC,    28, -5.356415119793e-01, 6.193474805333e-05, 3.0406e+00, 2.9175e-02, 
 2DIAGNOSTIC,    29, -5.357039326067e-01, 6.514211564886e-05, 3.0746e+00, 3.3987e-02, 
 2DIAGNOSTIC,    30, -5.357159889896e-01, 6.691464365106e-05, 3.1038e+00, 2.9226e-02, 
 2DIAGNOSTIC,    31, -5.357675331116e-01, 6.286172312885e-05, 3.1333e+00, 2.9457e-02, 
 2DIAGNOSTIC,    32, -5.359160986399e-01, 5.641297870712e-05, 3.1769e+00, 4.3657e-02, 
 2DIAGNOSTIC,    33, -5.359073070001e-01, 4.870266807357e-05, 3.2153e+00, 3.8381e-02, 
 2DIAGNOSTIC,    34, -5.359537367044e-01, 3.845483477130e-05, 3.2544e+00, 3.9062e-02, 
 2DIAGNOSTIC,    35, -5.360926371941e-01, 2.805845677839e-05, 3.2901e+00, 3.5719e-02, 
 2DIAGNOSTIC,    36, -5.362209630507e-01, 2.121585145735e-05, 3.3233e+00, 3.3167e-02, 
 2DIAGNOSTIC,    37, -5.365927004341e-01, 2.612134192189e-05, 3.3681e+00, 4.4793e-02, 
 2DIAGNOSTIC,    38, -5.366307039262e-01, 3.031594934135e-05, 3.4028e+00, 3.4781e-02, 
 2DIAGNOSTIC,    39, -5.366297415460e-01, 3.241979752784e-05, 3.4351e+00, 3.2217e-02, 
 2DIAGNOSTIC,    40, -5.366216001747e-01, 3.150632242981e-05, 3.4711e+00, 3.5995e-02, 
 2DIAGNOSTIC,    41, -5.366366392216e-01, 2.848398851357e-05, 3.5113e+00, 4.0205e-02, 
 2DIAGNOSTIC,    42, -5.366246153843e-01, 2.463813088481e-05, 3.5515e+00, 4.0197e-02, 
 2DIAGNOSTIC,    43, -5.366183893819e-01, 1.851514000334e-05, 3.5828e+00, 3.1306e-02, 
 2DIAGNOSTIC,    44, -5.366055864875e-01, 1.142662007606e-05, 3.6120e+00, 2.9228e-02, 
 2DIAGNOSTIC,    45, -5.366095822822e-01, 5.341637909603e-06, 3.6418e+00, 2.9760e-02, 
DIAGNOSTIC,Iteration,metricValue,convergenceValue,ITERATION_TIME_INDEX,SINCE_LAST
 2DIAGNOSTIC,     1, -4.764186006089e-01, 1.797693134862e+308, 4.7892e+00, 1.1474e+00, 
 2DIAGNOSTIC,     2, -4.766088725024e-01, 1.797693134862e+308, 5.0479e+00, 2.5870e-01, 
 2DIAGNOSTIC,     3, -4.768104477915e-01, 1.797693134862e+308, 5.3184e+00, 2.7048e-01, 
 2DIAGNOSTIC,     4, -4.769685382021e-01, 1.797693134862e+308, 5.6414e+00, 3.2305e-01, 
 2DIAGNOSTIC,     5, -4.770074292563e-01, 1.797693134862e+308, 5.9476e+00, 3.0613e-01, 
 2DIAGNOSTIC,     6, -4.770215790105e-01, 1.797693134862e+308, 6.2347e+00, 2.8717e-01, 
 2DIAGNOSTIC,     7, -4.770555374614e-01, 1.797693134862e+308, 6.5273e+00, 2.9254e-01, 
 2DIAGNOSTIC,     8, -4.771433772553e-01, 1.797693134862e+308, 6.7955e+00, 2.6823e-01, 
 2DIAGNOSTIC,     9, -4.773055964074e-01, 1.797693134862e+308, 7.0963e+00, 3.0085e-01, 
 2DIAGNOSTIC,    10, -4.775385996281e-01, 1.226685565716e-04, 7.4738e+00, 3.7746e-01, 
 2DIAGNOSTIC,    11, -4.777194594834e-01, 1.140507253597e-04, 7.7905e+00, 3.1670e-01, 
 2DIAGNOSTIC,    12, -4.777367336465e-01, 1.070133686681e-04, 8.0543e+00, 2.6379e-01, 
 2DIAGNOSTIC,    13, -4.779210342976e-01, 1.092883007780e-04, 8.3641e+00, 3.0984e-01, 
 2DIAGNOSTIC,    14, -4.779404067648e-01, 1.088092899703e-04, 8.6766e+00, 3.1245e-01, 
 2DIAGNOSTIC,    15, -4.779409429460e-01, 1.001615261384e-04, 8.9568e+00, 2.8020e-01, 
 2DIAGNOSTIC,    16, -4.780071632844e-01, 8.666974781055e-05, 9.3036e+00, 3.4683e-01, 
 2DIAGNOSTIC,    17, -4.781230803706e-01, 7.222013742437e-05, 9.7333e+00, 4.2965e-01, 
 2DIAGNOSTIC,    18, -4.782117699155e-01, 5.856428113669e-05, 1.0176e+01, 4.4305e-01, 
 2DIAGNOSTIC,    19, -4.782003367612e-01, 4.564361390495e-05, 1.0496e+01, 3.1930e-01, 
 2DIAGNOSTIC,    20, -4.783396207757e-01, 4.103953760708e-05, 1.0889e+01, 3.9332e-01, 
 2DIAGNOSTIC,    21, -4.784651101296e-01, 4.181971173225e-05, 1.1246e+01, 3.5692e-01, 
 2DIAGNOSTIC,    22, -4.785070621555e-01, 4.010619111729e-05, 1.1561e+01, 3.1489e-01, 
 2DIAGNOSTIC,    23, -4.785697886465e-01, 4.134764731458e-05, 1.1887e+01, 3.2590e-01, 
 2DIAGNOSTIC,    24, -4.786635656332e-01, 4.161295741281e-05, 1.2213e+01, 3.2678e-01, 
 2DIAGNOSTIC,    25, -4.787886407337e-01, 4.098991265374e-05, 1.2686e+01, 4.7215e-01, 
 2DIAGNOSTIC,    26, -4.787908193203e-01, 3.809237163504e-05, 1.3136e+01, 4.5055e-01, 
 2DIAGNOSTIC,    27, -4.787928911155e-01, 3.456229967064e-05, 1.3549e+01, 4.1254e-01, 
 2DIAGNOSTIC,    28, -4.787919114257e-01, 3.009505497666e-05, 1.3842e+01, 2.9369e-01, 
 2DIAGNOSTIC,    29, -4.787917971702e-01, 2.288313911878e-05, 1.4117e+01, 2.7429e-01, 
 2DIAGNOSTIC,    30, -4.787898429595e-01, 1.672612939661e-05, 1.4413e+01, 2.9601e-01, 
 2DIAGNOSTIC,    31, -4.787886639897e-01, 1.188069449196e-05, 1.4726e+01, 3.1329e-01, 
 2DIAGNOSTIC,    32, -4.787882351594e-01, 7.106816650553e-06, 1.5023e+01, 2.9690e-01, 
 2DIAGNOSTIC,    33, -4.787902896247e-01, 3.189305437183e-06, 1.5335e+01, 3.1182e-01, 
DIAGNOSTIC,Iteration,metricValue,convergenceValue,ITERATION_TIME_INDEX,SINCE_LAST
 2DIAGNOSTIC,     1, -4.453568889961e-01, 1.797693134862e+308, 1.8631e+01, 3.2960e+00, 
 2DIAGNOSTIC,     2, -4.453779687431e-01, 1.797693134862e+308, 2.0865e+01, 2.2347e+00, 
 2DIAGNOSTIC,     3, -4.453966046090e-01, 1.797693134862e+308, 2.3297e+01, 2.4311e+00, 
 2DIAGNOSTIC,     4, -4.453977390542e-01, 1.797693134862e+308, 2.5148e+01, 1.8513e+00, 
 2DIAGNOSTIC,     5, -4.453983071737e-01, 1.797693134862e+308, 2.7590e+01, 2.4420e+00, 
 2DIAGNOSTIC,     6, -4.453982304690e-01, 1.797693134862e+308, 2.9188e+01, 1.5981e+00, 
 2DIAGNOSTIC,     7, -4.453981903429e-01, 1.797693134862e+308, 3.1560e+01, 2.3726e+00, 
 2DIAGNOSTIC,     8, -4.453981043863e-01, 1.797693134862e+308, 3.3212e+01, 1.6513e+00, 
 2DIAGNOSTIC,     9, -4.453981241944e-01, 1.797693134862e+308, 3.4984e+01, 1.7725e+00, 
 2DIAGNOSTIC,    10, -4.453979880569e-01, 7.006921150965e-06, 3.6766e+01, 1.7816e+00, 
 2DIAGNOSTIC,    11, -4.453980130120e-01, 4.134540212294e-06, 3.8342e+01, 1.5763e+00, 
 2DIAGNOSTIC,    12, -4.453982919172e-01, 2.737996188329e-06, 4.0092e+01, 1.7500e+00, 
 2DIAGNOSTIC,    13, -4.453983020271e-01, 2.461953634694e-06, 4.1723e+01, 1.6313e+00, 
 2DIAGNOSTIC,    14, -4.453984207992e-01, 2.280470102103e-06, 4.3132e+01, 1.4088e+00, 
 2DIAGNOSTIC,    15, -4.453983855288e-01, 2.145251828845e-06, 4.4945e+01, 1.8131e+00, 
 2DIAGNOSTIC,    16, -4.453978487450e-01, 2.000299949567e-06, 4.7249e+01, 2.3034e+00, 
 2DIAGNOSTIC,    17, -4.453978168366e-01, 1.869047432088e-06, 4.9122e+01, 1.8729e+00, 
 2DIAGNOSTIC,    18, -4.453975892861e-01, 1.741122483766e-06, 5.0888e+01, 1.7664e+00, 
 2DIAGNOSTIC,    19, -4.453978080197e-01, 1.637235507591e-06, 5.2864e+01, 1.9760e+00, 
 2DIAGNOSTIC,    20, -4.453977396288e-01, 1.540503783100e-06, 5.4457e+01, 1.5932e+00, 
 2DIAGNOSTIC,    21, -4.453975970061e-01, 1.454196527292e-06, 5.6165e+01, 1.7075e+00, 
 2DIAGNOSTIC,    22, -4.453976302222e-01, 1.390757157847e-06, 5.8005e+01, 1.8405e+00, 
 2DIAGNOSTIC,    23, -4.453976775221e-01, 1.339220336134e-06, 5.9976e+01, 1.9706e+00, 
 2DIAGNOSTIC,    24, -4.453976363614e-01, 1.297835553145e-06, 6.1672e+01, 1.6959e+00, 
 2DIAGNOSTIC,    25, -4.453979781921e-01, 1.270545131354e-06, 6.3487e+01, 1.8155e+00, 
 2DIAGNOSTIC,    26, -4.453982106040e-01, 1.237930210909e-06, 6.5209e+01, 1.7223e+00, 
 2DIAGNOSTIC,    27, -4.453980904293e-01, 1.202884388249e-06, 6.6922e+01, 1.7128e+00, 
 2DIAGNOSTIC,    28, -4.453980577262e-01, 1.162114785840e-06, 6.8544e+01, 1.6220e+00, 
 2DIAGNOSTIC,    29, -4.453981129772e-01, 1.127798552741e-06, 7.0211e+01, 1.6667e+00, 
 2DIAGNOSTIC,    30, -4.453980171308e-01, 1.089245494093e-06, 7.1766e+01, 1.5549e+00, 
 2DIAGNOSTIC,    31, -4.453981554338e-01, 1.050293747959e-06, 7.3332e+01, 1.5661e+00, 
 2DIAGNOSTIC,    32, -4.453983907045e-01, 1.016856296318e-06, 7.4910e+01, 1.5776e+00, 
  Elapsed time (stage 0): 7.5820e+01


Total elapsed time: 7.5825e+01
Info [verificarlo]: loaded backend libinterflop_ieee.so
Info [interflop-ieee]: load backend with:
Info [interflop-ieee]: debug = false
Info [interflop-ieee]: debug-binary = false
Info [interflop-ieee]: no-backend-name = false
Info [interflop-ieee]: print-new-line = false
Info [interflop-ieee]: print-subnormal-normalized = false
Info [interflop-ieee]: count-op = false
All_Command_lines_OK
Using double precision for computations.
=============================================================================
The composite transform comprises the following transforms (in order): 
  1. /home/mdugre/scratch/mri-registration-rp/datasets/ds004513/derivatives/mri-registration-rp/0001/antsRegistration-r8-p9/sub-s003/rigid_Composite.h5[0] (type = Euler3DTransform)
  2. /home/mdugre/scratch/mri-registration-rp/datasets/ds004513/derivatives/mri-registration-rp/0001/antsRegistration-r8-p9/sub-s003/rigid_Composite.h5[1] (type = Euler3DTransform)
  3. /home/mdugre/scratch/mri-registration-rp/datasets/ds004513/derivatives/mri-registration-rp/0001/antsRegistration-r8-p9/sub-s003/rigid_Composite.h5[2] (type = Euler3DTransform)
=============================================================================
  number of levels = 4
  fixed image: /templateflow/tpl-MNI152NLin2009cAsym/tpl-MNI152NLin2009cAsym_res-01_desc-brain_T1w.nii.gz
  moving image: /home/mdugre/scratch/mri-registration-rp/datasets/ds004513/derivatives/mri-registration-rp/antsBrainExtraction/sub-s003/BrainExtractionBrain.nii.gz
Dimension = 3
Number of stages = 1
Use histogram matching = false
Winsorize image intensities = true
  Lower quantile = 0.005
  Upper quantile = 0.995


Stage 1 State
   Image metric = MattesMI
     Fixed image = Image (0x349d530)
  RTTI typeinfo:   itk::Image<double, 3u>
  Reference Count: 2
  Modified Time: 1594
  Debug: Off
  Object Name: 
  Observers: 
    none
  Source: (none)
  Source output name: (none)
  Release Data: Off
  Data Released: False
  Global Release Data: Off
  PipelineMTime: 0
  UpdateMTime: 1203
  RealTimeStamp: 0 seconds 
  LargestPossibleRegion: 
    Dimension: 3
    Index: [0, 0, 0]
    Size: [193, 229, 193]
  BufferedRegion: 
    Dimension: 3
    Index: [0, 0, 0]
    Size: [193, 229, 193]
  RequestedRegion: 
    Dimension: 3
    Index: [0, 0, 0]
    Size: [193, 229, 193]
  Spacing: [1, 1, 1]
  Origin: [96, 132, -78]
  Direction: 
-1 0 0
0 -1 0
0 0 1

  IndexToPointMatrix: 
-1 0 0
0 -1 0
0 0 1

  PointToIndexMatrix: 
-1 0 0
0 -1 0
0 0 1

  Inverse Direction: 
-1 0 0
0 -1 0
0 0 1

  PixelContainer: 
    ImportImageContainer (0x35562a0)
      RTTI typeinfo:   itk::ImportImageContainer<unsigned long, double>
      Reference Count: 1
      Modified Time: 1200
      Debug: Off
      Object Name: 
      Observers: 
        none
      Pointer: 0x1466d3dab010
      Container manages memory: true
      Size: 8530021
      Capacity: 8530021

     Moving image = Image (0x3558e60)
  RTTI typeinfo:   itk::Image<double, 3u>
  Reference Count: 2
  Modified Time: 1595
  Debug: Off
  Object Name: 
  Observers: 
    none
  Source: (none)
  Source output name: (none)
  Release Data: Off
  Data Released: False
  Global Release Data: Off
  PipelineMTime: 0
  UpdateMTime: 1592
  RealTimeStamp: 0 seconds 
  LargestPossibleRegion: 
    Dimension: 3
    Index: [0, 0, 0]
    Size: [176, 240, 256]
  BufferedRegion: 
    Dimension: 3
    Index: [0, 0, 0]
    Size: [176, 240, 256]
  RequestedRegion: 
    Dimension: 3
    Index: [0, 0, 0]
    Size: [176, 240, 256]
  Spacing: [0.999999, 1, 1]
  Origin: [93.3499, 86.9368, -128.957]
  Direction: 
-0.999513 -0.0279216 -0.0139567
0.0279189 -0.99961 0.000389866
-0.0139622 2.01492e-08 0.999903

  IndexToPointMatrix: 
-0.999512 -0.0279216 -0.0139567
0.0279189 -0.99961 0.000389866
-0.0139621 2.01492e-08 0.999903

  PointToIndexMatrix: 
-0.999514 0.0279189 -0.0139622
-0.0279216 -0.99961 2.01716e-08
-0.0139567 0.000389866 0.999903

  Inverse Direction: 
-0.999513 0.0279189 -0.0139622
-0.0279216 -0.99961 2.01716e-08
-0.0139567 0.000389866 0.999903

  PixelContainer: 
    ImportImageContainer (0x358c390)
      RTTI typeinfo:   itk::ImportImageContainer<unsigned long, double>
      Reference Count: 1
      Modified Time: 1589
      Debug: Off
      Object Name: 
      Observers: 
        none
      Pointer: 0x1466ceb2a010
      Container manages memory: true
      Size: 10813440
      Capacity: 10813440

     Weighting = 1
     Sampling strategy = regular
     Number of bins = 32
     Radius = 4
     Sampling percentage  = 0.25
   Transform = Affine
     Gradient step = 0.1
     Update field sigma (voxel space) = 0
     Total field sigma (voxel space) = 0
     Update field time sigma = 0
     Total field time sigma  = 0
     Number of time indices = 0
     Number of time point samples = 0
Registration using 1 total stages.

Stage 0
  iterations = 1000x500x250x100
  convergence threshold = 1e-06
  convergence window size = 10
  number of levels = 4
  using the Mattes MI metric (number of bins = 32, weight = 1, use gradient filter = 0)
  preprocessing:  winsorizing the image intensities
  Shrink factors (level 1 out of 4): [8, 8, 8]
  Shrink factors (level 2 out of 4): [4, 4, 4]
  Shrink factors (level 3 out of 4): [2, 2, 2]
  Shrink factors (level 4 out of 4): [1, 1, 1]
  smoothing sigmas per level: [3, 2, 1, 0]
  regular sampling (percentage = 0.25)

*** Running AffineTransform registration ***

DIAGNOSTIC,Iteration,metricValue,convergenceValue,ITERATION_TIME_INDEX,SINCE_LAST
 2DIAGNOSTIC,     1, -6.608338472795e-01, 1.797693134862e+308, 9.8773e-01, 9.8773e-01, 
 2DIAGNOSTIC,     2, -6.634143894508e-01, 1.797693134862e+308, 9.9294e-01, 5.2099e-03, 
 2DIAGNOSTIC,     3, -6.672962521651e-01, 1.797693134862e+308, 9.9808e-01, 5.1379e-03, 
 2DIAGNOSTIC,     4, -6.733717002016e-01, 1.797693134862e+308, 1.0034e+00, 5.3420e-03, 
 2DIAGNOSTIC,     5, -6.818587568843e-01, 1.797693134862e+308, 1.0086e+00, 5.1510e-03, 
 2DIAGNOSTIC,     6, -6.947688061006e-01, 1.797693134862e+308, 1.0137e+00, 5.1219e-03, 
 2DIAGNOSTIC,     7, -7.076184582292e-01, 1.797693134862e+308, 1.0197e+00, 5.9571e-03, 
 2DIAGNOSTIC,     8, -7.174796787541e-01, 1.797693134862e+308, 1.0264e+00, 6.7949e-03, 
 2DIAGNOSTIC,     9, -7.188942895191e-01, 1.797693134862e+308, 1.0325e+00, 6.0480e-03, 
 2DIAGNOSTIC,    10, -7.185475767150e-01, 6.570634212071e-03, 1.0382e+00, 5.6698e-03, 
 2DIAGNOSTIC,    11, -7.196576424765e-01, 5.659400517202e-03, 1.0438e+00, 5.6090e-03, 
 2DIAGNOSTIC,    12, -7.210303965390e-01, 4.526402207550e-03, 1.0494e+00, 5.6272e-03, 
 2DIAGNOSTIC,    13, -7.223498141189e-01, 3.325370762776e-03, 1.0549e+00, 5.5468e-03, 
 2DIAGNOSTIC,    14, -7.234120385313e-01, 2.209240167184e-03, 1.0614e+00, 6.4399e-03, 
 2DIAGNOSTIC,    15, -7.245197361012e-01, 1.303551576725e-03, 1.0703e+00, 8.8940e-03, 
 2DIAGNOSTIC,    16, -7.247111759938e-01, 7.205853274821e-04, 1.0758e+00, 5.4700e-03, 
 2DIAGNOSTIC,    17, -7.250044769580e-01, 4.477921112167e-04, 1.0821e+00, 6.3210e-03, 
 2DIAGNOSTIC,    18, -7.254293230999e-01, 3.943783903218e-04, 1.0876e+00, 5.5430e-03, 
 2DIAGNOSTIC,    19, -7.257078154822e-01, 3.465591909709e-04, 1.0932e+00, 5.5869e-03, 
 2DIAGNOSTIC,    20, -7.262400815452e-01, 2.750606295874e-04, 1.0993e+00, 6.1221e-03, 
 2DIAGNOSTIC,    21, -7.264348963636e-01, 2.096734094824e-04, 1.1055e+00, 6.2048e-03, 
 2DIAGNOSTIC,    22, -7.265500085255e-01, 1.579217047145e-04, 1.1119e+00, 6.3522e-03, 
 2DIAGNOSTIC,    23, -7.264215251283e-01, 1.166239891427e-04, 1.1187e+00, 6.8350e-03, 
 2DIAGNOSTIC,    24, -7.264406524720e-01, 8.567163921505e-05, 1.1243e+00, 5.5912e-03, 
 2DIAGNOSTIC,    25, -7.264483120239e-01, 6.707742082446e-05, 1.1299e+00, 5.6181e-03, 
 2DIAGNOSTIC,    26, -7.264568724674e-01, 4.673379030851e-05, 1.1361e+00, 6.1340e-03, 
 2DIAGNOSTIC,    27, -7.265689017664e-01, 2.960543947150e-05, 1.1455e+00, 9.3989e-03, 
 2DIAGNOSTIC,    28, -7.265691676079e-01, 1.710649000533e-05, 1.1510e+00, 5.5130e-03, 
 2DIAGNOSTIC,    29, -7.265704393657e-01, 7.695825734295e-06, 1.1565e+00, 5.5559e-03, 
 2DIAGNOSTIC,    30, -7.265718826594e-01, 5.325223099185e-06, 1.1621e+00, 5.6009e-03, 
 2DIAGNOSTIC,    31, -7.265735600101e-01, 5.165478949194e-06, 1.1676e+00, 5.4989e-03, 
 2DIAGNOSTIC,    32, -7.265757170055e-01, 6.109734175454e-06, 1.1733e+00, 5.7161e-03, 
 2DIAGNOSTIC,    33, -7.265784193506e-01, 4.987625413969e-06, 1.1789e+00, 5.5990e-03, 
 2DIAGNOSTIC,    34, -7.265812950431e-01, 3.828872280780e-06, 1.1846e+00, 5.6331e-03, 
 2DIAGNOSTIC,    35, -7.265853748573e-01, 2.609266268785e-06, 1.1902e+00, 5.5821e-03, 
 2DIAGNOSTIC,    36, -7.267151682732e-01, 2.788086571268e-06, 1.1967e+00, 6.5339e-03, 
 2DIAGNOSTIC,    37, -7.266271103341e-01, 2.995385392866e-06, 1.2032e+00, 6.5219e-03, 
 2DIAGNOSTIC,    38, -7.267319469415e-01, 4.129560620375e-06, 1.2087e+00, 5.4820e-03, 
 2DIAGNOSTIC,    39, -7.267441025314e-01, 5.008399442313e-06, 1.2151e+00, 6.4180e-03, 
 2DIAGNOSTIC,    40, -7.267610005153e-01, 5.615277262287e-06, 1.2210e+00, 5.9249e-03, 
 2DIAGNOSTIC,    41, -7.266672958119e-01, 4.839150315086e-06, 1.2264e+00, 5.4030e-03, 
 2DIAGNOSTIC,    42, -7.266763096948e-01, 3.853939721458e-06, 1.2437e+00, 1.7228e-02, 
 2DIAGNOSTIC,    43, -7.266867849657e-01, 2.737013402341e-06, 1.2517e+00, 8.0621e-03, 
 2DIAGNOSTIC,    44, -7.267176666340e-01, 1.763991469728e-06, 1.2574e+00, 5.6720e-03, 
DIAGNOSTIC,Iteration,metricValue,convergenceValue,ITERATION_TIME_INDEX,SINCE_LAST
 2DIAGNOSTIC,     1, -5.972638008969e-01, 1.797693134862e+308, 2.0467e+00, 7.8933e-01, 
 2DIAGNOSTIC,     2, -5.977619383619e-01, 1.797693134862e+308, 2.0867e+00, 3.9967e-02, 
 2DIAGNOSTIC,     3, -5.984321507331e-01, 1.797693134862e+308, 2.1244e+00, 3.7749e-02, 
 2DIAGNOSTIC,     4, -5.991380885028e-01, 1.797693134862e+308, 2.1630e+00, 3.8552e-02, 
 2DIAGNOSTIC,     5, -5.996230945688e-01, 1.797693134862e+308, 2.2026e+00, 3.9640e-02, 
 2DIAGNOSTIC,     6, -6.001704853757e-01, 1.797693134862e+308, 2.2471e+00, 4.4424e-02, 
 2DIAGNOSTIC,     7, -6.008136500922e-01, 1.797693134862e+308, 2.3047e+00, 5.7596e-02, 
 2DIAGNOSTIC,     8, -6.008163657524e-01, 1.797693134862e+308, 2.3409e+00, 3.6230e-02, 
 2DIAGNOSTIC,     9, -6.008511287436e-01, 1.797693134862e+308, 2.3779e+00, 3.7019e-02, 
 2DIAGNOSTIC,    10, -6.009019686951e-01, 4.242778914171e-04, 2.4137e+00, 3.5800e-02, 
 2DIAGNOSTIC,    11, -6.009971505974e-01, 3.156325031570e-04, 2.4496e+00, 3.5877e-02, 
 2DIAGNOSTIC,    12, -6.011245502654e-01, 2.211087709266e-04, 2.4874e+00, 3.7826e-02, 
 2DIAGNOSTIC,    13, -6.012676394868e-01, 1.507157128298e-04, 2.5223e+00, 3.4901e-02, 
 2DIAGNOSTIC,    14, -6.015473195946e-01, 1.103241970397e-04, 2.5579e+00, 3.5547e-02, 
 2DIAGNOSTIC,    15, -6.023801027909e-01, 1.066368087452e-04, 2.6159e+00, 5.8039e-02, 
 2DIAGNOSTIC,    16, -6.022848480966e-01, 1.060780585327e-04, 2.6620e+00, 4.6100e-02, 
 2DIAGNOSTIC,    17, -6.022801827960e-01, 1.142124472763e-04, 2.7018e+00, 3.9807e-02, 
 2DIAGNOSTIC,    18, -6.022513928496e-01, 1.106364414137e-04, 2.7534e+00, 5.1578e-02, 
 2DIAGNOSTIC,    19, -6.022426420875e-01, 9.781458644108e-05, 2.8023e+00, 4.8945e-02, 
 2DIAGNOSTIC,    20, -6.022444586321e-01, 7.826589086669e-05, 2.8497e+00, 4.7328e-02, 
 2DIAGNOSTIC,    21, -6.022360183487e-01, 5.540711845042e-05, 2.8962e+00, 4.6511e-02, 
 2DIAGNOSTIC,    22, -6.022233693002e-01, 3.235806206137e-05, 2.9370e+00, 4.0796e-02, 
 2DIAGNOSTIC,    23, -6.022190516320e-01, 1.130623518635e-05, 2.9793e+00, 4.2290e-02, 
DIAGNOSTIC,Iteration,metricValue,convergenceValue,ITERATION_TIME_INDEX,SINCE_LAST
 2DIAGNOSTIC,     1, -5.260697039839e-01, 1.797693134862e+308, 4.3318e+00, 1.3526e+00, 
 2DIAGNOSTIC,     2, -5.263181353306e-01, 1.797693134862e+308, 4.6603e+00, 3.2853e-01, 
 2DIAGNOSTIC,     3, -5.265485898470e-01, 1.797693134862e+308, 5.0376e+00, 3.7724e-01, 
 2DIAGNOSTIC,     4, -5.267374327941e-01, 1.797693134862e+308, 5.3890e+00, 3.5139e-01, 
 2DIAGNOSTIC,     5, -5.270390844068e-01, 1.797693134862e+308, 5.7149e+00, 3.2595e-01, 
 2DIAGNOSTIC,     6, -5.274570926324e-01, 1.797693134862e+308, 6.0379e+00, 3.2302e-01, 
 2DIAGNOSTIC,     7, -5.289199061563e-01, 1.797693134862e+308, 6.3748e+00, 3.3683e-01, 
 2DIAGNOSTIC,     8, -5.319022629455e-01, 1.797693134862e+308, 6.8360e+00, 4.6125e-01, 
 2DIAGNOSTIC,     9, -5.319679961636e-01, 1.797693134862e+308, 7.1281e+00, 2.9205e-01, 
 2DIAGNOSTIC,    10, -5.320230627264e-01, 8.494250891235e-04, 7.4573e+00, 3.2923e-01, 
 2DIAGNOSTIC,    11, -5.321822288181e-01, 8.252098138954e-04, 7.8477e+00, 3.9040e-01, 
 2DIAGNOSTIC,    12, -5.321809418817e-01, 7.406474017699e-04, 8.1926e+00, 3.4485e-01, 
 2DIAGNOSTIC,    13, -5.321748525480e-01, 6.098390933682e-04, 8.5955e+00, 4.0299e-01, 
 2DIAGNOSTIC,    14, -5.321794473442e-01, 4.504807408375e-04, 8.9573e+00, 3.6173e-01, 
 2DIAGNOSTIC,    15, -5.321768330542e-01, 2.841309368718e-04, 9.3308e+00, 3.7356e-01, 
 2DIAGNOSTIC,    16, -5.321989018615e-01, 1.273043016404e-04, 9.7488e+00, 4.1796e-01, 
 2DIAGNOSTIC,    17, -5.321988122194e-01, 2.092870355905e-05, 1.0178e+01, 4.2912e-01, 
 2DIAGNOSTIC,    18, -5.322019978504e-01, 1.363009120740e-05, 1.0648e+01, 4.7005e-01, 
 2DIAGNOSTIC,    19, -5.321999565912e-01, 7.816211731744e-06, 1.1006e+01, 3.5829e-01, 
 2DIAGNOSTIC,    20, -5.322004662104e-01, 3.380497086126e-06, 1.1333e+01, 3.2720e-01, 
 2DIAGNOSTIC,    21, -5.322004643438e-01, 3.255535992126e-06, 1.1658e+01, 3.2435e-01, 
 2DIAGNOSTIC,    22, -5.321977892213e-01, 2.885082280732e-06, 1.2014e+01, 3.5669e-01, 
 2DIAGNOSTIC,    23, -5.321959631460e-01, 2.233883798462e-06, 1.2453e+01, 4.3821e-01, 
 2DIAGNOSTIC,    24, -5.321947633336e-01, 1.642002848100e-06, 1.2778e+01, 3.2534e-01, 
DIAGNOSTIC,Iteration,metricValue,convergenceValue,ITERATION_TIME_INDEX,SINCE_LAST
